
==========
== CUDA ==
==========

CUDA Version 12.9.1

Container image Copyright (c) 2016-2023, NVIDIA CORPORATION & AFFILIATES. All rights reserved.

This container image and its contents are governed by the NVIDIA Deep Learning Container License.
By pulling and using the container, you accept the terms and conditions of this license:
https://developer.nvidia.com/ngc/nvidia-deep-learning-container-license

A copy of this license is made available in this container at /NGC-DL-CONTAINER-LICENSE for your convenience.

WARNING: The NVIDIA Driver was not detected.  GPU functionality will not be available.
   Use the NVIDIA Container Toolkit to start this container with GPU support; see
   https://docs.nvidia.com/datacenter/cloud-native/ .

Generating SQLite file /data/p4_memcpy4_pct80_t3.sqlite from /data/p4_memcpy4_pct80_t3.nsys-rep
Processing [/data/p4_memcpy4_pct80_t3.sqlite] with [/opt/nvidia/nsight-systems-cli/2025.3.1/target-linux-x64/reports/cuda_gpu_trace.py]... 
Start (ns),Duration (ns),CorrId,GrdX,GrdY,GrdZ,BlkX,BlkY,BlkZ,Reg/Trd,StcSMem (MB),DymSMem (MB),Bytes (MB),Throughput (MB/s),SrcMemKd,DstMemKd,Device,Ctx,GreenCtx,Strm,Name
995016129,75583,669,,,,,,,,,,1.468,19416.983,Pinned,Device,NVIDIA A100-SXM4-40GB MIG 4g.20gb (0),1,,7,[CUDA memcpy Host-to-Device]
1133161713,1600,1220,,,,,,,,,,0.000,35.000,Pageable,Device,NVIDIA A100-SXM4-40GB MIG 4g.20gb (0),1,,7,[CUDA memcpy Host-to-Device]
1257342894,4992,1829,,,,,,,,,,0.028,5653.832,Pinned,Device,NVIDIA A100-SXM4-40GB MIG 4g.20gb (0),1,,7,[CUDA memcpy Host-to-Device]
1257406542,1824,1834,,,,,,,,,,0.007,3947.364,Pinned,Device,NVIDIA A100-SXM4-40GB MIG 4g.20gb (0),1,,7,[CUDA memcpy Host-to-Device]
1257431149,1760,1839,,,,,,,,,,0.008,4540.903,Pinned,Device,NVIDIA A100-SXM4-40GB MIG 4g.20gb (0),1,,7,[CUDA memcpy Host-to-Device]
1257491725,5439,1844,1,1,1,32,32,1,30,0.000,0.000,,,,,NVIDIA A100-SXM4-40GB MIG 4g.20gb (0),1,,7,"void convert_kernel<__half2, float2>(tensor_layout_any, T1 *, tensor_layout_any, const T2 *)"
1257521772,6816,1850,1,1,1,32,32,1,30,0.000,0.000,,,,,NVIDIA A100-SXM4-40GB MIG 4g.20gb (0),1,,7,"void convert_kernel<__half2, float2>(tensor_layout_any, T1 *, tensor_layout_any, const T2 *)"
1257551596,3968,1856,1,1,1,32,32,1,30,0.000,0.000,,,,,NVIDIA A100-SXM4-40GB MIG 4g.20gb (0),1,,7,"void convert_kernel<__half2, float2>(tensor_layout_any, T1 *, tensor_layout_any, const T2 *)"
1257576971,5056,1862,1,1,1,32,32,1,30,0.000,0.000,,,,,NVIDIA A100-SXM4-40GB MIG 4g.20gb (0),1,,7,"void convert_kernel<__half2, float2>(tensor_layout_any, T1 *, tensor_layout_any, const T2 *)"
1257756009,3072,1868,,,,,,,,,,0.028,9187.476,Pinned,Device,NVIDIA A100-SXM4-40GB MIG 4g.20gb (0),1,,13,[CUDA memcpy Host-to-Device]
1257794217,1760,1874,,,,,,,,,,0.007,4090.903,Pinned,Device,NVIDIA A100-SXM4-40GB MIG 4g.20gb (0),1,,13,[CUDA memcpy Host-to-Device]
1257822568,1760,1880,,,,,,,,,,0.008,4540.903,Pinned,Device,NVIDIA A100-SXM4-40GB MIG 4g.20gb (0),1,,13,[CUDA memcpy Host-to-Device]
1257855816,6016,1886,1,1,1,32,32,1,30,0.000,0.000,,,,,NVIDIA A100-SXM4-40GB MIG 4g.20gb (0),1,,13,"void convert_kernel<__half2, float2>(tensor_layout_any, T1 *, tensor_layout_any, const T2 *)"
1257888200,3584,1893,1,1,1,32,32,1,30,0.000,0.000,,,,,NVIDIA A100-SXM4-40GB MIG 4g.20gb (0),1,,13,"void convert_kernel<__half2, float2>(tensor_layout_any, T1 *, tensor_layout_any, const T2 *)"
1257915207,6816,1900,1,1,1,32,32,1,30,0.000,0.000,,,,,NVIDIA A100-SXM4-40GB MIG 4g.20gb (0),1,,13,"void convert_kernel<__half2, float2>(tensor_layout_any, T1 *, tensor_layout_any, const T2 *)"
1257945031,5024,1907,1,1,1,32,32,1,30,0.000,0.000,,,,,NVIDIA A100-SXM4-40GB MIG 4g.20gb (0),1,,13,"void convert_kernel<__half2, float2>(tensor_layout_any, T1 *, tensor_layout_any, const T2 *)"
1258404641,1824,1918,,,,,,,,,,0.028,15473.667,Device,Device,NVIDIA A100-SXM4-40GB MIG 4g.20gb (0),1,,13,[CUDA memcpy Device-to-Device]
1258415649,1664,1920,,,,,,,,,,0.007,4326.919,Device,Device,NVIDIA A100-SXM4-40GB MIG 4g.20gb (0),1,,13,[CUDA memcpy Device-to-Device]
1258422689,1664,1922,,,,,,,,,,0.008,4802.880,Device,Device,NVIDIA A100-SXM4-40GB MIG 4g.20gb (0),1,,13,[CUDA memcpy Device-to-Device]
1258431553,1952,1924,,,,,,,,,,0.000,98.361,Device,Device,NVIDIA A100-SXM4-40GB MIG 4g.20gb (0),1,,13,[CUDA memcpy Device-to-Device]
1258440001,1440,1926,,,,,,,,,,0.000,66.667,Device,Device,NVIDIA A100-SXM4-40GB MIG 4g.20gb (0),1,,13,[CUDA memcpy Device-to-Device]
1258447521,1728,1928,,,,,,,,,,0.000,224.537,Device,Device,NVIDIA A100-SXM4-40GB MIG 4g.20gb (0),1,,13,[CUDA memcpy Device-to-Device]
1258455233,1408,1930,,,,,,,,,,0.000,139.204,Device,Device,NVIDIA A100-SXM4-40GB MIG 4g.20gb (0),1,,13,[CUDA memcpy Device-to-Device]
1258468928,8960,1931,,,,,,,,,,0.135,15082.124,Pinned,Device,NVIDIA A100-SXM4-40GB MIG 4g.20gb (0),1,,13,[CUDA memcpy Host-to-Device]
1327497449,1344,1941,,,,,,,,,,0.000,41.667,Pageable,Device,NVIDIA A100-SXM4-40GB MIG 4g.20gb (0),1,,7,[CUDA memcpy Host-to-Device]
1327524265,4288,1947,,,,,,,,,,0.028,6582.063,Pinned,Device,NVIDIA A100-SXM4-40GB MIG 4g.20gb (0),1,,7,[CUDA memcpy Host-to-Device]
1327557224,1888,1952,,,,,,,,,,0.007,3813.559,Pinned,Device,NVIDIA A100-SXM4-40GB MIG 4g.20gb (0),1,,7,[CUDA memcpy Host-to-Device]
1327581160,1888,1957,,,,,,,,,,0.008,4233.051,Pinned,Device,NVIDIA A100-SXM4-40GB MIG 4g.20gb (0),1,,7,[CUDA memcpy Host-to-Device]
1327613608,4640,1962,1,1,1,32,32,1,30,0.000,0.000,,,,,NVIDIA A100-SXM4-40GB MIG 4g.20gb (0),1,,7,"void convert_kernel<__half2, float2>(tensor_layout_any, T1 *, tensor_layout_any, const T2 *)"
1327641511,6848,1968,1,1,1,32,32,1,30,0.000,0.000,,,,,NVIDIA A100-SXM4-40GB MIG 4g.20gb (0),1,,7,"void convert_kernel<__half2, float2>(tensor_layout_any, T1 *, tensor_layout_any, const T2 *)"
1327670823,3776,1974,1,1,1,32,32,1,30,0.000,0.000,,,,,NVIDIA A100-SXM4-40GB MIG 4g.20gb (0),1,,7,"void convert_kernel<__half2, float2>(tensor_layout_any, T1 *, tensor_layout_any, const T2 *)"
1327694247,4416,1980,1,1,1,32,32,1,30,0.000,0.000,,,,,NVIDIA A100-SXM4-40GB MIG 4g.20gb (0),1,,7,"void convert_kernel<__half2, float2>(tensor_layout_any, T1 *, tensor_layout_any, const T2 *)"
1328392318,3232,1995,,,,,,,,,,0.000,79.208,Pageable,Array,NVIDIA A100-SXM4-40GB MIG 4g.20gb (0),1,,7,[CUDA memcpy Host-to-Array]
1328398238,2144,1998,,,,,,,,,,0.000,59.701,Pageable,Array,NVIDIA A100-SXM4-40GB MIG 4g.20gb (0),1,,7,[CUDA memcpy Host-to-Array]
1328403390,2112,2001,,,,,,,,,,0.000,30.303,Pageable,Array,NVIDIA A100-SXM4-40GB MIG 4g.20gb (0),1,,7,[CUDA memcpy Host-to-Array]
1328408702,2080,2004,,,,,,,,,,0.000,15.385,Pageable,Array,NVIDIA A100-SXM4-40GB MIG 4g.20gb (0),1,,7,[CUDA memcpy Host-to-Array]
1328474781,1600,2009,,,,,,,,,,0.000,70.000,Pinned,Device,NVIDIA A100-SXM4-40GB MIG 4g.20gb (0),1,,13,[CUDA memcpy Host-to-Device]
1395639901,1600,2019,,,,,,,,,,0.000,35.000,Pageable,Device,NVIDIA A100-SXM4-40GB MIG 4g.20gb (0),1,,7,[CUDA memcpy Host-to-Device]
1395664925,4799,2025,,,,,,,,,,0.028,5881.204,Pinned,Device,NVIDIA A100-SXM4-40GB MIG 4g.20gb (0),1,,7,[CUDA memcpy Host-to-Device]
1395698908,2144,2030,,,,,,,,,,0.007,3358.202,Pinned,Device,NVIDIA A100-SXM4-40GB MIG 4g.20gb (0),1,,7,[CUDA memcpy Host-to-Device]
1395725212,1952,2035,,,,,,,,,,0.008,4094.262,Pinned,Device,NVIDIA A100-SXM4-40GB MIG 4g.20gb (0),1,,7,[CUDA memcpy Host-to-Device]
1395756699,6176,2040,1,1,1,32,32,1,30,0.000,0.000,,,,,NVIDIA A100-SXM4-40GB MIG 4g.20gb (0),1,,7,"void convert_kernel<__half2, float2>(tensor_layout_any, T1 *, tensor_layout_any, const T2 *)"
1395786011,6432,2046,1,1,1,32,32,1,30,0.000,0.000,,,,,NVIDIA A100-SXM4-40GB MIG 4g.20gb (0),1,,7,"void convert_kernel<__half2, float2>(tensor_layout_any, T1 *, tensor_layout_any, const T2 *)"
1395813563,4320,2052,1,1,1,32,32,1,30,0.000,0.000,,,,,NVIDIA A100-SXM4-40GB MIG 4g.20gb (0),1,,7,"void convert_kernel<__half2, float2>(tensor_layout_any, T1 *, tensor_layout_any, const T2 *)"
1395838938,4352,2058,1,1,1,32,32,1,30,0.000,0.000,,,,,NVIDIA A100-SXM4-40GB MIG 4g.20gb (0),1,,7,"void convert_kernel<__half2, float2>(tensor_layout_any, T1 *, tensor_layout_any, const T2 *)"
1396792207,3360,2083,,,,,,,,,,0.000,76.190,Pageable,Array,NVIDIA A100-SXM4-40GB MIG 4g.20gb (0),1,,7,[CUDA memcpy Host-to-Array]
1396798350,2112,2086,,,,,,,,,,0.000,60.606,Pageable,Array,NVIDIA A100-SXM4-40GB MIG 4g.20gb (0),1,,7,[CUDA memcpy Host-to-Array]
1396803598,2272,2089,,,,,,,,,,0.000,28.169,Pageable,Array,NVIDIA A100-SXM4-40GB MIG 4g.20gb (0),1,,7,[CUDA memcpy Host-to-Array]
1396811278,1984,2092,,,,,,,,,,0.000,16.129,Pageable,Array,NVIDIA A100-SXM4-40GB MIG 4g.20gb (0),1,,7,[CUDA memcpy Host-to-Array]
1417992072,13600,2180,1434,1,1,128,1,1,16,0.000,0.000,,,,,NVIDIA A100-SXM4-40GB MIG 4g.20gb (0),1,,13,cupy_copy__complex64_complex64
1418357955,83039,2185,1,1,1,32,32,1,30,0.000,0.000,,,,,NVIDIA A100-SXM4-40GB MIG 4g.20gb (0),1,,13,"void convert_kernel<__half2, float2>(tensor_layout_any, T1 *, tensor_layout_any, const T2 *)"
1418446274,7168,2187,,,,,,,,,,0.094,13071.342,Pinned,Device,NVIDIA A100-SXM4-40GB MIG 4g.20gb (0),1,,13,[CUDA memcpy Host-to-Device]
1418458114,607929,2188,,,,,,,,,,456.561,750587.007,Device,,NVIDIA A100-SXM4-40GB MIG 4g.20gb (0),1,,13,[CUDA memset]
1419072346,163582,2193,,,,,,,,,,1.235,7549.213,Pinned,Device,NVIDIA A100-SXM4-40GB MIG 4g.20gb (0),1,,13,[CUDA memcpy Host-to-Device]
1419241240,38368,2194,,,,,,,,,,0.197,5124.194,Pinned,Device,NVIDIA A100-SXM4-40GB MIG 4g.20gb (0),1,,13,[CUDA memcpy Host-to-Device]
1419301400,9120,2195,69,4,1,48,1,1,76,0.002,0.000,,,,,NVIDIA A100-SXM4-40GB MIG 4g.20gb (0),1,,13,"void ch_est::windowedChEstPreNoDftSOfdmKernel<float, __half, float, (unsigned int)2, (unsigned int)1, (unsigned short)4>(ch_est::puschRxChEstStatDescr_t *, ch_est::puschRxChEstDynDescr_t *)"
1419324727,6816,2196,137,2,1,24,2,1,44,0.001,0.001,,,,,NVIDIA A100-SXM4-40GB MIG 4g.20gb (0),1,,13,"void ch_est::chEstFilterNoDftSOfdmDispatchKernel<float, __half, float, (unsigned int)2>(ch_est::puschRxChEstStatDescr_t *, ch_est::puschRxChEstDynDescr_t *)"
1419339831,6176,2197,137,2,1,24,2,1,44,0.001,0.001,,,,,NVIDIA A100-SXM4-40GB MIG 4g.20gb (0),1,,13,"void ch_est::chEstFilterNoDftSOfdmDispatchKernel<float, __half, float, (unsigned int)2>(ch_est::puschRxChEstStatDescr_t *, ch_est::puschRxChEstDynDescr_t *)"
1419427926,2944,2213,103,1,1,128,1,1,16,0.000,0.000,,,,,NVIDIA A100-SXM4-40GB MIG 4g.20gb (0),1,,13,cupy_copy__complex64_complex64
1419860177,12768,2225,1434,1,1,128,1,1,16,0.000,0.000,,,,,NVIDIA A100-SXM4-40GB MIG 4g.20gb (0),1,,13,cupy_copy__complex64_complex64
1419899728,2656,2232,103,1,1,128,1,1,16,0.000,0.000,,,,,NVIDIA A100-SXM4-40GB MIG 4g.20gb (0),1,,13,cupy_copy__complex64_complex64
1420037167,86334,2239,1,1,1,32,32,1,30,0.000,0.000,,,,,NVIDIA A100-SXM4-40GB MIG 4g.20gb (0),1,,13,"void convert_kernel<__half2, float2>(tensor_layout_any, T1 *, tensor_layout_any, const T2 *)"
1420128845,16480,2241,,,,,,,,,,0.094,5685.380,Pinned,Device,NVIDIA A100-SXM4-40GB MIG 4g.20gb (0),1,,13,[CUDA memcpy Host-to-Device]
1420155661,48031,2242,,,,,,,,,,35.810,745526.724,Device,,NVIDIA A100-SXM4-40GB MIG 4g.20gb (0),1,,13,[CUDA memset]
1420209996,3008,2244,,,,,,,,,,0.000,26.596,Pinned,Device,NVIDIA A100-SXM4-40GB MIG 4g.20gb (0),1,,13,[CUDA memcpy Host-to-Device]
1420216364,17920,2245,,,,,,,,,,0.197,10971.316,Pinned,Device,NVIDIA A100-SXM4-40GB MIG 4g.20gb (0),1,,13,[CUDA memcpy Host-to-Device]
1420241964,10592,2246,273,1,1,48,1,1,40,0.000,0.001,,,,,NVIDIA A100-SXM4-40GB MIG 4g.20gb (0),1,,13,"void pusch_noise_intf_est::noiseIntfEstNoDftSOfdmKernel<float, __half, float, float, (unsigned int)2, (unsigned int)1, (unsigned char)4, (unsigned char)4>(pusch_noise_intf_est::puschRxNoiseIntfEstDynDescr)"
1420255116,2944,2257,35,1,1,128,1,1,16,0.000,0.000,,,,,NVIDIA A100-SXM4-40GB MIG 4g.20gb (0),1,,13,cupy_copy__complex64_complex64
1420545416,1792,2271,1,1,1,1,1,1,18,0.000,0.000,,,,,NVIDIA A100-SXM4-40GB MIG 4g.20gb (0),1,,13,cupy_copy__float32_float32
1420623239,2528,2277,,,,,,,,,,0.000,1.582,Device,Pageable,NVIDIA A100-SXM4-40GB MIG 4g.20gb (0),1,,7,[CUDA memcpy Device-to-Host]
1420717958,12832,2288,1434,1,1,128,1,1,16,0.000,0.000,,,,,NVIDIA A100-SXM4-40GB MIG 4g.20gb (0),1,,13,cupy_copy__complex64_complex64
1420746182,3456,2295,103,1,1,128,1,1,16,0.000,0.000,,,,,NVIDIA A100-SXM4-40GB MIG 4g.20gb (0),1,,13,cupy_copy__complex64_complex64
1420768421,2624,2302,35,1,1,128,1,1,16,0.000,0.000,,,,,NVIDIA A100-SXM4-40GB MIG 4g.20gb (0),1,,13,cupy_copy__complex64_complex64
1420785765,1760,2309,1,1,1,1,1,1,18,0.000,0.000,,,,,NVIDIA A100-SXM4-40GB MIG 4g.20gb (0),1,,13,cupy_copy__float32_float32
1421066818,87935,2320,1,1,1,32,32,1,30,0.000,0.000,,,,,NVIDIA A100-SXM4-40GB MIG 4g.20gb (0),1,,13,"void convert_kernel<__half2, float2>(tensor_layout_any, T1 *, tensor_layout_any, const T2 *)"
1421160609,7552,2322,,,,,,,,,,0.094,12406.756,Pinned,Device,NVIDIA A100-SXM4-40GB MIG 4g.20gb (0),1,,13,[CUDA memcpy Host-to-Device]
1421174496,3968,2323,,,,,,,,,,1.547,389773.994,Device,,NVIDIA A100-SXM4-40GB MIG 4g.20gb (0),1,,13,[CUDA memset]
1421180416,3872,2328,,,,,,,,,,0.031,8082.630,Pinned,Device,NVIDIA A100-SXM4-40GB MIG 4g.20gb (0),1,,13,[CUDA memcpy Host-to-Device]
1421186368,12064,2329,,,,,,,,,,0.197,16297.034,Pinned,Device,NVIDIA A100-SXM4-40GB MIG 4g.20gb (0),1,,13,[CUDA memcpy Host-to-Device]
1421205024,6464,2330,273,1,1,8,4,1,39,0.002,0.000,,,,,NVIDIA A100-SXM4-40GB MIG 4g.20gb (0),1,,13,"void channel_eq::eqMmseCoefCompLowMimoKernel<float, float, float, (unsigned int)4, (unsigned int)1, (unsigned int)4>(const channel_eq::_puschRxChEqStatDescr *, channel_eq::_puschRxChEqCoefCompDynDescr)"
1421213344,5856,2331,273,1,1,12,11,1,51,0.002,0.000,,,,,NVIDIA A100-SXM4-40GB MIG 4g.20gb (0),1,,13,"void channel_eq::eqMmseSoftDemapKernel<float, __half, __half, float, (unsigned int)4, (unsigned short)16383>(channel_eq::_puschRxChEqStatDescr *, channel_eq::_puschRxChEqSoftDemapDynDescr)"
1421221024,280092,2332,1,1,1,32,32,1,30,0.000,0.000,,,,,NVIDIA A100-SXM4-40GB MIG 4g.20gb (0),1,,13,"void convert_kernel<float2, __half2>(tensor_layout_any, T1 *, tensor_layout_any, const T2 *)"
1421588859,10944,2349,2253,1,1,128,1,1,16,0.000,0.000,,,,,NVIDIA A100-SXM4-40GB MIG 4g.20gb (0),1,,13,cupy_copy__float16_float16
1421645403,3584,2358,282,1,1,128,1,1,16,0.000,0.000,,,,,NVIDIA A100-SXM4-40GB MIG 4g.20gb (0),1,,13,cupy_copy__complex64_complex64
1422021430,2048,2372,26,1,1,128,1,1,16,0.000,0.000,,,,,NVIDIA A100-SXM4-40GB MIG 4g.20gb (0),1,,13,cupy_copy__float32_float32
1422077909,3360,2381,103,1,1,128,1,1,16,0.000,0.000,,,,,NVIDIA A100-SXM4-40GB MIG 4g.20gb (0),1,,13,cupy_copy__complex64_complex64
1422152852,11872,2391,1434,1,1,128,1,1,16,0.000,0.000,,,,,NVIDIA A100-SXM4-40GB MIG 4g.20gb (0),1,,13,cupy_copy__complex64_complex64
1422277715,81375,2396,1,1,1,32,32,1,30,0.000,0.000,,,,,NVIDIA A100-SXM4-40GB MIG 4g.20gb (0),1,,13,"void convert_kernel<__half2, float2>(tensor_layout_any, T1 *, tensor_layout_any, const T2 *)"
1422389713,6240,2399,,,,,,,,,,0.094,15015.346,Pinned,Device,NVIDIA A100-SXM4-40GB MIG 4g.20gb (0),1,,13,[CUDA memcpy Host-to-Device]
1422400305,597881,2400,,,,,,,,,,456.561,763370.728,Device,,NVIDIA A100-SXM4-40GB MIG 4g.20gb (0),1,,13,[CUDA memset]
1423006730,119486,2405,,,,,,,,,,1.235,10335.246,Pinned,Device,NVIDIA A100-SXM4-40GB MIG 4g.20gb (0),1,,13,[CUDA memcpy Host-to-Device]
1423132808,17888,2406,,,,,,,,,,0.197,10990.977,Pinned,Device,NVIDIA A100-SXM4-40GB MIG 4g.20gb (0),1,,13,[CUDA memcpy Host-to-Device]
1423159464,8416,2407,69,4,1,48,1,1,76,0.002,0.000,,,,,NVIDIA A100-SXM4-40GB MIG 4g.20gb (0),1,,13,"void ch_est::windowedChEstPreNoDftSOfdmKernel<float, __half, float, (unsigned int)2, (unsigned int)1, (unsigned short)4>(ch_est::puschRxChEstStatDescr_t *, ch_est::puschRxChEstDynDescr_t *)"
1423171016,6400,2408,137,2,1,24,2,1,44,0.001,0.001,,,,,NVIDIA A100-SXM4-40GB MIG 4g.20gb (0),1,,13,"void ch_est::chEstFilterNoDftSOfdmDispatchKernel<float, __half, float, (unsigned int)2>(ch_est::puschRxChEstStatDescr_t *, ch_est::puschRxChEstDynDescr_t *)"
1423179144,5184,2409,137,2,1,24,2,1,44,0.001,0.001,,,,,NVIDIA A100-SXM4-40GB MIG 4g.20gb (0),1,,13,"void ch_est::chEstFilterNoDftSOfdmDispatchKernel<float, __half, float, (unsigned int)2>(ch_est::puschRxChEstStatDescr_t *, ch_est::puschRxChEstDynDescr_t *)"
1423186184,2527,2420,103,1,1,128,1,1,16,0.000,0.000,,,,,NVIDIA A100-SXM4-40GB MIG 4g.20gb (0),1,,13,cupy_copy__complex64_complex64
1423190759,12608,2430,1434,1,1,128,1,1,16,0.000,0.000,,,,,NVIDIA A100-SXM4-40GB MIG 4g.20gb (0),1,,13,cupy_copy__complex64_complex64
1423205063,2624,2437,103,1,1,128,1,1,16,0.000,0.000,,,,,NVIDIA A100-SXM4-40GB MIG 4g.20gb (0),1,,13,cupy_copy__complex64_complex64
1423212583,82047,2444,1,1,1,32,32,1,30,0.000,0.000,,,,,NVIDIA A100-SXM4-40GB MIG 4g.20gb (0),1,,13,"void convert_kernel<__half2, float2>(tensor_layout_any, T1 *, tensor_layout_any, const T2 *)"
1423323942,5760,2447,,,,,,,,,,0.094,16266.656,Pinned,Device,NVIDIA A100-SXM4-40GB MIG 4g.20gb (0),1,,13,[CUDA memcpy Host-to-Device]
1423337350,47103,2448,,,,,,,,,,35.810,760244.602,Device,,NVIDIA A100-SXM4-40GB MIG 4g.20gb (0),1,,13,[CUDA memset]
1423391205,4096,2450,,,,,,,,,,0.000,19.531,Pinned,Device,NVIDIA A100-SXM4-40GB MIG 4g.20gb (0),1,,13,[CUDA memcpy Host-to-Device]
1423400133,10816,2451,,,,,,,,,,0.197,18177.393,Pinned,Device,NVIDIA A100-SXM4-40GB MIG 4g.20gb (0),1,,13,[CUDA memcpy Host-to-Device]
1423419077,10592,2452,273,1,1,48,1,1,40,0.000,0.001,,,,,NVIDIA A100-SXM4-40GB MIG 4g.20gb (0),1,,13,"void pusch_noise_intf_est::noiseIntfEstNoDftSOfdmKernel<float, __half, float, float, (unsigned int)2, (unsigned int)1, (unsigned char)4, (unsigned char)4>(pusch_noise_intf_est::puschRxNoiseIntfEstDynDescr)"
1423432260,2912,2463,35,1,1,128,1,1,16,0.000,0.000,,,,,NVIDIA A100-SXM4-40GB MIG 4g.20gb (0),1,,13,cupy_copy__complex64_complex64
1423454148,1888,2472,1,1,1,1,1,1,18,0.000,0.000,,,,,NVIDIA A100-SXM4-40GB MIG 4g.20gb (0),1,,13,cupy_copy__float32_float32
1423482884,1664,2478,,,,,,,,,,0.000,2.404,Device,Pageable,NVIDIA A100-SXM4-40GB MIG 4g.20gb (0),1,,7,[CUDA memcpy Device-to-Host]
1423545123,12768,2489,1434,1,1,128,1,1,16,0.000,0.000,,,,,NVIDIA A100-SXM4-40GB MIG 4g.20gb (0),1,,13,cupy_copy__complex64_complex64
1423570755,3488,2496,103,1,1,128,1,1,16,0.000,0.000,,,,,NVIDIA A100-SXM4-40GB MIG 4g.20gb (0),1,,13,cupy_copy__complex64_complex64
1423591650,2624,2503,35,1,1,128,1,1,16,0.000,0.000,,,,,NVIDIA A100-SXM4-40GB MIG 4g.20gb (0),1,,13,cupy_copy__complex64_complex64
1423608770,1856,2510,1,1,1,1,1,1,18,0.000,0.000,,,,,NVIDIA A100-SXM4-40GB MIG 4g.20gb (0),1,,13,cupy_copy__float32_float32
1423748929,87230,2521,1,1,1,32,32,1,30,0.000,0.000,,,,,NVIDIA A100-SXM4-40GB MIG 4g.20gb (0),1,,13,"void convert_kernel<__half2, float2>(tensor_layout_any, T1 *, tensor_layout_any, const T2 *)"
1423864607,6016,2524,,,,,,,,,,0.094,15574.430,Pinned,Device,NVIDIA A100-SXM4-40GB MIG 4g.20gb (0),1,,13,[CUDA memcpy Host-to-Device]
1423878783,3488,2525,,,,,,,,,,1.547,443412.461,Device,,NVIDIA A100-SXM4-40GB MIG 4g.20gb (0),1,,13,[CUDA memset]
1423885919,3200,2530,,,,,,,,,,0.031,9780.000,Pinned,Device,NVIDIA A100-SXM4-40GB MIG 4g.20gb (0),1,,13,[CUDA memcpy Host-to-Device]
1423891711,9760,2531,,,,,,,,,,0.197,20144.259,Pinned,Device,NVIDIA A100-SXM4-40GB MIG 4g.20gb (0),1,,13,[CUDA memcpy Host-to-Device]
1423906463,6336,2532,273,1,1,8,4,1,39,0.002,0.000,,,,,NVIDIA A100-SXM4-40GB MIG 4g.20gb (0),1,,13,"void channel_eq::eqMmseCoefCompLowMimoKernel<float, float, float, (unsigned int)4, (unsigned int)1, (unsigned int)4>(const channel_eq::_puschRxChEqStatDescr *, channel_eq::_puschRxChEqCoefCompDynDescr)"
1423916734,5600,2533,273,1,1,12,11,1,51,0.002,0.000,,,,,NVIDIA A100-SXM4-40GB MIG 4g.20gb (0),1,,13,"void channel_eq::eqMmseSoftDemapKernel<float, __half, __half, float, (unsigned int)4, (unsigned short)16383>(channel_eq::_puschRxChEqStatDescr *, channel_eq::_puschRxChEqSoftDemapDynDescr)"
1423925470,279549,2534,1,1,1,32,32,1,30,0.000,0.000,,,,,NVIDIA A100-SXM4-40GB MIG 4g.20gb (0),1,,13,"void convert_kernel<float2, __half2>(tensor_layout_any, T1 *, tensor_layout_any, const T2 *)"
1424207035,10944,2546,2253,1,1,128,1,1,16,0.000,0.000,,,,,NVIDIA A100-SXM4-40GB MIG 4g.20gb (0),1,,13,cupy_copy__float16_float16
1424221947,3552,2555,282,1,1,128,1,1,16,0.000,0.000,,,,,NVIDIA A100-SXM4-40GB MIG 4g.20gb (0),1,,13,cupy_copy__complex64_complex64
1424228763,2336,2564,26,1,1,128,1,1,16,0.000,0.000,,,,,NVIDIA A100-SXM4-40GB MIG 4g.20gb (0),1,,13,cupy_copy__float32_float32
1424232091,2784,2573,103,1,1,128,1,1,16,0.000,0.000,,,,,NVIDIA A100-SXM4-40GB MIG 4g.20gb (0),1,,13,cupy_copy__complex64_complex64
1424237978,12224,2583,1434,1,1,128,1,1,16,0.000,0.000,,,,,NVIDIA A100-SXM4-40GB MIG 4g.20gb (0),1,,13,cupy_copy__complex64_complex64
1424271354,82815,2588,1,1,1,32,32,1,30,0.000,0.000,,,,,NVIDIA A100-SXM4-40GB MIG 4g.20gb (0),1,,13,"void convert_kernel<__half2, float2>(tensor_layout_any, T1 *, tensor_layout_any, const T2 *)"
1424381593,5824,2591,,,,,,,,,,0.094,16087.884,Pinned,Device,NVIDIA A100-SXM4-40GB MIG 4g.20gb (0),1,,13,[CUDA memcpy Host-to-Device]
1424391577,597464,2592,,,,,,,,,,456.561,763827.289,Device,,NVIDIA A100-SXM4-40GB MIG 4g.20gb (0),1,,13,[CUDA memset]
1424996113,159198,2597,,,,,,,,,,1.235,7756.683,Pinned,Device,NVIDIA A100-SXM4-40GB MIG 4g.20gb (0),1,,13,[CUDA memcpy Host-to-Device]
1425166735,38816,2598,,,,,,,,,,0.197,5065.015,Pinned,Device,NVIDIA A100-SXM4-40GB MIG 4g.20gb (0),1,,13,[CUDA memcpy Host-to-Device]
1425245582,7840,2599,69,4,1,48,1,1,76,0.002,0.000,,,,,NVIDIA A100-SXM4-40GB MIG 4g.20gb (0),1,,13,"void ch_est::windowedChEstPreNoDftSOfdmKernel<float, __half, float, (unsigned int)2, (unsigned int)1, (unsigned short)4>(ch_est::puschRxChEstStatDescr_t *, ch_est::puschRxChEstDynDescr_t *)"
1425264430,6848,2600,137,2,1,24,2,1,44,0.001,0.001,,,,,NVIDIA A100-SXM4-40GB MIG 4g.20gb (0),1,,13,"void ch_est::chEstFilterNoDftSOfdmDispatchKernel<float, __half, float, (unsigned int)2>(ch_est::puschRxChEstStatDescr_t *, ch_est::puschRxChEstDynDescr_t *)"
1425281166,5215,2601,137,2,1,24,2,1,44,0.001,0.001,,,,,NVIDIA A100-SXM4-40GB MIG 4g.20gb (0),1,,13,"void ch_est::chEstFilterNoDftSOfdmDispatchKernel<float, __half, float, (unsigned int)2>(ch_est::puschRxChEstStatDescr_t *, ch_est::puschRxChEstDynDescr_t *)"
1425295693,2688,2612,103,1,1,128,1,1,16,0.000,0.000,,,,,NVIDIA A100-SXM4-40GB MIG 4g.20gb (0),1,,13,cupy_copy__complex64_complex64
1425309901,13056,2622,1434,1,1,128,1,1,16,0.000,0.000,,,,,NVIDIA A100-SXM4-40GB MIG 4g.20gb (0),1,,13,cupy_copy__complex64_complex64
1425325549,2912,2629,103,1,1,128,1,1,16,0.000,0.000,,,,,NVIDIA A100-SXM4-40GB MIG 4g.20gb (0),1,,13,cupy_copy__complex64_complex64
1425341421,82687,2636,1,1,1,32,32,1,30,0.000,0.000,,,,,NVIDIA A100-SXM4-40GB MIG 4g.20gb (0),1,,13,"void convert_kernel<__half2, float2>(tensor_layout_any, T1 *, tensor_layout_any, const T2 *)"
1425452171,5888,2639,,,,,,,,,,0.094,15912.954,Pinned,Device,NVIDIA A100-SXM4-40GB MIG 4g.20gb (0),1,,13,[CUDA memcpy Host-to-Device]
1425464363,46816,2640,,,,,,,,,,35.810,764899.891,Device,,NVIDIA A100-SXM4-40GB MIG 4g.20gb (0),1,,13,[CUDA memset]
1425517003,3424,2642,,,,,,,,,,0.000,23.364,Pinned,Device,NVIDIA A100-SXM4-40GB MIG 4g.20gb (0),1,,13,[CUDA memcpy Host-to-Device]
1425524523,11583,2643,,,,,,,,,,0.197,16973.758,Pinned,Device,NVIDIA A100-SXM4-40GB MIG 4g.20gb (0),1,,13,[CUDA memcpy Host-to-Device]
1425544586,11008,2644,273,1,1,48,1,1,40,0.000,0.001,,,,,NVIDIA A100-SXM4-40GB MIG 4g.20gb (0),1,,13,"void pusch_noise_intf_est::noiseIntfEstNoDftSOfdmKernel<float, __half, float, float, (unsigned int)2, (unsigned int)1, (unsigned char)4, (unsigned char)4>(pusch_noise_intf_est::puschRxNoiseIntfEstDynDescr)"
1425560586,2784,2655,35,1,1,128,1,1,16,0.000,0.000,,,,,NVIDIA A100-SXM4-40GB MIG 4g.20gb (0),1,,13,cupy_copy__complex64_complex64
1425574314,1920,2664,1,1,1,1,1,1,18,0.000,0.000,,,,,NVIDIA A100-SXM4-40GB MIG 4g.20gb (0),1,,13,cupy_copy__float32_float32
1425604042,1568,2670,,,,,,,,,,0.000,2.551,Device,Pageable,NVIDIA A100-SXM4-40GB MIG 4g.20gb (0),1,,7,[CUDA memcpy Device-to-Host]
1425663465,13088,2681,1434,1,1,128,1,1,16,0.000,0.000,,,,,NVIDIA A100-SXM4-40GB MIG 4g.20gb (0),1,,13,cupy_copy__complex64_complex64
1425690088,2752,2688,103,1,1,128,1,1,16,0.000,0.000,,,,,NVIDIA A100-SXM4-40GB MIG 4g.20gb (0),1,,13,cupy_copy__complex64_complex64
1425710632,2624,2695,35,1,1,128,1,1,16,0.000,0.000,,,,,NVIDIA A100-SXM4-40GB MIG 4g.20gb (0),1,,13,cupy_copy__complex64_complex64
1425728296,1920,2702,1,1,1,1,1,1,18,0.000,0.000,,,,,NVIDIA A100-SXM4-40GB MIG 4g.20gb (0),1,,13,cupy_copy__float32_float32
1425863430,82015,2713,1,1,1,32,32,1,30,0.000,0.000,,,,,NVIDIA A100-SXM4-40GB MIG 4g.20gb (0),1,,13,"void convert_kernel<__half2, float2>(tensor_layout_any, T1 *, tensor_layout_any, const T2 *)"
1425973829,5600,2716,,,,,,,,,,0.094,16731.388,Pinned,Device,NVIDIA A100-SXM4-40GB MIG 4g.20gb (0),1,,13,[CUDA memcpy Host-to-Device]
1425988773,3136,2717,,,,,,,,,,1.547,493182.821,Device,,NVIDIA A100-SXM4-40GB MIG 4g.20gb (0),1,,13,[CUDA memset]
1425995973,3392,2722,,,,,,,,,,0.031,9226.405,Pinned,Device,NVIDIA A100-SXM4-40GB MIG 4g.20gb (0),1,,13,[CUDA memcpy Host-to-Device]
1426001445,9536,2723,,,,,,,,,,0.197,20617.298,Pinned,Device,NVIDIA A100-SXM4-40GB MIG 4g.20gb (0),1,,13,[CUDA memcpy Host-to-Device]
1426016068,6240,2724,273,1,1,8,4,1,39,0.002,0.000,,,,,NVIDIA A100-SXM4-40GB MIG 4g.20gb (0),1,,13,"void channel_eq::eqMmseCoefCompLowMimoKernel<float, float, float, (unsigned int)4, (unsigned int)1, (unsigned int)4>(const channel_eq::_puschRxChEqStatDescr *, channel_eq::_puschRxChEqCoefCompDynDescr)"
1426025124,6304,2725,273,1,1,12,11,1,51,0.002,0.000,,,,,NVIDIA A100-SXM4-40GB MIG 4g.20gb (0),1,,13,"void channel_eq::eqMmseSoftDemapKernel<float, __half, __half, float, (unsigned int)4, (unsigned short)16383>(channel_eq::_puschRxChEqStatDescr *, channel_eq::_puschRxChEqSoftDemapDynDescr)"
1426032356,282749,2726,1,1,1,32,32,1,30,0.000,0.000,,,,,NVIDIA A100-SXM4-40GB MIG 4g.20gb (0),1,,13,"void convert_kernel<float2, __half2>(tensor_layout_any, T1 *, tensor_layout_any, const T2 *)"
1426316193,11040,2738,2253,1,1,128,1,1,16,0.000,0.000,,,,,NVIDIA A100-SXM4-40GB MIG 4g.20gb (0),1,,13,cupy_copy__float16_float16
1426329665,3168,2747,282,1,1,128,1,1,16,0.000,0.000,,,,,NVIDIA A100-SXM4-40GB MIG 4g.20gb (0),1,,13,cupy_copy__complex64_complex64
1426335393,2111,2756,26,1,1,128,1,1,16,0.000,0.000,,,,,NVIDIA A100-SXM4-40GB MIG 4g.20gb (0),1,,13,cupy_copy__float32_float32
1426338848,3456,2765,103,1,1,128,1,1,16,0.000,0.000,,,,,NVIDIA A100-SXM4-40GB MIG 4g.20gb (0),1,,13,cupy_copy__complex64_complex64
1426343360,11968,2775,1434,1,1,128,1,1,16,0.000,0.000,,,,,NVIDIA A100-SXM4-40GB MIG 4g.20gb (0),1,,13,cupy_copy__complex64_complex64
1426365056,86975,2780,1,1,1,32,32,1,30,0.000,0.000,,,,,NVIDIA A100-SXM4-40GB MIG 4g.20gb (0),1,,13,"void convert_kernel<__half2, float2>(tensor_layout_any, T1 *, tensor_layout_any, const T2 *)"
1426479519,5408,2783,,,,,,,,,,0.094,17325.421,Pinned,Device,NVIDIA A100-SXM4-40GB MIG 4g.20gb (0),1,,13,[CUDA memcpy Host-to-Device]
1426490751,596664,2784,,,,,,,,,,456.561,764740.412,Device,,NVIDIA A100-SXM4-40GB MIG 4g.20gb (0),1,,13,[CUDA memset]
1427095031,155902,2789,,,,,,,,,,1.235,7920.931,Pinned,Device,NVIDIA A100-SXM4-40GB MIG 4g.20gb (0),1,,13,[CUDA memcpy Host-to-Device]
1427265109,39231,2790,,,,,,,,,,0.197,5011.538,Pinned,Device,NVIDIA A100-SXM4-40GB MIG 4g.20gb (0),1,,13,[CUDA memcpy Host-to-Device]
1427329012,8256,2791,69,4,1,48,1,1,76,0.002,0.000,,,,,NVIDIA A100-SXM4-40GB MIG 4g.20gb (0),1,,13,"void ch_est::windowedChEstPreNoDftSOfdmKernel<float, __half, float, (unsigned int)2, (unsigned int)1, (unsigned short)4>(ch_est::puschRxChEstStatDescr_t *, ch_est::puschRxChEstDynDescr_t *)"
1427350932,6656,2792,137,2,1,24,2,1,44,0.001,0.001,,,,,NVIDIA A100-SXM4-40GB MIG 4g.20gb (0),1,,13,"void ch_est::chEstFilterNoDftSOfdmDispatchKernel<float, __half, float, (unsigned int)2>(ch_est::puschRxChEstStatDescr_t *, ch_est::puschRxChEstDynDescr_t *)"
1427370900,4640,2793,137,2,1,24,2,1,44,0.001,0.001,,,,,NVIDIA A100-SXM4-40GB MIG 4g.20gb (0),1,,13,"void ch_est::chEstFilterNoDftSOfdmDispatchKernel<float, __half, float, (unsigned int)2>(ch_est::puschRxChEstStatDescr_t *, ch_est::puschRxChEstDynDescr_t *)"
1427388499,2624,2804,103,1,1,128,1,1,16,0.000,0.000,,,,,NVIDIA A100-SXM4-40GB MIG 4g.20gb (0),1,,13,cupy_copy__complex64_complex64
1427404883,12416,2814,1434,1,1,128,1,1,16,0.000,0.000,,,,,NVIDIA A100-SXM4-40GB MIG 4g.20gb (0),1,,13,cupy_copy__complex64_complex64
1427426643,2528,2821,103,1,1,128,1,1,16,0.000,0.000,,,,,NVIDIA A100-SXM4-40GB MIG 4g.20gb (0),1,,13,cupy_copy__complex64_complex64
1427449619,89407,2828,1,1,1,32,32,1,30,0.000,0.000,,,,,NVIDIA A100-SXM4-40GB MIG 4g.20gb (0),1,,13,"void convert_kernel<__half2, float2>(tensor_layout_any, T1 *, tensor_layout_any, const T2 *)"
1427568081,26400,2831,,,,,,,,,,0.094,3549.017,Pinned,Device,NVIDIA A100-SXM4-40GB MIG 4g.20gb (0),1,,13,[CUDA memcpy Host-to-Device]
1427604721,47583,2832,,,,,,,,,,35.810,752545.469,Device,,NVIDIA A100-SXM4-40GB MIG 4g.20gb (0),1,,13,[CUDA memset]
1427659664,10336,2834,,,,,,,,,,0.000,7.740,Pinned,Device,NVIDIA A100-SXM4-40GB MIG 4g.20gb (0),1,,13,[CUDA memcpy Host-to-Device]
1427675632,17216,2835,,,,,,,,,,0.197,11419.976,Pinned,Device,NVIDIA A100-SXM4-40GB MIG 4g.20gb (0),1,,13,[CUDA memcpy Host-to-Device]
1427714831,10304,2836,273,1,1,48,1,1,40,0.000,0.001,,,,,NVIDIA A100-SXM4-40GB MIG 4g.20gb (0),1,,13,"void pusch_noise_intf_est::noiseIntfEstNoDftSOfdmKernel<float, __half, float, float, (unsigned int)2, (unsigned int)1, (unsigned char)4, (unsigned char)4>(pusch_noise_intf_est::puschRxNoiseIntfEstDynDescr)"
1427732847,3040,2847,35,1,1,128,1,1,16,0.000,0.000,,,,,NVIDIA A100-SXM4-40GB MIG 4g.20gb (0),1,,13,cupy_copy__complex64_complex64
1427742351,1856,2856,1,1,1,1,1,1,18,0.000,0.000,,,,,NVIDIA A100-SXM4-40GB MIG 4g.20gb (0),1,,13,cupy_copy__float32_float32
1427744623,2560,2862,,,,,,,,,,0.000,1.562,Device,Pageable,NVIDIA A100-SXM4-40GB MIG 4g.20gb (0),1,,7,[CUDA memcpy Device-to-Host]
1427809038,12832,2873,1434,1,1,128,1,1,16,0.000,0.000,,,,,NVIDIA A100-SXM4-40GB MIG 4g.20gb (0),1,,13,cupy_copy__complex64_complex64
1427838222,3424,2880,103,1,1,128,1,1,16,0.000,0.000,,,,,NVIDIA A100-SXM4-40GB MIG 4g.20gb (0),1,,13,cupy_copy__complex64_complex64
1427861934,2592,2887,35,1,1,128,1,1,16,0.000,0.000,,,,,NVIDIA A100-SXM4-40GB MIG 4g.20gb (0),1,,13,cupy_copy__complex64_complex64
1427878893,1760,2894,1,1,1,1,1,1,18,0.000,0.000,,,,,NVIDIA A100-SXM4-40GB MIG 4g.20gb (0),1,,13,cupy_copy__float32_float32
1428013644,86591,2905,1,1,1,32,32,1,30,0.000,0.000,,,,,NVIDIA A100-SXM4-40GB MIG 4g.20gb (0),1,,13,"void convert_kernel<__half2, float2>(tensor_layout_any, T1 *, tensor_layout_any, const T2 *)"
1428128490,5760,2908,,,,,,,,,,0.094,16266.656,Pinned,Device,NVIDIA A100-SXM4-40GB MIG 4g.20gb (0),1,,13,[CUDA memcpy Host-to-Device]
1428142538,3552,2909,,,,,,,,,,1.547,435422.601,Device,,NVIDIA A100-SXM4-40GB MIG 4g.20gb (0),1,,13,[CUDA memset]
1428149514,3008,2914,,,,,,,,,,0.031,10404.230,Pinned,Device,NVIDIA A100-SXM4-40GB MIG 4g.20gb (0),1,,13,[CUDA memcpy Host-to-Device]
1428155146,9984,2915,,,,,,,,,,0.197,19692.257,Pinned,Device,NVIDIA A100-SXM4-40GB MIG 4g.20gb (0),1,,13,[CUDA memcpy Host-to-Device]
1428170666,6560,2916,273,1,1,8,4,1,39,0.002,0.000,,,,,NVIDIA A100-SXM4-40GB MIG 4g.20gb (0),1,,13,"void channel_eq::eqMmseCoefCompLowMimoKernel<float, float, float, (unsigned int)4, (unsigned int)1, (unsigned int)4>(const channel_eq::_puschRxChEqStatDescr *, channel_eq::_puschRxChEqCoefCompDynDescr)"
1428179370,6240,2917,273,1,1,12,11,1,51,0.002,0.000,,,,,NVIDIA A100-SXM4-40GB MIG 4g.20gb (0),1,,13,"void channel_eq::eqMmseSoftDemapKernel<float, __half, __half, float, (unsigned int)4, (unsigned short)16383>(channel_eq::_puschRxChEqStatDescr *, channel_eq::_puschRxChEqSoftDemapDynDescr)"
1428187082,289756,2918,1,1,1,32,32,1,30,0.000,0.000,,,,,NVIDIA A100-SXM4-40GB MIG 4g.20gb (0),1,,13,"void convert_kernel<float2, __half2>(tensor_layout_any, T1 *, tensor_layout_any, const T2 *)"
1428477926,10944,2930,2253,1,1,128,1,1,16,0.000,0.000,,,,,NVIDIA A100-SXM4-40GB MIG 4g.20gb (0),1,,13,cupy_copy__float16_float16
1428491910,3712,2939,282,1,1,128,1,1,16,0.000,0.000,,,,,NVIDIA A100-SXM4-40GB MIG 4g.20gb (0),1,,13,cupy_copy__complex64_complex64
1428498406,2112,2948,26,1,1,128,1,1,16,0.000,0.000,,,,,NVIDIA A100-SXM4-40GB MIG 4g.20gb (0),1,,13,cupy_copy__float32_float32
1428501542,3968,2957,103,1,1,128,1,1,16,0.000,0.000,,,,,NVIDIA A100-SXM4-40GB MIG 4g.20gb (0),1,,13,cupy_copy__complex64_complex64
1428508198,12095,2967,1434,1,1,128,1,1,16,0.000,0.000,,,,,NVIDIA A100-SXM4-40GB MIG 4g.20gb (0),1,,13,cupy_copy__complex64_complex64
1428521989,81599,2972,1,1,1,32,32,1,30,0.000,0.000,,,,,NVIDIA A100-SXM4-40GB MIG 4g.20gb (0),1,,13,"void convert_kernel<__half2, float2>(tensor_layout_any, T1 *, tensor_layout_any, const T2 *)"
1428632452,5920,2975,,,,,,,,,,0.094,15826.941,Pinned,Device,NVIDIA A100-SXM4-40GB MIG 4g.20gb (0),1,,13,[CUDA memcpy Host-to-Device]
1428643236,596793,2976,,,,,,,,,,456.561,764740.412,Device,,NVIDIA A100-SXM4-40GB MIG 4g.20gb (0),1,,13,[CUDA memset]
1429249756,160798,2981,,,,,,,,,,1.235,7678.882,Pinned,Device,NVIDIA A100-SXM4-40GB MIG 4g.20gb (0),1,,13,[CUDA memcpy Host-to-Device]
1429423226,42848,2982,,,,,,,,,,0.197,4588.438,Pinned,Device,NVIDIA A100-SXM4-40GB MIG 4g.20gb (0),1,,13,[CUDA memcpy Host-to-Device]
1429495289,8224,2983,69,4,1,48,1,1,76,0.002,0.000,,,,,NVIDIA A100-SXM4-40GB MIG 4g.20gb (0),1,,13,"void ch_est::windowedChEstPreNoDftSOfdmKernel<float, __half, float, (unsigned int)2, (unsigned int)1, (unsigned short)4>(ch_est::puschRxChEstStatDescr_t *, ch_est::puschRxChEstDynDescr_t *)"
1429514329,6400,2984,137,2,1,24,2,1,44,0.001,0.001,,,,,NVIDIA A100-SXM4-40GB MIG 4g.20gb (0),1,,13,"void ch_est::chEstFilterNoDftSOfdmDispatchKernel<float, __half, float, (unsigned int)2>(ch_est::puschRxChEstStatDescr_t *, ch_est::puschRxChEstDynDescr_t *)"
1429531001,4704,2985,137,2,1,24,2,1,44,0.001,0.001,,,,,NVIDIA A100-SXM4-40GB MIG 4g.20gb (0),1,,13,"void ch_est::chEstFilterNoDftSOfdmDispatchKernel<float, __half, float, (unsigned int)2>(ch_est::puschRxChEstStatDescr_t *, ch_est::puschRxChEstDynDescr_t *)"
1429550105,2592,2996,103,1,1,128,1,1,16,0.000,0.000,,,,,NVIDIA A100-SXM4-40GB MIG 4g.20gb (0),1,,13,cupy_copy__complex64_complex64
1429566872,12352,3006,1434,1,1,128,1,1,16,0.000,0.000,,,,,NVIDIA A100-SXM4-40GB MIG 4g.20gb (0),1,,13,cupy_copy__complex64_complex64
1429586360,2944,3013,103,1,1,128,1,1,16,0.000,0.000,,,,,NVIDIA A100-SXM4-40GB MIG 4g.20gb (0),1,,13,cupy_copy__complex64_complex64
1429606808,98719,3020,1,1,1,32,32,1,30,0.000,0.000,,,,,NVIDIA A100-SXM4-40GB MIG 4g.20gb (0),1,,13,"void convert_kernel<__half2, float2>(tensor_layout_any, T1 *, tensor_layout_any, const T2 *)"
1429736854,30208,3023,,,,,,,,,,0.094,3101.619,Pinned,Device,NVIDIA A100-SXM4-40GB MIG 4g.20gb (0),1,,13,[CUDA memcpy Host-to-Device]
1429797750,47039,3024,,,,,,,,,,35.810,761247.279,Device,,NVIDIA A100-SXM4-40GB MIG 4g.20gb (0),1,,13,[CUDA memset]
1429852469,10656,3026,,,,,,,,,,0.000,7.507,Pinned,Device,NVIDIA A100-SXM4-40GB MIG 4g.20gb (0),1,,13,[CUDA memcpy Host-to-Device]
1429869941,34175,3027,,,,,,,,,,0.197,5752.947,Pinned,Device,NVIDIA A100-SXM4-40GB MIG 4g.20gb (0),1,,13,[CUDA memcpy Host-to-Device]
1429928308,9088,3028,273,1,1,48,1,1,40,0.000,0.001,,,,,NVIDIA A100-SXM4-40GB MIG 4g.20gb (0),1,,13,"void pusch_noise_intf_est::noiseIntfEstNoDftSOfdmKernel<float, __half, float, float, (unsigned int)2, (unsigned int)1, (unsigned char)4, (unsigned char)4>(pusch_noise_intf_est::puschRxNoiseIntfEstDynDescr)"
1429947956,2688,3039,35,1,1,128,1,1,16,0.000,0.000,,,,,NVIDIA A100-SXM4-40GB MIG 4g.20gb (0),1,,13,cupy_copy__complex64_complex64
1429964308,1792,3048,1,1,1,1,1,1,18,0.000,0.000,,,,,NVIDIA A100-SXM4-40GB MIG 4g.20gb (0),1,,13,cupy_copy__float32_float32
1429973715,6400,3054,,,,,,,,,,0.000,0.625,Device,Pageable,NVIDIA A100-SXM4-40GB MIG 4g.20gb (0),1,,7,[CUDA memcpy Device-to-Host]
1430071250,12672,3065,1434,1,1,128,1,1,16,0.000,0.000,,,,,NVIDIA A100-SXM4-40GB MIG 4g.20gb (0),1,,13,cupy_copy__complex64_complex64
1430091794,3488,3072,103,1,1,128,1,1,16,0.000,0.000,,,,,NVIDIA A100-SXM4-40GB MIG 4g.20gb (0),1,,13,cupy_copy__complex64_complex64
1430109362,2496,3079,35,1,1,128,1,1,16,0.000,0.000,,,,,NVIDIA A100-SXM4-40GB MIG 4g.20gb (0),1,,13,cupy_copy__complex64_complex64
1430125042,1888,3086,1,1,1,1,1,1,18,0.000,0.000,,,,,NVIDIA A100-SXM4-40GB MIG 4g.20gb (0),1,,13,cupy_copy__float32_float32
1430252912,89183,3097,1,1,1,32,32,1,30,0.000,0.000,,,,,NVIDIA A100-SXM4-40GB MIG 4g.20gb (0),1,,13,"void convert_kernel<__half2, float2>(tensor_layout_any, T1 *, tensor_layout_any, const T2 *)"
1430370383,5631,3100,,,,,,,,,,0.094,16639.285,Pinned,Device,NVIDIA A100-SXM4-40GB MIG 4g.20gb (0),1,,13,[CUDA memcpy Host-to-Device]
1430385742,3392,3101,,,,,,,,,,1.547,455961.768,Device,,NVIDIA A100-SXM4-40GB MIG 4g.20gb (0),1,,13,[CUDA memset]
1430392142,3552,3106,,,,,,,,,,0.031,8810.794,Pinned,Device,NVIDIA A100-SXM4-40GB MIG 4g.20gb (0),1,,13,[CUDA memcpy Host-to-Device]
1430397870,10016,3107,,,,,,,,,,0.197,19629.343,Pinned,Device,NVIDIA A100-SXM4-40GB MIG 4g.20gb (0),1,,13,[CUDA memcpy Host-to-Device]
1430414894,6176,3108,273,1,1,8,4,1,39,0.002,0.000,,,,,NVIDIA A100-SXM4-40GB MIG 4g.20gb (0),1,,13,"void channel_eq::eqMmseCoefCompLowMimoKernel<float, float, float, (unsigned int)4, (unsigned int)1, (unsigned int)4>(const channel_eq::_puschRxChEqStatDescr *, channel_eq::_puschRxChEqCoefCompDynDescr)"
1430422062,6112,3109,273,1,1,12,11,1,51,0.002,0.000,,,,,NVIDIA A100-SXM4-40GB MIG 4g.20gb (0),1,,13,"void channel_eq::eqMmseSoftDemapKernel<float, __half, __half, float, (unsigned int)4, (unsigned short)16383>(channel_eq::_puschRxChEqStatDescr *, channel_eq::_puschRxChEqSoftDemapDynDescr)"
1430429422,295004,3110,1,1,1,32,32,1,30,0.000,0.000,,,,,NVIDIA A100-SXM4-40GB MIG 4g.20gb (0),1,,13,"void convert_kernel<float2, __half2>(tensor_layout_any, T1 *, tensor_layout_any, const T2 *)"
1430726250,10976,3122,2253,1,1,128,1,1,16,0.000,0.000,,,,,NVIDIA A100-SXM4-40GB MIG 4g.20gb (0),1,,13,cupy_copy__float16_float16
1430742186,2752,3131,282,1,1,128,1,1,16,0.000,0.000,,,,,NVIDIA A100-SXM4-40GB MIG 4g.20gb (0),1,,13,cupy_copy__complex64_complex64
1430748970,2016,3140,26,1,1,128,1,1,16,0.000,0.000,,,,,NVIDIA A100-SXM4-40GB MIG 4g.20gb (0),1,,13,cupy_copy__float32_float32
1430753290,4640,3149,103,1,1,128,1,1,16,0.000,0.000,,,,,NVIDIA A100-SXM4-40GB MIG 4g.20gb (0),1,,13,cupy_copy__complex64_complex64
1430762954,12063,3159,1434,1,1,128,1,1,16,0.000,0.000,,,,,NVIDIA A100-SXM4-40GB MIG 4g.20gb (0),1,,13,cupy_copy__complex64_complex64
1430778153,81823,3164,1,1,1,32,32,1,30,0.000,0.000,,,,,NVIDIA A100-SXM4-40GB MIG 4g.20gb (0),1,,13,"void convert_kernel<__half2, float2>(tensor_layout_any, T1 *, tensor_layout_any, const T2 *)"
1430895400,5632,3167,,,,,,,,,,0.094,16636.287,Pinned,Device,NVIDIA A100-SXM4-40GB MIG 4g.20gb (0),1,,13,[CUDA memcpy Host-to-Device]
1430907048,604184,3168,,,,,,,,,,456.561,755609.183,Device,,NVIDIA A100-SXM4-40GB MIG 4g.20gb (0),1,,13,[CUDA memset]
1431514144,76447,3173,,,,,,,,,,1.235,16153.068,Pinned,Device,NVIDIA A100-SXM4-40GB MIG 4g.20gb (0),1,,13,[CUDA memcpy Host-to-Device]
1431596127,15456,3174,,,,,,,,,,0.197,12720.341,Pinned,Device,NVIDIA A100-SXM4-40GB MIG 4g.20gb (0),1,,13,[CUDA memcpy Host-to-Device]
1431621695,8128,3175,69,4,1,48,1,1,76,0.002,0.000,,,,,NVIDIA A100-SXM4-40GB MIG 4g.20gb (0),1,,13,"void ch_est::windowedChEstPreNoDftSOfdmKernel<float, __half, float, (unsigned int)2, (unsigned int)1, (unsigned short)4>(ch_est::puschRxChEstStatDescr_t *, ch_est::puschRxChEstDynDescr_t *)"
1431633823,6080,3176,137,2,1,24,2,1,44,0.001,0.001,,,,,NVIDIA A100-SXM4-40GB MIG 4g.20gb (0),1,,13,"void ch_est::chEstFilterNoDftSOfdmDispatchKernel<float, __half, float, (unsigned int)2>(ch_est::puschRxChEstStatDescr_t *, ch_est::puschRxChEstDynDescr_t *)"
1431643487,6304,3177,137,2,1,24,2,1,44,0.001,0.001,,,,,NVIDIA A100-SXM4-40GB MIG 4g.20gb (0),1,,13,"void ch_est::chEstFilterNoDftSOfdmDispatchKernel<float, __half, float, (unsigned int)2>(ch_est::puschRxChEstStatDescr_t *, ch_est::puschRxChEstDynDescr_t *)"
1431652735,2528,3188,103,1,1,128,1,1,16,0.000,0.000,,,,,NVIDIA A100-SXM4-40GB MIG 4g.20gb (0),1,,13,cupy_copy__complex64_complex64
1431657823,12479,3198,1434,1,1,128,1,1,16,0.000,0.000,,,,,NVIDIA A100-SXM4-40GB MIG 4g.20gb (0),1,,13,cupy_copy__complex64_complex64
1431676574,3072,3205,103,1,1,128,1,1,16,0.000,0.000,,,,,NVIDIA A100-SXM4-40GB MIG 4g.20gb (0),1,,13,cupy_copy__complex64_complex64
1431684094,91615,3212,1,1,1,32,32,1,30,0.000,0.000,,,,,NVIDIA A100-SXM4-40GB MIG 4g.20gb (0),1,,13,"void convert_kernel<__half2, float2>(tensor_layout_any, T1 *, tensor_layout_any, const T2 *)"
1431803965,5696,3215,,,,,,,,,,0.094,16449.363,Pinned,Device,NVIDIA A100-SXM4-40GB MIG 4g.20gb (0),1,,13,[CUDA memcpy Host-to-Device]
1431816157,48159,3216,,,,,,,,,,35.810,743557.179,Device,,NVIDIA A100-SXM4-40GB MIG 4g.20gb (0),1,,13,[CUDA memset]
1431868796,4128,3218,,,,,,,,,,0.000,19.380,Pinned,Device,NVIDIA A100-SXM4-40GB MIG 4g.20gb (0),1,,13,[CUDA memcpy Host-to-Device]
1431878172,13312,3219,,,,,,,,,,0.197,14769.193,Pinned,Device,NVIDIA A100-SXM4-40GB MIG 4g.20gb (0),1,,13,[CUDA memcpy Host-to-Device]
1431904124,9215,3220,273,1,1,48,1,1,40,0.000,0.001,,,,,NVIDIA A100-SXM4-40GB MIG 4g.20gb (0),1,,13,"void pusch_noise_intf_est::noiseIntfEstNoDftSOfdmKernel<float, __half, float, float, (unsigned int)2, (unsigned int)1, (unsigned char)4, (unsigned char)4>(pusch_noise_intf_est::puschRxNoiseIntfEstDynDescr)"
1431917819,3008,3231,35,1,1,128,1,1,16,0.000,0.000,,,,,NVIDIA A100-SXM4-40GB MIG 4g.20gb (0),1,,13,cupy_copy__complex64_complex64
1431926715,2016,3240,1,1,1,1,1,1,18,0.000,0.000,,,,,NVIDIA A100-SXM4-40GB MIG 4g.20gb (0),1,,13,cupy_copy__float32_float32
1431955835,1888,3246,,,,,,,,,,0.000,2.119,Device,Pageable,NVIDIA A100-SXM4-40GB MIG 4g.20gb (0),1,,7,[CUDA memcpy Device-to-Host]
1432016954,12704,3257,1434,1,1,128,1,1,16,0.000,0.000,,,,,NVIDIA A100-SXM4-40GB MIG 4g.20gb (0),1,,13,cupy_copy__complex64_complex64
1432043002,2752,3264,103,1,1,128,1,1,16,0.000,0.000,,,,,NVIDIA A100-SXM4-40GB MIG 4g.20gb (0),1,,13,cupy_copy__complex64_complex64
1432064698,2527,3271,35,1,1,128,1,1,16,0.000,0.000,,,,,NVIDIA A100-SXM4-40GB MIG 4g.20gb (0),1,,13,cupy_copy__complex64_complex64
1432081721,1792,3278,1,1,1,1,1,1,18,0.000,0.000,,,,,NVIDIA A100-SXM4-40GB MIG 4g.20gb (0),1,,13,cupy_copy__float32_float32
1432218104,82175,3289,1,1,1,32,32,1,30,0.000,0.000,,,,,NVIDIA A100-SXM4-40GB MIG 4g.20gb (0),1,,13,"void convert_kernel<__half2, float2>(tensor_layout_any, T1 *, tensor_layout_any, const T2 *)"
1432327926,5664,3292,,,,,,,,,,0.094,16542.310,Pinned,Device,NVIDIA A100-SXM4-40GB MIG 4g.20gb (0),1,,13,[CUDA memcpy Host-to-Device]
1432343894,3136,3293,,,,,,,,,,1.547,493182.821,Device,,NVIDIA A100-SXM4-40GB MIG 4g.20gb (0),1,,13,[CUDA memset]
1432350934,3200,3298,,,,,,,,,,0.031,9780.000,Pinned,Device,NVIDIA A100-SXM4-40GB MIG 4g.20gb (0),1,,13,[CUDA memcpy Host-to-Device]
1432356374,9568,3299,,,,,,,,,,0.197,20548.485,Pinned,Device,NVIDIA A100-SXM4-40GB MIG 4g.20gb (0),1,,13,[CUDA memcpy Host-to-Device]
1432370358,6528,3300,273,1,1,8,4,1,39,0.002,0.000,,,,,NVIDIA A100-SXM4-40GB MIG 4g.20gb (0),1,,13,"void channel_eq::eqMmseCoefCompLowMimoKernel<float, float, float, (unsigned int)4, (unsigned int)1, (unsigned int)4>(const channel_eq::_puschRxChEqStatDescr *, channel_eq::_puschRxChEqCoefCompDynDescr)"
1432377846,5760,3301,273,1,1,12,11,1,51,0.002,0.000,,,,,NVIDIA A100-SXM4-40GB MIG 4g.20gb (0),1,,13,"void channel_eq::eqMmseSoftDemapKernel<float, __half, __half, float, (unsigned int)4, (unsigned short)16383>(channel_eq::_puschRxChEqStatDescr *, channel_eq::_puschRxChEqSoftDemapDynDescr)"
1432384598,282684,3302,1,1,1,32,32,1,30,0.000,0.000,,,,,NVIDIA A100-SXM4-40GB MIG 4g.20gb (0),1,,13,"void convert_kernel<float2, __half2>(tensor_layout_any, T1 *, tensor_layout_any, const T2 *)"
1432670610,11104,3314,2253,1,1,128,1,1,16,0.000,0.000,,,,,NVIDIA A100-SXM4-40GB MIG 4g.20gb (0),1,,13,cupy_copy__float16_float16
1432685202,3136,3323,282,1,1,128,1,1,16,0.000,0.000,,,,,NVIDIA A100-SXM4-40GB MIG 4g.20gb (0),1,,13,cupy_copy__complex64_complex64
1432693298,2368,3332,26,1,1,128,1,1,16,0.000,0.000,,,,,NVIDIA A100-SXM4-40GB MIG 4g.20gb (0),1,,13,cupy_copy__float32_float32
1432698322,2912,3341,103,1,1,128,1,1,16,0.000,0.000,,,,,NVIDIA A100-SXM4-40GB MIG 4g.20gb (0),1,,13,cupy_copy__complex64_complex64
1432703186,12255,3351,1434,1,1,128,1,1,16,0.000,0.000,,,,,NVIDIA A100-SXM4-40GB MIG 4g.20gb (0),1,,13,cupy_copy__complex64_complex64
1432720433,82527,3356,1,1,1,32,32,1,30,0.000,0.000,,,,,NVIDIA A100-SXM4-40GB MIG 4g.20gb (0),1,,13,"void convert_kernel<__half2, float2>(tensor_layout_any, T1 *, tensor_layout_any, const T2 *)"
1432829456,5632,3359,,,,,,,,,,0.094,16636.287,Pinned,Device,NVIDIA A100-SXM4-40GB MIG 4g.20gb (0),1,,13,[CUDA memcpy Host-to-Device]
1432839984,597177,3360,,,,,,,,,,456.561,764283.851,Device,,NVIDIA A100-SXM4-40GB MIG 4g.20gb (0),1,,13,[CUDA memset]
1433441640,139455,3365,,,,,,,,,,1.235,8854.548,Pinned,Device,NVIDIA A100-SXM4-40GB MIG 4g.20gb (0),1,,13,[CUDA memcpy Host-to-Device]
1433593703,40703,3366,,,,,,,,,,0.197,4830.265,Pinned,Device,NVIDIA A100-SXM4-40GB MIG 4g.20gb (0),1,,13,[CUDA memcpy Host-to-Device]
1433651942,8064,3367,69,4,1,48,1,1,76,0.002,0.000,,,,,NVIDIA A100-SXM4-40GB MIG 4g.20gb (0),1,,13,"void ch_est::windowedChEstPreNoDftSOfdmKernel<float, __half, float, (unsigned int)2, (unsigned int)1, (unsigned short)4>(ch_est::puschRxChEstStatDescr_t *, ch_est::puschRxChEstDynDescr_t *)"
1433669638,6656,3368,137,2,1,24,2,1,44,0.001,0.001,,,,,NVIDIA A100-SXM4-40GB MIG 4g.20gb (0),1,,13,"void ch_est::chEstFilterNoDftSOfdmDispatchKernel<float, __half, float, (unsigned int)2>(ch_est::puschRxChEstStatDescr_t *, ch_est::puschRxChEstDynDescr_t *)"
1433686821,4800,3369,137,2,1,24,2,1,44,0.001,0.001,,,,,NVIDIA A100-SXM4-40GB MIG 4g.20gb (0),1,,13,"void ch_est::chEstFilterNoDftSOfdmDispatchKernel<float, __half, float, (unsigned int)2>(ch_est::puschRxChEstStatDescr_t *, ch_est::puschRxChEstDynDescr_t *)"
1433702629,2784,3380,103,1,1,128,1,1,16,0.000,0.000,,,,,NVIDIA A100-SXM4-40GB MIG 4g.20gb (0),1,,13,cupy_copy__complex64_complex64
1433716773,12768,3390,1434,1,1,128,1,1,16,0.000,0.000,,,,,NVIDIA A100-SXM4-40GB MIG 4g.20gb (0),1,,13,cupy_copy__complex64_complex64
1433732101,2912,3397,103,1,1,128,1,1,16,0.000,0.000,,,,,NVIDIA A100-SXM4-40GB MIG 4g.20gb (0),1,,13,cupy_copy__complex64_complex64
1433747429,86111,3404,1,1,1,32,32,1,30,0.000,0.000,,,,,NVIDIA A100-SXM4-40GB MIG 4g.20gb (0),1,,13,"void convert_kernel<__half2, float2>(tensor_layout_any, T1 *, tensor_layout_any, const T2 *)"
1433863587,10048,3407,,,,,,,,,,0.094,9324.813,Pinned,Device,NVIDIA A100-SXM4-40GB MIG 4g.20gb (0),1,,13,[CUDA memcpy Host-to-Device]
1433879043,47807,3408,,,,,,,,,,35.810,749036.097,Device,,NVIDIA A100-SXM4-40GB MIG 4g.20gb (0),1,,13,[CUDA memset]
1433929570,5664,3410,,,,,,,,,,0.000,14.124,Pinned,Device,NVIDIA A100-SXM4-40GB MIG 4g.20gb (0),1,,13,[CUDA memcpy Host-to-Device]
1433938338,12832,3411,,,,,,,,,,0.197,15321.661,Pinned,Device,NVIDIA A100-SXM4-40GB MIG 4g.20gb (0),1,,13,[CUDA memcpy Host-to-Device]
1433961570,10080,3412,273,1,1,48,1,1,40,0.000,0.001,,,,,NVIDIA A100-SXM4-40GB MIG 4g.20gb (0),1,,13,"void pusch_noise_intf_est::noiseIntfEstNoDftSOfdmKernel<float, __half, float, float, (unsigned int)2, (unsigned int)1, (unsigned char)4, (unsigned char)4>(pusch_noise_intf_est::puschRxNoiseIntfEstDynDescr)"
1433974626,3008,3423,35,1,1,128,1,1,16,0.000,0.000,,,,,NVIDIA A100-SXM4-40GB MIG 4g.20gb (0),1,,13,cupy_copy__complex64_complex64
1433979394,2016,3432,1,1,1,1,1,1,18,0.000,0.000,,,,,NVIDIA A100-SXM4-40GB MIG 4g.20gb (0),1,,13,cupy_copy__float32_float32
1434015329,1568,3438,,,,,,,,,,0.000,2.551,Device,Pageable,NVIDIA A100-SXM4-40GB MIG 4g.20gb (0),1,,7,[CUDA memcpy Device-to-Host]
1434077985,12927,3449,1434,1,1,128,1,1,16,0.000,0.000,,,,,NVIDIA A100-SXM4-40GB MIG 4g.20gb (0),1,,13,cupy_copy__complex64_complex64
1434104928,2848,3456,103,1,1,128,1,1,16,0.000,0.000,,,,,NVIDIA A100-SXM4-40GB MIG 4g.20gb (0),1,,13,cupy_copy__complex64_complex64
1434124224,2560,3463,35,1,1,128,1,1,16,0.000,0.000,,,,,NVIDIA A100-SXM4-40GB MIG 4g.20gb (0),1,,13,cupy_copy__complex64_complex64
1434140896,1728,3470,1,1,1,1,1,1,18,0.000,0.000,,,,,NVIDIA A100-SXM4-40GB MIG 4g.20gb (0),1,,13,cupy_copy__float32_float32
1434273726,81535,3481,1,1,1,32,32,1,30,0.000,0.000,,,,,NVIDIA A100-SXM4-40GB MIG 4g.20gb (0),1,,13,"void convert_kernel<__half2, float2>(tensor_layout_any, T1 *, tensor_layout_any, const T2 *)"
1434383581,5536,3484,,,,,,,,,,0.094,16924.777,Pinned,Device,NVIDIA A100-SXM4-40GB MIG 4g.20gb (0),1,,13,[CUDA memcpy Host-to-Device]
1434397469,3360,3485,,,,,,,,,,1.547,460304.688,Device,,NVIDIA A100-SXM4-40GB MIG 4g.20gb (0),1,,13,[CUDA memset]
1434404317,3103,3490,,,,,,,,,,0.031,10085.699,Pinned,Device,NVIDIA A100-SXM4-40GB MIG 4g.20gb (0),1,,13,[CUDA memcpy Host-to-Device]
1434409820,9408,3491,,,,,,,,,,0.197,20897.858,Pinned,Device,NVIDIA A100-SXM4-40GB MIG 4g.20gb (0),1,,13,[CUDA memcpy Host-to-Device]
1434424572,6944,3492,273,1,1,8,4,1,39,0.002,0.000,,,,,NVIDIA A100-SXM4-40GB MIG 4g.20gb (0),1,,13,"void channel_eq::eqMmseCoefCompLowMimoKernel<float, float, float, (unsigned int)4, (unsigned int)1, (unsigned int)4>(const channel_eq::_puschRxChEqStatDescr *, channel_eq::_puschRxChEqCoefCompDynDescr)"
1434433180,6016,3493,273,1,1,12,11,1,51,0.002,0.000,,,,,NVIDIA A100-SXM4-40GB MIG 4g.20gb (0),1,,13,"void channel_eq::eqMmseSoftDemapKernel<float, __half, __half, float, (unsigned int)4, (unsigned short)16383>(channel_eq::_puschRxChEqStatDescr *, channel_eq::_puschRxChEqSoftDemapDynDescr)"
1434440188,282941,3494,1,1,1,32,32,1,30,0.000,0.000,,,,,NVIDIA A100-SXM4-40GB MIG 4g.20gb (0),1,,13,"void convert_kernel<float2, __half2>(tensor_layout_any, T1 *, tensor_layout_any, const T2 *)"
1434726265,10911,3506,2253,1,1,128,1,1,16,0.000,0.000,,,,,NVIDIA A100-SXM4-40GB MIG 4g.20gb (0),1,,13,cupy_copy__float16_float16
1434739896,2976,3515,282,1,1,128,1,1,16,0.000,0.000,,,,,NVIDIA A100-SXM4-40GB MIG 4g.20gb (0),1,,13,cupy_copy__complex64_complex64
1434744824,2304,3524,26,1,1,128,1,1,16,0.000,0.000,,,,,NVIDIA A100-SXM4-40GB MIG 4g.20gb (0),1,,13,cupy_copy__float32_float32
1434749272,2784,3533,103,1,1,128,1,1,16,0.000,0.000,,,,,NVIDIA A100-SXM4-40GB MIG 4g.20gb (0),1,,13,cupy_copy__complex64_complex64
1434753048,12224,3543,1434,1,1,128,1,1,16,0.000,0.000,,,,,NVIDIA A100-SXM4-40GB MIG 4g.20gb (0),1,,13,cupy_copy__complex64_complex64
1434770872,81983,3548,1,1,1,32,32,1,30,0.000,0.000,,,,,NVIDIA A100-SXM4-40GB MIG 4g.20gb (0),1,,13,"void convert_kernel<__half2, float2>(tensor_layout_any, T1 *, tensor_layout_any, const T2 *)"
1434880919,6336,3551,,,,,,,,,,0.094,14787.852,Pinned,Device,NVIDIA A100-SXM4-40GB MIG 4g.20gb (0),1,,13,[CUDA memcpy Host-to-Device]
1434892150,596473,3552,,,,,,,,,,456.561,765196.973,Device,,NVIDIA A100-SXM4-40GB MIG 4g.20gb (0),1,,13,[CUDA memset]
1435493039,159326,3557,,,,,,,,,,1.235,7750.509,Pinned,Device,NVIDIA A100-SXM4-40GB MIG 4g.20gb (0),1,,13,[CUDA memcpy Host-to-Device]
1435665357,40543,3558,,,,,,,,,,0.197,4849.336,Pinned,Device,NVIDIA A100-SXM4-40GB MIG 4g.20gb (0),1,,13,[CUDA memcpy Host-to-Device]
1435723084,8288,3559,69,4,1,48,1,1,76,0.002,0.000,,,,,NVIDIA A100-SXM4-40GB MIG 4g.20gb (0),1,,13,"void ch_est::windowedChEstPreNoDftSOfdmKernel<float, __half, float, (unsigned int)2, (unsigned int)1, (unsigned short)4>(ch_est::puschRxChEstStatDescr_t *, ch_est::puschRxChEstDynDescr_t *)"
1435740716,6848,3560,137,2,1,24,2,1,44,0.001,0.001,,,,,NVIDIA A100-SXM4-40GB MIG 4g.20gb (0),1,,13,"void ch_est::chEstFilterNoDftSOfdmDispatchKernel<float, __half, float, (unsigned int)2>(ch_est::puschRxChEstStatDescr_t *, ch_est::puschRxChEstDynDescr_t *)"
1435760652,4736,3561,137,2,1,24,2,1,44,0.001,0.001,,,,,NVIDIA A100-SXM4-40GB MIG 4g.20gb (0),1,,13,"void ch_est::chEstFilterNoDftSOfdmDispatchKernel<float, __half, float, (unsigned int)2>(ch_est::puschRxChEstStatDescr_t *, ch_est::puschRxChEstDynDescr_t *)"
1435777548,2751,3572,103,1,1,128,1,1,16,0.000,0.000,,,,,NVIDIA A100-SXM4-40GB MIG 4g.20gb (0),1,,13,cupy_copy__complex64_complex64
1435794475,12416,3582,1434,1,1,128,1,1,16,0.000,0.000,,,,,NVIDIA A100-SXM4-40GB MIG 4g.20gb (0),1,,13,cupy_copy__complex64_complex64
1435812939,2912,3589,103,1,1,128,1,1,16,0.000,0.000,,,,,NVIDIA A100-SXM4-40GB MIG 4g.20gb (0),1,,13,cupy_copy__complex64_complex64
1435838283,88927,3596,1,1,1,32,32,1,30,0.000,0.000,,,,,NVIDIA A100-SXM4-40GB MIG 4g.20gb (0),1,,13,"void convert_kernel<__half2, float2>(tensor_layout_any, T1 *, tensor_layout_any, const T2 *)"
1435959177,31520,3599,,,,,,,,,,0.094,2972.506,Pinned,Device,NVIDIA A100-SXM4-40GB MIG 4g.20gb (0),1,,13,[CUDA memcpy Host-to-Device]
1436011561,47615,3600,,,,,,,,,,35.810,752044.130,Device,,NVIDIA A100-SXM4-40GB MIG 4g.20gb (0),1,,13,[CUDA memset]
1436067144,6144,3602,,,,,,,,,,0.000,13.021,Pinned,Device,NVIDIA A100-SXM4-40GB MIG 4g.20gb (0),1,,13,[CUDA memcpy Host-to-Device]
1436084200,25983,3603,,,,,,,,,,0.197,7566.655,Pinned,Device,NVIDIA A100-SXM4-40GB MIG 4g.20gb (0),1,,13,[CUDA memcpy Host-to-Device]
1436126055,9728,3604,273,1,1,48,1,1,40,0.000,0.001,,,,,NVIDIA A100-SXM4-40GB MIG 4g.20gb (0),1,,13,"void pusch_noise_intf_est::noiseIntfEstNoDftSOfdmKernel<float, __half, float, float, (unsigned int)2, (unsigned int)1, (unsigned char)4, (unsigned char)4>(pusch_noise_intf_est::puschRxNoiseIntfEstDynDescr)"
1436144519,2688,3615,35,1,1,128,1,1,16,0.000,0.000,,,,,NVIDIA A100-SXM4-40GB MIG 4g.20gb (0),1,,13,cupy_copy__complex64_complex64
1436153991,1664,3624,1,1,1,1,1,1,18,0.000,0.000,,,,,NVIDIA A100-SXM4-40GB MIG 4g.20gb (0),1,,13,cupy_copy__float32_float32
1436156551,3968,3630,,,,,,,,,,0.000,1.008,Device,Pageable,NVIDIA A100-SXM4-40GB MIG 4g.20gb (0),1,,7,[CUDA memcpy Device-to-Host]
1436232518,12768,3641,1434,1,1,128,1,1,16,0.000,0.000,,,,,NVIDIA A100-SXM4-40GB MIG 4g.20gb (0),1,,13,cupy_copy__complex64_complex64
1436261542,3327,3648,103,1,1,128,1,1,16,0.000,0.000,,,,,NVIDIA A100-SXM4-40GB MIG 4g.20gb (0),1,,13,cupy_copy__complex64_complex64
1436279045,2784,3655,35,1,1,128,1,1,16,0.000,0.000,,,,,NVIDIA A100-SXM4-40GB MIG 4g.20gb (0),1,,13,cupy_copy__complex64_complex64
1436292677,1984,3662,1,1,1,1,1,1,18,0.000,0.000,,,,,NVIDIA A100-SXM4-40GB MIG 4g.20gb (0),1,,13,cupy_copy__float32_float32
1436421572,86014,3673,1,1,1,32,32,1,30,0.000,0.000,,,,,NVIDIA A100-SXM4-40GB MIG 4g.20gb (0),1,,13,"void convert_kernel<__half2, float2>(tensor_layout_any, T1 *, tensor_layout_any, const T2 *)"
1436535266,5664,3676,,,,,,,,,,0.094,16542.310,Pinned,Device,NVIDIA A100-SXM4-40GB MIG 4g.20gb (0),1,,13,[CUDA memcpy Host-to-Device]
1436549634,3584,3677,,,,,,,,,,1.547,431534.389,Device,,NVIDIA A100-SXM4-40GB MIG 4g.20gb (0),1,,13,[CUDA memset]
1436556866,3616,3682,,,,,,,,,,0.031,8654.846,Pinned,Device,NVIDIA A100-SXM4-40GB MIG 4g.20gb (0),1,,13,[CUDA memcpy Host-to-Device]
1436562946,9664,3683,,,,,,,,,,0.197,20344.209,Pinned,Device,NVIDIA A100-SXM4-40GB MIG 4g.20gb (0),1,,13,[CUDA memcpy Host-to-Device]
1436578370,6368,3684,273,1,1,8,4,1,39,0.002,0.000,,,,,NVIDIA A100-SXM4-40GB MIG 4g.20gb (0),1,,13,"void channel_eq::eqMmseCoefCompLowMimoKernel<float, float, float, (unsigned int)4, (unsigned int)1, (unsigned int)4>(const channel_eq::_puschRxChEqStatDescr *, channel_eq::_puschRxChEqCoefCompDynDescr)"
1436586177,6080,3685,273,1,1,12,11,1,51,0.002,0.000,,,,,NVIDIA A100-SXM4-40GB MIG 4g.20gb (0),1,,13,"void channel_eq::eqMmseSoftDemapKernel<float, __half, __half, float, (unsigned int)4, (unsigned short)16383>(channel_eq::_puschRxChEqStatDescr *, channel_eq::_puschRxChEqSoftDemapDynDescr)"
1436593601,294557,3686,1,1,1,32,32,1,30,0.000,0.000,,,,,NVIDIA A100-SXM4-40GB MIG 4g.20gb (0),1,,13,"void convert_kernel<float2, __half2>(tensor_layout_any, T1 *, tensor_layout_any, const T2 *)"
1436889950,10976,3698,2253,1,1,128,1,1,16,0.000,0.000,,,,,NVIDIA A100-SXM4-40GB MIG 4g.20gb (0),1,,13,cupy_copy__float16_float16
1436902206,3168,3707,282,1,1,128,1,1,16,0.000,0.000,,,,,NVIDIA A100-SXM4-40GB MIG 4g.20gb (0),1,,13,cupy_copy__complex64_complex64
1436907582,2143,3716,26,1,1,128,1,1,16,0.000,0.000,,,,,NVIDIA A100-SXM4-40GB MIG 4g.20gb (0),1,,13,cupy_copy__float32_float32
1436912541,3488,3725,103,1,1,128,1,1,16,0.000,0.000,,,,,NVIDIA A100-SXM4-40GB MIG 4g.20gb (0),1,,13,cupy_copy__complex64_complex64
1436919485,12288,3735,1434,1,1,128,1,1,16,0.000,0.000,,,,,NVIDIA A100-SXM4-40GB MIG 4g.20gb (0),1,,13,cupy_copy__complex64_complex64
1436933373,87327,3740,1,1,1,32,32,1,30,0.000,0.000,,,,,NVIDIA A100-SXM4-40GB MIG 4g.20gb (0),1,,13,"void convert_kernel<__half2, float2>(tensor_layout_any, T1 *, tensor_layout_any, const T2 *)"
1437047804,5632,3743,,,,,,,,,,0.094,16636.287,Pinned,Device,NVIDIA A100-SXM4-40GB MIG 4g.20gb (0),1,,13,[CUDA memcpy Host-to-Device]
1437057660,597336,3744,,,,,,,,,,456.561,764283.851,Device,,NVIDIA A100-SXM4-40GB MIG 4g.20gb (0),1,,13,[CUDA memset]
1437661492,146142,3749,,,,,,,,,,1.235,8449.487,Pinned,Device,NVIDIA A100-SXM4-40GB MIG 4g.20gb (0),1,,13,[CUDA memcpy Host-to-Device]
1437816178,31296,3750,,,,,,,,,,0.197,6282.019,Pinned,Device,NVIDIA A100-SXM4-40GB MIG 4g.20gb (0),1,,13,[CUDA memcpy Host-to-Device]
1437868306,8160,3751,69,4,1,48,1,1,76,0.002,0.000,,,,,NVIDIA A100-SXM4-40GB MIG 4g.20gb (0),1,,13,"void ch_est::windowedChEstPreNoDftSOfdmKernel<float, __half, float, (unsigned int)2, (unsigned int)1, (unsigned short)4>(ch_est::puschRxChEstStatDescr_t *, ch_est::puschRxChEstDynDescr_t *)"
1437884401,7104,3752,137,2,1,24,2,1,44,0.001,0.001,,,,,NVIDIA A100-SXM4-40GB MIG 4g.20gb (0),1,,13,"void ch_est::chEstFilterNoDftSOfdmDispatchKernel<float, __half, float, (unsigned int)2>(ch_est::puschRxChEstStatDescr_t *, ch_est::puschRxChEstDynDescr_t *)"
1437897649,4800,3753,137,2,1,24,2,1,44,0.001,0.001,,,,,NVIDIA A100-SXM4-40GB MIG 4g.20gb (0),1,,13,"void ch_est::chEstFilterNoDftSOfdmDispatchKernel<float, __half, float, (unsigned int)2>(ch_est::puschRxChEstStatDescr_t *, ch_est::puschRxChEstDynDescr_t *)"
1437912881,2592,3764,103,1,1,128,1,1,16,0.000,0.000,,,,,NVIDIA A100-SXM4-40GB MIG 4g.20gb (0),1,,13,cupy_copy__complex64_complex64
1437926897,12288,3774,1434,1,1,128,1,1,16,0.000,0.000,,,,,NVIDIA A100-SXM4-40GB MIG 4g.20gb (0),1,,13,cupy_copy__complex64_complex64
1437961680,2624,3781,103,1,1,128,1,1,16,0.000,0.000,,,,,NVIDIA A100-SXM4-40GB MIG 4g.20gb (0),1,,13,cupy_copy__complex64_complex64
1437978992,81919,3788,1,1,1,32,32,1,30,0.000,0.000,,,,,NVIDIA A100-SXM4-40GB MIG 4g.20gb (0),1,,13,"void convert_kernel<__half2, float2>(tensor_layout_any, T1 *, tensor_layout_any, const T2 *)"
1438092463,26655,3791,,,,,,,,,,0.094,3515.099,Pinned,Device,NVIDIA A100-SXM4-40GB MIG 4g.20gb (0),1,,13,[CUDA memcpy Host-to-Device]
1438135086,47488,3792,,,,,,,,,,35.810,754049.485,Device,,NVIDIA A100-SXM4-40GB MIG 4g.20gb (0),1,,13,[CUDA memset]
1438188142,14975,3794,,,,,,,,,,0.000,5.342,Pinned,Device,NVIDIA A100-SXM4-40GB MIG 4g.20gb (0),1,,13,[CUDA memcpy Host-to-Device]
1438210189,32736,3795,,,,,,,,,,0.197,6005.785,Pinned,Device,NVIDIA A100-SXM4-40GB MIG 4g.20gb (0),1,,13,[CUDA memcpy Host-to-Device]
1438266893,9824,3796,273,1,1,48,1,1,40,0.000,0.001,,,,,NVIDIA A100-SXM4-40GB MIG 4g.20gb (0),1,,13,"void pusch_noise_intf_est::noiseIntfEstNoDftSOfdmKernel<float, __half, float, float, (unsigned int)2, (unsigned int)1, (unsigned char)4, (unsigned char)4>(pusch_noise_intf_est::puschRxNoiseIntfEstDynDescr)"
1438283468,2688,3807,35,1,1,128,1,1,16,0.000,0.000,,,,,NVIDIA A100-SXM4-40GB MIG 4g.20gb (0),1,,13,cupy_copy__complex64_complex64
1438301356,1696,3816,1,1,1,1,1,1,18,0.000,0.000,,,,,NVIDIA A100-SXM4-40GB MIG 4g.20gb (0),1,,13,cupy_copy__float32_float32
1438309676,7872,3822,,,,,,,,,,0.000,0.508,Device,Pageable,NVIDIA A100-SXM4-40GB MIG 4g.20gb (0),1,,7,[CUDA memcpy Device-to-Host]
1438411179,12512,3833,1434,1,1,128,1,1,16,0.000,0.000,,,,,NVIDIA A100-SXM4-40GB MIG 4g.20gb (0),1,,13,cupy_copy__complex64_complex64
1438436235,3296,3840,103,1,1,128,1,1,16,0.000,0.000,,,,,NVIDIA A100-SXM4-40GB MIG 4g.20gb (0),1,,13,cupy_copy__complex64_complex64
1438456394,2432,3847,35,1,1,128,1,1,16,0.000,0.000,,,,,NVIDIA A100-SXM4-40GB MIG 4g.20gb (0),1,,13,cupy_copy__complex64_complex64
1438473610,1696,3854,1,1,1,1,1,1,18,0.000,0.000,,,,,NVIDIA A100-SXM4-40GB MIG 4g.20gb (0),1,,13,cupy_copy__float32_float32
1438592809,87391,3865,1,1,1,32,32,1,30,0.000,0.000,,,,,NVIDIA A100-SXM4-40GB MIG 4g.20gb (0),1,,13,"void convert_kernel<__half2, float2>(tensor_layout_any, T1 *, tensor_layout_any, const T2 *)"
1438708423,10688,3868,,,,,,,,,,0.094,8766.385,Pinned,Device,NVIDIA A100-SXM4-40GB MIG 4g.20gb (0),1,,13,[CUDA memcpy Host-to-Device]
1438735719,3328,3869,,,,,,,,,,1.547,464729.580,Device,,NVIDIA A100-SXM4-40GB MIG 4g.20gb (0),1,,13,[CUDA memset]
1438741799,3168,3874,,,,,,,,,,0.031,9878.770,Pinned,Device,NVIDIA A100-SXM4-40GB MIG 4g.20gb (0),1,,13,[CUDA memcpy Host-to-Device]
1438751783,17471,3875,,,,,,,,,,0.197,11253.252,Pinned,Device,NVIDIA A100-SXM4-40GB MIG 4g.20gb (0),1,,13,[CUDA memcpy Host-to-Device]
1438779686,5984,3876,273,1,1,8,4,1,39,0.002,0.000,,,,,NVIDIA A100-SXM4-40GB MIG 4g.20gb (0),1,,13,"void channel_eq::eqMmseCoefCompLowMimoKernel<float, float, float, (unsigned int)4, (unsigned int)1, (unsigned int)4>(const channel_eq::_puschRxChEqStatDescr *, channel_eq::_puschRxChEqCoefCompDynDescr)"
1438789766,6080,3877,273,1,1,12,11,1,51,0.002,0.000,,,,,NVIDIA A100-SXM4-40GB MIG 4g.20gb (0),1,,13,"void channel_eq::eqMmseSoftDemapKernel<float, __half, __half, float, (unsigned int)4, (unsigned short)16383>(channel_eq::_puschRxChEqStatDescr *, channel_eq::_puschRxChEqSoftDemapDynDescr)"
1438797734,290236,3878,1,1,1,32,32,1,30,0.000,0.000,,,,,NVIDIA A100-SXM4-40GB MIG 4g.20gb (0),1,,13,"void convert_kernel<float2, __half2>(tensor_layout_any, T1 *, tensor_layout_any, const T2 *)"
1439090114,10816,3890,2253,1,1,128,1,1,16,0.000,0.000,,,,,NVIDIA A100-SXM4-40GB MIG 4g.20gb (0),1,,13,cupy_copy__float16_float16
1439105698,2816,3899,282,1,1,128,1,1,16,0.000,0.000,,,,,NVIDIA A100-SXM4-40GB MIG 4g.20gb (0),1,,13,cupy_copy__complex64_complex64
1439111330,2336,3908,26,1,1,128,1,1,16,0.000,0.000,,,,,NVIDIA A100-SXM4-40GB MIG 4g.20gb (0),1,,13,cupy_copy__float32_float32
1439115426,4896,3917,103,1,1,128,1,1,16,0.000,0.000,,,,,NVIDIA A100-SXM4-40GB MIG 4g.20gb (0),1,,13,cupy_copy__complex64_complex64
1439122978,12288,3927,1434,1,1,128,1,1,16,0.000,0.000,,,,,NVIDIA A100-SXM4-40GB MIG 4g.20gb (0),1,,13,cupy_copy__complex64_complex64
1439140898,89663,3932,1,1,1,32,32,1,30,0.000,0.000,,,,,NVIDIA A100-SXM4-40GB MIG 4g.20gb (0),1,,13,"void convert_kernel<__half2, float2>(tensor_layout_any, T1 *, tensor_layout_any, const T2 *)"
1439258080,5664,3935,,,,,,,,,,0.094,16542.310,Pinned,Device,NVIDIA A100-SXM4-40GB MIG 4g.20gb (0),1,,13,[CUDA memcpy Host-to-Device]
1439269568,596345,3936,,,,,,,,,,456.561,765196.973,Device,,NVIDIA A100-SXM4-40GB MIG 4g.20gb (0),1,,13,[CUDA memset]
1439875033,121566,3941,,,,,,,,,,1.235,10157.414,Pinned,Device,NVIDIA A100-SXM4-40GB MIG 4g.20gb (0),1,,13,[CUDA memcpy Host-to-Device]
1440003095,19072,3942,,,,,,,,,,0.197,10308.551,Pinned,Device,NVIDIA A100-SXM4-40GB MIG 4g.20gb (0),1,,13,[CUDA memcpy Host-to-Device]
1440035799,8512,3943,69,4,1,48,1,1,76,0.002,0.000,,,,,NVIDIA A100-SXM4-40GB MIG 4g.20gb (0),1,,13,"void ch_est::windowedChEstPreNoDftSOfdmKernel<float, __half, float, (unsigned int)2, (unsigned int)1, (unsigned short)4>(ch_est::puschRxChEstStatDescr_t *, ch_est::puschRxChEstDynDescr_t *)"
1440050615,6815,3944,137,2,1,24,2,1,44,0.001,0.001,,,,,NVIDIA A100-SXM4-40GB MIG 4g.20gb (0),1,,13,"void ch_est::chEstFilterNoDftSOfdmDispatchKernel<float, __half, float, (unsigned int)2>(ch_est::puschRxChEstStatDescr_t *, ch_est::puschRxChEstDynDescr_t *)"
1440066294,4864,3945,137,2,1,24,2,1,44,0.001,0.001,,,,,NVIDIA A100-SXM4-40GB MIG 4g.20gb (0),1,,13,"void ch_est::chEstFilterNoDftSOfdmDispatchKernel<float, __half, float, (unsigned int)2>(ch_est::puschRxChEstStatDescr_t *, ch_est::puschRxChEstDynDescr_t *)"
1440073878,2976,3956,103,1,1,128,1,1,16,0.000,0.000,,,,,NVIDIA A100-SXM4-40GB MIG 4g.20gb (0),1,,13,cupy_copy__complex64_complex64
1440082102,12928,3966,1434,1,1,128,1,1,16,0.000,0.000,,,,,NVIDIA A100-SXM4-40GB MIG 4g.20gb (0),1,,13,cupy_copy__complex64_complex64
1440097494,2784,3973,103,1,1,128,1,1,16,0.000,0.000,,,,,NVIDIA A100-SXM4-40GB MIG 4g.20gb (0),1,,13,cupy_copy__complex64_complex64
1440105046,87967,3980,1,1,1,32,32,1,30,0.000,0.000,,,,,NVIDIA A100-SXM4-40GB MIG 4g.20gb (0),1,,13,"void convert_kernel<__half2, float2>(tensor_layout_any, T1 *, tensor_layout_any, const T2 *)"
1440221812,9280,3983,,,,,,,,,,0.094,10096.494,Pinned,Device,NVIDIA A100-SXM4-40GB MIG 4g.20gb (0),1,,13,[CUDA memcpy Host-to-Device]
1440240180,48032,3984,,,,,,,,,,35.810,745526.724,Device,,NVIDIA A100-SXM4-40GB MIG 4g.20gb (0),1,,13,[CUDA memset]
1440295508,3103,3986,,,,,,,,,,0.000,25.781,Pinned,Device,NVIDIA A100-SXM4-40GB MIG 4g.20gb (0),1,,13,[CUDA memcpy Host-to-Device]
1440303667,14432,3987,,,,,,,,,,0.197,13622.968,Pinned,Device,NVIDIA A100-SXM4-40GB MIG 4g.20gb (0),1,,13,[CUDA memcpy Host-to-Device]
1440326163,9376,3988,273,1,1,48,1,1,40,0.000,0.001,,,,,NVIDIA A100-SXM4-40GB MIG 4g.20gb (0),1,,13,"void pusch_noise_intf_est::noiseIntfEstNoDftSOfdmKernel<float, __half, float, float, (unsigned int)2, (unsigned int)1, (unsigned char)4, (unsigned char)4>(pusch_noise_intf_est::puschRxNoiseIntfEstDynDescr)"
1440338739,3008,3999,35,1,1,128,1,1,16,0.000,0.000,,,,,NVIDIA A100-SXM4-40GB MIG 4g.20gb (0),1,,13,cupy_copy__complex64_complex64
1440345619,2080,4008,1,1,1,1,1,1,18,0.000,0.000,,,,,NVIDIA A100-SXM4-40GB MIG 4g.20gb (0),1,,13,cupy_copy__float32_float32
1440371731,1568,4014,,,,,,,,,,0.000,2.551,Device,Pageable,NVIDIA A100-SXM4-40GB MIG 4g.20gb (0),1,,7,[CUDA memcpy Device-to-Host]
1440431474,12576,4025,1434,1,1,128,1,1,16,0.000,0.000,,,,,NVIDIA A100-SXM4-40GB MIG 4g.20gb (0),1,,13,cupy_copy__complex64_complex64
1440458738,3455,4032,103,1,1,128,1,1,16,0.000,0.000,,,,,NVIDIA A100-SXM4-40GB MIG 4g.20gb (0),1,,13,cupy_copy__complex64_complex64
1440478801,2176,4039,35,1,1,128,1,1,16,0.000,0.000,,,,,NVIDIA A100-SXM4-40GB MIG 4g.20gb (0),1,,13,cupy_copy__complex64_complex64
1440497617,1984,4046,1,1,1,1,1,1,18,0.000,0.000,,,,,NVIDIA A100-SXM4-40GB MIG 4g.20gb (0),1,,13,cupy_copy__float32_float32
1440627407,87967,4057,1,1,1,32,32,1,30,0.000,0.000,,,,,NVIDIA A100-SXM4-40GB MIG 4g.20gb (0),1,,13,"void convert_kernel<__half2, float2>(tensor_layout_any, T1 *, tensor_layout_any, const T2 *)"
1440743438,6112,4060,,,,,,,,,,0.094,15329.790,Pinned,Device,NVIDIA A100-SXM4-40GB MIG 4g.20gb (0),1,,13,[CUDA memcpy Host-to-Device]
1440758862,3488,4061,,,,,,,,,,1.547,443412.461,Device,,NVIDIA A100-SXM4-40GB MIG 4g.20gb (0),1,,13,[CUDA memset]
1440764206,3232,4066,,,,,,,,,,0.031,9683.139,Pinned,Device,NVIDIA A100-SXM4-40GB MIG 4g.20gb (0),1,,13,[CUDA memcpy Host-to-Device]
1440769838,9824,4067,,,,,,,,,,0.197,20012.925,Pinned,Device,NVIDIA A100-SXM4-40GB MIG 4g.20gb (0),1,,13,[CUDA memcpy Host-to-Device]
1440786989,6432,4068,273,1,1,8,4,1,39,0.002,0.000,,,,,NVIDIA A100-SXM4-40GB MIG 4g.20gb (0),1,,13,"void channel_eq::eqMmseCoefCompLowMimoKernel<float, float, float, (unsigned int)4, (unsigned int)1, (unsigned int)4>(const channel_eq::_puschRxChEqStatDescr *, channel_eq::_puschRxChEqCoefCompDynDescr)"
1440794509,5664,4069,273,1,1,12,11,1,51,0.002,0.000,,,,,NVIDIA A100-SXM4-40GB MIG 4g.20gb (0),1,,13,"void channel_eq::eqMmseSoftDemapKernel<float, __half, __half, float, (unsigned int)4, (unsigned short)16383>(channel_eq::_puschRxChEqStatDescr *, channel_eq::_puschRxChEqSoftDemapDynDescr)"
1440801261,282237,4070,1,1,1,32,32,1,30,0.000,0.000,,,,,NVIDIA A100-SXM4-40GB MIG 4g.20gb (0),1,,13,"void convert_kernel<float2, __half2>(tensor_layout_any, T1 *, tensor_layout_any, const T2 *)"
1441084458,10848,4082,2253,1,1,128,1,1,16,0.000,0.000,,,,,NVIDIA A100-SXM4-40GB MIG 4g.20gb (0),1,,13,cupy_copy__float16_float16
1441098922,3584,4091,282,1,1,128,1,1,16,0.000,0.000,,,,,NVIDIA A100-SXM4-40GB MIG 4g.20gb (0),1,,13,cupy_copy__complex64_complex64
1441106057,2016,4100,26,1,1,128,1,1,16,0.000,0.000,,,,,NVIDIA A100-SXM4-40GB MIG 4g.20gb (0),1,,13,cupy_copy__float32_float32
1441110377,3136,4109,103,1,1,128,1,1,16,0.000,0.000,,,,,NVIDIA A100-SXM4-40GB MIG 4g.20gb (0),1,,13,cupy_copy__complex64_complex64
1441114569,11904,4119,1434,1,1,128,1,1,16,0.000,0.000,,,,,NVIDIA A100-SXM4-40GB MIG 4g.20gb (0),1,,13,cupy_copy__complex64_complex64
1441135721,81791,4124,1,1,1,32,32,1,30,0.000,0.000,,,,,NVIDIA A100-SXM4-40GB MIG 4g.20gb (0),1,,13,"void convert_kernel<__half2, float2>(tensor_layout_any, T1 *, tensor_layout_any, const T2 *)"
1441243976,5440,4127,,,,,,,,,,0.094,17223.480,Pinned,Device,NVIDIA A100-SXM4-40GB MIG 4g.20gb (0),1,,13,[CUDA memcpy Host-to-Device]
1441255208,598872,4128,,,,,,,,,,456.561,762001.043,Device,,NVIDIA A100-SXM4-40GB MIG 4g.20gb (0),1,,13,[CUDA memset]
1441860384,157982,4133,,,,,,,,,,1.235,7815.961,Pinned,Device,NVIDIA A100-SXM4-40GB MIG 4g.20gb (0),1,,13,[CUDA memcpy Host-to-Device]
1442030782,41120,4134,,,,,,,,,,0.197,4781.310,Pinned,Device,NVIDIA A100-SXM4-40GB MIG 4g.20gb (0),1,,13,[CUDA memcpy Host-to-Device]
1442089213,8160,4135,69,4,1,48,1,1,76,0.002,0.000,,,,,NVIDIA A100-SXM4-40GB MIG 4g.20gb (0),1,,13,"void ch_est::windowedChEstPreNoDftSOfdmKernel<float, __half, float, (unsigned int)2, (unsigned int)1, (unsigned short)4>(ch_est::puschRxChEstStatDescr_t *, ch_est::puschRxChEstDynDescr_t *)"
1442108829,6432,4136,137,2,1,24,2,1,44,0.001,0.001,,,,,NVIDIA A100-SXM4-40GB MIG 4g.20gb (0),1,,13,"void ch_est::chEstFilterNoDftSOfdmDispatchKernel<float, __half, float, (unsigned int)2>(ch_est::puschRxChEstStatDescr_t *, ch_est::puschRxChEstDynDescr_t *)"
1442123933,4768,4137,137,2,1,24,2,1,44,0.001,0.001,,,,,NVIDIA A100-SXM4-40GB MIG 4g.20gb (0),1,,13,"void ch_est::chEstFilterNoDftSOfdmDispatchKernel<float, __half, float, (unsigned int)2>(ch_est::puschRxChEstStatDescr_t *, ch_est::puschRxChEstDynDescr_t *)"
1442139837,2656,4148,103,1,1,128,1,1,16,0.000,0.000,,,,,NVIDIA A100-SXM4-40GB MIG 4g.20gb (0),1,,13,cupy_copy__complex64_complex64
1442152253,12351,4158,1434,1,1,128,1,1,16,0.000,0.000,,,,,NVIDIA A100-SXM4-40GB MIG 4g.20gb (0),1,,13,cupy_copy__complex64_complex64
1442167612,2912,4165,103,1,1,128,1,1,16,0.000,0.000,,,,,NVIDIA A100-SXM4-40GB MIG 4g.20gb (0),1,,13,cupy_copy__complex64_complex64
1442183036,84031,4172,1,1,1,32,32,1,30,0.000,0.000,,,,,NVIDIA A100-SXM4-40GB MIG 4g.20gb (0),1,,13,"void convert_kernel<__half2, float2>(tensor_layout_any, T1 *, tensor_layout_any, const T2 *)"
1442298843,14272,4175,,,,,,,,,,0.094,6564.998,Pinned,Device,NVIDIA A100-SXM4-40GB MIG 4g.20gb (0),1,,13,[CUDA memcpy Host-to-Device]
1442325754,48064,4176,,,,,,,,,,35.810,745025.386,Device,,NVIDIA A100-SXM4-40GB MIG 4g.20gb (0),1,,13,[CUDA memset]
1442381370,8064,4178,,,,,,,,,,0.000,9.921,Pinned,Device,NVIDIA A100-SXM4-40GB MIG 4g.20gb (0),1,,13,[CUDA memcpy Host-to-Device]
1442393946,20351,4179,,,,,,,,,,0.197,9660.727,Pinned,Device,NVIDIA A100-SXM4-40GB MIG 4g.20gb (0),1,,13,[CUDA memcpy Host-to-Device]
1442429241,9824,4180,273,1,1,48,1,1,40,0.000,0.001,,,,,NVIDIA A100-SXM4-40GB MIG 4g.20gb (0),1,,13,"void pusch_noise_intf_est::noiseIntfEstNoDftSOfdmKernel<float, __half, float, float, (unsigned int)2, (unsigned int)1, (unsigned char)4, (unsigned char)4>(pusch_noise_intf_est::puschRxNoiseIntfEstDynDescr)"
1442451673,2816,4191,35,1,1,128,1,1,16,0.000,0.000,,,,,NVIDIA A100-SXM4-40GB MIG 4g.20gb (0),1,,13,cupy_copy__complex64_complex64
1442460953,1728,4200,1,1,1,1,1,1,18,0.000,0.000,,,,,NVIDIA A100-SXM4-40GB MIG 4g.20gb (0),1,,13,cupy_copy__float32_float32
1442466041,2880,4206,,,,,,,,,,0.000,1.389,Device,Pageable,NVIDIA A100-SXM4-40GB MIG 4g.20gb (0),1,,7,[CUDA memcpy Device-to-Host]
1442543960,12928,4217,1434,1,1,128,1,1,16,0.000,0.000,,,,,NVIDIA A100-SXM4-40GB MIG 4g.20gb (0),1,,13,cupy_copy__complex64_complex64
1442565111,3072,4224,103,1,1,128,1,1,16,0.000,0.000,,,,,NVIDIA A100-SXM4-40GB MIG 4g.20gb (0),1,,13,cupy_copy__complex64_complex64
1442593239,2688,4231,35,1,1,128,1,1,16,0.000,0.000,,,,,NVIDIA A100-SXM4-40GB MIG 4g.20gb (0),1,,13,cupy_copy__complex64_complex64
1442605943,1856,4238,1,1,1,1,1,1,18,0.000,0.000,,,,,NVIDIA A100-SXM4-40GB MIG 4g.20gb (0),1,,13,cupy_copy__float32_float32
1442730805,87391,4249,1,1,1,32,32,1,30,0.000,0.000,,,,,NVIDIA A100-SXM4-40GB MIG 4g.20gb (0),1,,13,"void convert_kernel<__half2, float2>(tensor_layout_any, T1 *, tensor_layout_any, const T2 *)"
1442851860,5376,4252,,,,,,,,,,0.094,17428.487,Pinned,Device,NVIDIA A100-SXM4-40GB MIG 4g.20gb (0),1,,13,[CUDA memcpy Host-to-Device]
1442869012,3392,4253,,,,,,,,,,1.547,455961.768,Device,,NVIDIA A100-SXM4-40GB MIG 4g.20gb (0),1,,13,[CUDA memset]
1442874740,3328,4258,,,,,,,,,,0.031,9403.822,Pinned,Device,NVIDIA A100-SXM4-40GB MIG 4g.20gb (0),1,,13,[CUDA memcpy Host-to-Device]
1442880468,9599,4259,,,,,,,,,,0.197,20482.032,Pinned,Device,NVIDIA A100-SXM4-40GB MIG 4g.20gb (0),1,,13,[CUDA memcpy Host-to-Device]
1442895507,6560,4260,273,1,1,8,4,1,39,0.002,0.000,,,,,NVIDIA A100-SXM4-40GB MIG 4g.20gb (0),1,,13,"void channel_eq::eqMmseCoefCompLowMimoKernel<float, float, float, (unsigned int)4, (unsigned int)1, (unsigned int)4>(const channel_eq::_puschRxChEqStatDescr *, channel_eq::_puschRxChEqCoefCompDynDescr)"
1442905299,5824,4261,273,1,1,12,11,1,51,0.002,0.000,,,,,NVIDIA A100-SXM4-40GB MIG 4g.20gb (0),1,,13,"void channel_eq::eqMmseSoftDemapKernel<float, __half, __half, float, (unsigned int)4, (unsigned short)16383>(channel_eq::_puschRxChEqStatDescr *, channel_eq::_puschRxChEqSoftDemapDynDescr)"
1442912243,290461,4262,1,1,1,32,32,1,30,0.000,0.000,,,,,NVIDIA A100-SXM4-40GB MIG 4g.20gb (0),1,,13,"void convert_kernel<float2, __half2>(tensor_layout_any, T1 *, tensor_layout_any, const T2 *)"
1443205551,11072,4274,2253,1,1,128,1,1,16,0.000,0.000,,,,,NVIDIA A100-SXM4-40GB MIG 4g.20gb (0),1,,13,cupy_copy__float16_float16
1443220175,3680,4283,282,1,1,128,1,1,16,0.000,0.000,,,,,NVIDIA A100-SXM4-40GB MIG 4g.20gb (0),1,,13,cupy_copy__complex64_complex64
1443224943,2048,4292,26,1,1,128,1,1,16,0.000,0.000,,,,,NVIDIA A100-SXM4-40GB MIG 4g.20gb (0),1,,13,cupy_copy__float32_float32
1443230703,2848,4301,103,1,1,128,1,1,16,0.000,0.000,,,,,NVIDIA A100-SXM4-40GB MIG 4g.20gb (0),1,,13,cupy_copy__complex64_complex64
1443236751,11936,4311,1434,1,1,128,1,1,16,0.000,0.000,,,,,NVIDIA A100-SXM4-40GB MIG 4g.20gb (0),1,,13,cupy_copy__complex64_complex64
1443252015,86399,4316,1,1,1,32,32,1,30,0.000,0.000,,,,,NVIDIA A100-SXM4-40GB MIG 4g.20gb (0),1,,13,"void convert_kernel<__half2, float2>(tensor_layout_any, T1 *, tensor_layout_any, const T2 *)"
1443365357,5664,4319,,,,,,,,,,0.094,16542.310,Pinned,Device,NVIDIA A100-SXM4-40GB MIG 4g.20gb (0),1,,13,[CUDA memcpy Host-to-Device]
1443375661,600313,4320,,,,,,,,,,456.561,760174.798,Device,,NVIDIA A100-SXM4-40GB MIG 4g.20gb (0),1,,13,[CUDA memset]
1443983910,119230,4325,,,,,,,,,,1.235,10357.475,Pinned,Device,NVIDIA A100-SXM4-40GB MIG 4g.20gb (0),1,,13,[CUDA memcpy Host-to-Device]
1444113444,32480,4326,,,,,,,,,,0.197,6053.167,Pinned,Device,NVIDIA A100-SXM4-40GB MIG 4g.20gb (0),1,,13,[CUDA memcpy Host-to-Device]
1444162308,8224,4327,69,4,1,48,1,1,76,0.002,0.000,,,,,NVIDIA A100-SXM4-40GB MIG 4g.20gb (0),1,,13,"void ch_est::windowedChEstPreNoDftSOfdmKernel<float, __half, float, (unsigned int)2, (unsigned int)1, (unsigned short)4>(ch_est::puschRxChEstStatDescr_t *, ch_est::puschRxChEstDynDescr_t *)"
1444185059,6560,4328,137,2,1,24,2,1,44,0.001,0.001,,,,,NVIDIA A100-SXM4-40GB MIG 4g.20gb (0),1,,13,"void ch_est::chEstFilterNoDftSOfdmDispatchKernel<float, __half, float, (unsigned int)2>(ch_est::puschRxChEstStatDescr_t *, ch_est::puschRxChEstDynDescr_t *)"
1444201283,4704,4329,137,2,1,24,2,1,44,0.001,0.001,,,,,NVIDIA A100-SXM4-40GB MIG 4g.20gb (0),1,,13,"void ch_est::chEstFilterNoDftSOfdmDispatchKernel<float, __half, float, (unsigned int)2>(ch_est::puschRxChEstStatDescr_t *, ch_est::puschRxChEstDynDescr_t *)"
1444214947,2560,4340,103,1,1,128,1,1,16,0.000,0.000,,,,,NVIDIA A100-SXM4-40GB MIG 4g.20gb (0),1,,13,cupy_copy__complex64_complex64
1444228131,12384,4350,1434,1,1,128,1,1,16,0.000,0.000,,,,,NVIDIA A100-SXM4-40GB MIG 4g.20gb (0),1,,13,cupy_copy__complex64_complex64
1444265570,2560,4357,103,1,1,128,1,1,16,0.000,0.000,,,,,NVIDIA A100-SXM4-40GB MIG 4g.20gb (0),1,,13,cupy_copy__complex64_complex64
1444281762,84255,4364,1,1,1,32,32,1,30,0.000,0.000,,,,,NVIDIA A100-SXM4-40GB MIG 4g.20gb (0),1,,13,"void convert_kernel<__half2, float2>(tensor_layout_any, T1 *, tensor_layout_any, const T2 *)"
1444395873,18943,4367,,,,,,,,,,0.094,4946.118,Pinned,Device,NVIDIA A100-SXM4-40GB MIG 4g.20gb (0),1,,13,[CUDA memcpy Host-to-Device]
1444436032,46944,4368,,,,,,,,,,35.810,762787.106,Device,,NVIDIA A100-SXM4-40GB MIG 4g.20gb (0),1,,13,[CUDA memset]
1444486912,4480,4370,,,,,,,,,,0.000,17.857,Pinned,Device,NVIDIA A100-SXM4-40GB MIG 4g.20gb (0),1,,13,[CUDA memcpy Host-to-Device]
1444497887,17056,4371,,,,,,,,,,0.197,11527.127,Pinned,Device,NVIDIA A100-SXM4-40GB MIG 4g.20gb (0),1,,13,[CUDA memcpy Host-to-Device]
1444525439,12832,4372,273,1,1,48,1,1,40,0.000,0.001,,,,,NVIDIA A100-SXM4-40GB MIG 4g.20gb (0),1,,13,"void pusch_noise_intf_est::noiseIntfEstNoDftSOfdmKernel<float, __half, float, float, (unsigned int)2, (unsigned int)1, (unsigned char)4, (unsigned char)4>(pusch_noise_intf_est::puschRxNoiseIntfEstDynDescr)"
1444540895,2624,4383,35,1,1,128,1,1,16,0.000,0.000,,,,,NVIDIA A100-SXM4-40GB MIG 4g.20gb (0),1,,13,cupy_copy__complex64_complex64
1444549215,1760,4392,1,1,1,1,1,1,18,0.000,0.000,,,,,NVIDIA A100-SXM4-40GB MIG 4g.20gb (0),1,,13,cupy_copy__float32_float32
1444557023,4576,4398,,,,,,,,,,0.000,0.874,Device,Pageable,NVIDIA A100-SXM4-40GB MIG 4g.20gb (0),1,,7,[CUDA memcpy Device-to-Host]
1444635358,12960,4409,1434,1,1,128,1,1,16,0.000,0.000,,,,,NVIDIA A100-SXM4-40GB MIG 4g.20gb (0),1,,13,cupy_copy__complex64_complex64
1444659261,2976,4416,103,1,1,128,1,1,16,0.000,0.000,,,,,NVIDIA A100-SXM4-40GB MIG 4g.20gb (0),1,,13,cupy_copy__complex64_complex64
1444678013,2688,4423,35,1,1,128,1,1,16,0.000,0.000,,,,,NVIDIA A100-SXM4-40GB MIG 4g.20gb (0),1,,13,cupy_copy__complex64_complex64
1444699869,1920,4430,1,1,1,1,1,1,18,0.000,0.000,,,,,NVIDIA A100-SXM4-40GB MIG 4g.20gb (0),1,,13,cupy_copy__float32_float32
1444833435,82847,4441,1,1,1,32,32,1,30,0.000,0.000,,,,,NVIDIA A100-SXM4-40GB MIG 4g.20gb (0),1,,13,"void convert_kernel<__half2, float2>(tensor_layout_any, T1 *, tensor_layout_any, const T2 *)"
1444947386,11104,4444,,,,,,,,,,0.094,8437.981,Pinned,Device,NVIDIA A100-SXM4-40GB MIG 4g.20gb (0),1,,13,[CUDA memcpy Host-to-Device]
1444969754,3616,4445,,,,,,,,,,1.547,427715.774,Device,,NVIDIA A100-SXM4-40GB MIG 4g.20gb (0),1,,13,[CUDA memset]
1444978905,3424,4450,,,,,,,,,,0.031,9140.185,Pinned,Device,NVIDIA A100-SXM4-40GB MIG 4g.20gb (0),1,,13,[CUDA memcpy Host-to-Device]
1444986201,9696,4451,,,,,,,,,,0.197,20277.166,Pinned,Device,NVIDIA A100-SXM4-40GB MIG 4g.20gb (0),1,,13,[CUDA memcpy Host-to-Device]
1445001689,6624,4452,273,1,1,8,4,1,39,0.002,0.000,,,,,NVIDIA A100-SXM4-40GB MIG 4g.20gb (0),1,,13,"void channel_eq::eqMmseCoefCompLowMimoKernel<float, float, float, (unsigned int)4, (unsigned int)1, (unsigned int)4>(const channel_eq::_puschRxChEqStatDescr *, channel_eq::_puschRxChEqCoefCompDynDescr)"
1445009913,6496,4453,273,1,1,12,11,1,51,0.002,0.000,,,,,NVIDIA A100-SXM4-40GB MIG 4g.20gb (0),1,,13,"void channel_eq::eqMmseSoftDemapKernel<float, __half, __half, float, (unsigned int)4, (unsigned short)16383>(channel_eq::_puschRxChEqStatDescr *, channel_eq::_puschRxChEqSoftDemapDynDescr)"
1445018073,282813,4454,1,1,1,32,32,1,30,0.000,0.000,,,,,NVIDIA A100-SXM4-40GB MIG 4g.20gb (0),1,,13,"void convert_kernel<float2, __half2>(tensor_layout_any, T1 *, tensor_layout_any, const T2 *)"
1445304021,10912,4466,2253,1,1,128,1,1,16,0.000,0.000,,,,,NVIDIA A100-SXM4-40GB MIG 4g.20gb (0),1,,13,cupy_copy__float16_float16
1445318453,3136,4475,282,1,1,128,1,1,16,0.000,0.000,,,,,NVIDIA A100-SXM4-40GB MIG 4g.20gb (0),1,,13,cupy_copy__complex64_complex64
1445323861,2016,4484,26,1,1,128,1,1,16,0.000,0.000,,,,,NVIDIA A100-SXM4-40GB MIG 4g.20gb (0),1,,13,cupy_copy__float32_float32
1445327445,2912,4493,103,1,1,128,1,1,16,0.000,0.000,,,,,NVIDIA A100-SXM4-40GB MIG 4g.20gb (0),1,,13,cupy_copy__complex64_complex64
1445331381,12384,4503,1434,1,1,128,1,1,16,0.000,0.000,,,,,NVIDIA A100-SXM4-40GB MIG 4g.20gb (0),1,,13,cupy_copy__complex64_complex64
1445346549,81759,4508,1,1,1,32,32,1,30,0.000,0.000,,,,,NVIDIA A100-SXM4-40GB MIG 4g.20gb (0),1,,13,"void convert_kernel<__half2, float2>(tensor_layout_any, T1 *, tensor_layout_any, const T2 *)"
1445456180,5600,4511,,,,,,,,,,0.094,16731.388,Pinned,Device,NVIDIA A100-SXM4-40GB MIG 4g.20gb (0),1,,13,[CUDA memcpy Host-to-Device]
1445465907,597689,4512,,,,,,,,,,456.561,763827.289,Device,,NVIDIA A100-SXM4-40GB MIG 4g.20gb (0),1,,13,[CUDA memset]
1446071820,127070,4517,,,,,,,,,,1.235,9717.774,Pinned,Device,NVIDIA A100-SXM4-40GB MIG 4g.20gb (0),1,,13,[CUDA memcpy Host-to-Device]
1446211626,40096,4518,,,,,,,,,,0.197,4903.404,Pinned,Device,NVIDIA A100-SXM4-40GB MIG 4g.20gb (0),1,,13,[CUDA memcpy Host-to-Device]
1446269194,8191,4519,69,4,1,48,1,1,76,0.002,0.000,,,,,NVIDIA A100-SXM4-40GB MIG 4g.20gb (0),1,,13,"void ch_est::windowedChEstPreNoDftSOfdmKernel<float, __half, float, (unsigned int)2, (unsigned int)1, (unsigned short)4>(ch_est::puschRxChEstStatDescr_t *, ch_est::puschRxChEstDynDescr_t *)"
1446287145,7168,4520,137,2,1,24,2,1,44,0.001,0.001,,,,,NVIDIA A100-SXM4-40GB MIG 4g.20gb (0),1,,13,"void ch_est::chEstFilterNoDftSOfdmDispatchKernel<float, __half, float, (unsigned int)2>(ch_est::puschRxChEstStatDescr_t *, ch_est::puschRxChEstDynDescr_t *)"
1446304265,4736,4521,137,2,1,24,2,1,44,0.001,0.001,,,,,NVIDIA A100-SXM4-40GB MIG 4g.20gb (0),1,,13,"void ch_est::chEstFilterNoDftSOfdmDispatchKernel<float, __half, float, (unsigned int)2>(ch_est::puschRxChEstStatDescr_t *, ch_est::puschRxChEstDynDescr_t *)"
1446321993,2656,4532,103,1,1,128,1,1,16,0.000,0.000,,,,,NVIDIA A100-SXM4-40GB MIG 4g.20gb (0),1,,13,cupy_copy__complex64_complex64
1446339529,12607,4542,1434,1,1,128,1,1,16,0.000,0.000,,,,,NVIDIA A100-SXM4-40GB MIG 4g.20gb (0),1,,13,cupy_copy__complex64_complex64
1446358216,2944,4549,103,1,1,128,1,1,16,0.000,0.000,,,,,NVIDIA A100-SXM4-40GB MIG 4g.20gb (0),1,,13,cupy_copy__complex64_complex64
1446383688,86559,4556,1,1,1,32,32,1,30,0.000,0.000,,,,,NVIDIA A100-SXM4-40GB MIG 4g.20gb (0),1,,13,"void convert_kernel<__half2, float2>(tensor_layout_any, T1 *, tensor_layout_any, const T2 *)"
1446507239,20671,4559,,,,,,,,,,0.094,4532.638,Pinned,Device,NVIDIA A100-SXM4-40GB MIG 4g.20gb (0),1,,13,[CUDA memcpy Host-to-Device]
1446543238,47008,4560,,,,,,,,,,35.810,761748.618,Device,,NVIDIA A100-SXM4-40GB MIG 4g.20gb (0),1,,13,[CUDA memset]
1446591814,11423,4562,,,,,,,,,,0.000,7.003,Pinned,Device,NVIDIA A100-SXM4-40GB MIG 4g.20gb (0),1,,13,[CUDA memcpy Host-to-Device]
1446611269,24800,4563,,,,,,,,,,0.197,7927.628,Pinned,Device,NVIDIA A100-SXM4-40GB MIG 4g.20gb (0),1,,13,[CUDA memcpy Host-to-Device]
1446647493,9248,4564,273,1,1,48,1,1,40,0.000,0.001,,,,,NVIDIA A100-SXM4-40GB MIG 4g.20gb (0),1,,13,"void pusch_noise_intf_est::noiseIntfEstNoDftSOfdmKernel<float, __half, float, float, (unsigned int)2, (unsigned int)1, (unsigned char)4, (unsigned char)4>(pusch_noise_intf_est::puschRxNoiseIntfEstDynDescr)"
1446662661,2592,4575,35,1,1,128,1,1,16,0.000,0.000,,,,,NVIDIA A100-SXM4-40GB MIG 4g.20gb (0),1,,13,cupy_copy__complex64_complex64
1446674692,1792,4584,1,1,1,1,1,1,18,0.000,0.000,,,,,NVIDIA A100-SXM4-40GB MIG 4g.20gb (0),1,,13,cupy_copy__float32_float32
1446682820,6272,4590,,,,,,,,,,0.000,0.638,Device,Pageable,NVIDIA A100-SXM4-40GB MIG 4g.20gb (0),1,,7,[CUDA memcpy Device-to-Host]
1446769891,12896,4601,1434,1,1,128,1,1,16,0.000,0.000,,,,,NVIDIA A100-SXM4-40GB MIG 4g.20gb (0),1,,13,cupy_copy__complex64_complex64
1446785635,2624,4608,103,1,1,128,1,1,16,0.000,0.000,,,,,NVIDIA A100-SXM4-40GB MIG 4g.20gb (0),1,,13,cupy_copy__complex64_complex64
1446815171,2560,4615,35,1,1,128,1,1,16,0.000,0.000,,,,,NVIDIA A100-SXM4-40GB MIG 4g.20gb (0),1,,13,cupy_copy__complex64_complex64
1446829059,1792,4622,1,1,1,1,1,1,18,0.000,0.000,,,,,NVIDIA A100-SXM4-40GB MIG 4g.20gb (0),1,,13,cupy_copy__float32_float32
1446969409,82303,4633,1,1,1,32,32,1,30,0.000,0.000,,,,,NVIDIA A100-SXM4-40GB MIG 4g.20gb (0),1,,13,"void convert_kernel<__half2, float2>(tensor_layout_any, T1 *, tensor_layout_any, const T2 *)"
1447079199,5856,4636,,,,,,,,,,0.094,15999.997,Pinned,Device,NVIDIA A100-SXM4-40GB MIG 4g.20gb (0),1,,13,[CUDA memcpy Host-to-Device]
1447093791,3360,4637,,,,,,,,,,1.547,460304.688,Device,,NVIDIA A100-SXM4-40GB MIG 4g.20gb (0),1,,13,[CUDA memset]
1447100735,4096,4642,,,,,,,,,,0.031,7640.605,Pinned,Device,NVIDIA A100-SXM4-40GB MIG 4g.20gb (0),1,,13,[CUDA memcpy Host-to-Device]
1447107711,9504,4643,,,,,,,,,,0.197,20686.701,Pinned,Device,NVIDIA A100-SXM4-40GB MIG 4g.20gb (0),1,,13,[CUDA memcpy Host-to-Device]
1447121215,6304,4644,273,1,1,8,4,1,39,0.002,0.000,,,,,NVIDIA A100-SXM4-40GB MIG 4g.20gb (0),1,,13,"void channel_eq::eqMmseCoefCompLowMimoKernel<float, float, float, (unsigned int)4, (unsigned int)1, (unsigned int)4>(const channel_eq::_puschRxChEqStatDescr *, channel_eq::_puschRxChEqCoefCompDynDescr)"
1447130559,6208,4645,273,1,1,12,11,1,51,0.002,0.000,,,,,NVIDIA A100-SXM4-40GB MIG 4g.20gb (0),1,,13,"void channel_eq::eqMmseSoftDemapKernel<float, __half, __half, float, (unsigned int)4, (unsigned short)16383>(channel_eq::_puschRxChEqStatDescr *, channel_eq::_puschRxChEqSoftDemapDynDescr)"
1447137759,282524,4646,1,1,1,32,32,1,30,0.000,0.000,,,,,NVIDIA A100-SXM4-40GB MIG 4g.20gb (0),1,,13,"void convert_kernel<float2, __half2>(tensor_layout_any, T1 *, tensor_layout_any, const T2 *)"
1447421307,10848,4658,2253,1,1,128,1,1,16,0.000,0.000,,,,,NVIDIA A100-SXM4-40GB MIG 4g.20gb (0),1,,13,cupy_copy__float16_float16
1447433787,3328,4667,282,1,1,128,1,1,16,0.000,0.000,,,,,NVIDIA A100-SXM4-40GB MIG 4g.20gb (0),1,,13,cupy_copy__complex64_complex64
1447438939,2144,4676,26,1,1,128,1,1,16,0.000,0.000,,,,,NVIDIA A100-SXM4-40GB MIG 4g.20gb (0),1,,13,cupy_copy__float32_float32
1447444315,2944,4685,103,1,1,128,1,1,16,0.000,0.000,,,,,NVIDIA A100-SXM4-40GB MIG 4g.20gb (0),1,,13,cupy_copy__complex64_complex64
1447448891,12352,4695,1434,1,1,128,1,1,16,0.000,0.000,,,,,NVIDIA A100-SXM4-40GB MIG 4g.20gb (0),1,,13,cupy_copy__complex64_complex64
1447472283,87135,4700,1,1,1,32,32,1,30,0.000,0.000,,,,,NVIDIA A100-SXM4-40GB MIG 4g.20gb (0),1,,13,"void convert_kernel<__half2, float2>(tensor_layout_any, T1 *, tensor_layout_any, const T2 *)"
1447586361,5536,4703,,,,,,,,,,0.094,16924.777,Pinned,Device,NVIDIA A100-SXM4-40GB MIG 4g.20gb (0),1,,13,[CUDA memcpy Host-to-Device]
1447596281,597881,4704,,,,,,,,,,456.561,763370.728,Device,,NVIDIA A100-SXM4-40GB MIG 4g.20gb (0),1,,13,[CUDA memset]
1448201714,83551,4709,,,,,,,,,,1.235,14779.810,Pinned,Device,NVIDIA A100-SXM4-40GB MIG 4g.20gb (0),1,,13,[CUDA memcpy Host-to-Device]
1448291984,21152,4710,,,,,,,,,,0.197,9294.840,Pinned,Device,NVIDIA A100-SXM4-40GB MIG 4g.20gb (0),1,,13,[CUDA memcpy Host-to-Device]
1448323696,8512,4711,69,4,1,48,1,1,76,0.002,0.000,,,,,NVIDIA A100-SXM4-40GB MIG 4g.20gb (0),1,,13,"void ch_est::windowedChEstPreNoDftSOfdmKernel<float, __half, float, (unsigned int)2, (unsigned int)1, (unsigned short)4>(ch_est::puschRxChEstStatDescr_t *, ch_est::puschRxChEstDynDescr_t *)"
1448339472,7104,4712,137,2,1,24,2,1,44,0.001,0.001,,,,,NVIDIA A100-SXM4-40GB MIG 4g.20gb (0),1,,13,"void ch_est::chEstFilterNoDftSOfdmDispatchKernel<float, __half, float, (unsigned int)2>(ch_est::puschRxChEstStatDescr_t *, ch_est::puschRxChEstDynDescr_t *)"
1448354896,6208,4713,137,2,1,24,2,1,44,0.001,0.001,,,,,NVIDIA A100-SXM4-40GB MIG 4g.20gb (0),1,,13,"void ch_est::chEstFilterNoDftSOfdmDispatchKernel<float, __half, float, (unsigned int)2>(ch_est::puschRxChEstStatDescr_t *, ch_est::puschRxChEstDynDescr_t *)"
1448362800,3072,4724,103,1,1,128,1,1,16,0.000,0.000,,,,,NVIDIA A100-SXM4-40GB MIG 4g.20gb (0),1,,13,cupy_copy__complex64_complex64
1448371183,12672,4734,1434,1,1,128,1,1,16,0.000,0.000,,,,,NVIDIA A100-SXM4-40GB MIG 4g.20gb (0),1,,13,cupy_copy__complex64_complex64
1448386575,2816,4741,103,1,1,128,1,1,16,0.000,0.000,,,,,NVIDIA A100-SXM4-40GB MIG 4g.20gb (0),1,,13,cupy_copy__complex64_complex64
1448394415,88319,4748,1,1,1,32,32,1,30,0.000,0.000,,,,,NVIDIA A100-SXM4-40GB MIG 4g.20gb (0),1,,13,"void convert_kernel<__half2, float2>(tensor_layout_any, T1 *, tensor_layout_any, const T2 *)"
1448514318,13760,4751,,,,,,,,,,0.094,6809.263,Pinned,Device,NVIDIA A100-SXM4-40GB MIG 4g.20gb (0),1,,13,[CUDA memcpy Host-to-Device]
1448533165,46784,4752,,,,,,,,,,35.810,765401.230,Device,,NVIDIA A100-SXM4-40GB MIG 4g.20gb (0),1,,13,[CUDA memset]
1448585773,7264,4754,,,,,,,,,,0.000,11.013,Pinned,Device,NVIDIA A100-SXM4-40GB MIG 4g.20gb (0),1,,13,[CUDA memcpy Host-to-Device]
1448602829,22943,4755,,,,,,,,,,0.197,8569.356,Pinned,Device,NVIDIA A100-SXM4-40GB MIG 4g.20gb (0),1,,13,[CUDA memcpy Host-to-Device]
1448640460,8896,4756,273,1,1,48,1,1,40,0.000,0.001,,,,,NVIDIA A100-SXM4-40GB MIG 4g.20gb (0),1,,13,"void pusch_noise_intf_est::noiseIntfEstNoDftSOfdmKernel<float, __half, float, float, (unsigned int)2, (unsigned int)1, (unsigned char)4, (unsigned char)4>(pusch_noise_intf_est::puschRxNoiseIntfEstDynDescr)"
1448659596,2688,4767,35,1,1,128,1,1,16,0.000,0.000,,,,,NVIDIA A100-SXM4-40GB MIG 4g.20gb (0),1,,13,cupy_copy__complex64_complex64
1448669100,1728,4776,1,1,1,1,1,1,18,0.000,0.000,,,,,NVIDIA A100-SXM4-40GB MIG 4g.20gb (0),1,,13,cupy_copy__float32_float32
1448674476,2752,4782,,,,,,,,,,0.000,1.453,Device,Pageable,NVIDIA A100-SXM4-40GB MIG 4g.20gb (0),1,,7,[CUDA memcpy Device-to-Host]
1448752075,13376,4793,1434,1,1,128,1,1,16,0.000,0.000,,,,,NVIDIA A100-SXM4-40GB MIG 4g.20gb (0),1,,13,cupy_copy__complex64_complex64
1448783050,2784,4800,103,1,1,128,1,1,16,0.000,0.000,,,,,NVIDIA A100-SXM4-40GB MIG 4g.20gb (0),1,,13,cupy_copy__complex64_complex64
1448801610,2752,4807,35,1,1,128,1,1,16,0.000,0.000,,,,,NVIDIA A100-SXM4-40GB MIG 4g.20gb (0),1,,13,cupy_copy__complex64_complex64
1448821738,1888,4814,1,1,1,1,1,1,18,0.000,0.000,,,,,NVIDIA A100-SXM4-40GB MIG 4g.20gb (0),1,,13,cupy_copy__float32_float32
1448941416,87615,4825,1,1,1,32,32,1,30,0.000,0.000,,,,,NVIDIA A100-SXM4-40GB MIG 4g.20gb (0),1,,13,"void convert_kernel<__half2, float2>(tensor_layout_any, T1 *, tensor_layout_any, const T2 *)"
1449060903,5568,4828,,,,,,,,,,0.094,16827.521,Pinned,Device,NVIDIA A100-SXM4-40GB MIG 4g.20gb (0),1,,13,[CUDA memcpy Host-to-Device]
1449075207,3328,4829,,,,,,,,,,1.547,464729.580,Device,,NVIDIA A100-SXM4-40GB MIG 4g.20gb (0),1,,13,[CUDA memset]
1449082343,3424,4834,,,,,,,,,,0.031,9140.185,Pinned,Device,NVIDIA A100-SXM4-40GB MIG 4g.20gb (0),1,,13,[CUDA memcpy Host-to-Device]
1449088391,9407,4835,,,,,,,,,,0.197,20900.020,Pinned,Device,NVIDIA A100-SXM4-40GB MIG 4g.20gb (0),1,,13,[CUDA memcpy Host-to-Device]
1449103398,5984,4836,273,1,1,8,4,1,39,0.002,0.000,,,,,NVIDIA A100-SXM4-40GB MIG 4g.20gb (0),1,,13,"void channel_eq::eqMmseCoefCompLowMimoKernel<float, float, float, (unsigned int)4, (unsigned int)1, (unsigned int)4>(const channel_eq::_puschRxChEqStatDescr *, channel_eq::_puschRxChEqCoefCompDynDescr)"
1449110758,5312,4837,273,1,1,12,11,1,51,0.002,0.000,,,,,NVIDIA A100-SXM4-40GB MIG 4g.20gb (0),1,,13,"void channel_eq::eqMmseSoftDemapKernel<float, __half, __half, float, (unsigned int)4, (unsigned short)16383>(channel_eq::_puschRxChEqStatDescr *, channel_eq::_puschRxChEqSoftDemapDynDescr)"
1449117606,280413,4838,1,1,1,32,32,1,30,0.000,0.000,,,,,NVIDIA A100-SXM4-40GB MIG 4g.20gb (0),1,,13,"void convert_kernel<float2, __half2>(tensor_layout_any, T1 *, tensor_layout_any, const T2 *)"
1449400355,10784,4850,2253,1,1,128,1,1,16,0.000,0.000,,,,,NVIDIA A100-SXM4-40GB MIG 4g.20gb (0),1,,13,cupy_copy__float16_float16
1449416003,2655,4859,282,1,1,128,1,1,16,0.000,0.000,,,,,NVIDIA A100-SXM4-40GB MIG 4g.20gb (0),1,,13,cupy_copy__complex64_complex64
1449421154,2144,4868,26,1,1,128,1,1,16,0.000,0.000,,,,,NVIDIA A100-SXM4-40GB MIG 4g.20gb (0),1,,13,cupy_copy__float32_float32
1449425090,3904,4877,103,1,1,128,1,1,16,0.000,0.000,,,,,NVIDIA A100-SXM4-40GB MIG 4g.20gb (0),1,,13,cupy_copy__complex64_complex64
1449431714,12096,4887,1434,1,1,128,1,1,16,0.000,0.000,,,,,NVIDIA A100-SXM4-40GB MIG 4g.20gb (0),1,,13,cupy_copy__complex64_complex64
1449453250,82143,4892,1,1,1,32,32,1,30,0.000,0.000,,,,,NVIDIA A100-SXM4-40GB MIG 4g.20gb (0),1,,13,"void convert_kernel<__half2, float2>(tensor_layout_any, T1 *, tensor_layout_any, const T2 *)"
1449563041,6080,4895,,,,,,,,,,0.094,15410.462,Pinned,Device,NVIDIA A100-SXM4-40GB MIG 4g.20gb (0),1,,13,[CUDA memcpy Host-to-Device]
1449574433,596536,4896,,,,,,,,,,456.561,765196.973,Device,,NVIDIA A100-SXM4-40GB MIG 4g.20gb (0),1,,13,[CUDA memset]
1450178009,145246,4901,,,,,,,,,,1.235,8501.354,Pinned,Device,NVIDIA A100-SXM4-40GB MIG 4g.20gb (0),1,,13,[CUDA memcpy Host-to-Device]
1450332599,28800,4902,,,,,,,,,,0.197,6826.623,Pinned,Device,NVIDIA A100-SXM4-40GB MIG 4g.20gb (0),1,,13,[CUDA memcpy Host-to-Device]
1450374615,8800,4903,69,4,1,48,1,1,76,0.002,0.000,,,,,NVIDIA A100-SXM4-40GB MIG 4g.20gb (0),1,,13,"void ch_est::windowedChEstPreNoDftSOfdmKernel<float, __half, float, (unsigned int)2, (unsigned int)1, (unsigned short)4>(ch_est::puschRxChEstStatDescr_t *, ch_est::puschRxChEstDynDescr_t *)"
1450387926,6528,4904,137,2,1,24,2,1,44,0.001,0.001,,,,,NVIDIA A100-SXM4-40GB MIG 4g.20gb (0),1,,13,"void ch_est::chEstFilterNoDftSOfdmDispatchKernel<float, __half, float, (unsigned int)2>(ch_est::puschRxChEstStatDescr_t *, ch_est::puschRxChEstDynDescr_t *)"
1450402934,5376,4905,137,2,1,24,2,1,44,0.001,0.001,,,,,NVIDIA A100-SXM4-40GB MIG 4g.20gb (0),1,,13,"void ch_est::chEstFilterNoDftSOfdmDispatchKernel<float, __half, float, (unsigned int)2>(ch_est::puschRxChEstStatDescr_t *, ch_est::puschRxChEstDynDescr_t *)"
1450410550,2592,4916,103,1,1,128,1,1,16,0.000,0.000,,,,,NVIDIA A100-SXM4-40GB MIG 4g.20gb (0),1,,13,cupy_copy__complex64_complex64
1450416534,12448,4926,1434,1,1,128,1,1,16,0.000,0.000,,,,,NVIDIA A100-SXM4-40GB MIG 4g.20gb (0),1,,13,cupy_copy__complex64_complex64
1450435574,2560,4933,103,1,1,128,1,1,16,0.000,0.000,,,,,NVIDIA A100-SXM4-40GB MIG 4g.20gb (0),1,,13,cupy_copy__complex64_complex64
1450440086,82751,4940,1,1,1,32,32,1,30,0.000,0.000,,,,,NVIDIA A100-SXM4-40GB MIG 4g.20gb (0),1,,13,"void convert_kernel<__half2, float2>(tensor_layout_any, T1 *, tensor_layout_any, const T2 *)"
1450549844,5632,4943,,,,,,,,,,0.094,16636.287,Pinned,Device,NVIDIA A100-SXM4-40GB MIG 4g.20gb (0),1,,13,[CUDA memcpy Host-to-Device]
1450565460,47776,4944,,,,,,,,,,35.810,749537.436,Device,,NVIDIA A100-SXM4-40GB MIG 4g.20gb (0),1,,13,[CUDA memset]
1450615028,5344,4946,,,,,,,,,,0.000,14.970,Pinned,Device,NVIDIA A100-SXM4-40GB MIG 4g.20gb (0),1,,13,[CUDA memcpy Host-to-Device]
1450625588,13215,4947,,,,,,,,,,0.197,14877.524,Pinned,Device,NVIDIA A100-SXM4-40GB MIG 4g.20gb (0),1,,13,[CUDA memcpy Host-to-Device]
1450647635,9696,4948,273,1,1,48,1,1,40,0.000,0.001,,,,,NVIDIA A100-SXM4-40GB MIG 4g.20gb (0),1,,13,"void pusch_noise_intf_est::noiseIntfEstNoDftSOfdmKernel<float, __half, float, float, (unsigned int)2, (unsigned int)1, (unsigned char)4, (unsigned char)4>(pusch_noise_intf_est::puschRxNoiseIntfEstDynDescr)"
1450662995,2912,4959,35,1,1,128,1,1,16,0.000,0.000,,,,,NVIDIA A100-SXM4-40GB MIG 4g.20gb (0),1,,13,cupy_copy__complex64_complex64
1450676819,1760,4968,1,1,1,1,1,1,18,0.000,0.000,,,,,NVIDIA A100-SXM4-40GB MIG 4g.20gb (0),1,,13,cupy_copy__float32_float32
1450706739,1728,4974,,,,,,,,,,0.000,2.315,Device,Pageable,NVIDIA A100-SXM4-40GB MIG 4g.20gb (0),1,,7,[CUDA memcpy Device-to-Host]
1450767698,12928,4985,1434,1,1,128,1,1,16,0.000,0.000,,,,,NVIDIA A100-SXM4-40GB MIG 4g.20gb (0),1,,13,cupy_copy__complex64_complex64
1450794129,3776,4992,103,1,1,128,1,1,16,0.000,0.000,,,,,NVIDIA A100-SXM4-40GB MIG 4g.20gb (0),1,,13,cupy_copy__complex64_complex64
1450816561,2592,4999,35,1,1,128,1,1,16,0.000,0.000,,,,,NVIDIA A100-SXM4-40GB MIG 4g.20gb (0),1,,13,cupy_copy__complex64_complex64
1450833713,1792,5006,1,1,1,1,1,1,18,0.000,0.000,,,,,NVIDIA A100-SXM4-40GB MIG 4g.20gb (0),1,,13,cupy_copy__float32_float32
1450977391,87519,5017,1,1,1,32,32,1,30,0.000,0.000,,,,,NVIDIA A100-SXM4-40GB MIG 4g.20gb (0),1,,13,"void convert_kernel<__half2, float2>(tensor_layout_any, T1 *, tensor_layout_any, const T2 *)"
1451092206,5440,5020,,,,,,,,,,0.094,17223.480,Pinned,Device,NVIDIA A100-SXM4-40GB MIG 4g.20gb (0),1,,13,[CUDA memcpy Host-to-Device]
1451106542,3392,5021,,,,,,,,,,1.547,455961.768,Device,,NVIDIA A100-SXM4-40GB MIG 4g.20gb (0),1,,13,[CUDA memset]
1451113453,3200,5026,,,,,,,,,,0.031,9780.000,Pinned,Device,NVIDIA A100-SXM4-40GB MIG 4g.20gb (0),1,,13,[CUDA memcpy Host-to-Device]
1451119085,10208,5027,,,,,,,,,,0.197,19260.113,Pinned,Device,NVIDIA A100-SXM4-40GB MIG 4g.20gb (0),1,,13,[CUDA memcpy Host-to-Device]
1451136109,6144,5028,273,1,1,8,4,1,39,0.002,0.000,,,,,NVIDIA A100-SXM4-40GB MIG 4g.20gb (0),1,,13,"void channel_eq::eqMmseCoefCompLowMimoKernel<float, float, float, (unsigned int)4, (unsigned int)1, (unsigned int)4>(const channel_eq::_puschRxChEqStatDescr *, channel_eq::_puschRxChEqCoefCompDynDescr)"
1451145709,5536,5029,273,1,1,12,11,1,51,0.002,0.000,,,,,NVIDIA A100-SXM4-40GB MIG 4g.20gb (0),1,,13,"void channel_eq::eqMmseSoftDemapKernel<float, __half, __half, float, (unsigned int)4, (unsigned short)16383>(channel_eq::_puschRxChEqStatDescr *, channel_eq::_puschRxChEqSoftDemapDynDescr)"
1451153133,282940,5030,1,1,1,32,32,1,30,0.000,0.000,,,,,NVIDIA A100-SXM4-40GB MIG 4g.20gb (0),1,,13,"void convert_kernel<float2, __half2>(tensor_layout_any, T1 *, tensor_layout_any, const T2 *)"
1451437417,11072,5042,2253,1,1,128,1,1,16,0.000,0.000,,,,,NVIDIA A100-SXM4-40GB MIG 4g.20gb (0),1,,13,cupy_copy__float16_float16
1451452521,3104,5051,282,1,1,128,1,1,16,0.000,0.000,,,,,NVIDIA A100-SXM4-40GB MIG 4g.20gb (0),1,,13,cupy_copy__complex64_complex64
1451458377,2048,5060,26,1,1,128,1,1,16,0.000,0.000,,,,,NVIDIA A100-SXM4-40GB MIG 4g.20gb (0),1,,13,cupy_copy__float32_float32
1451461609,4640,5069,103,1,1,128,1,1,16,0.000,0.000,,,,,NVIDIA A100-SXM4-40GB MIG 4g.20gb (0),1,,13,cupy_copy__complex64_complex64
1451467337,12128,5079,1434,1,1,128,1,1,16,0.000,0.000,,,,,NVIDIA A100-SXM4-40GB MIG 4g.20gb (0),1,,13,cupy_copy__complex64_complex64
1451485609,86687,5084,1,1,1,32,32,1,30,0.000,0.000,,,,,NVIDIA A100-SXM4-40GB MIG 4g.20gb (0),1,,13,"void convert_kernel<__half2, float2>(tensor_layout_any, T1 *, tensor_layout_any, const T2 *)"
1451599431,5440,5087,,,,,,,,,,0.094,17223.480,Pinned,Device,NVIDIA A100-SXM4-40GB MIG 4g.20gb (0),1,,13,[CUDA memcpy Host-to-Device]
1451609351,597305,5088,,,,,,,,,,456.561,764283.851,Device,,NVIDIA A100-SXM4-40GB MIG 4g.20gb (0),1,,13,[CUDA memset]
1452218752,156734,5093,,,,,,,,,,1.235,7878.943,Pinned,Device,NVIDIA A100-SXM4-40GB MIG 4g.20gb (0),1,,13,[CUDA memcpy Host-to-Device]
1452386526,40863,5094,,,,,,,,,,0.197,4811.391,Pinned,Device,NVIDIA A100-SXM4-40GB MIG 4g.20gb (0),1,,13,[CUDA memcpy Host-to-Device]
1452449981,7744,5095,69,4,1,48,1,1,76,0.002,0.000,,,,,NVIDIA A100-SXM4-40GB MIG 4g.20gb (0),1,,13,"void ch_est::windowedChEstPreNoDftSOfdmKernel<float, __half, float, (unsigned int)2, (unsigned int)1, (unsigned short)4>(ch_est::puschRxChEstStatDescr_t *, ch_est::puschRxChEstDynDescr_t *)"
1452469341,7168,5096,137,2,1,24,2,1,44,0.001,0.001,,,,,NVIDIA A100-SXM4-40GB MIG 4g.20gb (0),1,,13,"void ch_est::chEstFilterNoDftSOfdmDispatchKernel<float, __half, float, (unsigned int)2>(ch_est::puschRxChEstStatDescr_t *, ch_est::puschRxChEstDynDescr_t *)"
1452487100,4800,5097,137,2,1,24,2,1,44,0.001,0.001,,,,,NVIDIA A100-SXM4-40GB MIG 4g.20gb (0),1,,13,"void ch_est::chEstFilterNoDftSOfdmDispatchKernel<float, __half, float, (unsigned int)2>(ch_est::puschRxChEstStatDescr_t *, ch_est::puschRxChEstDynDescr_t *)"
1452503996,2752,5108,103,1,1,128,1,1,16,0.000,0.000,,,,,NVIDIA A100-SXM4-40GB MIG 4g.20gb (0),1,,13,cupy_copy__complex64_complex64
1452520828,12576,5118,1434,1,1,128,1,1,16,0.000,0.000,,,,,NVIDIA A100-SXM4-40GB MIG 4g.20gb (0),1,,13,cupy_copy__complex64_complex64
1452540092,2976,5125,103,1,1,128,1,1,16,0.000,0.000,,,,,NVIDIA A100-SXM4-40GB MIG 4g.20gb (0),1,,13,cupy_copy__complex64_complex64
1452564540,85086,5132,1,1,1,32,32,1,30,0.000,0.000,,,,,NVIDIA A100-SXM4-40GB MIG 4g.20gb (0),1,,13,"void convert_kernel<__half2, float2>(tensor_layout_any, T1 *, tensor_layout_any, const T2 *)"
1452677722,7424,5135,,,,,,,,,,0.094,12620.664,Pinned,Device,NVIDIA A100-SXM4-40GB MIG 4g.20gb (0),1,,13,[CUDA memcpy Host-to-Device]
1452693082,47807,5136,,,,,,,,,,35.810,749036.097,Device,,NVIDIA A100-SXM4-40GB MIG 4g.20gb (0),1,,13,[CUDA memset]
1452742297,3200,5138,,,,,,,,,,0.000,25.000,Pinned,Device,NVIDIA A100-SXM4-40GB MIG 4g.20gb (0),1,,13,[CUDA memcpy Host-to-Device]
1452749753,11872,5139,,,,,,,,,,0.197,16560.488,Pinned,Device,NVIDIA A100-SXM4-40GB MIG 4g.20gb (0),1,,13,[CUDA memcpy Host-to-Device]
1452767929,10272,5140,273,1,1,48,1,1,40,0.000,0.001,,,,,NVIDIA A100-SXM4-40GB MIG 4g.20gb (0),1,,13,"void pusch_noise_intf_est::noiseIntfEstNoDftSOfdmKernel<float, __half, float, float, (unsigned int)2, (unsigned int)1, (unsigned char)4, (unsigned char)4>(pusch_noise_intf_est::puschRxNoiseIntfEstDynDescr)"
1452783961,3200,5151,35,1,1,128,1,1,16,0.000,0.000,,,,,NVIDIA A100-SXM4-40GB MIG 4g.20gb (0),1,,13,cupy_copy__complex64_complex64
1452797849,2016,5160,1,1,1,1,1,1,18,0.000,0.000,,,,,NVIDIA A100-SXM4-40GB MIG 4g.20gb (0),1,,13,cupy_copy__float32_float32
1452829176,1664,5166,,,,,,,,,,0.000,2.404,Device,Pageable,NVIDIA A100-SXM4-40GB MIG 4g.20gb (0),1,,7,[CUDA memcpy Device-to-Host]
1452890295,12736,5177,1434,1,1,128,1,1,16,0.000,0.000,,,,,NVIDIA A100-SXM4-40GB MIG 4g.20gb (0),1,,13,cupy_copy__complex64_complex64
1452918455,2976,5184,103,1,1,128,1,1,16,0.000,0.000,,,,,NVIDIA A100-SXM4-40GB MIG 4g.20gb (0),1,,13,cupy_copy__complex64_complex64
1452938807,2304,5191,35,1,1,128,1,1,16,0.000,0.000,,,,,NVIDIA A100-SXM4-40GB MIG 4g.20gb (0),1,,13,cupy_copy__complex64_complex64
1452956247,1856,5198,1,1,1,1,1,1,18,0.000,0.000,,,,,NVIDIA A100-SXM4-40GB MIG 4g.20gb (0),1,,13,cupy_copy__float32_float32
1453092661,82079,5209,1,1,1,32,32,1,30,0.000,0.000,,,,,NVIDIA A100-SXM4-40GB MIG 4g.20gb (0),1,,13,"void convert_kernel<__half2, float2>(tensor_layout_any, T1 *, tensor_layout_any, const T2 *)"
1453205716,6303,5212,,,,,,,,,,0.094,14865.245,Pinned,Device,NVIDIA A100-SXM4-40GB MIG 4g.20gb (0),1,,13,[CUDA memcpy Host-to-Device]
1453222163,3392,5213,,,,,,,,,,1.547,455961.768,Device,,NVIDIA A100-SXM4-40GB MIG 4g.20gb (0),1,,13,[CUDA memset]
1453227763,3328,5218,,,,,,,,,,0.031,9403.822,Pinned,Device,NVIDIA A100-SXM4-40GB MIG 4g.20gb (0),1,,13,[CUDA memcpy Host-to-Device]
1453233779,9568,5219,,,,,,,,,,0.197,20548.485,Pinned,Device,NVIDIA A100-SXM4-40GB MIG 4g.20gb (0),1,,13,[CUDA memcpy Host-to-Device]
1453247347,6656,5220,273,1,1,8,4,1,39,0.002,0.000,,,,,NVIDIA A100-SXM4-40GB MIG 4g.20gb (0),1,,13,"void channel_eq::eqMmseCoefCompLowMimoKernel<float, float, float, (unsigned int)4, (unsigned int)1, (unsigned int)4>(const channel_eq::_puschRxChEqStatDescr *, channel_eq::_puschRxChEqCoefCompDynDescr)"
1453255699,5952,5221,273,1,1,12,11,1,51,0.002,0.000,,,,,NVIDIA A100-SXM4-40GB MIG 4g.20gb (0),1,,13,"void channel_eq::eqMmseSoftDemapKernel<float, __half, __half, float, (unsigned int)4, (unsigned short)16383>(channel_eq::_puschRxChEqStatDescr *, channel_eq::_puschRxChEqSoftDemapDynDescr)"
1453263123,294076,5222,1,1,1,32,32,1,30,0.000,0.000,,,,,NVIDIA A100-SXM4-40GB MIG 4g.20gb (0),1,,13,"void convert_kernel<float2, __half2>(tensor_layout_any, T1 *, tensor_layout_any, const T2 *)"
1453558223,11008,5234,2253,1,1,128,1,1,16,0.000,0.000,,,,,NVIDIA A100-SXM4-40GB MIG 4g.20gb (0),1,,13,cupy_copy__float16_float16
1453573999,2912,5243,282,1,1,128,1,1,16,0.000,0.000,,,,,NVIDIA A100-SXM4-40GB MIG 4g.20gb (0),1,,13,cupy_copy__complex64_complex64
1453579471,2304,5252,26,1,1,128,1,1,16,0.000,0.000,,,,,NVIDIA A100-SXM4-40GB MIG 4g.20gb (0),1,,13,cupy_copy__float32_float32
1453583951,2912,5261,103,1,1,128,1,1,16,0.000,0.000,,,,,NVIDIA A100-SXM4-40GB MIG 4g.20gb (0),1,,13,cupy_copy__complex64_complex64
1453587983,12512,5271,1434,1,1,128,1,1,16,0.000,0.000,,,,,NVIDIA A100-SXM4-40GB MIG 4g.20gb (0),1,,13,cupy_copy__complex64_complex64
1453605167,87263,5276,1,1,1,32,32,1,30,0.000,0.000,,,,,NVIDIA A100-SXM4-40GB MIG 4g.20gb (0),1,,13,"void convert_kernel<__half2, float2>(tensor_layout_any, T1 *, tensor_layout_any, const T2 *)"
1453719821,6208,5279,,,,,,,,,,0.094,15092.739,Pinned,Device,NVIDIA A100-SXM4-40GB MIG 4g.20gb (0),1,,13,[CUDA memcpy Host-to-Device]
1453730157,597657,5280,,,,,,,,,,456.561,763827.289,Device,,NVIDIA A100-SXM4-40GB MIG 4g.20gb (0),1,,13,[CUDA memset]
1454333350,150718,5285,,,,,,,,,,1.235,8192.618,Pinned,Device,NVIDIA A100-SXM4-40GB MIG 4g.20gb (0),1,,13,[CUDA memcpy Host-to-Device]
1454498948,42719,5286,,,,,,,,,,0.197,4602.200,Pinned,Device,NVIDIA A100-SXM4-40GB MIG 4g.20gb (0),1,,13,[CUDA memcpy Host-to-Device]
1454570275,8480,5287,69,4,1,48,1,1,76,0.002,0.000,,,,,NVIDIA A100-SXM4-40GB MIG 4g.20gb (0),1,,13,"void ch_est::windowedChEstPreNoDftSOfdmKernel<float, __half, float, (unsigned int)2, (unsigned int)1, (unsigned short)4>(ch_est::puschRxChEstStatDescr_t *, ch_est::puschRxChEstDynDescr_t *)"
1454589570,6560,5288,137,2,1,24,2,1,44,0.001,0.001,,,,,NVIDIA A100-SXM4-40GB MIG 4g.20gb (0),1,,13,"void ch_est::chEstFilterNoDftSOfdmDispatchKernel<float, __half, float, (unsigned int)2>(ch_est::puschRxChEstStatDescr_t *, ch_est::puschRxChEstDynDescr_t *)"
1454606082,4768,5289,137,2,1,24,2,1,44,0.001,0.001,,,,,NVIDIA A100-SXM4-40GB MIG 4g.20gb (0),1,,13,"void ch_est::chEstFilterNoDftSOfdmDispatchKernel<float, __half, float, (unsigned int)2>(ch_est::puschRxChEstStatDescr_t *, ch_est::puschRxChEstDynDescr_t *)"
1454625698,2688,5300,103,1,1,128,1,1,16,0.000,0.000,,,,,NVIDIA A100-SXM4-40GB MIG 4g.20gb (0),1,,13,cupy_copy__complex64_complex64
1454642370,12480,5310,1434,1,1,128,1,1,16,0.000,0.000,,,,,NVIDIA A100-SXM4-40GB MIG 4g.20gb (0),1,,13,cupy_copy__complex64_complex64
1454661922,2975,5317,103,1,1,128,1,1,16,0.000,0.000,,,,,NVIDIA A100-SXM4-40GB MIG 4g.20gb (0),1,,13,cupy_copy__complex64_complex64
1454684833,88319,5324,1,1,1,32,32,1,30,0.000,0.000,,,,,NVIDIA A100-SXM4-40GB MIG 4g.20gb (0),1,,13,"void convert_kernel<__half2, float2>(tensor_layout_any, T1 *, tensor_layout_any, const T2 *)"
1454812288,26495,5327,,,,,,,,,,0.094,3536.274,Pinned,Device,NVIDIA A100-SXM4-40GB MIG 4g.20gb (0),1,,13,[CUDA memcpy Host-to-Device]
1454853631,46592,5328,,,,,,,,,,35.810,768552.503,Device,,NVIDIA A100-SXM4-40GB MIG 4g.20gb (0),1,,13,[CUDA memset]
1454903295,12607,5330,,,,,,,,,,0.000,6.346,Pinned,Device,NVIDIA A100-SXM4-40GB MIG 4g.20gb (0),1,,13,[CUDA memcpy Host-to-Device]
1454925502,22240,5331,,,,,,,,,,0.197,8840.282,Pinned,Device,NVIDIA A100-SXM4-40GB MIG 4g.20gb (0),1,,13,[CUDA memcpy Host-to-Device]
1454961214,10144,5332,273,1,1,48,1,1,40,0.000,0.001,,,,,NVIDIA A100-SXM4-40GB MIG 4g.20gb (0),1,,13,"void pusch_noise_intf_est::noiseIntfEstNoDftSOfdmKernel<float, __half, float, float, (unsigned int)2, (unsigned int)1, (unsigned char)4, (unsigned char)4>(pusch_noise_intf_est::puschRxNoiseIntfEstDynDescr)"
1454982622,2752,5343,35,1,1,128,1,1,16,0.000,0.000,,,,,NVIDIA A100-SXM4-40GB MIG 4g.20gb (0),1,,13,cupy_copy__complex64_complex64
1454991741,1728,5352,1,1,1,1,1,1,18,0.000,0.000,,,,,NVIDIA A100-SXM4-40GB MIG 4g.20gb (0),1,,13,cupy_copy__float32_float32
1454997917,3232,5358,,,,,,,,,,0.000,1.238,Device,Pageable,NVIDIA A100-SXM4-40GB MIG 4g.20gb (0),1,,7,[CUDA memcpy Device-to-Host]
1455070780,12928,5369,1434,1,1,128,1,1,16,0.000,0.000,,,,,NVIDIA A100-SXM4-40GB MIG 4g.20gb (0),1,,13,cupy_copy__complex64_complex64
1455099772,3520,5376,103,1,1,128,1,1,16,0.000,0.000,,,,,NVIDIA A100-SXM4-40GB MIG 4g.20gb (0),1,,13,cupy_copy__complex64_complex64
1455121788,2752,5383,35,1,1,128,1,1,16,0.000,0.000,,,,,NVIDIA A100-SXM4-40GB MIG 4g.20gb (0),1,,13,cupy_copy__complex64_complex64
1455140700,1856,5390,1,1,1,1,1,1,18,0.000,0.000,,,,,NVIDIA A100-SXM4-40GB MIG 4g.20gb (0),1,,13,cupy_copy__float32_float32
1455267962,83007,5401,1,1,1,32,32,1,30,0.000,0.000,,,,,NVIDIA A100-SXM4-40GB MIG 4g.20gb (0),1,,13,"void convert_kernel<__half2, float2>(tensor_layout_any, T1 *, tensor_layout_any, const T2 *)"
1455379065,5568,5404,,,,,,,,,,0.094,16827.521,Pinned,Device,NVIDIA A100-SXM4-40GB MIG 4g.20gb (0),1,,13,[CUDA memcpy Host-to-Device]
1455394744,3328,5405,,,,,,,,,,1.547,464729.580,Device,,NVIDIA A100-SXM4-40GB MIG 4g.20gb (0),1,,13,[CUDA memset]
1455400728,3040,5410,,,,,,,,,,0.031,10294.725,Pinned,Device,NVIDIA A100-SXM4-40GB MIG 4g.20gb (0),1,,13,[CUDA memcpy Host-to-Device]
1455406008,10848,5411,,,,,,,,,,0.197,18123.719,Pinned,Device,NVIDIA A100-SXM4-40GB MIG 4g.20gb (0),1,,13,[CUDA memcpy Host-to-Device]
1455422488,6464,5412,273,1,1,8,4,1,39,0.002,0.000,,,,,NVIDIA A100-SXM4-40GB MIG 4g.20gb (0),1,,13,"void channel_eq::eqMmseCoefCompLowMimoKernel<float, float, float, (unsigned int)4, (unsigned int)1, (unsigned int)4>(const channel_eq::_puschRxChEqStatDescr *, channel_eq::_puschRxChEqCoefCompDynDescr)"
1455433720,6080,5413,273,1,1,12,11,1,51,0.002,0.000,,,,,NVIDIA A100-SXM4-40GB MIG 4g.20gb (0),1,,13,"void channel_eq::eqMmseSoftDemapKernel<float, __half, __half, float, (unsigned int)4, (unsigned short)16383>(channel_eq::_puschRxChEqStatDescr *, channel_eq::_puschRxChEqSoftDemapDynDescr)"
1455440920,282588,5414,1,1,1,32,32,1,30,0.000,0.000,,,,,NVIDIA A100-SXM4-40GB MIG 4g.20gb (0),1,,13,"void convert_kernel<float2, __half2>(tensor_layout_any, T1 *, tensor_layout_any, const T2 *)"
1455727860,11104,5426,2253,1,1,128,1,1,16,0.000,0.000,,,,,NVIDIA A100-SXM4-40GB MIG 4g.20gb (0),1,,13,cupy_copy__float16_float16
1455741396,3168,5435,282,1,1,128,1,1,16,0.000,0.000,,,,,NVIDIA A100-SXM4-40GB MIG 4g.20gb (0),1,,13,cupy_copy__complex64_complex64
1455747060,2080,5444,26,1,1,128,1,1,16,0.000,0.000,,,,,NVIDIA A100-SXM4-40GB MIG 4g.20gb (0),1,,13,cupy_copy__float32_float32
1455752020,2912,5453,103,1,1,128,1,1,16,0.000,0.000,,,,,NVIDIA A100-SXM4-40GB MIG 4g.20gb (0),1,,13,cupy_copy__complex64_complex64
1455757684,12032,5463,1434,1,1,128,1,1,16,0.000,0.000,,,,,NVIDIA A100-SXM4-40GB MIG 4g.20gb (0),1,,13,cupy_copy__complex64_complex64
1455771412,82911,5468,1,1,1,32,32,1,30,0.000,0.000,,,,,NVIDIA A100-SXM4-40GB MIG 4g.20gb (0),1,,13,"void convert_kernel<__half2, float2>(tensor_layout_any, T1 *, tensor_layout_any, const T2 *)"
1455881010,5504,5471,,,,,,,,,,0.094,17023.251,Pinned,Device,NVIDIA A100-SXM4-40GB MIG 4g.20gb (0),1,,13,[CUDA memcpy Host-to-Device]
1455891602,598425,5472,,,,,,,,,,456.561,762914.166,Device,,NVIDIA A100-SXM4-40GB MIG 4g.20gb (0),1,,13,[CUDA memset]
1456497035,132030,5477,,,,,,,,,,1.235,9353.466,Pinned,Device,NVIDIA A100-SXM4-40GB MIG 4g.20gb (0),1,,13,[CUDA memcpy Host-to-Device]
1456636649,31552,5478,,,,,,,,,,0.197,6231.097,Pinned,Device,NVIDIA A100-SXM4-40GB MIG 4g.20gb (0),1,,13,[CUDA memcpy Host-to-Device]
1456689576,8096,5479,69,4,1,48,1,1,76,0.002,0.000,,,,,NVIDIA A100-SXM4-40GB MIG 4g.20gb (0),1,,13,"void ch_est::windowedChEstPreNoDftSOfdmKernel<float, __half, float, (unsigned int)2, (unsigned int)1, (unsigned short)4>(ch_est::puschRxChEstStatDescr_t *, ch_est::puschRxChEstDynDescr_t *)"
1456704456,6944,5480,137,2,1,24,2,1,44,0.001,0.001,,,,,NVIDIA A100-SXM4-40GB MIG 4g.20gb (0),1,,13,"void ch_est::chEstFilterNoDftSOfdmDispatchKernel<float, __half, float, (unsigned int)2>(ch_est::puschRxChEstStatDescr_t *, ch_est::puschRxChEstDynDescr_t *)"
1456717160,4704,5481,137,2,1,24,2,1,44,0.001,0.001,,,,,NVIDIA A100-SXM4-40GB MIG 4g.20gb (0),1,,13,"void ch_est::chEstFilterNoDftSOfdmDispatchKernel<float, __half, float, (unsigned int)2>(ch_est::puschRxChEstStatDescr_t *, ch_est::puschRxChEstDynDescr_t *)"
1456730376,2496,5492,103,1,1,128,1,1,16,0.000,0.000,,,,,NVIDIA A100-SXM4-40GB MIG 4g.20gb (0),1,,13,cupy_copy__complex64_complex64
1456745256,12512,5502,1434,1,1,128,1,1,16,0.000,0.000,,,,,NVIDIA A100-SXM4-40GB MIG 4g.20gb (0),1,,13,cupy_copy__complex64_complex64
1456781287,2592,5509,103,1,1,128,1,1,16,0.000,0.000,,,,,NVIDIA A100-SXM4-40GB MIG 4g.20gb (0),1,,13,cupy_copy__complex64_complex64
1456797383,89471,5516,1,1,1,32,32,1,30,0.000,0.000,,,,,NVIDIA A100-SXM4-40GB MIG 4g.20gb (0),1,,13,"void convert_kernel<__half2, float2>(tensor_layout_any, T1 *, tensor_layout_any, const T2 *)"
1456917830,24287,5519,,,,,,,,,,0.094,3857.839,Pinned,Device,NVIDIA A100-SXM4-40GB MIG 4g.20gb (0),1,,13,[CUDA memcpy Host-to-Device]
1456968005,47679,5520,,,,,,,,,,35.810,751041.452,Device,,NVIDIA A100-SXM4-40GB MIG 4g.20gb (0),1,,13,[CUDA memset]
1457022692,8128,5522,,,,,,,,,,0.000,9.842,Pinned,Device,NVIDIA A100-SXM4-40GB MIG 4g.20gb (0),1,,13,[CUDA memcpy Host-to-Device]
1457042660,28640,5523,,,,,,,,,,0.197,6864.765,Pinned,Device,NVIDIA A100-SXM4-40GB MIG 4g.20gb (0),1,,13,[CUDA memcpy Host-to-Device]
1457100835,9792,5524,273,1,1,48,1,1,40,0.000,0.001,,,,,NVIDIA A100-SXM4-40GB MIG 4g.20gb (0),1,,13,"void pusch_noise_intf_est::noiseIntfEstNoDftSOfdmKernel<float, __half, float, float, (unsigned int)2, (unsigned int)1, (unsigned char)4, (unsigned char)4>(pusch_noise_intf_est::puschRxNoiseIntfEstDynDescr)"
1457117347,2720,5535,35,1,1,128,1,1,16,0.000,0.000,,,,,NVIDIA A100-SXM4-40GB MIG 4g.20gb (0),1,,13,cupy_copy__complex64_complex64
1457134211,1664,5544,1,1,1,1,1,1,18,0.000,0.000,,,,,NVIDIA A100-SXM4-40GB MIG 4g.20gb (0),1,,13,cupy_copy__float32_float32
1457141059,4960,5550,,,,,,,,,,0.000,0.806,Device,Pageable,NVIDIA A100-SXM4-40GB MIG 4g.20gb (0),1,,7,[CUDA memcpy Device-to-Host]
1457240578,12575,5561,1434,1,1,128,1,1,16,0.000,0.000,,,,,NVIDIA A100-SXM4-40GB MIG 4g.20gb (0),1,,13,cupy_copy__complex64_complex64
1457264929,2784,5568,103,1,1,128,1,1,16,0.000,0.000,,,,,NVIDIA A100-SXM4-40GB MIG 4g.20gb (0),1,,13,cupy_copy__complex64_complex64
1457283425,2528,5575,35,1,1,128,1,1,16,0.000,0.000,,,,,NVIDIA A100-SXM4-40GB MIG 4g.20gb (0),1,,13,cupy_copy__complex64_complex64
1457304129,1824,5582,1,1,1,1,1,1,18,0.000,0.000,,,,,NVIDIA A100-SXM4-40GB MIG 4g.20gb (0),1,,13,cupy_copy__float32_float32
1457429471,87039,5593,1,1,1,32,32,1,30,0.000,0.000,,,,,NVIDIA A100-SXM4-40GB MIG 4g.20gb (0),1,,13,"void convert_kernel<__half2, float2>(tensor_layout_any, T1 *, tensor_layout_any, const T2 *)"
1457545982,13248,5596,,,,,,,,,,0.094,7072.455,Pinned,Device,NVIDIA A100-SXM4-40GB MIG 4g.20gb (0),1,,13,[CUDA memcpy Host-to-Device]
1457563998,3424,5597,,,,,,,,,,1.547,451700.819,Device,,NVIDIA A100-SXM4-40GB MIG 4g.20gb (0),1,,13,[CUDA memset]
1457569597,3168,5602,,,,,,,,,,0.031,9878.770,Pinned,Device,NVIDIA A100-SXM4-40GB MIG 4g.20gb (0),1,,13,[CUDA memcpy Host-to-Device]
1457579197,12704,5603,,,,,,,,,,0.197,15475.999,Pinned,Device,NVIDIA A100-SXM4-40GB MIG 4g.20gb (0),1,,13,[CUDA memcpy Host-to-Device]
1457604221,8160,5604,273,1,1,8,4,1,39,0.002,0.000,,,,,NVIDIA A100-SXM4-40GB MIG 4g.20gb (0),1,,13,"void channel_eq::eqMmseCoefCompLowMimoKernel<float, float, float, (unsigned int)4, (unsigned int)1, (unsigned int)4>(const channel_eq::_puschRxChEqStatDescr *, channel_eq::_puschRxChEqCoefCompDynDescr)"
1457620317,5728,5605,273,1,1,12,11,1,51,0.002,0.000,,,,,NVIDIA A100-SXM4-40GB MIG 4g.20gb (0),1,,13,"void channel_eq::eqMmseSoftDemapKernel<float, __half, __half, float, (unsigned int)4, (unsigned short)16383>(channel_eq::_puschRxChEqStatDescr *, channel_eq::_puschRxChEqSoftDemapDynDescr)"
1457629373,282812,5606,1,1,1,32,32,1,30,0.000,0.000,,,,,NVIDIA A100-SXM4-40GB MIG 4g.20gb (0),1,,13,"void convert_kernel<float2, __half2>(tensor_layout_any, T1 *, tensor_layout_any, const T2 *)"
1457915385,10848,5618,2253,1,1,128,1,1,16,0.000,0.000,,,,,NVIDIA A100-SXM4-40GB MIG 4g.20gb (0),1,,13,cupy_copy__float16_float16
1457927833,3264,5627,282,1,1,128,1,1,16,0.000,0.000,,,,,NVIDIA A100-SXM4-40GB MIG 4g.20gb (0),1,,13,cupy_copy__complex64_complex64
1457936761,2112,5636,26,1,1,128,1,1,16,0.000,0.000,,,,,NVIDIA A100-SXM4-40GB MIG 4g.20gb (0),1,,13,cupy_copy__float32_float32
1457941433,5824,5645,103,1,1,128,1,1,16,0.000,0.000,,,,,NVIDIA A100-SXM4-40GB MIG 4g.20gb (0),1,,13,cupy_copy__complex64_complex64
1457948729,12352,5655,1434,1,1,128,1,1,16,0.000,0.000,,,,,NVIDIA A100-SXM4-40GB MIG 4g.20gb (0),1,,13,cupy_copy__complex64_complex64
1457963353,81919,5660,1,1,1,32,32,1,30,0.000,0.000,,,,,NVIDIA A100-SXM4-40GB MIG 4g.20gb (0),1,,13,"void convert_kernel<__half2, float2>(tensor_layout_any, T1 *, tensor_layout_any, const T2 *)"
1458072279,5952,5663,,,,,,,,,,0.094,15741.865,Pinned,Device,NVIDIA A100-SXM4-40GB MIG 4g.20gb (0),1,,13,[CUDA memcpy Host-to-Device]
1458082263,597785,5664,,,,,,,,,,456.561,763370.728,Device,,NVIDIA A100-SXM4-40GB MIG 4g.20gb (0),1,,13,[CUDA memset]
1458684592,140830,5669,,,,,,,,,,1.235,8768.102,Pinned,Device,NVIDIA A100-SXM4-40GB MIG 4g.20gb (0),1,,13,[CUDA memcpy Host-to-Device]
1458834606,23872,5670,,,,,,,,,,0.197,8235.909,Pinned,Device,NVIDIA A100-SXM4-40GB MIG 4g.20gb (0),1,,13,[CUDA memcpy Host-to-Device]
1458867501,8288,5671,69,4,1,48,1,1,76,0.002,0.000,,,,,NVIDIA A100-SXM4-40GB MIG 4g.20gb (0),1,,13,"void ch_est::windowedChEstPreNoDftSOfdmKernel<float, __half, float, (unsigned int)2, (unsigned int)1, (unsigned short)4>(ch_est::puschRxChEstStatDescr_t *, ch_est::puschRxChEstDynDescr_t *)"
1458884877,7392,5672,137,2,1,24,2,1,44,0.001,0.001,,,,,NVIDIA A100-SXM4-40GB MIG 4g.20gb (0),1,,13,"void ch_est::chEstFilterNoDftSOfdmDispatchKernel<float, __half, float, (unsigned int)2>(ch_est::puschRxChEstStatDescr_t *, ch_est::puschRxChEstDynDescr_t *)"
1458899725,6304,5673,137,2,1,24,2,1,44,0.001,0.001,,,,,NVIDIA A100-SXM4-40GB MIG 4g.20gb (0),1,,13,"void ch_est::chEstFilterNoDftSOfdmDispatchKernel<float, __half, float, (unsigned int)2>(ch_est::puschRxChEstStatDescr_t *, ch_est::puschRxChEstDynDescr_t *)"
1458913869,2528,5684,103,1,1,128,1,1,16,0.000,0.000,,,,,NVIDIA A100-SXM4-40GB MIG 4g.20gb (0),1,,13,cupy_copy__complex64_complex64
1458921901,12800,5694,1434,1,1,128,1,1,16,0.000,0.000,,,,,NVIDIA A100-SXM4-40GB MIG 4g.20gb (0),1,,13,cupy_copy__complex64_complex64
1458938253,2656,5701,103,1,1,128,1,1,16,0.000,0.000,,,,,NVIDIA A100-SXM4-40GB MIG 4g.20gb (0),1,,13,cupy_copy__complex64_complex64
1458946348,88095,5708,1,1,1,32,32,1,30,0.000,0.000,,,,,NVIDIA A100-SXM4-40GB MIG 4g.20gb (0),1,,13,"void convert_kernel<__half2, float2>(tensor_layout_any, T1 *, tensor_layout_any, const T2 *)"
1459066315,8160,5711,,,,,,,,,,0.094,11482.351,Pinned,Device,NVIDIA A100-SXM4-40GB MIG 4g.20gb (0),1,,13,[CUDA memcpy Host-to-Device]
1459079691,47391,5712,,,,,,,,,,35.810,755625.122,Device,,NVIDIA A100-SXM4-40GB MIG 4g.20gb (0),1,,13,[CUDA memset]
1459134538,5408,5714,,,,,,,,,,0.000,14.793,Pinned,Device,NVIDIA A100-SXM4-40GB MIG 4g.20gb (0),1,,13,[CUDA memcpy Host-to-Device]
1459144746,11744,5715,,,,,,,,,,0.197,16740.975,Pinned,Device,NVIDIA A100-SXM4-40GB MIG 4g.20gb (0),1,,13,[CUDA memcpy Host-to-Device]
1459169866,10336,5716,273,1,1,48,1,1,40,0.000,0.001,,,,,NVIDIA A100-SXM4-40GB MIG 4g.20gb (0),1,,13,"void pusch_noise_intf_est::noiseIntfEstNoDftSOfdmKernel<float, __half, float, float, (unsigned int)2, (unsigned int)1, (unsigned char)4, (unsigned char)4>(pusch_noise_intf_est::puschRxNoiseIntfEstDynDescr)"
1459185225,2816,5727,35,1,1,128,1,1,16,0.000,0.000,,,,,NVIDIA A100-SXM4-40GB MIG 4g.20gb (0),1,,13,cupy_copy__complex64_complex64
1459194217,1824,5736,1,1,1,1,1,1,18,0.000,0.000,,,,,NVIDIA A100-SXM4-40GB MIG 4g.20gb (0),1,,13,cupy_copy__float32_float32
1459218537,1792,5742,,,,,,,,,,0.000,2.232,Device,Pageable,NVIDIA A100-SXM4-40GB MIG 4g.20gb (0),1,,7,[CUDA memcpy Device-to-Host]
1459278248,12960,5753,1434,1,1,128,1,1,16,0.000,0.000,,,,,NVIDIA A100-SXM4-40GB MIG 4g.20gb (0),1,,13,cupy_copy__complex64_complex64
1459305960,2752,5760,103,1,1,128,1,1,16,0.000,0.000,,,,,NVIDIA A100-SXM4-40GB MIG 4g.20gb (0),1,,13,cupy_copy__complex64_complex64
1459325864,2592,5767,35,1,1,128,1,1,16,0.000,0.000,,,,,NVIDIA A100-SXM4-40GB MIG 4g.20gb (0),1,,13,cupy_copy__complex64_complex64
1459344648,1791,5774,1,1,1,1,1,1,18,0.000,0.000,,,,,NVIDIA A100-SXM4-40GB MIG 4g.20gb (0),1,,13,cupy_copy__float32_float32
1459477862,82207,5785,1,1,1,32,32,1,30,0.000,0.000,,,,,NVIDIA A100-SXM4-40GB MIG 4g.20gb (0),1,,13,"void convert_kernel<__half2, float2>(tensor_layout_any, T1 *, tensor_layout_any, const T2 *)"
1459587268,6624,5788,,,,,,,,,,0.094,14144.910,Pinned,Device,NVIDIA A100-SXM4-40GB MIG 4g.20gb (0),1,,13,[CUDA memcpy Host-to-Device]
1459602404,3552,5789,,,,,,,,,,1.547,435422.601,Device,,NVIDIA A100-SXM4-40GB MIG 4g.20gb (0),1,,13,[CUDA memset]
1459608708,3520,5794,,,,,,,,,,0.031,8890.881,Pinned,Device,NVIDIA A100-SXM4-40GB MIG 4g.20gb (0),1,,13,[CUDA memcpy Host-to-Device]
1459614660,9728,5795,,,,,,,,,,0.197,20210.516,Pinned,Device,NVIDIA A100-SXM4-40GB MIG 4g.20gb (0),1,,13,[CUDA memcpy Host-to-Device]
1459629380,6592,5796,273,1,1,8,4,1,39,0.002,0.000,,,,,NVIDIA A100-SXM4-40GB MIG 4g.20gb (0),1,,13,"void channel_eq::eqMmseCoefCompLowMimoKernel<float, float, float, (unsigned int)4, (unsigned int)1, (unsigned int)4>(const channel_eq::_puschRxChEqStatDescr *, channel_eq::_puschRxChEqCoefCompDynDescr)"
1459636900,6112,5797,273,1,1,12,11,1,51,0.002,0.000,,,,,NVIDIA A100-SXM4-40GB MIG 4g.20gb (0),1,,13,"void channel_eq::eqMmseSoftDemapKernel<float, __half, __half, float, (unsigned int)4, (unsigned short)16383>(channel_eq::_puschRxChEqStatDescr *, channel_eq::_puschRxChEqSoftDemapDynDescr)"
1459645956,282748,5798,1,1,1,32,32,1,30,0.000,0.000,,,,,NVIDIA A100-SXM4-40GB MIG 4g.20gb (0),1,,13,"void convert_kernel<float2, __half2>(tensor_layout_any, T1 *, tensor_layout_any, const T2 *)"
1459930656,11136,5810,2253,1,1,128,1,1,16,0.000,0.000,,,,,NVIDIA A100-SXM4-40GB MIG 4g.20gb (0),1,,13,cupy_copy__float16_float16
1459945408,3552,5819,282,1,1,128,1,1,16,0.000,0.000,,,,,NVIDIA A100-SXM4-40GB MIG 4g.20gb (0),1,,13,cupy_copy__complex64_complex64
1459952128,2176,5828,26,1,1,128,1,1,16,0.000,0.000,,,,,NVIDIA A100-SXM4-40GB MIG 4g.20gb (0),1,,13,cupy_copy__float32_float32
1459955264,3392,5837,103,1,1,128,1,1,16,0.000,0.000,,,,,NVIDIA A100-SXM4-40GB MIG 4g.20gb (0),1,,13,cupy_copy__complex64_complex64
1459959680,12000,5847,1434,1,1,128,1,1,16,0.000,0.000,,,,,NVIDIA A100-SXM4-40GB MIG 4g.20gb (0),1,,13,cupy_copy__complex64_complex64
1459979776,87039,5852,1,1,1,32,32,1,30,0.000,0.000,,,,,NVIDIA A100-SXM4-40GB MIG 4g.20gb (0),1,,13,"void convert_kernel<__half2, float2>(tensor_layout_any, T1 *, tensor_layout_any, const T2 *)"
1460094238,5408,5855,,,,,,,,,,0.094,17325.421,Pinned,Device,NVIDIA A100-SXM4-40GB MIG 4g.20gb (0),1,,13,[CUDA memcpy Host-to-Device]
1460104542,597049,5856,,,,,,,,,,456.561,764283.851,Device,,NVIDIA A100-SXM4-40GB MIG 4g.20gb (0),1,,13,[CUDA memset]
1460707831,132446,5861,,,,,,,,,,1.235,9323.827,Pinned,Device,NVIDIA A100-SXM4-40GB MIG 4g.20gb (0),1,,13,[CUDA memcpy Host-to-Device]
1460853653,40447,5862,,,,,,,,,,0.197,4860.740,Pinned,Device,NVIDIA A100-SXM4-40GB MIG 4g.20gb (0),1,,13,[CUDA memcpy Host-to-Device]
1460911732,8192,5863,69,4,1,48,1,1,76,0.002,0.000,,,,,NVIDIA A100-SXM4-40GB MIG 4g.20gb (0),1,,13,"void ch_est::windowedChEstPreNoDftSOfdmKernel<float, __half, float, (unsigned int)2, (unsigned int)1, (unsigned short)4>(ch_est::puschRxChEstStatDescr_t *, ch_est::puschRxChEstDynDescr_t *)"
1460929492,6976,5864,137,2,1,24,2,1,44,0.001,0.001,,,,,NVIDIA A100-SXM4-40GB MIG 4g.20gb (0),1,,13,"void ch_est::chEstFilterNoDftSOfdmDispatchKernel<float, __half, float, (unsigned int)2>(ch_est::puschRxChEstStatDescr_t *, ch_est::puschRxChEstDynDescr_t *)"
1460949012,4864,5865,137,2,1,24,2,1,44,0.001,0.001,,,,,NVIDIA A100-SXM4-40GB MIG 4g.20gb (0),1,,13,"void ch_est::chEstFilterNoDftSOfdmDispatchKernel<float, __half, float, (unsigned int)2>(ch_est::puschRxChEstStatDescr_t *, ch_est::puschRxChEstDynDescr_t *)"
1460965619,2752,5876,103,1,1,128,1,1,16,0.000,0.000,,,,,NVIDIA A100-SXM4-40GB MIG 4g.20gb (0),1,,13,cupy_copy__complex64_complex64
1460982707,12832,5886,1434,1,1,128,1,1,16,0.000,0.000,,,,,NVIDIA A100-SXM4-40GB MIG 4g.20gb (0),1,,13,cupy_copy__complex64_complex64
1461022643,2496,5893,103,1,1,128,1,1,16,0.000,0.000,,,,,NVIDIA A100-SXM4-40GB MIG 4g.20gb (0),1,,13,cupy_copy__complex64_complex64
1461041426,85279,5900,1,1,1,32,32,1,30,0.000,0.000,,,,,NVIDIA A100-SXM4-40GB MIG 4g.20gb (0),1,,13,"void convert_kernel<__half2, float2>(tensor_layout_any, T1 *, tensor_layout_any, const T2 *)"
1461154129,13120,5903,,,,,,,,,,0.094,7141.415,Pinned,Device,NVIDIA A100-SXM4-40GB MIG 4g.20gb (0),1,,13,[CUDA memcpy Host-to-Device]
1461178833,47455,5904,,,,,,,,,,35.810,754586.634,Device,,NVIDIA A100-SXM4-40GB MIG 4g.20gb (0),1,,13,[CUDA memset]
1461228880,6976,5906,,,,,,,,,,0.000,11.468,Pinned,Device,NVIDIA A100-SXM4-40GB MIG 4g.20gb (0),1,,13,[CUDA memcpy Host-to-Device]
1461243088,21088,5907,,,,,,,,,,0.197,9323.151,Pinned,Device,NVIDIA A100-SXM4-40GB MIG 4g.20gb (0),1,,13,[CUDA memcpy Host-to-Device]
1461278544,10111,5908,273,1,1,48,1,1,40,0.000,0.001,,,,,NVIDIA A100-SXM4-40GB MIG 4g.20gb (0),1,,13,"void pusch_noise_intf_est::noiseIntfEstNoDftSOfdmKernel<float, __half, float, float, (unsigned int)2, (unsigned int)1, (unsigned char)4, (unsigned char)4>(pusch_noise_intf_est::puschRxNoiseIntfEstDynDescr)"
1461297711,2784,5919,35,1,1,128,1,1,16,0.000,0.000,,,,,NVIDIA A100-SXM4-40GB MIG 4g.20gb (0),1,,13,cupy_copy__complex64_complex64
1461308687,1824,5928,1,1,1,1,1,1,18,0.000,0.000,,,,,NVIDIA A100-SXM4-40GB MIG 4g.20gb (0),1,,13,cupy_copy__float32_float32
1461316623,6400,5934,,,,,,,,,,0.000,0.625,Device,Pageable,NVIDIA A100-SXM4-40GB MIG 4g.20gb (0),1,,7,[CUDA memcpy Device-to-Host]
1461395918,12800,5945,1434,1,1,128,1,1,16,0.000,0.000,,,,,NVIDIA A100-SXM4-40GB MIG 4g.20gb (0),1,,13,cupy_copy__complex64_complex64
1461430990,3552,5952,103,1,1,128,1,1,16,0.000,0.000,,,,,NVIDIA A100-SXM4-40GB MIG 4g.20gb (0),1,,13,cupy_copy__complex64_complex64
1461444013,2432,5959,35,1,1,128,1,1,16,0.000,0.000,,,,,NVIDIA A100-SXM4-40GB MIG 4g.20gb (0),1,,13,cupy_copy__complex64_complex64
1461462765,2016,5966,1,1,1,1,1,1,18,0.000,0.000,,,,,NVIDIA A100-SXM4-40GB MIG 4g.20gb (0),1,,13,cupy_copy__float32_float32
1461586476,82943,5977,1,1,1,32,32,1,30,0.000,0.000,,,,,NVIDIA A100-SXM4-40GB MIG 4g.20gb (0),1,,13,"void convert_kernel<__half2, float2>(tensor_layout_any, T1 *, tensor_layout_any, const T2 *)"
1461696554,5856,5980,,,,,,,,,,0.094,15999.997,Pinned,Device,NVIDIA A100-SXM4-40GB MIG 4g.20gb (0),1,,13,[CUDA memcpy Host-to-Device]
1461711626,3392,5981,,,,,,,,,,1.547,455961.768,Device,,NVIDIA A100-SXM4-40GB MIG 4g.20gb (0),1,,13,[CUDA memset]
1461717994,3296,5986,,,,,,,,,,0.031,9495.144,Pinned,Device,NVIDIA A100-SXM4-40GB MIG 4g.20gb (0),1,,13,[CUDA memcpy Host-to-Device]
1461723690,9888,5987,,,,,,,,,,0.197,19883.360,Pinned,Device,NVIDIA A100-SXM4-40GB MIG 4g.20gb (0),1,,13,[CUDA memcpy Host-to-Device]
1461739626,6464,5988,273,1,1,8,4,1,39,0.002,0.000,,,,,NVIDIA A100-SXM4-40GB MIG 4g.20gb (0),1,,13,"void channel_eq::eqMmseCoefCompLowMimoKernel<float, float, float, (unsigned int)4, (unsigned int)1, (unsigned int)4>(const channel_eq::_puschRxChEqStatDescr *, channel_eq::_puschRxChEqCoefCompDynDescr)"
1461747082,6432,5989,273,1,1,12,11,1,51,0.002,0.000,,,,,NVIDIA A100-SXM4-40GB MIG 4g.20gb (0),1,,13,"void channel_eq::eqMmseSoftDemapKernel<float, __half, __half, float, (unsigned int)4, (unsigned short)16383>(channel_eq::_puschRxChEqStatDescr *, channel_eq::_puschRxChEqSoftDemapDynDescr)"
1461754506,282812,5990,1,1,1,32,32,1,30,0.000,0.000,,,,,NVIDIA A100-SXM4-40GB MIG 4g.20gb (0),1,,13,"void convert_kernel<float2, __half2>(tensor_layout_any, T1 *, tensor_layout_any, const T2 *)"
1462038278,11008,6002,2253,1,1,128,1,1,16,0.000,0.000,,,,,NVIDIA A100-SXM4-40GB MIG 4g.20gb (0),1,,13,cupy_copy__float16_float16
1462052934,2848,6011,282,1,1,128,1,1,16,0.000,0.000,,,,,NVIDIA A100-SXM4-40GB MIG 4g.20gb (0),1,,13,cupy_copy__complex64_complex64
1462057638,2336,6020,26,1,1,128,1,1,16,0.000,0.000,,,,,NVIDIA A100-SXM4-40GB MIG 4g.20gb (0),1,,13,cupy_copy__float32_float32
1462061286,4096,6029,103,1,1,128,1,1,16,0.000,0.000,,,,,NVIDIA A100-SXM4-40GB MIG 4g.20gb (0),1,,13,cupy_copy__complex64_complex64
1462067270,11936,6039,1434,1,1,128,1,1,16,0.000,0.000,,,,,NVIDIA A100-SXM4-40GB MIG 4g.20gb (0),1,,13,cupy_copy__complex64_complex64
1462096101,82655,6044,1,1,1,32,32,1,30,0.000,0.000,,,,,NVIDIA A100-SXM4-40GB MIG 4g.20gb (0),1,,13,"void convert_kernel<__half2, float2>(tensor_layout_any, T1 *, tensor_layout_any, const T2 *)"
1462206564,5664,6047,,,,,,,,,,0.094,16542.310,Pinned,Device,NVIDIA A100-SXM4-40GB MIG 4g.20gb (0),1,,13,[CUDA memcpy Host-to-Device]
1462217700,597528,6048,,,,,,,,,,456.561,763827.289,Device,,NVIDIA A100-SXM4-40GB MIG 4g.20gb (0),1,,13,[CUDA memset]
1462820156,153919,6053,,,,,,,,,,1.235,8022.196,Pinned,Device,NVIDIA A100-SXM4-40GB MIG 4g.20gb (0),1,,13,[CUDA memcpy Host-to-Device]
1462982298,31200,6054,,,,,,,,,,0.197,6301.483,Pinned,Device,NVIDIA A100-SXM4-40GB MIG 4g.20gb (0),1,,13,[CUDA memcpy Host-to-Device]
1463030586,8320,6055,69,4,1,48,1,1,76,0.002,0.000,,,,,NVIDIA A100-SXM4-40GB MIG 4g.20gb (0),1,,13,"void ch_est::windowedChEstPreNoDftSOfdmKernel<float, __half, float, (unsigned int)2, (unsigned int)1, (unsigned short)4>(ch_est::puschRxChEstStatDescr_t *, ch_est::puschRxChEstDynDescr_t *)"
1463049658,6720,6056,137,2,1,24,2,1,44,0.001,0.001,,,,,NVIDIA A100-SXM4-40GB MIG 4g.20gb (0),1,,13,"void ch_est::chEstFilterNoDftSOfdmDispatchKernel<float, __half, float, (unsigned int)2>(ch_est::puschRxChEstStatDescr_t *, ch_est::puschRxChEstDynDescr_t *)"
1463062585,4736,6057,137,2,1,24,2,1,44,0.001,0.001,,,,,NVIDIA A100-SXM4-40GB MIG 4g.20gb (0),1,,13,"void ch_est::chEstFilterNoDftSOfdmDispatchKernel<float, __half, float, (unsigned int)2>(ch_est::puschRxChEstStatDescr_t *, ch_est::puschRxChEstDynDescr_t *)"
1463078073,2624,6068,103,1,1,128,1,1,16,0.000,0.000,,,,,NVIDIA A100-SXM4-40GB MIG 4g.20gb (0),1,,13,cupy_copy__complex64_complex64
1463091513,12352,6078,1434,1,1,128,1,1,16,0.000,0.000,,,,,NVIDIA A100-SXM4-40GB MIG 4g.20gb (0),1,,13,cupy_copy__complex64_complex64
1463120153,2560,6085,103,1,1,128,1,1,16,0.000,0.000,,,,,NVIDIA A100-SXM4-40GB MIG 4g.20gb (0),1,,13,cupy_copy__complex64_complex64
1463136345,84862,6092,1,1,1,32,32,1,30,0.000,0.000,,,,,NVIDIA A100-SXM4-40GB MIG 4g.20gb (0),1,,13,"void convert_kernel<__half2, float2>(tensor_layout_any, T1 *, tensor_layout_any, const T2 *)"
1463253783,25792,6095,,,,,,,,,,0.094,3632.688,Pinned,Device,NVIDIA A100-SXM4-40GB MIG 4g.20gb (0),1,,13,[CUDA memcpy Host-to-Device]
1463304982,47360,6096,,,,,,,,,,35.810,756090.651,Device,,NVIDIA A100-SXM4-40GB MIG 4g.20gb (0),1,,13,[CUDA memset]
1463359798,13856,6098,,,,,,,,,,0.000,5.774,Pinned,Device,NVIDIA A100-SXM4-40GB MIG 4g.20gb (0),1,,13,[CUDA memcpy Host-to-Device]
1463385109,26528,6099,,,,,,,,,,0.197,7411.335,Pinned,Device,NVIDIA A100-SXM4-40GB MIG 4g.20gb (0),1,,13,[CUDA memcpy Host-to-Device]
1463428693,9632,6100,273,1,1,48,1,1,40,0.000,0.001,,,,,NVIDIA A100-SXM4-40GB MIG 4g.20gb (0),1,,13,"void pusch_noise_intf_est::noiseIntfEstNoDftSOfdmKernel<float, __half, float, float, (unsigned int)2, (unsigned int)1, (unsigned char)4, (unsigned char)4>(pusch_noise_intf_est::puschRxNoiseIntfEstDynDescr)"
1463446741,2560,6111,35,1,1,128,1,1,16,0.000,0.000,,,,,NVIDIA A100-SXM4-40GB MIG 4g.20gb (0),1,,13,cupy_copy__complex64_complex64
1463456405,1664,6120,1,1,1,1,1,1,18,0.000,0.000,,,,,NVIDIA A100-SXM4-40GB MIG 4g.20gb (0),1,,13,cupy_copy__float32_float32
1463461172,1888,6126,,,,,,,,,,0.000,2.119,Device,Pageable,NVIDIA A100-SXM4-40GB MIG 4g.20gb (0),1,,7,[CUDA memcpy Device-to-Host]
1463533876,12927,6137,1434,1,1,128,1,1,16,0.000,0.000,,,,,NVIDIA A100-SXM4-40GB MIG 4g.20gb (0),1,,13,cupy_copy__complex64_complex64
1463565011,3072,6144,103,1,1,128,1,1,16,0.000,0.000,,,,,NVIDIA A100-SXM4-40GB MIG 4g.20gb (0),1,,13,cupy_copy__complex64_complex64
1463583059,2688,6151,35,1,1,128,1,1,16,0.000,0.000,,,,,NVIDIA A100-SXM4-40GB MIG 4g.20gb (0),1,,13,cupy_copy__complex64_complex64
1463598195,2016,6158,1,1,1,1,1,1,18,0.000,0.000,,,,,NVIDIA A100-SXM4-40GB MIG 4g.20gb (0),1,,13,cupy_copy__float32_float32
1463735281,81151,6169,1,1,1,32,32,1,30,0.000,0.000,,,,,NVIDIA A100-SXM4-40GB MIG 4g.20gb (0),1,,13,"void convert_kernel<__half2, float2>(tensor_layout_any, T1 *, tensor_layout_any, const T2 *)"
1463845168,13408,6172,,,,,,,,,,0.094,6988.035,Pinned,Device,NVIDIA A100-SXM4-40GB MIG 4g.20gb (0),1,,13,[CUDA memcpy Host-to-Device]
1463868975,3488,6173,,,,,,,,,,1.547,443412.461,Device,,NVIDIA A100-SXM4-40GB MIG 4g.20gb (0),1,,13,[CUDA memset]
1463874543,6208,6178,,,,,,,,,,0.031,5041.222,Pinned,Device,NVIDIA A100-SXM4-40GB MIG 4g.20gb (0),1,,13,[CUDA memcpy Host-to-Device]
1463883215,12768,6179,,,,,,,,,,0.197,15398.339,Pinned,Device,NVIDIA A100-SXM4-40GB MIG 4g.20gb (0),1,,13,[CUDA memcpy Host-to-Device]
1463904431,8448,6180,273,1,1,8,4,1,39,0.002,0.000,,,,,NVIDIA A100-SXM4-40GB MIG 4g.20gb (0),1,,13,"void channel_eq::eqMmseCoefCompLowMimoKernel<float, float, float, (unsigned int)4, (unsigned int)1, (unsigned int)4>(const channel_eq::_puschRxChEqStatDescr *, channel_eq::_puschRxChEqCoefCompDynDescr)"
1463916975,6432,6181,273,1,1,12,11,1,51,0.002,0.000,,,,,NVIDIA A100-SXM4-40GB MIG 4g.20gb (0),1,,13,"void channel_eq::eqMmseSoftDemapKernel<float, __half, __half, float, (unsigned int)4, (unsigned short)16383>(channel_eq::_puschRxChEqStatDescr *, channel_eq::_puschRxChEqSoftDemapDynDescr)"
1463924943,281628,6182,1,1,1,32,32,1,30,0.000,0.000,,,,,NVIDIA A100-SXM4-40GB MIG 4g.20gb (0),1,,13,"void convert_kernel<float2, __half2>(tensor_layout_any, T1 *, tensor_layout_any, const T2 *)"
1464207595,10880,6194,2253,1,1,128,1,1,16,0.000,0.000,,,,,NVIDIA A100-SXM4-40GB MIG 4g.20gb (0),1,,13,cupy_copy__float16_float16
1464222475,2688,6203,282,1,1,128,1,1,16,0.000,0.000,,,,,NVIDIA A100-SXM4-40GB MIG 4g.20gb (0),1,,13,cupy_copy__complex64_complex64
1464228811,2048,6212,26,1,1,128,1,1,16,0.000,0.000,,,,,NVIDIA A100-SXM4-40GB MIG 4g.20gb (0),1,,13,cupy_copy__float32_float32
1464232139,3168,6221,103,1,1,128,1,1,16,0.000,0.000,,,,,NVIDIA A100-SXM4-40GB MIG 4g.20gb (0),1,,13,cupy_copy__complex64_complex64
1464237835,11936,6231,1434,1,1,128,1,1,16,0.000,0.000,,,,,NVIDIA A100-SXM4-40GB MIG 4g.20gb (0),1,,13,cupy_copy__complex64_complex64
1464251787,81439,6236,1,1,1,32,32,1,30,0.000,0.000,,,,,NVIDIA A100-SXM4-40GB MIG 4g.20gb (0),1,,13,"void convert_kernel<__half2, float2>(tensor_layout_any, T1 *, tensor_layout_any, const T2 *)"
1464361097,5344,6239,,,,,,,,,,0.094,17532.864,Pinned,Device,NVIDIA A100-SXM4-40GB MIG 4g.20gb (0),1,,13,[CUDA memcpy Host-to-Device]
1464371721,597113,6240,,,,,,,,,,456.561,764283.851,Device,,NVIDIA A100-SXM4-40GB MIG 4g.20gb (0),1,,13,[CUDA memset]
1464976098,145182,6245,,,,,,,,,,1.235,8505.059,Pinned,Device,NVIDIA A100-SXM4-40GB MIG 4g.20gb (0),1,,13,[CUDA memcpy Host-to-Device]
1465134432,40383,6246,,,,,,,,,,0.197,4868.407,Pinned,Device,NVIDIA A100-SXM4-40GB MIG 4g.20gb (0),1,,13,[CUDA memcpy Host-to-Device]
1465193375,8224,6247,69,4,1,48,1,1,76,0.002,0.000,,,,,NVIDIA A100-SXM4-40GB MIG 4g.20gb (0),1,,13,"void ch_est::windowedChEstPreNoDftSOfdmKernel<float, __half, float, (unsigned int)2, (unsigned int)1, (unsigned short)4>(ch_est::puschRxChEstStatDescr_t *, ch_est::puschRxChEstDynDescr_t *)"
1465212831,7072,6248,137,2,1,24,2,1,44,0.001,0.001,,,,,NVIDIA A100-SXM4-40GB MIG 4g.20gb (0),1,,13,"void ch_est::chEstFilterNoDftSOfdmDispatchKernel<float, __half, float, (unsigned int)2>(ch_est::puschRxChEstStatDescr_t *, ch_est::puschRxChEstDynDescr_t *)"
1465230047,4672,6249,137,2,1,24,2,1,44,0.001,0.001,,,,,NVIDIA A100-SXM4-40GB MIG 4g.20gb (0),1,,13,"void ch_est::chEstFilterNoDftSOfdmDispatchKernel<float, __half, float, (unsigned int)2>(ch_est::puschRxChEstStatDescr_t *, ch_est::puschRxChEstDynDescr_t *)"
1465247294,2560,6260,103,1,1,128,1,1,16,0.000,0.000,,,,,NVIDIA A100-SXM4-40GB MIG 4g.20gb (0),1,,13,cupy_copy__complex64_complex64
1465265118,12480,6270,1434,1,1,128,1,1,16,0.000,0.000,,,,,NVIDIA A100-SXM4-40GB MIG 4g.20gb (0),1,,13,cupy_copy__complex64_complex64
1465284414,2592,6277,103,1,1,128,1,1,16,0.000,0.000,,,,,NVIDIA A100-SXM4-40GB MIG 4g.20gb (0),1,,13,cupy_copy__complex64_complex64
1465306590,85279,6284,1,1,1,32,32,1,30,0.000,0.000,,,,,NVIDIA A100-SXM4-40GB MIG 4g.20gb (0),1,,13,"void convert_kernel<__half2, float2>(tensor_layout_any, T1 *, tensor_layout_any, const T2 *)"
1465424636,22816,6287,,,,,,,,,,0.094,4106.508,Pinned,Device,NVIDIA A100-SXM4-40GB MIG 4g.20gb (0),1,,13,[CUDA memcpy Host-to-Device]
1465466140,47263,6288,,,,,,,,,,35.810,757666.287,Device,,NVIDIA A100-SXM4-40GB MIG 4g.20gb (0),1,,13,[CUDA memset]
1465520411,9376,6290,,,,,,,,,,0.000,8.532,Pinned,Device,NVIDIA A100-SXM4-40GB MIG 4g.20gb (0),1,,13,[CUDA memcpy Host-to-Device]
1465539931,23167,6291,,,,,,,,,,0.197,8486.388,Pinned,Device,NVIDIA A100-SXM4-40GB MIG 4g.20gb (0),1,,13,[CUDA memcpy Host-to-Device]
1465580954,9536,6292,273,1,1,48,1,1,40,0.000,0.001,,,,,NVIDIA A100-SXM4-40GB MIG 4g.20gb (0),1,,13,"void pusch_noise_intf_est::noiseIntfEstNoDftSOfdmKernel<float, __half, float, float, (unsigned int)2, (unsigned int)1, (unsigned char)4, (unsigned char)4>(pusch_noise_intf_est::puschRxNoiseIntfEstDynDescr)"
1465598490,2912,6303,35,1,1,128,1,1,16,0.000,0.000,,,,,NVIDIA A100-SXM4-40GB MIG 4g.20gb (0),1,,13,cupy_copy__complex64_complex64
1465611770,2048,6312,1,1,1,1,1,1,18,0.000,0.000,,,,,NVIDIA A100-SXM4-40GB MIG 4g.20gb (0),1,,13,cupy_copy__float32_float32
1465617370,7488,6318,,,,,,,,,,0.000,0.534,Device,Pageable,NVIDIA A100-SXM4-40GB MIG 4g.20gb (0),1,,7,[CUDA memcpy Device-to-Host]
1465699321,12992,6329,1434,1,1,128,1,1,16,0.000,0.000,,,,,NVIDIA A100-SXM4-40GB MIG 4g.20gb (0),1,,13,cupy_copy__complex64_complex64
1465729880,3424,6336,103,1,1,128,1,1,16,0.000,0.000,,,,,NVIDIA A100-SXM4-40GB MIG 4g.20gb (0),1,,13,cupy_copy__complex64_complex64
1465747800,2624,6343,35,1,1,128,1,1,16,0.000,0.000,,,,,NVIDIA A100-SXM4-40GB MIG 4g.20gb (0),1,,13,cupy_copy__complex64_complex64
1465771000,1856,6350,1,1,1,1,1,1,18,0.000,0.000,,,,,NVIDIA A100-SXM4-40GB MIG 4g.20gb (0),1,,13,cupy_copy__float32_float32
1465891382,82015,6361,1,1,1,32,32,1,30,0.000,0.000,,,,,NVIDIA A100-SXM4-40GB MIG 4g.20gb (0),1,,13,"void convert_kernel<__half2, float2>(tensor_layout_any, T1 *, tensor_layout_any, const T2 *)"
1466001397,5408,6364,,,,,,,,,,0.094,17325.421,Pinned,Device,NVIDIA A100-SXM4-40GB MIG 4g.20gb (0),1,,13,[CUDA memcpy Host-to-Device]
1466015061,3296,6365,,,,,,,,,,1.547,469242.628,Device,,NVIDIA A100-SXM4-40GB MIG 4g.20gb (0),1,,13,[CUDA memset]
1466021877,3488,6370,,,,,,,,,,0.031,8972.469,Pinned,Device,NVIDIA A100-SXM4-40GB MIG 4g.20gb (0),1,,13,[CUDA memcpy Host-to-Device]
1466027765,10112,6371,,,,,,,,,,0.197,19442.958,Pinned,Device,NVIDIA A100-SXM4-40GB MIG 4g.20gb (0),1,,13,[CUDA memcpy Host-to-Device]
1466041525,6207,6372,273,1,1,8,4,1,39,0.002,0.000,,,,,NVIDIA A100-SXM4-40GB MIG 4g.20gb (0),1,,13,"void channel_eq::eqMmseCoefCompLowMimoKernel<float, float, float, (unsigned int)4, (unsigned int)1, (unsigned int)4>(const channel_eq::_puschRxChEqStatDescr *, channel_eq::_puschRxChEqCoefCompDynDescr)"
1466048756,8224,6373,273,1,1,12,11,1,51,0.002,0.000,,,,,NVIDIA A100-SXM4-40GB MIG 4g.20gb (0),1,,13,"void channel_eq::eqMmseSoftDemapKernel<float, __half, __half, float, (unsigned int)4, (unsigned short)16383>(channel_eq::_puschRxChEqStatDescr *, channel_eq::_puschRxChEqSoftDemapDynDescr)"
1466060340,282525,6374,1,1,1,32,32,1,30,0.000,0.000,,,,,NVIDIA A100-SXM4-40GB MIG 4g.20gb (0),1,,13,"void convert_kernel<float2, __half2>(tensor_layout_any, T1 *, tensor_layout_any, const T2 *)"
1466343793,11008,6386,2253,1,1,128,1,1,16,0.000,0.000,,,,,NVIDIA A100-SXM4-40GB MIG 4g.20gb (0),1,,13,cupy_copy__float16_float16
1466357137,3648,6395,282,1,1,128,1,1,16,0.000,0.000,,,,,NVIDIA A100-SXM4-40GB MIG 4g.20gb (0),1,,13,cupy_copy__complex64_complex64
1466362673,2112,6404,26,1,1,128,1,1,16,0.000,0.000,,,,,NVIDIA A100-SXM4-40GB MIG 4g.20gb (0),1,,13,cupy_copy__float32_float32
1466365745,3007,6413,103,1,1,128,1,1,16,0.000,0.000,,,,,NVIDIA A100-SXM4-40GB MIG 4g.20gb (0),1,,13,cupy_copy__complex64_complex64
1466371120,12096,6423,1434,1,1,128,1,1,16,0.000,0.000,,,,,NVIDIA A100-SXM4-40GB MIG 4g.20gb (0),1,,13,cupy_copy__complex64_complex64
1466390576,86815,6428,1,1,1,32,32,1,30,0.000,0.000,,,,,NVIDIA A100-SXM4-40GB MIG 4g.20gb (0),1,,13,"void convert_kernel<__half2, float2>(tensor_layout_any, T1 *, tensor_layout_any, const T2 *)"
1466504111,5824,6431,,,,,,,,,,0.094,16087.884,Pinned,Device,NVIDIA A100-SXM4-40GB MIG 4g.20gb (0),1,,13,[CUDA memcpy Host-to-Device]
1466515119,596280,6432,,,,,,,,,,456.561,765653.535,Device,,NVIDIA A100-SXM4-40GB MIG 4g.20gb (0),1,,13,[CUDA memset]
1467114375,89663,6437,,,,,,,,,,1.235,13772.095,Pinned,Device,NVIDIA A100-SXM4-40GB MIG 4g.20gb (0),1,,13,[CUDA memcpy Host-to-Device]
1467210374,16576,6438,,,,,,,,,,0.197,11860.967,Pinned,Device,NVIDIA A100-SXM4-40GB MIG 4g.20gb (0),1,,13,[CUDA memcpy Host-to-Device]
1467235782,9440,6439,69,4,1,48,1,1,76,0.002,0.000,,,,,NVIDIA A100-SXM4-40GB MIG 4g.20gb (0),1,,13,"void ch_est::windowedChEstPreNoDftSOfdmKernel<float, __half, float, (unsigned int)2, (unsigned int)1, (unsigned short)4>(ch_est::puschRxChEstStatDescr_t *, ch_est::puschRxChEstDynDescr_t *)"
1467252998,6335,6440,137,2,1,24,2,1,44,0.001,0.001,,,,,NVIDIA A100-SXM4-40GB MIG 4g.20gb (0),1,,13,"void ch_est::chEstFilterNoDftSOfdmDispatchKernel<float, __half, float, (unsigned int)2>(ch_est::puschRxChEstStatDescr_t *, ch_est::puschRxChEstDynDescr_t *)"
1467262885,6496,6441,137,2,1,24,2,1,44,0.001,0.001,,,,,NVIDIA A100-SXM4-40GB MIG 4g.20gb (0),1,,13,"void ch_est::chEstFilterNoDftSOfdmDispatchKernel<float, __half, float, (unsigned int)2>(ch_est::puschRxChEstStatDescr_t *, ch_est::puschRxChEstDynDescr_t *)"
1467271333,2624,6452,103,1,1,128,1,1,16,0.000,0.000,,,,,NVIDIA A100-SXM4-40GB MIG 4g.20gb (0),1,,13,cupy_copy__complex64_complex64
1467280613,12480,6462,1434,1,1,128,1,1,16,0.000,0.000,,,,,NVIDIA A100-SXM4-40GB MIG 4g.20gb (0),1,,13,cupy_copy__complex64_complex64
1467297029,2752,6469,103,1,1,128,1,1,16,0.000,0.000,,,,,NVIDIA A100-SXM4-40GB MIG 4g.20gb (0),1,,13,cupy_copy__complex64_complex64
1467306245,90047,6476,1,1,1,32,32,1,30,0.000,0.000,,,,,NVIDIA A100-SXM4-40GB MIG 4g.20gb (0),1,,13,"void convert_kernel<__half2, float2>(tensor_layout_any, T1 *, tensor_layout_any, const T2 *)"
1467424931,13312,6479,,,,,,,,,,0.094,7038.444,Pinned,Device,NVIDIA A100-SXM4-40GB MIG 4g.20gb (0),1,,13,[CUDA memcpy Host-to-Device]
1467451907,47359,6480,,,,,,,,,,35.810,756126.461,Device,,NVIDIA A100-SXM4-40GB MIG 4g.20gb (0),1,,13,[CUDA memset]
1467501122,7776,6482,,,,,,,,,,0.000,10.288,Pinned,Device,NVIDIA A100-SXM4-40GB MIG 4g.20gb (0),1,,13,[CUDA memcpy Host-to-Device]
1467515170,20000,6483,,,,,,,,,,0.197,9830.400,Pinned,Device,NVIDIA A100-SXM4-40GB MIG 4g.20gb (0),1,,13,[CUDA memcpy Host-to-Device]
1467546018,9184,6484,273,1,1,48,1,1,40,0.000,0.001,,,,,NVIDIA A100-SXM4-40GB MIG 4g.20gb (0),1,,13,"void pusch_noise_intf_est::noiseIntfEstNoDftSOfdmKernel<float, __half, float, float, (unsigned int)2, (unsigned int)1, (unsigned char)4, (unsigned char)4>(pusch_noise_intf_est::puschRxNoiseIntfEstDynDescr)"
1467557506,3008,6495,35,1,1,128,1,1,16,0.000,0.000,,,,,NVIDIA A100-SXM4-40GB MIG 4g.20gb (0),1,,13,cupy_copy__complex64_complex64
1467566850,1952,6504,1,1,1,1,1,1,18,0.000,0.000,,,,,NVIDIA A100-SXM4-40GB MIG 4g.20gb (0),1,,13,cupy_copy__float32_float32
1467580801,6112,6510,,,,,,,,,,0.000,0.654,Device,Pageable,NVIDIA A100-SXM4-40GB MIG 4g.20gb (0),1,,7,[CUDA memcpy Device-to-Host]
1467661760,13184,6521,1434,1,1,128,1,1,16,0.000,0.000,,,,,NVIDIA A100-SXM4-40GB MIG 4g.20gb (0),1,,13,cupy_copy__complex64_complex64
1467697280,6272,6528,103,1,1,128,1,1,16,0.000,0.000,,,,,NVIDIA A100-SXM4-40GB MIG 4g.20gb (0),1,,13,cupy_copy__complex64_complex64
1467710944,2560,6535,35,1,1,128,1,1,16,0.000,0.000,,,,,NVIDIA A100-SXM4-40GB MIG 4g.20gb (0),1,,13,cupy_copy__complex64_complex64
1467731936,1760,6542,1,1,1,1,1,1,18,0.000,0.000,,,,,NVIDIA A100-SXM4-40GB MIG 4g.20gb (0),1,,13,cupy_copy__float32_float32
1467855518,82335,6553,1,1,1,32,32,1,30,0.000,0.000,,,,,NVIDIA A100-SXM4-40GB MIG 4g.20gb (0),1,,13,"void convert_kernel<__half2, float2>(tensor_layout_any, T1 *, tensor_layout_any, const T2 *)"
1467965629,5920,6556,,,,,,,,,,0.094,15826.941,Pinned,Device,NVIDIA A100-SXM4-40GB MIG 4g.20gb (0),1,,13,[CUDA memcpy Host-to-Device]
1467980029,3295,6557,,,,,,,,,,1.547,469384.918,Device,,NVIDIA A100-SXM4-40GB MIG 4g.20gb (0),1,,13,[CUDA memset]
1467987324,3072,6562,,,,,,,,,,0.031,10187.474,Pinned,Device,NVIDIA A100-SXM4-40GB MIG 4g.20gb (0),1,,13,[CUDA memcpy Host-to-Device]
1467993212,10112,6563,,,,,,,,,,0.197,19442.958,Pinned,Device,NVIDIA A100-SXM4-40GB MIG 4g.20gb (0),1,,13,[CUDA memcpy Host-to-Device]
1468007996,6112,6564,273,1,1,8,4,1,39,0.002,0.000,,,,,NVIDIA A100-SXM4-40GB MIG 4g.20gb (0),1,,13,"void channel_eq::eqMmseCoefCompLowMimoKernel<float, float, float, (unsigned int)4, (unsigned int)1, (unsigned int)4>(const channel_eq::_puschRxChEqStatDescr *, channel_eq::_puschRxChEqCoefCompDynDescr)"
1468015100,6528,6565,273,1,1,12,11,1,51,0.002,0.000,,,,,NVIDIA A100-SXM4-40GB MIG 4g.20gb (0),1,,13,"void channel_eq::eqMmseSoftDemapKernel<float, __half, __half, float, (unsigned int)4, (unsigned short)16383>(channel_eq::_puschRxChEqStatDescr *, channel_eq::_puschRxChEqSoftDemapDynDescr)"
1468022620,282300,6566,1,1,1,32,32,1,30,0.000,0.000,,,,,NVIDIA A100-SXM4-40GB MIG 4g.20gb (0),1,,13,"void convert_kernel<float2, __half2>(tensor_layout_any, T1 *, tensor_layout_any, const T2 *)"
1468308792,10848,6578,2253,1,1,128,1,1,16,0.000,0.000,,,,,NVIDIA A100-SXM4-40GB MIG 4g.20gb (0),1,,13,cupy_copy__float16_float16
1468321432,3488,6587,282,1,1,128,1,1,16,0.000,0.000,,,,,NVIDIA A100-SXM4-40GB MIG 4g.20gb (0),1,,13,cupy_copy__complex64_complex64
1468326040,2016,6596,26,1,1,128,1,1,16,0.000,0.000,,,,,NVIDIA A100-SXM4-40GB MIG 4g.20gb (0),1,,13,cupy_copy__float32_float32
1468329624,4640,6605,103,1,1,128,1,1,16,0.000,0.000,,,,,NVIDIA A100-SXM4-40GB MIG 4g.20gb (0),1,,13,cupy_copy__complex64_complex64
1468337368,12736,6615,1434,1,1,128,1,1,16,0.000,0.000,,,,,NVIDIA A100-SXM4-40GB MIG 4g.20gb (0),1,,13,cupy_copy__complex64_complex64
1468356472,88063,6620,1,1,1,32,32,1,30,0.000,0.000,,,,,NVIDIA A100-SXM4-40GB MIG 4g.20gb (0),1,,13,"void convert_kernel<__half2, float2>(tensor_layout_any, T1 *, tensor_layout_any, const T2 *)"
1468472982,5408,6623,,,,,,,,,,0.094,17325.421,Pinned,Device,NVIDIA A100-SXM4-40GB MIG 4g.20gb (0),1,,13,[CUDA memcpy Host-to-Device]
1468482870,597977,6624,,,,,,,,,,456.561,763370.728,Device,,NVIDIA A100-SXM4-40GB MIG 4g.20gb (0),1,,13,[CUDA memset]
1469087983,127006,6629,,,,,,,,,,1.235,9722.714,Pinned,Device,NVIDIA A100-SXM4-40GB MIG 4g.20gb (0),1,,13,[CUDA memcpy Host-to-Device]
1469222989,32096,6630,,,,,,,,,,0.197,6125.519,Pinned,Device,NVIDIA A100-SXM4-40GB MIG 4g.20gb (0),1,,13,[CUDA memcpy Host-to-Device]
1469276364,8416,6631,69,4,1,48,1,1,76,0.002,0.000,,,,,NVIDIA A100-SXM4-40GB MIG 4g.20gb (0),1,,13,"void ch_est::windowedChEstPreNoDftSOfdmKernel<float, __half, float, (unsigned int)2, (unsigned int)1, (unsigned short)4>(ch_est::puschRxChEstStatDescr_t *, ch_est::puschRxChEstDynDescr_t *)"
1469292460,6880,6632,137,2,1,24,2,1,44,0.001,0.001,,,,,NVIDIA A100-SXM4-40GB MIG 4g.20gb (0),1,,13,"void ch_est::chEstFilterNoDftSOfdmDispatchKernel<float, __half, float, (unsigned int)2>(ch_est::puschRxChEstStatDescr_t *, ch_est::puschRxChEstDynDescr_t *)"
1469307564,4960,6633,137,2,1,24,2,1,44,0.001,0.001,,,,,NVIDIA A100-SXM4-40GB MIG 4g.20gb (0),1,,13,"void ch_est::chEstFilterNoDftSOfdmDispatchKernel<float, __half, float, (unsigned int)2>(ch_est::puschRxChEstStatDescr_t *, ch_est::puschRxChEstDynDescr_t *)"
1469319212,2752,6644,103,1,1,128,1,1,16,0.000,0.000,,,,,NVIDIA A100-SXM4-40GB MIG 4g.20gb (0),1,,13,cupy_copy__complex64_complex64
1469328652,12416,6654,1434,1,1,128,1,1,16,0.000,0.000,,,,,NVIDIA A100-SXM4-40GB MIG 4g.20gb (0),1,,13,cupy_copy__complex64_complex64
1469345388,2496,6661,103,1,1,128,1,1,16,0.000,0.000,,,,,NVIDIA A100-SXM4-40GB MIG 4g.20gb (0),1,,13,cupy_copy__complex64_complex64
1469357003,83455,6668,1,1,1,32,32,1,30,0.000,0.000,,,,,NVIDIA A100-SXM4-40GB MIG 4g.20gb (0),1,,13,"void convert_kernel<__half2, float2>(tensor_layout_any, T1 *, tensor_layout_any, const T2 *)"
1469468778,6272,6671,,,,,,,,,,0.094,14938.703,Pinned,Device,NVIDIA A100-SXM4-40GB MIG 4g.20gb (0),1,,13,[CUDA memcpy Host-to-Device]
1469484586,46847,6672,,,,,,,,,,35.810,764398.552,Device,,NVIDIA A100-SXM4-40GB MIG 4g.20gb (0),1,,13,[CUDA memset]
1469531977,3936,6674,,,,,,,,,,0.000,20.325,Pinned,Device,NVIDIA A100-SXM4-40GB MIG 4g.20gb (0),1,,13,[CUDA memcpy Host-to-Device]
1469541481,12768,6675,,,,,,,,,,0.197,15398.339,Pinned,Device,NVIDIA A100-SXM4-40GB MIG 4g.20gb (0),1,,13,[CUDA memcpy Host-to-Device]
1469563017,9888,6676,273,1,1,48,1,1,40,0.000,0.001,,,,,NVIDIA A100-SXM4-40GB MIG 4g.20gb (0),1,,13,"void pusch_noise_intf_est::noiseIntfEstNoDftSOfdmKernel<float, __half, float, float, (unsigned int)2, (unsigned int)1, (unsigned char)4, (unsigned char)4>(pusch_noise_intf_est::puschRxNoiseIntfEstDynDescr)"
1469578313,3232,6687,35,1,1,128,1,1,16,0.000,0.000,,,,,NVIDIA A100-SXM4-40GB MIG 4g.20gb (0),1,,13,cupy_copy__complex64_complex64
1469590857,1920,6696,1,1,1,1,1,1,18,0.000,0.000,,,,,NVIDIA A100-SXM4-40GB MIG 4g.20gb (0),1,,13,cupy_copy__float32_float32
1469621288,1632,6702,,,,,,,,,,0.000,2.451,Device,Pageable,NVIDIA A100-SXM4-40GB MIG 4g.20gb (0),1,,7,[CUDA memcpy Device-to-Host]
1469681447,13056,6713,1434,1,1,128,1,1,16,0.000,0.000,,,,,NVIDIA A100-SXM4-40GB MIG 4g.20gb (0),1,,13,cupy_copy__complex64_complex64
1469711367,3168,6720,103,1,1,128,1,1,16,0.000,0.000,,,,,NVIDIA A100-SXM4-40GB MIG 4g.20gb (0),1,,13,cupy_copy__complex64_complex64
1469728903,2752,6727,35,1,1,128,1,1,16,0.000,0.000,,,,,NVIDIA A100-SXM4-40GB MIG 4g.20gb (0),1,,13,cupy_copy__complex64_complex64
1469747687,1792,6734,1,1,1,1,1,1,18,0.000,0.000,,,,,NVIDIA A100-SXM4-40GB MIG 4g.20gb (0),1,,13,cupy_copy__float32_float32
1469880005,81951,6745,1,1,1,32,32,1,30,0.000,0.000,,,,,NVIDIA A100-SXM4-40GB MIG 4g.20gb (0),1,,13,"void convert_kernel<__half2, float2>(tensor_layout_any, T1 *, tensor_layout_any, const T2 *)"
1469988996,6176,6748,,,,,,,,,,0.094,15170.975,Pinned,Device,NVIDIA A100-SXM4-40GB MIG 4g.20gb (0),1,,13,[CUDA memcpy Host-to-Device]
1470002819,3424,6749,,,,,,,,,,1.547,451700.819,Device,,NVIDIA A100-SXM4-40GB MIG 4g.20gb (0),1,,13,[CUDA memset]
1470013699,3232,6754,,,,,,,,,,0.031,9683.139,Pinned,Device,NVIDIA A100-SXM4-40GB MIG 4g.20gb (0),1,,13,[CUDA memcpy Host-to-Device]
1470019523,10336,6755,,,,,,,,,,0.197,19021.627,Pinned,Device,NVIDIA A100-SXM4-40GB MIG 4g.20gb (0),1,,13,[CUDA memcpy Host-to-Device]
1470034211,6528,6756,273,1,1,8,4,1,39,0.002,0.000,,,,,NVIDIA A100-SXM4-40GB MIG 4g.20gb (0),1,,13,"void channel_eq::eqMmseCoefCompLowMimoKernel<float, float, float, (unsigned int)4, (unsigned int)1, (unsigned int)4>(const channel_eq::_puschRxChEqStatDescr *, channel_eq::_puschRxChEqCoefCompDynDescr)"
1470042819,6240,6757,273,1,1,12,11,1,51,0.002,0.000,,,,,NVIDIA A100-SXM4-40GB MIG 4g.20gb (0),1,,13,"void channel_eq::eqMmseSoftDemapKernel<float, __half, __half, float, (unsigned int)4, (unsigned short)16383>(channel_eq::_puschRxChEqStatDescr *, channel_eq::_puschRxChEqSoftDemapDynDescr)"
1470050435,294236,6758,1,1,1,32,32,1,30,0.000,0.000,,,,,NVIDIA A100-SXM4-40GB MIG 4g.20gb (0),1,,13,"void convert_kernel<float2, __half2>(tensor_layout_any, T1 *, tensor_layout_any, const T2 *)"
1470346559,11072,6770,2253,1,1,128,1,1,16,0.000,0.000,,,,,NVIDIA A100-SXM4-40GB MIG 4g.20gb (0),1,,13,cupy_copy__float16_float16
1470358879,3200,6779,282,1,1,128,1,1,16,0.000,0.000,,,,,NVIDIA A100-SXM4-40GB MIG 4g.20gb (0),1,,13,cupy_copy__complex64_complex64
1470363839,2048,6788,26,1,1,128,1,1,16,0.000,0.000,,,,,NVIDIA A100-SXM4-40GB MIG 4g.20gb (0),1,,13,cupy_copy__float32_float32
1470369791,2784,6797,103,1,1,128,1,1,16,0.000,0.000,,,,,NVIDIA A100-SXM4-40GB MIG 4g.20gb (0),1,,13,cupy_copy__complex64_complex64
1470374047,12608,6807,1434,1,1,128,1,1,16,0.000,0.000,,,,,NVIDIA A100-SXM4-40GB MIG 4g.20gb (0),1,,13,cupy_copy__complex64_complex64
1470388543,87391,6812,1,1,1,32,32,1,30,0.000,0.000,,,,,NVIDIA A100-SXM4-40GB MIG 4g.20gb (0),1,,13,"void convert_kernel<__half2, float2>(tensor_layout_any, T1 *, tensor_layout_any, const T2 *)"
1470503709,5536,6815,,,,,,,,,,0.094,16924.777,Pinned,Device,NVIDIA A100-SXM4-40GB MIG 4g.20gb (0),1,,13,[CUDA memcpy Host-to-Device]
1470513277,597689,6816,,,,,,,,,,456.561,763827.289,Device,,NVIDIA A100-SXM4-40GB MIG 4g.20gb (0),1,,13,[CUDA memset]
1471114454,151966,6821,,,,,,,,,,1.235,8125.932,Pinned,Device,NVIDIA A100-SXM4-40GB MIG 4g.20gb (0),1,,13,[CUDA memcpy Host-to-Device]
1471277460,40255,6822,,,,,,,,,,0.197,4883.939,Pinned,Device,NVIDIA A100-SXM4-40GB MIG 4g.20gb (0),1,,13,[CUDA memcpy Host-to-Device]
1471347635,7872,6823,69,4,1,48,1,1,76,0.002,0.000,,,,,NVIDIA A100-SXM4-40GB MIG 4g.20gb (0),1,,13,"void ch_est::windowedChEstPreNoDftSOfdmKernel<float, __half, float, (unsigned int)2, (unsigned int)1, (unsigned short)4>(ch_est::puschRxChEstStatDescr_t *, ch_est::puschRxChEstDynDescr_t *)"
1471366771,6879,6824,137,2,1,24,2,1,44,0.001,0.001,,,,,NVIDIA A100-SXM4-40GB MIG 4g.20gb (0),1,,13,"void ch_est::chEstFilterNoDftSOfdmDispatchKernel<float, __half, float, (unsigned int)2>(ch_est::puschRxChEstStatDescr_t *, ch_est::puschRxChEstDynDescr_t *)"
1471383570,4736,6825,137,2,1,24,2,1,44,0.001,0.001,,,,,NVIDIA A100-SXM4-40GB MIG 4g.20gb (0),1,,13,"void ch_est::chEstFilterNoDftSOfdmDispatchKernel<float, __half, float, (unsigned int)2>(ch_est::puschRxChEstStatDescr_t *, ch_est::puschRxChEstDynDescr_t *)"
1471402226,2688,6836,103,1,1,128,1,1,16,0.000,0.000,,,,,NVIDIA A100-SXM4-40GB MIG 4g.20gb (0),1,,13,cupy_copy__complex64_complex64
1471418322,12416,6846,1434,1,1,128,1,1,16,0.000,0.000,,,,,NVIDIA A100-SXM4-40GB MIG 4g.20gb (0),1,,13,cupy_copy__complex64_complex64
1471456241,2592,6853,103,1,1,128,1,1,16,0.000,0.000,,,,,NVIDIA A100-SXM4-40GB MIG 4g.20gb (0),1,,13,cupy_copy__complex64_complex64
1471474321,88223,6860,1,1,1,32,32,1,30,0.000,0.000,,,,,NVIDIA A100-SXM4-40GB MIG 4g.20gb (0),1,,13,"void convert_kernel<__half2, float2>(tensor_layout_any, T1 *, tensor_layout_any, const T2 *)"
1471592752,7264,6863,,,,,,,,,,0.094,12898.660,Pinned,Device,NVIDIA A100-SXM4-40GB MIG 4g.20gb (0),1,,13,[CUDA memcpy Host-to-Device]
1471608752,47007,6864,,,,,,,,,,35.810,761784.428,Device,,NVIDIA A100-SXM4-40GB MIG 4g.20gb (0),1,,13,[CUDA memset]
1471659759,3552,6866,,,,,,,,,,0.000,22.522,Pinned,Device,NVIDIA A100-SXM4-40GB MIG 4g.20gb (0),1,,13,[CUDA memcpy Host-to-Device]
1471666799,10944,6867,,,,,,,,,,0.197,17964.859,Pinned,Device,NVIDIA A100-SXM4-40GB MIG 4g.20gb (0),1,,13,[CUDA memcpy Host-to-Device]
1471684687,12895,6868,273,1,1,48,1,1,40,0.000,0.001,,,,,NVIDIA A100-SXM4-40GB MIG 4g.20gb (0),1,,13,"void pusch_noise_intf_est::noiseIntfEstNoDftSOfdmKernel<float, __half, float, float, (unsigned int)2, (unsigned int)1, (unsigned char)4, (unsigned char)4>(pusch_noise_intf_est::puschRxNoiseIntfEstDynDescr)"
1471702350,3296,6879,35,1,1,128,1,1,16,0.000,0.000,,,,,NVIDIA A100-SXM4-40GB MIG 4g.20gb (0),1,,13,cupy_copy__complex64_complex64
1471715022,1856,6888,1,1,1,1,1,1,18,0.000,0.000,,,,,NVIDIA A100-SXM4-40GB MIG 4g.20gb (0),1,,13,cupy_copy__float32_float32
1471746094,1600,6894,,,,,,,,,,0.000,2.500,Device,Pageable,NVIDIA A100-SXM4-40GB MIG 4g.20gb (0),1,,7,[CUDA memcpy Device-to-Host]
1471805869,13088,6905,1434,1,1,128,1,1,16,0.000,0.000,,,,,NVIDIA A100-SXM4-40GB MIG 4g.20gb (0),1,,13,cupy_copy__complex64_complex64
1471832013,2752,6912,103,1,1,128,1,1,16,0.000,0.000,,,,,NVIDIA A100-SXM4-40GB MIG 4g.20gb (0),1,,13,cupy_copy__complex64_complex64
1471852685,2335,6919,35,1,1,128,1,1,16,0.000,0.000,,,,,NVIDIA A100-SXM4-40GB MIG 4g.20gb (0),1,,13,cupy_copy__complex64_complex64
1471872300,1856,6926,1,1,1,1,1,1,18,0.000,0.000,,,,,NVIDIA A100-SXM4-40GB MIG 4g.20gb (0),1,,13,cupy_copy__float32_float32
1472004523,87231,6937,1,1,1,32,32,1,30,0.000,0.000,,,,,NVIDIA A100-SXM4-40GB MIG 4g.20gb (0),1,,13,"void convert_kernel<__half2, float2>(tensor_layout_any, T1 *, tensor_layout_any, const T2 *)"
1472119465,5824,6940,,,,,,,,,,0.094,16087.884,Pinned,Device,NVIDIA A100-SXM4-40GB MIG 4g.20gb (0),1,,13,[CUDA memcpy Host-to-Device]
1472134153,3008,6941,,,,,,,,,,1.547,514168.962,Device,,NVIDIA A100-SXM4-40GB MIG 4g.20gb (0),1,,13,[CUDA memset]
1472140617,3072,6946,,,,,,,,,,0.031,10187.474,Pinned,Device,NVIDIA A100-SXM4-40GB MIG 4g.20gb (0),1,,13,[CUDA memcpy Host-to-Device]
1472146505,9696,6947,,,,,,,,,,0.197,20277.166,Pinned,Device,NVIDIA A100-SXM4-40GB MIG 4g.20gb (0),1,,13,[CUDA memcpy Host-to-Device]
1472160873,6144,6948,273,1,1,8,4,1,39,0.002,0.000,,,,,NVIDIA A100-SXM4-40GB MIG 4g.20gb (0),1,,13,"void channel_eq::eqMmseCoefCompLowMimoKernel<float, float, float, (unsigned int)4, (unsigned int)1, (unsigned int)4>(const channel_eq::_puschRxChEqStatDescr *, channel_eq::_puschRxChEqCoefCompDynDescr)"
1472170153,5920,6949,273,1,1,12,11,1,51,0.002,0.000,,,,,NVIDIA A100-SXM4-40GB MIG 4g.20gb (0),1,,13,"void channel_eq::eqMmseSoftDemapKernel<float, __half, __half, float, (unsigned int)4, (unsigned short)16383>(channel_eq::_puschRxChEqStatDescr *, channel_eq::_puschRxChEqSoftDemapDynDescr)"
1472177416,282717,6950,1,1,1,32,32,1,30,0.000,0.000,,,,,NVIDIA A100-SXM4-40GB MIG 4g.20gb (0),1,,13,"void convert_kernel<float2, __half2>(tensor_layout_any, T1 *, tensor_layout_any, const T2 *)"
1472461189,10912,6962,2253,1,1,128,1,1,16,0.000,0.000,,,,,NVIDIA A100-SXM4-40GB MIG 4g.20gb (0),1,,13,cupy_copy__float16_float16
1472475045,3392,6971,282,1,1,128,1,1,16,0.000,0.000,,,,,NVIDIA A100-SXM4-40GB MIG 4g.20gb (0),1,,13,cupy_copy__complex64_complex64
1472479877,2400,6980,26,1,1,128,1,1,16,0.000,0.000,,,,,NVIDIA A100-SXM4-40GB MIG 4g.20gb (0),1,,13,cupy_copy__float32_float32
1472484869,3040,6989,103,1,1,128,1,1,16,0.000,0.000,,,,,NVIDIA A100-SXM4-40GB MIG 4g.20gb (0),1,,13,cupy_copy__complex64_complex64
1472492133,12031,6999,1434,1,1,128,1,1,16,0.000,0.000,,,,,NVIDIA A100-SXM4-40GB MIG 4g.20gb (0),1,,13,cupy_copy__complex64_complex64
1472509188,81983,7004,1,1,1,32,32,1,30,0.000,0.000,,,,,NVIDIA A100-SXM4-40GB MIG 4g.20gb (0),1,,13,"void convert_kernel<__half2, float2>(tensor_layout_any, T1 *, tensor_layout_any, const T2 *)"
1472617795,5920,7007,,,,,,,,,,0.094,15826.941,Pinned,Device,NVIDIA A100-SXM4-40GB MIG 4g.20gb (0),1,,13,[CUDA memcpy Host-to-Device]
1472627779,597721,7008,,,,,,,,,,456.561,763827.289,Device,,NVIDIA A100-SXM4-40GB MIG 4g.20gb (0),1,,13,[CUDA memset]
1473234107,171518,7013,,,,,,,,,,1.235,7199.724,Pinned,Device,NVIDIA A100-SXM4-40GB MIG 4g.20gb (0),1,,13,[CUDA memcpy Host-to-Device]
1473419513,39264,7014,,,,,,,,,,0.197,5007.213,Pinned,Device,NVIDIA A100-SXM4-40GB MIG 4g.20gb (0),1,,13,[CUDA memcpy Host-to-Device]
1473482456,8224,7015,69,4,1,48,1,1,76,0.002,0.000,,,,,NVIDIA A100-SXM4-40GB MIG 4g.20gb (0),1,,13,"void ch_est::windowedChEstPreNoDftSOfdmKernel<float, __half, float, (unsigned int)2, (unsigned int)1, (unsigned short)4>(ch_est::puschRxChEstStatDescr_t *, ch_est::puschRxChEstDynDescr_t *)"
1473502424,6592,7016,137,2,1,24,2,1,44,0.001,0.001,,,,,NVIDIA A100-SXM4-40GB MIG 4g.20gb (0),1,,13,"void ch_est::chEstFilterNoDftSOfdmDispatchKernel<float, __half, float, (unsigned int)2>(ch_est::puschRxChEstStatDescr_t *, ch_est::puschRxChEstDynDescr_t *)"
1473519320,4736,7017,137,2,1,24,2,1,44,0.001,0.001,,,,,NVIDIA A100-SXM4-40GB MIG 4g.20gb (0),1,,13,"void ch_est::chEstFilterNoDftSOfdmDispatchKernel<float, __half, float, (unsigned int)2>(ch_est::puschRxChEstStatDescr_t *, ch_est::puschRxChEstDynDescr_t *)"
1473536184,2528,7028,103,1,1,128,1,1,16,0.000,0.000,,,,,NVIDIA A100-SXM4-40GB MIG 4g.20gb (0),1,,13,cupy_copy__complex64_complex64
1473553719,12512,7038,1434,1,1,128,1,1,16,0.000,0.000,,,,,NVIDIA A100-SXM4-40GB MIG 4g.20gb (0),1,,13,cupy_copy__complex64_complex64
1473576695,2592,7045,103,1,1,128,1,1,16,0.000,0.000,,,,,NVIDIA A100-SXM4-40GB MIG 4g.20gb (0),1,,13,cupy_copy__complex64_complex64
1473597143,101151,7052,1,1,1,32,32,1,30,0.000,0.000,,,,,NVIDIA A100-SXM4-40GB MIG 4g.20gb (0),1,,13,"void convert_kernel<__half2, float2>(tensor_layout_any, T1 *, tensor_layout_any, const T2 *)"
1473736629,23840,7055,,,,,,,,,,0.094,3930.172,Pinned,Device,NVIDIA A100-SXM4-40GB MIG 4g.20gb (0),1,,13,[CUDA memcpy Host-to-Device]
1473778165,47007,7056,,,,,,,,,,35.810,761784.428,Device,,NVIDIA A100-SXM4-40GB MIG 4g.20gb (0),1,,13,[CUDA memset]
1473833780,12416,7058,,,,,,,,,,0.000,6.443,Pinned,Device,NVIDIA A100-SXM4-40GB MIG 4g.20gb (0),1,,13,[CUDA memcpy Host-to-Device]
1473852820,25215,7059,,,,,,,,,,0.197,7797.080,Pinned,Device,NVIDIA A100-SXM4-40GB MIG 4g.20gb (0),1,,13,[CUDA memcpy Host-to-Device]
1473906419,9440,7060,273,1,1,48,1,1,40,0.000,0.001,,,,,NVIDIA A100-SXM4-40GB MIG 4g.20gb (0),1,,13,"void pusch_noise_intf_est::noiseIntfEstNoDftSOfdmKernel<float, __half, float, float, (unsigned int)2, (unsigned int)1, (unsigned char)4, (unsigned char)4>(pusch_noise_intf_est::puschRxNoiseIntfEstDynDescr)"
1473922515,2752,7071,35,1,1,128,1,1,16,0.000,0.000,,,,,NVIDIA A100-SXM4-40GB MIG 4g.20gb (0),1,,13,cupy_copy__complex64_complex64
1473935059,1760,7080,1,1,1,1,1,1,18,0.000,0.000,,,,,NVIDIA A100-SXM4-40GB MIG 4g.20gb (0),1,,13,cupy_copy__float32_float32
1473944435,7840,7086,,,,,,,,,,0.000,0.510,Device,Pageable,NVIDIA A100-SXM4-40GB MIG 4g.20gb (0),1,,7,[CUDA memcpy Device-to-Host]
1474020274,13120,7097,1434,1,1,128,1,1,16,0.000,0.000,,,,,NVIDIA A100-SXM4-40GB MIG 4g.20gb (0),1,,13,cupy_copy__complex64_complex64
1474047409,2816,7104,103,1,1,128,1,1,16,0.000,0.000,,,,,NVIDIA A100-SXM4-40GB MIG 4g.20gb (0),1,,13,cupy_copy__complex64_complex64
1474065617,2368,7111,35,1,1,128,1,1,16,0.000,0.000,,,,,NVIDIA A100-SXM4-40GB MIG 4g.20gb (0),1,,13,cupy_copy__complex64_complex64
1474085073,1792,7118,1,1,1,1,1,1,18,0.000,0.000,,,,,NVIDIA A100-SXM4-40GB MIG 4g.20gb (0),1,,13,cupy_copy__float32_float32
1474215311,82239,7129,1,1,1,32,32,1,30,0.000,0.000,,,,,NVIDIA A100-SXM4-40GB MIG 4g.20gb (0),1,,13,"void convert_kernel<__half2, float2>(tensor_layout_any, T1 *, tensor_layout_any, const T2 *)"
1474325486,5760,7132,,,,,,,,,,0.094,16266.656,Pinned,Device,NVIDIA A100-SXM4-40GB MIG 4g.20gb (0),1,,13,[CUDA memcpy Host-to-Device]
1474342190,3200,7133,,,,,,,,,,1.547,483320.000,Device,,NVIDIA A100-SXM4-40GB MIG 4g.20gb (0),1,,13,[CUDA memset]
1474347534,3360,7138,,,,,,,,,,0.031,9314.284,Pinned,Device,NVIDIA A100-SXM4-40GB MIG 4g.20gb (0),1,,13,[CUDA memcpy Host-to-Device]
1474353422,9919,7139,,,,,,,,,,0.197,19821.232,Pinned,Device,NVIDIA A100-SXM4-40GB MIG 4g.20gb (0),1,,13,[CUDA memcpy Host-to-Device]
1474367245,6688,7140,273,1,1,8,4,1,39,0.002,0.000,,,,,NVIDIA A100-SXM4-40GB MIG 4g.20gb (0),1,,13,"void channel_eq::eqMmseCoefCompLowMimoKernel<float, float, float, (unsigned int)4, (unsigned int)1, (unsigned int)4>(const channel_eq::_puschRxChEqStatDescr *, channel_eq::_puschRxChEqCoefCompDynDescr)"
1474374893,6656,7141,273,1,1,12,11,1,51,0.002,0.000,,,,,NVIDIA A100-SXM4-40GB MIG 4g.20gb (0),1,,13,"void channel_eq::eqMmseSoftDemapKernel<float, __half, __half, float, (unsigned int)4, (unsigned short)16383>(channel_eq::_puschRxChEqStatDescr *, channel_eq::_puschRxChEqSoftDemapDynDescr)"
1474382541,282717,7142,1,1,1,32,32,1,30,0.000,0.000,,,,,NVIDIA A100-SXM4-40GB MIG 4g.20gb (0),1,,13,"void convert_kernel<float2, __half2>(tensor_layout_any, T1 *, tensor_layout_any, const T2 *)"
1474667530,10976,7154,2253,1,1,128,1,1,16,0.000,0.000,,,,,NVIDIA A100-SXM4-40GB MIG 4g.20gb (0),1,,13,cupy_copy__float16_float16
1474679785,3328,7163,282,1,1,128,1,1,16,0.000,0.000,,,,,NVIDIA A100-SXM4-40GB MIG 4g.20gb (0),1,,13,cupy_copy__complex64_complex64
1474686665,2112,7172,26,1,1,128,1,1,16,0.000,0.000,,,,,NVIDIA A100-SXM4-40GB MIG 4g.20gb (0),1,,13,cupy_copy__float32_float32
1474690345,3392,7181,103,1,1,128,1,1,16,0.000,0.000,,,,,NVIDIA A100-SXM4-40GB MIG 4g.20gb (0),1,,13,cupy_copy__complex64_complex64
1474696393,12160,7191,1434,1,1,128,1,1,16,0.000,0.000,,,,,NVIDIA A100-SXM4-40GB MIG 4g.20gb (0),1,,13,cupy_copy__complex64_complex64
1474713833,87231,7196,1,1,1,32,32,1,30,0.000,0.000,,,,,NVIDIA A100-SXM4-40GB MIG 4g.20gb (0),1,,13,"void convert_kernel<__half2, float2>(tensor_layout_any, T1 *, tensor_layout_any, const T2 *)"
1474827816,5440,7199,,,,,,,,,,0.094,17223.480,Pinned,Device,NVIDIA A100-SXM4-40GB MIG 4g.20gb (0),1,,13,[CUDA memcpy Host-to-Device]
1474837992,597016,7200,,,,,,,,,,456.561,764283.851,Device,,NVIDIA A100-SXM4-40GB MIG 4g.20gb (0),1,,13,[CUDA memset]
1475441024,151614,7205,,,,,,,,,,1.235,8144.456,Pinned,Device,NVIDIA A100-SXM4-40GB MIG 4g.20gb (0),1,,13,[CUDA memcpy Host-to-Device]
1475605566,39488,7206,,,,,,,,,,0.197,4978.901,Pinned,Device,NVIDIA A100-SXM4-40GB MIG 4g.20gb (0),1,,13,[CUDA memcpy Host-to-Device]
1475675997,8320,7207,69,4,1,48,1,1,76,0.002,0.000,,,,,NVIDIA A100-SXM4-40GB MIG 4g.20gb (0),1,,13,"void ch_est::windowedChEstPreNoDftSOfdmKernel<float, __half, float, (unsigned int)2, (unsigned int)1, (unsigned short)4>(ch_est::puschRxChEstStatDescr_t *, ch_est::puschRxChEstDynDescr_t *)"
1475695069,6656,7208,137,2,1,24,2,1,44,0.001,0.001,,,,,NVIDIA A100-SXM4-40GB MIG 4g.20gb (0),1,,13,"void ch_est::chEstFilterNoDftSOfdmDispatchKernel<float, __half, float, (unsigned int)2>(ch_est::puschRxChEstStatDescr_t *, ch_est::puschRxChEstDynDescr_t *)"
1475712381,4800,7209,137,2,1,24,2,1,44,0.001,0.001,,,,,NVIDIA A100-SXM4-40GB MIG 4g.20gb (0),1,,13,"void ch_est::chEstFilterNoDftSOfdmDispatchKernel<float, __half, float, (unsigned int)2>(ch_est::puschRxChEstStatDescr_t *, ch_est::puschRxChEstDynDescr_t *)"
1475729628,2720,7220,103,1,1,128,1,1,16,0.000,0.000,,,,,NVIDIA A100-SXM4-40GB MIG 4g.20gb (0),1,,13,cupy_copy__complex64_complex64
1475746300,12288,7230,1434,1,1,128,1,1,16,0.000,0.000,,,,,NVIDIA A100-SXM4-40GB MIG 4g.20gb (0),1,,13,cupy_copy__complex64_complex64
1475767612,2880,7237,103,1,1,128,1,1,16,0.000,0.000,,,,,NVIDIA A100-SXM4-40GB MIG 4g.20gb (0),1,,13,cupy_copy__complex64_complex64
1475793372,90943,7244,1,1,1,32,32,1,30,0.000,0.000,,,,,NVIDIA A100-SXM4-40GB MIG 4g.20gb (0),1,,13,"void convert_kernel<__half2, float2>(tensor_layout_any, T1 *, tensor_layout_any, const T2 *)"
1475922138,23104,7247,,,,,,,,,,0.094,4055.350,Pinned,Device,NVIDIA A100-SXM4-40GB MIG 4g.20gb (0),1,,13,[CUDA memcpy Host-to-Device]
1475962618,47103,7248,,,,,,,,,,35.810,760244.602,Device,,NVIDIA A100-SXM4-40GB MIG 4g.20gb (0),1,,13,[CUDA memset]
1476013753,14304,7250,,,,,,,,,,0.000,5.593,Pinned,Device,NVIDIA A100-SXM4-40GB MIG 4g.20gb (0),1,,13,[CUDA memcpy Host-to-Device]
1476036505,37631,7251,,,,,,,,,,0.197,5224.464,Pinned,Device,NVIDIA A100-SXM4-40GB MIG 4g.20gb (0),1,,13,[CUDA memcpy Host-to-Device]
1476093656,10016,7252,273,1,1,48,1,1,40,0.000,0.001,,,,,NVIDIA A100-SXM4-40GB MIG 4g.20gb (0),1,,13,"void pusch_noise_intf_est::noiseIntfEstNoDftSOfdmKernel<float, __half, float, float, (unsigned int)2, (unsigned int)1, (unsigned char)4, (unsigned char)4>(pusch_noise_intf_est::puschRxNoiseIntfEstDynDescr)"
1476110552,2688,7263,35,1,1,128,1,1,16,0.000,0.000,,,,,NVIDIA A100-SXM4-40GB MIG 4g.20gb (0),1,,13,cupy_copy__complex64_complex64
1476127544,1664,7272,1,1,1,1,1,1,18,0.000,0.000,,,,,NVIDIA A100-SXM4-40GB MIG 4g.20gb (0),1,,13,cupy_copy__float32_float32
1476131991,7584,7278,,,,,,,,,,0.000,0.527,Device,Pageable,NVIDIA A100-SXM4-40GB MIG 4g.20gb (0),1,,7,[CUDA memcpy Device-to-Host]
1476234134,12800,7289,1434,1,1,128,1,1,16,0.000,0.000,,,,,NVIDIA A100-SXM4-40GB MIG 4g.20gb (0),1,,13,cupy_copy__complex64_complex64
1476257046,3072,7296,103,1,1,128,1,1,16,0.000,0.000,,,,,NVIDIA A100-SXM4-40GB MIG 4g.20gb (0),1,,13,cupy_copy__complex64_complex64
1476278134,2560,7303,35,1,1,128,1,1,16,0.000,0.000,,,,,NVIDIA A100-SXM4-40GB MIG 4g.20gb (0),1,,13,cupy_copy__complex64_complex64
1476282102,1728,7310,1,1,1,1,1,1,18,0.000,0.000,,,,,NVIDIA A100-SXM4-40GB MIG 4g.20gb (0),1,,13,cupy_copy__float32_float32
1476428980,91455,7321,1,1,1,32,32,1,30,0.000,0.000,,,,,NVIDIA A100-SXM4-40GB MIG 4g.20gb (0),1,,13,"void convert_kernel<__half2, float2>(tensor_layout_any, T1 *, tensor_layout_any, const T2 *)"
1476550290,13312,7324,,,,,,,,,,0.094,7038.444,Pinned,Device,NVIDIA A100-SXM4-40GB MIG 4g.20gb (0),1,,13,[CUDA memcpy Host-to-Device]
1476577458,3648,7325,,,,,,,,,,1.547,423963.664,Device,,NVIDIA A100-SXM4-40GB MIG 4g.20gb (0),1,,13,[CUDA memset]
1476587346,4032,7330,,,,,,,,,,0.031,7761.877,Pinned,Device,NVIDIA A100-SXM4-40GB MIG 4g.20gb (0),1,,13,[CUDA memcpy Host-to-Device]
1476595506,13088,7331,,,,,,,,,,0.197,15021.834,Pinned,Device,NVIDIA A100-SXM4-40GB MIG 4g.20gb (0),1,,13,[CUDA memcpy Host-to-Device]
1476617681,8480,7332,273,1,1,8,4,1,39,0.002,0.000,,,,,NVIDIA A100-SXM4-40GB MIG 4g.20gb (0),1,,13,"void channel_eq::eqMmseCoefCompLowMimoKernel<float, float, float, (unsigned int)4, (unsigned int)1, (unsigned int)4>(const channel_eq::_puschRxChEqStatDescr *, channel_eq::_puschRxChEqCoefCompDynDescr)"
1476629649,6432,7333,273,1,1,12,11,1,51,0.002,0.000,,,,,NVIDIA A100-SXM4-40GB MIG 4g.20gb (0),1,,13,"void channel_eq::eqMmseSoftDemapKernel<float, __half, __half, float, (unsigned int)4, (unsigned short)16383>(channel_eq::_puschRxChEqStatDescr *, channel_eq::_puschRxChEqSoftDemapDynDescr)"
1476638065,282301,7334,1,1,1,32,32,1,30,0.000,0.000,,,,,NVIDIA A100-SXM4-40GB MIG 4g.20gb (0),1,,13,"void convert_kernel<float2, __half2>(tensor_layout_any, T1 *, tensor_layout_any, const T2 *)"
1476922702,11136,7346,2253,1,1,128,1,1,16,0.000,0.000,,,,,NVIDIA A100-SXM4-40GB MIG 4g.20gb (0),1,,13,cupy_copy__float16_float16
1476936014,3167,7355,282,1,1,128,1,1,16,0.000,0.000,,,,,NVIDIA A100-SXM4-40GB MIG 4g.20gb (0),1,,13,cupy_copy__complex64_complex64
1476941005,2048,7364,26,1,1,128,1,1,16,0.000,0.000,,,,,NVIDIA A100-SXM4-40GB MIG 4g.20gb (0),1,,13,cupy_copy__float32_float32
1476946349,4736,7373,103,1,1,128,1,1,16,0.000,0.000,,,,,NVIDIA A100-SXM4-40GB MIG 4g.20gb (0),1,,13,cupy_copy__complex64_complex64
1476953581,12128,7383,1434,1,1,128,1,1,16,0.000,0.000,,,,,NVIDIA A100-SXM4-40GB MIG 4g.20gb (0),1,,13,cupy_copy__complex64_complex64
1476972237,86655,7388,1,1,1,32,32,1,30,0.000,0.000,,,,,NVIDIA A100-SXM4-40GB MIG 4g.20gb (0),1,,13,"void convert_kernel<__half2, float2>(tensor_layout_any, T1 *, tensor_layout_any, const T2 *)"
1477087084,5952,7391,,,,,,,,,,0.094,15741.865,Pinned,Device,NVIDIA A100-SXM4-40GB MIG 4g.20gb (0),1,,13,[CUDA memcpy Host-to-Device]
1477097420,596472,7392,,,,,,,,,,456.561,765196.973,Device,,NVIDIA A100-SXM4-40GB MIG 4g.20gb (0),1,,13,[CUDA memset]
1477704260,146782,7397,,,,,,,,,,1.235,8412.439,Pinned,Device,NVIDIA A100-SXM4-40GB MIG 4g.20gb (0),1,,13,[CUDA memcpy Host-to-Device]
1477858370,17248,7398,,,,,,,,,,0.197,11398.742,Pinned,Device,NVIDIA A100-SXM4-40GB MIG 4g.20gb (0),1,,13,[CUDA memcpy Host-to-Device]
1477884162,9120,7399,69,4,1,48,1,1,76,0.002,0.000,,,,,NVIDIA A100-SXM4-40GB MIG 4g.20gb (0),1,,13,"void ch_est::windowedChEstPreNoDftSOfdmKernel<float, __half, float, (unsigned int)2, (unsigned int)1, (unsigned short)4>(ch_est::puschRxChEstStatDescr_t *, ch_est::puschRxChEstDynDescr_t *)"
1477899362,6368,7400,137,2,1,24,2,1,44,0.001,0.001,,,,,NVIDIA A100-SXM4-40GB MIG 4g.20gb (0),1,,13,"void ch_est::chEstFilterNoDftSOfdmDispatchKernel<float, __half, float, (unsigned int)2>(ch_est::puschRxChEstStatDescr_t *, ch_est::puschRxChEstDynDescr_t *)"
1477907905,5248,7401,137,2,1,24,2,1,44,0.001,0.001,,,,,NVIDIA A100-SXM4-40GB MIG 4g.20gb (0),1,,13,"void ch_est::chEstFilterNoDftSOfdmDispatchKernel<float, __half, float, (unsigned int)2>(ch_est::puschRxChEstStatDescr_t *, ch_est::puschRxChEstDynDescr_t *)"
1477915745,3008,7412,103,1,1,128,1,1,16,0.000,0.000,,,,,NVIDIA A100-SXM4-40GB MIG 4g.20gb (0),1,,13,cupy_copy__complex64_complex64
1477923361,12864,7422,1434,1,1,128,1,1,16,0.000,0.000,,,,,NVIDIA A100-SXM4-40GB MIG 4g.20gb (0),1,,13,cupy_copy__complex64_complex64
1477938561,2592,7429,103,1,1,128,1,1,16,0.000,0.000,,,,,NVIDIA A100-SXM4-40GB MIG 4g.20gb (0),1,,13,cupy_copy__complex64_complex64
1477949409,83551,7436,1,1,1,32,32,1,30,0.000,0.000,,,,,NVIDIA A100-SXM4-40GB MIG 4g.20gb (0),1,,13,"void convert_kernel<__half2, float2>(tensor_layout_any, T1 *, tensor_layout_any, const T2 *)"
1478061536,5792,7439,,,,,,,,,,0.094,16176.708,Pinned,Device,NVIDIA A100-SXM4-40GB MIG 4g.20gb (0),1,,13,[CUDA memcpy Host-to-Device]
1478073087,46848,7440,,,,,,,,,,35.810,764362.742,Device,,NVIDIA A100-SXM4-40GB MIG 4g.20gb (0),1,,13,[CUDA memset]
1478126719,3200,7442,,,,,,,,,,0.000,25.000,Pinned,Device,NVIDIA A100-SXM4-40GB MIG 4g.20gb (0),1,,13,[CUDA memcpy Host-to-Device]
1478134591,13536,7443,,,,,,,,,,0.197,14524.809,Pinned,Device,NVIDIA A100-SXM4-40GB MIG 4g.20gb (0),1,,13,[CUDA memcpy Host-to-Device]
1478158142,9344,7444,273,1,1,48,1,1,40,0.000,0.001,,,,,NVIDIA A100-SXM4-40GB MIG 4g.20gb (0),1,,13,"void pusch_noise_intf_est::noiseIntfEstNoDftSOfdmKernel<float, __half, float, float, (unsigned int)2, (unsigned int)1, (unsigned char)4, (unsigned char)4>(pusch_noise_intf_est::puschRxNoiseIntfEstDynDescr)"
1478170974,3008,7455,35,1,1,128,1,1,16,0.000,0.000,,,,,NVIDIA A100-SXM4-40GB MIG 4g.20gb (0),1,,13,cupy_copy__complex64_complex64
1478182718,1952,7464,1,1,1,1,1,1,18,0.000,0.000,,,,,NVIDIA A100-SXM4-40GB MIG 4g.20gb (0),1,,13,cupy_copy__float32_float32
1478212542,1568,7470,,,,,,,,,,0.000,2.551,Device,Pageable,NVIDIA A100-SXM4-40GB MIG 4g.20gb (0),1,,7,[CUDA memcpy Device-to-Host]
1478272381,12736,7481,1434,1,1,128,1,1,16,0.000,0.000,,,,,NVIDIA A100-SXM4-40GB MIG 4g.20gb (0),1,,13,cupy_copy__complex64_complex64
1478299613,2752,7488,103,1,1,128,1,1,16,0.000,0.000,,,,,NVIDIA A100-SXM4-40GB MIG 4g.20gb (0),1,,13,cupy_copy__complex64_complex64
1478320476,2560,7495,35,1,1,128,1,1,16,0.000,0.000,,,,,NVIDIA A100-SXM4-40GB MIG 4g.20gb (0),1,,13,cupy_copy__complex64_complex64
1478339612,2080,7502,1,1,1,1,1,1,18,0.000,0.000,,,,,NVIDIA A100-SXM4-40GB MIG 4g.20gb (0),1,,13,cupy_copy__float32_float32
1478470971,87358,7513,1,1,1,32,32,1,30,0.000,0.000,,,,,NVIDIA A100-SXM4-40GB MIG 4g.20gb (0),1,,13,"void convert_kernel<__half2, float2>(tensor_layout_any, T1 *, tensor_layout_any, const T2 *)"
1478585753,6176,7516,,,,,,,,,,0.094,15170.975,Pinned,Device,NVIDIA A100-SXM4-40GB MIG 4g.20gb (0),1,,13,[CUDA memcpy Host-to-Device]
1478600313,3264,7517,,,,,,,,,,1.547,473842.288,Device,,NVIDIA A100-SXM4-40GB MIG 4g.20gb (0),1,,13,[CUDA memset]
1478607129,3136,7522,,,,,,,,,,0.031,9979.575,Pinned,Device,NVIDIA A100-SXM4-40GB MIG 4g.20gb (0),1,,13,[CUDA memcpy Host-to-Device]
1478613337,9824,7523,,,,,,,,,,0.197,20012.925,Pinned,Device,NVIDIA A100-SXM4-40GB MIG 4g.20gb (0),1,,13,[CUDA memcpy Host-to-Device]
1478629433,6111,7524,273,1,1,8,4,1,39,0.002,0.000,,,,,NVIDIA A100-SXM4-40GB MIG 4g.20gb (0),1,,13,"void channel_eq::eqMmseCoefCompLowMimoKernel<float, float, float, (unsigned int)4, (unsigned int)1, (unsigned int)4>(const channel_eq::_puschRxChEqStatDescr *, channel_eq::_puschRxChEqCoefCompDynDescr)"
1478637240,5504,7525,273,1,1,12,11,1,51,0.002,0.000,,,,,NVIDIA A100-SXM4-40GB MIG 4g.20gb (0),1,,13,"void channel_eq::eqMmseSoftDemapKernel<float, __half, __half, float, (unsigned int)4, (unsigned short)16383>(channel_eq::_puschRxChEqStatDescr *, channel_eq::_puschRxChEqSoftDemapDynDescr)"
1478643736,282845,7526,1,1,1,32,32,1,30,0.000,0.000,,,,,NVIDIA A100-SXM4-40GB MIG 4g.20gb (0),1,,13,"void convert_kernel<float2, __half2>(tensor_layout_any, T1 *, tensor_layout_any, const T2 *)"
1478930133,10976,7538,2253,1,1,128,1,1,16,0.000,0.000,,,,,NVIDIA A100-SXM4-40GB MIG 4g.20gb (0),1,,13,cupy_copy__float16_float16
1478942357,3136,7547,282,1,1,128,1,1,16,0.000,0.000,,,,,NVIDIA A100-SXM4-40GB MIG 4g.20gb (0),1,,13,cupy_copy__complex64_complex64
1478948437,2144,7556,26,1,1,128,1,1,16,0.000,0.000,,,,,NVIDIA A100-SXM4-40GB MIG 4g.20gb (0),1,,13,cupy_copy__float32_float32
1478953077,3104,7565,103,1,1,128,1,1,16,0.000,0.000,,,,,NVIDIA A100-SXM4-40GB MIG 4g.20gb (0),1,,13,cupy_copy__complex64_complex64
1478959476,12384,7575,1434,1,1,128,1,1,16,0.000,0.000,,,,,NVIDIA A100-SXM4-40GB MIG 4g.20gb (0),1,,13,cupy_copy__complex64_complex64
1478991348,82687,7580,1,1,1,32,32,1,30,0.000,0.000,,,,,NVIDIA A100-SXM4-40GB MIG 4g.20gb (0),1,,13,"void convert_kernel<__half2, float2>(tensor_layout_any, T1 *, tensor_layout_any, const T2 *)"
1479101843,5728,7583,,,,,,,,,,0.094,16357.541,Pinned,Device,NVIDIA A100-SXM4-40GB MIG 4g.20gb (0),1,,13,[CUDA memcpy Host-to-Device]
1479111987,601144,7584,,,,,,,,,,456.561,759261.675,Device,,NVIDIA A100-SXM4-40GB MIG 4g.20gb (0),1,,13,[CUDA memset]
1479721323,164990,7589,,,,,,,,,,1.235,7483.761,Pinned,Device,NVIDIA A100-SXM4-40GB MIG 4g.20gb (0),1,,13,[CUDA memcpy Host-to-Device]
1479897865,36799,7590,,,,,,,,,,0.197,5342.626,Pinned,Device,NVIDIA A100-SXM4-40GB MIG 4g.20gb (0),1,,13,[CUDA memcpy Host-to-Device]
1479960680,8512,7591,69,4,1,48,1,1,76,0.002,0.000,,,,,NVIDIA A100-SXM4-40GB MIG 4g.20gb (0),1,,13,"void ch_est::windowedChEstPreNoDftSOfdmKernel<float, __half, float, (unsigned int)2, (unsigned int)1, (unsigned short)4>(ch_est::puschRxChEstStatDescr_t *, ch_est::puschRxChEstDynDescr_t *)"
1479980232,6720,7592,137,2,1,24,2,1,44,0.001,0.001,,,,,NVIDIA A100-SXM4-40GB MIG 4g.20gb (0),1,,13,"void ch_est::chEstFilterNoDftSOfdmDispatchKernel<float, __half, float, (unsigned int)2>(ch_est::puschRxChEstStatDescr_t *, ch_est::puschRxChEstDynDescr_t *)"
1479996328,4736,7593,137,2,1,24,2,1,44,0.001,0.001,,,,,NVIDIA A100-SXM4-40GB MIG 4g.20gb (0),1,,13,"void ch_est::chEstFilterNoDftSOfdmDispatchKernel<float, __half, float, (unsigned int)2>(ch_est::puschRxChEstStatDescr_t *, ch_est::puschRxChEstDynDescr_t *)"
1480013991,2624,7604,103,1,1,128,1,1,16,0.000,0.000,,,,,NVIDIA A100-SXM4-40GB MIG 4g.20gb (0),1,,13,cupy_copy__complex64_complex64
1480026439,12864,7614,1434,1,1,128,1,1,16,0.000,0.000,,,,,NVIDIA A100-SXM4-40GB MIG 4g.20gb (0),1,,13,cupy_copy__complex64_complex64
1480053703,2656,7621,103,1,1,128,1,1,16,0.000,0.000,,,,,NVIDIA A100-SXM4-40GB MIG 4g.20gb (0),1,,13,cupy_copy__complex64_complex64
1480064711,82079,7628,1,1,1,32,32,1,30,0.000,0.000,,,,,NVIDIA A100-SXM4-40GB MIG 4g.20gb (0),1,,13,"void convert_kernel<__half2, float2>(tensor_layout_any, T1 *, tensor_layout_any, const T2 *)"
1480176357,13120,7631,,,,,,,,,,0.094,7141.415,Pinned,Device,NVIDIA A100-SXM4-40GB MIG 4g.20gb (0),1,,13,[CUDA memcpy Host-to-Device]
1480200997,47487,7632,,,,,,,,,,35.810,754085.295,Device,,NVIDIA A100-SXM4-40GB MIG 4g.20gb (0),1,,13,[CUDA memset]
1480249540,7040,7634,,,,,,,,,,0.000,11.364,Pinned,Device,NVIDIA A100-SXM4-40GB MIG 4g.20gb (0),1,,13,[CUDA memcpy Host-to-Device]
1480259908,16672,7635,,,,,,,,,,0.197,11792.548,Pinned,Device,NVIDIA A100-SXM4-40GB MIG 4g.20gb (0),1,,13,[CUDA memcpy Host-to-Device]
1480289188,10432,7636,273,1,1,48,1,1,40,0.000,0.001,,,,,NVIDIA A100-SXM4-40GB MIG 4g.20gb (0),1,,13,"void pusch_noise_intf_est::noiseIntfEstNoDftSOfdmKernel<float, __half, float, float, (unsigned int)2, (unsigned int)1, (unsigned char)4, (unsigned char)4>(pusch_noise_intf_est::puschRxNoiseIntfEstDynDescr)"
1480306020,2624,7647,35,1,1,128,1,1,16,0.000,0.000,,,,,NVIDIA A100-SXM4-40GB MIG 4g.20gb (0),1,,13,cupy_copy__complex64_complex64
1480312772,1760,7656,1,1,1,1,1,1,18,0.000,0.000,,,,,NVIDIA A100-SXM4-40GB MIG 4g.20gb (0),1,,13,cupy_copy__float32_float32
1480326628,1792,7662,,,,,,,,,,0.000,2.232,Device,Pageable,NVIDIA A100-SXM4-40GB MIG 4g.20gb (0),1,,7,[CUDA memcpy Device-to-Host]
1480387075,12704,7673,1434,1,1,128,1,1,16,0.000,0.000,,,,,NVIDIA A100-SXM4-40GB MIG 4g.20gb (0),1,,13,cupy_copy__complex64_complex64
1480414402,2784,7680,103,1,1,128,1,1,16,0.000,0.000,,,,,NVIDIA A100-SXM4-40GB MIG 4g.20gb (0),1,,13,cupy_copy__complex64_complex64
1480435074,2496,7687,35,1,1,128,1,1,16,0.000,0.000,,,,,NVIDIA A100-SXM4-40GB MIG 4g.20gb (0),1,,13,cupy_copy__complex64_complex64
1480454306,1792,7694,1,1,1,1,1,1,18,0.000,0.000,,,,,NVIDIA A100-SXM4-40GB MIG 4g.20gb (0),1,,13,cupy_copy__float32_float32
1480584608,82111,7705,1,1,1,32,32,1,30,0.000,0.000,,,,,NVIDIA A100-SXM4-40GB MIG 4g.20gb (0),1,,13,"void convert_kernel<__half2, float2>(tensor_layout_any, T1 *, tensor_layout_any, const T2 *)"
1480694463,5472,7708,,,,,,,,,,0.094,17122.757,Pinned,Device,NVIDIA A100-SXM4-40GB MIG 4g.20gb (0),1,,13,[CUDA memcpy Host-to-Device]
1480709023,3232,7709,,,,,,,,,,1.547,478533.199,Device,,NVIDIA A100-SXM4-40GB MIG 4g.20gb (0),1,,13,[CUDA memset]
1480715615,3136,7714,,,,,,,,,,0.031,9979.575,Pinned,Device,NVIDIA A100-SXM4-40GB MIG 4g.20gb (0),1,,13,[CUDA memcpy Host-to-Device]
1480721855,10112,7715,,,,,,,,,,0.197,19442.958,Pinned,Device,NVIDIA A100-SXM4-40GB MIG 4g.20gb (0),1,,13,[CUDA memcpy Host-to-Device]
1480738014,6112,7716,273,1,1,8,4,1,39,0.002,0.000,,,,,NVIDIA A100-SXM4-40GB MIG 4g.20gb (0),1,,13,"void channel_eq::eqMmseCoefCompLowMimoKernel<float, float, float, (unsigned int)4, (unsigned int)1, (unsigned int)4>(const channel_eq::_puschRxChEqStatDescr *, channel_eq::_puschRxChEqCoefCompDynDescr)"
1480745662,5696,7717,273,1,1,12,11,1,51,0.002,0.000,,,,,NVIDIA A100-SXM4-40GB MIG 4g.20gb (0),1,,13,"void channel_eq::eqMmseSoftDemapKernel<float, __half, __half, float, (unsigned int)4, (unsigned short)16383>(channel_eq::_puschRxChEqStatDescr *, channel_eq::_puschRxChEqSoftDemapDynDescr)"
1480754494,282781,7718,1,1,1,32,32,1,30,0.000,0.000,,,,,NVIDIA A100-SXM4-40GB MIG 4g.20gb (0),1,,13,"void convert_kernel<float2, __half2>(tensor_layout_any, T1 *, tensor_layout_any, const T2 *)"
1481038939,10944,7730,2253,1,1,128,1,1,16,0.000,0.000,,,,,NVIDIA A100-SXM4-40GB MIG 4g.20gb (0),1,,13,cupy_copy__float16_float16
1481051707,3743,7739,282,1,1,128,1,1,16,0.000,0.000,,,,,NVIDIA A100-SXM4-40GB MIG 4g.20gb (0),1,,13,cupy_copy__complex64_complex64
1481058650,2144,7748,26,1,1,128,1,1,16,0.000,0.000,,,,,NVIDIA A100-SXM4-40GB MIG 4g.20gb (0),1,,13,cupy_copy__float32_float32
1481062938,3008,7757,103,1,1,128,1,1,16,0.000,0.000,,,,,NVIDIA A100-SXM4-40GB MIG 4g.20gb (0),1,,13,cupy_copy__complex64_complex64
1481067066,11936,7767,1434,1,1,128,1,1,16,0.000,0.000,,,,,NVIDIA A100-SXM4-40GB MIG 4g.20gb (0),1,,13,cupy_copy__complex64_complex64
1481084186,81919,7772,1,1,1,32,32,1,30,0.000,0.000,,,,,NVIDIA A100-SXM4-40GB MIG 4g.20gb (0),1,,13,"void convert_kernel<__half2, float2>(tensor_layout_any, T1 *, tensor_layout_any, const T2 *)"
1481193689,5504,7775,,,,,,,,,,0.094,17023.251,Pinned,Device,NVIDIA A100-SXM4-40GB MIG 4g.20gb (0),1,,13,[CUDA memcpy Host-to-Device]
1481203801,599000,7776,,,,,,,,,,456.561,762001.043,Device,,NVIDIA A100-SXM4-40GB MIG 4g.20gb (0),1,,13,[CUDA memset]
1481803761,156894,7781,,,,,,,,,,1.235,7870.298,Pinned,Device,NVIDIA A100-SXM4-40GB MIG 4g.20gb (0),1,,13,[CUDA memcpy Host-to-Device]
1481970383,41472,7782,,,,,,,,,,0.197,4740.612,Pinned,Device,NVIDIA A100-SXM4-40GB MIG 4g.20gb (0),1,,13,[CUDA memcpy Host-to-Device]
1482039694,8064,7783,69,4,1,48,1,1,76,0.002,0.000,,,,,NVIDIA A100-SXM4-40GB MIG 4g.20gb (0),1,,13,"void ch_est::windowedChEstPreNoDftSOfdmKernel<float, __half, float, (unsigned int)2, (unsigned int)1, (unsigned short)4>(ch_est::puschRxChEstStatDescr_t *, ch_est::puschRxChEstDynDescr_t *)"
1482055502,6784,7784,137,2,1,24,2,1,44,0.001,0.001,,,,,NVIDIA A100-SXM4-40GB MIG 4g.20gb (0),1,,13,"void ch_est::chEstFilterNoDftSOfdmDispatchKernel<float, __half, float, (unsigned int)2>(ch_est::puschRxChEstStatDescr_t *, ch_est::puschRxChEstDynDescr_t *)"
1482073582,5312,7785,137,2,1,24,2,1,44,0.001,0.001,,,,,NVIDIA A100-SXM4-40GB MIG 4g.20gb (0),1,,13,"void ch_est::chEstFilterNoDftSOfdmDispatchKernel<float, __half, float, (unsigned int)2>(ch_est::puschRxChEstStatDescr_t *, ch_est::puschRxChEstDynDescr_t *)"
1482090030,2528,7796,103,1,1,128,1,1,16,0.000,0.000,,,,,NVIDIA A100-SXM4-40GB MIG 4g.20gb (0),1,,13,cupy_copy__complex64_complex64
1482109421,12448,7806,1434,1,1,128,1,1,16,0.000,0.000,,,,,NVIDIA A100-SXM4-40GB MIG 4g.20gb (0),1,,13,cupy_copy__complex64_complex64
1482128109,2944,7813,103,1,1,128,1,1,16,0.000,0.000,,,,,NVIDIA A100-SXM4-40GB MIG 4g.20gb (0),1,,13,cupy_copy__complex64_complex64
1482150989,99007,7820,1,1,1,32,32,1,30,0.000,0.000,,,,,NVIDIA A100-SXM4-40GB MIG 4g.20gb (0),1,,13,"void convert_kernel<__half2, float2>(tensor_layout_any, T1 *, tensor_layout_any, const T2 *)"
1482285131,24096,7823,,,,,,,,,,0.094,3888.384,Pinned,Device,NVIDIA A100-SXM4-40GB MIG 4g.20gb (0),1,,13,[CUDA memcpy Host-to-Device]
1482323435,46879,7824,,,,,,,,,,35.810,763861.404,Device,,NVIDIA A100-SXM4-40GB MIG 4g.20gb (0),1,,13,[CUDA memset]
1482378346,10016,7826,,,,,,,,,,0.000,7.987,Pinned,Device,NVIDIA A100-SXM4-40GB MIG 4g.20gb (0),1,,13,[CUDA memcpy Host-to-Device]
1482395178,23616,7827,,,,,,,,,,0.197,8325.169,Pinned,Device,NVIDIA A100-SXM4-40GB MIG 4g.20gb (0),1,,13,[CUDA memcpy Host-to-Device]
1482431945,10112,7828,273,1,1,48,1,1,40,0.000,0.001,,,,,NVIDIA A100-SXM4-40GB MIG 4g.20gb (0),1,,13,"void pusch_noise_intf_est::noiseIntfEstNoDftSOfdmKernel<float, __half, float, float, (unsigned int)2, (unsigned int)1, (unsigned char)4, (unsigned char)4>(pusch_noise_intf_est::puschRxNoiseIntfEstDynDescr)"
1482449673,2848,7839,35,1,1,128,1,1,16,0.000,0.000,,,,,NVIDIA A100-SXM4-40GB MIG 4g.20gb (0),1,,13,cupy_copy__complex64_complex64
1482457801,1920,7848,1,1,1,1,1,1,18,0.000,0.000,,,,,NVIDIA A100-SXM4-40GB MIG 4g.20gb (0),1,,13,cupy_copy__float32_float32
1482463305,6048,7854,,,,,,,,,,0.000,0.661,Device,Pageable,NVIDIA A100-SXM4-40GB MIG 4g.20gb (0),1,,7,[CUDA memcpy Device-to-Host]
1482541864,12768,7865,1434,1,1,128,1,1,16,0.000,0.000,,,,,NVIDIA A100-SXM4-40GB MIG 4g.20gb (0),1,,13,cupy_copy__complex64_complex64
1482567336,2944,7872,103,1,1,128,1,1,16,0.000,0.000,,,,,NVIDIA A100-SXM4-40GB MIG 4g.20gb (0),1,,13,cupy_copy__complex64_complex64
1482592071,2752,7879,35,1,1,128,1,1,16,0.000,0.000,,,,,NVIDIA A100-SXM4-40GB MIG 4g.20gb (0),1,,13,cupy_copy__complex64_complex64
1482607367,1888,7886,1,1,1,1,1,1,18,0.000,0.000,,,,,NVIDIA A100-SXM4-40GB MIG 4g.20gb (0),1,,13,cupy_copy__float32_float32
1482732998,87583,7897,1,1,1,32,32,1,30,0.000,0.000,,,,,NVIDIA A100-SXM4-40GB MIG 4g.20gb (0),1,,13,"void convert_kernel<__half2, float2>(tensor_layout_any, T1 *, tensor_layout_any, const T2 *)"
1482854724,5824,7900,,,,,,,,,,0.094,16087.884,Pinned,Device,NVIDIA A100-SXM4-40GB MIG 4g.20gb (0),1,,13,[CUDA memcpy Host-to-Device]
1482869732,3232,7901,,,,,,,,,,1.547,478533.199,Device,,NVIDIA A100-SXM4-40GB MIG 4g.20gb (0),1,,13,[CUDA memset]
1482876580,3040,7906,,,,,,,,,,0.031,10294.725,Pinned,Device,NVIDIA A100-SXM4-40GB MIG 4g.20gb (0),1,,13,[CUDA memcpy Host-to-Device]
1482882468,9504,7907,,,,,,,,,,0.197,20686.701,Pinned,Device,NVIDIA A100-SXM4-40GB MIG 4g.20gb (0),1,,13,[CUDA memcpy Host-to-Device]
1482896420,7712,7908,273,1,1,8,4,1,39,0.002,0.000,,,,,NVIDIA A100-SXM4-40GB MIG 4g.20gb (0),1,,13,"void channel_eq::eqMmseCoefCompLowMimoKernel<float, float, float, (unsigned int)4, (unsigned int)1, (unsigned int)4>(const channel_eq::_puschRxChEqStatDescr *, channel_eq::_puschRxChEqCoefCompDynDescr)"
1482905316,6783,7909,273,1,1,12,11,1,51,0.002,0.000,,,,,NVIDIA A100-SXM4-40GB MIG 4g.20gb (0),1,,13,"void channel_eq::eqMmseSoftDemapKernel<float, __half, __half, float, (unsigned int)4, (unsigned short)16383>(channel_eq::_puschRxChEqStatDescr *, channel_eq::_puschRxChEqSoftDemapDynDescr)"
1482913155,282973,7910,1,1,1,32,32,1,30,0.000,0.000,,,,,NVIDIA A100-SXM4-40GB MIG 4g.20gb (0),1,,13,"void convert_kernel<float2, __half2>(tensor_layout_any, T1 *, tensor_layout_any, const T2 *)"
1483197088,10944,7922,2253,1,1,128,1,1,16,0.000,0.000,,,,,NVIDIA A100-SXM4-40GB MIG 4g.20gb (0),1,,13,cupy_copy__float16_float16
1483213504,3040,7931,282,1,1,128,1,1,16,0.000,0.000,,,,,NVIDIA A100-SXM4-40GB MIG 4g.20gb (0),1,,13,cupy_copy__complex64_complex64
1483218144,2048,7940,26,1,1,128,1,1,16,0.000,0.000,,,,,NVIDIA A100-SXM4-40GB MIG 4g.20gb (0),1,,13,cupy_copy__float32_float32
1483223744,2880,7949,103,1,1,128,1,1,16,0.000,0.000,,,,,NVIDIA A100-SXM4-40GB MIG 4g.20gb (0),1,,13,cupy_copy__complex64_complex64
1483227744,11967,7959,1434,1,1,128,1,1,16,0.000,0.000,,,,,NVIDIA A100-SXM4-40GB MIG 4g.20gb (0),1,,13,cupy_copy__complex64_complex64
1483247455,87967,7964,1,1,1,32,32,1,30,0.000,0.000,,,,,NVIDIA A100-SXM4-40GB MIG 4g.20gb (0),1,,13,"void convert_kernel<__half2, float2>(tensor_layout_any, T1 *, tensor_layout_any, const T2 *)"
1483362654,5472,7967,,,,,,,,,,0.094,17122.757,Pinned,Device,NVIDIA A100-SXM4-40GB MIG 4g.20gb (0),1,,13,[CUDA memcpy Host-to-Device]
1483372734,596984,7968,,,,,,,,,,456.561,764740.412,Device,,NVIDIA A100-SXM4-40GB MIG 4g.20gb (0),1,,13,[CUDA memset]
1483976438,135007,7973,,,,,,,,,,1.235,9147.230,Pinned,Device,NVIDIA A100-SXM4-40GB MIG 4g.20gb (0),1,,13,[CUDA memcpy Host-to-Device]
1484121493,33983,7974,,,,,,,,,,0.197,5785.387,Pinned,Device,NVIDIA A100-SXM4-40GB MIG 4g.20gb (0),1,,13,[CUDA memcpy Host-to-Device]
1484168372,7904,7975,69,4,1,48,1,1,76,0.002,0.000,,,,,NVIDIA A100-SXM4-40GB MIG 4g.20gb (0),1,,13,"void ch_est::windowedChEstPreNoDftSOfdmKernel<float, __half, float, (unsigned int)2, (unsigned int)1, (unsigned short)4>(ch_est::puschRxChEstStatDescr_t *, ch_est::puschRxChEstDynDescr_t *)"
1484190516,6816,7976,137,2,1,24,2,1,44,0.001,0.001,,,,,NVIDIA A100-SXM4-40GB MIG 4g.20gb (0),1,,13,"void ch_est::chEstFilterNoDftSOfdmDispatchKernel<float, __half, float, (unsigned int)2>(ch_est::puschRxChEstStatDescr_t *, ch_est::puschRxChEstDynDescr_t *)"
1484206867,4736,7977,137,2,1,24,2,1,44,0.001,0.001,,,,,NVIDIA A100-SXM4-40GB MIG 4g.20gb (0),1,,13,"void ch_est::chEstFilterNoDftSOfdmDispatchKernel<float, __half, float, (unsigned int)2>(ch_est::puschRxChEstStatDescr_t *, ch_est::puschRxChEstDynDescr_t *)"
1484219603,2624,7988,103,1,1,128,1,1,16,0.000,0.000,,,,,NVIDIA A100-SXM4-40GB MIG 4g.20gb (0),1,,13,cupy_copy__complex64_complex64
1484232179,12544,7998,1434,1,1,128,1,1,16,0.000,0.000,,,,,NVIDIA A100-SXM4-40GB MIG 4g.20gb (0),1,,13,cupy_copy__complex64_complex64
1484260371,2592,8005,103,1,1,128,1,1,16,0.000,0.000,,,,,NVIDIA A100-SXM4-40GB MIG 4g.20gb (0),1,,13,cupy_copy__complex64_complex64
1484273363,85247,8012,1,1,1,32,32,1,30,0.000,0.000,,,,,NVIDIA A100-SXM4-40GB MIG 4g.20gb (0),1,,13,"void convert_kernel<__half2, float2>(tensor_layout_any, T1 *, tensor_layout_any, const T2 *)"
1484391697,21952,8015,,,,,,,,,,0.094,4268.134,Pinned,Device,NVIDIA A100-SXM4-40GB MIG 4g.20gb (0),1,,13,[CUDA memcpy Host-to-Device]
1484430129,46847,8016,,,,,,,,,,35.810,764398.552,Device,,NVIDIA A100-SXM4-40GB MIG 4g.20gb (0),1,,13,[CUDA memset]
1484488688,6112,8018,,,,,,,,,,0.000,13.089,Pinned,Device,NVIDIA A100-SXM4-40GB MIG 4g.20gb (0),1,,13,[CUDA memcpy Host-to-Device]
1484504112,29887,8019,,,,,,,,,,0.197,6578.307,Pinned,Device,NVIDIA A100-SXM4-40GB MIG 4g.20gb (0),1,,13,[CUDA memcpy Host-to-Device]
1484552943,9440,8020,273,1,1,48,1,1,40,0.000,0.001,,,,,NVIDIA A100-SXM4-40GB MIG 4g.20gb (0),1,,13,"void pusch_noise_intf_est::noiseIntfEstNoDftSOfdmKernel<float, __half, float, float, (unsigned int)2, (unsigned int)1, (unsigned char)4, (unsigned char)4>(pusch_noise_intf_est::puschRxNoiseIntfEstDynDescr)"
1484569647,2656,8031,35,1,1,128,1,1,16,0.000,0.000,,,,,NVIDIA A100-SXM4-40GB MIG 4g.20gb (0),1,,13,cupy_copy__complex64_complex64
1484586127,1760,8040,1,1,1,1,1,1,18,0.000,0.000,,,,,NVIDIA A100-SXM4-40GB MIG 4g.20gb (0),1,,13,cupy_copy__float32_float32
1484593903,8544,8046,,,,,,,,,,0.000,0.468,Device,Pageable,NVIDIA A100-SXM4-40GB MIG 4g.20gb (0),1,,7,[CUDA memcpy Device-to-Host]
1484694701,12768,8057,1434,1,1,128,1,1,16,0.000,0.000,,,,,NVIDIA A100-SXM4-40GB MIG 4g.20gb (0),1,,13,cupy_copy__complex64_complex64
1484720653,2944,8064,103,1,1,128,1,1,16,0.000,0.000,,,,,NVIDIA A100-SXM4-40GB MIG 4g.20gb (0),1,,13,cupy_copy__complex64_complex64
1484741069,2368,8071,35,1,1,128,1,1,16,0.000,0.000,,,,,NVIDIA A100-SXM4-40GB MIG 4g.20gb (0),1,,13,cupy_copy__complex64_complex64
1484757549,1696,8078,1,1,1,1,1,1,18,0.000,0.000,,,,,NVIDIA A100-SXM4-40GB MIG 4g.20gb (0),1,,13,cupy_copy__float32_float32
1484878827,86847,8089,1,1,1,32,32,1,30,0.000,0.000,,,,,NVIDIA A100-SXM4-40GB MIG 4g.20gb (0),1,,13,"void convert_kernel<__half2, float2>(tensor_layout_any, T1 *, tensor_layout_any, const T2 *)"
1484995466,13824,8092,,,,,,,,,,0.094,6777.688,Pinned,Device,NVIDIA A100-SXM4-40GB MIG 4g.20gb (0),1,,13,[CUDA memcpy Host-to-Device]
1485020425,3392,8093,,,,,,,,,,1.547,455961.768,Device,,NVIDIA A100-SXM4-40GB MIG 4g.20gb (0),1,,13,[CUDA memset]
1485026025,4192,8098,,,,,,,,,,0.031,7465.630,Pinned,Device,NVIDIA A100-SXM4-40GB MIG 4g.20gb (0),1,,13,[CUDA memcpy Host-to-Device]
1485037001,16704,8099,,,,,,,,,,0.197,11769.938,Pinned,Device,NVIDIA A100-SXM4-40GB MIG 4g.20gb (0),1,,13,[CUDA memcpy Host-to-Device]
1485066409,6144,8100,273,1,1,8,4,1,39,0.002,0.000,,,,,NVIDIA A100-SXM4-40GB MIG 4g.20gb (0),1,,13,"void channel_eq::eqMmseCoefCompLowMimoKernel<float, float, float, (unsigned int)4, (unsigned int)1, (unsigned int)4>(const channel_eq::_puschRxChEqStatDescr *, channel_eq::_puschRxChEqCoefCompDynDescr)"
1485074121,7968,8101,273,1,1,12,11,1,51,0.002,0.000,,,,,NVIDIA A100-SXM4-40GB MIG 4g.20gb (0),1,,13,"void channel_eq::eqMmseSoftDemapKernel<float, __half, __half, float, (unsigned int)4, (unsigned short)16383>(channel_eq::_puschRxChEqStatDescr *, channel_eq::_puschRxChEqSoftDemapDynDescr)"
1485088777,290492,8102,1,1,1,32,32,1,30,0.000,0.000,,,,,NVIDIA A100-SXM4-40GB MIG 4g.20gb (0),1,,13,"void convert_kernel<float2, __half2>(tensor_layout_any, T1 *, tensor_layout_any, const T2 *)"
1485380613,10944,8114,2253,1,1,128,1,1,16,0.000,0.000,,,,,NVIDIA A100-SXM4-40GB MIG 4g.20gb (0),1,,13,cupy_copy__float16_float16
1485395813,3360,8123,282,1,1,128,1,1,16,0.000,0.000,,,,,NVIDIA A100-SXM4-40GB MIG 4g.20gb (0),1,,13,cupy_copy__complex64_complex64
1485402853,2080,8132,26,1,1,128,1,1,16,0.000,0.000,,,,,NVIDIA A100-SXM4-40GB MIG 4g.20gb (0),1,,13,cupy_copy__float32_float32
1485407941,4544,8141,103,1,1,128,1,1,16,0.000,0.000,,,,,NVIDIA A100-SXM4-40GB MIG 4g.20gb (0),1,,13,cupy_copy__complex64_complex64
1485414820,12160,8151,1434,1,1,128,1,1,16,0.000,0.000,,,,,NVIDIA A100-SXM4-40GB MIG 4g.20gb (0),1,,13,cupy_copy__complex64_complex64
1485429700,82815,8156,1,1,1,32,32,1,30,0.000,0.000,,,,,NVIDIA A100-SXM4-40GB MIG 4g.20gb (0),1,,13,"void convert_kernel<__half2, float2>(tensor_layout_any, T1 *, tensor_layout_any, const T2 *)"
1485539235,5408,8159,,,,,,,,,,0.094,17325.421,Pinned,Device,NVIDIA A100-SXM4-40GB MIG 4g.20gb (0),1,,13,[CUDA memcpy Host-to-Device]
1485549763,595960,8160,,,,,,,,,,456.561,765653.535,Device,,NVIDIA A100-SXM4-40GB MIG 4g.20gb (0),1,,13,[CUDA memset]
1486154587,99103,8165,,,,,,,,,,1.235,12460.585,Pinned,Device,NVIDIA A100-SXM4-40GB MIG 4g.20gb (0),1,,13,[CUDA memcpy Host-to-Device]
1486260154,20064,8166,,,,,,,,,,0.197,9798.943,Pinned,Device,NVIDIA A100-SXM4-40GB MIG 4g.20gb (0),1,,13,[CUDA memcpy Host-to-Device]
1486289114,7680,8167,69,4,1,48,1,1,76,0.002,0.000,,,,,NVIDIA A100-SXM4-40GB MIG 4g.20gb (0),1,,13,"void ch_est::windowedChEstPreNoDftSOfdmKernel<float, __half, float, (unsigned int)2, (unsigned int)1, (unsigned short)4>(ch_est::puschRxChEstStatDescr_t *, ch_est::puschRxChEstDynDescr_t *)"
1486304761,7392,8168,137,2,1,24,2,1,44,0.001,0.001,,,,,NVIDIA A100-SXM4-40GB MIG 4g.20gb (0),1,,13,"void ch_est::chEstFilterNoDftSOfdmDispatchKernel<float, __half, float, (unsigned int)2>(ch_est::puschRxChEstStatDescr_t *, ch_est::puschRxChEstDynDescr_t *)"
1486314105,5216,8169,137,2,1,24,2,1,44,0.001,0.001,,,,,NVIDIA A100-SXM4-40GB MIG 4g.20gb (0),1,,13,"void ch_est::chEstFilterNoDftSOfdmDispatchKernel<float, __half, float, (unsigned int)2>(ch_est::puschRxChEstStatDescr_t *, ch_est::puschRxChEstDynDescr_t *)"
1486321977,2592,8180,103,1,1,128,1,1,16,0.000,0.000,,,,,NVIDIA A100-SXM4-40GB MIG 4g.20gb (0),1,,13,cupy_copy__complex64_complex64
1486330073,12416,8190,1434,1,1,128,1,1,16,0.000,0.000,,,,,NVIDIA A100-SXM4-40GB MIG 4g.20gb (0),1,,13,cupy_copy__complex64_complex64
1486345561,2528,8197,103,1,1,128,1,1,16,0.000,0.000,,,,,NVIDIA A100-SXM4-40GB MIG 4g.20gb (0),1,,13,cupy_copy__complex64_complex64
1486354873,83775,8204,1,1,1,32,32,1,30,0.000,0.000,,,,,NVIDIA A100-SXM4-40GB MIG 4g.20gb (0),1,,13,"void convert_kernel<__half2, float2>(tensor_layout_any, T1 *, tensor_layout_any, const T2 *)"
1486467095,12960,8207,,,,,,,,,,0.094,7229.583,Pinned,Device,NVIDIA A100-SXM4-40GB MIG 4g.20gb (0),1,,13,[CUDA memcpy Host-to-Device]
1486485303,46464,8208,,,,,,,,,,35.810,770701.098,Device,,NVIDIA A100-SXM4-40GB MIG 4g.20gb (0),1,,13,[CUDA memset]
1486539671,4575,8210,,,,,,,,,,0.000,17.486,Pinned,Device,NVIDIA A100-SXM4-40GB MIG 4g.20gb (0),1,,13,[CUDA memcpy Host-to-Device]
1486551766,21632,8211,,,,,,,,,,0.197,9088.598,Pinned,Device,NVIDIA A100-SXM4-40GB MIG 4g.20gb (0),1,,13,[CUDA memcpy Host-to-Device]
1486588022,9600,8212,273,1,1,48,1,1,40,0.000,0.001,,,,,NVIDIA A100-SXM4-40GB MIG 4g.20gb (0),1,,13,"void pusch_noise_intf_est::noiseIntfEstNoDftSOfdmKernel<float, __half, float, float, (unsigned int)2, (unsigned int)1, (unsigned char)4, (unsigned char)4>(pusch_noise_intf_est::puschRxNoiseIntfEstDynDescr)"
1486603222,2624,8223,35,1,1,128,1,1,16,0.000,0.000,,,,,NVIDIA A100-SXM4-40GB MIG 4g.20gb (0),1,,13,cupy_copy__complex64_complex64
1486613174,1728,8232,1,1,1,1,1,1,18,0.000,0.000,,,,,NVIDIA A100-SXM4-40GB MIG 4g.20gb (0),1,,13,cupy_copy__float32_float32
1486621814,2975,8238,,,,,,,,,,0.000,1.345,Device,Pageable,NVIDIA A100-SXM4-40GB MIG 4g.20gb (0),1,,7,[CUDA memcpy Device-to-Host]
1486685365,12736,8249,1434,1,1,128,1,1,16,0.000,0.000,,,,,NVIDIA A100-SXM4-40GB MIG 4g.20gb (0),1,,13,cupy_copy__complex64_complex64
1486712468,2560,8256,103,1,1,128,1,1,16,0.000,0.000,,,,,NVIDIA A100-SXM4-40GB MIG 4g.20gb (0),1,,13,cupy_copy__complex64_complex64
1486734676,2784,8263,35,1,1,128,1,1,16,0.000,0.000,,,,,NVIDIA A100-SXM4-40GB MIG 4g.20gb (0),1,,13,cupy_copy__complex64_complex64
1486750484,1888,8270,1,1,1,1,1,1,18,0.000,0.000,,,,,NVIDIA A100-SXM4-40GB MIG 4g.20gb (0),1,,13,cupy_copy__float32_float32
1486892178,83231,8281,1,1,1,32,32,1,30,0.000,0.000,,,,,NVIDIA A100-SXM4-40GB MIG 4g.20gb (0),1,,13,"void convert_kernel<__half2, float2>(tensor_layout_any, T1 *, tensor_layout_any, const T2 *)"
1487003473,5440,8284,,,,,,,,,,0.094,17223.480,Pinned,Device,NVIDIA A100-SXM4-40GB MIG 4g.20gb (0),1,,13,[CUDA memcpy Host-to-Device]
1487017201,3552,8285,,,,,,,,,,1.547,435422.601,Device,,NVIDIA A100-SXM4-40GB MIG 4g.20gb (0),1,,13,[CUDA memset]
1487024337,3295,8290,,,,,,,,,,0.031,9498.023,Pinned,Device,NVIDIA A100-SXM4-40GB MIG 4g.20gb (0),1,,13,[CUDA memcpy Host-to-Device]
1487030128,9376,8291,,,,,,,,,,0.197,20969.226,Pinned,Device,NVIDIA A100-SXM4-40GB MIG 4g.20gb (0),1,,13,[CUDA memcpy Host-to-Device]
1487043440,5984,8292,273,1,1,8,4,1,39,0.002,0.000,,,,,NVIDIA A100-SXM4-40GB MIG 4g.20gb (0),1,,13,"void channel_eq::eqMmseCoefCompLowMimoKernel<float, float, float, (unsigned int)4, (unsigned int)1, (unsigned int)4>(const channel_eq::_puschRxChEqStatDescr *, channel_eq::_puschRxChEqCoefCompDynDescr)"
1487052208,6080,8293,273,1,1,12,11,1,51,0.002,0.000,,,,,NVIDIA A100-SXM4-40GB MIG 4g.20gb (0),1,,13,"void channel_eq::eqMmseSoftDemapKernel<float, __half, __half, float, (unsigned int)4, (unsigned short)16383>(channel_eq::_puschRxChEqStatDescr *, channel_eq::_puschRxChEqSoftDemapDynDescr)"
1487059344,282013,8294,1,1,1,32,32,1,30,0.000,0.000,,,,,NVIDIA A100-SXM4-40GB MIG 4g.20gb (0),1,,13,"void convert_kernel<float2, __half2>(tensor_layout_any, T1 *, tensor_layout_any, const T2 *)"
1487342573,10943,8306,2253,1,1,128,1,1,16,0.000,0.000,,,,,NVIDIA A100-SXM4-40GB MIG 4g.20gb (0),1,,13,cupy_copy__float16_float16
1487360268,3072,8315,282,1,1,128,1,1,16,0.000,0.000,,,,,NVIDIA A100-SXM4-40GB MIG 4g.20gb (0),1,,13,cupy_copy__complex64_complex64
1487365868,2304,8324,26,1,1,128,1,1,16,0.000,0.000,,,,,NVIDIA A100-SXM4-40GB MIG 4g.20gb (0),1,,13,cupy_copy__float32_float32
1487370188,2912,8333,103,1,1,128,1,1,16,0.000,0.000,,,,,NVIDIA A100-SXM4-40GB MIG 4g.20gb (0),1,,13,cupy_copy__complex64_complex64
1487375692,12288,8343,1434,1,1,128,1,1,16,0.000,0.000,,,,,NVIDIA A100-SXM4-40GB MIG 4g.20gb (0),1,,13,cupy_copy__complex64_complex64
1487393612,83007,8348,1,1,1,32,32,1,30,0.000,0.000,,,,,NVIDIA A100-SXM4-40GB MIG 4g.20gb (0),1,,13,"void convert_kernel<__half2, float2>(tensor_layout_any, T1 *, tensor_layout_any, const T2 *)"
1487508171,5407,8351,,,,,,,,,,0.094,17328.607,Pinned,Device,NVIDIA A100-SXM4-40GB MIG 4g.20gb (0),1,,13,[CUDA memcpy Host-to-Device]
1487519594,598393,8352,,,,,,,,,,456.561,762914.166,Device,,NVIDIA A100-SXM4-40GB MIG 4g.20gb (0),1,,13,[CUDA memset]
1488120259,140894,8357,,,,,,,,,,1.235,8764.398,Pinned,Device,NVIDIA A100-SXM4-40GB MIG 4g.20gb (0),1,,13,[CUDA memcpy Host-to-Device]
1488273953,41504,8358,,,,,,,,,,0.197,4737.073,Pinned,Device,NVIDIA A100-SXM4-40GB MIG 4g.20gb (0),1,,13,[CUDA memcpy Host-to-Device]
1488343040,8288,8359,69,4,1,48,1,1,76,0.002,0.000,,,,,NVIDIA A100-SXM4-40GB MIG 4g.20gb (0),1,,13,"void ch_est::windowedChEstPreNoDftSOfdmKernel<float, __half, float, (unsigned int)2, (unsigned int)1, (unsigned short)4>(ch_est::puschRxChEstStatDescr_t *, ch_est::puschRxChEstDynDescr_t *)"
1488362144,6464,8360,137,2,1,24,2,1,44,0.001,0.001,,,,,NVIDIA A100-SXM4-40GB MIG 4g.20gb (0),1,,13,"void ch_est::chEstFilterNoDftSOfdmDispatchKernel<float, __half, float, (unsigned int)2>(ch_est::puschRxChEstStatDescr_t *, ch_est::puschRxChEstDynDescr_t *)"
1488378432,4736,8361,137,2,1,24,2,1,44,0.001,0.001,,,,,NVIDIA A100-SXM4-40GB MIG 4g.20gb (0),1,,13,"void ch_est::chEstFilterNoDftSOfdmDispatchKernel<float, __half, float, (unsigned int)2>(ch_est::puschRxChEstStatDescr_t *, ch_est::puschRxChEstDynDescr_t *)"
1488396608,2688,8372,103,1,1,128,1,1,16,0.000,0.000,,,,,NVIDIA A100-SXM4-40GB MIG 4g.20gb (0),1,,13,cupy_copy__complex64_complex64
1488410047,12608,8382,1434,1,1,128,1,1,16,0.000,0.000,,,,,NVIDIA A100-SXM4-40GB MIG 4g.20gb (0),1,,13,cupy_copy__complex64_complex64
1488437695,2656,8389,103,1,1,128,1,1,16,0.000,0.000,,,,,NVIDIA A100-SXM4-40GB MIG 4g.20gb (0),1,,13,cupy_copy__complex64_complex64
1488447839,82047,8396,1,1,1,32,32,1,30,0.000,0.000,,,,,NVIDIA A100-SXM4-40GB MIG 4g.20gb (0),1,,13,"void convert_kernel<__half2, float2>(tensor_layout_any, T1 *, tensor_layout_any, const T2 *)"
1488557854,6143,8399,,,,,,,,,,0.094,15252.397,Pinned,Device,NVIDIA A100-SXM4-40GB MIG 4g.20gb (0),1,,13,[CUDA memcpy Host-to-Device]
1488577405,47008,8400,,,,,,,,,,35.810,761748.618,Device,,NVIDIA A100-SXM4-40GB MIG 4g.20gb (0),1,,13,[CUDA memset]
1488625149,9056,8402,,,,,,,,,,0.000,8.834,Pinned,Device,NVIDIA A100-SXM4-40GB MIG 4g.20gb (0),1,,13,[CUDA memcpy Host-to-Device]
1488643580,17312,8403,,,,,,,,,,0.197,11356.668,Pinned,Device,NVIDIA A100-SXM4-40GB MIG 4g.20gb (0),1,,13,[CUDA memcpy Host-to-Device]
1488674716,9792,8404,273,1,1,48,1,1,40,0.000,0.001,,,,,NVIDIA A100-SXM4-40GB MIG 4g.20gb (0),1,,13,"void pusch_noise_intf_est::noiseIntfEstNoDftSOfdmKernel<float, __half, float, float, (unsigned int)2, (unsigned int)1, (unsigned char)4, (unsigned char)4>(pusch_noise_intf_est::puschRxNoiseIntfEstDynDescr)"
1488695612,2592,8415,35,1,1,128,1,1,16,0.000,0.000,,,,,NVIDIA A100-SXM4-40GB MIG 4g.20gb (0),1,,13,cupy_copy__complex64_complex64
1488704796,1856,8424,1,1,1,1,1,1,18,0.000,0.000,,,,,NVIDIA A100-SXM4-40GB MIG 4g.20gb (0),1,,13,cupy_copy__float32_float32
1488720220,2751,8430,,,,,,,,,,0.000,1.454,Device,Pageable,NVIDIA A100-SXM4-40GB MIG 4g.20gb (0),1,,7,[CUDA memcpy Device-to-Host]
1488798299,12735,8441,1434,1,1,128,1,1,16,0.000,0.000,,,,,NVIDIA A100-SXM4-40GB MIG 4g.20gb (0),1,,13,cupy_copy__complex64_complex64
1488827674,2976,8448,103,1,1,128,1,1,16,0.000,0.000,,,,,NVIDIA A100-SXM4-40GB MIG 4g.20gb (0),1,,13,cupy_copy__complex64_complex64
1488849146,2816,8455,35,1,1,128,1,1,16,0.000,0.000,,,,,NVIDIA A100-SXM4-40GB MIG 4g.20gb (0),1,,13,cupy_copy__complex64_complex64
1488870906,1696,8462,1,1,1,1,1,1,18,0.000,0.000,,,,,NVIDIA A100-SXM4-40GB MIG 4g.20gb (0),1,,13,cupy_copy__float32_float32
1488989592,87967,8473,1,1,1,32,32,1,30,0.000,0.000,,,,,NVIDIA A100-SXM4-40GB MIG 4g.20gb (0),1,,13,"void convert_kernel<__half2, float2>(tensor_layout_any, T1 *, tensor_layout_any, const T2 *)"
1489106103,5440,8476,,,,,,,,,,0.094,17223.480,Pinned,Device,NVIDIA A100-SXM4-40GB MIG 4g.20gb (0),1,,13,[CUDA memcpy Host-to-Device]
1489120151,3328,8477,,,,,,,,,,1.547,464729.580,Device,,NVIDIA A100-SXM4-40GB MIG 4g.20gb (0),1,,13,[CUDA memset]
1489127062,3040,8482,,,,,,,,,,0.031,10294.725,Pinned,Device,NVIDIA A100-SXM4-40GB MIG 4g.20gb (0),1,,13,[CUDA memcpy Host-to-Device]
1489133366,9792,8483,,,,,,,,,,0.197,20078.395,Pinned,Device,NVIDIA A100-SXM4-40GB MIG 4g.20gb (0),1,,13,[CUDA memcpy Host-to-Device]
1489149430,6048,8484,273,1,1,8,4,1,39,0.002,0.000,,,,,NVIDIA A100-SXM4-40GB MIG 4g.20gb (0),1,,13,"void channel_eq::eqMmseCoefCompLowMimoKernel<float, float, float, (unsigned int)4, (unsigned int)1, (unsigned int)4>(const channel_eq::_puschRxChEqStatDescr *, channel_eq::_puschRxChEqCoefCompDynDescr)"
1489158902,5984,8485,273,1,1,12,11,1,51,0.002,0.000,,,,,NVIDIA A100-SXM4-40GB MIG 4g.20gb (0),1,,13,"void channel_eq::eqMmseSoftDemapKernel<float, __half, __half, float, (unsigned int)4, (unsigned short)16383>(channel_eq::_puschRxChEqStatDescr *, channel_eq::_puschRxChEqSoftDemapDynDescr)"
1489165942,282908,8486,1,1,1,32,32,1,30,0.000,0.000,,,,,NVIDIA A100-SXM4-40GB MIG 4g.20gb (0),1,,13,"void convert_kernel<float2, __half2>(tensor_layout_any, T1 *, tensor_layout_any, const T2 *)"
1489451890,11008,8498,2253,1,1,128,1,1,16,0.000,0.000,,,,,NVIDIA A100-SXM4-40GB MIG 4g.20gb (0),1,,13,cupy_copy__float16_float16
1489465138,2944,8507,282,1,1,128,1,1,16,0.000,0.000,,,,,NVIDIA A100-SXM4-40GB MIG 4g.20gb (0),1,,13,cupy_copy__complex64_complex64
1489470418,2144,8516,26,1,1,128,1,1,16,0.000,0.000,,,,,NVIDIA A100-SXM4-40GB MIG 4g.20gb (0),1,,13,cupy_copy__float32_float32
1489477394,2880,8525,103,1,1,128,1,1,16,0.000,0.000,,,,,NVIDIA A100-SXM4-40GB MIG 4g.20gb (0),1,,13,cupy_copy__complex64_complex64
1489483538,12160,8535,1434,1,1,128,1,1,16,0.000,0.000,,,,,NVIDIA A100-SXM4-40GB MIG 4g.20gb (0),1,,13,cupy_copy__complex64_complex64
1489499250,81791,8540,1,1,1,32,32,1,30,0.000,0.000,,,,,NVIDIA A100-SXM4-40GB MIG 4g.20gb (0),1,,13,"void convert_kernel<__half2, float2>(tensor_layout_any, T1 *, tensor_layout_any, const T2 *)"
1489607857,5983,8543,,,,,,,,,,0.094,15660.349,Pinned,Device,NVIDIA A100-SXM4-40GB MIG 4g.20gb (0),1,,13,[CUDA memcpy Host-to-Device]
1489621296,596569,8544,,,,,,,,,,456.561,765196.973,Device,,NVIDIA A100-SXM4-40GB MIG 4g.20gb (0),1,,13,[CUDA memset]
1490223081,176382,8549,,,,,,,,,,1.235,7000.898,Pinned,Device,NVIDIA A100-SXM4-40GB MIG 4g.20gb (0),1,,13,[CUDA memcpy Host-to-Device]
1490409095,34655,8550,,,,,,,,,,0.197,5673.124,Pinned,Device,NVIDIA A100-SXM4-40GB MIG 4g.20gb (0),1,,13,[CUDA memcpy Host-to-Device]
1490468262,8192,8551,69,4,1,48,1,1,76,0.002,0.000,,,,,NVIDIA A100-SXM4-40GB MIG 4g.20gb (0),1,,13,"void ch_est::windowedChEstPreNoDftSOfdmKernel<float, __half, float, (unsigned int)2, (unsigned int)1, (unsigned short)4>(ch_est::puschRxChEstStatDescr_t *, ch_est::puschRxChEstDynDescr_t *)"
1490491078,6656,8552,137,2,1,24,2,1,44,0.001,0.001,,,,,NVIDIA A100-SXM4-40GB MIG 4g.20gb (0),1,,13,"void ch_est::chEstFilterNoDftSOfdmDispatchKernel<float, __half, float, (unsigned int)2>(ch_est::puschRxChEstStatDescr_t *, ch_est::puschRxChEstDynDescr_t *)"
1490507333,4672,8553,137,2,1,24,2,1,44,0.001,0.001,,,,,NVIDIA A100-SXM4-40GB MIG 4g.20gb (0),1,,13,"void ch_est::chEstFilterNoDftSOfdmDispatchKernel<float, __half, float, (unsigned int)2>(ch_est::puschRxChEstStatDescr_t *, ch_est::puschRxChEstDynDescr_t *)"
1490520165,2528,8564,103,1,1,128,1,1,16,0.000,0.000,,,,,NVIDIA A100-SXM4-40GB MIG 4g.20gb (0),1,,13,cupy_copy__complex64_complex64
1490535301,12800,8574,1434,1,1,128,1,1,16,0.000,0.000,,,,,NVIDIA A100-SXM4-40GB MIG 4g.20gb (0),1,,13,cupy_copy__complex64_complex64
1490570437,2560,8581,103,1,1,128,1,1,16,0.000,0.000,,,,,NVIDIA A100-SXM4-40GB MIG 4g.20gb (0),1,,13,cupy_copy__complex64_complex64
1490586244,84063,8588,1,1,1,32,32,1,30,0.000,0.000,,,,,NVIDIA A100-SXM4-40GB MIG 4g.20gb (0),1,,13,"void convert_kernel<__half2, float2>(tensor_layout_any, T1 *, tensor_layout_any, const T2 *)"
1490701571,13408,8591,,,,,,,,,,0.094,6988.035,Pinned,Device,NVIDIA A100-SXM4-40GB MIG 4g.20gb (0),1,,13,[CUDA memcpy Host-to-Device]
1490725283,47263,8592,,,,,,,,,,35.810,757666.287,Device,,NVIDIA A100-SXM4-40GB MIG 4g.20gb (0),1,,13,[CUDA memset]
1490774114,6208,8594,,,,,,,,,,0.000,12.887,Pinned,Device,NVIDIA A100-SXM4-40GB MIG 4g.20gb (0),1,,13,[CUDA memcpy Host-to-Device]
1490786882,16768,8595,,,,,,,,,,0.197,11725.111,Pinned,Device,NVIDIA A100-SXM4-40GB MIG 4g.20gb (0),1,,13,[CUDA memcpy Host-to-Device]
1490813858,10143,8596,273,1,1,48,1,1,40,0.000,0.001,,,,,NVIDIA A100-SXM4-40GB MIG 4g.20gb (0),1,,13,"void pusch_noise_intf_est::noiseIntfEstNoDftSOfdmKernel<float, __half, float, float, (unsigned int)2, (unsigned int)1, (unsigned char)4, (unsigned char)4>(pusch_noise_intf_est::puschRxNoiseIntfEstDynDescr)"
1490829441,2592,8607,35,1,1,128,1,1,16,0.000,0.000,,,,,NVIDIA A100-SXM4-40GB MIG 4g.20gb (0),1,,13,cupy_copy__complex64_complex64
1490839105,1696,8616,1,1,1,1,1,1,18,0.000,0.000,,,,,NVIDIA A100-SXM4-40GB MIG 4g.20gb (0),1,,13,cupy_copy__float32_float32
1490862561,5984,8622,,,,,,,,,,0.000,0.668,Device,Pageable,NVIDIA A100-SXM4-40GB MIG 4g.20gb (0),1,,7,[CUDA memcpy Device-to-Host]
1490937792,12768,8633,1434,1,1,128,1,1,16,0.000,0.000,,,,,NVIDIA A100-SXM4-40GB MIG 4g.20gb (0),1,,13,cupy_copy__complex64_complex64
1490966944,3456,8640,103,1,1,128,1,1,16,0.000,0.000,,,,,NVIDIA A100-SXM4-40GB MIG 4g.20gb (0),1,,13,cupy_copy__complex64_complex64
1490983231,2752,8647,35,1,1,128,1,1,16,0.000,0.000,,,,,NVIDIA A100-SXM4-40GB MIG 4g.20gb (0),1,,13,cupy_copy__complex64_complex64
1491001759,1760,8654,1,1,1,1,1,1,18,0.000,0.000,,,,,NVIDIA A100-SXM4-40GB MIG 4g.20gb (0),1,,13,cupy_copy__float32_float32
1491132126,83359,8665,1,1,1,32,32,1,30,0.000,0.000,,,,,NVIDIA A100-SXM4-40GB MIG 4g.20gb (0),1,,13,"void convert_kernel<__half2, float2>(tensor_layout_any, T1 *, tensor_layout_any, const T2 *)"
1491242812,5440,8668,,,,,,,,,,0.094,17223.480,Pinned,Device,NVIDIA A100-SXM4-40GB MIG 4g.20gb (0),1,,13,[CUDA memcpy Host-to-Device]
1491257468,3232,8669,,,,,,,,,,1.547,478533.199,Device,,NVIDIA A100-SXM4-40GB MIG 4g.20gb (0),1,,13,[CUDA memset]
1491264252,3328,8674,,,,,,,,,,0.031,9403.822,Pinned,Device,NVIDIA A100-SXM4-40GB MIG 4g.20gb (0),1,,13,[CUDA memcpy Host-to-Device]
1491270460,10112,8675,,,,,,,,,,0.197,19442.958,Pinned,Device,NVIDIA A100-SXM4-40GB MIG 4g.20gb (0),1,,13,[CUDA memcpy Host-to-Device]
1491286908,7616,8676,273,1,1,8,4,1,39,0.002,0.000,,,,,NVIDIA A100-SXM4-40GB MIG 4g.20gb (0),1,,13,"void channel_eq::eqMmseCoefCompLowMimoKernel<float, float, float, (unsigned int)4, (unsigned int)1, (unsigned int)4>(const channel_eq::_puschRxChEqStatDescr *, channel_eq::_puschRxChEqCoefCompDynDescr)"
1491295580,5920,8677,273,1,1,12,11,1,51,0.002,0.000,,,,,NVIDIA A100-SXM4-40GB MIG 4g.20gb (0),1,,13,"void channel_eq::eqMmseSoftDemapKernel<float, __half, __half, float, (unsigned int)4, (unsigned short)16383>(channel_eq::_puschRxChEqStatDescr *, channel_eq::_puschRxChEqSoftDemapDynDescr)"
1491302620,282556,8678,1,1,1,32,32,1,30,0.000,0.000,,,,,NVIDIA A100-SXM4-40GB MIG 4g.20gb (0),1,,13,"void convert_kernel<float2, __half2>(tensor_layout_any, T1 *, tensor_layout_any, const T2 *)"
1491587544,10976,8690,2253,1,1,128,1,1,16,0.000,0.000,,,,,NVIDIA A100-SXM4-40GB MIG 4g.20gb (0),1,,13,cupy_copy__float16_float16
1491604664,3616,8699,282,1,1,128,1,1,16,0.000,0.000,,,,,NVIDIA A100-SXM4-40GB MIG 4g.20gb (0),1,,13,cupy_copy__complex64_complex64
1491611352,2112,8708,26,1,1,128,1,1,16,0.000,0.000,,,,,NVIDIA A100-SXM4-40GB MIG 4g.20gb (0),1,,13,cupy_copy__float32_float32
1491615256,2912,8717,103,1,1,128,1,1,16,0.000,0.000,,,,,NVIDIA A100-SXM4-40GB MIG 4g.20gb (0),1,,13,cupy_copy__complex64_complex64
1491619288,12095,8727,1434,1,1,128,1,1,16,0.000,0.000,,,,,NVIDIA A100-SXM4-40GB MIG 4g.20gb (0),1,,13,cupy_copy__complex64_complex64
1491632919,81887,8732,1,1,1,32,32,1,30,0.000,0.000,,,,,NVIDIA A100-SXM4-40GB MIG 4g.20gb (0),1,,13,"void convert_kernel<__half2, float2>(tensor_layout_any, T1 *, tensor_layout_any, const T2 *)"
1491741974,5536,8735,,,,,,,,,,0.094,16924.777,Pinned,Device,NVIDIA A100-SXM4-40GB MIG 4g.20gb (0),1,,13,[CUDA memcpy Host-to-Device]
1491752854,600633,8736,,,,,,,,,,456.561,759718.236,Device,,NVIDIA A100-SXM4-40GB MIG 4g.20gb (0),1,,13,[CUDA memset]
1492360142,156702,8741,,,,,,,,,,1.235,7880.178,Pinned,Device,NVIDIA A100-SXM4-40GB MIG 4g.20gb (0),1,,13,[CUDA memcpy Host-to-Device]
1492530700,42560,8742,,,,,,,,,,0.197,4619.502,Pinned,Device,NVIDIA A100-SXM4-40GB MIG 4g.20gb (0),1,,13,[CUDA memcpy Host-to-Device]
1492593292,8319,8743,69,4,1,48,1,1,76,0.002,0.000,,,,,NVIDIA A100-SXM4-40GB MIG 4g.20gb (0),1,,13,"void ch_est::windowedChEstPreNoDftSOfdmKernel<float, __half, float, (unsigned int)2, (unsigned int)1, (unsigned short)4>(ch_est::puschRxChEstStatDescr_t *, ch_est::puschRxChEstDynDescr_t *)"
1492610283,6816,8744,137,2,1,24,2,1,44,0.001,0.001,,,,,NVIDIA A100-SXM4-40GB MIG 4g.20gb (0),1,,13,"void ch_est::chEstFilterNoDftSOfdmDispatchKernel<float, __half, float, (unsigned int)2>(ch_est::puschRxChEstStatDescr_t *, ch_est::puschRxChEstDynDescr_t *)"
1492626603,4896,8745,137,2,1,24,2,1,44,0.001,0.001,,,,,NVIDIA A100-SXM4-40GB MIG 4g.20gb (0),1,,13,"void ch_est::chEstFilterNoDftSOfdmDispatchKernel<float, __half, float, (unsigned int)2>(ch_est::puschRxChEstStatDescr_t *, ch_est::puschRxChEstDynDescr_t *)"
1492642091,2656,8756,103,1,1,128,1,1,16,0.000,0.000,,,,,NVIDIA A100-SXM4-40GB MIG 4g.20gb (0),1,,13,cupy_copy__complex64_complex64
1492657675,12640,8766,1434,1,1,128,1,1,16,0.000,0.000,,,,,NVIDIA A100-SXM4-40GB MIG 4g.20gb (0),1,,13,cupy_copy__complex64_complex64
1492691274,2656,8773,103,1,1,128,1,1,16,0.000,0.000,,,,,NVIDIA A100-SXM4-40GB MIG 4g.20gb (0),1,,13,cupy_copy__complex64_complex64
1492704682,85183,8780,1,1,1,32,32,1,30,0.000,0.000,,,,,NVIDIA A100-SXM4-40GB MIG 4g.20gb (0),1,,13,"void convert_kernel<__half2, float2>(tensor_layout_any, T1 *, tensor_layout_any, const T2 *)"
1492821513,18527,8783,,,,,,,,,,0.094,5057.242,Pinned,Device,NVIDIA A100-SXM4-40GB MIG 4g.20gb (0),1,,13,[CUDA memcpy Host-to-Device]
1492855080,46784,8784,,,,,,,,,,35.810,765401.230,Device,,NVIDIA A100-SXM4-40GB MIG 4g.20gb (0),1,,13,[CUDA memset]
1492906952,9376,8786,,,,,,,,,,0.000,8.532,Pinned,Device,NVIDIA A100-SXM4-40GB MIG 4g.20gb (0),1,,13,[CUDA memcpy Host-to-Device]
1492923815,25984,8787,,,,,,,,,,0.197,7566.459,Pinned,Device,NVIDIA A100-SXM4-40GB MIG 4g.20gb (0),1,,13,[CUDA memcpy Host-to-Device]
1492966023,9408,8788,273,1,1,48,1,1,40,0.000,0.001,,,,,NVIDIA A100-SXM4-40GB MIG 4g.20gb (0),1,,13,"void pusch_noise_intf_est::noiseIntfEstNoDftSOfdmKernel<float, __half, float, float, (unsigned int)2, (unsigned int)1, (unsigned char)4, (unsigned char)4>(pusch_noise_intf_est::puschRxNoiseIntfEstDynDescr)"
1492982567,2688,8799,35,1,1,128,1,1,16,0.000,0.000,,,,,NVIDIA A100-SXM4-40GB MIG 4g.20gb (0),1,,13,cupy_copy__complex64_complex64
1492998087,1759,8808,1,1,1,1,1,1,18,0.000,0.000,,,,,NVIDIA A100-SXM4-40GB MIG 4g.20gb (0),1,,13,cupy_copy__float32_float32
1493003206,5984,8814,,,,,,,,,,0.000,0.668,Device,Pageable,NVIDIA A100-SXM4-40GB MIG 4g.20gb (0),1,,7,[CUDA memcpy Device-to-Host]
1493095909,13056,8825,1434,1,1,128,1,1,16,0.000,0.000,,,,,NVIDIA A100-SXM4-40GB MIG 4g.20gb (0),1,,13,cupy_copy__complex64_complex64
1493111621,2880,8832,103,1,1,128,1,1,16,0.000,0.000,,,,,NVIDIA A100-SXM4-40GB MIG 4g.20gb (0),1,,13,cupy_copy__complex64_complex64
1493143109,2336,8839,35,1,1,128,1,1,16,0.000,0.000,,,,,NVIDIA A100-SXM4-40GB MIG 4g.20gb (0),1,,13,cupy_copy__complex64_complex64
1493157381,1856,8846,1,1,1,1,1,1,18,0.000,0.000,,,,,NVIDIA A100-SXM4-40GB MIG 4g.20gb (0),1,,13,cupy_copy__float32_float32
1493286371,82655,8857,1,1,1,32,32,1,30,0.000,0.000,,,,,NVIDIA A100-SXM4-40GB MIG 4g.20gb (0),1,,13,"void convert_kernel<__half2, float2>(tensor_layout_any, T1 *, tensor_layout_any, const T2 *)"
1493400450,13183,8860,,,,,,,,,,0.094,7107.310,Pinned,Device,NVIDIA A100-SXM4-40GB MIG 4g.20gb (0),1,,13,[CUDA memcpy Host-to-Device]
1493421825,3456,8861,,,,,,,,,,1.547,447517.201,Device,,NVIDIA A100-SXM4-40GB MIG 4g.20gb (0),1,,13,[CUDA memset]
1493428865,7552,8866,,,,,,,,,,0.031,4144.060,Pinned,Device,NVIDIA A100-SXM4-40GB MIG 4g.20gb (0),1,,13,[CUDA memcpy Host-to-Device]
1493439425,13600,8867,,,,,,,,,,0.197,14456.390,Pinned,Device,NVIDIA A100-SXM4-40GB MIG 4g.20gb (0),1,,13,[CUDA memcpy Host-to-Device]
1493469537,7232,8868,273,1,1,8,4,1,39,0.002,0.000,,,,,NVIDIA A100-SXM4-40GB MIG 4g.20gb (0),1,,13,"void channel_eq::eqMmseCoefCompLowMimoKernel<float, float, float, (unsigned int)4, (unsigned int)1, (unsigned int)4>(const channel_eq::_puschRxChEqStatDescr *, channel_eq::_puschRxChEqCoefCompDynDescr)"
1493485824,5440,8869,273,1,1,12,11,1,51,0.002,0.000,,,,,NVIDIA A100-SXM4-40GB MIG 4g.20gb (0),1,,13,"void channel_eq::eqMmseSoftDemapKernel<float, __half, __half, float, (unsigned int)4, (unsigned short)16383>(channel_eq::_puschRxChEqStatDescr *, channel_eq::_puschRxChEqSoftDemapDynDescr)"
1493494848,282333,8870,1,1,1,32,32,1,30,0.000,0.000,,,,,NVIDIA A100-SXM4-40GB MIG 4g.20gb (0),1,,13,"void convert_kernel<float2, __half2>(tensor_layout_any, T1 *, tensor_layout_any, const T2 *)"
1493780957,11104,8882,2253,1,1,128,1,1,16,0.000,0.000,,,,,NVIDIA A100-SXM4-40GB MIG 4g.20gb (0),1,,13,cupy_copy__float16_float16
1493793725,3648,8891,282,1,1,128,1,1,16,0.000,0.000,,,,,NVIDIA A100-SXM4-40GB MIG 4g.20gb (0),1,,13,cupy_copy__complex64_complex64
1493799197,2080,8900,26,1,1,128,1,1,16,0.000,0.000,,,,,NVIDIA A100-SXM4-40GB MIG 4g.20gb (0),1,,13,cupy_copy__float32_float32
1493806429,4831,8909,103,1,1,128,1,1,16,0.000,0.000,,,,,NVIDIA A100-SXM4-40GB MIG 4g.20gb (0),1,,13,cupy_copy__complex64_complex64
1493812348,12160,8919,1434,1,1,128,1,1,16,0.000,0.000,,,,,NVIDIA A100-SXM4-40GB MIG 4g.20gb (0),1,,13,cupy_copy__complex64_complex64
1493828188,86943,8924,1,1,1,32,32,1,30,0.000,0.000,,,,,NVIDIA A100-SXM4-40GB MIG 4g.20gb (0),1,,13,"void convert_kernel<__half2, float2>(tensor_layout_any, T1 *, tensor_layout_any, const T2 *)"
1493942107,5376,8927,,,,,,,,,,0.094,17428.487,Pinned,Device,NVIDIA A100-SXM4-40GB MIG 4g.20gb (0),1,,13,[CUDA memcpy Host-to-Device]
1493955899,598104,8928,,,,,,,,,,456.561,762914.166,Device,,NVIDIA A100-SXM4-40GB MIG 4g.20gb (0),1,,13,[CUDA memset]
1494560915,164542,8933,,,,,,,,,,1.235,7504.755,Pinned,Device,NVIDIA A100-SXM4-40GB MIG 4g.20gb (0),1,,13,[CUDA memcpy Host-to-Device]
1494737585,41727,8934,,,,,,,,,,0.197,4711.711,Pinned,Device,NVIDIA A100-SXM4-40GB MIG 4g.20gb (0),1,,13,[CUDA memcpy Host-to-Device]
1494796464,8128,8935,69,4,1,48,1,1,76,0.002,0.000,,,,,NVIDIA A100-SXM4-40GB MIG 4g.20gb (0),1,,13,"void ch_est::windowedChEstPreNoDftSOfdmKernel<float, __half, float, (unsigned int)2, (unsigned int)1, (unsigned short)4>(ch_est::puschRxChEstStatDescr_t *, ch_est::puschRxChEstDynDescr_t *)"
1494815920,7200,8936,137,2,1,24,2,1,44,0.001,0.001,,,,,NVIDIA A100-SXM4-40GB MIG 4g.20gb (0),1,,13,"void ch_est::chEstFilterNoDftSOfdmDispatchKernel<float, __half, float, (unsigned int)2>(ch_est::puschRxChEstStatDescr_t *, ch_est::puschRxChEstDynDescr_t *)"
1494833808,4768,8937,137,2,1,24,2,1,44,0.001,0.001,,,,,NVIDIA A100-SXM4-40GB MIG 4g.20gb (0),1,,13,"void ch_est::chEstFilterNoDftSOfdmDispatchKernel<float, __half, float, (unsigned int)2>(ch_est::puschRxChEstStatDescr_t *, ch_est::puschRxChEstDynDescr_t *)"
1494851408,2624,8948,103,1,1,128,1,1,16,0.000,0.000,,,,,NVIDIA A100-SXM4-40GB MIG 4g.20gb (0),1,,13,cupy_copy__complex64_complex64
1494868175,12800,8958,1434,1,1,128,1,1,16,0.000,0.000,,,,,NVIDIA A100-SXM4-40GB MIG 4g.20gb (0),1,,13,cupy_copy__complex64_complex64
1494891279,2592,8965,103,1,1,128,1,1,16,0.000,0.000,,,,,NVIDIA A100-SXM4-40GB MIG 4g.20gb (0),1,,13,cupy_copy__complex64_complex64
1494910063,94239,8972,1,1,1,32,32,1,30,0.000,0.000,,,,,NVIDIA A100-SXM4-40GB MIG 4g.20gb (0),1,,13,"void convert_kernel<__half2, float2>(tensor_layout_any, T1 *, tensor_layout_any, const T2 *)"
1495035885,29664,8975,,,,,,,,,,0.094,3158.492,Pinned,Device,NVIDIA A100-SXM4-40GB MIG 4g.20gb (0),1,,13,[CUDA memcpy Host-to-Device]
1495094253,46559,8976,,,,,,,,,,35.810,769125.462,Device,,NVIDIA A100-SXM4-40GB MIG 4g.20gb (0),1,,13,[CUDA memset]
1495143692,12608,8978,,,,,,,,,,0.000,6.345,Pinned,Device,NVIDIA A100-SXM4-40GB MIG 4g.20gb (0),1,,13,[CUDA memcpy Host-to-Device]
1495168684,27615,8979,,,,,,,,,,0.197,7119.569,Pinned,Device,NVIDIA A100-SXM4-40GB MIG 4g.20gb (0),1,,13,[CUDA memcpy Host-to-Device]
1495217515,9952,8980,273,1,1,48,1,1,40,0.000,0.001,,,,,NVIDIA A100-SXM4-40GB MIG 4g.20gb (0),1,,13,"void pusch_noise_intf_est::noiseIntfEstNoDftSOfdmKernel<float, __half, float, float, (unsigned int)2, (unsigned int)1, (unsigned char)4, (unsigned char)4>(pusch_noise_intf_est::puschRxNoiseIntfEstDynDescr)"
1495233611,2784,8991,35,1,1,128,1,1,16,0.000,0.000,,,,,NVIDIA A100-SXM4-40GB MIG 4g.20gb (0),1,,13,cupy_copy__complex64_complex64
1495249931,1728,9000,1,1,1,1,1,1,18,0.000,0.000,,,,,NVIDIA A100-SXM4-40GB MIG 4g.20gb (0),1,,13,cupy_copy__float32_float32
1495254955,6239,9006,,,,,,,,,,0.000,0.641,Device,Pageable,NVIDIA A100-SXM4-40GB MIG 4g.20gb (0),1,,7,[CUDA memcpy Device-to-Host]
1495350217,12640,9017,1434,1,1,128,1,1,16,0.000,0.000,,,,,NVIDIA A100-SXM4-40GB MIG 4g.20gb (0),1,,13,cupy_copy__complex64_complex64
1495371849,3392,9024,103,1,1,128,1,1,16,0.000,0.000,,,,,NVIDIA A100-SXM4-40GB MIG 4g.20gb (0),1,,13,cupy_copy__complex64_complex64
1495392233,2528,9031,35,1,1,128,1,1,16,0.000,0.000,,,,,NVIDIA A100-SXM4-40GB MIG 4g.20gb (0),1,,13,cupy_copy__complex64_complex64
1495409417,1824,9038,1,1,1,1,1,1,18,0.000,0.000,,,,,NVIDIA A100-SXM4-40GB MIG 4g.20gb (0),1,,13,cupy_copy__float32_float32
1495537383,82463,9049,1,1,1,32,32,1,30,0.000,0.000,,,,,NVIDIA A100-SXM4-40GB MIG 4g.20gb (0),1,,13,"void convert_kernel<__half2, float2>(tensor_layout_any, T1 *, tensor_layout_any, const T2 *)"
1495647174,5760,9052,,,,,,,,,,0.094,16266.656,Pinned,Device,NVIDIA A100-SXM4-40GB MIG 4g.20gb (0),1,,13,[CUDA memcpy Host-to-Device]
1495663461,3232,9053,,,,,,,,,,1.547,478533.199,Device,,NVIDIA A100-SXM4-40GB MIG 4g.20gb (0),1,,13,[CUDA memset]
1495668869,2976,9058,,,,,,,,,,0.031,10516.113,Pinned,Device,NVIDIA A100-SXM4-40GB MIG 4g.20gb (0),1,,13,[CUDA memcpy Host-to-Device]
1495674341,9728,9059,,,,,,,,,,0.197,20210.516,Pinned,Device,NVIDIA A100-SXM4-40GB MIG 4g.20gb (0),1,,13,[CUDA memcpy Host-to-Device]
1495688933,6656,9060,273,1,1,8,4,1,39,0.002,0.000,,,,,NVIDIA A100-SXM4-40GB MIG 4g.20gb (0),1,,13,"void channel_eq::eqMmseCoefCompLowMimoKernel<float, float, float, (unsigned int)4, (unsigned int)1, (unsigned int)4>(const channel_eq::_puschRxChEqStatDescr *, channel_eq::_puschRxChEqCoefCompDynDescr)"
1495696581,6624,9061,273,1,1,12,11,1,51,0.002,0.000,,,,,NVIDIA A100-SXM4-40GB MIG 4g.20gb (0),1,,13,"void channel_eq::eqMmseSoftDemapKernel<float, __half, __half, float, (unsigned int)4, (unsigned short)16383>(channel_eq::_puschRxChEqStatDescr *, channel_eq::_puschRxChEqSoftDemapDynDescr)"
1495704421,283068,9062,1,1,1,32,32,1,30,0.000,0.000,,,,,NVIDIA A100-SXM4-40GB MIG 4g.20gb (0),1,,13,"void convert_kernel<float2, __half2>(tensor_layout_any, T1 *, tensor_layout_any, const T2 *)"
1495988545,11040,9074,2253,1,1,128,1,1,16,0.000,0.000,,,,,NVIDIA A100-SXM4-40GB MIG 4g.20gb (0),1,,13,cupy_copy__float16_float16
1496002497,3328,9083,282,1,1,128,1,1,16,0.000,0.000,,,,,NVIDIA A100-SXM4-40GB MIG 4g.20gb (0),1,,13,cupy_copy__complex64_complex64
1496008289,2016,9092,26,1,1,128,1,1,16,0.000,0.000,,,,,NVIDIA A100-SXM4-40GB MIG 4g.20gb (0),1,,13,cupy_copy__float32_float32
1496011905,2976,9101,103,1,1,128,1,1,16,0.000,0.000,,,,,NVIDIA A100-SXM4-40GB MIG 4g.20gb (0),1,,13,cupy_copy__complex64_complex64
1496015969,12000,9111,1434,1,1,128,1,1,16,0.000,0.000,,,,,NVIDIA A100-SXM4-40GB MIG 4g.20gb (0),1,,13,cupy_copy__complex64_complex64
1496036449,83231,9116,1,1,1,32,32,1,30,0.000,0.000,,,,,NVIDIA A100-SXM4-40GB MIG 4g.20gb (0),1,,13,"void convert_kernel<__half2, float2>(tensor_layout_any, T1 *, tensor_layout_any, const T2 *)"
1496147040,5727,9119,,,,,,,,,,0.094,16360.352,Pinned,Device,NVIDIA A100-SXM4-40GB MIG 4g.20gb (0),1,,13,[CUDA memcpy Host-to-Device]
1496156831,597721,9120,,,,,,,,,,456.561,763827.289,Device,,NVIDIA A100-SXM4-40GB MIG 4g.20gb (0),1,,13,[CUDA memset]
1496756696,95615,9125,,,,,,,,,,1.235,12915.044,Pinned,Device,NVIDIA A100-SXM4-40GB MIG 4g.20gb (0),1,,13,[CUDA memcpy Host-to-Device]
1496857207,11680,9126,,,,,,,,,,0.197,16832.791,Pinned,Device,NVIDIA A100-SXM4-40GB MIG 4g.20gb (0),1,,13,[CUDA memcpy Host-to-Device]
1496877846,8768,9127,69,4,1,48,1,1,76,0.002,0.000,,,,,NVIDIA A100-SXM4-40GB MIG 4g.20gb (0),1,,13,"void ch_est::windowedChEstPreNoDftSOfdmKernel<float, __half, float, (unsigned int)2, (unsigned int)1, (unsigned short)4>(ch_est::puschRxChEstStatDescr_t *, ch_est::puschRxChEstDynDescr_t *)"
1496890358,6976,9128,137,2,1,24,2,1,44,0.001,0.001,,,,,NVIDIA A100-SXM4-40GB MIG 4g.20gb (0),1,,13,"void ch_est::chEstFilterNoDftSOfdmDispatchKernel<float, __half, float, (unsigned int)2>(ch_est::puschRxChEstStatDescr_t *, ch_est::puschRxChEstDynDescr_t *)"
1496900086,5408,9129,137,2,1,24,2,1,44,0.001,0.001,,,,,NVIDIA A100-SXM4-40GB MIG 4g.20gb (0),1,,13,"void ch_est::chEstFilterNoDftSOfdmDispatchKernel<float, __half, float, (unsigned int)2>(ch_est::puschRxChEstStatDescr_t *, ch_est::puschRxChEstDynDescr_t *)"
1496908694,3136,9140,103,1,1,128,1,1,16,0.000,0.000,,,,,NVIDIA A100-SXM4-40GB MIG 4g.20gb (0),1,,13,cupy_copy__complex64_complex64
1496913078,12608,9150,1434,1,1,128,1,1,16,0.000,0.000,,,,,NVIDIA A100-SXM4-40GB MIG 4g.20gb (0),1,,13,cupy_copy__complex64_complex64
1496927286,2848,9157,103,1,1,128,1,1,16,0.000,0.000,,,,,NVIDIA A100-SXM4-40GB MIG 4g.20gb (0),1,,13,cupy_copy__complex64_complex64
1496933558,83039,9164,1,1,1,32,32,1,30,0.000,0.000,,,,,NVIDIA A100-SXM4-40GB MIG 4g.20gb (0),1,,13,"void convert_kernel<__half2, float2>(tensor_layout_any, T1 *, tensor_layout_any, const T2 *)"
1497043572,6272,9167,,,,,,,,,,0.094,14938.703,Pinned,Device,NVIDIA A100-SXM4-40GB MIG 4g.20gb (0),1,,13,[CUDA memcpy Host-to-Device]
1497056564,47392,9168,,,,,,,,,,35.810,755589.312,Device,,NVIDIA A100-SXM4-40GB MIG 4g.20gb (0),1,,13,[CUDA memset]
1497111444,3104,9170,,,,,,,,,,0.000,25.773,Pinned,Device,NVIDIA A100-SXM4-40GB MIG 4g.20gb (0),1,,13,[CUDA memcpy Host-to-Device]
1497120851,11776,9171,,,,,,,,,,0.197,16695.558,Pinned,Device,NVIDIA A100-SXM4-40GB MIG 4g.20gb (0),1,,13,[CUDA memcpy Host-to-Device]
1497142227,13024,9172,273,1,1,48,1,1,40,0.000,0.001,,,,,NVIDIA A100-SXM4-40GB MIG 4g.20gb (0),1,,13,"void pusch_noise_intf_est::noiseIntfEstNoDftSOfdmKernel<float, __half, float, float, (unsigned int)2, (unsigned int)1, (unsigned char)4, (unsigned char)4>(pusch_noise_intf_est::puschRxNoiseIntfEstDynDescr)"
1497159731,2880,9183,35,1,1,128,1,1,16,0.000,0.000,,,,,NVIDIA A100-SXM4-40GB MIG 4g.20gb (0),1,,13,cupy_copy__complex64_complex64
1497165235,1856,9192,1,1,1,1,1,1,18,0.000,0.000,,,,,NVIDIA A100-SXM4-40GB MIG 4g.20gb (0),1,,13,cupy_copy__float32_float32
1497194611,1951,9198,,,,,,,,,,0.000,2.050,Device,Pageable,NVIDIA A100-SXM4-40GB MIG 4g.20gb (0),1,,7,[CUDA memcpy Device-to-Host]
1497254098,13120,9209,1434,1,1,128,1,1,16,0.000,0.000,,,,,NVIDIA A100-SXM4-40GB MIG 4g.20gb (0),1,,13,cupy_copy__complex64_complex64
1497283569,3392,9216,103,1,1,128,1,1,16,0.000,0.000,,,,,NVIDIA A100-SXM4-40GB MIG 4g.20gb (0),1,,13,cupy_copy__complex64_complex64
1497302673,2688,9223,35,1,1,128,1,1,16,0.000,0.000,,,,,NVIDIA A100-SXM4-40GB MIG 4g.20gb (0),1,,13,cupy_copy__complex64_complex64
1497319921,1824,9230,1,1,1,1,1,1,18,0.000,0.000,,,,,NVIDIA A100-SXM4-40GB MIG 4g.20gb (0),1,,13,cupy_copy__float32_float32
1497452207,83007,9241,1,1,1,32,32,1,30,0.000,0.000,,,,,NVIDIA A100-SXM4-40GB MIG 4g.20gb (0),1,,13,"void convert_kernel<__half2, float2>(tensor_layout_any, T1 *, tensor_layout_any, const T2 *)"
1497562894,5920,9244,,,,,,,,,,0.094,15826.941,Pinned,Device,NVIDIA A100-SXM4-40GB MIG 4g.20gb (0),1,,13,[CUDA memcpy Host-to-Device]
1497578094,3200,9245,,,,,,,,,,1.547,483320.000,Device,,NVIDIA A100-SXM4-40GB MIG 4g.20gb (0),1,,13,[CUDA memset]
1497584014,3424,9250,,,,,,,,,,0.031,9140.185,Pinned,Device,NVIDIA A100-SXM4-40GB MIG 4g.20gb (0),1,,13,[CUDA memcpy Host-to-Device]
1497589870,9664,9251,,,,,,,,,,0.197,20344.209,Pinned,Device,NVIDIA A100-SXM4-40GB MIG 4g.20gb (0),1,,13,[CUDA memcpy Host-to-Device]
1497604141,7168,9252,273,1,1,8,4,1,39,0.002,0.000,,,,,NVIDIA A100-SXM4-40GB MIG 4g.20gb (0),1,,13,"void channel_eq::eqMmseCoefCompLowMimoKernel<float, float, float, (unsigned int)4, (unsigned int)1, (unsigned int)4>(const channel_eq::_puschRxChEqStatDescr *, channel_eq::_puschRxChEqCoefCompDynDescr)"
1497614701,5760,9253,273,1,1,12,11,1,51,0.002,0.000,,,,,NVIDIA A100-SXM4-40GB MIG 4g.20gb (0),1,,13,"void channel_eq::eqMmseSoftDemapKernel<float, __half, __half, float, (unsigned int)4, (unsigned short)16383>(channel_eq::_puschRxChEqStatDescr *, channel_eq::_puschRxChEqSoftDemapDynDescr)"
1497621581,279677,9254,1,1,1,32,32,1,30,0.000,0.000,,,,,NVIDIA A100-SXM4-40GB MIG 4g.20gb (0),1,,13,"void convert_kernel<float2, __half2>(tensor_layout_any, T1 *, tensor_layout_any, const T2 *)"
1497902634,10912,9266,2253,1,1,128,1,1,16,0.000,0.000,,,,,NVIDIA A100-SXM4-40GB MIG 4g.20gb (0),1,,13,cupy_copy__float16_float16
1497918122,3776,9275,282,1,1,128,1,1,16,0.000,0.000,,,,,NVIDIA A100-SXM4-40GB MIG 4g.20gb (0),1,,13,cupy_copy__complex64_complex64
1497923593,2304,9284,26,1,1,128,1,1,16,0.000,0.000,,,,,NVIDIA A100-SXM4-40GB MIG 4g.20gb (0),1,,13,cupy_copy__float32_float32
1497927721,3584,9293,103,1,1,128,1,1,16,0.000,0.000,,,,,NVIDIA A100-SXM4-40GB MIG 4g.20gb (0),1,,13,cupy_copy__complex64_complex64
1497932489,12320,9303,1434,1,1,128,1,1,16,0.000,0.000,,,,,NVIDIA A100-SXM4-40GB MIG 4g.20gb (0),1,,13,cupy_copy__complex64_complex64
1497950281,81919,9308,1,1,1,32,32,1,30,0.000,0.000,,,,,NVIDIA A100-SXM4-40GB MIG 4g.20gb (0),1,,13,"void convert_kernel<__half2, float2>(tensor_layout_any, T1 *, tensor_layout_any, const T2 *)"
1498059144,5536,9311,,,,,,,,,,0.094,16924.777,Pinned,Device,NVIDIA A100-SXM4-40GB MIG 4g.20gb (0),1,,13,[CUDA memcpy Host-to-Device]
1498069000,598904,9312,,,,,,,,,,456.561,762001.043,Device,,NVIDIA A100-SXM4-40GB MIG 4g.20gb (0),1,,13,[CUDA memset]
1498674048,140062,9317,,,,,,,,,,1.235,8816.265,Pinned,Device,NVIDIA A100-SXM4-40GB MIG 4g.20gb (0),1,,13,[CUDA memcpy Host-to-Device]
1498824414,41280,9318,,,,,,,,,,0.197,4762.632,Pinned,Device,NVIDIA A100-SXM4-40GB MIG 4g.20gb (0),1,,13,[CUDA memcpy Host-to-Device]
1498893885,8128,9319,69,4,1,48,1,1,76,0.002,0.000,,,,,NVIDIA A100-SXM4-40GB MIG 4g.20gb (0),1,,13,"void ch_est::windowedChEstPreNoDftSOfdmKernel<float, __half, float, (unsigned int)2, (unsigned int)1, (unsigned short)4>(ch_est::puschRxChEstStatDescr_t *, ch_est::puschRxChEstDynDescr_t *)"
1498911261,6624,9320,137,2,1,24,2,1,44,0.001,0.001,,,,,NVIDIA A100-SXM4-40GB MIG 4g.20gb (0),1,,13,"void ch_est::chEstFilterNoDftSOfdmDispatchKernel<float, __half, float, (unsigned int)2>(ch_est::puschRxChEstStatDescr_t *, ch_est::puschRxChEstDynDescr_t *)"
1498927677,4736,9321,137,2,1,24,2,1,44,0.001,0.001,,,,,NVIDIA A100-SXM4-40GB MIG 4g.20gb (0),1,,13,"void ch_est::chEstFilterNoDftSOfdmDispatchKernel<float, __half, float, (unsigned int)2>(ch_est::puschRxChEstStatDescr_t *, ch_est::puschRxChEstDynDescr_t *)"
1498943165,2496,9332,103,1,1,128,1,1,16,0.000,0.000,,,,,NVIDIA A100-SXM4-40GB MIG 4g.20gb (0),1,,13,cupy_copy__complex64_complex64
1498961085,12511,9342,1434,1,1,128,1,1,16,0.000,0.000,,,,,NVIDIA A100-SXM4-40GB MIG 4g.20gb (0),1,,13,cupy_copy__complex64_complex64
1498997212,2560,9349,103,1,1,128,1,1,16,0.000,0.000,,,,,NVIDIA A100-SXM4-40GB MIG 4g.20gb (0),1,,13,cupy_copy__complex64_complex64
1499010460,87679,9356,1,1,1,32,32,1,30,0.000,0.000,,,,,NVIDIA A100-SXM4-40GB MIG 4g.20gb (0),1,,13,"void convert_kernel<__half2, float2>(tensor_layout_any, T1 *, tensor_layout_any, const T2 *)"
1499126363,5696,9359,,,,,,,,,,0.094,16449.363,Pinned,Device,NVIDIA A100-SXM4-40GB MIG 4g.20gb (0),1,,13,[CUDA memcpy Host-to-Device]
1499139290,46592,9360,,,,,,,,,,35.810,768552.503,Device,,NVIDIA A100-SXM4-40GB MIG 4g.20gb (0),1,,13,[CUDA memset]
1499191866,4032,9362,,,,,,,,,,0.000,19.841,Pinned,Device,NVIDIA A100-SXM4-40GB MIG 4g.20gb (0),1,,13,[CUDA memcpy Host-to-Device]
1499200698,12768,9363,,,,,,,,,,0.197,15398.339,Pinned,Device,NVIDIA A100-SXM4-40GB MIG 4g.20gb (0),1,,13,[CUDA memcpy Host-to-Device]
1499225177,10432,9364,273,1,1,48,1,1,40,0.000,0.001,,,,,NVIDIA A100-SXM4-40GB MIG 4g.20gb (0),1,,13,"void pusch_noise_intf_est::noiseIntfEstNoDftSOfdmKernel<float, __half, float, float, (unsigned int)2, (unsigned int)1, (unsigned char)4, (unsigned char)4>(pusch_noise_intf_est::puschRxNoiseIntfEstDynDescr)"
1499238137,2848,9375,35,1,1,128,1,1,16,0.000,0.000,,,,,NVIDIA A100-SXM4-40GB MIG 4g.20gb (0),1,,13,cupy_copy__complex64_complex64
1499249401,2048,9384,1,1,1,1,1,1,18,0.000,0.000,,,,,NVIDIA A100-SXM4-40GB MIG 4g.20gb (0),1,,13,cupy_copy__float32_float32
1499279801,1824,9390,,,,,,,,,,0.000,2.193,Device,Pageable,NVIDIA A100-SXM4-40GB MIG 4g.20gb (0),1,,7,[CUDA memcpy Device-to-Host]
1499339352,12832,9401,1434,1,1,128,1,1,16,0.000,0.000,,,,,NVIDIA A100-SXM4-40GB MIG 4g.20gb (0),1,,13,cupy_copy__complex64_complex64
1499366712,2624,9408,103,1,1,128,1,1,16,0.000,0.000,,,,,NVIDIA A100-SXM4-40GB MIG 4g.20gb (0),1,,13,cupy_copy__complex64_complex64
1499388119,2592,9415,35,1,1,128,1,1,16,0.000,0.000,,,,,NVIDIA A100-SXM4-40GB MIG 4g.20gb (0),1,,13,cupy_copy__complex64_complex64
1499404279,1760,9422,1,1,1,1,1,1,18,0.000,0.000,,,,,NVIDIA A100-SXM4-40GB MIG 4g.20gb (0),1,,13,cupy_copy__float32_float32
1499538549,87167,9433,1,1,1,32,32,1,30,0.000,0.000,,,,,NVIDIA A100-SXM4-40GB MIG 4g.20gb (0),1,,13,"void convert_kernel<__half2, float2>(tensor_layout_any, T1 *, tensor_layout_any, const T2 *)"
1499653428,5696,9436,,,,,,,,,,0.094,16449.363,Pinned,Device,NVIDIA A100-SXM4-40GB MIG 4g.20gb (0),1,,13,[CUDA memcpy Host-to-Device]
1499667796,3616,9437,,,,,,,,,,1.547,427715.774,Device,,NVIDIA A100-SXM4-40GB MIG 4g.20gb (0),1,,13,[CUDA memset]
1499674676,3424,9442,,,,,,,,,,0.031,9140.185,Pinned,Device,NVIDIA A100-SXM4-40GB MIG 4g.20gb (0),1,,13,[CUDA memcpy Host-to-Device]
1499680820,9536,9443,,,,,,,,,,0.197,20617.298,Pinned,Device,NVIDIA A100-SXM4-40GB MIG 4g.20gb (0),1,,13,[CUDA memcpy Host-to-Device]
1499694708,8159,9444,273,1,1,8,4,1,39,0.002,0.000,,,,,NVIDIA A100-SXM4-40GB MIG 4g.20gb (0),1,,13,"void channel_eq::eqMmseCoefCompLowMimoKernel<float, float, float, (unsigned int)4, (unsigned int)1, (unsigned int)4>(const channel_eq::_puschRxChEqStatDescr *, channel_eq::_puschRxChEqCoefCompDynDescr)"
1499703923,6400,9445,273,1,1,12,11,1,51,0.002,0.000,,,,,NVIDIA A100-SXM4-40GB MIG 4g.20gb (0),1,,13,"void channel_eq::eqMmseSoftDemapKernel<float, __half, __half, float, (unsigned int)4, (unsigned short)16383>(channel_eq::_puschRxChEqStatDescr *, channel_eq::_puschRxChEqSoftDemapDynDescr)"
1499711379,282525,9446,1,1,1,32,32,1,30,0.000,0.000,,,,,NVIDIA A100-SXM4-40GB MIG 4g.20gb (0),1,,13,"void convert_kernel<float2, __half2>(tensor_layout_any, T1 *, tensor_layout_any, const T2 *)"
1499998832,10880,9458,2253,1,1,128,1,1,16,0.000,0.000,,,,,NVIDIA A100-SXM4-40GB MIG 4g.20gb (0),1,,13,cupy_copy__float16_float16
1500014864,2848,9467,282,1,1,128,1,1,16,0.000,0.000,,,,,NVIDIA A100-SXM4-40GB MIG 4g.20gb (0),1,,13,cupy_copy__complex64_complex64
1500020432,2143,9476,26,1,1,128,1,1,16,0.000,0.000,,,,,NVIDIA A100-SXM4-40GB MIG 4g.20gb (0),1,,13,cupy_copy__float32_float32
1500023503,4672,9485,103,1,1,128,1,1,16,0.000,0.000,,,,,NVIDIA A100-SXM4-40GB MIG 4g.20gb (0),1,,13,cupy_copy__complex64_complex64
1500029199,12096,9495,1434,1,1,128,1,1,16,0.000,0.000,,,,,NVIDIA A100-SXM4-40GB MIG 4g.20gb (0),1,,13,cupy_copy__complex64_complex64
1500044079,87455,9500,1,1,1,32,32,1,30,0.000,0.000,,,,,NVIDIA A100-SXM4-40GB MIG 4g.20gb (0),1,,13,"void convert_kernel<__half2, float2>(tensor_layout_any, T1 *, tensor_layout_any, const T2 *)"
1500158766,5920,9503,,,,,,,,,,0.094,15826.941,Pinned,Device,NVIDIA A100-SXM4-40GB MIG 4g.20gb (0),1,,13,[CUDA memcpy Host-to-Device]
1500169998,596632,9504,,,,,,,,,,456.561,765196.973,Device,,NVIDIA A100-SXM4-40GB MIG 4g.20gb (0),1,,13,[CUDA memset]
1500773094,170686,9509,,,,,,,,,,1.235,7234.302,Pinned,Device,NVIDIA A100-SXM4-40GB MIG 4g.20gb (0),1,,13,[CUDA memcpy Host-to-Device]
1500957316,41311,9510,,,,,,,,,,0.197,4759.093,Pinned,Device,NVIDIA A100-SXM4-40GB MIG 4g.20gb (0),1,,13,[CUDA memcpy Host-to-Device]
1501020515,7872,9511,69,4,1,48,1,1,76,0.002,0.000,,,,,NVIDIA A100-SXM4-40GB MIG 4g.20gb (0),1,,13,"void ch_est::windowedChEstPreNoDftSOfdmKernel<float, __half, float, (unsigned int)2, (unsigned int)1, (unsigned short)4>(ch_est::puschRxChEstStatDescr_t *, ch_est::puschRxChEstDynDescr_t *)"
1501040003,6240,9512,137,2,1,24,2,1,44,0.001,0.001,,,,,NVIDIA A100-SXM4-40GB MIG 4g.20gb (0),1,,13,"void ch_est::chEstFilterNoDftSOfdmDispatchKernel<float, __half, float, (unsigned int)2>(ch_est::puschRxChEstStatDescr_t *, ch_est::puschRxChEstDynDescr_t *)"
1501056643,4768,9513,137,2,1,24,2,1,44,0.001,0.001,,,,,NVIDIA A100-SXM4-40GB MIG 4g.20gb (0),1,,13,"void ch_est::chEstFilterNoDftSOfdmDispatchKernel<float, __half, float, (unsigned int)2>(ch_est::puschRxChEstStatDescr_t *, ch_est::puschRxChEstDynDescr_t *)"
1501073666,2624,9524,103,1,1,128,1,1,16,0.000,0.000,,,,,NVIDIA A100-SXM4-40GB MIG 4g.20gb (0),1,,13,cupy_copy__complex64_complex64
1501090530,12352,9534,1434,1,1,128,1,1,16,0.000,0.000,,,,,NVIDIA A100-SXM4-40GB MIG 4g.20gb (0),1,,13,cupy_copy__complex64_complex64
1501115426,2560,9541,103,1,1,128,1,1,16,0.000,0.000,,,,,NVIDIA A100-SXM4-40GB MIG 4g.20gb (0),1,,13,cupy_copy__complex64_complex64
1501137570,89439,9548,1,1,1,32,32,1,30,0.000,0.000,,,,,NVIDIA A100-SXM4-40GB MIG 4g.20gb (0),1,,13,"void convert_kernel<__half2, float2>(tensor_layout_any, T1 *, tensor_layout_any, const T2 *)"
1501259968,18944,9551,,,,,,,,,,0.094,4945.931,Pinned,Device,NVIDIA A100-SXM4-40GB MIG 4g.20gb (0),1,,13,[CUDA memcpy Host-to-Device]
1501296992,47071,9552,,,,,,,,,,35.810,760745.940,Device,,NVIDIA A100-SXM4-40GB MIG 4g.20gb (0),1,,13,[CUDA memset]
1501350751,3392,9554,,,,,,,,,,0.000,23.585,Pinned,Device,NVIDIA A100-SXM4-40GB MIG 4g.20gb (0),1,,13,[CUDA memcpy Host-to-Device]
1501361151,19520,9555,,,,,,,,,,0.197,10072.031,Pinned,Device,NVIDIA A100-SXM4-40GB MIG 4g.20gb (0),1,,13,[CUDA memcpy Host-to-Device]
1501388575,9631,9556,273,1,1,48,1,1,40,0.000,0.001,,,,,NVIDIA A100-SXM4-40GB MIG 4g.20gb (0),1,,13,"void pusch_noise_intf_est::noiseIntfEstNoDftSOfdmKernel<float, __half, float, float, (unsigned int)2, (unsigned int)1, (unsigned char)4, (unsigned char)4>(pusch_noise_intf_est::puschRxNoiseIntfEstDynDescr)"
1501401662,3168,9567,35,1,1,128,1,1,16,0.000,0.000,,,,,NVIDIA A100-SXM4-40GB MIG 4g.20gb (0),1,,13,cupy_copy__complex64_complex64
1501408510,1920,9576,1,1,1,1,1,1,18,0.000,0.000,,,,,NVIDIA A100-SXM4-40GB MIG 4g.20gb (0),1,,13,cupy_copy__float32_float32
1501414942,2048,9582,,,,,,,,,,0.000,1.953,Device,Pageable,NVIDIA A100-SXM4-40GB MIG 4g.20gb (0),1,,7,[CUDA memcpy Device-to-Host]
1501480861,12864,9593,1434,1,1,128,1,1,16,0.000,0.000,,,,,NVIDIA A100-SXM4-40GB MIG 4g.20gb (0),1,,13,cupy_copy__complex64_complex64
1501506173,2816,9600,103,1,1,128,1,1,16,0.000,0.000,,,,,NVIDIA A100-SXM4-40GB MIG 4g.20gb (0),1,,13,cupy_copy__complex64_complex64
1501526845,2464,9607,35,1,1,128,1,1,16,0.000,0.000,,,,,NVIDIA A100-SXM4-40GB MIG 4g.20gb (0),1,,13,cupy_copy__complex64_complex64
1501544093,2080,9614,1,1,1,1,1,1,18,0.000,0.000,,,,,NVIDIA A100-SXM4-40GB MIG 4g.20gb (0),1,,13,cupy_copy__float32_float32
1501677851,88287,9625,1,1,1,32,32,1,30,0.000,0.000,,,,,NVIDIA A100-SXM4-40GB MIG 4g.20gb (0),1,,13,"void convert_kernel<__half2, float2>(tensor_layout_any, T1 *, tensor_layout_any, const T2 *)"
1501793082,5599,9628,,,,,,,,,,0.094,16734.387,Pinned,Device,NVIDIA A100-SXM4-40GB MIG 4g.20gb (0),1,,13,[CUDA memcpy Host-to-Device]
1501809081,3360,9629,,,,,,,,,,1.547,460304.688,Device,,NVIDIA A100-SXM4-40GB MIG 4g.20gb (0),1,,13,[CUDA memset]
1501814713,4128,9634,,,,,,,,,,0.031,7581.393,Pinned,Device,NVIDIA A100-SXM4-40GB MIG 4g.20gb (0),1,,13,[CUDA memcpy Host-to-Device]
1501820921,9472,9635,,,,,,,,,,0.197,20756.693,Pinned,Device,NVIDIA A100-SXM4-40GB MIG 4g.20gb (0),1,,13,[CUDA memcpy Host-to-Device]
1501835993,6144,9636,273,1,1,8,4,1,39,0.002,0.000,,,,,NVIDIA A100-SXM4-40GB MIG 4g.20gb (0),1,,13,"void channel_eq::eqMmseCoefCompLowMimoKernel<float, float, float, (unsigned int)4, (unsigned int)1, (unsigned int)4>(const channel_eq::_puschRxChEqStatDescr *, channel_eq::_puschRxChEqCoefCompDynDescr)"
1501844729,6176,9637,273,1,1,12,11,1,51,0.002,0.000,,,,,NVIDIA A100-SXM4-40GB MIG 4g.20gb (0),1,,13,"void channel_eq::eqMmseSoftDemapKernel<float, __half, __half, float, (unsigned int)4, (unsigned short)16383>(channel_eq::_puschRxChEqStatDescr *, channel_eq::_puschRxChEqSoftDemapDynDescr)"
1501854553,280188,9638,1,1,1,32,32,1,30,0.000,0.000,,,,,NVIDIA A100-SXM4-40GB MIG 4g.20gb (0),1,,13,"void convert_kernel<float2, __half2>(tensor_layout_any, T1 *, tensor_layout_any, const T2 *)"
1502135733,10976,9650,2253,1,1,128,1,1,16,0.000,0.000,,,,,NVIDIA A100-SXM4-40GB MIG 4g.20gb (0),1,,13,cupy_copy__float16_float16
1502151541,2720,9659,282,1,1,128,1,1,16,0.000,0.000,,,,,NVIDIA A100-SXM4-40GB MIG 4g.20gb (0),1,,13,cupy_copy__complex64_complex64
1502157077,2016,9668,26,1,1,128,1,1,16,0.000,0.000,,,,,NVIDIA A100-SXM4-40GB MIG 4g.20gb (0),1,,13,cupy_copy__float32_float32
1502162901,3008,9677,103,1,1,128,1,1,16,0.000,0.000,,,,,NVIDIA A100-SXM4-40GB MIG 4g.20gb (0),1,,13,cupy_copy__complex64_complex64
1502168469,12192,9687,1434,1,1,128,1,1,16,0.000,0.000,,,,,NVIDIA A100-SXM4-40GB MIG 4g.20gb (0),1,,13,cupy_copy__complex64_complex64
1502186421,81471,9692,1,1,1,32,32,1,30,0.000,0.000,,,,,NVIDIA A100-SXM4-40GB MIG 4g.20gb (0),1,,13,"void convert_kernel<__half2, float2>(tensor_layout_any, T1 *, tensor_layout_any, const T2 *)"
1502294931,5536,9695,,,,,,,,,,0.094,16924.777,Pinned,Device,NVIDIA A100-SXM4-40GB MIG 4g.20gb (0),1,,13,[CUDA memcpy Host-to-Device]
1502304723,598905,9696,,,,,,,,,,456.561,762001.043,Device,,NVIDIA A100-SXM4-40GB MIG 4g.20gb (0),1,,13,[CUDA memset]
1502912780,136798,9701,,,,,,,,,,1.235,9027.441,Pinned,Device,NVIDIA A100-SXM4-40GB MIG 4g.20gb (0),1,,13,[CUDA memcpy Host-to-Device]
1503061578,42943,9702,,,,,,,,,,0.197,4578.214,Pinned,Device,NVIDIA A100-SXM4-40GB MIG 4g.20gb (0),1,,13,[CUDA memcpy Host-to-Device]
1503123241,8256,9703,69,4,1,48,1,1,76,0.002,0.000,,,,,NVIDIA A100-SXM4-40GB MIG 4g.20gb (0),1,,13,"void ch_est::windowedChEstPreNoDftSOfdmKernel<float, __half, float, (unsigned int)2, (unsigned int)1, (unsigned short)4>(ch_est::puschRxChEstStatDescr_t *, ch_est::puschRxChEstDynDescr_t *)"
1503142441,6976,9704,137,2,1,24,2,1,44,0.001,0.001,,,,,NVIDIA A100-SXM4-40GB MIG 4g.20gb (0),1,,13,"void ch_est::chEstFilterNoDftSOfdmDispatchKernel<float, __half, float, (unsigned int)2>(ch_est::puschRxChEstStatDescr_t *, ch_est::puschRxChEstDynDescr_t *)"
1503160233,4800,9705,137,2,1,24,2,1,44,0.001,0.001,,,,,NVIDIA A100-SXM4-40GB MIG 4g.20gb (0),1,,13,"void ch_est::chEstFilterNoDftSOfdmDispatchKernel<float, __half, float, (unsigned int)2>(ch_est::puschRxChEstStatDescr_t *, ch_est::puschRxChEstDynDescr_t *)"
1503177512,2624,9716,103,1,1,128,1,1,16,0.000,0.000,,,,,NVIDIA A100-SXM4-40GB MIG 4g.20gb (0),1,,13,cupy_copy__complex64_complex64
1503193896,12576,9726,1434,1,1,128,1,1,16,0.000,0.000,,,,,NVIDIA A100-SXM4-40GB MIG 4g.20gb (0),1,,13,cupy_copy__complex64_complex64
1503213832,2912,9733,103,1,1,128,1,1,16,0.000,0.000,,,,,NVIDIA A100-SXM4-40GB MIG 4g.20gb (0),1,,13,cupy_copy__complex64_complex64
1503233704,89087,9740,1,1,1,32,32,1,30,0.000,0.000,,,,,NVIDIA A100-SXM4-40GB MIG 4g.20gb (0),1,,13,"void convert_kernel<__half2, float2>(tensor_layout_any, T1 *, tensor_layout_any, const T2 *)"
1503355942,26432,9743,,,,,,,,,,0.094,3544.707,Pinned,Device,NVIDIA A100-SXM4-40GB MIG 4g.20gb (0),1,,13,[CUDA memcpy Host-to-Device]
1503397126,47423,9744,,,,,,,,,,35.810,755087.973,Device,,NVIDIA A100-SXM4-40GB MIG 4g.20gb (0),1,,13,[CUDA memset]
1503445285,10528,9746,,,,,,,,,,0.000,7.599,Pinned,Device,NVIDIA A100-SXM4-40GB MIG 4g.20gb (0),1,,13,[CUDA memcpy Host-to-Device]
1503465029,31487,9747,,,,,,,,,,0.197,6244.073,Pinned,Device,NVIDIA A100-SXM4-40GB MIG 4g.20gb (0),1,,13,[CUDA memcpy Host-to-Device]
1503519812,10432,9748,273,1,1,48,1,1,40,0.000,0.001,,,,,NVIDIA A100-SXM4-40GB MIG 4g.20gb (0),1,,13,"void pusch_noise_intf_est::noiseIntfEstNoDftSOfdmKernel<float, __half, float, float, (unsigned int)2, (unsigned int)1, (unsigned char)4, (unsigned char)4>(pusch_noise_intf_est::puschRxNoiseIntfEstDynDescr)"
1503536676,2720,9759,35,1,1,128,1,1,16,0.000,0.000,,,,,NVIDIA A100-SXM4-40GB MIG 4g.20gb (0),1,,13,cupy_copy__complex64_complex64
1503552612,1824,9768,1,1,1,1,1,1,18,0.000,0.000,,,,,NVIDIA A100-SXM4-40GB MIG 4g.20gb (0),1,,13,cupy_copy__float32_float32
1503560516,8480,9774,,,,,,,,,,0.000,0.472,Device,Pageable,NVIDIA A100-SXM4-40GB MIG 4g.20gb (0),1,,7,[CUDA memcpy Device-to-Host]
1503660482,12832,9785,1434,1,1,128,1,1,16,0.000,0.000,,,,,NVIDIA A100-SXM4-40GB MIG 4g.20gb (0),1,,13,cupy_copy__complex64_complex64
1503686306,2944,9792,103,1,1,128,1,1,16,0.000,0.000,,,,,NVIDIA A100-SXM4-40GB MIG 4g.20gb (0),1,,13,cupy_copy__complex64_complex64
1503705634,2176,9799,35,1,1,128,1,1,16,0.000,0.000,,,,,NVIDIA A100-SXM4-40GB MIG 4g.20gb (0),1,,13,cupy_copy__complex64_complex64
1503709250,1760,9806,1,1,1,1,1,1,18,0.000,0.000,,,,,NVIDIA A100-SXM4-40GB MIG 4g.20gb (0),1,,13,cupy_copy__float32_float32
1503845344,86399,9817,1,1,1,32,32,1,30,0.000,0.000,,,,,NVIDIA A100-SXM4-40GB MIG 4g.20gb (0),1,,13,"void convert_kernel<__half2, float2>(tensor_layout_any, T1 *, tensor_layout_any, const T2 *)"
1503959839,5536,9820,,,,,,,,,,0.094,16924.777,Pinned,Device,NVIDIA A100-SXM4-40GB MIG 4g.20gb (0),1,,13,[CUDA memcpy Host-to-Device]
1503975487,3391,9821,,,,,,,,,,1.547,456096.324,Device,,NVIDIA A100-SXM4-40GB MIG 4g.20gb (0),1,,13,[CUDA memset]
1503980798,3136,9826,,,,,,,,,,0.031,9979.575,Pinned,Device,NVIDIA A100-SXM4-40GB MIG 4g.20gb (0),1,,13,[CUDA memcpy Host-to-Device]
1503987006,9728,9827,,,,,,,,,,0.197,20210.516,Pinned,Device,NVIDIA A100-SXM4-40GB MIG 4g.20gb (0),1,,13,[CUDA memcpy Host-to-Device]
1504002078,8640,9828,273,1,1,8,4,1,39,0.002,0.000,,,,,NVIDIA A100-SXM4-40GB MIG 4g.20gb (0),1,,13,"void channel_eq::eqMmseCoefCompLowMimoKernel<float, float, float, (unsigned int)4, (unsigned int)1, (unsigned int)4>(const channel_eq::_puschRxChEqStatDescr *, channel_eq::_puschRxChEqCoefCompDynDescr)"
1504011742,7072,9829,273,1,1,12,11,1,51,0.002,0.000,,,,,NVIDIA A100-SXM4-40GB MIG 4g.20gb (0),1,,13,"void channel_eq::eqMmseSoftDemapKernel<float, __half, __half, float, (unsigned int)4, (unsigned short)16383>(channel_eq::_puschRxChEqStatDescr *, channel_eq::_puschRxChEqSoftDemapDynDescr)"
1504019774,282716,9830,1,1,1,32,32,1,30,0.000,0.000,,,,,NVIDIA A100-SXM4-40GB MIG 4g.20gb (0),1,,13,"void convert_kernel<float2, __half2>(tensor_layout_any, T1 *, tensor_layout_any, const T2 *)"
1504304826,10944,9842,2253,1,1,128,1,1,16,0.000,0.000,,,,,NVIDIA A100-SXM4-40GB MIG 4g.20gb (0),1,,13,cupy_copy__float16_float16
1504320730,2784,9851,282,1,1,128,1,1,16,0.000,0.000,,,,,NVIDIA A100-SXM4-40GB MIG 4g.20gb (0),1,,13,cupy_copy__complex64_complex64
1504326778,2048,9860,26,1,1,128,1,1,16,0.000,0.000,,,,,NVIDIA A100-SXM4-40GB MIG 4g.20gb (0),1,,13,cupy_copy__float32_float32
1504330458,4640,9869,103,1,1,128,1,1,16,0.000,0.000,,,,,NVIDIA A100-SXM4-40GB MIG 4g.20gb (0),1,,13,cupy_copy__complex64_complex64
1504337306,12064,9879,1434,1,1,128,1,1,16,0.000,0.000,,,,,NVIDIA A100-SXM4-40GB MIG 4g.20gb (0),1,,13,cupy_copy__complex64_complex64
1504353530,86911,9884,1,1,1,32,32,1,30,0.000,0.000,,,,,NVIDIA A100-SXM4-40GB MIG 4g.20gb (0),1,,13,"void convert_kernel<__half2, float2>(tensor_layout_any, T1 *, tensor_layout_any, const T2 *)"
1504467416,5856,9887,,,,,,,,,,0.094,15999.997,Pinned,Device,NVIDIA A100-SXM4-40GB MIG 4g.20gb (0),1,,13,[CUDA memcpy Host-to-Device]
1504477592,600409,9888,,,,,,,,,,456.561,760174.798,Device,,NVIDIA A100-SXM4-40GB MIG 4g.20gb (0),1,,13,[CUDA memset]
1505083185,107262,9893,,,,,,,,,,1.235,11512.148,Pinned,Device,NVIDIA A100-SXM4-40GB MIG 4g.20gb (0),1,,13,[CUDA memcpy Host-to-Device]
1505197455,20640,9894,,,,,,,,,,0.197,9525.461,Pinned,Device,NVIDIA A100-SXM4-40GB MIG 4g.20gb (0),1,,13,[CUDA memcpy Host-to-Device]
1505226895,9024,9895,69,4,1,48,1,1,76,0.002,0.000,,,,,NVIDIA A100-SXM4-40GB MIG 4g.20gb (0),1,,13,"void ch_est::windowedChEstPreNoDftSOfdmKernel<float, __half, float, (unsigned int)2, (unsigned int)1, (unsigned short)4>(ch_est::puschRxChEstStatDescr_t *, ch_est::puschRxChEstDynDescr_t *)"
1505242319,7840,9896,137,2,1,24,2,1,44,0.001,0.001,,,,,NVIDIA A100-SXM4-40GB MIG 4g.20gb (0),1,,13,"void ch_est::chEstFilterNoDftSOfdmDispatchKernel<float, __half, float, (unsigned int)2>(ch_est::puschRxChEstStatDescr_t *, ch_est::puschRxChEstDynDescr_t *)"
1505256911,5248,9897,137,2,1,24,2,1,44,0.001,0.001,,,,,NVIDIA A100-SXM4-40GB MIG 4g.20gb (0),1,,13,"void ch_est::chEstFilterNoDftSOfdmDispatchKernel<float, __half, float, (unsigned int)2>(ch_est::puschRxChEstStatDescr_t *, ch_est::puschRxChEstDynDescr_t *)"
1505265071,3167,9908,103,1,1,128,1,1,16,0.000,0.000,,,,,NVIDIA A100-SXM4-40GB MIG 4g.20gb (0),1,,13,cupy_copy__complex64_complex64
1505272270,12608,9918,1434,1,1,128,1,1,16,0.000,0.000,,,,,NVIDIA A100-SXM4-40GB MIG 4g.20gb (0),1,,13,cupy_copy__complex64_complex64
1505289710,3104,9925,103,1,1,128,1,1,16,0.000,0.000,,,,,NVIDIA A100-SXM4-40GB MIG 4g.20gb (0),1,,13,cupy_copy__complex64_complex64
1505297774,87519,9932,1,1,1,32,32,1,30,0.000,0.000,,,,,NVIDIA A100-SXM4-40GB MIG 4g.20gb (0),1,,13,"void convert_kernel<__half2, float2>(tensor_layout_any, T1 *, tensor_layout_any, const T2 *)"
1505413325,5856,9935,,,,,,,,,,0.094,15999.997,Pinned,Device,NVIDIA A100-SXM4-40GB MIG 4g.20gb (0),1,,13,[CUDA memcpy Host-to-Device]
1505425165,46879,9936,,,,,,,,,,35.810,763861.404,Device,,NVIDIA A100-SXM4-40GB MIG 4g.20gb (0),1,,13,[CUDA memset]
1505478060,3552,9938,,,,,,,,,,0.000,22.522,Pinned,Device,NVIDIA A100-SXM4-40GB MIG 4g.20gb (0),1,,13,[CUDA memcpy Host-to-Device]
1505486476,12864,9939,,,,,,,,,,0.197,15283.519,Pinned,Device,NVIDIA A100-SXM4-40GB MIG 4g.20gb (0),1,,13,[CUDA memcpy Host-to-Device]
1505509387,11520,9940,273,1,1,48,1,1,40,0.000,0.001,,,,,NVIDIA A100-SXM4-40GB MIG 4g.20gb (0),1,,13,"void pusch_noise_intf_est::noiseIntfEstNoDftSOfdmKernel<float, __half, float, float, (unsigned int)2, (unsigned int)1, (unsigned char)4, (unsigned char)4>(pusch_noise_intf_est::puschRxNoiseIntfEstDynDescr)"
1505526027,3008,9951,35,1,1,128,1,1,16,0.000,0.000,,,,,NVIDIA A100-SXM4-40GB MIG 4g.20gb (0),1,,13,cupy_copy__complex64_complex64
1505535787,2016,9960,1,1,1,1,1,1,18,0.000,0.000,,,,,NVIDIA A100-SXM4-40GB MIG 4g.20gb (0),1,,13,cupy_copy__float32_float32
1505564971,1888,9966,,,,,,,,,,0.000,2.119,Device,Pageable,NVIDIA A100-SXM4-40GB MIG 4g.20gb (0),1,,7,[CUDA memcpy Device-to-Host]
1505626122,12928,9977,1434,1,1,128,1,1,16,0.000,0.000,,,,,NVIDIA A100-SXM4-40GB MIG 4g.20gb (0),1,,13,cupy_copy__complex64_complex64
1505653418,2784,9984,103,1,1,128,1,1,16,0.000,0.000,,,,,NVIDIA A100-SXM4-40GB MIG 4g.20gb (0),1,,13,cupy_copy__complex64_complex64
1505673993,2176,9991,35,1,1,128,1,1,16,0.000,0.000,,,,,NVIDIA A100-SXM4-40GB MIG 4g.20gb (0),1,,13,cupy_copy__complex64_complex64
1505692681,1792,9998,1,1,1,1,1,1,18,0.000,0.000,,,,,NVIDIA A100-SXM4-40GB MIG 4g.20gb (0),1,,13,cupy_copy__float32_float32
1505826344,82015,10009,1,1,1,32,32,1,30,0.000,0.000,,,,,NVIDIA A100-SXM4-40GB MIG 4g.20gb (0),1,,13,"void convert_kernel<__half2, float2>(tensor_layout_any, T1 *, tensor_layout_any, const T2 *)"
1505935846,5440,10012,,,,,,,,,,0.094,17223.480,Pinned,Device,NVIDIA A100-SXM4-40GB MIG 4g.20gb (0),1,,13,[CUDA memcpy Host-to-Device]
1505950182,3360,10013,,,,,,,,,,1.547,460304.688,Device,,NVIDIA A100-SXM4-40GB MIG 4g.20gb (0),1,,13,[CUDA memset]
1505957158,3392,10018,,,,,,,,,,0.031,9226.405,Pinned,Device,NVIDIA A100-SXM4-40GB MIG 4g.20gb (0),1,,13,[CUDA memcpy Host-to-Device]
1505963366,9472,10019,,,,,,,,,,0.197,20756.693,Pinned,Device,NVIDIA A100-SXM4-40GB MIG 4g.20gb (0),1,,13,[CUDA memcpy Host-to-Device]
1505977798,9696,10020,273,1,1,8,4,1,39,0.002,0.000,,,,,NVIDIA A100-SXM4-40GB MIG 4g.20gb (0),1,,13,"void channel_eq::eqMmseCoefCompLowMimoKernel<float, float, float, (unsigned int)4, (unsigned int)1, (unsigned int)4>(const channel_eq::_puschRxChEqStatDescr *, channel_eq::_puschRxChEqCoefCompDynDescr)"
1505989670,6047,10021,273,1,1,12,11,1,51,0.002,0.000,,,,,NVIDIA A100-SXM4-40GB MIG 4g.20gb (0),1,,13,"void channel_eq::eqMmseSoftDemapKernel<float, __half, __half, float, (unsigned int)4, (unsigned short)16383>(channel_eq::_puschRxChEqStatDescr *, channel_eq::_puschRxChEqSoftDemapDynDescr)"
1505997957,283005,10022,1,1,1,32,32,1,30,0.000,0.000,,,,,NVIDIA A100-SXM4-40GB MIG 4g.20gb (0),1,,13,"void convert_kernel<float2, __half2>(tensor_layout_any, T1 *, tensor_layout_any, const T2 *)"
1506282018,11040,10034,2253,1,1,128,1,1,16,0.000,0.000,,,,,NVIDIA A100-SXM4-40GB MIG 4g.20gb (0),1,,13,cupy_copy__float16_float16
1506296866,2752,10043,282,1,1,128,1,1,16,0.000,0.000,,,,,NVIDIA A100-SXM4-40GB MIG 4g.20gb (0),1,,13,cupy_copy__complex64_complex64
1506302434,2144,10052,26,1,1,128,1,1,16,0.000,0.000,,,,,NVIDIA A100-SXM4-40GB MIG 4g.20gb (0),1,,13,cupy_copy__float32_float32
1506305602,2976,10061,103,1,1,128,1,1,16,0.000,0.000,,,,,NVIDIA A100-SXM4-40GB MIG 4g.20gb (0),1,,13,cupy_copy__complex64_complex64
1506310466,11935,10071,1434,1,1,128,1,1,16,0.000,0.000,,,,,NVIDIA A100-SXM4-40GB MIG 4g.20gb (0),1,,13,cupy_copy__complex64_complex64
1506327297,85951,10076,1,1,1,32,32,1,30,0.000,0.000,,,,,NVIDIA A100-SXM4-40GB MIG 4g.20gb (0),1,,13,"void convert_kernel<__half2, float2>(tensor_layout_any, T1 *, tensor_layout_any, const T2 *)"
1506440320,6176,10079,,,,,,,,,,0.094,15170.975,Pinned,Device,NVIDIA A100-SXM4-40GB MIG 4g.20gb (0),1,,13,[CUDA memcpy Host-to-Device]
1506452384,598552,10080,,,,,,,,,,456.561,762457.605,Device,,NVIDIA A100-SXM4-40GB MIG 4g.20gb (0),1,,13,[CUDA memset]
1507052216,134207,10085,,,,,,,,,,1.235,9201.568,Pinned,Device,NVIDIA A100-SXM4-40GB MIG 4g.20gb (0),1,,13,[CUDA memcpy Host-to-Device]
1507199095,41791,10086,,,,,,,,,,0.197,4704.436,Pinned,Device,NVIDIA A100-SXM4-40GB MIG 4g.20gb (0),1,,13,[CUDA memcpy Host-to-Device]
1507269302,8096,10087,69,4,1,48,1,1,76,0.002,0.000,,,,,NVIDIA A100-SXM4-40GB MIG 4g.20gb (0),1,,13,"void ch_est::windowedChEstPreNoDftSOfdmKernel<float, __half, float, (unsigned int)2, (unsigned int)1, (unsigned short)4>(ch_est::puschRxChEstStatDescr_t *, ch_est::puschRxChEstDynDescr_t *)"
1507288629,6528,10088,137,2,1,24,2,1,44,0.001,0.001,,,,,NVIDIA A100-SXM4-40GB MIG 4g.20gb (0),1,,13,"void ch_est::chEstFilterNoDftSOfdmDispatchKernel<float, __half, float, (unsigned int)2>(ch_est::puschRxChEstStatDescr_t *, ch_est::puschRxChEstDynDescr_t *)"
1507305493,4672,10089,137,2,1,24,2,1,44,0.001,0.001,,,,,NVIDIA A100-SXM4-40GB MIG 4g.20gb (0),1,,13,"void ch_est::chEstFilterNoDftSOfdmDispatchKernel<float, __half, float, (unsigned int)2>(ch_est::puschRxChEstStatDescr_t *, ch_est::puschRxChEstDynDescr_t *)"
1507322677,2528,10100,103,1,1,128,1,1,16,0.000,0.000,,,,,NVIDIA A100-SXM4-40GB MIG 4g.20gb (0),1,,13,cupy_copy__complex64_complex64
1507338485,12864,10110,1434,1,1,128,1,1,16,0.000,0.000,,,,,NVIDIA A100-SXM4-40GB MIG 4g.20gb (0),1,,13,cupy_copy__complex64_complex64
1507374836,2656,10117,103,1,1,128,1,1,16,0.000,0.000,,,,,NVIDIA A100-SXM4-40GB MIG 4g.20gb (0),1,,13,cupy_copy__complex64_complex64
1507386164,90399,10124,1,1,1,32,32,1,30,0.000,0.000,,,,,NVIDIA A100-SXM4-40GB MIG 4g.20gb (0),1,,13,"void convert_kernel<__half2, float2>(tensor_layout_any, T1 *, tensor_layout_any, const T2 *)"
1507505267,14240,10127,,,,,,,,,,0.094,6579.708,Pinned,Device,NVIDIA A100-SXM4-40GB MIG 4g.20gb (0),1,,13,[CUDA memcpy Host-to-Device]
1507525139,48063,10128,,,,,,,,,,35.810,745061.196,Device,,NVIDIA A100-SXM4-40GB MIG 4g.20gb (0),1,,13,[CUDA memset]
1507578642,5920,10130,,,,,,,,,,0.000,13.513,Pinned,Device,NVIDIA A100-SXM4-40GB MIG 4g.20gb (0),1,,13,[CUDA memcpy Host-to-Device]
1507591602,14624,10131,,,,,,,,,,0.197,13444.055,Pinned,Device,NVIDIA A100-SXM4-40GB MIG 4g.20gb (0),1,,13,[CUDA memcpy Host-to-Device]
1507616753,10080,10132,273,1,1,48,1,1,40,0.000,0.001,,,,,NVIDIA A100-SXM4-40GB MIG 4g.20gb (0),1,,13,"void pusch_noise_intf_est::noiseIntfEstNoDftSOfdmKernel<float, __half, float, float, (unsigned int)2, (unsigned int)1, (unsigned char)4, (unsigned char)4>(pusch_noise_intf_est::puschRxNoiseIntfEstDynDescr)"
1507631025,2752,10143,35,1,1,128,1,1,16,0.000,0.000,,,,,NVIDIA A100-SXM4-40GB MIG 4g.20gb (0),1,,13,cupy_copy__complex64_complex64
1507638897,1856,10152,1,1,1,1,1,1,18,0.000,0.000,,,,,NVIDIA A100-SXM4-40GB MIG 4g.20gb (0),1,,13,cupy_copy__float32_float32
1507659473,2368,10158,,,,,,,,,,0.000,1.689,Device,Pageable,NVIDIA A100-SXM4-40GB MIG 4g.20gb (0),1,,7,[CUDA memcpy Device-to-Host]
1507723312,12832,10169,1434,1,1,128,1,1,16,0.000,0.000,,,,,NVIDIA A100-SXM4-40GB MIG 4g.20gb (0),1,,13,cupy_copy__complex64_complex64
1507749840,3520,10176,103,1,1,128,1,1,16,0.000,0.000,,,,,NVIDIA A100-SXM4-40GB MIG 4g.20gb (0),1,,13,cupy_copy__complex64_complex64
1507769455,2176,10183,35,1,1,128,1,1,16,0.000,0.000,,,,,NVIDIA A100-SXM4-40GB MIG 4g.20gb (0),1,,13,cupy_copy__complex64_complex64
1507787535,1824,10190,1,1,1,1,1,1,18,0.000,0.000,,,,,NVIDIA A100-SXM4-40GB MIG 4g.20gb (0),1,,13,cupy_copy__float32_float32
1507922990,82175,10201,1,1,1,32,32,1,30,0.000,0.000,,,,,NVIDIA A100-SXM4-40GB MIG 4g.20gb (0),1,,13,"void convert_kernel<__half2, float2>(tensor_layout_any, T1 *, tensor_layout_any, const T2 *)"
1508033196,5440,10204,,,,,,,,,,0.094,17223.480,Pinned,Device,NVIDIA A100-SXM4-40GB MIG 4g.20gb (0),1,,13,[CUDA memcpy Host-to-Device]
1508046892,3392,10205,,,,,,,,,,1.547,455961.768,Device,,NVIDIA A100-SXM4-40GB MIG 4g.20gb (0),1,,13,[CUDA memset]
1508054188,4000,10210,,,,,,,,,,0.031,7824.000,Pinned,Device,NVIDIA A100-SXM4-40GB MIG 4g.20gb (0),1,,13,[CUDA memcpy Host-to-Device]
1508060268,9568,10211,,,,,,,,,,0.197,20548.485,Pinned,Device,NVIDIA A100-SXM4-40GB MIG 4g.20gb (0),1,,13,[CUDA memcpy Host-to-Device]
1508075468,6368,10212,273,1,1,8,4,1,39,0.002,0.000,,,,,NVIDIA A100-SXM4-40GB MIG 4g.20gb (0),1,,13,"void channel_eq::eqMmseCoefCompLowMimoKernel<float, float, float, (unsigned int)4, (unsigned int)1, (unsigned int)4>(const channel_eq::_puschRxChEqStatDescr *, channel_eq::_puschRxChEqCoefCompDynDescr)"
1508082828,6144,10213,273,1,1,12,11,1,51,0.002,0.000,,,,,NVIDIA A100-SXM4-40GB MIG 4g.20gb (0),1,,13,"void channel_eq::eqMmseSoftDemapKernel<float, __half, __half, float, (unsigned int)4, (unsigned short)16383>(channel_eq::_puschRxChEqStatDescr *, channel_eq::_puschRxChEqSoftDemapDynDescr)"
1508090060,282012,10214,1,1,1,32,32,1,30,0.000,0.000,,,,,NVIDIA A100-SXM4-40GB MIG 4g.20gb (0),1,,13,"void convert_kernel<float2, __half2>(tensor_layout_any, T1 *, tensor_layout_any, const T2 *)"
1508373128,10976,10226,2253,1,1,128,1,1,16,0.000,0.000,,,,,NVIDIA A100-SXM4-40GB MIG 4g.20gb (0),1,,13,cupy_copy__float16_float16
1508388392,3520,10235,282,1,1,128,1,1,16,0.000,0.000,,,,,NVIDIA A100-SXM4-40GB MIG 4g.20gb (0),1,,13,cupy_copy__complex64_complex64
1508394664,2368,10244,26,1,1,128,1,1,16,0.000,0.000,,,,,NVIDIA A100-SXM4-40GB MIG 4g.20gb (0),1,,13,cupy_copy__float32_float32
1508399048,3104,10253,103,1,1,128,1,1,16,0.000,0.000,,,,,NVIDIA A100-SXM4-40GB MIG 4g.20gb (0),1,,13,cupy_copy__complex64_complex64
1508405128,12063,10263,1434,1,1,128,1,1,16,0.000,0.000,,,,,NVIDIA A100-SXM4-40GB MIG 4g.20gb (0),1,,13,cupy_copy__complex64_complex64
1508424071,82047,10268,1,1,1,32,32,1,30,0.000,0.000,,,,,NVIDIA A100-SXM4-40GB MIG 4g.20gb (0),1,,13,"void convert_kernel<__half2, float2>(tensor_layout_any, T1 *, tensor_layout_any, const T2 *)"
1508532998,5824,10271,,,,,,,,,,0.094,16087.884,Pinned,Device,NVIDIA A100-SXM4-40GB MIG 4g.20gb (0),1,,13,[CUDA memcpy Host-to-Device]
1508544710,597336,10272,,,,,,,,,,456.561,764283.851,Device,,NVIDIA A100-SXM4-40GB MIG 4g.20gb (0),1,,13,[CUDA memset]
1509147518,157790,10277,,,,,,,,,,1.235,7825.840,Pinned,Device,NVIDIA A100-SXM4-40GB MIG 4g.20gb (0),1,,13,[CUDA memcpy Host-to-Device]
1509316476,37728,10278,,,,,,,,,,0.197,5211.095,Pinned,Device,NVIDIA A100-SXM4-40GB MIG 4g.20gb (0),1,,13,[CUDA memcpy Host-to-Device]
1509378876,8063,10279,69,4,1,48,1,1,76,0.002,0.000,,,,,NVIDIA A100-SXM4-40GB MIG 4g.20gb (0),1,,13,"void ch_est::windowedChEstPreNoDftSOfdmKernel<float, __half, float, (unsigned int)2, (unsigned int)1, (unsigned short)4>(ch_est::puschRxChEstStatDescr_t *, ch_est::puschRxChEstDynDescr_t *)"
1509398523,6752,10280,137,2,1,24,2,1,44,0.001,0.001,,,,,NVIDIA A100-SXM4-40GB MIG 4g.20gb (0),1,,13,"void ch_est::chEstFilterNoDftSOfdmDispatchKernel<float, __half, float, (unsigned int)2>(ch_est::puschRxChEstStatDescr_t *, ch_est::puschRxChEstDynDescr_t *)"
1509415355,4768,10281,137,2,1,24,2,1,44,0.001,0.001,,,,,NVIDIA A100-SXM4-40GB MIG 4g.20gb (0),1,,13,"void ch_est::chEstFilterNoDftSOfdmDispatchKernel<float, __half, float, (unsigned int)2>(ch_est::puschRxChEstStatDescr_t *, ch_est::puschRxChEstDynDescr_t *)"
1509432635,2656,10292,103,1,1,128,1,1,16,0.000,0.000,,,,,NVIDIA A100-SXM4-40GB MIG 4g.20gb (0),1,,13,cupy_copy__complex64_complex64
1509448987,12320,10302,1434,1,1,128,1,1,16,0.000,0.000,,,,,NVIDIA A100-SXM4-40GB MIG 4g.20gb (0),1,,13,cupy_copy__complex64_complex64
1509470874,3072,10309,103,1,1,128,1,1,16,0.000,0.000,,,,,NVIDIA A100-SXM4-40GB MIG 4g.20gb (0),1,,13,cupy_copy__complex64_complex64
1509495258,83679,10316,1,1,1,32,32,1,30,0.000,0.000,,,,,NVIDIA A100-SXM4-40GB MIG 4g.20gb (0),1,,13,"void convert_kernel<__half2, float2>(tensor_layout_any, T1 *, tensor_layout_any, const T2 *)"
1509613241,23359,10319,,,,,,,,,,0.094,4011.126,Pinned,Device,NVIDIA A100-SXM4-40GB MIG 4g.20gb (0),1,,13,[CUDA memcpy Host-to-Device]
1509653528,47008,10320,,,,,,,,,,35.810,761748.618,Device,,NVIDIA A100-SXM4-40GB MIG 4g.20gb (0),1,,13,[CUDA memset]
1509703480,9023,10322,,,,,,,,,,0.000,8.866,Pinned,Device,NVIDIA A100-SXM4-40GB MIG 4g.20gb (0),1,,13,[CUDA memcpy Host-to-Device]
1509718871,20768,10323,,,,,,,,,,0.197,9466.872,Pinned,Device,NVIDIA A100-SXM4-40GB MIG 4g.20gb (0),1,,13,[CUDA memcpy Host-to-Device]
1509749271,13152,10324,273,1,1,48,1,1,40,0.000,0.001,,,,,NVIDIA A100-SXM4-40GB MIG 4g.20gb (0),1,,13,"void pusch_noise_intf_est::noiseIntfEstNoDftSOfdmKernel<float, __half, float, float, (unsigned int)2, (unsigned int)1, (unsigned char)4, (unsigned char)4>(pusch_noise_intf_est::puschRxNoiseIntfEstDynDescr)"
1509764823,3136,10335,35,1,1,128,1,1,16,0.000,0.000,,,,,NVIDIA A100-SXM4-40GB MIG 4g.20gb (0),1,,13,cupy_copy__complex64_complex64
1509772439,2112,10344,1,1,1,1,1,1,18,0.000,0.000,,,,,NVIDIA A100-SXM4-40GB MIG 4g.20gb (0),1,,13,cupy_copy__float32_float32
1509781239,3296,10350,,,,,,,,,,0.000,1.214,Device,Pageable,NVIDIA A100-SXM4-40GB MIG 4g.20gb (0),1,,7,[CUDA memcpy Device-to-Host]
1509855734,13023,10361,1434,1,1,128,1,1,16,0.000,0.000,,,,,NVIDIA A100-SXM4-40GB MIG 4g.20gb (0),1,,13,cupy_copy__complex64_complex64
1509880949,2720,10368,103,1,1,128,1,1,16,0.000,0.000,,,,,NVIDIA A100-SXM4-40GB MIG 4g.20gb (0),1,,13,cupy_copy__complex64_complex64
1509904373,2688,10375,35,1,1,128,1,1,16,0.000,0.000,,,,,NVIDIA A100-SXM4-40GB MIG 4g.20gb (0),1,,13,cupy_copy__complex64_complex64
1509920117,1792,10382,1,1,1,1,1,1,18,0.000,0.000,,,,,NVIDIA A100-SXM4-40GB MIG 4g.20gb (0),1,,13,cupy_copy__float32_float32
1510047539,87039,10393,1,1,1,32,32,1,30,0.000,0.000,,,,,NVIDIA A100-SXM4-40GB MIG 4g.20gb (0),1,,13,"void convert_kernel<__half2, float2>(tensor_layout_any, T1 *, tensor_layout_any, const T2 *)"
1510162258,5728,10396,,,,,,,,,,0.094,16357.541,Pinned,Device,NVIDIA A100-SXM4-40GB MIG 4g.20gb (0),1,,13,[CUDA memcpy Host-to-Device]
1510177138,3424,10397,,,,,,,,,,1.547,451700.819,Device,,NVIDIA A100-SXM4-40GB MIG 4g.20gb (0),1,,13,[CUDA memset]
1510183538,3328,10402,,,,,,,,,,0.031,9403.822,Pinned,Device,NVIDIA A100-SXM4-40GB MIG 4g.20gb (0),1,,13,[CUDA memcpy Host-to-Device]
1510189714,10175,10403,,,,,,,,,,0.197,19322.634,Pinned,Device,NVIDIA A100-SXM4-40GB MIG 4g.20gb (0),1,,13,[CUDA memcpy Host-to-Device]
1510204817,6208,10404,273,1,1,8,4,1,39,0.002,0.000,,,,,NVIDIA A100-SXM4-40GB MIG 4g.20gb (0),1,,13,"void channel_eq::eqMmseCoefCompLowMimoKernel<float, float, float, (unsigned int)4, (unsigned int)1, (unsigned int)4>(const channel_eq::_puschRxChEqStatDescr *, channel_eq::_puschRxChEqCoefCompDynDescr)"
1510211985,6240,10405,273,1,1,12,11,1,51,0.002,0.000,,,,,NVIDIA A100-SXM4-40GB MIG 4g.20gb (0),1,,13,"void channel_eq::eqMmseSoftDemapKernel<float, __half, __half, float, (unsigned int)4, (unsigned short)16383>(channel_eq::_puschRxChEqStatDescr *, channel_eq::_puschRxChEqSoftDemapDynDescr)"
1510219441,282301,10406,1,1,1,32,32,1,30,0.000,0.000,,,,,NVIDIA A100-SXM4-40GB MIG 4g.20gb (0),1,,13,"void convert_kernel<float2, __half2>(tensor_layout_any, T1 *, tensor_layout_any, const T2 *)"
1510503662,10783,10418,2253,1,1,128,1,1,16,0.000,0.000,,,,,NVIDIA A100-SXM4-40GB MIG 4g.20gb (0),1,,13,cupy_copy__float16_float16
1510517677,2656,10427,282,1,1,128,1,1,16,0.000,0.000,,,,,NVIDIA A100-SXM4-40GB MIG 4g.20gb (0),1,,13,cupy_copy__complex64_complex64
1510521581,2272,10436,26,1,1,128,1,1,16,0.000,0.000,,,,,NVIDIA A100-SXM4-40GB MIG 4g.20gb (0),1,,13,cupy_copy__float32_float32
1510525069,3200,10445,103,1,1,128,1,1,16,0.000,0.000,,,,,NVIDIA A100-SXM4-40GB MIG 4g.20gb (0),1,,13,cupy_copy__complex64_complex64
1510529581,12352,10455,1434,1,1,128,1,1,16,0.000,0.000,,,,,NVIDIA A100-SXM4-40GB MIG 4g.20gb (0),1,,13,cupy_copy__complex64_complex64
1510551309,87199,10460,1,1,1,32,32,1,30,0.000,0.000,,,,,NVIDIA A100-SXM4-40GB MIG 4g.20gb (0),1,,13,"void convert_kernel<__half2, float2>(tensor_layout_any, T1 *, tensor_layout_any, const T2 *)"
1510665708,6016,10463,,,,,,,,,,0.094,15574.430,Pinned,Device,NVIDIA A100-SXM4-40GB MIG 4g.20gb (0),1,,13,[CUDA memcpy Host-to-Device]
1510676491,596633,10464,,,,,,,,,,456.561,765196.973,Device,,NVIDIA A100-SXM4-40GB MIG 4g.20gb (0),1,,13,[CUDA memset]
1511279332,148318,10469,,,,,,,,,,1.235,8325.992,Pinned,Device,NVIDIA A100-SXM4-40GB MIG 4g.20gb (0),1,,13,[CUDA memcpy Host-to-Device]
1511437442,31744,10470,,,,,,,,,,0.197,6193.545,Pinned,Device,NVIDIA A100-SXM4-40GB MIG 4g.20gb (0),1,,13,[CUDA memcpy Host-to-Device]
1511489665,8064,10471,69,4,1,48,1,1,76,0.002,0.000,,,,,NVIDIA A100-SXM4-40GB MIG 4g.20gb (0),1,,13,"void ch_est::windowedChEstPreNoDftSOfdmKernel<float, __half, float, (unsigned int)2, (unsigned int)1, (unsigned short)4>(ch_est::puschRxChEstStatDescr_t *, ch_est::puschRxChEstDynDescr_t *)"
1511505793,6624,10472,137,2,1,24,2,1,44,0.001,0.001,,,,,NVIDIA A100-SXM4-40GB MIG 4g.20gb (0),1,,13,"void ch_est::chEstFilterNoDftSOfdmDispatchKernel<float, __half, float, (unsigned int)2>(ch_est::puschRxChEstStatDescr_t *, ch_est::puschRxChEstDynDescr_t *)"
1511521473,4736,10473,137,2,1,24,2,1,44,0.001,0.001,,,,,NVIDIA A100-SXM4-40GB MIG 4g.20gb (0),1,,13,"void ch_est::chEstFilterNoDftSOfdmDispatchKernel<float, __half, float, (unsigned int)2>(ch_est::puschRxChEstStatDescr_t *, ch_est::puschRxChEstDynDescr_t *)"
1511545025,2656,10484,103,1,1,128,1,1,16,0.000,0.000,,,,,NVIDIA A100-SXM4-40GB MIG 4g.20gb (0),1,,13,cupy_copy__complex64_complex64
1511560833,12959,10494,1434,1,1,128,1,1,16,0.000,0.000,,,,,NVIDIA A100-SXM4-40GB MIG 4g.20gb (0),1,,13,cupy_copy__complex64_complex64
1511588672,2560,10501,103,1,1,128,1,1,16,0.000,0.000,,,,,NVIDIA A100-SXM4-40GB MIG 4g.20gb (0),1,,13,cupy_copy__complex64_complex64
1511603904,88031,10508,1,1,1,32,32,1,30,0.000,0.000,,,,,NVIDIA A100-SXM4-40GB MIG 4g.20gb (0),1,,13,"void convert_kernel<__half2, float2>(tensor_layout_any, T1 *, tensor_layout_any, const T2 *)"
1511724990,23936,10511,,,,,,,,,,0.094,3914.431,Pinned,Device,NVIDIA A100-SXM4-40GB MIG 4g.20gb (0),1,,13,[CUDA memcpy Host-to-Device]
1511762942,46271,10512,,,,,,,,,,35.810,773888.181,Device,,NVIDIA A100-SXM4-40GB MIG 4g.20gb (0),1,,13,[CUDA memset]
1511816925,9088,10514,,,,,,,,,,0.000,8.803,Pinned,Device,NVIDIA A100-SXM4-40GB MIG 4g.20gb (0),1,,13,[CUDA memcpy Host-to-Device]
1511836957,28896,10515,,,,,,,,,,0.197,6803.816,Pinned,Device,NVIDIA A100-SXM4-40GB MIG 4g.20gb (0),1,,13,[CUDA memcpy Host-to-Device]
1511899868,10048,10516,273,1,1,48,1,1,40,0.000,0.001,,,,,NVIDIA A100-SXM4-40GB MIG 4g.20gb (0),1,,13,"void pusch_noise_intf_est::noiseIntfEstNoDftSOfdmKernel<float, __half, float, float, (unsigned int)2, (unsigned int)1, (unsigned char)4, (unsigned char)4>(pusch_noise_intf_est::puschRxNoiseIntfEstDynDescr)"
1511916412,2784,10527,35,1,1,128,1,1,16,0.000,0.000,,,,,NVIDIA A100-SXM4-40GB MIG 4g.20gb (0),1,,13,cupy_copy__complex64_complex64
1511933372,1664,10536,1,1,1,1,1,1,18,0.000,0.000,,,,,NVIDIA A100-SXM4-40GB MIG 4g.20gb (0),1,,13,cupy_copy__float32_float32
1511940508,4480,10542,,,,,,,,,,0.000,0.893,Device,Pageable,NVIDIA A100-SXM4-40GB MIG 4g.20gb (0),1,,7,[CUDA memcpy Device-to-Host]
1512037883,12767,10553,1434,1,1,128,1,1,16,0.000,0.000,,,,,NVIDIA A100-SXM4-40GB MIG 4g.20gb (0),1,,13,cupy_copy__complex64_complex64
1512059866,3328,10560,103,1,1,128,1,1,16,0.000,0.000,,,,,NVIDIA A100-SXM4-40GB MIG 4g.20gb (0),1,,13,cupy_copy__complex64_complex64
1512077178,2560,10567,35,1,1,128,1,1,16,0.000,0.000,,,,,NVIDIA A100-SXM4-40GB MIG 4g.20gb (0),1,,13,cupy_copy__complex64_complex64
1512090682,1952,10574,1,1,1,1,1,1,18,0.000,0.000,,,,,NVIDIA A100-SXM4-40GB MIG 4g.20gb (0),1,,13,cupy_copy__float32_float32
1512224984,87071,10585,1,1,1,32,32,1,30,0.000,0.000,,,,,NVIDIA A100-SXM4-40GB MIG 4g.20gb (0),1,,13,"void convert_kernel<__half2, float2>(tensor_layout_any, T1 *, tensor_layout_any, const T2 *)"
1512341111,13248,10588,,,,,,,,,,0.094,7072.455,Pinned,Device,NVIDIA A100-SXM4-40GB MIG 4g.20gb (0),1,,13,[CUDA memcpy Host-to-Device]
1512366263,3487,10589,,,,,,,,,,1.547,443539.284,Device,,NVIDIA A100-SXM4-40GB MIG 4g.20gb (0),1,,13,[CUDA memset]
1512371606,3104,10594,,,,,,,,,,0.031,10082.445,Pinned,Device,NVIDIA A100-SXM4-40GB MIG 4g.20gb (0),1,,13,[CUDA memcpy Host-to-Device]
1512377590,14432,10595,,,,,,,,,,0.197,13622.968,Pinned,Device,NVIDIA A100-SXM4-40GB MIG 4g.20gb (0),1,,13,[CUDA memcpy Host-to-Device]
1512408374,8128,10596,273,1,1,8,4,1,39,0.002,0.000,,,,,NVIDIA A100-SXM4-40GB MIG 4g.20gb (0),1,,13,"void channel_eq::eqMmseCoefCompLowMimoKernel<float, float, float, (unsigned int)4, (unsigned int)1, (unsigned int)4>(const channel_eq::_puschRxChEqStatDescr *, channel_eq::_puschRxChEqCoefCompDynDescr)"
1512422678,7488,10597,273,1,1,12,11,1,51,0.002,0.000,,,,,NVIDIA A100-SXM4-40GB MIG 4g.20gb (0),1,,13,"void channel_eq::eqMmseSoftDemapKernel<float, __half, __half, float, (unsigned int)4, (unsigned short)16383>(channel_eq::_puschRxChEqStatDescr *, channel_eq::_puschRxChEqSoftDemapDynDescr)"
1512435094,290076,10598,1,1,1,32,32,1,30,0.000,0.000,,,,,NVIDIA A100-SXM4-40GB MIG 4g.20gb (0),1,,13,"void convert_kernel<float2, __half2>(tensor_layout_any, T1 *, tensor_layout_any, const T2 *)"
1512728018,10592,10610,2253,1,1,128,1,1,16,0.000,0.000,,,,,NVIDIA A100-SXM4-40GB MIG 4g.20gb (0),1,,13,cupy_copy__float16_float16
1512740786,3072,10619,282,1,1,128,1,1,16,0.000,0.000,,,,,NVIDIA A100-SXM4-40GB MIG 4g.20gb (0),1,,13,cupy_copy__complex64_complex64
1512745362,2112,10628,26,1,1,128,1,1,16,0.000,0.000,,,,,NVIDIA A100-SXM4-40GB MIG 4g.20gb (0),1,,13,cupy_copy__float32_float32
1512748498,3072,10637,103,1,1,128,1,1,16,0.000,0.000,,,,,NVIDIA A100-SXM4-40GB MIG 4g.20gb (0),1,,13,cupy_copy__complex64_complex64
1512754130,11904,10647,1434,1,1,128,1,1,16,0.000,0.000,,,,,NVIDIA A100-SXM4-40GB MIG 4g.20gb (0),1,,13,cupy_copy__complex64_complex64
1512770162,88542,10652,1,1,1,32,32,1,30,0.000,0.000,,,,,NVIDIA A100-SXM4-40GB MIG 4g.20gb (0),1,,13,"void convert_kernel<__half2, float2>(tensor_layout_any, T1 *, tensor_layout_any, const T2 *)"
1512885936,5440,10655,,,,,,,,,,0.094,17223.480,Pinned,Device,NVIDIA A100-SXM4-40GB MIG 4g.20gb (0),1,,13,[CUDA memcpy Host-to-Device]
1512895824,600633,10656,,,,,,,,,,456.561,759718.236,Device,,NVIDIA A100-SXM4-40GB MIG 4g.20gb (0),1,,13,[CUDA memset]
1513503432,77759,10661,,,,,,,,,,1.235,15881.380,Pinned,Device,NVIDIA A100-SXM4-40GB MIG 4g.20gb (0),1,,13,[CUDA memcpy Host-to-Device]
1513587719,17728,10662,,,,,,,,,,0.197,11090.067,Pinned,Device,NVIDIA A100-SXM4-40GB MIG 4g.20gb (0),1,,13,[CUDA memcpy Host-to-Device]
1513621543,8160,10663,69,4,1,48,1,1,76,0.002,0.000,,,,,NVIDIA A100-SXM4-40GB MIG 4g.20gb (0),1,,13,"void ch_est::windowedChEstPreNoDftSOfdmKernel<float, __half, float, (unsigned int)2, (unsigned int)1, (unsigned short)4>(ch_est::puschRxChEstStatDescr_t *, ch_est::puschRxChEstDynDescr_t *)"
1513638503,7200,10664,137,2,1,24,2,1,44,0.001,0.001,,,,,NVIDIA A100-SXM4-40GB MIG 4g.20gb (0),1,,13,"void ch_est::chEstFilterNoDftSOfdmDispatchKernel<float, __half, float, (unsigned int)2>(ch_est::puschRxChEstStatDescr_t *, ch_est::puschRxChEstDynDescr_t *)"
1513654407,4992,10665,137,2,1,24,2,1,44,0.001,0.001,,,,,NVIDIA A100-SXM4-40GB MIG 4g.20gb (0),1,,13,"void ch_est::chEstFilterNoDftSOfdmDispatchKernel<float, __half, float, (unsigned int)2>(ch_est::puschRxChEstStatDescr_t *, ch_est::puschRxChEstDynDescr_t *)"
1513664454,2752,10676,103,1,1,128,1,1,16,0.000,0.000,,,,,NVIDIA A100-SXM4-40GB MIG 4g.20gb (0),1,,13,cupy_copy__complex64_complex64
1513672262,12640,10686,1434,1,1,128,1,1,16,0.000,0.000,,,,,NVIDIA A100-SXM4-40GB MIG 4g.20gb (0),1,,13,cupy_copy__complex64_complex64
1513689830,2752,10693,103,1,1,128,1,1,16,0.000,0.000,,,,,NVIDIA A100-SXM4-40GB MIG 4g.20gb (0),1,,13,cupy_copy__complex64_complex64
1513698854,88895,10700,1,1,1,32,32,1,30,0.000,0.000,,,,,NVIDIA A100-SXM4-40GB MIG 4g.20gb (0),1,,13,"void convert_kernel<__half2, float2>(tensor_layout_any, T1 *, tensor_layout_any, const T2 *)"
1513816869,7135,10703,,,,,,,,,,0.094,13131.869,Pinned,Device,NVIDIA A100-SXM4-40GB MIG 4g.20gb (0),1,,13,[CUDA memcpy Host-to-Device]
1513832388,46880,10704,,,,,,,,,,35.810,763861.404,Device,,NVIDIA A100-SXM4-40GB MIG 4g.20gb (0),1,,13,[CUDA memset]
1513883588,3520,10706,,,,,,,,,,0.000,22.727,Pinned,Device,NVIDIA A100-SXM4-40GB MIG 4g.20gb (0),1,,13,[CUDA memcpy Host-to-Device]
1513891108,12511,10707,,,,,,,,,,0.197,15714.681,Pinned,Device,NVIDIA A100-SXM4-40GB MIG 4g.20gb (0),1,,13,[CUDA memcpy Host-to-Device]
1513910947,10304,10708,273,1,1,48,1,1,40,0.000,0.001,,,,,NVIDIA A100-SXM4-40GB MIG 4g.20gb (0),1,,13,"void pusch_noise_intf_est::noiseIntfEstNoDftSOfdmKernel<float, __half, float, float, (unsigned int)2, (unsigned int)1, (unsigned char)4, (unsigned char)4>(pusch_noise_intf_est::puschRxNoiseIntfEstDynDescr)"
1513922499,3328,10719,35,1,1,128,1,1,16,0.000,0.000,,,,,NVIDIA A100-SXM4-40GB MIG 4g.20gb (0),1,,13,cupy_copy__complex64_complex64
1513936067,1792,10728,1,1,1,1,1,1,18,0.000,0.000,,,,,NVIDIA A100-SXM4-40GB MIG 4g.20gb (0),1,,13,cupy_copy__float32_float32
1513969379,1568,10734,,,,,,,,,,0.000,2.551,Device,Pageable,NVIDIA A100-SXM4-40GB MIG 4g.20gb (0),1,,7,[CUDA memcpy Device-to-Host]
1514030306,13248,10745,1434,1,1,128,1,1,16,0.000,0.000,,,,,NVIDIA A100-SXM4-40GB MIG 4g.20gb (0),1,,13,cupy_copy__complex64_complex64
1514056386,3424,10752,103,1,1,128,1,1,16,0.000,0.000,,,,,NVIDIA A100-SXM4-40GB MIG 4g.20gb (0),1,,13,cupy_copy__complex64_complex64
1514078369,2528,10759,35,1,1,128,1,1,16,0.000,0.000,,,,,NVIDIA A100-SXM4-40GB MIG 4g.20gb (0),1,,13,cupy_copy__complex64_complex64
1514094593,1792,10766,1,1,1,1,1,1,18,0.000,0.000,,,,,NVIDIA A100-SXM4-40GB MIG 4g.20gb (0),1,,13,cupy_copy__float32_float32
1514227231,82431,10777,1,1,1,32,32,1,30,0.000,0.000,,,,,NVIDIA A100-SXM4-40GB MIG 4g.20gb (0),1,,13,"void convert_kernel<__half2, float2>(tensor_layout_any, T1 *, tensor_layout_any, const T2 *)"
1514337086,5792,10780,,,,,,,,,,0.094,16176.708,Pinned,Device,NVIDIA A100-SXM4-40GB MIG 4g.20gb (0),1,,13,[CUDA memcpy Host-to-Device]
1514351742,3616,10781,,,,,,,,,,1.547,427715.774,Device,,NVIDIA A100-SXM4-40GB MIG 4g.20gb (0),1,,13,[CUDA memset]
1514358654,3424,10786,,,,,,,,,,0.031,9140.185,Pinned,Device,NVIDIA A100-SXM4-40GB MIG 4g.20gb (0),1,,13,[CUDA memcpy Host-to-Device]
1514365054,9440,10787,,,,,,,,,,0.197,20827.079,Pinned,Device,NVIDIA A100-SXM4-40GB MIG 4g.20gb (0),1,,13,[CUDA memcpy Host-to-Device]
1514379166,6400,10788,273,1,1,8,4,1,39,0.002,0.000,,,,,NVIDIA A100-SXM4-40GB MIG 4g.20gb (0),1,,13,"void channel_eq::eqMmseCoefCompLowMimoKernel<float, float, float, (unsigned int)4, (unsigned int)1, (unsigned int)4>(const channel_eq::_puschRxChEqStatDescr *, channel_eq::_puschRxChEqCoefCompDynDescr)"
1514387485,5632,10789,273,1,1,12,11,1,51,0.002,0.000,,,,,NVIDIA A100-SXM4-40GB MIG 4g.20gb (0),1,,13,"void channel_eq::eqMmseSoftDemapKernel<float, __half, __half, float, (unsigned int)4, (unsigned short)16383>(channel_eq::_puschRxChEqStatDescr *, channel_eq::_puschRxChEqSoftDemapDynDescr)"
1514395197,294845,10790,1,1,1,32,32,1,30,0.000,0.000,,,,,NVIDIA A100-SXM4-40GB MIG 4g.20gb (0),1,,13,"void convert_kernel<float2, __half2>(tensor_layout_any, T1 *, tensor_layout_any, const T2 *)"
1514691322,11040,10802,2253,1,1,128,1,1,16,0.000,0.000,,,,,NVIDIA A100-SXM4-40GB MIG 4g.20gb (0),1,,13,cupy_copy__float16_float16
1514704442,3584,10811,282,1,1,128,1,1,16,0.000,0.000,,,,,NVIDIA A100-SXM4-40GB MIG 4g.20gb (0),1,,13,cupy_copy__complex64_complex64
1514709530,2239,10820,26,1,1,128,1,1,16,0.000,0.000,,,,,NVIDIA A100-SXM4-40GB MIG 4g.20gb (0),1,,13,cupy_copy__float32_float32
1514715833,3264,10829,103,1,1,128,1,1,16,0.000,0.000,,,,,NVIDIA A100-SXM4-40GB MIG 4g.20gb (0),1,,13,cupy_copy__complex64_complex64
1514721753,12000,10839,1434,1,1,128,1,1,16,0.000,0.000,,,,,NVIDIA A100-SXM4-40GB MIG 4g.20gb (0),1,,13,cupy_copy__complex64_complex64
1514738169,87679,10844,1,1,1,32,32,1,30,0.000,0.000,,,,,NVIDIA A100-SXM4-40GB MIG 4g.20gb (0),1,,13,"void convert_kernel<__half2, float2>(tensor_layout_any, T1 *, tensor_layout_any, const T2 *)"
1514860568,5600,10847,,,,,,,,,,0.094,16731.388,Pinned,Device,NVIDIA A100-SXM4-40GB MIG 4g.20gb (0),1,,13,[CUDA memcpy Host-to-Device]
1514870488,598104,10848,,,,,,,,,,456.561,762914.166,Device,,NVIDIA A100-SXM4-40GB MIG 4g.20gb (0),1,,13,[CUDA memset]
1515474704,143166,10853,,,,,,,,,,1.235,8624.849,Pinned,Device,NVIDIA A100-SXM4-40GB MIG 4g.20gb (0),1,,13,[CUDA memcpy Host-to-Device]
1515628718,30816,10854,,,,,,,,,,0.197,6379.930,Pinned,Device,NVIDIA A100-SXM4-40GB MIG 4g.20gb (0),1,,13,[CUDA memcpy Host-to-Device]
1515671342,8255,10855,69,4,1,48,1,1,76,0.002,0.000,,,,,NVIDIA A100-SXM4-40GB MIG 4g.20gb (0),1,,13,"void ch_est::windowedChEstPreNoDftSOfdmKernel<float, __half, float, (unsigned int)2, (unsigned int)1, (unsigned short)4>(ch_est::puschRxChEstStatDescr_t *, ch_est::puschRxChEstDynDescr_t *)"
1515690605,6272,10856,137,2,1,24,2,1,44,0.001,0.001,,,,,NVIDIA A100-SXM4-40GB MIG 4g.20gb (0),1,,13,"void ch_est::chEstFilterNoDftSOfdmDispatchKernel<float, __half, float, (unsigned int)2>(ch_est::puschRxChEstStatDescr_t *, ch_est::puschRxChEstDynDescr_t *)"
1515698541,6368,10857,137,2,1,24,2,1,44,0.001,0.001,,,,,NVIDIA A100-SXM4-40GB MIG 4g.20gb (0),1,,13,"void ch_est::chEstFilterNoDftSOfdmDispatchKernel<float, __half, float, (unsigned int)2>(ch_est::puschRxChEstStatDescr_t *, ch_est::puschRxChEstDynDescr_t *)"
1515707405,2528,10868,103,1,1,128,1,1,16,0.000,0.000,,,,,NVIDIA A100-SXM4-40GB MIG 4g.20gb (0),1,,13,cupy_copy__complex64_complex64
1515715789,12960,10878,1434,1,1,128,1,1,16,0.000,0.000,,,,,NVIDIA A100-SXM4-40GB MIG 4g.20gb (0),1,,13,cupy_copy__complex64_complex64
1515731181,3200,10885,103,1,1,128,1,1,16,0.000,0.000,,,,,NVIDIA A100-SXM4-40GB MIG 4g.20gb (0),1,,13,cupy_copy__complex64_complex64
1515739149,87071,10892,1,1,1,32,32,1,30,0.000,0.000,,,,,NVIDIA A100-SXM4-40GB MIG 4g.20gb (0),1,,13,"void convert_kernel<__half2, float2>(tensor_layout_any, T1 *, tensor_layout_any, const T2 *)"
1515857291,9440,10895,,,,,,,,,,0.094,9925.405,Pinned,Device,NVIDIA A100-SXM4-40GB MIG 4g.20gb (0),1,,13,[CUDA memcpy Host-to-Device]
1515871851,47840,10896,,,,,,,,,,35.810,748534.758,Device,,NVIDIA A100-SXM4-40GB MIG 4g.20gb (0),1,,13,[CUDA memset]
1515923818,4704,10898,,,,,,,,,,0.000,17.007,Pinned,Device,NVIDIA A100-SXM4-40GB MIG 4g.20gb (0),1,,13,[CUDA memcpy Host-to-Device]
1515936362,17312,10899,,,,,,,,,,0.197,11356.668,Pinned,Device,NVIDIA A100-SXM4-40GB MIG 4g.20gb (0),1,,13,[CUDA memcpy Host-to-Device]
1515975338,9632,10900,273,1,1,48,1,1,40,0.000,0.001,,,,,NVIDIA A100-SXM4-40GB MIG 4g.20gb (0),1,,13,"void pusch_noise_intf_est::noiseIntfEstNoDftSOfdmKernel<float, __half, float, float, (unsigned int)2, (unsigned int)1, (unsigned char)4, (unsigned char)4>(pusch_noise_intf_est::puschRxNoiseIntfEstDynDescr)"
1515995434,2592,10911,35,1,1,128,1,1,16,0.000,0.000,,,,,NVIDIA A100-SXM4-40GB MIG 4g.20gb (0),1,,13,cupy_copy__complex64_complex64
1516005993,1728,10920,1,1,1,1,1,1,18,0.000,0.000,,,,,NVIDIA A100-SXM4-40GB MIG 4g.20gb (0),1,,13,cupy_copy__float32_float32
1516012073,3872,10926,,,,,,,,,,0.000,1.033,Device,Pageable,NVIDIA A100-SXM4-40GB MIG 4g.20gb (0),1,,7,[CUDA memcpy Device-to-Host]
1516095592,13056,10937,1434,1,1,128,1,1,16,0.000,0.000,,,,,NVIDIA A100-SXM4-40GB MIG 4g.20gb (0),1,,13,cupy_copy__complex64_complex64
1516124808,2816,10944,103,1,1,128,1,1,16,0.000,0.000,,,,,NVIDIA A100-SXM4-40GB MIG 4g.20gb (0),1,,13,cupy_copy__complex64_complex64
1516145128,2688,10951,35,1,1,128,1,1,16,0.000,0.000,,,,,NVIDIA A100-SXM4-40GB MIG 4g.20gb (0),1,,13,cupy_copy__complex64_complex64
1516155432,1792,10958,1,1,1,1,1,1,18,0.000,0.000,,,,,NVIDIA A100-SXM4-40GB MIG 4g.20gb (0),1,,13,cupy_copy__float32_float32
1516285030,86911,10969,1,1,1,32,32,1,30,0.000,0.000,,,,,NVIDIA A100-SXM4-40GB MIG 4g.20gb (0),1,,13,"void convert_kernel<__half2, float2>(tensor_layout_any, T1 *, tensor_layout_any, const T2 *)"
1516398981,5376,10972,,,,,,,,,,0.094,17428.487,Pinned,Device,NVIDIA A100-SXM4-40GB MIG 4g.20gb (0),1,,13,[CUDA memcpy Host-to-Device]
1516415492,3232,10973,,,,,,,,,,1.547,478533.199,Device,,NVIDIA A100-SXM4-40GB MIG 4g.20gb (0),1,,13,[CUDA memset]
1516420100,3392,10978,,,,,,,,,,0.031,9226.405,Pinned,Device,NVIDIA A100-SXM4-40GB MIG 4g.20gb (0),1,,13,[CUDA memcpy Host-to-Device]
1516425924,9952,10979,,,,,,,,,,0.197,19755.565,Pinned,Device,NVIDIA A100-SXM4-40GB MIG 4g.20gb (0),1,,13,[CUDA memcpy Host-to-Device]
1516443076,6080,10980,273,1,1,8,4,1,39,0.002,0.000,,,,,NVIDIA A100-SXM4-40GB MIG 4g.20gb (0),1,,13,"void channel_eq::eqMmseCoefCompLowMimoKernel<float, float, float, (unsigned int)4, (unsigned int)1, (unsigned int)4>(const channel_eq::_puschRxChEqStatDescr *, channel_eq::_puschRxChEqCoefCompDynDescr)"
1516451716,5792,10981,273,1,1,12,11,1,51,0.002,0.000,,,,,NVIDIA A100-SXM4-40GB MIG 4g.20gb (0),1,,13,"void channel_eq::eqMmseSoftDemapKernel<float, __half, __half, float, (unsigned int)4, (unsigned short)16383>(channel_eq::_puschRxChEqStatDescr *, channel_eq::_puschRxChEqSoftDemapDynDescr)"
1516459908,283452,10982,1,1,1,32,32,1,30,0.000,0.000,,,,,NVIDIA A100-SXM4-40GB MIG 4g.20gb (0),1,,13,"void convert_kernel<float2, __half2>(tensor_layout_any, T1 *, tensor_layout_any, const T2 *)"
1516745248,10944,10994,2253,1,1,128,1,1,16,0.000,0.000,,,,,NVIDIA A100-SXM4-40GB MIG 4g.20gb (0),1,,13,cupy_copy__float16_float16
1516760864,2944,11003,282,1,1,128,1,1,16,0.000,0.000,,,,,NVIDIA A100-SXM4-40GB MIG 4g.20gb (0),1,,13,cupy_copy__complex64_complex64
1516765856,2112,11012,26,1,1,128,1,1,16,0.000,0.000,,,,,NVIDIA A100-SXM4-40GB MIG 4g.20gb (0),1,,13,cupy_copy__float32_float32
1516768928,3168,11021,103,1,1,128,1,1,16,0.000,0.000,,,,,NVIDIA A100-SXM4-40GB MIG 4g.20gb (0),1,,13,cupy_copy__complex64_complex64
1516773760,11968,11031,1434,1,1,128,1,1,16,0.000,0.000,,,,,NVIDIA A100-SXM4-40GB MIG 4g.20gb (0),1,,13,cupy_copy__complex64_complex64
1516789664,90687,11036,1,1,1,32,32,1,30,0.000,0.000,,,,,NVIDIA A100-SXM4-40GB MIG 4g.20gb (0),1,,13,"void convert_kernel<__half2, float2>(tensor_layout_any, T1 *, tensor_layout_any, const T2 *)"
1516911390,5728,11039,,,,,,,,,,0.094,16357.541,Pinned,Device,NVIDIA A100-SXM4-40GB MIG 4g.20gb (0),1,,13,[CUDA memcpy Host-to-Device]
1516921950,599449,11040,,,,,,,,,,456.561,761544.482,Device,,NVIDIA A100-SXM4-40GB MIG 4g.20gb (0),1,,13,[CUDA memset]
1517525655,128286,11045,,,,,,,,,,1.235,9626.388,Pinned,Device,NVIDIA A100-SXM4-40GB MIG 4g.20gb (0),1,,13,[CUDA memcpy Host-to-Device]
1517662005,32960,11046,,,,,,,,,,0.197,5964.890,Pinned,Device,NVIDIA A100-SXM4-40GB MIG 4g.20gb (0),1,,13,[CUDA memcpy Host-to-Device]
1517718932,8288,11047,69,4,1,48,1,1,76,0.002,0.000,,,,,NVIDIA A100-SXM4-40GB MIG 4g.20gb (0),1,,13,"void ch_est::windowedChEstPreNoDftSOfdmKernel<float, __half, float, (unsigned int)2, (unsigned int)1, (unsigned short)4>(ch_est::puschRxChEstStatDescr_t *, ch_est::puschRxChEstDynDescr_t *)"
1517737940,7040,11048,137,2,1,24,2,1,44,0.001,0.001,,,,,NVIDIA A100-SXM4-40GB MIG 4g.20gb (0),1,,13,"void ch_est::chEstFilterNoDftSOfdmDispatchKernel<float, __half, float, (unsigned int)2>(ch_est::puschRxChEstStatDescr_t *, ch_est::puschRxChEstDynDescr_t *)"
1517752116,4736,11049,137,2,1,24,2,1,44,0.001,0.001,,,,,NVIDIA A100-SXM4-40GB MIG 4g.20gb (0),1,,13,"void ch_est::chEstFilterNoDftSOfdmDispatchKernel<float, __half, float, (unsigned int)2>(ch_est::puschRxChEstStatDescr_t *, ch_est::puschRxChEstDynDescr_t *)"
1517767956,2656,11060,103,1,1,128,1,1,16,0.000,0.000,,,,,NVIDIA A100-SXM4-40GB MIG 4g.20gb (0),1,,13,cupy_copy__complex64_complex64
1517781107,12576,11070,1434,1,1,128,1,1,16,0.000,0.000,,,,,NVIDIA A100-SXM4-40GB MIG 4g.20gb (0),1,,13,cupy_copy__complex64_complex64
1517814739,2592,11077,103,1,1,128,1,1,16,0.000,0.000,,,,,NVIDIA A100-SXM4-40GB MIG 4g.20gb (0),1,,13,cupy_copy__complex64_complex64
1517828339,85503,11084,1,1,1,32,32,1,30,0.000,0.000,,,,,NVIDIA A100-SXM4-40GB MIG 4g.20gb (0),1,,13,"void convert_kernel<__half2, float2>(tensor_layout_any, T1 *, tensor_layout_any, const T2 *)"
1517941233,6336,11087,,,,,,,,,,0.094,14787.852,Pinned,Device,NVIDIA A100-SXM4-40GB MIG 4g.20gb (0),1,,13,[CUDA memcpy Host-to-Device]
1517954321,46752,11088,,,,,,,,,,35.810,765938.379,Device,,NVIDIA A100-SXM4-40GB MIG 4g.20gb (0),1,,13,[CUDA memset]
1518007633,3104,11090,,,,,,,,,,0.000,25.773,Pinned,Device,NVIDIA A100-SXM4-40GB MIG 4g.20gb (0),1,,13,[CUDA memcpy Host-to-Device]
1518015697,12831,11091,,,,,,,,,,0.197,15322.841,Pinned,Device,NVIDIA A100-SXM4-40GB MIG 4g.20gb (0),1,,13,[CUDA memcpy Host-to-Device]
1518041136,10336,11092,273,1,1,48,1,1,40,0.000,0.001,,,,,NVIDIA A100-SXM4-40GB MIG 4g.20gb (0),1,,13,"void pusch_noise_intf_est::noiseIntfEstNoDftSOfdmKernel<float, __half, float, float, (unsigned int)2, (unsigned int)1, (unsigned char)4, (unsigned char)4>(pusch_noise_intf_est::puschRxNoiseIntfEstDynDescr)"
1518057040,3360,11103,35,1,1,128,1,1,16,0.000,0.000,,,,,NVIDIA A100-SXM4-40GB MIG 4g.20gb (0),1,,13,cupy_copy__complex64_complex64
1518063120,1984,11112,1,1,1,1,1,1,18,0.000,0.000,,,,,NVIDIA A100-SXM4-40GB MIG 4g.20gb (0),1,,13,cupy_copy__float32_float32
1518093200,1760,11118,,,,,,,,,,0.000,2.273,Device,Pageable,NVIDIA A100-SXM4-40GB MIG 4g.20gb (0),1,,7,[CUDA memcpy Device-to-Host]
1518153615,12960,11129,1434,1,1,128,1,1,16,0.000,0.000,,,,,NVIDIA A100-SXM4-40GB MIG 4g.20gb (0),1,,13,cupy_copy__complex64_complex64
1518180942,2848,11136,103,1,1,128,1,1,16,0.000,0.000,,,,,NVIDIA A100-SXM4-40GB MIG 4g.20gb (0),1,,13,cupy_copy__complex64_complex64
1518201294,2752,11143,35,1,1,128,1,1,16,0.000,0.000,,,,,NVIDIA A100-SXM4-40GB MIG 4g.20gb (0),1,,13,cupy_copy__complex64_complex64
1518220238,1920,11150,1,1,1,1,1,1,18,0.000,0.000,,,,,NVIDIA A100-SXM4-40GB MIG 4g.20gb (0),1,,13,cupy_copy__float32_float32
1518352940,88191,11161,1,1,1,32,32,1,30,0.000,0.000,,,,,NVIDIA A100-SXM4-40GB MIG 4g.20gb (0),1,,13,"void convert_kernel<__half2, float2>(tensor_layout_any, T1 *, tensor_layout_any, const T2 *)"
1518468491,5440,11164,,,,,,,,,,0.094,17223.480,Pinned,Device,NVIDIA A100-SXM4-40GB MIG 4g.20gb (0),1,,13,[CUDA memcpy Host-to-Device]
1518482763,3232,11165,,,,,,,,,,1.547,478533.199,Device,,NVIDIA A100-SXM4-40GB MIG 4g.20gb (0),1,,13,[CUDA memset]
1518489899,3008,11170,,,,,,,,,,0.031,10404.230,Pinned,Device,NVIDIA A100-SXM4-40GB MIG 4g.20gb (0),1,,13,[CUDA memcpy Host-to-Device]
1518495339,9791,11171,,,,,,,,,,0.197,20080.361,Pinned,Device,NVIDIA A100-SXM4-40GB MIG 4g.20gb (0),1,,13,[CUDA memcpy Host-to-Device]
1518511658,6240,11172,273,1,1,8,4,1,39,0.002,0.000,,,,,NVIDIA A100-SXM4-40GB MIG 4g.20gb (0),1,,13,"void channel_eq::eqMmseCoefCompLowMimoKernel<float, float, float, (unsigned int)4, (unsigned int)1, (unsigned int)4>(const channel_eq::_puschRxChEqStatDescr *, channel_eq::_puschRxChEqCoefCompDynDescr)"
1518519018,6432,11173,273,1,1,12,11,1,51,0.002,0.000,,,,,NVIDIA A100-SXM4-40GB MIG 4g.20gb (0),1,,13,"void channel_eq::eqMmseSoftDemapKernel<float, __half, __half, float, (unsigned int)4, (unsigned short)16383>(channel_eq::_puschRxChEqStatDescr *, channel_eq::_puschRxChEqSoftDemapDynDescr)"
1518526538,282237,11174,1,1,1,32,32,1,30,0.000,0.000,,,,,NVIDIA A100-SXM4-40GB MIG 4g.20gb (0),1,,13,"void convert_kernel<float2, __half2>(tensor_layout_any, T1 *, tensor_layout_any, const T2 *)"
1518812327,11008,11186,2253,1,1,128,1,1,16,0.000,0.000,,,,,NVIDIA A100-SXM4-40GB MIG 4g.20gb (0),1,,13,cupy_copy__float16_float16
1518827974,3200,11195,282,1,1,128,1,1,16,0.000,0.000,,,,,NVIDIA A100-SXM4-40GB MIG 4g.20gb (0),1,,13,cupy_copy__complex64_complex64
1518834502,2144,11204,26,1,1,128,1,1,16,0.000,0.000,,,,,NVIDIA A100-SXM4-40GB MIG 4g.20gb (0),1,,13,cupy_copy__float32_float32
1518841254,3072,11213,103,1,1,128,1,1,16,0.000,0.000,,,,,NVIDIA A100-SXM4-40GB MIG 4g.20gb (0),1,,13,cupy_copy__complex64_complex64
1518845382,11776,11223,1434,1,1,128,1,1,16,0.000,0.000,,,,,NVIDIA A100-SXM4-40GB MIG 4g.20gb (0),1,,13,cupy_copy__complex64_complex64
1518865318,86751,11228,1,1,1,32,32,1,30,0.000,0.000,,,,,NVIDIA A100-SXM4-40GB MIG 4g.20gb (0),1,,13,"void convert_kernel<__half2, float2>(tensor_layout_any, T1 *, tensor_layout_any, const T2 *)"
1518979621,5664,11231,,,,,,,,,,0.094,16542.310,Pinned,Device,NVIDIA A100-SXM4-40GB MIG 4g.20gb (0),1,,13,[CUDA memcpy Host-to-Device]
1518990180,599929,11232,,,,,,,,,,456.561,760631.359,Device,,NVIDIA A100-SXM4-40GB MIG 4g.20gb (0),1,,13,[CUDA memset]
1519593789,134462,11237,,,,,,,,,,1.235,9184.279,Pinned,Device,NVIDIA A100-SXM4-40GB MIG 4g.20gb (0),1,,13,[CUDA memcpy Host-to-Device]
1519740795,40160,11238,,,,,,,,,,0.197,4895.539,Pinned,Device,NVIDIA A100-SXM4-40GB MIG 4g.20gb (0),1,,13,[CUDA memcpy Host-to-Device]
1519798842,8448,11239,69,4,1,48,1,1,76,0.002,0.000,,,,,NVIDIA A100-SXM4-40GB MIG 4g.20gb (0),1,,13,"void ch_est::windowedChEstPreNoDftSOfdmKernel<float, __half, float, (unsigned int)2, (unsigned int)1, (unsigned short)4>(ch_est::puschRxChEstStatDescr_t *, ch_est::puschRxChEstDynDescr_t *)"
1519817946,7232,11240,137,2,1,24,2,1,44,0.001,0.001,,,,,NVIDIA A100-SXM4-40GB MIG 4g.20gb (0),1,,13,"void ch_est::chEstFilterNoDftSOfdmDispatchKernel<float, __half, float, (unsigned int)2>(ch_est::puschRxChEstStatDescr_t *, ch_est::puschRxChEstDynDescr_t *)"
1519836026,4672,11241,137,2,1,24,2,1,44,0.001,0.001,,,,,NVIDIA A100-SXM4-40GB MIG 4g.20gb (0),1,,13,"void ch_est::chEstFilterNoDftSOfdmDispatchKernel<float, __half, float, (unsigned int)2>(ch_est::puschRxChEstStatDescr_t *, ch_est::puschRxChEstDynDescr_t *)"
1519853434,2656,11252,103,1,1,128,1,1,16,0.000,0.000,,,,,NVIDIA A100-SXM4-40GB MIG 4g.20gb (0),1,,13,cupy_copy__complex64_complex64
1519870106,12351,11262,1434,1,1,128,1,1,16,0.000,0.000,,,,,NVIDIA A100-SXM4-40GB MIG 4g.20gb (0),1,,13,cupy_copy__complex64_complex64
1519892345,2560,11269,103,1,1,128,1,1,16,0.000,0.000,,,,,NVIDIA A100-SXM4-40GB MIG 4g.20gb (0),1,,13,cupy_copy__complex64_complex64
1519915289,95039,11276,1,1,1,32,32,1,30,0.000,0.000,,,,,NVIDIA A100-SXM4-40GB MIG 4g.20gb (0),1,,13,"void convert_kernel<__half2, float2>(tensor_layout_any, T1 *, tensor_layout_any, const T2 *)"
1520043575,21120,11279,,,,,,,,,,0.094,4436.318,Pinned,Device,NVIDIA A100-SXM4-40GB MIG 4g.20gb (0),1,,13,[CUDA memcpy Host-to-Device]
1520084055,46591,11280,,,,,,,,,,35.810,768588.313,Device,,NVIDIA A100-SXM4-40GB MIG 4g.20gb (0),1,,13,[CUDA memset]
1520134582,8128,11282,,,,,,,,,,0.000,9.842,Pinned,Device,NVIDIA A100-SXM4-40GB MIG 4g.20gb (0),1,,13,[CUDA memcpy Host-to-Device]
1520153462,20576,11283,,,,,,,,,,0.197,9555.149,Pinned,Device,NVIDIA A100-SXM4-40GB MIG 4g.20gb (0),1,,13,[CUDA memcpy Host-to-Device]
1520187062,9792,11284,273,1,1,48,1,1,40,0.000,0.001,,,,,NVIDIA A100-SXM4-40GB MIG 4g.20gb (0),1,,13,"void pusch_noise_intf_est::noiseIntfEstNoDftSOfdmKernel<float, __half, float, float, (unsigned int)2, (unsigned int)1, (unsigned char)4, (unsigned char)4>(pusch_noise_intf_est::puschRxNoiseIntfEstDynDescr)"
1520206485,2624,11295,35,1,1,128,1,1,16,0.000,0.000,,,,,NVIDIA A100-SXM4-40GB MIG 4g.20gb (0),1,,13,cupy_copy__complex64_complex64
1520213205,1664,11304,1,1,1,1,1,1,18,0.000,0.000,,,,,NVIDIA A100-SXM4-40GB MIG 4g.20gb (0),1,,13,cupy_copy__float32_float32
1520220789,2176,11310,,,,,,,,,,0.000,1.838,Device,Pageable,NVIDIA A100-SXM4-40GB MIG 4g.20gb (0),1,,7,[CUDA memcpy Device-to-Host]
1520284148,12544,11321,1434,1,1,128,1,1,16,0.000,0.000,,,,,NVIDIA A100-SXM4-40GB MIG 4g.20gb (0),1,,13,cupy_copy__complex64_complex64
1520315028,2880,11328,103,1,1,128,1,1,16,0.000,0.000,,,,,NVIDIA A100-SXM4-40GB MIG 4g.20gb (0),1,,13,cupy_copy__complex64_complex64
1520332692,2368,11335,35,1,1,128,1,1,16,0.000,0.000,,,,,NVIDIA A100-SXM4-40GB MIG 4g.20gb (0),1,,13,cupy_copy__complex64_complex64
1520353140,2016,11342,1,1,1,1,1,1,18,0.000,0.000,,,,,NVIDIA A100-SXM4-40GB MIG 4g.20gb (0),1,,13,cupy_copy__float32_float32
1520482962,82271,11353,1,1,1,32,32,1,30,0.000,0.000,,,,,NVIDIA A100-SXM4-40GB MIG 4g.20gb (0),1,,13,"void convert_kernel<__half2, float2>(tensor_layout_any, T1 *, tensor_layout_any, const T2 *)"
1520593745,5984,11356,,,,,,,,,,0.094,15657.726,Pinned,Device,NVIDIA A100-SXM4-40GB MIG 4g.20gb (0),1,,13,[CUDA memcpy Host-to-Device]
1520608304,3520,11357,,,,,,,,,,1.547,439380.412,Device,,NVIDIA A100-SXM4-40GB MIG 4g.20gb (0),1,,13,[CUDA memset]
1520614448,3456,11362,,,,,,,,,,0.031,9055.529,Pinned,Device,NVIDIA A100-SXM4-40GB MIG 4g.20gb (0),1,,13,[CUDA memcpy Host-to-Device]
1520620336,9376,11363,,,,,,,,,,0.197,20969.226,Pinned,Device,NVIDIA A100-SXM4-40GB MIG 4g.20gb (0),1,,13,[CUDA memcpy Host-to-Device]
1520635248,6688,11364,273,1,1,8,4,1,39,0.002,0.000,,,,,NVIDIA A100-SXM4-40GB MIG 4g.20gb (0),1,,13,"void channel_eq::eqMmseCoefCompLowMimoKernel<float, float, float, (unsigned int)4, (unsigned int)1, (unsigned int)4>(const channel_eq::_puschRxChEqStatDescr *, channel_eq::_puschRxChEqCoefCompDynDescr)"
1520642992,6176,11365,273,1,1,12,11,1,51,0.002,0.000,,,,,NVIDIA A100-SXM4-40GB MIG 4g.20gb (0),1,,13,"void channel_eq::eqMmseSoftDemapKernel<float, __half, __half, float, (unsigned int)4, (unsigned short)16383>(channel_eq::_puschRxChEqStatDescr *, channel_eq::_puschRxChEqSoftDemapDynDescr)"
1520650256,282812,11366,1,1,1,32,32,1,30,0.000,0.000,,,,,NVIDIA A100-SXM4-40GB MIG 4g.20gb (0),1,,13,"void convert_kernel<float2, __half2>(tensor_layout_any, T1 *, tensor_layout_any, const T2 *)"
1520935436,11072,11378,2253,1,1,128,1,1,16,0.000,0.000,,,,,NVIDIA A100-SXM4-40GB MIG 4g.20gb (0),1,,13,cupy_copy__float16_float16
1520949196,3264,11387,282,1,1,128,1,1,16,0.000,0.000,,,,,NVIDIA A100-SXM4-40GB MIG 4g.20gb (0),1,,13,cupy_copy__complex64_complex64
1520954956,2048,11396,26,1,1,128,1,1,16,0.000,0.000,,,,,NVIDIA A100-SXM4-40GB MIG 4g.20gb (0),1,,13,cupy_copy__float32_float32
1520957964,2976,11405,103,1,1,128,1,1,16,0.000,0.000,,,,,NVIDIA A100-SXM4-40GB MIG 4g.20gb (0),1,,13,cupy_copy__complex64_complex64
1520963372,12064,11415,1434,1,1,128,1,1,16,0.000,0.000,,,,,NVIDIA A100-SXM4-40GB MIG 4g.20gb (0),1,,13,cupy_copy__complex64_complex64
1520981772,86783,11420,1,1,1,32,32,1,30,0.000,0.000,,,,,NVIDIA A100-SXM4-40GB MIG 4g.20gb (0),1,,13,"void convert_kernel<__half2, float2>(tensor_layout_any, T1 *, tensor_layout_any, const T2 *)"
1521095434,5664,11423,,,,,,,,,,0.094,16542.310,Pinned,Device,NVIDIA A100-SXM4-40GB MIG 4g.20gb (0),1,,13,[CUDA memcpy Host-to-Device]
1521108394,596857,11424,,,,,,,,,,456.561,764740.412,Device,,NVIDIA A100-SXM4-40GB MIG 4g.20gb (0),1,,13,[CUDA memset]
1521708643,130782,11429,,,,,,,,,,1.235,9442.382,Pinned,Device,NVIDIA A100-SXM4-40GB MIG 4g.20gb (0),1,,13,[CUDA memcpy Host-to-Device]
1521851553,42847,11430,,,,,,,,,,0.197,4588.438,Pinned,Device,NVIDIA A100-SXM4-40GB MIG 4g.20gb (0),1,,13,[CUDA memcpy Host-to-Device]
1521921600,8032,11431,69,4,1,48,1,1,76,0.002,0.000,,,,,NVIDIA A100-SXM4-40GB MIG 4g.20gb (0),1,,13,"void ch_est::windowedChEstPreNoDftSOfdmKernel<float, __half, float, (unsigned int)2, (unsigned int)1, (unsigned short)4>(ch_est::puschRxChEstStatDescr_t *, ch_est::puschRxChEstDynDescr_t *)"
1521941120,6624,11432,137,2,1,24,2,1,44,0.001,0.001,,,,,NVIDIA A100-SXM4-40GB MIG 4g.20gb (0),1,,13,"void ch_est::chEstFilterNoDftSOfdmDispatchKernel<float, __half, float, (unsigned int)2>(ch_est::puschRxChEstStatDescr_t *, ch_est::puschRxChEstDynDescr_t *)"
1521957856,4704,11433,137,2,1,24,2,1,44,0.001,0.001,,,,,NVIDIA A100-SXM4-40GB MIG 4g.20gb (0),1,,13,"void ch_est::chEstFilterNoDftSOfdmDispatchKernel<float, __half, float, (unsigned int)2>(ch_est::puschRxChEstStatDescr_t *, ch_est::puschRxChEstDynDescr_t *)"
1521977247,2720,11444,103,1,1,128,1,1,16,0.000,0.000,,,,,NVIDIA A100-SXM4-40GB MIG 4g.20gb (0),1,,13,cupy_copy__complex64_complex64
1521993919,12480,11454,1434,1,1,128,1,1,16,0.000,0.000,,,,,NVIDIA A100-SXM4-40GB MIG 4g.20gb (0),1,,13,cupy_copy__complex64_complex64
1522013663,2944,11461,103,1,1,128,1,1,16,0.000,0.000,,,,,NVIDIA A100-SXM4-40GB MIG 4g.20gb (0),1,,13,cupy_copy__complex64_complex64
1522037503,85663,11468,1,1,1,32,32,1,30,0.000,0.000,,,,,NVIDIA A100-SXM4-40GB MIG 4g.20gb (0),1,,13,"void convert_kernel<__half2, float2>(tensor_layout_any, T1 *, tensor_layout_any, const T2 *)"
1522155901,25792,11471,,,,,,,,,,0.094,3632.688,Pinned,Device,NVIDIA A100-SXM4-40GB MIG 4g.20gb (0),1,,13,[CUDA memcpy Host-to-Device]
1522209085,46975,11472,,,,,,,,,,35.810,762285.767,Device,,NVIDIA A100-SXM4-40GB MIG 4g.20gb (0),1,,13,[CUDA memset]
1522259484,14912,11474,,,,,,,,,,0.000,5.365,Pinned,Device,NVIDIA A100-SXM4-40GB MIG 4g.20gb (0),1,,13,[CUDA memcpy Host-to-Device]
1522281564,34335,11475,,,,,,,,,,0.197,5726.011,Pinned,Device,NVIDIA A100-SXM4-40GB MIG 4g.20gb (0),1,,13,[CUDA memcpy Host-to-Device]
1522339707,10176,11476,273,1,1,48,1,1,40,0.000,0.001,,,,,NVIDIA A100-SXM4-40GB MIG 4g.20gb (0),1,,13,"void pusch_noise_intf_est::noiseIntfEstNoDftSOfdmKernel<float, __half, float, float, (unsigned int)2, (unsigned int)1, (unsigned char)4, (unsigned char)4>(pusch_noise_intf_est::puschRxNoiseIntfEstDynDescr)"
1522356187,2816,11487,35,1,1,128,1,1,16,0.000,0.000,,,,,NVIDIA A100-SXM4-40GB MIG 4g.20gb (0),1,,13,cupy_copy__complex64_complex64
1522373115,1664,11496,1,1,1,1,1,1,18,0.000,0.000,,,,,NVIDIA A100-SXM4-40GB MIG 4g.20gb (0),1,,13,cupy_copy__float32_float32
1522382426,7008,11502,,,,,,,,,,0.000,0.571,Device,Pageable,NVIDIA A100-SXM4-40GB MIG 4g.20gb (0),1,,7,[CUDA memcpy Device-to-Host]
1522479129,12800,11513,1434,1,1,128,1,1,16,0.000,0.000,,,,,NVIDIA A100-SXM4-40GB MIG 4g.20gb (0),1,,13,cupy_copy__complex64_complex64
1522501817,3040,11520,103,1,1,128,1,1,16,0.000,0.000,,,,,NVIDIA A100-SXM4-40GB MIG 4g.20gb (0),1,,13,cupy_copy__complex64_complex64
1522523129,2592,11527,35,1,1,128,1,1,16,0.000,0.000,,,,,NVIDIA A100-SXM4-40GB MIG 4g.20gb (0),1,,13,cupy_copy__complex64_complex64
1522542680,1760,11534,1,1,1,1,1,1,18,0.000,0.000,,,,,NVIDIA A100-SXM4-40GB MIG 4g.20gb (0),1,,13,cupy_copy__float32_float32
1522658295,83039,11545,1,1,1,32,32,1,30,0.000,0.000,,,,,NVIDIA A100-SXM4-40GB MIG 4g.20gb (0),1,,13,"void convert_kernel<__half2, float2>(tensor_layout_any, T1 *, tensor_layout_any, const T2 *)"
1522770358,5760,11548,,,,,,,,,,0.094,16266.656,Pinned,Device,NVIDIA A100-SXM4-40GB MIG 4g.20gb (0),1,,13,[CUDA memcpy Host-to-Device]
1522784373,3328,11549,,,,,,,,,,1.547,464729.580,Device,,NVIDIA A100-SXM4-40GB MIG 4g.20gb (0),1,,13,[CUDA memset]
1522791541,3264,11554,,,,,,,,,,0.031,9588.218,Pinned,Device,NVIDIA A100-SXM4-40GB MIG 4g.20gb (0),1,,13,[CUDA memcpy Host-to-Device]
1522797333,9376,11555,,,,,,,,,,0.197,20969.226,Pinned,Device,NVIDIA A100-SXM4-40GB MIG 4g.20gb (0),1,,13,[CUDA memcpy Host-to-Device]
1522812789,8064,11556,273,1,1,8,4,1,39,0.002,0.000,,,,,NVIDIA A100-SXM4-40GB MIG 4g.20gb (0),1,,13,"void channel_eq::eqMmseCoefCompLowMimoKernel<float, float, float, (unsigned int)4, (unsigned int)1, (unsigned int)4>(const channel_eq::_puschRxChEqStatDescr *, channel_eq::_puschRxChEqCoefCompDynDescr)"
1522821973,6048,11557,273,1,1,12,11,1,51,0.002,0.000,,,,,NVIDIA A100-SXM4-40GB MIG 4g.20gb (0),1,,13,"void channel_eq::eqMmseSoftDemapKernel<float, __half, __half, float, (unsigned int)4, (unsigned short)16383>(channel_eq::_puschRxChEqStatDescr *, channel_eq::_puschRxChEqSoftDemapDynDescr)"
1522829621,282236,11558,1,1,1,32,32,1,30,0.000,0.000,,,,,NVIDIA A100-SXM4-40GB MIG 4g.20gb (0),1,,13,"void convert_kernel<float2, __half2>(tensor_layout_any, T1 *, tensor_layout_any, const T2 *)"
1523112913,10944,11570,2253,1,1,128,1,1,16,0.000,0.000,,,,,NVIDIA A100-SXM4-40GB MIG 4g.20gb (0),1,,13,cupy_copy__float16_float16
1523127761,3584,11579,282,1,1,128,1,1,16,0.000,0.000,,,,,NVIDIA A100-SXM4-40GB MIG 4g.20gb (0),1,,13,cupy_copy__complex64_complex64
1523132913,2016,11588,26,1,1,128,1,1,16,0.000,0.000,,,,,NVIDIA A100-SXM4-40GB MIG 4g.20gb (0),1,,13,cupy_copy__float32_float32
1523136913,3968,11597,103,1,1,128,1,1,16,0.000,0.000,,,,,NVIDIA A100-SXM4-40GB MIG 4g.20gb (0),1,,13,cupy_copy__complex64_complex64
1523143889,12320,11607,1434,1,1,128,1,1,16,0.000,0.000,,,,,NVIDIA A100-SXM4-40GB MIG 4g.20gb (0),1,,13,cupy_copy__complex64_complex64
1523165073,85599,11612,1,1,1,32,32,1,30,0.000,0.000,,,,,NVIDIA A100-SXM4-40GB MIG 4g.20gb (0),1,,13,"void convert_kernel<__half2, float2>(tensor_layout_any, T1 *, tensor_layout_any, const T2 *)"
1523277615,5728,11615,,,,,,,,,,0.094,16357.541,Pinned,Device,NVIDIA A100-SXM4-40GB MIG 4g.20gb (0),1,,13,[CUDA memcpy Host-to-Device]
1523287119,597817,11616,,,,,,,,,,456.561,763370.728,Device,,NVIDIA A100-SXM4-40GB MIG 4g.20gb (0),1,,13,[CUDA memset]
1523889352,131774,11621,,,,,,,,,,1.235,9370.755,Pinned,Device,NVIDIA A100-SXM4-40GB MIG 4g.20gb (0),1,,13,[CUDA memcpy Host-to-Device]
1524024934,15456,11622,,,,,,,,,,0.197,12720.341,Pinned,Device,NVIDIA A100-SXM4-40GB MIG 4g.20gb (0),1,,13,[CUDA memcpy Host-to-Device]
1524045798,8256,11623,69,4,1,48,1,1,76,0.002,0.000,,,,,NVIDIA A100-SXM4-40GB MIG 4g.20gb (0),1,,13,"void ch_est::windowedChEstPreNoDftSOfdmKernel<float, __half, float, (unsigned int)2, (unsigned int)1, (unsigned short)4>(ch_est::puschRxChEstStatDescr_t *, ch_est::puschRxChEstDynDescr_t *)"
1524057766,6624,11624,137,2,1,24,2,1,44,0.001,0.001,,,,,NVIDIA A100-SXM4-40GB MIG 4g.20gb (0),1,,13,"void ch_est::chEstFilterNoDftSOfdmDispatchKernel<float, __half, float, (unsigned int)2>(ch_est::puschRxChEstStatDescr_t *, ch_est::puschRxChEstDynDescr_t *)"
1524069286,5311,11625,137,2,1,24,2,1,44,0.001,0.001,,,,,NVIDIA A100-SXM4-40GB MIG 4g.20gb (0),1,,13,"void ch_est::chEstFilterNoDftSOfdmDispatchKernel<float, __half, float, (unsigned int)2>(ch_est::puschRxChEstStatDescr_t *, ch_est::puschRxChEstDynDescr_t *)"
1524077253,2496,11636,103,1,1,128,1,1,16,0.000,0.000,,,,,NVIDIA A100-SXM4-40GB MIG 4g.20gb (0),1,,13,cupy_copy__complex64_complex64
1524081957,12416,11646,1434,1,1,128,1,1,16,0.000,0.000,,,,,NVIDIA A100-SXM4-40GB MIG 4g.20gb (0),1,,13,cupy_copy__complex64_complex64
1524096325,3072,11653,103,1,1,128,1,1,16,0.000,0.000,,,,,NVIDIA A100-SXM4-40GB MIG 4g.20gb (0),1,,13,cupy_copy__complex64_complex64
1524101605,82367,11660,1,1,1,32,32,1,30,0.000,0.000,,,,,NVIDIA A100-SXM4-40GB MIG 4g.20gb (0),1,,13,"void convert_kernel<__half2, float2>(tensor_layout_any, T1 *, tensor_layout_any, const T2 *)"
1524211364,5664,11663,,,,,,,,,,0.094,16542.310,Pinned,Device,NVIDIA A100-SXM4-40GB MIG 4g.20gb (0),1,,13,[CUDA memcpy Host-to-Device]
1524223428,46143,11664,,,,,,,,,,35.810,776036.776,Device,,NVIDIA A100-SXM4-40GB MIG 4g.20gb (0),1,,13,[CUDA memset]
1524276483,3168,11666,,,,,,,,,,0.000,25.252,Pinned,Device,NVIDIA A100-SXM4-40GB MIG 4g.20gb (0),1,,13,[CUDA memcpy Host-to-Device]
1524284323,13600,11667,,,,,,,,,,0.197,14456.390,Pinned,Device,NVIDIA A100-SXM4-40GB MIG 4g.20gb (0),1,,13,[CUDA memcpy Host-to-Device]
1524305731,10623,11668,273,1,1,48,1,1,40,0.000,0.001,,,,,NVIDIA A100-SXM4-40GB MIG 4g.20gb (0),1,,13,"void pusch_noise_intf_est::noiseIntfEstNoDftSOfdmKernel<float, __half, float, float, (unsigned int)2, (unsigned int)1, (unsigned char)4, (unsigned char)4>(pusch_noise_intf_est::puschRxNoiseIntfEstDynDescr)"
1524320834,2880,11679,35,1,1,128,1,1,16,0.000,0.000,,,,,NVIDIA A100-SXM4-40GB MIG 4g.20gb (0),1,,13,cupy_copy__complex64_complex64
1524334274,2016,11688,1,1,1,1,1,1,18,0.000,0.000,,,,,NVIDIA A100-SXM4-40GB MIG 4g.20gb (0),1,,13,cupy_copy__float32_float32
1524363842,1664,11694,,,,,,,,,,0.000,2.404,Device,Pageable,NVIDIA A100-SXM4-40GB MIG 4g.20gb (0),1,,7,[CUDA memcpy Device-to-Host]
1524424673,12992,11705,1434,1,1,128,1,1,16,0.000,0.000,,,,,NVIDIA A100-SXM4-40GB MIG 4g.20gb (0),1,,13,cupy_copy__complex64_complex64
1524451361,2848,11712,103,1,1,128,1,1,16,0.000,0.000,,,,,NVIDIA A100-SXM4-40GB MIG 4g.20gb (0),1,,13,cupy_copy__complex64_complex64
1524471745,2176,11719,35,1,1,128,1,1,16,0.000,0.000,,,,,NVIDIA A100-SXM4-40GB MIG 4g.20gb (0),1,,13,cupy_copy__complex64_complex64
1524489152,1952,11726,1,1,1,1,1,1,18,0.000,0.000,,,,,NVIDIA A100-SXM4-40GB MIG 4g.20gb (0),1,,13,cupy_copy__float32_float32
1524620991,82175,11737,1,1,1,32,32,1,30,0.000,0.000,,,,,NVIDIA A100-SXM4-40GB MIG 4g.20gb (0),1,,13,"void convert_kernel<__half2, float2>(tensor_layout_any, T1 *, tensor_layout_any, const T2 *)"
1524730877,5440,11740,,,,,,,,,,0.094,17223.480,Pinned,Device,NVIDIA A100-SXM4-40GB MIG 4g.20gb (0),1,,13,[CUDA memcpy Host-to-Device]
1524744925,3232,11741,,,,,,,,,,1.547,478533.199,Device,,NVIDIA A100-SXM4-40GB MIG 4g.20gb (0),1,,13,[CUDA memset]
1524751581,4032,11746,,,,,,,,,,0.031,7761.877,Pinned,Device,NVIDIA A100-SXM4-40GB MIG 4g.20gb (0),1,,13,[CUDA memcpy Host-to-Device]
1524758013,9824,11747,,,,,,,,,,0.197,20012.925,Pinned,Device,NVIDIA A100-SXM4-40GB MIG 4g.20gb (0),1,,13,[CUDA memcpy Host-to-Device]
1524773565,6016,11748,273,1,1,8,4,1,39,0.002,0.000,,,,,NVIDIA A100-SXM4-40GB MIG 4g.20gb (0),1,,13,"void channel_eq::eqMmseCoefCompLowMimoKernel<float, float, float, (unsigned int)4, (unsigned int)1, (unsigned int)4>(const channel_eq::_puschRxChEqStatDescr *, channel_eq::_puschRxChEqCoefCompDynDescr)"
1524782749,6240,11749,273,1,1,12,11,1,51,0.002,0.000,,,,,NVIDIA A100-SXM4-40GB MIG 4g.20gb (0),1,,13,"void channel_eq::eqMmseSoftDemapKernel<float, __half, __half, float, (unsigned int)4, (unsigned short)16383>(channel_eq::_puschRxChEqStatDescr *, channel_eq::_puschRxChEqSoftDemapDynDescr)"
1524791805,282044,11750,1,1,1,32,32,1,30,0.000,0.000,,,,,NVIDIA A100-SXM4-40GB MIG 4g.20gb (0),1,,13,"void convert_kernel<float2, __half2>(tensor_layout_any, T1 *, tensor_layout_any, const T2 *)"
1525077337,10976,11762,2253,1,1,128,1,1,16,0.000,0.000,,,,,NVIDIA A100-SXM4-40GB MIG 4g.20gb (0),1,,13,cupy_copy__float16_float16
1525090777,2816,11771,282,1,1,128,1,1,16,0.000,0.000,,,,,NVIDIA A100-SXM4-40GB MIG 4g.20gb (0),1,,13,cupy_copy__complex64_complex64
1525098489,2272,11780,26,1,1,128,1,1,16,0.000,0.000,,,,,NVIDIA A100-SXM4-40GB MIG 4g.20gb (0),1,,13,cupy_copy__float32_float32
1525102969,2944,11789,103,1,1,128,1,1,16,0.000,0.000,,,,,NVIDIA A100-SXM4-40GB MIG 4g.20gb (0),1,,13,cupy_copy__complex64_complex64
1525106969,12032,11799,1434,1,1,128,1,1,16,0.000,0.000,,,,,NVIDIA A100-SXM4-40GB MIG 4g.20gb (0),1,,13,cupy_copy__complex64_complex64
1525122584,87391,11804,1,1,1,32,32,1,30,0.000,0.000,,,,,NVIDIA A100-SXM4-40GB MIG 4g.20gb (0),1,,13,"void convert_kernel<__half2, float2>(tensor_layout_any, T1 *, tensor_layout_any, const T2 *)"
1525236759,5472,11807,,,,,,,,,,0.094,17122.757,Pinned,Device,NVIDIA A100-SXM4-40GB MIG 4g.20gb (0),1,,13,[CUDA memcpy Host-to-Device]
1525248631,596313,11808,,,,,,,,,,456.561,765196.973,Device,,NVIDIA A100-SXM4-40GB MIG 4g.20gb (0),1,,13,[CUDA memset]
1525853871,166974,11813,,,,,,,,,,1.235,7394.845,Pinned,Device,NVIDIA A100-SXM4-40GB MIG 4g.20gb (0),1,,13,[CUDA memcpy Host-to-Device]
1526037165,39360,11814,,,,,,,,,,0.197,4995.023,Pinned,Device,NVIDIA A100-SXM4-40GB MIG 4g.20gb (0),1,,13,[CUDA memcpy Host-to-Device]
1526106924,8352,11815,69,4,1,48,1,1,76,0.002,0.000,,,,,NVIDIA A100-SXM4-40GB MIG 4g.20gb (0),1,,13,"void ch_est::windowedChEstPreNoDftSOfdmKernel<float, __half, float, (unsigned int)2, (unsigned int)1, (unsigned short)4>(ch_est::puschRxChEstStatDescr_t *, ch_est::puschRxChEstDynDescr_t *)"
1526126380,6624,11816,137,2,1,24,2,1,44,0.001,0.001,,,,,NVIDIA A100-SXM4-40GB MIG 4g.20gb (0),1,,13,"void ch_est::chEstFilterNoDftSOfdmDispatchKernel<float, __half, float, (unsigned int)2>(ch_est::puschRxChEstStatDescr_t *, ch_est::puschRxChEstDynDescr_t *)"
1526142828,4736,11817,137,2,1,24,2,1,44,0.001,0.001,,,,,NVIDIA A100-SXM4-40GB MIG 4g.20gb (0),1,,13,"void ch_est::chEstFilterNoDftSOfdmDispatchKernel<float, __half, float, (unsigned int)2>(ch_est::puschRxChEstStatDescr_t *, ch_est::puschRxChEstDynDescr_t *)"
1526160140,2656,11828,103,1,1,128,1,1,16,0.000,0.000,,,,,NVIDIA A100-SXM4-40GB MIG 4g.20gb (0),1,,13,cupy_copy__complex64_complex64
1526174667,12640,11838,1434,1,1,128,1,1,16,0.000,0.000,,,,,NVIDIA A100-SXM4-40GB MIG 4g.20gb (0),1,,13,cupy_copy__complex64_complex64
1526194795,2560,11845,103,1,1,128,1,1,16,0.000,0.000,,,,,NVIDIA A100-SXM4-40GB MIG 4g.20gb (0),1,,13,cupy_copy__complex64_complex64
1526209099,85695,11852,1,1,1,32,32,1,30,0.000,0.000,,,,,NVIDIA A100-SXM4-40GB MIG 4g.20gb (0),1,,13,"void convert_kernel<__half2, float2>(tensor_layout_any, T1 *, tensor_layout_any, const T2 *)"
1526322442,6336,11855,,,,,,,,,,0.094,14787.852,Pinned,Device,NVIDIA A100-SXM4-40GB MIG 4g.20gb (0),1,,13,[CUDA memcpy Host-to-Device]
1526333769,47008,11856,,,,,,,,,,35.810,761748.618,Device,,NVIDIA A100-SXM4-40GB MIG 4g.20gb (0),1,,13,[CUDA memset]
1526385897,2720,11858,,,,,,,,,,0.000,29.412,Pinned,Device,NVIDIA A100-SXM4-40GB MIG 4g.20gb (0),1,,13,[CUDA memcpy Host-to-Device]
1526392137,10848,11859,,,,,,,,,,0.197,18123.719,Pinned,Device,NVIDIA A100-SXM4-40GB MIG 4g.20gb (0),1,,13,[CUDA memcpy Host-to-Device]
1526411593,9887,11860,273,1,1,48,1,1,40,0.000,0.001,,,,,NVIDIA A100-SXM4-40GB MIG 4g.20gb (0),1,,13,"void pusch_noise_intf_est::noiseIntfEstNoDftSOfdmKernel<float, __half, float, float, (unsigned int)2, (unsigned int)1, (unsigned char)4, (unsigned char)4>(pusch_noise_intf_est::puschRxNoiseIntfEstDynDescr)"
1526426216,3200,11871,35,1,1,128,1,1,16,0.000,0.000,,,,,NVIDIA A100-SXM4-40GB MIG 4g.20gb (0),1,,13,cupy_copy__complex64_complex64
1526440872,1984,11880,1,1,1,1,1,1,18,0.000,0.000,,,,,NVIDIA A100-SXM4-40GB MIG 4g.20gb (0),1,,13,cupy_copy__float32_float32
1526474056,1600,11886,,,,,,,,,,0.000,2.500,Device,Pageable,NVIDIA A100-SXM4-40GB MIG 4g.20gb (0),1,,7,[CUDA memcpy Device-to-Host]
1526534663,13152,11897,1434,1,1,128,1,1,16,0.000,0.000,,,,,NVIDIA A100-SXM4-40GB MIG 4g.20gb (0),1,,13,cupy_copy__complex64_complex64
1526561479,2688,11904,103,1,1,128,1,1,16,0.000,0.000,,,,,NVIDIA A100-SXM4-40GB MIG 4g.20gb (0),1,,13,cupy_copy__complex64_complex64
1526582694,2208,11911,35,1,1,128,1,1,16,0.000,0.000,,,,,NVIDIA A100-SXM4-40GB MIG 4g.20gb (0),1,,13,cupy_copy__complex64_complex64
1526600518,1792,11918,1,1,1,1,1,1,18,0.000,0.000,,,,,NVIDIA A100-SXM4-40GB MIG 4g.20gb (0),1,,13,cupy_copy__float32_float32
1526733381,82175,11929,1,1,1,32,32,1,30,0.000,0.000,,,,,NVIDIA A100-SXM4-40GB MIG 4g.20gb (0),1,,13,"void convert_kernel<__half2, float2>(tensor_layout_any, T1 *, tensor_layout_any, const T2 *)"
1526849475,5824,11932,,,,,,,,,,0.094,16087.884,Pinned,Device,NVIDIA A100-SXM4-40GB MIG 4g.20gb (0),1,,13,[CUDA memcpy Host-to-Device]
1526867203,3648,11933,,,,,,,,,,1.547,423963.664,Device,,NVIDIA A100-SXM4-40GB MIG 4g.20gb (0),1,,13,[CUDA memset]
1526872803,3392,11938,,,,,,,,,,0.031,9226.405,Pinned,Device,NVIDIA A100-SXM4-40GB MIG 4g.20gb (0),1,,13,[CUDA memcpy Host-to-Device]
1526878627,9632,11939,,,,,,,,,,0.197,20411.843,Pinned,Device,NVIDIA A100-SXM4-40GB MIG 4g.20gb (0),1,,13,[CUDA memcpy Host-to-Device]
1526893123,6303,11940,273,1,1,8,4,1,39,0.002,0.000,,,,,NVIDIA A100-SXM4-40GB MIG 4g.20gb (0),1,,13,"void channel_eq::eqMmseCoefCompLowMimoKernel<float, float, float, (unsigned int)4, (unsigned int)1, (unsigned int)4>(const channel_eq::_puschRxChEqStatDescr *, channel_eq::_puschRxChEqCoefCompDynDescr)"
1526900482,8032,11941,273,1,1,12,11,1,51,0.002,0.000,,,,,NVIDIA A100-SXM4-40GB MIG 4g.20gb (0),1,,13,"void channel_eq::eqMmseSoftDemapKernel<float, __half, __half, float, (unsigned int)4, (unsigned short)16383>(channel_eq::_puschRxChEqStatDescr *, channel_eq::_puschRxChEqSoftDemapDynDescr)"
1526911394,282461,11942,1,1,1,32,32,1,30,0.000,0.000,,,,,NVIDIA A100-SXM4-40GB MIG 4g.20gb (0),1,,13,"void convert_kernel<float2, __half2>(tensor_layout_any, T1 *, tensor_layout_any, const T2 *)"
1527195903,10880,11954,2253,1,1,128,1,1,16,0.000,0.000,,,,,NVIDIA A100-SXM4-40GB MIG 4g.20gb (0),1,,13,cupy_copy__float16_float16
1527211551,2624,11963,282,1,1,128,1,1,16,0.000,0.000,,,,,NVIDIA A100-SXM4-40GB MIG 4g.20gb (0),1,,13,cupy_copy__complex64_complex64
1527215231,2400,11972,26,1,1,128,1,1,16,0.000,0.000,,,,,NVIDIA A100-SXM4-40GB MIG 4g.20gb (0),1,,13,cupy_copy__float32_float32
1527218655,4607,11981,103,1,1,128,1,1,16,0.000,0.000,,,,,NVIDIA A100-SXM4-40GB MIG 4g.20gb (0),1,,13,cupy_copy__complex64_complex64
1527225214,12512,11991,1434,1,1,128,1,1,16,0.000,0.000,,,,,NVIDIA A100-SXM4-40GB MIG 4g.20gb (0),1,,13,cupy_copy__complex64_complex64
1527238974,82847,11996,1,1,1,32,32,1,30,0.000,0.000,,,,,NVIDIA A100-SXM4-40GB MIG 4g.20gb (0),1,,13,"void convert_kernel<__half2, float2>(tensor_layout_any, T1 *, tensor_layout_any, const T2 *)"
1527349085,5728,11999,,,,,,,,,,0.094,16357.541,Pinned,Device,NVIDIA A100-SXM4-40GB MIG 4g.20gb (0),1,,13,[CUDA memcpy Host-to-Device]
1527359645,599192,12000,,,,,,,,,,456.561,761544.482,Device,,NVIDIA A100-SXM4-40GB MIG 4g.20gb (0),1,,13,[CUDA memset]
1527961845,160158,12005,,,,,,,,,,1.235,7709.755,Pinned,Device,NVIDIA A100-SXM4-40GB MIG 4g.20gb (0),1,,13,[CUDA memcpy Host-to-Device]
1528134227,41248,12006,,,,,,,,,,0.197,4766.368,Pinned,Device,NVIDIA A100-SXM4-40GB MIG 4g.20gb (0),1,,13,[CUDA memcpy Host-to-Device]
1528192658,8000,12007,69,4,1,48,1,1,76,0.002,0.000,,,,,NVIDIA A100-SXM4-40GB MIG 4g.20gb (0),1,,13,"void ch_est::windowedChEstPreNoDftSOfdmKernel<float, __half, float, (unsigned int)2, (unsigned int)1, (unsigned short)4>(ch_est::puschRxChEstStatDescr_t *, ch_est::puschRxChEstDynDescr_t *)"
1528211858,6688,12008,137,2,1,24,2,1,44,0.001,0.001,,,,,NVIDIA A100-SXM4-40GB MIG 4g.20gb (0),1,,13,"void ch_est::chEstFilterNoDftSOfdmDispatchKernel<float, __half, float, (unsigned int)2>(ch_est::puschRxChEstStatDescr_t *, ch_est::puschRxChEstDynDescr_t *)"
1528229682,4736,12009,137,2,1,24,2,1,44,0.001,0.001,,,,,NVIDIA A100-SXM4-40GB MIG 4g.20gb (0),1,,13,"void ch_est::chEstFilterNoDftSOfdmDispatchKernel<float, __half, float, (unsigned int)2>(ch_est::puschRxChEstStatDescr_t *, ch_est::puschRxChEstDynDescr_t *)"
1528247122,2688,12020,103,1,1,128,1,1,16,0.000,0.000,,,,,NVIDIA A100-SXM4-40GB MIG 4g.20gb (0),1,,13,cupy_copy__complex64_complex64
1528263570,12447,12030,1434,1,1,128,1,1,16,0.000,0.000,,,,,NVIDIA A100-SXM4-40GB MIG 4g.20gb (0),1,,13,cupy_copy__complex64_complex64
1528282865,2528,12037,103,1,1,128,1,1,16,0.000,0.000,,,,,NVIDIA A100-SXM4-40GB MIG 4g.20gb (0),1,,13,cupy_copy__complex64_complex64
1528305201,87359,12044,1,1,1,32,32,1,30,0.000,0.000,,,,,NVIDIA A100-SXM4-40GB MIG 4g.20gb (0),1,,13,"void convert_kernel<__half2, float2>(tensor_layout_any, T1 *, tensor_layout_any, const T2 *)"
1528422416,27167,12047,,,,,,,,,,0.094,3448.856,Pinned,Device,NVIDIA A100-SXM4-40GB MIG 4g.20gb (0),1,,13,[CUDA memcpy Host-to-Device]
1528460879,47200,12048,,,,,,,,,,35.810,758668.965,Device,,NVIDIA A100-SXM4-40GB MIG 4g.20gb (0),1,,13,[CUDA memset]
1528518158,6560,12050,,,,,,,,,,0.000,12.195,Pinned,Device,NVIDIA A100-SXM4-40GB MIG 4g.20gb (0),1,,13,[CUDA memcpy Host-to-Device]
1528532494,25696,12051,,,,,,,,,,0.197,7651.197,Pinned,Device,NVIDIA A100-SXM4-40GB MIG 4g.20gb (0),1,,13,[CUDA memcpy Host-to-Device]
1528568750,9536,12052,273,1,1,48,1,1,40,0.000,0.001,,,,,NVIDIA A100-SXM4-40GB MIG 4g.20gb (0),1,,13,"void pusch_noise_intf_est::noiseIntfEstNoDftSOfdmKernel<float, __half, float, float, (unsigned int)2, (unsigned int)1, (unsigned char)4, (unsigned char)4>(pusch_noise_intf_est::puschRxNoiseIntfEstDynDescr)"
1528585486,2720,12063,35,1,1,128,1,1,16,0.000,0.000,,,,,NVIDIA A100-SXM4-40GB MIG 4g.20gb (0),1,,13,cupy_copy__complex64_complex64
1528594157,1728,12072,1,1,1,1,1,1,18,0.000,0.000,,,,,NVIDIA A100-SXM4-40GB MIG 4g.20gb (0),1,,13,cupy_copy__float32_float32
1528603149,4832,12078,,,,,,,,,,0.000,0.828,Device,Pageable,NVIDIA A100-SXM4-40GB MIG 4g.20gb (0),1,,7,[CUDA memcpy Device-to-Host]
1528675468,12992,12089,1434,1,1,128,1,1,16,0.000,0.000,,,,,NVIDIA A100-SXM4-40GB MIG 4g.20gb (0),1,,13,cupy_copy__complex64_complex64
1528707276,3072,12096,103,1,1,128,1,1,16,0.000,0.000,,,,,NVIDIA A100-SXM4-40GB MIG 4g.20gb (0),1,,13,cupy_copy__complex64_complex64
1528729164,2656,12103,35,1,1,128,1,1,16,0.000,0.000,,,,,NVIDIA A100-SXM4-40GB MIG 4g.20gb (0),1,,13,cupy_copy__complex64_complex64
1528741484,2112,12110,1,1,1,1,1,1,18,0.000,0.000,,,,,NVIDIA A100-SXM4-40GB MIG 4g.20gb (0),1,,13,cupy_copy__float32_float32
1528874218,90175,12121,1,1,1,32,32,1,30,0.000,0.000,,,,,NVIDIA A100-SXM4-40GB MIG 4g.20gb (0),1,,13,"void convert_kernel<__half2, float2>(tensor_layout_any, T1 *, tensor_layout_any, const T2 *)"
1528991977,5663,12124,,,,,,,,,,0.094,16545.214,Pinned,Device,NVIDIA A100-SXM4-40GB MIG 4g.20gb (0),1,,13,[CUDA memcpy Host-to-Device]
1529006344,3200,12125,,,,,,,,,,1.547,483320.000,Device,,NVIDIA A100-SXM4-40GB MIG 4g.20gb (0),1,,13,[CUDA memset]
1529013064,3008,12130,,,,,,,,,,0.031,10404.230,Pinned,Device,NVIDIA A100-SXM4-40GB MIG 4g.20gb (0),1,,13,[CUDA memcpy Host-to-Device]
1529018632,9760,12131,,,,,,,,,,0.197,20144.259,Pinned,Device,NVIDIA A100-SXM4-40GB MIG 4g.20gb (0),1,,13,[CUDA memcpy Host-to-Device]
1529032488,6144,12132,273,1,1,8,4,1,39,0.002,0.000,,,,,NVIDIA A100-SXM4-40GB MIG 4g.20gb (0),1,,13,"void channel_eq::eqMmseCoefCompLowMimoKernel<float, float, float, (unsigned int)4, (unsigned int)1, (unsigned int)4>(const channel_eq::_puschRxChEqStatDescr *, channel_eq::_puschRxChEqCoefCompDynDescr)"
1529039624,6368,12133,273,1,1,12,11,1,51,0.002,0.000,,,,,NVIDIA A100-SXM4-40GB MIG 4g.20gb (0),1,,13,"void channel_eq::eqMmseSoftDemapKernel<float, __half, __half, float, (unsigned int)4, (unsigned short)16383>(channel_eq::_puschRxChEqStatDescr *, channel_eq::_puschRxChEqSoftDemapDynDescr)"
1529047080,282588,12134,1,1,1,32,32,1,30,0.000,0.000,,,,,NVIDIA A100-SXM4-40GB MIG 4g.20gb (0),1,,13,"void convert_kernel<float2, __half2>(tensor_layout_any, T1 *, tensor_layout_any, const T2 *)"
1529330852,11296,12146,2253,1,1,128,1,1,16,0.000,0.000,,,,,NVIDIA A100-SXM4-40GB MIG 4g.20gb (0),1,,13,cupy_copy__float16_float16
1529345060,3520,12155,282,1,1,128,1,1,16,0.000,0.000,,,,,NVIDIA A100-SXM4-40GB MIG 4g.20gb (0),1,,13,cupy_copy__complex64_complex64
1529351940,2240,12164,26,1,1,128,1,1,16,0.000,0.000,,,,,NVIDIA A100-SXM4-40GB MIG 4g.20gb (0),1,,13,cupy_copy__float32_float32
1529355748,3296,12173,103,1,1,128,1,1,16,0.000,0.000,,,,,NVIDIA A100-SXM4-40GB MIG 4g.20gb (0),1,,13,cupy_copy__complex64_complex64
1529360036,12256,12183,1434,1,1,128,1,1,16,0.000,0.000,,,,,NVIDIA A100-SXM4-40GB MIG 4g.20gb (0),1,,13,cupy_copy__complex64_complex64
1529384452,81823,12188,1,1,1,32,32,1,30,0.000,0.000,,,,,NVIDIA A100-SXM4-40GB MIG 4g.20gb (0),1,,13,"void convert_kernel<__half2, float2>(tensor_layout_any, T1 *, tensor_layout_any, const T2 *)"
1529494114,5376,12191,,,,,,,,,,0.094,17428.487,Pinned,Device,NVIDIA A100-SXM4-40GB MIG 4g.20gb (0),1,,13,[CUDA memcpy Host-to-Device]
1529503906,598649,12192,,,,,,,,,,456.561,762457.605,Device,,NVIDIA A100-SXM4-40GB MIG 4g.20gb (0),1,,13,[CUDA memset]
1530111163,115134,12197,,,,,,,,,,1.235,10725.489,Pinned,Device,NVIDIA A100-SXM4-40GB MIG 4g.20gb (0),1,,13,[CUDA memcpy Host-to-Device]
1530235801,33088,12198,,,,,,,,,,0.197,5941.887,Pinned,Device,NVIDIA A100-SXM4-40GB MIG 4g.20gb (0),1,,13,[CUDA memcpy Host-to-Device]
1530287096,8384,12199,69,4,1,48,1,1,76,0.002,0.000,,,,,NVIDIA A100-SXM4-40GB MIG 4g.20gb (0),1,,13,"void ch_est::windowedChEstPreNoDftSOfdmKernel<float, __half, float, (unsigned int)2, (unsigned int)1, (unsigned short)4>(ch_est::puschRxChEstStatDescr_t *, ch_est::puschRxChEstDynDescr_t *)"
1530303224,6688,12200,137,2,1,24,2,1,44,0.001,0.001,,,,,NVIDIA A100-SXM4-40GB MIG 4g.20gb (0),1,,13,"void ch_est::chEstFilterNoDftSOfdmDispatchKernel<float, __half, float, (unsigned int)2>(ch_est::puschRxChEstStatDescr_t *, ch_est::puschRxChEstDynDescr_t *)"
1530317176,4736,12201,137,2,1,24,2,1,44,0.001,0.001,,,,,NVIDIA A100-SXM4-40GB MIG 4g.20gb (0),1,,13,"void ch_est::chEstFilterNoDftSOfdmDispatchKernel<float, __half, float, (unsigned int)2>(ch_est::puschRxChEstStatDescr_t *, ch_est::puschRxChEstDynDescr_t *)"
1530333816,2560,12212,103,1,1,128,1,1,16,0.000,0.000,,,,,NVIDIA A100-SXM4-40GB MIG 4g.20gb (0),1,,13,cupy_copy__complex64_complex64
1530348312,12320,12222,1434,1,1,128,1,1,16,0.000,0.000,,,,,NVIDIA A100-SXM4-40GB MIG 4g.20gb (0),1,,13,cupy_copy__complex64_complex64
1530384727,2592,12229,103,1,1,128,1,1,16,0.000,0.000,,,,,NVIDIA A100-SXM4-40GB MIG 4g.20gb (0),1,,13,cupy_copy__complex64_complex64
1530400919,85887,12236,1,1,1,32,32,1,30,0.000,0.000,,,,,NVIDIA A100-SXM4-40GB MIG 4g.20gb (0),1,,13,"void convert_kernel<__half2, float2>(tensor_layout_any, T1 *, tensor_layout_any, const T2 *)"
1530519062,27487,12239,,,,,,,,,,0.094,3408.660,Pinned,Device,NVIDIA A100-SXM4-40GB MIG 4g.20gb (0),1,,13,[CUDA memcpy Host-to-Device]
1530572021,48319,12240,,,,,,,,,,35.810,741086.294,Device,,NVIDIA A100-SXM4-40GB MIG 4g.20gb (0),1,,13,[CUDA memset]
1530625076,14912,12242,,,,,,,,,,0.000,5.365,Pinned,Device,NVIDIA A100-SXM4-40GB MIG 4g.20gb (0),1,,13,[CUDA memcpy Host-to-Device]
1530652148,28224,12243,,,,,,,,,,0.197,6965.821,Pinned,Device,NVIDIA A100-SXM4-40GB MIG 4g.20gb (0),1,,13,[CUDA memcpy Host-to-Device]
1530703059,9696,12244,273,1,1,48,1,1,40,0.000,0.001,,,,,NVIDIA A100-SXM4-40GB MIG 4g.20gb (0),1,,13,"void pusch_noise_intf_est::noiseIntfEstNoDftSOfdmKernel<float, __half, float, float, (unsigned int)2, (unsigned int)1, (unsigned char)4, (unsigned char)4>(pusch_noise_intf_est::puschRxNoiseIntfEstDynDescr)"
1530719379,2752,12255,35,1,1,128,1,1,16,0.000,0.000,,,,,NVIDIA A100-SXM4-40GB MIG 4g.20gb (0),1,,13,cupy_copy__complex64_complex64
1530736531,1728,12264,1,1,1,1,1,1,18,0.000,0.000,,,,,NVIDIA A100-SXM4-40GB MIG 4g.20gb (0),1,,13,cupy_copy__float32_float32
1530740211,7552,12270,,,,,,,,,,0.000,0.530,Device,Pageable,NVIDIA A100-SXM4-40GB MIG 4g.20gb (0),1,,7,[CUDA memcpy Device-to-Host]
1530830994,12960,12281,1434,1,1,128,1,1,16,0.000,0.000,,,,,NVIDIA A100-SXM4-40GB MIG 4g.20gb (0),1,,13,cupy_copy__complex64_complex64
1530869937,3360,12288,103,1,1,128,1,1,16,0.000,0.000,,,,,NVIDIA A100-SXM4-40GB MIG 4g.20gb (0),1,,13,cupy_copy__complex64_complex64
1530892177,2560,12295,35,1,1,128,1,1,16,0.000,0.000,,,,,NVIDIA A100-SXM4-40GB MIG 4g.20gb (0),1,,13,cupy_copy__complex64_complex64
1530912433,1760,12302,1,1,1,1,1,1,18,0.000,0.000,,,,,NVIDIA A100-SXM4-40GB MIG 4g.20gb (0),1,,13,cupy_copy__float32_float32
1531036367,86335,12313,1,1,1,32,32,1,30,0.000,0.000,,,,,NVIDIA A100-SXM4-40GB MIG 4g.20gb (0),1,,13,"void convert_kernel<__half2, float2>(tensor_layout_any, T1 *, tensor_layout_any, const T2 *)"
1531155790,10400,12316,,,,,,,,,,0.094,9009.151,Pinned,Device,NVIDIA A100-SXM4-40GB MIG 4g.20gb (0),1,,13,[CUDA memcpy Host-to-Device]
1531175469,3488,12317,,,,,,,,,,1.547,443412.461,Device,,NVIDIA A100-SXM4-40GB MIG 4g.20gb (0),1,,13,[CUDA memset]
1531183277,3616,12322,,,,,,,,,,0.031,8654.846,Pinned,Device,NVIDIA A100-SXM4-40GB MIG 4g.20gb (0),1,,13,[CUDA memcpy Host-to-Device]
1531189485,16064,12323,,,,,,,,,,0.197,12238.848,Pinned,Device,NVIDIA A100-SXM4-40GB MIG 4g.20gb (0),1,,13,[CUDA memcpy Host-to-Device]
1531215437,8128,12324,273,1,1,8,4,1,39,0.002,0.000,,,,,NVIDIA A100-SXM4-40GB MIG 4g.20gb (0),1,,13,"void channel_eq::eqMmseCoefCompLowMimoKernel<float, float, float, (unsigned int)4, (unsigned int)1, (unsigned int)4>(const channel_eq::_puschRxChEqStatDescr *, channel_eq::_puschRxChEqCoefCompDynDescr)"
1531231981,5504,12325,273,1,1,12,11,1,51,0.002,0.000,,,,,NVIDIA A100-SXM4-40GB MIG 4g.20gb (0),1,,13,"void channel_eq::eqMmseSoftDemapKernel<float, __half, __half, float, (unsigned int)4, (unsigned short)16383>(channel_eq::_puschRxChEqStatDescr *, channel_eq::_puschRxChEqSoftDemapDynDescr)"
1531239085,290268,12326,1,1,1,32,32,1,30,0.000,0.000,,,,,NVIDIA A100-SXM4-40GB MIG 4g.20gb (0),1,,13,"void convert_kernel<float2, __half2>(tensor_layout_any, T1 *, tensor_layout_any, const T2 *)"
1531531561,10976,12338,2253,1,1,128,1,1,16,0.000,0.000,,,,,NVIDIA A100-SXM4-40GB MIG 4g.20gb (0),1,,13,cupy_copy__float16_float16
1531544425,3136,12347,282,1,1,128,1,1,16,0.000,0.000,,,,,NVIDIA A100-SXM4-40GB MIG 4g.20gb (0),1,,13,cupy_copy__complex64_complex64
1531549641,2272,12356,26,1,1,128,1,1,16,0.000,0.000,,,,,NVIDIA A100-SXM4-40GB MIG 4g.20gb (0),1,,13,cupy_copy__float32_float32
1531556649,4512,12365,103,1,1,128,1,1,16,0.000,0.000,,,,,NVIDIA A100-SXM4-40GB MIG 4g.20gb (0),1,,13,cupy_copy__complex64_complex64
1531562601,12000,12375,1434,1,1,128,1,1,16,0.000,0.000,,,,,NVIDIA A100-SXM4-40GB MIG 4g.20gb (0),1,,13,cupy_copy__complex64_complex64
1531580008,82559,12380,1,1,1,32,32,1,30,0.000,0.000,,,,,NVIDIA A100-SXM4-40GB MIG 4g.20gb (0),1,,13,"void convert_kernel<__half2, float2>(tensor_layout_any, T1 *, tensor_layout_any, const T2 *)"
1531689127,5504,12383,,,,,,,,,,0.094,17023.251,Pinned,Device,NVIDIA A100-SXM4-40GB MIG 4g.20gb (0),1,,13,[CUDA memcpy Host-to-Device]
1531700295,598457,12384,,,,,,,,,,456.561,762457.605,Device,,NVIDIA A100-SXM4-40GB MIG 4g.20gb (0),1,,13,[CUDA memset]
1532304863,116671,12389,,,,,,,,,,1.235,10584.705,Pinned,Device,NVIDIA A100-SXM4-40GB MIG 4g.20gb (0),1,,13,[CUDA memcpy Host-to-Device]
1532430526,16864,12390,,,,,,,,,,0.197,11658.265,Pinned,Device,NVIDIA A100-SXM4-40GB MIG 4g.20gb (0),1,,13,[CUDA memcpy Host-to-Device]
1532463134,9151,12391,69,4,1,48,1,1,76,0.002,0.000,,,,,NVIDIA A100-SXM4-40GB MIG 4g.20gb (0),1,,13,"void ch_est::windowedChEstPreNoDftSOfdmKernel<float, __half, float, (unsigned int)2, (unsigned int)1, (unsigned short)4>(ch_est::puschRxChEstStatDescr_t *, ch_est::puschRxChEstDynDescr_t *)"
1532478685,6880,12392,137,2,1,24,2,1,44,0.001,0.001,,,,,NVIDIA A100-SXM4-40GB MIG 4g.20gb (0),1,,13,"void ch_est::chEstFilterNoDftSOfdmDispatchKernel<float, __half, float, (unsigned int)2>(ch_est::puschRxChEstStatDescr_t *, ch_est::puschRxChEstDynDescr_t *)"
1532493565,4960,12393,137,2,1,24,2,1,44,0.001,0.001,,,,,NVIDIA A100-SXM4-40GB MIG 4g.20gb (0),1,,13,"void ch_est::chEstFilterNoDftSOfdmDispatchKernel<float, __half, float, (unsigned int)2>(ch_est::puschRxChEstStatDescr_t *, ch_est::puschRxChEstDynDescr_t *)"
1532501661,2528,12404,103,1,1,128,1,1,16,0.000,0.000,,,,,NVIDIA A100-SXM4-40GB MIG 4g.20gb (0),1,,13,cupy_copy__complex64_complex64
1532510813,12640,12414,1434,1,1,128,1,1,16,0.000,0.000,,,,,NVIDIA A100-SXM4-40GB MIG 4g.20gb (0),1,,13,cupy_copy__complex64_complex64
1532527133,3072,12421,103,1,1,128,1,1,16,0.000,0.000,,,,,NVIDIA A100-SXM4-40GB MIG 4g.20gb (0),1,,13,cupy_copy__complex64_complex64
1532535997,92062,12428,1,1,1,32,32,1,30,0.000,0.000,,,,,NVIDIA A100-SXM4-40GB MIG 4g.20gb (0),1,,13,"void convert_kernel<__half2, float2>(tensor_layout_any, T1 *, tensor_layout_any, const T2 *)"
1532658459,9792,12431,,,,,,,,,,0.094,9568.610,Pinned,Device,NVIDIA A100-SXM4-40GB MIG 4g.20gb (0),1,,13,[CUDA memcpy Host-to-Device]
1532673115,47967,12432,,,,,,,,,,35.810,746529.402,Device,,NVIDIA A100-SXM4-40GB MIG 4g.20gb (0),1,,13,[CUDA memset]
1532724730,5696,12434,,,,,,,,,,0.000,14.045,Pinned,Device,NVIDIA A100-SXM4-40GB MIG 4g.20gb (0),1,,13,[CUDA memcpy Host-to-Device]
1532736442,14112,12435,,,,,,,,,,0.197,13931.839,Pinned,Device,NVIDIA A100-SXM4-40GB MIG 4g.20gb (0),1,,13,[CUDA memcpy Host-to-Device]
1532757050,11232,12436,273,1,1,48,1,1,40,0.000,0.001,,,,,NVIDIA A100-SXM4-40GB MIG 4g.20gb (0),1,,13,"void pusch_noise_intf_est::noiseIntfEstNoDftSOfdmKernel<float, __half, float, float, (unsigned int)2, (unsigned int)1, (unsigned char)4, (unsigned char)4>(pusch_noise_intf_est::puschRxNoiseIntfEstDynDescr)"
1532770330,4096,12447,35,1,1,128,1,1,16,0.000,0.000,,,,,NVIDIA A100-SXM4-40GB MIG 4g.20gb (0),1,,13,cupy_copy__complex64_complex64
1532775578,1984,12456,1,1,1,1,1,1,18,0.000,0.000,,,,,NVIDIA A100-SXM4-40GB MIG 4g.20gb (0),1,,13,cupy_copy__float32_float32
1532807929,2016,12462,,,,,,,,,,0.000,1.984,Device,Pageable,NVIDIA A100-SXM4-40GB MIG 4g.20gb (0),1,,7,[CUDA memcpy Device-to-Host]
1532868761,13119,12473,1434,1,1,128,1,1,16,0.000,0.000,,,,,NVIDIA A100-SXM4-40GB MIG 4g.20gb (0),1,,13,cupy_copy__complex64_complex64
1532895224,2752,12480,103,1,1,128,1,1,16,0.000,0.000,,,,,NVIDIA A100-SXM4-40GB MIG 4g.20gb (0),1,,13,cupy_copy__complex64_complex64
1532915640,2784,12487,35,1,1,128,1,1,16,0.000,0.000,,,,,NVIDIA A100-SXM4-40GB MIG 4g.20gb (0),1,,13,cupy_copy__complex64_complex64
1532934552,1760,12494,1,1,1,1,1,1,18,0.000,0.000,,,,,NVIDIA A100-SXM4-40GB MIG 4g.20gb (0),1,,13,cupy_copy__float32_float32
1533066646,87871,12505,1,1,1,32,32,1,30,0.000,0.000,,,,,NVIDIA A100-SXM4-40GB MIG 4g.20gb (0),1,,13,"void convert_kernel<__half2, float2>(tensor_layout_any, T1 *, tensor_layout_any, const T2 *)"
1533182293,5664,12508,,,,,,,,,,0.094,16542.310,Pinned,Device,NVIDIA A100-SXM4-40GB MIG 4g.20gb (0),1,,13,[CUDA memcpy Host-to-Device]
1533197236,3168,12509,,,,,,,,,,1.547,488201.145,Device,,NVIDIA A100-SXM4-40GB MIG 4g.20gb (0),1,,13,[CUDA memset]
1533204020,3360,12514,,,,,,,,,,0.031,9314.284,Pinned,Device,NVIDIA A100-SXM4-40GB MIG 4g.20gb (0),1,,13,[CUDA memcpy Host-to-Device]
1533209812,9760,12515,,,,,,,,,,0.197,20144.259,Pinned,Device,NVIDIA A100-SXM4-40GB MIG 4g.20gb (0),1,,13,[CUDA memcpy Host-to-Device]
1533225524,5984,12516,273,1,1,8,4,1,39,0.002,0.000,,,,,NVIDIA A100-SXM4-40GB MIG 4g.20gb (0),1,,13,"void channel_eq::eqMmseCoefCompLowMimoKernel<float, float, float, (unsigned int)4, (unsigned int)1, (unsigned int)4>(const channel_eq::_puschRxChEqStatDescr *, channel_eq::_puschRxChEqCoefCompDynDescr)"
1533233652,5568,12517,273,1,1,12,11,1,51,0.002,0.000,,,,,NVIDIA A100-SXM4-40GB MIG 4g.20gb (0),1,,13,"void channel_eq::eqMmseSoftDemapKernel<float, __half, __half, float, (unsigned int)4, (unsigned short)16383>(channel_eq::_puschRxChEqStatDescr *, channel_eq::_puschRxChEqSoftDemapDynDescr)"
1533240276,294428,12518,1,1,1,32,32,1,30,0.000,0.000,,,,,NVIDIA A100-SXM4-40GB MIG 4g.20gb (0),1,,13,"void convert_kernel<float2, __half2>(tensor_layout_any, T1 *, tensor_layout_any, const T2 *)"
1533538512,10848,12530,2253,1,1,128,1,1,16,0.000,0.000,,,,,NVIDIA A100-SXM4-40GB MIG 4g.20gb (0),1,,13,cupy_copy__float16_float16
1533552144,3488,12539,282,1,1,128,1,1,16,0.000,0.000,,,,,NVIDIA A100-SXM4-40GB MIG 4g.20gb (0),1,,13,cupy_copy__complex64_complex64
1533558832,2112,12548,26,1,1,128,1,1,16,0.000,0.000,,,,,NVIDIA A100-SXM4-40GB MIG 4g.20gb (0),1,,13,cupy_copy__float32_float32
1533563984,3040,12557,103,1,1,128,1,1,16,0.000,0.000,,,,,NVIDIA A100-SXM4-40GB MIG 4g.20gb (0),1,,13,cupy_copy__complex64_complex64
1533568144,12032,12567,1434,1,1,128,1,1,16,0.000,0.000,,,,,NVIDIA A100-SXM4-40GB MIG 4g.20gb (0),1,,13,cupy_copy__complex64_complex64
1533583312,81567,12572,1,1,1,32,32,1,30,0.000,0.000,,,,,NVIDIA A100-SXM4-40GB MIG 4g.20gb (0),1,,13,"void convert_kernel<__half2, float2>(tensor_layout_any, T1 *, tensor_layout_any, const T2 *)"
1533691694,5504,12575,,,,,,,,,,0.094,17023.251,Pinned,Device,NVIDIA A100-SXM4-40GB MIG 4g.20gb (0),1,,13,[CUDA memcpy Host-to-Device]
1533701742,596569,12576,,,,,,,,,,456.561,765196.973,Device,,NVIDIA A100-SXM4-40GB MIG 4g.20gb (0),1,,13,[CUDA memset]
1534300487,160670,12581,,,,,,,,,,1.235,7685.057,Pinned,Device,NVIDIA A100-SXM4-40GB MIG 4g.20gb (0),1,,13,[CUDA memcpy Host-to-Device]
1534477541,40415,12582,,,,,,,,,,0.197,4864.672,Pinned,Device,NVIDIA A100-SXM4-40GB MIG 4g.20gb (0),1,,13,[CUDA memcpy Host-to-Device]
1534547012,8096,12583,69,4,1,48,1,1,76,0.002,0.000,,,,,NVIDIA A100-SXM4-40GB MIG 4g.20gb (0),1,,13,"void ch_est::windowedChEstPreNoDftSOfdmKernel<float, __half, float, (unsigned int)2, (unsigned int)1, (unsigned short)4>(ch_est::puschRxChEstStatDescr_t *, ch_est::puschRxChEstDynDescr_t *)"
1534566563,6336,12584,137,2,1,24,2,1,44,0.001,0.001,,,,,NVIDIA A100-SXM4-40GB MIG 4g.20gb (0),1,,13,"void ch_est::chEstFilterNoDftSOfdmDispatchKernel<float, __half, float, (unsigned int)2>(ch_est::puschRxChEstStatDescr_t *, ch_est::puschRxChEstDynDescr_t *)"
1534583107,4864,12585,137,2,1,24,2,1,44,0.001,0.001,,,,,NVIDIA A100-SXM4-40GB MIG 4g.20gb (0),1,,13,"void ch_est::chEstFilterNoDftSOfdmDispatchKernel<float, __half, float, (unsigned int)2>(ch_est::puschRxChEstStatDescr_t *, ch_est::puschRxChEstDynDescr_t *)"
1534598243,2624,12596,103,1,1,128,1,1,16,0.000,0.000,,,,,NVIDIA A100-SXM4-40GB MIG 4g.20gb (0),1,,13,cupy_copy__complex64_complex64
1534611747,12320,12606,1434,1,1,128,1,1,16,0.000,0.000,,,,,NVIDIA A100-SXM4-40GB MIG 4g.20gb (0),1,,13,cupy_copy__complex64_complex64
1534630083,2592,12613,103,1,1,128,1,1,16,0.000,0.000,,,,,NVIDIA A100-SXM4-40GB MIG 4g.20gb (0),1,,13,cupy_copy__complex64_complex64
1534644227,85726,12620,1,1,1,32,32,1,30,0.000,0.000,,,,,NVIDIA A100-SXM4-40GB MIG 4g.20gb (0),1,,13,"void convert_kernel<__half2, float2>(tensor_layout_any, T1 *, tensor_layout_any, const T2 *)"
1534759681,13472,12623,,,,,,,,,,0.094,6954.867,Pinned,Device,NVIDIA A100-SXM4-40GB MIG 4g.20gb (0),1,,13,[CUDA memcpy Host-to-Device]
1534777793,46975,12624,,,,,,,,,,35.810,762285.767,Device,,NVIDIA A100-SXM4-40GB MIG 4g.20gb (0),1,,13,[CUDA memset]
1534827520,7968,12626,,,,,,,,,,0.000,10.040,Pinned,Device,NVIDIA A100-SXM4-40GB MIG 4g.20gb (0),1,,13,[CUDA memcpy Host-to-Device]
1534847392,16768,12627,,,,,,,,,,0.197,11725.111,Pinned,Device,NVIDIA A100-SXM4-40GB MIG 4g.20gb (0),1,,13,[CUDA memcpy Host-to-Device]
1534876832,9440,12628,273,1,1,48,1,1,40,0.000,0.001,,,,,NVIDIA A100-SXM4-40GB MIG 4g.20gb (0),1,,13,"void pusch_noise_intf_est::noiseIntfEstNoDftSOfdmKernel<float, __half, float, float, (unsigned int)2, (unsigned int)1, (unsigned char)4, (unsigned char)4>(pusch_noise_intf_est::puschRxNoiseIntfEstDynDescr)"
1534897855,2752,12639,35,1,1,128,1,1,16,0.000,0.000,,,,,NVIDIA A100-SXM4-40GB MIG 4g.20gb (0),1,,13,cupy_copy__complex64_complex64
1534906911,1728,12648,1,1,1,1,1,1,18,0.000,0.000,,,,,NVIDIA A100-SXM4-40GB MIG 4g.20gb (0),1,,13,cupy_copy__float32_float32
1534923039,5216,12654,,,,,,,,,,0.000,0.767,Device,Pageable,NVIDIA A100-SXM4-40GB MIG 4g.20gb (0),1,,7,[CUDA memcpy Device-to-Host]
1534999966,13056,12665,1434,1,1,128,1,1,16,0.000,0.000,,,,,NVIDIA A100-SXM4-40GB MIG 4g.20gb (0),1,,13,cupy_copy__complex64_complex64
1535027774,3552,12672,103,1,1,128,1,1,16,0.000,0.000,,,,,NVIDIA A100-SXM4-40GB MIG 4g.20gb (0),1,,13,cupy_copy__complex64_complex64
1535045086,2560,12679,35,1,1,128,1,1,16,0.000,0.000,,,,,NVIDIA A100-SXM4-40GB MIG 4g.20gb (0),1,,13,cupy_copy__complex64_complex64
1535069309,1792,12686,1,1,1,1,1,1,18,0.000,0.000,,,,,NVIDIA A100-SXM4-40GB MIG 4g.20gb (0),1,,13,cupy_copy__float32_float32
1535189628,86783,12697,1,1,1,32,32,1,30,0.000,0.000,,,,,NVIDIA A100-SXM4-40GB MIG 4g.20gb (0),1,,13,"void convert_kernel<__half2, float2>(tensor_layout_any, T1 *, tensor_layout_any, const T2 *)"
1535303962,5760,12700,,,,,,,,,,0.094,16266.656,Pinned,Device,NVIDIA A100-SXM4-40GB MIG 4g.20gb (0),1,,13,[CUDA memcpy Host-to-Device]
1535318970,3424,12701,,,,,,,,,,1.547,451700.819,Device,,NVIDIA A100-SXM4-40GB MIG 4g.20gb (0),1,,13,[CUDA memset]
1535325850,3200,12706,,,,,,,,,,0.031,9780.000,Pinned,Device,NVIDIA A100-SXM4-40GB MIG 4g.20gb (0),1,,13,[CUDA memcpy Host-to-Device]
1535331674,9408,12707,,,,,,,,,,0.197,20897.858,Pinned,Device,NVIDIA A100-SXM4-40GB MIG 4g.20gb (0),1,,13,[CUDA memcpy Host-to-Device]
1535346266,6400,12708,273,1,1,8,4,1,39,0.002,0.000,,,,,NVIDIA A100-SXM4-40GB MIG 4g.20gb (0),1,,13,"void channel_eq::eqMmseCoefCompLowMimoKernel<float, float, float, (unsigned int)4, (unsigned int)1, (unsigned int)4>(const channel_eq::_puschRxChEqStatDescr *, channel_eq::_puschRxChEqCoefCompDynDescr)"
1535356026,6336,12709,273,1,1,12,11,1,51,0.002,0.000,,,,,NVIDIA A100-SXM4-40GB MIG 4g.20gb (0),1,,13,"void channel_eq::eqMmseSoftDemapKernel<float, __half, __half, float, (unsigned int)4, (unsigned short)16383>(channel_eq::_puschRxChEqStatDescr *, channel_eq::_puschRxChEqSoftDemapDynDescr)"
1535363386,282588,12710,1,1,1,32,32,1,30,0.000,0.000,,,,,NVIDIA A100-SXM4-40GB MIG 4g.20gb (0),1,,13,"void convert_kernel<float2, __half2>(tensor_layout_any, T1 *, tensor_layout_any, const T2 *)"
1535647382,11040,12722,2253,1,1,128,1,1,16,0.000,0.000,,,,,NVIDIA A100-SXM4-40GB MIG 4g.20gb (0),1,,13,cupy_copy__float16_float16
1535660374,2752,12731,282,1,1,128,1,1,16,0.000,0.000,,,,,NVIDIA A100-SXM4-40GB MIG 4g.20gb (0),1,,13,cupy_copy__complex64_complex64
1535664822,2048,12740,26,1,1,128,1,1,16,0.000,0.000,,,,,NVIDIA A100-SXM4-40GB MIG 4g.20gb (0),1,,13,cupy_copy__float32_float32
1535669654,3200,12749,103,1,1,128,1,1,16,0.000,0.000,,,,,NVIDIA A100-SXM4-40GB MIG 4g.20gb (0),1,,13,cupy_copy__complex64_complex64
1535673814,12128,12759,1434,1,1,128,1,1,16,0.000,0.000,,,,,NVIDIA A100-SXM4-40GB MIG 4g.20gb (0),1,,13,cupy_copy__complex64_complex64
1535691382,87038,12764,1,1,1,32,32,1,30,0.000,0.000,,,,,NVIDIA A100-SXM4-40GB MIG 4g.20gb (0),1,,13,"void convert_kernel<__half2, float2>(tensor_layout_any, T1 *, tensor_layout_any, const T2 *)"
1535804916,5408,12767,,,,,,,,,,0.094,17325.421,Pinned,Device,NVIDIA A100-SXM4-40GB MIG 4g.20gb (0),1,,13,[CUDA memcpy Host-to-Device]
1535814484,597273,12768,,,,,,,,,,456.561,764283.851,Device,,NVIDIA A100-SXM4-40GB MIG 4g.20gb (0),1,,13,[CUDA memset]
1536419533,116158,12773,,,,,,,,,,1.235,10630.398,Pinned,Device,NVIDIA A100-SXM4-40GB MIG 4g.20gb (0),1,,13,[CUDA memcpy Host-to-Device]
1536544075,32960,12774,,,,,,,,,,0.197,5964.890,Pinned,Device,NVIDIA A100-SXM4-40GB MIG 4g.20gb (0),1,,13,[CUDA memcpy Host-to-Device]
1536594250,8064,12775,69,4,1,48,1,1,76,0.002,0.000,,,,,NVIDIA A100-SXM4-40GB MIG 4g.20gb (0),1,,13,"void ch_est::windowedChEstPreNoDftSOfdmKernel<float, __half, float, (unsigned int)2, (unsigned int)1, (unsigned short)4>(ch_est::puschRxChEstStatDescr_t *, ch_est::puschRxChEstDynDescr_t *)"
1536609962,6976,12776,137,2,1,24,2,1,44,0.001,0.001,,,,,NVIDIA A100-SXM4-40GB MIG 4g.20gb (0),1,,13,"void ch_est::chEstFilterNoDftSOfdmDispatchKernel<float, __half, float, (unsigned int)2>(ch_est::puschRxChEstStatDescr_t *, ch_est::puschRxChEstDynDescr_t *)"
1536622186,6080,12777,137,2,1,24,2,1,44,0.001,0.001,,,,,NVIDIA A100-SXM4-40GB MIG 4g.20gb (0),1,,13,"void ch_est::chEstFilterNoDftSOfdmDispatchKernel<float, __half, float, (unsigned int)2>(ch_est::puschRxChEstStatDescr_t *, ch_est::puschRxChEstDynDescr_t *)"
1536639786,2688,12788,103,1,1,128,1,1,16,0.000,0.000,,,,,NVIDIA A100-SXM4-40GB MIG 4g.20gb (0),1,,13,cupy_copy__complex64_complex64
1536654122,12415,12798,1434,1,1,128,1,1,16,0.000,0.000,,,,,NVIDIA A100-SXM4-40GB MIG 4g.20gb (0),1,,13,cupy_copy__complex64_complex64
1536689705,2496,12805,103,1,1,128,1,1,16,0.000,0.000,,,,,NVIDIA A100-SXM4-40GB MIG 4g.20gb (0),1,,13,cupy_copy__complex64_complex64
1536705321,88959,12812,1,1,1,32,32,1,30,0.000,0.000,,,,,NVIDIA A100-SXM4-40GB MIG 4g.20gb (0),1,,13,"void convert_kernel<__half2, float2>(tensor_layout_any, T1 *, tensor_layout_any, const T2 *)"
1536825575,24192,12815,,,,,,,,,,0.094,3872.924,Pinned,Device,NVIDIA A100-SXM4-40GB MIG 4g.20gb (0),1,,13,[CUDA memcpy Host-to-Device]
1536866887,47231,12816,,,,,,,,,,35.810,758167.626,Device,,NVIDIA A100-SXM4-40GB MIG 4g.20gb (0),1,,13,[CUDA memset]
1536923718,10592,12818,,,,,,,,,,0.000,7.553,Pinned,Device,NVIDIA A100-SXM4-40GB MIG 4g.20gb (0),1,,13,[CUDA memcpy Host-to-Device]
1536940166,33920,12819,,,,,,,,,,0.197,5796.200,Pinned,Device,NVIDIA A100-SXM4-40GB MIG 4g.20gb (0),1,,13,[CUDA memcpy Host-to-Device]
1536989989,10048,12820,273,1,1,48,1,1,40,0.000,0.001,,,,,NVIDIA A100-SXM4-40GB MIG 4g.20gb (0),1,,13,"void pusch_noise_intf_est::noiseIntfEstNoDftSOfdmKernel<float, __half, float, float, (unsigned int)2, (unsigned int)1, (unsigned char)4, (unsigned char)4>(pusch_noise_intf_est::puschRxNoiseIntfEstDynDescr)"
1537009125,2848,12831,35,1,1,128,1,1,16,0.000,0.000,,,,,NVIDIA A100-SXM4-40GB MIG 4g.20gb (0),1,,13,cupy_copy__complex64_complex64
1537017701,2048,12840,1,1,1,1,1,1,18,0.000,0.000,,,,,NVIDIA A100-SXM4-40GB MIG 4g.20gb (0),1,,13,cupy_copy__float32_float32
1537021029,3488,12846,,,,,,,,,,0.000,1.147,Device,Pageable,NVIDIA A100-SXM4-40GB MIG 4g.20gb (0),1,,7,[CUDA memcpy Device-to-Host]
1537099940,12960,12857,1434,1,1,128,1,1,16,0.000,0.000,,,,,NVIDIA A100-SXM4-40GB MIG 4g.20gb (0),1,,13,cupy_copy__complex64_complex64
1537123524,3392,12864,103,1,1,128,1,1,16,0.000,0.000,,,,,NVIDIA A100-SXM4-40GB MIG 4g.20gb (0),1,,13,cupy_copy__complex64_complex64
1537148547,2784,12871,35,1,1,128,1,1,16,0.000,0.000,,,,,NVIDIA A100-SXM4-40GB MIG 4g.20gb (0),1,,13,cupy_copy__complex64_complex64
1537165411,2016,12878,1,1,1,1,1,1,18,0.000,0.000,,,,,NVIDIA A100-SXM4-40GB MIG 4g.20gb (0),1,,13,cupy_copy__float32_float32
1537296418,89407,12889,1,1,1,32,32,1,30,0.000,0.000,,,,,NVIDIA A100-SXM4-40GB MIG 4g.20gb (0),1,,13,"void convert_kernel<__half2, float2>(tensor_layout_any, T1 *, tensor_layout_any, const T2 *)"
1537414336,10144,12892,,,,,,,,,,0.094,9236.552,Pinned,Device,NVIDIA A100-SXM4-40GB MIG 4g.20gb (0),1,,13,[CUDA memcpy Host-to-Device]
1537435616,3360,12893,,,,,,,,,,1.547,460304.688,Device,,NVIDIA A100-SXM4-40GB MIG 4g.20gb (0),1,,13,[CUDA memset]
1537445984,4224,12898,,,,,,,,,,0.031,7409.078,Pinned,Device,NVIDIA A100-SXM4-40GB MIG 4g.20gb (0),1,,13,[CUDA memcpy Host-to-Device]
1537453888,9824,12899,,,,,,,,,,0.197,20012.925,Pinned,Device,NVIDIA A100-SXM4-40GB MIG 4g.20gb (0),1,,13,[CUDA memcpy Host-to-Device]
1537468128,5983,12900,273,1,1,8,4,1,39,0.002,0.000,,,,,NVIDIA A100-SXM4-40GB MIG 4g.20gb (0),1,,13,"void channel_eq::eqMmseCoefCompLowMimoKernel<float, float, float, (unsigned int)4, (unsigned int)1, (unsigned int)4>(const channel_eq::_puschRxChEqStatDescr *, channel_eq::_puschRxChEqCoefCompDynDescr)"
1537475359,5760,12901,273,1,1,12,11,1,51,0.002,0.000,,,,,NVIDIA A100-SXM4-40GB MIG 4g.20gb (0),1,,13,"void channel_eq::eqMmseSoftDemapKernel<float, __half, __half, float, (unsigned int)4, (unsigned short)16383>(channel_eq::_puschRxChEqStatDescr *, channel_eq::_puschRxChEqSoftDemapDynDescr)"
1537482207,282557,12902,1,1,1,32,32,1,30,0.000,0.000,,,,,NVIDIA A100-SXM4-40GB MIG 4g.20gb (0),1,,13,"void convert_kernel<float2, __half2>(tensor_layout_any, T1 *, tensor_layout_any, const T2 *)"
1537766972,10816,12914,2253,1,1,128,1,1,16,0.000,0.000,,,,,NVIDIA A100-SXM4-40GB MIG 4g.20gb (0),1,,13,cupy_copy__float16_float16
1537779996,3072,12923,282,1,1,128,1,1,16,0.000,0.000,,,,,NVIDIA A100-SXM4-40GB MIG 4g.20gb (0),1,,13,cupy_copy__complex64_complex64
1537788380,2016,12932,26,1,1,128,1,1,16,0.000,0.000,,,,,NVIDIA A100-SXM4-40GB MIG 4g.20gb (0),1,,13,cupy_copy__float32_float32
1537792475,3040,12941,103,1,1,128,1,1,16,0.000,0.000,,,,,NVIDIA A100-SXM4-40GB MIG 4g.20gb (0),1,,13,cupy_copy__complex64_complex64
1537798555,12160,12951,1434,1,1,128,1,1,16,0.000,0.000,,,,,NVIDIA A100-SXM4-40GB MIG 4g.20gb (0),1,,13,cupy_copy__complex64_complex64
1537816187,86879,12956,1,1,1,32,32,1,30,0.000,0.000,,,,,NVIDIA A100-SXM4-40GB MIG 4g.20gb (0),1,,13,"void convert_kernel<__half2, float2>(tensor_layout_any, T1 *, tensor_layout_any, const T2 *)"
1537930138,5440,12959,,,,,,,,,,0.094,17223.480,Pinned,Device,NVIDIA A100-SXM4-40GB MIG 4g.20gb (0),1,,13,[CUDA memcpy Host-to-Device]
1537939898,598168,12960,,,,,,,,,,456.561,762914.166,Device,,NVIDIA A100-SXM4-40GB MIG 4g.20gb (0),1,,13,[CUDA memset]
1538538866,154494,12965,,,,,,,,,,1.235,7992.558,Pinned,Device,NVIDIA A100-SXM4-40GB MIG 4g.20gb (0),1,,13,[CUDA memcpy Host-to-Device]
1538705872,41376,12966,,,,,,,,,,0.197,4751.622,Pinned,Device,NVIDIA A100-SXM4-40GB MIG 4g.20gb (0),1,,13,[CUDA memcpy Host-to-Device]
1538776687,8416,12967,69,4,1,48,1,1,76,0.002,0.000,,,,,NVIDIA A100-SXM4-40GB MIG 4g.20gb (0),1,,13,"void ch_est::windowedChEstPreNoDftSOfdmKernel<float, __half, float, (unsigned int)2, (unsigned int)1, (unsigned short)4>(ch_est::puschRxChEstStatDescr_t *, ch_est::puschRxChEstDynDescr_t *)"
1538796527,6912,12968,137,2,1,24,2,1,44,0.001,0.001,,,,,NVIDIA A100-SXM4-40GB MIG 4g.20gb (0),1,,13,"void ch_est::chEstFilterNoDftSOfdmDispatchKernel<float, __half, float, (unsigned int)2>(ch_est::puschRxChEstStatDescr_t *, ch_est::puschRxChEstDynDescr_t *)"
1538813615,4704,12969,137,2,1,24,2,1,44,0.001,0.001,,,,,NVIDIA A100-SXM4-40GB MIG 4g.20gb (0),1,,13,"void ch_est::chEstFilterNoDftSOfdmDispatchKernel<float, __half, float, (unsigned int)2>(ch_est::puschRxChEstStatDescr_t *, ch_est::puschRxChEstDynDescr_t *)"
1538832783,2720,12980,103,1,1,128,1,1,16,0.000,0.000,,,,,NVIDIA A100-SXM4-40GB MIG 4g.20gb (0),1,,13,cupy_copy__complex64_complex64
1538849966,12416,12990,1434,1,1,128,1,1,16,0.000,0.000,,,,,NVIDIA A100-SXM4-40GB MIG 4g.20gb (0),1,,13,cupy_copy__complex64_complex64
1538869838,2976,12997,103,1,1,128,1,1,16,0.000,0.000,,,,,NVIDIA A100-SXM4-40GB MIG 4g.20gb (0),1,,13,cupy_copy__complex64_complex64
1538890382,91711,13004,1,1,1,32,32,1,30,0.000,0.000,,,,,NVIDIA A100-SXM4-40GB MIG 4g.20gb (0),1,,13,"void convert_kernel<__half2, float2>(tensor_layout_any, T1 *, tensor_layout_any, const T2 *)"
1539019724,17024,13007,,,,,,,,,,0.094,5503.703,Pinned,Device,NVIDIA A100-SXM4-40GB MIG 4g.20gb (0),1,,13,[CUDA memcpy Host-to-Device]
1539060844,47071,13008,,,,,,,,,,35.810,760745.940,Device,,NVIDIA A100-SXM4-40GB MIG 4g.20gb (0),1,,13,[CUDA memset]
1539116331,8352,13010,,,,,,,,,,0.000,9.578,Pinned,Device,NVIDIA A100-SXM4-40GB MIG 4g.20gb (0),1,,13,[CUDA memcpy Host-to-Device]
1539135371,20448,13011,,,,,,,,,,0.197,9614.918,Pinned,Device,NVIDIA A100-SXM4-40GB MIG 4g.20gb (0),1,,13,[CUDA memcpy Host-to-Device]
1539170506,9920,13012,273,1,1,48,1,1,40,0.000,0.001,,,,,NVIDIA A100-SXM4-40GB MIG 4g.20gb (0),1,,13,"void pusch_noise_intf_est::noiseIntfEstNoDftSOfdmKernel<float, __half, float, float, (unsigned int)2, (unsigned int)1, (unsigned char)4, (unsigned char)4>(pusch_noise_intf_est::puschRxNoiseIntfEstDynDescr)"
1539198442,2688,13023,35,1,1,128,1,1,16,0.000,0.000,,,,,NVIDIA A100-SXM4-40GB MIG 4g.20gb (0),1,,13,cupy_copy__complex64_complex64
1539213066,1696,13032,1,1,1,1,1,1,18,0.000,0.000,,,,,NVIDIA A100-SXM4-40GB MIG 4g.20gb (0),1,,13,cupy_copy__float32_float32
1539220874,6208,13038,,,,,,,,,,0.000,0.644,Device,Pageable,NVIDIA A100-SXM4-40GB MIG 4g.20gb (0),1,,7,[CUDA memcpy Device-to-Host]
1539308169,13120,13049,1434,1,1,128,1,1,16,0.000,0.000,,,,,NVIDIA A100-SXM4-40GB MIG 4g.20gb (0),1,,13,cupy_copy__complex64_complex64
1539328520,3584,13056,103,1,1,128,1,1,16,0.000,0.000,,,,,NVIDIA A100-SXM4-40GB MIG 4g.20gb (0),1,,13,cupy_copy__complex64_complex64
1539356136,2816,13063,35,1,1,128,1,1,16,0.000,0.000,,,,,NVIDIA A100-SXM4-40GB MIG 4g.20gb (0),1,,13,cupy_copy__complex64_complex64
1539369416,2016,13070,1,1,1,1,1,1,18,0.000,0.000,,,,,NVIDIA A100-SXM4-40GB MIG 4g.20gb (0),1,,13,cupy_copy__float32_float32
1539499206,89183,13081,1,1,1,32,32,1,30,0.000,0.000,,,,,NVIDIA A100-SXM4-40GB MIG 4g.20gb (0),1,,13,"void convert_kernel<__half2, float2>(tensor_layout_any, T1 *, tensor_layout_any, const T2 *)"
1539617701,10752,13084,,,,,,,,,,0.094,8714.196,Pinned,Device,NVIDIA A100-SXM4-40GB MIG 4g.20gb (0),1,,13,[CUDA memcpy Host-to-Device]
1539634597,3328,13085,,,,,,,,,,1.547,464729.580,Device,,NVIDIA A100-SXM4-40GB MIG 4g.20gb (0),1,,13,[CUDA memset]
1539638789,5760,13090,,,,,,,,,,0.031,5433.330,Pinned,Device,NVIDIA A100-SXM4-40GB MIG 4g.20gb (0),1,,13,[CUDA memcpy Host-to-Device]
1539648836,11968,13091,,,,,,,,,,0.197,16427.778,Pinned,Device,NVIDIA A100-SXM4-40GB MIG 4g.20gb (0),1,,13,[CUDA memcpy Host-to-Device]
1539669604,6880,13092,273,1,1,8,4,1,39,0.002,0.000,,,,,NVIDIA A100-SXM4-40GB MIG 4g.20gb (0),1,,13,"void channel_eq::eqMmseCoefCompLowMimoKernel<float, float, float, (unsigned int)4, (unsigned int)1, (unsigned int)4>(const channel_eq::_puschRxChEqStatDescr *, channel_eq::_puschRxChEqCoefCompDynDescr)"
1539680388,6496,13093,273,1,1,12,11,1,51,0.002,0.000,,,,,NVIDIA A100-SXM4-40GB MIG 4g.20gb (0),1,,13,"void channel_eq::eqMmseSoftDemapKernel<float, __half, __half, float, (unsigned int)4, (unsigned short)16383>(channel_eq::_puschRxChEqStatDescr *, channel_eq::_puschRxChEqSoftDemapDynDescr)"
1539690756,290300,13094,1,1,1,32,32,1,30,0.000,0.000,,,,,NVIDIA A100-SXM4-40GB MIG 4g.20gb (0),1,,13,"void convert_kernel<float2, __half2>(tensor_layout_any, T1 *, tensor_layout_any, const T2 *)"
1539982016,11072,13106,2253,1,1,128,1,1,16,0.000,0.000,,,,,NVIDIA A100-SXM4-40GB MIG 4g.20gb (0),1,,13,cupy_copy__float16_float16
1539997248,3712,13115,282,1,1,128,1,1,16,0.000,0.000,,,,,NVIDIA A100-SXM4-40GB MIG 4g.20gb (0),1,,13,cupy_copy__complex64_complex64
1540003040,2368,13124,26,1,1,128,1,1,16,0.000,0.000,,,,,NVIDIA A100-SXM4-40GB MIG 4g.20gb (0),1,,13,cupy_copy__float32_float32
1540006496,2880,13133,103,1,1,128,1,1,16,0.000,0.000,,,,,NVIDIA A100-SXM4-40GB MIG 4g.20gb (0),1,,13,cupy_copy__complex64_complex64
1540010752,11968,13143,1434,1,1,128,1,1,16,0.000,0.000,,,,,NVIDIA A100-SXM4-40GB MIG 4g.20gb (0),1,,13,cupy_copy__complex64_complex64
1540025024,82687,13148,1,1,1,32,32,1,30,0.000,0.000,,,,,NVIDIA A100-SXM4-40GB MIG 4g.20gb (0),1,,13,"void convert_kernel<__half2, float2>(tensor_layout_any, T1 *, tensor_layout_any, const T2 *)"
1540135134,5632,13151,,,,,,,,,,0.094,16636.287,Pinned,Device,NVIDIA A100-SXM4-40GB MIG 4g.20gb (0),1,,13,[CUDA memcpy Host-to-Device]
1540144862,598457,13152,,,,,,,,,,456.561,762457.605,Device,,NVIDIA A100-SXM4-40GB MIG 4g.20gb (0),1,,13,[CUDA memset]
1540744791,82111,13157,,,,,,,,,,1.235,15039.148,Pinned,Device,NVIDIA A100-SXM4-40GB MIG 4g.20gb (0),1,,13,[CUDA memcpy Host-to-Device]
1540829846,19584,13158,,,,,,,,,,0.197,10039.198,Pinned,Device,NVIDIA A100-SXM4-40GB MIG 4g.20gb (0),1,,13,[CUDA memcpy Host-to-Device]
1540859925,7968,13159,69,4,1,48,1,1,76,0.002,0.000,,,,,NVIDIA A100-SXM4-40GB MIG 4g.20gb (0),1,,13,"void ch_est::windowedChEstPreNoDftSOfdmKernel<float, __half, float, (unsigned int)2, (unsigned int)1, (unsigned short)4>(ch_est::puschRxChEstStatDescr_t *, ch_est::puschRxChEstDynDescr_t *)"
1540875477,7200,13160,137,2,1,24,2,1,44,0.001,0.001,,,,,NVIDIA A100-SXM4-40GB MIG 4g.20gb (0),1,,13,"void ch_est::chEstFilterNoDftSOfdmDispatchKernel<float, __half, float, (unsigned int)2>(ch_est::puschRxChEstStatDescr_t *, ch_est::puschRxChEstDynDescr_t *)"
1540890261,6272,13161,137,2,1,24,2,1,44,0.001,0.001,,,,,NVIDIA A100-SXM4-40GB MIG 4g.20gb (0),1,,13,"void ch_est::chEstFilterNoDftSOfdmDispatchKernel<float, __half, float, (unsigned int)2>(ch_est::puschRxChEstStatDescr_t *, ch_est::puschRxChEstDynDescr_t *)"
1540898005,3136,13172,103,1,1,128,1,1,16,0.000,0.000,,,,,NVIDIA A100-SXM4-40GB MIG 4g.20gb (0),1,,13,cupy_copy__complex64_complex64
1540906773,12672,13182,1434,1,1,128,1,1,16,0.000,0.000,,,,,NVIDIA A100-SXM4-40GB MIG 4g.20gb (0),1,,13,cupy_copy__complex64_complex64
1540921909,3136,13189,103,1,1,128,1,1,16,0.000,0.000,,,,,NVIDIA A100-SXM4-40GB MIG 4g.20gb (0),1,,13,cupy_copy__complex64_complex64
1540930293,88191,13196,1,1,1,32,32,1,30,0.000,0.000,,,,,NVIDIA A100-SXM4-40GB MIG 4g.20gb (0),1,,13,"void convert_kernel<__half2, float2>(tensor_layout_any, T1 *, tensor_layout_any, const T2 *)"
1541048435,10176,13199,,,,,,,,,,0.094,9207.506,Pinned,Device,NVIDIA A100-SXM4-40GB MIG 4g.20gb (0),1,,13,[CUDA memcpy Host-to-Device]
1541063539,48479,13200,,,,,,,,,,35.810,738651.220,Device,,NVIDIA A100-SXM4-40GB MIG 4g.20gb (0),1,,13,[CUDA memset]
1541115954,8480,13202,,,,,,,,,,0.000,9.434,Pinned,Device,NVIDIA A100-SXM4-40GB MIG 4g.20gb (0),1,,13,[CUDA memcpy Host-to-Device]
1541132690,15488,13203,,,,,,,,,,0.197,12694.192,Pinned,Device,NVIDIA A100-SXM4-40GB MIG 4g.20gb (0),1,,13,[CUDA memcpy Host-to-Device]
1541161522,9152,13204,273,1,1,48,1,1,40,0.000,0.001,,,,,NVIDIA A100-SXM4-40GB MIG 4g.20gb (0),1,,13,"void pusch_noise_intf_est::noiseIntfEstNoDftSOfdmKernel<float, __half, float, float, (unsigned int)2, (unsigned int)1, (unsigned char)4, (unsigned char)4>(pusch_noise_intf_est::puschRxNoiseIntfEstDynDescr)"
1541180498,2783,13215,35,1,1,128,1,1,16,0.000,0.000,,,,,NVIDIA A100-SXM4-40GB MIG 4g.20gb (0),1,,13,cupy_copy__complex64_complex64
1541191025,1728,13224,1,1,1,1,1,1,18,0.000,0.000,,,,,NVIDIA A100-SXM4-40GB MIG 4g.20gb (0),1,,13,cupy_copy__float32_float32
1541199121,3808,13230,,,,,,,,,,0.000,1.050,Device,Pageable,NVIDIA A100-SXM4-40GB MIG 4g.20gb (0),1,,7,[CUDA memcpy Device-to-Host]
1541266896,12896,13241,1434,1,1,128,1,1,16,0.000,0.000,,,,,NVIDIA A100-SXM4-40GB MIG 4g.20gb (0),1,,13,cupy_copy__complex64_complex64
1541294672,3456,13248,103,1,1,128,1,1,16,0.000,0.000,,,,,NVIDIA A100-SXM4-40GB MIG 4g.20gb (0),1,,13,cupy_copy__complex64_complex64
1541314320,2176,13255,35,1,1,128,1,1,16,0.000,0.000,,,,,NVIDIA A100-SXM4-40GB MIG 4g.20gb (0),1,,13,cupy_copy__complex64_complex64
1541332080,1888,13262,1,1,1,1,1,1,18,0.000,0.000,,,,,NVIDIA A100-SXM4-40GB MIG 4g.20gb (0),1,,13,cupy_copy__float32_float32
1541466670,82559,13273,1,1,1,32,32,1,30,0.000,0.000,,,,,NVIDIA A100-SXM4-40GB MIG 4g.20gb (0),1,,13,"void convert_kernel<__half2, float2>(tensor_layout_any, T1 *, tensor_layout_any, const T2 *)"
1541576717,5632,13276,,,,,,,,,,0.094,16636.287,Pinned,Device,NVIDIA A100-SXM4-40GB MIG 4g.20gb (0),1,,13,[CUDA memcpy Host-to-Device]
1541592396,3360,13277,,,,,,,,,,1.547,460304.688,Device,,NVIDIA A100-SXM4-40GB MIG 4g.20gb (0),1,,13,[CUDA memset]
1541597580,3360,13282,,,,,,,,,,0.031,9314.284,Pinned,Device,NVIDIA A100-SXM4-40GB MIG 4g.20gb (0),1,,13,[CUDA memcpy Host-to-Device]
1541603020,9760,13283,,,,,,,,,,0.197,20144.259,Pinned,Device,NVIDIA A100-SXM4-40GB MIG 4g.20gb (0),1,,13,[CUDA memcpy Host-to-Device]
1541618700,6496,13284,273,1,1,8,4,1,39,0.002,0.000,,,,,NVIDIA A100-SXM4-40GB MIG 4g.20gb (0),1,,13,"void channel_eq::eqMmseCoefCompLowMimoKernel<float, float, float, (unsigned int)4, (unsigned int)1, (unsigned int)4>(const channel_eq::_puschRxChEqStatDescr *, channel_eq::_puschRxChEqCoefCompDynDescr)"
1541626156,5888,13285,273,1,1,12,11,1,51,0.002,0.000,,,,,NVIDIA A100-SXM4-40GB MIG 4g.20gb (0),1,,13,"void channel_eq::eqMmseSoftDemapKernel<float, __half, __half, float, (unsigned int)4, (unsigned short)16383>(channel_eq::_puschRxChEqStatDescr *, channel_eq::_puschRxChEqSoftDemapDynDescr)"
1541633132,281852,13286,1,1,1,32,32,1,30,0.000,0.000,,,,,NVIDIA A100-SXM4-40GB MIG 4g.20gb (0),1,,13,"void convert_kernel<float2, __half2>(tensor_layout_any, T1 *, tensor_layout_any, const T2 *)"
1541917160,10912,13298,2253,1,1,128,1,1,16,0.000,0.000,,,,,NVIDIA A100-SXM4-40GB MIG 4g.20gb (0),1,,13,cupy_copy__float16_float16
1541933064,3648,13307,282,1,1,128,1,1,16,0.000,0.000,,,,,NVIDIA A100-SXM4-40GB MIG 4g.20gb (0),1,,13,cupy_copy__complex64_complex64
1541938248,2592,13316,26,1,1,128,1,1,16,0.000,0.000,,,,,NVIDIA A100-SXM4-40GB MIG 4g.20gb (0),1,,13,cupy_copy__float32_float32
1541943400,3072,13325,103,1,1,128,1,1,16,0.000,0.000,,,,,NVIDIA A100-SXM4-40GB MIG 4g.20gb (0),1,,13,cupy_copy__complex64_complex64
1541947592,12512,13335,1434,1,1,128,1,1,16,0.000,0.000,,,,,NVIDIA A100-SXM4-40GB MIG 4g.20gb (0),1,,13,cupy_copy__complex64_complex64
1541968296,87295,13340,1,1,1,32,32,1,30,0.000,0.000,,,,,NVIDIA A100-SXM4-40GB MIG 4g.20gb (0),1,,13,"void convert_kernel<__half2, float2>(tensor_layout_any, T1 *, tensor_layout_any, const T2 *)"
1542082150,5728,13343,,,,,,,,,,0.094,16357.541,Pinned,Device,NVIDIA A100-SXM4-40GB MIG 4g.20gb (0),1,,13,[CUDA memcpy Host-to-Device]
1542092646,596857,13344,,,,,,,,,,456.561,764740.412,Device,,NVIDIA A100-SXM4-40GB MIG 4g.20gb (0),1,,13,[CUDA memset]
1542696991,106238,13349,,,,,,,,,,1.235,11623.293,Pinned,Device,NVIDIA A100-SXM4-40GB MIG 4g.20gb (0),1,,13,[CUDA memcpy Host-to-Device]
1542815549,41056,13350,,,,,,,,,,0.197,4788.584,Pinned,Device,NVIDIA A100-SXM4-40GB MIG 4g.20gb (0),1,,13,[CUDA memcpy Host-to-Device]
1542874269,8479,13351,69,4,1,48,1,1,76,0.002,0.000,,,,,NVIDIA A100-SXM4-40GB MIG 4g.20gb (0),1,,13,"void ch_est::windowedChEstPreNoDftSOfdmKernel<float, __half, float, (unsigned int)2, (unsigned int)1, (unsigned short)4>(ch_est::puschRxChEstStatDescr_t *, ch_est::puschRxChEstDynDescr_t *)"
1542892188,7168,13352,137,2,1,24,2,1,44,0.001,0.001,,,,,NVIDIA A100-SXM4-40GB MIG 4g.20gb (0),1,,13,"void ch_est::chEstFilterNoDftSOfdmDispatchKernel<float, __half, float, (unsigned int)2>(ch_est::puschRxChEstStatDescr_t *, ch_est::puschRxChEstDynDescr_t *)"
1542909340,4736,13353,137,2,1,24,2,1,44,0.001,0.001,,,,,NVIDIA A100-SXM4-40GB MIG 4g.20gb (0),1,,13,"void ch_est::chEstFilterNoDftSOfdmDispatchKernel<float, __half, float, (unsigned int)2>(ch_est::puschRxChEstStatDescr_t *, ch_est::puschRxChEstDynDescr_t *)"
1542925628,2656,13364,103,1,1,128,1,1,16,0.000,0.000,,,,,NVIDIA A100-SXM4-40GB MIG 4g.20gb (0),1,,13,cupy_copy__complex64_complex64
1542939708,12544,13374,1434,1,1,128,1,1,16,0.000,0.000,,,,,NVIDIA A100-SXM4-40GB MIG 4g.20gb (0),1,,13,cupy_copy__complex64_complex64
1542958235,2560,13381,103,1,1,128,1,1,16,0.000,0.000,,,,,NVIDIA A100-SXM4-40GB MIG 4g.20gb (0),1,,13,cupy_copy__complex64_complex64
1542972987,81631,13388,1,1,1,32,32,1,30,0.000,0.000,,,,,NVIDIA A100-SXM4-40GB MIG 4g.20gb (0),1,,13,"void convert_kernel<__half2, float2>(tensor_layout_any, T1 *, tensor_layout_any, const T2 *)"
1543082650,12704,13391,,,,,,,,,,0.094,7375.281,Pinned,Device,NVIDIA A100-SXM4-40GB MIG 4g.20gb (0),1,,13,[CUDA memcpy Host-to-Device]
1543100250,48447,13392,,,,,,,,,,35.810,739152.559,Device,,NVIDIA A100-SXM4-40GB MIG 4g.20gb (0),1,,13,[CUDA memset]
1543149977,9440,13394,,,,,,,,,,0.000,8.475,Pinned,Device,NVIDIA A100-SXM4-40GB MIG 4g.20gb (0),1,,13,[CUDA memcpy Host-to-Device]
1543163353,18336,13395,,,,,,,,,,0.197,10722.410,Pinned,Device,NVIDIA A100-SXM4-40GB MIG 4g.20gb (0),1,,13,[CUDA memcpy Host-to-Device]
1543198713,9567,13396,273,1,1,48,1,1,40,0.000,0.001,,,,,NVIDIA A100-SXM4-40GB MIG 4g.20gb (0),1,,13,"void pusch_noise_intf_est::noiseIntfEstNoDftSOfdmKernel<float, __half, float, float, (unsigned int)2, (unsigned int)1, (unsigned char)4, (unsigned char)4>(pusch_noise_intf_est::puschRxNoiseIntfEstDynDescr)"
1543210648,2976,13407,35,1,1,128,1,1,16,0.000,0.000,,,,,NVIDIA A100-SXM4-40GB MIG 4g.20gb (0),1,,13,cupy_copy__complex64_complex64
1543220120,1760,13416,1,1,1,1,1,1,18,0.000,0.000,,,,,NVIDIA A100-SXM4-40GB MIG 4g.20gb (0),1,,13,cupy_copy__float32_float32
1543241560,2560,13422,,,,,,,,,,0.000,1.562,Device,Pageable,NVIDIA A100-SXM4-40GB MIG 4g.20gb (0),1,,7,[CUDA memcpy Device-to-Host]
1543318167,13088,13433,1434,1,1,128,1,1,16,0.000,0.000,,,,,NVIDIA A100-SXM4-40GB MIG 4g.20gb (0),1,,13,cupy_copy__complex64_complex64
1543345911,3040,13440,103,1,1,128,1,1,16,0.000,0.000,,,,,NVIDIA A100-SXM4-40GB MIG 4g.20gb (0),1,,13,cupy_copy__complex64_complex64
1543366838,2688,13447,35,1,1,128,1,1,16,0.000,0.000,,,,,NVIDIA A100-SXM4-40GB MIG 4g.20gb (0),1,,13,cupy_copy__complex64_complex64
1543388630,1760,13454,1,1,1,1,1,1,18,0.000,0.000,,,,,NVIDIA A100-SXM4-40GB MIG 4g.20gb (0),1,,13,cupy_copy__float32_float32
1543516629,87806,13465,1,1,1,32,32,1,30,0.000,0.000,,,,,NVIDIA A100-SXM4-40GB MIG 4g.20gb (0),1,,13,"void convert_kernel<__half2, float2>(tensor_layout_any, T1 *, tensor_layout_any, const T2 *)"
1543632115,5472,13468,,,,,,,,,,0.094,17122.757,Pinned,Device,NVIDIA A100-SXM4-40GB MIG 4g.20gb (0),1,,13,[CUDA memcpy Host-to-Device]
1543648083,3008,13469,,,,,,,,,,1.547,514168.962,Device,,NVIDIA A100-SXM4-40GB MIG 4g.20gb (0),1,,13,[CUDA memset]
1543653971,3200,13474,,,,,,,,,,0.031,9780.000,Pinned,Device,NVIDIA A100-SXM4-40GB MIG 4g.20gb (0),1,,13,[CUDA memcpy Host-to-Device]
1543659667,9664,13475,,,,,,,,,,0.197,20344.209,Pinned,Device,NVIDIA A100-SXM4-40GB MIG 4g.20gb (0),1,,13,[CUDA memcpy Host-to-Device]
1543674707,6176,13476,273,1,1,8,4,1,39,0.002,0.000,,,,,NVIDIA A100-SXM4-40GB MIG 4g.20gb (0),1,,13,"void channel_eq::eqMmseCoefCompLowMimoKernel<float, float, float, (unsigned int)4, (unsigned int)1, (unsigned int)4>(const channel_eq::_puschRxChEqStatDescr *, channel_eq::_puschRxChEqCoefCompDynDescr)"
1543683507,6239,13477,273,1,1,12,11,1,51,0.002,0.000,,,,,NVIDIA A100-SXM4-40GB MIG 4g.20gb (0),1,,13,"void channel_eq::eqMmseSoftDemapKernel<float, __half, __half, float, (unsigned int)4, (unsigned short)16383>(channel_eq::_puschRxChEqStatDescr *, channel_eq::_puschRxChEqSoftDemapDynDescr)"
1543690738,281885,13478,1,1,1,32,32,1,30,0.000,0.000,,,,,NVIDIA A100-SXM4-40GB MIG 4g.20gb (0),1,,13,"void convert_kernel<float2, __half2>(tensor_layout_any, T1 *, tensor_layout_any, const T2 *)"
1543973743,10944,13490,2253,1,1,128,1,1,16,0.000,0.000,,,,,NVIDIA A100-SXM4-40GB MIG 4g.20gb (0),1,,13,cupy_copy__float16_float16
1543988367,3552,13499,282,1,1,128,1,1,16,0.000,0.000,,,,,NVIDIA A100-SXM4-40GB MIG 4g.20gb (0),1,,13,cupy_copy__complex64_complex64
1543994703,2528,13508,26,1,1,128,1,1,16,0.000,0.000,,,,,NVIDIA A100-SXM4-40GB MIG 4g.20gb (0),1,,13,cupy_copy__float32_float32
1543998511,2848,13517,103,1,1,128,1,1,16,0.000,0.000,,,,,NVIDIA A100-SXM4-40GB MIG 4g.20gb (0),1,,13,cupy_copy__complex64_complex64
1544004399,11775,13527,1434,1,1,128,1,1,16,0.000,0.000,,,,,NVIDIA A100-SXM4-40GB MIG 4g.20gb (0),1,,13,cupy_copy__complex64_complex64
1544020654,82719,13532,1,1,1,32,32,1,30,0.000,0.000,,,,,NVIDIA A100-SXM4-40GB MIG 4g.20gb (0),1,,13,"void convert_kernel<__half2, float2>(tensor_layout_any, T1 *, tensor_layout_any, const T2 *)"
1544130253,5504,13535,,,,,,,,,,0.094,17023.251,Pinned,Device,NVIDIA A100-SXM4-40GB MIG 4g.20gb (0),1,,13,[CUDA memcpy Host-to-Device]
1544141421,599384,13536,,,,,,,,,,456.561,761544.482,Device,,NVIDIA A100-SXM4-40GB MIG 4g.20gb (0),1,,13,[CUDA memset]
1544741669,151135,13541,,,,,,,,,,1.235,8170.390,Pinned,Device,NVIDIA A100-SXM4-40GB MIG 4g.20gb (0),1,,13,[CUDA memcpy Host-to-Device]
1544906563,45248,13542,,,,,,,,,,0.197,4345.037,Pinned,Device,NVIDIA A100-SXM4-40GB MIG 4g.20gb (0),1,,13,[CUDA memcpy Host-to-Device]
1544973187,8191,13543,69,4,1,48,1,1,76,0.002,0.000,,,,,NVIDIA A100-SXM4-40GB MIG 4g.20gb (0),1,,13,"void ch_est::windowedChEstPreNoDftSOfdmKernel<float, __half, float, (unsigned int)2, (unsigned int)1, (unsigned short)4>(ch_est::puschRxChEstStatDescr_t *, ch_est::puschRxChEstDynDescr_t *)"
1544990146,6816,13544,137,2,1,24,2,1,44,0.001,0.001,,,,,NVIDIA A100-SXM4-40GB MIG 4g.20gb (0),1,,13,"void ch_est::chEstFilterNoDftSOfdmDispatchKernel<float, __half, float, (unsigned int)2>(ch_est::puschRxChEstStatDescr_t *, ch_est::puschRxChEstDynDescr_t *)"
1545005218,4736,13545,137,2,1,24,2,1,44,0.001,0.001,,,,,NVIDIA A100-SXM4-40GB MIG 4g.20gb (0),1,,13,"void ch_est::chEstFilterNoDftSOfdmDispatchKernel<float, __half, float, (unsigned int)2>(ch_est::puschRxChEstStatDescr_t *, ch_est::puschRxChEstDynDescr_t *)"
1545019010,2560,13556,103,1,1,128,1,1,16,0.000,0.000,,,,,NVIDIA A100-SXM4-40GB MIG 4g.20gb (0),1,,13,cupy_copy__complex64_complex64
1545028418,12384,13566,1434,1,1,128,1,1,16,0.000,0.000,,,,,NVIDIA A100-SXM4-40GB MIG 4g.20gb (0),1,,13,cupy_copy__complex64_complex64
1545061761,2400,13573,103,1,1,128,1,1,16,0.000,0.000,,,,,NVIDIA A100-SXM4-40GB MIG 4g.20gb (0),1,,13,cupy_copy__complex64_complex64
1545076033,84063,13580,1,1,1,32,32,1,30,0.000,0.000,,,,,NVIDIA A100-SXM4-40GB MIG 4g.20gb (0),1,,13,"void convert_kernel<__half2, float2>(tensor_layout_any, T1 *, tensor_layout_any, const T2 *)"
1545191840,10432,13583,,,,,,,,,,0.094,8981.511,Pinned,Device,NVIDIA A100-SXM4-40GB MIG 4g.20gb (0),1,,13,[CUDA memcpy Host-to-Device]
1545214880,47327,13584,,,,,,,,,,35.810,756627.800,Device,,NVIDIA A100-SXM4-40GB MIG 4g.20gb (0),1,,13,[CUDA memset]
1545266175,4512,13586,,,,,,,,,,0.000,17.730,Pinned,Device,NVIDIA A100-SXM4-40GB MIG 4g.20gb (0),1,,13,[CUDA memcpy Host-to-Device]
1545275231,15616,13587,,,,,,,,,,0.197,12589.990,Pinned,Device,NVIDIA A100-SXM4-40GB MIG 4g.20gb (0),1,,13,[CUDA memcpy Host-to-Device]
1545298334,13344,13588,273,1,1,48,1,1,40,0.000,0.001,,,,,NVIDIA A100-SXM4-40GB MIG 4g.20gb (0),1,,13,"void pusch_noise_intf_est::noiseIntfEstNoDftSOfdmKernel<float, __half, float, float, (unsigned int)2, (unsigned int)1, (unsigned char)4, (unsigned char)4>(pusch_noise_intf_est::puschRxNoiseIntfEstDynDescr)"
1545315390,2816,13599,35,1,1,128,1,1,16,0.000,0.000,,,,,NVIDIA A100-SXM4-40GB MIG 4g.20gb (0),1,,13,cupy_copy__complex64_complex64
1545320318,1856,13608,1,1,1,1,1,1,18,0.000,0.000,,,,,NVIDIA A100-SXM4-40GB MIG 4g.20gb (0),1,,13,cupy_copy__float32_float32
1545339774,1600,13614,,,,,,,,,,0.000,2.500,Device,Pageable,NVIDIA A100-SXM4-40GB MIG 4g.20gb (0),1,,7,[CUDA memcpy Device-to-Host]
1545399293,12832,13625,1434,1,1,128,1,1,16,0.000,0.000,,,,,NVIDIA A100-SXM4-40GB MIG 4g.20gb (0),1,,13,cupy_copy__complex64_complex64
1545425949,2816,13632,103,1,1,128,1,1,16,0.000,0.000,,,,,NVIDIA A100-SXM4-40GB MIG 4g.20gb (0),1,,13,cupy_copy__complex64_complex64
1545447869,2592,13639,35,1,1,128,1,1,16,0.000,0.000,,,,,NVIDIA A100-SXM4-40GB MIG 4g.20gb (0),1,,13,cupy_copy__complex64_complex64
1545465244,1792,13646,1,1,1,1,1,1,18,0.000,0.000,,,,,NVIDIA A100-SXM4-40GB MIG 4g.20gb (0),1,,13,cupy_copy__float32_float32
1545598043,82367,13657,1,1,1,32,32,1,30,0.000,0.000,,,,,NVIDIA A100-SXM4-40GB MIG 4g.20gb (0),1,,13,"void convert_kernel<__half2, float2>(tensor_layout_any, T1 *, tensor_layout_any, const T2 *)"
1545708057,5824,13660,,,,,,,,,,0.094,16087.884,Pinned,Device,NVIDIA A100-SXM4-40GB MIG 4g.20gb (0),1,,13,[CUDA memcpy Host-to-Device]
1545721913,3360,13661,,,,,,,,,,1.547,460304.688,Device,,NVIDIA A100-SXM4-40GB MIG 4g.20gb (0),1,,13,[CUDA memset]
1545728665,3008,13666,,,,,,,,,,0.031,10404.230,Pinned,Device,NVIDIA A100-SXM4-40GB MIG 4g.20gb (0),1,,13,[CUDA memcpy Host-to-Device]
1545734521,9600,13667,,,,,,,,,,0.197,20479.869,Pinned,Device,NVIDIA A100-SXM4-40GB MIG 4g.20gb (0),1,,13,[CUDA memcpy Host-to-Device]
1545750009,6272,13668,273,1,1,8,4,1,39,0.002,0.000,,,,,NVIDIA A100-SXM4-40GB MIG 4g.20gb (0),1,,13,"void channel_eq::eqMmseCoefCompLowMimoKernel<float, float, float, (unsigned int)4, (unsigned int)1, (unsigned int)4>(const channel_eq::_puschRxChEqStatDescr *, channel_eq::_puschRxChEqCoefCompDynDescr)"
1545759353,7872,13669,273,1,1,12,11,1,51,0.002,0.000,,,,,NVIDIA A100-SXM4-40GB MIG 4g.20gb (0),1,,13,"void channel_eq::eqMmseSoftDemapKernel<float, __half, __half, float, (unsigned int)4, (unsigned short)16383>(channel_eq::_puschRxChEqStatDescr *, channel_eq::_puschRxChEqSoftDemapDynDescr)"
1545768281,282396,13670,1,1,1,32,32,1,30,0.000,0.000,,,,,NVIDIA A100-SXM4-40GB MIG 4g.20gb (0),1,,13,"void convert_kernel<float2, __half2>(tensor_layout_any, T1 *, tensor_layout_any, const T2 *)"
1546053813,11104,13682,2253,1,1,128,1,1,16,0.000,0.000,,,,,NVIDIA A100-SXM4-40GB MIG 4g.20gb (0),1,,13,cupy_copy__float16_float16
1546069749,2624,13691,282,1,1,128,1,1,16,0.000,0.000,,,,,NVIDIA A100-SXM4-40GB MIG 4g.20gb (0),1,,13,cupy_copy__complex64_complex64
1546074165,2240,13700,26,1,1,128,1,1,16,0.000,0.000,,,,,NVIDIA A100-SXM4-40GB MIG 4g.20gb (0),1,,13,cupy_copy__float32_float32
1546078261,3040,13709,103,1,1,128,1,1,16,0.000,0.000,,,,,NVIDIA A100-SXM4-40GB MIG 4g.20gb (0),1,,13,cupy_copy__complex64_complex64
1546083381,12192,13719,1434,1,1,128,1,1,16,0.000,0.000,,,,,NVIDIA A100-SXM4-40GB MIG 4g.20gb (0),1,,13,cupy_copy__complex64_complex64
1546100277,82111,13724,1,1,1,32,32,1,30,0.000,0.000,,,,,NVIDIA A100-SXM4-40GB MIG 4g.20gb (0),1,,13,"void convert_kernel<__half2, float2>(tensor_layout_any, T1 *, tensor_layout_any, const T2 *)"
1546210163,5376,13727,,,,,,,,,,0.094,17428.487,Pinned,Device,NVIDIA A100-SXM4-40GB MIG 4g.20gb (0),1,,13,[CUDA memcpy Host-to-Device]
1546220051,596729,13728,,,,,,,,,,456.561,764740.412,Device,,NVIDIA A100-SXM4-40GB MIG 4g.20gb (0),1,,13,[CUDA memset]
1546823372,140830,13733,,,,,,,,,,1.235,8768.102,Pinned,Device,NVIDIA A100-SXM4-40GB MIG 4g.20gb (0),1,,13,[CUDA memcpy Host-to-Device]
1546975306,42143,13734,,,,,,,,,,0.197,4665.115,Pinned,Device,NVIDIA A100-SXM4-40GB MIG 4g.20gb (0),1,,13,[CUDA memcpy Host-to-Device]
1547045961,7904,13735,69,4,1,48,1,1,76,0.002,0.000,,,,,NVIDIA A100-SXM4-40GB MIG 4g.20gb (0),1,,13,"void ch_est::windowedChEstPreNoDftSOfdmKernel<float, __half, float, (unsigned int)2, (unsigned int)1, (unsigned short)4>(ch_est::puschRxChEstStatDescr_t *, ch_est::puschRxChEstDynDescr_t *)"
1547065161,6592,13736,137,2,1,24,2,1,44,0.001,0.001,,,,,NVIDIA A100-SXM4-40GB MIG 4g.20gb (0),1,,13,"void ch_est::chEstFilterNoDftSOfdmDispatchKernel<float, __half, float, (unsigned int)2>(ch_est::puschRxChEstStatDescr_t *, ch_est::puschRxChEstDynDescr_t *)"
1547081928,4736,13737,137,2,1,24,2,1,44,0.001,0.001,,,,,NVIDIA A100-SXM4-40GB MIG 4g.20gb (0),1,,13,"void ch_est::chEstFilterNoDftSOfdmDispatchKernel<float, __half, float, (unsigned int)2>(ch_est::puschRxChEstStatDescr_t *, ch_est::puschRxChEstDynDescr_t *)"
1547101256,2656,13748,103,1,1,128,1,1,16,0.000,0.000,,,,,NVIDIA A100-SXM4-40GB MIG 4g.20gb (0),1,,13,cupy_copy__complex64_complex64
1547117704,12544,13758,1434,1,1,128,1,1,16,0.000,0.000,,,,,NVIDIA A100-SXM4-40GB MIG 4g.20gb (0),1,,13,cupy_copy__complex64_complex64
1547140072,2592,13765,103,1,1,128,1,1,16,0.000,0.000,,,,,NVIDIA A100-SXM4-40GB MIG 4g.20gb (0),1,,13,cupy_copy__complex64_complex64
1547160839,82783,13772,1,1,1,32,32,1,30,0.000,0.000,,,,,NVIDIA A100-SXM4-40GB MIG 4g.20gb (0),1,,13,"void convert_kernel<__half2, float2>(tensor_layout_any, T1 *, tensor_layout_any, const T2 *)"
1547275046,28544,13775,,,,,,,,,,0.094,3282.452,Pinned,Device,NVIDIA A100-SXM4-40GB MIG 4g.20gb (0),1,,13,[CUDA memcpy Host-to-Device]
1547314662,46911,13776,,,,,,,,,,35.810,763324.255,Device,,NVIDIA A100-SXM4-40GB MIG 4g.20gb (0),1,,13,[CUDA memset]
1547367589,15392,13778,,,,,,,,,,0.000,5.197,Pinned,Device,NVIDIA A100-SXM4-40GB MIG 4g.20gb (0),1,,13,[CUDA memcpy Host-to-Device]
1547394981,30399,13779,,,,,,,,,,0.197,6467.420,Pinned,Device,NVIDIA A100-SXM4-40GB MIG 4g.20gb (0),1,,13,[CUDA memcpy Host-to-Device]
1547458596,9824,13780,273,1,1,48,1,1,40,0.000,0.001,,,,,NVIDIA A100-SXM4-40GB MIG 4g.20gb (0),1,,13,"void pusch_noise_intf_est::noiseIntfEstNoDftSOfdmKernel<float, __half, float, float, (unsigned int)2, (unsigned int)1, (unsigned char)4, (unsigned char)4>(pusch_noise_intf_est::puschRxNoiseIntfEstDynDescr)"
1547474180,2720,13791,35,1,1,128,1,1,16,0.000,0.000,,,,,NVIDIA A100-SXM4-40GB MIG 4g.20gb (0),1,,13,cupy_copy__complex64_complex64
1547489347,1760,13800,1,1,1,1,1,1,18,0.000,0.000,,,,,NVIDIA A100-SXM4-40GB MIG 4g.20gb (0),1,,13,cupy_copy__float32_float32
1547495715,3936,13806,,,,,,,,,,0.000,1.016,Device,Pageable,NVIDIA A100-SXM4-40GB MIG 4g.20gb (0),1,,7,[CUDA memcpy Device-to-Host]
1547582850,12896,13817,1434,1,1,128,1,1,16,0.000,0.000,,,,,NVIDIA A100-SXM4-40GB MIG 4g.20gb (0),1,,13,cupy_copy__complex64_complex64
1547615842,3360,13824,103,1,1,128,1,1,16,0.000,0.000,,,,,NVIDIA A100-SXM4-40GB MIG 4g.20gb (0),1,,13,cupy_copy__complex64_complex64
1547630594,2624,13831,35,1,1,128,1,1,16,0.000,0.000,,,,,NVIDIA A100-SXM4-40GB MIG 4g.20gb (0),1,,13,cupy_copy__complex64_complex64
1547645793,2016,13838,1,1,1,1,1,1,18,0.000,0.000,,,,,NVIDIA A100-SXM4-40GB MIG 4g.20gb (0),1,,13,cupy_copy__float32_float32
1547771616,88127,13849,1,1,1,32,32,1,30,0.000,0.000,,,,,NVIDIA A100-SXM4-40GB MIG 4g.20gb (0),1,,13,"void convert_kernel<__half2, float2>(tensor_layout_any, T1 *, tensor_layout_any, const T2 *)"
1547887774,5504,13852,,,,,,,,,,0.094,17023.251,Pinned,Device,NVIDIA A100-SXM4-40GB MIG 4g.20gb (0),1,,13,[CUDA memcpy Host-to-Device]
1547902302,3296,13853,,,,,,,,,,1.547,469242.628,Device,,NVIDIA A100-SXM4-40GB MIG 4g.20gb (0),1,,13,[CUDA memset]
1547909246,3552,13858,,,,,,,,,,0.031,8810.794,Pinned,Device,NVIDIA A100-SXM4-40GB MIG 4g.20gb (0),1,,13,[CUDA memcpy Host-to-Device]
1547915486,9408,13859,,,,,,,,,,0.197,20897.858,Pinned,Device,NVIDIA A100-SXM4-40GB MIG 4g.20gb (0),1,,13,[CUDA memcpy Host-to-Device]
1547929470,7232,13860,273,1,1,8,4,1,39,0.002,0.000,,,,,NVIDIA A100-SXM4-40GB MIG 4g.20gb (0),1,,13,"void channel_eq::eqMmseCoefCompLowMimoKernel<float, float, float, (unsigned int)4, (unsigned int)1, (unsigned int)4>(const channel_eq::_puschRxChEqStatDescr *, channel_eq::_puschRxChEqCoefCompDynDescr)"
1547937790,6336,13861,273,1,1,12,11,1,51,0.002,0.000,,,,,NVIDIA A100-SXM4-40GB MIG 4g.20gb (0),1,,13,"void channel_eq::eqMmseSoftDemapKernel<float, __half, __half, float, (unsigned int)4, (unsigned short)16383>(channel_eq::_puschRxChEqStatDescr *, channel_eq::_puschRxChEqSoftDemapDynDescr)"
1547945214,282972,13862,1,1,1,32,32,1,30,0.000,0.000,,,,,NVIDIA A100-SXM4-40GB MIG 4g.20gb (0),1,,13,"void convert_kernel<float2, __half2>(tensor_layout_any, T1 *, tensor_layout_any, const T2 *)"
1548229146,10880,13874,2253,1,1,128,1,1,16,0.000,0.000,,,,,NVIDIA A100-SXM4-40GB MIG 4g.20gb (0),1,,13,cupy_copy__float16_float16
1548241338,3232,13883,282,1,1,128,1,1,16,0.000,0.000,,,,,NVIDIA A100-SXM4-40GB MIG 4g.20gb (0),1,,13,cupy_copy__complex64_complex64
1548246234,2016,13892,26,1,1,128,1,1,16,0.000,0.000,,,,,NVIDIA A100-SXM4-40GB MIG 4g.20gb (0),1,,13,cupy_copy__float32_float32
1548251130,3104,13901,103,1,1,128,1,1,16,0.000,0.000,,,,,NVIDIA A100-SXM4-40GB MIG 4g.20gb (0),1,,13,cupy_copy__complex64_complex64
1548257402,12384,13911,1434,1,1,128,1,1,16,0.000,0.000,,,,,NVIDIA A100-SXM4-40GB MIG 4g.20gb (0),1,,13,cupy_copy__complex64_complex64
1548277434,82175,13916,1,1,1,32,32,1,30,0.000,0.000,,,,,NVIDIA A100-SXM4-40GB MIG 4g.20gb (0),1,,13,"void convert_kernel<__half2, float2>(tensor_layout_any, T1 *, tensor_layout_any, const T2 *)"
1548387128,5664,13919,,,,,,,,,,0.094,16542.310,Pinned,Device,NVIDIA A100-SXM4-40GB MIG 4g.20gb (0),1,,13,[CUDA memcpy Host-to-Device]
1548396248,598521,13920,,,,,,,,,,456.561,762457.605,Device,,NVIDIA A100-SXM4-40GB MIG 4g.20gb (0),1,,13,[CUDA memset]
1549002705,72319,13925,,,,,,,,,,1.235,17075.571,Pinned,Device,NVIDIA A100-SXM4-40GB MIG 4g.20gb (0),1,,13,[CUDA memcpy Host-to-Device]
1549080912,17087,13926,,,,,,,,,,0.197,11506.287,Pinned,Device,NVIDIA A100-SXM4-40GB MIG 4g.20gb (0),1,,13,[CUDA memcpy Host-to-Device]
1549111503,8480,13927,69,4,1,48,1,1,76,0.002,0.000,,,,,NVIDIA A100-SXM4-40GB MIG 4g.20gb (0),1,,13,"void ch_est::windowedChEstPreNoDftSOfdmKernel<float, __half, float, (unsigned int)2, (unsigned int)1, (unsigned short)4>(ch_est::puschRxChEstStatDescr_t *, ch_est::puschRxChEstDynDescr_t *)"
1549121839,6208,13928,137,2,1,24,2,1,44,0.001,0.001,,,,,NVIDIA A100-SXM4-40GB MIG 4g.20gb (0),1,,13,"void ch_est::chEstFilterNoDftSOfdmDispatchKernel<float, __half, float, (unsigned int)2>(ch_est::puschRxChEstStatDescr_t *, ch_est::puschRxChEstDynDescr_t *)"
1549129327,6304,13929,137,2,1,24,2,1,44,0.001,0.001,,,,,NVIDIA A100-SXM4-40GB MIG 4g.20gb (0),1,,13,"void ch_est::chEstFilterNoDftSOfdmDispatchKernel<float, __half, float, (unsigned int)2>(ch_est::puschRxChEstStatDescr_t *, ch_est::puschRxChEstDynDescr_t *)"
1549137103,2976,13940,103,1,1,128,1,1,16,0.000,0.000,,,,,NVIDIA A100-SXM4-40GB MIG 4g.20gb (0),1,,13,cupy_copy__complex64_complex64
1549145839,12928,13950,1434,1,1,128,1,1,16,0.000,0.000,,,,,NVIDIA A100-SXM4-40GB MIG 4g.20gb (0),1,,13,cupy_copy__complex64_complex64
1549161039,2752,13957,103,1,1,128,1,1,16,0.000,0.000,,,,,NVIDIA A100-SXM4-40GB MIG 4g.20gb (0),1,,13,cupy_copy__complex64_complex64
1549171631,85022,13964,1,1,1,32,32,1,30,0.000,0.000,,,,,NVIDIA A100-SXM4-40GB MIG 4g.20gb (0),1,,13,"void convert_kernel<__half2, float2>(tensor_layout_any, T1 *, tensor_layout_any, const T2 *)"
1549285453,13600,13967,,,,,,,,,,0.094,6889.373,Pinned,Device,NVIDIA A100-SXM4-40GB MIG 4g.20gb (0),1,,13,[CUDA memcpy Host-to-Device]
1549304109,47007,13968,,,,,,,,,,35.810,761784.428,Device,,NVIDIA A100-SXM4-40GB MIG 4g.20gb (0),1,,13,[CUDA memset]
1549354860,8416,13970,,,,,,,,,,0.000,9.506,Pinned,Device,NVIDIA A100-SXM4-40GB MIG 4g.20gb (0),1,,13,[CUDA memcpy Host-to-Device]
1549368428,22016,13971,,,,,,,,,,0.197,8930.132,Pinned,Device,NVIDIA A100-SXM4-40GB MIG 4g.20gb (0),1,,13,[CUDA memcpy Host-to-Device]
1549405132,8959,13972,273,1,1,48,1,1,40,0.000,0.001,,,,,NVIDIA A100-SXM4-40GB MIG 4g.20gb (0),1,,13,"void pusch_noise_intf_est::noiseIntfEstNoDftSOfdmKernel<float, __half, float, float, (unsigned int)2, (unsigned int)1, (unsigned char)4, (unsigned char)4>(pusch_noise_intf_est::puschRxNoiseIntfEstDynDescr)"
1549422155,3168,13983,35,1,1,128,1,1,16,0.000,0.000,,,,,NVIDIA A100-SXM4-40GB MIG 4g.20gb (0),1,,13,cupy_copy__complex64_complex64
1549435211,1728,13992,1,1,1,1,1,1,18,0.000,0.000,,,,,NVIDIA A100-SXM4-40GB MIG 4g.20gb (0),1,,13,cupy_copy__float32_float32
1549443115,2112,13998,,,,,,,,,,0.000,1.894,Device,Pageable,NVIDIA A100-SXM4-40GB MIG 4g.20gb (0),1,,7,[CUDA memcpy Device-to-Host]
1549518474,13216,14009,1434,1,1,128,1,1,16,0.000,0.000,,,,,NVIDIA A100-SXM4-40GB MIG 4g.20gb (0),1,,13,cupy_copy__complex64_complex64
1549548234,2816,14016,103,1,1,128,1,1,16,0.000,0.000,,,,,NVIDIA A100-SXM4-40GB MIG 4g.20gb (0),1,,13,cupy_copy__complex64_complex64
1549566602,2560,14023,35,1,1,128,1,1,16,0.000,0.000,,,,,NVIDIA A100-SXM4-40GB MIG 4g.20gb (0),1,,13,cupy_copy__complex64_complex64
1549585225,1792,14030,1,1,1,1,1,1,18,0.000,0.000,,,,,NVIDIA A100-SXM4-40GB MIG 4g.20gb (0),1,,13,cupy_copy__float32_float32
1549718408,87327,14041,1,1,1,32,32,1,30,0.000,0.000,,,,,NVIDIA A100-SXM4-40GB MIG 4g.20gb (0),1,,13,"void convert_kernel<__half2, float2>(tensor_layout_any, T1 *, tensor_layout_any, const T2 *)"
1549833830,6080,14044,,,,,,,,,,0.094,15410.462,Pinned,Device,NVIDIA A100-SXM4-40GB MIG 4g.20gb (0),1,,13,[CUDA memcpy Host-to-Device]
1549848358,3488,14045,,,,,,,,,,1.547,443412.461,Device,,NVIDIA A100-SXM4-40GB MIG 4g.20gb (0),1,,13,[CUDA memset]
1549855238,3936,14050,,,,,,,,,,0.031,7951.218,Pinned,Device,NVIDIA A100-SXM4-40GB MIG 4g.20gb (0),1,,13,[CUDA memcpy Host-to-Device]
1549861606,9856,14051,,,,,,,,,,0.197,19948.044,Pinned,Device,NVIDIA A100-SXM4-40GB MIG 4g.20gb (0),1,,13,[CUDA memcpy Host-to-Device]
1549878022,6080,14052,273,1,1,8,4,1,39,0.002,0.000,,,,,NVIDIA A100-SXM4-40GB MIG 4g.20gb (0),1,,13,"void channel_eq::eqMmseCoefCompLowMimoKernel<float, float, float, (unsigned int)4, (unsigned int)1, (unsigned int)4>(const channel_eq::_puschRxChEqStatDescr *, channel_eq::_puschRxChEqCoefCompDynDescr)"
1549885478,5856,14053,273,1,1,12,11,1,51,0.002,0.000,,,,,NVIDIA A100-SXM4-40GB MIG 4g.20gb (0),1,,13,"void channel_eq::eqMmseSoftDemapKernel<float, __half, __half, float, (unsigned int)4, (unsigned short)16383>(channel_eq::_puschRxChEqStatDescr *, channel_eq::_puschRxChEqSoftDemapDynDescr)"
1549892998,282460,14054,1,1,1,32,32,1,30,0.000,0.000,,,,,NVIDIA A100-SXM4-40GB MIG 4g.20gb (0),1,,13,"void convert_kernel<float2, __half2>(tensor_layout_any, T1 *, tensor_layout_any, const T2 *)"
1550176514,10976,14066,2253,1,1,128,1,1,16,0.000,0.000,,,,,NVIDIA A100-SXM4-40GB MIG 4g.20gb (0),1,,13,cupy_copy__float16_float16
1550191554,3584,14075,282,1,1,128,1,1,16,0.000,0.000,,,,,NVIDIA A100-SXM4-40GB MIG 4g.20gb (0),1,,13,cupy_copy__complex64_complex64
1550196834,2144,14084,26,1,1,128,1,1,16,0.000,0.000,,,,,NVIDIA A100-SXM4-40GB MIG 4g.20gb (0),1,,13,cupy_copy__float32_float32
1550200194,2912,14093,103,1,1,128,1,1,16,0.000,0.000,,,,,NVIDIA A100-SXM4-40GB MIG 4g.20gb (0),1,,13,cupy_copy__complex64_complex64
1550204290,12064,14103,1434,1,1,128,1,1,16,0.000,0.000,,,,,NVIDIA A100-SXM4-40GB MIG 4g.20gb (0),1,,13,cupy_copy__complex64_complex64
1550221409,82239,14108,1,1,1,32,32,1,30,0.000,0.000,,,,,NVIDIA A100-SXM4-40GB MIG 4g.20gb (0),1,,13,"void convert_kernel<__half2, float2>(tensor_layout_any, T1 *, tensor_layout_any, const T2 *)"
1550331456,5440,14111,,,,,,,,,,0.094,17223.480,Pinned,Device,NVIDIA A100-SXM4-40GB MIG 4g.20gb (0),1,,13,[CUDA memcpy Host-to-Device]
1550340800,597401,14112,,,,,,,,,,456.561,763827.289,Device,,NVIDIA A100-SXM4-40GB MIG 4g.20gb (0),1,,13,[CUDA memset]
1550940409,160958,14117,,,,,,,,,,1.235,7671.472,Pinned,Device,NVIDIA A100-SXM4-40GB MIG 4g.20gb (0),1,,13,[CUDA memcpy Host-to-Device]
1551114934,38848,14118,,,,,,,,,,0.197,5060.887,Pinned,Device,NVIDIA A100-SXM4-40GB MIG 4g.20gb (0),1,,13,[CUDA memcpy Host-to-Device]
1551169430,8384,14119,69,4,1,48,1,1,76,0.002,0.000,,,,,NVIDIA A100-SXM4-40GB MIG 4g.20gb (0),1,,13,"void ch_est::windowedChEstPreNoDftSOfdmKernel<float, __half, float, (unsigned int)2, (unsigned int)1, (unsigned short)4>(ch_est::puschRxChEstStatDescr_t *, ch_est::puschRxChEstDynDescr_t *)"
1551182966,7263,14120,137,2,1,24,2,1,44,0.001,0.001,,,,,NVIDIA A100-SXM4-40GB MIG 4g.20gb (0),1,,13,"void ch_est::chEstFilterNoDftSOfdmDispatchKernel<float, __half, float, (unsigned int)2>(ch_est::puschRxChEstStatDescr_t *, ch_est::puschRxChEstDynDescr_t *)"
1551195189,4960,14121,137,2,1,24,2,1,44,0.001,0.001,,,,,NVIDIA A100-SXM4-40GB MIG 4g.20gb (0),1,,13,"void ch_est::chEstFilterNoDftSOfdmDispatchKernel<float, __half, float, (unsigned int)2>(ch_est::puschRxChEstStatDescr_t *, ch_est::puschRxChEstDynDescr_t *)"
1551204821,2656,14132,103,1,1,128,1,1,16,0.000,0.000,,,,,NVIDIA A100-SXM4-40GB MIG 4g.20gb (0),1,,13,cupy_copy__complex64_complex64
1551215317,12672,14142,1434,1,1,128,1,1,16,0.000,0.000,,,,,NVIDIA A100-SXM4-40GB MIG 4g.20gb (0),1,,13,cupy_copy__complex64_complex64
1551231669,2528,14149,103,1,1,128,1,1,16,0.000,0.000,,,,,NVIDIA A100-SXM4-40GB MIG 4g.20gb (0),1,,13,cupy_copy__complex64_complex64
1551240245,83775,14156,1,1,1,32,32,1,30,0.000,0.000,,,,,NVIDIA A100-SXM4-40GB MIG 4g.20gb (0),1,,13,"void convert_kernel<__half2, float2>(tensor_layout_any, T1 *, tensor_layout_any, const T2 *)"
1551351923,5664,14159,,,,,,,,,,0.094,16542.310,Pinned,Device,NVIDIA A100-SXM4-40GB MIG 4g.20gb (0),1,,13,[CUDA memcpy Host-to-Device]
1551365171,47648,14160,,,,,,,,,,35.810,751542.791,Device,,NVIDIA A100-SXM4-40GB MIG 4g.20gb (0),1,,13,[CUDA memset]
1551417267,4672,14162,,,,,,,,,,0.000,17.123,Pinned,Device,NVIDIA A100-SXM4-40GB MIG 4g.20gb (0),1,,13,[CUDA memcpy Host-to-Device]
1551428659,14751,14163,,,,,,,,,,0.197,13328.450,Pinned,Device,NVIDIA A100-SXM4-40GB MIG 4g.20gb (0),1,,13,[CUDA memcpy Host-to-Device]
1551452306,9728,14164,273,1,1,48,1,1,40,0.000,0.001,,,,,NVIDIA A100-SXM4-40GB MIG 4g.20gb (0),1,,13,"void pusch_noise_intf_est::noiseIntfEstNoDftSOfdmKernel<float, __half, float, float, (unsigned int)2, (unsigned int)1, (unsigned char)4, (unsigned char)4>(pusch_noise_intf_est::puschRxNoiseIntfEstDynDescr)"
1551464530,2848,14175,35,1,1,128,1,1,16,0.000,0.000,,,,,NVIDIA A100-SXM4-40GB MIG 4g.20gb (0),1,,13,cupy_copy__complex64_complex64
1551473682,1792,14184,1,1,1,1,1,1,18,0.000,0.000,,,,,NVIDIA A100-SXM4-40GB MIG 4g.20gb (0),1,,13,cupy_copy__float32_float32
1551503954,1728,14190,,,,,,,,,,0.000,2.315,Device,Pageable,NVIDIA A100-SXM4-40GB MIG 4g.20gb (0),1,,7,[CUDA memcpy Device-to-Host]
1551563601,12992,14201,1434,1,1,128,1,1,16,0.000,0.000,,,,,NVIDIA A100-SXM4-40GB MIG 4g.20gb (0),1,,13,cupy_copy__complex64_complex64
1551589937,3615,14208,103,1,1,128,1,1,16,0.000,0.000,,,,,NVIDIA A100-SXM4-40GB MIG 4g.20gb (0),1,,13,cupy_copy__complex64_complex64
1551611696,2368,14215,35,1,1,128,1,1,16,0.000,0.000,,,,,NVIDIA A100-SXM4-40GB MIG 4g.20gb (0),1,,13,cupy_copy__complex64_complex64
1551629200,1952,14222,1,1,1,1,1,1,18,0.000,0.000,,,,,NVIDIA A100-SXM4-40GB MIG 4g.20gb (0),1,,13,cupy_copy__float32_float32
1551761326,82207,14233,1,1,1,32,32,1,30,0.000,0.000,,,,,NVIDIA A100-SXM4-40GB MIG 4g.20gb (0),1,,13,"void convert_kernel<__half2, float2>(tensor_layout_any, T1 *, tensor_layout_any, const T2 *)"
1551871949,5792,14236,,,,,,,,,,0.094,16176.708,Pinned,Device,NVIDIA A100-SXM4-40GB MIG 4g.20gb (0),1,,13,[CUDA memcpy Host-to-Device]
1551886285,3456,14237,,,,,,,,,,1.547,447517.201,Device,,NVIDIA A100-SXM4-40GB MIG 4g.20gb (0),1,,13,[CUDA memset]
1551893517,3360,14242,,,,,,,,,,0.031,9314.284,Pinned,Device,NVIDIA A100-SXM4-40GB MIG 4g.20gb (0),1,,13,[CUDA memcpy Host-to-Device]
1551899693,9440,14243,,,,,,,,,,0.197,20827.079,Pinned,Device,NVIDIA A100-SXM4-40GB MIG 4g.20gb (0),1,,13,[CUDA memcpy Host-to-Device]
1551913325,6239,14244,273,1,1,8,4,1,39,0.002,0.000,,,,,NVIDIA A100-SXM4-40GB MIG 4g.20gb (0),1,,13,"void channel_eq::eqMmseCoefCompLowMimoKernel<float, float, float, (unsigned int)4, (unsigned int)1, (unsigned int)4>(const channel_eq::_puschRxChEqStatDescr *, channel_eq::_puschRxChEqCoefCompDynDescr)"
1551920620,6240,14245,273,1,1,12,11,1,51,0.002,0.000,,,,,NVIDIA A100-SXM4-40GB MIG 4g.20gb (0),1,,13,"void channel_eq::eqMmseSoftDemapKernel<float, __half, __half, float, (unsigned int)4, (unsigned short)16383>(channel_eq::_puschRxChEqStatDescr *, channel_eq::_puschRxChEqSoftDemapDynDescr)"
1551927948,282877,14246,1,1,1,32,32,1,30,0.000,0.000,,,,,NVIDIA A100-SXM4-40GB MIG 4g.20gb (0),1,,13,"void convert_kernel<float2, __half2>(tensor_layout_any, T1 *, tensor_layout_any, const T2 *)"
1552212233,10976,14258,2253,1,1,128,1,1,16,0.000,0.000,,,,,NVIDIA A100-SXM4-40GB MIG 4g.20gb (0),1,,13,cupy_copy__float16_float16
1552228841,3264,14267,282,1,1,128,1,1,16,0.000,0.000,,,,,NVIDIA A100-SXM4-40GB MIG 4g.20gb (0),1,,13,cupy_copy__complex64_complex64
1552233929,2016,14276,26,1,1,128,1,1,16,0.000,0.000,,,,,NVIDIA A100-SXM4-40GB MIG 4g.20gb (0),1,,13,cupy_copy__float32_float32
1552237321,4735,14285,103,1,1,128,1,1,16,0.000,0.000,,,,,NVIDIA A100-SXM4-40GB MIG 4g.20gb (0),1,,13,cupy_copy__complex64_complex64
1552244584,12288,14295,1434,1,1,128,1,1,16,0.000,0.000,,,,,NVIDIA A100-SXM4-40GB MIG 4g.20gb (0),1,,13,cupy_copy__complex64_complex64
1552261704,82175,14300,1,1,1,32,32,1,30,0.000,0.000,,,,,NVIDIA A100-SXM4-40GB MIG 4g.20gb (0),1,,13,"void convert_kernel<__half2, float2>(tensor_layout_any, T1 *, tensor_layout_any, const T2 *)"
1552371559,5600,14303,,,,,,,,,,0.094,16731.388,Pinned,Device,NVIDIA A100-SXM4-40GB MIG 4g.20gb (0),1,,13,[CUDA memcpy Host-to-Device]
1552381479,601752,14304,,,,,,,,,,456.561,758348.552,Device,,NVIDIA A100-SXM4-40GB MIG 4g.20gb (0),1,,13,[CUDA memset]
1552991519,140702,14309,,,,,,,,,,1.235,8776.747,Pinned,Device,NVIDIA A100-SXM4-40GB MIG 4g.20gb (0),1,,13,[CUDA memcpy Host-to-Device]
1553147101,38784,14310,,,,,,,,,,0.197,5069.144,Pinned,Device,NVIDIA A100-SXM4-40GB MIG 4g.20gb (0),1,,13,[CUDA memcpy Host-to-Device]
1553204925,8223,14311,69,4,1,48,1,1,76,0.002,0.000,,,,,NVIDIA A100-SXM4-40GB MIG 4g.20gb (0),1,,13,"void ch_est::windowedChEstPreNoDftSOfdmKernel<float, __half, float, (unsigned int)2, (unsigned int)1, (unsigned short)4>(ch_est::puschRxChEstStatDescr_t *, ch_est::puschRxChEstDynDescr_t *)"
1553224732,7200,14312,137,2,1,24,2,1,44,0.001,0.001,,,,,NVIDIA A100-SXM4-40GB MIG 4g.20gb (0),1,,13,"void ch_est::chEstFilterNoDftSOfdmDispatchKernel<float, __half, float, (unsigned int)2>(ch_est::puschRxChEstStatDescr_t *, ch_est::puschRxChEstDynDescr_t *)"
1553242812,4640,14313,137,2,1,24,2,1,44,0.001,0.001,,,,,NVIDIA A100-SXM4-40GB MIG 4g.20gb (0),1,,13,"void ch_est::chEstFilterNoDftSOfdmDispatchKernel<float, __half, float, (unsigned int)2>(ch_est::puschRxChEstStatDescr_t *, ch_est::puschRxChEstDynDescr_t *)"
1553259996,2624,14324,103,1,1,128,1,1,16,0.000,0.000,,,,,NVIDIA A100-SXM4-40GB MIG 4g.20gb (0),1,,13,cupy_copy__complex64_complex64
1553276412,12543,14334,1434,1,1,128,1,1,16,0.000,0.000,,,,,NVIDIA A100-SXM4-40GB MIG 4g.20gb (0),1,,13,cupy_copy__complex64_complex64
1553295867,2880,14341,103,1,1,128,1,1,16,0.000,0.000,,,,,NVIDIA A100-SXM4-40GB MIG 4g.20gb (0),1,,13,cupy_copy__complex64_complex64
1553323387,87711,14348,1,1,1,32,32,1,30,0.000,0.000,,,,,NVIDIA A100-SXM4-40GB MIG 4g.20gb (0),1,,13,"void convert_kernel<__half2, float2>(tensor_layout_any, T1 *, tensor_layout_any, const T2 *)"
1553446362,15487,14351,,,,,,,,,,0.094,6049.951,Pinned,Device,NVIDIA A100-SXM4-40GB MIG 4g.20gb (0),1,,13,[CUDA memcpy Host-to-Device]
1553482425,47616,14352,,,,,,,,,,35.810,752044.130,Device,,NVIDIA A100-SXM4-40GB MIG 4g.20gb (0),1,,13,[CUDA memset]
1553532920,2176,14354,,,,,,,,,,0.000,36.765,Pinned,Device,NVIDIA A100-SXM4-40GB MIG 4g.20gb (0),1,,13,[CUDA memcpy Host-to-Device]
1553547512,14496,14355,,,,,,,,,,0.197,13562.806,Pinned,Device,NVIDIA A100-SXM4-40GB MIG 4g.20gb (0),1,,13,[CUDA memcpy Host-to-Device]
1553573272,9760,14356,273,1,1,48,1,1,40,0.000,0.001,,,,,NVIDIA A100-SXM4-40GB MIG 4g.20gb (0),1,,13,"void pusch_noise_intf_est::noiseIntfEstNoDftSOfdmKernel<float, __half, float, float, (unsigned int)2, (unsigned int)1, (unsigned char)4, (unsigned char)4>(pusch_noise_intf_est::puschRxNoiseIntfEstDynDescr)"
1553589080,2784,14367,35,1,1,128,1,1,16,0.000,0.000,,,,,NVIDIA A100-SXM4-40GB MIG 4g.20gb (0),1,,13,cupy_copy__complex64_complex64
1553597400,2240,14376,1,1,1,1,1,1,18,0.000,0.000,,,,,NVIDIA A100-SXM4-40GB MIG 4g.20gb (0),1,,13,cupy_copy__float32_float32
1553607896,1792,14382,,,,,,,,,,0.000,2.232,Device,Pageable,NVIDIA A100-SXM4-40GB MIG 4g.20gb (0),1,,7,[CUDA memcpy Device-to-Host]
1553674231,13120,14393,1434,1,1,128,1,1,16,0.000,0.000,,,,,NVIDIA A100-SXM4-40GB MIG 4g.20gb (0),1,,13,cupy_copy__complex64_complex64
1553701110,3008,14400,103,1,1,128,1,1,16,0.000,0.000,,,,,NVIDIA A100-SXM4-40GB MIG 4g.20gb (0),1,,13,cupy_copy__complex64_complex64
1553721590,2560,14407,35,1,1,128,1,1,16,0.000,0.000,,,,,NVIDIA A100-SXM4-40GB MIG 4g.20gb (0),1,,13,cupy_copy__complex64_complex64
1553739254,1792,14414,1,1,1,1,1,1,18,0.000,0.000,,,,,NVIDIA A100-SXM4-40GB MIG 4g.20gb (0),1,,13,cupy_copy__float32_float32
1553871572,82111,14425,1,1,1,32,32,1,30,0.000,0.000,,,,,NVIDIA A100-SXM4-40GB MIG 4g.20gb (0),1,,13,"void convert_kernel<__half2, float2>(tensor_layout_any, T1 *, tensor_layout_any, const T2 *)"
1553980947,5856,14428,,,,,,,,,,0.094,15999.997,Pinned,Device,NVIDIA A100-SXM4-40GB MIG 4g.20gb (0),1,,13,[CUDA memcpy Host-to-Device]
1553995667,3360,14429,,,,,,,,,,1.547,460304.688,Device,,NVIDIA A100-SXM4-40GB MIG 4g.20gb (0),1,,13,[CUDA memset]
1554002067,3008,14434,,,,,,,,,,0.031,10404.230,Pinned,Device,NVIDIA A100-SXM4-40GB MIG 4g.20gb (0),1,,13,[CUDA memcpy Host-to-Device]
1554008403,9567,14435,,,,,,,,,,0.197,20550.451,Pinned,Device,NVIDIA A100-SXM4-40GB MIG 4g.20gb (0),1,,13,[CUDA memcpy Host-to-Device]
1554024626,7488,14436,273,1,1,8,4,1,39,0.002,0.000,,,,,NVIDIA A100-SXM4-40GB MIG 4g.20gb (0),1,,13,"void channel_eq::eqMmseCoefCompLowMimoKernel<float, float, float, (unsigned int)4, (unsigned int)1, (unsigned int)4>(const channel_eq::_puschRxChEqStatDescr *, channel_eq::_puschRxChEqCoefCompDynDescr)"
1554034322,6208,14437,273,1,1,12,11,1,51,0.002,0.000,,,,,NVIDIA A100-SXM4-40GB MIG 4g.20gb (0),1,,13,"void channel_eq::eqMmseSoftDemapKernel<float, __half, __half, float, (unsigned int)4, (unsigned short)16383>(channel_eq::_puschRxChEqStatDescr *, channel_eq::_puschRxChEqSoftDemapDynDescr)"
1554042130,281853,14438,1,1,1,32,32,1,30,0.000,0.000,,,,,NVIDIA A100-SXM4-40GB MIG 4g.20gb (0),1,,13,"void convert_kernel<float2, __half2>(tensor_layout_any, T1 *, tensor_layout_any, const T2 *)"
1554327023,11199,14450,2253,1,1,128,1,1,16,0.000,0.000,,,,,NVIDIA A100-SXM4-40GB MIG 4g.20gb (0),1,,13,cupy_copy__float16_float16
1554339950,3680,14459,282,1,1,128,1,1,16,0.000,0.000,,,,,NVIDIA A100-SXM4-40GB MIG 4g.20gb (0),1,,13,cupy_copy__complex64_complex64
1554347246,2016,14468,26,1,1,128,1,1,16,0.000,0.000,,,,,NVIDIA A100-SXM4-40GB MIG 4g.20gb (0),1,,13,cupy_copy__float32_float32
1554350414,4736,14477,103,1,1,128,1,1,16,0.000,0.000,,,,,NVIDIA A100-SXM4-40GB MIG 4g.20gb (0),1,,13,cupy_copy__complex64_complex64
1554356302,12000,14487,1434,1,1,128,1,1,16,0.000,0.000,,,,,NVIDIA A100-SXM4-40GB MIG 4g.20gb (0),1,,13,cupy_copy__complex64_complex64
1554372366,82047,14492,1,1,1,32,32,1,30,0.000,0.000,,,,,NVIDIA A100-SXM4-40GB MIG 4g.20gb (0),1,,13,"void convert_kernel<__half2, float2>(tensor_layout_any, T1 *, tensor_layout_any, const T2 *)"
1554482029,5760,14495,,,,,,,,,,0.094,16266.656,Pinned,Device,NVIDIA A100-SXM4-40GB MIG 4g.20gb (0),1,,13,[CUDA memcpy Host-to-Device]
1554494317,597016,14496,,,,,,,,,,456.561,764283.851,Device,,NVIDIA A100-SXM4-40GB MIG 4g.20gb (0),1,,13,[CUDA memset]
1555093253,156638,14501,,,,,,,,,,1.235,7883.882,Pinned,Device,NVIDIA A100-SXM4-40GB MIG 4g.20gb (0),1,,13,[CUDA memcpy Host-to-Device]
1555263747,40928,14502,,,,,,,,,,0.197,4803.723,Pinned,Device,NVIDIA A100-SXM4-40GB MIG 4g.20gb (0),1,,13,[CUDA memcpy Host-to-Device]
1555321986,8480,14503,69,4,1,48,1,1,76,0.002,0.000,,,,,NVIDIA A100-SXM4-40GB MIG 4g.20gb (0),1,,13,"void ch_est::windowedChEstPreNoDftSOfdmKernel<float, __half, float, (unsigned int)2, (unsigned int)1, (unsigned short)4>(ch_est::puschRxChEstStatDescr_t *, ch_est::puschRxChEstDynDescr_t *)"
1555340098,6912,14504,137,2,1,24,2,1,44,0.001,0.001,,,,,NVIDIA A100-SXM4-40GB MIG 4g.20gb (0),1,,13,"void ch_est::chEstFilterNoDftSOfdmDispatchKernel<float, __half, float, (unsigned int)2>(ch_est::puschRxChEstStatDescr_t *, ch_est::puschRxChEstDynDescr_t *)"
1555357346,4736,14505,137,2,1,24,2,1,44,0.001,0.001,,,,,NVIDIA A100-SXM4-40GB MIG 4g.20gb (0),1,,13,"void ch_est::chEstFilterNoDftSOfdmDispatchKernel<float, __half, float, (unsigned int)2>(ch_est::puschRxChEstStatDescr_t *, ch_est::puschRxChEstDynDescr_t *)"
1555375106,2720,14516,103,1,1,128,1,1,16,0.000,0.000,,,,,NVIDIA A100-SXM4-40GB MIG 4g.20gb (0),1,,13,cupy_copy__complex64_complex64
1555392417,12384,14526,1434,1,1,128,1,1,16,0.000,0.000,,,,,NVIDIA A100-SXM4-40GB MIG 4g.20gb (0),1,,13,cupy_copy__complex64_complex64
1555410657,2912,14533,103,1,1,128,1,1,16,0.000,0.000,,,,,NVIDIA A100-SXM4-40GB MIG 4g.20gb (0),1,,13,cupy_copy__complex64_complex64
1555432737,89375,14540,1,1,1,32,32,1,30,0.000,0.000,,,,,NVIDIA A100-SXM4-40GB MIG 4g.20gb (0),1,,13,"void convert_kernel<__half2, float2>(tensor_layout_any, T1 *, tensor_layout_any, const T2 *)"
1555557471,27872,14543,,,,,,,,,,0.094,3361.625,Pinned,Device,NVIDIA A100-SXM4-40GB MIG 4g.20gb (0),1,,13,[CUDA memcpy Host-to-Device]
1555606559,47583,14544,,,,,,,,,,35.810,752545.469,Device,,NVIDIA A100-SXM4-40GB MIG 4g.20gb (0),1,,13,[CUDA memset]
1555659646,12448,14546,,,,,,,,,,0.000,6.427,Pinned,Device,NVIDIA A100-SXM4-40GB MIG 4g.20gb (0),1,,13,[CUDA memcpy Host-to-Device]
1555682206,37311,14547,,,,,,,,,,0.197,5269.291,Pinned,Device,NVIDIA A100-SXM4-40GB MIG 4g.20gb (0),1,,13,[CUDA memcpy Host-to-Device]
1555748349,9536,14548,273,1,1,48,1,1,40,0.000,0.001,,,,,NVIDIA A100-SXM4-40GB MIG 4g.20gb (0),1,,13,"void pusch_noise_intf_est::noiseIntfEstNoDftSOfdmKernel<float, __half, float, float, (unsigned int)2, (unsigned int)1, (unsigned char)4, (unsigned char)4>(pusch_noise_intf_est::puschRxNoiseIntfEstDynDescr)"
1555764957,2752,14559,35,1,1,128,1,1,16,0.000,0.000,,,,,NVIDIA A100-SXM4-40GB MIG 4g.20gb (0),1,,13,cupy_copy__complex64_complex64
1555781725,1760,14568,1,1,1,1,1,1,18,0.000,0.000,,,,,NVIDIA A100-SXM4-40GB MIG 4g.20gb (0),1,,13,cupy_copy__float32_float32
1555790012,8064,14574,,,,,,,,,,0.000,0.496,Device,Pageable,NVIDIA A100-SXM4-40GB MIG 4g.20gb (0),1,,7,[CUDA memcpy Device-to-Host]
1555886203,13184,14585,1434,1,1,128,1,1,16,0.000,0.000,,,,,NVIDIA A100-SXM4-40GB MIG 4g.20gb (0),1,,13,cupy_copy__complex64_complex64
1555905883,2976,14592,103,1,1,128,1,1,16,0.000,0.000,,,,,NVIDIA A100-SXM4-40GB MIG 4g.20gb (0),1,,13,cupy_copy__complex64_complex64
1555928987,2400,14599,35,1,1,128,1,1,16,0.000,0.000,,,,,NVIDIA A100-SXM4-40GB MIG 4g.20gb (0),1,,13,cupy_copy__complex64_complex64
1555946747,1952,14606,1,1,1,1,1,1,18,0.000,0.000,,,,,NVIDIA A100-SXM4-40GB MIG 4g.20gb (0),1,,13,cupy_copy__float32_float32
1556075449,87775,14617,1,1,1,32,32,1,30,0.000,0.000,,,,,NVIDIA A100-SXM4-40GB MIG 4g.20gb (0),1,,13,"void convert_kernel<__half2, float2>(tensor_layout_any, T1 *, tensor_layout_any, const T2 *)"
1556191320,6207,14620,,,,,,,,,,0.094,15095.175,Pinned,Device,NVIDIA A100-SXM4-40GB MIG 4g.20gb (0),1,,13,[CUDA memcpy Host-to-Device]
1556205367,3168,14621,,,,,,,,,,1.547,488201.145,Device,,NVIDIA A100-SXM4-40GB MIG 4g.20gb (0),1,,13,[CUDA memset]
1556212599,3872,14626,,,,,,,,,,0.031,8082.630,Pinned,Device,NVIDIA A100-SXM4-40GB MIG 4g.20gb (0),1,,13,[CUDA memcpy Host-to-Device]
1556218551,9568,14627,,,,,,,,,,0.197,20548.485,Pinned,Device,NVIDIA A100-SXM4-40GB MIG 4g.20gb (0),1,,13,[CUDA memcpy Host-to-Device]
1556233143,6240,14628,273,1,1,8,4,1,39,0.002,0.000,,,,,NVIDIA A100-SXM4-40GB MIG 4g.20gb (0),1,,13,"void channel_eq::eqMmseCoefCompLowMimoKernel<float, float, float, (unsigned int)4, (unsigned int)1, (unsigned int)4>(const channel_eq::_puschRxChEqStatDescr *, channel_eq::_puschRxChEqCoefCompDynDescr)"
1556241879,5920,14629,273,1,1,12,11,1,51,0.002,0.000,,,,,NVIDIA A100-SXM4-40GB MIG 4g.20gb (0),1,,13,"void channel_eq::eqMmseSoftDemapKernel<float, __half, __half, float, (unsigned int)4, (unsigned short)16383>(channel_eq::_puschRxChEqStatDescr *, channel_eq::_puschRxChEqSoftDemapDynDescr)"
1556248919,294012,14630,1,1,1,32,32,1,30,0.000,0.000,,,,,NVIDIA A100-SXM4-40GB MIG 4g.20gb (0),1,,13,"void convert_kernel<float2, __half2>(tensor_layout_any, T1 *, tensor_layout_any, const T2 *)"
1556546067,11008,14642,2253,1,1,128,1,1,16,0.000,0.000,,,,,NVIDIA A100-SXM4-40GB MIG 4g.20gb (0),1,,13,cupy_copy__float16_float16
1556559251,3104,14651,282,1,1,128,1,1,16,0.000,0.000,,,,,NVIDIA A100-SXM4-40GB MIG 4g.20gb (0),1,,13,cupy_copy__complex64_complex64
1556564051,2176,14660,26,1,1,128,1,1,16,0.000,0.000,,,,,NVIDIA A100-SXM4-40GB MIG 4g.20gb (0),1,,13,cupy_copy__float32_float32
1556567635,4800,14669,103,1,1,128,1,1,16,0.000,0.000,,,,,NVIDIA A100-SXM4-40GB MIG 4g.20gb (0),1,,13,cupy_copy__complex64_complex64
1556573459,12064,14679,1434,1,1,128,1,1,16,0.000,0.000,,,,,NVIDIA A100-SXM4-40GB MIG 4g.20gb (0),1,,13,cupy_copy__complex64_complex64
1556587091,82367,14684,1,1,1,32,32,1,30,0.000,0.000,,,,,NVIDIA A100-SXM4-40GB MIG 4g.20gb (0),1,,13,"void convert_kernel<__half2, float2>(tensor_layout_any, T1 *, tensor_layout_any, const T2 *)"
1556696849,5664,14687,,,,,,,,,,0.094,16542.310,Pinned,Device,NVIDIA A100-SXM4-40GB MIG 4g.20gb (0),1,,13,[CUDA memcpy Host-to-Device]
1556707953,597913,14688,,,,,,,,,,456.561,763370.728,Device,,NVIDIA A100-SXM4-40GB MIG 4g.20gb (0),1,,13,[CUDA memset]
1557309610,88959,14693,,,,,,,,,,1.235,13882.006,Pinned,Device,NVIDIA A100-SXM4-40GB MIG 4g.20gb (0),1,,13,[CUDA memcpy Host-to-Device]
1557404712,17568,14694,,,,,,,,,,0.197,11191.124,Pinned,Device,NVIDIA A100-SXM4-40GB MIG 4g.20gb (0),1,,13,[CUDA memcpy Host-to-Device]
1557434696,8384,14695,69,4,1,48,1,1,76,0.002,0.000,,,,,NVIDIA A100-SXM4-40GB MIG 4g.20gb (0),1,,13,"void ch_est::windowedChEstPreNoDftSOfdmKernel<float, __half, float, (unsigned int)2, (unsigned int)1, (unsigned short)4>(ch_est::puschRxChEstStatDescr_t *, ch_est::puschRxChEstDynDescr_t *)"
1557450024,7968,14696,137,2,1,24,2,1,44,0.001,0.001,,,,,NVIDIA A100-SXM4-40GB MIG 4g.20gb (0),1,,13,"void ch_est::chEstFilterNoDftSOfdmDispatchKernel<float, __half, float, (unsigned int)2>(ch_est::puschRxChEstStatDescr_t *, ch_est::puschRxChEstDynDescr_t *)"
1557461352,5120,14697,137,2,1,24,2,1,44,0.001,0.001,,,,,NVIDIA A100-SXM4-40GB MIG 4g.20gb (0),1,,13,"void ch_est::chEstFilterNoDftSOfdmDispatchKernel<float, __half, float, (unsigned int)2>(ch_est::puschRxChEstStatDescr_t *, ch_est::puschRxChEstDynDescr_t *)"
1557471688,3008,14708,103,1,1,128,1,1,16,0.000,0.000,,,,,NVIDIA A100-SXM4-40GB MIG 4g.20gb (0),1,,13,cupy_copy__complex64_complex64
1557477448,12735,14718,1434,1,1,128,1,1,16,0.000,0.000,,,,,NVIDIA A100-SXM4-40GB MIG 4g.20gb (0),1,,13,cupy_copy__complex64_complex64
1557491783,2912,14725,103,1,1,128,1,1,16,0.000,0.000,,,,,NVIDIA A100-SXM4-40GB MIG 4g.20gb (0),1,,13,cupy_copy__complex64_complex64
1557497191,82143,14732,1,1,1,32,32,1,30,0.000,0.000,,,,,NVIDIA A100-SXM4-40GB MIG 4g.20gb (0),1,,13,"void convert_kernel<__half2, float2>(tensor_layout_any, T1 *, tensor_layout_any, const T2 *)"
1557607014,5504,14735,,,,,,,,,,0.094,17023.251,Pinned,Device,NVIDIA A100-SXM4-40GB MIG 4g.20gb (0),1,,13,[CUDA memcpy Host-to-Device]
1557618982,47167,14736,,,,,,,,,,35.810,759206.114,Device,,NVIDIA A100-SXM4-40GB MIG 4g.20gb (0),1,,13,[CUDA memset]
1557674149,3872,14738,,,,,,,,,,0.000,20.661,Pinned,Device,NVIDIA A100-SXM4-40GB MIG 4g.20gb (0),1,,13,[CUDA memcpy Host-to-Device]
1557683045,11584,14739,,,,,,,,,,0.197,16972.186,Pinned,Device,NVIDIA A100-SXM4-40GB MIG 4g.20gb (0),1,,13,[CUDA memcpy Host-to-Device]
1557704965,12384,14740,273,1,1,48,1,1,40,0.000,0.001,,,,,NVIDIA A100-SXM4-40GB MIG 4g.20gb (0),1,,13,"void pusch_noise_intf_est::noiseIntfEstNoDftSOfdmKernel<float, __half, float, float, (unsigned int)2, (unsigned int)1, (unsigned char)4, (unsigned char)4>(pusch_noise_intf_est::puschRxNoiseIntfEstDynDescr)"
1557720453,2784,14751,35,1,1,128,1,1,16,0.000,0.000,,,,,NVIDIA A100-SXM4-40GB MIG 4g.20gb (0),1,,13,cupy_copy__complex64_complex64
1557729316,2048,14760,1,1,1,1,1,1,18,0.000,0.000,,,,,NVIDIA A100-SXM4-40GB MIG 4g.20gb (0),1,,13,cupy_copy__float32_float32
1557759940,1568,14766,,,,,,,,,,0.000,2.551,Device,Pageable,NVIDIA A100-SXM4-40GB MIG 4g.20gb (0),1,,7,[CUDA memcpy Device-to-Host]
1557821347,13024,14777,1434,1,1,128,1,1,16,0.000,0.000,,,,,NVIDIA A100-SXM4-40GB MIG 4g.20gb (0),1,,13,cupy_copy__complex64_complex64
1557848803,3424,14784,103,1,1,128,1,1,16,0.000,0.000,,,,,NVIDIA A100-SXM4-40GB MIG 4g.20gb (0),1,,13,cupy_copy__complex64_complex64
1557868643,2560,14791,35,1,1,128,1,1,16,0.000,0.000,,,,,NVIDIA A100-SXM4-40GB MIG 4g.20gb (0),1,,13,cupy_copy__complex64_complex64
1557887395,1823,14798,1,1,1,1,1,1,18,0.000,0.000,,,,,NVIDIA A100-SXM4-40GB MIG 4g.20gb (0),1,,13,cupy_copy__float32_float32
1558019553,83039,14809,1,1,1,32,32,1,30,0.000,0.000,,,,,NVIDIA A100-SXM4-40GB MIG 4g.20gb (0),1,,13,"void convert_kernel<__half2, float2>(tensor_layout_any, T1 *, tensor_layout_any, const T2 *)"
1558129792,5535,14812,,,,,,,,,,0.094,16927.869,Pinned,Device,NVIDIA A100-SXM4-40GB MIG 4g.20gb (0),1,,13,[CUDA memcpy Host-to-Device]
1558146207,3360,14813,,,,,,,,,,1.547,460304.688,Device,,NVIDIA A100-SXM4-40GB MIG 4g.20gb (0),1,,13,[CUDA memset]
1558150911,3520,14818,,,,,,,,,,0.031,8890.881,Pinned,Device,NVIDIA A100-SXM4-40GB MIG 4g.20gb (0),1,,13,[CUDA memcpy Host-to-Device]
1558157119,9760,14819,,,,,,,,,,0.197,20144.259,Pinned,Device,NVIDIA A100-SXM4-40GB MIG 4g.20gb (0),1,,13,[CUDA memcpy Host-to-Device]
1558172223,6656,14820,273,1,1,8,4,1,39,0.002,0.000,,,,,NVIDIA A100-SXM4-40GB MIG 4g.20gb (0),1,,13,"void channel_eq::eqMmseCoefCompLowMimoKernel<float, float, float, (unsigned int)4, (unsigned int)1, (unsigned int)4>(const channel_eq::_puschRxChEqStatDescr *, channel_eq::_puschRxChEqCoefCompDynDescr)"
1558179967,5312,14821,273,1,1,12,11,1,51,0.002,0.000,,,,,NVIDIA A100-SXM4-40GB MIG 4g.20gb (0),1,,13,"void channel_eq::eqMmseSoftDemapKernel<float, __half, __half, float, (unsigned int)4, (unsigned short)16383>(channel_eq::_puschRxChEqStatDescr *, channel_eq::_puschRxChEqSoftDemapDynDescr)"
1558186271,282716,14822,1,1,1,32,32,1,30,0.000,0.000,,,,,NVIDIA A100-SXM4-40GB MIG 4g.20gb (0),1,,13,"void convert_kernel<float2, __half2>(tensor_layout_any, T1 *, tensor_layout_any, const T2 *)"
1558469979,11008,14834,2253,1,1,128,1,1,16,0.000,0.000,,,,,NVIDIA A100-SXM4-40GB MIG 4g.20gb (0),1,,13,cupy_copy__float16_float16
1558484443,3552,14843,282,1,1,128,1,1,16,0.000,0.000,,,,,NVIDIA A100-SXM4-40GB MIG 4g.20gb (0),1,,13,cupy_copy__complex64_complex64
1558490267,2016,14852,26,1,1,128,1,1,16,0.000,0.000,,,,,NVIDIA A100-SXM4-40GB MIG 4g.20gb (0),1,,13,cupy_copy__float32_float32
1558493499,4288,14861,103,1,1,128,1,1,16,0.000,0.000,,,,,NVIDIA A100-SXM4-40GB MIG 4g.20gb (0),1,,13,cupy_copy__complex64_complex64
1558499867,12096,14871,1434,1,1,128,1,1,16,0.000,0.000,,,,,NVIDIA A100-SXM4-40GB MIG 4g.20gb (0),1,,13,cupy_copy__complex64_complex64
1558518971,87135,14876,1,1,1,32,32,1,30,0.000,0.000,,,,,NVIDIA A100-SXM4-40GB MIG 4g.20gb (0),1,,13,"void convert_kernel<__half2, float2>(tensor_layout_any, T1 *, tensor_layout_any, const T2 *)"
1558633721,5984,14879,,,,,,,,,,0.094,15657.726,Pinned,Device,NVIDIA A100-SXM4-40GB MIG 4g.20gb (0),1,,13,[CUDA memcpy Host-to-Device]
1558644249,596633,14880,,,,,,,,,,456.561,765196.973,Device,,NVIDIA A100-SXM4-40GB MIG 4g.20gb (0),1,,13,[CUDA memset]
1559248018,151998,14885,,,,,,,,,,1.235,8124.697,Pinned,Device,NVIDIA A100-SXM4-40GB MIG 4g.20gb (0),1,,13,[CUDA memcpy Host-to-Device]
1559413104,37727,14886,,,,,,,,,,0.197,5211.292,Pinned,Device,NVIDIA A100-SXM4-40GB MIG 4g.20gb (0),1,,13,[CUDA memcpy Host-to-Device]
1559470159,8224,14887,69,4,1,48,1,1,76,0.002,0.000,,,,,NVIDIA A100-SXM4-40GB MIG 4g.20gb (0),1,,13,"void ch_est::windowedChEstPreNoDftSOfdmKernel<float, __half, float, (unsigned int)2, (unsigned int)1, (unsigned short)4>(ch_est::puschRxChEstStatDescr_t *, ch_est::puschRxChEstDynDescr_t *)"
1559487567,7008,14888,137,2,1,24,2,1,44,0.001,0.001,,,,,NVIDIA A100-SXM4-40GB MIG 4g.20gb (0),1,,13,"void ch_est::chEstFilterNoDftSOfdmDispatchKernel<float, __half, float, (unsigned int)2>(ch_est::puschRxChEstStatDescr_t *, ch_est::puschRxChEstDynDescr_t *)"
1559498607,4767,14889,137,2,1,24,2,1,44,0.001,0.001,,,,,NVIDIA A100-SXM4-40GB MIG 4g.20gb (0),1,,13,"void ch_est::chEstFilterNoDftSOfdmDispatchKernel<float, __half, float, (unsigned int)2>(ch_est::puschRxChEstStatDescr_t *, ch_est::puschRxChEstDynDescr_t *)"
1559513326,2784,14900,103,1,1,128,1,1,16,0.000,0.000,,,,,NVIDIA A100-SXM4-40GB MIG 4g.20gb (0),1,,13,cupy_copy__complex64_complex64
1559523598,12448,14910,1434,1,1,128,1,1,16,0.000,0.000,,,,,NVIDIA A100-SXM4-40GB MIG 4g.20gb (0),1,,13,cupy_copy__complex64_complex64
1559548814,3104,14917,103,1,1,128,1,1,16,0.000,0.000,,,,,NVIDIA A100-SXM4-40GB MIG 4g.20gb (0),1,,13,cupy_copy__complex64_complex64
1559556558,86591,14924,1,1,1,32,32,1,30,0.000,0.000,,,,,NVIDIA A100-SXM4-40GB MIG 4g.20gb (0),1,,13,"void convert_kernel<__half2, float2>(tensor_layout_any, T1 *, tensor_layout_any, const T2 *)"
1559674156,9248,14927,,,,,,,,,,0.094,10131.442,Pinned,Device,NVIDIA A100-SXM4-40GB MIG 4g.20gb (0),1,,13,[CUDA memcpy Host-to-Device]
1559693708,46944,14928,,,,,,,,,,35.810,762787.106,Device,,NVIDIA A100-SXM4-40GB MIG 4g.20gb (0),1,,13,[CUDA memset]
1559741708,6335,14930,,,,,,,,,,0.000,12.628,Pinned,Device,NVIDIA A100-SXM4-40GB MIG 4g.20gb (0),1,,13,[CUDA memcpy Host-to-Device]
1559751467,15680,14931,,,,,,,,,,0.197,12538.675,Pinned,Device,NVIDIA A100-SXM4-40GB MIG 4g.20gb (0),1,,13,[CUDA memcpy Host-to-Device]
1559775883,10208,14932,273,1,1,48,1,1,40,0.000,0.001,,,,,NVIDIA A100-SXM4-40GB MIG 4g.20gb (0),1,,13,"void pusch_noise_intf_est::noiseIntfEstNoDftSOfdmKernel<float, __half, float, float, (unsigned int)2, (unsigned int)1, (unsigned char)4, (unsigned char)4>(pusch_noise_intf_est::puschRxNoiseIntfEstDynDescr)"
1559789099,2688,14943,35,1,1,128,1,1,16,0.000,0.000,,,,,NVIDIA A100-SXM4-40GB MIG 4g.20gb (0),1,,13,cupy_copy__complex64_complex64
1559797515,1920,14952,1,1,1,1,1,1,18,0.000,0.000,,,,,NVIDIA A100-SXM4-40GB MIG 4g.20gb (0),1,,13,cupy_copy__float32_float32
1559823595,2015,14958,,,,,,,,,,0.000,1.985,Device,Pageable,NVIDIA A100-SXM4-40GB MIG 4g.20gb (0),1,,7,[CUDA memcpy Device-to-Host]
1559884970,13056,14969,1434,1,1,128,1,1,16,0.000,0.000,,,,,NVIDIA A100-SXM4-40GB MIG 4g.20gb (0),1,,13,cupy_copy__complex64_complex64
1559911241,2880,14976,103,1,1,128,1,1,16,0.000,0.000,,,,,NVIDIA A100-SXM4-40GB MIG 4g.20gb (0),1,,13,cupy_copy__complex64_complex64
1559931209,2336,14983,35,1,1,128,1,1,16,0.000,0.000,,,,,NVIDIA A100-SXM4-40GB MIG 4g.20gb (0),1,,13,cupy_copy__complex64_complex64
1559949161,1760,14990,1,1,1,1,1,1,18,0.000,0.000,,,,,NVIDIA A100-SXM4-40GB MIG 4g.20gb (0),1,,13,cupy_copy__float32_float32
1560080743,82335,15001,1,1,1,32,32,1,30,0.000,0.000,,,,,NVIDIA A100-SXM4-40GB MIG 4g.20gb (0),1,,13,"void convert_kernel<__half2, float2>(tensor_layout_any, T1 *, tensor_layout_any, const T2 *)"
1560190278,5664,15004,,,,,,,,,,0.094,16542.310,Pinned,Device,NVIDIA A100-SXM4-40GB MIG 4g.20gb (0),1,,13,[CUDA memcpy Host-to-Device]
1560204678,3424,15005,,,,,,,,,,1.547,451700.819,Device,,NVIDIA A100-SXM4-40GB MIG 4g.20gb (0),1,,13,[CUDA memset]
1560211718,3232,15010,,,,,,,,,,0.031,9683.139,Pinned,Device,NVIDIA A100-SXM4-40GB MIG 4g.20gb (0),1,,13,[CUDA memcpy Host-to-Device]
1560217446,10016,15011,,,,,,,,,,0.197,19629.343,Pinned,Device,NVIDIA A100-SXM4-40GB MIG 4g.20gb (0),1,,13,[CUDA memcpy Host-to-Device]
1560231877,6400,15012,273,1,1,8,4,1,39,0.002,0.000,,,,,NVIDIA A100-SXM4-40GB MIG 4g.20gb (0),1,,13,"void channel_eq::eqMmseCoefCompLowMimoKernel<float, float, float, (unsigned int)4, (unsigned int)1, (unsigned int)4>(const channel_eq::_puschRxChEqStatDescr *, channel_eq::_puschRxChEqCoefCompDynDescr)"
1560239397,6112,15013,273,1,1,12,11,1,51,0.002,0.000,,,,,NVIDIA A100-SXM4-40GB MIG 4g.20gb (0),1,,13,"void channel_eq::eqMmseSoftDemapKernel<float, __half, __half, float, (unsigned int)4, (unsigned short)16383>(channel_eq::_puschRxChEqStatDescr *, channel_eq::_puschRxChEqSoftDemapDynDescr)"
1560246533,282301,15014,1,1,1,32,32,1,30,0.000,0.000,,,,,NVIDIA A100-SXM4-40GB MIG 4g.20gb (0),1,,13,"void convert_kernel<float2, __half2>(tensor_layout_any, T1 *, tensor_layout_any, const T2 *)"
1560529890,11136,15026,2253,1,1,128,1,1,16,0.000,0.000,,,,,NVIDIA A100-SXM4-40GB MIG 4g.20gb (0),1,,13,cupy_copy__float16_float16
1560544514,3136,15035,282,1,1,128,1,1,16,0.000,0.000,,,,,NVIDIA A100-SXM4-40GB MIG 4g.20gb (0),1,,13,cupy_copy__complex64_complex64
1560549506,2144,15044,26,1,1,128,1,1,16,0.000,0.000,,,,,NVIDIA A100-SXM4-40GB MIG 4g.20gb (0),1,,13,cupy_copy__float32_float32
1560554785,2944,15053,103,1,1,128,1,1,16,0.000,0.000,,,,,NVIDIA A100-SXM4-40GB MIG 4g.20gb (0),1,,13,cupy_copy__complex64_complex64
1560558785,11904,15063,1434,1,1,128,1,1,16,0.000,0.000,,,,,NVIDIA A100-SXM4-40GB MIG 4g.20gb (0),1,,13,cupy_copy__complex64_complex64
1560576353,87583,15068,1,1,1,32,32,1,30,0.000,0.000,,,,,NVIDIA A100-SXM4-40GB MIG 4g.20gb (0),1,,13,"void convert_kernel<__half2, float2>(tensor_layout_any, T1 *, tensor_layout_any, const T2 *)"
1560690976,5472,15071,,,,,,,,,,0.094,17122.757,Pinned,Device,NVIDIA A100-SXM4-40GB MIG 4g.20gb (0),1,,13,[CUDA memcpy Host-to-Device]
1560701600,596504,15072,,,,,,,,,,456.561,765196.973,Device,,NVIDIA A100-SXM4-40GB MIG 4g.20gb (0),1,,13,[CUDA memset]
1561305528,162110,15077,,,,,,,,,,1.235,7617.135,Pinned,Device,NVIDIA A100-SXM4-40GB MIG 4g.20gb (0),1,,13,[CUDA memcpy Host-to-Device]
1561478870,39968,15078,,,,,,,,,,0.197,4919.132,Pinned,Device,NVIDIA A100-SXM4-40GB MIG 4g.20gb (0),1,,13,[CUDA memcpy Host-to-Device]
1561542901,8256,15079,69,4,1,48,1,1,76,0.002,0.000,,,,,NVIDIA A100-SXM4-40GB MIG 4g.20gb (0),1,,13,"void ch_est::windowedChEstPreNoDftSOfdmKernel<float, __half, float, (unsigned int)2, (unsigned int)1, (unsigned short)4>(ch_est::puschRxChEstStatDescr_t *, ch_est::puschRxChEstDynDescr_t *)"
1561562197,6816,15080,137,2,1,24,2,1,44,0.001,0.001,,,,,NVIDIA A100-SXM4-40GB MIG 4g.20gb (0),1,,13,"void ch_est::chEstFilterNoDftSOfdmDispatchKernel<float, __half, float, (unsigned int)2>(ch_est::puschRxChEstStatDescr_t *, ch_est::puschRxChEstDynDescr_t *)"
1561579989,4800,15081,137,2,1,24,2,1,44,0.001,0.001,,,,,NVIDIA A100-SXM4-40GB MIG 4g.20gb (0),1,,13,"void ch_est::chEstFilterNoDftSOfdmDispatchKernel<float, __half, float, (unsigned int)2>(ch_est::puschRxChEstStatDescr_t *, ch_est::puschRxChEstDynDescr_t *)"
1561597461,2656,15092,103,1,1,128,1,1,16,0.000,0.000,,,,,NVIDIA A100-SXM4-40GB MIG 4g.20gb (0),1,,13,cupy_copy__complex64_complex64
1561614068,12512,15102,1434,1,1,128,1,1,16,0.000,0.000,,,,,NVIDIA A100-SXM4-40GB MIG 4g.20gb (0),1,,13,cupy_copy__complex64_complex64
1561633972,3136,15109,103,1,1,128,1,1,16,0.000,0.000,,,,,NVIDIA A100-SXM4-40GB MIG 4g.20gb (0),1,,13,cupy_copy__complex64_complex64
1561652084,86751,15116,1,1,1,32,32,1,30,0.000,0.000,,,,,NVIDIA A100-SXM4-40GB MIG 4g.20gb (0),1,,13,"void convert_kernel<__half2, float2>(tensor_layout_any, T1 *, tensor_layout_any, const T2 *)"
1561769938,17760,15119,,,,,,,,,,0.094,5275.647,Pinned,Device,NVIDIA A100-SXM4-40GB MIG 4g.20gb (0),1,,13,[CUDA memcpy Host-to-Device]
1561801618,46975,15120,,,,,,,,,,35.810,762285.767,Device,,NVIDIA A100-SXM4-40GB MIG 4g.20gb (0),1,,13,[CUDA memset]
1561853745,8736,15122,,,,,,,,,,0.000,9.157,Pinned,Device,NVIDIA A100-SXM4-40GB MIG 4g.20gb (0),1,,13,[CUDA memcpy Host-to-Device]
1561870065,21504,15123,,,,,,,,,,0.197,9142.665,Pinned,Device,NVIDIA A100-SXM4-40GB MIG 4g.20gb (0),1,,13,[CUDA memcpy Host-to-Device]
1561901297,9760,15124,273,1,1,48,1,1,40,0.000,0.001,,,,,NVIDIA A100-SXM4-40GB MIG 4g.20gb (0),1,,13,"void pusch_noise_intf_est::noiseIntfEstNoDftSOfdmKernel<float, __half, float, float, (unsigned int)2, (unsigned int)1, (unsigned char)4, (unsigned char)4>(pusch_noise_intf_est::puschRxNoiseIntfEstDynDescr)"
1561915985,3072,15135,35,1,1,128,1,1,16,0.000,0.000,,,,,NVIDIA A100-SXM4-40GB MIG 4g.20gb (0),1,,13,cupy_copy__complex64_complex64
1561924944,2080,15144,1,1,1,1,1,1,18,0.000,0.000,,,,,NVIDIA A100-SXM4-40GB MIG 4g.20gb (0),1,,13,cupy_copy__float32_float32
1561934640,4864,15150,,,,,,,,,,0.000,0.822,Device,Pageable,NVIDIA A100-SXM4-40GB MIG 4g.20gb (0),1,,7,[CUDA memcpy Device-to-Host]
1562008047,12960,15161,1434,1,1,128,1,1,16,0.000,0.000,,,,,NVIDIA A100-SXM4-40GB MIG 4g.20gb (0),1,,13,cupy_copy__complex64_complex64
1562034927,3424,15168,103,1,1,128,1,1,16,0.000,0.000,,,,,NVIDIA A100-SXM4-40GB MIG 4g.20gb (0),1,,13,cupy_copy__complex64_complex64
1562062063,2560,15175,35,1,1,128,1,1,16,0.000,0.000,,,,,NVIDIA A100-SXM4-40GB MIG 4g.20gb (0),1,,13,cupy_copy__complex64_complex64
1562079215,1888,15182,1,1,1,1,1,1,18,0.000,0.000,,,,,NVIDIA A100-SXM4-40GB MIG 4g.20gb (0),1,,13,cupy_copy__float32_float32
1562200493,82047,15193,1,1,1,32,32,1,30,0.000,0.000,,,,,NVIDIA A100-SXM4-40GB MIG 4g.20gb (0),1,,13,"void convert_kernel<__half2, float2>(tensor_layout_any, T1 *, tensor_layout_any, const T2 *)"
1562309804,5536,15196,,,,,,,,,,0.094,16924.777,Pinned,Device,NVIDIA A100-SXM4-40GB MIG 4g.20gb (0),1,,13,[CUDA memcpy Host-to-Device]
1562324236,3231,15197,,,,,,,,,,1.547,478681.675,Device,,NVIDIA A100-SXM4-40GB MIG 4g.20gb (0),1,,13,[CUDA memset]
1562331115,3072,15202,,,,,,,,,,0.031,10187.474,Pinned,Device,NVIDIA A100-SXM4-40GB MIG 4g.20gb (0),1,,13,[CUDA memcpy Host-to-Device]
1562336619,10304,15203,,,,,,,,,,0.197,19080.610,Pinned,Device,NVIDIA A100-SXM4-40GB MIG 4g.20gb (0),1,,13,[CUDA memcpy Host-to-Device]
1562352523,6176,15204,273,1,1,8,4,1,39,0.002,0.000,,,,,NVIDIA A100-SXM4-40GB MIG 4g.20gb (0),1,,13,"void channel_eq::eqMmseCoefCompLowMimoKernel<float, float, float, (unsigned int)4, (unsigned int)1, (unsigned int)4>(const channel_eq::_puschRxChEqStatDescr *, channel_eq::_puschRxChEqCoefCompDynDescr)"
1562361259,5856,15205,273,1,1,12,11,1,51,0.002,0.000,,,,,NVIDIA A100-SXM4-40GB MIG 4g.20gb (0),1,,13,"void channel_eq::eqMmseSoftDemapKernel<float, __half, __half, float, (unsigned int)4, (unsigned short)16383>(channel_eq::_puschRxChEqStatDescr *, channel_eq::_puschRxChEqSoftDemapDynDescr)"
1562368587,294364,15206,1,1,1,32,32,1,30,0.000,0.000,,,,,NVIDIA A100-SXM4-40GB MIG 4g.20gb (0),1,,13,"void convert_kernel<float2, __half2>(tensor_layout_any, T1 *, tensor_layout_any, const T2 *)"
1562666215,10848,15218,2253,1,1,128,1,1,16,0.000,0.000,,,,,NVIDIA A100-SXM4-40GB MIG 4g.20gb (0),1,,13,cupy_copy__float16_float16
1562679271,2848,15227,282,1,1,128,1,1,16,0.000,0.000,,,,,NVIDIA A100-SXM4-40GB MIG 4g.20gb (0),1,,13,cupy_copy__complex64_complex64
1562684167,2336,15236,26,1,1,128,1,1,16,0.000,0.000,,,,,NVIDIA A100-SXM4-40GB MIG 4g.20gb (0),1,,13,cupy_copy__float32_float32
1562688615,2880,15245,103,1,1,128,1,1,16,0.000,0.000,,,,,NVIDIA A100-SXM4-40GB MIG 4g.20gb (0),1,,13,cupy_copy__complex64_complex64
1562692903,12256,15255,1434,1,1,128,1,1,16,0.000,0.000,,,,,NVIDIA A100-SXM4-40GB MIG 4g.20gb (0),1,,13,cupy_copy__complex64_complex64
1562706407,81535,15260,1,1,1,32,32,1,30,0.000,0.000,,,,,NVIDIA A100-SXM4-40GB MIG 4g.20gb (0),1,,13,"void convert_kernel<__half2, float2>(tensor_layout_any, T1 *, tensor_layout_any, const T2 *)"
1562814309,5728,15263,,,,,,,,,,0.094,16357.541,Pinned,Device,NVIDIA A100-SXM4-40GB MIG 4g.20gb (0),1,,13,[CUDA memcpy Host-to-Device]
1562824805,601401,15264,,,,,,,,,,456.561,758805.113,Device,,NVIDIA A100-SXM4-40GB MIG 4g.20gb (0),1,,13,[CUDA memset]
1563430686,155678,15269,,,,,,,,,,1.235,7932.045,Pinned,Device,NVIDIA A100-SXM4-40GB MIG 4g.20gb (0),1,,13,[CUDA memcpy Host-to-Device]
1563594204,30239,15270,,,,,,,,,,0.197,6501.630,Pinned,Device,NVIDIA A100-SXM4-40GB MIG 4g.20gb (0),1,,13,[CUDA memcpy Host-to-Device]
1563650107,8032,15271,69,4,1,48,1,1,76,0.002,0.000,,,,,NVIDIA A100-SXM4-40GB MIG 4g.20gb (0),1,,13,"void ch_est::windowedChEstPreNoDftSOfdmKernel<float, __half, float, (unsigned int)2, (unsigned int)1, (unsigned short)4>(ch_est::puschRxChEstStatDescr_t *, ch_est::puschRxChEstDynDescr_t *)"
1565196776,6656,15272,137,2,1,24,2,1,44,0.001,0.001,,,,,NVIDIA A100-SXM4-40GB MIG 4g.20gb (0),1,,13,"void ch_est::chEstFilterNoDftSOfdmDispatchKernel<float, __half, float, (unsigned int)2>(ch_est::puschRxChEstStatDescr_t *, ch_est::puschRxChEstDynDescr_t *)"
1565204872,6592,15273,137,2,1,24,2,1,44,0.001,0.001,,,,,NVIDIA A100-SXM4-40GB MIG 4g.20gb (0),1,,13,"void ch_est::chEstFilterNoDftSOfdmDispatchKernel<float, __half, float, (unsigned int)2>(ch_est::puschRxChEstStatDescr_t *, ch_est::puschRxChEstDynDescr_t *)"
1565261671,2560,15284,103,1,1,128,1,1,16,0.000,0.000,,,,,NVIDIA A100-SXM4-40GB MIG 4g.20gb (0),1,,13,cupy_copy__complex64_complex64
1565300359,12736,15294,1434,1,1,128,1,1,16,0.000,0.000,,,,,NVIDIA A100-SXM4-40GB MIG 4g.20gb (0),1,,13,cupy_copy__complex64_complex64
1565326502,2752,15301,103,1,1,128,1,1,16,0.000,0.000,,,,,NVIDIA A100-SXM4-40GB MIG 4g.20gb (0),1,,13,cupy_copy__complex64_complex64
1565447237,81631,15308,1,1,1,32,32,1,30,0.000,0.000,,,,,NVIDIA A100-SXM4-40GB MIG 4g.20gb (0),1,,13,"void convert_kernel<__half2, float2>(tensor_layout_any, T1 *, tensor_layout_any, const T2 *)"
1565557283,5632,15311,,,,,,,,,,0.094,16636.287,Pinned,Device,NVIDIA A100-SXM4-40GB MIG 4g.20gb (0),1,,13,[CUDA memcpy Host-to-Device]
1565569923,47168,15312,,,,,,,,,,35.810,759170.304,Device,,NVIDIA A100-SXM4-40GB MIG 4g.20gb (0),1,,13,[CUDA memset]
1565623107,4512,15314,,,,,,,,,,0.000,17.730,Pinned,Device,NVIDIA A100-SXM4-40GB MIG 4g.20gb (0),1,,13,[CUDA memcpy Host-to-Device]
1565631907,13567,15315,,,,,,,,,,0.197,14491.582,Pinned,Device,NVIDIA A100-SXM4-40GB MIG 4g.20gb (0),1,,13,[CUDA memcpy Host-to-Device]
1565653378,12480,15316,273,1,1,48,1,1,40,0.000,0.001,,,,,NVIDIA A100-SXM4-40GB MIG 4g.20gb (0),1,,13,"void pusch_noise_intf_est::noiseIntfEstNoDftSOfdmKernel<float, __half, float, float, (unsigned int)2, (unsigned int)1, (unsigned char)4, (unsigned char)4>(pusch_noise_intf_est::puschRxNoiseIntfEstDynDescr)"
1565667234,3232,15327,35,1,1,128,1,1,16,0.000,0.000,,,,,NVIDIA A100-SXM4-40GB MIG 4g.20gb (0),1,,13,cupy_copy__complex64_complex64
1565678978,1888,15336,1,1,1,1,1,1,18,0.000,0.000,,,,,NVIDIA A100-SXM4-40GB MIG 4g.20gb (0),1,,13,cupy_copy__float32_float32
1565711458,1600,15342,,,,,,,,,,0.000,2.500,Device,Pageable,NVIDIA A100-SXM4-40GB MIG 4g.20gb (0),1,,7,[CUDA memcpy Device-to-Host]
1565772001,12704,15353,1434,1,1,128,1,1,16,0.000,0.000,,,,,NVIDIA A100-SXM4-40GB MIG 4g.20gb (0),1,,13,cupy_copy__complex64_complex64
1565798880,2752,15360,103,1,1,128,1,1,16,0.000,0.000,,,,,NVIDIA A100-SXM4-40GB MIG 4g.20gb (0),1,,13,cupy_copy__complex64_complex64
1565819264,2752,15367,35,1,1,128,1,1,16,0.000,0.000,,,,,NVIDIA A100-SXM4-40GB MIG 4g.20gb (0),1,,13,cupy_copy__complex64_complex64
1565835872,1792,15374,1,1,1,1,1,1,18,0.000,0.000,,,,,NVIDIA A100-SXM4-40GB MIG 4g.20gb (0),1,,13,cupy_copy__float32_float32
1565971006,87583,15385,1,1,1,32,32,1,30,0.000,0.000,,,,,NVIDIA A100-SXM4-40GB MIG 4g.20gb (0),1,,13,"void convert_kernel<__half2, float2>(tensor_layout_any, T1 *, tensor_layout_any, const T2 *)"
1566085565,5952,15388,,,,,,,,,,0.094,15741.865,Pinned,Device,NVIDIA A100-SXM4-40GB MIG 4g.20gb (0),1,,13,[CUDA memcpy Host-to-Device]
1566101277,3232,15389,,,,,,,,,,1.547,478533.199,Device,,NVIDIA A100-SXM4-40GB MIG 4g.20gb (0),1,,13,[CUDA memset]
1566106877,3136,15394,,,,,,,,,,0.031,9979.575,Pinned,Device,NVIDIA A100-SXM4-40GB MIG 4g.20gb (0),1,,13,[CUDA memcpy Host-to-Device]
1566112573,10303,15395,,,,,,,,,,0.197,19082.576,Pinned,Device,NVIDIA A100-SXM4-40GB MIG 4g.20gb (0),1,,13,[CUDA memcpy Host-to-Device]
1566127196,6272,15396,273,1,1,8,4,1,39,0.002,0.000,,,,,NVIDIA A100-SXM4-40GB MIG 4g.20gb (0),1,,13,"void channel_eq::eqMmseCoefCompLowMimoKernel<float, float, float, (unsigned int)4, (unsigned int)1, (unsigned int)4>(const channel_eq::_puschRxChEqStatDescr *, channel_eq::_puschRxChEqCoefCompDynDescr)"
1566134492,6208,15397,273,1,1,12,11,1,51,0.002,0.000,,,,,NVIDIA A100-SXM4-40GB MIG 4g.20gb (0),1,,13,"void channel_eq::eqMmseSoftDemapKernel<float, __half, __half, float, (unsigned int)4, (unsigned short)16383>(channel_eq::_puschRxChEqStatDescr *, channel_eq::_puschRxChEqSoftDemapDynDescr)"
1566141724,282301,15398,1,1,1,32,32,1,30,0.000,0.000,,,,,NVIDIA A100-SXM4-40GB MIG 4g.20gb (0),1,,13,"void convert_kernel<float2, __half2>(tensor_layout_any, T1 *, tensor_layout_any, const T2 *)"
1566426169,11200,15410,2253,1,1,128,1,1,16,0.000,0.000,,,,,NVIDIA A100-SXM4-40GB MIG 4g.20gb (0),1,,13,cupy_copy__float16_float16
1566439897,2848,15419,282,1,1,128,1,1,16,0.000,0.000,,,,,NVIDIA A100-SXM4-40GB MIG 4g.20gb (0),1,,13,cupy_copy__complex64_complex64
1566446072,2112,15428,26,1,1,128,1,1,16,0.000,0.000,,,,,NVIDIA A100-SXM4-40GB MIG 4g.20gb (0),1,,13,cupy_copy__float32_float32
1566450232,3328,15437,103,1,1,128,1,1,16,0.000,0.000,,,,,NVIDIA A100-SXM4-40GB MIG 4g.20gb (0),1,,13,cupy_copy__complex64_complex64
1566454648,11904,15447,1434,1,1,128,1,1,16,0.000,0.000,,,,,NVIDIA A100-SXM4-40GB MIG 4g.20gb (0),1,,13,cupy_copy__complex64_complex64
1566475000,87071,15452,1,1,1,32,32,1,30,0.000,0.000,,,,,NVIDIA A100-SXM4-40GB MIG 4g.20gb (0),1,,13,"void convert_kernel<__half2, float2>(tensor_layout_any, T1 *, tensor_layout_any, const T2 *)"
1566589751,5888,15455,,,,,,,,,,0.094,15912.954,Pinned,Device,NVIDIA A100-SXM4-40GB MIG 4g.20gb (0),1,,13,[CUDA memcpy Host-to-Device]
1566601591,598232,15456,,,,,,,,,,456.561,762914.166,Device,,NVIDIA A100-SXM4-40GB MIG 4g.20gb (0),1,,13,[CUDA memset]
1567207247,171518,15461,,,,,,,,,,1.235,7199.724,Pinned,Device,NVIDIA A100-SXM4-40GB MIG 4g.20gb (0),1,,13,[CUDA memcpy Host-to-Device]
1567389581,35391,15462,,,,,,,,,,0.197,5555.159,Pinned,Device,NVIDIA A100-SXM4-40GB MIG 4g.20gb (0),1,,13,[CUDA memcpy Host-to-Device]
1567442668,8064,15463,69,4,1,48,1,1,76,0.002,0.000,,,,,NVIDIA A100-SXM4-40GB MIG 4g.20gb (0),1,,13,"void ch_est::windowedChEstPreNoDftSOfdmKernel<float, __half, float, (unsigned int)2, (unsigned int)1, (unsigned short)4>(ch_est::puschRxChEstStatDescr_t *, ch_est::puschRxChEstDynDescr_t *)"
1567458124,6688,15464,137,2,1,24,2,1,44,0.001,0.001,,,,,NVIDIA A100-SXM4-40GB MIG 4g.20gb (0),1,,13,"void ch_est::chEstFilterNoDftSOfdmDispatchKernel<float, __half, float, (unsigned int)2>(ch_est::puschRxChEstStatDescr_t *, ch_est::puschRxChEstDynDescr_t *)"
1567471212,4768,15465,137,2,1,24,2,1,44,0.001,0.001,,,,,NVIDIA A100-SXM4-40GB MIG 4g.20gb (0),1,,13,"void ch_est::chEstFilterNoDftSOfdmDispatchKernel<float, __half, float, (unsigned int)2>(ch_est::puschRxChEstStatDescr_t *, ch_est::puschRxChEstDynDescr_t *)"
1567483724,2560,15476,103,1,1,128,1,1,16,0.000,0.000,,,,,NVIDIA A100-SXM4-40GB MIG 4g.20gb (0),1,,13,cupy_copy__complex64_complex64
1567498283,12480,15486,1434,1,1,128,1,1,16,0.000,0.000,,,,,NVIDIA A100-SXM4-40GB MIG 4g.20gb (0),1,,13,cupy_copy__complex64_complex64
1567529323,2656,15493,103,1,1,128,1,1,16,0.000,0.000,,,,,NVIDIA A100-SXM4-40GB MIG 4g.20gb (0),1,,13,cupy_copy__complex64_complex64
1567543787,86111,15500,1,1,1,32,32,1,30,0.000,0.000,,,,,NVIDIA A100-SXM4-40GB MIG 4g.20gb (0),1,,13,"void convert_kernel<__half2, float2>(tensor_layout_any, T1 *, tensor_layout_any, const T2 *)"
1567665385,20224,15503,,,,,,,,,,0.094,4632.892,Pinned,Device,NVIDIA A100-SXM4-40GB MIG 4g.20gb (0),1,,13,[CUDA memcpy Host-to-Device]
1567700841,45375,15504,,,,,,,,,,35.810,789179.017,Device,,NVIDIA A100-SXM4-40GB MIG 4g.20gb (0),1,,13,[CUDA memset]
1567754792,10176,15506,,,,,,,,,,0.000,7.862,Pinned,Device,NVIDIA A100-SXM4-40GB MIG 4g.20gb (0),1,,13,[CUDA memcpy Host-to-Device]
1567777832,27616,15507,,,,,,,,,,0.197,7119.176,Pinned,Device,NVIDIA A100-SXM4-40GB MIG 4g.20gb (0),1,,13,[CUDA memcpy Host-to-Device]
1567819879,9664,15508,273,1,1,48,1,1,40,0.000,0.001,,,,,NVIDIA A100-SXM4-40GB MIG 4g.20gb (0),1,,13,"void pusch_noise_intf_est::noiseIntfEstNoDftSOfdmKernel<float, __half, float, float, (unsigned int)2, (unsigned int)1, (unsigned char)4, (unsigned char)4>(pusch_noise_intf_est::puschRxNoiseIntfEstDynDescr)"
1567834855,2656,15519,35,1,1,128,1,1,16,0.000,0.000,,,,,NVIDIA A100-SXM4-40GB MIG 4g.20gb (0),1,,13,cupy_copy__complex64_complex64
1567845191,1856,15528,1,1,1,1,1,1,18,0.000,0.000,,,,,NVIDIA A100-SXM4-40GB MIG 4g.20gb (0),1,,13,cupy_copy__float32_float32
1567852263,3168,15534,,,,,,,,,,0.000,1.263,Device,Pageable,NVIDIA A100-SXM4-40GB MIG 4g.20gb (0),1,,7,[CUDA memcpy Device-to-Host]
1567936870,12896,15545,1434,1,1,128,1,1,16,0.000,0.000,,,,,NVIDIA A100-SXM4-40GB MIG 4g.20gb (0),1,,13,cupy_copy__complex64_complex64
1567963174,2912,15552,103,1,1,128,1,1,16,0.000,0.000,,,,,NVIDIA A100-SXM4-40GB MIG 4g.20gb (0),1,,13,cupy_copy__complex64_complex64
1567986437,2528,15559,35,1,1,128,1,1,16,0.000,0.000,,,,,NVIDIA A100-SXM4-40GB MIG 4g.20gb (0),1,,13,cupy_copy__complex64_complex64
1568001829,1792,15566,1,1,1,1,1,1,18,0.000,0.000,,,,,NVIDIA A100-SXM4-40GB MIG 4g.20gb (0),1,,13,cupy_copy__float32_float32
1568132964,87230,15577,1,1,1,32,32,1,30,0.000,0.000,,,,,NVIDIA A100-SXM4-40GB MIG 4g.20gb (0),1,,13,"void convert_kernel<__half2, float2>(tensor_layout_any, T1 *, tensor_layout_any, const T2 *)"
1568248898,13856,15580,,,,,,,,,,0.094,6762.040,Pinned,Device,NVIDIA A100-SXM4-40GB MIG 4g.20gb (0),1,,13,[CUDA memcpy Host-to-Device]
1568272546,3552,15581,,,,,,,,,,1.547,435422.601,Device,,NVIDIA A100-SXM4-40GB MIG 4g.20gb (0),1,,13,[CUDA memset]
1568278242,3072,15586,,,,,,,,,,0.031,10187.474,Pinned,Device,NVIDIA A100-SXM4-40GB MIG 4g.20gb (0),1,,13,[CUDA memcpy Host-to-Device]
1568287938,12671,15587,,,,,,,,,,0.197,15516.303,Pinned,Device,NVIDIA A100-SXM4-40GB MIG 4g.20gb (0),1,,13,[CUDA memcpy Host-to-Device]
1568313377,5728,15588,273,1,1,8,4,1,39,0.002,0.000,,,,,NVIDIA A100-SXM4-40GB MIG 4g.20gb (0),1,,13,"void channel_eq::eqMmseCoefCompLowMimoKernel<float, float, float, (unsigned int)4, (unsigned int)1, (unsigned int)4>(const channel_eq::_puschRxChEqStatDescr *, channel_eq::_puschRxChEqCoefCompDynDescr)"
1568320801,6112,15589,273,1,1,12,11,1,51,0.002,0.000,,,,,NVIDIA A100-SXM4-40GB MIG 4g.20gb (0),1,,13,"void channel_eq::eqMmseSoftDemapKernel<float, __half, __half, float, (unsigned int)4, (unsigned short)16383>(channel_eq::_puschRxChEqStatDescr *, channel_eq::_puschRxChEqSoftDemapDynDescr)"
1568333537,282653,15590,1,1,1,32,32,1,30,0.000,0.000,,,,,NVIDIA A100-SXM4-40GB MIG 4g.20gb (0),1,,13,"void convert_kernel<float2, __half2>(tensor_layout_any, T1 *, tensor_layout_any, const T2 *)"
1568618014,10943,15602,2253,1,1,128,1,1,16,0.000,0.000,,,,,NVIDIA A100-SXM4-40GB MIG 4g.20gb (0),1,,13,cupy_copy__float16_float16
1568631645,3200,15611,282,1,1,128,1,1,16,0.000,0.000,,,,,NVIDIA A100-SXM4-40GB MIG 4g.20gb (0),1,,13,cupy_copy__complex64_complex64
1568637021,2112,15620,26,1,1,128,1,1,16,0.000,0.000,,,,,NVIDIA A100-SXM4-40GB MIG 4g.20gb (0),1,,13,cupy_copy__float32_float32
1568641149,2784,15629,103,1,1,128,1,1,16,0.000,0.000,,,,,NVIDIA A100-SXM4-40GB MIG 4g.20gb (0),1,,13,cupy_copy__complex64_complex64
1568646397,12384,15639,1434,1,1,128,1,1,16,0.000,0.000,,,,,NVIDIA A100-SXM4-40GB MIG 4g.20gb (0),1,,13,cupy_copy__complex64_complex64
1568662269,81759,15644,1,1,1,32,32,1,30,0.000,0.000,,,,,NVIDIA A100-SXM4-40GB MIG 4g.20gb (0),1,,13,"void convert_kernel<__half2, float2>(tensor_layout_any, T1 *, tensor_layout_any, const T2 *)"
1568771804,5472,15647,,,,,,,,,,0.094,17122.757,Pinned,Device,NVIDIA A100-SXM4-40GB MIG 4g.20gb (0),1,,13,[CUDA memcpy Host-to-Device]
1568781692,600376,15648,,,,,,,,,,456.561,760174.798,Device,,NVIDIA A100-SXM4-40GB MIG 4g.20gb (0),1,,13,[CUDA memset]
1569386196,130526,15653,,,,,,,,,,1.235,9460.906,Pinned,Device,NVIDIA A100-SXM4-40GB MIG 4g.20gb (0),1,,13,[CUDA memcpy Host-to-Device]
1569529138,41024,15654,,,,,,,,,,0.197,4792.320,Pinned,Device,NVIDIA A100-SXM4-40GB MIG 4g.20gb (0),1,,13,[CUDA memcpy Host-to-Device]
1569603473,7968,15655,69,4,1,48,1,1,76,0.002,0.000,,,,,NVIDIA A100-SXM4-40GB MIG 4g.20gb (0),1,,13,"void ch_est::windowedChEstPreNoDftSOfdmKernel<float, __half, float, (unsigned int)2, (unsigned int)1, (unsigned short)4>(ch_est::puschRxChEstStatDescr_t *, ch_est::puschRxChEstDynDescr_t *)"
1569623153,6560,15656,137,2,1,24,2,1,44,0.001,0.001,,,,,NVIDIA A100-SXM4-40GB MIG 4g.20gb (0),1,,13,"void ch_est::chEstFilterNoDftSOfdmDispatchKernel<float, __half, float, (unsigned int)2>(ch_est::puschRxChEstStatDescr_t *, ch_est::puschRxChEstDynDescr_t *)"
1569640113,4768,15657,137,2,1,24,2,1,44,0.001,0.001,,,,,NVIDIA A100-SXM4-40GB MIG 4g.20gb (0),1,,13,"void ch_est::chEstFilterNoDftSOfdmDispatchKernel<float, __half, float, (unsigned int)2>(ch_est::puschRxChEstStatDescr_t *, ch_est::puschRxChEstDynDescr_t *)"
1569657521,2624,15668,103,1,1,128,1,1,16,0.000,0.000,,,,,NVIDIA A100-SXM4-40GB MIG 4g.20gb (0),1,,13,cupy_copy__complex64_complex64
1569674128,12672,15678,1434,1,1,128,1,1,16,0.000,0.000,,,,,NVIDIA A100-SXM4-40GB MIG 4g.20gb (0),1,,13,cupy_copy__complex64_complex64
1569695664,2880,15685,103,1,1,128,1,1,16,0.000,0.000,,,,,NVIDIA A100-SXM4-40GB MIG 4g.20gb (0),1,,13,cupy_copy__complex64_complex64
1569721552,90303,15692,1,1,1,32,32,1,30,0.000,0.000,,,,,NVIDIA A100-SXM4-40GB MIG 4g.20gb (0),1,,13,"void convert_kernel<__half2, float2>(tensor_layout_any, T1 *, tensor_layout_any, const T2 *)"
1569849614,22624,15695,,,,,,,,,,0.094,4141.363,Pinned,Device,NVIDIA A100-SXM4-40GB MIG 4g.20gb (0),1,,13,[CUDA memcpy Host-to-Device]
1569890478,47231,15696,,,,,,,,,,35.810,758167.626,Device,,NVIDIA A100-SXM4-40GB MIG 4g.20gb (0),1,,13,[CUDA memset]
1569941677,14880,15698,,,,,,,,,,0.000,5.376,Pinned,Device,NVIDIA A100-SXM4-40GB MIG 4g.20gb (0),1,,13,[CUDA memcpy Host-to-Device]
1569963181,22656,15699,,,,,,,,,,0.197,8677.884,Pinned,Device,NVIDIA A100-SXM4-40GB MIG 4g.20gb (0),1,,13,[CUDA memcpy Host-to-Device]
1570007372,10048,15700,273,1,1,48,1,1,40,0.000,0.001,,,,,NVIDIA A100-SXM4-40GB MIG 4g.20gb (0),1,,13,"void pusch_noise_intf_est::noiseIntfEstNoDftSOfdmKernel<float, __half, float, float, (unsigned int)2, (unsigned int)1, (unsigned char)4, (unsigned char)4>(pusch_noise_intf_est::puschRxNoiseIntfEstDynDescr)"
1570022732,2560,15711,35,1,1,128,1,1,16,0.000,0.000,,,,,NVIDIA A100-SXM4-40GB MIG 4g.20gb (0),1,,13,cupy_copy__complex64_complex64
1570037932,1696,15720,1,1,1,1,1,1,18,0.000,0.000,,,,,NVIDIA A100-SXM4-40GB MIG 4g.20gb (0),1,,13,cupy_copy__float32_float32
1570048012,10656,15726,,,,,,,,,,0.000,0.375,Device,Pageable,NVIDIA A100-SXM4-40GB MIG 4g.20gb (0),1,,7,[CUDA memcpy Device-to-Host]
1570141195,13280,15737,1434,1,1,128,1,1,16,0.000,0.000,,,,,NVIDIA A100-SXM4-40GB MIG 4g.20gb (0),1,,13,cupy_copy__complex64_complex64
1570155755,3007,15744,103,1,1,128,1,1,16,0.000,0.000,,,,,NVIDIA A100-SXM4-40GB MIG 4g.20gb (0),1,,13,cupy_copy__complex64_complex64
1570192394,2592,15751,35,1,1,128,1,1,16,0.000,0.000,,,,,NVIDIA A100-SXM4-40GB MIG 4g.20gb (0),1,,13,cupy_copy__complex64_complex64
1570208522,1696,15758,1,1,1,1,1,1,18,0.000,0.000,,,,,NVIDIA A100-SXM4-40GB MIG 4g.20gb (0),1,,13,cupy_copy__float32_float32
1570326728,82111,15769,1,1,1,32,32,1,30,0.000,0.000,,,,,NVIDIA A100-SXM4-40GB MIG 4g.20gb (0),1,,13,"void convert_kernel<__half2, float2>(tensor_layout_any, T1 *, tensor_layout_any, const T2 *)"
1570436711,5728,15772,,,,,,,,,,0.094,16357.541,Pinned,Device,NVIDIA A100-SXM4-40GB MIG 4g.20gb (0),1,,13,[CUDA memcpy Host-to-Device]
1570450631,3232,15773,,,,,,,,,,1.547,478533.199,Device,,NVIDIA A100-SXM4-40GB MIG 4g.20gb (0),1,,13,[CUDA memset]
1570457511,3168,15778,,,,,,,,,,0.031,9878.770,Pinned,Device,NVIDIA A100-SXM4-40GB MIG 4g.20gb (0),1,,13,[CUDA memcpy Host-to-Device]
1570463239,9632,15779,,,,,,,,,,0.197,20411.843,Pinned,Device,NVIDIA A100-SXM4-40GB MIG 4g.20gb (0),1,,13,[CUDA memcpy Host-to-Device]
1570479174,8096,15780,273,1,1,8,4,1,39,0.002,0.000,,,,,NVIDIA A100-SXM4-40GB MIG 4g.20gb (0),1,,13,"void channel_eq::eqMmseCoefCompLowMimoKernel<float, float, float, (unsigned int)4, (unsigned int)1, (unsigned int)4>(const channel_eq::_puschRxChEqStatDescr *, channel_eq::_puschRxChEqCoefCompDynDescr)"
1570489926,6272,15781,273,1,1,12,11,1,51,0.002,0.000,,,,,NVIDIA A100-SXM4-40GB MIG 4g.20gb (0),1,,13,"void channel_eq::eqMmseSoftDemapKernel<float, __half, __half, float, (unsigned int)4, (unsigned short)16383>(channel_eq::_puschRxChEqStatDescr *, channel_eq::_puschRxChEqSoftDemapDynDescr)"
1570497158,283101,15782,1,1,1,32,32,1,30,0.000,0.000,,,,,NVIDIA A100-SXM4-40GB MIG 4g.20gb (0),1,,13,"void convert_kernel<float2, __half2>(tensor_layout_any, T1 *, tensor_layout_any, const T2 *)"
1570781347,11008,15794,2253,1,1,128,1,1,16,0.000,0.000,,,,,NVIDIA A100-SXM4-40GB MIG 4g.20gb (0),1,,13,cupy_copy__float16_float16
1570794563,2848,15803,282,1,1,128,1,1,16,0.000,0.000,,,,,NVIDIA A100-SXM4-40GB MIG 4g.20gb (0),1,,13,cupy_copy__complex64_complex64
1570799267,2144,15812,26,1,1,128,1,1,16,0.000,0.000,,,,,NVIDIA A100-SXM4-40GB MIG 4g.20gb (0),1,,13,cupy_copy__float32_float32
1570803650,2912,15821,103,1,1,128,1,1,16,0.000,0.000,,,,,NVIDIA A100-SXM4-40GB MIG 4g.20gb (0),1,,13,cupy_copy__complex64_complex64
1570808226,12096,15831,1434,1,1,128,1,1,16,0.000,0.000,,,,,NVIDIA A100-SXM4-40GB MIG 4g.20gb (0),1,,13,cupy_copy__complex64_complex64
1570826754,86975,15836,1,1,1,32,32,1,30,0.000,0.000,,,,,NVIDIA A100-SXM4-40GB MIG 4g.20gb (0),1,,13,"void convert_kernel<__half2, float2>(tensor_layout_any, T1 *, tensor_layout_any, const T2 *)"
1570942209,5504,15839,,,,,,,,,,0.094,17023.251,Pinned,Device,NVIDIA A100-SXM4-40GB MIG 4g.20gb (0),1,,13,[CUDA memcpy Host-to-Device]
1570953185,596088,15840,,,,,,,,,,456.561,765653.535,Device,,NVIDIA A100-SXM4-40GB MIG 4g.20gb (0),1,,13,[CUDA memset]
1571554521,139006,15845,,,,,,,,,,1.235,8882.952,Pinned,Device,NVIDIA A100-SXM4-40GB MIG 4g.20gb (0),1,,13,[CUDA memcpy Host-to-Device]
1571698455,20416,15846,,,,,,,,,,0.197,9630.056,Pinned,Device,NVIDIA A100-SXM4-40GB MIG 4g.20gb (0),1,,13,[CUDA memcpy Host-to-Device]
1571732151,7968,15847,69,4,1,48,1,1,76,0.002,0.000,,,,,NVIDIA A100-SXM4-40GB MIG 4g.20gb (0),1,,13,"void ch_est::windowedChEstPreNoDftSOfdmKernel<float, __half, float, (unsigned int)2, (unsigned int)1, (unsigned short)4>(ch_est::puschRxChEstStatDescr_t *, ch_est::puschRxChEstDynDescr_t *)"
1571745335,7232,15848,137,2,1,24,2,1,44,0.001,0.001,,,,,NVIDIA A100-SXM4-40GB MIG 4g.20gb (0),1,,13,"void ch_est::chEstFilterNoDftSOfdmDispatchKernel<float, __half, float, (unsigned int)2>(ch_est::puschRxChEstStatDescr_t *, ch_est::puschRxChEstDynDescr_t *)"
1571753911,6432,15849,137,2,1,24,2,1,44,0.001,0.001,,,,,NVIDIA A100-SXM4-40GB MIG 4g.20gb (0),1,,13,"void ch_est::chEstFilterNoDftSOfdmDispatchKernel<float, __half, float, (unsigned int)2>(ch_est::puschRxChEstStatDescr_t *, ch_est::puschRxChEstDynDescr_t *)"
1571761623,2528,15860,103,1,1,128,1,1,16,0.000,0.000,,,,,NVIDIA A100-SXM4-40GB MIG 4g.20gb (0),1,,13,cupy_copy__complex64_complex64
1571769399,12703,15870,1434,1,1,128,1,1,16,0.000,0.000,,,,,NVIDIA A100-SXM4-40GB MIG 4g.20gb (0),1,,13,cupy_copy__complex64_complex64
1571785142,2560,15877,103,1,1,128,1,1,16,0.000,0.000,,,,,NVIDIA A100-SXM4-40GB MIG 4g.20gb (0),1,,13,cupy_copy__complex64_complex64
1571794294,87679,15884,1,1,1,32,32,1,30,0.000,0.000,,,,,NVIDIA A100-SXM4-40GB MIG 4g.20gb (0),1,,13,"void convert_kernel<__half2, float2>(tensor_layout_any, T1 *, tensor_layout_any, const T2 *)"
1571909909,10208,15887,,,,,,,,,,0.094,9178.648,Pinned,Device,NVIDIA A100-SXM4-40GB MIG 4g.20gb (0),1,,13,[CUDA memcpy Host-to-Device]
1571929717,47743,15888,,,,,,,,,,35.810,750038.774,Device,,NVIDIA A100-SXM4-40GB MIG 4g.20gb (0),1,,13,[CUDA memset]
1571983028,6144,15890,,,,,,,,,,0.000,13.021,Pinned,Device,NVIDIA A100-SXM4-40GB MIG 4g.20gb (0),1,,13,[CUDA memcpy Host-to-Device]
1571995636,15648,15891,,,,,,,,,,0.197,12564.234,Pinned,Device,NVIDIA A100-SXM4-40GB MIG 4g.20gb (0),1,,13,[CUDA memcpy Host-to-Device]
1572025075,9600,15892,273,1,1,48,1,1,40,0.000,0.001,,,,,NVIDIA A100-SXM4-40GB MIG 4g.20gb (0),1,,13,"void pusch_noise_intf_est::noiseIntfEstNoDftSOfdmKernel<float, __half, float, float, (unsigned int)2, (unsigned int)1, (unsigned char)4, (unsigned char)4>(pusch_noise_intf_est::puschRxNoiseIntfEstDynDescr)"
1572042291,2752,15903,35,1,1,128,1,1,16,0.000,0.000,,,,,NVIDIA A100-SXM4-40GB MIG 4g.20gb (0),1,,13,cupy_copy__complex64_complex64
1572053363,2016,15912,1,1,1,1,1,1,18,0.000,0.000,,,,,NVIDIA A100-SXM4-40GB MIG 4g.20gb (0),1,,13,cupy_copy__float32_float32
1572061715,6816,15918,,,,,,,,,,0.000,0.587,Device,Pageable,NVIDIA A100-SXM4-40GB MIG 4g.20gb (0),1,,7,[CUDA memcpy Device-to-Host]
1572143410,12832,15929,1434,1,1,128,1,1,16,0.000,0.000,,,,,NVIDIA A100-SXM4-40GB MIG 4g.20gb (0),1,,13,cupy_copy__complex64_complex64
1572173106,6719,15936,103,1,1,128,1,1,16,0.000,0.000,,,,,NVIDIA A100-SXM4-40GB MIG 4g.20gb (0),1,,13,cupy_copy__complex64_complex64
1572186641,2336,15943,35,1,1,128,1,1,16,0.000,0.000,,,,,NVIDIA A100-SXM4-40GB MIG 4g.20gb (0),1,,13,cupy_copy__complex64_complex64
1572206929,1792,15950,1,1,1,1,1,1,18,0.000,0.000,,,,,NVIDIA A100-SXM4-40GB MIG 4g.20gb (0),1,,13,cupy_copy__float32_float32
1572338127,87423,15961,1,1,1,32,32,1,30,0.000,0.000,,,,,NVIDIA A100-SXM4-40GB MIG 4g.20gb (0),1,,13,"void convert_kernel<__half2, float2>(tensor_layout_any, T1 *, tensor_layout_any, const T2 *)"
1572453806,5856,15964,,,,,,,,,,0.094,15999.997,Pinned,Device,NVIDIA A100-SXM4-40GB MIG 4g.20gb (0),1,,13,[CUDA memcpy Host-to-Device]
1572470798,3520,15965,,,,,,,,,,1.547,439380.412,Device,,NVIDIA A100-SXM4-40GB MIG 4g.20gb (0),1,,13,[CUDA memset]
1572475054,3456,15970,,,,,,,,,,0.031,9055.529,Pinned,Device,NVIDIA A100-SXM4-40GB MIG 4g.20gb (0),1,,13,[CUDA memcpy Host-to-Device]
1572480942,10016,15971,,,,,,,,,,0.197,19629.343,Pinned,Device,NVIDIA A100-SXM4-40GB MIG 4g.20gb (0),1,,13,[CUDA memcpy Host-to-Device]
1572496653,6496,15972,273,1,1,8,4,1,39,0.002,0.000,,,,,NVIDIA A100-SXM4-40GB MIG 4g.20gb (0),1,,13,"void channel_eq::eqMmseCoefCompLowMimoKernel<float, float, float, (unsigned int)4, (unsigned int)1, (unsigned int)4>(const channel_eq::_puschRxChEqStatDescr *, channel_eq::_puschRxChEqCoefCompDynDescr)"
1572506093,6464,15973,273,1,1,12,11,1,51,0.002,0.000,,,,,NVIDIA A100-SXM4-40GB MIG 4g.20gb (0),1,,13,"void channel_eq::eqMmseSoftDemapKernel<float, __half, __half, float, (unsigned int)4, (unsigned short)16383>(channel_eq::_puschRxChEqStatDescr *, channel_eq::_puschRxChEqSoftDemapDynDescr)"
1572516749,289693,15974,1,1,1,32,32,1,30,0.000,0.000,,,,,NVIDIA A100-SXM4-40GB MIG 4g.20gb (0),1,,13,"void convert_kernel<float2, __half2>(tensor_layout_any, T1 *, tensor_layout_any, const T2 *)"
1572809290,10943,15986,2253,1,1,128,1,1,16,0.000,0.000,,,,,NVIDIA A100-SXM4-40GB MIG 4g.20gb (0),1,,13,cupy_copy__float16_float16
1572824969,3104,15995,282,1,1,128,1,1,16,0.000,0.000,,,,,NVIDIA A100-SXM4-40GB MIG 4g.20gb (0),1,,13,cupy_copy__complex64_complex64
1572830185,2048,16004,26,1,1,128,1,1,16,0.000,0.000,,,,,NVIDIA A100-SXM4-40GB MIG 4g.20gb (0),1,,13,cupy_copy__float32_float32
1572834633,3072,16013,103,1,1,128,1,1,16,0.000,0.000,,,,,NVIDIA A100-SXM4-40GB MIG 4g.20gb (0),1,,13,cupy_copy__complex64_complex64
1572838825,11904,16023,1434,1,1,128,1,1,16,0.000,0.000,,,,,NVIDIA A100-SXM4-40GB MIG 4g.20gb (0),1,,13,cupy_copy__complex64_complex64
1572853353,88479,16028,1,1,1,32,32,1,30,0.000,0.000,,,,,NVIDIA A100-SXM4-40GB MIG 4g.20gb (0),1,,13,"void convert_kernel<__half2, float2>(tensor_layout_any, T1 *, tensor_layout_any, const T2 *)"
1572968712,5824,16031,,,,,,,,,,0.094,16087.884,Pinned,Device,NVIDIA A100-SXM4-40GB MIG 4g.20gb (0),1,,13,[CUDA memcpy Host-to-Device]
1572978952,597880,16032,,,,,,,,,,456.561,763370.728,Device,,NVIDIA A100-SXM4-40GB MIG 4g.20gb (0),1,,13,[CUDA memset]
1573581344,157022,16037,,,,,,,,,,1.235,7864.123,Pinned,Device,NVIDIA A100-SXM4-40GB MIG 4g.20gb (0),1,,13,[CUDA memcpy Host-to-Device]
1573747998,42431,16038,,,,,,,,,,0.197,4633.461,Pinned,Device,NVIDIA A100-SXM4-40GB MIG 4g.20gb (0),1,,13,[CUDA memcpy Host-to-Device]
1573818685,8288,16039,69,4,1,48,1,1,76,0.002,0.000,,,,,NVIDIA A100-SXM4-40GB MIG 4g.20gb (0),1,,13,"void ch_est::windowedChEstPreNoDftSOfdmKernel<float, __half, float, (unsigned int)2, (unsigned int)1, (unsigned short)4>(ch_est::puschRxChEstStatDescr_t *, ch_est::puschRxChEstDynDescr_t *)"
1573837053,6464,16040,137,2,1,24,2,1,44,0.001,0.001,,,,,NVIDIA A100-SXM4-40GB MIG 4g.20gb (0),1,,13,"void ch_est::chEstFilterNoDftSOfdmDispatchKernel<float, __half, float, (unsigned int)2>(ch_est::puschRxChEstStatDescr_t *, ch_est::puschRxChEstDynDescr_t *)"
1573852637,4736,16041,137,2,1,24,2,1,44,0.001,0.001,,,,,NVIDIA A100-SXM4-40GB MIG 4g.20gb (0),1,,13,"void ch_est::chEstFilterNoDftSOfdmDispatchKernel<float, __half, float, (unsigned int)2>(ch_est::puschRxChEstStatDescr_t *, ch_est::puschRxChEstDynDescr_t *)"
1573869756,2624,16052,103,1,1,128,1,1,16,0.000,0.000,,,,,NVIDIA A100-SXM4-40GB MIG 4g.20gb (0),1,,13,cupy_copy__complex64_complex64
1573882652,12768,16062,1434,1,1,128,1,1,16,0.000,0.000,,,,,NVIDIA A100-SXM4-40GB MIG 4g.20gb (0),1,,13,cupy_copy__complex64_complex64
1573906204,2528,16069,103,1,1,128,1,1,16,0.000,0.000,,,,,NVIDIA A100-SXM4-40GB MIG 4g.20gb (0),1,,13,cupy_copy__complex64_complex64
1573916316,83903,16076,1,1,1,32,32,1,30,0.000,0.000,,,,,NVIDIA A100-SXM4-40GB MIG 4g.20gb (0),1,,13,"void convert_kernel<__half2, float2>(tensor_layout_any, T1 *, tensor_layout_any, const T2 *)"
1574027963,5951,16079,,,,,,,,,,0.094,15744.488,Pinned,Device,NVIDIA A100-SXM4-40GB MIG 4g.20gb (0),1,,13,[CUDA memcpy Host-to-Device]
1574039258,46816,16080,,,,,,,,,,35.810,764899.891,Device,,NVIDIA A100-SXM4-40GB MIG 4g.20gb (0),1,,13,[CUDA memset]
1574088314,5600,16082,,,,,,,,,,0.000,14.286,Pinned,Device,NVIDIA A100-SXM4-40GB MIG 4g.20gb (0),1,,13,[CUDA memcpy Host-to-Device]
1574097786,11360,16083,,,,,,,,,,0.197,17307.009,Pinned,Device,NVIDIA A100-SXM4-40GB MIG 4g.20gb (0),1,,13,[CUDA memcpy Host-to-Device]
1574120185,10080,16084,273,1,1,48,1,1,40,0.000,0.001,,,,,NVIDIA A100-SXM4-40GB MIG 4g.20gb (0),1,,13,"void pusch_noise_intf_est::noiseIntfEstNoDftSOfdmKernel<float, __half, float, float, (unsigned int)2, (unsigned int)1, (unsigned char)4, (unsigned char)4>(pusch_noise_intf_est::puschRxNoiseIntfEstDynDescr)"
1574133657,2816,16095,35,1,1,128,1,1,16,0.000,0.000,,,,,NVIDIA A100-SXM4-40GB MIG 4g.20gb (0),1,,13,cupy_copy__complex64_complex64
1574155417,2016,16104,1,1,1,1,1,1,18,0.000,0.000,,,,,NVIDIA A100-SXM4-40GB MIG 4g.20gb (0),1,,13,cupy_copy__float32_float32
1574185817,1888,16110,,,,,,,,,,0.000,2.119,Device,Pageable,NVIDIA A100-SXM4-40GB MIG 4g.20gb (0),1,,7,[CUDA memcpy Device-to-Host]
1574247448,13088,16121,1434,1,1,128,1,1,16,0.000,0.000,,,,,NVIDIA A100-SXM4-40GB MIG 4g.20gb (0),1,,13,cupy_copy__complex64_complex64
1574274423,3488,16128,103,1,1,128,1,1,16,0.000,0.000,,,,,NVIDIA A100-SXM4-40GB MIG 4g.20gb (0),1,,13,cupy_copy__complex64_complex64
1574294263,2560,16135,35,1,1,128,1,1,16,0.000,0.000,,,,,NVIDIA A100-SXM4-40GB MIG 4g.20gb (0),1,,13,cupy_copy__complex64_complex64
1574311127,1824,16142,1,1,1,1,1,1,18,0.000,0.000,,,,,NVIDIA A100-SXM4-40GB MIG 4g.20gb (0),1,,13,cupy_copy__float32_float32
1574442901,87999,16153,1,1,1,32,32,1,30,0.000,0.000,,,,,NVIDIA A100-SXM4-40GB MIG 4g.20gb (0),1,,13,"void convert_kernel<__half2, float2>(tensor_layout_any, T1 *, tensor_layout_any, const T2 *)"
1574558420,5408,16156,,,,,,,,,,0.094,17325.421,Pinned,Device,NVIDIA A100-SXM4-40GB MIG 4g.20gb (0),1,,13,[CUDA memcpy Host-to-Device]
1574574164,3200,16157,,,,,,,,,,1.547,483320.000,Device,,NVIDIA A100-SXM4-40GB MIG 4g.20gb (0),1,,13,[CUDA memset]
1574579476,3360,16162,,,,,,,,,,0.031,9314.284,Pinned,Device,NVIDIA A100-SXM4-40GB MIG 4g.20gb (0),1,,13,[CUDA memcpy Host-to-Device]
1574584916,9408,16163,,,,,,,,,,0.197,20897.858,Pinned,Device,NVIDIA A100-SXM4-40GB MIG 4g.20gb (0),1,,13,[CUDA memcpy Host-to-Device]
1574600371,6304,16164,273,1,1,8,4,1,39,0.002,0.000,,,,,NVIDIA A100-SXM4-40GB MIG 4g.20gb (0),1,,13,"void channel_eq::eqMmseCoefCompLowMimoKernel<float, float, float, (unsigned int)4, (unsigned int)1, (unsigned int)4>(const channel_eq::_puschRxChEqStatDescr *, channel_eq::_puschRxChEqCoefCompDynDescr)"
1574609715,5792,16165,273,1,1,12,11,1,51,0.002,0.000,,,,,NVIDIA A100-SXM4-40GB MIG 4g.20gb (0),1,,13,"void channel_eq::eqMmseSoftDemapKernel<float, __half, __half, float, (unsigned int)4, (unsigned short)16383>(channel_eq::_puschRxChEqStatDescr *, channel_eq::_puschRxChEqSoftDemapDynDescr)"
1574616435,281981,16166,1,1,1,32,32,1,30,0.000,0.000,,,,,NVIDIA A100-SXM4-40GB MIG 4g.20gb (0),1,,13,"void convert_kernel<float2, __half2>(tensor_layout_any, T1 *, tensor_layout_any, const T2 *)"
1574902096,10944,16178,2253,1,1,128,1,1,16,0.000,0.000,,,,,NVIDIA A100-SXM4-40GB MIG 4g.20gb (0),1,,13,cupy_copy__float16_float16
1574916912,3871,16187,282,1,1,128,1,1,16,0.000,0.000,,,,,NVIDIA A100-SXM4-40GB MIG 4g.20gb (0),1,,13,cupy_copy__complex64_complex64
1574922671,2048,16196,26,1,1,128,1,1,16,0.000,0.000,,,,,NVIDIA A100-SXM4-40GB MIG 4g.20gb (0),1,,13,cupy_copy__float32_float32
1574927151,4608,16205,103,1,1,128,1,1,16,0.000,0.000,,,,,NVIDIA A100-SXM4-40GB MIG 4g.20gb (0),1,,13,cupy_copy__complex64_complex64
1574934191,12064,16215,1434,1,1,128,1,1,16,0.000,0.000,,,,,NVIDIA A100-SXM4-40GB MIG 4g.20gb (0),1,,13,cupy_copy__complex64_complex64
1574950959,82559,16220,1,1,1,32,32,1,30,0.000,0.000,,,,,NVIDIA A100-SXM4-40GB MIG 4g.20gb (0),1,,13,"void convert_kernel<__half2, float2>(tensor_layout_any, T1 *, tensor_layout_any, const T2 *)"
1575061134,5376,16223,,,,,,,,,,0.094,17428.487,Pinned,Device,NVIDIA A100-SXM4-40GB MIG 4g.20gb (0),1,,13,[CUDA memcpy Host-to-Device]
1575072366,601016,16224,,,,,,,,,,456.561,759261.675,Device,,NVIDIA A100-SXM4-40GB MIG 4g.20gb (0),1,,13,[CUDA memset]
1575678822,139166,16229,,,,,,,,,,1.235,8873.073,Pinned,Device,NVIDIA A100-SXM4-40GB MIG 4g.20gb (0),1,,13,[CUDA memcpy Host-to-Device]
1575831940,40544,16230,,,,,,,,,,0.197,4849.140,Pinned,Device,NVIDIA A100-SXM4-40GB MIG 4g.20gb (0),1,,13,[CUDA memcpy Host-to-Device]
1575889923,8256,16231,69,4,1,48,1,1,76,0.002,0.000,,,,,NVIDIA A100-SXM4-40GB MIG 4g.20gb (0),1,,13,"void ch_est::windowedChEstPreNoDftSOfdmKernel<float, __half, float, (unsigned int)2, (unsigned int)1, (unsigned short)4>(ch_est::puschRxChEstStatDescr_t *, ch_est::puschRxChEstDynDescr_t *)"
1575908163,6848,16232,137,2,1,24,2,1,44,0.001,0.001,,,,,NVIDIA A100-SXM4-40GB MIG 4g.20gb (0),1,,13,"void ch_est::chEstFilterNoDftSOfdmDispatchKernel<float, __half, float, (unsigned int)2>(ch_est::puschRxChEstStatDescr_t *, ch_est::puschRxChEstDynDescr_t *)"
1575925379,4768,16233,137,2,1,24,2,1,44,0.001,0.001,,,,,NVIDIA A100-SXM4-40GB MIG 4g.20gb (0),1,,13,"void ch_est::chEstFilterNoDftSOfdmDispatchKernel<float, __half, float, (unsigned int)2>(ch_est::puschRxChEstStatDescr_t *, ch_est::puschRxChEstDynDescr_t *)"
1575941859,2496,16244,103,1,1,128,1,1,16,0.000,0.000,,,,,NVIDIA A100-SXM4-40GB MIG 4g.20gb (0),1,,13,cupy_copy__complex64_complex64
1575961507,12479,16254,1434,1,1,128,1,1,16,0.000,0.000,,,,,NVIDIA A100-SXM4-40GB MIG 4g.20gb (0),1,,13,cupy_copy__complex64_complex64
1575980194,2912,16261,103,1,1,128,1,1,16,0.000,0.000,,,,,NVIDIA A100-SXM4-40GB MIG 4g.20gb (0),1,,13,cupy_copy__complex64_complex64
1576003266,88127,16268,1,1,1,32,32,1,30,0.000,0.000,,,,,NVIDIA A100-SXM4-40GB MIG 4g.20gb (0),1,,13,"void convert_kernel<__half2, float2>(tensor_layout_any, T1 *, tensor_layout_any, const T2 *)"
1576125729,25503,16271,,,,,,,,,,0.094,3673.914,Pinned,Device,NVIDIA A100-SXM4-40GB MIG 4g.20gb (0),1,,13,[CUDA memcpy Host-to-Device]
1576172128,47519,16272,,,,,,,,,,35.810,753583.956,Device,,NVIDIA A100-SXM4-40GB MIG 4g.20gb (0),1,,13,[CUDA memset]
1576224543,11392,16274,,,,,,,,,,0.000,7.022,Pinned,Device,NVIDIA A100-SXM4-40GB MIG 4g.20gb (0),1,,13,[CUDA memcpy Host-to-Device]
1576244383,28192,16275,,,,,,,,,,0.197,6973.882,Pinned,Device,NVIDIA A100-SXM4-40GB MIG 4g.20gb (0),1,,13,[CUDA memcpy Host-to-Device]
1576288639,10175,16276,273,1,1,48,1,1,40,0.000,0.001,,,,,NVIDIA A100-SXM4-40GB MIG 4g.20gb (0),1,,13,"void pusch_noise_intf_est::noiseIntfEstNoDftSOfdmKernel<float, __half, float, float, (unsigned int)2, (unsigned int)1, (unsigned char)4, (unsigned char)4>(pusch_noise_intf_est::puschRxNoiseIntfEstDynDescr)"
1576303838,3296,16287,35,1,1,128,1,1,16,0.000,0.000,,,,,NVIDIA A100-SXM4-40GB MIG 4g.20gb (0),1,,13,cupy_copy__complex64_complex64
1576310622,1760,16296,1,1,1,1,1,1,18,0.000,0.000,,,,,NVIDIA A100-SXM4-40GB MIG 4g.20gb (0),1,,13,cupy_copy__float32_float32
1576314814,1568,16302,,,,,,,,,,0.000,2.551,Device,Pageable,NVIDIA A100-SXM4-40GB MIG 4g.20gb (0),1,,7,[CUDA memcpy Device-to-Host]
1576378493,13376,16313,1434,1,1,128,1,1,16,0.000,0.000,,,,,NVIDIA A100-SXM4-40GB MIG 4g.20gb (0),1,,13,cupy_copy__complex64_complex64
1576405693,2656,16320,103,1,1,128,1,1,16,0.000,0.000,,,,,NVIDIA A100-SXM4-40GB MIG 4g.20gb (0),1,,13,cupy_copy__complex64_complex64
1576427325,2592,16327,35,1,1,128,1,1,16,0.000,0.000,,,,,NVIDIA A100-SXM4-40GB MIG 4g.20gb (0),1,,13,cupy_copy__complex64_complex64
1576443837,1760,16334,1,1,1,1,1,1,18,0.000,0.000,,,,,NVIDIA A100-SXM4-40GB MIG 4g.20gb (0),1,,13,cupy_copy__float32_float32
1576577179,82303,16345,1,1,1,32,32,1,30,0.000,0.000,,,,,NVIDIA A100-SXM4-40GB MIG 4g.20gb (0),1,,13,"void convert_kernel<__half2, float2>(tensor_layout_any, T1 *, tensor_layout_any, const T2 *)"
1576687514,5536,16348,,,,,,,,,,0.094,16924.777,Pinned,Device,NVIDIA A100-SXM4-40GB MIG 4g.20gb (0),1,,13,[CUDA memcpy Host-to-Device]
1576701049,3360,16349,,,,,,,,,,1.547,460304.688,Device,,NVIDIA A100-SXM4-40GB MIG 4g.20gb (0),1,,13,[CUDA memset]
1576707833,3808,16354,,,,,,,,,,0.031,8218.486,Pinned,Device,NVIDIA A100-SXM4-40GB MIG 4g.20gb (0),1,,13,[CUDA memcpy Host-to-Device]
1576713785,9376,16355,,,,,,,,,,0.197,20969.226,Pinned,Device,NVIDIA A100-SXM4-40GB MIG 4g.20gb (0),1,,13,[CUDA memcpy Host-to-Device]
1576727289,5984,16356,273,1,1,8,4,1,39,0.002,0.000,,,,,NVIDIA A100-SXM4-40GB MIG 4g.20gb (0),1,,13,"void channel_eq::eqMmseCoefCompLowMimoKernel<float, float, float, (unsigned int)4, (unsigned int)1, (unsigned int)4>(const channel_eq::_puschRxChEqStatDescr *, channel_eq::_puschRxChEqCoefCompDynDescr)"
1576736601,8032,16357,273,1,1,12,11,1,51,0.002,0.000,,,,,NVIDIA A100-SXM4-40GB MIG 4g.20gb (0),1,,13,"void channel_eq::eqMmseSoftDemapKernel<float, __half, __half, float, (unsigned int)4, (unsigned short)16383>(channel_eq::_puschRxChEqStatDescr *, channel_eq::_puschRxChEqSoftDemapDynDescr)"
1576745561,282876,16358,1,1,1,32,32,1,30,0.000,0.000,,,,,NVIDIA A100-SXM4-40GB MIG 4g.20gb (0),1,,13,"void convert_kernel<float2, __half2>(tensor_layout_any, T1 *, tensor_layout_any, const T2 *)"
1577029973,10944,16370,2253,1,1,128,1,1,16,0.000,0.000,,,,,NVIDIA A100-SXM4-40GB MIG 4g.20gb (0),1,,13,cupy_copy__float16_float16
1577043893,3808,16379,282,1,1,128,1,1,16,0.000,0.000,,,,,NVIDIA A100-SXM4-40GB MIG 4g.20gb (0),1,,13,cupy_copy__complex64_complex64
1577049333,2336,16388,26,1,1,128,1,1,16,0.000,0.000,,,,,NVIDIA A100-SXM4-40GB MIG 4g.20gb (0),1,,13,cupy_copy__float32_float32
1577052821,2784,16397,103,1,1,128,1,1,16,0.000,0.000,,,,,NVIDIA A100-SXM4-40GB MIG 4g.20gb (0),1,,13,cupy_copy__complex64_complex64
1577056821,12512,16407,1434,1,1,128,1,1,16,0.000,0.000,,,,,NVIDIA A100-SXM4-40GB MIG 4g.20gb (0),1,,13,cupy_copy__complex64_complex64
1577073493,85919,16412,1,1,1,32,32,1,30,0.000,0.000,,,,,NVIDIA A100-SXM4-40GB MIG 4g.20gb (0),1,,13,"void convert_kernel<__half2, float2>(tensor_layout_any, T1 *, tensor_layout_any, const T2 *)"
1577186867,5632,16415,,,,,,,,,,0.094,16636.287,Pinned,Device,NVIDIA A100-SXM4-40GB MIG 4g.20gb (0),1,,13,[CUDA memcpy Host-to-Device]
1577196435,597529,16416,,,,,,,,,,456.561,763827.289,Device,,NVIDIA A100-SXM4-40GB MIG 4g.20gb (0),1,,13,[CUDA memset]
1577798444,147774,16421,,,,,,,,,,1.235,8356.866,Pinned,Device,NVIDIA A100-SXM4-40GB MIG 4g.20gb (0),1,,13,[CUDA memcpy Host-to-Device]
1577958922,40127,16422,,,,,,,,,,0.197,4899.471,Pinned,Device,NVIDIA A100-SXM4-40GB MIG 4g.20gb (0),1,,13,[CUDA memcpy Host-to-Device]
1578029161,8448,16423,69,4,1,48,1,1,76,0.002,0.000,,,,,NVIDIA A100-SXM4-40GB MIG 4g.20gb (0),1,,13,"void ch_est::windowedChEstPreNoDftSOfdmKernel<float, __half, float, (unsigned int)2, (unsigned int)1, (unsigned short)4>(ch_est::puschRxChEstStatDescr_t *, ch_est::puschRxChEstDynDescr_t *)"
1578048617,6816,16424,137,2,1,24,2,1,44,0.001,0.001,,,,,NVIDIA A100-SXM4-40GB MIG 4g.20gb (0),1,,13,"void ch_est::chEstFilterNoDftSOfdmDispatchKernel<float, __half, float, (unsigned int)2>(ch_est::puschRxChEstStatDescr_t *, ch_est::puschRxChEstDynDescr_t *)"
1578065480,4736,16425,137,2,1,24,2,1,44,0.001,0.001,,,,,NVIDIA A100-SXM4-40GB MIG 4g.20gb (0),1,,13,"void ch_est::chEstFilterNoDftSOfdmDispatchKernel<float, __half, float, (unsigned int)2>(ch_est::puschRxChEstStatDescr_t *, ch_est::puschRxChEstDynDescr_t *)"
1578082888,2624,16436,103,1,1,128,1,1,16,0.000,0.000,,,,,NVIDIA A100-SXM4-40GB MIG 4g.20gb (0),1,,13,cupy_copy__complex64_complex64
1578099272,12640,16446,1434,1,1,128,1,1,16,0.000,0.000,,,,,NVIDIA A100-SXM4-40GB MIG 4g.20gb (0),1,,13,cupy_copy__complex64_complex64
1578120904,2880,16453,103,1,1,128,1,1,16,0.000,0.000,,,,,NVIDIA A100-SXM4-40GB MIG 4g.20gb (0),1,,13,cupy_copy__complex64_complex64
1578144296,92734,16460,1,1,1,32,32,1,30,0.000,0.000,,,,,NVIDIA A100-SXM4-40GB MIG 4g.20gb (0),1,,13,"void convert_kernel<__half2, float2>(tensor_layout_any, T1 *, tensor_layout_any, const T2 *)"
1578271750,28288,16463,,,,,,,,,,0.094,3312.154,Pinned,Device,NVIDIA A100-SXM4-40GB MIG 4g.20gb (0),1,,13,[CUDA memcpy Host-to-Device]
1578325093,46592,16464,,,,,,,,,,35.810,768552.503,Device,,NVIDIA A100-SXM4-40GB MIG 4g.20gb (0),1,,13,[CUDA memset]
1578377605,8192,16466,,,,,,,,,,0.000,9.766,Pinned,Device,NVIDIA A100-SXM4-40GB MIG 4g.20gb (0),1,,13,[CUDA memcpy Host-to-Device]
1578395332,41792,16467,,,,,,,,,,0.197,4704.436,Pinned,Device,NVIDIA A100-SXM4-40GB MIG 4g.20gb (0),1,,13,[CUDA memcpy Host-to-Device]
1578458308,9760,16468,273,1,1,48,1,1,40,0.000,0.001,,,,,NVIDIA A100-SXM4-40GB MIG 4g.20gb (0),1,,13,"void pusch_noise_intf_est::noiseIntfEstNoDftSOfdmKernel<float, __half, float, float, (unsigned int)2, (unsigned int)1, (unsigned char)4, (unsigned char)4>(pusch_noise_intf_est::puschRxNoiseIntfEstDynDescr)"
1578474915,2624,16479,35,1,1,128,1,1,16,0.000,0.000,,,,,NVIDIA A100-SXM4-40GB MIG 4g.20gb (0),1,,13,cupy_copy__complex64_complex64
1578491363,1728,16488,1,1,1,1,1,1,18,0.000,0.000,,,,,NVIDIA A100-SXM4-40GB MIG 4g.20gb (0),1,,13,cupy_copy__float32_float32
1578498979,5568,16494,,,,,,,,,,0.000,0.718,Device,Pageable,NVIDIA A100-SXM4-40GB MIG 4g.20gb (0),1,,7,[CUDA memcpy Device-to-Host]
1578595906,13120,16505,1434,1,1,128,1,1,16,0.000,0.000,,,,,NVIDIA A100-SXM4-40GB MIG 4g.20gb (0),1,,13,cupy_copy__complex64_complex64
1578619202,3488,16512,103,1,1,128,1,1,16,0.000,0.000,,,,,NVIDIA A100-SXM4-40GB MIG 4g.20gb (0),1,,13,cupy_copy__complex64_complex64
1578640865,2496,16519,35,1,1,128,1,1,16,0.000,0.000,,,,,NVIDIA A100-SXM4-40GB MIG 4g.20gb (0),1,,13,cupy_copy__complex64_complex64
1578657345,1952,16526,1,1,1,1,1,1,18,0.000,0.000,,,,,NVIDIA A100-SXM4-40GB MIG 4g.20gb (0),1,,13,cupy_copy__float32_float32
1578785504,90430,16537,1,1,1,32,32,1,30,0.000,0.000,,,,,NVIDIA A100-SXM4-40GB MIG 4g.20gb (0),1,,13,"void convert_kernel<__half2, float2>(tensor_layout_any, T1 *, tensor_layout_any, const T2 *)"
1578904990,5600,16540,,,,,,,,,,0.094,16731.388,Pinned,Device,NVIDIA A100-SXM4-40GB MIG 4g.20gb (0),1,,13,[CUDA memcpy Host-to-Device]
1578920990,3296,16541,,,,,,,,,,1.547,469242.628,Device,,NVIDIA A100-SXM4-40GB MIG 4g.20gb (0),1,,13,[CUDA memset]
1578927262,3040,16546,,,,,,,,,,0.031,10294.725,Pinned,Device,NVIDIA A100-SXM4-40GB MIG 4g.20gb (0),1,,13,[CUDA memcpy Host-to-Device]
1578933022,9792,16547,,,,,,,,,,0.197,20078.395,Pinned,Device,NVIDIA A100-SXM4-40GB MIG 4g.20gb (0),1,,13,[CUDA memcpy Host-to-Device]
1578948286,6207,16548,273,1,1,8,4,1,39,0.002,0.000,,,,,NVIDIA A100-SXM4-40GB MIG 4g.20gb (0),1,,13,"void channel_eq::eqMmseCoefCompLowMimoKernel<float, float, float, (unsigned int)4, (unsigned int)1, (unsigned int)4>(const channel_eq::_puschRxChEqStatDescr *, channel_eq::_puschRxChEqCoefCompDynDescr)"
1578955613,7840,16549,273,1,1,12,11,1,51,0.002,0.000,,,,,NVIDIA A100-SXM4-40GB MIG 4g.20gb (0),1,,13,"void channel_eq::eqMmseSoftDemapKernel<float, __half, __half, float, (unsigned int)4, (unsigned short)16383>(channel_eq::_puschRxChEqStatDescr *, channel_eq::_puschRxChEqSoftDemapDynDescr)"
1578966877,282397,16550,1,1,1,32,32,1,30,0.000,0.000,,,,,NVIDIA A100-SXM4-40GB MIG 4g.20gb (0),1,,13,"void convert_kernel<float2, __half2>(tensor_layout_any, T1 *, tensor_layout_any, const T2 *)"
1579252506,10944,16562,2253,1,1,128,1,1,16,0.000,0.000,,,,,NVIDIA A100-SXM4-40GB MIG 4g.20gb (0),1,,13,cupy_copy__float16_float16
1579266522,3456,16571,282,1,1,128,1,1,16,0.000,0.000,,,,,NVIDIA A100-SXM4-40GB MIG 4g.20gb (0),1,,13,cupy_copy__complex64_complex64
1579273850,2655,16580,26,1,1,128,1,1,16,0.000,0.000,,,,,NVIDIA A100-SXM4-40GB MIG 4g.20gb (0),1,,13,cupy_copy__float32_float32
1579277593,3104,16589,103,1,1,128,1,1,16,0.000,0.000,,,,,NVIDIA A100-SXM4-40GB MIG 4g.20gb (0),1,,13,cupy_copy__complex64_complex64
1579281689,12096,16599,1434,1,1,128,1,1,16,0.000,0.000,,,,,NVIDIA A100-SXM4-40GB MIG 4g.20gb (0),1,,13,cupy_copy__complex64_complex64
1579301753,87455,16604,1,1,1,32,32,1,30,0.000,0.000,,,,,NVIDIA A100-SXM4-40GB MIG 4g.20gb (0),1,,13,"void convert_kernel<__half2, float2>(tensor_layout_any, T1 *, tensor_layout_any, const T2 *)"
1579416568,5376,16607,,,,,,,,,,0.094,17428.487,Pinned,Device,NVIDIA A100-SXM4-40GB MIG 4g.20gb (0),1,,13,[CUDA memcpy Host-to-Device]
1579428152,598648,16608,,,,,,,,,,456.561,762457.605,Device,,NVIDIA A100-SXM4-40GB MIG 4g.20gb (0),1,,13,[CUDA memset]
1580036208,85183,16613,,,,,,,,,,1.235,14497.008,Pinned,Device,NVIDIA A100-SXM4-40GB MIG 4g.20gb (0),1,,13,[CUDA memcpy Host-to-Device]
1580128111,19840,16614,,,,,,,,,,0.197,9909.633,Pinned,Device,NVIDIA A100-SXM4-40GB MIG 4g.20gb (0),1,,13,[CUDA memcpy Host-to-Device]
1580157103,9663,16615,69,4,1,48,1,1,76,0.002,0.000,,,,,NVIDIA A100-SXM4-40GB MIG 4g.20gb (0),1,,13,"void ch_est::windowedChEstPreNoDftSOfdmKernel<float, __half, float, (unsigned int)2, (unsigned int)1, (unsigned short)4>(ch_est::puschRxChEstStatDescr_t *, ch_est::puschRxChEstDynDescr_t *)"
1580172942,7296,16616,137,2,1,24,2,1,44,0.001,0.001,,,,,NVIDIA A100-SXM4-40GB MIG 4g.20gb (0),1,,13,"void ch_est::chEstFilterNoDftSOfdmDispatchKernel<float, __half, float, (unsigned int)2>(ch_est::puschRxChEstStatDescr_t *, ch_est::puschRxChEstDynDescr_t *)"
1580188334,5184,16617,137,2,1,24,2,1,44,0.001,0.001,,,,,NVIDIA A100-SXM4-40GB MIG 4g.20gb (0),1,,13,"void ch_est::chEstFilterNoDftSOfdmDispatchKernel<float, __half, float, (unsigned int)2>(ch_est::puschRxChEstStatDescr_t *, ch_est::puschRxChEstDynDescr_t *)"
1580195214,3008,16628,103,1,1,128,1,1,16,0.000,0.000,,,,,NVIDIA A100-SXM4-40GB MIG 4g.20gb (0),1,,13,cupy_copy__complex64_complex64
1580201230,12768,16638,1434,1,1,128,1,1,16,0.000,0.000,,,,,NVIDIA A100-SXM4-40GB MIG 4g.20gb (0),1,,13,cupy_copy__complex64_complex64
1580217422,2496,16645,103,1,1,128,1,1,16,0.000,0.000,,,,,NVIDIA A100-SXM4-40GB MIG 4g.20gb (0),1,,13,cupy_copy__complex64_complex64
1580223790,85983,16652,1,1,1,32,32,1,30,0.000,0.000,,,,,NVIDIA A100-SXM4-40GB MIG 4g.20gb (0),1,,13,"void convert_kernel<__half2, float2>(tensor_layout_any, T1 *, tensor_layout_any, const T2 *)"
1580337548,5760,16655,,,,,,,,,,0.094,16266.656,Pinned,Device,NVIDIA A100-SXM4-40GB MIG 4g.20gb (0),1,,13,[CUDA memcpy Host-to-Device]
1580348716,47392,16656,,,,,,,,,,35.810,755589.312,Device,,NVIDIA A100-SXM4-40GB MIG 4g.20gb (0),1,,13,[CUDA memset]
1580403596,2847,16658,,,,,,,,,,0.000,28.100,Pinned,Device,NVIDIA A100-SXM4-40GB MIG 4g.20gb (0),1,,13,[CUDA memcpy Host-to-Device]
1580411403,13376,16659,,,,,,,,,,0.197,14698.414,Pinned,Device,NVIDIA A100-SXM4-40GB MIG 4g.20gb (0),1,,13,[CUDA memcpy Host-to-Device]
1580433931,9184,16660,273,1,1,48,1,1,40,0.000,0.001,,,,,NVIDIA A100-SXM4-40GB MIG 4g.20gb (0),1,,13,"void pusch_noise_intf_est::noiseIntfEstNoDftSOfdmKernel<float, __half, float, float, (unsigned int)2, (unsigned int)1, (unsigned char)4, (unsigned char)4>(pusch_noise_intf_est::puschRxNoiseIntfEstDynDescr)"
1580445387,2848,16671,35,1,1,128,1,1,16,0.000,0.000,,,,,NVIDIA A100-SXM4-40GB MIG 4g.20gb (0),1,,13,cupy_copy__complex64_complex64
1580458187,1984,16680,1,1,1,1,1,1,18,0.000,0.000,,,,,NVIDIA A100-SXM4-40GB MIG 4g.20gb (0),1,,13,cupy_copy__float32_float32
1580490346,1600,16686,,,,,,,,,,0.000,2.500,Device,Pageable,NVIDIA A100-SXM4-40GB MIG 4g.20gb (0),1,,7,[CUDA memcpy Device-to-Host]
1580551114,13280,16697,1434,1,1,128,1,1,16,0.000,0.000,,,,,NVIDIA A100-SXM4-40GB MIG 4g.20gb (0),1,,13,cupy_copy__complex64_complex64
1580578249,2880,16704,103,1,1,128,1,1,16,0.000,0.000,,,,,NVIDIA A100-SXM4-40GB MIG 4g.20gb (0),1,,13,cupy_copy__complex64_complex64
1580600201,2400,16711,35,1,1,128,1,1,16,0.000,0.000,,,,,NVIDIA A100-SXM4-40GB MIG 4g.20gb (0),1,,13,cupy_copy__complex64_complex64
1580616713,2048,16718,1,1,1,1,1,1,18,0.000,0.000,,,,,NVIDIA A100-SXM4-40GB MIG 4g.20gb (0),1,,13,cupy_copy__float32_float32
1580748711,81343,16729,1,1,1,32,32,1,30,0.000,0.000,,,,,NVIDIA A100-SXM4-40GB MIG 4g.20gb (0),1,,13,"void convert_kernel<__half2, float2>(tensor_layout_any, T1 *, tensor_layout_any, const T2 *)"
1580857158,5600,16732,,,,,,,,,,0.094,16731.388,Pinned,Device,NVIDIA A100-SXM4-40GB MIG 4g.20gb (0),1,,13,[CUDA memcpy Host-to-Device]
1580871270,3296,16733,,,,,,,,,,1.547,469242.628,Device,,NVIDIA A100-SXM4-40GB MIG 4g.20gb (0),1,,13,[CUDA memset]
1580877990,3232,16738,,,,,,,,,,0.031,9683.139,Pinned,Device,NVIDIA A100-SXM4-40GB MIG 4g.20gb (0),1,,13,[CUDA memcpy Host-to-Device]
1580883622,9855,16739,,,,,,,,,,0.197,19950.010,Pinned,Device,NVIDIA A100-SXM4-40GB MIG 4g.20gb (0),1,,13,[CUDA memcpy Host-to-Device]
1580899653,7200,16740,273,1,1,8,4,1,39,0.002,0.000,,,,,NVIDIA A100-SXM4-40GB MIG 4g.20gb (0),1,,13,"void channel_eq::eqMmseCoefCompLowMimoKernel<float, float, float, (unsigned int)4, (unsigned int)1, (unsigned int)4>(const channel_eq::_puschRxChEqStatDescr *, channel_eq::_puschRxChEqCoefCompDynDescr)"
1580907877,6016,16741,273,1,1,12,11,1,51,0.002,0.000,,,,,NVIDIA A100-SXM4-40GB MIG 4g.20gb (0),1,,13,"void channel_eq::eqMmseSoftDemapKernel<float, __half, __half, float, (unsigned int)4, (unsigned short)16383>(channel_eq::_puschRxChEqStatDescr *, channel_eq::_puschRxChEqSoftDemapDynDescr)"
1580914949,282653,16742,1,1,1,32,32,1,30,0.000,0.000,,,,,NVIDIA A100-SXM4-40GB MIG 4g.20gb (0),1,,13,"void convert_kernel<float2, __half2>(tensor_layout_any, T1 *, tensor_layout_any, const T2 *)"
1581200802,10976,16754,2253,1,1,128,1,1,16,0.000,0.000,,,,,NVIDIA A100-SXM4-40GB MIG 4g.20gb (0),1,,13,cupy_copy__float16_float16
1581215233,3488,16763,282,1,1,128,1,1,16,0.000,0.000,,,,,NVIDIA A100-SXM4-40GB MIG 4g.20gb (0),1,,13,cupy_copy__complex64_complex64
1581223233,2528,16772,26,1,1,128,1,1,16,0.000,0.000,,,,,NVIDIA A100-SXM4-40GB MIG 4g.20gb (0),1,,13,cupy_copy__float32_float32
1581227393,3008,16781,103,1,1,128,1,1,16,0.000,0.000,,,,,NVIDIA A100-SXM4-40GB MIG 4g.20gb (0),1,,13,cupy_copy__complex64_complex64
1581231457,11936,16791,1434,1,1,128,1,1,16,0.000,0.000,,,,,NVIDIA A100-SXM4-40GB MIG 4g.20gb (0),1,,13,cupy_copy__complex64_complex64
1581244609,81503,16796,1,1,1,32,32,1,30,0.000,0.000,,,,,NVIDIA A100-SXM4-40GB MIG 4g.20gb (0),1,,13,"void convert_kernel<__half2, float2>(tensor_layout_any, T1 *, tensor_layout_any, const T2 *)"
1581352992,6432,16799,,,,,,,,,,0.094,14567.105,Pinned,Device,NVIDIA A100-SXM4-40GB MIG 4g.20gb (0),1,,13,[CUDA memcpy Host-to-Device]
1581364448,595896,16800,,,,,,,,,,456.561,766110.096,Device,,NVIDIA A100-SXM4-40GB MIG 4g.20gb (0),1,,13,[CUDA memset]
1581965272,151646,16805,,,,,,,,,,1.235,8143.221,Pinned,Device,NVIDIA A100-SXM4-40GB MIG 4g.20gb (0),1,,13,[CUDA memcpy Host-to-Device]
1582132086,40512,16806,,,,,,,,,,0.197,4853.072,Pinned,Device,NVIDIA A100-SXM4-40GB MIG 4g.20gb (0),1,,13,[CUDA memcpy Host-to-Device]
1582189045,8192,16807,69,4,1,48,1,1,76,0.002,0.000,,,,,NVIDIA A100-SXM4-40GB MIG 4g.20gb (0),1,,13,"void ch_est::windowedChEstPreNoDftSOfdmKernel<float, __half, float, (unsigned int)2, (unsigned int)1, (unsigned short)4>(ch_est::puschRxChEstStatDescr_t *, ch_est::puschRxChEstDynDescr_t *)"
1582204277,6784,16808,137,2,1,24,2,1,44,0.001,0.001,,,,,NVIDIA A100-SXM4-40GB MIG 4g.20gb (0),1,,13,"void ch_est::chEstFilterNoDftSOfdmDispatchKernel<float, __half, float, (unsigned int)2>(ch_est::puschRxChEstStatDescr_t *, ch_est::puschRxChEstDynDescr_t *)"
1582219605,5056,16809,137,2,1,24,2,1,44,0.001,0.001,,,,,NVIDIA A100-SXM4-40GB MIG 4g.20gb (0),1,,13,"void ch_est::chEstFilterNoDftSOfdmDispatchKernel<float, __half, float, (unsigned int)2>(ch_est::puschRxChEstStatDescr_t *, ch_est::puschRxChEstDynDescr_t *)"
1582233013,2624,16820,103,1,1,128,1,1,16,0.000,0.000,,,,,NVIDIA A100-SXM4-40GB MIG 4g.20gb (0),1,,13,cupy_copy__complex64_complex64
1582245269,12704,16830,1434,1,1,128,1,1,16,0.000,0.000,,,,,NVIDIA A100-SXM4-40GB MIG 4g.20gb (0),1,,13,cupy_copy__complex64_complex64
1582264308,2560,16837,103,1,1,128,1,1,16,0.000,0.000,,,,,NVIDIA A100-SXM4-40GB MIG 4g.20gb (0),1,,13,cupy_copy__complex64_complex64
1582275156,83519,16844,1,1,1,32,32,1,30,0.000,0.000,,,,,NVIDIA A100-SXM4-40GB MIG 4g.20gb (0),1,,13,"void convert_kernel<__half2, float2>(tensor_layout_any, T1 *, tensor_layout_any, const T2 *)"
1582387443,8416,16847,,,,,,,,,,0.094,11133.052,Pinned,Device,NVIDIA A100-SXM4-40GB MIG 4g.20gb (0),1,,13,[CUDA memcpy Host-to-Device]
1582403155,47967,16848,,,,,,,,,,35.810,746529.402,Device,,NVIDIA A100-SXM4-40GB MIG 4g.20gb (0),1,,13,[CUDA memset]
1582452978,6304,16850,,,,,,,,,,0.000,12.690,Pinned,Device,NVIDIA A100-SXM4-40GB MIG 4g.20gb (0),1,,13,[CUDA memcpy Host-to-Device]
1582465202,15008,16851,,,,,,,,,,0.197,13100.188,Pinned,Device,NVIDIA A100-SXM4-40GB MIG 4g.20gb (0),1,,13,[CUDA memcpy Host-to-Device]
1582493010,10208,16852,273,1,1,48,1,1,40,0.000,0.001,,,,,NVIDIA A100-SXM4-40GB MIG 4g.20gb (0),1,,13,"void pusch_noise_intf_est::noiseIntfEstNoDftSOfdmKernel<float, __half, float, float, (unsigned int)2, (unsigned int)1, (unsigned char)4, (unsigned char)4>(pusch_noise_intf_est::puschRxNoiseIntfEstDynDescr)"
1582508785,2944,16863,35,1,1,128,1,1,16,0.000,0.000,,,,,NVIDIA A100-SXM4-40GB MIG 4g.20gb (0),1,,13,cupy_copy__complex64_complex64
1582517041,1728,16872,1,1,1,1,1,1,18,0.000,0.000,,,,,NVIDIA A100-SXM4-40GB MIG 4g.20gb (0),1,,13,cupy_copy__float32_float32
1582538577,2272,16878,,,,,,,,,,0.000,1.761,Device,Pageable,NVIDIA A100-SXM4-40GB MIG 4g.20gb (0),1,,7,[CUDA memcpy Device-to-Host]
1582599088,12928,16889,1434,1,1,128,1,1,16,0.000,0.000,,,,,NVIDIA A100-SXM4-40GB MIG 4g.20gb (0),1,,13,cupy_copy__complex64_complex64
1582626672,3072,16896,103,1,1,128,1,1,16,0.000,0.000,,,,,NVIDIA A100-SXM4-40GB MIG 4g.20gb (0),1,,13,cupy_copy__complex64_complex64
1582649072,2304,16903,35,1,1,128,1,1,16,0.000,0.000,,,,,NVIDIA A100-SXM4-40GB MIG 4g.20gb (0),1,,13,cupy_copy__complex64_complex64
1582666255,1760,16910,1,1,1,1,1,1,18,0.000,0.000,,,,,NVIDIA A100-SXM4-40GB MIG 4g.20gb (0),1,,13,cupy_copy__float32_float32
1582800782,81471,16921,1,1,1,32,32,1,30,0.000,0.000,,,,,NVIDIA A100-SXM4-40GB MIG 4g.20gb (0),1,,13,"void convert_kernel<__half2, float2>(tensor_layout_any, T1 *, tensor_layout_any, const T2 *)"
1582911500,5504,16924,,,,,,,,,,0.094,17023.251,Pinned,Device,NVIDIA A100-SXM4-40GB MIG 4g.20gb (0),1,,13,[CUDA memcpy Host-to-Device]
1582926092,3392,16925,,,,,,,,,,1.547,455961.768,Device,,NVIDIA A100-SXM4-40GB MIG 4g.20gb (0),1,,13,[CUDA memset]
1582933548,3584,16930,,,,,,,,,,0.031,8732.116,Pinned,Device,NVIDIA A100-SXM4-40GB MIG 4g.20gb (0),1,,13,[CUDA memcpy Host-to-Device]
1582939596,10016,16931,,,,,,,,,,0.197,19629.343,Pinned,Device,NVIDIA A100-SXM4-40GB MIG 4g.20gb (0),1,,13,[CUDA memcpy Host-to-Device]
1582954220,6656,16932,273,1,1,8,4,1,39,0.002,0.000,,,,,NVIDIA A100-SXM4-40GB MIG 4g.20gb (0),1,,13,"void channel_eq::eqMmseCoefCompLowMimoKernel<float, float, float, (unsigned int)4, (unsigned int)1, (unsigned int)4>(const channel_eq::_puschRxChEqStatDescr *, channel_eq::_puschRxChEqCoefCompDynDescr)"
1582961868,6400,16933,273,1,1,12,11,1,51,0.002,0.000,,,,,NVIDIA A100-SXM4-40GB MIG 4g.20gb (0),1,,13,"void channel_eq::eqMmseSoftDemapKernel<float, __half, __half, float, (unsigned int)4, (unsigned short)16383>(channel_eq::_puschRxChEqStatDescr *, channel_eq::_puschRxChEqSoftDemapDynDescr)"
1582969228,282844,16934,1,1,1,32,32,1,30,0.000,0.000,,,,,NVIDIA A100-SXM4-40GB MIG 4g.20gb (0),1,,13,"void convert_kernel<float2, __half2>(tensor_layout_any, T1 *, tensor_layout_any, const T2 *)"
1583254440,11104,16946,2253,1,1,128,1,1,16,0.000,0.000,,,,,NVIDIA A100-SXM4-40GB MIG 4g.20gb (0),1,,13,cupy_copy__float16_float16
1583266792,3104,16955,282,1,1,128,1,1,16,0.000,0.000,,,,,NVIDIA A100-SXM4-40GB MIG 4g.20gb (0),1,,13,cupy_copy__complex64_complex64
1583274024,2048,16964,26,1,1,128,1,1,16,0.000,0.000,,,,,NVIDIA A100-SXM4-40GB MIG 4g.20gb (0),1,,13,cupy_copy__float32_float32
1583279464,4512,16973,103,1,1,128,1,1,16,0.000,0.000,,,,,NVIDIA A100-SXM4-40GB MIG 4g.20gb (0),1,,13,cupy_copy__complex64_complex64
1583287016,12192,16983,1434,1,1,128,1,1,16,0.000,0.000,,,,,NVIDIA A100-SXM4-40GB MIG 4g.20gb (0),1,,13,cupy_copy__complex64_complex64
1583303080,87263,16988,1,1,1,32,32,1,30,0.000,0.000,,,,,NVIDIA A100-SXM4-40GB MIG 4g.20gb (0),1,,13,"void convert_kernel<__half2, float2>(tensor_layout_any, T1 *, tensor_layout_any, const T2 *)"
1583417990,5856,16991,,,,,,,,,,0.094,15999.997,Pinned,Device,NVIDIA A100-SXM4-40GB MIG 4g.20gb (0),1,,13,[CUDA memcpy Host-to-Device]
1583430406,596761,16992,,,,,,,,,,456.561,764740.412,Device,,NVIDIA A100-SXM4-40GB MIG 4g.20gb (0),1,,13,[CUDA memset]
1584032319,147390,16997,,,,,,,,,,1.235,8377.860,Pinned,Device,NVIDIA A100-SXM4-40GB MIG 4g.20gb (0),1,,13,[CUDA memcpy Host-to-Device]
1584194685,39775,16998,,,,,,,,,,0.197,4942.922,Pinned,Device,NVIDIA A100-SXM4-40GB MIG 4g.20gb (0),1,,13,[CUDA memcpy Host-to-Device]
1584256316,8128,16999,69,4,1,48,1,1,76,0.002,0.000,,,,,NVIDIA A100-SXM4-40GB MIG 4g.20gb (0),1,,13,"void ch_est::windowedChEstPreNoDftSOfdmKernel<float, __half, float, (unsigned int)2, (unsigned int)1, (unsigned short)4>(ch_est::puschRxChEstStatDescr_t *, ch_est::puschRxChEstDynDescr_t *)"
1584274076,7231,17000,137,2,1,24,2,1,44,0.001,0.001,,,,,NVIDIA A100-SXM4-40GB MIG 4g.20gb (0),1,,13,"void ch_est::chEstFilterNoDftSOfdmDispatchKernel<float, __half, float, (unsigned int)2>(ch_est::puschRxChEstStatDescr_t *, ch_est::puschRxChEstDynDescr_t *)"
1584291099,4704,17001,137,2,1,24,2,1,44,0.001,0.001,,,,,NVIDIA A100-SXM4-40GB MIG 4g.20gb (0),1,,13,"void ch_est::chEstFilterNoDftSOfdmDispatchKernel<float, __half, float, (unsigned int)2>(ch_est::puschRxChEstStatDescr_t *, ch_est::puschRxChEstDynDescr_t *)"
1584308315,2528,17012,103,1,1,128,1,1,16,0.000,0.000,,,,,NVIDIA A100-SXM4-40GB MIG 4g.20gb (0),1,,13,cupy_copy__complex64_complex64
1584327355,12544,17022,1434,1,1,128,1,1,16,0.000,0.000,,,,,NVIDIA A100-SXM4-40GB MIG 4g.20gb (0),1,,13,cupy_copy__complex64_complex64
1584349403,2528,17029,103,1,1,128,1,1,16,0.000,0.000,,,,,NVIDIA A100-SXM4-40GB MIG 4g.20gb (0),1,,13,cupy_copy__complex64_complex64
1584371770,85375,17036,1,1,1,32,32,1,30,0.000,0.000,,,,,NVIDIA A100-SXM4-40GB MIG 4g.20gb (0),1,,13,"void convert_kernel<__half2, float2>(tensor_layout_any, T1 *, tensor_layout_any, const T2 *)"
1584492825,18528,17039,,,,,,,,,,0.094,5056.961,Pinned,Device,NVIDIA A100-SXM4-40GB MIG 4g.20gb (0),1,,13,[CUDA memcpy Host-to-Device]
1584522520,47616,17040,,,,,,,,,,35.810,752044.130,Device,,NVIDIA A100-SXM4-40GB MIG 4g.20gb (0),1,,13,[CUDA memset]
1584577368,4352,17042,,,,,,,,,,0.000,18.382,Pinned,Device,NVIDIA A100-SXM4-40GB MIG 4g.20gb (0),1,,13,[CUDA memcpy Host-to-Device]
1584587608,18271,17043,,,,,,,,,,0.197,10760.552,Pinned,Device,NVIDIA A100-SXM4-40GB MIG 4g.20gb (0),1,,13,[CUDA memcpy Host-to-Device]
1584617463,10016,17044,273,1,1,48,1,1,40,0.000,0.001,,,,,NVIDIA A100-SXM4-40GB MIG 4g.20gb (0),1,,13,"void pusch_noise_intf_est::noiseIntfEstNoDftSOfdmKernel<float, __half, float, float, (unsigned int)2, (unsigned int)1, (unsigned char)4, (unsigned char)4>(pusch_noise_intf_est::puschRxNoiseIntfEstDynDescr)"
1584632119,3360,17055,35,1,1,128,1,1,16,0.000,0.000,,,,,NVIDIA A100-SXM4-40GB MIG 4g.20gb (0),1,,13,cupy_copy__complex64_complex64
1584640535,1728,17064,1,1,1,1,1,1,18,0.000,0.000,,,,,NVIDIA A100-SXM4-40GB MIG 4g.20gb (0),1,,13,cupy_copy__float32_float32
1584646551,5728,17070,,,,,,,,,,0.000,0.698,Device,Pageable,NVIDIA A100-SXM4-40GB MIG 4g.20gb (0),1,,7,[CUDA memcpy Device-to-Host]
1584723766,13184,17081,1434,1,1,128,1,1,16,0.000,0.000,,,,,NVIDIA A100-SXM4-40GB MIG 4g.20gb (0),1,,13,cupy_copy__complex64_complex64
1584756598,2944,17088,103,1,1,128,1,1,16,0.000,0.000,,,,,NVIDIA A100-SXM4-40GB MIG 4g.20gb (0),1,,13,cupy_copy__complex64_complex64
1584773365,2752,17095,35,1,1,128,1,1,16,0.000,0.000,,,,,NVIDIA A100-SXM4-40GB MIG 4g.20gb (0),1,,13,cupy_copy__complex64_complex64
1584788917,1888,17102,1,1,1,1,1,1,18,0.000,0.000,,,,,NVIDIA A100-SXM4-40GB MIG 4g.20gb (0),1,,13,cupy_copy__float32_float32
1584918196,82527,17113,1,1,1,32,32,1,30,0.000,0.000,,,,,NVIDIA A100-SXM4-40GB MIG 4g.20gb (0),1,,13,"void convert_kernel<__half2, float2>(tensor_layout_any, T1 *, tensor_layout_any, const T2 *)"
1585028338,5504,17116,,,,,,,,,,0.094,17023.251,Pinned,Device,NVIDIA A100-SXM4-40GB MIG 4g.20gb (0),1,,13,[CUDA memcpy Host-to-Device]
1585042578,3200,17117,,,,,,,,,,1.547,483320.000,Device,,NVIDIA A100-SXM4-40GB MIG 4g.20gb (0),1,,13,[CUDA memset]
1585049650,3040,17122,,,,,,,,,,0.031,10294.725,Pinned,Device,NVIDIA A100-SXM4-40GB MIG 4g.20gb (0),1,,13,[CUDA memcpy Host-to-Device]
1585055730,9856,17123,,,,,,,,,,0.197,19948.044,Pinned,Device,NVIDIA A100-SXM4-40GB MIG 4g.20gb (0),1,,13,[CUDA memcpy Host-to-Device]
1585070994,6144,17124,273,1,1,8,4,1,39,0.002,0.000,,,,,NVIDIA A100-SXM4-40GB MIG 4g.20gb (0),1,,13,"void channel_eq::eqMmseCoefCompLowMimoKernel<float, float, float, (unsigned int)4, (unsigned int)1, (unsigned int)4>(const channel_eq::_puschRxChEqStatDescr *, channel_eq::_puschRxChEqCoefCompDynDescr)"
1585078578,8064,17125,273,1,1,12,11,1,51,0.002,0.000,,,,,NVIDIA A100-SXM4-40GB MIG 4g.20gb (0),1,,13,"void channel_eq::eqMmseSoftDemapKernel<float, __half, __half, float, (unsigned int)4, (unsigned short)16383>(channel_eq::_puschRxChEqStatDescr *, channel_eq::_puschRxChEqSoftDemapDynDescr)"
1585088305,283293,17126,1,1,1,32,32,1,30,0.000,0.000,,,,,NVIDIA A100-SXM4-40GB MIG 4g.20gb (0),1,,13,"void convert_kernel<float2, __half2>(tensor_layout_any, T1 *, tensor_layout_any, const T2 *)"
1585373166,10976,17138,2253,1,1,128,1,1,16,0.000,0.000,,,,,NVIDIA A100-SXM4-40GB MIG 4g.20gb (0),1,,13,cupy_copy__float16_float16
1585386766,3616,17147,282,1,1,128,1,1,16,0.000,0.000,,,,,NVIDIA A100-SXM4-40GB MIG 4g.20gb (0),1,,13,cupy_copy__complex64_complex64
1585391950,2112,17156,26,1,1,128,1,1,16,0.000,0.000,,,,,NVIDIA A100-SXM4-40GB MIG 4g.20gb (0),1,,13,cupy_copy__float32_float32
1585395406,2880,17165,103,1,1,128,1,1,16,0.000,0.000,,,,,NVIDIA A100-SXM4-40GB MIG 4g.20gb (0),1,,13,cupy_copy__complex64_complex64
1585399342,11967,17175,1434,1,1,128,1,1,16,0.000,0.000,,,,,NVIDIA A100-SXM4-40GB MIG 4g.20gb (0),1,,13,cupy_copy__complex64_complex64
1585420685,82495,17180,1,1,1,32,32,1,30,0.000,0.000,,,,,NVIDIA A100-SXM4-40GB MIG 4g.20gb (0),1,,13,"void convert_kernel<__half2, float2>(tensor_layout_any, T1 *, tensor_layout_any, const T2 *)"
1585530540,5536,17183,,,,,,,,,,0.094,16924.777,Pinned,Device,NVIDIA A100-SXM4-40GB MIG 4g.20gb (0),1,,13,[CUDA memcpy Host-to-Device]
1585540684,597400,17184,,,,,,,,,,456.561,763827.289,Device,,NVIDIA A100-SXM4-40GB MIG 4g.20gb (0),1,,13,[CUDA memset]
1586150628,119455,17189,,,,,,,,,,1.235,10337.716,Pinned,Device,NVIDIA A100-SXM4-40GB MIG 4g.20gb (0),1,,13,[CUDA memcpy Host-to-Device]
1586279395,34975,17190,,,,,,,,,,0.197,5621.219,Pinned,Device,NVIDIA A100-SXM4-40GB MIG 4g.20gb (0),1,,13,[CUDA memcpy Host-to-Device]
1586330754,8192,17191,69,4,1,48,1,1,76,0.002,0.000,,,,,NVIDIA A100-SXM4-40GB MIG 4g.20gb (0),1,,13,"void ch_est::windowedChEstPreNoDftSOfdmKernel<float, __half, float, (unsigned int)2, (unsigned int)1, (unsigned short)4>(ch_est::puschRxChEstStatDescr_t *, ch_est::puschRxChEstDynDescr_t *)"
1586342498,7296,17192,137,2,1,24,2,1,44,0.001,0.001,,,,,NVIDIA A100-SXM4-40GB MIG 4g.20gb (0),1,,13,"void ch_est::chEstFilterNoDftSOfdmDispatchKernel<float, __half, float, (unsigned int)2>(ch_est::puschRxChEstStatDescr_t *, ch_est::puschRxChEstDynDescr_t *)"
1586362274,4736,17193,137,2,1,24,2,1,44,0.001,0.001,,,,,NVIDIA A100-SXM4-40GB MIG 4g.20gb (0),1,,13,"void ch_est::chEstFilterNoDftSOfdmDispatchKernel<float, __half, float, (unsigned int)2>(ch_est::puschRxChEstStatDescr_t *, ch_est::puschRxChEstDynDescr_t *)"
1586375106,2560,17204,103,1,1,128,1,1,16,0.000,0.000,,,,,NVIDIA A100-SXM4-40GB MIG 4g.20gb (0),1,,13,cupy_copy__complex64_complex64
1586387745,12416,17214,1434,1,1,128,1,1,16,0.000,0.000,,,,,NVIDIA A100-SXM4-40GB MIG 4g.20gb (0),1,,13,cupy_copy__complex64_complex64
1586402977,2464,17221,103,1,1,128,1,1,16,0.000,0.000,,,,,NVIDIA A100-SXM4-40GB MIG 4g.20gb (0),1,,13,cupy_copy__complex64_complex64
1586424097,84191,17228,1,1,1,32,32,1,30,0.000,0.000,,,,,NVIDIA A100-SXM4-40GB MIG 4g.20gb (0),1,,13,"void convert_kernel<__half2, float2>(tensor_layout_any, T1 *, tensor_layout_any, const T2 *)"
1586540287,22272,17231,,,,,,,,,,0.094,4206.857,Pinned,Device,NVIDIA A100-SXM4-40GB MIG 4g.20gb (0),1,,13,[CUDA memcpy Host-to-Device]
1586578751,47007,17232,,,,,,,,,,35.810,761784.428,Device,,NVIDIA A100-SXM4-40GB MIG 4g.20gb (0),1,,13,[CUDA memset]
1586637790,13248,17234,,,,,,,,,,0.000,6.039,Pinned,Device,NVIDIA A100-SXM4-40GB MIG 4g.20gb (0),1,,13,[CUDA memcpy Host-to-Device]
1586658590,28608,17235,,,,,,,,,,0.197,6872.433,Pinned,Device,NVIDIA A100-SXM4-40GB MIG 4g.20gb (0),1,,13,[CUDA memcpy Host-to-Device]
1586723165,9632,17236,273,1,1,48,1,1,40,0.000,0.001,,,,,NVIDIA A100-SXM4-40GB MIG 4g.20gb (0),1,,13,"void pusch_noise_intf_est::noiseIntfEstNoDftSOfdmKernel<float, __half, float, float, (unsigned int)2, (unsigned int)1, (unsigned char)4, (unsigned char)4>(pusch_noise_intf_est::puschRxNoiseIntfEstDynDescr)"
1586740253,2912,17247,35,1,1,128,1,1,16,0.000,0.000,,,,,NVIDIA A100-SXM4-40GB MIG 4g.20gb (0),1,,13,cupy_copy__complex64_complex64
1586756989,1760,17256,1,1,1,1,1,1,18,0.000,0.000,,,,,NVIDIA A100-SXM4-40GB MIG 4g.20gb (0),1,,13,cupy_copy__float32_float32
1586766653,6432,17262,,,,,,,,,,0.000,0.622,Device,Pageable,NVIDIA A100-SXM4-40GB MIG 4g.20gb (0),1,,7,[CUDA memcpy Device-to-Host]
1586864955,12864,17273,1434,1,1,128,1,1,16,0.000,0.000,,,,,NVIDIA A100-SXM4-40GB MIG 4g.20gb (0),1,,13,cupy_copy__complex64_complex64
1586901787,3392,17280,103,1,1,128,1,1,16,0.000,0.000,,,,,NVIDIA A100-SXM4-40GB MIG 4g.20gb (0),1,,13,cupy_copy__complex64_complex64
1586919643,2176,17287,35,1,1,128,1,1,16,0.000,0.000,,,,,NVIDIA A100-SXM4-40GB MIG 4g.20gb (0),1,,13,cupy_copy__complex64_complex64
1586923387,1760,17294,1,1,1,1,1,1,18,0.000,0.000,,,,,NVIDIA A100-SXM4-40GB MIG 4g.20gb (0),1,,13,cupy_copy__float32_float32
1587058105,83487,17305,1,1,1,32,32,1,30,0.000,0.000,,,,,NVIDIA A100-SXM4-40GB MIG 4g.20gb (0),1,,13,"void convert_kernel<__half2, float2>(tensor_layout_any, T1 *, tensor_layout_any, const T2 *)"
1587172920,5952,17308,,,,,,,,,,0.094,15741.865,Pinned,Device,NVIDIA A100-SXM4-40GB MIG 4g.20gb (0),1,,13,[CUDA memcpy Host-to-Device]
1587192727,3392,17309,,,,,,,,,,1.547,455961.768,Device,,NVIDIA A100-SXM4-40GB MIG 4g.20gb (0),1,,13,[CUDA memset]
1587200503,7360,17314,,,,,,,,,,0.031,4252.156,Pinned,Device,NVIDIA A100-SXM4-40GB MIG 4g.20gb (0),1,,13,[CUDA memcpy Host-to-Device]
1587214743,12928,17315,,,,,,,,,,0.197,15207.825,Pinned,Device,NVIDIA A100-SXM4-40GB MIG 4g.20gb (0),1,,13,[CUDA memcpy Host-to-Device]
1587240535,5920,17316,273,1,1,8,4,1,39,0.002,0.000,,,,,NVIDIA A100-SXM4-40GB MIG 4g.20gb (0),1,,13,"void channel_eq::eqMmseCoefCompLowMimoKernel<float, float, float, (unsigned int)4, (unsigned int)1, (unsigned int)4>(const channel_eq::_puschRxChEqStatDescr *, channel_eq::_puschRxChEqCoefCompDynDescr)"
1587248567,5664,17317,273,1,1,12,11,1,51,0.002,0.000,,,,,NVIDIA A100-SXM4-40GB MIG 4g.20gb (0),1,,13,"void channel_eq::eqMmseSoftDemapKernel<float, __half, __half, float, (unsigned int)4, (unsigned short)16383>(channel_eq::_puschRxChEqStatDescr *, channel_eq::_puschRxChEqSoftDemapDynDescr)"
1587256407,290972,17318,1,1,1,32,32,1,30,0.000,0.000,,,,,NVIDIA A100-SXM4-40GB MIG 4g.20gb (0),1,,13,"void convert_kernel<float2, __half2>(tensor_layout_any, T1 *, tensor_layout_any, const T2 *)"
1587548435,11040,17330,2253,1,1,128,1,1,16,0.000,0.000,,,,,NVIDIA A100-SXM4-40GB MIG 4g.20gb (0),1,,13,cupy_copy__float16_float16
1587563379,2624,17339,282,1,1,128,1,1,16,0.000,0.000,,,,,NVIDIA A100-SXM4-40GB MIG 4g.20gb (0),1,,13,cupy_copy__complex64_complex64
1587569427,2048,17348,26,1,1,128,1,1,16,0.000,0.000,,,,,NVIDIA A100-SXM4-40GB MIG 4g.20gb (0),1,,13,cupy_copy__float32_float32
1587572595,3008,17357,103,1,1,128,1,1,16,0.000,0.000,,,,,NVIDIA A100-SXM4-40GB MIG 4g.20gb (0),1,,13,cupy_copy__complex64_complex64
1587577779,11935,17367,1434,1,1,128,1,1,16,0.000,0.000,,,,,NVIDIA A100-SXM4-40GB MIG 4g.20gb (0),1,,13,cupy_copy__complex64_complex64
1587591922,83263,17372,1,1,1,32,32,1,30,0.000,0.000,,,,,NVIDIA A100-SXM4-40GB MIG 4g.20gb (0),1,,13,"void convert_kernel<__half2, float2>(tensor_layout_any, T1 *, tensor_layout_any, const T2 *)"
1587702417,5568,17375,,,,,,,,,,0.094,16827.521,Pinned,Device,NVIDIA A100-SXM4-40GB MIG 4g.20gb (0),1,,13,[CUDA memcpy Host-to-Device]
1587715153,599097,17376,,,,,,,,,,456.561,762001.043,Device,,NVIDIA A100-SXM4-40GB MIG 4g.20gb (0),1,,13,[CUDA memset]
1588319849,103039,17381,,,,,,,,,,1.235,11985.132,Pinned,Device,NVIDIA A100-SXM4-40GB MIG 4g.20gb (0),1,,13,[CUDA memcpy Host-to-Device]
1588430216,16064,17382,,,,,,,,,,0.197,12238.848,Pinned,Device,NVIDIA A100-SXM4-40GB MIG 4g.20gb (0),1,,13,[CUDA memcpy Host-to-Device]
1588456232,8768,17383,69,4,1,48,1,1,76,0.002,0.000,,,,,NVIDIA A100-SXM4-40GB MIG 4g.20gb (0),1,,13,"void ch_est::windowedChEstPreNoDftSOfdmKernel<float, __half, float, (unsigned int)2, (unsigned int)1, (unsigned short)4>(ch_est::puschRxChEstStatDescr_t *, ch_est::puschRxChEstDynDescr_t *)"
1588471496,6495,17384,137,2,1,24,2,1,44,0.001,0.001,,,,,NVIDIA A100-SXM4-40GB MIG 4g.20gb (0),1,,13,"void ch_est::chEstFilterNoDftSOfdmDispatchKernel<float, __half, float, (unsigned int)2>(ch_est::puschRxChEstStatDescr_t *, ch_est::puschRxChEstDynDescr_t *)"
1588479463,6272,17385,137,2,1,24,2,1,44,0.001,0.001,,,,,NVIDIA A100-SXM4-40GB MIG 4g.20gb (0),1,,13,"void ch_est::chEstFilterNoDftSOfdmDispatchKernel<float, __half, float, (unsigned int)2>(ch_est::puschRxChEstStatDescr_t *, ch_est::puschRxChEstDynDescr_t *)"
1588487111,2912,17396,103,1,1,128,1,1,16,0.000,0.000,,,,,NVIDIA A100-SXM4-40GB MIG 4g.20gb (0),1,,13,cupy_copy__complex64_complex64
1588494791,12608,17406,1434,1,1,128,1,1,16,0.000,0.000,,,,,NVIDIA A100-SXM4-40GB MIG 4g.20gb (0),1,,13,cupy_copy__complex64_complex64
1588509863,2560,17413,103,1,1,128,1,1,16,0.000,0.000,,,,,NVIDIA A100-SXM4-40GB MIG 4g.20gb (0),1,,13,cupy_copy__complex64_complex64
1588519527,82495,17420,1,1,1,32,32,1,30,0.000,0.000,,,,,NVIDIA A100-SXM4-40GB MIG 4g.20gb (0),1,,13,"void convert_kernel<__half2, float2>(tensor_layout_any, T1 *, tensor_layout_any, const T2 *)"
1588632454,14847,17423,,,,,,,,,,0.094,6310.707,Pinned,Device,NVIDIA A100-SXM4-40GB MIG 4g.20gb (0),1,,13,[CUDA memcpy Host-to-Device]
1588652933,47808,17424,,,,,,,,,,35.810,749036.097,Device,,NVIDIA A100-SXM4-40GB MIG 4g.20gb (0),1,,13,[CUDA memset]
1588707205,4384,17426,,,,,,,,,,0.000,18.248,Pinned,Device,NVIDIA A100-SXM4-40GB MIG 4g.20gb (0),1,,13,[CUDA memcpy Host-to-Device]
1588719972,20064,17427,,,,,,,,,,0.197,9798.943,Pinned,Device,NVIDIA A100-SXM4-40GB MIG 4g.20gb (0),1,,13,[CUDA memcpy Host-to-Device]
1588761476,8832,17428,273,1,1,48,1,1,40,0.000,0.001,,,,,NVIDIA A100-SXM4-40GB MIG 4g.20gb (0),1,,13,"void pusch_noise_intf_est::noiseIntfEstNoDftSOfdmKernel<float, __half, float, float, (unsigned int)2, (unsigned int)1, (unsigned char)4, (unsigned char)4>(pusch_noise_intf_est::puschRxNoiseIntfEstDynDescr)"
1588780292,2592,17439,35,1,1,128,1,1,16,0.000,0.000,,,,,NVIDIA A100-SXM4-40GB MIG 4g.20gb (0),1,,13,cupy_copy__complex64_complex64
1588790948,1728,17448,1,1,1,1,1,1,18,0.000,0.000,,,,,NVIDIA A100-SXM4-40GB MIG 4g.20gb (0),1,,13,cupy_copy__float32_float32
1588800291,3904,17454,,,,,,,,,,0.000,1.025,Device,Pageable,NVIDIA A100-SXM4-40GB MIG 4g.20gb (0),1,,7,[CUDA memcpy Device-to-Host]
1588869315,12991,17465,1434,1,1,128,1,1,16,0.000,0.000,,,,,NVIDIA A100-SXM4-40GB MIG 4g.20gb (0),1,,13,cupy_copy__complex64_complex64
1588895842,3264,17472,103,1,1,128,1,1,16,0.000,0.000,,,,,NVIDIA A100-SXM4-40GB MIG 4g.20gb (0),1,,13,cupy_copy__complex64_complex64
1588916258,2272,17479,35,1,1,128,1,1,16,0.000,0.000,,,,,NVIDIA A100-SXM4-40GB MIG 4g.20gb (0),1,,13,cupy_copy__complex64_complex64
1588934530,1920,17486,1,1,1,1,1,1,18,0.000,0.000,,,,,NVIDIA A100-SXM4-40GB MIG 4g.20gb (0),1,,13,cupy_copy__float32_float32
1589066432,81983,17497,1,1,1,32,32,1,30,0.000,0.000,,,,,NVIDIA A100-SXM4-40GB MIG 4g.20gb (0),1,,13,"void convert_kernel<__half2, float2>(tensor_layout_any, T1 *, tensor_layout_any, const T2 *)"
1589176063,5728,17500,,,,,,,,,,0.094,16357.541,Pinned,Device,NVIDIA A100-SXM4-40GB MIG 4g.20gb (0),1,,13,[CUDA memcpy Host-to-Device]
1589190911,3456,17501,,,,,,,,,,1.547,447517.201,Device,,NVIDIA A100-SXM4-40GB MIG 4g.20gb (0),1,,13,[CUDA memset]
1589197567,3072,17506,,,,,,,,,,0.031,10187.474,Pinned,Device,NVIDIA A100-SXM4-40GB MIG 4g.20gb (0),1,,13,[CUDA memcpy Host-to-Device]
1589203550,9568,17507,,,,,,,,,,0.197,20548.485,Pinned,Device,NVIDIA A100-SXM4-40GB MIG 4g.20gb (0),1,,13,[CUDA memcpy Host-to-Device]
1589217918,8224,17508,273,1,1,8,4,1,39,0.002,0.000,,,,,NVIDIA A100-SXM4-40GB MIG 4g.20gb (0),1,,13,"void channel_eq::eqMmseCoefCompLowMimoKernel<float, float, float, (unsigned int)4, (unsigned int)1, (unsigned int)4>(const channel_eq::_puschRxChEqStatDescr *, channel_eq::_puschRxChEqCoefCompDynDescr)"
1589228798,5760,17509,273,1,1,12,11,1,51,0.002,0.000,,,,,NVIDIA A100-SXM4-40GB MIG 4g.20gb (0),1,,13,"void channel_eq::eqMmseSoftDemapKernel<float, __half, __half, float, (unsigned int)4, (unsigned short)16383>(channel_eq::_puschRxChEqStatDescr *, channel_eq::_puschRxChEqSoftDemapDynDescr)"
1589235550,282397,17510,1,1,1,32,32,1,30,0.000,0.000,,,,,NVIDIA A100-SXM4-40GB MIG 4g.20gb (0),1,,13,"void convert_kernel<float2, __half2>(tensor_layout_any, T1 *, tensor_layout_any, const T2 *)"
1589519035,11071,17522,2253,1,1,128,1,1,16,0.000,0.000,,,,,NVIDIA A100-SXM4-40GB MIG 4g.20gb (0),1,,13,cupy_copy__float16_float16
1589532890,2976,17531,282,1,1,128,1,1,16,0.000,0.000,,,,,NVIDIA A100-SXM4-40GB MIG 4g.20gb (0),1,,13,cupy_copy__complex64_complex64
1589537466,1984,17540,26,1,1,128,1,1,16,0.000,0.000,,,,,NVIDIA A100-SXM4-40GB MIG 4g.20gb (0),1,,13,cupy_copy__float32_float32
1589540666,3232,17549,103,1,1,128,1,1,16,0.000,0.000,,,,,NVIDIA A100-SXM4-40GB MIG 4g.20gb (0),1,,13,cupy_copy__complex64_complex64
1589547226,12224,17559,1434,1,1,128,1,1,16,0.000,0.000,,,,,NVIDIA A100-SXM4-40GB MIG 4g.20gb (0),1,,13,cupy_copy__complex64_complex64
1589566554,87871,17564,1,1,1,32,32,1,30,0.000,0.000,,,,,NVIDIA A100-SXM4-40GB MIG 4g.20gb (0),1,,13,"void convert_kernel<__half2, float2>(tensor_layout_any, T1 *, tensor_layout_any, const T2 *)"
1589681881,6207,17567,,,,,,,,,,0.094,15095.175,Pinned,Device,NVIDIA A100-SXM4-40GB MIG 4g.20gb (0),1,,13,[CUDA memcpy Host-to-Device]
1589692056,596697,17568,,,,,,,,,,456.561,764740.412,Device,,NVIDIA A100-SXM4-40GB MIG 4g.20gb (0),1,,13,[CUDA memset]
1590292881,127102,17573,,,,,,,,,,1.235,9715.304,Pinned,Device,NVIDIA A100-SXM4-40GB MIG 4g.20gb (0),1,,13,[CUDA memcpy Host-to-Device]
1590433039,40832,17574,,,,,,,,,,0.197,4814.930,Pinned,Device,NVIDIA A100-SXM4-40GB MIG 4g.20gb (0),1,,13,[CUDA memcpy Host-to-Device]
1590503310,8224,17575,69,4,1,48,1,1,76,0.002,0.000,,,,,NVIDIA A100-SXM4-40GB MIG 4g.20gb (0),1,,13,"void ch_est::windowedChEstPreNoDftSOfdmKernel<float, __half, float, (unsigned int)2, (unsigned int)1, (unsigned short)4>(ch_est::puschRxChEstStatDescr_t *, ch_est::puschRxChEstDynDescr_t *)"
1590520974,6816,17576,137,2,1,24,2,1,44,0.001,0.001,,,,,NVIDIA A100-SXM4-40GB MIG 4g.20gb (0),1,,13,"void ch_est::chEstFilterNoDftSOfdmDispatchKernel<float, __half, float, (unsigned int)2>(ch_est::puschRxChEstStatDescr_t *, ch_est::puschRxChEstDynDescr_t *)"
1590538574,4736,17577,137,2,1,24,2,1,44,0.001,0.001,,,,,NVIDIA A100-SXM4-40GB MIG 4g.20gb (0),1,,13,"void ch_est::chEstFilterNoDftSOfdmDispatchKernel<float, __half, float, (unsigned int)2>(ch_est::puschRxChEstStatDescr_t *, ch_est::puschRxChEstDynDescr_t *)"
1590556302,2688,17588,103,1,1,128,1,1,16,0.000,0.000,,,,,NVIDIA A100-SXM4-40GB MIG 4g.20gb (0),1,,13,cupy_copy__complex64_complex64
1590571790,12383,17598,1434,1,1,128,1,1,16,0.000,0.000,,,,,NVIDIA A100-SXM4-40GB MIG 4g.20gb (0),1,,13,cupy_copy__complex64_complex64
1590604941,2656,17605,103,1,1,128,1,1,16,0.000,0.000,,,,,NVIDIA A100-SXM4-40GB MIG 4g.20gb (0),1,,13,cupy_copy__complex64_complex64
1590617549,82111,17612,1,1,1,32,32,1,30,0.000,0.000,,,,,NVIDIA A100-SXM4-40GB MIG 4g.20gb (0),1,,13,"void convert_kernel<__half2, float2>(tensor_layout_any, T1 *, tensor_layout_any, const T2 *)"
1590732812,13695,17615,,,,,,,,,,0.094,6841.588,Pinned,Device,NVIDIA A100-SXM4-40GB MIG 4g.20gb (0),1,,13,[CUDA memcpy Host-to-Device]
1590751435,46944,17616,,,,,,,,,,35.810,762787.106,Device,,NVIDIA A100-SXM4-40GB MIG 4g.20gb (0),1,,13,[CUDA memset]
1590801323,7520,17618,,,,,,,,,,0.000,10.638,Pinned,Device,NVIDIA A100-SXM4-40GB MIG 4g.20gb (0),1,,13,[CUDA memcpy Host-to-Device]
1590814027,17407,17619,,,,,,,,,,0.197,11294.736,Pinned,Device,NVIDIA A100-SXM4-40GB MIG 4g.20gb (0),1,,13,[CUDA memcpy Host-to-Device]
1590851722,9952,17620,273,1,1,48,1,1,40,0.000,0.001,,,,,NVIDIA A100-SXM4-40GB MIG 4g.20gb (0),1,,13,"void pusch_noise_intf_est::noiseIntfEstNoDftSOfdmKernel<float, __half, float, float, (unsigned int)2, (unsigned int)1, (unsigned char)4, (unsigned char)4>(pusch_noise_intf_est::puschRxNoiseIntfEstDynDescr)"
1590869226,2720,17631,35,1,1,128,1,1,16,0.000,0.000,,,,,NVIDIA A100-SXM4-40GB MIG 4g.20gb (0),1,,13,cupy_copy__complex64_complex64
1590878410,1792,17640,1,1,1,1,1,1,18,0.000,0.000,,,,,NVIDIA A100-SXM4-40GB MIG 4g.20gb (0),1,,13,cupy_copy__float32_float32
1590894634,6047,17646,,,,,,,,,,0.000,0.661,Device,Pageable,NVIDIA A100-SXM4-40GB MIG 4g.20gb (0),1,,7,[CUDA memcpy Device-to-Host]
1590978472,12928,17657,1434,1,1,128,1,1,16,0.000,0.000,,,,,NVIDIA A100-SXM4-40GB MIG 4g.20gb (0),1,,13,cupy_copy__complex64_complex64
1591007208,2688,17664,103,1,1,128,1,1,16,0.000,0.000,,,,,NVIDIA A100-SXM4-40GB MIG 4g.20gb (0),1,,13,cupy_copy__complex64_complex64
1591027208,2304,17671,35,1,1,128,1,1,16,0.000,0.000,,,,,NVIDIA A100-SXM4-40GB MIG 4g.20gb (0),1,,13,cupy_copy__complex64_complex64
1591039528,1856,17678,1,1,1,1,1,1,18,0.000,0.000,,,,,NVIDIA A100-SXM4-40GB MIG 4g.20gb (0),1,,13,cupy_copy__float32_float32
1591173926,88479,17689,1,1,1,32,32,1,30,0.000,0.000,,,,,NVIDIA A100-SXM4-40GB MIG 4g.20gb (0),1,,13,"void convert_kernel<__half2, float2>(tensor_layout_any, T1 *, tensor_layout_any, const T2 *)"
1591293765,5824,17692,,,,,,,,,,0.094,16087.884,Pinned,Device,NVIDIA A100-SXM4-40GB MIG 4g.20gb (0),1,,13,[CUDA memcpy Host-to-Device]
1591308196,3424,17693,,,,,,,,,,1.547,451700.819,Device,,NVIDIA A100-SXM4-40GB MIG 4g.20gb (0),1,,13,[CUDA memset]
1591315396,3136,17698,,,,,,,,,,0.031,9979.575,Pinned,Device,NVIDIA A100-SXM4-40GB MIG 4g.20gb (0),1,,13,[CUDA memcpy Host-to-Device]
1591321028,9440,17699,,,,,,,,,,0.197,20827.079,Pinned,Device,NVIDIA A100-SXM4-40GB MIG 4g.20gb (0),1,,13,[CUDA memcpy Host-to-Device]
1591333892,6464,17700,273,1,1,8,4,1,39,0.002,0.000,,,,,NVIDIA A100-SXM4-40GB MIG 4g.20gb (0),1,,13,"void channel_eq::eqMmseCoefCompLowMimoKernel<float, float, float, (unsigned int)4, (unsigned int)1, (unsigned int)4>(const channel_eq::_puschRxChEqStatDescr *, channel_eq::_puschRxChEqCoefCompDynDescr)"
1591341284,6272,17701,273,1,1,12,11,1,51,0.002,0.000,,,,,NVIDIA A100-SXM4-40GB MIG 4g.20gb (0),1,,13,"void channel_eq::eqMmseSoftDemapKernel<float, __half, __half, float, (unsigned int)4, (unsigned short)16383>(channel_eq::_puschRxChEqStatDescr *, channel_eq::_puschRxChEqSoftDemapDynDescr)"
1591348676,282268,17702,1,1,1,32,32,1,30,0.000,0.000,,,,,NVIDIA A100-SXM4-40GB MIG 4g.20gb (0),1,,13,"void convert_kernel<float2, __half2>(tensor_layout_any, T1 *, tensor_layout_any, const T2 *)"
1591632384,11072,17714,2253,1,1,128,1,1,16,0.000,0.000,,,,,NVIDIA A100-SXM4-40GB MIG 4g.20gb (0),1,,13,cupy_copy__float16_float16
1591646656,2912,17723,282,1,1,128,1,1,16,0.000,0.000,,,,,NVIDIA A100-SXM4-40GB MIG 4g.20gb (0),1,,13,cupy_copy__complex64_complex64
1591653408,2016,17732,26,1,1,128,1,1,16,0.000,0.000,,,,,NVIDIA A100-SXM4-40GB MIG 4g.20gb (0),1,,13,cupy_copy__float32_float32
1591656576,2880,17741,103,1,1,128,1,1,16,0.000,0.000,,,,,NVIDIA A100-SXM4-40GB MIG 4g.20gb (0),1,,13,cupy_copy__complex64_complex64
1591662048,12096,17751,1434,1,1,128,1,1,16,0.000,0.000,,,,,NVIDIA A100-SXM4-40GB MIG 4g.20gb (0),1,,13,cupy_copy__complex64_complex64
1591684128,83231,17756,1,1,1,32,32,1,30,0.000,0.000,,,,,NVIDIA A100-SXM4-40GB MIG 4g.20gb (0),1,,13,"void convert_kernel<__half2, float2>(tensor_layout_any, T1 *, tensor_layout_any, const T2 *)"
1591794750,5664,17759,,,,,,,,,,0.094,16542.310,Pinned,Device,NVIDIA A100-SXM4-40GB MIG 4g.20gb (0),1,,13,[CUDA memcpy Host-to-Device]
1591805214,597625,17760,,,,,,,,,,456.561,763827.289,Device,,NVIDIA A100-SXM4-40GB MIG 4g.20gb (0),1,,13,[CUDA memset]
1592408887,143582,17765,,,,,,,,,,1.235,8600.150,Pinned,Device,NVIDIA A100-SXM4-40GB MIG 4g.20gb (0),1,,13,[CUDA memcpy Host-to-Device]
1592565589,36863,17766,,,,,,,,,,0.197,5333.385,Pinned,Device,NVIDIA A100-SXM4-40GB MIG 4g.20gb (0),1,,13,[CUDA memcpy Host-to-Device]
1592624724,8352,17767,69,4,1,48,1,1,76,0.002,0.000,,,,,NVIDIA A100-SXM4-40GB MIG 4g.20gb (0),1,,13,"void ch_est::windowedChEstPreNoDftSOfdmKernel<float, __half, float, (unsigned int)2, (unsigned int)1, (unsigned short)4>(ch_est::puschRxChEstStatDescr_t *, ch_est::puschRxChEstDynDescr_t *)"
1592638676,6976,17768,137,2,1,24,2,1,44,0.001,0.001,,,,,NVIDIA A100-SXM4-40GB MIG 4g.20gb (0),1,,13,"void ch_est::chEstFilterNoDftSOfdmDispatchKernel<float, __half, float, (unsigned int)2>(ch_est::puschRxChEstStatDescr_t *, ch_est::puschRxChEstDynDescr_t *)"
1592654676,4672,17769,137,2,1,24,2,1,44,0.001,0.001,,,,,NVIDIA A100-SXM4-40GB MIG 4g.20gb (0),1,,13,"void ch_est::chEstFilterNoDftSOfdmDispatchKernel<float, __half, float, (unsigned int)2>(ch_est::puschRxChEstStatDescr_t *, ch_est::puschRxChEstDynDescr_t *)"
1592666772,2496,17780,103,1,1,128,1,1,16,0.000,0.000,,,,,NVIDIA A100-SXM4-40GB MIG 4g.20gb (0),1,,13,cupy_copy__complex64_complex64
1592680979,12576,17790,1434,1,1,128,1,1,16,0.000,0.000,,,,,NVIDIA A100-SXM4-40GB MIG 4g.20gb (0),1,,13,cupy_copy__complex64_complex64
1592706451,2496,17797,103,1,1,128,1,1,16,0.000,0.000,,,,,NVIDIA A100-SXM4-40GB MIG 4g.20gb (0),1,,13,cupy_copy__complex64_complex64
1592726067,86079,17804,1,1,1,32,32,1,30,0.000,0.000,,,,,NVIDIA A100-SXM4-40GB MIG 4g.20gb (0),1,,13,"void convert_kernel<__half2, float2>(tensor_layout_any, T1 *, tensor_layout_any, const T2 *)"
1592845713,16256,17807,,,,,,,,,,0.094,5763.709,Pinned,Device,NVIDIA A100-SXM4-40GB MIG 4g.20gb (0),1,,13,[CUDA memcpy Host-to-Device]
1592871793,47327,17808,,,,,,,,,,35.810,756627.800,Device,,NVIDIA A100-SXM4-40GB MIG 4g.20gb (0),1,,13,[CUDA memset]
1592923664,8992,17810,,,,,,,,,,0.000,8.897,Pinned,Device,NVIDIA A100-SXM4-40GB MIG 4g.20gb (0),1,,13,[CUDA memcpy Host-to-Device]
1592937008,14272,17811,,,,,,,,,,0.197,13775.733,Pinned,Device,NVIDIA A100-SXM4-40GB MIG 4g.20gb (0),1,,13,[CUDA memcpy Host-to-Device]
1592966608,9600,17812,273,1,1,48,1,1,40,0.000,0.001,,,,,NVIDIA A100-SXM4-40GB MIG 4g.20gb (0),1,,13,"void pusch_noise_intf_est::noiseIntfEstNoDftSOfdmKernel<float, __half, float, float, (unsigned int)2, (unsigned int)1, (unsigned char)4, (unsigned char)4>(pusch_noise_intf_est::puschRxNoiseIntfEstDynDescr)"
1592979664,2720,17823,35,1,1,128,1,1,16,0.000,0.000,,,,,NVIDIA A100-SXM4-40GB MIG 4g.20gb (0),1,,13,cupy_copy__complex64_complex64
1592986992,2336,17832,1,1,1,1,1,1,18,0.000,0.000,,,,,NVIDIA A100-SXM4-40GB MIG 4g.20gb (0),1,,13,cupy_copy__float32_float32
1592992752,4767,17838,,,,,,,,,,0.000,0.839,Device,Pageable,NVIDIA A100-SXM4-40GB MIG 4g.20gb (0),1,,7,[CUDA memcpy Device-to-Host]
1593065167,13279,17849,1434,1,1,128,1,1,16,0.000,0.000,,,,,NVIDIA A100-SXM4-40GB MIG 4g.20gb (0),1,,13,cupy_copy__complex64_complex64
1593091406,2976,17856,103,1,1,128,1,1,16,0.000,0.000,,,,,NVIDIA A100-SXM4-40GB MIG 4g.20gb (0),1,,13,cupy_copy__complex64_complex64
1593112302,2720,17863,35,1,1,128,1,1,16,0.000,0.000,,,,,NVIDIA A100-SXM4-40GB MIG 4g.20gb (0),1,,13,cupy_copy__complex64_complex64
1593126222,1792,17870,1,1,1,1,1,1,18,0.000,0.000,,,,,NVIDIA A100-SXM4-40GB MIG 4g.20gb (0),1,,13,cupy_copy__float32_float32
1593261132,82783,17881,1,1,1,32,32,1,30,0.000,0.000,,,,,NVIDIA A100-SXM4-40GB MIG 4g.20gb (0),1,,13,"void convert_kernel<__half2, float2>(tensor_layout_any, T1 *, tensor_layout_any, const T2 *)"
1593371243,5472,17884,,,,,,,,,,0.094,17122.757,Pinned,Device,NVIDIA A100-SXM4-40GB MIG 4g.20gb (0),1,,13,[CUDA memcpy Host-to-Device]
1593386315,3296,17885,,,,,,,,,,1.547,469242.628,Device,,NVIDIA A100-SXM4-40GB MIG 4g.20gb (0),1,,13,[CUDA memset]
1593392971,3040,17890,,,,,,,,,,0.031,10294.725,Pinned,Device,NVIDIA A100-SXM4-40GB MIG 4g.20gb (0),1,,13,[CUDA memcpy Host-to-Device]
1593398891,10527,17891,,,,,,,,,,0.197,18676.384,Pinned,Device,NVIDIA A100-SXM4-40GB MIG 4g.20gb (0),1,,13,[CUDA memcpy Host-to-Device]
1593413514,8224,17892,273,1,1,8,4,1,39,0.002,0.000,,,,,NVIDIA A100-SXM4-40GB MIG 4g.20gb (0),1,,13,"void channel_eq::eqMmseCoefCompLowMimoKernel<float, float, float, (unsigned int)4, (unsigned int)1, (unsigned int)4>(const channel_eq::_puschRxChEqStatDescr *, channel_eq::_puschRxChEqCoefCompDynDescr)"
1593424490,5664,17893,273,1,1,12,11,1,51,0.002,0.000,,,,,NVIDIA A100-SXM4-40GB MIG 4g.20gb (0),1,,13,"void channel_eq::eqMmseSoftDemapKernel<float, __half, __half, float, (unsigned int)4, (unsigned short)16383>(channel_eq::_puschRxChEqStatDescr *, channel_eq::_puschRxChEqSoftDemapDynDescr)"
1593432170,282781,17894,1,1,1,32,32,1,30,0.000,0.000,,,,,NVIDIA A100-SXM4-40GB MIG 4g.20gb (0),1,,13,"void convert_kernel<float2, __half2>(tensor_layout_any, T1 *, tensor_layout_any, const T2 *)"
1593717607,11071,17906,2253,1,1,128,1,1,16,0.000,0.000,,,,,NVIDIA A100-SXM4-40GB MIG 4g.20gb (0),1,,13,cupy_copy__float16_float16
1593730630,3040,17915,282,1,1,128,1,1,16,0.000,0.000,,,,,NVIDIA A100-SXM4-40GB MIG 4g.20gb (0),1,,13,cupy_copy__complex64_complex64
1593736902,2144,17924,26,1,1,128,1,1,16,0.000,0.000,,,,,NVIDIA A100-SXM4-40GB MIG 4g.20gb (0),1,,13,cupy_copy__float32_float32
1593742342,2784,17933,103,1,1,128,1,1,16,0.000,0.000,,,,,NVIDIA A100-SXM4-40GB MIG 4g.20gb (0),1,,13,cupy_copy__complex64_complex64
1593749638,11968,17943,1434,1,1,128,1,1,16,0.000,0.000,,,,,NVIDIA A100-SXM4-40GB MIG 4g.20gb (0),1,,13,cupy_copy__complex64_complex64
1593764838,81695,17948,1,1,1,32,32,1,30,0.000,0.000,,,,,NVIDIA A100-SXM4-40GB MIG 4g.20gb (0),1,,13,"void convert_kernel<__half2, float2>(tensor_layout_any, T1 *, tensor_layout_any, const T2 *)"
1593874181,5984,17951,,,,,,,,,,0.094,15657.726,Pinned,Device,NVIDIA A100-SXM4-40GB MIG 4g.20gb (0),1,,13,[CUDA memcpy Host-to-Device]
1593883844,598329,17952,,,,,,,,,,456.561,762914.166,Device,,NVIDIA A100-SXM4-40GB MIG 4g.20gb (0),1,,13,[CUDA memset]
1594485949,154814,17957,,,,,,,,,,1.235,7976.503,Pinned,Device,NVIDIA A100-SXM4-40GB MIG 4g.20gb (0),1,,13,[CUDA memcpy Host-to-Device]
1594654107,44351,17958,,,,,,,,,,0.197,4432.921,Pinned,Device,NVIDIA A100-SXM4-40GB MIG 4g.20gb (0),1,,13,[CUDA memcpy Host-to-Device]
1594721594,8352,17959,69,4,1,48,1,1,76,0.002,0.000,,,,,NVIDIA A100-SXM4-40GB MIG 4g.20gb (0),1,,13,"void ch_est::windowedChEstPreNoDftSOfdmKernel<float, __half, float, (unsigned int)2, (unsigned int)1, (unsigned short)4>(ch_est::puschRxChEstStatDescr_t *, ch_est::puschRxChEstDynDescr_t *)"
1594738938,6592,17960,137,2,1,24,2,1,44,0.001,0.001,,,,,NVIDIA A100-SXM4-40GB MIG 4g.20gb (0),1,,13,"void ch_est::chEstFilterNoDftSOfdmDispatchKernel<float, __half, float, (unsigned int)2>(ch_est::puschRxChEstStatDescr_t *, ch_est::puschRxChEstDynDescr_t *)"
1594755482,4832,17961,137,2,1,24,2,1,44,0.001,0.001,,,,,NVIDIA A100-SXM4-40GB MIG 4g.20gb (0),1,,13,"void ch_est::chEstFilterNoDftSOfdmDispatchKernel<float, __half, float, (unsigned int)2>(ch_est::puschRxChEstStatDescr_t *, ch_est::puschRxChEstDynDescr_t *)"
1594771194,2687,17972,103,1,1,128,1,1,16,0.000,0.000,,,,,NVIDIA A100-SXM4-40GB MIG 4g.20gb (0),1,,13,cupy_copy__complex64_complex64
1594783673,12352,17982,1434,1,1,128,1,1,16,0.000,0.000,,,,,NVIDIA A100-SXM4-40GB MIG 4g.20gb (0),1,,13,cupy_copy__complex64_complex64
1594804857,2848,17989,103,1,1,128,1,1,16,0.000,0.000,,,,,NVIDIA A100-SXM4-40GB MIG 4g.20gb (0),1,,13,cupy_copy__complex64_complex64
1594827609,89887,17996,1,1,1,32,32,1,30,0.000,0.000,,,,,NVIDIA A100-SXM4-40GB MIG 4g.20gb (0),1,,13,"void convert_kernel<__half2, float2>(tensor_layout_any, T1 *, tensor_layout_any, const T2 *)"
1594949463,22592,17999,,,,,,,,,,0.094,4147.266,Pinned,Device,NVIDIA A100-SXM4-40GB MIG 4g.20gb (0),1,,13,[CUDA memcpy Host-to-Device]
1594983319,47903,18000,,,,,,,,,,35.810,747532.080,Device,,NVIDIA A100-SXM4-40GB MIG 4g.20gb (0),1,,13,[CUDA memset]
1595042038,9472,18002,,,,,,,,,,0.000,8.446,Pinned,Device,NVIDIA A100-SXM4-40GB MIG 4g.20gb (0),1,,13,[CUDA memcpy Host-to-Device]
1595061590,24064,18003,,,,,,,,,,0.197,8170.045,Pinned,Device,NVIDIA A100-SXM4-40GB MIG 4g.20gb (0),1,,13,[CUDA memcpy Host-to-Device]
1595108981,9728,18004,273,1,1,48,1,1,40,0.000,0.001,,,,,NVIDIA A100-SXM4-40GB MIG 4g.20gb (0),1,,13,"void pusch_noise_intf_est::noiseIntfEstNoDftSOfdmKernel<float, __half, float, float, (unsigned int)2, (unsigned int)1, (unsigned char)4, (unsigned char)4>(pusch_noise_intf_est::puschRxNoiseIntfEstDynDescr)"
1595131573,2752,18015,35,1,1,128,1,1,16,0.000,0.000,,,,,NVIDIA A100-SXM4-40GB MIG 4g.20gb (0),1,,13,cupy_copy__complex64_complex64
1595147797,1696,18024,1,1,1,1,1,1,18,0.000,0.000,,,,,NVIDIA A100-SXM4-40GB MIG 4g.20gb (0),1,,13,cupy_copy__float32_float32
1595150133,4704,18030,,,,,,,,,,0.000,0.850,Device,Pageable,NVIDIA A100-SXM4-40GB MIG 4g.20gb (0),1,,7,[CUDA memcpy Device-to-Host]
1595230836,13312,18041,1434,1,1,128,1,1,16,0.000,0.000,,,,,NVIDIA A100-SXM4-40GB MIG 4g.20gb (0),1,,13,cupy_copy__complex64_complex64
1595254420,3071,18048,103,1,1,128,1,1,16,0.000,0.000,,,,,NVIDIA A100-SXM4-40GB MIG 4g.20gb (0),1,,13,cupy_copy__complex64_complex64
1595274611,2528,18055,35,1,1,128,1,1,16,0.000,0.000,,,,,NVIDIA A100-SXM4-40GB MIG 4g.20gb (0),1,,13,cupy_copy__complex64_complex64
1595293843,1856,18062,1,1,1,1,1,1,18,0.000,0.000,,,,,NVIDIA A100-SXM4-40GB MIG 4g.20gb (0),1,,13,cupy_copy__float32_float32
1595423921,82527,18073,1,1,1,32,32,1,30,0.000,0.000,,,,,NVIDIA A100-SXM4-40GB MIG 4g.20gb (0),1,,13,"void convert_kernel<__half2, float2>(tensor_layout_any, T1 *, tensor_layout_any, const T2 *)"
1595534544,5440,18076,,,,,,,,,,0.094,17223.480,Pinned,Device,NVIDIA A100-SXM4-40GB MIG 4g.20gb (0),1,,13,[CUDA memcpy Host-to-Device]
1595550224,3360,18077,,,,,,,,,,1.547,460304.688,Device,,NVIDIA A100-SXM4-40GB MIG 4g.20gb (0),1,,13,[CUDA memset]
1595556656,3392,18082,,,,,,,,,,0.031,9226.405,Pinned,Device,NVIDIA A100-SXM4-40GB MIG 4g.20gb (0),1,,13,[CUDA memcpy Host-to-Device]
1595562608,9856,18083,,,,,,,,,,0.197,19948.044,Pinned,Device,NVIDIA A100-SXM4-40GB MIG 4g.20gb (0),1,,13,[CUDA memcpy Host-to-Device]
1595576848,6335,18084,273,1,1,8,4,1,39,0.002,0.000,,,,,NVIDIA A100-SXM4-40GB MIG 4g.20gb (0),1,,13,"void channel_eq::eqMmseCoefCompLowMimoKernel<float, float, float, (unsigned int)4, (unsigned int)1, (unsigned int)4>(const channel_eq::_puschRxChEqStatDescr *, channel_eq::_puschRxChEqCoefCompDynDescr)"
1595586607,8032,18085,273,1,1,12,11,1,51,0.002,0.000,,,,,NVIDIA A100-SXM4-40GB MIG 4g.20gb (0),1,,13,"void channel_eq::eqMmseSoftDemapKernel<float, __half, __half, float, (unsigned int)4, (unsigned short)16383>(channel_eq::_puschRxChEqStatDescr *, channel_eq::_puschRxChEqSoftDemapDynDescr)"
1595595663,282685,18086,1,1,1,32,32,1,30,0.000,0.000,,,,,NVIDIA A100-SXM4-40GB MIG 4g.20gb (0),1,,13,"void convert_kernel<float2, __half2>(tensor_layout_any, T1 *, tensor_layout_any, const T2 *)"
1595881548,10944,18098,2253,1,1,128,1,1,16,0.000,0.000,,,,,NVIDIA A100-SXM4-40GB MIG 4g.20gb (0),1,,13,cupy_copy__float16_float16
1595896524,3392,18107,282,1,1,128,1,1,16,0.000,0.000,,,,,NVIDIA A100-SXM4-40GB MIG 4g.20gb (0),1,,13,cupy_copy__complex64_complex64
1595902539,2272,18116,26,1,1,128,1,1,16,0.000,0.000,,,,,NVIDIA A100-SXM4-40GB MIG 4g.20gb (0),1,,13,cupy_copy__float32_float32
1595906635,3168,18125,103,1,1,128,1,1,16,0.000,0.000,,,,,NVIDIA A100-SXM4-40GB MIG 4g.20gb (0),1,,13,cupy_copy__complex64_complex64
1595910827,12064,18135,1434,1,1,128,1,1,16,0.000,0.000,,,,,NVIDIA A100-SXM4-40GB MIG 4g.20gb (0),1,,13,cupy_copy__complex64_complex64
1595928107,87359,18140,1,1,1,32,32,1,30,0.000,0.000,,,,,NVIDIA A100-SXM4-40GB MIG 4g.20gb (0),1,,13,"void convert_kernel<__half2, float2>(tensor_layout_any, T1 *, tensor_layout_any, const T2 *)"
1596043210,5600,18143,,,,,,,,,,0.094,16731.388,Pinned,Device,NVIDIA A100-SXM4-40GB MIG 4g.20gb (0),1,,13,[CUDA memcpy Host-to-Device]
1596053642,599576,18144,,,,,,,,,,456.561,761087.920,Device,,NVIDIA A100-SXM4-40GB MIG 4g.20gb (0),1,,13,[CUDA memset]
1596658370,87519,18149,,,,,,,,,,1.235,14110.470,Pinned,Device,NVIDIA A100-SXM4-40GB MIG 4g.20gb (0),1,,13,[CUDA memcpy Host-to-Device]
1596755713,29760,18150,,,,,,,,,,0.197,6606.422,Pinned,Device,NVIDIA A100-SXM4-40GB MIG 4g.20gb (0),1,,13,[CUDA memcpy Host-to-Device]
1596806944,8192,18151,69,4,1,48,1,1,76,0.002,0.000,,,,,NVIDIA A100-SXM4-40GB MIG 4g.20gb (0),1,,13,"void ch_est::windowedChEstPreNoDftSOfdmKernel<float, __half, float, (unsigned int)2, (unsigned int)1, (unsigned short)4>(ch_est::puschRxChEstStatDescr_t *, ch_est::puschRxChEstDynDescr_t *)"
1596819616,7104,18152,137,2,1,24,2,1,44,0.001,0.001,,,,,NVIDIA A100-SXM4-40GB MIG 4g.20gb (0),1,,13,"void ch_est::chEstFilterNoDftSOfdmDispatchKernel<float, __half, float, (unsigned int)2>(ch_est::puschRxChEstStatDescr_t *, ch_est::puschRxChEstDynDescr_t *)"
1596835680,5408,18153,137,2,1,24,2,1,44,0.001,0.001,,,,,NVIDIA A100-SXM4-40GB MIG 4g.20gb (0),1,,13,"void ch_est::chEstFilterNoDftSOfdmDispatchKernel<float, __half, float, (unsigned int)2>(ch_est::puschRxChEstStatDescr_t *, ch_est::puschRxChEstDynDescr_t *)"
1596849120,3040,18164,103,1,1,128,1,1,16,0.000,0.000,,,,,NVIDIA A100-SXM4-40GB MIG 4g.20gb (0),1,,13,cupy_copy__complex64_complex64
1596865024,12607,18174,1434,1,1,128,1,1,16,0.000,0.000,,,,,NVIDIA A100-SXM4-40GB MIG 4g.20gb (0),1,,13,cupy_copy__complex64_complex64
1596880671,2912,18181,103,1,1,128,1,1,16,0.000,0.000,,,,,NVIDIA A100-SXM4-40GB MIG 4g.20gb (0),1,,13,cupy_copy__complex64_complex64
1596898079,93663,18188,1,1,1,32,32,1,30,0.000,0.000,,,,,NVIDIA A100-SXM4-40GB MIG 4g.20gb (0),1,,13,"void convert_kernel<__half2, float2>(tensor_layout_any, T1 *, tensor_layout_any, const T2 *)"
1597025022,24543,18191,,,,,,,,,,0.094,3817.550,Pinned,Device,NVIDIA A100-SXM4-40GB MIG 4g.20gb (0),1,,13,[CUDA memcpy Host-to-Device]
1597070141,47871,18192,,,,,,,,,,35.810,748033.419,Device,,NVIDIA A100-SXM4-40GB MIG 4g.20gb (0),1,,13,[CUDA memset]
1597123260,9888,18194,,,,,,,,,,0.000,8.091,Pinned,Device,NVIDIA A100-SXM4-40GB MIG 4g.20gb (0),1,,13,[CUDA memcpy Host-to-Device]
1597143228,21248,18195,,,,,,,,,,0.197,9252.962,Pinned,Device,NVIDIA A100-SXM4-40GB MIG 4g.20gb (0),1,,13,[CUDA memcpy Host-to-Device]
1597190524,14687,18196,273,1,1,48,1,1,40,0.000,0.001,,,,,NVIDIA A100-SXM4-40GB MIG 4g.20gb (0),1,,13,"void pusch_noise_intf_est::noiseIntfEstNoDftSOfdmKernel<float, __half, float, float, (unsigned int)2, (unsigned int)1, (unsigned char)4, (unsigned char)4>(pusch_noise_intf_est::puschRxNoiseIntfEstDynDescr)"
1597225915,2784,18207,35,1,1,128,1,1,16,0.000,0.000,,,,,NVIDIA A100-SXM4-40GB MIG 4g.20gb (0),1,,13,cupy_copy__complex64_complex64
1597242715,1728,18216,1,1,1,1,1,1,18,0.000,0.000,,,,,NVIDIA A100-SXM4-40GB MIG 4g.20gb (0),1,,13,cupy_copy__float32_float32
1597250939,7840,18222,,,,,,,,,,0.000,0.510,Device,Pageable,NVIDIA A100-SXM4-40GB MIG 4g.20gb (0),1,,7,[CUDA memcpy Device-to-Host]
1597348986,12607,18233,1434,1,1,128,1,1,16,0.000,0.000,,,,,NVIDIA A100-SXM4-40GB MIG 4g.20gb (0),1,,13,cupy_copy__complex64_complex64
1597372057,3360,18240,103,1,1,128,1,1,16,0.000,0.000,,,,,NVIDIA A100-SXM4-40GB MIG 4g.20gb (0),1,,13,cupy_copy__complex64_complex64
1597395481,2560,18247,35,1,1,128,1,1,16,0.000,0.000,,,,,NVIDIA A100-SXM4-40GB MIG 4g.20gb (0),1,,13,cupy_copy__complex64_complex64
1597414969,1664,18254,1,1,1,1,1,1,18,0.000,0.000,,,,,NVIDIA A100-SXM4-40GB MIG 4g.20gb (0),1,,13,cupy_copy__float32_float32
1597548311,89535,18265,1,1,1,32,32,1,30,0.000,0.000,,,,,NVIDIA A100-SXM4-40GB MIG 4g.20gb (0),1,,13,"void convert_kernel<__half2, float2>(tensor_layout_any, T1 *, tensor_layout_any, const T2 *)"
1597670454,13983,18268,,,,,,,,,,0.094,6700.669,Pinned,Device,NVIDIA A100-SXM4-40GB MIG 4g.20gb (0),1,,13,[CUDA memcpy Host-to-Device]
1597694677,3296,18269,,,,,,,,,,1.547,469242.628,Device,,NVIDIA A100-SXM4-40GB MIG 4g.20gb (0),1,,13,[CUDA memset]
1597699445,6752,18274,,,,,,,,,,0.031,4635.063,Pinned,Device,NVIDIA A100-SXM4-40GB MIG 4g.20gb (0),1,,13,[CUDA memcpy Host-to-Device]
1597709013,13472,18275,,,,,,,,,,0.197,14593.819,Pinned,Device,NVIDIA A100-SXM4-40GB MIG 4g.20gb (0),1,,13,[CUDA memcpy Host-to-Device]
1597734101,6688,18276,273,1,1,8,4,1,39,0.002,0.000,,,,,NVIDIA A100-SXM4-40GB MIG 4g.20gb (0),1,,13,"void channel_eq::eqMmseCoefCompLowMimoKernel<float, float, float, (unsigned int)4, (unsigned int)1, (unsigned int)4>(const channel_eq::_puschRxChEqStatDescr *, channel_eq::_puschRxChEqCoefCompDynDescr)"
1597742165,6336,18277,273,1,1,12,11,1,51,0.002,0.000,,,,,NVIDIA A100-SXM4-40GB MIG 4g.20gb (0),1,,13,"void channel_eq::eqMmseSoftDemapKernel<float, __half, __half, float, (unsigned int)4, (unsigned short)16383>(channel_eq::_puschRxChEqStatDescr *, channel_eq::_puschRxChEqSoftDemapDynDescr)"
1597750549,279164,18278,1,1,1,32,32,1,30,0.000,0.000,,,,,NVIDIA A100-SXM4-40GB MIG 4g.20gb (0),1,,13,"void convert_kernel<float2, __half2>(tensor_layout_any, T1 *, tensor_layout_any, const T2 *)"
1598031473,10912,18290,2253,1,1,128,1,1,16,0.000,0.000,,,,,NVIDIA A100-SXM4-40GB MIG 4g.20gb (0),1,,13,cupy_copy__float16_float16
1598044241,3392,18299,282,1,1,128,1,1,16,0.000,0.000,,,,,NVIDIA A100-SXM4-40GB MIG 4g.20gb (0),1,,13,cupy_copy__complex64_complex64
1598049649,2112,18308,26,1,1,128,1,1,16,0.000,0.000,,,,,NVIDIA A100-SXM4-40GB MIG 4g.20gb (0),1,,13,cupy_copy__float32_float32
1598054513,3136,18317,103,1,1,128,1,1,16,0.000,0.000,,,,,NVIDIA A100-SXM4-40GB MIG 4g.20gb (0),1,,13,cupy_copy__complex64_complex64
1598059313,12000,18327,1434,1,1,128,1,1,16,0.000,0.000,,,,,NVIDIA A100-SXM4-40GB MIG 4g.20gb (0),1,,13,cupy_copy__complex64_complex64
1598073905,87295,18332,1,1,1,32,32,1,30,0.000,0.000,,,,,NVIDIA A100-SXM4-40GB MIG 4g.20gb (0),1,,13,"void convert_kernel<__half2, float2>(tensor_layout_any, T1 *, tensor_layout_any, const T2 *)"
1598188495,5440,18335,,,,,,,,,,0.094,17223.480,Pinned,Device,NVIDIA A100-SXM4-40GB MIG 4g.20gb (0),1,,13,[CUDA memcpy Host-to-Device]
1598197903,597465,18336,,,,,,,,,,456.561,763827.289,Device,,NVIDIA A100-SXM4-40GB MIG 4g.20gb (0),1,,13,[CUDA memset]
1598799816,151262,18341,,,,,,,,,,1.235,8164.215,Pinned,Device,NVIDIA A100-SXM4-40GB MIG 4g.20gb (0),1,,13,[CUDA memcpy Host-to-Device]
1598964582,38943,18342,,,,,,,,,,0.197,5048.500,Pinned,Device,NVIDIA A100-SXM4-40GB MIG 4g.20gb (0),1,,13,[CUDA memcpy Host-to-Device]
1599029957,8640,18343,69,4,1,48,1,1,76,0.002,0.000,,,,,NVIDIA A100-SXM4-40GB MIG 4g.20gb (0),1,,13,"void ch_est::windowedChEstPreNoDftSOfdmKernel<float, __half, float, (unsigned int)2, (unsigned int)1, (unsigned short)4>(ch_est::puschRxChEstStatDescr_t *, ch_est::puschRxChEstDynDescr_t *)"
1599043717,6655,18344,137,2,1,24,2,1,44,0.001,0.001,,,,,NVIDIA A100-SXM4-40GB MIG 4g.20gb (0),1,,13,"void ch_est::chEstFilterNoDftSOfdmDispatchKernel<float, __half, float, (unsigned int)2>(ch_est::puschRxChEstStatDescr_t *, ch_est::puschRxChEstDynDescr_t *)"
1599057412,5152,18345,137,2,1,24,2,1,44,0.001,0.001,,,,,NVIDIA A100-SXM4-40GB MIG 4g.20gb (0),1,,13,"void ch_est::chEstFilterNoDftSOfdmDispatchKernel<float, __half, float, (unsigned int)2>(ch_est::puschRxChEstStatDescr_t *, ch_est::puschRxChEstDynDescr_t *)"
1599069124,2656,18356,103,1,1,128,1,1,16,0.000,0.000,,,,,NVIDIA A100-SXM4-40GB MIG 4g.20gb (0),1,,13,cupy_copy__complex64_complex64
1599082596,12768,18366,1434,1,1,128,1,1,16,0.000,0.000,,,,,NVIDIA A100-SXM4-40GB MIG 4g.20gb (0),1,,13,cupy_copy__complex64_complex64
1599102180,2688,18373,103,1,1,128,1,1,16,0.000,0.000,,,,,NVIDIA A100-SXM4-40GB MIG 4g.20gb (0),1,,13,cupy_copy__complex64_complex64
1599111556,83359,18380,1,1,1,32,32,1,30,0.000,0.000,,,,,NVIDIA A100-SXM4-40GB MIG 4g.20gb (0),1,,13,"void convert_kernel<__half2, float2>(tensor_layout_any, T1 *, tensor_layout_any, const T2 *)"
1599222786,5920,18383,,,,,,,,,,0.094,15826.941,Pinned,Device,NVIDIA A100-SXM4-40GB MIG 4g.20gb (0),1,,13,[CUDA memcpy Host-to-Device]
1599235202,46784,18384,,,,,,,,,,35.810,765401.230,Device,,NVIDIA A100-SXM4-40GB MIG 4g.20gb (0),1,,13,[CUDA memset]
1599288674,3999,18386,,,,,,,,,,0.000,20.005,Pinned,Device,NVIDIA A100-SXM4-40GB MIG 4g.20gb (0),1,,13,[CUDA memcpy Host-to-Device]
1599296673,11104,18387,,,,,,,,,,0.197,17705.927,Pinned,Device,NVIDIA A100-SXM4-40GB MIG 4g.20gb (0),1,,13,[CUDA memcpy Host-to-Device]
1599319585,10400,18388,273,1,1,48,1,1,40,0.000,0.001,,,,,NVIDIA A100-SXM4-40GB MIG 4g.20gb (0),1,,13,"void pusch_noise_intf_est::noiseIntfEstNoDftSOfdmKernel<float, __half, float, float, (unsigned int)2, (unsigned int)1, (unsigned char)4, (unsigned char)4>(pusch_noise_intf_est::puschRxNoiseIntfEstDynDescr)"
1599334913,2880,18399,35,1,1,128,1,1,16,0.000,0.000,,,,,NVIDIA A100-SXM4-40GB MIG 4g.20gb (0),1,,13,cupy_copy__complex64_complex64
1599342817,2080,18408,1,1,1,1,1,1,18,0.000,0.000,,,,,NVIDIA A100-SXM4-40GB MIG 4g.20gb (0),1,,13,cupy_copy__float32_float32
1599375520,1696,18414,,,,,,,,,,0.000,2.358,Device,Pageable,NVIDIA A100-SXM4-40GB MIG 4g.20gb (0),1,,7,[CUDA memcpy Device-to-Host]
1599436832,13088,18425,1434,1,1,128,1,1,16,0.000,0.000,,,,,NVIDIA A100-SXM4-40GB MIG 4g.20gb (0),1,,13,cupy_copy__complex64_complex64
1599461951,3392,18432,103,1,1,128,1,1,16,0.000,0.000,,,,,NVIDIA A100-SXM4-40GB MIG 4g.20gb (0),1,,13,cupy_copy__complex64_complex64
1599482879,2912,18439,35,1,1,128,1,1,16,0.000,0.000,,,,,NVIDIA A100-SXM4-40GB MIG 4g.20gb (0),1,,13,cupy_copy__complex64_complex64
1599502239,1792,18446,1,1,1,1,1,1,18,0.000,0.000,,,,,NVIDIA A100-SXM4-40GB MIG 4g.20gb (0),1,,13,cupy_copy__float32_float32
1599634333,87871,18457,1,1,1,32,32,1,30,0.000,0.000,,,,,NVIDIA A100-SXM4-40GB MIG 4g.20gb (0),1,,13,"void convert_kernel<__half2, float2>(tensor_layout_any, T1 *, tensor_layout_any, const T2 *)"
1599749468,5632,18460,,,,,,,,,,0.094,16636.287,Pinned,Device,NVIDIA A100-SXM4-40GB MIG 4g.20gb (0),1,,13,[CUDA memcpy Host-to-Device]
1599764540,3296,18461,,,,,,,,,,1.547,469242.628,Device,,NVIDIA A100-SXM4-40GB MIG 4g.20gb (0),1,,13,[CUDA memset]
1599771356,3168,18466,,,,,,,,,,0.031,9878.770,Pinned,Device,NVIDIA A100-SXM4-40GB MIG 4g.20gb (0),1,,13,[CUDA memcpy Host-to-Device]
1599777563,10080,18467,,,,,,,,,,0.197,19504.693,Pinned,Device,NVIDIA A100-SXM4-40GB MIG 4g.20gb (0),1,,13,[CUDA memcpy Host-to-Device]
1599791611,6208,18468,273,1,1,8,4,1,39,0.002,0.000,,,,,NVIDIA A100-SXM4-40GB MIG 4g.20gb (0),1,,13,"void channel_eq::eqMmseCoefCompLowMimoKernel<float, float, float, (unsigned int)4, (unsigned int)1, (unsigned int)4>(const channel_eq::_puschRxChEqStatDescr *, channel_eq::_puschRxChEqCoefCompDynDescr)"
1599801115,7936,18469,273,1,1,12,11,1,51,0.002,0.000,,,,,NVIDIA A100-SXM4-40GB MIG 4g.20gb (0),1,,13,"void channel_eq::eqMmseSoftDemapKernel<float, __half, __half, float, (unsigned int)4, (unsigned short)16383>(channel_eq::_puschRxChEqStatDescr *, channel_eq::_puschRxChEqSoftDemapDynDescr)"
1599810555,282397,18470,1,1,1,32,32,1,30,0.000,0.000,,,,,NVIDIA A100-SXM4-40GB MIG 4g.20gb (0),1,,13,"void convert_kernel<float2, __half2>(tensor_layout_any, T1 *, tensor_layout_any, const T2 *)"
1600094072,10975,18482,2253,1,1,128,1,1,16,0.000,0.000,,,,,NVIDIA A100-SXM4-40GB MIG 4g.20gb (0),1,,13,cupy_copy__float16_float16
1600108087,3296,18491,282,1,1,128,1,1,16,0.000,0.000,,,,,NVIDIA A100-SXM4-40GB MIG 4g.20gb (0),1,,13,cupy_copy__complex64_complex64
1600115415,2336,18500,26,1,1,128,1,1,16,0.000,0.000,,,,,NVIDIA A100-SXM4-40GB MIG 4g.20gb (0),1,,13,cupy_copy__float32_float32
1600121079,3040,18509,103,1,1,128,1,1,16,0.000,0.000,,,,,NVIDIA A100-SXM4-40GB MIG 4g.20gb (0),1,,13,cupy_copy__complex64_complex64
1600125527,11808,18519,1434,1,1,128,1,1,16,0.000,0.000,,,,,NVIDIA A100-SXM4-40GB MIG 4g.20gb (0),1,,13,cupy_copy__complex64_complex64
1600139799,82079,18524,1,1,1,32,32,1,30,0.000,0.000,,,,,NVIDIA A100-SXM4-40GB MIG 4g.20gb (0),1,,13,"void convert_kernel<__half2, float2>(tensor_layout_any, T1 *, tensor_layout_any, const T2 *)"
1600248918,5600,18527,,,,,,,,,,0.094,16731.388,Pinned,Device,NVIDIA A100-SXM4-40GB MIG 4g.20gb (0),1,,13,[CUDA memcpy Host-to-Device]
1600259318,598744,18528,,,,,,,,,,456.561,762457.605,Device,,NVIDIA A100-SXM4-40GB MIG 4g.20gb (0),1,,13,[CUDA memset]
1600865102,141054,18533,,,,,,,,,,1.235,8754.518,Pinned,Device,NVIDIA A100-SXM4-40GB MIG 4g.20gb (0),1,,13,[CUDA memcpy Host-to-Device]
1601019148,40992,18534,,,,,,,,,,0.197,4796.252,Pinned,Device,NVIDIA A100-SXM4-40GB MIG 4g.20gb (0),1,,13,[CUDA memcpy Host-to-Device]
1601089259,8288,18535,69,4,1,48,1,1,76,0.002,0.000,,,,,NVIDIA A100-SXM4-40GB MIG 4g.20gb (0),1,,13,"void ch_est::windowedChEstPreNoDftSOfdmKernel<float, __half, float, (unsigned int)2, (unsigned int)1, (unsigned short)4>(ch_est::puschRxChEstStatDescr_t *, ch_est::puschRxChEstDynDescr_t *)"
1601108395,7040,18536,137,2,1,24,2,1,44,0.001,0.001,,,,,NVIDIA A100-SXM4-40GB MIG 4g.20gb (0),1,,13,"void ch_est::chEstFilterNoDftSOfdmDispatchKernel<float, __half, float, (unsigned int)2>(ch_est::puschRxChEstStatDescr_t *, ch_est::puschRxChEstDynDescr_t *)"
1601125707,5024,18537,137,2,1,24,2,1,44,0.001,0.001,,,,,NVIDIA A100-SXM4-40GB MIG 4g.20gb (0),1,,13,"void ch_est::chEstFilterNoDftSOfdmDispatchKernel<float, __half, float, (unsigned int)2>(ch_est::puschRxChEstStatDescr_t *, ch_est::puschRxChEstDynDescr_t *)"
1601143051,2496,18548,103,1,1,128,1,1,16,0.000,0.000,,,,,NVIDIA A100-SXM4-40GB MIG 4g.20gb (0),1,,13,cupy_copy__complex64_complex64
1601160554,12672,18558,1434,1,1,128,1,1,16,0.000,0.000,,,,,NVIDIA A100-SXM4-40GB MIG 4g.20gb (0),1,,13,cupy_copy__complex64_complex64
1601179850,2912,18565,103,1,1,128,1,1,16,0.000,0.000,,,,,NVIDIA A100-SXM4-40GB MIG 4g.20gb (0),1,,13,cupy_copy__complex64_complex64
1601204650,82847,18572,1,1,1,32,32,1,30,0.000,0.000,,,,,NVIDIA A100-SXM4-40GB MIG 4g.20gb (0),1,,13,"void convert_kernel<__half2, float2>(tensor_layout_any, T1 *, tensor_layout_any, const T2 *)"
1601320296,24416,18575,,,,,,,,,,0.094,3837.413,Pinned,Device,NVIDIA A100-SXM4-40GB MIG 4g.20gb (0),1,,13,[CUDA memcpy Host-to-Device]
1601368104,47039,18576,,,,,,,,,,35.810,761247.279,Device,,NVIDIA A100-SXM4-40GB MIG 4g.20gb (0),1,,13,[CUDA memset]
1601418439,8480,18578,,,,,,,,,,0.000,9.434,Pinned,Device,NVIDIA A100-SXM4-40GB MIG 4g.20gb (0),1,,13,[CUDA memcpy Host-to-Device]
1601435943,18080,18579,,,,,,,,,,0.197,10874.192,Pinned,Device,NVIDIA A100-SXM4-40GB MIG 4g.20gb (0),1,,13,[CUDA memcpy Host-to-Device]
1601462791,12575,18580,273,1,1,48,1,1,40,0.000,0.001,,,,,NVIDIA A100-SXM4-40GB MIG 4g.20gb (0),1,,13,"void pusch_noise_intf_est::noiseIntfEstNoDftSOfdmKernel<float, __half, float, float, (unsigned int)2, (unsigned int)1, (unsigned char)4, (unsigned char)4>(pusch_noise_intf_est::puschRxNoiseIntfEstDynDescr)"
1601477094,3328,18591,35,1,1,128,1,1,16,0.000,0.000,,,,,NVIDIA A100-SXM4-40GB MIG 4g.20gb (0),1,,13,cupy_copy__complex64_complex64
1601483974,1760,18600,1,1,1,1,1,1,18,0.000,0.000,,,,,NVIDIA A100-SXM4-40GB MIG 4g.20gb (0),1,,13,cupy_copy__float32_float32
1601486470,2656,18606,,,,,,,,,,0.000,1.506,Device,Pageable,NVIDIA A100-SXM4-40GB MIG 4g.20gb (0),1,,7,[CUDA memcpy Device-to-Host]
1601557029,13088,18617,1434,1,1,128,1,1,16,0.000,0.000,,,,,NVIDIA A100-SXM4-40GB MIG 4g.20gb (0),1,,13,cupy_copy__complex64_complex64
1601580101,2816,18624,103,1,1,128,1,1,16,0.000,0.000,,,,,NVIDIA A100-SXM4-40GB MIG 4g.20gb (0),1,,13,cupy_copy__complex64_complex64
1601600997,2144,18631,35,1,1,128,1,1,16,0.000,0.000,,,,,NVIDIA A100-SXM4-40GB MIG 4g.20gb (0),1,,13,cupy_copy__complex64_complex64
1601619397,1920,18638,1,1,1,1,1,1,18,0.000,0.000,,,,,NVIDIA A100-SXM4-40GB MIG 4g.20gb (0),1,,13,cupy_copy__float32_float32
1601752451,82527,18649,1,1,1,32,32,1,30,0.000,0.000,,,,,NVIDIA A100-SXM4-40GB MIG 4g.20gb (0),1,,13,"void convert_kernel<__half2, float2>(tensor_layout_any, T1 *, tensor_layout_any, const T2 *)"
1601863138,5664,18652,,,,,,,,,,0.094,16542.310,Pinned,Device,NVIDIA A100-SXM4-40GB MIG 4g.20gb (0),1,,13,[CUDA memcpy Host-to-Device]
1601878049,3264,18653,,,,,,,,,,1.547,473842.288,Device,,NVIDIA A100-SXM4-40GB MIG 4g.20gb (0),1,,13,[CUDA memset]
1601884577,3616,18658,,,,,,,,,,0.031,8654.846,Pinned,Device,NVIDIA A100-SXM4-40GB MIG 4g.20gb (0),1,,13,[CUDA memcpy Host-to-Device]
1601891265,9856,18659,,,,,,,,,,0.197,19948.044,Pinned,Device,NVIDIA A100-SXM4-40GB MIG 4g.20gb (0),1,,13,[CUDA memcpy Host-to-Device]
1601905665,6336,18660,273,1,1,8,4,1,39,0.002,0.000,,,,,NVIDIA A100-SXM4-40GB MIG 4g.20gb (0),1,,13,"void channel_eq::eqMmseCoefCompLowMimoKernel<float, float, float, (unsigned int)4, (unsigned int)1, (unsigned int)4>(const channel_eq::_puschRxChEqStatDescr *, channel_eq::_puschRxChEqCoefCompDynDescr)"
1601912993,6176,18661,273,1,1,12,11,1,51,0.002,0.000,,,,,NVIDIA A100-SXM4-40GB MIG 4g.20gb (0),1,,13,"void channel_eq::eqMmseSoftDemapKernel<float, __half, __half, float, (unsigned int)4, (unsigned short)16383>(channel_eq::_puschRxChEqStatDescr *, channel_eq::_puschRxChEqSoftDemapDynDescr)"
1601920289,283036,18662,1,1,1,32,32,1,30,0.000,0.000,,,,,NVIDIA A100-SXM4-40GB MIG 4g.20gb (0),1,,13,"void convert_kernel<float2, __half2>(tensor_layout_any, T1 *, tensor_layout_any, const T2 *)"
1602204861,11296,18674,2253,1,1,128,1,1,16,0.000,0.000,,,,,NVIDIA A100-SXM4-40GB MIG 4g.20gb (0),1,,13,cupy_copy__float16_float16
1602218717,2848,18683,282,1,1,128,1,1,16,0.000,0.000,,,,,NVIDIA A100-SXM4-40GB MIG 4g.20gb (0),1,,13,cupy_copy__complex64_complex64
1602224029,2112,18692,26,1,1,128,1,1,16,0.000,0.000,,,,,NVIDIA A100-SXM4-40GB MIG 4g.20gb (0),1,,13,cupy_copy__float32_float32
1602227933,3040,18701,103,1,1,128,1,1,16,0.000,0.000,,,,,NVIDIA A100-SXM4-40GB MIG 4g.20gb (0),1,,13,cupy_copy__complex64_complex64
1602233565,11968,18711,1434,1,1,128,1,1,16,0.000,0.000,,,,,NVIDIA A100-SXM4-40GB MIG 4g.20gb (0),1,,13,cupy_copy__complex64_complex64
1602253085,86815,18716,1,1,1,32,32,1,30,0.000,0.000,,,,,NVIDIA A100-SXM4-40GB MIG 4g.20gb (0),1,,13,"void convert_kernel<__half2, float2>(tensor_layout_any, T1 *, tensor_layout_any, const T2 *)"
1602366459,5376,18719,,,,,,,,,,0.094,17428.487,Pinned,Device,NVIDIA A100-SXM4-40GB MIG 4g.20gb (0),1,,13,[CUDA memcpy Host-to-Device]
1602378363,597721,18720,,,,,,,,,,456.561,763827.289,Device,,NVIDIA A100-SXM4-40GB MIG 4g.20gb (0),1,,13,[CUDA memset]
1602984788,142878,18725,,,,,,,,,,1.235,8642.138,Pinned,Device,NVIDIA A100-SXM4-40GB MIG 4g.20gb (0),1,,13,[CUDA memcpy Host-to-Device]
1603141426,40191,18726,,,,,,,,,,0.197,4891.804,Pinned,Device,NVIDIA A100-SXM4-40GB MIG 4g.20gb (0),1,,13,[CUDA memcpy Host-to-Device]
1603202993,8384,18727,69,4,1,48,1,1,76,0.002,0.000,,,,,NVIDIA A100-SXM4-40GB MIG 4g.20gb (0),1,,13,"void ch_est::windowedChEstPreNoDftSOfdmKernel<float, __half, float, (unsigned int)2, (unsigned int)1, (unsigned short)4>(ch_est::puschRxChEstStatDescr_t *, ch_est::puschRxChEstDynDescr_t *)"
1603221169,7008,18728,137,2,1,24,2,1,44,0.001,0.001,,,,,NVIDIA A100-SXM4-40GB MIG 4g.20gb (0),1,,13,"void ch_est::chEstFilterNoDftSOfdmDispatchKernel<float, __half, float, (unsigned int)2>(ch_est::puschRxChEstStatDescr_t *, ch_est::puschRxChEstDynDescr_t *)"
1603238513,4736,18729,137,2,1,24,2,1,44,0.001,0.001,,,,,NVIDIA A100-SXM4-40GB MIG 4g.20gb (0),1,,13,"void ch_est::chEstFilterNoDftSOfdmDispatchKernel<float, __half, float, (unsigned int)2>(ch_est::puschRxChEstStatDescr_t *, ch_est::puschRxChEstDynDescr_t *)"
1603255056,2656,18740,103,1,1,128,1,1,16,0.000,0.000,,,,,NVIDIA A100-SXM4-40GB MIG 4g.20gb (0),1,,13,cupy_copy__complex64_complex64
1603272272,12672,18750,1434,1,1,128,1,1,16,0.000,0.000,,,,,NVIDIA A100-SXM4-40GB MIG 4g.20gb (0),1,,13,cupy_copy__complex64_complex64
1603292528,2912,18757,103,1,1,128,1,1,16,0.000,0.000,,,,,NVIDIA A100-SXM4-40GB MIG 4g.20gb (0),1,,13,cupy_copy__complex64_complex64
1603315888,93374,18764,1,1,1,32,32,1,30,0.000,0.000,,,,,NVIDIA A100-SXM4-40GB MIG 4g.20gb (0),1,,13,"void convert_kernel<__half2, float2>(tensor_layout_any, T1 *, tensor_layout_any, const T2 *)"
1603443822,26336,18767,,,,,,,,,,0.094,3557.637,Pinned,Device,NVIDIA A100-SXM4-40GB MIG 4g.20gb (0),1,,13,[CUDA memcpy Host-to-Device]
1603500589,47072,18768,,,,,,,,,,35.810,760745.940,Device,,NVIDIA A100-SXM4-40GB MIG 4g.20gb (0),1,,13,[CUDA memset]
1603554765,12352,18770,,,,,,,,,,0.000,6.477,Pinned,Device,NVIDIA A100-SXM4-40GB MIG 4g.20gb (0),1,,13,[CUDA memcpy Host-to-Device]
1603575212,33504,18771,,,,,,,,,,0.197,5868.159,Pinned,Device,NVIDIA A100-SXM4-40GB MIG 4g.20gb (0),1,,13,[CUDA memcpy Host-to-Device]
1603630572,9888,18772,273,1,1,48,1,1,40,0.000,0.001,,,,,NVIDIA A100-SXM4-40GB MIG 4g.20gb (0),1,,13,"void pusch_noise_intf_est::noiseIntfEstNoDftSOfdmKernel<float, __half, float, float, (unsigned int)2, (unsigned int)1, (unsigned char)4, (unsigned char)4>(pusch_noise_intf_est::puschRxNoiseIntfEstDynDescr)"
1603646828,2719,18783,35,1,1,128,1,1,16,0.000,0.000,,,,,NVIDIA A100-SXM4-40GB MIG 4g.20gb (0),1,,13,cupy_copy__complex64_complex64
1603663915,1728,18792,1,1,1,1,1,1,18,0.000,0.000,,,,,NVIDIA A100-SXM4-40GB MIG 4g.20gb (0),1,,13,cupy_copy__float32_float32
1603673707,6080,18798,,,,,,,,,,0.000,0.658,Device,Pageable,NVIDIA A100-SXM4-40GB MIG 4g.20gb (0),1,,7,[CUDA memcpy Device-to-Host]
1603769546,12512,18809,1434,1,1,128,1,1,16,0.000,0.000,,,,,NVIDIA A100-SXM4-40GB MIG 4g.20gb (0),1,,13,cupy_copy__complex64_complex64
1603792938,3040,18816,103,1,1,128,1,1,16,0.000,0.000,,,,,NVIDIA A100-SXM4-40GB MIG 4g.20gb (0),1,,13,cupy_copy__complex64_complex64
1603809386,2559,18823,35,1,1,128,1,1,16,0.000,0.000,,,,,NVIDIA A100-SXM4-40GB MIG 4g.20gb (0),1,,13,cupy_copy__complex64_complex64
1603822889,1792,18830,1,1,1,1,1,1,18,0.000,0.000,,,,,NVIDIA A100-SXM4-40GB MIG 4g.20gb (0),1,,13,cupy_copy__float32_float32
1603955720,87551,18841,1,1,1,32,32,1,30,0.000,0.000,,,,,NVIDIA A100-SXM4-40GB MIG 4g.20gb (0),1,,13,"void convert_kernel<__half2, float2>(tensor_layout_any, T1 *, tensor_layout_any, const T2 *)"
1604071654,5824,18844,,,,,,,,,,0.094,16087.884,Pinned,Device,NVIDIA A100-SXM4-40GB MIG 4g.20gb (0),1,,13,[CUDA memcpy Host-to-Device]
1604087942,3264,18845,,,,,,,,,,1.547,473842.288,Device,,NVIDIA A100-SXM4-40GB MIG 4g.20gb (0),1,,13,[CUDA memset]
1604093094,3616,18850,,,,,,,,,,0.031,8654.846,Pinned,Device,NVIDIA A100-SXM4-40GB MIG 4g.20gb (0),1,,13,[CUDA memcpy Host-to-Device]
1604099398,9984,18851,,,,,,,,,,0.197,19692.257,Pinned,Device,NVIDIA A100-SXM4-40GB MIG 4g.20gb (0),1,,13,[CUDA memcpy Host-to-Device]
1604113606,6464,18852,273,1,1,8,4,1,39,0.002,0.000,,,,,NVIDIA A100-SXM4-40GB MIG 4g.20gb (0),1,,13,"void channel_eq::eqMmseCoefCompLowMimoKernel<float, float, float, (unsigned int)4, (unsigned int)1, (unsigned int)4>(const channel_eq::_puschRxChEqStatDescr *, channel_eq::_puschRxChEqCoefCompDynDescr)"
1604121190,6688,18853,273,1,1,12,11,1,51,0.002,0.000,,,,,NVIDIA A100-SXM4-40GB MIG 4g.20gb (0),1,,13,"void channel_eq::eqMmseSoftDemapKernel<float, __half, __half, float, (unsigned int)4, (unsigned short)16383>(channel_eq::_puschRxChEqStatDescr *, channel_eq::_puschRxChEqSoftDemapDynDescr)"
1604128838,282748,18854,1,1,1,32,32,1,30,0.000,0.000,,,,,NVIDIA A100-SXM4-40GB MIG 4g.20gb (0),1,,13,"void convert_kernel<float2, __half2>(tensor_layout_any, T1 *, tensor_layout_any, const T2 *)"
1604412834,11072,18866,2253,1,1,128,1,1,16,0.000,0.000,,,,,NVIDIA A100-SXM4-40GB MIG 4g.20gb (0),1,,13,cupy_copy__float16_float16
1604426242,3264,18875,282,1,1,128,1,1,16,0.000,0.000,,,,,NVIDIA A100-SXM4-40GB MIG 4g.20gb (0),1,,13,cupy_copy__complex64_complex64
1604433538,2336,18884,26,1,1,128,1,1,16,0.000,0.000,,,,,NVIDIA A100-SXM4-40GB MIG 4g.20gb (0),1,,13,cupy_copy__float32_float32
1604436994,2816,18893,103,1,1,128,1,1,16,0.000,0.000,,,,,NVIDIA A100-SXM4-40GB MIG 4g.20gb (0),1,,13,cupy_copy__complex64_complex64
1604440834,11936,18903,1434,1,1,128,1,1,16,0.000,0.000,,,,,NVIDIA A100-SXM4-40GB MIG 4g.20gb (0),1,,13,cupy_copy__complex64_complex64
1604459169,83583,18908,1,1,1,32,32,1,30,0.000,0.000,,,,,NVIDIA A100-SXM4-40GB MIG 4g.20gb (0),1,,13,"void convert_kernel<__half2, float2>(tensor_layout_any, T1 *, tensor_layout_any, const T2 *)"
1604569888,5504,18911,,,,,,,,,,0.094,17023.251,Pinned,Device,NVIDIA A100-SXM4-40GB MIG 4g.20gb (0),1,,13,[CUDA memcpy Host-to-Device]
1604580800,599033,18912,,,,,,,,,,456.561,762001.043,Device,,NVIDIA A100-SXM4-40GB MIG 4g.20gb (0),1,,13,[CUDA memset]
1605188216,80799,18917,,,,,,,,,,1.235,15283.667,Pinned,Device,NVIDIA A100-SXM4-40GB MIG 4g.20gb (0),1,,13,[CUDA memcpy Host-to-Device]
1605275543,16992,18918,,,,,,,,,,0.197,11570.577,Pinned,Device,NVIDIA A100-SXM4-40GB MIG 4g.20gb (0),1,,13,[CUDA memcpy Host-to-Device]
1605306711,8704,18919,69,4,1,48,1,1,76,0.002,0.000,,,,,NVIDIA A100-SXM4-40GB MIG 4g.20gb (0),1,,13,"void ch_est::windowedChEstPreNoDftSOfdmKernel<float, __half, float, (unsigned int)2, (unsigned int)1, (unsigned short)4>(ch_est::puschRxChEstStatDescr_t *, ch_est::puschRxChEstDynDescr_t *)"
1605318903,6656,18920,137,2,1,24,2,1,44,0.001,0.001,,,,,NVIDIA A100-SXM4-40GB MIG 4g.20gb (0),1,,13,"void ch_est::chEstFilterNoDftSOfdmDispatchKernel<float, __half, float, (unsigned int)2>(ch_est::puschRxChEstStatDescr_t *, ch_est::puschRxChEstDynDescr_t *)"
1605330359,5280,18921,137,2,1,24,2,1,44,0.001,0.001,,,,,NVIDIA A100-SXM4-40GB MIG 4g.20gb (0),1,,13,"void ch_est::chEstFilterNoDftSOfdmDispatchKernel<float, __half, float, (unsigned int)2>(ch_est::puschRxChEstStatDescr_t *, ch_est::puschRxChEstDynDescr_t *)"
1605339927,3104,18932,103,1,1,128,1,1,16,0.000,0.000,,,,,NVIDIA A100-SXM4-40GB MIG 4g.20gb (0),1,,13,cupy_copy__complex64_complex64
1605345014,12480,18942,1434,1,1,128,1,1,16,0.000,0.000,,,,,NVIDIA A100-SXM4-40GB MIG 4g.20gb (0),1,,13,cupy_copy__complex64_complex64
1605363798,2560,18949,103,1,1,128,1,1,16,0.000,0.000,,,,,NVIDIA A100-SXM4-40GB MIG 4g.20gb (0),1,,13,cupy_copy__complex64_complex64
1605369078,87103,18956,1,1,1,32,32,1,30,0.000,0.000,,,,,NVIDIA A100-SXM4-40GB MIG 4g.20gb (0),1,,13,"void convert_kernel<__half2, float2>(tensor_layout_any, T1 *, tensor_layout_any, const T2 *)"
1605483605,5376,18959,,,,,,,,,,0.094,17428.487,Pinned,Device,NVIDIA A100-SXM4-40GB MIG 4g.20gb (0),1,,13,[CUDA memcpy Host-to-Device]
1605495381,47103,18960,,,,,,,,,,35.810,760244.602,Device,,NVIDIA A100-SXM4-40GB MIG 4g.20gb (0),1,,13,[CUDA memset]
1605550356,2912,18962,,,,,,,,,,0.000,27.472,Pinned,Device,NVIDIA A100-SXM4-40GB MIG 4g.20gb (0),1,,13,[CUDA memcpy Host-to-Device]
1605556820,11616,18963,,,,,,,,,,0.197,16925.590,Pinned,Device,NVIDIA A100-SXM4-40GB MIG 4g.20gb (0),1,,13,[CUDA memcpy Host-to-Device]
1605576020,10016,18964,273,1,1,48,1,1,40,0.000,0.001,,,,,NVIDIA A100-SXM4-40GB MIG 4g.20gb (0),1,,13,"void pusch_noise_intf_est::noiseIntfEstNoDftSOfdmKernel<float, __half, float, float, (unsigned int)2, (unsigned int)1, (unsigned char)4, (unsigned char)4>(pusch_noise_intf_est::puschRxNoiseIntfEstDynDescr)"
1605589331,3232,18975,35,1,1,128,1,1,16,0.000,0.000,,,,,NVIDIA A100-SXM4-40GB MIG 4g.20gb (0),1,,13,cupy_copy__complex64_complex64
1605603059,1920,18984,1,1,1,1,1,1,18,0.000,0.000,,,,,NVIDIA A100-SXM4-40GB MIG 4g.20gb (0),1,,13,cupy_copy__float32_float32
1605635059,1856,18990,,,,,,,,,,0.000,2.155,Device,Pageable,NVIDIA A100-SXM4-40GB MIG 4g.20gb (0),1,,7,[CUDA memcpy Device-to-Host]
1605695218,13152,19001,1434,1,1,128,1,1,16,0.000,0.000,,,,,NVIDIA A100-SXM4-40GB MIG 4g.20gb (0),1,,13,cupy_copy__complex64_complex64
1605721298,2880,19008,103,1,1,128,1,1,16,0.000,0.000,,,,,NVIDIA A100-SXM4-40GB MIG 4g.20gb (0),1,,13,cupy_copy__complex64_complex64
1605742226,2816,19015,35,1,1,128,1,1,16,0.000,0.000,,,,,NVIDIA A100-SXM4-40GB MIG 4g.20gb (0),1,,13,cupy_copy__complex64_complex64
1605759473,1824,19022,1,1,1,1,1,1,18,0.000,0.000,,,,,NVIDIA A100-SXM4-40GB MIG 4g.20gb (0),1,,13,cupy_copy__float32_float32
1605892400,81951,19033,1,1,1,32,32,1,30,0.000,0.000,,,,,NVIDIA A100-SXM4-40GB MIG 4g.20gb (0),1,,13,"void convert_kernel<__half2, float2>(tensor_layout_any, T1 *, tensor_layout_any, const T2 *)"
1606001358,6240,19036,,,,,,,,,,0.094,15015.346,Pinned,Device,NVIDIA A100-SXM4-40GB MIG 4g.20gb (0),1,,13,[CUDA memcpy Host-to-Device]
1606015438,3264,19037,,,,,,,,,,1.547,473842.288,Device,,NVIDIA A100-SXM4-40GB MIG 4g.20gb (0),1,,13,[CUDA memset]
1606022510,3616,19042,,,,,,,,,,0.031,8654.846,Pinned,Device,NVIDIA A100-SXM4-40GB MIG 4g.20gb (0),1,,13,[CUDA memcpy Host-to-Device]
1606028590,9376,19043,,,,,,,,,,0.197,20969.226,Pinned,Device,NVIDIA A100-SXM4-40GB MIG 4g.20gb (0),1,,13,[CUDA memcpy Host-to-Device]
1606043566,6400,19044,273,1,1,8,4,1,39,0.002,0.000,,,,,NVIDIA A100-SXM4-40GB MIG 4g.20gb (0),1,,13,"void channel_eq::eqMmseCoefCompLowMimoKernel<float, float, float, (unsigned int)4, (unsigned int)1, (unsigned int)4>(const channel_eq::_puschRxChEqStatDescr *, channel_eq::_puschRxChEqCoefCompDynDescr)"
1606050926,8032,19045,273,1,1,12,11,1,51,0.002,0.000,,,,,NVIDIA A100-SXM4-40GB MIG 4g.20gb (0),1,,13,"void channel_eq::eqMmseSoftDemapKernel<float, __half, __half, float, (unsigned int)4, (unsigned short)16383>(channel_eq::_puschRxChEqStatDescr *, channel_eq::_puschRxChEqSoftDemapDynDescr)"
1606061486,281596,19046,1,1,1,32,32,1,30,0.000,0.000,,,,,NVIDIA A100-SXM4-40GB MIG 4g.20gb (0),1,,13,"void convert_kernel<float2, __half2>(tensor_layout_any, T1 *, tensor_layout_any, const T2 *)"
1606344746,11072,19058,2253,1,1,128,1,1,16,0.000,0.000,,,,,NVIDIA A100-SXM4-40GB MIG 4g.20gb (0),1,,13,cupy_copy__float16_float16
1606357322,3744,19067,282,1,1,128,1,1,16,0.000,0.000,,,,,NVIDIA A100-SXM4-40GB MIG 4g.20gb (0),1,,13,cupy_copy__complex64_complex64
1606364842,2368,19076,26,1,1,128,1,1,16,0.000,0.000,,,,,NVIDIA A100-SXM4-40GB MIG 4g.20gb (0),1,,13,cupy_copy__float32_float32
1606368266,3136,19085,103,1,1,128,1,1,16,0.000,0.000,,,,,NVIDIA A100-SXM4-40GB MIG 4g.20gb (0),1,,13,cupy_copy__complex64_complex64
1606372682,12288,19095,1434,1,1,128,1,1,16,0.000,0.000,,,,,NVIDIA A100-SXM4-40GB MIG 4g.20gb (0),1,,13,cupy_copy__complex64_complex64
1606391594,81951,19100,1,1,1,32,32,1,30,0.000,0.000,,,,,NVIDIA A100-SXM4-40GB MIG 4g.20gb (0),1,,13,"void convert_kernel<__half2, float2>(tensor_layout_any, T1 *, tensor_layout_any, const T2 *)"
1606499944,5344,19103,,,,,,,,,,0.094,17532.864,Pinned,Device,NVIDIA A100-SXM4-40GB MIG 4g.20gb (0),1,,13,[CUDA memcpy Host-to-Device]
1606511688,596697,19104,,,,,,,,,,456.561,764740.412,Device,,NVIDIA A100-SXM4-40GB MIG 4g.20gb (0),1,,13,[CUDA memset]
1607115329,159998,19109,,,,,,,,,,1.235,7718.400,Pinned,Device,NVIDIA A100-SXM4-40GB MIG 4g.20gb (0),1,,13,[CUDA memcpy Host-to-Device]
1607290974,40640,19110,,,,,,,,,,0.197,4837.736,Pinned,Device,NVIDIA A100-SXM4-40GB MIG 4g.20gb (0),1,,13,[CUDA memcpy Host-to-Device]
1607359678,8415,19111,69,4,1,48,1,1,76,0.002,0.000,,,,,NVIDIA A100-SXM4-40GB MIG 4g.20gb (0),1,,13,"void ch_est::windowedChEstPreNoDftSOfdmKernel<float, __half, float, (unsigned int)2, (unsigned int)1, (unsigned short)4>(ch_est::puschRxChEstStatDescr_t *, ch_est::puschRxChEstDynDescr_t *)"
1607377597,6816,19112,137,2,1,24,2,1,44,0.001,0.001,,,,,NVIDIA A100-SXM4-40GB MIG 4g.20gb (0),1,,13,"void ch_est::chEstFilterNoDftSOfdmDispatchKernel<float, __half, float, (unsigned int)2>(ch_est::puschRxChEstStatDescr_t *, ch_est::puschRxChEstDynDescr_t *)"
1607390013,4768,19113,137,2,1,24,2,1,44,0.001,0.001,,,,,NVIDIA A100-SXM4-40GB MIG 4g.20gb (0),1,,13,"void ch_est::chEstFilterNoDftSOfdmDispatchKernel<float, __half, float, (unsigned int)2>(ch_est::puschRxChEstStatDescr_t *, ch_est::puschRxChEstDynDescr_t *)"
1607404797,2624,19124,103,1,1,128,1,1,16,0.000,0.000,,,,,NVIDIA A100-SXM4-40GB MIG 4g.20gb (0),1,,13,cupy_copy__complex64_complex64
1607414077,12608,19134,1434,1,1,128,1,1,16,0.000,0.000,,,,,NVIDIA A100-SXM4-40GB MIG 4g.20gb (0),1,,13,cupy_copy__complex64_complex64
1607432541,2784,19141,103,1,1,128,1,1,16,0.000,0.000,,,,,NVIDIA A100-SXM4-40GB MIG 4g.20gb (0),1,,13,cupy_copy__complex64_complex64
1607441981,88382,19148,1,1,1,32,32,1,30,0.000,0.000,,,,,NVIDIA A100-SXM4-40GB MIG 4g.20gb (0),1,,13,"void convert_kernel<__half2, float2>(tensor_layout_any, T1 *, tensor_layout_any, const T2 *)"
1607559451,5408,19151,,,,,,,,,,0.094,17325.421,Pinned,Device,NVIDIA A100-SXM4-40GB MIG 4g.20gb (0),1,,13,[CUDA memcpy Host-to-Device]
1607571579,46847,19152,,,,,,,,,,35.810,764398.552,Device,,NVIDIA A100-SXM4-40GB MIG 4g.20gb (0),1,,13,[CUDA memset]
1607625978,2176,19154,,,,,,,,,,0.000,36.765,Pinned,Device,NVIDIA A100-SXM4-40GB MIG 4g.20gb (0),1,,13,[CUDA memcpy Host-to-Device]
1607632378,12032,19155,,,,,,,,,,0.197,16340.287,Pinned,Device,NVIDIA A100-SXM4-40GB MIG 4g.20gb (0),1,,13,[CUDA memcpy Host-to-Device]
1607651738,10208,19156,273,1,1,48,1,1,40,0.000,0.001,,,,,NVIDIA A100-SXM4-40GB MIG 4g.20gb (0),1,,13,"void pusch_noise_intf_est::noiseIntfEstNoDftSOfdmKernel<float, __half, float, float, (unsigned int)2, (unsigned int)1, (unsigned char)4, (unsigned char)4>(pusch_noise_intf_est::puschRxNoiseIntfEstDynDescr)"
1607668410,3040,19167,35,1,1,128,1,1,16,0.000,0.000,,,,,NVIDIA A100-SXM4-40GB MIG 4g.20gb (0),1,,13,cupy_copy__complex64_complex64
1607680122,2016,19176,1,1,1,1,1,1,18,0.000,0.000,,,,,NVIDIA A100-SXM4-40GB MIG 4g.20gb (0),1,,13,cupy_copy__float32_float32
1607710649,1568,19182,,,,,,,,,,0.000,2.551,Device,Pageable,NVIDIA A100-SXM4-40GB MIG 4g.20gb (0),1,,7,[CUDA memcpy Device-to-Host]
1607770488,12960,19193,1434,1,1,128,1,1,16,0.000,0.000,,,,,NVIDIA A100-SXM4-40GB MIG 4g.20gb (0),1,,13,cupy_copy__complex64_complex64
1607797112,3552,19200,103,1,1,128,1,1,16,0.000,0.000,,,,,NVIDIA A100-SXM4-40GB MIG 4g.20gb (0),1,,13,cupy_copy__complex64_complex64
1607818168,2400,19207,35,1,1,128,1,1,16,0.000,0.000,,,,,NVIDIA A100-SXM4-40GB MIG 4g.20gb (0),1,,13,cupy_copy__complex64_complex64
1607836248,1856,19214,1,1,1,1,1,1,18,0.000,0.000,,,,,NVIDIA A100-SXM4-40GB MIG 4g.20gb (0),1,,13,cupy_copy__float32_float32
1607967286,82111,19225,1,1,1,32,32,1,30,0.000,0.000,,,,,NVIDIA A100-SXM4-40GB MIG 4g.20gb (0),1,,13,"void convert_kernel<__half2, float2>(tensor_layout_any, T1 *, tensor_layout_any, const T2 *)"
1608077109,5760,19228,,,,,,,,,,0.094,16266.656,Pinned,Device,NVIDIA A100-SXM4-40GB MIG 4g.20gb (0),1,,13,[CUDA memcpy Host-to-Device]
1608093012,3520,19229,,,,,,,,,,1.547,439380.412,Device,,NVIDIA A100-SXM4-40GB MIG 4g.20gb (0),1,,13,[CUDA memset]
1608098612,3616,19234,,,,,,,,,,0.031,8654.846,Pinned,Device,NVIDIA A100-SXM4-40GB MIG 4g.20gb (0),1,,13,[CUDA memcpy Host-to-Device]
1608105044,9728,19235,,,,,,,,,,0.197,20210.516,Pinned,Device,NVIDIA A100-SXM4-40GB MIG 4g.20gb (0),1,,13,[CUDA memcpy Host-to-Device]
1608119508,6336,19236,273,1,1,8,4,1,39,0.002,0.000,,,,,NVIDIA A100-SXM4-40GB MIG 4g.20gb (0),1,,13,"void channel_eq::eqMmseCoefCompLowMimoKernel<float, float, float, (unsigned int)4, (unsigned int)1, (unsigned int)4>(const channel_eq::_puschRxChEqStatDescr *, channel_eq::_puschRxChEqCoefCompDynDescr)"
1608129428,6432,19237,273,1,1,12,11,1,51,0.002,0.000,,,,,NVIDIA A100-SXM4-40GB MIG 4g.20gb (0),1,,13,"void channel_eq::eqMmseSoftDemapKernel<float, __half, __half, float, (unsigned int)4, (unsigned short)16383>(channel_eq::_puschRxChEqStatDescr *, channel_eq::_puschRxChEqSoftDemapDynDescr)"
1608138292,279836,19238,1,1,1,32,32,1,30,0.000,0.000,,,,,NVIDIA A100-SXM4-40GB MIG 4g.20gb (0),1,,13,"void convert_kernel<float2, __half2>(tensor_layout_any, T1 *, tensor_layout_any, const T2 *)"
1608419696,10816,19250,2253,1,1,128,1,1,16,0.000,0.000,,,,,NVIDIA A100-SXM4-40GB MIG 4g.20gb (0),1,,13,cupy_copy__float16_float16
1608432400,3680,19259,282,1,1,128,1,1,16,0.000,0.000,,,,,NVIDIA A100-SXM4-40GB MIG 4g.20gb (0),1,,13,cupy_copy__complex64_complex64
1608439536,2304,19268,26,1,1,128,1,1,16,0.000,0.000,,,,,NVIDIA A100-SXM4-40GB MIG 4g.20gb (0),1,,13,cupy_copy__float32_float32
1608444560,3040,19277,103,1,1,128,1,1,16,0.000,0.000,,,,,NVIDIA A100-SXM4-40GB MIG 4g.20gb (0),1,,13,cupy_copy__complex64_complex64
1608450224,12032,19287,1434,1,1,128,1,1,16,0.000,0.000,,,,,NVIDIA A100-SXM4-40GB MIG 4g.20gb (0),1,,13,cupy_copy__complex64_complex64
1608471024,82207,19292,1,1,1,32,32,1,30,0.000,0.000,,,,,NVIDIA A100-SXM4-40GB MIG 4g.20gb (0),1,,13,"void convert_kernel<__half2, float2>(tensor_layout_any, T1 *, tensor_layout_any, const T2 *)"
1608580430,5472,19295,,,,,,,,,,0.094,17122.757,Pinned,Device,NVIDIA A100-SXM4-40GB MIG 4g.20gb (0),1,,13,[CUDA memcpy Host-to-Device]
1608590830,599193,19296,,,,,,,,,,456.561,761544.482,Device,,NVIDIA A100-SXM4-40GB MIG 4g.20gb (0),1,,13,[CUDA memset]
1609193415,179358,19301,,,,,,,,,,1.235,6884.813,Pinned,Device,NVIDIA A100-SXM4-40GB MIG 4g.20gb (0),1,,13,[CUDA memcpy Host-to-Device]
1609385540,42048,19302,,,,,,,,,,0.197,4675.731,Pinned,Device,NVIDIA A100-SXM4-40GB MIG 4g.20gb (0),1,,13,[CUDA memcpy Host-to-Device]
1609444676,8192,19303,69,4,1,48,1,1,76,0.002,0.000,,,,,NVIDIA A100-SXM4-40GB MIG 4g.20gb (0),1,,13,"void ch_est::windowedChEstPreNoDftSOfdmKernel<float, __half, float, (unsigned int)2, (unsigned int)1, (unsigned short)4>(ch_est::puschRxChEstStatDescr_t *, ch_est::puschRxChEstDynDescr_t *)"
1609464355,6880,19304,137,2,1,24,2,1,44,0.001,0.001,,,,,NVIDIA A100-SXM4-40GB MIG 4g.20gb (0),1,,13,"void ch_est::chEstFilterNoDftSOfdmDispatchKernel<float, __half, float, (unsigned int)2>(ch_est::puschRxChEstStatDescr_t *, ch_est::puschRxChEstDynDescr_t *)"
1609481507,4800,19305,137,2,1,24,2,1,44,0.001,0.001,,,,,NVIDIA A100-SXM4-40GB MIG 4g.20gb (0),1,,13,"void ch_est::chEstFilterNoDftSOfdmDispatchKernel<float, __half, float, (unsigned int)2>(ch_est::puschRxChEstStatDescr_t *, ch_est::puschRxChEstDynDescr_t *)"
1609498499,2496,19316,103,1,1,128,1,1,16,0.000,0.000,,,,,NVIDIA A100-SXM4-40GB MIG 4g.20gb (0),1,,13,cupy_copy__complex64_complex64
1609516099,12640,19326,1434,1,1,128,1,1,16,0.000,0.000,,,,,NVIDIA A100-SXM4-40GB MIG 4g.20gb (0),1,,13,cupy_copy__complex64_complex64
1609540227,2591,19333,103,1,1,128,1,1,16,0.000,0.000,,,,,NVIDIA A100-SXM4-40GB MIG 4g.20gb (0),1,,13,cupy_copy__complex64_complex64
1609559874,81407,19340,1,1,1,32,32,1,30,0.000,0.000,,,,,NVIDIA A100-SXM4-40GB MIG 4g.20gb (0),1,,13,"void convert_kernel<__half2, float2>(tensor_layout_any, T1 *, tensor_layout_any, const T2 *)"
1609672385,14080,19343,,,,,,,,,,0.094,6654.477,Pinned,Device,NVIDIA A100-SXM4-40GB MIG 4g.20gb (0),1,,13,[CUDA memcpy Host-to-Device]
1609698817,47743,19344,,,,,,,,,,35.810,750038.774,Device,,NVIDIA A100-SXM4-40GB MIG 4g.20gb (0),1,,13,[CUDA memset]
1609748416,6368,19346,,,,,,,,,,0.000,12.563,Pinned,Device,NVIDIA A100-SXM4-40GB MIG 4g.20gb (0),1,,13,[CUDA memcpy Host-to-Device]
1609757504,18240,19347,,,,,,,,,,0.197,10778.837,Pinned,Device,NVIDIA A100-SXM4-40GB MIG 4g.20gb (0),1,,13,[CUDA memcpy Host-to-Device]
1609789439,12352,19348,273,1,1,48,1,1,40,0.000,0.001,,,,,NVIDIA A100-SXM4-40GB MIG 4g.20gb (0),1,,13,"void pusch_noise_intf_est::noiseIntfEstNoDftSOfdmKernel<float, __half, float, float, (unsigned int)2, (unsigned int)1, (unsigned char)4, (unsigned char)4>(pusch_noise_intf_est::puschRxNoiseIntfEstDynDescr)"
1609805951,2656,19359,35,1,1,128,1,1,16,0.000,0.000,,,,,NVIDIA A100-SXM4-40GB MIG 4g.20gb (0),1,,13,cupy_copy__complex64_complex64
1609816351,1888,19368,1,1,1,1,1,1,18,0.000,0.000,,,,,NVIDIA A100-SXM4-40GB MIG 4g.20gb (0),1,,13,cupy_copy__float32_float32
1609823103,6048,19374,,,,,,,,,,0.000,0.661,Device,Pageable,NVIDIA A100-SXM4-40GB MIG 4g.20gb (0),1,,7,[CUDA memcpy Device-to-Host]
1609893534,13056,19385,1434,1,1,128,1,1,16,0.000,0.000,,,,,NVIDIA A100-SXM4-40GB MIG 4g.20gb (0),1,,13,cupy_copy__complex64_complex64
1609919774,3392,19392,103,1,1,128,1,1,16,0.000,0.000,,,,,NVIDIA A100-SXM4-40GB MIG 4g.20gb (0),1,,13,cupy_copy__complex64_complex64
1609939614,2688,19399,35,1,1,128,1,1,16,0.000,0.000,,,,,NVIDIA A100-SXM4-40GB MIG 4g.20gb (0),1,,13,cupy_copy__complex64_complex64
1609958269,1728,19406,1,1,1,1,1,1,18,0.000,0.000,,,,,NVIDIA A100-SXM4-40GB MIG 4g.20gb (0),1,,13,cupy_copy__float32_float32
1610090364,82463,19417,1,1,1,32,32,1,30,0.000,0.000,,,,,NVIDIA A100-SXM4-40GB MIG 4g.20gb (0),1,,13,"void convert_kernel<__half2, float2>(tensor_layout_any, T1 *, tensor_layout_any, const T2 *)"
1610200250,6176,19420,,,,,,,,,,0.094,15170.975,Pinned,Device,NVIDIA A100-SXM4-40GB MIG 4g.20gb (0),1,,13,[CUDA memcpy Host-to-Device]
1610215578,3232,19421,,,,,,,,,,1.547,478533.199,Device,,NVIDIA A100-SXM4-40GB MIG 4g.20gb (0),1,,13,[CUDA memset]
1610221530,3168,19426,,,,,,,,,,0.031,9878.770,Pinned,Device,NVIDIA A100-SXM4-40GB MIG 4g.20gb (0),1,,13,[CUDA memcpy Host-to-Device]
1610227482,9440,19427,,,,,,,,,,0.197,20827.079,Pinned,Device,NVIDIA A100-SXM4-40GB MIG 4g.20gb (0),1,,13,[CUDA memcpy Host-to-Device]
1610241818,6432,19428,273,1,1,8,4,1,39,0.002,0.000,,,,,NVIDIA A100-SXM4-40GB MIG 4g.20gb (0),1,,13,"void channel_eq::eqMmseCoefCompLowMimoKernel<float, float, float, (unsigned int)4, (unsigned int)1, (unsigned int)4>(const channel_eq::_puschRxChEqStatDescr *, channel_eq::_puschRxChEqCoefCompDynDescr)"
1610249242,7776,19429,273,1,1,12,11,1,51,0.002,0.000,,,,,NVIDIA A100-SXM4-40GB MIG 4g.20gb (0),1,,13,"void channel_eq::eqMmseSoftDemapKernel<float, __half, __half, float, (unsigned int)4, (unsigned short)16383>(channel_eq::_puschRxChEqStatDescr *, channel_eq::_puschRxChEqSoftDemapDynDescr)"
1610258042,282428,19430,1,1,1,32,32,1,30,0.000,0.000,,,,,NVIDIA A100-SXM4-40GB MIG 4g.20gb (0),1,,13,"void convert_kernel<float2, __half2>(tensor_layout_any, T1 *, tensor_layout_any, const T2 *)"
1610543734,11104,19442,2253,1,1,128,1,1,16,0.000,0.000,,,,,NVIDIA A100-SXM4-40GB MIG 4g.20gb (0),1,,13,cupy_copy__float16_float16
1610556054,3200,19451,282,1,1,128,1,1,16,0.000,0.000,,,,,NVIDIA A100-SXM4-40GB MIG 4g.20gb (0),1,,13,cupy_copy__complex64_complex64
1610561494,2240,19460,26,1,1,128,1,1,16,0.000,0.000,,,,,NVIDIA A100-SXM4-40GB MIG 4g.20gb (0),1,,13,cupy_copy__float32_float32
1610566518,3232,19469,103,1,1,128,1,1,16,0.000,0.000,,,,,NVIDIA A100-SXM4-40GB MIG 4g.20gb (0),1,,13,cupy_copy__complex64_complex64
1610570710,12576,19479,1434,1,1,128,1,1,16,0.000,0.000,,,,,NVIDIA A100-SXM4-40GB MIG 4g.20gb (0),1,,13,cupy_copy__complex64_complex64
1610589494,82046,19484,1,1,1,32,32,1,30,0.000,0.000,,,,,NVIDIA A100-SXM4-40GB MIG 4g.20gb (0),1,,13,"void convert_kernel<__half2, float2>(tensor_layout_any, T1 *, tensor_layout_any, const T2 *)"
1610698100,5696,19487,,,,,,,,,,0.094,16449.363,Pinned,Device,NVIDIA A100-SXM4-40GB MIG 4g.20gb (0),1,,13,[CUDA memcpy Host-to-Device]
1610707988,598329,19488,,,,,,,,,,456.561,762914.166,Device,,NVIDIA A100-SXM4-40GB MIG 4g.20gb (0),1,,13,[CUDA memset]
1611317068,155615,19493,,,,,,,,,,1.235,7935.750,Pinned,Device,NVIDIA A100-SXM4-40GB MIG 4g.20gb (0),1,,13,[CUDA memcpy Host-to-Device]
1611488234,40704,19494,,,,,,,,,,0.197,4830.069,Pinned,Device,NVIDIA A100-SXM4-40GB MIG 4g.20gb (0),1,,13,[CUDA memcpy Host-to-Device]
1611558250,8287,19495,69,4,1,48,1,1,76,0.002,0.000,,,,,NVIDIA A100-SXM4-40GB MIG 4g.20gb (0),1,,13,"void ch_est::windowedChEstPreNoDftSOfdmKernel<float, __half, float, (unsigned int)2, (unsigned int)1, (unsigned short)4>(ch_est::puschRxChEstStatDescr_t *, ch_est::puschRxChEstDynDescr_t *)"
1611575849,7104,19496,137,2,1,24,2,1,44,0.001,0.001,,,,,NVIDIA A100-SXM4-40GB MIG 4g.20gb (0),1,,13,"void ch_est::chEstFilterNoDftSOfdmDispatchKernel<float, __half, float, (unsigned int)2>(ch_est::puschRxChEstStatDescr_t *, ch_est::puschRxChEstDynDescr_t *)"
1611593225,4800,19497,137,2,1,24,2,1,44,0.001,0.001,,,,,NVIDIA A100-SXM4-40GB MIG 4g.20gb (0),1,,13,"void ch_est::chEstFilterNoDftSOfdmDispatchKernel<float, __half, float, (unsigned int)2>(ch_est::puschRxChEstStatDescr_t *, ch_est::puschRxChEstDynDescr_t *)"
1611609801,2688,19508,103,1,1,128,1,1,16,0.000,0.000,,,,,NVIDIA A100-SXM4-40GB MIG 4g.20gb (0),1,,13,cupy_copy__complex64_complex64
1611627273,12575,19518,1434,1,1,128,1,1,16,0.000,0.000,,,,,NVIDIA A100-SXM4-40GB MIG 4g.20gb (0),1,,13,cupy_copy__complex64_complex64
1611647464,2912,19525,103,1,1,128,1,1,16,0.000,0.000,,,,,NVIDIA A100-SXM4-40GB MIG 4g.20gb (0),1,,13,cupy_copy__complex64_complex64
1611674376,86815,19532,1,1,1,32,32,1,30,0.000,0.000,,,,,NVIDIA A100-SXM4-40GB MIG 4g.20gb (0),1,,13,"void convert_kernel<__half2, float2>(tensor_layout_any, T1 *, tensor_layout_any, const T2 *)"
1611793127,32191,19535,,,,,,,,,,0.094,2910.573,Pinned,Device,NVIDIA A100-SXM4-40GB MIG 4g.20gb (0),1,,13,[CUDA memcpy Host-to-Device]
1611846534,47135,19536,,,,,,,,,,35.810,759707.453,Device,,NVIDIA A100-SXM4-40GB MIG 4g.20gb (0),1,,13,[CUDA memset]
1611900421,9536,19538,,,,,,,,,,0.000,8.389,Pinned,Device,NVIDIA A100-SXM4-40GB MIG 4g.20gb (0),1,,13,[CUDA memcpy Host-to-Device]
1611923045,20704,19539,,,,,,,,,,0.197,9495.970,Pinned,Device,NVIDIA A100-SXM4-40GB MIG 4g.20gb (0),1,,13,[CUDA memcpy Host-to-Device]
1611963236,9792,19540,273,1,1,48,1,1,40,0.000,0.001,,,,,NVIDIA A100-SXM4-40GB MIG 4g.20gb (0),1,,13,"void pusch_noise_intf_est::noiseIntfEstNoDftSOfdmKernel<float, __half, float, float, (unsigned int)2, (unsigned int)1, (unsigned char)4, (unsigned char)4>(pusch_noise_intf_est::puschRxNoiseIntfEstDynDescr)"
1611976580,2624,19551,35,1,1,128,1,1,16,0.000,0.000,,,,,NVIDIA A100-SXM4-40GB MIG 4g.20gb (0),1,,13,cupy_copy__complex64_complex64
1611991716,1760,19560,1,1,1,1,1,1,18,0.000,0.000,,,,,NVIDIA A100-SXM4-40GB MIG 4g.20gb (0),1,,13,cupy_copy__float32_float32
1611996676,4128,19566,,,,,,,,,,0.000,0.969,Device,Pageable,NVIDIA A100-SXM4-40GB MIG 4g.20gb (0),1,,7,[CUDA memcpy Device-to-Host]
1612071299,13344,19577,1434,1,1,128,1,1,16,0.000,0.000,,,,,NVIDIA A100-SXM4-40GB MIG 4g.20gb (0),1,,13,cupy_copy__complex64_complex64
1612105507,2848,19584,103,1,1,128,1,1,16,0.000,0.000,,,,,NVIDIA A100-SXM4-40GB MIG 4g.20gb (0),1,,13,cupy_copy__complex64_complex64
1612120707,2624,19591,35,1,1,128,1,1,16,0.000,0.000,,,,,NVIDIA A100-SXM4-40GB MIG 4g.20gb (0),1,,13,cupy_copy__complex64_complex64
1612141250,1952,19598,1,1,1,1,1,1,18,0.000,0.000,,,,,NVIDIA A100-SXM4-40GB MIG 4g.20gb (0),1,,13,cupy_copy__float32_float32
1612271169,83551,19609,1,1,1,32,32,1,30,0.000,0.000,,,,,NVIDIA A100-SXM4-40GB MIG 4g.20gb (0),1,,13,"void convert_kernel<__half2, float2>(tensor_layout_any, T1 *, tensor_layout_any, const T2 *)"
1612382367,5568,19612,,,,,,,,,,0.094,16827.521,Pinned,Device,NVIDIA A100-SXM4-40GB MIG 4g.20gb (0),1,,13,[CUDA memcpy Host-to-Device]
1612396639,3552,19613,,,,,,,,,,1.547,435422.601,Device,,NVIDIA A100-SXM4-40GB MIG 4g.20gb (0),1,,13,[CUDA memset]
1612403711,3296,19618,,,,,,,,,,0.031,9495.144,Pinned,Device,NVIDIA A100-SXM4-40GB MIG 4g.20gb (0),1,,13,[CUDA memcpy Host-to-Device]
1612409567,9664,19619,,,,,,,,,,0.197,20344.209,Pinned,Device,NVIDIA A100-SXM4-40GB MIG 4g.20gb (0),1,,13,[CUDA memcpy Host-to-Device]
1612422879,6624,19620,273,1,1,8,4,1,39,0.002,0.000,,,,,NVIDIA A100-SXM4-40GB MIG 4g.20gb (0),1,,13,"void channel_eq::eqMmseCoefCompLowMimoKernel<float, float, float, (unsigned int)4, (unsigned int)1, (unsigned int)4>(const channel_eq::_puschRxChEqStatDescr *, channel_eq::_puschRxChEqCoefCompDynDescr)"
1612430495,5632,19621,273,1,1,12,11,1,51,0.002,0.000,,,,,NVIDIA A100-SXM4-40GB MIG 4g.20gb (0),1,,13,"void channel_eq::eqMmseSoftDemapKernel<float, __half, __half, float, (unsigned int)4, (unsigned short)16383>(channel_eq::_puschRxChEqStatDescr *, channel_eq::_puschRxChEqSoftDemapDynDescr)"
1612437151,282428,19622,1,1,1,32,32,1,30,0.000,0.000,,,,,NVIDIA A100-SXM4-40GB MIG 4g.20gb (0),1,,13,"void convert_kernel<float2, __half2>(tensor_layout_any, T1 *, tensor_layout_any, const T2 *)"
1612720699,11008,19634,2253,1,1,128,1,1,16,0.000,0.000,,,,,NVIDIA A100-SXM4-40GB MIG 4g.20gb (0),1,,13,cupy_copy__float16_float16
1612734843,3744,19643,282,1,1,128,1,1,16,0.000,0.000,,,,,NVIDIA A100-SXM4-40GB MIG 4g.20gb (0),1,,13,cupy_copy__complex64_complex64
1612741339,2144,19652,26,1,1,128,1,1,16,0.000,0.000,,,,,NVIDIA A100-SXM4-40GB MIG 4g.20gb (0),1,,13,cupy_copy__float32_float32
1612745243,3232,19661,103,1,1,128,1,1,16,0.000,0.000,,,,,NVIDIA A100-SXM4-40GB MIG 4g.20gb (0),1,,13,cupy_copy__complex64_complex64
1612751451,12032,19671,1434,1,1,128,1,1,16,0.000,0.000,,,,,NVIDIA A100-SXM4-40GB MIG 4g.20gb (0),1,,13,cupy_copy__complex64_complex64
1612770586,82015,19676,1,1,1,32,32,1,30,0.000,0.000,,,,,NVIDIA A100-SXM4-40GB MIG 4g.20gb (0),1,,13,"void convert_kernel<__half2, float2>(tensor_layout_any, T1 *, tensor_layout_any, const T2 *)"
1612879385,5504,19679,,,,,,,,,,0.094,17023.251,Pinned,Device,NVIDIA A100-SXM4-40GB MIG 4g.20gb (0),1,,13,[CUDA memcpy Host-to-Device]
1612889817,597337,19680,,,,,,,,,,456.561,764283.851,Device,,NVIDIA A100-SXM4-40GB MIG 4g.20gb (0),1,,13,[CUDA memset]
1613492466,135966,19685,,,,,,,,,,1.235,9081.778,Pinned,Device,NVIDIA A100-SXM4-40GB MIG 4g.20gb (0),1,,13,[CUDA memcpy Host-to-Device]
1613641296,46783,19686,,,,,,,,,,0.197,4202.496,Pinned,Device,NVIDIA A100-SXM4-40GB MIG 4g.20gb (0),1,,13,[CUDA memcpy Host-to-Device]
1613714767,8160,19687,69,4,1,48,1,1,76,0.002,0.000,,,,,NVIDIA A100-SXM4-40GB MIG 4g.20gb (0),1,,13,"void ch_est::windowedChEstPreNoDftSOfdmKernel<float, __half, float, (unsigned int)2, (unsigned int)1, (unsigned short)4>(ch_est::puschRxChEstStatDescr_t *, ch_est::puschRxChEstDynDescr_t *)"
1613731887,6751,19688,137,2,1,24,2,1,44,0.001,0.001,,,,,NVIDIA A100-SXM4-40GB MIG 4g.20gb (0),1,,13,"void ch_est::chEstFilterNoDftSOfdmDispatchKernel<float, __half, float, (unsigned int)2>(ch_est::puschRxChEstStatDescr_t *, ch_est::puschRxChEstDynDescr_t *)"
1613750798,4736,19689,137,2,1,24,2,1,44,0.001,0.001,,,,,NVIDIA A100-SXM4-40GB MIG 4g.20gb (0),1,,13,"void ch_est::chEstFilterNoDftSOfdmDispatchKernel<float, __half, float, (unsigned int)2>(ch_est::puschRxChEstStatDescr_t *, ch_est::puschRxChEstDynDescr_t *)"
1613766094,2656,19700,103,1,1,128,1,1,16,0.000,0.000,,,,,NVIDIA A100-SXM4-40GB MIG 4g.20gb (0),1,,13,cupy_copy__complex64_complex64
1613781582,12768,19710,1434,1,1,128,1,1,16,0.000,0.000,,,,,NVIDIA A100-SXM4-40GB MIG 4g.20gb (0),1,,13,cupy_copy__complex64_complex64
1613818637,2400,19717,103,1,1,128,1,1,16,0.000,0.000,,,,,NVIDIA A100-SXM4-40GB MIG 4g.20gb (0),1,,13,cupy_copy__complex64_complex64
1613833773,82623,19724,1,1,1,32,32,1,30,0.000,0.000,,,,,NVIDIA A100-SXM4-40GB MIG 4g.20gb (0),1,,13,"void convert_kernel<__half2, float2>(tensor_layout_any, T1 *, tensor_layout_any, const T2 *)"
1613948236,10368,19727,,,,,,,,,,0.094,9036.979,Pinned,Device,NVIDIA A100-SXM4-40GB MIG 4g.20gb (0),1,,13,[CUDA memcpy Host-to-Device]
1613974220,47391,19728,,,,,,,,,,35.810,755625.122,Device,,NVIDIA A100-SXM4-40GB MIG 4g.20gb (0),1,,13,[CUDA memset]
1614024395,10432,19730,,,,,,,,,,0.000,7.669,Pinned,Device,NVIDIA A100-SXM4-40GB MIG 4g.20gb (0),1,,13,[CUDA memcpy Host-to-Device]
1614047275,20575,19731,,,,,,,,,,0.197,9555.542,Pinned,Device,NVIDIA A100-SXM4-40GB MIG 4g.20gb (0),1,,13,[CUDA memcpy Host-to-Device]
1614091018,9664,19732,273,1,1,48,1,1,40,0.000,0.001,,,,,NVIDIA A100-SXM4-40GB MIG 4g.20gb (0),1,,13,"void pusch_noise_intf_est::noiseIntfEstNoDftSOfdmKernel<float, __half, float, float, (unsigned int)2, (unsigned int)1, (unsigned char)4, (unsigned char)4>(pusch_noise_intf_est::puschRxNoiseIntfEstDynDescr)"
1614106506,2720,19743,35,1,1,128,1,1,16,0.000,0.000,,,,,NVIDIA A100-SXM4-40GB MIG 4g.20gb (0),1,,13,cupy_copy__complex64_complex64
1614122282,1664,19752,1,1,1,1,1,1,18,0.000,0.000,,,,,NVIDIA A100-SXM4-40GB MIG 4g.20gb (0),1,,13,cupy_copy__float32_float32
1614130346,7232,19758,,,,,,,,,,0.000,0.553,Device,Pageable,NVIDIA A100-SXM4-40GB MIG 4g.20gb (0),1,,7,[CUDA memcpy Device-to-Host]
1614228072,12896,19769,1434,1,1,128,1,1,16,0.000,0.000,,,,,NVIDIA A100-SXM4-40GB MIG 4g.20gb (0),1,,13,cupy_copy__complex64_complex64
1614251176,3424,19776,103,1,1,128,1,1,16,0.000,0.000,,,,,NVIDIA A100-SXM4-40GB MIG 4g.20gb (0),1,,13,cupy_copy__complex64_complex64
1614274120,2560,19783,35,1,1,128,1,1,16,0.000,0.000,,,,,NVIDIA A100-SXM4-40GB MIG 4g.20gb (0),1,,13,cupy_copy__complex64_complex64
1614295720,1664,19790,1,1,1,1,1,1,18,0.000,0.000,,,,,NVIDIA A100-SXM4-40GB MIG 4g.20gb (0),1,,13,cupy_copy__float32_float32
1614422950,88127,19801,1,1,1,32,32,1,30,0.000,0.000,,,,,NVIDIA A100-SXM4-40GB MIG 4g.20gb (0),1,,13,"void convert_kernel<__half2, float2>(tensor_layout_any, T1 *, tensor_layout_any, const T2 *)"
1614542789,13887,19804,,,,,,,,,,0.094,6746.955,Pinned,Device,NVIDIA A100-SXM4-40GB MIG 4g.20gb (0),1,,13,[CUDA memcpy Host-to-Device]
1614566564,3200,19805,,,,,,,,,,1.547,483320.000,Device,,NVIDIA A100-SXM4-40GB MIG 4g.20gb (0),1,,13,[CUDA memset]
1614573028,5280,19810,,,,,,,,,,0.031,5927.243,Pinned,Device,NVIDIA A100-SXM4-40GB MIG 4g.20gb (0),1,,13,[CUDA memcpy Host-to-Device]
1614585028,14464,19811,,,,,,,,,,0.197,13592.887,Pinned,Device,NVIDIA A100-SXM4-40GB MIG 4g.20gb (0),1,,13,[CUDA memcpy Host-to-Device]
1614612580,7488,19812,273,1,1,8,4,1,39,0.002,0.000,,,,,NVIDIA A100-SXM4-40GB MIG 4g.20gb (0),1,,13,"void channel_eq::eqMmseCoefCompLowMimoKernel<float, float, float, (unsigned int)4, (unsigned int)1, (unsigned int)4>(const channel_eq::_puschRxChEqStatDescr *, channel_eq::_puschRxChEqCoefCompDynDescr)"
1614622084,5503,19813,273,1,1,12,11,1,51,0.002,0.000,,,,,NVIDIA A100-SXM4-40GB MIG 4g.20gb (0),1,,13,"void channel_eq::eqMmseSoftDemapKernel<float, __half, __half, float, (unsigned int)4, (unsigned short)16383>(channel_eq::_puschRxChEqStatDescr *, channel_eq::_puschRxChEqSoftDemapDynDescr)"
1614631107,294845,19814,1,1,1,32,32,1,30,0.000,0.000,,,,,NVIDIA A100-SXM4-40GB MIG 4g.20gb (0),1,,13,"void convert_kernel<float2, __half2>(tensor_layout_any, T1 *, tensor_layout_any, const T2 *)"
1614928608,11008,19826,2253,1,1,128,1,1,16,0.000,0.000,,,,,NVIDIA A100-SXM4-40GB MIG 4g.20gb (0),1,,13,cupy_copy__float16_float16
1614944352,2688,19835,282,1,1,128,1,1,16,0.000,0.000,,,,,NVIDIA A100-SXM4-40GB MIG 4g.20gb (0),1,,13,cupy_copy__complex64_complex64
1614948511,2368,19844,26,1,1,128,1,1,16,0.000,0.000,,,,,NVIDIA A100-SXM4-40GB MIG 4g.20gb (0),1,,13,cupy_copy__float32_float32
1614953823,4896,19853,103,1,1,128,1,1,16,0.000,0.000,,,,,NVIDIA A100-SXM4-40GB MIG 4g.20gb (0),1,,13,cupy_copy__complex64_complex64
1614959935,12096,19863,1434,1,1,128,1,1,16,0.000,0.000,,,,,NVIDIA A100-SXM4-40GB MIG 4g.20gb (0),1,,13,cupy_copy__complex64_complex64
1614976895,81663,19868,1,1,1,32,32,1,30,0.000,0.000,,,,,NVIDIA A100-SXM4-40GB MIG 4g.20gb (0),1,,13,"void convert_kernel<__half2, float2>(tensor_layout_any, T1 *, tensor_layout_any, const T2 *)"
1615086846,5696,19871,,,,,,,,,,0.094,16449.363,Pinned,Device,NVIDIA A100-SXM4-40GB MIG 4g.20gb (0),1,,13,[CUDA memcpy Host-to-Device]
1615097374,596472,19872,,,,,,,,,,456.561,765196.973,Device,,NVIDIA A100-SXM4-40GB MIG 4g.20gb (0),1,,13,[CUDA memset]
1615701302,146398,19877,,,,,,,,,,1.235,8434.668,Pinned,Device,NVIDIA A100-SXM4-40GB MIG 4g.20gb (0),1,,13,[CUDA memcpy Host-to-Device]
1615858004,29440,19878,,,,,,,,,,0.197,6678.184,Pinned,Device,NVIDIA A100-SXM4-40GB MIG 4g.20gb (0),1,,13,[CUDA memcpy Host-to-Device]
1615910388,7903,19879,69,4,1,48,1,1,76,0.002,0.000,,,,,NVIDIA A100-SXM4-40GB MIG 4g.20gb (0),1,,13,"void ch_est::windowedChEstPreNoDftSOfdmKernel<float, __half, float, (unsigned int)2, (unsigned int)1, (unsigned short)4>(ch_est::puschRxChEstStatDescr_t *, ch_est::puschRxChEstDynDescr_t *)"
1615925395,6464,19880,137,2,1,24,2,1,44,0.001,0.001,,,,,NVIDIA A100-SXM4-40GB MIG 4g.20gb (0),1,,13,"void ch_est::chEstFilterNoDftSOfdmDispatchKernel<float, __half, float, (unsigned int)2>(ch_est::puschRxChEstStatDescr_t *, ch_est::puschRxChEstDynDescr_t *)"
1615934835,5088,19881,137,2,1,24,2,1,44,0.001,0.001,,,,,NVIDIA A100-SXM4-40GB MIG 4g.20gb (0),1,,13,"void ch_est::chEstFilterNoDftSOfdmDispatchKernel<float, __half, float, (unsigned int)2>(ch_est::puschRxChEstStatDescr_t *, ch_est::puschRxChEstDynDescr_t *)"
1615943219,2912,19892,103,1,1,128,1,1,16,0.000,0.000,,,,,NVIDIA A100-SXM4-40GB MIG 4g.20gb (0),1,,13,cupy_copy__complex64_complex64
1615951731,12480,19902,1434,1,1,128,1,1,16,0.000,0.000,,,,,NVIDIA A100-SXM4-40GB MIG 4g.20gb (0),1,,13,cupy_copy__complex64_complex64
1615967059,3168,19909,103,1,1,128,1,1,16,0.000,0.000,,,,,NVIDIA A100-SXM4-40GB MIG 4g.20gb (0),1,,13,cupy_copy__complex64_complex64
1615976051,88511,19916,1,1,1,32,32,1,30,0.000,0.000,,,,,NVIDIA A100-SXM4-40GB MIG 4g.20gb (0),1,,13,"void convert_kernel<__half2, float2>(tensor_layout_any, T1 *, tensor_layout_any, const T2 *)"
1616093745,9888,19919,,,,,,,,,,0.094,9475.664,Pinned,Device,NVIDIA A100-SXM4-40GB MIG 4g.20gb (0),1,,13,[CUDA memcpy Host-to-Device]
1616111793,45664,19920,,,,,,,,,,35.810,784201.438,Device,,NVIDIA A100-SXM4-40GB MIG 4g.20gb (0),1,,13,[CUDA memset]
1616158481,2431,19922,,,,,,,,,,0.000,32.908,Pinned,Device,NVIDIA A100-SXM4-40GB MIG 4g.20gb (0),1,,13,[CUDA memcpy Host-to-Device]
1616168944,15904,19923,,,,,,,,,,0.197,12362.121,Pinned,Device,NVIDIA A100-SXM4-40GB MIG 4g.20gb (0),1,,13,[CUDA memcpy Host-to-Device]
1616205584,9824,19924,273,1,1,48,1,1,40,0.000,0.001,,,,,NVIDIA A100-SXM4-40GB MIG 4g.20gb (0),1,,13,"void pusch_noise_intf_est::noiseIntfEstNoDftSOfdmKernel<float, __half, float, float, (unsigned int)2, (unsigned int)1, (unsigned char)4, (unsigned char)4>(pusch_noise_intf_est::puschRxNoiseIntfEstDynDescr)"
1616223056,2816,19935,35,1,1,128,1,1,16,0.000,0.000,,,,,NVIDIA A100-SXM4-40GB MIG 4g.20gb (0),1,,13,cupy_copy__complex64_complex64
1616232496,1696,19944,1,1,1,1,1,1,18,0.000,0.000,,,,,NVIDIA A100-SXM4-40GB MIG 4g.20gb (0),1,,13,cupy_copy__float32_float32
1616248623,7296,19950,,,,,,,,,,0.000,0.548,Device,Pageable,NVIDIA A100-SXM4-40GB MIG 4g.20gb (0),1,,7,[CUDA memcpy Device-to-Host]
1616328910,12896,19961,1434,1,1,128,1,1,16,0.000,0.000,,,,,NVIDIA A100-SXM4-40GB MIG 4g.20gb (0),1,,13,cupy_copy__complex64_complex64
1616356974,3296,19968,103,1,1,128,1,1,16,0.000,0.000,,,,,NVIDIA A100-SXM4-40GB MIG 4g.20gb (0),1,,13,cupy_copy__complex64_complex64
1616374766,2752,19975,35,1,1,128,1,1,16,0.000,0.000,,,,,NVIDIA A100-SXM4-40GB MIG 4g.20gb (0),1,,13,cupy_copy__complex64_complex64
1616388558,2048,19982,1,1,1,1,1,1,18,0.000,0.000,,,,,NVIDIA A100-SXM4-40GB MIG 4g.20gb (0),1,,13,cupy_copy__float32_float32
1616519724,81503,19993,1,1,1,32,32,1,30,0.000,0.000,,,,,NVIDIA A100-SXM4-40GB MIG 4g.20gb (0),1,,13,"void convert_kernel<__half2, float2>(tensor_layout_any, T1 *, tensor_layout_any, const T2 *)"
1616629163,5376,19996,,,,,,,,,,0.094,17428.487,Pinned,Device,NVIDIA A100-SXM4-40GB MIG 4g.20gb (0),1,,13,[CUDA memcpy Host-to-Device]
1616646378,3264,19997,,,,,,,,,,1.547,473842.288,Device,,NVIDIA A100-SXM4-40GB MIG 4g.20gb (0),1,,13,[CUDA memset]
1616650282,3232,20002,,,,,,,,,,0.031,9683.139,Pinned,Device,NVIDIA A100-SXM4-40GB MIG 4g.20gb (0),1,,13,[CUDA memcpy Host-to-Device]
1616656106,9696,20003,,,,,,,,,,0.197,20277.166,Pinned,Device,NVIDIA A100-SXM4-40GB MIG 4g.20gb (0),1,,13,[CUDA memcpy Host-to-Device]
1616669514,6496,20004,273,1,1,8,4,1,39,0.002,0.000,,,,,NVIDIA A100-SXM4-40GB MIG 4g.20gb (0),1,,13,"void channel_eq::eqMmseCoefCompLowMimoKernel<float, float, float, (unsigned int)4, (unsigned int)1, (unsigned int)4>(const channel_eq::_puschRxChEqStatDescr *, channel_eq::_puschRxChEqCoefCompDynDescr)"
1616678474,6240,20005,273,1,1,12,11,1,51,0.002,0.000,,,,,NVIDIA A100-SXM4-40GB MIG 4g.20gb (0),1,,13,"void channel_eq::eqMmseSoftDemapKernel<float, __half, __half, float, (unsigned int)4, (unsigned short)16383>(channel_eq::_puschRxChEqStatDescr *, channel_eq::_puschRxChEqSoftDemapDynDescr)"
1616685802,283228,20006,1,1,1,32,32,1,30,0.000,0.000,,,,,NVIDIA A100-SXM4-40GB MIG 4g.20gb (0),1,,13,"void convert_kernel<float2, __half2>(tensor_layout_any, T1 *, tensor_layout_any, const T2 *)"
1616972486,11008,20018,2253,1,1,128,1,1,16,0.000,0.000,,,,,NVIDIA A100-SXM4-40GB MIG 4g.20gb (0),1,,13,cupy_copy__float16_float16
1616986534,3552,20027,282,1,1,128,1,1,16,0.000,0.000,,,,,NVIDIA A100-SXM4-40GB MIG 4g.20gb (0),1,,13,cupy_copy__complex64_complex64
1616991238,2016,20036,26,1,1,128,1,1,16,0.000,0.000,,,,,NVIDIA A100-SXM4-40GB MIG 4g.20gb (0),1,,13,cupy_copy__float32_float32
1616996230,2912,20045,103,1,1,128,1,1,16,0.000,0.000,,,,,NVIDIA A100-SXM4-40GB MIG 4g.20gb (0),1,,13,cupy_copy__complex64_complex64
1617000102,12032,20055,1434,1,1,128,1,1,16,0.000,0.000,,,,,NVIDIA A100-SXM4-40GB MIG 4g.20gb (0),1,,13,cupy_copy__complex64_complex64
1617020614,82943,20060,1,1,1,32,32,1,30,0.000,0.000,,,,,NVIDIA A100-SXM4-40GB MIG 4g.20gb (0),1,,13,"void convert_kernel<__half2, float2>(tensor_layout_any, T1 *, tensor_layout_any, const T2 *)"
1617130980,5632,20063,,,,,,,,,,0.094,16636.287,Pinned,Device,NVIDIA A100-SXM4-40GB MIG 4g.20gb (0),1,,13,[CUDA memcpy Host-to-Device]
1617142468,598457,20064,,,,,,,,,,456.561,762457.605,Device,,NVIDIA A100-SXM4-40GB MIG 4g.20gb (0),1,,13,[CUDA memset]
1617747069,121598,20069,,,,,,,,,,1.235,10154.945,Pinned,Device,NVIDIA A100-SXM4-40GB MIG 4g.20gb (0),1,,13,[CUDA memcpy Host-to-Device]
1617878363,34784,20070,,,,,,,,,,0.197,5652.087,Pinned,Device,NVIDIA A100-SXM4-40GB MIG 4g.20gb (0),1,,13,[CUDA memcpy Host-to-Device]
1617938394,8192,20071,69,4,1,48,1,1,76,0.002,0.000,,,,,NVIDIA A100-SXM4-40GB MIG 4g.20gb (0),1,,13,"void ch_est::windowedChEstPreNoDftSOfdmKernel<float, __half, float, (unsigned int)2, (unsigned int)1, (unsigned short)4>(ch_est::puschRxChEstStatDescr_t *, ch_est::puschRxChEstDynDescr_t *)"
1617955642,6656,20072,137,2,1,24,2,1,44,0.001,0.001,,,,,NVIDIA A100-SXM4-40GB MIG 4g.20gb (0),1,,13,"void ch_est::chEstFilterNoDftSOfdmDispatchKernel<float, __half, float, (unsigned int)2>(ch_est::puschRxChEstStatDescr_t *, ch_est::puschRxChEstDynDescr_t *)"
1617970938,4736,20073,137,2,1,24,2,1,44,0.001,0.001,,,,,NVIDIA A100-SXM4-40GB MIG 4g.20gb (0),1,,13,"void ch_est::chEstFilterNoDftSOfdmDispatchKernel<float, __half, float, (unsigned int)2>(ch_est::puschRxChEstStatDescr_t *, ch_est::puschRxChEstDynDescr_t *)"
1617986554,2528,20084,103,1,1,128,1,1,16,0.000,0.000,,,,,NVIDIA A100-SXM4-40GB MIG 4g.20gb (0),1,,13,cupy_copy__complex64_complex64
1618003066,12223,20094,1434,1,1,128,1,1,16,0.000,0.000,,,,,NVIDIA A100-SXM4-40GB MIG 4g.20gb (0),1,,13,cupy_copy__complex64_complex64
1618040633,2400,20101,103,1,1,128,1,1,16,0.000,0.000,,,,,NVIDIA A100-SXM4-40GB MIG 4g.20gb (0),1,,13,cupy_copy__complex64_complex64
1618061977,91647,20108,1,1,1,32,32,1,30,0.000,0.000,,,,,NVIDIA A100-SXM4-40GB MIG 4g.20gb (0),1,,13,"void convert_kernel<__half2, float2>(tensor_layout_any, T1 *, tensor_layout_any, const T2 *)"
1618186487,14560,20111,,,,,,,,,,0.094,6435.135,Pinned,Device,NVIDIA A100-SXM4-40GB MIG 4g.20gb (0),1,,13,[CUDA memcpy Host-to-Device]
1618206775,46848,20112,,,,,,,,,,35.810,764362.742,Device,,NVIDIA A100-SXM4-40GB MIG 4g.20gb (0),1,,13,[CUDA memset]
1618254775,2528,20114,,,,,,,,,,0.000,31.646,Pinned,Device,NVIDIA A100-SXM4-40GB MIG 4g.20gb (0),1,,13,[CUDA memcpy Host-to-Device]
1618265654,18688,20115,,,,,,,,,,0.197,10520.494,Pinned,Device,NVIDIA A100-SXM4-40GB MIG 4g.20gb (0),1,,13,[CUDA memcpy Host-to-Device]
1618293526,12832,20116,273,1,1,48,1,1,40,0.000,0.001,,,,,NVIDIA A100-SXM4-40GB MIG 4g.20gb (0),1,,13,"void pusch_noise_intf_est::noiseIntfEstNoDftSOfdmKernel<float, __half, float, float, (unsigned int)2, (unsigned int)1, (unsigned char)4, (unsigned char)4>(pusch_noise_intf_est::puschRxNoiseIntfEstDynDescr)"
1618309718,3328,20127,35,1,1,128,1,1,16,0.000,0.000,,,,,NVIDIA A100-SXM4-40GB MIG 4g.20gb (0),1,,13,cupy_copy__complex64_complex64
1618319062,1888,20136,1,1,1,1,1,1,18,0.000,0.000,,,,,NVIDIA A100-SXM4-40GB MIG 4g.20gb (0),1,,13,cupy_copy__float32_float32
1618333462,5919,20142,,,,,,,,,,0.000,0.676,Device,Pageable,NVIDIA A100-SXM4-40GB MIG 4g.20gb (0),1,,7,[CUDA memcpy Device-to-Host]
1618410005,12863,20153,1434,1,1,128,1,1,16,0.000,0.000,,,,,NVIDIA A100-SXM4-40GB MIG 4g.20gb (0),1,,13,cupy_copy__complex64_complex64
1618434516,2848,20160,103,1,1,128,1,1,16,0.000,0.000,,,,,NVIDIA A100-SXM4-40GB MIG 4g.20gb (0),1,,13,cupy_copy__complex64_complex64
1618459348,2720,20167,35,1,1,128,1,1,16,0.000,0.000,,,,,NVIDIA A100-SXM4-40GB MIG 4g.20gb (0),1,,13,cupy_copy__complex64_complex64
1618475380,1888,20174,1,1,1,1,1,1,18,0.000,0.000,,,,,NVIDIA A100-SXM4-40GB MIG 4g.20gb (0),1,,13,cupy_copy__float32_float32
1618607058,82879,20185,1,1,1,32,32,1,30,0.000,0.000,,,,,NVIDIA A100-SXM4-40GB MIG 4g.20gb (0),1,,13,"void convert_kernel<__half2, float2>(tensor_layout_any, T1 *, tensor_layout_any, const T2 *)"
1618717393,5792,20188,,,,,,,,,,0.094,16176.708,Pinned,Device,NVIDIA A100-SXM4-40GB MIG 4g.20gb (0),1,,13,[CUDA memcpy Host-to-Device]
1618731857,3168,20189,,,,,,,,,,1.547,488201.145,Device,,NVIDIA A100-SXM4-40GB MIG 4g.20gb (0),1,,13,[CUDA memset]
1618738801,3263,20194,,,,,,,,,,0.031,9591.160,Pinned,Device,NVIDIA A100-SXM4-40GB MIG 4g.20gb (0),1,,13,[CUDA memcpy Host-to-Device]
1618744496,9664,20195,,,,,,,,,,0.197,20344.209,Pinned,Device,NVIDIA A100-SXM4-40GB MIG 4g.20gb (0),1,,13,[CUDA memcpy Host-to-Device]
1618758288,6240,20196,273,1,1,8,4,1,39,0.002,0.000,,,,,NVIDIA A100-SXM4-40GB MIG 4g.20gb (0),1,,13,"void channel_eq::eqMmseCoefCompLowMimoKernel<float, float, float, (unsigned int)4, (unsigned int)1, (unsigned int)4>(const channel_eq::_puschRxChEqStatDescr *, channel_eq::_puschRxChEqCoefCompDynDescr)"
1618767248,6176,20197,273,1,1,12,11,1,51,0.002,0.000,,,,,NVIDIA A100-SXM4-40GB MIG 4g.20gb (0),1,,13,"void channel_eq::eqMmseSoftDemapKernel<float, __half, __half, float, (unsigned int)4, (unsigned short)16383>(channel_eq::_puschRxChEqStatDescr *, channel_eq::_puschRxChEqSoftDemapDynDescr)"
1618774416,282813,20198,1,1,1,32,32,1,30,0.000,0.000,,,,,NVIDIA A100-SXM4-40GB MIG 4g.20gb (0),1,,13,"void convert_kernel<float2, __half2>(tensor_layout_any, T1 *, tensor_layout_any, const T2 *)"
1619058413,10975,20210,2253,1,1,128,1,1,16,0.000,0.000,,,,,NVIDIA A100-SXM4-40GB MIG 4g.20gb (0),1,,13,cupy_copy__float16_float16
1619071532,3200,20219,282,1,1,128,1,1,16,0.000,0.000,,,,,NVIDIA A100-SXM4-40GB MIG 4g.20gb (0),1,,13,cupy_copy__complex64_complex64
1619077548,2048,20228,26,1,1,128,1,1,16,0.000,0.000,,,,,NVIDIA A100-SXM4-40GB MIG 4g.20gb (0),1,,13,cupy_copy__float32_float32
1619082892,3392,20237,103,1,1,128,1,1,16,0.000,0.000,,,,,NVIDIA A100-SXM4-40GB MIG 4g.20gb (0),1,,13,cupy_copy__complex64_complex64
1619089740,12192,20247,1434,1,1,128,1,1,16,0.000,0.000,,,,,NVIDIA A100-SXM4-40GB MIG 4g.20gb (0),1,,13,cupy_copy__complex64_complex64
1619114636,82367,20252,1,1,1,32,32,1,30,0.000,0.000,,,,,NVIDIA A100-SXM4-40GB MIG 4g.20gb (0),1,,13,"void convert_kernel<__half2, float2>(tensor_layout_any, T1 *, tensor_layout_any, const T2 *)"
1619223819,5823,20255,,,,,,,,,,0.094,16090.601,Pinned,Device,NVIDIA A100-SXM4-40GB MIG 4g.20gb (0),1,,13,[CUDA memcpy Host-to-Device]
1619235050,597369,20256,,,,,,,,,,456.561,764283.851,Device,,NVIDIA A100-SXM4-40GB MIG 4g.20gb (0),1,,13,[CUDA memset]
1619840419,142430,20261,,,,,,,,,,1.235,8669.307,Pinned,Device,NVIDIA A100-SXM4-40GB MIG 4g.20gb (0),1,,13,[CUDA memcpy Host-to-Device]
1619996321,41375,20262,,,,,,,,,,0.197,4751.819,Pinned,Device,NVIDIA A100-SXM4-40GB MIG 4g.20gb (0),1,,13,[CUDA memcpy Host-to-Device]
1620066688,8192,20263,69,4,1,48,1,1,76,0.002,0.000,,,,,NVIDIA A100-SXM4-40GB MIG 4g.20gb (0),1,,13,"void ch_est::windowedChEstPreNoDftSOfdmKernel<float, __half, float, (unsigned int)2, (unsigned int)1, (unsigned short)4>(ch_est::puschRxChEstStatDescr_t *, ch_est::puschRxChEstDynDescr_t *)"
1620085696,6528,20264,137,2,1,24,2,1,44,0.001,0.001,,,,,NVIDIA A100-SXM4-40GB MIG 4g.20gb (0),1,,13,"void ch_est::chEstFilterNoDftSOfdmDispatchKernel<float, __half, float, (unsigned int)2>(ch_est::puschRxChEstStatDescr_t *, ch_est::puschRxChEstDynDescr_t *)"
1620102784,4736,20265,137,2,1,24,2,1,44,0.001,0.001,,,,,NVIDIA A100-SXM4-40GB MIG 4g.20gb (0),1,,13,"void ch_est::chEstFilterNoDftSOfdmDispatchKernel<float, __half, float, (unsigned int)2>(ch_est::puschRxChEstStatDescr_t *, ch_est::puschRxChEstDynDescr_t *)"
1620119423,2720,20276,103,1,1,128,1,1,16,0.000,0.000,,,,,NVIDIA A100-SXM4-40GB MIG 4g.20gb (0),1,,13,cupy_copy__complex64_complex64
1620135391,12384,20286,1434,1,1,128,1,1,16,0.000,0.000,,,,,NVIDIA A100-SXM4-40GB MIG 4g.20gb (0),1,,13,cupy_copy__complex64_complex64
1620156095,2880,20293,103,1,1,128,1,1,16,0.000,0.000,,,,,NVIDIA A100-SXM4-40GB MIG 4g.20gb (0),1,,13,cupy_copy__complex64_complex64
1620180287,87935,20300,1,1,1,32,32,1,30,0.000,0.000,,,,,NVIDIA A100-SXM4-40GB MIG 4g.20gb (0),1,,13,"void convert_kernel<__half2, float2>(tensor_layout_any, T1 *, tensor_layout_any, const T2 *)"
1620300285,17344,20303,,,,,,,,,,0.094,5402.137,Pinned,Device,NVIDIA A100-SXM4-40GB MIG 4g.20gb (0),1,,13,[CUDA memcpy Host-to-Device]
1620335837,47071,20304,,,,,,,,,,35.810,760745.940,Device,,NVIDIA A100-SXM4-40GB MIG 4g.20gb (0),1,,13,[CUDA memset]
1620388092,9824,20306,,,,,,,,,,0.000,8.143,Pinned,Device,NVIDIA A100-SXM4-40GB MIG 4g.20gb (0),1,,13,[CUDA memcpy Host-to-Device]
1620412508,24639,20307,,,,,,,,,,0.197,7979.532,Pinned,Device,NVIDIA A100-SXM4-40GB MIG 4g.20gb (0),1,,13,[CUDA memcpy Host-to-Device]
1620460955,9536,20308,273,1,1,48,1,1,40,0.000,0.001,,,,,NVIDIA A100-SXM4-40GB MIG 4g.20gb (0),1,,13,"void pusch_noise_intf_est::noiseIntfEstNoDftSOfdmKernel<float, __half, float, float, (unsigned int)2, (unsigned int)1, (unsigned char)4, (unsigned char)4>(pusch_noise_intf_est::puschRxNoiseIntfEstDynDescr)"
1620474331,2784,20319,35,1,1,128,1,1,16,0.000,0.000,,,,,NVIDIA A100-SXM4-40GB MIG 4g.20gb (0),1,,13,cupy_copy__complex64_complex64
1620488731,1760,20328,1,1,1,1,1,1,18,0.000,0.000,,,,,NVIDIA A100-SXM4-40GB MIG 4g.20gb (0),1,,13,cupy_copy__float32_float32
1620495451,4000,20334,,,,,,,,,,0.000,1.000,Device,Pageable,NVIDIA A100-SXM4-40GB MIG 4g.20gb (0),1,,7,[CUDA memcpy Device-to-Host]
1620572954,12800,20345,1434,1,1,128,1,1,16,0.000,0.000,,,,,NVIDIA A100-SXM4-40GB MIG 4g.20gb (0),1,,13,cupy_copy__complex64_complex64
1620603897,3072,20352,103,1,1,128,1,1,16,0.000,0.000,,,,,NVIDIA A100-SXM4-40GB MIG 4g.20gb (0),1,,13,cupy_copy__complex64_complex64
1620619385,2528,20359,35,1,1,128,1,1,16,0.000,0.000,,,,,NVIDIA A100-SXM4-40GB MIG 4g.20gb (0),1,,13,cupy_copy__complex64_complex64
1620639609,2016,20366,1,1,1,1,1,1,18,0.000,0.000,,,,,NVIDIA A100-SXM4-40GB MIG 4g.20gb (0),1,,13,cupy_copy__float32_float32
1620769431,82207,20377,1,1,1,32,32,1,30,0.000,0.000,,,,,NVIDIA A100-SXM4-40GB MIG 4g.20gb (0),1,,13,"void convert_kernel<__half2, float2>(tensor_layout_any, T1 *, tensor_layout_any, const T2 *)"
1620879510,5632,20380,,,,,,,,,,0.094,16636.287,Pinned,Device,NVIDIA A100-SXM4-40GB MIG 4g.20gb (0),1,,13,[CUDA memcpy Host-to-Device]
1620896854,3360,20381,,,,,,,,,,1.547,460304.688,Device,,NVIDIA A100-SXM4-40GB MIG 4g.20gb (0),1,,13,[CUDA memset]
1620901814,3008,20386,,,,,,,,,,0.031,10404.230,Pinned,Device,NVIDIA A100-SXM4-40GB MIG 4g.20gb (0),1,,13,[CUDA memcpy Host-to-Device]
1620907638,10208,20387,,,,,,,,,,0.197,19260.113,Pinned,Device,NVIDIA A100-SXM4-40GB MIG 4g.20gb (0),1,,13,[CUDA memcpy Host-to-Device]
1620924597,8256,20388,273,1,1,8,4,1,39,0.002,0.000,,,,,NVIDIA A100-SXM4-40GB MIG 4g.20gb (0),1,,13,"void channel_eq::eqMmseCoefCompLowMimoKernel<float, float, float, (unsigned int)4, (unsigned int)1, (unsigned int)4>(const channel_eq::_puschRxChEqStatDescr *, channel_eq::_puschRxChEqCoefCompDynDescr)"
1620936021,7584,20389,273,1,1,12,11,1,51,0.002,0.000,,,,,NVIDIA A100-SXM4-40GB MIG 4g.20gb (0),1,,13,"void channel_eq::eqMmseSoftDemapKernel<float, __half, __half, float, (unsigned int)4, (unsigned short)16383>(channel_eq::_puschRxChEqStatDescr *, channel_eq::_puschRxChEqSoftDemapDynDescr)"
1620946229,282781,20390,1,1,1,32,32,1,30,0.000,0.000,,,,,NVIDIA A100-SXM4-40GB MIG 4g.20gb (0),1,,13,"void convert_kernel<float2, __half2>(tensor_layout_any, T1 *, tensor_layout_any, const T2 *)"
1621231346,10976,20402,2253,1,1,128,1,1,16,0.000,0.000,,,,,NVIDIA A100-SXM4-40GB MIG 4g.20gb (0),1,,13,cupy_copy__float16_float16
1621244241,3552,20411,282,1,1,128,1,1,16,0.000,0.000,,,,,NVIDIA A100-SXM4-40GB MIG 4g.20gb (0),1,,13,cupy_copy__complex64_complex64
1621251121,2240,20420,26,1,1,128,1,1,16,0.000,0.000,,,,,NVIDIA A100-SXM4-40GB MIG 4g.20gb (0),1,,13,cupy_copy__float32_float32
1621256561,3520,20429,103,1,1,128,1,1,16,0.000,0.000,,,,,NVIDIA A100-SXM4-40GB MIG 4g.20gb (0),1,,13,cupy_copy__complex64_complex64
1621262385,12384,20439,1434,1,1,128,1,1,16,0.000,0.000,,,,,NVIDIA A100-SXM4-40GB MIG 4g.20gb (0),1,,13,cupy_copy__complex64_complex64
1621276689,82975,20444,1,1,1,32,32,1,30,0.000,0.000,,,,,NVIDIA A100-SXM4-40GB MIG 4g.20gb (0),1,,13,"void convert_kernel<__half2, float2>(tensor_layout_any, T1 *, tensor_layout_any, const T2 *)"
1621387024,5792,20447,,,,,,,,,,0.094,16176.708,Pinned,Device,NVIDIA A100-SXM4-40GB MIG 4g.20gb (0),1,,13,[CUDA memcpy Host-to-Device]
1621397392,601144,20448,,,,,,,,,,456.561,759261.675,Device,,NVIDIA A100-SXM4-40GB MIG 4g.20gb (0),1,,13,[CUDA memset]
1621999944,131646,20453,,,,,,,,,,1.235,9380.635,Pinned,Device,NVIDIA A100-SXM4-40GB MIG 4g.20gb (0),1,,13,[CUDA memcpy Host-to-Device]
1622141542,41696,20454,,,,,,,,,,0.197,4715.250,Pinned,Device,NVIDIA A100-SXM4-40GB MIG 4g.20gb (0),1,,13,[CUDA memcpy Host-to-Device]
1622211622,7935,20455,69,4,1,48,1,1,76,0.002,0.000,,,,,NVIDIA A100-SXM4-40GB MIG 4g.20gb (0),1,,13,"void ch_est::windowedChEstPreNoDftSOfdmKernel<float, __half, float, (unsigned int)2, (unsigned int)1, (unsigned short)4>(ch_est::puschRxChEstStatDescr_t *, ch_est::puschRxChEstDynDescr_t *)"
1622229573,6656,20456,137,2,1,24,2,1,44,0.001,0.001,,,,,NVIDIA A100-SXM4-40GB MIG 4g.20gb (0),1,,13,"void ch_est::chEstFilterNoDftSOfdmDispatchKernel<float, __half, float, (unsigned int)2>(ch_est::puschRxChEstStatDescr_t *, ch_est::puschRxChEstDynDescr_t *)"
1622248837,4704,20457,137,2,1,24,2,1,44,0.001,0.001,,,,,NVIDIA A100-SXM4-40GB MIG 4g.20gb (0),1,,13,"void ch_est::chEstFilterNoDftSOfdmDispatchKernel<float, __half, float, (unsigned int)2>(ch_est::puschRxChEstStatDescr_t *, ch_est::puschRxChEstDynDescr_t *)"
1622265669,2752,20468,103,1,1,128,1,1,16,0.000,0.000,,,,,NVIDIA A100-SXM4-40GB MIG 4g.20gb (0),1,,13,cupy_copy__complex64_complex64
1622282693,12415,20478,1434,1,1,128,1,1,16,0.000,0.000,,,,,NVIDIA A100-SXM4-40GB MIG 4g.20gb (0),1,,13,cupy_copy__complex64_complex64
1622301476,2912,20485,103,1,1,128,1,1,16,0.000,0.000,,,,,NVIDIA A100-SXM4-40GB MIG 4g.20gb (0),1,,13,cupy_copy__complex64_complex64
1622325412,95327,20492,1,1,1,32,32,1,30,0.000,0.000,,,,,NVIDIA A100-SXM4-40GB MIG 4g.20gb (0),1,,13,"void convert_kernel<__half2, float2>(tensor_layout_any, T1 *, tensor_layout_any, const T2 *)"
1622458018,15968,20495,,,,,,,,,,0.094,5867.712,Pinned,Device,NVIDIA A100-SXM4-40GB MIG 4g.20gb (0),1,,13,[CUDA memcpy Host-to-Device]
1622496386,47711,20496,,,,,,,,,,35.810,750540.113,Device,,NVIDIA A100-SXM4-40GB MIG 4g.20gb (0),1,,13,[CUDA memset]
1622551169,15680,20498,,,,,,,,,,0.000,5.102,Pinned,Device,NVIDIA A100-SXM4-40GB MIG 4g.20gb (0),1,,13,[CUDA memcpy Host-to-Device]
1622579873,26240,20499,,,,,,,,,,0.197,7492.534,Pinned,Device,NVIDIA A100-SXM4-40GB MIG 4g.20gb (0),1,,13,[CUDA memcpy Host-to-Device]
1622623328,9984,20500,273,1,1,48,1,1,40,0.000,0.001,,,,,NVIDIA A100-SXM4-40GB MIG 4g.20gb (0),1,,13,"void pusch_noise_intf_est::noiseIntfEstNoDftSOfdmKernel<float, __half, float, float, (unsigned int)2, (unsigned int)1, (unsigned char)4, (unsigned char)4>(pusch_noise_intf_est::puschRxNoiseIntfEstDynDescr)"
1622639232,2784,20511,35,1,1,128,1,1,16,0.000,0.000,,,,,NVIDIA A100-SXM4-40GB MIG 4g.20gb (0),1,,13,cupy_copy__complex64_complex64
1622655552,1696,20520,1,1,1,1,1,1,18,0.000,0.000,,,,,NVIDIA A100-SXM4-40GB MIG 4g.20gb (0),1,,13,cupy_copy__float32_float32
1622664576,6400,20526,,,,,,,,,,0.000,0.625,Device,Pageable,NVIDIA A100-SXM4-40GB MIG 4g.20gb (0),1,,7,[CUDA memcpy Device-to-Host]
1622755647,12352,20537,1434,1,1,128,1,1,16,0.000,0.000,,,,,NVIDIA A100-SXM4-40GB MIG 4g.20gb (0),1,,13,cupy_copy__complex64_complex64
1622778430,3328,20544,103,1,1,128,1,1,16,0.000,0.000,,,,,NVIDIA A100-SXM4-40GB MIG 4g.20gb (0),1,,13,cupy_copy__complex64_complex64
1622799358,2560,20551,35,1,1,128,1,1,16,0.000,0.000,,,,,NVIDIA A100-SXM4-40GB MIG 4g.20gb (0),1,,13,cupy_copy__complex64_complex64
1622816638,1792,20558,1,1,1,1,1,1,18,0.000,0.000,,,,,NVIDIA A100-SXM4-40GB MIG 4g.20gb (0),1,,13,cupy_copy__float32_float32
1622956092,88031,20569,1,1,1,32,32,1,30,0.000,0.000,,,,,NVIDIA A100-SXM4-40GB MIG 4g.20gb (0),1,,13,"void convert_kernel<__half2, float2>(tensor_layout_any, T1 *, tensor_layout_any, const T2 *)"
1623072251,5408,20572,,,,,,,,,,0.094,17325.421,Pinned,Device,NVIDIA A100-SXM4-40GB MIG 4g.20gb (0),1,,13,[CUDA memcpy Host-to-Device]
1623086203,3328,20573,,,,,,,,,,1.547,464729.580,Device,,NVIDIA A100-SXM4-40GB MIG 4g.20gb (0),1,,13,[CUDA memset]
1623093179,3008,20578,,,,,,,,,,0.031,10404.230,Pinned,Device,NVIDIA A100-SXM4-40GB MIG 4g.20gb (0),1,,13,[CUDA memcpy Host-to-Device]
1623098779,10015,20579,,,,,,,,,,0.197,19631.309,Pinned,Device,NVIDIA A100-SXM4-40GB MIG 4g.20gb (0),1,,13,[CUDA memcpy Host-to-Device]
1623115226,5888,20580,273,1,1,8,4,1,39,0.002,0.000,,,,,NVIDIA A100-SXM4-40GB MIG 4g.20gb (0),1,,13,"void channel_eq::eqMmseCoefCompLowMimoKernel<float, float, float, (unsigned int)4, (unsigned int)1, (unsigned int)4>(const channel_eq::_puschRxChEqStatDescr *, channel_eq::_puschRxChEqCoefCompDynDescr)"
1623124538,5632,20581,273,1,1,12,11,1,51,0.002,0.000,,,,,NVIDIA A100-SXM4-40GB MIG 4g.20gb (0),1,,13,"void channel_eq::eqMmseSoftDemapKernel<float, __half, __half, float, (unsigned int)4, (unsigned short)16383>(channel_eq::_puschRxChEqStatDescr *, channel_eq::_puschRxChEqSoftDemapDynDescr)"
1623132250,282589,20582,1,1,1,32,32,1,30,0.000,0.000,,,,,NVIDIA A100-SXM4-40GB MIG 4g.20gb (0),1,,13,"void convert_kernel<float2, __half2>(tensor_layout_any, T1 *, tensor_layout_any, const T2 *)"
1623417719,11007,20594,2253,1,1,128,1,1,16,0.000,0.000,,,,,NVIDIA A100-SXM4-40GB MIG 4g.20gb (0),1,,13,cupy_copy__float16_float16
1623430582,3136,20603,282,1,1,128,1,1,16,0.000,0.000,,,,,NVIDIA A100-SXM4-40GB MIG 4g.20gb (0),1,,13,cupy_copy__complex64_complex64
1623437654,2112,20612,26,1,1,128,1,1,16,0.000,0.000,,,,,NVIDIA A100-SXM4-40GB MIG 4g.20gb (0),1,,13,cupy_copy__float32_float32
1623443414,2784,20621,103,1,1,128,1,1,16,0.000,0.000,,,,,NVIDIA A100-SXM4-40GB MIG 4g.20gb (0),1,,13,cupy_copy__complex64_complex64
1623449718,12544,20631,1434,1,1,128,1,1,16,0.000,0.000,,,,,NVIDIA A100-SXM4-40GB MIG 4g.20gb (0),1,,13,cupy_copy__complex64_complex64
1623464950,81951,20636,1,1,1,32,32,1,30,0.000,0.000,,,,,NVIDIA A100-SXM4-40GB MIG 4g.20gb (0),1,,13,"void convert_kernel<__half2, float2>(tensor_layout_any, T1 *, tensor_layout_any, const T2 *)"
1623574261,5568,20639,,,,,,,,,,0.094,16827.521,Pinned,Device,NVIDIA A100-SXM4-40GB MIG 4g.20gb (0),1,,13,[CUDA memcpy Host-to-Device]
1623584340,596793,20640,,,,,,,,,,456.561,764740.412,Device,,NVIDIA A100-SXM4-40GB MIG 4g.20gb (0),1,,13,[CUDA memset]
1624190733,103711,20645,,,,,,,,,,1.235,11907.330,Pinned,Device,NVIDIA A100-SXM4-40GB MIG 4g.20gb (0),1,,13,[CUDA memcpy Host-to-Device]
1624298220,13407,20646,,,,,,,,,,0.197,14664.401,Pinned,Device,NVIDIA A100-SXM4-40GB MIG 4g.20gb (0),1,,13,[CUDA memcpy Host-to-Device]
1624319691,8256,20647,69,4,1,48,1,1,76,0.002,0.000,,,,,NVIDIA A100-SXM4-40GB MIG 4g.20gb (0),1,,13,"void ch_est::windowedChEstPreNoDftSOfdmKernel<float, __half, float, (unsigned int)2, (unsigned int)1, (unsigned short)4>(ch_est::puschRxChEstStatDescr_t *, ch_est::puschRxChEstDynDescr_t *)"
1624330475,7360,20648,137,2,1,24,2,1,44,0.001,0.001,,,,,NVIDIA A100-SXM4-40GB MIG 4g.20gb (0),1,,13,"void ch_est::chEstFilterNoDftSOfdmDispatchKernel<float, __half, float, (unsigned int)2>(ch_est::puschRxChEstStatDescr_t *, ch_est::puschRxChEstDynDescr_t *)"
1624341579,4992,20649,137,2,1,24,2,1,44,0.001,0.001,,,,,NVIDIA A100-SXM4-40GB MIG 4g.20gb (0),1,,13,"void ch_est::chEstFilterNoDftSOfdmDispatchKernel<float, __half, float, (unsigned int)2>(ch_est::puschRxChEstStatDescr_t *, ch_est::puschRxChEstDynDescr_t *)"
1624349739,2560,20660,103,1,1,128,1,1,16,0.000,0.000,,,,,NVIDIA A100-SXM4-40GB MIG 4g.20gb (0),1,,13,cupy_copy__complex64_complex64
1624354411,12416,20670,1434,1,1,128,1,1,16,0.000,0.000,,,,,NVIDIA A100-SXM4-40GB MIG 4g.20gb (0),1,,13,cupy_copy__complex64_complex64
1624370539,2752,20677,103,1,1,128,1,1,16,0.000,0.000,,,,,NVIDIA A100-SXM4-40GB MIG 4g.20gb (0),1,,13,cupy_copy__complex64_complex64
1624375179,89215,20684,1,1,1,32,32,1,30,0.000,0.000,,,,,NVIDIA A100-SXM4-40GB MIG 4g.20gb (0),1,,13,"void convert_kernel<__half2, float2>(tensor_layout_any, T1 *, tensor_layout_any, const T2 *)"
1624491049,5824,20687,,,,,,,,,,0.094,16087.884,Pinned,Device,NVIDIA A100-SXM4-40GB MIG 4g.20gb (0),1,,13,[CUDA memcpy Host-to-Device]
1624503529,47232,20688,,,,,,,,,,35.810,758167.626,Device,,NVIDIA A100-SXM4-40GB MIG 4g.20gb (0),1,,13,[CUDA memset]
1624557608,5056,20690,,,,,,,,,,0.000,15.823,Pinned,Device,NVIDIA A100-SXM4-40GB MIG 4g.20gb (0),1,,13,[CUDA memcpy Host-to-Device]
1624567336,11808,20691,,,,,,,,,,0.197,16650.338,Pinned,Device,NVIDIA A100-SXM4-40GB MIG 4g.20gb (0),1,,13,[CUDA memcpy Host-to-Device]
1624585224,10240,20692,273,1,1,48,1,1,40,0.000,0.001,,,,,NVIDIA A100-SXM4-40GB MIG 4g.20gb (0),1,,13,"void pusch_noise_intf_est::noiseIntfEstNoDftSOfdmKernel<float, __half, float, float, (unsigned int)2, (unsigned int)1, (unsigned char)4, (unsigned char)4>(pusch_noise_intf_est::puschRxNoiseIntfEstDynDescr)"
1624599592,2976,20703,35,1,1,128,1,1,16,0.000,0.000,,,,,NVIDIA A100-SXM4-40GB MIG 4g.20gb (0),1,,13,cupy_copy__complex64_complex64
1624614408,1760,20712,1,1,1,1,1,1,18,0.000,0.000,,,,,NVIDIA A100-SXM4-40GB MIG 4g.20gb (0),1,,13,cupy_copy__float32_float32
1624644775,1568,20718,,,,,,,,,,0.000,2.551,Device,Pageable,NVIDIA A100-SXM4-40GB MIG 4g.20gb (0),1,,7,[CUDA memcpy Device-to-Host]
1624704519,12767,20729,1434,1,1,128,1,1,16,0.000,0.000,,,,,NVIDIA A100-SXM4-40GB MIG 4g.20gb (0),1,,13,cupy_copy__complex64_complex64
1624731846,2784,20736,103,1,1,128,1,1,16,0.000,0.000,,,,,NVIDIA A100-SXM4-40GB MIG 4g.20gb (0),1,,13,cupy_copy__complex64_complex64
1624753670,2176,20743,35,1,1,128,1,1,16,0.000,0.000,,,,,NVIDIA A100-SXM4-40GB MIG 4g.20gb (0),1,,13,cupy_copy__complex64_complex64
1624770086,2080,20750,1,1,1,1,1,1,18,0.000,0.000,,,,,NVIDIA A100-SXM4-40GB MIG 4g.20gb (0),1,,13,cupy_copy__float32_float32
1624905028,82175,20761,1,1,1,32,32,1,30,0.000,0.000,,,,,NVIDIA A100-SXM4-40GB MIG 4g.20gb (0),1,,13,"void convert_kernel<__half2, float2>(tensor_layout_any, T1 *, tensor_layout_any, const T2 *)"
1625014691,6144,20764,,,,,,,,,,0.094,15249.961,Pinned,Device,NVIDIA A100-SXM4-40GB MIG 4g.20gb (0),1,,13,[CUDA memcpy Host-to-Device]
1625029155,3488,20765,,,,,,,,,,1.547,443412.461,Device,,NVIDIA A100-SXM4-40GB MIG 4g.20gb (0),1,,13,[CUDA memset]
1625036227,3423,20770,,,,,,,,,,0.031,9142.845,Pinned,Device,NVIDIA A100-SXM4-40GB MIG 4g.20gb (0),1,,13,[CUDA memcpy Host-to-Device]
1625042082,9600,20771,,,,,,,,,,0.197,20479.869,Pinned,Device,NVIDIA A100-SXM4-40GB MIG 4g.20gb (0),1,,13,[CUDA memcpy Host-to-Device]
1625056738,6176,20772,273,1,1,8,4,1,39,0.002,0.000,,,,,NVIDIA A100-SXM4-40GB MIG 4g.20gb (0),1,,13,"void channel_eq::eqMmseCoefCompLowMimoKernel<float, float, float, (unsigned int)4, (unsigned int)1, (unsigned int)4>(const channel_eq::_puschRxChEqStatDescr *, channel_eq::_puschRxChEqCoefCompDynDescr)"
1625065698,6080,20773,273,1,1,12,11,1,51,0.002,0.000,,,,,NVIDIA A100-SXM4-40GB MIG 4g.20gb (0),1,,13,"void channel_eq::eqMmseSoftDemapKernel<float, __half, __half, float, (unsigned int)4, (unsigned short)16383>(channel_eq::_puschRxChEqStatDescr *, channel_eq::_puschRxChEqSoftDemapDynDescr)"
1625073058,295068,20774,1,1,1,32,32,1,30,0.000,0.000,,,,,NVIDIA A100-SXM4-40GB MIG 4g.20gb (0),1,,13,"void convert_kernel<float2, __half2>(tensor_layout_any, T1 *, tensor_layout_any, const T2 *)"
1625369918,10976,20786,2253,1,1,128,1,1,16,0.000,0.000,,,,,NVIDIA A100-SXM4-40GB MIG 4g.20gb (0),1,,13,cupy_copy__float16_float16
1625383806,3104,20795,282,1,1,128,1,1,16,0.000,0.000,,,,,NVIDIA A100-SXM4-40GB MIG 4g.20gb (0),1,,13,cupy_copy__complex64_complex64
1625388926,2272,20804,26,1,1,128,1,1,16,0.000,0.000,,,,,NVIDIA A100-SXM4-40GB MIG 4g.20gb (0),1,,13,cupy_copy__float32_float32
1625392510,2944,20813,103,1,1,128,1,1,16,0.000,0.000,,,,,NVIDIA A100-SXM4-40GB MIG 4g.20gb (0),1,,13,cupy_copy__complex64_complex64
1625397022,12128,20823,1434,1,1,128,1,1,16,0.000,0.000,,,,,NVIDIA A100-SXM4-40GB MIG 4g.20gb (0),1,,13,cupy_copy__complex64_complex64
1625412766,87071,20828,1,1,1,32,32,1,30,0.000,0.000,,,,,NVIDIA A100-SXM4-40GB MIG 4g.20gb (0),1,,13,"void convert_kernel<__half2, float2>(tensor_layout_any, T1 *, tensor_layout_any, const T2 *)"
1625530620,5440,20831,,,,,,,,,,0.094,17223.480,Pinned,Device,NVIDIA A100-SXM4-40GB MIG 4g.20gb (0),1,,13,[CUDA memcpy Host-to-Device]
1625541532,597497,20832,,,,,,,,,,456.561,763827.289,Device,,NVIDIA A100-SXM4-40GB MIG 4g.20gb (0),1,,13,[CUDA memset]
1626144437,147134,20837,,,,,,,,,,1.235,8392.679,Pinned,Device,NVIDIA A100-SXM4-40GB MIG 4g.20gb (0),1,,13,[CUDA memcpy Host-to-Device]
1626306867,40639,20838,,,,,,,,,,0.197,4837.736,Pinned,Device,NVIDIA A100-SXM4-40GB MIG 4g.20gb (0),1,,13,[CUDA memcpy Host-to-Device]
1626377074,7872,20839,69,4,1,48,1,1,76,0.002,0.000,,,,,NVIDIA A100-SXM4-40GB MIG 4g.20gb (0),1,,13,"void ch_est::windowedChEstPreNoDftSOfdmKernel<float, __half, float, (unsigned int)2, (unsigned int)1, (unsigned short)4>(ch_est::puschRxChEstStatDescr_t *, ch_est::puschRxChEstDynDescr_t *)"
1626394834,6688,20840,137,2,1,24,2,1,44,0.001,0.001,,,,,NVIDIA A100-SXM4-40GB MIG 4g.20gb (0),1,,13,"void ch_est::chEstFilterNoDftSOfdmDispatchKernel<float, __half, float, (unsigned int)2>(ch_est::puschRxChEstStatDescr_t *, ch_est::puschRxChEstDynDescr_t *)"
1626412497,4704,20841,137,2,1,24,2,1,44,0.001,0.001,,,,,NVIDIA A100-SXM4-40GB MIG 4g.20gb (0),1,,13,"void ch_est::chEstFilterNoDftSOfdmDispatchKernel<float, __half, float, (unsigned int)2>(ch_est::puschRxChEstStatDescr_t *, ch_est::puschRxChEstDynDescr_t *)"
1626428945,2496,20852,103,1,1,128,1,1,16,0.000,0.000,,,,,NVIDIA A100-SXM4-40GB MIG 4g.20gb (0),1,,13,cupy_copy__complex64_complex64
1626447953,12480,20862,1434,1,1,128,1,1,16,0.000,0.000,,,,,NVIDIA A100-SXM4-40GB MIG 4g.20gb (0),1,,13,cupy_copy__complex64_complex64
1626482993,2496,20869,103,1,1,128,1,1,16,0.000,0.000,,,,,NVIDIA A100-SXM4-40GB MIG 4g.20gb (0),1,,13,cupy_copy__complex64_complex64
1626495760,85791,20876,1,1,1,32,32,1,30,0.000,0.000,,,,,NVIDIA A100-SXM4-40GB MIG 4g.20gb (0),1,,13,"void convert_kernel<__half2, float2>(tensor_layout_any, T1 *, tensor_layout_any, const T2 *)"
1626608911,6304,20879,,,,,,,,,,0.094,14862.903,Pinned,Device,NVIDIA A100-SXM4-40GB MIG 4g.20gb (0),1,,13,[CUDA memcpy Host-to-Device]
1626623599,46335,20880,,,,,,,,,,35.810,772813.884,Device,,NVIDIA A100-SXM4-40GB MIG 4g.20gb (0),1,,13,[CUDA memset]
1626674542,4864,20882,,,,,,,,,,0.000,16.447,Pinned,Device,NVIDIA A100-SXM4-40GB MIG 4g.20gb (0),1,,13,[CUDA memcpy Host-to-Device]
1626683118,14720,20883,,,,,,,,,,0.197,13356.368,Pinned,Device,NVIDIA A100-SXM4-40GB MIG 4g.20gb (0),1,,13,[CUDA memcpy Host-to-Device]
1626708558,12928,20884,273,1,1,48,1,1,40,0.000,0.001,,,,,NVIDIA A100-SXM4-40GB MIG 4g.20gb (0),1,,13,"void pusch_noise_intf_est::noiseIntfEstNoDftSOfdmKernel<float, __half, float, float, (unsigned int)2, (unsigned int)1, (unsigned char)4, (unsigned char)4>(pusch_noise_intf_est::puschRxNoiseIntfEstDynDescr)"
1626723566,3232,20895,35,1,1,128,1,1,16,0.000,0.000,,,,,NVIDIA A100-SXM4-40GB MIG 4g.20gb (0),1,,13,cupy_copy__complex64_complex64
1626731598,1951,20904,1,1,1,1,1,1,18,0.000,0.000,,,,,NVIDIA A100-SXM4-40GB MIG 4g.20gb (0),1,,13,cupy_copy__float32_float32
1626762157,1632,20910,,,,,,,,,,0.000,2.451,Device,Pageable,NVIDIA A100-SXM4-40GB MIG 4g.20gb (0),1,,7,[CUDA memcpy Device-to-Host]
1626822700,12672,20921,1434,1,1,128,1,1,16,0.000,0.000,,,,,NVIDIA A100-SXM4-40GB MIG 4g.20gb (0),1,,13,cupy_copy__complex64_complex64
1626860844,2752,20928,103,1,1,128,1,1,16,0.000,0.000,,,,,NVIDIA A100-SXM4-40GB MIG 4g.20gb (0),1,,13,cupy_copy__complex64_complex64
1626884268,2176,20935,35,1,1,128,1,1,16,0.000,0.000,,,,,NVIDIA A100-SXM4-40GB MIG 4g.20gb (0),1,,13,cupy_copy__complex64_complex64
1626903435,1792,20942,1,1,1,1,1,1,18,0.000,0.000,,,,,NVIDIA A100-SXM4-40GB MIG 4g.20gb (0),1,,13,cupy_copy__float32_float32
1627034474,82751,20953,1,1,1,32,32,1,30,0.000,0.000,,,,,NVIDIA A100-SXM4-40GB MIG 4g.20gb (0),1,,13,"void convert_kernel<__half2, float2>(tensor_layout_any, T1 *, tensor_layout_any, const T2 *)"
1627144936,6016,20956,,,,,,,,,,0.094,15574.430,Pinned,Device,NVIDIA A100-SXM4-40GB MIG 4g.20gb (0),1,,13,[CUDA memcpy Host-to-Device]
1627160232,3392,20957,,,,,,,,,,1.547,455961.768,Device,,NVIDIA A100-SXM4-40GB MIG 4g.20gb (0),1,,13,[CUDA memset]
1627166312,3296,20962,,,,,,,,,,0.031,9495.144,Pinned,Device,NVIDIA A100-SXM4-40GB MIG 4g.20gb (0),1,,13,[CUDA memcpy Host-to-Device]
1627172232,9376,20963,,,,,,,,,,0.197,20969.226,Pinned,Device,NVIDIA A100-SXM4-40GB MIG 4g.20gb (0),1,,13,[CUDA memcpy Host-to-Device]
1627185608,7680,20964,273,1,1,8,4,1,39,0.002,0.000,,,,,NVIDIA A100-SXM4-40GB MIG 4g.20gb (0),1,,13,"void channel_eq::eqMmseCoefCompLowMimoKernel<float, float, float, (unsigned int)4, (unsigned int)1, (unsigned int)4>(const channel_eq::_puschRxChEqStatDescr *, channel_eq::_puschRxChEqCoefCompDynDescr)"
1627194632,5568,20965,273,1,1,12,11,1,51,0.002,0.000,,,,,NVIDIA A100-SXM4-40GB MIG 4g.20gb (0),1,,13,"void channel_eq::eqMmseSoftDemapKernel<float, __half, __half, float, (unsigned int)4, (unsigned short)16383>(channel_eq::_puschRxChEqStatDescr *, channel_eq::_puschRxChEqSoftDemapDynDescr)"
1627202408,289820,20966,1,1,1,32,32,1,30,0.000,0.000,,,,,NVIDIA A100-SXM4-40GB MIG 4g.20gb (0),1,,13,"void convert_kernel<float2, __half2>(tensor_layout_any, T1 *, tensor_layout_any, const T2 *)"
1627493412,10592,20978,2253,1,1,128,1,1,16,0.000,0.000,,,,,NVIDIA A100-SXM4-40GB MIG 4g.20gb (0),1,,13,cupy_copy__float16_float16
1627508516,3424,20987,282,1,1,128,1,1,16,0.000,0.000,,,,,NVIDIA A100-SXM4-40GB MIG 4g.20gb (0),1,,13,cupy_copy__complex64_complex64
1627515428,2304,20996,26,1,1,128,1,1,16,0.000,0.000,,,,,NVIDIA A100-SXM4-40GB MIG 4g.20gb (0),1,,13,cupy_copy__float32_float32
1627523236,2880,21005,103,1,1,128,1,1,16,0.000,0.000,,,,,NVIDIA A100-SXM4-40GB MIG 4g.20gb (0),1,,13,cupy_copy__complex64_complex64
1627527716,12287,21015,1434,1,1,128,1,1,16,0.000,0.000,,,,,NVIDIA A100-SXM4-40GB MIG 4g.20gb (0),1,,13,cupy_copy__complex64_complex64
1627541251,82559,21020,1,1,1,32,32,1,30,0.000,0.000,,,,,NVIDIA A100-SXM4-40GB MIG 4g.20gb (0),1,,13,"void convert_kernel<__half2, float2>(tensor_layout_any, T1 *, tensor_layout_any, const T2 *)"
1627650914,5792,21023,,,,,,,,,,0.094,16176.708,Pinned,Device,NVIDIA A100-SXM4-40GB MIG 4g.20gb (0),1,,13,[CUDA memcpy Host-to-Device]
1627660642,598361,21024,,,,,,,,,,456.561,762914.166,Device,,NVIDIA A100-SXM4-40GB MIG 4g.20gb (0),1,,13,[CUDA memset]
1628264763,146718,21029,,,,,,,,,,1.235,8416.143,Pinned,Device,NVIDIA A100-SXM4-40GB MIG 4g.20gb (0),1,,13,[CUDA memcpy Host-to-Device]
1628424185,41631,21030,,,,,,,,,,0.197,4722.524,Pinned,Device,NVIDIA A100-SXM4-40GB MIG 4g.20gb (0),1,,13,[CUDA memcpy Host-to-Device]
1628483192,8256,21031,69,4,1,48,1,1,76,0.002,0.000,,,,,NVIDIA A100-SXM4-40GB MIG 4g.20gb (0),1,,13,"void ch_est::windowedChEstPreNoDftSOfdmKernel<float, __half, float, (unsigned int)2, (unsigned int)1, (unsigned short)4>(ch_est::puschRxChEstStatDescr_t *, ch_est::puschRxChEstDynDescr_t *)"
1628502264,6495,21032,137,2,1,24,2,1,44,0.001,0.001,,,,,NVIDIA A100-SXM4-40GB MIG 4g.20gb (0),1,,13,"void ch_est::chEstFilterNoDftSOfdmDispatchKernel<float, __half, float, (unsigned int)2>(ch_est::puschRxChEstStatDescr_t *, ch_est::puschRxChEstDynDescr_t *)"
1628519095,4768,21033,137,2,1,24,2,1,44,0.001,0.001,,,,,NVIDIA A100-SXM4-40GB MIG 4g.20gb (0),1,,13,"void ch_est::chEstFilterNoDftSOfdmDispatchKernel<float, __half, float, (unsigned int)2>(ch_est::puschRxChEstStatDescr_t *, ch_est::puschRxChEstDynDescr_t *)"
1628536343,2624,21044,103,1,1,128,1,1,16,0.000,0.000,,,,,NVIDIA A100-SXM4-40GB MIG 4g.20gb (0),1,,13,cupy_copy__complex64_complex64
1628552791,12480,21054,1434,1,1,128,1,1,16,0.000,0.000,,,,,NVIDIA A100-SXM4-40GB MIG 4g.20gb (0),1,,13,cupy_copy__complex64_complex64
1628574551,2880,21061,103,1,1,128,1,1,16,0.000,0.000,,,,,NVIDIA A100-SXM4-40GB MIG 4g.20gb (0),1,,13,cupy_copy__complex64_complex64
1628598710,95935,21068,1,1,1,32,32,1,30,0.000,0.000,,,,,NVIDIA A100-SXM4-40GB MIG 4g.20gb (0),1,,13,"void convert_kernel<__half2, float2>(tensor_layout_any, T1 *, tensor_layout_any, const T2 *)"
1628728341,27711,21071,,,,,,,,,,0.094,3381.114,Pinned,Device,NVIDIA A100-SXM4-40GB MIG 4g.20gb (0),1,,13,[CUDA memcpy Host-to-Device]
1628774868,47328,21072,,,,,,,,,,35.810,756627.800,Device,,NVIDIA A100-SXM4-40GB MIG 4g.20gb (0),1,,13,[CUDA memset]
1628831763,7616,21074,,,,,,,,,,0.000,10.504,Pinned,Device,NVIDIA A100-SXM4-40GB MIG 4g.20gb (0),1,,13,[CUDA memcpy Host-to-Device]
1628849299,15520,21075,,,,,,,,,,0.197,12667.847,Pinned,Device,NVIDIA A100-SXM4-40GB MIG 4g.20gb (0),1,,13,[CUDA memcpy Host-to-Device]
1628877587,9792,21076,273,1,1,48,1,1,40,0.000,0.001,,,,,NVIDIA A100-SXM4-40GB MIG 4g.20gb (0),1,,13,"void pusch_noise_intf_est::noiseIntfEstNoDftSOfdmKernel<float, __half, float, float, (unsigned int)2, (unsigned int)1, (unsigned char)4, (unsigned char)4>(pusch_noise_intf_est::puschRxNoiseIntfEstDynDescr)"
1628896339,3040,21087,35,1,1,128,1,1,16,0.000,0.000,,,,,NVIDIA A100-SXM4-40GB MIG 4g.20gb (0),1,,13,cupy_copy__complex64_complex64
1628904467,1920,21096,1,1,1,1,1,1,18,0.000,0.000,,,,,NVIDIA A100-SXM4-40GB MIG 4g.20gb (0),1,,13,cupy_copy__float32_float32
1628910898,5600,21102,,,,,,,,,,0.000,0.714,Device,Pageable,NVIDIA A100-SXM4-40GB MIG 4g.20gb (0),1,,7,[CUDA memcpy Device-to-Host]
1628982354,13439,21113,1434,1,1,128,1,1,16,0.000,0.000,,,,,NVIDIA A100-SXM4-40GB MIG 4g.20gb (0),1,,13,cupy_copy__complex64_complex64
1629007441,3456,21120,103,1,1,128,1,1,16,0.000,0.000,,,,,NVIDIA A100-SXM4-40GB MIG 4g.20gb (0),1,,13,cupy_copy__complex64_complex64
1629028177,2496,21127,35,1,1,128,1,1,16,0.000,0.000,,,,,NVIDIA A100-SXM4-40GB MIG 4g.20gb (0),1,,13,cupy_copy__complex64_complex64
1629046417,1824,21134,1,1,1,1,1,1,18,0.000,0.000,,,,,NVIDIA A100-SXM4-40GB MIG 4g.20gb (0),1,,13,cupy_copy__float32_float32
1629178031,82879,21145,1,1,1,32,32,1,30,0.000,0.000,,,,,NVIDIA A100-SXM4-40GB MIG 4g.20gb (0),1,,13,"void convert_kernel<__half2, float2>(tensor_layout_any, T1 *, tensor_layout_any, const T2 *)"
1629288462,5792,21148,,,,,,,,,,0.094,16176.708,Pinned,Device,NVIDIA A100-SXM4-40GB MIG 4g.20gb (0),1,,13,[CUDA memcpy Host-to-Device]
1629303022,3360,21149,,,,,,,,,,1.547,460304.688,Device,,NVIDIA A100-SXM4-40GB MIG 4g.20gb (0),1,,13,[CUDA memset]
1629310094,3264,21154,,,,,,,,,,0.031,9588.218,Pinned,Device,NVIDIA A100-SXM4-40GB MIG 4g.20gb (0),1,,13,[CUDA memcpy Host-to-Device]
1629316141,9600,21155,,,,,,,,,,0.197,20479.869,Pinned,Device,NVIDIA A100-SXM4-40GB MIG 4g.20gb (0),1,,13,[CUDA memcpy Host-to-Device]
1629331245,6688,21156,273,1,1,8,4,1,39,0.002,0.000,,,,,NVIDIA A100-SXM4-40GB MIG 4g.20gb (0),1,,13,"void channel_eq::eqMmseCoefCompLowMimoKernel<float, float, float, (unsigned int)4, (unsigned int)1, (unsigned int)4>(const channel_eq::_puschRxChEqStatDescr *, channel_eq::_puschRxChEqCoefCompDynDescr)"
1629339053,6112,21157,273,1,1,12,11,1,51,0.002,0.000,,,,,NVIDIA A100-SXM4-40GB MIG 4g.20gb (0),1,,13,"void channel_eq::eqMmseSoftDemapKernel<float, __half, __half, float, (unsigned int)4, (unsigned short)16383>(channel_eq::_puschRxChEqStatDescr *, channel_eq::_puschRxChEqSoftDemapDynDescr)"
1629346125,282845,21158,1,1,1,32,32,1,30,0.000,0.000,,,,,NVIDIA A100-SXM4-40GB MIG 4g.20gb (0),1,,13,"void convert_kernel<float2, __half2>(tensor_layout_any, T1 *, tensor_layout_any, const T2 *)"
1629631050,10879,21170,2253,1,1,128,1,1,16,0.000,0.000,,,,,NVIDIA A100-SXM4-40GB MIG 4g.20gb (0),1,,13,cupy_copy__float16_float16
1629644393,3232,21179,282,1,1,128,1,1,16,0.000,0.000,,,,,NVIDIA A100-SXM4-40GB MIG 4g.20gb (0),1,,13,cupy_copy__complex64_complex64
1629651017,2304,21188,26,1,1,128,1,1,16,0.000,0.000,,,,,NVIDIA A100-SXM4-40GB MIG 4g.20gb (0),1,,13,cupy_copy__float32_float32
1629654441,2752,21197,103,1,1,128,1,1,16,0.000,0.000,,,,,NVIDIA A100-SXM4-40GB MIG 4g.20gb (0),1,,13,cupy_copy__complex64_complex64
1629659785,12032,21207,1434,1,1,128,1,1,16,0.000,0.000,,,,,NVIDIA A100-SXM4-40GB MIG 4g.20gb (0),1,,13,cupy_copy__complex64_complex64
1629678665,82591,21212,1,1,1,32,32,1,30,0.000,0.000,,,,,NVIDIA A100-SXM4-40GB MIG 4g.20gb (0),1,,13,"void convert_kernel<__half2, float2>(tensor_layout_any, T1 *, tensor_layout_any, const T2 *)"
1629788168,6112,21215,,,,,,,,,,0.094,15329.790,Pinned,Device,NVIDIA A100-SXM4-40GB MIG 4g.20gb (0),1,,13,[CUDA memcpy Host-to-Device]
1629799463,598873,21216,,,,,,,,,,456.561,762001.043,Device,,NVIDIA A100-SXM4-40GB MIG 4g.20gb (0),1,,13,[CUDA memset]
1630405600,155774,21221,,,,,,,,,,1.235,7927.106,Pinned,Device,NVIDIA A100-SXM4-40GB MIG 4g.20gb (0),1,,13,[CUDA memcpy Host-to-Device]
1630570910,40095,21222,,,,,,,,,,0.197,4903.404,Pinned,Device,NVIDIA A100-SXM4-40GB MIG 4g.20gb (0),1,,13,[CUDA memcpy Host-to-Device]
1630641085,8288,21223,69,4,1,48,1,1,76,0.002,0.000,,,,,NVIDIA A100-SXM4-40GB MIG 4g.20gb (0),1,,13,"void ch_est::windowedChEstPreNoDftSOfdmKernel<float, __half, float, (unsigned int)2, (unsigned int)1, (unsigned short)4>(ch_est::puschRxChEstStatDescr_t *, ch_est::puschRxChEstDynDescr_t *)"
1630658781,6656,21224,137,2,1,24,2,1,44,0.001,0.001,,,,,NVIDIA A100-SXM4-40GB MIG 4g.20gb (0),1,,13,"void ch_est::chEstFilterNoDftSOfdmDispatchKernel<float, __half, float, (unsigned int)2>(ch_est::puschRxChEstStatDescr_t *, ch_est::puschRxChEstDynDescr_t *)"
1630678461,4704,21225,137,2,1,24,2,1,44,0.001,0.001,,,,,NVIDIA A100-SXM4-40GB MIG 4g.20gb (0),1,,13,"void ch_est::chEstFilterNoDftSOfdmDispatchKernel<float, __half, float, (unsigned int)2>(ch_est::puschRxChEstStatDescr_t *, ch_est::puschRxChEstDynDescr_t *)"
1630695484,2624,21236,103,1,1,128,1,1,16,0.000,0.000,,,,,NVIDIA A100-SXM4-40GB MIG 4g.20gb (0),1,,13,cupy_copy__complex64_complex64
1630712572,12384,21246,1434,1,1,128,1,1,16,0.000,0.000,,,,,NVIDIA A100-SXM4-40GB MIG 4g.20gb (0),1,,13,cupy_copy__complex64_complex64
1630732188,2912,21253,103,1,1,128,1,1,16,0.000,0.000,,,,,NVIDIA A100-SXM4-40GB MIG 4g.20gb (0),1,,13,cupy_copy__complex64_complex64
1630753724,85471,21260,1,1,1,32,32,1,30,0.000,0.000,,,,,NVIDIA A100-SXM4-40GB MIG 4g.20gb (0),1,,13,"void convert_kernel<__half2, float2>(tensor_layout_any, T1 *, tensor_layout_any, const T2 *)"
1630885050,23712,21263,,,,,,,,,,0.094,3951.348,Pinned,Device,NVIDIA A100-SXM4-40GB MIG 4g.20gb (0),1,,13,[CUDA memcpy Host-to-Device]
1630926266,47231,21264,,,,,,,,,,35.810,758167.626,Device,,NVIDIA A100-SXM4-40GB MIG 4g.20gb (0),1,,13,[CUDA memset]
1630985593,8416,21266,,,,,,,,,,0.000,9.506,Pinned,Device,NVIDIA A100-SXM4-40GB MIG 4g.20gb (0),1,,13,[CUDA memcpy Host-to-Device]
1631006553,24351,21267,,,,,,,,,,0.197,8073.904,Pinned,Device,NVIDIA A100-SXM4-40GB MIG 4g.20gb (0),1,,13,[CUDA memcpy Host-to-Device]
1631060504,10240,21268,273,1,1,48,1,1,40,0.000,0.001,,,,,NVIDIA A100-SXM4-40GB MIG 4g.20gb (0),1,,13,"void pusch_noise_intf_est::noiseIntfEstNoDftSOfdmKernel<float, __half, float, float, (unsigned int)2, (unsigned int)1, (unsigned char)4, (unsigned char)4>(pusch_noise_intf_est::puschRxNoiseIntfEstDynDescr)"
1631076920,2720,21279,35,1,1,128,1,1,16,0.000,0.000,,,,,NVIDIA A100-SXM4-40GB MIG 4g.20gb (0),1,,13,cupy_copy__complex64_complex64
1631093911,1664,21288,1,1,1,1,1,1,18,0.000,0.000,,,,,NVIDIA A100-SXM4-40GB MIG 4g.20gb (0),1,,13,cupy_copy__float32_float32
1631102231,7744,21294,,,,,,,,,,0.000,0.517,Device,Pageable,NVIDIA A100-SXM4-40GB MIG 4g.20gb (0),1,,7,[CUDA memcpy Device-to-Host]
1631199670,12704,21305,1434,1,1,128,1,1,16,0.000,0.000,,,,,NVIDIA A100-SXM4-40GB MIG 4g.20gb (0),1,,13,cupy_copy__complex64_complex64
1631222166,3552,21312,103,1,1,128,1,1,16,0.000,0.000,,,,,NVIDIA A100-SXM4-40GB MIG 4g.20gb (0),1,,13,cupy_copy__complex64_complex64
1631238134,2656,21319,35,1,1,128,1,1,16,0.000,0.000,,,,,NVIDIA A100-SXM4-40GB MIG 4g.20gb (0),1,,13,cupy_copy__complex64_complex64
1631255317,1824,21326,1,1,1,1,1,1,18,0.000,0.000,,,,,NVIDIA A100-SXM4-40GB MIG 4g.20gb (0),1,,13,cupy_copy__float32_float32
1631387508,87327,21337,1,1,1,32,32,1,30,0.000,0.000,,,,,NVIDIA A100-SXM4-40GB MIG 4g.20gb (0),1,,13,"void convert_kernel<__half2, float2>(tensor_layout_any, T1 *, tensor_layout_any, const T2 *)"
1631503314,5568,21340,,,,,,,,,,0.094,16827.521,Pinned,Device,NVIDIA A100-SXM4-40GB MIG 4g.20gb (0),1,,13,[CUDA memcpy Host-to-Device]
1631517906,3424,21341,,,,,,,,,,1.547,451700.819,Device,,NVIDIA A100-SXM4-40GB MIG 4g.20gb (0),1,,13,[CUDA memset]
1631524658,3040,21346,,,,,,,,,,0.031,10294.725,Pinned,Device,NVIDIA A100-SXM4-40GB MIG 4g.20gb (0),1,,13,[CUDA memcpy Host-to-Device]
1631530450,9888,21347,,,,,,,,,,0.197,19883.360,Pinned,Device,NVIDIA A100-SXM4-40GB MIG 4g.20gb (0),1,,13,[CUDA memcpy Host-to-Device]
1631546450,6272,21348,273,1,1,8,4,1,39,0.002,0.000,,,,,NVIDIA A100-SXM4-40GB MIG 4g.20gb (0),1,,13,"void channel_eq::eqMmseCoefCompLowMimoKernel<float, float, float, (unsigned int)4, (unsigned int)1, (unsigned int)4>(const channel_eq::_puschRxChEqStatDescr *, channel_eq::_puschRxChEqCoefCompDynDescr)"
1631554802,7936,21349,273,1,1,12,11,1,51,0.002,0.000,,,,,NVIDIA A100-SXM4-40GB MIG 4g.20gb (0),1,,13,"void channel_eq::eqMmseSoftDemapKernel<float, __half, __half, float, (unsigned int)4, (unsigned short)16383>(channel_eq::_puschRxChEqStatDescr *, channel_eq::_puschRxChEqSoftDemapDynDescr)"
1631565778,294332,21350,1,1,1,32,32,1,30,0.000,0.000,,,,,NVIDIA A100-SXM4-40GB MIG 4g.20gb (0),1,,13,"void convert_kernel<float2, __half2>(tensor_layout_any, T1 *, tensor_layout_any, const T2 *)"
1631861166,10816,21362,2253,1,1,128,1,1,16,0.000,0.000,,,,,NVIDIA A100-SXM4-40GB MIG 4g.20gb (0),1,,13,cupy_copy__float16_float16
1631875726,3232,21371,282,1,1,128,1,1,16,0.000,0.000,,,,,NVIDIA A100-SXM4-40GB MIG 4g.20gb (0),1,,13,cupy_copy__complex64_complex64
1631880622,2016,21380,26,1,1,128,1,1,16,0.000,0.000,,,,,NVIDIA A100-SXM4-40GB MIG 4g.20gb (0),1,,13,cupy_copy__float32_float32
1631886798,2912,21389,103,1,1,128,1,1,16,0.000,0.000,,,,,NVIDIA A100-SXM4-40GB MIG 4g.20gb (0),1,,13,cupy_copy__complex64_complex64
1631894350,11967,21399,1434,1,1,128,1,1,16,0.000,0.000,,,,,NVIDIA A100-SXM4-40GB MIG 4g.20gb (0),1,,13,cupy_copy__complex64_complex64
1631909549,86367,21404,1,1,1,32,32,1,30,0.000,0.000,,,,,NVIDIA A100-SXM4-40GB MIG 4g.20gb (0),1,,13,"void convert_kernel<__half2, float2>(tensor_layout_any, T1 *, tensor_layout_any, const T2 *)"
1632023052,5376,21407,,,,,,,,,,0.094,17428.487,Pinned,Device,NVIDIA A100-SXM4-40GB MIG 4g.20gb (0),1,,13,[CUDA memcpy Host-to-Device]
1632033388,596856,21408,,,,,,,,,,456.561,764740.412,Device,,NVIDIA A100-SXM4-40GB MIG 4g.20gb (0),1,,13,[CUDA memset]
1632636036,76607,21413,,,,,,,,,,1.235,16119.724,Pinned,Device,NVIDIA A100-SXM4-40GB MIG 4g.20gb (0),1,,13,[CUDA memcpy Host-to-Device]
1632718435,18176,21414,,,,,,,,,,0.197,10816.782,Pinned,Device,NVIDIA A100-SXM4-40GB MIG 4g.20gb (0),1,,13,[CUDA memcpy Host-to-Device]
1632749347,7584,21415,69,4,1,48,1,1,76,0.002,0.000,,,,,NVIDIA A100-SXM4-40GB MIG 4g.20gb (0),1,,13,"void ch_est::windowedChEstPreNoDftSOfdmKernel<float, __half, float, (unsigned int)2, (unsigned int)1, (unsigned short)4>(ch_est::puschRxChEstStatDescr_t *, ch_est::puschRxChEstDynDescr_t *)"
1632764963,7104,21416,137,2,1,24,2,1,44,0.001,0.001,,,,,NVIDIA A100-SXM4-40GB MIG 4g.20gb (0),1,,13,"void ch_est::chEstFilterNoDftSOfdmDispatchKernel<float, __half, float, (unsigned int)2>(ch_est::puschRxChEstStatDescr_t *, ch_est::puschRxChEstDynDescr_t *)"
1632779619,4992,21417,137,2,1,24,2,1,44,0.001,0.001,,,,,NVIDIA A100-SXM4-40GB MIG 4g.20gb (0),1,,13,"void ch_est::chEstFilterNoDftSOfdmDispatchKernel<float, __half, float, (unsigned int)2>(ch_est::puschRxChEstStatDescr_t *, ch_est::puschRxChEstDynDescr_t *)"
1632788066,3040,21428,103,1,1,128,1,1,16,0.000,0.000,,,,,NVIDIA A100-SXM4-40GB MIG 4g.20gb (0),1,,13,cupy_copy__complex64_complex64
1632795234,12672,21438,1434,1,1,128,1,1,16,0.000,0.000,,,,,NVIDIA A100-SXM4-40GB MIG 4g.20gb (0),1,,13,cupy_copy__complex64_complex64
1632809090,2848,21445,103,1,1,128,1,1,16,0.000,0.000,,,,,NVIDIA A100-SXM4-40GB MIG 4g.20gb (0),1,,13,cupy_copy__complex64_complex64
1632816162,86655,21452,1,1,1,32,32,1,30,0.000,0.000,,,,,NVIDIA A100-SXM4-40GB MIG 4g.20gb (0),1,,13,"void convert_kernel<__half2, float2>(tensor_layout_any, T1 *, tensor_layout_any, const T2 *)"
1632930113,5472,21455,,,,,,,,,,0.094,17122.757,Pinned,Device,NVIDIA A100-SXM4-40GB MIG 4g.20gb (0),1,,13,[CUDA memcpy Host-to-Device]
1632942465,46815,21456,,,,,,,,,,35.810,764899.891,Device,,NVIDIA A100-SXM4-40GB MIG 4g.20gb (0),1,,13,[CUDA memset]
1632994816,4608,21458,,,,,,,,,,0.000,17.361,Pinned,Device,NVIDIA A100-SXM4-40GB MIG 4g.20gb (0),1,,13,[CUDA memcpy Host-to-Device]
1633004288,13856,21459,,,,,,,,,,0.197,14189.199,Pinned,Device,NVIDIA A100-SXM4-40GB MIG 4g.20gb (0),1,,13,[CUDA memcpy Host-to-Device]
1633027711,9888,21460,273,1,1,48,1,1,40,0.000,0.001,,,,,NVIDIA A100-SXM4-40GB MIG 4g.20gb (0),1,,13,"void pusch_noise_intf_est::noiseIntfEstNoDftSOfdmKernel<float, __half, float, float, (unsigned int)2, (unsigned int)1, (unsigned char)4, (unsigned char)4>(pusch_noise_intf_est::puschRxNoiseIntfEstDynDescr)"
1633041503,2912,21471,35,1,1,128,1,1,16,0.000,0.000,,,,,NVIDIA A100-SXM4-40GB MIG 4g.20gb (0),1,,13,cupy_copy__complex64_complex64
1633051359,2144,21480,1,1,1,1,1,1,18,0.000,0.000,,,,,NVIDIA A100-SXM4-40GB MIG 4g.20gb (0),1,,13,cupy_copy__float32_float32
1633081087,1792,21486,,,,,,,,,,0.000,2.232,Device,Pageable,NVIDIA A100-SXM4-40GB MIG 4g.20gb (0),1,,7,[CUDA memcpy Device-to-Host]
1633140446,12992,21497,1434,1,1,128,1,1,16,0.000,0.000,,,,,NVIDIA A100-SXM4-40GB MIG 4g.20gb (0),1,,13,cupy_copy__complex64_complex64
1633167614,2720,21504,103,1,1,128,1,1,16,0.000,0.000,,,,,NVIDIA A100-SXM4-40GB MIG 4g.20gb (0),1,,13,cupy_copy__complex64_complex64
1633188861,2592,21511,35,1,1,128,1,1,16,0.000,0.000,,,,,NVIDIA A100-SXM4-40GB MIG 4g.20gb (0),1,,13,cupy_copy__complex64_complex64
1633207581,1792,21518,1,1,1,1,1,1,18,0.000,0.000,,,,,NVIDIA A100-SXM4-40GB MIG 4g.20gb (0),1,,13,cupy_copy__float32_float32
1633338780,82271,21529,1,1,1,32,32,1,30,0.000,0.000,,,,,NVIDIA A100-SXM4-40GB MIG 4g.20gb (0),1,,13,"void convert_kernel<__half2, float2>(tensor_layout_any, T1 *, tensor_layout_any, const T2 *)"
1633448698,5568,21532,,,,,,,,,,0.094,16827.521,Pinned,Device,NVIDIA A100-SXM4-40GB MIG 4g.20gb (0),1,,13,[CUDA memcpy Host-to-Device]
1633463770,3264,21533,,,,,,,,,,1.547,473842.288,Device,,NVIDIA A100-SXM4-40GB MIG 4g.20gb (0),1,,13,[CUDA memset]
1633470618,3264,21538,,,,,,,,,,0.031,9588.218,Pinned,Device,NVIDIA A100-SXM4-40GB MIG 4g.20gb (0),1,,13,[CUDA memcpy Host-to-Device]
1633476666,9728,21539,,,,,,,,,,0.197,20210.516,Pinned,Device,NVIDIA A100-SXM4-40GB MIG 4g.20gb (0),1,,13,[CUDA memcpy Host-to-Device]
1633492282,6432,21540,273,1,1,8,4,1,39,0.002,0.000,,,,,NVIDIA A100-SXM4-40GB MIG 4g.20gb (0),1,,13,"void channel_eq::eqMmseCoefCompLowMimoKernel<float, float, float, (unsigned int)4, (unsigned int)1, (unsigned int)4>(const channel_eq::_puschRxChEqStatDescr *, channel_eq::_puschRxChEqCoefCompDynDescr)"
1633499770,7104,21541,273,1,1,12,11,1,51,0.002,0.000,,,,,NVIDIA A100-SXM4-40GB MIG 4g.20gb (0),1,,13,"void channel_eq::eqMmseSoftDemapKernel<float, __half, __half, float, (unsigned int)4, (unsigned short)16383>(channel_eq::_puschRxChEqStatDescr *, channel_eq::_puschRxChEqSoftDemapDynDescr)"
1633508026,282492,21542,1,1,1,32,32,1,30,0.000,0.000,,,,,NVIDIA A100-SXM4-40GB MIG 4g.20gb (0),1,,13,"void convert_kernel<float2, __half2>(tensor_layout_any, T1 *, tensor_layout_any, const T2 *)"
1633791478,11008,21554,2253,1,1,128,1,1,16,0.000,0.000,,,,,NVIDIA A100-SXM4-40GB MIG 4g.20gb (0),1,,13,cupy_copy__float16_float16
1633804534,3264,21563,282,1,1,128,1,1,16,0.000,0.000,,,,,NVIDIA A100-SXM4-40GB MIG 4g.20gb (0),1,,13,cupy_copy__complex64_complex64
1633809398,2080,21572,26,1,1,128,1,1,16,0.000,0.000,,,,,NVIDIA A100-SXM4-40GB MIG 4g.20gb (0),1,,13,cupy_copy__float32_float32
1633815158,2880,21581,103,1,1,128,1,1,16,0.000,0.000,,,,,NVIDIA A100-SXM4-40GB MIG 4g.20gb (0),1,,13,cupy_copy__complex64_complex64
1633819574,12064,21591,1434,1,1,128,1,1,16,0.000,0.000,,,,,NVIDIA A100-SXM4-40GB MIG 4g.20gb (0),1,,13,cupy_copy__complex64_complex64
1633838581,87135,21596,1,1,1,32,32,1,30,0.000,0.000,,,,,NVIDIA A100-SXM4-40GB MIG 4g.20gb (0),1,,13,"void convert_kernel<__half2, float2>(tensor_layout_any, T1 *, tensor_layout_any, const T2 *)"
1633952404,5728,21599,,,,,,,,,,0.094,16357.541,Pinned,Device,NVIDIA A100-SXM4-40GB MIG 4g.20gb (0),1,,13,[CUDA memcpy Host-to-Device]
1633962996,599608,21600,,,,,,,,,,456.561,761087.920,Device,,NVIDIA A100-SXM4-40GB MIG 4g.20gb (0),1,,13,[CUDA memset]
1634571244,154974,21605,,,,,,,,,,1.235,7967.859,Pinned,Device,NVIDIA A100-SXM4-40GB MIG 4g.20gb (0),1,,13,[CUDA memcpy Host-to-Device]
1634737770,40736,21606,,,,,,,,,,0.197,4826.333,Pinned,Device,NVIDIA A100-SXM4-40GB MIG 4g.20gb (0),1,,13,[CUDA memcpy Host-to-Device]
1634800682,8127,21607,69,4,1,48,1,1,76,0.002,0.000,,,,,NVIDIA A100-SXM4-40GB MIG 4g.20gb (0),1,,13,"void ch_est::windowedChEstPreNoDftSOfdmKernel<float, __half, float, (unsigned int)2, (unsigned int)1, (unsigned short)4>(ch_est::puschRxChEstStatDescr_t *, ch_est::puschRxChEstDynDescr_t *)"
1634819657,6464,21608,137,2,1,24,2,1,44,0.001,0.001,,,,,NVIDIA A100-SXM4-40GB MIG 4g.20gb (0),1,,13,"void ch_est::chEstFilterNoDftSOfdmDispatchKernel<float, __half, float, (unsigned int)2>(ch_est::puschRxChEstStatDescr_t *, ch_est::puschRxChEstDynDescr_t *)"
1634834025,5248,21609,137,2,1,24,2,1,44,0.001,0.001,,,,,NVIDIA A100-SXM4-40GB MIG 4g.20gb (0),1,,13,"void ch_est::chEstFilterNoDftSOfdmDispatchKernel<float, __half, float, (unsigned int)2>(ch_est::puschRxChEstStatDescr_t *, ch_est::puschRxChEstDynDescr_t *)"
1634848937,2496,21620,103,1,1,128,1,1,16,0.000,0.000,,,,,NVIDIA A100-SXM4-40GB MIG 4g.20gb (0),1,,13,cupy_copy__complex64_complex64
1634861865,13088,21630,1434,1,1,128,1,1,16,0.000,0.000,,,,,NVIDIA A100-SXM4-40GB MIG 4g.20gb (0),1,,13,cupy_copy__complex64_complex64
1634890248,2528,21637,103,1,1,128,1,1,16,0.000,0.000,,,,,NVIDIA A100-SXM4-40GB MIG 4g.20gb (0),1,,13,cupy_copy__complex64_complex64
1634901640,86335,21644,1,1,1,32,32,1,30,0.000,0.000,,,,,NVIDIA A100-SXM4-40GB MIG 4g.20gb (0),1,,13,"void convert_kernel<__half2, float2>(tensor_layout_any, T1 *, tensor_layout_any, const T2 *)"
1635017095,11328,21647,,,,,,,,,,0.094,8271.108,Pinned,Device,NVIDIA A100-SXM4-40GB MIG 4g.20gb (0),1,,13,[CUDA memcpy Host-to-Device]
1635036487,47135,21648,,,,,,,,,,35.810,759707.453,Device,,NVIDIA A100-SXM4-40GB MIG 4g.20gb (0),1,,13,[CUDA memset]
1635088934,7136,21650,,,,,,,,,,0.000,11.211,Pinned,Device,NVIDIA A100-SXM4-40GB MIG 4g.20gb (0),1,,13,[CUDA memcpy Host-to-Device]
1635100582,16608,21651,,,,,,,,,,0.197,11837.964,Pinned,Device,NVIDIA A100-SXM4-40GB MIG 4g.20gb (0),1,,13,[CUDA memcpy Host-to-Device]
1635129029,12608,21652,273,1,1,48,1,1,40,0.000,0.001,,,,,NVIDIA A100-SXM4-40GB MIG 4g.20gb (0),1,,13,"void pusch_noise_intf_est::noiseIntfEstNoDftSOfdmKernel<float, __half, float, float, (unsigned int)2, (unsigned int)1, (unsigned char)4, (unsigned char)4>(pusch_noise_intf_est::puschRxNoiseIntfEstDynDescr)"
1635147685,2976,21663,35,1,1,128,1,1,16,0.000,0.000,,,,,NVIDIA A100-SXM4-40GB MIG 4g.20gb (0),1,,13,cupy_copy__complex64_complex64
1635158213,1728,21672,1,1,1,1,1,1,18,0.000,0.000,,,,,NVIDIA A100-SXM4-40GB MIG 4g.20gb (0),1,,13,cupy_copy__float32_float32
1635171589,1824,21678,,,,,,,,,,0.000,2.193,Device,Pageable,NVIDIA A100-SXM4-40GB MIG 4g.20gb (0),1,,7,[CUDA memcpy Device-to-Host]
1635234212,12960,21689,1434,1,1,128,1,1,16,0.000,0.000,,,,,NVIDIA A100-SXM4-40GB MIG 4g.20gb (0),1,,13,cupy_copy__complex64_complex64
1635260580,2752,21696,103,1,1,128,1,1,16,0.000,0.000,,,,,NVIDIA A100-SXM4-40GB MIG 4g.20gb (0),1,,13,cupy_copy__complex64_complex64
1635281508,2528,21703,35,1,1,128,1,1,16,0.000,0.000,,,,,NVIDIA A100-SXM4-40GB MIG 4g.20gb (0),1,,13,cupy_copy__complex64_complex64
1635299715,1760,21710,1,1,1,1,1,1,18,0.000,0.000,,,,,NVIDIA A100-SXM4-40GB MIG 4g.20gb (0),1,,13,cupy_copy__float32_float32
1635431554,83359,21721,1,1,1,32,32,1,30,0.000,0.000,,,,,NVIDIA A100-SXM4-40GB MIG 4g.20gb (0),1,,13,"void convert_kernel<__half2, float2>(tensor_layout_any, T1 *, tensor_layout_any, const T2 *)"
1635543296,5536,21724,,,,,,,,,,0.094,16924.777,Pinned,Device,NVIDIA A100-SXM4-40GB MIG 4g.20gb (0),1,,13,[CUDA memcpy Host-to-Device]
1635558624,3200,21725,,,,,,,,,,1.547,483320.000,Device,,NVIDIA A100-SXM4-40GB MIG 4g.20gb (0),1,,13,[CUDA memset]
1635564736,3168,21730,,,,,,,,,,0.031,9878.770,Pinned,Device,NVIDIA A100-SXM4-40GB MIG 4g.20gb (0),1,,13,[CUDA memcpy Host-to-Device]
1635570496,9760,21731,,,,,,,,,,0.197,20144.259,Pinned,Device,NVIDIA A100-SXM4-40GB MIG 4g.20gb (0),1,,13,[CUDA memcpy Host-to-Device]
1635585024,6176,21732,273,1,1,8,4,1,39,0.002,0.000,,,,,NVIDIA A100-SXM4-40GB MIG 4g.20gb (0),1,,13,"void channel_eq::eqMmseCoefCompLowMimoKernel<float, float, float, (unsigned int)4, (unsigned int)1, (unsigned int)4>(const channel_eq::_puschRxChEqStatDescr *, channel_eq::_puschRxChEqCoefCompDynDescr)"
1635594752,6912,21733,273,1,1,12,11,1,51,0.002,0.000,,,,,NVIDIA A100-SXM4-40GB MIG 4g.20gb (0),1,,13,"void channel_eq::eqMmseSoftDemapKernel<float, __half, __half, float, (unsigned int)4, (unsigned short)16383>(channel_eq::_puschRxChEqStatDescr *, channel_eq::_puschRxChEqSoftDemapDynDescr)"
1635602688,282396,21734,1,1,1,32,32,1,30,0.000,0.000,,,,,NVIDIA A100-SXM4-40GB MIG 4g.20gb (0),1,,13,"void convert_kernel<float2, __half2>(tensor_layout_any, T1 *, tensor_layout_any, const T2 *)"
1635887260,11008,21746,2253,1,1,128,1,1,16,0.000,0.000,,,,,NVIDIA A100-SXM4-40GB MIG 4g.20gb (0),1,,13,cupy_copy__float16_float16
1635902556,2592,21755,282,1,1,128,1,1,16,0.000,0.000,,,,,NVIDIA A100-SXM4-40GB MIG 4g.20gb (0),1,,13,cupy_copy__complex64_complex64
1635907516,2336,21764,26,1,1,128,1,1,16,0.000,0.000,,,,,NVIDIA A100-SXM4-40GB MIG 4g.20gb (0),1,,13,cupy_copy__float32_float32
1635910876,2912,21773,103,1,1,128,1,1,16,0.000,0.000,,,,,NVIDIA A100-SXM4-40GB MIG 4g.20gb (0),1,,13,cupy_copy__complex64_complex64
1635915324,12224,21783,1434,1,1,128,1,1,16,0.000,0.000,,,,,NVIDIA A100-SXM4-40GB MIG 4g.20gb (0),1,,13,cupy_copy__complex64_complex64
1635932283,87423,21788,1,1,1,32,32,1,30,0.000,0.000,,,,,NVIDIA A100-SXM4-40GB MIG 4g.20gb (0),1,,13,"void convert_kernel<__half2, float2>(tensor_layout_any, T1 *, tensor_layout_any, const T2 *)"
1636046458,5696,21791,,,,,,,,,,0.094,16449.363,Pinned,Device,NVIDIA A100-SXM4-40GB MIG 4g.20gb (0),1,,13,[CUDA memcpy Host-to-Device]
1636057722,599001,21792,,,,,,,,,,456.561,762001.043,Device,,NVIDIA A100-SXM4-40GB MIG 4g.20gb (0),1,,13,[CUDA memset]
1636660338,132799,21797,,,,,,,,,,1.235,9299.128,Pinned,Device,NVIDIA A100-SXM4-40GB MIG 4g.20gb (0),1,,13,[CUDA memcpy Host-to-Device]
1636802833,40191,21798,,,,,,,,,,0.197,4891.804,Pinned,Device,NVIDIA A100-SXM4-40GB MIG 4g.20gb (0),1,,13,[CUDA memcpy Host-to-Device]
1636872656,8160,21799,69,4,1,48,1,1,76,0.002,0.000,,,,,NVIDIA A100-SXM4-40GB MIG 4g.20gb (0),1,,13,"void ch_est::windowedChEstPreNoDftSOfdmKernel<float, __half, float, (unsigned int)2, (unsigned int)1, (unsigned short)4>(ch_est::puschRxChEstStatDescr_t *, ch_est::puschRxChEstDynDescr_t *)"
1636892112,6656,21800,137,2,1,24,2,1,44,0.001,0.001,,,,,NVIDIA A100-SXM4-40GB MIG 4g.20gb (0),1,,13,"void ch_est::chEstFilterNoDftSOfdmDispatchKernel<float, __half, float, (unsigned int)2>(ch_est::puschRxChEstStatDescr_t *, ch_est::puschRxChEstDynDescr_t *)"
1636909071,4704,21801,137,2,1,24,2,1,44,0.001,0.001,,,,,NVIDIA A100-SXM4-40GB MIG 4g.20gb (0),1,,13,"void ch_est::chEstFilterNoDftSOfdmDispatchKernel<float, __half, float, (unsigned int)2>(ch_est::puschRxChEstStatDescr_t *, ch_est::puschRxChEstDynDescr_t *)"
1636926479,2624,21812,103,1,1,128,1,1,16,0.000,0.000,,,,,NVIDIA A100-SXM4-40GB MIG 4g.20gb (0),1,,13,cupy_copy__complex64_complex64
1636943055,12672,21822,1434,1,1,128,1,1,16,0.000,0.000,,,,,NVIDIA A100-SXM4-40GB MIG 4g.20gb (0),1,,13,cupy_copy__complex64_complex64
1636964911,2880,21829,103,1,1,128,1,1,16,0.000,0.000,,,,,NVIDIA A100-SXM4-40GB MIG 4g.20gb (0),1,,13,cupy_copy__complex64_complex64
1636988238,92223,21836,1,1,1,32,32,1,30,0.000,0.000,,,,,NVIDIA A100-SXM4-40GB MIG 4g.20gb (0),1,,13,"void convert_kernel<__half2, float2>(tensor_layout_any, T1 *, tensor_layout_any, const T2 *)"
1637112781,19456,21839,,,,,,,,,,0.094,4815.787,Pinned,Device,NVIDIA A100-SXM4-40GB MIG 4g.20gb (0),1,,13,[CUDA memcpy Host-to-Device]
1637154700,47040,21840,,,,,,,,,,35.810,761247.279,Device,,NVIDIA A100-SXM4-40GB MIG 4g.20gb (0),1,,13,[CUDA memset]
1637206764,5632,21842,,,,,,,,,,0.000,14.204,Pinned,Device,NVIDIA A100-SXM4-40GB MIG 4g.20gb (0),1,,13,[CUDA memcpy Host-to-Device]
1637220716,20927,21843,,,,,,,,,,0.197,9394.913,Pinned,Device,NVIDIA A100-SXM4-40GB MIG 4g.20gb (0),1,,13,[CUDA memcpy Host-to-Device]
1637251307,9376,21844,273,1,1,48,1,1,40,0.000,0.001,,,,,NVIDIA A100-SXM4-40GB MIG 4g.20gb (0),1,,13,"void pusch_noise_intf_est::noiseIntfEstNoDftSOfdmKernel<float, __half, float, float, (unsigned int)2, (unsigned int)1, (unsigned char)4, (unsigned char)4>(pusch_noise_intf_est::puschRxNoiseIntfEstDynDescr)"
1637266827,2752,21855,35,1,1,128,1,1,16,0.000,0.000,,,,,NVIDIA A100-SXM4-40GB MIG 4g.20gb (0),1,,13,cupy_copy__complex64_complex64
1637274539,2208,21864,1,1,1,1,1,1,18,0.000,0.000,,,,,NVIDIA A100-SXM4-40GB MIG 4g.20gb (0),1,,13,cupy_copy__float32_float32
1637284747,2528,21870,,,,,,,,,,0.000,1.582,Device,Pageable,NVIDIA A100-SXM4-40GB MIG 4g.20gb (0),1,,7,[CUDA memcpy Device-to-Host]
1637355050,12736,21881,1434,1,1,128,1,1,16,0.000,0.000,,,,,NVIDIA A100-SXM4-40GB MIG 4g.20gb (0),1,,13,cupy_copy__complex64_complex64
1637384778,3007,21888,103,1,1,128,1,1,16,0.000,0.000,,,,,NVIDIA A100-SXM4-40GB MIG 4g.20gb (0),1,,13,cupy_copy__complex64_complex64
1637401129,2464,21895,35,1,1,128,1,1,16,0.000,0.000,,,,,NVIDIA A100-SXM4-40GB MIG 4g.20gb (0),1,,13,cupy_copy__complex64_complex64
1637421161,1920,21902,1,1,1,1,1,1,18,0.000,0.000,,,,,NVIDIA A100-SXM4-40GB MIG 4g.20gb (0),1,,13,cupy_copy__float32_float32
1637550087,87615,21913,1,1,1,32,32,1,30,0.000,0.000,,,,,NVIDIA A100-SXM4-40GB MIG 4g.20gb (0),1,,13,"void convert_kernel<__half2, float2>(tensor_layout_any, T1 *, tensor_layout_any, const T2 *)"
1637665094,5952,21916,,,,,,,,,,0.094,15741.865,Pinned,Device,NVIDIA A100-SXM4-40GB MIG 4g.20gb (0),1,,13,[CUDA memcpy Host-to-Device]
1637679238,3296,21917,,,,,,,,,,1.547,469242.628,Device,,NVIDIA A100-SXM4-40GB MIG 4g.20gb (0),1,,13,[CUDA memset]
1637686278,3232,21922,,,,,,,,,,0.031,9683.139,Pinned,Device,NVIDIA A100-SXM4-40GB MIG 4g.20gb (0),1,,13,[CUDA memcpy Host-to-Device]
1637692134,9728,21923,,,,,,,,,,0.197,20210.516,Pinned,Device,NVIDIA A100-SXM4-40GB MIG 4g.20gb (0),1,,13,[CUDA memcpy Host-to-Device]
1637708197,6528,21924,273,1,1,8,4,1,39,0.002,0.000,,,,,NVIDIA A100-SXM4-40GB MIG 4g.20gb (0),1,,13,"void channel_eq::eqMmseCoefCompLowMimoKernel<float, float, float, (unsigned int)4, (unsigned int)1, (unsigned int)4>(const channel_eq::_puschRxChEqStatDescr *, channel_eq::_puschRxChEqCoefCompDynDescr)"
1637716229,6016,21925,273,1,1,12,11,1,51,0.002,0.000,,,,,NVIDIA A100-SXM4-40GB MIG 4g.20gb (0),1,,13,"void channel_eq::eqMmseSoftDemapKernel<float, __half, __half, float, (unsigned int)4, (unsigned short)16383>(channel_eq::_puschRxChEqStatDescr *, channel_eq::_puschRxChEqSoftDemapDynDescr)"
1637723749,294237,21926,1,1,1,32,32,1,30,0.000,0.000,,,,,NVIDIA A100-SXM4-40GB MIG 4g.20gb (0),1,,13,"void convert_kernel<float2, __half2>(tensor_layout_any, T1 *, tensor_layout_any, const T2 *)"
1638019042,10912,21938,2253,1,1,128,1,1,16,0.000,0.000,,,,,NVIDIA A100-SXM4-40GB MIG 4g.20gb (0),1,,13,cupy_copy__float16_float16
1638034177,3424,21947,282,1,1,128,1,1,16,0.000,0.000,,,,,NVIDIA A100-SXM4-40GB MIG 4g.20gb (0),1,,13,cupy_copy__complex64_complex64
1638040449,2048,21956,26,1,1,128,1,1,16,0.000,0.000,,,,,NVIDIA A100-SXM4-40GB MIG 4g.20gb (0),1,,13,cupy_copy__float32_float32
1638044481,4768,21965,103,1,1,128,1,1,16,0.000,0.000,,,,,NVIDIA A100-SXM4-40GB MIG 4g.20gb (0),1,,13,cupy_copy__complex64_complex64
1638050881,12352,21975,1434,1,1,128,1,1,16,0.000,0.000,,,,,NVIDIA A100-SXM4-40GB MIG 4g.20gb (0),1,,13,cupy_copy__complex64_complex64
1638066337,87743,21980,1,1,1,32,32,1,30,0.000,0.000,,,,,NVIDIA A100-SXM4-40GB MIG 4g.20gb (0),1,,13,"void convert_kernel<__half2, float2>(tensor_layout_any, T1 *, tensor_layout_any, const T2 *)"
1638180928,5920,21983,,,,,,,,,,0.094,15826.941,Pinned,Device,NVIDIA A100-SXM4-40GB MIG 4g.20gb (0),1,,13,[CUDA memcpy Host-to-Device]
1638192127,596761,21984,,,,,,,,,,456.561,764740.412,Device,,NVIDIA A100-SXM4-40GB MIG 4g.20gb (0),1,,13,[CUDA memset]
1638796472,161150,21989,,,,,,,,,,1.235,7662.828,Pinned,Device,NVIDIA A100-SXM4-40GB MIG 4g.20gb (0),1,,13,[CUDA memcpy Host-to-Device]
1638966838,32639,21990,,,,,,,,,,0.197,6023.676,Pinned,Device,NVIDIA A100-SXM4-40GB MIG 4g.20gb (0),1,,13,[CUDA memcpy Host-to-Device]
1639011317,7808,21991,69,4,1,48,1,1,76,0.002,0.000,,,,,NVIDIA A100-SXM4-40GB MIG 4g.20gb (0),1,,13,"void ch_est::windowedChEstPreNoDftSOfdmKernel<float, __half, float, (unsigned int)2, (unsigned int)1, (unsigned short)4>(ch_est::puschRxChEstStatDescr_t *, ch_est::puschRxChEstDynDescr_t *)"
1639032117,6688,21992,137,2,1,24,2,1,44,0.001,0.001,,,,,NVIDIA A100-SXM4-40GB MIG 4g.20gb (0),1,,13,"void ch_est::chEstFilterNoDftSOfdmDispatchKernel<float, __half, float, (unsigned int)2>(ch_est::puschRxChEstStatDescr_t *, ch_est::puschRxChEstDynDescr_t *)"
1639048181,4736,21993,137,2,1,24,2,1,44,0.001,0.001,,,,,NVIDIA A100-SXM4-40GB MIG 4g.20gb (0),1,,13,"void ch_est::chEstFilterNoDftSOfdmDispatchKernel<float, __half, float, (unsigned int)2>(ch_est::puschRxChEstStatDescr_t *, ch_est::puschRxChEstDynDescr_t *)"
1639061365,2752,22004,103,1,1,128,1,1,16,0.000,0.000,,,,,NVIDIA A100-SXM4-40GB MIG 4g.20gb (0),1,,13,cupy_copy__complex64_complex64
1639074261,12799,22014,1434,1,1,128,1,1,16,0.000,0.000,,,,,NVIDIA A100-SXM4-40GB MIG 4g.20gb (0),1,,13,cupy_copy__complex64_complex64
1639101780,2496,22021,103,1,1,128,1,1,16,0.000,0.000,,,,,NVIDIA A100-SXM4-40GB MIG 4g.20gb (0),1,,13,cupy_copy__complex64_complex64
1639122516,86271,22028,1,1,1,32,32,1,30,0.000,0.000,,,,,NVIDIA A100-SXM4-40GB MIG 4g.20gb (0),1,,13,"void convert_kernel<__half2, float2>(tensor_layout_any, T1 *, tensor_layout_any, const T2 *)"
1639244114,22816,22031,,,,,,,,,,0.094,4106.508,Pinned,Device,NVIDIA A100-SXM4-40GB MIG 4g.20gb (0),1,,13,[CUDA memcpy Host-to-Device]
1639284338,47295,22032,,,,,,,,,,35.810,757129.139,Device,,NVIDIA A100-SXM4-40GB MIG 4g.20gb (0),1,,13,[CUDA memset]
1639340785,6272,22034,,,,,,,,,,0.000,12.755,Pinned,Device,NVIDIA A100-SXM4-40GB MIG 4g.20gb (0),1,,13,[CUDA memcpy Host-to-Device]
1639359281,25664,22035,,,,,,,,,,0.197,7660.831,Pinned,Device,NVIDIA A100-SXM4-40GB MIG 4g.20gb (0),1,,13,[CUDA memcpy Host-to-Device]
1639403792,9568,22036,273,1,1,48,1,1,40,0.000,0.001,,,,,NVIDIA A100-SXM4-40GB MIG 4g.20gb (0),1,,13,"void pusch_noise_intf_est::noiseIntfEstNoDftSOfdmKernel<float, __half, float, float, (unsigned int)2, (unsigned int)1, (unsigned char)4, (unsigned char)4>(pusch_noise_intf_est::puschRxNoiseIntfEstDynDescr)"
1639420688,2752,22047,35,1,1,128,1,1,16,0.000,0.000,,,,,NVIDIA A100-SXM4-40GB MIG 4g.20gb (0),1,,13,cupy_copy__complex64_complex64
1639437264,1728,22056,1,1,1,1,1,1,18,0.000,0.000,,,,,NVIDIA A100-SXM4-40GB MIG 4g.20gb (0),1,,13,cupy_copy__float32_float32
1639444656,4704,22062,,,,,,,,,,0.000,0.850,Device,Pageable,NVIDIA A100-SXM4-40GB MIG 4g.20gb (0),1,,7,[CUDA memcpy Device-to-Host]
1639544431,12576,22073,1434,1,1,128,1,1,16,0.000,0.000,,,,,NVIDIA A100-SXM4-40GB MIG 4g.20gb (0),1,,13,cupy_copy__complex64_complex64
1639566446,2784,22080,103,1,1,128,1,1,16,0.000,0.000,,,,,NVIDIA A100-SXM4-40GB MIG 4g.20gb (0),1,,13,cupy_copy__complex64_complex64
1639587246,2528,22087,35,1,1,128,1,1,16,0.000,0.000,,,,,NVIDIA A100-SXM4-40GB MIG 4g.20gb (0),1,,13,cupy_copy__complex64_complex64
1639604750,1792,22094,1,1,1,1,1,1,18,0.000,0.000,,,,,NVIDIA A100-SXM4-40GB MIG 4g.20gb (0),1,,13,cupy_copy__float32_float32
1639733036,87871,22105,1,1,1,32,32,1,30,0.000,0.000,,,,,NVIDIA A100-SXM4-40GB MIG 4g.20gb (0),1,,13,"void convert_kernel<__half2, float2>(tensor_layout_any, T1 *, tensor_layout_any, const T2 *)"
1639852459,14240,22108,,,,,,,,,,0.094,6579.708,Pinned,Device,NVIDIA A100-SXM4-40GB MIG 4g.20gb (0),1,,13,[CUDA memcpy Host-to-Device]
1639879115,3392,22109,,,,,,,,,,1.547,455961.768,Device,,NVIDIA A100-SXM4-40GB MIG 4g.20gb (0),1,,13,[CUDA memset]
1639886699,7487,22114,,,,,,,,,,0.031,4180.019,Pinned,Device,NVIDIA A100-SXM4-40GB MIG 4g.20gb (0),1,,13,[CUDA memcpy Host-to-Device]
1639901610,16512,22115,,,,,,,,,,0.197,11906.974,Pinned,Device,NVIDIA A100-SXM4-40GB MIG 4g.20gb (0),1,,13,[CUDA memcpy Host-to-Device]
1639930474,7744,22116,273,1,1,8,4,1,39,0.002,0.000,,,,,NVIDIA A100-SXM4-40GB MIG 4g.20gb (0),1,,13,"void channel_eq::eqMmseCoefCompLowMimoKernel<float, float, float, (unsigned int)4, (unsigned int)1, (unsigned int)4>(const channel_eq::_puschRxChEqStatDescr *, channel_eq::_puschRxChEqCoefCompDynDescr)"
1639945770,5600,22117,273,1,1,12,11,1,51,0.002,0.000,,,,,NVIDIA A100-SXM4-40GB MIG 4g.20gb (0),1,,13,"void channel_eq::eqMmseSoftDemapKernel<float, __half, __half, float, (unsigned int)4, (unsigned short)16383>(channel_eq::_puschRxChEqStatDescr *, channel_eq::_puschRxChEqSoftDemapDynDescr)"
1639953226,282908,22118,1,1,1,32,32,1,30,0.000,0.000,,,,,NVIDIA A100-SXM4-40GB MIG 4g.20gb (0),1,,13,"void convert_kernel<float2, __half2>(tensor_layout_any, T1 *, tensor_layout_any, const T2 *)"
1640238854,10944,22130,2253,1,1,128,1,1,16,0.000,0.000,,,,,NVIDIA A100-SXM4-40GB MIG 4g.20gb (0),1,,13,cupy_copy__float16_float16
1640254182,2848,22139,282,1,1,128,1,1,16,0.000,0.000,,,,,NVIDIA A100-SXM4-40GB MIG 4g.20gb (0),1,,13,cupy_copy__complex64_complex64
1640259366,2112,22148,26,1,1,128,1,1,16,0.000,0.000,,,,,NVIDIA A100-SXM4-40GB MIG 4g.20gb (0),1,,13,cupy_copy__float32_float32
1640263430,4672,22157,103,1,1,128,1,1,16,0.000,0.000,,,,,NVIDIA A100-SXM4-40GB MIG 4g.20gb (0),1,,13,cupy_copy__complex64_complex64
1640271334,12000,22167,1434,1,1,128,1,1,16,0.000,0.000,,,,,NVIDIA A100-SXM4-40GB MIG 4g.20gb (0),1,,13,cupy_copy__complex64_complex64
1640286854,87614,22172,1,1,1,32,32,1,30,0.000,0.000,,,,,NVIDIA A100-SXM4-40GB MIG 4g.20gb (0),1,,13,"void convert_kernel<__half2, float2>(tensor_layout_any, T1 *, tensor_layout_any, const T2 *)"
1640401924,5536,22175,,,,,,,,,,0.094,16924.777,Pinned,Device,NVIDIA A100-SXM4-40GB MIG 4g.20gb (0),1,,13,[CUDA memcpy Host-to-Device]
1640412324,598041,22176,,,,,,,,,,456.561,763370.728,Device,,NVIDIA A100-SXM4-40GB MIG 4g.20gb (0),1,,13,[CUDA memset]
1641014941,81439,22181,,,,,,,,,,1.235,15163.877,Pinned,Device,NVIDIA A100-SXM4-40GB MIG 4g.20gb (0),1,,13,[CUDA memcpy Host-to-Device]
1641102875,18112,22182,,,,,,,,,,0.197,10855.121,Pinned,Device,NVIDIA A100-SXM4-40GB MIG 4g.20gb (0),1,,13,[CUDA memcpy Host-to-Device]
1641135387,9088,22183,69,4,1,48,1,1,76,0.002,0.000,,,,,NVIDIA A100-SXM4-40GB MIG 4g.20gb (0),1,,13,"void ch_est::windowedChEstPreNoDftSOfdmKernel<float, __half, float, (unsigned int)2, (unsigned int)1, (unsigned short)4>(ch_est::puschRxChEstStatDescr_t *, ch_est::puschRxChEstDynDescr_t *)"
1641150715,7392,22184,137,2,1,24,2,1,44,0.001,0.001,,,,,NVIDIA A100-SXM4-40GB MIG 4g.20gb (0),1,,13,"void ch_est::chEstFilterNoDftSOfdmDispatchKernel<float, __half, float, (unsigned int)2>(ch_est::puschRxChEstStatDescr_t *, ch_est::puschRxChEstDynDescr_t *)"
1641165339,5376,22185,137,2,1,24,2,1,44,0.001,0.001,,,,,NVIDIA A100-SXM4-40GB MIG 4g.20gb (0),1,,13,"void ch_est::chEstFilterNoDftSOfdmDispatchKernel<float, __half, float, (unsigned int)2>(ch_est::puschRxChEstStatDescr_t *, ch_est::puschRxChEstDynDescr_t *)"
1641173947,2336,22196,103,1,1,128,1,1,16,0.000,0.000,,,,,NVIDIA A100-SXM4-40GB MIG 4g.20gb (0),1,,13,cupy_copy__complex64_complex64
1641181786,12896,22206,1434,1,1,128,1,1,16,0.000,0.000,,,,,NVIDIA A100-SXM4-40GB MIG 4g.20gb (0),1,,13,cupy_copy__complex64_complex64
1641197434,2752,22213,103,1,1,128,1,1,16,0.000,0.000,,,,,NVIDIA A100-SXM4-40GB MIG 4g.20gb (0),1,,13,cupy_copy__complex64_complex64
1641207162,91999,22220,1,1,1,32,32,1,30,0.000,0.000,,,,,NVIDIA A100-SXM4-40GB MIG 4g.20gb (0),1,,13,"void convert_kernel<__half2, float2>(tensor_layout_any, T1 *, tensor_layout_any, const T2 *)"
1641327993,8192,22223,,,,,,,,,,0.094,11437.471,Pinned,Device,NVIDIA A100-SXM4-40GB MIG 4g.20gb (0),1,,13,[CUDA memcpy Host-to-Device]
1641345304,46752,22224,,,,,,,,,,35.810,765938.379,Device,,NVIDIA A100-SXM4-40GB MIG 4g.20gb (0),1,,13,[CUDA memset]
1641398104,4736,22226,,,,,,,,,,0.000,16.892,Pinned,Device,NVIDIA A100-SXM4-40GB MIG 4g.20gb (0),1,,13,[CUDA memcpy Host-to-Device]
1641406904,11584,22227,,,,,,,,,,0.197,16972.186,Pinned,Device,NVIDIA A100-SXM4-40GB MIG 4g.20gb (0),1,,13,[CUDA memcpy Host-to-Device]
1641424887,11552,22228,273,1,1,48,1,1,40,0.000,0.001,,,,,NVIDIA A100-SXM4-40GB MIG 4g.20gb (0),1,,13,"void pusch_noise_intf_est::noiseIntfEstNoDftSOfdmKernel<float, __half, float, float, (unsigned int)2, (unsigned int)1, (unsigned char)4, (unsigned char)4>(pusch_noise_intf_est::puschRxNoiseIntfEstDynDescr)"
1641438007,3232,22239,35,1,1,128,1,1,16,0.000,0.000,,,,,NVIDIA A100-SXM4-40GB MIG 4g.20gb (0),1,,13,cupy_copy__complex64_complex64
1641447191,2080,22248,1,1,1,1,1,1,18,0.000,0.000,,,,,NVIDIA A100-SXM4-40GB MIG 4g.20gb (0),1,,13,cupy_copy__float32_float32
1641478263,1856,22254,,,,,,,,,,0.000,2.155,Device,Pageable,NVIDIA A100-SXM4-40GB MIG 4g.20gb (0),1,,7,[CUDA memcpy Device-to-Host]
1641537462,13184,22265,1434,1,1,128,1,1,16,0.000,0.000,,,,,NVIDIA A100-SXM4-40GB MIG 4g.20gb (0),1,,13,cupy_copy__complex64_complex64
1641565142,3104,22272,103,1,1,128,1,1,16,0.000,0.000,,,,,NVIDIA A100-SXM4-40GB MIG 4g.20gb (0),1,,13,cupy_copy__complex64_complex64
1641585621,2336,22279,35,1,1,128,1,1,16,0.000,0.000,,,,,NVIDIA A100-SXM4-40GB MIG 4g.20gb (0),1,,13,cupy_copy__complex64_complex64
1641604053,1888,22286,1,1,1,1,1,1,18,0.000,0.000,,,,,NVIDIA A100-SXM4-40GB MIG 4g.20gb (0),1,,13,cupy_copy__float32_float32
1641736436,82239,22297,1,1,1,32,32,1,30,0.000,0.000,,,,,NVIDIA A100-SXM4-40GB MIG 4g.20gb (0),1,,13,"void convert_kernel<__half2, float2>(tensor_layout_any, T1 *, tensor_layout_any, const T2 *)"
1641845778,5536,22300,,,,,,,,,,0.094,16924.777,Pinned,Device,NVIDIA A100-SXM4-40GB MIG 4g.20gb (0),1,,13,[CUDA memcpy Host-to-Device]
1641861650,3136,22301,,,,,,,,,,1.547,493182.821,Device,,NVIDIA A100-SXM4-40GB MIG 4g.20gb (0),1,,13,[CUDA memset]
1641867442,3328,22306,,,,,,,,,,0.031,9403.822,Pinned,Device,NVIDIA A100-SXM4-40GB MIG 4g.20gb (0),1,,13,[CUDA memcpy Host-to-Device]
1641873330,9568,22307,,,,,,,,,,0.197,20548.485,Pinned,Device,NVIDIA A100-SXM4-40GB MIG 4g.20gb (0),1,,13,[CUDA memcpy Host-to-Device]
1641888530,6560,22308,273,1,1,8,4,1,39,0.002,0.000,,,,,NVIDIA A100-SXM4-40GB MIG 4g.20gb (0),1,,13,"void channel_eq::eqMmseCoefCompLowMimoKernel<float, float, float, (unsigned int)4, (unsigned int)1, (unsigned int)4>(const channel_eq::_puschRxChEqStatDescr *, channel_eq::_puschRxChEqCoefCompDynDescr)"
1641898418,6783,22309,273,1,1,12,11,1,51,0.002,0.000,,,,,NVIDIA A100-SXM4-40GB MIG 4g.20gb (0),1,,13,"void channel_eq::eqMmseSoftDemapKernel<float, __half, __half, float, (unsigned int)4, (unsigned short)16383>(channel_eq::_puschRxChEqStatDescr *, channel_eq::_puschRxChEqSoftDemapDynDescr)"
1641906833,294877,22310,1,1,1,32,32,1,30,0.000,0.000,,,,,NVIDIA A100-SXM4-40GB MIG 4g.20gb (0),1,,13,"void convert_kernel<float2, __half2>(tensor_layout_any, T1 *, tensor_layout_any, const T2 *)"
1642204110,10976,22322,2253,1,1,128,1,1,16,0.000,0.000,,,,,NVIDIA A100-SXM4-40GB MIG 4g.20gb (0),1,,13,cupy_copy__float16_float16
1642219214,3392,22331,282,1,1,128,1,1,16,0.000,0.000,,,,,NVIDIA A100-SXM4-40GB MIG 4g.20gb (0),1,,13,cupy_copy__complex64_complex64
1642225262,3359,22340,26,1,1,128,1,1,16,0.000,0.000,,,,,NVIDIA A100-SXM4-40GB MIG 4g.20gb (0),1,,13,cupy_copy__float32_float32
1642230285,4672,22349,103,1,1,128,1,1,16,0.000,0.000,,,,,NVIDIA A100-SXM4-40GB MIG 4g.20gb (0),1,,13,cupy_copy__complex64_complex64
1642237869,12416,22359,1434,1,1,128,1,1,16,0.000,0.000,,,,,NVIDIA A100-SXM4-40GB MIG 4g.20gb (0),1,,13,cupy_copy__complex64_complex64
1642251597,82303,22364,1,1,1,32,32,1,30,0.000,0.000,,,,,NVIDIA A100-SXM4-40GB MIG 4g.20gb (0),1,,13,"void convert_kernel<__half2, float2>(tensor_layout_any, T1 *, tensor_layout_any, const T2 *)"
1642361772,5440,22367,,,,,,,,,,0.094,17223.480,Pinned,Device,NVIDIA A100-SXM4-40GB MIG 4g.20gb (0),1,,13,[CUDA memcpy Host-to-Device]
1642371596,597912,22368,,,,,,,,,,456.561,763370.728,Device,,NVIDIA A100-SXM4-40GB MIG 4g.20gb (0),1,,13,[CUDA memset]
1642972868,128351,22373,,,,,,,,,,1.235,9621.449,Pinned,Device,NVIDIA A100-SXM4-40GB MIG 4g.20gb (0),1,,13,[CUDA memcpy Host-to-Device]
1643113859,40607,22374,,,,,,,,,,0.197,4841.669,Pinned,Device,NVIDIA A100-SXM4-40GB MIG 4g.20gb (0),1,,13,[CUDA memcpy Host-to-Device]
1643184098,8288,22375,69,4,1,48,1,1,76,0.002,0.000,,,,,NVIDIA A100-SXM4-40GB MIG 4g.20gb (0),1,,13,"void ch_est::windowedChEstPreNoDftSOfdmKernel<float, __half, float, (unsigned int)2, (unsigned int)1, (unsigned short)4>(ch_est::puschRxChEstStatDescr_t *, ch_est::puschRxChEstDynDescr_t *)"
1643203329,6752,22376,137,2,1,24,2,1,44,0.001,0.001,,,,,NVIDIA A100-SXM4-40GB MIG 4g.20gb (0),1,,13,"void ch_est::chEstFilterNoDftSOfdmDispatchKernel<float, __half, float, (unsigned int)2>(ch_est::puschRxChEstStatDescr_t *, ch_est::puschRxChEstDynDescr_t *)"
1643217473,5152,22377,137,2,1,24,2,1,44,0.001,0.001,,,,,NVIDIA A100-SXM4-40GB MIG 4g.20gb (0),1,,13,"void ch_est::chEstFilterNoDftSOfdmDispatchKernel<float, __half, float, (unsigned int)2>(ch_est::puschRxChEstStatDescr_t *, ch_est::puschRxChEstDynDescr_t *)"
1643232097,2496,22388,103,1,1,128,1,1,16,0.000,0.000,,,,,NVIDIA A100-SXM4-40GB MIG 4g.20gb (0),1,,13,cupy_copy__complex64_complex64
1643243937,12512,22398,1434,1,1,128,1,1,16,0.000,0.000,,,,,NVIDIA A100-SXM4-40GB MIG 4g.20gb (0),1,,13,cupy_copy__complex64_complex64
1643264257,2560,22405,103,1,1,128,1,1,16,0.000,0.000,,,,,NVIDIA A100-SXM4-40GB MIG 4g.20gb (0),1,,13,cupy_copy__complex64_complex64
1643277216,85919,22412,1,1,1,32,32,1,30,0.000,0.000,,,,,NVIDIA A100-SXM4-40GB MIG 4g.20gb (0),1,,13,"void convert_kernel<__half2, float2>(tensor_layout_any, T1 *, tensor_layout_any, const T2 *)"
1643396191,13056,22415,,,,,,,,,,0.094,7176.458,Pinned,Device,NVIDIA A100-SXM4-40GB MIG 4g.20gb (0),1,,13,[CUDA memcpy Host-to-Device]
1643422175,47519,22416,,,,,,,,,,35.810,753583.956,Device,,NVIDIA A100-SXM4-40GB MIG 4g.20gb (0),1,,13,[CUDA memset]
1643475774,5952,22418,,,,,,,,,,0.000,13.441,Pinned,Device,NVIDIA A100-SXM4-40GB MIG 4g.20gb (0),1,,13,[CUDA memcpy Host-to-Device]
1643489470,18400,22419,,,,,,,,,,0.197,10685.055,Pinned,Device,NVIDIA A100-SXM4-40GB MIG 4g.20gb (0),1,,13,[CUDA memcpy Host-to-Device]
1643520253,9472,22420,273,1,1,48,1,1,40,0.000,0.001,,,,,NVIDIA A100-SXM4-40GB MIG 4g.20gb (0),1,,13,"void pusch_noise_intf_est::noiseIntfEstNoDftSOfdmKernel<float, __half, float, float, (unsigned int)2, (unsigned int)1, (unsigned char)4, (unsigned char)4>(pusch_noise_intf_est::puschRxNoiseIntfEstDynDescr)"
1643537405,2848,22431,35,1,1,128,1,1,16,0.000,0.000,,,,,NVIDIA A100-SXM4-40GB MIG 4g.20gb (0),1,,13,cupy_copy__complex64_complex64
1643547325,1696,22440,1,1,1,1,1,1,18,0.000,0.000,,,,,NVIDIA A100-SXM4-40GB MIG 4g.20gb (0),1,,13,cupy_copy__float32_float32
1643551229,4256,22446,,,,,,,,,,0.000,0.940,Device,Pageable,NVIDIA A100-SXM4-40GB MIG 4g.20gb (0),1,,7,[CUDA memcpy Device-to-Host]
1643629820,13504,22457,1434,1,1,128,1,1,16,0.000,0.000,,,,,NVIDIA A100-SXM4-40GB MIG 4g.20gb (0),1,,13,cupy_copy__complex64_complex64
1643657884,3072,22464,103,1,1,128,1,1,16,0.000,0.000,,,,,NVIDIA A100-SXM4-40GB MIG 4g.20gb (0),1,,13,cupy_copy__complex64_complex64
1643677500,2719,22471,35,1,1,128,1,1,16,0.000,0.000,,,,,NVIDIA A100-SXM4-40GB MIG 4g.20gb (0),1,,13,cupy_copy__complex64_complex64
1643691195,1792,22478,1,1,1,1,1,1,18,0.000,0.000,,,,,NVIDIA A100-SXM4-40GB MIG 4g.20gb (0),1,,13,cupy_copy__float32_float32
1643821466,81919,22489,1,1,1,32,32,1,30,0.000,0.000,,,,,NVIDIA A100-SXM4-40GB MIG 4g.20gb (0),1,,13,"void convert_kernel<__half2, float2>(tensor_layout_any, T1 *, tensor_layout_any, const T2 *)"
1643931384,5664,22492,,,,,,,,,,0.094,16542.310,Pinned,Device,NVIDIA A100-SXM4-40GB MIG 4g.20gb (0),1,,13,[CUDA memcpy Host-to-Device]
1643946648,3264,22493,,,,,,,,,,1.547,473842.288,Device,,NVIDIA A100-SXM4-40GB MIG 4g.20gb (0),1,,13,[CUDA memset]
1643952696,3456,22498,,,,,,,,,,0.031,9055.529,Pinned,Device,NVIDIA A100-SXM4-40GB MIG 4g.20gb (0),1,,13,[CUDA memcpy Host-to-Device]
1643958680,9408,22499,,,,,,,,,,0.197,20897.858,Pinned,Device,NVIDIA A100-SXM4-40GB MIG 4g.20gb (0),1,,13,[CUDA memcpy Host-to-Device]
1643973048,6400,22500,273,1,1,8,4,1,39,0.002,0.000,,,,,NVIDIA A100-SXM4-40GB MIG 4g.20gb (0),1,,13,"void channel_eq::eqMmseCoefCompLowMimoKernel<float, float, float, (unsigned int)4, (unsigned int)1, (unsigned int)4>(const channel_eq::_puschRxChEqStatDescr *, channel_eq::_puschRxChEqCoefCompDynDescr)"
1643982328,6080,22501,273,1,1,12,11,1,51,0.002,0.000,,,,,NVIDIA A100-SXM4-40GB MIG 4g.20gb (0),1,,13,"void channel_eq::eqMmseSoftDemapKernel<float, __half, __half, float, (unsigned int)4, (unsigned short)16383>(channel_eq::_puschRxChEqStatDescr *, channel_eq::_puschRxChEqSoftDemapDynDescr)"
1643989976,282748,22502,1,1,1,32,32,1,30,0.000,0.000,,,,,NVIDIA A100-SXM4-40GB MIG 4g.20gb (0),1,,13,"void convert_kernel<float2, __half2>(tensor_layout_any, T1 *, tensor_layout_any, const T2 *)"
1644274548,11072,22514,2253,1,1,128,1,1,16,0.000,0.000,,,,,NVIDIA A100-SXM4-40GB MIG 4g.20gb (0),1,,13,cupy_copy__float16_float16
1644288148,2784,22523,282,1,1,128,1,1,16,0.000,0.000,,,,,NVIDIA A100-SXM4-40GB MIG 4g.20gb (0),1,,13,cupy_copy__complex64_complex64
1644293876,2016,22532,26,1,1,128,1,1,16,0.000,0.000,,,,,NVIDIA A100-SXM4-40GB MIG 4g.20gb (0),1,,13,cupy_copy__float32_float32
1644299668,3072,22541,103,1,1,128,1,1,16,0.000,0.000,,,,,NVIDIA A100-SXM4-40GB MIG 4g.20gb (0),1,,13,cupy_copy__complex64_complex64
1644304756,11968,22551,1434,1,1,128,1,1,16,0.000,0.000,,,,,NVIDIA A100-SXM4-40GB MIG 4g.20gb (0),1,,13,cupy_copy__complex64_complex64
1644325716,87870,22556,1,1,1,32,32,1,30,0.000,0.000,,,,,NVIDIA A100-SXM4-40GB MIG 4g.20gb (0),1,,13,"void convert_kernel<__half2, float2>(tensor_layout_any, T1 *, tensor_layout_any, const T2 *)"
1644440978,5440,22559,,,,,,,,,,0.094,17223.480,Pinned,Device,NVIDIA A100-SXM4-40GB MIG 4g.20gb (0),1,,13,[CUDA memcpy Host-to-Device]
1644450770,598073,22560,,,,,,,,,,456.561,763370.728,Device,,NVIDIA A100-SXM4-40GB MIG 4g.20gb (0),1,,13,[CUDA memset]
1645056714,120991,22565,,,,,,,,,,1.235,10206.812,Pinned,Device,NVIDIA A100-SXM4-40GB MIG 4g.20gb (0),1,,13,[CUDA memcpy Host-to-Device]
1645187561,31839,22566,,,,,,,,,,0.197,6175.064,Pinned,Device,NVIDIA A100-SXM4-40GB MIG 4g.20gb (0),1,,13,[CUDA memcpy Host-to-Device]
1645246920,8384,22567,69,4,1,48,1,1,76,0.002,0.000,,,,,NVIDIA A100-SXM4-40GB MIG 4g.20gb (0),1,,13,"void ch_est::windowedChEstPreNoDftSOfdmKernel<float, __half, float, (unsigned int)2, (unsigned int)1, (unsigned short)4>(ch_est::puschRxChEstStatDescr_t *, ch_est::puschRxChEstDynDescr_t *)"
1645263432,6976,22568,137,2,1,24,2,1,44,0.001,0.001,,,,,NVIDIA A100-SXM4-40GB MIG 4g.20gb (0),1,,13,"void ch_est::chEstFilterNoDftSOfdmDispatchKernel<float, __half, float, (unsigned int)2>(ch_est::puschRxChEstStatDescr_t *, ch_est::puschRxChEstDynDescr_t *)"
1645276680,4800,22569,137,2,1,24,2,1,44,0.001,0.001,,,,,NVIDIA A100-SXM4-40GB MIG 4g.20gb (0),1,,13,"void ch_est::chEstFilterNoDftSOfdmDispatchKernel<float, __half, float, (unsigned int)2>(ch_est::puschRxChEstStatDescr_t *, ch_est::puschRxChEstDynDescr_t *)"
1645289896,2720,22580,103,1,1,128,1,1,16,0.000,0.000,,,,,NVIDIA A100-SXM4-40GB MIG 4g.20gb (0),1,,13,cupy_copy__complex64_complex64
1645303367,12480,22590,1434,1,1,128,1,1,16,0.000,0.000,,,,,NVIDIA A100-SXM4-40GB MIG 4g.20gb (0),1,,13,cupy_copy__complex64_complex64
1645327655,2592,22597,103,1,1,128,1,1,16,0.000,0.000,,,,,NVIDIA A100-SXM4-40GB MIG 4g.20gb (0),1,,13,cupy_copy__complex64_complex64
1645341735,87327,22604,1,1,1,32,32,1,30,0.000,0.000,,,,,NVIDIA A100-SXM4-40GB MIG 4g.20gb (0),1,,13,"void convert_kernel<__half2, float2>(tensor_layout_any, T1 *, tensor_layout_any, const T2 *)"
1645459781,18176,22607,,,,,,,,,,0.094,5154.873,Pinned,Device,NVIDIA A100-SXM4-40GB MIG 4g.20gb (0),1,,13,[CUDA memcpy Host-to-Device]
1645497957,46527,22608,,,,,,,,,,35.810,769626.801,Device,,NVIDIA A100-SXM4-40GB MIG 4g.20gb (0),1,,13,[CUDA memset]
1645549764,9376,22610,,,,,,,,,,0.000,8.532,Pinned,Device,NVIDIA A100-SXM4-40GB MIG 4g.20gb (0),1,,13,[CUDA memcpy Host-to-Device]
1645565188,22112,22611,,,,,,,,,,0.197,8891.400,Pinned,Device,NVIDIA A100-SXM4-40GB MIG 4g.20gb (0),1,,13,[CUDA memcpy Host-to-Device]
1645598756,9952,22612,273,1,1,48,1,1,40,0.000,0.001,,,,,NVIDIA A100-SXM4-40GB MIG 4g.20gb (0),1,,13,"void pusch_noise_intf_est::noiseIntfEstNoDftSOfdmKernel<float, __half, float, float, (unsigned int)2, (unsigned int)1, (unsigned char)4, (unsigned char)4>(pusch_noise_intf_est::puschRxNoiseIntfEstDynDescr)"
1645615684,3423,22623,35,1,1,128,1,1,16,0.000,0.000,,,,,NVIDIA A100-SXM4-40GB MIG 4g.20gb (0),1,,13,cupy_copy__complex64_complex64
1645623843,2400,22632,1,1,1,1,1,1,18,0.000,0.000,,,,,NVIDIA A100-SXM4-40GB MIG 4g.20gb (0),1,,13,cupy_copy__float32_float32
1645630243,5504,22638,,,,,,,,,,0.000,0.727,Device,Pageable,NVIDIA A100-SXM4-40GB MIG 4g.20gb (0),1,,7,[CUDA memcpy Device-to-Host]
1645709250,13312,22649,1434,1,1,128,1,1,16,0.000,0.000,,,,,NVIDIA A100-SXM4-40GB MIG 4g.20gb (0),1,,13,cupy_copy__complex64_complex64
1645734850,2784,22656,103,1,1,128,1,1,16,0.000,0.000,,,,,NVIDIA A100-SXM4-40GB MIG 4g.20gb (0),1,,13,cupy_copy__complex64_complex64
1645751682,2624,22663,35,1,1,128,1,1,16,0.000,0.000,,,,,NVIDIA A100-SXM4-40GB MIG 4g.20gb (0),1,,13,cupy_copy__complex64_complex64
1645773698,1792,22670,1,1,1,1,1,1,18,0.000,0.000,,,,,NVIDIA A100-SXM4-40GB MIG 4g.20gb (0),1,,13,cupy_copy__float32_float32
1645902720,90687,22681,1,1,1,32,32,1,30,0.000,0.000,,,,,NVIDIA A100-SXM4-40GB MIG 4g.20gb (0),1,,13,"void convert_kernel<__half2, float2>(tensor_layout_any, T1 *, tensor_layout_any, const T2 *)"
1646021950,9952,22684,,,,,,,,,,0.094,9414.761,Pinned,Device,NVIDIA A100-SXM4-40GB MIG 4g.20gb (0),1,,13,[CUDA memcpy Host-to-Device]
1646046494,3424,22685,,,,,,,,,,1.547,451700.819,Device,,NVIDIA A100-SXM4-40GB MIG 4g.20gb (0),1,,13,[CUDA memset]
1646053150,5696,22690,,,,,,,,,,0.031,5494.357,Pinned,Device,NVIDIA A100-SXM4-40GB MIG 4g.20gb (0),1,,13,[CUDA memcpy Host-to-Device]
1646061598,12992,22691,,,,,,,,,,0.197,15132.918,Pinned,Device,NVIDIA A100-SXM4-40GB MIG 4g.20gb (0),1,,13,[CUDA memcpy Host-to-Device]
1646080894,6528,22692,273,1,1,8,4,1,39,0.002,0.000,,,,,NVIDIA A100-SXM4-40GB MIG 4g.20gb (0),1,,13,"void channel_eq::eqMmseCoefCompLowMimoKernel<float, float, float, (unsigned int)4, (unsigned int)1, (unsigned int)4>(const channel_eq::_puschRxChEqStatDescr *, channel_eq::_puschRxChEqCoefCompDynDescr)"
1646089950,7392,22693,273,1,1,12,11,1,51,0.002,0.000,,,,,NVIDIA A100-SXM4-40GB MIG 4g.20gb (0),1,,13,"void channel_eq::eqMmseSoftDemapKernel<float, __half, __half, float, (unsigned int)4, (unsigned short)16383>(channel_eq::_puschRxChEqStatDescr *, channel_eq::_puschRxChEqSoftDemapDynDescr)"
1646099870,282364,22694,1,1,1,32,32,1,30,0.000,0.000,,,,,NVIDIA A100-SXM4-40GB MIG 4g.20gb (0),1,,13,"void convert_kernel<float2, __half2>(tensor_layout_any, T1 *, tensor_layout_any, const T2 *)"
1646383226,11072,22706,2253,1,1,128,1,1,16,0.000,0.000,,,,,NVIDIA A100-SXM4-40GB MIG 4g.20gb (0),1,,13,cupy_copy__float16_float16
1646395642,2944,22715,282,1,1,128,1,1,16,0.000,0.000,,,,,NVIDIA A100-SXM4-40GB MIG 4g.20gb (0),1,,13,cupy_copy__complex64_complex64
1646400506,2016,22724,26,1,1,128,1,1,16,0.000,0.000,,,,,NVIDIA A100-SXM4-40GB MIG 4g.20gb (0),1,,13,cupy_copy__float32_float32
1646405754,2912,22733,103,1,1,128,1,1,16,0.000,0.000,,,,,NVIDIA A100-SXM4-40GB MIG 4g.20gb (0),1,,13,cupy_copy__complex64_complex64
1646409722,11872,22743,1434,1,1,128,1,1,16,0.000,0.000,,,,,NVIDIA A100-SXM4-40GB MIG 4g.20gb (0),1,,13,cupy_copy__complex64_complex64
1646424217,90367,22748,1,1,1,32,32,1,30,0.000,0.000,,,,,NVIDIA A100-SXM4-40GB MIG 4g.20gb (0),1,,13,"void convert_kernel<__half2, float2>(tensor_layout_any, T1 *, tensor_layout_any, const T2 *)"
1646541560,5536,22751,,,,,,,,,,0.094,16924.777,Pinned,Device,NVIDIA A100-SXM4-40GB MIG 4g.20gb (0),1,,13,[CUDA memcpy Host-to-Device]
1646551704,599352,22752,,,,,,,,,,456.561,761544.482,Device,,NVIDIA A100-SXM4-40GB MIG 4g.20gb (0),1,,13,[CUDA memset]
1647157328,139679,22757,,,,,,,,,,1.235,8840.964,Pinned,Device,NVIDIA A100-SXM4-40GB MIG 4g.20gb (0),1,,13,[CUDA memcpy Host-to-Device]
1647309103,39775,22758,,,,,,,,,,0.197,4942.922,Pinned,Device,NVIDIA A100-SXM4-40GB MIG 4g.20gb (0),1,,13,[CUDA memcpy Host-to-Device]
1647366510,8544,22759,69,4,1,48,1,1,76,0.002,0.000,,,,,NVIDIA A100-SXM4-40GB MIG 4g.20gb (0),1,,13,"void ch_est::windowedChEstPreNoDftSOfdmKernel<float, __half, float, (unsigned int)2, (unsigned int)1, (unsigned short)4>(ch_est::puschRxChEstStatDescr_t *, ch_est::puschRxChEstDynDescr_t *)"
1647384526,6944,22760,137,2,1,24,2,1,44,0.001,0.001,,,,,NVIDIA A100-SXM4-40GB MIG 4g.20gb (0),1,,13,"void ch_est::chEstFilterNoDftSOfdmDispatchKernel<float, __half, float, (unsigned int)2>(ch_est::puschRxChEstStatDescr_t *, ch_est::puschRxChEstDynDescr_t *)"
1647403853,4672,22761,137,2,1,24,2,1,44,0.001,0.001,,,,,NVIDIA A100-SXM4-40GB MIG 4g.20gb (0),1,,13,"void ch_est::chEstFilterNoDftSOfdmDispatchKernel<float, __half, float, (unsigned int)2>(ch_est::puschRxChEstStatDescr_t *, ch_est::puschRxChEstDynDescr_t *)"
1647420845,2720,22772,103,1,1,128,1,1,16,0.000,0.000,,,,,NVIDIA A100-SXM4-40GB MIG 4g.20gb (0),1,,13,cupy_copy__complex64_complex64
1647437805,12480,22782,1434,1,1,128,1,1,16,0.000,0.000,,,,,NVIDIA A100-SXM4-40GB MIG 4g.20gb (0),1,,13,cupy_copy__complex64_complex64
1647456493,2912,22789,103,1,1,128,1,1,16,0.000,0.000,,,,,NVIDIA A100-SXM4-40GB MIG 4g.20gb (0),1,,13,cupy_copy__complex64_complex64
1647479276,85087,22796,1,1,1,32,32,1,30,0.000,0.000,,,,,NVIDIA A100-SXM4-40GB MIG 4g.20gb (0),1,,13,"void convert_kernel<__half2, float2>(tensor_layout_any, T1 *, tensor_layout_any, const T2 *)"
1647598667,20928,22799,,,,,,,,,,0.094,4476.982,Pinned,Device,NVIDIA A100-SXM4-40GB MIG 4g.20gb (0),1,,13,[CUDA memcpy Host-to-Device]
1647644426,47456,22800,,,,,,,,,,35.810,754586.634,Device,,NVIDIA A100-SXM4-40GB MIG 4g.20gb (0),1,,13,[CUDA memset]
1647693546,11296,22802,,,,,,,,,,0.000,7.082,Pinned,Device,NVIDIA A100-SXM4-40GB MIG 4g.20gb (0),1,,13,[CUDA memcpy Host-to-Device]
1647711722,26463,22803,,,,,,,,,,0.197,7429.423,Pinned,Device,NVIDIA A100-SXM4-40GB MIG 4g.20gb (0),1,,13,[CUDA memcpy Host-to-Device]
1647757961,10048,22804,273,1,1,48,1,1,40,0.000,0.001,,,,,NVIDIA A100-SXM4-40GB MIG 4g.20gb (0),1,,13,"void pusch_noise_intf_est::noiseIntfEstNoDftSOfdmKernel<float, __half, float, float, (unsigned int)2, (unsigned int)1, (unsigned char)4, (unsigned char)4>(pusch_noise_intf_est::puschRxNoiseIntfEstDynDescr)"
1647773737,2880,22815,35,1,1,128,1,1,16,0.000,0.000,,,,,NVIDIA A100-SXM4-40GB MIG 4g.20gb (0),1,,13,cupy_copy__complex64_complex64
1647795337,2047,22824,1,1,1,1,1,1,18,0.000,0.000,,,,,NVIDIA A100-SXM4-40GB MIG 4g.20gb (0),1,,13,cupy_copy__float32_float32
1647798024,4512,22830,,,,,,,,,,0.000,0.887,Device,Pageable,NVIDIA A100-SXM4-40GB MIG 4g.20gb (0),1,,7,[CUDA memcpy Device-to-Host]
1647871912,12607,22841,1434,1,1,128,1,1,16,0.000,0.000,,,,,NVIDIA A100-SXM4-40GB MIG 4g.20gb (0),1,,13,cupy_copy__complex64_complex64
1647897511,3488,22848,103,1,1,128,1,1,16,0.000,0.000,,,,,NVIDIA A100-SXM4-40GB MIG 4g.20gb (0),1,,13,cupy_copy__complex64_complex64
1647922631,2720,22855,35,1,1,128,1,1,16,0.000,0.000,,,,,NVIDIA A100-SXM4-40GB MIG 4g.20gb (0),1,,13,cupy_copy__complex64_complex64
1647935111,1792,22862,1,1,1,1,1,1,18,0.000,0.000,,,,,NVIDIA A100-SXM4-40GB MIG 4g.20gb (0),1,,13,cupy_copy__float32_float32
1648064293,81823,22873,1,1,1,32,32,1,30,0.000,0.000,,,,,NVIDIA A100-SXM4-40GB MIG 4g.20gb (0),1,,13,"void convert_kernel<__half2, float2>(tensor_layout_any, T1 *, tensor_layout_any, const T2 *)"
1648173348,5696,22876,,,,,,,,,,0.094,16449.363,Pinned,Device,NVIDIA A100-SXM4-40GB MIG 4g.20gb (0),1,,13,[CUDA memcpy Host-to-Device]
1648188004,3360,22877,,,,,,,,,,1.547,460304.688,Device,,NVIDIA A100-SXM4-40GB MIG 4g.20gb (0),1,,13,[CUDA memset]
1648194436,3040,22882,,,,,,,,,,0.031,10294.725,Pinned,Device,NVIDIA A100-SXM4-40GB MIG 4g.20gb (0),1,,13,[CUDA memcpy Host-to-Device]
1648200131,9664,22883,,,,,,,,,,0.197,20344.209,Pinned,Device,NVIDIA A100-SXM4-40GB MIG 4g.20gb (0),1,,13,[CUDA memcpy Host-to-Device]
1648214723,8320,22884,273,1,1,8,4,1,39,0.002,0.000,,,,,NVIDIA A100-SXM4-40GB MIG 4g.20gb (0),1,,13,"void channel_eq::eqMmseCoefCompLowMimoKernel<float, float, float, (unsigned int)4, (unsigned int)1, (unsigned int)4>(const channel_eq::_puschRxChEqStatDescr *, channel_eq::_puschRxChEqCoefCompDynDescr)"
1648227523,5664,22885,273,1,1,12,11,1,51,0.002,0.000,,,,,NVIDIA A100-SXM4-40GB MIG 4g.20gb (0),1,,13,"void channel_eq::eqMmseSoftDemapKernel<float, __half, __half, float, (unsigned int)4, (unsigned short)16383>(channel_eq::_puschRxChEqStatDescr *, channel_eq::_puschRxChEqSoftDemapDynDescr)"
1648235107,294364,22886,1,1,1,32,32,1,30,0.000,0.000,,,,,NVIDIA A100-SXM4-40GB MIG 4g.20gb (0),1,,13,"void convert_kernel<float2, __half2>(tensor_layout_any, T1 *, tensor_layout_any, const T2 *)"
1648532415,11104,22898,2253,1,1,128,1,1,16,0.000,0.000,,,,,NVIDIA A100-SXM4-40GB MIG 4g.20gb (0),1,,13,cupy_copy__float16_float16
1648547327,3360,22907,282,1,1,128,1,1,16,0.000,0.000,,,,,NVIDIA A100-SXM4-40GB MIG 4g.20gb (0),1,,13,cupy_copy__complex64_complex64
1648554879,3264,22916,26,1,1,128,1,1,16,0.000,0.000,,,,,NVIDIA A100-SXM4-40GB MIG 4g.20gb (0),1,,13,cupy_copy__float32_float32
1648560607,4576,22925,103,1,1,128,1,1,16,0.000,0.000,,,,,NVIDIA A100-SXM4-40GB MIG 4g.20gb (0),1,,13,cupy_copy__complex64_complex64
1648567327,12288,22935,1434,1,1,128,1,1,16,0.000,0.000,,,,,NVIDIA A100-SXM4-40GB MIG 4g.20gb (0),1,,13,cupy_copy__complex64_complex64
1648585471,81567,22940,1,1,1,32,32,1,30,0.000,0.000,,,,,NVIDIA A100-SXM4-40GB MIG 4g.20gb (0),1,,13,"void convert_kernel<__half2, float2>(tensor_layout_any, T1 *, tensor_layout_any, const T2 *)"
1648694365,5376,22943,,,,,,,,,,0.094,17428.487,Pinned,Device,NVIDIA A100-SXM4-40GB MIG 4g.20gb (0),1,,13,[CUDA memcpy Host-to-Device]
1648704861,599193,22944,,,,,,,,,,456.561,761544.482,Device,,NVIDIA A100-SXM4-40GB MIG 4g.20gb (0),1,,13,[CUDA memset]
1649307702,73343,22949,,,,,,,,,,1.235,16837.226,Pinned,Device,NVIDIA A100-SXM4-40GB MIG 4g.20gb (0),1,,13,[CUDA memcpy Host-to-Device]
1649387893,17728,22950,,,,,,,,,,0.197,11090.067,Pinned,Device,NVIDIA A100-SXM4-40GB MIG 4g.20gb (0),1,,13,[CUDA memcpy Host-to-Device]
1649421300,8576,22951,69,4,1,48,1,1,76,0.002,0.000,,,,,NVIDIA A100-SXM4-40GB MIG 4g.20gb (0),1,,13,"void ch_est::windowedChEstPreNoDftSOfdmKernel<float, __half, float, (unsigned int)2, (unsigned int)1, (unsigned short)4>(ch_est::puschRxChEstStatDescr_t *, ch_est::puschRxChEstDynDescr_t *)"
1649436724,6304,22952,137,2,1,24,2,1,44,0.001,0.001,,,,,NVIDIA A100-SXM4-40GB MIG 4g.20gb (0),1,,13,"void ch_est::chEstFilterNoDftSOfdmDispatchKernel<float, __half, float, (unsigned int)2>(ch_est::puschRxChEstStatDescr_t *, ch_est::puschRxChEstDynDescr_t *)"
1649452180,5184,22953,137,2,1,24,2,1,44,0.001,0.001,,,,,NVIDIA A100-SXM4-40GB MIG 4g.20gb (0),1,,13,"void ch_est::chEstFilterNoDftSOfdmDispatchKernel<float, __half, float, (unsigned int)2>(ch_est::puschRxChEstStatDescr_t *, ch_est::puschRxChEstDynDescr_t *)"
1649460436,2656,22964,103,1,1,128,1,1,16,0.000,0.000,,,,,NVIDIA A100-SXM4-40GB MIG 4g.20gb (0),1,,13,cupy_copy__complex64_complex64
1649468212,12640,22974,1434,1,1,128,1,1,16,0.000,0.000,,,,,NVIDIA A100-SXM4-40GB MIG 4g.20gb (0),1,,13,cupy_copy__complex64_complex64
1649485588,2848,22981,103,1,1,128,1,1,16,0.000,0.000,,,,,NVIDIA A100-SXM4-40GB MIG 4g.20gb (0),1,,13,cupy_copy__complex64_complex64
1649494995,84543,22988,1,1,1,32,32,1,30,0.000,0.000,,,,,NVIDIA A100-SXM4-40GB MIG 4g.20gb (0),1,,13,"void convert_kernel<__half2, float2>(tensor_layout_any, T1 *, tensor_layout_any, const T2 *)"
1649611666,9184,22991,,,,,,,,,,0.094,10202.089,Pinned,Device,NVIDIA A100-SXM4-40GB MIG 4g.20gb (0),1,,13,[CUDA memcpy Host-to-Device]
1649634258,46335,22992,,,,,,,,,,35.810,772813.884,Device,,NVIDIA A100-SXM4-40GB MIG 4g.20gb (0),1,,13,[CUDA memset]
1649683825,8448,22994,,,,,,,,,,0.000,9.470,Pinned,Device,NVIDIA A100-SXM4-40GB MIG 4g.20gb (0),1,,13,[CUDA memcpy Host-to-Device]
1649696305,16960,22995,,,,,,,,,,0.197,11592.401,Pinned,Device,NVIDIA A100-SXM4-40GB MIG 4g.20gb (0),1,,13,[CUDA memcpy Host-to-Device]
1649731665,9535,22996,273,1,1,48,1,1,40,0.000,0.001,,,,,NVIDIA A100-SXM4-40GB MIG 4g.20gb (0),1,,13,"void pusch_noise_intf_est::noiseIntfEstNoDftSOfdmKernel<float, __half, float, float, (unsigned int)2, (unsigned int)1, (unsigned char)4, (unsigned char)4>(pusch_noise_intf_est::puschRxNoiseIntfEstDynDescr)"
1649749296,2560,23007,35,1,1,128,1,1,16,0.000,0.000,,,,,NVIDIA A100-SXM4-40GB MIG 4g.20gb (0),1,,13,cupy_copy__complex64_complex64
1649759504,1760,23016,1,1,1,1,1,1,18,0.000,0.000,,,,,NVIDIA A100-SXM4-40GB MIG 4g.20gb (0),1,,13,cupy_copy__float32_float32
1649767184,1952,23022,,,,,,,,,,0.000,2.049,Device,Pageable,NVIDIA A100-SXM4-40GB MIG 4g.20gb (0),1,,7,[CUDA memcpy Device-to-Host]
1649848239,13088,23033,1434,1,1,128,1,1,16,0.000,0.000,,,,,NVIDIA A100-SXM4-40GB MIG 4g.20gb (0),1,,13,cupy_copy__complex64_complex64
1649868527,3392,23040,103,1,1,128,1,1,16,0.000,0.000,,,,,NVIDIA A100-SXM4-40GB MIG 4g.20gb (0),1,,13,cupy_copy__complex64_complex64
1649889999,2304,23047,35,1,1,128,1,1,16,0.000,0.000,,,,,NVIDIA A100-SXM4-40GB MIG 4g.20gb (0),1,,13,cupy_copy__complex64_complex64
1649911022,1760,23054,1,1,1,1,1,1,18,0.000,0.000,,,,,NVIDIA A100-SXM4-40GB MIG 4g.20gb (0),1,,13,cupy_copy__float32_float32
1650030669,87039,23065,1,1,1,32,32,1,30,0.000,0.000,,,,,NVIDIA A100-SXM4-40GB MIG 4g.20gb (0),1,,13,"void convert_kernel<__half2, float2>(tensor_layout_any, T1 *, tensor_layout_any, const T2 *)"
1650145547,5600,23068,,,,,,,,,,0.094,16731.388,Pinned,Device,NVIDIA A100-SXM4-40GB MIG 4g.20gb (0),1,,13,[CUDA memcpy Host-to-Device]
1650159755,3360,23069,,,,,,,,,,1.547,460304.688,Device,,NVIDIA A100-SXM4-40GB MIG 4g.20gb (0),1,,13,[CUDA memset]
1650166571,4000,23074,,,,,,,,,,0.031,7824.000,Pinned,Device,NVIDIA A100-SXM4-40GB MIG 4g.20gb (0),1,,13,[CUDA memcpy Host-to-Device]
1650172971,9440,23075,,,,,,,,,,0.197,20827.079,Pinned,Device,NVIDIA A100-SXM4-40GB MIG 4g.20gb (0),1,,13,[CUDA memcpy Host-to-Device]
1650188779,6368,23076,273,1,1,8,4,1,39,0.002,0.000,,,,,NVIDIA A100-SXM4-40GB MIG 4g.20gb (0),1,,13,"void channel_eq::eqMmseCoefCompLowMimoKernel<float, float, float, (unsigned int)4, (unsigned int)1, (unsigned int)4>(const channel_eq::_puschRxChEqStatDescr *, channel_eq::_puschRxChEqCoefCompDynDescr)"
1650196171,5600,23077,273,1,1,12,11,1,51,0.002,0.000,,,,,NVIDIA A100-SXM4-40GB MIG 4g.20gb (0),1,,13,"void channel_eq::eqMmseSoftDemapKernel<float, __half, __half, float, (unsigned int)4, (unsigned short)16383>(channel_eq::_puschRxChEqStatDescr *, channel_eq::_puschRxChEqSoftDemapDynDescr)"
1650202891,290236,23078,1,1,1,32,32,1,30,0.000,0.000,,,,,NVIDIA A100-SXM4-40GB MIG 4g.20gb (0),1,,13,"void convert_kernel<float2, __half2>(tensor_layout_any, T1 *, tensor_layout_any, const T2 *)"
1650495239,11008,23090,2253,1,1,128,1,1,16,0.000,0.000,,,,,NVIDIA A100-SXM4-40GB MIG 4g.20gb (0),1,,13,cupy_copy__float16_float16
1650507847,3264,23099,282,1,1,128,1,1,16,0.000,0.000,,,,,NVIDIA A100-SXM4-40GB MIG 4g.20gb (0),1,,13,cupy_copy__complex64_complex64
1650512999,2336,23108,26,1,1,128,1,1,16,0.000,0.000,,,,,NVIDIA A100-SXM4-40GB MIG 4g.20gb (0),1,,13,cupy_copy__float32_float32
1650517287,3616,23117,103,1,1,128,1,1,16,0.000,0.000,,,,,NVIDIA A100-SXM4-40GB MIG 4g.20gb (0),1,,13,cupy_copy__complex64_complex64
1650523335,11968,23127,1434,1,1,128,1,1,16,0.000,0.000,,,,,NVIDIA A100-SXM4-40GB MIG 4g.20gb (0),1,,13,cupy_copy__complex64_complex64
1650540486,82303,23132,1,1,1,32,32,1,30,0.000,0.000,,,,,NVIDIA A100-SXM4-40GB MIG 4g.20gb (0),1,,13,"void convert_kernel<__half2, float2>(tensor_layout_any, T1 *, tensor_layout_any, const T2 *)"
1650649637,5568,23135,,,,,,,,,,0.094,16827.521,Pinned,Device,NVIDIA A100-SXM4-40GB MIG 4g.20gb (0),1,,13,[CUDA memcpy Host-to-Device]
1650659877,597273,23136,,,,,,,,,,456.561,764283.851,Device,,NVIDIA A100-SXM4-40GB MIG 4g.20gb (0),1,,13,[CUDA memset]
1651264126,137470,23141,,,,,,,,,,1.235,8982.983,Pinned,Device,NVIDIA A100-SXM4-40GB MIG 4g.20gb (0),1,,13,[CUDA memcpy Host-to-Device]
1651408220,19808,23142,,,,,,,,,,0.197,9925.558,Pinned,Device,NVIDIA A100-SXM4-40GB MIG 4g.20gb (0),1,,13,[CUDA memcpy Host-to-Device]
1651436667,8736,23143,69,4,1,48,1,1,76,0.002,0.000,,,,,NVIDIA A100-SXM4-40GB MIG 4g.20gb (0),1,,13,"void ch_est::windowedChEstPreNoDftSOfdmKernel<float, __half, float, (unsigned int)2, (unsigned int)1, (unsigned short)4>(ch_est::puschRxChEstStatDescr_t *, ch_est::puschRxChEstDynDescr_t *)"
1651449851,7296,23144,137,2,1,24,2,1,44,0.001,0.001,,,,,NVIDIA A100-SXM4-40GB MIG 4g.20gb (0),1,,13,"void ch_est::chEstFilterNoDftSOfdmDispatchKernel<float, __half, float, (unsigned int)2>(ch_est::puschRxChEstStatDescr_t *, ch_est::puschRxChEstDynDescr_t *)"
1651458459,6368,23145,137,2,1,24,2,1,44,0.001,0.001,,,,,NVIDIA A100-SXM4-40GB MIG 4g.20gb (0),1,,13,"void ch_est::chEstFilterNoDftSOfdmDispatchKernel<float, __half, float, (unsigned int)2>(ch_est::puschRxChEstStatDescr_t *, ch_est::puschRxChEstDynDescr_t *)"
1651466555,2496,23156,103,1,1,128,1,1,16,0.000,0.000,,,,,NVIDIA A100-SXM4-40GB MIG 4g.20gb (0),1,,13,cupy_copy__complex64_complex64
1651471579,12416,23166,1434,1,1,128,1,1,16,0.000,0.000,,,,,NVIDIA A100-SXM4-40GB MIG 4g.20gb (0),1,,13,cupy_copy__complex64_complex64
1651485211,2656,23173,103,1,1,128,1,1,16,0.000,0.000,,,,,NVIDIA A100-SXM4-40GB MIG 4g.20gb (0),1,,13,cupy_copy__complex64_complex64
1651489403,83007,23180,1,1,1,32,32,1,30,0.000,0.000,,,,,NVIDIA A100-SXM4-40GB MIG 4g.20gb (0),1,,13,"void convert_kernel<__half2, float2>(tensor_layout_any, T1 *, tensor_layout_any, const T2 *)"
1651600537,5600,23183,,,,,,,,,,0.094,16731.388,Pinned,Device,NVIDIA A100-SXM4-40GB MIG 4g.20gb (0),1,,13,[CUDA memcpy Host-to-Device]
1651615417,46848,23184,,,,,,,,,,35.810,764362.742,Device,,NVIDIA A100-SXM4-40GB MIG 4g.20gb (0),1,,13,[CUDA memset]
1651666713,3328,23186,,,,,,,,,,0.000,24.038,Pinned,Device,NVIDIA A100-SXM4-40GB MIG 4g.20gb (0),1,,13,[CUDA memcpy Host-to-Device]
1651675160,12864,23187,,,,,,,,,,0.197,15283.519,Pinned,Device,NVIDIA A100-SXM4-40GB MIG 4g.20gb (0),1,,13,[CUDA memcpy Host-to-Device]
1651696440,9440,23188,273,1,1,48,1,1,40,0.000,0.001,,,,,NVIDIA A100-SXM4-40GB MIG 4g.20gb (0),1,,13,"void pusch_noise_intf_est::noiseIntfEstNoDftSOfdmKernel<float, __half, float, float, (unsigned int)2, (unsigned int)1, (unsigned char)4, (unsigned char)4>(pusch_noise_intf_est::puschRxNoiseIntfEstDynDescr)"
1651709784,2848,23199,35,1,1,128,1,1,16,0.000,0.000,,,,,NVIDIA A100-SXM4-40GB MIG 4g.20gb (0),1,,13,cupy_copy__complex64_complex64
1651722392,1760,23208,1,1,1,1,1,1,18,0.000,0.000,,,,,NVIDIA A100-SXM4-40GB MIG 4g.20gb (0),1,,13,cupy_copy__float32_float32
1651751703,1600,23214,,,,,,,,,,0.000,2.500,Device,Pageable,NVIDIA A100-SXM4-40GB MIG 4g.20gb (0),1,,7,[CUDA memcpy Device-to-Host]
1651813079,12768,23225,1434,1,1,128,1,1,16,0.000,0.000,,,,,NVIDIA A100-SXM4-40GB MIG 4g.20gb (0),1,,13,cupy_copy__complex64_complex64
1651838806,2592,23232,103,1,1,128,1,1,16,0.000,0.000,,,,,NVIDIA A100-SXM4-40GB MIG 4g.20gb (0),1,,13,cupy_copy__complex64_complex64
1651858774,2528,23239,35,1,1,128,1,1,16,0.000,0.000,,,,,NVIDIA A100-SXM4-40GB MIG 4g.20gb (0),1,,13,cupy_copy__complex64_complex64
1651877398,1760,23246,1,1,1,1,1,1,18,0.000,0.000,,,,,NVIDIA A100-SXM4-40GB MIG 4g.20gb (0),1,,13,cupy_copy__float32_float32
1652010388,81567,23257,1,1,1,32,32,1,30,0.000,0.000,,,,,NVIDIA A100-SXM4-40GB MIG 4g.20gb (0),1,,13,"void convert_kernel<__half2, float2>(tensor_layout_any, T1 *, tensor_layout_any, const T2 *)"
1652119379,5728,23260,,,,,,,,,,0.094,16357.541,Pinned,Device,NVIDIA A100-SXM4-40GB MIG 4g.20gb (0),1,,13,[CUDA memcpy Host-to-Device]
1652133299,3424,23261,,,,,,,,,,1.547,451700.819,Device,,NVIDIA A100-SXM4-40GB MIG 4g.20gb (0),1,,13,[CUDA memset]
1652140915,3456,23266,,,,,,,,,,0.031,9055.529,Pinned,Device,NVIDIA A100-SXM4-40GB MIG 4g.20gb (0),1,,13,[CUDA memcpy Host-to-Device]
1652146547,9855,23267,,,,,,,,,,0.197,19950.010,Pinned,Device,NVIDIA A100-SXM4-40GB MIG 4g.20gb (0),1,,13,[CUDA memcpy Host-to-Device]
1652162258,6368,23268,273,1,1,8,4,1,39,0.002,0.000,,,,,NVIDIA A100-SXM4-40GB MIG 4g.20gb (0),1,,13,"void channel_eq::eqMmseCoefCompLowMimoKernel<float, float, float, (unsigned int)4, (unsigned int)1, (unsigned int)4>(const channel_eq::_puschRxChEqStatDescr *, channel_eq::_puschRxChEqCoefCompDynDescr)"
1652169586,6048,23269,273,1,1,12,11,1,51,0.002,0.000,,,,,NVIDIA A100-SXM4-40GB MIG 4g.20gb (0),1,,13,"void channel_eq::eqMmseSoftDemapKernel<float, __half, __half, float, (unsigned int)4, (unsigned short)16383>(channel_eq::_puschRxChEqStatDescr *, channel_eq::_puschRxChEqSoftDemapDynDescr)"
1652176722,282525,23270,1,1,1,32,32,1,30,0.000,0.000,,,,,NVIDIA A100-SXM4-40GB MIG 4g.20gb (0),1,,13,"void convert_kernel<float2, __half2>(tensor_layout_any, T1 *, tensor_layout_any, const T2 *)"
1652461903,11040,23282,2253,1,1,128,1,1,16,0.000,0.000,,,,,NVIDIA A100-SXM4-40GB MIG 4g.20gb (0),1,,13,cupy_copy__float16_float16
1652476559,3743,23291,282,1,1,128,1,1,16,0.000,0.000,,,,,NVIDIA A100-SXM4-40GB MIG 4g.20gb (0),1,,13,cupy_copy__complex64_complex64
1652481390,2016,23300,26,1,1,128,1,1,16,0.000,0.000,,,,,NVIDIA A100-SXM4-40GB MIG 4g.20gb (0),1,,13,cupy_copy__float32_float32
1652485294,4576,23309,103,1,1,128,1,1,16,0.000,0.000,,,,,NVIDIA A100-SXM4-40GB MIG 4g.20gb (0),1,,13,cupy_copy__complex64_complex64
1652490862,12384,23319,1434,1,1,128,1,1,16,0.000,0.000,,,,,NVIDIA A100-SXM4-40GB MIG 4g.20gb (0),1,,13,cupy_copy__complex64_complex64
1652507694,87231,23324,1,1,1,32,32,1,30,0.000,0.000,,,,,NVIDIA A100-SXM4-40GB MIG 4g.20gb (0),1,,13,"void convert_kernel<__half2, float2>(tensor_layout_any, T1 *, tensor_layout_any, const T2 *)"
1652622285,5536,23327,,,,,,,,,,0.094,16924.777,Pinned,Device,NVIDIA A100-SXM4-40GB MIG 4g.20gb (0),1,,13,[CUDA memcpy Host-to-Device]
1652631693,598264,23328,,,,,,,,,,456.561,762914.166,Device,,NVIDIA A100-SXM4-40GB MIG 4g.20gb (0),1,,13,[CUDA memset]
1653238437,143614,23333,,,,,,,,,,1.235,8598.915,Pinned,Device,NVIDIA A100-SXM4-40GB MIG 4g.20gb (0),1,,13,[CUDA memcpy Host-to-Device]
1653397251,40096,23334,,,,,,,,,,0.197,4903.404,Pinned,Device,NVIDIA A100-SXM4-40GB MIG 4g.20gb (0),1,,13,[CUDA memcpy Host-to-Device]
1653467106,8608,23335,69,4,1,48,1,1,76,0.002,0.000,,,,,NVIDIA A100-SXM4-40GB MIG 4g.20gb (0),1,,13,"void ch_est::windowedChEstPreNoDftSOfdmKernel<float, __half, float, (unsigned int)2, (unsigned int)1, (unsigned short)4>(ch_est::puschRxChEstStatDescr_t *, ch_est::puschRxChEstDynDescr_t *)"
1653486530,6848,23336,137,2,1,24,2,1,44,0.001,0.001,,,,,NVIDIA A100-SXM4-40GB MIG 4g.20gb (0),1,,13,"void ch_est::chEstFilterNoDftSOfdmDispatchKernel<float, __half, float, (unsigned int)2>(ch_est::puschRxChEstStatDescr_t *, ch_est::puschRxChEstDynDescr_t *)"
1653503138,4704,23337,137,2,1,24,2,1,44,0.001,0.001,,,,,NVIDIA A100-SXM4-40GB MIG 4g.20gb (0),1,,13,"void ch_est::chEstFilterNoDftSOfdmDispatchKernel<float, __half, float, (unsigned int)2>(ch_est::puschRxChEstStatDescr_t *, ch_est::puschRxChEstDynDescr_t *)"
1653520258,2656,23348,103,1,1,128,1,1,16,0.000,0.000,,,,,NVIDIA A100-SXM4-40GB MIG 4g.20gb (0),1,,13,cupy_copy__complex64_complex64
1653537089,12544,23358,1434,1,1,128,1,1,16,0.000,0.000,,,,,NVIDIA A100-SXM4-40GB MIG 4g.20gb (0),1,,13,cupy_copy__complex64_complex64
1653562401,2592,23365,103,1,1,128,1,1,16,0.000,0.000,,,,,NVIDIA A100-SXM4-40GB MIG 4g.20gb (0),1,,13,cupy_copy__complex64_complex64
1653582945,91743,23372,1,1,1,32,32,1,30,0.000,0.000,,,,,NVIDIA A100-SXM4-40GB MIG 4g.20gb (0),1,,13,"void convert_kernel<__half2, float2>(tensor_layout_any, T1 *, tensor_layout_any, const T2 *)"
1653703679,7744,23375,,,,,,,,,,0.094,12099.152,Pinned,Device,NVIDIA A100-SXM4-40GB MIG 4g.20gb (0),1,,13,[CUDA memcpy Host-to-Device]
1653717183,46784,23376,,,,,,,,,,35.810,765401.230,Device,,NVIDIA A100-SXM4-40GB MIG 4g.20gb (0),1,,13,[CUDA memset]
1653765567,3391,23378,,,,,,,,,,0.000,23.592,Pinned,Device,NVIDIA A100-SXM4-40GB MIG 4g.20gb (0),1,,13,[CUDA memcpy Host-to-Device]
1653771934,10208,23379,,,,,,,,,,0.197,19260.113,Pinned,Device,NVIDIA A100-SXM4-40GB MIG 4g.20gb (0),1,,13,[CUDA memcpy Host-to-Device]
1653787038,10048,23380,273,1,1,48,1,1,40,0.000,0.001,,,,,NVIDIA A100-SXM4-40GB MIG 4g.20gb (0),1,,13,"void pusch_noise_intf_est::noiseIntfEstNoDftSOfdmKernel<float, __half, float, float, (unsigned int)2, (unsigned int)1, (unsigned char)4, (unsigned char)4>(pusch_noise_intf_est::puschRxNoiseIntfEstDynDescr)"
1653799774,3328,23391,35,1,1,128,1,1,16,0.000,0.000,,,,,NVIDIA A100-SXM4-40GB MIG 4g.20gb (0),1,,13,cupy_copy__complex64_complex64
1653821342,1984,23400,1,1,1,1,1,1,18,0.000,0.000,,,,,NVIDIA A100-SXM4-40GB MIG 4g.20gb (0),1,,13,cupy_copy__float32_float32
1653854429,1568,23406,,,,,,,,,,0.000,2.551,Device,Pageable,NVIDIA A100-SXM4-40GB MIG 4g.20gb (0),1,,7,[CUDA memcpy Device-to-Host]
1653916381,12864,23417,1434,1,1,128,1,1,16,0.000,0.000,,,,,NVIDIA A100-SXM4-40GB MIG 4g.20gb (0),1,,13,cupy_copy__complex64_complex64
1653941372,3328,23424,103,1,1,128,1,1,16,0.000,0.000,,,,,NVIDIA A100-SXM4-40GB MIG 4g.20gb (0),1,,13,cupy_copy__complex64_complex64
1653961724,2592,23431,35,1,1,128,1,1,16,0.000,0.000,,,,,NVIDIA A100-SXM4-40GB MIG 4g.20gb (0),1,,13,cupy_copy__complex64_complex64
1653979356,1792,23438,1,1,1,1,1,1,18,0.000,0.000,,,,,NVIDIA A100-SXM4-40GB MIG 4g.20gb (0),1,,13,cupy_copy__float32_float32
1654111546,82239,23449,1,1,1,32,32,1,30,0.000,0.000,,,,,NVIDIA A100-SXM4-40GB MIG 4g.20gb (0),1,,13,"void convert_kernel<__half2, float2>(tensor_layout_any, T1 *, tensor_layout_any, const T2 *)"
1654221561,5440,23452,,,,,,,,,,0.094,17223.480,Pinned,Device,NVIDIA A100-SXM4-40GB MIG 4g.20gb (0),1,,13,[CUDA memcpy Host-to-Device]
1654235609,3072,23453,,,,,,,,,,1.547,503457.044,Device,,NVIDIA A100-SXM4-40GB MIG 4g.20gb (0),1,,13,[CUDA memset]
1654242457,2976,23458,,,,,,,,,,0.031,10516.113,Pinned,Device,NVIDIA A100-SXM4-40GB MIG 4g.20gb (0),1,,13,[CUDA memcpy Host-to-Device]
1654248313,9855,23459,,,,,,,,,,0.197,19950.010,Pinned,Device,NVIDIA A100-SXM4-40GB MIG 4g.20gb (0),1,,13,[CUDA memcpy Host-to-Device]
1654263416,6368,23460,273,1,1,8,4,1,39,0.002,0.000,,,,,NVIDIA A100-SXM4-40GB MIG 4g.20gb (0),1,,13,"void channel_eq::eqMmseCoefCompLowMimoKernel<float, float, float, (unsigned int)4, (unsigned int)1, (unsigned int)4>(const channel_eq::_puschRxChEqStatDescr *, channel_eq::_puschRxChEqCoefCompDynDescr)"
1654270872,6368,23461,273,1,1,12,11,1,51,0.002,0.000,,,,,NVIDIA A100-SXM4-40GB MIG 4g.20gb (0),1,,13,"void channel_eq::eqMmseSoftDemapKernel<float, __half, __half, float, (unsigned int)4, (unsigned short)16383>(channel_eq::_puschRxChEqStatDescr *, channel_eq::_puschRxChEqSoftDemapDynDescr)"
1654280504,282109,23462,1,1,1,32,32,1,30,0.000,0.000,,,,,NVIDIA A100-SXM4-40GB MIG 4g.20gb (0),1,,13,"void convert_kernel<float2, __half2>(tensor_layout_any, T1 *, tensor_layout_any, const T2 *)"
1654564725,11103,23474,2253,1,1,128,1,1,16,0.000,0.000,,,,,NVIDIA A100-SXM4-40GB MIG 4g.20gb (0),1,,13,cupy_copy__float16_float16
1654578228,3136,23483,282,1,1,128,1,1,16,0.000,0.000,,,,,NVIDIA A100-SXM4-40GB MIG 4g.20gb (0),1,,13,cupy_copy__complex64_complex64
1654583860,2336,23492,26,1,1,128,1,1,16,0.000,0.000,,,,,NVIDIA A100-SXM4-40GB MIG 4g.20gb (0),1,,13,cupy_copy__float32_float32
1654589236,2912,23501,103,1,1,128,1,1,16,0.000,0.000,,,,,NVIDIA A100-SXM4-40GB MIG 4g.20gb (0),1,,13,cupy_copy__complex64_complex64
1654594548,12352,23511,1434,1,1,128,1,1,16,0.000,0.000,,,,,NVIDIA A100-SXM4-40GB MIG 4g.20gb (0),1,,13,cupy_copy__complex64_complex64
1654612500,82175,23516,1,1,1,32,32,1,30,0.000,0.000,,,,,NVIDIA A100-SXM4-40GB MIG 4g.20gb (0),1,,13,"void convert_kernel<__half2, float2>(tensor_layout_any, T1 *, tensor_layout_any, const T2 *)"
1654722547,5760,23519,,,,,,,,,,0.094,16266.656,Pinned,Device,NVIDIA A100-SXM4-40GB MIG 4g.20gb (0),1,,13,[CUDA memcpy Host-to-Device]
1654732339,598360,23520,,,,,,,,,,456.561,762914.166,Device,,NVIDIA A100-SXM4-40GB MIG 4g.20gb (0),1,,13,[CUDA memset]
1655336619,136094,23525,,,,,,,,,,1.235,9073.134,Pinned,Device,NVIDIA A100-SXM4-40GB MIG 4g.20gb (0),1,,13,[CUDA memcpy Host-to-Device]
1655482409,40768,23526,,,,,,,,,,0.197,4822.598,Pinned,Device,NVIDIA A100-SXM4-40GB MIG 4g.20gb (0),1,,13,[CUDA memcpy Host-to-Device]
1655552296,8256,23527,69,4,1,48,1,1,76,0.002,0.000,,,,,NVIDIA A100-SXM4-40GB MIG 4g.20gb (0),1,,13,"void ch_est::windowedChEstPreNoDftSOfdmKernel<float, __half, float, (unsigned int)2, (unsigned int)1, (unsigned short)4>(ch_est::puschRxChEstStatDescr_t *, ch_est::puschRxChEstDynDescr_t *)"
1655570344,6752,23528,137,2,1,24,2,1,44,0.001,0.001,,,,,NVIDIA A100-SXM4-40GB MIG 4g.20gb (0),1,,13,"void ch_est::chEstFilterNoDftSOfdmDispatchKernel<float, __half, float, (unsigned int)2>(ch_est::puschRxChEstStatDescr_t *, ch_est::puschRxChEstDynDescr_t *)"
1655589736,4736,23529,137,2,1,24,2,1,44,0.001,0.001,,,,,NVIDIA A100-SXM4-40GB MIG 4g.20gb (0),1,,13,"void ch_est::chEstFilterNoDftSOfdmDispatchKernel<float, __half, float, (unsigned int)2>(ch_est::puschRxChEstStatDescr_t *, ch_est::puschRxChEstDynDescr_t *)"
1655606760,2752,23540,103,1,1,128,1,1,16,0.000,0.000,,,,,NVIDIA A100-SXM4-40GB MIG 4g.20gb (0),1,,13,cupy_copy__complex64_complex64
1655624360,12351,23550,1434,1,1,128,1,1,16,0.000,0.000,,,,,NVIDIA A100-SXM4-40GB MIG 4g.20gb (0),1,,13,cupy_copy__complex64_complex64
1655642855,2912,23557,103,1,1,128,1,1,16,0.000,0.000,,,,,NVIDIA A100-SXM4-40GB MIG 4g.20gb (0),1,,13,cupy_copy__complex64_complex64
1655669511,100159,23564,1,1,1,32,32,1,30,0.000,0.000,,,,,NVIDIA A100-SXM4-40GB MIG 4g.20gb (0),1,,13,"void convert_kernel<__half2, float2>(tensor_layout_any, T1 *, tensor_layout_any, const T2 *)"
1655801605,25280,23567,,,,,,,,,,0.094,3706.239,Pinned,Device,NVIDIA A100-SXM4-40GB MIG 4g.20gb (0),1,,13,[CUDA memcpy Host-to-Device]
1655841285,47039,23568,,,,,,,,,,35.810,761247.279,Device,,NVIDIA A100-SXM4-40GB MIG 4g.20gb (0),1,,13,[CUDA memset]
1655894532,8256,23570,,,,,,,,,,0.000,9.690,Pinned,Device,NVIDIA A100-SXM4-40GB MIG 4g.20gb (0),1,,13,[CUDA memcpy Host-to-Device]
1655915140,23872,23571,,,,,,,,,,0.197,8235.909,Pinned,Device,NVIDIA A100-SXM4-40GB MIG 4g.20gb (0),1,,13,[CUDA memcpy Host-to-Device]
1655957251,9472,23572,273,1,1,48,1,1,40,0.000,0.001,,,,,NVIDIA A100-SXM4-40GB MIG 4g.20gb (0),1,,13,"void pusch_noise_intf_est::noiseIntfEstNoDftSOfdmKernel<float, __half, float, float, (unsigned int)2, (unsigned int)1, (unsigned char)4, (unsigned char)4>(pusch_noise_intf_est::puschRxNoiseIntfEstDynDescr)"
1655987107,2784,23583,35,1,1,128,1,1,16,0.000,0.000,,,,,NVIDIA A100-SXM4-40GB MIG 4g.20gb (0),1,,13,cupy_copy__complex64_complex64
1656000867,1760,23592,1,1,1,1,1,1,18,0.000,0.000,,,,,NVIDIA A100-SXM4-40GB MIG 4g.20gb (0),1,,13,cupy_copy__float32_float32
1656006627,5728,23598,,,,,,,,,,0.000,0.698,Device,Pageable,NVIDIA A100-SXM4-40GB MIG 4g.20gb (0),1,,7,[CUDA memcpy Device-to-Host]
1656085826,12768,23609,1434,1,1,128,1,1,16,0.000,0.000,,,,,NVIDIA A100-SXM4-40GB MIG 4g.20gb (0),1,,13,cupy_copy__complex64_complex64
1656113409,2720,23616,103,1,1,128,1,1,16,0.000,0.000,,,,,NVIDIA A100-SXM4-40GB MIG 4g.20gb (0),1,,13,cupy_copy__complex64_complex64
1656136161,2400,23623,35,1,1,128,1,1,16,0.000,0.000,,,,,NVIDIA A100-SXM4-40GB MIG 4g.20gb (0),1,,13,cupy_copy__complex64_complex64
1656150369,1888,23630,1,1,1,1,1,1,18,0.000,0.000,,,,,NVIDIA A100-SXM4-40GB MIG 4g.20gb (0),1,,13,cupy_copy__float32_float32
1656280447,82175,23641,1,1,1,32,32,1,30,0.000,0.000,,,,,NVIDIA A100-SXM4-40GB MIG 4g.20gb (0),1,,13,"void convert_kernel<__half2, float2>(tensor_layout_any, T1 *, tensor_layout_any, const T2 *)"
1656390238,6272,23644,,,,,,,,,,0.094,14938.703,Pinned,Device,NVIDIA A100-SXM4-40GB MIG 4g.20gb (0),1,,13,[CUDA memcpy Host-to-Device]
1656405630,3328,23645,,,,,,,,,,1.547,464729.580,Device,,NVIDIA A100-SXM4-40GB MIG 4g.20gb (0),1,,13,[CUDA memset]
1656412126,3232,23650,,,,,,,,,,0.031,9683.139,Pinned,Device,NVIDIA A100-SXM4-40GB MIG 4g.20gb (0),1,,13,[CUDA memcpy Host-to-Device]
1656418078,9760,23651,,,,,,,,,,0.197,20144.259,Pinned,Device,NVIDIA A100-SXM4-40GB MIG 4g.20gb (0),1,,13,[CUDA memcpy Host-to-Device]
1656432797,6208,23652,273,1,1,8,4,1,39,0.002,0.000,,,,,NVIDIA A100-SXM4-40GB MIG 4g.20gb (0),1,,13,"void channel_eq::eqMmseCoefCompLowMimoKernel<float, float, float, (unsigned int)4, (unsigned int)1, (unsigned int)4>(const channel_eq::_puschRxChEqStatDescr *, channel_eq::_puschRxChEqCoefCompDynDescr)"
1656441693,5664,23653,273,1,1,12,11,1,51,0.002,0.000,,,,,NVIDIA A100-SXM4-40GB MIG 4g.20gb (0),1,,13,"void channel_eq::eqMmseSoftDemapKernel<float, __half, __half, float, (unsigned int)4, (unsigned short)16383>(channel_eq::_puschRxChEqStatDescr *, channel_eq::_puschRxChEqSoftDemapDynDescr)"
1656448733,289789,23654,1,1,1,32,32,1,30,0.000,0.000,,,,,NVIDIA A100-SXM4-40GB MIG 4g.20gb (0),1,,13,"void convert_kernel<float2, __half2>(tensor_layout_any, T1 *, tensor_layout_any, const T2 *)"
1656739642,10976,23666,2253,1,1,128,1,1,16,0.000,0.000,,,,,NVIDIA A100-SXM4-40GB MIG 4g.20gb (0),1,,13,cupy_copy__float16_float16
1656752314,3103,23675,282,1,1,128,1,1,16,0.000,0.000,,,,,NVIDIA A100-SXM4-40GB MIG 4g.20gb (0),1,,13,cupy_copy__complex64_complex64
1656757529,2176,23684,26,1,1,128,1,1,16,0.000,0.000,,,,,NVIDIA A100-SXM4-40GB MIG 4g.20gb (0),1,,13,cupy_copy__float32_float32
1656762553,2944,23693,103,1,1,128,1,1,16,0.000,0.000,,,,,NVIDIA A100-SXM4-40GB MIG 4g.20gb (0),1,,13,cupy_copy__complex64_complex64
1656766969,12640,23703,1434,1,1,128,1,1,16,0.000,0.000,,,,,NVIDIA A100-SXM4-40GB MIG 4g.20gb (0),1,,13,cupy_copy__complex64_complex64
1656783161,82079,23708,1,1,1,32,32,1,30,0.000,0.000,,,,,NVIDIA A100-SXM4-40GB MIG 4g.20gb (0),1,,13,"void convert_kernel<__half2, float2>(tensor_layout_any, T1 *, tensor_layout_any, const T2 *)"
1656892632,5568,23711,,,,,,,,,,0.094,16827.521,Pinned,Device,NVIDIA A100-SXM4-40GB MIG 4g.20gb (0),1,,13,[CUDA memcpy Host-to-Device]
1656902392,600024,23712,,,,,,,,,,456.561,760631.359,Device,,NVIDIA A100-SXM4-40GB MIG 4g.20gb (0),1,,13,[CUDA memset]
1657508816,129759,23717,,,,,,,,,,1.235,9516.478,Pinned,Device,NVIDIA A100-SXM4-40GB MIG 4g.20gb (0),1,,13,[CUDA memcpy Host-to-Device]
1657646670,31168,23718,,,,,,,,,,0.197,6307.971,Pinned,Device,NVIDIA A100-SXM4-40GB MIG 4g.20gb (0),1,,13,[CUDA memcpy Host-to-Device]
1657697454,8128,23719,69,4,1,48,1,1,76,0.002,0.000,,,,,NVIDIA A100-SXM4-40GB MIG 4g.20gb (0),1,,13,"void ch_est::windowedChEstPreNoDftSOfdmKernel<float, __half, float, (unsigned int)2, (unsigned int)1, (unsigned short)4>(ch_est::puschRxChEstStatDescr_t *, ch_est::puschRxChEstDynDescr_t *)"
1657712270,6816,23720,137,2,1,24,2,1,44,0.001,0.001,,,,,NVIDIA A100-SXM4-40GB MIG 4g.20gb (0),1,,13,"void ch_est::chEstFilterNoDftSOfdmDispatchKernel<float, __half, float, (unsigned int)2>(ch_est::puschRxChEstStatDescr_t *, ch_est::puschRxChEstDynDescr_t *)"
1657725133,4768,23721,137,2,1,24,2,1,44,0.001,0.001,,,,,NVIDIA A100-SXM4-40GB MIG 4g.20gb (0),1,,13,"void ch_est::chEstFilterNoDftSOfdmDispatchKernel<float, __half, float, (unsigned int)2>(ch_est::puschRxChEstStatDescr_t *, ch_est::puschRxChEstDynDescr_t *)"
1657740685,2656,23732,103,1,1,128,1,1,16,0.000,0.000,,,,,NVIDIA A100-SXM4-40GB MIG 4g.20gb (0),1,,13,cupy_copy__complex64_complex64
1657753933,12384,23742,1434,1,1,128,1,1,16,0.000,0.000,,,,,NVIDIA A100-SXM4-40GB MIG 4g.20gb (0),1,,13,cupy_copy__complex64_complex64
1657784461,2368,23749,103,1,1,128,1,1,16,0.000,0.000,,,,,NVIDIA A100-SXM4-40GB MIG 4g.20gb (0),1,,13,cupy_copy__complex64_complex64
1657803085,81982,23756,1,1,1,32,32,1,30,0.000,0.000,,,,,NVIDIA A100-SXM4-40GB MIG 4g.20gb (0),1,,13,"void convert_kernel<__half2, float2>(tensor_layout_any, T1 *, tensor_layout_any, const T2 *)"
1657920427,22944,23759,,,,,,,,,,0.094,4083.646,Pinned,Device,NVIDIA A100-SXM4-40GB MIG 4g.20gb (0),1,,13,[CUDA memcpy Host-to-Device]
1657960555,46847,23760,,,,,,,,,,35.810,764398.552,Device,,NVIDIA A100-SXM4-40GB MIG 4g.20gb (0),1,,13,[CUDA memset]
1658013770,13216,23762,,,,,,,,,,0.000,6.053,Pinned,Device,NVIDIA A100-SXM4-40GB MIG 4g.20gb (0),1,,13,[CUDA memcpy Host-to-Device]
1658036010,35231,23763,,,,,,,,,,0.197,5580.521,Pinned,Device,NVIDIA A100-SXM4-40GB MIG 4g.20gb (0),1,,13,[CUDA memcpy Host-to-Device]
1658090985,9984,23764,273,1,1,48,1,1,40,0.000,0.001,,,,,NVIDIA A100-SXM4-40GB MIG 4g.20gb (0),1,,13,"void pusch_noise_intf_est::noiseIntfEstNoDftSOfdmKernel<float, __half, float, float, (unsigned int)2, (unsigned int)1, (unsigned char)4, (unsigned char)4>(pusch_noise_intf_est::puschRxNoiseIntfEstDynDescr)"
1658107561,2816,23775,35,1,1,128,1,1,16,0.000,0.000,,,,,NVIDIA A100-SXM4-40GB MIG 4g.20gb (0),1,,13,cupy_copy__complex64_complex64
1658124553,1664,23784,1,1,1,1,1,1,18,0.000,0.000,,,,,NVIDIA A100-SXM4-40GB MIG 4g.20gb (0),1,,13,cupy_copy__float32_float32
1658129032,7232,23790,,,,,,,,,,0.000,0.553,Device,Pageable,NVIDIA A100-SXM4-40GB MIG 4g.20gb (0),1,,7,[CUDA memcpy Device-to-Host]
1658231143,12608,23801,1434,1,1,128,1,1,16,0.000,0.000,,,,,NVIDIA A100-SXM4-40GB MIG 4g.20gb (0),1,,13,cupy_copy__complex64_complex64
1658254375,3392,23808,103,1,1,128,1,1,16,0.000,0.000,,,,,NVIDIA A100-SXM4-40GB MIG 4g.20gb (0),1,,13,cupy_copy__complex64_complex64
1658276839,2496,23815,35,1,1,128,1,1,16,0.000,0.000,,,,,NVIDIA A100-SXM4-40GB MIG 4g.20gb (0),1,,13,cupy_copy__complex64_complex64
1658295206,1696,23822,1,1,1,1,1,1,18,0.000,0.000,,,,,NVIDIA A100-SXM4-40GB MIG 4g.20gb (0),1,,13,cupy_copy__float32_float32
1658427461,86751,23833,1,1,1,32,32,1,30,0.000,0.000,,,,,NVIDIA A100-SXM4-40GB MIG 4g.20gb (0),1,,13,"void convert_kernel<__half2, float2>(tensor_layout_any, T1 *, tensor_layout_any, const T2 *)"
1658545923,16576,23836,,,,,,,,,,0.094,5652.492,Pinned,Device,NVIDIA A100-SXM4-40GB MIG 4g.20gb (0),1,,13,[CUDA memcpy Host-to-Device]
1658574403,3904,23837,,,,,,,,,,1.547,396163.098,Device,,NVIDIA A100-SXM4-40GB MIG 4g.20gb (0),1,,13,[CUDA memset]
1658582659,3552,23842,,,,,,,,,,0.031,8810.794,Pinned,Device,NVIDIA A100-SXM4-40GB MIG 4g.20gb (0),1,,13,[CUDA memcpy Host-to-Device]
1658592739,17280,23843,,,,,,,,,,0.197,11377.705,Pinned,Device,NVIDIA A100-SXM4-40GB MIG 4g.20gb (0),1,,13,[CUDA memcpy Host-to-Device]
1658625442,6368,23844,273,1,1,8,4,1,39,0.002,0.000,,,,,NVIDIA A100-SXM4-40GB MIG 4g.20gb (0),1,,13,"void channel_eq::eqMmseCoefCompLowMimoKernel<float, float, float, (unsigned int)4, (unsigned int)1, (unsigned int)4>(const channel_eq::_puschRxChEqStatDescr *, channel_eq::_puschRxChEqCoefCompDynDescr)"
1658633122,7360,23845,273,1,1,12,11,1,51,0.002,0.000,,,,,NVIDIA A100-SXM4-40GB MIG 4g.20gb (0),1,,13,"void channel_eq::eqMmseSoftDemapKernel<float, __half, __half, float, (unsigned int)4, (unsigned short)16383>(channel_eq::_puschRxChEqStatDescr *, channel_eq::_puschRxChEqSoftDemapDynDescr)"
1658649506,282525,23846,1,1,1,32,32,1,30,0.000,0.000,,,,,NVIDIA A100-SXM4-40GB MIG 4g.20gb (0),1,,13,"void convert_kernel<float2, __half2>(tensor_layout_any, T1 *, tensor_layout_any, const T2 *)"
1658933982,11168,23858,2253,1,1,128,1,1,16,0.000,0.000,,,,,NVIDIA A100-SXM4-40GB MIG 4g.20gb (0),1,,13,cupy_copy__float16_float16
1658948094,3744,23867,282,1,1,128,1,1,16,0.000,0.000,,,,,NVIDIA A100-SXM4-40GB MIG 4g.20gb (0),1,,13,cupy_copy__complex64_complex64
1658953150,2304,23876,26,1,1,128,1,1,16,0.000,0.000,,,,,NVIDIA A100-SXM4-40GB MIG 4g.20gb (0),1,,13,cupy_copy__float32_float32
1658956702,2816,23885,103,1,1,128,1,1,16,0.000,0.000,,,,,NVIDIA A100-SXM4-40GB MIG 4g.20gb (0),1,,13,cupy_copy__complex64_complex64
1658960862,12320,23895,1434,1,1,128,1,1,16,0.000,0.000,,,,,NVIDIA A100-SXM4-40GB MIG 4g.20gb (0),1,,13,cupy_copy__complex64_complex64
1658975390,82719,23900,1,1,1,32,32,1,30,0.000,0.000,,,,,NVIDIA A100-SXM4-40GB MIG 4g.20gb (0),1,,13,"void convert_kernel<__half2, float2>(tensor_layout_any, T1 *, tensor_layout_any, const T2 *)"
1659085117,5696,23903,,,,,,,,,,0.094,16449.363,Pinned,Device,NVIDIA A100-SXM4-40GB MIG 4g.20gb (0),1,,13,[CUDA memcpy Host-to-Device]
1659095228,599097,23904,,,,,,,,,,456.561,762001.043,Device,,NVIDIA A100-SXM4-40GB MIG 4g.20gb (0),1,,13,[CUDA memset]
1659699285,155582,23909,,,,,,,,,,1.235,7936.985,Pinned,Device,NVIDIA A100-SXM4-40GB MIG 4g.20gb (0),1,,13,[CUDA memcpy Host-to-Device]
1659867059,40383,23910,,,,,,,,,,0.197,4868.407,Pinned,Device,NVIDIA A100-SXM4-40GB MIG 4g.20gb (0),1,,13,[CUDA memcpy Host-to-Device]
1659924466,8384,23911,69,4,1,48,1,1,76,0.002,0.000,,,,,NVIDIA A100-SXM4-40GB MIG 4g.20gb (0),1,,13,"void ch_est::windowedChEstPreNoDftSOfdmKernel<float, __half, float, (unsigned int)2, (unsigned int)1, (unsigned short)4>(ch_est::puschRxChEstStatDescr_t *, ch_est::puschRxChEstDynDescr_t *)"
1659940498,7104,23912,137,2,1,24,2,1,44,0.001,0.001,,,,,NVIDIA A100-SXM4-40GB MIG 4g.20gb (0),1,,13,"void ch_est::chEstFilterNoDftSOfdmDispatchKernel<float, __half, float, (unsigned int)2>(ch_est::puschRxChEstStatDescr_t *, ch_est::puschRxChEstDynDescr_t *)"
1659955346,5216,23913,137,2,1,24,2,1,44,0.001,0.001,,,,,NVIDIA A100-SXM4-40GB MIG 4g.20gb (0),1,,13,"void ch_est::chEstFilterNoDftSOfdmDispatchKernel<float, __half, float, (unsigned int)2>(ch_est::puschRxChEstStatDescr_t *, ch_est::puschRxChEstDynDescr_t *)"
1659967314,2496,23924,103,1,1,128,1,1,16,0.000,0.000,,,,,NVIDIA A100-SXM4-40GB MIG 4g.20gb (0),1,,13,cupy_copy__complex64_complex64
1659981746,12607,23934,1434,1,1,128,1,1,16,0.000,0.000,,,,,NVIDIA A100-SXM4-40GB MIG 4g.20gb (0),1,,13,cupy_copy__complex64_complex64
1660000593,2752,23941,103,1,1,128,1,1,16,0.000,0.000,,,,,NVIDIA A100-SXM4-40GB MIG 4g.20gb (0),1,,13,cupy_copy__complex64_complex64
1660009553,86879,23948,1,1,1,32,32,1,30,0.000,0.000,,,,,NVIDIA A100-SXM4-40GB MIG 4g.20gb (0),1,,13,"void convert_kernel<__half2, float2>(tensor_layout_any, T1 *, tensor_layout_any, const T2 *)"
1660126096,10240,23951,,,,,,,,,,0.094,9149.977,Pinned,Device,NVIDIA A100-SXM4-40GB MIG 4g.20gb (0),1,,13,[CUDA memcpy Host-to-Device]
1660145487,48128,23952,,,,,,,,,,35.810,744022.708,Device,,NVIDIA A100-SXM4-40GB MIG 4g.20gb (0),1,,13,[CUDA memset]
1660198063,6240,23954,,,,,,,,,,0.000,12.820,Pinned,Device,NVIDIA A100-SXM4-40GB MIG 4g.20gb (0),1,,13,[CUDA memcpy Host-to-Device]
1660213039,15711,23955,,,,,,,,,,0.197,12513.903,Pinned,Device,NVIDIA A100-SXM4-40GB MIG 4g.20gb (0),1,,13,[CUDA memcpy Host-to-Device]
1660239694,10080,23956,273,1,1,48,1,1,40,0.000,0.001,,,,,NVIDIA A100-SXM4-40GB MIG 4g.20gb (0),1,,13,"void pusch_noise_intf_est::noiseIntfEstNoDftSOfdmKernel<float, __half, float, float, (unsigned int)2, (unsigned int)1, (unsigned char)4, (unsigned char)4>(pusch_noise_intf_est::puschRxNoiseIntfEstDynDescr)"
1660254830,2784,23967,35,1,1,128,1,1,16,0.000,0.000,,,,,NVIDIA A100-SXM4-40GB MIG 4g.20gb (0),1,,13,cupy_copy__complex64_complex64
1660263822,1664,23976,1,1,1,1,1,1,18,0.000,0.000,,,,,NVIDIA A100-SXM4-40GB MIG 4g.20gb (0),1,,13,cupy_copy__float32_float32
1660278510,3584,23982,,,,,,,,,,0.000,1.116,Device,Pageable,NVIDIA A100-SXM4-40GB MIG 4g.20gb (0),1,,7,[CUDA memcpy Device-to-Host]
1660343789,13056,23993,1434,1,1,128,1,1,16,0.000,0.000,,,,,NVIDIA A100-SXM4-40GB MIG 4g.20gb (0),1,,13,cupy_copy__complex64_complex64
1660370317,3456,24000,103,1,1,128,1,1,16,0.000,0.000,,,,,NVIDIA A100-SXM4-40GB MIG 4g.20gb (0),1,,13,cupy_copy__complex64_complex64
1660391020,2752,24007,35,1,1,128,1,1,16,0.000,0.000,,,,,NVIDIA A100-SXM4-40GB MIG 4g.20gb (0),1,,13,cupy_copy__complex64_complex64
1660408588,1760,24014,1,1,1,1,1,1,18,0.000,0.000,,,,,NVIDIA A100-SXM4-40GB MIG 4g.20gb (0),1,,13,cupy_copy__float32_float32
1660541995,87646,24025,1,1,1,32,32,1,30,0.000,0.000,,,,,NVIDIA A100-SXM4-40GB MIG 4g.20gb (0),1,,13,"void convert_kernel<__half2, float2>(tensor_layout_any, T1 *, tensor_layout_any, const T2 *)"
1660656617,5760,24028,,,,,,,,,,0.094,16266.656,Pinned,Device,NVIDIA A100-SXM4-40GB MIG 4g.20gb (0),1,,13,[CUDA memcpy Host-to-Device]
1660670953,3040,24029,,,,,,,,,,1.547,508757.325,Device,,NVIDIA A100-SXM4-40GB MIG 4g.20gb (0),1,,13,[CUDA memset]
1660677609,3744,24034,,,,,,,,,,0.031,8358.974,Pinned,Device,NVIDIA A100-SXM4-40GB MIG 4g.20gb (0),1,,13,[CUDA memcpy Host-to-Device]
1660683913,11040,24035,,,,,,,,,,0.197,17808.556,Pinned,Device,NVIDIA A100-SXM4-40GB MIG 4g.20gb (0),1,,13,[CUDA memcpy Host-to-Device]
1660700009,8352,24036,273,1,1,8,4,1,39,0.002,0.000,,,,,NVIDIA A100-SXM4-40GB MIG 4g.20gb (0),1,,13,"void channel_eq::eqMmseCoefCompLowMimoKernel<float, float, float, (unsigned int)4, (unsigned int)1, (unsigned int)4>(const channel_eq::_puschRxChEqStatDescr *, channel_eq::_puschRxChEqCoefCompDynDescr)"
1660710216,7552,24037,273,1,1,12,11,1,51,0.002,0.000,,,,,NVIDIA A100-SXM4-40GB MIG 4g.20gb (0),1,,13,"void channel_eq::eqMmseSoftDemapKernel<float, __half, __half, float, (unsigned int)4, (unsigned short)16383>(channel_eq::_puschRxChEqStatDescr *, channel_eq::_puschRxChEqSoftDemapDynDescr)"
1660719848,294301,24038,1,1,1,32,32,1,30,0.000,0.000,,,,,NVIDIA A100-SXM4-40GB MIG 4g.20gb (0),1,,13,"void convert_kernel<float2, __half2>(tensor_layout_any, T1 *, tensor_layout_any, const T2 *)"
1661015589,10816,24050,2253,1,1,128,1,1,16,0.000,0.000,,,,,NVIDIA A100-SXM4-40GB MIG 4g.20gb (0),1,,13,cupy_copy__float16_float16
1661027781,3040,24059,282,1,1,128,1,1,16,0.000,0.000,,,,,NVIDIA A100-SXM4-40GB MIG 4g.20gb (0),1,,13,cupy_copy__complex64_complex64
1661031877,2047,24068,26,1,1,128,1,1,16,0.000,0.000,,,,,NVIDIA A100-SXM4-40GB MIG 4g.20gb (0),1,,13,cupy_copy__float32_float32
1661034980,3264,24077,103,1,1,128,1,1,16,0.000,0.000,,,,,NVIDIA A100-SXM4-40GB MIG 4g.20gb (0),1,,13,cupy_copy__complex64_complex64
1661039268,11968,24087,1434,1,1,128,1,1,16,0.000,0.000,,,,,NVIDIA A100-SXM4-40GB MIG 4g.20gb (0),1,,13,cupy_copy__complex64_complex64
1661057092,82367,24092,1,1,1,32,32,1,30,0.000,0.000,,,,,NVIDIA A100-SXM4-40GB MIG 4g.20gb (0),1,,13,"void convert_kernel<__half2, float2>(tensor_layout_any, T1 *, tensor_layout_any, const T2 *)"
1661166659,5504,24095,,,,,,,,,,0.094,17023.251,Pinned,Device,NVIDIA A100-SXM4-40GB MIG 4g.20gb (0),1,,13,[CUDA memcpy Host-to-Device]
1661176611,600536,24096,,,,,,,,,,456.561,760174.798,Device,,NVIDIA A100-SXM4-40GB MIG 4g.20gb (0),1,,13,[CUDA memset]
1661784475,146238,24101,,,,,,,,,,1.235,8444.547,Pinned,Device,NVIDIA A100-SXM4-40GB MIG 4g.20gb (0),1,,13,[CUDA memcpy Host-to-Device]
1661942265,36384,24102,,,,,,,,,,0.197,5403.574,Pinned,Device,NVIDIA A100-SXM4-40GB MIG 4g.20gb (0),1,,13,[CUDA memcpy Host-to-Device]
1662005272,8672,24103,69,4,1,48,1,1,76,0.002,0.000,,,,,NVIDIA A100-SXM4-40GB MIG 4g.20gb (0),1,,13,"void ch_est::windowedChEstPreNoDftSOfdmKernel<float, __half, float, (unsigned int)2, (unsigned int)1, (unsigned short)4>(ch_est::puschRxChEstStatDescr_t *, ch_est::puschRxChEstDynDescr_t *)"
1662024888,6720,24104,137,2,1,24,2,1,44,0.001,0.001,,,,,NVIDIA A100-SXM4-40GB MIG 4g.20gb (0),1,,13,"void ch_est::chEstFilterNoDftSOfdmDispatchKernel<float, __half, float, (unsigned int)2>(ch_est::puschRxChEstStatDescr_t *, ch_est::puschRxChEstDynDescr_t *)"
1662041464,4768,24105,137,2,1,24,2,1,44,0.001,0.001,,,,,NVIDIA A100-SXM4-40GB MIG 4g.20gb (0),1,,13,"void ch_est::chEstFilterNoDftSOfdmDispatchKernel<float, __half, float, (unsigned int)2>(ch_est::puschRxChEstStatDescr_t *, ch_est::puschRxChEstDynDescr_t *)"
1662058968,2688,24116,103,1,1,128,1,1,16,0.000,0.000,,,,,NVIDIA A100-SXM4-40GB MIG 4g.20gb (0),1,,13,cupy_copy__complex64_complex64
1662075480,12479,24126,1434,1,1,128,1,1,16,0.000,0.000,,,,,NVIDIA A100-SXM4-40GB MIG 4g.20gb (0),1,,13,cupy_copy__complex64_complex64
1662096823,2912,24133,103,1,1,128,1,1,16,0.000,0.000,,,,,NVIDIA A100-SXM4-40GB MIG 4g.20gb (0),1,,13,cupy_copy__complex64_complex64
1662120503,90239,24140,1,1,1,32,32,1,30,0.000,0.000,,,,,NVIDIA A100-SXM4-40GB MIG 4g.20gb (0),1,,13,"void convert_kernel<__half2, float2>(tensor_layout_any, T1 *, tensor_layout_any, const T2 *)"
1662240118,14943,24143,,,,,,,,,,0.094,6270.136,Pinned,Device,NVIDIA A100-SXM4-40GB MIG 4g.20gb (0),1,,13,[CUDA memcpy Host-to-Device]
1662262325,48288,24144,,,,,,,,,,35.810,741587.633,Device,,NVIDIA A100-SXM4-40GB MIG 4g.20gb (0),1,,13,[CUDA memset]
1662313813,6176,24146,,,,,,,,,,0.000,12.953,Pinned,Device,NVIDIA A100-SXM4-40GB MIG 4g.20gb (0),1,,13,[CUDA memcpy Host-to-Device]
1662322741,18815,24147,,,,,,,,,,0.197,10449.519,Pinned,Device,NVIDIA A100-SXM4-40GB MIG 4g.20gb (0),1,,13,[CUDA memcpy Host-to-Device]
1662350164,10048,24148,273,1,1,48,1,1,40,0.000,0.001,,,,,NVIDIA A100-SXM4-40GB MIG 4g.20gb (0),1,,13,"void pusch_noise_intf_est::noiseIntfEstNoDftSOfdmKernel<float, __half, float, float, (unsigned int)2, (unsigned int)1, (unsigned char)4, (unsigned char)4>(pusch_noise_intf_est::puschRxNoiseIntfEstDynDescr)"
1662365684,3040,24159,35,1,1,128,1,1,16,0.000,0.000,,,,,NVIDIA A100-SXM4-40GB MIG 4g.20gb (0),1,,13,cupy_copy__complex64_complex64
1662372980,1792,24168,1,1,1,1,1,1,18,0.000,0.000,,,,,NVIDIA A100-SXM4-40GB MIG 4g.20gb (0),1,,13,cupy_copy__float32_float32
1662392116,6048,24174,,,,,,,,,,0.000,0.661,Device,Pageable,NVIDIA A100-SXM4-40GB MIG 4g.20gb (0),1,,7,[CUDA memcpy Device-to-Host]
1662469683,12704,24185,1434,1,1,128,1,1,16,0.000,0.000,,,,,NVIDIA A100-SXM4-40GB MIG 4g.20gb (0),1,,13,cupy_copy__complex64_complex64
1662498482,2912,24192,103,1,1,128,1,1,16,0.000,0.000,,,,,NVIDIA A100-SXM4-40GB MIG 4g.20gb (0),1,,13,cupy_copy__complex64_complex64
1662516402,2656,24199,35,1,1,128,1,1,16,0.000,0.000,,,,,NVIDIA A100-SXM4-40GB MIG 4g.20gb (0),1,,13,cupy_copy__complex64_complex64
1662532402,1856,24206,1,1,1,1,1,1,18,0.000,0.000,,,,,NVIDIA A100-SXM4-40GB MIG 4g.20gb (0),1,,13,cupy_copy__float32_float32
1662658320,87583,24217,1,1,1,32,32,1,30,0.000,0.000,,,,,NVIDIA A100-SXM4-40GB MIG 4g.20gb (0),1,,13,"void convert_kernel<__half2, float2>(tensor_layout_any, T1 *, tensor_layout_any, const T2 *)"
1662772815,5632,24220,,,,,,,,,,0.094,16636.287,Pinned,Device,NVIDIA A100-SXM4-40GB MIG 4g.20gb (0),1,,13,[CUDA memcpy Host-to-Device]
1662787471,3456,24221,,,,,,,,,,1.547,447517.201,Device,,NVIDIA A100-SXM4-40GB MIG 4g.20gb (0),1,,13,[CUDA memset]
1662794543,3328,24226,,,,,,,,,,0.031,9403.822,Pinned,Device,NVIDIA A100-SXM4-40GB MIG 4g.20gb (0),1,,13,[CUDA memcpy Host-to-Device]
1662800847,9791,24227,,,,,,,,,,0.197,20080.361,Pinned,Device,NVIDIA A100-SXM4-40GB MIG 4g.20gb (0),1,,13,[CUDA memcpy Host-to-Device]
1662818574,6464,24228,273,1,1,8,4,1,39,0.002,0.000,,,,,NVIDIA A100-SXM4-40GB MIG 4g.20gb (0),1,,13,"void channel_eq::eqMmseCoefCompLowMimoKernel<float, float, float, (unsigned int)4, (unsigned int)1, (unsigned int)4>(const channel_eq::_puschRxChEqStatDescr *, channel_eq::_puschRxChEqCoefCompDynDescr)"
1662826414,6016,24229,273,1,1,12,11,1,51,0.002,0.000,,,,,NVIDIA A100-SXM4-40GB MIG 4g.20gb (0),1,,13,"void channel_eq::eqMmseSoftDemapKernel<float, __half, __half, float, (unsigned int)4, (unsigned short)16383>(channel_eq::_puschRxChEqStatDescr *, channel_eq::_puschRxChEqSoftDemapDynDescr)"
1662833966,281885,24230,1,1,1,32,32,1,30,0.000,0.000,,,,,NVIDIA A100-SXM4-40GB MIG 4g.20gb (0),1,,13,"void convert_kernel<float2, __half2>(tensor_layout_any, T1 *, tensor_layout_any, const T2 *)"
1663118731,10880,24242,2253,1,1,128,1,1,16,0.000,0.000,,,,,NVIDIA A100-SXM4-40GB MIG 4g.20gb (0),1,,13,cupy_copy__float16_float16
1663130858,2784,24251,282,1,1,128,1,1,16,0.000,0.000,,,,,NVIDIA A100-SXM4-40GB MIG 4g.20gb (0),1,,13,cupy_copy__complex64_complex64
1663138986,2080,24260,26,1,1,128,1,1,16,0.000,0.000,,,,,NVIDIA A100-SXM4-40GB MIG 4g.20gb (0),1,,13,cupy_copy__float32_float32
1663142986,3264,24269,103,1,1,128,1,1,16,0.000,0.000,,,,,NVIDIA A100-SXM4-40GB MIG 4g.20gb (0),1,,13,cupy_copy__complex64_complex64
1663148522,12448,24279,1434,1,1,128,1,1,16,0.000,0.000,,,,,NVIDIA A100-SXM4-40GB MIG 4g.20gb (0),1,,13,cupy_copy__complex64_complex64
1663168842,88383,24284,1,1,1,32,32,1,30,0.000,0.000,,,,,NVIDIA A100-SXM4-40GB MIG 4g.20gb (0),1,,13,"void convert_kernel<__half2, float2>(tensor_layout_any, T1 *, tensor_layout_any, const T2 *)"
1663283497,5760,24287,,,,,,,,,,0.094,16266.656,Pinned,Device,NVIDIA A100-SXM4-40GB MIG 4g.20gb (0),1,,13,[CUDA memcpy Host-to-Device]
1663293352,596569,24288,,,,,,,,,,456.561,765196.973,Device,,NVIDIA A100-SXM4-40GB MIG 4g.20gb (0),1,,13,[CUDA memset]
1663898497,140990,24293,,,,,,,,,,1.235,8758.223,Pinned,Device,NVIDIA A100-SXM4-40GB MIG 4g.20gb (0),1,,13,[CUDA memcpy Host-to-Device]
1664049471,31840,24294,,,,,,,,,,0.197,6174.867,Pinned,Device,NVIDIA A100-SXM4-40GB MIG 4g.20gb (0),1,,13,[CUDA memcpy Host-to-Device]
1664102590,8160,24295,69,4,1,48,1,1,76,0.002,0.000,,,,,NVIDIA A100-SXM4-40GB MIG 4g.20gb (0),1,,13,"void ch_est::windowedChEstPreNoDftSOfdmKernel<float, __half, float, (unsigned int)2, (unsigned int)1, (unsigned short)4>(ch_est::puschRxChEstStatDescr_t *, ch_est::puschRxChEstDynDescr_t *)"
1664118366,7168,24296,137,2,1,24,2,1,44,0.001,0.001,,,,,NVIDIA A100-SXM4-40GB MIG 4g.20gb (0),1,,13,"void ch_est::chEstFilterNoDftSOfdmDispatchKernel<float, __half, float, (unsigned int)2>(ch_est::puschRxChEstStatDescr_t *, ch_est::puschRxChEstDynDescr_t *)"
1664134046,4800,24297,137,2,1,24,2,1,44,0.001,0.001,,,,,NVIDIA A100-SXM4-40GB MIG 4g.20gb (0),1,,13,"void ch_est::chEstFilterNoDftSOfdmDispatchKernel<float, __half, float, (unsigned int)2>(ch_est::puschRxChEstStatDescr_t *, ch_est::puschRxChEstDynDescr_t *)"
1664157630,2720,24308,103,1,1,128,1,1,16,0.000,0.000,,,,,NVIDIA A100-SXM4-40GB MIG 4g.20gb (0),1,,13,cupy_copy__complex64_complex64
1664173726,12671,24318,1434,1,1,128,1,1,16,0.000,0.000,,,,,NVIDIA A100-SXM4-40GB MIG 4g.20gb (0),1,,13,cupy_copy__complex64_complex64
1664193757,2528,24325,103,1,1,128,1,1,16,0.000,0.000,,,,,NVIDIA A100-SXM4-40GB MIG 4g.20gb (0),1,,13,cupy_copy__complex64_complex64
1664210269,85055,24332,1,1,1,32,32,1,30,0.000,0.000,,,,,NVIDIA A100-SXM4-40GB MIG 4g.20gb (0),1,,13,"void convert_kernel<__half2, float2>(tensor_layout_any, T1 *, tensor_layout_any, const T2 *)"
1664325276,21247,24335,,,,,,,,,,0.094,4409.802,Pinned,Device,NVIDIA A100-SXM4-40GB MIG 4g.20gb (0),1,,13,[CUDA memcpy Host-to-Device]
1664359483,47360,24336,,,,,,,,,,35.810,756090.651,Device,,NVIDIA A100-SXM4-40GB MIG 4g.20gb (0),1,,13,[CUDA memset]
1664412091,15135,24338,,,,,,,,,,0.000,5.286,Pinned,Device,NVIDIA A100-SXM4-40GB MIG 4g.20gb (0),1,,13,[CUDA memcpy Host-to-Device]
1664441050,27584,24339,,,,,,,,,,0.197,7127.433,Pinned,Device,NVIDIA A100-SXM4-40GB MIG 4g.20gb (0),1,,13,[CUDA memcpy Host-to-Device]
1664487610,9760,24340,273,1,1,48,1,1,40,0.000,0.001,,,,,NVIDIA A100-SXM4-40GB MIG 4g.20gb (0),1,,13,"void pusch_noise_intf_est::noiseIntfEstNoDftSOfdmKernel<float, __half, float, float, (unsigned int)2, (unsigned int)1, (unsigned char)4, (unsigned char)4>(pusch_noise_intf_est::puschRxNoiseIntfEstDynDescr)"
1664504537,2752,24351,35,1,1,128,1,1,16,0.000,0.000,,,,,NVIDIA A100-SXM4-40GB MIG 4g.20gb (0),1,,13,cupy_copy__complex64_complex64
1664520889,1760,24360,1,1,1,1,1,1,18,0.000,0.000,,,,,NVIDIA A100-SXM4-40GB MIG 4g.20gb (0),1,,13,cupy_copy__float32_float32
1664528249,6720,24366,,,,,,,,,,0.000,0.595,Device,Pageable,NVIDIA A100-SXM4-40GB MIG 4g.20gb (0),1,,7,[CUDA memcpy Device-to-Host]
1664627960,12896,24377,1434,1,1,128,1,1,16,0.000,0.000,,,,,NVIDIA A100-SXM4-40GB MIG 4g.20gb (0),1,,13,cupy_copy__complex64_complex64
1664647384,3456,24384,103,1,1,128,1,1,16,0.000,0.000,,,,,NVIDIA A100-SXM4-40GB MIG 4g.20gb (0),1,,13,cupy_copy__complex64_complex64
1664663608,2367,24391,35,1,1,128,1,1,16,0.000,0.000,,,,,NVIDIA A100-SXM4-40GB MIG 4g.20gb (0),1,,13,cupy_copy__complex64_complex64
1664684311,1792,24398,1,1,1,1,1,1,18,0.000,0.000,,,,,NVIDIA A100-SXM4-40GB MIG 4g.20gb (0),1,,13,cupy_copy__float32_float32
1664809590,91007,24409,1,1,1,32,32,1,30,0.000,0.000,,,,,NVIDIA A100-SXM4-40GB MIG 4g.20gb (0),1,,13,"void convert_kernel<__half2, float2>(tensor_layout_any, T1 *, tensor_layout_any, const T2 *)"
1664928020,14464,24412,,,,,,,,,,0.094,6477.860,Pinned,Device,NVIDIA A100-SXM4-40GB MIG 4g.20gb (0),1,,13,[CUDA memcpy Host-to-Device]
1664953012,3648,24413,,,,,,,,,,1.547,423963.664,Device,,NVIDIA A100-SXM4-40GB MIG 4g.20gb (0),1,,13,[CUDA memset]
1664958324,3584,24418,,,,,,,,,,0.031,8732.116,Pinned,Device,NVIDIA A100-SXM4-40GB MIG 4g.20gb (0),1,,13,[CUDA memcpy Host-to-Device]
1664967860,17024,24419,,,,,,,,,,0.197,11548.754,Pinned,Device,NVIDIA A100-SXM4-40GB MIG 4g.20gb (0),1,,13,[CUDA memcpy Host-to-Device]
1664998451,8512,24420,273,1,1,8,4,1,39,0.002,0.000,,,,,NVIDIA A100-SXM4-40GB MIG 4g.20gb (0),1,,13,"void channel_eq::eqMmseCoefCompLowMimoKernel<float, float, float, (unsigned int)4, (unsigned int)1, (unsigned int)4>(const channel_eq::_puschRxChEqStatDescr *, channel_eq::_puschRxChEqCoefCompDynDescr)"
1665014995,6112,24421,273,1,1,12,11,1,51,0.002,0.000,,,,,NVIDIA A100-SXM4-40GB MIG 4g.20gb (0),1,,13,"void channel_eq::eqMmseSoftDemapKernel<float, __half, __half, float, (unsigned int)4, (unsigned short)16383>(channel_eq::_puschRxChEqStatDescr *, channel_eq::_puschRxChEqSoftDemapDynDescr)"
1665023635,282717,24422,1,1,1,32,32,1,30,0.000,0.000,,,,,NVIDIA A100-SXM4-40GB MIG 4g.20gb (0),1,,13,"void convert_kernel<float2, __half2>(tensor_layout_any, T1 *, tensor_layout_any, const T2 *)"
1665307408,11071,24434,2253,1,1,128,1,1,16,0.000,0.000,,,,,NVIDIA A100-SXM4-40GB MIG 4g.20gb (0),1,,13,cupy_copy__float16_float16
1665321935,3104,24443,282,1,1,128,1,1,16,0.000,0.000,,,,,NVIDIA A100-SXM4-40GB MIG 4g.20gb (0),1,,13,cupy_copy__complex64_complex64
1665328175,2304,24452,26,1,1,128,1,1,16,0.000,0.000,,,,,NVIDIA A100-SXM4-40GB MIG 4g.20gb (0),1,,13,cupy_copy__float32_float32
1665331759,4096,24461,103,1,1,128,1,1,16,0.000,0.000,,,,,NVIDIA A100-SXM4-40GB MIG 4g.20gb (0),1,,13,cupy_copy__complex64_complex64
1665336943,12256,24471,1434,1,1,128,1,1,16,0.000,0.000,,,,,NVIDIA A100-SXM4-40GB MIG 4g.20gb (0),1,,13,cupy_copy__complex64_complex64
1665352335,86975,24476,1,1,1,32,32,1,30,0.000,0.000,,,,,NVIDIA A100-SXM4-40GB MIG 4g.20gb (0),1,,13,"void convert_kernel<__half2, float2>(tensor_layout_any, T1 *, tensor_layout_any, const T2 *)"
1665466830,5631,24479,,,,,,,,,,0.094,16639.285,Pinned,Device,NVIDIA A100-SXM4-40GB MIG 4g.20gb (0),1,,13,[CUDA memcpy Host-to-Device]
1665477901,601017,24480,,,,,,,,,,456.561,759261.675,Device,,NVIDIA A100-SXM4-40GB MIG 4g.20gb (0),1,,13,[CUDA memset]
1666085766,76991,24485,,,,,,,,,,1.235,16039.453,Pinned,Device,NVIDIA A100-SXM4-40GB MIG 4g.20gb (0),1,,13,[CUDA memcpy Host-to-Device]
1666169541,17376,24486,,,,,,,,,,0.197,11314.790,Pinned,Device,NVIDIA A100-SXM4-40GB MIG 4g.20gb (0),1,,13,[CUDA memcpy Host-to-Device]
1666202756,8224,24487,69,4,1,48,1,1,76,0.002,0.000,,,,,NVIDIA A100-SXM4-40GB MIG 4g.20gb (0),1,,13,"void ch_est::windowedChEstPreNoDftSOfdmKernel<float, __half, float, (unsigned int)2, (unsigned int)1, (unsigned short)4>(ch_est::puschRxChEstStatDescr_t *, ch_est::puschRxChEstDynDescr_t *)"
1666219396,7904,24488,137,2,1,24,2,1,44,0.001,0.001,,,,,NVIDIA A100-SXM4-40GB MIG 4g.20gb (0),1,,13,"void ch_est::chEstFilterNoDftSOfdmDispatchKernel<float, __half, float, (unsigned int)2>(ch_est::puschRxChEstStatDescr_t *, ch_est::puschRxChEstDynDescr_t *)"
1666234020,6432,24489,137,2,1,24,2,1,44,0.001,0.001,,,,,NVIDIA A100-SXM4-40GB MIG 4g.20gb (0),1,,13,"void ch_est::chEstFilterNoDftSOfdmDispatchKernel<float, __half, float, (unsigned int)2>(ch_est::puschRxChEstStatDescr_t *, ch_est::puschRxChEstDynDescr_t *)"
1666243748,2432,24500,103,1,1,128,1,1,16,0.000,0.000,,,,,NVIDIA A100-SXM4-40GB MIG 4g.20gb (0),1,,13,cupy_copy__complex64_complex64
1666252580,12960,24510,1434,1,1,128,1,1,16,0.000,0.000,,,,,NVIDIA A100-SXM4-40GB MIG 4g.20gb (0),1,,13,cupy_copy__complex64_complex64
1666267716,2784,24517,103,1,1,128,1,1,16,0.000,0.000,,,,,NVIDIA A100-SXM4-40GB MIG 4g.20gb (0),1,,13,cupy_copy__complex64_complex64
1666275396,91422,24524,1,1,1,32,32,1,30,0.000,0.000,,,,,NVIDIA A100-SXM4-40GB MIG 4g.20gb (0),1,,13,"void convert_kernel<__half2, float2>(tensor_layout_any, T1 *, tensor_layout_any, const T2 *)"
1666395362,8736,24527,,,,,,,,,,0.094,10725.194,Pinned,Device,NVIDIA A100-SXM4-40GB MIG 4g.20gb (0),1,,13,[CUDA memcpy Host-to-Device]
1666414242,47615,24528,,,,,,,,,,35.810,752044.130,Device,,NVIDIA A100-SXM4-40GB MIG 4g.20gb (0),1,,13,[CUDA memset]
1666468385,2816,24530,,,,,,,,,,0.000,28.409,Pinned,Device,NVIDIA A100-SXM4-40GB MIG 4g.20gb (0),1,,13,[CUDA memcpy Host-to-Device]
1666475937,10912,24531,,,,,,,,,,0.197,18017.550,Pinned,Device,NVIDIA A100-SXM4-40GB MIG 4g.20gb (0),1,,13,[CUDA memcpy Host-to-Device]
1666492161,12608,24532,273,1,1,48,1,1,40,0.000,0.001,,,,,NVIDIA A100-SXM4-40GB MIG 4g.20gb (0),1,,13,"void pusch_noise_intf_est::noiseIntfEstNoDftSOfdmKernel<float, __half, float, float, (unsigned int)2, (unsigned int)1, (unsigned char)4, (unsigned char)4>(pusch_noise_intf_est::puschRxNoiseIntfEstDynDescr)"
1666507553,3008,24543,35,1,1,128,1,1,16,0.000,0.000,,,,,NVIDIA A100-SXM4-40GB MIG 4g.20gb (0),1,,13,cupy_copy__complex64_complex64
1666513761,1792,24552,1,1,1,1,1,1,18,0.000,0.000,,,,,NVIDIA A100-SXM4-40GB MIG 4g.20gb (0),1,,13,cupy_copy__float32_float32
1666546784,1600,24558,,,,,,,,,,0.000,2.500,Device,Pageable,NVIDIA A100-SXM4-40GB MIG 4g.20gb (0),1,,7,[CUDA memcpy Device-to-Host]
1666606911,13184,24569,1434,1,1,128,1,1,16,0.000,0.000,,,,,NVIDIA A100-SXM4-40GB MIG 4g.20gb (0),1,,13,cupy_copy__complex64_complex64
1666633855,2752,24576,103,1,1,128,1,1,16,0.000,0.000,,,,,NVIDIA A100-SXM4-40GB MIG 4g.20gb (0),1,,13,cupy_copy__complex64_complex64
1666654431,2816,24583,35,1,1,128,1,1,16,0.000,0.000,,,,,NVIDIA A100-SXM4-40GB MIG 4g.20gb (0),1,,13,cupy_copy__complex64_complex64
1666672607,1888,24590,1,1,1,1,1,1,18,0.000,0.000,,,,,NVIDIA A100-SXM4-40GB MIG 4g.20gb (0),1,,13,cupy_copy__float32_float32
1666803773,85183,24601,1,1,1,32,32,1,30,0.000,0.000,,,,,NVIDIA A100-SXM4-40GB MIG 4g.20gb (0),1,,13,"void convert_kernel<__half2, float2>(tensor_layout_any, T1 *, tensor_layout_any, const T2 *)"
1666917852,5664,24604,,,,,,,,,,0.094,16542.310,Pinned,Device,NVIDIA A100-SXM4-40GB MIG 4g.20gb (0),1,,13,[CUDA memcpy Host-to-Device]
1666932539,3136,24605,,,,,,,,,,1.547,493182.821,Device,,NVIDIA A100-SXM4-40GB MIG 4g.20gb (0),1,,13,[CUDA memset]
1666939259,3072,24610,,,,,,,,,,0.031,10187.474,Pinned,Device,NVIDIA A100-SXM4-40GB MIG 4g.20gb (0),1,,13,[CUDA memcpy Host-to-Device]
1666945115,9888,24611,,,,,,,,,,0.197,19883.360,Pinned,Device,NVIDIA A100-SXM4-40GB MIG 4g.20gb (0),1,,13,[CUDA memcpy Host-to-Device]
1666959323,8288,24612,273,1,1,8,4,1,39,0.002,0.000,,,,,NVIDIA A100-SXM4-40GB MIG 4g.20gb (0),1,,13,"void channel_eq::eqMmseCoefCompLowMimoKernel<float, float, float, (unsigned int)4, (unsigned int)1, (unsigned int)4>(const channel_eq::_puschRxChEqStatDescr *, channel_eq::_puschRxChEqCoefCompDynDescr)"
1666970203,5728,24613,273,1,1,12,11,1,51,0.002,0.000,,,,,NVIDIA A100-SXM4-40GB MIG 4g.20gb (0),1,,13,"void channel_eq::eqMmseSoftDemapKernel<float, __half, __half, float, (unsigned int)4, (unsigned short)16383>(channel_eq::_puschRxChEqStatDescr *, channel_eq::_puschRxChEqSoftDemapDynDescr)"
1666978267,282012,24614,1,1,1,32,32,1,30,0.000,0.000,,,,,NVIDIA A100-SXM4-40GB MIG 4g.20gb (0),1,,13,"void convert_kernel<float2, __half2>(tensor_layout_any, T1 *, tensor_layout_any, const T2 *)"
1667261687,11232,24626,2253,1,1,128,1,1,16,0.000,0.000,,,,,NVIDIA A100-SXM4-40GB MIG 4g.20gb (0),1,,13,cupy_copy__float16_float16
1667275063,2656,24635,282,1,1,128,1,1,16,0.000,0.000,,,,,NVIDIA A100-SXM4-40GB MIG 4g.20gb (0),1,,13,cupy_copy__complex64_complex64
1667279927,2464,24644,26,1,1,128,1,1,16,0.000,0.000,,,,,NVIDIA A100-SXM4-40GB MIG 4g.20gb (0),1,,13,cupy_copy__float32_float32
1667283319,2976,24653,103,1,1,128,1,1,16,0.000,0.000,,,,,NVIDIA A100-SXM4-40GB MIG 4g.20gb (0),1,,13,cupy_copy__complex64_complex64
1667288567,12032,24663,1434,1,1,128,1,1,16,0.000,0.000,,,,,NVIDIA A100-SXM4-40GB MIG 4g.20gb (0),1,,13,cupy_copy__complex64_complex64
1667307639,87199,24668,1,1,1,32,32,1,30,0.000,0.000,,,,,NVIDIA A100-SXM4-40GB MIG 4g.20gb (0),1,,13,"void convert_kernel<__half2, float2>(tensor_layout_any, T1 *, tensor_layout_any, const T2 *)"
1667421621,5952,24671,,,,,,,,,,0.094,15741.865,Pinned,Device,NVIDIA A100-SXM4-40GB MIG 4g.20gb (0),1,,13,[CUDA memcpy Host-to-Device]
1667433493,597305,24672,,,,,,,,,,456.561,764283.851,Device,,NVIDIA A100-SXM4-40GB MIG 4g.20gb (0),1,,13,[CUDA memset]
1668031790,145246,24677,,,,,,,,,,1.235,8501.354,Pinned,Device,NVIDIA A100-SXM4-40GB MIG 4g.20gb (0),1,,13,[CUDA memcpy Host-to-Device]
1668193676,33695,24678,,,,,,,,,,0.197,5834.736,Pinned,Device,NVIDIA A100-SXM4-40GB MIG 4g.20gb (0),1,,13,[CUDA memcpy Host-to-Device]
1668244907,8160,24679,69,4,1,48,1,1,76,0.002,0.000,,,,,NVIDIA A100-SXM4-40GB MIG 4g.20gb (0),1,,13,"void ch_est::windowedChEstPreNoDftSOfdmKernel<float, __half, float, (unsigned int)2, (unsigned int)1, (unsigned short)4>(ch_est::puschRxChEstStatDescr_t *, ch_est::puschRxChEstDynDescr_t *)"
1668256715,6912,24680,137,2,1,24,2,1,44,0.001,0.001,,,,,NVIDIA A100-SXM4-40GB MIG 4g.20gb (0),1,,13,"void ch_est::chEstFilterNoDftSOfdmDispatchKernel<float, __half, float, (unsigned int)2>(ch_est::puschRxChEstStatDescr_t *, ch_est::puschRxChEstDynDescr_t *)"
1668266795,5344,24681,137,2,1,24,2,1,44,0.001,0.001,,,,,NVIDIA A100-SXM4-40GB MIG 4g.20gb (0),1,,13,"void ch_est::chEstFilterNoDftSOfdmDispatchKernel<float, __half, float, (unsigned int)2>(ch_est::puschRxChEstStatDescr_t *, ch_est::puschRxChEstDynDescr_t *)"
1668276939,2560,24692,103,1,1,128,1,1,16,0.000,0.000,,,,,NVIDIA A100-SXM4-40GB MIG 4g.20gb (0),1,,13,cupy_copy__complex64_complex64
1668287371,12639,24702,1434,1,1,128,1,1,16,0.000,0.000,,,,,NVIDIA A100-SXM4-40GB MIG 4g.20gb (0),1,,13,cupy_copy__complex64_complex64
1668303210,2816,24709,103,1,1,128,1,1,16,0.000,0.000,,,,,NVIDIA A100-SXM4-40GB MIG 4g.20gb (0),1,,13,cupy_copy__complex64_complex64
1668311594,91455,24716,1,1,1,32,32,1,30,0.000,0.000,,,,,NVIDIA A100-SXM4-40GB MIG 4g.20gb (0),1,,13,"void convert_kernel<__half2, float2>(tensor_layout_any, T1 *, tensor_layout_any, const T2 *)"
1668434121,13568,24719,,,,,,,,,,0.094,6905.583,Pinned,Device,NVIDIA A100-SXM4-40GB MIG 4g.20gb (0),1,,13,[CUDA memcpy Host-to-Device]
1668459720,46752,24720,,,,,,,,,,35.810,765938.379,Device,,NVIDIA A100-SXM4-40GB MIG 4g.20gb (0),1,,13,[CUDA memset]
1668514632,4704,24722,,,,,,,,,,0.000,17.007,Pinned,Device,NVIDIA A100-SXM4-40GB MIG 4g.20gb (0),1,,13,[CUDA memcpy Host-to-Device]
1668528072,25215,24723,,,,,,,,,,0.197,7797.080,Pinned,Device,NVIDIA A100-SXM4-40GB MIG 4g.20gb (0),1,,13,[CUDA memcpy Host-to-Device]
1668574535,9824,24724,273,1,1,48,1,1,40,0.000,0.001,,,,,NVIDIA A100-SXM4-40GB MIG 4g.20gb (0),1,,13,"void pusch_noise_intf_est::noiseIntfEstNoDftSOfdmKernel<float, __half, float, float, (unsigned int)2, (unsigned int)1, (unsigned char)4, (unsigned char)4>(pusch_noise_intf_est::puschRxNoiseIntfEstDynDescr)"
1668593927,2624,24735,35,1,1,128,1,1,16,0.000,0.000,,,,,NVIDIA A100-SXM4-40GB MIG 4g.20gb (0),1,,13,cupy_copy__complex64_complex64
1668605575,1728,24744,1,1,1,1,1,1,18,0.000,0.000,,,,,NVIDIA A100-SXM4-40GB MIG 4g.20gb (0),1,,13,cupy_copy__float32_float32
1668609543,4480,24750,,,,,,,,,,0.000,0.893,Device,Pageable,NVIDIA A100-SXM4-40GB MIG 4g.20gb (0),1,,7,[CUDA memcpy Device-to-Host]
1668686246,12672,24761,1434,1,1,128,1,1,16,0.000,0.000,,,,,NVIDIA A100-SXM4-40GB MIG 4g.20gb (0),1,,13,cupy_copy__complex64_complex64
1668726629,3328,24768,103,1,1,128,1,1,16,0.000,0.000,,,,,NVIDIA A100-SXM4-40GB MIG 4g.20gb (0),1,,13,cupy_copy__complex64_complex64
1668742309,2432,24775,35,1,1,128,1,1,16,0.000,0.000,,,,,NVIDIA A100-SXM4-40GB MIG 4g.20gb (0),1,,13,cupy_copy__complex64_complex64
1668761349,1792,24782,1,1,1,1,1,1,18,0.000,0.000,,,,,NVIDIA A100-SXM4-40GB MIG 4g.20gb (0),1,,13,cupy_copy__float32_float32
1668880163,86815,24793,1,1,1,32,32,1,30,0.000,0.000,,,,,NVIDIA A100-SXM4-40GB MIG 4g.20gb (0),1,,13,"void convert_kernel<__half2, float2>(tensor_layout_any, T1 *, tensor_layout_any, const T2 *)"
1668994306,5632,24796,,,,,,,,,,0.094,16636.287,Pinned,Device,NVIDIA A100-SXM4-40GB MIG 4g.20gb (0),1,,13,[CUDA memcpy Host-to-Device]
1669008386,3296,24797,,,,,,,,,,1.547,469242.628,Device,,NVIDIA A100-SXM4-40GB MIG 4g.20gb (0),1,,13,[CUDA memset]
1669015170,3328,24802,,,,,,,,,,0.031,9403.822,Pinned,Device,NVIDIA A100-SXM4-40GB MIG 4g.20gb (0),1,,13,[CUDA memcpy Host-to-Device]
1669021026,9631,24803,,,,,,,,,,0.197,20414.005,Pinned,Device,NVIDIA A100-SXM4-40GB MIG 4g.20gb (0),1,,13,[CUDA memcpy Host-to-Device]
1669036257,6240,24804,273,1,1,8,4,1,39,0.002,0.000,,,,,NVIDIA A100-SXM4-40GB MIG 4g.20gb (0),1,,13,"void channel_eq::eqMmseCoefCompLowMimoKernel<float, float, float, (unsigned int)4, (unsigned int)1, (unsigned int)4>(const channel_eq::_puschRxChEqStatDescr *, channel_eq::_puschRxChEqCoefCompDynDescr)"
1669045217,7840,24805,273,1,1,12,11,1,51,0.002,0.000,,,,,NVIDIA A100-SXM4-40GB MIG 4g.20gb (0),1,,13,"void channel_eq::eqMmseSoftDemapKernel<float, __half, __half, float, (unsigned int)4, (unsigned short)16383>(channel_eq::_puschRxChEqStatDescr *, channel_eq::_puschRxChEqSoftDemapDynDescr)"
1669054209,282109,24806,1,1,1,32,32,1,30,0.000,0.000,,,,,NVIDIA A100-SXM4-40GB MIG 4g.20gb (0),1,,13,"void convert_kernel<float2, __half2>(tensor_layout_any, T1 *, tensor_layout_any, const T2 *)"
1669337374,10687,24818,2253,1,1,128,1,1,16,0.000,0.000,,,,,NVIDIA A100-SXM4-40GB MIG 4g.20gb (0),1,,13,cupy_copy__float16_float16
1669350749,3264,24827,282,1,1,128,1,1,16,0.000,0.000,,,,,NVIDIA A100-SXM4-40GB MIG 4g.20gb (0),1,,13,cupy_copy__complex64_complex64
1669355709,2400,24836,26,1,1,128,1,1,16,0.000,0.000,,,,,NVIDIA A100-SXM4-40GB MIG 4g.20gb (0),1,,13,cupy_copy__float32_float32
1669360605,2880,24845,103,1,1,128,1,1,16,0.000,0.000,,,,,NVIDIA A100-SXM4-40GB MIG 4g.20gb (0),1,,13,cupy_copy__complex64_complex64
1669364477,12224,24855,1434,1,1,128,1,1,16,0.000,0.000,,,,,NVIDIA A100-SXM4-40GB MIG 4g.20gb (0),1,,13,cupy_copy__complex64_complex64
1669384957,82239,24860,1,1,1,32,32,1,30,0.000,0.000,,,,,NVIDIA A100-SXM4-40GB MIG 4g.20gb (0),1,,13,"void convert_kernel<__half2, float2>(tensor_layout_any, T1 *, tensor_layout_any, const T2 *)"
1669493852,5504,24863,,,,,,,,,,0.094,17023.251,Pinned,Device,NVIDIA A100-SXM4-40GB MIG 4g.20gb (0),1,,13,[CUDA memcpy Host-to-Device]
1669503580,599704,24864,,,,,,,,,,456.561,761087.920,Device,,NVIDIA A100-SXM4-40GB MIG 4g.20gb (0),1,,13,[CUDA memset]
1670106612,153854,24869,,,,,,,,,,1.235,8025.901,Pinned,Device,NVIDIA A100-SXM4-40GB MIG 4g.20gb (0),1,,13,[CUDA memcpy Host-to-Device]
1670270002,34208,24870,,,,,,,,,,0.197,5747.245,Pinned,Device,NVIDIA A100-SXM4-40GB MIG 4g.20gb (0),1,,13,[CUDA memcpy Host-to-Device]
1670318097,8192,24871,69,4,1,48,1,1,76,0.002,0.000,,,,,NVIDIA A100-SXM4-40GB MIG 4g.20gb (0),1,,13,"void ch_est::windowedChEstPreNoDftSOfdmKernel<float, __half, float, (unsigned int)2, (unsigned int)1, (unsigned short)4>(ch_est::puschRxChEstStatDescr_t *, ch_est::puschRxChEstDynDescr_t *)"
1670334289,6752,24872,137,2,1,24,2,1,44,0.001,0.001,,,,,NVIDIA A100-SXM4-40GB MIG 4g.20gb (0),1,,13,"void ch_est::chEstFilterNoDftSOfdmDispatchKernel<float, __half, float, (unsigned int)2>(ch_est::puschRxChEstStatDescr_t *, ch_est::puschRxChEstDynDescr_t *)"
1670346833,4704,24873,137,2,1,24,2,1,44,0.001,0.001,,,,,NVIDIA A100-SXM4-40GB MIG 4g.20gb (0),1,,13,"void ch_est::chEstFilterNoDftSOfdmDispatchKernel<float, __half, float, (unsigned int)2>(ch_est::puschRxChEstStatDescr_t *, ch_est::puschRxChEstDynDescr_t *)"
1670362289,2560,24884,103,1,1,128,1,1,16,0.000,0.000,,,,,NVIDIA A100-SXM4-40GB MIG 4g.20gb (0),1,,13,cupy_copy__complex64_complex64
1670381617,12831,24894,1434,1,1,128,1,1,16,0.000,0.000,,,,,NVIDIA A100-SXM4-40GB MIG 4g.20gb (0),1,,13,cupy_copy__complex64_complex64
1670417520,2720,24901,103,1,1,128,1,1,16,0.000,0.000,,,,,NVIDIA A100-SXM4-40GB MIG 4g.20gb (0),1,,13,cupy_copy__complex64_complex64
1670432944,83167,24908,1,1,1,32,32,1,30,0.000,0.000,,,,,NVIDIA A100-SXM4-40GB MIG 4g.20gb (0),1,,13,"void convert_kernel<__half2, float2>(tensor_layout_any, T1 *, tensor_layout_any, const T2 *)"
1670543599,6400,24911,,,,,,,,,,0.094,14640.000,Pinned,Device,NVIDIA A100-SXM4-40GB MIG 4g.20gb (0),1,,13,[CUDA memcpy Host-to-Device]
1670556430,48448,24912,,,,,,,,,,35.810,739116.749,Device,,NVIDIA A100-SXM4-40GB MIG 4g.20gb (0),1,,13,[CUDA memset]
1670609390,2432,24914,,,,,,,,,,0.000,32.895,Pinned,Device,NVIDIA A100-SXM4-40GB MIG 4g.20gb (0),1,,13,[CUDA memcpy Host-to-Device]
1670616302,12224,24915,,,,,,,,,,0.197,16083.714,Pinned,Device,NVIDIA A100-SXM4-40GB MIG 4g.20gb (0),1,,13,[CUDA memcpy Host-to-Device]
1670635918,11231,24916,273,1,1,48,1,1,40,0.000,0.001,,,,,NVIDIA A100-SXM4-40GB MIG 4g.20gb (0),1,,13,"void pusch_noise_intf_est::noiseIntfEstNoDftSOfdmKernel<float, __half, float, float, (unsigned int)2, (unsigned int)1, (unsigned char)4, (unsigned char)4>(pusch_noise_intf_est::puschRxNoiseIntfEstDynDescr)"
1670649997,3008,24927,35,1,1,128,1,1,16,0.000,0.000,,,,,NVIDIA A100-SXM4-40GB MIG 4g.20gb (0),1,,13,cupy_copy__complex64_complex64
1670664621,2048,24936,1,1,1,1,1,1,18,0.000,0.000,,,,,NVIDIA A100-SXM4-40GB MIG 4g.20gb (0),1,,13,cupy_copy__float32_float32
1670694477,1920,24942,,,,,,,,,,0.000,2.083,Device,Pageable,NVIDIA A100-SXM4-40GB MIG 4g.20gb (0),1,,7,[CUDA memcpy Device-to-Host]
1670754764,12800,24953,1434,1,1,128,1,1,16,0.000,0.000,,,,,NVIDIA A100-SXM4-40GB MIG 4g.20gb (0),1,,13,cupy_copy__complex64_complex64
1670785164,2944,24960,103,1,1,128,1,1,16,0.000,0.000,,,,,NVIDIA A100-SXM4-40GB MIG 4g.20gb (0),1,,13,cupy_copy__complex64_complex64
1670803243,2720,24967,35,1,1,128,1,1,16,0.000,0.000,,,,,NVIDIA A100-SXM4-40GB MIG 4g.20gb (0),1,,13,cupy_copy__complex64_complex64
1670821579,1792,24974,1,1,1,1,1,1,18,0.000,0.000,,,,,NVIDIA A100-SXM4-40GB MIG 4g.20gb (0),1,,13,cupy_copy__float32_float32
1670960649,87327,24985,1,1,1,32,32,1,30,0.000,0.000,,,,,NVIDIA A100-SXM4-40GB MIG 4g.20gb (0),1,,13,"void convert_kernel<__half2, float2>(tensor_layout_any, T1 *, tensor_layout_any, const T2 *)"
1671075400,5888,24988,,,,,,,,,,0.094,15912.954,Pinned,Device,NVIDIA A100-SXM4-40GB MIG 4g.20gb (0),1,,13,[CUDA memcpy Host-to-Device]
1671090376,3488,24989,,,,,,,,,,1.547,443412.461,Device,,NVIDIA A100-SXM4-40GB MIG 4g.20gb (0),1,,13,[CUDA memset]
1671096520,3744,24994,,,,,,,,,,0.031,8358.974,Pinned,Device,NVIDIA A100-SXM4-40GB MIG 4g.20gb (0),1,,13,[CUDA memcpy Host-to-Device]
1671102760,9632,24995,,,,,,,,,,0.197,20411.843,Pinned,Device,NVIDIA A100-SXM4-40GB MIG 4g.20gb (0),1,,13,[CUDA memcpy Host-to-Device]
1671116232,5855,24996,273,1,1,8,4,1,39,0.002,0.000,,,,,NVIDIA A100-SXM4-40GB MIG 4g.20gb (0),1,,13,"void channel_eq::eqMmseCoefCompLowMimoKernel<float, float, float, (unsigned int)4, (unsigned int)1, (unsigned int)4>(const channel_eq::_puschRxChEqStatDescr *, channel_eq::_puschRxChEqCoefCompDynDescr)"
1671125575,5952,24997,273,1,1,12,11,1,51,0.002,0.000,,,,,NVIDIA A100-SXM4-40GB MIG 4g.20gb (0),1,,13,"void channel_eq::eqMmseSoftDemapKernel<float, __half, __half, float, (unsigned int)4, (unsigned short)16383>(channel_eq::_puschRxChEqStatDescr *, channel_eq::_puschRxChEqSoftDemapDynDescr)"
1671132647,282717,24998,1,1,1,32,32,1,30,0.000,0.000,,,,,NVIDIA A100-SXM4-40GB MIG 4g.20gb (0),1,,13,"void convert_kernel<float2, __half2>(tensor_layout_any, T1 *, tensor_layout_any, const T2 *)"
1671416516,10880,25010,2253,1,1,128,1,1,16,0.000,0.000,,,,,NVIDIA A100-SXM4-40GB MIG 4g.20gb (0),1,,13,cupy_copy__float16_float16
1671430852,3520,25019,282,1,1,128,1,1,16,0.000,0.000,,,,,NVIDIA A100-SXM4-40GB MIG 4g.20gb (0),1,,13,cupy_copy__complex64_complex64
1671436900,2272,25028,26,1,1,128,1,1,16,0.000,0.000,,,,,NVIDIA A100-SXM4-40GB MIG 4g.20gb (0),1,,13,cupy_copy__float32_float32
1671442468,3103,25037,103,1,1,128,1,1,16,0.000,0.000,,,,,NVIDIA A100-SXM4-40GB MIG 4g.20gb (0),1,,13,cupy_copy__complex64_complex64
1671447331,11968,25047,1434,1,1,128,1,1,16,0.000,0.000,,,,,NVIDIA A100-SXM4-40GB MIG 4g.20gb (0),1,,13,cupy_copy__complex64_complex64
1671466467,85951,25052,1,1,1,32,32,1,30,0.000,0.000,,,,,NVIDIA A100-SXM4-40GB MIG 4g.20gb (0),1,,13,"void convert_kernel<__half2, float2>(tensor_layout_any, T1 *, tensor_layout_any, const T2 *)"
1671579554,5888,25055,,,,,,,,,,0.094,15912.954,Pinned,Device,NVIDIA A100-SXM4-40GB MIG 4g.20gb (0),1,,13,[CUDA memcpy Host-to-Device]
1671589314,599544,25056,,,,,,,,,,456.561,761087.920,Device,,NVIDIA A100-SXM4-40GB MIG 4g.20gb (0),1,,13,[CUDA memset]
1672199962,166974,25061,,,,,,,,,,1.235,7394.845,Pinned,Device,NVIDIA A100-SXM4-40GB MIG 4g.20gb (0),1,,13,[CUDA memcpy Host-to-Device]
1672380440,41503,25062,,,,,,,,,,0.197,4737.073,Pinned,Device,NVIDIA A100-SXM4-40GB MIG 4g.20gb (0),1,,13,[CUDA memcpy Host-to-Device]
1672444151,8224,25063,69,4,1,48,1,1,76,0.002,0.000,,,,,NVIDIA A100-SXM4-40GB MIG 4g.20gb (0),1,,13,"void ch_est::windowedChEstPreNoDftSOfdmKernel<float, __half, float, (unsigned int)2, (unsigned int)1, (unsigned short)4>(ch_est::puschRxChEstStatDescr_t *, ch_est::puschRxChEstDynDescr_t *)"
1672463415,7008,25064,137,2,1,24,2,1,44,0.001,0.001,,,,,NVIDIA A100-SXM4-40GB MIG 4g.20gb (0),1,,13,"void ch_est::chEstFilterNoDftSOfdmDispatchKernel<float, __half, float, (unsigned int)2>(ch_est::puschRxChEstStatDescr_t *, ch_est::puschRxChEstDynDescr_t *)"
1672480855,4640,25065,137,2,1,24,2,1,44,0.001,0.001,,,,,NVIDIA A100-SXM4-40GB MIG 4g.20gb (0),1,,13,"void ch_est::chEstFilterNoDftSOfdmDispatchKernel<float, __half, float, (unsigned int)2>(ch_est::puschRxChEstStatDescr_t *, ch_est::puschRxChEstDynDescr_t *)"
1672497846,2560,25076,103,1,1,128,1,1,16,0.000,0.000,,,,,NVIDIA A100-SXM4-40GB MIG 4g.20gb (0),1,,13,cupy_copy__complex64_complex64
1672514326,12416,25086,1434,1,1,128,1,1,16,0.000,0.000,,,,,NVIDIA A100-SXM4-40GB MIG 4g.20gb (0),1,,13,cupy_copy__complex64_complex64
1672532886,2912,25093,103,1,1,128,1,1,16,0.000,0.000,,,,,NVIDIA A100-SXM4-40GB MIG 4g.20gb (0),1,,13,cupy_copy__complex64_complex64
1672555222,96287,25100,1,1,1,32,32,1,30,0.000,0.000,,,,,NVIDIA A100-SXM4-40GB MIG 4g.20gb (0),1,,13,"void convert_kernel<__half2, float2>(tensor_layout_any, T1 *, tensor_layout_any, const T2 *)"
1672684948,16352,25103,,,,,,,,,,0.094,5729.885,Pinned,Device,NVIDIA A100-SXM4-40GB MIG 4g.20gb (0),1,,13,[CUDA memcpy Host-to-Device]
1672721748,47711,25104,,,,,,,,,,35.810,750540.113,Device,,NVIDIA A100-SXM4-40GB MIG 4g.20gb (0),1,,13,[CUDA memset]
1672774995,5440,25106,,,,,,,,,,0.000,14.706,Pinned,Device,NVIDIA A100-SXM4-40GB MIG 4g.20gb (0),1,,13,[CUDA memcpy Host-to-Device]
1672787667,18304,25107,,,,,,,,,,0.197,10741.088,Pinned,Device,NVIDIA A100-SXM4-40GB MIG 4g.20gb (0),1,,13,[CUDA memcpy Host-to-Device]
1672818226,9920,25108,273,1,1,48,1,1,40,0.000,0.001,,,,,NVIDIA A100-SXM4-40GB MIG 4g.20gb (0),1,,13,"void pusch_noise_intf_est::noiseIntfEstNoDftSOfdmKernel<float, __half, float, float, (unsigned int)2, (unsigned int)1, (unsigned char)4, (unsigned char)4>(pusch_noise_intf_est::puschRxNoiseIntfEstDynDescr)"
1672831090,3008,25119,35,1,1,128,1,1,16,0.000,0.000,,,,,NVIDIA A100-SXM4-40GB MIG 4g.20gb (0),1,,13,cupy_copy__complex64_complex64
1672840818,1696,25128,1,1,1,1,1,1,18,0.000,0.000,,,,,NVIDIA A100-SXM4-40GB MIG 4g.20gb (0),1,,13,cupy_copy__float32_float32
1672849874,4160,25134,,,,,,,,,,0.000,0.962,Device,Pageable,NVIDIA A100-SXM4-40GB MIG 4g.20gb (0),1,,7,[CUDA memcpy Device-to-Host]
1672915601,12608,25145,1434,1,1,128,1,1,16,0.000,0.000,,,,,NVIDIA A100-SXM4-40GB MIG 4g.20gb (0),1,,13,cupy_copy__complex64_complex64
1672941969,3424,25152,103,1,1,128,1,1,16,0.000,0.000,,,,,NVIDIA A100-SXM4-40GB MIG 4g.20gb (0),1,,13,cupy_copy__complex64_complex64
1672961585,2496,25159,35,1,1,128,1,1,16,0.000,0.000,,,,,NVIDIA A100-SXM4-40GB MIG 4g.20gb (0),1,,13,cupy_copy__complex64_complex64
1672979184,2048,25166,1,1,1,1,1,1,18,0.000,0.000,,,,,NVIDIA A100-SXM4-40GB MIG 4g.20gb (0),1,,13,cupy_copy__float32_float32
1673112783,87583,25177,1,1,1,32,32,1,30,0.000,0.000,,,,,NVIDIA A100-SXM4-40GB MIG 4g.20gb (0),1,,13,"void convert_kernel<__half2, float2>(tensor_layout_any, T1 *, tensor_layout_any, const T2 *)"
1673227341,6048,25180,,,,,,,,,,0.094,15491.978,Pinned,Device,NVIDIA A100-SXM4-40GB MIG 4g.20gb (0),1,,13,[CUDA memcpy Host-to-Device]
1673242093,3104,25181,,,,,,,,,,1.547,498266.574,Device,,NVIDIA A100-SXM4-40GB MIG 4g.20gb (0),1,,13,[CUDA memset]
1673248237,3008,25186,,,,,,,,,,0.031,10404.230,Pinned,Device,NVIDIA A100-SXM4-40GB MIG 4g.20gb (0),1,,13,[CUDA memcpy Host-to-Device]
1673253997,9696,25187,,,,,,,,,,0.197,20277.166,Pinned,Device,NVIDIA A100-SXM4-40GB MIG 4g.20gb (0),1,,13,[CUDA memcpy Host-to-Device]
1673270701,6496,25188,273,1,1,8,4,1,39,0.002,0.000,,,,,NVIDIA A100-SXM4-40GB MIG 4g.20gb (0),1,,13,"void channel_eq::eqMmseCoefCompLowMimoKernel<float, float, float, (unsigned int)4, (unsigned int)1, (unsigned int)4>(const channel_eq::_puschRxChEqStatDescr *, channel_eq::_puschRxChEqCoefCompDynDescr)"
1673278317,6048,25189,273,1,1,12,11,1,51,0.002,0.000,,,,,NVIDIA A100-SXM4-40GB MIG 4g.20gb (0),1,,13,"void channel_eq::eqMmseSoftDemapKernel<float, __half, __half, float, (unsigned int)4, (unsigned short)16383>(channel_eq::_puschRxChEqStatDescr *, channel_eq::_puschRxChEqSoftDemapDynDescr)"
1673285421,282300,25190,1,1,1,32,32,1,30,0.000,0.000,,,,,NVIDIA A100-SXM4-40GB MIG 4g.20gb (0),1,,13,"void convert_kernel<float2, __half2>(tensor_layout_any, T1 *, tensor_layout_any, const T2 *)"
1673568681,11104,25202,2253,1,1,128,1,1,16,0.000,0.000,,,,,NVIDIA A100-SXM4-40GB MIG 4g.20gb (0),1,,13,cupy_copy__float16_float16
1673581961,3648,25211,282,1,1,128,1,1,16,0.000,0.000,,,,,NVIDIA A100-SXM4-40GB MIG 4g.20gb (0),1,,13,cupy_copy__complex64_complex64
1673587401,2304,25220,26,1,1,128,1,1,16,0.000,0.000,,,,,NVIDIA A100-SXM4-40GB MIG 4g.20gb (0),1,,13,cupy_copy__float32_float32
1673591689,3040,25229,103,1,1,128,1,1,16,0.000,0.000,,,,,NVIDIA A100-SXM4-40GB MIG 4g.20gb (0),1,,13,cupy_copy__complex64_complex64
1673596265,12512,25239,1434,1,1,128,1,1,16,0.000,0.000,,,,,NVIDIA A100-SXM4-40GB MIG 4g.20gb (0),1,,13,cupy_copy__complex64_complex64
1673614729,83199,25244,1,1,1,32,32,1,30,0.000,0.000,,,,,NVIDIA A100-SXM4-40GB MIG 4g.20gb (0),1,,13,"void convert_kernel<__half2, float2>(tensor_layout_any, T1 *, tensor_layout_any, const T2 *)"
1673725415,6432,25247,,,,,,,,,,0.094,14567.105,Pinned,Device,NVIDIA A100-SXM4-40GB MIG 4g.20gb (0),1,,13,[CUDA memcpy Host-to-Device]
1673737895,596345,25248,,,,,,,,,,456.561,765196.973,Device,,NVIDIA A100-SXM4-40GB MIG 4g.20gb (0),1,,13,[CUDA memset]
1674338976,125982,25253,,,,,,,,,,1.235,9801.751,Pinned,Device,NVIDIA A100-SXM4-40GB MIG 4g.20gb (0),1,,13,[CUDA memcpy Host-to-Device]
1674480446,39231,25254,,,,,,,,,,0.197,5011.538,Pinned,Device,NVIDIA A100-SXM4-40GB MIG 4g.20gb (0),1,,13,[CUDA memcpy Host-to-Device]
1674549981,7968,25255,69,4,1,48,1,1,76,0.002,0.000,,,,,NVIDIA A100-SXM4-40GB MIG 4g.20gb (0),1,,13,"void ch_est::windowedChEstPreNoDftSOfdmKernel<float, __half, float, (unsigned int)2, (unsigned int)1, (unsigned short)4>(ch_est::puschRxChEstStatDescr_t *, ch_est::puschRxChEstDynDescr_t *)"
1674569437,6688,25256,137,2,1,24,2,1,44,0.001,0.001,,,,,NVIDIA A100-SXM4-40GB MIG 4g.20gb (0),1,,13,"void ch_est::chEstFilterNoDftSOfdmDispatchKernel<float, __half, float, (unsigned int)2>(ch_est::puschRxChEstStatDescr_t *, ch_est::puschRxChEstDynDescr_t *)"
1674586461,4703,25257,137,2,1,24,2,1,44,0.001,0.001,,,,,NVIDIA A100-SXM4-40GB MIG 4g.20gb (0),1,,13,"void ch_est::chEstFilterNoDftSOfdmDispatchKernel<float, __half, float, (unsigned int)2>(ch_est::puschRxChEstStatDescr_t *, ch_est::puschRxChEstDynDescr_t *)"
1674606108,2624,25268,103,1,1,128,1,1,16,0.000,0.000,,,,,NVIDIA A100-SXM4-40GB MIG 4g.20gb (0),1,,13,cupy_copy__complex64_complex64
1674622652,12352,25278,1434,1,1,128,1,1,16,0.000,0.000,,,,,NVIDIA A100-SXM4-40GB MIG 4g.20gb (0),1,,13,cupy_copy__complex64_complex64
1674642364,2912,25285,103,1,1,128,1,1,16,0.000,0.000,,,,,NVIDIA A100-SXM4-40GB MIG 4g.20gb (0),1,,13,cupy_copy__complex64_complex64
1674667548,83551,25292,1,1,1,32,32,1,30,0.000,0.000,,,,,NVIDIA A100-SXM4-40GB MIG 4g.20gb (0),1,,13,"void convert_kernel<__half2, float2>(tensor_layout_any, T1 *, tensor_layout_any, const T2 *)"
1674782842,25408,25295,,,,,,,,,,0.094,3687.593,Pinned,Device,NVIDIA A100-SXM4-40GB MIG 4g.20gb (0),1,,13,[CUDA memcpy Host-to-Device]
1674835353,47648,25296,,,,,,,,,,35.810,751542.791,Device,,NVIDIA A100-SXM4-40GB MIG 4g.20gb (0),1,,13,[CUDA memset]
1674891001,15552,25298,,,,,,,,,,0.000,5.144,Pinned,Device,NVIDIA A100-SXM4-40GB MIG 4g.20gb (0),1,,13,[CUDA memcpy Host-to-Device]
1674920280,23584,25299,,,,,,,,,,0.197,8336.376,Pinned,Device,NVIDIA A100-SXM4-40GB MIG 4g.20gb (0),1,,13,[CUDA memcpy Host-to-Device]
1674980824,9376,25300,273,1,1,48,1,1,40,0.000,0.001,,,,,NVIDIA A100-SXM4-40GB MIG 4g.20gb (0),1,,13,"void pusch_noise_intf_est::noiseIntfEstNoDftSOfdmKernel<float, __half, float, float, (unsigned int)2, (unsigned int)1, (unsigned char)4, (unsigned char)4>(pusch_noise_intf_est::puschRxNoiseIntfEstDynDescr)"
1674997431,2624,25311,35,1,1,128,1,1,16,0.000,0.000,,,,,NVIDIA A100-SXM4-40GB MIG 4g.20gb (0),1,,13,cupy_copy__complex64_complex64
1675014039,1696,25320,1,1,1,1,1,1,18,0.000,0.000,,,,,NVIDIA A100-SXM4-40GB MIG 4g.20gb (0),1,,13,cupy_copy__float32_float32
1675022071,8000,25326,,,,,,,,,,0.000,0.500,Device,Pageable,NVIDIA A100-SXM4-40GB MIG 4g.20gb (0),1,,7,[CUDA memcpy Device-to-Host]
1675117590,12928,25337,1434,1,1,128,1,1,16,0.000,0.000,,,,,NVIDIA A100-SXM4-40GB MIG 4g.20gb (0),1,,13,cupy_copy__complex64_complex64
1675140726,3392,25344,103,1,1,128,1,1,16,0.000,0.000,,,,,NVIDIA A100-SXM4-40GB MIG 4g.20gb (0),1,,13,cupy_copy__complex64_complex64
1675161685,2560,25351,35,1,1,128,1,1,16,0.000,0.000,,,,,NVIDIA A100-SXM4-40GB MIG 4g.20gb (0),1,,13,cupy_copy__complex64_complex64
1675178069,1760,25358,1,1,1,1,1,1,18,0.000,0.000,,,,,NVIDIA A100-SXM4-40GB MIG 4g.20gb (0),1,,13,cupy_copy__float32_float32
1675301396,87455,25369,1,1,1,32,32,1,30,0.000,0.000,,,,,NVIDIA A100-SXM4-40GB MIG 4g.20gb (0),1,,13,"void convert_kernel<__half2, float2>(tensor_layout_any, T1 *, tensor_layout_any, const T2 *)"
1675416242,6304,25372,,,,,,,,,,0.094,14862.903,Pinned,Device,NVIDIA A100-SXM4-40GB MIG 4g.20gb (0),1,,13,[CUDA memcpy Host-to-Device]
1675430066,3040,25373,,,,,,,,,,1.547,508757.325,Device,,NVIDIA A100-SXM4-40GB MIG 4g.20gb (0),1,,13,[CUDA memset]
1675437522,3136,25378,,,,,,,,,,0.031,9979.575,Pinned,Device,NVIDIA A100-SXM4-40GB MIG 4g.20gb (0),1,,13,[CUDA memcpy Host-to-Device]
1675443506,9440,25379,,,,,,,,,,0.197,20827.079,Pinned,Device,NVIDIA A100-SXM4-40GB MIG 4g.20gb (0),1,,13,[CUDA memcpy Host-to-Device]
1675458706,6080,25380,273,1,1,8,4,1,39,0.002,0.000,,,,,NVIDIA A100-SXM4-40GB MIG 4g.20gb (0),1,,13,"void channel_eq::eqMmseCoefCompLowMimoKernel<float, float, float, (unsigned int)4, (unsigned int)1, (unsigned int)4>(const channel_eq::_puschRxChEqStatDescr *, channel_eq::_puschRxChEqCoefCompDynDescr)"
1675465938,5504,25381,273,1,1,12,11,1,51,0.002,0.000,,,,,NVIDIA A100-SXM4-40GB MIG 4g.20gb (0),1,,13,"void channel_eq::eqMmseSoftDemapKernel<float, __half, __half, float, (unsigned int)4, (unsigned short)16383>(channel_eq::_puschRxChEqStatDescr *, channel_eq::_puschRxChEqSoftDemapDynDescr)"
1675473874,283100,25382,1,1,1,32,32,1,30,0.000,0.000,,,,,NVIDIA A100-SXM4-40GB MIG 4g.20gb (0),1,,13,"void convert_kernel<float2, __half2>(tensor_layout_any, T1 *, tensor_layout_any, const T2 *)"
1675758094,11008,25394,2253,1,1,128,1,1,16,0.000,0.000,,,,,NVIDIA A100-SXM4-40GB MIG 4g.20gb (0),1,,13,cupy_copy__float16_float16
1675771310,2944,25403,282,1,1,128,1,1,16,0.000,0.000,,,,,NVIDIA A100-SXM4-40GB MIG 4g.20gb (0),1,,13,cupy_copy__complex64_complex64
1675777038,2016,25412,26,1,1,128,1,1,16,0.000,0.000,,,,,NVIDIA A100-SXM4-40GB MIG 4g.20gb (0),1,,13,cupy_copy__float32_float32
1675780622,4576,25421,103,1,1,128,1,1,16,0.000,0.000,,,,,NVIDIA A100-SXM4-40GB MIG 4g.20gb (0),1,,13,cupy_copy__complex64_complex64
1675786190,12096,25431,1434,1,1,128,1,1,16,0.000,0.000,,,,,NVIDIA A100-SXM4-40GB MIG 4g.20gb (0),1,,13,cupy_copy__complex64_complex64
1675808269,82783,25436,1,1,1,32,32,1,30,0.000,0.000,,,,,NVIDIA A100-SXM4-40GB MIG 4g.20gb (0),1,,13,"void convert_kernel<__half2, float2>(tensor_layout_any, T1 *, tensor_layout_any, const T2 *)"
1675918444,5696,25439,,,,,,,,,,0.094,16449.363,Pinned,Device,NVIDIA A100-SXM4-40GB MIG 4g.20gb (0),1,,13,[CUDA memcpy Host-to-Device]
1675930924,599416,25440,,,,,,,,,,456.561,761544.482,Device,,NVIDIA A100-SXM4-40GB MIG 4g.20gb (0),1,,13,[CUDA memset]
1676534500,65536,25445,,,,,,,,,,1.235,18842.776,Pinned,Device,NVIDIA A100-SXM4-40GB MIG 4g.20gb (0),1,,13,[CUDA memcpy Host-to-Device]
1676603620,10015,25446,,,,,,,,,,0.197,19631.309,Pinned,Device,NVIDIA A100-SXM4-40GB MIG 4g.20gb (0),1,,13,[CUDA memcpy Host-to-Device]
1676618499,8320,25447,69,4,1,48,1,1,76,0.002,0.000,,,,,NVIDIA A100-SXM4-40GB MIG 4g.20gb (0),1,,13,"void ch_est::windowedChEstPreNoDftSOfdmKernel<float, __half, float, (unsigned int)2, (unsigned int)1, (unsigned short)4>(ch_est::puschRxChEstStatDescr_t *, ch_est::puschRxChEstDynDescr_t *)"
1676631011,6912,25448,137,2,1,24,2,1,44,0.001,0.001,,,,,NVIDIA A100-SXM4-40GB MIG 4g.20gb (0),1,,13,"void ch_est::chEstFilterNoDftSOfdmDispatchKernel<float, __half, float, (unsigned int)2>(ch_est::puschRxChEstStatDescr_t *, ch_est::puschRxChEstDynDescr_t *)"
1676639491,5280,25449,137,2,1,24,2,1,44,0.001,0.001,,,,,NVIDIA A100-SXM4-40GB MIG 4g.20gb (0),1,,13,"void ch_est::chEstFilterNoDftSOfdmDispatchKernel<float, __half, float, (unsigned int)2>(ch_est::puschRxChEstStatDescr_t *, ch_est::puschRxChEstDynDescr_t *)"
1676646467,2528,25460,103,1,1,128,1,1,16,0.000,0.000,,,,,NVIDIA A100-SXM4-40GB MIG 4g.20gb (0),1,,13,cupy_copy__complex64_complex64
1676652227,12608,25470,1434,1,1,128,1,1,16,0.000,0.000,,,,,NVIDIA A100-SXM4-40GB MIG 4g.20gb (0),1,,13,cupy_copy__complex64_complex64
1676666819,2912,25477,103,1,1,128,1,1,16,0.000,0.000,,,,,NVIDIA A100-SXM4-40GB MIG 4g.20gb (0),1,,13,cupy_copy__complex64_complex64
1676670819,83359,25484,1,1,1,32,32,1,30,0.000,0.000,,,,,NVIDIA A100-SXM4-40GB MIG 4g.20gb (0),1,,13,"void convert_kernel<__half2, float2>(tensor_layout_any, T1 *, tensor_layout_any, const T2 *)"
1676781121,5472,25487,,,,,,,,,,0.094,17122.757,Pinned,Device,NVIDIA A100-SXM4-40GB MIG 4g.20gb (0),1,,13,[CUDA memcpy Host-to-Device]
1676793697,47392,25488,,,,,,,,,,35.810,755589.312,Device,,NVIDIA A100-SXM4-40GB MIG 4g.20gb (0),1,,13,[CUDA memset]
1676847521,4511,25490,,,,,,,,,,0.000,17.734,Pinned,Device,NVIDIA A100-SXM4-40GB MIG 4g.20gb (0),1,,13,[CUDA memcpy Host-to-Device]
1676858048,14336,25491,,,,,,,,,,0.197,13714.194,Pinned,Device,NVIDIA A100-SXM4-40GB MIG 4g.20gb (0),1,,13,[CUDA memcpy Host-to-Device]
1676880448,9440,25492,273,1,1,48,1,1,40,0.000,0.001,,,,,NVIDIA A100-SXM4-40GB MIG 4g.20gb (0),1,,13,"void pusch_noise_intf_est::noiseIntfEstNoDftSOfdmKernel<float, __half, float, float, (unsigned int)2, (unsigned int)1, (unsigned char)4, (unsigned char)4>(pusch_noise_intf_est::puschRxNoiseIntfEstDynDescr)"
1676895456,2816,25503,35,1,1,128,1,1,16,0.000,0.000,,,,,NVIDIA A100-SXM4-40GB MIG 4g.20gb (0),1,,13,cupy_copy__complex64_complex64
1676902656,2048,25512,1,1,1,1,1,1,18,0.000,0.000,,,,,NVIDIA A100-SXM4-40GB MIG 4g.20gb (0),1,,13,cupy_copy__float32_float32
1676932671,1728,25518,,,,,,,,,,0.000,2.315,Device,Pageable,NVIDIA A100-SXM4-40GB MIG 4g.20gb (0),1,,7,[CUDA memcpy Device-to-Host]
1676992127,13248,25529,1434,1,1,128,1,1,16,0.000,0.000,,,,,NVIDIA A100-SXM4-40GB MIG 4g.20gb (0),1,,13,cupy_copy__complex64_complex64
1677018526,2752,25536,103,1,1,128,1,1,16,0.000,0.000,,,,,NVIDIA A100-SXM4-40GB MIG 4g.20gb (0),1,,13,cupy_copy__complex64_complex64
1677039614,2816,25543,35,1,1,128,1,1,16,0.000,0.000,,,,,NVIDIA A100-SXM4-40GB MIG 4g.20gb (0),1,,13,cupy_copy__complex64_complex64
1677057982,1760,25550,1,1,1,1,1,1,18,0.000,0.000,,,,,NVIDIA A100-SXM4-40GB MIG 4g.20gb (0),1,,13,cupy_copy__float32_float32
1677190428,82367,25561,1,1,1,32,32,1,30,0.000,0.000,,,,,NVIDIA A100-SXM4-40GB MIG 4g.20gb (0),1,,13,"void convert_kernel<__half2, float2>(tensor_layout_any, T1 *, tensor_layout_any, const T2 *)"
1677299387,5792,25564,,,,,,,,,,0.094,16176.708,Pinned,Device,NVIDIA A100-SXM4-40GB MIG 4g.20gb (0),1,,13,[CUDA memcpy Host-to-Device]
1677314171,3104,25565,,,,,,,,,,1.547,498266.574,Device,,NVIDIA A100-SXM4-40GB MIG 4g.20gb (0),1,,13,[CUDA memset]
1677320827,3008,25570,,,,,,,,,,0.031,10404.230,Pinned,Device,NVIDIA A100-SXM4-40GB MIG 4g.20gb (0),1,,13,[CUDA memcpy Host-to-Device]
1677326395,9343,25571,,,,,,,,,,0.197,21043.347,Pinned,Device,NVIDIA A100-SXM4-40GB MIG 4g.20gb (0),1,,13,[CUDA memcpy Host-to-Device]
1677341946,6048,25572,273,1,1,8,4,1,39,0.002,0.000,,,,,NVIDIA A100-SXM4-40GB MIG 4g.20gb (0),1,,13,"void channel_eq::eqMmseCoefCompLowMimoKernel<float, float, float, (unsigned int)4, (unsigned int)1, (unsigned int)4>(const channel_eq::_puschRxChEqStatDescr *, channel_eq::_puschRxChEqCoefCompDynDescr)"
1677349082,5280,25573,273,1,1,12,11,1,51,0.002,0.000,,,,,NVIDIA A100-SXM4-40GB MIG 4g.20gb (0),1,,13,"void channel_eq::eqMmseSoftDemapKernel<float, __half, __half, float, (unsigned int)4, (unsigned short)16383>(channel_eq::_puschRxChEqStatDescr *, channel_eq::_puschRxChEqSoftDemapDynDescr)"
1677356346,281789,25574,1,1,1,32,32,1,30,0.000,0.000,,,,,NVIDIA A100-SXM4-40GB MIG 4g.20gb (0),1,,13,"void convert_kernel<float2, __half2>(tensor_layout_any, T1 *, tensor_layout_any, const T2 *)"
1677639191,11008,25586,2253,1,1,128,1,1,16,0.000,0.000,,,,,NVIDIA A100-SXM4-40GB MIG 4g.20gb (0),1,,13,cupy_copy__float16_float16
1677652087,3680,25595,282,1,1,128,1,1,16,0.000,0.000,,,,,NVIDIA A100-SXM4-40GB MIG 4g.20gb (0),1,,13,cupy_copy__complex64_complex64
1677657623,2239,25604,26,1,1,128,1,1,16,0.000,0.000,,,,,NVIDIA A100-SXM4-40GB MIG 4g.20gb (0),1,,13,cupy_copy__float32_float32
1677662198,2944,25613,103,1,1,128,1,1,16,0.000,0.000,,,,,NVIDIA A100-SXM4-40GB MIG 4g.20gb (0),1,,13,cupy_copy__complex64_complex64
1677666262,12032,25623,1434,1,1,128,1,1,16,0.000,0.000,,,,,NVIDIA A100-SXM4-40GB MIG 4g.20gb (0),1,,13,cupy_copy__complex64_complex64
1677690518,81663,25628,1,1,1,32,32,1,30,0.000,0.000,,,,,NVIDIA A100-SXM4-40GB MIG 4g.20gb (0),1,,13,"void convert_kernel<__half2, float2>(tensor_layout_any, T1 *, tensor_layout_any, const T2 *)"
1677799157,5472,25631,,,,,,,,,,0.094,17122.757,Pinned,Device,NVIDIA A100-SXM4-40GB MIG 4g.20gb (0),1,,13,[CUDA memcpy Host-to-Device]
1677810133,597304,25632,,,,,,,,,,456.561,764283.851,Device,,NVIDIA A100-SXM4-40GB MIG 4g.20gb (0),1,,13,[CUDA memset]
1678411725,152542,25637,,,,,,,,,,1.235,8095.058,Pinned,Device,NVIDIA A100-SXM4-40GB MIG 4g.20gb (0),1,,13,[CUDA memcpy Host-to-Device]
1678577835,39872,25638,,,,,,,,,,0.197,4930.929,Pinned,Device,NVIDIA A100-SXM4-40GB MIG 4g.20gb (0),1,,13,[CUDA memcpy Host-to-Device]
1678639306,8160,25639,69,4,1,48,1,1,76,0.002,0.000,,,,,NVIDIA A100-SXM4-40GB MIG 4g.20gb (0),1,,13,"void ch_est::windowedChEstPreNoDftSOfdmKernel<float, __half, float, (unsigned int)2, (unsigned int)1, (unsigned short)4>(ch_est::puschRxChEstStatDescr_t *, ch_est::puschRxChEstDynDescr_t *)"
1678657258,6720,25640,137,2,1,24,2,1,44,0.001,0.001,,,,,NVIDIA A100-SXM4-40GB MIG 4g.20gb (0),1,,13,"void ch_est::chEstFilterNoDftSOfdmDispatchKernel<float, __half, float, (unsigned int)2>(ch_est::puschRxChEstStatDescr_t *, ch_est::puschRxChEstDynDescr_t *)"
1678674378,4768,25641,137,2,1,24,2,1,44,0.001,0.001,,,,,NVIDIA A100-SXM4-40GB MIG 4g.20gb (0),1,,13,"void ch_est::chEstFilterNoDftSOfdmDispatchKernel<float, __half, float, (unsigned int)2>(ch_est::puschRxChEstStatDescr_t *, ch_est::puschRxChEstDynDescr_t *)"
1678691370,2784,25652,103,1,1,128,1,1,16,0.000,0.000,,,,,NVIDIA A100-SXM4-40GB MIG 4g.20gb (0),1,,13,cupy_copy__complex64_complex64
1678709033,12416,25662,1434,1,1,128,1,1,16,0.000,0.000,,,,,NVIDIA A100-SXM4-40GB MIG 4g.20gb (0),1,,13,cupy_copy__complex64_complex64
1678731241,2528,25669,103,1,1,128,1,1,16,0.000,0.000,,,,,NVIDIA A100-SXM4-40GB MIG 4g.20gb (0),1,,13,cupy_copy__complex64_complex64
1678749449,86015,25676,1,1,1,32,32,1,30,0.000,0.000,,,,,NVIDIA A100-SXM4-40GB MIG 4g.20gb (0),1,,13,"void convert_kernel<__half2, float2>(tensor_layout_any, T1 *, tensor_layout_any, const T2 *)"
1678872263,5408,25679,,,,,,,,,,0.094,17325.421,Pinned,Device,NVIDIA A100-SXM4-40GB MIG 4g.20gb (0),1,,13,[CUDA memcpy Host-to-Device]
1678884263,47488,25680,,,,,,,,,,35.810,754049.485,Device,,NVIDIA A100-SXM4-40GB MIG 4g.20gb (0),1,,13,[CUDA memset]
1678936551,4672,25682,,,,,,,,,,0.000,17.123,Pinned,Device,NVIDIA A100-SXM4-40GB MIG 4g.20gb (0),1,,13,[CUDA memcpy Host-to-Device]
1678945639,12927,25683,,,,,,,,,,0.197,15209.005,Pinned,Device,NVIDIA A100-SXM4-40GB MIG 4g.20gb (0),1,,13,[CUDA memcpy Host-to-Device]
1678966758,9952,25684,273,1,1,48,1,1,40,0.000,0.001,,,,,NVIDIA A100-SXM4-40GB MIG 4g.20gb (0),1,,13,"void pusch_noise_intf_est::noiseIntfEstNoDftSOfdmKernel<float, __half, float, float, (unsigned int)2, (unsigned int)1, (unsigned char)4, (unsigned char)4>(pusch_noise_intf_est::puschRxNoiseIntfEstDynDescr)"
1678982726,3104,25695,35,1,1,128,1,1,16,0.000,0.000,,,,,NVIDIA A100-SXM4-40GB MIG 4g.20gb (0),1,,13,cupy_copy__complex64_complex64
1678995078,1888,25704,1,1,1,1,1,1,18,0.000,0.000,,,,,NVIDIA A100-SXM4-40GB MIG 4g.20gb (0),1,,13,cupy_copy__float32_float32
1679024358,1856,25710,,,,,,,,,,0.000,2.155,Device,Pageable,NVIDIA A100-SXM4-40GB MIG 4g.20gb (0),1,,7,[CUDA memcpy Device-to-Host]
1679083717,12992,25721,1434,1,1,128,1,1,16,0.000,0.000,,,,,NVIDIA A100-SXM4-40GB MIG 4g.20gb (0),1,,13,cupy_copy__complex64_complex64
1679111364,2752,25728,103,1,1,128,1,1,16,0.000,0.000,,,,,NVIDIA A100-SXM4-40GB MIG 4g.20gb (0),1,,13,cupy_copy__complex64_complex64
1679133892,2624,25735,35,1,1,128,1,1,16,0.000,0.000,,,,,NVIDIA A100-SXM4-40GB MIG 4g.20gb (0),1,,13,cupy_copy__complex64_complex64
1679150180,1888,25742,1,1,1,1,1,1,18,0.000,0.000,,,,,NVIDIA A100-SXM4-40GB MIG 4g.20gb (0),1,,13,cupy_copy__float32_float32
1679281794,82271,25753,1,1,1,32,32,1,30,0.000,0.000,,,,,NVIDIA A100-SXM4-40GB MIG 4g.20gb (0),1,,13,"void convert_kernel<__half2, float2>(tensor_layout_any, T1 *, tensor_layout_any, const T2 *)"
1679392161,5472,25756,,,,,,,,,,0.094,17122.757,Pinned,Device,NVIDIA A100-SXM4-40GB MIG 4g.20gb (0),1,,13,[CUDA memcpy Host-to-Device]
1679406465,3424,25757,,,,,,,,,,1.547,451700.819,Device,,NVIDIA A100-SXM4-40GB MIG 4g.20gb (0),1,,13,[CUDA memset]
1679413633,3712,25762,,,,,,,,,,0.031,8431.017,Pinned,Device,NVIDIA A100-SXM4-40GB MIG 4g.20gb (0),1,,13,[CUDA memcpy Host-to-Device]
1679419457,9824,25763,,,,,,,,,,0.197,20012.925,Pinned,Device,NVIDIA A100-SXM4-40GB MIG 4g.20gb (0),1,,13,[CUDA memcpy Host-to-Device]
1679434560,6272,25764,273,1,1,8,4,1,39,0.002,0.000,,,,,NVIDIA A100-SXM4-40GB MIG 4g.20gb (0),1,,13,"void channel_eq::eqMmseCoefCompLowMimoKernel<float, float, float, (unsigned int)4, (unsigned int)1, (unsigned int)4>(const channel_eq::_puschRxChEqStatDescr *, channel_eq::_puschRxChEqCoefCompDynDescr)"
1679441824,6240,25765,273,1,1,12,11,1,51,0.002,0.000,,,,,NVIDIA A100-SXM4-40GB MIG 4g.20gb (0),1,,13,"void channel_eq::eqMmseSoftDemapKernel<float, __half, __half, float, (unsigned int)4, (unsigned short)16383>(channel_eq::_puschRxChEqStatDescr *, channel_eq::_puschRxChEqSoftDemapDynDescr)"
1679449152,282653,25766,1,1,1,32,32,1,30,0.000,0.000,,,,,NVIDIA A100-SXM4-40GB MIG 4g.20gb (0),1,,13,"void convert_kernel<float2, __half2>(tensor_layout_any, T1 *, tensor_layout_any, const T2 *)"
1679732925,10848,25778,2253,1,1,128,1,1,16,0.000,0.000,,,,,NVIDIA A100-SXM4-40GB MIG 4g.20gb (0),1,,13,cupy_copy__float16_float16
1679747485,3776,25787,282,1,1,128,1,1,16,0.000,0.000,,,,,NVIDIA A100-SXM4-40GB MIG 4g.20gb (0),1,,13,cupy_copy__complex64_complex64
1679753501,2048,25796,26,1,1,128,1,1,16,0.000,0.000,,,,,NVIDIA A100-SXM4-40GB MIG 4g.20gb (0),1,,13,cupy_copy__float32_float32
1679757020,4256,25805,103,1,1,128,1,1,16,0.000,0.000,,,,,NVIDIA A100-SXM4-40GB MIG 4g.20gb (0),1,,13,cupy_copy__complex64_complex64
1679764060,12224,25815,1434,1,1,128,1,1,16,0.000,0.000,,,,,NVIDIA A100-SXM4-40GB MIG 4g.20gb (0),1,,13,cupy_copy__complex64_complex64
1679785244,81599,25820,1,1,1,32,32,1,30,0.000,0.000,,,,,NVIDIA A100-SXM4-40GB MIG 4g.20gb (0),1,,13,"void convert_kernel<__half2, float2>(tensor_layout_any, T1 *, tensor_layout_any, const T2 *)"
1679893915,5600,25823,,,,,,,,,,0.094,16731.388,Pinned,Device,NVIDIA A100-SXM4-40GB MIG 4g.20gb (0),1,,13,[CUDA memcpy Host-to-Device]
1679903675,598168,25824,,,,,,,,,,456.561,762914.166,Device,,NVIDIA A100-SXM4-40GB MIG 4g.20gb (0),1,,13,[CUDA memset]
1680506547,141822,25829,,,,,,,,,,1.235,8707.590,Pinned,Device,NVIDIA A100-SXM4-40GB MIG 4g.20gb (0),1,,13,[CUDA memcpy Host-to-Device]
1680662001,39840,25830,,,,,,,,,,0.197,4934.861,Pinned,Device,NVIDIA A100-SXM4-40GB MIG 4g.20gb (0),1,,13,[CUDA memcpy Host-to-Device]
1680731472,8160,25831,69,4,1,48,1,1,76,0.002,0.000,,,,,NVIDIA A100-SXM4-40GB MIG 4g.20gb (0),1,,13,"void ch_est::windowedChEstPreNoDftSOfdmKernel<float, __half, float, (unsigned int)2, (unsigned int)1, (unsigned short)4>(ch_est::puschRxChEstStatDescr_t *, ch_est::puschRxChEstDynDescr_t *)"
1680749488,6432,25832,137,2,1,24,2,1,44,0.001,0.001,,,,,NVIDIA A100-SXM4-40GB MIG 4g.20gb (0),1,,13,"void ch_est::chEstFilterNoDftSOfdmDispatchKernel<float, __half, float, (unsigned int)2>(ch_est::puschRxChEstStatDescr_t *, ch_est::puschRxChEstDynDescr_t *)"
1680768560,4704,25833,137,2,1,24,2,1,44,0.001,0.001,,,,,NVIDIA A100-SXM4-40GB MIG 4g.20gb (0),1,,13,"void ch_est::chEstFilterNoDftSOfdmDispatchKernel<float, __half, float, (unsigned int)2>(ch_est::puschRxChEstStatDescr_t *, ch_est::puschRxChEstDynDescr_t *)"
1680785040,2784,25844,103,1,1,128,1,1,16,0.000,0.000,,,,,NVIDIA A100-SXM4-40GB MIG 4g.20gb (0),1,,13,cupy_copy__complex64_complex64
1680802096,12447,25854,1434,1,1,128,1,1,16,0.000,0.000,,,,,NVIDIA A100-SXM4-40GB MIG 4g.20gb (0),1,,13,cupy_copy__complex64_complex64
1680820687,2912,25861,103,1,1,128,1,1,16,0.000,0.000,,,,,NVIDIA A100-SXM4-40GB MIG 4g.20gb (0),1,,13,cupy_copy__complex64_complex64
1680844303,93311,25868,1,1,1,32,32,1,30,0.000,0.000,,,,,NVIDIA A100-SXM4-40GB MIG 4g.20gb (0),1,,13,"void convert_kernel<__half2, float2>(tensor_layout_any, T1 *, tensor_layout_any, const T2 *)"
1680969933,26112,25871,,,,,,,,,,0.094,3588.182,Pinned,Device,NVIDIA A100-SXM4-40GB MIG 4g.20gb (0),1,,13,[CUDA memcpy Host-to-Device]
1681026477,46815,25872,,,,,,,,,,35.810,764899.891,Device,,NVIDIA A100-SXM4-40GB MIG 4g.20gb (0),1,,13,[CUDA memset]
1681078252,9120,25874,,,,,,,,,,0.000,8.772,Pinned,Device,NVIDIA A100-SXM4-40GB MIG 4g.20gb (0),1,,13,[CUDA memcpy Host-to-Device]
1681097804,26528,25875,,,,,,,,,,0.197,7411.335,Pinned,Device,NVIDIA A100-SXM4-40GB MIG 4g.20gb (0),1,,13,[CUDA memcpy Host-to-Device]
1681142059,9632,25876,273,1,1,48,1,1,40,0.000,0.001,,,,,NVIDIA A100-SXM4-40GB MIG 4g.20gb (0),1,,13,"void pusch_noise_intf_est::noiseIntfEstNoDftSOfdmKernel<float, __half, float, float, (unsigned int)2, (unsigned int)1, (unsigned char)4, (unsigned char)4>(pusch_noise_intf_est::puschRxNoiseIntfEstDynDescr)"
1681161419,3136,25887,35,1,1,128,1,1,16,0.000,0.000,,,,,NVIDIA A100-SXM4-40GB MIG 4g.20gb (0),1,,13,cupy_copy__complex64_complex64
1681170603,1888,25896,1,1,1,1,1,1,18,0.000,0.000,,,,,NVIDIA A100-SXM4-40GB MIG 4g.20gb (0),1,,13,cupy_copy__float32_float32
1681174187,3072,25902,,,,,,,,,,0.000,1.302,Device,Pageable,NVIDIA A100-SXM4-40GB MIG 4g.20gb (0),1,,7,[CUDA memcpy Device-to-Host]
1681247530,12768,25913,1434,1,1,128,1,1,16,0.000,0.000,,,,,NVIDIA A100-SXM4-40GB MIG 4g.20gb (0),1,,13,cupy_copy__complex64_complex64
1681272970,3520,25920,103,1,1,128,1,1,16,0.000,0.000,,,,,NVIDIA A100-SXM4-40GB MIG 4g.20gb (0),1,,13,cupy_copy__complex64_complex64
1681289002,2719,25927,35,1,1,128,1,1,16,0.000,0.000,,,,,NVIDIA A100-SXM4-40GB MIG 4g.20gb (0),1,,13,cupy_copy__complex64_complex64
1681307753,1824,25934,1,1,1,1,1,1,18,0.000,0.000,,,,,NVIDIA A100-SXM4-40GB MIG 4g.20gb (0),1,,13,cupy_copy__float32_float32
1681442600,81983,25945,1,1,1,32,32,1,30,0.000,0.000,,,,,NVIDIA A100-SXM4-40GB MIG 4g.20gb (0),1,,13,"void convert_kernel<__half2, float2>(tensor_layout_any, T1 *, tensor_layout_any, const T2 *)"
1681552646,5792,25948,,,,,,,,,,0.094,16176.708,Pinned,Device,NVIDIA A100-SXM4-40GB MIG 4g.20gb (0),1,,13,[CUDA memcpy Host-to-Device]
1681567014,3296,25949,,,,,,,,,,1.547,469242.628,Device,,NVIDIA A100-SXM4-40GB MIG 4g.20gb (0),1,,13,[CUDA memset]
1681574278,3008,25954,,,,,,,,,,0.031,10404.230,Pinned,Device,NVIDIA A100-SXM4-40GB MIG 4g.20gb (0),1,,13,[CUDA memcpy Host-to-Device]
1681579718,9984,25955,,,,,,,,,,0.197,19692.257,Pinned,Device,NVIDIA A100-SXM4-40GB MIG 4g.20gb (0),1,,13,[CUDA memcpy Host-to-Device]
1681593990,6560,25956,273,1,1,8,4,1,39,0.002,0.000,,,,,NVIDIA A100-SXM4-40GB MIG 4g.20gb (0),1,,13,"void channel_eq::eqMmseCoefCompLowMimoKernel<float, float, float, (unsigned int)4, (unsigned int)1, (unsigned int)4>(const channel_eq::_puschRxChEqStatDescr *, channel_eq::_puschRxChEqCoefCompDynDescr)"
1681601542,6432,25957,273,1,1,12,11,1,51,0.002,0.000,,,,,NVIDIA A100-SXM4-40GB MIG 4g.20gb (0),1,,13,"void channel_eq::eqMmseSoftDemapKernel<float, __half, __half, float, (unsigned int)4, (unsigned short)16383>(channel_eq::_puschRxChEqStatDescr *, channel_eq::_puschRxChEqSoftDemapDynDescr)"
1681609094,282268,25958,1,1,1,32,32,1,30,0.000,0.000,,,,,NVIDIA A100-SXM4-40GB MIG 4g.20gb (0),1,,13,"void convert_kernel<float2, __half2>(tensor_layout_any, T1 *, tensor_layout_any, const T2 *)"
1681892386,10880,25970,2253,1,1,128,1,1,16,0.000,0.000,,,,,NVIDIA A100-SXM4-40GB MIG 4g.20gb (0),1,,13,cupy_copy__float16_float16
1681908482,3616,25979,282,1,1,128,1,1,16,0.000,0.000,,,,,NVIDIA A100-SXM4-40GB MIG 4g.20gb (0),1,,13,cupy_copy__complex64_complex64
1681914946,2336,25988,26,1,1,128,1,1,16,0.000,0.000,,,,,NVIDIA A100-SXM4-40GB MIG 4g.20gb (0),1,,13,cupy_copy__float32_float32
1681918370,4576,25997,103,1,1,128,1,1,16,0.000,0.000,,,,,NVIDIA A100-SXM4-40GB MIG 4g.20gb (0),1,,13,cupy_copy__complex64_complex64
1681924034,12191,26007,1434,1,1,128,1,1,16,0.000,0.000,,,,,NVIDIA A100-SXM4-40GB MIG 4g.20gb (0),1,,13,cupy_copy__complex64_complex64
1681944257,81503,26012,1,1,1,32,32,1,30,0.000,0.000,,,,,NVIDIA A100-SXM4-40GB MIG 4g.20gb (0),1,,13,"void convert_kernel<__half2, float2>(tensor_layout_any, T1 *, tensor_layout_any, const T2 *)"
1682052768,5664,26015,,,,,,,,,,0.094,16542.310,Pinned,Device,NVIDIA A100-SXM4-40GB MIG 4g.20gb (0),1,,13,[CUDA memcpy Host-to-Device]
1682062784,596953,26016,,,,,,,,,,456.561,764740.412,Device,,NVIDIA A100-SXM4-40GB MIG 4g.20gb (0),1,,13,[CUDA memset]
1682668184,124895,26021,,,,,,,,,,1.235,9886.962,Pinned,Device,NVIDIA A100-SXM4-40GB MIG 4g.20gb (0),1,,13,[CUDA memcpy Host-to-Device]
1682806679,40927,26022,,,,,,,,,,0.197,4803.723,Pinned,Device,NVIDIA A100-SXM4-40GB MIG 4g.20gb (0),1,,13,[CUDA memcpy Host-to-Device]
1682868918,8352,26023,69,4,1,48,1,1,76,0.002,0.000,,,,,NVIDIA A100-SXM4-40GB MIG 4g.20gb (0),1,,13,"void ch_est::windowedChEstPreNoDftSOfdmKernel<float, __half, float, (unsigned int)2, (unsigned int)1, (unsigned short)4>(ch_est::puschRxChEstStatDescr_t *, ch_est::puschRxChEstDynDescr_t *)"
1682887126,6624,26024,137,2,1,24,2,1,44,0.001,0.001,,,,,NVIDIA A100-SXM4-40GB MIG 4g.20gb (0),1,,13,"void ch_est::chEstFilterNoDftSOfdmDispatchKernel<float, __half, float, (unsigned int)2>(ch_est::puschRxChEstStatDescr_t *, ch_est::puschRxChEstDynDescr_t *)"
1682903222,4735,26025,137,2,1,24,2,1,44,0.001,0.001,,,,,NVIDIA A100-SXM4-40GB MIG 4g.20gb (0),1,,13,"void ch_est::chEstFilterNoDftSOfdmDispatchKernel<float, __half, float, (unsigned int)2>(ch_est::puschRxChEstStatDescr_t *, ch_est::puschRxChEstDynDescr_t *)"
1682921397,2720,26036,103,1,1,128,1,1,16,0.000,0.000,,,,,NVIDIA A100-SXM4-40GB MIG 4g.20gb (0),1,,13,cupy_copy__complex64_complex64
1682938133,12256,26046,1434,1,1,128,1,1,16,0.000,0.000,,,,,NVIDIA A100-SXM4-40GB MIG 4g.20gb (0),1,,13,cupy_copy__complex64_complex64
1682957269,2592,26053,103,1,1,128,1,1,16,0.000,0.000,,,,,NVIDIA A100-SXM4-40GB MIG 4g.20gb (0),1,,13,cupy_copy__complex64_complex64
1682978485,89406,26060,1,1,1,32,32,1,30,0.000,0.000,,,,,NVIDIA A100-SXM4-40GB MIG 4g.20gb (0),1,,13,"void convert_kernel<__half2, float2>(tensor_layout_any, T1 *, tensor_layout_any, const T2 *)"
1683102195,25408,26063,,,,,,,,,,0.094,3687.593,Pinned,Device,NVIDIA A100-SXM4-40GB MIG 4g.20gb (0),1,,13,[CUDA memcpy Host-to-Device]
1683149778,47328,26064,,,,,,,,,,35.810,756627.800,Device,,NVIDIA A100-SXM4-40GB MIG 4g.20gb (0),1,,13,[CUDA memset]
1683199026,14976,26066,,,,,,,,,,0.000,5.342,Pinned,Device,NVIDIA A100-SXM4-40GB MIG 4g.20gb (0),1,,13,[CUDA memcpy Host-to-Device]
1683220562,25791,26067,,,,,,,,,,0.197,7623.082,Pinned,Device,NVIDIA A100-SXM4-40GB MIG 4g.20gb (0),1,,13,[CUDA memcpy Host-to-Device]
1683279857,9568,26068,273,1,1,48,1,1,40,0.000,0.001,,,,,NVIDIA A100-SXM4-40GB MIG 4g.20gb (0),1,,13,"void pusch_noise_intf_est::noiseIntfEstNoDftSOfdmKernel<float, __half, float, float, (unsigned int)2, (unsigned int)1, (unsigned char)4, (unsigned char)4>(pusch_noise_intf_est::puschRxNoiseIntfEstDynDescr)"
1683299505,2720,26079,35,1,1,128,1,1,16,0.000,0.000,,,,,NVIDIA A100-SXM4-40GB MIG 4g.20gb (0),1,,13,cupy_copy__complex64_complex64
1683316016,1696,26088,1,1,1,1,1,1,18,0.000,0.000,,,,,NVIDIA A100-SXM4-40GB MIG 4g.20gb (0),1,,13,cupy_copy__float32_float32
1683320464,7328,26094,,,,,,,,,,0.000,0.546,Device,Pageable,NVIDIA A100-SXM4-40GB MIG 4g.20gb (0),1,,7,[CUDA memcpy Device-to-Host]
1683423887,12800,26105,1434,1,1,128,1,1,16,0.000,0.000,,,,,NVIDIA A100-SXM4-40GB MIG 4g.20gb (0),1,,13,cupy_copy__complex64_complex64
1683446223,3392,26112,103,1,1,128,1,1,16,0.000,0.000,,,,,NVIDIA A100-SXM4-40GB MIG 4g.20gb (0),1,,13,cupy_copy__complex64_complex64
1683466447,2559,26119,35,1,1,128,1,1,16,0.000,0.000,,,,,NVIDIA A100-SXM4-40GB MIG 4g.20gb (0),1,,13,cupy_copy__complex64_complex64
1683485326,1760,26126,1,1,1,1,1,1,18,0.000,0.000,,,,,NVIDIA A100-SXM4-40GB MIG 4g.20gb (0),1,,13,cupy_copy__float32_float32
1683617005,91135,26137,1,1,1,32,32,1,30,0.000,0.000,,,,,NVIDIA A100-SXM4-40GB MIG 4g.20gb (0),1,,13,"void convert_kernel<__half2, float2>(tensor_layout_any, T1 *, tensor_layout_any, const T2 *)"
1683738539,12928,26140,,,,,,,,,,0.094,7247.479,Pinned,Device,NVIDIA A100-SXM4-40GB MIG 4g.20gb (0),1,,13,[CUDA memcpy Host-to-Device]
1683760907,3488,26141,,,,,,,,,,1.547,443412.461,Device,,NVIDIA A100-SXM4-40GB MIG 4g.20gb (0),1,,13,[CUDA memset]
1683766603,3744,26146,,,,,,,,,,0.031,8358.974,Pinned,Device,NVIDIA A100-SXM4-40GB MIG 4g.20gb (0),1,,13,[CUDA memcpy Host-to-Device]
1683776459,14016,26147,,,,,,,,,,0.197,14027.391,Pinned,Device,NVIDIA A100-SXM4-40GB MIG 4g.20gb (0),1,,13,[CUDA memcpy Host-to-Device]
1683803018,8448,26148,273,1,1,8,4,1,39,0.002,0.000,,,,,NVIDIA A100-SXM4-40GB MIG 4g.20gb (0),1,,13,"void channel_eq::eqMmseCoefCompLowMimoKernel<float, float, float, (unsigned int)4, (unsigned int)1, (unsigned int)4>(const channel_eq::_puschRxChEqStatDescr *, channel_eq::_puschRxChEqCoefCompDynDescr)"
1683817482,7616,26149,273,1,1,12,11,1,51,0.002,0.000,,,,,NVIDIA A100-SXM4-40GB MIG 4g.20gb (0),1,,13,"void channel_eq::eqMmseSoftDemapKernel<float, __half, __half, float, (unsigned int)4, (unsigned short)16383>(channel_eq::_puschRxChEqStatDescr *, channel_eq::_puschRxChEqSoftDemapDynDescr)"
1683831626,289500,26150,1,1,1,32,32,1,30,0.000,0.000,,,,,NVIDIA A100-SXM4-40GB MIG 4g.20gb (0),1,,13,"void convert_kernel<float2, __half2>(tensor_layout_any, T1 *, tensor_layout_any, const T2 *)"
1684122278,11072,26162,2253,1,1,128,1,1,16,0.000,0.000,,,,,NVIDIA A100-SXM4-40GB MIG 4g.20gb (0),1,,13,cupy_copy__float16_float16
1684136742,3744,26171,282,1,1,128,1,1,16,0.000,0.000,,,,,NVIDIA A100-SXM4-40GB MIG 4g.20gb (0),1,,13,cupy_copy__complex64_complex64
1684143654,2144,26180,26,1,1,128,1,1,16,0.000,0.000,,,,,NVIDIA A100-SXM4-40GB MIG 4g.20gb (0),1,,13,cupy_copy__float32_float32
1684148902,3840,26189,103,1,1,128,1,1,16,0.000,0.000,,,,,NVIDIA A100-SXM4-40GB MIG 4g.20gb (0),1,,13,cupy_copy__complex64_complex64
1684153702,12064,26199,1434,1,1,128,1,1,16,0.000,0.000,,,,,NVIDIA A100-SXM4-40GB MIG 4g.20gb (0),1,,13,cupy_copy__complex64_complex64
1684168230,81151,26204,1,1,1,32,32,1,30,0.000,0.000,,,,,NVIDIA A100-SXM4-40GB MIG 4g.20gb (0),1,,13,"void convert_kernel<__half2, float2>(tensor_layout_any, T1 *, tensor_layout_any, const T2 *)"
1684276772,5728,26207,,,,,,,,,,0.094,16357.541,Pinned,Device,NVIDIA A100-SXM4-40GB MIG 4g.20gb (0),1,,13,[CUDA memcpy Host-to-Device]
1684287652,598361,26208,,,,,,,,,,456.561,762914.166,Device,,NVIDIA A100-SXM4-40GB MIG 4g.20gb (0),1,,13,[CUDA memset]
1684886813,118046,26213,,,,,,,,,,1.235,10461.211,Pinned,Device,NVIDIA A100-SXM4-40GB MIG 4g.20gb (0),1,,13,[CUDA memcpy Host-to-Device]
1685015675,30432,26214,,,,,,,,,,0.197,6460.539,Pinned,Device,NVIDIA A100-SXM4-40GB MIG 4g.20gb (0),1,,13,[CUDA memcpy Host-to-Device]
1685058043,8192,26215,69,4,1,48,1,1,76,0.002,0.000,,,,,NVIDIA A100-SXM4-40GB MIG 4g.20gb (0),1,,13,"void ch_est::windowedChEstPreNoDftSOfdmKernel<float, __half, float, (unsigned int)2, (unsigned int)1, (unsigned short)4>(ch_est::puschRxChEstStatDescr_t *, ch_est::puschRxChEstDynDescr_t *)"
1685077787,7039,26216,137,2,1,24,2,1,44,0.001,0.001,,,,,NVIDIA A100-SXM4-40GB MIG 4g.20gb (0),1,,13,"void ch_est::chEstFilterNoDftSOfdmDispatchKernel<float, __half, float, (unsigned int)2>(ch_est::puschRxChEstStatDescr_t *, ch_est::puschRxChEstDynDescr_t *)"
1685092570,6400,26217,137,2,1,24,2,1,44,0.001,0.001,,,,,NVIDIA A100-SXM4-40GB MIG 4g.20gb (0),1,,13,"void ch_est::chEstFilterNoDftSOfdmDispatchKernel<float, __half, float, (unsigned int)2>(ch_est::puschRxChEstStatDescr_t *, ch_est::puschRxChEstDynDescr_t *)"
1685100442,2560,26228,103,1,1,128,1,1,16,0.000,0.000,,,,,NVIDIA A100-SXM4-40GB MIG 4g.20gb (0),1,,13,cupy_copy__complex64_complex64
1685108922,12704,26238,1434,1,1,128,1,1,16,0.000,0.000,,,,,NVIDIA A100-SXM4-40GB MIG 4g.20gb (0),1,,13,cupy_copy__complex64_complex64
1685124826,2752,26245,103,1,1,128,1,1,16,0.000,0.000,,,,,NVIDIA A100-SXM4-40GB MIG 4g.20gb (0),1,,13,cupy_copy__complex64_complex64
1685134426,87423,26252,1,1,1,32,32,1,30,0.000,0.000,,,,,NVIDIA A100-SXM4-40GB MIG 4g.20gb (0),1,,13,"void convert_kernel<__half2, float2>(tensor_layout_any, T1 *, tensor_layout_any, const T2 *)"
1685253080,10208,26255,,,,,,,,,,0.094,9178.648,Pinned,Device,NVIDIA A100-SXM4-40GB MIG 4g.20gb (0),1,,13,[CUDA memcpy Host-to-Device]
1685271224,47200,26256,,,,,,,,,,35.810,758668.965,Device,,NVIDIA A100-SXM4-40GB MIG 4g.20gb (0),1,,13,[CUDA memset]
1685323384,3839,26258,,,,,,,,,,0.000,20.839,Pinned,Device,NVIDIA A100-SXM4-40GB MIG 4g.20gb (0),1,,13,[CUDA memcpy Host-to-Device]
1685331447,13888,26259,,,,,,,,,,0.197,14156.562,Pinned,Device,NVIDIA A100-SXM4-40GB MIG 4g.20gb (0),1,,13,[CUDA memcpy Host-to-Device]
1685354871,12416,26260,273,1,1,48,1,1,40,0.000,0.001,,,,,NVIDIA A100-SXM4-40GB MIG 4g.20gb (0),1,,13,"void pusch_noise_intf_est::noiseIntfEstNoDftSOfdmKernel<float, __half, float, float, (unsigned int)2, (unsigned int)1, (unsigned char)4, (unsigned char)4>(pusch_noise_intf_est::puschRxNoiseIntfEstDynDescr)"
1685368247,2976,26271,35,1,1,128,1,1,16,0.000,0.000,,,,,NVIDIA A100-SXM4-40GB MIG 4g.20gb (0),1,,13,cupy_copy__complex64_complex64
1685372247,1792,26280,1,1,1,1,1,1,18,0.000,0.000,,,,,NVIDIA A100-SXM4-40GB MIG 4g.20gb (0),1,,13,cupy_copy__float32_float32
1685400887,1696,26286,,,,,,,,,,0.000,2.358,Device,Pageable,NVIDIA A100-SXM4-40GB MIG 4g.20gb (0),1,,7,[CUDA memcpy Device-to-Host]
1685463510,12896,26297,1434,1,1,128,1,1,16,0.000,0.000,,,,,NVIDIA A100-SXM4-40GB MIG 4g.20gb (0),1,,13,cupy_copy__complex64_complex64
1685489109,2752,26304,103,1,1,128,1,1,16,0.000,0.000,,,,,NVIDIA A100-SXM4-40GB MIG 4g.20gb (0),1,,13,cupy_copy__complex64_complex64
1685510293,2304,26311,35,1,1,128,1,1,16,0.000,0.000,,,,,NVIDIA A100-SXM4-40GB MIG 4g.20gb (0),1,,13,cupy_copy__complex64_complex64
1685529269,1760,26318,1,1,1,1,1,1,18,0.000,0.000,,,,,NVIDIA A100-SXM4-40GB MIG 4g.20gb (0),1,,13,cupy_copy__float32_float32
1685660787,81375,26329,1,1,1,32,32,1,30,0.000,0.000,,,,,NVIDIA A100-SXM4-40GB MIG 4g.20gb (0),1,,13,"void convert_kernel<__half2, float2>(tensor_layout_any, T1 *, tensor_layout_any, const T2 *)"
1685769458,5440,26332,,,,,,,,,,0.094,17223.480,Pinned,Device,NVIDIA A100-SXM4-40GB MIG 4g.20gb (0),1,,13,[CUDA memcpy Host-to-Device]
1685783858,3104,26333,,,,,,,,,,1.547,498266.574,Device,,NVIDIA A100-SXM4-40GB MIG 4g.20gb (0),1,,13,[CUDA memset]
1685791058,3552,26338,,,,,,,,,,0.031,8810.794,Pinned,Device,NVIDIA A100-SXM4-40GB MIG 4g.20gb (0),1,,13,[CUDA memcpy Host-to-Device]
1685797042,9536,26339,,,,,,,,,,0.197,20617.298,Pinned,Device,NVIDIA A100-SXM4-40GB MIG 4g.20gb (0),1,,13,[CUDA memcpy Host-to-Device]
1685812849,6272,26340,273,1,1,8,4,1,39,0.002,0.000,,,,,NVIDIA A100-SXM4-40GB MIG 4g.20gb (0),1,,13,"void channel_eq::eqMmseCoefCompLowMimoKernel<float, float, float, (unsigned int)4, (unsigned int)1, (unsigned int)4>(const channel_eq::_puschRxChEqStatDescr *, channel_eq::_puschRxChEqCoefCompDynDescr)"
1685820049,6656,26341,273,1,1,12,11,1,51,0.002,0.000,,,,,NVIDIA A100-SXM4-40GB MIG 4g.20gb (0),1,,13,"void channel_eq::eqMmseSoftDemapKernel<float, __half, __half, float, (unsigned int)4, (unsigned short)16383>(channel_eq::_puschRxChEqStatDescr *, channel_eq::_puschRxChEqSoftDemapDynDescr)"
1685827665,282685,26342,1,1,1,32,32,1,30,0.000,0.000,,,,,NVIDIA A100-SXM4-40GB MIG 4g.20gb (0),1,,13,"void convert_kernel<float2, __half2>(tensor_layout_any, T1 *, tensor_layout_any, const T2 *)"
1686113230,11072,26354,2253,1,1,128,1,1,16,0.000,0.000,,,,,NVIDIA A100-SXM4-40GB MIG 4g.20gb (0),1,,13,cupy_copy__float16_float16
1686127630,3584,26363,282,1,1,128,1,1,16,0.000,0.000,,,,,NVIDIA A100-SXM4-40GB MIG 4g.20gb (0),1,,13,cupy_copy__complex64_complex64
1686132973,2080,26372,26,1,1,128,1,1,16,0.000,0.000,,,,,NVIDIA A100-SXM4-40GB MIG 4g.20gb (0),1,,13,cupy_copy__float32_float32
1686136365,3168,26381,103,1,1,128,1,1,16,0.000,0.000,,,,,NVIDIA A100-SXM4-40GB MIG 4g.20gb (0),1,,13,cupy_copy__complex64_complex64
1686140589,12096,26391,1434,1,1,128,1,1,16,0.000,0.000,,,,,NVIDIA A100-SXM4-40GB MIG 4g.20gb (0),1,,13,cupy_copy__complex64_complex64
1686160909,87167,26396,1,1,1,32,32,1,30,0.000,0.000,,,,,NVIDIA A100-SXM4-40GB MIG 4g.20gb (0),1,,13,"void convert_kernel<__half2, float2>(tensor_layout_any, T1 *, tensor_layout_any, const T2 *)"
1686274892,5792,26399,,,,,,,,,,0.094,16176.708,Pinned,Device,NVIDIA A100-SXM4-40GB MIG 4g.20gb (0),1,,13,[CUDA memcpy Host-to-Device]
1686284620,598040,26400,,,,,,,,,,456.561,763370.728,Device,,NVIDIA A100-SXM4-40GB MIG 4g.20gb (0),1,,13,[CUDA memset]
1686890084,145118,26405,,,,,,,,,,1.235,8508.764,Pinned,Device,NVIDIA A100-SXM4-40GB MIG 4g.20gb (0),1,,13,[CUDA memcpy Host-to-Device]
1687047330,40224,26406,,,,,,,,,,0.197,4887.675,Pinned,Device,NVIDIA A100-SXM4-40GB MIG 4g.20gb (0),1,,13,[CUDA memcpy Host-to-Device]
1687114017,7712,26407,69,4,1,48,1,1,76,0.002,0.000,,,,,NVIDIA A100-SXM4-40GB MIG 4g.20gb (0),1,,13,"void ch_est::windowedChEstPreNoDftSOfdmKernel<float, __half, float, (unsigned int)2, (unsigned int)1, (unsigned short)4>(ch_est::puschRxChEstStatDescr_t *, ch_est::puschRxChEstDynDescr_t *)"
1687133345,6560,26408,137,2,1,24,2,1,44,0.001,0.001,,,,,NVIDIA A100-SXM4-40GB MIG 4g.20gb (0),1,,13,"void ch_est::chEstFilterNoDftSOfdmDispatchKernel<float, __half, float, (unsigned int)2>(ch_est::puschRxChEstStatDescr_t *, ch_est::puschRxChEstDynDescr_t *)"
1687150049,4736,26409,137,2,1,24,2,1,44,0.001,0.001,,,,,NVIDIA A100-SXM4-40GB MIG 4g.20gb (0),1,,13,"void ch_est::chEstFilterNoDftSOfdmDispatchKernel<float, __half, float, (unsigned int)2>(ch_est::puschRxChEstStatDescr_t *, ch_est::puschRxChEstDynDescr_t *)"
1687167009,2656,26420,103,1,1,128,1,1,16,0.000,0.000,,,,,NVIDIA A100-SXM4-40GB MIG 4g.20gb (0),1,,13,cupy_copy__complex64_complex64
1687183744,12704,26430,1434,1,1,128,1,1,16,0.000,0.000,,,,,NVIDIA A100-SXM4-40GB MIG 4g.20gb (0),1,,13,cupy_copy__complex64_complex64
1687208320,2528,26437,103,1,1,128,1,1,16,0.000,0.000,,,,,NVIDIA A100-SXM4-40GB MIG 4g.20gb (0),1,,13,cupy_copy__complex64_complex64
1687229184,85983,26444,1,1,1,32,32,1,30,0.000,0.000,,,,,NVIDIA A100-SXM4-40GB MIG 4g.20gb (0),1,,13,"void convert_kernel<__half2, float2>(tensor_layout_any, T1 *, tensor_layout_any, const T2 *)"
1687345182,13120,26447,,,,,,,,,,0.094,7141.415,Pinned,Device,NVIDIA A100-SXM4-40GB MIG 4g.20gb (0),1,,13,[CUDA memcpy Host-to-Device]
1687363134,47232,26448,,,,,,,,,,35.810,758167.626,Device,,NVIDIA A100-SXM4-40GB MIG 4g.20gb (0),1,,13,[CUDA memset]
1687416414,8895,26450,,,,,,,,,,0.000,8.994,Pinned,Device,NVIDIA A100-SXM4-40GB MIG 4g.20gb (0),1,,13,[CUDA memcpy Host-to-Device]
1687428733,22304,26451,,,,,,,,,,0.197,8814.920,Pinned,Device,NVIDIA A100-SXM4-40GB MIG 4g.20gb (0),1,,13,[CUDA memcpy Host-to-Device]
1687463837,9792,26452,273,1,1,48,1,1,40,0.000,0.001,,,,,NVIDIA A100-SXM4-40GB MIG 4g.20gb (0),1,,13,"void pusch_noise_intf_est::noiseIntfEstNoDftSOfdmKernel<float, __half, float, float, (unsigned int)2, (unsigned int)1, (unsigned char)4, (unsigned char)4>(pusch_noise_intf_est::puschRxNoiseIntfEstDynDescr)"
1687483805,2752,26463,35,1,1,128,1,1,16,0.000,0.000,,,,,NVIDIA A100-SXM4-40GB MIG 4g.20gb (0),1,,13,cupy_copy__complex64_complex64
1687492893,1792,26472,1,1,1,1,1,1,18,0.000,0.000,,,,,NVIDIA A100-SXM4-40GB MIG 4g.20gb (0),1,,13,cupy_copy__float32_float32
1687499005,6751,26478,,,,,,,,,,0.000,0.593,Device,Pageable,NVIDIA A100-SXM4-40GB MIG 4g.20gb (0),1,,7,[CUDA memcpy Device-to-Host]
1687578876,12927,26489,1434,1,1,128,1,1,16,0.000,0.000,,,,,NVIDIA A100-SXM4-40GB MIG 4g.20gb (0),1,,13,cupy_copy__complex64_complex64
1687604123,3392,26496,103,1,1,128,1,1,16,0.000,0.000,,,,,NVIDIA A100-SXM4-40GB MIG 4g.20gb (0),1,,13,cupy_copy__complex64_complex64
1687624027,2624,26503,35,1,1,128,1,1,16,0.000,0.000,,,,,NVIDIA A100-SXM4-40GB MIG 4g.20gb (0),1,,13,cupy_copy__complex64_complex64
1687642139,1888,26510,1,1,1,1,1,1,18,0.000,0.000,,,,,NVIDIA A100-SXM4-40GB MIG 4g.20gb (0),1,,13,cupy_copy__float32_float32
1687768793,82303,26521,1,1,1,32,32,1,30,0.000,0.000,,,,,NVIDIA A100-SXM4-40GB MIG 4g.20gb (0),1,,13,"void convert_kernel<__half2, float2>(tensor_layout_any, T1 *, tensor_layout_any, const T2 *)"
1687878648,5952,26524,,,,,,,,,,0.094,15741.865,Pinned,Device,NVIDIA A100-SXM4-40GB MIG 4g.20gb (0),1,,13,[CUDA memcpy Host-to-Device]
1687893336,3616,26525,,,,,,,,,,1.547,427715.774,Device,,NVIDIA A100-SXM4-40GB MIG 4g.20gb (0),1,,13,[CUDA memset]
1687900600,3840,26530,,,,,,,,,,0.031,8149.979,Pinned,Device,NVIDIA A100-SXM4-40GB MIG 4g.20gb (0),1,,13,[CUDA memcpy Host-to-Device]
1687906840,10303,26531,,,,,,,,,,0.197,19082.576,Pinned,Device,NVIDIA A100-SXM4-40GB MIG 4g.20gb (0),1,,13,[CUDA memcpy Host-to-Device]
1687922871,6336,26532,273,1,1,8,4,1,39,0.002,0.000,,,,,NVIDIA A100-SXM4-40GB MIG 4g.20gb (0),1,,13,"void channel_eq::eqMmseCoefCompLowMimoKernel<float, float, float, (unsigned int)4, (unsigned int)1, (unsigned int)4>(const channel_eq::_puschRxChEqStatDescr *, channel_eq::_puschRxChEqCoefCompDynDescr)"
1687930263,8064,26533,273,1,1,12,11,1,51,0.002,0.000,,,,,NVIDIA A100-SXM4-40GB MIG 4g.20gb (0),1,,13,"void channel_eq::eqMmseSoftDemapKernel<float, __half, __half, float, (unsigned int)4, (unsigned short)16383>(channel_eq::_puschRxChEqStatDescr *, channel_eq::_puschRxChEqSoftDemapDynDescr)"
1687939511,294908,26534,1,1,1,32,32,1,30,0.000,0.000,,,,,NVIDIA A100-SXM4-40GB MIG 4g.20gb (0),1,,13,"void convert_kernel<float2, __half2>(tensor_layout_any, T1 *, tensor_layout_any, const T2 *)"
1688237427,10944,26546,2253,1,1,128,1,1,16,0.000,0.000,,,,,NVIDIA A100-SXM4-40GB MIG 4g.20gb (0),1,,13,cupy_copy__float16_float16
1688251795,3424,26555,282,1,1,128,1,1,16,0.000,0.000,,,,,NVIDIA A100-SXM4-40GB MIG 4g.20gb (0),1,,13,cupy_copy__complex64_complex64
1688256659,2016,26564,26,1,1,128,1,1,16,0.000,0.000,,,,,NVIDIA A100-SXM4-40GB MIG 4g.20gb (0),1,,13,cupy_copy__float32_float32
1688260947,2848,26573,103,1,1,128,1,1,16,0.000,0.000,,,,,NVIDIA A100-SXM4-40GB MIG 4g.20gb (0),1,,13,cupy_copy__complex64_complex64
1688264883,11936,26583,1434,1,1,128,1,1,16,0.000,0.000,,,,,NVIDIA A100-SXM4-40GB MIG 4g.20gb (0),1,,13,cupy_copy__complex64_complex64
1688279251,82175,26588,1,1,1,32,32,1,30,0.000,0.000,,,,,NVIDIA A100-SXM4-40GB MIG 4g.20gb (0),1,,13,"void convert_kernel<__half2, float2>(tensor_layout_any, T1 *, tensor_layout_any, const T2 *)"
1688388850,5343,26591,,,,,,,,,,0.094,17536.143,Pinned,Device,NVIDIA A100-SXM4-40GB MIG 4g.20gb (0),1,,13,[CUDA memcpy Host-to-Device]
1688398353,598649,26592,,,,,,,,,,456.561,762457.605,Device,,NVIDIA A100-SXM4-40GB MIG 4g.20gb (0),1,,13,[CUDA memset]
1689002570,144094,26597,,,,,,,,,,1.235,8569.276,Pinned,Device,NVIDIA A100-SXM4-40GB MIG 4g.20gb (0),1,,13,[CUDA memcpy Host-to-Device]
1689156392,32736,26598,,,,,,,,,,0.197,6005.785,Pinned,Device,NVIDIA A100-SXM4-40GB MIG 4g.20gb (0),1,,13,[CUDA memcpy Host-to-Device]
1689206599,8000,26599,69,4,1,48,1,1,76,0.002,0.000,,,,,NVIDIA A100-SXM4-40GB MIG 4g.20gb (0),1,,13,"void ch_est::windowedChEstPreNoDftSOfdmKernel<float, __half, float, (unsigned int)2, (unsigned int)1, (unsigned short)4>(ch_est::puschRxChEstStatDescr_t *, ch_est::puschRxChEstDynDescr_t *)"
1689222119,7008,26600,137,2,1,24,2,1,44,0.001,0.001,,,,,NVIDIA A100-SXM4-40GB MIG 4g.20gb (0),1,,13,"void ch_est::chEstFilterNoDftSOfdmDispatchKernel<float, __half, float, (unsigned int)2>(ch_est::puschRxChEstStatDescr_t *, ch_est::puschRxChEstDynDescr_t *)"
1689247367,4704,26601,137,2,1,24,2,1,44,0.001,0.001,,,,,NVIDIA A100-SXM4-40GB MIG 4g.20gb (0),1,,13,"void ch_est::chEstFilterNoDftSOfdmDispatchKernel<float, __half, float, (unsigned int)2>(ch_est::puschRxChEstStatDescr_t *, ch_est::puschRxChEstDynDescr_t *)"
1689263719,2752,26612,103,1,1,128,1,1,16,0.000,0.000,,,,,NVIDIA A100-SXM4-40GB MIG 4g.20gb (0),1,,13,cupy_copy__complex64_complex64
1689280102,12896,26622,1434,1,1,128,1,1,16,0.000,0.000,,,,,NVIDIA A100-SXM4-40GB MIG 4g.20gb (0),1,,13,cupy_copy__complex64_complex64
1689308614,2496,26629,103,1,1,128,1,1,16,0.000,0.000,,,,,NVIDIA A100-SXM4-40GB MIG 4g.20gb (0),1,,13,cupy_copy__complex64_complex64
1689324006,87615,26636,1,1,1,32,32,1,30,0.000,0.000,,,,,NVIDIA A100-SXM4-40GB MIG 4g.20gb (0),1,,13,"void convert_kernel<__half2, float2>(tensor_layout_any, T1 *, tensor_layout_any, const T2 *)"
1689442436,27424,26639,,,,,,,,,,0.094,3416.531,Pinned,Device,NVIDIA A100-SXM4-40GB MIG 4g.20gb (0),1,,13,[CUDA memcpy Host-to-Device]
1689491748,47007,26640,,,,,,,,,,35.810,761784.428,Device,,NVIDIA A100-SXM4-40GB MIG 4g.20gb (0),1,,13,[CUDA memset]
1689544963,5088,26642,,,,,,,,,,0.000,15.723,Pinned,Device,NVIDIA A100-SXM4-40GB MIG 4g.20gb (0),1,,13,[CUDA memcpy Host-to-Device]
1689561475,21504,26643,,,,,,,,,,0.197,9142.665,Pinned,Device,NVIDIA A100-SXM4-40GB MIG 4g.20gb (0),1,,13,[CUDA memcpy Host-to-Device]
1689599107,10047,26644,273,1,1,48,1,1,40,0.000,0.001,,,,,NVIDIA A100-SXM4-40GB MIG 4g.20gb (0),1,,13,"void pusch_noise_intf_est::noiseIntfEstNoDftSOfdmKernel<float, __half, float, float, (unsigned int)2, (unsigned int)1, (unsigned char)4, (unsigned char)4>(pusch_noise_intf_est::puschRxNoiseIntfEstDynDescr)"
1689620322,2816,26655,35,1,1,128,1,1,16,0.000,0.000,,,,,NVIDIA A100-SXM4-40GB MIG 4g.20gb (0),1,,13,cupy_copy__complex64_complex64
1689628898,2016,26664,1,1,1,1,1,1,18,0.000,0.000,,,,,NVIDIA A100-SXM4-40GB MIG 4g.20gb (0),1,,13,cupy_copy__float32_float32
1689634370,1984,26670,,,,,,,,,,0.000,2.016,Device,Pageable,NVIDIA A100-SXM4-40GB MIG 4g.20gb (0),1,,7,[CUDA memcpy Device-to-Host]
1689705761,13472,26681,1434,1,1,128,1,1,16,0.000,0.000,,,,,NVIDIA A100-SXM4-40GB MIG 4g.20gb (0),1,,13,cupy_copy__complex64_complex64
1689730081,2944,26688,103,1,1,128,1,1,16,0.000,0.000,,,,,NVIDIA A100-SXM4-40GB MIG 4g.20gb (0),1,,13,cupy_copy__complex64_complex64
1689749697,2496,26695,35,1,1,128,1,1,16,0.000,0.000,,,,,NVIDIA A100-SXM4-40GB MIG 4g.20gb (0),1,,13,cupy_copy__complex64_complex64
1689774336,1824,26702,1,1,1,1,1,1,18,0.000,0.000,,,,,NVIDIA A100-SXM4-40GB MIG 4g.20gb (0),1,,13,cupy_copy__float32_float32
1689906303,86463,26713,1,1,1,32,32,1,30,0.000,0.000,,,,,NVIDIA A100-SXM4-40GB MIG 4g.20gb (0),1,,13,"void convert_kernel<__half2, float2>(tensor_layout_any, T1 *, tensor_layout_any, const T2 *)"
1690021117,12352,26716,,,,,,,,,,0.094,7585.441,Pinned,Device,NVIDIA A100-SXM4-40GB MIG 4g.20gb (0),1,,13,[CUDA memcpy Host-to-Device]
1690042621,3456,26717,,,,,,,,,,1.547,447517.201,Device,,NVIDIA A100-SXM4-40GB MIG 4g.20gb (0),1,,13,[CUDA memset]
1690051837,4192,26722,,,,,,,,,,0.031,7465.630,Pinned,Device,NVIDIA A100-SXM4-40GB MIG 4g.20gb (0),1,,13,[CUDA memcpy Host-to-Device]
1690061405,13568,26723,,,,,,,,,,0.197,14490.403,Pinned,Device,NVIDIA A100-SXM4-40GB MIG 4g.20gb (0),1,,13,[CUDA memcpy Host-to-Device]
1690085277,8255,26724,273,1,1,8,4,1,39,0.002,0.000,,,,,NVIDIA A100-SXM4-40GB MIG 4g.20gb (0),1,,13,"void channel_eq::eqMmseCoefCompLowMimoKernel<float, float, float, (unsigned int)4, (unsigned int)1, (unsigned int)4>(const channel_eq::_puschRxChEqStatDescr *, channel_eq::_puschRxChEqCoefCompDynDescr)"
1690097980,6304,26725,273,1,1,12,11,1,51,0.002,0.000,,,,,NVIDIA A100-SXM4-40GB MIG 4g.20gb (0),1,,13,"void channel_eq::eqMmseSoftDemapKernel<float, __half, __half, float, (unsigned int)4, (unsigned short)16383>(channel_eq::_puschRxChEqStatDescr *, channel_eq::_puschRxChEqSoftDemapDynDescr)"
1690107356,282781,26726,1,1,1,32,32,1,30,0.000,0.000,,,,,NVIDIA A100-SXM4-40GB MIG 4g.20gb (0),1,,13,"void convert_kernel<float2, __half2>(tensor_layout_any, T1 *, tensor_layout_any, const T2 *)"
1690391385,10848,26738,2253,1,1,128,1,1,16,0.000,0.000,,,,,NVIDIA A100-SXM4-40GB MIG 4g.20gb (0),1,,13,cupy_copy__float16_float16
1690404185,2944,26747,282,1,1,128,1,1,16,0.000,0.000,,,,,NVIDIA A100-SXM4-40GB MIG 4g.20gb (0),1,,13,cupy_copy__complex64_complex64
1690408729,2015,26756,26,1,1,128,1,1,16,0.000,0.000,,,,,NVIDIA A100-SXM4-40GB MIG 4g.20gb (0),1,,13,cupy_copy__float32_float32
1690414488,2912,26765,103,1,1,128,1,1,16,0.000,0.000,,,,,NVIDIA A100-SXM4-40GB MIG 4g.20gb (0),1,,13,cupy_copy__complex64_complex64
1690418904,12288,26775,1434,1,1,128,1,1,16,0.000,0.000,,,,,NVIDIA A100-SXM4-40GB MIG 4g.20gb (0),1,,13,cupy_copy__complex64_complex64
1690434616,90431,26780,1,1,1,32,32,1,30,0.000,0.000,,,,,NVIDIA A100-SXM4-40GB MIG 4g.20gb (0),1,,13,"void convert_kernel<__half2, float2>(tensor_layout_any, T1 *, tensor_layout_any, const T2 *)"
1690552503,5760,26783,,,,,,,,,,0.094,16266.656,Pinned,Device,NVIDIA A100-SXM4-40GB MIG 4g.20gb (0),1,,13,[CUDA memcpy Host-to-Device]
1690562519,595064,26784,,,,,,,,,,456.561,767023.219,Device,,NVIDIA A100-SXM4-40GB MIG 4g.20gb (0),1,,13,[CUDA memset]
1691158447,136447,26789,,,,,,,,,,1.235,9049.670,Pinned,Device,NVIDIA A100-SXM4-40GB MIG 4g.20gb (0),1,,13,[CUDA memcpy Host-to-Device]
1691307405,40256,26790,,,,,,,,,,0.197,4883.939,Pinned,Device,NVIDIA A100-SXM4-40GB MIG 4g.20gb (0),1,,13,[CUDA memcpy Host-to-Device]
1691381164,8448,26791,69,4,1,48,1,1,76,0.002,0.000,,,,,NVIDIA A100-SXM4-40GB MIG 4g.20gb (0),1,,13,"void ch_est::windowedChEstPreNoDftSOfdmKernel<float, __half, float, (unsigned int)2, (unsigned int)1, (unsigned short)4>(ch_est::puschRxChEstStatDescr_t *, ch_est::puschRxChEstDynDescr_t *)"
1691400652,6528,26792,137,2,1,24,2,1,44,0.001,0.001,,,,,NVIDIA A100-SXM4-40GB MIG 4g.20gb (0),1,,13,"void ch_est::chEstFilterNoDftSOfdmDispatchKernel<float, __half, float, (unsigned int)2>(ch_est::puschRxChEstStatDescr_t *, ch_est::puschRxChEstDynDescr_t *)"
1691418316,4768,26793,137,2,1,24,2,1,44,0.001,0.001,,,,,NVIDIA A100-SXM4-40GB MIG 4g.20gb (0),1,,13,"void ch_est::chEstFilterNoDftSOfdmDispatchKernel<float, __half, float, (unsigned int)2>(ch_est::puschRxChEstStatDescr_t *, ch_est::puschRxChEstDynDescr_t *)"
1691438700,2656,26804,103,1,1,128,1,1,16,0.000,0.000,,,,,NVIDIA A100-SXM4-40GB MIG 4g.20gb (0),1,,13,cupy_copy__complex64_complex64
1691455468,12383,26814,1434,1,1,128,1,1,16,0.000,0.000,,,,,NVIDIA A100-SXM4-40GB MIG 4g.20gb (0),1,,13,cupy_copy__complex64_complex64
1691478411,2592,26821,103,1,1,128,1,1,16,0.000,0.000,,,,,NVIDIA A100-SXM4-40GB MIG 4g.20gb (0),1,,13,cupy_copy__complex64_complex64
1691501995,91551,26828,1,1,1,32,32,1,30,0.000,0.000,,,,,NVIDIA A100-SXM4-40GB MIG 4g.20gb (0),1,,13,"void convert_kernel<__half2, float2>(tensor_layout_any, T1 *, tensor_layout_any, const T2 *)"
1691626217,19360,26831,,,,,,,,,,0.094,4839.586,Pinned,Device,NVIDIA A100-SXM4-40GB MIG 4g.20gb (0),1,,13,[CUDA memcpy Host-to-Device]
1691665033,46239,26832,,,,,,,,,,35.810,774425.330,Device,,NVIDIA A100-SXM4-40GB MIG 4g.20gb (0),1,,13,[CUDA memset]
1691714440,10656,26834,,,,,,,,,,0.000,7.507,Pinned,Device,NVIDIA A100-SXM4-40GB MIG 4g.20gb (0),1,,13,[CUDA memcpy Host-to-Device]
1691734984,23168,26835,,,,,,,,,,0.197,8485.994,Pinned,Device,NVIDIA A100-SXM4-40GB MIG 4g.20gb (0),1,,13,[CUDA memcpy Host-to-Device]
1691777064,9375,26836,273,1,1,48,1,1,40,0.000,0.001,,,,,NVIDIA A100-SXM4-40GB MIG 4g.20gb (0),1,,13,"void pusch_noise_intf_est::noiseIntfEstNoDftSOfdmKernel<float, __half, float, float, (unsigned int)2, (unsigned int)1, (unsigned char)4, (unsigned char)4>(pusch_noise_intf_est::puschRxNoiseIntfEstDynDescr)"
1691802343,2560,26847,35,1,1,128,1,1,16,0.000,0.000,,,,,NVIDIA A100-SXM4-40GB MIG 4g.20gb (0),1,,13,cupy_copy__complex64_complex64
1691814631,1760,26856,1,1,1,1,1,1,18,0.000,0.000,,,,,NVIDIA A100-SXM4-40GB MIG 4g.20gb (0),1,,13,cupy_copy__float32_float32
1691819559,6656,26862,,,,,,,,,,0.000,0.601,Device,Pageable,NVIDIA A100-SXM4-40GB MIG 4g.20gb (0),1,,7,[CUDA memcpy Device-to-Host]
1691899366,12800,26873,1434,1,1,128,1,1,16,0.000,0.000,,,,,NVIDIA A100-SXM4-40GB MIG 4g.20gb (0),1,,13,cupy_copy__complex64_complex64
1691923910,3360,26880,103,1,1,128,1,1,16,0.000,0.000,,,,,NVIDIA A100-SXM4-40GB MIG 4g.20gb (0),1,,13,cupy_copy__complex64_complex64
1691950053,2560,26887,35,1,1,128,1,1,16,0.000,0.000,,,,,NVIDIA A100-SXM4-40GB MIG 4g.20gb (0),1,,13,cupy_copy__complex64_complex64
1691962277,1952,26894,1,1,1,1,1,1,18,0.000,0.000,,,,,NVIDIA A100-SXM4-40GB MIG 4g.20gb (0),1,,13,cupy_copy__float32_float32
1692089924,82879,26905,1,1,1,32,32,1,30,0.000,0.000,,,,,NVIDIA A100-SXM4-40GB MIG 4g.20gb (0),1,,13,"void convert_kernel<__half2, float2>(tensor_layout_any, T1 *, tensor_layout_any, const T2 *)"
1692200482,5600,26908,,,,,,,,,,0.094,16731.388,Pinned,Device,NVIDIA A100-SXM4-40GB MIG 4g.20gb (0),1,,13,[CUDA memcpy Host-to-Device]
1692215170,3392,26909,,,,,,,,,,1.547,455961.768,Device,,NVIDIA A100-SXM4-40GB MIG 4g.20gb (0),1,,13,[CUDA memset]
1692221730,3200,26914,,,,,,,,,,0.031,9780.000,Pinned,Device,NVIDIA A100-SXM4-40GB MIG 4g.20gb (0),1,,13,[CUDA memcpy Host-to-Device]
1692227362,9664,26915,,,,,,,,,,0.197,20344.209,Pinned,Device,NVIDIA A100-SXM4-40GB MIG 4g.20gb (0),1,,13,[CUDA memcpy Host-to-Device]
1692240802,8448,26916,273,1,1,8,4,1,39,0.002,0.000,,,,,NVIDIA A100-SXM4-40GB MIG 4g.20gb (0),1,,13,"void channel_eq::eqMmseCoefCompLowMimoKernel<float, float, float, (unsigned int)4, (unsigned int)1, (unsigned int)4>(const channel_eq::_puschRxChEqStatDescr *, channel_eq::_puschRxChEqCoefCompDynDescr)"
1692250370,6112,26917,273,1,1,12,11,1,51,0.002,0.000,,,,,NVIDIA A100-SXM4-40GB MIG 4g.20gb (0),1,,13,"void channel_eq::eqMmseSoftDemapKernel<float, __half, __half, float, (unsigned int)4, (unsigned short)16383>(channel_eq::_puschRxChEqStatDescr *, channel_eq::_puschRxChEqSoftDemapDynDescr)"
1692257506,282620,26918,1,1,1,32,32,1,30,0.000,0.000,,,,,NVIDIA A100-SXM4-40GB MIG 4g.20gb (0),1,,13,"void convert_kernel<float2, __half2>(tensor_layout_any, T1 *, tensor_layout_any, const T2 *)"
1692541758,11008,26930,2253,1,1,128,1,1,16,0.000,0.000,,,,,NVIDIA A100-SXM4-40GB MIG 4g.20gb (0),1,,13,cupy_copy__float16_float16
1692556382,3712,26939,282,1,1,128,1,1,16,0.000,0.000,,,,,NVIDIA A100-SXM4-40GB MIG 4g.20gb (0),1,,13,cupy_copy__complex64_complex64
1692561214,2048,26948,26,1,1,128,1,1,16,0.000,0.000,,,,,NVIDIA A100-SXM4-40GB MIG 4g.20gb (0),1,,13,cupy_copy__float32_float32
1692564798,3136,26957,103,1,1,128,1,1,16,0.000,0.000,,,,,NVIDIA A100-SXM4-40GB MIG 4g.20gb (0),1,,13,cupy_copy__complex64_complex64
1692568894,11904,26967,1434,1,1,128,1,1,16,0.000,0.000,,,,,NVIDIA A100-SXM4-40GB MIG 4g.20gb (0),1,,13,cupy_copy__complex64_complex64
1692590429,82271,26972,1,1,1,32,32,1,30,0.000,0.000,,,,,NVIDIA A100-SXM4-40GB MIG 4g.20gb (0),1,,13,"void convert_kernel<__half2, float2>(tensor_layout_any, T1 *, tensor_layout_any, const T2 *)"
1692699420,5568,26975,,,,,,,,,,0.094,16827.521,Pinned,Device,NVIDIA A100-SXM4-40GB MIG 4g.20gb (0),1,,13,[CUDA memcpy Host-to-Device]
1692710108,601113,26976,,,,,,,,,,456.561,759261.675,Device,,NVIDIA A100-SXM4-40GB MIG 4g.20gb (0),1,,13,[CUDA memset]
1693318676,77088,26981,,,,,,,,,,1.235,16019.694,Pinned,Device,NVIDIA A100-SXM4-40GB MIG 4g.20gb (0),1,,13,[CUDA memcpy Host-to-Device]
1693401555,16896,26982,,,,,,,,,,0.197,11636.244,Pinned,Device,NVIDIA A100-SXM4-40GB MIG 4g.20gb (0),1,,13,[CUDA memcpy Host-to-Device]
1693433683,8128,26983,69,4,1,48,1,1,76,0.002,0.000,,,,,NVIDIA A100-SXM4-40GB MIG 4g.20gb (0),1,,13,"void ch_est::windowedChEstPreNoDftSOfdmKernel<float, __half, float, (unsigned int)2, (unsigned int)1, (unsigned short)4>(ch_est::puschRxChEstStatDescr_t *, ch_est::puschRxChEstDynDescr_t *)"
1693450451,6656,26984,137,2,1,24,2,1,44,0.001,0.001,,,,,NVIDIA A100-SXM4-40GB MIG 4g.20gb (0),1,,13,"void ch_est::chEstFilterNoDftSOfdmDispatchKernel<float, __half, float, (unsigned int)2>(ch_est::puschRxChEstStatDescr_t *, ch_est::puschRxChEstDynDescr_t *)"
1693466131,5088,26985,137,2,1,24,2,1,44,0.001,0.001,,,,,NVIDIA A100-SXM4-40GB MIG 4g.20gb (0),1,,13,"void ch_est::chEstFilterNoDftSOfdmDispatchKernel<float, __half, float, (unsigned int)2>(ch_est::puschRxChEstStatDescr_t *, ch_est::puschRxChEstDynDescr_t *)"
1693474643,3071,26996,103,1,1,128,1,1,16,0.000,0.000,,,,,NVIDIA A100-SXM4-40GB MIG 4g.20gb (0),1,,13,cupy_copy__complex64_complex64
1693484178,12896,27006,1434,1,1,128,1,1,16,0.000,0.000,,,,,NVIDIA A100-SXM4-40GB MIG 4g.20gb (0),1,,13,cupy_copy__complex64_complex64
1693499698,2880,27013,103,1,1,128,1,1,16,0.000,0.000,,,,,NVIDIA A100-SXM4-40GB MIG 4g.20gb (0),1,,13,cupy_copy__complex64_complex64
1693508690,94399,27020,1,1,1,32,32,1,30,0.000,0.000,,,,,NVIDIA A100-SXM4-40GB MIG 4g.20gb (0),1,,13,"void convert_kernel<__half2, float2>(tensor_layout_any, T1 *, tensor_layout_any, const T2 *)"
1693632433,14175,27023,,,,,,,,,,0.094,6609.878,Pinned,Device,NVIDIA A100-SXM4-40GB MIG 4g.20gb (0),1,,13,[CUDA memcpy Host-to-Device]
1693656528,47712,27024,,,,,,,,,,35.810,750540.113,Device,,NVIDIA A100-SXM4-40GB MIG 4g.20gb (0),1,,13,[CUDA memset]
1693705744,9184,27026,,,,,,,,,,0.000,8.711,Pinned,Device,NVIDIA A100-SXM4-40GB MIG 4g.20gb (0),1,,13,[CUDA memcpy Host-to-Device]
1693722767,16256,27027,,,,,,,,,,0.197,12094.341,Pinned,Device,NVIDIA A100-SXM4-40GB MIG 4g.20gb (0),1,,13,[CUDA memcpy Host-to-Device]
1693751183,10240,27028,273,1,1,48,1,1,40,0.000,0.001,,,,,NVIDIA A100-SXM4-40GB MIG 4g.20gb (0),1,,13,"void pusch_noise_intf_est::noiseIntfEstNoDftSOfdmKernel<float, __half, float, float, (unsigned int)2, (unsigned int)1, (unsigned char)4, (unsigned char)4>(pusch_noise_intf_est::puschRxNoiseIntfEstDynDescr)"
1693772559,2784,27039,35,1,1,128,1,1,16,0.000,0.000,,,,,NVIDIA A100-SXM4-40GB MIG 4g.20gb (0),1,,13,cupy_copy__complex64_complex64
1693782831,1920,27048,1,1,1,1,1,1,18,0.000,0.000,,,,,NVIDIA A100-SXM4-40GB MIG 4g.20gb (0),1,,13,cupy_copy__float32_float32
1693791439,7104,27054,,,,,,,,,,0.000,0.563,Device,Pageable,NVIDIA A100-SXM4-40GB MIG 4g.20gb (0),1,,7,[CUDA memcpy Device-to-Host]
1693871502,12895,27065,1434,1,1,128,1,1,16,0.000,0.000,,,,,NVIDIA A100-SXM4-40GB MIG 4g.20gb (0),1,,13,cupy_copy__complex64_complex64
1693895949,3424,27072,103,1,1,128,1,1,16,0.000,0.000,,,,,NVIDIA A100-SXM4-40GB MIG 4g.20gb (0),1,,13,cupy_copy__complex64_complex64
1693914669,2624,27079,35,1,1,128,1,1,16,0.000,0.000,,,,,NVIDIA A100-SXM4-40GB MIG 4g.20gb (0),1,,13,cupy_copy__complex64_complex64
1693935373,1824,27086,1,1,1,1,1,1,18,0.000,0.000,,,,,NVIDIA A100-SXM4-40GB MIG 4g.20gb (0),1,,13,cupy_copy__float32_float32
1694060299,82623,27097,1,1,1,32,32,1,30,0.000,0.000,,,,,NVIDIA A100-SXM4-40GB MIG 4g.20gb (0),1,,13,"void convert_kernel<__half2, float2>(tensor_layout_any, T1 *, tensor_layout_any, const T2 *)"
1694170058,5440,27100,,,,,,,,,,0.094,17223.480,Pinned,Device,NVIDIA A100-SXM4-40GB MIG 4g.20gb (0),1,,13,[CUDA memcpy Host-to-Device]
1694184042,3200,27101,,,,,,,,,,1.547,483320.000,Device,,NVIDIA A100-SXM4-40GB MIG 4g.20gb (0),1,,13,[CUDA memset]
1694190858,3776,27106,,,,,,,,,,0.031,8288.120,Pinned,Device,NVIDIA A100-SXM4-40GB MIG 4g.20gb (0),1,,13,[CUDA memcpy Host-to-Device]
1694196714,9823,27107,,,,,,,,,,0.197,20014.891,Pinned,Device,NVIDIA A100-SXM4-40GB MIG 4g.20gb (0),1,,13,[CUDA memcpy Host-to-Device]
1694211881,6304,27108,273,1,1,8,4,1,39,0.002,0.000,,,,,NVIDIA A100-SXM4-40GB MIG 4g.20gb (0),1,,13,"void channel_eq::eqMmseCoefCompLowMimoKernel<float, float, float, (unsigned int)4, (unsigned int)1, (unsigned int)4>(const channel_eq::_puschRxChEqStatDescr *, channel_eq::_puschRxChEqCoefCompDynDescr)"
1694219145,7808,27109,273,1,1,12,11,1,51,0.002,0.000,,,,,NVIDIA A100-SXM4-40GB MIG 4g.20gb (0),1,,13,"void channel_eq::eqMmseSoftDemapKernel<float, __half, __half, float, (unsigned int)4, (unsigned short)16383>(channel_eq::_puschRxChEqStatDescr *, channel_eq::_puschRxChEqSoftDemapDynDescr)"
1694228041,282909,27110,1,1,1,32,32,1,30,0.000,0.000,,,,,NVIDIA A100-SXM4-40GB MIG 4g.20gb (0),1,,13,"void convert_kernel<float2, __half2>(tensor_layout_any, T1 *, tensor_layout_any, const T2 *)"
1694513158,10944,27122,2253,1,1,128,1,1,16,0.000,0.000,,,,,NVIDIA A100-SXM4-40GB MIG 4g.20gb (0),1,,13,cupy_copy__float16_float16
1694528229,3424,27131,282,1,1,128,1,1,16,0.000,0.000,,,,,NVIDIA A100-SXM4-40GB MIG 4g.20gb (0),1,,13,cupy_copy__complex64_complex64
1694533797,2112,27140,26,1,1,128,1,1,16,0.000,0.000,,,,,NVIDIA A100-SXM4-40GB MIG 4g.20gb (0),1,,13,cupy_copy__float32_float32
1694538981,5248,27149,103,1,1,128,1,1,16,0.000,0.000,,,,,NVIDIA A100-SXM4-40GB MIG 4g.20gb (0),1,,13,cupy_copy__complex64_complex64
1694546405,12096,27159,1434,1,1,128,1,1,16,0.000,0.000,,,,,NVIDIA A100-SXM4-40GB MIG 4g.20gb (0),1,,13,cupy_copy__complex64_complex64
1694563653,82623,27164,1,1,1,32,32,1,30,0.000,0.000,,,,,NVIDIA A100-SXM4-40GB MIG 4g.20gb (0),1,,13,"void convert_kernel<__half2, float2>(tensor_layout_any, T1 *, tensor_layout_any, const T2 *)"
1694673380,5504,27167,,,,,,,,,,0.094,17023.251,Pinned,Device,NVIDIA A100-SXM4-40GB MIG 4g.20gb (0),1,,13,[CUDA memcpy Host-to-Device]
1694683204,597176,27168,,,,,,,,,,456.561,764283.851,Device,,NVIDIA A100-SXM4-40GB MIG 4g.20gb (0),1,,13,[CUDA memset]
1695287484,117695,27173,,,,,,,,,,1.235,10492.084,Pinned,Device,NVIDIA A100-SXM4-40GB MIG 4g.20gb (0),1,,13,[CUDA memcpy Host-to-Device]
1695412315,26783,27174,,,,,,,,,,0.197,7340.753,Pinned,Device,NVIDIA A100-SXM4-40GB MIG 4g.20gb (0),1,,13,[CUDA memcpy Host-to-Device]
1695450682,8480,27175,69,4,1,48,1,1,76,0.002,0.000,,,,,NVIDIA A100-SXM4-40GB MIG 4g.20gb (0),1,,13,"void ch_est::windowedChEstPreNoDftSOfdmKernel<float, __half, float, (unsigned int)2, (unsigned int)1, (unsigned short)4>(ch_est::puschRxChEstStatDescr_t *, ch_est::puschRxChEstDynDescr_t *)"
1695465114,6464,27176,137,2,1,24,2,1,44,0.001,0.001,,,,,NVIDIA A100-SXM4-40GB MIG 4g.20gb (0),1,,13,"void ch_est::chEstFilterNoDftSOfdmDispatchKernel<float, __half, float, (unsigned int)2>(ch_est::puschRxChEstStatDescr_t *, ch_est::puschRxChEstDynDescr_t *)"
1695475514,5408,27177,137,2,1,24,2,1,44,0.001,0.001,,,,,NVIDIA A100-SXM4-40GB MIG 4g.20gb (0),1,,13,"void ch_est::chEstFilterNoDftSOfdmDispatchKernel<float, __half, float, (unsigned int)2>(ch_est::puschRxChEstStatDescr_t *, ch_est::puschRxChEstDynDescr_t *)"
1695484122,3104,27188,103,1,1,128,1,1,16,0.000,0.000,,,,,NVIDIA A100-SXM4-40GB MIG 4g.20gb (0),1,,13,cupy_copy__complex64_complex64
1695488634,12639,27198,1434,1,1,128,1,1,16,0.000,0.000,,,,,NVIDIA A100-SXM4-40GB MIG 4g.20gb (0),1,,13,cupy_copy__complex64_complex64
1695507161,2592,27205,103,1,1,128,1,1,16,0.000,0.000,,,,,NVIDIA A100-SXM4-40GB MIG 4g.20gb (0),1,,13,cupy_copy__complex64_complex64
1695511929,88671,27212,1,1,1,32,32,1,30,0.000,0.000,,,,,NVIDIA A100-SXM4-40GB MIG 4g.20gb (0),1,,13,"void convert_kernel<__half2, float2>(tensor_layout_any, T1 *, tensor_layout_any, const T2 *)"
1695628728,5888,27215,,,,,,,,,,0.094,15912.954,Pinned,Device,NVIDIA A100-SXM4-40GB MIG 4g.20gb (0),1,,13,[CUDA memcpy Host-to-Device]
1695641656,48319,27216,,,,,,,,,,35.810,741086.294,Device,,NVIDIA A100-SXM4-40GB MIG 4g.20gb (0),1,,13,[CUDA memset]
1695695287,3872,27218,,,,,,,,,,0.000,20.661,Pinned,Device,NVIDIA A100-SXM4-40GB MIG 4g.20gb (0),1,,13,[CUDA memcpy Host-to-Device]
1695704727,14016,27219,,,,,,,,,,0.197,14027.391,Pinned,Device,NVIDIA A100-SXM4-40GB MIG 4g.20gb (0),1,,13,[CUDA memcpy Host-to-Device]
1695730903,10527,27220,273,1,1,48,1,1,40,0.000,0.001,,,,,NVIDIA A100-SXM4-40GB MIG 4g.20gb (0),1,,13,"void pusch_noise_intf_est::noiseIntfEstNoDftSOfdmKernel<float, __half, float, float, (unsigned int)2, (unsigned int)1, (unsigned char)4, (unsigned char)4>(pusch_noise_intf_est::puschRxNoiseIntfEstDynDescr)"
1695743830,2944,27231,35,1,1,128,1,1,16,0.000,0.000,,,,,NVIDIA A100-SXM4-40GB MIG 4g.20gb (0),1,,13,cupy_copy__complex64_complex64
1695749686,1984,27240,1,1,1,1,1,1,18,0.000,0.000,,,,,NVIDIA A100-SXM4-40GB MIG 4g.20gb (0),1,,13,cupy_copy__float32_float32
1695779638,2336,27246,,,,,,,,,,0.000,1.712,Device,Pageable,NVIDIA A100-SXM4-40GB MIG 4g.20gb (0),1,,7,[CUDA memcpy Device-to-Host]
1695841589,12800,27257,1434,1,1,128,1,1,16,0.000,0.000,,,,,NVIDIA A100-SXM4-40GB MIG 4g.20gb (0),1,,13,cupy_copy__complex64_complex64
1695869365,2976,27264,103,1,1,128,1,1,16,0.000,0.000,,,,,NVIDIA A100-SXM4-40GB MIG 4g.20gb (0),1,,13,cupy_copy__complex64_complex64
1695887829,2400,27271,35,1,1,128,1,1,16,0.000,0.000,,,,,NVIDIA A100-SXM4-40GB MIG 4g.20gb (0),1,,13,cupy_copy__complex64_complex64
1695906676,1952,27278,1,1,1,1,1,1,18,0.000,0.000,,,,,NVIDIA A100-SXM4-40GB MIG 4g.20gb (0),1,,13,cupy_copy__float32_float32
1696038163,87583,27289,1,1,1,32,32,1,30,0.000,0.000,,,,,NVIDIA A100-SXM4-40GB MIG 4g.20gb (0),1,,13,"void convert_kernel<__half2, float2>(tensor_layout_any, T1 *, tensor_layout_any, const T2 *)"
1696154097,5632,27292,,,,,,,,,,0.094,16636.287,Pinned,Device,NVIDIA A100-SXM4-40GB MIG 4g.20gb (0),1,,13,[CUDA memcpy Host-to-Device]
1696167409,3520,27293,,,,,,,,,,1.547,439380.412,Device,,NVIDIA A100-SXM4-40GB MIG 4g.20gb (0),1,,13,[CUDA memset]
1696174545,3392,27298,,,,,,,,,,0.031,9226.405,Pinned,Device,NVIDIA A100-SXM4-40GB MIG 4g.20gb (0),1,,13,[CUDA memcpy Host-to-Device]
1696180497,9376,27299,,,,,,,,,,0.197,20969.226,Pinned,Device,NVIDIA A100-SXM4-40GB MIG 4g.20gb (0),1,,13,[CUDA memcpy Host-to-Device]
1696194929,6752,27300,273,1,1,8,4,1,39,0.002,0.000,,,,,NVIDIA A100-SXM4-40GB MIG 4g.20gb (0),1,,13,"void channel_eq::eqMmseCoefCompLowMimoKernel<float, float, float, (unsigned int)4, (unsigned int)1, (unsigned int)4>(const channel_eq::_puschRxChEqStatDescr *, channel_eq::_puschRxChEqCoefCompDynDescr)"
1696202769,6144,27301,273,1,1,12,11,1,51,0.002,0.000,,,,,NVIDIA A100-SXM4-40GB MIG 4g.20gb (0),1,,13,"void channel_eq::eqMmseSoftDemapKernel<float, __half, __half, float, (unsigned int)4, (unsigned short)16383>(channel_eq::_puschRxChEqStatDescr *, channel_eq::_puschRxChEqSoftDemapDynDescr)"
1696209905,289884,27302,1,1,1,32,32,1,30,0.000,0.000,,,,,NVIDIA A100-SXM4-40GB MIG 4g.20gb (0),1,,13,"void convert_kernel<float2, __half2>(tensor_layout_any, T1 *, tensor_layout_any, const T2 *)"
1696500813,10976,27314,2253,1,1,128,1,1,16,0.000,0.000,,,,,NVIDIA A100-SXM4-40GB MIG 4g.20gb (0),1,,13,cupy_copy__float16_float16
1696513965,2912,27323,282,1,1,128,1,1,16,0.000,0.000,,,,,NVIDIA A100-SXM4-40GB MIG 4g.20gb (0),1,,13,cupy_copy__complex64_complex64
1696521837,2048,27332,26,1,1,128,1,1,16,0.000,0.000,,,,,NVIDIA A100-SXM4-40GB MIG 4g.20gb (0),1,,13,cupy_copy__float32_float32
1696526541,4672,27341,103,1,1,128,1,1,16,0.000,0.000,,,,,NVIDIA A100-SXM4-40GB MIG 4g.20gb (0),1,,13,cupy_copy__complex64_complex64
1696532269,12383,27351,1434,1,1,128,1,1,16,0.000,0.000,,,,,NVIDIA A100-SXM4-40GB MIG 4g.20gb (0),1,,13,cupy_copy__complex64_complex64
1696546540,82431,27356,1,1,1,32,32,1,30,0.000,0.000,,,,,NVIDIA A100-SXM4-40GB MIG 4g.20gb (0),1,,13,"void convert_kernel<__half2, float2>(tensor_layout_any, T1 *, tensor_layout_any, const T2 *)"
1696655371,5536,27359,,,,,,,,,,0.094,16924.777,Pinned,Device,NVIDIA A100-SXM4-40GB MIG 4g.20gb (0),1,,13,[CUDA memcpy Host-to-Device]
1696665035,600601,27360,,,,,,,,,,456.561,759718.236,Device,,NVIDIA A100-SXM4-40GB MIG 4g.20gb (0),1,,13,[CUDA memset]
1697266500,133342,27365,,,,,,,,,,1.235,9260.845,Pinned,Device,NVIDIA A100-SXM4-40GB MIG 4g.20gb (0),1,,13,[CUDA memcpy Host-to-Device]
1697412322,40159,27366,,,,,,,,,,0.197,4895.736,Pinned,Device,NVIDIA A100-SXM4-40GB MIG 4g.20gb (0),1,,13,[CUDA memcpy Host-to-Device]
1697470273,7936,27367,69,4,1,48,1,1,76,0.002,0.000,,,,,NVIDIA A100-SXM4-40GB MIG 4g.20gb (0),1,,13,"void ch_est::windowedChEstPreNoDftSOfdmKernel<float, __half, float, (unsigned int)2, (unsigned int)1, (unsigned short)4>(ch_est::puschRxChEstStatDescr_t *, ch_est::puschRxChEstDynDescr_t *)"
1697488385,7328,27368,137,2,1,24,2,1,44,0.001,0.001,,,,,NVIDIA A100-SXM4-40GB MIG 4g.20gb (0),1,,13,"void ch_est::chEstFilterNoDftSOfdmDispatchKernel<float, __half, float, (unsigned int)2>(ch_est::puschRxChEstStatDescr_t *, ch_est::puschRxChEstDynDescr_t *)"
1697507585,4735,27369,137,2,1,24,2,1,44,0.001,0.001,,,,,NVIDIA A100-SXM4-40GB MIG 4g.20gb (0),1,,13,"void ch_est::chEstFilterNoDftSOfdmDispatchKernel<float, __half, float, (unsigned int)2>(ch_est::puschRxChEstStatDescr_t *, ch_est::puschRxChEstDynDescr_t *)"
1697524320,2784,27380,103,1,1,128,1,1,16,0.000,0.000,,,,,NVIDIA A100-SXM4-40GB MIG 4g.20gb (0),1,,13,cupy_copy__complex64_complex64
1697541312,12576,27390,1434,1,1,128,1,1,16,0.000,0.000,,,,,NVIDIA A100-SXM4-40GB MIG 4g.20gb (0),1,,13,cupy_copy__complex64_complex64
1697559808,2944,27397,103,1,1,128,1,1,16,0.000,0.000,,,,,NVIDIA A100-SXM4-40GB MIG 4g.20gb (0),1,,13,cupy_copy__complex64_complex64
1697579808,83071,27404,1,1,1,32,32,1,30,0.000,0.000,,,,,NVIDIA A100-SXM4-40GB MIG 4g.20gb (0),1,,13,"void convert_kernel<__half2, float2>(tensor_layout_any, T1 *, tensor_layout_any, const T2 *)"
1697692062,7968,27407,,,,,,,,,,0.094,11759.035,Pinned,Device,NVIDIA A100-SXM4-40GB MIG 4g.20gb (0),1,,13,[CUDA memcpy Host-to-Device]
1697706654,47583,27408,,,,,,,,,,35.810,752545.469,Device,,NVIDIA A100-SXM4-40GB MIG 4g.20gb (0),1,,13,[CUDA memset]
1697757917,2368,27410,,,,,,,,,,0.000,33.784,Pinned,Device,NVIDIA A100-SXM4-40GB MIG 4g.20gb (0),1,,13,[CUDA memcpy Host-to-Device]
1697763933,11744,27411,,,,,,,,,,0.197,16740.975,Pinned,Device,NVIDIA A100-SXM4-40GB MIG 4g.20gb (0),1,,13,[CUDA memcpy Host-to-Device]
1697783197,12704,27412,273,1,1,48,1,1,40,0.000,0.001,,,,,NVIDIA A100-SXM4-40GB MIG 4g.20gb (0),1,,13,"void pusch_noise_intf_est::noiseIntfEstNoDftSOfdmKernel<float, __half, float, float, (unsigned int)2, (unsigned int)1, (unsigned char)4, (unsigned char)4>(pusch_noise_intf_est::puschRxNoiseIntfEstDynDescr)"
1697800541,2976,27423,35,1,1,128,1,1,16,0.000,0.000,,,,,NVIDIA A100-SXM4-40GB MIG 4g.20gb (0),1,,13,cupy_copy__complex64_complex64
1697810589,2016,27432,1,1,1,1,1,1,18,0.000,0.000,,,,,NVIDIA A100-SXM4-40GB MIG 4g.20gb (0),1,,13,cupy_copy__float32_float32
1697843900,2048,27438,,,,,,,,,,0.000,1.953,Device,Pageable,NVIDIA A100-SXM4-40GB MIG 4g.20gb (0),1,,7,[CUDA memcpy Device-to-Host]
1697905276,13215,27449,1434,1,1,128,1,1,16,0.000,0.000,,,,,NVIDIA A100-SXM4-40GB MIG 4g.20gb (0),1,,13,cupy_copy__complex64_complex64
1697932091,2624,27456,103,1,1,128,1,1,16,0.000,0.000,,,,,NVIDIA A100-SXM4-40GB MIG 4g.20gb (0),1,,13,cupy_copy__complex64_complex64
1697952347,2592,27463,35,1,1,128,1,1,16,0.000,0.000,,,,,NVIDIA A100-SXM4-40GB MIG 4g.20gb (0),1,,13,cupy_copy__complex64_complex64
1697970427,1792,27470,1,1,1,1,1,1,18,0.000,0.000,,,,,NVIDIA A100-SXM4-40GB MIG 4g.20gb (0),1,,13,cupy_copy__float32_float32
1698103257,87103,27481,1,1,1,32,32,1,30,0.000,0.000,,,,,NVIDIA A100-SXM4-40GB MIG 4g.20gb (0),1,,13,"void convert_kernel<__half2, float2>(tensor_layout_any, T1 *, tensor_layout_any, const T2 *)"
1698217656,5920,27484,,,,,,,,,,0.094,15826.941,Pinned,Device,NVIDIA A100-SXM4-40GB MIG 4g.20gb (0),1,,13,[CUDA memcpy Host-to-Device]
1698232184,3488,27485,,,,,,,,,,1.547,443412.461,Device,,NVIDIA A100-SXM4-40GB MIG 4g.20gb (0),1,,13,[CUDA memset]
1698238775,3168,27490,,,,,,,,,,0.031,9878.770,Pinned,Device,NVIDIA A100-SXM4-40GB MIG 4g.20gb (0),1,,13,[CUDA memcpy Host-to-Device]
1698244823,9408,27491,,,,,,,,,,0.197,20897.858,Pinned,Device,NVIDIA A100-SXM4-40GB MIG 4g.20gb (0),1,,13,[CUDA memcpy Host-to-Device]
1698259447,6144,27492,273,1,1,8,4,1,39,0.002,0.000,,,,,NVIDIA A100-SXM4-40GB MIG 4g.20gb (0),1,,13,"void channel_eq::eqMmseCoefCompLowMimoKernel<float, float, float, (unsigned int)4, (unsigned int)1, (unsigned int)4>(const channel_eq::_puschRxChEqStatDescr *, channel_eq::_puschRxChEqCoefCompDynDescr)"
1698268119,6272,27493,273,1,1,12,11,1,51,0.002,0.000,,,,,NVIDIA A100-SXM4-40GB MIG 4g.20gb (0),1,,13,"void channel_eq::eqMmseSoftDemapKernel<float, __half, __half, float, (unsigned int)4, (unsigned short)16383>(channel_eq::_puschRxChEqStatDescr *, channel_eq::_puschRxChEqSoftDemapDynDescr)"
1698275511,282525,27494,1,1,1,32,32,1,30,0.000,0.000,,,,,NVIDIA A100-SXM4-40GB MIG 4g.20gb (0),1,,13,"void convert_kernel<float2, __half2>(tensor_layout_any, T1 *, tensor_layout_any, const T2 *)"
1698559188,11167,27506,2253,1,1,128,1,1,16,0.000,0.000,,,,,NVIDIA A100-SXM4-40GB MIG 4g.20gb (0),1,,13,cupy_copy__float16_float16
1698575091,3328,27515,282,1,1,128,1,1,16,0.000,0.000,,,,,NVIDIA A100-SXM4-40GB MIG 4g.20gb (0),1,,13,cupy_copy__complex64_complex64
1698580723,2176,27524,26,1,1,128,1,1,16,0.000,0.000,,,,,NVIDIA A100-SXM4-40GB MIG 4g.20gb (0),1,,13,cupy_copy__float32_float32
1698583955,3104,27533,103,1,1,128,1,1,16,0.000,0.000,,,,,NVIDIA A100-SXM4-40GB MIG 4g.20gb (0),1,,13,cupy_copy__complex64_complex64
1698589523,11872,27543,1434,1,1,128,1,1,16,0.000,0.000,,,,,NVIDIA A100-SXM4-40GB MIG 4g.20gb (0),1,,13,cupy_copy__complex64_complex64
1698607251,82335,27548,1,1,1,32,32,1,30,0.000,0.000,,,,,NVIDIA A100-SXM4-40GB MIG 4g.20gb (0),1,,13,"void convert_kernel<__half2, float2>(tensor_layout_any, T1 *, tensor_layout_any, const T2 *)"
1698716498,5760,27551,,,,,,,,,,0.094,16266.656,Pinned,Device,NVIDIA A100-SXM4-40GB MIG 4g.20gb (0),1,,13,[CUDA memcpy Host-to-Device]
1698727249,597785,27552,,,,,,,,,,456.561,763370.728,Device,,NVIDIA A100-SXM4-40GB MIG 4g.20gb (0),1,,13,[CUDA memset]
1699329034,155966,27557,,,,,,,,,,1.235,7917.226,Pinned,Device,NVIDIA A100-SXM4-40GB MIG 4g.20gb (0),1,,13,[CUDA memcpy Host-to-Device]
1699497448,39711,27558,,,,,,,,,,0.197,4950.786,Pinned,Device,NVIDIA A100-SXM4-40GB MIG 4g.20gb (0),1,,13,[CUDA memcpy Host-to-Device]
1699554407,8352,27559,69,4,1,48,1,1,76,0.002,0.000,,,,,NVIDIA A100-SXM4-40GB MIG 4g.20gb (0),1,,13,"void ch_est::windowedChEstPreNoDftSOfdmKernel<float, __half, float, (unsigned int)2, (unsigned int)1, (unsigned short)4>(ch_est::puschRxChEstStatDescr_t *, ch_est::puschRxChEstDynDescr_t *)"
1699572359,6976,27560,137,2,1,24,2,1,44,0.001,0.001,,,,,NVIDIA A100-SXM4-40GB MIG 4g.20gb (0),1,,13,"void ch_est::chEstFilterNoDftSOfdmDispatchKernel<float, __half, float, (unsigned int)2>(ch_est::puschRxChEstStatDescr_t *, ch_est::puschRxChEstDynDescr_t *)"
1699589255,4768,27561,137,2,1,24,2,1,44,0.001,0.001,,,,,NVIDIA A100-SXM4-40GB MIG 4g.20gb (0),1,,13,"void ch_est::chEstFilterNoDftSOfdmDispatchKernel<float, __half, float, (unsigned int)2>(ch_est::puschRxChEstStatDescr_t *, ch_est::puschRxChEstDynDescr_t *)"
1699607303,2656,27572,103,1,1,128,1,1,16,0.000,0.000,,,,,NVIDIA A100-SXM4-40GB MIG 4g.20gb (0),1,,13,cupy_copy__complex64_complex64
1699624550,12608,27582,1434,1,1,128,1,1,16,0.000,0.000,,,,,NVIDIA A100-SXM4-40GB MIG 4g.20gb (0),1,,13,cupy_copy__complex64_complex64
1699646342,2528,27589,103,1,1,128,1,1,16,0.000,0.000,,,,,NVIDIA A100-SXM4-40GB MIG 4g.20gb (0),1,,13,cupy_copy__complex64_complex64
1699668294,88991,27596,1,1,1,32,32,1,30,0.000,0.000,,,,,NVIDIA A100-SXM4-40GB MIG 4g.20gb (0),1,,13,"void convert_kernel<__half2, float2>(tensor_layout_any, T1 *, tensor_layout_any, const T2 *)"
1699791012,25792,27599,,,,,,,,,,0.094,3632.688,Pinned,Device,NVIDIA A100-SXM4-40GB MIG 4g.20gb (0),1,,13,[CUDA memcpy Host-to-Device]
1699831364,47775,27600,,,,,,,,,,35.810,749537.436,Device,,NVIDIA A100-SXM4-40GB MIG 4g.20gb (0),1,,13,[CUDA memset]
1699881539,11680,27602,,,,,,,,,,0.000,6.849,Pinned,Device,NVIDIA A100-SXM4-40GB MIG 4g.20gb (0),1,,13,[CUDA memcpy Host-to-Device]
1699900899,27040,27603,,,,,,,,,,0.197,7270.957,Pinned,Device,NVIDIA A100-SXM4-40GB MIG 4g.20gb (0),1,,13,[CUDA memcpy Host-to-Device]
1699945858,10208,27604,273,1,1,48,1,1,40,0.000,0.001,,,,,NVIDIA A100-SXM4-40GB MIG 4g.20gb (0),1,,13,"void pusch_noise_intf_est::noiseIntfEstNoDftSOfdmKernel<float, __half, float, float, (unsigned int)2, (unsigned int)1, (unsigned char)4, (unsigned char)4>(pusch_noise_intf_est::puschRxNoiseIntfEstDynDescr)"
1699976546,2592,27615,35,1,1,128,1,1,16,0.000,0.000,,,,,NVIDIA A100-SXM4-40GB MIG 4g.20gb (0),1,,13,cupy_copy__complex64_complex64
1699992610,1696,27624,1,1,1,1,1,1,18,0.000,0.000,,,,,NVIDIA A100-SXM4-40GB MIG 4g.20gb (0),1,,13,cupy_copy__float32_float32
1699995074,8896,27630,,,,,,,,,,0.000,0.450,Device,Pageable,NVIDIA A100-SXM4-40GB MIG 4g.20gb (0),1,,7,[CUDA memcpy Device-to-Host]
1700084545,13119,27641,1434,1,1,128,1,1,16,0.000,0.000,,,,,NVIDIA A100-SXM4-40GB MIG 4g.20gb (0),1,,13,cupy_copy__complex64_complex64
1700100768,2656,27648,103,1,1,128,1,1,16,0.000,0.000,,,,,NVIDIA A100-SXM4-40GB MIG 4g.20gb (0),1,,13,cupy_copy__complex64_complex64
1700123904,2368,27655,35,1,1,128,1,1,16,0.000,0.000,,,,,NVIDIA A100-SXM4-40GB MIG 4g.20gb (0),1,,13,cupy_copy__complex64_complex64
1700139808,1920,27662,1,1,1,1,1,1,18,0.000,0.000,,,,,NVIDIA A100-SXM4-40GB MIG 4g.20gb (0),1,,13,cupy_copy__float32_float32
1700270206,82367,27673,1,1,1,32,32,1,30,0.000,0.000,,,,,NVIDIA A100-SXM4-40GB MIG 4g.20gb (0),1,,13,"void convert_kernel<__half2, float2>(tensor_layout_any, T1 *, tensor_layout_any, const T2 *)"
1700379933,5920,27676,,,,,,,,,,0.094,15826.941,Pinned,Device,NVIDIA A100-SXM4-40GB MIG 4g.20gb (0),1,,13,[CUDA memcpy Host-to-Device]
1700394301,3520,27677,,,,,,,,,,1.547,439380.412,Device,,NVIDIA A100-SXM4-40GB MIG 4g.20gb (0),1,,13,[CUDA memset]
1700400989,3232,27682,,,,,,,,,,0.031,9683.139,Pinned,Device,NVIDIA A100-SXM4-40GB MIG 4g.20gb (0),1,,13,[CUDA memcpy Host-to-Device]
1700406781,9408,27683,,,,,,,,,,0.197,20897.858,Pinned,Device,NVIDIA A100-SXM4-40GB MIG 4g.20gb (0),1,,13,[CUDA memcpy Host-to-Device]
1700422652,6624,27684,273,1,1,8,4,1,39,0.002,0.000,,,,,NVIDIA A100-SXM4-40GB MIG 4g.20gb (0),1,,13,"void channel_eq::eqMmseCoefCompLowMimoKernel<float, float, float, (unsigned int)4, (unsigned int)1, (unsigned int)4>(const channel_eq::_puschRxChEqStatDescr *, channel_eq::_puschRxChEqCoefCompDynDescr)"
1700431228,5856,27685,273,1,1,12,11,1,51,0.002,0.000,,,,,NVIDIA A100-SXM4-40GB MIG 4g.20gb (0),1,,13,"void channel_eq::eqMmseSoftDemapKernel<float, __half, __half, float, (unsigned int)4, (unsigned short)16383>(channel_eq::_puschRxChEqStatDescr *, channel_eq::_puschRxChEqSoftDemapDynDescr)"
1700438524,294429,27686,1,1,1,32,32,1,30,0.000,0.000,,,,,NVIDIA A100-SXM4-40GB MIG 4g.20gb (0),1,,13,"void convert_kernel<float2, __half2>(tensor_layout_any, T1 *, tensor_layout_any, const T2 *)"
1700734873,11007,27698,2253,1,1,128,1,1,16,0.000,0.000,,,,,NVIDIA A100-SXM4-40GB MIG 4g.20gb (0),1,,13,cupy_copy__float16_float16
1700747928,3584,27707,282,1,1,128,1,1,16,0.000,0.000,,,,,NVIDIA A100-SXM4-40GB MIG 4g.20gb (0),1,,13,cupy_copy__complex64_complex64
1700752664,2016,27716,26,1,1,128,1,1,16,0.000,0.000,,,,,NVIDIA A100-SXM4-40GB MIG 4g.20gb (0),1,,13,cupy_copy__float32_float32
1700757400,3200,27725,103,1,1,128,1,1,16,0.000,0.000,,,,,NVIDIA A100-SXM4-40GB MIG 4g.20gb (0),1,,13,cupy_copy__complex64_complex64
1700763480,12064,27735,1434,1,1,128,1,1,16,0.000,0.000,,,,,NVIDIA A100-SXM4-40GB MIG 4g.20gb (0),1,,13,cupy_copy__complex64_complex64
1700777752,87967,27740,1,1,1,32,32,1,30,0.000,0.000,,,,,NVIDIA A100-SXM4-40GB MIG 4g.20gb (0),1,,13,"void convert_kernel<__half2, float2>(tensor_layout_any, T1 *, tensor_layout_any, const T2 *)"
1700892983,5760,27743,,,,,,,,,,0.094,16266.656,Pinned,Device,NVIDIA A100-SXM4-40GB MIG 4g.20gb (0),1,,13,[CUDA memcpy Host-to-Device]
1700903510,599961,27744,,,,,,,,,,456.561,760631.359,Device,,NVIDIA A100-SXM4-40GB MIG 4g.20gb (0),1,,13,[CUDA memset]
1701506479,71967,27749,,,,,,,,,,1.235,17159.547,Pinned,Device,NVIDIA A100-SXM4-40GB MIG 4g.20gb (0),1,,13,[CUDA memcpy Host-to-Device]
1701585070,18080,27750,,,,,,,,,,0.197,10874.192,Pinned,Device,NVIDIA A100-SXM4-40GB MIG 4g.20gb (0),1,,13,[CUDA memcpy Host-to-Device]
1701613198,7840,27751,69,4,1,48,1,1,76,0.002,0.000,,,,,NVIDIA A100-SXM4-40GB MIG 4g.20gb (0),1,,13,"void ch_est::windowedChEstPreNoDftSOfdmKernel<float, __half, float, (unsigned int)2, (unsigned int)1, (unsigned short)4>(ch_est::puschRxChEstStatDescr_t *, ch_est::puschRxChEstDynDescr_t *)"
1701632493,7008,27752,137,2,1,24,2,1,44,0.001,0.001,,,,,NVIDIA A100-SXM4-40GB MIG 4g.20gb (0),1,,13,"void ch_est::chEstFilterNoDftSOfdmDispatchKernel<float, __half, float, (unsigned int)2>(ch_est::puschRxChEstStatDescr_t *, ch_est::puschRxChEstDynDescr_t *)"
1701645037,5408,27753,137,2,1,24,2,1,44,0.001,0.001,,,,,NVIDIA A100-SXM4-40GB MIG 4g.20gb (0),1,,13,"void ch_est::chEstFilterNoDftSOfdmDispatchKernel<float, __half, float, (unsigned int)2>(ch_est::puschRxChEstStatDescr_t *, ch_est::puschRxChEstDynDescr_t *)"
1701653325,2688,27764,103,1,1,128,1,1,16,0.000,0.000,,,,,NVIDIA A100-SXM4-40GB MIG 4g.20gb (0),1,,13,cupy_copy__complex64_complex64
1701667021,12928,27774,1434,1,1,128,1,1,16,0.000,0.000,,,,,NVIDIA A100-SXM4-40GB MIG 4g.20gb (0),1,,13,cupy_copy__complex64_complex64
1701688397,2528,27781,103,1,1,128,1,1,16,0.000,0.000,,,,,NVIDIA A100-SXM4-40GB MIG 4g.20gb (0),1,,13,cupy_copy__complex64_complex64
1701704653,85150,27788,1,1,1,32,32,1,30,0.000,0.000,,,,,NVIDIA A100-SXM4-40GB MIG 4g.20gb (0),1,,13,"void convert_kernel<__half2, float2>(tensor_layout_any, T1 *, tensor_layout_any, const T2 *)"
1701822763,16000,27791,,,,,,,,,,0.094,5856.000,Pinned,Device,NVIDIA A100-SXM4-40GB MIG 4g.20gb (0),1,,13,[CUDA memcpy Host-to-Device]
1701852331,47999,27792,,,,,,,,,,35.810,746028.063,Device,,NVIDIA A100-SXM4-40GB MIG 4g.20gb (0),1,,13,[CUDA memset]
1701903786,13184,27794,,,,,,,,,,0.000,6.068,Pinned,Device,NVIDIA A100-SXM4-40GB MIG 4g.20gb (0),1,,13,[CUDA memcpy Host-to-Device]
1701924138,26719,27795,,,,,,,,,,0.197,7358.251,Pinned,Device,NVIDIA A100-SXM4-40GB MIG 4g.20gb (0),1,,13,[CUDA memcpy Host-to-Device]
1701969737,10016,27796,273,1,1,48,1,1,40,0.000,0.001,,,,,NVIDIA A100-SXM4-40GB MIG 4g.20gb (0),1,,13,"void pusch_noise_intf_est::noiseIntfEstNoDftSOfdmKernel<float, __half, float, float, (unsigned int)2, (unsigned int)1, (unsigned char)4, (unsigned char)4>(pusch_noise_intf_est::puschRxNoiseIntfEstDynDescr)"
1701985897,2560,27807,35,1,1,128,1,1,16,0.000,0.000,,,,,NVIDIA A100-SXM4-40GB MIG 4g.20gb (0),1,,13,cupy_copy__complex64_complex64
1702001193,1728,27816,1,1,1,1,1,1,18,0.000,0.000,,,,,NVIDIA A100-SXM4-40GB MIG 4g.20gb (0),1,,13,cupy_copy__float32_float32
1702006185,6464,27822,,,,,,,,,,0.000,0.619,Device,Pageable,NVIDIA A100-SXM4-40GB MIG 4g.20gb (0),1,,7,[CUDA memcpy Device-to-Host]
1702106472,12511,27833,1434,1,1,128,1,1,16,0.000,0.000,,,,,NVIDIA A100-SXM4-40GB MIG 4g.20gb (0),1,,13,cupy_copy__complex64_complex64
1702129831,2720,27840,103,1,1,128,1,1,16,0.000,0.000,,,,,NVIDIA A100-SXM4-40GB MIG 4g.20gb (0),1,,13,cupy_copy__complex64_complex64
1702148519,2560,27847,35,1,1,128,1,1,16,0.000,0.000,,,,,NVIDIA A100-SXM4-40GB MIG 4g.20gb (0),1,,13,cupy_copy__complex64_complex64
1702168551,1792,27854,1,1,1,1,1,1,18,0.000,0.000,,,,,NVIDIA A100-SXM4-40GB MIG 4g.20gb (0),1,,13,cupy_copy__float32_float32
1702303973,86303,27865,1,1,1,32,32,1,30,0.000,0.000,,,,,NVIDIA A100-SXM4-40GB MIG 4g.20gb (0),1,,13,"void convert_kernel<__half2, float2>(tensor_layout_any, T1 *, tensor_layout_any, const T2 *)"
1702426340,18495,27868,,,,,,,,,,0.094,5065.955,Pinned,Device,NVIDIA A100-SXM4-40GB MIG 4g.20gb (0),1,,13,[CUDA memcpy Host-to-Device]
1702458787,3552,27869,,,,,,,,,,1.547,435422.601,Device,,NVIDIA A100-SXM4-40GB MIG 4g.20gb (0),1,,13,[CUDA memset]
1702468003,3488,27874,,,,,,,,,,0.031,8972.469,Pinned,Device,NVIDIA A100-SXM4-40GB MIG 4g.20gb (0),1,,13,[CUDA memcpy Host-to-Device]
1702480067,18144,27875,,,,,,,,,,0.197,10835.853,Pinned,Device,NVIDIA A100-SXM4-40GB MIG 4g.20gb (0),1,,13,[CUDA memcpy Host-to-Device]
1702508611,8351,27876,273,1,1,8,4,1,39,0.002,0.000,,,,,NVIDIA A100-SXM4-40GB MIG 4g.20gb (0),1,,13,"void channel_eq::eqMmseCoefCompLowMimoKernel<float, float, float, (unsigned int)4, (unsigned int)1, (unsigned int)4>(const channel_eq::_puschRxChEqStatDescr *, channel_eq::_puschRxChEqCoefCompDynDescr)"
1702523330,6176,27877,273,1,1,12,11,1,51,0.002,0.000,,,,,NVIDIA A100-SXM4-40GB MIG 4g.20gb (0),1,,13,"void channel_eq::eqMmseSoftDemapKernel<float, __half, __half, float, (unsigned int)4, (unsigned short)16383>(channel_eq::_puschRxChEqStatDescr *, channel_eq::_puschRxChEqSoftDemapDynDescr)"
1702531650,282685,27878,1,1,1,32,32,1,30,0.000,0.000,,,,,NVIDIA A100-SXM4-40GB MIG 4g.20gb (0),1,,13,"void convert_kernel<float2, __half2>(tensor_layout_any, T1 *, tensor_layout_any, const T2 *)"
1702816927,10880,27890,2253,1,1,128,1,1,16,0.000,0.000,,,,,NVIDIA A100-SXM4-40GB MIG 4g.20gb (0),1,,13,cupy_copy__float16_float16
1702833791,2816,27899,282,1,1,128,1,1,16,0.000,0.000,,,,,NVIDIA A100-SXM4-40GB MIG 4g.20gb (0),1,,13,cupy_copy__complex64_complex64
1702838942,2272,27908,26,1,1,128,1,1,16,0.000,0.000,,,,,NVIDIA A100-SXM4-40GB MIG 4g.20gb (0),1,,13,cupy_copy__float32_float32
1702842302,2880,27917,103,1,1,128,1,1,16,0.000,0.000,,,,,NVIDIA A100-SXM4-40GB MIG 4g.20gb (0),1,,13,cupy_copy__complex64_complex64
1702846238,11904,27927,1434,1,1,128,1,1,16,0.000,0.000,,,,,NVIDIA A100-SXM4-40GB MIG 4g.20gb (0),1,,13,cupy_copy__complex64_complex64
1702860382,81663,27932,1,1,1,32,32,1,30,0.000,0.000,,,,,NVIDIA A100-SXM4-40GB MIG 4g.20gb (0),1,,13,"void convert_kernel<__half2, float2>(tensor_layout_any, T1 *, tensor_layout_any, const T2 *)"
1702969661,5344,27935,,,,,,,,,,0.094,17532.864,Pinned,Device,NVIDIA A100-SXM4-40GB MIG 4g.20gb (0),1,,13,[CUDA memcpy Host-to-Device]
1702980765,596888,27936,,,,,,,,,,456.561,764740.412,Device,,NVIDIA A100-SXM4-40GB MIG 4g.20gb (0),1,,13,[CUDA memset]
1703586645,170910,27941,,,,,,,,,,1.235,7225.657,Pinned,Device,NVIDIA A100-SXM4-40GB MIG 4g.20gb (0),1,,13,[CUDA memcpy Host-to-Device]
1703769075,38111,27942,,,,,,,,,,0.197,5158.797,Pinned,Device,NVIDIA A100-SXM4-40GB MIG 4g.20gb (0),1,,13,[CUDA memcpy Host-to-Device]
1703826066,8352,27943,69,4,1,48,1,1,76,0.002,0.000,,,,,NVIDIA A100-SXM4-40GB MIG 4g.20gb (0),1,,13,"void ch_est::windowedChEstPreNoDftSOfdmKernel<float, __half, float, (unsigned int)2, (unsigned int)1, (unsigned short)4>(ch_est::puschRxChEstStatDescr_t *, ch_est::puschRxChEstDynDescr_t *)"
1703843442,7008,27944,137,2,1,24,2,1,44,0.001,0.001,,,,,NVIDIA A100-SXM4-40GB MIG 4g.20gb (0),1,,13,"void ch_est::chEstFilterNoDftSOfdmDispatchKernel<float, __half, float, (unsigned int)2>(ch_est::puschRxChEstStatDescr_t *, ch_est::puschRxChEstDynDescr_t *)"
1703854738,4832,27945,137,2,1,24,2,1,44,0.001,0.001,,,,,NVIDIA A100-SXM4-40GB MIG 4g.20gb (0),1,,13,"void ch_est::chEstFilterNoDftSOfdmDispatchKernel<float, __half, float, (unsigned int)2>(ch_est::puschRxChEstStatDescr_t *, ch_est::puschRxChEstDynDescr_t *)"
1703869330,2752,27956,103,1,1,128,1,1,16,0.000,0.000,,,,,NVIDIA A100-SXM4-40GB MIG 4g.20gb (0),1,,13,cupy_copy__complex64_complex64
1703879858,12831,27966,1434,1,1,128,1,1,16,0.000,0.000,,,,,NVIDIA A100-SXM4-40GB MIG 4g.20gb (0),1,,13,cupy_copy__complex64_complex64
1703905201,2656,27973,103,1,1,128,1,1,16,0.000,0.000,,,,,NVIDIA A100-SXM4-40GB MIG 4g.20gb (0),1,,13,cupy_copy__complex64_complex64
1703912881,87775,27980,1,1,1,32,32,1,30,0.000,0.000,,,,,NVIDIA A100-SXM4-40GB MIG 4g.20gb (0),1,,13,"void convert_kernel<__half2, float2>(tensor_layout_any, T1 *, tensor_layout_any, const T2 *)"
1704030960,13472,27983,,,,,,,,,,0.094,6954.867,Pinned,Device,NVIDIA A100-SXM4-40GB MIG 4g.20gb (0),1,,13,[CUDA memcpy Host-to-Device]
1704052751,47168,27984,,,,,,,,,,35.810,759170.304,Device,,NVIDIA A100-SXM4-40GB MIG 4g.20gb (0),1,,13,[CUDA memset]
1704107151,6944,27986,,,,,,,,,,0.000,11.521,Pinned,Device,NVIDIA A100-SXM4-40GB MIG 4g.20gb (0),1,,13,[CUDA memcpy Host-to-Device]
1704121071,16031,27987,,,,,,,,,,0.197,12264.210,Pinned,Device,NVIDIA A100-SXM4-40GB MIG 4g.20gb (0),1,,13,[CUDA memcpy Host-to-Device]
1704146414,10976,27988,273,1,1,48,1,1,40,0.000,0.001,,,,,NVIDIA A100-SXM4-40GB MIG 4g.20gb (0),1,,13,"void pusch_noise_intf_est::noiseIntfEstNoDftSOfdmKernel<float, __half, float, float, (unsigned int)2, (unsigned int)1, (unsigned char)4, (unsigned char)4>(pusch_noise_intf_est::puschRxNoiseIntfEstDynDescr)"
1704159470,2592,27999,35,1,1,128,1,1,16,0.000,0.000,,,,,NVIDIA A100-SXM4-40GB MIG 4g.20gb (0),1,,13,cupy_copy__complex64_complex64
1704164974,1856,28008,1,1,1,1,1,1,18,0.000,0.000,,,,,NVIDIA A100-SXM4-40GB MIG 4g.20gb (0),1,,13,cupy_copy__float32_float32
1704181902,2080,28014,,,,,,,,,,0.000,1.923,Device,Pageable,NVIDIA A100-SXM4-40GB MIG 4g.20gb (0),1,,7,[CUDA memcpy Device-to-Host]
1704245389,12928,28025,1434,1,1,128,1,1,16,0.000,0.000,,,,,NVIDIA A100-SXM4-40GB MIG 4g.20gb (0),1,,13,cupy_copy__complex64_complex64
1704269389,3520,28032,103,1,1,128,1,1,16,0.000,0.000,,,,,NVIDIA A100-SXM4-40GB MIG 4g.20gb (0),1,,13,cupy_copy__complex64_complex64
1704289773,2399,28039,35,1,1,128,1,1,16,0.000,0.000,,,,,NVIDIA A100-SXM4-40GB MIG 4g.20gb (0),1,,13,cupy_copy__complex64_complex64
1704307404,1920,28046,1,1,1,1,1,1,18,0.000,0.000,,,,,NVIDIA A100-SXM4-40GB MIG 4g.20gb (0),1,,13,cupy_copy__float32_float32
1704443691,82431,28057,1,1,1,32,32,1,30,0.000,0.000,,,,,NVIDIA A100-SXM4-40GB MIG 4g.20gb (0),1,,13,"void convert_kernel<__half2, float2>(tensor_layout_any, T1 *, tensor_layout_any, const T2 *)"
1704554025,5664,28060,,,,,,,,,,0.094,16542.310,Pinned,Device,NVIDIA A100-SXM4-40GB MIG 4g.20gb (0),1,,13,[CUDA memcpy Host-to-Device]
1704568265,3456,28061,,,,,,,,,,1.547,447517.201,Device,,NVIDIA A100-SXM4-40GB MIG 4g.20gb (0),1,,13,[CUDA memset]
1704575113,3904,28066,,,,,,,,,,0.031,8016.377,Pinned,Device,NVIDIA A100-SXM4-40GB MIG 4g.20gb (0),1,,13,[CUDA memcpy Host-to-Device]
1704581545,10368,28067,,,,,,,,,,0.197,18962.842,Pinned,Device,NVIDIA A100-SXM4-40GB MIG 4g.20gb (0),1,,13,[CUDA memcpy Host-to-Device]
1704596841,6656,28068,273,1,1,8,4,1,39,0.002,0.000,,,,,NVIDIA A100-SXM4-40GB MIG 4g.20gb (0),1,,13,"void channel_eq::eqMmseCoefCompLowMimoKernel<float, float, float, (unsigned int)4, (unsigned int)1, (unsigned int)4>(const channel_eq::_puschRxChEqStatDescr *, channel_eq::_puschRxChEqCoefCompDynDescr)"
1704604457,6400,28069,273,1,1,12,11,1,51,0.002,0.000,,,,,NVIDIA A100-SXM4-40GB MIG 4g.20gb (0),1,,13,"void channel_eq::eqMmseSoftDemapKernel<float, __half, __half, float, (unsigned int)4, (unsigned short)16383>(channel_eq::_puschRxChEqStatDescr *, channel_eq::_puschRxChEqSoftDemapDynDescr)"
1704611817,282652,28070,1,1,1,32,32,1,30,0.000,0.000,,,,,NVIDIA A100-SXM4-40GB MIG 4g.20gb (0),1,,13,"void convert_kernel<float2, __half2>(tensor_layout_any, T1 *, tensor_layout_any, const T2 *)"
1704895493,11008,28082,2253,1,1,128,1,1,16,0.000,0.000,,,,,NVIDIA A100-SXM4-40GB MIG 4g.20gb (0),1,,13,cupy_copy__float16_float16
1704909733,3776,28091,282,1,1,128,1,1,16,0.000,0.000,,,,,NVIDIA A100-SXM4-40GB MIG 4g.20gb (0),1,,13,cupy_copy__complex64_complex64
1704916421,2112,28100,26,1,1,128,1,1,16,0.000,0.000,,,,,NVIDIA A100-SXM4-40GB MIG 4g.20gb (0),1,,13,cupy_copy__float32_float32
1704920005,2784,28109,103,1,1,128,1,1,16,0.000,0.000,,,,,NVIDIA A100-SXM4-40GB MIG 4g.20gb (0),1,,13,cupy_copy__complex64_complex64
1704925733,12031,28119,1434,1,1,128,1,1,16,0.000,0.000,,,,,NVIDIA A100-SXM4-40GB MIG 4g.20gb (0),1,,13,cupy_copy__complex64_complex64
1704951204,81663,28124,1,1,1,32,32,1,30,0.000,0.000,,,,,NVIDIA A100-SXM4-40GB MIG 4g.20gb (0),1,,13,"void convert_kernel<__half2, float2>(tensor_layout_any, T1 *, tensor_layout_any, const T2 *)"
1705060003,5376,28127,,,,,,,,,,0.094,17428.487,Pinned,Device,NVIDIA A100-SXM4-40GB MIG 4g.20gb (0),1,,13,[CUDA memcpy Host-to-Device]
1705070115,598136,28128,,,,,,,,,,456.561,762914.166,Device,,NVIDIA A100-SXM4-40GB MIG 4g.20gb (0),1,,13,[CUDA memset]
1705677947,148030,28133,,,,,,,,,,1.235,8342.047,Pinned,Device,NVIDIA A100-SXM4-40GB MIG 4g.20gb (0),1,,13,[CUDA memcpy Host-to-Device]
1705838617,41248,28134,,,,,,,,,,0.197,4766.368,Pinned,Device,NVIDIA A100-SXM4-40GB MIG 4g.20gb (0),1,,13,[CUDA memcpy Host-to-Device]
1705897913,8191,28135,69,4,1,48,1,1,76,0.002,0.000,,,,,NVIDIA A100-SXM4-40GB MIG 4g.20gb (0),1,,13,"void ch_est::windowedChEstPreNoDftSOfdmKernel<float, __half, float, (unsigned int)2, (unsigned int)1, (unsigned short)4>(ch_est::puschRxChEstStatDescr_t *, ch_est::puschRxChEstDynDescr_t *)"
1705917144,6816,28136,137,2,1,24,2,1,44,0.001,0.001,,,,,NVIDIA A100-SXM4-40GB MIG 4g.20gb (0),1,,13,"void ch_est::chEstFilterNoDftSOfdmDispatchKernel<float, __half, float, (unsigned int)2>(ch_est::puschRxChEstStatDescr_t *, ch_est::puschRxChEstDynDescr_t *)"
1705934872,4640,28137,137,2,1,24,2,1,44,0.001,0.001,,,,,NVIDIA A100-SXM4-40GB MIG 4g.20gb (0),1,,13,"void ch_est::chEstFilterNoDftSOfdmDispatchKernel<float, __half, float, (unsigned int)2>(ch_est::puschRxChEstStatDescr_t *, ch_est::puschRxChEstDynDescr_t *)"
1705952152,2624,28148,103,1,1,128,1,1,16,0.000,0.000,,,,,NVIDIA A100-SXM4-40GB MIG 4g.20gb (0),1,,13,cupy_copy__complex64_complex64
1705968568,12640,28158,1434,1,1,128,1,1,16,0.000,0.000,,,,,NVIDIA A100-SXM4-40GB MIG 4g.20gb (0),1,,13,cupy_copy__complex64_complex64
1705991063,2496,28165,103,1,1,128,1,1,16,0.000,0.000,,,,,NVIDIA A100-SXM4-40GB MIG 4g.20gb (0),1,,13,cupy_copy__complex64_complex64
1706011895,90463,28172,1,1,1,32,32,1,30,0.000,0.000,,,,,NVIDIA A100-SXM4-40GB MIG 4g.20gb (0),1,,13,"void convert_kernel<__half2, float2>(tensor_layout_any, T1 *, tensor_layout_any, const T2 *)"
1706132086,19679,28175,,,,,,,,,,0.094,4761.162,Pinned,Device,NVIDIA A100-SXM4-40GB MIG 4g.20gb (0),1,,13,[CUDA memcpy Host-to-Device]
1706159637,47232,28176,,,,,,,,,,35.810,758167.626,Device,,NVIDIA A100-SXM4-40GB MIG 4g.20gb (0),1,,13,[CUDA memset]
1706209909,6464,28178,,,,,,,,,,0.000,12.376,Pinned,Device,NVIDIA A100-SXM4-40GB MIG 4g.20gb (0),1,,13,[CUDA memcpy Host-to-Device]
1706223605,17311,28179,,,,,,,,,,0.197,11357.258,Pinned,Device,NVIDIA A100-SXM4-40GB MIG 4g.20gb (0),1,,13,[CUDA memcpy Host-to-Device]
1706254260,9600,28180,273,1,1,48,1,1,40,0.000,0.001,,,,,NVIDIA A100-SXM4-40GB MIG 4g.20gb (0),1,,13,"void pusch_noise_intf_est::noiseIntfEstNoDftSOfdmKernel<float, __half, float, float, (unsigned int)2, (unsigned int)1, (unsigned char)4, (unsigned char)4>(pusch_noise_intf_est::puschRxNoiseIntfEstDynDescr)"
1706269460,3200,28191,35,1,1,128,1,1,16,0.000,0.000,,,,,NVIDIA A100-SXM4-40GB MIG 4g.20gb (0),1,,13,cupy_copy__complex64_complex64
1706279156,2080,28200,1,1,1,1,1,1,18,0.000,0.000,,,,,NVIDIA A100-SXM4-40GB MIG 4g.20gb (0),1,,13,cupy_copy__float32_float32
1706285364,5568,28206,,,,,,,,,,0.000,0.718,Device,Pageable,NVIDIA A100-SXM4-40GB MIG 4g.20gb (0),1,,7,[CUDA memcpy Device-to-Host]
1706362227,12864,28217,1434,1,1,128,1,1,16,0.000,0.000,,,,,NVIDIA A100-SXM4-40GB MIG 4g.20gb (0),1,,13,cupy_copy__complex64_complex64
1706390802,3040,28224,103,1,1,128,1,1,16,0.000,0.000,,,,,NVIDIA A100-SXM4-40GB MIG 4g.20gb (0),1,,13,cupy_copy__complex64_complex64
1706407026,5536,28231,35,1,1,128,1,1,16,0.000,0.000,,,,,NVIDIA A100-SXM4-40GB MIG 4g.20gb (0),1,,13,cupy_copy__complex64_complex64
1706417970,1920,28238,1,1,1,1,1,1,18,0.000,0.000,,,,,NVIDIA A100-SXM4-40GB MIG 4g.20gb (0),1,,13,cupy_copy__float32_float32
1706552880,82335,28249,1,1,1,32,32,1,30,0.000,0.000,,,,,NVIDIA A100-SXM4-40GB MIG 4g.20gb (0),1,,13,"void convert_kernel<__half2, float2>(tensor_layout_any, T1 *, tensor_layout_any, const T2 *)"
1706662607,5888,28252,,,,,,,,,,0.094,15912.954,Pinned,Device,NVIDIA A100-SXM4-40GB MIG 4g.20gb (0),1,,13,[CUDA memcpy Host-to-Device]
1706676815,3456,28253,,,,,,,,,,1.547,447517.201,Device,,NVIDIA A100-SXM4-40GB MIG 4g.20gb (0),1,,13,[CUDA memset]
1706684015,3808,28258,,,,,,,,,,0.031,8218.486,Pinned,Device,NVIDIA A100-SXM4-40GB MIG 4g.20gb (0),1,,13,[CUDA memcpy Host-to-Device]
1706690447,9696,28259,,,,,,,,,,0.197,20277.166,Pinned,Device,NVIDIA A100-SXM4-40GB MIG 4g.20gb (0),1,,13,[CUDA memcpy Host-to-Device]
1706704943,6560,28260,273,1,1,8,4,1,39,0.002,0.000,,,,,NVIDIA A100-SXM4-40GB MIG 4g.20gb (0),1,,13,"void channel_eq::eqMmseCoefCompLowMimoKernel<float, float, float, (unsigned int)4, (unsigned int)1, (unsigned int)4>(const channel_eq::_puschRxChEqStatDescr *, channel_eq::_puschRxChEqCoefCompDynDescr)"
1706712558,6336,28261,273,1,1,12,11,1,51,0.002,0.000,,,,,NVIDIA A100-SXM4-40GB MIG 4g.20gb (0),1,,13,"void channel_eq::eqMmseSoftDemapKernel<float, __half, __half, float, (unsigned int)4, (unsigned short)16383>(channel_eq::_puschRxChEqStatDescr *, channel_eq::_puschRxChEqSoftDemapDynDescr)"
1706719982,282877,28262,1,1,1,32,32,1,30,0.000,0.000,,,,,NVIDIA A100-SXM4-40GB MIG 4g.20gb (0),1,,13,"void convert_kernel<float2, __half2>(tensor_layout_any, T1 *, tensor_layout_any, const T2 *)"
1707006123,10848,28274,2253,1,1,128,1,1,16,0.000,0.000,,,,,NVIDIA A100-SXM4-40GB MIG 4g.20gb (0),1,,13,cupy_copy__float16_float16
1707019883,3040,28283,282,1,1,128,1,1,16,0.000,0.000,,,,,NVIDIA A100-SXM4-40GB MIG 4g.20gb (0),1,,13,cupy_copy__complex64_complex64
1707025611,2368,28292,26,1,1,128,1,1,16,0.000,0.000,,,,,NVIDIA A100-SXM4-40GB MIG 4g.20gb (0),1,,13,cupy_copy__float32_float32
1707029579,2912,28301,103,1,1,128,1,1,16,0.000,0.000,,,,,NVIDIA A100-SXM4-40GB MIG 4g.20gb (0),1,,13,cupy_copy__complex64_complex64
1707036138,12320,28311,1434,1,1,128,1,1,16,0.000,0.000,,,,,NVIDIA A100-SXM4-40GB MIG 4g.20gb (0),1,,13,cupy_copy__complex64_complex64
1707063434,82079,28316,1,1,1,32,32,1,30,0.000,0.000,,,,,NVIDIA A100-SXM4-40GB MIG 4g.20gb (0),1,,13,"void convert_kernel<__half2, float2>(tensor_layout_any, T1 *, tensor_layout_any, const T2 *)"
1707172105,5760,28319,,,,,,,,,,0.094,16266.656,Pinned,Device,NVIDIA A100-SXM4-40GB MIG 4g.20gb (0),1,,13,[CUDA memcpy Host-to-Device]
1707182249,598040,28320,,,,,,,,,,456.561,763370.728,Device,,NVIDIA A100-SXM4-40GB MIG 4g.20gb (0),1,,13,[CUDA memset]
1707787617,146558,28325,,,,,,,,,,1.235,8426.023,Pinned,Device,NVIDIA A100-SXM4-40GB MIG 4g.20gb (0),1,,13,[CUDA memcpy Host-to-Device]
1707943103,31264,28326,,,,,,,,,,0.197,6288.507,Pinned,Device,NVIDIA A100-SXM4-40GB MIG 4g.20gb (0),1,,13,[CUDA memcpy Host-to-Device]
1707991007,7872,28327,69,4,1,48,1,1,76,0.002,0.000,,,,,NVIDIA A100-SXM4-40GB MIG 4g.20gb (0),1,,13,"void ch_est::windowedChEstPreNoDftSOfdmKernel<float, __half, float, (unsigned int)2, (unsigned int)1, (unsigned short)4>(ch_est::puschRxChEstStatDescr_t *, ch_est::puschRxChEstDynDescr_t *)"
1708011422,6880,28328,137,2,1,24,2,1,44,0.001,0.001,,,,,NVIDIA A100-SXM4-40GB MIG 4g.20gb (0),1,,13,"void ch_est::chEstFilterNoDftSOfdmDispatchKernel<float, __half, float, (unsigned int)2>(ch_est::puschRxChEstStatDescr_t *, ch_est::puschRxChEstDynDescr_t *)"
1708027774,4736,28329,137,2,1,24,2,1,44,0.001,0.001,,,,,NVIDIA A100-SXM4-40GB MIG 4g.20gb (0),1,,13,"void ch_est::chEstFilterNoDftSOfdmDispatchKernel<float, __half, float, (unsigned int)2>(ch_est::puschRxChEstStatDescr_t *, ch_est::puschRxChEstDynDescr_t *)"
1708042942,2624,28340,103,1,1,128,1,1,16,0.000,0.000,,,,,NVIDIA A100-SXM4-40GB MIG 4g.20gb (0),1,,13,cupy_copy__complex64_complex64
1708056414,12672,28350,1434,1,1,128,1,1,16,0.000,0.000,,,,,NVIDIA A100-SXM4-40GB MIG 4g.20gb (0),1,,13,cupy_copy__complex64_complex64
1708087389,2656,28357,103,1,1,128,1,1,16,0.000,0.000,,,,,NVIDIA A100-SXM4-40GB MIG 4g.20gb (0),1,,13,cupy_copy__complex64_complex64
1708102077,82463,28364,1,1,1,32,32,1,30,0.000,0.000,,,,,NVIDIA A100-SXM4-40GB MIG 4g.20gb (0),1,,13,"void convert_kernel<__half2, float2>(tensor_layout_any, T1 *, tensor_layout_any, const T2 *)"
1708219228,23904,28367,,,,,,,,,,0.094,3919.678,Pinned,Device,NVIDIA A100-SXM4-40GB MIG 4g.20gb (0),1,,13,[CUDA memcpy Host-to-Device]
1708259835,45984,28368,,,,,,,,,,35.810,778722.520,Device,,NVIDIA A100-SXM4-40GB MIG 4g.20gb (0),1,,13,[CUDA memset]
1708314395,16319,28370,,,,,,,,,,0.000,4.902,Pinned,Device,NVIDIA A100-SXM4-40GB MIG 4g.20gb (0),1,,13,[CUDA memcpy Host-to-Device]
1708337146,35616,28371,,,,,,,,,,0.197,5520.163,Pinned,Device,NVIDIA A100-SXM4-40GB MIG 4g.20gb (0),1,,13,[CUDA memcpy Host-to-Device]
1708394394,9632,28372,273,1,1,48,1,1,40,0.000,0.001,,,,,NVIDIA A100-SXM4-40GB MIG 4g.20gb (0),1,,13,"void pusch_noise_intf_est::noiseIntfEstNoDftSOfdmKernel<float, __half, float, float, (unsigned int)2, (unsigned int)1, (unsigned char)4, (unsigned char)4>(pusch_noise_intf_est::puschRxNoiseIntfEstDynDescr)"
1708411289,2720,28383,35,1,1,128,1,1,16,0.000,0.000,,,,,NVIDIA A100-SXM4-40GB MIG 4g.20gb (0),1,,13,cupy_copy__complex64_complex64
1708427705,1760,28392,1,1,1,1,1,1,18,0.000,0.000,,,,,NVIDIA A100-SXM4-40GB MIG 4g.20gb (0),1,,13,cupy_copy__float32_float32
1708434777,5472,28398,,,,,,,,,,0.000,0.731,Device,Pageable,NVIDIA A100-SXM4-40GB MIG 4g.20gb (0),1,,7,[CUDA memcpy Device-to-Host]
1708530520,13824,28409,1434,1,1,128,1,1,16,0.000,0.000,,,,,NVIDIA A100-SXM4-40GB MIG 4g.20gb (0),1,,13,cupy_copy__complex64_complex64
1708549848,3424,28416,103,1,1,128,1,1,16,0.000,0.000,,,,,NVIDIA A100-SXM4-40GB MIG 4g.20gb (0),1,,13,cupy_copy__complex64_complex64
1708568664,2303,28423,35,1,1,128,1,1,16,0.000,0.000,,,,,NVIDIA A100-SXM4-40GB MIG 4g.20gb (0),1,,13,cupy_copy__complex64_complex64
1708589079,1984,28430,1,1,1,1,1,1,18,0.000,0.000,,,,,NVIDIA A100-SXM4-40GB MIG 4g.20gb (0),1,,13,cupy_copy__float32_float32
1708717590,82335,28441,1,1,1,32,32,1,30,0.000,0.000,,,,,NVIDIA A100-SXM4-40GB MIG 4g.20gb (0),1,,13,"void convert_kernel<__half2, float2>(tensor_layout_any, T1 *, tensor_layout_any, const T2 *)"
1708827412,9696,28444,,,,,,,,,,0.094,9663.337,Pinned,Device,NVIDIA A100-SXM4-40GB MIG 4g.20gb (0),1,,13,[CUDA memcpy Host-to-Device]
1708853460,3456,28445,,,,,,,,,,1.547,447517.201,Device,,NVIDIA A100-SXM4-40GB MIG 4g.20gb (0),1,,13,[CUDA memset]
1708858388,3008,28450,,,,,,,,,,0.031,10404.230,Pinned,Device,NVIDIA A100-SXM4-40GB MIG 4g.20gb (0),1,,13,[CUDA memcpy Host-to-Device]
1708868404,17056,28451,,,,,,,,,,0.197,11527.127,Pinned,Device,NVIDIA A100-SXM4-40GB MIG 4g.20gb (0),1,,13,[CUDA memcpy Host-to-Device]
1708896691,6048,28452,273,1,1,8,4,1,39,0.002,0.000,,,,,NVIDIA A100-SXM4-40GB MIG 4g.20gb (0),1,,13,"void channel_eq::eqMmseCoefCompLowMimoKernel<float, float, float, (unsigned int)4, (unsigned int)1, (unsigned int)4>(const channel_eq::_puschRxChEqStatDescr *, channel_eq::_puschRxChEqCoefCompDynDescr)"
1708905267,5600,28453,273,1,1,12,11,1,51,0.002,0.000,,,,,NVIDIA A100-SXM4-40GB MIG 4g.20gb (0),1,,13,"void channel_eq::eqMmseSoftDemapKernel<float, __half, __half, float, (unsigned int)4, (unsigned short)16383>(channel_eq::_puschRxChEqStatDescr *, channel_eq::_puschRxChEqSoftDemapDynDescr)"
1708913715,295133,28454,1,1,1,32,32,1,30,0.000,0.000,,,,,NVIDIA A100-SXM4-40GB MIG 4g.20gb (0),1,,13,"void convert_kernel<float2, __half2>(tensor_layout_any, T1 *, tensor_layout_any, const T2 *)"
1709210960,10911,28466,2253,1,1,128,1,1,16,0.000,0.000,,,,,NVIDIA A100-SXM4-40GB MIG 4g.20gb (0),1,,13,cupy_copy__float16_float16
1709224719,3520,28475,282,1,1,128,1,1,16,0.000,0.000,,,,,NVIDIA A100-SXM4-40GB MIG 4g.20gb (0),1,,13,cupy_copy__complex64_complex64
1709230959,2208,28484,26,1,1,128,1,1,16,0.000,0.000,,,,,NVIDIA A100-SXM4-40GB MIG 4g.20gb (0),1,,13,cupy_copy__float32_float32
1709234287,2816,28493,103,1,1,128,1,1,16,0.000,0.000,,,,,NVIDIA A100-SXM4-40GB MIG 4g.20gb (0),1,,13,cupy_copy__complex64_complex64
1709240303,12160,28503,1434,1,1,128,1,1,16,0.000,0.000,,,,,NVIDIA A100-SXM4-40GB MIG 4g.20gb (0),1,,13,cupy_copy__complex64_complex64
1709255439,87519,28508,1,1,1,32,32,1,30,0.000,0.000,,,,,NVIDIA A100-SXM4-40GB MIG 4g.20gb (0),1,,13,"void convert_kernel<__half2, float2>(tensor_layout_any, T1 *, tensor_layout_any, const T2 *)"
1709369678,5376,28511,,,,,,,,,,0.094,17428.487,Pinned,Device,NVIDIA A100-SXM4-40GB MIG 4g.20gb (0),1,,13,[CUDA memcpy Host-to-Device]
1709380461,602521,28512,,,,,,,,,,456.561,757435.429,Device,,NVIDIA A100-SXM4-40GB MIG 4g.20gb (0),1,,13,[CUDA memset]
1709987142,76543,28517,,,,,,,,,,1.235,16133.308,Pinned,Device,NVIDIA A100-SXM4-40GB MIG 4g.20gb (0),1,,13,[CUDA memcpy Host-to-Device]
1710070693,16448,28518,,,,,,,,,,0.197,11953.177,Pinned,Device,NVIDIA A100-SXM4-40GB MIG 4g.20gb (0),1,,13,[CUDA memcpy Host-to-Device]
1710096485,8607,28519,69,4,1,48,1,1,76,0.002,0.000,,,,,NVIDIA A100-SXM4-40GB MIG 4g.20gb (0),1,,13,"void ch_est::windowedChEstPreNoDftSOfdmKernel<float, __half, float, (unsigned int)2, (unsigned int)1, (unsigned short)4>(ch_est::puschRxChEstStatDescr_t *, ch_est::puschRxChEstDynDescr_t *)"
1710112100,7712,28520,137,2,1,24,2,1,44,0.001,0.001,,,,,NVIDIA A100-SXM4-40GB MIG 4g.20gb (0),1,,13,"void ch_est::chEstFilterNoDftSOfdmDispatchKernel<float, __half, float, (unsigned int)2>(ch_est::puschRxChEstStatDescr_t *, ch_est::puschRxChEstDynDescr_t *)"
1710126916,6272,28521,137,2,1,24,2,1,44,0.001,0.001,,,,,NVIDIA A100-SXM4-40GB MIG 4g.20gb (0),1,,13,"void ch_est::chEstFilterNoDftSOfdmDispatchKernel<float, __half, float, (unsigned int)2>(ch_est::puschRxChEstStatDescr_t *, ch_est::puschRxChEstDynDescr_t *)"
1710134692,3008,28532,103,1,1,128,1,1,16,0.000,0.000,,,,,NVIDIA A100-SXM4-40GB MIG 4g.20gb (0),1,,13,cupy_copy__complex64_complex64
1710143428,12704,28542,1434,1,1,128,1,1,16,0.000,0.000,,,,,NVIDIA A100-SXM4-40GB MIG 4g.20gb (0),1,,13,cupy_copy__complex64_complex64
1710158628,2784,28549,103,1,1,128,1,1,16,0.000,0.000,,,,,NVIDIA A100-SXM4-40GB MIG 4g.20gb (0),1,,13,cupy_copy__complex64_complex64
1710167684,86591,28556,1,1,1,32,32,1,30,0.000,0.000,,,,,NVIDIA A100-SXM4-40GB MIG 4g.20gb (0),1,,13,"void convert_kernel<__half2, float2>(tensor_layout_any, T1 *, tensor_layout_any, const T2 *)"
1710283586,11392,28559,,,,,,,,,,0.094,8224.635,Pinned,Device,NVIDIA A100-SXM4-40GB MIG 4g.20gb (0),1,,13,[CUDA memcpy Host-to-Device]
1710306658,47263,28560,,,,,,,,,,35.810,757666.287,Device,,NVIDIA A100-SXM4-40GB MIG 4g.20gb (0),1,,13,[CUDA memset]
1710356193,5824,28562,,,,,,,,,,0.000,13.736,Pinned,Device,NVIDIA A100-SXM4-40GB MIG 4g.20gb (0),1,,13,[CUDA memcpy Host-to-Device]
1710365793,13088,28563,,,,,,,,,,0.197,15021.834,Pinned,Device,NVIDIA A100-SXM4-40GB MIG 4g.20gb (0),1,,13,[CUDA memcpy Host-to-Device]
1710390721,9600,28564,273,1,1,48,1,1,40,0.000,0.001,,,,,NVIDIA A100-SXM4-40GB MIG 4g.20gb (0),1,,13,"void pusch_noise_intf_est::noiseIntfEstNoDftSOfdmKernel<float, __half, float, float, (unsigned int)2, (unsigned int)1, (unsigned char)4, (unsigned char)4>(pusch_noise_intf_est::puschRxNoiseIntfEstDynDescr)"
1710402817,2624,28575,35,1,1,128,1,1,16,0.000,0.000,,,,,NVIDIA A100-SXM4-40GB MIG 4g.20gb (0),1,,13,cupy_copy__complex64_complex64
1710406497,1792,28584,1,1,1,1,1,1,18,0.000,0.000,,,,,NVIDIA A100-SXM4-40GB MIG 4g.20gb (0),1,,13,cupy_copy__float32_float32
1710433920,1632,28590,,,,,,,,,,0.000,2.451,Device,Pageable,NVIDIA A100-SXM4-40GB MIG 4g.20gb (0),1,,7,[CUDA memcpy Device-to-Host]
1710494432,12895,28601,1434,1,1,128,1,1,16,0.000,0.000,,,,,NVIDIA A100-SXM4-40GB MIG 4g.20gb (0),1,,13,cupy_copy__complex64_complex64
1710521215,3520,28608,103,1,1,128,1,1,16,0.000,0.000,,,,,NVIDIA A100-SXM4-40GB MIG 4g.20gb (0),1,,13,cupy_copy__complex64_complex64
1710539999,2336,28615,35,1,1,128,1,1,16,0.000,0.000,,,,,NVIDIA A100-SXM4-40GB MIG 4g.20gb (0),1,,13,cupy_copy__complex64_complex64
1710558655,1792,28622,1,1,1,1,1,1,18,0.000,0.000,,,,,NVIDIA A100-SXM4-40GB MIG 4g.20gb (0),1,,13,cupy_copy__float32_float32
1710691453,82783,28633,1,1,1,32,32,1,30,0.000,0.000,,,,,NVIDIA A100-SXM4-40GB MIG 4g.20gb (0),1,,13,"void convert_kernel<__half2, float2>(tensor_layout_any, T1 *, tensor_layout_any, const T2 *)"
1710801500,6112,28636,,,,,,,,,,0.094,15329.790,Pinned,Device,NVIDIA A100-SXM4-40GB MIG 4g.20gb (0),1,,13,[CUDA memcpy Host-to-Device]
1710816380,3296,28637,,,,,,,,,,1.547,469242.628,Device,,NVIDIA A100-SXM4-40GB MIG 4g.20gb (0),1,,13,[CUDA memset]
1710822844,3360,28642,,,,,,,,,,0.031,9314.284,Pinned,Device,NVIDIA A100-SXM4-40GB MIG 4g.20gb (0),1,,13,[CUDA memcpy Host-to-Device]
1710829147,9600,28643,,,,,,,,,,0.197,20479.869,Pinned,Device,NVIDIA A100-SXM4-40GB MIG 4g.20gb (0),1,,13,[CUDA memcpy Host-to-Device]
1710846011,5888,28644,273,1,1,8,4,1,39,0.002,0.000,,,,,NVIDIA A100-SXM4-40GB MIG 4g.20gb (0),1,,13,"void channel_eq::eqMmseCoefCompLowMimoKernel<float, float, float, (unsigned int)4, (unsigned int)1, (unsigned int)4>(const channel_eq::_puschRxChEqStatDescr *, channel_eq::_puschRxChEqCoefCompDynDescr)"
1710852891,5824,28645,273,1,1,12,11,1,51,0.002,0.000,,,,,NVIDIA A100-SXM4-40GB MIG 4g.20gb (0),1,,13,"void channel_eq::eqMmseSoftDemapKernel<float, __half, __half, float, (unsigned int)4, (unsigned short)16383>(channel_eq::_puschRxChEqStatDescr *, channel_eq::_puschRxChEqSoftDemapDynDescr)"
1710859739,282557,28646,1,1,1,32,32,1,30,0.000,0.000,,,,,NVIDIA A100-SXM4-40GB MIG 4g.20gb (0),1,,13,"void convert_kernel<float2, __half2>(tensor_layout_any, T1 *, tensor_layout_any, const T2 *)"
1711144920,11103,28658,2253,1,1,128,1,1,16,0.000,0.000,,,,,NVIDIA A100-SXM4-40GB MIG 4g.20gb (0),1,,13,cupy_copy__float16_float16
1711159255,3776,28667,282,1,1,128,1,1,16,0.000,0.000,,,,,NVIDIA A100-SXM4-40GB MIG 4g.20gb (0),1,,13,cupy_copy__complex64_complex64
1711166775,2144,28676,26,1,1,128,1,1,16,0.000,0.000,,,,,NVIDIA A100-SXM4-40GB MIG 4g.20gb (0),1,,13,cupy_copy__float32_float32
1711169943,3264,28685,103,1,1,128,1,1,16,0.000,0.000,,,,,NVIDIA A100-SXM4-40GB MIG 4g.20gb (0),1,,13,cupy_copy__complex64_complex64
1711175799,11840,28695,1434,1,1,128,1,1,16,0.000,0.000,,,,,NVIDIA A100-SXM4-40GB MIG 4g.20gb (0),1,,13,cupy_copy__complex64_complex64
1711201271,87295,28700,1,1,1,32,32,1,30,0.000,0.000,,,,,NVIDIA A100-SXM4-40GB MIG 4g.20gb (0),1,,13,"void convert_kernel<__half2, float2>(tensor_layout_any, T1 *, tensor_layout_any, const T2 *)"
1711315093,5984,28703,,,,,,,,,,0.094,15657.726,Pinned,Device,NVIDIA A100-SXM4-40GB MIG 4g.20gb (0),1,,13,[CUDA memcpy Host-to-Device]
1711325045,598873,28704,,,,,,,,,,456.561,762001.043,Device,,NVIDIA A100-SXM4-40GB MIG 4g.20gb (0),1,,13,[CUDA memset]
1711931150,132862,28709,,,,,,,,,,1.235,9294.189,Pinned,Device,NVIDIA A100-SXM4-40GB MIG 4g.20gb (0),1,,13,[CUDA memcpy Host-to-Device]
1712079052,35136,28710,,,,,,,,,,0.197,5595.464,Pinned,Device,NVIDIA A100-SXM4-40GB MIG 4g.20gb (0),1,,13,[CUDA memcpy Host-to-Device]
1712138059,8256,28711,69,4,1,48,1,1,76,0.002,0.000,,,,,NVIDIA A100-SXM4-40GB MIG 4g.20gb (0),1,,13,"void ch_est::windowedChEstPreNoDftSOfdmKernel<float, __half, float, (unsigned int)2, (unsigned int)1, (unsigned short)4>(ch_est::puschRxChEstStatDescr_t *, ch_est::puschRxChEstDynDescr_t *)"
1712151755,6912,28712,137,2,1,24,2,1,44,0.001,0.001,,,,,NVIDIA A100-SXM4-40GB MIG 4g.20gb (0),1,,13,"void ch_est::chEstFilterNoDftSOfdmDispatchKernel<float, __half, float, (unsigned int)2>(ch_est::puschRxChEstStatDescr_t *, ch_est::puschRxChEstDynDescr_t *)"
1712165931,5120,28713,137,2,1,24,2,1,44,0.001,0.001,,,,,NVIDIA A100-SXM4-40GB MIG 4g.20gb (0),1,,13,"void ch_est::chEstFilterNoDftSOfdmDispatchKernel<float, __half, float, (unsigned int)2>(ch_est::puschRxChEstStatDescr_t *, ch_est::puschRxChEstDynDescr_t *)"
1712176651,2656,28724,103,1,1,128,1,1,16,0.000,0.000,,,,,NVIDIA A100-SXM4-40GB MIG 4g.20gb (0),1,,13,cupy_copy__complex64_complex64
1712188971,12799,28734,1434,1,1,128,1,1,16,0.000,0.000,,,,,NVIDIA A100-SXM4-40GB MIG 4g.20gb (0),1,,13,cupy_copy__complex64_complex64
1712207178,2848,28741,103,1,1,128,1,1,16,0.000,0.000,,,,,NVIDIA A100-SXM4-40GB MIG 4g.20gb (0),1,,13,cupy_copy__complex64_complex64
1712218250,82303,28748,1,1,1,32,32,1,30,0.000,0.000,,,,,NVIDIA A100-SXM4-40GB MIG 4g.20gb (0),1,,13,"void convert_kernel<__half2, float2>(tensor_layout_any, T1 *, tensor_layout_any, const T2 *)"
1712331721,14464,28751,,,,,,,,,,0.094,6477.860,Pinned,Device,NVIDIA A100-SXM4-40GB MIG 4g.20gb (0),1,,13,[CUDA memcpy Host-to-Device]
1712358505,46847,28752,,,,,,,,,,35.810,764398.552,Device,,NVIDIA A100-SXM4-40GB MIG 4g.20gb (0),1,,13,[CUDA memset]
1712415720,3872,28754,,,,,,,,,,0.000,20.661,Pinned,Device,NVIDIA A100-SXM4-40GB MIG 4g.20gb (0),1,,13,[CUDA memcpy Host-to-Device]
1712428488,18591,28755,,,,,,,,,,0.197,10575.348,Pinned,Device,NVIDIA A100-SXM4-40GB MIG 4g.20gb (0),1,,13,[CUDA memcpy Host-to-Device]
1712465671,9568,28756,273,1,1,48,1,1,40,0.000,0.001,,,,,NVIDIA A100-SXM4-40GB MIG 4g.20gb (0),1,,13,"void pusch_noise_intf_est::noiseIntfEstNoDftSOfdmKernel<float, __half, float, float, (unsigned int)2, (unsigned int)1, (unsigned char)4, (unsigned char)4>(pusch_noise_intf_est::puschRxNoiseIntfEstDynDescr)"
1712486023,2912,28767,35,1,1,128,1,1,16,0.000,0.000,,,,,NVIDIA A100-SXM4-40GB MIG 4g.20gb (0),1,,13,cupy_copy__complex64_complex64
1712495463,1728,28776,1,1,1,1,1,1,18,0.000,0.000,,,,,NVIDIA A100-SXM4-40GB MIG 4g.20gb (0),1,,13,cupy_copy__float32_float32
1712501031,2656,28782,,,,,,,,,,0.000,1.506,Device,Pageable,NVIDIA A100-SXM4-40GB MIG 4g.20gb (0),1,,7,[CUDA memcpy Device-to-Host]
1712580294,12896,28793,1434,1,1,128,1,1,16,0.000,0.000,,,,,NVIDIA A100-SXM4-40GB MIG 4g.20gb (0),1,,13,cupy_copy__complex64_complex64
1712600134,2944,28800,103,1,1,128,1,1,16,0.000,0.000,,,,,NVIDIA A100-SXM4-40GB MIG 4g.20gb (0),1,,13,cupy_copy__complex64_complex64
1712622085,2656,28807,35,1,1,128,1,1,16,0.000,0.000,,,,,NVIDIA A100-SXM4-40GB MIG 4g.20gb (0),1,,13,cupy_copy__complex64_complex64
1712640837,1984,28814,1,1,1,1,1,1,18,0.000,0.000,,,,,NVIDIA A100-SXM4-40GB MIG 4g.20gb (0),1,,13,cupy_copy__float32_float32
1712768323,82111,28825,1,1,1,32,32,1,30,0.000,0.000,,,,,NVIDIA A100-SXM4-40GB MIG 4g.20gb (0),1,,13,"void convert_kernel<__half2, float2>(tensor_layout_any, T1 *, tensor_layout_any, const T2 *)"
1712878146,5920,28828,,,,,,,,,,0.094,15826.941,Pinned,Device,NVIDIA A100-SXM4-40GB MIG 4g.20gb (0),1,,13,[CUDA memcpy Host-to-Device]
1712892898,3232,28829,,,,,,,,,,1.547,478533.199,Device,,NVIDIA A100-SXM4-40GB MIG 4g.20gb (0),1,,13,[CUDA memset]
1712900066,3456,28834,,,,,,,,,,0.031,9055.529,Pinned,Device,NVIDIA A100-SXM4-40GB MIG 4g.20gb (0),1,,13,[CUDA memcpy Host-to-Device]
1712906018,9824,28835,,,,,,,,,,0.197,20012.925,Pinned,Device,NVIDIA A100-SXM4-40GB MIG 4g.20gb (0),1,,13,[CUDA memcpy Host-to-Device]
1712921218,7071,28836,273,1,1,8,4,1,39,0.002,0.000,,,,,NVIDIA A100-SXM4-40GB MIG 4g.20gb (0),1,,13,"void channel_eq::eqMmseCoefCompLowMimoKernel<float, float, float, (unsigned int)4, (unsigned int)1, (unsigned int)4>(const channel_eq::_puschRxChEqStatDescr *, channel_eq::_puschRxChEqCoefCompDynDescr)"
1712929729,7840,28837,273,1,1,12,11,1,51,0.002,0.000,,,,,NVIDIA A100-SXM4-40GB MIG 4g.20gb (0),1,,13,"void channel_eq::eqMmseSoftDemapKernel<float, __half, __half, float, (unsigned int)4, (unsigned short)16383>(channel_eq::_puschRxChEqStatDescr *, channel_eq::_puschRxChEqSoftDemapDynDescr)"
1712938497,282685,28838,1,1,1,32,32,1,30,0.000,0.000,,,,,NVIDIA A100-SXM4-40GB MIG 4g.20gb (0),1,,13,"void convert_kernel<float2, __half2>(tensor_layout_any, T1 *, tensor_layout_any, const T2 *)"
1713224286,10880,28850,2253,1,1,128,1,1,16,0.000,0.000,,,,,NVIDIA A100-SXM4-40GB MIG 4g.20gb (0),1,,13,cupy_copy__float16_float16
1713237694,3072,28859,282,1,1,128,1,1,16,0.000,0.000,,,,,NVIDIA A100-SXM4-40GB MIG 4g.20gb (0),1,,13,cupy_copy__complex64_complex64
1713242430,2112,28868,26,1,1,128,1,1,16,0.000,0.000,,,,,NVIDIA A100-SXM4-40GB MIG 4g.20gb (0),1,,13,cupy_copy__float32_float32
1713246270,4671,28877,103,1,1,128,1,1,16,0.000,0.000,,,,,NVIDIA A100-SXM4-40GB MIG 4g.20gb (0),1,,13,cupy_copy__complex64_complex64
1713253213,12000,28887,1434,1,1,128,1,1,16,0.000,0.000,,,,,NVIDIA A100-SXM4-40GB MIG 4g.20gb (0),1,,13,cupy_copy__complex64_complex64
1713272029,87327,28892,1,1,1,32,32,1,30,0.000,0.000,,,,,NVIDIA A100-SXM4-40GB MIG 4g.20gb (0),1,,13,"void convert_kernel<__half2, float2>(tensor_layout_any, T1 *, tensor_layout_any, const T2 *)"
1713386172,5856,28895,,,,,,,,,,0.094,15999.997,Pinned,Device,NVIDIA A100-SXM4-40GB MIG 4g.20gb (0),1,,13,[CUDA memcpy Host-to-Device]
1713395932,598872,28896,,,,,,,,,,456.561,762001.043,Device,,NVIDIA A100-SXM4-40GB MIG 4g.20gb (0),1,,13,[CUDA memset]
1714001172,146174,28901,,,,,,,,,,1.235,8448.252,Pinned,Device,NVIDIA A100-SXM4-40GB MIG 4g.20gb (0),1,,13,[CUDA memcpy Host-to-Device]
1714156018,33312,28902,,,,,,,,,,0.197,5901.976,Pinned,Device,NVIDIA A100-SXM4-40GB MIG 4g.20gb (0),1,,13,[CUDA memcpy Host-to-Device]
1714203090,8448,28903,69,4,1,48,1,1,76,0.002,0.000,,,,,NVIDIA A100-SXM4-40GB MIG 4g.20gb (0),1,,13,"void ch_est::windowedChEstPreNoDftSOfdmKernel<float, __half, float, (unsigned int)2, (unsigned int)1, (unsigned short)4>(ch_est::puschRxChEstStatDescr_t *, ch_est::puschRxChEstDynDescr_t *)"
1714229937,6912,28904,137,2,1,24,2,1,44,0.001,0.001,,,,,NVIDIA A100-SXM4-40GB MIG 4g.20gb (0),1,,13,"void ch_est::chEstFilterNoDftSOfdmDispatchKernel<float, __half, float, (unsigned int)2>(ch_est::puschRxChEstStatDescr_t *, ch_est::puschRxChEstDynDescr_t *)"
1714245713,4768,28905,137,2,1,24,2,1,44,0.001,0.001,,,,,NVIDIA A100-SXM4-40GB MIG 4g.20gb (0),1,,13,"void ch_est::chEstFilterNoDftSOfdmDispatchKernel<float, __half, float, (unsigned int)2>(ch_est::puschRxChEstStatDescr_t *, ch_est::puschRxChEstDynDescr_t *)"
1714259249,2720,28916,103,1,1,128,1,1,16,0.000,0.000,,,,,NVIDIA A100-SXM4-40GB MIG 4g.20gb (0),1,,13,cupy_copy__complex64_complex64
1714272849,12480,28926,1434,1,1,128,1,1,16,0.000,0.000,,,,,NVIDIA A100-SXM4-40GB MIG 4g.20gb (0),1,,13,cupy_copy__complex64_complex64
1714305808,2400,28933,103,1,1,128,1,1,16,0.000,0.000,,,,,NVIDIA A100-SXM4-40GB MIG 4g.20gb (0),1,,13,cupy_copy__complex64_complex64
1714324112,82463,28940,1,1,1,32,32,1,30,0.000,0.000,,,,,NVIDIA A100-SXM4-40GB MIG 4g.20gb (0),1,,13,"void convert_kernel<__half2, float2>(tensor_layout_any, T1 *, tensor_layout_any, const T2 *)"
1714439503,13440,28943,,,,,,,,,,0.094,6971.357,Pinned,Device,NVIDIA A100-SXM4-40GB MIG 4g.20gb (0),1,,13,[CUDA memcpy Host-to-Device]
1714463790,46144,28944,,,,,,,,,,35.810,776036.776,Device,,NVIDIA A100-SXM4-40GB MIG 4g.20gb (0),1,,13,[CUDA memset]
1714517966,5664,28946,,,,,,,,,,0.000,14.124,Pinned,Device,NVIDIA A100-SXM4-40GB MIG 4g.20gb (0),1,,13,[CUDA memcpy Host-to-Device]
1714527310,17183,28947,,,,,,,,,,0.197,11441.996,Pinned,Device,NVIDIA A100-SXM4-40GB MIG 4g.20gb (0),1,,13,[CUDA memcpy Host-to-Device]
1714556653,12256,28948,273,1,1,48,1,1,40,0.000,0.001,,,,,NVIDIA A100-SXM4-40GB MIG 4g.20gb (0),1,,13,"void pusch_noise_intf_est::noiseIntfEstNoDftSOfdmKernel<float, __half, float, float, (unsigned int)2, (unsigned int)1, (unsigned char)4, (unsigned char)4>(pusch_noise_intf_est::puschRxNoiseIntfEstDynDescr)"
1714571597,3552,28959,35,1,1,128,1,1,16,0.000,0.000,,,,,NVIDIA A100-SXM4-40GB MIG 4g.20gb (0),1,,13,cupy_copy__complex64_complex64
1714580301,2400,28968,1,1,1,1,1,1,18,0.000,0.000,,,,,NVIDIA A100-SXM4-40GB MIG 4g.20gb (0),1,,13,cupy_copy__float32_float32
1714586925,5760,28974,,,,,,,,,,0.000,0.694,Device,Pageable,NVIDIA A100-SXM4-40GB MIG 4g.20gb (0),1,,7,[CUDA memcpy Device-to-Host]
1714666060,13056,28985,1434,1,1,128,1,1,16,0.000,0.000,,,,,NVIDIA A100-SXM4-40GB MIG 4g.20gb (0),1,,13,cupy_copy__complex64_complex64
1714691436,3168,28992,103,1,1,128,1,1,16,0.000,0.000,,,,,NVIDIA A100-SXM4-40GB MIG 4g.20gb (0),1,,13,cupy_copy__complex64_complex64
1714715819,2496,28999,35,1,1,128,1,1,16,0.000,0.000,,,,,NVIDIA A100-SXM4-40GB MIG 4g.20gb (0),1,,13,cupy_copy__complex64_complex64
1714730379,1984,29006,1,1,1,1,1,1,18,0.000,0.000,,,,,NVIDIA A100-SXM4-40GB MIG 4g.20gb (0),1,,13,cupy_copy__float32_float32
1714865801,83327,29017,1,1,1,32,32,1,30,0.000,0.000,,,,,NVIDIA A100-SXM4-40GB MIG 4g.20gb (0),1,,13,"void convert_kernel<__half2, float2>(tensor_layout_any, T1 *, tensor_layout_any, const T2 *)"
1714977832,5504,29020,,,,,,,,,,0.094,17023.251,Pinned,Device,NVIDIA A100-SXM4-40GB MIG 4g.20gb (0),1,,13,[CUDA memcpy Host-to-Device]
1714994824,3232,29021,,,,,,,,,,1.547,478533.199,Device,,NVIDIA A100-SXM4-40GB MIG 4g.20gb (0),1,,13,[CUDA memset]
1714999208,3552,29026,,,,,,,,,,0.031,8810.794,Pinned,Device,NVIDIA A100-SXM4-40GB MIG 4g.20gb (0),1,,13,[CUDA memcpy Host-to-Device]
1715004872,9984,29027,,,,,,,,,,0.197,19692.257,Pinned,Device,NVIDIA A100-SXM4-40GB MIG 4g.20gb (0),1,,13,[CUDA memcpy Host-to-Device]
1715020680,6207,29028,273,1,1,8,4,1,39,0.002,0.000,,,,,NVIDIA A100-SXM4-40GB MIG 4g.20gb (0),1,,13,"void channel_eq::eqMmseCoefCompLowMimoKernel<float, float, float, (unsigned int)4, (unsigned int)1, (unsigned int)4>(const channel_eq::_puschRxChEqStatDescr *, channel_eq::_puschRxChEqCoefCompDynDescr)"
1715028551,6016,29029,273,1,1,12,11,1,51,0.002,0.000,,,,,NVIDIA A100-SXM4-40GB MIG 4g.20gb (0),1,,13,"void channel_eq::eqMmseSoftDemapKernel<float, __half, __half, float, (unsigned int)4, (unsigned short)16383>(channel_eq::_puschRxChEqStatDescr *, channel_eq::_puschRxChEqSoftDemapDynDescr)"
1715035687,282109,29030,1,1,1,32,32,1,30,0.000,0.000,,,,,NVIDIA A100-SXM4-40GB MIG 4g.20gb (0),1,,13,"void convert_kernel<float2, __half2>(tensor_layout_any, T1 *, tensor_layout_any, const T2 *)"
1715319972,10848,29042,2253,1,1,128,1,1,16,0.000,0.000,,,,,NVIDIA A100-SXM4-40GB MIG 4g.20gb (0),1,,13,cupy_copy__float16_float16
1715332708,3712,29051,282,1,1,128,1,1,16,0.000,0.000,,,,,NVIDIA A100-SXM4-40GB MIG 4g.20gb (0),1,,13,cupy_copy__complex64_complex64
1715338820,2272,29060,26,1,1,128,1,1,16,0.000,0.000,,,,,NVIDIA A100-SXM4-40GB MIG 4g.20gb (0),1,,13,cupy_copy__float32_float32
1715342820,3712,29069,103,1,1,128,1,1,16,0.000,0.000,,,,,NVIDIA A100-SXM4-40GB MIG 4g.20gb (0),1,,13,cupy_copy__complex64_complex64
1715347524,12191,29079,1434,1,1,128,1,1,16,0.000,0.000,,,,,NVIDIA A100-SXM4-40GB MIG 4g.20gb (0),1,,13,cupy_copy__complex64_complex64
1715368707,87071,29084,1,1,1,32,32,1,30,0.000,0.000,,,,,NVIDIA A100-SXM4-40GB MIG 4g.20gb (0),1,,13,"void convert_kernel<__half2, float2>(tensor_layout_any, T1 *, tensor_layout_any, const T2 *)"
1715482850,5504,29087,,,,,,,,,,0.094,17023.251,Pinned,Device,NVIDIA A100-SXM4-40GB MIG 4g.20gb (0),1,,13,[CUDA memcpy Host-to-Device]
1715492770,597208,29088,,,,,,,,,,456.561,764283.851,Device,,NVIDIA A100-SXM4-40GB MIG 4g.20gb (0),1,,13,[CUDA memset]
1716095546,141182,29093,,,,,,,,,,1.235,8747.108,Pinned,Device,NVIDIA A100-SXM4-40GB MIG 4g.20gb (0),1,,13,[CUDA memcpy Host-to-Device]
1716252312,43328,29094,,,,,,,,,,0.197,4537.516,Pinned,Device,NVIDIA A100-SXM4-40GB MIG 4g.20gb (0),1,,13,[CUDA memcpy Host-to-Device]
1716316440,7839,29095,69,4,1,48,1,1,76,0.002,0.000,,,,,NVIDIA A100-SXM4-40GB MIG 4g.20gb (0),1,,13,"void ch_est::windowedChEstPreNoDftSOfdmKernel<float, __half, float, (unsigned int)2, (unsigned int)1, (unsigned short)4>(ch_est::puschRxChEstStatDescr_t *, ch_est::puschRxChEstDynDescr_t *)"
1716336023,6496,29096,137,2,1,24,2,1,44,0.001,0.001,,,,,NVIDIA A100-SXM4-40GB MIG 4g.20gb (0),1,,13,"void ch_est::chEstFilterNoDftSOfdmDispatchKernel<float, __half, float, (unsigned int)2>(ch_est::puschRxChEstStatDescr_t *, ch_est::puschRxChEstDynDescr_t *)"
1716352407,4736,29097,137,2,1,24,2,1,44,0.001,0.001,,,,,NVIDIA A100-SXM4-40GB MIG 4g.20gb (0),1,,13,"void ch_est::chEstFilterNoDftSOfdmDispatchKernel<float, __half, float, (unsigned int)2>(ch_est::puschRxChEstStatDescr_t *, ch_est::puschRxChEstDynDescr_t *)"
1716371159,2560,29108,103,1,1,128,1,1,16,0.000,0.000,,,,,NVIDIA A100-SXM4-40GB MIG 4g.20gb (0),1,,13,cupy_copy__complex64_complex64
1716387031,12543,29118,1434,1,1,128,1,1,16,0.000,0.000,,,,,NVIDIA A100-SXM4-40GB MIG 4g.20gb (0),1,,13,cupy_copy__complex64_complex64
1716422838,2656,29125,103,1,1,128,1,1,16,0.000,0.000,,,,,NVIDIA A100-SXM4-40GB MIG 4g.20gb (0),1,,13,cupy_copy__complex64_complex64
1716433590,89471,29132,1,1,1,32,32,1,30,0.000,0.000,,,,,NVIDIA A100-SXM4-40GB MIG 4g.20gb (0),1,,13,"void convert_kernel<__half2, float2>(tensor_layout_any, T1 *, tensor_layout_any, const T2 *)"
1716556309,17471,29135,,,,,,,,,,0.094,5362.878,Pinned,Device,NVIDIA A100-SXM4-40GB MIG 4g.20gb (0),1,,13,[CUDA memcpy Host-to-Device]
1716594132,47103,29136,,,,,,,,,,35.810,760244.602,Device,,NVIDIA A100-SXM4-40GB MIG 4g.20gb (0),1,,13,[CUDA memset]
1716647859,8480,29138,,,,,,,,,,0.000,9.434,Pinned,Device,NVIDIA A100-SXM4-40GB MIG 4g.20gb (0),1,,13,[CUDA memcpy Host-to-Device]
1716664339,40512,29139,,,,,,,,,,0.197,4853.072,Pinned,Device,NVIDIA A100-SXM4-40GB MIG 4g.20gb (0),1,,13,[CUDA memcpy Host-to-Device]
1716735474,9856,29140,273,1,1,48,1,1,40,0.000,0.001,,,,,NVIDIA A100-SXM4-40GB MIG 4g.20gb (0),1,,13,"void pusch_noise_intf_est::noiseIntfEstNoDftSOfdmKernel<float, __half, float, float, (unsigned int)2, (unsigned int)1, (unsigned char)4, (unsigned char)4>(pusch_noise_intf_est::puschRxNoiseIntfEstDynDescr)"
1716748946,2560,29151,35,1,1,128,1,1,16,0.000,0.000,,,,,NVIDIA A100-SXM4-40GB MIG 4g.20gb (0),1,,13,cupy_copy__complex64_complex64
1716763730,1696,29160,1,1,1,1,1,1,18,0.000,0.000,,,,,NVIDIA A100-SXM4-40GB MIG 4g.20gb (0),1,,13,cupy_copy__float32_float32
1716766066,6784,29166,,,,,,,,,,0.000,0.590,Device,Pageable,NVIDIA A100-SXM4-40GB MIG 4g.20gb (0),1,,7,[CUDA memcpy Device-to-Host]
1716843633,12736,29177,1434,1,1,128,1,1,16,0.000,0.000,,,,,NVIDIA A100-SXM4-40GB MIG 4g.20gb (0),1,,13,cupy_copy__complex64_complex64
1716873425,2880,29184,103,1,1,128,1,1,16,0.000,0.000,,,,,NVIDIA A100-SXM4-40GB MIG 4g.20gb (0),1,,13,cupy_copy__complex64_complex64
1716888880,2592,29191,35,1,1,128,1,1,16,0.000,0.000,,,,,NVIDIA A100-SXM4-40GB MIG 4g.20gb (0),1,,13,cupy_copy__complex64_complex64
1716909296,2048,29198,1,1,1,1,1,1,18,0.000,0.000,,,,,NVIDIA A100-SXM4-40GB MIG 4g.20gb (0),1,,13,cupy_copy__float32_float32
1717043854,82111,29209,1,1,1,32,32,1,30,0.000,0.000,,,,,NVIDIA A100-SXM4-40GB MIG 4g.20gb (0),1,,13,"void convert_kernel<__half2, float2>(tensor_layout_any, T1 *, tensor_layout_any, const T2 *)"
1717154829,12128,29212,,,,,,,,,,0.094,7725.516,Pinned,Device,NVIDIA A100-SXM4-40GB MIG 4g.20gb (0),1,,13,[CUDA memcpy Host-to-Device]
1717175533,3520,29213,,,,,,,,,,1.547,439380.412,Device,,NVIDIA A100-SXM4-40GB MIG 4g.20gb (0),1,,13,[CUDA memset]
1717185453,4000,29218,,,,,,,,,,0.031,7824.000,Pinned,Device,NVIDIA A100-SXM4-40GB MIG 4g.20gb (0),1,,13,[CUDA memcpy Host-to-Device]
1717192973,14687,29219,,,,,,,,,,0.197,13386.449,Pinned,Device,NVIDIA A100-SXM4-40GB MIG 4g.20gb (0),1,,13,[CUDA memcpy Host-to-Device]
1717215948,8320,29220,273,1,1,8,4,1,39,0.002,0.000,,,,,NVIDIA A100-SXM4-40GB MIG 4g.20gb (0),1,,13,"void channel_eq::eqMmseCoefCompLowMimoKernel<float, float, float, (unsigned int)4, (unsigned int)1, (unsigned int)4>(const channel_eq::_puschRxChEqStatDescr *, channel_eq::_puschRxChEqCoefCompDynDescr)"
1717228300,5472,29221,273,1,1,12,11,1,51,0.002,0.000,,,,,NVIDIA A100-SXM4-40GB MIG 4g.20gb (0),1,,13,"void channel_eq::eqMmseSoftDemapKernel<float, __half, __half, float, (unsigned int)4, (unsigned short)16383>(channel_eq::_puschRxChEqStatDescr *, channel_eq::_puschRxChEqSoftDemapDynDescr)"
1717235500,289629,29222,1,1,1,32,32,1,30,0.000,0.000,,,,,NVIDIA A100-SXM4-40GB MIG 4g.20gb (0),1,,13,"void convert_kernel<float2, __half2>(tensor_layout_any, T1 *, tensor_layout_any, const T2 *)"
1717529576,11040,29234,2253,1,1,128,1,1,16,0.000,0.000,,,,,NVIDIA A100-SXM4-40GB MIG 4g.20gb (0),1,,13,cupy_copy__float16_float16
1717543240,3648,29243,282,1,1,128,1,1,16,0.000,0.000,,,,,NVIDIA A100-SXM4-40GB MIG 4g.20gb (0),1,,13,cupy_copy__complex64_complex64
1717549832,2080,29252,26,1,1,128,1,1,16,0.000,0.000,,,,,NVIDIA A100-SXM4-40GB MIG 4g.20gb (0),1,,13,cupy_copy__float32_float32
1717553352,3296,29261,103,1,1,128,1,1,16,0.000,0.000,,,,,NVIDIA A100-SXM4-40GB MIG 4g.20gb (0),1,,13,cupy_copy__complex64_complex64
1717558920,11968,29271,1434,1,1,128,1,1,16,0.000,0.000,,,,,NVIDIA A100-SXM4-40GB MIG 4g.20gb (0),1,,13,cupy_copy__complex64_complex64
1717573160,86815,29276,1,1,1,32,32,1,30,0.000,0.000,,,,,NVIDIA A100-SXM4-40GB MIG 4g.20gb (0),1,,13,"void convert_kernel<__half2, float2>(tensor_layout_any, T1 *, tensor_layout_any, const T2 *)"
1717687527,5791,29279,,,,,,,,,,0.094,16179.519,Pinned,Device,NVIDIA A100-SXM4-40GB MIG 4g.20gb (0),1,,13,[CUDA memcpy Host-to-Device]
1717697798,599161,29280,,,,,,,,,,456.561,762001.043,Device,,NVIDIA A100-SXM4-40GB MIG 4g.20gb (0),1,,13,[CUDA memset]
1718299903,163646,29285,,,,,,,,,,1.235,7545.508,Pinned,Device,NVIDIA A100-SXM4-40GB MIG 4g.20gb (0),1,,13,[CUDA memcpy Host-to-Device]
1718472989,39807,29286,,,,,,,,,,0.197,4938.990,Pinned,Device,NVIDIA A100-SXM4-40GB MIG 4g.20gb (0),1,,13,[CUDA memcpy Host-to-Device]
1718543484,8160,29287,69,4,1,48,1,1,76,0.002,0.000,,,,,NVIDIA A100-SXM4-40GB MIG 4g.20gb (0),1,,13,"void ch_est::windowedChEstPreNoDftSOfdmKernel<float, __half, float, (unsigned int)2, (unsigned int)1, (unsigned short)4>(ch_est::puschRxChEstStatDescr_t *, ch_est::puschRxChEstDynDescr_t *)"
1718562652,6784,29288,137,2,1,24,2,1,44,0.001,0.001,,,,,NVIDIA A100-SXM4-40GB MIG 4g.20gb (0),1,,13,"void ch_est::chEstFilterNoDftSOfdmDispatchKernel<float, __half, float, (unsigned int)2>(ch_est::puschRxChEstStatDescr_t *, ch_est::puschRxChEstDynDescr_t *)"
1718579515,4768,29289,137,2,1,24,2,1,44,0.001,0.001,,,,,NVIDIA A100-SXM4-40GB MIG 4g.20gb (0),1,,13,"void ch_est::chEstFilterNoDftSOfdmDispatchKernel<float, __half, float, (unsigned int)2>(ch_est::puschRxChEstStatDescr_t *, ch_est::puschRxChEstDynDescr_t *)"
1718596635,2496,29300,103,1,1,128,1,1,16,0.000,0.000,,,,,NVIDIA A100-SXM4-40GB MIG 4g.20gb (0),1,,13,cupy_copy__complex64_complex64
1718614203,12352,29310,1434,1,1,128,1,1,16,0.000,0.000,,,,,NVIDIA A100-SXM4-40GB MIG 4g.20gb (0),1,,13,cupy_copy__complex64_complex64
1718633723,2912,29317,103,1,1,128,1,1,16,0.000,0.000,,,,,NVIDIA A100-SXM4-40GB MIG 4g.20gb (0),1,,13,cupy_copy__complex64_complex64
1718659962,106975,29324,1,1,1,32,32,1,30,0.000,0.000,,,,,NVIDIA A100-SXM4-40GB MIG 4g.20gb (0),1,,13,"void convert_kernel<__half2, float2>(tensor_layout_any, T1 *, tensor_layout_any, const T2 *)"
1718801305,27263,29327,,,,,,,,,,0.094,3436.676,Pinned,Device,NVIDIA A100-SXM4-40GB MIG 4g.20gb (0),1,,13,[CUDA memcpy Host-to-Device]
1718850040,48064,29328,,,,,,,,,,35.810,745025.386,Device,,NVIDIA A100-SXM4-40GB MIG 4g.20gb (0),1,,13,[CUDA memset]
1718904375,9984,29330,,,,,,,,,,0.000,8.013,Pinned,Device,NVIDIA A100-SXM4-40GB MIG 4g.20gb (0),1,,13,[CUDA memcpy Host-to-Device]
1718924375,32672,29331,,,,,,,,,,0.197,6017.581,Pinned,Device,NVIDIA A100-SXM4-40GB MIG 4g.20gb (0),1,,13,[CUDA memcpy Host-to-Device]
1718977783,10079,29332,273,1,1,48,1,1,40,0.000,0.001,,,,,NVIDIA A100-SXM4-40GB MIG 4g.20gb (0),1,,13,"void pusch_noise_intf_est::noiseIntfEstNoDftSOfdmKernel<float, __half, float, float, (unsigned int)2, (unsigned int)1, (unsigned char)4, (unsigned char)4>(pusch_noise_intf_est::puschRxNoiseIntfEstDynDescr)"
1719005750,2560,29343,35,1,1,128,1,1,16,0.000,0.000,,,,,NVIDIA A100-SXM4-40GB MIG 4g.20gb (0),1,,13,cupy_copy__complex64_complex64
1719018902,1664,29352,1,1,1,1,1,1,18,0.000,0.000,,,,,NVIDIA A100-SXM4-40GB MIG 4g.20gb (0),1,,13,cupy_copy__float32_float32
1719023830,7040,29358,,,,,,,,,,0.000,0.568,Device,Pageable,NVIDIA A100-SXM4-40GB MIG 4g.20gb (0),1,,7,[CUDA memcpy Device-to-Host]
1719111829,12864,29369,1434,1,1,128,1,1,16,0.000,0.000,,,,,NVIDIA A100-SXM4-40GB MIG 4g.20gb (0),1,,13,cupy_copy__complex64_complex64
1719132405,2816,29376,103,1,1,128,1,1,16,0.000,0.000,,,,,NVIDIA A100-SXM4-40GB MIG 4g.20gb (0),1,,13,cupy_copy__complex64_complex64
1719154164,2560,29383,35,1,1,128,1,1,16,0.000,0.000,,,,,NVIDIA A100-SXM4-40GB MIG 4g.20gb (0),1,,13,cupy_copy__complex64_complex64
1719166644,1792,29390,1,1,1,1,1,1,18,0.000,0.000,,,,,NVIDIA A100-SXM4-40GB MIG 4g.20gb (0),1,,13,cupy_copy__float32_float32
1719295283,81855,29401,1,1,1,32,32,1,30,0.000,0.000,,,,,NVIDIA A100-SXM4-40GB MIG 4g.20gb (0),1,,13,"void convert_kernel<__half2, float2>(tensor_layout_any, T1 *, tensor_layout_any, const T2 *)"
1719404497,5664,29404,,,,,,,,,,0.094,16542.310,Pinned,Device,NVIDIA A100-SXM4-40GB MIG 4g.20gb (0),1,,13,[CUDA memcpy Host-to-Device]
1719418769,3360,29405,,,,,,,,,,1.547,460304.688,Device,,NVIDIA A100-SXM4-40GB MIG 4g.20gb (0),1,,13,[CUDA memset]
1719426225,3104,29410,,,,,,,,,,0.031,10082.445,Pinned,Device,NVIDIA A100-SXM4-40GB MIG 4g.20gb (0),1,,13,[CUDA memcpy Host-to-Device]
1719431729,9600,29411,,,,,,,,,,0.197,20479.869,Pinned,Device,NVIDIA A100-SXM4-40GB MIG 4g.20gb (0),1,,13,[CUDA memcpy Host-to-Device]
1719446481,8256,29412,273,1,1,8,4,1,39,0.002,0.000,,,,,NVIDIA A100-SXM4-40GB MIG 4g.20gb (0),1,,13,"void channel_eq::eqMmseCoefCompLowMimoKernel<float, float, float, (unsigned int)4, (unsigned int)1, (unsigned int)4>(const channel_eq::_puschRxChEqStatDescr *, channel_eq::_puschRxChEqCoefCompDynDescr)"
1719456145,6048,29413,273,1,1,12,11,1,51,0.002,0.000,,,,,NVIDIA A100-SXM4-40GB MIG 4g.20gb (0),1,,13,"void channel_eq::eqMmseSoftDemapKernel<float, __half, __half, float, (unsigned int)4, (unsigned short)16383>(channel_eq::_puschRxChEqStatDescr *, channel_eq::_puschRxChEqSoftDemapDynDescr)"
1719463345,294524,29414,1,1,1,32,32,1,30,0.000,0.000,,,,,NVIDIA A100-SXM4-40GB MIG 4g.20gb (0),1,,13,"void convert_kernel<float2, __half2>(tensor_layout_any, T1 *, tensor_layout_any, const T2 *)"
1719760621,10880,29426,2253,1,1,128,1,1,16,0.000,0.000,,,,,NVIDIA A100-SXM4-40GB MIG 4g.20gb (0),1,,13,cupy_copy__float16_float16
1719775469,2688,29435,282,1,1,128,1,1,16,0.000,0.000,,,,,NVIDIA A100-SXM4-40GB MIG 4g.20gb (0),1,,13,cupy_copy__complex64_complex64
1719779245,2208,29444,26,1,1,128,1,1,16,0.000,0.000,,,,,NVIDIA A100-SXM4-40GB MIG 4g.20gb (0),1,,13,cupy_copy__float32_float32
1719782477,2912,29453,103,1,1,128,1,1,16,0.000,0.000,,,,,NVIDIA A100-SXM4-40GB MIG 4g.20gb (0),1,,13,cupy_copy__complex64_complex64
1719786349,12415,29463,1434,1,1,128,1,1,16,0.000,0.000,,,,,NVIDIA A100-SXM4-40GB MIG 4g.20gb (0),1,,13,cupy_copy__complex64_complex64
1719803244,90655,29468,1,1,1,32,32,1,30,0.000,0.000,,,,,NVIDIA A100-SXM4-40GB MIG 4g.20gb (0),1,,13,"void convert_kernel<__half2, float2>(tensor_layout_any, T1 *, tensor_layout_any, const T2 *)"
1719921035,5440,29471,,,,,,,,,,0.094,17223.480,Pinned,Device,NVIDIA A100-SXM4-40GB MIG 4g.20gb (0),1,,13,[CUDA memcpy Host-to-Device]
1719930763,598424,29472,,,,,,,,,,456.561,762914.166,Device,,NVIDIA A100-SXM4-40GB MIG 4g.20gb (0),1,,13,[CUDA memset]
1720535427,76831,29477,,,,,,,,,,1.235,16072.796,Pinned,Device,NVIDIA A100-SXM4-40GB MIG 4g.20gb (0),1,,13,[CUDA memcpy Host-to-Device]
1720618338,22112,29478,,,,,,,,,,0.197,8891.400,Pinned,Device,NVIDIA A100-SXM4-40GB MIG 4g.20gb (0),1,,13,[CUDA memcpy Host-to-Device]
1720650050,7904,29479,69,4,1,48,1,1,76,0.002,0.000,,,,,NVIDIA A100-SXM4-40GB MIG 4g.20gb (0),1,,13,"void ch_est::windowedChEstPreNoDftSOfdmKernel<float, __half, float, (unsigned int)2, (unsigned int)1, (unsigned short)4>(ch_est::puschRxChEstStatDescr_t *, ch_est::puschRxChEstDynDescr_t *)"
1720665634,6752,29480,137,2,1,24,2,1,44,0.001,0.001,,,,,NVIDIA A100-SXM4-40GB MIG 4g.20gb (0),1,,13,"void ch_est::chEstFilterNoDftSOfdmDispatchKernel<float, __half, float, (unsigned int)2>(ch_est::puschRxChEstStatDescr_t *, ch_est::puschRxChEstDynDescr_t *)"
1720673602,6303,29481,137,2,1,24,2,1,44,0.001,0.001,,,,,NVIDIA A100-SXM4-40GB MIG 4g.20gb (0),1,,13,"void ch_est::chEstFilterNoDftSOfdmDispatchKernel<float, __half, float, (unsigned int)2>(ch_est::puschRxChEstStatDescr_t *, ch_est::puschRxChEstDynDescr_t *)"
1720681345,3296,29492,103,1,1,128,1,1,16,0.000,0.000,,,,,NVIDIA A100-SXM4-40GB MIG 4g.20gb (0),1,,13,cupy_copy__complex64_complex64
1720689217,12864,29502,1434,1,1,128,1,1,16,0.000,0.000,,,,,NVIDIA A100-SXM4-40GB MIG 4g.20gb (0),1,,13,cupy_copy__complex64_complex64
1720704673,2528,29509,103,1,1,128,1,1,16,0.000,0.000,,,,,NVIDIA A100-SXM4-40GB MIG 4g.20gb (0),1,,13,cupy_copy__complex64_complex64
1720715169,82367,29516,1,1,1,32,32,1,30,0.000,0.000,,,,,NVIDIA A100-SXM4-40GB MIG 4g.20gb (0),1,,13,"void convert_kernel<__half2, float2>(tensor_layout_any, T1 *, tensor_layout_any, const T2 *)"
1720824288,13759,29519,,,,,,,,,,0.094,6809.732,Pinned,Device,NVIDIA A100-SXM4-40GB MIG 4g.20gb (0),1,,13,[CUDA memcpy Host-to-Device]
1720851903,47296,29520,,,,,,,,,,35.810,757129.139,Device,,NVIDIA A100-SXM4-40GB MIG 4g.20gb (0),1,,13,[CUDA memset]
1720901823,8704,29522,,,,,,,,,,0.000,9.191,Pinned,Device,NVIDIA A100-SXM4-40GB MIG 4g.20gb (0),1,,13,[CUDA memcpy Host-to-Device]
1720916895,18303,29523,,,,,,,,,,0.197,10741.678,Pinned,Device,NVIDIA A100-SXM4-40GB MIG 4g.20gb (0),1,,13,[CUDA memcpy Host-to-Device]
1720953086,9312,29524,273,1,1,48,1,1,40,0.000,0.001,,,,,NVIDIA A100-SXM4-40GB MIG 4g.20gb (0),1,,13,"void pusch_noise_intf_est::noiseIntfEstNoDftSOfdmKernel<float, __half, float, float, (unsigned int)2, (unsigned int)1, (unsigned char)4, (unsigned char)4>(pusch_noise_intf_est::puschRxNoiseIntfEstDynDescr)"
1720965886,3072,29535,35,1,1,128,1,1,16,0.000,0.000,,,,,NVIDIA A100-SXM4-40GB MIG 4g.20gb (0),1,,13,cupy_copy__complex64_complex64
1720976286,1760,29544,1,1,1,1,1,1,18,0.000,0.000,,,,,NVIDIA A100-SXM4-40GB MIG 4g.20gb (0),1,,13,cupy_copy__float32_float32
1720981150,4640,29550,,,,,,,,,,0.000,0.862,Device,Pageable,NVIDIA A100-SXM4-40GB MIG 4g.20gb (0),1,,7,[CUDA memcpy Device-to-Host]
1721065373,12896,29561,1434,1,1,128,1,1,16,0.000,0.000,,,,,NVIDIA A100-SXM4-40GB MIG 4g.20gb (0),1,,13,cupy_copy__complex64_complex64
1721083676,2944,29568,103,1,1,128,1,1,16,0.000,0.000,,,,,NVIDIA A100-SXM4-40GB MIG 4g.20gb (0),1,,13,cupy_copy__complex64_complex64
1721104956,2784,29575,35,1,1,128,1,1,16,0.000,0.000,,,,,NVIDIA A100-SXM4-40GB MIG 4g.20gb (0),1,,13,cupy_copy__complex64_complex64
1721127292,1792,29582,1,1,1,1,1,1,18,0.000,0.000,,,,,NVIDIA A100-SXM4-40GB MIG 4g.20gb (0),1,,13,cupy_copy__float32_float32
1721258906,87295,29593,1,1,1,32,32,1,30,0.000,0.000,,,,,NVIDIA A100-SXM4-40GB MIG 4g.20gb (0),1,,13,"void convert_kernel<__half2, float2>(tensor_layout_any, T1 *, tensor_layout_any, const T2 *)"
1721374297,5568,29596,,,,,,,,,,0.094,16827.521,Pinned,Device,NVIDIA A100-SXM4-40GB MIG 4g.20gb (0),1,,13,[CUDA memcpy Host-to-Device]
1721388601,3456,29597,,,,,,,,,,1.547,447517.201,Device,,NVIDIA A100-SXM4-40GB MIG 4g.20gb (0),1,,13,[CUDA memset]
1721395449,3360,29602,,,,,,,,,,0.031,9314.284,Pinned,Device,NVIDIA A100-SXM4-40GB MIG 4g.20gb (0),1,,13,[CUDA memcpy Host-to-Device]
1721401496,9760,29603,,,,,,,,,,0.197,20144.259,Pinned,Device,NVIDIA A100-SXM4-40GB MIG 4g.20gb (0),1,,13,[CUDA memcpy Host-to-Device]
1721414904,6176,29604,273,1,1,8,4,1,39,0.002,0.000,,,,,NVIDIA A100-SXM4-40GB MIG 4g.20gb (0),1,,13,"void channel_eq::eqMmseCoefCompLowMimoKernel<float, float, float, (unsigned int)4, (unsigned int)1, (unsigned int)4>(const channel_eq::_puschRxChEqStatDescr *, channel_eq::_puschRxChEqCoefCompDynDescr)"
1721424248,5376,29605,273,1,1,12,11,1,51,0.002,0.000,,,,,NVIDIA A100-SXM4-40GB MIG 4g.20gb (0),1,,13,"void channel_eq::eqMmseSoftDemapKernel<float, __half, __half, float, (unsigned int)4, (unsigned short)16383>(channel_eq::_puschRxChEqStatDescr *, channel_eq::_puschRxChEqSoftDemapDynDescr)"
1721433272,279965,29606,1,1,1,32,32,1,30,0.000,0.000,,,,,NVIDIA A100-SXM4-40GB MIG 4g.20gb (0),1,,13,"void convert_kernel<float2, __half2>(tensor_layout_any, T1 *, tensor_layout_any, const T2 *)"
1721715285,10943,29618,2253,1,1,128,1,1,16,0.000,0.000,,,,,NVIDIA A100-SXM4-40GB MIG 4g.20gb (0),1,,13,cupy_copy__float16_float16
1721729492,3776,29627,282,1,1,128,1,1,16,0.000,0.000,,,,,NVIDIA A100-SXM4-40GB MIG 4g.20gb (0),1,,13,cupy_copy__complex64_complex64
1721735316,2048,29636,26,1,1,128,1,1,16,0.000,0.000,,,,,NVIDIA A100-SXM4-40GB MIG 4g.20gb (0),1,,13,cupy_copy__float32_float32
1721739412,3104,29645,103,1,1,128,1,1,16,0.000,0.000,,,,,NVIDIA A100-SXM4-40GB MIG 4g.20gb (0),1,,13,cupy_copy__complex64_complex64
1721743572,11872,29655,1434,1,1,128,1,1,16,0.000,0.000,,,,,NVIDIA A100-SXM4-40GB MIG 4g.20gb (0),1,,13,cupy_copy__complex64_complex64
1721764948,86783,29660,1,1,1,32,32,1,30,0.000,0.000,,,,,NVIDIA A100-SXM4-40GB MIG 4g.20gb (0),1,,13,"void convert_kernel<__half2, float2>(tensor_layout_any, T1 *, tensor_layout_any, const T2 *)"
1721878291,5696,29663,,,,,,,,,,0.094,16449.363,Pinned,Device,NVIDIA A100-SXM4-40GB MIG 4g.20gb (0),1,,13,[CUDA memcpy Host-to-Device]
1721889170,597881,29664,,,,,,,,,,456.561,763370.728,Device,,NVIDIA A100-SXM4-40GB MIG 4g.20gb (0),1,,13,[CUDA memset]
1722494123,152446,29669,,,,,,,,,,1.235,8099.998,Pinned,Device,NVIDIA A100-SXM4-40GB MIG 4g.20gb (0),1,,13,[CUDA memcpy Host-to-Device]
1722657737,41823,29670,,,,,,,,,,0.197,4700.897,Pinned,Device,NVIDIA A100-SXM4-40GB MIG 4g.20gb (0),1,,13,[CUDA memcpy Host-to-Device]
1722720712,8096,29671,69,4,1,48,1,1,76,0.002,0.000,,,,,NVIDIA A100-SXM4-40GB MIG 4g.20gb (0),1,,13,"void ch_est::windowedChEstPreNoDftSOfdmKernel<float, __half, float, (unsigned int)2, (unsigned int)1, (unsigned short)4>(ch_est::puschRxChEstStatDescr_t *, ch_est::puschRxChEstDynDescr_t *)"
1722736232,6592,29672,137,2,1,24,2,1,44,0.001,0.001,,,,,NVIDIA A100-SXM4-40GB MIG 4g.20gb (0),1,,13,"void ch_est::chEstFilterNoDftSOfdmDispatchKernel<float, __half, float, (unsigned int)2>(ch_est::puschRxChEstStatDescr_t *, ch_est::puschRxChEstDynDescr_t *)"
1722747112,5024,29673,137,2,1,24,2,1,44,0.001,0.001,,,,,NVIDIA A100-SXM4-40GB MIG 4g.20gb (0),1,,13,"void ch_est::chEstFilterNoDftSOfdmDispatchKernel<float, __half, float, (unsigned int)2>(ch_est::puschRxChEstStatDescr_t *, ch_est::puschRxChEstDynDescr_t *)"
1722755528,2624,29684,103,1,1,128,1,1,16,0.000,0.000,,,,,NVIDIA A100-SXM4-40GB MIG 4g.20gb (0),1,,13,cupy_copy__complex64_complex64
1722763272,12447,29694,1434,1,1,128,1,1,16,0.000,0.000,,,,,NVIDIA A100-SXM4-40GB MIG 4g.20gb (0),1,,13,cupy_copy__complex64_complex64
1722779975,2560,29701,103,1,1,128,1,1,16,0.000,0.000,,,,,NVIDIA A100-SXM4-40GB MIG 4g.20gb (0),1,,13,cupy_copy__complex64_complex64
1722787847,82975,29708,1,1,1,32,32,1,30,0.000,0.000,,,,,NVIDIA A100-SXM4-40GB MIG 4g.20gb (0),1,,13,"void convert_kernel<__half2, float2>(tensor_layout_any, T1 *, tensor_layout_any, const T2 *)"
1722898822,6304,29711,,,,,,,,,,0.094,14862.903,Pinned,Device,NVIDIA A100-SXM4-40GB MIG 4g.20gb (0),1,,13,[CUDA memcpy Host-to-Device]
1722911686,47295,29712,,,,,,,,,,35.810,757129.139,Device,,NVIDIA A100-SXM4-40GB MIG 4g.20gb (0),1,,13,[CUDA memset]
1722965605,3072,29714,,,,,,,,,,0.000,26.042,Pinned,Device,NVIDIA A100-SXM4-40GB MIG 4g.20gb (0),1,,13,[CUDA memcpy Host-to-Device]
1722972805,14144,29715,,,,,,,,,,0.197,13900.382,Pinned,Device,NVIDIA A100-SXM4-40GB MIG 4g.20gb (0),1,,13,[CUDA memcpy Host-to-Device]
1722995493,12512,29716,273,1,1,48,1,1,40,0.000,0.001,,,,,NVIDIA A100-SXM4-40GB MIG 4g.20gb (0),1,,13,"void pusch_noise_intf_est::noiseIntfEstNoDftSOfdmKernel<float, __half, float, float, (unsigned int)2, (unsigned int)1, (unsigned char)4, (unsigned char)4>(pusch_noise_intf_est::puschRxNoiseIntfEstDynDescr)"
1723011941,3392,29727,35,1,1,128,1,1,16,0.000,0.000,,,,,NVIDIA A100-SXM4-40GB MIG 4g.20gb (0),1,,13,cupy_copy__complex64_complex64
1723021860,1888,29736,1,1,1,1,1,1,18,0.000,0.000,,,,,NVIDIA A100-SXM4-40GB MIG 4g.20gb (0),1,,13,cupy_copy__float32_float32
1723051748,1600,29742,,,,,,,,,,0.000,2.500,Device,Pageable,NVIDIA A100-SXM4-40GB MIG 4g.20gb (0),1,,7,[CUDA memcpy Device-to-Host]
1723110275,13056,29753,1434,1,1,128,1,1,16,0.000,0.000,,,,,NVIDIA A100-SXM4-40GB MIG 4g.20gb (0),1,,13,cupy_copy__complex64_complex64
1723137347,2720,29760,103,1,1,128,1,1,16,0.000,0.000,,,,,NVIDIA A100-SXM4-40GB MIG 4g.20gb (0),1,,13,cupy_copy__complex64_complex64
1723157859,2528,29767,35,1,1,128,1,1,16,0.000,0.000,,,,,NVIDIA A100-SXM4-40GB MIG 4g.20gb (0),1,,13,cupy_copy__complex64_complex64
1723176227,1759,29774,1,1,1,1,1,1,18,0.000,0.000,,,,,NVIDIA A100-SXM4-40GB MIG 4g.20gb (0),1,,13,cupy_copy__float32_float32
1723307329,90303,29785,1,1,1,32,32,1,30,0.000,0.000,,,,,NVIDIA A100-SXM4-40GB MIG 4g.20gb (0),1,,13,"void convert_kernel<__half2, float2>(tensor_layout_any, T1 *, tensor_layout_any, const T2 *)"
1723426495,5600,29788,,,,,,,,,,0.094,16731.388,Pinned,Device,NVIDIA A100-SXM4-40GB MIG 4g.20gb (0),1,,13,[CUDA memcpy Host-to-Device]
1723441503,3232,29789,,,,,,,,,,1.547,478533.199,Device,,NVIDIA A100-SXM4-40GB MIG 4g.20gb (0),1,,13,[CUDA memset]
1723447871,3232,29794,,,,,,,,,,0.031,9683.139,Pinned,Device,NVIDIA A100-SXM4-40GB MIG 4g.20gb (0),1,,13,[CUDA memcpy Host-to-Device]
1723453919,9824,29795,,,,,,,,,,0.197,20012.925,Pinned,Device,NVIDIA A100-SXM4-40GB MIG 4g.20gb (0),1,,13,[CUDA memcpy Host-to-Device]
1723468767,6240,29796,273,1,1,8,4,1,39,0.002,0.000,,,,,NVIDIA A100-SXM4-40GB MIG 4g.20gb (0),1,,13,"void channel_eq::eqMmseCoefCompLowMimoKernel<float, float, float, (unsigned int)4, (unsigned int)1, (unsigned int)4>(const channel_eq::_puschRxChEqStatDescr *, channel_eq::_puschRxChEqCoefCompDynDescr)"
1723476031,6144,29797,273,1,1,12,11,1,51,0.002,0.000,,,,,NVIDIA A100-SXM4-40GB MIG 4g.20gb (0),1,,13,"void channel_eq::eqMmseSoftDemapKernel<float, __half, __half, float, (unsigned int)4, (unsigned short)16383>(channel_eq::_puschRxChEqStatDescr *, channel_eq::_puschRxChEqSoftDemapDynDescr)"
1723483167,282300,29798,1,1,1,32,32,1,30,0.000,0.000,,,,,NVIDIA A100-SXM4-40GB MIG 4g.20gb (0),1,,13,"void convert_kernel<float2, __half2>(tensor_layout_any, T1 *, tensor_layout_any, const T2 *)"
1723767963,11104,29810,2253,1,1,128,1,1,16,0.000,0.000,,,,,NVIDIA A100-SXM4-40GB MIG 4g.20gb (0),1,,13,cupy_copy__float16_float16
1723783451,2912,29819,282,1,1,128,1,1,16,0.000,0.000,,,,,NVIDIA A100-SXM4-40GB MIG 4g.20gb (0),1,,13,cupy_copy__complex64_complex64
1723789531,2336,29828,26,1,1,128,1,1,16,0.000,0.000,,,,,NVIDIA A100-SXM4-40GB MIG 4g.20gb (0),1,,13,cupy_copy__float32_float32
1723793467,2816,29837,103,1,1,128,1,1,16,0.000,0.000,,,,,NVIDIA A100-SXM4-40GB MIG 4g.20gb (0),1,,13,cupy_copy__complex64_complex64
1723797275,12160,29847,1434,1,1,128,1,1,16,0.000,0.000,,,,,NVIDIA A100-SXM4-40GB MIG 4g.20gb (0),1,,13,cupy_copy__complex64_complex64
1723822171,82814,29852,1,1,1,32,32,1,30,0.000,0.000,,,,,NVIDIA A100-SXM4-40GB MIG 4g.20gb (0),1,,13,"void convert_kernel<__half2, float2>(tensor_layout_any, T1 *, tensor_layout_any, const T2 *)"
1723932569,5472,29855,,,,,,,,,,0.094,17122.757,Pinned,Device,NVIDIA A100-SXM4-40GB MIG 4g.20gb (0),1,,13,[CUDA memcpy Host-to-Device]
1723942649,597561,29856,,,,,,,,,,456.561,763827.289,Device,,NVIDIA A100-SXM4-40GB MIG 4g.20gb (0),1,,13,[CUDA memset]
1724542450,162686,29861,,,,,,,,,,1.235,7589.966,Pinned,Device,NVIDIA A100-SXM4-40GB MIG 4g.20gb (0),1,,13,[CUDA memcpy Host-to-Device]
1724722063,46272,29862,,,,,,,,,,0.197,4248.895,Pinned,Device,NVIDIA A100-SXM4-40GB MIG 4g.20gb (0),1,,13,[CUDA memcpy Host-to-Device]
1724791406,8064,29863,69,4,1,48,1,1,76,0.002,0.000,,,,,NVIDIA A100-SXM4-40GB MIG 4g.20gb (0),1,,13,"void ch_est::windowedChEstPreNoDftSOfdmKernel<float, __half, float, (unsigned int)2, (unsigned int)1, (unsigned short)4>(ch_est::puschRxChEstStatDescr_t *, ch_est::puschRxChEstDynDescr_t *)"
1724808622,7008,29864,137,2,1,24,2,1,44,0.001,0.001,,,,,NVIDIA A100-SXM4-40GB MIG 4g.20gb (0),1,,13,"void ch_est::chEstFilterNoDftSOfdmDispatchKernel<float, __half, float, (unsigned int)2>(ch_est::puschRxChEstStatDescr_t *, ch_est::puschRxChEstDynDescr_t *)"
1724825806,4768,29865,137,2,1,24,2,1,44,0.001,0.001,,,,,NVIDIA A100-SXM4-40GB MIG 4g.20gb (0),1,,13,"void ch_est::chEstFilterNoDftSOfdmDispatchKernel<float, __half, float, (unsigned int)2>(ch_est::puschRxChEstStatDescr_t *, ch_est::puschRxChEstDynDescr_t *)"
1724843566,2880,29876,103,1,1,128,1,1,16,0.000,0.000,,,,,NVIDIA A100-SXM4-40GB MIG 4g.20gb (0),1,,13,cupy_copy__complex64_complex64
1724860238,12799,29886,1434,1,1,128,1,1,16,0.000,0.000,,,,,NVIDIA A100-SXM4-40GB MIG 4g.20gb (0),1,,13,cupy_copy__complex64_complex64
1724898285,2624,29893,103,1,1,128,1,1,16,0.000,0.000,,,,,NVIDIA A100-SXM4-40GB MIG 4g.20gb (0),1,,13,cupy_copy__complex64_complex64
1724913453,86879,29900,1,1,1,32,32,1,30,0.000,0.000,,,,,NVIDIA A100-SXM4-40GB MIG 4g.20gb (0),1,,13,"void convert_kernel<__half2, float2>(tensor_layout_any, T1 *, tensor_layout_any, const T2 *)"
1725028652,11295,29903,,,,,,,,,,0.094,8295.282,Pinned,Device,NVIDIA A100-SXM4-40GB MIG 4g.20gb (0),1,,13,[CUDA memcpy Host-to-Device]
1725050667,47296,29904,,,,,,,,,,35.810,757129.139,Device,,NVIDIA A100-SXM4-40GB MIG 4g.20gb (0),1,,13,[CUDA memset]
1725103947,5376,29906,,,,,,,,,,0.000,14.881,Pinned,Device,NVIDIA A100-SXM4-40GB MIG 4g.20gb (0),1,,13,[CUDA memcpy Host-to-Device]
1725115690,14688,29907,,,,,,,,,,0.197,13385.466,Pinned,Device,NVIDIA A100-SXM4-40GB MIG 4g.20gb (0),1,,13,[CUDA memcpy Host-to-Device]
1725138506,10912,29908,273,1,1,48,1,1,40,0.000,0.001,,,,,NVIDIA A100-SXM4-40GB MIG 4g.20gb (0),1,,13,"void pusch_noise_intf_est::noiseIntfEstNoDftSOfdmKernel<float, __half, float, float, (unsigned int)2, (unsigned int)1, (unsigned char)4, (unsigned char)4>(pusch_noise_intf_est::puschRxNoiseIntfEstDynDescr)"
1725153386,3168,29919,35,1,1,128,1,1,16,0.000,0.000,,,,,NVIDIA A100-SXM4-40GB MIG 4g.20gb (0),1,,13,cupy_copy__complex64_complex64
1725158858,2144,29928,1,1,1,1,1,1,18,0.000,0.000,,,,,NVIDIA A100-SXM4-40GB MIG 4g.20gb (0),1,,13,cupy_copy__float32_float32
1725179786,1664,29934,,,,,,,,,,0.000,2.404,Device,Pageable,NVIDIA A100-SXM4-40GB MIG 4g.20gb (0),1,,7,[CUDA memcpy Device-to-Host]
1725240169,12800,29945,1434,1,1,128,1,1,16,0.000,0.000,,,,,NVIDIA A100-SXM4-40GB MIG 4g.20gb (0),1,,13,cupy_copy__complex64_complex64
1725267081,2784,29952,103,1,1,128,1,1,16,0.000,0.000,,,,,NVIDIA A100-SXM4-40GB MIG 4g.20gb (0),1,,13,cupy_copy__complex64_complex64
1725287560,2368,29959,35,1,1,128,1,1,16,0.000,0.000,,,,,NVIDIA A100-SXM4-40GB MIG 4g.20gb (0),1,,13,cupy_copy__complex64_complex64
1725305224,1760,29966,1,1,1,1,1,1,18,0.000,0.000,,,,,NVIDIA A100-SXM4-40GB MIG 4g.20gb (0),1,,13,cupy_copy__float32_float32
1725437670,82623,29977,1,1,1,32,32,1,30,0.000,0.000,,,,,NVIDIA A100-SXM4-40GB MIG 4g.20gb (0),1,,13,"void convert_kernel<__half2, float2>(tensor_layout_any, T1 *, tensor_layout_any, const T2 *)"
1725548261,5792,29980,,,,,,,,,,0.094,16176.708,Pinned,Device,NVIDIA A100-SXM4-40GB MIG 4g.20gb (0),1,,13,[CUDA memcpy Host-to-Device]
1725564677,3200,29981,,,,,,,,,,1.547,483320.000,Device,,NVIDIA A100-SXM4-40GB MIG 4g.20gb (0),1,,13,[CUDA memset]
1725569349,3200,29986,,,,,,,,,,0.031,9780.000,Pinned,Device,NVIDIA A100-SXM4-40GB MIG 4g.20gb (0),1,,13,[CUDA memcpy Host-to-Device]
1725575109,9952,29987,,,,,,,,,,0.197,19755.565,Pinned,Device,NVIDIA A100-SXM4-40GB MIG 4g.20gb (0),1,,13,[CUDA memcpy Host-to-Device]
1725592549,6271,29988,273,1,1,8,4,1,39,0.002,0.000,,,,,NVIDIA A100-SXM4-40GB MIG 4g.20gb (0),1,,13,"void channel_eq::eqMmseCoefCompLowMimoKernel<float, float, float, (unsigned int)4, (unsigned int)1, (unsigned int)4>(const channel_eq::_puschRxChEqStatDescr *, channel_eq::_puschRxChEqCoefCompDynDescr)"
1725600868,5920,29989,273,1,1,12,11,1,51,0.002,0.000,,,,,NVIDIA A100-SXM4-40GB MIG 4g.20gb (0),1,,13,"void channel_eq::eqMmseSoftDemapKernel<float, __half, __half, float, (unsigned int)4, (unsigned short)16383>(channel_eq::_puschRxChEqStatDescr *, channel_eq::_puschRxChEqSoftDemapDynDescr)"
1725608388,294397,29990,1,1,1,32,32,1,30,0.000,0.000,,,,,NVIDIA A100-SXM4-40GB MIG 4g.20gb (0),1,,13,"void convert_kernel<float2, __half2>(tensor_layout_any, T1 *, tensor_layout_any, const T2 *)"
1725905761,10976,30002,2253,1,1,128,1,1,16,0.000,0.000,,,,,NVIDIA A100-SXM4-40GB MIG 4g.20gb (0),1,,13,cupy_copy__float16_float16
1725918721,3231,30011,282,1,1,128,1,1,16,0.000,0.000,,,,,NVIDIA A100-SXM4-40GB MIG 4g.20gb (0),1,,13,cupy_copy__complex64_complex64
1725925472,2112,30020,26,1,1,128,1,1,16,0.000,0.000,,,,,NVIDIA A100-SXM4-40GB MIG 4g.20gb (0),1,,13,cupy_copy__float32_float32
1725930848,2880,30029,103,1,1,128,1,1,16,0.000,0.000,,,,,NVIDIA A100-SXM4-40GB MIG 4g.20gb (0),1,,13,cupy_copy__complex64_complex64
1725938208,12224,30039,1434,1,1,128,1,1,16,0.000,0.000,,,,,NVIDIA A100-SXM4-40GB MIG 4g.20gb (0),1,,13,cupy_copy__complex64_complex64
1725953120,86303,30044,1,1,1,32,32,1,30,0.000,0.000,,,,,NVIDIA A100-SXM4-40GB MIG 4g.20gb (0),1,,13,"void convert_kernel<__half2, float2>(tensor_layout_any, T1 *, tensor_layout_any, const T2 *)"
1726066559,5696,30047,,,,,,,,,,0.094,16449.363,Pinned,Device,NVIDIA A100-SXM4-40GB MIG 4g.20gb (0),1,,13,[CUDA memcpy Host-to-Device]
1726076383,597976,30048,,,,,,,,,,456.561,763370.728,Device,,NVIDIA A100-SXM4-40GB MIG 4g.20gb (0),1,,13,[CUDA memset]
1726683255,130334,30053,,,,,,,,,,1.235,9474.490,Pinned,Device,NVIDIA A100-SXM4-40GB MIG 4g.20gb (0),1,,13,[CUDA memcpy Host-to-Device]
1726825909,40864,30054,,,,,,,,,,0.197,4811.194,Pinned,Device,NVIDIA A100-SXM4-40GB MIG 4g.20gb (0),1,,13,[CUDA memcpy Host-to-Device]
1726884405,8127,30055,69,4,1,48,1,1,76,0.002,0.000,,,,,NVIDIA A100-SXM4-40GB MIG 4g.20gb (0),1,,13,"void ch_est::windowedChEstPreNoDftSOfdmKernel<float, __half, float, (unsigned int)2, (unsigned int)1, (unsigned short)4>(ch_est::puschRxChEstStatDescr_t *, ch_est::puschRxChEstDynDescr_t *)"
1726902196,6720,30056,137,2,1,24,2,1,44,0.001,0.001,,,,,NVIDIA A100-SXM4-40GB MIG 4g.20gb (0),1,,13,"void ch_est::chEstFilterNoDftSOfdmDispatchKernel<float, __half, float, (unsigned int)2>(ch_est::puschRxChEstStatDescr_t *, ch_est::puschRxChEstDynDescr_t *)"
1726919636,4672,30057,137,2,1,24,2,1,44,0.001,0.001,,,,,NVIDIA A100-SXM4-40GB MIG 4g.20gb (0),1,,13,"void ch_est::chEstFilterNoDftSOfdmDispatchKernel<float, __half, float, (unsigned int)2>(ch_est::puschRxChEstStatDescr_t *, ch_est::puschRxChEstDynDescr_t *)"
1726934580,2496,30068,103,1,1,128,1,1,16,0.000,0.000,,,,,NVIDIA A100-SXM4-40GB MIG 4g.20gb (0),1,,13,cupy_copy__complex64_complex64
1726953748,12320,30078,1434,1,1,128,1,1,16,0.000,0.000,,,,,NVIDIA A100-SXM4-40GB MIG 4g.20gb (0),1,,13,cupy_copy__complex64_complex64
1726972531,2944,30085,103,1,1,128,1,1,16,0.000,0.000,,,,,NVIDIA A100-SXM4-40GB MIG 4g.20gb (0),1,,13,cupy_copy__complex64_complex64
1726994643,90783,30092,1,1,1,32,32,1,30,0.000,0.000,,,,,NVIDIA A100-SXM4-40GB MIG 4g.20gb (0),1,,13,"void convert_kernel<__half2, float2>(tensor_layout_any, T1 *, tensor_layout_any, const T2 *)"
1727114226,27615,30095,,,,,,,,,,0.094,3392.920,Pinned,Device,NVIDIA A100-SXM4-40GB MIG 4g.20gb (0),1,,13,[CUDA memcpy Host-to-Device]
1727153777,47392,30096,,,,,,,,,,35.810,755589.312,Device,,NVIDIA A100-SXM4-40GB MIG 4g.20gb (0),1,,13,[CUDA memset]
1727205713,16767,30098,,,,,,,,,,0.000,4.771,Pinned,Device,NVIDIA A100-SXM4-40GB MIG 4g.20gb (0),1,,13,[CUDA memcpy Host-to-Device]
1727228976,25472,30099,,,,,,,,,,0.197,7718.437,Pinned,Device,NVIDIA A100-SXM4-40GB MIG 4g.20gb (0),1,,13,[CUDA memcpy Host-to-Device]
1727276272,9696,30100,273,1,1,48,1,1,40,0.000,0.001,,,,,NVIDIA A100-SXM4-40GB MIG 4g.20gb (0),1,,13,"void pusch_noise_intf_est::noiseIntfEstNoDftSOfdmKernel<float, __half, float, float, (unsigned int)2, (unsigned int)1, (unsigned char)4, (unsigned char)4>(pusch_noise_intf_est::puschRxNoiseIntfEstDynDescr)"
1727294511,2880,30111,35,1,1,128,1,1,16,0.000,0.000,,,,,NVIDIA A100-SXM4-40GB MIG 4g.20gb (0),1,,13,cupy_copy__complex64_complex64
1727307663,1696,30120,1,1,1,1,1,1,18,0.000,0.000,,,,,NVIDIA A100-SXM4-40GB MIG 4g.20gb (0),1,,13,cupy_copy__float32_float32
1727316079,4800,30126,,,,,,,,,,0.000,0.833,Device,Pageable,NVIDIA A100-SXM4-40GB MIG 4g.20gb (0),1,,7,[CUDA memcpy Device-to-Host]
1727395918,12864,30137,1434,1,1,128,1,1,16,0.000,0.000,,,,,NVIDIA A100-SXM4-40GB MIG 4g.20gb (0),1,,13,cupy_copy__complex64_complex64
1727424142,2912,30144,103,1,1,128,1,1,16,0.000,0.000,,,,,NVIDIA A100-SXM4-40GB MIG 4g.20gb (0),1,,13,cupy_copy__complex64_complex64
1727448590,2368,30151,35,1,1,128,1,1,16,0.000,0.000,,,,,NVIDIA A100-SXM4-40GB MIG 4g.20gb (0),1,,13,cupy_copy__complex64_complex64
1727464461,1696,30158,1,1,1,1,1,1,18,0.000,0.000,,,,,NVIDIA A100-SXM4-40GB MIG 4g.20gb (0),1,,13,cupy_copy__float32_float32
1727590124,82687,30169,1,1,1,32,32,1,30,0.000,0.000,,,,,NVIDIA A100-SXM4-40GB MIG 4g.20gb (0),1,,13,"void convert_kernel<__half2, float2>(tensor_layout_any, T1 *, tensor_layout_any, const T2 *)"
1727699562,5440,30172,,,,,,,,,,0.094,17223.480,Pinned,Device,NVIDIA A100-SXM4-40GB MIG 4g.20gb (0),1,,13,[CUDA memcpy Host-to-Device]
1727713834,3392,30173,,,,,,,,,,1.547,455961.768,Device,,NVIDIA A100-SXM4-40GB MIG 4g.20gb (0),1,,13,[CUDA memset]
1727720810,3488,30178,,,,,,,,,,0.031,8972.469,Pinned,Device,NVIDIA A100-SXM4-40GB MIG 4g.20gb (0),1,,13,[CUDA memcpy Host-to-Device]
1727726826,9440,30179,,,,,,,,,,0.197,20827.079,Pinned,Device,NVIDIA A100-SXM4-40GB MIG 4g.20gb (0),1,,13,[CUDA memcpy Host-to-Device]
1727741674,6464,30180,273,1,1,8,4,1,39,0.002,0.000,,,,,NVIDIA A100-SXM4-40GB MIG 4g.20gb (0),1,,13,"void channel_eq::eqMmseCoefCompLowMimoKernel<float, float, float, (unsigned int)4, (unsigned int)1, (unsigned int)4>(const channel_eq::_puschRxChEqStatDescr *, channel_eq::_puschRxChEqCoefCompDynDescr)"
1727749066,7936,30181,273,1,1,12,11,1,51,0.002,0.000,,,,,NVIDIA A100-SXM4-40GB MIG 4g.20gb (0),1,,13,"void channel_eq::eqMmseSoftDemapKernel<float, __half, __half, float, (unsigned int)4, (unsigned short)16383>(channel_eq::_puschRxChEqStatDescr *, channel_eq::_puschRxChEqSoftDemapDynDescr)"
1727759178,295420,30182,1,1,1,32,32,1,30,0.000,0.000,,,,,NVIDIA A100-SXM4-40GB MIG 4g.20gb (0),1,,13,"void convert_kernel<float2, __half2>(tensor_layout_any, T1 *, tensor_layout_any, const T2 *)"
1728055558,11168,30194,2253,1,1,128,1,1,16,0.000,0.000,,,,,NVIDIA A100-SXM4-40GB MIG 4g.20gb (0),1,,13,cupy_copy__float16_float16
1728068934,2688,30203,282,1,1,128,1,1,16,0.000,0.000,,,,,NVIDIA A100-SXM4-40GB MIG 4g.20gb (0),1,,13,cupy_copy__complex64_complex64
1728072646,2016,30212,26,1,1,128,1,1,16,0.000,0.000,,,,,NVIDIA A100-SXM4-40GB MIG 4g.20gb (0),1,,13,cupy_copy__float32_float32
1728077958,3040,30221,103,1,1,128,1,1,16,0.000,0.000,,,,,NVIDIA A100-SXM4-40GB MIG 4g.20gb (0),1,,13,cupy_copy__complex64_complex64
1728085286,12288,30231,1434,1,1,128,1,1,16,0.000,0.000,,,,,NVIDIA A100-SXM4-40GB MIG 4g.20gb (0),1,,13,cupy_copy__complex64_complex64
1728101605,82207,30236,1,1,1,32,32,1,30,0.000,0.000,,,,,NVIDIA A100-SXM4-40GB MIG 4g.20gb (0),1,,13,"void convert_kernel<__half2, float2>(tensor_layout_any, T1 *, tensor_layout_any, const T2 *)"
1728211108,5760,30239,,,,,,,,,,0.094,16266.656,Pinned,Device,NVIDIA A100-SXM4-40GB MIG 4g.20gb (0),1,,13,[CUDA memcpy Host-to-Device]
1728220932,598073,30240,,,,,,,,,,456.561,763370.728,Device,,NVIDIA A100-SXM4-40GB MIG 4g.20gb (0),1,,13,[CUDA memset]
1728824861,111454,30245,,,,,,,,,,1.235,11079.918,Pinned,Device,NVIDIA A100-SXM4-40GB MIG 4g.20gb (0),1,,13,[CUDA memcpy Host-to-Device]
1728947131,39200,30246,,,,,,,,,,0.197,5015.470,Pinned,Device,NVIDIA A100-SXM4-40GB MIG 4g.20gb (0),1,,13,[CUDA memcpy Host-to-Device]
1729006042,8192,30247,69,4,1,48,1,1,76,0.002,0.000,,,,,NVIDIA A100-SXM4-40GB MIG 4g.20gb (0),1,,13,"void ch_est::windowedChEstPreNoDftSOfdmKernel<float, __half, float, (unsigned int)2, (unsigned int)1, (unsigned short)4>(ch_est::puschRxChEstStatDescr_t *, ch_est::puschRxChEstDynDescr_t *)"
1729023034,6816,30248,137,2,1,24,2,1,44,0.001,0.001,,,,,NVIDIA A100-SXM4-40GB MIG 4g.20gb (0),1,,13,"void ch_est::chEstFilterNoDftSOfdmDispatchKernel<float, __half, float, (unsigned int)2>(ch_est::puschRxChEstStatDescr_t *, ch_est::puschRxChEstDynDescr_t *)"
1729037818,4800,30249,137,2,1,24,2,1,44,0.001,0.001,,,,,NVIDIA A100-SXM4-40GB MIG 4g.20gb (0),1,,13,"void ch_est::chEstFilterNoDftSOfdmDispatchKernel<float, __half, float, (unsigned int)2>(ch_est::puschRxChEstStatDescr_t *, ch_est::puschRxChEstDynDescr_t *)"
1729052186,2688,30260,103,1,1,128,1,1,16,0.000,0.000,,,,,NVIDIA A100-SXM4-40GB MIG 4g.20gb (0),1,,13,cupy_copy__complex64_complex64
1729066362,12831,30270,1434,1,1,128,1,1,16,0.000,0.000,,,,,NVIDIA A100-SXM4-40GB MIG 4g.20gb (0),1,,13,cupy_copy__complex64_complex64
1729098457,2592,30277,103,1,1,128,1,1,16,0.000,0.000,,,,,NVIDIA A100-SXM4-40GB MIG 4g.20gb (0),1,,13,cupy_copy__complex64_complex64
1729112313,84095,30284,1,1,1,32,32,1,30,0.000,0.000,,,,,NVIDIA A100-SXM4-40GB MIG 4g.20gb (0),1,,13,"void convert_kernel<__half2, float2>(tensor_layout_any, T1 *, tensor_layout_any, const T2 *)"
1729229528,17535,30287,,,,,,,,,,0.094,5343.295,Pinned,Device,NVIDIA A100-SXM4-40GB MIG 4g.20gb (0),1,,13,[CUDA memcpy Host-to-Device]
1729259095,46880,30288,,,,,,,,,,35.810,763861.404,Device,,NVIDIA A100-SXM4-40GB MIG 4g.20gb (0),1,,13,[CUDA memset]
1729312182,6432,30290,,,,,,,,,,0.000,12.438,Pinned,Device,NVIDIA A100-SXM4-40GB MIG 4g.20gb (0),1,,13,[CUDA memcpy Host-to-Device]
1729328278,34368,30291,,,,,,,,,,0.197,5720.506,Pinned,Device,NVIDIA A100-SXM4-40GB MIG 4g.20gb (0),1,,13,[CUDA memcpy Host-to-Device]
1729384566,10015,30292,273,1,1,48,1,1,40,0.000,0.001,,,,,NVIDIA A100-SXM4-40GB MIG 4g.20gb (0),1,,13,"void pusch_noise_intf_est::noiseIntfEstNoDftSOfdmKernel<float, __half, float, float, (unsigned int)2, (unsigned int)1, (unsigned char)4, (unsigned char)4>(pusch_noise_intf_est::puschRxNoiseIntfEstDynDescr)"
1729413557,2752,30303,35,1,1,128,1,1,16,0.000,0.000,,,,,NVIDIA A100-SXM4-40GB MIG 4g.20gb (0),1,,13,cupy_copy__complex64_complex64
1729429973,1728,30312,1,1,1,1,1,1,18,0.000,0.000,,,,,NVIDIA A100-SXM4-40GB MIG 4g.20gb (0),1,,13,cupy_copy__float32_float32
1729433685,8096,30318,,,,,,,,,,0.000,0.494,Device,Pageable,NVIDIA A100-SXM4-40GB MIG 4g.20gb (0),1,,7,[CUDA memcpy Device-to-Host]
1729537716,12832,30329,1434,1,1,128,1,1,16,0.000,0.000,,,,,NVIDIA A100-SXM4-40GB MIG 4g.20gb (0),1,,13,cupy_copy__complex64_complex64
1729560147,3392,30336,103,1,1,128,1,1,16,0.000,0.000,,,,,NVIDIA A100-SXM4-40GB MIG 4g.20gb (0),1,,13,cupy_copy__complex64_complex64
1729583379,2528,30343,35,1,1,128,1,1,16,0.000,0.000,,,,,NVIDIA A100-SXM4-40GB MIG 4g.20gb (0),1,,13,cupy_copy__complex64_complex64
1729602259,1728,30350,1,1,1,1,1,1,18,0.000,0.000,,,,,NVIDIA A100-SXM4-40GB MIG 4g.20gb (0),1,,13,cupy_copy__float32_float32
1729729649,87327,30361,1,1,1,32,32,1,30,0.000,0.000,,,,,NVIDIA A100-SXM4-40GB MIG 4g.20gb (0),1,,13,"void convert_kernel<__half2, float2>(tensor_layout_any, T1 *, tensor_layout_any, const T2 *)"
1729845904,14240,30364,,,,,,,,,,0.094,6579.708,Pinned,Device,NVIDIA A100-SXM4-40GB MIG 4g.20gb (0),1,,13,[CUDA memcpy Host-to-Device]
1729868880,3488,30365,,,,,,,,,,1.547,443412.461,Device,,NVIDIA A100-SXM4-40GB MIG 4g.20gb (0),1,,13,[CUDA memset]
1729876751,7648,30370,,,,,,,,,,0.031,4092.046,Pinned,Device,NVIDIA A100-SXM4-40GB MIG 4g.20gb (0),1,,13,[CUDA memcpy Host-to-Device]
1729887375,16736,30371,,,,,,,,,,0.197,11747.525,Pinned,Device,NVIDIA A100-SXM4-40GB MIG 4g.20gb (0),1,,13,[CUDA memcpy Host-to-Device]
1729915663,6304,30372,273,1,1,8,4,1,39,0.002,0.000,,,,,NVIDIA A100-SXM4-40GB MIG 4g.20gb (0),1,,13,"void channel_eq::eqMmseCoefCompLowMimoKernel<float, float, float, (unsigned int)4, (unsigned int)1, (unsigned int)4>(const channel_eq::_puschRxChEqStatDescr *, channel_eq::_puschRxChEqCoefCompDynDescr)"
1729923631,5440,30373,273,1,1,12,11,1,51,0.002,0.000,,,,,NVIDIA A100-SXM4-40GB MIG 4g.20gb (0),1,,13,"void channel_eq::eqMmseSoftDemapKernel<float, __half, __half, float, (unsigned int)4, (unsigned short)16383>(channel_eq::_puschRxChEqStatDescr *, channel_eq::_puschRxChEqSoftDemapDynDescr)"
1729933327,294620,30374,1,1,1,32,32,1,30,0.000,0.000,,,,,NVIDIA A100-SXM4-40GB MIG 4g.20gb (0),1,,13,"void convert_kernel<float2, __half2>(tensor_layout_any, T1 *, tensor_layout_any, const T2 *)"
1730229227,10976,30386,2253,1,1,128,1,1,16,0.000,0.000,,,,,NVIDIA A100-SXM4-40GB MIG 4g.20gb (0),1,,13,cupy_copy__float16_float16
1730242635,3168,30395,282,1,1,128,1,1,16,0.000,0.000,,,,,NVIDIA A100-SXM4-40GB MIG 4g.20gb (0),1,,13,cupy_copy__complex64_complex64
1730249515,2176,30404,26,1,1,128,1,1,16,0.000,0.000,,,,,NVIDIA A100-SXM4-40GB MIG 4g.20gb (0),1,,13,cupy_copy__float32_float32
1730253547,3232,30413,103,1,1,128,1,1,16,0.000,0.000,,,,,NVIDIA A100-SXM4-40GB MIG 4g.20gb (0),1,,13,cupy_copy__complex64_complex64
1730258923,12032,30423,1434,1,1,128,1,1,16,0.000,0.000,,,,,NVIDIA A100-SXM4-40GB MIG 4g.20gb (0),1,,13,cupy_copy__complex64_complex64
1730276107,82335,30428,1,1,1,32,32,1,30,0.000,0.000,,,,,NVIDIA A100-SXM4-40GB MIG 4g.20gb (0),1,,13,"void convert_kernel<__half2, float2>(tensor_layout_any, T1 *, tensor_layout_any, const T2 *)"
1730385449,6272,30431,,,,,,,,,,0.094,14938.703,Pinned,Device,NVIDIA A100-SXM4-40GB MIG 4g.20gb (0),1,,13,[CUDA memcpy Host-to-Device]
1730397321,598233,30432,,,,,,,,,,456.561,762914.166,Device,,NVIDIA A100-SXM4-40GB MIG 4g.20gb (0),1,,13,[CUDA memset]
1731000386,127966,30437,,,,,,,,,,1.235,9649.852,Pinned,Device,NVIDIA A100-SXM4-40GB MIG 4g.20gb (0),1,,13,[CUDA memcpy Host-to-Device]
1731136832,21856,30438,,,,,,,,,,0.197,8995.602,Pinned,Device,NVIDIA A100-SXM4-40GB MIG 4g.20gb (0),1,,13,[CUDA memcpy Host-to-Device]
1731174015,8576,30439,69,4,1,48,1,1,76,0.002,0.000,,,,,NVIDIA A100-SXM4-40GB MIG 4g.20gb (0),1,,13,"void ch_est::windowedChEstPreNoDftSOfdmKernel<float, __half, float, (unsigned int)2, (unsigned int)1, (unsigned short)4>(ch_est::puschRxChEstStatDescr_t *, ch_est::puschRxChEstDynDescr_t *)"
1731189279,7328,30440,137,2,1,24,2,1,44,0.001,0.001,,,,,NVIDIA A100-SXM4-40GB MIG 4g.20gb (0),1,,13,"void ch_est::chEstFilterNoDftSOfdmDispatchKernel<float, __half, float, (unsigned int)2>(ch_est::puschRxChEstStatDescr_t *, ch_est::puschRxChEstDynDescr_t *)"
1731198015,5120,30441,137,2,1,24,2,1,44,0.001,0.001,,,,,NVIDIA A100-SXM4-40GB MIG 4g.20gb (0),1,,13,"void ch_est::chEstFilterNoDftSOfdmDispatchKernel<float, __half, float, (unsigned int)2>(ch_est::puschRxChEstStatDescr_t *, ch_est::puschRxChEstDynDescr_t *)"
1731206079,3136,30452,103,1,1,128,1,1,16,0.000,0.000,,,,,NVIDIA A100-SXM4-40GB MIG 4g.20gb (0),1,,13,cupy_copy__complex64_complex64
1731214399,12576,30462,1434,1,1,128,1,1,16,0.000,0.000,,,,,NVIDIA A100-SXM4-40GB MIG 4g.20gb (0),1,,13,cupy_copy__complex64_complex64
1731229567,2912,30469,103,1,1,128,1,1,16,0.000,0.000,,,,,NVIDIA A100-SXM4-40GB MIG 4g.20gb (0),1,,13,cupy_copy__complex64_complex64
1731238239,89023,30476,1,1,1,32,32,1,30,0.000,0.000,,,,,NVIDIA A100-SXM4-40GB MIG 4g.20gb (0),1,,13,"void convert_kernel<__half2, float2>(tensor_layout_any, T1 *, tensor_layout_any, const T2 *)"
1731359261,13888,30479,,,,,,,,,,0.094,6746.487,Pinned,Device,NVIDIA A100-SXM4-40GB MIG 4g.20gb (0),1,,13,[CUDA memcpy Host-to-Device]
1731377597,47135,30480,,,,,,,,,,35.810,759707.453,Device,,NVIDIA A100-SXM4-40GB MIG 4g.20gb (0),1,,13,[CUDA memset]
1731426044,10560,30482,,,,,,,,,,0.000,7.576,Pinned,Device,NVIDIA A100-SXM4-40GB MIG 4g.20gb (0),1,,13,[CUDA memcpy Host-to-Device]
1731446108,15840,30483,,,,,,,,,,0.197,12412.060,Pinned,Device,NVIDIA A100-SXM4-40GB MIG 4g.20gb (0),1,,13,[CUDA memcpy Host-to-Device]
1731476604,10048,30484,273,1,1,48,1,1,40,0.000,0.001,,,,,NVIDIA A100-SXM4-40GB MIG 4g.20gb (0),1,,13,"void pusch_noise_intf_est::noiseIntfEstNoDftSOfdmKernel<float, __half, float, float, (unsigned int)2, (unsigned int)1, (unsigned char)4, (unsigned char)4>(pusch_noise_intf_est::puschRxNoiseIntfEstDynDescr)"
1731496923,2720,30495,35,1,1,128,1,1,16,0.000,0.000,,,,,NVIDIA A100-SXM4-40GB MIG 4g.20gb (0),1,,13,cupy_copy__complex64_complex64
1731509371,1696,30504,1,1,1,1,1,1,18,0.000,0.000,,,,,NVIDIA A100-SXM4-40GB MIG 4g.20gb (0),1,,13,cupy_copy__float32_float32
1731515643,5088,30510,,,,,,,,,,0.000,0.786,Device,Pageable,NVIDIA A100-SXM4-40GB MIG 4g.20gb (0),1,,7,[CUDA memcpy Device-to-Host]
1731584666,12768,30521,1434,1,1,128,1,1,16,0.000,0.000,,,,,NVIDIA A100-SXM4-40GB MIG 4g.20gb (0),1,,13,cupy_copy__complex64_complex64
1731613114,3104,30528,103,1,1,128,1,1,16,0.000,0.000,,,,,NVIDIA A100-SXM4-40GB MIG 4g.20gb (0),1,,13,cupy_copy__complex64_complex64
1731635002,2464,30535,35,1,1,128,1,1,16,0.000,0.000,,,,,NVIDIA A100-SXM4-40GB MIG 4g.20gb (0),1,,13,cupy_copy__complex64_complex64
1731652313,1760,30542,1,1,1,1,1,1,18,0.000,0.000,,,,,NVIDIA A100-SXM4-40GB MIG 4g.20gb (0),1,,13,cupy_copy__float32_float32
1731786232,90623,30553,1,1,1,32,32,1,30,0.000,0.000,,,,,NVIDIA A100-SXM4-40GB MIG 4g.20gb (0),1,,13,"void convert_kernel<__half2, float2>(tensor_layout_any, T1 *, tensor_layout_any, const T2 *)"
1731905302,5760,30556,,,,,,,,,,0.094,16266.656,Pinned,Device,NVIDIA A100-SXM4-40GB MIG 4g.20gb (0),1,,13,[CUDA memcpy Host-to-Device]
1731919574,3456,30557,,,,,,,,,,1.547,447517.201,Device,,NVIDIA A100-SXM4-40GB MIG 4g.20gb (0),1,,13,[CUDA memset]
1731926966,3776,30562,,,,,,,,,,0.031,8288.120,Pinned,Device,NVIDIA A100-SXM4-40GB MIG 4g.20gb (0),1,,13,[CUDA memcpy Host-to-Device]
1731933142,10240,30563,,,,,,,,,,0.197,19199.951,Pinned,Device,NVIDIA A100-SXM4-40GB MIG 4g.20gb (0),1,,13,[CUDA memcpy Host-to-Device]
1731949526,8352,30564,273,1,1,8,4,1,39,0.002,0.000,,,,,NVIDIA A100-SXM4-40GB MIG 4g.20gb (0),1,,13,"void channel_eq::eqMmseCoefCompLowMimoKernel<float, float, float, (unsigned int)4, (unsigned int)1, (unsigned int)4>(const channel_eq::_puschRxChEqStatDescr *, channel_eq::_puschRxChEqCoefCompDynDescr)"
1731959766,5664,30565,273,1,1,12,11,1,51,0.002,0.000,,,,,NVIDIA A100-SXM4-40GB MIG 4g.20gb (0),1,,13,"void channel_eq::eqMmseSoftDemapKernel<float, __half, __half, float, (unsigned int)4, (unsigned short)16383>(channel_eq::_puschRxChEqStatDescr *, channel_eq::_puschRxChEqSoftDemapDynDescr)"
1731967926,282716,30566,1,1,1,32,32,1,30,0.000,0.000,,,,,NVIDIA A100-SXM4-40GB MIG 4g.20gb (0),1,,13,"void convert_kernel<float2, __half2>(tensor_layout_any, T1 *, tensor_layout_any, const T2 *)"
1732251730,10944,30578,2253,1,1,128,1,1,16,0.000,0.000,,,,,NVIDIA A100-SXM4-40GB MIG 4g.20gb (0),1,,13,cupy_copy__float16_float16
1732264978,3168,30587,282,1,1,128,1,1,16,0.000,0.000,,,,,NVIDIA A100-SXM4-40GB MIG 4g.20gb (0),1,,13,cupy_copy__complex64_complex64
1732269170,2272,30596,26,1,1,128,1,1,16,0.000,0.000,,,,,NVIDIA A100-SXM4-40GB MIG 4g.20gb (0),1,,13,cupy_copy__float32_float32
1732274578,3232,30605,103,1,1,128,1,1,16,0.000,0.000,,,,,NVIDIA A100-SXM4-40GB MIG 4g.20gb (0),1,,13,cupy_copy__complex64_complex64
1732279826,12064,30615,1434,1,1,128,1,1,16,0.000,0.000,,,,,NVIDIA A100-SXM4-40GB MIG 4g.20gb (0),1,,13,cupy_copy__complex64_complex64
1732297489,82751,30620,1,1,1,32,32,1,30,0.000,0.000,,,,,NVIDIA A100-SXM4-40GB MIG 4g.20gb (0),1,,13,"void convert_kernel<__half2, float2>(tensor_layout_any, T1 *, tensor_layout_any, const T2 *)"
1732407536,6048,30623,,,,,,,,,,0.094,15491.978,Pinned,Device,NVIDIA A100-SXM4-40GB MIG 4g.20gb (0),1,,13,[CUDA memcpy Host-to-Device]
1732417648,596249,30624,,,,,,,,,,456.561,765653.535,Device,,NVIDIA A100-SXM4-40GB MIG 4g.20gb (0),1,,13,[CUDA memset]
1733022633,150238,30629,,,,,,,,,,1.235,8219.787,Pinned,Device,NVIDIA A100-SXM4-40GB MIG 4g.20gb (0),1,,13,[CUDA memcpy Host-to-Device]
1733187398,43200,30630,,,,,,,,,,0.197,4551.082,Pinned,Device,NVIDIA A100-SXM4-40GB MIG 4g.20gb (0),1,,13,[CUDA memcpy Host-to-Device]
1733257510,7967,30631,69,4,1,48,1,1,76,0.002,0.000,,,,,NVIDIA A100-SXM4-40GB MIG 4g.20gb (0),1,,13,"void ch_est::windowedChEstPreNoDftSOfdmKernel<float, __half, float, (unsigned int)2, (unsigned int)1, (unsigned short)4>(ch_est::puschRxChEstStatDescr_t *, ch_est::puschRxChEstDynDescr_t *)"
1733275333,6656,30632,137,2,1,24,2,1,44,0.001,0.001,,,,,NVIDIA A100-SXM4-40GB MIG 4g.20gb (0),1,,13,"void ch_est::chEstFilterNoDftSOfdmDispatchKernel<float, __half, float, (unsigned int)2>(ch_est::puschRxChEstStatDescr_t *, ch_est::puschRxChEstDynDescr_t *)"
1733292037,4896,30633,137,2,1,24,2,1,44,0.001,0.001,,,,,NVIDIA A100-SXM4-40GB MIG 4g.20gb (0),1,,13,"void ch_est::chEstFilterNoDftSOfdmDispatchKernel<float, __half, float, (unsigned int)2>(ch_est::puschRxChEstStatDescr_t *, ch_est::puschRxChEstDynDescr_t *)"
1733308069,2688,30644,103,1,1,128,1,1,16,0.000,0.000,,,,,NVIDIA A100-SXM4-40GB MIG 4g.20gb (0),1,,13,cupy_copy__complex64_complex64
1733322469,12512,30654,1434,1,1,128,1,1,16,0.000,0.000,,,,,NVIDIA A100-SXM4-40GB MIG 4g.20gb (0),1,,13,cupy_copy__complex64_complex64
1733348100,2816,30661,103,1,1,128,1,1,16,0.000,0.000,,,,,NVIDIA A100-SXM4-40GB MIG 4g.20gb (0),1,,13,cupy_copy__complex64_complex64
1733359908,83263,30668,1,1,1,32,32,1,30,0.000,0.000,,,,,NVIDIA A100-SXM4-40GB MIG 4g.20gb (0),1,,13,"void convert_kernel<__half2, float2>(tensor_layout_any, T1 *, tensor_layout_any, const T2 *)"
1733471555,6016,30671,,,,,,,,,,0.094,15574.430,Pinned,Device,NVIDIA A100-SXM4-40GB MIG 4g.20gb (0),1,,13,[CUDA memcpy Host-to-Device]
1733490595,47711,30672,,,,,,,,,,35.810,750540.113,Device,,NVIDIA A100-SXM4-40GB MIG 4g.20gb (0),1,,13,[CUDA memset]
1733540418,9184,30674,,,,,,,,,,0.000,8.711,Pinned,Device,NVIDIA A100-SXM4-40GB MIG 4g.20gb (0),1,,13,[CUDA memcpy Host-to-Device]
1733554658,18240,30675,,,,,,,,,,0.197,10778.837,Pinned,Device,NVIDIA A100-SXM4-40GB MIG 4g.20gb (0),1,,13,[CUDA memcpy Host-to-Device]
1733588577,9632,30676,273,1,1,48,1,1,40,0.000,0.001,,,,,NVIDIA A100-SXM4-40GB MIG 4g.20gb (0),1,,13,"void pusch_noise_intf_est::noiseIntfEstNoDftSOfdmKernel<float, __half, float, float, (unsigned int)2, (unsigned int)1, (unsigned char)4, (unsigned char)4>(pusch_noise_intf_est::puschRxNoiseIntfEstDynDescr)"
1733609025,2848,30687,35,1,1,128,1,1,16,0.000,0.000,,,,,NVIDIA A100-SXM4-40GB MIG 4g.20gb (0),1,,13,cupy_copy__complex64_complex64
1733618337,1856,30696,1,1,1,1,1,1,18,0.000,0.000,,,,,NVIDIA A100-SXM4-40GB MIG 4g.20gb (0),1,,13,cupy_copy__float32_float32
1733628065,6112,30702,,,,,,,,,,0.000,0.654,Device,Pageable,NVIDIA A100-SXM4-40GB MIG 4g.20gb (0),1,,7,[CUDA memcpy Device-to-Host]
1733708672,12736,30713,1434,1,1,128,1,1,16,0.000,0.000,,,,,NVIDIA A100-SXM4-40GB MIG 4g.20gb (0),1,,13,cupy_copy__complex64_complex64
1733736160,2944,30720,103,1,1,128,1,1,16,0.000,0.000,,,,,NVIDIA A100-SXM4-40GB MIG 4g.20gb (0),1,,13,cupy_copy__complex64_complex64
1733757151,2688,30727,35,1,1,128,1,1,16,0.000,0.000,,,,,NVIDIA A100-SXM4-40GB MIG 4g.20gb (0),1,,13,cupy_copy__complex64_complex64
1733777055,1760,30734,1,1,1,1,1,1,18,0.000,0.000,,,,,NVIDIA A100-SXM4-40GB MIG 4g.20gb (0),1,,13,cupy_copy__float32_float32
1733908286,88798,30745,1,1,1,32,32,1,30,0.000,0.000,,,,,NVIDIA A100-SXM4-40GB MIG 4g.20gb (0),1,,13,"void convert_kernel<__half2, float2>(tensor_layout_any, T1 *, tensor_layout_any, const T2 *)"
1734024668,5792,30748,,,,,,,,,,0.094,16176.708,Pinned,Device,NVIDIA A100-SXM4-40GB MIG 4g.20gb (0),1,,13,[CUDA memcpy Host-to-Device]
1734039100,3296,30749,,,,,,,,,,1.547,469242.628,Device,,NVIDIA A100-SXM4-40GB MIG 4g.20gb (0),1,,13,[CUDA memset]
1734045660,3008,30754,,,,,,,,,,0.031,10404.230,Pinned,Device,NVIDIA A100-SXM4-40GB MIG 4g.20gb (0),1,,13,[CUDA memcpy Host-to-Device]
1734051420,9696,30755,,,,,,,,,,0.197,20277.166,Pinned,Device,NVIDIA A100-SXM4-40GB MIG 4g.20gb (0),1,,13,[CUDA memcpy Host-to-Device]
1734065180,6304,30756,273,1,1,8,4,1,39,0.002,0.000,,,,,NVIDIA A100-SXM4-40GB MIG 4g.20gb (0),1,,13,"void channel_eq::eqMmseCoefCompLowMimoKernel<float, float, float, (unsigned int)4, (unsigned int)1, (unsigned int)4>(const channel_eq::_puschRxChEqStatDescr *, channel_eq::_puschRxChEqCoefCompDynDescr)"
1734072507,6144,30757,273,1,1,12,11,1,51,0.002,0.000,,,,,NVIDIA A100-SXM4-40GB MIG 4g.20gb (0),1,,13,"void channel_eq::eqMmseSoftDemapKernel<float, __half, __half, float, (unsigned int)4, (unsigned short)16383>(channel_eq::_puschRxChEqStatDescr *, channel_eq::_puschRxChEqSoftDemapDynDescr)"
1734079771,282813,30758,1,1,1,32,32,1,30,0.000,0.000,,,,,NVIDIA A100-SXM4-40GB MIG 4g.20gb (0),1,,13,"void convert_kernel<float2, __half2>(tensor_layout_any, T1 *, tensor_layout_any, const T2 *)"
1734364184,10912,30770,2253,1,1,128,1,1,16,0.000,0.000,,,,,NVIDIA A100-SXM4-40GB MIG 4g.20gb (0),1,,13,cupy_copy__float16_float16
1734377976,3616,30779,282,1,1,128,1,1,16,0.000,0.000,,,,,NVIDIA A100-SXM4-40GB MIG 4g.20gb (0),1,,13,cupy_copy__complex64_complex64
1734386584,2272,30788,26,1,1,128,1,1,16,0.000,0.000,,,,,NVIDIA A100-SXM4-40GB MIG 4g.20gb (0),1,,13,cupy_copy__float32_float32
1734389848,3232,30797,103,1,1,128,1,1,16,0.000,0.000,,,,,NVIDIA A100-SXM4-40GB MIG 4g.20gb (0),1,,13,cupy_copy__complex64_complex64
1734394200,11903,30807,1434,1,1,128,1,1,16,0.000,0.000,,,,,NVIDIA A100-SXM4-40GB MIG 4g.20gb (0),1,,13,cupy_copy__complex64_complex64
1734415799,82047,30812,1,1,1,32,32,1,30,0.000,0.000,,,,,NVIDIA A100-SXM4-40GB MIG 4g.20gb (0),1,,13,"void convert_kernel<__half2, float2>(tensor_layout_any, T1 *, tensor_layout_any, const T2 *)"
1734524534,5408,30815,,,,,,,,,,0.094,17325.421,Pinned,Device,NVIDIA A100-SXM4-40GB MIG 4g.20gb (0),1,,13,[CUDA memcpy Host-to-Device]
1734534614,597848,30816,,,,,,,,,,456.561,763370.728,Device,,NVIDIA A100-SXM4-40GB MIG 4g.20gb (0),1,,13,[CUDA memset]
1735140366,149438,30821,,,,,,,,,,1.235,8263.010,Pinned,Device,NVIDIA A100-SXM4-40GB MIG 4g.20gb (0),1,,13,[CUDA memcpy Host-to-Device]
1735301804,40928,30822,,,,,,,,,,0.197,4803.723,Pinned,Device,NVIDIA A100-SXM4-40GB MIG 4g.20gb (0),1,,13,[CUDA memcpy Host-to-Device]
1735358156,8287,30823,69,4,1,48,1,1,76,0.002,0.000,,,,,NVIDIA A100-SXM4-40GB MIG 4g.20gb (0),1,,13,"void ch_est::windowedChEstPreNoDftSOfdmKernel<float, __half, float, (unsigned int)2, (unsigned int)1, (unsigned short)4>(ch_est::puschRxChEstStatDescr_t *, ch_est::puschRxChEstDynDescr_t *)"
1735373611,6720,30824,137,2,1,24,2,1,44,0.001,0.001,,,,,NVIDIA A100-SXM4-40GB MIG 4g.20gb (0),1,,13,"void ch_est::chEstFilterNoDftSOfdmDispatchKernel<float, __half, float, (unsigned int)2>(ch_est::puschRxChEstStatDescr_t *, ch_est::puschRxChEstDynDescr_t *)"
1735387723,4832,30825,137,2,1,24,2,1,44,0.001,0.001,,,,,NVIDIA A100-SXM4-40GB MIG 4g.20gb (0),1,,13,"void ch_est::chEstFilterNoDftSOfdmDispatchKernel<float, __half, float, (unsigned int)2>(ch_est::puschRxChEstStatDescr_t *, ch_est::puschRxChEstDynDescr_t *)"
1735401323,2432,30836,103,1,1,128,1,1,16,0.000,0.000,,,,,NVIDIA A100-SXM4-40GB MIG 4g.20gb (0),1,,13,cupy_copy__complex64_complex64
1735416907,12672,30846,1434,1,1,128,1,1,16,0.000,0.000,,,,,NVIDIA A100-SXM4-40GB MIG 4g.20gb (0),1,,13,cupy_copy__complex64_complex64
1735446730,2528,30853,103,1,1,128,1,1,16,0.000,0.000,,,,,NVIDIA A100-SXM4-40GB MIG 4g.20gb (0),1,,13,cupy_copy__complex64_complex64
1735462666,82719,30860,1,1,1,32,32,1,30,0.000,0.000,,,,,NVIDIA A100-SXM4-40GB MIG 4g.20gb (0),1,,13,"void convert_kernel<__half2, float2>(tensor_layout_any, T1 *, tensor_layout_any, const T2 *)"
1735576169,12768,30863,,,,,,,,,,0.094,7338.271,Pinned,Device,NVIDIA A100-SXM4-40GB MIG 4g.20gb (0),1,,13,[CUDA memcpy Host-to-Device]
1735599337,48191,30864,,,,,,,,,,35.810,743055.840,Device,,NVIDIA A100-SXM4-40GB MIG 4g.20gb (0),1,,13,[CUDA memset]
1735652040,4736,30866,,,,,,,,,,0.000,16.892,Pinned,Device,NVIDIA A100-SXM4-40GB MIG 4g.20gb (0),1,,13,[CUDA memcpy Host-to-Device]
1735662120,12832,30867,,,,,,,,,,0.197,15321.661,Pinned,Device,NVIDIA A100-SXM4-40GB MIG 4g.20gb (0),1,,13,[CUDA memcpy Host-to-Device]
1735682536,13343,30868,273,1,1,48,1,1,40,0.000,0.001,,,,,NVIDIA A100-SXM4-40GB MIG 4g.20gb (0),1,,13,"void pusch_noise_intf_est::noiseIntfEstNoDftSOfdmKernel<float, __half, float, float, (unsigned int)2, (unsigned int)1, (unsigned char)4, (unsigned char)4>(pusch_noise_intf_est::puschRxNoiseIntfEstDynDescr)"
1735699143,2944,30879,35,1,1,128,1,1,16,0.000,0.000,,,,,NVIDIA A100-SXM4-40GB MIG 4g.20gb (0),1,,13,cupy_copy__complex64_complex64
1735703655,2368,30888,1,1,1,1,1,1,18,0.000,0.000,,,,,NVIDIA A100-SXM4-40GB MIG 4g.20gb (0),1,,13,cupy_copy__float32_float32
1735727591,1568,30894,,,,,,,,,,0.000,2.551,Device,Pageable,NVIDIA A100-SXM4-40GB MIG 4g.20gb (0),1,,7,[CUDA memcpy Device-to-Host]
1735787942,12672,30905,1434,1,1,128,1,1,16,0.000,0.000,,,,,NVIDIA A100-SXM4-40GB MIG 4g.20gb (0),1,,13,cupy_copy__complex64_complex64
1735815174,2752,30912,103,1,1,128,1,1,16,0.000,0.000,,,,,NVIDIA A100-SXM4-40GB MIG 4g.20gb (0),1,,13,cupy_copy__complex64_complex64
1735836486,2304,30919,35,1,1,128,1,1,16,0.000,0.000,,,,,NVIDIA A100-SXM4-40GB MIG 4g.20gb (0),1,,13,cupy_copy__complex64_complex64
1735853253,1760,30926,1,1,1,1,1,1,18,0.000,0.000,,,,,NVIDIA A100-SXM4-40GB MIG 4g.20gb (0),1,,13,cupy_copy__float32_float32
1735986884,81663,30937,1,1,1,32,32,1,30,0.000,0.000,,,,,NVIDIA A100-SXM4-40GB MIG 4g.20gb (0),1,,13,"void convert_kernel<__half2, float2>(tensor_layout_any, T1 *, tensor_layout_any, const T2 *)"
1736096930,5632,30940,,,,,,,,,,0.094,16636.287,Pinned,Device,NVIDIA A100-SXM4-40GB MIG 4g.20gb (0),1,,13,[CUDA memcpy Host-to-Device]
1736110818,3360,30941,,,,,,,,,,1.547,460304.688,Device,,NVIDIA A100-SXM4-40GB MIG 4g.20gb (0),1,,13,[CUDA memset]
1736117666,3008,30946,,,,,,,,,,0.031,10404.230,Pinned,Device,NVIDIA A100-SXM4-40GB MIG 4g.20gb (0),1,,13,[CUDA memcpy Host-to-Device]
1736123586,9920,30947,,,,,,,,,,0.197,19819.266,Pinned,Device,NVIDIA A100-SXM4-40GB MIG 4g.20gb (0),1,,13,[CUDA memcpy Host-to-Device]
1736139586,8096,30948,273,1,1,8,4,1,39,0.002,0.000,,,,,NVIDIA A100-SXM4-40GB MIG 4g.20gb (0),1,,13,"void channel_eq::eqMmseCoefCompLowMimoKernel<float, float, float, (unsigned int)4, (unsigned int)1, (unsigned int)4>(const channel_eq::_puschRxChEqStatDescr *, channel_eq::_puschRxChEqCoefCompDynDescr)"
1736148930,5696,30949,273,1,1,12,11,1,51,0.002,0.000,,,,,NVIDIA A100-SXM4-40GB MIG 4g.20gb (0),1,,13,"void channel_eq::eqMmseSoftDemapKernel<float, __half, __half, float, (unsigned int)4, (unsigned short)16383>(channel_eq::_puschRxChEqStatDescr *, channel_eq::_puschRxChEqSoftDemapDynDescr)"
1736156194,294844,30950,1,1,1,32,32,1,30,0.000,0.000,,,,,NVIDIA A100-SXM4-40GB MIG 4g.20gb (0),1,,13,"void convert_kernel<float2, __half2>(tensor_layout_any, T1 *, tensor_layout_any, const T2 *)"
1736454334,10976,30962,2253,1,1,128,1,1,16,0.000,0.000,,,,,NVIDIA A100-SXM4-40GB MIG 4g.20gb (0),1,,13,cupy_copy__float16_float16
1736466654,2784,30971,282,1,1,128,1,1,16,0.000,0.000,,,,,NVIDIA A100-SXM4-40GB MIG 4g.20gb (0),1,,13,cupy_copy__complex64_complex64
1736471710,2016,30980,26,1,1,128,1,1,16,0.000,0.000,,,,,NVIDIA A100-SXM4-40GB MIG 4g.20gb (0),1,,13,cupy_copy__float32_float32
1736474750,2784,30989,103,1,1,128,1,1,16,0.000,0.000,,,,,NVIDIA A100-SXM4-40GB MIG 4g.20gb (0),1,,13,cupy_copy__complex64_complex64
1736480318,12224,30999,1434,1,1,128,1,1,16,0.000,0.000,,,,,NVIDIA A100-SXM4-40GB MIG 4g.20gb (0),1,,13,cupy_copy__complex64_complex64
1736496125,82559,31004,1,1,1,32,32,1,30,0.000,0.000,,,,,NVIDIA A100-SXM4-40GB MIG 4g.20gb (0),1,,13,"void convert_kernel<__half2, float2>(tensor_layout_any, T1 *, tensor_layout_any, const T2 *)"
1736606428,5472,31007,,,,,,,,,,0.094,17122.757,Pinned,Device,NVIDIA A100-SXM4-40GB MIG 4g.20gb (0),1,,13,[CUDA memcpy Host-to-Device]
1736618172,599545,31008,,,,,,,,,,456.561,761087.920,Device,,NVIDIA A100-SXM4-40GB MIG 4g.20gb (0),1,,13,[CUDA memset]
1737221940,173790,31013,,,,,,,,,,1.235,7105.868,Pinned,Device,NVIDIA A100-SXM4-40GB MIG 4g.20gb (0),1,,13,[CUDA memcpy Host-to-Device]
1737408466,40992,31014,,,,,,,,,,0.197,4796.252,Pinned,Device,NVIDIA A100-SXM4-40GB MIG 4g.20gb (0),1,,13,[CUDA memcpy Host-to-Device]
1737478513,7840,31015,69,4,1,48,1,1,76,0.002,0.000,,,,,NVIDIA A100-SXM4-40GB MIG 4g.20gb (0),1,,13,"void ch_est::windowedChEstPreNoDftSOfdmKernel<float, __half, float, (unsigned int)2, (unsigned int)1, (unsigned short)4>(ch_est::puschRxChEstStatDescr_t *, ch_est::puschRxChEstDynDescr_t *)"
1737497969,6720,31016,137,2,1,24,2,1,44,0.001,0.001,,,,,NVIDIA A100-SXM4-40GB MIG 4g.20gb (0),1,,13,"void ch_est::chEstFilterNoDftSOfdmDispatchKernel<float, __half, float, (unsigned int)2>(ch_est::puschRxChEstStatDescr_t *, ch_est::puschRxChEstDynDescr_t *)"
1737514737,4736,31017,137,2,1,24,2,1,44,0.001,0.001,,,,,NVIDIA A100-SXM4-40GB MIG 4g.20gb (0),1,,13,"void ch_est::chEstFilterNoDftSOfdmDispatchKernel<float, __half, float, (unsigned int)2>(ch_est::puschRxChEstStatDescr_t *, ch_est::puschRxChEstDynDescr_t *)"
1737531985,2656,31028,103,1,1,128,1,1,16,0.000,0.000,,,,,NVIDIA A100-SXM4-40GB MIG 4g.20gb (0),1,,13,cupy_copy__complex64_complex64
1737548944,12416,31038,1434,1,1,128,1,1,16,0.000,0.000,,,,,NVIDIA A100-SXM4-40GB MIG 4g.20gb (0),1,,13,cupy_copy__complex64_complex64
1737574352,2560,31045,103,1,1,128,1,1,16,0.000,0.000,,,,,NVIDIA A100-SXM4-40GB MIG 4g.20gb (0),1,,13,cupy_copy__complex64_complex64
1737596880,91359,31052,1,1,1,32,32,1,30,0.000,0.000,,,,,NVIDIA A100-SXM4-40GB MIG 4g.20gb (0),1,,13,"void convert_kernel<__half2, float2>(tensor_layout_any, T1 *, tensor_layout_any, const T2 *)"
1737723246,23008,31055,,,,,,,,,,0.094,4072.309,Pinned,Device,NVIDIA A100-SXM4-40GB MIG 4g.20gb (0),1,,13,[CUDA memcpy Host-to-Device]
1737773166,45695,31056,,,,,,,,,,35.810,783664.289,Device,,NVIDIA A100-SXM4-40GB MIG 4g.20gb (0),1,,13,[CUDA memset]
1737824781,14272,31058,,,,,,,,,,0.000,5.605,Pinned,Device,NVIDIA A100-SXM4-40GB MIG 4g.20gb (0),1,,13,[CUDA memcpy Host-to-Device]
1737849389,26751,31059,,,,,,,,,,0.197,7349.404,Pinned,Device,NVIDIA A100-SXM4-40GB MIG 4g.20gb (0),1,,13,[CUDA memcpy Host-to-Device]
1737896236,9600,31060,273,1,1,48,1,1,40,0.000,0.001,,,,,NVIDIA A100-SXM4-40GB MIG 4g.20gb (0),1,,13,"void pusch_noise_intf_est::noiseIntfEstNoDftSOfdmKernel<float, __half, float, float, (unsigned int)2, (unsigned int)1, (unsigned char)4, (unsigned char)4>(pusch_noise_intf_est::puschRxNoiseIntfEstDynDescr)"
1737918540,2656,31071,35,1,1,128,1,1,16,0.000,0.000,,,,,NVIDIA A100-SXM4-40GB MIG 4g.20gb (0),1,,13,cupy_copy__complex64_complex64
1737933804,1728,31080,1,1,1,1,1,1,18,0.000,0.000,,,,,NVIDIA A100-SXM4-40GB MIG 4g.20gb (0),1,,13,cupy_copy__float32_float32
1737936876,3968,31086,,,,,,,,,,0.000,1.008,Device,Pageable,NVIDIA A100-SXM4-40GB MIG 4g.20gb (0),1,,7,[CUDA memcpy Device-to-Host]
1738009611,12704,31097,1434,1,1,128,1,1,16,0.000,0.000,,,,,NVIDIA A100-SXM4-40GB MIG 4g.20gb (0),1,,13,cupy_copy__complex64_complex64
1738035178,2848,31104,103,1,1,128,1,1,16,0.000,0.000,,,,,NVIDIA A100-SXM4-40GB MIG 4g.20gb (0),1,,13,cupy_copy__complex64_complex64
1738055210,2176,31111,35,1,1,128,1,1,16,0.000,0.000,,,,,NVIDIA A100-SXM4-40GB MIG 4g.20gb (0),1,,13,cupy_copy__complex64_complex64
1738073226,2048,31118,1,1,1,1,1,1,18,0.000,0.000,,,,,NVIDIA A100-SXM4-40GB MIG 4g.20gb (0),1,,13,cupy_copy__float32_float32
1738205704,81919,31129,1,1,1,32,32,1,30,0.000,0.000,,,,,NVIDIA A100-SXM4-40GB MIG 4g.20gb (0),1,,13,"void convert_kernel<__half2, float2>(tensor_layout_any, T1 *, tensor_layout_any, const T2 *)"
1738315751,5728,31132,,,,,,,,,,0.094,16357.541,Pinned,Device,NVIDIA A100-SXM4-40GB MIG 4g.20gb (0),1,,13,[CUDA memcpy Host-to-Device]
1738330279,3264,31133,,,,,,,,,,1.547,473842.288,Device,,NVIDIA A100-SXM4-40GB MIG 4g.20gb (0),1,,13,[CUDA memset]
1738337511,3040,31138,,,,,,,,,,0.031,10294.725,Pinned,Device,NVIDIA A100-SXM4-40GB MIG 4g.20gb (0),1,,13,[CUDA memcpy Host-to-Device]
1738343431,9663,31139,,,,,,,,,,0.197,20346.372,Pinned,Device,NVIDIA A100-SXM4-40GB MIG 4g.20gb (0),1,,13,[CUDA memcpy Host-to-Device]
1738358342,8416,31140,273,1,1,8,4,1,39,0.002,0.000,,,,,NVIDIA A100-SXM4-40GB MIG 4g.20gb (0),1,,13,"void channel_eq::eqMmseCoefCompLowMimoKernel<float, float, float, (unsigned int)4, (unsigned int)1, (unsigned int)4>(const channel_eq::_puschRxChEqStatDescr *, channel_eq::_puschRxChEqCoefCompDynDescr)"
1738368006,5984,31141,273,1,1,12,11,1,51,0.002,0.000,,,,,NVIDIA A100-SXM4-40GB MIG 4g.20gb (0),1,,13,"void channel_eq::eqMmseSoftDemapKernel<float, __half, __half, float, (unsigned int)4, (unsigned short)16383>(channel_eq::_puschRxChEqStatDescr *, channel_eq::_puschRxChEqSoftDemapDynDescr)"
1738375238,283005,31142,1,1,1,32,32,1,30,0.000,0.000,,,,,NVIDIA A100-SXM4-40GB MIG 4g.20gb (0),1,,13,"void convert_kernel<float2, __half2>(tensor_layout_any, T1 *, tensor_layout_any, const T2 *)"
1738660803,11104,31154,2253,1,1,128,1,1,16,0.000,0.000,,,,,NVIDIA A100-SXM4-40GB MIG 4g.20gb (0),1,,13,cupy_copy__float16_float16
1738674050,3232,31163,282,1,1,128,1,1,16,0.000,0.000,,,,,NVIDIA A100-SXM4-40GB MIG 4g.20gb (0),1,,13,cupy_copy__complex64_complex64
1738679554,2496,31172,26,1,1,128,1,1,16,0.000,0.000,,,,,NVIDIA A100-SXM4-40GB MIG 4g.20gb (0),1,,13,cupy_copy__float32_float32
1738684034,2752,31181,103,1,1,128,1,1,16,0.000,0.000,,,,,NVIDIA A100-SXM4-40GB MIG 4g.20gb (0),1,,13,cupy_copy__complex64_complex64
1738690050,12288,31191,1434,1,1,128,1,1,16,0.000,0.000,,,,,NVIDIA A100-SXM4-40GB MIG 4g.20gb (0),1,,13,cupy_copy__complex64_complex64
1738707874,82463,31196,1,1,1,32,32,1,30,0.000,0.000,,,,,NVIDIA A100-SXM4-40GB MIG 4g.20gb (0),1,,13,"void convert_kernel<__half2, float2>(tensor_layout_any, T1 *, tensor_layout_any, const T2 *)"
1738817377,5728,31199,,,,,,,,,,0.094,16357.541,Pinned,Device,NVIDIA A100-SXM4-40GB MIG 4g.20gb (0),1,,13,[CUDA memcpy Host-to-Device]
1738826913,597336,31200,,,,,,,,,,456.561,764283.851,Device,,NVIDIA A100-SXM4-40GB MIG 4g.20gb (0),1,,13,[CUDA memset]
1739428953,145406,31205,,,,,,,,,,1.235,8492.710,Pinned,Device,NVIDIA A100-SXM4-40GB MIG 4g.20gb (0),1,,13,[CUDA memcpy Host-to-Device]
1739589175,40800,31206,,,,,,,,,,0.197,4818.665,Pinned,Device,NVIDIA A100-SXM4-40GB MIG 4g.20gb (0),1,,13,[CUDA memcpy Host-to-Device]
1739663382,8128,31207,69,4,1,48,1,1,76,0.002,0.000,,,,,NVIDIA A100-SXM4-40GB MIG 4g.20gb (0),1,,13,"void ch_est::windowedChEstPreNoDftSOfdmKernel<float, __half, float, (unsigned int)2, (unsigned int)1, (unsigned short)4>(ch_est::puschRxChEstStatDescr_t *, ch_est::puschRxChEstDynDescr_t *)"
1739682806,7232,31208,137,2,1,24,2,1,44,0.001,0.001,,,,,NVIDIA A100-SXM4-40GB MIG 4g.20gb (0),1,,13,"void ch_est::chEstFilterNoDftSOfdmDispatchKernel<float, __half, float, (unsigned int)2>(ch_est::puschRxChEstStatDescr_t *, ch_est::puschRxChEstDynDescr_t *)"
1739701334,4768,31209,137,2,1,24,2,1,44,0.001,0.001,,,,,NVIDIA A100-SXM4-40GB MIG 4g.20gb (0),1,,13,"void ch_est::chEstFilterNoDftSOfdmDispatchKernel<float, __half, float, (unsigned int)2>(ch_est::puschRxChEstStatDescr_t *, ch_est::puschRxChEstDynDescr_t *)"
1739718166,2720,31220,103,1,1,128,1,1,16,0.000,0.000,,,,,NVIDIA A100-SXM4-40GB MIG 4g.20gb (0),1,,13,cupy_copy__complex64_complex64
1739735157,12704,31230,1434,1,1,128,1,1,16,0.000,0.000,,,,,NVIDIA A100-SXM4-40GB MIG 4g.20gb (0),1,,13,cupy_copy__complex64_complex64
1739754165,2912,31237,103,1,1,128,1,1,16,0.000,0.000,,,,,NVIDIA A100-SXM4-40GB MIG 4g.20gb (0),1,,13,cupy_copy__complex64_complex64
1739779669,84895,31244,1,1,1,32,32,1,30,0.000,0.000,,,,,NVIDIA A100-SXM4-40GB MIG 4g.20gb (0),1,,13,"void convert_kernel<__half2, float2>(tensor_layout_any, T1 *, tensor_layout_any, const T2 *)"
1739895027,30464,31247,,,,,,,,,,0.094,3075.571,Pinned,Device,NVIDIA A100-SXM4-40GB MIG 4g.20gb (0),1,,13,[CUDA memcpy Host-to-Device]
1739952691,47103,31248,,,,,,,,,,35.810,760244.602,Device,,NVIDIA A100-SXM4-40GB MIG 4g.20gb (0),1,,13,[CUDA memset]
1740005330,14880,31250,,,,,,,,,,0.000,5.376,Pinned,Device,NVIDIA A100-SXM4-40GB MIG 4g.20gb (0),1,,13,[CUDA memcpy Host-to-Device]
1740030034,27263,31251,,,,,,,,,,0.197,7211.385,Pinned,Device,NVIDIA A100-SXM4-40GB MIG 4g.20gb (0),1,,13,[CUDA memcpy Host-to-Device]
1740075633,9664,31252,273,1,1,48,1,1,40,0.000,0.001,,,,,NVIDIA A100-SXM4-40GB MIG 4g.20gb (0),1,,13,"void pusch_noise_intf_est::noiseIntfEstNoDftSOfdmKernel<float, __half, float, float, (unsigned int)2, (unsigned int)1, (unsigned char)4, (unsigned char)4>(pusch_noise_intf_est::puschRxNoiseIntfEstDynDescr)"
1740092721,2752,31263,35,1,1,128,1,1,16,0.000,0.000,,,,,NVIDIA A100-SXM4-40GB MIG 4g.20gb (0),1,,13,cupy_copy__complex64_complex64
1740108913,1696,31272,1,1,1,1,1,1,18,0.000,0.000,,,,,NVIDIA A100-SXM4-40GB MIG 4g.20gb (0),1,,13,cupy_copy__float32_float32
1740114897,6016,31278,,,,,,,,,,0.000,0.665,Device,Pageable,NVIDIA A100-SXM4-40GB MIG 4g.20gb (0),1,,7,[CUDA memcpy Device-to-Host]
1740216559,12640,31289,1434,1,1,128,1,1,16,0.000,0.000,,,,,NVIDIA A100-SXM4-40GB MIG 4g.20gb (0),1,,13,cupy_copy__complex64_complex64
1740241871,2944,31296,103,1,1,128,1,1,16,0.000,0.000,,,,,NVIDIA A100-SXM4-40GB MIG 4g.20gb (0),1,,13,cupy_copy__complex64_complex64
1740263183,2528,31303,35,1,1,128,1,1,16,0.000,0.000,,,,,NVIDIA A100-SXM4-40GB MIG 4g.20gb (0),1,,13,cupy_copy__complex64_complex64
1740282671,1728,31310,1,1,1,1,1,1,18,0.000,0.000,,,,,NVIDIA A100-SXM4-40GB MIG 4g.20gb (0),1,,13,cupy_copy__float32_float32
1740407533,87615,31321,1,1,1,32,32,1,30,0.000,0.000,,,,,NVIDIA A100-SXM4-40GB MIG 4g.20gb (0),1,,13,"void convert_kernel<__half2, float2>(tensor_layout_any, T1 *, tensor_layout_any, const T2 *)"
1740523852,5407,31324,,,,,,,,,,0.094,17328.607,Pinned,Device,NVIDIA A100-SXM4-40GB MIG 4g.20gb (0),1,,13,[CUDA memcpy Host-to-Device]
1740538827,3264,31325,,,,,,,,,,1.547,473842.288,Device,,NVIDIA A100-SXM4-40GB MIG 4g.20gb (0),1,,13,[CUDA memset]
1740545547,3072,31330,,,,,,,,,,0.031,10187.474,Pinned,Device,NVIDIA A100-SXM4-40GB MIG 4g.20gb (0),1,,13,[CUDA memcpy Host-to-Device]
1740551051,9664,31331,,,,,,,,,,0.197,20344.209,Pinned,Device,NVIDIA A100-SXM4-40GB MIG 4g.20gb (0),1,,13,[CUDA memcpy Host-to-Device]
1740565899,6080,31332,273,1,1,8,4,1,39,0.002,0.000,,,,,NVIDIA A100-SXM4-40GB MIG 4g.20gb (0),1,,13,"void channel_eq::eqMmseCoefCompLowMimoKernel<float, float, float, (unsigned int)4, (unsigned int)1, (unsigned int)4>(const channel_eq::_puschRxChEqStatDescr *, channel_eq::_puschRxChEqCoefCompDynDescr)"
1740573067,6400,31333,273,1,1,12,11,1,51,0.002,0.000,,,,,NVIDIA A100-SXM4-40GB MIG 4g.20gb (0),1,,13,"void channel_eq::eqMmseSoftDemapKernel<float, __half, __half, float, (unsigned int)4, (unsigned short)16383>(channel_eq::_puschRxChEqStatDescr *, channel_eq::_puschRxChEqSoftDemapDynDescr)"
1740580427,282716,31334,1,1,1,32,32,1,30,0.000,0.000,,,,,NVIDIA A100-SXM4-40GB MIG 4g.20gb (0),1,,13,"void convert_kernel<float2, __half2>(tensor_layout_any, T1 *, tensor_layout_any, const T2 *)"
1740864199,10880,31346,2253,1,1,128,1,1,16,0.000,0.000,,,,,NVIDIA A100-SXM4-40GB MIG 4g.20gb (0),1,,13,cupy_copy__float16_float16
1740876999,4000,31355,282,1,1,128,1,1,16,0.000,0.000,,,,,NVIDIA A100-SXM4-40GB MIG 4g.20gb (0),1,,13,cupy_copy__complex64_complex64
1740885319,2048,31364,26,1,1,128,1,1,16,0.000,0.000,,,,,NVIDIA A100-SXM4-40GB MIG 4g.20gb (0),1,,13,cupy_copy__float32_float32
1740888423,3104,31373,103,1,1,128,1,1,16,0.000,0.000,,,,,NVIDIA A100-SXM4-40GB MIG 4g.20gb (0),1,,13,cupy_copy__complex64_complex64
1740894503,11968,31383,1434,1,1,128,1,1,16,0.000,0.000,,,,,NVIDIA A100-SXM4-40GB MIG 4g.20gb (0),1,,13,cupy_copy__complex64_complex64
1740916199,81919,31388,1,1,1,32,32,1,30,0.000,0.000,,,,,NVIDIA A100-SXM4-40GB MIG 4g.20gb (0),1,,13,"void convert_kernel<__half2, float2>(tensor_layout_any, T1 *, tensor_layout_any, const T2 *)"
1741025061,5760,31391,,,,,,,,,,0.094,16266.656,Pinned,Device,NVIDIA A100-SXM4-40GB MIG 4g.20gb (0),1,,13,[CUDA memcpy Host-to-Device]
1741036325,597593,31392,,,,,,,,,,456.561,763827.289,Device,,NVIDIA A100-SXM4-40GB MIG 4g.20gb (0),1,,13,[CUDA memset]
1741640638,150942,31397,,,,,,,,,,1.235,8181.504,Pinned,Device,NVIDIA A100-SXM4-40GB MIG 4g.20gb (0),1,,13,[CUDA memcpy Host-to-Device]
1741803900,32447,31398,,,,,,,,,,0.197,6059.262,Pinned,Device,NVIDIA A100-SXM4-40GB MIG 4g.20gb (0),1,,13,[CUDA memcpy Host-to-Device]
1741856859,8224,31399,69,4,1,48,1,1,76,0.002,0.000,,,,,NVIDIA A100-SXM4-40GB MIG 4g.20gb (0),1,,13,"void ch_est::windowedChEstPreNoDftSOfdmKernel<float, __half, float, (unsigned int)2, (unsigned int)1, (unsigned short)4>(ch_est::puschRxChEstStatDescr_t *, ch_est::puschRxChEstDynDescr_t *)"
1741870715,6816,31400,137,2,1,24,2,1,44,0.001,0.001,,,,,NVIDIA A100-SXM4-40GB MIG 4g.20gb (0),1,,13,"void ch_est::chEstFilterNoDftSOfdmDispatchKernel<float, __half, float, (unsigned int)2>(ch_est::puschRxChEstStatDescr_t *, ch_est::puschRxChEstDynDescr_t *)"
1741884827,4896,31401,137,2,1,24,2,1,44,0.001,0.001,,,,,NVIDIA A100-SXM4-40GB MIG 4g.20gb (0),1,,13,"void ch_est::chEstFilterNoDftSOfdmDispatchKernel<float, __half, float, (unsigned int)2>(ch_est::puschRxChEstStatDescr_t *, ch_est::puschRxChEstDynDescr_t *)"
1741891835,2400,31412,103,1,1,128,1,1,16,0.000,0.000,,,,,NVIDIA A100-SXM4-40GB MIG 4g.20gb (0),1,,13,cupy_copy__complex64_complex64
1741898619,13087,31422,1434,1,1,128,1,1,16,0.000,0.000,,,,,NVIDIA A100-SXM4-40GB MIG 4g.20gb (0),1,,13,cupy_copy__complex64_complex64
1741918266,2816,31429,103,1,1,128,1,1,16,0.000,0.000,,,,,NVIDIA A100-SXM4-40GB MIG 4g.20gb (0),1,,13,cupy_copy__complex64_complex64
1741923194,82015,31436,1,1,1,32,32,1,30,0.000,0.000,,,,,NVIDIA A100-SXM4-40GB MIG 4g.20gb (0),1,,13,"void convert_kernel<__half2, float2>(tensor_layout_any, T1 *, tensor_layout_any, const T2 *)"
1742032249,5408,31439,,,,,,,,,,0.094,17325.421,Pinned,Device,NVIDIA A100-SXM4-40GB MIG 4g.20gb (0),1,,13,[CUDA memcpy Host-to-Device]
1742045049,47327,31440,,,,,,,,,,35.810,756627.800,Device,,NVIDIA A100-SXM4-40GB MIG 4g.20gb (0),1,,13,[CUDA memset]
1742098040,4608,31442,,,,,,,,,,0.000,17.361,Pinned,Device,NVIDIA A100-SXM4-40GB MIG 4g.20gb (0),1,,13,[CUDA memcpy Host-to-Device]
1742106584,13536,31443,,,,,,,,,,0.197,14524.809,Pinned,Device,NVIDIA A100-SXM4-40GB MIG 4g.20gb (0),1,,13,[CUDA memcpy Host-to-Device]
1742127832,9312,31444,273,1,1,48,1,1,40,0.000,0.001,,,,,NVIDIA A100-SXM4-40GB MIG 4g.20gb (0),1,,13,"void pusch_noise_intf_est::noiseIntfEstNoDftSOfdmKernel<float, __half, float, float, (unsigned int)2, (unsigned int)1, (unsigned char)4, (unsigned char)4>(pusch_noise_intf_est::puschRxNoiseIntfEstDynDescr)"
1742141112,3039,31455,35,1,1,128,1,1,16,0.000,0.000,,,,,NVIDIA A100-SXM4-40GB MIG 4g.20gb (0),1,,13,cupy_copy__complex64_complex64
1742153431,2016,31464,1,1,1,1,1,1,18,0.000,0.000,,,,,NVIDIA A100-SXM4-40GB MIG 4g.20gb (0),1,,13,cupy_copy__float32_float32
1742186999,1760,31470,,,,,,,,,,0.000,2.273,Device,Pageable,NVIDIA A100-SXM4-40GB MIG 4g.20gb (0),1,,7,[CUDA memcpy Device-to-Host]
1742247766,12768,31481,1434,1,1,128,1,1,16,0.000,0.000,,,,,NVIDIA A100-SXM4-40GB MIG 4g.20gb (0),1,,13,cupy_copy__complex64_complex64
1742275254,2816,31488,103,1,1,128,1,1,16,0.000,0.000,,,,,NVIDIA A100-SXM4-40GB MIG 4g.20gb (0),1,,13,cupy_copy__complex64_complex64
1742295126,2400,31495,35,1,1,128,1,1,16,0.000,0.000,,,,,NVIDIA A100-SXM4-40GB MIG 4g.20gb (0),1,,13,cupy_copy__complex64_complex64
1742313525,1856,31502,1,1,1,1,1,1,18,0.000,0.000,,,,,NVIDIA A100-SXM4-40GB MIG 4g.20gb (0),1,,13,cupy_copy__float32_float32
1742446484,82527,31513,1,1,1,32,32,1,30,0.000,0.000,,,,,NVIDIA A100-SXM4-40GB MIG 4g.20gb (0),1,,13,"void convert_kernel<__half2, float2>(tensor_layout_any, T1 *, tensor_layout_any, const T2 *)"
1742556722,5376,31516,,,,,,,,,,0.094,17428.487,Pinned,Device,NVIDIA A100-SXM4-40GB MIG 4g.20gb (0),1,,13,[CUDA memcpy Host-to-Device]
1742570290,3488,31517,,,,,,,,,,1.547,443412.461,Device,,NVIDIA A100-SXM4-40GB MIG 4g.20gb (0),1,,13,[CUDA memset]
1742577330,3584,31522,,,,,,,,,,0.031,8732.116,Pinned,Device,NVIDIA A100-SXM4-40GB MIG 4g.20gb (0),1,,13,[CUDA memcpy Host-to-Device]
1742583378,9888,31523,,,,,,,,,,0.197,19883.360,Pinned,Device,NVIDIA A100-SXM4-40GB MIG 4g.20gb (0),1,,13,[CUDA memcpy Host-to-Device]
1742598578,6464,31524,273,1,1,8,4,1,39,0.002,0.000,,,,,NVIDIA A100-SXM4-40GB MIG 4g.20gb (0),1,,13,"void channel_eq::eqMmseCoefCompLowMimoKernel<float, float, float, (unsigned int)4, (unsigned int)1, (unsigned int)4>(const channel_eq::_puschRxChEqStatDescr *, channel_eq::_puschRxChEqCoefCompDynDescr)"
1742606130,5792,31525,273,1,1,12,11,1,51,0.002,0.000,,,,,NVIDIA A100-SXM4-40GB MIG 4g.20gb (0),1,,13,"void channel_eq::eqMmseSoftDemapKernel<float, __half, __half, float, (unsigned int)4, (unsigned short)16383>(channel_eq::_puschRxChEqStatDescr *, channel_eq::_puschRxChEqSoftDemapDynDescr)"
1742612946,282748,31526,1,1,1,32,32,1,30,0.000,0.000,,,,,NVIDIA A100-SXM4-40GB MIG 4g.20gb (0),1,,13,"void convert_kernel<float2, __half2>(tensor_layout_any, T1 *, tensor_layout_any, const T2 *)"
1742897262,11136,31538,2253,1,1,128,1,1,16,0.000,0.000,,,,,NVIDIA A100-SXM4-40GB MIG 4g.20gb (0),1,,13,cupy_copy__float16_float16
1742912174,3648,31547,282,1,1,128,1,1,16,0.000,0.000,,,,,NVIDIA A100-SXM4-40GB MIG 4g.20gb (0),1,,13,cupy_copy__complex64_complex64
1742916878,2016,31556,26,1,1,128,1,1,16,0.000,0.000,,,,,NVIDIA A100-SXM4-40GB MIG 4g.20gb (0),1,,13,cupy_copy__float32_float32
1742922062,3168,31565,103,1,1,128,1,1,16,0.000,0.000,,,,,NVIDIA A100-SXM4-40GB MIG 4g.20gb (0),1,,13,cupy_copy__complex64_complex64
1742929070,12352,31575,1434,1,1,128,1,1,16,0.000,0.000,,,,,NVIDIA A100-SXM4-40GB MIG 4g.20gb (0),1,,13,cupy_copy__complex64_complex64
1742951405,82431,31580,1,1,1,32,32,1,30,0.000,0.000,,,,,NVIDIA A100-SXM4-40GB MIG 4g.20gb (0),1,,13,"void convert_kernel<__half2, float2>(tensor_layout_any, T1 *, tensor_layout_any, const T2 *)"
1743061452,5440,31583,,,,,,,,,,0.094,17223.480,Pinned,Device,NVIDIA A100-SXM4-40GB MIG 4g.20gb (0),1,,13,[CUDA memcpy Host-to-Device]
1743071916,597081,31584,,,,,,,,,,456.561,764283.851,Device,,NVIDIA A100-SXM4-40GB MIG 4g.20gb (0),1,,13,[CUDA memset]
1743675301,144990,31589,,,,,,,,,,1.235,8517.409,Pinned,Device,NVIDIA A100-SXM4-40GB MIG 4g.20gb (0),1,,13,[CUDA memcpy Host-to-Device]
1743832515,39455,31590,,,,,,,,,,0.197,4983.030,Pinned,Device,NVIDIA A100-SXM4-40GB MIG 4g.20gb (0),1,,13,[CUDA memcpy Host-to-Device]
1743891650,8032,31591,69,4,1,48,1,1,76,0.002,0.000,,,,,NVIDIA A100-SXM4-40GB MIG 4g.20gb (0),1,,13,"void ch_est::windowedChEstPreNoDftSOfdmKernel<float, __half, float, (unsigned int)2, (unsigned int)1, (unsigned short)4>(ch_est::puschRxChEstStatDescr_t *, ch_est::puschRxChEstDynDescr_t *)"
1743911202,6720,31592,137,2,1,24,2,1,44,0.001,0.001,,,,,NVIDIA A100-SXM4-40GB MIG 4g.20gb (0),1,,13,"void ch_est::chEstFilterNoDftSOfdmDispatchKernel<float, __half, float, (unsigned int)2>(ch_est::puschRxChEstStatDescr_t *, ch_est::puschRxChEstDynDescr_t *)"
1743928001,4960,31593,137,2,1,24,2,1,44,0.001,0.001,,,,,NVIDIA A100-SXM4-40GB MIG 4g.20gb (0),1,,13,"void ch_est::chEstFilterNoDftSOfdmDispatchKernel<float, __half, float, (unsigned int)2>(ch_est::puschRxChEstStatDescr_t *, ch_est::puschRxChEstDynDescr_t *)"
1743945153,2528,31604,103,1,1,128,1,1,16,0.000,0.000,,,,,NVIDIA A100-SXM4-40GB MIG 4g.20gb (0),1,,13,cupy_copy__complex64_complex64
1743962721,12768,31614,1434,1,1,128,1,1,16,0.000,0.000,,,,,NVIDIA A100-SXM4-40GB MIG 4g.20gb (0),1,,13,cupy_copy__complex64_complex64
1743982113,2912,31621,103,1,1,128,1,1,16,0.000,0.000,,,,,NVIDIA A100-SXM4-40GB MIG 4g.20gb (0),1,,13,cupy_copy__complex64_complex64
1744006368,94079,31628,1,1,1,32,32,1,30,0.000,0.000,,,,,NVIDIA A100-SXM4-40GB MIG 4g.20gb (0),1,,13,"void convert_kernel<__half2, float2>(tensor_layout_any, T1 *, tensor_layout_any, const T2 *)"
1744132191,13632,31631,,,,,,,,,,0.094,6873.164,Pinned,Device,NVIDIA A100-SXM4-40GB MIG 4g.20gb (0),1,,13,[CUDA memcpy Host-to-Device]
1744150399,46687,31632,,,,,,,,,,35.810,767012.676,Device,,NVIDIA A100-SXM4-40GB MIG 4g.20gb (0),1,,13,[CUDA memset]
1744199774,7520,31634,,,,,,,,,,0.000,10.638,Pinned,Device,NVIDIA A100-SXM4-40GB MIG 4g.20gb (0),1,,13,[CUDA memcpy Host-to-Device]
1744211934,15968,31635,,,,,,,,,,0.197,12312.576,Pinned,Device,NVIDIA A100-SXM4-40GB MIG 4g.20gb (0),1,,13,[CUDA memcpy Host-to-Device]
1744237214,12767,31636,273,1,1,48,1,1,40,0.000,0.001,,,,,NVIDIA A100-SXM4-40GB MIG 4g.20gb (0),1,,13,"void pusch_noise_intf_est::noiseIntfEstNoDftSOfdmKernel<float, __half, float, float, (unsigned int)2, (unsigned int)1, (unsigned char)4, (unsigned char)4>(pusch_noise_intf_est::puschRxNoiseIntfEstDynDescr)"
1744257053,2944,31647,35,1,1,128,1,1,16,0.000,0.000,,,,,NVIDIA A100-SXM4-40GB MIG 4g.20gb (0),1,,13,cupy_copy__complex64_complex64
1744266269,1856,31656,1,1,1,1,1,1,18,0.000,0.000,,,,,NVIDIA A100-SXM4-40GB MIG 4g.20gb (0),1,,13,cupy_copy__float32_float32
1744280349,1568,31662,,,,,,,,,,0.000,2.551,Device,Pageable,NVIDIA A100-SXM4-40GB MIG 4g.20gb (0),1,,7,[CUDA memcpy Device-to-Host]
1744340156,13152,31673,1434,1,1,128,1,1,16,0.000,0.000,,,,,NVIDIA A100-SXM4-40GB MIG 4g.20gb (0),1,,13,cupy_copy__complex64_complex64
1744365948,3136,31680,103,1,1,128,1,1,16,0.000,0.000,,,,,NVIDIA A100-SXM4-40GB MIG 4g.20gb (0),1,,13,cupy_copy__complex64_complex64
1744389436,2816,31687,35,1,1,128,1,1,16,0.000,0.000,,,,,NVIDIA A100-SXM4-40GB MIG 4g.20gb (0),1,,13,cupy_copy__complex64_complex64
1744405595,1952,31694,1,1,1,1,1,1,18,0.000,0.000,,,,,NVIDIA A100-SXM4-40GB MIG 4g.20gb (0),1,,13,cupy_copy__float32_float32
1744541146,82079,31705,1,1,1,32,32,1,30,0.000,0.000,,,,,NVIDIA A100-SXM4-40GB MIG 4g.20gb (0),1,,13,"void convert_kernel<__half2, float2>(tensor_layout_any, T1 *, tensor_layout_any, const T2 *)"
1744650456,5856,31708,,,,,,,,,,0.094,15999.997,Pinned,Device,NVIDIA A100-SXM4-40GB MIG 4g.20gb (0),1,,13,[CUDA memcpy Host-to-Device]
1744664728,3584,31709,,,,,,,,,,1.547,431534.389,Device,,NVIDIA A100-SXM4-40GB MIG 4g.20gb (0),1,,13,[CUDA memset]
1744672184,3840,31714,,,,,,,,,,0.031,8149.979,Pinned,Device,NVIDIA A100-SXM4-40GB MIG 4g.20gb (0),1,,13,[CUDA memcpy Host-to-Device]
1744678456,10144,31715,,,,,,,,,,0.197,19381.617,Pinned,Device,NVIDIA A100-SXM4-40GB MIG 4g.20gb (0),1,,13,[CUDA memcpy Host-to-Device]
1744694136,8352,31716,273,1,1,8,4,1,39,0.002,0.000,,,,,NVIDIA A100-SXM4-40GB MIG 4g.20gb (0),1,,13,"void channel_eq::eqMmseCoefCompLowMimoKernel<float, float, float, (unsigned int)4, (unsigned int)1, (unsigned int)4>(const channel_eq::_puschRxChEqStatDescr *, channel_eq::_puschRxChEqCoefCompDynDescr)"
1744704824,5952,31717,273,1,1,12,11,1,51,0.002,0.000,,,,,NVIDIA A100-SXM4-40GB MIG 4g.20gb (0),1,,13,"void channel_eq::eqMmseSoftDemapKernel<float, __half, __half, float, (unsigned int)4, (unsigned short)16383>(channel_eq::_puschRxChEqStatDescr *, channel_eq::_puschRxChEqSoftDemapDynDescr)"
1744711896,292348,31718,1,1,1,32,32,1,30,0.000,0.000,,,,,NVIDIA A100-SXM4-40GB MIG 4g.20gb (0),1,,13,"void convert_kernel<float2, __half2>(tensor_layout_any, T1 *, tensor_layout_any, const T2 *)"
1745005332,10976,31730,2253,1,1,128,1,1,16,0.000,0.000,,,,,NVIDIA A100-SXM4-40GB MIG 4g.20gb (0),1,,13,cupy_copy__float16_float16
1745018004,3712,31739,282,1,1,128,1,1,16,0.000,0.000,,,,,NVIDIA A100-SXM4-40GB MIG 4g.20gb (0),1,,13,cupy_copy__complex64_complex64
1745023796,2336,31748,26,1,1,128,1,1,16,0.000,0.000,,,,,NVIDIA A100-SXM4-40GB MIG 4g.20gb (0),1,,13,cupy_copy__float32_float32
1745028180,2944,31757,103,1,1,128,1,1,16,0.000,0.000,,,,,NVIDIA A100-SXM4-40GB MIG 4g.20gb (0),1,,13,cupy_copy__complex64_complex64
1745032212,12128,31767,1434,1,1,128,1,1,16,0.000,0.000,,,,,NVIDIA A100-SXM4-40GB MIG 4g.20gb (0),1,,13,cupy_copy__complex64_complex64
1745048947,87199,31772,1,1,1,32,32,1,30,0.000,0.000,,,,,NVIDIA A100-SXM4-40GB MIG 4g.20gb (0),1,,13,"void convert_kernel<__half2, float2>(tensor_layout_any, T1 *, tensor_layout_any, const T2 *)"
1745163026,5760,31775,,,,,,,,,,0.094,16266.656,Pinned,Device,NVIDIA A100-SXM4-40GB MIG 4g.20gb (0),1,,13,[CUDA memcpy Host-to-Device]
1745174834,600344,31776,,,,,,,,,,456.561,760174.798,Device,,NVIDIA A100-SXM4-40GB MIG 4g.20gb (0),1,,13,[CUDA memset]
1745785162,168350,31781,,,,,,,,,,1.235,7335.567,Pinned,Device,NVIDIA A100-SXM4-40GB MIG 4g.20gb (0),1,,13,[CUDA memcpy Host-to-Device]
1745964968,37184,31782,,,,,,,,,,0.197,5287.379,Pinned,Device,NVIDIA A100-SXM4-40GB MIG 4g.20gb (0),1,,13,[CUDA memcpy Host-to-Device]
1746028327,7776,31783,69,4,1,48,1,1,76,0.002,0.000,,,,,NVIDIA A100-SXM4-40GB MIG 4g.20gb (0),1,,13,"void ch_est::windowedChEstPreNoDftSOfdmKernel<float, __half, float, (unsigned int)2, (unsigned int)1, (unsigned short)4>(ch_est::puschRxChEstStatDescr_t *, ch_est::puschRxChEstDynDescr_t *)"
1746047527,6368,31784,137,2,1,24,2,1,44,0.001,0.001,,,,,NVIDIA A100-SXM4-40GB MIG 4g.20gb (0),1,,13,"void ch_est::chEstFilterNoDftSOfdmDispatchKernel<float, __half, float, (unsigned int)2>(ch_est::puschRxChEstStatDescr_t *, ch_est::puschRxChEstDynDescr_t *)"
1746064583,4768,31785,137,2,1,24,2,1,44,0.001,0.001,,,,,NVIDIA A100-SXM4-40GB MIG 4g.20gb (0),1,,13,"void ch_est::chEstFilterNoDftSOfdmDispatchKernel<float, __half, float, (unsigned int)2>(ch_est::puschRxChEstStatDescr_t *, ch_est::puschRxChEstDynDescr_t *)"
1746081863,2656,31796,103,1,1,128,1,1,16,0.000,0.000,,,,,NVIDIA A100-SXM4-40GB MIG 4g.20gb (0),1,,13,cupy_copy__complex64_complex64
1746098918,12480,31806,1434,1,1,128,1,1,16,0.000,0.000,,,,,NVIDIA A100-SXM4-40GB MIG 4g.20gb (0),1,,13,cupy_copy__complex64_complex64
1746120358,2880,31813,103,1,1,128,1,1,16,0.000,0.000,,,,,NVIDIA A100-SXM4-40GB MIG 4g.20gb (0),1,,13,cupy_copy__complex64_complex64
1746143398,89727,31820,1,1,1,32,32,1,30,0.000,0.000,,,,,NVIDIA A100-SXM4-40GB MIG 4g.20gb (0),1,,13,"void convert_kernel<__half2, float2>(tensor_layout_any, T1 *, tensor_layout_any, const T2 *)"
1746266436,25728,31823,,,,,,,,,,0.094,3641.776,Pinned,Device,NVIDIA A100-SXM4-40GB MIG 4g.20gb (0),1,,13,[CUDA memcpy Host-to-Device]
1746317444,47231,31824,,,,,,,,,,35.810,758167.626,Device,,NVIDIA A100-SXM4-40GB MIG 4g.20gb (0),1,,13,[CUDA memset]
1746369923,10720,31826,,,,,,,,,,0.000,7.463,Pinned,Device,NVIDIA A100-SXM4-40GB MIG 4g.20gb (0),1,,13,[CUDA memcpy Host-to-Device]
1746387235,23520,31827,,,,,,,,,,0.197,8359.182,Pinned,Device,NVIDIA A100-SXM4-40GB MIG 4g.20gb (0),1,,13,[CUDA memcpy Host-to-Device]
1746430274,12992,31828,273,1,1,48,1,1,40,0.000,0.001,,,,,NVIDIA A100-SXM4-40GB MIG 4g.20gb (0),1,,13,"void pusch_noise_intf_est::noiseIntfEstNoDftSOfdmKernel<float, __half, float, float, (unsigned int)2, (unsigned int)1, (unsigned char)4, (unsigned char)4>(pusch_noise_intf_est::puschRxNoiseIntfEstDynDescr)"
1746454722,2784,31839,35,1,1,128,1,1,16,0.000,0.000,,,,,NVIDIA A100-SXM4-40GB MIG 4g.20gb (0),1,,13,cupy_copy__complex64_complex64
1746465442,1696,31848,1,1,1,1,1,1,18,0.000,0.000,,,,,NVIDIA A100-SXM4-40GB MIG 4g.20gb (0),1,,13,cupy_copy__float32_float32
1746469762,3200,31854,,,,,,,,,,0.000,1.250,Device,Pageable,NVIDIA A100-SXM4-40GB MIG 4g.20gb (0),1,,7,[CUDA memcpy Device-to-Host]
1746544129,12992,31865,1434,1,1,128,1,1,16,0.000,0.000,,,,,NVIDIA A100-SXM4-40GB MIG 4g.20gb (0),1,,13,cupy_copy__complex64_complex64
1746572961,3488,31872,103,1,1,128,1,1,16,0.000,0.000,,,,,NVIDIA A100-SXM4-40GB MIG 4g.20gb (0),1,,13,cupy_copy__complex64_complex64
1746590816,2656,31879,35,1,1,128,1,1,16,0.000,0.000,,,,,NVIDIA A100-SXM4-40GB MIG 4g.20gb (0),1,,13,cupy_copy__complex64_complex64
1746613856,1824,31886,1,1,1,1,1,1,18,0.000,0.000,,,,,NVIDIA A100-SXM4-40GB MIG 4g.20gb (0),1,,13,cupy_copy__float32_float32
1746736703,82239,31897,1,1,1,32,32,1,30,0.000,0.000,,,,,NVIDIA A100-SXM4-40GB MIG 4g.20gb (0),1,,13,"void convert_kernel<__half2, float2>(tensor_layout_any, T1 *, tensor_layout_any, const T2 *)"
1746855837,5536,31900,,,,,,,,,,0.094,16924.777,Pinned,Device,NVIDIA A100-SXM4-40GB MIG 4g.20gb (0),1,,13,[CUDA memcpy Host-to-Device]
1746871165,3296,31901,,,,,,,,,,1.547,469242.628,Device,,NVIDIA A100-SXM4-40GB MIG 4g.20gb (0),1,,13,[CUDA memset]
1746878173,3712,31906,,,,,,,,,,0.031,8431.017,Pinned,Device,NVIDIA A100-SXM4-40GB MIG 4g.20gb (0),1,,13,[CUDA memcpy Host-to-Device]
1746885181,9664,31907,,,,,,,,,,0.197,20344.209,Pinned,Device,NVIDIA A100-SXM4-40GB MIG 4g.20gb (0),1,,13,[CUDA memcpy Host-to-Device]
1746898525,6207,31908,273,1,1,8,4,1,39,0.002,0.000,,,,,NVIDIA A100-SXM4-40GB MIG 4g.20gb (0),1,,13,"void channel_eq::eqMmseCoefCompLowMimoKernel<float, float, float, (unsigned int)4, (unsigned int)1, (unsigned int)4>(const channel_eq::_puschRxChEqStatDescr *, channel_eq::_puschRxChEqCoefCompDynDescr)"
1746905692,6048,31909,273,1,1,12,11,1,51,0.002,0.000,,,,,NVIDIA A100-SXM4-40GB MIG 4g.20gb (0),1,,13,"void channel_eq::eqMmseSoftDemapKernel<float, __half, __half, float, (unsigned int)4, (unsigned short)16383>(channel_eq::_puschRxChEqStatDescr *, channel_eq::_puschRxChEqSoftDemapDynDescr)"
1746912732,282397,31910,1,1,1,32,32,1,30,0.000,0.000,,,,,NVIDIA A100-SXM4-40GB MIG 4g.20gb (0),1,,13,"void convert_kernel<float2, __half2>(tensor_layout_any, T1 *, tensor_layout_any, const T2 *)"
1747196665,11200,31922,2253,1,1,128,1,1,16,0.000,0.000,,,,,NVIDIA A100-SXM4-40GB MIG 4g.20gb (0),1,,13,cupy_copy__float16_float16
1747210041,3744,31931,282,1,1,128,1,1,16,0.000,0.000,,,,,NVIDIA A100-SXM4-40GB MIG 4g.20gb (0),1,,13,cupy_copy__complex64_complex64
1747215417,2112,31940,26,1,1,128,1,1,16,0.000,0.000,,,,,NVIDIA A100-SXM4-40GB MIG 4g.20gb (0),1,,13,cupy_copy__float32_float32
1747219225,2816,31949,103,1,1,128,1,1,16,0.000,0.000,,,,,NVIDIA A100-SXM4-40GB MIG 4g.20gb (0),1,,13,cupy_copy__complex64_complex64
1747223129,12095,31959,1434,1,1,128,1,1,16,0.000,0.000,,,,,NVIDIA A100-SXM4-40GB MIG 4g.20gb (0),1,,13,cupy_copy__complex64_complex64
1747244568,86687,31964,1,1,1,32,32,1,30,0.000,0.000,,,,,NVIDIA A100-SXM4-40GB MIG 4g.20gb (0),1,,13,"void convert_kernel<__half2, float2>(tensor_layout_any, T1 *, tensor_layout_any, const T2 *)"
1747358071,5728,31967,,,,,,,,,,0.094,16357.541,Pinned,Device,NVIDIA A100-SXM4-40GB MIG 4g.20gb (0),1,,13,[CUDA memcpy Host-to-Device]
1747368567,598232,31968,,,,,,,,,,456.561,762914.166,Device,,NVIDIA A100-SXM4-40GB MIG 4g.20gb (0),1,,13,[CUDA memset]
1747973679,146110,31973,,,,,,,,,,1.235,8451.957,Pinned,Device,NVIDIA A100-SXM4-40GB MIG 4g.20gb (0),1,,13,[CUDA memcpy Host-to-Device]
1748129165,31456,31974,,,,,,,,,,0.197,6250.168,Pinned,Device,NVIDIA A100-SXM4-40GB MIG 4g.20gb (0),1,,13,[CUDA memcpy Host-to-Device]
1748178157,8032,31975,69,4,1,48,1,1,76,0.002,0.000,,,,,NVIDIA A100-SXM4-40GB MIG 4g.20gb (0),1,,13,"void ch_est::windowedChEstPreNoDftSOfdmKernel<float, __half, float, (unsigned int)2, (unsigned int)1, (unsigned short)4>(ch_est::puschRxChEstStatDescr_t *, ch_est::puschRxChEstDynDescr_t *)"
1748200876,6560,31976,137,2,1,24,2,1,44,0.001,0.001,,,,,NVIDIA A100-SXM4-40GB MIG 4g.20gb (0),1,,13,"void ch_est::chEstFilterNoDftSOfdmDispatchKernel<float, __half, float, (unsigned int)2>(ch_est::puschRxChEstStatDescr_t *, ch_est::puschRxChEstDynDescr_t *)"
1748216908,4768,31977,137,2,1,24,2,1,44,0.001,0.001,,,,,NVIDIA A100-SXM4-40GB MIG 4g.20gb (0),1,,13,"void ch_est::chEstFilterNoDftSOfdmDispatchKernel<float, __half, float, (unsigned int)2>(ch_est::puschRxChEstStatDescr_t *, ch_est::puschRxChEstDynDescr_t *)"
1748230348,2688,31988,103,1,1,128,1,1,16,0.000,0.000,,,,,NVIDIA A100-SXM4-40GB MIG 4g.20gb (0),1,,13,cupy_copy__complex64_complex64
1748243660,12480,31998,1434,1,1,128,1,1,16,0.000,0.000,,,,,NVIDIA A100-SXM4-40GB MIG 4g.20gb (0),1,,13,cupy_copy__complex64_complex64
1748278443,2496,32005,103,1,1,128,1,1,16,0.000,0.000,,,,,NVIDIA A100-SXM4-40GB MIG 4g.20gb (0),1,,13,cupy_copy__complex64_complex64
1748294731,88223,32012,1,1,1,32,32,1,30,0.000,0.000,,,,,NVIDIA A100-SXM4-40GB MIG 4g.20gb (0),1,,13,"void convert_kernel<__half2, float2>(tensor_layout_any, T1 *, tensor_layout_any, const T2 *)"
1748410634,25760,32015,,,,,,,,,,0.094,3637.185,Pinned,Device,NVIDIA A100-SXM4-40GB MIG 4g.20gb (0),1,,13,[CUDA memcpy Host-to-Device]
1748448361,46720,32016,,,,,,,,,,35.810,766475.528,Device,,NVIDIA A100-SXM4-40GB MIG 4g.20gb (0),1,,13,[CUDA memset]
1748497321,10720,32018,,,,,,,,,,0.000,7.463,Pinned,Device,NVIDIA A100-SXM4-40GB MIG 4g.20gb (0),1,,13,[CUDA memcpy Host-to-Device]
1748520744,28768,32019,,,,,,,,,,0.197,6834.094,Pinned,Device,NVIDIA A100-SXM4-40GB MIG 4g.20gb (0),1,,13,[CUDA memcpy Host-to-Device]
1748578632,9696,32020,273,1,1,48,1,1,40,0.000,0.001,,,,,NVIDIA A100-SXM4-40GB MIG 4g.20gb (0),1,,13,"void pusch_noise_intf_est::noiseIntfEstNoDftSOfdmKernel<float, __half, float, float, (unsigned int)2, (unsigned int)1, (unsigned char)4, (unsigned char)4>(pusch_noise_intf_est::puschRxNoiseIntfEstDynDescr)"
1748596168,2592,32031,35,1,1,128,1,1,16,0.000,0.000,,,,,NVIDIA A100-SXM4-40GB MIG 4g.20gb (0),1,,13,cupy_copy__complex64_complex64
1748612807,1760,32040,1,1,1,1,1,1,18,0.000,0.000,,,,,NVIDIA A100-SXM4-40GB MIG 4g.20gb (0),1,,13,cupy_copy__float32_float32
1748621863,7488,32046,,,,,,,,,,0.000,0.534,Device,Pageable,NVIDIA A100-SXM4-40GB MIG 4g.20gb (0),1,,7,[CUDA memcpy Device-to-Host]
1748721478,12736,32057,1434,1,1,128,1,1,16,0.000,0.000,,,,,NVIDIA A100-SXM4-40GB MIG 4g.20gb (0),1,,13,cupy_copy__complex64_complex64
1748747206,2976,32064,103,1,1,128,1,1,16,0.000,0.000,,,,,NVIDIA A100-SXM4-40GB MIG 4g.20gb (0),1,,13,cupy_copy__complex64_complex64
1748767333,2336,32071,35,1,1,128,1,1,16,0.000,0.000,,,,,NVIDIA A100-SXM4-40GB MIG 4g.20gb (0),1,,13,cupy_copy__complex64_complex64
1748784325,1696,32078,1,1,1,1,1,1,18,0.000,0.000,,,,,NVIDIA A100-SXM4-40GB MIG 4g.20gb (0),1,,13,cupy_copy__float32_float32
1748908132,86719,32089,1,1,1,32,32,1,30,0.000,0.000,,,,,NVIDIA A100-SXM4-40GB MIG 4g.20gb (0),1,,13,"void convert_kernel<__half2, float2>(tensor_layout_any, T1 *, tensor_layout_any, const T2 *)"
1749024738,13504,32092,,,,,,,,,,0.094,6938.376,Pinned,Device,NVIDIA A100-SXM4-40GB MIG 4g.20gb (0),1,,13,[CUDA memcpy Host-to-Device]
1749048802,3456,32093,,,,,,,,,,1.547,447517.201,Device,,NVIDIA A100-SXM4-40GB MIG 4g.20gb (0),1,,13,[CUDA memset]
1749055010,3136,32098,,,,,,,,,,0.031,9979.575,Pinned,Device,NVIDIA A100-SXM4-40GB MIG 4g.20gb (0),1,,13,[CUDA memcpy Host-to-Device]
1749065474,13920,32099,,,,,,,,,,0.197,14124.122,Pinned,Device,NVIDIA A100-SXM4-40GB MIG 4g.20gb (0),1,,13,[CUDA memcpy Host-to-Device]
1749088161,7936,32100,273,1,1,8,4,1,39,0.002,0.000,,,,,NVIDIA A100-SXM4-40GB MIG 4g.20gb (0),1,,13,"void channel_eq::eqMmseCoefCompLowMimoKernel<float, float, float, (unsigned int)4, (unsigned int)1, (unsigned int)4>(const channel_eq::_puschRxChEqStatDescr *, channel_eq::_puschRxChEqCoefCompDynDescr)"
1749104673,5600,32101,273,1,1,12,11,1,51,0.002,0.000,,,,,NVIDIA A100-SXM4-40GB MIG 4g.20gb (0),1,,13,"void channel_eq::eqMmseSoftDemapKernel<float, __half, __half, float, (unsigned int)4, (unsigned short)16383>(channel_eq::_puschRxChEqStatDescr *, channel_eq::_puschRxChEqSoftDemapDynDescr)"
1749114433,294812,32102,1,1,1,32,32,1,30,0.000,0.000,,,,,NVIDIA A100-SXM4-40GB MIG 4g.20gb (0),1,,13,"void convert_kernel<float2, __half2>(tensor_layout_any, T1 *, tensor_layout_any, const T2 *)"
1749410909,11264,32114,2253,1,1,128,1,1,16,0.000,0.000,,,,,NVIDIA A100-SXM4-40GB MIG 4g.20gb (0),1,,13,cupy_copy__float16_float16
1749426941,3552,32123,282,1,1,128,1,1,16,0.000,0.000,,,,,NVIDIA A100-SXM4-40GB MIG 4g.20gb (0),1,,13,cupy_copy__complex64_complex64
1749432093,2272,32132,26,1,1,128,1,1,16,0.000,0.000,,,,,NVIDIA A100-SXM4-40GB MIG 4g.20gb (0),1,,13,cupy_copy__float32_float32
1749435357,3552,32141,103,1,1,128,1,1,16,0.000,0.000,,,,,NVIDIA A100-SXM4-40GB MIG 4g.20gb (0),1,,13,cupy_copy__complex64_complex64
1749440029,12352,32151,1434,1,1,128,1,1,16,0.000,0.000,,,,,NVIDIA A100-SXM4-40GB MIG 4g.20gb (0),1,,13,cupy_copy__complex64_complex64
1749456349,82143,32156,1,1,1,32,32,1,30,0.000,0.000,,,,,NVIDIA A100-SXM4-40GB MIG 4g.20gb (0),1,,13,"void convert_kernel<__half2, float2>(tensor_layout_any, T1 *, tensor_layout_any, const T2 *)"
1749565724,5567,32159,,,,,,,,,,0.094,16830.519,Pinned,Device,NVIDIA A100-SXM4-40GB MIG 4g.20gb (0),1,,13,[CUDA memcpy Host-to-Device]
1749577147,598553,32160,,,,,,,,,,456.561,762457.605,Device,,NVIDIA A100-SXM4-40GB MIG 4g.20gb (0),1,,13,[CUDA memset]
1750181972,107711,32165,,,,,,,,,,1.235,11465.220,Pinned,Device,NVIDIA A100-SXM4-40GB MIG 4g.20gb (0),1,,13,[CUDA memcpy Host-to-Device]
1750298354,21056,32166,,,,,,,,,,0.197,9337.307,Pinned,Device,NVIDIA A100-SXM4-40GB MIG 4g.20gb (0),1,,13,[CUDA memcpy Host-to-Device]
1750329426,7872,32167,69,4,1,48,1,1,76,0.002,0.000,,,,,NVIDIA A100-SXM4-40GB MIG 4g.20gb (0),1,,13,"void ch_est::windowedChEstPreNoDftSOfdmKernel<float, __half, float, (unsigned int)2, (unsigned int)1, (unsigned short)4>(ch_est::puschRxChEstStatDescr_t *, ch_est::puschRxChEstDynDescr_t *)"
1750345330,6720,32168,137,2,1,24,2,1,44,0.001,0.001,,,,,NVIDIA A100-SXM4-40GB MIG 4g.20gb (0),1,,13,"void ch_est::chEstFilterNoDftSOfdmDispatchKernel<float, __half, float, (unsigned int)2>(ch_est::puschRxChEstStatDescr_t *, ch_est::puschRxChEstDynDescr_t *)"
1750360818,5216,32169,137,2,1,24,2,1,44,0.001,0.001,,,,,NVIDIA A100-SXM4-40GB MIG 4g.20gb (0),1,,13,"void ch_est::chEstFilterNoDftSOfdmDispatchKernel<float, __half, float, (unsigned int)2>(ch_est::puschRxChEstStatDescr_t *, ch_est::puschRxChEstDynDescr_t *)"
1750369586,3008,32180,103,1,1,128,1,1,16,0.000,0.000,,,,,NVIDIA A100-SXM4-40GB MIG 4g.20gb (0),1,,13,cupy_copy__complex64_complex64
1750377617,12480,32190,1434,1,1,128,1,1,16,0.000,0.000,,,,,NVIDIA A100-SXM4-40GB MIG 4g.20gb (0),1,,13,cupy_copy__complex64_complex64
1750393649,2656,32197,103,1,1,128,1,1,16,0.000,0.000,,,,,NVIDIA A100-SXM4-40GB MIG 4g.20gb (0),1,,13,cupy_copy__complex64_complex64
1750403217,84447,32204,1,1,1,32,32,1,30,0.000,0.000,,,,,NVIDIA A100-SXM4-40GB MIG 4g.20gb (0),1,,13,"void convert_kernel<__half2, float2>(tensor_layout_any, T1 *, tensor_layout_any, const T2 *)"
1750517712,10240,32207,,,,,,,,,,0.094,9149.977,Pinned,Device,NVIDIA A100-SXM4-40GB MIG 4g.20gb (0),1,,13,[CUDA memcpy Host-to-Device]
1750537423,47712,32208,,,,,,,,,,35.810,750540.113,Device,,NVIDIA A100-SXM4-40GB MIG 4g.20gb (0),1,,13,[CUDA memset]
1750591311,4000,32210,,,,,,,,,,0.000,20.000,Pinned,Device,NVIDIA A100-SXM4-40GB MIG 4g.20gb (0),1,,13,[CUDA memcpy Host-to-Device]
1750603503,20159,32211,,,,,,,,,,0.197,9752.740,Pinned,Device,NVIDIA A100-SXM4-40GB MIG 4g.20gb (0),1,,13,[CUDA memcpy Host-to-Device]
1750635950,11392,32212,273,1,1,48,1,1,40,0.000,0.001,,,,,NVIDIA A100-SXM4-40GB MIG 4g.20gb (0),1,,13,"void pusch_noise_intf_est::noiseIntfEstNoDftSOfdmKernel<float, __half, float, float, (unsigned int)2, (unsigned int)1, (unsigned char)4, (unsigned char)4>(pusch_noise_intf_est::puschRxNoiseIntfEstDynDescr)"
1750650958,2816,32223,35,1,1,128,1,1,16,0.000,0.000,,,,,NVIDIA A100-SXM4-40GB MIG 4g.20gb (0),1,,13,cupy_copy__complex64_complex64
1750659950,1664,32232,1,1,1,1,1,1,18,0.000,0.000,,,,,NVIDIA A100-SXM4-40GB MIG 4g.20gb (0),1,,13,cupy_copy__float32_float32
1750669646,4352,32238,,,,,,,,,,0.000,0.919,Device,Pageable,NVIDIA A100-SXM4-40GB MIG 4g.20gb (0),1,,7,[CUDA memcpy Device-to-Host]
1750735149,12576,32249,1434,1,1,128,1,1,16,0.000,0.000,,,,,NVIDIA A100-SXM4-40GB MIG 4g.20gb (0),1,,13,cupy_copy__complex64_complex64
1750762605,2880,32256,103,1,1,128,1,1,16,0.000,0.000,,,,,NVIDIA A100-SXM4-40GB MIG 4g.20gb (0),1,,13,cupy_copy__complex64_complex64
1750784748,2208,32263,35,1,1,128,1,1,16,0.000,0.000,,,,,NVIDIA A100-SXM4-40GB MIG 4g.20gb (0),1,,13,cupy_copy__complex64_complex64
1750802060,1888,32270,1,1,1,1,1,1,18,0.000,0.000,,,,,NVIDIA A100-SXM4-40GB MIG 4g.20gb (0),1,,13,cupy_copy__float32_float32
1750940650,87231,32281,1,1,1,32,32,1,30,0.000,0.000,,,,,NVIDIA A100-SXM4-40GB MIG 4g.20gb (0),1,,13,"void convert_kernel<__half2, float2>(tensor_layout_any, T1 *, tensor_layout_any, const T2 *)"
1751056265,5792,32284,,,,,,,,,,0.094,16176.708,Pinned,Device,NVIDIA A100-SXM4-40GB MIG 4g.20gb (0),1,,13,[CUDA memcpy Host-to-Device]
1751070505,3456,32285,,,,,,,,,,1.547,447517.201,Device,,NVIDIA A100-SXM4-40GB MIG 4g.20gb (0),1,,13,[CUDA memset]
1751077737,3648,32290,,,,,,,,,,0.031,8578.922,Pinned,Device,NVIDIA A100-SXM4-40GB MIG 4g.20gb (0),1,,13,[CUDA memcpy Host-to-Device]
1751084041,9504,32291,,,,,,,,,,0.197,20686.701,Pinned,Device,NVIDIA A100-SXM4-40GB MIG 4g.20gb (0),1,,13,[CUDA memcpy Host-to-Device]
1751098473,6399,32292,273,1,1,8,4,1,39,0.002,0.000,,,,,NVIDIA A100-SXM4-40GB MIG 4g.20gb (0),1,,13,"void channel_eq::eqMmseCoefCompLowMimoKernel<float, float, float, (unsigned int)4, (unsigned int)1, (unsigned int)4>(const channel_eq::_puschRxChEqStatDescr *, channel_eq::_puschRxChEqCoefCompDynDescr)"
1751105832,5472,32293,273,1,1,12,11,1,51,0.002,0.000,,,,,NVIDIA A100-SXM4-40GB MIG 4g.20gb (0),1,,13,"void channel_eq::eqMmseSoftDemapKernel<float, __half, __half, float, (unsigned int)4, (unsigned short)16383>(channel_eq::_puschRxChEqStatDescr *, channel_eq::_puschRxChEqSoftDemapDynDescr)"
1751113832,283005,32294,1,1,1,32,32,1,30,0.000,0.000,,,,,NVIDIA A100-SXM4-40GB MIG 4g.20gb (0),1,,13,"void convert_kernel<float2, __half2>(tensor_layout_any, T1 *, tensor_layout_any, const T2 *)"
1751397925,10880,32306,2253,1,1,128,1,1,16,0.000,0.000,,,,,NVIDIA A100-SXM4-40GB MIG 4g.20gb (0),1,,13,cupy_copy__float16_float16
1751410437,2880,32315,282,1,1,128,1,1,16,0.000,0.000,,,,,NVIDIA A100-SXM4-40GB MIG 4g.20gb (0),1,,13,cupy_copy__complex64_complex64
1751415525,2016,32324,26,1,1,128,1,1,16,0.000,0.000,,,,,NVIDIA A100-SXM4-40GB MIG 4g.20gb (0),1,,13,cupy_copy__float32_float32
1751422469,2911,32333,103,1,1,128,1,1,16,0.000,0.000,,,,,NVIDIA A100-SXM4-40GB MIG 4g.20gb (0),1,,13,cupy_copy__complex64_complex64
1751427588,12064,32343,1434,1,1,128,1,1,16,0.000,0.000,,,,,NVIDIA A100-SXM4-40GB MIG 4g.20gb (0),1,,13,cupy_copy__complex64_complex64
1751444612,87103,32348,1,1,1,32,32,1,30,0.000,0.000,,,,,NVIDIA A100-SXM4-40GB MIG 4g.20gb (0),1,,13,"void convert_kernel<__half2, float2>(tensor_layout_any, T1 *, tensor_layout_any, const T2 *)"
1751559139,6080,32351,,,,,,,,,,0.094,15410.462,Pinned,Device,NVIDIA A100-SXM4-40GB MIG 4g.20gb (0),1,,13,[CUDA memcpy Host-to-Device]
1751569859,597816,32352,,,,,,,,,,456.561,763370.728,Device,,NVIDIA A100-SXM4-40GB MIG 4g.20gb (0),1,,13,[CUDA memset]
1752172347,139551,32357,,,,,,,,,,1.235,8848.374,Pinned,Device,NVIDIA A100-SXM4-40GB MIG 4g.20gb (0),1,,13,[CUDA memcpy Host-to-Device]
1752326105,39584,32358,,,,,,,,,,0.197,4966.711,Pinned,Device,NVIDIA A100-SXM4-40GB MIG 4g.20gb (0),1,,13,[CUDA memcpy Host-to-Device]
1752395160,8480,32359,69,4,1,48,1,1,76,0.002,0.000,,,,,NVIDIA A100-SXM4-40GB MIG 4g.20gb (0),1,,13,"void ch_est::windowedChEstPreNoDftSOfdmKernel<float, __half, float, (unsigned int)2, (unsigned int)1, (unsigned short)4>(ch_est::puschRxChEstStatDescr_t *, ch_est::puschRxChEstDynDescr_t *)"
1752413336,6880,32360,137,2,1,24,2,1,44,0.001,0.001,,,,,NVIDIA A100-SXM4-40GB MIG 4g.20gb (0),1,,13,"void ch_est::chEstFilterNoDftSOfdmDispatchKernel<float, __half, float, (unsigned int)2>(ch_est::puschRxChEstStatDescr_t *, ch_est::puschRxChEstDynDescr_t *)"
1752430680,4736,32361,137,2,1,24,2,1,44,0.001,0.001,,,,,NVIDIA A100-SXM4-40GB MIG 4g.20gb (0),1,,13,"void ch_est::chEstFilterNoDftSOfdmDispatchKernel<float, __half, float, (unsigned int)2>(ch_est::puschRxChEstStatDescr_t *, ch_est::puschRxChEstDynDescr_t *)"
1752447448,2528,32372,103,1,1,128,1,1,16,0.000,0.000,,,,,NVIDIA A100-SXM4-40GB MIG 4g.20gb (0),1,,13,cupy_copy__complex64_complex64
1752467032,12543,32382,1434,1,1,128,1,1,16,0.000,0.000,,,,,NVIDIA A100-SXM4-40GB MIG 4g.20gb (0),1,,13,cupy_copy__complex64_complex64
1752484823,2880,32389,103,1,1,128,1,1,16,0.000,0.000,,,,,NVIDIA A100-SXM4-40GB MIG 4g.20gb (0),1,,13,cupy_copy__complex64_complex64
1752505527,90687,32396,1,1,1,32,32,1,30,0.000,0.000,,,,,NVIDIA A100-SXM4-40GB MIG 4g.20gb (0),1,,13,"void convert_kernel<__half2, float2>(tensor_layout_any, T1 *, tensor_layout_any, const T2 *)"
1752627926,12927,32399,,,,,,,,,,0.094,7248.041,Pinned,Device,NVIDIA A100-SXM4-40GB MIG 4g.20gb (0),1,,13,[CUDA memcpy Host-to-Device]
1752652917,47072,32400,,,,,,,,,,35.810,760745.940,Device,,NVIDIA A100-SXM4-40GB MIG 4g.20gb (0),1,,13,[CUDA memset]
1752700981,7136,32402,,,,,,,,,,0.000,11.211,Pinned,Device,NVIDIA A100-SXM4-40GB MIG 4g.20gb (0),1,,13,[CUDA memcpy Host-to-Device]
1752712213,20767,32403,,,,,,,,,,0.197,9467.265,Pinned,Device,NVIDIA A100-SXM4-40GB MIG 4g.20gb (0),1,,13,[CUDA memcpy Host-to-Device]
1752746132,9824,32404,273,1,1,48,1,1,40,0.000,0.001,,,,,NVIDIA A100-SXM4-40GB MIG 4g.20gb (0),1,,13,"void pusch_noise_intf_est::noiseIntfEstNoDftSOfdmKernel<float, __half, float, float, (unsigned int)2, (unsigned int)1, (unsigned char)4, (unsigned char)4>(pusch_noise_intf_est::puschRxNoiseIntfEstDynDescr)"
1752765172,2912,32415,35,1,1,128,1,1,16,0.000,0.000,,,,,NVIDIA A100-SXM4-40GB MIG 4g.20gb (0),1,,13,cupy_copy__complex64_complex64
1752774996,1760,32424,1,1,1,1,1,1,18,0.000,0.000,,,,,NVIDIA A100-SXM4-40GB MIG 4g.20gb (0),1,,13,cupy_copy__float32_float32
1752782292,6176,32430,,,,,,,,,,0.000,0.648,Device,Pageable,NVIDIA A100-SXM4-40GB MIG 4g.20gb (0),1,,7,[CUDA memcpy Device-to-Host]
1752863155,13152,32441,1434,1,1,128,1,1,16,0.000,0.000,,,,,NVIDIA A100-SXM4-40GB MIG 4g.20gb (0),1,,13,cupy_copy__complex64_complex64
1752893010,2944,32448,103,1,1,128,1,1,16,0.000,0.000,,,,,NVIDIA A100-SXM4-40GB MIG 4g.20gb (0),1,,13,cupy_copy__complex64_complex64
1752912018,2528,32455,35,1,1,128,1,1,16,0.000,0.000,,,,,NVIDIA A100-SXM4-40GB MIG 4g.20gb (0),1,,13,cupy_copy__complex64_complex64
1752930514,1888,32462,1,1,1,1,1,1,18,0.000,0.000,,,,,NVIDIA A100-SXM4-40GB MIG 4g.20gb (0),1,,13,cupy_copy__float32_float32
1753054928,82751,32473,1,1,1,32,32,1,30,0.000,0.000,,,,,NVIDIA A100-SXM4-40GB MIG 4g.20gb (0),1,,13,"void convert_kernel<__half2, float2>(tensor_layout_any, T1 *, tensor_layout_any, const T2 *)"
1753165487,6048,32476,,,,,,,,,,0.094,15491.978,Pinned,Device,NVIDIA A100-SXM4-40GB MIG 4g.20gb (0),1,,13,[CUDA memcpy Host-to-Device]
1753182575,3488,32477,,,,,,,,,,1.547,443412.461,Device,,NVIDIA A100-SXM4-40GB MIG 4g.20gb (0),1,,13,[CUDA memset]
1753186863,3552,32482,,,,,,,,,,0.031,8810.794,Pinned,Device,NVIDIA A100-SXM4-40GB MIG 4g.20gb (0),1,,13,[CUDA memcpy Host-to-Device]
1753192975,9727,32483,,,,,,,,,,0.197,20212.482,Pinned,Device,NVIDIA A100-SXM4-40GB MIG 4g.20gb (0),1,,13,[CUDA memcpy Host-to-Device]
1753208238,6400,32484,273,1,1,8,4,1,39,0.002,0.000,,,,,NVIDIA A100-SXM4-40GB MIG 4g.20gb (0),1,,13,"void channel_eq::eqMmseCoefCompLowMimoKernel<float, float, float, (unsigned int)4, (unsigned int)1, (unsigned int)4>(const channel_eq::_puschRxChEqStatDescr *, channel_eq::_puschRxChEqCoefCompDynDescr)"
1753217710,6208,32485,273,1,1,12,11,1,51,0.002,0.000,,,,,NVIDIA A100-SXM4-40GB MIG 4g.20gb (0),1,,13,"void channel_eq::eqMmseSoftDemapKernel<float, __half, __half, float, (unsigned int)4, (unsigned short)16383>(channel_eq::_puschRxChEqStatDescr *, channel_eq::_puschRxChEqSoftDemapDynDescr)"
1753225646,283133,32486,1,1,1,32,32,1,30,0.000,0.000,,,,,NVIDIA A100-SXM4-40GB MIG 4g.20gb (0),1,,13,"void convert_kernel<float2, __half2>(tensor_layout_any, T1 *, tensor_layout_any, const T2 *)"
1753510347,10912,32498,2253,1,1,128,1,1,16,0.000,0.000,,,,,NVIDIA A100-SXM4-40GB MIG 4g.20gb (0),1,,13,cupy_copy__float16_float16
1753523530,3200,32507,282,1,1,128,1,1,16,0.000,0.000,,,,,NVIDIA A100-SXM4-40GB MIG 4g.20gb (0),1,,13,cupy_copy__complex64_complex64
1753530026,2112,32516,26,1,1,128,1,1,16,0.000,0.000,,,,,NVIDIA A100-SXM4-40GB MIG 4g.20gb (0),1,,13,cupy_copy__float32_float32
1753533770,4608,32525,103,1,1,128,1,1,16,0.000,0.000,,,,,NVIDIA A100-SXM4-40GB MIG 4g.20gb (0),1,,13,cupy_copy__complex64_complex64
1753542538,12000,32535,1434,1,1,128,1,1,16,0.000,0.000,,,,,NVIDIA A100-SXM4-40GB MIG 4g.20gb (0),1,,13,cupy_copy__complex64_complex64
1753559402,87007,32540,1,1,1,32,32,1,30,0.000,0.000,,,,,NVIDIA A100-SXM4-40GB MIG 4g.20gb (0),1,,13,"void convert_kernel<__half2, float2>(tensor_layout_any, T1 *, tensor_layout_any, const T2 *)"
1753674121,5888,32543,,,,,,,,,,0.094,15912.954,Pinned,Device,NVIDIA A100-SXM4-40GB MIG 4g.20gb (0),1,,13,[CUDA memcpy Host-to-Device]
1753684073,597208,32544,,,,,,,,,,456.561,764283.851,Device,,NVIDIA A100-SXM4-40GB MIG 4g.20gb (0),1,,13,[CUDA memset]
1754286881,146366,32549,,,,,,,,,,1.235,8437.137,Pinned,Device,NVIDIA A100-SXM4-40GB MIG 4g.20gb (0),1,,13,[CUDA memcpy Host-to-Device]
1754444831,33152,32550,,,,,,,,,,0.197,5930.484,Pinned,Device,NVIDIA A100-SXM4-40GB MIG 4g.20gb (0),1,,13,[CUDA memcpy Host-to-Device]
1754495678,8352,32551,69,4,1,48,1,1,76,0.002,0.000,,,,,NVIDIA A100-SXM4-40GB MIG 4g.20gb (0),1,,13,"void ch_est::windowedChEstPreNoDftSOfdmKernel<float, __half, float, (unsigned int)2, (unsigned int)1, (unsigned short)4>(ch_est::puschRxChEstStatDescr_t *, ch_est::puschRxChEstDynDescr_t *)"
1754512734,6400,32552,137,2,1,24,2,1,44,0.001,0.001,,,,,NVIDIA A100-SXM4-40GB MIG 4g.20gb (0),1,,13,"void ch_est::chEstFilterNoDftSOfdmDispatchKernel<float, __half, float, (unsigned int)2>(ch_est::puschRxChEstStatDescr_t *, ch_est::puschRxChEstDynDescr_t *)"
1754528830,4768,32553,137,2,1,24,2,1,44,0.001,0.001,,,,,NVIDIA A100-SXM4-40GB MIG 4g.20gb (0),1,,13,"void ch_est::chEstFilterNoDftSOfdmDispatchKernel<float, __half, float, (unsigned int)2>(ch_est::puschRxChEstStatDescr_t *, ch_est::puschRxChEstDynDescr_t *)"
1754543646,2592,32564,103,1,1,128,1,1,16,0.000,0.000,,,,,NVIDIA A100-SXM4-40GB MIG 4g.20gb (0),1,,13,cupy_copy__complex64_complex64
1754551646,12608,32574,1434,1,1,128,1,1,16,0.000,0.000,,,,,NVIDIA A100-SXM4-40GB MIG 4g.20gb (0),1,,13,cupy_copy__complex64_complex64
1754580189,2688,32581,103,1,1,128,1,1,16,0.000,0.000,,,,,NVIDIA A100-SXM4-40GB MIG 4g.20gb (0),1,,13,cupy_copy__complex64_complex64
1754595837,82303,32588,1,1,1,32,32,1,30,0.000,0.000,,,,,NVIDIA A100-SXM4-40GB MIG 4g.20gb (0),1,,13,"void convert_kernel<__half2, float2>(tensor_layout_any, T1 *, tensor_layout_any, const T2 *)"
1754709404,18880,32591,,,,,,,,,,0.094,4962.702,Pinned,Device,NVIDIA A100-SXM4-40GB MIG 4g.20gb (0),1,,13,[CUDA memcpy Host-to-Device]
1754741371,46336,32592,,,,,,,,,,35.810,772813.884,Device,,NVIDIA A100-SXM4-40GB MIG 4g.20gb (0),1,,13,[CUDA memset]
1754794747,10336,32594,,,,,,,,,,0.000,7.740,Pinned,Device,NVIDIA A100-SXM4-40GB MIG 4g.20gb (0),1,,13,[CUDA memcpy Host-to-Device]
1754815962,26528,32595,,,,,,,,,,0.197,7411.335,Pinned,Device,NVIDIA A100-SXM4-40GB MIG 4g.20gb (0),1,,13,[CUDA memcpy Host-to-Device]
1754857562,10144,32596,273,1,1,48,1,1,40,0.000,0.001,,,,,NVIDIA A100-SXM4-40GB MIG 4g.20gb (0),1,,13,"void pusch_noise_intf_est::noiseIntfEstNoDftSOfdmKernel<float, __half, float, float, (unsigned int)2, (unsigned int)1, (unsigned char)4, (unsigned char)4>(pusch_noise_intf_est::puschRxNoiseIntfEstDynDescr)"
1754880794,2752,32607,35,1,1,128,1,1,16,0.000,0.000,,,,,NVIDIA A100-SXM4-40GB MIG 4g.20gb (0),1,,13,cupy_copy__complex64_complex64
1754891802,2144,32616,1,1,1,1,1,1,18,0.000,0.000,,,,,NVIDIA A100-SXM4-40GB MIG 4g.20gb (0),1,,13,cupy_copy__float32_float32
1754900953,5920,32622,,,,,,,,,,0.000,0.676,Device,Pageable,NVIDIA A100-SXM4-40GB MIG 4g.20gb (0),1,,7,[CUDA memcpy Device-to-Host]
1754975704,12800,32633,1434,1,1,128,1,1,16,0.000,0.000,,,,,NVIDIA A100-SXM4-40GB MIG 4g.20gb (0),1,,13,cupy_copy__complex64_complex64
1755005592,3360,32640,103,1,1,128,1,1,16,0.000,0.000,,,,,NVIDIA A100-SXM4-40GB MIG 4g.20gb (0),1,,13,cupy_copy__complex64_complex64
1755029400,2336,32647,35,1,1,128,1,1,16,0.000,0.000,,,,,NVIDIA A100-SXM4-40GB MIG 4g.20gb (0),1,,13,cupy_copy__complex64_complex64
1755046712,1888,32654,1,1,1,1,1,1,18,0.000,0.000,,,,,NVIDIA A100-SXM4-40GB MIG 4g.20gb (0),1,,13,cupy_copy__float32_float32
1755174998,87039,32665,1,1,1,32,32,1,30,0.000,0.000,,,,,NVIDIA A100-SXM4-40GB MIG 4g.20gb (0),1,,13,"void convert_kernel<__half2, float2>(tensor_layout_any, T1 *, tensor_layout_any, const T2 *)"
1755289653,5696,32668,,,,,,,,,,0.094,16449.363,Pinned,Device,NVIDIA A100-SXM4-40GB MIG 4g.20gb (0),1,,13,[CUDA memcpy Host-to-Device]
1755305716,3328,32669,,,,,,,,,,1.547,464729.580,Device,,NVIDIA A100-SXM4-40GB MIG 4g.20gb (0),1,,13,[CUDA memset]
1755311028,3264,32674,,,,,,,,,,0.031,9588.218,Pinned,Device,NVIDIA A100-SXM4-40GB MIG 4g.20gb (0),1,,13,[CUDA memcpy Host-to-Device]
1755316852,9952,32675,,,,,,,,,,0.197,19755.565,Pinned,Device,NVIDIA A100-SXM4-40GB MIG 4g.20gb (0),1,,13,[CUDA memcpy Host-to-Device]
1755332884,8416,32676,273,1,1,8,4,1,39,0.002,0.000,,,,,NVIDIA A100-SXM4-40GB MIG 4g.20gb (0),1,,13,"void channel_eq::eqMmseCoefCompLowMimoKernel<float, float, float, (unsigned int)4, (unsigned int)1, (unsigned int)4>(const channel_eq::_puschRxChEqStatDescr *, channel_eq::_puschRxChEqCoefCompDynDescr)"
1755342484,5344,32677,273,1,1,12,11,1,51,0.002,0.000,,,,,NVIDIA A100-SXM4-40GB MIG 4g.20gb (0),1,,13,"void channel_eq::eqMmseSoftDemapKernel<float, __half, __half, float, (unsigned int)4, (unsigned short)16383>(channel_eq::_puschRxChEqStatDescr *, channel_eq::_puschRxChEqSoftDemapDynDescr)"
1755350868,282940,32678,1,1,1,32,32,1,30,0.000,0.000,,,,,NVIDIA A100-SXM4-40GB MIG 4g.20gb (0),1,,13,"void convert_kernel<float2, __half2>(tensor_layout_any, T1 *, tensor_layout_any, const T2 *)"
1755634992,11136,32690,2253,1,1,128,1,1,16,0.000,0.000,,,,,NVIDIA A100-SXM4-40GB MIG 4g.20gb (0),1,,13,cupy_copy__float16_float16
1755649360,3008,32699,282,1,1,128,1,1,16,0.000,0.000,,,,,NVIDIA A100-SXM4-40GB MIG 4g.20gb (0),1,,13,cupy_copy__complex64_complex64
1755654640,2112,32708,26,1,1,128,1,1,16,0.000,0.000,,,,,NVIDIA A100-SXM4-40GB MIG 4g.20gb (0),1,,13,cupy_copy__float32_float32
1755658160,4544,32717,103,1,1,128,1,1,16,0.000,0.000,,,,,NVIDIA A100-SXM4-40GB MIG 4g.20gb (0),1,,13,cupy_copy__complex64_complex64
1755663856,11904,32727,1434,1,1,128,1,1,16,0.000,0.000,,,,,NVIDIA A100-SXM4-40GB MIG 4g.20gb (0),1,,13,cupy_copy__complex64_complex64
1755679216,87167,32732,1,1,1,32,32,1,30,0.000,0.000,,,,,NVIDIA A100-SXM4-40GB MIG 4g.20gb (0),1,,13,"void convert_kernel<__half2, float2>(tensor_layout_any, T1 *, tensor_layout_any, const T2 *)"
1755793390,5536,32735,,,,,,,,,,0.094,16924.777,Pinned,Device,NVIDIA A100-SXM4-40GB MIG 4g.20gb (0),1,,13,[CUDA memcpy Host-to-Device]
1755803438,597913,32736,,,,,,,,,,456.561,763370.728,Device,,NVIDIA A100-SXM4-40GB MIG 4g.20gb (0),1,,13,[CUDA memset]
1756408583,133790,32741,,,,,,,,,,1.235,9229.971,Pinned,Device,NVIDIA A100-SXM4-40GB MIG 4g.20gb (0),1,,13,[CUDA memcpy Host-to-Device]
1756555621,40639,32742,,,,,,,,,,0.197,4837.736,Pinned,Device,NVIDIA A100-SXM4-40GB MIG 4g.20gb (0),1,,13,[CUDA memcpy Host-to-Device]
1756629796,8224,32743,69,4,1,48,1,1,76,0.002,0.000,,,,,NVIDIA A100-SXM4-40GB MIG 4g.20gb (0),1,,13,"void ch_est::windowedChEstPreNoDftSOfdmKernel<float, __half, float, (unsigned int)2, (unsigned int)1, (unsigned short)4>(ch_est::puschRxChEstStatDescr_t *, ch_est::puschRxChEstDynDescr_t *)"
1756649156,6976,32744,137,2,1,24,2,1,44,0.001,0.001,,,,,NVIDIA A100-SXM4-40GB MIG 4g.20gb (0),1,,13,"void ch_est::chEstFilterNoDftSOfdmDispatchKernel<float, __half, float, (unsigned int)2>(ch_est::puschRxChEstStatDescr_t *, ch_est::puschRxChEstDynDescr_t *)"
1756667044,4703,32745,137,2,1,24,2,1,44,0.001,0.001,,,,,NVIDIA A100-SXM4-40GB MIG 4g.20gb (0),1,,13,"void ch_est::chEstFilterNoDftSOfdmDispatchKernel<float, __half, float, (unsigned int)2>(ch_est::puschRxChEstStatDescr_t *, ch_est::puschRxChEstDynDescr_t *)"
1756684291,2592,32756,103,1,1,128,1,1,16,0.000,0.000,,,,,NVIDIA A100-SXM4-40GB MIG 4g.20gb (0),1,,13,cupy_copy__complex64_complex64
1756700515,12608,32766,1434,1,1,128,1,1,16,0.000,0.000,,,,,NVIDIA A100-SXM4-40GB MIG 4g.20gb (0),1,,13,cupy_copy__complex64_complex64
1756719587,2944,32773,103,1,1,128,1,1,16,0.000,0.000,,,,,NVIDIA A100-SXM4-40GB MIG 4g.20gb (0),1,,13,cupy_copy__complex64_complex64
1756738531,90943,32780,1,1,1,32,32,1,30,0.000,0.000,,,,,NVIDIA A100-SXM4-40GB MIG 4g.20gb (0),1,,13,"void convert_kernel<__half2, float2>(tensor_layout_any, T1 *, tensor_layout_any, const T2 *)"
1756864577,19872,32783,,,,,,,,,,0.094,4714.970,Pinned,Device,NVIDIA A100-SXM4-40GB MIG 4g.20gb (0),1,,13,[CUDA memcpy Host-to-Device]
1756898625,47391,32784,,,,,,,,,,35.810,755625.122,Device,,NVIDIA A100-SXM4-40GB MIG 4g.20gb (0),1,,13,[CUDA memset]
1756951072,9376,32786,,,,,,,,,,0.000,8.532,Pinned,Device,NVIDIA A100-SXM4-40GB MIG 4g.20gb (0),1,,13,[CUDA memcpy Host-to-Device]
1756967712,20352,32787,,,,,,,,,,0.197,9660.334,Pinned,Device,NVIDIA A100-SXM4-40GB MIG 4g.20gb (0),1,,13,[CUDA memcpy Host-to-Device]
1757007295,10880,32788,273,1,1,48,1,1,40,0.000,0.001,,,,,NVIDIA A100-SXM4-40GB MIG 4g.20gb (0),1,,13,"void pusch_noise_intf_est::noiseIntfEstNoDftSOfdmKernel<float, __half, float, float, (unsigned int)2, (unsigned int)1, (unsigned char)4, (unsigned char)4>(pusch_noise_intf_est::puschRxNoiseIntfEstDynDescr)"
1757031999,2624,32799,35,1,1,128,1,1,16,0.000,0.000,,,,,NVIDIA A100-SXM4-40GB MIG 4g.20gb (0),1,,13,cupy_copy__complex64_complex64
1757043967,1696,32808,1,1,1,1,1,1,18,0.000,0.000,,,,,NVIDIA A100-SXM4-40GB MIG 4g.20gb (0),1,,13,cupy_copy__float32_float32
1757049279,6048,32814,,,,,,,,,,0.000,0.661,Device,Pageable,NVIDIA A100-SXM4-40GB MIG 4g.20gb (0),1,,7,[CUDA memcpy Device-to-Host]
1757132126,12928,32825,1434,1,1,128,1,1,16,0.000,0.000,,,,,NVIDIA A100-SXM4-40GB MIG 4g.20gb (0),1,,13,cupy_copy__complex64_complex64
1757165181,3392,32832,103,1,1,128,1,1,16,0.000,0.000,,,,,NVIDIA A100-SXM4-40GB MIG 4g.20gb (0),1,,13,cupy_copy__complex64_complex64
1757181885,2336,32839,35,1,1,128,1,1,16,0.000,0.000,,,,,NVIDIA A100-SXM4-40GB MIG 4g.20gb (0),1,,13,cupy_copy__complex64_complex64
1757195901,1792,32846,1,1,1,1,1,1,18,0.000,0.000,,,,,NVIDIA A100-SXM4-40GB MIG 4g.20gb (0),1,,13,cupy_copy__float32_float32
1757317147,83391,32857,1,1,1,32,32,1,30,0.000,0.000,,,,,NVIDIA A100-SXM4-40GB MIG 4g.20gb (0),1,,13,"void convert_kernel<__half2, float2>(tensor_layout_any, T1 *, tensor_layout_any, const T2 *)"
1757428506,5376,32860,,,,,,,,,,0.094,17428.487,Pinned,Device,NVIDIA A100-SXM4-40GB MIG 4g.20gb (0),1,,13,[CUDA memcpy Host-to-Device]
1757442298,3680,32861,,,,,,,,,,1.547,420278.059,Device,,NVIDIA A100-SXM4-40GB MIG 4g.20gb (0),1,,13,[CUDA memset]
1757449594,3360,32866,,,,,,,,,,0.031,9314.284,Pinned,Device,NVIDIA A100-SXM4-40GB MIG 4g.20gb (0),1,,13,[CUDA memcpy Host-to-Device]
1757455866,9344,32867,,,,,,,,,,0.197,21040.988,Pinned,Device,NVIDIA A100-SXM4-40GB MIG 4g.20gb (0),1,,13,[CUDA memcpy Host-to-Device]
1757470746,6592,32868,273,1,1,8,4,1,39,0.002,0.000,,,,,NVIDIA A100-SXM4-40GB MIG 4g.20gb (0),1,,13,"void channel_eq::eqMmseCoefCompLowMimoKernel<float, float, float, (unsigned int)4, (unsigned int)1, (unsigned int)4>(const channel_eq::_puschRxChEqStatDescr *, channel_eq::_puschRxChEqCoefCompDynDescr)"
1757478361,8224,32869,273,1,1,12,11,1,51,0.002,0.000,,,,,NVIDIA A100-SXM4-40GB MIG 4g.20gb (0),1,,13,"void channel_eq::eqMmseSoftDemapKernel<float, __half, __half, float, (unsigned int)4, (unsigned short)16383>(channel_eq::_puschRxChEqStatDescr *, channel_eq::_puschRxChEqSoftDemapDynDescr)"
1757489337,282653,32870,1,1,1,32,32,1,30,0.000,0.000,,,,,NVIDIA A100-SXM4-40GB MIG 4g.20gb (0),1,,13,"void convert_kernel<float2, __half2>(tensor_layout_any, T1 *, tensor_layout_any, const T2 *)"
1757775510,10912,32882,2253,1,1,128,1,1,16,0.000,0.000,,,,,NVIDIA A100-SXM4-40GB MIG 4g.20gb (0),1,,13,cupy_copy__float16_float16
1757789654,3616,32891,282,1,1,128,1,1,16,0.000,0.000,,,,,NVIDIA A100-SXM4-40GB MIG 4g.20gb (0),1,,13,cupy_copy__complex64_complex64
1757794198,2048,32900,26,1,1,128,1,1,16,0.000,0.000,,,,,NVIDIA A100-SXM4-40GB MIG 4g.20gb (0),1,,13,cupy_copy__float32_float32
1757799318,2911,32909,103,1,1,128,1,1,16,0.000,0.000,,,,,NVIDIA A100-SXM4-40GB MIG 4g.20gb (0),1,,13,cupy_copy__complex64_complex64
1757803189,11936,32919,1434,1,1,128,1,1,16,0.000,0.000,,,,,NVIDIA A100-SXM4-40GB MIG 4g.20gb (0),1,,13,cupy_copy__complex64_complex64
1757820885,87327,32924,1,1,1,32,32,1,30,0.000,0.000,,,,,NVIDIA A100-SXM4-40GB MIG 4g.20gb (0),1,,13,"void convert_kernel<__half2, float2>(tensor_layout_any, T1 *, tensor_layout_any, const T2 *)"
1757935284,6112,32927,,,,,,,,,,0.094,15329.790,Pinned,Device,NVIDIA A100-SXM4-40GB MIG 4g.20gb (0),1,,13,[CUDA memcpy Host-to-Device]
1757947156,599864,32928,,,,,,,,,,456.561,761087.920,Device,,NVIDIA A100-SXM4-40GB MIG 4g.20gb (0),1,,13,[CUDA memset]
1758549516,116287,32933,,,,,,,,,,1.235,10619.283,Pinned,Device,NVIDIA A100-SXM4-40GB MIG 4g.20gb (0),1,,13,[CUDA memcpy Host-to-Device]
1758669067,17728,32934,,,,,,,,,,0.197,11090.067,Pinned,Device,NVIDIA A100-SXM4-40GB MIG 4g.20gb (0),1,,13,[CUDA memcpy Host-to-Device]
1758700362,8448,32935,69,4,1,48,1,1,76,0.002,0.000,,,,,NVIDIA A100-SXM4-40GB MIG 4g.20gb (0),1,,13,"void ch_est::windowedChEstPreNoDftSOfdmKernel<float, __half, float, (unsigned int)2, (unsigned int)1, (unsigned short)4>(ch_est::puschRxChEstStatDescr_t *, ch_est::puschRxChEstDynDescr_t *)"
1758716490,7008,32936,137,2,1,24,2,1,44,0.001,0.001,,,,,NVIDIA A100-SXM4-40GB MIG 4g.20gb (0),1,,13,"void ch_est::chEstFilterNoDftSOfdmDispatchKernel<float, __half, float, (unsigned int)2>(ch_est::puschRxChEstStatDescr_t *, ch_est::puschRxChEstDynDescr_t *)"
1758731530,4960,32937,137,2,1,24,2,1,44,0.001,0.001,,,,,NVIDIA A100-SXM4-40GB MIG 4g.20gb (0),1,,13,"void ch_est::chEstFilterNoDftSOfdmDispatchKernel<float, __half, float, (unsigned int)2>(ch_est::puschRxChEstStatDescr_t *, ch_est::puschRxChEstDynDescr_t *)"
1758741034,3200,32948,103,1,1,128,1,1,16,0.000,0.000,,,,,NVIDIA A100-SXM4-40GB MIG 4g.20gb (0),1,,13,cupy_copy__complex64_complex64
1758750154,12512,32958,1434,1,1,128,1,1,16,0.000,0.000,,,,,NVIDIA A100-SXM4-40GB MIG 4g.20gb (0),1,,13,cupy_copy__complex64_complex64
1758765866,2879,32965,103,1,1,128,1,1,16,0.000,0.000,,,,,NVIDIA A100-SXM4-40GB MIG 4g.20gb (0),1,,13,cupy_copy__complex64_complex64
1758775561,87455,32972,1,1,1,32,32,1,30,0.000,0.000,,,,,NVIDIA A100-SXM4-40GB MIG 4g.20gb (0),1,,13,"void convert_kernel<__half2, float2>(tensor_layout_any, T1 *, tensor_layout_any, const T2 *)"
1758892136,13056,32975,,,,,,,,,,0.094,7176.458,Pinned,Device,NVIDIA A100-SXM4-40GB MIG 4g.20gb (0),1,,13,[CUDA memcpy Host-to-Device]
1758918888,47391,32976,,,,,,,,,,35.810,755625.122,Device,,NVIDIA A100-SXM4-40GB MIG 4g.20gb (0),1,,13,[CUDA memset]
1758969799,8960,32978,,,,,,,,,,0.000,8.929,Pinned,Device,NVIDIA A100-SXM4-40GB MIG 4g.20gb (0),1,,13,[CUDA memcpy Host-to-Device]
1758982407,20320,32979,,,,,,,,,,0.197,9675.473,Pinned,Device,NVIDIA A100-SXM4-40GB MIG 4g.20gb (0),1,,13,[CUDA memcpy Host-to-Device]
1759012998,9472,32980,273,1,1,48,1,1,40,0.000,0.001,,,,,NVIDIA A100-SXM4-40GB MIG 4g.20gb (0),1,,13,"void pusch_noise_intf_est::noiseIntfEstNoDftSOfdmKernel<float, __half, float, float, (unsigned int)2, (unsigned int)1, (unsigned char)4, (unsigned char)4>(pusch_noise_intf_est::puschRxNoiseIntfEstDynDescr)"
1759031718,2944,32991,35,1,1,128,1,1,16,0.000,0.000,,,,,NVIDIA A100-SXM4-40GB MIG 4g.20gb (0),1,,13,cupy_copy__complex64_complex64
1759041030,1728,33000,1,1,1,1,1,1,18,0.000,0.000,,,,,NVIDIA A100-SXM4-40GB MIG 4g.20gb (0),1,,13,cupy_copy__float32_float32
1759050598,6592,33006,,,,,,,,,,0.000,0.607,Device,Pageable,NVIDIA A100-SXM4-40GB MIG 4g.20gb (0),1,,7,[CUDA memcpy Device-to-Host]
1759129605,12992,33017,1434,1,1,128,1,1,16,0.000,0.000,,,,,NVIDIA A100-SXM4-40GB MIG 4g.20gb (0),1,,13,cupy_copy__complex64_complex64
1759155909,3392,33024,103,1,1,128,1,1,16,0.000,0.000,,,,,NVIDIA A100-SXM4-40GB MIG 4g.20gb (0),1,,13,cupy_copy__complex64_complex64
1759177060,2752,33031,35,1,1,128,1,1,16,0.000,0.000,,,,,NVIDIA A100-SXM4-40GB MIG 4g.20gb (0),1,,13,cupy_copy__complex64_complex64
1759191652,1984,33038,1,1,1,1,1,1,18,0.000,0.000,,,,,NVIDIA A100-SXM4-40GB MIG 4g.20gb (0),1,,13,cupy_copy__float32_float32
1759318467,87231,33049,1,1,1,32,32,1,30,0.000,0.000,,,,,NVIDIA A100-SXM4-40GB MIG 4g.20gb (0),1,,13,"void convert_kernel<__half2, float2>(tensor_layout_any, T1 *, tensor_layout_any, const T2 *)"
1759433153,5472,33052,,,,,,,,,,0.094,17122.757,Pinned,Device,NVIDIA A100-SXM4-40GB MIG 4g.20gb (0),1,,13,[CUDA memcpy Host-to-Device]
1759448193,3360,33053,,,,,,,,,,1.547,460304.688,Device,,NVIDIA A100-SXM4-40GB MIG 4g.20gb (0),1,,13,[CUDA memset]
1759454369,3712,33058,,,,,,,,,,0.031,8431.017,Pinned,Device,NVIDIA A100-SXM4-40GB MIG 4g.20gb (0),1,,13,[CUDA memcpy Host-to-Device]
1759460737,10208,33059,,,,,,,,,,0.197,19260.113,Pinned,Device,NVIDIA A100-SXM4-40GB MIG 4g.20gb (0),1,,13,[CUDA memcpy Host-to-Device]
1759475041,6400,33060,273,1,1,8,4,1,39,0.002,0.000,,,,,NVIDIA A100-SXM4-40GB MIG 4g.20gb (0),1,,13,"void channel_eq::eqMmseCoefCompLowMimoKernel<float, float, float, (unsigned int)4, (unsigned int)1, (unsigned int)4>(const channel_eq::_puschRxChEqStatDescr *, channel_eq::_puschRxChEqCoefCompDynDescr)"
1759482593,7712,33061,273,1,1,12,11,1,51,0.002,0.000,,,,,NVIDIA A100-SXM4-40GB MIG 4g.20gb (0),1,,13,"void channel_eq::eqMmseSoftDemapKernel<float, __half, __half, float, (unsigned int)4, (unsigned short)16383>(channel_eq::_puschRxChEqStatDescr *, channel_eq::_puschRxChEqSoftDemapDynDescr)"
1759493569,282556,33062,1,1,1,32,32,1,30,0.000,0.000,,,,,NVIDIA A100-SXM4-40GB MIG 4g.20gb (0),1,,13,"void convert_kernel<float2, __half2>(tensor_layout_any, T1 *, tensor_layout_any, const T2 *)"
1759777309,10944,33074,2253,1,1,128,1,1,16,0.000,0.000,,,,,NVIDIA A100-SXM4-40GB MIG 4g.20gb (0),1,,13,cupy_copy__float16_float16
1759792573,2816,33083,282,1,1,128,1,1,16,0.000,0.000,,,,,NVIDIA A100-SXM4-40GB MIG 4g.20gb (0),1,,13,cupy_copy__complex64_complex64
1759798493,2272,33092,26,1,1,128,1,1,16,0.000,0.000,,,,,NVIDIA A100-SXM4-40GB MIG 4g.20gb (0),1,,13,cupy_copy__float32_float32
1759801917,2912,33101,103,1,1,128,1,1,16,0.000,0.000,,,,,NVIDIA A100-SXM4-40GB MIG 4g.20gb (0),1,,13,cupy_copy__complex64_complex64
1759807101,11999,33111,1434,1,1,128,1,1,16,0.000,0.000,,,,,NVIDIA A100-SXM4-40GB MIG 4g.20gb (0),1,,13,cupy_copy__complex64_complex64
1759822524,81727,33116,1,1,1,32,32,1,30,0.000,0.000,,,,,NVIDIA A100-SXM4-40GB MIG 4g.20gb (0),1,,13,"void convert_kernel<__half2, float2>(tensor_layout_any, T1 *, tensor_layout_any, const T2 *)"
1759930843,5568,33119,,,,,,,,,,0.094,16827.521,Pinned,Device,NVIDIA A100-SXM4-40GB MIG 4g.20gb (0),1,,13,[CUDA memcpy Host-to-Device]
1759944187,598841,33120,,,,,,,,,,456.561,762001.043,Device,,NVIDIA A100-SXM4-40GB MIG 4g.20gb (0),1,,13,[CUDA memset]
1760545395,136511,33125,,,,,,,,,,1.235,9045.965,Pinned,Device,NVIDIA A100-SXM4-40GB MIG 4g.20gb (0),1,,13,[CUDA memcpy Host-to-Device]
1760691026,31711,33126,,,,,,,,,,0.197,6199.837,Pinned,Device,NVIDIA A100-SXM4-40GB MIG 4g.20gb (0),1,,13,[CUDA memcpy Host-to-Device]
1760745425,8224,33127,69,4,1,48,1,1,76,0.002,0.000,,,,,NVIDIA A100-SXM4-40GB MIG 4g.20gb (0),1,,13,"void ch_est::windowedChEstPreNoDftSOfdmKernel<float, __half, float, (unsigned int)2, (unsigned int)1, (unsigned short)4>(ch_est::puschRxChEstStatDescr_t *, ch_est::puschRxChEstDynDescr_t *)"
1760761681,6976,33128,137,2,1,24,2,1,44,0.001,0.001,,,,,NVIDIA A100-SXM4-40GB MIG 4g.20gb (0),1,,13,"void ch_est::chEstFilterNoDftSOfdmDispatchKernel<float, __half, float, (unsigned int)2>(ch_est::puschRxChEstStatDescr_t *, ch_est::puschRxChEstDynDescr_t *)"
1760774609,5024,33129,137,2,1,24,2,1,44,0.001,0.001,,,,,NVIDIA A100-SXM4-40GB MIG 4g.20gb (0),1,,13,"void ch_est::chEstFilterNoDftSOfdmDispatchKernel<float, __half, float, (unsigned int)2>(ch_est::puschRxChEstStatDescr_t *, ch_est::puschRxChEstDynDescr_t *)"
1760787280,2528,33140,103,1,1,128,1,1,16,0.000,0.000,,,,,NVIDIA A100-SXM4-40GB MIG 4g.20gb (0),1,,13,cupy_copy__complex64_complex64
1760800048,12480,33150,1434,1,1,128,1,1,16,0.000,0.000,,,,,NVIDIA A100-SXM4-40GB MIG 4g.20gb (0),1,,13,cupy_copy__complex64_complex64
1760824112,2592,33157,103,1,1,128,1,1,16,0.000,0.000,,,,,NVIDIA A100-SXM4-40GB MIG 4g.20gb (0),1,,13,cupy_copy__complex64_complex64
1760836112,84191,33164,1,1,1,32,32,1,30,0.000,0.000,,,,,NVIDIA A100-SXM4-40GB MIG 4g.20gb (0),1,,13,"void convert_kernel<__half2, float2>(tensor_layout_any, T1 *, tensor_layout_any, const T2 *)"
1760947567,6335,33167,,,,,,,,,,0.094,14790.195,Pinned,Device,NVIDIA A100-SXM4-40GB MIG 4g.20gb (0),1,,13,[CUDA memcpy Host-to-Device]
1760961838,46592,33168,,,,,,,,,,35.810,768552.503,Device,,NVIDIA A100-SXM4-40GB MIG 4g.20gb (0),1,,13,[CUDA memset]
1761014158,2304,33170,,,,,,,,,,0.000,34.722,Pinned,Device,NVIDIA A100-SXM4-40GB MIG 4g.20gb (0),1,,13,[CUDA memcpy Host-to-Device]
1761021870,13567,33171,,,,,,,,,,0.197,14491.582,Pinned,Device,NVIDIA A100-SXM4-40GB MIG 4g.20gb (0),1,,13,[CUDA memcpy Host-to-Device]
1761043789,10304,33172,273,1,1,48,1,1,40,0.000,0.001,,,,,NVIDIA A100-SXM4-40GB MIG 4g.20gb (0),1,,13,"void pusch_noise_intf_est::noiseIntfEstNoDftSOfdmKernel<float, __half, float, float, (unsigned int)2, (unsigned int)1, (unsigned char)4, (unsigned char)4>(pusch_noise_intf_est::puschRxNoiseIntfEstDynDescr)"
1761060077,3008,33183,35,1,1,128,1,1,16,0.000,0.000,,,,,NVIDIA A100-SXM4-40GB MIG 4g.20gb (0),1,,13,cupy_copy__complex64_complex64
1761069645,2048,33192,1,1,1,1,1,1,18,0.000,0.000,,,,,NVIDIA A100-SXM4-40GB MIG 4g.20gb (0),1,,13,cupy_copy__float32_float32
1761099213,1760,33198,,,,,,,,,,0.000,2.273,Device,Pageable,NVIDIA A100-SXM4-40GB MIG 4g.20gb (0),1,,7,[CUDA memcpy Device-to-Host]
1761161452,12960,33209,1434,1,1,128,1,1,16,0.000,0.000,,,,,NVIDIA A100-SXM4-40GB MIG 4g.20gb (0),1,,13,cupy_copy__complex64_complex64
1761185932,3040,33216,103,1,1,128,1,1,16,0.000,0.000,,,,,NVIDIA A100-SXM4-40GB MIG 4g.20gb (0),1,,13,cupy_copy__complex64_complex64
1761206923,2624,33223,35,1,1,128,1,1,16,0.000,0.000,,,,,NVIDIA A100-SXM4-40GB MIG 4g.20gb (0),1,,13,cupy_copy__complex64_complex64
1761224491,1760,33230,1,1,1,1,1,1,18,0.000,0.000,,,,,NVIDIA A100-SXM4-40GB MIG 4g.20gb (0),1,,13,cupy_copy__float32_float32
1761356265,82303,33241,1,1,1,32,32,1,30,0.000,0.000,,,,,NVIDIA A100-SXM4-40GB MIG 4g.20gb (0),1,,13,"void convert_kernel<__half2, float2>(tensor_layout_any, T1 *, tensor_layout_any, const T2 *)"
1761466248,5888,33244,,,,,,,,,,0.094,15912.954,Pinned,Device,NVIDIA A100-SXM4-40GB MIG 4g.20gb (0),1,,13,[CUDA memcpy Host-to-Device]
1761481000,3264,33245,,,,,,,,,,1.547,473842.288,Device,,NVIDIA A100-SXM4-40GB MIG 4g.20gb (0),1,,13,[CUDA memset]
1761487880,3456,33250,,,,,,,,,,0.031,9055.529,Pinned,Device,NVIDIA A100-SXM4-40GB MIG 4g.20gb (0),1,,13,[CUDA memcpy Host-to-Device]
1761493768,9408,33251,,,,,,,,,,0.197,20897.858,Pinned,Device,NVIDIA A100-SXM4-40GB MIG 4g.20gb (0),1,,13,[CUDA memcpy Host-to-Device]
1761509128,6111,33252,273,1,1,8,4,1,39,0.002,0.000,,,,,NVIDIA A100-SXM4-40GB MIG 4g.20gb (0),1,,13,"void channel_eq::eqMmseCoefCompLowMimoKernel<float, float, float, (unsigned int)4, (unsigned int)1, (unsigned int)4>(const channel_eq::_puschRxChEqStatDescr *, channel_eq::_puschRxChEqCoefCompDynDescr)"
1761516167,5888,33253,273,1,1,12,11,1,51,0.002,0.000,,,,,NVIDIA A100-SXM4-40GB MIG 4g.20gb (0),1,,13,"void channel_eq::eqMmseSoftDemapKernel<float, __half, __half, float, (unsigned int)4, (unsigned short)16383>(channel_eq::_puschRxChEqStatDescr *, channel_eq::_puschRxChEqSoftDemapDynDescr)"
1761523175,282557,33254,1,1,1,32,32,1,30,0.000,0.000,,,,,NVIDIA A100-SXM4-40GB MIG 4g.20gb (0),1,,13,"void convert_kernel<float2, __half2>(tensor_layout_any, T1 *, tensor_layout_any, const T2 *)"
1761807460,10944,33266,2253,1,1,128,1,1,16,0.000,0.000,,,,,NVIDIA A100-SXM4-40GB MIG 4g.20gb (0),1,,13,cupy_copy__float16_float16
1761819780,3456,33275,282,1,1,128,1,1,16,0.000,0.000,,,,,NVIDIA A100-SXM4-40GB MIG 4g.20gb (0),1,,13,cupy_copy__complex64_complex64
1761824324,2016,33284,26,1,1,128,1,1,16,0.000,0.000,,,,,NVIDIA A100-SXM4-40GB MIG 4g.20gb (0),1,,13,cupy_copy__float32_float32
1761830564,2880,33293,103,1,1,128,1,1,16,0.000,0.000,,,,,NVIDIA A100-SXM4-40GB MIG 4g.20gb (0),1,,13,cupy_copy__complex64_complex64
1761836995,12384,33303,1434,1,1,128,1,1,16,0.000,0.000,,,,,NVIDIA A100-SXM4-40GB MIG 4g.20gb (0),1,,13,cupy_copy__complex64_complex64
1761854243,81759,33308,1,1,1,32,32,1,30,0.000,0.000,,,,,NVIDIA A100-SXM4-40GB MIG 4g.20gb (0),1,,13,"void convert_kernel<__half2, float2>(tensor_layout_any, T1 *, tensor_layout_any, const T2 *)"
1761963202,5696,33311,,,,,,,,,,0.094,16449.363,Pinned,Device,NVIDIA A100-SXM4-40GB MIG 4g.20gb (0),1,,13,[CUDA memcpy Host-to-Device]
1761973730,597784,33312,,,,,,,,,,456.561,763370.728,Device,,NVIDIA A100-SXM4-40GB MIG 4g.20gb (0),1,,13,[CUDA memset]
1762581306,130783,33317,,,,,,,,,,1.235,9442.382,Pinned,Device,NVIDIA A100-SXM4-40GB MIG 4g.20gb (0),1,,13,[CUDA memcpy Host-to-Device]
1762721689,42239,33318,,,,,,,,,,0.197,4654.498,Pinned,Device,NVIDIA A100-SXM4-40GB MIG 4g.20gb (0),1,,13,[CUDA memcpy Host-to-Device]
1762792024,8608,33319,69,4,1,48,1,1,76,0.002,0.000,,,,,NVIDIA A100-SXM4-40GB MIG 4g.20gb (0),1,,13,"void ch_est::windowedChEstPreNoDftSOfdmKernel<float, __half, float, (unsigned int)2, (unsigned int)1, (unsigned short)4>(ch_est::puschRxChEstStatDescr_t *, ch_est::puschRxChEstDynDescr_t *)"
1762811383,6592,33320,137,2,1,24,2,1,44,0.001,0.001,,,,,NVIDIA A100-SXM4-40GB MIG 4g.20gb (0),1,,13,"void ch_est::chEstFilterNoDftSOfdmDispatchKernel<float, __half, float, (unsigned int)2>(ch_est::puschRxChEstStatDescr_t *, ch_est::puschRxChEstDynDescr_t *)"
1762828343,4768,33321,137,2,1,24,2,1,44,0.001,0.001,,,,,NVIDIA A100-SXM4-40GB MIG 4g.20gb (0),1,,13,"void ch_est::chEstFilterNoDftSOfdmDispatchKernel<float, __half, float, (unsigned int)2>(ch_est::puschRxChEstStatDescr_t *, ch_est::puschRxChEstDynDescr_t *)"
1762845303,2656,33332,103,1,1,128,1,1,16,0.000,0.000,,,,,NVIDIA A100-SXM4-40GB MIG 4g.20gb (0),1,,13,cupy_copy__complex64_complex64
1762861431,12416,33342,1434,1,1,128,1,1,16,0.000,0.000,,,,,NVIDIA A100-SXM4-40GB MIG 4g.20gb (0),1,,13,cupy_copy__complex64_complex64
1762881431,2848,33349,103,1,1,128,1,1,16,0.000,0.000,,,,,NVIDIA A100-SXM4-40GB MIG 4g.20gb (0),1,,13,cupy_copy__complex64_complex64
1762907190,89311,33356,1,1,1,32,32,1,30,0.000,0.000,,,,,NVIDIA A100-SXM4-40GB MIG 4g.20gb (0),1,,13,"void convert_kernel<__half2, float2>(tensor_layout_any, T1 *, tensor_layout_any, const T2 *)"
1763029621,19167,33359,,,,,,,,,,0.094,4888.401,Pinned,Device,NVIDIA A100-SXM4-40GB MIG 4g.20gb (0),1,,13,[CUDA memcpy Host-to-Device]
1763062324,47808,33360,,,,,,,,,,35.810,749036.097,Device,,NVIDIA A100-SXM4-40GB MIG 4g.20gb (0),1,,13,[CUDA memset]
1763112756,4864,33362,,,,,,,,,,0.000,16.447,Pinned,Device,NVIDIA A100-SXM4-40GB MIG 4g.20gb (0),1,,13,[CUDA memcpy Host-to-Device]
1763122836,15935,33363,,,,,,,,,,0.197,12337.938,Pinned,Device,NVIDIA A100-SXM4-40GB MIG 4g.20gb (0),1,,13,[CUDA memcpy Host-to-Device]
1763149939,12928,33364,273,1,1,48,1,1,40,0.000,0.001,,,,,NVIDIA A100-SXM4-40GB MIG 4g.20gb (0),1,,13,"void pusch_noise_intf_est::noiseIntfEstNoDftSOfdmKernel<float, __half, float, float, (unsigned int)2, (unsigned int)1, (unsigned char)4, (unsigned char)4>(pusch_noise_intf_est::puschRxNoiseIntfEstDynDescr)"
1763167283,3360,33375,35,1,1,128,1,1,16,0.000,0.000,,,,,NVIDIA A100-SXM4-40GB MIG 4g.20gb (0),1,,13,cupy_copy__complex64_complex64
1763173395,1920,33384,1,1,1,1,1,1,18,0.000,0.000,,,,,NVIDIA A100-SXM4-40GB MIG 4g.20gb (0),1,,13,cupy_copy__float32_float32
1763180819,3232,33390,,,,,,,,,,0.000,1.238,Device,Pageable,NVIDIA A100-SXM4-40GB MIG 4g.20gb (0),1,,7,[CUDA memcpy Device-to-Host]
1763244274,13024,33401,1434,1,1,128,1,1,16,0.000,0.000,,,,,NVIDIA A100-SXM4-40GB MIG 4g.20gb (0),1,,13,cupy_copy__complex64_complex64
1763273618,2944,33408,103,1,1,128,1,1,16,0.000,0.000,,,,,NVIDIA A100-SXM4-40GB MIG 4g.20gb (0),1,,13,cupy_copy__complex64_complex64
1763290545,2464,33415,35,1,1,128,1,1,16,0.000,0.000,,,,,NVIDIA A100-SXM4-40GB MIG 4g.20gb (0),1,,13,cupy_copy__complex64_complex64
1763308849,1792,33422,1,1,1,1,1,1,18,0.000,0.000,,,,,NVIDIA A100-SXM4-40GB MIG 4g.20gb (0),1,,13,cupy_copy__float32_float32
1763441040,83135,33433,1,1,1,32,32,1,30,0.000,0.000,,,,,NVIDIA A100-SXM4-40GB MIG 4g.20gb (0),1,,13,"void convert_kernel<__half2, float2>(tensor_layout_any, T1 *, tensor_layout_any, const T2 *)"
1763551662,5888,33436,,,,,,,,,,0.094,15912.954,Pinned,Device,NVIDIA A100-SXM4-40GB MIG 4g.20gb (0),1,,13,[CUDA memcpy Host-to-Device]
1763566510,3360,33437,,,,,,,,,,1.547,460304.688,Device,,NVIDIA A100-SXM4-40GB MIG 4g.20gb (0),1,,13,[CUDA memset]
1763573358,3680,33442,,,,,,,,,,0.031,8504.344,Pinned,Device,NVIDIA A100-SXM4-40GB MIG 4g.20gb (0),1,,13,[CUDA memcpy Host-to-Device]
1763579502,9632,33443,,,,,,,,,,0.197,20411.843,Pinned,Device,NVIDIA A100-SXM4-40GB MIG 4g.20gb (0),1,,13,[CUDA memcpy Host-to-Device]
1763593294,5952,33444,273,1,1,8,4,1,39,0.002,0.000,,,,,NVIDIA A100-SXM4-40GB MIG 4g.20gb (0),1,,13,"void channel_eq::eqMmseCoefCompLowMimoKernel<float, float, float, (unsigned int)4, (unsigned int)1, (unsigned int)4>(const channel_eq::_puschRxChEqStatDescr *, channel_eq::_puschRxChEqCoefCompDynDescr)"
1763602062,7488,33445,273,1,1,12,11,1,51,0.002,0.000,,,,,NVIDIA A100-SXM4-40GB MIG 4g.20gb (0),1,,13,"void channel_eq::eqMmseSoftDemapKernel<float, __half, __half, float, (unsigned int)4, (unsigned short)16383>(channel_eq::_puschRxChEqStatDescr *, channel_eq::_puschRxChEqSoftDemapDynDescr)"
1763610542,282684,33446,1,1,1,32,32,1,30,0.000,0.000,,,,,NVIDIA A100-SXM4-40GB MIG 4g.20gb (0),1,,13,"void convert_kernel<float2, __half2>(tensor_layout_any, T1 *, tensor_layout_any, const T2 *)"
1763896074,11072,33458,2253,1,1,128,1,1,16,0.000,0.000,,,,,NVIDIA A100-SXM4-40GB MIG 4g.20gb (0),1,,13,cupy_copy__float16_float16
1763909802,3648,33467,282,1,1,128,1,1,16,0.000,0.000,,,,,NVIDIA A100-SXM4-40GB MIG 4g.20gb (0),1,,13,cupy_copy__complex64_complex64
1763914410,2240,33476,26,1,1,128,1,1,16,0.000,0.000,,,,,NVIDIA A100-SXM4-40GB MIG 4g.20gb (0),1,,13,cupy_copy__float32_float32
1763918474,3040,33485,103,1,1,128,1,1,16,0.000,0.000,,,,,NVIDIA A100-SXM4-40GB MIG 4g.20gb (0),1,,13,cupy_copy__complex64_complex64
1763922538,11903,33495,1434,1,1,128,1,1,16,0.000,0.000,,,,,NVIDIA A100-SXM4-40GB MIG 4g.20gb (0),1,,13,cupy_copy__complex64_complex64
1763940905,81727,33500,1,1,1,32,32,1,30,0.000,0.000,,,,,NVIDIA A100-SXM4-40GB MIG 4g.20gb (0),1,,13,"void convert_kernel<__half2, float2>(tensor_layout_any, T1 *, tensor_layout_any, const T2 *)"
1764050120,5632,33503,,,,,,,,,,0.094,16636.287,Pinned,Device,NVIDIA A100-SXM4-40GB MIG 4g.20gb (0),1,,13,[CUDA memcpy Host-to-Device]
1764059720,595929,33504,,,,,,,,,,456.561,766110.096,Device,,NVIDIA A100-SXM4-40GB MIG 4g.20gb (0),1,,13,[CUDA memset]
1764661056,141535,33509,,,,,,,,,,1.235,8724.879,Pinned,Device,NVIDIA A100-SXM4-40GB MIG 4g.20gb (0),1,,13,[CUDA memcpy Host-to-Device]
1764815647,41823,33510,,,,,,,,,,0.197,4700.897,Pinned,Device,NVIDIA A100-SXM4-40GB MIG 4g.20gb (0),1,,13,[CUDA memcpy Host-to-Device]
1764878814,8480,33511,69,4,1,48,1,1,76,0.002,0.000,,,,,NVIDIA A100-SXM4-40GB MIG 4g.20gb (0),1,,13,"void ch_est::windowedChEstPreNoDftSOfdmKernel<float, __half, float, (unsigned int)2, (unsigned int)1, (unsigned short)4>(ch_est::puschRxChEstStatDescr_t *, ch_est::puschRxChEstDynDescr_t *)"
1764896638,6687,33512,137,2,1,24,2,1,44,0.001,0.001,,,,,NVIDIA A100-SXM4-40GB MIG 4g.20gb (0),1,,13,"void ch_est::chEstFilterNoDftSOfdmDispatchKernel<float, __half, float, (unsigned int)2>(ch_est::puschRxChEstStatDescr_t *, ch_est::puschRxChEstDynDescr_t *)"
1764916125,4704,33513,137,2,1,24,2,1,44,0.001,0.001,,,,,NVIDIA A100-SXM4-40GB MIG 4g.20gb (0),1,,13,"void ch_est::chEstFilterNoDftSOfdmDispatchKernel<float, __half, float, (unsigned int)2>(ch_est::puschRxChEstStatDescr_t *, ch_est::puschRxChEstDynDescr_t *)"
1764932573,2688,33524,103,1,1,128,1,1,16,0.000,0.000,,,,,NVIDIA A100-SXM4-40GB MIG 4g.20gb (0),1,,13,cupy_copy__complex64_complex64
1764949917,12480,33534,1434,1,1,128,1,1,16,0.000,0.000,,,,,NVIDIA A100-SXM4-40GB MIG 4g.20gb (0),1,,13,cupy_copy__complex64_complex64
1764968573,2912,33541,103,1,1,128,1,1,16,0.000,0.000,,,,,NVIDIA A100-SXM4-40GB MIG 4g.20gb (0),1,,13,cupy_copy__complex64_complex64
1764993948,81727,33548,1,1,1,32,32,1,30,0.000,0.000,,,,,NVIDIA A100-SXM4-40GB MIG 4g.20gb (0),1,,13,"void convert_kernel<__half2, float2>(tensor_layout_any, T1 *, tensor_layout_any, const T2 *)"
1765108347,27040,33551,,,,,,,,,,0.094,3465.065,Pinned,Device,NVIDIA A100-SXM4-40GB MIG 4g.20gb (0),1,,13,[CUDA memcpy Host-to-Device]
1765167354,46560,33552,,,,,,,,,,35.810,769089.652,Device,,NVIDIA A100-SXM4-40GB MIG 4g.20gb (0),1,,13,[CUDA memset]
1765219898,12447,33554,,,,,,,,,,0.000,6.427,Pinned,Device,NVIDIA A100-SXM4-40GB MIG 4g.20gb (0),1,,13,[CUDA memcpy Host-to-Device]
1765238649,29152,33555,,,,,,,,,,0.197,6744.048,Pinned,Device,NVIDIA A100-SXM4-40GB MIG 4g.20gb (0),1,,13,[CUDA memcpy Host-to-Device]
1765284441,9536,33556,273,1,1,48,1,1,40,0.000,0.001,,,,,NVIDIA A100-SXM4-40GB MIG 4g.20gb (0),1,,13,"void pusch_noise_intf_est::noiseIntfEstNoDftSOfdmKernel<float, __half, float, float, (unsigned int)2, (unsigned int)1, (unsigned char)4, (unsigned char)4>(pusch_noise_intf_est::puschRxNoiseIntfEstDynDescr)"
1765303033,2688,33567,35,1,1,128,1,1,16,0.000,0.000,,,,,NVIDIA A100-SXM4-40GB MIG 4g.20gb (0),1,,13,cupy_copy__complex64_complex64
1765319864,1664,33576,1,1,1,1,1,1,18,0.000,0.000,,,,,NVIDIA A100-SXM4-40GB MIG 4g.20gb (0),1,,13,cupy_copy__float32_float32
1765325464,5920,33582,,,,,,,,,,0.000,0.676,Device,Pageable,NVIDIA A100-SXM4-40GB MIG 4g.20gb (0),1,,7,[CUDA memcpy Device-to-Host]
1765426231,12896,33593,1434,1,1,128,1,1,16,0.000,0.000,,,,,NVIDIA A100-SXM4-40GB MIG 4g.20gb (0),1,,13,cupy_copy__complex64_complex64
1765448983,3040,33600,103,1,1,128,1,1,16,0.000,0.000,,,,,NVIDIA A100-SXM4-40GB MIG 4g.20gb (0),1,,13,cupy_copy__complex64_complex64
1765469078,2560,33607,35,1,1,128,1,1,16,0.000,0.000,,,,,NVIDIA A100-SXM4-40GB MIG 4g.20gb (0),1,,13,cupy_copy__complex64_complex64
1765486294,1792,33614,1,1,1,1,1,1,18,0.000,0.000,,,,,NVIDIA A100-SXM4-40GB MIG 4g.20gb (0),1,,13,cupy_copy__float32_float32
1765606357,83231,33625,1,1,1,32,32,1,30,0.000,0.000,,,,,NVIDIA A100-SXM4-40GB MIG 4g.20gb (0),1,,13,"void convert_kernel<__half2, float2>(tensor_layout_any, T1 *, tensor_layout_any, const T2 *)"
1765716819,5920,33628,,,,,,,,,,0.094,15826.941,Pinned,Device,NVIDIA A100-SXM4-40GB MIG 4g.20gb (0),1,,13,[CUDA memcpy Host-to-Device]
1765733075,3232,33629,,,,,,,,,,1.547,478533.199,Device,,NVIDIA A100-SXM4-40GB MIG 4g.20gb (0),1,,13,[CUDA memset]
1765738259,3008,33634,,,,,,,,,,0.031,10404.230,Pinned,Device,NVIDIA A100-SXM4-40GB MIG 4g.20gb (0),1,,13,[CUDA memcpy Host-to-Device]
1765743955,9440,33635,,,,,,,,,,0.197,20827.079,Pinned,Device,NVIDIA A100-SXM4-40GB MIG 4g.20gb (0),1,,13,[CUDA memcpy Host-to-Device]
1765759187,8288,33636,273,1,1,8,4,1,39,0.002,0.000,,,,,NVIDIA A100-SXM4-40GB MIG 4g.20gb (0),1,,13,"void channel_eq::eqMmseCoefCompLowMimoKernel<float, float, float, (unsigned int)4, (unsigned int)1, (unsigned int)4>(const channel_eq::_puschRxChEqStatDescr *, channel_eq::_puschRxChEqCoefCompDynDescr)"
1765770419,6144,33637,273,1,1,12,11,1,51,0.002,0.000,,,,,NVIDIA A100-SXM4-40GB MIG 4g.20gb (0),1,,13,"void channel_eq::eqMmseSoftDemapKernel<float, __half, __half, float, (unsigned int)4, (unsigned short)16383>(channel_eq::_puschRxChEqStatDescr *, channel_eq::_puschRxChEqSoftDemapDynDescr)"
1765778355,282812,33638,1,1,1,32,32,1,30,0.000,0.000,,,,,NVIDIA A100-SXM4-40GB MIG 4g.20gb (0),1,,13,"void convert_kernel<float2, __half2>(tensor_layout_any, T1 *, tensor_layout_any, const T2 *)"
1766062255,10944,33650,2253,1,1,128,1,1,16,0.000,0.000,,,,,NVIDIA A100-SXM4-40GB MIG 4g.20gb (0),1,,13,cupy_copy__float16_float16
1766078351,3040,33659,282,1,1,128,1,1,16,0.000,0.000,,,,,NVIDIA A100-SXM4-40GB MIG 4g.20gb (0),1,,13,cupy_copy__complex64_complex64
1766083471,2016,33668,26,1,1,128,1,1,16,0.000,0.000,,,,,NVIDIA A100-SXM4-40GB MIG 4g.20gb (0),1,,13,cupy_copy__float32_float32
1766086671,2880,33677,103,1,1,128,1,1,16,0.000,0.000,,,,,NVIDIA A100-SXM4-40GB MIG 4g.20gb (0),1,,13,cupy_copy__complex64_complex64
1766091695,12000,33687,1434,1,1,128,1,1,16,0.000,0.000,,,,,NVIDIA A100-SXM4-40GB MIG 4g.20gb (0),1,,13,cupy_copy__complex64_complex64
1766105583,87327,33692,1,1,1,32,32,1,30,0.000,0.000,,,,,NVIDIA A100-SXM4-40GB MIG 4g.20gb (0),1,,13,"void convert_kernel<__half2, float2>(tensor_layout_any, T1 *, tensor_layout_any, const T2 *)"
1766220589,5856,33695,,,,,,,,,,0.094,15999.997,Pinned,Device,NVIDIA A100-SXM4-40GB MIG 4g.20gb (0),1,,13,[CUDA memcpy Host-to-Device]
1766230605,599097,33696,,,,,,,,,,456.561,762001.043,Device,,NVIDIA A100-SXM4-40GB MIG 4g.20gb (0),1,,13,[CUDA memset]
1766831270,79263,33701,,,,,,,,,,1.235,15580.054,Pinned,Device,NVIDIA A100-SXM4-40GB MIG 4g.20gb (0),1,,13,[CUDA memcpy Host-to-Device]
1766913061,10623,33702,,,,,,,,,,0.197,18507.694,Pinned,Device,NVIDIA A100-SXM4-40GB MIG 4g.20gb (0),1,,13,[CUDA memcpy Host-to-Device]
1766929988,8704,33703,69,4,1,48,1,1,76,0.002,0.000,,,,,NVIDIA A100-SXM4-40GB MIG 4g.20gb (0),1,,13,"void ch_est::windowedChEstPreNoDftSOfdmKernel<float, __half, float, (unsigned int)2, (unsigned int)1, (unsigned short)4>(ch_est::puschRxChEstStatDescr_t *, ch_est::puschRxChEstDynDescr_t *)"
1766941604,7584,33704,137,2,1,24,2,1,44,0.001,0.001,,,,,NVIDIA A100-SXM4-40GB MIG 4g.20gb (0),1,,13,"void ch_est::chEstFilterNoDftSOfdmDispatchKernel<float, __half, float, (unsigned int)2>(ch_est::puschRxChEstStatDescr_t *, ch_est::puschRxChEstDynDescr_t *)"
1766951364,5248,33705,137,2,1,24,2,1,44,0.001,0.001,,,,,NVIDIA A100-SXM4-40GB MIG 4g.20gb (0),1,,13,"void ch_est::chEstFilterNoDftSOfdmDispatchKernel<float, __half, float, (unsigned int)2>(ch_est::puschRxChEstStatDescr_t *, ch_est::puschRxChEstDynDescr_t *)"
1766957604,2912,33716,103,1,1,128,1,1,16,0.000,0.000,,,,,NVIDIA A100-SXM4-40GB MIG 4g.20gb (0),1,,13,cupy_copy__complex64_complex64
1766961540,12384,33726,1434,1,1,128,1,1,16,0.000,0.000,,,,,NVIDIA A100-SXM4-40GB MIG 4g.20gb (0),1,,13,cupy_copy__complex64_complex64
1766976324,2880,33733,103,1,1,128,1,1,16,0.000,0.000,,,,,NVIDIA A100-SXM4-40GB MIG 4g.20gb (0),1,,13,cupy_copy__complex64_complex64
1766980484,87135,33740,1,1,1,32,32,1,30,0.000,0.000,,,,,NVIDIA A100-SXM4-40GB MIG 4g.20gb (0),1,,13,"void convert_kernel<__half2, float2>(tensor_layout_any, T1 *, tensor_layout_any, const T2 *)"
1767096162,6080,33743,,,,,,,,,,0.094,15410.462,Pinned,Device,NVIDIA A100-SXM4-40GB MIG 4g.20gb (0),1,,13,[CUDA memcpy Host-to-Device]
1767108354,46304,33744,,,,,,,,,,35.810,773351.032,Device,,NVIDIA A100-SXM4-40GB MIG 4g.20gb (0),1,,13,[CUDA memset]
1767160706,4383,33746,,,,,,,,,,0.000,18.252,Pinned,Device,NVIDIA A100-SXM4-40GB MIG 4g.20gb (0),1,,13,[CUDA memcpy Host-to-Device]
1767169857,11424,33747,,,,,,,,,,0.197,17210.081,Pinned,Device,NVIDIA A100-SXM4-40GB MIG 4g.20gb (0),1,,13,[CUDA memcpy Host-to-Device]
1767189057,10176,33748,273,1,1,48,1,1,40,0.000,0.001,,,,,NVIDIA A100-SXM4-40GB MIG 4g.20gb (0),1,,13,"void pusch_noise_intf_est::noiseIntfEstNoDftSOfdmKernel<float, __half, float, float, (unsigned int)2, (unsigned int)1, (unsigned char)4, (unsigned char)4>(pusch_noise_intf_est::puschRxNoiseIntfEstDynDescr)"
1767203489,3200,33759,35,1,1,128,1,1,16,0.000,0.000,,,,,NVIDIA A100-SXM4-40GB MIG 4g.20gb (0),1,,13,cupy_copy__complex64_complex64
1767218017,1792,33768,1,1,1,1,1,1,18,0.000,0.000,,,,,NVIDIA A100-SXM4-40GB MIG 4g.20gb (0),1,,13,cupy_copy__float32_float32
1767248928,1792,33774,,,,,,,,,,0.000,2.232,Device,Pageable,NVIDIA A100-SXM4-40GB MIG 4g.20gb (0),1,,7,[CUDA memcpy Device-to-Host]
1767311264,12959,33785,1434,1,1,128,1,1,16,0.000,0.000,,,,,NVIDIA A100-SXM4-40GB MIG 4g.20gb (0),1,,13,cupy_copy__complex64_complex64
1767336319,3168,33792,103,1,1,128,1,1,16,0.000,0.000,,,,,NVIDIA A100-SXM4-40GB MIG 4g.20gb (0),1,,13,cupy_copy__complex64_complex64
1767358527,2336,33799,35,1,1,128,1,1,16,0.000,0.000,,,,,NVIDIA A100-SXM4-40GB MIG 4g.20gb (0),1,,13,cupy_copy__complex64_complex64
1767374879,1760,33806,1,1,1,1,1,1,18,0.000,0.000,,,,,NVIDIA A100-SXM4-40GB MIG 4g.20gb (0),1,,13,cupy_copy__float32_float32
1767506045,86943,33817,1,1,1,32,32,1,30,0.000,0.000,,,,,NVIDIA A100-SXM4-40GB MIG 4g.20gb (0),1,,13,"void convert_kernel<__half2, float2>(tensor_layout_any, T1 *, tensor_layout_any, const T2 *)"
1767620348,5568,33820,,,,,,,,,,0.094,16827.521,Pinned,Device,NVIDIA A100-SXM4-40GB MIG 4g.20gb (0),1,,13,[CUDA memcpy Host-to-Device]
1767635420,3456,33821,,,,,,,,,,1.547,447517.201,Device,,NVIDIA A100-SXM4-40GB MIG 4g.20gb (0),1,,13,[CUDA memset]
1767641468,3488,33826,,,,,,,,,,0.031,8972.469,Pinned,Device,NVIDIA A100-SXM4-40GB MIG 4g.20gb (0),1,,13,[CUDA memcpy Host-to-Device]
1767647707,9600,33827,,,,,,,,,,0.197,20479.869,Pinned,Device,NVIDIA A100-SXM4-40GB MIG 4g.20gb (0),1,,13,[CUDA memcpy Host-to-Device]
1767661499,6144,33828,273,1,1,8,4,1,39,0.002,0.000,,,,,NVIDIA A100-SXM4-40GB MIG 4g.20gb (0),1,,13,"void channel_eq::eqMmseCoefCompLowMimoKernel<float, float, float, (unsigned int)4, (unsigned int)1, (unsigned int)4>(const channel_eq::_puschRxChEqStatDescr *, channel_eq::_puschRxChEqCoefCompDynDescr)"
1767668699,5920,33829,273,1,1,12,11,1,51,0.002,0.000,,,,,NVIDIA A100-SXM4-40GB MIG 4g.20gb (0),1,,13,"void channel_eq::eqMmseSoftDemapKernel<float, __half, __half, float, (unsigned int)4, (unsigned short)16383>(channel_eq::_puschRxChEqStatDescr *, channel_eq::_puschRxChEqSoftDemapDynDescr)"
1767675579,282877,33830,1,1,1,32,32,1,30,0.000,0.000,,,,,NVIDIA A100-SXM4-40GB MIG 4g.20gb (0),1,,13,"void convert_kernel<float2, __half2>(tensor_layout_any, T1 *, tensor_layout_any, const T2 *)"
1767961464,11039,33842,2253,1,1,128,1,1,16,0.000,0.000,,,,,NVIDIA A100-SXM4-40GB MIG 4g.20gb (0),1,,13,cupy_copy__float16_float16
1767974743,3104,33851,282,1,1,128,1,1,16,0.000,0.000,,,,,NVIDIA A100-SXM4-40GB MIG 4g.20gb (0),1,,13,cupy_copy__complex64_complex64
1767979927,2016,33860,26,1,1,128,1,1,16,0.000,0.000,,,,,NVIDIA A100-SXM4-40GB MIG 4g.20gb (0),1,,13,cupy_copy__float32_float32
1767984279,3136,33869,103,1,1,128,1,1,16,0.000,0.000,,,,,NVIDIA A100-SXM4-40GB MIG 4g.20gb (0),1,,13,cupy_copy__complex64_complex64
1767988535,12032,33879,1434,1,1,128,1,1,16,0.000,0.000,,,,,NVIDIA A100-SXM4-40GB MIG 4g.20gb (0),1,,13,cupy_copy__complex64_complex64
1768009527,88159,33884,1,1,1,32,32,1,30,0.000,0.000,,,,,NVIDIA A100-SXM4-40GB MIG 4g.20gb (0),1,,13,"void convert_kernel<__half2, float2>(tensor_layout_any, T1 *, tensor_layout_any, const T2 *)"
1768125494,6079,33887,,,,,,,,,,0.094,15412.992,Pinned,Device,NVIDIA A100-SXM4-40GB MIG 4g.20gb (0),1,,13,[CUDA memcpy Host-to-Device]
1768137205,596121,33888,,,,,,,,,,456.561,765653.535,Device,,NVIDIA A100-SXM4-40GB MIG 4g.20gb (0),1,,13,[CUDA memset]
1768735502,148126,33893,,,,,,,,,,1.235,8337.107,Pinned,Device,NVIDIA A100-SXM4-40GB MIG 4g.20gb (0),1,,13,[CUDA memcpy Host-to-Device]
1768896076,41120,33894,,,,,,,,,,0.197,4781.310,Pinned,Device,NVIDIA A100-SXM4-40GB MIG 4g.20gb (0),1,,13,[CUDA memcpy Host-to-Device]
1768971019,8256,33895,69,4,1,48,1,1,76,0.002,0.000,,,,,NVIDIA A100-SXM4-40GB MIG 4g.20gb (0),1,,13,"void ch_est::windowedChEstPreNoDftSOfdmKernel<float, __half, float, (unsigned int)2, (unsigned int)1, (unsigned short)4>(ch_est::puschRxChEstStatDescr_t *, ch_est::puschRxChEstDynDescr_t *)"
1768990251,6560,33896,137,2,1,24,2,1,44,0.001,0.001,,,,,NVIDIA A100-SXM4-40GB MIG 4g.20gb (0),1,,13,"void ch_est::chEstFilterNoDftSOfdmDispatchKernel<float, __half, float, (unsigned int)2>(ch_est::puschRxChEstStatDescr_t *, ch_est::puschRxChEstDynDescr_t *)"
1769006155,4768,33897,137,2,1,24,2,1,44,0.001,0.001,,,,,NVIDIA A100-SXM4-40GB MIG 4g.20gb (0),1,,13,"void ch_est::chEstFilterNoDftSOfdmDispatchKernel<float, __half, float, (unsigned int)2>(ch_est::puschRxChEstStatDescr_t *, ch_est::puschRxChEstDynDescr_t *)"
1769022474,2528,33908,103,1,1,128,1,1,16,0.000,0.000,,,,,NVIDIA A100-SXM4-40GB MIG 4g.20gb (0),1,,13,cupy_copy__complex64_complex64
1769036170,12480,33918,1434,1,1,128,1,1,16,0.000,0.000,,,,,NVIDIA A100-SXM4-40GB MIG 4g.20gb (0),1,,13,cupy_copy__complex64_complex64
1769065290,2560,33925,103,1,1,128,1,1,16,0.000,0.000,,,,,NVIDIA A100-SXM4-40GB MIG 4g.20gb (0),1,,13,cupy_copy__complex64_complex64
1769079402,89375,33932,1,1,1,32,32,1,30,0.000,0.000,,,,,NVIDIA A100-SXM4-40GB MIG 4g.20gb (0),1,,13,"void convert_kernel<__half2, float2>(tensor_layout_any, T1 *, tensor_layout_any, const T2 *)"
1769196968,5760,33935,,,,,,,,,,0.094,16266.656,Pinned,Device,NVIDIA A100-SXM4-40GB MIG 4g.20gb (0),1,,13,[CUDA memcpy Host-to-Device]
1769209000,46880,33936,,,,,,,,,,35.810,763861.404,Device,,NVIDIA A100-SXM4-40GB MIG 4g.20gb (0),1,,13,[CUDA memset]
1769262375,3616,33938,,,,,,,,,,0.000,22.124,Pinned,Device,NVIDIA A100-SXM4-40GB MIG 4g.20gb (0),1,,13,[CUDA memcpy Host-to-Device]
1769270727,11520,33939,,,,,,,,,,0.197,17066.557,Pinned,Device,NVIDIA A100-SXM4-40GB MIG 4g.20gb (0),1,,13,[CUDA memcpy Host-to-Device]
1769289543,9696,33940,273,1,1,48,1,1,40,0.000,0.001,,,,,NVIDIA A100-SXM4-40GB MIG 4g.20gb (0),1,,13,"void pusch_noise_intf_est::noiseIntfEstNoDftSOfdmKernel<float, __half, float, float, (unsigned int)2, (unsigned int)1, (unsigned char)4, (unsigned char)4>(pusch_noise_intf_est::puschRxNoiseIntfEstDynDescr)"
1769301831,2816,33951,35,1,1,128,1,1,16,0.000,0.000,,,,,NVIDIA A100-SXM4-40GB MIG 4g.20gb (0),1,,13,cupy_copy__complex64_complex64
1769318919,1792,33960,1,1,1,1,1,1,18,0.000,0.000,,,,,NVIDIA A100-SXM4-40GB MIG 4g.20gb (0),1,,13,cupy_copy__float32_float32
1769349318,1568,33966,,,,,,,,,,0.000,2.551,Device,Pageable,NVIDIA A100-SXM4-40GB MIG 4g.20gb (0),1,,7,[CUDA memcpy Device-to-Host]
1769409958,12959,33977,1434,1,1,128,1,1,16,0.000,0.000,,,,,NVIDIA A100-SXM4-40GB MIG 4g.20gb (0),1,,13,cupy_copy__complex64_complex64
1769436165,2848,33984,103,1,1,128,1,1,16,0.000,0.000,,,,,NVIDIA A100-SXM4-40GB MIG 4g.20gb (0),1,,13,cupy_copy__complex64_complex64
1769457925,2176,33991,35,1,1,128,1,1,16,0.000,0.000,,,,,NVIDIA A100-SXM4-40GB MIG 4g.20gb (0),1,,13,cupy_copy__complex64_complex64
1769474853,1920,33998,1,1,1,1,1,1,18,0.000,0.000,,,,,NVIDIA A100-SXM4-40GB MIG 4g.20gb (0),1,,13,cupy_copy__float32_float32
1769608963,82207,34009,1,1,1,32,32,1,30,0.000,0.000,,,,,NVIDIA A100-SXM4-40GB MIG 4g.20gb (0),1,,13,"void convert_kernel<__half2, float2>(tensor_layout_any, T1 *, tensor_layout_any, const T2 *)"
1769718242,5664,34012,,,,,,,,,,0.094,16542.310,Pinned,Device,NVIDIA A100-SXM4-40GB MIG 4g.20gb (0),1,,13,[CUDA memcpy Host-to-Device]
1769733506,3296,34013,,,,,,,,,,1.547,469242.628,Device,,NVIDIA A100-SXM4-40GB MIG 4g.20gb (0),1,,13,[CUDA memset]
1769738978,3328,34018,,,,,,,,,,0.031,9403.822,Pinned,Device,NVIDIA A100-SXM4-40GB MIG 4g.20gb (0),1,,13,[CUDA memcpy Host-to-Device]
1769744386,10431,34019,,,,,,,,,,0.197,18848.416,Pinned,Device,NVIDIA A100-SXM4-40GB MIG 4g.20gb (0),1,,13,[CUDA memcpy Host-to-Device]
1769759233,6272,34020,273,1,1,8,4,1,39,0.002,0.000,,,,,NVIDIA A100-SXM4-40GB MIG 4g.20gb (0),1,,13,"void channel_eq::eqMmseCoefCompLowMimoKernel<float, float, float, (unsigned int)4, (unsigned int)1, (unsigned int)4>(const channel_eq::_puschRxChEqStatDescr *, channel_eq::_puschRxChEqCoefCompDynDescr)"
1769767649,6112,34021,273,1,1,12,11,1,51,0.002,0.000,,,,,NVIDIA A100-SXM4-40GB MIG 4g.20gb (0),1,,13,"void channel_eq::eqMmseSoftDemapKernel<float, __half, __half, float, (unsigned int)4, (unsigned short)16383>(channel_eq::_puschRxChEqStatDescr *, channel_eq::_puschRxChEqSoftDemapDynDescr)"
1769774785,282941,34022,1,1,1,32,32,1,30,0.000,0.000,,,,,NVIDIA A100-SXM4-40GB MIG 4g.20gb (0),1,,13,"void convert_kernel<float2, __half2>(tensor_layout_any, T1 *, tensor_layout_any, const T2 *)"
1770060990,11263,34034,2253,1,1,128,1,1,16,0.000,0.000,,,,,NVIDIA A100-SXM4-40GB MIG 4g.20gb (0),1,,13,cupy_copy__float16_float16
1770075453,3872,34043,282,1,1,128,1,1,16,0.000,0.000,,,,,NVIDIA A100-SXM4-40GB MIG 4g.20gb (0),1,,13,cupy_copy__complex64_complex64
1770080317,2272,34052,26,1,1,128,1,1,16,0.000,0.000,,,,,NVIDIA A100-SXM4-40GB MIG 4g.20gb (0),1,,13,cupy_copy__float32_float32
1770085341,2816,34061,103,1,1,128,1,1,16,0.000,0.000,,,,,NVIDIA A100-SXM4-40GB MIG 4g.20gb (0),1,,13,cupy_copy__complex64_complex64
1770090237,11808,34071,1434,1,1,128,1,1,16,0.000,0.000,,,,,NVIDIA A100-SXM4-40GB MIG 4g.20gb (0),1,,13,cupy_copy__complex64_complex64
1770108605,81503,34076,1,1,1,32,32,1,30,0.000,0.000,,,,,NVIDIA A100-SXM4-40GB MIG 4g.20gb (0),1,,13,"void convert_kernel<__half2, float2>(tensor_layout_any, T1 *, tensor_layout_any, const T2 *)"
1770216508,5536,34079,,,,,,,,,,0.094,16924.777,Pinned,Device,NVIDIA A100-SXM4-40GB MIG 4g.20gb (0),1,,13,[CUDA memcpy Host-to-Device]
1770228316,599064,34080,,,,,,,,,,456.561,762001.043,Device,,NVIDIA A100-SXM4-40GB MIG 4g.20gb (0),1,,13,[CUDA memset]
1770837716,127390,34085,,,,,,,,,,1.235,9693.075,Pinned,Device,NVIDIA A100-SXM4-40GB MIG 4g.20gb (0),1,,13,[CUDA memcpy Host-to-Device]
1770975986,39488,34086,,,,,,,,,,0.197,4978.901,Pinned,Device,NVIDIA A100-SXM4-40GB MIG 4g.20gb (0),1,,13,[CUDA memcpy Host-to-Device]
1771037969,8128,34087,69,4,1,48,1,1,76,0.002,0.000,,,,,NVIDIA A100-SXM4-40GB MIG 4g.20gb (0),1,,13,"void ch_est::windowedChEstPreNoDftSOfdmKernel<float, __half, float, (unsigned int)2, (unsigned int)1, (unsigned short)4>(ch_est::puschRxChEstStatDescr_t *, ch_est::puschRxChEstDynDescr_t *)"
1771055633,6464,34088,137,2,1,24,2,1,44,0.001,0.001,,,,,NVIDIA A100-SXM4-40GB MIG 4g.20gb (0),1,,13,"void ch_est::chEstFilterNoDftSOfdmDispatchKernel<float, __half, float, (unsigned int)2>(ch_est::puschRxChEstStatDescr_t *, ch_est::puschRxChEstDynDescr_t *)"
1771073201,4704,34089,137,2,1,24,2,1,44,0.001,0.001,,,,,NVIDIA A100-SXM4-40GB MIG 4g.20gb (0),1,,13,"void ch_est::chEstFilterNoDftSOfdmDispatchKernel<float, __half, float, (unsigned int)2>(ch_est::puschRxChEstStatDescr_t *, ch_est::puschRxChEstDynDescr_t *)"
1771087889,2592,34100,103,1,1,128,1,1,16,0.000,0.000,,,,,NVIDIA A100-SXM4-40GB MIG 4g.20gb (0),1,,13,cupy_copy__complex64_complex64
1771104817,12639,34110,1434,1,1,128,1,1,16,0.000,0.000,,,,,NVIDIA A100-SXM4-40GB MIG 4g.20gb (0),1,,13,cupy_copy__complex64_complex64
1771125360,2912,34117,103,1,1,128,1,1,16,0.000,0.000,,,,,NVIDIA A100-SXM4-40GB MIG 4g.20gb (0),1,,13,cupy_copy__complex64_complex64
1771148368,92223,34124,1,1,1,32,32,1,30,0.000,0.000,,,,,NVIDIA A100-SXM4-40GB MIG 4g.20gb (0),1,,13,"void convert_kernel<__half2, float2>(tensor_layout_any, T1 *, tensor_layout_any, const T2 *)"
1771274255,27679,34127,,,,,,,,,,0.094,3385.049,Pinned,Device,NVIDIA A100-SXM4-40GB MIG 4g.20gb (0),1,,13,[CUDA memcpy Host-to-Device]
1771321774,47167,34128,,,,,,,,,,35.810,759206.114,Device,,NVIDIA A100-SXM4-40GB MIG 4g.20gb (0),1,,13,[CUDA memset]
1771375821,9760,34130,,,,,,,,,,0.000,8.197,Pinned,Device,NVIDIA A100-SXM4-40GB MIG 4g.20gb (0),1,,13,[CUDA memcpy Host-to-Device]
1771394797,27104,34131,,,,,,,,,,0.197,7253.656,Pinned,Device,NVIDIA A100-SXM4-40GB MIG 4g.20gb (0),1,,13,[CUDA memcpy Host-to-Device]
1771442380,10016,34132,273,1,1,48,1,1,40,0.000,0.001,,,,,NVIDIA A100-SXM4-40GB MIG 4g.20gb (0),1,,13,"void pusch_noise_intf_est::noiseIntfEstNoDftSOfdmKernel<float, __half, float, float, (unsigned int)2, (unsigned int)1, (unsigned char)4, (unsigned char)4>(pusch_noise_intf_est::puschRxNoiseIntfEstDynDescr)"
1771456524,3136,34143,35,1,1,128,1,1,16,0.000,0.000,,,,,NVIDIA A100-SXM4-40GB MIG 4g.20gb (0),1,,13,cupy_copy__complex64_complex64
1771464844,2048,34152,1,1,1,1,1,1,18,0.000,0.000,,,,,NVIDIA A100-SXM4-40GB MIG 4g.20gb (0),1,,13,cupy_copy__float32_float32
1771472460,5568,34158,,,,,,,,,,0.000,0.718,Device,Pageable,NVIDIA A100-SXM4-40GB MIG 4g.20gb (0),1,,7,[CUDA memcpy Device-to-Host]
1771542379,13312,34169,1434,1,1,128,1,1,16,0.000,0.000,,,,,NVIDIA A100-SXM4-40GB MIG 4g.20gb (0),1,,13,cupy_copy__complex64_complex64
1771570283,2880,34176,103,1,1,128,1,1,16,0.000,0.000,,,,,NVIDIA A100-SXM4-40GB MIG 4g.20gb (0),1,,13,cupy_copy__complex64_complex64
1771589675,2592,34183,35,1,1,128,1,1,16,0.000,0.000,,,,,NVIDIA A100-SXM4-40GB MIG 4g.20gb (0),1,,13,cupy_copy__complex64_complex64
1771608362,1888,34190,1,1,1,1,1,1,18,0.000,0.000,,,,,NVIDIA A100-SXM4-40GB MIG 4g.20gb (0),1,,13,cupy_copy__float32_float32
1771737193,82495,34201,1,1,1,32,32,1,30,0.000,0.000,,,,,NVIDIA A100-SXM4-40GB MIG 4g.20gb (0),1,,13,"void convert_kernel<__half2, float2>(tensor_layout_any, T1 *, tensor_layout_any, const T2 *)"
1771846567,5728,34204,,,,,,,,,,0.094,16357.541,Pinned,Device,NVIDIA A100-SXM4-40GB MIG 4g.20gb (0),1,,13,[CUDA memcpy Host-to-Device]
1771861063,3360,34205,,,,,,,,,,1.547,460304.688,Device,,NVIDIA A100-SXM4-40GB MIG 4g.20gb (0),1,,13,[CUDA memset]
1771868103,3296,34210,,,,,,,,,,0.031,9495.144,Pinned,Device,NVIDIA A100-SXM4-40GB MIG 4g.20gb (0),1,,13,[CUDA memcpy Host-to-Device]
1771873799,9408,34211,,,,,,,,,,0.197,20897.858,Pinned,Device,NVIDIA A100-SXM4-40GB MIG 4g.20gb (0),1,,13,[CUDA memcpy Host-to-Device]
1771889127,6304,34212,273,1,1,8,4,1,39,0.002,0.000,,,,,NVIDIA A100-SXM4-40GB MIG 4g.20gb (0),1,,13,"void channel_eq::eqMmseCoefCompLowMimoKernel<float, float, float, (unsigned int)4, (unsigned int)1, (unsigned int)4>(const channel_eq::_puschRxChEqStatDescr *, channel_eq::_puschRxChEqCoefCompDynDescr)"
1771897735,5984,34213,273,1,1,12,11,1,51,0.002,0.000,,,,,NVIDIA A100-SXM4-40GB MIG 4g.20gb (0),1,,13,"void channel_eq::eqMmseSoftDemapKernel<float, __half, __half, float, (unsigned int)4, (unsigned short)16383>(channel_eq::_puschRxChEqStatDescr *, channel_eq::_puschRxChEqSoftDemapDynDescr)"
1771904807,282460,34214,1,1,1,32,32,1,30,0.000,0.000,,,,,NVIDIA A100-SXM4-40GB MIG 4g.20gb (0),1,,13,"void convert_kernel<float2, __half2>(tensor_layout_any, T1 *, tensor_layout_any, const T2 *)"
1772188355,10912,34226,2253,1,1,128,1,1,16,0.000,0.000,,,,,NVIDIA A100-SXM4-40GB MIG 4g.20gb (0),1,,13,cupy_copy__float16_float16
1772203139,2752,34235,282,1,1,128,1,1,16,0.000,0.000,,,,,NVIDIA A100-SXM4-40GB MIG 4g.20gb (0),1,,13,cupy_copy__complex64_complex64
1772209123,2048,34244,26,1,1,128,1,1,16,0.000,0.000,,,,,NVIDIA A100-SXM4-40GB MIG 4g.20gb (0),1,,13,cupy_copy__float32_float32
1772212163,3104,34253,103,1,1,128,1,1,16,0.000,0.000,,,,,NVIDIA A100-SXM4-40GB MIG 4g.20gb (0),1,,13,cupy_copy__complex64_complex64
1772216963,12032,34263,1434,1,1,128,1,1,16,0.000,0.000,,,,,NVIDIA A100-SXM4-40GB MIG 4g.20gb (0),1,,13,cupy_copy__complex64_complex64
1772234211,82751,34268,1,1,1,32,32,1,30,0.000,0.000,,,,,NVIDIA A100-SXM4-40GB MIG 4g.20gb (0),1,,13,"void convert_kernel<__half2, float2>(tensor_layout_any, T1 *, tensor_layout_any, const T2 *)"
1772343585,5312,34271,,,,,,,,,,0.094,17638.553,Pinned,Device,NVIDIA A100-SXM4-40GB MIG 4g.20gb (0),1,,13,[CUDA memcpy Host-to-Device]
1772353761,597913,34272,,,,,,,,,,456.561,763370.728,Device,,NVIDIA A100-SXM4-40GB MIG 4g.20gb (0),1,,13,[CUDA memset]
1772956186,145982,34277,,,,,,,,,,1.235,8459.366,Pinned,Device,NVIDIA A100-SXM4-40GB MIG 4g.20gb (0),1,,13,[CUDA memcpy Host-to-Device]
1773114360,41055,34278,,,,,,,,,,0.197,4788.781,Pinned,Device,NVIDIA A100-SXM4-40GB MIG 4g.20gb (0),1,,13,[CUDA memcpy Host-to-Device]
1773177591,7904,34279,69,4,1,48,1,1,76,0.002,0.000,,,,,NVIDIA A100-SXM4-40GB MIG 4g.20gb (0),1,,13,"void ch_est::windowedChEstPreNoDftSOfdmKernel<float, __half, float, (unsigned int)2, (unsigned int)1, (unsigned short)4>(ch_est::puschRxChEstStatDescr_t *, ch_est::puschRxChEstDynDescr_t *)"
1773196887,6656,34280,137,2,1,24,2,1,44,0.001,0.001,,,,,NVIDIA A100-SXM4-40GB MIG 4g.20gb (0),1,,13,"void ch_est::chEstFilterNoDftSOfdmDispatchKernel<float, __half, float, (unsigned int)2>(ch_est::puschRxChEstStatDescr_t *, ch_est::puschRxChEstDynDescr_t *)"
1773214615,4799,34281,137,2,1,24,2,1,44,0.001,0.001,,,,,NVIDIA A100-SXM4-40GB MIG 4g.20gb (0),1,,13,"void ch_est::chEstFilterNoDftSOfdmDispatchKernel<float, __half, float, (unsigned int)2>(ch_est::puschRxChEstStatDescr_t *, ch_est::puschRxChEstDynDescr_t *)"
1773231894,2752,34292,103,1,1,128,1,1,16,0.000,0.000,,,,,NVIDIA A100-SXM4-40GB MIG 4g.20gb (0),1,,13,cupy_copy__complex64_complex64
1773248374,12448,34302,1434,1,1,128,1,1,16,0.000,0.000,,,,,NVIDIA A100-SXM4-40GB MIG 4g.20gb (0),1,,13,cupy_copy__complex64_complex64
1773271606,2560,34309,103,1,1,128,1,1,16,0.000,0.000,,,,,NVIDIA A100-SXM4-40GB MIG 4g.20gb (0),1,,13,cupy_copy__complex64_complex64
1773290774,83967,34316,1,1,1,32,32,1,30,0.000,0.000,,,,,NVIDIA A100-SXM4-40GB MIG 4g.20gb (0),1,,13,"void convert_kernel<__half2, float2>(tensor_layout_any, T1 *, tensor_layout_any, const T2 *)"
1773407252,17472,34319,,,,,,,,,,0.094,5362.597,Pinned,Device,NVIDIA A100-SXM4-40GB MIG 4g.20gb (0),1,,13,[CUDA memcpy Host-to-Device]
1773449780,46591,34320,,,,,,,,,,35.810,768588.313,Device,,NVIDIA A100-SXM4-40GB MIG 4g.20gb (0),1,,13,[CUDA memset]
1773504595,11680,34322,,,,,,,,,,0.000,6.849,Pinned,Device,NVIDIA A100-SXM4-40GB MIG 4g.20gb (0),1,,13,[CUDA memcpy Host-to-Device]
1773526099,26527,34323,,,,,,,,,,0.197,7411.532,Pinned,Device,NVIDIA A100-SXM4-40GB MIG 4g.20gb (0),1,,13,[CUDA memcpy Host-to-Device]
1773575378,10208,34324,273,1,1,48,1,1,40,0.000,0.001,,,,,NVIDIA A100-SXM4-40GB MIG 4g.20gb (0),1,,13,"void pusch_noise_intf_est::noiseIntfEstNoDftSOfdmKernel<float, __half, float, float, (unsigned int)2, (unsigned int)1, (unsigned char)4, (unsigned char)4>(pusch_noise_intf_est::puschRxNoiseIntfEstDynDescr)"
1773591954,2752,34335,35,1,1,128,1,1,16,0.000,0.000,,,,,NVIDIA A100-SXM4-40GB MIG 4g.20gb (0),1,,13,cupy_copy__complex64_complex64
1773608882,1664,34344,1,1,1,1,1,1,18,0.000,0.000,,,,,NVIDIA A100-SXM4-40GB MIG 4g.20gb (0),1,,13,cupy_copy__float32_float32
1773611570,8607,34350,,,,,,,,,,0.000,0.465,Device,Pageable,NVIDIA A100-SXM4-40GB MIG 4g.20gb (0),1,,7,[CUDA memcpy Device-to-Host]
1773702384,12576,34361,1434,1,1,128,1,1,16,0.000,0.000,,,,,NVIDIA A100-SXM4-40GB MIG 4g.20gb (0),1,,13,cupy_copy__complex64_complex64
1773725744,3360,34368,103,1,1,128,1,1,16,0.000,0.000,,,,,NVIDIA A100-SXM4-40GB MIG 4g.20gb (0),1,,13,cupy_copy__complex64_complex64
1773748240,2432,34375,35,1,1,128,1,1,16,0.000,0.000,,,,,NVIDIA A100-SXM4-40GB MIG 4g.20gb (0),1,,13,cupy_copy__complex64_complex64
1773767568,1792,34382,1,1,1,1,1,1,18,0.000,0.000,,,,,NVIDIA A100-SXM4-40GB MIG 4g.20gb (0),1,,13,cupy_copy__float32_float32
1773902542,87455,34393,1,1,1,32,32,1,30,0.000,0.000,,,,,NVIDIA A100-SXM4-40GB MIG 4g.20gb (0),1,,13,"void convert_kernel<__half2, float2>(tensor_layout_any, T1 *, tensor_layout_any, const T2 *)"
1774021837,14111,34396,,,,,,,,,,0.094,6639.861,Pinned,Device,NVIDIA A100-SXM4-40GB MIG 4g.20gb (0),1,,13,[CUDA memcpy Host-to-Device]
1774048780,3360,34397,,,,,,,,,,1.547,460304.688,Device,,NVIDIA A100-SXM4-40GB MIG 4g.20gb (0),1,,13,[CUDA memset]
1774056684,6496,34402,,,,,,,,,,0.031,4817.706,Pinned,Device,NVIDIA A100-SXM4-40GB MIG 4g.20gb (0),1,,13,[CUDA memcpy Host-to-Device]
1774069036,11296,34403,,,,,,,,,,0.197,17404.920,Pinned,Device,NVIDIA A100-SXM4-40GB MIG 4g.20gb (0),1,,13,[CUDA memcpy Host-to-Device]
1774091980,8384,34404,273,1,1,8,4,1,39,0.002,0.000,,,,,NVIDIA A100-SXM4-40GB MIG 4g.20gb (0),1,,13,"void channel_eq::eqMmseCoefCompLowMimoKernel<float, float, float, (unsigned int)4, (unsigned int)1, (unsigned int)4>(const channel_eq::_puschRxChEqStatDescr *, channel_eq::_puschRxChEqCoefCompDynDescr)"
1774104427,7808,34405,273,1,1,12,11,1,51,0.002,0.000,,,,,NVIDIA A100-SXM4-40GB MIG 4g.20gb (0),1,,13,"void channel_eq::eqMmseSoftDemapKernel<float, __half, __half, float, (unsigned int)4, (unsigned short)16383>(channel_eq::_puschRxChEqStatDescr *, channel_eq::_puschRxChEqSoftDemapDynDescr)"
1774115627,282781,34406,1,1,1,32,32,1,30,0.000,0.000,,,,,NVIDIA A100-SXM4-40GB MIG 4g.20gb (0),1,,13,"void convert_kernel<float2, __half2>(tensor_layout_any, T1 *, tensor_layout_any, const T2 *)"
1774399944,11040,34418,2253,1,1,128,1,1,16,0.000,0.000,,,,,NVIDIA A100-SXM4-40GB MIG 4g.20gb (0),1,,13,cupy_copy__float16_float16
1774412968,3168,34427,282,1,1,128,1,1,16,0.000,0.000,,,,,NVIDIA A100-SXM4-40GB MIG 4g.20gb (0),1,,13,cupy_copy__complex64_complex64
1774419368,2144,34436,26,1,1,128,1,1,16,0.000,0.000,,,,,NVIDIA A100-SXM4-40GB MIG 4g.20gb (0),1,,13,cupy_copy__float32_float32
1774424872,3327,34445,103,1,1,128,1,1,16,0.000,0.000,,,,,NVIDIA A100-SXM4-40GB MIG 4g.20gb (0),1,,13,cupy_copy__complex64_complex64
1774431719,11968,34455,1434,1,1,128,1,1,16,0.000,0.000,,,,,NVIDIA A100-SXM4-40GB MIG 4g.20gb (0),1,,13,cupy_copy__complex64_complex64
1774446951,81471,34460,1,1,1,32,32,1,30,0.000,0.000,,,,,NVIDIA A100-SXM4-40GB MIG 4g.20gb (0),1,,13,"void convert_kernel<__half2, float2>(tensor_layout_any, T1 *, tensor_layout_any, const T2 *)"
1774556358,5952,34463,,,,,,,,,,0.094,15741.865,Pinned,Device,NVIDIA A100-SXM4-40GB MIG 4g.20gb (0),1,,13,[CUDA memcpy Host-to-Device]
1774566438,598968,34464,,,,,,,,,,456.561,762001.043,Device,,NVIDIA A100-SXM4-40GB MIG 4g.20gb (0),1,,13,[CUDA memset]
1775172126,128735,34469,,,,,,,,,,1.235,9591.810,Pinned,Device,NVIDIA A100-SXM4-40GB MIG 4g.20gb (0),1,,13,[CUDA memcpy Host-to-Device]
1775307933,23423,34470,,,,,,,,,,0.197,8393.785,Pinned,Device,NVIDIA A100-SXM4-40GB MIG 4g.20gb (0),1,,13,[CUDA memcpy Host-to-Device]
1775340540,8256,34471,69,4,1,48,1,1,76,0.002,0.000,,,,,NVIDIA A100-SXM4-40GB MIG 4g.20gb (0),1,,13,"void ch_est::windowedChEstPreNoDftSOfdmKernel<float, __half, float, (unsigned int)2, (unsigned int)1, (unsigned short)4>(ch_est::puschRxChEstStatDescr_t *, ch_est::puschRxChEstDynDescr_t *)"
1775357116,7648,34472,137,2,1,24,2,1,44,0.001,0.001,,,,,NVIDIA A100-SXM4-40GB MIG 4g.20gb (0),1,,13,"void ch_est::chEstFilterNoDftSOfdmDispatchKernel<float, __half, float, (unsigned int)2>(ch_est::puschRxChEstStatDescr_t *, ch_est::puschRxChEstDynDescr_t *)"
1775372252,6368,34473,137,2,1,24,2,1,44,0.001,0.001,,,,,NVIDIA A100-SXM4-40GB MIG 4g.20gb (0),1,,13,"void ch_est::chEstFilterNoDftSOfdmDispatchKernel<float, __half, float, (unsigned int)2>(ch_est::puschRxChEstStatDescr_t *, ch_est::puschRxChEstDynDescr_t *)"
1775381404,2496,34484,103,1,1,128,1,1,16,0.000,0.000,,,,,NVIDIA A100-SXM4-40GB MIG 4g.20gb (0),1,,13,cupy_copy__complex64_complex64
1775389116,13023,34494,1434,1,1,128,1,1,16,0.000,0.000,,,,,NVIDIA A100-SXM4-40GB MIG 4g.20gb (0),1,,13,cupy_copy__complex64_complex64
1775404411,2592,34501,103,1,1,128,1,1,16,0.000,0.000,,,,,NVIDIA A100-SXM4-40GB MIG 4g.20gb (0),1,,13,cupy_copy__complex64_complex64
1775413563,85343,34508,1,1,1,32,32,1,30,0.000,0.000,,,,,NVIDIA A100-SXM4-40GB MIG 4g.20gb (0),1,,13,"void convert_kernel<__half2, float2>(tensor_layout_any, T1 *, tensor_layout_any, const T2 *)"
1775527642,5600,34511,,,,,,,,,,0.094,16731.388,Pinned,Device,NVIDIA A100-SXM4-40GB MIG 4g.20gb (0),1,,13,[CUDA memcpy Host-to-Device]
1775539706,46207,34512,,,,,,,,,,35.810,774962.479,Device,,NVIDIA A100-SXM4-40GB MIG 4g.20gb (0),1,,13,[CUDA memset]
1775591641,3904,34514,,,,,,,,,,0.000,20.492,Pinned,Device,NVIDIA A100-SXM4-40GB MIG 4g.20gb (0),1,,13,[CUDA memcpy Host-to-Device]
1775599321,13472,34515,,,,,,,,,,0.197,14593.819,Pinned,Device,NVIDIA A100-SXM4-40GB MIG 4g.20gb (0),1,,13,[CUDA memcpy Host-to-Device]
1775623193,12288,34516,273,1,1,48,1,1,40,0.000,0.001,,,,,NVIDIA A100-SXM4-40GB MIG 4g.20gb (0),1,,13,"void pusch_noise_intf_est::noiseIntfEstNoDftSOfdmKernel<float, __half, float, float, (unsigned int)2, (unsigned int)1, (unsigned char)4, (unsigned char)4>(pusch_noise_intf_est::puschRxNoiseIntfEstDynDescr)"
1775638264,3104,34527,35,1,1,128,1,1,16,0.000,0.000,,,,,NVIDIA A100-SXM4-40GB MIG 4g.20gb (0),1,,13,cupy_copy__complex64_complex64
1775650872,1920,34536,1,1,1,1,1,1,18,0.000,0.000,,,,,NVIDIA A100-SXM4-40GB MIG 4g.20gb (0),1,,13,cupy_copy__float32_float32
1775681784,1984,34542,,,,,,,,,,0.000,2.016,Device,Pageable,NVIDIA A100-SXM4-40GB MIG 4g.20gb (0),1,,7,[CUDA memcpy Device-to-Host]
1775741655,13376,34553,1434,1,1,128,1,1,16,0.000,0.000,,,,,NVIDIA A100-SXM4-40GB MIG 4g.20gb (0),1,,13,cupy_copy__complex64_complex64
1775768087,2592,34560,103,1,1,128,1,1,16,0.000,0.000,,,,,NVIDIA A100-SXM4-40GB MIG 4g.20gb (0),1,,13,cupy_copy__complex64_complex64
1775788407,2560,34567,35,1,1,128,1,1,16,0.000,0.000,,,,,NVIDIA A100-SXM4-40GB MIG 4g.20gb (0),1,,13,cupy_copy__complex64_complex64
1775806006,1792,34574,1,1,1,1,1,1,18,0.000,0.000,,,,,NVIDIA A100-SXM4-40GB MIG 4g.20gb (0),1,,13,cupy_copy__float32_float32
1775937653,87167,34585,1,1,1,32,32,1,30,0.000,0.000,,,,,NVIDIA A100-SXM4-40GB MIG 4g.20gb (0),1,,13,"void convert_kernel<__half2, float2>(tensor_layout_any, T1 *, tensor_layout_any, const T2 *)"
1776052499,5696,34588,,,,,,,,,,0.094,16449.363,Pinned,Device,NVIDIA A100-SXM4-40GB MIG 4g.20gb (0),1,,13,[CUDA memcpy Host-to-Device]
1776068339,3616,34589,,,,,,,,,,1.547,427715.774,Device,,NVIDIA A100-SXM4-40GB MIG 4g.20gb (0),1,,13,[CUDA memset]
1776073587,3840,34594,,,,,,,,,,0.031,8149.979,Pinned,Device,NVIDIA A100-SXM4-40GB MIG 4g.20gb (0),1,,13,[CUDA memcpy Host-to-Device]
1776079955,9792,34595,,,,,,,,,,0.197,20078.395,Pinned,Device,NVIDIA A100-SXM4-40GB MIG 4g.20gb (0),1,,13,[CUDA memcpy Host-to-Device]
1776095187,6080,34596,273,1,1,8,4,1,39,0.002,0.000,,,,,NVIDIA A100-SXM4-40GB MIG 4g.20gb (0),1,,13,"void channel_eq::eqMmseCoefCompLowMimoKernel<float, float, float, (unsigned int)4, (unsigned int)1, (unsigned int)4>(const channel_eq::_puschRxChEqStatDescr *, channel_eq::_puschRxChEqCoefCompDynDescr)"
1776104883,7904,34597,273,1,1,12,11,1,51,0.002,0.000,,,,,NVIDIA A100-SXM4-40GB MIG 4g.20gb (0),1,,13,"void channel_eq::eqMmseSoftDemapKernel<float, __half, __half, float, (unsigned int)4, (unsigned short)16383>(channel_eq::_puschRxChEqStatDescr *, channel_eq::_puschRxChEqSoftDemapDynDescr)"
1776115219,290076,34598,1,1,1,32,32,1,30,0.000,0.000,,,,,NVIDIA A100-SXM4-40GB MIG 4g.20gb (0),1,,13,"void convert_kernel<float2, __half2>(tensor_layout_any, T1 *, tensor_layout_any, const T2 *)"
1776407183,11104,34610,2253,1,1,128,1,1,16,0.000,0.000,,,,,NVIDIA A100-SXM4-40GB MIG 4g.20gb (0),1,,13,cupy_copy__float16_float16
1776420239,2912,34619,282,1,1,128,1,1,16,0.000,0.000,,,,,NVIDIA A100-SXM4-40GB MIG 4g.20gb (0),1,,13,cupy_copy__complex64_complex64
1776428751,2368,34628,26,1,1,128,1,1,16,0.000,0.000,,,,,NVIDIA A100-SXM4-40GB MIG 4g.20gb (0),1,,13,cupy_copy__float32_float32
1776432815,4640,34637,103,1,1,128,1,1,16,0.000,0.000,,,,,NVIDIA A100-SXM4-40GB MIG 4g.20gb (0),1,,13,cupy_copy__complex64_complex64
1776438959,12159,34647,1434,1,1,128,1,1,16,0.000,0.000,,,,,NVIDIA A100-SXM4-40GB MIG 4g.20gb (0),1,,13,cupy_copy__complex64_complex64
1776453902,80959,34652,1,1,1,32,32,1,30,0.000,0.000,,,,,NVIDIA A100-SXM4-40GB MIG 4g.20gb (0),1,,13,"void convert_kernel<__half2, float2>(tensor_layout_any, T1 *, tensor_layout_any, const T2 *)"
1776562381,5664,34655,,,,,,,,,,0.094,16542.310,Pinned,Device,NVIDIA A100-SXM4-40GB MIG 4g.20gb (0),1,,13,[CUDA memcpy Host-to-Device]
1776572973,598488,34656,,,,,,,,,,456.561,762457.605,Device,,NVIDIA A100-SXM4-40GB MIG 4g.20gb (0),1,,13,[CUDA memset]
1777178309,161662,34661,,,,,,,,,,1.235,7638.129,Pinned,Device,NVIDIA A100-SXM4-40GB MIG 4g.20gb (0),1,,13,[CUDA memcpy Host-to-Device]
1777353379,40384,34662,,,,,,,,,,0.197,4868.407,Pinned,Device,NVIDIA A100-SXM4-40GB MIG 4g.20gb (0),1,,13,[CUDA memcpy Host-to-Device]
1777424354,7808,34663,69,4,1,48,1,1,76,0.002,0.000,,,,,NVIDIA A100-SXM4-40GB MIG 4g.20gb (0),1,,13,"void ch_est::windowedChEstPreNoDftSOfdmKernel<float, __half, float, (unsigned int)2, (unsigned int)1, (unsigned short)4>(ch_est::puschRxChEstStatDescr_t *, ch_est::puschRxChEstDynDescr_t *)"
1777443618,6624,34664,137,2,1,24,2,1,44,0.001,0.001,,,,,NVIDIA A100-SXM4-40GB MIG 4g.20gb (0),1,,13,"void ch_est::chEstFilterNoDftSOfdmDispatchKernel<float, __half, float, (unsigned int)2>(ch_est::puschRxChEstStatDescr_t *, ch_est::puschRxChEstDynDescr_t *)"
1777460354,4672,34665,137,2,1,24,2,1,44,0.001,0.001,,,,,NVIDIA A100-SXM4-40GB MIG 4g.20gb (0),1,,13,"void ch_est::chEstFilterNoDftSOfdmDispatchKernel<float, __half, float, (unsigned int)2>(ch_est::puschRxChEstStatDescr_t *, ch_est::puschRxChEstDynDescr_t *)"
1777477538,2496,34676,103,1,1,128,1,1,16,0.000,0.000,,,,,NVIDIA A100-SXM4-40GB MIG 4g.20gb (0),1,,13,cupy_copy__complex64_complex64
1777493921,12512,34686,1434,1,1,128,1,1,16,0.000,0.000,,,,,NVIDIA A100-SXM4-40GB MIG 4g.20gb (0),1,,13,cupy_copy__complex64_complex64
1777527329,2528,34693,103,1,1,128,1,1,16,0.000,0.000,,,,,NVIDIA A100-SXM4-40GB MIG 4g.20gb (0),1,,13,cupy_copy__complex64_complex64
1777539041,89055,34700,1,1,1,32,32,1,30,0.000,0.000,,,,,NVIDIA A100-SXM4-40GB MIG 4g.20gb (0),1,,13,"void convert_kernel<__half2, float2>(tensor_layout_any, T1 *, tensor_layout_any, const T2 *)"
1777656351,13312,34703,,,,,,,,,,0.094,7038.444,Pinned,Device,NVIDIA A100-SXM4-40GB MIG 4g.20gb (0),1,,13,[CUDA memcpy Host-to-Device]
1777675423,46944,34704,,,,,,,,,,35.810,762787.106,Device,,NVIDIA A100-SXM4-40GB MIG 4g.20gb (0),1,,13,[CUDA memset]
1777727999,5184,34706,,,,,,,,,,0.000,15.432,Pinned,Device,NVIDIA A100-SXM4-40GB MIG 4g.20gb (0),1,,13,[CUDA memcpy Host-to-Device]
1777739614,19584,34707,,,,,,,,,,0.197,10039.198,Pinned,Device,NVIDIA A100-SXM4-40GB MIG 4g.20gb (0),1,,13,[CUDA memcpy Host-to-Device]
1777772094,12640,34708,273,1,1,48,1,1,40,0.000,0.001,,,,,NVIDIA A100-SXM4-40GB MIG 4g.20gb (0),1,,13,"void pusch_noise_intf_est::noiseIntfEstNoDftSOfdmKernel<float, __half, float, float, (unsigned int)2, (unsigned int)1, (unsigned char)4, (unsigned char)4>(pusch_noise_intf_est::puschRxNoiseIntfEstDynDescr)"
1777791038,2816,34719,35,1,1,128,1,1,16,0.000,0.000,,,,,NVIDIA A100-SXM4-40GB MIG 4g.20gb (0),1,,13,cupy_copy__complex64_complex64
1777800894,1696,34728,1,1,1,1,1,1,18,0.000,0.000,,,,,NVIDIA A100-SXM4-40GB MIG 4g.20gb (0),1,,13,cupy_copy__float32_float32
1777807678,4608,34734,,,,,,,,,,0.000,0.868,Device,Pageable,NVIDIA A100-SXM4-40GB MIG 4g.20gb (0),1,,7,[CUDA memcpy Device-to-Host]
1777874557,13120,34745,1434,1,1,128,1,1,16,0.000,0.000,,,,,NVIDIA A100-SXM4-40GB MIG 4g.20gb (0),1,,13,cupy_copy__complex64_complex64
1777901724,2944,34752,103,1,1,128,1,1,16,0.000,0.000,,,,,NVIDIA A100-SXM4-40GB MIG 4g.20gb (0),1,,13,cupy_copy__complex64_complex64
1777922364,2176,34759,35,1,1,128,1,1,16,0.000,0.000,,,,,NVIDIA A100-SXM4-40GB MIG 4g.20gb (0),1,,13,cupy_copy__complex64_complex64
1777940412,1824,34766,1,1,1,1,1,1,18,0.000,0.000,,,,,NVIDIA A100-SXM4-40GB MIG 4g.20gb (0),1,,13,cupy_copy__float32_float32
1778072090,82239,34777,1,1,1,32,32,1,30,0.000,0.000,,,,,NVIDIA A100-SXM4-40GB MIG 4g.20gb (0),1,,13,"void convert_kernel<__half2, float2>(tensor_layout_any, T1 *, tensor_layout_any, const T2 *)"
1778182649,5888,34780,,,,,,,,,,0.094,15912.954,Pinned,Device,NVIDIA A100-SXM4-40GB MIG 4g.20gb (0),1,,13,[CUDA memcpy Host-to-Device]
1778196249,3264,34781,,,,,,,,,,1.547,473842.288,Device,,NVIDIA A100-SXM4-40GB MIG 4g.20gb (0),1,,13,[CUDA memset]
1778203289,3360,34786,,,,,,,,,,0.031,9314.284,Pinned,Device,NVIDIA A100-SXM4-40GB MIG 4g.20gb (0),1,,13,[CUDA memcpy Host-to-Device]
1778209369,9472,34787,,,,,,,,,,0.197,20756.693,Pinned,Device,NVIDIA A100-SXM4-40GB MIG 4g.20gb (0),1,,13,[CUDA memcpy Host-to-Device]
1778223864,6688,34788,273,1,1,8,4,1,39,0.002,0.000,,,,,NVIDIA A100-SXM4-40GB MIG 4g.20gb (0),1,,13,"void channel_eq::eqMmseCoefCompLowMimoKernel<float, float, float, (unsigned int)4, (unsigned int)1, (unsigned int)4>(const channel_eq::_puschRxChEqStatDescr *, channel_eq::_puschRxChEqCoefCompDynDescr)"
1778231544,6080,34789,273,1,1,12,11,1,51,0.002,0.000,,,,,NVIDIA A100-SXM4-40GB MIG 4g.20gb (0),1,,13,"void channel_eq::eqMmseSoftDemapKernel<float, __half, __half, float, (unsigned int)4, (unsigned short)16383>(channel_eq::_puschRxChEqStatDescr *, channel_eq::_puschRxChEqSoftDemapDynDescr)"
1778238744,282653,34790,1,1,1,32,32,1,30,0.000,0.000,,,,,NVIDIA A100-SXM4-40GB MIG 4g.20gb (0),1,,13,"void convert_kernel<float2, __half2>(tensor_layout_any, T1 *, tensor_layout_any, const T2 *)"
1778524693,11104,34802,2253,1,1,128,1,1,16,0.000,0.000,,,,,NVIDIA A100-SXM4-40GB MIG 4g.20gb (0),1,,13,cupy_copy__float16_float16
1778538453,2944,34811,282,1,1,128,1,1,16,0.000,0.000,,,,,NVIDIA A100-SXM4-40GB MIG 4g.20gb (0),1,,13,cupy_copy__complex64_complex64
1778542484,2048,34820,26,1,1,128,1,1,16,0.000,0.000,,,,,NVIDIA A100-SXM4-40GB MIG 4g.20gb (0),1,,13,cupy_copy__float32_float32
1778545684,3168,34829,103,1,1,128,1,1,16,0.000,0.000,,,,,NVIDIA A100-SXM4-40GB MIG 4g.20gb (0),1,,13,cupy_copy__complex64_complex64
1778549908,12064,34839,1434,1,1,128,1,1,16,0.000,0.000,,,,,NVIDIA A100-SXM4-40GB MIG 4g.20gb (0),1,,13,cupy_copy__complex64_complex64
1778568884,81663,34844,1,1,1,32,32,1,30,0.000,0.000,,,,,NVIDIA A100-SXM4-40GB MIG 4g.20gb (0),1,,13,"void convert_kernel<__half2, float2>(tensor_layout_any, T1 *, tensor_layout_any, const T2 *)"
1778677139,5760,34847,,,,,,,,,,0.094,16266.656,Pinned,Device,NVIDIA A100-SXM4-40GB MIG 4g.20gb (0),1,,13,[CUDA memcpy Host-to-Device]
1778686995,596888,34848,,,,,,,,,,456.561,764740.412,Device,,NVIDIA A100-SXM4-40GB MIG 4g.20gb (0),1,,13,[CUDA memset]
1779286635,142847,34853,,,,,,,,,,1.235,8644.608,Pinned,Device,NVIDIA A100-SXM4-40GB MIG 4g.20gb (0),1,,13,[CUDA memcpy Host-to-Device]
1779442889,40000,34854,,,,,,,,,,0.197,4915.200,Pinned,Device,NVIDIA A100-SXM4-40GB MIG 4g.20gb (0),1,,13,[CUDA memcpy Host-to-Device]
1779501257,8096,34855,69,4,1,48,1,1,76,0.002,0.000,,,,,NVIDIA A100-SXM4-40GB MIG 4g.20gb (0),1,,13,"void ch_est::windowedChEstPreNoDftSOfdmKernel<float, __half, float, (unsigned int)2, (unsigned int)1, (unsigned short)4>(ch_est::puschRxChEstStatDescr_t *, ch_est::puschRxChEstDynDescr_t *)"
1779520712,6688,34856,137,2,1,24,2,1,44,0.001,0.001,,,,,NVIDIA A100-SXM4-40GB MIG 4g.20gb (0),1,,13,"void ch_est::chEstFilterNoDftSOfdmDispatchKernel<float, __half, float, (unsigned int)2>(ch_est::puschRxChEstStatDescr_t *, ch_est::puschRxChEstDynDescr_t *)"
1779537448,4768,34857,137,2,1,24,2,1,44,0.001,0.001,,,,,NVIDIA A100-SXM4-40GB MIG 4g.20gb (0),1,,13,"void ch_est::chEstFilterNoDftSOfdmDispatchKernel<float, __half, float, (unsigned int)2>(ch_est::puschRxChEstStatDescr_t *, ch_est::puschRxChEstDynDescr_t *)"
1779554440,2592,34868,103,1,1,128,1,1,16,0.000,0.000,,,,,NVIDIA A100-SXM4-40GB MIG 4g.20gb (0),1,,13,cupy_copy__complex64_complex64
1779571112,12416,34878,1434,1,1,128,1,1,16,0.000,0.000,,,,,NVIDIA A100-SXM4-40GB MIG 4g.20gb (0),1,,13,cupy_copy__complex64_complex64
1779592487,2880,34885,103,1,1,128,1,1,16,0.000,0.000,,,,,NVIDIA A100-SXM4-40GB MIG 4g.20gb (0),1,,13,cupy_copy__complex64_complex64
1779618215,88479,34892,1,1,1,32,32,1,30,0.000,0.000,,,,,NVIDIA A100-SXM4-40GB MIG 4g.20gb (0),1,,13,"void convert_kernel<__half2, float2>(tensor_layout_any, T1 *, tensor_layout_any, const T2 *)"
1779739142,24223,34895,,,,,,,,,,0.094,3868.052,Pinned,Device,NVIDIA A100-SXM4-40GB MIG 4g.20gb (0),1,,13,[CUDA memcpy Host-to-Device]
1779788229,46559,34896,,,,,,,,,,35.810,769125.462,Device,,NVIDIA A100-SXM4-40GB MIG 4g.20gb (0),1,,13,[CUDA memset]
1779841508,11520,34898,,,,,,,,,,0.000,6.944,Pinned,Device,NVIDIA A100-SXM4-40GB MIG 4g.20gb (0),1,,13,[CUDA memcpy Host-to-Device]
1779865380,19744,34899,,,,,,,,,,0.197,9957.802,Pinned,Device,NVIDIA A100-SXM4-40GB MIG 4g.20gb (0),1,,13,[CUDA memcpy Host-to-Device]
1779904420,9663,34900,273,1,1,48,1,1,40,0.000,0.001,,,,,NVIDIA A100-SXM4-40GB MIG 4g.20gb (0),1,,13,"void pusch_noise_intf_est::noiseIntfEstNoDftSOfdmKernel<float, __half, float, float, (unsigned int)2, (unsigned int)1, (unsigned char)4, (unsigned char)4>(pusch_noise_intf_est::puschRxNoiseIntfEstDynDescr)"
1779922787,2848,34911,35,1,1,128,1,1,16,0.000,0.000,,,,,NVIDIA A100-SXM4-40GB MIG 4g.20gb (0),1,,13,cupy_copy__complex64_complex64
1779932515,1696,34920,1,1,1,1,1,1,18,0.000,0.000,,,,,NVIDIA A100-SXM4-40GB MIG 4g.20gb (0),1,,13,cupy_copy__float32_float32
1779940835,3680,34926,,,,,,,,,,0.000,1.087,Device,Pageable,NVIDIA A100-SXM4-40GB MIG 4g.20gb (0),1,,7,[CUDA memcpy Device-to-Host]
1780016130,12960,34937,1434,1,1,128,1,1,16,0.000,0.000,,,,,NVIDIA A100-SXM4-40GB MIG 4g.20gb (0),1,,13,cupy_copy__complex64_complex64
1780041570,3104,34944,103,1,1,128,1,1,16,0.000,0.000,,,,,NVIDIA A100-SXM4-40GB MIG 4g.20gb (0),1,,13,cupy_copy__complex64_complex64
1780067010,2560,34951,35,1,1,128,1,1,16,0.000,0.000,,,,,NVIDIA A100-SXM4-40GB MIG 4g.20gb (0),1,,13,cupy_copy__complex64_complex64
1780081761,2144,34958,1,1,1,1,1,1,18,0.000,0.000,,,,,NVIDIA A100-SXM4-40GB MIG 4g.20gb (0),1,,13,cupy_copy__float32_float32
1780211712,83295,34969,1,1,1,32,32,1,30,0.000,0.000,,,,,NVIDIA A100-SXM4-40GB MIG 4g.20gb (0),1,,13,"void convert_kernel<__half2, float2>(tensor_layout_any, T1 *, tensor_layout_any, const T2 *)"
1780322686,6240,34972,,,,,,,,,,0.094,15015.346,Pinned,Device,NVIDIA A100-SXM4-40GB MIG 4g.20gb (0),1,,13,[CUDA memcpy Host-to-Device]
1780336286,3424,34973,,,,,,,,,,1.547,451700.819,Device,,NVIDIA A100-SXM4-40GB MIG 4g.20gb (0),1,,13,[CUDA memset]
1780343454,3008,34978,,,,,,,,,,0.031,10404.230,Pinned,Device,NVIDIA A100-SXM4-40GB MIG 4g.20gb (0),1,,13,[CUDA memcpy Host-to-Device]
1780349054,9728,34979,,,,,,,,,,0.197,20210.516,Pinned,Device,NVIDIA A100-SXM4-40GB MIG 4g.20gb (0),1,,13,[CUDA memcpy Host-to-Device]
1780362622,6496,34980,273,1,1,8,4,1,39,0.002,0.000,,,,,NVIDIA A100-SXM4-40GB MIG 4g.20gb (0),1,,13,"void channel_eq::eqMmseCoefCompLowMimoKernel<float, float, float, (unsigned int)4, (unsigned int)1, (unsigned int)4>(const channel_eq::_puschRxChEqStatDescr *, channel_eq::_puschRxChEqCoefCompDynDescr)"
1780370174,6464,34981,273,1,1,12,11,1,51,0.002,0.000,,,,,NVIDIA A100-SXM4-40GB MIG 4g.20gb (0),1,,13,"void channel_eq::eqMmseSoftDemapKernel<float, __half, __half, float, (unsigned int)4, (unsigned short)16383>(channel_eq::_puschRxChEqStatDescr *, channel_eq::_puschRxChEqSoftDemapDynDescr)"
1780377726,283132,34982,1,1,1,32,32,1,30,0.000,0.000,,,,,NVIDIA A100-SXM4-40GB MIG 4g.20gb (0),1,,13,"void convert_kernel<float2, __half2>(tensor_layout_any, T1 *, tensor_layout_any, const T2 *)"
1780661978,11136,34994,2253,1,1,128,1,1,16,0.000,0.000,,,,,NVIDIA A100-SXM4-40GB MIG 4g.20gb (0),1,,13,cupy_copy__float16_float16
1780676698,3104,35003,282,1,1,128,1,1,16,0.000,0.000,,,,,NVIDIA A100-SXM4-40GB MIG 4g.20gb (0),1,,13,cupy_copy__complex64_complex64
1780682458,2176,35012,26,1,1,128,1,1,16,0.000,0.000,,,,,NVIDIA A100-SXM4-40GB MIG 4g.20gb (0),1,,13,cupy_copy__float32_float32
1780686650,3456,35021,103,1,1,128,1,1,16,0.000,0.000,,,,,NVIDIA A100-SXM4-40GB MIG 4g.20gb (0),1,,13,cupy_copy__complex64_complex64
1780691610,12320,35031,1434,1,1,128,1,1,16,0.000,0.000,,,,,NVIDIA A100-SXM4-40GB MIG 4g.20gb (0),1,,13,cupy_copy__complex64_complex64
1780709338,81663,35036,1,1,1,32,32,1,30,0.000,0.000,,,,,NVIDIA A100-SXM4-40GB MIG 4g.20gb (0),1,,13,"void convert_kernel<__half2, float2>(tensor_layout_any, T1 *, tensor_layout_any, const T2 *)"
1780817336,5888,35039,,,,,,,,,,0.094,15912.954,Pinned,Device,NVIDIA A100-SXM4-40GB MIG 4g.20gb (0),1,,13,[CUDA memcpy Host-to-Device]
1780827512,597113,35040,,,,,,,,,,456.561,764283.851,Device,,NVIDIA A100-SXM4-40GB MIG 4g.20gb (0),1,,13,[CUDA memset]
1781432465,131742,35045,,,,,,,,,,1.235,9373.225,Pinned,Device,NVIDIA A100-SXM4-40GB MIG 4g.20gb (0),1,,13,[CUDA memcpy Host-to-Device]
1781575727,43135,35046,,,,,,,,,,0.197,4557.963,Pinned,Device,NVIDIA A100-SXM4-40GB MIG 4g.20gb (0),1,,13,[CUDA memcpy Host-to-Device]
1781636686,8480,35047,69,4,1,48,1,1,76,0.002,0.000,,,,,NVIDIA A100-SXM4-40GB MIG 4g.20gb (0),1,,13,"void ch_est::windowedChEstPreNoDftSOfdmKernel<float, __half, float, (unsigned int)2, (unsigned int)1, (unsigned short)4>(ch_est::puschRxChEstStatDescr_t *, ch_est::puschRxChEstDynDescr_t *)"
1781651438,6592,35048,137,2,1,24,2,1,44,0.001,0.001,,,,,NVIDIA A100-SXM4-40GB MIG 4g.20gb (0),1,,13,"void ch_est::chEstFilterNoDftSOfdmDispatchKernel<float, __half, float, (unsigned int)2>(ch_est::puschRxChEstStatDescr_t *, ch_est::puschRxChEstDynDescr_t *)"
1781666382,4736,35049,137,2,1,24,2,1,44,0.001,0.001,,,,,NVIDIA A100-SXM4-40GB MIG 4g.20gb (0),1,,13,"void ch_est::chEstFilterNoDftSOfdmDispatchKernel<float, __half, float, (unsigned int)2>(ch_est::puschRxChEstStatDescr_t *, ch_est::puschRxChEstDynDescr_t *)"
1781678958,2624,35060,103,1,1,128,1,1,16,0.000,0.000,,,,,NVIDIA A100-SXM4-40GB MIG 4g.20gb (0),1,,13,cupy_copy__complex64_complex64
1781691245,12512,35070,1434,1,1,128,1,1,16,0.000,0.000,,,,,NVIDIA A100-SXM4-40GB MIG 4g.20gb (0),1,,13,cupy_copy__complex64_complex64
1781710445,2624,35077,103,1,1,128,1,1,16,0.000,0.000,,,,,NVIDIA A100-SXM4-40GB MIG 4g.20gb (0),1,,13,cupy_copy__complex64_complex64
1781726285,87743,35084,1,1,1,32,32,1,30,0.000,0.000,,,,,NVIDIA A100-SXM4-40GB MIG 4g.20gb (0),1,,13,"void convert_kernel<__half2, float2>(tensor_layout_any, T1 *, tensor_layout_any, const T2 *)"
1781847628,18143,35087,,,,,,,,,,0.094,5164.242,Pinned,Device,NVIDIA A100-SXM4-40GB MIG 4g.20gb (0),1,,13,[CUDA memcpy Host-to-Device]
1781881067,46720,35088,,,,,,,,,,35.810,766475.528,Device,,NVIDIA A100-SXM4-40GB MIG 4g.20gb (0),1,,13,[CUDA memset]
1781935242,12832,35090,,,,,,,,,,0.000,6.234,Pinned,Device,NVIDIA A100-SXM4-40GB MIG 4g.20gb (0),1,,13,[CUDA memcpy Host-to-Device]
1781956522,24000,35091,,,,,,,,,,0.197,8191.869,Pinned,Device,NVIDIA A100-SXM4-40GB MIG 4g.20gb (0),1,,13,[CUDA memcpy Host-to-Device]
1782009322,9951,35092,273,1,1,48,1,1,40,0.000,0.001,,,,,NVIDIA A100-SXM4-40GB MIG 4g.20gb (0),1,,13,"void pusch_noise_intf_est::noiseIntfEstNoDftSOfdmKernel<float, __half, float, float, (unsigned int)2, (unsigned int)1, (unsigned char)4, (unsigned char)4>(pusch_noise_intf_est::puschRxNoiseIntfEstDynDescr)"
1782026313,2752,35103,35,1,1,128,1,1,16,0.000,0.000,,,,,NVIDIA A100-SXM4-40GB MIG 4g.20gb (0),1,,13,cupy_copy__complex64_complex64
1782042953,1696,35112,1,1,1,1,1,1,18,0.000,0.000,,,,,NVIDIA A100-SXM4-40GB MIG 4g.20gb (0),1,,13,cupy_copy__float32_float32
1782046153,8480,35118,,,,,,,,,,0.000,0.472,Device,Pageable,NVIDIA A100-SXM4-40GB MIG 4g.20gb (0),1,,7,[CUDA memcpy Device-to-Host]
1782138344,12896,35129,1434,1,1,128,1,1,16,0.000,0.000,,,,,NVIDIA A100-SXM4-40GB MIG 4g.20gb (0),1,,13,cupy_copy__complex64_complex64
1782163784,2944,35136,103,1,1,128,1,1,16,0.000,0.000,,,,,NVIDIA A100-SXM4-40GB MIG 4g.20gb (0),1,,13,cupy_copy__complex64_complex64
1782182727,2560,35143,35,1,1,128,1,1,16,0.000,0.000,,,,,NVIDIA A100-SXM4-40GB MIG 4g.20gb (0),1,,13,cupy_copy__complex64_complex64
1782204807,1824,35150,1,1,1,1,1,1,18,0.000,0.000,,,,,NVIDIA A100-SXM4-40GB MIG 4g.20gb (0),1,,13,cupy_copy__float32_float32
1782332262,87294,35161,1,1,1,32,32,1,30,0.000,0.000,,,,,NVIDIA A100-SXM4-40GB MIG 4g.20gb (0),1,,13,"void convert_kernel<__half2, float2>(tensor_layout_any, T1 *, tensor_layout_any, const T2 *)"
1782448068,13920,35164,,,,,,,,,,0.094,6731.027,Pinned,Device,NVIDIA A100-SXM4-40GB MIG 4g.20gb (0),1,,13,[CUDA memcpy Host-to-Device]
1782470372,3488,35165,,,,,,,,,,1.547,443412.461,Device,,NVIDIA A100-SXM4-40GB MIG 4g.20gb (0),1,,13,[CUDA memset]
1782477028,7904,35170,,,,,,,,,,0.031,3959.507,Pinned,Device,NVIDIA A100-SXM4-40GB MIG 4g.20gb (0),1,,13,[CUDA memcpy Host-to-Device]
1782488260,16927,35171,,,,,,,,,,0.197,11615.011,Pinned,Device,NVIDIA A100-SXM4-40GB MIG 4g.20gb (0),1,,13,[CUDA memcpy Host-to-Device]
1782516675,8192,35172,273,1,1,8,4,1,39,0.002,0.000,,,,,NVIDIA A100-SXM4-40GB MIG 4g.20gb (0),1,,13,"void channel_eq::eqMmseCoefCompLowMimoKernel<float, float, float, (unsigned int)4, (unsigned int)1, (unsigned int)4>(const channel_eq::_puschRxChEqStatDescr *, channel_eq::_puschRxChEqCoefCompDynDescr)"
1782533123,5600,35173,273,1,1,12,11,1,51,0.002,0.000,,,,,NVIDIA A100-SXM4-40GB MIG 4g.20gb (0),1,,13,"void channel_eq::eqMmseSoftDemapKernel<float, __half, __half, float, (unsigned int)4, (unsigned short)16383>(channel_eq::_puschRxChEqStatDescr *, channel_eq::_puschRxChEqSoftDemapDynDescr)"
1782540899,290140,35174,1,1,1,32,32,1,30,0.000,0.000,,,,,NVIDIA A100-SXM4-40GB MIG 4g.20gb (0),1,,13,"void convert_kernel<float2, __half2>(tensor_layout_any, T1 *, tensor_layout_any, const T2 *)"
1782832063,10944,35186,2253,1,1,128,1,1,16,0.000,0.000,,,,,NVIDIA A100-SXM4-40GB MIG 4g.20gb (0),1,,13,cupy_copy__float16_float16
1782845215,2848,35195,282,1,1,128,1,1,16,0.000,0.000,,,,,NVIDIA A100-SXM4-40GB MIG 4g.20gb (0),1,,13,cupy_copy__complex64_complex64
1782849183,2528,35204,26,1,1,128,1,1,16,0.000,0.000,,,,,NVIDIA A100-SXM4-40GB MIG 4g.20gb (0),1,,13,cupy_copy__float32_float32
1782852831,2880,35213,103,1,1,128,1,1,16,0.000,0.000,,,,,NVIDIA A100-SXM4-40GB MIG 4g.20gb (0),1,,13,cupy_copy__complex64_complex64
1782857919,12384,35223,1434,1,1,128,1,1,16,0.000,0.000,,,,,NVIDIA A100-SXM4-40GB MIG 4g.20gb (0),1,,13,cupy_copy__complex64_complex64
1782874143,81599,35228,1,1,1,32,32,1,30,0.000,0.000,,,,,NVIDIA A100-SXM4-40GB MIG 4g.20gb (0),1,,13,"void convert_kernel<__half2, float2>(tensor_layout_any, T1 *, tensor_layout_any, const T2 *)"
1782983805,5984,35231,,,,,,,,,,0.094,15657.726,Pinned,Device,NVIDIA A100-SXM4-40GB MIG 4g.20gb (0),1,,13,[CUDA memcpy Host-to-Device]
1782996029,599993,35232,,,,,,,,,,456.561,760631.359,Device,,NVIDIA A100-SXM4-40GB MIG 4g.20gb (0),1,,13,[CUDA memset]
1783601590,130750,35237,,,,,,,,,,1.235,9444.852,Pinned,Device,NVIDIA A100-SXM4-40GB MIG 4g.20gb (0),1,,13,[CUDA memcpy Host-to-Device]
1783739924,20544,35238,,,,,,,,,,0.197,9570.091,Pinned,Device,NVIDIA A100-SXM4-40GB MIG 4g.20gb (0),1,,13,[CUDA memcpy Host-to-Device]
1783775860,8224,35239,69,4,1,48,1,1,76,0.002,0.000,,,,,NVIDIA A100-SXM4-40GB MIG 4g.20gb (0),1,,13,"void ch_est::windowedChEstPreNoDftSOfdmKernel<float, __half, float, (unsigned int)2, (unsigned int)1, (unsigned short)4>(ch_est::puschRxChEstStatDescr_t *, ch_est::puschRxChEstDynDescr_t *)"
1783791443,6752,35240,137,2,1,24,2,1,44,0.001,0.001,,,,,NVIDIA A100-SXM4-40GB MIG 4g.20gb (0),1,,13,"void ch_est::chEstFilterNoDftSOfdmDispatchKernel<float, __half, float, (unsigned int)2>(ch_est::puschRxChEstStatDescr_t *, ch_est::puschRxChEstDynDescr_t *)"
1783806579,5088,35241,137,2,1,24,2,1,44,0.001,0.001,,,,,NVIDIA A100-SXM4-40GB MIG 4g.20gb (0),1,,13,"void ch_est::chEstFilterNoDftSOfdmDispatchKernel<float, __half, float, (unsigned int)2>(ch_est::puschRxChEstStatDescr_t *, ch_est::puschRxChEstDynDescr_t *)"
1783815507,2528,35252,103,1,1,128,1,1,16,0.000,0.000,,,,,NVIDIA A100-SXM4-40GB MIG 4g.20gb (0),1,,13,cupy_copy__complex64_complex64
1783824051,12672,35262,1434,1,1,128,1,1,16,0.000,0.000,,,,,NVIDIA A100-SXM4-40GB MIG 4g.20gb (0),1,,13,cupy_copy__complex64_complex64
1783839571,2688,35269,103,1,1,128,1,1,16,0.000,0.000,,,,,NVIDIA A100-SXM4-40GB MIG 4g.20gb (0),1,,13,cupy_copy__complex64_complex64
1783850099,82047,35276,1,1,1,32,32,1,30,0.000,0.000,,,,,NVIDIA A100-SXM4-40GB MIG 4g.20gb (0),1,,13,"void convert_kernel<__half2, float2>(tensor_layout_any, T1 *, tensor_layout_any, const T2 *)"
1783963409,10688,35279,,,,,,,,,,0.094,8766.385,Pinned,Device,NVIDIA A100-SXM4-40GB MIG 4g.20gb (0),1,,13,[CUDA memcpy Host-to-Device]
1783983825,46975,35280,,,,,,,,,,35.810,762285.767,Device,,NVIDIA A100-SXM4-40GB MIG 4g.20gb (0),1,,13,[CUDA memset]
1784033616,7808,35282,,,,,,,,,,0.000,10.246,Pinned,Device,NVIDIA A100-SXM4-40GB MIG 4g.20gb (0),1,,13,[CUDA memcpy Host-to-Device]
1784046256,22208,35283,,,,,,,,,,0.197,8852.865,Pinned,Device,NVIDIA A100-SXM4-40GB MIG 4g.20gb (0),1,,13,[CUDA memcpy Host-to-Device]
1784080816,9600,35284,273,1,1,48,1,1,40,0.000,0.001,,,,,NVIDIA A100-SXM4-40GB MIG 4g.20gb (0),1,,13,"void pusch_noise_intf_est::noiseIntfEstNoDftSOfdmKernel<float, __half, float, float, (unsigned int)2, (unsigned int)1, (unsigned char)4, (unsigned char)4>(pusch_noise_intf_est::puschRxNoiseIntfEstDynDescr)"
1784098032,2880,35295,35,1,1,128,1,1,16,0.000,0.000,,,,,NVIDIA A100-SXM4-40GB MIG 4g.20gb (0),1,,13,cupy_copy__complex64_complex64
1784109552,1759,35304,1,1,1,1,1,1,18,0.000,0.000,,,,,NVIDIA A100-SXM4-40GB MIG 4g.20gb (0),1,,13,cupy_copy__float32_float32
1784118863,4416,35310,,,,,,,,,,0.000,0.906,Device,Pageable,NVIDIA A100-SXM4-40GB MIG 4g.20gb (0),1,,7,[CUDA memcpy Device-to-Host]
1784188047,13023,35321,1434,1,1,128,1,1,16,0.000,0.000,,,,,NVIDIA A100-SXM4-40GB MIG 4g.20gb (0),1,,13,cupy_copy__complex64_complex64
1784214382,3328,35328,103,1,1,128,1,1,16,0.000,0.000,,,,,NVIDIA A100-SXM4-40GB MIG 4g.20gb (0),1,,13,cupy_copy__complex64_complex64
1784234254,2176,35335,35,1,1,128,1,1,16,0.000,0.000,,,,,NVIDIA A100-SXM4-40GB MIG 4g.20gb (0),1,,13,cupy_copy__complex64_complex64
1784255182,1824,35342,1,1,1,1,1,1,18,0.000,0.000,,,,,NVIDIA A100-SXM4-40GB MIG 4g.20gb (0),1,,13,cupy_copy__float32_float32
1784384492,88191,35353,1,1,1,32,32,1,30,0.000,0.000,,,,,NVIDIA A100-SXM4-40GB MIG 4g.20gb (0),1,,13,"void convert_kernel<__half2, float2>(tensor_layout_any, T1 *, tensor_layout_any, const T2 *)"
1784500523,5760,35356,,,,,,,,,,0.094,16266.656,Pinned,Device,NVIDIA A100-SXM4-40GB MIG 4g.20gb (0),1,,13,[CUDA memcpy Host-to-Device]
1784515946,3424,35357,,,,,,,,,,1.547,451700.819,Device,,NVIDIA A100-SXM4-40GB MIG 4g.20gb (0),1,,13,[CUDA memset]
1784521642,3232,35362,,,,,,,,,,0.031,9683.139,Pinned,Device,NVIDIA A100-SXM4-40GB MIG 4g.20gb (0),1,,13,[CUDA memcpy Host-to-Device]
1784527050,9504,35363,,,,,,,,,,0.197,20686.701,Pinned,Device,NVIDIA A100-SXM4-40GB MIG 4g.20gb (0),1,,13,[CUDA memcpy Host-to-Device]
1784541386,6752,35364,273,1,1,8,4,1,39,0.002,0.000,,,,,NVIDIA A100-SXM4-40GB MIG 4g.20gb (0),1,,13,"void channel_eq::eqMmseCoefCompLowMimoKernel<float, float, float, (unsigned int)4, (unsigned int)1, (unsigned int)4>(const channel_eq::_puschRxChEqStatDescr *, channel_eq::_puschRxChEqCoefCompDynDescr)"
1784549098,6112,35365,273,1,1,12,11,1,51,0.002,0.000,,,,,NVIDIA A100-SXM4-40GB MIG 4g.20gb (0),1,,13,"void channel_eq::eqMmseSoftDemapKernel<float, __half, __half, float, (unsigned int)4, (unsigned short)16383>(channel_eq::_puschRxChEqStatDescr *, channel_eq::_puschRxChEqSoftDemapDynDescr)"
1784556202,282684,35366,1,1,1,32,32,1,30,0.000,0.000,,,,,NVIDIA A100-SXM4-40GB MIG 4g.20gb (0),1,,13,"void convert_kernel<float2, __half2>(tensor_layout_any, T1 *, tensor_layout_any, const T2 *)"
1784840294,10944,35378,2253,1,1,128,1,1,16,0.000,0.000,,,,,NVIDIA A100-SXM4-40GB MIG 4g.20gb (0),1,,13,cupy_copy__float16_float16
1784854406,3520,35387,282,1,1,128,1,1,16,0.000,0.000,,,,,NVIDIA A100-SXM4-40GB MIG 4g.20gb (0),1,,13,cupy_copy__complex64_complex64
1784859558,2112,35396,26,1,1,128,1,1,16,0.000,0.000,,,,,NVIDIA A100-SXM4-40GB MIG 4g.20gb (0),1,,13,cupy_copy__float32_float32
1784865350,2848,35405,103,1,1,128,1,1,16,0.000,0.000,,,,,NVIDIA A100-SXM4-40GB MIG 4g.20gb (0),1,,13,cupy_copy__complex64_complex64
1784870406,12128,35415,1434,1,1,128,1,1,16,0.000,0.000,,,,,NVIDIA A100-SXM4-40GB MIG 4g.20gb (0),1,,13,cupy_copy__complex64_complex64
1784887526,87231,35420,1,1,1,32,32,1,30,0.000,0.000,,,,,NVIDIA A100-SXM4-40GB MIG 4g.20gb (0),1,,13,"void convert_kernel<__half2, float2>(tensor_layout_any, T1 *, tensor_layout_any, const T2 *)"
1785001988,5536,35423,,,,,,,,,,0.094,16924.777,Pinned,Device,NVIDIA A100-SXM4-40GB MIG 4g.20gb (0),1,,13,[CUDA memcpy Host-to-Device]
1785012932,599769,35424,,,,,,,,,,456.561,761087.920,Device,,NVIDIA A100-SXM4-40GB MIG 4g.20gb (0),1,,13,[CUDA memset]
1785618429,159134,35429,,,,,,,,,,1.235,7760.388,Pinned,Device,NVIDIA A100-SXM4-40GB MIG 4g.20gb (0),1,,13,[CUDA memcpy Host-to-Device]
1785791067,40223,35430,,,,,,,,,,0.197,4887.871,Pinned,Device,NVIDIA A100-SXM4-40GB MIG 4g.20gb (0),1,,13,[CUDA memcpy Host-to-Device]
1785852570,8128,35431,69,4,1,48,1,1,76,0.002,0.000,,,,,NVIDIA A100-SXM4-40GB MIG 4g.20gb (0),1,,13,"void ch_est::windowedChEstPreNoDftSOfdmKernel<float, __half, float, (unsigned int)2, (unsigned int)1, (unsigned short)4>(ch_est::puschRxChEstStatDescr_t *, ch_est::puschRxChEstDynDescr_t *)"
1785870426,6880,35432,137,2,1,24,2,1,44,0.001,0.001,,,,,NVIDIA A100-SXM4-40GB MIG 4g.20gb (0),1,,13,"void ch_est::chEstFilterNoDftSOfdmDispatchKernel<float, __half, float, (unsigned int)2>(ch_est::puschRxChEstStatDescr_t *, ch_est::puschRxChEstDynDescr_t *)"
1785887833,4864,35433,137,2,1,24,2,1,44,0.001,0.001,,,,,NVIDIA A100-SXM4-40GB MIG 4g.20gb (0),1,,13,"void ch_est::chEstFilterNoDftSOfdmDispatchKernel<float, __half, float, (unsigned int)2>(ch_est::puschRxChEstStatDescr_t *, ch_est::puschRxChEstDynDescr_t *)"
1785902297,2496,35444,103,1,1,128,1,1,16,0.000,0.000,,,,,NVIDIA A100-SXM4-40GB MIG 4g.20gb (0),1,,13,cupy_copy__complex64_complex64
1785918969,12896,35454,1434,1,1,128,1,1,16,0.000,0.000,,,,,NVIDIA A100-SXM4-40GB MIG 4g.20gb (0),1,,13,cupy_copy__complex64_complex64
1785947129,2624,35461,103,1,1,128,1,1,16,0.000,0.000,,,,,NVIDIA A100-SXM4-40GB MIG 4g.20gb (0),1,,13,cupy_copy__complex64_complex64
1785957177,88095,35468,1,1,1,32,32,1,30,0.000,0.000,,,,,NVIDIA A100-SXM4-40GB MIG 4g.20gb (0),1,,13,"void convert_kernel<__half2, float2>(tensor_layout_any, T1 *, tensor_layout_any, const T2 *)"
1786075959,9504,35471,,,,,,,,,,0.094,9858.506,Pinned,Device,NVIDIA A100-SXM4-40GB MIG 4g.20gb (0),1,,13,[CUDA memcpy Host-to-Device]
1786095927,47615,35472,,,,,,,,,,35.810,752044.130,Device,,NVIDIA A100-SXM4-40GB MIG 4g.20gb (0),1,,13,[CUDA memset]
1786147318,8416,35474,,,,,,,,,,0.000,9.506,Pinned,Device,NVIDIA A100-SXM4-40GB MIG 4g.20gb (0),1,,13,[CUDA memcpy Host-to-Device]
1786159798,19200,35475,,,,,,,,,,0.197,10239.934,Pinned,Device,NVIDIA A100-SXM4-40GB MIG 4g.20gb (0),1,,13,[CUDA memcpy Host-to-Device]
1786192118,10016,35476,273,1,1,48,1,1,40,0.000,0.001,,,,,NVIDIA A100-SXM4-40GB MIG 4g.20gb (0),1,,13,"void pusch_noise_intf_est::noiseIntfEstNoDftSOfdmKernel<float, __half, float, float, (unsigned int)2, (unsigned int)1, (unsigned char)4, (unsigned char)4>(pusch_noise_intf_est::puschRxNoiseIntfEstDynDescr)"
1786209333,2848,35487,35,1,1,128,1,1,16,0.000,0.000,,,,,NVIDIA A100-SXM4-40GB MIG 4g.20gb (0),1,,13,cupy_copy__complex64_complex64
1786219701,1696,35496,1,1,1,1,1,1,18,0.000,0.000,,,,,NVIDIA A100-SXM4-40GB MIG 4g.20gb (0),1,,13,cupy_copy__float32_float32
1786226773,6688,35502,,,,,,,,,,0.000,0.598,Device,Pageable,NVIDIA A100-SXM4-40GB MIG 4g.20gb (0),1,,7,[CUDA memcpy Device-to-Host]
1786307764,13120,35513,1434,1,1,128,1,1,16,0.000,0.000,,,,,NVIDIA A100-SXM4-40GB MIG 4g.20gb (0),1,,13,cupy_copy__complex64_complex64
1786337684,2720,35520,103,1,1,128,1,1,16,0.000,0.000,,,,,NVIDIA A100-SXM4-40GB MIG 4g.20gb (0),1,,13,cupy_copy__complex64_complex64
1786358868,2848,35527,35,1,1,128,1,1,16,0.000,0.000,,,,,NVIDIA A100-SXM4-40GB MIG 4g.20gb (0),1,,13,cupy_copy__complex64_complex64
1786370867,1920,35534,1,1,1,1,1,1,18,0.000,0.000,,,,,NVIDIA A100-SXM4-40GB MIG 4g.20gb (0),1,,13,cupy_copy__float32_float32
1786501138,88191,35545,1,1,1,32,32,1,30,0.000,0.000,,,,,NVIDIA A100-SXM4-40GB MIG 4g.20gb (0),1,,13,"void convert_kernel<__half2, float2>(tensor_layout_any, T1 *, tensor_layout_any, const T2 *)"
1786617168,5760,35548,,,,,,,,,,0.094,16266.656,Pinned,Device,NVIDIA A100-SXM4-40GB MIG 4g.20gb (0),1,,13,[CUDA memcpy Host-to-Device]
1786631216,3776,35549,,,,,,,,,,1.547,409592.434,Device,,NVIDIA A100-SXM4-40GB MIG 4g.20gb (0),1,,13,[CUDA memset]
1786637872,3648,35554,,,,,,,,,,0.031,8578.922,Pinned,Device,NVIDIA A100-SXM4-40GB MIG 4g.20gb (0),1,,13,[CUDA memcpy Host-to-Device]
1786643920,9792,35555,,,,,,,,,,0.197,20078.395,Pinned,Device,NVIDIA A100-SXM4-40GB MIG 4g.20gb (0),1,,13,[CUDA memcpy Host-to-Device]
1786657712,6528,35556,273,1,1,8,4,1,39,0.002,0.000,,,,,NVIDIA A100-SXM4-40GB MIG 4g.20gb (0),1,,13,"void channel_eq::eqMmseCoefCompLowMimoKernel<float, float, float, (unsigned int)4, (unsigned int)1, (unsigned int)4>(const channel_eq::_puschRxChEqStatDescr *, channel_eq::_puschRxChEqCoefCompDynDescr)"
1786666800,6144,35557,273,1,1,12,11,1,51,0.002,0.000,,,,,NVIDIA A100-SXM4-40GB MIG 4g.20gb (0),1,,13,"void channel_eq::eqMmseSoftDemapKernel<float, __half, __half, float, (unsigned int)4, (unsigned short)16383>(channel_eq::_puschRxChEqStatDescr *, channel_eq::_puschRxChEqSoftDemapDynDescr)"
1786673968,282428,35558,1,1,1,32,32,1,30,0.000,0.000,,,,,NVIDIA A100-SXM4-40GB MIG 4g.20gb (0),1,,13,"void convert_kernel<float2, __half2>(tensor_layout_any, T1 *, tensor_layout_any, const T2 *)"
1786957452,11136,35570,2253,1,1,128,1,1,16,0.000,0.000,,,,,NVIDIA A100-SXM4-40GB MIG 4g.20gb (0),1,,13,cupy_copy__float16_float16
1786970316,3168,35579,282,1,1,128,1,1,16,0.000,0.000,,,,,NVIDIA A100-SXM4-40GB MIG 4g.20gb (0),1,,13,cupy_copy__complex64_complex64
1786975052,2048,35588,26,1,1,128,1,1,16,0.000,0.000,,,,,NVIDIA A100-SXM4-40GB MIG 4g.20gb (0),1,,13,cupy_copy__float32_float32
1786979884,6336,35597,103,1,1,128,1,1,16,0.000,0.000,,,,,NVIDIA A100-SXM4-40GB MIG 4g.20gb (0),1,,13,cupy_copy__complex64_complex64
1786988460,12032,35607,1434,1,1,128,1,1,16,0.000,0.000,,,,,NVIDIA A100-SXM4-40GB MIG 4g.20gb (0),1,,13,cupy_copy__complex64_complex64
1787013388,82175,35612,1,1,1,32,32,1,30,0.000,0.000,,,,,NVIDIA A100-SXM4-40GB MIG 4g.20gb (0),1,,13,"void convert_kernel<__half2, float2>(tensor_layout_any, T1 *, tensor_layout_any, const T2 *)"
1787122378,6144,35615,,,,,,,,,,0.094,15249.961,Pinned,Device,NVIDIA A100-SXM4-40GB MIG 4g.20gb (0),1,,13,[CUDA memcpy Host-to-Device]
1787135498,600857,35616,,,,,,,,,,456.561,759718.236,Device,,NVIDIA A100-SXM4-40GB MIG 4g.20gb (0),1,,13,[CUDA memset]
1787737667,160990,35621,,,,,,,,,,1.235,7670.237,Pinned,Device,NVIDIA A100-SXM4-40GB MIG 4g.20gb (0),1,,13,[CUDA memcpy Host-to-Device]
1787910656,34368,35622,,,,,,,,,,0.197,5720.506,Pinned,Device,NVIDIA A100-SXM4-40GB MIG 4g.20gb (0),1,,13,[CUDA memcpy Host-to-Device]
1787960960,8128,35623,69,4,1,48,1,1,76,0.002,0.000,,,,,NVIDIA A100-SXM4-40GB MIG 4g.20gb (0),1,,13,"void ch_est::windowedChEstPreNoDftSOfdmKernel<float, __half, float, (unsigned int)2, (unsigned int)1, (unsigned short)4>(ch_est::puschRxChEstStatDescr_t *, ch_est::puschRxChEstDynDescr_t *)"
1787977024,6880,35624,137,2,1,24,2,1,44,0.001,0.001,,,,,NVIDIA A100-SXM4-40GB MIG 4g.20gb (0),1,,13,"void ch_est::chEstFilterNoDftSOfdmDispatchKernel<float, __half, float, (unsigned int)2>(ch_est::puschRxChEstStatDescr_t *, ch_est::puschRxChEstDynDescr_t *)"
1787988863,4736,35625,137,2,1,24,2,1,44,0.001,0.001,,,,,NVIDIA A100-SXM4-40GB MIG 4g.20gb (0),1,,13,"void ch_est::chEstFilterNoDftSOfdmDispatchKernel<float, __half, float, (unsigned int)2>(ch_est::puschRxChEstStatDescr_t *, ch_est::puschRxChEstDynDescr_t *)"
1788004095,2624,35636,103,1,1,128,1,1,16,0.000,0.000,,,,,NVIDIA A100-SXM4-40GB MIG 4g.20gb (0),1,,13,cupy_copy__complex64_complex64
1788019711,12608,35646,1434,1,1,128,1,1,16,0.000,0.000,,,,,NVIDIA A100-SXM4-40GB MIG 4g.20gb (0),1,,13,cupy_copy__complex64_complex64
1788047295,2560,35653,103,1,1,128,1,1,16,0.000,0.000,,,,,NVIDIA A100-SXM4-40GB MIG 4g.20gb (0),1,,13,cupy_copy__complex64_complex64
1788059871,86302,35660,1,1,1,32,32,1,30,0.000,0.000,,,,,NVIDIA A100-SXM4-40GB MIG 4g.20gb (0),1,,13,"void convert_kernel<__half2, float2>(tensor_layout_any, T1 *, tensor_layout_any, const T2 *)"
1788176893,13504,35663,,,,,,,,,,0.094,6938.376,Pinned,Device,NVIDIA A100-SXM4-40GB MIG 4g.20gb (0),1,,13,[CUDA memcpy Host-to-Device]
1788197533,47295,35664,,,,,,,,,,35.810,757129.139,Device,,NVIDIA A100-SXM4-40GB MIG 4g.20gb (0),1,,13,[CUDA memset]
1788253244,4576,35666,,,,,,,,,,0.000,17.482,Pinned,Device,NVIDIA A100-SXM4-40GB MIG 4g.20gb (0),1,,13,[CUDA memcpy Host-to-Device]
1788264156,15680,35667,,,,,,,,,,0.197,12538.675,Pinned,Device,NVIDIA A100-SXM4-40GB MIG 4g.20gb (0),1,,13,[CUDA memcpy Host-to-Device]
1788294396,9728,35668,273,1,1,48,1,1,40,0.000,0.001,,,,,NVIDIA A100-SXM4-40GB MIG 4g.20gb (0),1,,13,"void pusch_noise_intf_est::noiseIntfEstNoDftSOfdmKernel<float, __half, float, float, (unsigned int)2, (unsigned int)1, (unsigned char)4, (unsigned char)4>(pusch_noise_intf_est::puschRxNoiseIntfEstDynDescr)"
1788307899,2752,35679,35,1,1,128,1,1,16,0.000,0.000,,,,,NVIDIA A100-SXM4-40GB MIG 4g.20gb (0),1,,13,cupy_copy__complex64_complex64
1788314939,1760,35688,1,1,1,1,1,1,18,0.000,0.000,,,,,NVIDIA A100-SXM4-40GB MIG 4g.20gb (0),1,,13,cupy_copy__float32_float32
1788324955,5536,35694,,,,,,,,,,0.000,0.723,Device,Pageable,NVIDIA A100-SXM4-40GB MIG 4g.20gb (0),1,,7,[CUDA memcpy Device-to-Host]
1788395098,13184,35705,1434,1,1,128,1,1,16,0.000,0.000,,,,,NVIDIA A100-SXM4-40GB MIG 4g.20gb (0),1,,13,cupy_copy__complex64_complex64
1788418522,3456,35712,103,1,1,128,1,1,16,0.000,0.000,,,,,NVIDIA A100-SXM4-40GB MIG 4g.20gb (0),1,,13,cupy_copy__complex64_complex64
1788442842,2624,35719,35,1,1,128,1,1,16,0.000,0.000,,,,,NVIDIA A100-SXM4-40GB MIG 4g.20gb (0),1,,13,cupy_copy__complex64_complex64
1788460890,2016,35726,1,1,1,1,1,1,18,0.000,0.000,,,,,NVIDIA A100-SXM4-40GB MIG 4g.20gb (0),1,,13,cupy_copy__float32_float32
1788587160,82527,35737,1,1,1,32,32,1,30,0.000,0.000,,,,,NVIDIA A100-SXM4-40GB MIG 4g.20gb (0),1,,13,"void convert_kernel<__half2, float2>(tensor_layout_any, T1 *, tensor_layout_any, const T2 *)"
1788696663,5440,35740,,,,,,,,,,0.094,17223.480,Pinned,Device,NVIDIA A100-SXM4-40GB MIG 4g.20gb (0),1,,13,[CUDA memcpy Host-to-Device]
1788710967,3167,35741,,,,,,,,,,1.547,488355.808,Device,,NVIDIA A100-SXM4-40GB MIG 4g.20gb (0),1,,13,[CUDA memset]
1788717910,3552,35746,,,,,,,,,,0.031,8810.794,Pinned,Device,NVIDIA A100-SXM4-40GB MIG 4g.20gb (0),1,,13,[CUDA memcpy Host-to-Device]
1788723894,9600,35747,,,,,,,,,,0.197,20479.869,Pinned,Device,NVIDIA A100-SXM4-40GB MIG 4g.20gb (0),1,,13,[CUDA memcpy Host-to-Device]
1788738710,6112,35748,273,1,1,8,4,1,39,0.002,0.000,,,,,NVIDIA A100-SXM4-40GB MIG 4g.20gb (0),1,,13,"void channel_eq::eqMmseCoefCompLowMimoKernel<float, float, float, (unsigned int)4, (unsigned int)1, (unsigned int)4>(const channel_eq::_puschRxChEqStatDescr *, channel_eq::_puschRxChEqCoefCompDynDescr)"
1788745814,6144,35749,273,1,1,12,11,1,51,0.002,0.000,,,,,NVIDIA A100-SXM4-40GB MIG 4g.20gb (0),1,,13,"void channel_eq::eqMmseSoftDemapKernel<float, __half, __half, float, (unsigned int)4, (unsigned short)16383>(channel_eq::_puschRxChEqStatDescr *, channel_eq::_puschRxChEqSoftDemapDynDescr)"
1788752918,282684,35750,1,1,1,32,32,1,30,0.000,0.000,,,,,NVIDIA A100-SXM4-40GB MIG 4g.20gb (0),1,,13,"void convert_kernel<float2, __half2>(tensor_layout_any, T1 *, tensor_layout_any, const T2 *)"
1789037490,10880,35762,2253,1,1,128,1,1,16,0.000,0.000,,,,,NVIDIA A100-SXM4-40GB MIG 4g.20gb (0),1,,13,cupy_copy__float16_float16
1789053650,2720,35771,282,1,1,128,1,1,16,0.000,0.000,,,,,NVIDIA A100-SXM4-40GB MIG 4g.20gb (0),1,,13,cupy_copy__complex64_complex64
1789058866,2560,35780,26,1,1,128,1,1,16,0.000,0.000,,,,,NVIDIA A100-SXM4-40GB MIG 4g.20gb (0),1,,13,cupy_copy__float32_float32
1789062546,3040,35789,103,1,1,128,1,1,16,0.000,0.000,,,,,NVIDIA A100-SXM4-40GB MIG 4g.20gb (0),1,,13,cupy_copy__complex64_complex64
1789066738,11904,35799,1434,1,1,128,1,1,16,0.000,0.000,,,,,NVIDIA A100-SXM4-40GB MIG 4g.20gb (0),1,,13,cupy_copy__complex64_complex64
1789081010,81503,35804,1,1,1,32,32,1,30,0.000,0.000,,,,,NVIDIA A100-SXM4-40GB MIG 4g.20gb (0),1,,13,"void convert_kernel<__half2, float2>(tensor_layout_any, T1 *, tensor_layout_any, const T2 *)"
1789189297,5600,35807,,,,,,,,,,0.094,16731.388,Pinned,Device,NVIDIA A100-SXM4-40GB MIG 4g.20gb (0),1,,13,[CUDA memcpy Host-to-Device]
1789198832,598873,35808,,,,,,,,,,456.561,762001.043,Device,,NVIDIA A100-SXM4-40GB MIG 4g.20gb (0),1,,13,[CUDA memset]
1789803049,161886,35813,,,,,,,,,,1.235,7628.249,Pinned,Device,NVIDIA A100-SXM4-40GB MIG 4g.20gb (0),1,,13,[CUDA memcpy Host-to-Device]
1789977287,44639,35814,,,,,,,,,,0.197,4404.216,Pinned,Device,NVIDIA A100-SXM4-40GB MIG 4g.20gb (0),1,,13,[CUDA memcpy Host-to-Device]
1790051622,8224,35815,69,4,1,48,1,1,76,0.002,0.000,,,,,NVIDIA A100-SXM4-40GB MIG 4g.20gb (0),1,,13,"void ch_est::windowedChEstPreNoDftSOfdmKernel<float, __half, float, (unsigned int)2, (unsigned int)1, (unsigned short)4>(ch_est::puschRxChEstStatDescr_t *, ch_est::puschRxChEstDynDescr_t *)"
1790070566,6880,35816,137,2,1,24,2,1,44,0.001,0.001,,,,,NVIDIA A100-SXM4-40GB MIG 4g.20gb (0),1,,13,"void ch_est::chEstFilterNoDftSOfdmDispatchKernel<float, __half, float, (unsigned int)2>(ch_est::puschRxChEstStatDescr_t *, ch_est::puschRxChEstDynDescr_t *)"
1790087461,4768,35817,137,2,1,24,2,1,44,0.001,0.001,,,,,NVIDIA A100-SXM4-40GB MIG 4g.20gb (0),1,,13,"void ch_est::chEstFilterNoDftSOfdmDispatchKernel<float, __half, float, (unsigned int)2>(ch_est::puschRxChEstStatDescr_t *, ch_est::puschRxChEstDynDescr_t *)"
1790111909,2688,35828,103,1,1,128,1,1,16,0.000,0.000,,,,,NVIDIA A100-SXM4-40GB MIG 4g.20gb (0),1,,13,cupy_copy__complex64_complex64
1790132293,12768,35838,1434,1,1,128,1,1,16,0.000,0.000,,,,,NVIDIA A100-SXM4-40GB MIG 4g.20gb (0),1,,13,cupy_copy__complex64_complex64
1790151685,2912,35845,103,1,1,128,1,1,16,0.000,0.000,,,,,NVIDIA A100-SXM4-40GB MIG 4g.20gb (0),1,,13,cupy_copy__complex64_complex64
1790171300,88671,35852,1,1,1,32,32,1,30,0.000,0.000,,,,,NVIDIA A100-SXM4-40GB MIG 4g.20gb (0),1,,13,"void convert_kernel<__half2, float2>(tensor_layout_any, T1 *, tensor_layout_any, const T2 *)"
1790290403,16704,35855,,,,,,,,,,0.094,5609.111,Pinned,Device,NVIDIA A100-SXM4-40GB MIG 4g.20gb (0),1,,13,[CUDA memcpy Host-to-Device]
1790330914,46016,35856,,,,,,,,,,35.810,778185.372,Device,,NVIDIA A100-SXM4-40GB MIG 4g.20gb (0),1,,13,[CUDA memset]
1790386498,7552,35858,,,,,,,,,,0.000,10.593,Pinned,Device,NVIDIA A100-SXM4-40GB MIG 4g.20gb (0),1,,13,[CUDA memcpy Host-to-Device]
1790400514,19583,35859,,,,,,,,,,0.197,10039.591,Pinned,Device,NVIDIA A100-SXM4-40GB MIG 4g.20gb (0),1,,13,[CUDA memcpy Host-to-Device]
1790433569,9760,35860,273,1,1,48,1,1,40,0.000,0.001,,,,,NVIDIA A100-SXM4-40GB MIG 4g.20gb (0),1,,13,"void pusch_noise_intf_est::noiseIntfEstNoDftSOfdmKernel<float, __half, float, float, (unsigned int)2, (unsigned int)1, (unsigned char)4, (unsigned char)4>(pusch_noise_intf_est::puschRxNoiseIntfEstDynDescr)"
1790457953,2720,35871,35,1,1,128,1,1,16,0.000,0.000,,,,,NVIDIA A100-SXM4-40GB MIG 4g.20gb (0),1,,13,cupy_copy__complex64_complex64
1790474273,1760,35880,1,1,1,1,1,1,18,0.000,0.000,,,,,NVIDIA A100-SXM4-40GB MIG 4g.20gb (0),1,,13,cupy_copy__float32_float32
1790478689,7456,35886,,,,,,,,,,0.000,0.536,Device,Pageable,NVIDIA A100-SXM4-40GB MIG 4g.20gb (0),1,,7,[CUDA memcpy Device-to-Host]
1790557856,12831,35897,1434,1,1,128,1,1,16,0.000,0.000,,,,,NVIDIA A100-SXM4-40GB MIG 4g.20gb (0),1,,13,cupy_copy__complex64_complex64
1790583935,3424,35904,103,1,1,128,1,1,16,0.000,0.000,,,,,NVIDIA A100-SXM4-40GB MIG 4g.20gb (0),1,,13,cupy_copy__complex64_complex64
1790606175,2560,35911,35,1,1,128,1,1,16,0.000,0.000,,,,,NVIDIA A100-SXM4-40GB MIG 4g.20gb (0),1,,13,cupy_copy__complex64_complex64
1790621471,1984,35918,1,1,1,1,1,1,18,0.000,0.000,,,,,NVIDIA A100-SXM4-40GB MIG 4g.20gb (0),1,,13,cupy_copy__float32_float32
1790748381,87551,35929,1,1,1,32,32,1,30,0.000,0.000,,,,,NVIDIA A100-SXM4-40GB MIG 4g.20gb (0),1,,13,"void convert_kernel<__half2, float2>(tensor_layout_any, T1 *, tensor_layout_any, const T2 *)"
1790871164,5376,35932,,,,,,,,,,0.094,17428.487,Pinned,Device,NVIDIA A100-SXM4-40GB MIG 4g.20gb (0),1,,13,[CUDA memcpy Host-to-Device]
1790886620,3424,35933,,,,,,,,,,1.547,451700.819,Device,,NVIDIA A100-SXM4-40GB MIG 4g.20gb (0),1,,13,[CUDA memset]
1790892571,3968,35938,,,,,,,,,,0.031,7887.093,Pinned,Device,NVIDIA A100-SXM4-40GB MIG 4g.20gb (0),1,,13,[CUDA memcpy Host-to-Device]
1790899163,9888,35939,,,,,,,,,,0.197,19883.360,Pinned,Device,NVIDIA A100-SXM4-40GB MIG 4g.20gb (0),1,,13,[CUDA memcpy Host-to-Device]
1790913819,6336,35940,273,1,1,8,4,1,39,0.002,0.000,,,,,NVIDIA A100-SXM4-40GB MIG 4g.20gb (0),1,,13,"void channel_eq::eqMmseCoefCompLowMimoKernel<float, float, float, (unsigned int)4, (unsigned int)1, (unsigned int)4>(const channel_eq::_puschRxChEqStatDescr *, channel_eq::_puschRxChEqCoefCompDynDescr)"
1790921115,6208,35941,273,1,1,12,11,1,51,0.002,0.000,,,,,NVIDIA A100-SXM4-40GB MIG 4g.20gb (0),1,,13,"void channel_eq::eqMmseSoftDemapKernel<float, __half, __half, float, (unsigned int)4, (unsigned short)16383>(channel_eq::_puschRxChEqStatDescr *, channel_eq::_puschRxChEqSoftDemapDynDescr)"
1790928411,283069,35942,1,1,1,32,32,1,30,0.000,0.000,,,,,NVIDIA A100-SXM4-40GB MIG 4g.20gb (0),1,,13,"void convert_kernel<float2, __half2>(tensor_layout_any, T1 *, tensor_layout_any, const T2 *)"
1791213047,11104,35954,2253,1,1,128,1,1,16,0.000,0.000,,,,,NVIDIA A100-SXM4-40GB MIG 4g.20gb (0),1,,13,cupy_copy__float16_float16
1791229335,3616,35963,282,1,1,128,1,1,16,0.000,0.000,,,,,NVIDIA A100-SXM4-40GB MIG 4g.20gb (0),1,,13,cupy_copy__complex64_complex64
1791234519,2016,35972,26,1,1,128,1,1,16,0.000,0.000,,,,,NVIDIA A100-SXM4-40GB MIG 4g.20gb (0),1,,13,cupy_copy__float32_float32
1791237495,3136,35981,103,1,1,128,1,1,16,0.000,0.000,,,,,NVIDIA A100-SXM4-40GB MIG 4g.20gb (0),1,,13,cupy_copy__complex64_complex64
1791241815,12192,35991,1434,1,1,128,1,1,16,0.000,0.000,,,,,NVIDIA A100-SXM4-40GB MIG 4g.20gb (0),1,,13,cupy_copy__complex64_complex64
1791258679,82271,35996,1,1,1,32,32,1,30,0.000,0.000,,,,,NVIDIA A100-SXM4-40GB MIG 4g.20gb (0),1,,13,"void convert_kernel<__half2, float2>(tensor_layout_any, T1 *, tensor_layout_any, const T2 *)"
1791367510,5760,35999,,,,,,,,,,0.094,16266.656,Pinned,Device,NVIDIA A100-SXM4-40GB MIG 4g.20gb (0),1,,13,[CUDA memcpy Host-to-Device]
1791377397,599481,36000,,,,,,,,,,456.561,761544.482,Device,,NVIDIA A100-SXM4-40GB MIG 4g.20gb (0),1,,13,[CUDA memset]
1791980878,72703,36005,,,,,,,,,,1.235,16985.420,Pinned,Device,NVIDIA A100-SXM4-40GB MIG 4g.20gb (0),1,,13,[CUDA memcpy Host-to-Device]
1792060173,19360,36006,,,,,,,,,,0.197,10155.196,Pinned,Device,NVIDIA A100-SXM4-40GB MIG 4g.20gb (0),1,,13,[CUDA memcpy Host-to-Device]
1792093485,7903,36007,69,4,1,48,1,1,76,0.002,0.000,,,,,NVIDIA A100-SXM4-40GB MIG 4g.20gb (0),1,,13,"void ch_est::windowedChEstPreNoDftSOfdmKernel<float, __half, float, (unsigned int)2, (unsigned int)1, (unsigned short)4>(ch_est::puschRxChEstStatDescr_t *, ch_est::puschRxChEstDynDescr_t *)"
1792110220,6304,36008,137,2,1,24,2,1,44,0.001,0.001,,,,,NVIDIA A100-SXM4-40GB MIG 4g.20gb (0),1,,13,"void ch_est::chEstFilterNoDftSOfdmDispatchKernel<float, __half, float, (unsigned int)2>(ch_est::puschRxChEstStatDescr_t *, ch_est::puschRxChEstDynDescr_t *)"
1792119148,5376,36009,137,2,1,24,2,1,44,0.001,0.001,,,,,NVIDIA A100-SXM4-40GB MIG 4g.20gb (0),1,,13,"void ch_est::chEstFilterNoDftSOfdmDispatchKernel<float, __half, float, (unsigned int)2>(ch_est::puschRxChEstStatDescr_t *, ch_est::puschRxChEstDynDescr_t *)"
1792128492,2720,36020,103,1,1,128,1,1,16,0.000,0.000,,,,,NVIDIA A100-SXM4-40GB MIG 4g.20gb (0),1,,13,cupy_copy__complex64_complex64
1792136140,12768,36030,1434,1,1,128,1,1,16,0.000,0.000,,,,,NVIDIA A100-SXM4-40GB MIG 4g.20gb (0),1,,13,cupy_copy__complex64_complex64
1792151372,2624,36037,103,1,1,128,1,1,16,0.000,0.000,,,,,NVIDIA A100-SXM4-40GB MIG 4g.20gb (0),1,,13,cupy_copy__complex64_complex64
1792159020,87263,36044,1,1,1,32,32,1,30,0.000,0.000,,,,,NVIDIA A100-SXM4-40GB MIG 4g.20gb (0),1,,13,"void convert_kernel<__half2, float2>(tensor_layout_any, T1 *, tensor_layout_any, const T2 *)"
1792272842,13216,36047,,,,,,,,,,0.094,7089.508,Pinned,Device,NVIDIA A100-SXM4-40GB MIG 4g.20gb (0),1,,13,[CUDA memcpy Host-to-Device]
1792297738,47647,36048,,,,,,,,,,35.810,751542.791,Device,,NVIDIA A100-SXM4-40GB MIG 4g.20gb (0),1,,13,[CUDA memset]
1792349001,8704,36050,,,,,,,,,,0.000,9.191,Pinned,Device,NVIDIA A100-SXM4-40GB MIG 4g.20gb (0),1,,13,[CUDA memcpy Host-to-Device]
1792361481,21376,36051,,,,,,,,,,0.197,9197.519,Pinned,Device,NVIDIA A100-SXM4-40GB MIG 4g.20gb (0),1,,13,[CUDA memcpy Host-to-Device]
1792395721,10144,36052,273,1,1,48,1,1,40,0.000,0.001,,,,,NVIDIA A100-SXM4-40GB MIG 4g.20gb (0),1,,13,"void pusch_noise_intf_est::noiseIntfEstNoDftSOfdmKernel<float, __half, float, float, (unsigned int)2, (unsigned int)1, (unsigned char)4, (unsigned char)4>(pusch_noise_intf_est::puschRxNoiseIntfEstDynDescr)"
1792413193,3008,36063,35,1,1,128,1,1,16,0.000,0.000,,,,,NVIDIA A100-SXM4-40GB MIG 4g.20gb (0),1,,13,cupy_copy__complex64_complex64
1792422793,1759,36072,1,1,1,1,1,1,18,0.000,0.000,,,,,NVIDIA A100-SXM4-40GB MIG 4g.20gb (0),1,,13,cupy_copy__float32_float32
1792430248,7712,36078,,,,,,,,,,0.000,0.519,Device,Pageable,NVIDIA A100-SXM4-40GB MIG 4g.20gb (0),1,,7,[CUDA memcpy Device-to-Host]
1792509543,13216,36089,1434,1,1,128,1,1,16,0.000,0.000,,,,,NVIDIA A100-SXM4-40GB MIG 4g.20gb (0),1,,13,cupy_copy__complex64_complex64
1792537959,2944,36096,103,1,1,128,1,1,16,0.000,0.000,,,,,NVIDIA A100-SXM4-40GB MIG 4g.20gb (0),1,,13,cupy_copy__complex64_complex64
1792555943,2464,36103,35,1,1,128,1,1,16,0.000,0.000,,,,,NVIDIA A100-SXM4-40GB MIG 4g.20gb (0),1,,13,cupy_copy__complex64_complex64
1792572679,1760,36110,1,1,1,1,1,1,18,0.000,0.000,,,,,NVIDIA A100-SXM4-40GB MIG 4g.20gb (0),1,,13,cupy_copy__float32_float32
1792699557,82751,36121,1,1,1,32,32,1,30,0.000,0.000,,,,,NVIDIA A100-SXM4-40GB MIG 4g.20gb (0),1,,13,"void convert_kernel<__half2, float2>(tensor_layout_any, T1 *, tensor_layout_any, const T2 *)"
1792809732,5600,36124,,,,,,,,,,0.094,16731.388,Pinned,Device,NVIDIA A100-SXM4-40GB MIG 4g.20gb (0),1,,13,[CUDA memcpy Host-to-Device]
1792824164,3423,36125,,,,,,,,,,1.547,451832.282,Device,,NVIDIA A100-SXM4-40GB MIG 4g.20gb (0),1,,13,[CUDA memset]
1792830595,3008,36130,,,,,,,,,,0.031,10404.230,Pinned,Device,NVIDIA A100-SXM4-40GB MIG 4g.20gb (0),1,,13,[CUDA memcpy Host-to-Device]
1792835683,9760,36131,,,,,,,,,,0.197,20144.259,Pinned,Device,NVIDIA A100-SXM4-40GB MIG 4g.20gb (0),1,,13,[CUDA memcpy Host-to-Device]
1792850179,6240,36132,273,1,1,8,4,1,39,0.002,0.000,,,,,NVIDIA A100-SXM4-40GB MIG 4g.20gb (0),1,,13,"void channel_eq::eqMmseCoefCompLowMimoKernel<float, float, float, (unsigned int)4, (unsigned int)1, (unsigned int)4>(const channel_eq::_puschRxChEqStatDescr *, channel_eq::_puschRxChEqCoefCompDynDescr)"
1792857507,6016,36133,273,1,1,12,11,1,51,0.002,0.000,,,,,NVIDIA A100-SXM4-40GB MIG 4g.20gb (0),1,,13,"void channel_eq::eqMmseSoftDemapKernel<float, __half, __half, float, (unsigned int)4, (unsigned short)16383>(channel_eq::_puschRxChEqStatDescr *, channel_eq::_puschRxChEqSoftDemapDynDescr)"
1792866435,294556,36134,1,1,1,32,32,1,30,0.000,0.000,,,,,NVIDIA A100-SXM4-40GB MIG 4g.20gb (0),1,,13,"void convert_kernel<float2, __half2>(tensor_layout_any, T1 *, tensor_layout_any, const T2 *)"
1793162335,11136,36146,2253,1,1,128,1,1,16,0.000,0.000,,,,,NVIDIA A100-SXM4-40GB MIG 4g.20gb (0),1,,13,cupy_copy__float16_float16
1793177247,3104,36155,282,1,1,128,1,1,16,0.000,0.000,,,,,NVIDIA A100-SXM4-40GB MIG 4g.20gb (0),1,,13,cupy_copy__complex64_complex64
1793182783,2048,36164,26,1,1,128,1,1,16,0.000,0.000,,,,,NVIDIA A100-SXM4-40GB MIG 4g.20gb (0),1,,13,cupy_copy__float32_float32
1793187071,3104,36173,103,1,1,128,1,1,16,0.000,0.000,,,,,NVIDIA A100-SXM4-40GB MIG 4g.20gb (0),1,,13,cupy_copy__complex64_complex64
1793191295,11712,36183,1434,1,1,128,1,1,16,0.000,0.000,,,,,NVIDIA A100-SXM4-40GB MIG 4g.20gb (0),1,,13,cupy_copy__complex64_complex64
1793209407,87615,36188,1,1,1,32,32,1,30,0.000,0.000,,,,,NVIDIA A100-SXM4-40GB MIG 4g.20gb (0),1,,13,"void convert_kernel<__half2, float2>(tensor_layout_any, T1 *, tensor_layout_any, const T2 *)"
1793324029,5760,36191,,,,,,,,,,0.094,16266.656,Pinned,Device,NVIDIA A100-SXM4-40GB MIG 4g.20gb (0),1,,13,[CUDA memcpy Host-to-Device]
1793334237,598585,36192,,,,,,,,,,456.561,762457.605,Device,,NVIDIA A100-SXM4-40GB MIG 4g.20gb (0),1,,13,[CUDA memset]
1793937590,121118,36197,,,,,,,,,,1.235,10195.698,Pinned,Device,NVIDIA A100-SXM4-40GB MIG 4g.20gb (0),1,,13,[CUDA memcpy Host-to-Device]
1794070324,33760,36198,,,,,,,,,,0.197,5823.529,Pinned,Device,NVIDIA A100-SXM4-40GB MIG 4g.20gb (0),1,,13,[CUDA memcpy Host-to-Device]
1794119795,7904,36199,69,4,1,48,1,1,76,0.002,0.000,,,,,NVIDIA A100-SXM4-40GB MIG 4g.20gb (0),1,,13,"void ch_est::windowedChEstPreNoDftSOfdmKernel<float, __half, float, (unsigned int)2, (unsigned int)1, (unsigned short)4>(ch_est::puschRxChEstStatDescr_t *, ch_est::puschRxChEstDynDescr_t *)"
1794134579,6592,36200,137,2,1,24,2,1,44,0.001,0.001,,,,,NVIDIA A100-SXM4-40GB MIG 4g.20gb (0),1,,13,"void ch_est::chEstFilterNoDftSOfdmDispatchKernel<float, __half, float, (unsigned int)2>(ch_est::puschRxChEstStatDescr_t *, ch_est::puschRxChEstDynDescr_t *)"
1794143891,5088,36201,137,2,1,24,2,1,44,0.001,0.001,,,,,NVIDIA A100-SXM4-40GB MIG 4g.20gb (0),1,,13,"void ch_est::chEstFilterNoDftSOfdmDispatchKernel<float, __half, float, (unsigned int)2>(ch_est::puschRxChEstStatDescr_t *, ch_est::puschRxChEstDynDescr_t *)"
1794154227,2560,36212,103,1,1,128,1,1,16,0.000,0.000,,,,,NVIDIA A100-SXM4-40GB MIG 4g.20gb (0),1,,13,cupy_copy__complex64_complex64
1794162483,12736,36222,1434,1,1,128,1,1,16,0.000,0.000,,,,,NVIDIA A100-SXM4-40GB MIG 4g.20gb (0),1,,13,cupy_copy__complex64_complex64
1794177075,2688,36229,103,1,1,128,1,1,16,0.000,0.000,,,,,NVIDIA A100-SXM4-40GB MIG 4g.20gb (0),1,,13,cupy_copy__complex64_complex64
1794186835,87935,36236,1,1,1,32,32,1,30,0.000,0.000,,,,,NVIDIA A100-SXM4-40GB MIG 4g.20gb (0),1,,13,"void convert_kernel<__half2, float2>(tensor_layout_any, T1 *, tensor_layout_any, const T2 *)"
1794302193,5632,36239,,,,,,,,,,0.094,16636.287,Pinned,Device,NVIDIA A100-SXM4-40GB MIG 4g.20gb (0),1,,13,[CUDA memcpy Host-to-Device]
1794315121,48287,36240,,,,,,,,,,35.810,741587.633,Device,,NVIDIA A100-SXM4-40GB MIG 4g.20gb (0),1,,13,[CUDA memset]
1794368496,3616,36242,,,,,,,,,,0.000,22.124,Pinned,Device,NVIDIA A100-SXM4-40GB MIG 4g.20gb (0),1,,13,[CUDA memcpy Host-to-Device]
1794376880,12160,36243,,,,,,,,,,0.197,16168.255,Pinned,Device,NVIDIA A100-SXM4-40GB MIG 4g.20gb (0),1,,13,[CUDA memcpy Host-to-Device]
1794397200,12448,36244,273,1,1,48,1,1,40,0.000,0.001,,,,,NVIDIA A100-SXM4-40GB MIG 4g.20gb (0),1,,13,"void pusch_noise_intf_est::noiseIntfEstNoDftSOfdmKernel<float, __half, float, float, (unsigned int)2, (unsigned int)1, (unsigned char)4, (unsigned char)4>(pusch_noise_intf_est::puschRxNoiseIntfEstDynDescr)"
1794411984,2656,36255,35,1,1,128,1,1,16,0.000,0.000,,,,,NVIDIA A100-SXM4-40GB MIG 4g.20gb (0),1,,13,cupy_copy__complex64_complex64
1794422576,2048,36264,1,1,1,1,1,1,18,0.000,0.000,,,,,NVIDIA A100-SXM4-40GB MIG 4g.20gb (0),1,,13,cupy_copy__float32_float32
1794453359,1664,36270,,,,,,,,,,0.000,2.404,Device,Pageable,NVIDIA A100-SXM4-40GB MIG 4g.20gb (0),1,,7,[CUDA memcpy Device-to-Host]
1794512079,13279,36281,1434,1,1,128,1,1,16,0.000,0.000,,,,,NVIDIA A100-SXM4-40GB MIG 4g.20gb (0),1,,13,cupy_copy__complex64_complex64
1794539310,3296,36288,103,1,1,128,1,1,16,0.000,0.000,,,,,NVIDIA A100-SXM4-40GB MIG 4g.20gb (0),1,,13,cupy_copy__complex64_complex64
1794560174,2560,36295,35,1,1,128,1,1,16,0.000,0.000,,,,,NVIDIA A100-SXM4-40GB MIG 4g.20gb (0),1,,13,cupy_copy__complex64_complex64
1794577646,1792,36302,1,1,1,1,1,1,18,0.000,0.000,,,,,NVIDIA A100-SXM4-40GB MIG 4g.20gb (0),1,,13,cupy_copy__float32_float32
1794707116,87295,36313,1,1,1,32,32,1,30,0.000,0.000,,,,,NVIDIA A100-SXM4-40GB MIG 4g.20gb (0),1,,13,"void convert_kernel<__half2, float2>(tensor_layout_any, T1 *, tensor_layout_any, const T2 *)"
1794822635,5408,36316,,,,,,,,,,0.094,17325.421,Pinned,Device,NVIDIA A100-SXM4-40GB MIG 4g.20gb (0),1,,13,[CUDA memcpy Host-to-Device]
1794836715,3328,36317,,,,,,,,,,1.547,464729.580,Device,,NVIDIA A100-SXM4-40GB MIG 4g.20gb (0),1,,13,[CUDA memset]
1794851626,3392,36322,,,,,,,,,,0.031,9226.405,Pinned,Device,NVIDIA A100-SXM4-40GB MIG 4g.20gb (0),1,,13,[CUDA memcpy Host-to-Device]
1794857450,9696,36323,,,,,,,,,,0.197,20277.166,Pinned,Device,NVIDIA A100-SXM4-40GB MIG 4g.20gb (0),1,,13,[CUDA memcpy Host-to-Device]
1794874538,6464,36324,273,1,1,8,4,1,39,0.002,0.000,,,,,NVIDIA A100-SXM4-40GB MIG 4g.20gb (0),1,,13,"void channel_eq::eqMmseCoefCompLowMimoKernel<float, float, float, (unsigned int)4, (unsigned int)1, (unsigned int)4>(const channel_eq::_puschRxChEqStatDescr *, channel_eq::_puschRxChEqCoefCompDynDescr)"
1794881994,6144,36325,273,1,1,12,11,1,51,0.002,0.000,,,,,NVIDIA A100-SXM4-40GB MIG 4g.20gb (0),1,,13,"void channel_eq::eqMmseSoftDemapKernel<float, __half, __half, float, (unsigned int)4, (unsigned short)16383>(channel_eq::_puschRxChEqStatDescr *, channel_eq::_puschRxChEqSoftDemapDynDescr)"
1794889162,281980,36326,1,1,1,32,32,1,30,0.000,0.000,,,,,NVIDIA A100-SXM4-40GB MIG 4g.20gb (0),1,,13,"void convert_kernel<float2, __half2>(tensor_layout_any, T1 *, tensor_layout_any, const T2 *)"
1795174118,10944,36338,2253,1,1,128,1,1,16,0.000,0.000,,,,,NVIDIA A100-SXM4-40GB MIG 4g.20gb (0),1,,13,cupy_copy__float16_float16
1795189734,2816,36347,282,1,1,128,1,1,16,0.000,0.000,,,,,NVIDIA A100-SXM4-40GB MIG 4g.20gb (0),1,,13,cupy_copy__complex64_complex64
1795195590,2112,36356,26,1,1,128,1,1,16,0.000,0.000,,,,,NVIDIA A100-SXM4-40GB MIG 4g.20gb (0),1,,13,cupy_copy__float32_float32
1795201158,2976,36365,103,1,1,128,1,1,16,0.000,0.000,,,,,NVIDIA A100-SXM4-40GB MIG 4g.20gb (0),1,,13,cupy_copy__complex64_complex64
1795208358,12288,36375,1434,1,1,128,1,1,16,0.000,0.000,,,,,NVIDIA A100-SXM4-40GB MIG 4g.20gb (0),1,,13,cupy_copy__complex64_complex64
1795223654,87551,36380,1,1,1,32,32,1,30,0.000,0.000,,,,,NVIDIA A100-SXM4-40GB MIG 4g.20gb (0),1,,13,"void convert_kernel<__half2, float2>(tensor_layout_any, T1 *, tensor_layout_any, const T2 *)"
1795338116,5728,36383,,,,,,,,,,0.094,16357.541,Pinned,Device,NVIDIA A100-SXM4-40GB MIG 4g.20gb (0),1,,13,[CUDA memcpy Host-to-Device]
1795348516,598105,36384,,,,,,,,,,456.561,762914.166,Device,,NVIDIA A100-SXM4-40GB MIG 4g.20gb (0),1,,13,[CUDA memset]
1795951357,134590,36389,,,,,,,,,,1.235,9174.399,Pinned,Device,NVIDIA A100-SXM4-40GB MIG 4g.20gb (0),1,,13,[CUDA memcpy Host-to-Device]
1796099291,39551,36390,,,,,,,,,,0.197,4970.840,Pinned,Device,NVIDIA A100-SXM4-40GB MIG 4g.20gb (0),1,,13,[CUDA memcpy Host-to-Device]
1796166458,7744,36391,69,4,1,48,1,1,76,0.002,0.000,,,,,NVIDIA A100-SXM4-40GB MIG 4g.20gb (0),1,,13,"void ch_est::windowedChEstPreNoDftSOfdmKernel<float, __half, float, (unsigned int)2, (unsigned int)1, (unsigned short)4>(ch_est::puschRxChEstStatDescr_t *, ch_est::puschRxChEstDynDescr_t *)"
1796183674,6368,36392,137,2,1,24,2,1,44,0.001,0.001,,,,,NVIDIA A100-SXM4-40GB MIG 4g.20gb (0),1,,13,"void ch_est::chEstFilterNoDftSOfdmDispatchKernel<float, __half, float, (unsigned int)2>(ch_est::puschRxChEstStatDescr_t *, ch_est::puschRxChEstDynDescr_t *)"
1796197786,4768,36393,137,2,1,24,2,1,44,0.001,0.001,,,,,NVIDIA A100-SXM4-40GB MIG 4g.20gb (0),1,,13,"void ch_est::chEstFilterNoDftSOfdmDispatchKernel<float, __half, float, (unsigned int)2>(ch_est::puschRxChEstStatDescr_t *, ch_est::puschRxChEstDynDescr_t *)"
1796212058,2656,36404,103,1,1,128,1,1,16,0.000,0.000,,,,,NVIDIA A100-SXM4-40GB MIG 4g.20gb (0),1,,13,cupy_copy__complex64_complex64
1796225529,12384,36414,1434,1,1,128,1,1,16,0.000,0.000,,,,,NVIDIA A100-SXM4-40GB MIG 4g.20gb (0),1,,13,cupy_copy__complex64_complex64
1796254617,2624,36421,103,1,1,128,1,1,16,0.000,0.000,,,,,NVIDIA A100-SXM4-40GB MIG 4g.20gb (0),1,,13,cupy_copy__complex64_complex64
1796267865,83423,36428,1,1,1,32,32,1,30,0.000,0.000,,,,,NVIDIA A100-SXM4-40GB MIG 4g.20gb (0),1,,13,"void convert_kernel<__half2, float2>(tensor_layout_any, T1 *, tensor_layout_any, const T2 *)"
1796380471,11584,36431,,,,,,,,,,0.094,8088.307,Pinned,Device,NVIDIA A100-SXM4-40GB MIG 4g.20gb (0),1,,13,[CUDA memcpy Host-to-Device]
1796403799,48480,36432,,,,,,,,,,35.810,738651.220,Device,,NVIDIA A100-SXM4-40GB MIG 4g.20gb (0),1,,13,[CUDA memset]
1796454583,3168,36434,,,,,,,,,,0.000,25.252,Pinned,Device,NVIDIA A100-SXM4-40GB MIG 4g.20gb (0),1,,13,[CUDA memcpy Host-to-Device]
1796461334,12768,36435,,,,,,,,,,0.197,15398.339,Pinned,Device,NVIDIA A100-SXM4-40GB MIG 4g.20gb (0),1,,13,[CUDA memcpy Host-to-Device]
1796481270,12480,36436,273,1,1,48,1,1,40,0.000,0.001,,,,,NVIDIA A100-SXM4-40GB MIG 4g.20gb (0),1,,13,"void pusch_noise_intf_est::noiseIntfEstNoDftSOfdmKernel<float, __half, float, float, (unsigned int)2, (unsigned int)1, (unsigned char)4, (unsigned char)4>(pusch_noise_intf_est::puschRxNoiseIntfEstDynDescr)"
1796498646,2880,36447,35,1,1,128,1,1,16,0.000,0.000,,,,,NVIDIA A100-SXM4-40GB MIG 4g.20gb (0),1,,13,cupy_copy__complex64_complex64
1796503574,1888,36456,1,1,1,1,1,1,18,0.000,0.000,,,,,NVIDIA A100-SXM4-40GB MIG 4g.20gb (0),1,,13,cupy_copy__float32_float32
1796531606,1600,36462,,,,,,,,,,0.000,2.500,Device,Pageable,NVIDIA A100-SXM4-40GB MIG 4g.20gb (0),1,,7,[CUDA memcpy Device-to-Host]
1796591605,12768,36473,1434,1,1,128,1,1,16,0.000,0.000,,,,,NVIDIA A100-SXM4-40GB MIG 4g.20gb (0),1,,13,cupy_copy__complex64_complex64
1796618549,3007,36480,103,1,1,128,1,1,16,0.000,0.000,,,,,NVIDIA A100-SXM4-40GB MIG 4g.20gb (0),1,,13,cupy_copy__complex64_complex64
1796638420,2176,36487,35,1,1,128,1,1,16,0.000,0.000,,,,,NVIDIA A100-SXM4-40GB MIG 4g.20gb (0),1,,13,cupy_copy__complex64_complex64
1796656660,1792,36494,1,1,1,1,1,1,18,0.000,0.000,,,,,NVIDIA A100-SXM4-40GB MIG 4g.20gb (0),1,,13,cupy_copy__float32_float32
1796788754,81439,36505,1,1,1,32,32,1,30,0.000,0.000,,,,,NVIDIA A100-SXM4-40GB MIG 4g.20gb (0),1,,13,"void convert_kernel<__half2, float2>(tensor_layout_any, T1 *, tensor_layout_any, const T2 *)"
1796898129,5984,36508,,,,,,,,,,0.094,15657.726,Pinned,Device,NVIDIA A100-SXM4-40GB MIG 4g.20gb (0),1,,13,[CUDA memcpy Host-to-Device]
1796913841,3328,36509,,,,,,,,,,1.547,464729.580,Device,,NVIDIA A100-SXM4-40GB MIG 4g.20gb (0),1,,13,[CUDA memset]
1796919889,3040,36514,,,,,,,,,,0.031,10294.725,Pinned,Device,NVIDIA A100-SXM4-40GB MIG 4g.20gb (0),1,,13,[CUDA memcpy Host-to-Device]
1796925457,9888,36515,,,,,,,,,,0.197,19883.360,Pinned,Device,NVIDIA A100-SXM4-40GB MIG 4g.20gb (0),1,,13,[CUDA memcpy Host-to-Device]
1796940113,6463,36516,273,1,1,8,4,1,39,0.002,0.000,,,,,NVIDIA A100-SXM4-40GB MIG 4g.20gb (0),1,,13,"void channel_eq::eqMmseCoefCompLowMimoKernel<float, float, float, (unsigned int)4, (unsigned int)1, (unsigned int)4>(const channel_eq::_puschRxChEqStatDescr *, channel_eq::_puschRxChEqCoefCompDynDescr)"
1796947696,6304,36517,273,1,1,12,11,1,51,0.002,0.000,,,,,NVIDIA A100-SXM4-40GB MIG 4g.20gb (0),1,,13,"void channel_eq::eqMmseSoftDemapKernel<float, __half, __half, float, (unsigned int)4, (unsigned short)16383>(channel_eq::_puschRxChEqStatDescr *, channel_eq::_puschRxChEqSoftDemapDynDescr)"
1796955024,282589,36518,1,1,1,32,32,1,30,0.000,0.000,,,,,NVIDIA A100-SXM4-40GB MIG 4g.20gb (0),1,,13,"void convert_kernel<float2, __half2>(tensor_layout_any, T1 *, tensor_layout_any, const T2 *)"
1797240077,10976,36530,2253,1,1,128,1,1,16,0.000,0.000,,,,,NVIDIA A100-SXM4-40GB MIG 4g.20gb (0),1,,13,cupy_copy__float16_float16
1797255629,2976,36539,282,1,1,128,1,1,16,0.000,0.000,,,,,NVIDIA A100-SXM4-40GB MIG 4g.20gb (0),1,,13,cupy_copy__complex64_complex64
1797260909,2016,36548,26,1,1,128,1,1,16,0.000,0.000,,,,,NVIDIA A100-SXM4-40GB MIG 4g.20gb (0),1,,13,cupy_copy__float32_float32
1797265261,5279,36557,103,1,1,128,1,1,16,0.000,0.000,,,,,NVIDIA A100-SXM4-40GB MIG 4g.20gb (0),1,,13,cupy_copy__complex64_complex64
1797272364,11840,36567,1434,1,1,128,1,1,16,0.000,0.000,,,,,NVIDIA A100-SXM4-40GB MIG 4g.20gb (0),1,,13,cupy_copy__complex64_complex64
1797285708,82943,36572,1,1,1,32,32,1,30,0.000,0.000,,,,,NVIDIA A100-SXM4-40GB MIG 4g.20gb (0),1,,13,"void convert_kernel<__half2, float2>(tensor_layout_any, T1 *, tensor_layout_any, const T2 *)"
1797395531,5536,36575,,,,,,,,,,0.094,16924.777,Pinned,Device,NVIDIA A100-SXM4-40GB MIG 4g.20gb (0),1,,13,[CUDA memcpy Host-to-Device]
1797406091,597240,36576,,,,,,,,,,456.561,764283.851,Device,,NVIDIA A100-SXM4-40GB MIG 4g.20gb (0),1,,13,[CUDA memset]
1798011139,143870,36581,,,,,,,,,,1.235,8582.861,Pinned,Device,NVIDIA A100-SXM4-40GB MIG 4g.20gb (0),1,,13,[CUDA memcpy Host-to-Device]
1798167489,40736,36582,,,,,,,,,,0.197,4826.333,Pinned,Device,NVIDIA A100-SXM4-40GB MIG 4g.20gb (0),1,,13,[CUDA memcpy Host-to-Device]
1798226625,8159,36583,69,4,1,48,1,1,76,0.002,0.000,,,,,NVIDIA A100-SXM4-40GB MIG 4g.20gb (0),1,,13,"void ch_est::windowedChEstPreNoDftSOfdmKernel<float, __half, float, (unsigned int)2, (unsigned int)1, (unsigned short)4>(ch_est::puschRxChEstStatDescr_t *, ch_est::puschRxChEstDynDescr_t *)"
1798246080,6688,36584,137,2,1,24,2,1,44,0.001,0.001,,,,,NVIDIA A100-SXM4-40GB MIG 4g.20gb (0),1,,13,"void ch_est::chEstFilterNoDftSOfdmDispatchKernel<float, __half, float, (unsigned int)2>(ch_est::puschRxChEstStatDescr_t *, ch_est::puschRxChEstDynDescr_t *)"
1798264128,4768,36585,137,2,1,24,2,1,44,0.001,0.001,,,,,NVIDIA A100-SXM4-40GB MIG 4g.20gb (0),1,,13,"void ch_est::chEstFilterNoDftSOfdmDispatchKernel<float, __half, float, (unsigned int)2>(ch_est::puschRxChEstStatDescr_t *, ch_est::puschRxChEstDynDescr_t *)"
1798281056,2656,36596,103,1,1,128,1,1,16,0.000,0.000,,,,,NVIDIA A100-SXM4-40GB MIG 4g.20gb (0),1,,13,cupy_copy__complex64_complex64
1798297760,12512,36606,1434,1,1,128,1,1,16,0.000,0.000,,,,,NVIDIA A100-SXM4-40GB MIG 4g.20gb (0),1,,13,cupy_copy__complex64_complex64
1798317183,2528,36613,103,1,1,128,1,1,16,0.000,0.000,,,,,NVIDIA A100-SXM4-40GB MIG 4g.20gb (0),1,,13,cupy_copy__complex64_complex64
1798338655,90527,36620,1,1,1,32,32,1,30,0.000,0.000,,,,,NVIDIA A100-SXM4-40GB MIG 4g.20gb (0),1,,13,"void convert_kernel<__half2, float2>(tensor_layout_any, T1 *, tensor_layout_any, const T2 *)"
1798461118,26815,36623,,,,,,,,,,0.094,3494.111,Pinned,Device,NVIDIA A100-SXM4-40GB MIG 4g.20gb (0),1,,13,[CUDA memcpy Host-to-Device]
1798518781,46847,36624,,,,,,,,,,35.810,764398.552,Device,,NVIDIA A100-SXM4-40GB MIG 4g.20gb (0),1,,13,[CUDA memset]
1798568284,11008,36626,,,,,,,,,,0.000,7.267,Pinned,Device,NVIDIA A100-SXM4-40GB MIG 4g.20gb (0),1,,13,[CUDA memcpy Host-to-Device]
1798593820,24896,36627,,,,,,,,,,0.197,7897.154,Pinned,Device,NVIDIA A100-SXM4-40GB MIG 4g.20gb (0),1,,13,[CUDA memcpy Host-to-Device]
1798637180,9631,36628,273,1,1,48,1,1,40,0.000,0.001,,,,,NVIDIA A100-SXM4-40GB MIG 4g.20gb (0),1,,13,"void pusch_noise_intf_est::noiseIntfEstNoDftSOfdmKernel<float, __half, float, float, (unsigned int)2, (unsigned int)1, (unsigned char)4, (unsigned char)4>(pusch_noise_intf_est::puschRxNoiseIntfEstDynDescr)"
1798652763,2560,36639,35,1,1,128,1,1,16,0.000,0.000,,,,,NVIDIA A100-SXM4-40GB MIG 4g.20gb (0),1,,13,cupy_copy__complex64_complex64
1798668027,1696,36648,1,1,1,1,1,1,18,0.000,0.000,,,,,NVIDIA A100-SXM4-40GB MIG 4g.20gb (0),1,,13,cupy_copy__float32_float32
1798675707,6592,36654,,,,,,,,,,0.000,0.607,Device,Pageable,NVIDIA A100-SXM4-40GB MIG 4g.20gb (0),1,,7,[CUDA memcpy Device-to-Host]
1798757306,12928,36665,1434,1,1,128,1,1,16,0.000,0.000,,,,,NVIDIA A100-SXM4-40GB MIG 4g.20gb (0),1,,13,cupy_copy__complex64_complex64
1798780698,3328,36672,103,1,1,128,1,1,16,0.000,0.000,,,,,NVIDIA A100-SXM4-40GB MIG 4g.20gb (0),1,,13,cupy_copy__complex64_complex64
1798802169,2720,36679,35,1,1,128,1,1,16,0.000,0.000,,,,,NVIDIA A100-SXM4-40GB MIG 4g.20gb (0),1,,13,cupy_copy__complex64_complex64
1798816377,1920,36686,1,1,1,1,1,1,18,0.000,0.000,,,,,NVIDIA A100-SXM4-40GB MIG 4g.20gb (0),1,,13,cupy_copy__float32_float32
1798957208,82815,36697,1,1,1,32,32,1,30,0.000,0.000,,,,,NVIDIA A100-SXM4-40GB MIG 4g.20gb (0),1,,13,"void convert_kernel<__half2, float2>(tensor_layout_any, T1 *, tensor_layout_any, const T2 *)"
1799068342,5824,36700,,,,,,,,,,0.094,16087.884,Pinned,Device,NVIDIA A100-SXM4-40GB MIG 4g.20gb (0),1,,13,[CUDA memcpy Host-to-Device]
1799082934,3488,36701,,,,,,,,,,1.547,443412.461,Device,,NVIDIA A100-SXM4-40GB MIG 4g.20gb (0),1,,13,[CUDA memset]
1799088950,3584,36706,,,,,,,,,,0.031,8732.116,Pinned,Device,NVIDIA A100-SXM4-40GB MIG 4g.20gb (0),1,,13,[CUDA memcpy Host-to-Device]
1799095382,9536,36707,,,,,,,,,,0.197,20617.298,Pinned,Device,NVIDIA A100-SXM4-40GB MIG 4g.20gb (0),1,,13,[CUDA memcpy Host-to-Device]
1799110294,6496,36708,273,1,1,8,4,1,39,0.002,0.000,,,,,NVIDIA A100-SXM4-40GB MIG 4g.20gb (0),1,,13,"void channel_eq::eqMmseCoefCompLowMimoKernel<float, float, float, (unsigned int)4, (unsigned int)1, (unsigned int)4>(const channel_eq::_puschRxChEqStatDescr *, channel_eq::_puschRxChEqCoefCompDynDescr)"
1799118998,6431,36709,273,1,1,12,11,1,51,0.002,0.000,,,,,NVIDIA A100-SXM4-40GB MIG 4g.20gb (0),1,,13,"void channel_eq::eqMmseSoftDemapKernel<float, __half, __half, float, (unsigned int)4, (unsigned short)16383>(channel_eq::_puschRxChEqStatDescr *, channel_eq::_puschRxChEqSoftDemapDynDescr)"
1799126549,283325,36710,1,1,1,32,32,1,30,0.000,0.000,,,,,NVIDIA A100-SXM4-40GB MIG 4g.20gb (0),1,,13,"void convert_kernel<float2, __half2>(tensor_layout_any, T1 *, tensor_layout_any, const T2 *)"
1799411218,11136,36722,2253,1,1,128,1,1,16,0.000,0.000,,,,,NVIDIA A100-SXM4-40GB MIG 4g.20gb (0),1,,13,cupy_copy__float16_float16
1799423922,3616,36731,282,1,1,128,1,1,16,0.000,0.000,,,,,NVIDIA A100-SXM4-40GB MIG 4g.20gb (0),1,,13,cupy_copy__complex64_complex64
1799429106,2080,36740,26,1,1,128,1,1,16,0.000,0.000,,,,,NVIDIA A100-SXM4-40GB MIG 4g.20gb (0),1,,13,cupy_copy__float32_float32
1799435058,3136,36749,103,1,1,128,1,1,16,0.000,0.000,,,,,NVIDIA A100-SXM4-40GB MIG 4g.20gb (0),1,,13,cupy_copy__complex64_complex64
1799440914,11967,36759,1434,1,1,128,1,1,16,0.000,0.000,,,,,NVIDIA A100-SXM4-40GB MIG 4g.20gb (0),1,,13,cupy_copy__complex64_complex64
1799458961,87199,36764,1,1,1,32,32,1,30,0.000,0.000,,,,,NVIDIA A100-SXM4-40GB MIG 4g.20gb (0),1,,13,"void convert_kernel<__half2, float2>(tensor_layout_any, T1 *, tensor_layout_any, const T2 *)"
1799573584,6240,36767,,,,,,,,,,0.094,15015.346,Pinned,Device,NVIDIA A100-SXM4-40GB MIG 4g.20gb (0),1,,13,[CUDA memcpy Host-to-Device]
1799583920,599896,36768,,,,,,,,,,456.561,760631.359,Device,,NVIDIA A100-SXM4-40GB MIG 4g.20gb (0),1,,13,[CUDA memset]
1800192744,109183,36773,,,,,,,,,,1.235,11309.617,Pinned,Device,NVIDIA A100-SXM4-40GB MIG 4g.20gb (0),1,,13,[CUDA memcpy Host-to-Device]
1800312519,33695,36774,,,,,,,,,,0.197,5834.736,Pinned,Device,NVIDIA A100-SXM4-40GB MIG 4g.20gb (0),1,,13,[CUDA memcpy Host-to-Device]
1800364326,8320,36775,69,4,1,48,1,1,76,0.002,0.000,,,,,NVIDIA A100-SXM4-40GB MIG 4g.20gb (0),1,,13,"void ch_est::windowedChEstPreNoDftSOfdmKernel<float, __half, float, (unsigned int)2, (unsigned int)1, (unsigned short)4>(ch_est::puschRxChEstStatDescr_t *, ch_est::puschRxChEstDynDescr_t *)"
1800380902,6560,36776,137,2,1,24,2,1,44,0.001,0.001,,,,,NVIDIA A100-SXM4-40GB MIG 4g.20gb (0),1,,13,"void ch_est::chEstFilterNoDftSOfdmDispatchKernel<float, __half, float, (unsigned int)2>(ch_est::puschRxChEstStatDescr_t *, ch_est::puschRxChEstDynDescr_t *)"
1800393574,4704,36777,137,2,1,24,2,1,44,0.001,0.001,,,,,NVIDIA A100-SXM4-40GB MIG 4g.20gb (0),1,,13,"void ch_est::chEstFilterNoDftSOfdmDispatchKernel<float, __half, float, (unsigned int)2>(ch_est::puschRxChEstStatDescr_t *, ch_est::puschRxChEstDynDescr_t *)"
1800409094,2432,36788,103,1,1,128,1,1,16,0.000,0.000,,,,,NVIDIA A100-SXM4-40GB MIG 4g.20gb (0),1,,13,cupy_copy__complex64_complex64
1800422725,12704,36798,1434,1,1,128,1,1,16,0.000,0.000,,,,,NVIDIA A100-SXM4-40GB MIG 4g.20gb (0),1,,13,cupy_copy__complex64_complex64
1800459237,2912,36805,103,1,1,128,1,1,16,0.000,0.000,,,,,NVIDIA A100-SXM4-40GB MIG 4g.20gb (0),1,,13,cupy_copy__complex64_complex64
1800474341,88927,36812,1,1,1,32,32,1,30,0.000,0.000,,,,,NVIDIA A100-SXM4-40GB MIG 4g.20gb (0),1,,13,"void convert_kernel<__half2, float2>(tensor_layout_any, T1 *, tensor_layout_any, const T2 *)"
1800599651,24288,36815,,,,,,,,,,0.094,3857.652,Pinned,Device,NVIDIA A100-SXM4-40GB MIG 4g.20gb (0),1,,13,[CUDA memcpy Host-to-Device]
1800638979,47295,36816,,,,,,,,,,35.810,757129.139,Device,,NVIDIA A100-SXM4-40GB MIG 4g.20gb (0),1,,13,[CUDA memset]
1800687874,11264,36818,,,,,,,,,,0.000,7.102,Pinned,Device,NVIDIA A100-SXM4-40GB MIG 4g.20gb (0),1,,13,[CUDA memcpy Host-to-Device]
1800710690,26239,36819,,,,,,,,,,0.197,7492.927,Pinned,Device,NVIDIA A100-SXM4-40GB MIG 4g.20gb (0),1,,13,[CUDA memcpy Host-to-Device]
1800756929,9760,36820,273,1,1,48,1,1,40,0.000,0.001,,,,,NVIDIA A100-SXM4-40GB MIG 4g.20gb (0),1,,13,"void pusch_noise_intf_est::noiseIntfEstNoDftSOfdmKernel<float, __half, float, float, (unsigned int)2, (unsigned int)1, (unsigned char)4, (unsigned char)4>(pusch_noise_intf_est::puschRxNoiseIntfEstDynDescr)"
1800773953,2784,36831,35,1,1,128,1,1,16,0.000,0.000,,,,,NVIDIA A100-SXM4-40GB MIG 4g.20gb (0),1,,13,cupy_copy__complex64_complex64
1800790337,1760,36840,1,1,1,1,1,1,18,0.000,0.000,,,,,NVIDIA A100-SXM4-40GB MIG 4g.20gb (0),1,,13,cupy_copy__float32_float32
1800793313,8768,36846,,,,,,,,,,0.000,0.456,Device,Pageable,NVIDIA A100-SXM4-40GB MIG 4g.20gb (0),1,,7,[CUDA memcpy Device-to-Host]
1800884928,13023,36857,1434,1,1,128,1,1,16,0.000,0.000,,,,,NVIDIA A100-SXM4-40GB MIG 4g.20gb (0),1,,13,cupy_copy__complex64_complex64
1800907263,3328,36864,103,1,1,128,1,1,16,0.000,0.000,,,,,NVIDIA A100-SXM4-40GB MIG 4g.20gb (0),1,,13,cupy_copy__complex64_complex64
1800930751,2528,36871,35,1,1,128,1,1,16,0.000,0.000,,,,,NVIDIA A100-SXM4-40GB MIG 4g.20gb (0),1,,13,cupy_copy__complex64_complex64
1800951103,1792,36878,1,1,1,1,1,1,18,0.000,0.000,,,,,NVIDIA A100-SXM4-40GB MIG 4g.20gb (0),1,,13,cupy_copy__float32_float32
1801086141,86495,36889,1,1,1,32,32,1,30,0.000,0.000,,,,,NVIDIA A100-SXM4-40GB MIG 4g.20gb (0),1,,13,"void convert_kernel<__half2, float2>(tensor_layout_any, T1 *, tensor_layout_any, const T2 *)"
1801204764,20351,36892,,,,,,,,,,0.094,4603.940,Pinned,Device,NVIDIA A100-SXM4-40GB MIG 4g.20gb (0),1,,13,[CUDA memcpy Host-to-Device]
1801241179,3424,36893,,,,,,,,,,1.547,451700.819,Device,,NVIDIA A100-SXM4-40GB MIG 4g.20gb (0),1,,13,[CUDA memset]
1801251035,9056,36898,,,,,,,,,,0.031,3455.830,Pinned,Device,NVIDIA A100-SXM4-40GB MIG 4g.20gb (0),1,,13,[CUDA memcpy Host-to-Device]
1801264507,17088,36899,,,,,,,,,,0.197,11505.500,Pinned,Device,NVIDIA A100-SXM4-40GB MIG 4g.20gb (0),1,,13,[CUDA memcpy Host-to-Device]
1801289691,6464,36900,273,1,1,8,4,1,39,0.002,0.000,,,,,NVIDIA A100-SXM4-40GB MIG 4g.20gb (0),1,,13,"void channel_eq::eqMmseCoefCompLowMimoKernel<float, float, float, (unsigned int)4, (unsigned int)1, (unsigned int)4>(const channel_eq::_puschRxChEqStatDescr *, channel_eq::_puschRxChEqCoefCompDynDescr)"
1801300955,7711,36901,273,1,1,12,11,1,51,0.002,0.000,,,,,NVIDIA A100-SXM4-40GB MIG 4g.20gb (0),1,,13,"void channel_eq::eqMmseSoftDemapKernel<float, __half, __half, float, (unsigned int)4, (unsigned short)16383>(channel_eq::_puschRxChEqStatDescr *, channel_eq::_puschRxChEqSoftDemapDynDescr)"
1801311098,282685,36902,1,1,1,32,32,1,30,0.000,0.000,,,,,NVIDIA A100-SXM4-40GB MIG 4g.20gb (0),1,,13,"void convert_kernel<float2, __half2>(tensor_layout_any, T1 *, tensor_layout_any, const T2 *)"
1801596375,11072,36914,2253,1,1,128,1,1,16,0.000,0.000,,,,,NVIDIA A100-SXM4-40GB MIG 4g.20gb (0),1,,13,cupy_copy__float16_float16
1801612407,2848,36923,282,1,1,128,1,1,16,0.000,0.000,,,,,NVIDIA A100-SXM4-40GB MIG 4g.20gb (0),1,,13,cupy_copy__complex64_complex64
1801620407,2016,36932,26,1,1,128,1,1,16,0.000,0.000,,,,,NVIDIA A100-SXM4-40GB MIG 4g.20gb (0),1,,13,cupy_copy__float32_float32
1801625270,4640,36941,103,1,1,128,1,1,16,0.000,0.000,,,,,NVIDIA A100-SXM4-40GB MIG 4g.20gb (0),1,,13,cupy_copy__complex64_complex64
1801632662,12352,36951,1434,1,1,128,1,1,16,0.000,0.000,,,,,NVIDIA A100-SXM4-40GB MIG 4g.20gb (0),1,,13,cupy_copy__complex64_complex64
1801647254,87487,36956,1,1,1,32,32,1,30,0.000,0.000,,,,,NVIDIA A100-SXM4-40GB MIG 4g.20gb (0),1,,13,"void convert_kernel<__half2, float2>(tensor_layout_any, T1 *, tensor_layout_any, const T2 *)"
1801761653,5568,36959,,,,,,,,,,0.094,16827.521,Pinned,Device,NVIDIA A100-SXM4-40GB MIG 4g.20gb (0),1,,13,[CUDA memcpy Host-to-Device]
1801771989,597624,36960,,,,,,,,,,456.561,763827.289,Device,,NVIDIA A100-SXM4-40GB MIG 4g.20gb (0),1,,13,[CUDA memset]
1802376301,134335,36965,,,,,,,,,,1.235,9192.923,Pinned,Device,NVIDIA A100-SXM4-40GB MIG 4g.20gb (0),1,,13,[CUDA memcpy Host-to-Device]
1802523051,41216,36966,,,,,,,,,,0.197,4770.103,Pinned,Device,NVIDIA A100-SXM4-40GB MIG 4g.20gb (0),1,,13,[CUDA memcpy Host-to-Device]
1802586827,8191,36967,69,4,1,48,1,1,76,0.002,0.000,,,,,NVIDIA A100-SXM4-40GB MIG 4g.20gb (0),1,,13,"void ch_est::windowedChEstPreNoDftSOfdmKernel<float, __half, float, (unsigned int)2, (unsigned int)1, (unsigned short)4>(ch_est::puschRxChEstStatDescr_t *, ch_est::puschRxChEstDynDescr_t *)"
1802605642,6208,36968,137,2,1,24,2,1,44,0.001,0.001,,,,,NVIDIA A100-SXM4-40GB MIG 4g.20gb (0),1,,13,"void ch_est::chEstFilterNoDftSOfdmDispatchKernel<float, __half, float, (unsigned int)2>(ch_est::puschRxChEstStatDescr_t *, ch_est::puschRxChEstDynDescr_t *)"
1802622474,4928,36969,137,2,1,24,2,1,44,0.001,0.001,,,,,NVIDIA A100-SXM4-40GB MIG 4g.20gb (0),1,,13,"void ch_est::chEstFilterNoDftSOfdmDispatchKernel<float, __half, float, (unsigned int)2>(ch_est::puschRxChEstStatDescr_t *, ch_est::puschRxChEstDynDescr_t *)"
1802639082,2528,36980,103,1,1,128,1,1,16,0.000,0.000,,,,,NVIDIA A100-SXM4-40GB MIG 4g.20gb (0),1,,13,cupy_copy__complex64_complex64
1802654410,12448,36990,1434,1,1,128,1,1,16,0.000,0.000,,,,,NVIDIA A100-SXM4-40GB MIG 4g.20gb (0),1,,13,cupy_copy__complex64_complex64
1802684553,2592,36997,103,1,1,128,1,1,16,0.000,0.000,,,,,NVIDIA A100-SXM4-40GB MIG 4g.20gb (0),1,,13,cupy_copy__complex64_complex64
1802696777,86015,37004,1,1,1,32,32,1,30,0.000,0.000,,,,,NVIDIA A100-SXM4-40GB MIG 4g.20gb (0),1,,13,"void convert_kernel<__half2, float2>(tensor_layout_any, T1 *, tensor_layout_any, const T2 *)"
1802810472,5856,37007,,,,,,,,,,0.094,15999.997,Pinned,Device,NVIDIA A100-SXM4-40GB MIG 4g.20gb (0),1,,13,[CUDA memcpy Host-to-Device]
1802822664,47583,37008,,,,,,,,,,35.810,752545.469,Device,,NVIDIA A100-SXM4-40GB MIG 4g.20gb (0),1,,13,[CUDA memset]
1802875783,2624,37010,,,,,,,,,,0.000,30.488,Pinned,Device,NVIDIA A100-SXM4-40GB MIG 4g.20gb (0),1,,13,[CUDA memcpy Host-to-Device]
1802881735,10048,37011,,,,,,,,,,0.197,19566.821,Pinned,Device,NVIDIA A100-SXM4-40GB MIG 4g.20gb (0),1,,13,[CUDA memcpy Host-to-Device]
1802898599,10592,37012,273,1,1,48,1,1,40,0.000,0.001,,,,,NVIDIA A100-SXM4-40GB MIG 4g.20gb (0),1,,13,"void pusch_noise_intf_est::noiseIntfEstNoDftSOfdmKernel<float, __half, float, float, (unsigned int)2, (unsigned int)1, (unsigned char)4, (unsigned char)4>(pusch_noise_intf_est::puschRxNoiseIntfEstDynDescr)"
1802913959,3039,37023,35,1,1,128,1,1,16,0.000,0.000,,,,,NVIDIA A100-SXM4-40GB MIG 4g.20gb (0),1,,13,cupy_copy__complex64_complex64
1802938534,1760,37032,1,1,1,1,1,1,18,0.000,0.000,,,,,NVIDIA A100-SXM4-40GB MIG 4g.20gb (0),1,,13,cupy_copy__float32_float32
1802973094,1664,37038,,,,,,,,,,0.000,2.404,Device,Pageable,NVIDIA A100-SXM4-40GB MIG 4g.20gb (0),1,,7,[CUDA memcpy Device-to-Host]
1803033221,12992,37049,1434,1,1,128,1,1,16,0.000,0.000,,,,,NVIDIA A100-SXM4-40GB MIG 4g.20gb (0),1,,13,cupy_copy__complex64_complex64
1803059781,3424,37056,103,1,1,128,1,1,16,0.000,0.000,,,,,NVIDIA A100-SXM4-40GB MIG 4g.20gb (0),1,,13,cupy_copy__complex64_complex64
1803082084,2560,37063,35,1,1,128,1,1,16,0.000,0.000,,,,,NVIDIA A100-SXM4-40GB MIG 4g.20gb (0),1,,13,cupy_copy__complex64_complex64
1803098308,1760,37070,1,1,1,1,1,1,18,0.000,0.000,,,,,NVIDIA A100-SXM4-40GB MIG 4g.20gb (0),1,,13,cupy_copy__float32_float32
1803230051,81823,37081,1,1,1,32,32,1,30,0.000,0.000,,,,,NVIDIA A100-SXM4-40GB MIG 4g.20gb (0),1,,13,"void convert_kernel<__half2, float2>(tensor_layout_any, T1 *, tensor_layout_any, const T2 *)"
1803339137,6112,37084,,,,,,,,,,0.094,15329.790,Pinned,Device,NVIDIA A100-SXM4-40GB MIG 4g.20gb (0),1,,13,[CUDA memcpy Host-to-Device]
1803354945,3296,37085,,,,,,,,,,1.547,469242.628,Device,,NVIDIA A100-SXM4-40GB MIG 4g.20gb (0),1,,13,[CUDA memset]
1803360737,3456,37090,,,,,,,,,,0.031,9055.529,Pinned,Device,NVIDIA A100-SXM4-40GB MIG 4g.20gb (0),1,,13,[CUDA memcpy Host-to-Device]
1803367105,10112,37091,,,,,,,,,,0.197,19442.958,Pinned,Device,NVIDIA A100-SXM4-40GB MIG 4g.20gb (0),1,,13,[CUDA memcpy Host-to-Device]
1803383681,6560,37092,273,1,1,8,4,1,39,0.002,0.000,,,,,NVIDIA A100-SXM4-40GB MIG 4g.20gb (0),1,,13,"void channel_eq::eqMmseCoefCompLowMimoKernel<float, float, float, (unsigned int)4, (unsigned int)1, (unsigned int)4>(const channel_eq::_puschRxChEqStatDescr *, channel_eq::_puschRxChEqCoefCompDynDescr)"
1803391425,6048,37093,273,1,1,12,11,1,51,0.002,0.000,,,,,NVIDIA A100-SXM4-40GB MIG 4g.20gb (0),1,,13,"void channel_eq::eqMmseSoftDemapKernel<float, __half, __half, float, (unsigned int)4, (unsigned short)16383>(channel_eq::_puschRxChEqStatDescr *, channel_eq::_puschRxChEqSoftDemapDynDescr)"
1803398913,282684,37094,1,1,1,32,32,1,30,0.000,0.000,,,,,NVIDIA A100-SXM4-40GB MIG 4g.20gb (0),1,,13,"void convert_kernel<float2, __half2>(tensor_layout_any, T1 *, tensor_layout_any, const T2 *)"
1803683805,11008,37106,2253,1,1,128,1,1,16,0.000,0.000,,,,,NVIDIA A100-SXM4-40GB MIG 4g.20gb (0),1,,13,cupy_copy__float16_float16
1803698301,3520,37115,282,1,1,128,1,1,16,0.000,0.000,,,,,NVIDIA A100-SXM4-40GB MIG 4g.20gb (0),1,,13,cupy_copy__complex64_complex64
1803705373,2144,37124,26,1,1,128,1,1,16,0.000,0.000,,,,,NVIDIA A100-SXM4-40GB MIG 4g.20gb (0),1,,13,cupy_copy__float32_float32
1803708829,2944,37133,103,1,1,128,1,1,16,0.000,0.000,,,,,NVIDIA A100-SXM4-40GB MIG 4g.20gb (0),1,,13,cupy_copy__complex64_complex64
1803712765,12095,37143,1434,1,1,128,1,1,16,0.000,0.000,,,,,NVIDIA A100-SXM4-40GB MIG 4g.20gb (0),1,,13,cupy_copy__complex64_complex64
1803728252,88447,37148,1,1,1,32,32,1,30,0.000,0.000,,,,,NVIDIA A100-SXM4-40GB MIG 4g.20gb (0),1,,13,"void convert_kernel<__half2, float2>(tensor_layout_any, T1 *, tensor_layout_any, const T2 *)"
1803843451,5664,37151,,,,,,,,,,0.094,16542.310,Pinned,Device,NVIDIA A100-SXM4-40GB MIG 4g.20gb (0),1,,13,[CUDA memcpy Host-to-Device]
1803853179,597912,37152,,,,,,,,,,456.561,763370.728,Device,,NVIDIA A100-SXM4-40GB MIG 4g.20gb (0),1,,13,[CUDA memset]
1804458163,165790,37157,,,,,,,,,,1.235,7447.947,Pinned,Device,NVIDIA A100-SXM4-40GB MIG 4g.20gb (0),1,,13,[CUDA memcpy Host-to-Device]
1804637201,39136,37158,,,,,,,,,,0.197,5023.531,Pinned,Device,NVIDIA A100-SXM4-40GB MIG 4g.20gb (0),1,,13,[CUDA memcpy Host-to-Device]
1804698512,8000,37159,69,4,1,48,1,1,76,0.002,0.000,,,,,NVIDIA A100-SXM4-40GB MIG 4g.20gb (0),1,,13,"void ch_est::windowedChEstPreNoDftSOfdmKernel<float, __half, float, (unsigned int)2, (unsigned int)1, (unsigned short)4>(ch_est::puschRxChEstStatDescr_t *, ch_est::puschRxChEstDynDescr_t *)"
1804716208,6784,37160,137,2,1,24,2,1,44,0.001,0.001,,,,,NVIDIA A100-SXM4-40GB MIG 4g.20gb (0),1,,13,"void ch_est::chEstFilterNoDftSOfdmDispatchKernel<float, __half, float, (unsigned int)2>(ch_est::puschRxChEstStatDescr_t *, ch_est::puschRxChEstDynDescr_t *)"
1804733168,4768,37161,137,2,1,24,2,1,44,0.001,0.001,,,,,NVIDIA A100-SXM4-40GB MIG 4g.20gb (0),1,,13,"void ch_est::chEstFilterNoDftSOfdmDispatchKernel<float, __half, float, (unsigned int)2>(ch_est::puschRxChEstStatDescr_t *, ch_est::puschRxChEstDynDescr_t *)"
1804750000,2656,37172,103,1,1,128,1,1,16,0.000,0.000,,,,,NVIDIA A100-SXM4-40GB MIG 4g.20gb (0),1,,13,cupy_copy__complex64_complex64
1804767216,12351,37182,1434,1,1,128,1,1,16,0.000,0.000,,,,,NVIDIA A100-SXM4-40GB MIG 4g.20gb (0),1,,13,cupy_copy__complex64_complex64
1804787503,2880,37189,103,1,1,128,1,1,16,0.000,0.000,,,,,NVIDIA A100-SXM4-40GB MIG 4g.20gb (0),1,,13,cupy_copy__complex64_complex64
1804810735,88703,37196,1,1,1,32,32,1,30,0.000,0.000,,,,,NVIDIA A100-SXM4-40GB MIG 4g.20gb (0),1,,13,"void convert_kernel<__half2, float2>(tensor_layout_any, T1 *, tensor_layout_any, const T2 *)"
1804932590,24415,37199,,,,,,,,,,0.094,3837.601,Pinned,Device,NVIDIA A100-SXM4-40GB MIG 4g.20gb (0),1,,13,[CUDA memcpy Host-to-Device]
1804973741,47999,37200,,,,,,,,,,35.810,746028.063,Device,,NVIDIA A100-SXM4-40GB MIG 4g.20gb (0),1,,13,[CUDA memset]
1805027500,5504,37202,,,,,,,,,,0.000,14.535,Pinned,Device,NVIDIA A100-SXM4-40GB MIG 4g.20gb (0),1,,13,[CUDA memcpy Host-to-Device]
1805042284,15840,37203,,,,,,,,,,0.197,12412.060,Pinned,Device,NVIDIA A100-SXM4-40GB MIG 4g.20gb (0),1,,13,[CUDA memcpy Host-to-Device]
1805072204,10656,37204,273,1,1,48,1,1,40,0.000,0.001,,,,,NVIDIA A100-SXM4-40GB MIG 4g.20gb (0),1,,13,"void pusch_noise_intf_est::noiseIntfEstNoDftSOfdmKernel<float, __half, float, float, (unsigned int)2, (unsigned int)1, (unsigned char)4, (unsigned char)4>(pusch_noise_intf_est::puschRxNoiseIntfEstDynDescr)"
1805087788,3200,37215,35,1,1,128,1,1,16,0.000,0.000,,,,,NVIDIA A100-SXM4-40GB MIG 4g.20gb (0),1,,13,cupy_copy__complex64_complex64
1805096779,1760,37224,1,1,1,1,1,1,18,0.000,0.000,,,,,NVIDIA A100-SXM4-40GB MIG 4g.20gb (0),1,,13,cupy_copy__float32_float32
1805105003,3104,37230,,,,,,,,,,0.000,1.289,Device,Pageable,NVIDIA A100-SXM4-40GB MIG 4g.20gb (0),1,,7,[CUDA memcpy Device-to-Host]
1805170859,12767,37241,1434,1,1,128,1,1,16,0.000,0.000,,,,,NVIDIA A100-SXM4-40GB MIG 4g.20gb (0),1,,13,cupy_copy__complex64_complex64
1805197738,3392,37248,103,1,1,128,1,1,16,0.000,0.000,,,,,NVIDIA A100-SXM4-40GB MIG 4g.20gb (0),1,,13,cupy_copy__complex64_complex64
1805218378,2912,37255,35,1,1,128,1,1,16,0.000,0.000,,,,,NVIDIA A100-SXM4-40GB MIG 4g.20gb (0),1,,13,cupy_copy__complex64_complex64
1805237162,1760,37262,1,1,1,1,1,1,18,0.000,0.000,,,,,NVIDIA A100-SXM4-40GB MIG 4g.20gb (0),1,,13,cupy_copy__float32_float32
1805370632,83295,37273,1,1,1,32,32,1,30,0.000,0.000,,,,,NVIDIA A100-SXM4-40GB MIG 4g.20gb (0),1,,13,"void convert_kernel<__half2, float2>(tensor_layout_any, T1 *, tensor_layout_any, const T2 *)"
1805481511,5856,37276,,,,,,,,,,0.094,15999.997,Pinned,Device,NVIDIA A100-SXM4-40GB MIG 4g.20gb (0),1,,13,[CUDA memcpy Host-to-Device]
1805495687,3263,37277,,,,,,,,,,1.547,473987.671,Device,,NVIDIA A100-SXM4-40GB MIG 4g.20gb (0),1,,13,[CUDA memset]
1805502982,3232,37282,,,,,,,,,,0.031,9683.139,Pinned,Device,NVIDIA A100-SXM4-40GB MIG 4g.20gb (0),1,,13,[CUDA memcpy Host-to-Device]
1805509382,9664,37283,,,,,,,,,,0.197,20344.209,Pinned,Device,NVIDIA A100-SXM4-40GB MIG 4g.20gb (0),1,,13,[CUDA memcpy Host-to-Device]
1805525766,7392,37284,273,1,1,8,4,1,39,0.002,0.000,,,,,NVIDIA A100-SXM4-40GB MIG 4g.20gb (0),1,,13,"void channel_eq::eqMmseCoefCompLowMimoKernel<float, float, float, (unsigned int)4, (unsigned int)1, (unsigned int)4>(const channel_eq::_puschRxChEqStatDescr *, channel_eq::_puschRxChEqCoefCompDynDescr)"
1805534246,6176,37285,273,1,1,12,11,1,51,0.002,0.000,,,,,NVIDIA A100-SXM4-40GB MIG 4g.20gb (0),1,,13,"void channel_eq::eqMmseSoftDemapKernel<float, __half, __half, float, (unsigned int)4, (unsigned short)16383>(channel_eq::_puschRxChEqStatDescr *, channel_eq::_puschRxChEqSoftDemapDynDescr)"
1805541446,282396,37286,1,1,1,32,32,1,30,0.000,0.000,,,,,NVIDIA A100-SXM4-40GB MIG 4g.20gb (0),1,,13,"void convert_kernel<float2, __half2>(tensor_layout_any, T1 *, tensor_layout_any, const T2 *)"
1805825442,10944,37298,2253,1,1,128,1,1,16,0.000,0.000,,,,,NVIDIA A100-SXM4-40GB MIG 4g.20gb (0),1,,13,cupy_copy__float16_float16
1805838242,3392,37307,282,1,1,128,1,1,16,0.000,0.000,,,,,NVIDIA A100-SXM4-40GB MIG 4g.20gb (0),1,,13,cupy_copy__complex64_complex64
1805842786,2208,37316,26,1,1,128,1,1,16,0.000,0.000,,,,,NVIDIA A100-SXM4-40GB MIG 4g.20gb (0),1,,13,cupy_copy__float32_float32
1805847426,2976,37325,103,1,1,128,1,1,16,0.000,0.000,,,,,NVIDIA A100-SXM4-40GB MIG 4g.20gb (0),1,,13,cupy_copy__complex64_complex64
1805854850,12192,37335,1434,1,1,128,1,1,16,0.000,0.000,,,,,NVIDIA A100-SXM4-40GB MIG 4g.20gb (0),1,,13,cupy_copy__complex64_complex64
1805872802,87743,37340,1,1,1,32,32,1,30,0.000,0.000,,,,,NVIDIA A100-SXM4-40GB MIG 4g.20gb (0),1,,13,"void convert_kernel<__half2, float2>(tensor_layout_any, T1 *, tensor_layout_any, const T2 *)"
1805987552,5760,37343,,,,,,,,,,0.094,16266.656,Pinned,Device,NVIDIA A100-SXM4-40GB MIG 4g.20gb (0),1,,13,[CUDA memcpy Host-to-Device]
1805998240,597881,37344,,,,,,,,,,456.561,763370.728,Device,,NVIDIA A100-SXM4-40GB MIG 4g.20gb (0),1,,13,[CUDA memset]
1806599993,138046,37349,,,,,,,,,,1.235,8944.699,Pinned,Device,NVIDIA A100-SXM4-40GB MIG 4g.20gb (0),1,,13,[CUDA memcpy Host-to-Device]
1806753495,39871,37350,,,,,,,,,,0.197,4930.929,Pinned,Device,NVIDIA A100-SXM4-40GB MIG 4g.20gb (0),1,,13,[CUDA memcpy Host-to-Device]
1806823670,7968,37351,69,4,1,48,1,1,76,0.002,0.000,,,,,NVIDIA A100-SXM4-40GB MIG 4g.20gb (0),1,,13,"void ch_est::windowedChEstPreNoDftSOfdmKernel<float, __half, float, (unsigned int)2, (unsigned int)1, (unsigned short)4>(ch_est::puschRxChEstStatDescr_t *, ch_est::puschRxChEstDynDescr_t *)"
1806843990,6400,37352,137,2,1,24,2,1,44,0.001,0.001,,,,,NVIDIA A100-SXM4-40GB MIG 4g.20gb (0),1,,13,"void ch_est::chEstFilterNoDftSOfdmDispatchKernel<float, __half, float, (unsigned int)2>(ch_est::puschRxChEstStatDescr_t *, ch_est::puschRxChEstDynDescr_t *)"
1806862390,4800,37353,137,2,1,24,2,1,44,0.001,0.001,,,,,NVIDIA A100-SXM4-40GB MIG 4g.20gb (0),1,,13,"void ch_est::chEstFilterNoDftSOfdmDispatchKernel<float, __half, float, (unsigned int)2>(ch_est::puschRxChEstStatDescr_t *, ch_est::puschRxChEstDynDescr_t *)"
1806879829,2624,37364,103,1,1,128,1,1,16,0.000,0.000,,,,,NVIDIA A100-SXM4-40GB MIG 4g.20gb (0),1,,13,cupy_copy__complex64_complex64
1806896181,12288,37374,1434,1,1,128,1,1,16,0.000,0.000,,,,,NVIDIA A100-SXM4-40GB MIG 4g.20gb (0),1,,13,cupy_copy__complex64_complex64
1806915893,2880,37381,103,1,1,128,1,1,16,0.000,0.000,,,,,NVIDIA A100-SXM4-40GB MIG 4g.20gb (0),1,,13,cupy_copy__complex64_complex64
1806940565,93310,37388,1,1,1,32,32,1,30,0.000,0.000,,,,,NVIDIA A100-SXM4-40GB MIG 4g.20gb (0),1,,13,"void convert_kernel<__half2, float2>(tensor_layout_any, T1 *, tensor_layout_any, const T2 *)"
1807069331,27296,37391,,,,,,,,,,0.094,3432.553,Pinned,Device,NVIDIA A100-SXM4-40GB MIG 4g.20gb (0),1,,13,[CUDA memcpy Host-to-Device]
1807117842,47488,37392,,,,,,,,,,35.810,754049.485,Device,,NVIDIA A100-SXM4-40GB MIG 4g.20gb (0),1,,13,[CUDA memset]
1807173618,10336,37394,,,,,,,,,,0.000,7.740,Pinned,Device,NVIDIA A100-SXM4-40GB MIG 4g.20gb (0),1,,13,[CUDA memcpy Host-to-Device]
1807193585,35584,37395,,,,,,,,,,0.197,5525.078,Pinned,Device,NVIDIA A100-SXM4-40GB MIG 4g.20gb (0),1,,13,[CUDA memcpy Host-to-Device]
1807252273,9568,37396,273,1,1,48,1,1,40,0.000,0.001,,,,,NVIDIA A100-SXM4-40GB MIG 4g.20gb (0),1,,13,"void pusch_noise_intf_est::noiseIntfEstNoDftSOfdmKernel<float, __half, float, float, (unsigned int)2, (unsigned int)1, (unsigned char)4, (unsigned char)4>(pusch_noise_intf_est::puschRxNoiseIntfEstDynDescr)"
1807268721,2784,37407,35,1,1,128,1,1,16,0.000,0.000,,,,,NVIDIA A100-SXM4-40GB MIG 4g.20gb (0),1,,13,cupy_copy__complex64_complex64
1807285136,1728,37416,1,1,1,1,1,1,18,0.000,0.000,,,,,NVIDIA A100-SXM4-40GB MIG 4g.20gb (0),1,,13,cupy_copy__float32_float32
1807287888,8960,37422,,,,,,,,,,0.000,0.446,Device,Pageable,NVIDIA A100-SXM4-40GB MIG 4g.20gb (0),1,,7,[CUDA memcpy Device-to-Host]
1807380431,13120,37433,1434,1,1,128,1,1,16,0.000,0.000,,,,,NVIDIA A100-SXM4-40GB MIG 4g.20gb (0),1,,13,cupy_copy__complex64_complex64
1807416879,3008,37440,103,1,1,128,1,1,16,0.000,0.000,,,,,NVIDIA A100-SXM4-40GB MIG 4g.20gb (0),1,,13,cupy_copy__complex64_complex64
1807431439,2176,37447,35,1,1,128,1,1,16,0.000,0.000,,,,,NVIDIA A100-SXM4-40GB MIG 4g.20gb (0),1,,13,cupy_copy__complex64_complex64
1807435119,1855,37454,1,1,1,1,1,1,18,0.000,0.000,,,,,NVIDIA A100-SXM4-40GB MIG 4g.20gb (0),1,,13,cupy_copy__float32_float32
1807574605,82815,37465,1,1,1,32,32,1,30,0.000,0.000,,,,,NVIDIA A100-SXM4-40GB MIG 4g.20gb (0),1,,13,"void convert_kernel<__half2, float2>(tensor_layout_any, T1 *, tensor_layout_any, const T2 *)"
1807685323,6560,37468,,,,,,,,,,0.094,14282.925,Pinned,Device,NVIDIA A100-SXM4-40GB MIG 4g.20gb (0),1,,13,[CUDA memcpy Host-to-Device]
1807699851,3520,37469,,,,,,,,,,1.547,439380.412,Device,,NVIDIA A100-SXM4-40GB MIG 4g.20gb (0),1,,13,[CUDA memset]
1807706763,3552,37474,,,,,,,,,,0.031,8810.794,Pinned,Device,NVIDIA A100-SXM4-40GB MIG 4g.20gb (0),1,,13,[CUDA memcpy Host-to-Device]
1807712395,9824,37475,,,,,,,,,,0.197,20012.925,Pinned,Device,NVIDIA A100-SXM4-40GB MIG 4g.20gb (0),1,,13,[CUDA memcpy Host-to-Device]
1807727467,6528,37476,273,1,1,8,4,1,39,0.002,0.000,,,,,NVIDIA A100-SXM4-40GB MIG 4g.20gb (0),1,,13,"void channel_eq::eqMmseCoefCompLowMimoKernel<float, float, float, (unsigned int)4, (unsigned int)1, (unsigned int)4>(const channel_eq::_puschRxChEqStatDescr *, channel_eq::_puschRxChEqCoefCompDynDescr)"
1807736587,6464,37477,273,1,1,12,11,1,51,0.002,0.000,,,,,NVIDIA A100-SXM4-40GB MIG 4g.20gb (0),1,,13,"void channel_eq::eqMmseSoftDemapKernel<float, __half, __half, float, (unsigned int)4, (unsigned short)16383>(channel_eq::_puschRxChEqStatDescr *, channel_eq::_puschRxChEqSoftDemapDynDescr)"
1807744107,294524,37478,1,1,1,32,32,1,30,0.000,0.000,,,,,NVIDIA A100-SXM4-40GB MIG 4g.20gb (0),1,,13,"void convert_kernel<float2, __half2>(tensor_layout_any, T1 *, tensor_layout_any, const T2 *)"
1808040039,10976,37490,2253,1,1,128,1,1,16,0.000,0.000,,,,,NVIDIA A100-SXM4-40GB MIG 4g.20gb (0),1,,13,cupy_copy__float16_float16
1808054599,3616,37499,282,1,1,128,1,1,16,0.000,0.000,,,,,NVIDIA A100-SXM4-40GB MIG 4g.20gb (0),1,,13,cupy_copy__complex64_complex64
1808060039,2048,37508,26,1,1,128,1,1,16,0.000,0.000,,,,,NVIDIA A100-SXM4-40GB MIG 4g.20gb (0),1,,13,cupy_copy__float32_float32
1808064423,4640,37517,103,1,1,128,1,1,16,0.000,0.000,,,,,NVIDIA A100-SXM4-40GB MIG 4g.20gb (0),1,,13,cupy_copy__complex64_complex64
1808070151,12223,37527,1434,1,1,128,1,1,16,0.000,0.000,,,,,NVIDIA A100-SXM4-40GB MIG 4g.20gb (0),1,,13,cupy_copy__complex64_complex64
1808083814,82207,37532,1,1,1,32,32,1,30,0.000,0.000,,,,,NVIDIA A100-SXM4-40GB MIG 4g.20gb (0),1,,13,"void convert_kernel<__half2, float2>(tensor_layout_any, T1 *, tensor_layout_any, const T2 *)"
1808193413,5792,37535,,,,,,,,,,0.094,16176.708,Pinned,Device,NVIDIA A100-SXM4-40GB MIG 4g.20gb (0),1,,13,[CUDA memcpy Host-to-Device]
1808203845,598745,37536,,,,,,,,,,456.561,762457.605,Device,,NVIDIA A100-SXM4-40GB MIG 4g.20gb (0),1,,13,[CUDA memset]
1808807038,94526,37541,,,,,,,,,,1.235,13064.473,Pinned,Device,NVIDIA A100-SXM4-40GB MIG 4g.20gb (0),1,,13,[CUDA memcpy Host-to-Device]
1808906940,16544,37542,,,,,,,,,,0.197,11883.774,Pinned,Device,NVIDIA A100-SXM4-40GB MIG 4g.20gb (0),1,,13,[CUDA memcpy Host-to-Device]
1808937276,7968,37543,69,4,1,48,1,1,76,0.002,0.000,,,,,NVIDIA A100-SXM4-40GB MIG 4g.20gb (0),1,,13,"void ch_est::windowedChEstPreNoDftSOfdmKernel<float, __half, float, (unsigned int)2, (unsigned int)1, (unsigned short)4>(ch_est::puschRxChEstStatDescr_t *, ch_est::puschRxChEstDynDescr_t *)"
1808953212,6272,37544,137,2,1,24,2,1,44,0.001,0.001,,,,,NVIDIA A100-SXM4-40GB MIG 4g.20gb (0),1,,13,"void ch_est::chEstFilterNoDftSOfdmDispatchKernel<float, __half, float, (unsigned int)2>(ch_est::puschRxChEstStatDescr_t *, ch_est::puschRxChEstDynDescr_t *)"
1808962940,5056,37545,137,2,1,24,2,1,44,0.001,0.001,,,,,NVIDIA A100-SXM4-40GB MIG 4g.20gb (0),1,,13,"void ch_est::chEstFilterNoDftSOfdmDispatchKernel<float, __half, float, (unsigned int)2>(ch_est::puschRxChEstStatDescr_t *, ch_est::puschRxChEstDynDescr_t *)"
1808971547,3168,37556,103,1,1,128,1,1,16,0.000,0.000,,,,,NVIDIA A100-SXM4-40GB MIG 4g.20gb (0),1,,13,cupy_copy__complex64_complex64
1808979259,12832,37566,1434,1,1,128,1,1,16,0.000,0.000,,,,,NVIDIA A100-SXM4-40GB MIG 4g.20gb (0),1,,13,cupy_copy__complex64_complex64
1808994011,3104,37573,103,1,1,128,1,1,16,0.000,0.000,,,,,NVIDIA A100-SXM4-40GB MIG 4g.20gb (0),1,,13,cupy_copy__complex64_complex64
1809002747,81535,37580,1,1,1,32,32,1,30,0.000,0.000,,,,,NVIDIA A100-SXM4-40GB MIG 4g.20gb (0),1,,13,"void convert_kernel<__half2, float2>(tensor_layout_any, T1 *, tensor_layout_any, const T2 *)"
1809111514,6144,37583,,,,,,,,,,0.094,15249.961,Pinned,Device,NVIDIA A100-SXM4-40GB MIG 4g.20gb (0),1,,13,[CUDA memcpy Host-to-Device]
1809123706,46975,37584,,,,,,,,,,35.810,762285.767,Device,,NVIDIA A100-SXM4-40GB MIG 4g.20gb (0),1,,13,[CUDA memset]
1809178425,4672,37586,,,,,,,,,,0.000,17.123,Pinned,Device,NVIDIA A100-SXM4-40GB MIG 4g.20gb (0),1,,13,[CUDA memcpy Host-to-Device]
1809187929,15008,37587,,,,,,,,,,0.197,13100.188,Pinned,Device,NVIDIA A100-SXM4-40GB MIG 4g.20gb (0),1,,13,[CUDA memcpy Host-to-Device]
1809210329,10623,37588,273,1,1,48,1,1,40,0.000,0.001,,,,,NVIDIA A100-SXM4-40GB MIG 4g.20gb (0),1,,13,"void pusch_noise_intf_est::noiseIntfEstNoDftSOfdmKernel<float, __half, float, float, (unsigned int)2, (unsigned int)1, (unsigned char)4, (unsigned char)4>(pusch_noise_intf_est::puschRxNoiseIntfEstDynDescr)"
1809223928,2976,37599,35,1,1,128,1,1,16,0.000,0.000,,,,,NVIDIA A100-SXM4-40GB MIG 4g.20gb (0),1,,13,cupy_copy__complex64_complex64
1809232440,1888,37608,1,1,1,1,1,1,18,0.000,0.000,,,,,NVIDIA A100-SXM4-40GB MIG 4g.20gb (0),1,,13,cupy_copy__float32_float32
1809261304,1568,37614,,,,,,,,,,0.000,2.551,Device,Pageable,NVIDIA A100-SXM4-40GB MIG 4g.20gb (0),1,,7,[CUDA memcpy Device-to-Host]
1809320663,12896,37625,1434,1,1,128,1,1,16,0.000,0.000,,,,,NVIDIA A100-SXM4-40GB MIG 4g.20gb (0),1,,13,cupy_copy__complex64_complex64
1809347799,3360,37632,103,1,1,128,1,1,16,0.000,0.000,,,,,NVIDIA A100-SXM4-40GB MIG 4g.20gb (0),1,,13,cupy_copy__complex64_complex64
1809369175,2400,37639,35,1,1,128,1,1,16,0.000,0.000,,,,,NVIDIA A100-SXM4-40GB MIG 4g.20gb (0),1,,13,cupy_copy__complex64_complex64
1809386134,1824,37646,1,1,1,1,1,1,18,0.000,0.000,,,,,NVIDIA A100-SXM4-40GB MIG 4g.20gb (0),1,,13,cupy_copy__float32_float32
1809517845,87839,37657,1,1,1,32,32,1,30,0.000,0.000,,,,,NVIDIA A100-SXM4-40GB MIG 4g.20gb (0),1,,13,"void convert_kernel<__half2, float2>(tensor_layout_any, T1 *, tensor_layout_any, const T2 *)"
1809632819,5792,37660,,,,,,,,,,0.094,16176.708,Pinned,Device,NVIDIA A100-SXM4-40GB MIG 4g.20gb (0),1,,13,[CUDA memcpy Host-to-Device]
1809647635,3136,37661,,,,,,,,,,1.547,493182.821,Device,,NVIDIA A100-SXM4-40GB MIG 4g.20gb (0),1,,13,[CUDA memset]
1809653939,3168,37666,,,,,,,,,,0.031,9878.770,Pinned,Device,NVIDIA A100-SXM4-40GB MIG 4g.20gb (0),1,,13,[CUDA memcpy Host-to-Device]
1809659731,9728,37667,,,,,,,,,,0.197,20210.516,Pinned,Device,NVIDIA A100-SXM4-40GB MIG 4g.20gb (0),1,,13,[CUDA memcpy Host-to-Device]
1809673235,6240,37668,273,1,1,8,4,1,39,0.002,0.000,,,,,NVIDIA A100-SXM4-40GB MIG 4g.20gb (0),1,,13,"void channel_eq::eqMmseCoefCompLowMimoKernel<float, float, float, (unsigned int)4, (unsigned int)1, (unsigned int)4>(const channel_eq::_puschRxChEqStatDescr *, channel_eq::_puschRxChEqCoefCompDynDescr)"
1809682323,5856,37669,273,1,1,12,11,1,51,0.002,0.000,,,,,NVIDIA A100-SXM4-40GB MIG 4g.20gb (0),1,,13,"void channel_eq::eqMmseSoftDemapKernel<float, __half, __half, float, (unsigned int)4, (unsigned short)16383>(channel_eq::_puschRxChEqStatDescr *, channel_eq::_puschRxChEqSoftDemapDynDescr)"
1809691507,295292,37670,1,1,1,32,32,1,30,0.000,0.000,,,,,NVIDIA A100-SXM4-40GB MIG 4g.20gb (0),1,,13,"void convert_kernel<float2, __half2>(tensor_layout_any, T1 *, tensor_layout_any, const T2 *)"
1809987727,11104,37682,2253,1,1,128,1,1,16,0.000,0.000,,,,,NVIDIA A100-SXM4-40GB MIG 4g.20gb (0),1,,13,cupy_copy__float16_float16
1810002223,3648,37691,282,1,1,128,1,1,16,0.000,0.000,,,,,NVIDIA A100-SXM4-40GB MIG 4g.20gb (0),1,,13,cupy_copy__complex64_complex64
1810008207,2368,37700,26,1,1,128,1,1,16,0.000,0.000,,,,,NVIDIA A100-SXM4-40GB MIG 4g.20gb (0),1,,13,cupy_copy__float32_float32
1810012207,3744,37709,103,1,1,128,1,1,16,0.000,0.000,,,,,NVIDIA A100-SXM4-40GB MIG 4g.20gb (0),1,,13,cupy_copy__complex64_complex64
1810018926,11968,37719,1434,1,1,128,1,1,16,0.000,0.000,,,,,NVIDIA A100-SXM4-40GB MIG 4g.20gb (0),1,,13,cupy_copy__complex64_complex64
1810033710,90527,37724,1,1,1,32,32,1,30,0.000,0.000,,,,,NVIDIA A100-SXM4-40GB MIG 4g.20gb (0),1,,13,"void convert_kernel<__half2, float2>(tensor_layout_any, T1 *, tensor_layout_any, const T2 *)"
1810150925,5984,37727,,,,,,,,,,0.094,15657.726,Pinned,Device,NVIDIA A100-SXM4-40GB MIG 4g.20gb (0),1,,13,[CUDA memcpy Host-to-Device]
1810160749,598552,37728,,,,,,,,,,456.561,762457.605,Device,,NVIDIA A100-SXM4-40GB MIG 4g.20gb (0),1,,13,[CUDA memset]
1810765221,161118,37733,,,,,,,,,,1.235,7664.062,Pinned,Device,NVIDIA A100-SXM4-40GB MIG 4g.20gb (0),1,,13,[CUDA memcpy Host-to-Device]
1810937507,38752,37734,,,,,,,,,,0.197,5073.469,Pinned,Device,NVIDIA A100-SXM4-40GB MIG 4g.20gb (0),1,,13,[CUDA memcpy Host-to-Device]
1810999426,8128,37735,69,4,1,48,1,1,76,0.002,0.000,,,,,NVIDIA A100-SXM4-40GB MIG 4g.20gb (0),1,,13,"void ch_est::windowedChEstPreNoDftSOfdmKernel<float, __half, float, (unsigned int)2, (unsigned int)1, (unsigned short)4>(ch_est::puschRxChEstStatDescr_t *, ch_est::puschRxChEstDynDescr_t *)"
1811017762,7360,37736,137,2,1,24,2,1,44,0.001,0.001,,,,,NVIDIA A100-SXM4-40GB MIG 4g.20gb (0),1,,13,"void ch_est::chEstFilterNoDftSOfdmDispatchKernel<float, __half, float, (unsigned int)2>(ch_est::puschRxChEstStatDescr_t *, ch_est::puschRxChEstDynDescr_t *)"
1811030594,5152,37737,137,2,1,24,2,1,44,0.001,0.001,,,,,NVIDIA A100-SXM4-40GB MIG 4g.20gb (0),1,,13,"void ch_est::chEstFilterNoDftSOfdmDispatchKernel<float, __half, float, (unsigned int)2>(ch_est::puschRxChEstStatDescr_t *, ch_est::puschRxChEstDynDescr_t *)"
1811043394,2528,37748,103,1,1,128,1,1,16,0.000,0.000,,,,,NVIDIA A100-SXM4-40GB MIG 4g.20gb (0),1,,13,cupy_copy__complex64_complex64
1811054658,12575,37758,1434,1,1,128,1,1,16,0.000,0.000,,,,,NVIDIA A100-SXM4-40GB MIG 4g.20gb (0),1,,13,cupy_copy__complex64_complex64
1811078785,2816,37765,103,1,1,128,1,1,16,0.000,0.000,,,,,NVIDIA A100-SXM4-40GB MIG 4g.20gb (0),1,,13,cupy_copy__complex64_complex64
1811089281,82335,37772,1,1,1,32,32,1,30,0.000,0.000,,,,,NVIDIA A100-SXM4-40GB MIG 4g.20gb (0),1,,13,"void convert_kernel<__half2, float2>(tensor_layout_any, T1 *, tensor_layout_any, const T2 *)"
1811203616,12192,37775,,,,,,,,,,0.094,7684.946,Pinned,Device,NVIDIA A100-SXM4-40GB MIG 4g.20gb (0),1,,13,[CUDA memcpy Host-to-Device]
1811221376,47647,37776,,,,,,,,,,35.810,751542.791,Device,,NVIDIA A100-SXM4-40GB MIG 4g.20gb (0),1,,13,[CUDA memset]
1811276895,6624,37778,,,,,,,,,,0.000,12.077,Pinned,Device,NVIDIA A100-SXM4-40GB MIG 4g.20gb (0),1,,13,[CUDA memcpy Host-to-Device]
1811291807,16000,37779,,,,,,,,,,0.197,12288.000,Pinned,Device,NVIDIA A100-SXM4-40GB MIG 4g.20gb (0),1,,13,[CUDA memcpy Host-to-Device]
1811316126,12288,37780,273,1,1,48,1,1,40,0.000,0.001,,,,,NVIDIA A100-SXM4-40GB MIG 4g.20gb (0),1,,13,"void pusch_noise_intf_est::noiseIntfEstNoDftSOfdmKernel<float, __half, float, float, (unsigned int)2, (unsigned int)1, (unsigned char)4, (unsigned char)4>(pusch_noise_intf_est::puschRxNoiseIntfEstDynDescr)"
1811332030,2880,37791,35,1,1,128,1,1,16,0.000,0.000,,,,,NVIDIA A100-SXM4-40GB MIG 4g.20gb (0),1,,13,cupy_copy__complex64_complex64
1811340254,1824,37800,1,1,1,1,1,1,18,0.000,0.000,,,,,NVIDIA A100-SXM4-40GB MIG 4g.20gb (0),1,,13,cupy_copy__float32_float32
1811356254,2048,37806,,,,,,,,,,0.000,1.953,Device,Pageable,NVIDIA A100-SXM4-40GB MIG 4g.20gb (0),1,,7,[CUDA memcpy Device-to-Host]
1811416445,13120,37817,1434,1,1,128,1,1,16,0.000,0.000,,,,,NVIDIA A100-SXM4-40GB MIG 4g.20gb (0),1,,13,cupy_copy__complex64_complex64
1811444701,2688,37824,103,1,1,128,1,1,16,0.000,0.000,,,,,NVIDIA A100-SXM4-40GB MIG 4g.20gb (0),1,,13,cupy_copy__complex64_complex64
1811466941,2176,37831,35,1,1,128,1,1,16,0.000,0.000,,,,,NVIDIA A100-SXM4-40GB MIG 4g.20gb (0),1,,13,cupy_copy__complex64_complex64
1811483388,1760,37838,1,1,1,1,1,1,18,0.000,0.000,,,,,NVIDIA A100-SXM4-40GB MIG 4g.20gb (0),1,,13,cupy_copy__float32_float32
1811614587,83423,37849,1,1,1,32,32,1,30,0.000,0.000,,,,,NVIDIA A100-SXM4-40GB MIG 4g.20gb (0),1,,13,"void convert_kernel<__half2, float2>(tensor_layout_any, T1 *, tensor_layout_any, const T2 *)"
1811726329,5792,37852,,,,,,,,,,0.094,16176.708,Pinned,Device,NVIDIA A100-SXM4-40GB MIG 4g.20gb (0),1,,13,[CUDA memcpy Host-to-Device]
1811740889,3296,37853,,,,,,,,,,1.547,469242.628,Device,,NVIDIA A100-SXM4-40GB MIG 4g.20gb (0),1,,13,[CUDA memset]
1811747897,3040,37858,,,,,,,,,,0.031,10294.725,Pinned,Device,NVIDIA A100-SXM4-40GB MIG 4g.20gb (0),1,,13,[CUDA memcpy Host-to-Device]
1811754329,9408,37859,,,,,,,,,,0.197,20897.858,Pinned,Device,NVIDIA A100-SXM4-40GB MIG 4g.20gb (0),1,,13,[CUDA memcpy Host-to-Device]
1811768697,6144,37860,273,1,1,8,4,1,39,0.002,0.000,,,,,NVIDIA A100-SXM4-40GB MIG 4g.20gb (0),1,,13,"void channel_eq::eqMmseCoefCompLowMimoKernel<float, float, float, (unsigned int)4, (unsigned int)1, (unsigned int)4>(const channel_eq::_puschRxChEqStatDescr *, channel_eq::_puschRxChEqCoefCompDynDescr)"
1811776569,6432,37861,273,1,1,12,11,1,51,0.002,0.000,,,,,NVIDIA A100-SXM4-40GB MIG 4g.20gb (0),1,,13,"void channel_eq::eqMmseSoftDemapKernel<float, __half, __half, float, (unsigned int)4, (unsigned short)16383>(channel_eq::_puschRxChEqStatDescr *, channel_eq::_puschRxChEqSoftDemapDynDescr)"
1811785753,282332,37862,1,1,1,32,32,1,30,0.000,0.000,,,,,NVIDIA A100-SXM4-40GB MIG 4g.20gb (0),1,,13,"void convert_kernel<float2, __half2>(tensor_layout_any, T1 *, tensor_layout_any, const T2 *)"
1812071957,10976,37874,2253,1,1,128,1,1,16,0.000,0.000,,,,,NVIDIA A100-SXM4-40GB MIG 4g.20gb (0),1,,13,cupy_copy__float16_float16
1812084917,3040,37883,282,1,1,128,1,1,16,0.000,0.000,,,,,NVIDIA A100-SXM4-40GB MIG 4g.20gb (0),1,,13,cupy_copy__complex64_complex64
1812089717,2048,37892,26,1,1,128,1,1,16,0.000,0.000,,,,,NVIDIA A100-SXM4-40GB MIG 4g.20gb (0),1,,13,cupy_copy__float32_float32
1812095733,4576,37901,103,1,1,128,1,1,16,0.000,0.000,,,,,NVIDIA A100-SXM4-40GB MIG 4g.20gb (0),1,,13,cupy_copy__complex64_complex64
1812103605,12000,37911,1434,1,1,128,1,1,16,0.000,0.000,,,,,NVIDIA A100-SXM4-40GB MIG 4g.20gb (0),1,,13,cupy_copy__complex64_complex64
1812119316,87615,37916,1,1,1,32,32,1,30,0.000,0.000,,,,,NVIDIA A100-SXM4-40GB MIG 4g.20gb (0),1,,13,"void convert_kernel<__half2, float2>(tensor_layout_any, T1 *, tensor_layout_any, const T2 *)"
1812233875,5760,37919,,,,,,,,,,0.094,16266.656,Pinned,Device,NVIDIA A100-SXM4-40GB MIG 4g.20gb (0),1,,13,[CUDA memcpy Host-to-Device]
1812244787,598232,37920,,,,,,,,,,456.561,762914.166,Device,,NVIDIA A100-SXM4-40GB MIG 4g.20gb (0),1,,13,[CUDA memset]
1812847563,160574,37925,,,,,,,,,,1.235,7689.996,Pinned,Device,NVIDIA A100-SXM4-40GB MIG 4g.20gb (0),1,,13,[CUDA memcpy Host-to-Device]
1813018217,40864,37926,,,,,,,,,,0.197,4811.194,Pinned,Device,NVIDIA A100-SXM4-40GB MIG 4g.20gb (0),1,,13,[CUDA memcpy Host-to-Device]
1813087976,8192,37927,69,4,1,48,1,1,76,0.002,0.000,,,,,NVIDIA A100-SXM4-40GB MIG 4g.20gb (0),1,,13,"void ch_est::windowedChEstPreNoDftSOfdmKernel<float, __half, float, (unsigned int)2, (unsigned int)1, (unsigned short)4>(ch_est::puschRxChEstStatDescr_t *, ch_est::puschRxChEstDynDescr_t *)"
1813105896,6592,37928,137,2,1,24,2,1,44,0.001,0.001,,,,,NVIDIA A100-SXM4-40GB MIG 4g.20gb (0),1,,13,"void ch_est::chEstFilterNoDftSOfdmDispatchKernel<float, __half, float, (unsigned int)2>(ch_est::puschRxChEstStatDescr_t *, ch_est::puschRxChEstDynDescr_t *)"
1813122824,4768,37929,137,2,1,24,2,1,44,0.001,0.001,,,,,NVIDIA A100-SXM4-40GB MIG 4g.20gb (0),1,,13,"void ch_est::chEstFilterNoDftSOfdmDispatchKernel<float, __half, float, (unsigned int)2>(ch_est::puschRxChEstStatDescr_t *, ch_est::puschRxChEstDynDescr_t *)"
1813139752,2784,37940,103,1,1,128,1,1,16,0.000,0.000,,,,,NVIDIA A100-SXM4-40GB MIG 4g.20gb (0),1,,13,cupy_copy__complex64_complex64
1813156712,12383,37950,1434,1,1,128,1,1,16,0.000,0.000,,,,,NVIDIA A100-SXM4-40GB MIG 4g.20gb (0),1,,13,cupy_copy__complex64_complex64
1813176775,2912,37957,103,1,1,128,1,1,16,0.000,0.000,,,,,NVIDIA A100-SXM4-40GB MIG 4g.20gb (0),1,,13,cupy_copy__complex64_complex64
1813199751,88223,37964,1,1,1,32,32,1,30,0.000,0.000,,,,,NVIDIA A100-SXM4-40GB MIG 4g.20gb (0),1,,13,"void convert_kernel<__half2, float2>(tensor_layout_any, T1 *, tensor_layout_any, const T2 *)"
1813316358,16159,37967,,,,,,,,,,0.094,5798.377,Pinned,Device,NVIDIA A100-SXM4-40GB MIG 4g.20gb (0),1,,13,[CUDA memcpy Host-to-Device]
1813338501,46656,37968,,,,,,,,,,35.810,767514.015,Device,,NVIDIA A100-SXM4-40GB MIG 4g.20gb (0),1,,13,[CUDA memset]
1813388613,7136,37970,,,,,,,,,,0.000,11.211,Pinned,Device,NVIDIA A100-SXM4-40GB MIG 4g.20gb (0),1,,13,[CUDA memcpy Host-to-Device]
1813398565,16255,37971,,,,,,,,,,0.197,12095.128,Pinned,Device,NVIDIA A100-SXM4-40GB MIG 4g.20gb (0),1,,13,[CUDA memcpy Host-to-Device]
1813422916,9760,37972,273,1,1,48,1,1,40,0.000,0.001,,,,,NVIDIA A100-SXM4-40GB MIG 4g.20gb (0),1,,13,"void pusch_noise_intf_est::noiseIntfEstNoDftSOfdmKernel<float, __half, float, float, (unsigned int)2, (unsigned int)1, (unsigned char)4, (unsigned char)4>(pusch_noise_intf_est::puschRxNoiseIntfEstDynDescr)"
1813438276,3424,37983,35,1,1,128,1,1,16,0.000,0.000,,,,,NVIDIA A100-SXM4-40GB MIG 4g.20gb (0),1,,13,cupy_copy__complex64_complex64
1813446276,1824,37992,1,1,1,1,1,1,18,0.000,0.000,,,,,NVIDIA A100-SXM4-40GB MIG 4g.20gb (0),1,,13,cupy_copy__float32_float32
1813471844,5728,37998,,,,,,,,,,0.000,0.698,Device,Pageable,NVIDIA A100-SXM4-40GB MIG 4g.20gb (0),1,,7,[CUDA memcpy Device-to-Host]
1813548003,12928,38009,1434,1,1,128,1,1,16,0.000,0.000,,,,,NVIDIA A100-SXM4-40GB MIG 4g.20gb (0),1,,13,cupy_copy__complex64_complex64
1813577826,3040,38016,103,1,1,128,1,1,16,0.000,0.000,,,,,NVIDIA A100-SXM4-40GB MIG 4g.20gb (0),1,,13,cupy_copy__complex64_complex64
1813593922,2528,38023,35,1,1,128,1,1,16,0.000,0.000,,,,,NVIDIA A100-SXM4-40GB MIG 4g.20gb (0),1,,13,cupy_copy__complex64_complex64
1813614402,2016,38030,1,1,1,1,1,1,18,0.000,0.000,,,,,NVIDIA A100-SXM4-40GB MIG 4g.20gb (0),1,,13,cupy_copy__float32_float32
1813739008,81631,38041,1,1,1,32,32,1,30,0.000,0.000,,,,,NVIDIA A100-SXM4-40GB MIG 4g.20gb (0),1,,13,"void convert_kernel<__half2, float2>(tensor_layout_any, T1 *, tensor_layout_any, const T2 *)"
1813847935,5376,38044,,,,,,,,,,0.094,17428.487,Pinned,Device,NVIDIA A100-SXM4-40GB MIG 4g.20gb (0),1,,13,[CUDA memcpy Host-to-Device]
1813862463,3232,38045,,,,,,,,,,1.547,478533.199,Device,,NVIDIA A100-SXM4-40GB MIG 4g.20gb (0),1,,13,[CUDA memset]
1813869151,3392,38050,,,,,,,,,,0.031,9226.405,Pinned,Device,NVIDIA A100-SXM4-40GB MIG 4g.20gb (0),1,,13,[CUDA memcpy Host-to-Device]
1813874975,9856,38051,,,,,,,,,,0.197,19948.044,Pinned,Device,NVIDIA A100-SXM4-40GB MIG 4g.20gb (0),1,,13,[CUDA memcpy Host-to-Device]
1813890175,6335,38052,273,1,1,8,4,1,39,0.002,0.000,,,,,NVIDIA A100-SXM4-40GB MIG 4g.20gb (0),1,,13,"void channel_eq::eqMmseCoefCompLowMimoKernel<float, float, float, (unsigned int)4, (unsigned int)1, (unsigned int)4>(const channel_eq::_puschRxChEqStatDescr *, channel_eq::_puschRxChEqCoefCompDynDescr)"
1813898814,6240,38053,273,1,1,12,11,1,51,0.002,0.000,,,,,NVIDIA A100-SXM4-40GB MIG 4g.20gb (0),1,,13,"void channel_eq::eqMmseSoftDemapKernel<float, __half, __half, float, (unsigned int)4, (unsigned short)16383>(channel_eq::_puschRxChEqStatDescr *, channel_eq::_puschRxChEqSoftDemapDynDescr)"
1813905982,282013,38054,1,1,1,32,32,1,30,0.000,0.000,,,,,NVIDIA A100-SXM4-40GB MIG 4g.20gb (0),1,,13,"void convert_kernel<float2, __half2>(tensor_layout_any, T1 *, tensor_layout_any, const T2 *)"
1814189435,10976,38066,2253,1,1,128,1,1,16,0.000,0.000,,,,,NVIDIA A100-SXM4-40GB MIG 4g.20gb (0),1,,13,cupy_copy__float16_float16
1814202683,3008,38075,282,1,1,128,1,1,16,0.000,0.000,,,,,NVIDIA A100-SXM4-40GB MIG 4g.20gb (0),1,,13,cupy_copy__complex64_complex64
1814208027,2144,38084,26,1,1,128,1,1,16,0.000,0.000,,,,,NVIDIA A100-SXM4-40GB MIG 4g.20gb (0),1,,13,cupy_copy__float32_float32
1814211707,4863,38093,103,1,1,128,1,1,16,0.000,0.000,,,,,NVIDIA A100-SXM4-40GB MIG 4g.20gb (0),1,,13,cupy_copy__complex64_complex64
1814217530,11904,38103,1434,1,1,128,1,1,16,0.000,0.000,,,,,NVIDIA A100-SXM4-40GB MIG 4g.20gb (0),1,,13,cupy_copy__complex64_complex64
1814233210,86623,38108,1,1,1,32,32,1,30,0.000,0.000,,,,,NVIDIA A100-SXM4-40GB MIG 4g.20gb (0),1,,13,"void convert_kernel<__half2, float2>(tensor_layout_any, T1 *, tensor_layout_any, const T2 *)"
1814346041,5760,38111,,,,,,,,,,0.094,16266.656,Pinned,Device,NVIDIA A100-SXM4-40GB MIG 4g.20gb (0),1,,13,[CUDA memcpy Host-to-Device]
1814355705,594680,38112,,,,,,,,,,456.561,767479.781,Device,,NVIDIA A100-SXM4-40GB MIG 4g.20gb (0),1,,13,[CUDA memset]
1814957009,145215,38117,,,,,,,,,,1.235,8503.824,Pinned,Device,NVIDIA A100-SXM4-40GB MIG 4g.20gb (0),1,,13,[CUDA memcpy Host-to-Device]
1815111663,32992,38118,,,,,,,,,,0.197,5959.188,Pinned,Device,NVIDIA A100-SXM4-40GB MIG 4g.20gb (0),1,,13,[CUDA memcpy Host-to-Device]
1815161583,7968,38119,69,4,1,48,1,1,76,0.002,0.000,,,,,NVIDIA A100-SXM4-40GB MIG 4g.20gb (0),1,,13,"void ch_est::windowedChEstPreNoDftSOfdmKernel<float, __half, float, (unsigned int)2, (unsigned int)1, (unsigned short)4>(ch_est::puschRxChEstStatDescr_t *, ch_est::puschRxChEstDynDescr_t *)"
1815174255,6208,38120,137,2,1,24,2,1,44,0.001,0.001,,,,,NVIDIA A100-SXM4-40GB MIG 4g.20gb (0),1,,13,"void ch_est::chEstFilterNoDftSOfdmDispatchKernel<float, __half, float, (unsigned int)2>(ch_est::puschRxChEstStatDescr_t *, ch_est::puschRxChEstDynDescr_t *)"
1815187726,4928,38121,137,2,1,24,2,1,44,0.001,0.001,,,,,NVIDIA A100-SXM4-40GB MIG 4g.20gb (0),1,,13,"void ch_est::chEstFilterNoDftSOfdmDispatchKernel<float, __half, float, (unsigned int)2>(ch_est::puschRxChEstStatDescr_t *, ch_est::puschRxChEstDynDescr_t *)"
1815204270,2560,38132,103,1,1,128,1,1,16,0.000,0.000,,,,,NVIDIA A100-SXM4-40GB MIG 4g.20gb (0),1,,13,cupy_copy__complex64_complex64
1815220430,12832,38142,1434,1,1,128,1,1,16,0.000,0.000,,,,,NVIDIA A100-SXM4-40GB MIG 4g.20gb (0),1,,13,cupy_copy__complex64_complex64
1815244238,2528,38149,103,1,1,128,1,1,16,0.000,0.000,,,,,NVIDIA A100-SXM4-40GB MIG 4g.20gb (0),1,,13,cupy_copy__complex64_complex64
1815261390,91070,38156,1,1,1,32,32,1,30,0.000,0.000,,,,,NVIDIA A100-SXM4-40GB MIG 4g.20gb (0),1,,13,"void convert_kernel<__half2, float2>(tensor_layout_any, T1 *, tensor_layout_any, const T2 *)"
1815388236,18848,38159,,,,,,,,,,0.094,4971.135,Pinned,Device,NVIDIA A100-SXM4-40GB MIG 4g.20gb (0),1,,13,[CUDA memcpy Host-to-Device]
1815434411,46464,38160,,,,,,,,,,35.810,770701.098,Device,,NVIDIA A100-SXM4-40GB MIG 4g.20gb (0),1,,13,[CUDA memset]
1815491659,8992,38162,,,,,,,,,,0.000,8.897,Pinned,Device,NVIDIA A100-SXM4-40GB MIG 4g.20gb (0),1,,13,[CUDA memcpy Host-to-Device]
1815513898,28928,38163,,,,,,,,,,0.197,6796.345,Pinned,Device,NVIDIA A100-SXM4-40GB MIG 4g.20gb (0),1,,13,[CUDA memcpy Host-to-Device]
1815566666,9536,38164,273,1,1,48,1,1,40,0.000,0.001,,,,,NVIDIA A100-SXM4-40GB MIG 4g.20gb (0),1,,13,"void pusch_noise_intf_est::noiseIntfEstNoDftSOfdmKernel<float, __half, float, float, (unsigned int)2, (unsigned int)1, (unsigned char)4, (unsigned char)4>(pusch_noise_intf_est::puschRxNoiseIntfEstDynDescr)"
1815583498,2752,38175,35,1,1,128,1,1,16,0.000,0.000,,,,,NVIDIA A100-SXM4-40GB MIG 4g.20gb (0),1,,13,cupy_copy__complex64_complex64
1815599945,1728,38184,1,1,1,1,1,1,18,0.000,0.000,,,,,NVIDIA A100-SXM4-40GB MIG 4g.20gb (0),1,,13,cupy_copy__float32_float32
1815609385,6592,38190,,,,,,,,,,0.000,0.607,Device,Pageable,NVIDIA A100-SXM4-40GB MIG 4g.20gb (0),1,,7,[CUDA memcpy Device-to-Host]
1815704488,13088,38201,1434,1,1,128,1,1,16,0.000,0.000,,,,,NVIDIA A100-SXM4-40GB MIG 4g.20gb (0),1,,13,cupy_copy__complex64_complex64
1815718696,3040,38208,103,1,1,128,1,1,16,0.000,0.000,,,,,NVIDIA A100-SXM4-40GB MIG 4g.20gb (0),1,,13,cupy_copy__complex64_complex64
1815742664,2624,38215,35,1,1,128,1,1,16,0.000,0.000,,,,,NVIDIA A100-SXM4-40GB MIG 4g.20gb (0),1,,13,cupy_copy__complex64_complex64
1815756839,1824,38222,1,1,1,1,1,1,18,0.000,0.000,,,,,NVIDIA A100-SXM4-40GB MIG 4g.20gb (0),1,,13,cupy_copy__float32_float32
1815890502,82079,38233,1,1,1,32,32,1,30,0.000,0.000,,,,,NVIDIA A100-SXM4-40GB MIG 4g.20gb (0),1,,13,"void convert_kernel<__half2, float2>(tensor_layout_any, T1 *, tensor_layout_any, const T2 *)"
1816005700,12800,38236,,,,,,,,,,0.094,7320.000,Pinned,Device,NVIDIA A100-SXM4-40GB MIG 4g.20gb (0),1,,13,[CUDA memcpy Host-to-Device]
1816022884,3488,38237,,,,,,,,,,1.547,443412.461,Device,,NVIDIA A100-SXM4-40GB MIG 4g.20gb (0),1,,13,[CUDA memset]
1816032996,6144,38242,,,,,,,,,,0.031,5093.737,Pinned,Device,NVIDIA A100-SXM4-40GB MIG 4g.20gb (0),1,,13,[CUDA memcpy Host-to-Device]
1816041892,17664,38243,,,,,,,,,,0.197,11130.372,Pinned,Device,NVIDIA A100-SXM4-40GB MIG 4g.20gb (0),1,,13,[CUDA memcpy Host-to-Device]
1816072323,8320,38244,273,1,1,8,4,1,39,0.002,0.000,,,,,NVIDIA A100-SXM4-40GB MIG 4g.20gb (0),1,,13,"void channel_eq::eqMmseCoefCompLowMimoKernel<float, float, float, (unsigned int)4, (unsigned int)1, (unsigned int)4>(const channel_eq::_puschRxChEqStatDescr *, channel_eq::_puschRxChEqCoefCompDynDescr)"
1816085571,8096,38245,273,1,1,12,11,1,51,0.002,0.000,,,,,NVIDIA A100-SXM4-40GB MIG 4g.20gb (0),1,,13,"void channel_eq::eqMmseSoftDemapKernel<float, __half, __half, float, (unsigned int)4, (unsigned short)16383>(channel_eq::_puschRxChEqStatDescr *, channel_eq::_puschRxChEqSoftDemapDynDescr)"
1816099011,290013,38246,1,1,1,32,32,1,30,0.000,0.000,,,,,NVIDIA A100-SXM4-40GB MIG 4g.20gb (0),1,,13,"void convert_kernel<float2, __half2>(tensor_layout_any, T1 *, tensor_layout_any, const T2 *)"
1816390656,11039,38258,2253,1,1,128,1,1,16,0.000,0.000,,,,,NVIDIA A100-SXM4-40GB MIG 4g.20gb (0),1,,13,cupy_copy__float16_float16
1816406527,2656,38267,282,1,1,128,1,1,16,0.000,0.000,,,,,NVIDIA A100-SXM4-40GB MIG 4g.20gb (0),1,,13,cupy_copy__complex64_complex64
1816412063,2176,38276,26,1,1,128,1,1,16,0.000,0.000,,,,,NVIDIA A100-SXM4-40GB MIG 4g.20gb (0),1,,13,cupy_copy__float32_float32
1816415231,2976,38285,103,1,1,128,1,1,16,0.000,0.000,,,,,NVIDIA A100-SXM4-40GB MIG 4g.20gb (0),1,,13,cupy_copy__complex64_complex64
1816419743,12160,38295,1434,1,1,128,1,1,16,0.000,0.000,,,,,NVIDIA A100-SXM4-40GB MIG 4g.20gb (0),1,,13,cupy_copy__complex64_complex64
1816435583,87391,38300,1,1,1,32,32,1,30,0.000,0.000,,,,,NVIDIA A100-SXM4-40GB MIG 4g.20gb (0),1,,13,"void convert_kernel<__half2, float2>(tensor_layout_any, T1 *, tensor_layout_any, const T2 *)"
1816550622,5567,38303,,,,,,,,,,0.094,16830.519,Pinned,Device,NVIDIA A100-SXM4-40GB MIG 4g.20gb (0),1,,13,[CUDA memcpy Host-to-Device]
1816559869,600377,38304,,,,,,,,,,456.561,760174.798,Device,,NVIDIA A100-SXM4-40GB MIG 4g.20gb (0),1,,13,[CUDA memset]
1817161526,77887,38309,,,,,,,,,,1.235,15855.446,Pinned,Device,NVIDIA A100-SXM4-40GB MIG 4g.20gb (0),1,,13,[CUDA memcpy Host-to-Device]
1817246197,17344,38310,,,,,,,,,,0.197,11335.631,Pinned,Device,NVIDIA A100-SXM4-40GB MIG 4g.20gb (0),1,,13,[CUDA memcpy Host-to-Device]
1817278293,8159,38311,69,4,1,48,1,1,76,0.002,0.000,,,,,NVIDIA A100-SXM4-40GB MIG 4g.20gb (0),1,,13,"void ch_est::windowedChEstPreNoDftSOfdmKernel<float, __half, float, (unsigned int)2, (unsigned int)1, (unsigned short)4>(ch_est::puschRxChEstStatDescr_t *, ch_est::puschRxChEstDynDescr_t *)"
1817295604,7424,38312,137,2,1,24,2,1,44,0.001,0.001,,,,,NVIDIA A100-SXM4-40GB MIG 4g.20gb (0),1,,13,"void ch_est::chEstFilterNoDftSOfdmDispatchKernel<float, __half, float, (unsigned int)2>(ch_est::puschRxChEstStatDescr_t *, ch_est::puschRxChEstDynDescr_t *)"
1817310740,5056,38313,137,2,1,24,2,1,44,0.001,0.001,,,,,NVIDIA A100-SXM4-40GB MIG 4g.20gb (0),1,,13,"void ch_est::chEstFilterNoDftSOfdmDispatchKernel<float, __half, float, (unsigned int)2>(ch_est::puschRxChEstStatDescr_t *, ch_est::puschRxChEstDynDescr_t *)"
1817320436,2720,38324,103,1,1,128,1,1,16,0.000,0.000,,,,,NVIDIA A100-SXM4-40GB MIG 4g.20gb (0),1,,13,cupy_copy__complex64_complex64
1817328084,12576,38334,1434,1,1,128,1,1,16,0.000,0.000,,,,,NVIDIA A100-SXM4-40GB MIG 4g.20gb (0),1,,13,cupy_copy__complex64_complex64
1817343092,3136,38341,103,1,1,128,1,1,16,0.000,0.000,,,,,NVIDIA A100-SXM4-40GB MIG 4g.20gb (0),1,,13,cupy_copy__complex64_complex64
1817350772,85791,38348,1,1,1,32,32,1,30,0.000,0.000,,,,,NVIDIA A100-SXM4-40GB MIG 4g.20gb (0),1,,13,"void convert_kernel<__half2, float2>(tensor_layout_any, T1 *, tensor_layout_any, const T2 *)"
1817464786,5984,38351,,,,,,,,,,0.094,15657.726,Pinned,Device,NVIDIA A100-SXM4-40GB MIG 4g.20gb (0),1,,13,[CUDA memcpy Host-to-Device]
1817476082,47487,38352,,,,,,,,,,35.810,754085.295,Device,,NVIDIA A100-SXM4-40GB MIG 4g.20gb (0),1,,13,[CUDA memset]
1817529361,3168,38354,,,,,,,,,,0.000,25.252,Pinned,Device,NVIDIA A100-SXM4-40GB MIG 4g.20gb (0),1,,13,[CUDA memcpy Host-to-Device]
1817535697,10560,38355,,,,,,,,,,0.197,18617.991,Pinned,Device,NVIDIA A100-SXM4-40GB MIG 4g.20gb (0),1,,13,[CUDA memcpy Host-to-Device]
1817555345,10400,38356,273,1,1,48,1,1,40,0.000,0.001,,,,,NVIDIA A100-SXM4-40GB MIG 4g.20gb (0),1,,13,"void pusch_noise_intf_est::noiseIntfEstNoDftSOfdmKernel<float, __half, float, float, (unsigned int)2, (unsigned int)1, (unsigned char)4, (unsigned char)4>(pusch_noise_intf_est::puschRxNoiseIntfEstDynDescr)"
1817569937,3200,38367,35,1,1,128,1,1,16,0.000,0.000,,,,,NVIDIA A100-SXM4-40GB MIG 4g.20gb (0),1,,13,cupy_copy__complex64_complex64
1817584849,1888,38376,1,1,1,1,1,1,18,0.000,0.000,,,,,NVIDIA A100-SXM4-40GB MIG 4g.20gb (0),1,,13,cupy_copy__float32_float32
1817614864,2016,38382,,,,,,,,,,0.000,1.984,Device,Pageable,NVIDIA A100-SXM4-40GB MIG 4g.20gb (0),1,,7,[CUDA memcpy Device-to-Host]
1817674384,13023,38393,1434,1,1,128,1,1,16,0.000,0.000,,,,,NVIDIA A100-SXM4-40GB MIG 4g.20gb (0),1,,13,cupy_copy__complex64_complex64
1817701839,3456,38400,103,1,1,128,1,1,16,0.000,0.000,,,,,NVIDIA A100-SXM4-40GB MIG 4g.20gb (0),1,,13,cupy_copy__complex64_complex64
1817722991,2496,38407,35,1,1,128,1,1,16,0.000,0.000,,,,,NVIDIA A100-SXM4-40GB MIG 4g.20gb (0),1,,13,cupy_copy__complex64_complex64
1817742127,1760,38414,1,1,1,1,1,1,18,0.000,0.000,,,,,NVIDIA A100-SXM4-40GB MIG 4g.20gb (0),1,,13,cupy_copy__float32_float32
1817873421,82591,38425,1,1,1,32,32,1,30,0.000,0.000,,,,,NVIDIA A100-SXM4-40GB MIG 4g.20gb (0),1,,13,"void convert_kernel<__half2, float2>(tensor_layout_any, T1 *, tensor_layout_any, const T2 *)"
1817983436,5664,38428,,,,,,,,,,0.094,16542.310,Pinned,Device,NVIDIA A100-SXM4-40GB MIG 4g.20gb (0),1,,13,[CUDA memcpy Host-to-Device]
1817998316,3488,38429,,,,,,,,,,1.547,443412.461,Device,,NVIDIA A100-SXM4-40GB MIG 4g.20gb (0),1,,13,[CUDA memset]
1818005004,3615,38434,,,,,,,,,,0.031,8657.256,Pinned,Device,NVIDIA A100-SXM4-40GB MIG 4g.20gb (0),1,,13,[CUDA memcpy Host-to-Device]
1818011115,9408,38435,,,,,,,,,,0.197,20897.858,Pinned,Device,NVIDIA A100-SXM4-40GB MIG 4g.20gb (0),1,,13,[CUDA memcpy Host-to-Device]
1818025291,6624,38436,273,1,1,8,4,1,39,0.002,0.000,,,,,NVIDIA A100-SXM4-40GB MIG 4g.20gb (0),1,,13,"void channel_eq::eqMmseCoefCompLowMimoKernel<float, float, float, (unsigned int)4, (unsigned int)1, (unsigned int)4>(const channel_eq::_puschRxChEqStatDescr *, channel_eq::_puschRxChEqCoefCompDynDescr)"
1818032875,6624,38437,273,1,1,12,11,1,51,0.002,0.000,,,,,NVIDIA A100-SXM4-40GB MIG 4g.20gb (0),1,,13,"void channel_eq::eqMmseSoftDemapKernel<float, __half, __half, float, (unsigned int)4, (unsigned short)16383>(channel_eq::_puschRxChEqStatDescr *, channel_eq::_puschRxChEqSoftDemapDynDescr)"
1818042155,294588,38438,1,1,1,32,32,1,30,0.000,0.000,,,,,NVIDIA A100-SXM4-40GB MIG 4g.20gb (0),1,,13,"void convert_kernel<float2, __half2>(tensor_layout_any, T1 *, tensor_layout_any, const T2 *)"
1818338055,11104,38450,2253,1,1,128,1,1,16,0.000,0.000,,,,,NVIDIA A100-SXM4-40GB MIG 4g.20gb (0),1,,13,cupy_copy__float16_float16
1818352455,3232,38459,282,1,1,128,1,1,16,0.000,0.000,,,,,NVIDIA A100-SXM4-40GB MIG 4g.20gb (0),1,,13,cupy_copy__complex64_complex64
1818358823,2080,38468,26,1,1,128,1,1,16,0.000,0.000,,,,,NVIDIA A100-SXM4-40GB MIG 4g.20gb (0),1,,13,cupy_copy__float32_float32
1818363111,3232,38477,103,1,1,128,1,1,16,0.000,0.000,,,,,NVIDIA A100-SXM4-40GB MIG 4g.20gb (0),1,,13,cupy_copy__complex64_complex64
1818367399,12032,38487,1434,1,1,128,1,1,16,0.000,0.000,,,,,NVIDIA A100-SXM4-40GB MIG 4g.20gb (0),1,,13,cupy_copy__complex64_complex64
1818383719,86239,38492,1,1,1,32,32,1,30,0.000,0.000,,,,,NVIDIA A100-SXM4-40GB MIG 4g.20gb (0),1,,13,"void convert_kernel<__half2, float2>(tensor_layout_any, T1 *, tensor_layout_any, const T2 *)"
1818497477,5888,38495,,,,,,,,,,0.094,15912.954,Pinned,Device,NVIDIA A100-SXM4-40GB MIG 4g.20gb (0),1,,13,[CUDA memcpy Host-to-Device]
1818508133,598489,38496,,,,,,,,,,456.561,762457.605,Device,,NVIDIA A100-SXM4-40GB MIG 4g.20gb (0),1,,13,[CUDA memset]
1819107550,141822,38501,,,,,,,,,,1.235,8707.590,Pinned,Device,NVIDIA A100-SXM4-40GB MIG 4g.20gb (0),1,,13,[CUDA memcpy Host-to-Device]
1819257116,34016,38502,,,,,,,,,,0.197,5779.685,Pinned,Device,NVIDIA A100-SXM4-40GB MIG 4g.20gb (0),1,,13,[CUDA memcpy Host-to-Device]
1819312347,8288,38503,69,4,1,48,1,1,76,0.002,0.000,,,,,NVIDIA A100-SXM4-40GB MIG 4g.20gb (0),1,,13,"void ch_est::windowedChEstPreNoDftSOfdmKernel<float, __half, float, (unsigned int)2, (unsigned int)1, (unsigned short)4>(ch_est::puschRxChEstStatDescr_t *, ch_est::puschRxChEstDynDescr_t *)"
1819324635,6496,38504,137,2,1,24,2,1,44,0.001,0.001,,,,,NVIDIA A100-SXM4-40GB MIG 4g.20gb (0),1,,13,"void ch_est::chEstFilterNoDftSOfdmDispatchKernel<float, __half, float, (unsigned int)2>(ch_est::puschRxChEstStatDescr_t *, ch_est::puschRxChEstDynDescr_t *)"
1819333115,5024,38505,137,2,1,24,2,1,44,0.001,0.001,,,,,NVIDIA A100-SXM4-40GB MIG 4g.20gb (0),1,,13,"void ch_est::chEstFilterNoDftSOfdmDispatchKernel<float, __half, float, (unsigned int)2>(ch_est::puschRxChEstStatDescr_t *, ch_est::puschRxChEstDynDescr_t *)"
1819341115,2400,38516,103,1,1,128,1,1,16,0.000,0.000,,,,,NVIDIA A100-SXM4-40GB MIG 4g.20gb (0),1,,13,cupy_copy__complex64_complex64
1819351387,12928,38526,1434,1,1,128,1,1,16,0.000,0.000,,,,,NVIDIA A100-SXM4-40GB MIG 4g.20gb (0),1,,13,cupy_copy__complex64_complex64
1819368475,2880,38533,103,1,1,128,1,1,16,0.000,0.000,,,,,NVIDIA A100-SXM4-40GB MIG 4g.20gb (0),1,,13,cupy_copy__complex64_complex64
1819378459,82142,38540,1,1,1,32,32,1,30,0.000,0.000,,,,,NVIDIA A100-SXM4-40GB MIG 4g.20gb (0),1,,13,"void convert_kernel<__half2, float2>(tensor_layout_any, T1 *, tensor_layout_any, const T2 *)"
1820296527,5600,38543,,,,,,,,,,0.094,16731.388,Pinned,Device,NVIDIA A100-SXM4-40GB MIG 4g.20gb (0),1,,13,[CUDA memcpy Host-to-Device]
1820320911,48383,38544,,,,,,,,,,35.810,740119.427,Device,,NVIDIA A100-SXM4-40GB MIG 4g.20gb (0),1,,13,[CUDA memset]
1820374702,4128,38546,,,,,,,,,,0.000,19.380,Pinned,Device,NVIDIA A100-SXM4-40GB MIG 4g.20gb (0),1,,13,[CUDA memcpy Host-to-Device]
1820383054,11904,38547,,,,,,,,,,0.197,16516.055,Pinned,Device,NVIDIA A100-SXM4-40GB MIG 4g.20gb (0),1,,13,[CUDA memcpy Host-to-Device]
1820403502,9920,38548,273,1,1,48,1,1,40,0.000,0.001,,,,,NVIDIA A100-SXM4-40GB MIG 4g.20gb (0),1,,13,"void pusch_noise_intf_est::noiseIntfEstNoDftSOfdmKernel<float, __half, float, float, (unsigned int)2, (unsigned int)1, (unsigned char)4, (unsigned char)4>(pusch_noise_intf_est::puschRxNoiseIntfEstDynDescr)"
1820556844,2816,38559,35,1,1,128,1,1,16,0.000,0.000,,,,,NVIDIA A100-SXM4-40GB MIG 4g.20gb (0),1,,13,cupy_copy__complex64_complex64
1820597739,2016,38568,1,1,1,1,1,1,18,0.000,0.000,,,,,NVIDIA A100-SXM4-40GB MIG 4g.20gb (0),1,,13,cupy_copy__float32_float32
1820678378,1760,38574,,,,,,,,,,0.000,2.273,Device,Pageable,NVIDIA A100-SXM4-40GB MIG 4g.20gb (0),1,,7,[CUDA memcpy Device-to-Host]
1820746538,13023,38585,1434,1,1,128,1,1,16,0.000,0.000,,,,,NVIDIA A100-SXM4-40GB MIG 4g.20gb (0),1,,13,cupy_copy__complex64_complex64
1820781641,2624,38592,103,1,1,128,1,1,16,0.000,0.000,,,,,NVIDIA A100-SXM4-40GB MIG 4g.20gb (0),1,,13,cupy_copy__complex64_complex64
1820803433,2176,38599,35,1,1,128,1,1,16,0.000,0.000,,,,,NVIDIA A100-SXM4-40GB MIG 4g.20gb (0),1,,13,cupy_copy__complex64_complex64
1820824905,1728,38606,1,1,1,1,1,1,18,0.000,0.000,,,,,NVIDIA A100-SXM4-40GB MIG 4g.20gb (0),1,,13,cupy_copy__float32_float32
1821034630,81951,38617,1,1,1,32,32,1,30,0.000,0.000,,,,,NVIDIA A100-SXM4-40GB MIG 4g.20gb (0),1,,13,"void convert_kernel<__half2, float2>(tensor_layout_any, T1 *, tensor_layout_any, const T2 *)"
1821146309,5472,38620,,,,,,,,,,0.094,17122.757,Pinned,Device,NVIDIA A100-SXM4-40GB MIG 4g.20gb (0),1,,13,[CUDA memcpy Host-to-Device]
1821163140,3392,38621,,,,,,,,,,1.547,455961.768,Device,,NVIDIA A100-SXM4-40GB MIG 4g.20gb (0),1,,13,[CUDA memset]
1821170756,3392,38626,,,,,,,,,,0.031,9226.405,Pinned,Device,NVIDIA A100-SXM4-40GB MIG 4g.20gb (0),1,,13,[CUDA memcpy Host-to-Device]
1821176580,9472,38627,,,,,,,,,,0.197,20756.693,Pinned,Device,NVIDIA A100-SXM4-40GB MIG 4g.20gb (0),1,,13,[CUDA memcpy Host-to-Device]
1821192100,6368,38628,273,1,1,8,4,1,39,0.002,0.000,,,,,NVIDIA A100-SXM4-40GB MIG 4g.20gb (0),1,,13,"void channel_eq::eqMmseCoefCompLowMimoKernel<float, float, float, (unsigned int)4, (unsigned int)1, (unsigned int)4>(const channel_eq::_puschRxChEqStatDescr *, channel_eq::_puschRxChEqCoefCompDynDescr)"
1821199428,6592,38629,273,1,1,12,11,1,51,0.002,0.000,,,,,NVIDIA A100-SXM4-40GB MIG 4g.20gb (0),1,,13,"void channel_eq::eqMmseSoftDemapKernel<float, __half, __half, float, (unsigned int)4, (unsigned short)16383>(channel_eq::_puschRxChEqStatDescr *, channel_eq::_puschRxChEqSoftDemapDynDescr)"
1821206980,282908,38630,1,1,1,32,32,1,30,0.000,0.000,,,,,NVIDIA A100-SXM4-40GB MIG 4g.20gb (0),1,,13,"void convert_kernel<float2, __half2>(tensor_layout_any, T1 *, tensor_layout_any, const T2 *)"
1821492928,10720,38642,2253,1,1,128,1,1,16,0.000,0.000,,,,,NVIDIA A100-SXM4-40GB MIG 4g.20gb (0),1,,13,cupy_copy__float16_float16
1821509376,3104,38651,282,1,1,128,1,1,16,0.000,0.000,,,,,NVIDIA A100-SXM4-40GB MIG 4g.20gb (0),1,,13,cupy_copy__complex64_complex64
1821515936,2176,38660,26,1,1,128,1,1,16,0.000,0.000,,,,,NVIDIA A100-SXM4-40GB MIG 4g.20gb (0),1,,13,cupy_copy__float32_float32
1821519648,4448,38669,103,1,1,128,1,1,16,0.000,0.000,,,,,NVIDIA A100-SXM4-40GB MIG 4g.20gb (0),1,,13,cupy_copy__complex64_complex64
1821526624,11968,38679,1434,1,1,128,1,1,16,0.000,0.000,,,,,NVIDIA A100-SXM4-40GB MIG 4g.20gb (0),1,,13,cupy_copy__complex64_complex64
1821589471,81983,38684,1,1,1,32,32,1,30,0.000,0.000,,,,,NVIDIA A100-SXM4-40GB MIG 4g.20gb (0),1,,13,"void convert_kernel<__half2, float2>(tensor_layout_any, T1 *, tensor_layout_any, const T2 *)"
1821701598,5536,38687,,,,,,,,,,0.094,16924.777,Pinned,Device,NVIDIA A100-SXM4-40GB MIG 4g.20gb (0),1,,13,[CUDA memcpy Host-to-Device]
1821711966,596824,38688,,,,,,,,,,456.561,764740.412,Device,,NVIDIA A100-SXM4-40GB MIG 4g.20gb (0),1,,13,[CUDA memset]
1822315478,167774,38693,,,,,,,,,,1.235,7360.266,Pinned,Device,NVIDIA A100-SXM4-40GB MIG 4g.20gb (0),1,,13,[CUDA memcpy Host-to-Device]
1822495924,38655,38694,,,,,,,,,,0.197,5086.052,Pinned,Device,NVIDIA A100-SXM4-40GB MIG 4g.20gb (0),1,,13,[CUDA memcpy Host-to-Device]
1822552275,8384,38695,69,4,1,48,1,1,76,0.002,0.000,,,,,NVIDIA A100-SXM4-40GB MIG 4g.20gb (0),1,,13,"void ch_est::windowedChEstPreNoDftSOfdmKernel<float, __half, float, (unsigned int)2, (unsigned int)1, (unsigned short)4>(ch_est::puschRxChEstStatDescr_t *, ch_est::puschRxChEstDynDescr_t *)"
1822571187,6368,38696,137,2,1,24,2,1,44,0.001,0.001,,,,,NVIDIA A100-SXM4-40GB MIG 4g.20gb (0),1,,13,"void ch_est::chEstFilterNoDftSOfdmDispatchKernel<float, __half, float, (unsigned int)2>(ch_est::puschRxChEstStatDescr_t *, ch_est::puschRxChEstDynDescr_t *)"
1822587635,4800,38697,137,2,1,24,2,1,44,0.001,0.001,,,,,NVIDIA A100-SXM4-40GB MIG 4g.20gb (0),1,,13,"void ch_est::chEstFilterNoDftSOfdmDispatchKernel<float, __half, float, (unsigned int)2>(ch_est::puschRxChEstStatDescr_t *, ch_est::puschRxChEstDynDescr_t *)"
1822604915,2624,38708,103,1,1,128,1,1,16,0.000,0.000,,,,,NVIDIA A100-SXM4-40GB MIG 4g.20gb (0),1,,13,cupy_copy__complex64_complex64
1822621170,12704,38718,1434,1,1,128,1,1,16,0.000,0.000,,,,,NVIDIA A100-SXM4-40GB MIG 4g.20gb (0),1,,13,cupy_copy__complex64_complex64
1822646066,2528,38725,103,1,1,128,1,1,16,0.000,0.000,,,,,NVIDIA A100-SXM4-40GB MIG 4g.20gb (0),1,,13,cupy_copy__complex64_complex64
1822668114,91807,38732,1,1,1,32,32,1,30,0.000,0.000,,,,,NVIDIA A100-SXM4-40GB MIG 4g.20gb (0),1,,13,"void convert_kernel<__half2, float2>(tensor_layout_any, T1 *, tensor_layout_any, const T2 *)"
1822794288,20288,38735,,,,,,,,,,0.094,4618.276,Pinned,Device,NVIDIA A100-SXM4-40GB MIG 4g.20gb (0),1,,13,[CUDA memcpy Host-to-Device]
1822829936,46911,38736,,,,,,,,,,35.810,763324.255,Device,,NVIDIA A100-SXM4-40GB MIG 4g.20gb (0),1,,13,[CUDA memset]
1822878607,10368,38738,,,,,,,,,,0.000,7.716,Pinned,Device,NVIDIA A100-SXM4-40GB MIG 4g.20gb (0),1,,13,[CUDA memcpy Host-to-Device]
1822899279,21728,38739,,,,,,,,,,0.197,9048.490,Pinned,Device,NVIDIA A100-SXM4-40GB MIG 4g.20gb (0),1,,13,[CUDA memcpy Host-to-Device]
1822946094,9760,38740,273,1,1,48,1,1,40,0.000,0.001,,,,,NVIDIA A100-SXM4-40GB MIG 4g.20gb (0),1,,13,"void pusch_noise_intf_est::noiseIntfEstNoDftSOfdmKernel<float, __half, float, float, (unsigned int)2, (unsigned int)1, (unsigned char)4, (unsigned char)4>(pusch_noise_intf_est::puschRxNoiseIntfEstDynDescr)"
1822961198,2560,38751,35,1,1,128,1,1,16,0.000,0.000,,,,,NVIDIA A100-SXM4-40GB MIG 4g.20gb (0),1,,13,cupy_copy__complex64_complex64
1822974574,1760,38760,1,1,1,1,1,1,18,0.000,0.000,,,,,NVIDIA A100-SXM4-40GB MIG 4g.20gb (0),1,,13,cupy_copy__float32_float32
1822980750,6880,38766,,,,,,,,,,0.000,0.581,Device,Pageable,NVIDIA A100-SXM4-40GB MIG 4g.20gb (0),1,,7,[CUDA memcpy Device-to-Host]
1823069581,12960,38777,1434,1,1,128,1,1,16,0.000,0.000,,,,,NVIDIA A100-SXM4-40GB MIG 4g.20gb (0),1,,13,cupy_copy__complex64_complex64
1823092269,3423,38784,103,1,1,128,1,1,16,0.000,0.000,,,,,NVIDIA A100-SXM4-40GB MIG 4g.20gb (0),1,,13,cupy_copy__complex64_complex64
1823125356,2336,38791,35,1,1,128,1,1,16,0.000,0.000,,,,,NVIDIA A100-SXM4-40GB MIG 4g.20gb (0),1,,13,cupy_copy__complex64_complex64
1823144268,1728,38798,1,1,1,1,1,1,18,0.000,0.000,,,,,NVIDIA A100-SXM4-40GB MIG 4g.20gb (0),1,,13,cupy_copy__float32_float32
1823269226,94943,38809,1,1,1,32,32,1,30,0.000,0.000,,,,,NVIDIA A100-SXM4-40GB MIG 4g.20gb (0),1,,13,"void convert_kernel<__half2, float2>(tensor_layout_any, T1 *, tensor_layout_any, const T2 *)"
1823397673,9792,38812,,,,,,,,,,0.094,9568.610,Pinned,Device,NVIDIA A100-SXM4-40GB MIG 4g.20gb (0),1,,13,[CUDA memcpy Host-to-Device]
1823416776,3488,38813,,,,,,,,,,1.547,443412.461,Device,,NVIDIA A100-SXM4-40GB MIG 4g.20gb (0),1,,13,[CUDA memset]
1823424136,7968,38818,,,,,,,,,,0.031,3927.711,Pinned,Device,NVIDIA A100-SXM4-40GB MIG 4g.20gb (0),1,,13,[CUDA memcpy Host-to-Device]
1823435080,13632,38819,,,,,,,,,,0.197,14422.376,Pinned,Device,NVIDIA A100-SXM4-40GB MIG 4g.20gb (0),1,,13,[CUDA memcpy Host-to-Device]
1823466088,8128,38820,273,1,1,8,4,1,39,0.002,0.000,,,,,NVIDIA A100-SXM4-40GB MIG 4g.20gb (0),1,,13,"void channel_eq::eqMmseCoefCompLowMimoKernel<float, float, float, (unsigned int)4, (unsigned int)1, (unsigned int)4>(const channel_eq::_puschRxChEqStatDescr *, channel_eq::_puschRxChEqCoefCompDynDescr)"
1823481064,7872,38821,273,1,1,12,11,1,51,0.002,0.000,,,,,NVIDIA A100-SXM4-40GB MIG 4g.20gb (0),1,,13,"void channel_eq::eqMmseSoftDemapKernel<float, __half, __half, float, (unsigned int)4, (unsigned short)16383>(channel_eq::_puschRxChEqStatDescr *, channel_eq::_puschRxChEqSoftDemapDynDescr)"
1823497223,282845,38822,1,1,1,32,32,1,30,0.000,0.000,,,,,NVIDIA A100-SXM4-40GB MIG 4g.20gb (0),1,,13,"void convert_kernel<float2, __half2>(tensor_layout_any, T1 *, tensor_layout_any, const T2 *)"
1823781156,10944,38834,2253,1,1,128,1,1,16,0.000,0.000,,,,,NVIDIA A100-SXM4-40GB MIG 4g.20gb (0),1,,13,cupy_copy__float16_float16
1823794180,3584,38843,282,1,1,128,1,1,16,0.000,0.000,,,,,NVIDIA A100-SXM4-40GB MIG 4g.20gb (0),1,,13,cupy_copy__complex64_complex64
1823799844,2048,38852,26,1,1,128,1,1,16,0.000,0.000,,,,,NVIDIA A100-SXM4-40GB MIG 4g.20gb (0),1,,13,cupy_copy__float32_float32
1823802820,2944,38861,103,1,1,128,1,1,16,0.000,0.000,,,,,NVIDIA A100-SXM4-40GB MIG 4g.20gb (0),1,,13,cupy_copy__complex64_complex64
1823808964,12031,38871,1434,1,1,128,1,1,16,0.000,0.000,,,,,NVIDIA A100-SXM4-40GB MIG 4g.20gb (0),1,,13,cupy_copy__complex64_complex64
1823826467,83007,38876,1,1,1,32,32,1,30,0.000,0.000,,,,,NVIDIA A100-SXM4-40GB MIG 4g.20gb (0),1,,13,"void convert_kernel<__half2, float2>(tensor_layout_any, T1 *, tensor_layout_any, const T2 *)"
1823936450,5408,38879,,,,,,,,,,0.094,17325.421,Pinned,Device,NVIDIA A100-SXM4-40GB MIG 4g.20gb (0),1,,13,[CUDA memcpy Host-to-Device]
1823946306,600344,38880,,,,,,,,,,456.561,760174.798,Device,,NVIDIA A100-SXM4-40GB MIG 4g.20gb (0),1,,13,[CUDA memset]
1824552890,134879,38885,,,,,,,,,,1.235,9155.875,Pinned,Device,NVIDIA A100-SXM4-40GB MIG 4g.20gb (0),1,,13,[CUDA memcpy Host-to-Device]
1824701881,30207,38886,,,,,,,,,,0.197,6508.511,Pinned,Device,NVIDIA A100-SXM4-40GB MIG 4g.20gb (0),1,,13,[CUDA memcpy Host-to-Device]
1824753624,8512,38887,69,4,1,48,1,1,76,0.002,0.000,,,,,NVIDIA A100-SXM4-40GB MIG 4g.20gb (0),1,,13,"void ch_est::windowedChEstPreNoDftSOfdmKernel<float, __half, float, (unsigned int)2, (unsigned int)1, (unsigned short)4>(ch_est::puschRxChEstStatDescr_t *, ch_est::puschRxChEstDynDescr_t *)"
1824764376,6848,38888,137,2,1,24,2,1,44,0.001,0.001,,,,,NVIDIA A100-SXM4-40GB MIG 4g.20gb (0),1,,13,"void ch_est::chEstFilterNoDftSOfdmDispatchKernel<float, __half, float, (unsigned int)2>(ch_est::puschRxChEstStatDescr_t *, ch_est::puschRxChEstDynDescr_t *)"
1824776120,5344,38889,137,2,1,24,2,1,44,0.001,0.001,,,,,NVIDIA A100-SXM4-40GB MIG 4g.20gb (0),1,,13,"void ch_est::chEstFilterNoDftSOfdmDispatchKernel<float, __half, float, (unsigned int)2>(ch_est::puschRxChEstStatDescr_t *, ch_est::puschRxChEstDynDescr_t *)"
1824784824,2559,38900,103,1,1,128,1,1,16,0.000,0.000,,,,,NVIDIA A100-SXM4-40GB MIG 4g.20gb (0),1,,13,cupy_copy__complex64_complex64
1824792567,12832,38910,1434,1,1,128,1,1,16,0.000,0.000,,,,,NVIDIA A100-SXM4-40GB MIG 4g.20gb (0),1,,13,cupy_copy__complex64_complex64
1824808343,2560,38917,103,1,1,128,1,1,16,0.000,0.000,,,,,NVIDIA A100-SXM4-40GB MIG 4g.20gb (0),1,,13,cupy_copy__complex64_complex64
1824816695,90015,38924,1,1,1,32,32,1,30,0.000,0.000,,,,,NVIDIA A100-SXM4-40GB MIG 4g.20gb (0),1,,13,"void convert_kernel<__half2, float2>(tensor_layout_any, T1 *, tensor_layout_any, const T2 *)"
1824935830,13119,38927,,,,,,,,,,0.094,7141.978,Pinned,Device,NVIDIA A100-SXM4-40GB MIG 4g.20gb (0),1,,13,[CUDA memcpy Host-to-Device]
1824954581,48896,38928,,,,,,,,,,35.810,732348.674,Device,,NVIDIA A100-SXM4-40GB MIG 4g.20gb (0),1,,13,[CUDA memset]
1825010389,5376,38930,,,,,,,,,,0.000,14.881,Pinned,Device,NVIDIA A100-SXM4-40GB MIG 4g.20gb (0),1,,13,[CUDA memcpy Host-to-Device]
1825024789,19615,38931,,,,,,,,,,0.197,10023.272,Pinned,Device,NVIDIA A100-SXM4-40GB MIG 4g.20gb (0),1,,13,[CUDA memcpy Host-to-Device]
1825064692,10272,38932,273,1,1,48,1,1,40,0.000,0.001,,,,,NVIDIA A100-SXM4-40GB MIG 4g.20gb (0),1,,13,"void pusch_noise_intf_est::noiseIntfEstNoDftSOfdmKernel<float, __half, float, float, (unsigned int)2, (unsigned int)1, (unsigned char)4, (unsigned char)4>(pusch_noise_intf_est::puschRxNoiseIntfEstDynDescr)"
1825085140,2560,38943,35,1,1,128,1,1,16,0.000,0.000,,,,,NVIDIA A100-SXM4-40GB MIG 4g.20gb (0),1,,13,cupy_copy__complex64_complex64
1825100052,1760,38952,1,1,1,1,1,1,18,0.000,0.000,,,,,NVIDIA A100-SXM4-40GB MIG 4g.20gb (0),1,,13,cupy_copy__float32_float32
1825104820,2816,38958,,,,,,,,,,0.000,1.420,Device,Pageable,NVIDIA A100-SXM4-40GB MIG 4g.20gb (0),1,,7,[CUDA memcpy Device-to-Host]
1825179987,12863,38969,1434,1,1,128,1,1,16,0.000,0.000,,,,,NVIDIA A100-SXM4-40GB MIG 4g.20gb (0),1,,13,cupy_copy__complex64_complex64
1825215026,2880,38976,103,1,1,128,1,1,16,0.000,0.000,,,,,NVIDIA A100-SXM4-40GB MIG 4g.20gb (0),1,,13,cupy_copy__complex64_complex64
1825228338,2624,38983,35,1,1,128,1,1,16,0.000,0.000,,,,,NVIDIA A100-SXM4-40GB MIG 4g.20gb (0),1,,13,cupy_copy__complex64_complex64
1825250066,2016,38990,1,1,1,1,1,1,18,0.000,0.000,,,,,NVIDIA A100-SXM4-40GB MIG 4g.20gb (0),1,,13,cupy_copy__float32_float32
1825372464,81727,39001,1,1,1,32,32,1,30,0.000,0.000,,,,,NVIDIA A100-SXM4-40GB MIG 4g.20gb (0),1,,13,"void convert_kernel<__half2, float2>(tensor_layout_any, T1 *, tensor_layout_any, const T2 *)"
1825483951,5472,39004,,,,,,,,,,0.094,17122.757,Pinned,Device,NVIDIA A100-SXM4-40GB MIG 4g.20gb (0),1,,13,[CUDA memcpy Host-to-Device]
1825498287,3456,39005,,,,,,,,,,1.547,447517.201,Device,,NVIDIA A100-SXM4-40GB MIG 4g.20gb (0),1,,13,[CUDA memset]
1825505455,3328,39010,,,,,,,,,,0.031,9403.822,Pinned,Device,NVIDIA A100-SXM4-40GB MIG 4g.20gb (0),1,,13,[CUDA memcpy Host-to-Device]
1825511343,9631,39011,,,,,,,,,,0.197,20414.005,Pinned,Device,NVIDIA A100-SXM4-40GB MIG 4g.20gb (0),1,,13,[CUDA memcpy Host-to-Device]
1825526926,6432,39012,273,1,1,8,4,1,39,0.002,0.000,,,,,NVIDIA A100-SXM4-40GB MIG 4g.20gb (0),1,,13,"void channel_eq::eqMmseCoefCompLowMimoKernel<float, float, float, (unsigned int)4, (unsigned int)1, (unsigned int)4>(const channel_eq::_puschRxChEqStatDescr *, channel_eq::_puschRxChEqCoefCompDynDescr)"
1825534478,7968,39013,273,1,1,12,11,1,51,0.002,0.000,,,,,NVIDIA A100-SXM4-40GB MIG 4g.20gb (0),1,,13,"void channel_eq::eqMmseSoftDemapKernel<float, __half, __half, float, (unsigned int)4, (unsigned short)16383>(channel_eq::_puschRxChEqStatDescr *, channel_eq::_puschRxChEqSoftDemapDynDescr)"
1825543502,283101,39014,1,1,1,32,32,1,30,0.000,0.000,,,,,NVIDIA A100-SXM4-40GB MIG 4g.20gb (0),1,,13,"void convert_kernel<float2, __half2>(tensor_layout_any, T1 *, tensor_layout_any, const T2 *)"
1825831147,10879,39026,2253,1,1,128,1,1,16,0.000,0.000,,,,,NVIDIA A100-SXM4-40GB MIG 4g.20gb (0),1,,13,cupy_copy__float16_float16
1825845034,3072,39035,282,1,1,128,1,1,16,0.000,0.000,,,,,NVIDIA A100-SXM4-40GB MIG 4g.20gb (0),1,,13,cupy_copy__complex64_complex64
1825850794,2144,39044,26,1,1,128,1,1,16,0.000,0.000,,,,,NVIDIA A100-SXM4-40GB MIG 4g.20gb (0),1,,13,cupy_copy__float32_float32
1825854026,2880,39053,103,1,1,128,1,1,16,0.000,0.000,,,,,NVIDIA A100-SXM4-40GB MIG 4g.20gb (0),1,,13,cupy_copy__complex64_complex64
1825860490,11904,39063,1434,1,1,128,1,1,16,0.000,0.000,,,,,NVIDIA A100-SXM4-40GB MIG 4g.20gb (0),1,,13,cupy_copy__complex64_complex64
1825882826,81663,39068,1,1,1,32,32,1,30,0.000,0.000,,,,,NVIDIA A100-SXM4-40GB MIG 4g.20gb (0),1,,13,"void convert_kernel<__half2, float2>(tensor_layout_any, T1 *, tensor_layout_any, const T2 *)"
1825993065,5823,39071,,,,,,,,,,0.094,16090.601,Pinned,Device,NVIDIA A100-SXM4-40GB MIG 4g.20gb (0),1,,13,[CUDA memcpy Host-to-Device]
1826004872,596089,39072,,,,,,,,,,456.561,765653.535,Device,,NVIDIA A100-SXM4-40GB MIG 4g.20gb (0),1,,13,[CUDA memset]
1826608033,152670,39077,,,,,,,,,,1.235,8088.883,Pinned,Device,NVIDIA A100-SXM4-40GB MIG 4g.20gb (0),1,,13,[CUDA memcpy Host-to-Device]
1826770495,28928,39078,,,,,,,,,,0.197,6796.345,Pinned,Device,NVIDIA A100-SXM4-40GB MIG 4g.20gb (0),1,,13,[CUDA memcpy Host-to-Device]
1826816958,8096,39079,69,4,1,48,1,1,76,0.002,0.000,,,,,NVIDIA A100-SXM4-40GB MIG 4g.20gb (0),1,,13,"void ch_est::windowedChEstPreNoDftSOfdmKernel<float, __half, float, (unsigned int)2, (unsigned int)1, (unsigned short)4>(ch_est::puschRxChEstStatDescr_t *, ch_est::puschRxChEstDynDescr_t *)"
1826833182,7040,39080,137,2,1,24,2,1,44,0.001,0.001,,,,,NVIDIA A100-SXM4-40GB MIG 4g.20gb (0),1,,13,"void ch_est::chEstFilterNoDftSOfdmDispatchKernel<float, __half, float, (unsigned int)2>(ch_est::puschRxChEstStatDescr_t *, ch_est::puschRxChEstDynDescr_t *)"
1826846558,4736,39081,137,2,1,24,2,1,44,0.001,0.001,,,,,NVIDIA A100-SXM4-40GB MIG 4g.20gb (0),1,,13,"void ch_est::chEstFilterNoDftSOfdmDispatchKernel<float, __half, float, (unsigned int)2>(ch_est::puschRxChEstStatDescr_t *, ch_est::puschRxChEstDynDescr_t *)"
1826862174,2560,39092,103,1,1,128,1,1,16,0.000,0.000,,,,,NVIDIA A100-SXM4-40GB MIG 4g.20gb (0),1,,13,cupy_copy__complex64_complex64
1826875294,12767,39102,1434,1,1,128,1,1,16,0.000,0.000,,,,,NVIDIA A100-SXM4-40GB MIG 4g.20gb (0),1,,13,cupy_copy__complex64_complex64
1826908189,2688,39109,103,1,1,128,1,1,16,0.000,0.000,,,,,NVIDIA A100-SXM4-40GB MIG 4g.20gb (0),1,,13,cupy_copy__complex64_complex64
1826919581,83359,39116,1,1,1,32,32,1,30,0.000,0.000,,,,,NVIDIA A100-SXM4-40GB MIG 4g.20gb (0),1,,13,"void convert_kernel<__half2, float2>(tensor_layout_any, T1 *, tensor_layout_any, const T2 *)"
1827031996,6656,39119,,,,,,,,,,0.094,14076.887,Pinned,Device,NVIDIA A100-SXM4-40GB MIG 4g.20gb (0),1,,13,[CUDA memcpy Host-to-Device]
1827046076,46527,39120,,,,,,,,,,35.810,769626.801,Device,,NVIDIA A100-SXM4-40GB MIG 4g.20gb (0),1,,13,[CUDA memset]
1827098523,4672,39122,,,,,,,,,,0.000,17.123,Pinned,Device,NVIDIA A100-SXM4-40GB MIG 4g.20gb (0),1,,13,[CUDA memcpy Host-to-Device]
1827110651,13184,39123,,,,,,,,,,0.197,14912.520,Pinned,Device,NVIDIA A100-SXM4-40GB MIG 4g.20gb (0),1,,13,[CUDA memcpy Host-to-Device]
1827134010,10272,39124,273,1,1,48,1,1,40,0.000,0.001,,,,,NVIDIA A100-SXM4-40GB MIG 4g.20gb (0),1,,13,"void pusch_noise_intf_est::noiseIntfEstNoDftSOfdmKernel<float, __half, float, float, (unsigned int)2, (unsigned int)1, (unsigned char)4, (unsigned char)4>(pusch_noise_intf_est::puschRxNoiseIntfEstDynDescr)"
1827148922,2848,39135,35,1,1,128,1,1,16,0.000,0.000,,,,,NVIDIA A100-SXM4-40GB MIG 4g.20gb (0),1,,13,cupy_copy__complex64_complex64
1827154714,1760,39144,1,1,1,1,1,1,18,0.000,0.000,,,,,NVIDIA A100-SXM4-40GB MIG 4g.20gb (0),1,,13,cupy_copy__float32_float32
1827188154,1696,39150,,,,,,,,,,0.000,2.358,Device,Pageable,NVIDIA A100-SXM4-40GB MIG 4g.20gb (0),1,,7,[CUDA memcpy Device-to-Host]
1827250201,12768,39161,1434,1,1,128,1,1,16,0.000,0.000,,,,,NVIDIA A100-SXM4-40GB MIG 4g.20gb (0),1,,13,cupy_copy__complex64_complex64
1827274681,3424,39168,103,1,1,128,1,1,16,0.000,0.000,,,,,NVIDIA A100-SXM4-40GB MIG 4g.20gb (0),1,,13,cupy_copy__complex64_complex64
1827295832,2528,39175,35,1,1,128,1,1,16,0.000,0.000,,,,,NVIDIA A100-SXM4-40GB MIG 4g.20gb (0),1,,13,cupy_copy__complex64_complex64
1827314584,1792,39182,1,1,1,1,1,1,18,0.000,0.000,,,,,NVIDIA A100-SXM4-40GB MIG 4g.20gb (0),1,,13,cupy_copy__float32_float32
1827449463,82750,39193,1,1,1,32,32,1,30,0.000,0.000,,,,,NVIDIA A100-SXM4-40GB MIG 4g.20gb (0),1,,13,"void convert_kernel<__half2, float2>(tensor_layout_any, T1 *, tensor_layout_any, const T2 *)"
1827559189,5920,39196,,,,,,,,,,0.094,15826.941,Pinned,Device,NVIDIA A100-SXM4-40GB MIG 4g.20gb (0),1,,13,[CUDA memcpy Host-to-Device]
1827575381,3104,39197,,,,,,,,,,1.547,498266.574,Device,,NVIDIA A100-SXM4-40GB MIG 4g.20gb (0),1,,13,[CUDA memset]
1827580949,3488,39202,,,,,,,,,,0.031,8972.469,Pinned,Device,NVIDIA A100-SXM4-40GB MIG 4g.20gb (0),1,,13,[CUDA memcpy Host-to-Device]
1827586517,10496,39203,,,,,,,,,,0.197,18731.631,Pinned,Device,NVIDIA A100-SXM4-40GB MIG 4g.20gb (0),1,,13,[CUDA memcpy Host-to-Device]
1827603445,6144,39204,273,1,1,8,4,1,39,0.002,0.000,,,,,NVIDIA A100-SXM4-40GB MIG 4g.20gb (0),1,,13,"void channel_eq::eqMmseCoefCompLowMimoKernel<float, float, float, (unsigned int)4, (unsigned int)1, (unsigned int)4>(const channel_eq::_puschRxChEqStatDescr *, channel_eq::_puschRxChEqCoefCompDynDescr)"
1827612212,5952,39205,273,1,1,12,11,1,51,0.002,0.000,,,,,NVIDIA A100-SXM4-40GB MIG 4g.20gb (0),1,,13,"void channel_eq::eqMmseSoftDemapKernel<float, __half, __half, float, (unsigned int)4, (unsigned short)16383>(channel_eq::_puschRxChEqStatDescr *, channel_eq::_puschRxChEqSoftDemapDynDescr)"
1827620756,279837,39206,1,1,1,32,32,1,30,0.000,0.000,,,,,NVIDIA A100-SXM4-40GB MIG 4g.20gb (0),1,,13,"void convert_kernel<float2, __half2>(tensor_layout_any, T1 *, tensor_layout_any, const T2 *)"
1827904177,11104,39218,2253,1,1,128,1,1,16,0.000,0.000,,,,,NVIDIA A100-SXM4-40GB MIG 4g.20gb (0),1,,13,cupy_copy__float16_float16
1827917905,3104,39227,282,1,1,128,1,1,16,0.000,0.000,,,,,NVIDIA A100-SXM4-40GB MIG 4g.20gb (0),1,,13,cupy_copy__complex64_complex64
1827924081,2336,39236,26,1,1,128,1,1,16,0.000,0.000,,,,,NVIDIA A100-SXM4-40GB MIG 4g.20gb (0),1,,13,cupy_copy__float32_float32
1827927409,3456,39245,103,1,1,128,1,1,16,0.000,0.000,,,,,NVIDIA A100-SXM4-40GB MIG 4g.20gb (0),1,,13,cupy_copy__complex64_complex64
1827933169,12031,39255,1434,1,1,128,1,1,16,0.000,0.000,,,,,NVIDIA A100-SXM4-40GB MIG 4g.20gb (0),1,,13,cupy_copy__complex64_complex64
1827951376,86975,39260,1,1,1,32,32,1,30,0.000,0.000,,,,,NVIDIA A100-SXM4-40GB MIG 4g.20gb (0),1,,13,"void convert_kernel<__half2, float2>(tensor_layout_any, T1 *, tensor_layout_any, const T2 *)"
1828069583,6016,39263,,,,,,,,,,0.094,15574.430,Pinned,Device,NVIDIA A100-SXM4-40GB MIG 4g.20gb (0),1,,13,[CUDA memcpy Host-to-Device]
1828081231,598168,39264,,,,,,,,,,456.561,762914.166,Device,,NVIDIA A100-SXM4-40GB MIG 4g.20gb (0),1,,13,[CUDA memset]
1828685703,146462,39269,,,,,,,,,,1.235,8430.963,Pinned,Device,NVIDIA A100-SXM4-40GB MIG 4g.20gb (0),1,,13,[CUDA memcpy Host-to-Device]
1828844389,40288,39270,,,,,,,,,,0.197,4880.007,Pinned,Device,NVIDIA A100-SXM4-40GB MIG 4g.20gb (0),1,,13,[CUDA memcpy Host-to-Device]
1828914532,8576,39271,69,4,1,48,1,1,76,0.002,0.000,,,,,NVIDIA A100-SXM4-40GB MIG 4g.20gb (0),1,,13,"void ch_est::windowedChEstPreNoDftSOfdmKernel<float, __half, float, (unsigned int)2, (unsigned int)1, (unsigned short)4>(ch_est::puschRxChEstStatDescr_t *, ch_est::puschRxChEstDynDescr_t *)"
1828934116,6688,39272,137,2,1,24,2,1,44,0.001,0.001,,,,,NVIDIA A100-SXM4-40GB MIG 4g.20gb (0),1,,13,"void ch_est::chEstFilterNoDftSOfdmDispatchKernel<float, __half, float, (unsigned int)2>(ch_est::puschRxChEstStatDescr_t *, ch_est::puschRxChEstDynDescr_t *)"
1828951044,4768,39273,137,2,1,24,2,1,44,0.001,0.001,,,,,NVIDIA A100-SXM4-40GB MIG 4g.20gb (0),1,,13,"void ch_est::chEstFilterNoDftSOfdmDispatchKernel<float, __half, float, (unsigned int)2>(ch_est::puschRxChEstStatDescr_t *, ch_est::puschRxChEstDynDescr_t *)"
1828967908,2496,39284,103,1,1,128,1,1,16,0.000,0.000,,,,,NVIDIA A100-SXM4-40GB MIG 4g.20gb (0),1,,13,cupy_copy__complex64_complex64
1828985219,12352,39294,1434,1,1,128,1,1,16,0.000,0.000,,,,,NVIDIA A100-SXM4-40GB MIG 4g.20gb (0),1,,13,cupy_copy__complex64_complex64
1829003779,2912,39301,103,1,1,128,1,1,16,0.000,0.000,,,,,NVIDIA A100-SXM4-40GB MIG 4g.20gb (0),1,,13,cupy_copy__complex64_complex64
1829026915,86975,39308,1,1,1,32,32,1,30,0.000,0.000,,,,,NVIDIA A100-SXM4-40GB MIG 4g.20gb (0),1,,13,"void convert_kernel<__half2, float2>(tensor_layout_any, T1 *, tensor_layout_any, const T2 *)"
1829144610,18399,39311,,,,,,,,,,0.094,5092.378,Pinned,Device,NVIDIA A100-SXM4-40GB MIG 4g.20gb (0),1,,13,[CUDA memcpy Host-to-Device]
1829179745,47679,39312,,,,,,,,,,35.810,751041.452,Device,,NVIDIA A100-SXM4-40GB MIG 4g.20gb (0),1,,13,[CUDA memset]
1829234560,4256,39314,,,,,,,,,,0.000,18.797,Pinned,Device,NVIDIA A100-SXM4-40GB MIG 4g.20gb (0),1,,13,[CUDA memcpy Host-to-Device]
1829243904,13312,39315,,,,,,,,,,0.197,14769.193,Pinned,Device,NVIDIA A100-SXM4-40GB MIG 4g.20gb (0),1,,13,[CUDA memcpy Host-to-Device]
1829267680,10336,39316,273,1,1,48,1,1,40,0.000,0.001,,,,,NVIDIA A100-SXM4-40GB MIG 4g.20gb (0),1,,13,"void pusch_noise_intf_est::noiseIntfEstNoDftSOfdmKernel<float, __half, float, float, (unsigned int)2, (unsigned int)1, (unsigned char)4, (unsigned char)4>(pusch_noise_intf_est::puschRxNoiseIntfEstDynDescr)"
1829283072,3072,39327,35,1,1,128,1,1,16,0.000,0.000,,,,,NVIDIA A100-SXM4-40GB MIG 4g.20gb (0),1,,13,cupy_copy__complex64_complex64
1829287968,1824,39336,1,1,1,1,1,1,18,0.000,0.000,,,,,NVIDIA A100-SXM4-40GB MIG 4g.20gb (0),1,,13,cupy_copy__float32_float32
1829300128,2304,39342,,,,,,,,,,0.000,1.736,Device,Pageable,NVIDIA A100-SXM4-40GB MIG 4g.20gb (0),1,,7,[CUDA memcpy Device-to-Host]
1829363487,12960,39353,1434,1,1,128,1,1,16,0.000,0.000,,,,,NVIDIA A100-SXM4-40GB MIG 4g.20gb (0),1,,13,cupy_copy__complex64_complex64
1829387806,2912,39360,103,1,1,128,1,1,16,0.000,0.000,,,,,NVIDIA A100-SXM4-40GB MIG 4g.20gb (0),1,,13,cupy_copy__complex64_complex64
1829409438,2432,39367,35,1,1,128,1,1,16,0.000,0.000,,,,,NVIDIA A100-SXM4-40GB MIG 4g.20gb (0),1,,13,cupy_copy__complex64_complex64
1829432574,1824,39374,1,1,1,1,1,1,18,0.000,0.000,,,,,NVIDIA A100-SXM4-40GB MIG 4g.20gb (0),1,,13,cupy_copy__float32_float32
1829563164,87103,39385,1,1,1,32,32,1,30,0.000,0.000,,,,,NVIDIA A100-SXM4-40GB MIG 4g.20gb (0),1,,13,"void convert_kernel<__half2, float2>(tensor_layout_any, T1 *, tensor_layout_any, const T2 *)"
1829678235,5760,39388,,,,,,,,,,0.094,16266.656,Pinned,Device,NVIDIA A100-SXM4-40GB MIG 4g.20gb (0),1,,13,[CUDA memcpy Host-to-Device]
1829692571,3200,39389,,,,,,,,,,1.547,483320.000,Device,,NVIDIA A100-SXM4-40GB MIG 4g.20gb (0),1,,13,[CUDA memset]
1829699547,3168,39394,,,,,,,,,,0.031,9878.770,Pinned,Device,NVIDIA A100-SXM4-40GB MIG 4g.20gb (0),1,,13,[CUDA memcpy Host-to-Device]
1829705307,9535,39395,,,,,,,,,,0.197,20619.461,Pinned,Device,NVIDIA A100-SXM4-40GB MIG 4g.20gb (0),1,,13,[CUDA memcpy Host-to-Device]
1829719706,8416,39396,273,1,1,8,4,1,39,0.002,0.000,,,,,NVIDIA A100-SXM4-40GB MIG 4g.20gb (0),1,,13,"void channel_eq::eqMmseCoefCompLowMimoKernel<float, float, float, (unsigned int)4, (unsigned int)1, (unsigned int)4>(const channel_eq::_puschRxChEqStatDescr *, channel_eq::_puschRxChEqCoefCompDynDescr)"
1829729242,5824,39397,273,1,1,12,11,1,51,0.002,0.000,,,,,NVIDIA A100-SXM4-40GB MIG 4g.20gb (0),1,,13,"void channel_eq::eqMmseSoftDemapKernel<float, __half, __half, float, (unsigned int)4, (unsigned short)16383>(channel_eq::_puschRxChEqStatDescr *, channel_eq::_puschRxChEqSoftDemapDynDescr)"
1829736186,292925,39398,1,1,1,32,32,1,30,0.000,0.000,,,,,NVIDIA A100-SXM4-40GB MIG 4g.20gb (0),1,,13,"void convert_kernel<float2, __half2>(tensor_layout_any, T1 *, tensor_layout_any, const T2 *)"
1830030487,10943,39410,2253,1,1,128,1,1,16,0.000,0.000,,,,,NVIDIA A100-SXM4-40GB MIG 4g.20gb (0),1,,13,cupy_copy__float16_float16
1830042742,3584,39419,282,1,1,128,1,1,16,0.000,0.000,,,,,NVIDIA A100-SXM4-40GB MIG 4g.20gb (0),1,,13,cupy_copy__complex64_complex64
1830047382,2144,39428,26,1,1,128,1,1,16,0.000,0.000,,,,,NVIDIA A100-SXM4-40GB MIG 4g.20gb (0),1,,13,cupy_copy__float32_float32
1830053654,3008,39437,103,1,1,128,1,1,16,0.000,0.000,,,,,NVIDIA A100-SXM4-40GB MIG 4g.20gb (0),1,,13,cupy_copy__complex64_complex64
1830059894,12352,39447,1434,1,1,128,1,1,16,0.000,0.000,,,,,NVIDIA A100-SXM4-40GB MIG 4g.20gb (0),1,,13,cupy_copy__complex64_complex64
1830074806,80799,39452,1,1,1,32,32,1,30,0.000,0.000,,,,,NVIDIA A100-SXM4-40GB MIG 4g.20gb (0),1,,13,"void convert_kernel<__half2, float2>(tensor_layout_any, T1 *, tensor_layout_any, const T2 *)"
1830182741,5984,39455,,,,,,,,,,0.094,15657.726,Pinned,Device,NVIDIA A100-SXM4-40GB MIG 4g.20gb (0),1,,13,[CUDA memcpy Host-to-Device]
1830192533,598744,39456,,,,,,,,,,456.561,762457.605,Device,,NVIDIA A100-SXM4-40GB MIG 4g.20gb (0),1,,13,[CUDA memset]
1830793005,137150,39461,,,,,,,,,,1.235,9003.977,Pinned,Device,NVIDIA A100-SXM4-40GB MIG 4g.20gb (0),1,,13,[CUDA memcpy Host-to-Device]
1830942827,40096,39462,,,,,,,,,,0.197,4903.404,Pinned,Device,NVIDIA A100-SXM4-40GB MIG 4g.20gb (0),1,,13,[CUDA memcpy Host-to-Device]
1831000971,7935,39463,69,4,1,48,1,1,76,0.002,0.000,,,,,NVIDIA A100-SXM4-40GB MIG 4g.20gb (0),1,,13,"void ch_est::windowedChEstPreNoDftSOfdmKernel<float, __half, float, (unsigned int)2, (unsigned int)1, (unsigned short)4>(ch_est::puschRxChEstStatDescr_t *, ch_est::puschRxChEstDynDescr_t *)"
1831018858,6816,39464,137,2,1,24,2,1,44,0.001,0.001,,,,,NVIDIA A100-SXM4-40GB MIG 4g.20gb (0),1,,13,"void ch_est::chEstFilterNoDftSOfdmDispatchKernel<float, __half, float, (unsigned int)2>(ch_est::puschRxChEstStatDescr_t *, ch_est::puschRxChEstDynDescr_t *)"
1831036170,4896,39465,137,2,1,24,2,1,44,0.001,0.001,,,,,NVIDIA A100-SXM4-40GB MIG 4g.20gb (0),1,,13,"void ch_est::chEstFilterNoDftSOfdmDispatchKernel<float, __half, float, (unsigned int)2>(ch_est::puschRxChEstStatDescr_t *, ch_est::puschRxChEstDynDescr_t *)"
1831052522,2688,39476,103,1,1,128,1,1,16,0.000,0.000,,,,,NVIDIA A100-SXM4-40GB MIG 4g.20gb (0),1,,13,cupy_copy__complex64_complex64
1831069674,12672,39486,1434,1,1,128,1,1,16,0.000,0.000,,,,,NVIDIA A100-SXM4-40GB MIG 4g.20gb (0),1,,13,cupy_copy__complex64_complex64
1831093673,2592,39493,103,1,1,128,1,1,16,0.000,0.000,,,,,NVIDIA A100-SXM4-40GB MIG 4g.20gb (0),1,,13,cupy_copy__complex64_complex64
1831115849,91455,39500,1,1,1,32,32,1,30,0.000,0.000,,,,,NVIDIA A100-SXM4-40GB MIG 4g.20gb (0),1,,13,"void convert_kernel<__half2, float2>(tensor_layout_any, T1 *, tensor_layout_any, const T2 *)"
1831241480,27647,39503,,,,,,,,,,0.094,3388.984,Pinned,Device,NVIDIA A100-SXM4-40GB MIG 4g.20gb (0),1,,13,[CUDA memcpy Host-to-Device]
1831290567,47807,39504,,,,,,,,,,35.810,749036.097,Device,,NVIDIA A100-SXM4-40GB MIG 4g.20gb (0),1,,13,[CUDA memset]
1831341638,10144,39506,,,,,,,,,,0.000,7.886,Pinned,Device,NVIDIA A100-SXM4-40GB MIG 4g.20gb (0),1,,13,[CUDA memcpy Host-to-Device]
1831362854,33472,39507,,,,,,,,,,0.197,5873.664,Pinned,Device,NVIDIA A100-SXM4-40GB MIG 4g.20gb (0),1,,13,[CUDA memcpy Host-to-Device]
1831430469,9440,39508,273,1,1,48,1,1,40,0.000,0.001,,,,,NVIDIA A100-SXM4-40GB MIG 4g.20gb (0),1,,13,"void pusch_noise_intf_est::noiseIntfEstNoDftSOfdmKernel<float, __half, float, float, (unsigned int)2, (unsigned int)1, (unsigned char)4, (unsigned char)4>(pusch_noise_intf_est::puschRxNoiseIntfEstDynDescr)"
1831447845,2720,39519,35,1,1,128,1,1,16,0.000,0.000,,,,,NVIDIA A100-SXM4-40GB MIG 4g.20gb (0),1,,13,cupy_copy__complex64_complex64
1831463973,1760,39528,1,1,1,1,1,1,18,0.000,0.000,,,,,NVIDIA A100-SXM4-40GB MIG 4g.20gb (0),1,,13,cupy_copy__float32_float32
1831474021,6080,39534,,,,,,,,,,0.000,0.658,Device,Pageable,NVIDIA A100-SXM4-40GB MIG 4g.20gb (0),1,,7,[CUDA memcpy Device-to-Host]
1831572195,12800,39545,1434,1,1,128,1,1,16,0.000,0.000,,,,,NVIDIA A100-SXM4-40GB MIG 4g.20gb (0),1,,13,cupy_copy__complex64_complex64
1831595331,2944,39552,103,1,1,128,1,1,16,0.000,0.000,,,,,NVIDIA A100-SXM4-40GB MIG 4g.20gb (0),1,,13,cupy_copy__complex64_complex64
1831612579,2560,39559,35,1,1,128,1,1,16,0.000,0.000,,,,,NVIDIA A100-SXM4-40GB MIG 4g.20gb (0),1,,13,cupy_copy__complex64_complex64
1831635971,1760,39566,1,1,1,1,1,1,18,0.000,0.000,,,,,NVIDIA A100-SXM4-40GB MIG 4g.20gb (0),1,,13,cupy_copy__float32_float32
1831757281,81279,39577,1,1,1,32,32,1,30,0.000,0.000,,,,,NVIDIA A100-SXM4-40GB MIG 4g.20gb (0),1,,13,"void convert_kernel<__half2, float2>(tensor_layout_any, T1 *, tensor_layout_any, const T2 *)"
1831866304,5824,39580,,,,,,,,,,0.094,16087.884,Pinned,Device,NVIDIA A100-SXM4-40GB MIG 4g.20gb (0),1,,13,[CUDA memcpy Host-to-Device]
1831881120,3552,39581,,,,,,,,,,1.547,435422.601,Device,,NVIDIA A100-SXM4-40GB MIG 4g.20gb (0),1,,13,[CUDA memset]
1831887808,3071,39586,,,,,,,,,,0.031,10190.791,Pinned,Device,NVIDIA A100-SXM4-40GB MIG 4g.20gb (0),1,,13,[CUDA memcpy Host-to-Device]
1831893311,10112,39587,,,,,,,,,,0.197,19442.958,Pinned,Device,NVIDIA A100-SXM4-40GB MIG 4g.20gb (0),1,,13,[CUDA memcpy Host-to-Device]
1831908415,6848,39588,273,1,1,8,4,1,39,0.002,0.000,,,,,NVIDIA A100-SXM4-40GB MIG 4g.20gb (0),1,,13,"void channel_eq::eqMmseCoefCompLowMimoKernel<float, float, float, (unsigned int)4, (unsigned int)1, (unsigned int)4>(const channel_eq::_puschRxChEqStatDescr *, channel_eq::_puschRxChEqCoefCompDynDescr)"
1831916383,6208,39589,273,1,1,12,11,1,51,0.002,0.000,,,,,NVIDIA A100-SXM4-40GB MIG 4g.20gb (0),1,,13,"void channel_eq::eqMmseSoftDemapKernel<float, __half, __half, float, (unsigned int)4, (unsigned short)16383>(channel_eq::_puschRxChEqStatDescr *, channel_eq::_puschRxChEqSoftDemapDynDescr)"
1831923679,282205,39590,1,1,1,32,32,1,30,0.000,0.000,,,,,NVIDIA A100-SXM4-40GB MIG 4g.20gb (0),1,,13,"void convert_kernel<float2, __half2>(tensor_layout_any, T1 *, tensor_layout_any, const T2 *)"
1832208156,11071,39602,2253,1,1,128,1,1,16,0.000,0.000,,,,,NVIDIA A100-SXM4-40GB MIG 4g.20gb (0),1,,13,cupy_copy__float16_float16
1832221947,2880,39611,282,1,1,128,1,1,16,0.000,0.000,,,,,NVIDIA A100-SXM4-40GB MIG 4g.20gb (0),1,,13,cupy_copy__complex64_complex64
1832229307,2336,39620,26,1,1,128,1,1,16,0.000,0.000,,,,,NVIDIA A100-SXM4-40GB MIG 4g.20gb (0),1,,13,cupy_copy__float32_float32
1832233851,2912,39629,103,1,1,128,1,1,16,0.000,0.000,,,,,NVIDIA A100-SXM4-40GB MIG 4g.20gb (0),1,,13,cupy_copy__complex64_complex64
1832238939,12288,39639,1434,1,1,128,1,1,16,0.000,0.000,,,,,NVIDIA A100-SXM4-40GB MIG 4g.20gb (0),1,,13,cupy_copy__complex64_complex64
1832256379,82591,39644,1,1,1,32,32,1,30,0.000,0.000,,,,,NVIDIA A100-SXM4-40GB MIG 4g.20gb (0),1,,13,"void convert_kernel<__half2, float2>(tensor_layout_any, T1 *, tensor_layout_any, const T2 *)"
1832365530,5728,39647,,,,,,,,,,0.094,16357.541,Pinned,Device,NVIDIA A100-SXM4-40GB MIG 4g.20gb (0),1,,13,[CUDA memcpy Host-to-Device]
1832377977,602553,39648,,,,,,,,,,456.561,757435.429,Device,,NVIDIA A100-SXM4-40GB MIG 4g.20gb (0),1,,13,[CUDA memset]
1832984530,66527,39653,,,,,,,,,,1.235,18562.443,Pinned,Device,NVIDIA A100-SXM4-40GB MIG 4g.20gb (0),1,,13,[CUDA memcpy Host-to-Device]
1833054577,10528,39654,,,,,,,,,,0.197,18674.614,Pinned,Device,NVIDIA A100-SXM4-40GB MIG 4g.20gb (0),1,,13,[CUDA memcpy Host-to-Device]
1833072465,8608,39655,69,4,1,48,1,1,76,0.002,0.000,,,,,NVIDIA A100-SXM4-40GB MIG 4g.20gb (0),1,,13,"void ch_est::windowedChEstPreNoDftSOfdmKernel<float, __half, float, (unsigned int)2, (unsigned int)1, (unsigned short)4>(ch_est::puschRxChEstStatDescr_t *, ch_est::puschRxChEstDynDescr_t *)"
1833084401,6272,39656,137,2,1,24,2,1,44,0.001,0.001,,,,,NVIDIA A100-SXM4-40GB MIG 4g.20gb (0),1,,13,"void ch_est::chEstFilterNoDftSOfdmDispatchKernel<float, __half, float, (unsigned int)2>(ch_est::puschRxChEstStatDescr_t *, ch_est::puschRxChEstDynDescr_t *)"
1833094801,5024,39657,137,2,1,24,2,1,44,0.001,0.001,,,,,NVIDIA A100-SXM4-40GB MIG 4g.20gb (0),1,,13,"void ch_est::chEstFilterNoDftSOfdmDispatchKernel<float, __half, float, (unsigned int)2>(ch_est::puschRxChEstStatDescr_t *, ch_est::puschRxChEstDynDescr_t *)"
1833101200,2528,39668,103,1,1,128,1,1,16,0.000,0.000,,,,,NVIDIA A100-SXM4-40GB MIG 4g.20gb (0),1,,13,cupy_copy__complex64_complex64
1833104688,12544,39678,1434,1,1,128,1,1,16,0.000,0.000,,,,,NVIDIA A100-SXM4-40GB MIG 4g.20gb (0),1,,13,cupy_copy__complex64_complex64
1833120752,2528,39685,103,1,1,128,1,1,16,0.000,0.000,,,,,NVIDIA A100-SXM4-40GB MIG 4g.20gb (0),1,,13,cupy_copy__complex64_complex64
1833126032,90623,39692,1,1,1,32,32,1,30,0.000,0.000,,,,,NVIDIA A100-SXM4-40GB MIG 4g.20gb (0),1,,13,"void convert_kernel<__half2, float2>(tensor_layout_any, T1 *, tensor_layout_any, const T2 *)"
1833247119,5600,39695,,,,,,,,,,0.094,16731.388,Pinned,Device,NVIDIA A100-SXM4-40GB MIG 4g.20gb (0),1,,13,[CUDA memcpy Host-to-Device]
1833259375,47487,39696,,,,,,,,,,35.810,754085.295,Device,,NVIDIA A100-SXM4-40GB MIG 4g.20gb (0),1,,13,[CUDA memset]
1833312782,2912,39698,,,,,,,,,,0.000,27.472,Pinned,Device,NVIDIA A100-SXM4-40GB MIG 4g.20gb (0),1,,13,[CUDA memcpy Host-to-Device]
1833319982,13760,39699,,,,,,,,,,0.197,14288.290,Pinned,Device,NVIDIA A100-SXM4-40GB MIG 4g.20gb (0),1,,13,[CUDA memcpy Host-to-Device]
1833345229,10848,39700,273,1,1,48,1,1,40,0.000,0.001,,,,,NVIDIA A100-SXM4-40GB MIG 4g.20gb (0),1,,13,"void pusch_noise_intf_est::noiseIntfEstNoDftSOfdmKernel<float, __half, float, float, (unsigned int)2, (unsigned int)1, (unsigned char)4, (unsigned char)4>(pusch_noise_intf_est::puschRxNoiseIntfEstDynDescr)"
1833358989,3200,39711,35,1,1,128,1,1,16,0.000,0.000,,,,,NVIDIA A100-SXM4-40GB MIG 4g.20gb (0),1,,13,cupy_copy__complex64_complex64
1833368333,1792,39720,1,1,1,1,1,1,18,0.000,0.000,,,,,NVIDIA A100-SXM4-40GB MIG 4g.20gb (0),1,,13,cupy_copy__float32_float32
1833400141,1696,39726,,,,,,,,,,0.000,2.358,Device,Pageable,NVIDIA A100-SXM4-40GB MIG 4g.20gb (0),1,,7,[CUDA memcpy Device-to-Host]
1833460268,12768,39737,1434,1,1,128,1,1,16,0.000,0.000,,,,,NVIDIA A100-SXM4-40GB MIG 4g.20gb (0),1,,13,cupy_copy__complex64_complex64
1833493548,2848,39744,103,1,1,128,1,1,16,0.000,0.000,,,,,NVIDIA A100-SXM4-40GB MIG 4g.20gb (0),1,,13,cupy_copy__complex64_complex64
1833512011,2176,39751,35,1,1,128,1,1,16,0.000,0.000,,,,,NVIDIA A100-SXM4-40GB MIG 4g.20gb (0),1,,13,cupy_copy__complex64_complex64
1833531147,1856,39758,1,1,1,1,1,1,18,0.000,0.000,,,,,NVIDIA A100-SXM4-40GB MIG 4g.20gb (0),1,,13,cupy_copy__float32_float32
1833663050,87006,39769,1,1,1,32,32,1,30,0.000,0.000,,,,,NVIDIA A100-SXM4-40GB MIG 4g.20gb (0),1,,13,"void convert_kernel<__half2, float2>(tensor_layout_any, T1 *, tensor_layout_any, const T2 *)"
1833778152,6336,39772,,,,,,,,,,0.094,14787.852,Pinned,Device,NVIDIA A100-SXM4-40GB MIG 4g.20gb (0),1,,13,[CUDA memcpy Host-to-Device]
1833791976,3104,39773,,,,,,,,,,1.547,498266.574,Device,,NVIDIA A100-SXM4-40GB MIG 4g.20gb (0),1,,13,[CUDA memset]
1833798728,3008,39778,,,,,,,,,,0.031,10404.230,Pinned,Device,NVIDIA A100-SXM4-40GB MIG 4g.20gb (0),1,,13,[CUDA memcpy Host-to-Device]
1833804552,9600,39779,,,,,,,,,,0.197,20479.869,Pinned,Device,NVIDIA A100-SXM4-40GB MIG 4g.20gb (0),1,,13,[CUDA memcpy Host-to-Device]
1833820552,6143,39780,273,1,1,8,4,1,39,0.002,0.000,,,,,NVIDIA A100-SXM4-40GB MIG 4g.20gb (0),1,,13,"void channel_eq::eqMmseCoefCompLowMimoKernel<float, float, float, (unsigned int)4, (unsigned int)1, (unsigned int)4>(const channel_eq::_puschRxChEqStatDescr *, channel_eq::_puschRxChEqCoefCompDynDescr)"
1833829063,5696,39781,273,1,1,12,11,1,51,0.002,0.000,,,,,NVIDIA A100-SXM4-40GB MIG 4g.20gb (0),1,,13,"void channel_eq::eqMmseSoftDemapKernel<float, __half, __half, float, (unsigned int)4, (unsigned short)16383>(channel_eq::_puschRxChEqStatDescr *, channel_eq::_puschRxChEqSoftDemapDynDescr)"
1833835911,294845,39782,1,1,1,32,32,1,30,0.000,0.000,,,,,NVIDIA A100-SXM4-40GB MIG 4g.20gb (0),1,,13,"void convert_kernel<float2, __half2>(tensor_layout_any, T1 *, tensor_layout_any, const T2 *)"
1834132228,10880,39794,2253,1,1,128,1,1,16,0.000,0.000,,,,,NVIDIA A100-SXM4-40GB MIG 4g.20gb (0),1,,13,cupy_copy__float16_float16
1834148132,2847,39803,282,1,1,128,1,1,16,0.000,0.000,,,,,NVIDIA A100-SXM4-40GB MIG 4g.20gb (0),1,,13,cupy_copy__complex64_complex64
1834152995,2048,39812,26,1,1,128,1,1,16,0.000,0.000,,,,,NVIDIA A100-SXM4-40GB MIG 4g.20gb (0),1,,13,cupy_copy__float32_float32
1834156163,3168,39821,103,1,1,128,1,1,16,0.000,0.000,,,,,NVIDIA A100-SXM4-40GB MIG 4g.20gb (0),1,,13,cupy_copy__complex64_complex64
1834162691,11936,39831,1434,1,1,128,1,1,16,0.000,0.000,,,,,NVIDIA A100-SXM4-40GB MIG 4g.20gb (0),1,,13,cupy_copy__complex64_complex64
1834178691,88031,39836,1,1,1,32,32,1,30,0.000,0.000,,,,,NVIDIA A100-SXM4-40GB MIG 4g.20gb (0),1,,13,"void convert_kernel<__half2, float2>(tensor_layout_any, T1 *, tensor_layout_any, const T2 *)"
1834294658,5408,39839,,,,,,,,,,0.094,17325.421,Pinned,Device,NVIDIA A100-SXM4-40GB MIG 4g.20gb (0),1,,13,[CUDA memcpy Host-to-Device]
1834306914,596568,39840,,,,,,,,,,456.561,765196.973,Device,,NVIDIA A100-SXM4-40GB MIG 4g.20gb (0),1,,13,[CUDA memset]
1834911546,169150,39845,,,,,,,,,,1.235,7299.754,Pinned,Device,NVIDIA A100-SXM4-40GB MIG 4g.20gb (0),1,,13,[CUDA memcpy Host-to-Device]
1835092760,45823,39846,,,,,,,,,,0.197,4290.576,Pinned,Device,NVIDIA A100-SXM4-40GB MIG 4g.20gb (0),1,,13,[CUDA memcpy Host-to-Device]
1835155479,8288,39847,69,4,1,48,1,1,76,0.002,0.000,,,,,NVIDIA A100-SXM4-40GB MIG 4g.20gb (0),1,,13,"void ch_est::windowedChEstPreNoDftSOfdmKernel<float, __half, float, (unsigned int)2, (unsigned int)1, (unsigned short)4>(ch_est::puschRxChEstStatDescr_t *, ch_est::puschRxChEstDynDescr_t *)"
1835169815,6752,39848,137,2,1,24,2,1,44,0.001,0.001,,,,,NVIDIA A100-SXM4-40GB MIG 4g.20gb (0),1,,13,"void ch_est::chEstFilterNoDftSOfdmDispatchKernel<float, __half, float, (unsigned int)2>(ch_est::puschRxChEstStatDescr_t *, ch_est::puschRxChEstDynDescr_t *)"
1835183031,5152,39849,137,2,1,24,2,1,44,0.001,0.001,,,,,NVIDIA A100-SXM4-40GB MIG 4g.20gb (0),1,,13,"void ch_est::chEstFilterNoDftSOfdmDispatchKernel<float, __half, float, (unsigned int)2>(ch_est::puschRxChEstStatDescr_t *, ch_est::puschRxChEstDynDescr_t *)"
1835194871,2688,39860,103,1,1,128,1,1,16,0.000,0.000,,,,,NVIDIA A100-SXM4-40GB MIG 4g.20gb (0),1,,13,cupy_copy__complex64_complex64
1835205974,12352,39870,1434,1,1,128,1,1,16,0.000,0.000,,,,,NVIDIA A100-SXM4-40GB MIG 4g.20gb (0),1,,13,cupy_copy__complex64_complex64
1835222038,2624,39877,103,1,1,128,1,1,16,0.000,0.000,,,,,NVIDIA A100-SXM4-40GB MIG 4g.20gb (0),1,,13,cupy_copy__complex64_complex64
1835232950,82239,39884,1,1,1,32,32,1,30,0.000,0.000,,,,,NVIDIA A100-SXM4-40GB MIG 4g.20gb (0),1,,13,"void convert_kernel<__half2, float2>(tensor_layout_any, T1 *, tensor_layout_any, const T2 *)"
1835343125,6208,39887,,,,,,,,,,0.094,15092.739,Pinned,Device,NVIDIA A100-SXM4-40GB MIG 4g.20gb (0),1,,13,[CUDA memcpy Host-to-Device]
1835355253,47327,39888,,,,,,,,,,35.810,756627.800,Device,,NVIDIA A100-SXM4-40GB MIG 4g.20gb (0),1,,13,[CUDA memset]
1835408884,3360,39890,,,,,,,,,,0.000,23.810,Pinned,Device,NVIDIA A100-SXM4-40GB MIG 4g.20gb (0),1,,13,[CUDA memcpy Host-to-Device]
1835417140,13856,39891,,,,,,,,,,0.197,14189.199,Pinned,Device,NVIDIA A100-SXM4-40GB MIG 4g.20gb (0),1,,13,[CUDA memcpy Host-to-Device]
1835441075,10304,39892,273,1,1,48,1,1,40,0.000,0.001,,,,,NVIDIA A100-SXM4-40GB MIG 4g.20gb (0),1,,13,"void pusch_noise_intf_est::noiseIntfEstNoDftSOfdmKernel<float, __half, float, float, (unsigned int)2, (unsigned int)1, (unsigned char)4, (unsigned char)4>(pusch_noise_intf_est::puschRxNoiseIntfEstDynDescr)"
1835456467,3104,39903,35,1,1,128,1,1,16,0.000,0.000,,,,,NVIDIA A100-SXM4-40GB MIG 4g.20gb (0),1,,13,cupy_copy__complex64_complex64
1835466739,2080,39912,1,1,1,1,1,1,18,0.000,0.000,,,,,NVIDIA A100-SXM4-40GB MIG 4g.20gb (0),1,,13,cupy_copy__float32_float32
1835497139,1632,39918,,,,,,,,,,0.000,2.451,Device,Pageable,NVIDIA A100-SXM4-40GB MIG 4g.20gb (0),1,,7,[CUDA memcpy Device-to-Host]
1835560722,12704,39929,1434,1,1,128,1,1,16,0.000,0.000,,,,,NVIDIA A100-SXM4-40GB MIG 4g.20gb (0),1,,13,cupy_copy__complex64_complex64
1835586834,2752,39936,103,1,1,128,1,1,16,0.000,0.000,,,,,NVIDIA A100-SXM4-40GB MIG 4g.20gb (0),1,,13,cupy_copy__complex64_complex64
1835608945,2400,39943,35,1,1,128,1,1,16,0.000,0.000,,,,,NVIDIA A100-SXM4-40GB MIG 4g.20gb (0),1,,13,cupy_copy__complex64_complex64
1835625265,1792,39950,1,1,1,1,1,1,18,0.000,0.000,,,,,NVIDIA A100-SXM4-40GB MIG 4g.20gb (0),1,,13,cupy_copy__float32_float32
1835761072,82847,39961,1,1,1,32,32,1,30,0.000,0.000,,,,,NVIDIA A100-SXM4-40GB MIG 4g.20gb (0),1,,13,"void convert_kernel<__half2, float2>(tensor_layout_any, T1 *, tensor_layout_any, const T2 *)"
1835872078,5664,39964,,,,,,,,,,0.094,16542.310,Pinned,Device,NVIDIA A100-SXM4-40GB MIG 4g.20gb (0),1,,13,[CUDA memcpy Host-to-Device]
1835886766,3296,39965,,,,,,,,,,1.547,469242.628,Device,,NVIDIA A100-SXM4-40GB MIG 4g.20gb (0),1,,13,[CUDA memset]
1835893998,3296,39970,,,,,,,,,,0.031,9495.144,Pinned,Device,NVIDIA A100-SXM4-40GB MIG 4g.20gb (0),1,,13,[CUDA memcpy Host-to-Device]
1835899374,9408,39971,,,,,,,,,,0.197,20897.858,Pinned,Device,NVIDIA A100-SXM4-40GB MIG 4g.20gb (0),1,,13,[CUDA memcpy Host-to-Device]
1835914478,6080,39972,273,1,1,8,4,1,39,0.002,0.000,,,,,NVIDIA A100-SXM4-40GB MIG 4g.20gb (0),1,,13,"void channel_eq::eqMmseCoefCompLowMimoKernel<float, float, float, (unsigned int)4, (unsigned int)1, (unsigned int)4>(const channel_eq::_puschRxChEqStatDescr *, channel_eq::_puschRxChEqCoefCompDynDescr)"
1835921966,6111,39973,273,1,1,12,11,1,51,0.002,0.000,,,,,NVIDIA A100-SXM4-40GB MIG 4g.20gb (0),1,,13,"void channel_eq::eqMmseSoftDemapKernel<float, __half, __half, float, (unsigned int)4, (unsigned short)16383>(channel_eq::_puschRxChEqStatDescr *, channel_eq::_puschRxChEqSoftDemapDynDescr)"
1835929197,282269,39974,1,1,1,32,32,1,30,0.000,0.000,,,,,NVIDIA A100-SXM4-40GB MIG 4g.20gb (0),1,,13,"void convert_kernel<float2, __half2>(tensor_layout_any, T1 *, tensor_layout_any, const T2 *)"
1836214058,10912,39986,2253,1,1,128,1,1,16,0.000,0.000,,,,,NVIDIA A100-SXM4-40GB MIG 4g.20gb (0),1,,13,cupy_copy__float16_float16
1836226218,3104,39995,282,1,1,128,1,1,16,0.000,0.000,,,,,NVIDIA A100-SXM4-40GB MIG 4g.20gb (0),1,,13,cupy_copy__complex64_complex64
1836232746,2432,40004,26,1,1,128,1,1,16,0.000,0.000,,,,,NVIDIA A100-SXM4-40GB MIG 4g.20gb (0),1,,13,cupy_copy__float32_float32
1836237546,4672,40013,103,1,1,128,1,1,16,0.000,0.000,,,,,NVIDIA A100-SXM4-40GB MIG 4g.20gb (0),1,,13,cupy_copy__complex64_complex64
1836245706,12063,40023,1434,1,1,128,1,1,16,0.000,0.000,,,,,NVIDIA A100-SXM4-40GB MIG 4g.20gb (0),1,,13,cupy_copy__complex64_complex64
1836264297,86175,40028,1,1,1,32,32,1,30,0.000,0.000,,,,,NVIDIA A100-SXM4-40GB MIG 4g.20gb (0),1,,13,"void convert_kernel<__half2, float2>(tensor_layout_any, T1 *, tensor_layout_any, const T2 *)"
1836378376,5856,40031,,,,,,,,,,0.094,15999.997,Pinned,Device,NVIDIA A100-SXM4-40GB MIG 4g.20gb (0),1,,13,[CUDA memcpy Host-to-Device]
1836389320,599032,40032,,,,,,,,,,456.561,762001.043,Device,,NVIDIA A100-SXM4-40GB MIG 4g.20gb (0),1,,13,[CUDA memset]
1836992992,150942,40037,,,,,,,,,,1.235,8181.504,Pinned,Device,NVIDIA A100-SXM4-40GB MIG 4g.20gb (0),1,,13,[CUDA memcpy Host-to-Device]
1837153470,40224,40038,,,,,,,,,,0.197,4887.675,Pinned,Device,NVIDIA A100-SXM4-40GB MIG 4g.20gb (0),1,,13,[CUDA memcpy Host-to-Device]
1837223421,8384,40039,69,4,1,48,1,1,76,0.002,0.000,,,,,NVIDIA A100-SXM4-40GB MIG 4g.20gb (0),1,,13,"void ch_est::windowedChEstPreNoDftSOfdmKernel<float, __half, float, (unsigned int)2, (unsigned int)1, (unsigned short)4>(ch_est::puschRxChEstStatDescr_t *, ch_est::puschRxChEstDynDescr_t *)"
1837240829,7104,40040,137,2,1,24,2,1,44,0.001,0.001,,,,,NVIDIA A100-SXM4-40GB MIG 4g.20gb (0),1,,13,"void ch_est::chEstFilterNoDftSOfdmDispatchKernel<float, __half, float, (unsigned int)2>(ch_est::puschRxChEstStatDescr_t *, ch_est::puschRxChEstDynDescr_t *)"
1837258045,4672,40041,137,2,1,24,2,1,44,0.001,0.001,,,,,NVIDIA A100-SXM4-40GB MIG 4g.20gb (0),1,,13,"void ch_est::chEstFilterNoDftSOfdmDispatchKernel<float, __half, float, (unsigned int)2>(ch_est::puschRxChEstStatDescr_t *, ch_est::puschRxChEstDynDescr_t *)"
1837274749,2464,40052,103,1,1,128,1,1,16,0.000,0.000,,,,,NVIDIA A100-SXM4-40GB MIG 4g.20gb (0),1,,13,cupy_copy__complex64_complex64
1837294333,12895,40062,1434,1,1,128,1,1,16,0.000,0.000,,,,,NVIDIA A100-SXM4-40GB MIG 4g.20gb (0),1,,13,cupy_copy__complex64_complex64
1837313788,2912,40069,103,1,1,128,1,1,16,0.000,0.000,,,,,NVIDIA A100-SXM4-40GB MIG 4g.20gb (0),1,,13,cupy_copy__complex64_complex64
1837340220,86495,40076,1,1,1,32,32,1,30,0.000,0.000,,,,,NVIDIA A100-SXM4-40GB MIG 4g.20gb (0),1,,13,"void convert_kernel<__half2, float2>(tensor_layout_any, T1 *, tensor_layout_any, const T2 *)"
1837456315,14687,40079,,,,,,,,,,0.094,6379.480,Pinned,Device,NVIDIA A100-SXM4-40GB MIG 4g.20gb (0),1,,13,[CUDA memcpy Host-to-Device]
1837485242,47744,40080,,,,,,,,,,35.810,750038.774,Device,,NVIDIA A100-SXM4-40GB MIG 4g.20gb (0),1,,13,[CUDA memset]
1837536282,5823,40082,,,,,,,,,,0.000,13.739,Pinned,Device,NVIDIA A100-SXM4-40GB MIG 4g.20gb (0),1,,13,[CUDA memcpy Host-to-Device]
1837548473,12992,40083,,,,,,,,,,0.197,15132.918,Pinned,Device,NVIDIA A100-SXM4-40GB MIG 4g.20gb (0),1,,13,[CUDA memcpy Host-to-Device]
1837571641,12896,40084,273,1,1,48,1,1,40,0.000,0.001,,,,,NVIDIA A100-SXM4-40GB MIG 4g.20gb (0),1,,13,"void pusch_noise_intf_est::noiseIntfEstNoDftSOfdmKernel<float, __half, float, float, (unsigned int)2, (unsigned int)1, (unsigned char)4, (unsigned char)4>(pusch_noise_intf_est::puschRxNoiseIntfEstDynDescr)"
1837589049,3296,40095,35,1,1,128,1,1,16,0.000,0.000,,,,,NVIDIA A100-SXM4-40GB MIG 4g.20gb (0),1,,13,cupy_copy__complex64_complex64
1837596729,1888,40104,1,1,1,1,1,1,18,0.000,0.000,,,,,NVIDIA A100-SXM4-40GB MIG 4g.20gb (0),1,,13,cupy_copy__float32_float32
1837610937,4544,40110,,,,,,,,,,0.000,0.880,Device,Pageable,NVIDIA A100-SXM4-40GB MIG 4g.20gb (0),1,,7,[CUDA memcpy Device-to-Host]
1837674840,12736,40121,1434,1,1,128,1,1,16,0.000,0.000,,,,,NVIDIA A100-SXM4-40GB MIG 4g.20gb (0),1,,13,cupy_copy__complex64_complex64
1837701431,2880,40128,103,1,1,128,1,1,16,0.000,0.000,,,,,NVIDIA A100-SXM4-40GB MIG 4g.20gb (0),1,,13,cupy_copy__complex64_complex64
1837722967,2496,40135,35,1,1,128,1,1,16,0.000,0.000,,,,,NVIDIA A100-SXM4-40GB MIG 4g.20gb (0),1,,13,cupy_copy__complex64_complex64
1837739159,2016,40142,1,1,1,1,1,1,18,0.000,0.000,,,,,NVIDIA A100-SXM4-40GB MIG 4g.20gb (0),1,,13,cupy_copy__float32_float32
1837874325,82559,40153,1,1,1,32,32,1,30,0.000,0.000,,,,,NVIDIA A100-SXM4-40GB MIG 4g.20gb (0),1,,13,"void convert_kernel<__half2, float2>(tensor_layout_any, T1 *, tensor_layout_any, const T2 *)"
1837987412,5760,40156,,,,,,,,,,0.094,16266.656,Pinned,Device,NVIDIA A100-SXM4-40GB MIG 4g.20gb (0),1,,13,[CUDA memcpy Host-to-Device]
1838001812,3392,40157,,,,,,,,,,1.547,455961.768,Device,,NVIDIA A100-SXM4-40GB MIG 4g.20gb (0),1,,13,[CUDA memset]
1838008756,3360,40162,,,,,,,,,,0.031,9314.284,Pinned,Device,NVIDIA A100-SXM4-40GB MIG 4g.20gb (0),1,,13,[CUDA memcpy Host-to-Device]
1838014740,9407,40163,,,,,,,,,,0.197,20900.020,Pinned,Device,NVIDIA A100-SXM4-40GB MIG 4g.20gb (0),1,,13,[CUDA memcpy Host-to-Device]
1838028595,6048,40164,273,1,1,8,4,1,39,0.002,0.000,,,,,NVIDIA A100-SXM4-40GB MIG 4g.20gb (0),1,,13,"void channel_eq::eqMmseCoefCompLowMimoKernel<float, float, float, (unsigned int)4, (unsigned int)1, (unsigned int)4>(const channel_eq::_puschRxChEqStatDescr *, channel_eq::_puschRxChEqCoefCompDynDescr)"
1838036211,6048,40165,273,1,1,12,11,1,51,0.002,0.000,,,,,NVIDIA A100-SXM4-40GB MIG 4g.20gb (0),1,,13,"void channel_eq::eqMmseSoftDemapKernel<float, __half, __half, float, (unsigned int)4, (unsigned short)16383>(channel_eq::_puschRxChEqStatDescr *, channel_eq::_puschRxChEqSoftDemapDynDescr)"
1838043667,282557,40166,1,1,1,32,32,1,30,0.000,0.000,,,,,NVIDIA A100-SXM4-40GB MIG 4g.20gb (0),1,,13,"void convert_kernel<float2, __half2>(tensor_layout_any, T1 *, tensor_layout_any, const T2 *)"
1838327184,10976,40178,2253,1,1,128,1,1,16,0.000,0.000,,,,,NVIDIA A100-SXM4-40GB MIG 4g.20gb (0),1,,13,cupy_copy__float16_float16
1838339760,3744,40187,282,1,1,128,1,1,16,0.000,0.000,,,,,NVIDIA A100-SXM4-40GB MIG 4g.20gb (0),1,,13,cupy_copy__complex64_complex64
1838345072,2015,40196,26,1,1,128,1,1,16,0.000,0.000,,,,,NVIDIA A100-SXM4-40GB MIG 4g.20gb (0),1,,13,cupy_copy__float32_float32
1838349455,4512,40205,103,1,1,128,1,1,16,0.000,0.000,,,,,NVIDIA A100-SXM4-40GB MIG 4g.20gb (0),1,,13,cupy_copy__complex64_complex64
1838356879,12256,40215,1434,1,1,128,1,1,16,0.000,0.000,,,,,NVIDIA A100-SXM4-40GB MIG 4g.20gb (0),1,,13,cupy_copy__complex64_complex64
1838385231,90527,40220,1,1,1,32,32,1,30,0.000,0.000,,,,,NVIDIA A100-SXM4-40GB MIG 4g.20gb (0),1,,13,"void convert_kernel<__half2, float2>(tensor_layout_any, T1 *, tensor_layout_any, const T2 *)"
1838502382,5695,40223,,,,,,,,,,0.094,16452.268,Pinned,Device,NVIDIA A100-SXM4-40GB MIG 4g.20gb (0),1,,13,[CUDA memcpy Host-to-Device]
1838512621,596537,40224,,,,,,,,,,456.561,765196.973,Device,,NVIDIA A100-SXM4-40GB MIG 4g.20gb (0),1,,13,[CUDA memset]
1839117062,125822,40229,,,,,,,,,,1.235,9814.100,Pinned,Device,NVIDIA A100-SXM4-40GB MIG 4g.20gb (0),1,,13,[CUDA memcpy Host-to-Device]
1839255780,40320,40230,,,,,,,,,,0.197,4876.075,Pinned,Device,NVIDIA A100-SXM4-40GB MIG 4g.20gb (0),1,,13,[CUDA memcpy Host-to-Device]
1839326147,7936,40231,69,4,1,48,1,1,76,0.002,0.000,,,,,NVIDIA A100-SXM4-40GB MIG 4g.20gb (0),1,,13,"void ch_est::windowedChEstPreNoDftSOfdmKernel<float, __half, float, (unsigned int)2, (unsigned int)1, (unsigned short)4>(ch_est::puschRxChEstStatDescr_t *, ch_est::puschRxChEstDynDescr_t *)"
1839345411,6784,40232,137,2,1,24,2,1,44,0.001,0.001,,,,,NVIDIA A100-SXM4-40GB MIG 4g.20gb (0),1,,13,"void ch_est::chEstFilterNoDftSOfdmDispatchKernel<float, __half, float, (unsigned int)2>(ch_est::puschRxChEstStatDescr_t *, ch_est::puschRxChEstDynDescr_t *)"
1839362051,4768,40233,137,2,1,24,2,1,44,0.001,0.001,,,,,NVIDIA A100-SXM4-40GB MIG 4g.20gb (0),1,,13,"void ch_est::chEstFilterNoDftSOfdmDispatchKernel<float, __half, float, (unsigned int)2>(ch_est::puschRxChEstStatDescr_t *, ch_est::puschRxChEstDynDescr_t *)"
1839379683,2656,40244,103,1,1,128,1,1,16,0.000,0.000,,,,,NVIDIA A100-SXM4-40GB MIG 4g.20gb (0),1,,13,cupy_copy__complex64_complex64
1839396258,12480,40254,1434,1,1,128,1,1,16,0.000,0.000,,,,,NVIDIA A100-SXM4-40GB MIG 4g.20gb (0),1,,13,cupy_copy__complex64_complex64
1839417762,2880,40261,103,1,1,128,1,1,16,0.000,0.000,,,,,NVIDIA A100-SXM4-40GB MIG 4g.20gb (0),1,,13,cupy_copy__complex64_complex64
1839441186,87263,40268,1,1,1,32,32,1,30,0.000,0.000,,,,,NVIDIA A100-SXM4-40GB MIG 4g.20gb (0),1,,13,"void convert_kernel<__half2, float2>(tensor_layout_any, T1 *, tensor_layout_any, const T2 *)"
1839561184,26272,40271,,,,,,,,,,0.094,3566.351,Pinned,Device,NVIDIA A100-SXM4-40GB MIG 4g.20gb (0),1,,13,[CUDA memcpy Host-to-Device]
1839618048,47071,40272,,,,,,,,,,35.810,760745.940,Device,,NVIDIA A100-SXM4-40GB MIG 4g.20gb (0),1,,13,[CUDA memset]
1839672063,14016,40274,,,,,,,,,,0.000,5.708,Pinned,Device,NVIDIA A100-SXM4-40GB MIG 4g.20gb (0),1,,13,[CUDA memcpy Host-to-Device]
1839699167,36959,40275,,,,,,,,,,0.197,5319.623,Pinned,Device,NVIDIA A100-SXM4-40GB MIG 4g.20gb (0),1,,13,[CUDA memcpy Host-to-Device]
1839762846,9760,40276,273,1,1,48,1,1,40,0.000,0.001,,,,,NVIDIA A100-SXM4-40GB MIG 4g.20gb (0),1,,13,"void pusch_noise_intf_est::noiseIntfEstNoDftSOfdmKernel<float, __half, float, float, (unsigned int)2, (unsigned int)1, (unsigned char)4, (unsigned char)4>(pusch_noise_intf_est::puschRxNoiseIntfEstDynDescr)"
1839779934,2784,40287,35,1,1,128,1,1,16,0.000,0.000,,,,,NVIDIA A100-SXM4-40GB MIG 4g.20gb (0),1,,13,cupy_copy__complex64_complex64
1839796734,1760,40296,1,1,1,1,1,1,18,0.000,0.000,,,,,NVIDIA A100-SXM4-40GB MIG 4g.20gb (0),1,,13,cupy_copy__float32_float32
1839802109,6656,40302,,,,,,,,,,0.000,0.601,Device,Pageable,NVIDIA A100-SXM4-40GB MIG 4g.20gb (0),1,,7,[CUDA memcpy Device-to-Host]
1839887836,13088,40313,1434,1,1,128,1,1,16,0.000,0.000,,,,,NVIDIA A100-SXM4-40GB MIG 4g.20gb (0),1,,13,cupy_copy__complex64_complex64
1839915708,3488,40320,103,1,1,128,1,1,16,0.000,0.000,,,,,NVIDIA A100-SXM4-40GB MIG 4g.20gb (0),1,,13,cupy_copy__complex64_complex64
1839934172,2464,40327,35,1,1,128,1,1,16,0.000,0.000,,,,,NVIDIA A100-SXM4-40GB MIG 4g.20gb (0),1,,13,cupy_copy__complex64_complex64
1839954108,1920,40334,1,1,1,1,1,1,18,0.000,0.000,,,,,NVIDIA A100-SXM4-40GB MIG 4g.20gb (0),1,,13,cupy_copy__float32_float32
1840077082,81535,40345,1,1,1,32,32,1,30,0.000,0.000,,,,,NVIDIA A100-SXM4-40GB MIG 4g.20gb (0),1,,13,"void convert_kernel<__half2, float2>(tensor_layout_any, T1 *, tensor_layout_any, const T2 *)"
1840186297,5728,40348,,,,,,,,,,0.094,16357.541,Pinned,Device,NVIDIA A100-SXM4-40GB MIG 4g.20gb (0),1,,13,[CUDA memcpy Host-to-Device]
1840200953,3359,40349,,,,,,,,,,1.547,460440.791,Device,,NVIDIA A100-SXM4-40GB MIG 4g.20gb (0),1,,13,[CUDA memset]
1840208088,3616,40354,,,,,,,,,,0.031,8654.846,Pinned,Device,NVIDIA A100-SXM4-40GB MIG 4g.20gb (0),1,,13,[CUDA memcpy Host-to-Device]
1840214136,9888,40355,,,,,,,,,,0.197,19883.360,Pinned,Device,NVIDIA A100-SXM4-40GB MIG 4g.20gb (0),1,,13,[CUDA memcpy Host-to-Device]
1840230776,6784,40356,273,1,1,8,4,1,39,0.002,0.000,,,,,NVIDIA A100-SXM4-40GB MIG 4g.20gb (0),1,,13,"void channel_eq::eqMmseCoefCompLowMimoKernel<float, float, float, (unsigned int)4, (unsigned int)1, (unsigned int)4>(const channel_eq::_puschRxChEqStatDescr *, channel_eq::_puschRxChEqCoefCompDynDescr)"
1840240120,8256,40357,273,1,1,12,11,1,51,0.002,0.000,,,,,NVIDIA A100-SXM4-40GB MIG 4g.20gb (0),1,,13,"void channel_eq::eqMmseSoftDemapKernel<float, __half, __half, float, (unsigned int)4, (unsigned short)16383>(channel_eq::_puschRxChEqStatDescr *, channel_eq::_puschRxChEqSoftDemapDynDescr)"
1840250872,294940,40358,1,1,1,32,32,1,30,0.000,0.000,,,,,NVIDIA A100-SXM4-40GB MIG 4g.20gb (0),1,,13,"void convert_kernel<float2, __half2>(tensor_layout_any, T1 *, tensor_layout_any, const T2 *)"
1840546804,11200,40370,2253,1,1,128,1,1,16,0.000,0.000,,,,,NVIDIA A100-SXM4-40GB MIG 4g.20gb (0),1,,13,cupy_copy__float16_float16
1840560212,2816,40379,282,1,1,128,1,1,16,0.000,0.000,,,,,NVIDIA A100-SXM4-40GB MIG 4g.20gb (0),1,,13,cupy_copy__complex64_complex64
1840564180,2080,40388,26,1,1,128,1,1,16,0.000,0.000,,,,,NVIDIA A100-SXM4-40GB MIG 4g.20gb (0),1,,13,cupy_copy__float32_float32
1840569780,4544,40397,103,1,1,128,1,1,16,0.000,0.000,,,,,NVIDIA A100-SXM4-40GB MIG 4g.20gb (0),1,,13,cupy_copy__complex64_complex64
1840576692,12288,40407,1434,1,1,128,1,1,16,0.000,0.000,,,,,NVIDIA A100-SXM4-40GB MIG 4g.20gb (0),1,,13,cupy_copy__complex64_complex64
1840592564,84959,40412,1,1,1,32,32,1,30,0.000,0.000,,,,,NVIDIA A100-SXM4-40GB MIG 4g.20gb (0),1,,13,"void convert_kernel<__half2, float2>(tensor_layout_any, T1 *, tensor_layout_any, const T2 *)"
1840704722,5728,40415,,,,,,,,,,0.094,16357.541,Pinned,Device,NVIDIA A100-SXM4-40GB MIG 4g.20gb (0),1,,13,[CUDA memcpy Host-to-Device]
1840714482,599993,40416,,,,,,,,,,456.561,760631.359,Device,,NVIDIA A100-SXM4-40GB MIG 4g.20gb (0),1,,13,[CUDA memset]
1841322731,74751,40421,,,,,,,,,,1.235,16519.846,Pinned,Device,NVIDIA A100-SXM4-40GB MIG 4g.20gb (0),1,,13,[CUDA memcpy Host-to-Device]
1841402474,11487,40422,,,,,,,,,,0.197,17115.513,Pinned,Device,NVIDIA A100-SXM4-40GB MIG 4g.20gb (0),1,,13,[CUDA memcpy Host-to-Device]
1841419081,8128,40423,69,4,1,48,1,1,76,0.002,0.000,,,,,NVIDIA A100-SXM4-40GB MIG 4g.20gb (0),1,,13,"void ch_est::windowedChEstPreNoDftSOfdmKernel<float, __half, float, (unsigned int)2, (unsigned int)1, (unsigned short)4>(ch_est::puschRxChEstStatDescr_t *, ch_est::puschRxChEstDynDescr_t *)"
1841428873,7104,40424,137,2,1,24,2,1,44,0.001,0.001,,,,,NVIDIA A100-SXM4-40GB MIG 4g.20gb (0),1,,13,"void ch_est::chEstFilterNoDftSOfdmDispatchKernel<float, __half, float, (unsigned int)2>(ch_est::puschRxChEstStatDescr_t *, ch_est::puschRxChEstDynDescr_t *)"
1841437769,6624,40425,137,2,1,24,2,1,44,0.001,0.001,,,,,NVIDIA A100-SXM4-40GB MIG 4g.20gb (0),1,,13,"void ch_est::chEstFilterNoDftSOfdmDispatchKernel<float, __half, float, (unsigned int)2>(ch_est::puschRxChEstStatDescr_t *, ch_est::puschRxChEstDynDescr_t *)"
1841446825,2784,40436,103,1,1,128,1,1,16,0.000,0.000,,,,,NVIDIA A100-SXM4-40GB MIG 4g.20gb (0),1,,13,cupy_copy__complex64_complex64
1841450729,12672,40446,1434,1,1,128,1,1,16,0.000,0.000,,,,,NVIDIA A100-SXM4-40GB MIG 4g.20gb (0),1,,13,cupy_copy__complex64_complex64
1841465449,3072,40453,103,1,1,128,1,1,16,0.000,0.000,,,,,NVIDIA A100-SXM4-40GB MIG 4g.20gb (0),1,,13,cupy_copy__complex64_complex64
1841474057,82719,40460,1,1,1,32,32,1,30,0.000,0.000,,,,,NVIDIA A100-SXM4-40GB MIG 4g.20gb (0),1,,13,"void convert_kernel<__half2, float2>(tensor_layout_any, T1 *, tensor_layout_any, const T2 *)"
1841583751,5408,40463,,,,,,,,,,0.094,17325.421,Pinned,Device,NVIDIA A100-SXM4-40GB MIG 4g.20gb (0),1,,13,[CUDA memcpy Host-to-Device]
1841596103,47008,40464,,,,,,,,,,35.810,761748.618,Device,,NVIDIA A100-SXM4-40GB MIG 4g.20gb (0),1,,13,[CUDA memset]
1841648039,3808,40466,,,,,,,,,,0.000,21.008,Pinned,Device,NVIDIA A100-SXM4-40GB MIG 4g.20gb (0),1,,13,[CUDA memcpy Host-to-Device]
1841656742,11264,40467,,,,,,,,,,0.197,17454.465,Pinned,Device,NVIDIA A100-SXM4-40GB MIG 4g.20gb (0),1,,13,[CUDA memcpy Host-to-Device]
1841676646,10464,40468,273,1,1,48,1,1,40,0.000,0.001,,,,,NVIDIA A100-SXM4-40GB MIG 4g.20gb (0),1,,13,"void pusch_noise_intf_est::noiseIntfEstNoDftSOfdmKernel<float, __half, float, float, (unsigned int)2, (unsigned int)1, (unsigned char)4, (unsigned char)4>(pusch_noise_intf_est::puschRxNoiseIntfEstDynDescr)"
1841689862,2880,40479,35,1,1,128,1,1,16,0.000,0.000,,,,,NVIDIA A100-SXM4-40GB MIG 4g.20gb (0),1,,13,cupy_copy__complex64_complex64
1841708582,1952,40488,1,1,1,1,1,1,18,0.000,0.000,,,,,NVIDIA A100-SXM4-40GB MIG 4g.20gb (0),1,,13,cupy_copy__float32_float32
1841741573,1600,40494,,,,,,,,,,0.000,2.500,Device,Pageable,NVIDIA A100-SXM4-40GB MIG 4g.20gb (0),1,,7,[CUDA memcpy Device-to-Host]
1841801349,12704,40505,1434,1,1,128,1,1,16,0.000,0.000,,,,,NVIDIA A100-SXM4-40GB MIG 4g.20gb (0),1,,13,cupy_copy__complex64_complex64
1841828516,2752,40512,103,1,1,128,1,1,16,0.000,0.000,,,,,NVIDIA A100-SXM4-40GB MIG 4g.20gb (0),1,,13,cupy_copy__complex64_complex64
1841848100,2816,40519,35,1,1,128,1,1,16,0.000,0.000,,,,,NVIDIA A100-SXM4-40GB MIG 4g.20gb (0),1,,13,cupy_copy__complex64_complex64
1841866532,1792,40526,1,1,1,1,1,1,18,0.000,0.000,,,,,NVIDIA A100-SXM4-40GB MIG 4g.20gb (0),1,,13,cupy_copy__float32_float32
1841998370,86815,40537,1,1,1,32,32,1,30,0.000,0.000,,,,,NVIDIA A100-SXM4-40GB MIG 4g.20gb (0),1,,13,"void convert_kernel<__half2, float2>(tensor_layout_any, T1 *, tensor_layout_any, const T2 *)"
1842111873,5888,40540,,,,,,,,,,0.094,15912.954,Pinned,Device,NVIDIA A100-SXM4-40GB MIG 4g.20gb (0),1,,13,[CUDA memcpy Host-to-Device]
1842127553,3104,40541,,,,,,,,,,1.547,498266.574,Device,,NVIDIA A100-SXM4-40GB MIG 4g.20gb (0),1,,13,[CUDA memset]
1842132513,3520,40546,,,,,,,,,,0.031,8890.881,Pinned,Device,NVIDIA A100-SXM4-40GB MIG 4g.20gb (0),1,,13,[CUDA memcpy Host-to-Device]
1842138657,9503,40547,,,,,,,,,,0.197,20688.863,Pinned,Device,NVIDIA A100-SXM4-40GB MIG 4g.20gb (0),1,,13,[CUDA memcpy Host-to-Device]
1842152800,6400,40548,273,1,1,8,4,1,39,0.002,0.000,,,,,NVIDIA A100-SXM4-40GB MIG 4g.20gb (0),1,,13,"void channel_eq::eqMmseCoefCompLowMimoKernel<float, float, float, (unsigned int)4, (unsigned int)1, (unsigned int)4>(const channel_eq::_puschRxChEqStatDescr *, channel_eq::_puschRxChEqCoefCompDynDescr)"
1842161504,6112,40549,273,1,1,12,11,1,51,0.002,0.000,,,,,NVIDIA A100-SXM4-40GB MIG 4g.20gb (0),1,,13,"void channel_eq::eqMmseSoftDemapKernel<float, __half, __half, float, (unsigned int)4, (unsigned short)16383>(channel_eq::_puschRxChEqStatDescr *, channel_eq::_puschRxChEqSoftDemapDynDescr)"
1842168672,282013,40550,1,1,1,32,32,1,30,0.000,0.000,,,,,NVIDIA A100-SXM4-40GB MIG 4g.20gb (0),1,,13,"void convert_kernel<float2, __half2>(tensor_layout_any, T1 *, tensor_layout_any, const T2 *)"
1842453757,11039,40562,2253,1,1,128,1,1,16,0.000,0.000,,,,,NVIDIA A100-SXM4-40GB MIG 4g.20gb (0),1,,13,cupy_copy__float16_float16
1842467740,3552,40571,282,1,1,128,1,1,16,0.000,0.000,,,,,NVIDIA A100-SXM4-40GB MIG 4g.20gb (0),1,,13,cupy_copy__complex64_complex64
1842472508,2016,40580,26,1,1,128,1,1,16,0.000,0.000,,,,,NVIDIA A100-SXM4-40GB MIG 4g.20gb (0),1,,13,cupy_copy__float32_float32
1842478076,2976,40589,103,1,1,128,1,1,16,0.000,0.000,,,,,NVIDIA A100-SXM4-40GB MIG 4g.20gb (0),1,,13,cupy_copy__complex64_complex64
1842484092,12000,40599,1434,1,1,128,1,1,16,0.000,0.000,,,,,NVIDIA A100-SXM4-40GB MIG 4g.20gb (0),1,,13,cupy_copy__complex64_complex64
1842507388,87391,40604,1,1,1,32,32,1,30,0.000,0.000,,,,,NVIDIA A100-SXM4-40GB MIG 4g.20gb (0),1,,13,"void convert_kernel<__half2, float2>(tensor_layout_any, T1 *, tensor_layout_any, const T2 *)"
1842621851,5663,40607,,,,,,,,,,0.094,16545.214,Pinned,Device,NVIDIA A100-SXM4-40GB MIG 4g.20gb (0),1,,13,[CUDA memcpy Host-to-Device]
1842631898,598873,40608,,,,,,,,,,456.561,762001.043,Device,,NVIDIA A100-SXM4-40GB MIG 4g.20gb (0),1,,13,[CUDA memset]
1843236307,140990,40613,,,,,,,,,,1.235,8758.223,Pinned,Device,NVIDIA A100-SXM4-40GB MIG 4g.20gb (0),1,,13,[CUDA memcpy Host-to-Device]
1843390609,40767,40614,,,,,,,,,,0.197,4822.598,Pinned,Device,NVIDIA A100-SXM4-40GB MIG 4g.20gb (0),1,,13,[CUDA memcpy Host-to-Device]
1843449008,8032,40615,69,4,1,48,1,1,76,0.002,0.000,,,,,NVIDIA A100-SXM4-40GB MIG 4g.20gb (0),1,,13,"void ch_est::windowedChEstPreNoDftSOfdmKernel<float, __half, float, (unsigned int)2, (unsigned int)1, (unsigned short)4>(ch_est::puschRxChEstStatDescr_t *, ch_est::puschRxChEstDynDescr_t *)"
1843460208,6304,40616,137,2,1,24,2,1,44,0.001,0.001,,,,,NVIDIA A100-SXM4-40GB MIG 4g.20gb (0),1,,13,"void ch_est::chEstFilterNoDftSOfdmDispatchKernel<float, __half, float, (unsigned int)2>(ch_est::puschRxChEstStatDescr_t *, ch_est::puschRxChEstDynDescr_t *)"
1843470800,4704,40617,137,2,1,24,2,1,44,0.001,0.001,,,,,NVIDIA A100-SXM4-40GB MIG 4g.20gb (0),1,,13,"void ch_est::chEstFilterNoDftSOfdmDispatchKernel<float, __half, float, (unsigned int)2>(ch_est::puschRxChEstStatDescr_t *, ch_est::puschRxChEstDynDescr_t *)"
1843483440,2784,40628,103,1,1,128,1,1,16,0.000,0.000,,,,,NVIDIA A100-SXM4-40GB MIG 4g.20gb (0),1,,13,cupy_copy__complex64_complex64
1843491984,12896,40638,1434,1,1,128,1,1,16,0.000,0.000,,,,,NVIDIA A100-SXM4-40GB MIG 4g.20gb (0),1,,13,cupy_copy__complex64_complex64
1843513359,2496,40645,103,1,1,128,1,1,16,0.000,0.000,,,,,NVIDIA A100-SXM4-40GB MIG 4g.20gb (0),1,,13,cupy_copy__complex64_complex64
1843525647,82111,40652,1,1,1,32,32,1,30,0.000,0.000,,,,,NVIDIA A100-SXM4-40GB MIG 4g.20gb (0),1,,13,"void convert_kernel<__half2, float2>(tensor_layout_any, T1 *, tensor_layout_any, const T2 *)"
1843638062,5792,40655,,,,,,,,,,0.094,16176.708,Pinned,Device,NVIDIA A100-SXM4-40GB MIG 4g.20gb (0),1,,13,[CUDA memcpy Host-to-Device]
1843650158,46559,40656,,,,,,,,,,35.810,769125.462,Device,,NVIDIA A100-SXM4-40GB MIG 4g.20gb (0),1,,13,[CUDA memset]
1843703181,3744,40658,,,,,,,,,,0.000,21.368,Pinned,Device,NVIDIA A100-SXM4-40GB MIG 4g.20gb (0),1,,13,[CUDA memcpy Host-to-Device]
1843710701,13984,40659,,,,,,,,,,0.197,14059.438,Pinned,Device,NVIDIA A100-SXM4-40GB MIG 4g.20gb (0),1,,13,[CUDA memcpy Host-to-Device]
1843735181,9088,40660,273,1,1,48,1,1,40,0.000,0.001,,,,,NVIDIA A100-SXM4-40GB MIG 4g.20gb (0),1,,13,"void pusch_noise_intf_est::noiseIntfEstNoDftSOfdmKernel<float, __half, float, float, (unsigned int)2, (unsigned int)1, (unsigned char)4, (unsigned char)4>(pusch_noise_intf_est::puschRxNoiseIntfEstDynDescr)"
1843749869,3008,40671,35,1,1,128,1,1,16,0.000,0.000,,,,,NVIDIA A100-SXM4-40GB MIG 4g.20gb (0),1,,13,cupy_copy__complex64_complex64
1843762828,1984,40680,1,1,1,1,1,1,18,0.000,0.000,,,,,NVIDIA A100-SXM4-40GB MIG 4g.20gb (0),1,,13,cupy_copy__float32_float32
1843794668,2016,40686,,,,,,,,,,0.000,1.984,Device,Pageable,NVIDIA A100-SXM4-40GB MIG 4g.20gb (0),1,,7,[CUDA memcpy Device-to-Host]
1843854763,13024,40697,1434,1,1,128,1,1,16,0.000,0.000,,,,,NVIDIA A100-SXM4-40GB MIG 4g.20gb (0),1,,13,cupy_copy__complex64_complex64
1843881547,2720,40704,103,1,1,128,1,1,16,0.000,0.000,,,,,NVIDIA A100-SXM4-40GB MIG 4g.20gb (0),1,,13,cupy_copy__complex64_complex64
1843903147,2208,40711,35,1,1,128,1,1,16,0.000,0.000,,,,,NVIDIA A100-SXM4-40GB MIG 4g.20gb (0),1,,13,cupy_copy__complex64_complex64
1843921066,1792,40718,1,1,1,1,1,1,18,0.000,0.000,,,,,NVIDIA A100-SXM4-40GB MIG 4g.20gb (0),1,,13,cupy_copy__float32_float32
1844052969,82751,40729,1,1,1,32,32,1,30,0.000,0.000,,,,,NVIDIA A100-SXM4-40GB MIG 4g.20gb (0),1,,13,"void convert_kernel<__half2, float2>(tensor_layout_any, T1 *, tensor_layout_any, const T2 *)"
1844163335,5824,40732,,,,,,,,,,0.094,16087.884,Pinned,Device,NVIDIA A100-SXM4-40GB MIG 4g.20gb (0),1,,13,[CUDA memcpy Host-to-Device]
1844177447,3424,40733,,,,,,,,,,1.547,451700.819,Device,,NVIDIA A100-SXM4-40GB MIG 4g.20gb (0),1,,13,[CUDA memset]
1844184487,3168,40738,,,,,,,,,,0.031,9878.770,Pinned,Device,NVIDIA A100-SXM4-40GB MIG 4g.20gb (0),1,,13,[CUDA memcpy Host-to-Device]
1844190087,9632,40739,,,,,,,,,,0.197,20411.843,Pinned,Device,NVIDIA A100-SXM4-40GB MIG 4g.20gb (0),1,,13,[CUDA memcpy Host-to-Device]
1844205479,6304,40740,273,1,1,8,4,1,39,0.002,0.000,,,,,NVIDIA A100-SXM4-40GB MIG 4g.20gb (0),1,,13,"void channel_eq::eqMmseCoefCompLowMimoKernel<float, float, float, (unsigned int)4, (unsigned int)1, (unsigned int)4>(const channel_eq::_puschRxChEqStatDescr *, channel_eq::_puschRxChEqCoefCompDynDescr)"
1844212743,5824,40741,273,1,1,12,11,1,51,0.002,0.000,,,,,NVIDIA A100-SXM4-40GB MIG 4g.20gb (0),1,,13,"void channel_eq::eqMmseSoftDemapKernel<float, __half, __half, float, (unsigned int)4, (unsigned short)16383>(channel_eq::_puschRxChEqStatDescr *, channel_eq::_puschRxChEqSoftDemapDynDescr)"
1844219911,282460,40742,1,1,1,32,32,1,30,0.000,0.000,,,,,NVIDIA A100-SXM4-40GB MIG 4g.20gb (0),1,,13,"void convert_kernel<float2, __half2>(tensor_layout_any, T1 *, tensor_layout_any, const T2 *)"
1844504483,11008,40754,2253,1,1,128,1,1,16,0.000,0.000,,,,,NVIDIA A100-SXM4-40GB MIG 4g.20gb (0),1,,13,cupy_copy__float16_float16
1844517123,3552,40763,282,1,1,128,1,1,16,0.000,0.000,,,,,NVIDIA A100-SXM4-40GB MIG 4g.20gb (0),1,,13,cupy_copy__complex64_complex64
1844524003,2048,40772,26,1,1,128,1,1,16,0.000,0.000,,,,,NVIDIA A100-SXM4-40GB MIG 4g.20gb (0),1,,13,cupy_copy__float32_float32
1844528707,2912,40781,103,1,1,128,1,1,16,0.000,0.000,,,,,NVIDIA A100-SXM4-40GB MIG 4g.20gb (0),1,,13,cupy_copy__complex64_complex64
1844533443,12192,40791,1434,1,1,128,1,1,16,0.000,0.000,,,,,NVIDIA A100-SXM4-40GB MIG 4g.20gb (0),1,,13,cupy_copy__complex64_complex64
1844557283,82143,40796,1,1,1,32,32,1,30,0.000,0.000,,,,,NVIDIA A100-SXM4-40GB MIG 4g.20gb (0),1,,13,"void convert_kernel<__half2, float2>(tensor_layout_any, T1 *, tensor_layout_any, const T2 *)"
1844666881,6144,40799,,,,,,,,,,0.094,15249.961,Pinned,Device,NVIDIA A100-SXM4-40GB MIG 4g.20gb (0),1,,13,[CUDA memcpy Host-to-Device]
1844680385,598073,40800,,,,,,,,,,456.561,763370.728,Device,,NVIDIA A100-SXM4-40GB MIG 4g.20gb (0),1,,13,[CUDA memset]
1845280794,160350,40805,,,,,,,,,,1.235,7701.111,Pinned,Device,NVIDIA A100-SXM4-40GB MIG 4g.20gb (0),1,,13,[CUDA memcpy Host-to-Device]
1845451031,39904,40806,,,,,,,,,,0.197,4926.996,Pinned,Device,NVIDIA A100-SXM4-40GB MIG 4g.20gb (0),1,,13,[CUDA memcpy Host-to-Device]
1845520791,8096,40807,69,4,1,48,1,1,76,0.002,0.000,,,,,NVIDIA A100-SXM4-40GB MIG 4g.20gb (0),1,,13,"void ch_est::windowedChEstPreNoDftSOfdmKernel<float, __half, float, (unsigned int)2, (unsigned int)1, (unsigned short)4>(ch_est::puschRxChEstStatDescr_t *, ch_est::puschRxChEstDynDescr_t *)"
1845538422,6848,40808,137,2,1,24,2,1,44,0.001,0.001,,,,,NVIDIA A100-SXM4-40GB MIG 4g.20gb (0),1,,13,"void ch_est::chEstFilterNoDftSOfdmDispatchKernel<float, __half, float, (unsigned int)2>(ch_est::puschRxChEstStatDescr_t *, ch_est::puschRxChEstDynDescr_t *)"
1845555862,4736,40809,137,2,1,24,2,1,44,0.001,0.001,,,,,NVIDIA A100-SXM4-40GB MIG 4g.20gb (0),1,,13,"void ch_est::chEstFilterNoDftSOfdmDispatchKernel<float, __half, float, (unsigned int)2>(ch_est::puschRxChEstStatDescr_t *, ch_est::puschRxChEstDynDescr_t *)"
1845571094,2496,40820,103,1,1,128,1,1,16,0.000,0.000,,,,,NVIDIA A100-SXM4-40GB MIG 4g.20gb (0),1,,13,cupy_copy__complex64_complex64
1845590294,12480,40830,1434,1,1,128,1,1,16,0.000,0.000,,,,,NVIDIA A100-SXM4-40GB MIG 4g.20gb (0),1,,13,cupy_copy__complex64_complex64
1845608854,2911,40837,103,1,1,128,1,1,16,0.000,0.000,,,,,NVIDIA A100-SXM4-40GB MIG 4g.20gb (0),1,,13,cupy_copy__complex64_complex64
1845633173,83903,40844,1,1,1,32,32,1,30,0.000,0.000,,,,,NVIDIA A100-SXM4-40GB MIG 4g.20gb (0),1,,13,"void convert_kernel<__half2, float2>(tensor_layout_any, T1 *, tensor_layout_any, const T2 *)"
1845748052,10304,40847,,,,,,,,,,0.094,9093.103,Pinned,Device,NVIDIA A100-SXM4-40GB MIG 4g.20gb (0),1,,13,[CUDA memcpy Host-to-Device]
1845769428,46271,40848,,,,,,,,,,35.810,773888.181,Device,,NVIDIA A100-SXM4-40GB MIG 4g.20gb (0),1,,13,[CUDA memset]
1845819315,6624,40850,,,,,,,,,,0.000,12.077,Pinned,Device,NVIDIA A100-SXM4-40GB MIG 4g.20gb (0),1,,13,[CUDA memcpy Host-to-Device]
1845828723,16064,40851,,,,,,,,,,0.197,12238.848,Pinned,Device,NVIDIA A100-SXM4-40GB MIG 4g.20gb (0),1,,13,[CUDA memcpy Host-to-Device]
1845857618,12192,40852,273,1,1,48,1,1,40,0.000,0.001,,,,,NVIDIA A100-SXM4-40GB MIG 4g.20gb (0),1,,13,"void pusch_noise_intf_est::noiseIntfEstNoDftSOfdmKernel<float, __half, float, float, (unsigned int)2, (unsigned int)1, (unsigned char)4, (unsigned char)4>(pusch_noise_intf_est::puschRxNoiseIntfEstDynDescr)"
1845874546,3104,40863,35,1,1,128,1,1,16,0.000,0.000,,,,,NVIDIA A100-SXM4-40GB MIG 4g.20gb (0),1,,13,cupy_copy__complex64_complex64
1845885106,1728,40872,1,1,1,1,1,1,18,0.000,0.000,,,,,NVIDIA A100-SXM4-40GB MIG 4g.20gb (0),1,,13,cupy_copy__float32_float32
1845906482,4160,40878,,,,,,,,,,0.000,0.962,Device,Pageable,NVIDIA A100-SXM4-40GB MIG 4g.20gb (0),1,,7,[CUDA memcpy Device-to-Host]
1845972273,12832,40889,1434,1,1,128,1,1,16,0.000,0.000,,,,,NVIDIA A100-SXM4-40GB MIG 4g.20gb (0),1,,13,cupy_copy__complex64_complex64
1845998801,3456,40896,103,1,1,128,1,1,16,0.000,0.000,,,,,NVIDIA A100-SXM4-40GB MIG 4g.20gb (0),1,,13,cupy_copy__complex64_complex64
1846019472,2592,40903,35,1,1,128,1,1,16,0.000,0.000,,,,,NVIDIA A100-SXM4-40GB MIG 4g.20gb (0),1,,13,cupy_copy__complex64_complex64
1846037136,1792,40910,1,1,1,1,1,1,18,0.000,0.000,,,,,NVIDIA A100-SXM4-40GB MIG 4g.20gb (0),1,,13,cupy_copy__float32_float32
1846168687,82143,40921,1,1,1,32,32,1,30,0.000,0.000,,,,,NVIDIA A100-SXM4-40GB MIG 4g.20gb (0),1,,13,"void convert_kernel<__half2, float2>(tensor_layout_any, T1 *, tensor_layout_any, const T2 *)"
1846278605,5536,40924,,,,,,,,,,0.094,16924.777,Pinned,Device,NVIDIA A100-SXM4-40GB MIG 4g.20gb (0),1,,13,[CUDA memcpy Host-to-Device]
1846292141,3392,40925,,,,,,,,,,1.547,455961.768,Device,,NVIDIA A100-SXM4-40GB MIG 4g.20gb (0),1,,13,[CUDA memset]
1846298925,3328,40930,,,,,,,,,,0.031,9403.822,Pinned,Device,NVIDIA A100-SXM4-40GB MIG 4g.20gb (0),1,,13,[CUDA memcpy Host-to-Device]
1846304749,9504,40931,,,,,,,,,,0.197,20686.701,Pinned,Device,NVIDIA A100-SXM4-40GB MIG 4g.20gb (0),1,,13,[CUDA memcpy Host-to-Device]
1846320621,6272,40932,273,1,1,8,4,1,39,0.002,0.000,,,,,NVIDIA A100-SXM4-40GB MIG 4g.20gb (0),1,,13,"void channel_eq::eqMmseCoefCompLowMimoKernel<float, float, float, (unsigned int)4, (unsigned int)1, (unsigned int)4>(const channel_eq::_puschRxChEqStatDescr *, channel_eq::_puschRxChEqCoefCompDynDescr)"
1846328461,5952,40933,273,1,1,12,11,1,51,0.002,0.000,,,,,NVIDIA A100-SXM4-40GB MIG 4g.20gb (0),1,,13,"void channel_eq::eqMmseSoftDemapKernel<float, __half, __half, float, (unsigned int)4, (unsigned short)16383>(channel_eq::_puschRxChEqStatDescr *, channel_eq::_puschRxChEqSoftDemapDynDescr)"
1846335501,283004,40934,1,1,1,32,32,1,30,0.000,0.000,,,,,NVIDIA A100-SXM4-40GB MIG 4g.20gb (0),1,,13,"void convert_kernel<float2, __half2>(tensor_layout_any, T1 *, tensor_layout_any, const T2 *)"
1846620329,10976,40946,2253,1,1,128,1,1,16,0.000,0.000,,,,,NVIDIA A100-SXM4-40GB MIG 4g.20gb (0),1,,13,cupy_copy__float16_float16
1846633353,3648,40955,282,1,1,128,1,1,16,0.000,0.000,,,,,NVIDIA A100-SXM4-40GB MIG 4g.20gb (0),1,,13,cupy_copy__complex64_complex64
1846641993,2176,40964,26,1,1,128,1,1,16,0.000,0.000,,,,,NVIDIA A100-SXM4-40GB MIG 4g.20gb (0),1,,13,cupy_copy__float32_float32
1846646313,2784,40973,103,1,1,128,1,1,16,0.000,0.000,,,,,NVIDIA A100-SXM4-40GB MIG 4g.20gb (0),1,,13,cupy_copy__complex64_complex64
1846652553,12095,40983,1434,1,1,128,1,1,16,0.000,0.000,,,,,NVIDIA A100-SXM4-40GB MIG 4g.20gb (0),1,,13,cupy_copy__complex64_complex64
1846669896,82239,40988,1,1,1,32,32,1,30,0.000,0.000,,,,,NVIDIA A100-SXM4-40GB MIG 4g.20gb (0),1,,13,"void convert_kernel<__half2, float2>(tensor_layout_any, T1 *, tensor_layout_any, const T2 *)"
1846778855,5664,40991,,,,,,,,,,0.094,16542.310,Pinned,Device,NVIDIA A100-SXM4-40GB MIG 4g.20gb (0),1,,13,[CUDA memcpy Host-to-Device]
1846789703,596024,40992,,,,,,,,,,456.561,765653.535,Device,,NVIDIA A100-SXM4-40GB MIG 4g.20gb (0),1,,13,[CUDA memset]
1847387487,147039,40997,,,,,,,,,,1.235,8397.619,Pinned,Device,NVIDIA A100-SXM4-40GB MIG 4g.20gb (0),1,,13,[CUDA memcpy Host-to-Device]
1847549981,41824,40998,,,,,,,,,,0.197,4700.701,Pinned,Device,NVIDIA A100-SXM4-40GB MIG 4g.20gb (0),1,,13,[CUDA memcpy Host-to-Device]
1847620061,8351,40999,69,4,1,48,1,1,76,0.002,0.000,,,,,NVIDIA A100-SXM4-40GB MIG 4g.20gb (0),1,,13,"void ch_est::windowedChEstPreNoDftSOfdmKernel<float, __half, float, (unsigned int)2, (unsigned int)1, (unsigned short)4>(ch_est::puschRxChEstStatDescr_t *, ch_est::puschRxChEstDynDescr_t *)"
1847637692,7072,41000,137,2,1,24,2,1,44,0.001,0.001,,,,,NVIDIA A100-SXM4-40GB MIG 4g.20gb (0),1,,13,"void ch_est::chEstFilterNoDftSOfdmDispatchKernel<float, __half, float, (unsigned int)2>(ch_est::puschRxChEstStatDescr_t *, ch_est::puschRxChEstDynDescr_t *)"
1847655100,4736,41001,137,2,1,24,2,1,44,0.001,0.001,,,,,NVIDIA A100-SXM4-40GB MIG 4g.20gb (0),1,,13,"void ch_est::chEstFilterNoDftSOfdmDispatchKernel<float, __half, float, (unsigned int)2>(ch_est::puschRxChEstStatDescr_t *, ch_est::puschRxChEstDynDescr_t *)"
1847671932,2688,41012,103,1,1,128,1,1,16,0.000,0.000,,,,,NVIDIA A100-SXM4-40GB MIG 4g.20gb (0),1,,13,cupy_copy__complex64_complex64
1847689468,12384,41022,1434,1,1,128,1,1,16,0.000,0.000,,,,,NVIDIA A100-SXM4-40GB MIG 4g.20gb (0),1,,13,cupy_copy__complex64_complex64
1847709595,2880,41029,103,1,1,128,1,1,16,0.000,0.000,,,,,NVIDIA A100-SXM4-40GB MIG 4g.20gb (0),1,,13,cupy_copy__complex64_complex64
1847734235,87775,41036,1,1,1,32,32,1,30,0.000,0.000,,,,,NVIDIA A100-SXM4-40GB MIG 4g.20gb (0),1,,13,"void convert_kernel<__half2, float2>(tensor_layout_any, T1 *, tensor_layout_any, const T2 *)"
1847856666,26559,41039,,,,,,,,,,0.094,3527.842,Pinned,Device,NVIDIA A100-SXM4-40GB MIG 4g.20gb (0),1,,13,[CUDA memcpy Host-to-Device]
1847899449,47520,41040,,,,,,,,,,35.810,753548.147,Device,,NVIDIA A100-SXM4-40GB MIG 4g.20gb (0),1,,13,[CUDA memset]
1847953816,14304,41042,,,,,,,,,,0.000,5.593,Pinned,Device,NVIDIA A100-SXM4-40GB MIG 4g.20gb (0),1,,13,[CUDA memcpy Host-to-Device]
1847977208,24672,41043,,,,,,,,,,0.197,7968.719,Pinned,Device,NVIDIA A100-SXM4-40GB MIG 4g.20gb (0),1,,13,[CUDA memcpy Host-to-Device]
1848022104,9663,41044,273,1,1,48,1,1,40,0.000,0.001,,,,,NVIDIA A100-SXM4-40GB MIG 4g.20gb (0),1,,13,"void pusch_noise_intf_est::noiseIntfEstNoDftSOfdmKernel<float, __half, float, float, (unsigned int)2, (unsigned int)1, (unsigned char)4, (unsigned char)4>(pusch_noise_intf_est::puschRxNoiseIntfEstDynDescr)"
1848037623,2912,41055,35,1,1,128,1,1,16,0.000,0.000,,,,,NVIDIA A100-SXM4-40GB MIG 4g.20gb (0),1,,13,cupy_copy__complex64_complex64
1848049239,1760,41064,1,1,1,1,1,1,18,0.000,0.000,,,,,NVIDIA A100-SXM4-40GB MIG 4g.20gb (0),1,,13,cupy_copy__float32_float32
1848057495,5376,41070,,,,,,,,,,0.000,0.744,Device,Pageable,NVIDIA A100-SXM4-40GB MIG 4g.20gb (0),1,,7,[CUDA memcpy Device-to-Host]
1848136982,12736,41081,1434,1,1,128,1,1,16,0.000,0.000,,,,,NVIDIA A100-SXM4-40GB MIG 4g.20gb (0),1,,13,cupy_copy__complex64_complex64
1848166518,3008,41088,103,1,1,128,1,1,16,0.000,0.000,,,,,NVIDIA A100-SXM4-40GB MIG 4g.20gb (0),1,,13,cupy_copy__complex64_complex64
1848187126,2496,41095,35,1,1,128,1,1,16,0.000,0.000,,,,,NVIDIA A100-SXM4-40GB MIG 4g.20gb (0),1,,13,cupy_copy__complex64_complex64
1848200501,2112,41102,1,1,1,1,1,1,18,0.000,0.000,,,,,NVIDIA A100-SXM4-40GB MIG 4g.20gb (0),1,,13,cupy_copy__float32_float32
1848329140,82463,41113,1,1,1,32,32,1,30,0.000,0.000,,,,,NVIDIA A100-SXM4-40GB MIG 4g.20gb (0),1,,13,"void convert_kernel<__half2, float2>(tensor_layout_any, T1 *, tensor_layout_any, const T2 *)"
1848439666,5664,41116,,,,,,,,,,0.094,16542.310,Pinned,Device,NVIDIA A100-SXM4-40GB MIG 4g.20gb (0),1,,13,[CUDA memcpy Host-to-Device]
1848453906,3424,41117,,,,,,,,,,1.547,451700.819,Device,,NVIDIA A100-SXM4-40GB MIG 4g.20gb (0),1,,13,[CUDA memset]
1848460946,3776,41122,,,,,,,,,,0.031,8288.120,Pinned,Device,NVIDIA A100-SXM4-40GB MIG 4g.20gb (0),1,,13,[CUDA memcpy Host-to-Device]
1848467154,9600,41123,,,,,,,,,,0.197,20479.869,Pinned,Device,NVIDIA A100-SXM4-40GB MIG 4g.20gb (0),1,,13,[CUDA memcpy Host-to-Device]
1848480978,8320,41124,273,1,1,8,4,1,39,0.002,0.000,,,,,NVIDIA A100-SXM4-40GB MIG 4g.20gb (0),1,,13,"void channel_eq::eqMmseCoefCompLowMimoKernel<float, float, float, (unsigned int)4, (unsigned int)1, (unsigned int)4>(const channel_eq::_puschRxChEqStatDescr *, channel_eq::_puschRxChEqCoefCompDynDescr)"
1848490258,6400,41125,273,1,1,12,11,1,51,0.002,0.000,,,,,NVIDIA A100-SXM4-40GB MIG 4g.20gb (0),1,,13,"void channel_eq::eqMmseSoftDemapKernel<float, __half, __half, float, (unsigned int)4, (unsigned short)16383>(channel_eq::_puschRxChEqStatDescr *, channel_eq::_puschRxChEqSoftDemapDynDescr)"
1848497714,282652,41126,1,1,1,32,32,1,30,0.000,0.000,,,,,NVIDIA A100-SXM4-40GB MIG 4g.20gb (0),1,,13,"void convert_kernel<float2, __half2>(tensor_layout_any, T1 *, tensor_layout_any, const T2 *)"
1848781390,10912,41138,2253,1,1,128,1,1,16,0.000,0.000,,,,,NVIDIA A100-SXM4-40GB MIG 4g.20gb (0),1,,13,cupy_copy__float16_float16
1848793486,3104,41147,282,1,1,128,1,1,16,0.000,0.000,,,,,NVIDIA A100-SXM4-40GB MIG 4g.20gb (0),1,,13,cupy_copy__complex64_complex64
1848797774,2176,41156,26,1,1,128,1,1,16,0.000,0.000,,,,,NVIDIA A100-SXM4-40GB MIG 4g.20gb (0),1,,13,cupy_copy__float32_float32
1848803438,3168,41165,103,1,1,128,1,1,16,0.000,0.000,,,,,NVIDIA A100-SXM4-40GB MIG 4g.20gb (0),1,,13,cupy_copy__complex64_complex64
1848809550,12096,41175,1434,1,1,128,1,1,16,0.000,0.000,,,,,NVIDIA A100-SXM4-40GB MIG 4g.20gb (0),1,,13,cupy_copy__complex64_complex64
1848832494,82495,41180,1,1,1,32,32,1,30,0.000,0.000,,,,,NVIDIA A100-SXM4-40GB MIG 4g.20gb (0),1,,13,"void convert_kernel<__half2, float2>(tensor_layout_any, T1 *, tensor_layout_any, const T2 *)"
1848941964,5568,41183,,,,,,,,,,0.094,16827.521,Pinned,Device,NVIDIA A100-SXM4-40GB MIG 4g.20gb (0),1,,13,[CUDA memcpy Host-to-Device]
1848953580,598553,41184,,,,,,,,,,456.561,762457.605,Device,,NVIDIA A100-SXM4-40GB MIG 4g.20gb (0),1,,13,[CUDA memset]
1849555397,149726,41189,,,,,,,,,,1.235,8246.956,Pinned,Device,NVIDIA A100-SXM4-40GB MIG 4g.20gb (0),1,,13,[CUDA memcpy Host-to-Device]
1849718851,34559,41190,,,,,,,,,,0.197,5689.049,Pinned,Device,NVIDIA A100-SXM4-40GB MIG 4g.20gb (0),1,,13,[CUDA memcpy Host-to-Device]
1849775906,7968,41191,69,4,1,48,1,1,76,0.002,0.000,,,,,NVIDIA A100-SXM4-40GB MIG 4g.20gb (0),1,,13,"void ch_est::windowedChEstPreNoDftSOfdmKernel<float, __half, float, (unsigned int)2, (unsigned int)1, (unsigned short)4>(ch_est::puschRxChEstStatDescr_t *, ch_est::puschRxChEstDynDescr_t *)"
1849791586,6912,41192,137,2,1,24,2,1,44,0.001,0.001,,,,,NVIDIA A100-SXM4-40GB MIG 4g.20gb (0),1,,13,"void ch_est::chEstFilterNoDftSOfdmDispatchKernel<float, __half, float, (unsigned int)2>(ch_est::puschRxChEstStatDescr_t *, ch_est::puschRxChEstDynDescr_t *)"
1849806306,4895,41193,137,2,1,24,2,1,44,0.001,0.001,,,,,NVIDIA A100-SXM4-40GB MIG 4g.20gb (0),1,,13,"void ch_est::chEstFilterNoDftSOfdmDispatchKernel<float, __half, float, (unsigned int)2>(ch_est::puschRxChEstStatDescr_t *, ch_est::puschRxChEstDynDescr_t *)"
1849816641,2592,41204,103,1,1,128,1,1,16,0.000,0.000,,,,,NVIDIA A100-SXM4-40GB MIG 4g.20gb (0),1,,13,cupy_copy__complex64_complex64
1849832833,12352,41214,1434,1,1,128,1,1,16,0.000,0.000,,,,,NVIDIA A100-SXM4-40GB MIG 4g.20gb (0),1,,13,cupy_copy__complex64_complex64
1849856417,2560,41221,103,1,1,128,1,1,16,0.000,0.000,,,,,NVIDIA A100-SXM4-40GB MIG 4g.20gb (0),1,,13,cupy_copy__complex64_complex64
1849871713,82719,41228,1,1,1,32,32,1,30,0.000,0.000,,,,,NVIDIA A100-SXM4-40GB MIG 4g.20gb (0),1,,13,"void convert_kernel<__half2, float2>(tensor_layout_any, T1 *, tensor_layout_any, const T2 *)"
1849985119,25248,41231,,,,,,,,,,0.094,3711.017,Pinned,Device,NVIDIA A100-SXM4-40GB MIG 4g.20gb (0),1,,13,[CUDA memcpy Host-to-Device]
1850035007,47775,41232,,,,,,,,,,35.810,749537.436,Device,,NVIDIA A100-SXM4-40GB MIG 4g.20gb (0),1,,13,[CUDA memset]
1850089790,4832,41234,,,,,,,,,,0.000,16.556,Pinned,Device,NVIDIA A100-SXM4-40GB MIG 4g.20gb (0),1,,13,[CUDA memcpy Host-to-Device]
1850110718,24607,41235,,,,,,,,,,0.197,7989.756,Pinned,Device,NVIDIA A100-SXM4-40GB MIG 4g.20gb (0),1,,13,[CUDA memcpy Host-to-Device]
1850166781,10016,41236,273,1,1,48,1,1,40,0.000,0.001,,,,,NVIDIA A100-SXM4-40GB MIG 4g.20gb (0),1,,13,"void pusch_noise_intf_est::noiseIntfEstNoDftSOfdmKernel<float, __half, float, float, (unsigned int)2, (unsigned int)1, (unsigned char)4, (unsigned char)4>(pusch_noise_intf_est::puschRxNoiseIntfEstDynDescr)"
1850183933,2656,41247,35,1,1,128,1,1,16,0.000,0.000,,,,,NVIDIA A100-SXM4-40GB MIG 4g.20gb (0),1,,13,cupy_copy__complex64_complex64
1850200861,1728,41256,1,1,1,1,1,1,18,0.000,0.000,,,,,NVIDIA A100-SXM4-40GB MIG 4g.20gb (0),1,,13,cupy_copy__float32_float32
1850206845,6175,41262,,,,,,,,,,0.000,0.648,Device,Pageable,NVIDIA A100-SXM4-40GB MIG 4g.20gb (0),1,,7,[CUDA memcpy Device-to-Host]
1850296283,12512,41273,1434,1,1,128,1,1,16,0.000,0.000,,,,,NVIDIA A100-SXM4-40GB MIG 4g.20gb (0),1,,13,cupy_copy__complex64_complex64
1850333659,3360,41280,103,1,1,128,1,1,16,0.000,0.000,,,,,NVIDIA A100-SXM4-40GB MIG 4g.20gb (0),1,,13,cupy_copy__complex64_complex64
1850353563,2176,41287,35,1,1,128,1,1,16,0.000,0.000,,,,,NVIDIA A100-SXM4-40GB MIG 4g.20gb (0),1,,13,cupy_copy__complex64_complex64
1850357051,1856,41294,1,1,1,1,1,1,18,0.000,0.000,,,,,NVIDIA A100-SXM4-40GB MIG 4g.20gb (0),1,,13,cupy_copy__float32_float32
1850499001,88287,41305,1,1,1,32,32,1,30,0.000,0.000,,,,,NVIDIA A100-SXM4-40GB MIG 4g.20gb (0),1,,13,"void convert_kernel<__half2, float2>(tensor_layout_any, T1 *, tensor_layout_any, const T2 *)"
1850619127,12384,41308,,,,,,,,,,0.094,7565.858,Pinned,Device,NVIDIA A100-SXM4-40GB MIG 4g.20gb (0),1,,13,[CUDA memcpy Host-to-Device]
1850643543,3712,41309,,,,,,,,,,1.547,416654.319,Device,,NVIDIA A100-SXM4-40GB MIG 4g.20gb (0),1,,13,[CUDA memset]
1850655031,6784,41314,,,,,,,,,,0.031,4613.187,Pinned,Device,NVIDIA A100-SXM4-40GB MIG 4g.20gb (0),1,,13,[CUDA memcpy Host-to-Device]
1850668439,14464,41315,,,,,,,,,,0.197,13592.887,Pinned,Device,NVIDIA A100-SXM4-40GB MIG 4g.20gb (0),1,,13,[CUDA memcpy Host-to-Device]
1850696950,8320,41316,273,1,1,8,4,1,39,0.002,0.000,,,,,NVIDIA A100-SXM4-40GB MIG 4g.20gb (0),1,,13,"void channel_eq::eqMmseCoefCompLowMimoKernel<float, float, float, (unsigned int)4, (unsigned int)1, (unsigned int)4>(const channel_eq::_puschRxChEqStatDescr *, channel_eq::_puschRxChEqCoefCompDynDescr)"
1850713782,5760,41317,273,1,1,12,11,1,51,0.002,0.000,,,,,NVIDIA A100-SXM4-40GB MIG 4g.20gb (0),1,,13,"void channel_eq::eqMmseSoftDemapKernel<float, __half, __half, float, (unsigned int)4, (unsigned short)16383>(channel_eq::_puschRxChEqStatDescr *, channel_eq::_puschRxChEqSoftDemapDynDescr)"
1850722998,295004,41318,1,1,1,32,32,1,30,0.000,0.000,,,,,NVIDIA A100-SXM4-40GB MIG 4g.20gb (0),1,,13,"void convert_kernel<float2, __half2>(tensor_layout_any, T1 *, tensor_layout_any, const T2 *)"
1851019058,11264,41330,2253,1,1,128,1,1,16,0.000,0.000,,,,,NVIDIA A100-SXM4-40GB MIG 4g.20gb (0),1,,13,cupy_copy__float16_float16
1851032818,2880,41339,282,1,1,128,1,1,16,0.000,0.000,,,,,NVIDIA A100-SXM4-40GB MIG 4g.20gb (0),1,,13,cupy_copy__complex64_complex64
1851040018,2304,41348,26,1,1,128,1,1,16,0.000,0.000,,,,,NVIDIA A100-SXM4-40GB MIG 4g.20gb (0),1,,13,cupy_copy__float32_float32
1851043986,3232,41357,103,1,1,128,1,1,16,0.000,0.000,,,,,NVIDIA A100-SXM4-40GB MIG 4g.20gb (0),1,,13,cupy_copy__complex64_complex64
1851049682,12096,41367,1434,1,1,128,1,1,16,0.000,0.000,,,,,NVIDIA A100-SXM4-40GB MIG 4g.20gb (0),1,,13,cupy_copy__complex64_complex64
1851065714,87103,41372,1,1,1,32,32,1,30,0.000,0.000,,,,,NVIDIA A100-SXM4-40GB MIG 4g.20gb (0),1,,13,"void convert_kernel<__half2, float2>(tensor_layout_any, T1 *, tensor_layout_any, const T2 *)"
1851180336,5600,41375,,,,,,,,,,0.094,16731.388,Pinned,Device,NVIDIA A100-SXM4-40GB MIG 4g.20gb (0),1,,13,[CUDA memcpy Host-to-Device]
1851190576,595641,41376,,,,,,,,,,456.561,766110.096,Device,,NVIDIA A100-SXM4-40GB MIG 4g.20gb (0),1,,13,[CUDA memset]
1851796457,151870,41381,,,,,,,,,,1.235,8130.871,Pinned,Device,NVIDIA A100-SXM4-40GB MIG 4g.20gb (0),1,,13,[CUDA memcpy Host-to-Device]
1851955687,22176,41382,,,,,,,,,,0.197,8865.645,Pinned,Device,NVIDIA A100-SXM4-40GB MIG 4g.20gb (0),1,,13,[CUDA memcpy Host-to-Device]
1851985702,8128,41383,69,4,1,48,1,1,76,0.002,0.000,,,,,NVIDIA A100-SXM4-40GB MIG 4g.20gb (0),1,,13,"void ch_est::windowedChEstPreNoDftSOfdmKernel<float, __half, float, (unsigned int)2, (unsigned int)1, (unsigned short)4>(ch_est::puschRxChEstStatDescr_t *, ch_est::puschRxChEstDynDescr_t *)"
1851996006,6560,41384,137,2,1,24,2,1,44,0.001,0.001,,,,,NVIDIA A100-SXM4-40GB MIG 4g.20gb (0),1,,13,"void ch_est::chEstFilterNoDftSOfdmDispatchKernel<float, __half, float, (unsigned int)2>(ch_est::puschRxChEstStatDescr_t *, ch_est::puschRxChEstDynDescr_t *)"
1852010982,5056,41385,137,2,1,24,2,1,44,0.001,0.001,,,,,NVIDIA A100-SXM4-40GB MIG 4g.20gb (0),1,,13,"void ch_est::chEstFilterNoDftSOfdmDispatchKernel<float, __half, float, (unsigned int)2>(ch_est::puschRxChEstStatDescr_t *, ch_est::puschRxChEstDynDescr_t *)"
1852019814,3008,41396,103,1,1,128,1,1,16,0.000,0.000,,,,,NVIDIA A100-SXM4-40GB MIG 4g.20gb (0),1,,13,cupy_copy__complex64_complex64
1852027814,12672,41406,1434,1,1,128,1,1,16,0.000,0.000,,,,,NVIDIA A100-SXM4-40GB MIG 4g.20gb (0),1,,13,cupy_copy__complex64_complex64
1852044550,2496,41413,103,1,1,128,1,1,16,0.000,0.000,,,,,NVIDIA A100-SXM4-40GB MIG 4g.20gb (0),1,,13,cupy_copy__complex64_complex64
1852052902,83423,41420,1,1,1,32,32,1,30,0.000,0.000,,,,,NVIDIA A100-SXM4-40GB MIG 4g.20gb (0),1,,13,"void convert_kernel<__half2, float2>(tensor_layout_any, T1 *, tensor_layout_any, const T2 *)"
1852164804,13536,41423,,,,,,,,,,0.094,6921.979,Pinned,Device,NVIDIA A100-SXM4-40GB MIG 4g.20gb (0),1,,13,[CUDA memcpy Host-to-Device]
1852184068,47871,41424,,,,,,,,,,35.810,748033.419,Device,,NVIDIA A100-SXM4-40GB MIG 4g.20gb (0),1,,13,[CUDA memset]
1852232611,10592,41426,,,,,,,,,,0.000,7.553,Pinned,Device,NVIDIA A100-SXM4-40GB MIG 4g.20gb (0),1,,13,[CUDA memcpy Host-to-Device]
1852250723,16000,41427,,,,,,,,,,0.197,12288.000,Pinned,Device,NVIDIA A100-SXM4-40GB MIG 4g.20gb (0),1,,13,[CUDA memcpy Host-to-Device]
1852280515,10144,41428,273,1,1,48,1,1,40,0.000,0.001,,,,,NVIDIA A100-SXM4-40GB MIG 4g.20gb (0),1,,13,"void pusch_noise_intf_est::noiseIntfEstNoDftSOfdmKernel<float, __half, float, float, (unsigned int)2, (unsigned int)1, (unsigned char)4, (unsigned char)4>(pusch_noise_intf_est::puschRxNoiseIntfEstDynDescr)"
1852294627,2688,41439,35,1,1,128,1,1,16,0.000,0.000,,,,,NVIDIA A100-SXM4-40GB MIG 4g.20gb (0),1,,13,cupy_copy__complex64_complex64
1852301443,1760,41448,1,1,1,1,1,1,18,0.000,0.000,,,,,NVIDIA A100-SXM4-40GB MIG 4g.20gb (0),1,,13,cupy_copy__float32_float32
1852318018,3776,41454,,,,,,,,,,0.000,1.059,Device,Pageable,NVIDIA A100-SXM4-40GB MIG 4g.20gb (0),1,,7,[CUDA memcpy Device-to-Host]
1852379266,12927,41465,1434,1,1,128,1,1,16,0.000,0.000,,,,,NVIDIA A100-SXM4-40GB MIG 4g.20gb (0),1,,13,cupy_copy__complex64_complex64
1852406657,3904,41472,103,1,1,128,1,1,16,0.000,0.000,,,,,NVIDIA A100-SXM4-40GB MIG 4g.20gb (0),1,,13,cupy_copy__complex64_complex64
1852427713,2656,41479,35,1,1,128,1,1,16,0.000,0.000,,,,,NVIDIA A100-SXM4-40GB MIG 4g.20gb (0),1,,13,cupy_copy__complex64_complex64
1852446561,1888,41486,1,1,1,1,1,1,18,0.000,0.000,,,,,NVIDIA A100-SXM4-40GB MIG 4g.20gb (0),1,,13,cupy_copy__float32_float32
1852578911,82591,41497,1,1,1,32,32,1,30,0.000,0.000,,,,,NVIDIA A100-SXM4-40GB MIG 4g.20gb (0),1,,13,"void convert_kernel<__half2, float2>(tensor_layout_any, T1 *, tensor_layout_any, const T2 *)"
1852688990,5408,41500,,,,,,,,,,0.094,17325.421,Pinned,Device,NVIDIA A100-SXM4-40GB MIG 4g.20gb (0),1,,13,[CUDA memcpy Host-to-Device]
1852704574,3584,41501,,,,,,,,,,1.547,431534.389,Device,,NVIDIA A100-SXM4-40GB MIG 4g.20gb (0),1,,13,[CUDA memset]
1852710142,3487,41506,,,,,,,,,,0.031,8975.036,Pinned,Device,NVIDIA A100-SXM4-40GB MIG 4g.20gb (0),1,,13,[CUDA memcpy Host-to-Device]
1852715773,10016,41507,,,,,,,,,,0.197,19629.343,Pinned,Device,NVIDIA A100-SXM4-40GB MIG 4g.20gb (0),1,,13,[CUDA memcpy Host-to-Device]
1852731933,6944,41508,273,1,1,8,4,1,39,0.002,0.000,,,,,NVIDIA A100-SXM4-40GB MIG 4g.20gb (0),1,,13,"void channel_eq::eqMmseCoefCompLowMimoKernel<float, float, float, (unsigned int)4, (unsigned int)1, (unsigned int)4>(const channel_eq::_puschRxChEqStatDescr *, channel_eq::_puschRxChEqCoefCompDynDescr)"
1852741533,6080,41509,273,1,1,12,11,1,51,0.002,0.000,,,,,NVIDIA A100-SXM4-40GB MIG 4g.20gb (0),1,,13,"void channel_eq::eqMmseSoftDemapKernel<float, __half, __half, float, (unsigned int)4, (unsigned short)16383>(channel_eq::_puschRxChEqStatDescr *, channel_eq::_puschRxChEqSoftDemapDynDescr)"
1852750621,282205,41510,1,1,1,32,32,1,30,0.000,0.000,,,,,NVIDIA A100-SXM4-40GB MIG 4g.20gb (0),1,,13,"void convert_kernel<float2, __half2>(tensor_layout_any, T1 *, tensor_layout_any, const T2 *)"
1853035737,11072,41522,2253,1,1,128,1,1,16,0.000,0.000,,,,,NVIDIA A100-SXM4-40GB MIG 4g.20gb (0),1,,13,cupy_copy__float16_float16
1853050041,3584,41531,282,1,1,128,1,1,16,0.000,0.000,,,,,NVIDIA A100-SXM4-40GB MIG 4g.20gb (0),1,,13,cupy_copy__complex64_complex64
1853055289,2144,41540,26,1,1,128,1,1,16,0.000,0.000,,,,,NVIDIA A100-SXM4-40GB MIG 4g.20gb (0),1,,13,cupy_copy__float32_float32
1853059033,3232,41549,103,1,1,128,1,1,16,0.000,0.000,,,,,NVIDIA A100-SXM4-40GB MIG 4g.20gb (0),1,,13,cupy_copy__complex64_complex64
1853063193,11904,41559,1434,1,1,128,1,1,16,0.000,0.000,,,,,NVIDIA A100-SXM4-40GB MIG 4g.20gb (0),1,,13,cupy_copy__complex64_complex64
1853083961,82879,41564,1,1,1,32,32,1,30,0.000,0.000,,,,,NVIDIA A100-SXM4-40GB MIG 4g.20gb (0),1,,13,"void convert_kernel<__half2, float2>(tensor_layout_any, T1 *, tensor_layout_any, const T2 *)"
1853194264,5759,41567,,,,,,,,,,0.094,16269.467,Pinned,Device,NVIDIA A100-SXM4-40GB MIG 4g.20gb (0),1,,13,[CUDA memcpy Host-to-Device]
1853204119,596313,41568,,,,,,,,,,456.561,765196.973,Device,,NVIDIA A100-SXM4-40GB MIG 4g.20gb (0),1,,13,[CUDA memset]
1853808208,159966,41573,,,,,,,,,,1.235,7719.635,Pinned,Device,NVIDIA A100-SXM4-40GB MIG 4g.20gb (0),1,,13,[CUDA memcpy Host-to-Device]
1853980718,41055,41574,,,,,,,,,,0.197,4788.781,Pinned,Device,NVIDIA A100-SXM4-40GB MIG 4g.20gb (0),1,,13,[CUDA memcpy Host-to-Device]
1854041837,8224,41575,69,4,1,48,1,1,76,0.002,0.000,,,,,NVIDIA A100-SXM4-40GB MIG 4g.20gb (0),1,,13,"void ch_est::windowedChEstPreNoDftSOfdmKernel<float, __half, float, (unsigned int)2, (unsigned int)1, (unsigned short)4>(ch_est::puschRxChEstStatDescr_t *, ch_est::puschRxChEstDynDescr_t *)"
1854060877,6944,41576,137,2,1,24,2,1,44,0.001,0.001,,,,,NVIDIA A100-SXM4-40GB MIG 4g.20gb (0),1,,13,"void ch_est::chEstFilterNoDftSOfdmDispatchKernel<float, __half, float, (unsigned int)2>(ch_est::puschRxChEstStatDescr_t *, ch_est::puschRxChEstDynDescr_t *)"
1854076941,5056,41577,137,2,1,24,2,1,44,0.001,0.001,,,,,NVIDIA A100-SXM4-40GB MIG 4g.20gb (0),1,,13,"void ch_est::chEstFilterNoDftSOfdmDispatchKernel<float, __half, float, (unsigned int)2>(ch_est::puschRxChEstStatDescr_t *, ch_est::puschRxChEstDynDescr_t *)"
1854093420,2528,41588,103,1,1,128,1,1,16,0.000,0.000,,,,,NVIDIA A100-SXM4-40GB MIG 4g.20gb (0),1,,13,cupy_copy__complex64_complex64
1854108140,12544,41598,1434,1,1,128,1,1,16,0.000,0.000,,,,,NVIDIA A100-SXM4-40GB MIG 4g.20gb (0),1,,13,cupy_copy__complex64_complex64
1854141548,2656,41605,103,1,1,128,1,1,16,0.000,0.000,,,,,NVIDIA A100-SXM4-40GB MIG 4g.20gb (0),1,,13,cupy_copy__complex64_complex64
1854157644,90974,41612,1,1,1,32,32,1,30,0.000,0.000,,,,,NVIDIA A100-SXM4-40GB MIG 4g.20gb (0),1,,13,"void convert_kernel<__half2, float2>(tensor_layout_any, T1 *, tensor_layout_any, const T2 *)"
1854276874,13376,41615,,,,,,,,,,0.094,7004.713,Pinned,Device,NVIDIA A100-SXM4-40GB MIG 4g.20gb (0),1,,13,[CUDA memcpy Host-to-Device]
1854298826,46719,41616,,,,,,,,,,35.810,766475.528,Device,,NVIDIA A100-SXM4-40GB MIG 4g.20gb (0),1,,13,[CUDA memset]
1854347113,9440,41618,,,,,,,,,,0.000,8.475,Pinned,Device,NVIDIA A100-SXM4-40GB MIG 4g.20gb (0),1,,13,[CUDA memcpy Host-to-Device]
1854364457,22816,41619,,,,,,,,,,0.197,8616.935,Pinned,Device,NVIDIA A100-SXM4-40GB MIG 4g.20gb (0),1,,13,[CUDA memcpy Host-to-Device]
1854399657,12191,41620,273,1,1,48,1,1,40,0.000,0.001,,,,,NVIDIA A100-SXM4-40GB MIG 4g.20gb (0),1,,13,"void pusch_noise_intf_est::noiseIntfEstNoDftSOfdmKernel<float, __half, float, float, (unsigned int)2, (unsigned int)1, (unsigned char)4, (unsigned char)4>(pusch_noise_intf_est::puschRxNoiseIntfEstDynDescr)"
1854417704,2848,41631,35,1,1,128,1,1,16,0.000,0.000,,,,,NVIDIA A100-SXM4-40GB MIG 4g.20gb (0),1,,13,cupy_copy__complex64_complex64
1854427656,1696,41640,1,1,1,1,1,1,18,0.000,0.000,,,,,NVIDIA A100-SXM4-40GB MIG 4g.20gb (0),1,,13,cupy_copy__float32_float32
1854435528,7648,41646,,,,,,,,,,0.000,0.523,Device,Pageable,NVIDIA A100-SXM4-40GB MIG 4g.20gb (0),1,,7,[CUDA memcpy Device-to-Host]
1854520423,12736,41657,1434,1,1,128,1,1,16,0.000,0.000,,,,,NVIDIA A100-SXM4-40GB MIG 4g.20gb (0),1,,13,cupy_copy__complex64_complex64
1854546567,2880,41664,103,1,1,128,1,1,16,0.000,0.000,,,,,NVIDIA A100-SXM4-40GB MIG 4g.20gb (0),1,,13,cupy_copy__complex64_complex64
1854566663,2687,41671,35,1,1,128,1,1,16,0.000,0.000,,,,,NVIDIA A100-SXM4-40GB MIG 4g.20gb (0),1,,13,cupy_copy__complex64_complex64
1854585190,1920,41678,1,1,1,1,1,1,18,0.000,0.000,,,,,NVIDIA A100-SXM4-40GB MIG 4g.20gb (0),1,,13,cupy_copy__float32_float32
1854706917,87423,41689,1,1,1,32,32,1,30,0.000,0.000,,,,,NVIDIA A100-SXM4-40GB MIG 4g.20gb (0),1,,13,"void convert_kernel<__half2, float2>(tensor_layout_any, T1 *, tensor_layout_any, const T2 *)"
1854821699,5440,41692,,,,,,,,,,0.094,17223.480,Pinned,Device,NVIDIA A100-SXM4-40GB MIG 4g.20gb (0),1,,13,[CUDA memcpy Host-to-Device]
1854836771,3488,41693,,,,,,,,,,1.547,443412.461,Device,,NVIDIA A100-SXM4-40GB MIG 4g.20gb (0),1,,13,[CUDA memset]
1854850787,3200,41698,,,,,,,,,,0.031,9780.000,Pinned,Device,NVIDIA A100-SXM4-40GB MIG 4g.20gb (0),1,,13,[CUDA memcpy Host-to-Device]
1854856483,9856,41699,,,,,,,,,,0.197,19948.044,Pinned,Device,NVIDIA A100-SXM4-40GB MIG 4g.20gb (0),1,,13,[CUDA memcpy Host-to-Device]
1854870915,6784,41700,273,1,1,8,4,1,39,0.002,0.000,,,,,NVIDIA A100-SXM4-40GB MIG 4g.20gb (0),1,,13,"void channel_eq::eqMmseCoefCompLowMimoKernel<float, float, float, (unsigned int)4, (unsigned int)1, (unsigned int)4>(const channel_eq::_puschRxChEqStatDescr *, channel_eq::_puschRxChEqCoefCompDynDescr)"
1854878659,6144,41701,273,1,1,12,11,1,51,0.002,0.000,,,,,NVIDIA A100-SXM4-40GB MIG 4g.20gb (0),1,,13,"void channel_eq::eqMmseSoftDemapKernel<float, __half, __half, float, (unsigned int)4, (unsigned short)16383>(channel_eq::_puschRxChEqStatDescr *, channel_eq::_puschRxChEqSoftDemapDynDescr)"
1854887619,279260,41702,1,1,1,32,32,1,30,0.000,0.000,,,,,NVIDIA A100-SXM4-40GB MIG 4g.20gb (0),1,,13,"void convert_kernel<float2, __half2>(tensor_layout_any, T1 *, tensor_layout_any, const T2 *)"
1855172127,10976,41714,2253,1,1,128,1,1,16,0.000,0.000,,,,,NVIDIA A100-SXM4-40GB MIG 4g.20gb (0),1,,13,cupy_copy__float16_float16
1855187167,3264,41723,282,1,1,128,1,1,16,0.000,0.000,,,,,NVIDIA A100-SXM4-40GB MIG 4g.20gb (0),1,,13,cupy_copy__complex64_complex64
1855193055,2112,41732,26,1,1,128,1,1,16,0.000,0.000,,,,,NVIDIA A100-SXM4-40GB MIG 4g.20gb (0),1,,13,cupy_copy__float32_float32
1855197375,3904,41741,103,1,1,128,1,1,16,0.000,0.000,,,,,NVIDIA A100-SXM4-40GB MIG 4g.20gb (0),1,,13,cupy_copy__complex64_complex64
1855204319,12031,41751,1434,1,1,128,1,1,16,0.000,0.000,,,,,NVIDIA A100-SXM4-40GB MIG 4g.20gb (0),1,,13,cupy_copy__complex64_complex64
1855221086,82207,41756,1,1,1,32,32,1,30,0.000,0.000,,,,,NVIDIA A100-SXM4-40GB MIG 4g.20gb (0),1,,13,"void convert_kernel<__half2, float2>(tensor_layout_any, T1 *, tensor_layout_any, const T2 *)"
1855329917,5728,41759,,,,,,,,,,0.094,16357.541,Pinned,Device,NVIDIA A100-SXM4-40GB MIG 4g.20gb (0),1,,13,[CUDA memcpy Host-to-Device]
1855340221,597401,41760,,,,,,,,,,456.561,763827.289,Device,,NVIDIA A100-SXM4-40GB MIG 4g.20gb (0),1,,13,[CUDA memset]
1855938710,139326,41765,,,,,,,,,,1.235,8863.193,Pinned,Device,NVIDIA A100-SXM4-40GB MIG 4g.20gb (0),1,,13,[CUDA memcpy Host-to-Device]
1856089620,32991,41766,,,,,,,,,,0.197,5959.385,Pinned,Device,NVIDIA A100-SXM4-40GB MIG 4g.20gb (0),1,,13,[CUDA memcpy Host-to-Device]
1856139251,8128,41767,69,4,1,48,1,1,76,0.002,0.000,,,,,NVIDIA A100-SXM4-40GB MIG 4g.20gb (0),1,,13,"void ch_est::windowedChEstPreNoDftSOfdmKernel<float, __half, float, (unsigned int)2, (unsigned int)1, (unsigned short)4>(ch_est::puschRxChEstStatDescr_t *, ch_est::puschRxChEstDynDescr_t *)"
1856161875,6720,41768,137,2,1,24,2,1,44,0.001,0.001,,,,,NVIDIA A100-SXM4-40GB MIG 4g.20gb (0),1,,13,"void ch_est::chEstFilterNoDftSOfdmDispatchKernel<float, __half, float, (unsigned int)2>(ch_est::puschRxChEstStatDescr_t *, ch_est::puschRxChEstDynDescr_t *)"
1856178483,4799,41769,137,2,1,24,2,1,44,0.001,0.001,,,,,NVIDIA A100-SXM4-40GB MIG 4g.20gb (0),1,,13,"void ch_est::chEstFilterNoDftSOfdmDispatchKernel<float, __half, float, (unsigned int)2>(ch_est::puschRxChEstStatDescr_t *, ch_est::puschRxChEstDynDescr_t *)"
1856191122,2560,41780,103,1,1,128,1,1,16,0.000,0.000,,,,,NVIDIA A100-SXM4-40GB MIG 4g.20gb (0),1,,13,cupy_copy__complex64_complex64
1856204210,12576,41790,1434,1,1,128,1,1,16,0.000,0.000,,,,,NVIDIA A100-SXM4-40GB MIG 4g.20gb (0),1,,13,cupy_copy__complex64_complex64
1856237586,2592,41797,103,1,1,128,1,1,16,0.000,0.000,,,,,NVIDIA A100-SXM4-40GB MIG 4g.20gb (0),1,,13,cupy_copy__complex64_complex64
1856252050,83871,41804,1,1,1,32,32,1,30,0.000,0.000,,,,,NVIDIA A100-SXM4-40GB MIG 4g.20gb (0),1,,13,"void convert_kernel<__half2, float2>(tensor_layout_any, T1 *, tensor_layout_any, const T2 *)"
1856370096,18624,41807,,,,,,,,,,0.094,5030.913,Pinned,Device,NVIDIA A100-SXM4-40GB MIG 4g.20gb (0),1,,13,[CUDA memcpy Host-to-Device]
1856402736,46175,41808,,,,,,,,,,35.810,775499.628,Device,,NVIDIA A100-SXM4-40GB MIG 4g.20gb (0),1,,13,[CUDA memset]
1856451247,10208,41810,,,,,,,,,,0.000,7.837,Pinned,Device,NVIDIA A100-SXM4-40GB MIG 4g.20gb (0),1,,13,[CUDA memcpy Host-to-Device]
1856468335,25824,41811,,,,,,,,,,0.197,7613.252,Pinned,Device,NVIDIA A100-SXM4-40GB MIG 4g.20gb (0),1,,13,[CUDA memcpy Host-to-Device]
1856508590,9984,41812,273,1,1,48,1,1,40,0.000,0.001,,,,,NVIDIA A100-SXM4-40GB MIG 4g.20gb (0),1,,13,"void pusch_noise_intf_est::noiseIntfEstNoDftSOfdmKernel<float, __half, float, float, (unsigned int)2, (unsigned int)1, (unsigned char)4, (unsigned char)4>(pusch_noise_intf_est::puschRxNoiseIntfEstDynDescr)"
1856527406,3264,41823,35,1,1,128,1,1,16,0.000,0.000,,,,,NVIDIA A100-SXM4-40GB MIG 4g.20gb (0),1,,13,cupy_copy__complex64_complex64
1856535214,1984,41832,1,1,1,1,1,1,18,0.000,0.000,,,,,NVIDIA A100-SXM4-40GB MIG 4g.20gb (0),1,,13,cupy_copy__float32_float32
1856542958,4576,41838,,,,,,,,,,0.000,0.874,Device,Pageable,NVIDIA A100-SXM4-40GB MIG 4g.20gb (0),1,,7,[CUDA memcpy Device-to-Host]
1856617805,12896,41849,1434,1,1,128,1,1,16,0.000,0.000,,,,,NVIDIA A100-SXM4-40GB MIG 4g.20gb (0),1,,13,cupy_copy__complex64_complex64
1856650605,2976,41856,103,1,1,128,1,1,16,0.000,0.000,,,,,NVIDIA A100-SXM4-40GB MIG 4g.20gb (0),1,,13,cupy_copy__complex64_complex64
1856667020,2464,41863,35,1,1,128,1,1,16,0.000,0.000,,,,,NVIDIA A100-SXM4-40GB MIG 4g.20gb (0),1,,13,cupy_copy__complex64_complex64
1856689836,1728,41870,1,1,1,1,1,1,18,0.000,0.000,,,,,NVIDIA A100-SXM4-40GB MIG 4g.20gb (0),1,,13,cupy_copy__float32_float32
1856820683,82623,41881,1,1,1,32,32,1,30,0.000,0.000,,,,,NVIDIA A100-SXM4-40GB MIG 4g.20gb (0),1,,13,"void convert_kernel<__half2, float2>(tensor_layout_any, T1 *, tensor_layout_any, const T2 *)"
1856932521,13024,41884,,,,,,,,,,0.094,7194.073,Pinned,Device,NVIDIA A100-SXM4-40GB MIG 4g.20gb (0),1,,13,[CUDA memcpy Host-to-Device]
1856955689,3584,41885,,,,,,,,,,1.547,431534.389,Device,,NVIDIA A100-SXM4-40GB MIG 4g.20gb (0),1,,13,[CUDA memset]
1856963817,5344,41890,,,,,,,,,,0.031,5856.264,Pinned,Device,NVIDIA A100-SXM4-40GB MIG 4g.20gb (0),1,,13,[CUDA memcpy Host-to-Device]
1856974985,11424,41891,,,,,,,,,,0.197,17210.081,Pinned,Device,NVIDIA A100-SXM4-40GB MIG 4g.20gb (0),1,,13,[CUDA memcpy Host-to-Device]
1856992904,9152,41892,273,1,1,8,4,1,39,0.002,0.000,,,,,NVIDIA A100-SXM4-40GB MIG 4g.20gb (0),1,,13,"void channel_eq::eqMmseCoefCompLowMimoKernel<float, float, float, (unsigned int)4, (unsigned int)1, (unsigned int)4>(const channel_eq::_puschRxChEqStatDescr *, channel_eq::_puschRxChEqCoefCompDynDescr)"
1857004456,7744,41893,273,1,1,12,11,1,51,0.002,0.000,,,,,NVIDIA A100-SXM4-40GB MIG 4g.20gb (0),1,,13,"void channel_eq::eqMmseSoftDemapKernel<float, __half, __half, float, (unsigned int)4, (unsigned short)16383>(channel_eq::_puschRxChEqStatDescr *, channel_eq::_puschRxChEqSoftDemapDynDescr)"
1857017320,282589,41894,1,1,1,32,32,1,30,0.000,0.000,,,,,NVIDIA A100-SXM4-40GB MIG 4g.20gb (0),1,,13,"void convert_kernel<float2, __half2>(tensor_layout_any, T1 *, tensor_layout_any, const T2 *)"
1857301733,11103,41906,2253,1,1,128,1,1,16,0.000,0.000,,,,,NVIDIA A100-SXM4-40GB MIG 4g.20gb (0),1,,13,cupy_copy__float16_float16
1857317156,3072,41915,282,1,1,128,1,1,16,0.000,0.000,,,,,NVIDIA A100-SXM4-40GB MIG 4g.20gb (0),1,,13,cupy_copy__complex64_complex64
1857322948,2368,41924,26,1,1,128,1,1,16,0.000,0.000,,,,,NVIDIA A100-SXM4-40GB MIG 4g.20gb (0),1,,13,cupy_copy__float32_float32
1857326852,2880,41933,103,1,1,128,1,1,16,0.000,0.000,,,,,NVIDIA A100-SXM4-40GB MIG 4g.20gb (0),1,,13,cupy_copy__complex64_complex64
1857331108,12800,41943,1434,1,1,128,1,1,16,0.000,0.000,,,,,NVIDIA A100-SXM4-40GB MIG 4g.20gb (0),1,,13,cupy_copy__complex64_complex64
1857348228,82111,41948,1,1,1,32,32,1,30,0.000,0.000,,,,,NVIDIA A100-SXM4-40GB MIG 4g.20gb (0),1,,13,"void convert_kernel<__half2, float2>(tensor_layout_any, T1 *, tensor_layout_any, const T2 *)"
1857456931,5472,41951,,,,,,,,,,0.094,17122.757,Pinned,Device,NVIDIA A100-SXM4-40GB MIG 4g.20gb (0),1,,13,[CUDA memcpy Host-to-Device]
1857467843,597464,41952,,,,,,,,,,456.561,763827.289,Device,,NVIDIA A100-SXM4-40GB MIG 4g.20gb (0),1,,13,[CUDA memset]
1858069531,147902,41957,,,,,,,,,,1.235,8349.456,Pinned,Device,NVIDIA A100-SXM4-40GB MIG 4g.20gb (0),1,,13,[CUDA memcpy Host-to-Device]
1858230297,40320,41958,,,,,,,,,,0.197,4876.075,Pinned,Device,NVIDIA A100-SXM4-40GB MIG 4g.20gb (0),1,,13,[CUDA memcpy Host-to-Device]
1858299896,7968,41959,69,4,1,48,1,1,76,0.002,0.000,,,,,NVIDIA A100-SXM4-40GB MIG 4g.20gb (0),1,,13,"void ch_est::windowedChEstPreNoDftSOfdmKernel<float, __half, float, (unsigned int)2, (unsigned int)1, (unsigned short)4>(ch_est::puschRxChEstStatDescr_t *, ch_est::puschRxChEstDynDescr_t *)"
1858319224,6752,41960,137,2,1,24,2,1,44,0.001,0.001,,,,,NVIDIA A100-SXM4-40GB MIG 4g.20gb (0),1,,13,"void ch_est::chEstFilterNoDftSOfdmDispatchKernel<float, __half, float, (unsigned int)2>(ch_est::puschRxChEstStatDescr_t *, ch_est::puschRxChEstDynDescr_t *)"
1858337176,4960,41961,137,2,1,24,2,1,44,0.001,0.001,,,,,NVIDIA A100-SXM4-40GB MIG 4g.20gb (0),1,,13,"void ch_est::chEstFilterNoDftSOfdmDispatchKernel<float, __half, float, (unsigned int)2>(ch_est::puschRxChEstStatDescr_t *, ch_est::puschRxChEstDynDescr_t *)"
1858354520,2624,41972,103,1,1,128,1,1,16,0.000,0.000,,,,,NVIDIA A100-SXM4-40GB MIG 4g.20gb (0),1,,13,cupy_copy__complex64_complex64
1858371095,12480,41982,1434,1,1,128,1,1,16,0.000,0.000,,,,,NVIDIA A100-SXM4-40GB MIG 4g.20gb (0),1,,13,cupy_copy__complex64_complex64
1858390327,2912,41989,103,1,1,128,1,1,16,0.000,0.000,,,,,NVIDIA A100-SXM4-40GB MIG 4g.20gb (0),1,,13,cupy_copy__complex64_complex64
1858415287,91839,41996,1,1,1,32,32,1,30,0.000,0.000,,,,,NVIDIA A100-SXM4-40GB MIG 4g.20gb (0),1,,13,"void convert_kernel<__half2, float2>(tensor_layout_any, T1 *, tensor_layout_any, const T2 *)"
1858543669,20512,41999,,,,,,,,,,0.094,4567.774,Pinned,Device,NVIDIA A100-SXM4-40GB MIG 4g.20gb (0),1,,13,[CUDA memcpy Host-to-Device]
1858578357,48671,42000,,,,,,,,,,35.810,735750.616,Device,,NVIDIA A100-SXM4-40GB MIG 4g.20gb (0),1,,13,[CUDA memset]
1858629748,7328,42002,,,,,,,,,,0.000,10.917,Pinned,Device,NVIDIA A100-SXM4-40GB MIG 4g.20gb (0),1,,13,[CUDA memcpy Host-to-Device]
1858646356,28032,42003,,,,,,,,,,0.197,7013.597,Pinned,Device,NVIDIA A100-SXM4-40GB MIG 4g.20gb (0),1,,13,[CUDA memcpy Host-to-Device]
1858696531,9120,42004,273,1,1,48,1,1,40,0.000,0.001,,,,,NVIDIA A100-SXM4-40GB MIG 4g.20gb (0),1,,13,"void pusch_noise_intf_est::noiseIntfEstNoDftSOfdmKernel<float, __half, float, float, (unsigned int)2, (unsigned int)1, (unsigned char)4, (unsigned char)4>(pusch_noise_intf_est::puschRxNoiseIntfEstDynDescr)"
1858716563,2560,42015,35,1,1,128,1,1,16,0.000,0.000,,,,,NVIDIA A100-SXM4-40GB MIG 4g.20gb (0),1,,13,cupy_copy__complex64_complex64
1858735123,1728,42024,1,1,1,1,1,1,18,0.000,0.000,,,,,NVIDIA A100-SXM4-40GB MIG 4g.20gb (0),1,,13,cupy_copy__float32_float32
1858737363,5152,42030,,,,,,,,,,0.000,0.776,Device,Pageable,NVIDIA A100-SXM4-40GB MIG 4g.20gb (0),1,,7,[CUDA memcpy Device-to-Host]
1858823634,13152,42041,1434,1,1,128,1,1,16,0.000,0.000,,,,,NVIDIA A100-SXM4-40GB MIG 4g.20gb (0),1,,13,cupy_copy__complex64_complex64
1858849777,2720,42048,103,1,1,128,1,1,16,0.000,0.000,,,,,NVIDIA A100-SXM4-40GB MIG 4g.20gb (0),1,,13,cupy_copy__complex64_complex64
1858870097,2720,42055,35,1,1,128,1,1,16,0.000,0.000,,,,,NVIDIA A100-SXM4-40GB MIG 4g.20gb (0),1,,13,cupy_copy__complex64_complex64
1858886609,1952,42062,1,1,1,1,1,1,18,0.000,0.000,,,,,NVIDIA A100-SXM4-40GB MIG 4g.20gb (0),1,,13,cupy_copy__float32_float32
1859022159,82207,42073,1,1,1,32,32,1,30,0.000,0.000,,,,,NVIDIA A100-SXM4-40GB MIG 4g.20gb (0),1,,13,"void convert_kernel<__half2, float2>(tensor_layout_any, T1 *, tensor_layout_any, const T2 *)"
1859133614,5824,42076,,,,,,,,,,0.094,16087.884,Pinned,Device,NVIDIA A100-SXM4-40GB MIG 4g.20gb (0),1,,13,[CUDA memcpy Host-to-Device]
1859149774,3488,42077,,,,,,,,,,1.547,443412.461,Device,,NVIDIA A100-SXM4-40GB MIG 4g.20gb (0),1,,13,[CUDA memset]
1859157454,3360,42082,,,,,,,,,,0.031,9314.284,Pinned,Device,NVIDIA A100-SXM4-40GB MIG 4g.20gb (0),1,,13,[CUDA memcpy Host-to-Device]
1859163278,9471,42083,,,,,,,,,,0.197,20758.856,Pinned,Device,NVIDIA A100-SXM4-40GB MIG 4g.20gb (0),1,,13,[CUDA memcpy Host-to-Device]
1859177581,8288,42084,273,1,1,8,4,1,39,0.002,0.000,,,,,NVIDIA A100-SXM4-40GB MIG 4g.20gb (0),1,,13,"void channel_eq::eqMmseCoefCompLowMimoKernel<float, float, float, (unsigned int)4, (unsigned int)1, (unsigned int)4>(const channel_eq::_puschRxChEqStatDescr *, channel_eq::_puschRxChEqCoefCompDynDescr)"
1859186829,7872,42085,273,1,1,12,11,1,51,0.002,0.000,,,,,NVIDIA A100-SXM4-40GB MIG 4g.20gb (0),1,,13,"void channel_eq::eqMmseSoftDemapKernel<float, __half, __half, float, (unsigned int)4, (unsigned short)16383>(channel_eq::_puschRxChEqStatDescr *, channel_eq::_puschRxChEqSoftDemapDynDescr)"
1859196077,294877,42086,1,1,1,32,32,1,30,0.000,0.000,,,,,NVIDIA A100-SXM4-40GB MIG 4g.20gb (0),1,,13,"void convert_kernel<float2, __half2>(tensor_layout_any, T1 *, tensor_layout_any, const T2 *)"
1859491945,10976,42098,2253,1,1,128,1,1,16,0.000,0.000,,,,,NVIDIA A100-SXM4-40GB MIG 4g.20gb (0),1,,13,cupy_copy__float16_float16
1859506665,3488,42107,282,1,1,128,1,1,16,0.000,0.000,,,,,NVIDIA A100-SXM4-40GB MIG 4g.20gb (0),1,,13,cupy_copy__complex64_complex64
1859512073,2208,42116,26,1,1,128,1,1,16,0.000,0.000,,,,,NVIDIA A100-SXM4-40GB MIG 4g.20gb (0),1,,13,cupy_copy__float32_float32
1859515337,2880,42125,103,1,1,128,1,1,16,0.000,0.000,,,,,NVIDIA A100-SXM4-40GB MIG 4g.20gb (0),1,,13,cupy_copy__complex64_complex64
1859519945,12288,42135,1434,1,1,128,1,1,16,0.000,0.000,,,,,NVIDIA A100-SXM4-40GB MIG 4g.20gb (0),1,,13,cupy_copy__complex64_complex64
1859534441,81887,42140,1,1,1,32,32,1,30,0.000,0.000,,,,,NVIDIA A100-SXM4-40GB MIG 4g.20gb (0),1,,13,"void convert_kernel<__half2, float2>(tensor_layout_any, T1 *, tensor_layout_any, const T2 *)"
1859643176,5696,42143,,,,,,,,,,0.094,16449.363,Pinned,Device,NVIDIA A100-SXM4-40GB MIG 4g.20gb (0),1,,13,[CUDA memcpy Host-to-Device]
1859652967,599033,42144,,,,,,,,,,456.561,762001.043,Device,,NVIDIA A100-SXM4-40GB MIG 4g.20gb (0),1,,13,[CUDA memset]
1860259328,110591,42149,,,,,,,,,,1.235,11166.364,Pinned,Device,NVIDIA A100-SXM4-40GB MIG 4g.20gb (0),1,,13,[CUDA memcpy Host-to-Device]
1860380862,25472,42150,,,,,,,,,,0.197,7718.437,Pinned,Device,NVIDIA A100-SXM4-40GB MIG 4g.20gb (0),1,,13,[CUDA memcpy Host-to-Device]
1860433630,7808,42151,69,4,1,48,1,1,76,0.002,0.000,,,,,NVIDIA A100-SXM4-40GB MIG 4g.20gb (0),1,,13,"void ch_est::windowedChEstPreNoDftSOfdmKernel<float, __half, float, (unsigned int)2, (unsigned int)1, (unsigned short)4>(ch_est::puschRxChEstStatDescr_t *, ch_est::puschRxChEstDynDescr_t *)"
1860450078,6944,42152,137,2,1,24,2,1,44,0.001,0.001,,,,,NVIDIA A100-SXM4-40GB MIG 4g.20gb (0),1,,13,"void ch_est::chEstFilterNoDftSOfdmDispatchKernel<float, __half, float, (unsigned int)2>(ch_est::puschRxChEstStatDescr_t *, ch_est::puschRxChEstDynDescr_t *)"
1860462973,4736,42153,137,2,1,24,2,1,44,0.001,0.001,,,,,NVIDIA A100-SXM4-40GB MIG 4g.20gb (0),1,,13,"void ch_est::chEstFilterNoDftSOfdmDispatchKernel<float, __half, float, (unsigned int)2>(ch_est::puschRxChEstStatDescr_t *, ch_est::puschRxChEstDynDescr_t *)"
1860479581,2624,42164,103,1,1,128,1,1,16,0.000,0.000,,,,,NVIDIA A100-SXM4-40GB MIG 4g.20gb (0),1,,13,cupy_copy__complex64_complex64
1860496253,12448,42174,1434,1,1,128,1,1,16,0.000,0.000,,,,,NVIDIA A100-SXM4-40GB MIG 4g.20gb (0),1,,13,cupy_copy__complex64_complex64
1860530845,2400,42181,103,1,1,128,1,1,16,0.000,0.000,,,,,NVIDIA A100-SXM4-40GB MIG 4g.20gb (0),1,,13,cupy_copy__complex64_complex64
1860547132,87871,42188,1,1,1,32,32,1,30,0.000,0.000,,,,,NVIDIA A100-SXM4-40GB MIG 4g.20gb (0),1,,13,"void convert_kernel<__half2, float2>(tensor_layout_any, T1 *, tensor_layout_any, const T2 *)"
1860666907,25824,42191,,,,,,,,,,0.094,3628.190,Pinned,Device,NVIDIA A100-SXM4-40GB MIG 4g.20gb (0),1,,13,[CUDA memcpy Host-to-Device]
1860707066,46912,42192,,,,,,,,,,35.810,763324.255,Device,,NVIDIA A100-SXM4-40GB MIG 4g.20gb (0),1,,13,[CUDA memset]
1860756890,12544,42194,,,,,,,,,,0.000,6.378,Pinned,Device,NVIDIA A100-SXM4-40GB MIG 4g.20gb (0),1,,13,[CUDA memcpy Host-to-Device]
1860779834,37407,42195,,,,,,,,,,0.197,5255.725,Pinned,Device,NVIDIA A100-SXM4-40GB MIG 4g.20gb (0),1,,13,[CUDA memcpy Host-to-Device]
1860848249,9504,42196,273,1,1,48,1,1,40,0.000,0.001,,,,,NVIDIA A100-SXM4-40GB MIG 4g.20gb (0),1,,13,"void pusch_noise_intf_est::noiseIntfEstNoDftSOfdmKernel<float, __half, float, float, (unsigned int)2, (unsigned int)1, (unsigned char)4, (unsigned char)4>(pusch_noise_intf_est::puschRxNoiseIntfEstDynDescr)"
1860865208,2752,42207,35,1,1,128,1,1,16,0.000,0.000,,,,,NVIDIA A100-SXM4-40GB MIG 4g.20gb (0),1,,13,cupy_copy__complex64_complex64
1860881816,1760,42216,1,1,1,1,1,1,18,0.000,0.000,,,,,NVIDIA A100-SXM4-40GB MIG 4g.20gb (0),1,,13,cupy_copy__float32_float32
1860891128,7168,42222,,,,,,,,,,0.000,0.558,Device,Pageable,NVIDIA A100-SXM4-40GB MIG 4g.20gb (0),1,,7,[CUDA memcpy Device-to-Host]
1860990615,12896,42233,1434,1,1,128,1,1,16,0.000,0.000,,,,,NVIDIA A100-SXM4-40GB MIG 4g.20gb (0),1,,13,cupy_copy__complex64_complex64
1861013143,3360,42240,103,1,1,128,1,1,16,0.000,0.000,,,,,NVIDIA A100-SXM4-40GB MIG 4g.20gb (0),1,,13,cupy_copy__complex64_complex64
1861033718,2560,42247,35,1,1,128,1,1,16,0.000,0.000,,,,,NVIDIA A100-SXM4-40GB MIG 4g.20gb (0),1,,13,cupy_copy__complex64_complex64
1861051894,1760,42254,1,1,1,1,1,1,18,0.000,0.000,,,,,NVIDIA A100-SXM4-40GB MIG 4g.20gb (0),1,,13,cupy_copy__float32_float32
1861183093,88222,42265,1,1,1,32,32,1,30,0.000,0.000,,,,,NVIDIA A100-SXM4-40GB MIG 4g.20gb (0),1,,13,"void convert_kernel<__half2, float2>(tensor_layout_any, T1 *, tensor_layout_any, const T2 *)"
1861299347,5376,42268,,,,,,,,,,0.094,17428.487,Pinned,Device,NVIDIA A100-SXM4-40GB MIG 4g.20gb (0),1,,13,[CUDA memcpy Host-to-Device]
1861314131,3040,42269,,,,,,,,,,1.547,508757.325,Device,,NVIDIA A100-SXM4-40GB MIG 4g.20gb (0),1,,13,[CUDA memset]
1861320371,3168,42274,,,,,,,,,,0.031,9878.770,Pinned,Device,NVIDIA A100-SXM4-40GB MIG 4g.20gb (0),1,,13,[CUDA memcpy Host-to-Device]
1861325971,9376,42275,,,,,,,,,,0.197,20969.226,Pinned,Device,NVIDIA A100-SXM4-40GB MIG 4g.20gb (0),1,,13,[CUDA memcpy Host-to-Device]
1861338995,6336,42276,273,1,1,8,4,1,39,0.002,0.000,,,,,NVIDIA A100-SXM4-40GB MIG 4g.20gb (0),1,,13,"void channel_eq::eqMmseCoefCompLowMimoKernel<float, float, float, (unsigned int)4, (unsigned int)1, (unsigned int)4>(const channel_eq::_puschRxChEqStatDescr *, channel_eq::_puschRxChEqCoefCompDynDescr)"
1861346291,7999,42277,273,1,1,12,11,1,51,0.002,0.000,,,,,NVIDIA A100-SXM4-40GB MIG 4g.20gb (0),1,,13,"void channel_eq::eqMmseSoftDemapKernel<float, __half, __half, float, (unsigned int)4, (unsigned short)16383>(channel_eq::_puschRxChEqStatDescr *, channel_eq::_puschRxChEqSoftDemapDynDescr)"
1861355250,283037,42278,1,1,1,32,32,1,30,0.000,0.000,,,,,NVIDIA A100-SXM4-40GB MIG 4g.20gb (0),1,,13,"void convert_kernel<float2, __half2>(tensor_layout_any, T1 *, tensor_layout_any, const T2 *)"
1861641583,10976,42290,2253,1,1,128,1,1,16,0.000,0.000,,,,,NVIDIA A100-SXM4-40GB MIG 4g.20gb (0),1,,13,cupy_copy__float16_float16
1861654767,3232,42299,282,1,1,128,1,1,16,0.000,0.000,,,,,NVIDIA A100-SXM4-40GB MIG 4g.20gb (0),1,,13,cupy_copy__complex64_complex64
1861659023,2048,42308,26,1,1,128,1,1,16,0.000,0.000,,,,,NVIDIA A100-SXM4-40GB MIG 4g.20gb (0),1,,13,cupy_copy__float32_float32
1861663919,2816,42317,103,1,1,128,1,1,16,0.000,0.000,,,,,NVIDIA A100-SXM4-40GB MIG 4g.20gb (0),1,,13,cupy_copy__complex64_complex64
1861671822,12256,42327,1434,1,1,128,1,1,16,0.000,0.000,,,,,NVIDIA A100-SXM4-40GB MIG 4g.20gb (0),1,,13,cupy_copy__complex64_complex64
1861688270,81727,42332,1,1,1,32,32,1,30,0.000,0.000,,,,,NVIDIA A100-SXM4-40GB MIG 4g.20gb (0),1,,13,"void convert_kernel<__half2, float2>(tensor_layout_any, T1 *, tensor_layout_any, const T2 *)"
1861797293,5888,42335,,,,,,,,,,0.094,15912.954,Pinned,Device,NVIDIA A100-SXM4-40GB MIG 4g.20gb (0),1,,13,[CUDA memcpy Host-to-Device]
1861807853,597144,42336,,,,,,,,,,456.561,764283.851,Device,,NVIDIA A100-SXM4-40GB MIG 4g.20gb (0),1,,13,[CUDA memset]
1862413669,139679,42341,,,,,,,,,,1.235,8840.964,Pinned,Device,NVIDIA A100-SXM4-40GB MIG 4g.20gb (0),1,,13,[CUDA memcpy Host-to-Device]
1862564163,38080,42342,,,,,,,,,,0.197,5162.926,Pinned,Device,NVIDIA A100-SXM4-40GB MIG 4g.20gb (0),1,,13,[CUDA memcpy Host-to-Device]
1862618115,8000,42343,69,4,1,48,1,1,76,0.002,0.000,,,,,NVIDIA A100-SXM4-40GB MIG 4g.20gb (0),1,,13,"void ch_est::windowedChEstPreNoDftSOfdmKernel<float, __half, float, (unsigned int)2, (unsigned int)1, (unsigned short)4>(ch_est::puschRxChEstStatDescr_t *, ch_est::puschRxChEstDynDescr_t *)"
1862634403,7167,42344,137,2,1,24,2,1,44,0.001,0.001,,,,,NVIDIA A100-SXM4-40GB MIG 4g.20gb (0),1,,13,"void ch_est::chEstFilterNoDftSOfdmDispatchKernel<float, __half, float, (unsigned int)2>(ch_est::puschRxChEstStatDescr_t *, ch_est::puschRxChEstDynDescr_t *)"
1862648994,5120,42345,137,2,1,24,2,1,44,0.001,0.001,,,,,NVIDIA A100-SXM4-40GB MIG 4g.20gb (0),1,,13,"void ch_est::chEstFilterNoDftSOfdmDispatchKernel<float, __half, float, (unsigned int)2>(ch_est::puschRxChEstStatDescr_t *, ch_est::puschRxChEstDynDescr_t *)"
1862660738,2496,42356,103,1,1,128,1,1,16,0.000,0.000,,,,,NVIDIA A100-SXM4-40GB MIG 4g.20gb (0),1,,13,cupy_copy__complex64_complex64
1862672450,12384,42366,1434,1,1,128,1,1,16,0.000,0.000,,,,,NVIDIA A100-SXM4-40GB MIG 4g.20gb (0),1,,13,cupy_copy__complex64_complex64
1862693218,2656,42373,103,1,1,128,1,1,16,0.000,0.000,,,,,NVIDIA A100-SXM4-40GB MIG 4g.20gb (0),1,,13,cupy_copy__complex64_complex64
1862700226,83135,42380,1,1,1,32,32,1,30,0.000,0.000,,,,,NVIDIA A100-SXM4-40GB MIG 4g.20gb (0),1,,13,"void convert_kernel<__half2, float2>(tensor_layout_any, T1 *, tensor_layout_any, const T2 *)"
1862810816,5600,42383,,,,,,,,,,0.094,16731.388,Pinned,Device,NVIDIA A100-SXM4-40GB MIG 4g.20gb (0),1,,13,[CUDA memcpy Host-to-Device]
1862822976,47488,42384,,,,,,,,,,35.810,754049.485,Device,,NVIDIA A100-SXM4-40GB MIG 4g.20gb (0),1,,13,[CUDA memset]
1862874272,3584,42386,,,,,,,,,,0.000,22.321,Pinned,Device,NVIDIA A100-SXM4-40GB MIG 4g.20gb (0),1,,13,[CUDA memcpy Host-to-Device]
1862881087,11968,42387,,,,,,,,,,0.197,16427.778,Pinned,Device,NVIDIA A100-SXM4-40GB MIG 4g.20gb (0),1,,13,[CUDA memcpy Host-to-Device]
1862900671,13088,42388,273,1,1,48,1,1,40,0.000,0.001,,,,,NVIDIA A100-SXM4-40GB MIG 4g.20gb (0),1,,13,"void pusch_noise_intf_est::noiseIntfEstNoDftSOfdmKernel<float, __half, float, float, (unsigned int)2, (unsigned int)1, (unsigned char)4, (unsigned char)4>(pusch_noise_intf_est::puschRxNoiseIntfEstDynDescr)"
1862918367,2944,42399,35,1,1,128,1,1,16,0.000,0.000,,,,,NVIDIA A100-SXM4-40GB MIG 4g.20gb (0),1,,13,cupy_copy__complex64_complex64
1862938495,1952,42408,1,1,1,1,1,1,18,0.000,0.000,,,,,NVIDIA A100-SXM4-40GB MIG 4g.20gb (0),1,,13,cupy_copy__float32_float32
1862971902,2016,42414,,,,,,,,,,0.000,1.984,Device,Pageable,NVIDIA A100-SXM4-40GB MIG 4g.20gb (0),1,,7,[CUDA memcpy Device-to-Host]
1863031454,12671,42425,1434,1,1,128,1,1,16,0.000,0.000,,,,,NVIDIA A100-SXM4-40GB MIG 4g.20gb (0),1,,13,cupy_copy__complex64_complex64
1863058333,3392,42432,103,1,1,128,1,1,16,0.000,0.000,,,,,NVIDIA A100-SXM4-40GB MIG 4g.20gb (0),1,,13,cupy_copy__complex64_complex64
1863078973,2784,42439,35,1,1,128,1,1,16,0.000,0.000,,,,,NVIDIA A100-SXM4-40GB MIG 4g.20gb (0),1,,13,cupy_copy__complex64_complex64
1863096861,1760,42446,1,1,1,1,1,1,18,0.000,0.000,,,,,NVIDIA A100-SXM4-40GB MIG 4g.20gb (0),1,,13,cupy_copy__float32_float32
1863233883,82559,42457,1,1,1,32,32,1,30,0.000,0.000,,,,,NVIDIA A100-SXM4-40GB MIG 4g.20gb (0),1,,13,"void convert_kernel<__half2, float2>(tensor_layout_any, T1 *, tensor_layout_any, const T2 *)"
1863343802,5536,42460,,,,,,,,,,0.094,16924.777,Pinned,Device,NVIDIA A100-SXM4-40GB MIG 4g.20gb (0),1,,13,[CUDA memcpy Host-to-Device]
1863357658,3232,42461,,,,,,,,,,1.547,478533.199,Device,,NVIDIA A100-SXM4-40GB MIG 4g.20gb (0),1,,13,[CUDA memset]
1863364442,3135,42466,,,,,,,,,,0.031,9982.767,Pinned,Device,NVIDIA A100-SXM4-40GB MIG 4g.20gb (0),1,,13,[CUDA memcpy Host-to-Device]
1863370745,9984,42467,,,,,,,,,,0.197,19692.257,Pinned,Device,NVIDIA A100-SXM4-40GB MIG 4g.20gb (0),1,,13,[CUDA memcpy Host-to-Device]
1863384889,6240,42468,273,1,1,8,4,1,39,0.002,0.000,,,,,NVIDIA A100-SXM4-40GB MIG 4g.20gb (0),1,,13,"void channel_eq::eqMmseCoefCompLowMimoKernel<float, float, float, (unsigned int)4, (unsigned int)1, (unsigned int)4>(const channel_eq::_puschRxChEqStatDescr *, channel_eq::_puschRxChEqCoefCompDynDescr)"
1863392217,7744,42469,273,1,1,12,11,1,51,0.002,0.000,,,,,NVIDIA A100-SXM4-40GB MIG 4g.20gb (0),1,,13,"void channel_eq::eqMmseSoftDemapKernel<float, __half, __half, float, (unsigned int)4, (unsigned short)16383>(channel_eq::_puschRxChEqStatDescr *, channel_eq::_puschRxChEqSoftDemapDynDescr)"
1863402617,295196,42470,1,1,1,32,32,1,30,0.000,0.000,,,,,NVIDIA A100-SXM4-40GB MIG 4g.20gb (0),1,,13,"void convert_kernel<float2, __half2>(tensor_layout_any, T1 *, tensor_layout_any, const T2 *)"
1863700469,10912,42482,2253,1,1,128,1,1,16,0.000,0.000,,,,,NVIDIA A100-SXM4-40GB MIG 4g.20gb (0),1,,13,cupy_copy__float16_float16
1863715125,2784,42491,282,1,1,128,1,1,16,0.000,0.000,,,,,NVIDIA A100-SXM4-40GB MIG 4g.20gb (0),1,,13,cupy_copy__complex64_complex64
1863719221,2112,42500,26,1,1,128,1,1,16,0.000,0.000,,,,,NVIDIA A100-SXM4-40GB MIG 4g.20gb (0),1,,13,cupy_copy__float32_float32
1863722933,4768,42509,103,1,1,128,1,1,16,0.000,0.000,,,,,NVIDIA A100-SXM4-40GB MIG 4g.20gb (0),1,,13,cupy_copy__complex64_complex64
1863730293,11936,42519,1434,1,1,128,1,1,16,0.000,0.000,,,,,NVIDIA A100-SXM4-40GB MIG 4g.20gb (0),1,,13,cupy_copy__complex64_complex64
1863745813,81855,42524,1,1,1,32,32,1,30,0.000,0.000,,,,,NVIDIA A100-SXM4-40GB MIG 4g.20gb (0),1,,13,"void convert_kernel<__half2, float2>(tensor_layout_any, T1 *, tensor_layout_any, const T2 *)"
1863854867,5824,42527,,,,,,,,,,0.094,16087.884,Pinned,Device,NVIDIA A100-SXM4-40GB MIG 4g.20gb (0),1,,13,[CUDA memcpy Host-to-Device]
1863866131,597529,42528,,,,,,,,,,456.561,763827.289,Device,,NVIDIA A100-SXM4-40GB MIG 4g.20gb (0),1,,13,[CUDA memset]
1864473036,169598,42533,,,,,,,,,,1.235,7281.230,Pinned,Device,NVIDIA A100-SXM4-40GB MIG 4g.20gb (0),1,,13,[CUDA memcpy Host-to-Device]
1864657641,40800,42534,,,,,,,,,,0.197,4818.665,Pinned,Device,NVIDIA A100-SXM4-40GB MIG 4g.20gb (0),1,,13,[CUDA memcpy Host-to-Device]
1864724009,8288,42535,69,4,1,48,1,1,76,0.002,0.000,,,,,NVIDIA A100-SXM4-40GB MIG 4g.20gb (0),1,,13,"void ch_est::windowedChEstPreNoDftSOfdmKernel<float, __half, float, (unsigned int)2, (unsigned int)1, (unsigned short)4>(ch_est::puschRxChEstStatDescr_t *, ch_est::puschRxChEstDynDescr_t *)"
1864743368,6336,42536,137,2,1,24,2,1,44,0.001,0.001,,,,,NVIDIA A100-SXM4-40GB MIG 4g.20gb (0),1,,13,"void ch_est::chEstFilterNoDftSOfdmDispatchKernel<float, __half, float, (unsigned int)2>(ch_est::puschRxChEstStatDescr_t *, ch_est::puschRxChEstDynDescr_t *)"
1864760072,4800,42537,137,2,1,24,2,1,44,0.001,0.001,,,,,NVIDIA A100-SXM4-40GB MIG 4g.20gb (0),1,,13,"void ch_est::chEstFilterNoDftSOfdmDispatchKernel<float, __half, float, (unsigned int)2>(ch_est::puschRxChEstStatDescr_t *, ch_est::puschRxChEstDynDescr_t *)"
1864777064,2592,42548,103,1,1,128,1,1,16,0.000,0.000,,,,,NVIDIA A100-SXM4-40GB MIG 4g.20gb (0),1,,13,cupy_copy__complex64_complex64
1864792616,12256,42558,1434,1,1,128,1,1,16,0.000,0.000,,,,,NVIDIA A100-SXM4-40GB MIG 4g.20gb (0),1,,13,cupy_copy__complex64_complex64
1864813512,2880,42565,103,1,1,128,1,1,16,0.000,0.000,,,,,NVIDIA A100-SXM4-40GB MIG 4g.20gb (0),1,,13,cupy_copy__complex64_complex64
1864835015,92575,42572,1,1,1,32,32,1,30,0.000,0.000,,,,,NVIDIA A100-SXM4-40GB MIG 4g.20gb (0),1,,13,"void convert_kernel<__half2, float2>(tensor_layout_any, T1 *, tensor_layout_any, const T2 *)"
1864954406,5856,42575,,,,,,,,,,0.094,15999.997,Pinned,Device,NVIDIA A100-SXM4-40GB MIG 4g.20gb (0),1,,13,[CUDA memcpy Host-to-Device]
1864967494,46463,42576,,,,,,,,,,35.810,770701.098,Device,,NVIDIA A100-SXM4-40GB MIG 4g.20gb (0),1,,13,[CUDA memset]
1865018085,5632,42578,,,,,,,,,,0.000,14.204,Pinned,Device,NVIDIA A100-SXM4-40GB MIG 4g.20gb (0),1,,13,[CUDA memcpy Host-to-Device]
1865027077,12384,42579,,,,,,,,,,0.197,15875.899,Pinned,Device,NVIDIA A100-SXM4-40GB MIG 4g.20gb (0),1,,13,[CUDA memcpy Host-to-Device]
1865047845,9952,42580,273,1,1,48,1,1,40,0.000,0.001,,,,,NVIDIA A100-SXM4-40GB MIG 4g.20gb (0),1,,13,"void pusch_noise_intf_est::noiseIntfEstNoDftSOfdmKernel<float, __half, float, float, (unsigned int)2, (unsigned int)1, (unsigned char)4, (unsigned char)4>(pusch_noise_intf_est::puschRxNoiseIntfEstDynDescr)"
1865063108,2912,42591,35,1,1,128,1,1,16,0.000,0.000,,,,,NVIDIA A100-SXM4-40GB MIG 4g.20gb (0),1,,13,cupy_copy__complex64_complex64
1865076100,1984,42600,1,1,1,1,1,1,18,0.000,0.000,,,,,NVIDIA A100-SXM4-40GB MIG 4g.20gb (0),1,,13,cupy_copy__float32_float32
1865105540,1600,42606,,,,,,,,,,0.000,2.500,Device,Pageable,NVIDIA A100-SXM4-40GB MIG 4g.20gb (0),1,,7,[CUDA memcpy Device-to-Host]
1865167331,13024,42617,1434,1,1,128,1,1,16,0.000,0.000,,,,,NVIDIA A100-SXM4-40GB MIG 4g.20gb (0),1,,13,cupy_copy__complex64_complex64
1865191555,3456,42624,103,1,1,128,1,1,16,0.000,0.000,,,,,NVIDIA A100-SXM4-40GB MIG 4g.20gb (0),1,,13,cupy_copy__complex64_complex64
1865212483,2720,42631,35,1,1,128,1,1,16,0.000,0.000,,,,,NVIDIA A100-SXM4-40GB MIG 4g.20gb (0),1,,13,cupy_copy__complex64_complex64
1865233890,2016,42638,1,1,1,1,1,1,18,0.000,0.000,,,,,NVIDIA A100-SXM4-40GB MIG 4g.20gb (0),1,,13,cupy_copy__float32_float32
1865365633,86815,42649,1,1,1,32,32,1,30,0.000,0.000,,,,,NVIDIA A100-SXM4-40GB MIG 4g.20gb (0),1,,13,"void convert_kernel<__half2, float2>(tensor_layout_any, T1 *, tensor_layout_any, const T2 *)"
1865480191,5664,42652,,,,,,,,,,0.094,16542.310,Pinned,Device,NVIDIA A100-SXM4-40GB MIG 4g.20gb (0),1,,13,[CUDA memcpy Host-to-Device]
1865493983,3296,42653,,,,,,,,,,1.547,469242.628,Device,,NVIDIA A100-SXM4-40GB MIG 4g.20gb (0),1,,13,[CUDA memset]
1865501215,3040,42658,,,,,,,,,,0.031,10294.725,Pinned,Device,NVIDIA A100-SXM4-40GB MIG 4g.20gb (0),1,,13,[CUDA memcpy Host-to-Device]
1865507103,9664,42659,,,,,,,,,,0.197,20344.209,Pinned,Device,NVIDIA A100-SXM4-40GB MIG 4g.20gb (0),1,,13,[CUDA memcpy Host-to-Device]
1865521695,8288,42660,273,1,1,8,4,1,39,0.002,0.000,,,,,NVIDIA A100-SXM4-40GB MIG 4g.20gb (0),1,,13,"void channel_eq::eqMmseCoefCompLowMimoKernel<float, float, float, (unsigned int)4, (unsigned int)1, (unsigned int)4>(const channel_eq::_puschRxChEqStatDescr *, channel_eq::_puschRxChEqCoefCompDynDescr)"
1865531423,5856,42661,273,1,1,12,11,1,51,0.002,0.000,,,,,NVIDIA A100-SXM4-40GB MIG 4g.20gb (0),1,,13,"void channel_eq::eqMmseSoftDemapKernel<float, __half, __half, float, (unsigned int)4, (unsigned short)16383>(channel_eq::_puschRxChEqStatDescr *, channel_eq::_puschRxChEqSoftDemapDynDescr)"
1865538719,279516,42662,1,1,1,32,32,1,30,0.000,0.000,,,,,NVIDIA A100-SXM4-40GB MIG 4g.20gb (0),1,,13,"void convert_kernel<float2, __half2>(tensor_layout_any, T1 *, tensor_layout_any, const T2 *)"
1865819963,10848,42674,2253,1,1,128,1,1,16,0.000,0.000,,,,,NVIDIA A100-SXM4-40GB MIG 4g.20gb (0),1,,13,cupy_copy__float16_float16
1865832443,3520,42683,282,1,1,128,1,1,16,0.000,0.000,,,,,NVIDIA A100-SXM4-40GB MIG 4g.20gb (0),1,,13,cupy_copy__complex64_complex64
1865837083,2016,42692,26,1,1,128,1,1,16,0.000,0.000,,,,,NVIDIA A100-SXM4-40GB MIG 4g.20gb (0),1,,13,cupy_copy__float32_float32
1865842107,4576,42701,103,1,1,128,1,1,16,0.000,0.000,,,,,NVIDIA A100-SXM4-40GB MIG 4g.20gb (0),1,,13,cupy_copy__complex64_complex64
1865848827,12000,42711,1434,1,1,128,1,1,16,0.000,0.000,,,,,NVIDIA A100-SXM4-40GB MIG 4g.20gb (0),1,,13,cupy_copy__complex64_complex64
1865867163,81918,42716,1,1,1,32,32,1,30,0.000,0.000,,,,,NVIDIA A100-SXM4-40GB MIG 4g.20gb (0),1,,13,"void convert_kernel<__half2, float2>(tensor_layout_any, T1 *, tensor_layout_any, const T2 *)"
1865975385,5792,42719,,,,,,,,,,0.094,16176.708,Pinned,Device,NVIDIA A100-SXM4-40GB MIG 4g.20gb (0),1,,13,[CUDA memcpy Host-to-Device]
1865986105,598169,42720,,,,,,,,,,456.561,762914.166,Device,,NVIDIA A100-SXM4-40GB MIG 4g.20gb (0),1,,13,[CUDA memset]
1866594225,164126,42725,,,,,,,,,,1.235,7523.279,Pinned,Device,NVIDIA A100-SXM4-40GB MIG 4g.20gb (0),1,,13,[CUDA memcpy Host-to-Device]
1866771023,39712,42726,,,,,,,,,,0.197,4950.786,Pinned,Device,NVIDIA A100-SXM4-40GB MIG 4g.20gb (0),1,,13,[CUDA memcpy Host-to-Device]
1866840046,8000,42727,69,4,1,48,1,1,76,0.002,0.000,,,,,NVIDIA A100-SXM4-40GB MIG 4g.20gb (0),1,,13,"void ch_est::windowedChEstPreNoDftSOfdmKernel<float, __half, float, (unsigned int)2, (unsigned int)1, (unsigned short)4>(ch_est::puschRxChEstStatDescr_t *, ch_est::puschRxChEstDynDescr_t *)"
1866860174,6784,42728,137,2,1,24,2,1,44,0.001,0.001,,,,,NVIDIA A100-SXM4-40GB MIG 4g.20gb (0),1,,13,"void ch_est::chEstFilterNoDftSOfdmDispatchKernel<float, __half, float, (unsigned int)2>(ch_est::puschRxChEstStatDescr_t *, ch_est::puschRxChEstDynDescr_t *)"
1866878126,4704,42729,137,2,1,24,2,1,44,0.001,0.001,,,,,NVIDIA A100-SXM4-40GB MIG 4g.20gb (0),1,,13,"void ch_est::chEstFilterNoDftSOfdmDispatchKernel<float, __half, float, (unsigned int)2>(ch_est::puschRxChEstStatDescr_t *, ch_est::puschRxChEstDynDescr_t *)"
1866895502,2688,42740,103,1,1,128,1,1,16,0.000,0.000,,,,,NVIDIA A100-SXM4-40GB MIG 4g.20gb (0),1,,13,cupy_copy__complex64_complex64
1866912366,12383,42750,1434,1,1,128,1,1,16,0.000,0.000,,,,,NVIDIA A100-SXM4-40GB MIG 4g.20gb (0),1,,13,cupy_copy__complex64_complex64
1866935917,2528,42757,103,1,1,128,1,1,16,0.000,0.000,,,,,NVIDIA A100-SXM4-40GB MIG 4g.20gb (0),1,,13,cupy_copy__complex64_complex64
1866954605,88319,42764,1,1,1,32,32,1,30,0.000,0.000,,,,,NVIDIA A100-SXM4-40GB MIG 4g.20gb (0),1,,13,"void convert_kernel<__half2, float2>(tensor_layout_any, T1 *, tensor_layout_any, const T2 *)"
1867073932,25023,42767,,,,,,,,,,0.094,3744.373,Pinned,Device,NVIDIA A100-SXM4-40GB MIG 4g.20gb (0),1,,13,[CUDA memcpy Host-to-Device]
1867110955,46688,42768,,,,,,,,,,35.810,766976.867,Device,,NVIDIA A100-SXM4-40GB MIG 4g.20gb (0),1,,13,[CUDA memset]
1867163210,8512,42770,,,,,,,,,,0.000,9.398,Pinned,Device,NVIDIA A100-SXM4-40GB MIG 4g.20gb (0),1,,13,[CUDA memcpy Host-to-Device]
1867182730,28640,42771,,,,,,,,,,0.197,6864.765,Pinned,Device,NVIDIA A100-SXM4-40GB MIG 4g.20gb (0),1,,13,[CUDA memcpy Host-to-Device]
1867221386,9856,42772,273,1,1,48,1,1,40,0.000,0.001,,,,,NVIDIA A100-SXM4-40GB MIG 4g.20gb (0),1,,13,"void pusch_noise_intf_est::noiseIntfEstNoDftSOfdmKernel<float, __half, float, float, (unsigned int)2, (unsigned int)1, (unsigned char)4, (unsigned char)4>(pusch_noise_intf_est::puschRxNoiseIntfEstDynDescr)"
1867241705,2624,42783,35,1,1,128,1,1,16,0.000,0.000,,,,,NVIDIA A100-SXM4-40GB MIG 4g.20gb (0),1,,13,cupy_copy__complex64_complex64
1867251369,1760,42792,1,1,1,1,1,1,18,0.000,0.000,,,,,NVIDIA A100-SXM4-40GB MIG 4g.20gb (0),1,,13,cupy_copy__float32_float32
1867256937,3872,42798,,,,,,,,,,0.000,1.033,Device,Pageable,NVIDIA A100-SXM4-40GB MIG 4g.20gb (0),1,,7,[CUDA memcpy Device-to-Host]
1867324552,12736,42809,1434,1,1,128,1,1,16,0.000,0.000,,,,,NVIDIA A100-SXM4-40GB MIG 4g.20gb (0),1,,13,cupy_copy__complex64_complex64
1867349704,2912,42816,103,1,1,128,1,1,16,0.000,0.000,,,,,NVIDIA A100-SXM4-40GB MIG 4g.20gb (0),1,,13,cupy_copy__complex64_complex64
1867374472,2432,42823,35,1,1,128,1,1,16,0.000,0.000,,,,,NVIDIA A100-SXM4-40GB MIG 4g.20gb (0),1,,13,cupy_copy__complex64_complex64
1867393960,1760,42830,1,1,1,1,1,1,18,0.000,0.000,,,,,NVIDIA A100-SXM4-40GB MIG 4g.20gb (0),1,,13,cupy_copy__float32_float32
1867525510,82463,42841,1,1,1,32,32,1,30,0.000,0.000,,,,,NVIDIA A100-SXM4-40GB MIG 4g.20gb (0),1,,13,"void convert_kernel<__half2, float2>(tensor_layout_any, T1 *, tensor_layout_any, const T2 *)"
1867636773,5568,42844,,,,,,,,,,0.094,16827.521,Pinned,Device,NVIDIA A100-SXM4-40GB MIG 4g.20gb (0),1,,13,[CUDA memcpy Host-to-Device]
1867650564,3296,42845,,,,,,,,,,1.547,469242.628,Device,,NVIDIA A100-SXM4-40GB MIG 4g.20gb (0),1,,13,[CUDA memset]
1867657732,3584,42850,,,,,,,,,,0.031,8732.116,Pinned,Device,NVIDIA A100-SXM4-40GB MIG 4g.20gb (0),1,,13,[CUDA memcpy Host-to-Device]
1867664132,9792,42851,,,,,,,,,,0.197,20078.395,Pinned,Device,NVIDIA A100-SXM4-40GB MIG 4g.20gb (0),1,,13,[CUDA memcpy Host-to-Device]
1867678084,8352,42852,273,1,1,8,4,1,39,0.002,0.000,,,,,NVIDIA A100-SXM4-40GB MIG 4g.20gb (0),1,,13,"void channel_eq::eqMmseCoefCompLowMimoKernel<float, float, float, (unsigned int)4, (unsigned int)1, (unsigned int)4>(const channel_eq::_puschRxChEqStatDescr *, channel_eq::_puschRxChEqCoefCompDynDescr)"
1867688740,6080,42853,273,1,1,12,11,1,51,0.002,0.000,,,,,NVIDIA A100-SXM4-40GB MIG 4g.20gb (0),1,,13,"void channel_eq::eqMmseSoftDemapKernel<float, __half, __half, float, (unsigned int)4, (unsigned short)16383>(channel_eq::_puschRxChEqStatDescr *, channel_eq::_puschRxChEqSoftDemapDynDescr)"
1867698052,294140,42854,1,1,1,32,32,1,30,0.000,0.000,,,,,NVIDIA A100-SXM4-40GB MIG 4g.20gb (0),1,,13,"void convert_kernel<float2, __half2>(tensor_layout_any, T1 *, tensor_layout_any, const T2 *)"
1867994496,10976,42866,2253,1,1,128,1,1,16,0.000,0.000,,,,,NVIDIA A100-SXM4-40GB MIG 4g.20gb (0),1,,13,cupy_copy__float16_float16
1868007680,3168,42875,282,1,1,128,1,1,16,0.000,0.000,,,,,NVIDIA A100-SXM4-40GB MIG 4g.20gb (0),1,,13,cupy_copy__complex64_complex64
1868012160,2016,42884,26,1,1,128,1,1,16,0.000,0.000,,,,,NVIDIA A100-SXM4-40GB MIG 4g.20gb (0),1,,13,cupy_copy__float32_float32
1868016032,4832,42893,103,1,1,128,1,1,16,0.000,0.000,,,,,NVIDIA A100-SXM4-40GB MIG 4g.20gb (0),1,,13,cupy_copy__complex64_complex64
1868022624,12192,42903,1434,1,1,128,1,1,16,0.000,0.000,,,,,NVIDIA A100-SXM4-40GB MIG 4g.20gb (0),1,,13,cupy_copy__complex64_complex64
1868040800,86686,42908,1,1,1,32,32,1,30,0.000,0.000,,,,,NVIDIA A100-SXM4-40GB MIG 4g.20gb (0),1,,13,"void convert_kernel<__half2, float2>(tensor_layout_any, T1 *, tensor_layout_any, const T2 *)"
1868154590,5600,42911,,,,,,,,,,0.094,16731.388,Pinned,Device,NVIDIA A100-SXM4-40GB MIG 4g.20gb (0),1,,13,[CUDA memcpy Host-to-Device]
1868167070,596921,42912,,,,,,,,,,456.561,764740.412,Device,,NVIDIA A100-SXM4-40GB MIG 4g.20gb (0),1,,13,[CUDA memset]
1868774870,130239,42917,,,,,,,,,,1.235,9481.900,Pinned,Device,NVIDIA A100-SXM4-40GB MIG 4g.20gb (0),1,,13,[CUDA memcpy Host-to-Device]
1868916597,38687,42918,,,,,,,,,,0.197,5081.924,Pinned,Device,NVIDIA A100-SXM4-40GB MIG 4g.20gb (0),1,,13,[CUDA memcpy Host-to-Device]
1868979764,8320,42919,69,4,1,48,1,1,76,0.002,0.000,,,,,NVIDIA A100-SXM4-40GB MIG 4g.20gb (0),1,,13,"void ch_est::windowedChEstPreNoDftSOfdmKernel<float, __half, float, (unsigned int)2, (unsigned int)1, (unsigned short)4>(ch_est::puschRxChEstStatDescr_t *, ch_est::puschRxChEstDynDescr_t *)"
1868999604,6752,42920,137,2,1,24,2,1,44,0.001,0.001,,,,,NVIDIA A100-SXM4-40GB MIG 4g.20gb (0),1,,13,"void ch_est::chEstFilterNoDftSOfdmDispatchKernel<float, __half, float, (unsigned int)2>(ch_est::puschRxChEstStatDescr_t *, ch_est::puschRxChEstDynDescr_t *)"
1869016083,4768,42921,137,2,1,24,2,1,44,0.001,0.001,,,,,NVIDIA A100-SXM4-40GB MIG 4g.20gb (0),1,,13,"void ch_est::chEstFilterNoDftSOfdmDispatchKernel<float, __half, float, (unsigned int)2>(ch_est::puschRxChEstStatDescr_t *, ch_est::puschRxChEstDynDescr_t *)"
1869035827,2656,42932,103,1,1,128,1,1,16,0.000,0.000,,,,,NVIDIA A100-SXM4-40GB MIG 4g.20gb (0),1,,13,cupy_copy__complex64_complex64
1869052211,12576,42942,1434,1,1,128,1,1,16,0.000,0.000,,,,,NVIDIA A100-SXM4-40GB MIG 4g.20gb (0),1,,13,cupy_copy__complex64_complex64
1869071443,2912,42949,103,1,1,128,1,1,16,0.000,0.000,,,,,NVIDIA A100-SXM4-40GB MIG 4g.20gb (0),1,,13,cupy_copy__complex64_complex64
1869095506,100223,42956,1,1,1,32,32,1,30,0.000,0.000,,,,,NVIDIA A100-SXM4-40GB MIG 4g.20gb (0),1,,13,"void convert_kernel<__half2, float2>(tensor_layout_any, T1 *, tensor_layout_any, const T2 *)"
1869229297,26112,42959,,,,,,,,,,0.094,3588.182,Pinned,Device,NVIDIA A100-SXM4-40GB MIG 4g.20gb (0),1,,13,[CUDA memcpy Host-to-Device]
1869271216,47328,42960,,,,,,,,,,35.810,756627.800,Device,,NVIDIA A100-SXM4-40GB MIG 4g.20gb (0),1,,13,[CUDA memset]
1869325712,7936,42962,,,,,,,,,,0.000,10.081,Pinned,Device,NVIDIA A100-SXM4-40GB MIG 4g.20gb (0),1,,13,[CUDA memcpy Host-to-Device]
1869345071,28000,42963,,,,,,,,,,0.197,7021.658,Pinned,Device,NVIDIA A100-SXM4-40GB MIG 4g.20gb (0),1,,13,[CUDA memcpy Host-to-Device]
1869391023,9184,42964,273,1,1,48,1,1,40,0.000,0.001,,,,,NVIDIA A100-SXM4-40GB MIG 4g.20gb (0),1,,13,"void pusch_noise_intf_est::noiseIntfEstNoDftSOfdmKernel<float, __half, float, float, (unsigned int)2, (unsigned int)1, (unsigned char)4, (unsigned char)4>(pusch_noise_intf_est::puschRxNoiseIntfEstDynDescr)"
1869407887,2720,42975,35,1,1,128,1,1,16,0.000,0.000,,,,,NVIDIA A100-SXM4-40GB MIG 4g.20gb (0),1,,13,cupy_copy__complex64_complex64
1869424718,1696,42984,1,1,1,1,1,1,18,0.000,0.000,,,,,NVIDIA A100-SXM4-40GB MIG 4g.20gb (0),1,,13,cupy_copy__float32_float32
1869432206,4224,42990,,,,,,,,,,0.000,0.947,Device,Pageable,NVIDIA A100-SXM4-40GB MIG 4g.20gb (0),1,,7,[CUDA memcpy Device-to-Host]
1869530413,12512,43001,1434,1,1,128,1,1,16,0.000,0.000,,,,,NVIDIA A100-SXM4-40GB MIG 4g.20gb (0),1,,13,cupy_copy__complex64_complex64
1869553677,3392,43008,103,1,1,128,1,1,16,0.000,0.000,,,,,NVIDIA A100-SXM4-40GB MIG 4g.20gb (0),1,,13,cupy_copy__complex64_complex64
1869575565,2560,43015,35,1,1,128,1,1,16,0.000,0.000,,,,,NVIDIA A100-SXM4-40GB MIG 4g.20gb (0),1,,13,cupy_copy__complex64_complex64
1869598124,1824,43022,1,1,1,1,1,1,18,0.000,0.000,,,,,NVIDIA A100-SXM4-40GB MIG 4g.20gb (0),1,,13,cupy_copy__float32_float32
1869722891,90879,43033,1,1,1,32,32,1,30,0.000,0.000,,,,,NVIDIA A100-SXM4-40GB MIG 4g.20gb (0),1,,13,"void convert_kernel<__half2, float2>(tensor_layout_any, T1 *, tensor_layout_any, const T2 *)"
1869842569,5824,43036,,,,,,,,,,0.094,16087.884,Pinned,Device,NVIDIA A100-SXM4-40GB MIG 4g.20gb (0),1,,13,[CUDA memcpy Host-to-Device]
1869858185,3392,43037,,,,,,,,,,1.547,455961.768,Device,,NVIDIA A100-SXM4-40GB MIG 4g.20gb (0),1,,13,[CUDA memset]
1869862985,3072,43042,,,,,,,,,,0.031,10187.474,Pinned,Device,NVIDIA A100-SXM4-40GB MIG 4g.20gb (0),1,,13,[CUDA memcpy Host-to-Device]
1869868777,9504,43043,,,,,,,,,,0.197,20686.701,Pinned,Device,NVIDIA A100-SXM4-40GB MIG 4g.20gb (0),1,,13,[CUDA memcpy Host-to-Device]
1869884233,6080,43044,273,1,1,8,4,1,39,0.002,0.000,,,,,NVIDIA A100-SXM4-40GB MIG 4g.20gb (0),1,,13,"void channel_eq::eqMmseCoefCompLowMimoKernel<float, float, float, (unsigned int)4, (unsigned int)1, (unsigned int)4>(const channel_eq::_puschRxChEqStatDescr *, channel_eq::_puschRxChEqCoefCompDynDescr)"
1869891369,6176,43045,273,1,1,12,11,1,51,0.002,0.000,,,,,NVIDIA A100-SXM4-40GB MIG 4g.20gb (0),1,,13,"void channel_eq::eqMmseSoftDemapKernel<float, __half, __half, float, (unsigned int)4, (unsigned short)16383>(channel_eq::_puschRxChEqStatDescr *, channel_eq::_puschRxChEqSoftDemapDynDescr)"
1869898665,294492,43046,1,1,1,32,32,1,30,0.000,0.000,,,,,NVIDIA A100-SXM4-40GB MIG 4g.20gb (0),1,,13,"void convert_kernel<float2, __half2>(tensor_layout_any, T1 *, tensor_layout_any, const T2 *)"
1870195077,11104,43058,2253,1,1,128,1,1,16,0.000,0.000,,,,,NVIDIA A100-SXM4-40GB MIG 4g.20gb (0),1,,13,cupy_copy__float16_float16
1870209029,3200,43067,282,1,1,128,1,1,16,0.000,0.000,,,,,NVIDIA A100-SXM4-40GB MIG 4g.20gb (0),1,,13,cupy_copy__complex64_complex64
1870215269,2048,43076,26,1,1,128,1,1,16,0.000,0.000,,,,,NVIDIA A100-SXM4-40GB MIG 4g.20gb (0),1,,13,cupy_copy__float32_float32
1870218757,4736,43085,103,1,1,128,1,1,16,0.000,0.000,,,,,NVIDIA A100-SXM4-40GB MIG 4g.20gb (0),1,,13,cupy_copy__complex64_complex64
1870225700,12096,43095,1434,1,1,128,1,1,16,0.000,0.000,,,,,NVIDIA A100-SXM4-40GB MIG 4g.20gb (0),1,,13,cupy_copy__complex64_complex64
1870242660,82815,43100,1,1,1,32,32,1,30,0.000,0.000,,,,,NVIDIA A100-SXM4-40GB MIG 4g.20gb (0),1,,13,"void convert_kernel<__half2, float2>(tensor_layout_any, T1 *, tensor_layout_any, const T2 *)"
1870352323,5600,43103,,,,,,,,,,0.094,16731.388,Pinned,Device,NVIDIA A100-SXM4-40GB MIG 4g.20gb (0),1,,13,[CUDA memcpy Host-to-Device]
1870362403,597272,43104,,,,,,,,,,456.561,764283.851,Device,,NVIDIA A100-SXM4-40GB MIG 4g.20gb (0),1,,13,[CUDA memset]
1870968187,131487,43109,,,,,,,,,,1.235,9391.749,Pinned,Device,NVIDIA A100-SXM4-40GB MIG 4g.20gb (0),1,,13,[CUDA memcpy Host-to-Device]
1871109146,22879,43110,,,,,,,,,,0.197,8593.342,Pinned,Device,NVIDIA A100-SXM4-40GB MIG 4g.20gb (0),1,,13,[CUDA memcpy Host-to-Device]
1871147769,8448,43111,69,4,1,48,1,1,76,0.002,0.000,,,,,NVIDIA A100-SXM4-40GB MIG 4g.20gb (0),1,,13,"void ch_est::windowedChEstPreNoDftSOfdmKernel<float, __half, float, (unsigned int)2, (unsigned int)1, (unsigned short)4>(ch_est::puschRxChEstStatDescr_t *, ch_est::puschRxChEstDynDescr_t *)"
1871163449,7008,43112,137,2,1,24,2,1,44,0.001,0.001,,,,,NVIDIA A100-SXM4-40GB MIG 4g.20gb (0),1,,13,"void ch_est::chEstFilterNoDftSOfdmDispatchKernel<float, __half, float, (unsigned int)2>(ch_est::puschRxChEstStatDescr_t *, ch_est::puschRxChEstDynDescr_t *)"
1871177977,4864,43113,137,2,1,24,2,1,44,0.001,0.001,,,,,NVIDIA A100-SXM4-40GB MIG 4g.20gb (0),1,,13,"void ch_est::chEstFilterNoDftSOfdmDispatchKernel<float, __half, float, (unsigned int)2>(ch_est::puschRxChEstStatDescr_t *, ch_est::puschRxChEstDynDescr_t *)"
1871186041,2592,43124,103,1,1,128,1,1,16,0.000,0.000,,,,,NVIDIA A100-SXM4-40GB MIG 4g.20gb (0),1,,13,cupy_copy__complex64_complex64
1871194360,12640,43134,1434,1,1,128,1,1,16,0.000,0.000,,,,,NVIDIA A100-SXM4-40GB MIG 4g.20gb (0),1,,13,cupy_copy__complex64_complex64
1871209176,2688,43141,103,1,1,128,1,1,16,0.000,0.000,,,,,NVIDIA A100-SXM4-40GB MIG 4g.20gb (0),1,,13,cupy_copy__complex64_complex64
1871217912,86687,43148,1,1,1,32,32,1,30,0.000,0.000,,,,,NVIDIA A100-SXM4-40GB MIG 4g.20gb (0),1,,13,"void convert_kernel<__half2, float2>(tensor_layout_any, T1 *, tensor_layout_any, const T2 *)"
1871332407,5728,43151,,,,,,,,,,0.094,16357.541,Pinned,Device,NVIDIA A100-SXM4-40GB MIG 4g.20gb (0),1,,13,[CUDA memcpy Host-to-Device]
1871345943,47839,43152,,,,,,,,,,35.810,748534.758,Device,,NVIDIA A100-SXM4-40GB MIG 4g.20gb (0),1,,13,[CUDA memset]
1871399990,2464,43154,,,,,,,,,,0.000,32.468,Pinned,Device,NVIDIA A100-SXM4-40GB MIG 4g.20gb (0),1,,13,[CUDA memcpy Host-to-Device]
1871408502,14208,43155,,,,,,,,,,0.197,13837.664,Pinned,Device,NVIDIA A100-SXM4-40GB MIG 4g.20gb (0),1,,13,[CUDA memcpy Host-to-Device]
1871432438,9567,43156,273,1,1,48,1,1,40,0.000,0.001,,,,,NVIDIA A100-SXM4-40GB MIG 4g.20gb (0),1,,13,"void pusch_noise_intf_est::noiseIntfEstNoDftSOfdmKernel<float, __half, float, float, (unsigned int)2, (unsigned int)1, (unsigned char)4, (unsigned char)4>(pusch_noise_intf_est::puschRxNoiseIntfEstDynDescr)"
1871447029,2784,43167,35,1,1,128,1,1,16,0.000,0.000,,,,,NVIDIA A100-SXM4-40GB MIG 4g.20gb (0),1,,13,cupy_copy__complex64_complex64
1871455925,1984,43176,1,1,1,1,1,1,18,0.000,0.000,,,,,NVIDIA A100-SXM4-40GB MIG 4g.20gb (0),1,,13,cupy_copy__float32_float32
1871485749,2016,43182,,,,,,,,,,0.000,1.984,Device,Pageable,NVIDIA A100-SXM4-40GB MIG 4g.20gb (0),1,,7,[CUDA memcpy Device-to-Host]
1871548148,13504,43193,1434,1,1,128,1,1,16,0.000,0.000,,,,,NVIDIA A100-SXM4-40GB MIG 4g.20gb (0),1,,13,cupy_copy__complex64_complex64
1871574676,2592,43200,103,1,1,128,1,1,16,0.000,0.000,,,,,NVIDIA A100-SXM4-40GB MIG 4g.20gb (0),1,,13,cupy_copy__complex64_complex64
1871597364,2207,43207,35,1,1,128,1,1,16,0.000,0.000,,,,,NVIDIA A100-SXM4-40GB MIG 4g.20gb (0),1,,13,cupy_copy__complex64_complex64
1871614291,1760,43214,1,1,1,1,1,1,18,0.000,0.000,,,,,NVIDIA A100-SXM4-40GB MIG 4g.20gb (0),1,,13,cupy_copy__float32_float32
1871745778,82751,43225,1,1,1,32,32,1,30,0.000,0.000,,,,,NVIDIA A100-SXM4-40GB MIG 4g.20gb (0),1,,13,"void convert_kernel<__half2, float2>(tensor_layout_any, T1 *, tensor_layout_any, const T2 *)"
1871855504,5824,43228,,,,,,,,,,0.094,16087.884,Pinned,Device,NVIDIA A100-SXM4-40GB MIG 4g.20gb (0),1,,13,[CUDA memcpy Host-to-Device]
1871870608,3424,43229,,,,,,,,,,1.547,451700.819,Device,,NVIDIA A100-SXM4-40GB MIG 4g.20gb (0),1,,13,[CUDA memset]
1871877328,3360,43234,,,,,,,,,,0.031,9314.284,Pinned,Device,NVIDIA A100-SXM4-40GB MIG 4g.20gb (0),1,,13,[CUDA memcpy Host-to-Device]
1871883216,10144,43235,,,,,,,,,,0.197,19381.617,Pinned,Device,NVIDIA A100-SXM4-40GB MIG 4g.20gb (0),1,,13,[CUDA memcpy Host-to-Device]
1871897296,6048,43236,273,1,1,8,4,1,39,0.002,0.000,,,,,NVIDIA A100-SXM4-40GB MIG 4g.20gb (0),1,,13,"void channel_eq::eqMmseCoefCompLowMimoKernel<float, float, float, (unsigned int)4, (unsigned int)1, (unsigned int)4>(const channel_eq::_puschRxChEqStatDescr *, channel_eq::_puschRxChEqCoefCompDynDescr)"
1871904432,5984,43237,273,1,1,12,11,1,51,0.002,0.000,,,,,NVIDIA A100-SXM4-40GB MIG 4g.20gb (0),1,,13,"void channel_eq::eqMmseSoftDemapKernel<float, __half, __half, float, (unsigned int)4, (unsigned short)16383>(channel_eq::_puschRxChEqStatDescr *, channel_eq::_puschRxChEqSoftDemapDynDescr)"
1871913712,283196,43238,1,1,1,32,32,1,30,0.000,0.000,,,,,NVIDIA A100-SXM4-40GB MIG 4g.20gb (0),1,,13,"void convert_kernel<float2, __half2>(tensor_layout_any, T1 *, tensor_layout_any, const T2 *)"
1872197932,11040,43250,2253,1,1,128,1,1,16,0.000,0.000,,,,,NVIDIA A100-SXM4-40GB MIG 4g.20gb (0),1,,13,cupy_copy__float16_float16
1872212908,3424,43259,282,1,1,128,1,1,16,0.000,0.000,,,,,NVIDIA A100-SXM4-40GB MIG 4g.20gb (0),1,,13,cupy_copy__complex64_complex64
1872218732,2720,43268,26,1,1,128,1,1,16,0.000,0.000,,,,,NVIDIA A100-SXM4-40GB MIG 4g.20gb (0),1,,13,cupy_copy__float32_float32
1872222540,2784,43277,103,1,1,128,1,1,16,0.000,0.000,,,,,NVIDIA A100-SXM4-40GB MIG 4g.20gb (0),1,,13,cupy_copy__complex64_complex64
1872226316,12256,43287,1434,1,1,128,1,1,16,0.000,0.000,,,,,NVIDIA A100-SXM4-40GB MIG 4g.20gb (0),1,,13,cupy_copy__complex64_complex64
1872245899,82431,43292,1,1,1,32,32,1,30,0.000,0.000,,,,,NVIDIA A100-SXM4-40GB MIG 4g.20gb (0),1,,13,"void convert_kernel<__half2, float2>(tensor_layout_any, T1 *, tensor_layout_any, const T2 *)"
1872358026,5696,43295,,,,,,,,,,0.094,16449.363,Pinned,Device,NVIDIA A100-SXM4-40GB MIG 4g.20gb (0),1,,13,[CUDA memcpy Host-to-Device]
1872370122,597433,43296,,,,,,,,,,456.561,763827.289,Device,,NVIDIA A100-SXM4-40GB MIG 4g.20gb (0),1,,13,[CUDA memset]
1872975202,168926,43301,,,,,,,,,,1.235,7309.634,Pinned,Device,NVIDIA A100-SXM4-40GB MIG 4g.20gb (0),1,,13,[CUDA memcpy Host-to-Device]
1873160672,40032,43302,,,,,,,,,,0.197,4911.268,Pinned,Device,NVIDIA A100-SXM4-40GB MIG 4g.20gb (0),1,,13,[CUDA memcpy Host-to-Device]
1873230655,8288,43303,69,4,1,48,1,1,76,0.002,0.000,,,,,NVIDIA A100-SXM4-40GB MIG 4g.20gb (0),1,,13,"void ch_est::windowedChEstPreNoDftSOfdmKernel<float, __half, float, (unsigned int)2, (unsigned int)1, (unsigned short)4>(ch_est::puschRxChEstStatDescr_t *, ch_est::puschRxChEstDynDescr_t *)"
1873248383,6560,43304,137,2,1,24,2,1,44,0.001,0.001,,,,,NVIDIA A100-SXM4-40GB MIG 4g.20gb (0),1,,13,"void ch_est::chEstFilterNoDftSOfdmDispatchKernel<float, __half, float, (unsigned int)2>(ch_est::puschRxChEstStatDescr_t *, ch_est::puschRxChEstDynDescr_t *)"
1873265503,4800,43305,137,2,1,24,2,1,44,0.001,0.001,,,,,NVIDIA A100-SXM4-40GB MIG 4g.20gb (0),1,,13,"void ch_est::chEstFilterNoDftSOfdmDispatchKernel<float, __half, float, (unsigned int)2>(ch_est::puschRxChEstStatDescr_t *, ch_est::puschRxChEstDynDescr_t *)"
1873281151,2624,43316,103,1,1,128,1,1,16,0.000,0.000,,,,,NVIDIA A100-SXM4-40GB MIG 4g.20gb (0),1,,13,cupy_copy__complex64_complex64
1873295710,12384,43326,1434,1,1,128,1,1,16,0.000,0.000,,,,,NVIDIA A100-SXM4-40GB MIG 4g.20gb (0),1,,13,cupy_copy__complex64_complex64
1873314430,2592,43333,103,1,1,128,1,1,16,0.000,0.000,,,,,NVIDIA A100-SXM4-40GB MIG 4g.20gb (0),1,,13,cupy_copy__complex64_complex64
1873329534,87071,43340,1,1,1,32,32,1,30,0.000,0.000,,,,,NVIDIA A100-SXM4-40GB MIG 4g.20gb (0),1,,13,"void convert_kernel<__half2, float2>(tensor_layout_any, T1 *, tensor_layout_any, const T2 *)"
1873448061,9055,43343,,,,,,,,,,0.094,10347.411,Pinned,Device,NVIDIA A100-SXM4-40GB MIG 4g.20gb (0),1,,13,[CUDA memcpy Host-to-Device]
1873468412,47424,43344,,,,,,,,,,35.810,755087.973,Device,,NVIDIA A100-SXM4-40GB MIG 4g.20gb (0),1,,13,[CUDA memset]
1873522044,6784,43346,,,,,,,,,,0.000,11.792,Pinned,Device,NVIDIA A100-SXM4-40GB MIG 4g.20gb (0),1,,13,[CUDA memcpy Host-to-Device]
1873533020,18623,43347,,,,,,,,,,0.197,10557.260,Pinned,Device,NVIDIA A100-SXM4-40GB MIG 4g.20gb (0),1,,13,[CUDA memcpy Host-to-Device]
1873563995,9664,43348,273,1,1,48,1,1,40,0.000,0.001,,,,,NVIDIA A100-SXM4-40GB MIG 4g.20gb (0),1,,13,"void pusch_noise_intf_est::noiseIntfEstNoDftSOfdmKernel<float, __half, float, float, (unsigned int)2, (unsigned int)1, (unsigned char)4, (unsigned char)4>(pusch_noise_intf_est::puschRxNoiseIntfEstDynDescr)"
1873579899,2752,43359,35,1,1,128,1,1,16,0.000,0.000,,,,,NVIDIA A100-SXM4-40GB MIG 4g.20gb (0),1,,13,cupy_copy__complex64_complex64
1873585339,1824,43368,1,1,1,1,1,1,18,0.000,0.000,,,,,NVIDIA A100-SXM4-40GB MIG 4g.20gb (0),1,,13,cupy_copy__float32_float32
1873601147,2080,43374,,,,,,,,,,0.000,1.923,Device,Pageable,NVIDIA A100-SXM4-40GB MIG 4g.20gb (0),1,,7,[CUDA memcpy Device-to-Host]
1873662202,12736,43385,1434,1,1,128,1,1,16,0.000,0.000,,,,,NVIDIA A100-SXM4-40GB MIG 4g.20gb (0),1,,13,cupy_copy__complex64_complex64
1873691066,3296,43392,103,1,1,128,1,1,16,0.000,0.000,,,,,NVIDIA A100-SXM4-40GB MIG 4g.20gb (0),1,,13,cupy_copy__complex64_complex64
1873710489,2304,43399,35,1,1,128,1,1,16,0.000,0.000,,,,,NVIDIA A100-SXM4-40GB MIG 4g.20gb (0),1,,13,cupy_copy__complex64_complex64
1873728697,1952,43406,1,1,1,1,1,1,18,0.000,0.000,,,,,NVIDIA A100-SXM4-40GB MIG 4g.20gb (0),1,,13,cupy_copy__float32_float32
1873864823,81215,43417,1,1,1,32,32,1,30,0.000,0.000,,,,,NVIDIA A100-SXM4-40GB MIG 4g.20gb (0),1,,13,"void convert_kernel<__half2, float2>(tensor_layout_any, T1 *, tensor_layout_any, const T2 *)"
1873974390,5728,43420,,,,,,,,,,0.094,16357.541,Pinned,Device,NVIDIA A100-SXM4-40GB MIG 4g.20gb (0),1,,13,[CUDA memcpy Host-to-Device]
1873988982,3200,43421,,,,,,,,,,1.547,483320.000,Device,,NVIDIA A100-SXM4-40GB MIG 4g.20gb (0),1,,13,[CUDA memset]
1873996438,3232,43426,,,,,,,,,,0.031,9683.139,Pinned,Device,NVIDIA A100-SXM4-40GB MIG 4g.20gb (0),1,,13,[CUDA memcpy Host-to-Device]
1874002422,9952,43427,,,,,,,,,,0.197,19755.565,Pinned,Device,NVIDIA A100-SXM4-40GB MIG 4g.20gb (0),1,,13,[CUDA memcpy Host-to-Device]
1874017142,6175,43428,273,1,1,8,4,1,39,0.002,0.000,,,,,NVIDIA A100-SXM4-40GB MIG 4g.20gb (0),1,,13,"void channel_eq::eqMmseCoefCompLowMimoKernel<float, float, float, (unsigned int)4, (unsigned int)1, (unsigned int)4>(const channel_eq::_puschRxChEqStatDescr *, channel_eq::_puschRxChEqCoefCompDynDescr)"
1874024501,6048,43429,273,1,1,12,11,1,51,0.002,0.000,,,,,NVIDIA A100-SXM4-40GB MIG 4g.20gb (0),1,,13,"void channel_eq::eqMmseSoftDemapKernel<float, __half, __half, float, (unsigned int)4, (unsigned short)16383>(channel_eq::_puschRxChEqStatDescr *, channel_eq::_puschRxChEqSoftDemapDynDescr)"
1874031701,283005,43430,1,1,1,32,32,1,30,0.000,0.000,,,,,NVIDIA A100-SXM4-40GB MIG 4g.20gb (0),1,,13,"void convert_kernel<float2, __half2>(tensor_layout_any, T1 *, tensor_layout_any, const T2 *)"
1874317618,11040,43442,2253,1,1,128,1,1,16,0.000,0.000,,,,,NVIDIA A100-SXM4-40GB MIG 4g.20gb (0),1,,13,cupy_copy__float16_float16
1874334066,3168,43451,282,1,1,128,1,1,16,0.000,0.000,,,,,NVIDIA A100-SXM4-40GB MIG 4g.20gb (0),1,,13,cupy_copy__complex64_complex64
1874338834,2176,43460,26,1,1,128,1,1,16,0.000,0.000,,,,,NVIDIA A100-SXM4-40GB MIG 4g.20gb (0),1,,13,cupy_copy__float32_float32
1874342353,7136,43469,103,1,1,128,1,1,16,0.000,0.000,,,,,NVIDIA A100-SXM4-40GB MIG 4g.20gb (0),1,,13,cupy_copy__complex64_complex64
1874352017,12160,43479,1434,1,1,128,1,1,16,0.000,0.000,,,,,NVIDIA A100-SXM4-40GB MIG 4g.20gb (0),1,,13,cupy_copy__complex64_complex64
1874369169,82847,43484,1,1,1,32,32,1,30,0.000,0.000,,,,,NVIDIA A100-SXM4-40GB MIG 4g.20gb (0),1,,13,"void convert_kernel<__half2, float2>(tensor_layout_any, T1 *, tensor_layout_any, const T2 *)"
1874479120,5504,43487,,,,,,,,,,0.094,17023.251,Pinned,Device,NVIDIA A100-SXM4-40GB MIG 4g.20gb (0),1,,13,[CUDA memcpy Host-to-Device]
1874488976,598232,43488,,,,,,,,,,456.561,762914.166,Device,,NVIDIA A100-SXM4-40GB MIG 4g.20gb (0),1,,13,[CUDA memset]
1875092040,153886,43493,,,,,,,,,,1.235,8024.666,Pinned,Device,NVIDIA A100-SXM4-40GB MIG 4g.20gb (0),1,,13,[CUDA memcpy Host-to-Device]
1875258694,37088,43494,,,,,,,,,,0.197,5300.945,Pinned,Device,NVIDIA A100-SXM4-40GB MIG 4g.20gb (0),1,,13,[CUDA memcpy Host-to-Device]
1875320805,8192,43495,69,4,1,48,1,1,76,0.002,0.000,,,,,NVIDIA A100-SXM4-40GB MIG 4g.20gb (0),1,,13,"void ch_est::windowedChEstPreNoDftSOfdmKernel<float, __half, float, (unsigned int)2, (unsigned int)1, (unsigned short)4>(ch_est::puschRxChEstStatDescr_t *, ch_est::puschRxChEstDynDescr_t *)"
1875338757,6176,43496,137,2,1,24,2,1,44,0.001,0.001,,,,,NVIDIA A100-SXM4-40GB MIG 4g.20gb (0),1,,13,"void ch_est::chEstFilterNoDftSOfdmDispatchKernel<float, __half, float, (unsigned int)2>(ch_est::puschRxChEstStatDescr_t *, ch_est::puschRxChEstDynDescr_t *)"
1875358181,4736,43497,137,2,1,24,2,1,44,0.001,0.001,,,,,NVIDIA A100-SXM4-40GB MIG 4g.20gb (0),1,,13,"void ch_est::chEstFilterNoDftSOfdmDispatchKernel<float, __half, float, (unsigned int)2>(ch_est::puschRxChEstStatDescr_t *, ch_est::puschRxChEstDynDescr_t *)"
1875374757,2752,43508,103,1,1,128,1,1,16,0.000,0.000,,,,,NVIDIA A100-SXM4-40GB MIG 4g.20gb (0),1,,13,cupy_copy__complex64_complex64
1875391972,12288,43518,1434,1,1,128,1,1,16,0.000,0.000,,,,,NVIDIA A100-SXM4-40GB MIG 4g.20gb (0),1,,13,cupy_copy__complex64_complex64
1875410468,2912,43525,103,1,1,128,1,1,16,0.000,0.000,,,,,NVIDIA A100-SXM4-40GB MIG 4g.20gb (0),1,,13,cupy_copy__complex64_complex64
1875431428,96415,43532,1,1,1,32,32,1,30,0.000,0.000,,,,,NVIDIA A100-SXM4-40GB MIG 4g.20gb (0),1,,13,"void convert_kernel<__half2, float2>(tensor_layout_any, T1 *, tensor_layout_any, const T2 *)"
1875566114,20224,43535,,,,,,,,,,0.094,4632.892,Pinned,Device,NVIDIA A100-SXM4-40GB MIG 4g.20gb (0),1,,13,[CUDA memcpy Host-to-Device]
1875598818,47871,43536,,,,,,,,,,35.810,748033.419,Device,,NVIDIA A100-SXM4-40GB MIG 4g.20gb (0),1,,13,[CUDA memset]
1875647425,8224,43538,,,,,,,,,,0.000,9.728,Pinned,Device,NVIDIA A100-SXM4-40GB MIG 4g.20gb (0),1,,13,[CUDA memcpy Host-to-Device]
1875660737,22272,43539,,,,,,,,,,0.197,8827.503,Pinned,Device,NVIDIA A100-SXM4-40GB MIG 4g.20gb (0),1,,13,[CUDA memcpy Host-to-Device]
1875693217,10080,43540,273,1,1,48,1,1,40,0.000,0.001,,,,,NVIDIA A100-SXM4-40GB MIG 4g.20gb (0),1,,13,"void pusch_noise_intf_est::noiseIntfEstNoDftSOfdmKernel<float, __half, float, float, (unsigned int)2, (unsigned int)1, (unsigned char)4, (unsigned char)4>(pusch_noise_intf_est::puschRxNoiseIntfEstDynDescr)"
1875708161,2880,43551,35,1,1,128,1,1,16,0.000,0.000,,,,,NVIDIA A100-SXM4-40GB MIG 4g.20gb (0),1,,13,cupy_copy__complex64_complex64
1875716576,1920,43560,1,1,1,1,1,1,18,0.000,0.000,,,,,NVIDIA A100-SXM4-40GB MIG 4g.20gb (0),1,,13,cupy_copy__float32_float32
1875724288,5056,43566,,,,,,,,,,0.000,0.791,Device,Pageable,NVIDIA A100-SXM4-40GB MIG 4g.20gb (0),1,,7,[CUDA memcpy Device-to-Host]
1875804799,12896,43577,1434,1,1,128,1,1,16,0.000,0.000,,,,,NVIDIA A100-SXM4-40GB MIG 4g.20gb (0),1,,13,cupy_copy__complex64_complex64
1875822431,2976,43584,103,1,1,128,1,1,16,0.000,0.000,,,,,NVIDIA A100-SXM4-40GB MIG 4g.20gb (0),1,,13,cupy_copy__complex64_complex64
1875847327,2848,43591,35,1,1,128,1,1,16,0.000,0.000,,,,,NVIDIA A100-SXM4-40GB MIG 4g.20gb (0),1,,13,cupy_copy__complex64_complex64
1875867647,1984,43598,1,1,1,1,1,1,18,0.000,0.000,,,,,NVIDIA A100-SXM4-40GB MIG 4g.20gb (0),1,,13,cupy_copy__float32_float32
1875992477,82207,43609,1,1,1,32,32,1,30,0.000,0.000,,,,,NVIDIA A100-SXM4-40GB MIG 4g.20gb (0),1,,13,"void convert_kernel<__half2, float2>(tensor_layout_any, T1 *, tensor_layout_any, const T2 *)"
1876101756,5632,43612,,,,,,,,,,0.094,16636.287,Pinned,Device,NVIDIA A100-SXM4-40GB MIG 4g.20gb (0),1,,13,[CUDA memcpy Host-to-Device]
1876117179,3296,43613,,,,,,,,,,1.547,469242.628,Device,,NVIDIA A100-SXM4-40GB MIG 4g.20gb (0),1,,13,[CUDA memset]
1876122779,3040,43618,,,,,,,,,,0.031,10294.725,Pinned,Device,NVIDIA A100-SXM4-40GB MIG 4g.20gb (0),1,,13,[CUDA memcpy Host-to-Device]
1876128443,9760,43619,,,,,,,,,,0.197,20144.259,Pinned,Device,NVIDIA A100-SXM4-40GB MIG 4g.20gb (0),1,,13,[CUDA memcpy Host-to-Device]
1876143803,6336,43620,273,1,1,8,4,1,39,0.002,0.000,,,,,NVIDIA A100-SXM4-40GB MIG 4g.20gb (0),1,,13,"void channel_eq::eqMmseCoefCompLowMimoKernel<float, float, float, (unsigned int)4, (unsigned int)1, (unsigned int)4>(const channel_eq::_puschRxChEqStatDescr *, channel_eq::_puschRxChEqCoefCompDynDescr)"
1876151131,6144,43621,273,1,1,12,11,1,51,0.002,0.000,,,,,NVIDIA A100-SXM4-40GB MIG 4g.20gb (0),1,,13,"void channel_eq::eqMmseSoftDemapKernel<float, __half, __half, float, (unsigned int)4, (unsigned short)16383>(channel_eq::_puschRxChEqStatDescr *, channel_eq::_puschRxChEqSoftDemapDynDescr)"
1876158299,295164,43622,1,1,1,32,32,1,30,0.000,0.000,,,,,NVIDIA A100-SXM4-40GB MIG 4g.20gb (0),1,,13,"void convert_kernel<float2, __half2>(tensor_layout_any, T1 *, tensor_layout_any, const T2 *)"
1876454391,10944,43634,2253,1,1,128,1,1,16,0.000,0.000,,,,,NVIDIA A100-SXM4-40GB MIG 4g.20gb (0),1,,13,cupy_copy__float16_float16
1876468855,3840,43643,282,1,1,128,1,1,16,0.000,0.000,,,,,NVIDIA A100-SXM4-40GB MIG 4g.20gb (0),1,,13,cupy_copy__complex64_complex64
1876476119,2560,43652,26,1,1,128,1,1,16,0.000,0.000,,,,,NVIDIA A100-SXM4-40GB MIG 4g.20gb (0),1,,13,cupy_copy__float32_float32
1876480279,2784,43661,103,1,1,128,1,1,16,0.000,0.000,,,,,NVIDIA A100-SXM4-40GB MIG 4g.20gb (0),1,,13,cupy_copy__complex64_complex64
1876484087,11968,43671,1434,1,1,128,1,1,16,0.000,0.000,,,,,NVIDIA A100-SXM4-40GB MIG 4g.20gb (0),1,,13,cupy_copy__complex64_complex64
1876500471,87967,43676,1,1,1,32,32,1,30,0.000,0.000,,,,,NVIDIA A100-SXM4-40GB MIG 4g.20gb (0),1,,13,"void convert_kernel<__half2, float2>(tensor_layout_any, T1 *, tensor_layout_any, const T2 *)"
1876616213,6176,43679,,,,,,,,,,0.094,15170.975,Pinned,Device,NVIDIA A100-SXM4-40GB MIG 4g.20gb (0),1,,13,[CUDA memcpy Host-to-Device]
1876627829,597145,43680,,,,,,,,,,456.561,764283.851,Device,,NVIDIA A100-SXM4-40GB MIG 4g.20gb (0),1,,13,[CUDA memset]
1877231598,134430,43685,,,,,,,,,,1.235,9185.513,Pinned,Device,NVIDIA A100-SXM4-40GB MIG 4g.20gb (0),1,,13,[CUDA memcpy Host-to-Device]
1877374156,32384,43686,,,,,,,,,,0.197,6071.058,Pinned,Device,NVIDIA A100-SXM4-40GB MIG 4g.20gb (0),1,,13,[CUDA memcpy Host-to-Device]
1877428555,8128,43687,69,4,1,48,1,1,76,0.002,0.000,,,,,NVIDIA A100-SXM4-40GB MIG 4g.20gb (0),1,,13,"void ch_est::windowedChEstPreNoDftSOfdmKernel<float, __half, float, (unsigned int)2, (unsigned int)1, (unsigned short)4>(ch_est::puschRxChEstStatDescr_t *, ch_est::puschRxChEstDynDescr_t *)"
1877444139,6848,43688,137,2,1,24,2,1,44,0.001,0.001,,,,,NVIDIA A100-SXM4-40GB MIG 4g.20gb (0),1,,13,"void ch_est::chEstFilterNoDftSOfdmDispatchKernel<float, __half, float, (unsigned int)2>(ch_est::puschRxChEstStatDescr_t *, ch_est::puschRxChEstDynDescr_t *)"
1877457387,4768,43689,137,2,1,24,2,1,44,0.001,0.001,,,,,NVIDIA A100-SXM4-40GB MIG 4g.20gb (0),1,,13,"void ch_est::chEstFilterNoDftSOfdmDispatchKernel<float, __half, float, (unsigned int)2>(ch_est::puschRxChEstStatDescr_t *, ch_est::puschRxChEstDynDescr_t *)"
1877473227,2592,43700,103,1,1,128,1,1,16,0.000,0.000,,,,,NVIDIA A100-SXM4-40GB MIG 4g.20gb (0),1,,13,cupy_copy__complex64_complex64
1877487371,12671,43710,1434,1,1,128,1,1,16,0.000,0.000,,,,,NVIDIA A100-SXM4-40GB MIG 4g.20gb (0),1,,13,cupy_copy__complex64_complex64
1877523402,2624,43717,103,1,1,128,1,1,16,0.000,0.000,,,,,NVIDIA A100-SXM4-40GB MIG 4g.20gb (0),1,,13,cupy_copy__complex64_complex64
1877539882,85503,43724,1,1,1,32,32,1,30,0.000,0.000,,,,,NVIDIA A100-SXM4-40GB MIG 4g.20gb (0),1,,13,"void convert_kernel<__half2, float2>(tensor_layout_any, T1 *, tensor_layout_any, const T2 *)"
1877661320,24448,43727,,,,,,,,,,0.094,3832.447,Pinned,Device,NVIDIA A100-SXM4-40GB MIG 4g.20gb (0),1,,13,[CUDA memcpy Host-to-Device]
1877701032,46719,43728,,,,,,,,,,35.810,766475.528,Device,,NVIDIA A100-SXM4-40GB MIG 4g.20gb (0),1,,13,[CUDA memset]
1877753383,12544,43730,,,,,,,,,,0.000,6.378,Pinned,Device,NVIDIA A100-SXM4-40GB MIG 4g.20gb (0),1,,13,[CUDA memcpy Host-to-Device]
1877776263,33472,43731,,,,,,,,,,0.197,5873.664,Pinned,Device,NVIDIA A100-SXM4-40GB MIG 4g.20gb (0),1,,13,[CUDA memcpy Host-to-Device]
1877833606,9600,43732,273,1,1,48,1,1,40,0.000,0.001,,,,,NVIDIA A100-SXM4-40GB MIG 4g.20gb (0),1,,13,"void pusch_noise_intf_est::noiseIntfEstNoDftSOfdmKernel<float, __half, float, float, (unsigned int)2, (unsigned int)1, (unsigned char)4, (unsigned char)4>(pusch_noise_intf_est::puschRxNoiseIntfEstDynDescr)"
1877850118,2752,43743,35,1,1,128,1,1,16,0.000,0.000,,,,,NVIDIA A100-SXM4-40GB MIG 4g.20gb (0),1,,13,cupy_copy__complex64_complex64
1877866950,1664,43752,1,1,1,1,1,1,18,0.000,0.000,,,,,NVIDIA A100-SXM4-40GB MIG 4g.20gb (0),1,,13,cupy_copy__float32_float32
1877869286,8896,43758,,,,,,,,,,0.000,0.450,Device,Pageable,NVIDIA A100-SXM4-40GB MIG 4g.20gb (0),1,,7,[CUDA memcpy Device-to-Host]
1877961061,12831,43769,1434,1,1,128,1,1,16,0.000,0.000,,,,,NVIDIA A100-SXM4-40GB MIG 4g.20gb (0),1,,13,cupy_copy__complex64_complex64
1877984132,3392,43776,103,1,1,128,1,1,16,0.000,0.000,,,,,NVIDIA A100-SXM4-40GB MIG 4g.20gb (0),1,,13,cupy_copy__complex64_complex64
1878005156,2304,43783,35,1,1,128,1,1,16,0.000,0.000,,,,,NVIDIA A100-SXM4-40GB MIG 4g.20gb (0),1,,13,cupy_copy__complex64_complex64
1878023012,1760,43790,1,1,1,1,1,1,18,0.000,0.000,,,,,NVIDIA A100-SXM4-40GB MIG 4g.20gb (0),1,,13,cupy_copy__float32_float32
1878149666,81695,43801,1,1,1,32,32,1,30,0.000,0.000,,,,,NVIDIA A100-SXM4-40GB MIG 4g.20gb (0),1,,13,"void convert_kernel<__half2, float2>(tensor_layout_any, T1 *, tensor_layout_any, const T2 *)"
1878260385,6112,43804,,,,,,,,,,0.094,15329.790,Pinned,Device,NVIDIA A100-SXM4-40GB MIG 4g.20gb (0),1,,13,[CUDA memcpy Host-to-Device]
1878280417,3520,43805,,,,,,,,,,1.547,439380.412,Device,,NVIDIA A100-SXM4-40GB MIG 4g.20gb (0),1,,13,[CUDA memset]
1878290401,6335,43810,,,,,,,,,,0.031,4940.167,Pinned,Device,NVIDIA A100-SXM4-40GB MIG 4g.20gb (0),1,,13,[CUDA memcpy Host-to-Device]
1878301248,14688,43811,,,,,,,,,,0.197,13385.466,Pinned,Device,NVIDIA A100-SXM4-40GB MIG 4g.20gb (0),1,,13,[CUDA memcpy Host-to-Device]
1878328928,5984,43812,273,1,1,8,4,1,39,0.002,0.000,,,,,NVIDIA A100-SXM4-40GB MIG 4g.20gb (0),1,,13,"void channel_eq::eqMmseCoefCompLowMimoKernel<float, float, float, (unsigned int)4, (unsigned int)1, (unsigned int)4>(const channel_eq::_puschRxChEqStatDescr *, channel_eq::_puschRxChEqCoefCompDynDescr)"
1878341600,5248,43813,273,1,1,12,11,1,51,0.002,0.000,,,,,NVIDIA A100-SXM4-40GB MIG 4g.20gb (0),1,,13,"void channel_eq::eqMmseSoftDemapKernel<float, __half, __half, float, (unsigned int)4, (unsigned short)16383>(channel_eq::_puschRxChEqStatDescr *, channel_eq::_puschRxChEqSoftDemapDynDescr)"
1878351648,283196,43814,1,1,1,32,32,1,30,0.000,0.000,,,,,NVIDIA A100-SXM4-40GB MIG 4g.20gb (0),1,,13,"void convert_kernel<float2, __half2>(tensor_layout_any, T1 *, tensor_layout_any, const T2 *)"
1878635804,10976,43826,2253,1,1,128,1,1,16,0.000,0.000,,,,,NVIDIA A100-SXM4-40GB MIG 4g.20gb (0),1,,13,cupy_copy__float16_float16
1878651484,3104,43835,282,1,1,128,1,1,16,0.000,0.000,,,,,NVIDIA A100-SXM4-40GB MIG 4g.20gb (0),1,,13,cupy_copy__complex64_complex64
1878656764,2784,43844,26,1,1,128,1,1,16,0.000,0.000,,,,,NVIDIA A100-SXM4-40GB MIG 4g.20gb (0),1,,13,cupy_copy__float32_float32
1878661980,3040,43853,103,1,1,128,1,1,16,0.000,0.000,,,,,NVIDIA A100-SXM4-40GB MIG 4g.20gb (0),1,,13,cupy_copy__complex64_complex64
1878665980,11968,43863,1434,1,1,128,1,1,16,0.000,0.000,,,,,NVIDIA A100-SXM4-40GB MIG 4g.20gb (0),1,,13,cupy_copy__complex64_complex64
1878680476,91327,43868,1,1,1,32,32,1,30,0.000,0.000,,,,,NVIDIA A100-SXM4-40GB MIG 4g.20gb (0),1,,13,"void convert_kernel<__half2, float2>(tensor_layout_any, T1 *, tensor_layout_any, const T2 *)"
1878799098,6048,43871,,,,,,,,,,0.094,15491.978,Pinned,Device,NVIDIA A100-SXM4-40GB MIG 4g.20gb (0),1,,13,[CUDA memcpy Host-to-Device]
1878812442,597625,43872,,,,,,,,,,456.561,763827.289,Device,,NVIDIA A100-SXM4-40GB MIG 4g.20gb (0),1,,13,[CUDA memset]
1879418163,83359,43877,,,,,,,,,,1.235,14814.388,Pinned,Device,NVIDIA A100-SXM4-40GB MIG 4g.20gb (0),1,,13,[CUDA memcpy Host-to-Device]
1879508433,17152,43878,,,,,,,,,,0.197,11462.640,Pinned,Device,NVIDIA A100-SXM4-40GB MIG 4g.20gb (0),1,,13,[CUDA memcpy Host-to-Device]
1879540177,9408,43879,69,4,1,48,1,1,76,0.002,0.000,,,,,NVIDIA A100-SXM4-40GB MIG 4g.20gb (0),1,,13,"void ch_est::windowedChEstPreNoDftSOfdmKernel<float, __half, float, (unsigned int)2, (unsigned int)1, (unsigned short)4>(ch_est::puschRxChEstStatDescr_t *, ch_est::puschRxChEstDynDescr_t *)"
1879556785,6560,43880,137,2,1,24,2,1,44,0.001,0.001,,,,,NVIDIA A100-SXM4-40GB MIG 4g.20gb (0),1,,13,"void ch_est::chEstFilterNoDftSOfdmDispatchKernel<float, __half, float, (unsigned int)2>(ch_est::puschRxChEstStatDescr_t *, ch_est::puschRxChEstDynDescr_t *)"
1879564593,6112,43881,137,2,1,24,2,1,44,0.001,0.001,,,,,NVIDIA A100-SXM4-40GB MIG 4g.20gb (0),1,,13,"void ch_est::chEstFilterNoDftSOfdmDispatchKernel<float, __half, float, (unsigned int)2>(ch_est::puschRxChEstStatDescr_t *, ch_est::puschRxChEstDynDescr_t *)"
1879574961,2528,43892,103,1,1,128,1,1,16,0.000,0.000,,,,,NVIDIA A100-SXM4-40GB MIG 4g.20gb (0),1,,13,cupy_copy__complex64_complex64
1879584657,12831,43902,1434,1,1,128,1,1,16,0.000,0.000,,,,,NVIDIA A100-SXM4-40GB MIG 4g.20gb (0),1,,13,cupy_copy__complex64_complex64
1879599472,2592,43909,103,1,1,128,1,1,16,0.000,0.000,,,,,NVIDIA A100-SXM4-40GB MIG 4g.20gb (0),1,,13,cupy_copy__complex64_complex64
1879610000,88767,43916,1,1,1,32,32,1,30,0.000,0.000,,,,,NVIDIA A100-SXM4-40GB MIG 4g.20gb (0),1,,13,"void convert_kernel<__half2, float2>(tensor_layout_any, T1 *, tensor_layout_any, const T2 *)"
1879726255,7616,43919,,,,,,,,,,0.094,12302.472,Pinned,Device,NVIDIA A100-SXM4-40GB MIG 4g.20gb (0),1,,13,[CUDA memcpy Host-to-Device]
1879741743,47199,43920,,,,,,,,,,35.810,758668.965,Device,,NVIDIA A100-SXM4-40GB MIG 4g.20gb (0),1,,13,[CUDA memset]
1879794062,3392,43922,,,,,,,,,,0.000,23.585,Pinned,Device,NVIDIA A100-SXM4-40GB MIG 4g.20gb (0),1,,13,[CUDA memcpy Host-to-Device]
1879802126,12864,43923,,,,,,,,,,0.197,15283.519,Pinned,Device,NVIDIA A100-SXM4-40GB MIG 4g.20gb (0),1,,13,[CUDA memcpy Host-to-Device]
1879821710,9503,43924,273,1,1,48,1,1,40,0.000,0.001,,,,,NVIDIA A100-SXM4-40GB MIG 4g.20gb (0),1,,13,"void pusch_noise_intf_est::noiseIntfEstNoDftSOfdmKernel<float, __half, float, float, (unsigned int)2, (unsigned int)1, (unsigned char)4, (unsigned char)4>(pusch_noise_intf_est::puschRxNoiseIntfEstDynDescr)"
1879833773,3168,43935,35,1,1,128,1,1,16,0.000,0.000,,,,,NVIDIA A100-SXM4-40GB MIG 4g.20gb (0),1,,13,cupy_copy__complex64_complex64
1879849485,1888,43944,1,1,1,1,1,1,18,0.000,0.000,,,,,NVIDIA A100-SXM4-40GB MIG 4g.20gb (0),1,,13,cupy_copy__float32_float32
1879881997,1600,43950,,,,,,,,,,0.000,2.500,Device,Pageable,NVIDIA A100-SXM4-40GB MIG 4g.20gb (0),1,,7,[CUDA memcpy Device-to-Host]
1879942028,13056,43961,1434,1,1,128,1,1,16,0.000,0.000,,,,,NVIDIA A100-SXM4-40GB MIG 4g.20gb (0),1,,13,cupy_copy__complex64_complex64
1879968300,2784,43968,103,1,1,128,1,1,16,0.000,0.000,,,,,NVIDIA A100-SXM4-40GB MIG 4g.20gb (0),1,,13,cupy_copy__complex64_complex64
1879991179,2176,43975,35,1,1,128,1,1,16,0.000,0.000,,,,,NVIDIA A100-SXM4-40GB MIG 4g.20gb (0),1,,13,cupy_copy__complex64_complex64
1880006187,1760,43982,1,1,1,1,1,1,18,0.000,0.000,,,,,NVIDIA A100-SXM4-40GB MIG 4g.20gb (0),1,,13,cupy_copy__float32_float32
1880138570,82367,43993,1,1,1,32,32,1,30,0.000,0.000,,,,,NVIDIA A100-SXM4-40GB MIG 4g.20gb (0),1,,13,"void convert_kernel<__half2, float2>(tensor_layout_any, T1 *, tensor_layout_any, const T2 *)"
1880248776,5696,43996,,,,,,,,,,0.094,16449.363,Pinned,Device,NVIDIA A100-SXM4-40GB MIG 4g.20gb (0),1,,13,[CUDA memcpy Host-to-Device]
1880263560,3040,43997,,,,,,,,,,1.547,508757.325,Device,,NVIDIA A100-SXM4-40GB MIG 4g.20gb (0),1,,13,[CUDA memset]
1880270280,3072,44002,,,,,,,,,,0.031,10187.474,Pinned,Device,NVIDIA A100-SXM4-40GB MIG 4g.20gb (0),1,,13,[CUDA memcpy Host-to-Device]
1880276136,10016,44003,,,,,,,,,,0.197,19629.343,Pinned,Device,NVIDIA A100-SXM4-40GB MIG 4g.20gb (0),1,,13,[CUDA memcpy Host-to-Device]
1880291304,5792,44004,273,1,1,8,4,1,39,0.002,0.000,,,,,NVIDIA A100-SXM4-40GB MIG 4g.20gb (0),1,,13,"void channel_eq::eqMmseCoefCompLowMimoKernel<float, float, float, (unsigned int)4, (unsigned int)1, (unsigned int)4>(const channel_eq::_puschRxChEqStatDescr *, channel_eq::_puschRxChEqCoefCompDynDescr)"
1880299880,5312,44005,273,1,1,12,11,1,51,0.002,0.000,,,,,NVIDIA A100-SXM4-40GB MIG 4g.20gb (0),1,,13,"void channel_eq::eqMmseSoftDemapKernel<float, __half, __half, float, (unsigned int)4, (unsigned short)16383>(channel_eq::_puschRxChEqStatDescr *, channel_eq::_puschRxChEqSoftDemapDynDescr)"
1880307368,283388,44006,1,1,1,32,32,1,30,0.000,0.000,,,,,NVIDIA A100-SXM4-40GB MIG 4g.20gb (0),1,,13,"void convert_kernel<float2, __half2>(tensor_layout_any, T1 *, tensor_layout_any, const T2 *)"
1880591716,10976,44018,2253,1,1,128,1,1,16,0.000,0.000,,,,,NVIDIA A100-SXM4-40GB MIG 4g.20gb (0),1,,13,cupy_copy__float16_float16
1880605508,3104,44027,282,1,1,128,1,1,16,0.000,0.000,,,,,NVIDIA A100-SXM4-40GB MIG 4g.20gb (0),1,,13,cupy_copy__complex64_complex64
1880610340,2144,44036,26,1,1,128,1,1,16,0.000,0.000,,,,,NVIDIA A100-SXM4-40GB MIG 4g.20gb (0),1,,13,cupy_copy__float32_float32
1880614852,2912,44045,103,1,1,128,1,1,16,0.000,0.000,,,,,NVIDIA A100-SXM4-40GB MIG 4g.20gb (0),1,,13,cupy_copy__complex64_complex64
1880618884,12096,44055,1434,1,1,128,1,1,16,0.000,0.000,,,,,NVIDIA A100-SXM4-40GB MIG 4g.20gb (0),1,,13,cupy_copy__complex64_complex64
1880642499,82463,44060,1,1,1,32,32,1,30,0.000,0.000,,,,,NVIDIA A100-SXM4-40GB MIG 4g.20gb (0),1,,13,"void convert_kernel<__half2, float2>(tensor_layout_any, T1 *, tensor_layout_any, const T2 *)"
1880752130,5792,44063,,,,,,,,,,0.094,16176.708,Pinned,Device,NVIDIA A100-SXM4-40GB MIG 4g.20gb (0),1,,13,[CUDA memcpy Host-to-Device]
1880761922,597689,44064,,,,,,,,,,456.561,763827.289,Device,,NVIDIA A100-SXM4-40GB MIG 4g.20gb (0),1,,13,[CUDA memset]
1881366778,154559,44069,,,,,,,,,,1.235,7990.088,Pinned,Device,NVIDIA A100-SXM4-40GB MIG 4g.20gb (0),1,,13,[CUDA memcpy Host-to-Device]
1881534680,41568,44070,,,,,,,,,,0.197,4729.602,Pinned,Device,NVIDIA A100-SXM4-40GB MIG 4g.20gb (0),1,,13,[CUDA memcpy Host-to-Device]
1881592920,8576,44071,69,4,1,48,1,1,76,0.002,0.000,,,,,NVIDIA A100-SXM4-40GB MIG 4g.20gb (0),1,,13,"void ch_est::windowedChEstPreNoDftSOfdmKernel<float, __half, float, (unsigned int)2, (unsigned int)1, (unsigned short)4>(ch_est::puschRxChEstStatDescr_t *, ch_est::puschRxChEstDynDescr_t *)"
1881612119,6816,44072,137,2,1,24,2,1,44,0.001,0.001,,,,,NVIDIA A100-SXM4-40GB MIG 4g.20gb (0),1,,13,"void ch_est::chEstFilterNoDftSOfdmDispatchKernel<float, __half, float, (unsigned int)2>(ch_est::puschRxChEstStatDescr_t *, ch_est::puschRxChEstDynDescr_t *)"
1881626071,4896,44073,137,2,1,24,2,1,44,0.001,0.001,,,,,NVIDIA A100-SXM4-40GB MIG 4g.20gb (0),1,,13,"void ch_est::chEstFilterNoDftSOfdmDispatchKernel<float, __half, float, (unsigned int)2>(ch_est::puschRxChEstStatDescr_t *, ch_est::puschRxChEstDynDescr_t *)"
1881640311,2560,44084,103,1,1,128,1,1,16,0.000,0.000,,,,,NVIDIA A100-SXM4-40GB MIG 4g.20gb (0),1,,13,cupy_copy__complex64_complex64
1881650967,12768,44094,1434,1,1,128,1,1,16,0.000,0.000,,,,,NVIDIA A100-SXM4-40GB MIG 4g.20gb (0),1,,13,cupy_copy__complex64_complex64
1881670775,2528,44101,103,1,1,128,1,1,16,0.000,0.000,,,,,NVIDIA A100-SXM4-40GB MIG 4g.20gb (0),1,,13,cupy_copy__complex64_complex64
1881680919,84351,44108,1,1,1,32,32,1,30,0.000,0.000,,,,,NVIDIA A100-SXM4-40GB MIG 4g.20gb (0),1,,13,"void convert_kernel<__half2, float2>(tensor_layout_any, T1 *, tensor_layout_any, const T2 *)"
1881794325,13056,44111,,,,,,,,,,0.094,7176.458,Pinned,Device,NVIDIA A100-SXM4-40GB MIG 4g.20gb (0),1,,13,[CUDA memcpy Host-to-Device]
1881819093,46911,44112,,,,,,,,,,35.810,763324.255,Device,,NVIDIA A100-SXM4-40GB MIG 4g.20gb (0),1,,13,[CUDA memset]
1881866996,8096,44114,,,,,,,,,,0.000,9.881,Pinned,Device,NVIDIA A100-SXM4-40GB MIG 4g.20gb (0),1,,13,[CUDA memcpy Host-to-Device]
1881879348,21984,44115,,,,,,,,,,0.197,8943.108,Pinned,Device,NVIDIA A100-SXM4-40GB MIG 4g.20gb (0),1,,13,[CUDA memcpy Host-to-Device]
1881914580,9504,44116,273,1,1,48,1,1,40,0.000,0.001,,,,,NVIDIA A100-SXM4-40GB MIG 4g.20gb (0),1,,13,"void pusch_noise_intf_est::noiseIntfEstNoDftSOfdmKernel<float, __half, float, float, (unsigned int)2, (unsigned int)1, (unsigned char)4, (unsigned char)4>(pusch_noise_intf_est::puschRxNoiseIntfEstDynDescr)"
1881926068,2655,44127,35,1,1,128,1,1,16,0.000,0.000,,,,,NVIDIA A100-SXM4-40GB MIG 4g.20gb (0),1,,13,cupy_copy__complex64_complex64
1881935571,1888,44136,1,1,1,1,1,1,18,0.000,0.000,,,,,NVIDIA A100-SXM4-40GB MIG 4g.20gb (0),1,,13,cupy_copy__float32_float32
1881950611,3776,44142,,,,,,,,,,0.000,1.059,Device,Pageable,NVIDIA A100-SXM4-40GB MIG 4g.20gb (0),1,,7,[CUDA memcpy Device-to-Host]
1882016914,12992,44153,1434,1,1,128,1,1,16,0.000,0.000,,,,,NVIDIA A100-SXM4-40GB MIG 4g.20gb (0),1,,13,cupy_copy__complex64_complex64
1882044146,2880,44160,103,1,1,128,1,1,16,0.000,0.000,,,,,NVIDIA A100-SXM4-40GB MIG 4g.20gb (0),1,,13,cupy_copy__complex64_complex64
1882064818,2176,44167,35,1,1,128,1,1,16,0.000,0.000,,,,,NVIDIA A100-SXM4-40GB MIG 4g.20gb (0),1,,13,cupy_copy__complex64_complex64
1882082514,1792,44174,1,1,1,1,1,1,18,0.000,0.000,,,,,NVIDIA A100-SXM4-40GB MIG 4g.20gb (0),1,,13,cupy_copy__float32_float32
1882215600,82175,44185,1,1,1,32,32,1,30,0.000,0.000,,,,,NVIDIA A100-SXM4-40GB MIG 4g.20gb (0),1,,13,"void convert_kernel<__half2, float2>(tensor_layout_any, T1 *, tensor_layout_any, const T2 *)"
1882325775,5664,44188,,,,,,,,,,0.094,16542.310,Pinned,Device,NVIDIA A100-SXM4-40GB MIG 4g.20gb (0),1,,13,[CUDA memcpy Host-to-Device]
1882341742,3104,44189,,,,,,,,,,1.547,498266.574,Device,,NVIDIA A100-SXM4-40GB MIG 4g.20gb (0),1,,13,[CUDA memset]
1882346990,3552,44194,,,,,,,,,,0.031,8810.794,Pinned,Device,NVIDIA A100-SXM4-40GB MIG 4g.20gb (0),1,,13,[CUDA memcpy Host-to-Device]
1882352942,9920,44195,,,,,,,,,,0.197,19819.266,Pinned,Device,NVIDIA A100-SXM4-40GB MIG 4g.20gb (0),1,,13,[CUDA memcpy Host-to-Device]
1882367822,6560,44196,273,1,1,8,4,1,39,0.002,0.000,,,,,NVIDIA A100-SXM4-40GB MIG 4g.20gb (0),1,,13,"void channel_eq::eqMmseCoefCompLowMimoKernel<float, float, float, (unsigned int)4, (unsigned int)1, (unsigned int)4>(const channel_eq::_puschRxChEqStatDescr *, channel_eq::_puschRxChEqCoefCompDynDescr)"
1882375374,6304,44197,273,1,1,12,11,1,51,0.002,0.000,,,,,NVIDIA A100-SXM4-40GB MIG 4g.20gb (0),1,,13,"void channel_eq::eqMmseSoftDemapKernel<float, __half, __half, float, (unsigned int)4, (unsigned short)16383>(channel_eq::_puschRxChEqStatDescr *, channel_eq::_puschRxChEqSoftDemapDynDescr)"
1882382670,282876,44198,1,1,1,32,32,1,30,0.000,0.000,,,,,NVIDIA A100-SXM4-40GB MIG 4g.20gb (0),1,,13,"void convert_kernel<float2, __half2>(tensor_layout_any, T1 *, tensor_layout_any, const T2 *)"
1882669322,11040,44210,2253,1,1,128,1,1,16,0.000,0.000,,,,,NVIDIA A100-SXM4-40GB MIG 4g.20gb (0),1,,13,cupy_copy__float16_float16
1882683434,3520,44219,282,1,1,128,1,1,16,0.000,0.000,,,,,NVIDIA A100-SXM4-40GB MIG 4g.20gb (0),1,,13,cupy_copy__complex64_complex64
1882687978,2048,44228,26,1,1,128,1,1,16,0.000,0.000,,,,,NVIDIA A100-SXM4-40GB MIG 4g.20gb (0),1,,13,cupy_copy__float32_float32
1882691402,4512,44237,103,1,1,128,1,1,16,0.000,0.000,,,,,NVIDIA A100-SXM4-40GB MIG 4g.20gb (0),1,,13,cupy_copy__complex64_complex64
1882698026,12032,44247,1434,1,1,128,1,1,16,0.000,0.000,,,,,NVIDIA A100-SXM4-40GB MIG 4g.20gb (0),1,,13,cupy_copy__complex64_complex64
1882715594,86815,44252,1,1,1,32,32,1,30,0.000,0.000,,,,,NVIDIA A100-SXM4-40GB MIG 4g.20gb (0),1,,13,"void convert_kernel<__half2, float2>(tensor_layout_any, T1 *, tensor_layout_any, const T2 *)"
1882828968,5472,44255,,,,,,,,,,0.094,17122.757,Pinned,Device,NVIDIA A100-SXM4-40GB MIG 4g.20gb (0),1,,13,[CUDA memcpy Host-to-Device]
1882838984,596761,44256,,,,,,,,,,456.561,764740.412,Device,,NVIDIA A100-SXM4-40GB MIG 4g.20gb (0),1,,13,[CUDA memset]
1883443137,155902,44261,,,,,,,,,,1.235,7920.931,Pinned,Device,NVIDIA A100-SXM4-40GB MIG 4g.20gb (0),1,,13,[CUDA memcpy Host-to-Device]
1883607103,42655,44262,,,,,,,,,,0.197,4609.081,Pinned,Device,NVIDIA A100-SXM4-40GB MIG 4g.20gb (0),1,,13,[CUDA memcpy Host-to-Device]
1883678366,8320,44263,69,4,1,48,1,1,76,0.002,0.000,,,,,NVIDIA A100-SXM4-40GB MIG 4g.20gb (0),1,,13,"void ch_est::windowedChEstPreNoDftSOfdmKernel<float, __half, float, (unsigned int)2, (unsigned int)1, (unsigned short)4>(ch_est::puschRxChEstStatDescr_t *, ch_est::puschRxChEstDynDescr_t *)"
1883696510,6720,44264,137,2,1,24,2,1,44,0.001,0.001,,,,,NVIDIA A100-SXM4-40GB MIG 4g.20gb (0),1,,13,"void ch_est::chEstFilterNoDftSOfdmDispatchKernel<float, __half, float, (unsigned int)2>(ch_est::puschRxChEstStatDescr_t *, ch_est::puschRxChEstDynDescr_t *)"
1883716669,4960,44265,137,2,1,24,2,1,44,0.001,0.001,,,,,NVIDIA A100-SXM4-40GB MIG 4g.20gb (0),1,,13,"void ch_est::chEstFilterNoDftSOfdmDispatchKernel<float, __half, float, (unsigned int)2>(ch_est::puschRxChEstStatDescr_t *, ch_est::puschRxChEstDynDescr_t *)"
1883734781,2720,44276,103,1,1,128,1,1,16,0.000,0.000,,,,,NVIDIA A100-SXM4-40GB MIG 4g.20gb (0),1,,13,cupy_copy__complex64_complex64
1883752125,12320,44286,1434,1,1,128,1,1,16,0.000,0.000,,,,,NVIDIA A100-SXM4-40GB MIG 4g.20gb (0),1,,13,cupy_copy__complex64_complex64
1883774141,2880,44293,103,1,1,128,1,1,16,0.000,0.000,,,,,NVIDIA A100-SXM4-40GB MIG 4g.20gb (0),1,,13,cupy_copy__complex64_complex64
1883799708,90815,44300,1,1,1,32,32,1,30,0.000,0.000,,,,,NVIDIA A100-SXM4-40GB MIG 4g.20gb (0),1,,13,"void convert_kernel<__half2, float2>(tensor_layout_any, T1 *, tensor_layout_any, const T2 *)"
1883923515,19072,44303,,,,,,,,,,0.094,4912.669,Pinned,Device,NVIDIA A100-SXM4-40GB MIG 4g.20gb (0),1,,13,[CUDA memcpy Host-to-Device]
1883949914,47424,44304,,,,,,,,,,35.810,755087.973,Device,,NVIDIA A100-SXM4-40GB MIG 4g.20gb (0),1,,13,[CUDA memset]
1884003546,2816,44306,,,,,,,,,,0.000,28.409,Pinned,Device,NVIDIA A100-SXM4-40GB MIG 4g.20gb (0),1,,13,[CUDA memcpy Host-to-Device]
1884013818,17183,44307,,,,,,,,,,0.197,11441.996,Pinned,Device,NVIDIA A100-SXM4-40GB MIG 4g.20gb (0),1,,13,[CUDA memcpy Host-to-Device]
1884041529,10048,44308,273,1,1,48,1,1,40,0.000,0.001,,,,,NVIDIA A100-SXM4-40GB MIG 4g.20gb (0),1,,13,"void pusch_noise_intf_est::noiseIntfEstNoDftSOfdmKernel<float, __half, float, float, (unsigned int)2, (unsigned int)1, (unsigned char)4, (unsigned char)4>(pusch_noise_intf_est::puschRxNoiseIntfEstDynDescr)"
1884056569,2976,44319,35,1,1,128,1,1,16,0.000,0.000,,,,,NVIDIA A100-SXM4-40GB MIG 4g.20gb (0),1,,13,cupy_copy__complex64_complex64
1884064953,1888,44328,1,1,1,1,1,1,18,0.000,0.000,,,,,NVIDIA A100-SXM4-40GB MIG 4g.20gb (0),1,,13,cupy_copy__float32_float32
1884083705,6016,44334,,,,,,,,,,0.000,0.665,Device,Pageable,NVIDIA A100-SXM4-40GB MIG 4g.20gb (0),1,,7,[CUDA memcpy Device-to-Host]
1884157304,13280,44345,1434,1,1,128,1,1,16,0.000,0.000,,,,,NVIDIA A100-SXM4-40GB MIG 4g.20gb (0),1,,13,cupy_copy__complex64_complex64
1884188695,2880,44352,103,1,1,128,1,1,16,0.000,0.000,,,,,NVIDIA A100-SXM4-40GB MIG 4g.20gb (0),1,,13,cupy_copy__complex64_complex64
1884208343,2528,44359,35,1,1,128,1,1,16,0.000,0.000,,,,,NVIDIA A100-SXM4-40GB MIG 4g.20gb (0),1,,13,cupy_copy__complex64_complex64
1884222295,2048,44366,1,1,1,1,1,1,18,0.000,0.000,,,,,NVIDIA A100-SXM4-40GB MIG 4g.20gb (0),1,,13,cupy_copy__float32_float32
1884359221,88063,44377,1,1,1,32,32,1,30,0.000,0.000,,,,,NVIDIA A100-SXM4-40GB MIG 4g.20gb (0),1,,13,"void convert_kernel<__half2, float2>(tensor_layout_any, T1 *, tensor_layout_any, const T2 *)"
1884475156,5760,44380,,,,,,,,,,0.094,16266.656,Pinned,Device,NVIDIA A100-SXM4-40GB MIG 4g.20gb (0),1,,13,[CUDA memcpy Host-to-Device]
1884489492,3648,44381,,,,,,,,,,1.547,423963.664,Device,,NVIDIA A100-SXM4-40GB MIG 4g.20gb (0),1,,13,[CUDA memset]
1884495860,3488,44386,,,,,,,,,,0.031,8972.469,Pinned,Device,NVIDIA A100-SXM4-40GB MIG 4g.20gb (0),1,,13,[CUDA memcpy Host-to-Device]
1884501748,9599,44387,,,,,,,,,,0.197,20482.032,Pinned,Device,NVIDIA A100-SXM4-40GB MIG 4g.20gb (0),1,,13,[CUDA memcpy Host-to-Device]
1884515891,6464,44388,273,1,1,8,4,1,39,0.002,0.000,,,,,NVIDIA A100-SXM4-40GB MIG 4g.20gb (0),1,,13,"void channel_eq::eqMmseCoefCompLowMimoKernel<float, float, float, (unsigned int)4, (unsigned int)1, (unsigned int)4>(const channel_eq::_puschRxChEqStatDescr *, channel_eq::_puschRxChEqCoefCompDynDescr)"
1884525331,6208,44389,273,1,1,12,11,1,51,0.002,0.000,,,,,NVIDIA A100-SXM4-40GB MIG 4g.20gb (0),1,,13,"void channel_eq::eqMmseSoftDemapKernel<float, __half, __half, float, (unsigned int)4, (unsigned short)16383>(channel_eq::_puschRxChEqStatDescr *, channel_eq::_puschRxChEqSoftDemapDynDescr)"
1884532595,282397,44390,1,1,1,32,32,1,30,0.000,0.000,,,,,NVIDIA A100-SXM4-40GB MIG 4g.20gb (0),1,,13,"void convert_kernel<float2, __half2>(tensor_layout_any, T1 *, tensor_layout_any, const T2 *)"
1884816080,11072,44402,2253,1,1,128,1,1,16,0.000,0.000,,,,,NVIDIA A100-SXM4-40GB MIG 4g.20gb (0),1,,13,cupy_copy__float16_float16
1884830000,3807,44411,282,1,1,128,1,1,16,0.000,0.000,,,,,NVIDIA A100-SXM4-40GB MIG 4g.20gb (0),1,,13,cupy_copy__complex64_complex64
1884834927,2208,44420,26,1,1,128,1,1,16,0.000,0.000,,,,,NVIDIA A100-SXM4-40GB MIG 4g.20gb (0),1,,13,cupy_copy__float32_float32
1884839055,3424,44429,103,1,1,128,1,1,16,0.000,0.000,,,,,NVIDIA A100-SXM4-40GB MIG 4g.20gb (0),1,,13,cupy_copy__complex64_complex64
1884843631,12000,44439,1434,1,1,128,1,1,16,0.000,0.000,,,,,NVIDIA A100-SXM4-40GB MIG 4g.20gb (0),1,,13,cupy_copy__complex64_complex64
1884865551,83039,44444,1,1,1,32,32,1,30,0.000,0.000,,,,,NVIDIA A100-SXM4-40GB MIG 4g.20gb (0),1,,13,"void convert_kernel<__half2, float2>(tensor_layout_any, T1 *, tensor_layout_any, const T2 *)"
1884976238,5600,44447,,,,,,,,,,0.094,16731.388,Pinned,Device,NVIDIA A100-SXM4-40GB MIG 4g.20gb (0),1,,13,[CUDA memcpy Host-to-Device]
1884986574,597176,44448,,,,,,,,,,456.561,764283.851,Device,,NVIDIA A100-SXM4-40GB MIG 4g.20gb (0),1,,13,[CUDA memset]
1885595334,146750,44453,,,,,,,,,,1.235,8414.908,Pinned,Device,NVIDIA A100-SXM4-40GB MIG 4g.20gb (0),1,,13,[CUDA memcpy Host-to-Device]
1885752868,36096,44454,,,,,,,,,,0.197,5446.631,Pinned,Device,NVIDIA A100-SXM4-40GB MIG 4g.20gb (0),1,,13,[CUDA memcpy Host-to-Device]
1885808419,8096,44455,69,4,1,48,1,1,76,0.002,0.000,,,,,NVIDIA A100-SXM4-40GB MIG 4g.20gb (0),1,,13,"void ch_est::windowedChEstPreNoDftSOfdmKernel<float, __half, float, (unsigned int)2, (unsigned int)1, (unsigned short)4>(ch_est::puschRxChEstStatDescr_t *, ch_est::puschRxChEstDynDescr_t *)"
1885820355,7616,44456,137,2,1,24,2,1,44,0.001,0.001,,,,,NVIDIA A100-SXM4-40GB MIG 4g.20gb (0),1,,13,"void ch_est::chEstFilterNoDftSOfdmDispatchKernel<float, __half, float, (unsigned int)2>(ch_est::puschRxChEstStatDescr_t *, ch_est::puschRxChEstDynDescr_t *)"
1885839043,4704,44457,137,2,1,24,2,1,44,0.001,0.001,,,,,NVIDIA A100-SXM4-40GB MIG 4g.20gb (0),1,,13,"void ch_est::chEstFilterNoDftSOfdmDispatchKernel<float, __half, float, (unsigned int)2>(ch_est::puschRxChEstStatDescr_t *, ch_est::puschRxChEstDynDescr_t *)"
1885849667,2656,44468,103,1,1,128,1,1,16,0.000,0.000,,,,,NVIDIA A100-SXM4-40GB MIG 4g.20gb (0),1,,13,cupy_copy__complex64_complex64
1885865571,12640,44478,1434,1,1,128,1,1,16,0.000,0.000,,,,,NVIDIA A100-SXM4-40GB MIG 4g.20gb (0),1,,13,cupy_copy__complex64_complex64
1885899650,2592,44485,103,1,1,128,1,1,16,0.000,0.000,,,,,NVIDIA A100-SXM4-40GB MIG 4g.20gb (0),1,,13,cupy_copy__complex64_complex64
1885914594,88383,44492,1,1,1,32,32,1,30,0.000,0.000,,,,,NVIDIA A100-SXM4-40GB MIG 4g.20gb (0),1,,13,"void convert_kernel<__half2, float2>(tensor_layout_any, T1 *, tensor_layout_any, const T2 *)"
1886036833,20095,44495,,,,,,,,,,0.094,4662.594,Pinned,Device,NVIDIA A100-SXM4-40GB MIG 4g.20gb (0),1,,13,[CUDA memcpy Host-to-Device]
1886073312,47232,44496,,,,,,,,,,35.810,758167.626,Device,,NVIDIA A100-SXM4-40GB MIG 4g.20gb (0),1,,13,[CUDA memset]
1886123936,15615,44498,,,,,,,,,,0.000,5.123,Pinned,Device,NVIDIA A100-SXM4-40GB MIG 4g.20gb (0),1,,13,[CUDA memcpy Host-to-Device]
1886146015,32672,44499,,,,,,,,,,0.197,6017.581,Pinned,Device,NVIDIA A100-SXM4-40GB MIG 4g.20gb (0),1,,13,[CUDA memcpy Host-to-Device]
1886206846,9920,44500,273,1,1,48,1,1,40,0.000,0.001,,,,,NVIDIA A100-SXM4-40GB MIG 4g.20gb (0),1,,13,"void pusch_noise_intf_est::noiseIntfEstNoDftSOfdmKernel<float, __half, float, float, (unsigned int)2, (unsigned int)1, (unsigned char)4, (unsigned char)4>(pusch_noise_intf_est::puschRxNoiseIntfEstDynDescr)"
1886223774,2880,44511,35,1,1,128,1,1,16,0.000,0.000,,,,,NVIDIA A100-SXM4-40GB MIG 4g.20gb (0),1,,13,cupy_copy__complex64_complex64
1886240798,1696,44520,1,1,1,1,1,1,18,0.000,0.000,,,,,NVIDIA A100-SXM4-40GB MIG 4g.20gb (0),1,,13,cupy_copy__float32_float32
1886245758,6752,44526,,,,,,,,,,0.000,0.592,Device,Pageable,NVIDIA A100-SXM4-40GB MIG 4g.20gb (0),1,,7,[CUDA memcpy Device-to-Host]
1886341117,12800,44537,1434,1,1,128,1,1,16,0.000,0.000,,,,,NVIDIA A100-SXM4-40GB MIG 4g.20gb (0),1,,13,cupy_copy__complex64_complex64
1886359325,3392,44544,103,1,1,128,1,1,16,0.000,0.000,,,,,NVIDIA A100-SXM4-40GB MIG 4g.20gb (0),1,,13,cupy_copy__complex64_complex64
1886385532,2272,44551,35,1,1,128,1,1,16,0.000,0.000,,,,,NVIDIA A100-SXM4-40GB MIG 4g.20gb (0),1,,13,cupy_copy__complex64_complex64
1886400156,1952,44558,1,1,1,1,1,1,18,0.000,0.000,,,,,NVIDIA A100-SXM4-40GB MIG 4g.20gb (0),1,,13,cupy_copy__float32_float32
1886532954,86559,44569,1,1,1,32,32,1,30,0.000,0.000,,,,,NVIDIA A100-SXM4-40GB MIG 4g.20gb (0),1,,13,"void convert_kernel<__half2, float2>(tensor_layout_any, T1 *, tensor_layout_any, const T2 *)"
1886647449,10560,44572,,,,,,,,,,0.094,8872.636,Pinned,Device,NVIDIA A100-SXM4-40GB MIG 4g.20gb (0),1,,13,[CUDA memcpy Host-to-Device]
1886672985,3360,44573,,,,,,,,,,1.547,460304.688,Device,,NVIDIA A100-SXM4-40GB MIG 4g.20gb (0),1,,13,[CUDA memset]
1886678905,3008,44578,,,,,,,,,,0.031,10404.230,Pinned,Device,NVIDIA A100-SXM4-40GB MIG 4g.20gb (0),1,,13,[CUDA memcpy Host-to-Device]
1886688217,13503,44579,,,,,,,,,,0.197,14560.199,Pinned,Device,NVIDIA A100-SXM4-40GB MIG 4g.20gb (0),1,,13,[CUDA memcpy Host-to-Device]
1886716920,5920,44580,273,1,1,8,4,1,39,0.002,0.000,,,,,NVIDIA A100-SXM4-40GB MIG 4g.20gb (0),1,,13,"void channel_eq::eqMmseCoefCompLowMimoKernel<float, float, float, (unsigned int)4, (unsigned int)1, (unsigned int)4>(const channel_eq::_puschRxChEqStatDescr *, channel_eq::_puschRxChEqCoefCompDynDescr)"
1886729976,5536,44581,273,1,1,12,11,1,51,0.002,0.000,,,,,NVIDIA A100-SXM4-40GB MIG 4g.20gb (0),1,,13,"void channel_eq::eqMmseSoftDemapKernel<float, __half, __half, float, (unsigned int)4, (unsigned short)16383>(channel_eq::_puschRxChEqStatDescr *, channel_eq::_puschRxChEqSoftDemapDynDescr)"
1886741240,289596,44582,1,1,1,32,32,1,30,0.000,0.000,,,,,NVIDIA A100-SXM4-40GB MIG 4g.20gb (0),1,,13,"void convert_kernel<float2, __half2>(tensor_layout_any, T1 *, tensor_layout_any, const T2 *)"
1887032916,10976,44594,2253,1,1,128,1,1,16,0.000,0.000,,,,,NVIDIA A100-SXM4-40GB MIG 4g.20gb (0),1,,13,cupy_copy__float16_float16
1887048660,2688,44603,282,1,1,128,1,1,16,0.000,0.000,,,,,NVIDIA A100-SXM4-40GB MIG 4g.20gb (0),1,,13,cupy_copy__complex64_complex64
1887054228,2336,44612,26,1,1,128,1,1,16,0.000,0.000,,,,,NVIDIA A100-SXM4-40GB MIG 4g.20gb (0),1,,13,cupy_copy__float32_float32
1887057844,4320,44621,103,1,1,128,1,1,16,0.000,0.000,,,,,NVIDIA A100-SXM4-40GB MIG 4g.20gb (0),1,,13,cupy_copy__complex64_complex64
1887064148,11968,44631,1434,1,1,128,1,1,16,0.000,0.000,,,,,NVIDIA A100-SXM4-40GB MIG 4g.20gb (0),1,,13,cupy_copy__complex64_complex64
1887079668,84991,44636,1,1,1,32,32,1,30,0.000,0.000,,,,,NVIDIA A100-SXM4-40GB MIG 4g.20gb (0),1,,13,"void convert_kernel<__half2, float2>(tensor_layout_any, T1 *, tensor_layout_any, const T2 *)"
1887191634,5408,44639,,,,,,,,,,0.094,17325.421,Pinned,Device,NVIDIA A100-SXM4-40GB MIG 4g.20gb (0),1,,13,[CUDA memcpy Host-to-Device]
1887201490,603289,44640,,,,,,,,,,456.561,756522.306,Device,,NVIDIA A100-SXM4-40GB MIG 4g.20gb (0),1,,13,[CUDA memset]
1887813163,76607,44645,,,,,,,,,,1.235,16119.724,Pinned,Device,NVIDIA A100-SXM4-40GB MIG 4g.20gb (0),1,,13,[CUDA memcpy Host-to-Device]
1887897130,17951,44646,,,,,,,,,,0.197,10952.442,Pinned,Device,NVIDIA A100-SXM4-40GB MIG 4g.20gb (0),1,,13,[CUDA memcpy Host-to-Device]
1887930121,8416,44647,69,4,1,48,1,1,76,0.002,0.000,,,,,NVIDIA A100-SXM4-40GB MIG 4g.20gb (0),1,,13,"void ch_est::windowedChEstPreNoDftSOfdmKernel<float, __half, float, (unsigned int)2, (unsigned int)1, (unsigned short)4>(ch_est::puschRxChEstStatDescr_t *, ch_est::puschRxChEstDynDescr_t *)"
1887946121,7520,44648,137,2,1,24,2,1,44,0.001,0.001,,,,,NVIDIA A100-SXM4-40GB MIG 4g.20gb (0),1,,13,"void ch_est::chEstFilterNoDftSOfdmDispatchKernel<float, __half, float, (unsigned int)2>(ch_est::puschRxChEstStatDescr_t *, ch_est::puschRxChEstDynDescr_t *)"
1887962473,6624,44649,137,2,1,24,2,1,44,0.001,0.001,,,,,NVIDIA A100-SXM4-40GB MIG 4g.20gb (0),1,,13,"void ch_est::chEstFilterNoDftSOfdmDispatchKernel<float, __half, float, (unsigned int)2>(ch_est::puschRxChEstStatDescr_t *, ch_est::puschRxChEstDynDescr_t *)"
1887971113,2496,44660,103,1,1,128,1,1,16,0.000,0.000,,,,,NVIDIA A100-SXM4-40GB MIG 4g.20gb (0),1,,13,cupy_copy__complex64_complex64
1887979785,12895,44670,1434,1,1,128,1,1,16,0.000,0.000,,,,,NVIDIA A100-SXM4-40GB MIG 4g.20gb (0),1,,13,cupy_copy__complex64_complex64
1887995176,2720,44677,103,1,1,128,1,1,16,0.000,0.000,,,,,NVIDIA A100-SXM4-40GB MIG 4g.20gb (0),1,,13,cupy_copy__complex64_complex64
1888003016,90175,44684,1,1,1,32,32,1,30,0.000,0.000,,,,,NVIDIA A100-SXM4-40GB MIG 4g.20gb (0),1,,13,"void convert_kernel<__half2, float2>(tensor_layout_any, T1 *, tensor_layout_any, const T2 *)"
1888120903,6624,44687,,,,,,,,,,0.094,14144.910,Pinned,Device,NVIDIA A100-SXM4-40GB MIG 4g.20gb (0),1,,13,[CUDA memcpy Host-to-Device]
1888137223,46911,44688,,,,,,,,,,35.810,763324.255,Device,,NVIDIA A100-SXM4-40GB MIG 4g.20gb (0),1,,13,[CUDA memset]
1888185766,3488,44690,,,,,,,,,,0.000,22.936,Pinned,Device,NVIDIA A100-SXM4-40GB MIG 4g.20gb (0),1,,13,[CUDA memcpy Host-to-Device]
1888194470,10656,44691,,,,,,,,,,0.197,18450.285,Pinned,Device,NVIDIA A100-SXM4-40GB MIG 4g.20gb (0),1,,13,[CUDA memcpy Host-to-Device]
1888214182,10591,44692,273,1,1,48,1,1,40,0.000,0.001,,,,,NVIDIA A100-SXM4-40GB MIG 4g.20gb (0),1,,13,"void pusch_noise_intf_est::noiseIntfEstNoDftSOfdmKernel<float, __half, float, float, (unsigned int)2, (unsigned int)1, (unsigned char)4, (unsigned char)4>(pusch_noise_intf_est::puschRxNoiseIntfEstDynDescr)"
1888227973,3008,44703,35,1,1,128,1,1,16,0.000,0.000,,,,,NVIDIA A100-SXM4-40GB MIG 4g.20gb (0),1,,13,cupy_copy__complex64_complex64
1888239429,1760,44712,1,1,1,1,1,1,18,0.000,0.000,,,,,NVIDIA A100-SXM4-40GB MIG 4g.20gb (0),1,,13,cupy_copy__float32_float32
1888271429,1600,44718,,,,,,,,,,0.000,2.500,Device,Pageable,NVIDIA A100-SXM4-40GB MIG 4g.20gb (0),1,,7,[CUDA memcpy Device-to-Host]
1888330948,13120,44729,1434,1,1,128,1,1,16,0.000,0.000,,,,,NVIDIA A100-SXM4-40GB MIG 4g.20gb (0),1,,13,cupy_copy__complex64_complex64
1888358020,3104,44736,103,1,1,128,1,1,16,0.000,0.000,,,,,NVIDIA A100-SXM4-40GB MIG 4g.20gb (0),1,,13,cupy_copy__complex64_complex64
1888379012,2592,44743,35,1,1,128,1,1,16,0.000,0.000,,,,,NVIDIA A100-SXM4-40GB MIG 4g.20gb (0),1,,13,cupy_copy__complex64_complex64
1888397187,1984,44750,1,1,1,1,1,1,18,0.000,0.000,,,,,NVIDIA A100-SXM4-40GB MIG 4g.20gb (0),1,,13,cupy_copy__float32_float32
1888528066,87935,44761,1,1,1,32,32,1,30,0.000,0.000,,,,,NVIDIA A100-SXM4-40GB MIG 4g.20gb (0),1,,13,"void convert_kernel<__half2, float2>(tensor_layout_any, T1 *, tensor_layout_any, const T2 *)"
1888643424,5728,44764,,,,,,,,,,0.094,16357.541,Pinned,Device,NVIDIA A100-SXM4-40GB MIG 4g.20gb (0),1,,13,[CUDA memcpy Host-to-Device]
1888659200,3456,44765,,,,,,,,,,1.547,447517.201,Device,,NVIDIA A100-SXM4-40GB MIG 4g.20gb (0),1,,13,[CUDA memset]
1888663968,3520,44770,,,,,,,,,,0.031,8890.881,Pinned,Device,NVIDIA A100-SXM4-40GB MIG 4g.20gb (0),1,,13,[CUDA memcpy Host-to-Device]
1888669888,9664,44771,,,,,,,,,,0.197,20344.209,Pinned,Device,NVIDIA A100-SXM4-40GB MIG 4g.20gb (0),1,,13,[CUDA memcpy Host-to-Device]
1888685344,6176,44772,273,1,1,8,4,1,39,0.002,0.000,,,,,NVIDIA A100-SXM4-40GB MIG 4g.20gb (0),1,,13,"void channel_eq::eqMmseCoefCompLowMimoKernel<float, float, float, (unsigned int)4, (unsigned int)1, (unsigned int)4>(const channel_eq::_puschRxChEqStatDescr *, channel_eq::_puschRxChEqCoefCompDynDescr)"
1888692640,6592,44773,273,1,1,12,11,1,51,0.002,0.000,,,,,NVIDIA A100-SXM4-40GB MIG 4g.20gb (0),1,,13,"void channel_eq::eqMmseSoftDemapKernel<float, __half, __half, float, (unsigned int)4, (unsigned short)16383>(channel_eq::_puschRxChEqStatDescr *, channel_eq::_puschRxChEqSoftDemapDynDescr)"
1888700192,282780,44774,1,1,1,32,32,1,30,0.000,0.000,,,,,NVIDIA A100-SXM4-40GB MIG 4g.20gb (0),1,,13,"void convert_kernel<float2, __half2>(tensor_layout_any, T1 *, tensor_layout_any, const T2 *)"
1888983900,11008,44786,2253,1,1,128,1,1,16,0.000,0.000,,,,,NVIDIA A100-SXM4-40GB MIG 4g.20gb (0),1,,13,cupy_copy__float16_float16
1888996764,3680,44795,282,1,1,128,1,1,16,0.000,0.000,,,,,NVIDIA A100-SXM4-40GB MIG 4g.20gb (0),1,,13,cupy_copy__complex64_complex64
1889002844,2144,44804,26,1,1,128,1,1,16,0.000,0.000,,,,,NVIDIA A100-SXM4-40GB MIG 4g.20gb (0),1,,13,cupy_copy__float32_float32
1889010044,2880,44813,103,1,1,128,1,1,16,0.000,0.000,,,,,NVIDIA A100-SXM4-40GB MIG 4g.20gb (0),1,,13,cupy_copy__complex64_complex64
1889016508,11968,44823,1434,1,1,128,1,1,16,0.000,0.000,,,,,NVIDIA A100-SXM4-40GB MIG 4g.20gb (0),1,,13,cupy_copy__complex64_complex64
1889036155,82687,44828,1,1,1,32,32,1,30,0.000,0.000,,,,,NVIDIA A100-SXM4-40GB MIG 4g.20gb (0),1,,13,"void convert_kernel<__half2, float2>(tensor_layout_any, T1 *, tensor_layout_any, const T2 *)"
1889145178,5536,44831,,,,,,,,,,0.094,16924.777,Pinned,Device,NVIDIA A100-SXM4-40GB MIG 4g.20gb (0),1,,13,[CUDA memcpy Host-to-Device]
1889155162,597337,44832,,,,,,,,,,456.561,764283.851,Device,,NVIDIA A100-SXM4-40GB MIG 4g.20gb (0),1,,13,[CUDA memset]
1889758162,153823,44837,,,,,,,,,,1.235,8027.136,Pinned,Device,NVIDIA A100-SXM4-40GB MIG 4g.20gb (0),1,,13,[CUDA memcpy Host-to-Device]
1889924272,29024,44838,,,,,,,,,,0.197,6773.932,Pinned,Device,NVIDIA A100-SXM4-40GB MIG 4g.20gb (0),1,,13,[CUDA memcpy Host-to-Device]
1889969392,8064,44839,69,4,1,48,1,1,76,0.002,0.000,,,,,NVIDIA A100-SXM4-40GB MIG 4g.20gb (0),1,,13,"void ch_est::windowedChEstPreNoDftSOfdmKernel<float, __half, float, (unsigned int)2, (unsigned int)1, (unsigned short)4>(ch_est::puschRxChEstStatDescr_t *, ch_est::puschRxChEstDynDescr_t *)"
1889981872,7232,44840,137,2,1,24,2,1,44,0.001,0.001,,,,,NVIDIA A100-SXM4-40GB MIG 4g.20gb (0),1,,13,"void ch_est::chEstFilterNoDftSOfdmDispatchKernel<float, __half, float, (unsigned int)2>(ch_est::puschRxChEstStatDescr_t *, ch_est::puschRxChEstDynDescr_t *)"
1889997584,4991,44841,137,2,1,24,2,1,44,0.001,0.001,,,,,NVIDIA A100-SXM4-40GB MIG 4g.20gb (0),1,,13,"void ch_est::chEstFilterNoDftSOfdmDispatchKernel<float, __half, float, (unsigned int)2>(ch_est::puschRxChEstStatDescr_t *, ch_est::puschRxChEstDynDescr_t *)"
1890006447,2592,44852,103,1,1,128,1,1,16,0.000,0.000,,,,,NVIDIA A100-SXM4-40GB MIG 4g.20gb (0),1,,13,cupy_copy__complex64_complex64
1890014223,12352,44862,1434,1,1,128,1,1,16,0.000,0.000,,,,,NVIDIA A100-SXM4-40GB MIG 4g.20gb (0),1,,13,cupy_copy__complex64_complex64
1890030191,3072,44869,103,1,1,128,1,1,16,0.000,0.000,,,,,NVIDIA A100-SXM4-40GB MIG 4g.20gb (0),1,,13,cupy_copy__complex64_complex64
1890039151,81503,44876,1,1,1,32,32,1,30,0.000,0.000,,,,,NVIDIA A100-SXM4-40GB MIG 4g.20gb (0),1,,13,"void convert_kernel<__half2, float2>(tensor_layout_any, T1 *, tensor_layout_any, const T2 *)"
1890148942,13343,44879,,,,,,,,,,0.094,7022.047,Pinned,Device,NVIDIA A100-SXM4-40GB MIG 4g.20gb (0),1,,13,[CUDA memcpy Host-to-Device]
1890175533,46496,44880,,,,,,,,,,35.810,770163.949,Device,,NVIDIA A100-SXM4-40GB MIG 4g.20gb (0),1,,13,[CUDA memset]
1890226413,8896,44882,,,,,,,,,,0.000,8.993,Pinned,Device,NVIDIA A100-SXM4-40GB MIG 4g.20gb (0),1,,13,[CUDA memcpy Host-to-Device]
1890244780,15616,44883,,,,,,,,,,0.197,12589.990,Pinned,Device,NVIDIA A100-SXM4-40GB MIG 4g.20gb (0),1,,13,[CUDA memcpy Host-to-Device]
1890276044,10400,44884,273,1,1,48,1,1,40,0.000,0.001,,,,,NVIDIA A100-SXM4-40GB MIG 4g.20gb (0),1,,13,"void pusch_noise_intf_est::noiseIntfEstNoDftSOfdmKernel<float, __half, float, float, (unsigned int)2, (unsigned int)1, (unsigned char)4, (unsigned char)4>(pusch_noise_intf_est::puschRxNoiseIntfEstDynDescr)"
1890297292,2720,44895,35,1,1,128,1,1,16,0.000,0.000,,,,,NVIDIA A100-SXM4-40GB MIG 4g.20gb (0),1,,13,cupy_copy__complex64_complex64
1890308364,1984,44904,1,1,1,1,1,1,18,0.000,0.000,,,,,NVIDIA A100-SXM4-40GB MIG 4g.20gb (0),1,,13,cupy_copy__float32_float32
1890313356,3456,44910,,,,,,,,,,0.000,1.157,Device,Pageable,NVIDIA A100-SXM4-40GB MIG 4g.20gb (0),1,,7,[CUDA memcpy Device-to-Host]
1890395211,12831,44921,1434,1,1,128,1,1,16,0.000,0.000,,,,,NVIDIA A100-SXM4-40GB MIG 4g.20gb (0),1,,13,cupy_copy__complex64_complex64
1890422794,3040,44928,103,1,1,128,1,1,16,0.000,0.000,,,,,NVIDIA A100-SXM4-40GB MIG 4g.20gb (0),1,,13,cupy_copy__complex64_complex64
1890436746,2816,44935,35,1,1,128,1,1,16,0.000,0.000,,,,,NVIDIA A100-SXM4-40GB MIG 4g.20gb (0),1,,13,cupy_copy__complex64_complex64
1890453962,1952,44942,1,1,1,1,1,1,18,0.000,0.000,,,,,NVIDIA A100-SXM4-40GB MIG 4g.20gb (0),1,,13,cupy_copy__float32_float32
1890580104,81919,44953,1,1,1,32,32,1,30,0.000,0.000,,,,,NVIDIA A100-SXM4-40GB MIG 4g.20gb (0),1,,13,"void convert_kernel<__half2, float2>(tensor_layout_any, T1 *, tensor_layout_any, const T2 *)"
1890689415,6016,44956,,,,,,,,,,0.094,15574.430,Pinned,Device,NVIDIA A100-SXM4-40GB MIG 4g.20gb (0),1,,13,[CUDA memcpy Host-to-Device]
1890703751,3456,44957,,,,,,,,,,1.547,447517.201,Device,,NVIDIA A100-SXM4-40GB MIG 4g.20gb (0),1,,13,[CUDA memset]
1890710919,3616,44962,,,,,,,,,,0.031,8654.846,Pinned,Device,NVIDIA A100-SXM4-40GB MIG 4g.20gb (0),1,,13,[CUDA memcpy Host-to-Device]
1890717031,9695,44963,,,,,,,,,,0.197,20279.132,Pinned,Device,NVIDIA A100-SXM4-40GB MIG 4g.20gb (0),1,,13,[CUDA memcpy Host-to-Device]
1890733510,8448,44964,273,1,1,8,4,1,39,0.002,0.000,,,,,NVIDIA A100-SXM4-40GB MIG 4g.20gb (0),1,,13,"void channel_eq::eqMmseCoefCompLowMimoKernel<float, float, float, (unsigned int)4, (unsigned int)1, (unsigned int)4>(const channel_eq::_puschRxChEqStatDescr *, channel_eq::_puschRxChEqCoefCompDynDescr)"
1890744454,5984,44965,273,1,1,12,11,1,51,0.002,0.000,,,,,NVIDIA A100-SXM4-40GB MIG 4g.20gb (0),1,,13,"void channel_eq::eqMmseSoftDemapKernel<float, __half, __half, float, (unsigned int)4, (unsigned short)16383>(channel_eq::_puschRxChEqStatDescr *, channel_eq::_puschRxChEqSoftDemapDynDescr)"
1890752390,294525,44966,1,1,1,32,32,1,30,0.000,0.000,,,,,NVIDIA A100-SXM4-40GB MIG 4g.20gb (0),1,,13,"void convert_kernel<float2, __half2>(tensor_layout_any, T1 *, tensor_layout_any, const T2 *)"
1891047874,11040,44978,2253,1,1,128,1,1,16,0.000,0.000,,,,,NVIDIA A100-SXM4-40GB MIG 4g.20gb (0),1,,13,cupy_copy__float16_float16
1891064962,3488,44987,282,1,1,128,1,1,16,0.000,0.000,,,,,NVIDIA A100-SXM4-40GB MIG 4g.20gb (0),1,,13,cupy_copy__complex64_complex64
1891070466,2272,44996,26,1,1,128,1,1,16,0.000,0.000,,,,,NVIDIA A100-SXM4-40GB MIG 4g.20gb (0),1,,13,cupy_copy__float32_float32
1891073858,2880,45005,103,1,1,128,1,1,16,0.000,0.000,,,,,NVIDIA A100-SXM4-40GB MIG 4g.20gb (0),1,,13,cupy_copy__complex64_complex64
1891079650,11776,45015,1434,1,1,128,1,1,16,0.000,0.000,,,,,NVIDIA A100-SXM4-40GB MIG 4g.20gb (0),1,,13,cupy_copy__complex64_complex64
1891092386,82655,45020,1,1,1,32,32,1,30,0.000,0.000,,,,,NVIDIA A100-SXM4-40GB MIG 4g.20gb (0),1,,13,"void convert_kernel<__half2, float2>(tensor_layout_any, T1 *, tensor_layout_any, const T2 *)"
1891202113,6112,45023,,,,,,,,,,0.094,15329.790,Pinned,Device,NVIDIA A100-SXM4-40GB MIG 4g.20gb (0),1,,13,[CUDA memcpy Host-to-Device]
1891212800,605753,45024,,,,,,,,,,456.561,753326.376,Device,,NVIDIA A100-SXM4-40GB MIG 4g.20gb (0),1,,13,[CUDA memset]
1891823961,133406,45029,,,,,,,,,,1.235,9255.905,Pinned,Device,NVIDIA A100-SXM4-40GB MIG 4g.20gb (0),1,,13,[CUDA memcpy Host-to-Device]
1891965719,32672,45030,,,,,,,,,,0.197,6017.581,Pinned,Device,NVIDIA A100-SXM4-40GB MIG 4g.20gb (0),1,,13,[CUDA memcpy Host-to-Device]
1892016534,8160,45031,69,4,1,48,1,1,76,0.002,0.000,,,,,NVIDIA A100-SXM4-40GB MIG 4g.20gb (0),1,,13,"void ch_est::windowedChEstPreNoDftSOfdmKernel<float, __half, float, (unsigned int)2, (unsigned int)1, (unsigned short)4>(ch_est::puschRxChEstStatDescr_t *, ch_est::puschRxChEstDynDescr_t *)"
1892032438,6816,45032,137,2,1,24,2,1,44,0.001,0.001,,,,,NVIDIA A100-SXM4-40GB MIG 4g.20gb (0),1,,13,"void ch_est::chEstFilterNoDftSOfdmDispatchKernel<float, __half, float, (unsigned int)2>(ch_est::puschRxChEstStatDescr_t *, ch_est::puschRxChEstDynDescr_t *)"
1892047958,4768,45033,137,2,1,24,2,1,44,0.001,0.001,,,,,NVIDIA A100-SXM4-40GB MIG 4g.20gb (0),1,,13,"void ch_est::chEstFilterNoDftSOfdmDispatchKernel<float, __half, float, (unsigned int)2>(ch_est::puschRxChEstStatDescr_t *, ch_est::puschRxChEstDynDescr_t *)"
1892062294,2528,45044,103,1,1,128,1,1,16,0.000,0.000,,,,,NVIDIA A100-SXM4-40GB MIG 4g.20gb (0),1,,13,cupy_copy__complex64_complex64
1892076246,12608,45054,1434,1,1,128,1,1,16,0.000,0.000,,,,,NVIDIA A100-SXM4-40GB MIG 4g.20gb (0),1,,13,cupy_copy__complex64_complex64
1892110485,2368,45061,103,1,1,128,1,1,16,0.000,0.000,,,,,NVIDIA A100-SXM4-40GB MIG 4g.20gb (0),1,,13,cupy_copy__complex64_complex64
1892127989,86495,45068,1,1,1,32,32,1,30,0.000,0.000,,,,,NVIDIA A100-SXM4-40GB MIG 4g.20gb (0),1,,13,"void convert_kernel<__half2, float2>(tensor_layout_any, T1 *, tensor_layout_any, const T2 *)"
1892243636,14304,45071,,,,,,,,,,0.094,6550.287,Pinned,Device,NVIDIA A100-SXM4-40GB MIG 4g.20gb (0),1,,13,[CUDA memcpy Host-to-Device]
1892263859,47616,45072,,,,,,,,,,35.810,752044.130,Device,,NVIDIA A100-SXM4-40GB MIG 4g.20gb (0),1,,13,[CUDA memset]
1892312275,6784,45074,,,,,,,,,,0.000,11.792,Pinned,Device,NVIDIA A100-SXM4-40GB MIG 4g.20gb (0),1,,13,[CUDA memcpy Host-to-Device]
1892326515,13567,45075,,,,,,,,,,0.197,14491.582,Pinned,Device,NVIDIA A100-SXM4-40GB MIG 4g.20gb (0),1,,13,[CUDA memcpy Host-to-Device]
1892353970,12800,45076,273,1,1,48,1,1,40,0.000,0.001,,,,,NVIDIA A100-SXM4-40GB MIG 4g.20gb (0),1,,13,"void pusch_noise_intf_est::noiseIntfEstNoDftSOfdmKernel<float, __half, float, float, (unsigned int)2, (unsigned int)1, (unsigned char)4, (unsigned char)4>(pusch_noise_intf_est::puschRxNoiseIntfEstDynDescr)"
1892368754,3104,45087,35,1,1,128,1,1,16,0.000,0.000,,,,,NVIDIA A100-SXM4-40GB MIG 4g.20gb (0),1,,13,cupy_copy__complex64_complex64
1892377810,1760,45096,1,1,1,1,1,1,18,0.000,0.000,,,,,NVIDIA A100-SXM4-40GB MIG 4g.20gb (0),1,,13,cupy_copy__float32_float32
1892396082,5888,45102,,,,,,,,,,0.000,0.679,Device,Pageable,NVIDIA A100-SXM4-40GB MIG 4g.20gb (0),1,,7,[CUDA memcpy Device-to-Host]
1892474225,12928,45113,1434,1,1,128,1,1,16,0.000,0.000,,,,,NVIDIA A100-SXM4-40GB MIG 4g.20gb (0),1,,13,cupy_copy__complex64_complex64
1892496369,2848,45120,103,1,1,128,1,1,16,0.000,0.000,,,,,NVIDIA A100-SXM4-40GB MIG 4g.20gb (0),1,,13,cupy_copy__complex64_complex64
1892521840,2368,45127,35,1,1,128,1,1,16,0.000,0.000,,,,,NVIDIA A100-SXM4-40GB MIG 4g.20gb (0),1,,13,cupy_copy__complex64_complex64
1892536944,2016,45134,1,1,1,1,1,1,18,0.000,0.000,,,,,NVIDIA A100-SXM4-40GB MIG 4g.20gb (0),1,,13,cupy_copy__float32_float32
1892669198,88063,45145,1,1,1,32,32,1,30,0.000,0.000,,,,,NVIDIA A100-SXM4-40GB MIG 4g.20gb (0),1,,13,"void convert_kernel<__half2, float2>(tensor_layout_any, T1 *, tensor_layout_any, const T2 *)"
1892788749,5824,45148,,,,,,,,,,0.094,16087.884,Pinned,Device,NVIDIA A100-SXM4-40GB MIG 4g.20gb (0),1,,13,[CUDA memcpy Host-to-Device]
1892804141,3232,45149,,,,,,,,,,1.547,478533.199,Device,,NVIDIA A100-SXM4-40GB MIG 4g.20gb (0),1,,13,[CUDA memset]
1892811565,3040,45154,,,,,,,,,,0.031,10294.725,Pinned,Device,NVIDIA A100-SXM4-40GB MIG 4g.20gb (0),1,,13,[CUDA memcpy Host-to-Device]
1892817837,9535,45155,,,,,,,,,,0.197,20619.461,Pinned,Device,NVIDIA A100-SXM4-40GB MIG 4g.20gb (0),1,,13,[CUDA memcpy Host-to-Device]
1892830988,8320,45156,273,1,1,8,4,1,39,0.002,0.000,,,,,NVIDIA A100-SXM4-40GB MIG 4g.20gb (0),1,,13,"void channel_eq::eqMmseCoefCompLowMimoKernel<float, float, float, (unsigned int)4, (unsigned int)1, (unsigned int)4>(const channel_eq::_puschRxChEqStatDescr *, channel_eq::_puschRxChEqCoefCompDynDescr)"
1892841836,6048,45157,273,1,1,12,11,1,51,0.002,0.000,,,,,NVIDIA A100-SXM4-40GB MIG 4g.20gb (0),1,,13,"void channel_eq::eqMmseSoftDemapKernel<float, __half, __half, float, (unsigned int)4, (unsigned short)16383>(channel_eq::_puschRxChEqStatDescr *, channel_eq::_puschRxChEqSoftDemapDynDescr)"
1892849196,294365,45158,1,1,1,32,32,1,30,0.000,0.000,,,,,NVIDIA A100-SXM4-40GB MIG 4g.20gb (0),1,,13,"void convert_kernel<float2, __half2>(tensor_layout_any, T1 *, tensor_layout_any, const T2 *)"
1893144489,10943,45170,2253,1,1,128,1,1,16,0.000,0.000,,,,,NVIDIA A100-SXM4-40GB MIG 4g.20gb (0),1,,13,cupy_copy__float16_float16
1893158696,3456,45179,282,1,1,128,1,1,16,0.000,0.000,,,,,NVIDIA A100-SXM4-40GB MIG 4g.20gb (0),1,,13,cupy_copy__complex64_complex64
1893164776,2336,45188,26,1,1,128,1,1,16,0.000,0.000,,,,,NVIDIA A100-SXM4-40GB MIG 4g.20gb (0),1,,13,cupy_copy__float32_float32
1893169192,3648,45197,103,1,1,128,1,1,16,0.000,0.000,,,,,NVIDIA A100-SXM4-40GB MIG 4g.20gb (0),1,,13,cupy_copy__complex64_complex64
1893173896,12000,45207,1434,1,1,128,1,1,16,0.000,0.000,,,,,NVIDIA A100-SXM4-40GB MIG 4g.20gb (0),1,,13,cupy_copy__complex64_complex64
1893189544,90399,45212,1,1,1,32,32,1,30,0.000,0.000,,,,,NVIDIA A100-SXM4-40GB MIG 4g.20gb (0),1,,13,"void convert_kernel<__half2, float2>(tensor_layout_any, T1 *, tensor_layout_any, const T2 *)"
1893307111,5535,45215,,,,,,,,,,0.094,16927.869,Pinned,Device,NVIDIA A100-SXM4-40GB MIG 4g.20gb (0),1,,13,[CUDA memcpy Host-to-Device]
1893317126,596921,45216,,,,,,,,,,456.561,764740.412,Device,,NVIDIA A100-SXM4-40GB MIG 4g.20gb (0),1,,13,[CUDA memset]
1893919999,155550,45221,,,,,,,,,,1.235,7938.220,Pinned,Device,NVIDIA A100-SXM4-40GB MIG 4g.20gb (0),1,,13,[CUDA memcpy Host-to-Device]
1894088829,46079,45222,,,,,,,,,,0.197,4266.590,Pinned,Device,NVIDIA A100-SXM4-40GB MIG 4g.20gb (0),1,,13,[CUDA memcpy Host-to-Device]
1894161116,7936,45223,69,4,1,48,1,1,76,0.002,0.000,,,,,NVIDIA A100-SXM4-40GB MIG 4g.20gb (0),1,,13,"void ch_est::windowedChEstPreNoDftSOfdmKernel<float, __half, float, (unsigned int)2, (unsigned int)1, (unsigned short)4>(ch_est::puschRxChEstStatDescr_t *, ch_est::puschRxChEstDynDescr_t *)"
1894178588,6176,45224,137,2,1,24,2,1,44,0.001,0.001,,,,,NVIDIA A100-SXM4-40GB MIG 4g.20gb (0),1,,13,"void ch_est::chEstFilterNoDftSOfdmDispatchKernel<float, __half, float, (unsigned int)2>(ch_est::puschRxChEstStatDescr_t *, ch_est::puschRxChEstDynDescr_t *)"
1894194524,4767,45225,137,2,1,24,2,1,44,0.001,0.001,,,,,NVIDIA A100-SXM4-40GB MIG 4g.20gb (0),1,,13,"void ch_est::chEstFilterNoDftSOfdmDispatchKernel<float, __half, float, (unsigned int)2>(ch_est::puschRxChEstStatDescr_t *, ch_est::puschRxChEstDynDescr_t *)"
1894211195,2720,45236,103,1,1,128,1,1,16,0.000,0.000,,,,,NVIDIA A100-SXM4-40GB MIG 4g.20gb (0),1,,13,cupy_copy__complex64_complex64
1894226331,12448,45246,1434,1,1,128,1,1,16,0.000,0.000,,,,,NVIDIA A100-SXM4-40GB MIG 4g.20gb (0),1,,13,cupy_copy__complex64_complex64
1894262939,2656,45253,103,1,1,128,1,1,16,0.000,0.000,,,,,NVIDIA A100-SXM4-40GB MIG 4g.20gb (0),1,,13,cupy_copy__complex64_complex64
1894276922,83871,45260,1,1,1,32,32,1,30,0.000,0.000,,,,,NVIDIA A100-SXM4-40GB MIG 4g.20gb (0),1,,13,"void convert_kernel<__half2, float2>(tensor_layout_any, T1 *, tensor_layout_any, const T2 *)"
1894392345,17248,45263,,,,,,,,,,0.094,5432.213,Pinned,Device,NVIDIA A100-SXM4-40GB MIG 4g.20gb (0),1,,13,[CUDA memcpy Host-to-Device]
1894433785,46399,45264,,,,,,,,,,35.810,771775.396,Device,,NVIDIA A100-SXM4-40GB MIG 4g.20gb (0),1,,13,[CUDA memset]
1894485080,10048,45266,,,,,,,,,,0.000,7.962,Pinned,Device,NVIDIA A100-SXM4-40GB MIG 4g.20gb (0),1,,13,[CUDA memcpy Host-to-Device]
1894506040,30367,45267,,,,,,,,,,0.197,6474.301,Pinned,Device,NVIDIA A100-SXM4-40GB MIG 4g.20gb (0),1,,13,[CUDA memcpy Host-to-Device]
1894552343,9696,45268,273,1,1,48,1,1,40,0.000,0.001,,,,,NVIDIA A100-SXM4-40GB MIG 4g.20gb (0),1,,13,"void pusch_noise_intf_est::noiseIntfEstNoDftSOfdmKernel<float, __half, float, float, (unsigned int)2, (unsigned int)1, (unsigned char)4, (unsigned char)4>(pusch_noise_intf_est::puschRxNoiseIntfEstDynDescr)"
1894572343,3040,45279,35,1,1,128,1,1,16,0.000,0.000,,,,,NVIDIA A100-SXM4-40GB MIG 4g.20gb (0),1,,13,cupy_copy__complex64_complex64
1894583703,1728,45288,1,1,1,1,1,1,18,0.000,0.000,,,,,NVIDIA A100-SXM4-40GB MIG 4g.20gb (0),1,,13,cupy_copy__float32_float32
1894589527,2048,45294,,,,,,,,,,0.000,1.953,Device,Pageable,NVIDIA A100-SXM4-40GB MIG 4g.20gb (0),1,,7,[CUDA memcpy Device-to-Host]
1894657686,13120,45305,1434,1,1,128,1,1,16,0.000,0.000,,,,,NVIDIA A100-SXM4-40GB MIG 4g.20gb (0),1,,13,cupy_copy__complex64_complex64
1894685333,3424,45312,103,1,1,128,1,1,16,0.000,0.000,,,,,NVIDIA A100-SXM4-40GB MIG 4g.20gb (0),1,,13,cupy_copy__complex64_complex64
1894704565,2752,45319,35,1,1,128,1,1,16,0.000,0.000,,,,,NVIDIA A100-SXM4-40GB MIG 4g.20gb (0),1,,13,cupy_copy__complex64_complex64
1894721717,1856,45326,1,1,1,1,1,1,18,0.000,0.000,,,,,NVIDIA A100-SXM4-40GB MIG 4g.20gb (0),1,,13,cupy_copy__float32_float32
1894859507,87583,45337,1,1,1,32,32,1,30,0.000,0.000,,,,,NVIDIA A100-SXM4-40GB MIG 4g.20gb (0),1,,13,"void convert_kernel<__half2, float2>(tensor_layout_any, T1 *, tensor_layout_any, const T2 *)"
1894975538,5952,45340,,,,,,,,,,0.094,15741.865,Pinned,Device,NVIDIA A100-SXM4-40GB MIG 4g.20gb (0),1,,13,[CUDA memcpy Host-to-Device]
1894992754,3520,45341,,,,,,,,,,1.547,439380.412,Device,,NVIDIA A100-SXM4-40GB MIG 4g.20gb (0),1,,13,[CUDA memset]
1895000082,3327,45346,,,,,,,,,,0.031,9406.670,Pinned,Device,NVIDIA A100-SXM4-40GB MIG 4g.20gb (0),1,,13,[CUDA memcpy Host-to-Device]
1895005809,9696,45347,,,,,,,,,,0.197,20277.166,Pinned,Device,NVIDIA A100-SXM4-40GB MIG 4g.20gb (0),1,,13,[CUDA memcpy Host-to-Device]
1895020337,6464,45348,273,1,1,8,4,1,39,0.002,0.000,,,,,NVIDIA A100-SXM4-40GB MIG 4g.20gb (0),1,,13,"void channel_eq::eqMmseCoefCompLowMimoKernel<float, float, float, (unsigned int)4, (unsigned int)1, (unsigned int)4>(const channel_eq::_puschRxChEqStatDescr *, channel_eq::_puschRxChEqCoefCompDynDescr)"
1895027793,7872,45349,273,1,1,12,11,1,51,0.002,0.000,,,,,NVIDIA A100-SXM4-40GB MIG 4g.20gb (0),1,,13,"void channel_eq::eqMmseSoftDemapKernel<float, __half, __half, float, (unsigned int)4, (unsigned short)16383>(channel_eq::_puschRxChEqStatDescr *, channel_eq::_puschRxChEqSoftDemapDynDescr)"
1895037073,282269,45350,1,1,1,32,32,1,30,0.000,0.000,,,,,NVIDIA A100-SXM4-40GB MIG 4g.20gb (0),1,,13,"void convert_kernel<float2, __half2>(tensor_layout_any, T1 *, tensor_layout_any, const T2 *)"
1895320366,11071,45362,2253,1,1,128,1,1,16,0.000,0.000,,,,,NVIDIA A100-SXM4-40GB MIG 4g.20gb (0),1,,13,cupy_copy__float16_float16
1895333453,3808,45371,282,1,1,128,1,1,16,0.000,0.000,,,,,NVIDIA A100-SXM4-40GB MIG 4g.20gb (0),1,,13,cupy_copy__complex64_complex64
1895341133,2016,45380,26,1,1,128,1,1,16,0.000,0.000,,,,,NVIDIA A100-SXM4-40GB MIG 4g.20gb (0),1,,13,cupy_copy__float32_float32
1895344205,3296,45389,103,1,1,128,1,1,16,0.000,0.000,,,,,NVIDIA A100-SXM4-40GB MIG 4g.20gb (0),1,,13,cupy_copy__complex64_complex64
1895349261,12160,45399,1434,1,1,128,1,1,16,0.000,0.000,,,,,NVIDIA A100-SXM4-40GB MIG 4g.20gb (0),1,,13,cupy_copy__complex64_complex64
1895368749,86879,45404,1,1,1,32,32,1,30,0.000,0.000,,,,,NVIDIA A100-SXM4-40GB MIG 4g.20gb (0),1,,13,"void convert_kernel<__half2, float2>(tensor_layout_any, T1 *, tensor_layout_any, const T2 *)"
1895483020,6015,45407,,,,,,,,,,0.094,15577.054,Pinned,Device,NVIDIA A100-SXM4-40GB MIG 4g.20gb (0),1,,13,[CUDA memcpy Host-to-Device]
1895493451,597625,45408,,,,,,,,,,456.561,763827.289,Device,,NVIDIA A100-SXM4-40GB MIG 4g.20gb (0),1,,13,[CUDA memset]
1896094468,135518,45413,,,,,,,,,,1.235,9112.652,Pinned,Device,NVIDIA A100-SXM4-40GB MIG 4g.20gb (0),1,,13,[CUDA memcpy Host-to-Device]
1896246530,42432,45414,,,,,,,,,,0.197,4633.461,Pinned,Device,NVIDIA A100-SXM4-40GB MIG 4g.20gb (0),1,,13,[CUDA memcpy Host-to-Device]
1896316449,8384,45415,69,4,1,48,1,1,76,0.002,0.000,,,,,NVIDIA A100-SXM4-40GB MIG 4g.20gb (0),1,,13,"void ch_est::windowedChEstPreNoDftSOfdmKernel<float, __half, float, (unsigned int)2, (unsigned int)1, (unsigned short)4>(ch_est::puschRxChEstStatDescr_t *, ch_est::puschRxChEstDynDescr_t *)"
1896335393,6656,45416,137,2,1,24,2,1,44,0.001,0.001,,,,,NVIDIA A100-SXM4-40GB MIG 4g.20gb (0),1,,13,"void ch_est::chEstFilterNoDftSOfdmDispatchKernel<float, __half, float, (unsigned int)2>(ch_est::puschRxChEstStatDescr_t *, ch_est::puschRxChEstDynDescr_t *)"
1896352161,4768,45417,137,2,1,24,2,1,44,0.001,0.001,,,,,NVIDIA A100-SXM4-40GB MIG 4g.20gb (0),1,,13,"void ch_est::chEstFilterNoDftSOfdmDispatchKernel<float, __half, float, (unsigned int)2>(ch_est::puschRxChEstStatDescr_t *, ch_est::puschRxChEstDynDescr_t *)"
1896369345,2528,45428,103,1,1,128,1,1,16,0.000,0.000,,,,,NVIDIA A100-SXM4-40GB MIG 4g.20gb (0),1,,13,cupy_copy__complex64_complex64
1896386720,12704,45438,1434,1,1,128,1,1,16,0.000,0.000,,,,,NVIDIA A100-SXM4-40GB MIG 4g.20gb (0),1,,13,cupy_copy__complex64_complex64
1896405952,2944,45445,103,1,1,128,1,1,16,0.000,0.000,,,,,NVIDIA A100-SXM4-40GB MIG 4g.20gb (0),1,,13,cupy_copy__complex64_complex64
1896431264,85055,45452,1,1,1,32,32,1,30,0.000,0.000,,,,,NVIDIA A100-SXM4-40GB MIG 4g.20gb (0),1,,13,"void convert_kernel<__half2, float2>(tensor_layout_any, T1 *, tensor_layout_any, const T2 *)"
1896551710,23488,45455,,,,,,,,,,0.094,3989.014,Pinned,Device,NVIDIA A100-SXM4-40GB MIG 4g.20gb (0),1,,13,[CUDA memcpy Host-to-Device]
1896593118,47615,45456,,,,,,,,,,35.810,752044.130,Device,,NVIDIA A100-SXM4-40GB MIG 4g.20gb (0),1,,13,[CUDA memset]
1896645373,10656,45458,,,,,,,,,,0.000,7.507,Pinned,Device,NVIDIA A100-SXM4-40GB MIG 4g.20gb (0),1,,13,[CUDA memcpy Host-to-Device]
1896665405,31904,45459,,,,,,,,,,0.197,6162.481,Pinned,Device,NVIDIA A100-SXM4-40GB MIG 4g.20gb (0),1,,13,[CUDA memcpy Host-to-Device]
1896712668,9536,45460,273,1,1,48,1,1,40,0.000,0.001,,,,,NVIDIA A100-SXM4-40GB MIG 4g.20gb (0),1,,13,"void pusch_noise_intf_est::noiseIntfEstNoDftSOfdmKernel<float, __half, float, float, (unsigned int)2, (unsigned int)1, (unsigned char)4, (unsigned char)4>(pusch_noise_intf_est::puschRxNoiseIntfEstDynDescr)"
1896728156,2560,45471,35,1,1,128,1,1,16,0.000,0.000,,,,,NVIDIA A100-SXM4-40GB MIG 4g.20gb (0),1,,13,cupy_copy__complex64_complex64
1896743100,1664,45480,1,1,1,1,1,1,18,0.000,0.000,,,,,NVIDIA A100-SXM4-40GB MIG 4g.20gb (0),1,,13,cupy_copy__float32_float32
1896749116,7776,45486,,,,,,,,,,0.000,0.514,Device,Pageable,NVIDIA A100-SXM4-40GB MIG 4g.20gb (0),1,,7,[CUDA memcpy Device-to-Host]
1896833979,12928,45497,1434,1,1,128,1,1,16,0.000,0.000,,,,,NVIDIA A100-SXM4-40GB MIG 4g.20gb (0),1,,13,cupy_copy__complex64_complex64
1896861882,3040,45504,103,1,1,128,1,1,16,0.000,0.000,,,,,NVIDIA A100-SXM4-40GB MIG 4g.20gb (0),1,,13,cupy_copy__complex64_complex64
1896887258,2560,45511,35,1,1,128,1,1,16,0.000,0.000,,,,,NVIDIA A100-SXM4-40GB MIG 4g.20gb (0),1,,13,cupy_copy__complex64_complex64
1896907354,1696,45518,1,1,1,1,1,1,18,0.000,0.000,,,,,NVIDIA A100-SXM4-40GB MIG 4g.20gb (0),1,,13,cupy_copy__float32_float32
1897022968,82687,45529,1,1,1,32,32,1,30,0.000,0.000,,,,,NVIDIA A100-SXM4-40GB MIG 4g.20gb (0),1,,13,"void convert_kernel<__half2, float2>(tensor_layout_any, T1 *, tensor_layout_any, const T2 *)"
1897134103,5568,45532,,,,,,,,,,0.094,16827.521,Pinned,Device,NVIDIA A100-SXM4-40GB MIG 4g.20gb (0),1,,13,[CUDA memcpy Host-to-Device]
1897149015,3552,45533,,,,,,,,,,1.547,435422.601,Device,,NVIDIA A100-SXM4-40GB MIG 4g.20gb (0),1,,13,[CUDA memset]
1897156247,3072,45538,,,,,,,,,,0.031,10187.474,Pinned,Device,NVIDIA A100-SXM4-40GB MIG 4g.20gb (0),1,,13,[CUDA memcpy Host-to-Device]
1897161751,10048,45539,,,,,,,,,,0.197,19566.821,Pinned,Device,NVIDIA A100-SXM4-40GB MIG 4g.20gb (0),1,,13,[CUDA memcpy Host-to-Device]
1897177399,6047,45540,273,1,1,8,4,1,39,0.002,0.000,,,,,NVIDIA A100-SXM4-40GB MIG 4g.20gb (0),1,,13,"void channel_eq::eqMmseCoefCompLowMimoKernel<float, float, float, (unsigned int)4, (unsigned int)1, (unsigned int)4>(const channel_eq::_puschRxChEqStatDescr *, channel_eq::_puschRxChEqCoefCompDynDescr)"
1897185398,6048,45541,273,1,1,12,11,1,51,0.002,0.000,,,,,NVIDIA A100-SXM4-40GB MIG 4g.20gb (0),1,,13,"void channel_eq::eqMmseSoftDemapKernel<float, __half, __half, float, (unsigned int)4, (unsigned short)16383>(channel_eq::_puschRxChEqStatDescr *, channel_eq::_puschRxChEqSoftDemapDynDescr)"
1897192630,282525,45542,1,1,1,32,32,1,30,0.000,0.000,,,,,NVIDIA A100-SXM4-40GB MIG 4g.20gb (0),1,,13,"void convert_kernel<float2, __half2>(tensor_layout_any, T1 *, tensor_layout_any, const T2 *)"
1897476307,10880,45554,2253,1,1,128,1,1,16,0.000,0.000,,,,,NVIDIA A100-SXM4-40GB MIG 4g.20gb (0),1,,13,cupy_copy__float16_float16
1897489747,2976,45563,282,1,1,128,1,1,16,0.000,0.000,,,,,NVIDIA A100-SXM4-40GB MIG 4g.20gb (0),1,,13,cupy_copy__complex64_complex64
1897495027,2208,45572,26,1,1,128,1,1,16,0.000,0.000,,,,,NVIDIA A100-SXM4-40GB MIG 4g.20gb (0),1,,13,cupy_copy__float32_float32
1897498387,4832,45581,103,1,1,128,1,1,16,0.000,0.000,,,,,NVIDIA A100-SXM4-40GB MIG 4g.20gb (0),1,,13,cupy_copy__complex64_complex64
1897506194,12512,45591,1434,1,1,128,1,1,16,0.000,0.000,,,,,NVIDIA A100-SXM4-40GB MIG 4g.20gb (0),1,,13,cupy_copy__complex64_complex64
1897523666,82975,45596,1,1,1,32,32,1,30,0.000,0.000,,,,,NVIDIA A100-SXM4-40GB MIG 4g.20gb (0),1,,13,"void convert_kernel<__half2, float2>(tensor_layout_any, T1 *, tensor_layout_any, const T2 *)"
1897634417,5568,45599,,,,,,,,,,0.094,16827.521,Pinned,Device,NVIDIA A100-SXM4-40GB MIG 4g.20gb (0),1,,13,[CUDA memcpy Host-to-Device]
1897645777,595480,45600,,,,,,,,,,456.561,766566.658,Device,,NVIDIA A100-SXM4-40GB MIG 4g.20gb (0),1,,13,[CUDA memset]
1898248937,112511,45605,,,,,,,,,,1.235,10976.182,Pinned,Device,NVIDIA A100-SXM4-40GB MIG 4g.20gb (0),1,,13,[CUDA memcpy Host-to-Device]
1898368296,17984,45606,,,,,,,,,,0.197,10932.191,Pinned,Device,NVIDIA A100-SXM4-40GB MIG 4g.20gb (0),1,,13,[CUDA memcpy Host-to-Device]
1898397639,8736,45607,69,4,1,48,1,1,76,0.002,0.000,,,,,NVIDIA A100-SXM4-40GB MIG 4g.20gb (0),1,,13,"void ch_est::windowedChEstPreNoDftSOfdmKernel<float, __half, float, (unsigned int)2, (unsigned int)1, (unsigned short)4>(ch_est::puschRxChEstStatDescr_t *, ch_est::puschRxChEstDynDescr_t *)"
1898412839,6976,45608,137,2,1,24,2,1,44,0.001,0.001,,,,,NVIDIA A100-SXM4-40GB MIG 4g.20gb (0),1,,13,"void ch_est::chEstFilterNoDftSOfdmDispatchKernel<float, __half, float, (unsigned int)2>(ch_est::puschRxChEstStatDescr_t *, ch_est::puschRxChEstDynDescr_t *)"
1898428007,6272,45609,137,2,1,24,2,1,44,0.001,0.001,,,,,NVIDIA A100-SXM4-40GB MIG 4g.20gb (0),1,,13,"void ch_est::chEstFilterNoDftSOfdmDispatchKernel<float, __half, float, (unsigned int)2>(ch_est::puschRxChEstStatDescr_t *, ch_est::puschRxChEstDynDescr_t *)"
1898435783,3168,45620,103,1,1,128,1,1,16,0.000,0.000,,,,,NVIDIA A100-SXM4-40GB MIG 4g.20gb (0),1,,13,cupy_copy__complex64_complex64
1898443623,13056,45630,1434,1,1,128,1,1,16,0.000,0.000,,,,,NVIDIA A100-SXM4-40GB MIG 4g.20gb (0),1,,13,cupy_copy__complex64_complex64
1898459527,3168,45637,103,1,1,128,1,1,16,0.000,0.000,,,,,NVIDIA A100-SXM4-40GB MIG 4g.20gb (0),1,,13,cupy_copy__complex64_complex64
1898467079,86463,45644,1,1,1,32,32,1,30,0.000,0.000,,,,,NVIDIA A100-SXM4-40GB MIG 4g.20gb (0),1,,13,"void convert_kernel<__half2, float2>(tensor_layout_any, T1 *, tensor_layout_any, const T2 *)"
1898580293,10144,45647,,,,,,,,,,0.094,9236.552,Pinned,Device,NVIDIA A100-SXM4-40GB MIG 4g.20gb (0),1,,13,[CUDA memcpy Host-to-Device]
1898598885,47295,45648,,,,,,,,,,35.810,757129.139,Device,,NVIDIA A100-SXM4-40GB MIG 4g.20gb (0),1,,13,[CUDA memset]
1898648228,7936,45650,,,,,,,,,,0.000,10.081,Pinned,Device,NVIDIA A100-SXM4-40GB MIG 4g.20gb (0),1,,13,[CUDA memcpy Host-to-Device]
1898660900,20896,45651,,,,,,,,,,0.197,9408.872,Pinned,Device,NVIDIA A100-SXM4-40GB MIG 4g.20gb (0),1,,13,[CUDA memcpy Host-to-Device]
1898694020,9376,45652,273,1,1,48,1,1,40,0.000,0.001,,,,,NVIDIA A100-SXM4-40GB MIG 4g.20gb (0),1,,13,"void pusch_noise_intf_est::noiseIntfEstNoDftSOfdmKernel<float, __half, float, float, (unsigned int)2, (unsigned int)1, (unsigned char)4, (unsigned char)4>(pusch_noise_intf_est::puschRxNoiseIntfEstDynDescr)"
1898705732,3104,45663,35,1,1,128,1,1,16,0.000,0.000,,,,,NVIDIA A100-SXM4-40GB MIG 4g.20gb (0),1,,13,cupy_copy__complex64_complex64
1898715203,1856,45672,1,1,1,1,1,1,18,0.000,0.000,,,,,NVIDIA A100-SXM4-40GB MIG 4g.20gb (0),1,,13,cupy_copy__float32_float32
1898736995,6048,45678,,,,,,,,,,0.000,0.661,Device,Pageable,NVIDIA A100-SXM4-40GB MIG 4g.20gb (0),1,,7,[CUDA memcpy Device-to-Host]
1898815682,12704,45689,1434,1,1,128,1,1,16,0.000,0.000,,,,,NVIDIA A100-SXM4-40GB MIG 4g.20gb (0),1,,13,cupy_copy__complex64_complex64
1898843810,2752,45696,103,1,1,128,1,1,16,0.000,0.000,,,,,NVIDIA A100-SXM4-40GB MIG 4g.20gb (0),1,,13,cupy_copy__complex64_complex64
1898871842,2560,45703,35,1,1,128,1,1,16,0.000,0.000,,,,,NVIDIA A100-SXM4-40GB MIG 4g.20gb (0),1,,13,cupy_copy__complex64_complex64
1898896193,1760,45710,1,1,1,1,1,1,18,0.000,0.000,,,,,NVIDIA A100-SXM4-40GB MIG 4g.20gb (0),1,,13,cupy_copy__float32_float32
1899030208,84543,45721,1,1,1,32,32,1,30,0.000,0.000,,,,,NVIDIA A100-SXM4-40GB MIG 4g.20gb (0),1,,13,"void convert_kernel<__half2, float2>(tensor_layout_any, T1 *, tensor_layout_any, const T2 *)"
1899142590,6112,45724,,,,,,,,,,0.094,15329.790,Pinned,Device,NVIDIA A100-SXM4-40GB MIG 4g.20gb (0),1,,13,[CUDA memcpy Host-to-Device]
1899158366,3392,45725,,,,,,,,,,1.547,455961.768,Device,,NVIDIA A100-SXM4-40GB MIG 4g.20gb (0),1,,13,[CUDA memset]
1899164638,3200,45730,,,,,,,,,,0.031,9780.000,Pinned,Device,NVIDIA A100-SXM4-40GB MIG 4g.20gb (0),1,,13,[CUDA memcpy Host-to-Device]
1899171166,10112,45731,,,,,,,,,,0.197,19442.958,Pinned,Device,NVIDIA A100-SXM4-40GB MIG 4g.20gb (0),1,,13,[CUDA memcpy Host-to-Device]
1899185918,6080,45732,273,1,1,8,4,1,39,0.002,0.000,,,,,NVIDIA A100-SXM4-40GB MIG 4g.20gb (0),1,,13,"void channel_eq::eqMmseCoefCompLowMimoKernel<float, float, float, (unsigned int)4, (unsigned int)1, (unsigned int)4>(const channel_eq::_puschRxChEqStatDescr *, channel_eq::_puschRxChEqCoefCompDynDescr)"
1899193022,7071,45733,273,1,1,12,11,1,51,0.002,0.000,,,,,NVIDIA A100-SXM4-40GB MIG 4g.20gb (0),1,,13,"void channel_eq::eqMmseSoftDemapKernel<float, __half, __half, float, (unsigned int)4, (unsigned short)16383>(channel_eq::_puschRxChEqStatDescr *, channel_eq::_puschRxChEqSoftDemapDynDescr)"
1899201501,294781,45734,1,1,1,32,32,1,30,0.000,0.000,,,,,NVIDIA A100-SXM4-40GB MIG 4g.20gb (0),1,,13,"void convert_kernel<float2, __half2>(tensor_layout_any, T1 *, tensor_layout_any, const T2 *)"
1899497530,11040,45746,2253,1,1,128,1,1,16,0.000,0.000,,,,,NVIDIA A100-SXM4-40GB MIG 4g.20gb (0),1,,13,cupy_copy__float16_float16
1899513082,3552,45755,282,1,1,128,1,1,16,0.000,0.000,,,,,NVIDIA A100-SXM4-40GB MIG 4g.20gb (0),1,,13,cupy_copy__complex64_complex64
1899518746,2240,45764,26,1,1,128,1,1,16,0.000,0.000,,,,,NVIDIA A100-SXM4-40GB MIG 4g.20gb (0),1,,13,cupy_copy__float32_float32
1899523193,2784,45773,103,1,1,128,1,1,16,0.000,0.000,,,,,NVIDIA A100-SXM4-40GB MIG 4g.20gb (0),1,,13,cupy_copy__complex64_complex64
1899527033,12448,45783,1434,1,1,128,1,1,16,0.000,0.000,,,,,NVIDIA A100-SXM4-40GB MIG 4g.20gb (0),1,,13,cupy_copy__complex64_complex64
1899543129,86303,45788,1,1,1,32,32,1,30,0.000,0.000,,,,,NVIDIA A100-SXM4-40GB MIG 4g.20gb (0),1,,13,"void convert_kernel<__half2, float2>(tensor_layout_any, T1 *, tensor_layout_any, const T2 *)"
1899656696,6080,45791,,,,,,,,,,0.094,15410.462,Pinned,Device,NVIDIA A100-SXM4-40GB MIG 4g.20gb (0),1,,13,[CUDA memcpy Host-to-Device]
1899668504,597208,45792,,,,,,,,,,456.561,764283.851,Device,,NVIDIA A100-SXM4-40GB MIG 4g.20gb (0),1,,13,[CUDA memset]
1900267504,149566,45797,,,,,,,,,,1.235,8256.836,Pinned,Device,NVIDIA A100-SXM4-40GB MIG 4g.20gb (0),1,,13,[CUDA memcpy Host-to-Device]
1900428974,38848,45798,,,,,,,,,,0.197,5060.887,Pinned,Device,NVIDIA A100-SXM4-40GB MIG 4g.20gb (0),1,,13,[CUDA memcpy Host-to-Device]
1900496877,8512,45799,69,4,1,48,1,1,76,0.002,0.000,,,,,NVIDIA A100-SXM4-40GB MIG 4g.20gb (0),1,,13,"void ch_est::windowedChEstPreNoDftSOfdmKernel<float, __half, float, (unsigned int)2, (unsigned int)1, (unsigned short)4>(ch_est::puschRxChEstStatDescr_t *, ch_est::puschRxChEstDynDescr_t *)"
1900512877,6560,45800,137,2,1,24,2,1,44,0.001,0.001,,,,,NVIDIA A100-SXM4-40GB MIG 4g.20gb (0),1,,13,"void ch_est::chEstFilterNoDftSOfdmDispatchKernel<float, __half, float, (unsigned int)2>(ch_est::puschRxChEstStatDescr_t *, ch_est::puschRxChEstDynDescr_t *)"
1900526445,5344,45801,137,2,1,24,2,1,44,0.001,0.001,,,,,NVIDIA A100-SXM4-40GB MIG 4g.20gb (0),1,,13,"void ch_est::chEstFilterNoDftSOfdmDispatchKernel<float, __half, float, (unsigned int)2>(ch_est::puschRxChEstStatDescr_t *, ch_est::puschRxChEstDynDescr_t *)"
1900536621,2656,45812,103,1,1,128,1,1,16,0.000,0.000,,,,,NVIDIA A100-SXM4-40GB MIG 4g.20gb (0),1,,13,cupy_copy__complex64_complex64
1900545773,12672,45822,1434,1,1,128,1,1,16,0.000,0.000,,,,,NVIDIA A100-SXM4-40GB MIG 4g.20gb (0),1,,13,cupy_copy__complex64_complex64
1900564621,2400,45829,103,1,1,128,1,1,16,0.000,0.000,,,,,NVIDIA A100-SXM4-40GB MIG 4g.20gb (0),1,,13,cupy_copy__complex64_complex64
1900574284,83263,45836,1,1,1,32,32,1,30,0.000,0.000,,,,,NVIDIA A100-SXM4-40GB MIG 4g.20gb (0),1,,13,"void convert_kernel<__half2, float2>(tensor_layout_any, T1 *, tensor_layout_any, const T2 *)"
1900686251,5952,45839,,,,,,,,,,0.094,15741.865,Pinned,Device,NVIDIA A100-SXM4-40GB MIG 4g.20gb (0),1,,13,[CUDA memcpy Host-to-Device]
1900699339,46623,45840,,,,,,,,,,35.810,768051.164,Device,,NVIDIA A100-SXM4-40GB MIG 4g.20gb (0),1,,13,[CUDA memset]
1900752906,2880,45842,,,,,,,,,,0.000,27.778,Pinned,Device,NVIDIA A100-SXM4-40GB MIG 4g.20gb (0),1,,13,[CUDA memcpy Host-to-Device]
1900761194,13760,45843,,,,,,,,,,0.197,14288.290,Pinned,Device,NVIDIA A100-SXM4-40GB MIG 4g.20gb (0),1,,13,[CUDA memcpy Host-to-Device]
1900783242,10592,45844,273,1,1,48,1,1,40,0.000,0.001,,,,,NVIDIA A100-SXM4-40GB MIG 4g.20gb (0),1,,13,"void pusch_noise_intf_est::noiseIntfEstNoDftSOfdmKernel<float, __half, float, float, (unsigned int)2, (unsigned int)1, (unsigned char)4, (unsigned char)4>(pusch_noise_intf_est::puschRxNoiseIntfEstDynDescr)"
1900796586,2880,45855,35,1,1,128,1,1,16,0.000,0.000,,,,,NVIDIA A100-SXM4-40GB MIG 4g.20gb (0),1,,13,cupy_copy__complex64_complex64
1900805866,1952,45864,1,1,1,1,1,1,18,0.000,0.000,,,,,NVIDIA A100-SXM4-40GB MIG 4g.20gb (0),1,,13,cupy_copy__float32_float32
1900836937,1792,45870,,,,,,,,,,0.000,2.232,Device,Pageable,NVIDIA A100-SXM4-40GB MIG 4g.20gb (0),1,,7,[CUDA memcpy Device-to-Host]
1900897544,13024,45881,1434,1,1,128,1,1,16,0.000,0.000,,,,,NVIDIA A100-SXM4-40GB MIG 4g.20gb (0),1,,13,cupy_copy__complex64_complex64
1900925160,3584,45888,103,1,1,128,1,1,16,0.000,0.000,,,,,NVIDIA A100-SXM4-40GB MIG 4g.20gb (0),1,,13,cupy_copy__complex64_complex64
1900945544,2240,45895,35,1,1,128,1,1,16,0.000,0.000,,,,,NVIDIA A100-SXM4-40GB MIG 4g.20gb (0),1,,13,cupy_copy__complex64_complex64
1900968488,1792,45902,1,1,1,1,1,1,18,0.000,0.000,,,,,NVIDIA A100-SXM4-40GB MIG 4g.20gb (0),1,,13,cupy_copy__float32_float32
1901100486,82719,45913,1,1,1,32,32,1,30,0.000,0.000,,,,,NVIDIA A100-SXM4-40GB MIG 4g.20gb (0),1,,13,"void convert_kernel<__half2, float2>(tensor_layout_any, T1 *, tensor_layout_any, const T2 *)"
1901211621,5471,45916,,,,,,,,,,0.094,17125.849,Pinned,Device,NVIDIA A100-SXM4-40GB MIG 4g.20gb (0),1,,13,[CUDA memcpy Host-to-Device]
1901225444,3328,45917,,,,,,,,,,1.547,464729.580,Device,,NVIDIA A100-SXM4-40GB MIG 4g.20gb (0),1,,13,[CUDA memset]
1901232004,3008,45922,,,,,,,,,,0.031,10404.230,Pinned,Device,NVIDIA A100-SXM4-40GB MIG 4g.20gb (0),1,,13,[CUDA memcpy Host-to-Device]
1901237572,9600,45923,,,,,,,,,,0.197,20479.869,Pinned,Device,NVIDIA A100-SXM4-40GB MIG 4g.20gb (0),1,,13,[CUDA memcpy Host-to-Device]
1901253540,6432,45924,273,1,1,8,4,1,39,0.002,0.000,,,,,NVIDIA A100-SXM4-40GB MIG 4g.20gb (0),1,,13,"void channel_eq::eqMmseCoefCompLowMimoKernel<float, float, float, (unsigned int)4, (unsigned int)1, (unsigned int)4>(const channel_eq::_puschRxChEqStatDescr *, channel_eq::_puschRxChEqCoefCompDynDescr)"
1901262500,6176,45925,273,1,1,12,11,1,51,0.002,0.000,,,,,NVIDIA A100-SXM4-40GB MIG 4g.20gb (0),1,,13,"void channel_eq::eqMmseSoftDemapKernel<float, __half, __half, float, (unsigned int)4, (unsigned short)16383>(channel_eq::_puschRxChEqStatDescr *, channel_eq::_puschRxChEqSoftDemapDynDescr)"
1901269668,282460,45926,1,1,1,32,32,1,30,0.000,0.000,,,,,NVIDIA A100-SXM4-40GB MIG 4g.20gb (0),1,,13,"void convert_kernel<float2, __half2>(tensor_layout_any, T1 *, tensor_layout_any, const T2 *)"
1901554240,10816,45938,2253,1,1,128,1,1,16,0.000,0.000,,,,,NVIDIA A100-SXM4-40GB MIG 4g.20gb (0),1,,13,cupy_copy__float16_float16
1901566368,3296,45947,282,1,1,128,1,1,16,0.000,0.000,,,,,NVIDIA A100-SXM4-40GB MIG 4g.20gb (0),1,,13,cupy_copy__complex64_complex64
1901571488,2016,45956,26,1,1,128,1,1,16,0.000,0.000,,,,,NVIDIA A100-SXM4-40GB MIG 4g.20gb (0),1,,13,cupy_copy__float32_float32
1901575264,3168,45965,103,1,1,128,1,1,16,0.000,0.000,,,,,NVIDIA A100-SXM4-40GB MIG 4g.20gb (0),1,,13,cupy_copy__complex64_complex64
1901580448,11968,45975,1434,1,1,128,1,1,16,0.000,0.000,,,,,NVIDIA A100-SXM4-40GB MIG 4g.20gb (0),1,,13,cupy_copy__complex64_complex64
1901602976,82399,45980,1,1,1,32,32,1,30,0.000,0.000,,,,,NVIDIA A100-SXM4-40GB MIG 4g.20gb (0),1,,13,"void convert_kernel<__half2, float2>(tensor_layout_any, T1 *, tensor_layout_any, const T2 *)"
1901712350,5696,45983,,,,,,,,,,0.094,16449.363,Pinned,Device,NVIDIA A100-SXM4-40GB MIG 4g.20gb (0),1,,13,[CUDA memcpy Host-to-Device]
1901722430,597017,45984,,,,,,,,,,456.561,764283.851,Device,,NVIDIA A100-SXM4-40GB MIG 4g.20gb (0),1,,13,[CUDA memset]
1902320663,149278,45989,,,,,,,,,,1.235,8271.655,Pinned,Device,NVIDIA A100-SXM4-40GB MIG 4g.20gb (0),1,,13,[CUDA memcpy Host-to-Device]
1902482709,37247,45990,,,,,,,,,,0.197,5278.335,Pinned,Device,NVIDIA A100-SXM4-40GB MIG 4g.20gb (0),1,,13,[CUDA memcpy Host-to-Device]
1902545780,8160,45991,69,4,1,48,1,1,76,0.002,0.000,,,,,NVIDIA A100-SXM4-40GB MIG 4g.20gb (0),1,,13,"void ch_est::windowedChEstPreNoDftSOfdmKernel<float, __half, float, (unsigned int)2, (unsigned int)1, (unsigned short)4>(ch_est::puschRxChEstStatDescr_t *, ch_est::puschRxChEstDynDescr_t *)"
1902563476,6656,45992,137,2,1,24,2,1,44,0.001,0.001,,,,,NVIDIA A100-SXM4-40GB MIG 4g.20gb (0),1,,13,"void ch_est::chEstFilterNoDftSOfdmDispatchKernel<float, __half, float, (unsigned int)2>(ch_est::puschRxChEstStatDescr_t *, ch_est::puschRxChEstDynDescr_t *)"
1902581172,4928,45993,137,2,1,24,2,1,44,0.001,0.001,,,,,NVIDIA A100-SXM4-40GB MIG 4g.20gb (0),1,,13,"void ch_est::chEstFilterNoDftSOfdmDispatchKernel<float, __half, float, (unsigned int)2>(ch_est::puschRxChEstStatDescr_t *, ch_est::puschRxChEstDynDescr_t *)"
1902598675,2752,46004,103,1,1,128,1,1,16,0.000,0.000,,,,,NVIDIA A100-SXM4-40GB MIG 4g.20gb (0),1,,13,cupy_copy__complex64_complex64
1902615603,12544,46014,1434,1,1,128,1,1,16,0.000,0.000,,,,,NVIDIA A100-SXM4-40GB MIG 4g.20gb (0),1,,13,cupy_copy__complex64_complex64
1902637779,2528,46021,103,1,1,128,1,1,16,0.000,0.000,,,,,NVIDIA A100-SXM4-40GB MIG 4g.20gb (0),1,,13,cupy_copy__complex64_complex64
1902660115,84319,46028,1,1,1,32,32,1,30,0.000,0.000,,,,,NVIDIA A100-SXM4-40GB MIG 4g.20gb (0),1,,13,"void convert_kernel<__half2, float2>(tensor_layout_any, T1 *, tensor_layout_any, const T2 *)"
1902779025,16320,46031,,,,,,,,,,0.094,5741.129,Pinned,Device,NVIDIA A100-SXM4-40GB MIG 4g.20gb (0),1,,13,[CUDA memcpy Host-to-Device]
1902811185,47071,46032,,,,,,,,,,35.810,760745.940,Device,,NVIDIA A100-SXM4-40GB MIG 4g.20gb (0),1,,13,[CUDA memset]
1902865072,7168,46034,,,,,,,,,,0.000,11.161,Pinned,Device,NVIDIA A100-SXM4-40GB MIG 4g.20gb (0),1,,13,[CUDA memcpy Host-to-Device]
1902879920,18464,46035,,,,,,,,,,0.197,10648.093,Pinned,Device,NVIDIA A100-SXM4-40GB MIG 4g.20gb (0),1,,13,[CUDA memcpy Host-to-Device]
1902910128,10047,46036,273,1,1,48,1,1,40,0.000,0.001,,,,,NVIDIA A100-SXM4-40GB MIG 4g.20gb (0),1,,13,"void pusch_noise_intf_est::noiseIntfEstNoDftSOfdmKernel<float, __half, float, float, (unsigned int)2, (unsigned int)1, (unsigned char)4, (unsigned char)4>(pusch_noise_intf_est::puschRxNoiseIntfEstDynDescr)"
1902921935,6496,46047,35,1,1,128,1,1,16,0.000,0.000,,,,,NVIDIA A100-SXM4-40GB MIG 4g.20gb (0),1,,13,cupy_copy__complex64_complex64
1902932335,1888,46056,1,1,1,1,1,1,18,0.000,0.000,,,,,NVIDIA A100-SXM4-40GB MIG 4g.20gb (0),1,,13,cupy_copy__float32_float32
1902937167,2496,46062,,,,,,,,,,0.000,1.603,Device,Pageable,NVIDIA A100-SXM4-40GB MIG 4g.20gb (0),1,,7,[CUDA memcpy Device-to-Host]
1903000174,12832,46073,1434,1,1,128,1,1,16,0.000,0.000,,,,,NVIDIA A100-SXM4-40GB MIG 4g.20gb (0),1,,13,cupy_copy__complex64_complex64
1903027822,3424,46080,103,1,1,128,1,1,16,0.000,0.000,,,,,NVIDIA A100-SXM4-40GB MIG 4g.20gb (0),1,,13,cupy_copy__complex64_complex64
1903051502,2528,46087,35,1,1,128,1,1,16,0.000,0.000,,,,,NVIDIA A100-SXM4-40GB MIG 4g.20gb (0),1,,13,cupy_copy__complex64_complex64
1903070094,1792,46094,1,1,1,1,1,1,18,0.000,0.000,,,,,NVIDIA A100-SXM4-40GB MIG 4g.20gb (0),1,,13,cupy_copy__float32_float32
1903202732,82975,46105,1,1,1,32,32,1,30,0.000,0.000,,,,,NVIDIA A100-SXM4-40GB MIG 4g.20gb (0),1,,13,"void convert_kernel<__half2, float2>(tensor_layout_any, T1 *, tensor_layout_any, const T2 *)"
1903313419,5823,46108,,,,,,,,,,0.094,16090.601,Pinned,Device,NVIDIA A100-SXM4-40GB MIG 4g.20gb (0),1,,13,[CUDA memcpy Host-to-Device]
1903327530,3296,46109,,,,,,,,,,1.547,469242.628,Device,,NVIDIA A100-SXM4-40GB MIG 4g.20gb (0),1,,13,[CUDA memset]
1903334026,3008,46114,,,,,,,,,,0.031,10404.230,Pinned,Device,NVIDIA A100-SXM4-40GB MIG 4g.20gb (0),1,,13,[CUDA memcpy Host-to-Device]
1903339978,9568,46115,,,,,,,,,,0.197,20548.485,Pinned,Device,NVIDIA A100-SXM4-40GB MIG 4g.20gb (0),1,,13,[CUDA memcpy Host-to-Device]
1903357706,6112,46116,273,1,1,8,4,1,39,0.002,0.000,,,,,NVIDIA A100-SXM4-40GB MIG 4g.20gb (0),1,,13,"void channel_eq::eqMmseCoefCompLowMimoKernel<float, float, float, (unsigned int)4, (unsigned int)1, (unsigned int)4>(const channel_eq::_puschRxChEqStatDescr *, channel_eq::_puschRxChEqCoefCompDynDescr)"
1903364970,6080,46117,273,1,1,12,11,1,51,0.002,0.000,,,,,NVIDIA A100-SXM4-40GB MIG 4g.20gb (0),1,,13,"void channel_eq::eqMmseSoftDemapKernel<float, __half, __half, float, (unsigned int)4, (unsigned short)16383>(channel_eq::_puschRxChEqStatDescr *, channel_eq::_puschRxChEqSoftDemapDynDescr)"
1903372170,282140,46118,1,1,1,32,32,1,30,0.000,0.000,,,,,NVIDIA A100-SXM4-40GB MIG 4g.20gb (0),1,,13,"void convert_kernel<float2, __half2>(tensor_layout_any, T1 *, tensor_layout_any, const T2 *)"
1903655430,11008,46130,2253,1,1,128,1,1,16,0.000,0.000,,,,,NVIDIA A100-SXM4-40GB MIG 4g.20gb (0),1,,13,cupy_copy__float16_float16
1903668166,3776,46139,282,1,1,128,1,1,16,0.000,0.000,,,,,NVIDIA A100-SXM4-40GB MIG 4g.20gb (0),1,,13,cupy_copy__complex64_complex64
1903675078,2240,46148,26,1,1,128,1,1,16,0.000,0.000,,,,,NVIDIA A100-SXM4-40GB MIG 4g.20gb (0),1,,13,cupy_copy__float32_float32
1903680294,4576,46157,103,1,1,128,1,1,16,0.000,0.000,,,,,NVIDIA A100-SXM4-40GB MIG 4g.20gb (0),1,,13,cupy_copy__complex64_complex64
1903687590,12288,46167,1434,1,1,128,1,1,16,0.000,0.000,,,,,NVIDIA A100-SXM4-40GB MIG 4g.20gb (0),1,,13,cupy_copy__complex64_complex64
1903702758,82591,46172,1,1,1,32,32,1,30,0.000,0.000,,,,,NVIDIA A100-SXM4-40GB MIG 4g.20gb (0),1,,13,"void convert_kernel<__half2, float2>(tensor_layout_any, T1 *, tensor_layout_any, const T2 *)"
1903812612,5696,46175,,,,,,,,,,0.094,16449.363,Pinned,Device,NVIDIA A100-SXM4-40GB MIG 4g.20gb (0),1,,13,[CUDA memcpy Host-to-Device]
1903822564,600057,46176,,,,,,,,,,456.561,760631.359,Device,,NVIDIA A100-SXM4-40GB MIG 4g.20gb (0),1,,13,[CUDA memset]
1904429469,146526,46181,,,,,,,,,,1.235,8427.258,Pinned,Device,NVIDIA A100-SXM4-40GB MIG 4g.20gb (0),1,,13,[CUDA memcpy Host-to-Device]
1904588539,41023,46182,,,,,,,,,,0.197,4792.517,Pinned,Device,NVIDIA A100-SXM4-40GB MIG 4g.20gb (0),1,,13,[CUDA memcpy Host-to-Device]
1904657786,8320,46183,69,4,1,48,1,1,76,0.002,0.000,,,,,NVIDIA A100-SXM4-40GB MIG 4g.20gb (0),1,,13,"void ch_est::windowedChEstPreNoDftSOfdmKernel<float, __half, float, (unsigned int)2, (unsigned int)1, (unsigned short)4>(ch_est::puschRxChEstStatDescr_t *, ch_est::puschRxChEstDynDescr_t *)"
1904677210,6528,46184,137,2,1,24,2,1,44,0.001,0.001,,,,,NVIDIA A100-SXM4-40GB MIG 4g.20gb (0),1,,13,"void ch_est::chEstFilterNoDftSOfdmDispatchKernel<float, __half, float, (unsigned int)2>(ch_est::puschRxChEstStatDescr_t *, ch_est::puschRxChEstDynDescr_t *)"
1904693977,4768,46185,137,2,1,24,2,1,44,0.001,0.001,,,,,NVIDIA A100-SXM4-40GB MIG 4g.20gb (0),1,,13,"void ch_est::chEstFilterNoDftSOfdmDispatchKernel<float, __half, float, (unsigned int)2>(ch_est::puschRxChEstStatDescr_t *, ch_est::puschRxChEstDynDescr_t *)"
1904711225,2496,46196,103,1,1,128,1,1,16,0.000,0.000,,,,,NVIDIA A100-SXM4-40GB MIG 4g.20gb (0),1,,13,cupy_copy__complex64_complex64
1904728889,12192,46206,1434,1,1,128,1,1,16,0.000,0.000,,,,,NVIDIA A100-SXM4-40GB MIG 4g.20gb (0),1,,13,cupy_copy__complex64_complex64
1904748377,2944,46213,103,1,1,128,1,1,16,0.000,0.000,,,,,NVIDIA A100-SXM4-40GB MIG 4g.20gb (0),1,,13,cupy_copy__complex64_complex64
1904773496,87423,46220,1,1,1,32,32,1,30,0.000,0.000,,,,,NVIDIA A100-SXM4-40GB MIG 4g.20gb (0),1,,13,"void convert_kernel<__half2, float2>(tensor_layout_any, T1 *, tensor_layout_any, const T2 *)"
1904893943,26592,46223,,,,,,,,,,0.094,3523.438,Pinned,Device,NVIDIA A100-SXM4-40GB MIG 4g.20gb (0),1,,13,[CUDA memcpy Host-to-Device]
1904951286,47712,46224,,,,,,,,,,35.810,750540.113,Device,,NVIDIA A100-SXM4-40GB MIG 4g.20gb (0),1,,13,[CUDA memset]
1905003478,11519,46226,,,,,,,,,,0.000,6.945,Pinned,Device,NVIDIA A100-SXM4-40GB MIG 4g.20gb (0),1,,13,[CUDA memcpy Host-to-Device]
1905025749,23232,46227,,,,,,,,,,0.197,8462.795,Pinned,Device,NVIDIA A100-SXM4-40GB MIG 4g.20gb (0),1,,13,[CUDA memcpy Host-to-Device]
1905066677,9344,46228,273,1,1,48,1,1,40,0.000,0.001,,,,,NVIDIA A100-SXM4-40GB MIG 4g.20gb (0),1,,13,"void pusch_noise_intf_est::noiseIntfEstNoDftSOfdmKernel<float, __half, float, float, (unsigned int)2, (unsigned int)1, (unsigned char)4, (unsigned char)4>(pusch_noise_intf_est::puschRxNoiseIntfEstDynDescr)"
1905083221,2592,46239,35,1,1,128,1,1,16,0.000,0.000,,,,,NVIDIA A100-SXM4-40GB MIG 4g.20gb (0),1,,13,cupy_copy__complex64_complex64
1905100020,1696,46248,1,1,1,1,1,1,18,0.000,0.000,,,,,NVIDIA A100-SXM4-40GB MIG 4g.20gb (0),1,,13,cupy_copy__float32_float32
1905108948,6880,46254,,,,,,,,,,0.000,0.581,Device,Pageable,NVIDIA A100-SXM4-40GB MIG 4g.20gb (0),1,,7,[CUDA memcpy Device-to-Host]
1905205939,12512,46265,1434,1,1,128,1,1,16,0.000,0.000,,,,,NVIDIA A100-SXM4-40GB MIG 4g.20gb (0),1,,13,cupy_copy__complex64_complex64
1905229843,2720,46272,103,1,1,128,1,1,16,0.000,0.000,,,,,NVIDIA A100-SXM4-40GB MIG 4g.20gb (0),1,,13,cupy_copy__complex64_complex64
1905259250,2560,46279,35,1,1,128,1,1,16,0.000,0.000,,,,,NVIDIA A100-SXM4-40GB MIG 4g.20gb (0),1,,13,cupy_copy__complex64_complex64
1905275314,1696,46286,1,1,1,1,1,1,18,0.000,0.000,,,,,NVIDIA A100-SXM4-40GB MIG 4g.20gb (0),1,,13,cupy_copy__float32_float32
1905395057,87647,46297,1,1,1,32,32,1,30,0.000,0.000,,,,,NVIDIA A100-SXM4-40GB MIG 4g.20gb (0),1,,13,"void convert_kernel<__half2, float2>(tensor_layout_any, T1 *, tensor_layout_any, const T2 *)"
1905510063,6080,46300,,,,,,,,,,0.094,15410.462,Pinned,Device,NVIDIA A100-SXM4-40GB MIG 4g.20gb (0),1,,13,[CUDA memcpy Host-to-Device]
1905524879,3072,46301,,,,,,,,,,1.547,503457.044,Device,,NVIDIA A100-SXM4-40GB MIG 4g.20gb (0),1,,13,[CUDA memset]
1905531919,3040,46306,,,,,,,,,,0.031,10294.725,Pinned,Device,NVIDIA A100-SXM4-40GB MIG 4g.20gb (0),1,,13,[CUDA memcpy Host-to-Device]
1905537583,9984,46307,,,,,,,,,,0.197,19692.257,Pinned,Device,NVIDIA A100-SXM4-40GB MIG 4g.20gb (0),1,,13,[CUDA memcpy Host-to-Device]
1905553231,6432,46308,273,1,1,8,4,1,39,0.002,0.000,,,,,NVIDIA A100-SXM4-40GB MIG 4g.20gb (0),1,,13,"void channel_eq::eqMmseCoefCompLowMimoKernel<float, float, float, (unsigned int)4, (unsigned int)1, (unsigned int)4>(const channel_eq::_puschRxChEqStatDescr *, channel_eq::_puschRxChEqCoefCompDynDescr)"
1905560975,5728,46309,273,1,1,12,11,1,51,0.002,0.000,,,,,NVIDIA A100-SXM4-40GB MIG 4g.20gb (0),1,,13,"void channel_eq::eqMmseSoftDemapKernel<float, __half, __half, float, (unsigned int)4, (unsigned short)16383>(channel_eq::_puschRxChEqStatDescr *, channel_eq::_puschRxChEqSoftDemapDynDescr)"
1905567823,282108,46310,1,1,1,32,32,1,30,0.000,0.000,,,,,NVIDIA A100-SXM4-40GB MIG 4g.20gb (0),1,,13,"void convert_kernel<float2, __half2>(tensor_layout_any, T1 *, tensor_layout_any, const T2 *)"
1905850891,11072,46322,2253,1,1,128,1,1,16,0.000,0.000,,,,,NVIDIA A100-SXM4-40GB MIG 4g.20gb (0),1,,13,cupy_copy__float16_float16
1905866283,3456,46331,282,1,1,128,1,1,16,0.000,0.000,,,,,NVIDIA A100-SXM4-40GB MIG 4g.20gb (0),1,,13,cupy_copy__complex64_complex64
1905872651,2272,46340,26,1,1,128,1,1,16,0.000,0.000,,,,,NVIDIA A100-SXM4-40GB MIG 4g.20gb (0),1,,13,cupy_copy__float32_float32
1905876011,2880,46349,103,1,1,128,1,1,16,0.000,0.000,,,,,NVIDIA A100-SXM4-40GB MIG 4g.20gb (0),1,,13,cupy_copy__complex64_complex64
1905882187,11840,46359,1434,1,1,128,1,1,16,0.000,0.000,,,,,NVIDIA A100-SXM4-40GB MIG 4g.20gb (0),1,,13,cupy_copy__complex64_complex64
1905898506,87359,46364,1,1,1,32,32,1,30,0.000,0.000,,,,,NVIDIA A100-SXM4-40GB MIG 4g.20gb (0),1,,13,"void convert_kernel<__half2, float2>(tensor_layout_any, T1 *, tensor_layout_any, const T2 *)"
1906013001,5984,46367,,,,,,,,,,0.094,15657.726,Pinned,Device,NVIDIA A100-SXM4-40GB MIG 4g.20gb (0),1,,13,[CUDA memcpy Host-to-Device]
1906024873,598329,46368,,,,,,,,,,456.561,762914.166,Device,,NVIDIA A100-SXM4-40GB MIG 4g.20gb (0),1,,13,[CUDA memset]
1906627233,107839,46373,,,,,,,,,,1.235,11451.636,Pinned,Device,NVIDIA A100-SXM4-40GB MIG 4g.20gb (0),1,,13,[CUDA memcpy Host-to-Device]
1906743264,18816,46374,,,,,,,,,,0.197,10448.929,Pinned,Device,NVIDIA A100-SXM4-40GB MIG 4g.20gb (0),1,,13,[CUDA memcpy Host-to-Device]
1906775104,9280,46375,69,4,1,48,1,1,76,0.002,0.000,,,,,NVIDIA A100-SXM4-40GB MIG 4g.20gb (0),1,,13,"void ch_est::windowedChEstPreNoDftSOfdmKernel<float, __half, float, (unsigned int)2, (unsigned int)1, (unsigned short)4>(ch_est::puschRxChEstStatDescr_t *, ch_est::puschRxChEstDynDescr_t *)"
1906789631,6112,46376,137,2,1,24,2,1,44,0.001,0.001,,,,,NVIDIA A100-SXM4-40GB MIG 4g.20gb (0),1,,13,"void ch_est::chEstFilterNoDftSOfdmDispatchKernel<float, __half, float, (unsigned int)2>(ch_est::puschRxChEstStatDescr_t *, ch_est::puschRxChEstDynDescr_t *)"
1906802943,5024,46377,137,2,1,24,2,1,44,0.001,0.001,,,,,NVIDIA A100-SXM4-40GB MIG 4g.20gb (0),1,,13,"void ch_est::chEstFilterNoDftSOfdmDispatchKernel<float, __half, float, (unsigned int)2>(ch_est::puschRxChEstStatDescr_t *, ch_est::puschRxChEstDynDescr_t *)"
1906809311,3168,46388,103,1,1,128,1,1,16,0.000,0.000,,,,,NVIDIA A100-SXM4-40GB MIG 4g.20gb (0),1,,13,cupy_copy__complex64_complex64
1906815295,12640,46398,1434,1,1,128,1,1,16,0.000,0.000,,,,,NVIDIA A100-SXM4-40GB MIG 4g.20gb (0),1,,13,cupy_copy__complex64_complex64
1906829151,2528,46405,103,1,1,128,1,1,16,0.000,0.000,,,,,NVIDIA A100-SXM4-40GB MIG 4g.20gb (0),1,,13,cupy_copy__complex64_complex64
1906835423,82335,46412,1,1,1,32,32,1,30,0.000,0.000,,,,,NVIDIA A100-SXM4-40GB MIG 4g.20gb (0),1,,13,"void convert_kernel<__half2, float2>(tensor_layout_any, T1 *, tensor_layout_any, const T2 *)"
1906946110,5439,46415,,,,,,,,,,0.094,17226.665,Pinned,Device,NVIDIA A100-SXM4-40GB MIG 4g.20gb (0),1,,13,[CUDA memcpy Host-to-Device]
1906959357,46816,46416,,,,,,,,,,35.810,764899.891,Device,,NVIDIA A100-SXM4-40GB MIG 4g.20gb (0),1,,13,[CUDA memset]
1907012221,4768,46418,,,,,,,,,,0.000,16.778,Pinned,Device,NVIDIA A100-SXM4-40GB MIG 4g.20gb (0),1,,13,[CUDA memcpy Host-to-Device]
1907021213,11871,46419,,,,,,,,,,0.197,16561.865,Pinned,Device,NVIDIA A100-SXM4-40GB MIG 4g.20gb (0),1,,13,[CUDA memcpy Host-to-Device]
1907044060,10112,46420,273,1,1,48,1,1,40,0.000,0.001,,,,,NVIDIA A100-SXM4-40GB MIG 4g.20gb (0),1,,13,"void pusch_noise_intf_est::noiseIntfEstNoDftSOfdmKernel<float, __half, float, float, (unsigned int)2, (unsigned int)1, (unsigned char)4, (unsigned char)4>(pusch_noise_intf_est::puschRxNoiseIntfEstDynDescr)"
1907057724,3040,46431,35,1,1,128,1,1,16,0.000,0.000,,,,,NVIDIA A100-SXM4-40GB MIG 4g.20gb (0),1,,13,cupy_copy__complex64_complex64
1907070012,1760,46440,1,1,1,1,1,1,18,0.000,0.000,,,,,NVIDIA A100-SXM4-40GB MIG 4g.20gb (0),1,,13,cupy_copy__float32_float32
1907100892,1920,46446,,,,,,,,,,0.000,2.083,Device,Pageable,NVIDIA A100-SXM4-40GB MIG 4g.20gb (0),1,,7,[CUDA memcpy Device-to-Host]
1907166683,12960,46457,1434,1,1,128,1,1,16,0.000,0.000,,,,,NVIDIA A100-SXM4-40GB MIG 4g.20gb (0),1,,13,cupy_copy__complex64_complex64
1907193082,2752,46464,103,1,1,128,1,1,16,0.000,0.000,,,,,NVIDIA A100-SXM4-40GB MIG 4g.20gb (0),1,,13,cupy_copy__complex64_complex64
1907212794,2560,46471,35,1,1,128,1,1,16,0.000,0.000,,,,,NVIDIA A100-SXM4-40GB MIG 4g.20gb (0),1,,13,cupy_copy__complex64_complex64
1907230266,1824,46478,1,1,1,1,1,1,18,0.000,0.000,,,,,NVIDIA A100-SXM4-40GB MIG 4g.20gb (0),1,,13,cupy_copy__float32_float32
1907364024,87039,46489,1,1,1,32,32,1,30,0.000,0.000,,,,,NVIDIA A100-SXM4-40GB MIG 4g.20gb (0),1,,13,"void convert_kernel<__half2, float2>(tensor_layout_any, T1 *, tensor_layout_any, const T2 *)"
1907478423,5792,46492,,,,,,,,,,0.094,16176.708,Pinned,Device,NVIDIA A100-SXM4-40GB MIG 4g.20gb (0),1,,13,[CUDA memcpy Host-to-Device]
1907493207,3136,46493,,,,,,,,,,1.547,493182.821,Device,,NVIDIA A100-SXM4-40GB MIG 4g.20gb (0),1,,13,[CUDA memset]
1907499639,3232,46498,,,,,,,,,,0.031,9683.139,Pinned,Device,NVIDIA A100-SXM4-40GB MIG 4g.20gb (0),1,,13,[CUDA memcpy Host-to-Device]
1907505815,9599,46499,,,,,,,,,,0.197,20482.032,Pinned,Device,NVIDIA A100-SXM4-40GB MIG 4g.20gb (0),1,,13,[CUDA memcpy Host-to-Device]
1907521302,6464,46500,273,1,1,8,4,1,39,0.002,0.000,,,,,NVIDIA A100-SXM4-40GB MIG 4g.20gb (0),1,,13,"void channel_eq::eqMmseCoefCompLowMimoKernel<float, float, float, (unsigned int)4, (unsigned int)1, (unsigned int)4>(const channel_eq::_puschRxChEqStatDescr *, channel_eq::_puschRxChEqCoefCompDynDescr)"
1907530582,5792,46501,273,1,1,12,11,1,51,0.002,0.000,,,,,NVIDIA A100-SXM4-40GB MIG 4g.20gb (0),1,,13,"void channel_eq::eqMmseSoftDemapKernel<float, __half, __half, float, (unsigned int)4, (unsigned short)16383>(channel_eq::_puschRxChEqStatDescr *, channel_eq::_puschRxChEqSoftDemapDynDescr)"
1907537302,289821,46502,1,1,1,32,32,1,30,0.000,0.000,,,,,NVIDIA A100-SXM4-40GB MIG 4g.20gb (0),1,,13,"void convert_kernel<float2, __half2>(tensor_layout_any, T1 *, tensor_layout_any, const T2 *)"
1907828211,10911,46514,2253,1,1,128,1,1,16,0.000,0.000,,,,,NVIDIA A100-SXM4-40GB MIG 4g.20gb (0),1,,13,cupy_copy__float16_float16
1907842834,3616,46523,282,1,1,128,1,1,16,0.000,0.000,,,,,NVIDIA A100-SXM4-40GB MIG 4g.20gb (0),1,,13,cupy_copy__complex64_complex64
1907847730,2048,46532,26,1,1,128,1,1,16,0.000,0.000,,,,,NVIDIA A100-SXM4-40GB MIG 4g.20gb (0),1,,13,cupy_copy__float32_float32
1907852978,4480,46541,103,1,1,128,1,1,16,0.000,0.000,,,,,NVIDIA A100-SXM4-40GB MIG 4g.20gb (0),1,,13,cupy_copy__complex64_complex64
1907860402,12128,46551,1434,1,1,128,1,1,16,0.000,0.000,,,,,NVIDIA A100-SXM4-40GB MIG 4g.20gb (0),1,,13,cupy_copy__complex64_complex64
1907875954,87135,46556,1,1,1,32,32,1,30,0.000,0.000,,,,,NVIDIA A100-SXM4-40GB MIG 4g.20gb (0),1,,13,"void convert_kernel<__half2, float2>(tensor_layout_any, T1 *, tensor_layout_any, const T2 *)"
1907990257,5536,46559,,,,,,,,,,0.094,16924.777,Pinned,Device,NVIDIA A100-SXM4-40GB MIG 4g.20gb (0),1,,13,[CUDA memcpy Host-to-Device]
1908000112,598361,46560,,,,,,,,,,456.561,762914.166,Device,,NVIDIA A100-SXM4-40GB MIG 4g.20gb (0),1,,13,[CUDA memset]
1908607849,152478,46565,,,,,,,,,,1.235,8098.763,Pinned,Device,NVIDIA A100-SXM4-40GB MIG 4g.20gb (0),1,,13,[CUDA memcpy Host-to-Device]
1908772679,39935,46566,,,,,,,,,,0.197,4923.064,Pinned,Device,NVIDIA A100-SXM4-40GB MIG 4g.20gb (0),1,,13,[CUDA memcpy Host-to-Device]
1908829862,8256,46567,69,4,1,48,1,1,76,0.002,0.000,,,,,NVIDIA A100-SXM4-40GB MIG 4g.20gb (0),1,,13,"void ch_est::windowedChEstPreNoDftSOfdmKernel<float, __half, float, (unsigned int)2, (unsigned int)1, (unsigned short)4>(ch_est::puschRxChEstStatDescr_t *, ch_est::puschRxChEstDynDescr_t *)"
1908847686,6656,46568,137,2,1,24,2,1,44,0.001,0.001,,,,,NVIDIA A100-SXM4-40GB MIG 4g.20gb (0),1,,13,"void ch_est::chEstFilterNoDftSOfdmDispatchKernel<float, __half, float, (unsigned int)2>(ch_est::puschRxChEstStatDescr_t *, ch_est::puschRxChEstDynDescr_t *)"
1908867078,4800,46569,137,2,1,24,2,1,44,0.001,0.001,,,,,NVIDIA A100-SXM4-40GB MIG 4g.20gb (0),1,,13,"void ch_est::chEstFilterNoDftSOfdmDispatchKernel<float, __half, float, (unsigned int)2>(ch_est::puschRxChEstStatDescr_t *, ch_est::puschRxChEstDynDescr_t *)"
1908882758,2719,46580,103,1,1,128,1,1,16,0.000,0.000,,,,,NVIDIA A100-SXM4-40GB MIG 4g.20gb (0),1,,13,cupy_copy__complex64_complex64
1908896773,12416,46590,1434,1,1,128,1,1,16,0.000,0.000,,,,,NVIDIA A100-SXM4-40GB MIG 4g.20gb (0),1,,13,cupy_copy__complex64_complex64
1908927845,2400,46597,103,1,1,128,1,1,16,0.000,0.000,,,,,NVIDIA A100-SXM4-40GB MIG 4g.20gb (0),1,,13,cupy_copy__complex64_complex64
1908940293,85151,46604,1,1,1,32,32,1,30,0.000,0.000,,,,,NVIDIA A100-SXM4-40GB MIG 4g.20gb (0),1,,13,"void convert_kernel<__half2, float2>(tensor_layout_any, T1 *, tensor_layout_any, const T2 *)"
1909055715,9504,46607,,,,,,,,,,0.094,9858.506,Pinned,Device,NVIDIA A100-SXM4-40GB MIG 4g.20gb (0),1,,13,[CUDA memcpy Host-to-Device]
1909070371,46816,46608,,,,,,,,,,35.810,764899.891,Device,,NVIDIA A100-SXM4-40GB MIG 4g.20gb (0),1,,13,[CUDA memset]
1909119747,8895,46610,,,,,,,,,,0.000,8.994,Pinned,Device,NVIDIA A100-SXM4-40GB MIG 4g.20gb (0),1,,13,[CUDA memcpy Host-to-Device]
1909133794,13408,46611,,,,,,,,,,0.197,14663.418,Pinned,Device,NVIDIA A100-SXM4-40GB MIG 4g.20gb (0),1,,13,[CUDA memcpy Host-to-Device]
1909154306,9920,46612,273,1,1,48,1,1,40,0.000,0.001,,,,,NVIDIA A100-SXM4-40GB MIG 4g.20gb (0),1,,13,"void pusch_noise_intf_est::noiseIntfEstNoDftSOfdmKernel<float, __half, float, float, (unsigned int)2, (unsigned int)1, (unsigned char)4, (unsigned char)4>(pusch_noise_intf_est::puschRxNoiseIntfEstDynDescr)"
1909167394,2880,46623,35,1,1,128,1,1,16,0.000,0.000,,,,,NVIDIA A100-SXM4-40GB MIG 4g.20gb (0),1,,13,cupy_copy__complex64_complex64
1909179810,1728,46632,1,1,1,1,1,1,18,0.000,0.000,,,,,NVIDIA A100-SXM4-40GB MIG 4g.20gb (0),1,,13,cupy_copy__float32_float32
1909207681,1760,46638,,,,,,,,,,0.000,2.273,Device,Pageable,NVIDIA A100-SXM4-40GB MIG 4g.20gb (0),1,,7,[CUDA memcpy Device-to-Host]
1909268929,12960,46649,1434,1,1,128,1,1,16,0.000,0.000,,,,,NVIDIA A100-SXM4-40GB MIG 4g.20gb (0),1,,13,cupy_copy__complex64_complex64
1909295488,3360,46656,103,1,1,128,1,1,16,0.000,0.000,,,,,NVIDIA A100-SXM4-40GB MIG 4g.20gb (0),1,,13,cupy_copy__complex64_complex64
1909316256,2400,46663,35,1,1,128,1,1,16,0.000,0.000,,,,,NVIDIA A100-SXM4-40GB MIG 4g.20gb (0),1,,13,cupy_copy__complex64_complex64
1909334400,1856,46670,1,1,1,1,1,1,18,0.000,0.000,,,,,NVIDIA A100-SXM4-40GB MIG 4g.20gb (0),1,,13,cupy_copy__float32_float32
1909466238,86847,46681,1,1,1,32,32,1,30,0.000,0.000,,,,,NVIDIA A100-SXM4-40GB MIG 4g.20gb (0),1,,13,"void convert_kernel<__half2, float2>(tensor_layout_any, T1 *, tensor_layout_any, const T2 *)"
1909580381,5696,46684,,,,,,,,,,0.094,16449.363,Pinned,Device,NVIDIA A100-SXM4-40GB MIG 4g.20gb (0),1,,13,[CUDA memcpy Host-to-Device]
1909596317,3232,46685,,,,,,,,,,1.547,478533.199,Device,,NVIDIA A100-SXM4-40GB MIG 4g.20gb (0),1,,13,[CUDA memset]
1909601917,3328,46690,,,,,,,,,,0.031,9403.822,Pinned,Device,NVIDIA A100-SXM4-40GB MIG 4g.20gb (0),1,,13,[CUDA memcpy Host-to-Device]
1909607805,9631,46691,,,,,,,,,,0.197,20414.005,Pinned,Device,NVIDIA A100-SXM4-40GB MIG 4g.20gb (0),1,,13,[CUDA memcpy Host-to-Device]
1909621276,6432,46692,273,1,1,8,4,1,39,0.002,0.000,,,,,NVIDIA A100-SXM4-40GB MIG 4g.20gb (0),1,,13,"void channel_eq::eqMmseCoefCompLowMimoKernel<float, float, float, (unsigned int)4, (unsigned int)1, (unsigned int)4>(const channel_eq::_puschRxChEqStatDescr *, channel_eq::_puschRxChEqCoefCompDynDescr)"
1909629564,6176,46693,273,1,1,12,11,1,51,0.002,0.000,,,,,NVIDIA A100-SXM4-40GB MIG 4g.20gb (0),1,,13,"void channel_eq::eqMmseSoftDemapKernel<float, __half, __half, float, (unsigned int)4, (unsigned short)16383>(channel_eq::_puschRxChEqStatDescr *, channel_eq::_puschRxChEqSoftDemapDynDescr)"
1909636764,282941,46694,1,1,1,32,32,1,30,0.000,0.000,,,,,NVIDIA A100-SXM4-40GB MIG 4g.20gb (0),1,,13,"void convert_kernel<float2, __half2>(tensor_layout_any, T1 *, tensor_layout_any, const T2 *)"
1909921593,11008,46706,2253,1,1,128,1,1,16,0.000,0.000,,,,,NVIDIA A100-SXM4-40GB MIG 4g.20gb (0),1,,13,cupy_copy__float16_float16
1909936056,3200,46715,282,1,1,128,1,1,16,0.000,0.000,,,,,NVIDIA A100-SXM4-40GB MIG 4g.20gb (0),1,,13,cupy_copy__complex64_complex64
1909942456,2112,46724,26,1,1,128,1,1,16,0.000,0.000,,,,,NVIDIA A100-SXM4-40GB MIG 4g.20gb (0),1,,13,cupy_copy__float32_float32
1909947032,4704,46733,103,1,1,128,1,1,16,0.000,0.000,,,,,NVIDIA A100-SXM4-40GB MIG 4g.20gb (0),1,,13,cupy_copy__complex64_complex64
1909952728,12416,46743,1434,1,1,128,1,1,16,0.000,0.000,,,,,NVIDIA A100-SXM4-40GB MIG 4g.20gb (0),1,,13,cupy_copy__complex64_complex64
1909969880,87487,46748,1,1,1,32,32,1,30,0.000,0.000,,,,,NVIDIA A100-SXM4-40GB MIG 4g.20gb (0),1,,13,"void convert_kernel<__half2, float2>(tensor_layout_any, T1 *, tensor_layout_any, const T2 *)"
1910084567,5504,46751,,,,,,,,,,0.094,17023.251,Pinned,Device,NVIDIA A100-SXM4-40GB MIG 4g.20gb (0),1,,13,[CUDA memcpy Host-to-Device]
1910095478,596217,46752,,,,,,,,,,456.561,765653.535,Device,,NVIDIA A100-SXM4-40GB MIG 4g.20gb (0),1,,13,[CUDA memset]
1910697871,147166,46757,,,,,,,,,,1.235,8391.444,Pinned,Device,NVIDIA A100-SXM4-40GB MIG 4g.20gb (0),1,,13,[CUDA memcpy Host-to-Device]
1910858573,40096,46758,,,,,,,,,,0.197,4903.404,Pinned,Device,NVIDIA A100-SXM4-40GB MIG 4g.20gb (0),1,,13,[CUDA memcpy Host-to-Device]
1910927980,8384,46759,69,4,1,48,1,1,76,0.002,0.000,,,,,NVIDIA A100-SXM4-40GB MIG 4g.20gb (0),1,,13,"void ch_est::windowedChEstPreNoDftSOfdmKernel<float, __half, float, (unsigned int)2, (unsigned int)1, (unsigned short)4>(ch_est::puschRxChEstStatDescr_t *, ch_est::puschRxChEstDynDescr_t *)"
1910945932,6944,46760,137,2,1,24,2,1,44,0.001,0.001,,,,,NVIDIA A100-SXM4-40GB MIG 4g.20gb (0),1,,13,"void ch_est::chEstFilterNoDftSOfdmDispatchKernel<float, __half, float, (unsigned int)2>(ch_est::puschRxChEstStatDescr_t *, ch_est::puschRxChEstDynDescr_t *)"
1910963020,4704,46761,137,2,1,24,2,1,44,0.001,0.001,,,,,NVIDIA A100-SXM4-40GB MIG 4g.20gb (0),1,,13,"void ch_est::chEstFilterNoDftSOfdmDispatchKernel<float, __half, float, (unsigned int)2>(ch_est::puschRxChEstStatDescr_t *, ch_est::puschRxChEstDynDescr_t *)"
1910981068,2719,46772,103,1,1,128,1,1,16,0.000,0.000,,,,,NVIDIA A100-SXM4-40GB MIG 4g.20gb (0),1,,13,cupy_copy__complex64_complex64
1910998443,12640,46782,1434,1,1,128,1,1,16,0.000,0.000,,,,,NVIDIA A100-SXM4-40GB MIG 4g.20gb (0),1,,13,cupy_copy__complex64_complex64
1911016651,2944,46789,103,1,1,128,1,1,16,0.000,0.000,,,,,NVIDIA A100-SXM4-40GB MIG 4g.20gb (0),1,,13,cupy_copy__complex64_complex64
1911040043,87135,46796,1,1,1,32,32,1,30,0.000,0.000,,,,,NVIDIA A100-SXM4-40GB MIG 4g.20gb (0),1,,13,"void convert_kernel<__half2, float2>(tensor_layout_any, T1 *, tensor_layout_any, const T2 *)"
1911160905,25312,46799,,,,,,,,,,0.094,3701.554,Pinned,Device,NVIDIA A100-SXM4-40GB MIG 4g.20gb (0),1,,13,[CUDA memcpy Host-to-Device]
1911212745,47871,46800,,,,,,,,,,35.810,748033.419,Device,,NVIDIA A100-SXM4-40GB MIG 4g.20gb (0),1,,13,[CUDA memset]
1911268680,11488,46802,,,,,,,,,,0.000,6.964,Pinned,Device,NVIDIA A100-SXM4-40GB MIG 4g.20gb (0),1,,13,[CUDA memcpy Host-to-Device]
1911285832,19360,46803,,,,,,,,,,0.197,10155.196,Pinned,Device,NVIDIA A100-SXM4-40GB MIG 4g.20gb (0),1,,13,[CUDA memcpy Host-to-Device]
1911318823,9856,46804,273,1,1,48,1,1,40,0.000,0.001,,,,,NVIDIA A100-SXM4-40GB MIG 4g.20gb (0),1,,13,"void pusch_noise_intf_est::noiseIntfEstNoDftSOfdmKernel<float, __half, float, float, (unsigned int)2, (unsigned int)1, (unsigned char)4, (unsigned char)4>(pusch_noise_intf_est::puschRxNoiseIntfEstDynDescr)"
1911335175,2912,46815,35,1,1,128,1,1,16,0.000,0.000,,,,,NVIDIA A100-SXM4-40GB MIG 4g.20gb (0),1,,13,cupy_copy__complex64_complex64
1911343399,1920,46824,1,1,1,1,1,1,18,0.000,0.000,,,,,NVIDIA A100-SXM4-40GB MIG 4g.20gb (0),1,,13,cupy_copy__float32_float32
1911352199,4544,46830,,,,,,,,,,0.000,0.880,Device,Pageable,NVIDIA A100-SXM4-40GB MIG 4g.20gb (0),1,,7,[CUDA memcpy Device-to-Host]
1911429286,13344,46841,1434,1,1,128,1,1,16,0.000,0.000,,,,,NVIDIA A100-SXM4-40GB MIG 4g.20gb (0),1,,13,cupy_copy__complex64_complex64
1911456646,3040,46848,103,1,1,128,1,1,16,0.000,0.000,,,,,NVIDIA A100-SXM4-40GB MIG 4g.20gb (0),1,,13,cupy_copy__complex64_complex64
1911474661,2816,46855,35,1,1,128,1,1,16,0.000,0.000,,,,,NVIDIA A100-SXM4-40GB MIG 4g.20gb (0),1,,13,cupy_copy__complex64_complex64
1911497029,1920,46862,1,1,1,1,1,1,18,0.000,0.000,,,,,NVIDIA A100-SXM4-40GB MIG 4g.20gb (0),1,,13,cupy_copy__float32_float32
1911618180,81887,46873,1,1,1,32,32,1,30,0.000,0.000,,,,,NVIDIA A100-SXM4-40GB MIG 4g.20gb (0),1,,13,"void convert_kernel<__half2, float2>(tensor_layout_any, T1 *, tensor_layout_any, const T2 *)"
1911728546,5856,46876,,,,,,,,,,0.094,15999.997,Pinned,Device,NVIDIA A100-SXM4-40GB MIG 4g.20gb (0),1,,13,[CUDA memcpy Host-to-Device]
1911742562,3392,46877,,,,,,,,,,1.547,455961.768,Device,,NVIDIA A100-SXM4-40GB MIG 4g.20gb (0),1,,13,[CUDA memset]
1911749442,3520,46882,,,,,,,,,,0.031,8890.881,Pinned,Device,NVIDIA A100-SXM4-40GB MIG 4g.20gb (0),1,,13,[CUDA memcpy Host-to-Device]
1911755682,9440,46883,,,,,,,,,,0.197,20827.079,Pinned,Device,NVIDIA A100-SXM4-40GB MIG 4g.20gb (0),1,,13,[CUDA memcpy Host-to-Device]
1911770850,6496,46884,273,1,1,8,4,1,39,0.002,0.000,,,,,NVIDIA A100-SXM4-40GB MIG 4g.20gb (0),1,,13,"void channel_eq::eqMmseCoefCompLowMimoKernel<float, float, float, (unsigned int)4, (unsigned int)1, (unsigned int)4>(const channel_eq::_puschRxChEqStatDescr *, channel_eq::_puschRxChEqCoefCompDynDescr)"
1911780610,6016,46885,273,1,1,12,11,1,51,0.002,0.000,,,,,NVIDIA A100-SXM4-40GB MIG 4g.20gb (0),1,,13,"void channel_eq::eqMmseSoftDemapKernel<float, __half, __half, float, (unsigned int)4, (unsigned short)16383>(channel_eq::_puschRxChEqStatDescr *, channel_eq::_puschRxChEqSoftDemapDynDescr)"
1911787682,282972,46886,1,1,1,32,32,1,30,0.000,0.000,,,,,NVIDIA A100-SXM4-40GB MIG 4g.20gb (0),1,,13,"void convert_kernel<float2, __half2>(tensor_layout_any, T1 *, tensor_layout_any, const T2 *)"
1912072734,10848,46898,2253,1,1,128,1,1,16,0.000,0.000,,,,,NVIDIA A100-SXM4-40GB MIG 4g.20gb (0),1,,13,cupy_copy__float16_float16
1912086558,3392,46907,282,1,1,128,1,1,16,0.000,0.000,,,,,NVIDIA A100-SXM4-40GB MIG 4g.20gb (0),1,,13,cupy_copy__complex64_complex64
1912091710,2176,46916,26,1,1,128,1,1,16,0.000,0.000,,,,,NVIDIA A100-SXM4-40GB MIG 4g.20gb (0),1,,13,cupy_copy__float32_float32
1912096542,3232,46925,103,1,1,128,1,1,16,0.000,0.000,,,,,NVIDIA A100-SXM4-40GB MIG 4g.20gb (0),1,,13,cupy_copy__complex64_complex64
1912100926,12063,46935,1434,1,1,128,1,1,16,0.000,0.000,,,,,NVIDIA A100-SXM4-40GB MIG 4g.20gb (0),1,,13,cupy_copy__complex64_complex64
1912121341,80991,46940,1,1,1,32,32,1,30,0.000,0.000,,,,,NVIDIA A100-SXM4-40GB MIG 4g.20gb (0),1,,13,"void convert_kernel<__half2, float2>(tensor_layout_any, T1 *, tensor_layout_any, const T2 *)"
1912229276,6048,46943,,,,,,,,,,0.094,15491.978,Pinned,Device,NVIDIA A100-SXM4-40GB MIG 4g.20gb (0),1,,13,[CUDA memcpy Host-to-Device]
1912241340,598744,46944,,,,,,,,,,456.561,762457.605,Device,,NVIDIA A100-SXM4-40GB MIG 4g.20gb (0),1,,13,[CUDA memset]
1912843060,138079,46949,,,,,,,,,,1.235,8943.464,Pinned,Device,NVIDIA A100-SXM4-40GB MIG 4g.20gb (0),1,,13,[CUDA memcpy Host-to-Device]
1912991123,32671,46950,,,,,,,,,,0.197,6017.778,Pinned,Device,NVIDIA A100-SXM4-40GB MIG 4g.20gb (0),1,,13,[CUDA memcpy Host-to-Device]
1913041554,8128,46951,69,4,1,48,1,1,76,0.002,0.000,,,,,NVIDIA A100-SXM4-40GB MIG 4g.20gb (0),1,,13,"void ch_est::windowedChEstPreNoDftSOfdmKernel<float, __half, float, (unsigned int)2, (unsigned int)1, (unsigned short)4>(ch_est::puschRxChEstStatDescr_t *, ch_est::puschRxChEstDynDescr_t *)"
1913068242,6848,46952,137,2,1,24,2,1,44,0.001,0.001,,,,,NVIDIA A100-SXM4-40GB MIG 4g.20gb (0),1,,13,"void ch_est::chEstFilterNoDftSOfdmDispatchKernel<float, __half, float, (unsigned int)2>(ch_est::puschRxChEstStatDescr_t *, ch_est::puschRxChEstDynDescr_t *)"
1913081489,4704,46953,137,2,1,24,2,1,44,0.001,0.001,,,,,NVIDIA A100-SXM4-40GB MIG 4g.20gb (0),1,,13,"void ch_est::chEstFilterNoDftSOfdmDispatchKernel<float, __half, float, (unsigned int)2>(ch_est::puschRxChEstStatDescr_t *, ch_est::puschRxChEstDynDescr_t *)"
1913094801,2528,46964,103,1,1,128,1,1,16,0.000,0.000,,,,,NVIDIA A100-SXM4-40GB MIG 4g.20gb (0),1,,13,cupy_copy__complex64_complex64
1913110577,12544,46974,1434,1,1,128,1,1,16,0.000,0.000,,,,,NVIDIA A100-SXM4-40GB MIG 4g.20gb (0),1,,13,cupy_copy__complex64_complex64
1913144465,2624,46981,103,1,1,128,1,1,16,0.000,0.000,,,,,NVIDIA A100-SXM4-40GB MIG 4g.20gb (0),1,,13,cupy_copy__complex64_complex64
1913158993,88190,46988,1,1,1,32,32,1,30,0.000,0.000,,,,,NVIDIA A100-SXM4-40GB MIG 4g.20gb (0),1,,13,"void convert_kernel<__half2, float2>(tensor_layout_any, T1 *, tensor_layout_any, const T2 *)"
1913276079,26528,46991,,,,,,,,,,0.094,3531.964,Pinned,Device,NVIDIA A100-SXM4-40GB MIG 4g.20gb (0),1,,13,[CUDA memcpy Host-to-Device]
1913314351,46815,46992,,,,,,,,,,35.810,764899.891,Device,,NVIDIA A100-SXM4-40GB MIG 4g.20gb (0),1,,13,[CUDA memset]
1913368430,11296,46994,,,,,,,,,,0.000,7.082,Pinned,Device,NVIDIA A100-SXM4-40GB MIG 4g.20gb (0),1,,13,[CUDA memcpy Host-to-Device]
1913390190,30719,46995,,,,,,,,,,0.197,6400.180,Pinned,Device,NVIDIA A100-SXM4-40GB MIG 4g.20gb (0),1,,13,[CUDA memcpy Host-to-Device]
1913440461,9888,46996,273,1,1,48,1,1,40,0.000,0.001,,,,,NVIDIA A100-SXM4-40GB MIG 4g.20gb (0),1,,13,"void pusch_noise_intf_est::noiseIntfEstNoDftSOfdmKernel<float, __half, float, float, (unsigned int)2, (unsigned int)1, (unsigned char)4, (unsigned char)4>(pusch_noise_intf_est::puschRxNoiseIntfEstDynDescr)"
1913457613,2784,47007,35,1,1,128,1,1,16,0.000,0.000,,,,,NVIDIA A100-SXM4-40GB MIG 4g.20gb (0),1,,13,cupy_copy__complex64_complex64
1913474381,1792,47016,1,1,1,1,1,1,18,0.000,0.000,,,,,NVIDIA A100-SXM4-40GB MIG 4g.20gb (0),1,,13,cupy_copy__float32_float32
1913482797,7647,47022,,,,,,,,,,0.000,0.523,Device,Pageable,NVIDIA A100-SXM4-40GB MIG 4g.20gb (0),1,,7,[CUDA memcpy Device-to-Host]
1913580843,12608,47033,1434,1,1,128,1,1,16,0.000,0.000,,,,,NVIDIA A100-SXM4-40GB MIG 4g.20gb (0),1,,13,cupy_copy__complex64_complex64
1913608427,2720,47040,103,1,1,128,1,1,16,0.000,0.000,,,,,NVIDIA A100-SXM4-40GB MIG 4g.20gb (0),1,,13,cupy_copy__complex64_complex64
1913625579,2176,47047,35,1,1,128,1,1,16,0.000,0.000,,,,,NVIDIA A100-SXM4-40GB MIG 4g.20gb (0),1,,13,cupy_copy__complex64_complex64
1913629099,1728,47054,1,1,1,1,1,1,18,0.000,0.000,,,,,NVIDIA A100-SXM4-40GB MIG 4g.20gb (0),1,,13,cupy_copy__float32_float32
1913768361,87327,47065,1,1,1,32,32,1,30,0.000,0.000,,,,,NVIDIA A100-SXM4-40GB MIG 4g.20gb (0),1,,13,"void convert_kernel<__half2, float2>(tensor_layout_any, T1 *, tensor_layout_any, const T2 *)"
1913884488,13887,47068,,,,,,,,,,0.094,6746.955,Pinned,Device,NVIDIA A100-SXM4-40GB MIG 4g.20gb (0),1,,13,[CUDA memcpy Host-to-Device]
1913908775,3552,47069,,,,,,,,,,1.547,435422.601,Device,,NVIDIA A100-SXM4-40GB MIG 4g.20gb (0),1,,13,[CUDA memset]
1913914919,3392,47074,,,,,,,,,,0.031,9226.405,Pinned,Device,NVIDIA A100-SXM4-40GB MIG 4g.20gb (0),1,,13,[CUDA memcpy Host-to-Device]
1913924647,10144,47075,,,,,,,,,,0.197,19381.617,Pinned,Device,NVIDIA A100-SXM4-40GB MIG 4g.20gb (0),1,,13,[CUDA memcpy Host-to-Device]
1913950759,8320,47076,273,1,1,8,4,1,39,0.002,0.000,,,,,NVIDIA A100-SXM4-40GB MIG 4g.20gb (0),1,,13,"void channel_eq::eqMmseCoefCompLowMimoKernel<float, float, float, (unsigned int)4, (unsigned int)1, (unsigned int)4>(const channel_eq::_puschRxChEqStatDescr *, channel_eq::_puschRxChEqCoefCompDynDescr)"
1913965639,7519,47077,273,1,1,12,11,1,51,0.002,0.000,,,,,NVIDIA A100-SXM4-40GB MIG 4g.20gb (0),1,,13,"void channel_eq::eqMmseSoftDemapKernel<float, __half, __half, float, (unsigned int)4, (unsigned short)16383>(channel_eq::_puschRxChEqStatDescr *, channel_eq::_puschRxChEqSoftDemapDynDescr)"
1913980454,289725,47078,1,1,1,32,32,1,30,0.000,0.000,,,,,NVIDIA A100-SXM4-40GB MIG 4g.20gb (0),1,,13,"void convert_kernel<float2, __half2>(tensor_layout_any, T1 *, tensor_layout_any, const T2 *)"
1914271139,11008,47090,2253,1,1,128,1,1,16,0.000,0.000,,,,,NVIDIA A100-SXM4-40GB MIG 4g.20gb (0),1,,13,cupy_copy__float16_float16
1914286243,3584,47099,282,1,1,128,1,1,16,0.000,0.000,,,,,NVIDIA A100-SXM4-40GB MIG 4g.20gb (0),1,,13,cupy_copy__complex64_complex64
1914292738,2112,47108,26,1,1,128,1,1,16,0.000,0.000,,,,,NVIDIA A100-SXM4-40GB MIG 4g.20gb (0),1,,13,cupy_copy__float32_float32
1914296866,2944,47117,103,1,1,128,1,1,16,0.000,0.000,,,,,NVIDIA A100-SXM4-40GB MIG 4g.20gb (0),1,,13,cupy_copy__complex64_complex64
1914302722,12448,47127,1434,1,1,128,1,1,16,0.000,0.000,,,,,NVIDIA A100-SXM4-40GB MIG 4g.20gb (0),1,,13,cupy_copy__complex64_complex64
1914318786,80735,47132,1,1,1,32,32,1,30,0.000,0.000,,,,,NVIDIA A100-SXM4-40GB MIG 4g.20gb (0),1,,13,"void convert_kernel<__half2, float2>(tensor_layout_any, T1 *, tensor_layout_any, const T2 *)"
1914426561,5504,47135,,,,,,,,,,0.094,17023.251,Pinned,Device,NVIDIA A100-SXM4-40GB MIG 4g.20gb (0),1,,13,[CUDA memcpy Host-to-Device]
1914437505,598008,47136,,,,,,,,,,456.561,763370.728,Device,,NVIDIA A100-SXM4-40GB MIG 4g.20gb (0),1,,13,[CUDA memset]
1915038297,122879,47141,,,,,,,,,,1.235,10049.974,Pinned,Device,NVIDIA A100-SXM4-40GB MIG 4g.20gb (0),1,,13,[CUDA memcpy Host-to-Device]
1915167800,19071,47142,,,,,,,,,,0.197,10309.140,Pinned,Device,NVIDIA A100-SXM4-40GB MIG 4g.20gb (0),1,,13,[CUDA memcpy Host-to-Device]
1915200727,8320,47143,69,4,1,48,1,1,76,0.002,0.000,,,,,NVIDIA A100-SXM4-40GB MIG 4g.20gb (0),1,,13,"void ch_est::windowedChEstPreNoDftSOfdmKernel<float, __half, float, (unsigned int)2, (unsigned int)1, (unsigned short)4>(ch_est::puschRxChEstStatDescr_t *, ch_est::puschRxChEstDynDescr_t *)"
1915216023,6176,47144,137,2,1,24,2,1,44,0.001,0.001,,,,,NVIDIA A100-SXM4-40GB MIG 4g.20gb (0),1,,13,"void ch_est::chEstFilterNoDftSOfdmDispatchKernel<float, __half, float, (unsigned int)2>(ch_est::puschRxChEstStatDescr_t *, ch_est::puschRxChEstDynDescr_t *)"
1915223863,5024,47145,137,2,1,24,2,1,44,0.001,0.001,,,,,NVIDIA A100-SXM4-40GB MIG 4g.20gb (0),1,,13,"void ch_est::chEstFilterNoDftSOfdmDispatchKernel<float, __half, float, (unsigned int)2>(ch_est::puschRxChEstStatDescr_t *, ch_est::puschRxChEstDynDescr_t *)"
1915231831,3008,47156,103,1,1,128,1,1,16,0.000,0.000,,,,,NVIDIA A100-SXM4-40GB MIG 4g.20gb (0),1,,13,cupy_copy__complex64_complex64
1915239799,13024,47166,1434,1,1,128,1,1,16,0.000,0.000,,,,,NVIDIA A100-SXM4-40GB MIG 4g.20gb (0),1,,13,cupy_copy__complex64_complex64
1915257783,3007,47173,103,1,1,128,1,1,16,0.000,0.000,,,,,NVIDIA A100-SXM4-40GB MIG 4g.20gb (0),1,,13,cupy_copy__complex64_complex64
1915266678,88319,47180,1,1,1,32,32,1,30,0.000,0.000,,,,,NVIDIA A100-SXM4-40GB MIG 4g.20gb (0),1,,13,"void convert_kernel<__half2, float2>(tensor_layout_any, T1 *, tensor_layout_any, const T2 *)"
1915386933,13088,47183,,,,,,,,,,0.094,7158.843,Pinned,Device,NVIDIA A100-SXM4-40GB MIG 4g.20gb (0),1,,13,[CUDA memcpy Host-to-Device]
1915404981,47007,47184,,,,,,,,,,35.810,761784.428,Device,,NVIDIA A100-SXM4-40GB MIG 4g.20gb (0),1,,13,[CUDA memset]
1915458388,4864,47186,,,,,,,,,,0.000,16.447,Pinned,Device,NVIDIA A100-SXM4-40GB MIG 4g.20gb (0),1,,13,[CUDA memcpy Host-to-Device]
1915473748,15872,47187,,,,,,,,,,0.197,12387.090,Pinned,Device,NVIDIA A100-SXM4-40GB MIG 4g.20gb (0),1,,13,[CUDA memcpy Host-to-Device]
1915500820,10047,47188,273,1,1,48,1,1,40,0.000,0.001,,,,,NVIDIA A100-SXM4-40GB MIG 4g.20gb (0),1,,13,"void pusch_noise_intf_est::noiseIntfEstNoDftSOfdmKernel<float, __half, float, float, (unsigned int)2, (unsigned int)1, (unsigned char)4, (unsigned char)4>(pusch_noise_intf_est::puschRxNoiseIntfEstDynDescr)"
1915516723,2752,47199,35,1,1,128,1,1,16,0.000,0.000,,,,,NVIDIA A100-SXM4-40GB MIG 4g.20gb (0),1,,13,cupy_copy__complex64_complex64
1915523859,1792,47208,1,1,1,1,1,1,18,0.000,0.000,,,,,NVIDIA A100-SXM4-40GB MIG 4g.20gb (0),1,,13,cupy_copy__float32_float32
1915540691,2016,47214,,,,,,,,,,0.000,1.984,Device,Pageable,NVIDIA A100-SXM4-40GB MIG 4g.20gb (0),1,,7,[CUDA memcpy Device-to-Host]
1915602546,12896,47225,1434,1,1,128,1,1,16,0.000,0.000,,,,,NVIDIA A100-SXM4-40GB MIG 4g.20gb (0),1,,13,cupy_copy__complex64_complex64
1915630034,3040,47232,103,1,1,128,1,1,16,0.000,0.000,,,,,NVIDIA A100-SXM4-40GB MIG 4g.20gb (0),1,,13,cupy_copy__complex64_complex64
1915650866,2560,47239,35,1,1,128,1,1,16,0.000,0.000,,,,,NVIDIA A100-SXM4-40GB MIG 4g.20gb (0),1,,13,cupy_copy__complex64_complex64
1915671441,1760,47246,1,1,1,1,1,1,18,0.000,0.000,,,,,NVIDIA A100-SXM4-40GB MIG 4g.20gb (0),1,,13,cupy_copy__float32_float32
1915800432,82559,47257,1,1,1,32,32,1,30,0.000,0.000,,,,,NVIDIA A100-SXM4-40GB MIG 4g.20gb (0),1,,13,"void convert_kernel<__half2, float2>(tensor_layout_any, T1 *, tensor_layout_any, const T2 *)"
1915910734,5984,47260,,,,,,,,,,0.094,15657.726,Pinned,Device,NVIDIA A100-SXM4-40GB MIG 4g.20gb (0),1,,13,[CUDA memcpy Host-to-Device]
1915925102,3328,47261,,,,,,,,,,1.547,464729.580,Device,,NVIDIA A100-SXM4-40GB MIG 4g.20gb (0),1,,13,[CUDA memset]
1915932078,3904,47266,,,,,,,,,,0.031,8016.377,Pinned,Device,NVIDIA A100-SXM4-40GB MIG 4g.20gb (0),1,,13,[CUDA memcpy Host-to-Device]
1915938446,10112,47267,,,,,,,,,,0.197,19442.958,Pinned,Device,NVIDIA A100-SXM4-40GB MIG 4g.20gb (0),1,,13,[CUDA memcpy Host-to-Device]
1915952654,6240,47268,273,1,1,8,4,1,39,0.002,0.000,,,,,NVIDIA A100-SXM4-40GB MIG 4g.20gb (0),1,,13,"void channel_eq::eqMmseCoefCompLowMimoKernel<float, float, float, (unsigned int)4, (unsigned int)1, (unsigned int)4>(const channel_eq::_puschRxChEqStatDescr *, channel_eq::_puschRxChEqCoefCompDynDescr)"
1915960014,6048,47269,273,1,1,12,11,1,51,0.002,0.000,,,,,NVIDIA A100-SXM4-40GB MIG 4g.20gb (0),1,,13,"void channel_eq::eqMmseSoftDemapKernel<float, __half, __half, float, (unsigned int)4, (unsigned short)16383>(channel_eq::_puschRxChEqStatDescr *, channel_eq::_puschRxChEqSoftDemapDynDescr)"
1915967086,295036,47270,1,1,1,32,32,1,30,0.000,0.000,,,,,NVIDIA A100-SXM4-40GB MIG 4g.20gb (0),1,,13,"void convert_kernel<float2, __half2>(tensor_layout_any, T1 *, tensor_layout_any, const T2 *)"
1916263882,10816,47282,2253,1,1,128,1,1,16,0.000,0.000,,,,,NVIDIA A100-SXM4-40GB MIG 4g.20gb (0),1,,13,cupy_copy__float16_float16
1916279434,3360,47291,282,1,1,128,1,1,16,0.000,0.000,,,,,NVIDIA A100-SXM4-40GB MIG 4g.20gb (0),1,,13,cupy_copy__complex64_complex64
1916284778,3360,47300,26,1,1,128,1,1,16,0.000,0.000,,,,,NVIDIA A100-SXM4-40GB MIG 4g.20gb (0),1,,13,cupy_copy__float32_float32
1916289258,3040,47309,103,1,1,128,1,1,16,0.000,0.000,,,,,NVIDIA A100-SXM4-40GB MIG 4g.20gb (0),1,,13,cupy_copy__complex64_complex64
1916294762,11840,47319,1434,1,1,128,1,1,16,0.000,0.000,,,,,NVIDIA A100-SXM4-40GB MIG 4g.20gb (0),1,,13,cupy_copy__complex64_complex64
1916310473,82591,47324,1,1,1,32,32,1,30,0.000,0.000,,,,,NVIDIA A100-SXM4-40GB MIG 4g.20gb (0),1,,13,"void convert_kernel<__half2, float2>(tensor_layout_any, T1 *, tensor_layout_any, const T2 *)"
1916420424,5760,47327,,,,,,,,,,0.094,16266.656,Pinned,Device,NVIDIA A100-SXM4-40GB MIG 4g.20gb (0),1,,13,[CUDA memcpy Host-to-Device]
1916431016,599161,47328,,,,,,,,,,456.561,762001.043,Device,,NVIDIA A100-SXM4-40GB MIG 4g.20gb (0),1,,13,[CUDA memset]
1917035041,154142,47333,,,,,,,,,,1.235,8011.082,Pinned,Device,NVIDIA A100-SXM4-40GB MIG 4g.20gb (0),1,,13,[CUDA memcpy Host-to-Device]
1917203582,41952,47334,,,,,,,,,,0.197,4686.348,Pinned,Device,NVIDIA A100-SXM4-40GB MIG 4g.20gb (0),1,,13,[CUDA memcpy Host-to-Device]
1917262846,8288,47335,69,4,1,48,1,1,76,0.002,0.000,,,,,NVIDIA A100-SXM4-40GB MIG 4g.20gb (0),1,,13,"void ch_est::windowedChEstPreNoDftSOfdmKernel<float, __half, float, (unsigned int)2, (unsigned int)1, (unsigned short)4>(ch_est::puschRxChEstStatDescr_t *, ch_est::puschRxChEstDynDescr_t *)"
1917282429,6752,47336,137,2,1,24,2,1,44,0.001,0.001,,,,,NVIDIA A100-SXM4-40GB MIG 4g.20gb (0),1,,13,"void ch_est::chEstFilterNoDftSOfdmDispatchKernel<float, __half, float, (unsigned int)2>(ch_est::puschRxChEstStatDescr_t *, ch_est::puschRxChEstDynDescr_t *)"
1917298525,4960,47337,137,2,1,24,2,1,44,0.001,0.001,,,,,NVIDIA A100-SXM4-40GB MIG 4g.20gb (0),1,,13,"void ch_est::chEstFilterNoDftSOfdmDispatchKernel<float, __half, float, (unsigned int)2>(ch_est::puschRxChEstStatDescr_t *, ch_est::puschRxChEstDynDescr_t *)"
1917312445,2592,47348,103,1,1,128,1,1,16,0.000,0.000,,,,,NVIDIA A100-SXM4-40GB MIG 4g.20gb (0),1,,13,cupy_copy__complex64_complex64
1917324157,12320,47358,1434,1,1,128,1,1,16,0.000,0.000,,,,,NVIDIA A100-SXM4-40GB MIG 4g.20gb (0),1,,13,cupy_copy__complex64_complex64
1917351069,2464,47365,103,1,1,128,1,1,16,0.000,0.000,,,,,NVIDIA A100-SXM4-40GB MIG 4g.20gb (0),1,,13,cupy_copy__complex64_complex64
1917366332,82207,47372,1,1,1,32,32,1,30,0.000,0.000,,,,,NVIDIA A100-SXM4-40GB MIG 4g.20gb (0),1,,13,"void convert_kernel<__half2, float2>(tensor_layout_any, T1 *, tensor_layout_any, const T2 *)"
1917476571,9376,47375,,,,,,,,,,0.094,9993.147,Pinned,Device,NVIDIA A100-SXM4-40GB MIG 4g.20gb (0),1,,13,[CUDA memcpy Host-to-Device]
1917493979,47231,47376,,,,,,,,,,35.810,758167.626,Device,,NVIDIA A100-SXM4-40GB MIG 4g.20gb (0),1,,13,[CUDA memset]
1917547002,5248,47378,,,,,,,,,,0.000,15.244,Pinned,Device,NVIDIA A100-SXM4-40GB MIG 4g.20gb (0),1,,13,[CUDA memcpy Host-to-Device]
1917561018,18432,47379,,,,,,,,,,0.197,10666.574,Pinned,Device,NVIDIA A100-SXM4-40GB MIG 4g.20gb (0),1,,13,[CUDA memcpy Host-to-Device]
1917598650,9439,47380,273,1,1,48,1,1,40,0.000,0.001,,,,,NVIDIA A100-SXM4-40GB MIG 4g.20gb (0),1,,13,"void pusch_noise_intf_est::noiseIntfEstNoDftSOfdmKernel<float, __half, float, float, (unsigned int)2, (unsigned int)1, (unsigned char)4, (unsigned char)4>(pusch_noise_intf_est::puschRxNoiseIntfEstDynDescr)"
1917618265,2592,47391,35,1,1,128,1,1,16,0.000,0.000,,,,,NVIDIA A100-SXM4-40GB MIG 4g.20gb (0),1,,13,cupy_copy__complex64_complex64
1917630617,1792,47400,1,1,1,1,1,1,18,0.000,0.000,,,,,NVIDIA A100-SXM4-40GB MIG 4g.20gb (0),1,,13,cupy_copy__float32_float32
1917640185,4448,47406,,,,,,,,,,0.000,0.899,Device,Pageable,NVIDIA A100-SXM4-40GB MIG 4g.20gb (0),1,,7,[CUDA memcpy Device-to-Host]
1917716408,12928,47417,1434,1,1,128,1,1,16,0.000,0.000,,,,,NVIDIA A100-SXM4-40GB MIG 4g.20gb (0),1,,13,cupy_copy__complex64_complex64
1917747224,3488,47424,103,1,1,128,1,1,16,0.000,0.000,,,,,NVIDIA A100-SXM4-40GB MIG 4g.20gb (0),1,,13,cupy_copy__complex64_complex64
1917765527,2656,47431,35,1,1,128,1,1,16,0.000,0.000,,,,,NVIDIA A100-SXM4-40GB MIG 4g.20gb (0),1,,13,cupy_copy__complex64_complex64
1917782391,1728,47438,1,1,1,1,1,1,18,0.000,0.000,,,,,NVIDIA A100-SXM4-40GB MIG 4g.20gb (0),1,,13,cupy_copy__float32_float32
1917905014,82079,47449,1,1,1,32,32,1,30,0.000,0.000,,,,,NVIDIA A100-SXM4-40GB MIG 4g.20gb (0),1,,13,"void convert_kernel<__half2, float2>(tensor_layout_any, T1 *, tensor_layout_any, const T2 *)"
1918014388,6048,47452,,,,,,,,,,0.094,15491.978,Pinned,Device,NVIDIA A100-SXM4-40GB MIG 4g.20gb (0),1,,13,[CUDA memcpy Host-to-Device]
1918028884,3584,47453,,,,,,,,,,1.547,431534.389,Device,,NVIDIA A100-SXM4-40GB MIG 4g.20gb (0),1,,13,[CUDA memset]
1918036084,3296,47458,,,,,,,,,,0.031,9495.144,Pinned,Device,NVIDIA A100-SXM4-40GB MIG 4g.20gb (0),1,,13,[CUDA memcpy Host-to-Device]
1918041908,9824,47459,,,,,,,,,,0.197,20012.925,Pinned,Device,NVIDIA A100-SXM4-40GB MIG 4g.20gb (0),1,,13,[CUDA memcpy Host-to-Device]
1918056820,6464,47460,273,1,1,8,4,1,39,0.002,0.000,,,,,NVIDIA A100-SXM4-40GB MIG 4g.20gb (0),1,,13,"void channel_eq::eqMmseCoefCompLowMimoKernel<float, float, float, (unsigned int)4, (unsigned int)1, (unsigned int)4>(const channel_eq::_puschRxChEqStatDescr *, channel_eq::_puschRxChEqCoefCompDynDescr)"
1918066292,5696,47461,273,1,1,12,11,1,51,0.002,0.000,,,,,NVIDIA A100-SXM4-40GB MIG 4g.20gb (0),1,,13,"void channel_eq::eqMmseSoftDemapKernel<float, __half, __half, float, (unsigned int)4, (unsigned short)16383>(channel_eq::_puschRxChEqStatDescr *, channel_eq::_puschRxChEqSoftDemapDynDescr)"
1918075444,290076,47462,1,1,1,32,32,1,30,0.000,0.000,,,,,NVIDIA A100-SXM4-40GB MIG 4g.20gb (0),1,,13,"void convert_kernel<float2, __half2>(tensor_layout_any, T1 *, tensor_layout_any, const T2 *)"
1918366480,10848,47474,2253,1,1,128,1,1,16,0.000,0.000,,,,,NVIDIA A100-SXM4-40GB MIG 4g.20gb (0),1,,13,cupy_copy__float16_float16
1918379472,3776,47483,282,1,1,128,1,1,16,0.000,0.000,,,,,NVIDIA A100-SXM4-40GB MIG 4g.20gb (0),1,,13,cupy_copy__complex64_complex64
1918387472,2048,47492,26,1,1,128,1,1,16,0.000,0.000,,,,,NVIDIA A100-SXM4-40GB MIG 4g.20gb (0),1,,13,cupy_copy__float32_float32
1918392720,3104,47501,103,1,1,128,1,1,16,0.000,0.000,,,,,NVIDIA A100-SXM4-40GB MIG 4g.20gb (0),1,,13,cupy_copy__complex64_complex64
1918398704,12287,47511,1434,1,1,128,1,1,16,0.000,0.000,,,,,NVIDIA A100-SXM4-40GB MIG 4g.20gb (0),1,,13,cupy_copy__complex64_complex64
1918416879,82271,47516,1,1,1,32,32,1,30,0.000,0.000,,,,,NVIDIA A100-SXM4-40GB MIG 4g.20gb (0),1,,13,"void convert_kernel<__half2, float2>(tensor_layout_any, T1 *, tensor_layout_any, const T2 *)"
1918525838,5760,47519,,,,,,,,,,0.094,16266.656,Pinned,Device,NVIDIA A100-SXM4-40GB MIG 4g.20gb (0),1,,13,[CUDA memcpy Host-to-Device]
1918536334,598104,47520,,,,,,,,,,456.561,762914.166,Device,,NVIDIA A100-SXM4-40GB MIG 4g.20gb (0),1,,13,[CUDA memset]
1919136454,137119,47525,,,,,,,,,,1.235,9005.212,Pinned,Device,NVIDIA A100-SXM4-40GB MIG 4g.20gb (0),1,,13,[CUDA memcpy Host-to-Device]
1919282565,32255,47526,,,,,,,,,,0.197,6095.241,Pinned,Device,NVIDIA A100-SXM4-40GB MIG 4g.20gb (0),1,,13,[CUDA memcpy Host-to-Device]
1919328260,8512,47527,69,4,1,48,1,1,76,0.002,0.000,,,,,NVIDIA A100-SXM4-40GB MIG 4g.20gb (0),1,,13,"void ch_est::windowedChEstPreNoDftSOfdmKernel<float, __half, float, (unsigned int)2, (unsigned int)1, (unsigned short)4>(ch_est::puschRxChEstStatDescr_t *, ch_est::puschRxChEstDynDescr_t *)"
1919351268,7008,47528,137,2,1,24,2,1,44,0.001,0.001,,,,,NVIDIA A100-SXM4-40GB MIG 4g.20gb (0),1,,13,"void ch_est::chEstFilterNoDftSOfdmDispatchKernel<float, __half, float, (unsigned int)2>(ch_est::puschRxChEstStatDescr_t *, ch_est::puschRxChEstDynDescr_t *)"
1919364292,4736,47529,137,2,1,24,2,1,44,0.001,0.001,,,,,NVIDIA A100-SXM4-40GB MIG 4g.20gb (0),1,,13,"void ch_est::chEstFilterNoDftSOfdmDispatchKernel<float, __half, float, (unsigned int)2>(ch_est::puschRxChEstStatDescr_t *, ch_est::puschRxChEstDynDescr_t *)"
1919380067,2688,47540,103,1,1,128,1,1,16,0.000,0.000,,,,,NVIDIA A100-SXM4-40GB MIG 4g.20gb (0),1,,13,cupy_copy__complex64_complex64
1919393731,12672,47550,1434,1,1,128,1,1,16,0.000,0.000,,,,,NVIDIA A100-SXM4-40GB MIG 4g.20gb (0),1,,13,cupy_copy__complex64_complex64
1919429091,2624,47557,103,1,1,128,1,1,16,0.000,0.000,,,,,NVIDIA A100-SXM4-40GB MIG 4g.20gb (0),1,,13,cupy_copy__complex64_complex64
1919443843,80895,47564,1,1,1,32,32,1,30,0.000,0.000,,,,,NVIDIA A100-SXM4-40GB MIG 4g.20gb (0),1,,13,"void convert_kernel<__half2, float2>(tensor_layout_any, T1 *, tensor_layout_any, const T2 *)"
1919557505,25888,47567,,,,,,,,,,0.094,3619.195,Pinned,Device,NVIDIA A100-SXM4-40GB MIG 4g.20gb (0),1,,13,[CUDA memcpy Host-to-Device]
1919604417,47135,47568,,,,,,,,,,35.810,759707.453,Device,,NVIDIA A100-SXM4-40GB MIG 4g.20gb (0),1,,13,[CUDA memset]
1919658784,10240,47570,,,,,,,,,,0.000,7.812,Pinned,Device,NVIDIA A100-SXM4-40GB MIG 4g.20gb (0),1,,13,[CUDA memcpy Host-to-Device]
1919679552,15744,47571,,,,,,,,,,0.197,12487.754,Pinned,Device,NVIDIA A100-SXM4-40GB MIG 4g.20gb (0),1,,13,[CUDA memcpy Host-to-Device]
1919704319,9984,47572,273,1,1,48,1,1,40,0.000,0.001,,,,,NVIDIA A100-SXM4-40GB MIG 4g.20gb (0),1,,13,"void pusch_noise_intf_est::noiseIntfEstNoDftSOfdmKernel<float, __half, float, float, (unsigned int)2, (unsigned int)1, (unsigned char)4, (unsigned char)4>(pusch_noise_intf_est::puschRxNoiseIntfEstDynDescr)"
1919719455,3168,47583,35,1,1,128,1,1,16,0.000,0.000,,,,,NVIDIA A100-SXM4-40GB MIG 4g.20gb (0),1,,13,cupy_copy__complex64_complex64
1919727327,1792,47592,1,1,1,1,1,1,18,0.000,0.000,,,,,NVIDIA A100-SXM4-40GB MIG 4g.20gb (0),1,,13,cupy_copy__float32_float32
1919729567,3936,47598,,,,,,,,,,0.000,1.016,Device,Pageable,NVIDIA A100-SXM4-40GB MIG 4g.20gb (0),1,,7,[CUDA memcpy Device-to-Host]
1919805438,12800,47609,1434,1,1,128,1,1,16,0.000,0.000,,,,,NVIDIA A100-SXM4-40GB MIG 4g.20gb (0),1,,13,cupy_copy__complex64_complex64
1919830718,3072,47616,103,1,1,128,1,1,16,0.000,0.000,,,,,NVIDIA A100-SXM4-40GB MIG 4g.20gb (0),1,,13,cupy_copy__complex64_complex64
1919853086,2816,47623,35,1,1,128,1,1,16,0.000,0.000,,,,,NVIDIA A100-SXM4-40GB MIG 4g.20gb (0),1,,13,cupy_copy__complex64_complex64
1919869085,1984,47630,1,1,1,1,1,1,18,0.000,0.000,,,,,NVIDIA A100-SXM4-40GB MIG 4g.20gb (0),1,,13,cupy_copy__float32_float32
1920004764,87679,47641,1,1,1,32,32,1,30,0.000,0.000,,,,,NVIDIA A100-SXM4-40GB MIG 4g.20gb (0),1,,13,"void convert_kernel<__half2, float2>(tensor_layout_any, T1 *, tensor_layout_any, const T2 *)"
1920121754,12288,47644,,,,,,,,,,0.094,7624.980,Pinned,Device,NVIDIA A100-SXM4-40GB MIG 4g.20gb (0),1,,13,[CUDA memcpy Host-to-Device]
1920145274,3392,47645,,,,,,,,,,1.547,455961.768,Device,,NVIDIA A100-SXM4-40GB MIG 4g.20gb (0),1,,13,[CUDA memset]
1920151002,3200,47650,,,,,,,,,,0.031,9780.000,Pinned,Device,NVIDIA A100-SXM4-40GB MIG 4g.20gb (0),1,,13,[CUDA memcpy Host-to-Device]
1920158746,11136,47651,,,,,,,,,,0.197,17655.005,Pinned,Device,NVIDIA A100-SXM4-40GB MIG 4g.20gb (0),1,,13,[CUDA memcpy Host-to-Device]
1920177850,6079,47652,273,1,1,8,4,1,39,0.002,0.000,,,,,NVIDIA A100-SXM4-40GB MIG 4g.20gb (0),1,,13,"void channel_eq::eqMmseCoefCompLowMimoKernel<float, float, float, (unsigned int)4, (unsigned int)1, (unsigned int)4>(const channel_eq::_puschRxChEqStatDescr *, channel_eq::_puschRxChEqCoefCompDynDescr)"
1920188153,6560,47653,273,1,1,12,11,1,51,0.002,0.000,,,,,NVIDIA A100-SXM4-40GB MIG 4g.20gb (0),1,,13,"void channel_eq::eqMmseSoftDemapKernel<float, __half, __half, float, (unsigned int)4, (unsigned short)16383>(channel_eq::_puschRxChEqStatDescr *, channel_eq::_puschRxChEqSoftDemapDynDescr)"
1920196473,282653,47654,1,1,1,32,32,1,30,0.000,0.000,,,,,NVIDIA A100-SXM4-40GB MIG 4g.20gb (0),1,,13,"void convert_kernel<float2, __half2>(tensor_layout_any, T1 *, tensor_layout_any, const T2 *)"
1920482454,11008,47666,2253,1,1,128,1,1,16,0.000,0.000,,,,,NVIDIA A100-SXM4-40GB MIG 4g.20gb (0),1,,13,cupy_copy__float16_float16
1920496726,3712,47675,282,1,1,128,1,1,16,0.000,0.000,,,,,NVIDIA A100-SXM4-40GB MIG 4g.20gb (0),1,,13,cupy_copy__complex64_complex64
1920501494,2048,47684,26,1,1,128,1,1,16,0.000,0.000,,,,,NVIDIA A100-SXM4-40GB MIG 4g.20gb (0),1,,13,cupy_copy__float32_float32
1920505078,4543,47693,103,1,1,128,1,1,16,0.000,0.000,,,,,NVIDIA A100-SXM4-40GB MIG 4g.20gb (0),1,,13,cupy_copy__complex64_complex64
1920510677,12128,47703,1434,1,1,128,1,1,16,0.000,0.000,,,,,NVIDIA A100-SXM4-40GB MIG 4g.20gb (0),1,,13,cupy_copy__complex64_complex64
1920524949,82495,47708,1,1,1,32,32,1,30,0.000,0.000,,,,,NVIDIA A100-SXM4-40GB MIG 4g.20gb (0),1,,13,"void convert_kernel<__half2, float2>(tensor_layout_any, T1 *, tensor_layout_any, const T2 *)"
1920634324,5504,47711,,,,,,,,,,0.094,17023.251,Pinned,Device,NVIDIA A100-SXM4-40GB MIG 4g.20gb (0),1,,13,[CUDA memcpy Host-to-Device]
1920645460,598360,47712,,,,,,,,,,456.561,762914.166,Device,,NVIDIA A100-SXM4-40GB MIG 4g.20gb (0),1,,13,[CUDA memset]
1921249036,155486,47717,,,,,,,,,,1.235,7941.925,Pinned,Device,NVIDIA A100-SXM4-40GB MIG 4g.20gb (0),1,,13,[CUDA memcpy Host-to-Device]
1921417834,40288,47718,,,,,,,,,,0.197,4880.007,Pinned,Device,NVIDIA A100-SXM4-40GB MIG 4g.20gb (0),1,,13,[CUDA memcpy Host-to-Device]
1921486953,8224,47719,69,4,1,48,1,1,76,0.002,0.000,,,,,NVIDIA A100-SXM4-40GB MIG 4g.20gb (0),1,,13,"void ch_est::windowedChEstPreNoDftSOfdmKernel<float, __half, float, (unsigned int)2, (unsigned int)1, (unsigned short)4>(ch_est::puschRxChEstStatDescr_t *, ch_est::puschRxChEstDynDescr_t *)"
1921504617,6752,47720,137,2,1,24,2,1,44,0.001,0.001,,,,,NVIDIA A100-SXM4-40GB MIG 4g.20gb (0),1,,13,"void ch_est::chEstFilterNoDftSOfdmDispatchKernel<float, __half, float, (unsigned int)2>(ch_est::puschRxChEstStatDescr_t *, ch_est::puschRxChEstDynDescr_t *)"
1921521833,4736,47721,137,2,1,24,2,1,44,0.001,0.001,,,,,NVIDIA A100-SXM4-40GB MIG 4g.20gb (0),1,,13,"void ch_est::chEstFilterNoDftSOfdmDispatchKernel<float, __half, float, (unsigned int)2>(ch_est::puschRxChEstStatDescr_t *, ch_est::puschRxChEstDynDescr_t *)"
1921538665,2528,47732,103,1,1,128,1,1,16,0.000,0.000,,,,,NVIDIA A100-SXM4-40GB MIG 4g.20gb (0),1,,13,cupy_copy__complex64_complex64
1921558312,12320,47742,1434,1,1,128,1,1,16,0.000,0.000,,,,,NVIDIA A100-SXM4-40GB MIG 4g.20gb (0),1,,13,cupy_copy__complex64_complex64
1921577032,2912,47749,103,1,1,128,1,1,16,0.000,0.000,,,,,NVIDIA A100-SXM4-40GB MIG 4g.20gb (0),1,,13,cupy_copy__complex64_complex64
1921598984,89631,47756,1,1,1,32,32,1,30,0.000,0.000,,,,,NVIDIA A100-SXM4-40GB MIG 4g.20gb (0),1,,13,"void convert_kernel<__half2, float2>(tensor_layout_any, T1 *, tensor_layout_any, const T2 *)"
1921724102,21312,47759,,,,,,,,,,0.094,4396.310,Pinned,Device,NVIDIA A100-SXM4-40GB MIG 4g.20gb (0),1,,13,[CUDA memcpy Host-to-Device]
1921760518,46399,47760,,,,,,,,,,35.810,771775.396,Device,,NVIDIA A100-SXM4-40GB MIG 4g.20gb (0),1,,13,[CUDA memset]
1921815589,12640,47762,,,,,,,,,,0.000,6.329,Pinned,Device,NVIDIA A100-SXM4-40GB MIG 4g.20gb (0),1,,13,[CUDA memcpy Host-to-Device]
1921835877,23200,47763,,,,,,,,,,0.197,8474.395,Pinned,Device,NVIDIA A100-SXM4-40GB MIG 4g.20gb (0),1,,13,[CUDA memcpy Host-to-Device]
1921886820,9856,47764,273,1,1,48,1,1,40,0.000,0.001,,,,,NVIDIA A100-SXM4-40GB MIG 4g.20gb (0),1,,13,"void pusch_noise_intf_est::noiseIntfEstNoDftSOfdmKernel<float, __half, float, float, (unsigned int)2, (unsigned int)1, (unsigned char)4, (unsigned char)4>(pusch_noise_intf_est::puschRxNoiseIntfEstDynDescr)"
1921905764,2624,47775,35,1,1,128,1,1,16,0.000,0.000,,,,,NVIDIA A100-SXM4-40GB MIG 4g.20gb (0),1,,13,cupy_copy__complex64_complex64
1921917604,1888,47784,1,1,1,1,1,1,18,0.000,0.000,,,,,NVIDIA A100-SXM4-40GB MIG 4g.20gb (0),1,,13,cupy_copy__float32_float32
1921920484,7520,47790,,,,,,,,,,0.000,0.532,Device,Pageable,NVIDIA A100-SXM4-40GB MIG 4g.20gb (0),1,,7,[CUDA memcpy Device-to-Host]
1921997155,13024,47801,1434,1,1,128,1,1,16,0.000,0.000,,,,,NVIDIA A100-SXM4-40GB MIG 4g.20gb (0),1,,13,cupy_copy__complex64_complex64
1922025667,3520,47808,103,1,1,128,1,1,16,0.000,0.000,,,,,NVIDIA A100-SXM4-40GB MIG 4g.20gb (0),1,,13,cupy_copy__complex64_complex64
1922049410,2720,47815,35,1,1,128,1,1,16,0.000,0.000,,,,,NVIDIA A100-SXM4-40GB MIG 4g.20gb (0),1,,13,cupy_copy__complex64_complex64
1922062978,1760,47822,1,1,1,1,1,1,18,0.000,0.000,,,,,NVIDIA A100-SXM4-40GB MIG 4g.20gb (0),1,,13,cupy_copy__float32_float32
1922189377,82975,47833,1,1,1,32,32,1,30,0.000,0.000,,,,,NVIDIA A100-SXM4-40GB MIG 4g.20gb (0),1,,13,"void convert_kernel<__half2, float2>(tensor_layout_any, T1 *, tensor_layout_any, const T2 *)"
1922300287,5664,47836,,,,,,,,,,0.094,16542.310,Pinned,Device,NVIDIA A100-SXM4-40GB MIG 4g.20gb (0),1,,13,[CUDA memcpy Host-to-Device]
1922314687,3136,47837,,,,,,,,,,1.547,493182.821,Device,,NVIDIA A100-SXM4-40GB MIG 4g.20gb (0),1,,13,[CUDA memset]
1922321471,3200,47842,,,,,,,,,,0.031,9780.000,Pinned,Device,NVIDIA A100-SXM4-40GB MIG 4g.20gb (0),1,,13,[CUDA memcpy Host-to-Device]
1922327135,9632,47843,,,,,,,,,,0.197,20411.843,Pinned,Device,NVIDIA A100-SXM4-40GB MIG 4g.20gb (0),1,,13,[CUDA memcpy Host-to-Device]
1922340639,6336,47844,273,1,1,8,4,1,39,0.002,0.000,,,,,NVIDIA A100-SXM4-40GB MIG 4g.20gb (0),1,,13,"void channel_eq::eqMmseCoefCompLowMimoKernel<float, float, float, (unsigned int)4, (unsigned int)1, (unsigned int)4>(const channel_eq::_puschRxChEqStatDescr *, channel_eq::_puschRxChEqCoefCompDynDescr)"
1922347935,6080,47845,273,1,1,12,11,1,51,0.002,0.000,,,,,NVIDIA A100-SXM4-40GB MIG 4g.20gb (0),1,,13,"void channel_eq::eqMmseSoftDemapKernel<float, __half, __half, float, (unsigned int)4, (unsigned short)16383>(channel_eq::_puschRxChEqStatDescr *, channel_eq::_puschRxChEqSoftDemapDynDescr)"
1922355007,282908,47846,1,1,1,32,32,1,30,0.000,0.000,,,,,NVIDIA A100-SXM4-40GB MIG 4g.20gb (0),1,,13,"void convert_kernel<float2, __half2>(tensor_layout_any, T1 *, tensor_layout_any, const T2 *)"
1922639067,10912,47858,2253,1,1,128,1,1,16,0.000,0.000,,,,,NVIDIA A100-SXM4-40GB MIG 4g.20gb (0),1,,13,cupy_copy__float16_float16
1922652315,3680,47867,282,1,1,128,1,1,16,0.000,0.000,,,,,NVIDIA A100-SXM4-40GB MIG 4g.20gb (0),1,,13,cupy_copy__complex64_complex64
1922658875,2272,47876,26,1,1,128,1,1,16,0.000,0.000,,,,,NVIDIA A100-SXM4-40GB MIG 4g.20gb (0),1,,13,cupy_copy__float32_float32
1922662171,3136,47885,103,1,1,128,1,1,16,0.000,0.000,,,,,NVIDIA A100-SXM4-40GB MIG 4g.20gb (0),1,,13,cupy_copy__complex64_complex64
1922668443,12064,47895,1434,1,1,128,1,1,16,0.000,0.000,,,,,NVIDIA A100-SXM4-40GB MIG 4g.20gb (0),1,,13,cupy_copy__complex64_complex64
1922691386,82207,47900,1,1,1,32,32,1,30,0.000,0.000,,,,,NVIDIA A100-SXM4-40GB MIG 4g.20gb (0),1,,13,"void convert_kernel<__half2, float2>(tensor_layout_any, T1 *, tensor_layout_any, const T2 *)"
1922800473,5536,47903,,,,,,,,,,0.094,16924.777,Pinned,Device,NVIDIA A100-SXM4-40GB MIG 4g.20gb (0),1,,13,[CUDA memcpy Host-to-Device]
1922812217,600888,47904,,,,,,,,,,456.561,759718.236,Device,,NVIDIA A100-SXM4-40GB MIG 4g.20gb (0),1,,13,[CUDA memset]
1923413841,70720,47909,,,,,,,,,,1.235,17462.108,Pinned,Device,NVIDIA A100-SXM4-40GB MIG 4g.20gb (0),1,,13,[CUDA memcpy Host-to-Device]
1923491153,16767,47910,,,,,,,,,,0.197,11725.701,Pinned,Device,NVIDIA A100-SXM4-40GB MIG 4g.20gb (0),1,,13,[CUDA memcpy Host-to-Device]
1923517808,8256,47911,69,4,1,48,1,1,76,0.002,0.000,,,,,NVIDIA A100-SXM4-40GB MIG 4g.20gb (0),1,,13,"void ch_est::windowedChEstPreNoDftSOfdmKernel<float, __half, float, (unsigned int)2, (unsigned int)1, (unsigned short)4>(ch_est::puschRxChEstStatDescr_t *, ch_est::puschRxChEstDynDescr_t *)"
1923534992,7200,47912,137,2,1,24,2,1,44,0.001,0.001,,,,,NVIDIA A100-SXM4-40GB MIG 4g.20gb (0),1,,13,"void ch_est::chEstFilterNoDftSOfdmDispatchKernel<float, __half, float, (unsigned int)2>(ch_est::puschRxChEstStatDescr_t *, ch_est::puschRxChEstDynDescr_t *)"
1923549552,6336,47913,137,2,1,24,2,1,44,0.001,0.001,,,,,NVIDIA A100-SXM4-40GB MIG 4g.20gb (0),1,,13,"void ch_est::chEstFilterNoDftSOfdmDispatchKernel<float, __half, float, (unsigned int)2>(ch_est::puschRxChEstStatDescr_t *, ch_est::puschRxChEstDynDescr_t *)"
1923557456,2464,47924,103,1,1,128,1,1,16,0.000,0.000,,,,,NVIDIA A100-SXM4-40GB MIG 4g.20gb (0),1,,13,cupy_copy__complex64_complex64
1923566544,12479,47934,1434,1,1,128,1,1,16,0.000,0.000,,,,,NVIDIA A100-SXM4-40GB MIG 4g.20gb (0),1,,13,cupy_copy__complex64_complex64
1923583311,2656,47941,103,1,1,128,1,1,16,0.000,0.000,,,,,NVIDIA A100-SXM4-40GB MIG 4g.20gb (0),1,,13,cupy_copy__complex64_complex64
1923591823,85631,47948,1,1,1,32,32,1,30,0.000,0.000,,,,,NVIDIA A100-SXM4-40GB MIG 4g.20gb (0),1,,13,"void convert_kernel<__half2, float2>(tensor_layout_any, T1 *, tensor_layout_any, const T2 *)"
1923709870,13760,47951,,,,,,,,,,0.094,6809.263,Pinned,Device,NVIDIA A100-SXM4-40GB MIG 4g.20gb (0),1,,13,[CUDA memcpy Host-to-Device]
1923736781,48128,47952,,,,,,,,,,35.810,744022.708,Device,,NVIDIA A100-SXM4-40GB MIG 4g.20gb (0),1,,13,[CUDA memset]
1923787693,9984,47954,,,,,,,,,,0.000,8.013,Pinned,Device,NVIDIA A100-SXM4-40GB MIG 4g.20gb (0),1,,13,[CUDA memcpy Host-to-Device]
1923802637,22783,47955,,,,,,,,,,0.197,8629.518,Pinned,Device,NVIDIA A100-SXM4-40GB MIG 4g.20gb (0),1,,13,[CUDA memcpy Host-to-Device]
1923835852,9312,47956,273,1,1,48,1,1,40,0.000,0.001,,,,,NVIDIA A100-SXM4-40GB MIG 4g.20gb (0),1,,13,"void pusch_noise_intf_est::noiseIntfEstNoDftSOfdmKernel<float, __half, float, float, (unsigned int)2, (unsigned int)1, (unsigned char)4, (unsigned char)4>(pusch_noise_intf_est::puschRxNoiseIntfEstDynDescr)"
1923855532,2688,47967,35,1,1,128,1,1,16,0.000,0.000,,,,,NVIDIA A100-SXM4-40GB MIG 4g.20gb (0),1,,13,cupy_copy__complex64_complex64
1923864652,1696,47976,1,1,1,1,1,1,18,0.000,0.000,,,,,NVIDIA A100-SXM4-40GB MIG 4g.20gb (0),1,,13,cupy_copy__float32_float32
1923870444,3744,47982,,,,,,,,,,0.000,1.068,Device,Pageable,NVIDIA A100-SXM4-40GB MIG 4g.20gb (0),1,,7,[CUDA memcpy Device-to-Host]
1923955819,13504,47993,1434,1,1,128,1,1,16,0.000,0.000,,,,,NVIDIA A100-SXM4-40GB MIG 4g.20gb (0),1,,13,cupy_copy__complex64_complex64
1923974123,3359,48000,103,1,1,128,1,1,16,0.000,0.000,,,,,NVIDIA A100-SXM4-40GB MIG 4g.20gb (0),1,,13,cupy_copy__complex64_complex64
1924001194,2624,48007,35,1,1,128,1,1,16,0.000,0.000,,,,,NVIDIA A100-SXM4-40GB MIG 4g.20gb (0),1,,13,cupy_copy__complex64_complex64
1924020362,1760,48014,1,1,1,1,1,1,18,0.000,0.000,,,,,NVIDIA A100-SXM4-40GB MIG 4g.20gb (0),1,,13,cupy_copy__float32_float32
1924140520,86143,48025,1,1,1,32,32,1,30,0.000,0.000,,,,,NVIDIA A100-SXM4-40GB MIG 4g.20gb (0),1,,13,"void convert_kernel<__half2, float2>(tensor_layout_any, T1 *, tensor_layout_any, const T2 *)"
1924253767,5568,48028,,,,,,,,,,0.094,16827.521,Pinned,Device,NVIDIA A100-SXM4-40GB MIG 4g.20gb (0),1,,13,[CUDA memcpy Host-to-Device]
1924268199,3200,48029,,,,,,,,,,1.547,483320.000,Device,,NVIDIA A100-SXM4-40GB MIG 4g.20gb (0),1,,13,[CUDA memset]
1924275623,3328,48034,,,,,,,,,,0.031,9403.822,Pinned,Device,NVIDIA A100-SXM4-40GB MIG 4g.20gb (0),1,,13,[CUDA memcpy Host-to-Device]
1924282023,9600,48035,,,,,,,,,,0.197,20479.869,Pinned,Device,NVIDIA A100-SXM4-40GB MIG 4g.20gb (0),1,,13,[CUDA memcpy Host-to-Device]
1924296487,6239,48036,273,1,1,8,4,1,39,0.002,0.000,,,,,NVIDIA A100-SXM4-40GB MIG 4g.20gb (0),1,,13,"void channel_eq::eqMmseCoefCompLowMimoKernel<float, float, float, (unsigned int)4, (unsigned int)1, (unsigned int)4>(const channel_eq::_puschRxChEqStatDescr *, channel_eq::_puschRxChEqCoefCompDynDescr)"
1924306502,6176,48037,273,1,1,12,11,1,51,0.002,0.000,,,,,NVIDIA A100-SXM4-40GB MIG 4g.20gb (0),1,,13,"void channel_eq::eqMmseSoftDemapKernel<float, __half, __half, float, (unsigned int)4, (unsigned short)16383>(channel_eq::_puschRxChEqStatDescr *, channel_eq::_puschRxChEqSoftDemapDynDescr)"
1924313734,282589,48038,1,1,1,32,32,1,30,0.000,0.000,,,,,NVIDIA A100-SXM4-40GB MIG 4g.20gb (0),1,,13,"void convert_kernel<float2, __half2>(tensor_layout_any, T1 *, tensor_layout_any, const T2 *)"
1924597251,11104,48050,2253,1,1,128,1,1,16,0.000,0.000,,,,,NVIDIA A100-SXM4-40GB MIG 4g.20gb (0),1,,13,cupy_copy__float16_float16
1924610563,3968,48059,282,1,1,128,1,1,16,0.000,0.000,,,,,NVIDIA A100-SXM4-40GB MIG 4g.20gb (0),1,,13,cupy_copy__complex64_complex64
1924618371,2080,48068,26,1,1,128,1,1,16,0.000,0.000,,,,,NVIDIA A100-SXM4-40GB MIG 4g.20gb (0),1,,13,cupy_copy__float32_float32
1924623138,3104,48077,103,1,1,128,1,1,16,0.000,0.000,,,,,NVIDIA A100-SXM4-40GB MIG 4g.20gb (0),1,,13,cupy_copy__complex64_complex64
1924629218,12672,48087,1434,1,1,128,1,1,16,0.000,0.000,,,,,NVIDIA A100-SXM4-40GB MIG 4g.20gb (0),1,,13,cupy_copy__complex64_complex64
1924647650,87135,48092,1,1,1,32,32,1,30,0.000,0.000,,,,,NVIDIA A100-SXM4-40GB MIG 4g.20gb (0),1,,13,"void convert_kernel<__half2, float2>(tensor_layout_any, T1 *, tensor_layout_any, const T2 *)"
1924761729,5472,48095,,,,,,,,,,0.094,17122.757,Pinned,Device,NVIDIA A100-SXM4-40GB MIG 4g.20gb (0),1,,13,[CUDA memcpy Host-to-Device]
1924772033,598008,48096,,,,,,,,,,456.561,763370.728,Device,,NVIDIA A100-SXM4-40GB MIG 4g.20gb (0),1,,13,[CUDA memset]
1925377849,146334,48101,,,,,,,,,,1.235,8438.372,Pinned,Device,NVIDIA A100-SXM4-40GB MIG 4g.20gb (0),1,,13,[CUDA memcpy Host-to-Device]
1925532631,29984,48102,,,,,,,,,,0.197,6557.073,Pinned,Device,NVIDIA A100-SXM4-40GB MIG 4g.20gb (0),1,,13,[CUDA memcpy Host-to-Device]
1925574199,8256,48103,69,4,1,48,1,1,76,0.002,0.000,,,,,NVIDIA A100-SXM4-40GB MIG 4g.20gb (0),1,,13,"void ch_est::windowedChEstPreNoDftSOfdmKernel<float, __half, float, (unsigned int)2, (unsigned int)1, (unsigned short)4>(ch_est::puschRxChEstStatDescr_t *, ch_est::puschRxChEstDynDescr_t *)"
1925586903,6623,48104,137,2,1,24,2,1,44,0.001,0.001,,,,,NVIDIA A100-SXM4-40GB MIG 4g.20gb (0),1,,13,"void ch_est::chEstFilterNoDftSOfdmDispatchKernel<float, __half, float, (unsigned int)2>(ch_est::puschRxChEstStatDescr_t *, ch_est::puschRxChEstDynDescr_t *)"
1925600022,5504,48105,137,2,1,24,2,1,44,0.001,0.001,,,,,NVIDIA A100-SXM4-40GB MIG 4g.20gb (0),1,,13,"void ch_est::chEstFilterNoDftSOfdmDispatchKernel<float, __half, float, (unsigned int)2>(ch_est::puschRxChEstStatDescr_t *, ch_est::puschRxChEstDynDescr_t *)"
1925609718,2912,48116,103,1,1,128,1,1,16,0.000,0.000,,,,,NVIDIA A100-SXM4-40GB MIG 4g.20gb (0),1,,13,cupy_copy__complex64_complex64
1925614550,12800,48126,1434,1,1,128,1,1,16,0.000,0.000,,,,,NVIDIA A100-SXM4-40GB MIG 4g.20gb (0),1,,13,cupy_copy__complex64_complex64
1925632086,2400,48133,103,1,1,128,1,1,16,0.000,0.000,,,,,NVIDIA A100-SXM4-40GB MIG 4g.20gb (0),1,,13,cupy_copy__complex64_complex64
1925638134,82335,48140,1,1,1,32,32,1,30,0.000,0.000,,,,,NVIDIA A100-SXM4-40GB MIG 4g.20gb (0),1,,13,"void convert_kernel<__half2, float2>(tensor_layout_any, T1 *, tensor_layout_any, const T2 *)"
1925747381,5407,48143,,,,,,,,,,0.094,17328.607,Pinned,Device,NVIDIA A100-SXM4-40GB MIG 4g.20gb (0),1,,13,[CUDA memcpy Host-to-Device]
1925759316,46944,48144,,,,,,,,,,35.810,762787.106,Device,,NVIDIA A100-SXM4-40GB MIG 4g.20gb (0),1,,13,[CUDA memset]
1925813652,3424,48146,,,,,,,,,,0.000,23.364,Pinned,Device,NVIDIA A100-SXM4-40GB MIG 4g.20gb (0),1,,13,[CUDA memcpy Host-to-Device]
1925821300,13375,48147,,,,,,,,,,0.197,14699.594,Pinned,Device,NVIDIA A100-SXM4-40GB MIG 4g.20gb (0),1,,13,[CUDA memcpy Host-to-Device]
1925844851,12576,48148,273,1,1,48,1,1,40,0.000,0.001,,,,,NVIDIA A100-SXM4-40GB MIG 4g.20gb (0),1,,13,"void pusch_noise_intf_est::noiseIntfEstNoDftSOfdmKernel<float, __half, float, float, (unsigned int)2, (unsigned int)1, (unsigned char)4, (unsigned char)4>(pusch_noise_intf_est::puschRxNoiseIntfEstDynDescr)"
1925862387,2592,48159,35,1,1,128,1,1,16,0.000,0.000,,,,,NVIDIA A100-SXM4-40GB MIG 4g.20gb (0),1,,13,cupy_copy__complex64_complex64
1925871795,1728,48168,1,1,1,1,1,1,18,0.000,0.000,,,,,NVIDIA A100-SXM4-40GB MIG 4g.20gb (0),1,,13,cupy_copy__float32_float32
1925899699,1600,48174,,,,,,,,,,0.000,2.500,Device,Pageable,NVIDIA A100-SXM4-40GB MIG 4g.20gb (0),1,,7,[CUDA memcpy Device-to-Host]
1925958802,13152,48185,1434,1,1,128,1,1,16,0.000,0.000,,,,,NVIDIA A100-SXM4-40GB MIG 4g.20gb (0),1,,13,cupy_copy__complex64_complex64
1925987154,2752,48192,103,1,1,128,1,1,16,0.000,0.000,,,,,NVIDIA A100-SXM4-40GB MIG 4g.20gb (0),1,,13,cupy_copy__complex64_complex64
1926008081,2304,48199,35,1,1,128,1,1,16,0.000,0.000,,,,,NVIDIA A100-SXM4-40GB MIG 4g.20gb (0),1,,13,cupy_copy__complex64_complex64
1926025777,1760,48206,1,1,1,1,1,1,18,0.000,0.000,,,,,NVIDIA A100-SXM4-40GB MIG 4g.20gb (0),1,,13,cupy_copy__float32_float32
1926158095,82207,48217,1,1,1,32,32,1,30,0.000,0.000,,,,,NVIDIA A100-SXM4-40GB MIG 4g.20gb (0),1,,13,"void convert_kernel<__half2, float2>(tensor_layout_any, T1 *, tensor_layout_any, const T2 *)"
1926267054,5952,48220,,,,,,,,,,0.094,15741.865,Pinned,Device,NVIDIA A100-SXM4-40GB MIG 4g.20gb (0),1,,13,[CUDA memcpy Host-to-Device]
1926282606,3296,48221,,,,,,,,,,1.547,469242.628,Device,,NVIDIA A100-SXM4-40GB MIG 4g.20gb (0),1,,13,[CUDA memset]
1926288654,3008,48226,,,,,,,,,,0.031,10404.230,Pinned,Device,NVIDIA A100-SXM4-40GB MIG 4g.20gb (0),1,,13,[CUDA memcpy Host-to-Device]
1926294478,9696,48227,,,,,,,,,,0.197,20277.166,Pinned,Device,NVIDIA A100-SXM4-40GB MIG 4g.20gb (0),1,,13,[CUDA memcpy Host-to-Device]
1926309326,6304,48228,273,1,1,8,4,1,39,0.002,0.000,,,,,NVIDIA A100-SXM4-40GB MIG 4g.20gb (0),1,,13,"void channel_eq::eqMmseCoefCompLowMimoKernel<float, float, float, (unsigned int)4, (unsigned int)1, (unsigned int)4>(const channel_eq::_puschRxChEqStatDescr *, channel_eq::_puschRxChEqCoefCompDynDescr)"
1926316814,6591,48229,273,1,1,12,11,1,51,0.002,0.000,,,,,NVIDIA A100-SXM4-40GB MIG 4g.20gb (0),1,,13,"void channel_eq::eqMmseSoftDemapKernel<float, __half, __half, float, (unsigned int)4, (unsigned short)16383>(channel_eq::_puschRxChEqStatDescr *, channel_eq::_puschRxChEqSoftDemapDynDescr)"
1926325677,282621,48230,1,1,1,32,32,1,30,0.000,0.000,,,,,NVIDIA A100-SXM4-40GB MIG 4g.20gb (0),1,,13,"void convert_kernel<float2, __half2>(tensor_layout_any, T1 *, tensor_layout_any, const T2 *)"
1926611370,10592,48242,2253,1,1,128,1,1,16,0.000,0.000,,,,,NVIDIA A100-SXM4-40GB MIG 4g.20gb (0),1,,13,cupy_copy__float16_float16
1926623882,3584,48251,282,1,1,128,1,1,16,0.000,0.000,,,,,NVIDIA A100-SXM4-40GB MIG 4g.20gb (0),1,,13,cupy_copy__complex64_complex64
1926630538,2176,48260,26,1,1,128,1,1,16,0.000,0.000,,,,,NVIDIA A100-SXM4-40GB MIG 4g.20gb (0),1,,13,cupy_copy__float32_float32
1926634858,2976,48269,103,1,1,128,1,1,16,0.000,0.000,,,,,NVIDIA A100-SXM4-40GB MIG 4g.20gb (0),1,,13,cupy_copy__complex64_complex64
1926638922,11839,48279,1434,1,1,128,1,1,16,0.000,0.000,,,,,NVIDIA A100-SXM4-40GB MIG 4g.20gb (0),1,,13,cupy_copy__complex64_complex64
1926660361,86367,48284,1,1,1,32,32,1,30,0.000,0.000,,,,,NVIDIA A100-SXM4-40GB MIG 4g.20gb (0),1,,13,"void convert_kernel<__half2, float2>(tensor_layout_any, T1 *, tensor_layout_any, const T2 *)"
1926773736,5504,48287,,,,,,,,,,0.094,17023.251,Pinned,Device,NVIDIA A100-SXM4-40GB MIG 4g.20gb (0),1,,13,[CUDA memcpy Host-to-Device]
1926783336,595768,48288,,,,,,,,,,456.561,766110.096,Device,,NVIDIA A100-SXM4-40GB MIG 4g.20gb (0),1,,13,[CUDA memset]
1927380928,162782,48293,,,,,,,,,,1.235,7586.261,Pinned,Device,NVIDIA A100-SXM4-40GB MIG 4g.20gb (0),1,,13,[CUDA memcpy Host-to-Device]
1927558494,42784,48294,,,,,,,,,,0.197,4595.319,Pinned,Device,NVIDIA A100-SXM4-40GB MIG 4g.20gb (0),1,,13,[CUDA memcpy Host-to-Device]
1927630973,7808,48295,69,4,1,48,1,1,76,0.002,0.000,,,,,NVIDIA A100-SXM4-40GB MIG 4g.20gb (0),1,,13,"void ch_est::windowedChEstPreNoDftSOfdmKernel<float, __half, float, (unsigned int)2, (unsigned int)1, (unsigned short)4>(ch_est::puschRxChEstStatDescr_t *, ch_est::puschRxChEstDynDescr_t *)"
1927650141,6656,48296,137,2,1,24,2,1,44,0.001,0.001,,,,,NVIDIA A100-SXM4-40GB MIG 4g.20gb (0),1,,13,"void ch_est::chEstFilterNoDftSOfdmDispatchKernel<float, __half, float, (unsigned int)2>(ch_est::puschRxChEstStatDescr_t *, ch_est::puschRxChEstDynDescr_t *)"
1927666909,4704,48297,137,2,1,24,2,1,44,0.001,0.001,,,,,NVIDIA A100-SXM4-40GB MIG 4g.20gb (0),1,,13,"void ch_est::chEstFilterNoDftSOfdmDispatchKernel<float, __half, float, (unsigned int)2>(ch_est::puschRxChEstStatDescr_t *, ch_est::puschRxChEstDynDescr_t *)"
1927686365,2591,48308,103,1,1,128,1,1,16,0.000,0.000,,,,,NVIDIA A100-SXM4-40GB MIG 4g.20gb (0),1,,13,cupy_copy__complex64_complex64
1927703228,12416,48318,1434,1,1,128,1,1,16,0.000,0.000,,,,,NVIDIA A100-SXM4-40GB MIG 4g.20gb (0),1,,13,cupy_copy__complex64_complex64
1927722780,2944,48325,103,1,1,128,1,1,16,0.000,0.000,,,,,NVIDIA A100-SXM4-40GB MIG 4g.20gb (0),1,,13,cupy_copy__complex64_complex64
1927744284,88511,48332,1,1,1,32,32,1,30,0.000,0.000,,,,,NVIDIA A100-SXM4-40GB MIG 4g.20gb (0),1,,13,"void convert_kernel<__half2, float2>(tensor_layout_any, T1 *, tensor_layout_any, const T2 *)"
1927860314,5440,48335,,,,,,,,,,0.094,17223.480,Pinned,Device,NVIDIA A100-SXM4-40GB MIG 4g.20gb (0),1,,13,[CUDA memcpy Host-to-Device]
1927873050,47168,48336,,,,,,,,,,35.810,759170.304,Device,,NVIDIA A100-SXM4-40GB MIG 4g.20gb (0),1,,13,[CUDA memset]
1927926138,2336,48338,,,,,,,,,,0.000,34.247,Pinned,Device,NVIDIA A100-SXM4-40GB MIG 4g.20gb (0),1,,13,[CUDA memcpy Host-to-Device]
1927932985,13472,48339,,,,,,,,,,0.197,14593.819,Pinned,Device,NVIDIA A100-SXM4-40GB MIG 4g.20gb (0),1,,13,[CUDA memcpy Host-to-Device]
1927955161,13184,48340,273,1,1,48,1,1,40,0.000,0.001,,,,,NVIDIA A100-SXM4-40GB MIG 4g.20gb (0),1,,13,"void pusch_noise_intf_est::noiseIntfEstNoDftSOfdmKernel<float, __half, float, float, (unsigned int)2, (unsigned int)1, (unsigned char)4, (unsigned char)4>(pusch_noise_intf_est::puschRxNoiseIntfEstDynDescr)"
1927971001,3072,48351,35,1,1,128,1,1,16,0.000,0.000,,,,,NVIDIA A100-SXM4-40GB MIG 4g.20gb (0),1,,13,cupy_copy__complex64_complex64
1927984089,2112,48360,1,1,1,1,1,1,18,0.000,0.000,,,,,NVIDIA A100-SXM4-40GB MIG 4g.20gb (0),1,,13,cupy_copy__float32_float32
1928013816,1792,48366,,,,,,,,,,0.000,2.232,Device,Pageable,NVIDIA A100-SXM4-40GB MIG 4g.20gb (0),1,,7,[CUDA memcpy Device-to-Host]
1928073816,13024,48377,1434,1,1,128,1,1,16,0.000,0.000,,,,,NVIDIA A100-SXM4-40GB MIG 4g.20gb (0),1,,13,cupy_copy__complex64_complex64
1928105079,2912,48384,103,1,1,128,1,1,16,0.000,0.000,,,,,NVIDIA A100-SXM4-40GB MIG 4g.20gb (0),1,,13,cupy_copy__complex64_complex64
1928123447,2784,48391,35,1,1,128,1,1,16,0.000,0.000,,,,,NVIDIA A100-SXM4-40GB MIG 4g.20gb (0),1,,13,cupy_copy__complex64_complex64
1928142711,1984,48398,1,1,1,1,1,1,18,0.000,0.000,,,,,NVIDIA A100-SXM4-40GB MIG 4g.20gb (0),1,,13,cupy_copy__float32_float32
1928272725,82047,48409,1,1,1,32,32,1,30,0.000,0.000,,,,,NVIDIA A100-SXM4-40GB MIG 4g.20gb (0),1,,13,"void convert_kernel<__half2, float2>(tensor_layout_any, T1 *, tensor_layout_any, const T2 *)"
1928382708,5696,48412,,,,,,,,,,0.094,16449.363,Pinned,Device,NVIDIA A100-SXM4-40GB MIG 4g.20gb (0),1,,13,[CUDA memcpy Host-to-Device]
1928396628,3328,48413,,,,,,,,,,1.547,464729.580,Device,,NVIDIA A100-SXM4-40GB MIG 4g.20gb (0),1,,13,[CUDA memset]
1928405876,3872,48418,,,,,,,,,,0.031,8082.630,Pinned,Device,NVIDIA A100-SXM4-40GB MIG 4g.20gb (0),1,,13,[CUDA memcpy Host-to-Device]
1928411828,9951,48419,,,,,,,,,,0.197,19757.531,Pinned,Device,NVIDIA A100-SXM4-40GB MIG 4g.20gb (0),1,,13,[CUDA memcpy Host-to-Device]
1928426835,6208,48420,273,1,1,8,4,1,39,0.002,0.000,,,,,NVIDIA A100-SXM4-40GB MIG 4g.20gb (0),1,,13,"void channel_eq::eqMmseCoefCompLowMimoKernel<float, float, float, (unsigned int)4, (unsigned int)1, (unsigned int)4>(const channel_eq::_puschRxChEqStatDescr *, channel_eq::_puschRxChEqCoefCompDynDescr)"
1928436659,7808,48421,273,1,1,12,11,1,51,0.002,0.000,,,,,NVIDIA A100-SXM4-40GB MIG 4g.20gb (0),1,,13,"void channel_eq::eqMmseSoftDemapKernel<float, __half, __half, float, (unsigned int)4, (unsigned short)16383>(channel_eq::_puschRxChEqStatDescr *, channel_eq::_puschRxChEqSoftDemapDynDescr)"
1928446227,294748,48422,1,1,1,32,32,1,30,0.000,0.000,,,,,NVIDIA A100-SXM4-40GB MIG 4g.20gb (0),1,,13,"void convert_kernel<float2, __half2>(tensor_layout_any, T1 *, tensor_layout_any, const T2 *)"
1928742031,11008,48434,2253,1,1,128,1,1,16,0.000,0.000,,,,,NVIDIA A100-SXM4-40GB MIG 4g.20gb (0),1,,13,cupy_copy__float16_float16
1928754639,3872,48443,282,1,1,128,1,1,16,0.000,0.000,,,,,NVIDIA A100-SXM4-40GB MIG 4g.20gb (0),1,,13,cupy_copy__complex64_complex64
1928762447,2048,48452,26,1,1,128,1,1,16,0.000,0.000,,,,,NVIDIA A100-SXM4-40GB MIG 4g.20gb (0),1,,13,cupy_copy__float32_float32
1928766383,4576,48461,103,1,1,128,1,1,16,0.000,0.000,,,,,NVIDIA A100-SXM4-40GB MIG 4g.20gb (0),1,,13,cupy_copy__complex64_complex64
1928773615,12000,48471,1434,1,1,128,1,1,16,0.000,0.000,,,,,NVIDIA A100-SXM4-40GB MIG 4g.20gb (0),1,,13,cupy_copy__complex64_complex64
1928788527,87359,48476,1,1,1,32,32,1,30,0.000,0.000,,,,,NVIDIA A100-SXM4-40GB MIG 4g.20gb (0),1,,13,"void convert_kernel<__half2, float2>(tensor_layout_any, T1 *, tensor_layout_any, const T2 *)"
1928903565,5472,48479,,,,,,,,,,0.094,17122.757,Pinned,Device,NVIDIA A100-SXM4-40GB MIG 4g.20gb (0),1,,13,[CUDA memcpy Host-to-Device]
1928914637,597209,48480,,,,,,,,,,456.561,764283.851,Device,,NVIDIA A100-SXM4-40GB MIG 4g.20gb (0),1,,13,[CUDA memset]
1929516390,144510,48485,,,,,,,,,,1.235,8544.578,Pinned,Device,NVIDIA A100-SXM4-40GB MIG 4g.20gb (0),1,,13,[CUDA memcpy Host-to-Device]
1929672932,40287,48486,,,,,,,,,,0.197,4880.007,Pinned,Device,NVIDIA A100-SXM4-40GB MIG 4g.20gb (0),1,,13,[CUDA memcpy Host-to-Device]
1929743107,8064,48487,69,4,1,48,1,1,76,0.002,0.000,,,,,NVIDIA A100-SXM4-40GB MIG 4g.20gb (0),1,,13,"void ch_est::windowedChEstPreNoDftSOfdmKernel<float, __half, float, (unsigned int)2, (unsigned int)1, (unsigned short)4>(ch_est::puschRxChEstStatDescr_t *, ch_est::puschRxChEstDynDescr_t *)"
1929760707,6624,48488,137,2,1,24,2,1,44,0.001,0.001,,,,,NVIDIA A100-SXM4-40GB MIG 4g.20gb (0),1,,13,"void ch_est::chEstFilterNoDftSOfdmDispatchKernel<float, __half, float, (unsigned int)2>(ch_est::puschRxChEstStatDescr_t *, ch_est::puschRxChEstDynDescr_t *)"
1929778019,4736,48489,137,2,1,24,2,1,44,0.001,0.001,,,,,NVIDIA A100-SXM4-40GB MIG 4g.20gb (0),1,,13,"void ch_est::chEstFilterNoDftSOfdmDispatchKernel<float, __half, float, (unsigned int)2>(ch_est::puschRxChEstStatDescr_t *, ch_est::puschRxChEstDynDescr_t *)"
1929794402,2528,48500,103,1,1,128,1,1,16,0.000,0.000,,,,,NVIDIA A100-SXM4-40GB MIG 4g.20gb (0),1,,13,cupy_copy__complex64_complex64
1929813762,12288,48510,1434,1,1,128,1,1,16,0.000,0.000,,,,,NVIDIA A100-SXM4-40GB MIG 4g.20gb (0),1,,13,cupy_copy__complex64_complex64
1929832290,2912,48517,103,1,1,128,1,1,16,0.000,0.000,,,,,NVIDIA A100-SXM4-40GB MIG 4g.20gb (0),1,,13,cupy_copy__complex64_complex64
1929857506,100798,48524,1,1,1,32,32,1,30,0.000,0.000,,,,,NVIDIA A100-SXM4-40GB MIG 4g.20gb (0),1,,13,"void convert_kernel<__half2, float2>(tensor_layout_any, T1 *, tensor_layout_any, const T2 *)"
1929998496,26112,48527,,,,,,,,,,0.094,3588.182,Pinned,Device,NVIDIA A100-SXM4-40GB MIG 4g.20gb (0),1,,13,[CUDA memcpy Host-to-Device]
1930038847,46912,48528,,,,,,,,,,35.810,763324.255,Device,,NVIDIA A100-SXM4-40GB MIG 4g.20gb (0),1,,13,[CUDA memset]
1930092191,10592,48530,,,,,,,,,,0.000,7.553,Pinned,Device,NVIDIA A100-SXM4-40GB MIG 4g.20gb (0),1,,13,[CUDA memcpy Host-to-Device]
1930113726,23392,48531,,,,,,,,,,0.197,8404.795,Pinned,Device,NVIDIA A100-SXM4-40GB MIG 4g.20gb (0),1,,13,[CUDA memcpy Host-to-Device]
1930154558,10016,48532,273,1,1,48,1,1,40,0.000,0.001,,,,,NVIDIA A100-SXM4-40GB MIG 4g.20gb (0),1,,13,"void pusch_noise_intf_est::noiseIntfEstNoDftSOfdmKernel<float, __half, float, float, (unsigned int)2, (unsigned int)1, (unsigned char)4, (unsigned char)4>(pusch_noise_intf_est::puschRxNoiseIntfEstDynDescr)"
1930173054,2784,48543,35,1,1,128,1,1,16,0.000,0.000,,,,,NVIDIA A100-SXM4-40GB MIG 4g.20gb (0),1,,13,cupy_copy__complex64_complex64
1930181534,2080,48552,1,1,1,1,1,1,18,0.000,0.000,,,,,NVIDIA A100-SXM4-40GB MIG 4g.20gb (0),1,,13,cupy_copy__float32_float32
1930187422,2080,48558,,,,,,,,,,0.000,1.923,Device,Pageable,NVIDIA A100-SXM4-40GB MIG 4g.20gb (0),1,,7,[CUDA memcpy Device-to-Host]
1930253725,13120,48569,1434,1,1,128,1,1,16,0.000,0.000,,,,,NVIDIA A100-SXM4-40GB MIG 4g.20gb (0),1,,13,cupy_copy__complex64_complex64
1930279676,3616,48576,103,1,1,128,1,1,16,0.000,0.000,,,,,NVIDIA A100-SXM4-40GB MIG 4g.20gb (0),1,,13,cupy_copy__complex64_complex64
1930301404,2560,48583,35,1,1,128,1,1,16,0.000,0.000,,,,,NVIDIA A100-SXM4-40GB MIG 4g.20gb (0),1,,13,cupy_copy__complex64_complex64
1930321308,1856,48590,1,1,1,1,1,1,18,0.000,0.000,,,,,NVIDIA A100-SXM4-40GB MIG 4g.20gb (0),1,,13,cupy_copy__float32_float32
1930453018,82239,48601,1,1,1,32,32,1,30,0.000,0.000,,,,,NVIDIA A100-SXM4-40GB MIG 4g.20gb (0),1,,13,"void convert_kernel<__half2, float2>(tensor_layout_any, T1 *, tensor_layout_any, const T2 *)"
1930562841,5632,48604,,,,,,,,,,0.094,16636.287,Pinned,Device,NVIDIA A100-SXM4-40GB MIG 4g.20gb (0),1,,13,[CUDA memcpy Host-to-Device]
1930579545,3264,48605,,,,,,,,,,1.547,473842.288,Device,,NVIDIA A100-SXM4-40GB MIG 4g.20gb (0),1,,13,[CUDA memset]
1930586329,2976,48610,,,,,,,,,,0.031,10516.113,Pinned,Device,NVIDIA A100-SXM4-40GB MIG 4g.20gb (0),1,,13,[CUDA memcpy Host-to-Device]
1930592153,9727,48611,,,,,,,,,,0.197,20212.482,Pinned,Device,NVIDIA A100-SXM4-40GB MIG 4g.20gb (0),1,,13,[CUDA memcpy Host-to-Device]
1930606296,9984,48612,273,1,1,8,4,1,39,0.002,0.000,,,,,NVIDIA A100-SXM4-40GB MIG 4g.20gb (0),1,,13,"void channel_eq::eqMmseCoefCompLowMimoKernel<float, float, float, (unsigned int)4, (unsigned int)1, (unsigned int)4>(const channel_eq::_puschRxChEqStatDescr *, channel_eq::_puschRxChEqCoefCompDynDescr)"
1930618328,7968,48613,273,1,1,12,11,1,51,0.002,0.000,,,,,NVIDIA A100-SXM4-40GB MIG 4g.20gb (0),1,,13,"void channel_eq::eqMmseSoftDemapKernel<float, __half, __half, float, (unsigned int)4, (unsigned short)16383>(channel_eq::_puschRxChEqStatDescr *, channel_eq::_puschRxChEqSoftDemapDynDescr)"
1930627384,282109,48614,1,1,1,32,32,1,30,0.000,0.000,,,,,NVIDIA A100-SXM4-40GB MIG 4g.20gb (0),1,,13,"void convert_kernel<float2, __half2>(tensor_layout_any, T1 *, tensor_layout_any, const T2 *)"
1930911957,10879,48626,2253,1,1,128,1,1,16,0.000,0.000,,,,,NVIDIA A100-SXM4-40GB MIG 4g.20gb (0),1,,13,cupy_copy__float16_float16
1930926900,3456,48635,282,1,1,128,1,1,16,0.000,0.000,,,,,NVIDIA A100-SXM4-40GB MIG 4g.20gb (0),1,,13,cupy_copy__complex64_complex64
1930934772,2112,48644,26,1,1,128,1,1,16,0.000,0.000,,,,,NVIDIA A100-SXM4-40GB MIG 4g.20gb (0),1,,13,cupy_copy__float32_float32
1930938420,3008,48653,103,1,1,128,1,1,16,0.000,0.000,,,,,NVIDIA A100-SXM4-40GB MIG 4g.20gb (0),1,,13,cupy_copy__complex64_complex64
1930942484,11968,48663,1434,1,1,128,1,1,16,0.000,0.000,,,,,NVIDIA A100-SXM4-40GB MIG 4g.20gb (0),1,,13,cupy_copy__complex64_complex64
1930964756,81951,48668,1,1,1,32,32,1,30,0.000,0.000,,,,,NVIDIA A100-SXM4-40GB MIG 4g.20gb (0),1,,13,"void convert_kernel<__half2, float2>(tensor_layout_any, T1 *, tensor_layout_any, const T2 *)"
1931074483,5663,48671,,,,,,,,,,0.094,16545.214,Pinned,Device,NVIDIA A100-SXM4-40GB MIG 4g.20gb (0),1,,13,[CUDA memcpy Host-to-Device]
1931086130,598457,48672,,,,,,,,,,456.561,762457.605,Device,,NVIDIA A100-SXM4-40GB MIG 4g.20gb (0),1,,13,[CUDA memset]
1931692683,157886,48677,,,,,,,,,,1.235,7820.900,Pinned,Device,NVIDIA A100-SXM4-40GB MIG 4g.20gb (0),1,,13,[CUDA memcpy Host-to-Device]
1931860073,40703,48678,,,,,,,,,,0.197,4830.265,Pinned,Device,NVIDIA A100-SXM4-40GB MIG 4g.20gb (0),1,,13,[CUDA memcpy Host-to-Device]
1931930568,8192,48679,69,4,1,48,1,1,76,0.002,0.000,,,,,NVIDIA A100-SXM4-40GB MIG 4g.20gb (0),1,,13,"void ch_est::windowedChEstPreNoDftSOfdmKernel<float, __half, float, (unsigned int)2, (unsigned int)1, (unsigned short)4>(ch_est::puschRxChEstStatDescr_t *, ch_est::puschRxChEstDynDescr_t *)"
1931948104,6944,48680,137,2,1,24,2,1,44,0.001,0.001,,,,,NVIDIA A100-SXM4-40GB MIG 4g.20gb (0),1,,13,"void ch_est::chEstFilterNoDftSOfdmDispatchKernel<float, __half, float, (unsigned int)2>(ch_est::puschRxChEstStatDescr_t *, ch_est::puschRxChEstDynDescr_t *)"
1931965352,4735,48681,137,2,1,24,2,1,44,0.001,0.001,,,,,NVIDIA A100-SXM4-40GB MIG 4g.20gb (0),1,,13,"void ch_est::chEstFilterNoDftSOfdmDispatchKernel<float, __half, float, (unsigned int)2>(ch_est::puschRxChEstStatDescr_t *, ch_est::puschRxChEstDynDescr_t *)"
1931982023,2752,48692,103,1,1,128,1,1,16,0.000,0.000,,,,,NVIDIA A100-SXM4-40GB MIG 4g.20gb (0),1,,13,cupy_copy__complex64_complex64
1931999207,12672,48702,1434,1,1,128,1,1,16,0.000,0.000,,,,,NVIDIA A100-SXM4-40GB MIG 4g.20gb (0),1,,13,cupy_copy__complex64_complex64
1932019463,2880,48709,103,1,1,128,1,1,16,0.000,0.000,,,,,NVIDIA A100-SXM4-40GB MIG 4g.20gb (0),1,,13,cupy_copy__complex64_complex64
1932043047,93854,48716,1,1,1,32,32,1,30,0.000,0.000,,,,,NVIDIA A100-SXM4-40GB MIG 4g.20gb (0),1,,13,"void convert_kernel<__half2, float2>(tensor_layout_any, T1 *, tensor_layout_any, const T2 *)"
1932171301,25536,48719,,,,,,,,,,0.094,3669.135,Pinned,Device,NVIDIA A100-SXM4-40GB MIG 4g.20gb (0),1,,13,[CUDA memcpy Host-to-Device]
1932210980,46848,48720,,,,,,,,,,35.810,764362.742,Device,,NVIDIA A100-SXM4-40GB MIG 4g.20gb (0),1,,13,[CUDA memset]
1932261508,15104,48722,,,,,,,,,,0.000,5.297,Pinned,Device,NVIDIA A100-SXM4-40GB MIG 4g.20gb (0),1,,13,[CUDA memcpy Host-to-Device]
1932283620,30303,48723,,,,,,,,,,0.197,6488.064,Pinned,Device,NVIDIA A100-SXM4-40GB MIG 4g.20gb (0),1,,13,[CUDA memcpy Host-to-Device]
1932342307,9408,48724,273,1,1,48,1,1,40,0.000,0.001,,,,,NVIDIA A100-SXM4-40GB MIG 4g.20gb (0),1,,13,"void pusch_noise_intf_est::noiseIntfEstNoDftSOfdmKernel<float, __half, float, float, (unsigned int)2, (unsigned int)1, (unsigned char)4, (unsigned char)4>(pusch_noise_intf_est::puschRxNoiseIntfEstDynDescr)"
1932359491,2528,48735,35,1,1,128,1,1,16,0.000,0.000,,,,,NVIDIA A100-SXM4-40GB MIG 4g.20gb (0),1,,13,cupy_copy__complex64_complex64
1932376418,1696,48744,1,1,1,1,1,1,18,0.000,0.000,,,,,NVIDIA A100-SXM4-40GB MIG 4g.20gb (0),1,,13,cupy_copy__float32_float32
1932385602,6752,48750,,,,,,,,,,0.000,0.592,Device,Pageable,NVIDIA A100-SXM4-40GB MIG 4g.20gb (0),1,,7,[CUDA memcpy Device-to-Host]
1932481665,12640,48761,1434,1,1,128,1,1,16,0.000,0.000,,,,,NVIDIA A100-SXM4-40GB MIG 4g.20gb (0),1,,13,cupy_copy__complex64_complex64
1932501729,3360,48768,103,1,1,128,1,1,16,0.000,0.000,,,,,NVIDIA A100-SXM4-40GB MIG 4g.20gb (0),1,,13,cupy_copy__complex64_complex64
1932529537,2559,48775,35,1,1,128,1,1,16,0.000,0.000,,,,,NVIDIA A100-SXM4-40GB MIG 4g.20gb (0),1,,13,cupy_copy__complex64_complex64
1932544320,1792,48782,1,1,1,1,1,1,18,0.000,0.000,,,,,NVIDIA A100-SXM4-40GB MIG 4g.20gb (0),1,,13,cupy_copy__float32_float32
1932668575,92223,48793,1,1,1,32,32,1,30,0.000,0.000,,,,,NVIDIA A100-SXM4-40GB MIG 4g.20gb (0),1,,13,"void convert_kernel<__half2, float2>(tensor_layout_any, T1 *, tensor_layout_any, const T2 *)"
1932791293,6560,48796,,,,,,,,,,0.094,14282.925,Pinned,Device,NVIDIA A100-SXM4-40GB MIG 4g.20gb (0),1,,13,[CUDA memcpy Host-to-Device]
1932808125,3456,48797,,,,,,,,,,1.547,447517.201,Device,,NVIDIA A100-SXM4-40GB MIG 4g.20gb (0),1,,13,[CUDA memset]
1932811933,4480,48802,,,,,,,,,,0.031,6985.705,Pinned,Device,NVIDIA A100-SXM4-40GB MIG 4g.20gb (0),1,,13,[CUDA memcpy Host-to-Device]
1932818941,11008,48803,,,,,,,,,,0.197,17860.461,Pinned,Device,NVIDIA A100-SXM4-40GB MIG 4g.20gb (0),1,,13,[CUDA memcpy Host-to-Device]
1932835837,6432,48804,273,1,1,8,4,1,39,0.002,0.000,,,,,NVIDIA A100-SXM4-40GB MIG 4g.20gb (0),1,,13,"void channel_eq::eqMmseCoefCompLowMimoKernel<float, float, float, (unsigned int)4, (unsigned int)1, (unsigned int)4>(const channel_eq::_puschRxChEqStatDescr *, channel_eq::_puschRxChEqCoefCompDynDescr)"
1932844765,6240,48805,273,1,1,12,11,1,51,0.002,0.000,,,,,NVIDIA A100-SXM4-40GB MIG 4g.20gb (0),1,,13,"void channel_eq::eqMmseSoftDemapKernel<float, __half, __half, float, (unsigned int)4, (unsigned short)16383>(channel_eq::_puschRxChEqStatDescr *, channel_eq::_puschRxChEqSoftDemapDynDescr)"
1932852861,282908,48806,1,1,1,32,32,1,30,0.000,0.000,,,,,NVIDIA A100-SXM4-40GB MIG 4g.20gb (0),1,,13,"void convert_kernel<float2, __half2>(tensor_layout_any, T1 *, tensor_layout_any, const T2 *)"
1933137305,10976,48818,2253,1,1,128,1,1,16,0.000,0.000,,,,,NVIDIA A100-SXM4-40GB MIG 4g.20gb (0),1,,13,cupy_copy__float16_float16
1933150265,3168,48827,282,1,1,128,1,1,16,0.000,0.000,,,,,NVIDIA A100-SXM4-40GB MIG 4g.20gb (0),1,,13,cupy_copy__complex64_complex64
1933154713,2016,48836,26,1,1,128,1,1,16,0.000,0.000,,,,,NVIDIA A100-SXM4-40GB MIG 4g.20gb (0),1,,13,cupy_copy__float32_float32
1933160089,2784,48845,103,1,1,128,1,1,16,0.000,0.000,,,,,NVIDIA A100-SXM4-40GB MIG 4g.20gb (0),1,,13,cupy_copy__complex64_complex64
1933164441,12416,48855,1434,1,1,128,1,1,16,0.000,0.000,,,,,NVIDIA A100-SXM4-40GB MIG 4g.20gb (0),1,,13,cupy_copy__complex64_complex64
1933182840,87551,48860,1,1,1,32,32,1,30,0.000,0.000,,,,,NVIDIA A100-SXM4-40GB MIG 4g.20gb (0),1,,13,"void convert_kernel<__half2, float2>(tensor_layout_any, T1 *, tensor_layout_any, const T2 *)"
1933297175,5344,48863,,,,,,,,,,0.094,17532.864,Pinned,Device,NVIDIA A100-SXM4-40GB MIG 4g.20gb (0),1,,13,[CUDA memcpy Host-to-Device]
1933307767,597624,48864,,,,,,,,,,456.561,763827.289,Device,,NVIDIA A100-SXM4-40GB MIG 4g.20gb (0),1,,13,[CUDA memset]
1933907439,105087,48869,,,,,,,,,,1.235,11750.492,Pinned,Device,NVIDIA A100-SXM4-40GB MIG 4g.20gb (0),1,,13,[CUDA memcpy Host-to-Device]
1934020078,13600,48870,,,,,,,,,,0.197,14456.390,Pinned,Device,NVIDIA A100-SXM4-40GB MIG 4g.20gb (0),1,,13,[CUDA memcpy Host-to-Device]
1934046542,8544,48871,69,4,1,48,1,1,76,0.002,0.000,,,,,NVIDIA A100-SXM4-40GB MIG 4g.20gb (0),1,,13,"void ch_est::windowedChEstPreNoDftSOfdmKernel<float, __half, float, (unsigned int)2, (unsigned int)1, (unsigned short)4>(ch_est::puschRxChEstStatDescr_t *, ch_est::puschRxChEstDynDescr_t *)"
1934061646,6655,48872,137,2,1,24,2,1,44,0.001,0.001,,,,,NVIDIA A100-SXM4-40GB MIG 4g.20gb (0),1,,13,"void ch_est::chEstFilterNoDftSOfdmDispatchKernel<float, __half, float, (unsigned int)2>(ch_est::puschRxChEstStatDescr_t *, ch_est::puschRxChEstDynDescr_t *)"
1934070029,6336,48873,137,2,1,24,2,1,44,0.001,0.001,,,,,NVIDIA A100-SXM4-40GB MIG 4g.20gb (0),1,,13,"void ch_est::chEstFilterNoDftSOfdmDispatchKernel<float, __half, float, (unsigned int)2>(ch_est::puschRxChEstStatDescr_t *, ch_est::puschRxChEstDynDescr_t *)"
1934077773,3104,48884,103,1,1,128,1,1,16,0.000,0.000,,,,,NVIDIA A100-SXM4-40GB MIG 4g.20gb (0),1,,13,cupy_copy__complex64_complex64
1934085581,12544,48894,1434,1,1,128,1,1,16,0.000,0.000,,,,,NVIDIA A100-SXM4-40GB MIG 4g.20gb (0),1,,13,cupy_copy__complex64_complex64
1934100589,2656,48901,103,1,1,128,1,1,16,0.000,0.000,,,,,NVIDIA A100-SXM4-40GB MIG 4g.20gb (0),1,,13,cupy_copy__complex64_complex64
1934109805,87871,48908,1,1,1,32,32,1,30,0.000,0.000,,,,,NVIDIA A100-SXM4-40GB MIG 4g.20gb (0),1,,13,"void convert_kernel<__half2, float2>(tensor_layout_any, T1 *, tensor_layout_any, const T2 *)"
1934224940,6015,48911,,,,,,,,,,0.094,15577.054,Pinned,Device,NVIDIA A100-SXM4-40GB MIG 4g.20gb (0),1,,13,[CUDA memcpy Host-to-Device]
1934236555,46784,48912,,,,,,,,,,35.810,765401.230,Device,,NVIDIA A100-SXM4-40GB MIG 4g.20gb (0),1,,13,[CUDA memset]
1934288491,3360,48914,,,,,,,,,,0.000,23.810,Pinned,Device,NVIDIA A100-SXM4-40GB MIG 4g.20gb (0),1,,13,[CUDA memcpy Host-to-Device]
1934296491,10943,48915,,,,,,,,,,0.197,17966.432,Pinned,Device,NVIDIA A100-SXM4-40GB MIG 4g.20gb (0),1,,13,[CUDA memcpy Host-to-Device]
1934316970,10592,48916,273,1,1,48,1,1,40,0.000,0.001,,,,,NVIDIA A100-SXM4-40GB MIG 4g.20gb (0),1,,13,"void pusch_noise_intf_est::noiseIntfEstNoDftSOfdmKernel<float, __half, float, float, (unsigned int)2, (unsigned int)1, (unsigned char)4, (unsigned char)4>(pusch_noise_intf_est::puschRxNoiseIntfEstDynDescr)"
1934331594,2880,48927,35,1,1,128,1,1,16,0.000,0.000,,,,,NVIDIA A100-SXM4-40GB MIG 4g.20gb (0),1,,13,cupy_copy__complex64_complex64
1934347402,2048,48936,1,1,1,1,1,1,18,0.000,0.000,,,,,NVIDIA A100-SXM4-40GB MIG 4g.20gb (0),1,,13,cupy_copy__float32_float32
1934376778,1696,48942,,,,,,,,,,0.000,2.358,Device,Pageable,NVIDIA A100-SXM4-40GB MIG 4g.20gb (0),1,,7,[CUDA memcpy Device-to-Host]
1934438057,12896,48953,1434,1,1,128,1,1,16,0.000,0.000,,,,,NVIDIA A100-SXM4-40GB MIG 4g.20gb (0),1,,13,cupy_copy__complex64_complex64
1934465065,2784,48960,103,1,1,128,1,1,16,0.000,0.000,,,,,NVIDIA A100-SXM4-40GB MIG 4g.20gb (0),1,,13,cupy_copy__complex64_complex64
1934485160,2624,48967,35,1,1,128,1,1,16,0.000,0.000,,,,,NVIDIA A100-SXM4-40GB MIG 4g.20gb (0),1,,13,cupy_copy__complex64_complex64
1934503240,1792,48974,1,1,1,1,1,1,18,0.000,0.000,,,,,NVIDIA A100-SXM4-40GB MIG 4g.20gb (0),1,,13,cupy_copy__float32_float32
1934639526,85567,48985,1,1,1,32,32,1,30,0.000,0.000,,,,,NVIDIA A100-SXM4-40GB MIG 4g.20gb (0),1,,13,"void convert_kernel<__half2, float2>(tensor_layout_any, T1 *, tensor_layout_any, const T2 *)"
1934752805,5536,48988,,,,,,,,,,0.094,16924.777,Pinned,Device,NVIDIA A100-SXM4-40GB MIG 4g.20gb (0),1,,13,[CUDA memcpy Host-to-Device]
1934768389,3424,48989,,,,,,,,,,1.547,451700.819,Device,,NVIDIA A100-SXM4-40GB MIG 4g.20gb (0),1,,13,[CUDA memset]
1934773605,3680,48994,,,,,,,,,,0.031,8504.344,Pinned,Device,NVIDIA A100-SXM4-40GB MIG 4g.20gb (0),1,,13,[CUDA memcpy Host-to-Device]
1934779365,9472,48995,,,,,,,,,,0.197,20756.693,Pinned,Device,NVIDIA A100-SXM4-40GB MIG 4g.20gb (0),1,,13,[CUDA memcpy Host-to-Device]
1934794532,6816,48996,273,1,1,8,4,1,39,0.002,0.000,,,,,NVIDIA A100-SXM4-40GB MIG 4g.20gb (0),1,,13,"void channel_eq::eqMmseCoefCompLowMimoKernel<float, float, float, (unsigned int)4, (unsigned int)1, (unsigned int)4>(const channel_eq::_puschRxChEqStatDescr *, channel_eq::_puschRxChEqCoefCompDynDescr)"
1934805092,5856,48997,273,1,1,12,11,1,51,0.002,0.000,,,,,NVIDIA A100-SXM4-40GB MIG 4g.20gb (0),1,,13,"void channel_eq::eqMmseSoftDemapKernel<float, __half, __half, float, (unsigned int)4, (unsigned short)16383>(channel_eq::_puschRxChEqStatDescr *, channel_eq::_puschRxChEqSoftDemapDynDescr)"
1934814372,281949,48998,1,1,1,32,32,1,30,0.000,0.000,,,,,NVIDIA A100-SXM4-40GB MIG 4g.20gb (0),1,,13,"void convert_kernel<float2, __half2>(tensor_layout_any, T1 *, tensor_layout_any, const T2 *)"
1935097537,11200,49010,2253,1,1,128,1,1,16,0.000,0.000,,,,,NVIDIA A100-SXM4-40GB MIG 4g.20gb (0),1,,13,cupy_copy__float16_float16
1935112801,3071,49019,282,1,1,128,1,1,16,0.000,0.000,,,,,NVIDIA A100-SXM4-40GB MIG 4g.20gb (0),1,,13,cupy_copy__complex64_complex64
1935118368,2496,49028,26,1,1,128,1,1,16,0.000,0.000,,,,,NVIDIA A100-SXM4-40GB MIG 4g.20gb (0),1,,13,cupy_copy__float32_float32
1935122080,4608,49037,103,1,1,128,1,1,16,0.000,0.000,,,,,NVIDIA A100-SXM4-40GB MIG 4g.20gb (0),1,,13,cupy_copy__complex64_complex64
1935127968,12096,49047,1434,1,1,128,1,1,16,0.000,0.000,,,,,NVIDIA A100-SXM4-40GB MIG 4g.20gb (0),1,,13,cupy_copy__complex64_complex64
1935153088,87519,49052,1,1,1,32,32,1,30,0.000,0.000,,,,,NVIDIA A100-SXM4-40GB MIG 4g.20gb (0),1,,13,"void convert_kernel<__half2, float2>(tensor_layout_any, T1 *, tensor_layout_any, const T2 *)"
1935267551,5760,49055,,,,,,,,,,0.094,16266.656,Pinned,Device,NVIDIA A100-SXM4-40GB MIG 4g.20gb (0),1,,13,[CUDA memcpy Host-to-Device]
1935278718,596825,49056,,,,,,,,,,456.561,764740.412,Device,,NVIDIA A100-SXM4-40GB MIG 4g.20gb (0),1,,13,[CUDA memset]
1935881815,147358,49061,,,,,,,,,,1.235,8380.330,Pinned,Device,NVIDIA A100-SXM4-40GB MIG 4g.20gb (0),1,,13,[CUDA memcpy Host-to-Device]
1936042069,36768,49062,,,,,,,,,,0.197,5347.148,Pinned,Device,NVIDIA A100-SXM4-40GB MIG 4g.20gb (0),1,,13,[CUDA memcpy Host-to-Device]
1936103604,8064,49063,69,4,1,48,1,1,76,0.002,0.000,,,,,NVIDIA A100-SXM4-40GB MIG 4g.20gb (0),1,,13,"void ch_est::windowedChEstPreNoDftSOfdmKernel<float, __half, float, (unsigned int)2, (unsigned int)1, (unsigned short)4>(ch_est::puschRxChEstStatDescr_t *, ch_est::puschRxChEstDynDescr_t *)"
1936121140,7072,49064,137,2,1,24,2,1,44,0.001,0.001,,,,,NVIDIA A100-SXM4-40GB MIG 4g.20gb (0),1,,13,"void ch_est::chEstFilterNoDftSOfdmDispatchKernel<float, __half, float, (unsigned int)2>(ch_est::puschRxChEstStatDescr_t *, ch_est::puschRxChEstDynDescr_t *)"
1936135540,4832,49065,137,2,1,24,2,1,44,0.001,0.001,,,,,NVIDIA A100-SXM4-40GB MIG 4g.20gb (0),1,,13,"void ch_est::chEstFilterNoDftSOfdmDispatchKernel<float, __half, float, (unsigned int)2>(ch_est::puschRxChEstStatDescr_t *, ch_est::puschRxChEstDynDescr_t *)"
1936150260,2688,49076,103,1,1,128,1,1,16,0.000,0.000,,,,,NVIDIA A100-SXM4-40GB MIG 4g.20gb (0),1,,13,cupy_copy__complex64_complex64
1936162292,12607,49086,1434,1,1,128,1,1,16,0.000,0.000,,,,,NVIDIA A100-SXM4-40GB MIG 4g.20gb (0),1,,13,cupy_copy__complex64_complex64
1936185555,2656,49093,103,1,1,128,1,1,16,0.000,0.000,,,,,NVIDIA A100-SXM4-40GB MIG 4g.20gb (0),1,,13,cupy_copy__complex64_complex64
1936197587,84767,49100,1,1,1,32,32,1,30,0.000,0.000,,,,,NVIDIA A100-SXM4-40GB MIG 4g.20gb (0),1,,13,"void convert_kernel<__half2, float2>(tensor_layout_any, T1 *, tensor_layout_any, const T2 *)"
1936311506,12832,49103,,,,,,,,,,0.094,7301.729,Pinned,Device,NVIDIA A100-SXM4-40GB MIG 4g.20gb (0),1,,13,[CUDA memcpy Host-to-Device]
1936330129,46400,49104,,,,,,,,,,35.810,771739.586,Device,,NVIDIA A100-SXM4-40GB MIG 4g.20gb (0),1,,13,[CUDA memset]
1936381233,7936,49106,,,,,,,,,,0.000,10.081,Pinned,Device,NVIDIA A100-SXM4-40GB MIG 4g.20gb (0),1,,13,[CUDA memcpy Host-to-Device]
1936393361,22559,49107,,,,,,,,,,0.197,8715.239,Pinned,Device,NVIDIA A100-SXM4-40GB MIG 4g.20gb (0),1,,13,[CUDA memcpy Host-to-Device]
1936430352,9696,49108,273,1,1,48,1,1,40,0.000,0.001,,,,,NVIDIA A100-SXM4-40GB MIG 4g.20gb (0),1,,13,"void pusch_noise_intf_est::noiseIntfEstNoDftSOfdmKernel<float, __half, float, float, (unsigned int)2, (unsigned int)1, (unsigned char)4, (unsigned char)4>(pusch_noise_intf_est::puschRxNoiseIntfEstDynDescr)"
1936445968,2688,49119,35,1,1,128,1,1,16,0.000,0.000,,,,,NVIDIA A100-SXM4-40GB MIG 4g.20gb (0),1,,13,cupy_copy__complex64_complex64
1936455120,1696,49128,1,1,1,1,1,1,18,0.000,0.000,,,,,NVIDIA A100-SXM4-40GB MIG 4g.20gb (0),1,,13,cupy_copy__float32_float32
1936464464,2624,49134,,,,,,,,,,0.000,1.524,Device,Pageable,NVIDIA A100-SXM4-40GB MIG 4g.20gb (0),1,,7,[CUDA memcpy Device-to-Host]
1936527855,12800,49145,1434,1,1,128,1,1,16,0.000,0.000,,,,,NVIDIA A100-SXM4-40GB MIG 4g.20gb (0),1,,13,cupy_copy__complex64_complex64
1936556175,3072,49152,103,1,1,128,1,1,16,0.000,0.000,,,,,NVIDIA A100-SXM4-40GB MIG 4g.20gb (0),1,,13,cupy_copy__complex64_complex64
1936576430,2304,49159,35,1,1,128,1,1,16,0.000,0.000,,,,,NVIDIA A100-SXM4-40GB MIG 4g.20gb (0),1,,13,cupy_copy__complex64_complex64
1936597742,1792,49166,1,1,1,1,1,1,18,0.000,0.000,,,,,NVIDIA A100-SXM4-40GB MIG 4g.20gb (0),1,,13,cupy_copy__float32_float32
1936730636,86783,49177,1,1,1,32,32,1,30,0.000,0.000,,,,,NVIDIA A100-SXM4-40GB MIG 4g.20gb (0),1,,13,"void convert_kernel<__half2, float2>(tensor_layout_any, T1 *, tensor_layout_any, const T2 *)"
1936847019,5440,49180,,,,,,,,,,0.094,17223.480,Pinned,Device,NVIDIA A100-SXM4-40GB MIG 4g.20gb (0),1,,13,[CUDA memcpy Host-to-Device]
1936860875,3200,49181,,,,,,,,,,1.547,483320.000,Device,,NVIDIA A100-SXM4-40GB MIG 4g.20gb (0),1,,13,[CUDA memset]
1936867435,3104,49186,,,,,,,,,,0.031,10082.445,Pinned,Device,NVIDIA A100-SXM4-40GB MIG 4g.20gb (0),1,,13,[CUDA memcpy Host-to-Device]
1936873355,10112,49187,,,,,,,,,,0.197,19442.958,Pinned,Device,NVIDIA A100-SXM4-40GB MIG 4g.20gb (0),1,,13,[CUDA memcpy Host-to-Device]
1936888587,6495,49188,273,1,1,8,4,1,39,0.002,0.000,,,,,NVIDIA A100-SXM4-40GB MIG 4g.20gb (0),1,,13,"void channel_eq::eqMmseCoefCompLowMimoKernel<float, float, float, (unsigned int)4, (unsigned int)1, (unsigned int)4>(const channel_eq::_puschRxChEqStatDescr *, channel_eq::_puschRxChEqCoefCompDynDescr)"
1936896074,6272,49189,273,1,1,12,11,1,51,0.002,0.000,,,,,NVIDIA A100-SXM4-40GB MIG 4g.20gb (0),1,,13,"void channel_eq::eqMmseSoftDemapKernel<float, __half, __half, float, (unsigned int)4, (unsigned short)16383>(channel_eq::_puschRxChEqStatDescr *, channel_eq::_puschRxChEqSoftDemapDynDescr)"
1936904170,282365,49190,1,1,1,32,32,1,30,0.000,0.000,,,,,NVIDIA A100-SXM4-40GB MIG 4g.20gb (0),1,,13,"void convert_kernel<float2, __half2>(tensor_layout_any, T1 *, tensor_layout_any, const T2 *)"
1937187591,10880,49202,2253,1,1,128,1,1,16,0.000,0.000,,,,,NVIDIA A100-SXM4-40GB MIG 4g.20gb (0),1,,13,cupy_copy__float16_float16
1937202087,3712,49211,282,1,1,128,1,1,16,0.000,0.000,,,,,NVIDIA A100-SXM4-40GB MIG 4g.20gb (0),1,,13,cupy_copy__complex64_complex64
1937206791,2144,49220,26,1,1,128,1,1,16,0.000,0.000,,,,,NVIDIA A100-SXM4-40GB MIG 4g.20gb (0),1,,13,cupy_copy__float32_float32
1937211815,3199,49229,103,1,1,128,1,1,16,0.000,0.000,,,,,NVIDIA A100-SXM4-40GB MIG 4g.20gb (0),1,,13,cupy_copy__complex64_complex64
1937218822,12032,49239,1434,1,1,128,1,1,16,0.000,0.000,,,,,NVIDIA A100-SXM4-40GB MIG 4g.20gb (0),1,,13,cupy_copy__complex64_complex64
1937238630,86719,49244,1,1,1,32,32,1,30,0.000,0.000,,,,,NVIDIA A100-SXM4-40GB MIG 4g.20gb (0),1,,13,"void convert_kernel<__half2, float2>(tensor_layout_any, T1 *, tensor_layout_any, const T2 *)"
1937353509,5728,49247,,,,,,,,,,0.094,16357.541,Pinned,Device,NVIDIA A100-SXM4-40GB MIG 4g.20gb (0),1,,13,[CUDA memcpy Host-to-Device]
1937364741,596760,49248,,,,,,,,,,456.561,764740.412,Device,,NVIDIA A100-SXM4-40GB MIG 4g.20gb (0),1,,13,[CUDA memset]
1937967357,123167,49253,,,,,,,,,,1.235,10026.510,Pinned,Device,NVIDIA A100-SXM4-40GB MIG 4g.20gb (0),1,,13,[CUDA memcpy Host-to-Device]
1938103803,40128,49254,,,,,,,,,,0.197,4899.471,Pinned,Device,NVIDIA A100-SXM4-40GB MIG 4g.20gb (0),1,,13,[CUDA memcpy Host-to-Device]
1938173691,8319,49255,69,4,1,48,1,1,76,0.002,0.000,,,,,NVIDIA A100-SXM4-40GB MIG 4g.20gb (0),1,,13,"void ch_est::windowedChEstPreNoDftSOfdmKernel<float, __half, float, (unsigned int)2, (unsigned int)1, (unsigned short)4>(ch_est::puschRxChEstStatDescr_t *, ch_est::puschRxChEstDynDescr_t *)"
1938191450,6944,49256,137,2,1,24,2,1,44,0.001,0.001,,,,,NVIDIA A100-SXM4-40GB MIG 4g.20gb (0),1,,13,"void ch_est::chEstFilterNoDftSOfdmDispatchKernel<float, __half, float, (unsigned int)2>(ch_est::puschRxChEstStatDescr_t *, ch_est::puschRxChEstDynDescr_t *)"
1938208570,4704,49257,137,2,1,24,2,1,44,0.001,0.001,,,,,NVIDIA A100-SXM4-40GB MIG 4g.20gb (0),1,,13,"void ch_est::chEstFilterNoDftSOfdmDispatchKernel<float, __half, float, (unsigned int)2>(ch_est::puschRxChEstStatDescr_t *, ch_est::puschRxChEstDynDescr_t *)"
1938225210,2496,49268,103,1,1,128,1,1,16,0.000,0.000,,,,,NVIDIA A100-SXM4-40GB MIG 4g.20gb (0),1,,13,cupy_copy__complex64_complex64
1938244602,12640,49278,1434,1,1,128,1,1,16,0.000,0.000,,,,,NVIDIA A100-SXM4-40GB MIG 4g.20gb (0),1,,13,cupy_copy__complex64_complex64
1938264249,2912,49285,103,1,1,128,1,1,16,0.000,0.000,,,,,NVIDIA A100-SXM4-40GB MIG 4g.20gb (0),1,,13,cupy_copy__complex64_complex64
1938285689,82495,49292,1,1,1,32,32,1,30,0.000,0.000,,,,,NVIDIA A100-SXM4-40GB MIG 4g.20gb (0),1,,13,"void convert_kernel<__half2, float2>(tensor_layout_any, T1 *, tensor_layout_any, const T2 *)"
1938403352,21471,49295,,,,,,,,,,0.094,4363.798,Pinned,Device,NVIDIA A100-SXM4-40GB MIG 4g.20gb (0),1,,13,[CUDA memcpy Host-to-Device]
1938438647,47232,49296,,,,,,,,,,35.810,758167.626,Device,,NVIDIA A100-SXM4-40GB MIG 4g.20gb (0),1,,13,[CUDA memset]
1938490039,14175,49298,,,,,,,,,,0.000,5.644,Pinned,Device,NVIDIA A100-SXM4-40GB MIG 4g.20gb (0),1,,13,[CUDA memcpy Host-to-Device]
1938512726,16064,49299,,,,,,,,,,0.197,12238.848,Pinned,Device,NVIDIA A100-SXM4-40GB MIG 4g.20gb (0),1,,13,[CUDA memcpy Host-to-Device]
1938543926,9856,49300,273,1,1,48,1,1,40,0.000,0.001,,,,,NVIDIA A100-SXM4-40GB MIG 4g.20gb (0),1,,13,"void pusch_noise_intf_est::noiseIntfEstNoDftSOfdmKernel<float, __half, float, float, (unsigned int)2, (unsigned int)1, (unsigned char)4, (unsigned char)4>(pusch_noise_intf_est::puschRxNoiseIntfEstDynDescr)"
1938561622,2752,49311,35,1,1,128,1,1,16,0.000,0.000,,,,,NVIDIA A100-SXM4-40GB MIG 4g.20gb (0),1,,13,cupy_copy__complex64_complex64
1938570326,1760,49320,1,1,1,1,1,1,18,0.000,0.000,,,,,NVIDIA A100-SXM4-40GB MIG 4g.20gb (0),1,,13,cupy_copy__float32_float32
1938576950,5312,49326,,,,,,,,,,0.000,0.753,Device,Pageable,NVIDIA A100-SXM4-40GB MIG 4g.20gb (0),1,,7,[CUDA memcpy Device-to-Host]
1938650869,12928,49337,1434,1,1,128,1,1,16,0.000,0.000,,,,,NVIDIA A100-SXM4-40GB MIG 4g.20gb (0),1,,13,cupy_copy__complex64_complex64
1938681300,3616,49344,103,1,1,128,1,1,16,0.000,0.000,,,,,NVIDIA A100-SXM4-40GB MIG 4g.20gb (0),1,,13,cupy_copy__complex64_complex64
1938704180,2688,49351,35,1,1,128,1,1,16,0.000,0.000,,,,,NVIDIA A100-SXM4-40GB MIG 4g.20gb (0),1,,13,cupy_copy__complex64_complex64
1938725684,1984,49358,1,1,1,1,1,1,18,0.000,0.000,,,,,NVIDIA A100-SXM4-40GB MIG 4g.20gb (0),1,,13,cupy_copy__float32_float32
1938863218,87423,49369,1,1,1,32,32,1,30,0.000,0.000,,,,,NVIDIA A100-SXM4-40GB MIG 4g.20gb (0),1,,13,"void convert_kernel<__half2, float2>(tensor_layout_any, T1 *, tensor_layout_any, const T2 *)"
1938978737,5472,49372,,,,,,,,,,0.094,17122.757,Pinned,Device,NVIDIA A100-SXM4-40GB MIG 4g.20gb (0),1,,13,[CUDA memcpy Host-to-Device]
1938993776,3296,49373,,,,,,,,,,1.547,469242.628,Device,,NVIDIA A100-SXM4-40GB MIG 4g.20gb (0),1,,13,[CUDA memset]
1938999952,3072,49378,,,,,,,,,,0.031,10187.474,Pinned,Device,NVIDIA A100-SXM4-40GB MIG 4g.20gb (0),1,,13,[CUDA memcpy Host-to-Device]
1939005552,9600,49379,,,,,,,,,,0.197,20479.869,Pinned,Device,NVIDIA A100-SXM4-40GB MIG 4g.20gb (0),1,,13,[CUDA memcpy Host-to-Device]
1939020976,6080,49380,273,1,1,8,4,1,39,0.002,0.000,,,,,NVIDIA A100-SXM4-40GB MIG 4g.20gb (0),1,,13,"void channel_eq::eqMmseCoefCompLowMimoKernel<float, float, float, (unsigned int)4, (unsigned int)1, (unsigned int)4>(const channel_eq::_puschRxChEqStatDescr *, channel_eq::_puschRxChEqCoefCompDynDescr)"
1939028208,6080,49381,273,1,1,12,11,1,51,0.002,0.000,,,,,NVIDIA A100-SXM4-40GB MIG 4g.20gb (0),1,,13,"void channel_eq::eqMmseSoftDemapKernel<float, __half, __half, float, (unsigned int)4, (unsigned short)16383>(channel_eq::_puschRxChEqStatDescr *, channel_eq::_puschRxChEqSoftDemapDynDescr)"
1939035248,294492,49382,1,1,1,32,32,1,30,0.000,0.000,,,,,NVIDIA A100-SXM4-40GB MIG 4g.20gb (0),1,,13,"void convert_kernel<float2, __half2>(tensor_layout_any, T1 *, tensor_layout_any, const T2 *)"
1939330732,10880,49394,2253,1,1,128,1,1,16,0.000,0.000,,,,,NVIDIA A100-SXM4-40GB MIG 4g.20gb (0),1,,13,cupy_copy__float16_float16
1939345452,3232,49403,282,1,1,128,1,1,16,0.000,0.000,,,,,NVIDIA A100-SXM4-40GB MIG 4g.20gb (0),1,,13,cupy_copy__complex64_complex64
1939350124,1984,49412,26,1,1,128,1,1,16,0.000,0.000,,,,,NVIDIA A100-SXM4-40GB MIG 4g.20gb (0),1,,13,cupy_copy__float32_float32
1939353836,4704,49421,103,1,1,128,1,1,16,0.000,0.000,,,,,NVIDIA A100-SXM4-40GB MIG 4g.20gb (0),1,,13,cupy_copy__complex64_complex64
1939359468,12032,49431,1434,1,1,128,1,1,16,0.000,0.000,,,,,NVIDIA A100-SXM4-40GB MIG 4g.20gb (0),1,,13,cupy_copy__complex64_complex64
1939375276,82303,49436,1,1,1,32,32,1,30,0.000,0.000,,,,,NVIDIA A100-SXM4-40GB MIG 4g.20gb (0),1,,13,"void convert_kernel<__half2, float2>(tensor_layout_any, T1 *, tensor_layout_any, const T2 *)"
1939484618,5824,49439,,,,,,,,,,0.094,16087.884,Pinned,Device,NVIDIA A100-SXM4-40GB MIG 4g.20gb (0),1,,13,[CUDA memcpy Host-to-Device]
1939494154,598777,49440,,,,,,,,,,456.561,762457.605,Device,,NVIDIA A100-SXM4-40GB MIG 4g.20gb (0),1,,13,[CUDA memset]
1940095011,153694,49445,,,,,,,,,,1.235,8034.546,Pinned,Device,NVIDIA A100-SXM4-40GB MIG 4g.20gb (0),1,,13,[CUDA memcpy Host-to-Device]
1940262017,37471,49446,,,,,,,,,,0.197,5246.878,Pinned,Device,NVIDIA A100-SXM4-40GB MIG 4g.20gb (0),1,,13,[CUDA memcpy Host-to-Device]
1940318368,8096,49447,69,4,1,48,1,1,76,0.002,0.000,,,,,NVIDIA A100-SXM4-40GB MIG 4g.20gb (0),1,,13,"void ch_est::windowedChEstPreNoDftSOfdmKernel<float, __half, float, (unsigned int)2, (unsigned int)1, (unsigned short)4>(ch_est::puschRxChEstStatDescr_t *, ch_est::puschRxChEstDynDescr_t *)"
1940333120,6848,49448,137,2,1,24,2,1,44,0.001,0.001,,,,,NVIDIA A100-SXM4-40GB MIG 4g.20gb (0),1,,13,"void ch_est::chEstFilterNoDftSOfdmDispatchKernel<float, __half, float, (unsigned int)2>(ch_est::puschRxChEstStatDescr_t *, ch_est::puschRxChEstDynDescr_t *)"
1940346336,4800,49449,137,2,1,24,2,1,44,0.001,0.001,,,,,NVIDIA A100-SXM4-40GB MIG 4g.20gb (0),1,,13,"void ch_est::chEstFilterNoDftSOfdmDispatchKernel<float, __half, float, (unsigned int)2>(ch_est::puschRxChEstStatDescr_t *, ch_est::puschRxChEstDynDescr_t *)"
1940358976,2655,49460,103,1,1,128,1,1,16,0.000,0.000,,,,,NVIDIA A100-SXM4-40GB MIG 4g.20gb (0),1,,13,cupy_copy__complex64_complex64
1940371615,12512,49470,1434,1,1,128,1,1,16,0.000,0.000,,,,,NVIDIA A100-SXM4-40GB MIG 4g.20gb (0),1,,13,cupy_copy__complex64_complex64
1940394079,2464,49477,103,1,1,128,1,1,16,0.000,0.000,,,,,NVIDIA A100-SXM4-40GB MIG 4g.20gb (0),1,,13,cupy_copy__complex64_complex64
1940408447,85215,49484,1,1,1,32,32,1,30,0.000,0.000,,,,,NVIDIA A100-SXM4-40GB MIG 4g.20gb (0),1,,13,"void convert_kernel<__half2, float2>(tensor_layout_any, T1 *, tensor_layout_any, const T2 *)"
1940528541,19168,49487,,,,,,,,,,0.094,4888.120,Pinned,Device,NVIDIA A100-SXM4-40GB MIG 4g.20gb (0),1,,13,[CUDA memcpy Host-to-Device]
1940562845,47007,49488,,,,,,,,,,35.810,761784.428,Device,,NVIDIA A100-SXM4-40GB MIG 4g.20gb (0),1,,13,[CUDA memset]
1940615708,13184,49490,,,,,,,,,,0.000,6.068,Pinned,Device,NVIDIA A100-SXM4-40GB MIG 4g.20gb (0),1,,13,[CUDA memcpy Host-to-Device]
1940640892,20448,49491,,,,,,,,,,0.197,9614.918,Pinned,Device,NVIDIA A100-SXM4-40GB MIG 4g.20gb (0),1,,13,[CUDA memcpy Host-to-Device]
1940681084,9151,49492,273,1,1,48,1,1,40,0.000,0.001,,,,,NVIDIA A100-SXM4-40GB MIG 4g.20gb (0),1,,13,"void pusch_noise_intf_est::noiseIntfEstNoDftSOfdmKernel<float, __half, float, float, (unsigned int)2, (unsigned int)1, (unsigned char)4, (unsigned char)4>(pusch_noise_intf_est::puschRxNoiseIntfEstDynDescr)"
1940698427,2848,49503,35,1,1,128,1,1,16,0.000,0.000,,,,,NVIDIA A100-SXM4-40GB MIG 4g.20gb (0),1,,13,cupy_copy__complex64_complex64
1940715387,1760,49512,1,1,1,1,1,1,18,0.000,0.000,,,,,NVIDIA A100-SXM4-40GB MIG 4g.20gb (0),1,,13,cupy_copy__float32_float32
1940721883,5344,49518,,,,,,,,,,0.000,0.749,Device,Pageable,NVIDIA A100-SXM4-40GB MIG 4g.20gb (0),1,,7,[CUDA memcpy Device-to-Host]
1940822778,12768,49529,1434,1,1,128,1,1,16,0.000,0.000,,,,,NVIDIA A100-SXM4-40GB MIG 4g.20gb (0),1,,13,cupy_copy__complex64_complex64
1940845849,3008,49536,103,1,1,128,1,1,16,0.000,0.000,,,,,NVIDIA A100-SXM4-40GB MIG 4g.20gb (0),1,,13,cupy_copy__complex64_complex64
1940875961,2560,49543,35,1,1,128,1,1,16,0.000,0.000,,,,,NVIDIA A100-SXM4-40GB MIG 4g.20gb (0),1,,13,cupy_copy__complex64_complex64
1940892057,1696,49550,1,1,1,1,1,1,18,0.000,0.000,,,,,NVIDIA A100-SXM4-40GB MIG 4g.20gb (0),1,,13,cupy_copy__float32_float32
1941012183,86207,49561,1,1,1,32,32,1,30,0.000,0.000,,,,,NVIDIA A100-SXM4-40GB MIG 4g.20gb (0),1,,13,"void convert_kernel<__half2, float2>(tensor_layout_any, T1 *, tensor_layout_any, const T2 *)"
1941132950,13216,49564,,,,,,,,,,0.094,7089.508,Pinned,Device,NVIDIA A100-SXM4-40GB MIG 4g.20gb (0),1,,13,[CUDA memcpy Host-to-Device]
1941155830,3520,49565,,,,,,,,,,1.547,439380.412,Device,,NVIDIA A100-SXM4-40GB MIG 4g.20gb (0),1,,13,[CUDA memset]
1941162198,3456,49570,,,,,,,,,,0.031,9055.529,Pinned,Device,NVIDIA A100-SXM4-40GB MIG 4g.20gb (0),1,,13,[CUDA memcpy Host-to-Device]
1941172533,14176,49571,,,,,,,,,,0.197,13868.925,Pinned,Device,NVIDIA A100-SXM4-40GB MIG 4g.20gb (0),1,,13,[CUDA memcpy Host-to-Device]
1941197461,8640,49572,273,1,1,8,4,1,39,0.002,0.000,,,,,NVIDIA A100-SXM4-40GB MIG 4g.20gb (0),1,,13,"void channel_eq::eqMmseCoefCompLowMimoKernel<float, float, float, (unsigned int)4, (unsigned int)1, (unsigned int)4>(const channel_eq::_puschRxChEqStatDescr *, channel_eq::_puschRxChEqCoefCompDynDescr)"
1941214293,8000,49573,273,1,1,12,11,1,51,0.002,0.000,,,,,NVIDIA A100-SXM4-40GB MIG 4g.20gb (0),1,,13,"void channel_eq::eqMmseSoftDemapKernel<float, __half, __half, float, (unsigned int)4, (unsigned short)16383>(channel_eq::_puschRxChEqStatDescr *, channel_eq::_puschRxChEqSoftDemapDynDescr)"
1941225301,283260,49574,1,1,1,32,32,1,30,0.000,0.000,,,,,NVIDIA A100-SXM4-40GB MIG 4g.20gb (0),1,,13,"void convert_kernel<float2, __half2>(tensor_layout_any, T1 *, tensor_layout_any, const T2 *)"
1941511281,10784,49586,2253,1,1,128,1,1,16,0.000,0.000,,,,,NVIDIA A100-SXM4-40GB MIG 4g.20gb (0),1,,13,cupy_copy__float16_float16
1941523409,3296,49595,282,1,1,128,1,1,16,0.000,0.000,,,,,NVIDIA A100-SXM4-40GB MIG 4g.20gb (0),1,,13,cupy_copy__complex64_complex64
1941530577,2336,49604,26,1,1,128,1,1,16,0.000,0.000,,,,,NVIDIA A100-SXM4-40GB MIG 4g.20gb (0),1,,13,cupy_copy__float32_float32
1941534033,2880,49613,103,1,1,128,1,1,16,0.000,0.000,,,,,NVIDIA A100-SXM4-40GB MIG 4g.20gb (0),1,,13,cupy_copy__complex64_complex64
1941539377,12384,49623,1434,1,1,128,1,1,16,0.000,0.000,,,,,NVIDIA A100-SXM4-40GB MIG 4g.20gb (0),1,,13,cupy_copy__complex64_complex64
1941555153,86559,49628,1,1,1,32,32,1,30,0.000,0.000,,,,,NVIDIA A100-SXM4-40GB MIG 4g.20gb (0),1,,13,"void convert_kernel<__half2, float2>(tensor_layout_any, T1 *, tensor_layout_any, const T2 *)"
1941669807,6176,49631,,,,,,,,,,0.094,15170.975,Pinned,Device,NVIDIA A100-SXM4-40GB MIG 4g.20gb (0),1,,13,[CUDA memcpy Host-to-Device]
1941681327,599033,49632,,,,,,,,,,456.561,762001.043,Device,,NVIDIA A100-SXM4-40GB MIG 4g.20gb (0),1,,13,[CUDA memset]
1942285832,80351,49637,,,,,,,,,,1.235,15368.878,Pinned,Device,NVIDIA A100-SXM4-40GB MIG 4g.20gb (0),1,,13,[CUDA memcpy Host-to-Device]
1942372167,17055,49638,,,,,,,,,,0.197,11527.717,Pinned,Device,NVIDIA A100-SXM4-40GB MIG 4g.20gb (0),1,,13,[CUDA memcpy Host-to-Device]
1942403110,9184,49639,69,4,1,48,1,1,76,0.002,0.000,,,,,NVIDIA A100-SXM4-40GB MIG 4g.20gb (0),1,,13,"void ch_est::windowedChEstPreNoDftSOfdmKernel<float, __half, float, (unsigned int)2, (unsigned int)1, (unsigned short)4>(ch_est::puschRxChEstStatDescr_t *, ch_est::puschRxChEstDynDescr_t *)"
1942418630,6368,49640,137,2,1,24,2,1,44,0.001,0.001,,,,,NVIDIA A100-SXM4-40GB MIG 4g.20gb (0),1,,13,"void ch_est::chEstFilterNoDftSOfdmDispatchKernel<float, __half, float, (unsigned int)2>(ch_est::puschRxChEstStatDescr_t *, ch_est::puschRxChEstDynDescr_t *)"
1942426918,6240,49641,137,2,1,24,2,1,44,0.001,0.001,,,,,NVIDIA A100-SXM4-40GB MIG 4g.20gb (0),1,,13,"void ch_est::chEstFilterNoDftSOfdmDispatchKernel<float, __half, float, (unsigned int)2>(ch_est::puschRxChEstStatDescr_t *, ch_est::puschRxChEstDynDescr_t *)"
1942434854,3232,49652,103,1,1,128,1,1,16,0.000,0.000,,,,,NVIDIA A100-SXM4-40GB MIG 4g.20gb (0),1,,13,cupy_copy__complex64_complex64
1942443846,12384,49662,1434,1,1,128,1,1,16,0.000,0.000,,,,,NVIDIA A100-SXM4-40GB MIG 4g.20gb (0),1,,13,cupy_copy__complex64_complex64
1942463045,2592,49669,103,1,1,128,1,1,16,0.000,0.000,,,,,NVIDIA A100-SXM4-40GB MIG 4g.20gb (0),1,,13,cupy_copy__complex64_complex64
1942473669,87647,49676,1,1,1,32,32,1,30,0.000,0.000,,,,,NVIDIA A100-SXM4-40GB MIG 4g.20gb (0),1,,13,"void convert_kernel<__half2, float2>(tensor_layout_any, T1 *, tensor_layout_any, const T2 *)"
1942591268,9632,49679,,,,,,,,,,0.094,9727.519,Pinned,Device,NVIDIA A100-SXM4-40GB MIG 4g.20gb (0),1,,13,[CUDA memcpy Host-to-Device]
1942610724,48703,49680,,,,,,,,,,35.810,735249.277,Device,,NVIDIA A100-SXM4-40GB MIG 4g.20gb (0),1,,13,[CUDA memset]
1942661795,7104,49682,,,,,,,,,,0.000,11.261,Pinned,Device,NVIDIA A100-SXM4-40GB MIG 4g.20gb (0),1,,13,[CUDA memcpy Host-to-Device]
1942673987,19904,49683,,,,,,,,,,0.197,9877.783,Pinned,Device,NVIDIA A100-SXM4-40GB MIG 4g.20gb (0),1,,13,[CUDA memcpy Host-to-Device]
1942708770,9056,49684,273,1,1,48,1,1,40,0.000,0.001,,,,,NVIDIA A100-SXM4-40GB MIG 4g.20gb (0),1,,13,"void pusch_noise_intf_est::noiseIntfEstNoDftSOfdmKernel<float, __half, float, float, (unsigned int)2, (unsigned int)1, (unsigned char)4, (unsigned char)4>(pusch_noise_intf_est::puschRxNoiseIntfEstDynDescr)"
1942726210,2944,49695,35,1,1,128,1,1,16,0.000,0.000,,,,,NVIDIA A100-SXM4-40GB MIG 4g.20gb (0),1,,13,cupy_copy__complex64_complex64
1942736610,1696,49704,1,1,1,1,1,1,18,0.000,0.000,,,,,NVIDIA A100-SXM4-40GB MIG 4g.20gb (0),1,,13,cupy_copy__float32_float32
1942744802,4000,49710,,,,,,,,,,0.000,1.000,Device,Pageable,NVIDIA A100-SXM4-40GB MIG 4g.20gb (0),1,,7,[CUDA memcpy Device-to-Host]
1942815745,12800,49721,1434,1,1,128,1,1,16,0.000,0.000,,,,,NVIDIA A100-SXM4-40GB MIG 4g.20gb (0),1,,13,cupy_copy__complex64_complex64
1942850721,2880,49728,103,1,1,128,1,1,16,0.000,0.000,,,,,NVIDIA A100-SXM4-40GB MIG 4g.20gb (0),1,,13,cupy_copy__complex64_complex64
1942874976,2464,49735,35,1,1,128,1,1,16,0.000,0.000,,,,,NVIDIA A100-SXM4-40GB MIG 4g.20gb (0),1,,13,cupy_copy__complex64_complex64
1942892224,1824,49742,1,1,1,1,1,1,18,0.000,0.000,,,,,NVIDIA A100-SXM4-40GB MIG 4g.20gb (0),1,,13,cupy_copy__float32_float32
1943026238,83391,49753,1,1,1,32,32,1,30,0.000,0.000,,,,,NVIDIA A100-SXM4-40GB MIG 4g.20gb (0),1,,13,"void convert_kernel<__half2, float2>(tensor_layout_any, T1 *, tensor_layout_any, const T2 *)"
1943137725,5888,49756,,,,,,,,,,0.094,15912.954,Pinned,Device,NVIDIA A100-SXM4-40GB MIG 4g.20gb (0),1,,13,[CUDA memcpy Host-to-Device]
1943153757,3264,49757,,,,,,,,,,1.547,473842.288,Device,,NVIDIA A100-SXM4-40GB MIG 4g.20gb (0),1,,13,[CUDA memset]
1943158653,3168,49762,,,,,,,,,,0.031,9878.770,Pinned,Device,NVIDIA A100-SXM4-40GB MIG 4g.20gb (0),1,,13,[CUDA memcpy Host-to-Device]
1943164253,9888,49763,,,,,,,,,,0.197,19883.360,Pinned,Device,NVIDIA A100-SXM4-40GB MIG 4g.20gb (0),1,,13,[CUDA memcpy Host-to-Device]
1943178013,6240,49764,273,1,1,8,4,1,39,0.002,0.000,,,,,NVIDIA A100-SXM4-40GB MIG 4g.20gb (0),1,,13,"void channel_eq::eqMmseCoefCompLowMimoKernel<float, float, float, (unsigned int)4, (unsigned int)1, (unsigned int)4>(const channel_eq::_puschRxChEqStatDescr *, channel_eq::_puschRxChEqCoefCompDynDescr)"
1943187132,5952,49765,273,1,1,12,11,1,51,0.002,0.000,,,,,NVIDIA A100-SXM4-40GB MIG 4g.20gb (0),1,,13,"void channel_eq::eqMmseSoftDemapKernel<float, __half, __half, float, (unsigned int)4, (unsigned short)16383>(channel_eq::_puschRxChEqStatDescr *, channel_eq::_puschRxChEqSoftDemapDynDescr)"
1943194108,282557,49766,1,1,1,32,32,1,30,0.000,0.000,,,,,NVIDIA A100-SXM4-40GB MIG 4g.20gb (0),1,,13,"void convert_kernel<float2, __half2>(tensor_layout_any, T1 *, tensor_layout_any, const T2 *)"
1943479737,10976,49778,2253,1,1,128,1,1,16,0.000,0.000,,,,,NVIDIA A100-SXM4-40GB MIG 4g.20gb (0),1,,13,cupy_copy__float16_float16
1943492089,3488,49787,282,1,1,128,1,1,16,0.000,0.000,,,,,NVIDIA A100-SXM4-40GB MIG 4g.20gb (0),1,,13,cupy_copy__complex64_complex64
1943496601,2048,49796,26,1,1,128,1,1,16,0.000,0.000,,,,,NVIDIA A100-SXM4-40GB MIG 4g.20gb (0),1,,13,cupy_copy__float32_float32
1943499673,3328,49805,103,1,1,128,1,1,16,0.000,0.000,,,,,NVIDIA A100-SXM4-40GB MIG 4g.20gb (0),1,,13,cupy_copy__complex64_complex64
1943504729,11999,49815,1434,1,1,128,1,1,16,0.000,0.000,,,,,NVIDIA A100-SXM4-40GB MIG 4g.20gb (0),1,,13,cupy_copy__complex64_complex64
1943529176,82783,49820,1,1,1,32,32,1,30,0.000,0.000,,,,,NVIDIA A100-SXM4-40GB MIG 4g.20gb (0),1,,13,"void convert_kernel<__half2, float2>(tensor_layout_any, T1 *, tensor_layout_any, const T2 *)"
1943639383,5568,49823,,,,,,,,,,0.094,16827.521,Pinned,Device,NVIDIA A100-SXM4-40GB MIG 4g.20gb (0),1,,13,[CUDA memcpy Host-to-Device]
1943649335,596856,49824,,,,,,,,,,456.561,764740.412,Device,,NVIDIA A100-SXM4-40GB MIG 4g.20gb (0),1,,13,[CUDA memset]
1944246991,147743,49829,,,,,,,,,,1.235,8358.101,Pinned,Device,NVIDIA A100-SXM4-40GB MIG 4g.20gb (0),1,,13,[CUDA memcpy Host-to-Device]
1944407373,39520,49830,,,,,,,,,,0.197,4974.772,Pinned,Device,NVIDIA A100-SXM4-40GB MIG 4g.20gb (0),1,,13,[CUDA memcpy Host-to-Device]
1944467661,8256,49831,69,4,1,48,1,1,76,0.002,0.000,,,,,NVIDIA A100-SXM4-40GB MIG 4g.20gb (0),1,,13,"void ch_est::windowedChEstPreNoDftSOfdmKernel<float, __half, float, (unsigned int)2, (unsigned int)1, (unsigned short)4>(ch_est::puschRxChEstStatDescr_t *, ch_est::puschRxChEstDynDescr_t *)"
1944485452,7072,49832,137,2,1,24,2,1,44,0.001,0.001,,,,,NVIDIA A100-SXM4-40GB MIG 4g.20gb (0),1,,13,"void ch_est::chEstFilterNoDftSOfdmDispatchKernel<float, __half, float, (unsigned int)2>(ch_est::puschRxChEstStatDescr_t *, ch_est::puschRxChEstDynDescr_t *)"
1944497676,4800,49833,137,2,1,24,2,1,44,0.001,0.001,,,,,NVIDIA A100-SXM4-40GB MIG 4g.20gb (0),1,,13,"void ch_est::chEstFilterNoDftSOfdmDispatchKernel<float, __half, float, (unsigned int)2>(ch_est::puschRxChEstStatDescr_t *, ch_est::puschRxChEstDynDescr_t *)"
1944512236,2624,49844,103,1,1,128,1,1,16,0.000,0.000,,,,,NVIDIA A100-SXM4-40GB MIG 4g.20gb (0),1,,13,cupy_copy__complex64_complex64
1944521644,12704,49854,1434,1,1,128,1,1,16,0.000,0.000,,,,,NVIDIA A100-SXM4-40GB MIG 4g.20gb (0),1,,13,cupy_copy__complex64_complex64
1944537772,2656,49861,103,1,1,128,1,1,16,0.000,0.000,,,,,NVIDIA A100-SXM4-40GB MIG 4g.20gb (0),1,,13,cupy_copy__complex64_complex64
1944547756,84639,49868,1,1,1,32,32,1,30,0.000,0.000,,,,,NVIDIA A100-SXM4-40GB MIG 4g.20gb (0),1,,13,"void convert_kernel<__half2, float2>(tensor_layout_any, T1 *, tensor_layout_any, const T2 *)"
1944664746,9888,49871,,,,,,,,,,0.094,9475.664,Pinned,Device,NVIDIA A100-SXM4-40GB MIG 4g.20gb (0),1,,13,[CUDA memcpy Host-to-Device]
1944679882,47455,49872,,,,,,,,,,35.810,754586.634,Device,,NVIDIA A100-SXM4-40GB MIG 4g.20gb (0),1,,13,[CUDA memset]
1944731433,8320,49874,,,,,,,,,,0.000,9.615,Pinned,Device,NVIDIA A100-SXM4-40GB MIG 4g.20gb (0),1,,13,[CUDA memcpy Host-to-Device]
1944744137,16704,49875,,,,,,,,,,0.197,11769.938,Pinned,Device,NVIDIA A100-SXM4-40GB MIG 4g.20gb (0),1,,13,[CUDA memcpy Host-to-Device]
1944776169,9600,49876,273,1,1,48,1,1,40,0.000,0.001,,,,,NVIDIA A100-SXM4-40GB MIG 4g.20gb (0),1,,13,"void pusch_noise_intf_est::noiseIntfEstNoDftSOfdmKernel<float, __half, float, float, (unsigned int)2, (unsigned int)1, (unsigned char)4, (unsigned char)4>(pusch_noise_intf_est::puschRxNoiseIntfEstDynDescr)"
1944793449,2752,49887,35,1,1,128,1,1,16,0.000,0.000,,,,,NVIDIA A100-SXM4-40GB MIG 4g.20gb (0),1,,13,cupy_copy__complex64_complex64
1944803400,1792,49896,1,1,1,1,1,1,18,0.000,0.000,,,,,NVIDIA A100-SXM4-40GB MIG 4g.20gb (0),1,,13,cupy_copy__float32_float32
1944819560,7424,49902,,,,,,,,,,0.000,0.539,Device,Pageable,NVIDIA A100-SXM4-40GB MIG 4g.20gb (0),1,,7,[CUDA memcpy Device-to-Host]
1944903207,13152,49913,1434,1,1,128,1,1,16,0.000,0.000,,,,,NVIDIA A100-SXM4-40GB MIG 4g.20gb (0),1,,13,cupy_copy__complex64_complex64
1944922183,2912,49920,103,1,1,128,1,1,16,0.000,0.000,,,,,NVIDIA A100-SXM4-40GB MIG 4g.20gb (0),1,,13,cupy_copy__complex64_complex64
1944950279,2624,49927,35,1,1,128,1,1,16,0.000,0.000,,,,,NVIDIA A100-SXM4-40GB MIG 4g.20gb (0),1,,13,cupy_copy__complex64_complex64
1944970246,1760,49934,1,1,1,1,1,1,18,0.000,0.000,,,,,NVIDIA A100-SXM4-40GB MIG 4g.20gb (0),1,,13,cupy_copy__float32_float32
1945098725,88415,49945,1,1,1,32,32,1,30,0.000,0.000,,,,,NVIDIA A100-SXM4-40GB MIG 4g.20gb (0),1,,13,"void convert_kernel<__half2, float2>(tensor_layout_any, T1 *, tensor_layout_any, const T2 *)"
1945215075,5408,49948,,,,,,,,,,0.094,17325.421,Pinned,Device,NVIDIA A100-SXM4-40GB MIG 4g.20gb (0),1,,13,[CUDA memcpy Host-to-Device]
1945229251,3136,49949,,,,,,,,,,1.547,493182.821,Device,,NVIDIA A100-SXM4-40GB MIG 4g.20gb (0),1,,13,[CUDA memset]
1945236003,3456,49954,,,,,,,,,,0.031,9055.529,Pinned,Device,NVIDIA A100-SXM4-40GB MIG 4g.20gb (0),1,,13,[CUDA memcpy Host-to-Device]
1945242051,10112,49955,,,,,,,,,,0.197,19442.958,Pinned,Device,NVIDIA A100-SXM4-40GB MIG 4g.20gb (0),1,,13,[CUDA memcpy Host-to-Device]
1945257571,7008,49956,273,1,1,8,4,1,39,0.002,0.000,,,,,NVIDIA A100-SXM4-40GB MIG 4g.20gb (0),1,,13,"void channel_eq::eqMmseCoefCompLowMimoKernel<float, float, float, (unsigned int)4, (unsigned int)1, (unsigned int)4>(const channel_eq::_puschRxChEqStatDescr *, channel_eq::_puschRxChEqCoefCompDynDescr)"
1945267843,5536,49957,273,1,1,12,11,1,51,0.002,0.000,,,,,NVIDIA A100-SXM4-40GB MIG 4g.20gb (0),1,,13,"void channel_eq::eqMmseSoftDemapKernel<float, __half, __half, float, (unsigned int)4, (unsigned short)16383>(channel_eq::_puschRxChEqStatDescr *, channel_eq::_puschRxChEqSoftDemapDynDescr)"
1945275459,282972,49958,1,1,1,32,32,1,30,0.000,0.000,,,,,NVIDIA A100-SXM4-40GB MIG 4g.20gb (0),1,,13,"void convert_kernel<float2, __half2>(tensor_layout_any, T1 *, tensor_layout_any, const T2 *)"
1945560159,11200,49970,2253,1,1,128,1,1,16,0.000,0.000,,,,,NVIDIA A100-SXM4-40GB MIG 4g.20gb (0),1,,13,cupy_copy__float16_float16
1945572767,2880,49979,282,1,1,128,1,1,16,0.000,0.000,,,,,NVIDIA A100-SXM4-40GB MIG 4g.20gb (0),1,,13,cupy_copy__complex64_complex64
1945577759,2048,49988,26,1,1,128,1,1,16,0.000,0.000,,,,,NVIDIA A100-SXM4-40GB MIG 4g.20gb (0),1,,13,cupy_copy__float32_float32
1945583007,4768,49997,103,1,1,128,1,1,16,0.000,0.000,,,,,NVIDIA A100-SXM4-40GB MIG 4g.20gb (0),1,,13,cupy_copy__complex64_complex64
1945590207,12640,50007,1434,1,1,128,1,1,16,0.000,0.000,,,,,NVIDIA A100-SXM4-40GB MIG 4g.20gb (0),1,,13,cupy_copy__complex64_complex64
1945610302,82751,50012,1,1,1,32,32,1,30,0.000,0.000,,,,,NVIDIA A100-SXM4-40GB MIG 4g.20gb (0),1,,13,"void convert_kernel<__half2, float2>(tensor_layout_any, T1 *, tensor_layout_any, const T2 *)"
1945719869,5728,50015,,,,,,,,,,0.094,16357.541,Pinned,Device,NVIDIA A100-SXM4-40GB MIG 4g.20gb (0),1,,13,[CUDA memcpy Host-to-Device]
1945732061,597017,50016,,,,,,,,,,456.561,764283.851,Device,,NVIDIA A100-SXM4-40GB MIG 4g.20gb (0),1,,13,[CUDA memset]
1946336725,149087,50021,,,,,,,,,,1.235,8282.769,Pinned,Device,NVIDIA A100-SXM4-40GB MIG 4g.20gb (0),1,,13,[CUDA memcpy Host-to-Device]
1946494739,34912,50022,,,,,,,,,,0.197,5631.443,Pinned,Device,NVIDIA A100-SXM4-40GB MIG 4g.20gb (0),1,,13,[CUDA memcpy Host-to-Device]
1946542771,8064,50023,69,4,1,48,1,1,76,0.002,0.000,,,,,NVIDIA A100-SXM4-40GB MIG 4g.20gb (0),1,,13,"void ch_est::windowedChEstPreNoDftSOfdmKernel<float, __half, float, (unsigned int)2, (unsigned int)1, (unsigned short)4>(ch_est::puschRxChEstStatDescr_t *, ch_est::puschRxChEstDynDescr_t *)"
1946557235,6848,50024,137,2,1,24,2,1,44,0.001,0.001,,,,,NVIDIA A100-SXM4-40GB MIG 4g.20gb (0),1,,13,"void ch_est::chEstFilterNoDftSOfdmDispatchKernel<float, __half, float, (unsigned int)2>(ch_est::puschRxChEstStatDescr_t *, ch_est::puschRxChEstDynDescr_t *)"
1946569363,4800,50025,137,2,1,24,2,1,44,0.001,0.001,,,,,NVIDIA A100-SXM4-40GB MIG 4g.20gb (0),1,,13,"void ch_est::chEstFilterNoDftSOfdmDispatchKernel<float, __half, float, (unsigned int)2>(ch_est::puschRxChEstStatDescr_t *, ch_est::puschRxChEstDynDescr_t *)"
1946581746,2528,50036,103,1,1,128,1,1,16,0.000,0.000,,,,,NVIDIA A100-SXM4-40GB MIG 4g.20gb (0),1,,13,cupy_copy__complex64_complex64
1946595826,12576,50046,1434,1,1,128,1,1,16,0.000,0.000,,,,,NVIDIA A100-SXM4-40GB MIG 4g.20gb (0),1,,13,cupy_copy__complex64_complex64
1946620818,2688,50053,103,1,1,128,1,1,16,0.000,0.000,,,,,NVIDIA A100-SXM4-40GB MIG 4g.20gb (0),1,,13,cupy_copy__complex64_complex64
1946630610,85087,50060,1,1,1,32,32,1,30,0.000,0.000,,,,,NVIDIA A100-SXM4-40GB MIG 4g.20gb (0),1,,13,"void convert_kernel<__half2, float2>(tensor_layout_any, T1 *, tensor_layout_any, const T2 *)"
1946745296,10784,50063,,,,,,,,,,0.094,8688.336,Pinned,Device,NVIDIA A100-SXM4-40GB MIG 4g.20gb (0),1,,13,[CUDA memcpy Host-to-Device]
1946763984,48128,50064,,,,,,,,,,35.810,744022.708,Device,,NVIDIA A100-SXM4-40GB MIG 4g.20gb (0),1,,13,[CUDA memset]
1946816655,4320,50066,,,,,,,,,,0.000,18.518,Pinned,Device,NVIDIA A100-SXM4-40GB MIG 4g.20gb (0),1,,13,[CUDA memcpy Host-to-Device]
1946825967,14464,50067,,,,,,,,,,0.197,13592.887,Pinned,Device,NVIDIA A100-SXM4-40GB MIG 4g.20gb (0),1,,13,[CUDA memcpy Host-to-Device]
1946848143,9824,50068,273,1,1,48,1,1,40,0.000,0.001,,,,,NVIDIA A100-SXM4-40GB MIG 4g.20gb (0),1,,13,"void pusch_noise_intf_est::noiseIntfEstNoDftSOfdmKernel<float, __half, float, float, (unsigned int)2, (unsigned int)1, (unsigned char)4, (unsigned char)4>(pusch_noise_intf_est::puschRxNoiseIntfEstDynDescr)"
1946861903,3104,50079,35,1,1,128,1,1,16,0.000,0.000,,,,,NVIDIA A100-SXM4-40GB MIG 4g.20gb (0),1,,13,cupy_copy__complex64_complex64
1946877807,1856,50088,1,1,1,1,1,1,18,0.000,0.000,,,,,NVIDIA A100-SXM4-40GB MIG 4g.20gb (0),1,,13,cupy_copy__float32_float32
1946910286,1600,50094,,,,,,,,,,0.000,2.500,Device,Pageable,NVIDIA A100-SXM4-40GB MIG 4g.20gb (0),1,,7,[CUDA memcpy Device-to-Host]
1946971214,13311,50105,1434,1,1,128,1,1,16,0.000,0.000,,,,,NVIDIA A100-SXM4-40GB MIG 4g.20gb (0),1,,13,cupy_copy__complex64_complex64
1946997997,3040,50112,103,1,1,128,1,1,16,0.000,0.000,,,,,NVIDIA A100-SXM4-40GB MIG 4g.20gb (0),1,,13,cupy_copy__complex64_complex64
1947019021,2176,50119,35,1,1,128,1,1,16,0.000,0.000,,,,,NVIDIA A100-SXM4-40GB MIG 4g.20gb (0),1,,13,cupy_copy__complex64_complex64
1947038093,1760,50126,1,1,1,1,1,1,18,0.000,0.000,,,,,NVIDIA A100-SXM4-40GB MIG 4g.20gb (0),1,,13,cupy_copy__float32_float32
1947172267,81887,50137,1,1,1,32,32,1,30,0.000,0.000,,,,,NVIDIA A100-SXM4-40GB MIG 4g.20gb (0),1,,13,"void convert_kernel<__half2, float2>(tensor_layout_any, T1 *, tensor_layout_any, const T2 *)"
1947282154,5664,50140,,,,,,,,,,0.094,16542.310,Pinned,Device,NVIDIA A100-SXM4-40GB MIG 4g.20gb (0),1,,13,[CUDA memcpy Host-to-Device]
1947296106,3424,50141,,,,,,,,,,1.547,451700.819,Device,,NVIDIA A100-SXM4-40GB MIG 4g.20gb (0),1,,13,[CUDA memset]
1947303305,3232,50146,,,,,,,,,,0.031,9683.139,Pinned,Device,NVIDIA A100-SXM4-40GB MIG 4g.20gb (0),1,,13,[CUDA memcpy Host-to-Device]
1947308969,9952,50147,,,,,,,,,,0.197,19755.565,Pinned,Device,NVIDIA A100-SXM4-40GB MIG 4g.20gb (0),1,,13,[CUDA memcpy Host-to-Device]
1947323177,6208,50148,273,1,1,8,4,1,39,0.002,0.000,,,,,NVIDIA A100-SXM4-40GB MIG 4g.20gb (0),1,,13,"void channel_eq::eqMmseCoefCompLowMimoKernel<float, float, float, (unsigned int)4, (unsigned int)1, (unsigned int)4>(const channel_eq::_puschRxChEqStatDescr *, channel_eq::_puschRxChEqCoefCompDynDescr)"
1947330409,6240,50149,273,1,1,12,11,1,51,0.002,0.000,,,,,NVIDIA A100-SXM4-40GB MIG 4g.20gb (0),1,,13,"void channel_eq::eqMmseSoftDemapKernel<float, __half, __half, float, (unsigned int)4, (unsigned short)16383>(channel_eq::_puschRxChEqStatDescr *, channel_eq::_puschRxChEqSoftDemapDynDescr)"
1947337705,281853,50150,1,1,1,32,32,1,30,0.000,0.000,,,,,NVIDIA A100-SXM4-40GB MIG 4g.20gb (0),1,,13,"void convert_kernel<float2, __half2>(tensor_layout_any, T1 *, tensor_layout_any, const T2 *)"
1947620902,11071,50162,2253,1,1,128,1,1,16,0.000,0.000,,,,,NVIDIA A100-SXM4-40GB MIG 4g.20gb (0),1,,13,cupy_copy__float16_float16
1947634309,3616,50171,282,1,1,128,1,1,16,0.000,0.000,,,,,NVIDIA A100-SXM4-40GB MIG 4g.20gb (0),1,,13,cupy_copy__complex64_complex64
1947639141,2112,50180,26,1,1,128,1,1,16,0.000,0.000,,,,,NVIDIA A100-SXM4-40GB MIG 4g.20gb (0),1,,13,cupy_copy__float32_float32
1947643493,2880,50189,103,1,1,128,1,1,16,0.000,0.000,,,,,NVIDIA A100-SXM4-40GB MIG 4g.20gb (0),1,,13,cupy_copy__complex64_complex64
1947647333,11968,50199,1434,1,1,128,1,1,16,0.000,0.000,,,,,NVIDIA A100-SXM4-40GB MIG 4g.20gb (0),1,,13,cupy_copy__complex64_complex64
1947675397,83487,50204,1,1,1,32,32,1,30,0.000,0.000,,,,,NVIDIA A100-SXM4-40GB MIG 4g.20gb (0),1,,13,"void convert_kernel<__half2, float2>(tensor_layout_any, T1 *, tensor_layout_any, const T2 *)"
1947785859,5792,50207,,,,,,,,,,0.094,16176.708,Pinned,Device,NVIDIA A100-SXM4-40GB MIG 4g.20gb (0),1,,13,[CUDA memcpy Host-to-Device]
1947796003,597561,50208,,,,,,,,,,456.561,763827.289,Device,,NVIDIA A100-SXM4-40GB MIG 4g.20gb (0),1,,13,[CUDA memset]
1948396412,142590,50213,,,,,,,,,,1.235,8660.662,Pinned,Device,NVIDIA A100-SXM4-40GB MIG 4g.20gb (0),1,,13,[CUDA memcpy Host-to-Device]
1948552410,43199,50214,,,,,,,,,,0.197,4551.082,Pinned,Device,NVIDIA A100-SXM4-40GB MIG 4g.20gb (0),1,,13,[CUDA memcpy Host-to-Device]
1948619577,8096,50215,69,4,1,48,1,1,76,0.002,0.000,,,,,NVIDIA A100-SXM4-40GB MIG 4g.20gb (0),1,,13,"void ch_est::windowedChEstPreNoDftSOfdmKernel<float, __half, float, (unsigned int)2, (unsigned int)1, (unsigned short)4>(ch_est::puschRxChEstStatDescr_t *, ch_est::puschRxChEstDynDescr_t *)"
1948636281,6752,50216,137,2,1,24,2,1,44,0.001,0.001,,,,,NVIDIA A100-SXM4-40GB MIG 4g.20gb (0),1,,13,"void ch_est::chEstFilterNoDftSOfdmDispatchKernel<float, __half, float, (unsigned int)2>(ch_est::puschRxChEstStatDescr_t *, ch_est::puschRxChEstDynDescr_t *)"
1948661081,4736,50217,137,2,1,24,2,1,44,0.001,0.001,,,,,NVIDIA A100-SXM4-40GB MIG 4g.20gb (0),1,,13,"void ch_est::chEstFilterNoDftSOfdmDispatchKernel<float, __half, float, (unsigned int)2>(ch_est::puschRxChEstStatDescr_t *, ch_est::puschRxChEstDynDescr_t *)"
1948680696,2688,50228,103,1,1,128,1,1,16,0.000,0.000,,,,,NVIDIA A100-SXM4-40GB MIG 4g.20gb (0),1,,13,cupy_copy__complex64_complex64
1948697816,12832,50238,1434,1,1,128,1,1,16,0.000,0.000,,,,,NVIDIA A100-SXM4-40GB MIG 4g.20gb (0),1,,13,cupy_copy__complex64_complex64
1948717944,2880,50245,103,1,1,128,1,1,16,0.000,0.000,,,,,NVIDIA A100-SXM4-40GB MIG 4g.20gb (0),1,,13,cupy_copy__complex64_complex64
1948740984,86015,50252,1,1,1,32,32,1,30,0.000,0.000,,,,,NVIDIA A100-SXM4-40GB MIG 4g.20gb (0),1,,13,"void convert_kernel<__half2, float2>(tensor_layout_any, T1 *, tensor_layout_any, const T2 *)"
1948860598,23072,50255,,,,,,,,,,0.094,4060.972,Pinned,Device,NVIDIA A100-SXM4-40GB MIG 4g.20gb (0),1,,13,[CUDA memcpy Host-to-Device]
1948896694,46751,50256,,,,,,,,,,35.810,765938.379,Device,,NVIDIA A100-SXM4-40GB MIG 4g.20gb (0),1,,13,[CUDA memset]
1948945941,14624,50258,,,,,,,,,,0.000,5.470,Pinned,Device,NVIDIA A100-SXM4-40GB MIG 4g.20gb (0),1,,13,[CUDA memcpy Host-to-Device]
1948969493,19712,50259,,,,,,,,,,0.197,9973.924,Pinned,Device,NVIDIA A100-SXM4-40GB MIG 4g.20gb (0),1,,13,[CUDA memcpy Host-to-Device]
1949012532,9760,50260,273,1,1,48,1,1,40,0.000,0.001,,,,,NVIDIA A100-SXM4-40GB MIG 4g.20gb (0),1,,13,"void pusch_noise_intf_est::noiseIntfEstNoDftSOfdmKernel<float, __half, float, float, (unsigned int)2, (unsigned int)1, (unsigned char)4, (unsigned char)4>(pusch_noise_intf_est::puschRxNoiseIntfEstDynDescr)"
1949039028,2784,50271,35,1,1,128,1,1,16,0.000,0.000,,,,,NVIDIA A100-SXM4-40GB MIG 4g.20gb (0),1,,13,cupy_copy__complex64_complex64
1949055668,1760,50280,1,1,1,1,1,1,18,0.000,0.000,,,,,NVIDIA A100-SXM4-40GB MIG 4g.20gb (0),1,,13,cupy_copy__float32_float32
1949065332,6752,50286,,,,,,,,,,0.000,0.592,Device,Pageable,NVIDIA A100-SXM4-40GB MIG 4g.20gb (0),1,,7,[CUDA memcpy Device-to-Host]
1949143059,12768,50297,1434,1,1,128,1,1,16,0.000,0.000,,,,,NVIDIA A100-SXM4-40GB MIG 4g.20gb (0),1,,13,cupy_copy__complex64_complex64
1949173874,3584,50304,103,1,1,128,1,1,16,0.000,0.000,,,,,NVIDIA A100-SXM4-40GB MIG 4g.20gb (0),1,,13,cupy_copy__complex64_complex64
1949187218,2592,50311,35,1,1,128,1,1,16,0.000,0.000,,,,,NVIDIA A100-SXM4-40GB MIG 4g.20gb (0),1,,13,cupy_copy__complex64_complex64
1949208210,2048,50318,1,1,1,1,1,1,18,0.000,0.000,,,,,NVIDIA A100-SXM4-40GB MIG 4g.20gb (0),1,,13,cupy_copy__float32_float32
1949337744,81439,50329,1,1,1,32,32,1,30,0.000,0.000,,,,,NVIDIA A100-SXM4-40GB MIG 4g.20gb (0),1,,13,"void convert_kernel<__half2, float2>(tensor_layout_any, T1 *, tensor_layout_any, const T2 *)"
1949446863,5664,50332,,,,,,,,,,0.094,16542.310,Pinned,Device,NVIDIA A100-SXM4-40GB MIG 4g.20gb (0),1,,13,[CUDA memcpy Host-to-Device]
1949463247,3424,50333,,,,,,,,,,1.547,451700.819,Device,,NVIDIA A100-SXM4-40GB MIG 4g.20gb (0),1,,13,[CUDA memset]
1949468431,3072,50338,,,,,,,,,,0.031,10187.474,Pinned,Device,NVIDIA A100-SXM4-40GB MIG 4g.20gb (0),1,,13,[CUDA memcpy Host-to-Device]
1949473903,9663,50339,,,,,,,,,,0.197,20346.372,Pinned,Device,NVIDIA A100-SXM4-40GB MIG 4g.20gb (0),1,,13,[CUDA memcpy Host-to-Device]
1949489070,8128,50340,273,1,1,8,4,1,39,0.002,0.000,,,,,NVIDIA A100-SXM4-40GB MIG 4g.20gb (0),1,,13,"void channel_eq::eqMmseCoefCompLowMimoKernel<float, float, float, (unsigned int)4, (unsigned int)1, (unsigned int)4>(const channel_eq::_puschRxChEqStatDescr *, channel_eq::_puschRxChEqCoefCompDynDescr)"
1949500334,6144,50341,273,1,1,12,11,1,51,0.002,0.000,,,,,NVIDIA A100-SXM4-40GB MIG 4g.20gb (0),1,,13,"void channel_eq::eqMmseSoftDemapKernel<float, __half, __half, float, (unsigned int)4, (unsigned short)16383>(channel_eq::_puschRxChEqStatDescr *, channel_eq::_puschRxChEqSoftDemapDynDescr)"
1949507406,281949,50342,1,1,1,32,32,1,30,0.000,0.000,,,,,NVIDIA A100-SXM4-40GB MIG 4g.20gb (0),1,,13,"void convert_kernel<float2, __half2>(tensor_layout_any, T1 *, tensor_layout_any, const T2 *)"
1949792363,11039,50354,2253,1,1,128,1,1,16,0.000,0.000,,,,,NVIDIA A100-SXM4-40GB MIG 4g.20gb (0),1,,13,cupy_copy__float16_float16
1949805578,3232,50363,282,1,1,128,1,1,16,0.000,0.000,,,,,NVIDIA A100-SXM4-40GB MIG 4g.20gb (0),1,,13,cupy_copy__complex64_complex64
1949812234,2080,50372,26,1,1,128,1,1,16,0.000,0.000,,,,,NVIDIA A100-SXM4-40GB MIG 4g.20gb (0),1,,13,cupy_copy__float32_float32
1949817002,3200,50381,103,1,1,128,1,1,16,0.000,0.000,,,,,NVIDIA A100-SXM4-40GB MIG 4g.20gb (0),1,,13,cupy_copy__complex64_complex64
1949824138,12032,50391,1434,1,1,128,1,1,16,0.000,0.000,,,,,NVIDIA A100-SXM4-40GB MIG 4g.20gb (0),1,,13,cupy_copy__complex64_complex64
1949841130,82911,50396,1,1,1,32,32,1,30,0.000,0.000,,,,,NVIDIA A100-SXM4-40GB MIG 4g.20gb (0),1,,13,"void convert_kernel<__half2, float2>(tensor_layout_any, T1 *, tensor_layout_any, const T2 *)"
1949950889,5568,50399,,,,,,,,,,0.094,16827.521,Pinned,Device,NVIDIA A100-SXM4-40GB MIG 4g.20gb (0),1,,13,[CUDA memcpy Host-to-Device]
1949960809,598616,50400,,,,,,,,,,456.561,762457.605,Device,,NVIDIA A100-SXM4-40GB MIG 4g.20gb (0),1,,13,[CUDA memset]
1950562113,140382,50405,,,,,,,,,,1.235,8796.506,Pinned,Device,NVIDIA A100-SXM4-40GB MIG 4g.20gb (0),1,,13,[CUDA memcpy Host-to-Device]
1950718239,40032,50406,,,,,,,,,,0.197,4911.268,Pinned,Device,NVIDIA A100-SXM4-40GB MIG 4g.20gb (0),1,,13,[CUDA memcpy Host-to-Device]
1950779998,8256,50407,69,4,1,48,1,1,76,0.002,0.000,,,,,NVIDIA A100-SXM4-40GB MIG 4g.20gb (0),1,,13,"void ch_est::windowedChEstPreNoDftSOfdmKernel<float, __half, float, (unsigned int)2, (unsigned int)1, (unsigned short)4>(ch_est::puschRxChEstStatDescr_t *, ch_est::puschRxChEstDynDescr_t *)"
1950796862,6432,50408,137,2,1,24,2,1,44,0.001,0.001,,,,,NVIDIA A100-SXM4-40GB MIG 4g.20gb (0),1,,13,"void ch_est::chEstFilterNoDftSOfdmDispatchKernel<float, __half, float, (unsigned int)2>(ch_est::puschRxChEstStatDescr_t *, ch_est::puschRxChEstDynDescr_t *)"
1950820798,4704,50409,137,2,1,24,2,1,44,0.001,0.001,,,,,NVIDIA A100-SXM4-40GB MIG 4g.20gb (0),1,,13,"void ch_est::chEstFilterNoDftSOfdmDispatchKernel<float, __half, float, (unsigned int)2>(ch_est::puschRxChEstStatDescr_t *, ch_est::puschRxChEstDynDescr_t *)"
1950840350,2688,50420,103,1,1,128,1,1,16,0.000,0.000,,,,,NVIDIA A100-SXM4-40GB MIG 4g.20gb (0),1,,13,cupy_copy__complex64_complex64
1950858525,12768,50430,1434,1,1,128,1,1,16,0.000,0.000,,,,,NVIDIA A100-SXM4-40GB MIG 4g.20gb (0),1,,13,cupy_copy__complex64_complex64
1950881213,2560,50437,103,1,1,128,1,1,16,0.000,0.000,,,,,NVIDIA A100-SXM4-40GB MIG 4g.20gb (0),1,,13,cupy_copy__complex64_complex64
1950903485,94399,50444,1,1,1,32,32,1,30,0.000,0.000,,,,,NVIDIA A100-SXM4-40GB MIG 4g.20gb (0),1,,13,"void convert_kernel<__half2, float2>(tensor_layout_any, T1 *, tensor_layout_any, const T2 *)"
1951032603,15872,50447,,,,,,,,,,0.094,5903.223,Pinned,Device,NVIDIA A100-SXM4-40GB MIG 4g.20gb (0),1,,13,[CUDA memcpy Host-to-Device]
1951073115,46975,50448,,,,,,,,,,35.810,762285.767,Device,,NVIDIA A100-SXM4-40GB MIG 4g.20gb (0),1,,13,[CUDA memset]
1951125594,10176,50450,,,,,,,,,,0.000,7.862,Pinned,Device,NVIDIA A100-SXM4-40GB MIG 4g.20gb (0),1,,13,[CUDA memcpy Host-to-Device]
1951145434,25856,50451,,,,,,,,,,0.197,7603.814,Pinned,Device,NVIDIA A100-SXM4-40GB MIG 4g.20gb (0),1,,13,[CUDA memcpy Host-to-Device]
1951194169,9760,50452,273,1,1,48,1,1,40,0.000,0.001,,,,,NVIDIA A100-SXM4-40GB MIG 4g.20gb (0),1,,13,"void pusch_noise_intf_est::noiseIntfEstNoDftSOfdmKernel<float, __half, float, float, (unsigned int)2, (unsigned int)1, (unsigned char)4, (unsigned char)4>(pusch_noise_intf_est::puschRxNoiseIntfEstDynDescr)"
1951212153,2976,50463,35,1,1,128,1,1,16,0.000,0.000,,,,,NVIDIA A100-SXM4-40GB MIG 4g.20gb (0),1,,13,cupy_copy__complex64_complex64
1951231705,1696,50472,1,1,1,1,1,1,18,0.000,0.000,,,,,NVIDIA A100-SXM4-40GB MIG 4g.20gb (0),1,,13,cupy_copy__float32_float32
1951235161,7776,50478,,,,,,,,,,0.000,0.514,Device,Pageable,NVIDIA A100-SXM4-40GB MIG 4g.20gb (0),1,,7,[CUDA memcpy Device-to-Host]
1951325336,12735,50489,1434,1,1,128,1,1,16,0.000,0.000,,,,,NVIDIA A100-SXM4-40GB MIG 4g.20gb (0),1,,13,cupy_copy__complex64_complex64
1951348215,3392,50496,103,1,1,128,1,1,16,0.000,0.000,,,,,NVIDIA A100-SXM4-40GB MIG 4g.20gb (0),1,,13,cupy_copy__complex64_complex64
1951370679,2528,50503,35,1,1,128,1,1,16,0.000,0.000,,,,,NVIDIA A100-SXM4-40GB MIG 4g.20gb (0),1,,13,cupy_copy__complex64_complex64
1951390647,1792,50510,1,1,1,1,1,1,18,0.000,0.000,,,,,NVIDIA A100-SXM4-40GB MIG 4g.20gb (0),1,,13,cupy_copy__float32_float32
1951529109,90751,50521,1,1,1,32,32,1,30,0.000,0.000,,,,,NVIDIA A100-SXM4-40GB MIG 4g.20gb (0),1,,13,"void convert_kernel<__half2, float2>(tensor_layout_any, T1 *, tensor_layout_any, const T2 *)"
1951648468,6080,50524,,,,,,,,,,0.094,15410.462,Pinned,Device,NVIDIA A100-SXM4-40GB MIG 4g.20gb (0),1,,13,[CUDA memcpy Host-to-Device]
1951662899,3488,50525,,,,,,,,,,1.547,443412.461,Device,,NVIDIA A100-SXM4-40GB MIG 4g.20gb (0),1,,13,[CUDA memset]
1951669523,3232,50530,,,,,,,,,,0.031,9683.139,Pinned,Device,NVIDIA A100-SXM4-40GB MIG 4g.20gb (0),1,,13,[CUDA memcpy Host-to-Device]
1951675443,10176,50531,,,,,,,,,,0.197,19320.668,Pinned,Device,NVIDIA A100-SXM4-40GB MIG 4g.20gb (0),1,,13,[CUDA memcpy Host-to-Device]
1951690163,8160,50532,273,1,1,8,4,1,39,0.002,0.000,,,,,NVIDIA A100-SXM4-40GB MIG 4g.20gb (0),1,,13,"void channel_eq::eqMmseCoefCompLowMimoKernel<float, float, float, (unsigned int)4, (unsigned int)1, (unsigned int)4>(const channel_eq::_puschRxChEqStatDescr *, channel_eq::_puschRxChEqCoefCompDynDescr)"
1951701267,6016,50533,273,1,1,12,11,1,51,0.002,0.000,,,,,NVIDIA A100-SXM4-40GB MIG 4g.20gb (0),1,,13,"void channel_eq::eqMmseSoftDemapKernel<float, __half, __half, float, (unsigned int)4, (unsigned short)16383>(channel_eq::_puschRxChEqStatDescr *, channel_eq::_puschRxChEqSoftDemapDynDescr)"
1951708819,294940,50534,1,1,1,32,32,1,30,0.000,0.000,,,,,NVIDIA A100-SXM4-40GB MIG 4g.20gb (0),1,,13,"void convert_kernel<float2, __half2>(tensor_layout_any, T1 *, tensor_layout_any, const T2 *)"
1952007311,11104,50546,2253,1,1,128,1,1,16,0.000,0.000,,,,,NVIDIA A100-SXM4-40GB MIG 4g.20gb (0),1,,13,cupy_copy__float16_float16
1952019631,3008,50555,282,1,1,128,1,1,16,0.000,0.000,,,,,NVIDIA A100-SXM4-40GB MIG 4g.20gb (0),1,,13,cupy_copy__complex64_complex64
1952025231,2112,50564,26,1,1,128,1,1,16,0.000,0.000,,,,,NVIDIA A100-SXM4-40GB MIG 4g.20gb (0),1,,13,cupy_copy__float32_float32
1952031599,3392,50573,103,1,1,128,1,1,16,0.000,0.000,,,,,NVIDIA A100-SXM4-40GB MIG 4g.20gb (0),1,,13,cupy_copy__complex64_complex64
1952038927,12096,50583,1434,1,1,128,1,1,16,0.000,0.000,,,,,NVIDIA A100-SXM4-40GB MIG 4g.20gb (0),1,,13,cupy_copy__complex64_complex64
1952054543,81695,50588,1,1,1,32,32,1,30,0.000,0.000,,,,,NVIDIA A100-SXM4-40GB MIG 4g.20gb (0),1,,13,"void convert_kernel<__half2, float2>(tensor_layout_any, T1 *, tensor_layout_any, const T2 *)"
1952163213,5504,50591,,,,,,,,,,0.094,17023.251,Pinned,Device,NVIDIA A100-SXM4-40GB MIG 4g.20gb (0),1,,13,[CUDA memcpy Host-to-Device]
1952173293,600537,50592,,,,,,,,,,456.561,760174.798,Device,,NVIDIA A100-SXM4-40GB MIG 4g.20gb (0),1,,13,[CUDA memset]
1952780678,159230,50597,,,,,,,,,,1.235,7755.448,Pinned,Device,NVIDIA A100-SXM4-40GB MIG 4g.20gb (0),1,,13,[CUDA memcpy Host-to-Device]
1952952067,30432,50598,,,,,,,,,,0.197,6460.539,Pinned,Device,NVIDIA A100-SXM4-40GB MIG 4g.20gb (0),1,,13,[CUDA memcpy Host-to-Device]
1952998211,8352,50599,69,4,1,48,1,1,76,0.002,0.000,,,,,NVIDIA A100-SXM4-40GB MIG 4g.20gb (0),1,,13,"void ch_est::windowedChEstPreNoDftSOfdmKernel<float, __half, float, (unsigned int)2, (unsigned int)1, (unsigned short)4>(ch_est::puschRxChEstStatDescr_t *, ch_est::puschRxChEstDynDescr_t *)"
1953011683,7136,50600,137,2,1,24,2,1,44,0.001,0.001,,,,,NVIDIA A100-SXM4-40GB MIG 4g.20gb (0),1,,13,"void ch_est::chEstFilterNoDftSOfdmDispatchKernel<float, __half, float, (unsigned int)2>(ch_est::puschRxChEstStatDescr_t *, ch_est::puschRxChEstDynDescr_t *)"
1953023811,5408,50601,137,2,1,24,2,1,44,0.001,0.001,,,,,NVIDIA A100-SXM4-40GB MIG 4g.20gb (0),1,,13,"void ch_est::chEstFilterNoDftSOfdmDispatchKernel<float, __half, float, (unsigned int)2>(ch_est::puschRxChEstStatDescr_t *, ch_est::puschRxChEstDynDescr_t *)"
1953032866,2592,50612,103,1,1,128,1,1,16,0.000,0.000,,,,,NVIDIA A100-SXM4-40GB MIG 4g.20gb (0),1,,13,cupy_copy__complex64_complex64
1953037090,12384,50622,1434,1,1,128,1,1,16,0.000,0.000,,,,,NVIDIA A100-SXM4-40GB MIG 4g.20gb (0),1,,13,cupy_copy__complex64_complex64
1953052578,3104,50629,103,1,1,128,1,1,16,0.000,0.000,,,,,NVIDIA A100-SXM4-40GB MIG 4g.20gb (0),1,,13,cupy_copy__complex64_complex64
1953057474,82303,50636,1,1,1,32,32,1,30,0.000,0.000,,,,,NVIDIA A100-SXM4-40GB MIG 4g.20gb (0),1,,13,"void convert_kernel<__half2, float2>(tensor_layout_any, T1 *, tensor_layout_any, const T2 *)"
1953166817,5536,50639,,,,,,,,,,0.094,16924.777,Pinned,Device,NVIDIA A100-SXM4-40GB MIG 4g.20gb (0),1,,13,[CUDA memcpy Host-to-Device]
1953179873,47263,50640,,,,,,,,,,35.810,757666.287,Device,,NVIDIA A100-SXM4-40GB MIG 4g.20gb (0),1,,13,[CUDA memset]
1953233984,2688,50642,,,,,,,,,,0.000,29.762,Pinned,Device,NVIDIA A100-SXM4-40GB MIG 4g.20gb (0),1,,13,[CUDA memcpy Host-to-Device]
1953240128,11776,50643,,,,,,,,,,0.197,16695.558,Pinned,Device,NVIDIA A100-SXM4-40GB MIG 4g.20gb (0),1,,13,[CUDA memcpy Host-to-Device]
1953260224,12576,50644,273,1,1,48,1,1,40,0.000,0.001,,,,,NVIDIA A100-SXM4-40GB MIG 4g.20gb (0),1,,13,"void pusch_noise_intf_est::noiseIntfEstNoDftSOfdmKernel<float, __half, float, float, (unsigned int)2, (unsigned int)1, (unsigned char)4, (unsigned char)4>(pusch_noise_intf_est::puschRxNoiseIntfEstDynDescr)"
1953278943,3104,50655,35,1,1,128,1,1,16,0.000,0.000,,,,,NVIDIA A100-SXM4-40GB MIG 4g.20gb (0),1,,13,cupy_copy__complex64_complex64
1953289759,1760,50664,1,1,1,1,1,1,18,0.000,0.000,,,,,NVIDIA A100-SXM4-40GB MIG 4g.20gb (0),1,,13,cupy_copy__float32_float32
1953321887,1600,50670,,,,,,,,,,0.000,2.500,Device,Pageable,NVIDIA A100-SXM4-40GB MIG 4g.20gb (0),1,,7,[CUDA memcpy Device-to-Host]
1953381310,13152,50681,1434,1,1,128,1,1,16,0.000,0.000,,,,,NVIDIA A100-SXM4-40GB MIG 4g.20gb (0),1,,13,cupy_copy__complex64_complex64
1953407134,2816,50688,103,1,1,128,1,1,16,0.000,0.000,,,,,NVIDIA A100-SXM4-40GB MIG 4g.20gb (0),1,,13,cupy_copy__complex64_complex64
1953429886,2176,50695,35,1,1,128,1,1,16,0.000,0.000,,,,,NVIDIA A100-SXM4-40GB MIG 4g.20gb (0),1,,13,cupy_copy__complex64_complex64
1953447101,1728,50702,1,1,1,1,1,1,18,0.000,0.000,,,,,NVIDIA A100-SXM4-40GB MIG 4g.20gb (0),1,,13,cupy_copy__float32_float32
1953579196,82527,50713,1,1,1,32,32,1,30,0.000,0.000,,,,,NVIDIA A100-SXM4-40GB MIG 4g.20gb (0),1,,13,"void convert_kernel<__half2, float2>(tensor_layout_any, T1 *, tensor_layout_any, const T2 *)"
1953689754,5696,50716,,,,,,,,,,0.094,16449.363,Pinned,Device,NVIDIA A100-SXM4-40GB MIG 4g.20gb (0),1,,13,[CUDA memcpy Host-to-Device]
1953704762,3488,50717,,,,,,,,,,1.547,443412.461,Device,,NVIDIA A100-SXM4-40GB MIG 4g.20gb (0),1,,13,[CUDA memset]
1953710522,3296,50722,,,,,,,,,,0.031,9495.144,Pinned,Device,NVIDIA A100-SXM4-40GB MIG 4g.20gb (0),1,,13,[CUDA memcpy Host-to-Device]
1953716410,9952,50723,,,,,,,,,,0.197,19755.565,Pinned,Device,NVIDIA A100-SXM4-40GB MIG 4g.20gb (0),1,,13,[CUDA memcpy Host-to-Device]
1953731034,6464,50724,273,1,1,8,4,1,39,0.002,0.000,,,,,NVIDIA A100-SXM4-40GB MIG 4g.20gb (0),1,,13,"void channel_eq::eqMmseCoefCompLowMimoKernel<float, float, float, (unsigned int)4, (unsigned int)1, (unsigned int)4>(const channel_eq::_puschRxChEqStatDescr *, channel_eq::_puschRxChEqCoefCompDynDescr)"
1953739386,6240,50725,273,1,1,12,11,1,51,0.002,0.000,,,,,NVIDIA A100-SXM4-40GB MIG 4g.20gb (0),1,,13,"void channel_eq::eqMmseSoftDemapKernel<float, __half, __half, float, (unsigned int)4, (unsigned short)16383>(channel_eq::_puschRxChEqStatDescr *, channel_eq::_puschRxChEqSoftDemapDynDescr)"
1953746682,282876,50726,1,1,1,32,32,1,30,0.000,0.000,,,,,NVIDIA A100-SXM4-40GB MIG 4g.20gb (0),1,,13,"void convert_kernel<float2, __half2>(tensor_layout_any, T1 *, tensor_layout_any, const T2 *)"
1954030518,10944,50738,2253,1,1,128,1,1,16,0.000,0.000,,,,,NVIDIA A100-SXM4-40GB MIG 4g.20gb (0),1,,13,cupy_copy__float16_float16
1954044630,3456,50747,282,1,1,128,1,1,16,0.000,0.000,,,,,NVIDIA A100-SXM4-40GB MIG 4g.20gb (0),1,,13,cupy_copy__complex64_complex64
1954052438,2112,50756,26,1,1,128,1,1,16,0.000,0.000,,,,,NVIDIA A100-SXM4-40GB MIG 4g.20gb (0),1,,13,cupy_copy__float32_float32
1954056822,4864,50765,103,1,1,128,1,1,16,0.000,0.000,,,,,NVIDIA A100-SXM4-40GB MIG 4g.20gb (0),1,,13,cupy_copy__complex64_complex64
1954064214,12096,50775,1434,1,1,128,1,1,16,0.000,0.000,,,,,NVIDIA A100-SXM4-40GB MIG 4g.20gb (0),1,,13,cupy_copy__complex64_complex64
1954081685,82559,50780,1,1,1,32,32,1,30,0.000,0.000,,,,,NVIDIA A100-SXM4-40GB MIG 4g.20gb (0),1,,13,"void convert_kernel<__half2, float2>(tensor_layout_any, T1 *, tensor_layout_any, const T2 *)"
1954191284,5344,50783,,,,,,,,,,0.094,17532.864,Pinned,Device,NVIDIA A100-SXM4-40GB MIG 4g.20gb (0),1,,13,[CUDA memcpy Host-to-Device]
1954202676,597497,50784,,,,,,,,,,456.561,763827.289,Device,,NVIDIA A100-SXM4-40GB MIG 4g.20gb (0),1,,13,[CUDA memset]
1954803437,173469,50789,,,,,,,,,,1.235,7118.217,Pinned,Device,NVIDIA A100-SXM4-40GB MIG 4g.20gb (0),1,,13,[CUDA memcpy Host-to-Device]
1954993418,40352,50790,,,,,,,,,,0.197,4872.143,Pinned,Device,NVIDIA A100-SXM4-40GB MIG 4g.20gb (0),1,,13,[CUDA memcpy Host-to-Device]
1955063017,8352,50791,69,4,1,48,1,1,76,0.002,0.000,,,,,NVIDIA A100-SXM4-40GB MIG 4g.20gb (0),1,,13,"void ch_est::windowedChEstPreNoDftSOfdmKernel<float, __half, float, (unsigned int)2, (unsigned int)1, (unsigned short)4>(ch_est::puschRxChEstStatDescr_t *, ch_est::puschRxChEstDynDescr_t *)"
1955082313,6752,50792,137,2,1,24,2,1,44,0.001,0.001,,,,,NVIDIA A100-SXM4-40GB MIG 4g.20gb (0),1,,13,"void ch_est::chEstFilterNoDftSOfdmDispatchKernel<float, __half, float, (unsigned int)2>(ch_est::puschRxChEstStatDescr_t *, ch_est::puschRxChEstDynDescr_t *)"
1955099081,4672,50793,137,2,1,24,2,1,44,0.001,0.001,,,,,NVIDIA A100-SXM4-40GB MIG 4g.20gb (0),1,,13,"void ch_est::chEstFilterNoDftSOfdmDispatchKernel<float, __half, float, (unsigned int)2>(ch_est::puschRxChEstStatDescr_t *, ch_est::puschRxChEstDynDescr_t *)"
1955116713,2496,50804,103,1,1,128,1,1,16,0.000,0.000,,,,,NVIDIA A100-SXM4-40GB MIG 4g.20gb (0),1,,13,cupy_copy__complex64_complex64
1955134408,12640,50814,1434,1,1,128,1,1,16,0.000,0.000,,,,,NVIDIA A100-SXM4-40GB MIG 4g.20gb (0),1,,13,cupy_copy__complex64_complex64
1955170248,2656,50821,103,1,1,128,1,1,16,0.000,0.000,,,,,NVIDIA A100-SXM4-40GB MIG 4g.20gb (0),1,,13,cupy_copy__complex64_complex64
1955183624,81983,50828,1,1,1,32,32,1,30,0.000,0.000,,,,,NVIDIA A100-SXM4-40GB MIG 4g.20gb (0),1,,13,"void convert_kernel<__half2, float2>(tensor_layout_any, T1 *, tensor_layout_any, const T2 *)"
1955295814,7616,50831,,,,,,,,,,0.094,12302.472,Pinned,Device,NVIDIA A100-SXM4-40GB MIG 4g.20gb (0),1,,13,[CUDA memcpy Host-to-Device]
1955311654,47424,50832,,,,,,,,,,35.810,755087.973,Device,,NVIDIA A100-SXM4-40GB MIG 4g.20gb (0),1,,13,[CUDA memset]
1955363206,3072,50834,,,,,,,,,,0.000,26.042,Pinned,Device,NVIDIA A100-SXM4-40GB MIG 4g.20gb (0),1,,13,[CUDA memcpy Host-to-Device]
1955369414,12447,50835,,,,,,,,,,0.197,15795.487,Pinned,Device,NVIDIA A100-SXM4-40GB MIG 4g.20gb (0),1,,13,[CUDA memcpy Host-to-Device]
1955386405,12928,50836,273,1,1,48,1,1,40,0.000,0.001,,,,,NVIDIA A100-SXM4-40GB MIG 4g.20gb (0),1,,13,"void pusch_noise_intf_est::noiseIntfEstNoDftSOfdmKernel<float, __half, float, float, (unsigned int)2, (unsigned int)1, (unsigned char)4, (unsigned char)4>(pusch_noise_intf_est::puschRxNoiseIntfEstDynDescr)"
1955403429,3232,50847,35,1,1,128,1,1,16,0.000,0.000,,,,,NVIDIA A100-SXM4-40GB MIG 4g.20gb (0),1,,13,cupy_copy__complex64_complex64
1955417797,1856,50856,1,1,1,1,1,1,18,0.000,0.000,,,,,NVIDIA A100-SXM4-40GB MIG 4g.20gb (0),1,,13,cupy_copy__float32_float32
1955451141,1567,50862,,,,,,,,,,0.000,2.553,Device,Pageable,NVIDIA A100-SXM4-40GB MIG 4g.20gb (0),1,,7,[CUDA memcpy Device-to-Host]
1955511716,12672,50873,1434,1,1,128,1,1,16,0.000,0.000,,,,,NVIDIA A100-SXM4-40GB MIG 4g.20gb (0),1,,13,cupy_copy__complex64_complex64
1955540387,3904,50880,103,1,1,128,1,1,16,0.000,0.000,,,,,NVIDIA A100-SXM4-40GB MIG 4g.20gb (0),1,,13,cupy_copy__complex64_complex64
1955559139,2688,50887,35,1,1,128,1,1,16,0.000,0.000,,,,,NVIDIA A100-SXM4-40GB MIG 4g.20gb (0),1,,13,cupy_copy__complex64_complex64
1955577283,1824,50894,1,1,1,1,1,1,18,0.000,0.000,,,,,NVIDIA A100-SXM4-40GB MIG 4g.20gb (0),1,,13,cupy_copy__float32_float32
1955711169,82143,50905,1,1,1,32,32,1,30,0.000,0.000,,,,,NVIDIA A100-SXM4-40GB MIG 4g.20gb (0),1,,13,"void convert_kernel<__half2, float2>(tensor_layout_any, T1 *, tensor_layout_any, const T2 *)"
1955820864,5600,50908,,,,,,,,,,0.094,16731.388,Pinned,Device,NVIDIA A100-SXM4-40GB MIG 4g.20gb (0),1,,13,[CUDA memcpy Host-to-Device]
1955835808,3104,50909,,,,,,,,,,1.547,498266.574,Device,,NVIDIA A100-SXM4-40GB MIG 4g.20gb (0),1,,13,[CUDA memset]
1955842080,3328,50914,,,,,,,,,,0.031,9403.822,Pinned,Device,NVIDIA A100-SXM4-40GB MIG 4g.20gb (0),1,,13,[CUDA memcpy Host-to-Device]
1955848384,9887,50915,,,,,,,,,,0.197,19885.326,Pinned,Device,NVIDIA A100-SXM4-40GB MIG 4g.20gb (0),1,,13,[CUDA memcpy Host-to-Device]
1955862495,6496,50916,273,1,1,8,4,1,39,0.002,0.000,,,,,NVIDIA A100-SXM4-40GB MIG 4g.20gb (0),1,,13,"void channel_eq::eqMmseCoefCompLowMimoKernel<float, float, float, (unsigned int)4, (unsigned int)1, (unsigned int)4>(const channel_eq::_puschRxChEqStatDescr *, channel_eq::_puschRxChEqCoefCompDynDescr)"
1955871519,6656,50917,273,1,1,12,11,1,51,0.002,0.000,,,,,NVIDIA A100-SXM4-40GB MIG 4g.20gb (0),1,,13,"void channel_eq::eqMmseSoftDemapKernel<float, __half, __half, float, (unsigned int)4, (unsigned short)16383>(channel_eq::_puschRxChEqStatDescr *, channel_eq::_puschRxChEqSoftDemapDynDescr)"
1955879647,282589,50918,1,1,1,32,32,1,30,0.000,0.000,,,,,NVIDIA A100-SXM4-40GB MIG 4g.20gb (0),1,,13,"void convert_kernel<float2, __half2>(tensor_layout_any, T1 *, tensor_layout_any, const T2 *)"
1956164348,10944,50930,2253,1,1,128,1,1,16,0.000,0.000,,,,,NVIDIA A100-SXM4-40GB MIG 4g.20gb (0),1,,13,cupy_copy__float16_float16
1956178715,3584,50939,282,1,1,128,1,1,16,0.000,0.000,,,,,NVIDIA A100-SXM4-40GB MIG 4g.20gb (0),1,,13,cupy_copy__complex64_complex64
1956185851,2112,50948,26,1,1,128,1,1,16,0.000,0.000,,,,,NVIDIA A100-SXM4-40GB MIG 4g.20gb (0),1,,13,cupy_copy__float32_float32
1956189915,4608,50957,103,1,1,128,1,1,16,0.000,0.000,,,,,NVIDIA A100-SXM4-40GB MIG 4g.20gb (0),1,,13,cupy_copy__complex64_complex64
1956197115,12000,50967,1434,1,1,128,1,1,16,0.000,0.000,,,,,NVIDIA A100-SXM4-40GB MIG 4g.20gb (0),1,,13,cupy_copy__complex64_complex64
1956216059,87071,50972,1,1,1,32,32,1,30,0.000,0.000,,,,,NVIDIA A100-SXM4-40GB MIG 4g.20gb (0),1,,13,"void convert_kernel<__half2, float2>(tensor_layout_any, T1 *, tensor_layout_any, const T2 *)"
1956330522,5472,50975,,,,,,,,,,0.094,17122.757,Pinned,Device,NVIDIA A100-SXM4-40GB MIG 4g.20gb (0),1,,13,[CUDA memcpy Host-to-Device]
1956340889,597657,50976,,,,,,,,,,456.561,763827.289,Device,,NVIDIA A100-SXM4-40GB MIG 4g.20gb (0),1,,13,[CUDA memset]
1956944210,157310,50981,,,,,,,,,,1.235,7849.304,Pinned,Device,NVIDIA A100-SXM4-40GB MIG 4g.20gb (0),1,,13,[CUDA memcpy Host-to-Device]
1957114768,40159,50982,,,,,,,,,,0.197,4895.736,Pinned,Device,NVIDIA A100-SXM4-40GB MIG 4g.20gb (0),1,,13,[CUDA memcpy Host-to-Device]
1957184783,8320,50983,69,4,1,48,1,1,76,0.002,0.000,,,,,NVIDIA A100-SXM4-40GB MIG 4g.20gb (0),1,,13,"void ch_est::windowedChEstPreNoDftSOfdmKernel<float, __half, float, (unsigned int)2, (unsigned int)1, (unsigned short)4>(ch_est::puschRxChEstStatDescr_t *, ch_est::puschRxChEstDynDescr_t *)"
1957202383,6624,50984,137,2,1,24,2,1,44,0.001,0.001,,,,,NVIDIA A100-SXM4-40GB MIG 4g.20gb (0),1,,13,"void ch_est::chEstFilterNoDftSOfdmDispatchKernel<float, __half, float, (unsigned int)2>(ch_est::puschRxChEstStatDescr_t *, ch_est::puschRxChEstDynDescr_t *)"
1957219887,4736,50985,137,2,1,24,2,1,44,0.001,0.001,,,,,NVIDIA A100-SXM4-40GB MIG 4g.20gb (0),1,,13,"void ch_est::chEstFilterNoDftSOfdmDispatchKernel<float, __half, float, (unsigned int)2>(ch_est::puschRxChEstStatDescr_t *, ch_est::puschRxChEstDynDescr_t *)"
1957235630,2688,50996,103,1,1,128,1,1,16,0.000,0.000,,,,,NVIDIA A100-SXM4-40GB MIG 4g.20gb (0),1,,13,cupy_copy__complex64_complex64
1957252654,12416,51006,1434,1,1,128,1,1,16,0.000,0.000,,,,,NVIDIA A100-SXM4-40GB MIG 4g.20gb (0),1,,13,cupy_copy__complex64_complex64
1957273070,2880,51013,103,1,1,128,1,1,16,0.000,0.000,,,,,NVIDIA A100-SXM4-40GB MIG 4g.20gb (0),1,,13,cupy_copy__complex64_complex64
1957297486,94590,51020,1,1,1,32,32,1,30,0.000,0.000,,,,,NVIDIA A100-SXM4-40GB MIG 4g.20gb (0),1,,13,"void convert_kernel<__half2, float2>(tensor_layout_any, T1 *, tensor_layout_any, const T2 *)"
1957428588,20640,51023,,,,,,,,,,0.094,4539.478,Pinned,Device,NVIDIA A100-SXM4-40GB MIG 4g.20gb (0),1,,13,[CUDA memcpy Host-to-Device]
1957462796,47263,51024,,,,,,,,,,35.810,757666.287,Device,,NVIDIA A100-SXM4-40GB MIG 4g.20gb (0),1,,13,[CUDA memset]
1957511275,9728,51026,,,,,,,,,,0.000,8.224,Pinned,Device,NVIDIA A100-SXM4-40GB MIG 4g.20gb (0),1,,13,[CUDA memcpy Host-to-Device]
1957529259,17056,51027,,,,,,,,,,0.197,11527.127,Pinned,Device,NVIDIA A100-SXM4-40GB MIG 4g.20gb (0),1,,13,[CUDA memcpy Host-to-Device]
1957556330,10240,51028,273,1,1,48,1,1,40,0.000,0.001,,,,,NVIDIA A100-SXM4-40GB MIG 4g.20gb (0),1,,13,"void pusch_noise_intf_est::noiseIntfEstNoDftSOfdmKernel<float, __half, float, float, (unsigned int)2, (unsigned int)1, (unsigned char)4, (unsigned char)4>(pusch_noise_intf_est::puschRxNoiseIntfEstDynDescr)"
1957573258,3328,51039,35,1,1,128,1,1,16,0.000,0.000,,,,,NVIDIA A100-SXM4-40GB MIG 4g.20gb (0),1,,13,cupy_copy__complex64_complex64
1957580938,2048,51048,1,1,1,1,1,1,18,0.000,0.000,,,,,NVIDIA A100-SXM4-40GB MIG 4g.20gb (0),1,,13,cupy_copy__float32_float32
1957591050,2304,51054,,,,,,,,,,0.000,1.736,Device,Pageable,NVIDIA A100-SXM4-40GB MIG 4g.20gb (0),1,,7,[CUDA memcpy Device-to-Host]
1957664297,12896,51065,1434,1,1,128,1,1,16,0.000,0.000,,,,,NVIDIA A100-SXM4-40GB MIG 4g.20gb (0),1,,13,cupy_copy__complex64_complex64
1957694665,2880,51072,103,1,1,128,1,1,16,0.000,0.000,,,,,NVIDIA A100-SXM4-40GB MIG 4g.20gb (0),1,,13,cupy_copy__complex64_complex64
1957710889,2431,51079,35,1,1,128,1,1,16,0.000,0.000,,,,,NVIDIA A100-SXM4-40GB MIG 4g.20gb (0),1,,13,cupy_copy__complex64_complex64
1957727816,1920,51086,1,1,1,1,1,1,18,0.000,0.000,,,,,NVIDIA A100-SXM4-40GB MIG 4g.20gb (0),1,,13,cupy_copy__float32_float32
1957855367,87615,51097,1,1,1,32,32,1,30,0.000,0.000,,,,,NVIDIA A100-SXM4-40GB MIG 4g.20gb (0),1,,13,"void convert_kernel<__half2, float2>(tensor_layout_any, T1 *, tensor_layout_any, const T2 *)"
1957970821,6048,51100,,,,,,,,,,0.094,15491.978,Pinned,Device,NVIDIA A100-SXM4-40GB MIG 4g.20gb (0),1,,13,[CUDA memcpy Host-to-Device]
1957986373,3360,51101,,,,,,,,,,1.547,460304.688,Device,,NVIDIA A100-SXM4-40GB MIG 4g.20gb (0),1,,13,[CUDA memset]
1957993445,3168,51106,,,,,,,,,,0.031,9878.770,Pinned,Device,NVIDIA A100-SXM4-40GB MIG 4g.20gb (0),1,,13,[CUDA memcpy Host-to-Device]
1957999301,9440,51107,,,,,,,,,,0.197,20827.079,Pinned,Device,NVIDIA A100-SXM4-40GB MIG 4g.20gb (0),1,,13,[CUDA memcpy Host-to-Device]
1958012773,6464,51108,273,1,1,8,4,1,39,0.002,0.000,,,,,NVIDIA A100-SXM4-40GB MIG 4g.20gb (0),1,,13,"void channel_eq::eqMmseCoefCompLowMimoKernel<float, float, float, (unsigned int)4, (unsigned int)1, (unsigned int)4>(const channel_eq::_puschRxChEqStatDescr *, channel_eq::_puschRxChEqCoefCompDynDescr)"
1958020389,6400,51109,273,1,1,12,11,1,51,0.002,0.000,,,,,NVIDIA A100-SXM4-40GB MIG 4g.20gb (0),1,,13,"void channel_eq::eqMmseSoftDemapKernel<float, __half, __half, float, (unsigned int)4, (unsigned short)16383>(channel_eq::_puschRxChEqStatDescr *, channel_eq::_puschRxChEqSoftDemapDynDescr)"
1958027813,281692,51110,1,1,1,32,32,1,30,0.000,0.000,,,,,NVIDIA A100-SXM4-40GB MIG 4g.20gb (0),1,,13,"void convert_kernel<float2, __half2>(tensor_layout_any, T1 *, tensor_layout_any, const T2 *)"
1958312513,10848,51122,2253,1,1,128,1,1,16,0.000,0.000,,,,,NVIDIA A100-SXM4-40GB MIG 4g.20gb (0),1,,13,cupy_copy__float16_float16
1958326881,3808,51131,282,1,1,128,1,1,16,0.000,0.000,,,,,NVIDIA A100-SXM4-40GB MIG 4g.20gb (0),1,,13,cupy_copy__complex64_complex64
1958331809,2048,51140,26,1,1,128,1,1,16,0.000,0.000,,,,,NVIDIA A100-SXM4-40GB MIG 4g.20gb (0),1,,13,cupy_copy__float32_float32
1958335009,4608,51149,103,1,1,128,1,1,16,0.000,0.000,,,,,NVIDIA A100-SXM4-40GB MIG 4g.20gb (0),1,,13,cupy_copy__complex64_complex64
1958343265,12224,51159,1434,1,1,128,1,1,16,0.000,0.000,,,,,NVIDIA A100-SXM4-40GB MIG 4g.20gb (0),1,,13,cupy_copy__complex64_complex64
1958362592,82431,51164,1,1,1,32,32,1,30,0.000,0.000,,,,,NVIDIA A100-SXM4-40GB MIG 4g.20gb (0),1,,13,"void convert_kernel<__half2, float2>(tensor_layout_any, T1 *, tensor_layout_any, const T2 *)"
1958471871,5696,51167,,,,,,,,,,0.094,16449.363,Pinned,Device,NVIDIA A100-SXM4-40GB MIG 4g.20gb (0),1,,13,[CUDA memcpy Host-to-Device]
1958481663,597945,51168,,,,,,,,,,456.561,763370.728,Device,,NVIDIA A100-SXM4-40GB MIG 4g.20gb (0),1,,13,[CUDA memset]
1959083928,136382,51173,,,,,,,,,,1.235,9054.609,Pinned,Device,NVIDIA A100-SXM4-40GB MIG 4g.20gb (0),1,,13,[CUDA memcpy Host-to-Device]
1959229526,33727,51174,,,,,,,,,,0.197,5829.231,Pinned,Device,NVIDIA A100-SXM4-40GB MIG 4g.20gb (0),1,,13,[CUDA memcpy Host-to-Device]
1959282421,8256,51175,69,4,1,48,1,1,76,0.002,0.000,,,,,NVIDIA A100-SXM4-40GB MIG 4g.20gb (0),1,,13,"void ch_est::windowedChEstPreNoDftSOfdmKernel<float, __half, float, (unsigned int)2, (unsigned int)1, (unsigned short)4>(ch_est::puschRxChEstStatDescr_t *, ch_est::puschRxChEstDynDescr_t *)"
1959298165,6752,51176,137,2,1,24,2,1,44,0.001,0.001,,,,,NVIDIA A100-SXM4-40GB MIG 4g.20gb (0),1,,13,"void ch_est::chEstFilterNoDftSOfdmDispatchKernel<float, __half, float, (unsigned int)2>(ch_est::puschRxChEstStatDescr_t *, ch_est::puschRxChEstDynDescr_t *)"
1959315733,4736,51177,137,2,1,24,2,1,44,0.001,0.001,,,,,NVIDIA A100-SXM4-40GB MIG 4g.20gb (0),1,,13,"void ch_est::chEstFilterNoDftSOfdmDispatchKernel<float, __half, float, (unsigned int)2>(ch_est::puschRxChEstStatDescr_t *, ch_est::puschRxChEstDynDescr_t *)"
1959330356,2752,51188,103,1,1,128,1,1,16,0.000,0.000,,,,,NVIDIA A100-SXM4-40GB MIG 4g.20gb (0),1,,13,cupy_copy__complex64_complex64
1959345844,12320,51198,1434,1,1,128,1,1,16,0.000,0.000,,,,,NVIDIA A100-SXM4-40GB MIG 4g.20gb (0),1,,13,cupy_copy__complex64_complex64
1959379828,2496,51205,103,1,1,128,1,1,16,0.000,0.000,,,,,NVIDIA A100-SXM4-40GB MIG 4g.20gb (0),1,,13,cupy_copy__complex64_complex64
1959397300,94270,51212,1,1,1,32,32,1,30,0.000,0.000,,,,,NVIDIA A100-SXM4-40GB MIG 4g.20gb (0),1,,13,"void convert_kernel<__half2, float2>(tensor_layout_any, T1 *, tensor_layout_any, const T2 *)"
1959531218,23776,51215,,,,,,,,,,0.094,3940.760,Pinned,Device,NVIDIA A100-SXM4-40GB MIG 4g.20gb (0),1,,13,[CUDA memcpy Host-to-Device]
1959572657,46592,51216,,,,,,,,,,35.810,768552.503,Device,,NVIDIA A100-SXM4-40GB MIG 4g.20gb (0),1,,13,[CUDA memset]
1959629361,10080,51218,,,,,,,,,,0.000,7.936,Pinned,Device,NVIDIA A100-SXM4-40GB MIG 4g.20gb (0),1,,13,[CUDA memcpy Host-to-Device]
1959649776,23680,51219,,,,,,,,,,0.197,8302.559,Pinned,Device,NVIDIA A100-SXM4-40GB MIG 4g.20gb (0),1,,13,[CUDA memcpy Host-to-Device]
1959694832,10144,51220,273,1,1,48,1,1,40,0.000,0.001,,,,,NVIDIA A100-SXM4-40GB MIG 4g.20gb (0),1,,13,"void pusch_noise_intf_est::noiseIntfEstNoDftSOfdmKernel<float, __half, float, float, (unsigned int)2, (unsigned int)1, (unsigned char)4, (unsigned char)4>(pusch_noise_intf_est::puschRxNoiseIntfEstDynDescr)"
1959711888,2784,51231,35,1,1,128,1,1,16,0.000,0.000,,,,,NVIDIA A100-SXM4-40GB MIG 4g.20gb (0),1,,13,cupy_copy__complex64_complex64
1959728720,1695,51240,1,1,1,1,1,1,18,0.000,0.000,,,,,NVIDIA A100-SXM4-40GB MIG 4g.20gb (0),1,,13,cupy_copy__float32_float32
1959731503,8736,51246,,,,,,,,,,0.000,0.458,Device,Pageable,NVIDIA A100-SXM4-40GB MIG 4g.20gb (0),1,,7,[CUDA memcpy Device-to-Host]
1959823630,12800,51257,1434,1,1,128,1,1,16,0.000,0.000,,,,,NVIDIA A100-SXM4-40GB MIG 4g.20gb (0),1,,13,cupy_copy__complex64_complex64
1959849102,2976,51264,103,1,1,128,1,1,16,0.000,0.000,,,,,NVIDIA A100-SXM4-40GB MIG 4g.20gb (0),1,,13,cupy_copy__complex64_complex64
1959869614,2560,51271,35,1,1,128,1,1,16,0.000,0.000,,,,,NVIDIA A100-SXM4-40GB MIG 4g.20gb (0),1,,13,cupy_copy__complex64_complex64
1959887470,1792,51278,1,1,1,1,1,1,18,0.000,0.000,,,,,NVIDIA A100-SXM4-40GB MIG 4g.20gb (0),1,,13,cupy_copy__float32_float32
1960015724,86975,51289,1,1,1,32,32,1,30,0.000,0.000,,,,,NVIDIA A100-SXM4-40GB MIG 4g.20gb (0),1,,13,"void convert_kernel<__half2, float2>(tensor_layout_any, T1 *, tensor_layout_any, const T2 *)"
1960134826,14176,51292,,,,,,,,,,0.094,6609.410,Pinned,Device,NVIDIA A100-SXM4-40GB MIG 4g.20gb (0),1,,13,[CUDA memcpy Host-to-Device]
1960159882,3264,51293,,,,,,,,,,1.547,473842.288,Device,,NVIDIA A100-SXM4-40GB MIG 4g.20gb (0),1,,13,[CUDA memset]
1960168426,7520,51298,,,,,,,,,,0.031,4161.679,Pinned,Device,NVIDIA A100-SXM4-40GB MIG 4g.20gb (0),1,,13,[CUDA memcpy Host-to-Device]
1960182698,12416,51299,,,,,,,,,,0.197,15835.005,Pinned,Device,NVIDIA A100-SXM4-40GB MIG 4g.20gb (0),1,,13,[CUDA memcpy Host-to-Device]
1960202378,6336,51300,273,1,1,8,4,1,39,0.002,0.000,,,,,NVIDIA A100-SXM4-40GB MIG 4g.20gb (0),1,,13,"void channel_eq::eqMmseCoefCompLowMimoKernel<float, float, float, (unsigned int)4, (unsigned int)1, (unsigned int)4>(const channel_eq::_puschRxChEqStatDescr *, channel_eq::_puschRxChEqCoefCompDynDescr)"
1960210122,8255,51301,273,1,1,12,11,1,51,0.002,0.000,,,,,NVIDIA A100-SXM4-40GB MIG 4g.20gb (0),1,,13,"void channel_eq::eqMmseSoftDemapKernel<float, __half, __half, float, (unsigned int)4, (unsigned short)16383>(channel_eq::_puschRxChEqStatDescr *, channel_eq::_puschRxChEqSoftDemapDynDescr)"
1960223145,294205,51302,1,1,1,32,32,1,30,0.000,0.000,,,,,NVIDIA A100-SXM4-40GB MIG 4g.20gb (0),1,,13,"void convert_kernel<float2, __half2>(tensor_layout_any, T1 *, tensor_layout_any, const T2 *)"
1960519270,10912,51314,2253,1,1,128,1,1,16,0.000,0.000,,,,,NVIDIA A100-SXM4-40GB MIG 4g.20gb (0),1,,13,cupy_copy__float16_float16
1960533318,3871,51323,282,1,1,128,1,1,16,0.000,0.000,,,,,NVIDIA A100-SXM4-40GB MIG 4g.20gb (0),1,,13,cupy_copy__complex64_complex64
1960540485,2400,51332,26,1,1,128,1,1,16,0.000,0.000,,,,,NVIDIA A100-SXM4-40GB MIG 4g.20gb (0),1,,13,cupy_copy__float32_float32
1960545989,2976,51341,103,1,1,128,1,1,16,0.000,0.000,,,,,NVIDIA A100-SXM4-40GB MIG 4g.20gb (0),1,,13,cupy_copy__complex64_complex64
1960551685,11968,51351,1434,1,1,128,1,1,16,0.000,0.000,,,,,NVIDIA A100-SXM4-40GB MIG 4g.20gb (0),1,,13,cupy_copy__complex64_complex64
1960564965,83039,51356,1,1,1,32,32,1,30,0.000,0.000,,,,,NVIDIA A100-SXM4-40GB MIG 4g.20gb (0),1,,13,"void convert_kernel<__half2, float2>(tensor_layout_any, T1 *, tensor_layout_any, const T2 *)"
1960675716,5440,51359,,,,,,,,,,0.094,17223.480,Pinned,Device,NVIDIA A100-SXM4-40GB MIG 4g.20gb (0),1,,13,[CUDA memcpy Host-to-Device]
1960685860,595512,51360,,,,,,,,,,456.561,766566.658,Device,,NVIDIA A100-SXM4-40GB MIG 4g.20gb (0),1,,13,[CUDA memset]
1961287964,83167,51365,,,,,,,,,,1.235,14847.732,Pinned,Device,NVIDIA A100-SXM4-40GB MIG 4g.20gb (0),1,,13,[CUDA memcpy Host-to-Device]
1961377819,16992,51366,,,,,,,,,,0.197,11570.577,Pinned,Device,NVIDIA A100-SXM4-40GB MIG 4g.20gb (0),1,,13,[CUDA memcpy Host-to-Device]
1961408155,9184,51367,69,4,1,48,1,1,76,0.002,0.000,,,,,NVIDIA A100-SXM4-40GB MIG 4g.20gb (0),1,,13,"void ch_est::windowedChEstPreNoDftSOfdmKernel<float, __half, float, (unsigned int)2, (unsigned int)1, (unsigned short)4>(ch_est::puschRxChEstStatDescr_t *, ch_est::puschRxChEstDynDescr_t *)"
1961424027,7071,51368,137,2,1,24,2,1,44,0.001,0.001,,,,,NVIDIA A100-SXM4-40GB MIG 4g.20gb (0),1,,13,"void ch_est::chEstFilterNoDftSOfdmDispatchKernel<float, __half, float, (unsigned int)2>(ch_est::puschRxChEstStatDescr_t *, ch_est::puschRxChEstDynDescr_t *)"
1961438906,6432,51369,137,2,1,24,2,1,44,0.001,0.001,,,,,NVIDIA A100-SXM4-40GB MIG 4g.20gb (0),1,,13,"void ch_est::chEstFilterNoDftSOfdmDispatchKernel<float, __half, float, (unsigned int)2>(ch_est::puschRxChEstStatDescr_t *, ch_est::puschRxChEstDynDescr_t *)"
1961447642,3168,51380,103,1,1,128,1,1,16,0.000,0.000,,,,,NVIDIA A100-SXM4-40GB MIG 4g.20gb (0),1,,13,cupy_copy__complex64_complex64
1961455386,12640,51390,1434,1,1,128,1,1,16,0.000,0.000,,,,,NVIDIA A100-SXM4-40GB MIG 4g.20gb (0),1,,13,cupy_copy__complex64_complex64
1961470970,2752,51397,103,1,1,128,1,1,16,0.000,0.000,,,,,NVIDIA A100-SXM4-40GB MIG 4g.20gb (0),1,,13,cupy_copy__complex64_complex64
1961478778,89023,51404,1,1,1,32,32,1,30,0.000,0.000,,,,,NVIDIA A100-SXM4-40GB MIG 4g.20gb (0),1,,13,"void convert_kernel<__half2, float2>(tensor_layout_any, T1 *, tensor_layout_any, const T2 *)"
1961595864,5792,51407,,,,,,,,,,0.094,16176.708,Pinned,Device,NVIDIA A100-SXM4-40GB MIG 4g.20gb (0),1,,13,[CUDA memcpy Host-to-Device]
1961607416,46816,51408,,,,,,,,,,35.810,764899.891,Device,,NVIDIA A100-SXM4-40GB MIG 4g.20gb (0),1,,13,[CUDA memset]
1961662424,2432,51410,,,,,,,,,,0.000,32.895,Pinned,Device,NVIDIA A100-SXM4-40GB MIG 4g.20gb (0),1,,13,[CUDA memcpy Host-to-Device]
1961668343,11232,51411,,,,,,,,,,0.197,17504.207,Pinned,Device,NVIDIA A100-SXM4-40GB MIG 4g.20gb (0),1,,13,[CUDA memcpy Host-to-Device]
1961688855,9216,51412,273,1,1,48,1,1,40,0.000,0.001,,,,,NVIDIA A100-SXM4-40GB MIG 4g.20gb (0),1,,13,"void pusch_noise_intf_est::noiseIntfEstNoDftSOfdmKernel<float, __half, float, float, (unsigned int)2, (unsigned int)1, (unsigned char)4, (unsigned char)4>(pusch_noise_intf_est::puschRxNoiseIntfEstDynDescr)"
1961702903,2816,51423,35,1,1,128,1,1,16,0.000,0.000,,,,,NVIDIA A100-SXM4-40GB MIG 4g.20gb (0),1,,13,cupy_copy__complex64_complex64
1961718743,1760,51432,1,1,1,1,1,1,18,0.000,0.000,,,,,NVIDIA A100-SXM4-40GB MIG 4g.20gb (0),1,,13,cupy_copy__float32_float32
1961747383,1983,51438,,,,,,,,,,0.000,2.017,Device,Pageable,NVIDIA A100-SXM4-40GB MIG 4g.20gb (0),1,,7,[CUDA memcpy Device-to-Host]
1961807030,13088,51449,1434,1,1,128,1,1,16,0.000,0.000,,,,,NVIDIA A100-SXM4-40GB MIG 4g.20gb (0),1,,13,cupy_copy__complex64_complex64
1961834229,2944,51456,103,1,1,128,1,1,16,0.000,0.000,,,,,NVIDIA A100-SXM4-40GB MIG 4g.20gb (0),1,,13,cupy_copy__complex64_complex64
1961853941,2688,51463,35,1,1,128,1,1,16,0.000,0.000,,,,,NVIDIA A100-SXM4-40GB MIG 4g.20gb (0),1,,13,cupy_copy__complex64_complex64
1961873941,1824,51470,1,1,1,1,1,1,18,0.000,0.000,,,,,NVIDIA A100-SXM4-40GB MIG 4g.20gb (0),1,,13,cupy_copy__float32_float32
1962003571,81471,51481,1,1,1,32,32,1,30,0.000,0.000,,,,,NVIDIA A100-SXM4-40GB MIG 4g.20gb (0),1,,13,"void convert_kernel<__half2, float2>(tensor_layout_any, T1 *, tensor_layout_any, const T2 *)"
1962112850,6112,51484,,,,,,,,,,0.094,15329.790,Pinned,Device,NVIDIA A100-SXM4-40GB MIG 4g.20gb (0),1,,13,[CUDA memcpy Host-to-Device]
1962127218,3296,51485,,,,,,,,,,1.547,469242.628,Device,,NVIDIA A100-SXM4-40GB MIG 4g.20gb (0),1,,13,[CUDA memset]
1962134034,3040,51490,,,,,,,,,,0.031,10294.725,Pinned,Device,NVIDIA A100-SXM4-40GB MIG 4g.20gb (0),1,,13,[CUDA memcpy Host-to-Device]
1962139794,9600,51491,,,,,,,,,,0.197,20479.869,Pinned,Device,NVIDIA A100-SXM4-40GB MIG 4g.20gb (0),1,,13,[CUDA memcpy Host-to-Device]
1962153617,5536,51492,273,1,1,8,4,1,39,0.002,0.000,,,,,NVIDIA A100-SXM4-40GB MIG 4g.20gb (0),1,,13,"void channel_eq::eqMmseCoefCompLowMimoKernel<float, float, float, (unsigned int)4, (unsigned int)1, (unsigned int)4>(const channel_eq::_puschRxChEqStatDescr *, channel_eq::_puschRxChEqCoefCompDynDescr)"
1962162673,5792,51493,273,1,1,12,11,1,51,0.002,0.000,,,,,NVIDIA A100-SXM4-40GB MIG 4g.20gb (0),1,,13,"void channel_eq::eqMmseSoftDemapKernel<float, __half, __half, float, (unsigned int)4, (unsigned short)16383>(channel_eq::_puschRxChEqStatDescr *, channel_eq::_puschRxChEqSoftDemapDynDescr)"
1962169489,279133,51494,1,1,1,32,32,1,30,0.000,0.000,,,,,NVIDIA A100-SXM4-40GB MIG 4g.20gb (0),1,,13,"void convert_kernel<float2, __half2>(tensor_layout_any, T1 *, tensor_layout_any, const T2 *)"
1962450926,10976,51506,2253,1,1,128,1,1,16,0.000,0.000,,,,,NVIDIA A100-SXM4-40GB MIG 4g.20gb (0),1,,13,cupy_copy__float16_float16
1962465326,3456,51515,282,1,1,128,1,1,16,0.000,0.000,,,,,NVIDIA A100-SXM4-40GB MIG 4g.20gb (0),1,,13,cupy_copy__complex64_complex64
1962472430,2335,51524,26,1,1,128,1,1,16,0.000,0.000,,,,,NVIDIA A100-SXM4-40GB MIG 4g.20gb (0),1,,13,cupy_copy__float32_float32
1962476429,2944,51533,103,1,1,128,1,1,16,0.000,0.000,,,,,NVIDIA A100-SXM4-40GB MIG 4g.20gb (0),1,,13,cupy_copy__complex64_complex64
1962480941,12288,51543,1434,1,1,128,1,1,16,0.000,0.000,,,,,NVIDIA A100-SXM4-40GB MIG 4g.20gb (0),1,,13,cupy_copy__complex64_complex64
1962505101,82527,51548,1,1,1,32,32,1,30,0.000,0.000,,,,,NVIDIA A100-SXM4-40GB MIG 4g.20gb (0),1,,13,"void convert_kernel<__half2, float2>(tensor_layout_any, T1 *, tensor_layout_any, const T2 *)"
1962614604,5568,51551,,,,,,,,,,0.094,16827.521,Pinned,Device,NVIDIA A100-SXM4-40GB MIG 4g.20gb (0),1,,13,[CUDA memcpy Host-to-Device]
1962624908,596504,51552,,,,,,,,,,456.561,765196.973,Device,,NVIDIA A100-SXM4-40GB MIG 4g.20gb (0),1,,13,[CUDA memset]
1963222564,162494,51557,,,,,,,,,,1.235,7599.845,Pinned,Device,NVIDIA A100-SXM4-40GB MIG 4g.20gb (0),1,,13,[CUDA memcpy Host-to-Device]
1963397570,41600,51558,,,,,,,,,,0.197,4726.063,Pinned,Device,NVIDIA A100-SXM4-40GB MIG 4g.20gb (0),1,,13,[CUDA memcpy Host-to-Device]
1963455617,8288,51559,69,4,1,48,1,1,76,0.002,0.000,,,,,NVIDIA A100-SXM4-40GB MIG 4g.20gb (0),1,,13,"void ch_est::windowedChEstPreNoDftSOfdmKernel<float, __half, float, (unsigned int)2, (unsigned int)1, (unsigned short)4>(ch_est::puschRxChEstStatDescr_t *, ch_est::puschRxChEstDynDescr_t *)"
1963473825,6688,51560,137,2,1,24,2,1,44,0.001,0.001,,,,,NVIDIA A100-SXM4-40GB MIG 4g.20gb (0),1,,13,"void ch_est::chEstFilterNoDftSOfdmDispatchKernel<float, __half, float, (unsigned int)2>(ch_est::puschRxChEstStatDescr_t *, ch_est::puschRxChEstDynDescr_t *)"
1963486849,5184,51561,137,2,1,24,2,1,44,0.001,0.001,,,,,NVIDIA A100-SXM4-40GB MIG 4g.20gb (0),1,,13,"void ch_est::chEstFilterNoDftSOfdmDispatchKernel<float, __half, float, (unsigned int)2>(ch_est::puschRxChEstStatDescr_t *, ch_est::puschRxChEstDynDescr_t *)"
1963499553,2560,51572,103,1,1,128,1,1,16,0.000,0.000,,,,,NVIDIA A100-SXM4-40GB MIG 4g.20gb (0),1,,13,cupy_copy__complex64_complex64
1963510433,12480,51582,1434,1,1,128,1,1,16,0.000,0.000,,,,,NVIDIA A100-SXM4-40GB MIG 4g.20gb (0),1,,13,cupy_copy__complex64_complex64
1963527904,2688,51589,103,1,1,128,1,1,16,0.000,0.000,,,,,NVIDIA A100-SXM4-40GB MIG 4g.20gb (0),1,,13,cupy_copy__complex64_complex64
1963538368,83743,51596,1,1,1,32,32,1,30,0.000,0.000,,,,,NVIDIA A100-SXM4-40GB MIG 4g.20gb (0),1,,13,"void convert_kernel<__half2, float2>(tensor_layout_any, T1 *, tensor_layout_any, const T2 *)"
1963649471,13312,51599,,,,,,,,,,0.094,7038.444,Pinned,Device,NVIDIA A100-SXM4-40GB MIG 4g.20gb (0),1,,13,[CUDA memcpy Host-to-Device]
1963675487,47295,51600,,,,,,,,,,35.810,757129.139,Device,,NVIDIA A100-SXM4-40GB MIG 4g.20gb (0),1,,13,[CUDA memset]
1963726206,10272,51602,,,,,,,,,,0.000,7.788,Pinned,Device,NVIDIA A100-SXM4-40GB MIG 4g.20gb (0),1,,13,[CUDA memcpy Host-to-Device]
1963743198,15808,51603,,,,,,,,,,0.197,12437.225,Pinned,Device,NVIDIA A100-SXM4-40GB MIG 4g.20gb (0),1,,13,[CUDA memcpy Host-to-Device]
1963768957,10016,51604,273,1,1,48,1,1,40,0.000,0.001,,,,,NVIDIA A100-SXM4-40GB MIG 4g.20gb (0),1,,13,"void pusch_noise_intf_est::noiseIntfEstNoDftSOfdmKernel<float, __half, float, float, (unsigned int)2, (unsigned int)1, (unsigned char)4, (unsigned char)4>(pusch_noise_intf_est::puschRxNoiseIntfEstDynDescr)"
1963785533,2752,51615,35,1,1,128,1,1,16,0.000,0.000,,,,,NVIDIA A100-SXM4-40GB MIG 4g.20gb (0),1,,13,cupy_copy__complex64_complex64
1963795421,1824,51624,1,1,1,1,1,1,18,0.000,0.000,,,,,NVIDIA A100-SXM4-40GB MIG 4g.20gb (0),1,,13,cupy_copy__float32_float32
1963803837,4224,51630,,,,,,,,,,0.000,0.947,Device,Pageable,NVIDIA A100-SXM4-40GB MIG 4g.20gb (0),1,,7,[CUDA memcpy Device-to-Host]
1963872924,13216,51641,1434,1,1,128,1,1,16,0.000,0.000,,,,,NVIDIA A100-SXM4-40GB MIG 4g.20gb (0),1,,13,cupy_copy__complex64_complex64
1963897148,2624,51648,103,1,1,128,1,1,16,0.000,0.000,,,,,NVIDIA A100-SXM4-40GB MIG 4g.20gb (0),1,,13,cupy_copy__complex64_complex64
1963917532,2720,51655,35,1,1,128,1,1,16,0.000,0.000,,,,,NVIDIA A100-SXM4-40GB MIG 4g.20gb (0),1,,13,cupy_copy__complex64_complex64
1963936283,1984,51662,1,1,1,1,1,1,18,0.000,0.000,,,,,NVIDIA A100-SXM4-40GB MIG 4g.20gb (0),1,,13,cupy_copy__float32_float32
1964069370,81023,51673,1,1,1,32,32,1,30,0.000,0.000,,,,,NVIDIA A100-SXM4-40GB MIG 4g.20gb (0),1,,13,"void convert_kernel<__half2, float2>(tensor_layout_any, T1 *, tensor_layout_any, const T2 *)"
1964177400,5472,51676,,,,,,,,,,0.094,17122.757,Pinned,Device,NVIDIA A100-SXM4-40GB MIG 4g.20gb (0),1,,13,[CUDA memcpy Host-to-Device]
1964191864,3360,51677,,,,,,,,,,1.547,460304.688,Device,,NVIDIA A100-SXM4-40GB MIG 4g.20gb (0),1,,13,[CUDA memset]
1964200696,3008,51682,,,,,,,,,,0.031,10404.230,Pinned,Device,NVIDIA A100-SXM4-40GB MIG 4g.20gb (0),1,,13,[CUDA memcpy Host-to-Device]
1964206200,9856,51683,,,,,,,,,,0.197,19948.044,Pinned,Device,NVIDIA A100-SXM4-40GB MIG 4g.20gb (0),1,,13,[CUDA memcpy Host-to-Device]
1964220664,8256,51684,273,1,1,8,4,1,39,0.002,0.000,,,,,NVIDIA A100-SXM4-40GB MIG 4g.20gb (0),1,,13,"void channel_eq::eqMmseCoefCompLowMimoKernel<float, float, float, (unsigned int)4, (unsigned int)1, (unsigned int)4>(const channel_eq::_puschRxChEqStatDescr *, channel_eq::_puschRxChEqCoefCompDynDescr)"
1964232184,6048,51685,273,1,1,12,11,1,51,0.002,0.000,,,,,NVIDIA A100-SXM4-40GB MIG 4g.20gb (0),1,,13,"void channel_eq::eqMmseSoftDemapKernel<float, __half, __half, float, (unsigned int)4, (unsigned short)16383>(channel_eq::_puschRxChEqStatDescr *, channel_eq::_puschRxChEqSoftDemapDynDescr)"
1964239640,281948,51686,1,1,1,32,32,1,30,0.000,0.000,,,,,NVIDIA A100-SXM4-40GB MIG 4g.20gb (0),1,,13,"void convert_kernel<float2, __half2>(tensor_layout_any, T1 *, tensor_layout_any, const T2 *)"
1964522612,10912,51698,2253,1,1,128,1,1,16,0.000,0.000,,,,,NVIDIA A100-SXM4-40GB MIG 4g.20gb (0),1,,13,cupy_copy__float16_float16
1964537716,3360,51707,282,1,1,128,1,1,16,0.000,0.000,,,,,NVIDIA A100-SXM4-40GB MIG 4g.20gb (0),1,,13,cupy_copy__complex64_complex64
1964543092,2336,51716,26,1,1,128,1,1,16,0.000,0.000,,,,,NVIDIA A100-SXM4-40GB MIG 4g.20gb (0),1,,13,cupy_copy__float32_float32
1964547892,2880,51725,103,1,1,128,1,1,16,0.000,0.000,,,,,NVIDIA A100-SXM4-40GB MIG 4g.20gb (0),1,,13,cupy_copy__complex64_complex64
1964552116,12768,51735,1434,1,1,128,1,1,16,0.000,0.000,,,,,NVIDIA A100-SXM4-40GB MIG 4g.20gb (0),1,,13,cupy_copy__complex64_complex64
1964567892,87230,51740,1,1,1,32,32,1,30,0.000,0.000,,,,,NVIDIA A100-SXM4-40GB MIG 4g.20gb (0),1,,13,"void convert_kernel<__half2, float2>(tensor_layout_any, T1 *, tensor_layout_any, const T2 *)"
1964681714,5952,51743,,,,,,,,,,0.094,15741.865,Pinned,Device,NVIDIA A100-SXM4-40GB MIG 4g.20gb (0),1,,13,[CUDA memcpy Host-to-Device]
1964691634,603705,51744,,,,,,,,,,456.561,756065.745,Device,,NVIDIA A100-SXM4-40GB MIG 4g.20gb (0),1,,13,[CUDA memset]
1965299562,150719,51749,,,,,,,,,,1.235,8192.618,Pinned,Device,NVIDIA A100-SXM4-40GB MIG 4g.20gb (0),1,,13,[CUDA memcpy Host-to-Device]
1965462824,37536,51750,,,,,,,,,,0.197,5237.834,Pinned,Device,NVIDIA A100-SXM4-40GB MIG 4g.20gb (0),1,,13,[CUDA memcpy Host-to-Device]
1965527048,8128,51751,69,4,1,48,1,1,76,0.002,0.000,,,,,NVIDIA A100-SXM4-40GB MIG 4g.20gb (0),1,,13,"void ch_est::windowedChEstPreNoDftSOfdmKernel<float, __half, float, (unsigned int)2, (unsigned int)1, (unsigned short)4>(ch_est::puschRxChEstStatDescr_t *, ch_est::puschRxChEstDynDescr_t *)"
1965546503,6976,51752,137,2,1,24,2,1,44,0.001,0.001,,,,,NVIDIA A100-SXM4-40GB MIG 4g.20gb (0),1,,13,"void ch_est::chEstFilterNoDftSOfdmDispatchKernel<float, __half, float, (unsigned int)2>(ch_est::puschRxChEstStatDescr_t *, ch_est::puschRxChEstDynDescr_t *)"
1965563463,4768,51753,137,2,1,24,2,1,44,0.001,0.001,,,,,NVIDIA A100-SXM4-40GB MIG 4g.20gb (0),1,,13,"void ch_est::chEstFilterNoDftSOfdmDispatchKernel<float, __half, float, (unsigned int)2>(ch_est::puschRxChEstStatDescr_t *, ch_est::puschRxChEstDynDescr_t *)"
1965580551,2688,51764,103,1,1,128,1,1,16,0.000,0.000,,,,,NVIDIA A100-SXM4-40GB MIG 4g.20gb (0),1,,13,cupy_copy__complex64_complex64
1965597191,12320,51774,1434,1,1,128,1,1,16,0.000,0.000,,,,,NVIDIA A100-SXM4-40GB MIG 4g.20gb (0),1,,13,cupy_copy__complex64_complex64
1965618759,2879,51781,103,1,1,128,1,1,16,0.000,0.000,,,,,NVIDIA A100-SXM4-40GB MIG 4g.20gb (0),1,,13,cupy_copy__complex64_complex64
1965642374,85183,51788,1,1,1,32,32,1,30,0.000,0.000,,,,,NVIDIA A100-SXM4-40GB MIG 4g.20gb (0),1,,13,"void convert_kernel<__half2, float2>(tensor_layout_any, T1 *, tensor_layout_any, const T2 *)"
1965756869,20608,51791,,,,,,,,,,0.094,4546.505,Pinned,Device,NVIDIA A100-SXM4-40GB MIG 4g.20gb (0),1,,13,[CUDA memcpy Host-to-Device]
1965785028,47232,51792,,,,,,,,,,35.810,758167.626,Device,,NVIDIA A100-SXM4-40GB MIG 4g.20gb (0),1,,13,[CUDA memset]
1965835044,6400,51794,,,,,,,,,,0.000,12.500,Pinned,Device,NVIDIA A100-SXM4-40GB MIG 4g.20gb (0),1,,13,[CUDA memcpy Host-to-Device]
1965848708,13824,51795,,,,,,,,,,0.197,14222.033,Pinned,Device,NVIDIA A100-SXM4-40GB MIG 4g.20gb (0),1,,13,[CUDA memcpy Host-to-Device]
1965875427,9760,51796,273,1,1,48,1,1,40,0.000,0.001,,,,,NVIDIA A100-SXM4-40GB MIG 4g.20gb (0),1,,13,"void pusch_noise_intf_est::noiseIntfEstNoDftSOfdmKernel<float, __half, float, float, (unsigned int)2, (unsigned int)1, (unsigned char)4, (unsigned char)4>(pusch_noise_intf_est::puschRxNoiseIntfEstDynDescr)"
1965892963,2976,51807,35,1,1,128,1,1,16,0.000,0.000,,,,,NVIDIA A100-SXM4-40GB MIG 4g.20gb (0),1,,13,cupy_copy__complex64_complex64
1965901475,1856,51816,1,1,1,1,1,1,18,0.000,0.000,,,,,NVIDIA A100-SXM4-40GB MIG 4g.20gb (0),1,,13,cupy_copy__float32_float32
1965907875,6208,51822,,,,,,,,,,0.000,0.644,Device,Pageable,NVIDIA A100-SXM4-40GB MIG 4g.20gb (0),1,,7,[CUDA memcpy Device-to-Host]
1965988738,12960,51833,1434,1,1,128,1,1,16,0.000,0.000,,,,,NVIDIA A100-SXM4-40GB MIG 4g.20gb (0),1,,13,cupy_copy__complex64_complex64
1966012130,3040,51840,103,1,1,128,1,1,16,0.000,0.000,,,,,NVIDIA A100-SXM4-40GB MIG 4g.20gb (0),1,,13,cupy_copy__complex64_complex64
1966037345,2784,51847,35,1,1,128,1,1,16,0.000,0.000,,,,,NVIDIA A100-SXM4-40GB MIG 4g.20gb (0),1,,13,cupy_copy__complex64_complex64
1966053153,1760,51854,1,1,1,1,1,1,18,0.000,0.000,,,,,NVIDIA A100-SXM4-40GB MIG 4g.20gb (0),1,,13,cupy_copy__float32_float32
1966180320,88158,51865,1,1,1,32,32,1,30,0.000,0.000,,,,,NVIDIA A100-SXM4-40GB MIG 4g.20gb (0),1,,13,"void convert_kernel<__half2, float2>(tensor_layout_any, T1 *, tensor_layout_any, const T2 *)"
1966296318,6144,51868,,,,,,,,,,0.094,15249.961,Pinned,Device,NVIDIA A100-SXM4-40GB MIG 4g.20gb (0),1,,13,[CUDA memcpy Host-to-Device]
1966315230,3360,51869,,,,,,,,,,1.547,460304.688,Device,,NVIDIA A100-SXM4-40GB MIG 4g.20gb (0),1,,13,[CUDA memset]
1966321022,3296,51874,,,,,,,,,,0.031,9495.144,Pinned,Device,NVIDIA A100-SXM4-40GB MIG 4g.20gb (0),1,,13,[CUDA memcpy Host-to-Device]
1966326750,10016,51875,,,,,,,,,,0.197,19629.343,Pinned,Device,NVIDIA A100-SXM4-40GB MIG 4g.20gb (0),1,,13,[CUDA memcpy Host-to-Device]
1966341118,6208,51876,273,1,1,8,4,1,39,0.002,0.000,,,,,NVIDIA A100-SXM4-40GB MIG 4g.20gb (0),1,,13,"void channel_eq::eqMmseCoefCompLowMimoKernel<float, float, float, (unsigned int)4, (unsigned int)1, (unsigned int)4>(const channel_eq::_puschRxChEqStatDescr *, channel_eq::_puschRxChEqCoefCompDynDescr)"
1966348445,6016,51877,273,1,1,12,11,1,51,0.002,0.000,,,,,NVIDIA A100-SXM4-40GB MIG 4g.20gb (0),1,,13,"void channel_eq::eqMmseSoftDemapKernel<float, __half, __half, float, (unsigned int)4, (unsigned short)16383>(channel_eq::_puschRxChEqStatDescr *, channel_eq::_puschRxChEqSoftDemapDynDescr)"
1966357949,282941,51878,1,1,1,32,32,1,30,0.000,0.000,,,,,NVIDIA A100-SXM4-40GB MIG 4g.20gb (0),1,,13,"void convert_kernel<float2, __half2>(tensor_layout_any, T1 *, tensor_layout_any, const T2 *)"
1966641946,10848,51890,2253,1,1,128,1,1,16,0.000,0.000,,,,,NVIDIA A100-SXM4-40GB MIG 4g.20gb (0),1,,13,cupy_copy__float16_float16
1966656282,3424,51899,282,1,1,128,1,1,16,0.000,0.000,,,,,NVIDIA A100-SXM4-40GB MIG 4g.20gb (0),1,,13,cupy_copy__complex64_complex64
1966661978,2208,51908,26,1,1,128,1,1,16,0.000,0.000,,,,,NVIDIA A100-SXM4-40GB MIG 4g.20gb (0),1,,13,cupy_copy__float32_float32
1966665402,2880,51917,103,1,1,128,1,1,16,0.000,0.000,,,,,NVIDIA A100-SXM4-40GB MIG 4g.20gb (0),1,,13,cupy_copy__complex64_complex64
1966670330,12095,51927,1434,1,1,128,1,1,16,0.000,0.000,,,,,NVIDIA A100-SXM4-40GB MIG 4g.20gb (0),1,,13,cupy_copy__complex64_complex64
1966686937,82399,51932,1,1,1,32,32,1,30,0.000,0.000,,,,,NVIDIA A100-SXM4-40GB MIG 4g.20gb (0),1,,13,"void convert_kernel<__half2, float2>(tensor_layout_any, T1 *, tensor_layout_any, const T2 *)"
1966796824,5504,51935,,,,,,,,,,0.094,17023.251,Pinned,Device,NVIDIA A100-SXM4-40GB MIG 4g.20gb (0),1,,13,[CUDA memcpy Host-to-Device]
1966808088,597112,51936,,,,,,,,,,456.561,764283.851,Device,,NVIDIA A100-SXM4-40GB MIG 4g.20gb (0),1,,13,[CUDA memset]
1967412432,153086,51941,,,,,,,,,,1.235,8066.654,Pinned,Device,NVIDIA A100-SXM4-40GB MIG 4g.20gb (0),1,,13,[CUDA memcpy Host-to-Device]
1967574798,39200,51942,,,,,,,,,,0.197,5015.470,Pinned,Device,NVIDIA A100-SXM4-40GB MIG 4g.20gb (0),1,,13,[CUDA memcpy Host-to-Device]
1967629710,8192,51943,69,4,1,48,1,1,76,0.002,0.000,,,,,NVIDIA A100-SXM4-40GB MIG 4g.20gb (0),1,,13,"void ch_est::windowedChEstPreNoDftSOfdmKernel<float, __half, float, (unsigned int)2, (unsigned int)1, (unsigned short)4>(ch_est::puschRxChEstStatDescr_t *, ch_est::puschRxChEstDynDescr_t *)"
1967644365,6976,51944,137,2,1,24,2,1,44,0.001,0.001,,,,,NVIDIA A100-SXM4-40GB MIG 4g.20gb (0),1,,13,"void ch_est::chEstFilterNoDftSOfdmDispatchKernel<float, __half, float, (unsigned int)2>(ch_est::puschRxChEstStatDescr_t *, ch_est::puschRxChEstDynDescr_t *)"
1967660461,4736,51945,137,2,1,24,2,1,44,0.001,0.001,,,,,NVIDIA A100-SXM4-40GB MIG 4g.20gb (0),1,,13,"void ch_est::chEstFilterNoDftSOfdmDispatchKernel<float, __half, float, (unsigned int)2>(ch_est::puschRxChEstStatDescr_t *, ch_est::puschRxChEstDynDescr_t *)"
1967672269,2688,51956,103,1,1,128,1,1,16,0.000,0.000,,,,,NVIDIA A100-SXM4-40GB MIG 4g.20gb (0),1,,13,cupy_copy__complex64_complex64
1967679981,12384,51966,1434,1,1,128,1,1,16,0.000,0.000,,,,,NVIDIA A100-SXM4-40GB MIG 4g.20gb (0),1,,13,cupy_copy__complex64_complex64
1967699181,2496,51973,103,1,1,128,1,1,16,0.000,0.000,,,,,NVIDIA A100-SXM4-40GB MIG 4g.20gb (0),1,,13,cupy_copy__complex64_complex64
1967720812,85599,51980,1,1,1,32,32,1,30,0.000,0.000,,,,,NVIDIA A100-SXM4-40GB MIG 4g.20gb (0),1,,13,"void convert_kernel<__half2, float2>(tensor_layout_any, T1 *, tensor_layout_any, const T2 *)"
1967839819,19072,51983,,,,,,,,,,0.094,4912.669,Pinned,Device,NVIDIA A100-SXM4-40GB MIG 4g.20gb (0),1,,13,[CUDA memcpy Host-to-Device]
1967873931,47935,51984,,,,,,,,,,35.810,747030.741,Device,,NVIDIA A100-SXM4-40GB MIG 4g.20gb (0),1,,13,[CUDA memset]
1967930250,9216,51986,,,,,,,,,,0.000,8.680,Pinned,Device,NVIDIA A100-SXM4-40GB MIG 4g.20gb (0),1,,13,[CUDA memcpy Host-to-Device]
1967950186,27903,51987,,,,,,,,,,0.197,7046.038,Pinned,Device,NVIDIA A100-SXM4-40GB MIG 4g.20gb (0),1,,13,[CUDA memcpy Host-to-Device]
1967999433,9696,51988,273,1,1,48,1,1,40,0.000,0.001,,,,,NVIDIA A100-SXM4-40GB MIG 4g.20gb (0),1,,13,"void pusch_noise_intf_est::noiseIntfEstNoDftSOfdmKernel<float, __half, float, float, (unsigned int)2, (unsigned int)1, (unsigned char)4, (unsigned char)4>(pusch_noise_intf_est::puschRxNoiseIntfEstDynDescr)"
1968016617,2816,51999,35,1,1,128,1,1,16,0.000,0.000,,,,,NVIDIA A100-SXM4-40GB MIG 4g.20gb (0),1,,13,cupy_copy__complex64_complex64
1968033097,1760,52008,1,1,1,1,1,1,18,0.000,0.000,,,,,NVIDIA A100-SXM4-40GB MIG 4g.20gb (0),1,,13,cupy_copy__float32_float32
1968039817,5343,52014,,,,,,,,,,0.000,0.749,Device,Pageable,NVIDIA A100-SXM4-40GB MIG 4g.20gb (0),1,,7,[CUDA memcpy Device-to-Host]
1968134983,12864,52025,1434,1,1,128,1,1,16,0.000,0.000,,,,,NVIDIA A100-SXM4-40GB MIG 4g.20gb (0),1,,13,cupy_copy__complex64_complex64
1968154183,8384,52032,103,1,1,128,1,1,16,0.000,0.000,,,,,NVIDIA A100-SXM4-40GB MIG 4g.20gb (0),1,,13,cupy_copy__complex64_complex64
1968180967,2592,52039,35,1,1,128,1,1,16,0.000,0.000,,,,,NVIDIA A100-SXM4-40GB MIG 4g.20gb (0),1,,13,cupy_copy__complex64_complex64
1968193703,2016,52046,1,1,1,1,1,1,18,0.000,0.000,,,,,NVIDIA A100-SXM4-40GB MIG 4g.20gb (0),1,,13,cupy_copy__float32_float32
1968319845,87039,52057,1,1,1,32,32,1,30,0.000,0.000,,,,,NVIDIA A100-SXM4-40GB MIG 4g.20gb (0),1,,13,"void convert_kernel<__half2, float2>(tensor_layout_any, T1 *, tensor_layout_any, const T2 *)"
1968439652,6240,52060,,,,,,,,,,0.094,15015.346,Pinned,Device,NVIDIA A100-SXM4-40GB MIG 4g.20gb (0),1,,13,[CUDA memcpy Host-to-Device]
1968460419,3456,52061,,,,,,,,,,1.547,447517.201,Device,,NVIDIA A100-SXM4-40GB MIG 4g.20gb (0),1,,13,[CUDA memset]
1968467843,3616,52066,,,,,,,,,,0.031,8654.846,Pinned,Device,NVIDIA A100-SXM4-40GB MIG 4g.20gb (0),1,,13,[CUDA memcpy Host-to-Device]
1968478051,13344,52067,,,,,,,,,,0.197,14733.804,Pinned,Device,NVIDIA A100-SXM4-40GB MIG 4g.20gb (0),1,,13,[CUDA memcpy Host-to-Device]
1968500259,6080,52068,273,1,1,8,4,1,39,0.002,0.000,,,,,NVIDIA A100-SXM4-40GB MIG 4g.20gb (0),1,,13,"void channel_eq::eqMmseCoefCompLowMimoKernel<float, float, float, (unsigned int)4, (unsigned int)1, (unsigned int)4>(const channel_eq::_puschRxChEqStatDescr *, channel_eq::_puschRxChEqCoefCompDynDescr)"
1968509699,6144,52069,273,1,1,12,11,1,51,0.002,0.000,,,,,NVIDIA A100-SXM4-40GB MIG 4g.20gb (0),1,,13,"void channel_eq::eqMmseSoftDemapKernel<float, __half, __half, float, (unsigned int)4, (unsigned short)16383>(channel_eq::_puschRxChEqStatDescr *, channel_eq::_puschRxChEqSoftDemapDynDescr)"
1968518659,282524,52070,1,1,1,32,32,1,30,0.000,0.000,,,,,NVIDIA A100-SXM4-40GB MIG 4g.20gb (0),1,,13,"void convert_kernel<float2, __half2>(tensor_layout_any, T1 *, tensor_layout_any, const T2 *)"
1968803903,10944,52082,2253,1,1,128,1,1,16,0.000,0.000,,,,,NVIDIA A100-SXM4-40GB MIG 4g.20gb (0),1,,13,cupy_copy__float16_float16
1968816511,3744,52091,282,1,1,128,1,1,16,0.000,0.000,,,,,NVIDIA A100-SXM4-40GB MIG 4g.20gb (0),1,,13,cupy_copy__complex64_complex64
1968823039,2112,52100,26,1,1,128,1,1,16,0.000,0.000,,,,,NVIDIA A100-SXM4-40GB MIG 4g.20gb (0),1,,13,cupy_copy__float32_float32
1968829279,3200,52109,103,1,1,128,1,1,16,0.000,0.000,,,,,NVIDIA A100-SXM4-40GB MIG 4g.20gb (0),1,,13,cupy_copy__complex64_complex64
1968834751,11968,52119,1434,1,1,128,1,1,16,0.000,0.000,,,,,NVIDIA A100-SXM4-40GB MIG 4g.20gb (0),1,,13,cupy_copy__complex64_complex64
1968849918,82335,52124,1,1,1,32,32,1,30,0.000,0.000,,,,,NVIDIA A100-SXM4-40GB MIG 4g.20gb (0),1,,13,"void convert_kernel<__half2, float2>(tensor_layout_any, T1 *, tensor_layout_any, const T2 *)"
1968959645,5920,52127,,,,,,,,,,0.094,15826.941,Pinned,Device,NVIDIA A100-SXM4-40GB MIG 4g.20gb (0),1,,13,[CUDA memcpy Host-to-Device]
1968969853,598361,52128,,,,,,,,,,456.561,762914.166,Device,,NVIDIA A100-SXM4-40GB MIG 4g.20gb (0),1,,13,[CUDA memset]
1969575094,70111,52133,,,,,,,,,,1.235,17614.006,Pinned,Device,NVIDIA A100-SXM4-40GB MIG 4g.20gb (0),1,,13,[CUDA memcpy Host-to-Device]
1969650869,16351,52134,,,,,,,,,,0.197,12024.152,Pinned,Device,NVIDIA A100-SXM4-40GB MIG 4g.20gb (0),1,,13,[CUDA memcpy Host-to-Device]
1969677396,7936,52135,69,4,1,48,1,1,76,0.002,0.000,,,,,NVIDIA A100-SXM4-40GB MIG 4g.20gb (0),1,,13,"void ch_est::windowedChEstPreNoDftSOfdmKernel<float, __half, float, (unsigned int)2, (unsigned int)1, (unsigned short)4>(ch_est::puschRxChEstStatDescr_t *, ch_est::puschRxChEstDynDescr_t *)"
1969692884,7616,52136,137,2,1,24,2,1,44,0.001,0.001,,,,,NVIDIA A100-SXM4-40GB MIG 4g.20gb (0),1,,13,"void ch_est::chEstFilterNoDftSOfdmDispatchKernel<float, __half, float, (unsigned int)2>(ch_est::puschRxChEstStatDescr_t *, ch_est::puschRxChEstDynDescr_t *)"
1969707540,6304,52137,137,2,1,24,2,1,44,0.001,0.001,,,,,NVIDIA A100-SXM4-40GB MIG 4g.20gb (0),1,,13,"void ch_est::chEstFilterNoDftSOfdmDispatchKernel<float, __half, float, (unsigned int)2>(ch_est::puschRxChEstStatDescr_t *, ch_est::puschRxChEstDynDescr_t *)"
1969715956,3168,52148,103,1,1,128,1,1,16,0.000,0.000,,,,,NVIDIA A100-SXM4-40GB MIG 4g.20gb (0),1,,13,cupy_copy__complex64_complex64
1969723700,12928,52158,1434,1,1,128,1,1,16,0.000,0.000,,,,,NVIDIA A100-SXM4-40GB MIG 4g.20gb (0),1,,13,cupy_copy__complex64_complex64
1969739059,2752,52165,103,1,1,128,1,1,16,0.000,0.000,,,,,NVIDIA A100-SXM4-40GB MIG 4g.20gb (0),1,,13,cupy_copy__complex64_complex64
1969746643,90335,52172,1,1,1,32,32,1,30,0.000,0.000,,,,,NVIDIA A100-SXM4-40GB MIG 4g.20gb (0),1,,13,"void convert_kernel<__half2, float2>(tensor_layout_any, T1 *, tensor_layout_any, const T2 *)"
1969867794,12320,52175,,,,,,,,,,0.094,7605.117,Pinned,Device,NVIDIA A100-SXM4-40GB MIG 4g.20gb (0),1,,13,[CUDA memcpy Host-to-Device]
1969884850,47871,52176,,,,,,,,,,35.810,748033.419,Device,,NVIDIA A100-SXM4-40GB MIG 4g.20gb (0),1,,13,[CUDA memset]
1969937553,5696,52178,,,,,,,,,,0.000,14.045,Pinned,Device,NVIDIA A100-SXM4-40GB MIG 4g.20gb (0),1,,13,[CUDA memcpy Host-to-Device]
1969949393,19552,52179,,,,,,,,,,0.197,10055.516,Pinned,Device,NVIDIA A100-SXM4-40GB MIG 4g.20gb (0),1,,13,[CUDA memcpy Host-to-Device]
1969978257,9375,52180,273,1,1,48,1,1,40,0.000,0.001,,,,,NVIDIA A100-SXM4-40GB MIG 4g.20gb (0),1,,13,"void pusch_noise_intf_est::noiseIntfEstNoDftSOfdmKernel<float, __half, float, float, (unsigned int)2, (unsigned int)1, (unsigned char)4, (unsigned char)4>(pusch_noise_intf_est::puschRxNoiseIntfEstDynDescr)"
1969992240,2784,52191,35,1,1,128,1,1,16,0.000,0.000,,,,,NVIDIA A100-SXM4-40GB MIG 4g.20gb (0),1,,13,cupy_copy__complex64_complex64
1969999152,1728,52200,1,1,1,1,1,1,18,0.000,0.000,,,,,NVIDIA A100-SXM4-40GB MIG 4g.20gb (0),1,,13,cupy_copy__float32_float32
1970019792,3008,52206,,,,,,,,,,0.000,1.330,Device,Pageable,NVIDIA A100-SXM4-40GB MIG 4g.20gb (0),1,,7,[CUDA memcpy Device-to-Host]
1970083375,12896,52217,1434,1,1,128,1,1,16,0.000,0.000,,,,,NVIDIA A100-SXM4-40GB MIG 4g.20gb (0),1,,13,cupy_copy__complex64_complex64
1970110127,3424,52224,103,1,1,128,1,1,16,0.000,0.000,,,,,NVIDIA A100-SXM4-40GB MIG 4g.20gb (0),1,,13,cupy_copy__complex64_complex64
1970131311,2368,52231,35,1,1,128,1,1,16,0.000,0.000,,,,,NVIDIA A100-SXM4-40GB MIG 4g.20gb (0),1,,13,cupy_copy__complex64_complex64
1970151150,1792,52238,1,1,1,1,1,1,18,0.000,0.000,,,,,NVIDIA A100-SXM4-40GB MIG 4g.20gb (0),1,,13,cupy_copy__float32_float32
1970285485,81887,52249,1,1,1,32,32,1,30,0.000,0.000,,,,,NVIDIA A100-SXM4-40GB MIG 4g.20gb (0),1,,13,"void convert_kernel<__half2, float2>(tensor_layout_any, T1 *, tensor_layout_any, const T2 *)"
1970394475,5440,52252,,,,,,,,,,0.094,17223.480,Pinned,Device,NVIDIA A100-SXM4-40GB MIG 4g.20gb (0),1,,13,[CUDA memcpy Host-to-Device]
1970409131,3456,52253,,,,,,,,,,1.547,447517.201,Device,,NVIDIA A100-SXM4-40GB MIG 4g.20gb (0),1,,13,[CUDA memset]
1970416107,3296,52258,,,,,,,,,,0.031,9495.144,Pinned,Device,NVIDIA A100-SXM4-40GB MIG 4g.20gb (0),1,,13,[CUDA memcpy Host-to-Device]
1970421963,9408,52259,,,,,,,,,,0.197,20897.858,Pinned,Device,NVIDIA A100-SXM4-40GB MIG 4g.20gb (0),1,,13,[CUDA memcpy Host-to-Device]
1970436811,5888,52260,273,1,1,8,4,1,39,0.002,0.000,,,,,NVIDIA A100-SXM4-40GB MIG 4g.20gb (0),1,,13,"void channel_eq::eqMmseCoefCompLowMimoKernel<float, float, float, (unsigned int)4, (unsigned int)1, (unsigned int)4>(const channel_eq::_puschRxChEqStatDescr *, channel_eq::_puschRxChEqCoefCompDynDescr)"
1970444427,6848,52261,273,1,1,12,11,1,51,0.002,0.000,,,,,NVIDIA A100-SXM4-40GB MIG 4g.20gb (0),1,,13,"void channel_eq::eqMmseSoftDemapKernel<float, __half, __half, float, (unsigned int)4, (unsigned short)16383>(channel_eq::_puschRxChEqStatDescr *, channel_eq::_puschRxChEqSoftDemapDynDescr)"
1970453739,294492,52262,1,1,1,32,32,1,30,0.000,0.000,,,,,NVIDIA A100-SXM4-40GB MIG 4g.20gb (0),1,,13,"void convert_kernel<float2, __half2>(tensor_layout_any, T1 *, tensor_layout_any, const T2 *)"
1970750247,11008,52274,2253,1,1,128,1,1,16,0.000,0.000,,,,,NVIDIA A100-SXM4-40GB MIG 4g.20gb (0),1,,13,cupy_copy__float16_float16
1970762567,2848,52283,282,1,1,128,1,1,16,0.000,0.000,,,,,NVIDIA A100-SXM4-40GB MIG 4g.20gb (0),1,,13,cupy_copy__complex64_complex64
1970768327,2208,52292,26,1,1,128,1,1,16,0.000,0.000,,,,,NVIDIA A100-SXM4-40GB MIG 4g.20gb (0),1,,13,cupy_copy__float32_float32
1970773191,3136,52301,103,1,1,128,1,1,16,0.000,0.000,,,,,NVIDIA A100-SXM4-40GB MIG 4g.20gb (0),1,,13,cupy_copy__complex64_complex64
1970779111,12127,52311,1434,1,1,128,1,1,16,0.000,0.000,,,,,NVIDIA A100-SXM4-40GB MIG 4g.20gb (0),1,,13,cupy_copy__complex64_complex64
1970793478,87935,52316,1,1,1,32,32,1,30,0.000,0.000,,,,,NVIDIA A100-SXM4-40GB MIG 4g.20gb (0),1,,13,"void convert_kernel<__half2, float2>(tensor_layout_any, T1 *, tensor_layout_any, const T2 *)"
1970909445,5632,52319,,,,,,,,,,0.094,16636.287,Pinned,Device,NVIDIA A100-SXM4-40GB MIG 4g.20gb (0),1,,13,[CUDA memcpy Host-to-Device]
1970920837,598488,52320,,,,,,,,,,456.561,762457.605,Device,,NVIDIA A100-SXM4-40GB MIG 4g.20gb (0),1,,13,[CUDA memset]
1971531901,147134,52325,,,,,,,,,,1.235,8392.679,Pinned,Device,NVIDIA A100-SXM4-40GB MIG 4g.20gb (0),1,,13,[CUDA memcpy Host-to-Device]
1971690747,29600,52326,,,,,,,,,,0.197,6642.008,Pinned,Device,NVIDIA A100-SXM4-40GB MIG 4g.20gb (0),1,,13,[CUDA memcpy Host-to-Device]
1971739515,7744,52327,69,4,1,48,1,1,76,0.002,0.000,,,,,NVIDIA A100-SXM4-40GB MIG 4g.20gb (0),1,,13,"void ch_est::windowedChEstPreNoDftSOfdmKernel<float, __half, float, (unsigned int)2, (unsigned int)1, (unsigned short)4>(ch_est::puschRxChEstStatDescr_t *, ch_est::puschRxChEstDynDescr_t *)"
1971750651,6239,52328,137,2,1,24,2,1,44,0.001,0.001,,,,,NVIDIA A100-SXM4-40GB MIG 4g.20gb (0),1,,13,"void ch_est::chEstFilterNoDftSOfdmDispatchKernel<float, __half, float, (unsigned int)2>(ch_est::puschRxChEstStatDescr_t *, ch_est::puschRxChEstDynDescr_t *)"
1971760250,5280,52329,137,2,1,24,2,1,44,0.001,0.001,,,,,NVIDIA A100-SXM4-40GB MIG 4g.20gb (0),1,,13,"void ch_est::chEstFilterNoDftSOfdmDispatchKernel<float, __half, float, (unsigned int)2>(ch_est::puschRxChEstStatDescr_t *, ch_est::puschRxChEstDynDescr_t *)"
1971770586,2656,52340,103,1,1,128,1,1,16,0.000,0.000,,,,,NVIDIA A100-SXM4-40GB MIG 4g.20gb (0),1,,13,cupy_copy__complex64_complex64
1971779834,12896,52350,1434,1,1,128,1,1,16,0.000,0.000,,,,,NVIDIA A100-SXM4-40GB MIG 4g.20gb (0),1,,13,cupy_copy__complex64_complex64
1971795418,2720,52357,103,1,1,128,1,1,16,0.000,0.000,,,,,NVIDIA A100-SXM4-40GB MIG 4g.20gb (0),1,,13,cupy_copy__complex64_complex64
1971804474,85759,52364,1,1,1,32,32,1,30,0.000,0.000,,,,,NVIDIA A100-SXM4-40GB MIG 4g.20gb (0),1,,13,"void convert_kernel<__half2, float2>(tensor_layout_any, T1 *, tensor_layout_any, const T2 *)"
1971917144,13440,52367,,,,,,,,,,0.094,6971.357,Pinned,Device,NVIDIA A100-SXM4-40GB MIG 4g.20gb (0),1,,13,[CUDA memcpy Host-to-Device]
1971935512,47168,52368,,,,,,,,,,35.810,759170.304,Device,,NVIDIA A100-SXM4-40GB MIG 4g.20gb (0),1,,13,[CUDA memset]
1971990680,3520,52370,,,,,,,,,,0.000,22.727,Pinned,Device,NVIDIA A100-SXM4-40GB MIG 4g.20gb (0),1,,13,[CUDA memcpy Host-to-Device]
1972002743,19968,52371,,,,,,,,,,0.197,9846.129,Pinned,Device,NVIDIA A100-SXM4-40GB MIG 4g.20gb (0),1,,13,[CUDA memcpy Host-to-Device]
1972039671,9056,52372,273,1,1,48,1,1,40,0.000,0.001,,,,,NVIDIA A100-SXM4-40GB MIG 4g.20gb (0),1,,13,"void pusch_noise_intf_est::noiseIntfEstNoDftSOfdmKernel<float, __half, float, float, (unsigned int)2, (unsigned int)1, (unsigned char)4, (unsigned char)4>(pusch_noise_intf_est::puschRxNoiseIntfEstDynDescr)"
1972059927,2848,52383,35,1,1,128,1,1,16,0.000,0.000,,,,,NVIDIA A100-SXM4-40GB MIG 4g.20gb (0),1,,13,cupy_copy__complex64_complex64
1972069687,1664,52392,1,1,1,1,1,1,18,0.000,0.000,,,,,NVIDIA A100-SXM4-40GB MIG 4g.20gb (0),1,,13,cupy_copy__float32_float32
1972076311,6111,52398,,,,,,,,,,0.000,0.655,Device,Pageable,NVIDIA A100-SXM4-40GB MIG 4g.20gb (0),1,,7,[CUDA memcpy Device-to-Host]
1972159221,12800,52409,1434,1,1,128,1,1,16,0.000,0.000,,,,,NVIDIA A100-SXM4-40GB MIG 4g.20gb (0),1,,13,cupy_copy__complex64_complex64
1972181205,2848,52416,103,1,1,128,1,1,16,0.000,0.000,,,,,NVIDIA A100-SXM4-40GB MIG 4g.20gb (0),1,,13,cupy_copy__complex64_complex64
1972207733,2304,52423,35,1,1,128,1,1,16,0.000,0.000,,,,,NVIDIA A100-SXM4-40GB MIG 4g.20gb (0),1,,13,cupy_copy__complex64_complex64
1972226485,1824,52430,1,1,1,1,1,1,18,0.000,0.000,,,,,NVIDIA A100-SXM4-40GB MIG 4g.20gb (0),1,,13,cupy_copy__float32_float32
1972350035,82463,52441,1,1,1,32,32,1,30,0.000,0.000,,,,,NVIDIA A100-SXM4-40GB MIG 4g.20gb (0),1,,13,"void convert_kernel<__half2, float2>(tensor_layout_any, T1 *, tensor_layout_any, const T2 *)"
1972460402,5408,52444,,,,,,,,,,0.094,17325.421,Pinned,Device,NVIDIA A100-SXM4-40GB MIG 4g.20gb (0),1,,13,[CUDA memcpy Host-to-Device]
1972476274,3392,52445,,,,,,,,,,1.547,455961.768,Device,,NVIDIA A100-SXM4-40GB MIG 4g.20gb (0),1,,13,[CUDA memset]
1972481873,3136,52450,,,,,,,,,,0.031,9979.575,Pinned,Device,NVIDIA A100-SXM4-40GB MIG 4g.20gb (0),1,,13,[CUDA memcpy Host-to-Device]
1972487441,9792,52451,,,,,,,,,,0.197,20078.395,Pinned,Device,NVIDIA A100-SXM4-40GB MIG 4g.20gb (0),1,,13,[CUDA memcpy Host-to-Device]
1972502097,6624,52452,273,1,1,8,4,1,39,0.002,0.000,,,,,NVIDIA A100-SXM4-40GB MIG 4g.20gb (0),1,,13,"void channel_eq::eqMmseCoefCompLowMimoKernel<float, float, float, (unsigned int)4, (unsigned int)1, (unsigned int)4>(const channel_eq::_puschRxChEqStatDescr *, channel_eq::_puschRxChEqCoefCompDynDescr)"
1972509777,6720,52453,273,1,1,12,11,1,51,0.002,0.000,,,,,NVIDIA A100-SXM4-40GB MIG 4g.20gb (0),1,,13,"void channel_eq::eqMmseSoftDemapKernel<float, __half, __half, float, (unsigned int)4, (unsigned short)16383>(channel_eq::_puschRxChEqStatDescr *, channel_eq::_puschRxChEqSoftDemapDynDescr)"
1972517457,282301,52454,1,1,1,32,32,1,30,0.000,0.000,,,,,NVIDIA A100-SXM4-40GB MIG 4g.20gb (0),1,,13,"void convert_kernel<float2, __half2>(tensor_layout_any, T1 *, tensor_layout_any, const T2 *)"
1972801102,10943,52466,2253,1,1,128,1,1,16,0.000,0.000,,,,,NVIDIA A100-SXM4-40GB MIG 4g.20gb (0),1,,13,cupy_copy__float16_float16
1972816333,2688,52475,282,1,1,128,1,1,16,0.000,0.000,,,,,NVIDIA A100-SXM4-40GB MIG 4g.20gb (0),1,,13,cupy_copy__complex64_complex64
1972821453,2368,52484,26,1,1,128,1,1,16,0.000,0.000,,,,,NVIDIA A100-SXM4-40GB MIG 4g.20gb (0),1,,13,cupy_copy__float32_float32
1972824813,2912,52493,103,1,1,128,1,1,16,0.000,0.000,,,,,NVIDIA A100-SXM4-40GB MIG 4g.20gb (0),1,,13,cupy_copy__complex64_complex64
1972830605,12032,52503,1434,1,1,128,1,1,16,0.000,0.000,,,,,NVIDIA A100-SXM4-40GB MIG 4g.20gb (0),1,,13,cupy_copy__complex64_complex64
1972848397,81567,52508,1,1,1,32,32,1,30,0.000,0.000,,,,,NVIDIA A100-SXM4-40GB MIG 4g.20gb (0),1,,13,"void convert_kernel<__half2, float2>(tensor_layout_any, T1 *, tensor_layout_any, const T2 *)"
1972956908,5600,52511,,,,,,,,,,0.094,16731.388,Pinned,Device,NVIDIA A100-SXM4-40GB MIG 4g.20gb (0),1,,13,[CUDA memcpy Host-to-Device]
1972967755,597753,52512,,,,,,,,,,456.561,763370.728,Device,,NVIDIA A100-SXM4-40GB MIG 4g.20gb (0),1,,13,[CUDA memset]
1973570692,136638,52517,,,,,,,,,,1.235,9037.320,Pinned,Device,NVIDIA A100-SXM4-40GB MIG 4g.20gb (0),1,,13,[CUDA memcpy Host-to-Device]
1973717090,30752,52518,,,,,,,,,,0.197,6393.299,Pinned,Device,NVIDIA A100-SXM4-40GB MIG 4g.20gb (0),1,,13,[CUDA memcpy Host-to-Device]
1973764066,7776,52519,69,4,1,48,1,1,76,0.002,0.000,,,,,NVIDIA A100-SXM4-40GB MIG 4g.20gb (0),1,,13,"void ch_est::windowedChEstPreNoDftSOfdmKernel<float, __half, float, (unsigned int)2, (unsigned int)1, (unsigned short)4>(ch_est::puschRxChEstStatDescr_t *, ch_est::puschRxChEstDynDescr_t *)"
1973779809,6624,52520,137,2,1,24,2,1,44,0.001,0.001,,,,,NVIDIA A100-SXM4-40GB MIG 4g.20gb (0),1,,13,"void ch_est::chEstFilterNoDftSOfdmDispatchKernel<float, __half, float, (unsigned int)2>(ch_est::puschRxChEstStatDescr_t *, ch_est::puschRxChEstDynDescr_t *)"
1973804033,4768,52521,137,2,1,24,2,1,44,0.001,0.001,,,,,NVIDIA A100-SXM4-40GB MIG 4g.20gb (0),1,,13,"void ch_est::chEstFilterNoDftSOfdmDispatchKernel<float, __half, float, (unsigned int)2>(ch_est::puschRxChEstStatDescr_t *, ch_est::puschRxChEstDynDescr_t *)"
1973827713,2688,52532,103,1,1,128,1,1,16,0.000,0.000,,,,,NVIDIA A100-SXM4-40GB MIG 4g.20gb (0),1,,13,cupy_copy__complex64_complex64
1973840449,12512,52542,1434,1,1,128,1,1,16,0.000,0.000,,,,,NVIDIA A100-SXM4-40GB MIG 4g.20gb (0),1,,13,cupy_copy__complex64_complex64
1973873056,2656,52549,103,1,1,128,1,1,16,0.000,0.000,,,,,NVIDIA A100-SXM4-40GB MIG 4g.20gb (0),1,,13,cupy_copy__complex64_complex64
1973887008,82687,52556,1,1,1,32,32,1,30,0.000,0.000,,,,,NVIDIA A100-SXM4-40GB MIG 4g.20gb (0),1,,13,"void convert_kernel<__half2, float2>(tensor_layout_any, T1 *, tensor_layout_any, const T2 *)"
1973996895,9728,52559,,,,,,,,,,0.094,9631.574,Pinned,Device,NVIDIA A100-SXM4-40GB MIG 4g.20gb (0),1,,13,[CUDA memcpy Host-to-Device]
1974014879,47647,52560,,,,,,,,,,35.810,751542.791,Device,,NVIDIA A100-SXM4-40GB MIG 4g.20gb (0),1,,13,[CUDA memset]
1974065662,4704,52562,,,,,,,,,,0.000,17.007,Pinned,Device,NVIDIA A100-SXM4-40GB MIG 4g.20gb (0),1,,13,[CUDA memcpy Host-to-Device]
1974075710,13216,52563,,,,,,,,,,0.197,14876.344,Pinned,Device,NVIDIA A100-SXM4-40GB MIG 4g.20gb (0),1,,13,[CUDA memcpy Host-to-Device]
1974100125,12992,52564,273,1,1,48,1,1,40,0.000,0.001,,,,,NVIDIA A100-SXM4-40GB MIG 4g.20gb (0),1,,13,"void pusch_noise_intf_est::noiseIntfEstNoDftSOfdmKernel<float, __half, float, float, (unsigned int)2, (unsigned int)1, (unsigned char)4, (unsigned char)4>(pusch_noise_intf_est::puschRxNoiseIntfEstDynDescr)"
1974118141,3008,52575,35,1,1,128,1,1,16,0.000,0.000,,,,,NVIDIA A100-SXM4-40GB MIG 4g.20gb (0),1,,13,cupy_copy__complex64_complex64
1974123933,1888,52584,1,1,1,1,1,1,18,0.000,0.000,,,,,NVIDIA A100-SXM4-40GB MIG 4g.20gb (0),1,,13,cupy_copy__float32_float32
1974150909,3744,52590,,,,,,,,,,0.000,1.068,Device,Pageable,NVIDIA A100-SXM4-40GB MIG 4g.20gb (0),1,,7,[CUDA memcpy Device-to-Host]
1974214332,13184,52601,1434,1,1,128,1,1,16,0.000,0.000,,,,,NVIDIA A100-SXM4-40GB MIG 4g.20gb (0),1,,13,cupy_copy__complex64_complex64
1974244476,3456,52608,103,1,1,128,1,1,16,0.000,0.000,,,,,NVIDIA A100-SXM4-40GB MIG 4g.20gb (0),1,,13,cupy_copy__complex64_complex64
1974266459,2624,52615,35,1,1,128,1,1,16,0.000,0.000,,,,,NVIDIA A100-SXM4-40GB MIG 4g.20gb (0),1,,13,cupy_copy__complex64_complex64
1974284539,1920,52622,1,1,1,1,1,1,18,0.000,0.000,,,,,NVIDIA A100-SXM4-40GB MIG 4g.20gb (0),1,,13,cupy_copy__float32_float32
1974422169,81055,52633,1,1,1,32,32,1,30,0.000,0.000,,,,,NVIDIA A100-SXM4-40GB MIG 4g.20gb (0),1,,13,"void convert_kernel<__half2, float2>(tensor_layout_any, T1 *, tensor_layout_any, const T2 *)"
1974530936,5856,52636,,,,,,,,,,0.094,15999.997,Pinned,Device,NVIDIA A100-SXM4-40GB MIG 4g.20gb (0),1,,13,[CUDA memcpy Host-to-Device]
1974544984,3520,52637,,,,,,,,,,1.547,439380.412,Device,,NVIDIA A100-SXM4-40GB MIG 4g.20gb (0),1,,13,[CUDA memset]
1974551960,3168,52642,,,,,,,,,,0.031,9878.770,Pinned,Device,NVIDIA A100-SXM4-40GB MIG 4g.20gb (0),1,,13,[CUDA memcpy Host-to-Device]
1974557592,9408,52643,,,,,,,,,,0.197,20897.858,Pinned,Device,NVIDIA A100-SXM4-40GB MIG 4g.20gb (0),1,,13,[CUDA memcpy Host-to-Device]
1974571160,6304,52644,273,1,1,8,4,1,39,0.002,0.000,,,,,NVIDIA A100-SXM4-40GB MIG 4g.20gb (0),1,,13,"void channel_eq::eqMmseCoefCompLowMimoKernel<float, float, float, (unsigned int)4, (unsigned int)1, (unsigned int)4>(const channel_eq::_puschRxChEqStatDescr *, channel_eq::_puschRxChEqCoefCompDynDescr)"
1974578424,6463,52645,273,1,1,12,11,1,51,0.002,0.000,,,,,NVIDIA A100-SXM4-40GB MIG 4g.20gb (0),1,,13,"void channel_eq::eqMmseSoftDemapKernel<float, __half, __half, float, (unsigned int)4, (unsigned short)16383>(channel_eq::_puschRxChEqStatDescr *, channel_eq::_puschRxChEqSoftDemapDynDescr)"
1974585879,282653,52646,1,1,1,32,32,1,30,0.000,0.000,,,,,NVIDIA A100-SXM4-40GB MIG 4g.20gb (0),1,,13,"void convert_kernel<float2, __half2>(tensor_layout_any, T1 *, tensor_layout_any, const T2 *)"
1974870260,10912,52658,2253,1,1,128,1,1,16,0.000,0.000,,,,,NVIDIA A100-SXM4-40GB MIG 4g.20gb (0),1,,13,cupy_copy__float16_float16
1974883060,3328,52667,282,1,1,128,1,1,16,0.000,0.000,,,,,NVIDIA A100-SXM4-40GB MIG 4g.20gb (0),1,,13,cupy_copy__complex64_complex64
1974890100,2080,52676,26,1,1,128,1,1,16,0.000,0.000,,,,,NVIDIA A100-SXM4-40GB MIG 4g.20gb (0),1,,13,cupy_copy__float32_float32
1974893652,3296,52685,103,1,1,128,1,1,16,0.000,0.000,,,,,NVIDIA A100-SXM4-40GB MIG 4g.20gb (0),1,,13,cupy_copy__complex64_complex64
1974899540,12159,52695,1434,1,1,128,1,1,16,0.000,0.000,,,,,NVIDIA A100-SXM4-40GB MIG 4g.20gb (0),1,,13,cupy_copy__complex64_complex64
1974924627,81311,52700,1,1,1,32,32,1,30,0.000,0.000,,,,,NVIDIA A100-SXM4-40GB MIG 4g.20gb (0),1,,13,"void convert_kernel<__half2, float2>(tensor_layout_any, T1 *, tensor_layout_any, const T2 *)"
1975032466,5824,52703,,,,,,,,,,0.094,16087.884,Pinned,Device,NVIDIA A100-SXM4-40GB MIG 4g.20gb (0),1,,13,[CUDA memcpy Host-to-Device]
1975043346,597336,52704,,,,,,,,,,456.561,764283.851,Device,,NVIDIA A100-SXM4-40GB MIG 4g.20gb (0),1,,13,[CUDA memset]
1975646890,159134,52709,,,,,,,,,,1.235,7760.388,Pinned,Device,NVIDIA A100-SXM4-40GB MIG 4g.20gb (0),1,,13,[CUDA memcpy Host-to-Device]
1975815080,39616,52710,,,,,,,,,,0.197,4962.779,Pinned,Device,NVIDIA A100-SXM4-40GB MIG 4g.20gb (0),1,,13,[CUDA memcpy Host-to-Device]
1975887527,8160,52711,69,4,1,48,1,1,76,0.002,0.000,,,,,NVIDIA A100-SXM4-40GB MIG 4g.20gb (0),1,,13,"void ch_est::windowedChEstPreNoDftSOfdmKernel<float, __half, float, (unsigned int)2, (unsigned int)1, (unsigned short)4>(ch_est::puschRxChEstStatDescr_t *, ch_est::puschRxChEstDynDescr_t *)"
1975906439,6944,52712,137,2,1,24,2,1,44,0.001,0.001,,,,,NVIDIA A100-SXM4-40GB MIG 4g.20gb (0),1,,13,"void ch_est::chEstFilterNoDftSOfdmDispatchKernel<float, __half, float, (unsigned int)2>(ch_est::puschRxChEstStatDescr_t *, ch_est::puschRxChEstDynDescr_t *)"
1975923847,4832,52713,137,2,1,24,2,1,44,0.001,0.001,,,,,NVIDIA A100-SXM4-40GB MIG 4g.20gb (0),1,,13,"void ch_est::chEstFilterNoDftSOfdmDispatchKernel<float, __half, float, (unsigned int)2>(ch_est::puschRxChEstStatDescr_t *, ch_est::puschRxChEstDynDescr_t *)"
1975940583,2688,52724,103,1,1,128,1,1,16,0.000,0.000,,,,,NVIDIA A100-SXM4-40GB MIG 4g.20gb (0),1,,13,cupy_copy__complex64_complex64
1975956166,12320,52734,1434,1,1,128,1,1,16,0.000,0.000,,,,,NVIDIA A100-SXM4-40GB MIG 4g.20gb (0),1,,13,cupy_copy__complex64_complex64
1975992518,2528,52741,103,1,1,128,1,1,16,0.000,0.000,,,,,NVIDIA A100-SXM4-40GB MIG 4g.20gb (0),1,,13,cupy_copy__complex64_complex64
1976015174,88927,52748,1,1,1,32,32,1,30,0.000,0.000,,,,,NVIDIA A100-SXM4-40GB MIG 4g.20gb (0),1,,13,"void convert_kernel<__half2, float2>(tensor_layout_any, T1 *, tensor_layout_any, const T2 *)"
1976133668,22784,52751,,,,,,,,,,0.094,4112.317,Pinned,Device,NVIDIA A100-SXM4-40GB MIG 4g.20gb (0),1,,13,[CUDA memcpy Host-to-Device]
1976180388,46591,52752,,,,,,,,,,35.810,768588.313,Device,,NVIDIA A100-SXM4-40GB MIG 4g.20gb (0),1,,13,[CUDA memset]
1976234787,9536,52754,,,,,,,,,,0.000,8.389,Pinned,Device,NVIDIA A100-SXM4-40GB MIG 4g.20gb (0),1,,13,[CUDA memcpy Host-to-Device]
1976255907,21023,52755,,,,,,,,,,0.197,9351.856,Pinned,Device,NVIDIA A100-SXM4-40GB MIG 4g.20gb (0),1,,13,[CUDA memcpy Host-to-Device]
1976298530,9600,52756,273,1,1,48,1,1,40,0.000,0.001,,,,,NVIDIA A100-SXM4-40GB MIG 4g.20gb (0),1,,13,"void pusch_noise_intf_est::noiseIntfEstNoDftSOfdmKernel<float, __half, float, float, (unsigned int)2, (unsigned int)1, (unsigned char)4, (unsigned char)4>(pusch_noise_intf_est::puschRxNoiseIntfEstDynDescr)"
1976314338,2592,52767,35,1,1,128,1,1,16,0.000,0.000,,,,,NVIDIA A100-SXM4-40GB MIG 4g.20gb (0),1,,13,cupy_copy__complex64_complex64
1976328130,1696,52776,1,1,1,1,1,1,18,0.000,0.000,,,,,NVIDIA A100-SXM4-40GB MIG 4g.20gb (0),1,,13,cupy_copy__float32_float32
1976334114,6816,52782,,,,,,,,,,0.000,0.587,Device,Pageable,NVIDIA A100-SXM4-40GB MIG 4g.20gb (0),1,,7,[CUDA memcpy Device-to-Host]
1976410625,12928,52793,1434,1,1,128,1,1,16,0.000,0.000,,,,,NVIDIA A100-SXM4-40GB MIG 4g.20gb (0),1,,13,cupy_copy__complex64_complex64
1976441824,2720,52800,103,1,1,128,1,1,16,0.000,0.000,,,,,NVIDIA A100-SXM4-40GB MIG 4g.20gb (0),1,,13,cupy_copy__complex64_complex64
1976467968,2304,52807,35,1,1,128,1,1,16,0.000,0.000,,,,,NVIDIA A100-SXM4-40GB MIG 4g.20gb (0),1,,13,cupy_copy__complex64_complex64
1976483136,1792,52814,1,1,1,1,1,1,18,0.000,0.000,,,,,NVIDIA A100-SXM4-40GB MIG 4g.20gb (0),1,,13,cupy_copy__float32_float32
1976619102,87519,52825,1,1,1,32,32,1,30,0.000,0.000,,,,,NVIDIA A100-SXM4-40GB MIG 4g.20gb (0),1,,13,"void convert_kernel<__half2, float2>(tensor_layout_any, T1 *, tensor_layout_any, const T2 *)"
1976734173,6816,52828,,,,,,,,,,0.094,13746.421,Pinned,Device,NVIDIA A100-SXM4-40GB MIG 4g.20gb (0),1,,13,[CUDA memcpy Host-to-Device]
1976751101,3456,52829,,,,,,,,,,1.547,447517.201,Device,,NVIDIA A100-SXM4-40GB MIG 4g.20gb (0),1,,13,[CUDA memset]
1976754941,4383,52834,,,,,,,,,,0.031,7140.308,Pinned,Device,NVIDIA A100-SXM4-40GB MIG 4g.20gb (0),1,,13,[CUDA memcpy Host-to-Device]
1976762844,9952,52835,,,,,,,,,,0.197,19755.565,Pinned,Device,NVIDIA A100-SXM4-40GB MIG 4g.20gb (0),1,,13,[CUDA memcpy Host-to-Device]
1976779644,6816,52836,273,1,1,8,4,1,39,0.002,0.000,,,,,NVIDIA A100-SXM4-40GB MIG 4g.20gb (0),1,,13,"void channel_eq::eqMmseCoefCompLowMimoKernel<float, float, float, (unsigned int)4, (unsigned int)1, (unsigned int)4>(const channel_eq::_puschRxChEqStatDescr *, channel_eq::_puschRxChEqCoefCompDynDescr)"
1976788028,6016,52837,273,1,1,12,11,1,51,0.002,0.000,,,,,NVIDIA A100-SXM4-40GB MIG 4g.20gb (0),1,,13,"void channel_eq::eqMmseSoftDemapKernel<float, __half, __half, float, (unsigned int)4, (unsigned short)16383>(channel_eq::_puschRxChEqStatDescr *, channel_eq::_puschRxChEqSoftDemapDynDescr)"
1976796092,282621,52838,1,1,1,32,32,1,30,0.000,0.000,,,,,NVIDIA A100-SXM4-40GB MIG 4g.20gb (0),1,,13,"void convert_kernel<float2, __half2>(tensor_layout_any, T1 *, tensor_layout_any, const T2 *)"
1977082744,11040,52850,2253,1,1,128,1,1,16,0.000,0.000,,,,,NVIDIA A100-SXM4-40GB MIG 4g.20gb (0),1,,13,cupy_copy__float16_float16
1977095672,3136,52859,282,1,1,128,1,1,16,0.000,0.000,,,,,NVIDIA A100-SXM4-40GB MIG 4g.20gb (0),1,,13,cupy_copy__complex64_complex64
1977100440,2144,52868,26,1,1,128,1,1,16,0.000,0.000,,,,,NVIDIA A100-SXM4-40GB MIG 4g.20gb (0),1,,13,cupy_copy__float32_float32
1977104056,2784,52877,103,1,1,128,1,1,16,0.000,0.000,,,,,NVIDIA A100-SXM4-40GB MIG 4g.20gb (0),1,,13,cupy_copy__complex64_complex64
1977109240,12224,52887,1434,1,1,128,1,1,16,0.000,0.000,,,,,NVIDIA A100-SXM4-40GB MIG 4g.20gb (0),1,,13,cupy_copy__complex64_complex64
1977127256,82975,52892,1,1,1,32,32,1,30,0.000,0.000,,,,,NVIDIA A100-SXM4-40GB MIG 4g.20gb (0),1,,13,"void convert_kernel<__half2, float2>(tensor_layout_any, T1 *, tensor_layout_any, const T2 *)"
1977237911,5823,52895,,,,,,,,,,0.094,16090.601,Pinned,Device,NVIDIA A100-SXM4-40GB MIG 4g.20gb (0),1,,13,[CUDA memcpy Host-to-Device]
1977248886,597241,52896,,,,,,,,,,456.561,764283.851,Device,,NVIDIA A100-SXM4-40GB MIG 4g.20gb (0),1,,13,[CUDA memset]
1977847279,155614,52901,,,,,,,,,,1.235,7935.750,Pinned,Device,NVIDIA A100-SXM4-40GB MIG 4g.20gb (0),1,,13,[CUDA memcpy Host-to-Device]
1978015021,39935,52902,,,,,,,,,,0.197,4923.064,Pinned,Device,NVIDIA A100-SXM4-40GB MIG 4g.20gb (0),1,,13,[CUDA memcpy Host-to-Device]
1978089356,8128,52903,69,4,1,48,1,1,76,0.002,0.000,,,,,NVIDIA A100-SXM4-40GB MIG 4g.20gb (0),1,,13,"void ch_est::windowedChEstPreNoDftSOfdmKernel<float, __half, float, (unsigned int)2, (unsigned int)1, (unsigned short)4>(ch_est::puschRxChEstStatDescr_t *, ch_est::puschRxChEstDynDescr_t *)"
1978108812,6272,52904,137,2,1,24,2,1,44,0.001,0.001,,,,,NVIDIA A100-SXM4-40GB MIG 4g.20gb (0),1,,13,"void ch_est::chEstFilterNoDftSOfdmDispatchKernel<float, __half, float, (unsigned int)2>(ch_est::puschRxChEstStatDescr_t *, ch_est::puschRxChEstDynDescr_t *)"
1978126732,4767,52905,137,2,1,24,2,1,44,0.001,0.001,,,,,NVIDIA A100-SXM4-40GB MIG 4g.20gb (0),1,,13,"void ch_est::chEstFilterNoDftSOfdmDispatchKernel<float, __half, float, (unsigned int)2>(ch_est::puschRxChEstStatDescr_t *, ch_est::puschRxChEstDynDescr_t *)"
1978146827,2624,52916,103,1,1,128,1,1,16,0.000,0.000,,,,,NVIDIA A100-SXM4-40GB MIG 4g.20gb (0),1,,13,cupy_copy__complex64_complex64
1978163403,12416,52926,1434,1,1,128,1,1,16,0.000,0.000,,,,,NVIDIA A100-SXM4-40GB MIG 4g.20gb (0),1,,13,cupy_copy__complex64_complex64
1978183019,2528,52933,103,1,1,128,1,1,16,0.000,0.000,,,,,NVIDIA A100-SXM4-40GB MIG 4g.20gb (0),1,,13,cupy_copy__complex64_complex64
1978205579,81727,52940,1,1,1,32,32,1,30,0.000,0.000,,,,,NVIDIA A100-SXM4-40GB MIG 4g.20gb (0),1,,13,"void convert_kernel<__half2, float2>(tensor_layout_any, T1 *, tensor_layout_any, const T2 *)"
1978320329,21344,52943,,,,,,,,,,0.094,4389.751,Pinned,Device,NVIDIA A100-SXM4-40GB MIG 4g.20gb (0),1,,13,[CUDA memcpy Host-to-Device]
1978367209,47135,52944,,,,,,,,,,35.810,759707.453,Device,,NVIDIA A100-SXM4-40GB MIG 4g.20gb (0),1,,13,[CUDA memset]
1978421128,13376,52946,,,,,,,,,,0.000,5.981,Pinned,Device,NVIDIA A100-SXM4-40GB MIG 4g.20gb (0),1,,13,[CUDA memcpy Host-to-Device]
1978443976,25279,52947,,,,,,,,,,0.197,7777.419,Pinned,Device,NVIDIA A100-SXM4-40GB MIG 4g.20gb (0),1,,13,[CUDA memcpy Host-to-Device]
1978486951,9632,52948,273,1,1,48,1,1,40,0.000,0.001,,,,,NVIDIA A100-SXM4-40GB MIG 4g.20gb (0),1,,13,"void pusch_noise_intf_est::noiseIntfEstNoDftSOfdmKernel<float, __half, float, float, (unsigned int)2, (unsigned int)1, (unsigned char)4, (unsigned char)4>(pusch_noise_intf_est::puschRxNoiseIntfEstDynDescr)"
1978504871,2624,52959,35,1,1,128,1,1,16,0.000,0.000,,,,,NVIDIA A100-SXM4-40GB MIG 4g.20gb (0),1,,13,cupy_copy__complex64_complex64
1978522407,2080,52968,1,1,1,1,1,1,18,0.000,0.000,,,,,NVIDIA A100-SXM4-40GB MIG 4g.20gb (0),1,,13,cupy_copy__float32_float32
1978527815,4800,52974,,,,,,,,,,0.000,0.833,Device,Pageable,NVIDIA A100-SXM4-40GB MIG 4g.20gb (0),1,,7,[CUDA memcpy Device-to-Host]
1978617797,13056,52985,1434,1,1,128,1,1,16,0.000,0.000,,,,,NVIDIA A100-SXM4-40GB MIG 4g.20gb (0),1,,13,cupy_copy__complex64_complex64
1978648773,3296,52992,103,1,1,128,1,1,16,0.000,0.000,,,,,NVIDIA A100-SXM4-40GB MIG 4g.20gb (0),1,,13,cupy_copy__complex64_complex64
1978666181,2560,52999,35,1,1,128,1,1,16,0.000,0.000,,,,,NVIDIA A100-SXM4-40GB MIG 4g.20gb (0),1,,13,cupy_copy__complex64_complex64
1978682917,1760,53006,1,1,1,1,1,1,18,0.000,0.000,,,,,NVIDIA A100-SXM4-40GB MIG 4g.20gb (0),1,,13,cupy_copy__float32_float32
1978803587,82719,53017,1,1,1,32,32,1,30,0.000,0.000,,,,,NVIDIA A100-SXM4-40GB MIG 4g.20gb (0),1,,13,"void convert_kernel<__half2, float2>(tensor_layout_any, T1 *, tensor_layout_any, const T2 *)"
1978915074,5536,53020,,,,,,,,,,0.094,16924.777,Pinned,Device,NVIDIA A100-SXM4-40GB MIG 4g.20gb (0),1,,13,[CUDA memcpy Host-to-Device]
1978929442,3456,53021,,,,,,,,,,1.547,447517.201,Device,,NVIDIA A100-SXM4-40GB MIG 4g.20gb (0),1,,13,[CUDA memset]
1978936418,3231,53026,,,,,,,,,,0.031,9686.143,Pinned,Device,NVIDIA A100-SXM4-40GB MIG 4g.20gb (0),1,,13,[CUDA memcpy Host-to-Device]
1978942689,9632,53027,,,,,,,,,,0.197,20411.843,Pinned,Device,NVIDIA A100-SXM4-40GB MIG 4g.20gb (0),1,,13,[CUDA memcpy Host-to-Device]
1978957921,5920,53028,273,1,1,8,4,1,39,0.002,0.000,,,,,NVIDIA A100-SXM4-40GB MIG 4g.20gb (0),1,,13,"void channel_eq::eqMmseCoefCompLowMimoKernel<float, float, float, (unsigned int)4, (unsigned int)1, (unsigned int)4>(const channel_eq::_puschRxChEqStatDescr *, channel_eq::_puschRxChEqCoefCompDynDescr)"
1978967233,6336,53029,273,1,1,12,11,1,51,0.002,0.000,,,,,NVIDIA A100-SXM4-40GB MIG 4g.20gb (0),1,,13,"void channel_eq::eqMmseSoftDemapKernel<float, __half, __half, float, (unsigned int)4, (unsigned short)16383>(channel_eq::_puschRxChEqStatDescr *, channel_eq::_puschRxChEqSoftDemapDynDescr)"
1978974593,282685,53030,1,1,1,32,32,1,30,0.000,0.000,,,,,NVIDIA A100-SXM4-40GB MIG 4g.20gb (0),1,,13,"void convert_kernel<float2, __half2>(tensor_layout_any, T1 *, tensor_layout_any, const T2 *)"
1979258494,11231,53042,2253,1,1,128,1,1,16,0.000,0.000,,,,,NVIDIA A100-SXM4-40GB MIG 4g.20gb (0),1,,13,cupy_copy__float16_float16
1979271389,3616,53051,282,1,1,128,1,1,16,0.000,0.000,,,,,NVIDIA A100-SXM4-40GB MIG 4g.20gb (0),1,,13,cupy_copy__complex64_complex64
1979278173,2112,53060,26,1,1,128,1,1,16,0.000,0.000,,,,,NVIDIA A100-SXM4-40GB MIG 4g.20gb (0),1,,13,cupy_copy__float32_float32
1979283805,4512,53069,103,1,1,128,1,1,16,0.000,0.000,,,,,NVIDIA A100-SXM4-40GB MIG 4g.20gb (0),1,,13,cupy_copy__complex64_complex64
1979290813,12160,53079,1434,1,1,128,1,1,16,0.000,0.000,,,,,NVIDIA A100-SXM4-40GB MIG 4g.20gb (0),1,,13,cupy_copy__complex64_complex64
1979308285,86783,53084,1,1,1,32,32,1,30,0.000,0.000,,,,,NVIDIA A100-SXM4-40GB MIG 4g.20gb (0),1,,13,"void convert_kernel<__half2, float2>(tensor_layout_any, T1 *, tensor_layout_any, const T2 *)"
1979423003,5600,53087,,,,,,,,,,0.094,16731.388,Pinned,Device,NVIDIA A100-SXM4-40GB MIG 4g.20gb (0),1,,13,[CUDA memcpy Host-to-Device]
1979435099,596601,53088,,,,,,,,,,456.561,765196.973,Device,,NVIDIA A100-SXM4-40GB MIG 4g.20gb (0),1,,13,[CUDA memset]
1980040692,137886,53093,,,,,,,,,,1.235,8955.814,Pinned,Device,NVIDIA A100-SXM4-40GB MIG 4g.20gb (0),1,,13,[CUDA memcpy Host-to-Device]
1980182162,17312,53094,,,,,,,,,,0.197,11356.668,Pinned,Device,NVIDIA A100-SXM4-40GB MIG 4g.20gb (0),1,,13,[CUDA memcpy Host-to-Device]
1980212498,8320,53095,69,4,1,48,1,1,76,0.002,0.000,,,,,NVIDIA A100-SXM4-40GB MIG 4g.20gb (0),1,,13,"void ch_est::windowedChEstPreNoDftSOfdmKernel<float, __half, float, (unsigned int)2, (unsigned int)1, (unsigned short)4>(ch_est::puschRxChEstStatDescr_t *, ch_est::puschRxChEstDynDescr_t *)"
1980227538,6463,53096,137,2,1,24,2,1,44,0.001,0.001,,,,,NVIDIA A100-SXM4-40GB MIG 4g.20gb (0),1,,13,"void ch_est::chEstFilterNoDftSOfdmDispatchKernel<float, __half, float, (unsigned int)2>(ch_est::puschRxChEstStatDescr_t *, ch_est::puschRxChEstDynDescr_t *)"
1980242001,6432,53097,137,2,1,24,2,1,44,0.001,0.001,,,,,NVIDIA A100-SXM4-40GB MIG 4g.20gb (0),1,,13,"void ch_est::chEstFilterNoDftSOfdmDispatchKernel<float, __half, float, (unsigned int)2>(ch_est::puschRxChEstStatDescr_t *, ch_est::puschRxChEstDynDescr_t *)"
1980249681,3104,53108,103,1,1,128,1,1,16,0.000,0.000,,,,,NVIDIA A100-SXM4-40GB MIG 4g.20gb (0),1,,13,cupy_copy__complex64_complex64
1980258737,12768,53118,1434,1,1,128,1,1,16,0.000,0.000,,,,,NVIDIA A100-SXM4-40GB MIG 4g.20gb (0),1,,13,cupy_copy__complex64_complex64
1980274769,2688,53125,103,1,1,128,1,1,16,0.000,0.000,,,,,NVIDIA A100-SXM4-40GB MIG 4g.20gb (0),1,,13,cupy_copy__complex64_complex64
1980284241,89247,53132,1,1,1,32,32,1,30,0.000,0.000,,,,,NVIDIA A100-SXM4-40GB MIG 4g.20gb (0),1,,13,"void convert_kernel<__half2, float2>(tensor_layout_any, T1 *, tensor_layout_any, const T2 *)"
1980401039,10240,53135,,,,,,,,,,0.094,9149.977,Pinned,Device,NVIDIA A100-SXM4-40GB MIG 4g.20gb (0),1,,13,[CUDA memcpy Host-to-Device]
1980420239,47040,53136,,,,,,,,,,35.810,761247.279,Device,,NVIDIA A100-SXM4-40GB MIG 4g.20gb (0),1,,13,[CUDA memset]
1980468527,6911,53138,,,,,,,,,,0.000,11.576,Pinned,Device,NVIDIA A100-SXM4-40GB MIG 4g.20gb (0),1,,13,[CUDA memcpy Host-to-Device]
1980482894,16352,53139,,,,,,,,,,0.197,12023.366,Pinned,Device,NVIDIA A100-SXM4-40GB MIG 4g.20gb (0),1,,13,[CUDA memcpy Host-to-Device]
1980513038,9152,53140,273,1,1,48,1,1,40,0.000,0.001,,,,,NVIDIA A100-SXM4-40GB MIG 4g.20gb (0),1,,13,"void pusch_noise_intf_est::noiseIntfEstNoDftSOfdmKernel<float, __half, float, float, (unsigned int)2, (unsigned int)1, (unsigned char)4, (unsigned char)4>(pusch_noise_intf_est::puschRxNoiseIntfEstDynDescr)"
1980532462,2816,53151,35,1,1,128,1,1,16,0.000,0.000,,,,,NVIDIA A100-SXM4-40GB MIG 4g.20gb (0),1,,13,cupy_copy__complex64_complex64
1980541870,1856,53160,1,1,1,1,1,1,18,0.000,0.000,,,,,NVIDIA A100-SXM4-40GB MIG 4g.20gb (0),1,,13,cupy_copy__float32_float32
1980557581,5824,53166,,,,,,,,,,0.000,0.687,Device,Pageable,NVIDIA A100-SXM4-40GB MIG 4g.20gb (0),1,,7,[CUDA memcpy Device-to-Host]
1980640300,13120,53177,1434,1,1,128,1,1,16,0.000,0.000,,,,,NVIDIA A100-SXM4-40GB MIG 4g.20gb (0),1,,13,cupy_copy__complex64_complex64
1980660652,2976,53184,103,1,1,128,1,1,16,0.000,0.000,,,,,NVIDIA A100-SXM4-40GB MIG 4g.20gb (0),1,,13,cupy_copy__complex64_complex64
1980685868,2656,53191,35,1,1,128,1,1,16,0.000,0.000,,,,,NVIDIA A100-SXM4-40GB MIG 4g.20gb (0),1,,13,cupy_copy__complex64_complex64
1980704876,2016,53198,1,1,1,1,1,1,18,0.000,0.000,,,,,NVIDIA A100-SXM4-40GB MIG 4g.20gb (0),1,,13,cupy_copy__float32_float32
1980828202,87807,53209,1,1,1,32,32,1,30,0.000,0.000,,,,,NVIDIA A100-SXM4-40GB MIG 4g.20gb (0),1,,13,"void convert_kernel<__half2, float2>(tensor_layout_any, T1 *, tensor_layout_any, const T2 *)"
1980943081,5440,53212,,,,,,,,,,0.094,17223.480,Pinned,Device,NVIDIA A100-SXM4-40GB MIG 4g.20gb (0),1,,13,[CUDA memcpy Host-to-Device]
1980958568,3232,53213,,,,,,,,,,1.547,478533.199,Device,,NVIDIA A100-SXM4-40GB MIG 4g.20gb (0),1,,13,[CUDA memset]
1980964648,3488,53218,,,,,,,,,,0.031,8972.469,Pinned,Device,NVIDIA A100-SXM4-40GB MIG 4g.20gb (0),1,,13,[CUDA memcpy Host-to-Device]
1980970536,10112,53219,,,,,,,,,,0.197,19442.958,Pinned,Device,NVIDIA A100-SXM4-40GB MIG 4g.20gb (0),1,,13,[CUDA memcpy Host-to-Device]
1980987816,8224,53220,273,1,1,8,4,1,39,0.002,0.000,,,,,NVIDIA A100-SXM4-40GB MIG 4g.20gb (0),1,,13,"void channel_eq::eqMmseCoefCompLowMimoKernel<float, float, float, (unsigned int)4, (unsigned int)1, (unsigned int)4>(const channel_eq::_puschRxChEqStatDescr *, channel_eq::_puschRxChEqCoefCompDynDescr)"
1980997096,5280,53221,273,1,1,12,11,1,51,0.002,0.000,,,,,NVIDIA A100-SXM4-40GB MIG 4g.20gb (0),1,,13,"void channel_eq::eqMmseSoftDemapKernel<float, __half, __half, float, (unsigned int)4, (unsigned short)16383>(channel_eq::_puschRxChEqStatDescr *, channel_eq::_puschRxChEqSoftDemapDynDescr)"
1981004040,282684,53222,1,1,1,32,32,1,30,0.000,0.000,,,,,NVIDIA A100-SXM4-40GB MIG 4g.20gb (0),1,,13,"void convert_kernel<float2, __half2>(tensor_layout_any, T1 *, tensor_layout_any, const T2 *)"
1981287716,10848,53234,2253,1,1,128,1,1,16,0.000,0.000,,,,,NVIDIA A100-SXM4-40GB MIG 4g.20gb (0),1,,13,cupy_copy__float16_float16
1981300164,3360,53243,282,1,1,128,1,1,16,0.000,0.000,,,,,NVIDIA A100-SXM4-40GB MIG 4g.20gb (0),1,,13,cupy_copy__complex64_complex64
1981305252,2144,53252,26,1,1,128,1,1,16,0.000,0.000,,,,,NVIDIA A100-SXM4-40GB MIG 4g.20gb (0),1,,13,cupy_copy__float32_float32
1981309988,4704,53261,103,1,1,128,1,1,16,0.000,0.000,,,,,NVIDIA A100-SXM4-40GB MIG 4g.20gb (0),1,,13,cupy_copy__complex64_complex64
1981318148,11936,53271,1434,1,1,128,1,1,16,0.000,0.000,,,,,NVIDIA A100-SXM4-40GB MIG 4g.20gb (0),1,,13,cupy_copy__complex64_complex64
1981335844,87039,53276,1,1,1,32,32,1,30,0.000,0.000,,,,,NVIDIA A100-SXM4-40GB MIG 4g.20gb (0),1,,13,"void convert_kernel<__half2, float2>(tensor_layout_any, T1 *, tensor_layout_any, const T2 *)"
1981449986,5376,53279,,,,,,,,,,0.094,17428.487,Pinned,Device,NVIDIA A100-SXM4-40GB MIG 4g.20gb (0),1,,13,[CUDA memcpy Host-to-Device]
1981460898,596985,53280,,,,,,,,,,456.561,764740.412,Device,,NVIDIA A100-SXM4-40GB MIG 4g.20gb (0),1,,13,[CUDA memset]
1982066491,159326,53285,,,,,,,,,,1.235,7750.509,Pinned,Device,NVIDIA A100-SXM4-40GB MIG 4g.20gb (0),1,,13,[CUDA memcpy Host-to-Device]
1982238073,36831,53286,,,,,,,,,,0.197,5338.104,Pinned,Device,NVIDIA A100-SXM4-40GB MIG 4g.20gb (0),1,,13,[CUDA memcpy Host-to-Device]
1982293912,8320,53287,69,4,1,48,1,1,76,0.002,0.000,,,,,NVIDIA A100-SXM4-40GB MIG 4g.20gb (0),1,,13,"void ch_est::windowedChEstPreNoDftSOfdmKernel<float, __half, float, (unsigned int)2, (unsigned int)1, (unsigned short)4>(ch_est::puschRxChEstStatDescr_t *, ch_est::puschRxChEstDynDescr_t *)"
1982310264,6624,53288,137,2,1,24,2,1,44,0.001,0.001,,,,,NVIDIA A100-SXM4-40GB MIG 4g.20gb (0),1,,13,"void ch_est::chEstFilterNoDftSOfdmDispatchKernel<float, __half, float, (unsigned int)2>(ch_est::puschRxChEstStatDescr_t *, ch_est::puschRxChEstDynDescr_t *)"
1982322808,4928,53289,137,2,1,24,2,1,44,0.001,0.001,,,,,NVIDIA A100-SXM4-40GB MIG 4g.20gb (0),1,,13,"void ch_est::chEstFilterNoDftSOfdmDispatchKernel<float, __half, float, (unsigned int)2>(ch_est::puschRxChEstStatDescr_t *, ch_est::puschRxChEstDynDescr_t *)"
1982334455,2592,53300,103,1,1,128,1,1,16,0.000,0.000,,,,,NVIDIA A100-SXM4-40GB MIG 4g.20gb (0),1,,13,cupy_copy__complex64_complex64
1982343927,12928,53310,1434,1,1,128,1,1,16,0.000,0.000,,,,,NVIDIA A100-SXM4-40GB MIG 4g.20gb (0),1,,13,cupy_copy__complex64_complex64
1982364919,2528,53317,103,1,1,128,1,1,16,0.000,0.000,,,,,NVIDIA A100-SXM4-40GB MIG 4g.20gb (0),1,,13,cupy_copy__complex64_complex64
1982372951,82911,53324,1,1,1,32,32,1,30,0.000,0.000,,,,,NVIDIA A100-SXM4-40GB MIG 4g.20gb (0),1,,13,"void convert_kernel<__half2, float2>(tensor_layout_any, T1 *, tensor_layout_any, const T2 *)"
1982482966,6016,53327,,,,,,,,,,0.094,15574.430,Pinned,Device,NVIDIA A100-SXM4-40GB MIG 4g.20gb (0),1,,13,[CUDA memcpy Host-to-Device]
1982496021,47136,53328,,,,,,,,,,35.810,759707.453,Device,,NVIDIA A100-SXM4-40GB MIG 4g.20gb (0),1,,13,[CUDA memset]
1982549493,3232,53330,,,,,,,,,,0.000,24.752,Pinned,Device,NVIDIA A100-SXM4-40GB MIG 4g.20gb (0),1,,13,[CUDA memcpy Host-to-Device]
1982556597,13727,53331,,,,,,,,,,0.197,14322.696,Pinned,Device,NVIDIA A100-SXM4-40GB MIG 4g.20gb (0),1,,13,[CUDA memcpy Host-to-Device]
1982577236,10048,53332,273,1,1,48,1,1,40,0.000,0.001,,,,,NVIDIA A100-SXM4-40GB MIG 4g.20gb (0),1,,13,"void pusch_noise_intf_est::noiseIntfEstNoDftSOfdmKernel<float, __half, float, float, (unsigned int)2, (unsigned int)1, (unsigned char)4, (unsigned char)4>(pusch_noise_intf_est::puschRxNoiseIntfEstDynDescr)"
1982592084,3040,53343,35,1,1,128,1,1,16,0.000,0.000,,,,,NVIDIA A100-SXM4-40GB MIG 4g.20gb (0),1,,13,cupy_copy__complex64_complex64
1982607796,2112,53352,1,1,1,1,1,1,18,0.000,0.000,,,,,NVIDIA A100-SXM4-40GB MIG 4g.20gb (0),1,,13,cupy_copy__float32_float32
1982638324,1664,53358,,,,,,,,,,0.000,2.404,Device,Pageable,NVIDIA A100-SXM4-40GB MIG 4g.20gb (0),1,,7,[CUDA memcpy Device-to-Host]
1982697331,13312,53369,1434,1,1,128,1,1,16,0.000,0.000,,,,,NVIDIA A100-SXM4-40GB MIG 4g.20gb (0),1,,13,cupy_copy__complex64_complex64
1982724787,2784,53376,103,1,1,128,1,1,16,0.000,0.000,,,,,NVIDIA A100-SXM4-40GB MIG 4g.20gb (0),1,,13,cupy_copy__complex64_complex64
1982744722,2784,53383,35,1,1,128,1,1,16,0.000,0.000,,,,,NVIDIA A100-SXM4-40GB MIG 4g.20gb (0),1,,13,cupy_copy__complex64_complex64
1982763858,1792,53390,1,1,1,1,1,1,18,0.000,0.000,,,,,NVIDIA A100-SXM4-40GB MIG 4g.20gb (0),1,,13,cupy_copy__float32_float32
1982903440,82079,53401,1,1,1,32,32,1,30,0.000,0.000,,,,,NVIDIA A100-SXM4-40GB MIG 4g.20gb (0),1,,13,"void convert_kernel<__half2, float2>(tensor_layout_any, T1 *, tensor_layout_any, const T2 *)"
1983012975,5408,53404,,,,,,,,,,0.094,17325.421,Pinned,Device,NVIDIA A100-SXM4-40GB MIG 4g.20gb (0),1,,13,[CUDA memcpy Host-to-Device]
1983027855,3296,53405,,,,,,,,,,1.547,469242.628,Device,,NVIDIA A100-SXM4-40GB MIG 4g.20gb (0),1,,13,[CUDA memset]
1983034959,3008,53410,,,,,,,,,,0.031,10404.230,Pinned,Device,NVIDIA A100-SXM4-40GB MIG 4g.20gb (0),1,,13,[CUDA memcpy Host-to-Device]
1983040815,9696,53411,,,,,,,,,,0.197,20277.166,Pinned,Device,NVIDIA A100-SXM4-40GB MIG 4g.20gb (0),1,,13,[CUDA memcpy Host-to-Device]
1983054958,6336,53412,273,1,1,8,4,1,39,0.002,0.000,,,,,NVIDIA A100-SXM4-40GB MIG 4g.20gb (0),1,,13,"void channel_eq::eqMmseCoefCompLowMimoKernel<float, float, float, (unsigned int)4, (unsigned int)1, (unsigned int)4>(const channel_eq::_puschRxChEqStatDescr *, channel_eq::_puschRxChEqCoefCompDynDescr)"
1983062254,6208,53413,273,1,1,12,11,1,51,0.002,0.000,,,,,NVIDIA A100-SXM4-40GB MIG 4g.20gb (0),1,,13,"void channel_eq::eqMmseSoftDemapKernel<float, __half, __half, float, (unsigned int)4, (unsigned short)16383>(channel_eq::_puschRxChEqStatDescr *, channel_eq::_puschRxChEqSoftDemapDynDescr)"
1983069486,282525,53414,1,1,1,32,32,1,30,0.000,0.000,,,,,NVIDIA A100-SXM4-40GB MIG 4g.20gb (0),1,,13,"void convert_kernel<float2, __half2>(tensor_layout_any, T1 *, tensor_layout_any, const T2 *)"
1983355147,10912,53426,2253,1,1,128,1,1,16,0.000,0.000,,,,,NVIDIA A100-SXM4-40GB MIG 4g.20gb (0),1,,13,cupy_copy__float16_float16
1983369323,3584,53435,282,1,1,128,1,1,16,0.000,0.000,,,,,NVIDIA A100-SXM4-40GB MIG 4g.20gb (0),1,,13,cupy_copy__complex64_complex64
1983375723,2303,53444,26,1,1,128,1,1,16,0.000,0.000,,,,,NVIDIA A100-SXM4-40GB MIG 4g.20gb (0),1,,13,cupy_copy__float32_float32
1983380234,2944,53453,103,1,1,128,1,1,16,0.000,0.000,,,,,NVIDIA A100-SXM4-40GB MIG 4g.20gb (0),1,,13,cupy_copy__complex64_complex64
1983386250,12352,53463,1434,1,1,128,1,1,16,0.000,0.000,,,,,NVIDIA A100-SXM4-40GB MIG 4g.20gb (0),1,,13,cupy_copy__complex64_complex64
1983407402,87359,53468,1,1,1,32,32,1,30,0.000,0.000,,,,,NVIDIA A100-SXM4-40GB MIG 4g.20gb (0),1,,13,"void convert_kernel<__half2, float2>(tensor_layout_any, T1 *, tensor_layout_any, const T2 *)"
1983520969,5408,53471,,,,,,,,,,0.094,17325.421,Pinned,Device,NVIDIA A100-SXM4-40GB MIG 4g.20gb (0),1,,13,[CUDA memcpy Host-to-Device]
1983531017,597976,53472,,,,,,,,,,456.561,763370.728,Device,,NVIDIA A100-SXM4-40GB MIG 4g.20gb (0),1,,13,[CUDA memset]
1984134081,146814,53477,,,,,,,,,,1.235,8411.204,Pinned,Device,NVIDIA A100-SXM4-40GB MIG 4g.20gb (0),1,,13,[CUDA memcpy Host-to-Device]
1984293759,40000,53478,,,,,,,,,,0.197,4915.200,Pinned,Device,NVIDIA A100-SXM4-40GB MIG 4g.20gb (0),1,,13,[CUDA memcpy Host-to-Device]
1984363454,8288,53479,69,4,1,48,1,1,76,0.002,0.000,,,,,NVIDIA A100-SXM4-40GB MIG 4g.20gb (0),1,,13,"void ch_est::windowedChEstPreNoDftSOfdmKernel<float, __half, float, (unsigned int)2, (unsigned int)1, (unsigned short)4>(ch_est::puschRxChEstStatDescr_t *, ch_est::puschRxChEstDynDescr_t *)"
1984381438,6400,53480,137,2,1,24,2,1,44,0.001,0.001,,,,,NVIDIA A100-SXM4-40GB MIG 4g.20gb (0),1,,13,"void ch_est::chEstFilterNoDftSOfdmDispatchKernel<float, __half, float, (unsigned int)2>(ch_est::puschRxChEstStatDescr_t *, ch_est::puschRxChEstDynDescr_t *)"
1984400574,4768,53481,137,2,1,24,2,1,44,0.001,0.001,,,,,NVIDIA A100-SXM4-40GB MIG 4g.20gb (0),1,,13,"void ch_est::chEstFilterNoDftSOfdmDispatchKernel<float, __half, float, (unsigned int)2>(ch_est::puschRxChEstStatDescr_t *, ch_est::puschRxChEstDynDescr_t *)"
1984417118,2688,53492,103,1,1,128,1,1,16,0.000,0.000,,,,,NVIDIA A100-SXM4-40GB MIG 4g.20gb (0),1,,13,cupy_copy__complex64_complex64
1984434333,12320,53502,1434,1,1,128,1,1,16,0.000,0.000,,,,,NVIDIA A100-SXM4-40GB MIG 4g.20gb (0),1,,13,cupy_copy__complex64_complex64
1984449533,2880,53509,103,1,1,128,1,1,16,0.000,0.000,,,,,NVIDIA A100-SXM4-40GB MIG 4g.20gb (0),1,,13,cupy_copy__complex64_complex64
1984457117,94335,53516,1,1,1,32,32,1,30,0.000,0.000,,,,,NVIDIA A100-SXM4-40GB MIG 4g.20gb (0),1,,13,"void convert_kernel<__half2, float2>(tensor_layout_any, T1 *, tensor_layout_any, const T2 *)"
1984585468,19583,53519,,,,,,,,,,0.094,4784.493,Pinned,Device,NVIDIA A100-SXM4-40GB MIG 4g.20gb (0),1,,13,[CUDA memcpy Host-to-Device]
1984618107,46656,53520,,,,,,,,,,35.810,767514.015,Device,,NVIDIA A100-SXM4-40GB MIG 4g.20gb (0),1,,13,[CUDA memset]
1984669690,7872,53522,,,,,,,,,,0.000,10.163,Pinned,Device,NVIDIA A100-SXM4-40GB MIG 4g.20gb (0),1,,13,[CUDA memcpy Host-to-Device]
1984685754,18080,53523,,,,,,,,,,0.197,10874.192,Pinned,Device,NVIDIA A100-SXM4-40GB MIG 4g.20gb (0),1,,13,[CUDA memcpy Host-to-Device]
1984716666,12384,53524,273,1,1,48,1,1,40,0.000,0.001,,,,,NVIDIA A100-SXM4-40GB MIG 4g.20gb (0),1,,13,"void pusch_noise_intf_est::noiseIntfEstNoDftSOfdmKernel<float, __half, float, float, (unsigned int)2, (unsigned int)1, (unsigned char)4, (unsigned char)4>(pusch_noise_intf_est::puschRxNoiseIntfEstDynDescr)"
1984731834,3392,53535,35,1,1,128,1,1,16,0.000,0.000,,,,,NVIDIA A100-SXM4-40GB MIG 4g.20gb (0),1,,13,cupy_copy__complex64_complex64
1984737146,1920,53544,1,1,1,1,1,1,18,0.000,0.000,,,,,NVIDIA A100-SXM4-40GB MIG 4g.20gb (0),1,,13,cupy_copy__float32_float32
1984744122,1600,53550,,,,,,,,,,0.000,2.500,Device,Pageable,NVIDIA A100-SXM4-40GB MIG 4g.20gb (0),1,,7,[CUDA memcpy Device-to-Host]
1984804953,12768,53561,1434,1,1,128,1,1,16,0.000,0.000,,,,,NVIDIA A100-SXM4-40GB MIG 4g.20gb (0),1,,13,cupy_copy__complex64_complex64
1984834328,2912,53568,103,1,1,128,1,1,16,0.000,0.000,,,,,NVIDIA A100-SXM4-40GB MIG 4g.20gb (0),1,,13,cupy_copy__complex64_complex64
1984853016,2752,53575,35,1,1,128,1,1,16,0.000,0.000,,,,,NVIDIA A100-SXM4-40GB MIG 4g.20gb (0),1,,13,cupy_copy__complex64_complex64
1984871544,1984,53582,1,1,1,1,1,1,18,0.000,0.000,,,,,NVIDIA A100-SXM4-40GB MIG 4g.20gb (0),1,,13,cupy_copy__float32_float32
1985003446,86527,53593,1,1,1,32,32,1,30,0.000,0.000,,,,,NVIDIA A100-SXM4-40GB MIG 4g.20gb (0),1,,13,"void convert_kernel<__half2, float2>(tensor_layout_any, T1 *, tensor_layout_any, const T2 *)"
1985117685,5760,53596,,,,,,,,,,0.094,16266.656,Pinned,Device,NVIDIA A100-SXM4-40GB MIG 4g.20gb (0),1,,13,[CUDA memcpy Host-to-Device]
1985132053,3424,53597,,,,,,,,,,1.547,451700.819,Device,,NVIDIA A100-SXM4-40GB MIG 4g.20gb (0),1,,13,[CUDA memset]
1985139413,3296,53602,,,,,,,,,,0.031,9495.144,Pinned,Device,NVIDIA A100-SXM4-40GB MIG 4g.20gb (0),1,,13,[CUDA memcpy Host-to-Device]
1985145141,9855,53603,,,,,,,,,,0.197,19950.010,Pinned,Device,NVIDIA A100-SXM4-40GB MIG 4g.20gb (0),1,,13,[CUDA memcpy Host-to-Device]
1985160052,6592,53604,273,1,1,8,4,1,39,0.002,0.000,,,,,NVIDIA A100-SXM4-40GB MIG 4g.20gb (0),1,,13,"void channel_eq::eqMmseCoefCompLowMimoKernel<float, float, float, (unsigned int)4, (unsigned int)1, (unsigned int)4>(const channel_eq::_puschRxChEqStatDescr *, channel_eq::_puschRxChEqCoefCompDynDescr)"
1985168820,5952,53605,273,1,1,12,11,1,51,0.002,0.000,,,,,NVIDIA A100-SXM4-40GB MIG 4g.20gb (0),1,,13,"void channel_eq::eqMmseSoftDemapKernel<float, __half, __half, float, (unsigned int)4, (unsigned short)16383>(channel_eq::_puschRxChEqStatDescr *, channel_eq::_puschRxChEqSoftDemapDynDescr)"
1985175860,282493,53606,1,1,1,32,32,1,30,0.000,0.000,,,,,NVIDIA A100-SXM4-40GB MIG 4g.20gb (0),1,,13,"void convert_kernel<float2, __half2>(tensor_layout_any, T1 *, tensor_layout_any, const T2 *)"
1985459313,10976,53618,2253,1,1,128,1,1,16,0.000,0.000,,,,,NVIDIA A100-SXM4-40GB MIG 4g.20gb (0),1,,13,cupy_copy__float16_float16
1985474865,2623,53627,282,1,1,128,1,1,16,0.000,0.000,,,,,NVIDIA A100-SXM4-40GB MIG 4g.20gb (0),1,,13,cupy_copy__complex64_complex64
1985480944,3296,53636,26,1,1,128,1,1,16,0.000,0.000,,,,,NVIDIA A100-SXM4-40GB MIG 4g.20gb (0),1,,13,cupy_copy__float32_float32
1985486512,4640,53645,103,1,1,128,1,1,16,0.000,0.000,,,,,NVIDIA A100-SXM4-40GB MIG 4g.20gb (0),1,,13,cupy_copy__complex64_complex64
1985493040,12032,53655,1434,1,1,128,1,1,16,0.000,0.000,,,,,NVIDIA A100-SXM4-40GB MIG 4g.20gb (0),1,,13,cupy_copy__complex64_complex64
1985510832,87071,53660,1,1,1,32,32,1,30,0.000,0.000,,,,,NVIDIA A100-SXM4-40GB MIG 4g.20gb (0),1,,13,"void convert_kernel<__half2, float2>(tensor_layout_any, T1 *, tensor_layout_any, const T2 *)"
1985624591,5312,53663,,,,,,,,,,0.094,17638.553,Pinned,Device,NVIDIA A100-SXM4-40GB MIG 4g.20gb (0),1,,13,[CUDA memcpy Host-to-Device]
1985634735,595576,53664,,,,,,,,,,456.561,766566.658,Device,,NVIDIA A100-SXM4-40GB MIG 4g.20gb (0),1,,13,[CUDA memset]
1986239463,154686,53669,,,,,,,,,,1.235,7982.678,Pinned,Device,NVIDIA A100-SXM4-40GB MIG 4g.20gb (0),1,,13,[CUDA memcpy Host-to-Device]
1986408357,40703,53670,,,,,,,,,,0.197,4830.265,Pinned,Device,NVIDIA A100-SXM4-40GB MIG 4g.20gb (0),1,,13,[CUDA memcpy Host-to-Device]
1986477316,8576,53671,69,4,1,48,1,1,76,0.002,0.000,,,,,NVIDIA A100-SXM4-40GB MIG 4g.20gb (0),1,,13,"void ch_est::windowedChEstPreNoDftSOfdmKernel<float, __half, float, (unsigned int)2, (unsigned int)1, (unsigned short)4>(ch_est::puschRxChEstStatDescr_t *, ch_est::puschRxChEstDynDescr_t *)"
1986495076,7232,53672,137,2,1,24,2,1,44,0.001,0.001,,,,,NVIDIA A100-SXM4-40GB MIG 4g.20gb (0),1,,13,"void ch_est::chEstFilterNoDftSOfdmDispatchKernel<float, __half, float, (unsigned int)2>(ch_est::puschRxChEstStatDescr_t *, ch_est::puschRxChEstDynDescr_t *)"
1986512516,4736,53673,137,2,1,24,2,1,44,0.001,0.001,,,,,NVIDIA A100-SXM4-40GB MIG 4g.20gb (0),1,,13,"void ch_est::chEstFilterNoDftSOfdmDispatchKernel<float, __half, float, (unsigned int)2>(ch_est::puschRxChEstStatDescr_t *, ch_est::puschRxChEstDynDescr_t *)"
1986530115,2752,53684,103,1,1,128,1,1,16,0.000,0.000,,,,,NVIDIA A100-SXM4-40GB MIG 4g.20gb (0),1,,13,cupy_copy__complex64_complex64
1986547363,12736,53694,1434,1,1,128,1,1,16,0.000,0.000,,,,,NVIDIA A100-SXM4-40GB MIG 4g.20gb (0),1,,13,cupy_copy__complex64_complex64
1986587459,2624,53701,103,1,1,128,1,1,16,0.000,0.000,,,,,NVIDIA A100-SXM4-40GB MIG 4g.20gb (0),1,,13,cupy_copy__complex64_complex64
1986604451,84606,53708,1,1,1,32,32,1,30,0.000,0.000,,,,,NVIDIA A100-SXM4-40GB MIG 4g.20gb (0),1,,13,"void convert_kernel<__half2, float2>(tensor_layout_any, T1 *, tensor_layout_any, const T2 *)"
1986723425,26336,53711,,,,,,,,,,0.094,3557.637,Pinned,Device,NVIDIA A100-SXM4-40GB MIG 4g.20gb (0),1,,13,[CUDA memcpy Host-to-Device]
1986765537,47135,53712,,,,,,,,,,35.810,759707.453,Device,,NVIDIA A100-SXM4-40GB MIG 4g.20gb (0),1,,13,[CUDA memset]
1986820064,11584,53714,,,,,,,,,,0.000,6.906,Pinned,Device,NVIDIA A100-SXM4-40GB MIG 4g.20gb (0),1,,13,[CUDA memcpy Host-to-Device]
1986845472,24063,53715,,,,,,,,,,0.197,8170.439,Pinned,Device,NVIDIA A100-SXM4-40GB MIG 4g.20gb (0),1,,13,[CUDA memcpy Host-to-Device]
1986895679,10112,53716,273,1,1,48,1,1,40,0.000,0.001,,,,,NVIDIA A100-SXM4-40GB MIG 4g.20gb (0),1,,13,"void pusch_noise_intf_est::noiseIntfEstNoDftSOfdmKernel<float, __half, float, float, (unsigned int)2, (unsigned int)1, (unsigned char)4, (unsigned char)4>(pusch_noise_intf_est::puschRxNoiseIntfEstDynDescr)"
1986912063,2752,53727,35,1,1,128,1,1,16,0.000,0.000,,,,,NVIDIA A100-SXM4-40GB MIG 4g.20gb (0),1,,13,cupy_copy__complex64_complex64
1986929150,1728,53736,1,1,1,1,1,1,18,0.000,0.000,,,,,NVIDIA A100-SXM4-40GB MIG 4g.20gb (0),1,,13,cupy_copy__float32_float32
1986936798,4032,53742,,,,,,,,,,0.000,0.992,Device,Pageable,NVIDIA A100-SXM4-40GB MIG 4g.20gb (0),1,,7,[CUDA memcpy Device-to-Host]
1987034589,12640,53753,1434,1,1,128,1,1,16,0.000,0.000,,,,,NVIDIA A100-SXM4-40GB MIG 4g.20gb (0),1,,13,cupy_copy__complex64_complex64
1987057533,3552,53760,103,1,1,128,1,1,16,0.000,0.000,,,,,NVIDIA A100-SXM4-40GB MIG 4g.20gb (0),1,,13,cupy_copy__complex64_complex64
1987074301,2688,53767,35,1,1,128,1,1,16,0.000,0.000,,,,,NVIDIA A100-SXM4-40GB MIG 4g.20gb (0),1,,13,cupy_copy__complex64_complex64
1987099868,1888,53774,1,1,1,1,1,1,18,0.000,0.000,,,,,NVIDIA A100-SXM4-40GB MIG 4g.20gb (0),1,,13,cupy_copy__float32_float32
1987223579,89119,53785,1,1,1,32,32,1,30,0.000,0.000,,,,,NVIDIA A100-SXM4-40GB MIG 4g.20gb (0),1,,13,"void convert_kernel<__half2, float2>(tensor_layout_any, T1 *, tensor_layout_any, const T2 *)"
1987340857,5472,53788,,,,,,,,,,0.094,17122.757,Pinned,Device,NVIDIA A100-SXM4-40GB MIG 4g.20gb (0),1,,13,[CUDA memcpy Host-to-Device]
1987355161,3328,53789,,,,,,,,,,1.547,464729.580,Device,,NVIDIA A100-SXM4-40GB MIG 4g.20gb (0),1,,13,[CUDA memset]
1987362393,3008,53794,,,,,,,,,,0.031,10404.230,Pinned,Device,NVIDIA A100-SXM4-40GB MIG 4g.20gb (0),1,,13,[CUDA memcpy Host-to-Device]
1987368057,9536,53795,,,,,,,,,,0.197,20617.298,Pinned,Device,NVIDIA A100-SXM4-40GB MIG 4g.20gb (0),1,,13,[CUDA memcpy Host-to-Device]
1987384793,6560,53796,273,1,1,8,4,1,39,0.002,0.000,,,,,NVIDIA A100-SXM4-40GB MIG 4g.20gb (0),1,,13,"void channel_eq::eqMmseCoefCompLowMimoKernel<float, float, float, (unsigned int)4, (unsigned int)1, (unsigned int)4>(const channel_eq::_puschRxChEqStatDescr *, channel_eq::_puschRxChEqCoefCompDynDescr)"
1987392409,7360,53797,273,1,1,12,11,1,51,0.002,0.000,,,,,NVIDIA A100-SXM4-40GB MIG 4g.20gb (0),1,,13,"void channel_eq::eqMmseSoftDemapKernel<float, __half, __half, float, (unsigned int)4, (unsigned short)16383>(channel_eq::_puschRxChEqStatDescr *, channel_eq::_puschRxChEqSoftDemapDynDescr)"
1987400761,282140,53798,1,1,1,32,32,1,30,0.000,0.000,,,,,NVIDIA A100-SXM4-40GB MIG 4g.20gb (0),1,,13,"void convert_kernel<float2, __half2>(tensor_layout_any, T1 *, tensor_layout_any, const T2 *)"
1987684245,11008,53810,2253,1,1,128,1,1,16,0.000,0.000,,,,,NVIDIA A100-SXM4-40GB MIG 4g.20gb (0),1,,13,cupy_copy__float16_float16
1987697461,2784,53819,282,1,1,128,1,1,16,0.000,0.000,,,,,NVIDIA A100-SXM4-40GB MIG 4g.20gb (0),1,,13,cupy_copy__complex64_complex64
1987702645,2112,53828,26,1,1,128,1,1,16,0.000,0.000,,,,,NVIDIA A100-SXM4-40GB MIG 4g.20gb (0),1,,13,cupy_copy__float32_float32
1987708021,3104,53837,103,1,1,128,1,1,16,0.000,0.000,,,,,NVIDIA A100-SXM4-40GB MIG 4g.20gb (0),1,,13,cupy_copy__complex64_complex64
1987712885,12192,53847,1434,1,1,128,1,1,16,0.000,0.000,,,,,NVIDIA A100-SXM4-40GB MIG 4g.20gb (0),1,,13,cupy_copy__complex64_complex64
1987737044,81599,53852,1,1,1,32,32,1,30,0.000,0.000,,,,,NVIDIA A100-SXM4-40GB MIG 4g.20gb (0),1,,13,"void convert_kernel<__half2, float2>(tensor_layout_any, T1 *, tensor_layout_any, const T2 *)"
1987845683,6304,53855,,,,,,,,,,0.094,14862.903,Pinned,Device,NVIDIA A100-SXM4-40GB MIG 4g.20gb (0),1,,13,[CUDA memcpy Host-to-Device]
1987855923,598137,53856,,,,,,,,,,456.561,762914.166,Device,,NVIDIA A100-SXM4-40GB MIG 4g.20gb (0),1,,13,[CUDA memset]
1988456652,80287,53861,,,,,,,,,,1.235,15381.228,Pinned,Device,NVIDIA A100-SXM4-40GB MIG 4g.20gb (0),1,,13,[CUDA memcpy Host-to-Device]
1988543530,19392,53862,,,,,,,,,,0.197,10138.485,Pinned,Device,NVIDIA A100-SXM4-40GB MIG 4g.20gb (0),1,,13,[CUDA memcpy Host-to-Device]
1988571530,8192,53863,69,4,1,48,1,1,76,0.002,0.000,,,,,NVIDIA A100-SXM4-40GB MIG 4g.20gb (0),1,,13,"void ch_est::windowedChEstPreNoDftSOfdmKernel<float, __half, float, (unsigned int)2, (unsigned int)1, (unsigned short)4>(ch_est::puschRxChEstStatDescr_t *, ch_est::puschRxChEstDynDescr_t *)"
1988584906,7616,53864,137,2,1,24,2,1,44,0.001,0.001,,,,,NVIDIA A100-SXM4-40GB MIG 4g.20gb (0),1,,13,"void ch_est::chEstFilterNoDftSOfdmDispatchKernel<float, __half, float, (unsigned int)2>(ch_est::puschRxChEstStatDescr_t *, ch_est::puschRxChEstDynDescr_t *)"
1988596362,5344,53865,137,2,1,24,2,1,44,0.001,0.001,,,,,NVIDIA A100-SXM4-40GB MIG 4g.20gb (0),1,,13,"void ch_est::chEstFilterNoDftSOfdmDispatchKernel<float, __half, float, (unsigned int)2>(ch_est::puschRxChEstStatDescr_t *, ch_est::puschRxChEstDynDescr_t *)"
1988606186,3104,53876,103,1,1,128,1,1,16,0.000,0.000,,,,,NVIDIA A100-SXM4-40GB MIG 4g.20gb (0),1,,13,cupy_copy__complex64_complex64
1988612490,12543,53886,1434,1,1,128,1,1,16,0.000,0.000,,,,,NVIDIA A100-SXM4-40GB MIG 4g.20gb (0),1,,13,cupy_copy__complex64_complex64
1988630569,3136,53893,103,1,1,128,1,1,16,0.000,0.000,,,,,NVIDIA A100-SXM4-40GB MIG 4g.20gb (0),1,,13,cupy_copy__complex64_complex64
1988636393,81407,53900,1,1,1,32,32,1,30,0.000,0.000,,,,,NVIDIA A100-SXM4-40GB MIG 4g.20gb (0),1,,13,"void convert_kernel<__half2, float2>(tensor_layout_any, T1 *, tensor_layout_any, const T2 *)"
1988745096,5888,53903,,,,,,,,,,0.094,15912.954,Pinned,Device,NVIDIA A100-SXM4-40GB MIG 4g.20gb (0),1,,13,[CUDA memcpy Host-to-Device]
1988758728,47231,53904,,,,,,,,,,35.810,758167.626,Device,,NVIDIA A100-SXM4-40GB MIG 4g.20gb (0),1,,13,[CUDA memset]
1988813767,3456,53906,,,,,,,,,,0.000,23.148,Pinned,Device,NVIDIA A100-SXM4-40GB MIG 4g.20gb (0),1,,13,[CUDA memcpy Host-to-Device]
1988821287,13600,53907,,,,,,,,,,0.197,14456.390,Pinned,Device,NVIDIA A100-SXM4-40GB MIG 4g.20gb (0),1,,13,[CUDA memcpy Host-to-Device]
1988844647,10176,53908,273,1,1,48,1,1,40,0.000,0.001,,,,,NVIDIA A100-SXM4-40GB MIG 4g.20gb (0),1,,13,"void pusch_noise_intf_est::noiseIntfEstNoDftSOfdmKernel<float, __half, float, float, (unsigned int)2, (unsigned int)1, (unsigned char)4, (unsigned char)4>(pusch_noise_intf_est::puschRxNoiseIntfEstDynDescr)"
1988857671,2848,53919,35,1,1,128,1,1,16,0.000,0.000,,,,,NVIDIA A100-SXM4-40GB MIG 4g.20gb (0),1,,13,cupy_copy__complex64_complex64
1988869286,2016,53928,1,1,1,1,1,1,18,0.000,0.000,,,,,NVIDIA A100-SXM4-40GB MIG 4g.20gb (0),1,,13,cupy_copy__float32_float32
1988900742,1600,53934,,,,,,,,,,0.000,2.500,Device,Pageable,NVIDIA A100-SXM4-40GB MIG 4g.20gb (0),1,,7,[CUDA memcpy Device-to-Host]
1988961733,12672,53945,1434,1,1,128,1,1,16,0.000,0.000,,,,,NVIDIA A100-SXM4-40GB MIG 4g.20gb (0),1,,13,cupy_copy__complex64_complex64
1988989125,3392,53952,103,1,1,128,1,1,16,0.000,0.000,,,,,NVIDIA A100-SXM4-40GB MIG 4g.20gb (0),1,,13,cupy_copy__complex64_complex64
1989008421,2272,53959,35,1,1,128,1,1,16,0.000,0.000,,,,,NVIDIA A100-SXM4-40GB MIG 4g.20gb (0),1,,13,cupy_copy__complex64_complex64
1989026628,1952,53966,1,1,1,1,1,1,18,0.000,0.000,,,,,NVIDIA A100-SXM4-40GB MIG 4g.20gb (0),1,,13,cupy_copy__float32_float32
1989157539,86751,53977,1,1,1,32,32,1,30,0.000,0.000,,,,,NVIDIA A100-SXM4-40GB MIG 4g.20gb (0),1,,13,"void convert_kernel<__half2, float2>(tensor_layout_any, T1 *, tensor_layout_any, const T2 *)"
1989271873,5696,53980,,,,,,,,,,0.094,16449.363,Pinned,Device,NVIDIA A100-SXM4-40GB MIG 4g.20gb (0),1,,13,[CUDA memcpy Host-to-Device]
1989286753,3520,53981,,,,,,,,,,1.547,439380.412,Device,,NVIDIA A100-SXM4-40GB MIG 4g.20gb (0),1,,13,[CUDA memset]
1989292193,3328,53986,,,,,,,,,,0.031,9403.822,Pinned,Device,NVIDIA A100-SXM4-40GB MIG 4g.20gb (0),1,,13,[CUDA memcpy Host-to-Device]
1989298145,10080,53987,,,,,,,,,,0.197,19504.693,Pinned,Device,NVIDIA A100-SXM4-40GB MIG 4g.20gb (0),1,,13,[CUDA memcpy Host-to-Device]
1989312769,6048,53988,273,1,1,8,4,1,39,0.002,0.000,,,,,NVIDIA A100-SXM4-40GB MIG 4g.20gb (0),1,,13,"void channel_eq::eqMmseCoefCompLowMimoKernel<float, float, float, (unsigned int)4, (unsigned int)1, (unsigned int)4>(const channel_eq::_puschRxChEqStatDescr *, channel_eq::_puschRxChEqCoefCompDynDescr)"
1989319937,5920,53989,273,1,1,12,11,1,51,0.002,0.000,,,,,NVIDIA A100-SXM4-40GB MIG 4g.20gb (0),1,,13,"void channel_eq::eqMmseSoftDemapKernel<float, __half, __half, float, (unsigned int)4, (unsigned short)16383>(channel_eq::_puschRxChEqStatDescr *, channel_eq::_puschRxChEqSoftDemapDynDescr)"
1989326849,282620,53990,1,1,1,32,32,1,30,0.000,0.000,,,,,NVIDIA A100-SXM4-40GB MIG 4g.20gb (0),1,,13,"void convert_kernel<float2, __half2>(tensor_layout_any, T1 *, tensor_layout_any, const T2 *)"
1989610429,11008,54002,2253,1,1,128,1,1,16,0.000,0.000,,,,,NVIDIA A100-SXM4-40GB MIG 4g.20gb (0),1,,13,cupy_copy__float16_float16
1989624669,3456,54011,282,1,1,128,1,1,16,0.000,0.000,,,,,NVIDIA A100-SXM4-40GB MIG 4g.20gb (0),1,,13,cupy_copy__complex64_complex64
1989630941,2304,54020,26,1,1,128,1,1,16,0.000,0.000,,,,,NVIDIA A100-SXM4-40GB MIG 4g.20gb (0),1,,13,cupy_copy__float32_float32
1989635133,3776,54029,103,1,1,128,1,1,16,0.000,0.000,,,,,NVIDIA A100-SXM4-40GB MIG 4g.20gb (0),1,,13,cupy_copy__complex64_complex64
1989642141,12288,54039,1434,1,1,128,1,1,16,0.000,0.000,,,,,NVIDIA A100-SXM4-40GB MIG 4g.20gb (0),1,,13,cupy_copy__complex64_complex64
1989660349,83199,54044,1,1,1,32,32,1,30,0.000,0.000,,,,,NVIDIA A100-SXM4-40GB MIG 4g.20gb (0),1,,13,"void convert_kernel<__half2, float2>(tensor_layout_any, T1 *, tensor_layout_any, const T2 *)"
1989770395,5920,54047,,,,,,,,,,0.094,15826.941,Pinned,Device,NVIDIA A100-SXM4-40GB MIG 4g.20gb (0),1,,13,[CUDA memcpy Host-to-Device]
1989781851,598777,54048,,,,,,,,,,456.561,762457.605,Device,,NVIDIA A100-SXM4-40GB MIG 4g.20gb (0),1,,13,[CUDA memset]
1990386612,141406,54053,,,,,,,,,,1.235,8732.289,Pinned,Device,NVIDIA A100-SXM4-40GB MIG 4g.20gb (0),1,,13,[CUDA memcpy Host-to-Device]
1990536562,41119,54054,,,,,,,,,,0.197,4781.310,Pinned,Device,NVIDIA A100-SXM4-40GB MIG 4g.20gb (0),1,,13,[CUDA memcpy Host-to-Device]
1990607761,8032,54055,69,4,1,48,1,1,76,0.002,0.000,,,,,NVIDIA A100-SXM4-40GB MIG 4g.20gb (0),1,,13,"void ch_est::windowedChEstPreNoDftSOfdmKernel<float, __half, float, (unsigned int)2, (unsigned int)1, (unsigned short)4>(ch_est::puschRxChEstStatDescr_t *, ch_est::puschRxChEstDynDescr_t *)"
1990627249,6592,54056,137,2,1,24,2,1,44,0.001,0.001,,,,,NVIDIA A100-SXM4-40GB MIG 4g.20gb (0),1,,13,"void ch_est::chEstFilterNoDftSOfdmDispatchKernel<float, __half, float, (unsigned int)2>(ch_est::puschRxChEstStatDescr_t *, ch_est::puschRxChEstDynDescr_t *)"
1990643984,4704,54057,137,2,1,24,2,1,44,0.001,0.001,,,,,NVIDIA A100-SXM4-40GB MIG 4g.20gb (0),1,,13,"void ch_est::chEstFilterNoDftSOfdmDispatchKernel<float, __half, float, (unsigned int)2>(ch_est::puschRxChEstStatDescr_t *, ch_est::puschRxChEstDynDescr_t *)"
1990661040,2656,54068,103,1,1,128,1,1,16,0.000,0.000,,,,,NVIDIA A100-SXM4-40GB MIG 4g.20gb (0),1,,13,cupy_copy__complex64_complex64
1990675280,12512,54078,1434,1,1,128,1,1,16,0.000,0.000,,,,,NVIDIA A100-SXM4-40GB MIG 4g.20gb (0),1,,13,cupy_copy__complex64_complex64
1990694384,2912,54085,103,1,1,128,1,1,16,0.000,0.000,,,,,NVIDIA A100-SXM4-40GB MIG 4g.20gb (0),1,,13,cupy_copy__complex64_complex64
1990710544,85951,54092,1,1,1,32,32,1,30,0.000,0.000,,,,,NVIDIA A100-SXM4-40GB MIG 4g.20gb (0),1,,13,"void convert_kernel<__half2, float2>(tensor_layout_any, T1 *, tensor_layout_any, const T2 *)"
1990823598,13184,54095,,,,,,,,,,0.094,7106.748,Pinned,Device,NVIDIA A100-SXM4-40GB MIG 4g.20gb (0),1,,13,[CUDA memcpy Host-to-Device]
1990841614,47327,54096,,,,,,,,,,35.810,756627.800,Device,,NVIDIA A100-SXM4-40GB MIG 4g.20gb (0),1,,13,[CUDA memset]
1990895149,7680,54098,,,,,,,,,,0.000,10.417,Pinned,Device,NVIDIA A100-SXM4-40GB MIG 4g.20gb (0),1,,13,[CUDA memcpy Host-to-Device]
1990911469,17280,54099,,,,,,,,,,0.197,11377.705,Pinned,Device,NVIDIA A100-SXM4-40GB MIG 4g.20gb (0),1,,13,[CUDA memcpy Host-to-Device]
1990938893,12544,54100,273,1,1,48,1,1,40,0.000,0.001,,,,,NVIDIA A100-SXM4-40GB MIG 4g.20gb (0),1,,13,"void pusch_noise_intf_est::noiseIntfEstNoDftSOfdmKernel<float, __half, float, float, (unsigned int)2, (unsigned int)1, (unsigned char)4, (unsigned char)4>(pusch_noise_intf_est::puschRxNoiseIntfEstDynDescr)"
1990957933,2688,54111,35,1,1,128,1,1,16,0.000,0.000,,,,,NVIDIA A100-SXM4-40GB MIG 4g.20gb (0),1,,13,cupy_copy__complex64_complex64
1990971724,2016,54120,1,1,1,1,1,1,18,0.000,0.000,,,,,NVIDIA A100-SXM4-40GB MIG 4g.20gb (0),1,,13,cupy_copy__float32_float32
1990997132,1600,54126,,,,,,,,,,0.000,2.500,Device,Pageable,NVIDIA A100-SXM4-40GB MIG 4g.20gb (0),1,,7,[CUDA memcpy Device-to-Host]
1991055819,12960,54137,1434,1,1,128,1,1,16,0.000,0.000,,,,,NVIDIA A100-SXM4-40GB MIG 4g.20gb (0),1,,13,cupy_copy__complex64_complex64
1991083275,2912,54144,103,1,1,128,1,1,16,0.000,0.000,,,,,NVIDIA A100-SXM4-40GB MIG 4g.20gb (0),1,,13,cupy_copy__complex64_complex64
1991103723,2368,54151,35,1,1,128,1,1,16,0.000,0.000,,,,,NVIDIA A100-SXM4-40GB MIG 4g.20gb (0),1,,13,cupy_copy__complex64_complex64
1991122635,1728,54158,1,1,1,1,1,1,18,0.000,0.000,,,,,NVIDIA A100-SXM4-40GB MIG 4g.20gb (0),1,,13,cupy_copy__float32_float32
1991254537,86751,54169,1,1,1,32,32,1,30,0.000,0.000,,,,,NVIDIA A100-SXM4-40GB MIG 4g.20gb (0),1,,13,"void convert_kernel<__half2, float2>(tensor_layout_any, T1 *, tensor_layout_any, const T2 *)"
1991368647,5728,54172,,,,,,,,,,0.094,16357.541,Pinned,Device,NVIDIA A100-SXM4-40GB MIG 4g.20gb (0),1,,13,[CUDA memcpy Host-to-Device]
1991384263,3488,54173,,,,,,,,,,1.547,443412.461,Device,,NVIDIA A100-SXM4-40GB MIG 4g.20gb (0),1,,13,[CUDA memset]
1991390247,3264,54178,,,,,,,,,,0.031,9588.218,Pinned,Device,NVIDIA A100-SXM4-40GB MIG 4g.20gb (0),1,,13,[CUDA memcpy Host-to-Device]
1991395847,9472,54179,,,,,,,,,,0.197,20756.693,Pinned,Device,NVIDIA A100-SXM4-40GB MIG 4g.20gb (0),1,,13,[CUDA memcpy Host-to-Device]
1991411431,6624,54180,273,1,1,8,4,1,39,0.002,0.000,,,,,NVIDIA A100-SXM4-40GB MIG 4g.20gb (0),1,,13,"void channel_eq::eqMmseCoefCompLowMimoKernel<float, float, float, (unsigned int)4, (unsigned int)1, (unsigned int)4>(const channel_eq::_puschRxChEqStatDescr *, channel_eq::_puschRxChEqCoefCompDynDescr)"
1991419143,6336,54181,273,1,1,12,11,1,51,0.002,0.000,,,,,NVIDIA A100-SXM4-40GB MIG 4g.20gb (0),1,,13,"void channel_eq::eqMmseSoftDemapKernel<float, __half, __half, float, (unsigned int)4, (unsigned short)16383>(channel_eq::_puschRxChEqStatDescr *, channel_eq::_puschRxChEqSoftDemapDynDescr)"
1991426503,282044,54182,1,1,1,32,32,1,30,0.000,0.000,,,,,NVIDIA A100-SXM4-40GB MIG 4g.20gb (0),1,,13,"void convert_kernel<float2, __half2>(tensor_layout_any, T1 *, tensor_layout_any, const T2 *)"
1991711107,11104,54194,2253,1,1,128,1,1,16,0.000,0.000,,,,,NVIDIA A100-SXM4-40GB MIG 4g.20gb (0),1,,13,cupy_copy__float16_float16
1991727459,3744,54203,282,1,1,128,1,1,16,0.000,0.000,,,,,NVIDIA A100-SXM4-40GB MIG 4g.20gb (0),1,,13,cupy_copy__complex64_complex64
1991733059,2400,54212,26,1,1,128,1,1,16,0.000,0.000,,,,,NVIDIA A100-SXM4-40GB MIG 4g.20gb (0),1,,13,cupy_copy__float32_float32
1991739971,3040,54221,103,1,1,128,1,1,16,0.000,0.000,,,,,NVIDIA A100-SXM4-40GB MIG 4g.20gb (0),1,,13,cupy_copy__complex64_complex64
1991745443,12096,54231,1434,1,1,128,1,1,16,0.000,0.000,,,,,NVIDIA A100-SXM4-40GB MIG 4g.20gb (0),1,,13,cupy_copy__complex64_complex64
1991760387,87967,54236,1,1,1,32,32,1,30,0.000,0.000,,,,,NVIDIA A100-SXM4-40GB MIG 4g.20gb (0),1,,13,"void convert_kernel<__half2, float2>(tensor_layout_any, T1 *, tensor_layout_any, const T2 *)"
1991875841,5632,54239,,,,,,,,,,0.094,16636.287,Pinned,Device,NVIDIA A100-SXM4-40GB MIG 4g.20gb (0),1,,13,[CUDA memcpy Host-to-Device]
1991885217,597049,54240,,,,,,,,,,456.561,764283.851,Device,,NVIDIA A100-SXM4-40GB MIG 4g.20gb (0),1,,13,[CUDA memset]
1992486490,119294,54245,,,,,,,,,,1.235,10351.301,Pinned,Device,NVIDIA A100-SXM4-40GB MIG 4g.20gb (0),1,,13,[CUDA memcpy Host-to-Device]
1992618488,42623,54246,,,,,,,,,,0.197,4612.620,Pinned,Device,NVIDIA A100-SXM4-40GB MIG 4g.20gb (0),1,,13,[CUDA memcpy Host-to-Device]
1992689207,8096,54247,69,4,1,48,1,1,76,0.002,0.000,,,,,NVIDIA A100-SXM4-40GB MIG 4g.20gb (0),1,,13,"void ch_est::windowedChEstPreNoDftSOfdmKernel<float, __half, float, (unsigned int)2, (unsigned int)1, (unsigned short)4>(ch_est::puschRxChEstStatDescr_t *, ch_est::puschRxChEstDynDescr_t *)"
1992706871,6624,54248,137,2,1,24,2,1,44,0.001,0.001,,,,,NVIDIA A100-SXM4-40GB MIG 4g.20gb (0),1,,13,"void ch_est::chEstFilterNoDftSOfdmDispatchKernel<float, __half, float, (unsigned int)2>(ch_est::puschRxChEstStatDescr_t *, ch_est::puschRxChEstDynDescr_t *)"
1992726743,4736,54249,137,2,1,24,2,1,44,0.001,0.001,,,,,NVIDIA A100-SXM4-40GB MIG 4g.20gb (0),1,,13,"void ch_est::chEstFilterNoDftSOfdmDispatchKernel<float, __half, float, (unsigned int)2>(ch_est::puschRxChEstStatDescr_t *, ch_est::puschRxChEstDynDescr_t *)"
1992743350,2688,54260,103,1,1,128,1,1,16,0.000,0.000,,,,,NVIDIA A100-SXM4-40GB MIG 4g.20gb (0),1,,13,cupy_copy__complex64_complex64
1992760278,12384,54270,1434,1,1,128,1,1,16,0.000,0.000,,,,,NVIDIA A100-SXM4-40GB MIG 4g.20gb (0),1,,13,cupy_copy__complex64_complex64
1992782038,2560,54277,103,1,1,128,1,1,16,0.000,0.000,,,,,NVIDIA A100-SXM4-40GB MIG 4g.20gb (0),1,,13,cupy_copy__complex64_complex64
1992803190,88415,54284,1,1,1,32,32,1,30,0.000,0.000,,,,,NVIDIA A100-SXM4-40GB MIG 4g.20gb (0),1,,13,"void convert_kernel<__half2, float2>(tensor_layout_any, T1 *, tensor_layout_any, const T2 *)"
1992925140,26976,54287,,,,,,,,,,0.094,3473.217,Pinned,Device,NVIDIA A100-SXM4-40GB MIG 4g.20gb (0),1,,13,[CUDA memcpy Host-to-Device]
1992982131,47584,54288,,,,,,,,,,35.810,752545.469,Device,,NVIDIA A100-SXM4-40GB MIG 4g.20gb (0),1,,13,[CUDA memset]
1993032947,13824,54290,,,,,,,,,,0.000,5.787,Pinned,Device,NVIDIA A100-SXM4-40GB MIG 4g.20gb (0),1,,13,[CUDA memcpy Host-to-Device]
1993058835,19807,54291,,,,,,,,,,0.197,9926.148,Pinned,Device,NVIDIA A100-SXM4-40GB MIG 4g.20gb (0),1,,13,[CUDA memcpy Host-to-Device]
1993092626,9280,54292,273,1,1,48,1,1,40,0.000,0.001,,,,,NVIDIA A100-SXM4-40GB MIG 4g.20gb (0),1,,13,"void pusch_noise_intf_est::noiseIntfEstNoDftSOfdmKernel<float, __half, float, float, (unsigned int)2, (unsigned int)1, (unsigned char)4, (unsigned char)4>(pusch_noise_intf_est::puschRxNoiseIntfEstDynDescr)"
1993113778,2816,54303,35,1,1,128,1,1,16,0.000,0.000,,,,,NVIDIA A100-SXM4-40GB MIG 4g.20gb (0),1,,13,cupy_copy__complex64_complex64
1993123922,1664,54312,1,1,1,1,1,1,18,0.000,0.000,,,,,NVIDIA A100-SXM4-40GB MIG 4g.20gb (0),1,,13,cupy_copy__float32_float32
1993128850,2304,54318,,,,,,,,,,0.000,1.736,Device,Pageable,NVIDIA A100-SXM4-40GB MIG 4g.20gb (0),1,,7,[CUDA memcpy Device-to-Host]
1993209873,12800,54329,1434,1,1,128,1,1,16,0.000,0.000,,,,,NVIDIA A100-SXM4-40GB MIG 4g.20gb (0),1,,13,cupy_copy__complex64_complex64
1993233360,2912,54336,103,1,1,128,1,1,16,0.000,0.000,,,,,NVIDIA A100-SXM4-40GB MIG 4g.20gb (0),1,,13,cupy_copy__complex64_complex64
1993258608,2656,54343,35,1,1,128,1,1,16,0.000,0.000,,,,,NVIDIA A100-SXM4-40GB MIG 4g.20gb (0),1,,13,cupy_copy__complex64_complex64
1993273104,2016,54350,1,1,1,1,1,1,18,0.000,0.000,,,,,NVIDIA A100-SXM4-40GB MIG 4g.20gb (0),1,,13,cupy_copy__float32_float32
1993398670,83359,54361,1,1,1,32,32,1,30,0.000,0.000,,,,,NVIDIA A100-SXM4-40GB MIG 4g.20gb (0),1,,13,"void convert_kernel<__half2, float2>(tensor_layout_any, T1 *, tensor_layout_any, const T2 *)"
1993510413,5728,54364,,,,,,,,,,0.094,16357.541,Pinned,Device,NVIDIA A100-SXM4-40GB MIG 4g.20gb (0),1,,13,[CUDA memcpy Host-to-Device]
1993524845,3360,54365,,,,,,,,,,1.547,460304.688,Device,,NVIDIA A100-SXM4-40GB MIG 4g.20gb (0),1,,13,[CUDA memset]
1993531693,3488,54370,,,,,,,,,,0.031,8972.469,Pinned,Device,NVIDIA A100-SXM4-40GB MIG 4g.20gb (0),1,,13,[CUDA memcpy Host-to-Device]
1993537677,9375,54371,,,,,,,,,,0.197,20971.389,Pinned,Device,NVIDIA A100-SXM4-40GB MIG 4g.20gb (0),1,,13,[CUDA memcpy Host-to-Device]
1993553292,6528,54372,273,1,1,8,4,1,39,0.002,0.000,,,,,NVIDIA A100-SXM4-40GB MIG 4g.20gb (0),1,,13,"void channel_eq::eqMmseCoefCompLowMimoKernel<float, float, float, (unsigned int)4, (unsigned int)1, (unsigned int)4>(const channel_eq::_puschRxChEqStatDescr *, channel_eq::_puschRxChEqCoefCompDynDescr)"
1993562508,6016,54373,273,1,1,12,11,1,51,0.002,0.000,,,,,NVIDIA A100-SXM4-40GB MIG 4g.20gb (0),1,,13,"void channel_eq::eqMmseSoftDemapKernel<float, __half, __half, float, (unsigned int)4, (unsigned short)16383>(channel_eq::_puschRxChEqStatDescr *, channel_eq::_puschRxChEqSoftDemapDynDescr)"
1993569548,284061,54374,1,1,1,32,32,1,30,0.000,0.000,,,,,NVIDIA A100-SXM4-40GB MIG 4g.20gb (0),1,,13,"void convert_kernel<float2, __half2>(tensor_layout_any, T1 *, tensor_layout_any, const T2 *)"
1993854569,11072,54386,2253,1,1,128,1,1,16,0.000,0.000,,,,,NVIDIA A100-SXM4-40GB MIG 4g.20gb (0),1,,13,cupy_copy__float16_float16
1993868457,3071,54395,282,1,1,128,1,1,16,0.000,0.000,,,,,NVIDIA A100-SXM4-40GB MIG 4g.20gb (0),1,,13,cupy_copy__complex64_complex64
1993873160,2176,54404,26,1,1,128,1,1,16,0.000,0.000,,,,,NVIDIA A100-SXM4-40GB MIG 4g.20gb (0),1,,13,cupy_copy__float32_float32
1993877512,3008,54413,103,1,1,128,1,1,16,0.000,0.000,,,,,NVIDIA A100-SXM4-40GB MIG 4g.20gb (0),1,,13,cupy_copy__complex64_complex64
1993882152,12288,54423,1434,1,1,128,1,1,16,0.000,0.000,,,,,NVIDIA A100-SXM4-40GB MIG 4g.20gb (0),1,,13,cupy_copy__complex64_complex64
1993901928,82591,54428,1,1,1,32,32,1,30,0.000,0.000,,,,,NVIDIA A100-SXM4-40GB MIG 4g.20gb (0),1,,13,"void convert_kernel<__half2, float2>(tensor_layout_any, T1 *, tensor_layout_any, const T2 *)"
1994011431,5568,54431,,,,,,,,,,0.094,16827.521,Pinned,Device,NVIDIA A100-SXM4-40GB MIG 4g.20gb (0),1,,13,[CUDA memcpy Host-to-Device]
1994023335,597432,54432,,,,,,,,,,456.561,763827.289,Device,,NVIDIA A100-SXM4-40GB MIG 4g.20gb (0),1,,13,[CUDA memset]
1994628767,131998,54437,,,,,,,,,,1.235,9354.701,Pinned,Device,NVIDIA A100-SXM4-40GB MIG 4g.20gb (0),1,,13,[CUDA memcpy Host-to-Device]
1994770205,35328,54438,,,,,,,,,,0.197,5565.186,Pinned,Device,NVIDIA A100-SXM4-40GB MIG 4g.20gb (0),1,,13,[CUDA memcpy Host-to-Device]
1994819741,8032,54439,69,4,1,48,1,1,76,0.002,0.000,,,,,NVIDIA A100-SXM4-40GB MIG 4g.20gb (0),1,,13,"void ch_est::windowedChEstPreNoDftSOfdmKernel<float, __half, float, (unsigned int)2, (unsigned int)1, (unsigned short)4>(ch_est::puschRxChEstStatDescr_t *, ch_est::puschRxChEstDynDescr_t *)"
1994834781,6783,54440,137,2,1,24,2,1,44,0.001,0.001,,,,,NVIDIA A100-SXM4-40GB MIG 4g.20gb (0),1,,13,"void ch_est::chEstFilterNoDftSOfdmDispatchKernel<float, __half, float, (unsigned int)2>(ch_est::puschRxChEstStatDescr_t *, ch_est::puschRxChEstDynDescr_t *)"
1994848220,4768,54441,137,2,1,24,2,1,44,0.001,0.001,,,,,NVIDIA A100-SXM4-40GB MIG 4g.20gb (0),1,,13,"void ch_est::chEstFilterNoDftSOfdmDispatchKernel<float, __half, float, (unsigned int)2>(ch_est::puschRxChEstStatDescr_t *, ch_est::puschRxChEstDynDescr_t *)"
1994863356,2656,54452,103,1,1,128,1,1,16,0.000,0.000,,,,,NVIDIA A100-SXM4-40GB MIG 4g.20gb (0),1,,13,cupy_copy__complex64_complex64
1994875644,12768,54462,1434,1,1,128,1,1,16,0.000,0.000,,,,,NVIDIA A100-SXM4-40GB MIG 4g.20gb (0),1,,13,cupy_copy__complex64_complex64
1994903388,2368,54469,103,1,1,128,1,1,16,0.000,0.000,,,,,NVIDIA A100-SXM4-40GB MIG 4g.20gb (0),1,,13,cupy_copy__complex64_complex64
1994914172,85534,54476,1,1,1,32,32,1,30,0.000,0.000,,,,,NVIDIA A100-SXM4-40GB MIG 4g.20gb (0),1,,13,"void convert_kernel<__half2, float2>(tensor_layout_any, T1 *, tensor_layout_any, const T2 *)"
1995033626,19776,54479,,,,,,,,,,0.094,4737.832,Pinned,Device,NVIDIA A100-SXM4-40GB MIG 4g.20gb (0),1,,13,[CUDA memcpy Host-to-Device]
1995068634,46847,54480,,,,,,,,,,35.810,764398.552,Device,,NVIDIA A100-SXM4-40GB MIG 4g.20gb (0),1,,13,[CUDA memset]
1995120089,9504,54482,,,,,,,,,,0.000,8.417,Pinned,Device,NVIDIA A100-SXM4-40GB MIG 4g.20gb (0),1,,13,[CUDA memcpy Host-to-Device]
1995140793,27231,54483,,,,,,,,,,0.197,7219.839,Pinned,Device,NVIDIA A100-SXM4-40GB MIG 4g.20gb (0),1,,13,[CUDA memcpy Host-to-Device]
1995184728,9600,54484,273,1,1,48,1,1,40,0.000,0.001,,,,,NVIDIA A100-SXM4-40GB MIG 4g.20gb (0),1,,13,"void pusch_noise_intf_est::noiseIntfEstNoDftSOfdmKernel<float, __half, float, float, (unsigned int)2, (unsigned int)1, (unsigned char)4, (unsigned char)4>(pusch_noise_intf_est::puschRxNoiseIntfEstDynDescr)"
1995200664,2784,54495,35,1,1,128,1,1,16,0.000,0.000,,,,,NVIDIA A100-SXM4-40GB MIG 4g.20gb (0),1,,13,cupy_copy__complex64_complex64
1995216728,1728,54504,1,1,1,1,1,1,18,0.000,0.000,,,,,NVIDIA A100-SXM4-40GB MIG 4g.20gb (0),1,,13,cupy_copy__float32_float32
1995220856,7648,54510,,,,,,,,,,0.000,0.523,Device,Pageable,NVIDIA A100-SXM4-40GB MIG 4g.20gb (0),1,,7,[CUDA memcpy Device-to-Host]
1995325526,12576,54521,1434,1,1,128,1,1,16,0.000,0.000,,,,,NVIDIA A100-SXM4-40GB MIG 4g.20gb (0),1,,13,cupy_copy__complex64_complex64
1995348342,3328,54528,103,1,1,128,1,1,16,0.000,0.000,,,,,NVIDIA A100-SXM4-40GB MIG 4g.20gb (0),1,,13,cupy_copy__complex64_complex64
1995364790,2176,54535,35,1,1,128,1,1,16,0.000,0.000,,,,,NVIDIA A100-SXM4-40GB MIG 4g.20gb (0),1,,13,cupy_copy__complex64_complex64
1995384822,1792,54542,1,1,1,1,1,1,18,0.000,0.000,,,,,NVIDIA A100-SXM4-40GB MIG 4g.20gb (0),1,,13,cupy_copy__float32_float32
1995519732,86303,54553,1,1,1,32,32,1,30,0.000,0.000,,,,,NVIDIA A100-SXM4-40GB MIG 4g.20gb (0),1,,13,"void convert_kernel<__half2, float2>(tensor_layout_any, T1 *, tensor_layout_any, const T2 *)"
1995635699,14495,54556,,,,,,,,,,0.094,6463.993,Pinned,Device,NVIDIA A100-SXM4-40GB MIG 4g.20gb (0),1,,13,[CUDA memcpy Host-to-Device]
1995660146,3520,54557,,,,,,,,,,1.547,439380.412,Device,,NVIDIA A100-SXM4-40GB MIG 4g.20gb (0),1,,13,[CUDA memset]
1995665970,3584,54562,,,,,,,,,,0.031,8732.116,Pinned,Device,NVIDIA A100-SXM4-40GB MIG 4g.20gb (0),1,,13,[CUDA memcpy Host-to-Device]
1995672498,16864,54563,,,,,,,,,,0.197,11658.265,Pinned,Device,NVIDIA A100-SXM4-40GB MIG 4g.20gb (0),1,,13,[CUDA memcpy Host-to-Device]
1995701266,8288,54564,273,1,1,8,4,1,39,0.002,0.000,,,,,NVIDIA A100-SXM4-40GB MIG 4g.20gb (0),1,,13,"void channel_eq::eqMmseCoefCompLowMimoKernel<float, float, float, (unsigned int)4, (unsigned int)1, (unsigned int)4>(const channel_eq::_puschRxChEqStatDescr *, channel_eq::_puschRxChEqCoefCompDynDescr)"
1995716050,7040,54565,273,1,1,12,11,1,51,0.002,0.000,,,,,NVIDIA A100-SXM4-40GB MIG 4g.20gb (0),1,,13,"void channel_eq::eqMmseSoftDemapKernel<float, __half, __half, float, (unsigned int)4, (unsigned short)16383>(channel_eq::_puschRxChEqStatDescr *, channel_eq::_puschRxChEqSoftDemapDynDescr)"
1995730993,290589,54566,1,1,1,32,32,1,30,0.000,0.000,,,,,NVIDIA A100-SXM4-40GB MIG 4g.20gb (0),1,,13,"void convert_kernel<float2, __half2>(tensor_layout_any, T1 *, tensor_layout_any, const T2 *)"
1996023950,10848,54578,2253,1,1,128,1,1,16,0.000,0.000,,,,,NVIDIA A100-SXM4-40GB MIG 4g.20gb (0),1,,13,cupy_copy__float16_float16
1996036654,3104,54587,282,1,1,128,1,1,16,0.000,0.000,,,,,NVIDIA A100-SXM4-40GB MIG 4g.20gb (0),1,,13,cupy_copy__complex64_complex64
1996041902,2176,54596,26,1,1,128,1,1,16,0.000,0.000,,,,,NVIDIA A100-SXM4-40GB MIG 4g.20gb (0),1,,13,cupy_copy__float32_float32
1996046862,3199,54605,103,1,1,128,1,1,16,0.000,0.000,,,,,NVIDIA A100-SXM4-40GB MIG 4g.20gb (0),1,,13,cupy_copy__complex64_complex64
1996052717,12192,54615,1434,1,1,128,1,1,16,0.000,0.000,,,,,NVIDIA A100-SXM4-40GB MIG 4g.20gb (0),1,,13,cupy_copy__complex64_complex64
1996067693,87935,54620,1,1,1,32,32,1,30,0.000,0.000,,,,,NVIDIA A100-SXM4-40GB MIG 4g.20gb (0),1,,13,"void convert_kernel<__half2, float2>(tensor_layout_any, T1 *, tensor_layout_any, const T2 *)"
1996183180,5536,54623,,,,,,,,,,0.094,16924.777,Pinned,Device,NVIDIA A100-SXM4-40GB MIG 4g.20gb (0),1,,13,[CUDA memcpy Host-to-Device]
1996194732,596952,54624,,,,,,,,,,456.561,764740.412,Device,,NVIDIA A100-SXM4-40GB MIG 4g.20gb (0),1,,13,[CUDA memset]
1996797796,137631,54629,,,,,,,,,,1.235,8971.868,Pinned,Device,NVIDIA A100-SXM4-40GB MIG 4g.20gb (0),1,,13,[CUDA memcpy Host-to-Device]
1996942466,20160,54630,,,,,,,,,,0.197,9752.347,Pinned,Device,NVIDIA A100-SXM4-40GB MIG 4g.20gb (0),1,,13,[CUDA memcpy Host-to-Device]
1996976898,7392,54631,69,4,1,48,1,1,76,0.002,0.000,,,,,NVIDIA A100-SXM4-40GB MIG 4g.20gb (0),1,,13,"void ch_est::windowedChEstPreNoDftSOfdmKernel<float, __half, float, (unsigned int)2, (unsigned int)1, (unsigned short)4>(ch_est::puschRxChEstStatDescr_t *, ch_est::puschRxChEstDynDescr_t *)"
1996992002,5856,54632,137,2,1,24,2,1,44,0.001,0.001,,,,,NVIDIA A100-SXM4-40GB MIG 4g.20gb (0),1,,13,"void ch_est::chEstFilterNoDftSOfdmDispatchKernel<float, __half, float, (unsigned int)2>(ch_est::puschRxChEstStatDescr_t *, ch_est::puschRxChEstDynDescr_t *)"
1996999714,5056,54633,137,2,1,24,2,1,44,0.001,0.001,,,,,NVIDIA A100-SXM4-40GB MIG 4g.20gb (0),1,,13,"void ch_est::chEstFilterNoDftSOfdmDispatchKernel<float, __half, float, (unsigned int)2>(ch_est::puschRxChEstStatDescr_t *, ch_est::puschRxChEstDynDescr_t *)"
1997007202,3104,54644,103,1,1,128,1,1,16,0.000,0.000,,,,,NVIDIA A100-SXM4-40GB MIG 4g.20gb (0),1,,13,cupy_copy__complex64_complex64
1997015490,13183,54654,1434,1,1,128,1,1,16,0.000,0.000,,,,,NVIDIA A100-SXM4-40GB MIG 4g.20gb (0),1,,13,cupy_copy__complex64_complex64
1997031457,2976,54661,103,1,1,128,1,1,16,0.000,0.000,,,,,NVIDIA A100-SXM4-40GB MIG 4g.20gb (0),1,,13,cupy_copy__complex64_complex64
1997040961,88639,54668,1,1,1,32,32,1,30,0.000,0.000,,,,,NVIDIA A100-SXM4-40GB MIG 4g.20gb (0),1,,13,"void convert_kernel<__half2, float2>(tensor_layout_any, T1 *, tensor_layout_any, const T2 *)"
1997160768,13056,54671,,,,,,,,,,0.094,7176.458,Pinned,Device,NVIDIA A100-SXM4-40GB MIG 4g.20gb (0),1,,13,[CUDA memcpy Host-to-Device]
1997185311,47872,54672,,,,,,,,,,35.810,748033.419,Device,,NVIDIA A100-SXM4-40GB MIG 4g.20gb (0),1,,13,[CUDA memset]
1997239839,4992,54674,,,,,,,,,,0.000,16.026,Pinned,Device,NVIDIA A100-SXM4-40GB MIG 4g.20gb (0),1,,13,[CUDA memcpy Host-to-Device]
1997254495,18879,54675,,,,,,,,,,0.197,10413.933,Pinned,Device,NVIDIA A100-SXM4-40GB MIG 4g.20gb (0),1,,13,[CUDA memcpy Host-to-Device]
1997283806,8768,54676,273,1,1,48,1,1,40,0.000,0.001,,,,,NVIDIA A100-SXM4-40GB MIG 4g.20gb (0),1,,13,"void pusch_noise_intf_est::noiseIntfEstNoDftSOfdmKernel<float, __half, float, float, (unsigned int)2, (unsigned int)1, (unsigned char)4, (unsigned char)4>(pusch_noise_intf_est::puschRxNoiseIntfEstDynDescr)"
1997297534,2528,54687,35,1,1,128,1,1,16,0.000,0.000,,,,,NVIDIA A100-SXM4-40GB MIG 4g.20gb (0),1,,13,cupy_copy__complex64_complex64
1997304830,1760,54696,1,1,1,1,1,1,18,0.000,0.000,,,,,NVIDIA A100-SXM4-40GB MIG 4g.20gb (0),1,,13,cupy_copy__float32_float32
1997313118,3360,54702,,,,,,,,,,0.000,1.190,Device,Pageable,NVIDIA A100-SXM4-40GB MIG 4g.20gb (0),1,,7,[CUDA memcpy Device-to-Host]
1997376477,12896,54713,1434,1,1,128,1,1,16,0.000,0.000,,,,,NVIDIA A100-SXM4-40GB MIG 4g.20gb (0),1,,13,cupy_copy__complex64_complex64
1997403069,3264,54720,103,1,1,128,1,1,16,0.000,0.000,,,,,NVIDIA A100-SXM4-40GB MIG 4g.20gb (0),1,,13,cupy_copy__complex64_complex64
1997423868,2528,54727,35,1,1,128,1,1,16,0.000,0.000,,,,,NVIDIA A100-SXM4-40GB MIG 4g.20gb (0),1,,13,cupy_copy__complex64_complex64
1997442140,1760,54734,1,1,1,1,1,1,18,0.000,0.000,,,,,NVIDIA A100-SXM4-40GB MIG 4g.20gb (0),1,,13,cupy_copy__float32_float32
1997573787,87231,54745,1,1,1,32,32,1,30,0.000,0.000,,,,,NVIDIA A100-SXM4-40GB MIG 4g.20gb (0),1,,13,"void convert_kernel<__half2, float2>(tensor_layout_any, T1 *, tensor_layout_any, const T2 *)"
1997688793,5728,54748,,,,,,,,,,0.094,16357.541,Pinned,Device,NVIDIA A100-SXM4-40GB MIG 4g.20gb (0),1,,13,[CUDA memcpy Host-to-Device]
1997703161,3232,54749,,,,,,,,,,1.547,478533.199,Device,,NVIDIA A100-SXM4-40GB MIG 4g.20gb (0),1,,13,[CUDA memset]
1997710073,3168,54754,,,,,,,,,,0.031,9878.770,Pinned,Device,NVIDIA A100-SXM4-40GB MIG 4g.20gb (0),1,,13,[CUDA memcpy Host-to-Device]
1997715865,9600,54755,,,,,,,,,,0.197,20479.869,Pinned,Device,NVIDIA A100-SXM4-40GB MIG 4g.20gb (0),1,,13,[CUDA memcpy Host-to-Device]
1997730073,6432,54756,273,1,1,8,4,1,39,0.002,0.000,,,,,NVIDIA A100-SXM4-40GB MIG 4g.20gb (0),1,,13,"void channel_eq::eqMmseCoefCompLowMimoKernel<float, float, float, (unsigned int)4, (unsigned int)1, (unsigned int)4>(const channel_eq::_puschRxChEqStatDescr *, channel_eq::_puschRxChEqCoefCompDynDescr)"
1997740185,5791,54757,273,1,1,12,11,1,51,0.002,0.000,,,,,NVIDIA A100-SXM4-40GB MIG 4g.20gb (0),1,,13,"void channel_eq::eqMmseSoftDemapKernel<float, __half, __half, float, (unsigned int)4, (unsigned short)16383>(channel_eq::_puschRxChEqStatDescr *, channel_eq::_puschRxChEqSoftDemapDynDescr)"
1997747000,282141,54758,1,1,1,32,32,1,30,0.000,0.000,,,,,NVIDIA A100-SXM4-40GB MIG 4g.20gb (0),1,,13,"void convert_kernel<float2, __half2>(tensor_layout_any, T1 *, tensor_layout_any, const T2 *)"
1998030325,11072,54770,2253,1,1,128,1,1,16,0.000,0.000,,,,,NVIDIA A100-SXM4-40GB MIG 4g.20gb (0),1,,13,cupy_copy__float16_float16
1998044533,3072,54779,282,1,1,128,1,1,16,0.000,0.000,,,,,NVIDIA A100-SXM4-40GB MIG 4g.20gb (0),1,,13,cupy_copy__complex64_complex64
1998049749,2112,54788,26,1,1,128,1,1,16,0.000,0.000,,,,,NVIDIA A100-SXM4-40GB MIG 4g.20gb (0),1,,13,cupy_copy__float32_float32
1998053109,3328,54797,103,1,1,128,1,1,16,0.000,0.000,,,,,NVIDIA A100-SXM4-40GB MIG 4g.20gb (0),1,,13,cupy_copy__complex64_complex64
1998057429,11871,54807,1434,1,1,128,1,1,16,0.000,0.000,,,,,NVIDIA A100-SXM4-40GB MIG 4g.20gb (0),1,,13,cupy_copy__complex64_complex64
1998080052,81663,54812,1,1,1,32,32,1,30,0.000,0.000,,,,,NVIDIA A100-SXM4-40GB MIG 4g.20gb (0),1,,13,"void convert_kernel<__half2, float2>(tensor_layout_any, T1 *, tensor_layout_any, const T2 *)"
1998188595,5856,54815,,,,,,,,,,0.094,15999.997,Pinned,Device,NVIDIA A100-SXM4-40GB MIG 4g.20gb (0),1,,13,[CUDA memcpy Host-to-Device]
1998198675,596664,54816,,,,,,,,,,456.561,764740.412,Device,,NVIDIA A100-SXM4-40GB MIG 4g.20gb (0),1,,13,[CUDA memset]
1998800651,167614,54821,,,,,,,,,,1.235,7367.676,Pinned,Device,NVIDIA A100-SXM4-40GB MIG 4g.20gb (0),1,,13,[CUDA memcpy Host-to-Device]
1998980393,41184,54822,,,,,,,,,,0.197,4773.839,Pinned,Device,NVIDIA A100-SXM4-40GB MIG 4g.20gb (0),1,,13,[CUDA memcpy Host-to-Device]
1999039240,8128,54823,69,4,1,48,1,1,76,0.002,0.000,,,,,NVIDIA A100-SXM4-40GB MIG 4g.20gb (0),1,,13,"void ch_est::windowedChEstPreNoDftSOfdmKernel<float, __half, float, (unsigned int)2, (unsigned int)1, (unsigned short)4>(ch_est::puschRxChEstStatDescr_t *, ch_est::puschRxChEstDynDescr_t *)"
1999058632,6592,54824,137,2,1,24,2,1,44,0.001,0.001,,,,,NVIDIA A100-SXM4-40GB MIG 4g.20gb (0),1,,13,"void ch_est::chEstFilterNoDftSOfdmDispatchKernel<float, __half, float, (unsigned int)2>(ch_est::puschRxChEstStatDescr_t *, ch_est::puschRxChEstDynDescr_t *)"
1999075624,4768,54825,137,2,1,24,2,1,44,0.001,0.001,,,,,NVIDIA A100-SXM4-40GB MIG 4g.20gb (0),1,,13,"void ch_est::chEstFilterNoDftSOfdmDispatchKernel<float, __half, float, (unsigned int)2>(ch_est::puschRxChEstStatDescr_t *, ch_est::puschRxChEstDynDescr_t *)"
1999092104,2624,54836,103,1,1,128,1,1,16,0.000,0.000,,,,,NVIDIA A100-SXM4-40GB MIG 4g.20gb (0),1,,13,cupy_copy__complex64_complex64
1999105736,12415,54846,1434,1,1,128,1,1,16,0.000,0.000,,,,,NVIDIA A100-SXM4-40GB MIG 4g.20gb (0),1,,13,cupy_copy__complex64_complex64
1999127527,2880,54853,103,1,1,128,1,1,16,0.000,0.000,,,,,NVIDIA A100-SXM4-40GB MIG 4g.20gb (0),1,,13,cupy_copy__complex64_complex64
1999141127,85215,54860,1,1,1,32,32,1,30,0.000,0.000,,,,,NVIDIA A100-SXM4-40GB MIG 4g.20gb (0),1,,13,"void convert_kernel<__half2, float2>(tensor_layout_any, T1 *, tensor_layout_any, const T2 *)"
1999254342,6112,54863,,,,,,,,,,0.094,15329.790,Pinned,Device,NVIDIA A100-SXM4-40GB MIG 4g.20gb (0),1,,13,[CUDA memcpy Host-to-Device]
1999273798,47487,54864,,,,,,,,,,35.810,754085.295,Device,,NVIDIA A100-SXM4-40GB MIG 4g.20gb (0),1,,13,[CUDA memset]
1999329093,2912,54866,,,,,,,,,,0.000,27.472,Pinned,Device,NVIDIA A100-SXM4-40GB MIG 4g.20gb (0),1,,13,[CUDA memcpy Host-to-Device]
1999340357,14784,54867,,,,,,,,,,0.197,13298.565,Pinned,Device,NVIDIA A100-SXM4-40GB MIG 4g.20gb (0),1,,13,[CUDA memcpy Host-to-Device]
1999367300,9888,54868,273,1,1,48,1,1,40,0.000,0.001,,,,,NVIDIA A100-SXM4-40GB MIG 4g.20gb (0),1,,13,"void pusch_noise_intf_est::noiseIntfEstNoDftSOfdmKernel<float, __half, float, float, (unsigned int)2, (unsigned int)1, (unsigned char)4, (unsigned char)4>(pusch_noise_intf_est::puschRxNoiseIntfEstDynDescr)"
1999385892,3072,54879,35,1,1,128,1,1,16,0.000,0.000,,,,,NVIDIA A100-SXM4-40GB MIG 4g.20gb (0),1,,13,cupy_copy__complex64_complex64
1999395204,1728,54888,1,1,1,1,1,1,18,0.000,0.000,,,,,NVIDIA A100-SXM4-40GB MIG 4g.20gb (0),1,,13,cupy_copy__float32_float32
1999410980,7296,54894,,,,,,,,,,0.000,0.548,Device,Pageable,NVIDIA A100-SXM4-40GB MIG 4g.20gb (0),1,,7,[CUDA memcpy Device-to-Host]
1999494051,13024,54905,1434,1,1,128,1,1,16,0.000,0.000,,,,,NVIDIA A100-SXM4-40GB MIG 4g.20gb (0),1,,13,cupy_copy__complex64_complex64
1999522402,3456,54912,103,1,1,128,1,1,16,0.000,0.000,,,,,NVIDIA A100-SXM4-40GB MIG 4g.20gb (0),1,,13,cupy_copy__complex64_complex64
1999542050,2496,54919,35,1,1,128,1,1,16,0.000,0.000,,,,,NVIDIA A100-SXM4-40GB MIG 4g.20gb (0),1,,13,cupy_copy__complex64_complex64
1999560738,1856,54926,1,1,1,1,1,1,18,0.000,0.000,,,,,NVIDIA A100-SXM4-40GB MIG 4g.20gb (0),1,,13,cupy_copy__float32_float32
1999682176,81247,54937,1,1,1,32,32,1,30,0.000,0.000,,,,,NVIDIA A100-SXM4-40GB MIG 4g.20gb (0),1,,13,"void convert_kernel<__half2, float2>(tensor_layout_any, T1 *, tensor_layout_any, const T2 *)"
1999791167,5376,54940,,,,,,,,,,0.094,17428.487,Pinned,Device,NVIDIA A100-SXM4-40GB MIG 4g.20gb (0),1,,13,[CUDA memcpy Host-to-Device]
1999806303,3360,54941,,,,,,,,,,1.547,460304.688,Device,,NVIDIA A100-SXM4-40GB MIG 4g.20gb (0),1,,13,[CUDA memset]
1999814399,3392,54946,,,,,,,,,,0.031,9226.405,Pinned,Device,NVIDIA A100-SXM4-40GB MIG 4g.20gb (0),1,,13,[CUDA memcpy Host-to-Device]
1999820191,10240,54947,,,,,,,,,,0.197,19199.951,Pinned,Device,NVIDIA A100-SXM4-40GB MIG 4g.20gb (0),1,,13,[CUDA memcpy Host-to-Device]
1999834623,6112,54948,273,1,1,8,4,1,39,0.002,0.000,,,,,NVIDIA A100-SXM4-40GB MIG 4g.20gb (0),1,,13,"void channel_eq::eqMmseCoefCompLowMimoKernel<float, float, float, (unsigned int)4, (unsigned int)1, (unsigned int)4>(const channel_eq::_puschRxChEqStatDescr *, channel_eq::_puschRxChEqCoefCompDynDescr)"
1999841854,6272,54949,273,1,1,12,11,1,51,0.002,0.000,,,,,NVIDIA A100-SXM4-40GB MIG 4g.20gb (0),1,,13,"void channel_eq::eqMmseSoftDemapKernel<float, __half, __half, float, (unsigned int)4, (unsigned short)16383>(channel_eq::_puschRxChEqStatDescr *, channel_eq::_puschRxChEqSoftDemapDynDescr)"
1999849182,282845,54950,1,1,1,32,32,1,30,0.000,0.000,,,,,NVIDIA A100-SXM4-40GB MIG 4g.20gb (0),1,,13,"void convert_kernel<float2, __half2>(tensor_layout_any, T1 *, tensor_layout_any, const T2 *)"
2000134203,11072,54962,2253,1,1,128,1,1,16,0.000,0.000,,,,,NVIDIA A100-SXM4-40GB MIG 4g.20gb (0),1,,13,cupy_copy__float16_float16
2000149371,3648,54971,282,1,1,128,1,1,16,0.000,0.000,,,,,NVIDIA A100-SXM4-40GB MIG 4g.20gb (0),1,,13,cupy_copy__complex64_complex64
2000154043,2048,54980,26,1,1,128,1,1,16,0.000,0.000,,,,,NVIDIA A100-SXM4-40GB MIG 4g.20gb (0),1,,13,cupy_copy__float32_float32
2000159771,2816,54989,103,1,1,128,1,1,16,0.000,0.000,,,,,NVIDIA A100-SXM4-40GB MIG 4g.20gb (0),1,,13,cupy_copy__complex64_complex64
2000164826,11968,54999,1434,1,1,128,1,1,16,0.000,0.000,,,,,NVIDIA A100-SXM4-40GB MIG 4g.20gb (0),1,,13,cupy_copy__complex64_complex64
2000185050,82783,55004,1,1,1,32,32,1,30,0.000,0.000,,,,,NVIDIA A100-SXM4-40GB MIG 4g.20gb (0),1,,13,"void convert_kernel<__half2, float2>(tensor_layout_any, T1 *, tensor_layout_any, const T2 *)"
2000295545,5728,55007,,,,,,,,,,0.094,16357.541,Pinned,Device,NVIDIA A100-SXM4-40GB MIG 4g.20gb (0),1,,13,[CUDA memcpy Host-to-Device]
2000305337,601080,55008,,,,,,,,,,456.561,759261.675,Device,,NVIDIA A100-SXM4-40GB MIG 4g.20gb (0),1,,13,[CUDA memset]
2000910705,140511,55013,,,,,,,,,,1.235,8787.862,Pinned,Device,NVIDIA A100-SXM4-40GB MIG 4g.20gb (0),1,,13,[CUDA memcpy Host-to-Device]
2001060879,32736,55014,,,,,,,,,,0.197,6005.785,Pinned,Device,NVIDIA A100-SXM4-40GB MIG 4g.20gb (0),1,,13,[CUDA memcpy Host-to-Device]
2001115311,8224,55015,69,4,1,48,1,1,76,0.002,0.000,,,,,NVIDIA A100-SXM4-40GB MIG 4g.20gb (0),1,,13,"void ch_est::windowedChEstPreNoDftSOfdmKernel<float, __half, float, (unsigned int)2, (unsigned int)1, (unsigned short)4>(ch_est::puschRxChEstStatDescr_t *, ch_est::puschRxChEstDynDescr_t *)"
2001131055,6815,55016,137,2,1,24,2,1,44,0.001,0.001,,,,,NVIDIA A100-SXM4-40GB MIG 4g.20gb (0),1,,13,"void ch_est::chEstFilterNoDftSOfdmDispatchKernel<float, __half, float, (unsigned int)2>(ch_est::puschRxChEstStatDescr_t *, ch_est::puschRxChEstDynDescr_t *)"
2001147022,4736,55017,137,2,1,24,2,1,44,0.001,0.001,,,,,NVIDIA A100-SXM4-40GB MIG 4g.20gb (0),1,,13,"void ch_est::chEstFilterNoDftSOfdmDispatchKernel<float, __half, float, (unsigned int)2>(ch_est::puschRxChEstStatDescr_t *, ch_est::puschRxChEstDynDescr_t *)"
2001170638,2720,55028,103,1,1,128,1,1,16,0.000,0.000,,,,,NVIDIA A100-SXM4-40GB MIG 4g.20gb (0),1,,13,cupy_copy__complex64_complex64
2001186638,12640,55038,1434,1,1,128,1,1,16,0.000,0.000,,,,,NVIDIA A100-SXM4-40GB MIG 4g.20gb (0),1,,13,cupy_copy__complex64_complex64
2001206734,2912,55045,103,1,1,128,1,1,16,0.000,0.000,,,,,NVIDIA A100-SXM4-40GB MIG 4g.20gb (0),1,,13,cupy_copy__complex64_complex64
2001224941,89471,55052,1,1,1,32,32,1,30,0.000,0.000,,,,,NVIDIA A100-SXM4-40GB MIG 4g.20gb (0),1,,13,"void convert_kernel<__half2, float2>(tensor_layout_any, T1 *, tensor_layout_any, const T2 *)"
2001345452,16672,55055,,,,,,,,,,0.094,5619.886,Pinned,Device,NVIDIA A100-SXM4-40GB MIG 4g.20gb (0),1,,13,[CUDA memcpy Host-to-Device]
2001383243,47200,55056,,,,,,,,,,35.810,758668.965,Device,,NVIDIA A100-SXM4-40GB MIG 4g.20gb (0),1,,13,[CUDA memset]
2001438187,6496,55058,,,,,,,,,,0.000,12.315,Pinned,Device,NVIDIA A100-SXM4-40GB MIG 4g.20gb (0),1,,13,[CUDA memcpy Host-to-Device]
2001452491,14303,55059,,,,,,,,,,0.197,13745.848,Pinned,Device,NVIDIA A100-SXM4-40GB MIG 4g.20gb (0),1,,13,[CUDA memcpy Host-to-Device]
2001480490,10016,55060,273,1,1,48,1,1,40,0.000,0.001,,,,,NVIDIA A100-SXM4-40GB MIG 4g.20gb (0),1,,13,"void pusch_noise_intf_est::noiseIntfEstNoDftSOfdmKernel<float, __half, float, float, (unsigned int)2, (unsigned int)1, (unsigned char)4, (unsigned char)4>(pusch_noise_intf_est::puschRxNoiseIntfEstDynDescr)"
2001493514,3168,55071,35,1,1,128,1,1,16,0.000,0.000,,,,,NVIDIA A100-SXM4-40GB MIG 4g.20gb (0),1,,13,cupy_copy__complex64_complex64
2001503050,1824,55080,1,1,1,1,1,1,18,0.000,0.000,,,,,NVIDIA A100-SXM4-40GB MIG 4g.20gb (0),1,,13,cupy_copy__float32_float32
2001511210,2880,55086,,,,,,,,,,0.000,1.389,Device,Pageable,NVIDIA A100-SXM4-40GB MIG 4g.20gb (0),1,,7,[CUDA memcpy Device-to-Host]
2001580809,13280,55097,1434,1,1,128,1,1,16,0.000,0.000,,,,,NVIDIA A100-SXM4-40GB MIG 4g.20gb (0),1,,13,cupy_copy__complex64_complex64
2001609481,2944,55104,103,1,1,128,1,1,16,0.000,0.000,,,,,NVIDIA A100-SXM4-40GB MIG 4g.20gb (0),1,,13,cupy_copy__complex64_complex64
2001630056,2624,55111,35,1,1,128,1,1,16,0.000,0.000,,,,,NVIDIA A100-SXM4-40GB MIG 4g.20gb (0),1,,13,cupy_copy__complex64_complex64
2001646248,1920,55118,1,1,1,1,1,1,18,0.000,0.000,,,,,NVIDIA A100-SXM4-40GB MIG 4g.20gb (0),1,,13,cupy_copy__float32_float32
2001774919,86686,55129,1,1,1,32,32,1,30,0.000,0.000,,,,,NVIDIA A100-SXM4-40GB MIG 4g.20gb (0),1,,13,"void convert_kernel<__half2, float2>(tensor_layout_any, T1 *, tensor_layout_any, const T2 *)"
2001889701,6432,55132,,,,,,,,,,0.094,14567.105,Pinned,Device,NVIDIA A100-SXM4-40GB MIG 4g.20gb (0),1,,13,[CUDA memcpy Host-to-Device]
2001906725,3488,55133,,,,,,,,,,1.547,443412.461,Device,,NVIDIA A100-SXM4-40GB MIG 4g.20gb (0),1,,13,[CUDA memset]
2001913349,3296,55138,,,,,,,,,,0.031,9495.144,Pinned,Device,NVIDIA A100-SXM4-40GB MIG 4g.20gb (0),1,,13,[CUDA memcpy Host-to-Device]
2001919077,9760,55139,,,,,,,,,,0.197,20144.259,Pinned,Device,NVIDIA A100-SXM4-40GB MIG 4g.20gb (0),1,,13,[CUDA memcpy Host-to-Device]
2001933797,6175,55140,273,1,1,8,4,1,39,0.002,0.000,,,,,NVIDIA A100-SXM4-40GB MIG 4g.20gb (0),1,,13,"void channel_eq::eqMmseCoefCompLowMimoKernel<float, float, float, (unsigned int)4, (unsigned int)1, (unsigned int)4>(const channel_eq::_puschRxChEqStatDescr *, channel_eq::_puschRxChEqCoefCompDynDescr)"
2001940964,6336,55141,273,1,1,12,11,1,51,0.002,0.000,,,,,NVIDIA A100-SXM4-40GB MIG 4g.20gb (0),1,,13,"void channel_eq::eqMmseSoftDemapKernel<float, __half, __half, float, (unsigned int)4, (unsigned short)16383>(channel_eq::_puschRxChEqStatDescr *, channel_eq::_puschRxChEqSoftDemapDynDescr)"
2001950180,294813,55142,1,1,1,32,32,1,30,0.000,0.000,,,,,NVIDIA A100-SXM4-40GB MIG 4g.20gb (0),1,,13,"void convert_kernel<float2, __half2>(tensor_layout_any, T1 *, tensor_layout_any, const T2 *)"
2002247105,10816,55154,2253,1,1,128,1,1,16,0.000,0.000,,,,,NVIDIA A100-SXM4-40GB MIG 4g.20gb (0),1,,13,cupy_copy__float16_float16
2002262752,2720,55163,282,1,1,128,1,1,16,0.000,0.000,,,,,NVIDIA A100-SXM4-40GB MIG 4g.20gb (0),1,,13,cupy_copy__complex64_complex64
2002268224,2368,55172,26,1,1,128,1,1,16,0.000,0.000,,,,,NVIDIA A100-SXM4-40GB MIG 4g.20gb (0),1,,13,cupy_copy__float32_float32
2002272512,4160,55181,103,1,1,128,1,1,16,0.000,0.000,,,,,NVIDIA A100-SXM4-40GB MIG 4g.20gb (0),1,,13,cupy_copy__complex64_complex64
2002279424,12032,55191,1434,1,1,128,1,1,16,0.000,0.000,,,,,NVIDIA A100-SXM4-40GB MIG 4g.20gb (0),1,,13,cupy_copy__complex64_complex64
2002292832,87295,55196,1,1,1,32,32,1,30,0.000,0.000,,,,,NVIDIA A100-SXM4-40GB MIG 4g.20gb (0),1,,13,"void convert_kernel<__half2, float2>(tensor_layout_any, T1 *, tensor_layout_any, const T2 *)"
2002407487,5632,55199,,,,,,,,,,0.094,16636.287,Pinned,Device,NVIDIA A100-SXM4-40GB MIG 4g.20gb (0),1,,13,[CUDA memcpy Host-to-Device]
2002417023,597912,55200,,,,,,,,,,456.561,763370.728,Device,,NVIDIA A100-SXM4-40GB MIG 4g.20gb (0),1,,13,[CUDA memset]
2003023319,159390,55205,,,,,,,,,,1.235,7746.804,Pinned,Device,NVIDIA A100-SXM4-40GB MIG 4g.20gb (0),1,,13,[CUDA memcpy Host-to-Device]
2003200341,39263,55206,,,,,,,,,,0.197,5007.409,Pinned,Device,NVIDIA A100-SXM4-40GB MIG 4g.20gb (0),1,,13,[CUDA memcpy Host-to-Device]
2003260916,7520,55207,69,4,1,48,1,1,76,0.002,0.000,,,,,NVIDIA A100-SXM4-40GB MIG 4g.20gb (0),1,,13,"void ch_est::windowedChEstPreNoDftSOfdmKernel<float, __half, float, (unsigned int)2, (unsigned int)1, (unsigned short)4>(ch_est::puschRxChEstStatDescr_t *, ch_est::puschRxChEstDynDescr_t *)"
2003278452,7104,55208,137,2,1,24,2,1,44,0.001,0.001,,,,,NVIDIA A100-SXM4-40GB MIG 4g.20gb (0),1,,13,"void ch_est::chEstFilterNoDftSOfdmDispatchKernel<float, __half, float, (unsigned int)2>(ch_est::puschRxChEstStatDescr_t *, ch_est::puschRxChEstDynDescr_t *)"
2003295380,4736,55209,137,2,1,24,2,1,44,0.001,0.001,,,,,NVIDIA A100-SXM4-40GB MIG 4g.20gb (0),1,,13,"void ch_est::chEstFilterNoDftSOfdmDispatchKernel<float, __half, float, (unsigned int)2>(ch_est::puschRxChEstStatDescr_t *, ch_est::puschRxChEstDynDescr_t *)"
2003312851,2720,55220,103,1,1,128,1,1,16,0.000,0.000,,,,,NVIDIA A100-SXM4-40GB MIG 4g.20gb (0),1,,13,cupy_copy__complex64_complex64
2003329235,12512,55230,1434,1,1,128,1,1,16,0.000,0.000,,,,,NVIDIA A100-SXM4-40GB MIG 4g.20gb (0),1,,13,cupy_copy__complex64_complex64
2003365043,2624,55237,103,1,1,128,1,1,16,0.000,0.000,,,,,NVIDIA A100-SXM4-40GB MIG 4g.20gb (0),1,,13,cupy_copy__complex64_complex64
2003378995,85215,55244,1,1,1,32,32,1,30,0.000,0.000,,,,,NVIDIA A100-SXM4-40GB MIG 4g.20gb (0),1,,13,"void convert_kernel<__half2, float2>(tensor_layout_any, T1 *, tensor_layout_any, const T2 *)"
2003497585,19040,55247,,,,,,,,,,0.094,4921.008,Pinned,Device,NVIDIA A100-SXM4-40GB MIG 4g.20gb (0),1,,13,[CUDA memcpy Host-to-Device]
2003542065,47359,55248,,,,,,,,,,35.810,756126.461,Device,,NVIDIA A100-SXM4-40GB MIG 4g.20gb (0),1,,13,[CUDA memset]
2003594000,12704,55250,,,,,,,,,,0.000,6.297,Pinned,Device,NVIDIA A100-SXM4-40GB MIG 4g.20gb (0),1,,13,[CUDA memcpy Host-to-Device]
2003614032,21823,55251,,,,,,,,,,0.197,9009.168,Pinned,Device,NVIDIA A100-SXM4-40GB MIG 4g.20gb (0),1,,13,[CUDA memcpy Host-to-Device]
2003655855,9856,55252,273,1,1,48,1,1,40,0.000,0.001,,,,,NVIDIA A100-SXM4-40GB MIG 4g.20gb (0),1,,13,"void pusch_noise_intf_est::noiseIntfEstNoDftSOfdmKernel<float, __half, float, float, (unsigned int)2, (unsigned int)1, (unsigned char)4, (unsigned char)4>(pusch_noise_intf_est::puschRxNoiseIntfEstDynDescr)"
2003684079,2720,55263,35,1,1,128,1,1,16,0.000,0.000,,,,,NVIDIA A100-SXM4-40GB MIG 4g.20gb (0),1,,13,cupy_copy__complex64_complex64
2003700047,1728,55272,1,1,1,1,1,1,18,0.000,0.000,,,,,NVIDIA A100-SXM4-40GB MIG 4g.20gb (0),1,,13,cupy_copy__float32_float32
2003705295,6304,55278,,,,,,,,,,0.000,0.635,Device,Pageable,NVIDIA A100-SXM4-40GB MIG 4g.20gb (0),1,,7,[CUDA memcpy Device-to-Host]
2003800685,12704,55289,1434,1,1,128,1,1,16,0.000,0.000,,,,,NVIDIA A100-SXM4-40GB MIG 4g.20gb (0),1,,13,cupy_copy__complex64_complex64
2003820653,3392,55296,103,1,1,128,1,1,16,0.000,0.000,,,,,NVIDIA A100-SXM4-40GB MIG 4g.20gb (0),1,,13,cupy_copy__complex64_complex64
2003837997,2592,55303,35,1,1,128,1,1,16,0.000,0.000,,,,,NVIDIA A100-SXM4-40GB MIG 4g.20gb (0),1,,13,cupy_copy__complex64_complex64
2003861741,1952,55310,1,1,1,1,1,1,18,0.000,0.000,,,,,NVIDIA A100-SXM4-40GB MIG 4g.20gb (0),1,,13,cupy_copy__float32_float32
2003993291,86399,55321,1,1,1,32,32,1,30,0.000,0.000,,,,,NVIDIA A100-SXM4-40GB MIG 4g.20gb (0),1,,13,"void convert_kernel<__half2, float2>(tensor_layout_any, T1 *, tensor_layout_any, const T2 *)"
2004109002,12959,55324,,,,,,,,,,0.094,7230.146,Pinned,Device,NVIDIA A100-SXM4-40GB MIG 4g.20gb (0),1,,13,[CUDA memcpy Host-to-Device]
2004133417,3584,55325,,,,,,,,,,1.547,431534.389,Device,,NVIDIA A100-SXM4-40GB MIG 4g.20gb (0),1,,13,[CUDA memset]
2004138761,3008,55330,,,,,,,,,,0.031,10404.230,Pinned,Device,NVIDIA A100-SXM4-40GB MIG 4g.20gb (0),1,,13,[CUDA memcpy Host-to-Device]
2004149193,13856,55331,,,,,,,,,,0.197,14189.199,Pinned,Device,NVIDIA A100-SXM4-40GB MIG 4g.20gb (0),1,,13,[CUDA memcpy Host-to-Device]
2004179849,8256,55332,273,1,1,8,4,1,39,0.002,0.000,,,,,NVIDIA A100-SXM4-40GB MIG 4g.20gb (0),1,,13,"void channel_eq::eqMmseCoefCompLowMimoKernel<float, float, float, (unsigned int)4, (unsigned int)1, (unsigned int)4>(const channel_eq::_puschRxChEqStatDescr *, channel_eq::_puschRxChEqCoefCompDynDescr)"
2004190185,6144,55333,273,1,1,12,11,1,51,0.002,0.000,,,,,NVIDIA A100-SXM4-40GB MIG 4g.20gb (0),1,,13,"void channel_eq::eqMmseSoftDemapKernel<float, __half, __half, float, (unsigned int)4, (unsigned short)16383>(channel_eq::_puschRxChEqStatDescr *, channel_eq::_puschRxChEqSoftDemapDynDescr)"
2004198345,282588,55334,1,1,1,32,32,1,30,0.000,0.000,,,,,NVIDIA A100-SXM4-40GB MIG 4g.20gb (0),1,,13,"void convert_kernel<float2, __half2>(tensor_layout_any, T1 *, tensor_layout_any, const T2 *)"
2004481925,10912,55346,2253,1,1,128,1,1,16,0.000,0.000,,,,,NVIDIA A100-SXM4-40GB MIG 4g.20gb (0),1,,13,cupy_copy__float16_float16
2004494213,3008,55355,282,1,1,128,1,1,16,0.000,0.000,,,,,NVIDIA A100-SXM4-40GB MIG 4g.20gb (0),1,,13,cupy_copy__complex64_complex64
2004499173,2336,55364,26,1,1,128,1,1,16,0.000,0.000,,,,,NVIDIA A100-SXM4-40GB MIG 4g.20gb (0),1,,13,cupy_copy__float32_float32
2004504229,2912,55373,103,1,1,128,1,1,16,0.000,0.000,,,,,NVIDIA A100-SXM4-40GB MIG 4g.20gb (0),1,,13,cupy_copy__complex64_complex64
2004509189,12320,55383,1434,1,1,128,1,1,16,0.000,0.000,,,,,NVIDIA A100-SXM4-40GB MIG 4g.20gb (0),1,,13,cupy_copy__complex64_complex64
2004526308,82847,55388,1,1,1,32,32,1,30,0.000,0.000,,,,,NVIDIA A100-SXM4-40GB MIG 4g.20gb (0),1,,13,"void convert_kernel<__half2, float2>(tensor_layout_any, T1 *, tensor_layout_any, const T2 *)"
2004636259,5472,55391,,,,,,,,,,0.094,17122.757,Pinned,Device,NVIDIA A100-SXM4-40GB MIG 4g.20gb (0),1,,13,[CUDA memcpy Host-to-Device]
2004646627,601561,55392,,,,,,,,,,456.561,758805.113,Device,,NVIDIA A100-SXM4-40GB MIG 4g.20gb (0),1,,13,[CUDA memset]
2005252859,74272,55397,,,,,,,,,,1.235,16627.286,Pinned,Device,NVIDIA A100-SXM4-40GB MIG 4g.20gb (0),1,,13,[CUDA memcpy Host-to-Device]
2005332858,17120,55398,,,,,,,,,,0.197,11484.070,Pinned,Device,NVIDIA A100-SXM4-40GB MIG 4g.20gb (0),1,,13,[CUDA memcpy Host-to-Device]
2005363930,8480,55399,69,4,1,48,1,1,76,0.002,0.000,,,,,NVIDIA A100-SXM4-40GB MIG 4g.20gb (0),1,,13,"void ch_est::windowedChEstPreNoDftSOfdmKernel<float, __half, float, (unsigned int)2, (unsigned int)1, (unsigned short)4>(ch_est::puschRxChEstStatDescr_t *, ch_est::puschRxChEstDynDescr_t *)"
2005379546,7040,55400,137,2,1,24,2,1,44,0.001,0.001,,,,,NVIDIA A100-SXM4-40GB MIG 4g.20gb (0),1,,13,"void ch_est::chEstFilterNoDftSOfdmDispatchKernel<float, __half, float, (unsigned int)2>(ch_est::puschRxChEstStatDescr_t *, ch_est::puschRxChEstDynDescr_t *)"
2005394746,5120,55401,137,2,1,24,2,1,44,0.001,0.001,,,,,NVIDIA A100-SXM4-40GB MIG 4g.20gb (0),1,,13,"void ch_est::chEstFilterNoDftSOfdmDispatchKernel<float, __half, float, (unsigned int)2>(ch_est::puschRxChEstStatDescr_t *, ch_est::puschRxChEstDynDescr_t *)"
2005403034,3040,55412,103,1,1,128,1,1,16,0.000,0.000,,,,,NVIDIA A100-SXM4-40GB MIG 4g.20gb (0),1,,13,cupy_copy__complex64_complex64
2005412409,12608,55422,1434,1,1,128,1,1,16,0.000,0.000,,,,,NVIDIA A100-SXM4-40GB MIG 4g.20gb (0),1,,13,cupy_copy__complex64_complex64
2005430553,2784,55429,103,1,1,128,1,1,16,0.000,0.000,,,,,NVIDIA A100-SXM4-40GB MIG 4g.20gb (0),1,,13,cupy_copy__complex64_complex64
2005440377,95071,55436,1,1,1,32,32,1,30,0.000,0.000,,,,,NVIDIA A100-SXM4-40GB MIG 4g.20gb (0),1,,13,"void convert_kernel<__half2, float2>(tensor_layout_any, T1 *, tensor_layout_any, const T2 *)"
2005565464,10047,55439,,,,,,,,,,0.094,9325.750,Pinned,Device,NVIDIA A100-SXM4-40GB MIG 4g.20gb (0),1,,13,[CUDA memcpy Host-to-Device]
2005584023,47488,55440,,,,,,,,,,35.810,754049.485,Device,,NVIDIA A100-SXM4-40GB MIG 4g.20gb (0),1,,13,[CUDA memset]
2005637559,4288,55442,,,,,,,,,,0.000,18.657,Pinned,Device,NVIDIA A100-SXM4-40GB MIG 4g.20gb (0),1,,13,[CUDA memcpy Host-to-Device]
2005651031,16543,55443,,,,,,,,,,0.197,11884.560,Pinned,Device,NVIDIA A100-SXM4-40GB MIG 4g.20gb (0),1,,13,[CUDA memcpy Host-to-Device]
2005679062,8896,55444,273,1,1,48,1,1,40,0.000,0.001,,,,,NVIDIA A100-SXM4-40GB MIG 4g.20gb (0),1,,13,"void pusch_noise_intf_est::noiseIntfEstNoDftSOfdmKernel<float, __half, float, float, (unsigned int)2, (unsigned int)1, (unsigned char)4, (unsigned char)4>(pusch_noise_intf_est::puschRxNoiseIntfEstDynDescr)"
2005691446,3040,55455,35,1,1,128,1,1,16,0.000,0.000,,,,,NVIDIA A100-SXM4-40GB MIG 4g.20gb (0),1,,13,cupy_copy__complex64_complex64
2005700854,1728,55464,1,1,1,1,1,1,18,0.000,0.000,,,,,NVIDIA A100-SXM4-40GB MIG 4g.20gb (0),1,,13,cupy_copy__float32_float32
2005717078,6464,55470,,,,,,,,,,0.000,0.619,Device,Pageable,NVIDIA A100-SXM4-40GB MIG 4g.20gb (0),1,,7,[CUDA memcpy Device-to-Host]
2005793397,12896,55481,1434,1,1,128,1,1,16,0.000,0.000,,,,,NVIDIA A100-SXM4-40GB MIG 4g.20gb (0),1,,13,cupy_copy__complex64_complex64
2005818868,3008,55488,103,1,1,128,1,1,16,0.000,0.000,,,,,NVIDIA A100-SXM4-40GB MIG 4g.20gb (0),1,,13,cupy_copy__complex64_complex64
2005839092,2784,55495,35,1,1,128,1,1,16,0.000,0.000,,,,,NVIDIA A100-SXM4-40GB MIG 4g.20gb (0),1,,13,cupy_copy__complex64_complex64
2005853588,1984,55502,1,1,1,1,1,1,18,0.000,0.000,,,,,NVIDIA A100-SXM4-40GB MIG 4g.20gb (0),1,,13,cupy_copy__float32_float32
2005993330,82495,55513,1,1,1,32,32,1,30,0.000,0.000,,,,,NVIDIA A100-SXM4-40GB MIG 4g.20gb (0),1,,13,"void convert_kernel<__half2, float2>(tensor_layout_any, T1 *, tensor_layout_any, const T2 *)"
2006104081,5408,55516,,,,,,,,,,0.094,17325.421,Pinned,Device,NVIDIA A100-SXM4-40GB MIG 4g.20gb (0),1,,13,[CUDA memcpy Host-to-Device]
2006118737,3296,55517,,,,,,,,,,1.547,469242.628,Device,,NVIDIA A100-SXM4-40GB MIG 4g.20gb (0),1,,13,[CUDA memset]
2006125361,3712,55522,,,,,,,,,,0.031,8431.017,Pinned,Device,NVIDIA A100-SXM4-40GB MIG 4g.20gb (0),1,,13,[CUDA memcpy Host-to-Device]
2006131953,9631,55523,,,,,,,,,,0.197,20414.005,Pinned,Device,NVIDIA A100-SXM4-40GB MIG 4g.20gb (0),1,,13,[CUDA memcpy Host-to-Device]
2006145680,8224,55524,273,1,1,8,4,1,39,0.002,0.000,,,,,NVIDIA A100-SXM4-40GB MIG 4g.20gb (0),1,,13,"void channel_eq::eqMmseCoefCompLowMimoKernel<float, float, float, (unsigned int)4, (unsigned int)1, (unsigned int)4>(const channel_eq::_puschRxChEqStatDescr *, channel_eq::_puschRxChEqCoefCompDynDescr)"
2006157840,5504,55525,273,1,1,12,11,1,51,0.002,0.000,,,,,NVIDIA A100-SXM4-40GB MIG 4g.20gb (0),1,,13,"void channel_eq::eqMmseSoftDemapKernel<float, __half, __half, float, (unsigned int)4, (unsigned short)16383>(channel_eq::_puschRxChEqStatDescr *, channel_eq::_puschRxChEqSoftDemapDynDescr)"
2006166480,282589,55526,1,1,1,32,32,1,30,0.000,0.000,,,,,NVIDIA A100-SXM4-40GB MIG 4g.20gb (0),1,,13,"void convert_kernel<float2, __half2>(tensor_layout_any, T1 *, tensor_layout_any, const T2 *)"
2006451597,10911,55538,2253,1,1,128,1,1,16,0.000,0.000,,,,,NVIDIA A100-SXM4-40GB MIG 4g.20gb (0),1,,13,cupy_copy__float16_float16
2006464460,3648,55547,282,1,1,128,1,1,16,0.000,0.000,,,,,NVIDIA A100-SXM4-40GB MIG 4g.20gb (0),1,,13,cupy_copy__complex64_complex64
2006471308,2368,55556,26,1,1,128,1,1,16,0.000,0.000,,,,,NVIDIA A100-SXM4-40GB MIG 4g.20gb (0),1,,13,cupy_copy__float32_float32
2006476652,2912,55565,103,1,1,128,1,1,16,0.000,0.000,,,,,NVIDIA A100-SXM4-40GB MIG 4g.20gb (0),1,,13,cupy_copy__complex64_complex64
2006480972,12448,55575,1434,1,1,128,1,1,16,0.000,0.000,,,,,NVIDIA A100-SXM4-40GB MIG 4g.20gb (0),1,,13,cupy_copy__complex64_complex64
2006497644,90847,55580,1,1,1,32,32,1,30,0.000,0.000,,,,,NVIDIA A100-SXM4-40GB MIG 4g.20gb (0),1,,13,"void convert_kernel<__half2, float2>(tensor_layout_any, T1 *, tensor_layout_any, const T2 *)"
2006615467,5695,55583,,,,,,,,,,0.094,16452.268,Pinned,Device,NVIDIA A100-SXM4-40GB MIG 4g.20gb (0),1,,13,[CUDA memcpy Host-to-Device]
2006625354,598105,55584,,,,,,,,,,456.561,762914.166,Device,,NVIDIA A100-SXM4-40GB MIG 4g.20gb (0),1,,13,[CUDA memset]
2007230883,148638,55589,,,,,,,,,,1.235,8307.468,Pinned,Device,NVIDIA A100-SXM4-40GB MIG 4g.20gb (0),1,,13,[CUDA memcpy Host-to-Device]
2007390721,28544,55590,,,,,,,,,,0.197,6887.768,Pinned,Device,NVIDIA A100-SXM4-40GB MIG 4g.20gb (0),1,,13,[CUDA memcpy Host-to-Device]
2007441408,8000,55591,69,4,1,48,1,1,76,0.002,0.000,,,,,NVIDIA A100-SXM4-40GB MIG 4g.20gb (0),1,,13,"void ch_est::windowedChEstPreNoDftSOfdmKernel<float, __half, float, (unsigned int)2, (unsigned int)1, (unsigned short)4>(ch_est::puschRxChEstStatDescr_t *, ch_est::puschRxChEstDynDescr_t *)"
2007454400,7168,55592,137,2,1,24,2,1,44,0.001,0.001,,,,,NVIDIA A100-SXM4-40GB MIG 4g.20gb (0),1,,13,"void ch_est::chEstFilterNoDftSOfdmDispatchKernel<float, __half, float, (unsigned int)2>(ch_est::puschRxChEstStatDescr_t *, ch_est::puschRxChEstDynDescr_t *)"
2007464064,5120,55593,137,2,1,24,2,1,44,0.001,0.001,,,,,NVIDIA A100-SXM4-40GB MIG 4g.20gb (0),1,,13,"void ch_est::chEstFilterNoDftSOfdmDispatchKernel<float, __half, float, (unsigned int)2>(ch_est::puschRxChEstStatDescr_t *, ch_est::puschRxChEstDynDescr_t *)"
2007472704,2688,55604,103,1,1,128,1,1,16,0.000,0.000,,,,,NVIDIA A100-SXM4-40GB MIG 4g.20gb (0),1,,13,cupy_copy__complex64_complex64
2007480832,12672,55614,1434,1,1,128,1,1,16,0.000,0.000,,,,,NVIDIA A100-SXM4-40GB MIG 4g.20gb (0),1,,13,cupy_copy__complex64_complex64
2007497472,2592,55621,103,1,1,128,1,1,16,0.000,0.000,,,,,NVIDIA A100-SXM4-40GB MIG 4g.20gb (0),1,,13,cupy_copy__complex64_complex64
2007506240,87070,55628,1,1,1,32,32,1,30,0.000,0.000,,,,,NVIDIA A100-SXM4-40GB MIG 4g.20gb (0),1,,13,"void convert_kernel<__half2, float2>(tensor_layout_any, T1 *, tensor_layout_any, const T2 *)"
2007620350,14464,55631,,,,,,,,,,0.094,6477.860,Pinned,Device,NVIDIA A100-SXM4-40GB MIG 4g.20gb (0),1,,13,[CUDA memcpy Host-to-Device]
2007643038,47167,55632,,,,,,,,,,35.810,759206.114,Device,,NVIDIA A100-SXM4-40GB MIG 4g.20gb (0),1,,13,[CUDA memset]
2007692509,8096,55634,,,,,,,,,,0.000,9.881,Pinned,Device,NVIDIA A100-SXM4-40GB MIG 4g.20gb (0),1,,13,[CUDA memcpy Host-to-Device]
2007709053,15776,55635,,,,,,,,,,0.197,12462.391,Pinned,Device,NVIDIA A100-SXM4-40GB MIG 4g.20gb (0),1,,13,[CUDA memcpy Host-to-Device]
2007736605,10112,55636,273,1,1,48,1,1,40,0.000,0.001,,,,,NVIDIA A100-SXM4-40GB MIG 4g.20gb (0),1,,13,"void pusch_noise_intf_est::noiseIntfEstNoDftSOfdmKernel<float, __half, float, float, (unsigned int)2, (unsigned int)1, (unsigned char)4, (unsigned char)4>(pusch_noise_intf_est::puschRxNoiseIntfEstDynDescr)"
2007757596,3136,55647,35,1,1,128,1,1,16,0.000,0.000,,,,,NVIDIA A100-SXM4-40GB MIG 4g.20gb (0),1,,13,cupy_copy__complex64_complex64
2007767004,1760,55656,1,1,1,1,1,1,18,0.000,0.000,,,,,NVIDIA A100-SXM4-40GB MIG 4g.20gb (0),1,,13,cupy_copy__float32_float32
2007775164,7456,55662,,,,,,,,,,0.000,0.536,Device,Pageable,NVIDIA A100-SXM4-40GB MIG 4g.20gb (0),1,,7,[CUDA memcpy Device-to-Host]
2007859483,12896,55673,1434,1,1,128,1,1,16,0.000,0.000,,,,,NVIDIA A100-SXM4-40GB MIG 4g.20gb (0),1,,13,cupy_copy__complex64_complex64
2007877499,3424,55680,103,1,1,128,1,1,16,0.000,0.000,,,,,NVIDIA A100-SXM4-40GB MIG 4g.20gb (0),1,,13,cupy_copy__complex64_complex64
2007910619,2623,55687,35,1,1,128,1,1,16,0.000,0.000,,,,,NVIDIA A100-SXM4-40GB MIG 4g.20gb (0),1,,13,cupy_copy__complex64_complex64
2007930010,1760,55694,1,1,1,1,1,1,18,0.000,0.000,,,,,NVIDIA A100-SXM4-40GB MIG 4g.20gb (0),1,,13,cupy_copy__float32_float32
2008058681,88511,55705,1,1,1,32,32,1,30,0.000,0.000,,,,,NVIDIA A100-SXM4-40GB MIG 4g.20gb (0),1,,13,"void convert_kernel<__half2, float2>(tensor_layout_any, T1 *, tensor_layout_any, const T2 *)"
2008174967,5696,55708,,,,,,,,,,0.094,16449.363,Pinned,Device,NVIDIA A100-SXM4-40GB MIG 4g.20gb (0),1,,13,[CUDA memcpy Host-to-Device]
2008189367,3296,55709,,,,,,,,,,1.547,469242.628,Device,,NVIDIA A100-SXM4-40GB MIG 4g.20gb (0),1,,13,[CUDA memset]
2008196279,3456,55714,,,,,,,,,,0.031,9055.529,Pinned,Device,NVIDIA A100-SXM4-40GB MIG 4g.20gb (0),1,,13,[CUDA memcpy Host-to-Device]
2008202167,9504,55715,,,,,,,,,,0.197,20686.701,Pinned,Device,NVIDIA A100-SXM4-40GB MIG 4g.20gb (0),1,,13,[CUDA memcpy Host-to-Device]
2008215799,6080,55716,273,1,1,8,4,1,39,0.002,0.000,,,,,NVIDIA A100-SXM4-40GB MIG 4g.20gb (0),1,,13,"void channel_eq::eqMmseCoefCompLowMimoKernel<float, float, float, (unsigned int)4, (unsigned int)1, (unsigned int)4>(const channel_eq::_puschRxChEqStatDescr *, channel_eq::_puschRxChEqCoefCompDynDescr)"
2008222871,6144,55717,273,1,1,12,11,1,51,0.002,0.000,,,,,NVIDIA A100-SXM4-40GB MIG 4g.20gb (0),1,,13,"void channel_eq::eqMmseSoftDemapKernel<float, __half, __half, float, (unsigned int)4, (unsigned short)16383>(channel_eq::_puschRxChEqStatDescr *, channel_eq::_puschRxChEqSoftDemapDynDescr)"
2008230327,294172,55718,1,1,1,32,32,1,30,0.000,0.000,,,,,NVIDIA A100-SXM4-40GB MIG 4g.20gb (0),1,,13,"void convert_kernel<float2, __half2>(tensor_layout_any, T1 *, tensor_layout_any, const T2 *)"
2008525459,10912,55730,2253,1,1,128,1,1,16,0.000,0.000,,,,,NVIDIA A100-SXM4-40GB MIG 4g.20gb (0),1,,13,cupy_copy__float16_float16
2008539091,3616,55739,282,1,1,128,1,1,16,0.000,0.000,,,,,NVIDIA A100-SXM4-40GB MIG 4g.20gb (0),1,,13,cupy_copy__complex64_complex64
2008544211,2336,55748,26,1,1,128,1,1,16,0.000,0.000,,,,,NVIDIA A100-SXM4-40GB MIG 4g.20gb (0),1,,13,cupy_copy__float32_float32
2008548211,2848,55757,103,1,1,128,1,1,16,0.000,0.000,,,,,NVIDIA A100-SXM4-40GB MIG 4g.20gb (0),1,,13,cupy_copy__complex64_complex64
2008552339,12095,55767,1434,1,1,128,1,1,16,0.000,0.000,,,,,NVIDIA A100-SXM4-40GB MIG 4g.20gb (0),1,,13,cupy_copy__complex64_complex64
2008565714,82335,55772,1,1,1,32,32,1,30,0.000,0.000,,,,,NVIDIA A100-SXM4-40GB MIG 4g.20gb (0),1,,13,"void convert_kernel<__half2, float2>(tensor_layout_any, T1 *, tensor_layout_any, const T2 *)"
2008675249,5760,55775,,,,,,,,,,0.094,16266.656,Pinned,Device,NVIDIA A100-SXM4-40GB MIG 4g.20gb (0),1,,13,[CUDA memcpy Host-to-Device]
2008688977,596952,55776,,,,,,,,,,456.561,764740.412,Device,,NVIDIA A100-SXM4-40GB MIG 4g.20gb (0),1,,13,[CUDA memset]
2009294537,152862,55781,,,,,,,,,,1.235,8077.769,Pinned,Device,NVIDIA A100-SXM4-40GB MIG 4g.20gb (0),1,,13,[CUDA memcpy Host-to-Device]
2009459655,41664,55782,,,,,,,,,,0.197,4718.789,Pinned,Device,NVIDIA A100-SXM4-40GB MIG 4g.20gb (0),1,,13,[CUDA memcpy Host-to-Device]
2009527942,8160,55783,69,4,1,48,1,1,76,0.002,0.000,,,,,NVIDIA A100-SXM4-40GB MIG 4g.20gb (0),1,,13,"void ch_est::windowedChEstPreNoDftSOfdmKernel<float, __half, float, (unsigned int)2, (unsigned int)1, (unsigned short)4>(ch_est::puschRxChEstStatDescr_t *, ch_est::puschRxChEstDynDescr_t *)"
2009544678,6848,55784,137,2,1,24,2,1,44,0.001,0.001,,,,,NVIDIA A100-SXM4-40GB MIG 4g.20gb (0),1,,13,"void ch_est::chEstFilterNoDftSOfdmDispatchKernel<float, __half, float, (unsigned int)2>(ch_est::puschRxChEstStatDescr_t *, ch_est::puschRxChEstDynDescr_t *)"
2009559910,5056,55785,137,2,1,24,2,1,44,0.001,0.001,,,,,NVIDIA A100-SXM4-40GB MIG 4g.20gb (0),1,,13,"void ch_est::chEstFilterNoDftSOfdmDispatchKernel<float, __half, float, (unsigned int)2>(ch_est::puschRxChEstStatDescr_t *, ch_est::puschRxChEstDynDescr_t *)"
2009573094,2720,55796,103,1,1,128,1,1,16,0.000,0.000,,,,,NVIDIA A100-SXM4-40GB MIG 4g.20gb (0),1,,13,cupy_copy__complex64_complex64
2009585798,12960,55806,1434,1,1,128,1,1,16,0.000,0.000,,,,,NVIDIA A100-SXM4-40GB MIG 4g.20gb (0),1,,13,cupy_copy__complex64_complex64
2009609285,2400,55813,103,1,1,128,1,1,16,0.000,0.000,,,,,NVIDIA A100-SXM4-40GB MIG 4g.20gb (0),1,,13,cupy_copy__complex64_complex64
2009622341,84607,55820,1,1,1,32,32,1,30,0.000,0.000,,,,,NVIDIA A100-SXM4-40GB MIG 4g.20gb (0),1,,13,"void convert_kernel<__half2, float2>(tensor_layout_any, T1 *, tensor_layout_any, const T2 *)"
2009734948,5760,55823,,,,,,,,,,0.094,16266.656,Pinned,Device,NVIDIA A100-SXM4-40GB MIG 4g.20gb (0),1,,13,[CUDA memcpy Host-to-Device]
2009747172,46495,55824,,,,,,,,,,35.810,770163.949,Device,,NVIDIA A100-SXM4-40GB MIG 4g.20gb (0),1,,13,[CUDA memset]
2009799363,3776,55826,,,,,,,,,,0.000,21.186,Pinned,Device,NVIDIA A100-SXM4-40GB MIG 4g.20gb (0),1,,13,[CUDA memcpy Host-to-Device]
2009808035,12704,55827,,,,,,,,,,0.197,15475.999,Pinned,Device,NVIDIA A100-SXM4-40GB MIG 4g.20gb (0),1,,13,[CUDA memcpy Host-to-Device]
2009832291,11360,55828,273,1,1,48,1,1,40,0.000,0.001,,,,,NVIDIA A100-SXM4-40GB MIG 4g.20gb (0),1,,13,"void pusch_noise_intf_est::noiseIntfEstNoDftSOfdmKernel<float, __half, float, float, (unsigned int)2, (unsigned int)1, (unsigned char)4, (unsigned char)4>(pusch_noise_intf_est::puschRxNoiseIntfEstDynDescr)"
2009847586,3232,55839,35,1,1,128,1,1,16,0.000,0.000,,,,,NVIDIA A100-SXM4-40GB MIG 4g.20gb (0),1,,13,cupy_copy__complex64_complex64
2009857538,1824,55848,1,1,1,1,1,1,18,0.000,0.000,,,,,NVIDIA A100-SXM4-40GB MIG 4g.20gb (0),1,,13,cupy_copy__float32_float32
2009886626,1632,55854,,,,,,,,,,0.000,2.451,Device,Pageable,NVIDIA A100-SXM4-40GB MIG 4g.20gb (0),1,,7,[CUDA memcpy Device-to-Host]
2009947969,12896,55865,1434,1,1,128,1,1,16,0.000,0.000,,,,,NVIDIA A100-SXM4-40GB MIG 4g.20gb (0),1,,13,cupy_copy__complex64_complex64
2009975393,2752,55872,103,1,1,128,1,1,16,0.000,0.000,,,,,NVIDIA A100-SXM4-40GB MIG 4g.20gb (0),1,,13,cupy_copy__complex64_complex64
2010000833,2336,55879,35,1,1,128,1,1,16,0.000,0.000,,,,,NVIDIA A100-SXM4-40GB MIG 4g.20gb (0),1,,13,cupy_copy__complex64_complex64
2010020224,1856,55886,1,1,1,1,1,1,18,0.000,0.000,,,,,NVIDIA A100-SXM4-40GB MIG 4g.20gb (0),1,,13,cupy_copy__float32_float32
2010152319,83295,55897,1,1,1,32,32,1,30,0.000,0.000,,,,,NVIDIA A100-SXM4-40GB MIG 4g.20gb (0),1,,13,"void convert_kernel<__half2, float2>(tensor_layout_any, T1 *, tensor_layout_any, const T2 *)"
2010263293,5408,55900,,,,,,,,,,0.094,17325.421,Pinned,Device,NVIDIA A100-SXM4-40GB MIG 4g.20gb (0),1,,13,[CUDA memcpy Host-to-Device]
2010278973,3008,55901,,,,,,,,,,1.547,514168.962,Device,,NVIDIA A100-SXM4-40GB MIG 4g.20gb (0),1,,13,[CUDA memset]
2010285277,3040,55906,,,,,,,,,,0.031,10294.725,Pinned,Device,NVIDIA A100-SXM4-40GB MIG 4g.20gb (0),1,,13,[CUDA memcpy Host-to-Device]
2010291133,9952,55907,,,,,,,,,,0.197,19755.565,Pinned,Device,NVIDIA A100-SXM4-40GB MIG 4g.20gb (0),1,,13,[CUDA memcpy Host-to-Device]
2010305661,6208,55908,273,1,1,8,4,1,39,0.002,0.000,,,,,NVIDIA A100-SXM4-40GB MIG 4g.20gb (0),1,,13,"void channel_eq::eqMmseCoefCompLowMimoKernel<float, float, float, (unsigned int)4, (unsigned int)1, (unsigned int)4>(const channel_eq::_puschRxChEqStatDescr *, channel_eq::_puschRxChEqCoefCompDynDescr)"
2010312861,6368,55909,273,1,1,12,11,1,51,0.002,0.000,,,,,NVIDIA A100-SXM4-40GB MIG 4g.20gb (0),1,,13,"void channel_eq::eqMmseSoftDemapKernel<float, __half, __half, float, (unsigned int)4, (unsigned short)16383>(channel_eq::_puschRxChEqStatDescr *, channel_eq::_puschRxChEqSoftDemapDynDescr)"
2010320285,282812,55910,1,1,1,32,32,1,30,0.000,0.000,,,,,NVIDIA A100-SXM4-40GB MIG 4g.20gb (0),1,,13,"void convert_kernel<float2, __half2>(tensor_layout_any, T1 *, tensor_layout_any, const T2 *)"
2010604249,11072,55922,2253,1,1,128,1,1,16,0.000,0.000,,,,,NVIDIA A100-SXM4-40GB MIG 4g.20gb (0),1,,13,cupy_copy__float16_float16
2010620185,2880,55931,282,1,1,128,1,1,16,0.000,0.000,,,,,NVIDIA A100-SXM4-40GB MIG 4g.20gb (0),1,,13,cupy_copy__complex64_complex64
2010624825,2368,55940,26,1,1,128,1,1,16,0.000,0.000,,,,,NVIDIA A100-SXM4-40GB MIG 4g.20gb (0),1,,13,cupy_copy__float32_float32
2010630681,2976,55949,103,1,1,128,1,1,16,0.000,0.000,,,,,NVIDIA A100-SXM4-40GB MIG 4g.20gb (0),1,,13,cupy_copy__complex64_complex64
2010634617,11936,55959,1434,1,1,128,1,1,16,0.000,0.000,,,,,NVIDIA A100-SXM4-40GB MIG 4g.20gb (0),1,,13,cupy_copy__complex64_complex64
2010651225,82207,55964,1,1,1,32,32,1,30,0.000,0.000,,,,,NVIDIA A100-SXM4-40GB MIG 4g.20gb (0),1,,13,"void convert_kernel<__half2, float2>(tensor_layout_any, T1 *, tensor_layout_any, const T2 *)"
2010760087,5728,55967,,,,,,,,,,0.094,16357.541,Pinned,Device,NVIDIA A100-SXM4-40GB MIG 4g.20gb (0),1,,13,[CUDA memcpy Host-to-Device]
2010770295,596473,55968,,,,,,,,,,456.561,765196.973,Device,,NVIDIA A100-SXM4-40GB MIG 4g.20gb (0),1,,13,[CUDA memset]
2011374256,159518,55973,,,,,,,,,,1.235,7740.629,Pinned,Device,NVIDIA A100-SXM4-40GB MIG 4g.20gb (0),1,,13,[CUDA memcpy Host-to-Device]
2011548877,42336,55974,,,,,,,,,,0.197,4643.881,Pinned,Device,NVIDIA A100-SXM4-40GB MIG 4g.20gb (0),1,,13,[CUDA memcpy Host-to-Device]
2011611021,8032,55975,69,4,1,48,1,1,76,0.002,0.000,,,,,NVIDIA A100-SXM4-40GB MIG 4g.20gb (0),1,,13,"void ch_est::windowedChEstPreNoDftSOfdmKernel<float, __half, float, (unsigned int)2, (unsigned int)1, (unsigned short)4>(ch_est::puschRxChEstStatDescr_t *, ch_est::puschRxChEstDynDescr_t *)"
2011637868,6688,55976,137,2,1,24,2,1,44,0.001,0.001,,,,,NVIDIA A100-SXM4-40GB MIG 4g.20gb (0),1,,13,"void ch_est::chEstFilterNoDftSOfdmDispatchKernel<float, __half, float, (unsigned int)2>(ch_est::puschRxChEstStatDescr_t *, ch_est::puschRxChEstDynDescr_t *)"
2011657580,4736,55977,137,2,1,24,2,1,44,0.001,0.001,,,,,NVIDIA A100-SXM4-40GB MIG 4g.20gb (0),1,,13,"void ch_est::chEstFilterNoDftSOfdmDispatchKernel<float, __half, float, (unsigned int)2>(ch_est::puschRxChEstStatDescr_t *, ch_est::puschRxChEstDynDescr_t *)"
2011676748,2656,55988,103,1,1,128,1,1,16,0.000,0.000,,,,,NVIDIA A100-SXM4-40GB MIG 4g.20gb (0),1,,13,cupy_copy__complex64_complex64
2011693100,12448,55998,1434,1,1,128,1,1,16,0.000,0.000,,,,,NVIDIA A100-SXM4-40GB MIG 4g.20gb (0),1,,13,cupy_copy__complex64_complex64
2011712395,2912,56005,103,1,1,128,1,1,16,0.000,0.000,,,,,NVIDIA A100-SXM4-40GB MIG 4g.20gb (0),1,,13,cupy_copy__complex64_complex64
2011733323,92319,56012,1,1,1,32,32,1,30,0.000,0.000,,,,,NVIDIA A100-SXM4-40GB MIG 4g.20gb (0),1,,13,"void convert_kernel<__half2, float2>(tensor_layout_any, T1 *, tensor_layout_any, const T2 *)"
2011861706,23263,56015,,,,,,,,,,0.094,4027.616,Pinned,Device,NVIDIA A100-SXM4-40GB MIG 4g.20gb (0),1,,13,[CUDA memcpy Host-to-Device]
2011902185,46656,56016,,,,,,,,,,35.810,767514.015,Device,,NVIDIA A100-SXM4-40GB MIG 4g.20gb (0),1,,13,[CUDA memset]
2011951112,12000,56018,,,,,,,,,,0.000,6.667,Pinned,Device,NVIDIA A100-SXM4-40GB MIG 4g.20gb (0),1,,13,[CUDA memcpy Host-to-Device]
2011972936,20672,56019,,,,,,,,,,0.197,9510.715,Pinned,Device,NVIDIA A100-SXM4-40GB MIG 4g.20gb (0),1,,13,[CUDA memcpy Host-to-Device]
2012010216,10080,56020,273,1,1,48,1,1,40,0.000,0.001,,,,,NVIDIA A100-SXM4-40GB MIG 4g.20gb (0),1,,13,"void pusch_noise_intf_est::noiseIntfEstNoDftSOfdmKernel<float, __half, float, float, (unsigned int)2, (unsigned int)1, (unsigned char)4, (unsigned char)4>(pusch_noise_intf_est::puschRxNoiseIntfEstDynDescr)"
2012027752,2687,56031,35,1,1,128,1,1,16,0.000,0.000,,,,,NVIDIA A100-SXM4-40GB MIG 4g.20gb (0),1,,13,cupy_copy__complex64_complex64
2012034311,1728,56040,1,1,1,1,1,1,18,0.000,0.000,,,,,NVIDIA A100-SXM4-40GB MIG 4g.20gb (0),1,,13,cupy_copy__float32_float32
2012039847,2752,56046,,,,,,,,,,0.000,1.453,Device,Pageable,NVIDIA A100-SXM4-40GB MIG 4g.20gb (0),1,,7,[CUDA memcpy Device-to-Host]
2012102343,12799,56057,1434,1,1,128,1,1,16,0.000,0.000,,,,,NVIDIA A100-SXM4-40GB MIG 4g.20gb (0),1,,13,cupy_copy__complex64_complex64
2012132742,3040,56064,103,1,1,128,1,1,16,0.000,0.000,,,,,NVIDIA A100-SXM4-40GB MIG 4g.20gb (0),1,,13,cupy_copy__complex64_complex64
2012153990,2528,56071,35,1,1,128,1,1,16,0.000,0.000,,,,,NVIDIA A100-SXM4-40GB MIG 4g.20gb (0),1,,13,cupy_copy__complex64_complex64
2012172774,1792,56078,1,1,1,1,1,1,18,0.000,0.000,,,,,NVIDIA A100-SXM4-40GB MIG 4g.20gb (0),1,,13,cupy_copy__float32_float32
2012305220,86847,56089,1,1,1,32,32,1,30,0.000,0.000,,,,,NVIDIA A100-SXM4-40GB MIG 4g.20gb (0),1,,13,"void convert_kernel<__half2, float2>(tensor_layout_any, T1 *, tensor_layout_any, const T2 *)"
2012419651,5440,56092,,,,,,,,,,0.094,17223.480,Pinned,Device,NVIDIA A100-SXM4-40GB MIG 4g.20gb (0),1,,13,[CUDA memcpy Host-to-Device]
2012434370,3232,56093,,,,,,,,,,1.547,478533.199,Device,,NVIDIA A100-SXM4-40GB MIG 4g.20gb (0),1,,13,[CUDA memset]
2012441506,3040,56098,,,,,,,,,,0.031,10294.725,Pinned,Device,NVIDIA A100-SXM4-40GB MIG 4g.20gb (0),1,,13,[CUDA memcpy Host-to-Device]
2012447330,9824,56099,,,,,,,,,,0.197,20012.925,Pinned,Device,NVIDIA A100-SXM4-40GB MIG 4g.20gb (0),1,,13,[CUDA memcpy Host-to-Device]
2012461986,5952,56100,273,1,1,8,4,1,39,0.002,0.000,,,,,NVIDIA A100-SXM4-40GB MIG 4g.20gb (0),1,,13,"void channel_eq::eqMmseCoefCompLowMimoKernel<float, float, float, (unsigned int)4, (unsigned int)1, (unsigned int)4>(const channel_eq::_puschRxChEqStatDescr *, channel_eq::_puschRxChEqCoefCompDynDescr)"
2012469378,6208,56101,273,1,1,12,11,1,51,0.002,0.000,,,,,NVIDIA A100-SXM4-40GB MIG 4g.20gb (0),1,,13,"void channel_eq::eqMmseSoftDemapKernel<float, __half, __half, float, (unsigned int)4, (unsigned short)16383>(channel_eq::_puschRxChEqStatDescr *, channel_eq::_puschRxChEqSoftDemapDynDescr)"
2012477282,282524,56102,1,1,1,32,32,1,30,0.000,0.000,,,,,NVIDIA A100-SXM4-40GB MIG 4g.20gb (0),1,,13,"void convert_kernel<float2, __half2>(tensor_layout_any, T1 *, tensor_layout_any, const T2 *)"
2012761982,11168,56114,2253,1,1,128,1,1,16,0.000,0.000,,,,,NVIDIA A100-SXM4-40GB MIG 4g.20gb (0),1,,13,cupy_copy__float16_float16
2012775646,3136,56123,282,1,1,128,1,1,16,0.000,0.000,,,,,NVIDIA A100-SXM4-40GB MIG 4g.20gb (0),1,,13,cupy_copy__complex64_complex64
2012780766,2240,56132,26,1,1,128,1,1,16,0.000,0.000,,,,,NVIDIA A100-SXM4-40GB MIG 4g.20gb (0),1,,13,cupy_copy__float32_float32
2012785182,2816,56141,103,1,1,128,1,1,16,0.000,0.000,,,,,NVIDIA A100-SXM4-40GB MIG 4g.20gb (0),1,,13,cupy_copy__complex64_complex64
2012790654,11936,56151,1434,1,1,128,1,1,16,0.000,0.000,,,,,NVIDIA A100-SXM4-40GB MIG 4g.20gb (0),1,,13,cupy_copy__complex64_complex64
2012812446,81663,56156,1,1,1,32,32,1,30,0.000,0.000,,,,,NVIDIA A100-SXM4-40GB MIG 4g.20gb (0),1,,13,"void convert_kernel<__half2, float2>(tensor_layout_any, T1 *, tensor_layout_any, const T2 *)"
2012921180,5792,56159,,,,,,,,,,0.094,16176.708,Pinned,Device,NVIDIA A100-SXM4-40GB MIG 4g.20gb (0),1,,13,[CUDA memcpy Host-to-Device]
2012931484,602073,56160,,,,,,,,,,456.561,757891.990,Device,,NVIDIA A100-SXM4-40GB MIG 4g.20gb (0),1,,13,[CUDA memset]
2013536597,138206,56165,,,,,,,,,,1.235,8934.820,Pinned,Device,NVIDIA A100-SXM4-40GB MIG 4g.20gb (0),1,,13,[CUDA memcpy Host-to-Device]
2013686867,38912,56166,,,,,,,,,,0.197,5052.629,Pinned,Device,NVIDIA A100-SXM4-40GB MIG 4g.20gb (0),1,,13,[CUDA memcpy Host-to-Device]
2013754706,8288,56167,69,4,1,48,1,1,76,0.002,0.000,,,,,NVIDIA A100-SXM4-40GB MIG 4g.20gb (0),1,,13,"void ch_est::windowedChEstPreNoDftSOfdmKernel<float, __half, float, (unsigned int)2, (unsigned int)1, (unsigned short)4>(ch_est::puschRxChEstStatDescr_t *, ch_est::puschRxChEstDynDescr_t *)"
2013773458,6880,56168,137,2,1,24,2,1,44,0.001,0.001,,,,,NVIDIA A100-SXM4-40GB MIG 4g.20gb (0),1,,13,"void ch_est::chEstFilterNoDftSOfdmDispatchKernel<float, __half, float, (unsigned int)2>(ch_est::puschRxChEstStatDescr_t *, ch_est::puschRxChEstDynDescr_t *)"
2013789970,4768,56169,137,2,1,24,2,1,44,0.001,0.001,,,,,NVIDIA A100-SXM4-40GB MIG 4g.20gb (0),1,,13,"void ch_est::chEstFilterNoDftSOfdmDispatchKernel<float, __half, float, (unsigned int)2>(ch_est::puschRxChEstStatDescr_t *, ch_est::puschRxChEstDynDescr_t *)"
2013807026,2495,56180,103,1,1,128,1,1,16,0.000,0.000,,,,,NVIDIA A100-SXM4-40GB MIG 4g.20gb (0),1,,13,cupy_copy__complex64_complex64
2013824529,12480,56190,1434,1,1,128,1,1,16,0.000,0.000,,,,,NVIDIA A100-SXM4-40GB MIG 4g.20gb (0),1,,13,cupy_copy__complex64_complex64
2013844433,2880,56197,103,1,1,128,1,1,16,0.000,0.000,,,,,NVIDIA A100-SXM4-40GB MIG 4g.20gb (0),1,,13,cupy_copy__complex64_complex64
2013869937,98367,56204,1,1,1,32,32,1,30,0.000,0.000,,,,,NVIDIA A100-SXM4-40GB MIG 4g.20gb (0),1,,13,"void convert_kernel<__half2, float2>(tensor_layout_any, T1 *, tensor_layout_any, const T2 *)"
2014003503,23520,56207,,,,,,,,,,0.094,3983.673,Pinned,Device,NVIDIA A100-SXM4-40GB MIG 4g.20gb (0),1,,13,[CUDA memcpy Host-to-Device]
2014044751,47487,56208,,,,,,,,,,35.810,754085.295,Device,,NVIDIA A100-SXM4-40GB MIG 4g.20gb (0),1,,13,[CUDA memset]
2014100110,12256,56210,,,,,,,,,,0.000,6.527,Pinned,Device,NVIDIA A100-SXM4-40GB MIG 4g.20gb (0),1,,13,[CUDA memcpy Host-to-Device]
2014118766,26015,56211,,,,,,,,,,0.197,7557.415,Pinned,Device,NVIDIA A100-SXM4-40GB MIG 4g.20gb (0),1,,13,[CUDA memcpy Host-to-Device]
2014163149,9760,56212,273,1,1,48,1,1,40,0.000,0.001,,,,,NVIDIA A100-SXM4-40GB MIG 4g.20gb (0),1,,13,"void pusch_noise_intf_est::noiseIntfEstNoDftSOfdmKernel<float, __half, float, float, (unsigned int)2, (unsigned int)1, (unsigned char)4, (unsigned char)4>(pusch_noise_intf_est::puschRxNoiseIntfEstDynDescr)"
2014182669,2784,56223,35,1,1,128,1,1,16,0.000,0.000,,,,,NVIDIA A100-SXM4-40GB MIG 4g.20gb (0),1,,13,cupy_copy__complex64_complex64
2014199085,1696,56232,1,1,1,1,1,1,18,0.000,0.000,,,,,NVIDIA A100-SXM4-40GB MIG 4g.20gb (0),1,,13,cupy_copy__float32_float32
2014206285,8575,56238,,,,,,,,,,0.000,0.466,Device,Pageable,NVIDIA A100-SXM4-40GB MIG 4g.20gb (0),1,,7,[CUDA memcpy Device-to-Host]
2014306315,13184,56249,1434,1,1,128,1,1,16,0.000,0.000,,,,,NVIDIA A100-SXM4-40GB MIG 4g.20gb (0),1,,13,cupy_copy__complex64_complex64
2014331915,2816,56256,103,1,1,128,1,1,16,0.000,0.000,,,,,NVIDIA A100-SXM4-40GB MIG 4g.20gb (0),1,,13,cupy_copy__complex64_complex64
2014348427,2560,56263,35,1,1,128,1,1,16,0.000,0.000,,,,,NVIDIA A100-SXM4-40GB MIG 4g.20gb (0),1,,13,cupy_copy__complex64_complex64
2014370187,1792,56270,1,1,1,1,1,1,18,0.000,0.000,,,,,NVIDIA A100-SXM4-40GB MIG 4g.20gb (0),1,,13,cupy_copy__float32_float32
2014496937,86783,56281,1,1,1,32,32,1,30,0.000,0.000,,,,,NVIDIA A100-SXM4-40GB MIG 4g.20gb (0),1,,13,"void convert_kernel<__half2, float2>(tensor_layout_any, T1 *, tensor_layout_any, const T2 *)"
2014611656,5856,56284,,,,,,,,,,0.094,15999.997,Pinned,Device,NVIDIA A100-SXM4-40GB MIG 4g.20gb (0),1,,13,[CUDA memcpy Host-to-Device]
2014626311,3392,56285,,,,,,,,,,1.547,455961.768,Device,,NVIDIA A100-SXM4-40GB MIG 4g.20gb (0),1,,13,[CUDA memset]
2014632903,3296,56290,,,,,,,,,,0.031,9495.144,Pinned,Device,NVIDIA A100-SXM4-40GB MIG 4g.20gb (0),1,,13,[CUDA memcpy Host-to-Device]
2014638631,10240,56291,,,,,,,,,,0.197,19199.951,Pinned,Device,NVIDIA A100-SXM4-40GB MIG 4g.20gb (0),1,,13,[CUDA memcpy Host-to-Device]
2014655879,6560,56292,273,1,1,8,4,1,39,0.002,0.000,,,,,NVIDIA A100-SXM4-40GB MIG 4g.20gb (0),1,,13,"void channel_eq::eqMmseCoefCompLowMimoKernel<float, float, float, (unsigned int)4, (unsigned int)1, (unsigned int)4>(const channel_eq::_puschRxChEqStatDescr *, channel_eq::_puschRxChEqCoefCompDynDescr)"
2014664711,6048,56293,273,1,1,12,11,1,51,0.002,0.000,,,,,NVIDIA A100-SXM4-40GB MIG 4g.20gb (0),1,,13,"void channel_eq::eqMmseSoftDemapKernel<float, __half, __half, float, (unsigned int)4, (unsigned short)16383>(channel_eq::_puschRxChEqStatDescr *, channel_eq::_puschRxChEqSoftDemapDynDescr)"
2014673479,294108,56294,1,1,1,32,32,1,30,0.000,0.000,,,,,NVIDIA A100-SXM4-40GB MIG 4g.20gb (0),1,,13,"void convert_kernel<float2, __half2>(tensor_layout_any, T1 *, tensor_layout_any, const T2 *)"
2014969795,11008,56306,2253,1,1,128,1,1,16,0.000,0.000,,,,,NVIDIA A100-SXM4-40GB MIG 4g.20gb (0),1,,13,cupy_copy__float16_float16
2014983939,3680,56315,282,1,1,128,1,1,16,0.000,0.000,,,,,NVIDIA A100-SXM4-40GB MIG 4g.20gb (0),1,,13,cupy_copy__complex64_complex64
2014989635,2176,56324,26,1,1,128,1,1,16,0.000,0.000,,,,,NVIDIA A100-SXM4-40GB MIG 4g.20gb (0),1,,13,cupy_copy__float32_float32
2014994019,2912,56333,103,1,1,128,1,1,16,0.000,0.000,,,,,NVIDIA A100-SXM4-40GB MIG 4g.20gb (0),1,,13,cupy_copy__complex64_complex64
2014997987,11840,56343,1434,1,1,128,1,1,16,0.000,0.000,,,,,NVIDIA A100-SXM4-40GB MIG 4g.20gb (0),1,,13,cupy_copy__complex64_complex64
2015011171,82079,56348,1,1,1,32,32,1,30,0.000,0.000,,,,,NVIDIA A100-SXM4-40GB MIG 4g.20gb (0),1,,13,"void convert_kernel<__half2, float2>(tensor_layout_any, T1 *, tensor_layout_any, const T2 *)"
2015121153,5664,56351,,,,,,,,,,0.094,16542.310,Pinned,Device,NVIDIA A100-SXM4-40GB MIG 4g.20gb (0),1,,13,[CUDA memcpy Host-to-Device]
2015132129,600761,56352,,,,,,,,,,456.561,759718.236,Device,,NVIDIA A100-SXM4-40GB MIG 4g.20gb (0),1,,13,[CUDA memset]
2015740538,133598,56357,,,,,,,,,,1.235,9243.556,Pinned,Device,NVIDIA A100-SXM4-40GB MIG 4g.20gb (0),1,,13,[CUDA memcpy Host-to-Device]
2015879736,18112,56358,,,,,,,,,,0.197,10855.121,Pinned,Device,NVIDIA A100-SXM4-40GB MIG 4g.20gb (0),1,,13,[CUDA memcpy Host-to-Device]
2015906296,8831,56359,69,4,1,48,1,1,76,0.002,0.000,,,,,NVIDIA A100-SXM4-40GB MIG 4g.20gb (0),1,,13,"void ch_est::windowedChEstPreNoDftSOfdmKernel<float, __half, float, (unsigned int)2, (unsigned int)1, (unsigned short)4>(ch_est::puschRxChEstStatDescr_t *, ch_est::puschRxChEstDynDescr_t *)"
2015921687,6048,56360,137,2,1,24,2,1,44,0.001,0.001,,,,,NVIDIA A100-SXM4-40GB MIG 4g.20gb (0),1,,13,"void ch_est::chEstFilterNoDftSOfdmDispatchKernel<float, __half, float, (unsigned int)2>(ch_est::puschRxChEstStatDescr_t *, ch_est::puschRxChEstDynDescr_t *)"
2015930039,4928,56361,137,2,1,24,2,1,44,0.001,0.001,,,,,NVIDIA A100-SXM4-40GB MIG 4g.20gb (0),1,,13,"void ch_est::chEstFilterNoDftSOfdmDispatchKernel<float, __half, float, (unsigned int)2>(ch_est::puschRxChEstStatDescr_t *, ch_est::puschRxChEstDynDescr_t *)"
2015937911,2784,56372,103,1,1,128,1,1,16,0.000,0.000,,,,,NVIDIA A100-SXM4-40GB MIG 4g.20gb (0),1,,13,cupy_copy__complex64_complex64
2015945079,12576,56382,1434,1,1,128,1,1,16,0.000,0.000,,,,,NVIDIA A100-SXM4-40GB MIG 4g.20gb (0),1,,13,cupy_copy__complex64_complex64
2015960439,2560,56389,103,1,1,128,1,1,16,0.000,0.000,,,,,NVIDIA A100-SXM4-40GB MIG 4g.20gb (0),1,,13,cupy_copy__complex64_complex64
2015968375,84095,56396,1,1,1,32,32,1,30,0.000,0.000,,,,,NVIDIA A100-SXM4-40GB MIG 4g.20gb (0),1,,13,"void convert_kernel<__half2, float2>(tensor_layout_any, T1 *, tensor_layout_any, const T2 *)"
2016080373,5696,56399,,,,,,,,,,0.094,16449.363,Pinned,Device,NVIDIA A100-SXM4-40GB MIG 4g.20gb (0),1,,13,[CUDA memcpy Host-to-Device]
2016092437,47040,56400,,,,,,,,,,35.810,761247.279,Device,,NVIDIA A100-SXM4-40GB MIG 4g.20gb (0),1,,13,[CUDA memset]
2016146741,3616,56402,,,,,,,,,,0.000,22.124,Pinned,Device,NVIDIA A100-SXM4-40GB MIG 4g.20gb (0),1,,13,[CUDA memcpy Host-to-Device]
2016155348,13632,56403,,,,,,,,,,0.197,14422.376,Pinned,Device,NVIDIA A100-SXM4-40GB MIG 4g.20gb (0),1,,13,[CUDA memcpy Host-to-Device]
2016179188,9824,56404,273,1,1,48,1,1,40,0.000,0.001,,,,,NVIDIA A100-SXM4-40GB MIG 4g.20gb (0),1,,13,"void pusch_noise_intf_est::noiseIntfEstNoDftSOfdmKernel<float, __half, float, float, (unsigned int)2, (unsigned int)1, (unsigned char)4, (unsigned char)4>(pusch_noise_intf_est::puschRxNoiseIntfEstDynDescr)"
2016194292,2880,56415,35,1,1,128,1,1,16,0.000,0.000,,,,,NVIDIA A100-SXM4-40GB MIG 4g.20gb (0),1,,13,cupy_copy__complex64_complex64
2016201524,2016,56424,1,1,1,1,1,1,18,0.000,0.000,,,,,NVIDIA A100-SXM4-40GB MIG 4g.20gb (0),1,,13,cupy_copy__float32_float32
2016234868,1919,56430,,,,,,,,,,0.000,2.084,Device,Pageable,NVIDIA A100-SXM4-40GB MIG 4g.20gb (0),1,,7,[CUDA memcpy Device-to-Host]
2016295475,12640,56441,1434,1,1,128,1,1,16,0.000,0.000,,,,,NVIDIA A100-SXM4-40GB MIG 4g.20gb (0),1,,13,cupy_copy__complex64_complex64
2016322706,3104,56448,103,1,1,128,1,1,16,0.000,0.000,,,,,NVIDIA A100-SXM4-40GB MIG 4g.20gb (0),1,,13,cupy_copy__complex64_complex64
2016344242,2400,56455,35,1,1,128,1,1,16,0.000,0.000,,,,,NVIDIA A100-SXM4-40GB MIG 4g.20gb (0),1,,13,cupy_copy__complex64_complex64
2016361106,2048,56462,1,1,1,1,1,1,18,0.000,0.000,,,,,NVIDIA A100-SXM4-40GB MIG 4g.20gb (0),1,,13,cupy_copy__float32_float32
2016492112,87935,56473,1,1,1,32,32,1,30,0.000,0.000,,,,,NVIDIA A100-SXM4-40GB MIG 4g.20gb (0),1,,13,"void convert_kernel<__half2, float2>(tensor_layout_any, T1 *, tensor_layout_any, const T2 *)"
2016607663,5440,56476,,,,,,,,,,0.094,17223.480,Pinned,Device,NVIDIA A100-SXM4-40GB MIG 4g.20gb (0),1,,13,[CUDA memcpy Host-to-Device]
2016621903,3360,56477,,,,,,,,,,1.547,460304.688,Device,,NVIDIA A100-SXM4-40GB MIG 4g.20gb (0),1,,13,[CUDA memset]
2016629039,3168,56482,,,,,,,,,,0.031,9878.770,Pinned,Device,NVIDIA A100-SXM4-40GB MIG 4g.20gb (0),1,,13,[CUDA memcpy Host-to-Device]
2016634863,9727,56483,,,,,,,,,,0.197,20212.482,Pinned,Device,NVIDIA A100-SXM4-40GB MIG 4g.20gb (0),1,,13,[CUDA memcpy Host-to-Device]
2016649742,6336,56484,273,1,1,8,4,1,39,0.002,0.000,,,,,NVIDIA A100-SXM4-40GB MIG 4g.20gb (0),1,,13,"void channel_eq::eqMmseCoefCompLowMimoKernel<float, float, float, (unsigned int)4, (unsigned int)1, (unsigned int)4>(const channel_eq::_puschRxChEqStatDescr *, channel_eq::_puschRxChEqCoefCompDynDescr)"
2016657166,6528,56485,273,1,1,12,11,1,51,0.002,0.000,,,,,NVIDIA A100-SXM4-40GB MIG 4g.20gb (0),1,,13,"void channel_eq::eqMmseSoftDemapKernel<float, __half, __half, float, (unsigned int)4, (unsigned short)16383>(channel_eq::_puschRxChEqStatDescr *, channel_eq::_puschRxChEqSoftDemapDynDescr)"
2016664654,282333,56486,1,1,1,32,32,1,30,0.000,0.000,,,,,NVIDIA A100-SXM4-40GB MIG 4g.20gb (0),1,,13,"void convert_kernel<float2, __half2>(tensor_layout_any, T1 *, tensor_layout_any, const T2 *)"
2016948619,11200,56498,2253,1,1,128,1,1,16,0.000,0.000,,,,,NVIDIA A100-SXM4-40GB MIG 4g.20gb (0),1,,13,cupy_copy__float16_float16
2016961067,2880,56507,282,1,1,128,1,1,16,0.000,0.000,,,,,NVIDIA A100-SXM4-40GB MIG 4g.20gb (0),1,,13,cupy_copy__complex64_complex64
2016968010,2176,56516,26,1,1,128,1,1,16,0.000,0.000,,,,,NVIDIA A100-SXM4-40GB MIG 4g.20gb (0),1,,13,cupy_copy__float32_float32
2016973482,2880,56525,103,1,1,128,1,1,16,0.000,0.000,,,,,NVIDIA A100-SXM4-40GB MIG 4g.20gb (0),1,,13,cupy_copy__complex64_complex64
2016979722,12032,56535,1434,1,1,128,1,1,16,0.000,0.000,,,,,NVIDIA A100-SXM4-40GB MIG 4g.20gb (0),1,,13,cupy_copy__complex64_complex64
2016997930,83167,56540,1,1,1,32,32,1,30,0.000,0.000,,,,,NVIDIA A100-SXM4-40GB MIG 4g.20gb (0),1,,13,"void convert_kernel<__half2, float2>(tensor_layout_any, T1 *, tensor_layout_any, const T2 *)"
2017108649,5728,56543,,,,,,,,,,0.094,16357.541,Pinned,Device,NVIDIA A100-SXM4-40GB MIG 4g.20gb (0),1,,13,[CUDA memcpy Host-to-Device]
2017118569,596536,56544,,,,,,,,,,456.561,765196.973,Device,,NVIDIA A100-SXM4-40GB MIG 4g.20gb (0),1,,13,[CUDA memset]
2017720865,163902,56549,,,,,,,,,,1.235,7534.393,Pinned,Device,NVIDIA A100-SXM4-40GB MIG 4g.20gb (0),1,,13,[CUDA memcpy Host-to-Device]
2017899743,43167,56550,,,,,,,,,,0.197,4554.424,Pinned,Device,NVIDIA A100-SXM4-40GB MIG 4g.20gb (0),1,,13,[CUDA memcpy Host-to-Device]
2017974590,8096,56551,69,4,1,48,1,1,76,0.002,0.000,,,,,NVIDIA A100-SXM4-40GB MIG 4g.20gb (0),1,,13,"void ch_est::windowedChEstPreNoDftSOfdmKernel<float, __half, float, (unsigned int)2, (unsigned int)1, (unsigned short)4>(ch_est::puschRxChEstStatDescr_t *, ch_est::puschRxChEstDynDescr_t *)"
2017992254,6592,56552,137,2,1,24,2,1,44,0.001,0.001,,,,,NVIDIA A100-SXM4-40GB MIG 4g.20gb (0),1,,13,"void ch_est::chEstFilterNoDftSOfdmDispatchKernel<float, __half, float, (unsigned int)2>(ch_est::puschRxChEstStatDescr_t *, ch_est::puschRxChEstDynDescr_t *)"
2018011934,4703,56553,137,2,1,24,2,1,44,0.001,0.001,,,,,NVIDIA A100-SXM4-40GB MIG 4g.20gb (0),1,,13,"void ch_est::chEstFilterNoDftSOfdmDispatchKernel<float, __half, float, (unsigned int)2>(ch_est::puschRxChEstStatDescr_t *, ch_est::puschRxChEstDynDescr_t *)"
2018028221,2720,56564,103,1,1,128,1,1,16,0.000,0.000,,,,,NVIDIA A100-SXM4-40GB MIG 4g.20gb (0),1,,13,cupy_copy__complex64_complex64
2018043549,12768,56574,1434,1,1,128,1,1,16,0.000,0.000,,,,,NVIDIA A100-SXM4-40GB MIG 4g.20gb (0),1,,13,cupy_copy__complex64_complex64
2018073437,2496,56581,103,1,1,128,1,1,16,0.000,0.000,,,,,NVIDIA A100-SXM4-40GB MIG 4g.20gb (0),1,,13,cupy_copy__complex64_complex64
2018091421,83871,56588,1,1,1,32,32,1,30,0.000,0.000,,,,,NVIDIA A100-SXM4-40GB MIG 4g.20gb (0),1,,13,"void convert_kernel<__half2, float2>(tensor_layout_any, T1 *, tensor_layout_any, const T2 *)"
2018204987,11680,56591,,,,,,,,,,0.094,8021.877,Pinned,Device,NVIDIA A100-SXM4-40GB MIG 4g.20gb (0),1,,13,[CUDA memcpy Host-to-Device]
2018223195,46431,56592,,,,,,,,,,35.810,771238.247,Device,,NVIDIA A100-SXM4-40GB MIG 4g.20gb (0),1,,13,[CUDA memset]
2018271002,5664,56594,,,,,,,,,,0.000,14.124,Pinned,Device,NVIDIA A100-SXM4-40GB MIG 4g.20gb (0),1,,13,[CUDA memcpy Host-to-Device]
2018282490,14080,56595,,,,,,,,,,0.197,13963.493,Pinned,Device,NVIDIA A100-SXM4-40GB MIG 4g.20gb (0),1,,13,[CUDA memcpy Host-to-Device]
2018307930,9984,56596,273,1,1,48,1,1,40,0.000,0.001,,,,,NVIDIA A100-SXM4-40GB MIG 4g.20gb (0),1,,13,"void pusch_noise_intf_est::noiseIntfEstNoDftSOfdmKernel<float, __half, float, float, (unsigned int)2, (unsigned int)1, (unsigned char)4, (unsigned char)4>(pusch_noise_intf_est::puschRxNoiseIntfEstDynDescr)"
2018319866,2720,56607,35,1,1,128,1,1,16,0.000,0.000,,,,,NVIDIA A100-SXM4-40GB MIG 4g.20gb (0),1,,13,cupy_copy__complex64_complex64
2018328602,1696,56616,1,1,1,1,1,1,18,0.000,0.000,,,,,NVIDIA A100-SXM4-40GB MIG 4g.20gb (0),1,,13,cupy_copy__float32_float32
2018360505,1824,56622,,,,,,,,,,0.000,2.193,Device,Pageable,NVIDIA A100-SXM4-40GB MIG 4g.20gb (0),1,,7,[CUDA memcpy Device-to-Host]
2018420536,12864,56633,1434,1,1,128,1,1,16,0.000,0.000,,,,,NVIDIA A100-SXM4-40GB MIG 4g.20gb (0),1,,13,cupy_copy__complex64_complex64
2018446712,2752,56640,103,1,1,128,1,1,16,0.000,0.000,,,,,NVIDIA A100-SXM4-40GB MIG 4g.20gb (0),1,,13,cupy_copy__complex64_complex64
2018469240,2208,56647,35,1,1,128,1,1,16,0.000,0.000,,,,,NVIDIA A100-SXM4-40GB MIG 4g.20gb (0),1,,13,cupy_copy__complex64_complex64
2018485112,1760,56654,1,1,1,1,1,1,18,0.000,0.000,,,,,NVIDIA A100-SXM4-40GB MIG 4g.20gb (0),1,,13,cupy_copy__float32_float32
2018620726,82815,56665,1,1,1,32,32,1,30,0.000,0.000,,,,,NVIDIA A100-SXM4-40GB MIG 4g.20gb (0),1,,13,"void convert_kernel<__half2, float2>(tensor_layout_any, T1 *, tensor_layout_any, const T2 *)"
2018730933,5984,56668,,,,,,,,,,0.094,15657.726,Pinned,Device,NVIDIA A100-SXM4-40GB MIG 4g.20gb (0),1,,13,[CUDA memcpy Host-to-Device]
2018744788,3360,56669,,,,,,,,,,1.547,460304.688,Device,,NVIDIA A100-SXM4-40GB MIG 4g.20gb (0),1,,13,[CUDA memset]
2018751988,3680,56674,,,,,,,,,,0.031,8504.344,Pinned,Device,NVIDIA A100-SXM4-40GB MIG 4g.20gb (0),1,,13,[CUDA memcpy Host-to-Device]
2018758260,9440,56675,,,,,,,,,,0.197,20827.079,Pinned,Device,NVIDIA A100-SXM4-40GB MIG 4g.20gb (0),1,,13,[CUDA memcpy Host-to-Device]
2018774228,6688,56676,273,1,1,8,4,1,39,0.002,0.000,,,,,NVIDIA A100-SXM4-40GB MIG 4g.20gb (0),1,,13,"void channel_eq::eqMmseCoefCompLowMimoKernel<float, float, float, (unsigned int)4, (unsigned int)1, (unsigned int)4>(const channel_eq::_puschRxChEqStatDescr *, channel_eq::_puschRxChEqCoefCompDynDescr)"
2018781908,6336,56677,273,1,1,12,11,1,51,0.002,0.000,,,,,NVIDIA A100-SXM4-40GB MIG 4g.20gb (0),1,,13,"void channel_eq::eqMmseSoftDemapKernel<float, __half, __half, float, (unsigned int)4, (unsigned short)16383>(channel_eq::_puschRxChEqStatDescr *, channel_eq::_puschRxChEqSoftDemapDynDescr)"
2018789332,282908,56678,1,1,1,32,32,1,30,0.000,0.000,,,,,NVIDIA A100-SXM4-40GB MIG 4g.20gb (0),1,,13,"void convert_kernel<float2, __half2>(tensor_layout_any, T1 *, tensor_layout_any, const T2 *)"
2019074352,10976,56690,2253,1,1,128,1,1,16,0.000,0.000,,,,,NVIDIA A100-SXM4-40GB MIG 4g.20gb (0),1,,13,cupy_copy__float16_float16
2019086992,3104,56699,282,1,1,128,1,1,16,0.000,0.000,,,,,NVIDIA A100-SXM4-40GB MIG 4g.20gb (0),1,,13,cupy_copy__complex64_complex64
2019093360,2240,56708,26,1,1,128,1,1,16,0.000,0.000,,,,,NVIDIA A100-SXM4-40GB MIG 4g.20gb (0),1,,13,cupy_copy__float32_float32
2019097776,2912,56717,103,1,1,128,1,1,16,0.000,0.000,,,,,NVIDIA A100-SXM4-40GB MIG 4g.20gb (0),1,,13,cupy_copy__complex64_complex64
2019101776,11968,56727,1434,1,1,128,1,1,16,0.000,0.000,,,,,NVIDIA A100-SXM4-40GB MIG 4g.20gb (0),1,,13,cupy_copy__complex64_complex64
2019133040,87455,56732,1,1,1,32,32,1,30,0.000,0.000,,,,,NVIDIA A100-SXM4-40GB MIG 4g.20gb (0),1,,13,"void convert_kernel<__half2, float2>(tensor_layout_any, T1 *, tensor_layout_any, const T2 *)"
2019247246,5632,56735,,,,,,,,,,0.094,16636.287,Pinned,Device,NVIDIA A100-SXM4-40GB MIG 4g.20gb (0),1,,13,[CUDA memcpy Host-to-Device]
2019257902,596761,56736,,,,,,,,,,456.561,764740.412,Device,,NVIDIA A100-SXM4-40GB MIG 4g.20gb (0),1,,13,[CUDA memset]
2019862791,145406,56741,,,,,,,,,,1.235,8492.710,Pinned,Device,NVIDIA A100-SXM4-40GB MIG 4g.20gb (0),1,,13,[CUDA memcpy Host-to-Device]
2020021317,40863,56742,,,,,,,,,,0.197,4811.391,Pinned,Device,NVIDIA A100-SXM4-40GB MIG 4g.20gb (0),1,,13,[CUDA memcpy Host-to-Device]
2020095972,8512,56743,69,4,1,48,1,1,76,0.002,0.000,,,,,NVIDIA A100-SXM4-40GB MIG 4g.20gb (0),1,,13,"void ch_est::windowedChEstPreNoDftSOfdmKernel<float, __half, float, (unsigned int)2, (unsigned int)1, (unsigned short)4>(ch_est::puschRxChEstStatDescr_t *, ch_est::puschRxChEstDynDescr_t *)"
2020116292,6623,56744,137,2,1,24,2,1,44,0.001,0.001,,,,,NVIDIA A100-SXM4-40GB MIG 4g.20gb (0),1,,13,"void ch_est::chEstFilterNoDftSOfdmDispatchKernel<float, __half, float, (unsigned int)2>(ch_est::puschRxChEstStatDescr_t *, ch_est::puschRxChEstDynDescr_t *)"
2020135715,4800,56745,137,2,1,24,2,1,44,0.001,0.001,,,,,NVIDIA A100-SXM4-40GB MIG 4g.20gb (0),1,,13,"void ch_est::chEstFilterNoDftSOfdmDispatchKernel<float, __half, float, (unsigned int)2>(ch_est::puschRxChEstStatDescr_t *, ch_est::puschRxChEstDynDescr_t *)"
2020153603,2720,56756,103,1,1,128,1,1,16,0.000,0.000,,,,,NVIDIA A100-SXM4-40GB MIG 4g.20gb (0),1,,13,cupy_copy__complex64_complex64
2020170883,12384,56766,1434,1,1,128,1,1,16,0.000,0.000,,,,,NVIDIA A100-SXM4-40GB MIG 4g.20gb (0),1,,13,cupy_copy__complex64_complex64
2020189155,2912,56773,103,1,1,128,1,1,16,0.000,0.000,,,,,NVIDIA A100-SXM4-40GB MIG 4g.20gb (0),1,,13,cupy_copy__complex64_complex64
2020214402,82943,56780,1,1,1,32,32,1,30,0.000,0.000,,,,,NVIDIA A100-SXM4-40GB MIG 4g.20gb (0),1,,13,"void convert_kernel<__half2, float2>(tensor_layout_any, T1 *, tensor_layout_any, const T2 *)"
2020332449,27104,56783,,,,,,,,,,0.094,3456.820,Pinned,Device,NVIDIA A100-SXM4-40GB MIG 4g.20gb (0),1,,13,[CUDA memcpy Host-to-Device]
2020378944,47232,56784,,,,,,,,,,35.810,758167.626,Device,,NVIDIA A100-SXM4-40GB MIG 4g.20gb (0),1,,13,[CUDA memset]
2020434432,12575,56786,,,,,,,,,,0.000,6.362,Pinned,Device,NVIDIA A100-SXM4-40GB MIG 4g.20gb (0),1,,13,[CUDA memcpy Host-to-Device]
2020456575,17088,56787,,,,,,,,,,0.197,11505.500,Pinned,Device,NVIDIA A100-SXM4-40GB MIG 4g.20gb (0),1,,13,[CUDA memcpy Host-to-Device]
2020489023,12512,56788,273,1,1,48,1,1,40,0.000,0.001,,,,,NVIDIA A100-SXM4-40GB MIG 4g.20gb (0),1,,13,"void pusch_noise_intf_est::noiseIntfEstNoDftSOfdmKernel<float, __half, float, float, (unsigned int)2, (unsigned int)1, (unsigned char)4, (unsigned char)4>(pusch_noise_intf_est::puschRxNoiseIntfEstDynDescr)"
2020505183,2912,56799,35,1,1,128,1,1,16,0.000,0.000,,,,,NVIDIA A100-SXM4-40GB MIG 4g.20gb (0),1,,13,cupy_copy__complex64_complex64
2020515071,1888,56808,1,1,1,1,1,1,18,0.000,0.000,,,,,NVIDIA A100-SXM4-40GB MIG 4g.20gb (0),1,,13,cupy_copy__float32_float32
2020520511,2528,56814,,,,,,,,,,0.000,1.582,Device,Pageable,NVIDIA A100-SXM4-40GB MIG 4g.20gb (0),1,,7,[CUDA memcpy Device-to-Host]
2020596478,12895,56825,1434,1,1,128,1,1,16,0.000,0.000,,,,,NVIDIA A100-SXM4-40GB MIG 4g.20gb (0),1,,13,cupy_copy__complex64_complex64
2020625277,2944,56832,103,1,1,128,1,1,16,0.000,0.000,,,,,NVIDIA A100-SXM4-40GB MIG 4g.20gb (0),1,,13,cupy_copy__complex64_complex64
2020643133,2560,56839,35,1,1,128,1,1,16,0.000,0.000,,,,,NVIDIA A100-SXM4-40GB MIG 4g.20gb (0),1,,13,cupy_copy__complex64_complex64
2020664125,1920,56846,1,1,1,1,1,1,18,0.000,0.000,,,,,NVIDIA A100-SXM4-40GB MIG 4g.20gb (0),1,,13,cupy_copy__float32_float32
2020786907,87007,56857,1,1,1,32,32,1,30,0.000,0.000,,,,,NVIDIA A100-SXM4-40GB MIG 4g.20gb (0),1,,13,"void convert_kernel<__half2, float2>(tensor_layout_any, T1 *, tensor_layout_any, const T2 *)"
2020902202,5696,56860,,,,,,,,,,0.094,16449.363,Pinned,Device,NVIDIA A100-SXM4-40GB MIG 4g.20gb (0),1,,13,[CUDA memcpy Host-to-Device]
2020916698,3296,56861,,,,,,,,,,1.547,469242.628,Device,,NVIDIA A100-SXM4-40GB MIG 4g.20gb (0),1,,13,[CUDA memset]
2020923194,3360,56866,,,,,,,,,,0.031,9314.284,Pinned,Device,NVIDIA A100-SXM4-40GB MIG 4g.20gb (0),1,,13,[CUDA memcpy Host-to-Device]
2020929209,10336,56867,,,,,,,,,,0.197,19021.627,Pinned,Device,NVIDIA A100-SXM4-40GB MIG 4g.20gb (0),1,,13,[CUDA memcpy Host-to-Device]
2020944889,6240,56868,273,1,1,8,4,1,39,0.002,0.000,,,,,NVIDIA A100-SXM4-40GB MIG 4g.20gb (0),1,,13,"void channel_eq::eqMmseCoefCompLowMimoKernel<float, float, float, (unsigned int)4, (unsigned int)1, (unsigned int)4>(const channel_eq::_puschRxChEqStatDescr *, channel_eq::_puschRxChEqCoefCompDynDescr)"
2020952153,6464,56869,273,1,1,12,11,1,51,0.002,0.000,,,,,NVIDIA A100-SXM4-40GB MIG 4g.20gb (0),1,,13,"void channel_eq::eqMmseSoftDemapKernel<float, __half, __half, float, (unsigned int)4, (unsigned short)16383>(channel_eq::_puschRxChEqStatDescr *, channel_eq::_puschRxChEqSoftDemapDynDescr)"
2020959705,282141,56870,1,1,1,32,32,1,30,0.000,0.000,,,,,NVIDIA A100-SXM4-40GB MIG 4g.20gb (0),1,,13,"void convert_kernel<float2, __half2>(tensor_layout_any, T1 *, tensor_layout_any, const T2 *)"
2021243670,10975,56882,2253,1,1,128,1,1,16,0.000,0.000,,,,,NVIDIA A100-SXM4-40GB MIG 4g.20gb (0),1,,13,cupy_copy__float16_float16
2021256533,3872,56891,282,1,1,128,1,1,16,0.000,0.000,,,,,NVIDIA A100-SXM4-40GB MIG 4g.20gb (0),1,,13,cupy_copy__complex64_complex64
2021263221,2336,56900,26,1,1,128,1,1,16,0.000,0.000,,,,,NVIDIA A100-SXM4-40GB MIG 4g.20gb (0),1,,13,cupy_copy__float32_float32
2021269205,3296,56909,103,1,1,128,1,1,16,0.000,0.000,,,,,NVIDIA A100-SXM4-40GB MIG 4g.20gb (0),1,,13,cupy_copy__complex64_complex64
2021275797,11968,56919,1434,1,1,128,1,1,16,0.000,0.000,,,,,NVIDIA A100-SXM4-40GB MIG 4g.20gb (0),1,,13,cupy_copy__complex64_complex64
2021294677,81471,56924,1,1,1,32,32,1,30,0.000,0.000,,,,,NVIDIA A100-SXM4-40GB MIG 4g.20gb (0),1,,13,"void convert_kernel<__half2, float2>(tensor_layout_any, T1 *, tensor_layout_any, const T2 *)"
2021403604,5536,56927,,,,,,,,,,0.094,16924.777,Pinned,Device,NVIDIA A100-SXM4-40GB MIG 4g.20gb (0),1,,13,[CUDA memcpy Host-to-Device]
2021413683,596953,56928,,,,,,,,,,456.561,764740.412,Device,,NVIDIA A100-SXM4-40GB MIG 4g.20gb (0),1,,13,[CUDA memset]
2022011724,154526,56933,,,,,,,,,,1.235,7991.323,Pinned,Device,NVIDIA A100-SXM4-40GB MIG 4g.20gb (0),1,,13,[CUDA memcpy Host-to-Device]
2022175434,31232,56934,,,,,,,,,,0.197,6294.995,Pinned,Device,NVIDIA A100-SXM4-40GB MIG 4g.20gb (0),1,,13,[CUDA memcpy Host-to-Device]
2022223401,7840,56935,69,4,1,48,1,1,76,0.002,0.000,,,,,NVIDIA A100-SXM4-40GB MIG 4g.20gb (0),1,,13,"void ch_est::windowedChEstPreNoDftSOfdmKernel<float, __half, float, (unsigned int)2, (unsigned int)1, (unsigned short)4>(ch_est::puschRxChEstStatDescr_t *, ch_est::puschRxChEstDynDescr_t *)"
2022235881,6592,56936,137,2,1,24,2,1,44,0.001,0.001,,,,,NVIDIA A100-SXM4-40GB MIG 4g.20gb (0),1,,13,"void ch_est::chEstFilterNoDftSOfdmDispatchKernel<float, __half, float, (unsigned int)2>(ch_est::puschRxChEstStatDescr_t *, ch_est::puschRxChEstDynDescr_t *)"
2022248233,5120,56937,137,2,1,24,2,1,44,0.001,0.001,,,,,NVIDIA A100-SXM4-40GB MIG 4g.20gb (0),1,,13,"void ch_est::chEstFilterNoDftSOfdmDispatchKernel<float, __half, float, (unsigned int)2>(ch_est::puschRxChEstStatDescr_t *, ch_est::puschRxChEstDynDescr_t *)"
2022264265,2496,56948,103,1,1,128,1,1,16,0.000,0.000,,,,,NVIDIA A100-SXM4-40GB MIG 4g.20gb (0),1,,13,cupy_copy__complex64_complex64
2022282569,12768,56958,1434,1,1,128,1,1,16,0.000,0.000,,,,,NVIDIA A100-SXM4-40GB MIG 4g.20gb (0),1,,13,cupy_copy__complex64_complex64
2022318600,2688,56965,103,1,1,128,1,1,16,0.000,0.000,,,,,NVIDIA A100-SXM4-40GB MIG 4g.20gb (0),1,,13,cupy_copy__complex64_complex64
2022334952,82399,56972,1,1,1,32,32,1,30,0.000,0.000,,,,,NVIDIA A100-SXM4-40GB MIG 4g.20gb (0),1,,13,"void convert_kernel<__half2, float2>(tensor_layout_any, T1 *, tensor_layout_any, const T2 *)"
2022450983,21759,56975,,,,,,,,,,0.094,4305.987,Pinned,Device,NVIDIA A100-SXM4-40GB MIG 4g.20gb (0),1,,13,[CUDA memcpy Host-to-Device]
2022488710,48608,56976,,,,,,,,,,35.810,736681.674,Device,,NVIDIA A100-SXM4-40GB MIG 4g.20gb (0),1,,13,[CUDA memset]
2022542886,14559,56978,,,,,,,,,,0.000,5.495,Pinned,Device,NVIDIA A100-SXM4-40GB MIG 4g.20gb (0),1,,13,[CUDA memcpy Host-to-Device]
2022572613,21888,56979,,,,,,,,,,0.197,8982.430,Pinned,Device,NVIDIA A100-SXM4-40GB MIG 4g.20gb (0),1,,13,[CUDA memcpy Host-to-Device]
2022612165,10080,56980,273,1,1,48,1,1,40,0.000,0.001,,,,,NVIDIA A100-SXM4-40GB MIG 4g.20gb (0),1,,13,"void pusch_noise_intf_est::noiseIntfEstNoDftSOfdmKernel<float, __half, float, float, (unsigned int)2, (unsigned int)1, (unsigned char)4, (unsigned char)4>(pusch_noise_intf_est::puschRxNoiseIntfEstDynDescr)"
2022628708,2752,56991,35,1,1,128,1,1,16,0.000,0.000,,,,,NVIDIA A100-SXM4-40GB MIG 4g.20gb (0),1,,13,cupy_copy__complex64_complex64
2022645572,1760,57000,1,1,1,1,1,1,18,0.000,0.000,,,,,NVIDIA A100-SXM4-40GB MIG 4g.20gb (0),1,,13,cupy_copy__float32_float32
2022648036,9184,57006,,,,,,,,,,0.000,0.436,Device,Pageable,NVIDIA A100-SXM4-40GB MIG 4g.20gb (0),1,,7,[CUDA memcpy Device-to-Host]
2022741251,12960,57017,1434,1,1,128,1,1,16,0.000,0.000,,,,,NVIDIA A100-SXM4-40GB MIG 4g.20gb (0),1,,13,cupy_copy__complex64_complex64
2022766915,2688,57024,103,1,1,128,1,1,16,0.000,0.000,,,,,NVIDIA A100-SXM4-40GB MIG 4g.20gb (0),1,,13,cupy_copy__complex64_complex64
2022800258,2528,57031,35,1,1,128,1,1,16,0.000,0.000,,,,,NVIDIA A100-SXM4-40GB MIG 4g.20gb (0),1,,13,cupy_copy__complex64_complex64
2022818498,1728,57038,1,1,1,1,1,1,18,0.000,0.000,,,,,NVIDIA A100-SXM4-40GB MIG 4g.20gb (0),1,,13,cupy_copy__float32_float32
2022944033,82655,57049,1,1,1,32,32,1,30,0.000,0.000,,,,,NVIDIA A100-SXM4-40GB MIG 4g.20gb (0),1,,13,"void convert_kernel<__half2, float2>(tensor_layout_any, T1 *, tensor_layout_any, const T2 *)"
2023056479,13664,57052,,,,,,,,,,0.094,6857.142,Pinned,Device,NVIDIA A100-SXM4-40GB MIG 4g.20gb (0),1,,13,[CUDA memcpy Host-to-Device]
2023079935,3744,57053,,,,,,,,,,1.547,413093.991,Device,,NVIDIA A100-SXM4-40GB MIG 4g.20gb (0),1,,13,[CUDA memset]
2023086303,4128,57058,,,,,,,,,,0.031,7581.393,Pinned,Device,NVIDIA A100-SXM4-40GB MIG 4g.20gb (0),1,,13,[CUDA memcpy Host-to-Device]
2023094847,18815,57059,,,,,,,,,,0.197,10449.519,Pinned,Device,NVIDIA A100-SXM4-40GB MIG 4g.20gb (0),1,,13,[CUDA memcpy Host-to-Device]
2023125502,8544,57060,273,1,1,8,4,1,39,0.002,0.000,,,,,NVIDIA A100-SXM4-40GB MIG 4g.20gb (0),1,,13,"void channel_eq::eqMmseCoefCompLowMimoKernel<float, float, float, (unsigned int)4, (unsigned int)1, (unsigned int)4>(const channel_eq::_puschRxChEqStatDescr *, channel_eq::_puschRxChEqCoefCompDynDescr)"
2023141566,7296,57061,273,1,1,12,11,1,51,0.002,0.000,,,,,NVIDIA A100-SXM4-40GB MIG 4g.20gb (0),1,,13,"void channel_eq::eqMmseSoftDemapKernel<float, __half, __half, float, (unsigned int)4, (unsigned short)16383>(channel_eq::_puschRxChEqStatDescr *, channel_eq::_puschRxChEqSoftDemapDynDescr)"
2023156638,290140,57062,1,1,1,32,32,1,30,0.000,0.000,,,,,NVIDIA A100-SXM4-40GB MIG 4g.20gb (0),1,,13,"void convert_kernel<float2, __half2>(tensor_layout_any, T1 *, tensor_layout_any, const T2 *)"
2023447770,10976,57074,2253,1,1,128,1,1,16,0.000,0.000,,,,,NVIDIA A100-SXM4-40GB MIG 4g.20gb (0),1,,13,cupy_copy__float16_float16
2023463706,3584,57083,282,1,1,128,1,1,16,0.000,0.000,,,,,NVIDIA A100-SXM4-40GB MIG 4g.20gb (0),1,,13,cupy_copy__complex64_complex64
2023469978,2272,57092,26,1,1,128,1,1,16,0.000,0.000,,,,,NVIDIA A100-SXM4-40GB MIG 4g.20gb (0),1,,13,cupy_copy__float32_float32
2023473402,2912,57101,103,1,1,128,1,1,16,0.000,0.000,,,,,NVIDIA A100-SXM4-40GB MIG 4g.20gb (0),1,,13,cupy_copy__complex64_complex64
2023479162,12064,57111,1434,1,1,128,1,1,16,0.000,0.000,,,,,NVIDIA A100-SXM4-40GB MIG 4g.20gb (0),1,,13,cupy_copy__complex64_complex64
2023493626,82111,57116,1,1,1,32,32,1,30,0.000,0.000,,,,,NVIDIA A100-SXM4-40GB MIG 4g.20gb (0),1,,13,"void convert_kernel<__half2, float2>(tensor_layout_any, T1 *, tensor_layout_any, const T2 *)"
2023602808,6048,57119,,,,,,,,,,0.094,15491.978,Pinned,Device,NVIDIA A100-SXM4-40GB MIG 4g.20gb (0),1,,13,[CUDA memcpy Host-to-Device]
2023614264,596889,57120,,,,,,,,,,456.561,764740.412,Device,,NVIDIA A100-SXM4-40GB MIG 4g.20gb (0),1,,13,[CUDA memset]
2024218129,105535,57125,,,,,,,,,,1.235,11701.094,Pinned,Device,NVIDIA A100-SXM4-40GB MIG 4g.20gb (0),1,,13,[CUDA memcpy Host-to-Device]
2024330639,20416,57126,,,,,,,,,,0.197,9630.056,Pinned,Device,NVIDIA A100-SXM4-40GB MIG 4g.20gb (0),1,,13,[CUDA memcpy Host-to-Device]
2024359759,8544,57127,69,4,1,48,1,1,76,0.002,0.000,,,,,NVIDIA A100-SXM4-40GB MIG 4g.20gb (0),1,,13,"void ch_est::windowedChEstPreNoDftSOfdmKernel<float, __half, float, (unsigned int)2, (unsigned int)1, (unsigned short)4>(ch_est::puschRxChEstStatDescr_t *, ch_est::puschRxChEstDynDescr_t *)"
2024375567,6176,57128,137,2,1,24,2,1,44,0.001,0.001,,,,,NVIDIA A100-SXM4-40GB MIG 4g.20gb (0),1,,13,"void ch_est::chEstFilterNoDftSOfdmDispatchKernel<float, __half, float, (unsigned int)2>(ch_est::puschRxChEstStatDescr_t *, ch_est::puschRxChEstDynDescr_t *)"
2024383151,6240,57129,137,2,1,24,2,1,44,0.001,0.001,,,,,NVIDIA A100-SXM4-40GB MIG 4g.20gb (0),1,,13,"void ch_est::chEstFilterNoDftSOfdmDispatchKernel<float, __half, float, (unsigned int)2>(ch_est::puschRxChEstStatDescr_t *, ch_est::puschRxChEstDynDescr_t *)"
2024391087,3104,57140,103,1,1,128,1,1,16,0.000,0.000,,,,,NVIDIA A100-SXM4-40GB MIG 4g.20gb (0),1,,13,cupy_copy__complex64_complex64
2024399087,12927,57150,1434,1,1,128,1,1,16,0.000,0.000,,,,,NVIDIA A100-SXM4-40GB MIG 4g.20gb (0),1,,13,cupy_copy__complex64_complex64
2024415822,2560,57157,103,1,1,128,1,1,16,0.000,0.000,,,,,NVIDIA A100-SXM4-40GB MIG 4g.20gb (0),1,,13,cupy_copy__complex64_complex64
2024424494,88991,57164,1,1,1,32,32,1,30,0.000,0.000,,,,,NVIDIA A100-SXM4-40GB MIG 4g.20gb (0),1,,13,"void convert_kernel<__half2, float2>(tensor_layout_any, T1 *, tensor_layout_any, const T2 *)"
2024545069,12160,57167,,,,,,,,,,0.094,7705.184,Pinned,Device,NVIDIA A100-SXM4-40GB MIG 4g.20gb (0),1,,13,[CUDA memcpy Host-to-Device]
2024561901,47327,57168,,,,,,,,,,35.810,756627.800,Device,,NVIDIA A100-SXM4-40GB MIG 4g.20gb (0),1,,13,[CUDA memset]
2024618508,5568,57170,,,,,,,,,,0.000,14.368,Pinned,Device,NVIDIA A100-SXM4-40GB MIG 4g.20gb (0),1,,13,[CUDA memcpy Host-to-Device]
2024629548,17696,57171,,,,,,,,,,0.197,11110.121,Pinned,Device,NVIDIA A100-SXM4-40GB MIG 4g.20gb (0),1,,13,[CUDA memcpy Host-to-Device]
2024655275,9856,57172,273,1,1,48,1,1,40,0.000,0.001,,,,,NVIDIA A100-SXM4-40GB MIG 4g.20gb (0),1,,13,"void pusch_noise_intf_est::noiseIntfEstNoDftSOfdmKernel<float, __half, float, float, (unsigned int)2, (unsigned int)1, (unsigned char)4, (unsigned char)4>(pusch_noise_intf_est::puschRxNoiseIntfEstDynDescr)"
2024670571,2976,57183,35,1,1,128,1,1,16,0.000,0.000,,,,,NVIDIA A100-SXM4-40GB MIG 4g.20gb (0),1,,13,cupy_copy__complex64_complex64
2024676203,2080,57192,1,1,1,1,1,1,18,0.000,0.000,,,,,NVIDIA A100-SXM4-40GB MIG 4g.20gb (0),1,,13,cupy_copy__float32_float32
2024697131,1984,57198,,,,,,,,,,0.000,2.016,Device,Pageable,NVIDIA A100-SXM4-40GB MIG 4g.20gb (0),1,,7,[CUDA memcpy Device-to-Host]
2024756906,12704,57209,1434,1,1,128,1,1,16,0.000,0.000,,,,,NVIDIA A100-SXM4-40GB MIG 4g.20gb (0),1,,13,cupy_copy__complex64_complex64
2024784970,2752,57216,103,1,1,128,1,1,16,0.000,0.000,,,,,NVIDIA A100-SXM4-40GB MIG 4g.20gb (0),1,,13,cupy_copy__complex64_complex64
2024806378,2592,57223,35,1,1,128,1,1,16,0.000,0.000,,,,,NVIDIA A100-SXM4-40GB MIG 4g.20gb (0),1,,13,cupy_copy__complex64_complex64
2024822601,2144,57230,1,1,1,1,1,1,18,0.000,0.000,,,,,NVIDIA A100-SXM4-40GB MIG 4g.20gb (0),1,,13,cupy_copy__float32_float32
2024955400,82911,57241,1,1,1,32,32,1,30,0.000,0.000,,,,,NVIDIA A100-SXM4-40GB MIG 4g.20gb (0),1,,13,"void convert_kernel<__half2, float2>(tensor_layout_any, T1 *, tensor_layout_any, const T2 *)"
2025065894,5888,57244,,,,,,,,,,0.094,15912.954,Pinned,Device,NVIDIA A100-SXM4-40GB MIG 4g.20gb (0),1,,13,[CUDA memcpy Host-to-Device]
2025080422,3488,57245,,,,,,,,,,1.547,443412.461,Device,,NVIDIA A100-SXM4-40GB MIG 4g.20gb (0),1,,13,[CUDA memset]
2025087654,3584,57250,,,,,,,,,,0.031,8732.116,Pinned,Device,NVIDIA A100-SXM4-40GB MIG 4g.20gb (0),1,,13,[CUDA memcpy Host-to-Device]
2025093702,10624,57251,,,,,,,,,,0.197,18505.925,Pinned,Device,NVIDIA A100-SXM4-40GB MIG 4g.20gb (0),1,,13,[CUDA memcpy Host-to-Device]
2025108678,6144,57252,273,1,1,8,4,1,39,0.002,0.000,,,,,NVIDIA A100-SXM4-40GB MIG 4g.20gb (0),1,,13,"void channel_eq::eqMmseCoefCompLowMimoKernel<float, float, float, (unsigned int)4, (unsigned int)1, (unsigned int)4>(const channel_eq::_puschRxChEqStatDescr *, channel_eq::_puschRxChEqCoefCompDynDescr)"
2025115910,6080,57253,273,1,1,12,11,1,51,0.002,0.000,,,,,NVIDIA A100-SXM4-40GB MIG 4g.20gb (0),1,,13,"void channel_eq::eqMmseSoftDemapKernel<float, __half, __half, float, (unsigned int)4, (unsigned short)16383>(channel_eq::_puschRxChEqStatDescr *, channel_eq::_puschRxChEqSoftDemapDynDescr)"
2025123078,282556,57254,1,1,1,32,32,1,30,0.000,0.000,,,,,NVIDIA A100-SXM4-40GB MIG 4g.20gb (0),1,,13,"void convert_kernel<float2, __half2>(tensor_layout_any, T1 *, tensor_layout_any, const T2 *)"
2025406594,11072,57266,2253,1,1,128,1,1,16,0.000,0.000,,,,,NVIDIA A100-SXM4-40GB MIG 4g.20gb (0),1,,13,cupy_copy__float16_float16
2025420546,3776,57275,282,1,1,128,1,1,16,0.000,0.000,,,,,NVIDIA A100-SXM4-40GB MIG 4g.20gb (0),1,,13,cupy_copy__complex64_complex64
2025425474,2432,57284,26,1,1,128,1,1,16,0.000,0.000,,,,,NVIDIA A100-SXM4-40GB MIG 4g.20gb (0),1,,13,cupy_copy__float32_float32
2025429634,2912,57293,103,1,1,128,1,1,16,0.000,0.000,,,,,NVIDIA A100-SXM4-40GB MIG 4g.20gb (0),1,,13,cupy_copy__complex64_complex64
2025433858,12512,57303,1434,1,1,128,1,1,16,0.000,0.000,,,,,NVIDIA A100-SXM4-40GB MIG 4g.20gb (0),1,,13,cupy_copy__complex64_complex64
2025457729,87327,57308,1,1,1,32,32,1,30,0.000,0.000,,,,,NVIDIA A100-SXM4-40GB MIG 4g.20gb (0),1,,13,"void convert_kernel<__half2, float2>(tensor_layout_any, T1 *, tensor_layout_any, const T2 *)"
2025571648,5472,57311,,,,,,,,,,0.094,17122.757,Pinned,Device,NVIDIA A100-SXM4-40GB MIG 4g.20gb (0),1,,13,[CUDA memcpy Host-to-Device]
2025582112,601273,57312,,,,,,,,,,456.561,759261.675,Device,,NVIDIA A100-SXM4-40GB MIG 4g.20gb (0),1,,13,[CUDA memset]
2026192056,148287,57317,,,,,,,,,,1.235,8327.227,Pinned,Device,NVIDIA A100-SXM4-40GB MIG 4g.20gb (0),1,,13,[CUDA memcpy Host-to-Device]
2026352726,40896,57318,,,,,,,,,,0.197,4807.459,Pinned,Device,NVIDIA A100-SXM4-40GB MIG 4g.20gb (0),1,,13,[CUDA memcpy Host-to-Device]
2026411606,7936,57319,69,4,1,48,1,1,76,0.002,0.000,,,,,NVIDIA A100-SXM4-40GB MIG 4g.20gb (0),1,,13,"void ch_est::windowedChEstPreNoDftSOfdmKernel<float, __half, float, (unsigned int)2, (unsigned int)1, (unsigned short)4>(ch_est::puschRxChEstStatDescr_t *, ch_est::puschRxChEstDynDescr_t *)"
2026431285,6976,57320,137,2,1,24,2,1,44,0.001,0.001,,,,,NVIDIA A100-SXM4-40GB MIG 4g.20gb (0),1,,13,"void ch_est::chEstFilterNoDftSOfdmDispatchKernel<float, __half, float, (unsigned int)2>(ch_est::puschRxChEstStatDescr_t *, ch_est::puschRxChEstDynDescr_t *)"
2026449173,4768,57321,137,2,1,24,2,1,44,0.001,0.001,,,,,NVIDIA A100-SXM4-40GB MIG 4g.20gb (0),1,,13,"void ch_est::chEstFilterNoDftSOfdmDispatchKernel<float, __half, float, (unsigned int)2>(ch_est::puschRxChEstStatDescr_t *, ch_est::puschRxChEstDynDescr_t *)"
2026465237,2624,57332,103,1,1,128,1,1,16,0.000,0.000,,,,,NVIDIA A100-SXM4-40GB MIG 4g.20gb (0),1,,13,cupy_copy__complex64_complex64
2026478677,12256,57342,1434,1,1,128,1,1,16,0.000,0.000,,,,,NVIDIA A100-SXM4-40GB MIG 4g.20gb (0),1,,13,cupy_copy__complex64_complex64
2026509940,2528,57349,103,1,1,128,1,1,16,0.000,0.000,,,,,NVIDIA A100-SXM4-40GB MIG 4g.20gb (0),1,,13,cupy_copy__complex64_complex64
2026524340,83839,57356,1,1,1,32,32,1,30,0.000,0.000,,,,,NVIDIA A100-SXM4-40GB MIG 4g.20gb (0),1,,13,"void convert_kernel<__half2, float2>(tensor_layout_any, T1 *, tensor_layout_any, const T2 *)"
2026638835,10208,57359,,,,,,,,,,0.094,9178.648,Pinned,Device,NVIDIA A100-SXM4-40GB MIG 4g.20gb (0),1,,13,[CUDA memcpy Host-to-Device]
2026658963,47295,57360,,,,,,,,,,35.810,757129.139,Device,,NVIDIA A100-SXM4-40GB MIG 4g.20gb (0),1,,13,[CUDA memset]
2026711218,9248,57362,,,,,,,,,,0.000,8.650,Pinned,Device,NVIDIA A100-SXM4-40GB MIG 4g.20gb (0),1,,13,[CUDA memcpy Host-to-Device]
2026728242,15712,57363,,,,,,,,,,0.197,12513.116,Pinned,Device,NVIDIA A100-SXM4-40GB MIG 4g.20gb (0),1,,13,[CUDA memcpy Host-to-Device]
2026755601,10688,57364,273,1,1,48,1,1,40,0.000,0.001,,,,,NVIDIA A100-SXM4-40GB MIG 4g.20gb (0),1,,13,"void pusch_noise_intf_est::noiseIntfEstNoDftSOfdmKernel<float, __half, float, float, (unsigned int)2, (unsigned int)1, (unsigned char)4, (unsigned char)4>(pusch_noise_intf_est::puschRxNoiseIntfEstDynDescr)"
2026774353,2656,57375,35,1,1,128,1,1,16,0.000,0.000,,,,,NVIDIA A100-SXM4-40GB MIG 4g.20gb (0),1,,13,cupy_copy__complex64_complex64
2026786065,1984,57384,1,1,1,1,1,1,18,0.000,0.000,,,,,NVIDIA A100-SXM4-40GB MIG 4g.20gb (0),1,,13,cupy_copy__float32_float32
2026794513,7040,57390,,,,,,,,,,0.000,0.568,Device,Pageable,NVIDIA A100-SXM4-40GB MIG 4g.20gb (0),1,,7,[CUDA memcpy Device-to-Host]
2026888080,13056,57401,1434,1,1,128,1,1,16,0.000,0.000,,,,,NVIDIA A100-SXM4-40GB MIG 4g.20gb (0),1,,13,cupy_copy__complex64_complex64
2026907376,2976,57408,103,1,1,128,1,1,16,0.000,0.000,,,,,NVIDIA A100-SXM4-40GB MIG 4g.20gb (0),1,,13,cupy_copy__complex64_complex64
2026937359,2752,57415,35,1,1,128,1,1,16,0.000,0.000,,,,,NVIDIA A100-SXM4-40GB MIG 4g.20gb (0),1,,13,cupy_copy__complex64_complex64
2026956719,1760,57422,1,1,1,1,1,1,18,0.000,0.000,,,,,NVIDIA A100-SXM4-40GB MIG 4g.20gb (0),1,,13,cupy_copy__float32_float32
2027076877,81471,57433,1,1,1,32,32,1,30,0.000,0.000,,,,,NVIDIA A100-SXM4-40GB MIG 4g.20gb (0),1,,13,"void convert_kernel<__half2, float2>(tensor_layout_any, T1 *, tensor_layout_any, const T2 *)"
2027186252,5632,57436,,,,,,,,,,0.094,16636.287,Pinned,Device,NVIDIA A100-SXM4-40GB MIG 4g.20gb (0),1,,13,[CUDA memcpy Host-to-Device]
2027201388,3392,57437,,,,,,,,,,1.547,455961.768,Device,,NVIDIA A100-SXM4-40GB MIG 4g.20gb (0),1,,13,[CUDA memset]
2027208460,3040,57442,,,,,,,,,,0.031,10294.725,Pinned,Device,NVIDIA A100-SXM4-40GB MIG 4g.20gb (0),1,,13,[CUDA memcpy Host-to-Device]
2027214252,9376,57443,,,,,,,,,,0.197,20969.226,Pinned,Device,NVIDIA A100-SXM4-40GB MIG 4g.20gb (0),1,,13,[CUDA memcpy Host-to-Device]
2027229580,8287,57444,273,1,1,8,4,1,39,0.002,0.000,,,,,NVIDIA A100-SXM4-40GB MIG 4g.20gb (0),1,,13,"void channel_eq::eqMmseCoefCompLowMimoKernel<float, float, float, (unsigned int)4, (unsigned int)1, (unsigned int)4>(const channel_eq::_puschRxChEqStatDescr *, channel_eq::_puschRxChEqCoefCompDynDescr)"
2027240203,5664,57445,273,1,1,12,11,1,51,0.002,0.000,,,,,NVIDIA A100-SXM4-40GB MIG 4g.20gb (0),1,,13,"void channel_eq::eqMmseSoftDemapKernel<float, __half, __half, float, (unsigned int)4, (unsigned short)16383>(channel_eq::_puschRxChEqStatDescr *, channel_eq::_puschRxChEqSoftDemapDynDescr)"
2027247947,282493,57446,1,1,1,32,32,1,30,0.000,0.000,,,,,NVIDIA A100-SXM4-40GB MIG 4g.20gb (0),1,,13,"void convert_kernel<float2, __half2>(tensor_layout_any, T1 *, tensor_layout_any, const T2 *)"
2027533096,10880,57458,2253,1,1,128,1,1,16,0.000,0.000,,,,,NVIDIA A100-SXM4-40GB MIG 4g.20gb (0),1,,13,cupy_copy__float16_float16
2027546504,3008,57467,282,1,1,128,1,1,16,0.000,0.000,,,,,NVIDIA A100-SXM4-40GB MIG 4g.20gb (0),1,,13,cupy_copy__complex64_complex64
2027550632,2016,57476,26,1,1,128,1,1,16,0.000,0.000,,,,,NVIDIA A100-SXM4-40GB MIG 4g.20gb (0),1,,13,cupy_copy__float32_float32
2027556392,2784,57485,103,1,1,128,1,1,16,0.000,0.000,,,,,NVIDIA A100-SXM4-40GB MIG 4g.20gb (0),1,,13,cupy_copy__complex64_complex64
2027560392,12575,57495,1434,1,1,128,1,1,16,0.000,0.000,,,,,NVIDIA A100-SXM4-40GB MIG 4g.20gb (0),1,,13,cupy_copy__complex64_complex64
2027582087,82847,57500,1,1,1,32,32,1,30,0.000,0.000,,,,,NVIDIA A100-SXM4-40GB MIG 4g.20gb (0),1,,13,"void convert_kernel<__half2, float2>(tensor_layout_any, T1 *, tensor_layout_any, const T2 *)"
2027692326,5472,57503,,,,,,,,,,0.094,17122.757,Pinned,Device,NVIDIA A100-SXM4-40GB MIG 4g.20gb (0),1,,13,[CUDA memcpy Host-to-Device]
2027702182,599224,57504,,,,,,,,,,456.561,761544.482,Device,,NVIDIA A100-SXM4-40GB MIG 4g.20gb (0),1,,13,[CUDA memset]
2028309982,135327,57509,,,,,,,,,,1.235,9125.001,Pinned,Device,NVIDIA A100-SXM4-40GB MIG 4g.20gb (0),1,,13,[CUDA memcpy Host-to-Device]
2028454652,30720,57510,,,,,,,,,,0.197,6399.984,Pinned,Device,NVIDIA A100-SXM4-40GB MIG 4g.20gb (0),1,,13,[CUDA memcpy Host-to-Device]
2028502588,8096,57511,69,4,1,48,1,1,76,0.002,0.000,,,,,NVIDIA A100-SXM4-40GB MIG 4g.20gb (0),1,,13,"void ch_est::windowedChEstPreNoDftSOfdmKernel<float, __half, float, (unsigned int)2, (unsigned int)1, (unsigned short)4>(ch_est::puschRxChEstStatDescr_t *, ch_est::puschRxChEstDynDescr_t *)"
2028520860,6976,57512,137,2,1,24,2,1,44,0.001,0.001,,,,,NVIDIA A100-SXM4-40GB MIG 4g.20gb (0),1,,13,"void ch_est::chEstFilterNoDftSOfdmDispatchKernel<float, __half, float, (unsigned int)2>(ch_est::puschRxChEstStatDescr_t *, ch_est::puschRxChEstDynDescr_t *)"
2028533659,4736,57513,137,2,1,24,2,1,44,0.001,0.001,,,,,NVIDIA A100-SXM4-40GB MIG 4g.20gb (0),1,,13,"void ch_est::chEstFilterNoDftSOfdmDispatchKernel<float, __half, float, (unsigned int)2>(ch_est::puschRxChEstStatDescr_t *, ch_est::puschRxChEstDynDescr_t *)"
2028549531,2624,57524,103,1,1,128,1,1,16,0.000,0.000,,,,,NVIDIA A100-SXM4-40GB MIG 4g.20gb (0),1,,13,cupy_copy__complex64_complex64
2028562619,12480,57534,1434,1,1,128,1,1,16,0.000,0.000,,,,,NVIDIA A100-SXM4-40GB MIG 4g.20gb (0),1,,13,cupy_copy__complex64_complex64
2028591995,2624,57541,103,1,1,128,1,1,16,0.000,0.000,,,,,NVIDIA A100-SXM4-40GB MIG 4g.20gb (0),1,,13,cupy_copy__complex64_complex64
2028605979,85983,57548,1,1,1,32,32,1,30,0.000,0.000,,,,,NVIDIA A100-SXM4-40GB MIG 4g.20gb (0),1,,13,"void convert_kernel<__half2, float2>(tensor_layout_any, T1 *, tensor_layout_any, const T2 *)"
2028722553,25248,57551,,,,,,,,,,0.094,3711.017,Pinned,Device,NVIDIA A100-SXM4-40GB MIG 4g.20gb (0),1,,13,[CUDA memcpy Host-to-Device]
2028767033,47487,57552,,,,,,,,,,35.810,754085.295,Device,,NVIDIA A100-SXM4-40GB MIG 4g.20gb (0),1,,13,[CUDA memset]
2028820536,6272,57554,,,,,,,,,,0.000,12.755,Pinned,Device,NVIDIA A100-SXM4-40GB MIG 4g.20gb (0),1,,13,[CUDA memcpy Host-to-Device]
2028833208,20864,57555,,,,,,,,,,0.197,9423.225,Pinned,Device,NVIDIA A100-SXM4-40GB MIG 4g.20gb (0),1,,13,[CUDA memcpy Host-to-Device]
2028866295,9920,57556,273,1,1,48,1,1,40,0.000,0.001,,,,,NVIDIA A100-SXM4-40GB MIG 4g.20gb (0),1,,13,"void pusch_noise_intf_est::noiseIntfEstNoDftSOfdmKernel<float, __half, float, float, (unsigned int)2, (unsigned int)1, (unsigned char)4, (unsigned char)4>(pusch_noise_intf_est::puschRxNoiseIntfEstDynDescr)"
2028882711,3104,57567,35,1,1,128,1,1,16,0.000,0.000,,,,,NVIDIA A100-SXM4-40GB MIG 4g.20gb (0),1,,13,cupy_copy__complex64_complex64
2028890871,1984,57576,1,1,1,1,1,1,18,0.000,0.000,,,,,NVIDIA A100-SXM4-40GB MIG 4g.20gb (0),1,,13,cupy_copy__float32_float32
2028899479,3648,57582,,,,,,,,,,0.000,1.096,Device,Pageable,NVIDIA A100-SXM4-40GB MIG 4g.20gb (0),1,,7,[CUDA memcpy Device-to-Host]
2028976502,13152,57593,1434,1,1,128,1,1,16,0.000,0.000,,,,,NVIDIA A100-SXM4-40GB MIG 4g.20gb (0),1,,13,cupy_copy__complex64_complex64
2029000726,2848,57600,103,1,1,128,1,1,16,0.000,0.000,,,,,NVIDIA A100-SXM4-40GB MIG 4g.20gb (0),1,,13,cupy_copy__complex64_complex64
2029018453,2624,57607,35,1,1,128,1,1,16,0.000,0.000,,,,,NVIDIA A100-SXM4-40GB MIG 4g.20gb (0),1,,13,cupy_copy__complex64_complex64
2029039925,1792,57614,1,1,1,1,1,1,18,0.000,0.000,,,,,NVIDIA A100-SXM4-40GB MIG 4g.20gb (0),1,,13,cupy_copy__float32_float32
2029176500,82271,57625,1,1,1,32,32,1,30,0.000,0.000,,,,,NVIDIA A100-SXM4-40GB MIG 4g.20gb (0),1,,13,"void convert_kernel<__half2, float2>(tensor_layout_any, T1 *, tensor_layout_any, const T2 *)"
2029289906,12032,57628,,,,,,,,,,0.094,7787.168,Pinned,Device,NVIDIA A100-SXM4-40GB MIG 4g.20gb (0),1,,13,[CUDA memcpy Host-to-Device]
2029310898,3360,57629,,,,,,,,,,1.547,460304.688,Device,,NVIDIA A100-SXM4-40GB MIG 4g.20gb (0),1,,13,[CUDA memset]
2029318290,3552,57634,,,,,,,,,,0.031,8810.794,Pinned,Device,NVIDIA A100-SXM4-40GB MIG 4g.20gb (0),1,,13,[CUDA memcpy Host-to-Device]
2029324690,12736,57635,,,,,,,,,,0.197,15437.070,Pinned,Device,NVIDIA A100-SXM4-40GB MIG 4g.20gb (0),1,,13,[CUDA memcpy Host-to-Device]
2029345425,6528,57636,273,1,1,8,4,1,39,0.002,0.000,,,,,NVIDIA A100-SXM4-40GB MIG 4g.20gb (0),1,,13,"void channel_eq::eqMmseCoefCompLowMimoKernel<float, float, float, (unsigned int)4, (unsigned int)1, (unsigned int)4>(const channel_eq::_puschRxChEqStatDescr *, channel_eq::_puschRxChEqCoefCompDynDescr)"
2029354161,6208,57637,273,1,1,12,11,1,51,0.002,0.000,,,,,NVIDIA A100-SXM4-40GB MIG 4g.20gb (0),1,,13,"void channel_eq::eqMmseSoftDemapKernel<float, __half, __half, float, (unsigned int)4, (unsigned short)16383>(channel_eq::_puschRxChEqStatDescr *, channel_eq::_puschRxChEqSoftDemapDynDescr)"
2029362705,282781,57638,1,1,1,32,32,1,30,0.000,0.000,,,,,NVIDIA A100-SXM4-40GB MIG 4g.20gb (0),1,,13,"void convert_kernel<float2, __half2>(tensor_layout_any, T1 *, tensor_layout_any, const T2 *)"
2029647598,11040,57650,2253,1,1,128,1,1,16,0.000,0.000,,,,,NVIDIA A100-SXM4-40GB MIG 4g.20gb (0),1,,13,cupy_copy__float16_float16
2029660494,3743,57659,282,1,1,128,1,1,16,0.000,0.000,,,,,NVIDIA A100-SXM4-40GB MIG 4g.20gb (0),1,,13,cupy_copy__complex64_complex64
2029666573,2112,57668,26,1,1,128,1,1,16,0.000,0.000,,,,,NVIDIA A100-SXM4-40GB MIG 4g.20gb (0),1,,13,cupy_copy__float32_float32
2029670925,5984,57677,103,1,1,128,1,1,16,0.000,0.000,,,,,NVIDIA A100-SXM4-40GB MIG 4g.20gb (0),1,,13,cupy_copy__complex64_complex64
2029680045,12096,57687,1434,1,1,128,1,1,16,0.000,0.000,,,,,NVIDIA A100-SXM4-40GB MIG 4g.20gb (0),1,,13,cupy_copy__complex64_complex64
2029695981,82527,57692,1,1,1,32,32,1,30,0.000,0.000,,,,,NVIDIA A100-SXM4-40GB MIG 4g.20gb (0),1,,13,"void convert_kernel<__half2, float2>(tensor_layout_any, T1 *, tensor_layout_any, const T2 *)"
2029806380,5888,57695,,,,,,,,,,0.094,15912.954,Pinned,Device,NVIDIA A100-SXM4-40GB MIG 4g.20gb (0),1,,13,[CUDA memcpy Host-to-Device]
2029816972,597752,57696,,,,,,,,,,456.561,763370.728,Device,,NVIDIA A100-SXM4-40GB MIG 4g.20gb (0),1,,13,[CUDA memset]
2030421668,127519,57701,,,,,,,,,,1.235,9683.196,Pinned,Device,NVIDIA A100-SXM4-40GB MIG 4g.20gb (0),1,,13,[CUDA memcpy Host-to-Device]
2030562306,41440,57702,,,,,,,,,,0.197,4744.348,Pinned,Device,NVIDIA A100-SXM4-40GB MIG 4g.20gb (0),1,,13,[CUDA memcpy Host-to-Device]
2030625570,8320,57703,69,4,1,48,1,1,76,0.002,0.000,,,,,NVIDIA A100-SXM4-40GB MIG 4g.20gb (0),1,,13,"void ch_est::windowedChEstPreNoDftSOfdmKernel<float, __half, float, (unsigned int)2, (unsigned int)1, (unsigned short)4>(ch_est::puschRxChEstStatDescr_t *, ch_est::puschRxChEstDynDescr_t *)"
2030644929,6880,57704,137,2,1,24,2,1,44,0.001,0.001,,,,,NVIDIA A100-SXM4-40GB MIG 4g.20gb (0),1,,13,"void ch_est::chEstFilterNoDftSOfdmDispatchKernel<float, __half, float, (unsigned int)2>(ch_est::puschRxChEstStatDescr_t *, ch_est::puschRxChEstDynDescr_t *)"
2030662145,4736,57705,137,2,1,24,2,1,44,0.001,0.001,,,,,NVIDIA A100-SXM4-40GB MIG 4g.20gb (0),1,,13,"void ch_est::chEstFilterNoDftSOfdmDispatchKernel<float, __half, float, (unsigned int)2>(ch_est::puschRxChEstStatDescr_t *, ch_est::puschRxChEstDynDescr_t *)"
2030679073,2496,57716,103,1,1,128,1,1,16,0.000,0.000,,,,,NVIDIA A100-SXM4-40GB MIG 4g.20gb (0),1,,13,cupy_copy__complex64_complex64
2030696609,12544,57726,1434,1,1,128,1,1,16,0.000,0.000,,,,,NVIDIA A100-SXM4-40GB MIG 4g.20gb (0),1,,13,cupy_copy__complex64_complex64
2030715936,2592,57733,103,1,1,128,1,1,16,0.000,0.000,,,,,NVIDIA A100-SXM4-40GB MIG 4g.20gb (0),1,,13,cupy_copy__complex64_complex64
2030737312,91615,57740,1,1,1,32,32,1,30,0.000,0.000,,,,,NVIDIA A100-SXM4-40GB MIG 4g.20gb (0),1,,13,"void convert_kernel<__half2, float2>(tensor_layout_any, T1 *, tensor_layout_any, const T2 *)"
2030872799,23231,57743,,,,,,,,,,0.094,4033.144,Pinned,Device,NVIDIA A100-SXM4-40GB MIG 4g.20gb (0),1,,13,[CUDA memcpy Host-to-Device]
2030912318,47327,57744,,,,,,,,,,35.810,756627.800,Device,,NVIDIA A100-SXM4-40GB MIG 4g.20gb (0),1,,13,[CUDA memset]
2030964285,12640,57746,,,,,,,,,,0.000,6.329,Pinned,Device,NVIDIA A100-SXM4-40GB MIG 4g.20gb (0),1,,13,[CUDA memcpy Host-to-Device]
2030984893,17984,57747,,,,,,,,,,0.197,10932.191,Pinned,Device,NVIDIA A100-SXM4-40GB MIG 4g.20gb (0),1,,13,[CUDA memcpy Host-to-Device]
2031022525,10464,57748,273,1,1,48,1,1,40,0.000,0.001,,,,,NVIDIA A100-SXM4-40GB MIG 4g.20gb (0),1,,13,"void pusch_noise_intf_est::noiseIntfEstNoDftSOfdmKernel<float, __half, float, float, (unsigned int)2, (unsigned int)1, (unsigned char)4, (unsigned char)4>(pusch_noise_intf_est::puschRxNoiseIntfEstDynDescr)"
2031046460,2784,57759,35,1,1,128,1,1,16,0.000,0.000,,,,,NVIDIA A100-SXM4-40GB MIG 4g.20gb (0),1,,13,cupy_copy__complex64_complex64
2031054268,1696,57768,1,1,1,1,1,1,18,0.000,0.000,,,,,NVIDIA A100-SXM4-40GB MIG 4g.20gb (0),1,,13,cupy_copy__float32_float32
2031063164,5504,57774,,,,,,,,,,0.000,0.727,Device,Pageable,NVIDIA A100-SXM4-40GB MIG 4g.20gb (0),1,,7,[CUDA memcpy Device-to-Host]
2031145307,12960,57785,1434,1,1,128,1,1,16,0.000,0.000,,,,,NVIDIA A100-SXM4-40GB MIG 4g.20gb (0),1,,13,cupy_copy__complex64_complex64
2031176795,2752,57792,103,1,1,128,1,1,16,0.000,0.000,,,,,NVIDIA A100-SXM4-40GB MIG 4g.20gb (0),1,,13,cupy_copy__complex64_complex64
2031188763,2656,57799,35,1,1,128,1,1,16,0.000,0.000,,,,,NVIDIA A100-SXM4-40GB MIG 4g.20gb (0),1,,13,cupy_copy__complex64_complex64
2031205786,1792,57806,1,1,1,1,1,1,18,0.000,0.000,,,,,NVIDIA A100-SXM4-40GB MIG 4g.20gb (0),1,,13,cupy_copy__float32_float32
2031328377,82879,57817,1,1,1,32,32,1,30,0.000,0.000,,,,,NVIDIA A100-SXM4-40GB MIG 4g.20gb (0),1,,13,"void convert_kernel<__half2, float2>(tensor_layout_any, T1 *, tensor_layout_any, const T2 *)"
2031438392,6079,57820,,,,,,,,,,0.094,15412.992,Pinned,Device,NVIDIA A100-SXM4-40GB MIG 4g.20gb (0),1,,13,[CUDA memcpy Host-to-Device]
2031453559,3520,57821,,,,,,,,,,1.547,439380.412,Device,,NVIDIA A100-SXM4-40GB MIG 4g.20gb (0),1,,13,[CUDA memset]
2031459991,3104,57826,,,,,,,,,,0.031,10082.445,Pinned,Device,NVIDIA A100-SXM4-40GB MIG 4g.20gb (0),1,,13,[CUDA memcpy Host-to-Device]
2031465911,9920,57827,,,,,,,,,,0.197,19819.266,Pinned,Device,NVIDIA A100-SXM4-40GB MIG 4g.20gb (0),1,,13,[CUDA memcpy Host-to-Device]
2031479639,6208,57828,273,1,1,8,4,1,39,0.002,0.000,,,,,NVIDIA A100-SXM4-40GB MIG 4g.20gb (0),1,,13,"void channel_eq::eqMmseCoefCompLowMimoKernel<float, float, float, (unsigned int)4, (unsigned int)1, (unsigned int)4>(const channel_eq::_puschRxChEqStatDescr *, channel_eq::_puschRxChEqCoefCompDynDescr)"
2031486839,6464,57829,273,1,1,12,11,1,51,0.002,0.000,,,,,NVIDIA A100-SXM4-40GB MIG 4g.20gb (0),1,,13,"void channel_eq::eqMmseSoftDemapKernel<float, __half, __half, float, (unsigned int)4, (unsigned short)16383>(channel_eq::_puschRxChEqStatDescr *, channel_eq::_puschRxChEqSoftDemapDynDescr)"
2031494263,282652,57830,1,1,1,32,32,1,30,0.000,0.000,,,,,NVIDIA A100-SXM4-40GB MIG 4g.20gb (0),1,,13,"void convert_kernel<float2, __half2>(tensor_layout_any, T1 *, tensor_layout_any, const T2 *)"
2031777907,11264,57842,2253,1,1,128,1,1,16,0.000,0.000,,,,,NVIDIA A100-SXM4-40GB MIG 4g.20gb (0),1,,13,cupy_copy__float16_float16
2031791027,3264,57851,282,1,1,128,1,1,16,0.000,0.000,,,,,NVIDIA A100-SXM4-40GB MIG 4g.20gb (0),1,,13,cupy_copy__complex64_complex64
2031798643,2144,57860,26,1,1,128,1,1,16,0.000,0.000,,,,,NVIDIA A100-SXM4-40GB MIG 4g.20gb (0),1,,13,cupy_copy__float32_float32
2031805747,3168,57869,103,1,1,128,1,1,16,0.000,0.000,,,,,NVIDIA A100-SXM4-40GB MIG 4g.20gb (0),1,,13,cupy_copy__complex64_complex64
2031810867,11936,57879,1434,1,1,128,1,1,16,0.000,0.000,,,,,NVIDIA A100-SXM4-40GB MIG 4g.20gb (0),1,,13,cupy_copy__complex64_complex64
2031829587,87071,57884,1,1,1,32,32,1,30,0.000,0.000,,,,,NVIDIA A100-SXM4-40GB MIG 4g.20gb (0),1,,13,"void convert_kernel<__half2, float2>(tensor_layout_any, T1 *, tensor_layout_any, const T2 *)"
2031943473,5600,57887,,,,,,,,,,0.094,16731.388,Pinned,Device,NVIDIA A100-SXM4-40GB MIG 4g.20gb (0),1,,13,[CUDA memcpy Host-to-Device]
2031953329,599033,57888,,,,,,,,,,456.561,762001.043,Device,,NVIDIA A100-SXM4-40GB MIG 4g.20gb (0),1,,13,[CUDA memset]
2032557482,77663,57893,,,,,,,,,,1.235,15901.139,Pinned,Device,NVIDIA A100-SXM4-40GB MIG 4g.20gb (0),1,,13,[CUDA memcpy Host-to-Device]
2032641321,17823,57894,,,,,,,,,,0.197,11031.085,Pinned,Device,NVIDIA A100-SXM4-40GB MIG 4g.20gb (0),1,,13,[CUDA memcpy Host-to-Device]
2032672648,9120,57895,69,4,1,48,1,1,76,0.002,0.000,,,,,NVIDIA A100-SXM4-40GB MIG 4g.20gb (0),1,,13,"void ch_est::windowedChEstPreNoDftSOfdmKernel<float, __half, float, (unsigned int)2, (unsigned int)1, (unsigned short)4>(ch_est::puschRxChEstStatDescr_t *, ch_est::puschRxChEstDynDescr_t *)"
2032688296,7008,57896,137,2,1,24,2,1,44,0.001,0.001,,,,,NVIDIA A100-SXM4-40GB MIG 4g.20gb (0),1,,13,"void ch_est::chEstFilterNoDftSOfdmDispatchKernel<float, __half, float, (unsigned int)2>(ch_est::puschRxChEstStatDescr_t *, ch_est::puschRxChEstDynDescr_t *)"
2032703528,6240,57897,137,2,1,24,2,1,44,0.001,0.001,,,,,NVIDIA A100-SXM4-40GB MIG 4g.20gb (0),1,,13,"void ch_est::chEstFilterNoDftSOfdmDispatchKernel<float, __half, float, (unsigned int)2>(ch_est::puschRxChEstStatDescr_t *, ch_est::puschRxChEstDynDescr_t *)"
2032711848,3104,57908,103,1,1,128,1,1,16,0.000,0.000,,,,,NVIDIA A100-SXM4-40GB MIG 4g.20gb (0),1,,13,cupy_copy__complex64_complex64
2032719848,12576,57918,1434,1,1,128,1,1,16,0.000,0.000,,,,,NVIDIA A100-SXM4-40GB MIG 4g.20gb (0),1,,13,cupy_copy__complex64_complex64
2032736424,2591,57925,103,1,1,128,1,1,16,0.000,0.000,,,,,NVIDIA A100-SXM4-40GB MIG 4g.20gb (0),1,,13,cupy_copy__complex64_complex64
2032745607,81599,57932,1,1,1,32,32,1,30,0.000,0.000,,,,,NVIDIA A100-SXM4-40GB MIG 4g.20gb (0),1,,13,"void convert_kernel<__half2, float2>(tensor_layout_any, T1 *, tensor_layout_any, const T2 *)"
2032859238,13504,57935,,,,,,,,,,0.094,6938.376,Pinned,Device,NVIDIA A100-SXM4-40GB MIG 4g.20gb (0),1,,13,[CUDA memcpy Host-to-Device]
2032884422,47871,57936,,,,,,,,,,35.810,748033.419,Device,,NVIDIA A100-SXM4-40GB MIG 4g.20gb (0),1,,13,[CUDA memset]
2032938085,7840,57938,,,,,,,,,,0.000,10.204,Pinned,Device,NVIDIA A100-SXM4-40GB MIG 4g.20gb (0),1,,13,[CUDA memcpy Host-to-Device]
2032950949,16480,57939,,,,,,,,,,0.197,11929.977,Pinned,Device,NVIDIA A100-SXM4-40GB MIG 4g.20gb (0),1,,13,[CUDA memcpy Host-to-Device]
2032978565,9599,57940,273,1,1,48,1,1,40,0.000,0.001,,,,,NVIDIA A100-SXM4-40GB MIG 4g.20gb (0),1,,13,"void pusch_noise_intf_est::noiseIntfEstNoDftSOfdmKernel<float, __half, float, float, (unsigned int)2, (unsigned int)1, (unsigned char)4, (unsigned char)4>(pusch_noise_intf_est::puschRxNoiseIntfEstDynDescr)"
2033001828,2784,57951,35,1,1,128,1,1,16,0.000,0.000,,,,,NVIDIA A100-SXM4-40GB MIG 4g.20gb (0),1,,13,cupy_copy__complex64_complex64
2033013060,1728,57960,1,1,1,1,1,1,18,0.000,0.000,,,,,NVIDIA A100-SXM4-40GB MIG 4g.20gb (0),1,,13,cupy_copy__float32_float32
2033019300,2528,57966,,,,,,,,,,0.000,1.582,Device,Pageable,NVIDIA A100-SXM4-40GB MIG 4g.20gb (0),1,,7,[CUDA memcpy Device-to-Host]
2033095235,12672,57977,1434,1,1,128,1,1,16,0.000,0.000,,,,,NVIDIA A100-SXM4-40GB MIG 4g.20gb (0),1,,13,cupy_copy__complex64_complex64
2033123555,3424,57984,103,1,1,128,1,1,16,0.000,0.000,,,,,NVIDIA A100-SXM4-40GB MIG 4g.20gb (0),1,,13,cupy_copy__complex64_complex64
2033145538,2720,57991,35,1,1,128,1,1,16,0.000,0.000,,,,,NVIDIA A100-SXM4-40GB MIG 4g.20gb (0),1,,13,cupy_copy__complex64_complex64
2033165794,1760,57998,1,1,1,1,1,1,18,0.000,0.000,,,,,NVIDIA A100-SXM4-40GB MIG 4g.20gb (0),1,,13,cupy_copy__float32_float32
2033287041,82847,58009,1,1,1,32,32,1,30,0.000,0.000,,,,,NVIDIA A100-SXM4-40GB MIG 4g.20gb (0),1,,13,"void convert_kernel<__half2, float2>(tensor_layout_any, T1 *, tensor_layout_any, const T2 *)"
2033397535,5728,58012,,,,,,,,,,0.094,16357.541,Pinned,Device,NVIDIA A100-SXM4-40GB MIG 4g.20gb (0),1,,13,[CUDA memcpy Host-to-Device]
2033411871,3328,58013,,,,,,,,,,1.547,464729.580,Device,,NVIDIA A100-SXM4-40GB MIG 4g.20gb (0),1,,13,[CUDA memset]
2033419071,3392,58018,,,,,,,,,,0.031,9226.405,Pinned,Device,NVIDIA A100-SXM4-40GB MIG 4g.20gb (0),1,,13,[CUDA memcpy Host-to-Device]
2033425023,9632,58019,,,,,,,,,,0.197,20411.843,Pinned,Device,NVIDIA A100-SXM4-40GB MIG 4g.20gb (0),1,,13,[CUDA memcpy Host-to-Device]
2033441983,8288,58020,273,1,1,8,4,1,39,0.002,0.000,,,,,NVIDIA A100-SXM4-40GB MIG 4g.20gb (0),1,,13,"void channel_eq::eqMmseCoefCompLowMimoKernel<float, float, float, (unsigned int)4, (unsigned int)1, (unsigned int)4>(const channel_eq::_puschRxChEqStatDescr *, channel_eq::_puschRxChEqCoefCompDynDescr)"
2033452255,5696,58021,273,1,1,12,11,1,51,0.002,0.000,,,,,NVIDIA A100-SXM4-40GB MIG 4g.20gb (0),1,,13,"void channel_eq::eqMmseSoftDemapKernel<float, __half, __half, float, (unsigned int)4, (unsigned short)16383>(channel_eq::_puschRxChEqStatDescr *, channel_eq::_puschRxChEqSoftDemapDynDescr)"
2033461599,300476,58022,1,1,1,32,32,1,30,0.000,0.000,,,,,NVIDIA A100-SXM4-40GB MIG 4g.20gb (0),1,,13,"void convert_kernel<float2, __half2>(tensor_layout_any, T1 *, tensor_layout_any, const T2 *)"
2033763099,10976,58034,2253,1,1,128,1,1,16,0.000,0.000,,,,,NVIDIA A100-SXM4-40GB MIG 4g.20gb (0),1,,13,cupy_copy__float16_float16
2033779451,3040,58043,282,1,1,128,1,1,16,0.000,0.000,,,,,NVIDIA A100-SXM4-40GB MIG 4g.20gb (0),1,,13,cupy_copy__complex64_complex64
2033785211,2048,58052,26,1,1,128,1,1,16,0.000,0.000,,,,,NVIDIA A100-SXM4-40GB MIG 4g.20gb (0),1,,13,cupy_copy__float32_float32
2033788731,3103,58061,103,1,1,128,1,1,16,0.000,0.000,,,,,NVIDIA A100-SXM4-40GB MIG 4g.20gb (0),1,,13,cupy_copy__complex64_complex64
2033792858,12064,58071,1434,1,1,128,1,1,16,0.000,0.000,,,,,NVIDIA A100-SXM4-40GB MIG 4g.20gb (0),1,,13,cupy_copy__complex64_complex64
2033807098,87199,58076,1,1,1,32,32,1,30,0.000,0.000,,,,,NVIDIA A100-SXM4-40GB MIG 4g.20gb (0),1,,13,"void convert_kernel<__half2, float2>(tensor_layout_any, T1 *, tensor_layout_any, const T2 *)"
2033921017,6016,58079,,,,,,,,,,0.094,15574.430,Pinned,Device,NVIDIA A100-SXM4-40GB MIG 4g.20gb (0),1,,13,[CUDA memcpy Host-to-Device]
2033930937,596728,58080,,,,,,,,,,456.561,764740.412,Device,,NVIDIA A100-SXM4-40GB MIG 4g.20gb (0),1,,13,[CUDA memset]
2034531729,161022,58085,,,,,,,,,,1.235,7669.002,Pinned,Device,NVIDIA A100-SXM4-40GB MIG 4g.20gb (0),1,,13,[CUDA memcpy Host-to-Device]
2034703695,27616,58086,,,,,,,,,,0.197,7119.176,Pinned,Device,NVIDIA A100-SXM4-40GB MIG 4g.20gb (0),1,,13,[CUDA memcpy Host-to-Device]
2034746383,7904,58087,69,4,1,48,1,1,76,0.002,0.000,,,,,NVIDIA A100-SXM4-40GB MIG 4g.20gb (0),1,,13,"void ch_est::windowedChEstPreNoDftSOfdmKernel<float, __half, float, (unsigned int)2, (unsigned int)1, (unsigned short)4>(ch_est::puschRxChEstStatDescr_t *, ch_est::puschRxChEstDynDescr_t *)"
2034760334,6848,58088,137,2,1,24,2,1,44,0.001,0.001,,,,,NVIDIA A100-SXM4-40GB MIG 4g.20gb (0),1,,13,"void ch_est::chEstFilterNoDftSOfdmDispatchKernel<float, __half, float, (unsigned int)2>(ch_est::puschRxChEstStatDescr_t *, ch_est::puschRxChEstDynDescr_t *)"
2034769838,5600,58089,137,2,1,24,2,1,44,0.001,0.001,,,,,NVIDIA A100-SXM4-40GB MIG 4g.20gb (0),1,,13,"void ch_est::chEstFilterNoDftSOfdmDispatchKernel<float, __half, float, (unsigned int)2>(ch_est::puschRxChEstStatDescr_t *, ch_est::puschRxChEstDynDescr_t *)"
2034778542,2688,58100,103,1,1,128,1,1,16,0.000,0.000,,,,,NVIDIA A100-SXM4-40GB MIG 4g.20gb (0),1,,13,cupy_copy__complex64_complex64
2034785806,12448,58110,1434,1,1,128,1,1,16,0.000,0.000,,,,,NVIDIA A100-SXM4-40GB MIG 4g.20gb (0),1,,13,cupy_copy__complex64_complex64
2034804110,2496,58117,103,1,1,128,1,1,16,0.000,0.000,,,,,NVIDIA A100-SXM4-40GB MIG 4g.20gb (0),1,,13,cupy_copy__complex64_complex64
2034808782,82431,58124,1,1,1,32,32,1,30,0.000,0.000,,,,,NVIDIA A100-SXM4-40GB MIG 4g.20gb (0),1,,13,"void convert_kernel<__half2, float2>(tensor_layout_any, T1 *, tensor_layout_any, const T2 *)"
2034919533,5727,58127,,,,,,,,,,0.094,16360.352,Pinned,Device,NVIDIA A100-SXM4-40GB MIG 4g.20gb (0),1,,13,[CUDA memcpy Host-to-Device]
2034931756,47328,58128,,,,,,,,,,35.810,756627.800,Device,,NVIDIA A100-SXM4-40GB MIG 4g.20gb (0),1,,13,[CUDA memset]
2034987084,3744,58130,,,,,,,,,,0.000,21.368,Pinned,Device,NVIDIA A100-SXM4-40GB MIG 4g.20gb (0),1,,13,[CUDA memcpy Host-to-Device]
2034995724,13055,58131,,,,,,,,,,0.197,15059.976,Pinned,Device,NVIDIA A100-SXM4-40GB MIG 4g.20gb (0),1,,13,[CUDA memcpy Host-to-Device]
2035017227,12992,58132,273,1,1,48,1,1,40,0.000,0.001,,,,,NVIDIA A100-SXM4-40GB MIG 4g.20gb (0),1,,13,"void pusch_noise_intf_est::noiseIntfEstNoDftSOfdmKernel<float, __half, float, float, (unsigned int)2, (unsigned int)1, (unsigned char)4, (unsigned char)4>(pusch_noise_intf_est::puschRxNoiseIntfEstDynDescr)"
2035034987,3136,58143,35,1,1,128,1,1,16,0.000,0.000,,,,,NVIDIA A100-SXM4-40GB MIG 4g.20gb (0),1,,13,cupy_copy__complex64_complex64
2035042763,1728,58152,1,1,1,1,1,1,18,0.000,0.000,,,,,NVIDIA A100-SXM4-40GB MIG 4g.20gb (0),1,,13,cupy_copy__float32_float32
2035073323,1632,58158,,,,,,,,,,0.000,2.451,Device,Pageable,NVIDIA A100-SXM4-40GB MIG 4g.20gb (0),1,,7,[CUDA memcpy Device-to-Host]
2035133962,12896,58169,1434,1,1,128,1,1,16,0.000,0.000,,,,,NVIDIA A100-SXM4-40GB MIG 4g.20gb (0),1,,13,cupy_copy__complex64_complex64
2035159562,3392,58176,103,1,1,128,1,1,16,0.000,0.000,,,,,NVIDIA A100-SXM4-40GB MIG 4g.20gb (0),1,,13,cupy_copy__complex64_complex64
2035179945,2208,58183,35,1,1,128,1,1,16,0.000,0.000,,,,,NVIDIA A100-SXM4-40GB MIG 4g.20gb (0),1,,13,cupy_copy__complex64_complex64
2035198889,1888,58190,1,1,1,1,1,1,18,0.000,0.000,,,,,NVIDIA A100-SXM4-40GB MIG 4g.20gb (0),1,,13,cupy_copy__float32_float32
2035331943,82495,58201,1,1,1,32,32,1,30,0.000,0.000,,,,,NVIDIA A100-SXM4-40GB MIG 4g.20gb (0),1,,13,"void convert_kernel<__half2, float2>(tensor_layout_any, T1 *, tensor_layout_any, const T2 *)"
2035441894,5472,58204,,,,,,,,,,0.094,17122.757,Pinned,Device,NVIDIA A100-SXM4-40GB MIG 4g.20gb (0),1,,13,[CUDA memcpy Host-to-Device]
2035457382,3424,58205,,,,,,,,,,1.547,451700.819,Device,,NVIDIA A100-SXM4-40GB MIG 4g.20gb (0),1,,13,[CUDA memset]
2035465158,3552,58210,,,,,,,,,,0.031,8810.794,Pinned,Device,NVIDIA A100-SXM4-40GB MIG 4g.20gb (0),1,,13,[CUDA memcpy Host-to-Device]
2035471398,9728,58211,,,,,,,,,,0.197,20210.516,Pinned,Device,NVIDIA A100-SXM4-40GB MIG 4g.20gb (0),1,,13,[CUDA memcpy Host-to-Device]
2035485734,6399,58212,273,1,1,8,4,1,39,0.002,0.000,,,,,NVIDIA A100-SXM4-40GB MIG 4g.20gb (0),1,,13,"void channel_eq::eqMmseCoefCompLowMimoKernel<float, float, float, (unsigned int)4, (unsigned int)1, (unsigned int)4>(const channel_eq::_puschRxChEqStatDescr *, channel_eq::_puschRxChEqCoefCompDynDescr)"
2035495013,6208,58213,273,1,1,12,11,1,51,0.002,0.000,,,,,NVIDIA A100-SXM4-40GB MIG 4g.20gb (0),1,,13,"void channel_eq::eqMmseSoftDemapKernel<float, __half, __half, float, (unsigned int)4, (unsigned short)16383>(channel_eq::_puschRxChEqStatDescr *, channel_eq::_puschRxChEqSoftDemapDynDescr)"
2035502309,294333,58214,1,1,1,32,32,1,30,0.000,0.000,,,,,NVIDIA A100-SXM4-40GB MIG 4g.20gb (0),1,,13,"void convert_kernel<float2, __half2>(tensor_layout_any, T1 *, tensor_layout_any, const T2 *)"
2035798082,11104,58226,2253,1,1,128,1,1,16,0.000,0.000,,,,,NVIDIA A100-SXM4-40GB MIG 4g.20gb (0),1,,13,cupy_copy__float16_float16
2035812321,3552,58235,282,1,1,128,1,1,16,0.000,0.000,,,,,NVIDIA A100-SXM4-40GB MIG 4g.20gb (0),1,,13,cupy_copy__complex64_complex64
2035817089,2272,58244,26,1,1,128,1,1,16,0.000,0.000,,,,,NVIDIA A100-SXM4-40GB MIG 4g.20gb (0),1,,13,cupy_copy__float32_float32
2035821377,2976,58253,103,1,1,128,1,1,16,0.000,0.000,,,,,NVIDIA A100-SXM4-40GB MIG 4g.20gb (0),1,,13,cupy_copy__complex64_complex64
2035825857,12416,58263,1434,1,1,128,1,1,16,0.000,0.000,,,,,NVIDIA A100-SXM4-40GB MIG 4g.20gb (0),1,,13,cupy_copy__complex64_complex64
2035839841,82655,58268,1,1,1,32,32,1,30,0.000,0.000,,,,,NVIDIA A100-SXM4-40GB MIG 4g.20gb (0),1,,13,"void convert_kernel<__half2, float2>(tensor_layout_any, T1 *, tensor_layout_any, const T2 *)"
2035949376,5728,58271,,,,,,,,,,0.094,16357.541,Pinned,Device,NVIDIA A100-SXM4-40GB MIG 4g.20gb (0),1,,13,[CUDA memcpy Host-to-Device]
2035959072,597336,58272,,,,,,,,,,456.561,764283.851,Device,,NVIDIA A100-SXM4-40GB MIG 4g.20gb (0),1,,13,[CUDA memset]
2036560312,152830,58277,,,,,,,,,,1.235,8080.239,Pinned,Device,NVIDIA A100-SXM4-40GB MIG 4g.20gb (0),1,,13,[CUDA memcpy Host-to-Device]
2036726102,39840,58278,,,,,,,,,,0.197,4934.861,Pinned,Device,NVIDIA A100-SXM4-40GB MIG 4g.20gb (0),1,,13,[CUDA memcpy Host-to-Device]
2036787605,7520,58279,69,4,1,48,1,1,76,0.002,0.000,,,,,NVIDIA A100-SXM4-40GB MIG 4g.20gb (0),1,,13,"void ch_est::windowedChEstPreNoDftSOfdmKernel<float, __half, float, (unsigned int)2, (unsigned int)1, (unsigned short)4>(ch_est::puschRxChEstStatDescr_t *, ch_est::puschRxChEstDynDescr_t *)"
2036805621,6784,58280,137,2,1,24,2,1,44,0.001,0.001,,,,,NVIDIA A100-SXM4-40GB MIG 4g.20gb (0),1,,13,"void ch_est::chEstFilterNoDftSOfdmDispatchKernel<float, __half, float, (unsigned int)2>(ch_est::puschRxChEstStatDescr_t *, ch_est::puschRxChEstDynDescr_t *)"
2036822613,4736,58281,137,2,1,24,2,1,44,0.001,0.001,,,,,NVIDIA A100-SXM4-40GB MIG 4g.20gb (0),1,,13,"void ch_est::chEstFilterNoDftSOfdmDispatchKernel<float, __half, float, (unsigned int)2>(ch_est::puschRxChEstStatDescr_t *, ch_est::puschRxChEstDynDescr_t *)"
2036840373,2656,58292,103,1,1,128,1,1,16,0.000,0.000,,,,,NVIDIA A100-SXM4-40GB MIG 4g.20gb (0),1,,13,cupy_copy__complex64_complex64
2036857589,12511,58302,1434,1,1,128,1,1,16,0.000,0.000,,,,,NVIDIA A100-SXM4-40GB MIG 4g.20gb (0),1,,13,cupy_copy__complex64_complex64
2036876212,2912,58309,103,1,1,128,1,1,16,0.000,0.000,,,,,NVIDIA A100-SXM4-40GB MIG 4g.20gb (0),1,,13,cupy_copy__complex64_complex64
2036897908,87551,58316,1,1,1,32,32,1,30,0.000,0.000,,,,,NVIDIA A100-SXM4-40GB MIG 4g.20gb (0),1,,13,"void convert_kernel<__half2, float2>(tensor_layout_any, T1 *, tensor_layout_any, const T2 *)"
2037015667,11583,58319,,,,,,,,,,0.094,8089.057,Pinned,Device,NVIDIA A100-SXM4-40GB MIG 4g.20gb (0),1,,13,[CUDA memcpy Host-to-Device]
2037037362,46912,58320,,,,,,,,,,35.810,763324.255,Device,,NVIDIA A100-SXM4-40GB MIG 4g.20gb (0),1,,13,[CUDA memset]
2037088882,3616,58322,,,,,,,,,,0.000,22.124,Pinned,Device,NVIDIA A100-SXM4-40GB MIG 4g.20gb (0),1,,13,[CUDA memcpy Host-to-Device]
2037095378,11615,58323,,,,,,,,,,0.197,16926.966,Pinned,Device,NVIDIA A100-SXM4-40GB MIG 4g.20gb (0),1,,13,[CUDA memcpy Host-to-Device]
2037114065,10944,58324,273,1,1,48,1,1,40,0.000,0.001,,,,,NVIDIA A100-SXM4-40GB MIG 4g.20gb (0),1,,13,"void pusch_noise_intf_est::noiseIntfEstNoDftSOfdmKernel<float, __half, float, float, (unsigned int)2, (unsigned int)1, (unsigned char)4, (unsigned char)4>(pusch_noise_intf_est::puschRxNoiseIntfEstDynDescr)"
2037127121,2848,58335,35,1,1,128,1,1,16,0.000,0.000,,,,,NVIDIA A100-SXM4-40GB MIG 4g.20gb (0),1,,13,cupy_copy__complex64_complex64
2037132977,1952,58344,1,1,1,1,1,1,18,0.000,0.000,,,,,NVIDIA A100-SXM4-40GB MIG 4g.20gb (0),1,,13,cupy_copy__float32_float32
2037165841,1600,58350,,,,,,,,,,0.000,2.500,Device,Pageable,NVIDIA A100-SXM4-40GB MIG 4g.20gb (0),1,,7,[CUDA memcpy Device-to-Host]
2037228688,13184,58361,1434,1,1,128,1,1,16,0.000,0.000,,,,,NVIDIA A100-SXM4-40GB MIG 4g.20gb (0),1,,13,cupy_copy__complex64_complex64
2037252784,3072,58368,103,1,1,128,1,1,16,0.000,0.000,,,,,NVIDIA A100-SXM4-40GB MIG 4g.20gb (0),1,,13,cupy_copy__complex64_complex64
2037274639,2912,58375,35,1,1,128,1,1,16,0.000,0.000,,,,,NVIDIA A100-SXM4-40GB MIG 4g.20gb (0),1,,13,cupy_copy__complex64_complex64
2037292207,1792,58382,1,1,1,1,1,1,18,0.000,0.000,,,,,NVIDIA A100-SXM4-40GB MIG 4g.20gb (0),1,,13,cupy_copy__float32_float32
2037425806,81951,58393,1,1,1,32,32,1,30,0.000,0.000,,,,,NVIDIA A100-SXM4-40GB MIG 4g.20gb (0),1,,13,"void convert_kernel<__half2, float2>(tensor_layout_any, T1 *, tensor_layout_any, const T2 *)"
2037536012,5600,58396,,,,,,,,,,0.094,16731.388,Pinned,Device,NVIDIA A100-SXM4-40GB MIG 4g.20gb (0),1,,13,[CUDA memcpy Host-to-Device]
2037553388,3296,58397,,,,,,,,,,1.547,469242.628,Device,,NVIDIA A100-SXM4-40GB MIG 4g.20gb (0),1,,13,[CUDA memset]
2037560460,3168,58402,,,,,,,,,,0.031,9878.770,Pinned,Device,NVIDIA A100-SXM4-40GB MIG 4g.20gb (0),1,,13,[CUDA memcpy Host-to-Device]
2037566092,9664,58403,,,,,,,,,,0.197,20344.209,Pinned,Device,NVIDIA A100-SXM4-40GB MIG 4g.20gb (0),1,,13,[CUDA memcpy Host-to-Device]
2037580556,6496,58404,273,1,1,8,4,1,39,0.002,0.000,,,,,NVIDIA A100-SXM4-40GB MIG 4g.20gb (0),1,,13,"void channel_eq::eqMmseCoefCompLowMimoKernel<float, float, float, (unsigned int)4, (unsigned int)1, (unsigned int)4>(const channel_eq::_puschRxChEqStatDescr *, channel_eq::_puschRxChEqCoefCompDynDescr)"
2037588172,6559,58405,273,1,1,12,11,1,51,0.002,0.000,,,,,NVIDIA A100-SXM4-40GB MIG 4g.20gb (0),1,,13,"void channel_eq::eqMmseSoftDemapKernel<float, __half, __half, float, (unsigned int)4, (unsigned short)16383>(channel_eq::_puschRxChEqStatDescr *, channel_eq::_puschRxChEqSoftDemapDynDescr)"
2037597899,294333,58406,1,1,1,32,32,1,30,0.000,0.000,,,,,NVIDIA A100-SXM4-40GB MIG 4g.20gb (0),1,,13,"void convert_kernel<float2, __half2>(tensor_layout_any, T1 *, tensor_layout_any, const T2 *)"
2037895336,11104,58418,2253,1,1,128,1,1,16,0.000,0.000,,,,,NVIDIA A100-SXM4-40GB MIG 4g.20gb (0),1,,13,cupy_copy__float16_float16
2037909384,3616,58427,282,1,1,128,1,1,16,0.000,0.000,,,,,NVIDIA A100-SXM4-40GB MIG 4g.20gb (0),1,,13,cupy_copy__complex64_complex64
2037914279,2112,58436,26,1,1,128,1,1,16,0.000,0.000,,,,,NVIDIA A100-SXM4-40GB MIG 4g.20gb (0),1,,13,cupy_copy__float32_float32
2037919687,3072,58445,103,1,1,128,1,1,16,0.000,0.000,,,,,NVIDIA A100-SXM4-40GB MIG 4g.20gb (0),1,,13,cupy_copy__complex64_complex64
2037923719,11808,58455,1434,1,1,128,1,1,16,0.000,0.000,,,,,NVIDIA A100-SXM4-40GB MIG 4g.20gb (0),1,,13,cupy_copy__complex64_complex64
2037938727,84287,58460,1,1,1,32,32,1,30,0.000,0.000,,,,,NVIDIA A100-SXM4-40GB MIG 4g.20gb (0),1,,13,"void convert_kernel<__half2, float2>(tensor_layout_any, T1 *, tensor_layout_any, const T2 *)"
2038050342,5344,58463,,,,,,,,,,0.094,17532.864,Pinned,Device,NVIDIA A100-SXM4-40GB MIG 4g.20gb (0),1,,13,[CUDA memcpy Host-to-Device]
2038060614,599864,58464,,,,,,,,,,456.561,761087.920,Device,,NVIDIA A100-SXM4-40GB MIG 4g.20gb (0),1,,13,[CUDA memset]
2038670750,144638,58469,,,,,,,,,,1.235,8537.168,Pinned,Device,NVIDIA A100-SXM4-40GB MIG 4g.20gb (0),1,,13,[CUDA memcpy Host-to-Device]
2038831580,41152,58470,,,,,,,,,,0.197,4777.574,Pinned,Device,NVIDIA A100-SXM4-40GB MIG 4g.20gb (0),1,,13,[CUDA memcpy Host-to-Device]
2038902395,8192,58471,69,4,1,48,1,1,76,0.002,0.000,,,,,NVIDIA A100-SXM4-40GB MIG 4g.20gb (0),1,,13,"void ch_est::windowedChEstPreNoDftSOfdmKernel<float, __half, float, (unsigned int)2, (unsigned int)1, (unsigned short)4>(ch_est::puschRxChEstStatDescr_t *, ch_est::puschRxChEstDynDescr_t *)"
2038920219,6944,58472,137,2,1,24,2,1,44,0.001,0.001,,,,,NVIDIA A100-SXM4-40GB MIG 4g.20gb (0),1,,13,"void ch_est::chEstFilterNoDftSOfdmDispatchKernel<float, __half, float, (unsigned int)2>(ch_est::puschRxChEstStatDescr_t *, ch_est::puschRxChEstDynDescr_t *)"
2038937179,4768,58473,137,2,1,24,2,1,44,0.001,0.001,,,,,NVIDIA A100-SXM4-40GB MIG 4g.20gb (0),1,,13,"void ch_est::chEstFilterNoDftSOfdmDispatchKernel<float, __half, float, (unsigned int)2>(ch_est::puschRxChEstStatDescr_t *, ch_est::puschRxChEstDynDescr_t *)"
2038954267,2496,58484,103,1,1,128,1,1,16,0.000,0.000,,,,,NVIDIA A100-SXM4-40GB MIG 4g.20gb (0),1,,13,cupy_copy__complex64_complex64
2038973626,12448,58494,1434,1,1,128,1,1,16,0.000,0.000,,,,,NVIDIA A100-SXM4-40GB MIG 4g.20gb (0),1,,13,cupy_copy__complex64_complex64
2038992090,2912,58501,103,1,1,128,1,1,16,0.000,0.000,,,,,NVIDIA A100-SXM4-40GB MIG 4g.20gb (0),1,,13,cupy_copy__complex64_complex64
2039012890,92447,58508,1,1,1,32,32,1,30,0.000,0.000,,,,,NVIDIA A100-SXM4-40GB MIG 4g.20gb (0),1,,13,"void convert_kernel<__half2, float2>(tensor_layout_any, T1 *, tensor_layout_any, const T2 *)"
2039140152,26624,58511,,,,,,,,,,0.094,3519.222,Pinned,Device,NVIDIA A100-SXM4-40GB MIG 4g.20gb (0),1,,13,[CUDA memcpy Host-to-Device]
2039199128,46975,58512,,,,,,,,,,35.810,762285.767,Device,,NVIDIA A100-SXM4-40GB MIG 4g.20gb (0),1,,13,[CUDA memset]
2039246967,10944,58514,,,,,,,,,,0.000,7.310,Pinned,Device,NVIDIA A100-SXM4-40GB MIG 4g.20gb (0),1,,13,[CUDA memcpy Host-to-Device]
2039267351,33151,58515,,,,,,,,,,0.197,5930.680,Pinned,Device,NVIDIA A100-SXM4-40GB MIG 4g.20gb (0),1,,13,[CUDA memcpy Host-to-Device]
2039318358,9728,58516,273,1,1,48,1,1,40,0.000,0.001,,,,,NVIDIA A100-SXM4-40GB MIG 4g.20gb (0),1,,13,"void pusch_noise_intf_est::noiseIntfEstNoDftSOfdmKernel<float, __half, float, float, (unsigned int)2, (unsigned int)1, (unsigned char)4, (unsigned char)4>(pusch_noise_intf_est::puschRxNoiseIntfEstDynDescr)"
2039333046,3040,58527,35,1,1,128,1,1,16,0.000,0.000,,,,,NVIDIA A100-SXM4-40GB MIG 4g.20gb (0),1,,13,cupy_copy__complex64_complex64
2039344214,1856,58536,1,1,1,1,1,1,18,0.000,0.000,,,,,NVIDIA A100-SXM4-40GB MIG 4g.20gb (0),1,,13,cupy_copy__float32_float32
2039351638,2464,58542,,,,,,,,,,0.000,1.623,Device,Pageable,NVIDIA A100-SXM4-40GB MIG 4g.20gb (0),1,,7,[CUDA memcpy Device-to-Host]
2039433845,13184,58553,1434,1,1,128,1,1,16,0.000,0.000,,,,,NVIDIA A100-SXM4-40GB MIG 4g.20gb (0),1,,13,cupy_copy__complex64_complex64
2039459572,3520,58560,103,1,1,128,1,1,16,0.000,0.000,,,,,NVIDIA A100-SXM4-40GB MIG 4g.20gb (0),1,,13,cupy_copy__complex64_complex64
2039482132,2368,58567,35,1,1,128,1,1,16,0.000,0.000,,,,,NVIDIA A100-SXM4-40GB MIG 4g.20gb (0),1,,13,cupy_copy__complex64_complex64
2039501876,1856,58574,1,1,1,1,1,1,18,0.000,0.000,,,,,NVIDIA A100-SXM4-40GB MIG 4g.20gb (0),1,,13,cupy_copy__float32_float32
2039625650,87391,58585,1,1,1,32,32,1,30,0.000,0.000,,,,,NVIDIA A100-SXM4-40GB MIG 4g.20gb (0),1,,13,"void convert_kernel<__half2, float2>(tensor_layout_any, T1 *, tensor_layout_any, const T2 *)"
2039740945,5440,58588,,,,,,,,,,0.094,17223.480,Pinned,Device,NVIDIA A100-SXM4-40GB MIG 4g.20gb (0),1,,13,[CUDA memcpy Host-to-Device]
2039755441,3424,58589,,,,,,,,,,1.547,451700.819,Device,,NVIDIA A100-SXM4-40GB MIG 4g.20gb (0),1,,13,[CUDA memset]
2039762353,3712,58594,,,,,,,,,,0.031,8431.017,Pinned,Device,NVIDIA A100-SXM4-40GB MIG 4g.20gb (0),1,,13,[CUDA memcpy Host-to-Device]
2039768497,9503,58595,,,,,,,,,,0.197,20688.863,Pinned,Device,NVIDIA A100-SXM4-40GB MIG 4g.20gb (0),1,,13,[CUDA memcpy Host-to-Device]
2039783824,6624,58596,273,1,1,8,4,1,39,0.002,0.000,,,,,NVIDIA A100-SXM4-40GB MIG 4g.20gb (0),1,,13,"void channel_eq::eqMmseCoefCompLowMimoKernel<float, float, float, (unsigned int)4, (unsigned int)1, (unsigned int)4>(const channel_eq::_puschRxChEqStatDescr *, channel_eq::_puschRxChEqCoefCompDynDescr)"
2039791408,6304,58597,273,1,1,12,11,1,51,0.002,0.000,,,,,NVIDIA A100-SXM4-40GB MIG 4g.20gb (0),1,,13,"void channel_eq::eqMmseSoftDemapKernel<float, __half, __half, float, (unsigned int)4, (unsigned short)16383>(channel_eq::_puschRxChEqStatDescr *, channel_eq::_puschRxChEqSoftDemapDynDescr)"
2039798864,282909,58598,1,1,1,32,32,1,30,0.000,0.000,,,,,NVIDIA A100-SXM4-40GB MIG 4g.20gb (0),1,,13,"void convert_kernel<float2, __half2>(tensor_layout_any, T1 *, tensor_layout_any, const T2 *)"
2040085197,11040,58610,2253,1,1,128,1,1,16,0.000,0.000,,,,,NVIDIA A100-SXM4-40GB MIG 4g.20gb (0),1,,13,cupy_copy__float16_float16
2040098412,3808,58619,282,1,1,128,1,1,16,0.000,0.000,,,,,NVIDIA A100-SXM4-40GB MIG 4g.20gb (0),1,,13,cupy_copy__complex64_complex64
2040103660,2400,58628,26,1,1,128,1,1,16,0.000,0.000,,,,,NVIDIA A100-SXM4-40GB MIG 4g.20gb (0),1,,13,cupy_copy__float32_float32
2040110124,3072,58637,103,1,1,128,1,1,16,0.000,0.000,,,,,NVIDIA A100-SXM4-40GB MIG 4g.20gb (0),1,,13,cupy_copy__complex64_complex64
2040117260,11936,58647,1434,1,1,128,1,1,16,0.000,0.000,,,,,NVIDIA A100-SXM4-40GB MIG 4g.20gb (0),1,,13,cupy_copy__complex64_complex64
2040133260,85631,58652,1,1,1,32,32,1,30,0.000,0.000,,,,,NVIDIA A100-SXM4-40GB MIG 4g.20gb (0),1,,13,"void convert_kernel<__half2, float2>(tensor_layout_any, T1 *, tensor_layout_any, const T2 *)"
2040245643,5664,58655,,,,,,,,,,0.094,16542.310,Pinned,Device,NVIDIA A100-SXM4-40GB MIG 4g.20gb (0),1,,13,[CUDA memcpy Host-to-Device]
2040255531,597464,58656,,,,,,,,,,456.561,763827.289,Device,,NVIDIA A100-SXM4-40GB MIG 4g.20gb (0),1,,13,[CUDA memset]
2040859971,73919,58661,,,,,,,,,,1.235,16706.322,Pinned,Device,NVIDIA A100-SXM4-40GB MIG 4g.20gb (0),1,,13,[CUDA memcpy Host-to-Device]
2040937442,21440,58662,,,,,,,,,,0.197,9169.994,Pinned,Device,NVIDIA A100-SXM4-40GB MIG 4g.20gb (0),1,,13,[CUDA memcpy Host-to-Device]
2040970050,7968,58663,69,4,1,48,1,1,76,0.002,0.000,,,,,NVIDIA A100-SXM4-40GB MIG 4g.20gb (0),1,,13,"void ch_est::windowedChEstPreNoDftSOfdmKernel<float, __half, float, (unsigned int)2, (unsigned int)1, (unsigned short)4>(ch_est::puschRxChEstStatDescr_t *, ch_est::puschRxChEstDynDescr_t *)"
2040988353,7008,58664,137,2,1,24,2,1,44,0.001,0.001,,,,,NVIDIA A100-SXM4-40GB MIG 4g.20gb (0),1,,13,"void ch_est::chEstFilterNoDftSOfdmDispatchKernel<float, __half, float, (unsigned int)2>(ch_est::puschRxChEstStatDescr_t *, ch_est::puschRxChEstDynDescr_t *)"
2041008641,6720,58665,137,2,1,24,2,1,44,0.001,0.001,,,,,NVIDIA A100-SXM4-40GB MIG 4g.20gb (0),1,,13,"void ch_est::chEstFilterNoDftSOfdmDispatchKernel<float, __half, float, (unsigned int)2>(ch_est::puschRxChEstStatDescr_t *, ch_est::puschRxChEstDynDescr_t *)"
2041026945,2560,58676,103,1,1,128,1,1,16,0.000,0.000,,,,,NVIDIA A100-SXM4-40GB MIG 4g.20gb (0),1,,13,cupy_copy__complex64_complex64
2041039777,12704,58686,1434,1,1,128,1,1,16,0.000,0.000,,,,,NVIDIA A100-SXM4-40GB MIG 4g.20gb (0),1,,13,cupy_copy__complex64_complex64
2041070848,2656,58693,103,1,1,128,1,1,16,0.000,0.000,,,,,NVIDIA A100-SXM4-40GB MIG 4g.20gb (0),1,,13,cupy_copy__complex64_complex64
2041083936,89407,58700,1,1,1,32,32,1,30,0.000,0.000,,,,,NVIDIA A100-SXM4-40GB MIG 4g.20gb (0),1,,13,"void convert_kernel<__half2, float2>(tensor_layout_any, T1 *, tensor_layout_any, const T2 *)"
2041204671,17504,58703,,,,,,,,,,0.094,5352.759,Pinned,Device,NVIDIA A100-SXM4-40GB MIG 4g.20gb (0),1,,13,[CUDA memcpy Host-to-Device]
2041235838,47936,58704,,,,,,,,,,35.810,747030.741,Device,,NVIDIA A100-SXM4-40GB MIG 4g.20gb (0),1,,13,[CUDA memset]
2041294974,11328,58706,,,,,,,,,,0.000,7.062,Pinned,Device,NVIDIA A100-SXM4-40GB MIG 4g.20gb (0),1,,13,[CUDA memcpy Host-to-Device]
2041316957,35616,58707,,,,,,,,,,0.197,5520.163,Pinned,Device,NVIDIA A100-SXM4-40GB MIG 4g.20gb (0),1,,13,[CUDA memcpy Host-to-Device]
2041372573,9664,58708,273,1,1,48,1,1,40,0.000,0.001,,,,,NVIDIA A100-SXM4-40GB MIG 4g.20gb (0),1,,13,"void pusch_noise_intf_est::noiseIntfEstNoDftSOfdmKernel<float, __half, float, float, (unsigned int)2, (unsigned int)1, (unsigned char)4, (unsigned char)4>(pusch_noise_intf_est::puschRxNoiseIntfEstDynDescr)"
2041389341,2784,58719,35,1,1,128,1,1,16,0.000,0.000,,,,,NVIDIA A100-SXM4-40GB MIG 4g.20gb (0),1,,13,cupy_copy__complex64_complex64
2041406172,1760,58728,1,1,1,1,1,1,18,0.000,0.000,,,,,NVIDIA A100-SXM4-40GB MIG 4g.20gb (0),1,,13,cupy_copy__float32_float32
2041411580,6752,58734,,,,,,,,,,0.000,0.592,Device,Pageable,NVIDIA A100-SXM4-40GB MIG 4g.20gb (0),1,,7,[CUDA memcpy Device-to-Host]
2041514363,12768,58745,1434,1,1,128,1,1,16,0.000,0.000,,,,,NVIDIA A100-SXM4-40GB MIG 4g.20gb (0),1,,13,cupy_copy__complex64_complex64
2041537019,3328,58752,103,1,1,128,1,1,16,0.000,0.000,,,,,NVIDIA A100-SXM4-40GB MIG 4g.20gb (0),1,,13,cupy_copy__complex64_complex64
2041559546,2560,58759,35,1,1,128,1,1,16,0.000,0.000,,,,,NVIDIA A100-SXM4-40GB MIG 4g.20gb (0),1,,13,cupy_copy__complex64_complex64
2041579226,1792,58766,1,1,1,1,1,1,18,0.000,0.000,,,,,NVIDIA A100-SXM4-40GB MIG 4g.20gb (0),1,,13,cupy_copy__float32_float32
2041705593,87391,58777,1,1,1,32,32,1,30,0.000,0.000,,,,,NVIDIA A100-SXM4-40GB MIG 4g.20gb (0),1,,13,"void convert_kernel<__half2, float2>(tensor_layout_any, T1 *, tensor_layout_any, const T2 *)"
2041821687,13728,58780,,,,,,,,,,0.094,6825.098,Pinned,Device,NVIDIA A100-SXM4-40GB MIG 4g.20gb (0),1,,13,[CUDA memcpy Host-to-Device]
2041845911,3456,58781,,,,,,,,,,1.547,447517.201,Device,,NVIDIA A100-SXM4-40GB MIG 4g.20gb (0),1,,13,[CUDA memset]
2041852919,7936,58786,,,,,,,,,,0.031,3943.546,Pinned,Device,NVIDIA A100-SXM4-40GB MIG 4g.20gb (0),1,,13,[CUDA memcpy Host-to-Device]
2041864887,12672,58787,,,,,,,,,,0.197,15515.124,Pinned,Device,NVIDIA A100-SXM4-40GB MIG 4g.20gb (0),1,,13,[CUDA memcpy Host-to-Device]
2041886166,8192,58788,273,1,1,8,4,1,39,0.002,0.000,,,,,NVIDIA A100-SXM4-40GB MIG 4g.20gb (0),1,,13,"void channel_eq::eqMmseCoefCompLowMimoKernel<float, float, float, (unsigned int)4, (unsigned int)1, (unsigned int)4>(const channel_eq::_puschRxChEqStatDescr *, channel_eq::_puschRxChEqCoefCompDynDescr)"
2041902166,7872,58789,273,1,1,12,11,1,51,0.002,0.000,,,,,NVIDIA A100-SXM4-40GB MIG 4g.20gb (0),1,,13,"void channel_eq::eqMmseSoftDemapKernel<float, __half, __half, float, (unsigned int)4, (unsigned short)16383>(channel_eq::_puschRxChEqStatDescr *, channel_eq::_puschRxChEqSoftDemapDynDescr)"
2041916982,289948,58790,1,1,1,32,32,1,30,0.000,0.000,,,,,NVIDIA A100-SXM4-40GB MIG 4g.20gb (0),1,,13,"void convert_kernel<float2, __half2>(tensor_layout_any, T1 *, tensor_layout_any, const T2 *)"
2042207986,10976,58802,2253,1,1,128,1,1,16,0.000,0.000,,,,,NVIDIA A100-SXM4-40GB MIG 4g.20gb (0),1,,13,cupy_copy__float16_float16
2042220690,3296,58811,282,1,1,128,1,1,16,0.000,0.000,,,,,NVIDIA A100-SXM4-40GB MIG 4g.20gb (0),1,,13,cupy_copy__complex64_complex64
2042225554,2208,58820,26,1,1,128,1,1,16,0.000,0.000,,,,,NVIDIA A100-SXM4-40GB MIG 4g.20gb (0),1,,13,cupy_copy__float32_float32
2042231954,2880,58829,103,1,1,128,1,1,16,0.000,0.000,,,,,NVIDIA A100-SXM4-40GB MIG 4g.20gb (0),1,,13,cupy_copy__complex64_complex64
2042237906,11904,58839,1434,1,1,128,1,1,16,0.000,0.000,,,,,NVIDIA A100-SXM4-40GB MIG 4g.20gb (0),1,,13,cupy_copy__complex64_complex64
2042252306,82207,58844,1,1,1,32,32,1,30,0.000,0.000,,,,,NVIDIA A100-SXM4-40GB MIG 4g.20gb (0),1,,13,"void convert_kernel<__half2, float2>(tensor_layout_any, T1 *, tensor_layout_any, const T2 *)"
2042361905,5727,58847,,,,,,,,,,0.094,16360.352,Pinned,Device,NVIDIA A100-SXM4-40GB MIG 4g.20gb (0),1,,13,[CUDA memcpy Host-to-Device]
2042371408,598041,58848,,,,,,,,,,456.561,763370.728,Device,,NVIDIA A100-SXM4-40GB MIG 4g.20gb (0),1,,13,[CUDA memset]
2042976553,132030,58853,,,,,,,,,,1.235,9353.466,Pinned,Device,NVIDIA A100-SXM4-40GB MIG 4g.20gb (0),1,,13,[CUDA memcpy Host-to-Device]
2043115783,26464,58854,,,,,,,,,,0.197,7429.226,Pinned,Device,NVIDIA A100-SXM4-40GB MIG 4g.20gb (0),1,,13,[CUDA memcpy Host-to-Device]
2043152967,8192,58855,69,4,1,48,1,1,76,0.002,0.000,,,,,NVIDIA A100-SXM4-40GB MIG 4g.20gb (0),1,,13,"void ch_est::windowedChEstPreNoDftSOfdmKernel<float, __half, float, (unsigned int)2, (unsigned int)1, (unsigned short)4>(ch_est::puschRxChEstStatDescr_t *, ch_est::puschRxChEstDynDescr_t *)"
2043168647,6751,58856,137,2,1,24,2,1,44,0.001,0.001,,,,,NVIDIA A100-SXM4-40GB MIG 4g.20gb (0),1,,13,"void ch_est::chEstFilterNoDftSOfdmDispatchKernel<float, __half, float, (unsigned int)2>(ch_est::puschRxChEstStatDescr_t *, ch_est::puschRxChEstDynDescr_t *)"
2043176806,4928,58857,137,2,1,24,2,1,44,0.001,0.001,,,,,NVIDIA A100-SXM4-40GB MIG 4g.20gb (0),1,,13,"void ch_est::chEstFilterNoDftSOfdmDispatchKernel<float, __half, float, (unsigned int)2>(ch_est::puschRxChEstStatDescr_t *, ch_est::puschRxChEstDynDescr_t *)"
2043186918,3008,58868,103,1,1,128,1,1,16,0.000,0.000,,,,,NVIDIA A100-SXM4-40GB MIG 4g.20gb (0),1,,13,cupy_copy__complex64_complex64
2043196134,12608,58878,1434,1,1,128,1,1,16,0.000,0.000,,,,,NVIDIA A100-SXM4-40GB MIG 4g.20gb (0),1,,13,cupy_copy__complex64_complex64
2043213670,2400,58885,103,1,1,128,1,1,16,0.000,0.000,,,,,NVIDIA A100-SXM4-40GB MIG 4g.20gb (0),1,,13,cupy_copy__complex64_complex64
2043225318,84031,58892,1,1,1,32,32,1,30,0.000,0.000,,,,,NVIDIA A100-SXM4-40GB MIG 4g.20gb (0),1,,13,"void convert_kernel<__half2, float2>(tensor_layout_any, T1 *, tensor_layout_any, const T2 *)"
2043342148,13632,58895,,,,,,,,,,0.094,6873.164,Pinned,Device,NVIDIA A100-SXM4-40GB MIG 4g.20gb (0),1,,13,[CUDA memcpy Host-to-Device]
2043368356,46879,58896,,,,,,,,,,35.810,763861.404,Device,,NVIDIA A100-SXM4-40GB MIG 4g.20gb (0),1,,13,[CUDA memset]
2043420899,6336,58898,,,,,,,,,,0.000,12.626,Pinned,Device,NVIDIA A100-SXM4-40GB MIG 4g.20gb (0),1,,13,[CUDA memcpy Host-to-Device]
2043431651,21248,58899,,,,,,,,,,0.197,9252.962,Pinned,Device,NVIDIA A100-SXM4-40GB MIG 4g.20gb (0),1,,13,[CUDA memcpy Host-to-Device]
2043461923,9920,58900,273,1,1,48,1,1,40,0.000,0.001,,,,,NVIDIA A100-SXM4-40GB MIG 4g.20gb (0),1,,13,"void pusch_noise_intf_est::noiseIntfEstNoDftSOfdmKernel<float, __half, float, float, (unsigned int)2, (unsigned int)1, (unsigned char)4, (unsigned char)4>(pusch_noise_intf_est::puschRxNoiseIntfEstDynDescr)"
2043475267,2592,58911,35,1,1,128,1,1,16,0.000,0.000,,,,,NVIDIA A100-SXM4-40GB MIG 4g.20gb (0),1,,13,cupy_copy__complex64_complex64
2043484099,1696,58920,1,1,1,1,1,1,18,0.000,0.000,,,,,NVIDIA A100-SXM4-40GB MIG 4g.20gb (0),1,,13,cupy_copy__float32_float32
2043494851,2975,58926,,,,,,,,,,0.000,1.345,Device,Pageable,NVIDIA A100-SXM4-40GB MIG 4g.20gb (0),1,,7,[CUDA memcpy Device-to-Host]
2043559042,12960,58937,1434,1,1,128,1,1,16,0.000,0.000,,,,,NVIDIA A100-SXM4-40GB MIG 4g.20gb (0),1,,13,cupy_copy__complex64_complex64
2043586881,3392,58944,103,1,1,128,1,1,16,0.000,0.000,,,,,NVIDIA A100-SXM4-40GB MIG 4g.20gb (0),1,,13,cupy_copy__complex64_complex64
2043609537,2560,58951,35,1,1,128,1,1,16,0.000,0.000,,,,,NVIDIA A100-SXM4-40GB MIG 4g.20gb (0),1,,13,cupy_copy__complex64_complex64
2043631169,1952,58958,1,1,1,1,1,1,18,0.000,0.000,,,,,NVIDIA A100-SXM4-40GB MIG 4g.20gb (0),1,,13,cupy_copy__float32_float32
2043765791,82239,58969,1,1,1,32,32,1,30,0.000,0.000,,,,,NVIDIA A100-SXM4-40GB MIG 4g.20gb (0),1,,13,"void convert_kernel<__half2, float2>(tensor_layout_any, T1 *, tensor_layout_any, const T2 *)"
2043875902,6080,58972,,,,,,,,,,0.094,15410.462,Pinned,Device,NVIDIA A100-SXM4-40GB MIG 4g.20gb (0),1,,13,[CUDA memcpy Host-to-Device]
2043890558,3488,58973,,,,,,,,,,1.547,443412.461,Device,,NVIDIA A100-SXM4-40GB MIG 4g.20gb (0),1,,13,[CUDA memset]
2043896990,3199,58978,,,,,,,,,,0.031,9783.036,Pinned,Device,NVIDIA A100-SXM4-40GB MIG 4g.20gb (0),1,,13,[CUDA memcpy Host-to-Device]
2043902749,9536,58979,,,,,,,,,,0.197,20617.298,Pinned,Device,NVIDIA A100-SXM4-40GB MIG 4g.20gb (0),1,,13,[CUDA memcpy Host-to-Device]
2043918109,6560,58980,273,1,1,8,4,1,39,0.002,0.000,,,,,NVIDIA A100-SXM4-40GB MIG 4g.20gb (0),1,,13,"void channel_eq::eqMmseCoefCompLowMimoKernel<float, float, float, (unsigned int)4, (unsigned int)1, (unsigned int)4>(const channel_eq::_puschRxChEqStatDescr *, channel_eq::_puschRxChEqCoefCompDynDescr)"
2043926429,6112,58981,273,1,1,12,11,1,51,0.002,0.000,,,,,NVIDIA A100-SXM4-40GB MIG 4g.20gb (0),1,,13,"void channel_eq::eqMmseSoftDemapKernel<float, __half, __half, float, (unsigned int)4, (unsigned short)16383>(channel_eq::_puschRxChEqStatDescr *, channel_eq::_puschRxChEqSoftDemapDynDescr)"
2043934173,282365,58982,1,1,1,32,32,1,30,0.000,0.000,,,,,NVIDIA A100-SXM4-40GB MIG 4g.20gb (0),1,,13,"void convert_kernel<float2, __half2>(tensor_layout_any, T1 *, tensor_layout_any, const T2 *)"
2044219002,11007,58994,2253,1,1,128,1,1,16,0.000,0.000,,,,,NVIDIA A100-SXM4-40GB MIG 4g.20gb (0),1,,13,cupy_copy__float16_float16
2044231545,3584,59003,282,1,1,128,1,1,16,0.000,0.000,,,,,NVIDIA A100-SXM4-40GB MIG 4g.20gb (0),1,,13,cupy_copy__complex64_complex64
2044236313,2112,59012,26,1,1,128,1,1,16,0.000,0.000,,,,,NVIDIA A100-SXM4-40GB MIG 4g.20gb (0),1,,13,cupy_copy__float32_float32
2044241497,4544,59021,103,1,1,128,1,1,16,0.000,0.000,,,,,NVIDIA A100-SXM4-40GB MIG 4g.20gb (0),1,,13,cupy_copy__complex64_complex64
2044248697,12416,59031,1434,1,1,128,1,1,16,0.000,0.000,,,,,NVIDIA A100-SXM4-40GB MIG 4g.20gb (0),1,,13,cupy_copy__complex64_complex64
2044264889,81919,59036,1,1,1,32,32,1,30,0.000,0.000,,,,,NVIDIA A100-SXM4-40GB MIG 4g.20gb (0),1,,13,"void convert_kernel<__half2, float2>(tensor_layout_any, T1 *, tensor_layout_any, const T2 *)"
2044374840,5600,59039,,,,,,,,,,0.094,16731.388,Pinned,Device,NVIDIA A100-SXM4-40GB MIG 4g.20gb (0),1,,13,[CUDA memcpy Host-to-Device]
2044386711,596185,59040,,,,,,,,,,456.561,765653.535,Device,,NVIDIA A100-SXM4-40GB MIG 4g.20gb (0),1,,13,[CUDA memset]
2044994064,125534,59045,,,,,,,,,,1.235,9836.329,Pinned,Device,NVIDIA A100-SXM4-40GB MIG 4g.20gb (0),1,,13,[CUDA memcpy Host-to-Device]
2045135918,40640,59046,,,,,,,,,,0.197,4837.736,Pinned,Device,NVIDIA A100-SXM4-40GB MIG 4g.20gb (0),1,,13,[CUDA memcpy Host-to-Device]
2045205325,8096,59047,69,4,1,48,1,1,76,0.002,0.000,,,,,NVIDIA A100-SXM4-40GB MIG 4g.20gb (0),1,,13,"void ch_est::windowedChEstPreNoDftSOfdmKernel<float, __half, float, (unsigned int)2, (unsigned int)1, (unsigned short)4>(ch_est::puschRxChEstStatDescr_t *, ch_est::puschRxChEstDynDescr_t *)"
2045224589,6400,59048,137,2,1,24,2,1,44,0.001,0.001,,,,,NVIDIA A100-SXM4-40GB MIG 4g.20gb (0),1,,13,"void ch_est::chEstFilterNoDftSOfdmDispatchKernel<float, __half, float, (unsigned int)2>(ch_est::puschRxChEstStatDescr_t *, ch_est::puschRxChEstDynDescr_t *)"
2045241581,4768,59049,137,2,1,24,2,1,44,0.001,0.001,,,,,NVIDIA A100-SXM4-40GB MIG 4g.20gb (0),1,,13,"void ch_est::chEstFilterNoDftSOfdmDispatchKernel<float, __half, float, (unsigned int)2>(ch_est::puschRxChEstStatDescr_t *, ch_est::puschRxChEstDynDescr_t *)"
2045261773,2592,59060,103,1,1,128,1,1,16,0.000,0.000,,,,,NVIDIA A100-SXM4-40GB MIG 4g.20gb (0),1,,13,cupy_copy__complex64_complex64
2045278060,12608,59070,1434,1,1,128,1,1,16,0.000,0.000,,,,,NVIDIA A100-SXM4-40GB MIG 4g.20gb (0),1,,13,cupy_copy__complex64_complex64
2045296940,3072,59077,103,1,1,128,1,1,16,0.000,0.000,,,,,NVIDIA A100-SXM4-40GB MIG 4g.20gb (0),1,,13,cupy_copy__complex64_complex64
2045316492,82271,59084,1,1,1,32,32,1,30,0.000,0.000,,,,,NVIDIA A100-SXM4-40GB MIG 4g.20gb (0),1,,13,"void convert_kernel<__half2, float2>(tensor_layout_any, T1 *, tensor_layout_any, const T2 *)"
2045428395,16127,59087,,,,,,,,,,0.094,5809.808,Pinned,Device,NVIDIA A100-SXM4-40GB MIG 4g.20gb (0),1,,13,[CUDA memcpy Host-to-Device]
2045455434,46592,59088,,,,,,,,,,35.810,768552.503,Device,,NVIDIA A100-SXM4-40GB MIG 4g.20gb (0),1,,13,[CUDA memset]
2045503658,8576,59090,,,,,,,,,,0.000,9.328,Pinned,Device,NVIDIA A100-SXM4-40GB MIG 4g.20gb (0),1,,13,[CUDA memcpy Host-to-Device]
2045522025,18208,59091,,,,,,,,,,0.197,10797.711,Pinned,Device,NVIDIA A100-SXM4-40GB MIG 4g.20gb (0),1,,13,[CUDA memcpy Host-to-Device]
2045560041,10240,59092,273,1,1,48,1,1,40,0.000,0.001,,,,,NVIDIA A100-SXM4-40GB MIG 4g.20gb (0),1,,13,"void pusch_noise_intf_est::noiseIntfEstNoDftSOfdmKernel<float, __half, float, float, (unsigned int)2, (unsigned int)1, (unsigned char)4, (unsigned char)4>(pusch_noise_intf_est::puschRxNoiseIntfEstDynDescr)"
2045578697,2848,59103,35,1,1,128,1,1,16,0.000,0.000,,,,,NVIDIA A100-SXM4-40GB MIG 4g.20gb (0),1,,13,cupy_copy__complex64_complex64
2045588489,2016,59112,1,1,1,1,1,1,18,0.000,0.000,,,,,NVIDIA A100-SXM4-40GB MIG 4g.20gb (0),1,,13,cupy_copy__float32_float32
2045593865,2272,59118,,,,,,,,,,0.000,1.761,Device,Pageable,NVIDIA A100-SXM4-40GB MIG 4g.20gb (0),1,,7,[CUDA memcpy Device-to-Host]
2045667368,12959,59129,1434,1,1,128,1,1,16,0.000,0.000,,,,,NVIDIA A100-SXM4-40GB MIG 4g.20gb (0),1,,13,cupy_copy__complex64_complex64
2045695047,3456,59136,103,1,1,128,1,1,16,0.000,0.000,,,,,NVIDIA A100-SXM4-40GB MIG 4g.20gb (0),1,,13,cupy_copy__complex64_complex64
2045720551,2720,59143,35,1,1,128,1,1,16,0.000,0.000,,,,,NVIDIA A100-SXM4-40GB MIG 4g.20gb (0),1,,13,cupy_copy__complex64_complex64
2045740359,1952,59150,1,1,1,1,1,1,18,0.000,0.000,,,,,NVIDIA A100-SXM4-40GB MIG 4g.20gb (0),1,,13,cupy_copy__float32_float32
2045865669,82783,59161,1,1,1,32,32,1,30,0.000,0.000,,,,,NVIDIA A100-SXM4-40GB MIG 4g.20gb (0),1,,13,"void convert_kernel<__half2, float2>(tensor_layout_any, T1 *, tensor_layout_any, const T2 *)"
2045975588,5472,59164,,,,,,,,,,0.094,17122.757,Pinned,Device,NVIDIA A100-SXM4-40GB MIG 4g.20gb (0),1,,13,[CUDA memcpy Host-to-Device]
2045991076,3296,59165,,,,,,,,,,1.547,469242.628,Device,,NVIDIA A100-SXM4-40GB MIG 4g.20gb (0),1,,13,[CUDA memset]
2045997060,3040,59170,,,,,,,,,,0.031,10294.725,Pinned,Device,NVIDIA A100-SXM4-40GB MIG 4g.20gb (0),1,,13,[CUDA memcpy Host-to-Device]
2046002500,10143,59171,,,,,,,,,,0.197,19383.583,Pinned,Device,NVIDIA A100-SXM4-40GB MIG 4g.20gb (0),1,,13,[CUDA memcpy Host-to-Device]
2046016291,6368,59172,273,1,1,8,4,1,39,0.002,0.000,,,,,NVIDIA A100-SXM4-40GB MIG 4g.20gb (0),1,,13,"void channel_eq::eqMmseCoefCompLowMimoKernel<float, float, float, (unsigned int)4, (unsigned int)1, (unsigned int)4>(const channel_eq::_puschRxChEqStatDescr *, channel_eq::_puschRxChEqCoefCompDynDescr)"
2046026659,6016,59173,273,1,1,12,11,1,51,0.002,0.000,,,,,NVIDIA A100-SXM4-40GB MIG 4g.20gb (0),1,,13,"void channel_eq::eqMmseSoftDemapKernel<float, __half, __half, float, (unsigned int)4, (unsigned short)16383>(channel_eq::_puschRxChEqStatDescr *, channel_eq::_puschRxChEqSoftDemapDynDescr)"
2046036067,298972,59174,1,1,1,32,32,1,30,0.000,0.000,,,,,NVIDIA A100-SXM4-40GB MIG 4g.20gb (0),1,,13,"void convert_kernel<float2, __half2>(tensor_layout_any, T1 *, tensor_layout_any, const T2 *)"
2046338815,11008,59186,2253,1,1,128,1,1,16,0.000,0.000,,,,,NVIDIA A100-SXM4-40GB MIG 4g.20gb (0),1,,13,cupy_copy__float16_float16
2046354655,3584,59195,282,1,1,128,1,1,16,0.000,0.000,,,,,NVIDIA A100-SXM4-40GB MIG 4g.20gb (0),1,,13,cupy_copy__complex64_complex64
2046360031,2016,59204,26,1,1,128,1,1,16,0.000,0.000,,,,,NVIDIA A100-SXM4-40GB MIG 4g.20gb (0),1,,13,cupy_copy__float32_float32
2046365183,2880,59213,103,1,1,128,1,1,16,0.000,0.000,,,,,NVIDIA A100-SXM4-40GB MIG 4g.20gb (0),1,,13,cupy_copy__complex64_complex64
2046369471,12608,59223,1434,1,1,128,1,1,16,0.000,0.000,,,,,NVIDIA A100-SXM4-40GB MIG 4g.20gb (0),1,,13,cupy_copy__complex64_complex64
2046383391,82463,59228,1,1,1,32,32,1,30,0.000,0.000,,,,,NVIDIA A100-SXM4-40GB MIG 4g.20gb (0),1,,13,"void convert_kernel<__half2, float2>(tensor_layout_any, T1 *, tensor_layout_any, const T2 *)"
2046492989,5792,59231,,,,,,,,,,0.094,16176.708,Pinned,Device,NVIDIA A100-SXM4-40GB MIG 4g.20gb (0),1,,13,[CUDA memcpy Host-to-Device]
2046504861,596889,59232,,,,,,,,,,456.561,764740.412,Device,,NVIDIA A100-SXM4-40GB MIG 4g.20gb (0),1,,13,[CUDA memset]
2047106102,146014,59237,,,,,,,,,,1.235,8456.897,Pinned,Device,NVIDIA A100-SXM4-40GB MIG 4g.20gb (0),1,,13,[CUDA memcpy Host-to-Device]
2047261716,32320,59238,,,,,,,,,,0.197,6083.052,Pinned,Device,NVIDIA A100-SXM4-40GB MIG 4g.20gb (0),1,,13,[CUDA memcpy Host-to-Device]
2047310451,8288,59239,69,4,1,48,1,1,76,0.002,0.000,,,,,NVIDIA A100-SXM4-40GB MIG 4g.20gb (0),1,,13,"void ch_est::windowedChEstPreNoDftSOfdmKernel<float, __half, float, (unsigned int)2, (unsigned int)1, (unsigned short)4>(ch_est::puschRxChEstStatDescr_t *, ch_est::puschRxChEstDynDescr_t *)"
2047334675,6784,59240,137,2,1,24,2,1,44,0.001,0.001,,,,,NVIDIA A100-SXM4-40GB MIG 4g.20gb (0),1,,13,"void ch_est::chEstFilterNoDftSOfdmDispatchKernel<float, __half, float, (unsigned int)2>(ch_est::puschRxChEstStatDescr_t *, ch_est::puschRxChEstDynDescr_t *)"
2047347155,4704,59241,137,2,1,24,2,1,44,0.001,0.001,,,,,NVIDIA A100-SXM4-40GB MIG 4g.20gb (0),1,,13,"void ch_est::chEstFilterNoDftSOfdmDispatchKernel<float, __half, float, (unsigned int)2>(ch_est::puschRxChEstStatDescr_t *, ch_est::puschRxChEstDynDescr_t *)"
2047359795,2528,59252,103,1,1,128,1,1,16,0.000,0.000,,,,,NVIDIA A100-SXM4-40GB MIG 4g.20gb (0),1,,13,cupy_copy__complex64_complex64
2047374771,12511,59262,1434,1,1,128,1,1,16,0.000,0.000,,,,,NVIDIA A100-SXM4-40GB MIG 4g.20gb (0),1,,13,cupy_copy__complex64_complex64
2047409682,2560,59269,103,1,1,128,1,1,16,0.000,0.000,,,,,NVIDIA A100-SXM4-40GB MIG 4g.20gb (0),1,,13,cupy_copy__complex64_complex64
2047425618,86687,59276,1,1,1,32,32,1,30,0.000,0.000,,,,,NVIDIA A100-SXM4-40GB MIG 4g.20gb (0),1,,13,"void convert_kernel<__half2, float2>(tensor_layout_any, T1 *, tensor_layout_any, const T2 *)"
2047547952,26208,59279,,,,,,,,,,0.094,3575.065,Pinned,Device,NVIDIA A100-SXM4-40GB MIG 4g.20gb (0),1,,13,[CUDA memcpy Host-to-Device]
2047596688,47359,59280,,,,,,,,,,35.810,756126.461,Device,,NVIDIA A100-SXM4-40GB MIG 4g.20gb (0),1,,13,[CUDA memset]
2047650895,4288,59282,,,,,,,,,,0.000,18.657,Pinned,Device,NVIDIA A100-SXM4-40GB MIG 4g.20gb (0),1,,13,[CUDA memcpy Host-to-Device]
2047664271,34464,59283,,,,,,,,,,0.197,5704.581,Pinned,Device,NVIDIA A100-SXM4-40GB MIG 4g.20gb (0),1,,13,[CUDA memcpy Host-to-Device]
2047713038,11168,59284,273,1,1,48,1,1,40,0.000,0.001,,,,,NVIDIA A100-SXM4-40GB MIG 4g.20gb (0),1,,13,"void pusch_noise_intf_est::noiseIntfEstNoDftSOfdmKernel<float, __half, float, float, (unsigned int)2, (unsigned int)1, (unsigned char)4, (unsigned char)4>(pusch_noise_intf_est::puschRxNoiseIntfEstDynDescr)"
2047726670,2656,59295,35,1,1,128,1,1,16,0.000,0.000,,,,,NVIDIA A100-SXM4-40GB MIG 4g.20gb (0),1,,13,cupy_copy__complex64_complex64
2047741518,1664,59304,1,1,1,1,1,1,18,0.000,0.000,,,,,NVIDIA A100-SXM4-40GB MIG 4g.20gb (0),1,,13,cupy_copy__float32_float32
2047748142,2336,59310,,,,,,,,,,0.000,1.712,Device,Pageable,NVIDIA A100-SXM4-40GB MIG 4g.20gb (0),1,,7,[CUDA memcpy Device-to-Host]
2047836365,12736,59321,1434,1,1,128,1,1,16,0.000,0.000,,,,,NVIDIA A100-SXM4-40GB MIG 4g.20gb (0),1,,13,cupy_copy__complex64_complex64
2047861901,2751,59328,103,1,1,128,1,1,16,0.000,0.000,,,,,NVIDIA A100-SXM4-40GB MIG 4g.20gb (0),1,,13,cupy_copy__complex64_complex64
2047882924,2528,59335,35,1,1,128,1,1,16,0.000,0.000,,,,,NVIDIA A100-SXM4-40GB MIG 4g.20gb (0),1,,13,cupy_copy__complex64_complex64
2047901196,1792,59342,1,1,1,1,1,1,18,0.000,0.000,,,,,NVIDIA A100-SXM4-40GB MIG 4g.20gb (0),1,,13,cupy_copy__float32_float32
2048029322,93119,59353,1,1,1,32,32,1,30,0.000,0.000,,,,,NVIDIA A100-SXM4-40GB MIG 4g.20gb (0),1,,13,"void convert_kernel<__half2, float2>(tensor_layout_any, T1 *, tensor_layout_any, const T2 *)"
2048153289,13856,59356,,,,,,,,,,0.094,6762.040,Pinned,Device,NVIDIA A100-SXM4-40GB MIG 4g.20gb (0),1,,13,[CUDA memcpy Host-to-Device]
2048176937,3456,59357,,,,,,,,,,1.547,447517.201,Device,,NVIDIA A100-SXM4-40GB MIG 4g.20gb (0),1,,13,[CUDA memset]
2048182185,3200,59362,,,,,,,,,,0.031,9780.000,Pinned,Device,NVIDIA A100-SXM4-40GB MIG 4g.20gb (0),1,,13,[CUDA memcpy Host-to-Device]
2048188872,16320,59363,,,,,,,,,,0.197,12046.959,Pinned,Device,NVIDIA A100-SXM4-40GB MIG 4g.20gb (0),1,,13,[CUDA memcpy Host-to-Device]
2048216904,8256,59364,273,1,1,8,4,1,39,0.002,0.000,,,,,NVIDIA A100-SXM4-40GB MIG 4g.20gb (0),1,,13,"void channel_eq::eqMmseCoefCompLowMimoKernel<float, float, float, (unsigned int)4, (unsigned int)1, (unsigned int)4>(const channel_eq::_puschRxChEqStatDescr *, channel_eq::_puschRxChEqCoefCompDynDescr)"
2048229960,5664,59365,273,1,1,12,11,1,51,0.002,0.000,,,,,NVIDIA A100-SXM4-40GB MIG 4g.20gb (0),1,,13,"void channel_eq::eqMmseSoftDemapKernel<float, __half, __half, float, (unsigned int)4, (unsigned short)16383>(channel_eq::_puschRxChEqStatDescr *, channel_eq::_puschRxChEqSoftDemapDynDescr)"
2048240296,282300,59366,1,1,1,32,32,1,30,0.000,0.000,,,,,NVIDIA A100-SXM4-40GB MIG 4g.20gb (0),1,,13,"void convert_kernel<float2, __half2>(tensor_layout_any, T1 *, tensor_layout_any, const T2 *)"
2048524196,11040,59378,2253,1,1,128,1,1,16,0.000,0.000,,,,,NVIDIA A100-SXM4-40GB MIG 4g.20gb (0),1,,13,cupy_copy__float16_float16
2048537156,3648,59387,282,1,1,128,1,1,16,0.000,0.000,,,,,NVIDIA A100-SXM4-40GB MIG 4g.20gb (0),1,,13,cupy_copy__complex64_complex64
2048542596,2240,59396,26,1,1,128,1,1,16,0.000,0.000,,,,,NVIDIA A100-SXM4-40GB MIG 4g.20gb (0),1,,13,cupy_copy__float32_float32
2048547396,3232,59405,103,1,1,128,1,1,16,0.000,0.000,,,,,NVIDIA A100-SXM4-40GB MIG 4g.20gb (0),1,,13,cupy_copy__complex64_complex64
2048552836,11968,59415,1434,1,1,128,1,1,16,0.000,0.000,,,,,NVIDIA A100-SXM4-40GB MIG 4g.20gb (0),1,,13,cupy_copy__complex64_complex64
2048567172,80607,59420,1,1,1,32,32,1,30,0.000,0.000,,,,,NVIDIA A100-SXM4-40GB MIG 4g.20gb (0),1,,13,"void convert_kernel<__half2, float2>(tensor_layout_any, T1 *, tensor_layout_any, const T2 *)"
2048677250,5792,59423,,,,,,,,,,0.094,16176.708,Pinned,Device,NVIDIA A100-SXM4-40GB MIG 4g.20gb (0),1,,13,[CUDA memcpy Host-to-Device]
2048687362,598233,59424,,,,,,,,,,456.561,762914.166,Device,,NVIDIA A100-SXM4-40GB MIG 4g.20gb (0),1,,13,[CUDA memset]
2049293371,116606,59429,,,,,,,,,,1.235,10589.645,Pinned,Device,NVIDIA A100-SXM4-40GB MIG 4g.20gb (0),1,,13,[CUDA memcpy Host-to-Device]
2049418009,28256,59430,,,,,,,,,,0.197,6957.957,Pinned,Device,NVIDIA A100-SXM4-40GB MIG 4g.20gb (0),1,,13,[CUDA memcpy Host-to-Device]
2049468729,8128,59431,69,4,1,48,1,1,76,0.002,0.000,,,,,NVIDIA A100-SXM4-40GB MIG 4g.20gb (0),1,,13,"void ch_est::windowedChEstPreNoDftSOfdmKernel<float, __half, float, (unsigned int)2, (unsigned int)1, (unsigned short)4>(ch_est::puschRxChEstStatDescr_t *, ch_est::puschRxChEstDynDescr_t *)"
2049481880,6592,59432,137,2,1,24,2,1,44,0.001,0.001,,,,,NVIDIA A100-SXM4-40GB MIG 4g.20gb (0),1,,13,"void ch_est::chEstFilterNoDftSOfdmDispatchKernel<float, __half, float, (unsigned int)2>(ch_est::puschRxChEstStatDescr_t *, ch_est::puschRxChEstDynDescr_t *)"
2049498104,4768,59433,137,2,1,24,2,1,44,0.001,0.001,,,,,NVIDIA A100-SXM4-40GB MIG 4g.20gb (0),1,,13,"void ch_est::chEstFilterNoDftSOfdmDispatchKernel<float, __half, float, (unsigned int)2>(ch_est::puschRxChEstStatDescr_t *, ch_est::puschRxChEstDynDescr_t *)"
2049514712,2720,59444,103,1,1,128,1,1,16,0.000,0.000,,,,,NVIDIA A100-SXM4-40GB MIG 4g.20gb (0),1,,13,cupy_copy__complex64_complex64
2049530040,12320,59454,1434,1,1,128,1,1,16,0.000,0.000,,,,,NVIDIA A100-SXM4-40GB MIG 4g.20gb (0),1,,13,cupy_copy__complex64_complex64
2049549048,2560,59461,103,1,1,128,1,1,16,0.000,0.000,,,,,NVIDIA A100-SXM4-40GB MIG 4g.20gb (0),1,,13,cupy_copy__complex64_complex64
2049568151,90687,59468,1,1,1,32,32,1,30,0.000,0.000,,,,,NVIDIA A100-SXM4-40GB MIG 4g.20gb (0),1,,13,"void convert_kernel<__half2, float2>(tensor_layout_any, T1 *, tensor_layout_any, const T2 *)"
2049693430,20704,59471,,,,,,,,,,0.094,4525.423,Pinned,Device,NVIDIA A100-SXM4-40GB MIG 4g.20gb (0),1,,13,[CUDA memcpy Host-to-Device]
2049738645,47296,59472,,,,,,,,,,35.810,757129.139,Device,,NVIDIA A100-SXM4-40GB MIG 4g.20gb (0),1,,13,[CUDA memset]
2049786613,15520,59474,,,,,,,,,,0.000,5.155,Pinned,Device,NVIDIA A100-SXM4-40GB MIG 4g.20gb (0),1,,13,[CUDA memcpy Host-to-Device]
2049812788,25024,59475,,,,,,,,,,0.197,7856.652,Pinned,Device,NVIDIA A100-SXM4-40GB MIG 4g.20gb (0),1,,13,[CUDA memcpy Host-to-Device]
2049861908,10208,59476,273,1,1,48,1,1,40,0.000,0.001,,,,,NVIDIA A100-SXM4-40GB MIG 4g.20gb (0),1,,13,"void pusch_noise_intf_est::noiseIntfEstNoDftSOfdmKernel<float, __half, float, float, (unsigned int)2, (unsigned int)1, (unsigned char)4, (unsigned char)4>(pusch_noise_intf_est::puschRxNoiseIntfEstDynDescr)"
2049885875,2688,59487,35,1,1,128,1,1,16,0.000,0.000,,,,,NVIDIA A100-SXM4-40GB MIG 4g.20gb (0),1,,13,cupy_copy__complex64_complex64
2049897171,1728,59496,1,1,1,1,1,1,18,0.000,0.000,,,,,NVIDIA A100-SXM4-40GB MIG 4g.20gb (0),1,,13,cupy_copy__float32_float32
2049904531,7008,59502,,,,,,,,,,0.000,0.571,Device,Pageable,NVIDIA A100-SXM4-40GB MIG 4g.20gb (0),1,,7,[CUDA memcpy Device-to-Host]
2049989042,13408,59513,1434,1,1,128,1,1,16,0.000,0.000,,,,,NVIDIA A100-SXM4-40GB MIG 4g.20gb (0),1,,13,cupy_copy__complex64_complex64
2050016658,2880,59520,103,1,1,128,1,1,16,0.000,0.000,,,,,NVIDIA A100-SXM4-40GB MIG 4g.20gb (0),1,,13,cupy_copy__complex64_complex64
2050034770,2560,59527,35,1,1,128,1,1,16,0.000,0.000,,,,,NVIDIA A100-SXM4-40GB MIG 4g.20gb (0),1,,13,cupy_copy__complex64_complex64
2050052593,2016,59534,1,1,1,1,1,1,18,0.000,0.000,,,,,NVIDIA A100-SXM4-40GB MIG 4g.20gb (0),1,,13,cupy_copy__float32_float32
2050181936,82463,59545,1,1,1,32,32,1,30,0.000,0.000,,,,,NVIDIA A100-SXM4-40GB MIG 4g.20gb (0),1,,13,"void convert_kernel<__half2, float2>(tensor_layout_any, T1 *, tensor_layout_any, const T2 *)"
2050291950,5632,59548,,,,,,,,,,0.094,16636.287,Pinned,Device,NVIDIA A100-SXM4-40GB MIG 4g.20gb (0),1,,13,[CUDA memcpy Host-to-Device]
2050307406,3392,59549,,,,,,,,,,1.547,455961.768,Device,,NVIDIA A100-SXM4-40GB MIG 4g.20gb (0),1,,13,[CUDA memset]
2050313582,3520,59554,,,,,,,,,,0.031,8890.881,Pinned,Device,NVIDIA A100-SXM4-40GB MIG 4g.20gb (0),1,,13,[CUDA memcpy Host-to-Device]
2050320238,9888,59555,,,,,,,,,,0.197,19883.360,Pinned,Device,NVIDIA A100-SXM4-40GB MIG 4g.20gb (0),1,,13,[CUDA memcpy Host-to-Device]
2050335694,6400,59556,273,1,1,8,4,1,39,0.002,0.000,,,,,NVIDIA A100-SXM4-40GB MIG 4g.20gb (0),1,,13,"void channel_eq::eqMmseCoefCompLowMimoKernel<float, float, float, (unsigned int)4, (unsigned int)1, (unsigned int)4>(const channel_eq::_puschRxChEqStatDescr *, channel_eq::_puschRxChEqCoefCompDynDescr)"
2050343182,7744,59557,273,1,1,12,11,1,51,0.002,0.000,,,,,NVIDIA A100-SXM4-40GB MIG 4g.20gb (0),1,,13,"void channel_eq::eqMmseSoftDemapKernel<float, __half, __half, float, (unsigned int)4, (unsigned short)16383>(channel_eq::_puschRxChEqStatDescr *, channel_eq::_puschRxChEqSoftDemapDynDescr)"
2050351950,282428,59558,1,1,1,32,32,1,30,0.000,0.000,,,,,NVIDIA A100-SXM4-40GB MIG 4g.20gb (0),1,,13,"void convert_kernel<float2, __half2>(tensor_layout_any, T1 *, tensor_layout_any, const T2 *)"
2050636106,11008,59570,2253,1,1,128,1,1,16,0.000,0.000,,,,,NVIDIA A100-SXM4-40GB MIG 4g.20gb (0),1,,13,cupy_copy__float16_float16
2050649738,3776,59579,282,1,1,128,1,1,16,0.000,0.000,,,,,NVIDIA A100-SXM4-40GB MIG 4g.20gb (0),1,,13,cupy_copy__complex64_complex64
2050655786,2240,59588,26,1,1,128,1,1,16,0.000,0.000,,,,,NVIDIA A100-SXM4-40GB MIG 4g.20gb (0),1,,13,cupy_copy__float32_float32
2050659242,3104,59597,103,1,1,128,1,1,16,0.000,0.000,,,,,NVIDIA A100-SXM4-40GB MIG 4g.20gb (0),1,,13,cupy_copy__complex64_complex64
2050663402,11808,59607,1434,1,1,128,1,1,16,0.000,0.000,,,,,NVIDIA A100-SXM4-40GB MIG 4g.20gb (0),1,,13,cupy_copy__complex64_complex64
2050683274,87807,59612,1,1,1,32,32,1,30,0.000,0.000,,,,,NVIDIA A100-SXM4-40GB MIG 4g.20gb (0),1,,13,"void convert_kernel<__half2, float2>(tensor_layout_any, T1 *, tensor_layout_any, const T2 *)"
2050798632,5536,59615,,,,,,,,,,0.094,16924.777,Pinned,Device,NVIDIA A100-SXM4-40GB MIG 4g.20gb (0),1,,13,[CUDA memcpy Host-to-Device]
2050808840,600313,59616,,,,,,,,,,456.561,760174.798,Device,,NVIDIA A100-SXM4-40GB MIG 4g.20gb (0),1,,13,[CUDA memset]
2051413185,81983,59621,,,,,,,,,,1.235,15062.612,Pinned,Device,NVIDIA A100-SXM4-40GB MIG 4g.20gb (0),1,,13,[CUDA memcpy Host-to-Device]
2051502528,18815,59622,,,,,,,,,,0.197,10449.519,Pinned,Device,NVIDIA A100-SXM4-40GB MIG 4g.20gb (0),1,,13,[CUDA memcpy Host-to-Device]
2051537151,8448,59623,69,4,1,48,1,1,76,0.002,0.000,,,,,NVIDIA A100-SXM4-40GB MIG 4g.20gb (0),1,,13,"void ch_est::windowedChEstPreNoDftSOfdmKernel<float, __half, float, (unsigned int)2, (unsigned int)1, (unsigned short)4>(ch_est::puschRxChEstStatDescr_t *, ch_est::puschRxChEstDynDescr_t *)"
2051553343,6592,59624,137,2,1,24,2,1,44,0.001,0.001,,,,,NVIDIA A100-SXM4-40GB MIG 4g.20gb (0),1,,13,"void ch_est::chEstFilterNoDftSOfdmDispatchKernel<float, __half, float, (unsigned int)2>(ch_est::puschRxChEstStatDescr_t *, ch_est::puschRxChEstDynDescr_t *)"
2051561439,4896,59625,137,2,1,24,2,1,44,0.001,0.001,,,,,NVIDIA A100-SXM4-40GB MIG 4g.20gb (0),1,,13,"void ch_est::chEstFilterNoDftSOfdmDispatchKernel<float, __half, float, (unsigned int)2>(ch_est::puschRxChEstStatDescr_t *, ch_est::puschRxChEstDynDescr_t *)"
2051569407,2528,59636,103,1,1,128,1,1,16,0.000,0.000,,,,,NVIDIA A100-SXM4-40GB MIG 4g.20gb (0),1,,13,cupy_copy__complex64_complex64
2051577503,12703,59646,1434,1,1,128,1,1,16,0.000,0.000,,,,,NVIDIA A100-SXM4-40GB MIG 4g.20gb (0),1,,13,cupy_copy__complex64_complex64
2051593214,2560,59653,103,1,1,128,1,1,16,0.000,0.000,,,,,NVIDIA A100-SXM4-40GB MIG 4g.20gb (0),1,,13,cupy_copy__complex64_complex64
2051602302,96447,59660,1,1,1,32,32,1,30,0.000,0.000,,,,,NVIDIA A100-SXM4-40GB MIG 4g.20gb (0),1,,13,"void convert_kernel<__half2, float2>(tensor_layout_any, T1 *, tensor_layout_any, const T2 *)"
2051728701,13440,59663,,,,,,,,,,0.094,6971.357,Pinned,Device,NVIDIA A100-SXM4-40GB MIG 4g.20gb (0),1,,13,[CUDA memcpy Host-to-Device]
2051746652,47136,59664,,,,,,,,,,35.810,759707.453,Device,,NVIDIA A100-SXM4-40GB MIG 4g.20gb (0),1,,13,[CUDA memset]
2051798908,6688,59666,,,,,,,,,,0.000,11.962,Pinned,Device,NVIDIA A100-SXM4-40GB MIG 4g.20gb (0),1,,13,[CUDA memcpy Host-to-Device]
2051813052,16991,59667,,,,,,,,,,0.197,11571.167,Pinned,Device,NVIDIA A100-SXM4-40GB MIG 4g.20gb (0),1,,13,[CUDA memcpy Host-to-Device]
2051842747,9216,59668,273,1,1,48,1,1,40,0.000,0.001,,,,,NVIDIA A100-SXM4-40GB MIG 4g.20gb (0),1,,13,"void pusch_noise_intf_est::noiseIntfEstNoDftSOfdmKernel<float, __half, float, float, (unsigned int)2, (unsigned int)1, (unsigned char)4, (unsigned char)4>(pusch_noise_intf_est::puschRxNoiseIntfEstDynDescr)"
2051860091,2592,59679,35,1,1,128,1,1,16,0.000,0.000,,,,,NVIDIA A100-SXM4-40GB MIG 4g.20gb (0),1,,13,cupy_copy__complex64_complex64
2051871547,1920,59688,1,1,1,1,1,1,18,0.000,0.000,,,,,NVIDIA A100-SXM4-40GB MIG 4g.20gb (0),1,,13,cupy_copy__float32_float32
2051887803,3360,59694,,,,,,,,,,0.000,1.190,Device,Pageable,NVIDIA A100-SXM4-40GB MIG 4g.20gb (0),1,,7,[CUDA memcpy Device-to-Host]
2051972794,12896,59705,1434,1,1,128,1,1,16,0.000,0.000,,,,,NVIDIA A100-SXM4-40GB MIG 4g.20gb (0),1,,13,cupy_copy__complex64_complex64
2051989049,3392,59712,103,1,1,128,1,1,16,0.000,0.000,,,,,NVIDIA A100-SXM4-40GB MIG 4g.20gb (0),1,,13,cupy_copy__complex64_complex64
2052011673,2656,59719,35,1,1,128,1,1,16,0.000,0.000,,,,,NVIDIA A100-SXM4-40GB MIG 4g.20gb (0),1,,13,cupy_copy__complex64_complex64
2052036025,1792,59726,1,1,1,1,1,1,18,0.000,0.000,,,,,NVIDIA A100-SXM4-40GB MIG 4g.20gb (0),1,,13,cupy_copy__float32_float32
2052158007,91103,59737,1,1,1,32,32,1,30,0.000,0.000,,,,,NVIDIA A100-SXM4-40GB MIG 4g.20gb (0),1,,13,"void convert_kernel<__half2, float2>(tensor_layout_any, T1 *, tensor_layout_any, const T2 *)"
2052276886,6080,59740,,,,,,,,,,0.094,15410.462,Pinned,Device,NVIDIA A100-SXM4-40GB MIG 4g.20gb (0),1,,13,[CUDA memcpy Host-to-Device]
2052291350,3328,59741,,,,,,,,,,1.547,464729.580,Device,,NVIDIA A100-SXM4-40GB MIG 4g.20gb (0),1,,13,[CUDA memset]
2052298422,3168,59746,,,,,,,,,,0.031,9878.770,Pinned,Device,NVIDIA A100-SXM4-40GB MIG 4g.20gb (0),1,,13,[CUDA memcpy Host-to-Device]
2052304246,9439,59747,,,,,,,,,,0.197,20829.241,Pinned,Device,NVIDIA A100-SXM4-40GB MIG 4g.20gb (0),1,,13,[CUDA memcpy Host-to-Device]
2052317685,7456,59748,273,1,1,8,4,1,39,0.002,0.000,,,,,NVIDIA A100-SXM4-40GB MIG 4g.20gb (0),1,,13,"void channel_eq::eqMmseCoefCompLowMimoKernel<float, float, float, (unsigned int)4, (unsigned int)1, (unsigned int)4>(const channel_eq::_puschRxChEqStatDescr *, channel_eq::_puschRxChEqCoefCompDynDescr)"
2052326741,5824,59749,273,1,1,12,11,1,51,0.002,0.000,,,,,NVIDIA A100-SXM4-40GB MIG 4g.20gb (0),1,,13,"void channel_eq::eqMmseSoftDemapKernel<float, __half, __half, float, (unsigned int)4, (unsigned short)16383>(channel_eq::_puschRxChEqStatDescr *, channel_eq::_puschRxChEqSoftDemapDynDescr)"
2052334805,283325,59750,1,1,1,32,32,1,30,0.000,0.000,,,,,NVIDIA A100-SXM4-40GB MIG 4g.20gb (0),1,,13,"void convert_kernel<float2, __half2>(tensor_layout_any, T1 *, tensor_layout_any, const T2 *)"
2052621330,10912,59762,2253,1,1,128,1,1,16,0.000,0.000,,,,,NVIDIA A100-SXM4-40GB MIG 4g.20gb (0),1,,13,cupy_copy__float16_float16
2052634866,3167,59771,282,1,1,128,1,1,16,0.000,0.000,,,,,NVIDIA A100-SXM4-40GB MIG 4g.20gb (0),1,,13,cupy_copy__complex64_complex64
2052640081,2112,59780,26,1,1,128,1,1,16,0.000,0.000,,,,,NVIDIA A100-SXM4-40GB MIG 4g.20gb (0),1,,13,cupy_copy__float32_float32
2052645361,5792,59789,103,1,1,128,1,1,16,0.000,0.000,,,,,NVIDIA A100-SXM4-40GB MIG 4g.20gb (0),1,,13,cupy_copy__complex64_complex64
2052652561,12480,59799,1434,1,1,128,1,1,16,0.000,0.000,,,,,NVIDIA A100-SXM4-40GB MIG 4g.20gb (0),1,,13,cupy_copy__complex64_complex64
2052671057,83263,59804,1,1,1,32,32,1,30,0.000,0.000,,,,,NVIDIA A100-SXM4-40GB MIG 4g.20gb (0),1,,13,"void convert_kernel<__half2, float2>(tensor_layout_any, T1 *, tensor_layout_any, const T2 *)"
2052781552,5600,59807,,,,,,,,,,0.094,16731.388,Pinned,Device,NVIDIA A100-SXM4-40GB MIG 4g.20gb (0),1,,13,[CUDA memcpy Host-to-Device]
2052791856,597752,59808,,,,,,,,,,456.561,763370.728,Device,,NVIDIA A100-SXM4-40GB MIG 4g.20gb (0),1,,13,[CUDA memset]
2053395624,134686,59813,,,,,,,,,,1.235,9168.224,Pinned,Device,NVIDIA A100-SXM4-40GB MIG 4g.20gb (0),1,,13,[CUDA memcpy Host-to-Device]
2053537926,27648,59814,,,,,,,,,,0.197,7110.918,Pinned,Device,NVIDIA A100-SXM4-40GB MIG 4g.20gb (0),1,,13,[CUDA memcpy Host-to-Device]
2053582982,8192,59815,69,4,1,48,1,1,76,0.002,0.000,,,,,NVIDIA A100-SXM4-40GB MIG 4g.20gb (0),1,,13,"void ch_est::windowedChEstPreNoDftSOfdmKernel<float, __half, float, (unsigned int)2, (unsigned int)1, (unsigned short)4>(ch_est::puschRxChEstStatDescr_t *, ch_est::puschRxChEstDynDescr_t *)"
2053597254,6912,59816,137,2,1,24,2,1,44,0.001,0.001,,,,,NVIDIA A100-SXM4-40GB MIG 4g.20gb (0),1,,13,"void ch_est::chEstFilterNoDftSOfdmDispatchKernel<float, __half, float, (unsigned int)2>(ch_est::puschRxChEstStatDescr_t *, ch_est::puschRxChEstDynDescr_t *)"
2053609637,5024,59817,137,2,1,24,2,1,44,0.001,0.001,,,,,NVIDIA A100-SXM4-40GB MIG 4g.20gb (0),1,,13,"void ch_est::chEstFilterNoDftSOfdmDispatchKernel<float, __half, float, (unsigned int)2>(ch_est::puschRxChEstStatDescr_t *, ch_est::puschRxChEstDynDescr_t *)"
2053618341,2656,59828,103,1,1,128,1,1,16,0.000,0.000,,,,,NVIDIA A100-SXM4-40GB MIG 4g.20gb (0),1,,13,cupy_copy__complex64_complex64
2053629477,12896,59838,1434,1,1,128,1,1,16,0.000,0.000,,,,,NVIDIA A100-SXM4-40GB MIG 4g.20gb (0),1,,13,cupy_copy__complex64_complex64
2053644389,2976,59845,103,1,1,128,1,1,16,0.000,0.000,,,,,NVIDIA A100-SXM4-40GB MIG 4g.20gb (0),1,,13,cupy_copy__complex64_complex64
2053652069,83999,59852,1,1,1,32,32,1,30,0.000,0.000,,,,,NVIDIA A100-SXM4-40GB MIG 4g.20gb (0),1,,13,"void convert_kernel<__half2, float2>(tensor_layout_any, T1 *, tensor_layout_any, const T2 *)"
2053763012,5823,59855,,,,,,,,,,0.094,16090.601,Pinned,Device,NVIDIA A100-SXM4-40GB MIG 4g.20gb (0),1,,13,[CUDA memcpy Host-to-Device]
2053774915,47136,59856,,,,,,,,,,35.810,759707.453,Device,,NVIDIA A100-SXM4-40GB MIG 4g.20gb (0),1,,13,[CUDA memset]
2053826723,3456,59858,,,,,,,,,,0.000,23.148,Pinned,Device,NVIDIA A100-SXM4-40GB MIG 4g.20gb (0),1,,13,[CUDA memcpy Host-to-Device]
2053836259,14495,59859,,,,,,,,,,0.197,13563.789,Pinned,Device,NVIDIA A100-SXM4-40GB MIG 4g.20gb (0),1,,13,[CUDA memcpy Host-to-Device]
2053858018,11360,59860,273,1,1,48,1,1,40,0.000,0.001,,,,,NVIDIA A100-SXM4-40GB MIG 4g.20gb (0),1,,13,"void pusch_noise_intf_est::noiseIntfEstNoDftSOfdmKernel<float, __half, float, float, (unsigned int)2, (unsigned int)1, (unsigned char)4, (unsigned char)4>(pusch_noise_intf_est::puschRxNoiseIntfEstDynDescr)"
2053872482,2944,59871,35,1,1,128,1,1,16,0.000,0.000,,,,,NVIDIA A100-SXM4-40GB MIG 4g.20gb (0),1,,13,cupy_copy__complex64_complex64
2053882946,1888,59880,1,1,1,1,1,1,18,0.000,0.000,,,,,NVIDIA A100-SXM4-40GB MIG 4g.20gb (0),1,,13,cupy_copy__float32_float32
2053917986,1600,59886,,,,,,,,,,0.000,2.500,Device,Pageable,NVIDIA A100-SXM4-40GB MIG 4g.20gb (0),1,,7,[CUDA memcpy Device-to-Host]
2053978273,12768,59897,1434,1,1,128,1,1,16,0.000,0.000,,,,,NVIDIA A100-SXM4-40GB MIG 4g.20gb (0),1,,13,cupy_copy__complex64_complex64
2054004641,3360,59904,103,1,1,128,1,1,16,0.000,0.000,,,,,NVIDIA A100-SXM4-40GB MIG 4g.20gb (0),1,,13,cupy_copy__complex64_complex64
2054024928,2176,59911,35,1,1,128,1,1,16,0.000,0.000,,,,,NVIDIA A100-SXM4-40GB MIG 4g.20gb (0),1,,13,cupy_copy__complex64_complex64
2054042784,2016,59918,1,1,1,1,1,1,18,0.000,0.000,,,,,NVIDIA A100-SXM4-40GB MIG 4g.20gb (0),1,,13,cupy_copy__float32_float32
2054174558,81983,59929,1,1,1,32,32,1,30,0.000,0.000,,,,,NVIDIA A100-SXM4-40GB MIG 4g.20gb (0),1,,13,"void convert_kernel<__half2, float2>(tensor_layout_any, T1 *, tensor_layout_any, const T2 *)"
2054283581,5696,59932,,,,,,,,,,0.094,16449.363,Pinned,Device,NVIDIA A100-SXM4-40GB MIG 4g.20gb (0),1,,13,[CUDA memcpy Host-to-Device]
2054298365,3712,59933,,,,,,,,,,1.547,416654.319,Device,,NVIDIA A100-SXM4-40GB MIG 4g.20gb (0),1,,13,[CUDA memset]
2054305597,3232,59938,,,,,,,,,,0.031,9683.139,Pinned,Device,NVIDIA A100-SXM4-40GB MIG 4g.20gb (0),1,,13,[CUDA memcpy Host-to-Device]
2054311357,9344,59939,,,,,,,,,,0.197,21040.988,Pinned,Device,NVIDIA A100-SXM4-40GB MIG 4g.20gb (0),1,,13,[CUDA memcpy Host-to-Device]
2054325213,6208,59940,273,1,1,8,4,1,39,0.002,0.000,,,,,NVIDIA A100-SXM4-40GB MIG 4g.20gb (0),1,,13,"void channel_eq::eqMmseCoefCompLowMimoKernel<float, float, float, (unsigned int)4, (unsigned int)1, (unsigned int)4>(const channel_eq::_puschRxChEqStatDescr *, channel_eq::_puschRxChEqCoefCompDynDescr)"
2054335676,6144,59941,273,1,1,12,11,1,51,0.002,0.000,,,,,NVIDIA A100-SXM4-40GB MIG 4g.20gb (0),1,,13,"void channel_eq::eqMmseSoftDemapKernel<float, __half, __half, float, (unsigned int)4, (unsigned short)16383>(channel_eq::_puschRxChEqStatDescr *, channel_eq::_puschRxChEqSoftDemapDynDescr)"
2054343516,282173,59942,1,1,1,32,32,1,30,0.000,0.000,,,,,NVIDIA A100-SXM4-40GB MIG 4g.20gb (0),1,,13,"void convert_kernel<float2, __half2>(tensor_layout_any, T1 *, tensor_layout_any, const T2 *)"
2054626905,10976,59954,2253,1,1,128,1,1,16,0.000,0.000,,,,,NVIDIA A100-SXM4-40GB MIG 4g.20gb (0),1,,13,cupy_copy__float16_float16
2054639545,3104,59963,282,1,1,128,1,1,16,0.000,0.000,,,,,NVIDIA A100-SXM4-40GB MIG 4g.20gb (0),1,,13,cupy_copy__complex64_complex64
2054645657,2432,59972,26,1,1,128,1,1,16,0.000,0.000,,,,,NVIDIA A100-SXM4-40GB MIG 4g.20gb (0),1,,13,cupy_copy__float32_float32
2054649177,2944,59981,103,1,1,128,1,1,16,0.000,0.000,,,,,NVIDIA A100-SXM4-40GB MIG 4g.20gb (0),1,,13,cupy_copy__complex64_complex64
2054654233,12159,59991,1434,1,1,128,1,1,16,0.000,0.000,,,,,NVIDIA A100-SXM4-40GB MIG 4g.20gb (0),1,,13,cupy_copy__complex64_complex64
2054676152,87519,59996,1,1,1,32,32,1,30,0.000,0.000,,,,,NVIDIA A100-SXM4-40GB MIG 4g.20gb (0),1,,13,"void convert_kernel<__half2, float2>(tensor_layout_any, T1 *, tensor_layout_any, const T2 *)"
2054790647,5472,59999,,,,,,,,,,0.094,17122.757,Pinned,Device,NVIDIA A100-SXM4-40GB MIG 4g.20gb (0),1,,13,[CUDA memcpy Host-to-Device]
2054801079,597496,60000,,,,,,,,,,456.561,763827.289,Device,,NVIDIA A100-SXM4-40GB MIG 4g.20gb (0),1,,13,[CUDA memset]
2055402575,148126,60005,,,,,,,,,,1.235,8337.107,Pinned,Device,NVIDIA A100-SXM4-40GB MIG 4g.20gb (0),1,,13,[CUDA memcpy Host-to-Device]
2055567213,39456,60006,,,,,,,,,,0.197,4982.833,Pinned,Device,NVIDIA A100-SXM4-40GB MIG 4g.20gb (0),1,,13,[CUDA memcpy Host-to-Device]
2055626509,8127,60007,69,4,1,48,1,1,76,0.002,0.000,,,,,NVIDIA A100-SXM4-40GB MIG 4g.20gb (0),1,,13,"void ch_est::windowedChEstPreNoDftSOfdmKernel<float, __half, float, (unsigned int)2, (unsigned int)1, (unsigned short)4>(ch_est::puschRxChEstStatDescr_t *, ch_est::puschRxChEstDynDescr_t *)"
2055644332,6336,60008,137,2,1,24,2,1,44,0.001,0.001,,,,,NVIDIA A100-SXM4-40GB MIG 4g.20gb (0),1,,13,"void ch_est::chEstFilterNoDftSOfdmDispatchKernel<float, __half, float, (unsigned int)2>(ch_est::puschRxChEstStatDescr_t *, ch_est::puschRxChEstDynDescr_t *)"
2055661260,4736,60009,137,2,1,24,2,1,44,0.001,0.001,,,,,NVIDIA A100-SXM4-40GB MIG 4g.20gb (0),1,,13,"void ch_est::chEstFilterNoDftSOfdmDispatchKernel<float, __half, float, (unsigned int)2>(ch_est::puschRxChEstStatDescr_t *, ch_est::puschRxChEstDynDescr_t *)"
2055677868,2496,60020,103,1,1,128,1,1,16,0.000,0.000,,,,,NVIDIA A100-SXM4-40GB MIG 4g.20gb (0),1,,13,cupy_copy__complex64_complex64
2055696844,12480,60030,1434,1,1,128,1,1,16,0.000,0.000,,,,,NVIDIA A100-SXM4-40GB MIG 4g.20gb (0),1,,13,cupy_copy__complex64_complex64
2055715563,2912,60037,103,1,1,128,1,1,16,0.000,0.000,,,,,NVIDIA A100-SXM4-40GB MIG 4g.20gb (0),1,,13,cupy_copy__complex64_complex64
2055739243,91455,60044,1,1,1,32,32,1,30,0.000,0.000,,,,,NVIDIA A100-SXM4-40GB MIG 4g.20gb (0),1,,13,"void convert_kernel<__half2, float2>(tensor_layout_any, T1 *, tensor_layout_any, const T2 *)"
2055861642,10943,60047,,,,,,,,,,0.094,8562.128,Pinned,Device,NVIDIA A100-SXM4-40GB MIG 4g.20gb (0),1,,13,[CUDA memcpy Host-to-Device]
2055888553,47104,60048,,,,,,,,,,35.810,760208.792,Device,,NVIDIA A100-SXM4-40GB MIG 4g.20gb (0),1,,13,[CUDA memset]
2055943305,2400,60050,,,,,,,,,,0.000,33.333,Pinned,Device,NVIDIA A100-SXM4-40GB MIG 4g.20gb (0),1,,13,[CUDA memcpy Host-to-Device]
2055950249,11039,60051,,,,,,,,,,0.197,17810.129,Pinned,Device,NVIDIA A100-SXM4-40GB MIG 4g.20gb (0),1,,13,[CUDA memcpy Host-to-Device]
2055969928,10304,60052,273,1,1,48,1,1,40,0.000,0.001,,,,,NVIDIA A100-SXM4-40GB MIG 4g.20gb (0),1,,13,"void pusch_noise_intf_est::noiseIntfEstNoDftSOfdmKernel<float, __half, float, float, (unsigned int)2, (unsigned int)1, (unsigned char)4, (unsigned char)4>(pusch_noise_intf_est::puschRxNoiseIntfEstDynDescr)"
2055984232,2656,60063,35,1,1,128,1,1,16,0.000,0.000,,,,,NVIDIA A100-SXM4-40GB MIG 4g.20gb (0),1,,13,cupy_copy__complex64_complex64
2055992296,2016,60072,1,1,1,1,1,1,18,0.000,0.000,,,,,NVIDIA A100-SXM4-40GB MIG 4g.20gb (0),1,,13,cupy_copy__float32_float32
2056014856,1600,60078,,,,,,,,,,0.000,2.500,Device,Pageable,NVIDIA A100-SXM4-40GB MIG 4g.20gb (0),1,,7,[CUDA memcpy Device-to-Host]
2056074759,12800,60089,1434,1,1,128,1,1,16,0.000,0.000,,,,,NVIDIA A100-SXM4-40GB MIG 4g.20gb (0),1,,13,cupy_copy__complex64_complex64
2056101127,3552,60096,103,1,1,128,1,1,16,0.000,0.000,,,,,NVIDIA A100-SXM4-40GB MIG 4g.20gb (0),1,,13,cupy_copy__complex64_complex64
2056123046,2528,60103,35,1,1,128,1,1,16,0.000,0.000,,,,,NVIDIA A100-SXM4-40GB MIG 4g.20gb (0),1,,13,cupy_copy__complex64_complex64
2056140230,1760,60110,1,1,1,1,1,1,18,0.000,0.000,,,,,NVIDIA A100-SXM4-40GB MIG 4g.20gb (0),1,,13,cupy_copy__float32_float32
2056271621,82527,60121,1,1,1,32,32,1,30,0.000,0.000,,,,,NVIDIA A100-SXM4-40GB MIG 4g.20gb (0),1,,13,"void convert_kernel<__half2, float2>(tensor_layout_any, T1 *, tensor_layout_any, const T2 *)"
2056381955,5760,60124,,,,,,,,,,0.094,16266.656,Pinned,Device,NVIDIA A100-SXM4-40GB MIG 4g.20gb (0),1,,13,[CUDA memcpy Host-to-Device]
2056396195,3392,60125,,,,,,,,,,1.547,455961.768,Device,,NVIDIA A100-SXM4-40GB MIG 4g.20gb (0),1,,13,[CUDA memset]
2056403011,3808,60130,,,,,,,,,,0.031,8218.486,Pinned,Device,NVIDIA A100-SXM4-40GB MIG 4g.20gb (0),1,,13,[CUDA memcpy Host-to-Device]
2056409571,9632,60131,,,,,,,,,,0.197,20411.843,Pinned,Device,NVIDIA A100-SXM4-40GB MIG 4g.20gb (0),1,,13,[CUDA memcpy Host-to-Device]
2056424963,6304,60132,273,1,1,8,4,1,39,0.002,0.000,,,,,NVIDIA A100-SXM4-40GB MIG 4g.20gb (0),1,,13,"void channel_eq::eqMmseCoefCompLowMimoKernel<float, float, float, (unsigned int)4, (unsigned int)1, (unsigned int)4>(const channel_eq::_puschRxChEqStatDescr *, channel_eq::_puschRxChEqCoefCompDynDescr)"
2056432291,6463,60133,273,1,1,12,11,1,51,0.002,0.000,,,,,NVIDIA A100-SXM4-40GB MIG 4g.20gb (0),1,,13,"void channel_eq::eqMmseSoftDemapKernel<float, __half, __half, float, (unsigned int)4, (unsigned short)16383>(channel_eq::_puschRxChEqStatDescr *, channel_eq::_puschRxChEqSoftDemapDynDescr)"
2056441026,294653,60134,1,1,1,32,32,1,30,0.000,0.000,,,,,NVIDIA A100-SXM4-40GB MIG 4g.20gb (0),1,,13,"void convert_kernel<float2, __half2>(tensor_layout_any, T1 *, tensor_layout_any, const T2 *)"
2056737311,10848,60146,2253,1,1,128,1,1,16,0.000,0.000,,,,,NVIDIA A100-SXM4-40GB MIG 4g.20gb (0),1,,13,cupy_copy__float16_float16
2056752223,3616,60155,282,1,1,128,1,1,16,0.000,0.000,,,,,NVIDIA A100-SXM4-40GB MIG 4g.20gb (0),1,,13,cupy_copy__complex64_complex64
2056757503,2176,60164,26,1,1,128,1,1,16,0.000,0.000,,,,,NVIDIA A100-SXM4-40GB MIG 4g.20gb (0),1,,13,cupy_copy__float32_float32
2056760735,2879,60173,103,1,1,128,1,1,16,0.000,0.000,,,,,NVIDIA A100-SXM4-40GB MIG 4g.20gb (0),1,,13,cupy_copy__complex64_complex64
2056766846,12192,60183,1434,1,1,128,1,1,16,0.000,0.000,,,,,NVIDIA A100-SXM4-40GB MIG 4g.20gb (0),1,,13,cupy_copy__complex64_complex64
2056783518,80383,60188,1,1,1,32,32,1,30,0.000,0.000,,,,,NVIDIA A100-SXM4-40GB MIG 4g.20gb (0),1,,13,"void convert_kernel<__half2, float2>(tensor_layout_any, T1 *, tensor_layout_any, const T2 *)"
2056890941,5696,60191,,,,,,,,,,0.094,16449.363,Pinned,Device,NVIDIA A100-SXM4-40GB MIG 4g.20gb (0),1,,13,[CUDA memcpy Host-to-Device]
2056900701,596664,60192,,,,,,,,,,456.561,764740.412,Device,,NVIDIA A100-SXM4-40GB MIG 4g.20gb (0),1,,13,[CUDA memset]
2057509973,190462,60197,,,,,,,,,,1.235,6483.456,Pinned,Device,NVIDIA A100-SXM4-40GB MIG 4g.20gb (0),1,,13,[CUDA memcpy Host-to-Device]
2057713587,40063,60198,,,,,,,,,,0.197,4907.336,Pinned,Device,NVIDIA A100-SXM4-40GB MIG 4g.20gb (0),1,,13,[CUDA memcpy Host-to-Device]
2057775794,8224,60199,69,4,1,48,1,1,76,0.002,0.000,,,,,NVIDIA A100-SXM4-40GB MIG 4g.20gb (0),1,,13,"void ch_est::windowedChEstPreNoDftSOfdmKernel<float, __half, float, (unsigned int)2, (unsigned int)1, (unsigned short)4>(ch_est::puschRxChEstStatDescr_t *, ch_est::puschRxChEstDynDescr_t *)"
2057793682,6592,60200,137,2,1,24,2,1,44,0.001,0.001,,,,,NVIDIA A100-SXM4-40GB MIG 4g.20gb (0),1,,13,"void ch_est::chEstFilterNoDftSOfdmDispatchKernel<float, __half, float, (unsigned int)2>(ch_est::puschRxChEstStatDescr_t *, ch_est::puschRxChEstDynDescr_t *)"
2057810962,4735,60201,137,2,1,24,2,1,44,0.001,0.001,,,,,NVIDIA A100-SXM4-40GB MIG 4g.20gb (0),1,,13,"void ch_est::chEstFilterNoDftSOfdmDispatchKernel<float, __half, float, (unsigned int)2>(ch_est::puschRxChEstStatDescr_t *, ch_est::puschRxChEstDynDescr_t *)"
2057827121,2752,60212,103,1,1,128,1,1,16,0.000,0.000,,,,,NVIDIA A100-SXM4-40GB MIG 4g.20gb (0),1,,13,cupy_copy__complex64_complex64
2057844305,12352,60222,1434,1,1,128,1,1,16,0.000,0.000,,,,,NVIDIA A100-SXM4-40GB MIG 4g.20gb (0),1,,13,cupy_copy__complex64_complex64
2057864465,2912,60229,103,1,1,128,1,1,16,0.000,0.000,,,,,NVIDIA A100-SXM4-40GB MIG 4g.20gb (0),1,,13,cupy_copy__complex64_complex64
2057889617,86046,60236,1,1,1,32,32,1,30,0.000,0.000,,,,,NVIDIA A100-SXM4-40GB MIG 4g.20gb (0),1,,13,"void convert_kernel<__half2, float2>(tensor_layout_any, T1 *, tensor_layout_any, const T2 *)"
2058006799,32096,60239,,,,,,,,,,0.094,2919.193,Pinned,Device,NVIDIA A100-SXM4-40GB MIG 4g.20gb (0),1,,13,[CUDA memcpy Host-to-Device]
2058063886,46944,60240,,,,,,,,,,35.810,762787.106,Device,,NVIDIA A100-SXM4-40GB MIG 4g.20gb (0),1,,13,[CUDA memset]
2058119918,15360,60242,,,,,,,,,,0.000,5.208,Pinned,Device,NVIDIA A100-SXM4-40GB MIG 4g.20gb (0),1,,13,[CUDA memcpy Host-to-Device]
2058146925,37824,60243,,,,,,,,,,0.197,5197.922,Pinned,Device,NVIDIA A100-SXM4-40GB MIG 4g.20gb (0),1,,13,[CUDA memcpy Host-to-Device]
2058207053,9696,60244,273,1,1,48,1,1,40,0.000,0.001,,,,,NVIDIA A100-SXM4-40GB MIG 4g.20gb (0),1,,13,"void pusch_noise_intf_est::noiseIntfEstNoDftSOfdmKernel<float, __half, float, float, (unsigned int)2, (unsigned int)1, (unsigned char)4, (unsigned char)4>(pusch_noise_intf_est::puschRxNoiseIntfEstDynDescr)"
2058220780,2592,60255,35,1,1,128,1,1,16,0.000,0.000,,,,,NVIDIA A100-SXM4-40GB MIG 4g.20gb (0),1,,13,cupy_copy__complex64_complex64
2058235884,1728,60264,1,1,1,1,1,1,18,0.000,0.000,,,,,NVIDIA A100-SXM4-40GB MIG 4g.20gb (0),1,,13,cupy_copy__float32_float32
2058239884,5088,60270,,,,,,,,,,0.000,0.786,Device,Pageable,NVIDIA A100-SXM4-40GB MIG 4g.20gb (0),1,,7,[CUDA memcpy Device-to-Host]
2058324075,13152,60281,1434,1,1,128,1,1,16,0.000,0.000,,,,,NVIDIA A100-SXM4-40GB MIG 4g.20gb (0),1,,13,cupy_copy__complex64_complex64
2058348715,3040,60288,103,1,1,128,1,1,16,0.000,0.000,,,,,NVIDIA A100-SXM4-40GB MIG 4g.20gb (0),1,,13,cupy_copy__complex64_complex64
2058365355,2560,60295,35,1,1,128,1,1,16,0.000,0.000,,,,,NVIDIA A100-SXM4-40GB MIG 4g.20gb (0),1,,13,cupy_copy__complex64_complex64
2058384906,1920,60302,1,1,1,1,1,1,18,0.000,0.000,,,,,NVIDIA A100-SXM4-40GB MIG 4g.20gb (0),1,,13,cupy_copy__float32_float32
2058511145,82431,60313,1,1,1,32,32,1,30,0.000,0.000,,,,,NVIDIA A100-SXM4-40GB MIG 4g.20gb (0),1,,13,"void convert_kernel<__half2, float2>(tensor_layout_any, T1 *, tensor_layout_any, const T2 *)"
2058622183,5440,60316,,,,,,,,,,0.094,17223.480,Pinned,Device,NVIDIA A100-SXM4-40GB MIG 4g.20gb (0),1,,13,[CUDA memcpy Host-to-Device]
2058635463,3328,60317,,,,,,,,,,1.547,464729.580,Device,,NVIDIA A100-SXM4-40GB MIG 4g.20gb (0),1,,13,[CUDA memset]
2058642631,3136,60322,,,,,,,,,,0.031,9979.575,Pinned,Device,NVIDIA A100-SXM4-40GB MIG 4g.20gb (0),1,,13,[CUDA memcpy Host-to-Device]
2058648199,9344,60323,,,,,,,,,,0.197,21040.988,Pinned,Device,NVIDIA A100-SXM4-40GB MIG 4g.20gb (0),1,,13,[CUDA memcpy Host-to-Device]
2058663943,6144,60324,273,1,1,8,4,1,39,0.002,0.000,,,,,NVIDIA A100-SXM4-40GB MIG 4g.20gb (0),1,,13,"void channel_eq::eqMmseCoefCompLowMimoKernel<float, float, float, (unsigned int)4, (unsigned int)1, (unsigned int)4>(const channel_eq::_puschRxChEqStatDescr *, channel_eq::_puschRxChEqCoefCompDynDescr)"
2058671079,6336,60325,273,1,1,12,11,1,51,0.002,0.000,,,,,NVIDIA A100-SXM4-40GB MIG 4g.20gb (0),1,,13,"void channel_eq::eqMmseSoftDemapKernel<float, __half, __half, float, (unsigned int)4, (unsigned short)16383>(channel_eq::_puschRxChEqStatDescr *, channel_eq::_puschRxChEqSoftDemapDynDescr)"
2058680967,282460,60326,1,1,1,32,32,1,30,0.000,0.000,,,,,NVIDIA A100-SXM4-40GB MIG 4g.20gb (0),1,,13,"void convert_kernel<float2, __half2>(tensor_layout_any, T1 *, tensor_layout_any, const T2 *)"
2058965091,11136,60338,2253,1,1,128,1,1,16,0.000,0.000,,,,,NVIDIA A100-SXM4-40GB MIG 4g.20gb (0),1,,13,cupy_copy__float16_float16
2058978147,2688,60347,282,1,1,128,1,1,16,0.000,0.000,,,,,NVIDIA A100-SXM4-40GB MIG 4g.20gb (0),1,,13,cupy_copy__complex64_complex64
2058984099,2144,60356,26,1,1,128,1,1,16,0.000,0.000,,,,,NVIDIA A100-SXM4-40GB MIG 4g.20gb (0),1,,13,cupy_copy__float32_float32
2058988131,6784,60365,103,1,1,128,1,1,16,0.000,0.000,,,,,NVIDIA A100-SXM4-40GB MIG 4g.20gb (0),1,,13,cupy_copy__complex64_complex64
2058998563,11904,60375,1434,1,1,128,1,1,16,0.000,0.000,,,,,NVIDIA A100-SXM4-40GB MIG 4g.20gb (0),1,,13,cupy_copy__complex64_complex64
2059025283,82302,60380,1,1,1,32,32,1,30,0.000,0.000,,,,,NVIDIA A100-SXM4-40GB MIG 4g.20gb (0),1,,13,"void convert_kernel<__half2, float2>(tensor_layout_any, T1 *, tensor_layout_any, const T2 *)"
2059134753,5760,60383,,,,,,,,,,0.094,16266.656,Pinned,Device,NVIDIA A100-SXM4-40GB MIG 4g.20gb (0),1,,13,[CUDA memcpy Host-to-Device]
2059145665,598905,60384,,,,,,,,,,456.561,762001.043,Device,,NVIDIA A100-SXM4-40GB MIG 4g.20gb (0),1,,13,[CUDA memset]
2059748442,74623,60389,,,,,,,,,,1.235,16548.250,Pinned,Device,NVIDIA A100-SXM4-40GB MIG 4g.20gb (0),1,,13,[CUDA memcpy Host-to-Device]
2059825913,17183,60390,,,,,,,,,,0.197,11441.996,Pinned,Device,NVIDIA A100-SXM4-40GB MIG 4g.20gb (0),1,,13,[CUDA memcpy Host-to-Device]
2059854136,8832,60391,69,4,1,48,1,1,76,0.002,0.000,,,,,NVIDIA A100-SXM4-40GB MIG 4g.20gb (0),1,,13,"void ch_est::windowedChEstPreNoDftSOfdmKernel<float, __half, float, (unsigned int)2, (unsigned int)1, (unsigned short)4>(ch_est::puschRxChEstStatDescr_t *, ch_est::puschRxChEstDynDescr_t *)"
2059875256,7328,60392,137,2,1,24,2,1,44,0.001,0.001,,,,,NVIDIA A100-SXM4-40GB MIG 4g.20gb (0),1,,13,"void ch_est::chEstFilterNoDftSOfdmDispatchKernel<float, __half, float, (unsigned int)2>(ch_est::puschRxChEstStatDescr_t *, ch_est::puschRxChEstDynDescr_t *)"
2059889464,5312,60393,137,2,1,24,2,1,44,0.001,0.001,,,,,NVIDIA A100-SXM4-40GB MIG 4g.20gb (0),1,,13,"void ch_est::chEstFilterNoDftSOfdmDispatchKernel<float, __half, float, (unsigned int)2>(ch_est::puschRxChEstStatDescr_t *, ch_est::puschRxChEstDynDescr_t *)"
2059902008,3008,60404,103,1,1,128,1,1,16,0.000,0.000,,,,,NVIDIA A100-SXM4-40GB MIG 4g.20gb (0),1,,13,cupy_copy__complex64_complex64
2059914648,12831,60414,1434,1,1,128,1,1,16,0.000,0.000,,,,,NVIDIA A100-SXM4-40GB MIG 4g.20gb (0),1,,13,cupy_copy__complex64_complex64
2059930135,2688,60421,103,1,1,128,1,1,16,0.000,0.000,,,,,NVIDIA A100-SXM4-40GB MIG 4g.20gb (0),1,,13,cupy_copy__complex64_complex64
2059944151,88095,60428,1,1,1,32,32,1,30,0.000,0.000,,,,,NVIDIA A100-SXM4-40GB MIG 4g.20gb (0),1,,13,"void convert_kernel<__half2, float2>(tensor_layout_any, T1 *, tensor_layout_any, const T2 *)"
2060060246,9952,60431,,,,,,,,,,0.094,9414.761,Pinned,Device,NVIDIA A100-SXM4-40GB MIG 4g.20gb (0),1,,13,[CUDA memcpy Host-to-Device]
2060079413,47392,60432,,,,,,,,,,35.810,755589.312,Device,,NVIDIA A100-SXM4-40GB MIG 4g.20gb (0),1,,13,[CUDA memset]
2060129589,9024,60434,,,,,,,,,,0.000,8.865,Pinned,Device,NVIDIA A100-SXM4-40GB MIG 4g.20gb (0),1,,13,[CUDA memcpy Host-to-Device]
2060145973,18399,60435,,,,,,,,,,0.197,10685.645,Pinned,Device,NVIDIA A100-SXM4-40GB MIG 4g.20gb (0),1,,13,[CUDA memcpy Host-to-Device]
2060183412,9504,60436,273,1,1,48,1,1,40,0.000,0.001,,,,,NVIDIA A100-SXM4-40GB MIG 4g.20gb (0),1,,13,"void pusch_noise_intf_est::noiseIntfEstNoDftSOfdmKernel<float, __half, float, float, (unsigned int)2, (unsigned int)1, (unsigned char)4, (unsigned char)4>(pusch_noise_intf_est::puschRxNoiseIntfEstDynDescr)"
2060209428,2752,60447,35,1,1,128,1,1,16,0.000,0.000,,,,,NVIDIA A100-SXM4-40GB MIG 4g.20gb (0),1,,13,cupy_copy__complex64_complex64
2060223284,1664,60456,1,1,1,1,1,1,18,0.000,0.000,,,,,NVIDIA A100-SXM4-40GB MIG 4g.20gb (0),1,,13,cupy_copy__float32_float32
2060231604,5472,60462,,,,,,,,,,0.000,0.731,Device,Pageable,NVIDIA A100-SXM4-40GB MIG 4g.20gb (0),1,,7,[CUDA memcpy Device-to-Host]
2060324402,12512,60473,1434,1,1,128,1,1,16,0.000,0.000,,,,,NVIDIA A100-SXM4-40GB MIG 4g.20gb (0),1,,13,cupy_copy__complex64_complex64
2060345010,3360,60480,103,1,1,128,1,1,16,0.000,0.000,,,,,NVIDIA A100-SXM4-40GB MIG 4g.20gb (0),1,,13,cupy_copy__complex64_complex64
2060375602,2560,60487,35,1,1,128,1,1,16,0.000,0.000,,,,,NVIDIA A100-SXM4-40GB MIG 4g.20gb (0),1,,13,cupy_copy__complex64_complex64
2060393170,1664,60494,1,1,1,1,1,1,18,0.000,0.000,,,,,NVIDIA A100-SXM4-40GB MIG 4g.20gb (0),1,,13,cupy_copy__float32_float32
2060513648,87583,60505,1,1,1,32,32,1,30,0.000,0.000,,,,,NVIDIA A100-SXM4-40GB MIG 4g.20gb (0),1,,13,"void convert_kernel<__half2, float2>(tensor_layout_any, T1 *, tensor_layout_any, const T2 *)"
2060637327,13695,60508,,,,,,,,,,0.094,6841.588,Pinned,Device,NVIDIA A100-SXM4-40GB MIG 4g.20gb (0),1,,13,[CUDA memcpy Host-to-Device]
2060663246,3200,60509,,,,,,,,,,1.547,483320.000,Device,,NVIDIA A100-SXM4-40GB MIG 4g.20gb (0),1,,13,[CUDA memset]
2060673102,6240,60514,,,,,,,,,,0.031,5015.372,Pinned,Device,NVIDIA A100-SXM4-40GB MIG 4g.20gb (0),1,,13,[CUDA memcpy Host-to-Device]
2060685966,15232,60515,,,,,,,,,,0.197,12907.512,Pinned,Device,NVIDIA A100-SXM4-40GB MIG 4g.20gb (0),1,,13,[CUDA memcpy Host-to-Device]
2060711886,6560,60516,273,1,1,8,4,1,39,0.002,0.000,,,,,NVIDIA A100-SXM4-40GB MIG 4g.20gb (0),1,,13,"void channel_eq::eqMmseCoefCompLowMimoKernel<float, float, float, (unsigned int)4, (unsigned int)1, (unsigned int)4>(const channel_eq::_puschRxChEqStatDescr *, channel_eq::_puschRxChEqCoefCompDynDescr)"
2060723374,6111,60517,273,1,1,12,11,1,51,0.002,0.000,,,,,NVIDIA A100-SXM4-40GB MIG 4g.20gb (0),1,,13,"void channel_eq::eqMmseSoftDemapKernel<float, __half, __half, float, (unsigned int)4, (unsigned short)16383>(channel_eq::_puschRxChEqStatDescr *, channel_eq::_puschRxChEqSoftDemapDynDescr)"
2060733197,282653,60518,1,1,1,32,32,1,30,0.000,0.000,,,,,NVIDIA A100-SXM4-40GB MIG 4g.20gb (0),1,,13,"void convert_kernel<float2, __half2>(tensor_layout_any, T1 *, tensor_layout_any, const T2 *)"
2061017354,10976,60530,2253,1,1,128,1,1,16,0.000,0.000,,,,,NVIDIA A100-SXM4-40GB MIG 4g.20gb (0),1,,13,cupy_copy__float16_float16
2061033194,2848,60539,282,1,1,128,1,1,16,0.000,0.000,,,,,NVIDIA A100-SXM4-40GB MIG 4g.20gb (0),1,,13,cupy_copy__complex64_complex64
2061037898,2176,60548,26,1,1,128,1,1,16,0.000,0.000,,,,,NVIDIA A100-SXM4-40GB MIG 4g.20gb (0),1,,13,cupy_copy__float32_float32
2061041258,4608,60557,103,1,1,128,1,1,16,0.000,0.000,,,,,NVIDIA A100-SXM4-40GB MIG 4g.20gb (0),1,,13,cupy_copy__complex64_complex64
2061046922,12191,60567,1434,1,1,128,1,1,16,0.000,0.000,,,,,NVIDIA A100-SXM4-40GB MIG 4g.20gb (0),1,,13,cupy_copy__complex64_complex64
2061062889,81503,60572,1,1,1,32,32,1,30,0.000,0.000,,,,,NVIDIA A100-SXM4-40GB MIG 4g.20gb (0),1,,13,"void convert_kernel<__half2, float2>(tensor_layout_any, T1 *, tensor_layout_any, const T2 *)"
2061172232,5344,60575,,,,,,,,,,0.094,17532.864,Pinned,Device,NVIDIA A100-SXM4-40GB MIG 4g.20gb (0),1,,13,[CUDA memcpy Host-to-Device]
2061182792,597912,60576,,,,,,,,,,456.561,763370.728,Device,,NVIDIA A100-SXM4-40GB MIG 4g.20gb (0),1,,13,[CUDA memset]
2061786880,133727,60581,,,,,,,,,,1.235,9233.676,Pinned,Device,NVIDIA A100-SXM4-40GB MIG 4g.20gb (0),1,,13,[CUDA memcpy Host-to-Device]
2061930175,21599,60582,,,,,,,,,,0.197,9102.557,Pinned,Device,NVIDIA A100-SXM4-40GB MIG 4g.20gb (0),1,,13,[CUDA memcpy Host-to-Device]
2061970782,8896,60583,69,4,1,48,1,1,76,0.002,0.000,,,,,NVIDIA A100-SXM4-40GB MIG 4g.20gb (0),1,,13,"void ch_est::windowedChEstPreNoDftSOfdmKernel<float, __half, float, (unsigned int)2, (unsigned int)1, (unsigned short)4>(ch_est::puschRxChEstStatDescr_t *, ch_est::puschRxChEstDynDescr_t *)"
2061987934,6752,60584,137,2,1,24,2,1,44,0.001,0.001,,,,,NVIDIA A100-SXM4-40GB MIG 4g.20gb (0),1,,13,"void ch_est::chEstFilterNoDftSOfdmDispatchKernel<float, __half, float, (unsigned int)2>(ch_est::puschRxChEstStatDescr_t *, ch_est::puschRxChEstDynDescr_t *)"
2061996318,6400,60585,137,2,1,24,2,1,44,0.001,0.001,,,,,NVIDIA A100-SXM4-40GB MIG 4g.20gb (0),1,,13,"void ch_est::chEstFilterNoDftSOfdmDispatchKernel<float, __half, float, (unsigned int)2>(ch_est::puschRxChEstStatDescr_t *, ch_est::puschRxChEstDynDescr_t *)"
2062007038,3104,60596,103,1,1,128,1,1,16,0.000,0.000,,,,,NVIDIA A100-SXM4-40GB MIG 4g.20gb (0),1,,13,cupy_copy__complex64_complex64
2062015454,12799,60606,1434,1,1,128,1,1,16,0.000,0.000,,,,,NVIDIA A100-SXM4-40GB MIG 4g.20gb (0),1,,13,cupy_copy__complex64_complex64
2062035005,2688,60613,103,1,1,128,1,1,16,0.000,0.000,,,,,NVIDIA A100-SXM4-40GB MIG 4g.20gb (0),1,,13,cupy_copy__complex64_complex64
2062045181,84543,60620,1,1,1,32,32,1,30,0.000,0.000,,,,,NVIDIA A100-SXM4-40GB MIG 4g.20gb (0),1,,13,"void convert_kernel<__half2, float2>(tensor_layout_any, T1 *, tensor_layout_any, const T2 *)"
2062159964,5408,60623,,,,,,,,,,0.094,17325.421,Pinned,Device,NVIDIA A100-SXM4-40GB MIG 4g.20gb (0),1,,13,[CUDA memcpy Host-to-Device]
2062174524,47423,60624,,,,,,,,,,35.810,755087.973,Device,,NVIDIA A100-SXM4-40GB MIG 4g.20gb (0),1,,13,[CUDA memset]
2062229243,2976,60626,,,,,,,,,,0.000,26.882,Pinned,Device,NVIDIA A100-SXM4-40GB MIG 4g.20gb (0),1,,13,[CUDA memcpy Host-to-Device]
2062235995,12800,60627,,,,,,,,,,0.197,15360.000,Pinned,Device,NVIDIA A100-SXM4-40GB MIG 4g.20gb (0),1,,13,[CUDA memcpy Host-to-Device]
2062258619,9439,60628,273,1,1,48,1,1,40,0.000,0.001,,,,,NVIDIA A100-SXM4-40GB MIG 4g.20gb (0),1,,13,"void pusch_noise_intf_est::noiseIntfEstNoDftSOfdmKernel<float, __half, float, float, (unsigned int)2, (unsigned int)1, (unsigned char)4, (unsigned char)4>(pusch_noise_intf_est::puschRxNoiseIntfEstDynDescr)"
2062272634,3328,60639,35,1,1,128,1,1,16,0.000,0.000,,,,,NVIDIA A100-SXM4-40GB MIG 4g.20gb (0),1,,13,cupy_copy__complex64_complex64
2062284090,2112,60648,1,1,1,1,1,1,18,0.000,0.000,,,,,NVIDIA A100-SXM4-40GB MIG 4g.20gb (0),1,,13,cupy_copy__float32_float32
2062315514,1696,60654,,,,,,,,,,0.000,2.358,Device,Pageable,NVIDIA A100-SXM4-40GB MIG 4g.20gb (0),1,,7,[CUDA memcpy Device-to-Host]
2062375865,12864,60665,1434,1,1,128,1,1,16,0.000,0.000,,,,,NVIDIA A100-SXM4-40GB MIG 4g.20gb (0),1,,13,cupy_copy__complex64_complex64
2062400953,2624,60672,103,1,1,128,1,1,16,0.000,0.000,,,,,NVIDIA A100-SXM4-40GB MIG 4g.20gb (0),1,,13,cupy_copy__complex64_complex64
2062422201,2175,60679,35,1,1,128,1,1,16,0.000,0.000,,,,,NVIDIA A100-SXM4-40GB MIG 4g.20gb (0),1,,13,cupy_copy__complex64_complex64
2062440440,1888,60686,1,1,1,1,1,1,18,0.000,0.000,,,,,NVIDIA A100-SXM4-40GB MIG 4g.20gb (0),1,,13,cupy_copy__float32_float32
2062572695,87743,60697,1,1,1,32,32,1,30,0.000,0.000,,,,,NVIDIA A100-SXM4-40GB MIG 4g.20gb (0),1,,13,"void convert_kernel<__half2, float2>(tensor_layout_any, T1 *, tensor_layout_any, const T2 *)"
2062687797,5632,60700,,,,,,,,,,0.094,16636.287,Pinned,Device,NVIDIA A100-SXM4-40GB MIG 4g.20gb (0),1,,13,[CUDA memcpy Host-to-Device]
2062702325,3616,60701,,,,,,,,,,1.547,427715.774,Device,,NVIDIA A100-SXM4-40GB MIG 4g.20gb (0),1,,13,[CUDA memset]
2062709877,3744,60706,,,,,,,,,,0.031,8358.974,Pinned,Device,NVIDIA A100-SXM4-40GB MIG 4g.20gb (0),1,,13,[CUDA memcpy Host-to-Device]
2062716309,9952,60707,,,,,,,,,,0.197,19755.565,Pinned,Device,NVIDIA A100-SXM4-40GB MIG 4g.20gb (0),1,,13,[CUDA memcpy Host-to-Device]
2062731381,5920,60708,273,1,1,8,4,1,39,0.002,0.000,,,,,NVIDIA A100-SXM4-40GB MIG 4g.20gb (0),1,,13,"void channel_eq::eqMmseCoefCompLowMimoKernel<float, float, float, (unsigned int)4, (unsigned int)1, (unsigned int)4>(const channel_eq::_puschRxChEqStatDescr *, channel_eq::_puschRxChEqCoefCompDynDescr)"
2062739797,5504,60709,273,1,1,12,11,1,51,0.002,0.000,,,,,NVIDIA A100-SXM4-40GB MIG 4g.20gb (0),1,,13,"void channel_eq::eqMmseSoftDemapKernel<float, __half, __half, float, (unsigned int)4, (unsigned short)16383>(channel_eq::_puschRxChEqStatDescr *, channel_eq::_puschRxChEqSoftDemapDynDescr)"
2062747508,281437,60710,1,1,1,32,32,1,30,0.000,0.000,,,,,NVIDIA A100-SXM4-40GB MIG 4g.20gb (0),1,,13,"void convert_kernel<float2, __half2>(tensor_layout_any, T1 *, tensor_layout_any, const T2 *)"
2063029969,11040,60722,2253,1,1,128,1,1,16,0.000,0.000,,,,,NVIDIA A100-SXM4-40GB MIG 4g.20gb (0),1,,13,cupy_copy__float16_float16
2063044881,2784,60731,282,1,1,128,1,1,16,0.000,0.000,,,,,NVIDIA A100-SXM4-40GB MIG 4g.20gb (0),1,,13,cupy_copy__complex64_complex64
2063049617,2272,60740,26,1,1,128,1,1,16,0.000,0.000,,,,,NVIDIA A100-SXM4-40GB MIG 4g.20gb (0),1,,13,cupy_copy__float32_float32
2063053009,3232,60749,103,1,1,128,1,1,16,0.000,0.000,,,,,NVIDIA A100-SXM4-40GB MIG 4g.20gb (0),1,,13,cupy_copy__complex64_complex64
2063058513,11936,60759,1434,1,1,128,1,1,16,0.000,0.000,,,,,NVIDIA A100-SXM4-40GB MIG 4g.20gb (0),1,,13,cupy_copy__complex64_complex64
2063092240,87167,60764,1,1,1,32,32,1,30,0.000,0.000,,,,,NVIDIA A100-SXM4-40GB MIG 4g.20gb (0),1,,13,"void convert_kernel<__half2, float2>(tensor_layout_any, T1 *, tensor_layout_any, const T2 *)"
2063207087,6176,60767,,,,,,,,,,0.094,15170.975,Pinned,Device,NVIDIA A100-SXM4-40GB MIG 4g.20gb (0),1,,13,[CUDA memcpy Host-to-Device]
2063218831,597688,60768,,,,,,,,,,456.561,763827.289,Device,,NVIDIA A100-SXM4-40GB MIG 4g.20gb (0),1,,13,[CUDA memset]
2063823815,140958,60773,,,,,,,,,,1.235,8760.693,Pinned,Device,NVIDIA A100-SXM4-40GB MIG 4g.20gb (0),1,,13,[CUDA memcpy Host-to-Device]
2063977509,40416,60774,,,,,,,,,,0.197,4864.475,Pinned,Device,NVIDIA A100-SXM4-40GB MIG 4g.20gb (0),1,,13,[CUDA memcpy Host-to-Device]
2064050052,8064,60775,69,4,1,48,1,1,76,0.002,0.000,,,,,NVIDIA A100-SXM4-40GB MIG 4g.20gb (0),1,,13,"void ch_est::windowedChEstPreNoDftSOfdmKernel<float, __half, float, (unsigned int)2, (unsigned int)1, (unsigned short)4>(ch_est::puschRxChEstStatDescr_t *, ch_est::puschRxChEstDynDescr_t *)"
2064068868,6688,60776,137,2,1,24,2,1,44,0.001,0.001,,,,,NVIDIA A100-SXM4-40GB MIG 4g.20gb (0),1,,13,"void ch_est::chEstFilterNoDftSOfdmDispatchKernel<float, __half, float, (unsigned int)2>(ch_est::puschRxChEstStatDescr_t *, ch_est::puschRxChEstDynDescr_t *)"
2064083076,4704,60777,137,2,1,24,2,1,44,0.001,0.001,,,,,NVIDIA A100-SXM4-40GB MIG 4g.20gb (0),1,,13,"void ch_est::chEstFilterNoDftSOfdmDispatchKernel<float, __half, float, (unsigned int)2>(ch_est::puschRxChEstStatDescr_t *, ch_est::puschRxChEstDynDescr_t *)"
2064097860,2528,60788,103,1,1,128,1,1,16,0.000,0.000,,,,,NVIDIA A100-SXM4-40GB MIG 4g.20gb (0),1,,13,cupy_copy__complex64_complex64
2064114724,12575,60798,1434,1,1,128,1,1,16,0.000,0.000,,,,,NVIDIA A100-SXM4-40GB MIG 4g.20gb (0),1,,13,cupy_copy__complex64_complex64
2064136739,2784,60805,103,1,1,128,1,1,16,0.000,0.000,,,,,NVIDIA A100-SXM4-40GB MIG 4g.20gb (0),1,,13,cupy_copy__complex64_complex64
2064148163,88959,60812,1,1,1,32,32,1,30,0.000,0.000,,,,,NVIDIA A100-SXM4-40GB MIG 4g.20gb (0),1,,13,"void convert_kernel<__half2, float2>(tensor_layout_any, T1 *, tensor_layout_any, const T2 *)"
2064269250,12704,60815,,,,,,,,,,0.094,7375.281,Pinned,Device,NVIDIA A100-SXM4-40GB MIG 4g.20gb (0),1,,13,[CUDA memcpy Host-to-Device]
2064288417,47680,60816,,,,,,,,,,35.810,751041.452,Device,,NVIDIA A100-SXM4-40GB MIG 4g.20gb (0),1,,13,[CUDA memset]
2064343073,2304,60818,,,,,,,,,,0.000,34.722,Pinned,Device,NVIDIA A100-SXM4-40GB MIG 4g.20gb (0),1,,13,[CUDA memcpy Host-to-Device]
2064349921,19839,60819,,,,,,,,,,0.197,9910.026,Pinned,Device,NVIDIA A100-SXM4-40GB MIG 4g.20gb (0),1,,13,[CUDA memcpy Host-to-Device]
2064379008,12704,60820,273,1,1,48,1,1,40,0.000,0.001,,,,,NVIDIA A100-SXM4-40GB MIG 4g.20gb (0),1,,13,"void pusch_noise_intf_est::noiseIntfEstNoDftSOfdmKernel<float, __half, float, float, (unsigned int)2, (unsigned int)1, (unsigned char)4, (unsigned char)4>(pusch_noise_intf_est::puschRxNoiseIntfEstDynDescr)"
2064394880,2944,60831,35,1,1,128,1,1,16,0.000,0.000,,,,,NVIDIA A100-SXM4-40GB MIG 4g.20gb (0),1,,13,cupy_copy__complex64_complex64
2064402112,1984,60840,1,1,1,1,1,1,18,0.000,0.000,,,,,NVIDIA A100-SXM4-40GB MIG 4g.20gb (0),1,,13,cupy_copy__float32_float32
2064417600,4448,60846,,,,,,,,,,0.000,0.899,Device,Pageable,NVIDIA A100-SXM4-40GB MIG 4g.20gb (0),1,,7,[CUDA memcpy Device-to-Host]
2064483711,12704,60857,1434,1,1,128,1,1,16,0.000,0.000,,,,,NVIDIA A100-SXM4-40GB MIG 4g.20gb (0),1,,13,cupy_copy__complex64_complex64
2064510495,3456,60864,103,1,1,128,1,1,16,0.000,0.000,,,,,NVIDIA A100-SXM4-40GB MIG 4g.20gb (0),1,,13,cupy_copy__complex64_complex64
2064530910,2144,60871,35,1,1,128,1,1,16,0.000,0.000,,,,,NVIDIA A100-SXM4-40GB MIG 4g.20gb (0),1,,13,cupy_copy__complex64_complex64
2064548094,1824,60878,1,1,1,1,1,1,18,0.000,0.000,,,,,NVIDIA A100-SXM4-40GB MIG 4g.20gb (0),1,,13,cupy_copy__float32_float32
2064680221,82527,60889,1,1,1,32,32,1,30,0.000,0.000,,,,,NVIDIA A100-SXM4-40GB MIG 4g.20gb (0),1,,13,"void convert_kernel<__half2, float2>(tensor_layout_any, T1 *, tensor_layout_any, const T2 *)"
2064790331,5952,60892,,,,,,,,,,0.094,15741.865,Pinned,Device,NVIDIA A100-SXM4-40GB MIG 4g.20gb (0),1,,13,[CUDA memcpy Host-to-Device]
2064805627,3392,60893,,,,,,,,,,1.547,455961.768,Device,,NVIDIA A100-SXM4-40GB MIG 4g.20gb (0),1,,13,[CUDA memset]
2064811419,3104,60898,,,,,,,,,,0.031,10082.445,Pinned,Device,NVIDIA A100-SXM4-40GB MIG 4g.20gb (0),1,,13,[CUDA memcpy Host-to-Device]
2064816955,9760,60899,,,,,,,,,,0.197,20144.259,Pinned,Device,NVIDIA A100-SXM4-40GB MIG 4g.20gb (0),1,,13,[CUDA memcpy Host-to-Device]
2064831675,6176,60900,273,1,1,8,4,1,39,0.002,0.000,,,,,NVIDIA A100-SXM4-40GB MIG 4g.20gb (0),1,,13,"void channel_eq::eqMmseCoefCompLowMimoKernel<float, float, float, (unsigned int)4, (unsigned int)1, (unsigned int)4>(const channel_eq::_puschRxChEqStatDescr *, channel_eq::_puschRxChEqCoefCompDynDescr)"
2064840827,5952,60901,273,1,1,12,11,1,51,0.002,0.000,,,,,NVIDIA A100-SXM4-40GB MIG 4g.20gb (0),1,,13,"void channel_eq::eqMmseSoftDemapKernel<float, __half, __half, float, (unsigned int)4, (unsigned short)16383>(channel_eq::_puschRxChEqStatDescr *, channel_eq::_puschRxChEqSoftDemapDynDescr)"
2064847803,282300,60902,1,1,1,32,32,1,30,0.000,0.000,,,,,NVIDIA A100-SXM4-40GB MIG 4g.20gb (0),1,,13,"void convert_kernel<float2, __half2>(tensor_layout_any, T1 *, tensor_layout_any, const T2 *)"
2065131575,10848,60914,2253,1,1,128,1,1,16,0.000,0.000,,,,,NVIDIA A100-SXM4-40GB MIG 4g.20gb (0),1,,13,cupy_copy__float16_float16
2065147223,2688,60923,282,1,1,128,1,1,16,0.000,0.000,,,,,NVIDIA A100-SXM4-40GB MIG 4g.20gb (0),1,,13,cupy_copy__complex64_complex64
2065151287,2240,60932,26,1,1,128,1,1,16,0.000,0.000,,,,,NVIDIA A100-SXM4-40GB MIG 4g.20gb (0),1,,13,cupy_copy__float32_float32
2065154647,2976,60941,103,1,1,128,1,1,16,0.000,0.000,,,,,NVIDIA A100-SXM4-40GB MIG 4g.20gb (0),1,,13,cupy_copy__complex64_complex64
2065160759,11968,60951,1434,1,1,128,1,1,16,0.000,0.000,,,,,NVIDIA A100-SXM4-40GB MIG 4g.20gb (0),1,,13,cupy_copy__complex64_complex64
2065182134,82079,60956,1,1,1,32,32,1,30,0.000,0.000,,,,,NVIDIA A100-SXM4-40GB MIG 4g.20gb (0),1,,13,"void convert_kernel<__half2, float2>(tensor_layout_any, T1 *, tensor_layout_any, const T2 *)"
2065291445,5792,60959,,,,,,,,,,0.094,16176.708,Pinned,Device,NVIDIA A100-SXM4-40GB MIG 4g.20gb (0),1,,13,[CUDA memcpy Host-to-Device]
2065303605,599256,60960,,,,,,,,,,456.561,761544.482,Device,,NVIDIA A100-SXM4-40GB MIG 4g.20gb (0),1,,13,[CUDA memset]
2065904941,131935,60965,,,,,,,,,,1.235,9359.641,Pinned,Device,NVIDIA A100-SXM4-40GB MIG 4g.20gb (0),1,,13,[CUDA memcpy Host-to-Device]
2066050060,40255,60966,,,,,,,,,,0.197,4883.939,Pinned,Device,NVIDIA A100-SXM4-40GB MIG 4g.20gb (0),1,,13,[CUDA memcpy Host-to-Device]
2066107851,8384,60967,69,4,1,48,1,1,76,0.002,0.000,,,,,NVIDIA A100-SXM4-40GB MIG 4g.20gb (0),1,,13,"void ch_est::windowedChEstPreNoDftSOfdmKernel<float, __half, float, (unsigned int)2, (unsigned int)1, (unsigned short)4>(ch_est::puschRxChEstStatDescr_t *, ch_est::puschRxChEstDynDescr_t *)"
2066125867,6944,60968,137,2,1,24,2,1,44,0.001,0.001,,,,,NVIDIA A100-SXM4-40GB MIG 4g.20gb (0),1,,13,"void ch_est::chEstFilterNoDftSOfdmDispatchKernel<float, __half, float, (unsigned int)2>(ch_est::puschRxChEstStatDescr_t *, ch_est::puschRxChEstDynDescr_t *)"
2066142923,4735,60969,137,2,1,24,2,1,44,0.001,0.001,,,,,NVIDIA A100-SXM4-40GB MIG 4g.20gb (0),1,,13,"void ch_est::chEstFilterNoDftSOfdmDispatchKernel<float, __half, float, (unsigned int)2>(ch_est::puschRxChEstStatDescr_t *, ch_est::puschRxChEstDynDescr_t *)"
2066159914,2656,60980,103,1,1,128,1,1,16,0.000,0.000,,,,,NVIDIA A100-SXM4-40GB MIG 4g.20gb (0),1,,13,cupy_copy__complex64_complex64
2066177066,12384,60990,1434,1,1,128,1,1,16,0.000,0.000,,,,,NVIDIA A100-SXM4-40GB MIG 4g.20gb (0),1,,13,cupy_copy__complex64_complex64
2066201194,2528,60997,103,1,1,128,1,1,16,0.000,0.000,,,,,NVIDIA A100-SXM4-40GB MIG 4g.20gb (0),1,,13,cupy_copy__complex64_complex64
2066223274,84926,61004,1,1,1,32,32,1,30,0.000,0.000,,,,,NVIDIA A100-SXM4-40GB MIG 4g.20gb (0),1,,13,"void convert_kernel<__half2, float2>(tensor_layout_any, T1 *, tensor_layout_any, const T2 *)"
2066342088,23008,61007,,,,,,,,,,0.094,4072.309,Pinned,Device,NVIDIA A100-SXM4-40GB MIG 4g.20gb (0),1,,13,[CUDA memcpy Host-to-Device]
2066379528,47743,61008,,,,,,,,,,35.810,750038.774,Device,,NVIDIA A100-SXM4-40GB MIG 4g.20gb (0),1,,13,[CUDA memset]
2066434055,10208,61010,,,,,,,,,,0.000,7.837,Pinned,Device,NVIDIA A100-SXM4-40GB MIG 4g.20gb (0),1,,13,[CUDA memcpy Host-to-Device]
2066449639,20159,61011,,,,,,,,,,0.197,9752.740,Pinned,Device,NVIDIA A100-SXM4-40GB MIG 4g.20gb (0),1,,13,[CUDA memcpy Host-to-Device]
2066491750,9856,61012,273,1,1,48,1,1,40,0.000,0.001,,,,,NVIDIA A100-SXM4-40GB MIG 4g.20gb (0),1,,13,"void pusch_noise_intf_est::noiseIntfEstNoDftSOfdmKernel<float, __half, float, float, (unsigned int)2, (unsigned int)1, (unsigned char)4, (unsigned char)4>(pusch_noise_intf_est::puschRxNoiseIntfEstDynDescr)"
2066505126,2848,61023,35,1,1,128,1,1,16,0.000,0.000,,,,,NVIDIA A100-SXM4-40GB MIG 4g.20gb (0),1,,13,cupy_copy__complex64_complex64
2066518630,2016,61032,1,1,1,1,1,1,18,0.000,0.000,,,,,NVIDIA A100-SXM4-40GB MIG 4g.20gb (0),1,,13,cupy_copy__float32_float32
2066524166,3904,61038,,,,,,,,,,0.000,1.025,Device,Pageable,NVIDIA A100-SXM4-40GB MIG 4g.20gb (0),1,,7,[CUDA memcpy Device-to-Host]
2066604773,12864,61049,1434,1,1,128,1,1,16,0.000,0.000,,,,,NVIDIA A100-SXM4-40GB MIG 4g.20gb (0),1,,13,cupy_copy__complex64_complex64
2066631684,3040,61056,103,1,1,128,1,1,16,0.000,0.000,,,,,NVIDIA A100-SXM4-40GB MIG 4g.20gb (0),1,,13,cupy_copy__complex64_complex64
2066644388,2528,61063,35,1,1,128,1,1,16,0.000,0.000,,,,,NVIDIA A100-SXM4-40GB MIG 4g.20gb (0),1,,13,cupy_copy__complex64_complex64
2066666820,2112,61070,1,1,1,1,1,1,18,0.000,0.000,,,,,NVIDIA A100-SXM4-40GB MIG 4g.20gb (0),1,,13,cupy_copy__float32_float32
2066796834,84223,61081,1,1,1,32,32,1,30,0.000,0.000,,,,,NVIDIA A100-SXM4-40GB MIG 4g.20gb (0),1,,13,"void convert_kernel<__half2, float2>(tensor_layout_any, T1 *, tensor_layout_any, const T2 *)"
2066909921,5760,61084,,,,,,,,,,0.094,16266.656,Pinned,Device,NVIDIA A100-SXM4-40GB MIG 4g.20gb (0),1,,13,[CUDA memcpy Host-to-Device]
2066925505,3040,61085,,,,,,,,,,1.547,508757.325,Device,,NVIDIA A100-SXM4-40GB MIG 4g.20gb (0),1,,13,[CUDA memset]
2066932449,3392,61090,,,,,,,,,,0.031,9226.405,Pinned,Device,NVIDIA A100-SXM4-40GB MIG 4g.20gb (0),1,,13,[CUDA memcpy Host-to-Device]
2066938401,9376,61091,,,,,,,,,,0.197,20969.226,Pinned,Device,NVIDIA A100-SXM4-40GB MIG 4g.20gb (0),1,,13,[CUDA memcpy Host-to-Device]
2066953952,6176,61092,273,1,1,8,4,1,39,0.002,0.000,,,,,NVIDIA A100-SXM4-40GB MIG 4g.20gb (0),1,,13,"void channel_eq::eqMmseCoefCompLowMimoKernel<float, float, float, (unsigned int)4, (unsigned int)1, (unsigned int)4>(const channel_eq::_puschRxChEqStatDescr *, channel_eq::_puschRxChEqCoefCompDynDescr)"
2066961152,5664,61093,273,1,1,12,11,1,51,0.002,0.000,,,,,NVIDIA A100-SXM4-40GB MIG 4g.20gb (0),1,,13,"void channel_eq::eqMmseSoftDemapKernel<float, __half, __half, float, (unsigned int)4, (unsigned short)16383>(channel_eq::_puschRxChEqStatDescr *, channel_eq::_puschRxChEqSoftDemapDynDescr)"
2066969024,282429,61094,1,1,1,32,32,1,30,0.000,0.000,,,,,NVIDIA A100-SXM4-40GB MIG 4g.20gb (0),1,,13,"void convert_kernel<float2, __half2>(tensor_layout_any, T1 *, tensor_layout_any, const T2 *)"
2067254845,10944,61106,2253,1,1,128,1,1,16,0.000,0.000,,,,,NVIDIA A100-SXM4-40GB MIG 4g.20gb (0),1,,13,cupy_copy__float16_float16
2067268957,3456,61115,282,1,1,128,1,1,16,0.000,0.000,,,,,NVIDIA A100-SXM4-40GB MIG 4g.20gb (0),1,,13,cupy_copy__complex64_complex64
2067274077,2080,61124,26,1,1,128,1,1,16,0.000,0.000,,,,,NVIDIA A100-SXM4-40GB MIG 4g.20gb (0),1,,13,cupy_copy__float32_float32
2067279068,2880,61133,103,1,1,128,1,1,16,0.000,0.000,,,,,NVIDIA A100-SXM4-40GB MIG 4g.20gb (0),1,,13,cupy_copy__complex64_complex64
2067286556,12128,61143,1434,1,1,128,1,1,16,0.000,0.000,,,,,NVIDIA A100-SXM4-40GB MIG 4g.20gb (0),1,,13,cupy_copy__complex64_complex64
2067303036,81823,61148,1,1,1,32,32,1,30,0.000,0.000,,,,,NVIDIA A100-SXM4-40GB MIG 4g.20gb (0),1,,13,"void convert_kernel<__half2, float2>(tensor_layout_any, T1 *, tensor_layout_any, const T2 *)"
2067411739,5440,61151,,,,,,,,,,0.094,17223.480,Pinned,Device,NVIDIA A100-SXM4-40GB MIG 4g.20gb (0),1,,13,[CUDA memcpy Host-to-Device]
2067423483,597976,61152,,,,,,,,,,456.561,763370.728,Device,,NVIDIA A100-SXM4-40GB MIG 4g.20gb (0),1,,13,[CUDA memset]
2068027219,102431,61157,,,,,,,,,,1.235,12055.523,Pinned,Device,NVIDIA A100-SXM4-40GB MIG 4g.20gb (0),1,,13,[CUDA memcpy Host-to-Device]
2068134802,25472,61158,,,,,,,,,,0.197,7718.437,Pinned,Device,NVIDIA A100-SXM4-40GB MIG 4g.20gb (0),1,,13,[CUDA memcpy Host-to-Device]
2068179057,8416,61159,69,4,1,48,1,1,76,0.002,0.000,,,,,NVIDIA A100-SXM4-40GB MIG 4g.20gb (0),1,,13,"void ch_est::windowedChEstPreNoDftSOfdmKernel<float, __half, float, (unsigned int)2, (unsigned int)1, (unsigned short)4>(ch_est::puschRxChEstStatDescr_t *, ch_est::puschRxChEstDynDescr_t *)"
2068192017,7168,61160,137,2,1,24,2,1,44,0.001,0.001,,,,,NVIDIA A100-SXM4-40GB MIG 4g.20gb (0),1,,13,"void ch_est::chEstFilterNoDftSOfdmDispatchKernel<float, __half, float, (unsigned int)2>(ch_est::puschRxChEstStatDescr_t *, ch_est::puschRxChEstDynDescr_t *)"
2068204945,5312,61161,137,2,1,24,2,1,44,0.001,0.001,,,,,NVIDIA A100-SXM4-40GB MIG 4g.20gb (0),1,,13,"void ch_est::chEstFilterNoDftSOfdmDispatchKernel<float, __half, float, (unsigned int)2>(ch_est::puschRxChEstStatDescr_t *, ch_est::puschRxChEstDynDescr_t *)"
2068217841,2816,61172,103,1,1,128,1,1,16,0.000,0.000,,,,,NVIDIA A100-SXM4-40GB MIG 4g.20gb (0),1,,13,cupy_copy__complex64_complex64
2068230609,12384,61182,1434,1,1,128,1,1,16,0.000,0.000,,,,,NVIDIA A100-SXM4-40GB MIG 4g.20gb (0),1,,13,cupy_copy__complex64_complex64
2068253584,2464,61189,103,1,1,128,1,1,16,0.000,0.000,,,,,NVIDIA A100-SXM4-40GB MIG 4g.20gb (0),1,,13,cupy_copy__complex64_complex64
2068265904,84415,61196,1,1,1,32,32,1,30,0.000,0.000,,,,,NVIDIA A100-SXM4-40GB MIG 4g.20gb (0),1,,13,"void convert_kernel<__half2, float2>(tensor_layout_any, T1 *, tensor_layout_any, const T2 *)"
2068382319,10176,61199,,,,,,,,,,0.094,9207.506,Pinned,Device,NVIDIA A100-SXM4-40GB MIG 4g.20gb (0),1,,13,[CUDA memcpy Host-to-Device]
2068401903,48031,61200,,,,,,,,,,35.810,745526.724,Device,,NVIDIA A100-SXM4-40GB MIG 4g.20gb (0),1,,13,[CUDA memset]
2068453358,9600,61202,,,,,,,,,,0.000,8.333,Pinned,Device,NVIDIA A100-SXM4-40GB MIG 4g.20gb (0),1,,13,[CUDA memcpy Host-to-Device]
2068475694,35711,61203,,,,,,,,,,0.197,5505.417,Pinned,Device,NVIDIA A100-SXM4-40GB MIG 4g.20gb (0),1,,13,[CUDA memcpy Host-to-Device]
2068535853,9568,61204,273,1,1,48,1,1,40,0.000,0.001,,,,,NVIDIA A100-SXM4-40GB MIG 4g.20gb (0),1,,13,"void pusch_noise_intf_est::noiseIntfEstNoDftSOfdmKernel<float, __half, float, float, (unsigned int)2, (unsigned int)1, (unsigned char)4, (unsigned char)4>(pusch_noise_intf_est::puschRxNoiseIntfEstDynDescr)"
2068549837,2656,61215,35,1,1,128,1,1,16,0.000,0.000,,,,,NVIDIA A100-SXM4-40GB MIG 4g.20gb (0),1,,13,cupy_copy__complex64_complex64
2068565837,1696,61224,1,1,1,1,1,1,18,0.000,0.000,,,,,NVIDIA A100-SXM4-40GB MIG 4g.20gb (0),1,,13,cupy_copy__float32_float32
2068568749,8095,61230,,,,,,,,,,0.000,0.494,Device,Pageable,NVIDIA A100-SXM4-40GB MIG 4g.20gb (0),1,,7,[CUDA memcpy Device-to-Host]
2068672971,12928,61241,1434,1,1,128,1,1,16,0.000,0.000,,,,,NVIDIA A100-SXM4-40GB MIG 4g.20gb (0),1,,13,cupy_copy__complex64_complex64
2068694891,3360,61248,103,1,1,128,1,1,16,0.000,0.000,,,,,NVIDIA A100-SXM4-40GB MIG 4g.20gb (0),1,,13,cupy_copy__complex64_complex64
2068717227,2528,61255,35,1,1,128,1,1,16,0.000,0.000,,,,,NVIDIA A100-SXM4-40GB MIG 4g.20gb (0),1,,13,cupy_copy__complex64_complex64
2068734858,1728,61262,1,1,1,1,1,1,18,0.000,0.000,,,,,NVIDIA A100-SXM4-40GB MIG 4g.20gb (0),1,,13,cupy_copy__float32_float32
2068853993,87007,61273,1,1,1,32,32,1,30,0.000,0.000,,,,,NVIDIA A100-SXM4-40GB MIG 4g.20gb (0),1,,13,"void convert_kernel<__half2, float2>(tensor_layout_any, T1 *, tensor_layout_any, const T2 *)"
2068969000,17855,61276,,,,,,,,,,0.094,5247.538,Pinned,Device,NVIDIA A100-SXM4-40GB MIG 4g.20gb (0),1,,13,[CUDA memcpy Host-to-Device]
2069001799,3232,61277,,,,,,,,,,1.547,478533.199,Device,,NVIDIA A100-SXM4-40GB MIG 4g.20gb (0),1,,13,[CUDA memset]
2069009063,6336,61282,,,,,,,,,,0.031,4939.385,Pinned,Device,NVIDIA A100-SXM4-40GB MIG 4g.20gb (0),1,,13,[CUDA memcpy Host-to-Device]
2069021959,19488,61283,,,,,,,,,,0.197,10088.546,Pinned,Device,NVIDIA A100-SXM4-40GB MIG 4g.20gb (0),1,,13,[CUDA memcpy Host-to-Device]
2069054311,5983,61284,273,1,1,8,4,1,39,0.002,0.000,,,,,NVIDIA A100-SXM4-40GB MIG 4g.20gb (0),1,,13,"void channel_eq::eqMmseCoefCompLowMimoKernel<float, float, float, (unsigned int)4, (unsigned int)1, (unsigned int)4>(const channel_eq::_puschRxChEqStatDescr *, channel_eq::_puschRxChEqCoefCompDynDescr)"
2069063494,5632,61285,273,1,1,12,11,1,51,0.002,0.000,,,,,NVIDIA A100-SXM4-40GB MIG 4g.20gb (0),1,,13,"void channel_eq::eqMmseSoftDemapKernel<float, __half, __half, float, (unsigned int)4, (unsigned short)16383>(channel_eq::_puschRxChEqStatDescr *, channel_eq::_puschRxChEqSoftDemapDynDescr)"
2069072262,294973,61286,1,1,1,32,32,1,30,0.000,0.000,,,,,NVIDIA A100-SXM4-40GB MIG 4g.20gb (0),1,,13,"void convert_kernel<float2, __half2>(tensor_layout_any, T1 *, tensor_layout_any, const T2 *)"
2069369987,11007,61298,2253,1,1,128,1,1,16,0.000,0.000,,,,,NVIDIA A100-SXM4-40GB MIG 4g.20gb (0),1,,13,cupy_copy__float16_float16
2069386210,3776,61307,282,1,1,128,1,1,16,0.000,0.000,,,,,NVIDIA A100-SXM4-40GB MIG 4g.20gb (0),1,,13,cupy_copy__complex64_complex64
2069391618,2016,61316,26,1,1,128,1,1,16,0.000,0.000,,,,,NVIDIA A100-SXM4-40GB MIG 4g.20gb (0),1,,13,cupy_copy__float32_float32
2069395362,3200,61325,103,1,1,128,1,1,16,0.000,0.000,,,,,NVIDIA A100-SXM4-40GB MIG 4g.20gb (0),1,,13,cupy_copy__complex64_complex64
2069399650,12000,61335,1434,1,1,128,1,1,16,0.000,0.000,,,,,NVIDIA A100-SXM4-40GB MIG 4g.20gb (0),1,,13,cupy_copy__complex64_complex64
2069413026,82847,61340,1,1,1,32,32,1,30,0.000,0.000,,,,,NVIDIA A100-SXM4-40GB MIG 4g.20gb (0),1,,13,"void convert_kernel<__half2, float2>(tensor_layout_any, T1 *, tensor_layout_any, const T2 *)"
2069522785,5632,61343,,,,,,,,,,0.094,16636.287,Pinned,Device,NVIDIA A100-SXM4-40GB MIG 4g.20gb (0),1,,13,[CUDA memcpy Host-to-Device]
2069532993,595960,61344,,,,,,,,,,456.561,765653.535,Device,,NVIDIA A100-SXM4-40GB MIG 4g.20gb (0),1,,13,[CUDA memset]
2070131993,125151,61349,,,,,,,,,,1.235,9867.203,Pinned,Device,NVIDIA A100-SXM4-40GB MIG 4g.20gb (0),1,,13,[CUDA memcpy Host-to-Device]
2070266488,21599,61350,,,,,,,,,,0.197,9102.557,Pinned,Device,NVIDIA A100-SXM4-40GB MIG 4g.20gb (0),1,,13,[CUDA memcpy Host-to-Device]
2070298647,8544,61351,69,4,1,48,1,1,76,0.002,0.000,,,,,NVIDIA A100-SXM4-40GB MIG 4g.20gb (0),1,,13,"void ch_est::windowedChEstPreNoDftSOfdmKernel<float, __half, float, (unsigned int)2, (unsigned int)1, (unsigned short)4>(ch_est::puschRxChEstStatDescr_t *, ch_est::puschRxChEstDynDescr_t *)"
2070311639,7232,61352,137,2,1,24,2,1,44,0.001,0.001,,,,,NVIDIA A100-SXM4-40GB MIG 4g.20gb (0),1,,13,"void ch_est::chEstFilterNoDftSOfdmDispatchKernel<float, __half, float, (unsigned int)2>(ch_est::puschRxChEstStatDescr_t *, ch_est::puschRxChEstDynDescr_t *)"
2070326327,5344,61353,137,2,1,24,2,1,44,0.001,0.001,,,,,NVIDIA A100-SXM4-40GB MIG 4g.20gb (0),1,,13,"void ch_est::chEstFilterNoDftSOfdmDispatchKernel<float, __half, float, (unsigned int)2>(ch_est::puschRxChEstStatDescr_t *, ch_est::puschRxChEstDynDescr_t *)"
2070337687,3200,61364,103,1,1,128,1,1,16,0.000,0.000,,,,,NVIDIA A100-SXM4-40GB MIG 4g.20gb (0),1,,13,cupy_copy__complex64_complex64
2070352854,12928,61374,1434,1,1,128,1,1,16,0.000,0.000,,,,,NVIDIA A100-SXM4-40GB MIG 4g.20gb (0),1,,13,cupy_copy__complex64_complex64
2070375094,2752,61381,103,1,1,128,1,1,16,0.000,0.000,,,,,NVIDIA A100-SXM4-40GB MIG 4g.20gb (0),1,,13,cupy_copy__complex64_complex64
2070385110,85727,61388,1,1,1,32,32,1,30,0.000,0.000,,,,,NVIDIA A100-SXM4-40GB MIG 4g.20gb (0),1,,13,"void convert_kernel<__half2, float2>(tensor_layout_any, T1 *, tensor_layout_any, const T2 *)"
2070498741,13695,61391,,,,,,,,,,0.094,6841.588,Pinned,Device,NVIDIA A100-SXM4-40GB MIG 4g.20gb (0),1,,13,[CUDA memcpy Host-to-Device]
2070524692,46688,61392,,,,,,,,,,35.810,766976.867,Device,,NVIDIA A100-SXM4-40GB MIG 4g.20gb (0),1,,13,[CUDA memset]
2070572148,8672,61394,,,,,,,,,,0.000,9.225,Pinned,Device,NVIDIA A100-SXM4-40GB MIG 4g.20gb (0),1,,13,[CUDA memcpy Host-to-Device]
2070585844,26207,61395,,,,,,,,,,0.197,7501.971,Pinned,Device,NVIDIA A100-SXM4-40GB MIG 4g.20gb (0),1,,13,[CUDA memcpy Host-to-Device]
2070625939,9184,61396,273,1,1,48,1,1,40,0.000,0.001,,,,,NVIDIA A100-SXM4-40GB MIG 4g.20gb (0),1,,13,"void pusch_noise_intf_est::noiseIntfEstNoDftSOfdmKernel<float, __half, float, float, (unsigned int)2, (unsigned int)1, (unsigned char)4, (unsigned char)4>(pusch_noise_intf_est::puschRxNoiseIntfEstDynDescr)"
2070639187,2720,61407,35,1,1,128,1,1,16,0.000,0.000,,,,,NVIDIA A100-SXM4-40GB MIG 4g.20gb (0),1,,13,cupy_copy__complex64_complex64
2070650899,1984,61416,1,1,1,1,1,1,18,0.000,0.000,,,,,NVIDIA A100-SXM4-40GB MIG 4g.20gb (0),1,,13,cupy_copy__float32_float32
2070659731,7840,61422,,,,,,,,,,0.000,0.510,Device,Pageable,NVIDIA A100-SXM4-40GB MIG 4g.20gb (0),1,,7,[CUDA memcpy Device-to-Host]
2070745490,12703,61433,1434,1,1,128,1,1,16,0.000,0.000,,,,,NVIDIA A100-SXM4-40GB MIG 4g.20gb (0),1,,13,cupy_copy__complex64_complex64
2070761553,2656,61440,103,1,1,128,1,1,16,0.000,0.000,,,,,NVIDIA A100-SXM4-40GB MIG 4g.20gb (0),1,,13,cupy_copy__complex64_complex64
2070791281,2656,61447,35,1,1,128,1,1,16,0.000,0.000,,,,,NVIDIA A100-SXM4-40GB MIG 4g.20gb (0),1,,13,cupy_copy__complex64_complex64
2070803153,1792,61454,1,1,1,1,1,1,18,0.000,0.000,,,,,NVIDIA A100-SXM4-40GB MIG 4g.20gb (0),1,,13,cupy_copy__float32_float32
2070942735,82207,61465,1,1,1,32,32,1,30,0.000,0.000,,,,,NVIDIA A100-SXM4-40GB MIG 4g.20gb (0),1,,13,"void convert_kernel<__half2, float2>(tensor_layout_any, T1 *, tensor_layout_any, const T2 *)"
2071052718,5472,61468,,,,,,,,,,0.094,17122.757,Pinned,Device,NVIDIA A100-SXM4-40GB MIG 4g.20gb (0),1,,13,[CUDA memcpy Host-to-Device]
2071068462,3392,61469,,,,,,,,,,1.547,455961.768,Device,,NVIDIA A100-SXM4-40GB MIG 4g.20gb (0),1,,13,[CUDA memset]
2071075918,3039,61474,,,,,,,,,,0.031,10298.105,Pinned,Device,NVIDIA A100-SXM4-40GB MIG 4g.20gb (0),1,,13,[CUDA memcpy Host-to-Device]
2071081741,9888,61475,,,,,,,,,,0.197,19883.360,Pinned,Device,NVIDIA A100-SXM4-40GB MIG 4g.20gb (0),1,,13,[CUDA memcpy Host-to-Device]
2071095693,8160,61476,273,1,1,8,4,1,39,0.002,0.000,,,,,NVIDIA A100-SXM4-40GB MIG 4g.20gb (0),1,,13,"void channel_eq::eqMmseCoefCompLowMimoKernel<float, float, float, (unsigned int)4, (unsigned int)1, (unsigned int)4>(const channel_eq::_puschRxChEqStatDescr *, channel_eq::_puschRxChEqCoefCompDynDescr)"
2071105645,5248,61477,273,1,1,12,11,1,51,0.002,0.000,,,,,NVIDIA A100-SXM4-40GB MIG 4g.20gb (0),1,,13,"void channel_eq::eqMmseSoftDemapKernel<float, __half, __half, float, (unsigned int)4, (unsigned short)16383>(channel_eq::_puschRxChEqStatDescr *, channel_eq::_puschRxChEqSoftDemapDynDescr)"
2071112589,282653,61478,1,1,1,32,32,1,30,0.000,0.000,,,,,NVIDIA A100-SXM4-40GB MIG 4g.20gb (0),1,,13,"void convert_kernel<float2, __half2>(tensor_layout_any, T1 *, tensor_layout_any, const T2 *)"
2071397098,11007,61490,2253,1,1,128,1,1,16,0.000,0.000,,,,,NVIDIA A100-SXM4-40GB MIG 4g.20gb (0),1,,13,cupy_copy__float16_float16
2071412969,3488,61499,282,1,1,128,1,1,16,0.000,0.000,,,,,NVIDIA A100-SXM4-40GB MIG 4g.20gb (0),1,,13,cupy_copy__complex64_complex64
2071418729,2208,61508,26,1,1,128,1,1,16,0.000,0.000,,,,,NVIDIA A100-SXM4-40GB MIG 4g.20gb (0),1,,13,cupy_copy__float32_float32
2071421961,4896,61517,103,1,1,128,1,1,16,0.000,0.000,,,,,NVIDIA A100-SXM4-40GB MIG 4g.20gb (0),1,,13,cupy_copy__complex64_complex64
2071429385,11872,61527,1434,1,1,128,1,1,16,0.000,0.000,,,,,NVIDIA A100-SXM4-40GB MIG 4g.20gb (0),1,,13,cupy_copy__complex64_complex64
2071444681,80735,61532,1,1,1,32,32,1,30,0.000,0.000,,,,,NVIDIA A100-SXM4-40GB MIG 4g.20gb (0),1,,13,"void convert_kernel<__half2, float2>(tensor_layout_any, T1 *, tensor_layout_any, const T2 *)"
2071552616,5664,61535,,,,,,,,,,0.094,16542.310,Pinned,Device,NVIDIA A100-SXM4-40GB MIG 4g.20gb (0),1,,13,[CUDA memcpy Host-to-Device]
2071563688,596408,61536,,,,,,,,,,456.561,765196.973,Device,,NVIDIA A100-SXM4-40GB MIG 4g.20gb (0),1,,13,[CUDA memset]
2072168064,107999,61541,,,,,,,,,,1.235,11434.346,Pinned,Device,NVIDIA A100-SXM4-40GB MIG 4g.20gb (0),1,,13,[CUDA memcpy Host-to-Device]
2072283839,32671,61542,,,,,,,,,,0.197,6017.778,Pinned,Device,NVIDIA A100-SXM4-40GB MIG 4g.20gb (0),1,,13,[CUDA memcpy Host-to-Device]
2072330462,8224,61543,69,4,1,48,1,1,76,0.002,0.000,,,,,NVIDIA A100-SXM4-40GB MIG 4g.20gb (0),1,,13,"void ch_est::windowedChEstPreNoDftSOfdmKernel<float, __half, float, (unsigned int)2, (unsigned int)1, (unsigned short)4>(ch_est::puschRxChEstStatDescr_t *, ch_est::puschRxChEstDynDescr_t *)"
2072345822,7264,61544,137,2,1,24,2,1,44,0.001,0.001,,,,,NVIDIA A100-SXM4-40GB MIG 4g.20gb (0),1,,13,"void ch_est::chEstFilterNoDftSOfdmDispatchKernel<float, __half, float, (unsigned int)2>(ch_est::puschRxChEstStatDescr_t *, ch_est::puschRxChEstDynDescr_t *)"
2072358942,4704,61545,137,2,1,24,2,1,44,0.001,0.001,,,,,NVIDIA A100-SXM4-40GB MIG 4g.20gb (0),1,,13,"void ch_est::chEstFilterNoDftSOfdmDispatchKernel<float, __half, float, (unsigned int)2>(ch_est::puschRxChEstStatDescr_t *, ch_est::puschRxChEstDynDescr_t *)"
2072371806,2495,61556,103,1,1,128,1,1,16,0.000,0.000,,,,,NVIDIA A100-SXM4-40GB MIG 4g.20gb (0),1,,13,cupy_copy__complex64_complex64
2072385181,12736,61566,1434,1,1,128,1,1,16,0.000,0.000,,,,,NVIDIA A100-SXM4-40GB MIG 4g.20gb (0),1,,13,cupy_copy__complex64_complex64
2072418845,2400,61573,103,1,1,128,1,1,16,0.000,0.000,,,,,NVIDIA A100-SXM4-40GB MIG 4g.20gb (0),1,,13,cupy_copy__complex64_complex64
2072432605,85919,61580,1,1,1,32,32,1,30,0.000,0.000,,,,,NVIDIA A100-SXM4-40GB MIG 4g.20gb (0),1,,13,"void convert_kernel<__half2, float2>(tensor_layout_any, T1 *, tensor_layout_any, const T2 *)"
2072549883,11264,61583,,,,,,,,,,0.094,8318.143,Pinned,Device,NVIDIA A100-SXM4-40GB MIG 4g.20gb (0),1,,13,[CUDA memcpy Host-to-Device]
2072571803,47135,61584,,,,,,,,,,35.810,759707.453,Device,,NVIDIA A100-SXM4-40GB MIG 4g.20gb (0),1,,13,[CUDA memset]
2072621146,8320,61586,,,,,,,,,,0.000,9.615,Pinned,Device,NVIDIA A100-SXM4-40GB MIG 4g.20gb (0),1,,13,[CUDA memcpy Host-to-Device]
2072634362,21504,61587,,,,,,,,,,0.197,9142.665,Pinned,Device,NVIDIA A100-SXM4-40GB MIG 4g.20gb (0),1,,13,[CUDA memcpy Host-to-Device]
2072669018,9248,61588,273,1,1,48,1,1,40,0.000,0.001,,,,,NVIDIA A100-SXM4-40GB MIG 4g.20gb (0),1,,13,"void pusch_noise_intf_est::noiseIntfEstNoDftSOfdmKernel<float, __half, float, float, (unsigned int)2, (unsigned int)1, (unsigned char)4, (unsigned char)4>(pusch_noise_intf_est::puschRxNoiseIntfEstDynDescr)"
2072685850,2944,61599,35,1,1,128,1,1,16,0.000,0.000,,,,,NVIDIA A100-SXM4-40GB MIG 4g.20gb (0),1,,13,cupy_copy__complex64_complex64
2072695258,1823,61608,1,1,1,1,1,1,18,0.000,0.000,,,,,NVIDIA A100-SXM4-40GB MIG 4g.20gb (0),1,,13,cupy_copy__float32_float32
2072702649,4928,61614,,,,,,,,,,0.000,0.812,Device,Pageable,NVIDIA A100-SXM4-40GB MIG 4g.20gb (0),1,,7,[CUDA memcpy Device-to-Host]
2072779832,12640,61625,1434,1,1,128,1,1,16,0.000,0.000,,,,,NVIDIA A100-SXM4-40GB MIG 4g.20gb (0),1,,13,cupy_copy__complex64_complex64
2072805496,3360,61632,103,1,1,128,1,1,16,0.000,0.000,,,,,NVIDIA A100-SXM4-40GB MIG 4g.20gb (0),1,,13,cupy_copy__complex64_complex64
2072830744,2560,61639,35,1,1,128,1,1,16,0.000,0.000,,,,,NVIDIA A100-SXM4-40GB MIG 4g.20gb (0),1,,13,cupy_copy__complex64_complex64
2072843544,1920,61646,1,1,1,1,1,1,18,0.000,0.000,,,,,NVIDIA A100-SXM4-40GB MIG 4g.20gb (0),1,,13,cupy_copy__float32_float32
2072973750,81823,61657,1,1,1,32,32,1,30,0.000,0.000,,,,,NVIDIA A100-SXM4-40GB MIG 4g.20gb (0),1,,13,"void convert_kernel<__half2, float2>(tensor_layout_any, T1 *, tensor_layout_any, const T2 *)"
2073082805,5856,61660,,,,,,,,,,0.094,15999.997,Pinned,Device,NVIDIA A100-SXM4-40GB MIG 4g.20gb (0),1,,13,[CUDA memcpy Host-to-Device]
2073099541,3167,61661,,,,,,,,,,1.547,488355.808,Device,,NVIDIA A100-SXM4-40GB MIG 4g.20gb (0),1,,13,[CUDA memset]
2073107092,3136,61666,,,,,,,,,,0.031,9979.575,Pinned,Device,NVIDIA A100-SXM4-40GB MIG 4g.20gb (0),1,,13,[CUDA memcpy Host-to-Device]
2073112916,9664,61667,,,,,,,,,,0.197,20344.209,Pinned,Device,NVIDIA A100-SXM4-40GB MIG 4g.20gb (0),1,,13,[CUDA memcpy Host-to-Device]
2073129620,9472,61668,273,1,1,8,4,1,39,0.002,0.000,,,,,NVIDIA A100-SXM4-40GB MIG 4g.20gb (0),1,,13,"void channel_eq::eqMmseCoefCompLowMimoKernel<float, float, float, (unsigned int)4, (unsigned int)1, (unsigned int)4>(const channel_eq::_puschRxChEqStatDescr *, channel_eq::_puschRxChEqCoefCompDynDescr)"
2073141812,6272,61669,273,1,1,12,11,1,51,0.002,0.000,,,,,NVIDIA A100-SXM4-40GB MIG 4g.20gb (0),1,,13,"void channel_eq::eqMmseSoftDemapKernel<float, __half, __half, float, (unsigned int)4, (unsigned short)16383>(channel_eq::_puschRxChEqStatDescr *, channel_eq::_puschRxChEqSoftDemapDynDescr)"
2073149652,282332,61670,1,1,1,32,32,1,30,0.000,0.000,,,,,NVIDIA A100-SXM4-40GB MIG 4g.20gb (0),1,,13,"void convert_kernel<float2, __half2>(tensor_layout_any, T1 *, tensor_layout_any, const T2 *)"
2073433008,11008,61682,2253,1,1,128,1,1,16,0.000,0.000,,,,,NVIDIA A100-SXM4-40GB MIG 4g.20gb (0),1,,13,cupy_copy__float16_float16
2073448304,3616,61691,282,1,1,128,1,1,16,0.000,0.000,,,,,NVIDIA A100-SXM4-40GB MIG 4g.20gb (0),1,,13,cupy_copy__complex64_complex64
2073453520,2112,61700,26,1,1,128,1,1,16,0.000,0.000,,,,,NVIDIA A100-SXM4-40GB MIG 4g.20gb (0),1,,13,cupy_copy__float32_float32
2073458192,2784,61709,103,1,1,128,1,1,16,0.000,0.000,,,,,NVIDIA A100-SXM4-40GB MIG 4g.20gb (0),1,,13,cupy_copy__complex64_complex64
2073462064,11936,61719,1434,1,1,128,1,1,16,0.000,0.000,,,,,NVIDIA A100-SXM4-40GB MIG 4g.20gb (0),1,,13,cupy_copy__complex64_complex64
2073481776,87103,61724,1,1,1,32,32,1,30,0.000,0.000,,,,,NVIDIA A100-SXM4-40GB MIG 4g.20gb (0),1,,13,"void convert_kernel<__half2, float2>(tensor_layout_any, T1 *, tensor_layout_any, const T2 *)"
2073595758,5472,61727,,,,,,,,,,0.094,17122.757,Pinned,Device,NVIDIA A100-SXM4-40GB MIG 4g.20gb (0),1,,13,[CUDA memcpy Host-to-Device]
2073605774,601529,61728,,,,,,,,,,456.561,758805.113,Device,,NVIDIA A100-SXM4-40GB MIG 4g.20gb (0),1,,13,[CUDA memset]
2074208551,178142,61733,,,,,,,,,,1.235,6931.741,Pinned,Device,NVIDIA A100-SXM4-40GB MIG 4g.20gb (0),1,,13,[CUDA memcpy Host-to-Device]
2074399396,40128,61734,,,,,,,,,,0.197,4899.471,Pinned,Device,NVIDIA A100-SXM4-40GB MIG 4g.20gb (0),1,,13,[CUDA memcpy Host-to-Device]
2074463396,8192,61735,69,4,1,48,1,1,76,0.002,0.000,,,,,NVIDIA A100-SXM4-40GB MIG 4g.20gb (0),1,,13,"void ch_est::windowedChEstPreNoDftSOfdmKernel<float, __half, float, (unsigned int)2, (unsigned int)1, (unsigned short)4>(ch_est::puschRxChEstStatDescr_t *, ch_est::puschRxChEstDynDescr_t *)"
2074478307,6848,61736,137,2,1,24,2,1,44,0.001,0.001,,,,,NVIDIA A100-SXM4-40GB MIG 4g.20gb (0),1,,13,"void ch_est::chEstFilterNoDftSOfdmDispatchKernel<float, __half, float, (unsigned int)2>(ch_est::puschRxChEstStatDescr_t *, ch_est::puschRxChEstDynDescr_t *)"
2074491427,4800,61737,137,2,1,24,2,1,44,0.001,0.001,,,,,NVIDIA A100-SXM4-40GB MIG 4g.20gb (0),1,,13,"void ch_est::chEstFilterNoDftSOfdmDispatchKernel<float, __half, float, (unsigned int)2>(ch_est::puschRxChEstStatDescr_t *, ch_est::puschRxChEstDynDescr_t *)"
2074503843,2688,61748,103,1,1,128,1,1,16,0.000,0.000,,,,,NVIDIA A100-SXM4-40GB MIG 4g.20gb (0),1,,13,cupy_copy__complex64_complex64
2074519107,12800,61758,1434,1,1,128,1,1,16,0.000,0.000,,,,,NVIDIA A100-SXM4-40GB MIG 4g.20gb (0),1,,13,cupy_copy__complex64_complex64
2074550083,2592,61765,103,1,1,128,1,1,16,0.000,0.000,,,,,NVIDIA A100-SXM4-40GB MIG 4g.20gb (0),1,,13,cupy_copy__complex64_complex64
2074562018,86623,61772,1,1,1,32,32,1,30,0.000,0.000,,,,,NVIDIA A100-SXM4-40GB MIG 4g.20gb (0),1,,13,"void convert_kernel<__half2, float2>(tensor_layout_any, T1 *, tensor_layout_any, const T2 *)"
2074679809,13504,61775,,,,,,,,,,0.094,6938.376,Pinned,Device,NVIDIA A100-SXM4-40GB MIG 4g.20gb (0),1,,13,[CUDA memcpy Host-to-Device]
2074707457,47583,61776,,,,,,,,,,35.810,752545.469,Device,,NVIDIA A100-SXM4-40GB MIG 4g.20gb (0),1,,13,[CUDA memset]
2074760800,6912,61778,,,,,,,,,,0.000,11.574,Pinned,Device,NVIDIA A100-SXM4-40GB MIG 4g.20gb (0),1,,13,[CUDA memcpy Host-to-Device]
2074775712,19680,61779,,,,,,,,,,0.197,9990.242,Pinned,Device,NVIDIA A100-SXM4-40GB MIG 4g.20gb (0),1,,13,[CUDA memcpy Host-to-Device]
2074811999,9600,61780,273,1,1,48,1,1,40,0.000,0.001,,,,,NVIDIA A100-SXM4-40GB MIG 4g.20gb (0),1,,13,"void pusch_noise_intf_est::noiseIntfEstNoDftSOfdmKernel<float, __half, float, float, (unsigned int)2, (unsigned int)1, (unsigned char)4, (unsigned char)4>(pusch_noise_intf_est::puschRxNoiseIntfEstDynDescr)"
2074824927,2752,61791,35,1,1,128,1,1,16,0.000,0.000,,,,,NVIDIA A100-SXM4-40GB MIG 4g.20gb (0),1,,13,cupy_copy__complex64_complex64
2074839103,1728,61800,1,1,1,1,1,1,18,0.000,0.000,,,,,NVIDIA A100-SXM4-40GB MIG 4g.20gb (0),1,,13,cupy_copy__float32_float32
2074843039,4800,61806,,,,,,,,,,0.000,0.833,Device,Pageable,NVIDIA A100-SXM4-40GB MIG 4g.20gb (0),1,,7,[CUDA memcpy Device-to-Host]
2074923646,13088,61817,1434,1,1,128,1,1,16,0.000,0.000,,,,,NVIDIA A100-SXM4-40GB MIG 4g.20gb (0),1,,13,cupy_copy__complex64_complex64
2074952062,2848,61824,103,1,1,128,1,1,16,0.000,0.000,,,,,NVIDIA A100-SXM4-40GB MIG 4g.20gb (0),1,,13,cupy_copy__complex64_complex64
2074974973,2720,61831,35,1,1,128,1,1,16,0.000,0.000,,,,,NVIDIA A100-SXM4-40GB MIG 4g.20gb (0),1,,13,cupy_copy__complex64_complex64
2074995869,1760,61838,1,1,1,1,1,1,18,0.000,0.000,,,,,NVIDIA A100-SXM4-40GB MIG 4g.20gb (0),1,,13,cupy_copy__float32_float32
2075126171,87231,61849,1,1,1,32,32,1,30,0.000,0.000,,,,,NVIDIA A100-SXM4-40GB MIG 4g.20gb (0),1,,13,"void convert_kernel<__half2, float2>(tensor_layout_any, T1 *, tensor_layout_any, const T2 *)"
2075245626,12480,61852,,,,,,,,,,0.094,7507.673,Pinned,Device,NVIDIA A100-SXM4-40GB MIG 4g.20gb (0),1,,13,[CUDA memcpy Host-to-Device]
2075269370,3392,61853,,,,,,,,,,1.547,455961.768,Device,,NVIDIA A100-SXM4-40GB MIG 4g.20gb (0),1,,13,[CUDA memset]
2075273818,5632,61858,,,,,,,,,,0.031,5556.793,Pinned,Device,NVIDIA A100-SXM4-40GB MIG 4g.20gb (0),1,,13,[CUDA memcpy Host-to-Device]
2075287225,13344,61859,,,,,,,,,,0.197,14733.804,Pinned,Device,NVIDIA A100-SXM4-40GB MIG 4g.20gb (0),1,,13,[CUDA memcpy Host-to-Device]
2075312601,11552,61860,273,1,1,8,4,1,39,0.002,0.000,,,,,NVIDIA A100-SXM4-40GB MIG 4g.20gb (0),1,,13,"void channel_eq::eqMmseCoefCompLowMimoKernel<float, float, float, (unsigned int)4, (unsigned int)1, (unsigned int)4>(const channel_eq::_puschRxChEqStatDescr *, channel_eq::_puschRxChEqCoefCompDynDescr)"
2075330457,5664,61861,273,1,1,12,11,1,51,0.002,0.000,,,,,NVIDIA A100-SXM4-40GB MIG 4g.20gb (0),1,,13,"void channel_eq::eqMmseSoftDemapKernel<float, __half, __half, float, (unsigned int)4, (unsigned short)16383>(channel_eq::_puschRxChEqStatDescr *, channel_eq::_puschRxChEqSoftDemapDynDescr)"
2075338425,282716,61862,1,1,1,32,32,1,30,0.000,0.000,,,,,NVIDIA A100-SXM4-40GB MIG 4g.20gb (0),1,,13,"void convert_kernel<float2, __half2>(tensor_layout_any, T1 *, tensor_layout_any, const T2 *)"
2075624149,10944,61874,2253,1,1,128,1,1,16,0.000,0.000,,,,,NVIDIA A100-SXM4-40GB MIG 4g.20gb (0),1,,13,cupy_copy__float16_float16
2075639861,2656,61883,282,1,1,128,1,1,16,0.000,0.000,,,,,NVIDIA A100-SXM4-40GB MIG 4g.20gb (0),1,,13,cupy_copy__complex64_complex64
2075645909,2400,61892,26,1,1,128,1,1,16,0.000,0.000,,,,,NVIDIA A100-SXM4-40GB MIG 4g.20gb (0),1,,13,cupy_copy__float32_float32
2075649301,2912,61901,103,1,1,128,1,1,16,0.000,0.000,,,,,NVIDIA A100-SXM4-40GB MIG 4g.20gb (0),1,,13,cupy_copy__complex64_complex64
2075653621,12640,61911,1434,1,1,128,1,1,16,0.000,0.000,,,,,NVIDIA A100-SXM4-40GB MIG 4g.20gb (0),1,,13,cupy_copy__complex64_complex64
2075672277,82463,61916,1,1,1,32,32,1,30,0.000,0.000,,,,,NVIDIA A100-SXM4-40GB MIG 4g.20gb (0),1,,13,"void convert_kernel<__half2, float2>(tensor_layout_any, T1 *, tensor_layout_any, const T2 *)"
2075781267,5760,61919,,,,,,,,,,0.094,16266.656,Pinned,Device,NVIDIA A100-SXM4-40GB MIG 4g.20gb (0),1,,13,[CUDA memcpy Host-to-Device]
2075790835,596761,61920,,,,,,,,,,456.561,764740.412,Device,,NVIDIA A100-SXM4-40GB MIG 4g.20gb (0),1,,13,[CUDA memset]
2076393356,96383,61925,,,,,,,,,,1.235,12812.544,Pinned,Device,NVIDIA A100-SXM4-40GB MIG 4g.20gb (0),1,,13,[CUDA memcpy Host-to-Device]
2076501450,36288,61926,,,,,,,,,,0.197,5417.927,Pinned,Device,NVIDIA A100-SXM4-40GB MIG 4g.20gb (0),1,,13,[CUDA memcpy Host-to-Device]
2076555530,7840,61927,69,4,1,48,1,1,76,0.002,0.000,,,,,NVIDIA A100-SXM4-40GB MIG 4g.20gb (0),1,,13,"void ch_est::windowedChEstPreNoDftSOfdmKernel<float, __half, float, (unsigned int)2, (unsigned int)1, (unsigned short)4>(ch_est::puschRxChEstStatDescr_t *, ch_est::puschRxChEstDynDescr_t *)"
2076570282,6688,61928,137,2,1,24,2,1,44,0.001,0.001,,,,,NVIDIA A100-SXM4-40GB MIG 4g.20gb (0),1,,13,"void ch_est::chEstFilterNoDftSOfdmDispatchKernel<float, __half, float, (unsigned int)2>(ch_est::puschRxChEstStatDescr_t *, ch_est::puschRxChEstDynDescr_t *)"
2076586697,5088,61929,137,2,1,24,2,1,44,0.001,0.001,,,,,NVIDIA A100-SXM4-40GB MIG 4g.20gb (0),1,,13,"void ch_est::chEstFilterNoDftSOfdmDispatchKernel<float, __half, float, (unsigned int)2>(ch_est::puschRxChEstStatDescr_t *, ch_est::puschRxChEstDynDescr_t *)"
2076600009,2752,61940,103,1,1,128,1,1,16,0.000,0.000,,,,,NVIDIA A100-SXM4-40GB MIG 4g.20gb (0),1,,13,cupy_copy__complex64_complex64
2076615305,12608,61950,1434,1,1,128,1,1,16,0.000,0.000,,,,,NVIDIA A100-SXM4-40GB MIG 4g.20gb (0),1,,13,cupy_copy__complex64_complex64
2076633801,2944,61957,103,1,1,128,1,1,16,0.000,0.000,,,,,NVIDIA A100-SXM4-40GB MIG 4g.20gb (0),1,,13,cupy_copy__complex64_complex64
2076652969,89790,61964,1,1,1,32,32,1,30,0.000,0.000,,,,,NVIDIA A100-SXM4-40GB MIG 4g.20gb (0),1,,13,"void convert_kernel<__half2, float2>(tensor_layout_any, T1 *, tensor_layout_any, const T2 *)"
2076774855,24576,61967,,,,,,,,,,0.094,3812.490,Pinned,Device,NVIDIA A100-SXM4-40GB MIG 4g.20gb (0),1,,13,[CUDA memcpy Host-to-Device]
2076826694,47552,61968,,,,,,,,,,35.810,753046.808,Device,,NVIDIA A100-SXM4-40GB MIG 4g.20gb (0),1,,13,[CUDA memset]
2076879942,14880,61970,,,,,,,,,,0.000,5.376,Pinned,Device,NVIDIA A100-SXM4-40GB MIG 4g.20gb (0),1,,13,[CUDA memcpy Host-to-Device]
2076904581,27392,61971,,,,,,,,,,0.197,7177.568,Pinned,Device,NVIDIA A100-SXM4-40GB MIG 4g.20gb (0),1,,13,[CUDA memcpy Host-to-Device]
2076963429,9760,61972,273,1,1,48,1,1,40,0.000,0.001,,,,,NVIDIA A100-SXM4-40GB MIG 4g.20gb (0),1,,13,"void pusch_noise_intf_est::noiseIntfEstNoDftSOfdmKernel<float, __half, float, float, (unsigned int)2, (unsigned int)1, (unsigned char)4, (unsigned char)4>(pusch_noise_intf_est::puschRxNoiseIntfEstDynDescr)"
2076978277,2688,61983,35,1,1,128,1,1,16,0.000,0.000,,,,,NVIDIA A100-SXM4-40GB MIG 4g.20gb (0),1,,13,cupy_copy__complex64_complex64
2076988964,1696,61992,1,1,1,1,1,1,18,0.000,0.000,,,,,NVIDIA A100-SXM4-40GB MIG 4g.20gb (0),1,,13,cupy_copy__float32_float32
2076998532,3200,61998,,,,,,,,,,0.000,1.250,Device,Pageable,NVIDIA A100-SXM4-40GB MIG 4g.20gb (0),1,,7,[CUDA memcpy Device-to-Host]
2077076579,12768,62009,1434,1,1,128,1,1,16,0.000,0.000,,,,,NVIDIA A100-SXM4-40GB MIG 4g.20gb (0),1,,13,cupy_copy__complex64_complex64
2077096579,3392,62016,103,1,1,128,1,1,16,0.000,0.000,,,,,NVIDIA A100-SXM4-40GB MIG 4g.20gb (0),1,,13,cupy_copy__complex64_complex64
2077125475,2432,62023,35,1,1,128,1,1,16,0.000,0.000,,,,,NVIDIA A100-SXM4-40GB MIG 4g.20gb (0),1,,13,cupy_copy__complex64_complex64
2077145314,1856,62030,1,1,1,1,1,1,18,0.000,0.000,,,,,NVIDIA A100-SXM4-40GB MIG 4g.20gb (0),1,,13,cupy_copy__float32_float32
2077270529,82559,62041,1,1,1,32,32,1,30,0.000,0.000,,,,,NVIDIA A100-SXM4-40GB MIG 4g.20gb (0),1,,13,"void convert_kernel<__half2, float2>(tensor_layout_any, T1 *, tensor_layout_any, const T2 *)"
2077380320,5888,62044,,,,,,,,,,0.094,15912.954,Pinned,Device,NVIDIA A100-SXM4-40GB MIG 4g.20gb (0),1,,13,[CUDA memcpy Host-to-Device]
2077394847,3232,62045,,,,,,,,,,1.547,478533.199,Device,,NVIDIA A100-SXM4-40GB MIG 4g.20gb (0),1,,13,[CUDA memset]
2077401663,3200,62050,,,,,,,,,,0.031,9780.000,Pinned,Device,NVIDIA A100-SXM4-40GB MIG 4g.20gb (0),1,,13,[CUDA memcpy Host-to-Device]
2077407551,9376,62051,,,,,,,,,,0.197,20969.226,Pinned,Device,NVIDIA A100-SXM4-40GB MIG 4g.20gb (0),1,,13,[CUDA memcpy Host-to-Device]
2077423007,6176,62052,273,1,1,8,4,1,39,0.002,0.000,,,,,NVIDIA A100-SXM4-40GB MIG 4g.20gb (0),1,,13,"void channel_eq::eqMmseCoefCompLowMimoKernel<float, float, float, (unsigned int)4, (unsigned int)1, (unsigned int)4>(const channel_eq::_puschRxChEqStatDescr *, channel_eq::_puschRxChEqCoefCompDynDescr)"
2077430271,6336,62053,273,1,1,12,11,1,51,0.002,0.000,,,,,NVIDIA A100-SXM4-40GB MIG 4g.20gb (0),1,,13,"void channel_eq::eqMmseSoftDemapKernel<float, __half, __half, float, (unsigned int)4, (unsigned short)16383>(channel_eq::_puschRxChEqStatDescr *, channel_eq::_puschRxChEqSoftDemapDynDescr)"
2077437663,282780,62054,1,1,1,32,32,1,30,0.000,0.000,,,,,NVIDIA A100-SXM4-40GB MIG 4g.20gb (0),1,,13,"void convert_kernel<float2, __half2>(tensor_layout_any, T1 *, tensor_layout_any, const T2 *)"
2077721499,10912,62066,2253,1,1,128,1,1,16,0.000,0.000,,,,,NVIDIA A100-SXM4-40GB MIG 4g.20gb (0),1,,13,cupy_copy__float16_float16
2077735387,3744,62075,282,1,1,128,1,1,16,0.000,0.000,,,,,NVIDIA A100-SXM4-40GB MIG 4g.20gb (0),1,,13,cupy_copy__complex64_complex64
2077740571,2272,62084,26,1,1,128,1,1,16,0.000,0.000,,,,,NVIDIA A100-SXM4-40GB MIG 4g.20gb (0),1,,13,cupy_copy__float32_float32
2077745115,3072,62093,103,1,1,128,1,1,16,0.000,0.000,,,,,NVIDIA A100-SXM4-40GB MIG 4g.20gb (0),1,,13,cupy_copy__complex64_complex64
2077751579,11968,62103,1434,1,1,128,1,1,16,0.000,0.000,,,,,NVIDIA A100-SXM4-40GB MIG 4g.20gb (0),1,,13,cupy_copy__complex64_complex64
2077767835,81983,62108,1,1,1,32,32,1,30,0.000,0.000,,,,,NVIDIA A100-SXM4-40GB MIG 4g.20gb (0),1,,13,"void convert_kernel<__half2, float2>(tensor_layout_any, T1 *, tensor_layout_any, const T2 *)"
2077877433,5920,62111,,,,,,,,,,0.094,15826.941,Pinned,Device,NVIDIA A100-SXM4-40GB MIG 4g.20gb (0),1,,13,[CUDA memcpy Host-to-Device]
2077888473,600281,62112,,,,,,,,,,456.561,760174.798,Device,,NVIDIA A100-SXM4-40GB MIG 4g.20gb (0),1,,13,[CUDA memset]
2078490034,140510,62117,,,,,,,,,,1.235,8787.862,Pinned,Device,NVIDIA A100-SXM4-40GB MIG 4g.20gb (0),1,,13,[CUDA memcpy Host-to-Device]
2078640752,32896,62118,,,,,,,,,,0.197,5976.490,Pinned,Device,NVIDIA A100-SXM4-40GB MIG 4g.20gb (0),1,,13,[CUDA memcpy Host-to-Device]
2078690799,8000,62119,69,4,1,48,1,1,76,0.002,0.000,,,,,NVIDIA A100-SXM4-40GB MIG 4g.20gb (0),1,,13,"void ch_est::windowedChEstPreNoDftSOfdmKernel<float, __half, float, (unsigned int)2, (unsigned int)1, (unsigned short)4>(ch_est::puschRxChEstStatDescr_t *, ch_est::puschRxChEstDynDescr_t *)"
2078706319,6848,62120,137,2,1,24,2,1,44,0.001,0.001,,,,,NVIDIA A100-SXM4-40GB MIG 4g.20gb (0),1,,13,"void ch_est::chEstFilterNoDftSOfdmDispatchKernel<float, __half, float, (unsigned int)2>(ch_est::puschRxChEstStatDescr_t *, ch_est::puschRxChEstDynDescr_t *)"
2078715439,4704,62121,137,2,1,24,2,1,44,0.001,0.001,,,,,NVIDIA A100-SXM4-40GB MIG 4g.20gb (0),1,,13,"void ch_est::chEstFilterNoDftSOfdmDispatchKernel<float, __half, float, (unsigned int)2>(ch_est::puschRxChEstStatDescr_t *, ch_est::puschRxChEstDynDescr_t *)"
2078727471,2880,62132,103,1,1,128,1,1,16,0.000,0.000,,,,,NVIDIA A100-SXM4-40GB MIG 4g.20gb (0),1,,13,cupy_copy__complex64_complex64
2078740431,12416,62142,1434,1,1,128,1,1,16,0.000,0.000,,,,,NVIDIA A100-SXM4-40GB MIG 4g.20gb (0),1,,13,cupy_copy__complex64_complex64
2078758479,2944,62149,103,1,1,128,1,1,16,0.000,0.000,,,,,NVIDIA A100-SXM4-40GB MIG 4g.20gb (0),1,,13,cupy_copy__complex64_complex64
2078778030,93215,62156,1,1,1,32,32,1,30,0.000,0.000,,,,,NVIDIA A100-SXM4-40GB MIG 4g.20gb (0),1,,13,"void convert_kernel<__half2, float2>(tensor_layout_any, T1 *, tensor_layout_any, const T2 *)"
2078957164,23104,62159,,,,,,,,,,0.094,4055.350,Pinned,Device,NVIDIA A100-SXM4-40GB MIG 4g.20gb (0),1,,13,[CUDA memcpy Host-to-Device]
2079004844,47359,62160,,,,,,,,,,35.810,756126.461,Device,,NVIDIA A100-SXM4-40GB MIG 4g.20gb (0),1,,13,[CUDA memset]
2079053739,18336,62162,,,,,,,,,,0.000,4.363,Pinned,Device,NVIDIA A100-SXM4-40GB MIG 4g.20gb (0),1,,13,[CUDA memcpy Host-to-Device]
2079085995,27807,62163,,,,,,,,,,0.197,7070.417,Pinned,Device,NVIDIA A100-SXM4-40GB MIG 4g.20gb (0),1,,13,[CUDA memcpy Host-to-Device]
2079146730,9696,62164,273,1,1,48,1,1,40,0.000,0.001,,,,,NVIDIA A100-SXM4-40GB MIG 4g.20gb (0),1,,13,"void pusch_noise_intf_est::noiseIntfEstNoDftSOfdmKernel<float, __half, float, float, (unsigned int)2, (unsigned int)1, (unsigned char)4, (unsigned char)4>(pusch_noise_intf_est::puschRxNoiseIntfEstDynDescr)"
2079163722,2784,62175,35,1,1,128,1,1,16,0.000,0.000,,,,,NVIDIA A100-SXM4-40GB MIG 4g.20gb (0),1,,13,cupy_copy__complex64_complex64
2079180521,1760,62184,1,1,1,1,1,1,18,0.000,0.000,,,,,NVIDIA A100-SXM4-40GB MIG 4g.20gb (0),1,,13,cupy_copy__float32_float32
2079184425,8448,62190,,,,,,,,,,0.000,0.473,Device,Pageable,NVIDIA A100-SXM4-40GB MIG 4g.20gb (0),1,,7,[CUDA memcpy Device-to-Host]
2079288200,12640,62201,1434,1,1,128,1,1,16,0.000,0.000,,,,,NVIDIA A100-SXM4-40GB MIG 4g.20gb (0),1,,13,cupy_copy__complex64_complex64
2079314088,3008,62208,103,1,1,128,1,1,16,0.000,0.000,,,,,NVIDIA A100-SXM4-40GB MIG 4g.20gb (0),1,,13,cupy_copy__complex64_complex64
2079333415,2368,62215,35,1,1,128,1,1,16,0.000,0.000,,,,,NVIDIA A100-SXM4-40GB MIG 4g.20gb (0),1,,13,cupy_copy__complex64_complex64
2079350087,1792,62222,1,1,1,1,1,1,18,0.000,0.000,,,,,NVIDIA A100-SXM4-40GB MIG 4g.20gb (0),1,,13,cupy_copy__float32_float32
2079479814,83231,62233,1,1,1,32,32,1,30,0.000,0.000,,,,,NVIDIA A100-SXM4-40GB MIG 4g.20gb (0),1,,13,"void convert_kernel<__half2, float2>(tensor_layout_any, T1 *, tensor_layout_any, const T2 *)"
2079595652,11872,62236,,,,,,,,,,0.094,7892.108,Pinned,Device,NVIDIA A100-SXM4-40GB MIG 4g.20gb (0),1,,13,[CUDA memcpy Host-to-Device]
2079625060,3232,62237,,,,,,,,,,1.547,478533.199,Device,,NVIDIA A100-SXM4-40GB MIG 4g.20gb (0),1,,13,[CUDA memset]
2079629860,9568,62242,,,,,,,,,,0.031,3270.901,Pinned,Device,NVIDIA A100-SXM4-40GB MIG 4g.20gb (0),1,,13,[CUDA memcpy Host-to-Device]
2079646148,20159,62243,,,,,,,,,,0.197,9752.740,Pinned,Device,NVIDIA A100-SXM4-40GB MIG 4g.20gb (0),1,,13,[CUDA memcpy Host-to-Device]
2079677347,6528,62244,273,1,1,8,4,1,39,0.002,0.000,,,,,NVIDIA A100-SXM4-40GB MIG 4g.20gb (0),1,,13,"void channel_eq::eqMmseCoefCompLowMimoKernel<float, float, float, (unsigned int)4, (unsigned int)1, (unsigned int)4>(const channel_eq::_puschRxChEqStatDescr *, channel_eq::_puschRxChEqCoefCompDynDescr)"
2079689955,6272,62245,273,1,1,12,11,1,51,0.002,0.000,,,,,NVIDIA A100-SXM4-40GB MIG 4g.20gb (0),1,,13,"void channel_eq::eqMmseSoftDemapKernel<float, __half, __half, float, (unsigned int)4, (unsigned short)16383>(channel_eq::_puschRxChEqStatDescr *, channel_eq::_puschRxChEqSoftDemapDynDescr)"
2079698403,281692,62246,1,1,1,32,32,1,30,0.000,0.000,,,,,NVIDIA A100-SXM4-40GB MIG 4g.20gb (0),1,,13,"void convert_kernel<float2, __half2>(tensor_layout_any, T1 *, tensor_layout_any, const T2 *)"
2079981119,10976,62258,2253,1,1,128,1,1,16,0.000,0.000,,,,,NVIDIA A100-SXM4-40GB MIG 4g.20gb (0),1,,13,cupy_copy__float16_float16
2079995839,3680,62267,282,1,1,128,1,1,16,0.000,0.000,,,,,NVIDIA A100-SXM4-40GB MIG 4g.20gb (0),1,,13,cupy_copy__complex64_complex64
2080002879,2144,62276,26,1,1,128,1,1,16,0.000,0.000,,,,,NVIDIA A100-SXM4-40GB MIG 4g.20gb (0),1,,13,cupy_copy__float32_float32
2080008191,3104,62285,103,1,1,128,1,1,16,0.000,0.000,,,,,NVIDIA A100-SXM4-40GB MIG 4g.20gb (0),1,,13,cupy_copy__complex64_complex64
2080012447,12096,62295,1434,1,1,128,1,1,16,0.000,0.000,,,,,NVIDIA A100-SXM4-40GB MIG 4g.20gb (0),1,,13,cupy_copy__complex64_complex64
2080028319,87903,62300,1,1,1,32,32,1,30,0.000,0.000,,,,,NVIDIA A100-SXM4-40GB MIG 4g.20gb (0),1,,13,"void convert_kernel<__half2, float2>(tensor_layout_any, T1 *, tensor_layout_any, const T2 *)"
2080143709,5952,62303,,,,,,,,,,0.094,15741.865,Pinned,Device,NVIDIA A100-SXM4-40GB MIG 4g.20gb (0),1,,13,[CUDA memcpy Host-to-Device]
2080153949,597433,62304,,,,,,,,,,456.561,763827.289,Device,,NVIDIA A100-SXM4-40GB MIG 4g.20gb (0),1,,13,[CUDA memset]
2080757590,108638,62309,,,,,,,,,,1.235,11366.425,Pinned,Device,NVIDIA A100-SXM4-40GB MIG 4g.20gb (0),1,,13,[CUDA memcpy Host-to-Device]
2080876916,23072,62310,,,,,,,,,,0.197,8521.384,Pinned,Device,NVIDIA A100-SXM4-40GB MIG 4g.20gb (0),1,,13,[CUDA memcpy Host-to-Device]
2080911924,8640,62311,69,4,1,48,1,1,76,0.002,0.000,,,,,NVIDIA A100-SXM4-40GB MIG 4g.20gb (0),1,,13,"void ch_est::windowedChEstPreNoDftSOfdmKernel<float, __half, float, (unsigned int)2, (unsigned int)1, (unsigned short)4>(ch_est::puschRxChEstStatDescr_t *, ch_est::puschRxChEstDynDescr_t *)"
2080924596,6976,62312,137,2,1,24,2,1,44,0.001,0.001,,,,,NVIDIA A100-SXM4-40GB MIG 4g.20gb (0),1,,13,"void ch_est::chEstFilterNoDftSOfdmDispatchKernel<float, __half, float, (unsigned int)2>(ch_est::puschRxChEstStatDescr_t *, ch_est::puschRxChEstDynDescr_t *)"
2080938484,5376,62313,137,2,1,24,2,1,44,0.001,0.001,,,,,NVIDIA A100-SXM4-40GB MIG 4g.20gb (0),1,,13,"void ch_est::chEstFilterNoDftSOfdmDispatchKernel<float, __half, float, (unsigned int)2>(ch_est::puschRxChEstStatDescr_t *, ch_est::puschRxChEstDynDescr_t *)"
2080948915,2944,62324,103,1,1,128,1,1,16,0.000,0.000,,,,,NVIDIA A100-SXM4-40GB MIG 4g.20gb (0),1,,13,cupy_copy__complex64_complex64
2080965651,13024,62334,1434,1,1,128,1,1,16,0.000,0.000,,,,,NVIDIA A100-SXM4-40GB MIG 4g.20gb (0),1,,13,cupy_copy__complex64_complex64
2080991315,2592,62341,103,1,1,128,1,1,16,0.000,0.000,,,,,NVIDIA A100-SXM4-40GB MIG 4g.20gb (0),1,,13,cupy_copy__complex64_complex64
2081003059,94495,62348,1,1,1,32,32,1,30,0.000,0.000,,,,,NVIDIA A100-SXM4-40GB MIG 4g.20gb (0),1,,13,"void convert_kernel<__half2, float2>(tensor_layout_any, T1 *, tensor_layout_any, const T2 *)"
2081125457,5568,62351,,,,,,,,,,0.094,16827.521,Pinned,Device,NVIDIA A100-SXM4-40GB MIG 4g.20gb (0),1,,13,[CUDA memcpy Host-to-Device]
2081137553,47008,62352,,,,,,,,,,35.810,761748.618,Device,,NVIDIA A100-SXM4-40GB MIG 4g.20gb (0),1,,13,[CUDA memset]
2081190416,4160,62354,,,,,,,,,,0.000,19.231,Pinned,Device,NVIDIA A100-SXM4-40GB MIG 4g.20gb (0),1,,13,[CUDA memcpy Host-to-Device]
2081199280,12928,62355,,,,,,,,,,0.197,15207.825,Pinned,Device,NVIDIA A100-SXM4-40GB MIG 4g.20gb (0),1,,13,[CUDA memcpy Host-to-Device]
2081222640,9664,62356,273,1,1,48,1,1,40,0.000,0.001,,,,,NVIDIA A100-SXM4-40GB MIG 4g.20gb (0),1,,13,"void pusch_noise_intf_est::noiseIntfEstNoDftSOfdmKernel<float, __half, float, float, (unsigned int)2, (unsigned int)1, (unsigned char)4, (unsigned char)4>(pusch_noise_intf_est::puschRxNoiseIntfEstDynDescr)"
2081237360,2848,62367,35,1,1,128,1,1,16,0.000,0.000,,,,,NVIDIA A100-SXM4-40GB MIG 4g.20gb (0),1,,13,cupy_copy__complex64_complex64
2081246288,2016,62376,1,1,1,1,1,1,18,0.000,0.000,,,,,NVIDIA A100-SXM4-40GB MIG 4g.20gb (0),1,,13,cupy_copy__float32_float32
2081277455,1568,62382,,,,,,,,,,0.000,2.551,Device,Pageable,NVIDIA A100-SXM4-40GB MIG 4g.20gb (0),1,,7,[CUDA memcpy Device-to-Host]
2081336559,12960,62393,1434,1,1,128,1,1,16,0.000,0.000,,,,,NVIDIA A100-SXM4-40GB MIG 4g.20gb (0),1,,13,cupy_copy__complex64_complex64
2081363022,2848,62400,103,1,1,128,1,1,16,0.000,0.000,,,,,NVIDIA A100-SXM4-40GB MIG 4g.20gb (0),1,,13,cupy_copy__complex64_complex64
2081388014,2464,62407,35,1,1,128,1,1,16,0.000,0.000,,,,,NVIDIA A100-SXM4-40GB MIG 4g.20gb (0),1,,13,cupy_copy__complex64_complex64
2081408014,1792,62414,1,1,1,1,1,1,18,0.000,0.000,,,,,NVIDIA A100-SXM4-40GB MIG 4g.20gb (0),1,,13,cupy_copy__float32_float32
2081540012,82111,62425,1,1,1,32,32,1,30,0.000,0.000,,,,,NVIDIA A100-SXM4-40GB MIG 4g.20gb (0),1,,13,"void convert_kernel<__half2, float2>(tensor_layout_any, T1 *, tensor_layout_any, const T2 *)"
2081650027,5504,62428,,,,,,,,,,0.094,17023.251,Pinned,Device,NVIDIA A100-SXM4-40GB MIG 4g.20gb (0),1,,13,[CUDA memcpy Host-to-Device]
2081664203,3264,62429,,,,,,,,,,1.547,473842.288,Device,,NVIDIA A100-SXM4-40GB MIG 4g.20gb (0),1,,13,[CUDA memset]
2081671179,3136,62434,,,,,,,,,,0.031,9979.575,Pinned,Device,NVIDIA A100-SXM4-40GB MIG 4g.20gb (0),1,,13,[CUDA memcpy Host-to-Device]
2081677066,9600,62435,,,,,,,,,,0.197,20479.869,Pinned,Device,NVIDIA A100-SXM4-40GB MIG 4g.20gb (0),1,,13,[CUDA memcpy Host-to-Device]
2081692490,6464,62436,273,1,1,8,4,1,39,0.002,0.000,,,,,NVIDIA A100-SXM4-40GB MIG 4g.20gb (0),1,,13,"void channel_eq::eqMmseCoefCompLowMimoKernel<float, float, float, (unsigned int)4, (unsigned int)1, (unsigned int)4>(const channel_eq::_puschRxChEqStatDescr *, channel_eq::_puschRxChEqCoefCompDynDescr)"
2081700042,7488,62437,273,1,1,12,11,1,51,0.002,0.000,,,,,NVIDIA A100-SXM4-40GB MIG 4g.20gb (0),1,,13,"void channel_eq::eqMmseSoftDemapKernel<float, __half, __half, float, (unsigned int)4, (unsigned short)16383>(channel_eq::_puschRxChEqStatDescr *, channel_eq::_puschRxChEqSoftDemapDynDescr)"
2081708618,282237,62438,1,1,1,32,32,1,30,0.000,0.000,,,,,NVIDIA A100-SXM4-40GB MIG 4g.20gb (0),1,,13,"void convert_kernel<float2, __half2>(tensor_layout_any, T1 *, tensor_layout_any, const T2 *)"
2081991975,10879,62450,2253,1,1,128,1,1,16,0.000,0.000,,,,,NVIDIA A100-SXM4-40GB MIG 4g.20gb (0),1,,13,cupy_copy__float16_float16
2082006854,3584,62459,282,1,1,128,1,1,16,0.000,0.000,,,,,NVIDIA A100-SXM4-40GB MIG 4g.20gb (0),1,,13,cupy_copy__complex64_complex64
2082012326,2016,62468,26,1,1,128,1,1,16,0.000,0.000,,,,,NVIDIA A100-SXM4-40GB MIG 4g.20gb (0),1,,13,cupy_copy__float32_float32
2082018118,3232,62477,103,1,1,128,1,1,16,0.000,0.000,,,,,NVIDIA A100-SXM4-40GB MIG 4g.20gb (0),1,,13,cupy_copy__complex64_complex64
2082024134,11904,62487,1434,1,1,128,1,1,16,0.000,0.000,,,,,NVIDIA A100-SXM4-40GB MIG 4g.20gb (0),1,,13,cupy_copy__complex64_complex64
2082040710,82463,62492,1,1,1,32,32,1,30,0.000,0.000,,,,,NVIDIA A100-SXM4-40GB MIG 4g.20gb (0),1,,13,"void convert_kernel<__half2, float2>(tensor_layout_any, T1 *, tensor_layout_any, const T2 *)"
2082150085,5440,62495,,,,,,,,,,0.094,17223.480,Pinned,Device,NVIDIA A100-SXM4-40GB MIG 4g.20gb (0),1,,13,[CUDA memcpy Host-to-Device]
2082161092,597689,62496,,,,,,,,,,456.561,763827.289,Device,,NVIDIA A100-SXM4-40GB MIG 4g.20gb (0),1,,13,[CUDA memset]
2082764605,137246,62501,,,,,,,,,,1.235,8997.802,Pinned,Device,NVIDIA A100-SXM4-40GB MIG 4g.20gb (0),1,,13,[CUDA memcpy Host-to-Device]
2082912283,39872,62502,,,,,,,,,,0.197,4930.929,Pinned,Device,NVIDIA A100-SXM4-40GB MIG 4g.20gb (0),1,,13,[CUDA memcpy Host-to-Device]
2082981850,8384,62503,69,4,1,48,1,1,76,0.002,0.000,,,,,NVIDIA A100-SXM4-40GB MIG 4g.20gb (0),1,,13,"void ch_est::windowedChEstPreNoDftSOfdmKernel<float, __half, float, (unsigned int)2, (unsigned int)1, (unsigned short)4>(ch_est::puschRxChEstStatDescr_t *, ch_est::puschRxChEstDynDescr_t *)"
2082999674,6560,62504,137,2,1,24,2,1,44,0.001,0.001,,,,,NVIDIA A100-SXM4-40GB MIG 4g.20gb (0),1,,13,"void ch_est::chEstFilterNoDftSOfdmDispatchKernel<float, __half, float, (unsigned int)2>(ch_est::puschRxChEstStatDescr_t *, ch_est::puschRxChEstDynDescr_t *)"
2083016666,4896,62505,137,2,1,24,2,1,44,0.001,0.001,,,,,NVIDIA A100-SXM4-40GB MIG 4g.20gb (0),1,,13,"void ch_est::chEstFilterNoDftSOfdmDispatchKernel<float, __half, float, (unsigned int)2>(ch_est::puschRxChEstStatDescr_t *, ch_est::puschRxChEstDynDescr_t *)"
2083031610,2688,62516,103,1,1,128,1,1,16,0.000,0.000,,,,,NVIDIA A100-SXM4-40GB MIG 4g.20gb (0),1,,13,cupy_copy__complex64_complex64
2083047386,12383,62526,1434,1,1,128,1,1,16,0.000,0.000,,,,,NVIDIA A100-SXM4-40GB MIG 4g.20gb (0),1,,13,cupy_copy__complex64_complex64
2083064921,2880,62533,103,1,1,128,1,1,16,0.000,0.000,,,,,NVIDIA A100-SXM4-40GB MIG 4g.20gb (0),1,,13,cupy_copy__complex64_complex64
2083084537,88095,62540,1,1,1,32,32,1,30,0.000,0.000,,,,,NVIDIA A100-SXM4-40GB MIG 4g.20gb (0),1,,13,"void convert_kernel<__half2, float2>(tensor_layout_any, T1 *, tensor_layout_any, const T2 *)"
2083205496,16767,62543,,,,,,,,,,0.094,5588.029,Pinned,Device,NVIDIA A100-SXM4-40GB MIG 4g.20gb (0),1,,13,[CUDA memcpy Host-to-Device]
2083230487,47392,62544,,,,,,,,,,35.810,755589.312,Device,,NVIDIA A100-SXM4-40GB MIG 4g.20gb (0),1,,13,[CUDA memset]
2083285495,11263,62546,,,,,,,,,,0.000,7.103,Pinned,Device,NVIDIA A100-SXM4-40GB MIG 4g.20gb (0),1,,13,[CUDA memcpy Host-to-Device]
2083301174,20416,62547,,,,,,,,,,0.197,9630.056,Pinned,Device,NVIDIA A100-SXM4-40GB MIG 4g.20gb (0),1,,13,[CUDA memcpy Host-to-Device]
2083340822,9664,62548,273,1,1,48,1,1,40,0.000,0.001,,,,,NVIDIA A100-SXM4-40GB MIG 4g.20gb (0),1,,13,"void pusch_noise_intf_est::noiseIntfEstNoDftSOfdmKernel<float, __half, float, float, (unsigned int)2, (unsigned int)1, (unsigned char)4, (unsigned char)4>(pusch_noise_intf_est::puschRxNoiseIntfEstDynDescr)"
2083352310,3328,62559,35,1,1,128,1,1,16,0.000,0.000,,,,,NVIDIA A100-SXM4-40GB MIG 4g.20gb (0),1,,13,cupy_copy__complex64_complex64
2083361942,1760,62568,1,1,1,1,1,1,18,0.000,0.000,,,,,NVIDIA A100-SXM4-40GB MIG 4g.20gb (0),1,,13,cupy_copy__float32_float32
2083368758,5023,62574,,,,,,,,,,0.000,0.796,Device,Pageable,NVIDIA A100-SXM4-40GB MIG 4g.20gb (0),1,,7,[CUDA memcpy Device-to-Host]
2083439317,12992,62585,1434,1,1,128,1,1,16,0.000,0.000,,,,,NVIDIA A100-SXM4-40GB MIG 4g.20gb (0),1,,13,cupy_copy__complex64_complex64
2083473876,2784,62592,103,1,1,128,1,1,16,0.000,0.000,,,,,NVIDIA A100-SXM4-40GB MIG 4g.20gb (0),1,,13,cupy_copy__complex64_complex64
2083489556,2592,62599,35,1,1,128,1,1,16,0.000,0.000,,,,,NVIDIA A100-SXM4-40GB MIG 4g.20gb (0),1,,13,cupy_copy__complex64_complex64
2083506356,1760,62606,1,1,1,1,1,1,18,0.000,0.000,,,,,NVIDIA A100-SXM4-40GB MIG 4g.20gb (0),1,,13,cupy_copy__float32_float32
2083638770,86335,62617,1,1,1,32,32,1,30,0.000,0.000,,,,,NVIDIA A100-SXM4-40GB MIG 4g.20gb (0),1,,13,"void convert_kernel<__half2, float2>(tensor_layout_any, T1 *, tensor_layout_any, const T2 *)"
2083752625,5568,62620,,,,,,,,,,0.094,16827.521,Pinned,Device,NVIDIA A100-SXM4-40GB MIG 4g.20gb (0),1,,13,[CUDA memcpy Host-to-Device]
2083766673,3200,62621,,,,,,,,,,1.547,483320.000,Device,,NVIDIA A100-SXM4-40GB MIG 4g.20gb (0),1,,13,[CUDA memset]
2083773969,3008,62626,,,,,,,,,,0.031,10404.230,Pinned,Device,NVIDIA A100-SXM4-40GB MIG 4g.20gb (0),1,,13,[CUDA memcpy Host-to-Device]
2083780368,9536,62627,,,,,,,,,,0.197,20617.298,Pinned,Device,NVIDIA A100-SXM4-40GB MIG 4g.20gb (0),1,,13,[CUDA memcpy Host-to-Device]
2083793360,6336,62628,273,1,1,8,4,1,39,0.002,0.000,,,,,NVIDIA A100-SXM4-40GB MIG 4g.20gb (0),1,,13,"void channel_eq::eqMmseCoefCompLowMimoKernel<float, float, float, (unsigned int)4, (unsigned int)1, (unsigned int)4>(const channel_eq::_puschRxChEqStatDescr *, channel_eq::_puschRxChEqCoefCompDynDescr)"
2083800752,6432,62629,273,1,1,12,11,1,51,0.002,0.000,,,,,NVIDIA A100-SXM4-40GB MIG 4g.20gb (0),1,,13,"void channel_eq::eqMmseSoftDemapKernel<float, __half, __half, float, (unsigned int)4, (unsigned short)16383>(channel_eq::_puschRxChEqStatDescr *, channel_eq::_puschRxChEqSoftDemapDynDescr)"
2083810416,279965,62630,1,1,1,32,32,1,30,0.000,0.000,,,,,NVIDIA A100-SXM4-40GB MIG 4g.20gb (0),1,,13,"void convert_kernel<float2, __half2>(tensor_layout_any, T1 *, tensor_layout_any, const T2 *)"
2084092909,11007,62642,2253,1,1,128,1,1,16,0.000,0.000,,,,,NVIDIA A100-SXM4-40GB MIG 4g.20gb (0),1,,13,cupy_copy__float16_float16
2084105868,3072,62651,282,1,1,128,1,1,16,0.000,0.000,,,,,NVIDIA A100-SXM4-40GB MIG 4g.20gb (0),1,,13,cupy_copy__complex64_complex64
2084110604,2016,62660,26,1,1,128,1,1,16,0.000,0.000,,,,,NVIDIA A100-SXM4-40GB MIG 4g.20gb (0),1,,13,cupy_copy__float32_float32
2084114092,3200,62669,103,1,1,128,1,1,16,0.000,0.000,,,,,NVIDIA A100-SXM4-40GB MIG 4g.20gb (0),1,,13,cupy_copy__complex64_complex64
2084118572,11936,62679,1434,1,1,128,1,1,16,0.000,0.000,,,,,NVIDIA A100-SXM4-40GB MIG 4g.20gb (0),1,,13,cupy_copy__complex64_complex64
2084140716,83519,62684,1,1,1,32,32,1,30,0.000,0.000,,,,,NVIDIA A100-SXM4-40GB MIG 4g.20gb (0),1,,13,"void convert_kernel<__half2, float2>(tensor_layout_any, T1 *, tensor_layout_any, const T2 *)"
2084253099,5600,62687,,,,,,,,,,0.094,16731.388,Pinned,Device,NVIDIA A100-SXM4-40GB MIG 4g.20gb (0),1,,13,[CUDA memcpy Host-to-Device]
2084263946,597145,62688,,,,,,,,,,456.561,764283.851,Device,,NVIDIA A100-SXM4-40GB MIG 4g.20gb (0),1,,13,[CUDA memset]
2084867875,152446,62693,,,,,,,,,,1.235,8099.998,Pinned,Device,NVIDIA A100-SXM4-40GB MIG 4g.20gb (0),1,,13,[CUDA memcpy Host-to-Device]
2085032705,40255,62694,,,,,,,,,,0.197,4883.939,Pinned,Device,NVIDIA A100-SXM4-40GB MIG 4g.20gb (0),1,,13,[CUDA memcpy Host-to-Device]
2085090272,8512,62695,69,4,1,48,1,1,76,0.002,0.000,,,,,NVIDIA A100-SXM4-40GB MIG 4g.20gb (0),1,,13,"void ch_est::windowedChEstPreNoDftSOfdmKernel<float, __half, float, (unsigned int)2, (unsigned int)1, (unsigned short)4>(ch_est::puschRxChEstStatDescr_t *, ch_est::puschRxChEstDynDescr_t *)"
2085108160,6912,62696,137,2,1,24,2,1,44,0.001,0.001,,,,,NVIDIA A100-SXM4-40GB MIG 4g.20gb (0),1,,13,"void ch_est::chEstFilterNoDftSOfdmDispatchKernel<float, __half, float, (unsigned int)2>(ch_est::puschRxChEstStatDescr_t *, ch_est::puschRxChEstDynDescr_t *)"
2085127648,4704,62697,137,2,1,24,2,1,44,0.001,0.001,,,,,NVIDIA A100-SXM4-40GB MIG 4g.20gb (0),1,,13,"void ch_est::chEstFilterNoDftSOfdmDispatchKernel<float, __half, float, (unsigned int)2>(ch_est::puschRxChEstStatDescr_t *, ch_est::puschRxChEstDynDescr_t *)"
2085144512,2752,62708,103,1,1,128,1,1,16,0.000,0.000,,,,,NVIDIA A100-SXM4-40GB MIG 4g.20gb (0),1,,13,cupy_copy__complex64_complex64
2085161759,12544,62718,1434,1,1,128,1,1,16,0.000,0.000,,,,,NVIDIA A100-SXM4-40GB MIG 4g.20gb (0),1,,13,cupy_copy__complex64_complex64
2085180703,2880,62725,103,1,1,128,1,1,16,0.000,0.000,,,,,NVIDIA A100-SXM4-40GB MIG 4g.20gb (0),1,,13,cupy_copy__complex64_complex64
2085200383,96671,62732,1,1,1,32,32,1,30,0.000,0.000,,,,,NVIDIA A100-SXM4-40GB MIG 4g.20gb (0),1,,13,"void convert_kernel<__half2, float2>(tensor_layout_any, T1 *, tensor_layout_any, const T2 *)"
2085334141,19520,62735,,,,,,,,,,0.094,4799.952,Pinned,Device,NVIDIA A100-SXM4-40GB MIG 4g.20gb (0),1,,13,[CUDA memcpy Host-to-Device]
2085375357,45791,62736,,,,,,,,,,35.810,782017.033,Device,,NVIDIA A100-SXM4-40GB MIG 4g.20gb (0),1,,13,[CUDA memset]
2085431068,3424,62738,,,,,,,,,,0.000,23.364,Pinned,Device,NVIDIA A100-SXM4-40GB MIG 4g.20gb (0),1,,13,[CUDA memcpy Host-to-Device]
2085441404,22944,62739,,,,,,,,,,0.197,8568.963,Pinned,Device,NVIDIA A100-SXM4-40GB MIG 4g.20gb (0),1,,13,[CUDA memcpy Host-to-Device]
2085478875,9824,62740,273,1,1,48,1,1,40,0.000,0.001,,,,,NVIDIA A100-SXM4-40GB MIG 4g.20gb (0),1,,13,"void pusch_noise_intf_est::noiseIntfEstNoDftSOfdmKernel<float, __half, float, float, (unsigned int)2, (unsigned int)1, (unsigned char)4, (unsigned char)4>(pusch_noise_intf_est::puschRxNoiseIntfEstDynDescr)"
2085492955,3104,62751,35,1,1,128,1,1,16,0.000,0.000,,,,,NVIDIA A100-SXM4-40GB MIG 4g.20gb (0),1,,13,cupy_copy__complex64_complex64
2085503195,1856,62760,1,1,1,1,1,1,18,0.000,0.000,,,,,NVIDIA A100-SXM4-40GB MIG 4g.20gb (0),1,,13,cupy_copy__float32_float32
2085510619,2432,62766,,,,,,,,,,0.000,1.645,Device,Pageable,NVIDIA A100-SXM4-40GB MIG 4g.20gb (0),1,,7,[CUDA memcpy Device-to-Host]
2085596026,12736,62777,1434,1,1,128,1,1,16,0.000,0.000,,,,,NVIDIA A100-SXM4-40GB MIG 4g.20gb (0),1,,13,cupy_copy__complex64_complex64
2085614778,2592,62784,103,1,1,128,1,1,16,0.000,0.000,,,,,NVIDIA A100-SXM4-40GB MIG 4g.20gb (0),1,,13,cupy_copy__complex64_complex64
2085646041,2336,62791,35,1,1,128,1,1,16,0.000,0.000,,,,,NVIDIA A100-SXM4-40GB MIG 4g.20gb (0),1,,13,cupy_copy__complex64_complex64
2085660377,1792,62798,1,1,1,1,1,1,18,0.000,0.000,,,,,NVIDIA A100-SXM4-40GB MIG 4g.20gb (0),1,,13,cupy_copy__float32_float32
2085792120,82943,62809,1,1,1,32,32,1,30,0.000,0.000,,,,,NVIDIA A100-SXM4-40GB MIG 4g.20gb (0),1,,13,"void convert_kernel<__half2, float2>(tensor_layout_any, T1 *, tensor_layout_any, const T2 *)"
2085902966,5536,62812,,,,,,,,,,0.094,16924.777,Pinned,Device,NVIDIA A100-SXM4-40GB MIG 4g.20gb (0),1,,13,[CUDA memcpy Host-to-Device]
2085917526,3456,62813,,,,,,,,,,1.547,447517.201,Device,,NVIDIA A100-SXM4-40GB MIG 4g.20gb (0),1,,13,[CUDA memset]
2085924406,3424,62818,,,,,,,,,,0.031,9140.185,Pinned,Device,NVIDIA A100-SXM4-40GB MIG 4g.20gb (0),1,,13,[CUDA memcpy Host-to-Device]
2085930326,9344,62819,,,,,,,,,,0.197,21040.988,Pinned,Device,NVIDIA A100-SXM4-40GB MIG 4g.20gb (0),1,,13,[CUDA memcpy Host-to-Device]
2085945206,6592,62820,273,1,1,8,4,1,39,0.002,0.000,,,,,NVIDIA A100-SXM4-40GB MIG 4g.20gb (0),1,,13,"void channel_eq::eqMmseCoefCompLowMimoKernel<float, float, float, (unsigned int)4, (unsigned int)1, (unsigned int)4>(const channel_eq::_puschRxChEqStatDescr *, channel_eq::_puschRxChEqCoefCompDynDescr)"
2085952822,5824,62821,273,1,1,12,11,1,51,0.002,0.000,,,,,NVIDIA A100-SXM4-40GB MIG 4g.20gb (0),1,,13,"void channel_eq::eqMmseSoftDemapKernel<float, __half, __half, float, (unsigned int)4, (unsigned short)16383>(channel_eq::_puschRxChEqStatDescr *, channel_eq::_puschRxChEqSoftDemapDynDescr)"
2085959606,282940,62822,1,1,1,32,32,1,30,0.000,0.000,,,,,NVIDIA A100-SXM4-40GB MIG 4g.20gb (0),1,,13,"void convert_kernel<float2, __half2>(tensor_layout_any, T1 *, tensor_layout_any, const T2 *)"
2086244466,11200,62834,2253,1,1,128,1,1,16,0.000,0.000,,,,,NVIDIA A100-SXM4-40GB MIG 4g.20gb (0),1,,13,cupy_copy__float16_float16
2086259122,2816,62843,282,1,1,128,1,1,16,0.000,0.000,,,,,NVIDIA A100-SXM4-40GB MIG 4g.20gb (0),1,,13,cupy_copy__complex64_complex64
2086263186,2112,62852,26,1,1,128,1,1,16,0.000,0.000,,,,,NVIDIA A100-SXM4-40GB MIG 4g.20gb (0),1,,13,cupy_copy__float32_float32
2086267250,3680,62861,103,1,1,128,1,1,16,0.000,0.000,,,,,NVIDIA A100-SXM4-40GB MIG 4g.20gb (0),1,,13,cupy_copy__complex64_complex64
2086272754,11904,62871,1434,1,1,128,1,1,16,0.000,0.000,,,,,NVIDIA A100-SXM4-40GB MIG 4g.20gb (0),1,,13,cupy_copy__complex64_complex64
2086290321,82879,62876,1,1,1,32,32,1,30,0.000,0.000,,,,,NVIDIA A100-SXM4-40GB MIG 4g.20gb (0),1,,13,"void convert_kernel<__half2, float2>(tensor_layout_any, T1 *, tensor_layout_any, const T2 *)"
2086400464,5600,62879,,,,,,,,,,0.094,16731.388,Pinned,Device,NVIDIA A100-SXM4-40GB MIG 4g.20gb (0),1,,13,[CUDA memcpy Host-to-Device]
2086410416,597561,62880,,,,,,,,,,456.561,763827.289,Device,,NVIDIA A100-SXM4-40GB MIG 4g.20gb (0),1,,13,[CUDA memset]
2087010313,146814,62885,,,,,,,,,,1.235,8411.204,Pinned,Device,NVIDIA A100-SXM4-40GB MIG 4g.20gb (0),1,,13,[CUDA memcpy Host-to-Device]
2087167431,34815,62886,,,,,,,,,,0.197,5647.172,Pinned,Device,NVIDIA A100-SXM4-40GB MIG 4g.20gb (0),1,,13,[CUDA memcpy Host-to-Device]
2087221414,8576,62887,69,4,1,48,1,1,76,0.002,0.000,,,,,NVIDIA A100-SXM4-40GB MIG 4g.20gb (0),1,,13,"void ch_est::windowedChEstPreNoDftSOfdmKernel<float, __half, float, (unsigned int)2, (unsigned int)1, (unsigned short)4>(ch_est::puschRxChEstStatDescr_t *, ch_est::puschRxChEstDynDescr_t *)"
2087238022,6720,62888,137,2,1,24,2,1,44,0.001,0.001,,,,,NVIDIA A100-SXM4-40GB MIG 4g.20gb (0),1,,13,"void ch_est::chEstFilterNoDftSOfdmDispatchKernel<float, __half, float, (unsigned int)2>(ch_est::puschRxChEstStatDescr_t *, ch_est::puschRxChEstDynDescr_t *)"
2087251910,5023,62889,137,2,1,24,2,1,44,0.001,0.001,,,,,NVIDIA A100-SXM4-40GB MIG 4g.20gb (0),1,,13,"void ch_est::chEstFilterNoDftSOfdmDispatchKernel<float, __half, float, (unsigned int)2>(ch_est::puschRxChEstStatDescr_t *, ch_est::puschRxChEstDynDescr_t *)"
2087260677,2752,62900,103,1,1,128,1,1,16,0.000,0.000,,,,,NVIDIA A100-SXM4-40GB MIG 4g.20gb (0),1,,13,cupy_copy__complex64_complex64
2087271909,12672,62910,1434,1,1,128,1,1,16,0.000,0.000,,,,,NVIDIA A100-SXM4-40GB MIG 4g.20gb (0),1,,13,cupy_copy__complex64_complex64
2087306405,2656,62917,103,1,1,128,1,1,16,0.000,0.000,,,,,NVIDIA A100-SXM4-40GB MIG 4g.20gb (0),1,,13,cupy_copy__complex64_complex64
2087319397,90015,62924,1,1,1,32,32,1,30,0.000,0.000,,,,,NVIDIA A100-SXM4-40GB MIG 4g.20gb (0),1,,13,"void convert_kernel<__half2, float2>(tensor_layout_any, T1 *, tensor_layout_any, const T2 *)"
2087437859,14048,62927,,,,,,,,,,0.094,6669.656,Pinned,Device,NVIDIA A100-SXM4-40GB MIG 4g.20gb (0),1,,13,[CUDA memcpy Host-to-Device]
2087471875,47167,62928,,,,,,,,,,35.810,759206.114,Device,,NVIDIA A100-SXM4-40GB MIG 4g.20gb (0),1,,13,[CUDA memset]
2087527874,5952,62930,,,,,,,,,,0.000,13.441,Pinned,Device,NVIDIA A100-SXM4-40GB MIG 4g.20gb (0),1,,13,[CUDA memcpy Host-to-Device]
2087542178,23808,62931,,,,,,,,,,0.197,8257.929,Pinned,Device,NVIDIA A100-SXM4-40GB MIG 4g.20gb (0),1,,13,[CUDA memcpy Host-to-Device]
2087583777,10144,62932,273,1,1,48,1,1,40,0.000,0.001,,,,,NVIDIA A100-SXM4-40GB MIG 4g.20gb (0),1,,13,"void pusch_noise_intf_est::noiseIntfEstNoDftSOfdmKernel<float, __half, float, float, (unsigned int)2, (unsigned int)1, (unsigned char)4, (unsigned char)4>(pusch_noise_intf_est::puschRxNoiseIntfEstDynDescr)"
2087601985,3104,62943,35,1,1,128,1,1,16,0.000,0.000,,,,,NVIDIA A100-SXM4-40GB MIG 4g.20gb (0),1,,13,cupy_copy__complex64_complex64
2087614721,1696,62952,1,1,1,1,1,1,18,0.000,0.000,,,,,NVIDIA A100-SXM4-40GB MIG 4g.20gb (0),1,,13,cupy_copy__float32_float32
2087617985,7328,62958,,,,,,,,,,0.000,0.546,Device,Pageable,NVIDIA A100-SXM4-40GB MIG 4g.20gb (0),1,,7,[CUDA memcpy Device-to-Host]
2087711264,12960,62969,1434,1,1,128,1,1,16,0.000,0.000,,,,,NVIDIA A100-SXM4-40GB MIG 4g.20gb (0),1,,13,cupy_copy__complex64_complex64
2087731296,3072,62976,103,1,1,128,1,1,16,0.000,0.000,,,,,NVIDIA A100-SXM4-40GB MIG 4g.20gb (0),1,,13,cupy_copy__complex64_complex64
2087757503,2528,62983,35,1,1,128,1,1,16,0.000,0.000,,,,,NVIDIA A100-SXM4-40GB MIG 4g.20gb (0),1,,13,cupy_copy__complex64_complex64
2087774975,2016,62990,1,1,1,1,1,1,18,0.000,0.000,,,,,NVIDIA A100-SXM4-40GB MIG 4g.20gb (0),1,,13,cupy_copy__float32_float32
2087906589,87391,63001,1,1,1,32,32,1,30,0.000,0.000,,,,,NVIDIA A100-SXM4-40GB MIG 4g.20gb (0),1,,13,"void convert_kernel<__half2, float2>(tensor_layout_any, T1 *, tensor_layout_any, const T2 *)"
2088022812,25248,63004,,,,,,,,,,0.094,3711.017,Pinned,Device,NVIDIA A100-SXM4-40GB MIG 4g.20gb (0),1,,13,[CUDA memcpy Host-to-Device]
2088066139,3424,63005,,,,,,,,,,1.547,451700.819,Device,,NVIDIA A100-SXM4-40GB MIG 4g.20gb (0),1,,13,[CUDA memset]
2088070075,6944,63010,,,,,,,,,,0.031,4506.906,Pinned,Device,NVIDIA A100-SXM4-40GB MIG 4g.20gb (0),1,,13,[CUDA memcpy Host-to-Device]
2088086779,21632,63011,,,,,,,,,,0.197,9088.598,Pinned,Device,NVIDIA A100-SXM4-40GB MIG 4g.20gb (0),1,,13,[CUDA memcpy Host-to-Device]
2088126011,6048,63012,273,1,1,8,4,1,39,0.002,0.000,,,,,NVIDIA A100-SXM4-40GB MIG 4g.20gb (0),1,,13,"void channel_eq::eqMmseCoefCompLowMimoKernel<float, float, float, (unsigned int)4, (unsigned int)1, (unsigned int)4>(const channel_eq::_puschRxChEqStatDescr *, channel_eq::_puschRxChEqCoefCompDynDescr)"
2088136699,6400,63013,273,1,1,12,11,1,51,0.002,0.000,,,,,NVIDIA A100-SXM4-40GB MIG 4g.20gb (0),1,,13,"void channel_eq::eqMmseSoftDemapKernel<float, __half, __half, float, (unsigned int)4, (unsigned short)16383>(channel_eq::_puschRxChEqStatDescr *, channel_eq::_puschRxChEqSoftDemapDynDescr)"
2088147994,281885,63014,1,1,1,32,32,1,30,0.000,0.000,,,,,NVIDIA A100-SXM4-40GB MIG 4g.20gb (0),1,,13,"void convert_kernel<float2, __half2>(tensor_layout_any, T1 *, tensor_layout_any, const T2 *)"
2088432727,11104,63026,2253,1,1,128,1,1,16,0.000,0.000,,,,,NVIDIA A100-SXM4-40GB MIG 4g.20gb (0),1,,13,cupy_copy__float16_float16
2088447319,3360,63035,282,1,1,128,1,1,16,0.000,0.000,,,,,NVIDIA A100-SXM4-40GB MIG 4g.20gb (0),1,,13,cupy_copy__complex64_complex64
2088454679,2240,63044,26,1,1,128,1,1,16,0.000,0.000,,,,,NVIDIA A100-SXM4-40GB MIG 4g.20gb (0),1,,13,cupy_copy__float32_float32
2088458007,3296,63053,103,1,1,128,1,1,16,0.000,0.000,,,,,NVIDIA A100-SXM4-40GB MIG 4g.20gb (0),1,,13,cupy_copy__complex64_complex64
2088462231,11999,63063,1434,1,1,128,1,1,16,0.000,0.000,,,,,NVIDIA A100-SXM4-40GB MIG 4g.20gb (0),1,,13,cupy_copy__complex64_complex64
2088478870,82943,63068,1,1,1,32,32,1,30,0.000,0.000,,,,,NVIDIA A100-SXM4-40GB MIG 4g.20gb (0),1,,13,"void convert_kernel<__half2, float2>(tensor_layout_any, T1 *, tensor_layout_any, const T2 *)"
2088589237,5824,63071,,,,,,,,,,0.094,16087.884,Pinned,Device,NVIDIA A100-SXM4-40GB MIG 4g.20gb (0),1,,13,[CUDA memcpy Host-to-Device]
2088598933,600728,63072,,,,,,,,,,456.561,759718.236,Device,,NVIDIA A100-SXM4-40GB MIG 4g.20gb (0),1,,13,[CUDA memset]
2089200365,165694,63077,,,,,,,,,,1.235,7452.887,Pinned,Device,NVIDIA A100-SXM4-40GB MIG 4g.20gb (0),1,,13,[CUDA memcpy Host-to-Device]
2089377387,39232,63078,,,,,,,,,,0.197,5011.341,Pinned,Device,NVIDIA A100-SXM4-40GB MIG 4g.20gb (0),1,,13,[CUDA memcpy Host-to-Device]
2089440458,8256,63079,69,4,1,48,1,1,76,0.002,0.000,,,,,NVIDIA A100-SXM4-40GB MIG 4g.20gb (0),1,,13,"void ch_est::windowedChEstPreNoDftSOfdmKernel<float, __half, float, (unsigned int)2, (unsigned int)1, (unsigned short)4>(ch_est::puschRxChEstStatDescr_t *, ch_est::puschRxChEstDynDescr_t *)"
2089459882,6688,63080,137,2,1,24,2,1,44,0.001,0.001,,,,,NVIDIA A100-SXM4-40GB MIG 4g.20gb (0),1,,13,"void ch_est::chEstFilterNoDftSOfdmDispatchKernel<float, __half, float, (unsigned int)2>(ch_est::puschRxChEstStatDescr_t *, ch_est::puschRxChEstDynDescr_t *)"
2089476490,4736,63081,137,2,1,24,2,1,44,0.001,0.001,,,,,NVIDIA A100-SXM4-40GB MIG 4g.20gb (0),1,,13,"void ch_est::chEstFilterNoDftSOfdmDispatchKernel<float, __half, float, (unsigned int)2>(ch_est::puschRxChEstStatDescr_t *, ch_est::puschRxChEstDynDescr_t *)"
2089493930,2528,63092,103,1,1,128,1,1,16,0.000,0.000,,,,,NVIDIA A100-SXM4-40GB MIG 4g.20gb (0),1,,13,cupy_copy__complex64_complex64
2089511434,12607,63102,1434,1,1,128,1,1,16,0.000,0.000,,,,,NVIDIA A100-SXM4-40GB MIG 4g.20gb (0),1,,13,cupy_copy__complex64_complex64
2089530569,2560,63109,103,1,1,128,1,1,16,0.000,0.000,,,,,NVIDIA A100-SXM4-40GB MIG 4g.20gb (0),1,,13,cupy_copy__complex64_complex64
2089552937,84095,63116,1,1,1,32,32,1,30,0.000,0.000,,,,,NVIDIA A100-SXM4-40GB MIG 4g.20gb (0),1,,13,"void convert_kernel<__half2, float2>(tensor_layout_any, T1 *, tensor_layout_any, const T2 *)"
2089671784,22079,63119,,,,,,,,,,0.094,4243.586,Pinned,Device,NVIDIA A100-SXM4-40GB MIG 4g.20gb (0),1,,13,[CUDA memcpy Host-to-Device]
2089702951,46976,63120,,,,,,,,,,35.810,762285.767,Device,,NVIDIA A100-SXM4-40GB MIG 4g.20gb (0),1,,13,[CUDA memset]
2089760711,2560,63122,,,,,,,,,,0.000,31.250,Pinned,Device,NVIDIA A100-SXM4-40GB MIG 4g.20gb (0),1,,13,[CUDA memcpy Host-to-Device]
2089778054,21024,63123,,,,,,,,,,0.197,9351.463,Pinned,Device,NVIDIA A100-SXM4-40GB MIG 4g.20gb (0),1,,13,[CUDA memcpy Host-to-Device]
2089815142,9504,63124,273,1,1,48,1,1,40,0.000,0.001,,,,,NVIDIA A100-SXM4-40GB MIG 4g.20gb (0),1,,13,"void pusch_noise_intf_est::noiseIntfEstNoDftSOfdmKernel<float, __half, float, float, (unsigned int)2, (unsigned int)1, (unsigned char)4, (unsigned char)4>(pusch_noise_intf_est::puschRxNoiseIntfEstDynDescr)"
2089827878,3072,63135,35,1,1,128,1,1,16,0.000,0.000,,,,,NVIDIA A100-SXM4-40GB MIG 4g.20gb (0),1,,13,cupy_copy__complex64_complex64
2089840614,1728,63144,1,1,1,1,1,1,18,0.000,0.000,,,,,NVIDIA A100-SXM4-40GB MIG 4g.20gb (0),1,,13,cupy_copy__float32_float32
2089846181,4160,63150,,,,,,,,,,0.000,0.962,Device,Pageable,NVIDIA A100-SXM4-40GB MIG 4g.20gb (0),1,,7,[CUDA memcpy Device-to-Host]
2089937188,12704,63161,1434,1,1,128,1,1,16,0.000,0.000,,,,,NVIDIA A100-SXM4-40GB MIG 4g.20gb (0),1,,13,cupy_copy__complex64_complex64
2089959652,2720,63168,103,1,1,128,1,1,16,0.000,0.000,,,,,NVIDIA A100-SXM4-40GB MIG 4g.20gb (0),1,,13,cupy_copy__complex64_complex64
2089976484,2528,63175,35,1,1,128,1,1,16,0.000,0.000,,,,,NVIDIA A100-SXM4-40GB MIG 4g.20gb (0),1,,13,cupy_copy__complex64_complex64
2089994788,1952,63182,1,1,1,1,1,1,18,0.000,0.000,,,,,NVIDIA A100-SXM4-40GB MIG 4g.20gb (0),1,,13,cupy_copy__float32_float32
2090123298,88479,63193,1,1,1,32,32,1,30,0.000,0.000,,,,,NVIDIA A100-SXM4-40GB MIG 4g.20gb (0),1,,13,"void convert_kernel<__half2, float2>(tensor_layout_any, T1 *, tensor_layout_any, const T2 *)"
2090239233,6400,63196,,,,,,,,,,0.094,14640.000,Pinned,Device,NVIDIA A100-SXM4-40GB MIG 4g.20gb (0),1,,13,[CUDA memcpy Host-to-Device]
2090254272,3392,63197,,,,,,,,,,1.547,455961.768,Device,,NVIDIA A100-SXM4-40GB MIG 4g.20gb (0),1,,13,[CUDA memset]
2090261248,3648,63202,,,,,,,,,,0.031,8578.922,Pinned,Device,NVIDIA A100-SXM4-40GB MIG 4g.20gb (0),1,,13,[CUDA memcpy Host-to-Device]
2090267328,9504,63203,,,,,,,,,,0.197,20686.701,Pinned,Device,NVIDIA A100-SXM4-40GB MIG 4g.20gb (0),1,,13,[CUDA memcpy Host-to-Device]
2090280832,7264,63204,273,1,1,8,4,1,39,0.002,0.000,,,,,NVIDIA A100-SXM4-40GB MIG 4g.20gb (0),1,,13,"void channel_eq::eqMmseCoefCompLowMimoKernel<float, float, float, (unsigned int)4, (unsigned int)1, (unsigned int)4>(const channel_eq::_puschRxChEqStatDescr *, channel_eq::_puschRxChEqCoefCompDynDescr)"
2090289440,5728,63205,273,1,1,12,11,1,51,0.002,0.000,,,,,NVIDIA A100-SXM4-40GB MIG 4g.20gb (0),1,,13,"void channel_eq::eqMmseSoftDemapKernel<float, __half, __half, float, (unsigned int)4, (unsigned short)16383>(channel_eq::_puschRxChEqStatDescr *, channel_eq::_puschRxChEqSoftDemapDynDescr)"
2090296768,294748,63206,1,1,1,32,32,1,30,0.000,0.000,,,,,NVIDIA A100-SXM4-40GB MIG 4g.20gb (0),1,,13,"void convert_kernel<float2, __half2>(tensor_layout_any, T1 *, tensor_layout_any, const T2 *)"
2090595132,10976,63218,2253,1,1,128,1,1,16,0.000,0.000,,,,,NVIDIA A100-SXM4-40GB MIG 4g.20gb (0),1,,13,cupy_copy__float16_float16
2090610908,3776,63227,282,1,1,128,1,1,16,0.000,0.000,,,,,NVIDIA A100-SXM4-40GB MIG 4g.20gb (0),1,,13,cupy_copy__complex64_complex64
2090616956,2208,63236,26,1,1,128,1,1,16,0.000,0.000,,,,,NVIDIA A100-SXM4-40GB MIG 4g.20gb (0),1,,13,cupy_copy__float32_float32
2090620252,3904,63245,103,1,1,128,1,1,16,0.000,0.000,,,,,NVIDIA A100-SXM4-40GB MIG 4g.20gb (0),1,,13,cupy_copy__complex64_complex64
2090627292,12000,63255,1434,1,1,128,1,1,16,0.000,0.000,,,,,NVIDIA A100-SXM4-40GB MIG 4g.20gb (0),1,,13,cupy_copy__complex64_complex64
2090644988,86623,63260,1,1,1,32,32,1,30,0.000,0.000,,,,,NVIDIA A100-SXM4-40GB MIG 4g.20gb (0),1,,13,"void convert_kernel<__half2, float2>(tensor_layout_any, T1 *, tensor_layout_any, const T2 *)"
2090758842,5728,63263,,,,,,,,,,0.094,16357.541,Pinned,Device,NVIDIA A100-SXM4-40GB MIG 4g.20gb (0),1,,13,[CUDA memcpy Host-to-Device]
2090769434,595833,63264,,,,,,,,,,456.561,766110.096,Device,,NVIDIA A100-SXM4-40GB MIG 4g.20gb (0),1,,13,[CUDA memset]
2091371443,156478,63269,,,,,,,,,,1.235,7891.292,Pinned,Device,NVIDIA A100-SXM4-40GB MIG 4g.20gb (0),1,,13,[CUDA memcpy Host-to-Device]
2091537265,21055,63270,,,,,,,,,,0.197,9337.700,Pinned,Device,NVIDIA A100-SXM4-40GB MIG 4g.20gb (0),1,,13,[CUDA memcpy Host-to-Device]
2091570512,8192,63271,69,4,1,48,1,1,76,0.002,0.000,,,,,NVIDIA A100-SXM4-40GB MIG 4g.20gb (0),1,,13,"void ch_est::windowedChEstPreNoDftSOfdmKernel<float, __half, float, (unsigned int)2, (unsigned int)1, (unsigned short)4>(ch_est::puschRxChEstStatDescr_t *, ch_est::puschRxChEstDynDescr_t *)"
2091587024,6784,63272,137,2,1,24,2,1,44,0.001,0.001,,,,,NVIDIA A100-SXM4-40GB MIG 4g.20gb (0),1,,13,"void ch_est::chEstFilterNoDftSOfdmDispatchKernel<float, __half, float, (unsigned int)2>(ch_est::puschRxChEstStatDescr_t *, ch_est::puschRxChEstDynDescr_t *)"
2091599440,5408,63273,137,2,1,24,2,1,44,0.001,0.001,,,,,NVIDIA A100-SXM4-40GB MIG 4g.20gb (0),1,,13,"void ch_est::chEstFilterNoDftSOfdmDispatchKernel<float, __half, float, (unsigned int)2>(ch_est::puschRxChEstStatDescr_t *, ch_est::puschRxChEstDynDescr_t *)"
2091611984,2688,63284,103,1,1,128,1,1,16,0.000,0.000,,,,,NVIDIA A100-SXM4-40GB MIG 4g.20gb (0),1,,13,cupy_copy__complex64_complex64
2091621712,12991,63294,1434,1,1,128,1,1,16,0.000,0.000,,,,,NVIDIA A100-SXM4-40GB MIG 4g.20gb (0),1,,13,cupy_copy__complex64_complex64
2091636655,2592,63301,103,1,1,128,1,1,16,0.000,0.000,,,,,NVIDIA A100-SXM4-40GB MIG 4g.20gb (0),1,,13,cupy_copy__complex64_complex64
2091648879,87199,63308,1,1,1,32,32,1,30,0.000,0.000,,,,,NVIDIA A100-SXM4-40GB MIG 4g.20gb (0),1,,13,"void convert_kernel<__half2, float2>(tensor_layout_any, T1 *, tensor_layout_any, const T2 *)"
2091767214,11392,63311,,,,,,,,,,0.094,8224.635,Pinned,Device,NVIDIA A100-SXM4-40GB MIG 4g.20gb (0),1,,13,[CUDA memcpy Host-to-Device]
2091799085,48544,63312,,,,,,,,,,35.810,737648.542,Device,,NVIDIA A100-SXM4-40GB MIG 4g.20gb (0),1,,13,[CUDA memset]
2091848173,5728,63314,,,,,,,,,,0.000,13.966,Pinned,Device,NVIDIA A100-SXM4-40GB MIG 4g.20gb (0),1,,13,[CUDA memcpy Host-to-Device]
2091864045,18175,63315,,,,,,,,,,0.197,10817.372,Pinned,Device,NVIDIA A100-SXM4-40GB MIG 4g.20gb (0),1,,13,[CUDA memcpy Host-to-Device]
2091895916,13728,63316,273,1,1,48,1,1,40,0.000,0.001,,,,,NVIDIA A100-SXM4-40GB MIG 4g.20gb (0),1,,13,"void pusch_noise_intf_est::noiseIntfEstNoDftSOfdmKernel<float, __half, float, float, (unsigned int)2, (unsigned int)1, (unsigned char)4, (unsigned char)4>(pusch_noise_intf_est::puschRxNoiseIntfEstDynDescr)"
2091913676,3008,63327,35,1,1,128,1,1,16,0.000,0.000,,,,,NVIDIA A100-SXM4-40GB MIG 4g.20gb (0),1,,13,cupy_copy__complex64_complex64
2091927052,1728,63336,1,1,1,1,1,1,18,0.000,0.000,,,,,NVIDIA A100-SXM4-40GB MIG 4g.20gb (0),1,,13,cupy_copy__float32_float32
2091932044,4192,63342,,,,,,,,,,0.000,0.954,Device,Pageable,NVIDIA A100-SXM4-40GB MIG 4g.20gb (0),1,,7,[CUDA memcpy Device-to-Host]
2092011499,13056,63353,1434,1,1,128,1,1,16,0.000,0.000,,,,,NVIDIA A100-SXM4-40GB MIG 4g.20gb (0),1,,13,cupy_copy__complex64_complex64
2092037706,2944,63360,103,1,1,128,1,1,16,0.000,0.000,,,,,NVIDIA A100-SXM4-40GB MIG 4g.20gb (0),1,,13,cupy_copy__complex64_complex64
2092066026,2496,63367,35,1,1,128,1,1,16,0.000,0.000,,,,,NVIDIA A100-SXM4-40GB MIG 4g.20gb (0),1,,13,cupy_copy__complex64_complex64
2092083338,1984,63374,1,1,1,1,1,1,18,0.000,0.000,,,,,NVIDIA A100-SXM4-40GB MIG 4g.20gb (0),1,,13,cupy_copy__float32_float32
2092215560,88063,63385,1,1,1,32,32,1,30,0.000,0.000,,,,,NVIDIA A100-SXM4-40GB MIG 4g.20gb (0),1,,13,"void convert_kernel<__half2, float2>(tensor_layout_any, T1 *, tensor_layout_any, const T2 *)"
2092338119,25503,63388,,,,,,,,,,0.094,3673.914,Pinned,Device,NVIDIA A100-SXM4-40GB MIG 4g.20gb (0),1,,13,[CUDA memcpy Host-to-Device]
2092383590,3392,63389,,,,,,,,,,1.547,455961.768,Device,,NVIDIA A100-SXM4-40GB MIG 4g.20gb (0),1,,13,[CUDA memset]
2092393158,4160,63394,,,,,,,,,,0.031,7523.058,Pinned,Device,NVIDIA A100-SXM4-40GB MIG 4g.20gb (0),1,,13,[CUDA memcpy Host-to-Device]
2092413126,23615,63395,,,,,,,,,,0.197,8325.366,Pinned,Device,NVIDIA A100-SXM4-40GB MIG 4g.20gb (0),1,,13,[CUDA memcpy Host-to-Device]
2092469221,5888,63396,273,1,1,8,4,1,39,0.002,0.000,,,,,NVIDIA A100-SXM4-40GB MIG 4g.20gb (0),1,,13,"void channel_eq::eqMmseCoefCompLowMimoKernel<float, float, float, (unsigned int)4, (unsigned int)1, (unsigned int)4>(const channel_eq::_puschRxChEqStatDescr *, channel_eq::_puschRxChEqCoefCompDynDescr)"
2092486949,6112,63397,273,1,1,12,11,1,51,0.002,0.000,,,,,NVIDIA A100-SXM4-40GB MIG 4g.20gb (0),1,,13,"void channel_eq::eqMmseSoftDemapKernel<float, __half, __half, float, (unsigned int)4, (unsigned short)16383>(channel_eq::_puschRxChEqStatDescr *, channel_eq::_puschRxChEqSoftDemapDynDescr)"
2092501445,282844,63398,1,1,1,32,32,1,30,0.000,0.000,,,,,NVIDIA A100-SXM4-40GB MIG 4g.20gb (0),1,,13,"void convert_kernel<float2, __half2>(tensor_layout_any, T1 *, tensor_layout_any, const T2 *)"
2092785249,10944,63410,2253,1,1,128,1,1,16,0.000,0.000,,,,,NVIDIA A100-SXM4-40GB MIG 4g.20gb (0),1,,13,cupy_copy__float16_float16
2092799713,3872,63419,282,1,1,128,1,1,16,0.000,0.000,,,,,NVIDIA A100-SXM4-40GB MIG 4g.20gb (0),1,,13,cupy_copy__complex64_complex64
2092806913,2176,63428,26,1,1,128,1,1,16,0.000,0.000,,,,,NVIDIA A100-SXM4-40GB MIG 4g.20gb (0),1,,13,cupy_copy__float32_float32
2092812481,3168,63437,103,1,1,128,1,1,16,0.000,0.000,,,,,NVIDIA A100-SXM4-40GB MIG 4g.20gb (0),1,,13,cupy_copy__complex64_complex64
2092818913,12032,63447,1434,1,1,128,1,1,16,0.000,0.000,,,,,NVIDIA A100-SXM4-40GB MIG 4g.20gb (0),1,,13,cupy_copy__complex64_complex64
2092836673,87166,63452,1,1,1,32,32,1,30,0.000,0.000,,,,,NVIDIA A100-SXM4-40GB MIG 4g.20gb (0),1,,13,"void convert_kernel<__half2, float2>(tensor_layout_any, T1 *, tensor_layout_any, const T2 *)"
2092951039,5568,63455,,,,,,,,,,0.094,16827.521,Pinned,Device,NVIDIA A100-SXM4-40GB MIG 4g.20gb (0),1,,13,[CUDA memcpy Host-to-Device]
2092960991,598169,63456,,,,,,,,,,456.561,762914.166,Device,,NVIDIA A100-SXM4-40GB MIG 4g.20gb (0),1,,13,[CUDA memset]
2093564600,135070,63461,,,,,,,,,,1.235,9142.290,Pinned,Device,NVIDIA A100-SXM4-40GB MIG 4g.20gb (0),1,,13,[CUDA memcpy Host-to-Device]
2093710614,39935,63462,,,,,,,,,,0.197,4923.064,Pinned,Device,NVIDIA A100-SXM4-40GB MIG 4g.20gb (0),1,,13,[CUDA memcpy Host-to-Device]
2093772693,8416,63463,69,4,1,48,1,1,76,0.002,0.000,,,,,NVIDIA A100-SXM4-40GB MIG 4g.20gb (0),1,,13,"void ch_est::windowedChEstPreNoDftSOfdmKernel<float, __half, float, (unsigned int)2, (unsigned int)1, (unsigned short)4>(ch_est::puschRxChEstStatDescr_t *, ch_est::puschRxChEstDynDescr_t *)"
2093790389,6720,63464,137,2,1,24,2,1,44,0.001,0.001,,,,,NVIDIA A100-SXM4-40GB MIG 4g.20gb (0),1,,13,"void ch_est::chEstFilterNoDftSOfdmDispatchKernel<float, __half, float, (unsigned int)2>(ch_est::puschRxChEstStatDescr_t *, ch_est::puschRxChEstDynDescr_t *)"
2093810292,4704,63465,137,2,1,24,2,1,44,0.001,0.001,,,,,NVIDIA A100-SXM4-40GB MIG 4g.20gb (0),1,,13,"void ch_est::chEstFilterNoDftSOfdmDispatchKernel<float, __half, float, (unsigned int)2>(ch_est::puschRxChEstStatDescr_t *, ch_est::puschRxChEstDynDescr_t *)"
2093826964,2688,63476,103,1,1,128,1,1,16,0.000,0.000,,,,,NVIDIA A100-SXM4-40GB MIG 4g.20gb (0),1,,13,cupy_copy__complex64_complex64
2093843924,12544,63486,1434,1,1,128,1,1,16,0.000,0.000,,,,,NVIDIA A100-SXM4-40GB MIG 4g.20gb (0),1,,13,cupy_copy__complex64_complex64
2093867156,2496,63493,103,1,1,128,1,1,16,0.000,0.000,,,,,NVIDIA A100-SXM4-40GB MIG 4g.20gb (0),1,,13,cupy_copy__complex64_complex64
2093886420,89406,63500,1,1,1,32,32,1,30,0.000,0.000,,,,,NVIDIA A100-SXM4-40GB MIG 4g.20gb (0),1,,13,"void convert_kernel<__half2, float2>(tensor_layout_any, T1 *, tensor_layout_any, const T2 *)"
2094007698,25248,63503,,,,,,,,,,0.094,3711.017,Pinned,Device,NVIDIA A100-SXM4-40GB MIG 4g.20gb (0),1,,13,[CUDA memcpy Host-to-Device]
2094057969,47008,63504,,,,,,,,,,35.810,761748.618,Device,,NVIDIA A100-SXM4-40GB MIG 4g.20gb (0),1,,13,[CUDA memset]
2094109329,9920,63506,,,,,,,,,,0.000,8.064,Pinned,Device,NVIDIA A100-SXM4-40GB MIG 4g.20gb (0),1,,13,[CUDA memcpy Host-to-Device]
2094130481,29855,63507,,,,,,,,,,0.197,6585.385,Pinned,Device,NVIDIA A100-SXM4-40GB MIG 4g.20gb (0),1,,13,[CUDA memcpy Host-to-Device]
2094173616,10144,63508,273,1,1,48,1,1,40,0.000,0.001,,,,,NVIDIA A100-SXM4-40GB MIG 4g.20gb (0),1,,13,"void pusch_noise_intf_est::noiseIntfEstNoDftSOfdmKernel<float, __half, float, float, (unsigned int)2, (unsigned int)1, (unsigned char)4, (unsigned char)4>(pusch_noise_intf_est::puschRxNoiseIntfEstDynDescr)"
2094186864,3008,63519,35,1,1,128,1,1,16,0.000,0.000,,,,,NVIDIA A100-SXM4-40GB MIG 4g.20gb (0),1,,13,cupy_copy__complex64_complex64
2094200400,1984,63528,1,1,1,1,1,1,18,0.000,0.000,,,,,NVIDIA A100-SXM4-40GB MIG 4g.20gb (0),1,,13,cupy_copy__float32_float32
2094203568,5216,63534,,,,,,,,,,0.000,0.767,Device,Pageable,NVIDIA A100-SXM4-40GB MIG 4g.20gb (0),1,,7,[CUDA memcpy Device-to-Host]
2094282287,13183,63545,1434,1,1,128,1,1,16,0.000,0.000,,,,,NVIDIA A100-SXM4-40GB MIG 4g.20gb (0),1,,13,cupy_copy__complex64_complex64
2094309870,2912,63552,103,1,1,128,1,1,16,0.000,0.000,,,,,NVIDIA A100-SXM4-40GB MIG 4g.20gb (0),1,,13,cupy_copy__complex64_complex64
2094328494,2176,63559,35,1,1,128,1,1,16,0.000,0.000,,,,,NVIDIA A100-SXM4-40GB MIG 4g.20gb (0),1,,13,cupy_copy__complex64_complex64
2094342414,1952,63566,1,1,1,1,1,1,18,0.000,0.000,,,,,NVIDIA A100-SXM4-40GB MIG 4g.20gb (0),1,,13,cupy_copy__float32_float32
2094474924,82271,63577,1,1,1,32,32,1,30,0.000,0.000,,,,,NVIDIA A100-SXM4-40GB MIG 4g.20gb (0),1,,13,"void convert_kernel<__half2, float2>(tensor_layout_any, T1 *, tensor_layout_any, const T2 *)"
2094584651,5600,63580,,,,,,,,,,0.094,16731.388,Pinned,Device,NVIDIA A100-SXM4-40GB MIG 4g.20gb (0),1,,13,[CUDA memcpy Host-to-Device]
2094599915,3232,63581,,,,,,,,,,1.547,478533.199,Device,,NVIDIA A100-SXM4-40GB MIG 4g.20gb (0),1,,13,[CUDA memset]
2094606315,3104,63586,,,,,,,,,,0.031,10082.445,Pinned,Device,NVIDIA A100-SXM4-40GB MIG 4g.20gb (0),1,,13,[CUDA memcpy Host-to-Device]
2094611851,9855,63587,,,,,,,,,,0.197,19950.010,Pinned,Device,NVIDIA A100-SXM4-40GB MIG 4g.20gb (0),1,,13,[CUDA memcpy Host-to-Device]
2094627018,6144,63588,273,1,1,8,4,1,39,0.002,0.000,,,,,NVIDIA A100-SXM4-40GB MIG 4g.20gb (0),1,,13,"void channel_eq::eqMmseCoefCompLowMimoKernel<float, float, float, (unsigned int)4, (unsigned int)1, (unsigned int)4>(const channel_eq::_puschRxChEqStatDescr *, channel_eq::_puschRxChEqCoefCompDynDescr)"
2094634282,6528,63589,273,1,1,12,11,1,51,0.002,0.000,,,,,NVIDIA A100-SXM4-40GB MIG 4g.20gb (0),1,,13,"void channel_eq::eqMmseSoftDemapKernel<float, __half, __half, float, (unsigned int)4, (unsigned short)16383>(channel_eq::_puschRxChEqStatDescr *, channel_eq::_puschRxChEqSoftDemapDynDescr)"
2094641770,294493,63590,1,1,1,32,32,1,30,0.000,0.000,,,,,NVIDIA A100-SXM4-40GB MIG 4g.20gb (0),1,,13,"void convert_kernel<float2, __half2>(tensor_layout_any, T1 *, tensor_layout_any, const T2 *)"
2094937351,11039,63602,2253,1,1,128,1,1,16,0.000,0.000,,,,,NVIDIA A100-SXM4-40GB MIG 4g.20gb (0),1,,13,cupy_copy__float16_float16
2094952710,2880,63611,282,1,1,128,1,1,16,0.000,0.000,,,,,NVIDIA A100-SXM4-40GB MIG 4g.20gb (0),1,,13,cupy_copy__complex64_complex64
2094957638,2336,63620,26,1,1,128,1,1,16,0.000,0.000,,,,,NVIDIA A100-SXM4-40GB MIG 4g.20gb (0),1,,13,cupy_copy__float32_float32
2094963686,4768,63629,103,1,1,128,1,1,16,0.000,0.000,,,,,NVIDIA A100-SXM4-40GB MIG 4g.20gb (0),1,,13,cupy_copy__complex64_complex64
2094970726,12224,63639,1434,1,1,128,1,1,16,0.000,0.000,,,,,NVIDIA A100-SXM4-40GB MIG 4g.20gb (0),1,,13,cupy_copy__complex64_complex64
2094989254,86719,63644,1,1,1,32,32,1,30,0.000,0.000,,,,,NVIDIA A100-SXM4-40GB MIG 4g.20gb (0),1,,13,"void convert_kernel<__half2, float2>(tensor_layout_any, T1 *, tensor_layout_any, const T2 *)"
2095103332,5888,63647,,,,,,,,,,0.094,15912.954,Pinned,Device,NVIDIA A100-SXM4-40GB MIG 4g.20gb (0),1,,13,[CUDA memcpy Host-to-Device]
2095114756,598905,63648,,,,,,,,,,456.561,762001.043,Device,,NVIDIA A100-SXM4-40GB MIG 4g.20gb (0),1,,13,[CUDA memset]
2095718781,70655,63653,,,,,,,,,,1.235,17478.162,Pinned,Device,NVIDIA A100-SXM4-40GB MIG 4g.20gb (0),1,,13,[CUDA memcpy Host-to-Device]
2095796604,21312,63654,,,,,,,,,,0.197,9225.044,Pinned,Device,NVIDIA A100-SXM4-40GB MIG 4g.20gb (0),1,,13,[CUDA memcpy Host-to-Device]
2095832155,8704,63655,69,4,1,48,1,1,76,0.002,0.000,,,,,NVIDIA A100-SXM4-40GB MIG 4g.20gb (0),1,,13,"void ch_est::windowedChEstPreNoDftSOfdmKernel<float, __half, float, (unsigned int)2, (unsigned int)1, (unsigned short)4>(ch_est::puschRxChEstStatDescr_t *, ch_est::puschRxChEstDynDescr_t *)"
2095853851,7200,63656,137,2,1,24,2,1,44,0.001,0.001,,,,,NVIDIA A100-SXM4-40GB MIG 4g.20gb (0),1,,13,"void ch_est::chEstFilterNoDftSOfdmDispatchKernel<float, __half, float, (unsigned int)2>(ch_est::puschRxChEstStatDescr_t *, ch_est::puschRxChEstDynDescr_t *)"
2095866427,5376,63657,137,2,1,24,2,1,44,0.001,0.001,,,,,NVIDIA A100-SXM4-40GB MIG 4g.20gb (0),1,,13,"void ch_est::chEstFilterNoDftSOfdmDispatchKernel<float, __half, float, (unsigned int)2>(ch_est::puschRxChEstStatDescr_t *, ch_est::puschRxChEstDynDescr_t *)"
2095875483,2592,63668,103,1,1,128,1,1,16,0.000,0.000,,,,,NVIDIA A100-SXM4-40GB MIG 4g.20gb (0),1,,13,cupy_copy__complex64_complex64
2095887547,13024,63678,1434,1,1,128,1,1,16,0.000,0.000,,,,,NVIDIA A100-SXM4-40GB MIG 4g.20gb (0),1,,13,cupy_copy__complex64_complex64
2095910235,2559,63685,103,1,1,128,1,1,16,0.000,0.000,,,,,NVIDIA A100-SXM4-40GB MIG 4g.20gb (0),1,,13,cupy_copy__complex64_complex64
2095922554,90367,63692,1,1,1,32,32,1,30,0.000,0.000,,,,,NVIDIA A100-SXM4-40GB MIG 4g.20gb (0),1,,13,"void convert_kernel<__half2, float2>(tensor_layout_any, T1 *, tensor_layout_any, const T2 *)"
2096040505,16704,63695,,,,,,,,,,0.094,5609.111,Pinned,Device,NVIDIA A100-SXM4-40GB MIG 4g.20gb (0),1,,13,[CUDA memcpy Host-to-Device]
2096073208,47744,63696,,,,,,,,,,35.810,750038.774,Device,,NVIDIA A100-SXM4-40GB MIG 4g.20gb (0),1,,13,[CUDA memset]
2096126840,15136,63698,,,,,,,,,,0.000,5.285,Pinned,Device,NVIDIA A100-SXM4-40GB MIG 4g.20gb (0),1,,13,[CUDA memcpy Host-to-Device]
2096147224,26559,63699,,,,,,,,,,0.197,7402.684,Pinned,Device,NVIDIA A100-SXM4-40GB MIG 4g.20gb (0),1,,13,[CUDA memcpy Host-to-Device]
2096194679,9856,63700,273,1,1,48,1,1,40,0.000,0.001,,,,,NVIDIA A100-SXM4-40GB MIG 4g.20gb (0),1,,13,"void pusch_noise_intf_est::noiseIntfEstNoDftSOfdmKernel<float, __half, float, float, (unsigned int)2, (unsigned int)1, (unsigned char)4, (unsigned char)4>(pusch_noise_intf_est::puschRxNoiseIntfEstDynDescr)"
2096209879,2816,63711,35,1,1,128,1,1,16,0.000,0.000,,,,,NVIDIA A100-SXM4-40GB MIG 4g.20gb (0),1,,13,cupy_copy__complex64_complex64
2096225975,1728,63720,1,1,1,1,1,1,18,0.000,0.000,,,,,NVIDIA A100-SXM4-40GB MIG 4g.20gb (0),1,,13,cupy_copy__float32_float32
2096231063,5951,63726,,,,,,,,,,0.000,0.672,Device,Pageable,NVIDIA A100-SXM4-40GB MIG 4g.20gb (0),1,,7,[CUDA memcpy Device-to-Host]
2096331765,12704,63737,1434,1,1,128,1,1,16,0.000,0.000,,,,,NVIDIA A100-SXM4-40GB MIG 4g.20gb (0),1,,13,cupy_copy__complex64_complex64
2096354197,3392,63744,103,1,1,128,1,1,16,0.000,0.000,,,,,NVIDIA A100-SXM4-40GB MIG 4g.20gb (0),1,,13,cupy_copy__complex64_complex64
2096374261,2592,63751,35,1,1,128,1,1,16,0.000,0.000,,,,,NVIDIA A100-SXM4-40GB MIG 4g.20gb (0),1,,13,cupy_copy__complex64_complex64
2096378773,1696,63758,1,1,1,1,1,1,18,0.000,0.000,,,,,NVIDIA A100-SXM4-40GB MIG 4g.20gb (0),1,,13,cupy_copy__float32_float32
2096516787,83167,63769,1,1,1,32,32,1,30,0.000,0.000,,,,,NVIDIA A100-SXM4-40GB MIG 4g.20gb (0),1,,13,"void convert_kernel<__half2, float2>(tensor_layout_any, T1 *, tensor_layout_any, const T2 *)"
2096632978,13599,63772,,,,,,,,,,0.094,6889.842,Pinned,Device,NVIDIA A100-SXM4-40GB MIG 4g.20gb (0),1,,13,[CUDA memcpy Host-to-Device]
2096653137,3520,63773,,,,,,,,,,1.547,439380.412,Device,,NVIDIA A100-SXM4-40GB MIG 4g.20gb (0),1,,13,[CUDA memset]
2096658769,3200,63778,,,,,,,,,,0.031,9780.000,Pinned,Device,NVIDIA A100-SXM4-40GB MIG 4g.20gb (0),1,,13,[CUDA memcpy Host-to-Device]
2096665393,13152,63779,,,,,,,,,,0.197,14948.893,Pinned,Device,NVIDIA A100-SXM4-40GB MIG 4g.20gb (0),1,,13,[CUDA memcpy Host-to-Device]
2096693329,6336,63780,273,1,1,8,4,1,39,0.002,0.000,,,,,NVIDIA A100-SXM4-40GB MIG 4g.20gb (0),1,,13,"void channel_eq::eqMmseCoefCompLowMimoKernel<float, float, float, (unsigned int)4, (unsigned int)1, (unsigned int)4>(const channel_eq::_puschRxChEqStatDescr *, channel_eq::_puschRxChEqCoefCompDynDescr)"
2096704817,7680,63781,273,1,1,12,11,1,51,0.002,0.000,,,,,NVIDIA A100-SXM4-40GB MIG 4g.20gb (0),1,,13,"void channel_eq::eqMmseSoftDemapKernel<float, __half, __half, float, (unsigned int)4, (unsigned short)16383>(channel_eq::_puschRxChEqStatDescr *, channel_eq::_puschRxChEqSoftDemapDynDescr)"
2096714417,282236,63782,1,1,1,32,32,1,30,0.000,0.000,,,,,NVIDIA A100-SXM4-40GB MIG 4g.20gb (0),1,,13,"void convert_kernel<float2, __half2>(tensor_layout_any, T1 *, tensor_layout_any, const T2 *)"
2097001581,10848,63794,2253,1,1,128,1,1,16,0.000,0.000,,,,,NVIDIA A100-SXM4-40GB MIG 4g.20gb (0),1,,13,cupy_copy__float16_float16
2097014413,2816,63803,282,1,1,128,1,1,16,0.000,0.000,,,,,NVIDIA A100-SXM4-40GB MIG 4g.20gb (0),1,,13,cupy_copy__complex64_complex64
2097018605,2176,63812,26,1,1,128,1,1,16,0.000,0.000,,,,,NVIDIA A100-SXM4-40GB MIG 4g.20gb (0),1,,13,cupy_copy__float32_float32
2097024173,2912,63821,103,1,1,128,1,1,16,0.000,0.000,,,,,NVIDIA A100-SXM4-40GB MIG 4g.20gb (0),1,,13,cupy_copy__complex64_complex64
2097028493,12224,63831,1434,1,1,128,1,1,16,0.000,0.000,,,,,NVIDIA A100-SXM4-40GB MIG 4g.20gb (0),1,,13,cupy_copy__complex64_complex64
2097042093,82623,63836,1,1,1,32,32,1,30,0.000,0.000,,,,,NVIDIA A100-SXM4-40GB MIG 4g.20gb (0),1,,13,"void convert_kernel<__half2, float2>(tensor_layout_any, T1 *, tensor_layout_any, const T2 *)"
2097151819,5696,63839,,,,,,,,,,0.094,16449.363,Pinned,Device,NVIDIA A100-SXM4-40GB MIG 4g.20gb (0),1,,13,[CUDA memcpy Host-to-Device]
2097161291,597945,63840,,,,,,,,,,456.561,763370.728,Device,,NVIDIA A100-SXM4-40GB MIG 4g.20gb (0),1,,13,[CUDA memset]
2097763940,146718,63845,,,,,,,,,,1.235,8416.143,Pinned,Device,NVIDIA A100-SXM4-40GB MIG 4g.20gb (0),1,,13,[CUDA memcpy Host-to-Device]
2097919874,25023,63846,,,,,,,,,,0.197,7857.046,Pinned,Device,NVIDIA A100-SXM4-40GB MIG 4g.20gb (0),1,,13,[CUDA memcpy Host-to-Device]
2097962273,8288,63847,69,4,1,48,1,1,76,0.002,0.000,,,,,NVIDIA A100-SXM4-40GB MIG 4g.20gb (0),1,,13,"void ch_est::windowedChEstPreNoDftSOfdmKernel<float, __half, float, (unsigned int)2, (unsigned int)1, (unsigned short)4>(ch_est::puschRxChEstStatDescr_t *, ch_est::puschRxChEstDynDescr_t *)"
2097976065,6848,63848,137,2,1,24,2,1,44,0.001,0.001,,,,,NVIDIA A100-SXM4-40GB MIG 4g.20gb (0),1,,13,"void ch_est::chEstFilterNoDftSOfdmDispatchKernel<float, __half, float, (unsigned int)2>(ch_est::puschRxChEstStatDescr_t *, ch_est::puschRxChEstDynDescr_t *)"
2097993985,6432,63849,137,2,1,24,2,1,44,0.001,0.001,,,,,NVIDIA A100-SXM4-40GB MIG 4g.20gb (0),1,,13,"void ch_est::chEstFilterNoDftSOfdmDispatchKernel<float, __half, float, (unsigned int)2>(ch_est::puschRxChEstStatDescr_t *, ch_est::puschRxChEstDynDescr_t *)"
2098004481,2656,63860,103,1,1,128,1,1,16,0.000,0.000,,,,,NVIDIA A100-SXM4-40GB MIG 4g.20gb (0),1,,13,cupy_copy__complex64_complex64
2098017056,12512,63870,1434,1,1,128,1,1,16,0.000,0.000,,,,,NVIDIA A100-SXM4-40GB MIG 4g.20gb (0),1,,13,cupy_copy__complex64_complex64
2098032352,2880,63877,103,1,1,128,1,1,16,0.000,0.000,,,,,NVIDIA A100-SXM4-40GB MIG 4g.20gb (0),1,,13,cupy_copy__complex64_complex64
2098044544,82015,63884,1,1,1,32,32,1,30,0.000,0.000,,,,,NVIDIA A100-SXM4-40GB MIG 4g.20gb (0),1,,13,"void convert_kernel<__half2, float2>(tensor_layout_any, T1 *, tensor_layout_any, const T2 *)"
2098154015,5792,63887,,,,,,,,,,0.094,16176.708,Pinned,Device,NVIDIA A100-SXM4-40GB MIG 4g.20gb (0),1,,13,[CUDA memcpy Host-to-Device]
2098168735,47199,63888,,,,,,,,,,35.810,758668.965,Device,,NVIDIA A100-SXM4-40GB MIG 4g.20gb (0),1,,13,[CUDA memset]
2098222398,4352,63890,,,,,,,,,,0.000,18.382,Pinned,Device,NVIDIA A100-SXM4-40GB MIG 4g.20gb (0),1,,13,[CUDA memcpy Host-to-Device]
2098231582,12416,63891,,,,,,,,,,0.197,15835.005,Pinned,Device,NVIDIA A100-SXM4-40GB MIG 4g.20gb (0),1,,13,[CUDA memcpy Host-to-Device]
2098253918,9695,63892,273,1,1,48,1,1,40,0.000,0.001,,,,,NVIDIA A100-SXM4-40GB MIG 4g.20gb (0),1,,13,"void pusch_noise_intf_est::noiseIntfEstNoDftSOfdmKernel<float, __half, float, float, (unsigned int)2, (unsigned int)1, (unsigned char)4, (unsigned char)4>(pusch_noise_intf_est::puschRxNoiseIntfEstDynDescr)"
2098266749,3072,63903,35,1,1,128,1,1,16,0.000,0.000,,,,,NVIDIA A100-SXM4-40GB MIG 4g.20gb (0),1,,13,cupy_copy__complex64_complex64
2098279005,1984,63912,1,1,1,1,1,1,18,0.000,0.000,,,,,NVIDIA A100-SXM4-40GB MIG 4g.20gb (0),1,,13,cupy_copy__float32_float32
2098309757,1856,63918,,,,,,,,,,0.000,2.155,Device,Pageable,NVIDIA A100-SXM4-40GB MIG 4g.20gb (0),1,,7,[CUDA memcpy Device-to-Host]
2098371996,12768,63929,1434,1,1,128,1,1,16,0.000,0.000,,,,,NVIDIA A100-SXM4-40GB MIG 4g.20gb (0),1,,13,cupy_copy__complex64_complex64
2098399900,2720,63936,103,1,1,128,1,1,16,0.000,0.000,,,,,NVIDIA A100-SXM4-40GB MIG 4g.20gb (0),1,,13,cupy_copy__complex64_complex64
2098419131,2752,63943,35,1,1,128,1,1,16,0.000,0.000,,,,,NVIDIA A100-SXM4-40GB MIG 4g.20gb (0),1,,13,cupy_copy__complex64_complex64
2098438523,1792,63950,1,1,1,1,1,1,18,0.000,0.000,,,,,NVIDIA A100-SXM4-40GB MIG 4g.20gb (0),1,,13,cupy_copy__float32_float32
2098575322,81279,63961,1,1,1,32,32,1,30,0.000,0.000,,,,,NVIDIA A100-SXM4-40GB MIG 4g.20gb (0),1,,13,"void convert_kernel<__half2, float2>(tensor_layout_any, T1 *, tensor_layout_any, const T2 *)"
2098685528,5792,63964,,,,,,,,,,0.094,16176.708,Pinned,Device,NVIDIA A100-SXM4-40GB MIG 4g.20gb (0),1,,13,[CUDA memcpy Host-to-Device]
2098700280,3392,63965,,,,,,,,,,1.547,455961.768,Device,,NVIDIA A100-SXM4-40GB MIG 4g.20gb (0),1,,13,[CUDA memset]
2098706744,3552,63970,,,,,,,,,,0.031,8810.794,Pinned,Device,NVIDIA A100-SXM4-40GB MIG 4g.20gb (0),1,,13,[CUDA memcpy Host-to-Device]
2098713368,9792,63971,,,,,,,,,,0.197,20078.395,Pinned,Device,NVIDIA A100-SXM4-40GB MIG 4g.20gb (0),1,,13,[CUDA memcpy Host-to-Device]
2098726872,7904,63972,273,1,1,8,4,1,39,0.002,0.000,,,,,NVIDIA A100-SXM4-40GB MIG 4g.20gb (0),1,,13,"void channel_eq::eqMmseCoefCompLowMimoKernel<float, float, float, (unsigned int)4, (unsigned int)1, (unsigned int)4>(const channel_eq::_puschRxChEqStatDescr *, channel_eq::_puschRxChEqCoefCompDynDescr)"
2098736824,6175,63973,273,1,1,12,11,1,51,0.002,0.000,,,,,NVIDIA A100-SXM4-40GB MIG 4g.20gb (0),1,,13,"void channel_eq::eqMmseSoftDemapKernel<float, __half, __half, float, (unsigned int)4, (unsigned short)16383>(channel_eq::_puschRxChEqStatDescr *, channel_eq::_puschRxChEqSoftDemapDynDescr)"
2098745463,294621,63974,1,1,1,32,32,1,30,0.000,0.000,,,,,NVIDIA A100-SXM4-40GB MIG 4g.20gb (0),1,,13,"void convert_kernel<float2, __half2>(tensor_layout_any, T1 *, tensor_layout_any, const T2 *)"
2099042484,11104,63986,2253,1,1,128,1,1,16,0.000,0.000,,,,,NVIDIA A100-SXM4-40GB MIG 4g.20gb (0),1,,13,cupy_copy__float16_float16
2099057108,3648,63995,282,1,1,128,1,1,16,0.000,0.000,,,,,NVIDIA A100-SXM4-40GB MIG 4g.20gb (0),1,,13,cupy_copy__complex64_complex64
2099064404,2239,64004,26,1,1,128,1,1,16,0.000,0.000,,,,,NVIDIA A100-SXM4-40GB MIG 4g.20gb (0),1,,13,cupy_copy__float32_float32
2099068339,2944,64013,103,1,1,128,1,1,16,0.000,0.000,,,,,NVIDIA A100-SXM4-40GB MIG 4g.20gb (0),1,,13,cupy_copy__complex64_complex64
2099072691,12256,64023,1434,1,1,128,1,1,16,0.000,0.000,,,,,NVIDIA A100-SXM4-40GB MIG 4g.20gb (0),1,,13,cupy_copy__complex64_complex64
2099089779,81503,64028,1,1,1,32,32,1,30,0.000,0.000,,,,,NVIDIA A100-SXM4-40GB MIG 4g.20gb (0),1,,13,"void convert_kernel<__half2, float2>(tensor_layout_any, T1 *, tensor_layout_any, const T2 *)"
2099198834,5728,64031,,,,,,,,,,0.094,16357.541,Pinned,Device,NVIDIA A100-SXM4-40GB MIG 4g.20gb (0),1,,13,[CUDA memcpy Host-to-Device]
2099209362,598200,64032,,,,,,,,,,456.561,762914.166,Device,,NVIDIA A100-SXM4-40GB MIG 4g.20gb (0),1,,13,[CUDA memset]
2099816490,172446,64037,,,,,,,,,,1.235,7160.205,Pinned,Device,NVIDIA A100-SXM4-40GB MIG 4g.20gb (0),1,,13,[CUDA memcpy Host-to-Device]
2100002280,39935,64038,,,,,,,,,,0.197,4923.064,Pinned,Device,NVIDIA A100-SXM4-40GB MIG 4g.20gb (0),1,,13,[CUDA memcpy Host-to-Device]
2100071655,7968,64039,69,4,1,48,1,1,76,0.002,0.000,,,,,NVIDIA A100-SXM4-40GB MIG 4g.20gb (0),1,,13,"void ch_est::windowedChEstPreNoDftSOfdmKernel<float, __half, float, (unsigned int)2, (unsigned int)1, (unsigned short)4>(ch_est::puschRxChEstStatDescr_t *, ch_est::puschRxChEstDynDescr_t *)"
2100088711,6528,64040,137,2,1,24,2,1,44,0.001,0.001,,,,,NVIDIA A100-SXM4-40GB MIG 4g.20gb (0),1,,13,"void ch_est::chEstFilterNoDftSOfdmDispatchKernel<float, __half, float, (unsigned int)2>(ch_est::puschRxChEstStatDescr_t *, ch_est::puschRxChEstDynDescr_t *)"
2100104519,4864,64041,137,2,1,24,2,1,44,0.001,0.001,,,,,NVIDIA A100-SXM4-40GB MIG 4g.20gb (0),1,,13,"void ch_est::chEstFilterNoDftSOfdmDispatchKernel<float, __half, float, (unsigned int)2>(ch_est::puschRxChEstStatDescr_t *, ch_est::puschRxChEstDynDescr_t *)"
2100117926,2656,64052,103,1,1,128,1,1,16,0.000,0.000,,,,,NVIDIA A100-SXM4-40GB MIG 4g.20gb (0),1,,13,cupy_copy__complex64_complex64
2100133222,12352,64062,1434,1,1,128,1,1,16,0.000,0.000,,,,,NVIDIA A100-SXM4-40GB MIG 4g.20gb (0),1,,13,cupy_copy__complex64_complex64
2100162022,2624,64069,103,1,1,128,1,1,16,0.000,0.000,,,,,NVIDIA A100-SXM4-40GB MIG 4g.20gb (0),1,,13,cupy_copy__complex64_complex64
2100176294,87519,64076,1,1,1,32,32,1,30,0.000,0.000,,,,,NVIDIA A100-SXM4-40GB MIG 4g.20gb (0),1,,13,"void convert_kernel<__half2, float2>(tensor_layout_any, T1 *, tensor_layout_any, const T2 *)"
2100296228,13440,64079,,,,,,,,,,0.094,6971.357,Pinned,Device,NVIDIA A100-SXM4-40GB MIG 4g.20gb (0),1,,13,[CUDA memcpy Host-to-Device]
2100322596,47551,64080,,,,,,,,,,35.810,753082.618,Device,,NVIDIA A100-SXM4-40GB MIG 4g.20gb (0),1,,13,[CUDA memset]
2100374819,5152,64082,,,,,,,,,,0.000,15.528,Pinned,Device,NVIDIA A100-SXM4-40GB MIG 4g.20gb (0),1,,13,[CUDA memcpy Host-to-Device]
2100387555,19456,64083,,,,,,,,,,0.197,10105.258,Pinned,Device,NVIDIA A100-SXM4-40GB MIG 4g.20gb (0),1,,13,[CUDA memcpy Host-to-Device]
2100416483,12448,64084,273,1,1,48,1,1,40,0.000,0.001,,,,,NVIDIA A100-SXM4-40GB MIG 4g.20gb (0),1,,13,"void pusch_noise_intf_est::noiseIntfEstNoDftSOfdmKernel<float, __half, float, float, (unsigned int)2, (unsigned int)1, (unsigned char)4, (unsigned char)4>(pusch_noise_intf_est::puschRxNoiseIntfEstDynDescr)"
2100434307,2944,64095,35,1,1,128,1,1,16,0.000,0.000,,,,,NVIDIA A100-SXM4-40GB MIG 4g.20gb (0),1,,13,cupy_copy__complex64_complex64
2100444162,2240,64104,1,1,1,1,1,1,18,0.000,0.000,,,,,NVIDIA A100-SXM4-40GB MIG 4g.20gb (0),1,,13,cupy_copy__float32_float32
2100452962,3648,64110,,,,,,,,,,0.000,1.096,Device,Pageable,NVIDIA A100-SXM4-40GB MIG 4g.20gb (0),1,,7,[CUDA memcpy Device-to-Host]
2100518562,12703,64121,1434,1,1,128,1,1,16,0.000,0.000,,,,,NVIDIA A100-SXM4-40GB MIG 4g.20gb (0),1,,13,cupy_copy__complex64_complex64
2100545025,3360,64128,103,1,1,128,1,1,16,0.000,0.000,,,,,NVIDIA A100-SXM4-40GB MIG 4g.20gb (0),1,,13,cupy_copy__complex64_complex64
2100565473,3072,64135,35,1,1,128,1,1,16,0.000,0.000,,,,,NVIDIA A100-SXM4-40GB MIG 4g.20gb (0),1,,13,cupy_copy__complex64_complex64
2100584641,1856,64142,1,1,1,1,1,1,18,0.000,0.000,,,,,NVIDIA A100-SXM4-40GB MIG 4g.20gb (0),1,,13,cupy_copy__float32_float32
2100716159,87103,64153,1,1,1,32,32,1,30,0.000,0.000,,,,,NVIDIA A100-SXM4-40GB MIG 4g.20gb (0),1,,13,"void convert_kernel<__half2, float2>(tensor_layout_any, T1 *, tensor_layout_any, const T2 *)"
2100831390,5888,64156,,,,,,,,,,0.094,15912.954,Pinned,Device,NVIDIA A100-SXM4-40GB MIG 4g.20gb (0),1,,13,[CUDA memcpy Host-to-Device]
2100845629,3136,64157,,,,,,,,,,1.547,493182.821,Device,,NVIDIA A100-SXM4-40GB MIG 4g.20gb (0),1,,13,[CUDA memset]
2100852317,3360,64162,,,,,,,,,,0.031,9314.284,Pinned,Device,NVIDIA A100-SXM4-40GB MIG 4g.20gb (0),1,,13,[CUDA memcpy Host-to-Device]
2100858589,9504,64163,,,,,,,,,,0.197,20686.701,Pinned,Device,NVIDIA A100-SXM4-40GB MIG 4g.20gb (0),1,,13,[CUDA memcpy Host-to-Device]
2100873021,6080,64164,273,1,1,8,4,1,39,0.002,0.000,,,,,NVIDIA A100-SXM4-40GB MIG 4g.20gb (0),1,,13,"void channel_eq::eqMmseCoefCompLowMimoKernel<float, float, float, (unsigned int)4, (unsigned int)1, (unsigned int)4>(const channel_eq::_puschRxChEqStatDescr *, channel_eq::_puschRxChEqCoefCompDynDescr)"
2100882365,6016,64165,273,1,1,12,11,1,51,0.002,0.000,,,,,NVIDIA A100-SXM4-40GB MIG 4g.20gb (0),1,,13,"void channel_eq::eqMmseSoftDemapKernel<float, __half, __half, float, (unsigned int)4, (unsigned short)16383>(channel_eq::_puschRxChEqStatDescr *, channel_eq::_puschRxChEqSoftDemapDynDescr)"
2100890045,282812,64166,1,1,1,32,32,1,30,0.000,0.000,,,,,NVIDIA A100-SXM4-40GB MIG 4g.20gb (0),1,,13,"void convert_kernel<float2, __half2>(tensor_layout_any, T1 *, tensor_layout_any, const T2 *)"
2101175577,10912,64178,2253,1,1,128,1,1,16,0.000,0.000,,,,,NVIDIA A100-SXM4-40GB MIG 4g.20gb (0),1,,13,cupy_copy__float16_float16
2101188633,3264,64187,282,1,1,128,1,1,16,0.000,0.000,,,,,NVIDIA A100-SXM4-40GB MIG 4g.20gb (0),1,,13,cupy_copy__complex64_complex64
2101192953,2176,64196,26,1,1,128,1,1,16,0.000,0.000,,,,,NVIDIA A100-SXM4-40GB MIG 4g.20gb (0),1,,13,cupy_copy__float32_float32
2101197657,3904,64205,103,1,1,128,1,1,16,0.000,0.000,,,,,NVIDIA A100-SXM4-40GB MIG 4g.20gb (0),1,,13,cupy_copy__complex64_complex64
2101205017,12000,64215,1434,1,1,128,1,1,16,0.000,0.000,,,,,NVIDIA A100-SXM4-40GB MIG 4g.20gb (0),1,,13,cupy_copy__complex64_complex64
2101221145,88031,64220,1,1,1,32,32,1,30,0.000,0.000,,,,,NVIDIA A100-SXM4-40GB MIG 4g.20gb (0),1,,13,"void convert_kernel<__half2, float2>(tensor_layout_any, T1 *, tensor_layout_any, const T2 *)"
2101336983,5440,64223,,,,,,,,,,0.094,17223.480,Pinned,Device,NVIDIA A100-SXM4-40GB MIG 4g.20gb (0),1,,13,[CUDA memcpy Host-to-Device]
2101346935,600761,64224,,,,,,,,,,456.561,759718.236,Device,,NVIDIA A100-SXM4-40GB MIG 4g.20gb (0),1,,13,[CUDA memset]
2101953104,171326,64229,,,,,,,,,,1.235,7207.133,Pinned,Device,NVIDIA A100-SXM4-40GB MIG 4g.20gb (0),1,,13,[CUDA memcpy Host-to-Device]
2102140429,40992,64230,,,,,,,,,,0.197,4796.252,Pinned,Device,NVIDIA A100-SXM4-40GB MIG 4g.20gb (0),1,,13,[CUDA memcpy Host-to-Device]
2102210125,7808,64231,69,4,1,48,1,1,76,0.002,0.000,,,,,NVIDIA A100-SXM4-40GB MIG 4g.20gb (0),1,,13,"void ch_est::windowedChEstPreNoDftSOfdmKernel<float, __half, float, (unsigned int)2, (unsigned int)1, (unsigned short)4>(ch_est::puschRxChEstStatDescr_t *, ch_est::puschRxChEstDynDescr_t *)"
2102229612,6624,64232,137,2,1,24,2,1,44,0.001,0.001,,,,,NVIDIA A100-SXM4-40GB MIG 4g.20gb (0),1,,13,"void ch_est::chEstFilterNoDftSOfdmDispatchKernel<float, __half, float, (unsigned int)2>(ch_est::puschRxChEstStatDescr_t *, ch_est::puschRxChEstDynDescr_t *)"
2102247468,4768,64233,137,2,1,24,2,1,44,0.001,0.001,,,,,NVIDIA A100-SXM4-40GB MIG 4g.20gb (0),1,,13,"void ch_est::chEstFilterNoDftSOfdmDispatchKernel<float, __half, float, (unsigned int)2>(ch_est::puschRxChEstStatDescr_t *, ch_est::puschRxChEstDynDescr_t *)"
2102264428,2688,64244,103,1,1,128,1,1,16,0.000,0.000,,,,,NVIDIA A100-SXM4-40GB MIG 4g.20gb (0),1,,13,cupy_copy__complex64_complex64
2102281228,12416,64254,1434,1,1,128,1,1,16,0.000,0.000,,,,,NVIDIA A100-SXM4-40GB MIG 4g.20gb (0),1,,13,cupy_copy__complex64_complex64
2102300748,2911,64261,103,1,1,128,1,1,16,0.000,0.000,,,,,NVIDIA A100-SXM4-40GB MIG 4g.20gb (0),1,,13,cupy_copy__complex64_complex64
2102327211,95231,64268,1,1,1,32,32,1,30,0.000,0.000,,,,,NVIDIA A100-SXM4-40GB MIG 4g.20gb (0),1,,13,"void convert_kernel<__half2, float2>(tensor_layout_any, T1 *, tensor_layout_any, const T2 *)"
2102454058,16735,64271,,,,,,,,,,0.094,5598.804,Pinned,Device,NVIDIA A100-SXM4-40GB MIG 4g.20gb (0),1,,13,[CUDA memcpy Host-to-Device]
2102494665,47040,64272,,,,,,,,,,35.810,761247.279,Device,,NVIDIA A100-SXM4-40GB MIG 4g.20gb (0),1,,13,[CUDA memset]
2102544456,6720,64274,,,,,,,,,,0.000,11.905,Pinned,Device,NVIDIA A100-SXM4-40GB MIG 4g.20gb (0),1,,13,[CUDA memcpy Host-to-Device]
2102557608,16064,64275,,,,,,,,,,0.197,12238.848,Pinned,Device,NVIDIA A100-SXM4-40GB MIG 4g.20gb (0),1,,13,[CUDA memcpy Host-to-Device]
2102586376,13056,64276,273,1,1,48,1,1,40,0.000,0.001,,,,,NVIDIA A100-SXM4-40GB MIG 4g.20gb (0),1,,13,"void pusch_noise_intf_est::noiseIntfEstNoDftSOfdmKernel<float, __half, float, float, (unsigned int)2, (unsigned int)1, (unsigned char)4, (unsigned char)4>(pusch_noise_intf_est::puschRxNoiseIntfEstDynDescr)"
2102611016,2912,64287,35,1,1,128,1,1,16,0.000,0.000,,,,,NVIDIA A100-SXM4-40GB MIG 4g.20gb (0),1,,13,cupy_copy__complex64_complex64
2102621128,1888,64296,1,1,1,1,1,1,18,0.000,0.000,,,,,NVIDIA A100-SXM4-40GB MIG 4g.20gb (0),1,,13,cupy_copy__float32_float32
2102630983,7136,64302,,,,,,,,,,0.000,0.561,Device,Pageable,NVIDIA A100-SXM4-40GB MIG 4g.20gb (0),1,,7,[CUDA memcpy Device-to-Host]
2102708358,12768,64313,1434,1,1,128,1,1,16,0.000,0.000,,,,,NVIDIA A100-SXM4-40GB MIG 4g.20gb (0),1,,13,cupy_copy__complex64_complex64
2102738950,2784,64320,103,1,1,128,1,1,16,0.000,0.000,,,,,NVIDIA A100-SXM4-40GB MIG 4g.20gb (0),1,,13,cupy_copy__complex64_complex64
2102755302,2176,64327,35,1,1,128,1,1,16,0.000,0.000,,,,,NVIDIA A100-SXM4-40GB MIG 4g.20gb (0),1,,13,cupy_copy__complex64_complex64
2102777830,1920,64334,1,1,1,1,1,1,18,0.000,0.000,,,,,NVIDIA A100-SXM4-40GB MIG 4g.20gb (0),1,,13,cupy_copy__float32_float32
2102912708,81663,64345,1,1,1,32,32,1,30,0.000,0.000,,,,,NVIDIA A100-SXM4-40GB MIG 4g.20gb (0),1,,13,"void convert_kernel<__half2, float2>(tensor_layout_any, T1 *, tensor_layout_any, const T2 *)"
2103021891,5504,64348,,,,,,,,,,0.094,17023.251,Pinned,Device,NVIDIA A100-SXM4-40GB MIG 4g.20gb (0),1,,13,[CUDA memcpy Host-to-Device]
2103036514,3232,64349,,,,,,,,,,1.547,478533.199,Device,,NVIDIA A100-SXM4-40GB MIG 4g.20gb (0),1,,13,[CUDA memset]
2103044514,3232,64354,,,,,,,,,,0.031,9683.139,Pinned,Device,NVIDIA A100-SXM4-40GB MIG 4g.20gb (0),1,,13,[CUDA memcpy Host-to-Device]
2103051522,9760,64355,,,,,,,,,,0.197,20144.259,Pinned,Device,NVIDIA A100-SXM4-40GB MIG 4g.20gb (0),1,,13,[CUDA memcpy Host-to-Device]
2103066466,7552,64356,273,1,1,8,4,1,39,0.002,0.000,,,,,NVIDIA A100-SXM4-40GB MIG 4g.20gb (0),1,,13,"void channel_eq::eqMmseCoefCompLowMimoKernel<float, float, float, (unsigned int)4, (unsigned int)1, (unsigned int)4>(const channel_eq::_puschRxChEqStatDescr *, channel_eq::_puschRxChEqCoefCompDynDescr)"
2103076642,6144,64357,273,1,1,12,11,1,51,0.002,0.000,,,,,NVIDIA A100-SXM4-40GB MIG 4g.20gb (0),1,,13,"void channel_eq::eqMmseSoftDemapKernel<float, __half, __half, float, (unsigned int)4, (unsigned short)16383>(channel_eq::_puschRxChEqStatDescr *, channel_eq::_puschRxChEqSoftDemapDynDescr)"
2103083714,282812,64358,1,1,1,32,32,1,30,0.000,0.000,,,,,NVIDIA A100-SXM4-40GB MIG 4g.20gb (0),1,,13,"void convert_kernel<float2, __half2>(tensor_layout_any, T1 *, tensor_layout_any, const T2 *)"
2103367806,11040,64370,2253,1,1,128,1,1,16,0.000,0.000,,,,,NVIDIA A100-SXM4-40GB MIG 4g.20gb (0),1,,13,cupy_copy__float16_float16
2103383582,2880,64379,282,1,1,128,1,1,16,0.000,0.000,,,,,NVIDIA A100-SXM4-40GB MIG 4g.20gb (0),1,,13,cupy_copy__complex64_complex64
2103389758,3296,64388,26,1,1,128,1,1,16,0.000,0.000,,,,,NVIDIA A100-SXM4-40GB MIG 4g.20gb (0),1,,13,cupy_copy__float32_float32
2103394014,2912,64397,103,1,1,128,1,1,16,0.000,0.000,,,,,NVIDIA A100-SXM4-40GB MIG 4g.20gb (0),1,,13,cupy_copy__complex64_complex64
2103399774,11840,64407,1434,1,1,128,1,1,16,0.000,0.000,,,,,NVIDIA A100-SXM4-40GB MIG 4g.20gb (0),1,,13,cupy_copy__complex64_complex64
2103416670,87167,64412,1,1,1,32,32,1,30,0.000,0.000,,,,,NVIDIA A100-SXM4-40GB MIG 4g.20gb (0),1,,13,"void convert_kernel<__half2, float2>(tensor_layout_any, T1 *, tensor_layout_any, const T2 *)"
2103530460,6048,64415,,,,,,,,,,0.094,15491.978,Pinned,Device,NVIDIA A100-SXM4-40GB MIG 4g.20gb (0),1,,13,[CUDA memcpy Host-to-Device]
2103540508,596473,64416,,,,,,,,,,456.561,765196.973,Device,,NVIDIA A100-SXM4-40GB MIG 4g.20gb (0),1,,13,[CUDA memset]
2104137877,140638,64421,,,,,,,,,,1.235,8780.452,Pinned,Device,NVIDIA A100-SXM4-40GB MIG 4g.20gb (0),1,,13,[CUDA memcpy Host-to-Device]
2104287795,33056,64422,,,,,,,,,,0.197,5947.589,Pinned,Device,NVIDIA A100-SXM4-40GB MIG 4g.20gb (0),1,,13,[CUDA memcpy Host-to-Device]
2104338194,8000,64423,69,4,1,48,1,1,76,0.002,0.000,,,,,NVIDIA A100-SXM4-40GB MIG 4g.20gb (0),1,,13,"void ch_est::windowedChEstPreNoDftSOfdmKernel<float, __half, float, (unsigned int)2, (unsigned int)1, (unsigned short)4>(ch_est::puschRxChEstStatDescr_t *, ch_est::puschRxChEstDynDescr_t *)"
2104354482,6688,64424,137,2,1,24,2,1,44,0.001,0.001,,,,,NVIDIA A100-SXM4-40GB MIG 4g.20gb (0),1,,13,"void ch_est::chEstFilterNoDftSOfdmDispatchKernel<float, __half, float, (unsigned int)2>(ch_est::puschRxChEstStatDescr_t *, ch_est::puschRxChEstDynDescr_t *)"
2104366194,4704,64425,137,2,1,24,2,1,44,0.001,0.001,,,,,NVIDIA A100-SXM4-40GB MIG 4g.20gb (0),1,,13,"void ch_est::chEstFilterNoDftSOfdmDispatchKernel<float, __half, float, (unsigned int)2>(ch_est::puschRxChEstStatDescr_t *, ch_est::puschRxChEstDynDescr_t *)"
2104376626,2688,64436,103,1,1,128,1,1,16,0.000,0.000,,,,,NVIDIA A100-SXM4-40GB MIG 4g.20gb (0),1,,13,cupy_copy__complex64_complex64
2104385970,12448,64446,1434,1,1,128,1,1,16,0.000,0.000,,,,,NVIDIA A100-SXM4-40GB MIG 4g.20gb (0),1,,13,cupy_copy__complex64_complex64
2104406353,2880,64453,103,1,1,128,1,1,16,0.000,0.000,,,,,NVIDIA A100-SXM4-40GB MIG 4g.20gb (0),1,,13,cupy_copy__complex64_complex64
2104422513,91103,64460,1,1,1,32,32,1,30,0.000,0.000,,,,,NVIDIA A100-SXM4-40GB MIG 4g.20gb (0),1,,13,"void convert_kernel<__half2, float2>(tensor_layout_any, T1 *, tensor_layout_any, const T2 *)"
2104548528,21151,64463,,,,,,,,,,0.094,4429.853,Pinned,Device,NVIDIA A100-SXM4-40GB MIG 4g.20gb (0),1,,13,[CUDA memcpy Host-to-Device]
2104584943,47392,64464,,,,,,,,,,35.810,755589.312,Device,,NVIDIA A100-SXM4-40GB MIG 4g.20gb (0),1,,13,[CUDA memset]
2104640079,15359,64466,,,,,,,,,,0.000,5.209,Pinned,Device,NVIDIA A100-SXM4-40GB MIG 4g.20gb (0),1,,13,[CUDA memcpy Host-to-Device]
2104667694,23584,64467,,,,,,,,,,0.197,8336.376,Pinned,Device,NVIDIA A100-SXM4-40GB MIG 4g.20gb (0),1,,13,[CUDA memcpy Host-to-Device]
2104715310,9696,64468,273,1,1,48,1,1,40,0.000,0.001,,,,,NVIDIA A100-SXM4-40GB MIG 4g.20gb (0),1,,13,"void pusch_noise_intf_est::noiseIntfEstNoDftSOfdmKernel<float, __half, float, float, (unsigned int)2, (unsigned int)1, (unsigned char)4, (unsigned char)4>(pusch_noise_intf_est::puschRxNoiseIntfEstDynDescr)"
2104732013,2720,64479,35,1,1,128,1,1,16,0.000,0.000,,,,,NVIDIA A100-SXM4-40GB MIG 4g.20gb (0),1,,13,cupy_copy__complex64_complex64
2104748493,1792,64488,1,1,1,1,1,1,18,0.000,0.000,,,,,NVIDIA A100-SXM4-40GB MIG 4g.20gb (0),1,,13,cupy_copy__float32_float32
2104754733,5856,64494,,,,,,,,,,0.000,0.683,Device,Pageable,NVIDIA A100-SXM4-40GB MIG 4g.20gb (0),1,,7,[CUDA memcpy Device-to-Host]
2104853452,12800,64505,1434,1,1,128,1,1,16,0.000,0.000,,,,,NVIDIA A100-SXM4-40GB MIG 4g.20gb (0),1,,13,cupy_copy__complex64_complex64
2104873484,3424,64512,103,1,1,128,1,1,16,0.000,0.000,,,,,NVIDIA A100-SXM4-40GB MIG 4g.20gb (0),1,,13,cupy_copy__complex64_complex64
2104902091,2592,64519,35,1,1,128,1,1,16,0.000,0.000,,,,,NVIDIA A100-SXM4-40GB MIG 4g.20gb (0),1,,13,cupy_copy__complex64_complex64
2104917515,1696,64526,1,1,1,1,1,1,18,0.000,0.000,,,,,NVIDIA A100-SXM4-40GB MIG 4g.20gb (0),1,,13,cupy_copy__float32_float32
2105042794,81279,64537,1,1,1,32,32,1,30,0.000,0.000,,,,,NVIDIA A100-SXM4-40GB MIG 4g.20gb (0),1,,13,"void convert_kernel<__half2, float2>(tensor_layout_any, T1 *, tensor_layout_any, const T2 *)"
2105154792,13600,64540,,,,,,,,,,0.094,6889.373,Pinned,Device,NVIDIA A100-SXM4-40GB MIG 4g.20gb (0),1,,13,[CUDA memcpy Host-to-Device]
2105179272,3456,64541,,,,,,,,,,1.547,447517.201,Device,,NVIDIA A100-SXM4-40GB MIG 4g.20gb (0),1,,13,[CUDA memset]
2105186536,7392,64546,,,,,,,,,,0.031,4233.754,Pinned,Device,NVIDIA A100-SXM4-40GB MIG 4g.20gb (0),1,,13,[CUDA memcpy Host-to-Device]
2105197160,12704,64547,,,,,,,,,,0.197,15475.999,Pinned,Device,NVIDIA A100-SXM4-40GB MIG 4g.20gb (0),1,,13,[CUDA memcpy Host-to-Device]
2105220967,6240,64548,273,1,1,8,4,1,39,0.002,0.000,,,,,NVIDIA A100-SXM4-40GB MIG 4g.20gb (0),1,,13,"void channel_eq::eqMmseCoefCompLowMimoKernel<float, float, float, (unsigned int)4, (unsigned int)1, (unsigned int)4>(const channel_eq::_puschRxChEqStatDescr *, channel_eq::_puschRxChEqCoefCompDynDescr)"
2105229607,6048,64549,273,1,1,12,11,1,51,0.002,0.000,,,,,NVIDIA A100-SXM4-40GB MIG 4g.20gb (0),1,,13,"void channel_eq::eqMmseSoftDemapKernel<float, __half, __half, float, (unsigned int)4, (unsigned short)16383>(channel_eq::_puschRxChEqStatDescr *, channel_eq::_puschRxChEqSoftDemapDynDescr)"
2105239399,283069,64550,1,1,1,32,32,1,30,0.000,0.000,,,,,NVIDIA A100-SXM4-40GB MIG 4g.20gb (0),1,,13,"void convert_kernel<float2, __half2>(tensor_layout_any, T1 *, tensor_layout_any, const T2 *)"
2105525028,11008,64562,2253,1,1,128,1,1,16,0.000,0.000,,,,,NVIDIA A100-SXM4-40GB MIG 4g.20gb (0),1,,13,cupy_copy__float16_float16
2105539043,3168,64571,282,1,1,128,1,1,16,0.000,0.000,,,,,NVIDIA A100-SXM4-40GB MIG 4g.20gb (0),1,,13,cupy_copy__complex64_complex64
2105546819,2336,64580,26,1,1,128,1,1,16,0.000,0.000,,,,,NVIDIA A100-SXM4-40GB MIG 4g.20gb (0),1,,13,cupy_copy__float32_float32
2105552387,2784,64589,103,1,1,128,1,1,16,0.000,0.000,,,,,NVIDIA A100-SXM4-40GB MIG 4g.20gb (0),1,,13,cupy_copy__complex64_complex64
2105556227,12256,64599,1434,1,1,128,1,1,16,0.000,0.000,,,,,NVIDIA A100-SXM4-40GB MIG 4g.20gb (0),1,,13,cupy_copy__complex64_complex64
2105573123,82399,64604,1,1,1,32,32,1,30,0.000,0.000,,,,,NVIDIA A100-SXM4-40GB MIG 4g.20gb (0),1,,13,"void convert_kernel<__half2, float2>(tensor_layout_any, T1 *, tensor_layout_any, const T2 *)"
2105682242,6048,64607,,,,,,,,,,0.094,15491.978,Pinned,Device,NVIDIA A100-SXM4-40GB MIG 4g.20gb (0),1,,13,[CUDA memcpy Host-to-Device]
2105693922,597944,64608,,,,,,,,,,456.561,763370.728,Device,,NVIDIA A100-SXM4-40GB MIG 4g.20gb (0),1,,13,[CUDA memset]
2106299642,94271,64613,,,,,,,,,,1.235,13099.051,Pinned,Device,NVIDIA A100-SXM4-40GB MIG 4g.20gb (0),1,,13,[CUDA memcpy Host-to-Device]
2106401657,22656,64614,,,,,,,,,,0.197,8677.884,Pinned,Device,NVIDIA A100-SXM4-40GB MIG 4g.20gb (0),1,,13,[CUDA memcpy Host-to-Device]
2106440248,8480,64615,69,4,1,48,1,1,76,0.002,0.000,,,,,NVIDIA A100-SXM4-40GB MIG 4g.20gb (0),1,,13,"void ch_est::windowedChEstPreNoDftSOfdmKernel<float, __half, float, (unsigned int)2, (unsigned int)1, (unsigned short)4>(ch_est::puschRxChEstStatDescr_t *, ch_est::puschRxChEstDynDescr_t *)"
2106456536,7680,64616,137,2,1,24,2,1,44,0.001,0.001,,,,,NVIDIA A100-SXM4-40GB MIG 4g.20gb (0),1,,13,"void ch_est::chEstFilterNoDftSOfdmDispatchKernel<float, __half, float, (unsigned int)2>(ch_est::puschRxChEstStatDescr_t *, ch_est::puschRxChEstDynDescr_t *)"
2106471800,6304,64617,137,2,1,24,2,1,44,0.001,0.001,,,,,NVIDIA A100-SXM4-40GB MIG 4g.20gb (0),1,,13,"void ch_est::chEstFilterNoDftSOfdmDispatchKernel<float, __half, float, (unsigned int)2>(ch_est::puschRxChEstStatDescr_t *, ch_est::puschRxChEstDynDescr_t *)"
2106486040,2624,64628,103,1,1,128,1,1,16,0.000,0.000,,,,,NVIDIA A100-SXM4-40GB MIG 4g.20gb (0),1,,13,cupy_copy__complex64_complex64
2106495064,12735,64638,1434,1,1,128,1,1,16,0.000,0.000,,,,,NVIDIA A100-SXM4-40GB MIG 4g.20gb (0),1,,13,cupy_copy__complex64_complex64
2106511191,2624,64645,103,1,1,128,1,1,16,0.000,0.000,,,,,NVIDIA A100-SXM4-40GB MIG 4g.20gb (0),1,,13,cupy_copy__complex64_complex64
2106520375,90559,64652,1,1,1,32,32,1,30,0.000,0.000,,,,,NVIDIA A100-SXM4-40GB MIG 4g.20gb (0),1,,13,"void convert_kernel<__half2, float2>(tensor_layout_any, T1 *, tensor_layout_any, const T2 *)"
2106639318,12864,64655,,,,,,,,,,0.094,7283.552,Pinned,Device,NVIDIA A100-SXM4-40GB MIG 4g.20gb (0),1,,13,[CUDA memcpy Host-to-Device]
2106665110,48575,64656,,,,,,,,,,35.810,737183.013,Device,,NVIDIA A100-SXM4-40GB MIG 4g.20gb (0),1,,13,[CUDA memset]
2106716181,6336,64658,,,,,,,,,,0.000,12.626,Pinned,Device,NVIDIA A100-SXM4-40GB MIG 4g.20gb (0),1,,13,[CUDA memcpy Host-to-Device]
2106727541,16640,64659,,,,,,,,,,0.197,11815.354,Pinned,Device,NVIDIA A100-SXM4-40GB MIG 4g.20gb (0),1,,13,[CUDA memcpy Host-to-Device]
2106755508,9568,64660,273,1,1,48,1,1,40,0.000,0.001,,,,,NVIDIA A100-SXM4-40GB MIG 4g.20gb (0),1,,13,"void pusch_noise_intf_est::noiseIntfEstNoDftSOfdmKernel<float, __half, float, float, (unsigned int)2, (unsigned int)1, (unsigned char)4, (unsigned char)4>(pusch_noise_intf_est::puschRxNoiseIntfEstDynDescr)"
2106766548,3392,64671,35,1,1,128,1,1,16,0.000,0.000,,,,,NVIDIA A100-SXM4-40GB MIG 4g.20gb (0),1,,13,cupy_copy__complex64_complex64
2106772692,1888,64680,1,1,1,1,1,1,18,0.000,0.000,,,,,NVIDIA A100-SXM4-40GB MIG 4g.20gb (0),1,,13,cupy_copy__float32_float32
2106788660,2208,64686,,,,,,,,,,0.000,1.812,Device,Pageable,NVIDIA A100-SXM4-40GB MIG 4g.20gb (0),1,,7,[CUDA memcpy Device-to-Host]
2106856019,13056,64697,1434,1,1,128,1,1,16,0.000,0.000,,,,,NVIDIA A100-SXM4-40GB MIG 4g.20gb (0),1,,13,cupy_copy__complex64_complex64
2106885107,2656,64704,103,1,1,128,1,1,16,0.000,0.000,,,,,NVIDIA A100-SXM4-40GB MIG 4g.20gb (0),1,,13,cupy_copy__complex64_complex64
2106906483,2176,64711,35,1,1,128,1,1,16,0.000,0.000,,,,,NVIDIA A100-SXM4-40GB MIG 4g.20gb (0),1,,13,cupy_copy__complex64_complex64
2106924498,1920,64718,1,1,1,1,1,1,18,0.000,0.000,,,,,NVIDIA A100-SXM4-40GB MIG 4g.20gb (0),1,,13,cupy_copy__float32_float32
2107056241,87999,64729,1,1,1,32,32,1,30,0.000,0.000,,,,,NVIDIA A100-SXM4-40GB MIG 4g.20gb (0),1,,13,"void convert_kernel<__half2, float2>(tensor_layout_any, T1 *, tensor_layout_any, const T2 *)"
2107172367,5760,64732,,,,,,,,,,0.094,16266.656,Pinned,Device,NVIDIA A100-SXM4-40GB MIG 4g.20gb (0),1,,13,[CUDA memcpy Host-to-Device]
2107186767,3360,64733,,,,,,,,,,1.547,460304.688,Device,,NVIDIA A100-SXM4-40GB MIG 4g.20gb (0),1,,13,[CUDA memset]
2107195663,3296,64738,,,,,,,,,,0.031,9495.144,Pinned,Device,NVIDIA A100-SXM4-40GB MIG 4g.20gb (0),1,,13,[CUDA memcpy Host-to-Device]
2107201455,9760,64739,,,,,,,,,,0.197,20144.259,Pinned,Device,NVIDIA A100-SXM4-40GB MIG 4g.20gb (0),1,,13,[CUDA memcpy Host-to-Device]
2107217167,6368,64740,273,1,1,8,4,1,39,0.002,0.000,,,,,NVIDIA A100-SXM4-40GB MIG 4g.20gb (0),1,,13,"void channel_eq::eqMmseCoefCompLowMimoKernel<float, float, float, (unsigned int)4, (unsigned int)1, (unsigned int)4>(const channel_eq::_puschRxChEqStatDescr *, channel_eq::_puschRxChEqCoefCompDynDescr)"
2107226447,5792,64741,273,1,1,12,11,1,51,0.002,0.000,,,,,NVIDIA A100-SXM4-40GB MIG 4g.20gb (0),1,,13,"void channel_eq::eqMmseSoftDemapKernel<float, __half, __half, float, (unsigned int)4, (unsigned short)16383>(channel_eq::_puschRxChEqStatDescr *, channel_eq::_puschRxChEqSoftDemapDynDescr)"
2107233231,282780,64742,1,1,1,32,32,1,30,0.000,0.000,,,,,NVIDIA A100-SXM4-40GB MIG 4g.20gb (0),1,,13,"void convert_kernel<float2, __half2>(tensor_layout_any, T1 *, tensor_layout_any, const T2 *)"
2107518283,10976,64754,2253,1,1,128,1,1,16,0.000,0.000,,,,,NVIDIA A100-SXM4-40GB MIG 4g.20gb (0),1,,13,cupy_copy__float16_float16
2107531979,3072,64763,282,1,1,128,1,1,16,0.000,0.000,,,,,NVIDIA A100-SXM4-40GB MIG 4g.20gb (0),1,,13,cupy_copy__complex64_complex64
2107536139,2048,64772,26,1,1,128,1,1,16,0.000,0.000,,,,,NVIDIA A100-SXM4-40GB MIG 4g.20gb (0),1,,13,cupy_copy__float32_float32
2107541611,2912,64781,103,1,1,128,1,1,16,0.000,0.000,,,,,NVIDIA A100-SXM4-40GB MIG 4g.20gb (0),1,,13,cupy_copy__complex64_complex64
2107547627,12191,64791,1434,1,1,128,1,1,16,0.000,0.000,,,,,NVIDIA A100-SXM4-40GB MIG 4g.20gb (0),1,,13,cupy_copy__complex64_complex64
2107563178,82303,64796,1,1,1,32,32,1,30,0.000,0.000,,,,,NVIDIA A100-SXM4-40GB MIG 4g.20gb (0),1,,13,"void convert_kernel<__half2, float2>(tensor_layout_any, T1 *, tensor_layout_any, const T2 *)"
2107672457,5664,64799,,,,,,,,,,0.094,16542.310,Pinned,Device,NVIDIA A100-SXM4-40GB MIG 4g.20gb (0),1,,13,[CUDA memcpy Host-to-Device]
2107682217,596793,64800,,,,,,,,,,456.561,764740.412,Device,,NVIDIA A100-SXM4-40GB MIG 4g.20gb (0),1,,13,[CUDA memset]
2108286466,134878,64805,,,,,,,,,,1.235,9155.875,Pinned,Device,NVIDIA A100-SXM4-40GB MIG 4g.20gb (0),1,,13,[CUDA memcpy Host-to-Device]
2108434368,37951,64806,,,,,,,,,,0.197,5180.424,Pinned,Device,NVIDIA A100-SXM4-40GB MIG 4g.20gb (0),1,,13,[CUDA memcpy Host-to-Device]
2108485599,8416,64807,69,4,1,48,1,1,76,0.002,0.000,,,,,NVIDIA A100-SXM4-40GB MIG 4g.20gb (0),1,,13,"void ch_est::windowedChEstPreNoDftSOfdmKernel<float, __half, float, (unsigned int)2, (unsigned int)1, (unsigned short)4>(ch_est::puschRxChEstStatDescr_t *, ch_est::puschRxChEstDynDescr_t *)"
2108502943,6464,64808,137,2,1,24,2,1,44,0.001,0.001,,,,,NVIDIA A100-SXM4-40GB MIG 4g.20gb (0),1,,13,"void ch_est::chEstFilterNoDftSOfdmDispatchKernel<float, __half, float, (unsigned int)2>(ch_est::puschRxChEstStatDescr_t *, ch_est::puschRxChEstDynDescr_t *)"
2108513279,4736,64809,137,2,1,24,2,1,44,0.001,0.001,,,,,NVIDIA A100-SXM4-40GB MIG 4g.20gb (0),1,,13,"void ch_est::chEstFilterNoDftSOfdmDispatchKernel<float, __half, float, (unsigned int)2>(ch_est::puschRxChEstStatDescr_t *, ch_est::puschRxChEstDynDescr_t *)"
2108528127,2687,64820,103,1,1,128,1,1,16,0.000,0.000,,,,,NVIDIA A100-SXM4-40GB MIG 4g.20gb (0),1,,13,cupy_copy__complex64_complex64
2108538558,12608,64830,1434,1,1,128,1,1,16,0.000,0.000,,,,,NVIDIA A100-SXM4-40GB MIG 4g.20gb (0),1,,13,cupy_copy__complex64_complex64
2108556542,2688,64837,103,1,1,128,1,1,16,0.000,0.000,,,,,NVIDIA A100-SXM4-40GB MIG 4g.20gb (0),1,,13,cupy_copy__complex64_complex64
2108564190,86687,64844,1,1,1,32,32,1,30,0.000,0.000,,,,,NVIDIA A100-SXM4-40GB MIG 4g.20gb (0),1,,13,"void convert_kernel<__half2, float2>(tensor_layout_any, T1 *, tensor_layout_any, const T2 *)"
2108679101,14367,64847,,,,,,,,,,0.094,6521.523,Pinned,Device,NVIDIA A100-SXM4-40GB MIG 4g.20gb (0),1,,13,[CUDA memcpy Host-to-Device]
2108701372,47776,64848,,,,,,,,,,35.810,749537.436,Device,,NVIDIA A100-SXM4-40GB MIG 4g.20gb (0),1,,13,[CUDA memset]
2108752156,8512,64850,,,,,,,,,,0.000,9.398,Pinned,Device,NVIDIA A100-SXM4-40GB MIG 4g.20gb (0),1,,13,[CUDA memcpy Host-to-Device]
2108769372,19135,64851,,,,,,,,,,0.197,10274.734,Pinned,Device,NVIDIA A100-SXM4-40GB MIG 4g.20gb (0),1,,13,[CUDA memcpy Host-to-Device]
2108806491,9632,64852,273,1,1,48,1,1,40,0.000,0.001,,,,,NVIDIA A100-SXM4-40GB MIG 4g.20gb (0),1,,13,"void pusch_noise_intf_est::noiseIntfEstNoDftSOfdmKernel<float, __half, float, float, (unsigned int)2, (unsigned int)1, (unsigned char)4, (unsigned char)4>(pusch_noise_intf_est::puschRxNoiseIntfEstDynDescr)"
2108819451,2944,64863,35,1,1,128,1,1,16,0.000,0.000,,,,,NVIDIA A100-SXM4-40GB MIG 4g.20gb (0),1,,13,cupy_copy__complex64_complex64
2108829019,1728,64872,1,1,1,1,1,1,18,0.000,0.000,,,,,NVIDIA A100-SXM4-40GB MIG 4g.20gb (0),1,,13,cupy_copy__float32_float32
2108834971,4224,64878,,,,,,,,,,0.000,0.947,Device,Pageable,NVIDIA A100-SXM4-40GB MIG 4g.20gb (0),1,,7,[CUDA memcpy Device-to-Host]
2108914714,12864,64889,1434,1,1,128,1,1,16,0.000,0.000,,,,,NVIDIA A100-SXM4-40GB MIG 4g.20gb (0),1,,13,cupy_copy__complex64_complex64
2108950777,6592,64896,103,1,1,128,1,1,16,0.000,0.000,,,,,NVIDIA A100-SXM4-40GB MIG 4g.20gb (0),1,,13,cupy_copy__complex64_complex64
2108964697,2624,64903,35,1,1,128,1,1,16,0.000,0.000,,,,,NVIDIA A100-SXM4-40GB MIG 4g.20gb (0),1,,13,cupy_copy__complex64_complex64
2108987929,1984,64910,1,1,1,1,1,1,18,0.000,0.000,,,,,NVIDIA A100-SXM4-40GB MIG 4g.20gb (0),1,,13,cupy_copy__float32_float32
2109108375,87551,64921,1,1,1,32,32,1,30,0.000,0.000,,,,,NVIDIA A100-SXM4-40GB MIG 4g.20gb (0),1,,13,"void convert_kernel<__half2, float2>(tensor_layout_any, T1 *, tensor_layout_any, const T2 *)"
2109223734,5600,64924,,,,,,,,,,0.094,16731.388,Pinned,Device,NVIDIA A100-SXM4-40GB MIG 4g.20gb (0),1,,13,[CUDA memcpy Host-to-Device]
2109240950,3488,64925,,,,,,,,,,1.547,443412.461,Device,,NVIDIA A100-SXM4-40GB MIG 4g.20gb (0),1,,13,[CUDA memset]
2109248374,3456,64930,,,,,,,,,,0.031,9055.529,Pinned,Device,NVIDIA A100-SXM4-40GB MIG 4g.20gb (0),1,,13,[CUDA memcpy Host-to-Device]
2109254230,9407,64931,,,,,,,,,,0.197,20900.020,Pinned,Device,NVIDIA A100-SXM4-40GB MIG 4g.20gb (0),1,,13,[CUDA memcpy Host-to-Device]
2109268661,6048,64932,273,1,1,8,4,1,39,0.002,0.000,,,,,NVIDIA A100-SXM4-40GB MIG 4g.20gb (0),1,,13,"void channel_eq::eqMmseCoefCompLowMimoKernel<float, float, float, (unsigned int)4, (unsigned int)1, (unsigned int)4>(const channel_eq::_puschRxChEqStatDescr *, channel_eq::_puschRxChEqCoefCompDynDescr)"
2109275701,6208,64933,273,1,1,12,11,1,51,0.002,0.000,,,,,NVIDIA A100-SXM4-40GB MIG 4g.20gb (0),1,,13,"void channel_eq::eqMmseSoftDemapKernel<float, __half, __half, float, (unsigned int)4, (unsigned short)16383>(channel_eq::_puschRxChEqStatDescr *, channel_eq::_puschRxChEqSoftDemapDynDescr)"
2109282901,294653,64934,1,1,1,32,32,1,30,0.000,0.000,,,,,NVIDIA A100-SXM4-40GB MIG 4g.20gb (0),1,,13,"void convert_kernel<float2, __half2>(tensor_layout_any, T1 *, tensor_layout_any, const T2 *)"
2109578642,10879,64946,2253,1,1,128,1,1,16,0.000,0.000,,,,,NVIDIA A100-SXM4-40GB MIG 4g.20gb (0),1,,13,cupy_copy__float16_float16
2109592881,3552,64955,282,1,1,128,1,1,16,0.000,0.000,,,,,NVIDIA A100-SXM4-40GB MIG 4g.20gb (0),1,,13,cupy_copy__complex64_complex64
2109599313,2016,64964,26,1,1,128,1,1,16,0.000,0.000,,,,,NVIDIA A100-SXM4-40GB MIG 4g.20gb (0),1,,13,cupy_copy__float32_float32
2109602929,3232,64973,103,1,1,128,1,1,16,0.000,0.000,,,,,NVIDIA A100-SXM4-40GB MIG 4g.20gb (0),1,,13,cupy_copy__complex64_complex64
2109607281,11936,64983,1434,1,1,128,1,1,16,0.000,0.000,,,,,NVIDIA A100-SXM4-40GB MIG 4g.20gb (0),1,,13,cupy_copy__complex64_complex64
2109623313,81471,64988,1,1,1,32,32,1,30,0.000,0.000,,,,,NVIDIA A100-SXM4-40GB MIG 4g.20gb (0),1,,13,"void convert_kernel<__half2, float2>(tensor_layout_any, T1 *, tensor_layout_any, const T2 *)"
2109732144,5664,64991,,,,,,,,,,0.094,16542.310,Pinned,Device,NVIDIA A100-SXM4-40GB MIG 4g.20gb (0),1,,13,[CUDA memcpy Host-to-Device]
2109741392,600856,64992,,,,,,,,,,456.561,759718.236,Device,,NVIDIA A100-SXM4-40GB MIG 4g.20gb (0),1,,13,[CUDA memset]
2110347752,150046,64997,,,,,,,,,,1.235,8229.667,Pinned,Device,NVIDIA A100-SXM4-40GB MIG 4g.20gb (0),1,,13,[CUDA memcpy Host-to-Device]
2110505734,30976,64998,,,,,,,,,,0.197,6347.096,Pinned,Device,NVIDIA A100-SXM4-40GB MIG 4g.20gb (0),1,,13,[CUDA memcpy Host-to-Device]
2110549702,8031,64999,69,4,1,48,1,1,76,0.002,0.000,,,,,NVIDIA A100-SXM4-40GB MIG 4g.20gb (0),1,,13,"void ch_est::windowedChEstPreNoDftSOfdmKernel<float, __half, float, (unsigned int)2, (unsigned int)1, (unsigned short)4>(ch_est::puschRxChEstStatDescr_t *, ch_est::puschRxChEstDynDescr_t *)"
2110565701,6912,65000,137,2,1,24,2,1,44,0.001,0.001,,,,,NVIDIA A100-SXM4-40GB MIG 4g.20gb (0),1,,13,"void ch_est::chEstFilterNoDftSOfdmDispatchKernel<float, __half, float, (unsigned int)2>(ch_est::puschRxChEstStatDescr_t *, ch_est::puschRxChEstDynDescr_t *)"
2110585797,4768,65001,137,2,1,24,2,1,44,0.001,0.001,,,,,NVIDIA A100-SXM4-40GB MIG 4g.20gb (0),1,,13,"void ch_est::chEstFilterNoDftSOfdmDispatchKernel<float, __half, float, (unsigned int)2>(ch_est::puschRxChEstStatDescr_t *, ch_est::puschRxChEstDynDescr_t *)"
2110601861,2688,65012,103,1,1,128,1,1,16,0.000,0.000,,,,,NVIDIA A100-SXM4-40GB MIG 4g.20gb (0),1,,13,cupy_copy__complex64_complex64
2110614245,12512,65022,1434,1,1,128,1,1,16,0.000,0.000,,,,,NVIDIA A100-SXM4-40GB MIG 4g.20gb (0),1,,13,cupy_copy__complex64_complex64
2110648868,2560,65029,103,1,1,128,1,1,16,0.000,0.000,,,,,NVIDIA A100-SXM4-40GB MIG 4g.20gb (0),1,,13,cupy_copy__complex64_complex64
2110666500,85407,65036,1,1,1,32,32,1,30,0.000,0.000,,,,,NVIDIA A100-SXM4-40GB MIG 4g.20gb (0),1,,13,"void convert_kernel<__half2, float2>(tensor_layout_any, T1 *, tensor_layout_any, const T2 *)"
2110779043,15168,65039,,,,,,,,,,0.094,6177.190,Pinned,Device,NVIDIA A100-SXM4-40GB MIG 4g.20gb (0),1,,13,[CUDA memcpy Host-to-Device]
2110809122,47296,65040,,,,,,,,,,35.810,757129.139,Device,,NVIDIA A100-SXM4-40GB MIG 4g.20gb (0),1,,13,[CUDA memset]
2110857602,5408,65042,,,,,,,,,,0.000,14.793,Pinned,Device,NVIDIA A100-SXM4-40GB MIG 4g.20gb (0),1,,13,[CUDA memcpy Host-to-Device]
2110870594,23327,65043,,,,,,,,,,0.197,8428.192,Pinned,Device,NVIDIA A100-SXM4-40GB MIG 4g.20gb (0),1,,13,[CUDA memcpy Host-to-Device]
2110906465,10080,65044,273,1,1,48,1,1,40,0.000,0.001,,,,,NVIDIA A100-SXM4-40GB MIG 4g.20gb (0),1,,13,"void pusch_noise_intf_est::noiseIntfEstNoDftSOfdmKernel<float, __half, float, float, (unsigned int)2, (unsigned int)1, (unsigned char)4, (unsigned char)4>(pusch_noise_intf_est::puschRxNoiseIntfEstDynDescr)"
2110923073,2592,65055,35,1,1,128,1,1,16,0.000,0.000,,,,,NVIDIA A100-SXM4-40GB MIG 4g.20gb (0),1,,13,cupy_copy__complex64_complex64
2110934849,1696,65064,1,1,1,1,1,1,18,0.000,0.000,,,,,NVIDIA A100-SXM4-40GB MIG 4g.20gb (0),1,,13,cupy_copy__float32_float32
2110942561,5440,65070,,,,,,,,,,0.000,0.735,Device,Pageable,NVIDIA A100-SXM4-40GB MIG 4g.20gb (0),1,,7,[CUDA memcpy Device-to-Host]
2111016928,12832,65081,1434,1,1,128,1,1,16,0.000,0.000,,,,,NVIDIA A100-SXM4-40GB MIG 4g.20gb (0),1,,13,cupy_copy__complex64_complex64
2111051487,3456,65088,103,1,1,128,1,1,16,0.000,0.000,,,,,NVIDIA A100-SXM4-40GB MIG 4g.20gb (0),1,,13,cupy_copy__complex64_complex64
2111067263,2752,65095,35,1,1,128,1,1,16,0.000,0.000,,,,,NVIDIA A100-SXM4-40GB MIG 4g.20gb (0),1,,13,cupy_copy__complex64_complex64
2111082559,1792,65102,1,1,1,1,1,1,18,0.000,0.000,,,,,NVIDIA A100-SXM4-40GB MIG 4g.20gb (0),1,,13,cupy_copy__float32_float32
2111214205,83423,65113,1,1,1,32,32,1,30,0.000,0.000,,,,,NVIDIA A100-SXM4-40GB MIG 4g.20gb (0),1,,13,"void convert_kernel<__half2, float2>(tensor_layout_any, T1 *, tensor_layout_any, const T2 *)"
2111325372,5760,65116,,,,,,,,,,0.094,16266.656,Pinned,Device,NVIDIA A100-SXM4-40GB MIG 4g.20gb (0),1,,13,[CUDA memcpy Host-to-Device]
2111341628,3392,65117,,,,,,,,,,1.547,455961.768,Device,,NVIDIA A100-SXM4-40GB MIG 4g.20gb (0),1,,13,[CUDA memset]
2111347036,3424,65122,,,,,,,,,,0.031,9140.185,Pinned,Device,NVIDIA A100-SXM4-40GB MIG 4g.20gb (0),1,,13,[CUDA memcpy Host-to-Device]
2111352988,9631,65123,,,,,,,,,,0.197,20414.005,Pinned,Device,NVIDIA A100-SXM4-40GB MIG 4g.20gb (0),1,,13,[CUDA memcpy Host-to-Device]
2111367131,6048,65124,273,1,1,8,4,1,39,0.002,0.000,,,,,NVIDIA A100-SXM4-40GB MIG 4g.20gb (0),1,,13,"void channel_eq::eqMmseCoefCompLowMimoKernel<float, float, float, (unsigned int)4, (unsigned int)1, (unsigned int)4>(const channel_eq::_puschRxChEqStatDescr *, channel_eq::_puschRxChEqCoefCompDynDescr)"
2111376731,7872,65125,273,1,1,12,11,1,51,0.002,0.000,,,,,NVIDIA A100-SXM4-40GB MIG 4g.20gb (0),1,,13,"void channel_eq::eqMmseSoftDemapKernel<float, __half, __half, float, (unsigned int)4, (unsigned short)16383>(channel_eq::_puschRxChEqStatDescr *, channel_eq::_puschRxChEqSoftDemapDynDescr)"
2111385723,282461,65126,1,1,1,32,32,1,30,0.000,0.000,,,,,NVIDIA A100-SXM4-40GB MIG 4g.20gb (0),1,,13,"void convert_kernel<float2, __half2>(tensor_layout_any, T1 *, tensor_layout_any, const T2 *)"
2111669272,11040,65138,2253,1,1,128,1,1,16,0.000,0.000,,,,,NVIDIA A100-SXM4-40GB MIG 4g.20gb (0),1,,13,cupy_copy__float16_float16
2111683384,3711,65147,282,1,1,128,1,1,16,0.000,0.000,,,,,NVIDIA A100-SXM4-40GB MIG 4g.20gb (0),1,,13,cupy_copy__complex64_complex64
2111690071,2304,65156,26,1,1,128,1,1,16,0.000,0.000,,,,,NVIDIA A100-SXM4-40GB MIG 4g.20gb (0),1,,13,cupy_copy__float32_float32
2111695095,3264,65165,103,1,1,128,1,1,16,0.000,0.000,,,,,NVIDIA A100-SXM4-40GB MIG 4g.20gb (0),1,,13,cupy_copy__complex64_complex64
2111700247,12096,65175,1434,1,1,128,1,1,16,0.000,0.000,,,,,NVIDIA A100-SXM4-40GB MIG 4g.20gb (0),1,,13,cupy_copy__complex64_complex64
2111716247,81695,65180,1,1,1,32,32,1,30,0.000,0.000,,,,,NVIDIA A100-SXM4-40GB MIG 4g.20gb (0),1,,13,"void convert_kernel<__half2, float2>(tensor_layout_any, T1 *, tensor_layout_any, const T2 *)"
2111828694,5376,65183,,,,,,,,,,0.094,17428.487,Pinned,Device,NVIDIA A100-SXM4-40GB MIG 4g.20gb (0),1,,13,[CUDA memcpy Host-to-Device]
2111840182,598168,65184,,,,,,,,,,456.561,762914.166,Device,,NVIDIA A100-SXM4-40GB MIG 4g.20gb (0),1,,13,[CUDA memset]
2112445902,160478,65189,,,,,,,,,,1.235,7694.936,Pinned,Device,NVIDIA A100-SXM4-40GB MIG 4g.20gb (0),1,,13,[CUDA memcpy Host-to-Device]
2112618764,45311,65190,,,,,,,,,,0.197,4338.942,Pinned,Device,NVIDIA A100-SXM4-40GB MIG 4g.20gb (0),1,,13,[CUDA memcpy Host-to-Device]
2112685547,8512,65191,69,4,1,48,1,1,76,0.002,0.000,,,,,NVIDIA A100-SXM4-40GB MIG 4g.20gb (0),1,,13,"void ch_est::windowedChEstPreNoDftSOfdmKernel<float, __half, float, (unsigned int)2, (unsigned int)1, (unsigned short)4>(ch_est::puschRxChEstStatDescr_t *, ch_est::puschRxChEstDynDescr_t *)"
2112704875,6464,65192,137,2,1,24,2,1,44,0.001,0.001,,,,,NVIDIA A100-SXM4-40GB MIG 4g.20gb (0),1,,13,"void ch_est::chEstFilterNoDftSOfdmDispatchKernel<float, __half, float, (unsigned int)2>(ch_est::puschRxChEstStatDescr_t *, ch_est::puschRxChEstDynDescr_t *)"
2112721227,4768,65193,137,2,1,24,2,1,44,0.001,0.001,,,,,NVIDIA A100-SXM4-40GB MIG 4g.20gb (0),1,,13,"void ch_est::chEstFilterNoDftSOfdmDispatchKernel<float, __half, float, (unsigned int)2>(ch_est::puschRxChEstStatDescr_t *, ch_est::puschRxChEstDynDescr_t *)"
2112739274,2720,65204,103,1,1,128,1,1,16,0.000,0.000,,,,,NVIDIA A100-SXM4-40GB MIG 4g.20gb (0),1,,13,cupy_copy__complex64_complex64
2112754954,12768,65214,1434,1,1,128,1,1,16,0.000,0.000,,,,,NVIDIA A100-SXM4-40GB MIG 4g.20gb (0),1,,13,cupy_copy__complex64_complex64
2112789610,2624,65221,103,1,1,128,1,1,16,0.000,0.000,,,,,NVIDIA A100-SXM4-40GB MIG 4g.20gb (0),1,,13,cupy_copy__complex64_complex64
2112807466,86047,65228,1,1,1,32,32,1,30,0.000,0.000,,,,,NVIDIA A100-SXM4-40GB MIG 4g.20gb (0),1,,13,"void convert_kernel<__half2, float2>(tensor_layout_any, T1 *, tensor_layout_any, const T2 *)"
2112924456,16608,65231,,,,,,,,,,0.094,5641.530,Pinned,Device,NVIDIA A100-SXM4-40GB MIG 4g.20gb (0),1,,13,[CUDA memcpy Host-to-Device]
2112964584,47935,65232,,,,,,,,,,35.810,747030.741,Device,,NVIDIA A100-SXM4-40GB MIG 4g.20gb (0),1,,13,[CUDA memset]
2113017159,9248,65234,,,,,,,,,,0.000,8.650,Pinned,Device,NVIDIA A100-SXM4-40GB MIG 4g.20gb (0),1,,13,[CUDA memcpy Host-to-Device]
2113035399,23072,65235,,,,,,,,,,0.197,8521.384,Pinned,Device,NVIDIA A100-SXM4-40GB MIG 4g.20gb (0),1,,13,[CUDA memcpy Host-to-Device]
2113075046,10240,65236,273,1,1,48,1,1,40,0.000,0.001,,,,,NVIDIA A100-SXM4-40GB MIG 4g.20gb (0),1,,13,"void pusch_noise_intf_est::noiseIntfEstNoDftSOfdmKernel<float, __half, float, float, (unsigned int)2, (unsigned int)1, (unsigned char)4, (unsigned char)4>(pusch_noise_intf_est::puschRxNoiseIntfEstDynDescr)"
2113097286,3008,65247,35,1,1,128,1,1,16,0.000,0.000,,,,,NVIDIA A100-SXM4-40GB MIG 4g.20gb (0),1,,13,cupy_copy__complex64_complex64
2113106662,1824,65256,1,1,1,1,1,1,18,0.000,0.000,,,,,NVIDIA A100-SXM4-40GB MIG 4g.20gb (0),1,,13,cupy_copy__float32_float32
2113109414,4544,65262,,,,,,,,,,0.000,0.880,Device,Pageable,NVIDIA A100-SXM4-40GB MIG 4g.20gb (0),1,,7,[CUDA memcpy Device-to-Host]
2113192325,13024,65273,1434,1,1,128,1,1,16,0.000,0.000,,,,,NVIDIA A100-SXM4-40GB MIG 4g.20gb (0),1,,13,cupy_copy__complex64_complex64
2113220133,3007,65280,103,1,1,128,1,1,16,0.000,0.000,,,,,NVIDIA A100-SXM4-40GB MIG 4g.20gb (0),1,,13,cupy_copy__complex64_complex64
2113232452,2624,65287,35,1,1,128,1,1,16,0.000,0.000,,,,,NVIDIA A100-SXM4-40GB MIG 4g.20gb (0),1,,13,cupy_copy__complex64_complex64
2113249252,1952,65294,1,1,1,1,1,1,18,0.000,0.000,,,,,NVIDIA A100-SXM4-40GB MIG 4g.20gb (0),1,,13,cupy_copy__float32_float32
2113383938,83231,65305,1,1,1,32,32,1,30,0.000,0.000,,,,,NVIDIA A100-SXM4-40GB MIG 4g.20gb (0),1,,13,"void convert_kernel<__half2, float2>(tensor_layout_any, T1 *, tensor_layout_any, const T2 *)"
2113495585,5376,65308,,,,,,,,,,0.094,17428.487,Pinned,Device,NVIDIA A100-SXM4-40GB MIG 4g.20gb (0),1,,13,[CUDA memcpy Host-to-Device]
2113511937,3360,65309,,,,,,,,,,1.547,460304.688,Device,,NVIDIA A100-SXM4-40GB MIG 4g.20gb (0),1,,13,[CUDA memset]
2113517409,3616,65314,,,,,,,,,,0.031,8654.846,Pinned,Device,NVIDIA A100-SXM4-40GB MIG 4g.20gb (0),1,,13,[CUDA memcpy Host-to-Device]
2113523425,9824,65315,,,,,,,,,,0.197,20012.925,Pinned,Device,NVIDIA A100-SXM4-40GB MIG 4g.20gb (0),1,,13,[CUDA memcpy Host-to-Device]
2113537473,6112,65316,273,1,1,8,4,1,39,0.002,0.000,,,,,NVIDIA A100-SXM4-40GB MIG 4g.20gb (0),1,,13,"void channel_eq::eqMmseCoefCompLowMimoKernel<float, float, float, (unsigned int)4, (unsigned int)1, (unsigned int)4>(const channel_eq::_puschRxChEqStatDescr *, channel_eq::_puschRxChEqCoefCompDynDescr)"
2113545984,6208,65317,273,1,1,12,11,1,51,0.002,0.000,,,,,NVIDIA A100-SXM4-40GB MIG 4g.20gb (0),1,,13,"void channel_eq::eqMmseSoftDemapKernel<float, __half, __half, float, (unsigned int)4, (unsigned short)16383>(channel_eq::_puschRxChEqStatDescr *, channel_eq::_puschRxChEqSoftDemapDynDescr)"
2113555360,295101,65318,1,1,1,32,32,1,30,0.000,0.000,,,,,NVIDIA A100-SXM4-40GB MIG 4g.20gb (0),1,,13,"void convert_kernel<float2, __half2>(tensor_layout_any, T1 *, tensor_layout_any, const T2 *)"
2113853277,11104,65330,2253,1,1,128,1,1,16,0.000,0.000,,,,,NVIDIA A100-SXM4-40GB MIG 4g.20gb (0),1,,13,cupy_copy__float16_float16
2113865725,2975,65339,282,1,1,128,1,1,16,0.000,0.000,,,,,NVIDIA A100-SXM4-40GB MIG 4g.20gb (0),1,,13,cupy_copy__complex64_complex64
2113870908,2144,65348,26,1,1,128,1,1,16,0.000,0.000,,,,,NVIDIA A100-SXM4-40GB MIG 4g.20gb (0),1,,13,cupy_copy__float32_float32
2113875740,2912,65357,103,1,1,128,1,1,16,0.000,0.000,,,,,NVIDIA A100-SXM4-40GB MIG 4g.20gb (0),1,,13,cupy_copy__complex64_complex64
2113881020,11968,65367,1434,1,1,128,1,1,16,0.000,0.000,,,,,NVIDIA A100-SXM4-40GB MIG 4g.20gb (0),1,,13,cupy_copy__complex64_complex64
2113894972,82175,65372,1,1,1,32,32,1,30,0.000,0.000,,,,,NVIDIA A100-SXM4-40GB MIG 4g.20gb (0),1,,13,"void convert_kernel<__half2, float2>(tensor_layout_any, T1 *, tensor_layout_any, const T2 *)"
2114004155,5376,65375,,,,,,,,,,0.094,17428.487,Pinned,Device,NVIDIA A100-SXM4-40GB MIG 4g.20gb (0),1,,13,[CUDA memcpy Host-to-Device]
2114014843,598072,65376,,,,,,,,,,456.561,763370.728,Device,,NVIDIA A100-SXM4-40GB MIG 4g.20gb (0),1,,13,[CUDA memset]
2114619507,102943,65381,,,,,,,,,,1.235,11996.246,Pinned,Device,NVIDIA A100-SXM4-40GB MIG 4g.20gb (0),1,,13,[CUDA memcpy Host-to-Device]
2114733010,29311,65382,,,,,,,,,,0.197,6707.479,Pinned,Device,NVIDIA A100-SXM4-40GB MIG 4g.20gb (0),1,,13,[CUDA memcpy Host-to-Device]
2114788497,8800,65383,69,4,1,48,1,1,76,0.002,0.000,,,,,NVIDIA A100-SXM4-40GB MIG 4g.20gb (0),1,,13,"void ch_est::windowedChEstPreNoDftSOfdmKernel<float, __half, float, (unsigned int)2, (unsigned int)1, (unsigned short)4>(ch_est::puschRxChEstStatDescr_t *, ch_est::puschRxChEstDynDescr_t *)"
2114802225,6784,65384,137,2,1,24,2,1,44,0.001,0.001,,,,,NVIDIA A100-SXM4-40GB MIG 4g.20gb (0),1,,13,"void ch_est::chEstFilterNoDftSOfdmDispatchKernel<float, __half, float, (unsigned int)2>(ch_est::puschRxChEstStatDescr_t *, ch_est::puschRxChEstDynDescr_t *)"
2114819025,4768,65385,137,2,1,24,2,1,44,0.001,0.001,,,,,NVIDIA A100-SXM4-40GB MIG 4g.20gb (0),1,,13,"void ch_est::chEstFilterNoDftSOfdmDispatchKernel<float, __half, float, (unsigned int)2>(ch_est::puschRxChEstStatDescr_t *, ch_est::puschRxChEstDynDescr_t *)"
2114834417,2528,65396,103,1,1,128,1,1,16,0.000,0.000,,,,,NVIDIA A100-SXM4-40GB MIG 4g.20gb (0),1,,13,cupy_copy__complex64_complex64
2114848464,12384,65406,1434,1,1,128,1,1,16,0.000,0.000,,,,,NVIDIA A100-SXM4-40GB MIG 4g.20gb (0),1,,13,cupy_copy__complex64_complex64
2114867024,2944,65413,103,1,1,128,1,1,16,0.000,0.000,,,,,NVIDIA A100-SXM4-40GB MIG 4g.20gb (0),1,,13,cupy_copy__complex64_complex64
2114884176,89727,65420,1,1,1,32,32,1,30,0.000,0.000,,,,,NVIDIA A100-SXM4-40GB MIG 4g.20gb (0),1,,13,"void convert_kernel<__half2, float2>(tensor_layout_any, T1 *, tensor_layout_any, const T2 *)"
2115010382,22592,65423,,,,,,,,,,0.094,4147.266,Pinned,Device,NVIDIA A100-SXM4-40GB MIG 4g.20gb (0),1,,13,[CUDA memcpy Host-to-Device]
2115045390,46751,65424,,,,,,,,,,35.810,765938.379,Device,,NVIDIA A100-SXM4-40GB MIG 4g.20gb (0),1,,13,[CUDA memset]
2115098061,11424,65426,,,,,,,,,,0.000,7.003,Pinned,Device,NVIDIA A100-SXM4-40GB MIG 4g.20gb (0),1,,13,[CUDA memcpy Host-to-Device]
2115119277,41952,65427,,,,,,,,,,0.197,4686.348,Pinned,Device,NVIDIA A100-SXM4-40GB MIG 4g.20gb (0),1,,13,[CUDA memcpy Host-to-Device]
2115185260,9856,65428,273,1,1,48,1,1,40,0.000,0.001,,,,,NVIDIA A100-SXM4-40GB MIG 4g.20gb (0),1,,13,"void pusch_noise_intf_est::noiseIntfEstNoDftSOfdmKernel<float, __half, float, float, (unsigned int)2, (unsigned int)1, (unsigned char)4, (unsigned char)4>(pusch_noise_intf_est::puschRxNoiseIntfEstDynDescr)"
2115200908,2560,65439,35,1,1,128,1,1,16,0.000,0.000,,,,,NVIDIA A100-SXM4-40GB MIG 4g.20gb (0),1,,13,cupy_copy__complex64_complex64
2115216332,1696,65448,1,1,1,1,1,1,18,0.000,0.000,,,,,NVIDIA A100-SXM4-40GB MIG 4g.20gb (0),1,,13,cupy_copy__float32_float32
2115219628,6688,65454,,,,,,,,,,0.000,0.598,Device,Pageable,NVIDIA A100-SXM4-40GB MIG 4g.20gb (0),1,,7,[CUDA memcpy Device-to-Host]
2115303851,13184,65465,1434,1,1,128,1,1,16,0.000,0.000,,,,,NVIDIA A100-SXM4-40GB MIG 4g.20gb (0),1,,13,cupy_copy__complex64_complex64
2115338922,2720,65472,103,1,1,128,1,1,16,0.000,0.000,,,,,NVIDIA A100-SXM4-40GB MIG 4g.20gb (0),1,,13,cupy_copy__complex64_complex64
2115354218,2528,65479,35,1,1,128,1,1,16,0.000,0.000,,,,,NVIDIA A100-SXM4-40GB MIG 4g.20gb (0),1,,13,cupy_copy__complex64_complex64
2115368042,1792,65486,1,1,1,1,1,1,18,0.000,0.000,,,,,NVIDIA A100-SXM4-40GB MIG 4g.20gb (0),1,,13,cupy_copy__float32_float32
2115503176,88735,65497,1,1,1,32,32,1,30,0.000,0.000,,,,,NVIDIA A100-SXM4-40GB MIG 4g.20gb (0),1,,13,"void convert_kernel<__half2, float2>(tensor_layout_any, T1 *, tensor_layout_any, const T2 *)"
2115619495,5920,65500,,,,,,,,,,0.094,15826.941,Pinned,Device,NVIDIA A100-SXM4-40GB MIG 4g.20gb (0),1,,13,[CUDA memcpy Host-to-Device]
2115636071,3424,65501,,,,,,,,,,1.547,451700.819,Device,,NVIDIA A100-SXM4-40GB MIG 4g.20gb (0),1,,13,[CUDA memset]
2115641095,3264,65506,,,,,,,,,,0.031,9588.218,Pinned,Device,NVIDIA A100-SXM4-40GB MIG 4g.20gb (0),1,,13,[CUDA memcpy Host-to-Device]
2115647783,10143,65507,,,,,,,,,,0.197,19383.583,Pinned,Device,NVIDIA A100-SXM4-40GB MIG 4g.20gb (0),1,,13,[CUDA memcpy Host-to-Device]
2115665670,6496,65508,273,1,1,8,4,1,39,0.002,0.000,,,,,NVIDIA A100-SXM4-40GB MIG 4g.20gb (0),1,,13,"void channel_eq::eqMmseCoefCompLowMimoKernel<float, float, float, (unsigned int)4, (unsigned int)1, (unsigned int)4>(const channel_eq::_puschRxChEqStatDescr *, channel_eq::_puschRxChEqCoefCompDynDescr)"
2115674630,8320,65509,273,1,1,12,11,1,51,0.002,0.000,,,,,NVIDIA A100-SXM4-40GB MIG 4g.20gb (0),1,,13,"void channel_eq::eqMmseSoftDemapKernel<float, __half, __half, float, (unsigned int)4, (unsigned short)16383>(channel_eq::_puschRxChEqStatDescr *, channel_eq::_puschRxChEqSoftDemapDynDescr)"
2115686022,294396,65510,1,1,1,32,32,1,30,0.000,0.000,,,,,NVIDIA A100-SXM4-40GB MIG 4g.20gb (0),1,,13,"void convert_kernel<float2, __half2>(tensor_layout_any, T1 *, tensor_layout_any, const T2 *)"
2115981506,10912,65522,2253,1,1,128,1,1,16,0.000,0.000,,,,,NVIDIA A100-SXM4-40GB MIG 4g.20gb (0),1,,13,cupy_copy__float16_float16
2115994754,3968,65531,282,1,1,128,1,1,16,0.000,0.000,,,,,NVIDIA A100-SXM4-40GB MIG 4g.20gb (0),1,,13,cupy_copy__complex64_complex64
2116002626,2624,65540,26,1,1,128,1,1,16,0.000,0.000,,,,,NVIDIA A100-SXM4-40GB MIG 4g.20gb (0),1,,13,cupy_copy__float32_float32
2116008898,4480,65549,103,1,1,128,1,1,16,0.000,0.000,,,,,NVIDIA A100-SXM4-40GB MIG 4g.20gb (0),1,,13,cupy_copy__complex64_complex64
2116015842,11872,65559,1434,1,1,128,1,1,16,0.000,0.000,,,,,NVIDIA A100-SXM4-40GB MIG 4g.20gb (0),1,,13,cupy_copy__complex64_complex64
2116032610,82847,65564,1,1,1,32,32,1,30,0.000,0.000,,,,,NVIDIA A100-SXM4-40GB MIG 4g.20gb (0),1,,13,"void convert_kernel<__half2, float2>(tensor_layout_any, T1 *, tensor_layout_any, const T2 *)"
2116142432,5632,65567,,,,,,,,,,0.094,16636.287,Pinned,Device,NVIDIA A100-SXM4-40GB MIG 4g.20gb (0),1,,13,[CUDA memcpy Host-to-Device]
2116152224,597433,65568,,,,,,,,,,456.561,763827.289,Device,,NVIDIA A100-SXM4-40GB MIG 4g.20gb (0),1,,13,[CUDA memset]
2116757913,103551,65573,,,,,,,,,,1.235,11925.854,Pinned,Device,NVIDIA A100-SXM4-40GB MIG 4g.20gb (0),1,,13,[CUDA memcpy Host-to-Device]
2116868823,21696,65574,,,,,,,,,,0.197,9061.859,Pinned,Device,NVIDIA A100-SXM4-40GB MIG 4g.20gb (0),1,,13,[CUDA memcpy Host-to-Device]
2116903671,9184,65575,69,4,1,48,1,1,76,0.002,0.000,,,,,NVIDIA A100-SXM4-40GB MIG 4g.20gb (0),1,,13,"void ch_est::windowedChEstPreNoDftSOfdmKernel<float, __half, float, (unsigned int)2, (unsigned int)1, (unsigned short)4>(ch_est::puschRxChEstStatDescr_t *, ch_est::puschRxChEstDynDescr_t *)"
2116920183,6048,65576,137,2,1,24,2,1,44,0.001,0.001,,,,,NVIDIA A100-SXM4-40GB MIG 4g.20gb (0),1,,13,"void ch_est::chEstFilterNoDftSOfdmDispatchKernel<float, __half, float, (unsigned int)2>(ch_est::puschRxChEstStatDescr_t *, ch_est::puschRxChEstDynDescr_t *)"
2116927991,6272,65577,137,2,1,24,2,1,44,0.001,0.001,,,,,NVIDIA A100-SXM4-40GB MIG 4g.20gb (0),1,,13,"void ch_est::chEstFilterNoDftSOfdmDispatchKernel<float, __half, float, (unsigned int)2>(ch_est::puschRxChEstStatDescr_t *, ch_est::puschRxChEstDynDescr_t *)"
2116935767,2592,65588,103,1,1,128,1,1,16,0.000,0.000,,,,,NVIDIA A100-SXM4-40GB MIG 4g.20gb (0),1,,13,cupy_copy__complex64_complex64
2116943926,12576,65598,1434,1,1,128,1,1,16,0.000,0.000,,,,,NVIDIA A100-SXM4-40GB MIG 4g.20gb (0),1,,13,cupy_copy__complex64_complex64
2116960310,2624,65605,103,1,1,128,1,1,16,0.000,0.000,,,,,NVIDIA A100-SXM4-40GB MIG 4g.20gb (0),1,,13,cupy_copy__complex64_complex64
2116968086,87263,65612,1,1,1,32,32,1,30,0.000,0.000,,,,,NVIDIA A100-SXM4-40GB MIG 4g.20gb (0),1,,13,"void convert_kernel<__half2, float2>(tensor_layout_any, T1 *, tensor_layout_any, const T2 *)"
2117086773,13184,65615,,,,,,,,,,0.094,7106.748,Pinned,Device,NVIDIA A100-SXM4-40GB MIG 4g.20gb (0),1,,13,[CUDA memcpy Host-to-Device]
2117114100,46976,65616,,,,,,,,,,35.810,762285.767,Device,,NVIDIA A100-SXM4-40GB MIG 4g.20gb (0),1,,13,[CUDA memset]
2117164340,11712,65618,,,,,,,,,,0.000,6.831,Pinned,Device,NVIDIA A100-SXM4-40GB MIG 4g.20gb (0),1,,13,[CUDA memcpy Host-to-Device]
2117184820,16991,65619,,,,,,,,,,0.197,11571.167,Pinned,Device,NVIDIA A100-SXM4-40GB MIG 4g.20gb (0),1,,13,[CUDA memcpy Host-to-Device]
2117214131,8832,65620,273,1,1,48,1,1,40,0.000,0.001,,,,,NVIDIA A100-SXM4-40GB MIG 4g.20gb (0),1,,13,"void pusch_noise_intf_est::noiseIntfEstNoDftSOfdmKernel<float, __half, float, float, (unsigned int)2, (unsigned int)1, (unsigned char)4, (unsigned char)4>(pusch_noise_intf_est::puschRxNoiseIntfEstDynDescr)"
2117228371,2912,65631,35,1,1,128,1,1,16,0.000,0.000,,,,,NVIDIA A100-SXM4-40GB MIG 4g.20gb (0),1,,13,cupy_copy__complex64_complex64
2117239635,1696,65640,1,1,1,1,1,1,18,0.000,0.000,,,,,NVIDIA A100-SXM4-40GB MIG 4g.20gb (0),1,,13,cupy_copy__float32_float32
2117246035,4192,65646,,,,,,,,,,0.000,0.954,Device,Pageable,NVIDIA A100-SXM4-40GB MIG 4g.20gb (0),1,,7,[CUDA memcpy Device-to-Host]
2117324466,12960,65657,1434,1,1,128,1,1,16,0.000,0.000,,,,,NVIDIA A100-SXM4-40GB MIG 4g.20gb (0),1,,13,cupy_copy__complex64_complex64
2117355473,3424,65664,103,1,1,128,1,1,16,0.000,0.000,,,,,NVIDIA A100-SXM4-40GB MIG 4g.20gb (0),1,,13,cupy_copy__complex64_complex64
2117377297,2560,65671,35,1,1,128,1,1,16,0.000,0.000,,,,,NVIDIA A100-SXM4-40GB MIG 4g.20gb (0),1,,13,cupy_copy__complex64_complex64
2117397585,1760,65678,1,1,1,1,1,1,18,0.000,0.000,,,,,NVIDIA A100-SXM4-40GB MIG 4g.20gb (0),1,,13,cupy_copy__float32_float32
2117529807,95263,65689,1,1,1,32,32,1,30,0.000,0.000,,,,,NVIDIA A100-SXM4-40GB MIG 4g.20gb (0),1,,13,"void convert_kernel<__half2, float2>(tensor_layout_any, T1 *, tensor_layout_any, const T2 *)"
2117660078,16927,65692,,,,,,,,,,0.094,5535.279,Pinned,Device,NVIDIA A100-SXM4-40GB MIG 4g.20gb (0),1,,13,[CUDA memcpy Host-to-Device]
2117696077,3328,65693,,,,,,,,,,1.547,464729.580,Device,,NVIDIA A100-SXM4-40GB MIG 4g.20gb (0),1,,13,[CUDA memset]
2117705101,8096,65698,,,,,,,,,,0.031,3865.588,Pinned,Device,NVIDIA A100-SXM4-40GB MIG 4g.20gb (0),1,,13,[CUDA memcpy Host-to-Device]
2117718957,16320,65699,,,,,,,,,,0.197,12046.959,Pinned,Device,NVIDIA A100-SXM4-40GB MIG 4g.20gb (0),1,,13,[CUDA memcpy Host-to-Device]
2117743149,6432,65700,273,1,1,8,4,1,39,0.002,0.000,,,,,NVIDIA A100-SXM4-40GB MIG 4g.20gb (0),1,,13,"void channel_eq::eqMmseCoefCompLowMimoKernel<float, float, float, (unsigned int)4, (unsigned int)1, (unsigned int)4>(const channel_eq::_puschRxChEqStatDescr *, channel_eq::_puschRxChEqCoefCompDynDescr)"
2117755916,6240,65701,273,1,1,12,11,1,51,0.002,0.000,,,,,NVIDIA A100-SXM4-40GB MIG 4g.20gb (0),1,,13,"void channel_eq::eqMmseSoftDemapKernel<float, __half, __half, float, (unsigned int)4, (unsigned short)16383>(channel_eq::_puschRxChEqStatDescr *, channel_eq::_puschRxChEqSoftDemapDynDescr)"
2117764716,282269,65702,1,1,1,32,32,1,30,0.000,0.000,,,,,NVIDIA A100-SXM4-40GB MIG 4g.20gb (0),1,,13,"void convert_kernel<float2, __half2>(tensor_layout_any, T1 *, tensor_layout_any, const T2 *)"
2118048009,11040,65714,2253,1,1,128,1,1,16,0.000,0.000,,,,,NVIDIA A100-SXM4-40GB MIG 4g.20gb (0),1,,13,cupy_copy__float16_float16
2118061321,3968,65723,282,1,1,128,1,1,16,0.000,0.000,,,,,NVIDIA A100-SXM4-40GB MIG 4g.20gb (0),1,,13,cupy_copy__complex64_complex64
2118067113,2112,65732,26,1,1,128,1,1,16,0.000,0.000,,,,,NVIDIA A100-SXM4-40GB MIG 4g.20gb (0),1,,13,cupy_copy__float32_float32
2118072361,4479,65741,103,1,1,128,1,1,16,0.000,0.000,,,,,NVIDIA A100-SXM4-40GB MIG 4g.20gb (0),1,,13,cupy_copy__complex64_complex64
2118078536,12032,65751,1434,1,1,128,1,1,16,0.000,0.000,,,,,NVIDIA A100-SXM4-40GB MIG 4g.20gb (0),1,,13,cupy_copy__complex64_complex64
2118091816,82399,65756,1,1,1,32,32,1,30,0.000,0.000,,,,,NVIDIA A100-SXM4-40GB MIG 4g.20gb (0),1,,13,"void convert_kernel<__half2, float2>(tensor_layout_any, T1 *, tensor_layout_any, const T2 *)"
2118201543,5696,65759,,,,,,,,,,0.094,16449.363,Pinned,Device,NVIDIA A100-SXM4-40GB MIG 4g.20gb (0),1,,13,[CUDA memcpy Host-to-Device]
2118212423,599736,65760,,,,,,,,,,456.561,761087.920,Device,,NVIDIA A100-SXM4-40GB MIG 4g.20gb (0),1,,13,[CUDA memset]
2118817599,135647,65765,,,,,,,,,,1.235,9104.007,Pinned,Device,NVIDIA A100-SXM4-40GB MIG 4g.20gb (0),1,,13,[CUDA memcpy Host-to-Device]
2118966653,41152,65766,,,,,,,,,,0.197,4777.574,Pinned,Device,NVIDIA A100-SXM4-40GB MIG 4g.20gb (0),1,,13,[CUDA memcpy Host-to-Device]
2119025405,8416,65767,69,4,1,48,1,1,76,0.002,0.000,,,,,NVIDIA A100-SXM4-40GB MIG 4g.20gb (0),1,,13,"void ch_est::windowedChEstPreNoDftSOfdmKernel<float, __half, float, (unsigned int)2, (unsigned int)1, (unsigned short)4>(ch_est::puschRxChEstStatDescr_t *, ch_est::puschRxChEstDynDescr_t *)"
2119044669,6591,65768,137,2,1,24,2,1,44,0.001,0.001,,,,,NVIDIA A100-SXM4-40GB MIG 4g.20gb (0),1,,13,"void ch_est::chEstFilterNoDftSOfdmDispatchKernel<float, __half, float, (unsigned int)2>(ch_est::puschRxChEstStatDescr_t *, ch_est::puschRxChEstDynDescr_t *)"
2119062524,4736,65769,137,2,1,24,2,1,44,0.001,0.001,,,,,NVIDIA A100-SXM4-40GB MIG 4g.20gb (0),1,,13,"void ch_est::chEstFilterNoDftSOfdmDispatchKernel<float, __half, float, (unsigned int)2>(ch_est::puschRxChEstStatDescr_t *, ch_est::puschRxChEstDynDescr_t *)"
2119079836,2688,65780,103,1,1,128,1,1,16,0.000,0.000,,,,,NVIDIA A100-SXM4-40GB MIG 4g.20gb (0),1,,13,cupy_copy__complex64_complex64
2119095964,12672,65790,1434,1,1,128,1,1,16,0.000,0.000,,,,,NVIDIA A100-SXM4-40GB MIG 4g.20gb (0),1,,13,cupy_copy__complex64_complex64
2119129339,2400,65797,103,1,1,128,1,1,16,0.000,0.000,,,,,NVIDIA A100-SXM4-40GB MIG 4g.20gb (0),1,,13,cupy_copy__complex64_complex64
2119142235,84671,65804,1,1,1,32,32,1,30,0.000,0.000,,,,,NVIDIA A100-SXM4-40GB MIG 4g.20gb (0),1,,13,"void convert_kernel<__half2, float2>(tensor_layout_any, T1 *, tensor_layout_any, const T2 *)"
2119255162,5664,65807,,,,,,,,,,0.094,16542.310,Pinned,Device,NVIDIA A100-SXM4-40GB MIG 4g.20gb (0),1,,13,[CUDA memcpy Host-to-Device]
2119267802,47455,65808,,,,,,,,,,35.810,754586.634,Device,,NVIDIA A100-SXM4-40GB MIG 4g.20gb (0),1,,13,[CUDA memset]
2119322681,4000,65810,,,,,,,,,,0.000,20.000,Pinned,Device,NVIDIA A100-SXM4-40GB MIG 4g.20gb (0),1,,13,[CUDA memcpy Host-to-Device]
2119331705,14272,65811,,,,,,,,,,0.197,13775.733,Pinned,Device,NVIDIA A100-SXM4-40GB MIG 4g.20gb (0),1,,13,[CUDA memcpy Host-to-Device]
2119356281,12927,65812,273,1,1,48,1,1,40,0.000,0.001,,,,,NVIDIA A100-SXM4-40GB MIG 4g.20gb (0),1,,13,"void pusch_noise_intf_est::noiseIntfEstNoDftSOfdmKernel<float, __half, float, float, (unsigned int)2, (unsigned int)1, (unsigned char)4, (unsigned char)4>(pusch_noise_intf_est::puschRxNoiseIntfEstDynDescr)"
2119373976,2880,65823,35,1,1,128,1,1,16,0.000,0.000,,,,,NVIDIA A100-SXM4-40GB MIG 4g.20gb (0),1,,13,cupy_copy__complex64_complex64
2119379064,1728,65832,1,1,1,1,1,1,18,0.000,0.000,,,,,NVIDIA A100-SXM4-40GB MIG 4g.20gb (0),1,,13,cupy_copy__float32_float32
2119409688,1600,65838,,,,,,,,,,0.000,2.500,Device,Pageable,NVIDIA A100-SXM4-40GB MIG 4g.20gb (0),1,,7,[CUDA memcpy Device-to-Host]
2119469719,12768,65849,1434,1,1,128,1,1,16,0.000,0.000,,,,,NVIDIA A100-SXM4-40GB MIG 4g.20gb (0),1,,13,cupy_copy__complex64_complex64
2119502199,2848,65856,103,1,1,128,1,1,16,0.000,0.000,,,,,NVIDIA A100-SXM4-40GB MIG 4g.20gb (0),1,,13,cupy_copy__complex64_complex64
2119521399,2496,65863,35,1,1,128,1,1,16,0.000,0.000,,,,,NVIDIA A100-SXM4-40GB MIG 4g.20gb (0),1,,13,cupy_copy__complex64_complex64
2119539318,1760,65870,1,1,1,1,1,1,18,0.000,0.000,,,,,NVIDIA A100-SXM4-40GB MIG 4g.20gb (0),1,,13,cupy_copy__float32_float32
2119674901,83103,65881,1,1,1,32,32,1,30,0.000,0.000,,,,,NVIDIA A100-SXM4-40GB MIG 4g.20gb (0),1,,13,"void convert_kernel<__half2, float2>(tensor_layout_any, T1 *, tensor_layout_any, const T2 *)"
2119785651,5760,65884,,,,,,,,,,0.094,16266.656,Pinned,Device,NVIDIA A100-SXM4-40GB MIG 4g.20gb (0),1,,13,[CUDA memcpy Host-to-Device]
2119800339,3392,65885,,,,,,,,,,1.547,455961.768,Device,,NVIDIA A100-SXM4-40GB MIG 4g.20gb (0),1,,13,[CUDA memset]
2119806227,3328,65890,,,,,,,,,,0.031,9403.822,Pinned,Device,NVIDIA A100-SXM4-40GB MIG 4g.20gb (0),1,,13,[CUDA memcpy Host-to-Device]
2119811987,9696,65891,,,,,,,,,,0.197,20277.166,Pinned,Device,NVIDIA A100-SXM4-40GB MIG 4g.20gb (0),1,,13,[CUDA memcpy Host-to-Device]
2119827635,8128,65892,273,1,1,8,4,1,39,0.002,0.000,,,,,NVIDIA A100-SXM4-40GB MIG 4g.20gb (0),1,,13,"void channel_eq::eqMmseCoefCompLowMimoKernel<float, float, float, (unsigned int)4, (unsigned int)1, (unsigned int)4>(const channel_eq::_puschRxChEqStatDescr *, channel_eq::_puschRxChEqCoefCompDynDescr)"
2119838003,6304,65893,273,1,1,12,11,1,51,0.002,0.000,,,,,NVIDIA A100-SXM4-40GB MIG 4g.20gb (0),1,,13,"void channel_eq::eqMmseSoftDemapKernel<float, __half, __half, float, (unsigned int)4, (unsigned short)16383>(channel_eq::_puschRxChEqStatDescr *, channel_eq::_puschRxChEqSoftDemapDynDescr)"
2119847347,282940,65894,1,1,1,32,32,1,30,0.000,0.000,,,,,NVIDIA A100-SXM4-40GB MIG 4g.20gb (0),1,,13,"void convert_kernel<float2, __half2>(tensor_layout_any, T1 *, tensor_layout_any, const T2 *)"
2120133327,10912,65906,2253,1,1,128,1,1,16,0.000,0.000,,,,,NVIDIA A100-SXM4-40GB MIG 4g.20gb (0),1,,13,cupy_copy__float16_float16
2120147887,2784,65915,282,1,1,128,1,1,16,0.000,0.000,,,,,NVIDIA A100-SXM4-40GB MIG 4g.20gb (0),1,,13,cupy_copy__complex64_complex64
2120155311,2112,65924,26,1,1,128,1,1,16,0.000,0.000,,,,,NVIDIA A100-SXM4-40GB MIG 4g.20gb (0),1,,13,cupy_copy__float32_float32
2120159503,4768,65933,103,1,1,128,1,1,16,0.000,0.000,,,,,NVIDIA A100-SXM4-40GB MIG 4g.20gb (0),1,,13,cupy_copy__complex64_complex64
2120167407,11903,65943,1434,1,1,128,1,1,16,0.000,0.000,,,,,NVIDIA A100-SXM4-40GB MIG 4g.20gb (0),1,,13,cupy_copy__complex64_complex64
2120184494,82655,65948,1,1,1,32,32,1,30,0.000,0.000,,,,,NVIDIA A100-SXM4-40GB MIG 4g.20gb (0),1,,13,"void convert_kernel<__half2, float2>(tensor_layout_any, T1 *, tensor_layout_any, const T2 *)"
2120293773,5440,65951,,,,,,,,,,0.094,17223.480,Pinned,Device,NVIDIA A100-SXM4-40GB MIG 4g.20gb (0),1,,13,[CUDA memcpy Host-to-Device]
2120306477,597881,65952,,,,,,,,,,456.561,763370.728,Device,,NVIDIA A100-SXM4-40GB MIG 4g.20gb (0),1,,13,[CUDA memset]
2120908133,169118,65957,,,,,,,,,,1.235,7302.224,Pinned,Device,NVIDIA A100-SXM4-40GB MIG 4g.20gb (0),1,,13,[CUDA memcpy Host-to-Device]
2121090275,40384,65958,,,,,,,,,,0.197,4868.407,Pinned,Device,NVIDIA A100-SXM4-40GB MIG 4g.20gb (0),1,,13,[CUDA memcpy Host-to-Device]
2121153506,7968,65959,69,4,1,48,1,1,76,0.002,0.000,,,,,NVIDIA A100-SXM4-40GB MIG 4g.20gb (0),1,,13,"void ch_est::windowedChEstPreNoDftSOfdmKernel<float, __half, float, (unsigned int)2, (unsigned int)1, (unsigned short)4>(ch_est::puschRxChEstStatDescr_t *, ch_est::puschRxChEstDynDescr_t *)"
2121172482,6432,65960,137,2,1,24,2,1,44,0.001,0.001,,,,,NVIDIA A100-SXM4-40GB MIG 4g.20gb (0),1,,13,"void ch_est::chEstFilterNoDftSOfdmDispatchKernel<float, __half, float, (unsigned int)2>(ch_est::puschRxChEstStatDescr_t *, ch_est::puschRxChEstDynDescr_t *)"
2121189282,4736,65961,137,2,1,24,2,1,44,0.001,0.001,,,,,NVIDIA A100-SXM4-40GB MIG 4g.20gb (0),1,,13,"void ch_est::chEstFilterNoDftSOfdmDispatchKernel<float, __half, float, (unsigned int)2>(ch_est::puschRxChEstStatDescr_t *, ch_est::puschRxChEstDynDescr_t *)"
2121209506,2624,65972,103,1,1,128,1,1,16,0.000,0.000,,,,,NVIDIA A100-SXM4-40GB MIG 4g.20gb (0),1,,13,cupy_copy__complex64_complex64
2121225794,12575,65982,1434,1,1,128,1,1,16,0.000,0.000,,,,,NVIDIA A100-SXM4-40GB MIG 4g.20gb (0),1,,13,cupy_copy__complex64_complex64
2121245345,2944,65989,103,1,1,128,1,1,16,0.000,0.000,,,,,NVIDIA A100-SXM4-40GB MIG 4g.20gb (0),1,,13,cupy_copy__complex64_complex64
2121271329,85279,65996,1,1,1,32,32,1,30,0.000,0.000,,,,,NVIDIA A100-SXM4-40GB MIG 4g.20gb (0),1,,13,"void convert_kernel<__half2, float2>(tensor_layout_any, T1 *, tensor_layout_any, const T2 *)"
2121387232,22495,65999,,,,,,,,,,0.094,4165.162,Pinned,Device,NVIDIA A100-SXM4-40GB MIG 4g.20gb (0),1,,13,[CUDA memcpy Host-to-Device]
2121427999,47679,66000,,,,,,,,,,35.810,751041.452,Device,,NVIDIA A100-SXM4-40GB MIG 4g.20gb (0),1,,13,[CUDA memset]
2121478782,8192,66002,,,,,,,,,,0.000,9.766,Pinned,Device,NVIDIA A100-SXM4-40GB MIG 4g.20gb (0),1,,13,[CUDA memcpy Host-to-Device]
2121490750,14752,66003,,,,,,,,,,0.197,13327.466,Pinned,Device,NVIDIA A100-SXM4-40GB MIG 4g.20gb (0),1,,13,[CUDA memcpy Host-to-Device]
2121520318,9824,66004,273,1,1,48,1,1,40,0.000,0.001,,,,,NVIDIA A100-SXM4-40GB MIG 4g.20gb (0),1,,13,"void pusch_noise_intf_est::noiseIntfEstNoDftSOfdmKernel<float, __half, float, float, (unsigned int)2, (unsigned int)1, (unsigned char)4, (unsigned char)4>(pusch_noise_intf_est::puschRxNoiseIntfEstDynDescr)"
2121533534,2880,66015,35,1,1,128,1,1,16,0.000,0.000,,,,,NVIDIA A100-SXM4-40GB MIG 4g.20gb (0),1,,13,cupy_copy__complex64_complex64
2121540478,2336,66024,1,1,1,1,1,1,18,0.000,0.000,,,,,NVIDIA A100-SXM4-40GB MIG 4g.20gb (0),1,,13,cupy_copy__float32_float32
2121547806,2272,66030,,,,,,,,,,0.000,1.761,Device,Pageable,NVIDIA A100-SXM4-40GB MIG 4g.20gb (0),1,,7,[CUDA memcpy Device-to-Host]
2121615581,12928,66041,1434,1,1,128,1,1,16,0.000,0.000,,,,,NVIDIA A100-SXM4-40GB MIG 4g.20gb (0),1,,13,cupy_copy__complex64_complex64
2121640988,3360,66048,103,1,1,128,1,1,16,0.000,0.000,,,,,NVIDIA A100-SXM4-40GB MIG 4g.20gb (0),1,,13,cupy_copy__complex64_complex64
2121661404,2272,66055,35,1,1,128,1,1,16,0.000,0.000,,,,,NVIDIA A100-SXM4-40GB MIG 4g.20gb (0),1,,13,cupy_copy__complex64_complex64
2121679868,1792,66062,1,1,1,1,1,1,18,0.000,0.000,,,,,NVIDIA A100-SXM4-40GB MIG 4g.20gb (0),1,,13,cupy_copy__float32_float32
2121813306,82591,66073,1,1,1,32,32,1,30,0.000,0.000,,,,,NVIDIA A100-SXM4-40GB MIG 4g.20gb (0),1,,13,"void convert_kernel<__half2, float2>(tensor_layout_any, T1 *, tensor_layout_any, const T2 *)"
2121923129,5376,66076,,,,,,,,,,0.094,17428.487,Pinned,Device,NVIDIA A100-SXM4-40GB MIG 4g.20gb (0),1,,13,[CUDA memcpy Host-to-Device]
2121938713,3136,66077,,,,,,,,,,1.547,493182.821,Device,,NVIDIA A100-SXM4-40GB MIG 4g.20gb (0),1,,13,[CUDA memset]
2121944889,3296,66082,,,,,,,,,,0.031,9495.144,Pinned,Device,NVIDIA A100-SXM4-40GB MIG 4g.20gb (0),1,,13,[CUDA memcpy Host-to-Device]
2121950873,10431,66083,,,,,,,,,,0.197,18848.416,Pinned,Device,NVIDIA A100-SXM4-40GB MIG 4g.20gb (0),1,,13,[CUDA memcpy Host-to-Device]
2121965304,6176,66084,273,1,1,8,4,1,39,0.002,0.000,,,,,NVIDIA A100-SXM4-40GB MIG 4g.20gb (0),1,,13,"void channel_eq::eqMmseCoefCompLowMimoKernel<float, float, float, (unsigned int)4, (unsigned int)1, (unsigned int)4>(const channel_eq::_puschRxChEqStatDescr *, channel_eq::_puschRxChEqCoefCompDynDescr)"
2121972472,6176,66085,273,1,1,12,11,1,51,0.002,0.000,,,,,NVIDIA A100-SXM4-40GB MIG 4g.20gb (0),1,,13,"void channel_eq::eqMmseSoftDemapKernel<float, __half, __half, float, (unsigned int)4, (unsigned short)16383>(channel_eq::_puschRxChEqStatDescr *, channel_eq::_puschRxChEqSoftDemapDynDescr)"
2121979608,283549,66086,1,1,1,32,32,1,30,0.000,0.000,,,,,NVIDIA A100-SXM4-40GB MIG 4g.20gb (0),1,,13,"void convert_kernel<float2, __half2>(tensor_layout_any, T1 *, tensor_layout_any, const T2 *)"
2122264245,10912,66098,2253,1,1,128,1,1,16,0.000,0.000,,,,,NVIDIA A100-SXM4-40GB MIG 4g.20gb (0),1,,13,cupy_copy__float16_float16
2122278645,3199,66107,282,1,1,128,1,1,16,0.000,0.000,,,,,NVIDIA A100-SXM4-40GB MIG 4g.20gb (0),1,,13,cupy_copy__complex64_complex64
2122285108,2048,66116,26,1,1,128,1,1,16,0.000,0.000,,,,,NVIDIA A100-SXM4-40GB MIG 4g.20gb (0),1,,13,cupy_copy__float32_float32
2122288724,2880,66125,103,1,1,128,1,1,16,0.000,0.000,,,,,NVIDIA A100-SXM4-40GB MIG 4g.20gb (0),1,,13,cupy_copy__complex64_complex64
2122294836,11808,66135,1434,1,1,128,1,1,16,0.000,0.000,,,,,NVIDIA A100-SXM4-40GB MIG 4g.20gb (0),1,,13,cupy_copy__complex64_complex64
2122311060,82335,66140,1,1,1,32,32,1,30,0.000,0.000,,,,,NVIDIA A100-SXM4-40GB MIG 4g.20gb (0),1,,13,"void convert_kernel<__half2, float2>(tensor_layout_any, T1 *, tensor_layout_any, const T2 *)"
2122420819,5376,66143,,,,,,,,,,0.094,17428.487,Pinned,Device,NVIDIA A100-SXM4-40GB MIG 4g.20gb (0),1,,13,[CUDA memcpy Host-to-Device]
2122430867,599928,66144,,,,,,,,,,456.561,760631.359,Device,,NVIDIA A100-SXM4-40GB MIG 4g.20gb (0),1,,13,[CUDA memset]
2123033419,166206,66149,,,,,,,,,,1.235,7429.423,Pinned,Device,NVIDIA A100-SXM4-40GB MIG 4g.20gb (0),1,,13,[CUDA memcpy Host-to-Device]
2123211977,40351,66150,,,,,,,,,,0.197,4872.339,Pinned,Device,NVIDIA A100-SXM4-40GB MIG 4g.20gb (0),1,,13,[CUDA memcpy Host-to-Device]
2123269864,8352,66151,69,4,1,48,1,1,76,0.002,0.000,,,,,NVIDIA A100-SXM4-40GB MIG 4g.20gb (0),1,,13,"void ch_est::windowedChEstPreNoDftSOfdmKernel<float, __half, float, (unsigned int)2, (unsigned int)1, (unsigned short)4>(ch_est::puschRxChEstStatDescr_t *, ch_est::puschRxChEstDynDescr_t *)"
2123289352,6656,66152,137,2,1,24,2,1,44,0.001,0.001,,,,,NVIDIA A100-SXM4-40GB MIG 4g.20gb (0),1,,13,"void ch_est::chEstFilterNoDftSOfdmDispatchKernel<float, __half, float, (unsigned int)2>(ch_est::puschRxChEstStatDescr_t *, ch_est::puschRxChEstDynDescr_t *)"
2123306152,4672,66153,137,2,1,24,2,1,44,0.001,0.001,,,,,NVIDIA A100-SXM4-40GB MIG 4g.20gb (0),1,,13,"void ch_est::chEstFilterNoDftSOfdmDispatchKernel<float, __half, float, (unsigned int)2>(ch_est::puschRxChEstStatDescr_t *, ch_est::puschRxChEstDynDescr_t *)"
2123323080,2528,66164,103,1,1,128,1,1,16,0.000,0.000,,,,,NVIDIA A100-SXM4-40GB MIG 4g.20gb (0),1,,13,cupy_copy__complex64_complex64
2123341063,12608,66174,1434,1,1,128,1,1,16,0.000,0.000,,,,,NVIDIA A100-SXM4-40GB MIG 4g.20gb (0),1,,13,cupy_copy__complex64_complex64
2123357191,2368,66181,103,1,1,128,1,1,16,0.000,0.000,,,,,NVIDIA A100-SXM4-40GB MIG 4g.20gb (0),1,,13,cupy_copy__complex64_complex64
2123382567,96959,66188,1,1,1,32,32,1,30,0.000,0.000,,,,,NVIDIA A100-SXM4-40GB MIG 4g.20gb (0),1,,13,"void convert_kernel<__half2, float2>(tensor_layout_any, T1 *, tensor_layout_any, const T2 *)"
2123515621,25856,66191,,,,,,,,,,0.094,3623.693,Pinned,Device,NVIDIA A100-SXM4-40GB MIG 4g.20gb (0),1,,13,[CUDA memcpy Host-to-Device]
2123556133,46751,66192,,,,,,,,,,35.810,765938.379,Device,,NVIDIA A100-SXM4-40GB MIG 4g.20gb (0),1,,13,[CUDA memset]
2123610436,15424,66194,,,,,,,,,,0.000,5.187,Pinned,Device,NVIDIA A100-SXM4-40GB MIG 4g.20gb (0),1,,13,[CUDA memcpy Host-to-Device]
2123636228,30111,66195,,,,,,,,,,0.197,6529.352,Pinned,Device,NVIDIA A100-SXM4-40GB MIG 4g.20gb (0),1,,13,[CUDA memcpy Host-to-Device]
2123684675,9792,66196,273,1,1,48,1,1,40,0.000,0.001,,,,,NVIDIA A100-SXM4-40GB MIG 4g.20gb (0),1,,13,"void pusch_noise_intf_est::noiseIntfEstNoDftSOfdmKernel<float, __half, float, float, (unsigned int)2, (unsigned int)1, (unsigned char)4, (unsigned char)4>(pusch_noise_intf_est::puschRxNoiseIntfEstDynDescr)"
2123701475,2592,66207,35,1,1,128,1,1,16,0.000,0.000,,,,,NVIDIA A100-SXM4-40GB MIG 4g.20gb (0),1,,13,cupy_copy__complex64_complex64
2123717955,1728,66216,1,1,1,1,1,1,18,0.000,0.000,,,,,NVIDIA A100-SXM4-40GB MIG 4g.20gb (0),1,,13,cupy_copy__float32_float32
2123721027,8192,66222,,,,,,,,,,0.000,0.488,Device,Pageable,NVIDIA A100-SXM4-40GB MIG 4g.20gb (0),1,,7,[CUDA memcpy Device-to-Host]
2123809826,12831,66233,1434,1,1,128,1,1,16,0.000,0.000,,,,,NVIDIA A100-SXM4-40GB MIG 4g.20gb (0),1,,13,cupy_copy__complex64_complex64
2123846177,2592,66240,103,1,1,128,1,1,16,0.000,0.000,,,,,NVIDIA A100-SXM4-40GB MIG 4g.20gb (0),1,,13,cupy_copy__complex64_complex64
2123864129,2176,66247,35,1,1,128,1,1,16,0.000,0.000,,,,,NVIDIA A100-SXM4-40GB MIG 4g.20gb (0),1,,13,cupy_copy__complex64_complex64
2123878337,1728,66254,1,1,1,1,1,1,18,0.000,0.000,,,,,NVIDIA A100-SXM4-40GB MIG 4g.20gb (0),1,,13,cupy_copy__float32_float32
2123998975,88351,66265,1,1,1,32,32,1,30,0.000,0.000,,,,,NVIDIA A100-SXM4-40GB MIG 4g.20gb (0),1,,13,"void convert_kernel<__half2, float2>(tensor_layout_any, T1 *, tensor_layout_any, const T2 *)"
2124115774,5952,66268,,,,,,,,,,0.094,15741.865,Pinned,Device,NVIDIA A100-SXM4-40GB MIG 4g.20gb (0),1,,13,[CUDA memcpy Host-to-Device]
2124130430,3264,66269,,,,,,,,,,1.547,473842.288,Device,,NVIDIA A100-SXM4-40GB MIG 4g.20gb (0),1,,13,[CUDA memset]
2124136286,3360,66274,,,,,,,,,,0.031,9314.284,Pinned,Device,NVIDIA A100-SXM4-40GB MIG 4g.20gb (0),1,,13,[CUDA memcpy Host-to-Device]
2124142525,9792,66275,,,,,,,,,,0.197,20078.395,Pinned,Device,NVIDIA A100-SXM4-40GB MIG 4g.20gb (0),1,,13,[CUDA memcpy Host-to-Device]
2124160253,6816,66276,273,1,1,8,4,1,39,0.002,0.000,,,,,NVIDIA A100-SXM4-40GB MIG 4g.20gb (0),1,,13,"void channel_eq::eqMmseCoefCompLowMimoKernel<float, float, float, (unsigned int)4, (unsigned int)1, (unsigned int)4>(const channel_eq::_puschRxChEqStatDescr *, channel_eq::_puschRxChEqCoefCompDynDescr)"
2124168381,5728,66277,273,1,1,12,11,1,51,0.002,0.000,,,,,NVIDIA A100-SXM4-40GB MIG 4g.20gb (0),1,,13,"void channel_eq::eqMmseSoftDemapKernel<float, __half, __half, float, (unsigned int)4, (unsigned short)16383>(channel_eq::_puschRxChEqStatDescr *, channel_eq::_puschRxChEqSoftDemapDynDescr)"
2124175421,295004,66278,1,1,1,32,32,1,30,0.000,0.000,,,,,NVIDIA A100-SXM4-40GB MIG 4g.20gb (0),1,,13,"void convert_kernel<float2, __half2>(tensor_layout_any, T1 *, tensor_layout_any, const T2 *)"
2124471449,11328,66290,2253,1,1,128,1,1,16,0.000,0.000,,,,,NVIDIA A100-SXM4-40GB MIG 4g.20gb (0),1,,13,cupy_copy__float16_float16
2124486041,3136,66299,282,1,1,128,1,1,16,0.000,0.000,,,,,NVIDIA A100-SXM4-40GB MIG 4g.20gb (0),1,,13,cupy_copy__complex64_complex64
2124492025,2112,66308,26,1,1,128,1,1,16,0.000,0.000,,,,,NVIDIA A100-SXM4-40GB MIG 4g.20gb (0),1,,13,cupy_copy__float32_float32
2124496601,2784,66317,103,1,1,128,1,1,16,0.000,0.000,,,,,NVIDIA A100-SXM4-40GB MIG 4g.20gb (0),1,,13,cupy_copy__complex64_complex64
2124500409,12096,66327,1434,1,1,128,1,1,16,0.000,0.000,,,,,NVIDIA A100-SXM4-40GB MIG 4g.20gb (0),1,,13,cupy_copy__complex64_complex64
2124517209,86879,66332,1,1,1,32,32,1,30,0.000,0.000,,,,,NVIDIA A100-SXM4-40GB MIG 4g.20gb (0),1,,13,"void convert_kernel<__half2, float2>(tensor_layout_any, T1 *, tensor_layout_any, const T2 *)"
2124630999,5568,66335,,,,,,,,,,0.094,16827.521,Pinned,Device,NVIDIA A100-SXM4-40GB MIG 4g.20gb (0),1,,13,[CUDA memcpy Host-to-Device]
2124641367,602809,66336,,,,,,,,,,456.561,756978.868,Device,,NVIDIA A100-SXM4-40GB MIG 4g.20gb (0),1,,13,[CUDA memset]
2125248816,84863,66341,,,,,,,,,,1.235,14551.345,Pinned,Device,NVIDIA A100-SXM4-40GB MIG 4g.20gb (0),1,,13,[CUDA memcpy Host-to-Device]
2125339183,13920,66342,,,,,,,,,,0.197,14124.122,Pinned,Device,NVIDIA A100-SXM4-40GB MIG 4g.20gb (0),1,,13,[CUDA memcpy Host-to-Device]
2125359758,7904,66343,69,4,1,48,1,1,76,0.002,0.000,,,,,NVIDIA A100-SXM4-40GB MIG 4g.20gb (0),1,,13,"void ch_est::windowedChEstPreNoDftSOfdmKernel<float, __half, float, (unsigned int)2, (unsigned int)1, (unsigned short)4>(ch_est::puschRxChEstStatDescr_t *, ch_est::puschRxChEstDynDescr_t *)"
2125369678,7072,66344,137,2,1,24,2,1,44,0.001,0.001,,,,,NVIDIA A100-SXM4-40GB MIG 4g.20gb (0),1,,13,"void ch_est::chEstFilterNoDftSOfdmDispatchKernel<float, __half, float, (unsigned int)2>(ch_est::puschRxChEstStatDescr_t *, ch_est::puschRxChEstDynDescr_t *)"
2125382254,5088,66345,137,2,1,24,2,1,44,0.001,0.001,,,,,NVIDIA A100-SXM4-40GB MIG 4g.20gb (0),1,,13,"void ch_est::chEstFilterNoDftSOfdmDispatchKernel<float, __half, float, (unsigned int)2>(ch_est::puschRxChEstStatDescr_t *, ch_est::puschRxChEstDynDescr_t *)"
2125390062,2528,66356,103,1,1,128,1,1,16,0.000,0.000,,,,,NVIDIA A100-SXM4-40GB MIG 4g.20gb (0),1,,13,cupy_copy__complex64_complex64
2125394766,12640,66366,1434,1,1,128,1,1,16,0.000,0.000,,,,,NVIDIA A100-SXM4-40GB MIG 4g.20gb (0),1,,13,cupy_copy__complex64_complex64
2125408718,2560,66373,103,1,1,128,1,1,16,0.000,0.000,,,,,NVIDIA A100-SXM4-40GB MIG 4g.20gb (0),1,,13,cupy_copy__complex64_complex64
2125412238,81311,66380,1,1,1,32,32,1,30,0.000,0.000,,,,,NVIDIA A100-SXM4-40GB MIG 4g.20gb (0),1,,13,"void convert_kernel<__half2, float2>(tensor_layout_any, T1 *, tensor_layout_any, const T2 *)"
2125520364,5472,66383,,,,,,,,,,0.094,17122.757,Pinned,Device,NVIDIA A100-SXM4-40GB MIG 4g.20gb (0),1,,13,[CUDA memcpy Host-to-Device]
2125532812,46720,66384,,,,,,,,,,35.810,766475.528,Device,,NVIDIA A100-SXM4-40GB MIG 4g.20gb (0),1,,13,[CUDA memset]
2125586412,2752,66386,,,,,,,,,,0.000,29.070,Pinned,Device,NVIDIA A100-SXM4-40GB MIG 4g.20gb (0),1,,13,[CUDA memcpy Host-to-Device]
2125594540,13759,66387,,,,,,,,,,0.197,14289.273,Pinned,Device,NVIDIA A100-SXM4-40GB MIG 4g.20gb (0),1,,13,[CUDA memcpy Host-to-Device]
2125615723,9152,66388,273,1,1,48,1,1,40,0.000,0.001,,,,,NVIDIA A100-SXM4-40GB MIG 4g.20gb (0),1,,13,"void pusch_noise_intf_est::noiseIntfEstNoDftSOfdmKernel<float, __half, float, float, (unsigned int)2, (unsigned int)1, (unsigned char)4, (unsigned char)4>(pusch_noise_intf_est::puschRxNoiseIntfEstDynDescr)"
2125627563,2912,66399,35,1,1,128,1,1,16,0.000,0.000,,,,,NVIDIA A100-SXM4-40GB MIG 4g.20gb (0),1,,13,cupy_copy__complex64_complex64
2125642539,1792,66408,1,1,1,1,1,1,18,0.000,0.000,,,,,NVIDIA A100-SXM4-40GB MIG 4g.20gb (0),1,,13,cupy_copy__float32_float32
2125674795,1600,66414,,,,,,,,,,0.000,2.500,Device,Pageable,NVIDIA A100-SXM4-40GB MIG 4g.20gb (0),1,,7,[CUDA memcpy Device-to-Host]
2125733546,12864,66425,1434,1,1,128,1,1,16,0.000,0.000,,,,,NVIDIA A100-SXM4-40GB MIG 4g.20gb (0),1,,13,cupy_copy__complex64_complex64
2125761385,3584,66432,103,1,1,128,1,1,16,0.000,0.000,,,,,NVIDIA A100-SXM4-40GB MIG 4g.20gb (0),1,,13,cupy_copy__complex64_complex64
2125781001,2208,66439,35,1,1,128,1,1,16,0.000,0.000,,,,,NVIDIA A100-SXM4-40GB MIG 4g.20gb (0),1,,13,cupy_copy__complex64_complex64
2125799465,1728,66446,1,1,1,1,1,1,18,0.000,0.000,,,,,NVIDIA A100-SXM4-40GB MIG 4g.20gb (0),1,,13,cupy_copy__float32_float32
2125933831,82751,66457,1,1,1,32,32,1,30,0.000,0.000,,,,,NVIDIA A100-SXM4-40GB MIG 4g.20gb (0),1,,13,"void convert_kernel<__half2, float2>(tensor_layout_any, T1 *, tensor_layout_any, const T2 *)"
2126043686,5728,66460,,,,,,,,,,0.094,16357.541,Pinned,Device,NVIDIA A100-SXM4-40GB MIG 4g.20gb (0),1,,13,[CUDA memcpy Host-to-Device]
2126059270,3552,66461,,,,,,,,,,1.547,435422.601,Device,,NVIDIA A100-SXM4-40GB MIG 4g.20gb (0),1,,13,[CUDA memset]
2126064902,3904,66466,,,,,,,,,,0.031,8016.377,Pinned,Device,NVIDIA A100-SXM4-40GB MIG 4g.20gb (0),1,,13,[CUDA memcpy Host-to-Device]
2126070886,10240,66467,,,,,,,,,,0.197,19199.951,Pinned,Device,NVIDIA A100-SXM4-40GB MIG 4g.20gb (0),1,,13,[CUDA memcpy Host-to-Device]
2126086981,6304,66468,273,1,1,8,4,1,39,0.002,0.000,,,,,NVIDIA A100-SXM4-40GB MIG 4g.20gb (0),1,,13,"void channel_eq::eqMmseCoefCompLowMimoKernel<float, float, float, (unsigned int)4, (unsigned int)1, (unsigned int)4>(const channel_eq::_puschRxChEqStatDescr *, channel_eq::_puschRxChEqCoefCompDynDescr)"
2126095813,5632,66469,273,1,1,12,11,1,51,0.002,0.000,,,,,NVIDIA A100-SXM4-40GB MIG 4g.20gb (0),1,,13,"void channel_eq::eqMmseSoftDemapKernel<float, __half, __half, float, (unsigned int)4, (unsigned short)16383>(channel_eq::_puschRxChEqStatDescr *, channel_eq::_puschRxChEqSoftDemapDynDescr)"
2126104325,295613,66470,1,1,1,32,32,1,30,0.000,0.000,,,,,NVIDIA A100-SXM4-40GB MIG 4g.20gb (0),1,,13,"void convert_kernel<float2, __half2>(tensor_layout_any, T1 *, tensor_layout_any, const T2 *)"
2126400962,10943,66482,2253,1,1,128,1,1,16,0.000,0.000,,,,,NVIDIA A100-SXM4-40GB MIG 4g.20gb (0),1,,13,cupy_copy__float16_float16
2126415873,3136,66491,282,1,1,128,1,1,16,0.000,0.000,,,,,NVIDIA A100-SXM4-40GB MIG 4g.20gb (0),1,,13,cupy_copy__complex64_complex64
2126422241,2240,66500,26,1,1,128,1,1,16,0.000,0.000,,,,,NVIDIA A100-SXM4-40GB MIG 4g.20gb (0),1,,13,cupy_copy__float32_float32
2126425985,3872,66509,103,1,1,128,1,1,16,0.000,0.000,,,,,NVIDIA A100-SXM4-40GB MIG 4g.20gb (0),1,,13,cupy_copy__complex64_complex64
2126432641,12224,66519,1434,1,1,128,1,1,16,0.000,0.000,,,,,NVIDIA A100-SXM4-40GB MIG 4g.20gb (0),1,,13,cupy_copy__complex64_complex64
2126447265,81151,66524,1,1,1,32,32,1,30,0.000,0.000,,,,,NVIDIA A100-SXM4-40GB MIG 4g.20gb (0),1,,13,"void convert_kernel<__half2, float2>(tensor_layout_any, T1 *, tensor_layout_any, const T2 *)"
2126555936,5856,66527,,,,,,,,,,0.094,15999.997,Pinned,Device,NVIDIA A100-SXM4-40GB MIG 4g.20gb (0),1,,13,[CUDA memcpy Host-to-Device]
2126566176,595480,66528,,,,,,,,,,456.561,766566.658,Device,,NVIDIA A100-SXM4-40GB MIG 4g.20gb (0),1,,13,[CUDA memset]
2127168792,130910,66533,,,,,,,,,,1.235,9432.502,Pinned,Device,NVIDIA A100-SXM4-40GB MIG 4g.20gb (0),1,,13,[CUDA memcpy Host-to-Device]
2127315062,41792,66534,,,,,,,,,,0.197,4704.436,Pinned,Device,NVIDIA A100-SXM4-40GB MIG 4g.20gb (0),1,,13,[CUDA memcpy Host-to-Device]
2127384373,8288,66535,69,4,1,48,1,1,76,0.002,0.000,,,,,NVIDIA A100-SXM4-40GB MIG 4g.20gb (0),1,,13,"void ch_est::windowedChEstPreNoDftSOfdmKernel<float, __half, float, (unsigned int)2, (unsigned int)1, (unsigned short)4>(ch_est::puschRxChEstStatDescr_t *, ch_est::puschRxChEstDynDescr_t *)"
2127403925,6688,66536,137,2,1,24,2,1,44,0.001,0.001,,,,,NVIDIA A100-SXM4-40GB MIG 4g.20gb (0),1,,13,"void ch_est::chEstFilterNoDftSOfdmDispatchKernel<float, __half, float, (unsigned int)2>(ch_est::puschRxChEstStatDescr_t *, ch_est::puschRxChEstDynDescr_t *)"
2127421333,4704,66537,137,2,1,24,2,1,44,0.001,0.001,,,,,NVIDIA A100-SXM4-40GB MIG 4g.20gb (0),1,,13,"void ch_est::chEstFilterNoDftSOfdmDispatchKernel<float, __half, float, (unsigned int)2>(ch_est::puschRxChEstStatDescr_t *, ch_est::puschRxChEstDynDescr_t *)"
2127437365,2624,66548,103,1,1,128,1,1,16,0.000,0.000,,,,,NVIDIA A100-SXM4-40GB MIG 4g.20gb (0),1,,13,cupy_copy__complex64_complex64
2127450517,12351,66558,1434,1,1,128,1,1,16,0.000,0.000,,,,,NVIDIA A100-SXM4-40GB MIG 4g.20gb (0),1,,13,cupy_copy__complex64_complex64
2127481588,2496,66565,103,1,1,128,1,1,16,0.000,0.000,,,,,NVIDIA A100-SXM4-40GB MIG 4g.20gb (0),1,,13,cupy_copy__complex64_complex64
2127496436,85087,66572,1,1,1,32,32,1,30,0.000,0.000,,,,,NVIDIA A100-SXM4-40GB MIG 4g.20gb (0),1,,13,"void convert_kernel<__half2, float2>(tensor_layout_any, T1 *, tensor_layout_any, const T2 *)"
2127609747,8320,66575,,,,,,,,,,0.094,11261.510,Pinned,Device,NVIDIA A100-SXM4-40GB MIG 4g.20gb (0),1,,13,[CUDA memcpy Host-to-Device]
2127625170,47680,66576,,,,,,,,,,35.810,751041.452,Device,,NVIDIA A100-SXM4-40GB MIG 4g.20gb (0),1,,13,[CUDA memset]
2127674834,4448,66578,,,,,,,,,,0.000,17.986,Pinned,Device,NVIDIA A100-SXM4-40GB MIG 4g.20gb (0),1,,13,[CUDA memcpy Host-to-Device]
2127682514,12256,66579,,,,,,,,,,0.197,16041.640,Pinned,Device,NVIDIA A100-SXM4-40GB MIG 4g.20gb (0),1,,13,[CUDA memcpy Host-to-Device]
2127700945,10816,66580,273,1,1,48,1,1,40,0.000,0.001,,,,,NVIDIA A100-SXM4-40GB MIG 4g.20gb (0),1,,13,"void pusch_noise_intf_est::noiseIntfEstNoDftSOfdmKernel<float, __half, float, float, (unsigned int)2, (unsigned int)1, (unsigned char)4, (unsigned char)4>(pusch_noise_intf_est::puschRxNoiseIntfEstDynDescr)"
2127714609,2976,66591,35,1,1,128,1,1,16,0.000,0.000,,,,,NVIDIA A100-SXM4-40GB MIG 4g.20gb (0),1,,13,cupy_copy__complex64_complex64
2127733969,1792,66600,1,1,1,1,1,1,18,0.000,0.000,,,,,NVIDIA A100-SXM4-40GB MIG 4g.20gb (0),1,,13,cupy_copy__float32_float32
2127765777,1600,66606,,,,,,,,,,0.000,2.500,Device,Pageable,NVIDIA A100-SXM4-40GB MIG 4g.20gb (0),1,,7,[CUDA memcpy Device-to-Host]
2127826992,12768,66617,1434,1,1,128,1,1,16,0.000,0.000,,,,,NVIDIA A100-SXM4-40GB MIG 4g.20gb (0),1,,13,cupy_copy__complex64_complex64
2127850928,2816,66624,103,1,1,128,1,1,16,0.000,0.000,,,,,NVIDIA A100-SXM4-40GB MIG 4g.20gb (0),1,,13,cupy_copy__complex64_complex64
2127871823,2400,66631,35,1,1,128,1,1,16,0.000,0.000,,,,,NVIDIA A100-SXM4-40GB MIG 4g.20gb (0),1,,13,cupy_copy__complex64_complex64
2127889999,1920,66638,1,1,1,1,1,1,18,0.000,0.000,,,,,NVIDIA A100-SXM4-40GB MIG 4g.20gb (0),1,,13,cupy_copy__float32_float32
2128022382,81471,66649,1,1,1,32,32,1,30,0.000,0.000,,,,,NVIDIA A100-SXM4-40GB MIG 4g.20gb (0),1,,13,"void convert_kernel<__half2, float2>(tensor_layout_any, T1 *, tensor_layout_any, const T2 *)"
2128132652,5984,66652,,,,,,,,,,0.094,15657.726,Pinned,Device,NVIDIA A100-SXM4-40GB MIG 4g.20gb (0),1,,13,[CUDA memcpy Host-to-Device]
2128148748,3520,66653,,,,,,,,,,1.547,439380.412,Device,,NVIDIA A100-SXM4-40GB MIG 4g.20gb (0),1,,13,[CUDA memset]
2128153932,3680,66658,,,,,,,,,,0.031,8504.344,Pinned,Device,NVIDIA A100-SXM4-40GB MIG 4g.20gb (0),1,,13,[CUDA memcpy Host-to-Device]
2128160396,9984,66659,,,,,,,,,,0.197,19692.257,Pinned,Device,NVIDIA A100-SXM4-40GB MIG 4g.20gb (0),1,,13,[CUDA memcpy Host-to-Device]
2128174220,5824,66660,273,1,1,8,4,1,39,0.002,0.000,,,,,NVIDIA A100-SXM4-40GB MIG 4g.20gb (0),1,,13,"void channel_eq::eqMmseCoefCompLowMimoKernel<float, float, float, (unsigned int)4, (unsigned int)1, (unsigned int)4>(const channel_eq::_puschRxChEqStatDescr *, channel_eq::_puschRxChEqCoefCompDynDescr)"
2128181740,8095,66661,273,1,1,12,11,1,51,0.002,0.000,,,,,NVIDIA A100-SXM4-40GB MIG 4g.20gb (0),1,,13,"void channel_eq::eqMmseSoftDemapKernel<float, __half, __half, float, (unsigned int)4, (unsigned short)16383>(channel_eq::_puschRxChEqStatDescr *, channel_eq::_puschRxChEqSoftDemapDynDescr)"
2128190987,294941,66662,1,1,1,32,32,1,30,0.000,0.000,,,,,NVIDIA A100-SXM4-40GB MIG 4g.20gb (0),1,,13,"void convert_kernel<float2, __half2>(tensor_layout_any, T1 *, tensor_layout_any, const T2 *)"
2128487144,11008,66674,2253,1,1,128,1,1,16,0.000,0.000,,,,,NVIDIA A100-SXM4-40GB MIG 4g.20gb (0),1,,13,cupy_copy__float16_float16
2128502696,3680,66683,282,1,1,128,1,1,16,0.000,0.000,,,,,NVIDIA A100-SXM4-40GB MIG 4g.20gb (0),1,,13,cupy_copy__complex64_complex64
2128509256,2335,66692,26,1,1,128,1,1,16,0.000,0.000,,,,,NVIDIA A100-SXM4-40GB MIG 4g.20gb (0),1,,13,cupy_copy__float32_float32
2128512583,3264,66701,103,1,1,128,1,1,16,0.000,0.000,,,,,NVIDIA A100-SXM4-40GB MIG 4g.20gb (0),1,,13,cupy_copy__complex64_complex64
2128516935,12128,66711,1434,1,1,128,1,1,16,0.000,0.000,,,,,NVIDIA A100-SXM4-40GB MIG 4g.20gb (0),1,,13,cupy_copy__complex64_complex64
2128533927,82591,66716,1,1,1,32,32,1,30,0.000,0.000,,,,,NVIDIA A100-SXM4-40GB MIG 4g.20gb (0),1,,13,"void convert_kernel<__half2, float2>(tensor_layout_any, T1 *, tensor_layout_any, const T2 *)"
2128643430,5504,66719,,,,,,,,,,0.094,17023.251,Pinned,Device,NVIDIA A100-SXM4-40GB MIG 4g.20gb (0),1,,13,[CUDA memcpy Host-to-Device]
2128653126,597144,66720,,,,,,,,,,456.561,764283.851,Device,,NVIDIA A100-SXM4-40GB MIG 4g.20gb (0),1,,13,[CUDA memset]
2129257726,152542,66725,,,,,,,,,,1.235,8095.058,Pinned,Device,NVIDIA A100-SXM4-40GB MIG 4g.20gb (0),1,,13,[CUDA memcpy Host-to-Device]
2129423420,37792,66726,,,,,,,,,,0.197,5202.248,Pinned,Device,NVIDIA A100-SXM4-40GB MIG 4g.20gb (0),1,,13,[CUDA memcpy Host-to-Device]
2129485883,8096,66727,69,4,1,48,1,1,76,0.002,0.000,,,,,NVIDIA A100-SXM4-40GB MIG 4g.20gb (0),1,,13,"void ch_est::windowedChEstPreNoDftSOfdmKernel<float, __half, float, (unsigned int)2, (unsigned int)1, (unsigned short)4>(ch_est::puschRxChEstStatDescr_t *, ch_est::puschRxChEstDynDescr_t *)"
2129505243,6752,66728,137,2,1,24,2,1,44,0.001,0.001,,,,,NVIDIA A100-SXM4-40GB MIG 4g.20gb (0),1,,13,"void ch_est::chEstFilterNoDftSOfdmDispatchKernel<float, __half, float, (unsigned int)2>(ch_est::puschRxChEstStatDescr_t *, ch_est::puschRxChEstDynDescr_t *)"
2129522651,4736,66729,137,2,1,24,2,1,44,0.001,0.001,,,,,NVIDIA A100-SXM4-40GB MIG 4g.20gb (0),1,,13,"void ch_est::chEstFilterNoDftSOfdmDispatchKernel<float, __half, float, (unsigned int)2>(ch_est::puschRxChEstStatDescr_t *, ch_est::puschRxChEstDynDescr_t *)"
2129542555,2592,66740,103,1,1,128,1,1,16,0.000,0.000,,,,,NVIDIA A100-SXM4-40GB MIG 4g.20gb (0),1,,13,cupy_copy__complex64_complex64
2129559099,12351,66750,1434,1,1,128,1,1,16,0.000,0.000,,,,,NVIDIA A100-SXM4-40GB MIG 4g.20gb (0),1,,13,cupy_copy__complex64_complex64
2129578522,2944,66757,103,1,1,128,1,1,16,0.000,0.000,,,,,NVIDIA A100-SXM4-40GB MIG 4g.20gb (0),1,,13,cupy_copy__complex64_complex64
2129597786,88511,66764,1,1,1,32,32,1,30,0.000,0.000,,,,,NVIDIA A100-SXM4-40GB MIG 4g.20gb (0),1,,13,"void convert_kernel<__half2, float2>(tensor_layout_any, T1 *, tensor_layout_any, const T2 *)"
2129718105,18751,66767,,,,,,,,,,0.094,4996.808,Pinned,Device,NVIDIA A100-SXM4-40GB MIG 4g.20gb (0),1,,13,[CUDA memcpy Host-to-Device]
2129745048,47040,66768,,,,,,,,,,35.810,761247.279,Device,,NVIDIA A100-SXM4-40GB MIG 4g.20gb (0),1,,13,[CUDA memset]
2129797080,6911,66770,,,,,,,,,,0.000,11.576,Pinned,Device,NVIDIA A100-SXM4-40GB MIG 4g.20gb (0),1,,13,[CUDA memcpy Host-to-Device]
2129807863,18848,66771,,,,,,,,,,0.197,10431.234,Pinned,Device,NVIDIA A100-SXM4-40GB MIG 4g.20gb (0),1,,13,[CUDA memcpy Host-to-Device]
2129837623,9216,66772,273,1,1,48,1,1,40,0.000,0.001,,,,,NVIDIA A100-SXM4-40GB MIG 4g.20gb (0),1,,13,"void pusch_noise_intf_est::noiseIntfEstNoDftSOfdmKernel<float, __half, float, float, (unsigned int)2, (unsigned int)1, (unsigned char)4, (unsigned char)4>(pusch_noise_intf_est::puschRxNoiseIntfEstDynDescr)"
2129852727,3104,66783,35,1,1,128,1,1,16,0.000,0.000,,,,,NVIDIA A100-SXM4-40GB MIG 4g.20gb (0),1,,13,cupy_copy__complex64_complex64
2129860631,2144,66792,1,1,1,1,1,1,18,0.000,0.000,,,,,NVIDIA A100-SXM4-40GB MIG 4g.20gb (0),1,,13,cupy_copy__float32_float32
2129872727,5728,66798,,,,,,,,,,0.000,0.698,Device,Pageable,NVIDIA A100-SXM4-40GB MIG 4g.20gb (0),1,,7,[CUDA memcpy Device-to-Host]
2129945814,12896,66809,1434,1,1,128,1,1,16,0.000,0.000,,,,,NVIDIA A100-SXM4-40GB MIG 4g.20gb (0),1,,13,cupy_copy__complex64_complex64
2129974965,2912,66816,103,1,1,128,1,1,16,0.000,0.000,,,,,NVIDIA A100-SXM4-40GB MIG 4g.20gb (0),1,,13,cupy_copy__complex64_complex64
2129990965,2464,66823,35,1,1,128,1,1,16,0.000,0.000,,,,,NVIDIA A100-SXM4-40GB MIG 4g.20gb (0),1,,13,cupy_copy__complex64_complex64
2130010965,1856,66830,1,1,1,1,1,1,18,0.000,0.000,,,,,NVIDIA A100-SXM4-40GB MIG 4g.20gb (0),1,,13,cupy_copy__float32_float32
2130142003,82239,66841,1,1,1,32,32,1,30,0.000,0.000,,,,,NVIDIA A100-SXM4-40GB MIG 4g.20gb (0),1,,13,"void convert_kernel<__half2, float2>(tensor_layout_any, T1 *, tensor_layout_any, const T2 *)"
2130251794,5824,66844,,,,,,,,,,0.094,16087.884,Pinned,Device,NVIDIA A100-SXM4-40GB MIG 4g.20gb (0),1,,13,[CUDA memcpy Host-to-Device]
2130265682,3392,66845,,,,,,,,,,1.547,455961.768,Device,,NVIDIA A100-SXM4-40GB MIG 4g.20gb (0),1,,13,[CUDA memset]
2130272530,3616,66850,,,,,,,,,,0.031,8654.846,Pinned,Device,NVIDIA A100-SXM4-40GB MIG 4g.20gb (0),1,,13,[CUDA memcpy Host-to-Device]
2130278962,9504,66851,,,,,,,,,,0.197,20686.701,Pinned,Device,NVIDIA A100-SXM4-40GB MIG 4g.20gb (0),1,,13,[CUDA memcpy Host-to-Device]
2130294001,6304,66852,273,1,1,8,4,1,39,0.002,0.000,,,,,NVIDIA A100-SXM4-40GB MIG 4g.20gb (0),1,,13,"void channel_eq::eqMmseCoefCompLowMimoKernel<float, float, float, (unsigned int)4, (unsigned int)1, (unsigned int)4>(const channel_eq::_puschRxChEqStatDescr *, channel_eq::_puschRxChEqCoefCompDynDescr)"
2130302193,6400,66853,273,1,1,12,11,1,51,0.002,0.000,,,,,NVIDIA A100-SXM4-40GB MIG 4g.20gb (0),1,,13,"void channel_eq::eqMmseSoftDemapKernel<float, __half, __half, float, (unsigned int)4, (unsigned short)16383>(channel_eq::_puschRxChEqStatDescr *, channel_eq::_puschRxChEqSoftDemapDynDescr)"
2130309617,282205,66854,1,1,1,32,32,1,30,0.000,0.000,,,,,NVIDIA A100-SXM4-40GB MIG 4g.20gb (0),1,,13,"void convert_kernel<float2, __half2>(tensor_layout_any, T1 *, tensor_layout_any, const T2 *)"
2130592846,10848,66866,2253,1,1,128,1,1,16,0.000,0.000,,,,,NVIDIA A100-SXM4-40GB MIG 4g.20gb (0),1,,13,cupy_copy__float16_float16
2130607246,2688,66875,282,1,1,128,1,1,16,0.000,0.000,,,,,NVIDIA A100-SXM4-40GB MIG 4g.20gb (0),1,,13,cupy_copy__complex64_complex64
2130612526,2111,66884,26,1,1,128,1,1,16,0.000,0.000,,,,,NVIDIA A100-SXM4-40GB MIG 4g.20gb (0),1,,13,cupy_copy__float32_float32
2130616461,3968,66893,103,1,1,128,1,1,16,0.000,0.000,,,,,NVIDIA A100-SXM4-40GB MIG 4g.20gb (0),1,,13,cupy_copy__complex64_complex64
2130621453,12128,66903,1434,1,1,128,1,1,16,0.000,0.000,,,,,NVIDIA A100-SXM4-40GB MIG 4g.20gb (0),1,,13,cupy_copy__complex64_complex64
2130647469,83039,66908,1,1,1,32,32,1,30,0.000,0.000,,,,,NVIDIA A100-SXM4-40GB MIG 4g.20gb (0),1,,13,"void convert_kernel<__half2, float2>(tensor_layout_any, T1 *, tensor_layout_any, const T2 *)"
2130757388,5440,66911,,,,,,,,,,0.094,17223.480,Pinned,Device,NVIDIA A100-SXM4-40GB MIG 4g.20gb (0),1,,13,[CUDA memcpy Host-to-Device]
2130768300,599544,66912,,,,,,,,,,456.561,761087.920,Device,,NVIDIA A100-SXM4-40GB MIG 4g.20gb (0),1,,13,[CUDA memset]
2131372964,128479,66917,,,,,,,,,,1.235,9611.569,Pinned,Device,NVIDIA A100-SXM4-40GB MIG 4g.20gb (0),1,,13,[CUDA memcpy Host-to-Device]
2131509858,33280,66918,,,,,,,,,,0.197,5907.677,Pinned,Device,NVIDIA A100-SXM4-40GB MIG 4g.20gb (0),1,,13,[CUDA memcpy Host-to-Device]
2131565058,8480,66919,69,4,1,48,1,1,76,0.002,0.000,,,,,NVIDIA A100-SXM4-40GB MIG 4g.20gb (0),1,,13,"void ch_est::windowedChEstPreNoDftSOfdmKernel<float, __half, float, (unsigned int)2, (unsigned int)1, (unsigned short)4>(ch_est::puschRxChEstStatDescr_t *, ch_est::puschRxChEstDynDescr_t *)"
2131580610,6751,66920,137,2,1,24,2,1,44,0.001,0.001,,,,,NVIDIA A100-SXM4-40GB MIG 4g.20gb (0),1,,13,"void ch_est::chEstFilterNoDftSOfdmDispatchKernel<float, __half, float, (unsigned int)2>(ch_est::puschRxChEstStatDescr_t *, ch_est::puschRxChEstDynDescr_t *)"
2131595105,4704,66921,137,2,1,24,2,1,44,0.001,0.001,,,,,NVIDIA A100-SXM4-40GB MIG 4g.20gb (0),1,,13,"void ch_est::chEstFilterNoDftSOfdmDispatchKernel<float, __half, float, (unsigned int)2>(ch_est::puschRxChEstStatDescr_t *, ch_est::puschRxChEstDynDescr_t *)"
2131609249,2496,66932,103,1,1,128,1,1,16,0.000,0.000,,,,,NVIDIA A100-SXM4-40GB MIG 4g.20gb (0),1,,13,cupy_copy__complex64_complex64
2131626689,12416,66942,1434,1,1,128,1,1,16,0.000,0.000,,,,,NVIDIA A100-SXM4-40GB MIG 4g.20gb (0),1,,13,cupy_copy__complex64_complex64
2131664001,2687,66949,103,1,1,128,1,1,16,0.000,0.000,,,,,NVIDIA A100-SXM4-40GB MIG 4g.20gb (0),1,,13,cupy_copy__complex64_complex64
2131679584,84479,66956,1,1,1,32,32,1,30,0.000,0.000,,,,,NVIDIA A100-SXM4-40GB MIG 4g.20gb (0),1,,13,"void convert_kernel<__half2, float2>(tensor_layout_any, T1 *, tensor_layout_any, const T2 *)"
2131795711,31743,66959,,,,,,,,,,0.094,2951.705,Pinned,Device,NVIDIA A100-SXM4-40GB MIG 4g.20gb (0),1,,13,[CUDA memcpy Host-to-Device]
2131848414,46944,66960,,,,,,,,,,35.810,762787.106,Device,,NVIDIA A100-SXM4-40GB MIG 4g.20gb (0),1,,13,[CUDA memset]
2131903582,11231,66962,,,,,,,,,,0.000,7.123,Pinned,Device,NVIDIA A100-SXM4-40GB MIG 4g.20gb (0),1,,13,[CUDA memcpy Host-to-Device]
2131925053,35488,66963,,,,,,,,,,0.197,5540.020,Pinned,Device,NVIDIA A100-SXM4-40GB MIG 4g.20gb (0),1,,13,[CUDA memcpy Host-to-Device]
2131982365,10175,66964,273,1,1,48,1,1,40,0.000,0.001,,,,,NVIDIA A100-SXM4-40GB MIG 4g.20gb (0),1,,13,"void pusch_noise_intf_est::noiseIntfEstNoDftSOfdmKernel<float, __half, float, float, (unsigned int)2, (unsigned int)1, (unsigned char)4, (unsigned char)4>(pusch_noise_intf_est::puschRxNoiseIntfEstDynDescr)"
2131998908,2752,66975,35,1,1,128,1,1,16,0.000,0.000,,,,,NVIDIA A100-SXM4-40GB MIG 4g.20gb (0),1,,13,cupy_copy__complex64_complex64
2132015548,1728,66984,1,1,1,1,1,1,18,0.000,0.000,,,,,NVIDIA A100-SXM4-40GB MIG 4g.20gb (0),1,,13,cupy_copy__float32_float32
2132021148,6496,66990,,,,,,,,,,0.000,0.616,Device,Pageable,NVIDIA A100-SXM4-40GB MIG 4g.20gb (0),1,,7,[CUDA memcpy Device-to-Host]
2132119131,12960,67001,1434,1,1,128,1,1,16,0.000,0.000,,,,,NVIDIA A100-SXM4-40GB MIG 4g.20gb (0),1,,13,cupy_copy__complex64_complex64
2132139611,2720,67008,103,1,1,128,1,1,16,0.000,0.000,,,,,NVIDIA A100-SXM4-40GB MIG 4g.20gb (0),1,,13,cupy_copy__complex64_complex64
2132171514,2496,67015,35,1,1,128,1,1,16,0.000,0.000,,,,,NVIDIA A100-SXM4-40GB MIG 4g.20gb (0),1,,13,cupy_copy__complex64_complex64
2132182202,1760,67022,1,1,1,1,1,1,18,0.000,0.000,,,,,NVIDIA A100-SXM4-40GB MIG 4g.20gb (0),1,,13,cupy_copy__float32_float32
2132307865,87454,67033,1,1,1,32,32,1,30,0.000,0.000,,,,,NVIDIA A100-SXM4-40GB MIG 4g.20gb (0),1,,13,"void convert_kernel<__half2, float2>(tensor_layout_any, T1 *, tensor_layout_any, const T2 *)"
2132424375,13632,67036,,,,,,,,,,0.094,6873.164,Pinned,Device,NVIDIA A100-SXM4-40GB MIG 4g.20gb (0),1,,13,[CUDA memcpy Host-to-Device]
2132443319,3488,67037,,,,,,,,,,1.547,443412.461,Device,,NVIDIA A100-SXM4-40GB MIG 4g.20gb (0),1,,13,[CUDA memset]
2132448663,7584,67042,,,,,,,,,,0.031,4126.565,Pinned,Device,NVIDIA A100-SXM4-40GB MIG 4g.20gb (0),1,,13,[CUDA memcpy Host-to-Device]
2132459383,16063,67043,,,,,,,,,,0.197,12239.634,Pinned,Device,NVIDIA A100-SXM4-40GB MIG 4g.20gb (0),1,,13,[CUDA memcpy Host-to-Device]
2132486262,8512,67044,273,1,1,8,4,1,39,0.002,0.000,,,,,NVIDIA A100-SXM4-40GB MIG 4g.20gb (0),1,,13,"void channel_eq::eqMmseCoefCompLowMimoKernel<float, float, float, (unsigned int)4, (unsigned int)1, (unsigned int)4>(const channel_eq::_puschRxChEqStatDescr *, channel_eq::_puschRxChEqCoefCompDynDescr)"
2132497974,5792,67045,273,1,1,12,11,1,51,0.002,0.000,,,,,NVIDIA A100-SXM4-40GB MIG 4g.20gb (0),1,,13,"void channel_eq::eqMmseSoftDemapKernel<float, __half, __half, float, (unsigned int)4, (unsigned short)16383>(channel_eq::_puschRxChEqStatDescr *, channel_eq::_puschRxChEqSoftDemapDynDescr)"
2132509494,282493,67046,1,1,1,32,32,1,30,0.000,0.000,,,,,NVIDIA A100-SXM4-40GB MIG 4g.20gb (0),1,,13,"void convert_kernel<float2, __half2>(tensor_layout_any, T1 *, tensor_layout_any, const T2 *)"
2132794227,10943,67058,2253,1,1,128,1,1,16,0.000,0.000,,,,,NVIDIA A100-SXM4-40GB MIG 4g.20gb (0),1,,13,cupy_copy__float16_float16
2132809682,2624,67067,282,1,1,128,1,1,16,0.000,0.000,,,,,NVIDIA A100-SXM4-40GB MIG 4g.20gb (0),1,,13,cupy_copy__complex64_complex64
2132815058,2336,67076,26,1,1,128,1,1,16,0.000,0.000,,,,,NVIDIA A100-SXM4-40GB MIG 4g.20gb (0),1,,13,cupy_copy__float32_float32
2132818482,2976,67085,103,1,1,128,1,1,16,0.000,0.000,,,,,NVIDIA A100-SXM4-40GB MIG 4g.20gb (0),1,,13,cupy_copy__complex64_complex64
2132822546,12064,67095,1434,1,1,128,1,1,16,0.000,0.000,,,,,NVIDIA A100-SXM4-40GB MIG 4g.20gb (0),1,,13,cupy_copy__complex64_complex64
2132837106,82463,67100,1,1,1,32,32,1,30,0.000,0.000,,,,,NVIDIA A100-SXM4-40GB MIG 4g.20gb (0),1,,13,"void convert_kernel<__half2, float2>(tensor_layout_any, T1 *, tensor_layout_any, const T2 *)"
2132947345,5408,67103,,,,,,,,,,0.094,17325.421,Pinned,Device,NVIDIA A100-SXM4-40GB MIG 4g.20gb (0),1,,13,[CUDA memcpy Host-to-Device]
2132956881,597880,67104,,,,,,,,,,456.561,763370.728,Device,,NVIDIA A100-SXM4-40GB MIG 4g.20gb (0),1,,13,[CUDA memset]
2133558025,79519,67109,,,,,,,,,,1.235,15529.421,Pinned,Device,NVIDIA A100-SXM4-40GB MIG 4g.20gb (0),1,,13,[CUDA memcpy Host-to-Device]
2133645160,17184,67110,,,,,,,,,,0.197,11441.209,Pinned,Device,NVIDIA A100-SXM4-40GB MIG 4g.20gb (0),1,,13,[CUDA memcpy Host-to-Device]
2133671848,8032,67111,69,4,1,48,1,1,76,0.002,0.000,,,,,NVIDIA A100-SXM4-40GB MIG 4g.20gb (0),1,,13,"void ch_est::windowedChEstPreNoDftSOfdmKernel<float, __half, float, (unsigned int)2, (unsigned int)1, (unsigned short)4>(ch_est::puschRxChEstStatDescr_t *, ch_est::puschRxChEstDynDescr_t *)"
2133688615,6400,67112,137,2,1,24,2,1,44,0.001,0.001,,,,,NVIDIA A100-SXM4-40GB MIG 4g.20gb (0),1,,13,"void ch_est::chEstFilterNoDftSOfdmDispatchKernel<float, __half, float, (unsigned int)2>(ch_est::puschRxChEstStatDescr_t *, ch_est::puschRxChEstDynDescr_t *)"
2133703175,6272,67113,137,2,1,24,2,1,44,0.001,0.001,,,,,NVIDIA A100-SXM4-40GB MIG 4g.20gb (0),1,,13,"void ch_est::chEstFilterNoDftSOfdmDispatchKernel<float, __half, float, (unsigned int)2>(ch_est::puschRxChEstStatDescr_t *, ch_est::puschRxChEstDynDescr_t *)"
2133710855,3168,67124,103,1,1,128,1,1,16,0.000,0.000,,,,,NVIDIA A100-SXM4-40GB MIG 4g.20gb (0),1,,13,cupy_copy__complex64_complex64
2133718503,12928,67134,1434,1,1,128,1,1,16,0.000,0.000,,,,,NVIDIA A100-SXM4-40GB MIG 4g.20gb (0),1,,13,cupy_copy__complex64_complex64
2133734887,3040,67141,103,1,1,128,1,1,16,0.000,0.000,,,,,NVIDIA A100-SXM4-40GB MIG 4g.20gb (0),1,,13,cupy_copy__complex64_complex64
2133743943,92255,67148,1,1,1,32,32,1,30,0.000,0.000,,,,,NVIDIA A100-SXM4-40GB MIG 4g.20gb (0),1,,13,"void convert_kernel<__half2, float2>(tensor_layout_any, T1 *, tensor_layout_any, const T2 *)"
2133863781,5952,67151,,,,,,,,,,0.094,15741.865,Pinned,Device,NVIDIA A100-SXM4-40GB MIG 4g.20gb (0),1,,13,[CUDA memcpy Host-to-Device]
2133875429,47168,67152,,,,,,,,,,35.810,759170.304,Device,,NVIDIA A100-SXM4-40GB MIG 4g.20gb (0),1,,13,[CUDA memset]
2133928837,5023,67154,,,,,,,,,,0.000,15.927,Pinned,Device,NVIDIA A100-SXM4-40GB MIG 4g.20gb (0),1,,13,[CUDA memcpy Host-to-Device]
2133938244,12320,67155,,,,,,,,,,0.197,15958.278,Pinned,Device,NVIDIA A100-SXM4-40GB MIG 4g.20gb (0),1,,13,[CUDA memcpy Host-to-Device]
2133958916,9600,67156,273,1,1,48,1,1,40,0.000,0.001,,,,,NVIDIA A100-SXM4-40GB MIG 4g.20gb (0),1,,13,"void pusch_noise_intf_est::noiseIntfEstNoDftSOfdmKernel<float, __half, float, float, (unsigned int)2, (unsigned int)1, (unsigned char)4, (unsigned char)4>(pusch_noise_intf_est::puschRxNoiseIntfEstDynDescr)"
2133972548,3008,67167,35,1,1,128,1,1,16,0.000,0.000,,,,,NVIDIA A100-SXM4-40GB MIG 4g.20gb (0),1,,13,cupy_copy__complex64_complex64
2133984900,1984,67176,1,1,1,1,1,1,18,0.000,0.000,,,,,NVIDIA A100-SXM4-40GB MIG 4g.20gb (0),1,,13,cupy_copy__float32_float32
2134017763,1632,67182,,,,,,,,,,0.000,2.451,Device,Pageable,NVIDIA A100-SXM4-40GB MIG 4g.20gb (0),1,,7,[CUDA memcpy Device-to-Host]
2134077027,12896,67193,1434,1,1,128,1,1,16,0.000,0.000,,,,,NVIDIA A100-SXM4-40GB MIG 4g.20gb (0),1,,13,cupy_copy__complex64_complex64
2134104194,3424,67200,103,1,1,128,1,1,16,0.000,0.000,,,,,NVIDIA A100-SXM4-40GB MIG 4g.20gb (0),1,,13,cupy_copy__complex64_complex64
2134125090,2304,67207,35,1,1,128,1,1,16,0.000,0.000,,,,,NVIDIA A100-SXM4-40GB MIG 4g.20gb (0),1,,13,cupy_copy__complex64_complex64
2134141026,2080,67214,1,1,1,1,1,1,18,0.000,0.000,,,,,NVIDIA A100-SXM4-40GB MIG 4g.20gb (0),1,,13,cupy_copy__float32_float32
2134273408,81727,67225,1,1,1,32,32,1,30,0.000,0.000,,,,,NVIDIA A100-SXM4-40GB MIG 4g.20gb (0),1,,13,"void convert_kernel<__half2, float2>(tensor_layout_any, T1 *, tensor_layout_any, const T2 *)"
2134382207,5984,67228,,,,,,,,,,0.094,15657.726,Pinned,Device,NVIDIA A100-SXM4-40GB MIG 4g.20gb (0),1,,13,[CUDA memcpy Host-to-Device]
2134397567,3328,67229,,,,,,,,,,1.547,464729.580,Device,,NVIDIA A100-SXM4-40GB MIG 4g.20gb (0),1,,13,[CUDA memset]
2134403487,3360,67234,,,,,,,,,,0.031,9314.284,Pinned,Device,NVIDIA A100-SXM4-40GB MIG 4g.20gb (0),1,,13,[CUDA memcpy Host-to-Device]
2134409567,9631,67235,,,,,,,,,,0.197,20414.005,Pinned,Device,NVIDIA A100-SXM4-40GB MIG 4g.20gb (0),1,,13,[CUDA memcpy Host-to-Device]
2134425278,6496,67236,273,1,1,8,4,1,39,0.002,0.000,,,,,NVIDIA A100-SXM4-40GB MIG 4g.20gb (0),1,,13,"void channel_eq::eqMmseCoefCompLowMimoKernel<float, float, float, (unsigned int)4, (unsigned int)1, (unsigned int)4>(const channel_eq::_puschRxChEqStatDescr *, channel_eq::_puschRxChEqCoefCompDynDescr)"
2134433502,5728,67237,273,1,1,12,11,1,51,0.002,0.000,,,,,NVIDIA A100-SXM4-40GB MIG 4g.20gb (0),1,,13,"void channel_eq::eqMmseSoftDemapKernel<float, __half, __half, float, (unsigned int)4, (unsigned short)16383>(channel_eq::_puschRxChEqStatDescr *, channel_eq::_puschRxChEqSoftDemapDynDescr)"
2134441022,282205,67238,1,1,1,32,32,1,30,0.000,0.000,,,,,NVIDIA A100-SXM4-40GB MIG 4g.20gb (0),1,,13,"void convert_kernel<float2, __half2>(tensor_layout_any, T1 *, tensor_layout_any, const T2 *)"
2134724315,10944,67250,2253,1,1,128,1,1,16,0.000,0.000,,,,,NVIDIA A100-SXM4-40GB MIG 4g.20gb (0),1,,13,cupy_copy__float16_float16
2134737115,3135,67259,282,1,1,128,1,1,16,0.000,0.000,,,,,NVIDIA A100-SXM4-40GB MIG 4g.20gb (0),1,,13,cupy_copy__complex64_complex64
2134742522,2272,67268,26,1,1,128,1,1,16,0.000,0.000,,,,,NVIDIA A100-SXM4-40GB MIG 4g.20gb (0),1,,13,cupy_copy__float32_float32
2134746650,3072,67277,103,1,1,128,1,1,16,0.000,0.000,,,,,NVIDIA A100-SXM4-40GB MIG 4g.20gb (0),1,,13,cupy_copy__complex64_complex64
2134751834,12000,67287,1434,1,1,128,1,1,16,0.000,0.000,,,,,NVIDIA A100-SXM4-40GB MIG 4g.20gb (0),1,,13,cupy_copy__complex64_complex64
2134773082,86431,67292,1,1,1,32,32,1,30,0.000,0.000,,,,,NVIDIA A100-SXM4-40GB MIG 4g.20gb (0),1,,13,"void convert_kernel<__half2, float2>(tensor_layout_any, T1 *, tensor_layout_any, const T2 *)"
2134886457,5376,67295,,,,,,,,,,0.094,17428.487,Pinned,Device,NVIDIA A100-SXM4-40GB MIG 4g.20gb (0),1,,13,[CUDA memcpy Host-to-Device]
2134897337,597272,67296,,,,,,,,,,456.561,764283.851,Device,,NVIDIA A100-SXM4-40GB MIG 4g.20gb (0),1,,13,[CUDA memset]
2135502001,146558,67301,,,,,,,,,,1.235,8426.023,Pinned,Device,NVIDIA A100-SXM4-40GB MIG 4g.20gb (0),1,,13,[CUDA memcpy Host-to-Device]
2135661487,36288,67302,,,,,,,,,,0.197,5417.927,Pinned,Device,NVIDIA A100-SXM4-40GB MIG 4g.20gb (0),1,,13,[CUDA memcpy Host-to-Device]
2135720558,8000,67303,69,4,1,48,1,1,76,0.002,0.000,,,,,NVIDIA A100-SXM4-40GB MIG 4g.20gb (0),1,,13,"void ch_est::windowedChEstPreNoDftSOfdmKernel<float, __half, float, (unsigned int)2, (unsigned int)1, (unsigned short)4>(ch_est::puschRxChEstStatDescr_t *, ch_est::puschRxChEstDynDescr_t *)"
2135732014,7040,67304,137,2,1,24,2,1,44,0.001,0.001,,,,,NVIDIA A100-SXM4-40GB MIG 4g.20gb (0),1,,13,"void ch_est::chEstFilterNoDftSOfdmDispatchKernel<float, __half, float, (unsigned int)2>(ch_est::puschRxChEstStatDescr_t *, ch_est::puschRxChEstDynDescr_t *)"
2135744846,5280,67305,137,2,1,24,2,1,44,0.001,0.001,,,,,NVIDIA A100-SXM4-40GB MIG 4g.20gb (0),1,,13,"void ch_est::chEstFilterNoDftSOfdmDispatchKernel<float, __half, float, (unsigned int)2>(ch_est::puschRxChEstStatDescr_t *, ch_est::puschRxChEstDynDescr_t *)"
2135752910,2720,67316,103,1,1,128,1,1,16,0.000,0.000,,,,,NVIDIA A100-SXM4-40GB MIG 4g.20gb (0),1,,13,cupy_copy__complex64_complex64
2135762478,12544,67326,1434,1,1,128,1,1,16,0.000,0.000,,,,,NVIDIA A100-SXM4-40GB MIG 4g.20gb (0),1,,13,cupy_copy__complex64_complex64
2135779246,2560,67333,103,1,1,128,1,1,16,0.000,0.000,,,,,NVIDIA A100-SXM4-40GB MIG 4g.20gb (0),1,,13,cupy_copy__complex64_complex64
2135789262,88222,67340,1,1,1,32,32,1,30,0.000,0.000,,,,,NVIDIA A100-SXM4-40GB MIG 4g.20gb (0),1,,13,"void convert_kernel<__half2, float2>(tensor_layout_any, T1 *, tensor_layout_any, const T2 *)"
2135904684,13152,67343,,,,,,,,,,0.094,7124.082,Pinned,Device,NVIDIA A100-SXM4-40GB MIG 4g.20gb (0),1,,13,[CUDA memcpy Host-to-Device]
2135931052,46175,67344,,,,,,,,,,35.810,775499.628,Device,,NVIDIA A100-SXM4-40GB MIG 4g.20gb (0),1,,13,[CUDA memset]
2135978411,4480,67346,,,,,,,,,,0.000,17.857,Pinned,Device,NVIDIA A100-SXM4-40GB MIG 4g.20gb (0),1,,13,[CUDA memcpy Host-to-Device]
2135990347,19776,67347,,,,,,,,,,0.197,9941.680,Pinned,Device,NVIDIA A100-SXM4-40GB MIG 4g.20gb (0),1,,13,[CUDA memcpy Host-to-Device]
2136025867,9631,67348,273,1,1,48,1,1,40,0.000,0.001,,,,,NVIDIA A100-SXM4-40GB MIG 4g.20gb (0),1,,13,"void pusch_noise_intf_est::noiseIntfEstNoDftSOfdmKernel<float, __half, float, float, (unsigned int)2, (unsigned int)1, (unsigned char)4, (unsigned char)4>(pusch_noise_intf_est::puschRxNoiseIntfEstDynDescr)"
2136042730,3360,67359,35,1,1,128,1,1,16,0.000,0.000,,,,,NVIDIA A100-SXM4-40GB MIG 4g.20gb (0),1,,13,cupy_copy__complex64_complex64
2136054378,1696,67368,1,1,1,1,1,1,18,0.000,0.000,,,,,NVIDIA A100-SXM4-40GB MIG 4g.20gb (0),1,,13,cupy_copy__float32_float32
2136061130,5888,67374,,,,,,,,,,0.000,0.679,Device,Pageable,NVIDIA A100-SXM4-40GB MIG 4g.20gb (0),1,,7,[CUDA memcpy Device-to-Host]
2136131465,13088,67385,1434,1,1,128,1,1,16,0.000,0.000,,,,,NVIDIA A100-SXM4-40GB MIG 4g.20gb (0),1,,13,cupy_copy__complex64_complex64
2136157929,3072,67392,103,1,1,128,1,1,16,0.000,0.000,,,,,NVIDIA A100-SXM4-40GB MIG 4g.20gb (0),1,,13,cupy_copy__complex64_complex64
2136177993,2656,67399,35,1,1,128,1,1,16,0.000,0.000,,,,,NVIDIA A100-SXM4-40GB MIG 4g.20gb (0),1,,13,cupy_copy__complex64_complex64
2136197000,1760,67406,1,1,1,1,1,1,18,0.000,0.000,,,,,NVIDIA A100-SXM4-40GB MIG 4g.20gb (0),1,,13,cupy_copy__float32_float32
2136328455,82559,67417,1,1,1,32,32,1,30,0.000,0.000,,,,,NVIDIA A100-SXM4-40GB MIG 4g.20gb (0),1,,13,"void convert_kernel<__half2, float2>(tensor_layout_any, T1 *, tensor_layout_any, const T2 *)"
2136438533,5696,67420,,,,,,,,,,0.094,16449.363,Pinned,Device,NVIDIA A100-SXM4-40GB MIG 4g.20gb (0),1,,13,[CUDA memcpy Host-to-Device]
2136452709,3360,67421,,,,,,,,,,1.547,460304.688,Device,,NVIDIA A100-SXM4-40GB MIG 4g.20gb (0),1,,13,[CUDA memset]
2136460997,3488,67426,,,,,,,,,,0.031,8972.469,Pinned,Device,NVIDIA A100-SXM4-40GB MIG 4g.20gb (0),1,,13,[CUDA memcpy Host-to-Device]
2136466949,9440,67427,,,,,,,,,,0.197,20827.079,Pinned,Device,NVIDIA A100-SXM4-40GB MIG 4g.20gb (0),1,,13,[CUDA memcpy Host-to-Device]
2136482373,7872,67428,273,1,1,8,4,1,39,0.002,0.000,,,,,NVIDIA A100-SXM4-40GB MIG 4g.20gb (0),1,,13,"void channel_eq::eqMmseCoefCompLowMimoKernel<float, float, float, (unsigned int)4, (unsigned int)1, (unsigned int)4>(const channel_eq::_puschRxChEqStatDescr *, channel_eq::_puschRxChEqCoefCompDynDescr)"
2136492485,6112,67429,273,1,1,12,11,1,51,0.002,0.000,,,,,NVIDIA A100-SXM4-40GB MIG 4g.20gb (0),1,,13,"void channel_eq::eqMmseSoftDemapKernel<float, __half, __half, float, (unsigned int)4, (unsigned short)16383>(channel_eq::_puschRxChEqStatDescr *, channel_eq::_puschRxChEqSoftDemapDynDescr)"
2136499589,282172,67430,1,1,1,32,32,1,30,0.000,0.000,,,,,NVIDIA A100-SXM4-40GB MIG 4g.20gb (0),1,,13,"void convert_kernel<float2, __half2>(tensor_layout_any, T1 *, tensor_layout_any, const T2 *)"
2136783297,10944,67442,2253,1,1,128,1,1,16,0.000,0.000,,,,,NVIDIA A100-SXM4-40GB MIG 4g.20gb (0),1,,13,cupy_copy__float16_float16
2136798849,3616,67451,282,1,1,128,1,1,16,0.000,0.000,,,,,NVIDIA A100-SXM4-40GB MIG 4g.20gb (0),1,,13,cupy_copy__complex64_complex64
2136804737,2240,67460,26,1,1,128,1,1,16,0.000,0.000,,,,,NVIDIA A100-SXM4-40GB MIG 4g.20gb (0),1,,13,cupy_copy__float32_float32
2136808577,3392,67469,103,1,1,128,1,1,16,0.000,0.000,,,,,NVIDIA A100-SXM4-40GB MIG 4g.20gb (0),1,,13,cupy_copy__complex64_complex64
2136813057,11808,67479,1434,1,1,128,1,1,16,0.000,0.000,,,,,NVIDIA A100-SXM4-40GB MIG 4g.20gb (0),1,,13,cupy_copy__complex64_complex64
2136829921,82879,67484,1,1,1,32,32,1,30,0.000,0.000,,,,,NVIDIA A100-SXM4-40GB MIG 4g.20gb (0),1,,13,"void convert_kernel<__half2, float2>(tensor_layout_any, T1 *, tensor_layout_any, const T2 *)"
2136940479,5440,67487,,,,,,,,,,0.094,17223.480,Pinned,Device,NVIDIA A100-SXM4-40GB MIG 4g.20gb (0),1,,13,[CUDA memcpy Host-to-Device]
2136950463,597209,67488,,,,,,,,,,456.561,764283.851,Device,,NVIDIA A100-SXM4-40GB MIG 4g.20gb (0),1,,13,[CUDA memset]
2137550520,139582,67493,,,,,,,,,,1.235,8847.139,Pinned,Device,NVIDIA A100-SXM4-40GB MIG 4g.20gb (0),1,,13,[CUDA memcpy Host-to-Device]
2137702966,40895,67494,,,,,,,,,,0.197,4807.459,Pinned,Device,NVIDIA A100-SXM4-40GB MIG 4g.20gb (0),1,,13,[CUDA memcpy Host-to-Device]
2137765269,8192,67495,69,4,1,48,1,1,76,0.002,0.000,,,,,NVIDIA A100-SXM4-40GB MIG 4g.20gb (0),1,,13,"void ch_est::windowedChEstPreNoDftSOfdmKernel<float, __half, float, (unsigned int)2, (unsigned int)1, (unsigned short)4>(ch_est::puschRxChEstStatDescr_t *, ch_est::puschRxChEstDynDescr_t *)"
2137784693,6560,67496,137,2,1,24,2,1,44,0.001,0.001,,,,,NVIDIA A100-SXM4-40GB MIG 4g.20gb (0),1,,13,"void ch_est::chEstFilterNoDftSOfdmDispatchKernel<float, __half, float, (unsigned int)2>(ch_est::puschRxChEstStatDescr_t *, ch_est::puschRxChEstDynDescr_t *)"
2137801653,4736,67497,137,2,1,24,2,1,44,0.001,0.001,,,,,NVIDIA A100-SXM4-40GB MIG 4g.20gb (0),1,,13,"void ch_est::chEstFilterNoDftSOfdmDispatchKernel<float, __half, float, (unsigned int)2>(ch_est::puschRxChEstStatDescr_t *, ch_est::puschRxChEstDynDescr_t *)"
2137821044,2592,67508,103,1,1,128,1,1,16,0.000,0.000,,,,,NVIDIA A100-SXM4-40GB MIG 4g.20gb (0),1,,13,cupy_copy__complex64_complex64
2137837684,12576,67518,1434,1,1,128,1,1,16,0.000,0.000,,,,,NVIDIA A100-SXM4-40GB MIG 4g.20gb (0),1,,13,cupy_copy__complex64_complex64
2137856724,2912,67525,103,1,1,128,1,1,16,0.000,0.000,,,,,NVIDIA A100-SXM4-40GB MIG 4g.20gb (0),1,,13,cupy_copy__complex64_complex64
2137878996,89087,67532,1,1,1,32,32,1,30,0.000,0.000,,,,,NVIDIA A100-SXM4-40GB MIG 4g.20gb (0),1,,13,"void convert_kernel<__half2, float2>(tensor_layout_any, T1 *, tensor_layout_any, const T2 *)"
2138001266,16960,67535,,,,,,,,,,0.094,5524.504,Pinned,Device,NVIDIA A100-SXM4-40GB MIG 4g.20gb (0),1,,13,[CUDA memcpy Host-to-Device]
2138029746,47167,67536,,,,,,,,,,35.810,759206.114,Device,,NVIDIA A100-SXM4-40GB MIG 4g.20gb (0),1,,13,[CUDA memset]
2138078129,6272,67538,,,,,,,,,,0.000,12.755,Pinned,Device,NVIDIA A100-SXM4-40GB MIG 4g.20gb (0),1,,13,[CUDA memcpy Host-to-Device]
2138088305,19168,67539,,,,,,,,,,0.197,10257.039,Pinned,Device,NVIDIA A100-SXM4-40GB MIG 4g.20gb (0),1,,13,[CUDA memcpy Host-to-Device]
2138116657,12416,67540,273,1,1,48,1,1,40,0.000,0.001,,,,,NVIDIA A100-SXM4-40GB MIG 4g.20gb (0),1,,13,"void pusch_noise_intf_est::noiseIntfEstNoDftSOfdmKernel<float, __half, float, float, (unsigned int)2, (unsigned int)1, (unsigned char)4, (unsigned char)4>(pusch_noise_intf_est::puschRxNoiseIntfEstDynDescr)"
2138131217,2720,67551,35,1,1,128,1,1,16,0.000,0.000,,,,,NVIDIA A100-SXM4-40GB MIG 4g.20gb (0),1,,13,cupy_copy__complex64_complex64
2138139216,2080,67560,1,1,1,1,1,1,18,0.000,0.000,,,,,NVIDIA A100-SXM4-40GB MIG 4g.20gb (0),1,,13,cupy_copy__float32_float32
2138151312,5824,67566,,,,,,,,,,0.000,0.687,Device,Pageable,NVIDIA A100-SXM4-40GB MIG 4g.20gb (0),1,,7,[CUDA memcpy Device-to-Host]
2138224495,12960,67577,1434,1,1,128,1,1,16,0.000,0.000,,,,,NVIDIA A100-SXM4-40GB MIG 4g.20gb (0),1,,13,cupy_copy__complex64_complex64
2138257807,2912,67584,103,1,1,128,1,1,16,0.000,0.000,,,,,NVIDIA A100-SXM4-40GB MIG 4g.20gb (0),1,,13,cupy_copy__complex64_complex64
2138273999,2560,67591,35,1,1,128,1,1,16,0.000,0.000,,,,,NVIDIA A100-SXM4-40GB MIG 4g.20gb (0),1,,13,cupy_copy__complex64_complex64
2138297102,1760,67598,1,1,1,1,1,1,18,0.000,0.000,,,,,NVIDIA A100-SXM4-40GB MIG 4g.20gb (0),1,,13,cupy_copy__float32_float32
2138429261,82847,67609,1,1,1,32,32,1,30,0.000,0.000,,,,,NVIDIA A100-SXM4-40GB MIG 4g.20gb (0),1,,13,"void convert_kernel<__half2, float2>(tensor_layout_any, T1 *, tensor_layout_any, const T2 *)"
2138539212,5631,67612,,,,,,,,,,0.094,16639.285,Pinned,Device,NVIDIA A100-SXM4-40GB MIG 4g.20gb (0),1,,13,[CUDA memcpy Host-to-Device]
2138553803,3360,67613,,,,,,,,,,1.547,460304.688,Device,,NVIDIA A100-SXM4-40GB MIG 4g.20gb (0),1,,13,[CUDA memset]
2138560107,3104,67618,,,,,,,,,,0.031,10082.445,Pinned,Device,NVIDIA A100-SXM4-40GB MIG 4g.20gb (0),1,,13,[CUDA memcpy Host-to-Device]
2138566059,9824,67619,,,,,,,,,,0.197,20012.925,Pinned,Device,NVIDIA A100-SXM4-40GB MIG 4g.20gb (0),1,,13,[CUDA memcpy Host-to-Device]
2138581035,6176,67620,273,1,1,8,4,1,39,0.002,0.000,,,,,NVIDIA A100-SXM4-40GB MIG 4g.20gb (0),1,,13,"void channel_eq::eqMmseCoefCompLowMimoKernel<float, float, float, (unsigned int)4, (unsigned int)1, (unsigned int)4>(const channel_eq::_puschRxChEqStatDescr *, channel_eq::_puschRxChEqCoefCompDynDescr)"
2138588427,6208,67621,273,1,1,12,11,1,51,0.002,0.000,,,,,NVIDIA A100-SXM4-40GB MIG 4g.20gb (0),1,,13,"void channel_eq::eqMmseSoftDemapKernel<float, __half, __half, float, (unsigned int)4, (unsigned short)16383>(channel_eq::_puschRxChEqStatDescr *, channel_eq::_puschRxChEqSoftDemapDynDescr)"
2138595627,281884,67622,1,1,1,32,32,1,30,0.000,0.000,,,,,NVIDIA A100-SXM4-40GB MIG 4g.20gb (0),1,,13,"void convert_kernel<float2, __half2>(tensor_layout_any, T1 *, tensor_layout_any, const T2 *)"
2138879431,10976,67634,2253,1,1,128,1,1,16,0.000,0.000,,,,,NVIDIA A100-SXM4-40GB MIG 4g.20gb (0),1,,13,cupy_copy__float16_float16
2138896551,3136,67643,282,1,1,128,1,1,16,0.000,0.000,,,,,NVIDIA A100-SXM4-40GB MIG 4g.20gb (0),1,,13,cupy_copy__complex64_complex64
2138901767,1984,67652,26,1,1,128,1,1,16,0.000,0.000,,,,,NVIDIA A100-SXM4-40GB MIG 4g.20gb (0),1,,13,cupy_copy__float32_float32
2138905095,3328,67661,103,1,1,128,1,1,16,0.000,0.000,,,,,NVIDIA A100-SXM4-40GB MIG 4g.20gb (0),1,,13,cupy_copy__complex64_complex64
2138909351,11808,67671,1434,1,1,128,1,1,16,0.000,0.000,,,,,NVIDIA A100-SXM4-40GB MIG 4g.20gb (0),1,,13,cupy_copy__complex64_complex64
2138943591,85758,67676,1,1,1,32,32,1,30,0.000,0.000,,,,,NVIDIA A100-SXM4-40GB MIG 4g.20gb (0),1,,13,"void convert_kernel<__half2, float2>(tensor_layout_any, T1 *, tensor_layout_any, const T2 *)"
2139056869,5696,67679,,,,,,,,,,0.094,16449.363,Pinned,Device,NVIDIA A100-SXM4-40GB MIG 4g.20gb (0),1,,13,[CUDA memcpy Host-to-Device]
2139067717,597497,67680,,,,,,,,,,456.561,763827.289,Device,,NVIDIA A100-SXM4-40GB MIG 4g.20gb (0),1,,13,[CUDA memset]
2139672381,125215,67685,,,,,,,,,,1.235,9862.263,Pinned,Device,NVIDIA A100-SXM4-40GB MIG 4g.20gb (0),1,,13,[CUDA memcpy Host-to-Device]
2139811100,45055,67686,,,,,,,,,,0.197,4363.715,Pinned,Device,NVIDIA A100-SXM4-40GB MIG 4g.20gb (0),1,,13,[CUDA memcpy Host-to-Device]
2139880955,8192,67687,69,4,1,48,1,1,76,0.002,0.000,,,,,NVIDIA A100-SXM4-40GB MIG 4g.20gb (0),1,,13,"void ch_est::windowedChEstPreNoDftSOfdmKernel<float, __half, float, (unsigned int)2, (unsigned int)1, (unsigned short)4>(ch_est::puschRxChEstStatDescr_t *, ch_est::puschRxChEstDynDescr_t *)"
2139896411,6944,67688,137,2,1,24,2,1,44,0.001,0.001,,,,,NVIDIA A100-SXM4-40GB MIG 4g.20gb (0),1,,13,"void ch_est::chEstFilterNoDftSOfdmDispatchKernel<float, __half, float, (unsigned int)2>(ch_est::puschRxChEstStatDescr_t *, ch_est::puschRxChEstDynDescr_t *)"
2139910555,4767,67689,137,2,1,24,2,1,44,0.001,0.001,,,,,NVIDIA A100-SXM4-40GB MIG 4g.20gb (0),1,,13,"void ch_est::chEstFilterNoDftSOfdmDispatchKernel<float, __half, float, (unsigned int)2>(ch_est::puschRxChEstStatDescr_t *, ch_est::puschRxChEstDynDescr_t *)"
2139923930,2528,67700,103,1,1,128,1,1,16,0.000,0.000,,,,,NVIDIA A100-SXM4-40GB MIG 4g.20gb (0),1,,13,cupy_copy__complex64_complex64
2139939386,12416,67710,1434,1,1,128,1,1,16,0.000,0.000,,,,,NVIDIA A100-SXM4-40GB MIG 4g.20gb (0),1,,13,cupy_copy__complex64_complex64
2139965370,2592,67717,103,1,1,128,1,1,16,0.000,0.000,,,,,NVIDIA A100-SXM4-40GB MIG 4g.20gb (0),1,,13,cupy_copy__complex64_complex64
2139980282,84415,67724,1,1,1,32,32,1,30,0.000,0.000,,,,,NVIDIA A100-SXM4-40GB MIG 4g.20gb (0),1,,13,"void convert_kernel<__half2, float2>(tensor_layout_any, T1 *, tensor_layout_any, const T2 *)"
2140096024,14976,67727,,,,,,,,,,0.094,6256.363,Pinned,Device,NVIDIA A100-SXM4-40GB MIG 4g.20gb (0),1,,13,[CUDA memcpy Host-to-Device]
2140134008,48095,67728,,,,,,,,,,35.810,744559.857,Device,,NVIDIA A100-SXM4-40GB MIG 4g.20gb (0),1,,13,[CUDA memset]
2140185015,10560,67730,,,,,,,,,,0.000,7.576,Pinned,Device,NVIDIA A100-SXM4-40GB MIG 4g.20gb (0),1,,13,[CUDA memcpy Host-to-Device]
2140203607,20128,67731,,,,,,,,,,0.197,9767.879,Pinned,Device,NVIDIA A100-SXM4-40GB MIG 4g.20gb (0),1,,13,[CUDA memcpy Host-to-Device]
2140253942,9824,67732,273,1,1,48,1,1,40,0.000,0.001,,,,,NVIDIA A100-SXM4-40GB MIG 4g.20gb (0),1,,13,"void pusch_noise_intf_est::noiseIntfEstNoDftSOfdmKernel<float, __half, float, float, (unsigned int)2, (unsigned int)1, (unsigned char)4, (unsigned char)4>(pusch_noise_intf_est::puschRxNoiseIntfEstDynDescr)"
2140270006,2720,67743,35,1,1,128,1,1,16,0.000,0.000,,,,,NVIDIA A100-SXM4-40GB MIG 4g.20gb (0),1,,13,cupy_copy__complex64_complex64
2140286198,1696,67752,1,1,1,1,1,1,18,0.000,0.000,,,,,NVIDIA A100-SXM4-40GB MIG 4g.20gb (0),1,,13,cupy_copy__float32_float32
2140292918,5024,67758,,,,,,,,,,0.000,0.796,Device,Pageable,NVIDIA A100-SXM4-40GB MIG 4g.20gb (0),1,,7,[CUDA memcpy Device-to-Host]
2140394421,12927,67769,1434,1,1,128,1,1,16,0.000,0.000,,,,,NVIDIA A100-SXM4-40GB MIG 4g.20gb (0),1,,13,cupy_copy__complex64_complex64
2140418036,2624,67776,103,1,1,128,1,1,16,0.000,0.000,,,,,NVIDIA A100-SXM4-40GB MIG 4g.20gb (0),1,,13,cupy_copy__complex64_complex64
2140422132,2464,67783,35,1,1,128,1,1,16,0.000,0.000,,,,,NVIDIA A100-SXM4-40GB MIG 4g.20gb (0),1,,13,cupy_copy__complex64_complex64
2140446100,1792,67790,1,1,1,1,1,1,18,0.000,0.000,,,,,NVIDIA A100-SXM4-40GB MIG 4g.20gb (0),1,,13,cupy_copy__float32_float32
2140575282,87935,67801,1,1,1,32,32,1,30,0.000,0.000,,,,,NVIDIA A100-SXM4-40GB MIG 4g.20gb (0),1,,13,"void convert_kernel<__half2, float2>(tensor_layout_any, T1 *, tensor_layout_any, const T2 *)"
2140695281,10208,67804,,,,,,,,,,0.094,9178.648,Pinned,Device,NVIDIA A100-SXM4-40GB MIG 4g.20gb (0),1,,13,[CUDA memcpy Host-to-Device]
2140714257,3392,67805,,,,,,,,,,1.547,455961.768,Device,,NVIDIA A100-SXM4-40GB MIG 4g.20gb (0),1,,13,[CUDA memset]
2140720945,7711,67810,,,,,,,,,,0.031,4058.590,Pinned,Device,NVIDIA A100-SXM4-40GB MIG 4g.20gb (0),1,,13,[CUDA memcpy Host-to-Device]
2140732144,13760,67811,,,,,,,,,,0.197,14288.290,Pinned,Device,NVIDIA A100-SXM4-40GB MIG 4g.20gb (0),1,,13,[CUDA memcpy Host-to-Device]
2140755312,6496,67812,273,1,1,8,4,1,39,0.002,0.000,,,,,NVIDIA A100-SXM4-40GB MIG 4g.20gb (0),1,,13,"void channel_eq::eqMmseCoefCompLowMimoKernel<float, float, float, (unsigned int)4, (unsigned int)1, (unsigned int)4>(const channel_eq::_puschRxChEqStatDescr *, channel_eq::_puschRxChEqCoefCompDynDescr)"
2140764112,5568,67813,273,1,1,12,11,1,51,0.002,0.000,,,,,NVIDIA A100-SXM4-40GB MIG 4g.20gb (0),1,,13,"void channel_eq::eqMmseSoftDemapKernel<float, __half, __half, float, (unsigned int)4, (unsigned short)16383>(channel_eq::_puschRxChEqStatDescr *, channel_eq::_puschRxChEqSoftDemapDynDescr)"
2140772112,289916,67814,1,1,1,32,32,1,30,0.000,0.000,,,,,NVIDIA A100-SXM4-40GB MIG 4g.20gb (0),1,,13,"void convert_kernel<float2, __half2>(tensor_layout_any, T1 *, tensor_layout_any, const T2 *)"
2141063980,10656,67826,2253,1,1,128,1,1,16,0.000,0.000,,,,,NVIDIA A100-SXM4-40GB MIG 4g.20gb (0),1,,13,cupy_copy__float16_float16
2141076268,2944,67835,282,1,1,128,1,1,16,0.000,0.000,,,,,NVIDIA A100-SXM4-40GB MIG 4g.20gb (0),1,,13,cupy_copy__complex64_complex64
2141084588,2080,67844,26,1,1,128,1,1,16,0.000,0.000,,,,,NVIDIA A100-SXM4-40GB MIG 4g.20gb (0),1,,13,cupy_copy__float32_float32
2141090988,3008,67853,103,1,1,128,1,1,16,0.000,0.000,,,,,NVIDIA A100-SXM4-40GB MIG 4g.20gb (0),1,,13,cupy_copy__complex64_complex64
2141096396,11936,67863,1434,1,1,128,1,1,16,0.000,0.000,,,,,NVIDIA A100-SXM4-40GB MIG 4g.20gb (0),1,,13,cupy_copy__complex64_complex64
2141115660,87231,67868,1,1,1,32,32,1,30,0.000,0.000,,,,,NVIDIA A100-SXM4-40GB MIG 4g.20gb (0),1,,13,"void convert_kernel<__half2, float2>(tensor_layout_any, T1 *, tensor_layout_any, const T2 *)"
2141230186,5952,67871,,,,,,,,,,0.094,15741.865,Pinned,Device,NVIDIA A100-SXM4-40GB MIG 4g.20gb (0),1,,13,[CUDA memcpy Host-to-Device]
2141242698,599097,67872,,,,,,,,,,456.561,762001.043,Device,,NVIDIA A100-SXM4-40GB MIG 4g.20gb (0),1,,13,[CUDA memset]
2141846691,83679,67877,,,,,,,,,,1.235,14757.581,Pinned,Device,NVIDIA A100-SXM4-40GB MIG 4g.20gb (0),1,,13,[CUDA memcpy Host-to-Device]
2141937185,16640,67878,,,,,,,,,,0.197,11815.354,Pinned,Device,NVIDIA A100-SXM4-40GB MIG 4g.20gb (0),1,,13,[CUDA memcpy Host-to-Device]
2141962689,7488,67879,69,4,1,48,1,1,76,0.002,0.000,,,,,NVIDIA A100-SXM4-40GB MIG 4g.20gb (0),1,,13,"void ch_est::windowedChEstPreNoDftSOfdmKernel<float, __half, float, (unsigned int)2, (unsigned int)1, (unsigned short)4>(ch_est::puschRxChEstStatDescr_t *, ch_est::puschRxChEstDynDescr_t *)"
2141978433,6720,67880,137,2,1,24,2,1,44,0.001,0.001,,,,,NVIDIA A100-SXM4-40GB MIG 4g.20gb (0),1,,13,"void ch_est::chEstFilterNoDftSOfdmDispatchKernel<float, __half, float, (unsigned int)2>(ch_est::puschRxChEstStatDescr_t *, ch_est::puschRxChEstDynDescr_t *)"
2141993601,5024,67881,137,2,1,24,2,1,44,0.001,0.001,,,,,NVIDIA A100-SXM4-40GB MIG 4g.20gb (0),1,,13,"void ch_est::chEstFilterNoDftSOfdmDispatchKernel<float, __half, float, (unsigned int)2>(ch_est::puschRxChEstStatDescr_t *, ch_est::puschRxChEstDynDescr_t *)"
2142001441,3136,67892,103,1,1,128,1,1,16,0.000,0.000,,,,,NVIDIA A100-SXM4-40GB MIG 4g.20gb (0),1,,13,cupy_copy__complex64_complex64
2142009409,12927,67902,1434,1,1,128,1,1,16,0.000,0.000,,,,,NVIDIA A100-SXM4-40GB MIG 4g.20gb (0),1,,13,cupy_copy__complex64_complex64
2142026624,2720,67909,103,1,1,128,1,1,16,0.000,0.000,,,,,NVIDIA A100-SXM4-40GB MIG 4g.20gb (0),1,,13,cupy_copy__complex64_complex64
2142035328,83423,67916,1,1,1,32,32,1,30,0.000,0.000,,,,,NVIDIA A100-SXM4-40GB MIG 4g.20gb (0),1,,13,"void convert_kernel<__half2, float2>(tensor_layout_any, T1 *, tensor_layout_any, const T2 *)"
2142151295,9696,67919,,,,,,,,,,0.094,9663.337,Pinned,Device,NVIDIA A100-SXM4-40GB MIG 4g.20gb (0),1,,13,[CUDA memcpy Host-to-Device]
2142171167,47743,67920,,,,,,,,,,35.810,750038.774,Device,,NVIDIA A100-SXM4-40GB MIG 4g.20gb (0),1,,13,[CUDA memset]
2142223070,8864,67922,,,,,,,,,,0.000,9.025,Pinned,Device,NVIDIA A100-SXM4-40GB MIG 4g.20gb (0),1,,13,[CUDA memcpy Host-to-Device]
2142237022,19520,67923,,,,,,,,,,0.197,10072.031,Pinned,Device,NVIDIA A100-SXM4-40GB MIG 4g.20gb (0),1,,13,[CUDA memcpy Host-to-Device]
2142275357,9312,67924,273,1,1,48,1,1,40,0.000,0.001,,,,,NVIDIA A100-SXM4-40GB MIG 4g.20gb (0),1,,13,"void pusch_noise_intf_est::noiseIntfEstNoDftSOfdmKernel<float, __half, float, float, (unsigned int)2, (unsigned int)1, (unsigned char)4, (unsigned char)4>(pusch_noise_intf_est::puschRxNoiseIntfEstDynDescr)"
2142292125,2848,67935,35,1,1,128,1,1,16,0.000,0.000,,,,,NVIDIA A100-SXM4-40GB MIG 4g.20gb (0),1,,13,cupy_copy__complex64_complex64
2142300157,2048,67944,1,1,1,1,1,1,18,0.000,0.000,,,,,NVIDIA A100-SXM4-40GB MIG 4g.20gb (0),1,,13,cupy_copy__float32_float32
2142305245,5184,67950,,,,,,,,,,0.000,0.772,Device,Pageable,NVIDIA A100-SXM4-40GB MIG 4g.20gb (0),1,,7,[CUDA memcpy Device-to-Host]
2142373404,12736,67961,1434,1,1,128,1,1,16,0.000,0.000,,,,,NVIDIA A100-SXM4-40GB MIG 4g.20gb (0),1,,13,cupy_copy__complex64_complex64
2142399932,2624,67968,103,1,1,128,1,1,16,0.000,0.000,,,,,NVIDIA A100-SXM4-40GB MIG 4g.20gb (0),1,,13,cupy_copy__complex64_complex64
2142420444,2207,67975,35,1,1,128,1,1,16,0.000,0.000,,,,,NVIDIA A100-SXM4-40GB MIG 4g.20gb (0),1,,13,cupy_copy__complex64_complex64
2142438587,1984,67982,1,1,1,1,1,1,18,0.000,0.000,,,,,NVIDIA A100-SXM4-40GB MIG 4g.20gb (0),1,,13,cupy_copy__float32_float32
2142569210,82783,67993,1,1,1,32,32,1,30,0.000,0.000,,,,,NVIDIA A100-SXM4-40GB MIG 4g.20gb (0),1,,13,"void convert_kernel<__half2, float2>(tensor_layout_any, T1 *, tensor_layout_any, const T2 *)"
2142679480,5632,67996,,,,,,,,,,0.094,16636.287,Pinned,Device,NVIDIA A100-SXM4-40GB MIG 4g.20gb (0),1,,13,[CUDA memcpy Host-to-Device]
2142693976,3392,67997,,,,,,,,,,1.547,455961.768,Device,,NVIDIA A100-SXM4-40GB MIG 4g.20gb (0),1,,13,[CUDA memset]
2142702808,3040,68002,,,,,,,,,,0.031,10294.725,Pinned,Device,NVIDIA A100-SXM4-40GB MIG 4g.20gb (0),1,,13,[CUDA memcpy Host-to-Device]
2142708472,9440,68003,,,,,,,,,,0.197,20827.079,Pinned,Device,NVIDIA A100-SXM4-40GB MIG 4g.20gb (0),1,,13,[CUDA memcpy Host-to-Device]
2142723096,8704,68004,273,1,1,8,4,1,39,0.002,0.000,,,,,NVIDIA A100-SXM4-40GB MIG 4g.20gb (0),1,,13,"void channel_eq::eqMmseCoefCompLowMimoKernel<float, float, float, (unsigned int)4, (unsigned int)1, (unsigned int)4>(const channel_eq::_puschRxChEqStatDescr *, channel_eq::_puschRxChEqCoefCompDynDescr)"
2142732888,5696,68005,273,1,1,12,11,1,51,0.002,0.000,,,,,NVIDIA A100-SXM4-40GB MIG 4g.20gb (0),1,,13,"void channel_eq::eqMmseSoftDemapKernel<float, __half, __half, float, (unsigned int)4, (unsigned short)16383>(channel_eq::_puschRxChEqStatDescr *, channel_eq::_puschRxChEqSoftDemapDynDescr)"
2142740152,282012,68006,1,1,1,32,32,1,30,0.000,0.000,,,,,NVIDIA A100-SXM4-40GB MIG 4g.20gb (0),1,,13,"void convert_kernel<float2, __half2>(tensor_layout_any, T1 *, tensor_layout_any, const T2 *)"
2143023668,11232,68018,2253,1,1,128,1,1,16,0.000,0.000,,,,,NVIDIA A100-SXM4-40GB MIG 4g.20gb (0),1,,13,cupy_copy__float16_float16
2143037620,3648,68027,282,1,1,128,1,1,16,0.000,0.000,,,,,NVIDIA A100-SXM4-40GB MIG 4g.20gb (0),1,,13,cupy_copy__complex64_complex64
2143042836,2144,68036,26,1,1,128,1,1,16,0.000,0.000,,,,,NVIDIA A100-SXM4-40GB MIG 4g.20gb (0),1,,13,cupy_copy__float32_float32
2143046068,4736,68045,103,1,1,128,1,1,16,0.000,0.000,,,,,NVIDIA A100-SXM4-40GB MIG 4g.20gb (0),1,,13,cupy_copy__complex64_complex64
2143052212,12128,68055,1434,1,1,128,1,1,16,0.000,0.000,,,,,NVIDIA A100-SXM4-40GB MIG 4g.20gb (0),1,,13,cupy_copy__complex64_complex64
2143083795,81983,68060,1,1,1,32,32,1,30,0.000,0.000,,,,,NVIDIA A100-SXM4-40GB MIG 4g.20gb (0),1,,13,"void convert_kernel<__half2, float2>(tensor_layout_any, T1 *, tensor_layout_any, const T2 *)"
2143193778,5472,68063,,,,,,,,,,0.094,17122.757,Pinned,Device,NVIDIA A100-SXM4-40GB MIG 4g.20gb (0),1,,13,[CUDA memcpy Host-to-Device]
2143204850,598360,68064,,,,,,,,,,456.561,762914.166,Device,,NVIDIA A100-SXM4-40GB MIG 4g.20gb (0),1,,13,[CUDA memset]
2143805994,128543,68069,,,,,,,,,,1.235,9606.629,Pinned,Device,NVIDIA A100-SXM4-40GB MIG 4g.20gb (0),1,,13,[CUDA memcpy Host-to-Device]
2143947433,40639,68070,,,,,,,,,,0.197,4837.736,Pinned,Device,NVIDIA A100-SXM4-40GB MIG 4g.20gb (0),1,,13,[CUDA memcpy Host-to-Device]
2144016200,8480,68071,69,4,1,48,1,1,76,0.002,0.000,,,,,NVIDIA A100-SXM4-40GB MIG 4g.20gb (0),1,,13,"void ch_est::windowedChEstPreNoDftSOfdmKernel<float, __half, float, (unsigned int)2, (unsigned int)1, (unsigned short)4>(ch_est::puschRxChEstStatDescr_t *, ch_est::puschRxChEstDynDescr_t *)"
2144031080,6592,68072,137,2,1,24,2,1,44,0.001,0.001,,,,,NVIDIA A100-SXM4-40GB MIG 4g.20gb (0),1,,13,"void ch_est::chEstFilterNoDftSOfdmDispatchKernel<float, __half, float, (unsigned int)2>(ch_est::puschRxChEstStatDescr_t *, ch_est::puschRxChEstDynDescr_t *)"
2144046087,5376,68073,137,2,1,24,2,1,44,0.001,0.001,,,,,NVIDIA A100-SXM4-40GB MIG 4g.20gb (0),1,,13,"void ch_est::chEstFilterNoDftSOfdmDispatchKernel<float, __half, float, (unsigned int)2>(ch_est::puschRxChEstStatDescr_t *, ch_est::puschRxChEstDynDescr_t *)"
2144056679,2816,68084,103,1,1,128,1,1,16,0.000,0.000,,,,,NVIDIA A100-SXM4-40GB MIG 4g.20gb (0),1,,13,cupy_copy__complex64_complex64
2144067015,12608,68094,1434,1,1,128,1,1,16,0.000,0.000,,,,,NVIDIA A100-SXM4-40GB MIG 4g.20gb (0),1,,13,cupy_copy__complex64_complex64
2144083495,2496,68101,103,1,1,128,1,1,16,0.000,0.000,,,,,NVIDIA A100-SXM4-40GB MIG 4g.20gb (0),1,,13,cupy_copy__complex64_complex64
2144095495,84255,68108,1,1,1,32,32,1,30,0.000,0.000,,,,,NVIDIA A100-SXM4-40GB MIG 4g.20gb (0),1,,13,"void convert_kernel<__half2, float2>(tensor_layout_any, T1 *, tensor_layout_any, const T2 *)"
2144212133,13184,68111,,,,,,,,,,0.094,7106.748,Pinned,Device,NVIDIA A100-SXM4-40GB MIG 4g.20gb (0),1,,13,[CUDA memcpy Host-to-Device]
2144237509,47551,68112,,,,,,,,,,35.810,753082.618,Device,,NVIDIA A100-SXM4-40GB MIG 4g.20gb (0),1,,13,[CUDA memset]
2144288196,8160,68114,,,,,,,,,,0.000,9.804,Pinned,Device,NVIDIA A100-SXM4-40GB MIG 4g.20gb (0),1,,13,[CUDA memcpy Host-to-Device]
2144304100,14976,68115,,,,,,,,,,0.197,13128.106,Pinned,Device,NVIDIA A100-SXM4-40GB MIG 4g.20gb (0),1,,13,[CUDA memcpy Host-to-Device]
2144335140,10016,68116,273,1,1,48,1,1,40,0.000,0.001,,,,,NVIDIA A100-SXM4-40GB MIG 4g.20gb (0),1,,13,"void pusch_noise_intf_est::noiseIntfEstNoDftSOfdmKernel<float, __half, float, float, (unsigned int)2, (unsigned int)1, (unsigned char)4, (unsigned char)4>(pusch_noise_intf_est::puschRxNoiseIntfEstDynDescr)"
2144355204,2560,68127,35,1,1,128,1,1,16,0.000,0.000,,,,,NVIDIA A100-SXM4-40GB MIG 4g.20gb (0),1,,13,cupy_copy__complex64_complex64
2144367203,1696,68136,1,1,1,1,1,1,18,0.000,0.000,,,,,NVIDIA A100-SXM4-40GB MIG 4g.20gb (0),1,,13,cupy_copy__float32_float32
2144372803,3616,68142,,,,,,,,,,0.000,1.106,Device,Pageable,NVIDIA A100-SXM4-40GB MIG 4g.20gb (0),1,,7,[CUDA memcpy Device-to-Host]
2144452962,12960,68153,1434,1,1,128,1,1,16,0.000,0.000,,,,,NVIDIA A100-SXM4-40GB MIG 4g.20gb (0),1,,13,cupy_copy__complex64_complex64
2144481698,2912,68160,103,1,1,128,1,1,16,0.000,0.000,,,,,NVIDIA A100-SXM4-40GB MIG 4g.20gb (0),1,,13,cupy_copy__complex64_complex64
2144501986,2688,68167,35,1,1,128,1,1,16,0.000,0.000,,,,,NVIDIA A100-SXM4-40GB MIG 4g.20gb (0),1,,13,cupy_copy__complex64_complex64
2144515714,1856,68174,1,1,1,1,1,1,18,0.000,0.000,,,,,NVIDIA A100-SXM4-40GB MIG 4g.20gb (0),1,,13,cupy_copy__float32_float32
2144649472,89247,68185,1,1,1,32,32,1,30,0.000,0.000,,,,,NVIDIA A100-SXM4-40GB MIG 4g.20gb (0),1,,13,"void convert_kernel<__half2, float2>(tensor_layout_any, T1 *, tensor_layout_any, const T2 *)"
2144766207,5919,68188,,,,,,,,,,0.094,15829.658,Pinned,Device,NVIDIA A100-SXM4-40GB MIG 4g.20gb (0),1,,13,[CUDA memcpy Host-to-Device]
2144783358,3328,68189,,,,,,,,,,1.547,464729.580,Device,,NVIDIA A100-SXM4-40GB MIG 4g.20gb (0),1,,13,[CUDA memset]
2144790462,3296,68194,,,,,,,,,,0.031,9495.144,Pinned,Device,NVIDIA A100-SXM4-40GB MIG 4g.20gb (0),1,,13,[CUDA memcpy Host-to-Device]
2144796414,9440,68195,,,,,,,,,,0.197,20827.079,Pinned,Device,NVIDIA A100-SXM4-40GB MIG 4g.20gb (0),1,,13,[CUDA memcpy Host-to-Device]
2144810014,7744,68196,273,1,1,8,4,1,39,0.002,0.000,,,,,NVIDIA A100-SXM4-40GB MIG 4g.20gb (0),1,,13,"void channel_eq::eqMmseCoefCompLowMimoKernel<float, float, float, (unsigned int)4, (unsigned int)1, (unsigned int)4>(const channel_eq::_puschRxChEqStatDescr *, channel_eq::_puschRxChEqCoefCompDynDescr)"
2144820382,7904,68197,273,1,1,12,11,1,51,0.002,0.000,,,,,NVIDIA A100-SXM4-40GB MIG 4g.20gb (0),1,,13,"void channel_eq::eqMmseSoftDemapKernel<float, __half, __half, float, (unsigned int)4, (unsigned short)16383>(channel_eq::_puschRxChEqStatDescr *, channel_eq::_puschRxChEqSoftDemapDynDescr)"
2144829310,282588,68198,1,1,1,32,32,1,30,0.000,0.000,,,,,NVIDIA A100-SXM4-40GB MIG 4g.20gb (0),1,,13,"void convert_kernel<float2, __half2>(tensor_layout_any, T1 *, tensor_layout_any, const T2 *)"
2145115738,10880,68210,2253,1,1,128,1,1,16,0.000,0.000,,,,,NVIDIA A100-SXM4-40GB MIG 4g.20gb (0),1,,13,cupy_copy__float16_float16
2145128378,3232,68219,282,1,1,128,1,1,16,0.000,0.000,,,,,NVIDIA A100-SXM4-40GB MIG 4g.20gb (0),1,,13,cupy_copy__complex64_complex64
2145132602,2272,68228,26,1,1,128,1,1,16,0.000,0.000,,,,,NVIDIA A100-SXM4-40GB MIG 4g.20gb (0),1,,13,cupy_copy__float32_float32
2145138170,2784,68237,103,1,1,128,1,1,16,0.000,0.000,,,,,NVIDIA A100-SXM4-40GB MIG 4g.20gb (0),1,,13,cupy_copy__complex64_complex64
2145144122,12384,68247,1434,1,1,128,1,1,16,0.000,0.000,,,,,NVIDIA A100-SXM4-40GB MIG 4g.20gb (0),1,,13,cupy_copy__complex64_complex64
2145158234,82623,68252,1,1,1,32,32,1,30,0.000,0.000,,,,,NVIDIA A100-SXM4-40GB MIG 4g.20gb (0),1,,13,"void convert_kernel<__half2, float2>(tensor_layout_any, T1 *, tensor_layout_any, const T2 *)"
2145268056,5600,68255,,,,,,,,,,0.094,16731.388,Pinned,Device,NVIDIA A100-SXM4-40GB MIG 4g.20gb (0),1,,13,[CUDA memcpy Host-to-Device]
2145278232,596697,68256,,,,,,,,,,456.561,764740.412,Device,,NVIDIA A100-SXM4-40GB MIG 4g.20gb (0),1,,13,[CUDA memset]
2145881521,165822,68261,,,,,,,,,,1.235,7446.712,Pinned,Device,NVIDIA A100-SXM4-40GB MIG 4g.20gb (0),1,,13,[CUDA memcpy Host-to-Device]
2146058287,39231,68262,,,,,,,,,,0.197,5011.538,Pinned,Device,NVIDIA A100-SXM4-40GB MIG 4g.20gb (0),1,,13,[CUDA memcpy Host-to-Device]
2146120750,8128,68263,69,4,1,48,1,1,76,0.002,0.000,,,,,NVIDIA A100-SXM4-40GB MIG 4g.20gb (0),1,,13,"void ch_est::windowedChEstPreNoDftSOfdmKernel<float, __half, float, (unsigned int)2, (unsigned int)1, (unsigned short)4>(ch_est::puschRxChEstStatDescr_t *, ch_est::puschRxChEstDynDescr_t *)"
2146135310,7040,68264,137,2,1,24,2,1,44,0.001,0.001,,,,,NVIDIA A100-SXM4-40GB MIG 4g.20gb (0),1,,13,"void ch_est::chEstFilterNoDftSOfdmDispatchKernel<float, __half, float, (unsigned int)2>(ch_est::puschRxChEstStatDescr_t *, ch_est::puschRxChEstDynDescr_t *)"
2146148269,4736,68265,137,2,1,24,2,1,44,0.001,0.001,,,,,NVIDIA A100-SXM4-40GB MIG 4g.20gb (0),1,,13,"void ch_est::chEstFilterNoDftSOfdmDispatchKernel<float, __half, float, (unsigned int)2>(ch_est::puschRxChEstStatDescr_t *, ch_est::puschRxChEstDynDescr_t *)"
2146158573,2592,68276,103,1,1,128,1,1,16,0.000,0.000,,,,,NVIDIA A100-SXM4-40GB MIG 4g.20gb (0),1,,13,cupy_copy__complex64_complex64
2146174381,12512,68286,1434,1,1,128,1,1,16,0.000,0.000,,,,,NVIDIA A100-SXM4-40GB MIG 4g.20gb (0),1,,13,cupy_copy__complex64_complex64
2146205069,2368,68293,103,1,1,128,1,1,16,0.000,0.000,,,,,NVIDIA A100-SXM4-40GB MIG 4g.20gb (0),1,,13,cupy_copy__complex64_complex64
2146215917,88159,68300,1,1,1,32,32,1,30,0.000,0.000,,,,,NVIDIA A100-SXM4-40GB MIG 4g.20gb (0),1,,13,"void convert_kernel<__half2, float2>(tensor_layout_any, T1 *, tensor_layout_any, const T2 *)"
2146332011,5504,68303,,,,,,,,,,0.094,17023.251,Pinned,Device,NVIDIA A100-SXM4-40GB MIG 4g.20gb (0),1,,13,[CUDA memcpy Host-to-Device]
2146343755,47519,68304,,,,,,,,,,35.810,753583.956,Device,,NVIDIA A100-SXM4-40GB MIG 4g.20gb (0),1,,13,[CUDA memset]
2146395882,3456,68306,,,,,,,,,,0.000,23.148,Pinned,Device,NVIDIA A100-SXM4-40GB MIG 4g.20gb (0),1,,13,[CUDA memcpy Host-to-Device]
2146404714,13824,68307,,,,,,,,,,0.197,14222.033,Pinned,Device,NVIDIA A100-SXM4-40GB MIG 4g.20gb (0),1,,13,[CUDA memcpy Host-to-Device]
2146427210,12256,68308,273,1,1,48,1,1,40,0.000,0.001,,,,,NVIDIA A100-SXM4-40GB MIG 4g.20gb (0),1,,13,"void pusch_noise_intf_est::noiseIntfEstNoDftSOfdmKernel<float, __half, float, float, (unsigned int)2, (unsigned int)1, (unsigned char)4, (unsigned char)4>(pusch_noise_intf_est::puschRxNoiseIntfEstDynDescr)"
2146444938,2848,68319,35,1,1,128,1,1,16,0.000,0.000,,,,,NVIDIA A100-SXM4-40GB MIG 4g.20gb (0),1,,13,cupy_copy__complex64_complex64
2146451786,1984,68328,1,1,1,1,1,1,18,0.000,0.000,,,,,NVIDIA A100-SXM4-40GB MIG 4g.20gb (0),1,,13,cupy_copy__float32_float32
2146482505,1568,68334,,,,,,,,,,0.000,2.551,Device,Pageable,NVIDIA A100-SXM4-40GB MIG 4g.20gb (0),1,,7,[CUDA memcpy Device-to-Host]
2146541961,12863,68345,1434,1,1,128,1,1,16,0.000,0.000,,,,,NVIDIA A100-SXM4-40GB MIG 4g.20gb (0),1,,13,cupy_copy__complex64_complex64
2146568328,2784,68352,103,1,1,128,1,1,16,0.000,0.000,,,,,NVIDIA A100-SXM4-40GB MIG 4g.20gb (0),1,,13,cupy_copy__complex64_complex64
2146589000,2560,68359,35,1,1,128,1,1,16,0.000,0.000,,,,,NVIDIA A100-SXM4-40GB MIG 4g.20gb (0),1,,13,cupy_copy__complex64_complex64
2146608040,1760,68366,1,1,1,1,1,1,18,0.000,0.000,,,,,NVIDIA A100-SXM4-40GB MIG 4g.20gb (0),1,,13,cupy_copy__float32_float32
2146739270,82719,68377,1,1,1,32,32,1,30,0.000,0.000,,,,,NVIDIA A100-SXM4-40GB MIG 4g.20gb (0),1,,13,"void convert_kernel<__half2, float2>(tensor_layout_any, T1 *, tensor_layout_any, const T2 *)"
2146855493,5856,68380,,,,,,,,,,0.094,15999.997,Pinned,Device,NVIDIA A100-SXM4-40GB MIG 4g.20gb (0),1,,13,[CUDA memcpy Host-to-Device]
2146869957,3455,68381,,,,,,,,,,1.547,447647.117,Device,,NVIDIA A100-SXM4-40GB MIG 4g.20gb (0),1,,13,[CUDA memset]
2146877156,3008,68386,,,,,,,,,,0.031,10404.230,Pinned,Device,NVIDIA A100-SXM4-40GB MIG 4g.20gb (0),1,,13,[CUDA memcpy Host-to-Device]
2146883172,10080,68387,,,,,,,,,,0.197,19504.693,Pinned,Device,NVIDIA A100-SXM4-40GB MIG 4g.20gb (0),1,,13,[CUDA memcpy Host-to-Device]
2146896836,6336,68388,273,1,1,8,4,1,39,0.002,0.000,,,,,NVIDIA A100-SXM4-40GB MIG 4g.20gb (0),1,,13,"void channel_eq::eqMmseCoefCompLowMimoKernel<float, float, float, (unsigned int)4, (unsigned int)1, (unsigned int)4>(const channel_eq::_puschRxChEqStatDescr *, channel_eq::_puschRxChEqCoefCompDynDescr)"
2146904292,6240,68389,273,1,1,12,11,1,51,0.002,0.000,,,,,NVIDIA A100-SXM4-40GB MIG 4g.20gb (0),1,,13,"void channel_eq::eqMmseSoftDemapKernel<float, __half, __half, float, (unsigned int)4, (unsigned short)16383>(channel_eq::_puschRxChEqStatDescr *, channel_eq::_puschRxChEqSoftDemapDynDescr)"
2146913764,279613,68390,1,1,1,32,32,1,30,0.000,0.000,,,,,NVIDIA A100-SXM4-40GB MIG 4g.20gb (0),1,,13,"void convert_kernel<float2, __half2>(tensor_layout_any, T1 *, tensor_layout_any, const T2 *)"
2147195040,11072,68402,2253,1,1,128,1,1,16,0.000,0.000,,,,,NVIDIA A100-SXM4-40GB MIG 4g.20gb (0),1,,13,cupy_copy__float16_float16
2147208928,2624,68411,282,1,1,128,1,1,16,0.000,0.000,,,,,NVIDIA A100-SXM4-40GB MIG 4g.20gb (0),1,,13,cupy_copy__complex64_complex64
2147213472,2048,68420,26,1,1,128,1,1,16,0.000,0.000,,,,,NVIDIA A100-SXM4-40GB MIG 4g.20gb (0),1,,13,cupy_copy__float32_float32
2147217504,4160,68429,103,1,1,128,1,1,16,0.000,0.000,,,,,NVIDIA A100-SXM4-40GB MIG 4g.20gb (0),1,,13,cupy_copy__complex64_complex64
2147223520,12032,68439,1434,1,1,128,1,1,16,0.000,0.000,,,,,NVIDIA A100-SXM4-40GB MIG 4g.20gb (0),1,,13,cupy_copy__complex64_complex64
2147242912,86655,68444,1,1,1,32,32,1,30,0.000,0.000,,,,,NVIDIA A100-SXM4-40GB MIG 4g.20gb (0),1,,13,"void convert_kernel<__half2, float2>(tensor_layout_any, T1 *, tensor_layout_any, const T2 *)"
2147357950,5600,68447,,,,,,,,,,0.094,16731.388,Pinned,Device,NVIDIA A100-SXM4-40GB MIG 4g.20gb (0),1,,13,[CUDA memcpy Host-to-Device]
2147368062,599481,68448,,,,,,,,,,456.561,761544.482,Device,,NVIDIA A100-SXM4-40GB MIG 4g.20gb (0),1,,13,[CUDA memset]
2147976215,145534,68453,,,,,,,,,,1.235,8485.300,Pinned,Device,NVIDIA A100-SXM4-40GB MIG 4g.20gb (0),1,,13,[CUDA memcpy Host-to-Device]
2148134805,42815,68454,,,,,,,,,,0.197,4591.976,Pinned,Device,NVIDIA A100-SXM4-40GB MIG 4g.20gb (0),1,,13,[CUDA memcpy Host-to-Device]
2148195540,7968,68455,69,4,1,48,1,1,76,0.002,0.000,,,,,NVIDIA A100-SXM4-40GB MIG 4g.20gb (0),1,,13,"void ch_est::windowedChEstPreNoDftSOfdmKernel<float, __half, float, (unsigned int)2, (unsigned int)1, (unsigned short)4>(ch_est::puschRxChEstStatDescr_t *, ch_est::puschRxChEstDynDescr_t *)"
2148214708,7040,68456,137,2,1,24,2,1,44,0.001,0.001,,,,,NVIDIA A100-SXM4-40GB MIG 4g.20gb (0),1,,13,"void ch_est::chEstFilterNoDftSOfdmDispatchKernel<float, __half, float, (unsigned int)2>(ch_est::puschRxChEstStatDescr_t *, ch_est::puschRxChEstDynDescr_t *)"
2148231828,4704,68457,137,2,1,24,2,1,44,0.001,0.001,,,,,NVIDIA A100-SXM4-40GB MIG 4g.20gb (0),1,,13,"void ch_est::chEstFilterNoDftSOfdmDispatchKernel<float, __half, float, (unsigned int)2>(ch_est::puschRxChEstStatDescr_t *, ch_est::puschRxChEstDynDescr_t *)"
2148248915,2528,68468,103,1,1,128,1,1,16,0.000,0.000,,,,,NVIDIA A100-SXM4-40GB MIG 4g.20gb (0),1,,13,cupy_copy__complex64_complex64
2148266387,12448,68478,1434,1,1,128,1,1,16,0.000,0.000,,,,,NVIDIA A100-SXM4-40GB MIG 4g.20gb (0),1,,13,cupy_copy__complex64_complex64
2148289459,2592,68485,103,1,1,128,1,1,16,0.000,0.000,,,,,NVIDIA A100-SXM4-40GB MIG 4g.20gb (0),1,,13,cupy_copy__complex64_complex64
2148312275,97630,68492,1,1,1,32,32,1,30,0.000,0.000,,,,,NVIDIA A100-SXM4-40GB MIG 4g.20gb (0),1,,13,"void convert_kernel<__half2, float2>(tensor_layout_any, T1 *, tensor_layout_any, const T2 *)"
2148442353,23904,68495,,,,,,,,,,0.094,3919.678,Pinned,Device,NVIDIA A100-SXM4-40GB MIG 4g.20gb (0),1,,13,[CUDA memcpy Host-to-Device]
2148480049,47039,68496,,,,,,,,,,35.810,761247.279,Device,,NVIDIA A100-SXM4-40GB MIG 4g.20gb (0),1,,13,[CUDA memset]
2148527504,18496,68498,,,,,,,,,,0.000,4.325,Pinned,Device,NVIDIA A100-SXM4-40GB MIG 4g.20gb (0),1,,13,[CUDA memcpy Host-to-Device]
2148555376,28031,68499,,,,,,,,,,0.197,7013.794,Pinned,Device,NVIDIA A100-SXM4-40GB MIG 4g.20gb (0),1,,13,[CUDA memcpy Host-to-Device]
2148601583,9888,68500,273,1,1,48,1,1,40,0.000,0.001,,,,,NVIDIA A100-SXM4-40GB MIG 4g.20gb (0),1,,13,"void pusch_noise_intf_est::noiseIntfEstNoDftSOfdmKernel<float, __half, float, float, (unsigned int)2, (unsigned int)1, (unsigned char)4, (unsigned char)4>(pusch_noise_intf_est::puschRxNoiseIntfEstDynDescr)"
2148616623,2688,68511,35,1,1,128,1,1,16,0.000,0.000,,,,,NVIDIA A100-SXM4-40GB MIG 4g.20gb (0),1,,13,cupy_copy__complex64_complex64
2148623375,1696,68520,1,1,1,1,1,1,18,0.000,0.000,,,,,NVIDIA A100-SXM4-40GB MIG 4g.20gb (0),1,,13,cupy_copy__float32_float32
2148631567,1792,68526,,,,,,,,,,0.000,2.232,Device,Pageable,NVIDIA A100-SXM4-40GB MIG 4g.20gb (0),1,,7,[CUDA memcpy Device-to-Host]
2148693230,12800,68537,1434,1,1,128,1,1,16,0.000,0.000,,,,,NVIDIA A100-SXM4-40GB MIG 4g.20gb (0),1,,13,cupy_copy__complex64_complex64
2148720142,2784,68544,103,1,1,128,1,1,16,0.000,0.000,,,,,NVIDIA A100-SXM4-40GB MIG 4g.20gb (0),1,,13,cupy_copy__complex64_complex64
2148740845,2528,68551,35,1,1,128,1,1,16,0.000,0.000,,,,,NVIDIA A100-SXM4-40GB MIG 4g.20gb (0),1,,13,cupy_copy__complex64_complex64
2148759053,2016,68558,1,1,1,1,1,1,18,0.000,0.000,,,,,NVIDIA A100-SXM4-40GB MIG 4g.20gb (0),1,,13,cupy_copy__float32_float32
2148894763,83103,68569,1,1,1,32,32,1,30,0.000,0.000,,,,,NVIDIA A100-SXM4-40GB MIG 4g.20gb (0),1,,13,"void convert_kernel<__half2, float2>(tensor_layout_any, T1 *, tensor_layout_any, const T2 *)"
2149005770,5568,68572,,,,,,,,,,0.094,16827.521,Pinned,Device,NVIDIA A100-SXM4-40GB MIG 4g.20gb (0),1,,13,[CUDA memcpy Host-to-Device]
2149019434,3328,68573,,,,,,,,,,1.547,464729.580,Device,,NVIDIA A100-SXM4-40GB MIG 4g.20gb (0),1,,13,[CUDA memset]
2149027114,3008,68578,,,,,,,,,,0.031,10404.230,Pinned,Device,NVIDIA A100-SXM4-40GB MIG 4g.20gb (0),1,,13,[CUDA memcpy Host-to-Device]
2149033130,9856,68579,,,,,,,,,,0.197,19948.044,Pinned,Device,NVIDIA A100-SXM4-40GB MIG 4g.20gb (0),1,,13,[CUDA memcpy Host-to-Device]
2149048714,8063,68580,273,1,1,8,4,1,39,0.002,0.000,,,,,NVIDIA A100-SXM4-40GB MIG 4g.20gb (0),1,,13,"void channel_eq::eqMmseCoefCompLowMimoKernel<float, float, float, (unsigned int)4, (unsigned int)1, (unsigned int)4>(const channel_eq::_puschRxChEqStatDescr *, channel_eq::_puschRxChEqCoefCompDynDescr)"
2149058345,5760,68581,273,1,1,12,11,1,51,0.002,0.000,,,,,NVIDIA A100-SXM4-40GB MIG 4g.20gb (0),1,,13,"void channel_eq::eqMmseSoftDemapKernel<float, __half, __half, float, (unsigned int)4, (unsigned short)16383>(channel_eq::_puschRxChEqStatDescr *, channel_eq::_puschRxChEqSoftDemapDynDescr)"
2149065193,294429,68582,1,1,1,32,32,1,30,0.000,0.000,,,,,NVIDIA A100-SXM4-40GB MIG 4g.20gb (0),1,,13,"void convert_kernel<float2, __half2>(tensor_layout_any, T1 *, tensor_layout_any, const T2 *)"
2149361766,10976,68594,2253,1,1,128,1,1,16,0.000,0.000,,,,,NVIDIA A100-SXM4-40GB MIG 4g.20gb (0),1,,13,cupy_copy__float16_float16
2149376070,3167,68603,282,1,1,128,1,1,16,0.000,0.000,,,,,NVIDIA A100-SXM4-40GB MIG 4g.20gb (0),1,,13,cupy_copy__complex64_complex64
2149380293,2048,68612,26,1,1,128,1,1,16,0.000,0.000,,,,,NVIDIA A100-SXM4-40GB MIG 4g.20gb (0),1,,13,cupy_copy__float32_float32
2149386021,3104,68621,103,1,1,128,1,1,16,0.000,0.000,,,,,NVIDIA A100-SXM4-40GB MIG 4g.20gb (0),1,,13,cupy_copy__complex64_complex64
2149392677,12128,68631,1434,1,1,128,1,1,16,0.000,0.000,,,,,NVIDIA A100-SXM4-40GB MIG 4g.20gb (0),1,,13,cupy_copy__complex64_complex64
2149407237,81823,68636,1,1,1,32,32,1,30,0.000,0.000,,,,,NVIDIA A100-SXM4-40GB MIG 4g.20gb (0),1,,13,"void convert_kernel<__half2, float2>(tensor_layout_any, T1 *, tensor_layout_any, const T2 *)"
2149516708,5504,68639,,,,,,,,,,0.094,17023.251,Pinned,Device,NVIDIA A100-SXM4-40GB MIG 4g.20gb (0),1,,13,[CUDA memcpy Host-to-Device]
2149527716,598392,68640,,,,,,,,,,456.561,762914.166,Device,,NVIDIA A100-SXM4-40GB MIG 4g.20gb (0),1,,13,[CUDA memset]
2150129852,161790,68645,,,,,,,,,,1.235,7631.954,Pinned,Device,NVIDIA A100-SXM4-40GB MIG 4g.20gb (0),1,,13,[CUDA memcpy Host-to-Device]
2150302618,39552,68646,,,,,,,,,,0.197,4970.840,Pinned,Device,NVIDIA A100-SXM4-40GB MIG 4g.20gb (0),1,,13,[CUDA memcpy Host-to-Device]
2150366009,8544,68647,69,4,1,48,1,1,76,0.002,0.000,,,,,NVIDIA A100-SXM4-40GB MIG 4g.20gb (0),1,,13,"void ch_est::windowedChEstPreNoDftSOfdmKernel<float, __half, float, (unsigned int)2, (unsigned int)1, (unsigned short)4>(ch_est::puschRxChEstStatDescr_t *, ch_est::puschRxChEstDynDescr_t *)"
2150385529,6816,68648,137,2,1,24,2,1,44,0.001,0.001,,,,,NVIDIA A100-SXM4-40GB MIG 4g.20gb (0),1,,13,"void ch_est::chEstFilterNoDftSOfdmDispatchKernel<float, __half, float, (unsigned int)2>(ch_est::puschRxChEstStatDescr_t *, ch_est::puschRxChEstDynDescr_t *)"
2150402297,4768,68649,137,2,1,24,2,1,44,0.001,0.001,,,,,NVIDIA A100-SXM4-40GB MIG 4g.20gb (0),1,,13,"void ch_est::chEstFilterNoDftSOfdmDispatchKernel<float, __half, float, (unsigned int)2>(ch_est::puschRxChEstStatDescr_t *, ch_est::puschRxChEstDynDescr_t *)"
2150419609,2624,68660,103,1,1,128,1,1,16,0.000,0.000,,,,,NVIDIA A100-SXM4-40GB MIG 4g.20gb (0),1,,13,cupy_copy__complex64_complex64
2150435992,12864,68670,1434,1,1,128,1,1,16,0.000,0.000,,,,,NVIDIA A100-SXM4-40GB MIG 4g.20gb (0),1,,13,cupy_copy__complex64_complex64
2150457816,2880,68677,103,1,1,128,1,1,16,0.000,0.000,,,,,NVIDIA A100-SXM4-40GB MIG 4g.20gb (0),1,,13,cupy_copy__complex64_complex64
2150483256,91231,68684,1,1,1,32,32,1,30,0.000,0.000,,,,,NVIDIA A100-SXM4-40GB MIG 4g.20gb (0),1,,13,"void convert_kernel<__half2, float2>(tensor_layout_any, T1 *, tensor_layout_any, const T2 *)"
2150608726,21184,68687,,,,,,,,,,0.094,4422.920,Pinned,Device,NVIDIA A100-SXM4-40GB MIG 4g.20gb (0),1,,13,[CUDA memcpy Host-to-Device]
2150661974,47135,68688,,,,,,,,,,35.810,759707.453,Device,,NVIDIA A100-SXM4-40GB MIG 4g.20gb (0),1,,13,[CUDA memset]
2150711669,14080,68690,,,,,,,,,,0.000,5.682,Pinned,Device,NVIDIA A100-SXM4-40GB MIG 4g.20gb (0),1,,13,[CUDA memcpy Host-to-Device]
2150735957,33439,68691,,,,,,,,,,0.197,5879.562,Pinned,Device,NVIDIA A100-SXM4-40GB MIG 4g.20gb (0),1,,13,[CUDA memcpy Host-to-Device]
2150802004,9504,68692,273,1,1,48,1,1,40,0.000,0.001,,,,,NVIDIA A100-SXM4-40GB MIG 4g.20gb (0),1,,13,"void pusch_noise_intf_est::noiseIntfEstNoDftSOfdmKernel<float, __half, float, float, (unsigned int)2, (unsigned int)1, (unsigned char)4, (unsigned char)4>(pusch_noise_intf_est::puschRxNoiseIntfEstDynDescr)"
2150818452,2784,68703,35,1,1,128,1,1,16,0.000,0.000,,,,,NVIDIA A100-SXM4-40GB MIG 4g.20gb (0),1,,13,cupy_copy__complex64_complex64
2150835251,1696,68712,1,1,1,1,1,1,18,0.000,0.000,,,,,NVIDIA A100-SXM4-40GB MIG 4g.20gb (0),1,,13,cupy_copy__float32_float32
2150838259,8640,68718,,,,,,,,,,0.000,0.463,Device,Pageable,NVIDIA A100-SXM4-40GB MIG 4g.20gb (0),1,,7,[CUDA memcpy Device-to-Host]
2150939154,12672,68729,1434,1,1,128,1,1,16,0.000,0.000,,,,,NVIDIA A100-SXM4-40GB MIG 4g.20gb (0),1,,13,cupy_copy__complex64_complex64
2150962034,3072,68736,103,1,1,128,1,1,16,0.000,0.000,,,,,NVIDIA A100-SXM4-40GB MIG 4g.20gb (0),1,,13,cupy_copy__complex64_complex64
2150976658,2624,68743,35,1,1,128,1,1,16,0.000,0.000,,,,,NVIDIA A100-SXM4-40GB MIG 4g.20gb (0),1,,13,cupy_copy__complex64_complex64
2150999217,1920,68750,1,1,1,1,1,1,18,0.000,0.000,,,,,NVIDIA A100-SXM4-40GB MIG 4g.20gb (0),1,,13,cupy_copy__float32_float32
2151124464,87935,68761,1,1,1,32,32,1,30,0.000,0.000,,,,,NVIDIA A100-SXM4-40GB MIG 4g.20gb (0),1,,13,"void convert_kernel<__half2, float2>(tensor_layout_any, T1 *, tensor_layout_any, const T2 *)"
2151239598,6016,68764,,,,,,,,,,0.094,15574.430,Pinned,Device,NVIDIA A100-SXM4-40GB MIG 4g.20gb (0),1,,13,[CUDA memcpy Host-to-Device]
2151254286,3296,68765,,,,,,,,,,1.547,469242.628,Device,,NVIDIA A100-SXM4-40GB MIG 4g.20gb (0),1,,13,[CUDA memset]
2151260686,3904,68770,,,,,,,,,,0.031,8016.377,Pinned,Device,NVIDIA A100-SXM4-40GB MIG 4g.20gb (0),1,,13,[CUDA memcpy Host-to-Device]
2151267886,10112,68771,,,,,,,,,,0.197,19442.958,Pinned,Device,NVIDIA A100-SXM4-40GB MIG 4g.20gb (0),1,,13,[CUDA memcpy Host-to-Device]
2151283502,6336,68772,273,1,1,8,4,1,39,0.002,0.000,,,,,NVIDIA A100-SXM4-40GB MIG 4g.20gb (0),1,,13,"void channel_eq::eqMmseCoefCompLowMimoKernel<float, float, float, (unsigned int)4, (unsigned int)1, (unsigned int)4>(const channel_eq::_puschRxChEqStatDescr *, channel_eq::_puschRxChEqCoefCompDynDescr)"
2151292718,6240,68773,273,1,1,12,11,1,51,0.002,0.000,,,,,NVIDIA A100-SXM4-40GB MIG 4g.20gb (0),1,,13,"void channel_eq::eqMmseSoftDemapKernel<float, __half, __half, float, (unsigned int)4, (unsigned short)16383>(channel_eq::_puschRxChEqStatDescr *, channel_eq::_puschRxChEqSoftDemapDynDescr)"
2151301358,282300,68774,1,1,1,32,32,1,30,0.000,0.000,,,,,NVIDIA A100-SXM4-40GB MIG 4g.20gb (0),1,,13,"void convert_kernel<float2, __half2>(tensor_layout_any, T1 *, tensor_layout_any, const T2 *)"
2151584810,11008,68786,2253,1,1,128,1,1,16,0.000,0.000,,,,,NVIDIA A100-SXM4-40GB MIG 4g.20gb (0),1,,13,cupy_copy__float16_float16
2151599210,3168,68795,282,1,1,128,1,1,16,0.000,0.000,,,,,NVIDIA A100-SXM4-40GB MIG 4g.20gb (0),1,,13,cupy_copy__complex64_complex64
2151605322,2848,68804,26,1,1,128,1,1,16,0.000,0.000,,,,,NVIDIA A100-SXM4-40GB MIG 4g.20gb (0),1,,13,cupy_copy__float32_float32
2151610122,3296,68813,103,1,1,128,1,1,16,0.000,0.000,,,,,NVIDIA A100-SXM4-40GB MIG 4g.20gb (0),1,,13,cupy_copy__complex64_complex64
2151615082,12224,68823,1434,1,1,128,1,1,16,0.000,0.000,,,,,NVIDIA A100-SXM4-40GB MIG 4g.20gb (0),1,,13,cupy_copy__complex64_complex64
2151631626,86847,68828,1,1,1,32,32,1,30,0.000,0.000,,,,,NVIDIA A100-SXM4-40GB MIG 4g.20gb (0),1,,13,"void convert_kernel<__half2, float2>(tensor_layout_any, T1 *, tensor_layout_any, const T2 *)"
2151745736,5376,68831,,,,,,,,,,0.094,17428.487,Pinned,Device,NVIDIA A100-SXM4-40GB MIG 4g.20gb (0),1,,13,[CUDA memcpy Host-to-Device]
2151756040,598649,68832,,,,,,,,,,456.561,762457.605,Device,,NVIDIA A100-SXM4-40GB MIG 4g.20gb (0),1,,13,[CUDA memset]
2152358881,74207,68837,,,,,,,,,,1.235,16640.870,Pinned,Device,NVIDIA A100-SXM4-40GB MIG 4g.20gb (0),1,,13,[CUDA memcpy Host-to-Device]
2152436512,13024,68838,,,,,,,,,,0.197,15095.759,Pinned,Device,NVIDIA A100-SXM4-40GB MIG 4g.20gb (0),1,,13,[CUDA memcpy Host-to-Device]
2152457727,8128,68839,69,4,1,48,1,1,76,0.002,0.000,,,,,NVIDIA A100-SXM4-40GB MIG 4g.20gb (0),1,,13,"void ch_est::windowedChEstPreNoDftSOfdmKernel<float, __half, float, (unsigned int)2, (unsigned int)1, (unsigned short)4>(ch_est::puschRxChEstStatDescr_t *, ch_est::puschRxChEstDynDescr_t *)"
2152470751,6336,68840,137,2,1,24,2,1,44,0.001,0.001,,,,,NVIDIA A100-SXM4-40GB MIG 4g.20gb (0),1,,13,"void ch_est::chEstFilterNoDftSOfdmDispatchKernel<float, __half, float, (unsigned int)2>(ch_est::puschRxChEstStatDescr_t *, ch_est::puschRxChEstDynDescr_t *)"
2152479359,5568,68841,137,2,1,24,2,1,44,0.001,0.001,,,,,NVIDIA A100-SXM4-40GB MIG 4g.20gb (0),1,,13,"void ch_est::chEstFilterNoDftSOfdmDispatchKernel<float, __half, float, (unsigned int)2>(ch_est::puschRxChEstStatDescr_t *, ch_est::puschRxChEstDynDescr_t *)"
2152486271,2560,68852,103,1,1,128,1,1,16,0.000,0.000,,,,,NVIDIA A100-SXM4-40GB MIG 4g.20gb (0),1,,13,cupy_copy__complex64_complex64
2152490207,12544,68862,1434,1,1,128,1,1,16,0.000,0.000,,,,,NVIDIA A100-SXM4-40GB MIG 4g.20gb (0),1,,13,cupy_copy__complex64_complex64
2152508319,2944,68869,103,1,1,128,1,1,16,0.000,0.000,,,,,NVIDIA A100-SXM4-40GB MIG 4g.20gb (0),1,,13,cupy_copy__complex64_complex64
2152516767,82975,68876,1,1,1,32,32,1,30,0.000,0.000,,,,,NVIDIA A100-SXM4-40GB MIG 4g.20gb (0),1,,13,"void convert_kernel<__half2, float2>(tensor_layout_any, T1 *, tensor_layout_any, const T2 *)"
2152627229,5664,68879,,,,,,,,,,0.094,16542.310,Pinned,Device,NVIDIA A100-SXM4-40GB MIG 4g.20gb (0),1,,13,[CUDA memcpy Host-to-Device]
2152639421,47104,68880,,,,,,,,,,35.810,760208.792,Device,,NVIDIA A100-SXM4-40GB MIG 4g.20gb (0),1,,13,[CUDA memset]
2152693533,3807,68882,,,,,,,,,,0.000,21.014,Pinned,Device,NVIDIA A100-SXM4-40GB MIG 4g.20gb (0),1,,13,[CUDA memcpy Host-to-Device]
2152701084,13248,68883,,,,,,,,,,0.197,14840.562,Pinned,Device,NVIDIA A100-SXM4-40GB MIG 4g.20gb (0),1,,13,[CUDA memcpy Host-to-Device]
2152723164,12672,68884,273,1,1,48,1,1,40,0.000,0.001,,,,,NVIDIA A100-SXM4-40GB MIG 4g.20gb (0),1,,13,"void pusch_noise_intf_est::noiseIntfEstNoDftSOfdmKernel<float, __half, float, float, (unsigned int)2, (unsigned int)1, (unsigned char)4, (unsigned char)4>(pusch_noise_intf_est::puschRxNoiseIntfEstDynDescr)"
2152740828,3200,68895,35,1,1,128,1,1,16,0.000,0.000,,,,,NVIDIA A100-SXM4-40GB MIG 4g.20gb (0),1,,13,cupy_copy__complex64_complex64
2152749532,1760,68904,1,1,1,1,1,1,18,0.000,0.000,,,,,NVIDIA A100-SXM4-40GB MIG 4g.20gb (0),1,,13,cupy_copy__float32_float32
2152778491,1696,68910,,,,,,,,,,0.000,2.358,Device,Pageable,NVIDIA A100-SXM4-40GB MIG 4g.20gb (0),1,,7,[CUDA memcpy Device-to-Host]
2152837979,12928,68921,1434,1,1,128,1,1,16,0.000,0.000,,,,,NVIDIA A100-SXM4-40GB MIG 4g.20gb (0),1,,13,cupy_copy__complex64_complex64
2152865082,2912,68928,103,1,1,128,1,1,16,0.000,0.000,,,,,NVIDIA A100-SXM4-40GB MIG 4g.20gb (0),1,,13,cupy_copy__complex64_complex64
2152890586,2304,68935,35,1,1,128,1,1,16,0.000,0.000,,,,,NVIDIA A100-SXM4-40GB MIG 4g.20gb (0),1,,13,cupy_copy__complex64_complex64
2152908698,1792,68942,1,1,1,1,1,1,18,0.000,0.000,,,,,NVIDIA A100-SXM4-40GB MIG 4g.20gb (0),1,,13,cupy_copy__float32_float32
2153040536,83359,68953,1,1,1,32,32,1,30,0.000,0.000,,,,,NVIDIA A100-SXM4-40GB MIG 4g.20gb (0),1,,13,"void convert_kernel<__half2, float2>(tensor_layout_any, T1 *, tensor_layout_any, const T2 *)"
2153151991,5408,68956,,,,,,,,,,0.094,17325.421,Pinned,Device,NVIDIA A100-SXM4-40GB MIG 4g.20gb (0),1,,13,[CUDA memcpy Host-to-Device]
2153166583,3424,68957,,,,,,,,,,1.547,451700.819,Device,,NVIDIA A100-SXM4-40GB MIG 4g.20gb (0),1,,13,[CUDA memset]
2153173079,3328,68962,,,,,,,,,,0.031,9403.822,Pinned,Device,NVIDIA A100-SXM4-40GB MIG 4g.20gb (0),1,,13,[CUDA memcpy Host-to-Device]
2153178999,9311,68963,,,,,,,,,,0.197,21115.503,Pinned,Device,NVIDIA A100-SXM4-40GB MIG 4g.20gb (0),1,,13,[CUDA memcpy Host-to-Device]
2153192470,6560,68964,273,1,1,8,4,1,39,0.002,0.000,,,,,NVIDIA A100-SXM4-40GB MIG 4g.20gb (0),1,,13,"void channel_eq::eqMmseCoefCompLowMimoKernel<float, float, float, (unsigned int)4, (unsigned int)1, (unsigned int)4>(const channel_eq::_puschRxChEqStatDescr *, channel_eq::_puschRxChEqCoefCompDynDescr)"
2153200438,6016,68965,273,1,1,12,11,1,51,0.002,0.000,,,,,NVIDIA A100-SXM4-40GB MIG 4g.20gb (0),1,,13,"void channel_eq::eqMmseSoftDemapKernel<float, __half, __half, float, (unsigned int)4, (unsigned short)16383>(channel_eq::_puschRxChEqStatDescr *, channel_eq::_puschRxChEqSoftDemapDynDescr)"
2153208406,282813,68966,1,1,1,32,32,1,30,0.000,0.000,,,,,NVIDIA A100-SXM4-40GB MIG 4g.20gb (0),1,,13,"void convert_kernel<float2, __half2>(tensor_layout_any, T1 *, tensor_layout_any, const T2 *)"
2153492339,10976,68978,2253,1,1,128,1,1,16,0.000,0.000,,,,,NVIDIA A100-SXM4-40GB MIG 4g.20gb (0),1,,13,cupy_copy__float16_float16
2153506482,3648,68987,282,1,1,128,1,1,16,0.000,0.000,,,,,NVIDIA A100-SXM4-40GB MIG 4g.20gb (0),1,,13,cupy_copy__complex64_complex64
2153511250,2016,68996,26,1,1,128,1,1,16,0.000,0.000,,,,,NVIDIA A100-SXM4-40GB MIG 4g.20gb (0),1,,13,cupy_copy__float32_float32
2153515122,5280,69005,103,1,1,128,1,1,16,0.000,0.000,,,,,NVIDIA A100-SXM4-40GB MIG 4g.20gb (0),1,,13,cupy_copy__complex64_complex64
2153522738,12448,69015,1434,1,1,128,1,1,16,0.000,0.000,,,,,NVIDIA A100-SXM4-40GB MIG 4g.20gb (0),1,,13,cupy_copy__complex64_complex64
2153540114,82079,69020,1,1,1,32,32,1,30,0.000,0.000,,,,,NVIDIA A100-SXM4-40GB MIG 4g.20gb (0),1,,13,"void convert_kernel<__half2, float2>(tensor_layout_any, T1 *, tensor_layout_any, const T2 *)"
2153649489,5568,69023,,,,,,,,,,0.094,16827.521,Pinned,Device,NVIDIA A100-SXM4-40GB MIG 4g.20gb (0),1,,13,[CUDA memcpy Host-to-Device]
2153659281,596792,69024,,,,,,,,,,456.561,764740.412,Device,,NVIDIA A100-SXM4-40GB MIG 4g.20gb (0),1,,13,[CUDA memset]
2154262473,154078,69029,,,,,,,,,,1.235,8014.787,Pinned,Device,NVIDIA A100-SXM4-40GB MIG 4g.20gb (0),1,,13,[CUDA memcpy Host-to-Device]
2154425959,40576,69030,,,,,,,,,,0.197,4845.404,Pinned,Device,NVIDIA A100-SXM4-40GB MIG 4g.20gb (0),1,,13,[CUDA memcpy Host-to-Device]
2154494918,8064,69031,69,4,1,48,1,1,76,0.002,0.000,,,,,NVIDIA A100-SXM4-40GB MIG 4g.20gb (0),1,,13,"void ch_est::windowedChEstPreNoDftSOfdmKernel<float, __half, float, (unsigned int)2, (unsigned int)1, (unsigned short)4>(ch_est::puschRxChEstStatDescr_t *, ch_est::puschRxChEstDynDescr_t *)"
2154509862,6688,69032,137,2,1,24,2,1,44,0.001,0.001,,,,,NVIDIA A100-SXM4-40GB MIG 4g.20gb (0),1,,13,"void ch_est::chEstFilterNoDftSOfdmDispatchKernel<float, __half, float, (unsigned int)2>(ch_est::puschRxChEstStatDescr_t *, ch_est::puschRxChEstDynDescr_t *)"
2154523110,5120,69033,137,2,1,24,2,1,44,0.001,0.001,,,,,NVIDIA A100-SXM4-40GB MIG 4g.20gb (0),1,,13,"void ch_est::chEstFilterNoDftSOfdmDispatchKernel<float, __half, float, (unsigned int)2>(ch_est::puschRxChEstStatDescr_t *, ch_est::puschRxChEstDynDescr_t *)"
2154535110,2592,69044,103,1,1,128,1,1,16,0.000,0.000,,,,,NVIDIA A100-SXM4-40GB MIG 4g.20gb (0),1,,13,cupy_copy__complex64_complex64
2154546278,12543,69054,1434,1,1,128,1,1,16,0.000,0.000,,,,,NVIDIA A100-SXM4-40GB MIG 4g.20gb (0),1,,13,cupy_copy__complex64_complex64
2154563269,2752,69061,103,1,1,128,1,1,16,0.000,0.000,,,,,NVIDIA A100-SXM4-40GB MIG 4g.20gb (0),1,,13,cupy_copy__complex64_complex64
2154573157,85055,69068,1,1,1,32,32,1,30,0.000,0.000,,,,,NVIDIA A100-SXM4-40GB MIG 4g.20gb (0),1,,13,"void convert_kernel<__half2, float2>(tensor_layout_any, T1 *, tensor_layout_any, const T2 *)"
2154686052,6336,69071,,,,,,,,,,0.094,14787.852,Pinned,Device,NVIDIA A100-SXM4-40GB MIG 4g.20gb (0),1,,13,[CUDA memcpy Host-to-Device]
2154699716,47007,69072,,,,,,,,,,35.810,761784.428,Device,,NVIDIA A100-SXM4-40GB MIG 4g.20gb (0),1,,13,[CUDA memset]
2154751747,3264,69074,,,,,,,,,,0.000,24.510,Pinned,Device,NVIDIA A100-SXM4-40GB MIG 4g.20gb (0),1,,13,[CUDA memcpy Host-to-Device]
2154759971,11776,69075,,,,,,,,,,0.197,16695.558,Pinned,Device,NVIDIA A100-SXM4-40GB MIG 4g.20gb (0),1,,13,[CUDA memcpy Host-to-Device]
2154781571,12256,69076,273,1,1,48,1,1,40,0.000,0.001,,,,,NVIDIA A100-SXM4-40GB MIG 4g.20gb (0),1,,13,"void pusch_noise_intf_est::noiseIntfEstNoDftSOfdmKernel<float, __half, float, float, (unsigned int)2, (unsigned int)1, (unsigned char)4, (unsigned char)4>(pusch_noise_intf_est::puschRxNoiseIntfEstDynDescr)"
2154795939,3135,69087,35,1,1,128,1,1,16,0.000,0.000,,,,,NVIDIA A100-SXM4-40GB MIG 4g.20gb (0),1,,13,cupy_copy__complex64_complex64
2154809090,1792,69096,1,1,1,1,1,1,18,0.000,0.000,,,,,NVIDIA A100-SXM4-40GB MIG 4g.20gb (0),1,,13,cupy_copy__float32_float32
2154837858,1600,69102,,,,,,,,,,0.000,2.500,Device,Pageable,NVIDIA A100-SXM4-40GB MIG 4g.20gb (0),1,,7,[CUDA memcpy Device-to-Host]
2154902241,12896,69113,1434,1,1,128,1,1,16,0.000,0.000,,,,,NVIDIA A100-SXM4-40GB MIG 4g.20gb (0),1,,13,cupy_copy__complex64_complex64
2154930113,3360,69120,103,1,1,128,1,1,16,0.000,0.000,,,,,NVIDIA A100-SXM4-40GB MIG 4g.20gb (0),1,,13,cupy_copy__complex64_complex64
2154955873,2176,69127,35,1,1,128,1,1,16,0.000,0.000,,,,,NVIDIA A100-SXM4-40GB MIG 4g.20gb (0),1,,13,cupy_copy__complex64_complex64
2154974336,1824,69134,1,1,1,1,1,1,18,0.000,0.000,,,,,NVIDIA A100-SXM4-40GB MIG 4g.20gb (0),1,,13,cupy_copy__float32_float32
2155108607,81983,69145,1,1,1,32,32,1,30,0.000,0.000,,,,,NVIDIA A100-SXM4-40GB MIG 4g.20gb (0),1,,13,"void convert_kernel<__half2, float2>(tensor_layout_any, T1 *, tensor_layout_any, const T2 *)"
2155218973,5408,69148,,,,,,,,,,0.094,17325.421,Pinned,Device,NVIDIA A100-SXM4-40GB MIG 4g.20gb (0),1,,13,[CUDA memcpy Host-to-Device]
2155235069,3328,69149,,,,,,,,,,1.547,464729.580,Device,,NVIDIA A100-SXM4-40GB MIG 4g.20gb (0),1,,13,[CUDA memset]
2155240093,3328,69154,,,,,,,,,,0.031,9403.822,Pinned,Device,NVIDIA A100-SXM4-40GB MIG 4g.20gb (0),1,,13,[CUDA memcpy Host-to-Device]
2155245693,9408,69155,,,,,,,,,,0.197,20897.858,Pinned,Device,NVIDIA A100-SXM4-40GB MIG 4g.20gb (0),1,,13,[CUDA memcpy Host-to-Device]
2155259837,6336,69156,273,1,1,8,4,1,39,0.002,0.000,,,,,NVIDIA A100-SXM4-40GB MIG 4g.20gb (0),1,,13,"void channel_eq::eqMmseCoefCompLowMimoKernel<float, float, float, (unsigned int)4, (unsigned int)1, (unsigned int)4>(const channel_eq::_puschRxChEqStatDescr *, channel_eq::_puschRxChEqCoefCompDynDescr)"
2155269085,5952,69157,273,1,1,12,11,1,51,0.002,0.000,,,,,NVIDIA A100-SXM4-40GB MIG 4g.20gb (0),1,,13,"void channel_eq::eqMmseSoftDemapKernel<float, __half, __half, float, (unsigned int)4, (unsigned short)16383>(channel_eq::_puschRxChEqStatDescr *, channel_eq::_puschRxChEqSoftDemapDynDescr)"
2155276189,290044,69158,1,1,1,32,32,1,30,0.000,0.000,,,,,NVIDIA A100-SXM4-40GB MIG 4g.20gb (0),1,,13,"void convert_kernel<float2, __half2>(tensor_layout_any, T1 *, tensor_layout_any, const T2 *)"
2155569401,11008,69170,2253,1,1,128,1,1,16,0.000,0.000,,,,,NVIDIA A100-SXM4-40GB MIG 4g.20gb (0),1,,13,cupy_copy__float16_float16
2155583609,2848,69179,282,1,1,128,1,1,16,0.000,0.000,,,,,NVIDIA A100-SXM4-40GB MIG 4g.20gb (0),1,,13,cupy_copy__complex64_complex64
2155589241,2112,69188,26,1,1,128,1,1,16,0.000,0.000,,,,,NVIDIA A100-SXM4-40GB MIG 4g.20gb (0),1,,13,cupy_copy__float32_float32
2155593113,3968,69197,103,1,1,128,1,1,16,0.000,0.000,,,,,NVIDIA A100-SXM4-40GB MIG 4g.20gb (0),1,,13,cupy_copy__complex64_complex64
2155600249,12127,69207,1434,1,1,128,1,1,16,0.000,0.000,,,,,NVIDIA A100-SXM4-40GB MIG 4g.20gb (0),1,,13,cupy_copy__complex64_complex64
2155615992,80831,69212,1,1,1,32,32,1,30,0.000,0.000,,,,,NVIDIA A100-SXM4-40GB MIG 4g.20gb (0),1,,13,"void convert_kernel<__half2, float2>(tensor_layout_any, T1 *, tensor_layout_any, const T2 *)"
2155723671,5568,69215,,,,,,,,,,0.094,16827.521,Pinned,Device,NVIDIA A100-SXM4-40GB MIG 4g.20gb (0),1,,13,[CUDA memcpy Host-to-Device]
2155736183,597465,69216,,,,,,,,,,456.561,763827.289,Device,,NVIDIA A100-SXM4-40GB MIG 4g.20gb (0),1,,13,[CUDA memset]
2156340239,118655,69221,,,,,,,,,,1.235,10406.873,Pinned,Device,NVIDIA A100-SXM4-40GB MIG 4g.20gb (0),1,,13,[CUDA memcpy Host-to-Device]
2156474574,41535,69222,,,,,,,,,,0.197,4733.534,Pinned,Device,NVIDIA A100-SXM4-40GB MIG 4g.20gb (0),1,,13,[CUDA memcpy Host-to-Device]
2156544717,7936,69223,69,4,1,48,1,1,76,0.002,0.000,,,,,NVIDIA A100-SXM4-40GB MIG 4g.20gb (0),1,,13,"void ch_est::windowedChEstPreNoDftSOfdmKernel<float, __half, float, (unsigned int)2, (unsigned int)1, (unsigned short)4>(ch_est::puschRxChEstStatDescr_t *, ch_est::puschRxChEstDynDescr_t *)"
2156563885,6496,69224,137,2,1,24,2,1,44,0.001,0.001,,,,,NVIDIA A100-SXM4-40GB MIG 4g.20gb (0),1,,13,"void ch_est::chEstFilterNoDftSOfdmDispatchKernel<float, __half, float, (unsigned int)2>(ch_est::puschRxChEstStatDescr_t *, ch_est::puschRxChEstDynDescr_t *)"
2156580876,4704,69225,137,2,1,24,2,1,44,0.001,0.001,,,,,NVIDIA A100-SXM4-40GB MIG 4g.20gb (0),1,,13,"void ch_est::chEstFilterNoDftSOfdmDispatchKernel<float, __half, float, (unsigned int)2>(ch_est::puschRxChEstStatDescr_t *, ch_est::puschRxChEstDynDescr_t *)"
2156597644,2528,69236,103,1,1,128,1,1,16,0.000,0.000,,,,,NVIDIA A100-SXM4-40GB MIG 4g.20gb (0),1,,13,cupy_copy__complex64_complex64
2156615500,12448,69246,1434,1,1,128,1,1,16,0.000,0.000,,,,,NVIDIA A100-SXM4-40GB MIG 4g.20gb (0),1,,13,cupy_copy__complex64_complex64
2156634988,2912,69253,103,1,1,128,1,1,16,0.000,0.000,,,,,NVIDIA A100-SXM4-40GB MIG 4g.20gb (0),1,,13,cupy_copy__complex64_complex64
2156656428,98910,69260,1,1,1,32,32,1,30,0.000,0.000,,,,,NVIDIA A100-SXM4-40GB MIG 4g.20gb (0),1,,13,"void convert_kernel<__half2, float2>(tensor_layout_any, T1 *, tensor_layout_any, const T2 *)"
2156790666,19488,69263,,,,,,,,,,0.094,4807.823,Pinned,Device,NVIDIA A100-SXM4-40GB MIG 4g.20gb (0),1,,13,[CUDA memcpy Host-to-Device]
2156822697,47328,69264,,,,,,,,,,35.810,756627.800,Device,,NVIDIA A100-SXM4-40GB MIG 4g.20gb (0),1,,13,[CUDA memset]
2156877737,3680,69266,,,,,,,,,,0.000,21.739,Pinned,Device,NVIDIA A100-SXM4-40GB MIG 4g.20gb (0),1,,13,[CUDA memcpy Host-to-Device]
2156891433,20639,69267,,,,,,,,,,0.197,9525.854,Pinned,Device,NVIDIA A100-SXM4-40GB MIG 4g.20gb (0),1,,13,[CUDA memcpy Host-to-Device]
2156923752,9888,69268,273,1,1,48,1,1,40,0.000,0.001,,,,,NVIDIA A100-SXM4-40GB MIG 4g.20gb (0),1,,13,"void pusch_noise_intf_est::noiseIntfEstNoDftSOfdmKernel<float, __half, float, float, (unsigned int)2, (unsigned int)1, (unsigned char)4, (unsigned char)4>(pusch_noise_intf_est::puschRxNoiseIntfEstDynDescr)"
2156938440,3168,69279,35,1,1,128,1,1,16,0.000,0.000,,,,,NVIDIA A100-SXM4-40GB MIG 4g.20gb (0),1,,13,cupy_copy__complex64_complex64
2156946120,1856,69288,1,1,1,1,1,1,18,0.000,0.000,,,,,NVIDIA A100-SXM4-40GB MIG 4g.20gb (0),1,,13,cupy_copy__float32_float32
2156954536,3680,69294,,,,,,,,,,0.000,1.087,Device,Pageable,NVIDIA A100-SXM4-40GB MIG 4g.20gb (0),1,,7,[CUDA memcpy Device-to-Host]
2157026343,13888,69305,1434,1,1,128,1,1,16,0.000,0.000,,,,,NVIDIA A100-SXM4-40GB MIG 4g.20gb (0),1,,13,cupy_copy__complex64_complex64
2157051911,3424,69312,103,1,1,128,1,1,16,0.000,0.000,,,,,NVIDIA A100-SXM4-40GB MIG 4g.20gb (0),1,,13,cupy_copy__complex64_complex64
2157074278,2752,69319,35,1,1,128,1,1,16,0.000,0.000,,,,,NVIDIA A100-SXM4-40GB MIG 4g.20gb (0),1,,13,cupy_copy__complex64_complex64
2157091430,1824,69326,1,1,1,1,1,1,18,0.000,0.000,,,,,NVIDIA A100-SXM4-40GB MIG 4g.20gb (0),1,,13,cupy_copy__float32_float32
2157224261,82110,69337,1,1,1,32,32,1,30,0.000,0.000,,,,,NVIDIA A100-SXM4-40GB MIG 4g.20gb (0),1,,13,"void convert_kernel<__half2, float2>(tensor_layout_any, T1 *, tensor_layout_any, const T2 *)"
2157334339,5408,69340,,,,,,,,,,0.094,17325.421,Pinned,Device,NVIDIA A100-SXM4-40GB MIG 4g.20gb (0),1,,13,[CUDA memcpy Host-to-Device]
2157348675,3200,69341,,,,,,,,,,1.547,483320.000,Device,,NVIDIA A100-SXM4-40GB MIG 4g.20gb (0),1,,13,[CUDA memset]
2157355523,3040,69346,,,,,,,,,,0.031,10294.725,Pinned,Device,NVIDIA A100-SXM4-40GB MIG 4g.20gb (0),1,,13,[CUDA memcpy Host-to-Device]
2157361027,9952,69347,,,,,,,,,,0.197,19755.565,Pinned,Device,NVIDIA A100-SXM4-40GB MIG 4g.20gb (0),1,,13,[CUDA memcpy Host-to-Device]
2157377795,8959,69348,273,1,1,8,4,1,39,0.002,0.000,,,,,NVIDIA A100-SXM4-40GB MIG 4g.20gb (0),1,,13,"void channel_eq::eqMmseCoefCompLowMimoKernel<float, float, float, (unsigned int)4, (unsigned int)1, (unsigned int)4>(const channel_eq::_puschRxChEqStatDescr *, channel_eq::_puschRxChEqCoefCompDynDescr)"
2157389538,6528,69349,273,1,1,12,11,1,51,0.002,0.000,,,,,NVIDIA A100-SXM4-40GB MIG 4g.20gb (0),1,,13,"void channel_eq::eqMmseSoftDemapKernel<float, __half, __half, float, (unsigned int)4, (unsigned short)16383>(channel_eq::_puschRxChEqStatDescr *, channel_eq::_puschRxChEqSoftDemapDynDescr)"
2157398306,295069,69350,1,1,1,32,32,1,30,0.000,0.000,,,,,NVIDIA A100-SXM4-40GB MIG 4g.20gb (0),1,,13,"void convert_kernel<float2, __half2>(tensor_layout_any, T1 *, tensor_layout_any, const T2 *)"
2157694303,10784,69362,2253,1,1,128,1,1,16,0.000,0.000,,,,,NVIDIA A100-SXM4-40GB MIG 4g.20gb (0),1,,13,cupy_copy__float16_float16
2157707007,2784,69371,282,1,1,128,1,1,16,0.000,0.000,,,,,NVIDIA A100-SXM4-40GB MIG 4g.20gb (0),1,,13,cupy_copy__complex64_complex64
2157712030,2048,69380,26,1,1,128,1,1,16,0.000,0.000,,,,,NVIDIA A100-SXM4-40GB MIG 4g.20gb (0),1,,13,cupy_copy__float32_float32
2157716414,3776,69389,103,1,1,128,1,1,16,0.000,0.000,,,,,NVIDIA A100-SXM4-40GB MIG 4g.20gb (0),1,,13,cupy_copy__complex64_complex64
2157721278,11840,69399,1434,1,1,128,1,1,16,0.000,0.000,,,,,NVIDIA A100-SXM4-40GB MIG 4g.20gb (0),1,,13,cupy_copy__complex64_complex64
2157734974,87871,69404,1,1,1,32,32,1,30,0.000,0.000,,,,,NVIDIA A100-SXM4-40GB MIG 4g.20gb (0),1,,13,"void convert_kernel<__half2, float2>(tensor_layout_any, T1 *, tensor_layout_any, const T2 *)"
2157850045,5600,69407,,,,,,,,,,0.094,16731.388,Pinned,Device,NVIDIA A100-SXM4-40GB MIG 4g.20gb (0),1,,13,[CUDA memcpy Host-to-Device]
2157860093,597144,69408,,,,,,,,,,456.561,764283.851,Device,,NVIDIA A100-SXM4-40GB MIG 4g.20gb (0),1,,13,[CUDA memset]
2158465365,157310,69413,,,,,,,,,,1.235,7849.304,Pinned,Device,NVIDIA A100-SXM4-40GB MIG 4g.20gb (0),1,,13,[CUDA memcpy Host-to-Device]
2158633107,42176,69414,,,,,,,,,,0.197,4661.576,Pinned,Device,NVIDIA A100-SXM4-40GB MIG 4g.20gb (0),1,,13,[CUDA memcpy Host-to-Device]
2158702930,8160,69415,69,4,1,48,1,1,76,0.002,0.000,,,,,NVIDIA A100-SXM4-40GB MIG 4g.20gb (0),1,,13,"void ch_est::windowedChEstPreNoDftSOfdmKernel<float, __half, float, (unsigned int)2, (unsigned int)1, (unsigned short)4>(ch_est::puschRxChEstStatDescr_t *, ch_est::puschRxChEstDynDescr_t *)"
2158722482,6944,69416,137,2,1,24,2,1,44,0.001,0.001,,,,,NVIDIA A100-SXM4-40GB MIG 4g.20gb (0),1,,13,"void ch_est::chEstFilterNoDftSOfdmDispatchKernel<float, __half, float, (unsigned int)2>(ch_est::puschRxChEstStatDescr_t *, ch_est::puschRxChEstDynDescr_t *)"
2158739186,4704,69417,137,2,1,24,2,1,44,0.001,0.001,,,,,NVIDIA A100-SXM4-40GB MIG 4g.20gb (0),1,,13,"void ch_est::chEstFilterNoDftSOfdmDispatchKernel<float, __half, float, (unsigned int)2>(ch_est::puschRxChEstStatDescr_t *, ch_est::puschRxChEstDynDescr_t *)"
2158756466,2656,69428,103,1,1,128,1,1,16,0.000,0.000,,,,,NVIDIA A100-SXM4-40GB MIG 4g.20gb (0),1,,13,cupy_copy__complex64_complex64
2158773169,12352,69438,1434,1,1,128,1,1,16,0.000,0.000,,,,,NVIDIA A100-SXM4-40GB MIG 4g.20gb (0),1,,13,cupy_copy__complex64_complex64
2158798481,2528,69445,103,1,1,128,1,1,16,0.000,0.000,,,,,NVIDIA A100-SXM4-40GB MIG 4g.20gb (0),1,,13,cupy_copy__complex64_complex64
2158820465,93183,69452,1,1,1,32,32,1,30,0.000,0.000,,,,,NVIDIA A100-SXM4-40GB MIG 4g.20gb (0),1,,13,"void convert_kernel<__half2, float2>(tensor_layout_any, T1 *, tensor_layout_any, const T2 *)"
2158950191,26208,69455,,,,,,,,,,0.094,3575.065,Pinned,Device,NVIDIA A100-SXM4-40GB MIG 4g.20gb (0),1,,13,[CUDA memcpy Host-to-Device]
2158991055,47071,69456,,,,,,,,,,35.810,760745.940,Device,,NVIDIA A100-SXM4-40GB MIG 4g.20gb (0),1,,13,[CUDA memset]
2159045294,9344,69458,,,,,,,,,,0.000,8.562,Pinned,Device,NVIDIA A100-SXM4-40GB MIG 4g.20gb (0),1,,13,[CUDA memcpy Host-to-Device]
2159065294,27327,69459,,,,,,,,,,0.197,7194.477,Pinned,Device,NVIDIA A100-SXM4-40GB MIG 4g.20gb (0),1,,13,[CUDA memcpy Host-to-Device]
2159115661,9344,69460,273,1,1,48,1,1,40,0.000,0.001,,,,,NVIDIA A100-SXM4-40GB MIG 4g.20gb (0),1,,13,"void pusch_noise_intf_est::noiseIntfEstNoDftSOfdmKernel<float, __half, float, float, (unsigned int)2, (unsigned int)1, (unsigned char)4, (unsigned char)4>(pusch_noise_intf_est::puschRxNoiseIntfEstDynDescr)"
2159132077,2752,69471,35,1,1,128,1,1,16,0.000,0.000,,,,,NVIDIA A100-SXM4-40GB MIG 4g.20gb (0),1,,13,cupy_copy__complex64_complex64
2159148749,1696,69480,1,1,1,1,1,1,18,0.000,0.000,,,,,NVIDIA A100-SXM4-40GB MIG 4g.20gb (0),1,,13,cupy_copy__float32_float32
2159152013,8096,69486,,,,,,,,,,0.000,0.494,Device,Pageable,NVIDIA A100-SXM4-40GB MIG 4g.20gb (0),1,,7,[CUDA memcpy Device-to-Host]
2159250923,12768,69497,1434,1,1,128,1,1,16,0.000,0.000,,,,,NVIDIA A100-SXM4-40GB MIG 4g.20gb (0),1,,13,cupy_copy__complex64_complex64
2159271403,3072,69504,103,1,1,128,1,1,16,0.000,0.000,,,,,NVIDIA A100-SXM4-40GB MIG 4g.20gb (0),1,,13,cupy_copy__complex64_complex64
2159295307,2528,69511,35,1,1,128,1,1,16,0.000,0.000,,,,,NVIDIA A100-SXM4-40GB MIG 4g.20gb (0),1,,13,cupy_copy__complex64_complex64
2159306603,1920,69518,1,1,1,1,1,1,18,0.000,0.000,,,,,NVIDIA A100-SXM4-40GB MIG 4g.20gb (0),1,,13,cupy_copy__float32_float32
2159438985,89439,69529,1,1,1,32,32,1,30,0.000,0.000,,,,,NVIDIA A100-SXM4-40GB MIG 4g.20gb (0),1,,13,"void convert_kernel<__half2, float2>(tensor_layout_any, T1 *, tensor_layout_any, const T2 *)"
2159557736,5856,69532,,,,,,,,,,0.094,15999.997,Pinned,Device,NVIDIA A100-SXM4-40GB MIG 4g.20gb (0),1,,13,[CUDA memcpy Host-to-Device]
2159573447,3296,69533,,,,,,,,,,1.547,469242.628,Device,,NVIDIA A100-SXM4-40GB MIG 4g.20gb (0),1,,13,[CUDA memset]
2159578695,3008,69538,,,,,,,,,,0.031,10404.230,Pinned,Device,NVIDIA A100-SXM4-40GB MIG 4g.20gb (0),1,,13,[CUDA memcpy Host-to-Device]
2159584135,9984,69539,,,,,,,,,,0.197,19692.257,Pinned,Device,NVIDIA A100-SXM4-40GB MIG 4g.20gb (0),1,,13,[CUDA memcpy Host-to-Device]
2159598599,6368,69540,273,1,1,8,4,1,39,0.002,0.000,,,,,NVIDIA A100-SXM4-40GB MIG 4g.20gb (0),1,,13,"void channel_eq::eqMmseCoefCompLowMimoKernel<float, float, float, (unsigned int)4, (unsigned int)1, (unsigned int)4>(const channel_eq::_puschRxChEqStatDescr *, channel_eq::_puschRxChEqCoefCompDynDescr)"
2159607719,5952,69541,273,1,1,12,11,1,51,0.002,0.000,,,,,NVIDIA A100-SXM4-40GB MIG 4g.20gb (0),1,,13,"void channel_eq::eqMmseSoftDemapKernel<float, __half, __half, float, (unsigned int)4, (unsigned short)16383>(channel_eq::_puschRxChEqStatDescr *, channel_eq::_puschRxChEqSoftDemapDynDescr)"
2159616231,282236,69542,1,1,1,32,32,1,30,0.000,0.000,,,,,NVIDIA A100-SXM4-40GB MIG 4g.20gb (0),1,,13,"void convert_kernel<float2, __half2>(tensor_layout_any, T1 *, tensor_layout_any, const T2 *)"
2159900099,11072,69554,2253,1,1,128,1,1,16,0.000,0.000,,,,,NVIDIA A100-SXM4-40GB MIG 4g.20gb (0),1,,13,cupy_copy__float16_float16
2159913443,3680,69563,282,1,1,128,1,1,16,0.000,0.000,,,,,NVIDIA A100-SXM4-40GB MIG 4g.20gb (0),1,,13,cupy_copy__complex64_complex64
2159918563,2368,69572,26,1,1,128,1,1,16,0.000,0.000,,,,,NVIDIA A100-SXM4-40GB MIG 4g.20gb (0),1,,13,cupy_copy__float32_float32
2159924355,3040,69581,103,1,1,128,1,1,16,0.000,0.000,,,,,NVIDIA A100-SXM4-40GB MIG 4g.20gb (0),1,,13,cupy_copy__complex64_complex64
2159930851,12000,69591,1434,1,1,128,1,1,16,0.000,0.000,,,,,NVIDIA A100-SXM4-40GB MIG 4g.20gb (0),1,,13,cupy_copy__complex64_complex64
2159948867,86847,69596,1,1,1,32,32,1,30,0.000,0.000,,,,,NVIDIA A100-SXM4-40GB MIG 4g.20gb (0),1,,13,"void convert_kernel<__half2, float2>(tensor_layout_any, T1 *, tensor_layout_any, const T2 *)"
2160062817,5952,69599,,,,,,,,,,0.094,15741.865,Pinned,Device,NVIDIA A100-SXM4-40GB MIG 4g.20gb (0),1,,13,[CUDA memcpy Host-to-Device]
2160076097,600089,69600,,,,,,,,,,456.561,760631.359,Device,,NVIDIA A100-SXM4-40GB MIG 4g.20gb (0),1,,13,[CUDA memset]
2160682874,76831,69605,,,,,,,,,,1.235,16072.796,Pinned,Device,NVIDIA A100-SXM4-40GB MIG 4g.20gb (0),1,,13,[CUDA memcpy Host-to-Device]
2160762457,16256,69606,,,,,,,,,,0.197,12094.341,Pinned,Device,NVIDIA A100-SXM4-40GB MIG 4g.20gb (0),1,,13,[CUDA memcpy Host-to-Device]
2160787288,8064,69607,69,4,1,48,1,1,76,0.002,0.000,,,,,NVIDIA A100-SXM4-40GB MIG 4g.20gb (0),1,,13,"void ch_est::windowedChEstPreNoDftSOfdmKernel<float, __half, float, (unsigned int)2, (unsigned int)1, (unsigned short)4>(ch_est::puschRxChEstStatDescr_t *, ch_est::puschRxChEstDynDescr_t *)"
2160803416,6528,69608,137,2,1,24,2,1,44,0.001,0.001,,,,,NVIDIA A100-SXM4-40GB MIG 4g.20gb (0),1,,13,"void ch_est::chEstFilterNoDftSOfdmDispatchKernel<float, __half, float, (unsigned int)2>(ch_est::puschRxChEstStatDescr_t *, ch_est::puschRxChEstDynDescr_t *)"
2160811640,6240,69609,137,2,1,24,2,1,44,0.001,0.001,,,,,NVIDIA A100-SXM4-40GB MIG 4g.20gb (0),1,,13,"void ch_est::chEstFilterNoDftSOfdmDispatchKernel<float, __half, float, (unsigned int)2>(ch_est::puschRxChEstStatDescr_t *, ch_est::puschRxChEstDynDescr_t *)"
2160819512,3136,69620,103,1,1,128,1,1,16,0.000,0.000,,,,,NVIDIA A100-SXM4-40GB MIG 4g.20gb (0),1,,13,cupy_copy__complex64_complex64
2160827224,12704,69630,1434,1,1,128,1,1,16,0.000,0.000,,,,,NVIDIA A100-SXM4-40GB MIG 4g.20gb (0),1,,13,cupy_copy__complex64_complex64
2160842552,2624,69637,103,1,1,128,1,1,16,0.000,0.000,,,,,NVIDIA A100-SXM4-40GB MIG 4g.20gb (0),1,,13,cupy_copy__complex64_complex64
2160850872,87967,69644,1,1,1,32,32,1,30,0.000,0.000,,,,,NVIDIA A100-SXM4-40GB MIG 4g.20gb (0),1,,13,"void convert_kernel<__half2, float2>(tensor_layout_any, T1 *, tensor_layout_any, const T2 *)"
2160967222,5536,69647,,,,,,,,,,0.094,16924.777,Pinned,Device,NVIDIA A100-SXM4-40GB MIG 4g.20gb (0),1,,13,[CUDA memcpy Host-to-Device]
2160978838,47200,69648,,,,,,,,,,35.810,758668.965,Device,,NVIDIA A100-SXM4-40GB MIG 4g.20gb (0),1,,13,[CUDA memset]
2161032757,3200,69650,,,,,,,,,,0.000,25.000,Pinned,Device,NVIDIA A100-SXM4-40GB MIG 4g.20gb (0),1,,13,[CUDA memcpy Host-to-Device]
2161041973,14720,69651,,,,,,,,,,0.197,13356.368,Pinned,Device,NVIDIA A100-SXM4-40GB MIG 4g.20gb (0),1,,13,[CUDA memcpy Host-to-Device]
2161064693,9280,69652,273,1,1,48,1,1,40,0.000,0.001,,,,,NVIDIA A100-SXM4-40GB MIG 4g.20gb (0),1,,13,"void pusch_noise_intf_est::noiseIntfEstNoDftSOfdmKernel<float, __half, float, float, (unsigned int)2, (unsigned int)1, (unsigned char)4, (unsigned char)4>(pusch_noise_intf_est::puschRxNoiseIntfEstDynDescr)"
2161077781,3200,69663,35,1,1,128,1,1,16,0.000,0.000,,,,,NVIDIA A100-SXM4-40GB MIG 4g.20gb (0),1,,13,cupy_copy__complex64_complex64
2161087893,1920,69672,1,1,1,1,1,1,18,0.000,0.000,,,,,NVIDIA A100-SXM4-40GB MIG 4g.20gb (0),1,,13,cupy_copy__float32_float32
2161121460,1824,69678,,,,,,,,,,0.000,2.193,Device,Pageable,NVIDIA A100-SXM4-40GB MIG 4g.20gb (0),1,,7,[CUDA memcpy Device-to-Host]
2161183828,13215,69689,1434,1,1,128,1,1,16,0.000,0.000,,,,,NVIDIA A100-SXM4-40GB MIG 4g.20gb (0),1,,13,cupy_copy__complex64_complex64
2161209363,2624,69696,103,1,1,128,1,1,16,0.000,0.000,,,,,NVIDIA A100-SXM4-40GB MIG 4g.20gb (0),1,,13,cupy_copy__complex64_complex64
2161230067,2368,69703,35,1,1,128,1,1,16,0.000,0.000,,,,,NVIDIA A100-SXM4-40GB MIG 4g.20gb (0),1,,13,cupy_copy__complex64_complex64
2161248627,1760,69710,1,1,1,1,1,1,18,0.000,0.000,,,,,NVIDIA A100-SXM4-40GB MIG 4g.20gb (0),1,,13,cupy_copy__float32_float32
2161381937,87455,69721,1,1,1,32,32,1,30,0.000,0.000,,,,,NVIDIA A100-SXM4-40GB MIG 4g.20gb (0),1,,13,"void convert_kernel<__half2, float2>(tensor_layout_any, T1 *, tensor_layout_any, const T2 *)"
2161497200,6112,69724,,,,,,,,,,0.094,15329.790,Pinned,Device,NVIDIA A100-SXM4-40GB MIG 4g.20gb (0),1,,13,[CUDA memcpy Host-to-Device]
2161511664,3359,69725,,,,,,,,,,1.547,460440.791,Device,,NVIDIA A100-SXM4-40GB MIG 4g.20gb (0),1,,13,[CUDA memset]
2161518607,3104,69730,,,,,,,,,,0.031,10082.445,Pinned,Device,NVIDIA A100-SXM4-40GB MIG 4g.20gb (0),1,,13,[CUDA memcpy Host-to-Device]
2161524143,9824,69731,,,,,,,,,,0.197,20012.925,Pinned,Device,NVIDIA A100-SXM4-40GB MIG 4g.20gb (0),1,,13,[CUDA memcpy Host-to-Device]
2161539215,6592,69732,273,1,1,8,4,1,39,0.002,0.000,,,,,NVIDIA A100-SXM4-40GB MIG 4g.20gb (0),1,,13,"void channel_eq::eqMmseCoefCompLowMimoKernel<float, float, float, (unsigned int)4, (unsigned int)1, (unsigned int)4>(const channel_eq::_puschRxChEqStatDescr *, channel_eq::_puschRxChEqCoefCompDynDescr)"
2161546895,6080,69733,273,1,1,12,11,1,51,0.002,0.000,,,,,NVIDIA A100-SXM4-40GB MIG 4g.20gb (0),1,,13,"void channel_eq::eqMmseSoftDemapKernel<float, __half, __half, float, (unsigned int)4, (unsigned short)16383>(channel_eq::_puschRxChEqStatDescr *, channel_eq::_puschRxChEqSoftDemapDynDescr)"
2161554095,282940,69734,1,1,1,32,32,1,30,0.000,0.000,,,,,NVIDIA A100-SXM4-40GB MIG 4g.20gb (0),1,,13,"void convert_kernel<float2, __half2>(tensor_layout_any, T1 *, tensor_layout_any, const T2 *)"
2161838091,10976,69746,2253,1,1,128,1,1,16,0.000,0.000,,,,,NVIDIA A100-SXM4-40GB MIG 4g.20gb (0),1,,13,cupy_copy__float16_float16
2161852075,3360,69755,282,1,1,128,1,1,16,0.000,0.000,,,,,NVIDIA A100-SXM4-40GB MIG 4g.20gb (0),1,,13,cupy_copy__complex64_complex64
2161858987,3296,69764,26,1,1,128,1,1,16,0.000,0.000,,,,,NVIDIA A100-SXM4-40GB MIG 4g.20gb (0),1,,13,cupy_copy__float32_float32
2161864939,3168,69773,103,1,1,128,1,1,16,0.000,0.000,,,,,NVIDIA A100-SXM4-40GB MIG 4g.20gb (0),1,,13,cupy_copy__complex64_complex64
2161871659,11968,69783,1434,1,1,128,1,1,16,0.000,0.000,,,,,NVIDIA A100-SXM4-40GB MIG 4g.20gb (0),1,,13,cupy_copy__complex64_complex64
2161890539,87359,69788,1,1,1,32,32,1,30,0.000,0.000,,,,,NVIDIA A100-SXM4-40GB MIG 4g.20gb (0),1,,13,"void convert_kernel<__half2, float2>(tensor_layout_any, T1 *, tensor_layout_any, const T2 *)"
2162007721,5408,69791,,,,,,,,,,0.094,17325.421,Pinned,Device,NVIDIA A100-SXM4-40GB MIG 4g.20gb (0),1,,13,[CUDA memcpy Host-to-Device]
2162018761,596697,69792,,,,,,,,,,456.561,764740.412,Device,,NVIDIA A100-SXM4-40GB MIG 4g.20gb (0),1,,13,[CUDA memset]
2162620610,126686,69797,,,,,,,,,,1.235,9747.413,Pinned,Device,NVIDIA A100-SXM4-40GB MIG 4g.20gb (0),1,,13,[CUDA memcpy Host-to-Device]
2162760256,41184,69798,,,,,,,,,,0.197,4773.839,Pinned,Device,NVIDIA A100-SXM4-40GB MIG 4g.20gb (0),1,,13,[CUDA memcpy Host-to-Device]
2162818591,7776,69799,69,4,1,48,1,1,76,0.002,0.000,,,,,NVIDIA A100-SXM4-40GB MIG 4g.20gb (0),1,,13,"void ch_est::windowedChEstPreNoDftSOfdmKernel<float, __half, float, (unsigned int)2, (unsigned int)1, (unsigned short)4>(ch_est::puschRxChEstStatDescr_t *, ch_est::puschRxChEstDynDescr_t *)"
2162837567,6656,69800,137,2,1,24,2,1,44,0.001,0.001,,,,,NVIDIA A100-SXM4-40GB MIG 4g.20gb (0),1,,13,"void ch_est::chEstFilterNoDftSOfdmDispatchKernel<float, __half, float, (unsigned int)2>(ch_est::puschRxChEstStatDescr_t *, ch_est::puschRxChEstDynDescr_t *)"
2162851231,4832,69801,137,2,1,24,2,1,44,0.001,0.001,,,,,NVIDIA A100-SXM4-40GB MIG 4g.20gb (0),1,,13,"void ch_est::chEstFilterNoDftSOfdmDispatchKernel<float, __half, float, (unsigned int)2>(ch_est::puschRxChEstStatDescr_t *, ch_est::puschRxChEstDynDescr_t *)"
2162867327,2624,69812,103,1,1,128,1,1,16,0.000,0.000,,,,,NVIDIA A100-SXM4-40GB MIG 4g.20gb (0),1,,13,cupy_copy__complex64_complex64
2162877631,12479,69822,1434,1,1,128,1,1,16,0.000,0.000,,,,,NVIDIA A100-SXM4-40GB MIG 4g.20gb (0),1,,13,cupy_copy__complex64_complex64
2162901822,2592,69829,103,1,1,128,1,1,16,0.000,0.000,,,,,NVIDIA A100-SXM4-40GB MIG 4g.20gb (0),1,,13,cupy_copy__complex64_complex64
2162911934,81375,69836,1,1,1,32,32,1,30,0.000,0.000,,,,,NVIDIA A100-SXM4-40GB MIG 4g.20gb (0),1,,13,"void convert_kernel<__half2, float2>(tensor_layout_any, T1 *, tensor_layout_any, const T2 *)"
2163022941,14144,69839,,,,,,,,,,0.094,6624.401,Pinned,Device,NVIDIA A100-SXM4-40GB MIG 4g.20gb (0),1,,13,[CUDA memcpy Host-to-Device]
2163048061,46975,69840,,,,,,,,,,35.810,762285.767,Device,,NVIDIA A100-SXM4-40GB MIG 4g.20gb (0),1,,13,[CUDA memset]
2163099484,5504,69842,,,,,,,,,,0.000,14.535,Pinned,Device,NVIDIA A100-SXM4-40GB MIG 4g.20gb (0),1,,13,[CUDA memcpy Host-to-Device]
2163111356,16416,69843,,,,,,,,,,0.197,11976.573,Pinned,Device,NVIDIA A100-SXM4-40GB MIG 4g.20gb (0),1,,13,[CUDA memcpy Host-to-Device]
2163139803,10048,69844,273,1,1,48,1,1,40,0.000,0.001,,,,,NVIDIA A100-SXM4-40GB MIG 4g.20gb (0),1,,13,"void pusch_noise_intf_est::noiseIntfEstNoDftSOfdmKernel<float, __half, float, float, (unsigned int)2, (unsigned int)1, (unsigned char)4, (unsigned char)4>(pusch_noise_intf_est::puschRxNoiseIntfEstDynDescr)"
2163154651,2784,69855,35,1,1,128,1,1,16,0.000,0.000,,,,,NVIDIA A100-SXM4-40GB MIG 4g.20gb (0),1,,13,cupy_copy__complex64_complex64
2163161115,1760,69864,1,1,1,1,1,1,18,0.000,0.000,,,,,NVIDIA A100-SXM4-40GB MIG 4g.20gb (0),1,,13,cupy_copy__float32_float32
2163180891,2112,69870,,,,,,,,,,0.000,1.894,Device,Pageable,NVIDIA A100-SXM4-40GB MIG 4g.20gb (0),1,,7,[CUDA memcpy Device-to-Host]
2163244122,12928,69881,1434,1,1,128,1,1,16,0.000,0.000,,,,,NVIDIA A100-SXM4-40GB MIG 4g.20gb (0),1,,13,cupy_copy__complex64_complex64
2163269018,2880,69888,103,1,1,128,1,1,16,0.000,0.000,,,,,NVIDIA A100-SXM4-40GB MIG 4g.20gb (0),1,,13,cupy_copy__complex64_complex64
2163289946,2431,69895,35,1,1,128,1,1,16,0.000,0.000,,,,,NVIDIA A100-SXM4-40GB MIG 4g.20gb (0),1,,13,cupy_copy__complex64_complex64
2163308281,1760,69902,1,1,1,1,1,1,18,0.000,0.000,,,,,NVIDIA A100-SXM4-40GB MIG 4g.20gb (0),1,,13,cupy_copy__float32_float32
2163439032,87199,69913,1,1,1,32,32,1,30,0.000,0.000,,,,,NVIDIA A100-SXM4-40GB MIG 4g.20gb (0),1,,13,"void convert_kernel<__half2, float2>(tensor_layout_any, T1 *, tensor_layout_any, const T2 *)"
2163554166,5568,69916,,,,,,,,,,0.094,16827.521,Pinned,Device,NVIDIA A100-SXM4-40GB MIG 4g.20gb (0),1,,13,[CUDA memcpy Host-to-Device]
2163568310,3104,69917,,,,,,,,,,1.547,498266.574,Device,,NVIDIA A100-SXM4-40GB MIG 4g.20gb (0),1,,13,[CUDA memset]
2163574774,3456,69922,,,,,,,,,,0.031,9055.529,Pinned,Device,NVIDIA A100-SXM4-40GB MIG 4g.20gb (0),1,,13,[CUDA memcpy Host-to-Device]
2163580662,9824,69923,,,,,,,,,,0.197,20012.925,Pinned,Device,NVIDIA A100-SXM4-40GB MIG 4g.20gb (0),1,,13,[CUDA memcpy Host-to-Device]
2163594486,6272,69924,273,1,1,8,4,1,39,0.002,0.000,,,,,NVIDIA A100-SXM4-40GB MIG 4g.20gb (0),1,,13,"void channel_eq::eqMmseCoefCompLowMimoKernel<float, float, float, (unsigned int)4, (unsigned int)1, (unsigned int)4>(const channel_eq::_puschRxChEqStatDescr *, channel_eq::_puschRxChEqCoefCompDynDescr)"
2163604150,5984,69925,273,1,1,12,11,1,51,0.002,0.000,,,,,NVIDIA A100-SXM4-40GB MIG 4g.20gb (0),1,,13,"void channel_eq::eqMmseSoftDemapKernel<float, __half, __half, float, (unsigned int)4, (unsigned short)16383>(channel_eq::_puschRxChEqStatDescr *, channel_eq::_puschRxChEqSoftDemapDynDescr)"
2163611798,290076,69926,1,1,1,32,32,1,30,0.000,0.000,,,,,NVIDIA A100-SXM4-40GB MIG 4g.20gb (0),1,,13,"void convert_kernel<float2, __half2>(tensor_layout_any, T1 *, tensor_layout_any, const T2 *)"
2163903058,10944,69938,2253,1,1,128,1,1,16,0.000,0.000,,,,,NVIDIA A100-SXM4-40GB MIG 4g.20gb (0),1,,13,cupy_copy__float16_float16
2163918354,2752,69947,282,1,1,128,1,1,16,0.000,0.000,,,,,NVIDIA A100-SXM4-40GB MIG 4g.20gb (0),1,,13,cupy_copy__complex64_complex64
2163923250,1984,69956,26,1,1,128,1,1,16,0.000,0.000,,,,,NVIDIA A100-SXM4-40GB MIG 4g.20gb (0),1,,13,cupy_copy__float32_float32
2163926258,3232,69965,103,1,1,128,1,1,16,0.000,0.000,,,,,NVIDIA A100-SXM4-40GB MIG 4g.20gb (0),1,,13,cupy_copy__complex64_complex64
2163932786,11999,69975,1434,1,1,128,1,1,16,0.000,0.000,,,,,NVIDIA A100-SXM4-40GB MIG 4g.20gb (0),1,,13,cupy_copy__complex64_complex64
2163948785,87423,69980,1,1,1,32,32,1,30,0.000,0.000,,,,,NVIDIA A100-SXM4-40GB MIG 4g.20gb (0),1,,13,"void convert_kernel<__half2, float2>(tensor_layout_any, T1 *, tensor_layout_any, const T2 *)"
2164063600,5568,69983,,,,,,,,,,0.094,16827.521,Pinned,Device,NVIDIA A100-SXM4-40GB MIG 4g.20gb (0),1,,13,[CUDA memcpy Host-to-Device]
2164073424,598232,69984,,,,,,,,,,456.561,762914.166,Device,,NVIDIA A100-SXM4-40GB MIG 4g.20gb (0),1,,13,[CUDA memset]
2164677096,159486,69989,,,,,,,,,,1.235,7743.099,Pinned,Device,NVIDIA A100-SXM4-40GB MIG 4g.20gb (0),1,,13,[CUDA memcpy Host-to-Device]
2164849702,40192,69990,,,,,,,,,,0.197,4891.607,Pinned,Device,NVIDIA A100-SXM4-40GB MIG 4g.20gb (0),1,,13,[CUDA memcpy Host-to-Device]
2164920357,8576,69991,69,4,1,48,1,1,76,0.002,0.000,,,,,NVIDIA A100-SXM4-40GB MIG 4g.20gb (0),1,,13,"void ch_est::windowedChEstPreNoDftSOfdmKernel<float, __half, float, (unsigned int)2, (unsigned int)1, (unsigned short)4>(ch_est::puschRxChEstStatDescr_t *, ch_est::puschRxChEstDynDescr_t *)"
2164938533,6944,69992,137,2,1,24,2,1,44,0.001,0.001,,,,,NVIDIA A100-SXM4-40GB MIG 4g.20gb (0),1,,13,"void ch_est::chEstFilterNoDftSOfdmDispatchKernel<float, __half, float, (unsigned int)2>(ch_est::puschRxChEstStatDescr_t *, ch_est::puschRxChEstDynDescr_t *)"
2164955973,4704,69993,137,2,1,24,2,1,44,0.001,0.001,,,,,NVIDIA A100-SXM4-40GB MIG 4g.20gb (0),1,,13,"void ch_est::chEstFilterNoDftSOfdmDispatchKernel<float, __half, float, (unsigned int)2>(ch_est::puschRxChEstStatDescr_t *, ch_est::puschRxChEstDynDescr_t *)"
2164972741,2528,70004,103,1,1,128,1,1,16,0.000,0.000,,,,,NVIDIA A100-SXM4-40GB MIG 4g.20gb (0),1,,13,cupy_copy__complex64_complex64
2164992100,12288,70014,1434,1,1,128,1,1,16,0.000,0.000,,,,,NVIDIA A100-SXM4-40GB MIG 4g.20gb (0),1,,13,cupy_copy__complex64_complex64
2165014020,2592,70021,103,1,1,128,1,1,16,0.000,0.000,,,,,NVIDIA A100-SXM4-40GB MIG 4g.20gb (0),1,,13,cupy_copy__complex64_complex64
2165036388,93215,70028,1,1,1,32,32,1,30,0.000,0.000,,,,,NVIDIA A100-SXM4-40GB MIG 4g.20gb (0),1,,13,"void convert_kernel<__half2, float2>(tensor_layout_any, T1 *, tensor_layout_any, const T2 *)"
2165163522,14816,70031,,,,,,,,,,0.094,6323.918,Pinned,Device,NVIDIA A100-SXM4-40GB MIG 4g.20gb (0),1,,13,[CUDA memcpy Host-to-Device]
2165184066,46976,70032,,,,,,,,,,35.810,762285.767,Device,,NVIDIA A100-SXM4-40GB MIG 4g.20gb (0),1,,13,[CUDA memset]
2165232226,5247,70034,,,,,,,,,,0.000,15.247,Pinned,Device,NVIDIA A100-SXM4-40GB MIG 4g.20gb (0),1,,13,[CUDA memcpy Host-to-Device]
2165243585,18336,70035,,,,,,,,,,0.197,10722.410,Pinned,Device,NVIDIA A100-SXM4-40GB MIG 4g.20gb (0),1,,13,[CUDA memcpy Host-to-Device]
2165273441,9952,70036,273,1,1,48,1,1,40,0.000,0.001,,,,,NVIDIA A100-SXM4-40GB MIG 4g.20gb (0),1,,13,"void pusch_noise_intf_est::noiseIntfEstNoDftSOfdmKernel<float, __half, float, float, (unsigned int)2, (unsigned int)1, (unsigned char)4, (unsigned char)4>(pusch_noise_intf_est::puschRxNoiseIntfEstDynDescr)"
2165289473,3136,70047,35,1,1,128,1,1,16,0.000,0.000,,,,,NVIDIA A100-SXM4-40GB MIG 4g.20gb (0),1,,13,cupy_copy__complex64_complex64
2165298177,2048,70056,1,1,1,1,1,1,18,0.000,0.000,,,,,NVIDIA A100-SXM4-40GB MIG 4g.20gb (0),1,,13,cupy_copy__float32_float32
2165316864,5824,70062,,,,,,,,,,0.000,0.687,Device,Pageable,NVIDIA A100-SXM4-40GB MIG 4g.20gb (0),1,,7,[CUDA memcpy Device-to-Host]
2165388512,12895,70073,1434,1,1,128,1,1,16,0.000,0.000,,,,,NVIDIA A100-SXM4-40GB MIG 4g.20gb (0),1,,13,cupy_copy__complex64_complex64
2165416095,3520,70080,103,1,1,128,1,1,16,0.000,0.000,,,,,NVIDIA A100-SXM4-40GB MIG 4g.20gb (0),1,,13,cupy_copy__complex64_complex64
2165442207,2624,70087,35,1,1,128,1,1,16,0.000,0.000,,,,,NVIDIA A100-SXM4-40GB MIG 4g.20gb (0),1,,13,cupy_copy__complex64_complex64
2165458111,1760,70094,1,1,1,1,1,1,18,0.000,0.000,,,,,NVIDIA A100-SXM4-40GB MIG 4g.20gb (0),1,,13,cupy_copy__float32_float32
2165579645,82719,70105,1,1,1,32,32,1,30,0.000,0.000,,,,,NVIDIA A100-SXM4-40GB MIG 4g.20gb (0),1,,13,"void convert_kernel<__half2, float2>(tensor_layout_any, T1 *, tensor_layout_any, const T2 *)"
2165690172,5664,70108,,,,,,,,,,0.094,16542.310,Pinned,Device,NVIDIA A100-SXM4-40GB MIG 4g.20gb (0),1,,13,[CUDA memcpy Host-to-Device]
2165704604,3424,70109,,,,,,,,,,1.547,451700.819,Device,,NVIDIA A100-SXM4-40GB MIG 4g.20gb (0),1,,13,[CUDA memset]
2165711580,3168,70114,,,,,,,,,,0.031,9878.770,Pinned,Device,NVIDIA A100-SXM4-40GB MIG 4g.20gb (0),1,,13,[CUDA memcpy Host-to-Device]
2165717340,9407,70115,,,,,,,,,,0.197,20900.020,Pinned,Device,NVIDIA A100-SXM4-40GB MIG 4g.20gb (0),1,,13,[CUDA memcpy Host-to-Device]
2165732219,6048,70116,273,1,1,8,4,1,39,0.002,0.000,,,,,NVIDIA A100-SXM4-40GB MIG 4g.20gb (0),1,,13,"void channel_eq::eqMmseCoefCompLowMimoKernel<float, float, float, (unsigned int)4, (unsigned int)1, (unsigned int)4>(const channel_eq::_puschRxChEqStatDescr *, channel_eq::_puschRxChEqCoefCompDynDescr)"
2165741275,5824,70117,273,1,1,12,11,1,51,0.002,0.000,,,,,NVIDIA A100-SXM4-40GB MIG 4g.20gb (0),1,,13,"void channel_eq::eqMmseSoftDemapKernel<float, __half, __half, float, (unsigned int)4, (unsigned short)16383>(channel_eq::_puschRxChEqStatDescr *, channel_eq::_puschRxChEqSoftDemapDynDescr)"
2165748187,282493,70118,1,1,1,32,32,1,30,0.000,0.000,,,,,NVIDIA A100-SXM4-40GB MIG 4g.20gb (0),1,,13,"void convert_kernel<float2, __half2>(tensor_layout_any, T1 *, tensor_layout_any, const T2 *)"
2166032600,11039,70130,2253,1,1,128,1,1,16,0.000,0.000,,,,,NVIDIA A100-SXM4-40GB MIG 4g.20gb (0),1,,13,cupy_copy__float16_float16
2166046103,3296,70139,282,1,1,128,1,1,16,0.000,0.000,,,,,NVIDIA A100-SXM4-40GB MIG 4g.20gb (0),1,,13,cupy_copy__complex64_complex64
2166051095,2368,70148,26,1,1,128,1,1,16,0.000,0.000,,,,,NVIDIA A100-SXM4-40GB MIG 4g.20gb (0),1,,13,cupy_copy__float32_float32
2166055575,3456,70157,103,1,1,128,1,1,16,0.000,0.000,,,,,NVIDIA A100-SXM4-40GB MIG 4g.20gb (0),1,,13,cupy_copy__complex64_complex64
2166060055,12480,70167,1434,1,1,128,1,1,16,0.000,0.000,,,,,NVIDIA A100-SXM4-40GB MIG 4g.20gb (0),1,,13,cupy_copy__complex64_complex64
2166082007,87263,70172,1,1,1,32,32,1,30,0.000,0.000,,,,,NVIDIA A100-SXM4-40GB MIG 4g.20gb (0),1,,13,"void convert_kernel<__half2, float2>(tensor_layout_any, T1 *, tensor_layout_any, const T2 *)"
2166196022,5920,70175,,,,,,,,,,0.094,15826.941,Pinned,Device,NVIDIA A100-SXM4-40GB MIG 4g.20gb (0),1,,13,[CUDA memcpy Host-to-Device]
2166207573,598937,70176,,,,,,,,,,456.561,762001.043,Device,,NVIDIA A100-SXM4-40GB MIG 4g.20gb (0),1,,13,[CUDA memset]
2166815086,128638,70181,,,,,,,,,,1.235,9599.220,Pinned,Device,NVIDIA A100-SXM4-40GB MIG 4g.20gb (0),1,,13,[CUDA memcpy Host-to-Device]
2166956236,31520,70182,,,,,,,,,,0.197,6237.389,Pinned,Device,NVIDIA A100-SXM4-40GB MIG 4g.20gb (0),1,,13,[CUDA memcpy Host-to-Device]
2167008428,8191,70183,69,4,1,48,1,1,76,0.002,0.000,,,,,NVIDIA A100-SXM4-40GB MIG 4g.20gb (0),1,,13,"void ch_est::windowedChEstPreNoDftSOfdmKernel<float, __half, float, (unsigned int)2, (unsigned int)1, (unsigned short)4>(ch_est::puschRxChEstStatDescr_t *, ch_est::puschRxChEstDynDescr_t *)"
2167027339,6624,70184,137,2,1,24,2,1,44,0.001,0.001,,,,,NVIDIA A100-SXM4-40GB MIG 4g.20gb (0),1,,13,"void ch_est::chEstFilterNoDftSOfdmDispatchKernel<float, __half, float, (unsigned int)2>(ch_est::puschRxChEstStatDescr_t *, ch_est::puschRxChEstDynDescr_t *)"
2167039979,4800,70185,137,2,1,24,2,1,44,0.001,0.001,,,,,NVIDIA A100-SXM4-40GB MIG 4g.20gb (0),1,,13,"void ch_est::chEstFilterNoDftSOfdmDispatchKernel<float, __half, float, (unsigned int)2>(ch_est::puschRxChEstStatDescr_t *, ch_est::puschRxChEstDynDescr_t *)"
2167052971,2720,70196,103,1,1,128,1,1,16,0.000,0.000,,,,,NVIDIA A100-SXM4-40GB MIG 4g.20gb (0),1,,13,cupy_copy__complex64_complex64
2167065995,12512,70206,1434,1,1,128,1,1,16,0.000,0.000,,,,,NVIDIA A100-SXM4-40GB MIG 4g.20gb (0),1,,13,cupy_copy__complex64_complex64
2167101034,2656,70213,103,1,1,128,1,1,16,0.000,0.000,,,,,NVIDIA A100-SXM4-40GB MIG 4g.20gb (0),1,,13,cupy_copy__complex64_complex64
2167115818,88927,70220,1,1,1,32,32,1,30,0.000,0.000,,,,,NVIDIA A100-SXM4-40GB MIG 4g.20gb (0),1,,13,"void convert_kernel<__half2, float2>(tensor_layout_any, T1 *, tensor_layout_any, const T2 *)"
2167238953,26079,70223,,,,,,,,,,0.094,3592.773,Pinned,Device,NVIDIA A100-SXM4-40GB MIG 4g.20gb (0),1,,13,[CUDA memcpy Host-to-Device]
2167291240,47391,70224,,,,,,,,,,35.810,755625.122,Device,,NVIDIA A100-SXM4-40GB MIG 4g.20gb (0),1,,13,[CUDA memset]
2167341191,8864,70226,,,,,,,,,,0.000,9.025,Pinned,Device,NVIDIA A100-SXM4-40GB MIG 4g.20gb (0),1,,13,[CUDA memcpy Host-to-Device]
2167361511,30496,70227,,,,,,,,,,0.197,6446.973,Pinned,Device,NVIDIA A100-SXM4-40GB MIG 4g.20gb (0),1,,13,[CUDA memcpy Host-to-Device]
2167412135,9535,70228,273,1,1,48,1,1,40,0.000,0.001,,,,,NVIDIA A100-SXM4-40GB MIG 4g.20gb (0),1,,13,"void pusch_noise_intf_est::noiseIntfEstNoDftSOfdmKernel<float, __half, float, float, (unsigned int)2, (unsigned int)1, (unsigned char)4, (unsigned char)4>(pusch_noise_intf_est::puschRxNoiseIntfEstDynDescr)"
2167428550,2816,70239,35,1,1,128,1,1,16,0.000,0.000,,,,,NVIDIA A100-SXM4-40GB MIG 4g.20gb (0),1,,13,cupy_copy__complex64_complex64
2167441670,1696,70248,1,1,1,1,1,1,18,0.000,0.000,,,,,NVIDIA A100-SXM4-40GB MIG 4g.20gb (0),1,,13,cupy_copy__float32_float32
2167445990,6048,70254,,,,,,,,,,0.000,0.661,Device,Pageable,NVIDIA A100-SXM4-40GB MIG 4g.20gb (0),1,,7,[CUDA memcpy Device-to-Host]
2167536837,13184,70265,1434,1,1,128,1,1,16,0.000,0.000,,,,,NVIDIA A100-SXM4-40GB MIG 4g.20gb (0),1,,13,cupy_copy__complex64_complex64
2167556805,2912,70272,103,1,1,128,1,1,16,0.000,0.000,,,,,NVIDIA A100-SXM4-40GB MIG 4g.20gb (0),1,,13,cupy_copy__complex64_complex64
2167581604,2528,70279,35,1,1,128,1,1,16,0.000,0.000,,,,,NVIDIA A100-SXM4-40GB MIG 4g.20gb (0),1,,13,cupy_copy__complex64_complex64
2167601540,1984,70286,1,1,1,1,1,1,18,0.000,0.000,,,,,NVIDIA A100-SXM4-40GB MIG 4g.20gb (0),1,,13,cupy_copy__float32_float32
2167725443,88703,70297,1,1,1,32,32,1,30,0.000,0.000,,,,,NVIDIA A100-SXM4-40GB MIG 4g.20gb (0),1,,13,"void convert_kernel<__half2, float2>(tensor_layout_any, T1 *, tensor_layout_any, const T2 *)"
2167846753,14336,70300,,,,,,,,,,0.094,6535.671,Pinned,Device,NVIDIA A100-SXM4-40GB MIG 4g.20gb (0),1,,13,[CUDA memcpy Host-to-Device]
2167874465,3392,70301,,,,,,,,,,1.547,455961.768,Device,,NVIDIA A100-SXM4-40GB MIG 4g.20gb (0),1,,13,[CUDA memset]
2167881185,4640,70306,,,,,,,,,,0.031,6744.820,Pinned,Device,NVIDIA A100-SXM4-40GB MIG 4g.20gb (0),1,,13,[CUDA memcpy Host-to-Device]
2167892609,12895,70307,,,,,,,,,,0.197,15246.754,Pinned,Device,NVIDIA A100-SXM4-40GB MIG 4g.20gb (0),1,,13,[CUDA memcpy Host-to-Device]
2167913728,7840,70308,273,1,1,8,4,1,39,0.002,0.000,,,,,NVIDIA A100-SXM4-40GB MIG 4g.20gb (0),1,,13,"void channel_eq::eqMmseCoefCompLowMimoKernel<float, float, float, (unsigned int)4, (unsigned int)1, (unsigned int)4>(const channel_eq::_puschRxChEqStatDescr *, channel_eq::_puschRxChEqCoefCompDynDescr)"
2167925952,5760,70309,273,1,1,12,11,1,51,0.002,0.000,,,,,NVIDIA A100-SXM4-40GB MIG 4g.20gb (0),1,,13,"void channel_eq::eqMmseSoftDemapKernel<float, __half, __half, float, (unsigned int)4, (unsigned short)16383>(channel_eq::_puschRxChEqStatDescr *, channel_eq::_puschRxChEqSoftDemapDynDescr)"
2167936224,289884,70310,1,1,1,32,32,1,30,0.000,0.000,,,,,NVIDIA A100-SXM4-40GB MIG 4g.20gb (0),1,,13,"void convert_kernel<float2, __half2>(tensor_layout_any, T1 *, tensor_layout_any, const T2 *)"
2168227100,10944,70322,2253,1,1,128,1,1,16,0.000,0.000,,,,,NVIDIA A100-SXM4-40GB MIG 4g.20gb (0),1,,13,cupy_copy__float16_float16
2168241596,3392,70331,282,1,1,128,1,1,16,0.000,0.000,,,,,NVIDIA A100-SXM4-40GB MIG 4g.20gb (0),1,,13,cupy_copy__complex64_complex64
2168247868,2368,70340,26,1,1,128,1,1,16,0.000,0.000,,,,,NVIDIA A100-SXM4-40GB MIG 4g.20gb (0),1,,13,cupy_copy__float32_float32
2168252252,2816,70349,103,1,1,128,1,1,16,0.000,0.000,,,,,NVIDIA A100-SXM4-40GB MIG 4g.20gb (0),1,,13,cupy_copy__complex64_complex64
2168256060,11968,70359,1434,1,1,128,1,1,16,0.000,0.000,,,,,NVIDIA A100-SXM4-40GB MIG 4g.20gb (0),1,,13,cupy_copy__complex64_complex64
2168269884,86911,70364,1,1,1,32,32,1,30,0.000,0.000,,,,,NVIDIA A100-SXM4-40GB MIG 4g.20gb (0),1,,13,"void convert_kernel<__half2, float2>(tensor_layout_any, T1 *, tensor_layout_any, const T2 *)"
2168383803,5503,70367,,,,,,,,,,0.094,17026.343,Pinned,Device,NVIDIA A100-SXM4-40GB MIG 4g.20gb (0),1,,13,[CUDA memcpy Host-to-Device]
2168393498,601401,70368,,,,,,,,,,456.561,758805.113,Device,,NVIDIA A100-SXM4-40GB MIG 4g.20gb (0),1,,13,[CUDA memset]
2169001875,99775,70373,,,,,,,,,,1.235,12376.609,Pinned,Device,NVIDIA A100-SXM4-40GB MIG 4g.20gb (0),1,,13,[CUDA memcpy Host-to-Device]
2169116305,25824,70374,,,,,,,,,,0.197,7613.252,Pinned,Device,NVIDIA A100-SXM4-40GB MIG 4g.20gb (0),1,,13,[CUDA memcpy Host-to-Device]
2169168337,8192,70375,69,4,1,48,1,1,76,0.002,0.000,,,,,NVIDIA A100-SXM4-40GB MIG 4g.20gb (0),1,,13,"void ch_est::windowedChEstPreNoDftSOfdmKernel<float, __half, float, (unsigned int)2, (unsigned int)1, (unsigned short)4>(ch_est::puschRxChEstStatDescr_t *, ch_est::puschRxChEstDynDescr_t *)"
2169184625,6496,70376,137,2,1,24,2,1,44,0.001,0.001,,,,,NVIDIA A100-SXM4-40GB MIG 4g.20gb (0),1,,13,"void ch_est::chEstFilterNoDftSOfdmDispatchKernel<float, __half, float, (unsigned int)2>(ch_est::puschRxChEstStatDescr_t *, ch_est::puschRxChEstDynDescr_t *)"
2169201264,5216,70377,137,2,1,24,2,1,44,0.001,0.001,,,,,NVIDIA A100-SXM4-40GB MIG 4g.20gb (0),1,,13,"void ch_est::chEstFilterNoDftSOfdmDispatchKernel<float, __half, float, (unsigned int)2>(ch_est::puschRxChEstStatDescr_t *, ch_est::puschRxChEstDynDescr_t *)"
2169214800,2592,70388,103,1,1,128,1,1,16,0.000,0.000,,,,,NVIDIA A100-SXM4-40GB MIG 4g.20gb (0),1,,13,cupy_copy__complex64_complex64
2169230064,12448,70398,1434,1,1,128,1,1,16,0.000,0.000,,,,,NVIDIA A100-SXM4-40GB MIG 4g.20gb (0),1,,13,cupy_copy__complex64_complex64
2169265104,2496,70405,103,1,1,128,1,1,16,0.000,0.000,,,,,NVIDIA A100-SXM4-40GB MIG 4g.20gb (0),1,,13,cupy_copy__complex64_complex64
2169279823,81471,70412,1,1,1,32,32,1,30,0.000,0.000,,,,,NVIDIA A100-SXM4-40GB MIG 4g.20gb (0),1,,13,"void convert_kernel<__half2, float2>(tensor_layout_any, T1 *, tensor_layout_any, const T2 *)"
2169395534,20576,70415,,,,,,,,,,0.094,4553.626,Pinned,Device,NVIDIA A100-SXM4-40GB MIG 4g.20gb (0),1,,13,[CUDA memcpy Host-to-Device]
2169431662,47135,70416,,,,,,,,,,35.810,759707.453,Device,,NVIDIA A100-SXM4-40GB MIG 4g.20gb (0),1,,13,[CUDA memset]
2169484045,12544,70418,,,,,,,,,,0.000,6.378,Pinned,Device,NVIDIA A100-SXM4-40GB MIG 4g.20gb (0),1,,13,[CUDA memcpy Host-to-Device]
2169504365,24063,70419,,,,,,,,,,0.197,8170.439,Pinned,Device,NVIDIA A100-SXM4-40GB MIG 4g.20gb (0),1,,13,[CUDA memcpy Host-to-Device]
2169540556,10432,70420,273,1,1,48,1,1,40,0.000,0.001,,,,,NVIDIA A100-SXM4-40GB MIG 4g.20gb (0),1,,13,"void pusch_noise_intf_est::noiseIntfEstNoDftSOfdmKernel<float, __half, float, float, (unsigned int)2, (unsigned int)1, (unsigned char)4, (unsigned char)4>(pusch_noise_intf_est::puschRxNoiseIntfEstDynDescr)"
2169565932,2688,70431,35,1,1,128,1,1,16,0.000,0.000,,,,,NVIDIA A100-SXM4-40GB MIG 4g.20gb (0),1,,13,cupy_copy__complex64_complex64
2169577900,1696,70440,1,1,1,1,1,1,18,0.000,0.000,,,,,NVIDIA A100-SXM4-40GB MIG 4g.20gb (0),1,,13,cupy_copy__float32_float32
2169586124,5984,70446,,,,,,,,,,0.000,0.668,Device,Pageable,NVIDIA A100-SXM4-40GB MIG 4g.20gb (0),1,,7,[CUDA memcpy Device-to-Host]
2169665899,13248,70457,1434,1,1,128,1,1,16,0.000,0.000,,,,,NVIDIA A100-SXM4-40GB MIG 4g.20gb (0),1,,13,cupy_copy__complex64_complex64
2169699146,3040,70464,103,1,1,128,1,1,16,0.000,0.000,,,,,NVIDIA A100-SXM4-40GB MIG 4g.20gb (0),1,,13,cupy_copy__complex64_complex64
2169716394,2528,70471,35,1,1,128,1,1,16,0.000,0.000,,,,,NVIDIA A100-SXM4-40GB MIG 4g.20gb (0),1,,13,cupy_copy__complex64_complex64
2169734250,1792,70478,1,1,1,1,1,1,18,0.000,0.000,,,,,NVIDIA A100-SXM4-40GB MIG 4g.20gb (0),1,,13,cupy_copy__float32_float32
2169861032,87967,70489,1,1,1,32,32,1,30,0.000,0.000,,,,,NVIDIA A100-SXM4-40GB MIG 4g.20gb (0),1,,13,"void convert_kernel<__half2, float2>(tensor_layout_any, T1 *, tensor_layout_any, const T2 *)"
2169976807,5600,70492,,,,,,,,,,0.094,16731.388,Pinned,Device,NVIDIA A100-SXM4-40GB MIG 4g.20gb (0),1,,13,[CUDA memcpy Host-to-Device]
2169995047,3392,70493,,,,,,,,,,1.547,455961.768,Device,,NVIDIA A100-SXM4-40GB MIG 4g.20gb (0),1,,13,[CUDA memset]
2169998983,3584,70498,,,,,,,,,,0.031,8732.116,Pinned,Device,NVIDIA A100-SXM4-40GB MIG 4g.20gb (0),1,,13,[CUDA memcpy Host-to-Device]
2170005478,10080,70499,,,,,,,,,,0.197,19504.693,Pinned,Device,NVIDIA A100-SXM4-40GB MIG 4g.20gb (0),1,,13,[CUDA memcpy Host-to-Device]
2170021574,5984,70500,273,1,1,8,4,1,39,0.002,0.000,,,,,NVIDIA A100-SXM4-40GB MIG 4g.20gb (0),1,,13,"void channel_eq::eqMmseCoefCompLowMimoKernel<float, float, float, (unsigned int)4, (unsigned int)1, (unsigned int)4>(const channel_eq::_puschRxChEqStatDescr *, channel_eq::_puschRxChEqCoefCompDynDescr)"
2170032454,8128,70501,273,1,1,12,11,1,51,0.002,0.000,,,,,NVIDIA A100-SXM4-40GB MIG 4g.20gb (0),1,,13,"void channel_eq::eqMmseSoftDemapKernel<float, __half, __half, float, (unsigned int)4, (unsigned short)16383>(channel_eq::_puschRxChEqStatDescr *, channel_eq::_puschRxChEqSoftDemapDynDescr)"
2170042694,282365,70502,1,1,1,32,32,1,30,0.000,0.000,,,,,NVIDIA A100-SXM4-40GB MIG 4g.20gb (0),1,,13,"void convert_kernel<float2, __half2>(tensor_layout_any, T1 *, tensor_layout_any, const T2 *)"
2170326403,10943,70514,2253,1,1,128,1,1,16,0.000,0.000,,,,,NVIDIA A100-SXM4-40GB MIG 4g.20gb (0),1,,13,cupy_copy__float16_float16
2170340226,3680,70523,282,1,1,128,1,1,16,0.000,0.000,,,,,NVIDIA A100-SXM4-40GB MIG 4g.20gb (0),1,,13,cupy_copy__complex64_complex64
2170346914,2112,70532,26,1,1,128,1,1,16,0.000,0.000,,,,,NVIDIA A100-SXM4-40GB MIG 4g.20gb (0),1,,13,cupy_copy__float32_float32
2170350146,3136,70541,103,1,1,128,1,1,16,0.000,0.000,,,,,NVIDIA A100-SXM4-40GB MIG 4g.20gb (0),1,,13,cupy_copy__complex64_complex64
2170355394,12032,70551,1434,1,1,128,1,1,16,0.000,0.000,,,,,NVIDIA A100-SXM4-40GB MIG 4g.20gb (0),1,,13,cupy_copy__complex64_complex64
2170370530,86815,70556,1,1,1,32,32,1,30,0.000,0.000,,,,,NVIDIA A100-SXM4-40GB MIG 4g.20gb (0),1,,13,"void convert_kernel<__half2, float2>(tensor_layout_any, T1 *, tensor_layout_any, const T2 *)"
2170485217,5503,70559,,,,,,,,,,0.094,17026.343,Pinned,Device,NVIDIA A100-SXM4-40GB MIG 4g.20gb (0),1,,13,[CUDA memcpy Host-to-Device]
2170495104,600281,70560,,,,,,,,,,456.561,760174.798,Device,,NVIDIA A100-SXM4-40GB MIG 4g.20gb (0),1,,13,[CUDA memset]
2171101785,147486,70565,,,,,,,,,,1.235,8372.920,Pinned,Device,NVIDIA A100-SXM4-40GB MIG 4g.20gb (0),1,,13,[CUDA memcpy Host-to-Device]
2171260343,21600,70566,,,,,,,,,,0.197,9102.164,Pinned,Device,NVIDIA A100-SXM4-40GB MIG 4g.20gb (0),1,,13,[CUDA memcpy Host-to-Device]
2171299351,8031,70567,69,4,1,48,1,1,76,0.002,0.000,,,,,NVIDIA A100-SXM4-40GB MIG 4g.20gb (0),1,,13,"void ch_est::windowedChEstPreNoDftSOfdmKernel<float, __half, float, (unsigned int)2, (unsigned int)1, (unsigned short)4>(ch_est::puschRxChEstStatDescr_t *, ch_est::puschRxChEstDynDescr_t *)"
2171310678,6752,70568,137,2,1,24,2,1,44,0.001,0.001,,,,,NVIDIA A100-SXM4-40GB MIG 4g.20gb (0),1,,13,"void ch_est::chEstFilterNoDftSOfdmDispatchKernel<float, __half, float, (unsigned int)2>(ch_est::puschRxChEstStatDescr_t *, ch_est::puschRxChEstDynDescr_t *)"
2171325046,6400,70569,137,2,1,24,2,1,44,0.001,0.001,,,,,NVIDIA A100-SXM4-40GB MIG 4g.20gb (0),1,,13,"void ch_est::chEstFilterNoDftSOfdmDispatchKernel<float, __half, float, (unsigned int)2>(ch_est::puschRxChEstStatDescr_t *, ch_est::puschRxChEstDynDescr_t *)"
2171334006,2560,70580,103,1,1,128,1,1,16,0.000,0.000,,,,,NVIDIA A100-SXM4-40GB MIG 4g.20gb (0),1,,13,cupy_copy__complex64_complex64
2171342518,12672,70590,1434,1,1,128,1,1,16,0.000,0.000,,,,,NVIDIA A100-SXM4-40GB MIG 4g.20gb (0),1,,13,cupy_copy__complex64_complex64
2171356758,2912,70597,103,1,1,128,1,1,16,0.000,0.000,,,,,NVIDIA A100-SXM4-40GB MIG 4g.20gb (0),1,,13,cupy_copy__complex64_complex64
2171365398,91519,70604,1,1,1,32,32,1,30,0.000,0.000,,,,,NVIDIA A100-SXM4-40GB MIG 4g.20gb (0),1,,13,"void convert_kernel<__half2, float2>(tensor_layout_any, T1 *, tensor_layout_any, const T2 *)"
2171485844,10080,70607,,,,,,,,,,0.094,9295.205,Pinned,Device,NVIDIA A100-SXM4-40GB MIG 4g.20gb (0),1,,13,[CUDA memcpy Host-to-Device]
2171504468,47167,70608,,,,,,,,,,35.810,759206.114,Device,,NVIDIA A100-SXM4-40GB MIG 4g.20gb (0),1,,13,[CUDA memset]
2171558643,3680,70610,,,,,,,,,,0.000,21.739,Pinned,Device,NVIDIA A100-SXM4-40GB MIG 4g.20gb (0),1,,13,[CUDA memcpy Host-to-Device]
2171570419,19328,70611,,,,,,,,,,0.197,10172.105,Pinned,Device,NVIDIA A100-SXM4-40GB MIG 4g.20gb (0),1,,13,[CUDA memcpy Host-to-Device]
2171602803,12352,70612,273,1,1,48,1,1,40,0.000,0.001,,,,,NVIDIA A100-SXM4-40GB MIG 4g.20gb (0),1,,13,"void pusch_noise_intf_est::noiseIntfEstNoDftSOfdmKernel<float, __half, float, float, (unsigned int)2, (unsigned int)1, (unsigned char)4, (unsigned char)4>(pusch_noise_intf_est::puschRxNoiseIntfEstDynDescr)"
2171621107,2943,70623,35,1,1,128,1,1,16,0.000,0.000,,,,,NVIDIA A100-SXM4-40GB MIG 4g.20gb (0),1,,13,cupy_copy__complex64_complex64
2171630802,1696,70632,1,1,1,1,1,1,18,0.000,0.000,,,,,NVIDIA A100-SXM4-40GB MIG 4g.20gb (0),1,,13,cupy_copy__float32_float32
2171642418,4416,70638,,,,,,,,,,0.000,0.906,Device,Pageable,NVIDIA A100-SXM4-40GB MIG 4g.20gb (0),1,,7,[CUDA memcpy Device-to-Host]
2171720977,13152,70649,1434,1,1,128,1,1,16,0.000,0.000,,,,,NVIDIA A100-SXM4-40GB MIG 4g.20gb (0),1,,13,cupy_copy__complex64_complex64
2171747697,3456,70656,103,1,1,128,1,1,16,0.000,0.000,,,,,NVIDIA A100-SXM4-40GB MIG 4g.20gb (0),1,,13,cupy_copy__complex64_complex64
2171768081,2816,70663,35,1,1,128,1,1,16,0.000,0.000,,,,,NVIDIA A100-SXM4-40GB MIG 4g.20gb (0),1,,13,cupy_copy__complex64_complex64
2171787152,1792,70670,1,1,1,1,1,1,18,0.000,0.000,,,,,NVIDIA A100-SXM4-40GB MIG 4g.20gb (0),1,,13,cupy_copy__float32_float32
2171910415,81759,70681,1,1,1,32,32,1,30,0.000,0.000,,,,,NVIDIA A100-SXM4-40GB MIG 4g.20gb (0),1,,13,"void convert_kernel<__half2, float2>(tensor_layout_any, T1 *, tensor_layout_any, const T2 *)"
2172019918,5408,70684,,,,,,,,,,0.094,17325.421,Pinned,Device,NVIDIA A100-SXM4-40GB MIG 4g.20gb (0),1,,13,[CUDA memcpy Host-to-Device]
2172034285,3392,70685,,,,,,,,,,1.547,455961.768,Device,,NVIDIA A100-SXM4-40GB MIG 4g.20gb (0),1,,13,[CUDA memset]
2172040333,3360,70690,,,,,,,,,,0.031,9314.284,Pinned,Device,NVIDIA A100-SXM4-40GB MIG 4g.20gb (0),1,,13,[CUDA memcpy Host-to-Device]
2172047085,9632,70691,,,,,,,,,,0.197,20411.843,Pinned,Device,NVIDIA A100-SXM4-40GB MIG 4g.20gb (0),1,,13,[CUDA memcpy Host-to-Device]
2172060749,6112,70692,273,1,1,8,4,1,39,0.002,0.000,,,,,NVIDIA A100-SXM4-40GB MIG 4g.20gb (0),1,,13,"void channel_eq::eqMmseCoefCompLowMimoKernel<float, float, float, (unsigned int)4, (unsigned int)1, (unsigned int)4>(const channel_eq::_puschRxChEqStatDescr *, channel_eq::_puschRxChEqCoefCompDynDescr)"
2172068013,6080,70693,273,1,1,12,11,1,51,0.002,0.000,,,,,NVIDIA A100-SXM4-40GB MIG 4g.20gb (0),1,,13,"void channel_eq::eqMmseSoftDemapKernel<float, __half, __half, float, (unsigned int)4, (unsigned short)16383>(channel_eq::_puschRxChEqStatDescr *, channel_eq::_puschRxChEqSoftDemapDynDescr)"
2172075085,282972,70694,1,1,1,32,32,1,30,0.000,0.000,,,,,NVIDIA A100-SXM4-40GB MIG 4g.20gb (0),1,,13,"void convert_kernel<float2, __half2>(tensor_layout_any, T1 *, tensor_layout_any, const T2 *)"
2172361161,11040,70706,2253,1,1,128,1,1,16,0.000,0.000,,,,,NVIDIA A100-SXM4-40GB MIG 4g.20gb (0),1,,13,cupy_copy__float16_float16
2172377865,3168,70715,282,1,1,128,1,1,16,0.000,0.000,,,,,NVIDIA A100-SXM4-40GB MIG 4g.20gb (0),1,,13,cupy_copy__complex64_complex64
2172384489,3392,70724,26,1,1,128,1,1,16,0.000,0.000,,,,,NVIDIA A100-SXM4-40GB MIG 4g.20gb (0),1,,13,cupy_copy__float32_float32
2172391465,2944,70733,103,1,1,128,1,1,16,0.000,0.000,,,,,NVIDIA A100-SXM4-40GB MIG 4g.20gb (0),1,,13,cupy_copy__complex64_complex64
2172395529,11904,70743,1434,1,1,128,1,1,16,0.000,0.000,,,,,NVIDIA A100-SXM4-40GB MIG 4g.20gb (0),1,,13,cupy_copy__complex64_complex64
2172411977,81663,70748,1,1,1,32,32,1,30,0.000,0.000,,,,,NVIDIA A100-SXM4-40GB MIG 4g.20gb (0),1,,13,"void convert_kernel<__half2, float2>(tensor_layout_any, T1 *, tensor_layout_any, const T2 *)"
2172521031,5504,70751,,,,,,,,,,0.094,17023.251,Pinned,Device,NVIDIA A100-SXM4-40GB MIG 4g.20gb (0),1,,13,[CUDA memcpy Host-to-Device]
2172530695,598649,70752,,,,,,,,,,456.561,762457.605,Device,,NVIDIA A100-SXM4-40GB MIG 4g.20gb (0),1,,13,[CUDA memset]
2173136608,117054,70757,,,,,,,,,,1.235,10550.127,Pinned,Device,NVIDIA A100-SXM4-40GB MIG 4g.20gb (0),1,,13,[CUDA memcpy Host-to-Device]
2173262302,35712,70758,,,,,,,,,,0.197,5505.221,Pinned,Device,NVIDIA A100-SXM4-40GB MIG 4g.20gb (0),1,,13,[CUDA memcpy Host-to-Device]
2173312126,8192,70759,69,4,1,48,1,1,76,0.002,0.000,,,,,NVIDIA A100-SXM4-40GB MIG 4g.20gb (0),1,,13,"void ch_est::windowedChEstPreNoDftSOfdmKernel<float, __half, float, (unsigned int)2, (unsigned int)1, (unsigned short)4>(ch_est::puschRxChEstStatDescr_t *, ch_est::puschRxChEstDynDescr_t *)"
2173329565,6656,70760,137,2,1,24,2,1,44,0.001,0.001,,,,,NVIDIA A100-SXM4-40GB MIG 4g.20gb (0),1,,13,"void ch_est::chEstFilterNoDftSOfdmDispatchKernel<float, __half, float, (unsigned int)2>(ch_est::puschRxChEstStatDescr_t *, ch_est::puschRxChEstDynDescr_t *)"
2173342813,4896,70761,137,2,1,24,2,1,44,0.001,0.001,,,,,NVIDIA A100-SXM4-40GB MIG 4g.20gb (0),1,,13,"void ch_est::chEstFilterNoDftSOfdmDispatchKernel<float, __half, float, (unsigned int)2>(ch_est::puschRxChEstStatDescr_t *, ch_est::puschRxChEstDynDescr_t *)"
2173352701,2528,70772,103,1,1,128,1,1,16,0.000,0.000,,,,,NVIDIA A100-SXM4-40GB MIG 4g.20gb (0),1,,13,cupy_copy__complex64_complex64
2173363229,12512,70782,1434,1,1,128,1,1,16,0.000,0.000,,,,,NVIDIA A100-SXM4-40GB MIG 4g.20gb (0),1,,13,cupy_copy__complex64_complex64
2173384029,2560,70789,103,1,1,128,1,1,16,0.000,0.000,,,,,NVIDIA A100-SXM4-40GB MIG 4g.20gb (0),1,,13,cupy_copy__complex64_complex64
2173398877,86654,70796,1,1,1,32,32,1,30,0.000,0.000,,,,,NVIDIA A100-SXM4-40GB MIG 4g.20gb (0),1,,13,"void convert_kernel<__half2, float2>(tensor_layout_any, T1 *, tensor_layout_any, const T2 *)"
2173515227,10848,70799,,,,,,,,,,0.094,8637.085,Pinned,Device,NVIDIA A100-SXM4-40GB MIG 4g.20gb (0),1,,13,[CUDA memcpy Host-to-Device]
2173535835,48415,70800,,,,,,,,,,35.810,739618.088,Device,,NVIDIA A100-SXM4-40GB MIG 4g.20gb (0),1,,13,[CUDA memset]
2173588634,5120,70802,,,,,,,,,,0.000,15.625,Pinned,Device,NVIDIA A100-SXM4-40GB MIG 4g.20gb (0),1,,13,[CUDA memcpy Host-to-Device]
2173598458,11712,70803,,,,,,,,,,0.197,16786.784,Pinned,Device,NVIDIA A100-SXM4-40GB MIG 4g.20gb (0),1,,13,[CUDA memcpy Host-to-Device]
2173617306,9792,70804,273,1,1,48,1,1,40,0.000,0.001,,,,,NVIDIA A100-SXM4-40GB MIG 4g.20gb (0),1,,13,"void pusch_noise_intf_est::noiseIntfEstNoDftSOfdmKernel<float, __half, float, float, (unsigned int)2, (unsigned int)1, (unsigned char)4, (unsigned char)4>(pusch_noise_intf_est::puschRxNoiseIntfEstDynDescr)"
2173631258,2880,70815,35,1,1,128,1,1,16,0.000,0.000,,,,,NVIDIA A100-SXM4-40GB MIG 4g.20gb (0),1,,13,cupy_copy__complex64_complex64
2173636826,1760,70824,1,1,1,1,1,1,18,0.000,0.000,,,,,NVIDIA A100-SXM4-40GB MIG 4g.20gb (0),1,,13,cupy_copy__float32_float32
2173664985,2464,70830,,,,,,,,,,0.000,1.623,Device,Pageable,NVIDIA A100-SXM4-40GB MIG 4g.20gb (0),1,,7,[CUDA memcpy Device-to-Host]
2173727576,12672,70841,1434,1,1,128,1,1,16,0.000,0.000,,,,,NVIDIA A100-SXM4-40GB MIG 4g.20gb (0),1,,13,cupy_copy__complex64_complex64
2173754008,3584,70848,103,1,1,128,1,1,16,0.000,0.000,,,,,NVIDIA A100-SXM4-40GB MIG 4g.20gb (0),1,,13,cupy_copy__complex64_complex64
2173775128,2784,70855,35,1,1,128,1,1,16,0.000,0.000,,,,,NVIDIA A100-SXM4-40GB MIG 4g.20gb (0),1,,13,cupy_copy__complex64_complex64
2173793176,1792,70862,1,1,1,1,1,1,18,0.000,0.000,,,,,NVIDIA A100-SXM4-40GB MIG 4g.20gb (0),1,,13,cupy_copy__float32_float32
2173923830,81407,70873,1,1,1,32,32,1,30,0.000,0.000,,,,,NVIDIA A100-SXM4-40GB MIG 4g.20gb (0),1,,13,"void convert_kernel<__half2, float2>(tensor_layout_any, T1 *, tensor_layout_any, const T2 *)"
2174032757,5664,70876,,,,,,,,,,0.094,16542.310,Pinned,Device,NVIDIA A100-SXM4-40GB MIG 4g.20gb (0),1,,13,[CUDA memcpy Host-to-Device]
2174047765,3455,70877,,,,,,,,,,1.547,447647.117,Device,,NVIDIA A100-SXM4-40GB MIG 4g.20gb (0),1,,13,[CUDA memset]
2174054772,3744,70882,,,,,,,,,,0.031,8358.974,Pinned,Device,NVIDIA A100-SXM4-40GB MIG 4g.20gb (0),1,,13,[CUDA memcpy Host-to-Device]
2174061428,9568,70883,,,,,,,,,,0.197,20548.485,Pinned,Device,NVIDIA A100-SXM4-40GB MIG 4g.20gb (0),1,,13,[CUDA memcpy Host-to-Device]
2174077716,6208,70884,273,1,1,8,4,1,39,0.002,0.000,,,,,NVIDIA A100-SXM4-40GB MIG 4g.20gb (0),1,,13,"void channel_eq::eqMmseCoefCompLowMimoKernel<float, float, float, (unsigned int)4, (unsigned int)1, (unsigned int)4>(const channel_eq::_puschRxChEqStatDescr *, channel_eq::_puschRxChEqCoefCompDynDescr)"
2174084884,8064,70885,273,1,1,12,11,1,51,0.002,0.000,,,,,NVIDIA A100-SXM4-40GB MIG 4g.20gb (0),1,,13,"void channel_eq::eqMmseSoftDemapKernel<float, __half, __half, float, (unsigned int)4, (unsigned short)16383>(channel_eq::_puschRxChEqStatDescr *, channel_eq::_puschRxChEqSoftDemapDynDescr)"
2174095764,294492,70886,1,1,1,32,32,1,30,0.000,0.000,,,,,NVIDIA A100-SXM4-40GB MIG 4g.20gb (0),1,,13,"void convert_kernel<float2, __half2>(tensor_layout_any, T1 *, tensor_layout_any, const T2 *)"
2174391312,10912,70898,2253,1,1,128,1,1,16,0.000,0.000,,,,,NVIDIA A100-SXM4-40GB MIG 4g.20gb (0),1,,13,cupy_copy__float16_float16
2174405648,3200,70907,282,1,1,128,1,1,16,0.000,0.000,,,,,NVIDIA A100-SXM4-40GB MIG 4g.20gb (0),1,,13,cupy_copy__complex64_complex64
2174411312,2016,70916,26,1,1,128,1,1,16,0.000,0.000,,,,,NVIDIA A100-SXM4-40GB MIG 4g.20gb (0),1,,13,cupy_copy__float32_float32
2174414768,3136,70925,103,1,1,128,1,1,16,0.000,0.000,,,,,NVIDIA A100-SXM4-40GB MIG 4g.20gb (0),1,,13,cupy_copy__complex64_complex64
2174419216,12224,70935,1434,1,1,128,1,1,16,0.000,0.000,,,,,NVIDIA A100-SXM4-40GB MIG 4g.20gb (0),1,,13,cupy_copy__complex64_complex64
2174432752,83039,70940,1,1,1,32,32,1,30,0.000,0.000,,,,,NVIDIA A100-SXM4-40GB MIG 4g.20gb (0),1,,13,"void convert_kernel<__half2, float2>(tensor_layout_any, T1 *, tensor_layout_any, const T2 *)"
2174543022,5536,70943,,,,,,,,,,0.094,16924.777,Pinned,Device,NVIDIA A100-SXM4-40GB MIG 4g.20gb (0),1,,13,[CUDA memcpy Host-to-Device]
2174553198,598745,70944,,,,,,,,,,456.561,762457.605,Device,,NVIDIA A100-SXM4-40GB MIG 4g.20gb (0),1,,13,[CUDA memset]
2175153479,144766,70949,,,,,,,,,,1.235,8529.758,Pinned,Device,NVIDIA A100-SXM4-40GB MIG 4g.20gb (0),1,,13,[CUDA memcpy Host-to-Device]
2175311205,40127,70950,,,,,,,,,,0.197,4899.471,Pinned,Device,NVIDIA A100-SXM4-40GB MIG 4g.20gb (0),1,,13,[CUDA memcpy Host-to-Device]
2175381220,8128,70951,69,4,1,48,1,1,76,0.002,0.000,,,,,NVIDIA A100-SXM4-40GB MIG 4g.20gb (0),1,,13,"void ch_est::windowedChEstPreNoDftSOfdmKernel<float, __half, float, (unsigned int)2, (unsigned int)1, (unsigned short)4>(ch_est::puschRxChEstStatDescr_t *, ch_est::puschRxChEstDynDescr_t *)"
2175401348,6624,70952,137,2,1,24,2,1,44,0.001,0.001,,,,,NVIDIA A100-SXM4-40GB MIG 4g.20gb (0),1,,13,"void ch_est::chEstFilterNoDftSOfdmDispatchKernel<float, __half, float, (unsigned int)2>(ch_est::puschRxChEstStatDescr_t *, ch_est::puschRxChEstDynDescr_t *)"
2175417924,4800,70953,137,2,1,24,2,1,44,0.001,0.001,,,,,NVIDIA A100-SXM4-40GB MIG 4g.20gb (0),1,,13,"void ch_est::chEstFilterNoDftSOfdmDispatchKernel<float, __half, float, (unsigned int)2>(ch_est::puschRxChEstStatDescr_t *, ch_est::puschRxChEstDynDescr_t *)"
2175434819,2688,70964,103,1,1,128,1,1,16,0.000,0.000,,,,,NVIDIA A100-SXM4-40GB MIG 4g.20gb (0),1,,13,cupy_copy__complex64_complex64
2175451491,12320,70974,1434,1,1,128,1,1,16,0.000,0.000,,,,,NVIDIA A100-SXM4-40GB MIG 4g.20gb (0),1,,13,cupy_copy__complex64_complex64
2175473027,2880,70981,103,1,1,128,1,1,16,0.000,0.000,,,,,NVIDIA A100-SXM4-40GB MIG 4g.20gb (0),1,,13,cupy_copy__complex64_complex64
2175499395,92766,70988,1,1,1,32,32,1,30,0.000,0.000,,,,,NVIDIA A100-SXM4-40GB MIG 4g.20gb (0),1,,13,"void convert_kernel<__half2, float2>(tensor_layout_any, T1 *, tensor_layout_any, const T2 *)"
2175626017,24960,70991,,,,,,,,,,0.094,3753.837,Pinned,Device,NVIDIA A100-SXM4-40GB MIG 4g.20gb (0),1,,13,[CUDA memcpy Host-to-Device]
2175675392,46400,70992,,,,,,,,,,35.810,771739.586,Device,,NVIDIA A100-SXM4-40GB MIG 4g.20gb (0),1,,13,[CUDA memset]
2175731232,5408,70994,,,,,,,,,,0.000,14.793,Pinned,Device,NVIDIA A100-SXM4-40GB MIG 4g.20gb (0),1,,13,[CUDA memcpy Host-to-Device]
2175745472,36191,70995,,,,,,,,,,0.197,5432.476,Pinned,Device,NVIDIA A100-SXM4-40GB MIG 4g.20gb (0),1,,13,[CUDA memcpy Host-to-Device]
2175802623,9856,70996,273,1,1,48,1,1,40,0.000,0.001,,,,,NVIDIA A100-SXM4-40GB MIG 4g.20gb (0),1,,13,"void pusch_noise_intf_est::noiseIntfEstNoDftSOfdmKernel<float, __half, float, float, (unsigned int)2, (unsigned int)1, (unsigned char)4, (unsigned char)4>(pusch_noise_intf_est::puschRxNoiseIntfEstDynDescr)"
2175826719,2783,71007,35,1,1,128,1,1,16,0.000,0.000,,,,,NVIDIA A100-SXM4-40GB MIG 4g.20gb (0),1,,13,cupy_copy__complex64_complex64
2175837918,1696,71016,1,1,1,1,1,1,18,0.000,0.000,,,,,NVIDIA A100-SXM4-40GB MIG 4g.20gb (0),1,,13,cupy_copy__float32_float32
2175840958,6080,71022,,,,,,,,,,0.000,0.658,Device,Pageable,NVIDIA A100-SXM4-40GB MIG 4g.20gb (0),1,,7,[CUDA memcpy Device-to-Host]
2175916637,12864,71033,1434,1,1,128,1,1,16,0.000,0.000,,,,,NVIDIA A100-SXM4-40GB MIG 4g.20gb (0),1,,13,cupy_copy__complex64_complex64
2175944829,2912,71040,103,1,1,128,1,1,16,0.000,0.000,,,,,NVIDIA A100-SXM4-40GB MIG 4g.20gb (0),1,,13,cupy_copy__complex64_complex64
2175961405,2400,71047,35,1,1,128,1,1,16,0.000,0.000,,,,,NVIDIA A100-SXM4-40GB MIG 4g.20gb (0),1,,13,cupy_copy__complex64_complex64
2175980445,2016,71054,1,1,1,1,1,1,18,0.000,0.000,,,,,NVIDIA A100-SXM4-40GB MIG 4g.20gb (0),1,,13,cupy_copy__float32_float32
2176110811,82879,71065,1,1,1,32,32,1,30,0.000,0.000,,,,,NVIDIA A100-SXM4-40GB MIG 4g.20gb (0),1,,13,"void convert_kernel<__half2, float2>(tensor_layout_any, T1 *, tensor_layout_any, const T2 *)"
2176220890,5728,71068,,,,,,,,,,0.094,16357.541,Pinned,Device,NVIDIA A100-SXM4-40GB MIG 4g.20gb (0),1,,13,[CUDA memcpy Host-to-Device]
2176236249,3456,71069,,,,,,,,,,1.547,447517.201,Device,,NVIDIA A100-SXM4-40GB MIG 4g.20gb (0),1,,13,[CUDA memset]
2176242073,3072,71074,,,,,,,,,,0.031,10187.474,Pinned,Device,NVIDIA A100-SXM4-40GB MIG 4g.20gb (0),1,,13,[CUDA memcpy Host-to-Device]
2176247577,9696,71075,,,,,,,,,,0.197,20277.166,Pinned,Device,NVIDIA A100-SXM4-40GB MIG 4g.20gb (0),1,,13,[CUDA memcpy Host-to-Device]
2176264505,6400,71076,273,1,1,8,4,1,39,0.002,0.000,,,,,NVIDIA A100-SXM4-40GB MIG 4g.20gb (0),1,,13,"void channel_eq::eqMmseCoefCompLowMimoKernel<float, float, float, (unsigned int)4, (unsigned int)1, (unsigned int)4>(const channel_eq::_puschRxChEqStatDescr *, channel_eq::_puschRxChEqCoefCompDynDescr)"
2176274201,5760,71077,273,1,1,12,11,1,51,0.002,0.000,,,,,NVIDIA A100-SXM4-40GB MIG 4g.20gb (0),1,,13,"void channel_eq::eqMmseSoftDemapKernel<float, __half, __half, float, (unsigned int)4, (unsigned short)16383>(channel_eq::_puschRxChEqStatDescr *, channel_eq::_puschRxChEqSoftDemapDynDescr)"
2176283289,280092,71078,1,1,1,32,32,1,30,0.000,0.000,,,,,NVIDIA A100-SXM4-40GB MIG 4g.20gb (0),1,,13,"void convert_kernel<float2, __half2>(tensor_layout_any, T1 *, tensor_layout_any, const T2 *)"
2176565781,11008,71090,2253,1,1,128,1,1,16,0.000,0.000,,,,,NVIDIA A100-SXM4-40GB MIG 4g.20gb (0),1,,13,cupy_copy__float16_float16
2176581557,3008,71099,282,1,1,128,1,1,16,0.000,0.000,,,,,NVIDIA A100-SXM4-40GB MIG 4g.20gb (0),1,,13,cupy_copy__complex64_complex64
2176587509,2368,71108,26,1,1,128,1,1,16,0.000,0.000,,,,,NVIDIA A100-SXM4-40GB MIG 4g.20gb (0),1,,13,cupy_copy__float32_float32
2176591509,3744,71117,103,1,1,128,1,1,16,0.000,0.000,,,,,NVIDIA A100-SXM4-40GB MIG 4g.20gb (0),1,,13,cupy_copy__complex64_complex64
2176596213,11776,71127,1434,1,1,128,1,1,16,0.000,0.000,,,,,NVIDIA A100-SXM4-40GB MIG 4g.20gb (0),1,,13,cupy_copy__complex64_complex64
2176614357,82079,71132,1,1,1,32,32,1,30,0.000,0.000,,,,,NVIDIA A100-SXM4-40GB MIG 4g.20gb (0),1,,13,"void convert_kernel<__half2, float2>(tensor_layout_any, T1 *, tensor_layout_any, const T2 *)"
2176723411,5376,71135,,,,,,,,,,0.094,17428.487,Pinned,Device,NVIDIA A100-SXM4-40GB MIG 4g.20gb (0),1,,13,[CUDA memcpy Host-to-Device]
2176734387,596633,71136,,,,,,,,,,456.561,765196.973,Device,,NVIDIA A100-SXM4-40GB MIG 4g.20gb (0),1,,13,[CUDA memset]
2177338028,105503,71141,,,,,,,,,,1.235,11704.799,Pinned,Device,NVIDIA A100-SXM4-40GB MIG 4g.20gb (0),1,,13,[CUDA memcpy Host-to-Device]
2177458282,30336,71142,,,,,,,,,,0.197,6480.986,Pinned,Device,NVIDIA A100-SXM4-40GB MIG 4g.20gb (0),1,,13,[CUDA memcpy Host-to-Device]
2177504394,8064,71143,69,4,1,48,1,1,76,0.002,0.000,,,,,NVIDIA A100-SXM4-40GB MIG 4g.20gb (0),1,,13,"void ch_est::windowedChEstPreNoDftSOfdmKernel<float, __half, float, (unsigned int)2, (unsigned int)1, (unsigned short)4>(ch_est::puschRxChEstStatDescr_t *, ch_est::puschRxChEstDynDescr_t *)"
2177519370,7136,71144,137,2,1,24,2,1,44,0.001,0.001,,,,,NVIDIA A100-SXM4-40GB MIG 4g.20gb (0),1,,13,"void ch_est::chEstFilterNoDftSOfdmDispatchKernel<float, __half, float, (unsigned int)2>(ch_est::puschRxChEstStatDescr_t *, ch_est::puschRxChEstDynDescr_t *)"
2177535849,4704,71145,137,2,1,24,2,1,44,0.001,0.001,,,,,NVIDIA A100-SXM4-40GB MIG 4g.20gb (0),1,,13,"void ch_est::chEstFilterNoDftSOfdmDispatchKernel<float, __half, float, (unsigned int)2>(ch_est::puschRxChEstStatDescr_t *, ch_est::puschRxChEstDynDescr_t *)"
2177552233,2720,71156,103,1,1,128,1,1,16,0.000,0.000,,,,,NVIDIA A100-SXM4-40GB MIG 4g.20gb (0),1,,13,cupy_copy__complex64_complex64
2177566057,12544,71166,1434,1,1,128,1,1,16,0.000,0.000,,,,,NVIDIA A100-SXM4-40GB MIG 4g.20gb (0),1,,13,cupy_copy__complex64_complex64
2177603145,2496,71173,103,1,1,128,1,1,16,0.000,0.000,,,,,NVIDIA A100-SXM4-40GB MIG 4g.20gb (0),1,,13,cupy_copy__complex64_complex64
2177621608,88863,71180,1,1,1,32,32,1,30,0.000,0.000,,,,,NVIDIA A100-SXM4-40GB MIG 4g.20gb (0),1,,13,"void convert_kernel<__half2, float2>(tensor_layout_any, T1 *, tensor_layout_any, const T2 *)"
2177743431,21024,71183,,,,,,,,,,0.094,4456.557,Pinned,Device,NVIDIA A100-SXM4-40GB MIG 4g.20gb (0),1,,13,[CUDA memcpy Host-to-Device]
2177790566,47616,71184,,,,,,,,,,35.810,752044.130,Device,,NVIDIA A100-SXM4-40GB MIG 4g.20gb (0),1,,13,[CUDA memset]
2177840358,14911,71186,,,,,,,,,,0.000,5.365,Pinned,Device,NVIDIA A100-SXM4-40GB MIG 4g.20gb (0),1,,13,[CUDA memcpy Host-to-Device]
2177861701,24672,71187,,,,,,,,,,0.197,7968.719,Pinned,Device,NVIDIA A100-SXM4-40GB MIG 4g.20gb (0),1,,13,[CUDA memcpy Host-to-Device]
2177904421,9056,71188,273,1,1,48,1,1,40,0.000,0.001,,,,,NVIDIA A100-SXM4-40GB MIG 4g.20gb (0),1,,13,"void pusch_noise_intf_est::noiseIntfEstNoDftSOfdmKernel<float, __half, float, float, (unsigned int)2, (unsigned int)1, (unsigned char)4, (unsigned char)4>(pusch_noise_intf_est::puschRxNoiseIntfEstDynDescr)"
2177923205,2592,71199,35,1,1,128,1,1,16,0.000,0.000,,,,,NVIDIA A100-SXM4-40GB MIG 4g.20gb (0),1,,13,cupy_copy__complex64_complex64
2177940100,1664,71208,1,1,1,1,1,1,18,0.000,0.000,,,,,NVIDIA A100-SXM4-40GB MIG 4g.20gb (0),1,,13,cupy_copy__float32_float32
2177945252,6176,71214,,,,,,,,,,0.000,0.648,Device,Pageable,NVIDIA A100-SXM4-40GB MIG 4g.20gb (0),1,,7,[CUDA memcpy Device-to-Host]
2178045699,12512,71225,1434,1,1,128,1,1,16,0.000,0.000,,,,,NVIDIA A100-SXM4-40GB MIG 4g.20gb (0),1,,13,cupy_copy__complex64_complex64
2178068963,3104,71232,103,1,1,128,1,1,16,0.000,0.000,,,,,NVIDIA A100-SXM4-40GB MIG 4g.20gb (0),1,,13,cupy_copy__complex64_complex64
2178090083,2528,71239,35,1,1,128,1,1,16,0.000,0.000,,,,,NVIDIA A100-SXM4-40GB MIG 4g.20gb (0),1,,13,cupy_copy__complex64_complex64
2178110434,1696,71246,1,1,1,1,1,1,18,0.000,0.000,,,,,NVIDIA A100-SXM4-40GB MIG 4g.20gb (0),1,,13,cupy_copy__float32_float32
2178242625,88671,71257,1,1,1,32,32,1,30,0.000,0.000,,,,,NVIDIA A100-SXM4-40GB MIG 4g.20gb (0),1,,13,"void convert_kernel<__half2, float2>(tensor_layout_any, T1 *, tensor_layout_any, const T2 *)"
2178360991,13024,71260,,,,,,,,,,0.094,7194.073,Pinned,Device,NVIDIA A100-SXM4-40GB MIG 4g.20gb (0),1,,13,[CUDA memcpy Host-to-Device]
2178384319,3328,71261,,,,,,,,,,1.547,464729.580,Device,,NVIDIA A100-SXM4-40GB MIG 4g.20gb (0),1,,13,[CUDA memset]
2178393439,3136,71266,,,,,,,,,,0.031,9979.575,Pinned,Device,NVIDIA A100-SXM4-40GB MIG 4g.20gb (0),1,,13,[CUDA memcpy Host-to-Device]
2178400127,10208,71267,,,,,,,,,,0.197,19260.113,Pinned,Device,NVIDIA A100-SXM4-40GB MIG 4g.20gb (0),1,,13,[CUDA memcpy Host-to-Device]
2178418174,6240,71268,273,1,1,8,4,1,39,0.002,0.000,,,,,NVIDIA A100-SXM4-40GB MIG 4g.20gb (0),1,,13,"void channel_eq::eqMmseCoefCompLowMimoKernel<float, float, float, (unsigned int)4, (unsigned int)1, (unsigned int)4>(const channel_eq::_puschRxChEqStatDescr *, channel_eq::_puschRxChEqCoefCompDynDescr)"
2178427646,6144,71269,273,1,1,12,11,1,51,0.002,0.000,,,,,NVIDIA A100-SXM4-40GB MIG 4g.20gb (0),1,,13,"void channel_eq::eqMmseSoftDemapKernel<float, __half, __half, float, (unsigned int)4, (unsigned short)16383>(channel_eq::_puschRxChEqStatDescr *, channel_eq::_puschRxChEqSoftDemapDynDescr)"
2178435614,282685,71270,1,1,1,32,32,1,30,0.000,0.000,,,,,NVIDIA A100-SXM4-40GB MIG 4g.20gb (0),1,,13,"void convert_kernel<float2, __half2>(tensor_layout_any, T1 *, tensor_layout_any, const T2 *)"
2178719323,11072,71282,2253,1,1,128,1,1,16,0.000,0.000,,,,,NVIDIA A100-SXM4-40GB MIG 4g.20gb (0),1,,13,cupy_copy__float16_float16
2178735131,2720,71291,282,1,1,128,1,1,16,0.000,0.000,,,,,NVIDIA A100-SXM4-40GB MIG 4g.20gb (0),1,,13,cupy_copy__complex64_complex64
2178741466,2016,71300,26,1,1,128,1,1,16,0.000,0.000,,,,,NVIDIA A100-SXM4-40GB MIG 4g.20gb (0),1,,13,cupy_copy__float32_float32
2178744602,3136,71309,103,1,1,128,1,1,16,0.000,0.000,,,,,NVIDIA A100-SXM4-40GB MIG 4g.20gb (0),1,,13,cupy_copy__complex64_complex64
2178749658,12064,71319,1434,1,1,128,1,1,16,0.000,0.000,,,,,NVIDIA A100-SXM4-40GB MIG 4g.20gb (0),1,,13,cupy_copy__complex64_complex64
2178765690,86911,71324,1,1,1,32,32,1,30,0.000,0.000,,,,,NVIDIA A100-SXM4-40GB MIG 4g.20gb (0),1,,13,"void convert_kernel<__half2, float2>(tensor_layout_any, T1 *, tensor_layout_any, const T2 *)"
2178882169,5568,71327,,,,,,,,,,0.094,16827.521,Pinned,Device,NVIDIA A100-SXM4-40GB MIG 4g.20gb (0),1,,13,[CUDA memcpy Host-to-Device]
2178891577,596664,71328,,,,,,,,,,456.561,764740.412,Device,,NVIDIA A100-SXM4-40GB MIG 4g.20gb (0),1,,13,[CUDA memset]
2179491057,161566,71333,,,,,,,,,,1.235,7643.068,Pinned,Device,NVIDIA A100-SXM4-40GB MIG 4g.20gb (0),1,,13,[CUDA memcpy Host-to-Device]
2179665487,38464,71334,,,,,,,,,,0.197,5111.415,Pinned,Device,NVIDIA A100-SXM4-40GB MIG 4g.20gb (0),1,,13,[CUDA memcpy Host-to-Device]
2179719982,8448,71335,69,4,1,48,1,1,76,0.002,0.000,,,,,NVIDIA A100-SXM4-40GB MIG 4g.20gb (0),1,,13,"void ch_est::windowedChEstPreNoDftSOfdmKernel<float, __half, float, (unsigned int)2, (unsigned int)1, (unsigned short)4>(ch_est::puschRxChEstStatDescr_t *, ch_est::puschRxChEstDynDescr_t *)"
2179734158,6432,71336,137,2,1,24,2,1,44,0.001,0.001,,,,,NVIDIA A100-SXM4-40GB MIG 4g.20gb (0),1,,13,"void ch_est::chEstFilterNoDftSOfdmDispatchKernel<float, __half, float, (unsigned int)2>(ch_est::puschRxChEstStatDescr_t *, ch_est::puschRxChEstDynDescr_t *)"
2179748526,5120,71337,137,2,1,24,2,1,44,0.001,0.001,,,,,NVIDIA A100-SXM4-40GB MIG 4g.20gb (0),1,,13,"void ch_est::chEstFilterNoDftSOfdmDispatchKernel<float, __half, float, (unsigned int)2>(ch_est::puschRxChEstStatDescr_t *, ch_est::puschRxChEstDynDescr_t *)"
2179760558,2688,71348,103,1,1,128,1,1,16,0.000,0.000,,,,,NVIDIA A100-SXM4-40GB MIG 4g.20gb (0),1,,13,cupy_copy__complex64_complex64
2179772718,12576,71358,1434,1,1,128,1,1,16,0.000,0.000,,,,,NVIDIA A100-SXM4-40GB MIG 4g.20gb (0),1,,13,cupy_copy__complex64_complex64
2179791054,2623,71365,103,1,1,128,1,1,16,0.000,0.000,,,,,NVIDIA A100-SXM4-40GB MIG 4g.20gb (0),1,,13,cupy_copy__complex64_complex64
2179803597,88415,71372,1,1,1,32,32,1,30,0.000,0.000,,,,,NVIDIA A100-SXM4-40GB MIG 4g.20gb (0),1,,13,"void convert_kernel<__half2, float2>(tensor_layout_any, T1 *, tensor_layout_any, const T2 *)"
2179919308,5696,71375,,,,,,,,,,0.094,16449.363,Pinned,Device,NVIDIA A100-SXM4-40GB MIG 4g.20gb (0),1,,13,[CUDA memcpy Host-to-Device]
2179931116,45887,71376,,,,,,,,,,35.810,780369.777,Device,,NVIDIA A100-SXM4-40GB MIG 4g.20gb (0),1,,13,[CUDA memset]
2179983691,3488,71378,,,,,,,,,,0.000,22.936,Pinned,Device,NVIDIA A100-SXM4-40GB MIG 4g.20gb (0),1,,13,[CUDA memcpy Host-to-Device]
2179992715,14752,71379,,,,,,,,,,0.197,13327.466,Pinned,Device,NVIDIA A100-SXM4-40GB MIG 4g.20gb (0),1,,13,[CUDA memcpy Host-to-Device]
2180014731,11296,71380,273,1,1,48,1,1,40,0.000,0.001,,,,,NVIDIA A100-SXM4-40GB MIG 4g.20gb (0),1,,13,"void pusch_noise_intf_est::noiseIntfEstNoDftSOfdmKernel<float, __half, float, float, (unsigned int)2, (unsigned int)1, (unsigned char)4, (unsigned char)4>(pusch_noise_intf_est::puschRxNoiseIntfEstDynDescr)"
2180028747,2752,71391,35,1,1,128,1,1,16,0.000,0.000,,,,,NVIDIA A100-SXM4-40GB MIG 4g.20gb (0),1,,13,cupy_copy__complex64_complex64
2180043050,1792,71400,1,1,1,1,1,1,18,0.000,0.000,,,,,NVIDIA A100-SXM4-40GB MIG 4g.20gb (0),1,,13,cupy_copy__float32_float32
2180071274,1792,71406,,,,,,,,,,0.000,2.232,Device,Pageable,NVIDIA A100-SXM4-40GB MIG 4g.20gb (0),1,,7,[CUDA memcpy Device-to-Host]
2180132137,12896,71417,1434,1,1,128,1,1,16,0.000,0.000,,,,,NVIDIA A100-SXM4-40GB MIG 4g.20gb (0),1,,13,cupy_copy__complex64_complex64
2180157929,3424,71424,103,1,1,128,1,1,16,0.000,0.000,,,,,NVIDIA A100-SXM4-40GB MIG 4g.20gb (0),1,,13,cupy_copy__complex64_complex64
2180177897,2176,71431,35,1,1,128,1,1,16,0.000,0.000,,,,,NVIDIA A100-SXM4-40GB MIG 4g.20gb (0),1,,13,cupy_copy__complex64_complex64
2180196105,1727,71438,1,1,1,1,1,1,18,0.000,0.000,,,,,NVIDIA A100-SXM4-40GB MIG 4g.20gb (0),1,,13,cupy_copy__float32_float32
2180328103,82143,71449,1,1,1,32,32,1,30,0.000,0.000,,,,,NVIDIA A100-SXM4-40GB MIG 4g.20gb (0),1,,13,"void convert_kernel<__half2, float2>(tensor_layout_any, T1 *, tensor_layout_any, const T2 *)"
2180437862,5695,71452,,,,,,,,,,0.094,16452.268,Pinned,Device,NVIDIA A100-SXM4-40GB MIG 4g.20gb (0),1,,13,[CUDA memcpy Host-to-Device]
2180453413,3264,71453,,,,,,,,,,1.547,473842.288,Device,,NVIDIA A100-SXM4-40GB MIG 4g.20gb (0),1,,13,[CUDA memset]
2180460805,3168,71458,,,,,,,,,,0.031,9878.770,Pinned,Device,NVIDIA A100-SXM4-40GB MIG 4g.20gb (0),1,,13,[CUDA memcpy Host-to-Device]
2180466405,9760,71459,,,,,,,,,,0.197,20144.259,Pinned,Device,NVIDIA A100-SXM4-40GB MIG 4g.20gb (0),1,,13,[CUDA memcpy Host-to-Device]
2180480037,8448,71460,273,1,1,8,4,1,39,0.002,0.000,,,,,NVIDIA A100-SXM4-40GB MIG 4g.20gb (0),1,,13,"void channel_eq::eqMmseCoefCompLowMimoKernel<float, float, float, (unsigned int)4, (unsigned int)1, (unsigned int)4>(const channel_eq::_puschRxChEqStatDescr *, channel_eq::_puschRxChEqCoefCompDynDescr)"
2180491045,6112,71461,273,1,1,12,11,1,51,0.002,0.000,,,,,NVIDIA A100-SXM4-40GB MIG 4g.20gb (0),1,,13,"void channel_eq::eqMmseSoftDemapKernel<float, __half, __half, float, (unsigned int)4, (unsigned short)16383>(channel_eq::_puschRxChEqStatDescr *, channel_eq::_puschRxChEqSoftDemapDynDescr)"
2180500197,294748,71462,1,1,1,32,32,1,30,0.000,0.000,,,,,NVIDIA A100-SXM4-40GB MIG 4g.20gb (0),1,,13,"void convert_kernel<float2, __half2>(tensor_layout_any, T1 *, tensor_layout_any, const T2 *)"
2180797345,10816,71474,2253,1,1,128,1,1,16,0.000,0.000,,,,,NVIDIA A100-SXM4-40GB MIG 4g.20gb (0),1,,13,cupy_copy__float16_float16
2180810593,3040,71483,282,1,1,128,1,1,16,0.000,0.000,,,,,NVIDIA A100-SXM4-40GB MIG 4g.20gb (0),1,,13,cupy_copy__complex64_complex64
2180815745,2592,71492,26,1,1,128,1,1,16,0.000,0.000,,,,,NVIDIA A100-SXM4-40GB MIG 4g.20gb (0),1,,13,cupy_copy__float32_float32
2180820673,4832,71501,103,1,1,128,1,1,16,0.000,0.000,,,,,NVIDIA A100-SXM4-40GB MIG 4g.20gb (0),1,,13,cupy_copy__complex64_complex64
2180828001,11936,71511,1434,1,1,128,1,1,16,0.000,0.000,,,,,NVIDIA A100-SXM4-40GB MIG 4g.20gb (0),1,,13,cupy_copy__complex64_complex64
2180841217,82783,71516,1,1,1,32,32,1,30,0.000,0.000,,,,,NVIDIA A100-SXM4-40GB MIG 4g.20gb (0),1,,13,"void convert_kernel<__half2, float2>(tensor_layout_any, T1 *, tensor_layout_any, const T2 *)"
2180951199,5600,71519,,,,,,,,,,0.094,16731.388,Pinned,Device,NVIDIA A100-SXM4-40GB MIG 4g.20gb (0),1,,13,[CUDA memcpy Host-to-Device]
2180961087,598329,71520,,,,,,,,,,456.561,762914.166,Device,,NVIDIA A100-SXM4-40GB MIG 4g.20gb (0),1,,13,[CUDA memset]
2181567096,135070,71525,,,,,,,,,,1.235,9142.290,Pinned,Device,NVIDIA A100-SXM4-40GB MIG 4g.20gb (0),1,,13,[CUDA memcpy Host-to-Device]
2181714550,39743,71526,,,,,,,,,,0.197,4946.854,Pinned,Device,NVIDIA A100-SXM4-40GB MIG 4g.20gb (0),1,,13,[CUDA memcpy Host-to-Device]
2181771957,8128,71527,69,4,1,48,1,1,76,0.002,0.000,,,,,NVIDIA A100-SXM4-40GB MIG 4g.20gb (0),1,,13,"void ch_est::windowedChEstPreNoDftSOfdmKernel<float, __half, float, (unsigned int)2, (unsigned int)1, (unsigned short)4>(ch_est::puschRxChEstStatDescr_t *, ch_est::puschRxChEstDynDescr_t *)"
2181789685,7008,71528,137,2,1,24,2,1,44,0.001,0.001,,,,,NVIDIA A100-SXM4-40GB MIG 4g.20gb (0),1,,13,"void ch_est::chEstFilterNoDftSOfdmDispatchKernel<float, __half, float, (unsigned int)2>(ch_est::puschRxChEstStatDescr_t *, ch_est::puschRxChEstDynDescr_t *)"
2181806933,4768,71529,137,2,1,24,2,1,44,0.001,0.001,,,,,NVIDIA A100-SXM4-40GB MIG 4g.20gb (0),1,,13,"void ch_est::chEstFilterNoDftSOfdmDispatchKernel<float, __half, float, (unsigned int)2>(ch_est::puschRxChEstStatDescr_t *, ch_est::puschRxChEstDynDescr_t *)"
2181823828,2496,71540,103,1,1,128,1,1,16,0.000,0.000,,,,,NVIDIA A100-SXM4-40GB MIG 4g.20gb (0),1,,13,cupy_copy__complex64_complex64
2181843156,12320,71550,1434,1,1,128,1,1,16,0.000,0.000,,,,,NVIDIA A100-SXM4-40GB MIG 4g.20gb (0),1,,13,cupy_copy__complex64_complex64
2181861780,2912,71557,103,1,1,128,1,1,16,0.000,0.000,,,,,NVIDIA A100-SXM4-40GB MIG 4g.20gb (0),1,,13,cupy_copy__complex64_complex64
2181883444,86751,71564,1,1,1,32,32,1,30,0.000,0.000,,,,,NVIDIA A100-SXM4-40GB MIG 4g.20gb (0),1,,13,"void convert_kernel<__half2, float2>(tensor_layout_any, T1 *, tensor_layout_any, const T2 *)"
2182003922,21760,71567,,,,,,,,,,0.094,4305.800,Pinned,Device,NVIDIA A100-SXM4-40GB MIG 4g.20gb (0),1,,13,[CUDA memcpy Host-to-Device]
2182039506,46911,71568,,,,,,,,,,35.810,763324.255,Device,,NVIDIA A100-SXM4-40GB MIG 4g.20gb (0),1,,13,[CUDA memset]
2182094449,4416,71570,,,,,,,,,,0.000,18.116,Pinned,Device,NVIDIA A100-SXM4-40GB MIG 4g.20gb (0),1,,13,[CUDA memcpy Host-to-Device]
2182109137,20992,71571,,,,,,,,,,0.197,9365.815,Pinned,Device,NVIDIA A100-SXM4-40GB MIG 4g.20gb (0),1,,13,[CUDA memcpy Host-to-Device]
2182143952,9792,71572,273,1,1,48,1,1,40,0.000,0.001,,,,,NVIDIA A100-SXM4-40GB MIG 4g.20gb (0),1,,13,"void pusch_noise_intf_est::noiseIntfEstNoDftSOfdmKernel<float, __half, float, float, (unsigned int)2, (unsigned int)1, (unsigned char)4, (unsigned char)4>(pusch_noise_intf_est::puschRxNoiseIntfEstDynDescr)"
2182158864,2976,71583,35,1,1,128,1,1,16,0.000,0.000,,,,,NVIDIA A100-SXM4-40GB MIG 4g.20gb (0),1,,13,cupy_copy__complex64_complex64
2182166704,1792,71592,1,1,1,1,1,1,18,0.000,0.000,,,,,NVIDIA A100-SXM4-40GB MIG 4g.20gb (0),1,,13,cupy_copy__float32_float32
2182176368,3136,71598,,,,,,,,,,0.000,1.276,Device,Pageable,NVIDIA A100-SXM4-40GB MIG 4g.20gb (0),1,,7,[CUDA memcpy Device-to-Host]
2182242287,12704,71609,1434,1,1,128,1,1,16,0.000,0.000,,,,,NVIDIA A100-SXM4-40GB MIG 4g.20gb (0),1,,13,cupy_copy__complex64_complex64
2182269487,3488,71616,103,1,1,128,1,1,16,0.000,0.000,,,,,NVIDIA A100-SXM4-40GB MIG 4g.20gb (0),1,,13,cupy_copy__complex64_complex64
2182291247,2560,71623,35,1,1,128,1,1,16,0.000,0.000,,,,,NVIDIA A100-SXM4-40GB MIG 4g.20gb (0),1,,13,cupy_copy__complex64_complex64
2182308302,1792,71630,1,1,1,1,1,1,18,0.000,0.000,,,,,NVIDIA A100-SXM4-40GB MIG 4g.20gb (0),1,,13,cupy_copy__float32_float32
2182440205,82431,71641,1,1,1,32,32,1,30,0.000,0.000,,,,,NVIDIA A100-SXM4-40GB MIG 4g.20gb (0),1,,13,"void convert_kernel<__half2, float2>(tensor_layout_any, T1 *, tensor_layout_any, const T2 *)"
2182550059,5920,71644,,,,,,,,,,0.094,15826.941,Pinned,Device,NVIDIA A100-SXM4-40GB MIG 4g.20gb (0),1,,13,[CUDA memcpy Host-to-Device]
2182565963,3360,71645,,,,,,,,,,1.547,460304.688,Device,,NVIDIA A100-SXM4-40GB MIG 4g.20gb (0),1,,13,[CUDA memset]
2182571627,3264,71650,,,,,,,,,,0.031,9588.218,Pinned,Device,NVIDIA A100-SXM4-40GB MIG 4g.20gb (0),1,,13,[CUDA memcpy Host-to-Device]
2182577515,9632,71651,,,,,,,,,,0.197,20411.843,Pinned,Device,NVIDIA A100-SXM4-40GB MIG 4g.20gb (0),1,,13,[CUDA memcpy Host-to-Device]
2182592331,6144,71652,273,1,1,8,4,1,39,0.002,0.000,,,,,NVIDIA A100-SXM4-40GB MIG 4g.20gb (0),1,,13,"void channel_eq::eqMmseCoefCompLowMimoKernel<float, float, float, (unsigned int)4, (unsigned int)1, (unsigned int)4>(const channel_eq::_puschRxChEqStatDescr *, channel_eq::_puschRxChEqCoefCompDynDescr)"
2182601003,5568,71653,273,1,1,12,11,1,51,0.002,0.000,,,,,NVIDIA A100-SXM4-40GB MIG 4g.20gb (0),1,,13,"void channel_eq::eqMmseSoftDemapKernel<float, __half, __half, float, (unsigned int)4, (unsigned short)16383>(channel_eq::_puschRxChEqStatDescr *, channel_eq::_puschRxChEqSoftDemapDynDescr)"
2182608491,294332,71654,1,1,1,32,32,1,30,0.000,0.000,,,,,NVIDIA A100-SXM4-40GB MIG 4g.20gb (0),1,,13,"void convert_kernel<float2, __half2>(tensor_layout_any, T1 *, tensor_layout_any, const T2 *)"
2182905415,11072,71666,2253,1,1,128,1,1,16,0.000,0.000,,,,,NVIDIA A100-SXM4-40GB MIG 4g.20gb (0),1,,13,cupy_copy__float16_float16
2182918663,2656,71675,282,1,1,128,1,1,16,0.000,0.000,,,,,NVIDIA A100-SXM4-40GB MIG 4g.20gb (0),1,,13,cupy_copy__complex64_complex64
2182923463,2048,71684,26,1,1,128,1,1,16,0.000,0.000,,,,,NVIDIA A100-SXM4-40GB MIG 4g.20gb (0),1,,13,cupy_copy__float32_float32
2182928871,3168,71693,103,1,1,128,1,1,16,0.000,0.000,,,,,NVIDIA A100-SXM4-40GB MIG 4g.20gb (0),1,,13,cupy_copy__complex64_complex64
2182935751,12223,71703,1434,1,1,128,1,1,16,0.000,0.000,,,,,NVIDIA A100-SXM4-40GB MIG 4g.20gb (0),1,,13,cupy_copy__complex64_complex64
2182951110,82271,71708,1,1,1,32,32,1,30,0.000,0.000,,,,,NVIDIA A100-SXM4-40GB MIG 4g.20gb (0),1,,13,"void convert_kernel<__half2, float2>(tensor_layout_any, T1 *, tensor_layout_any, const T2 *)"
2183060005,5408,71711,,,,,,,,,,0.094,17325.421,Pinned,Device,NVIDIA A100-SXM4-40GB MIG 4g.20gb (0),1,,13,[CUDA memcpy Host-to-Device]
2183070437,601401,71712,,,,,,,,,,456.561,758805.113,Device,,NVIDIA A100-SXM4-40GB MIG 4g.20gb (0),1,,13,[CUDA memset]
2183673054,130014,71717,,,,,,,,,,1.235,9497.954,Pinned,Device,NVIDIA A100-SXM4-40GB MIG 4g.20gb (0),1,,13,[CUDA memcpy Host-to-Device]
2183815004,36991,71718,,,,,,,,,,0.197,5314.904,Pinned,Device,NVIDIA A100-SXM4-40GB MIG 4g.20gb (0),1,,13,[CUDA memcpy Host-to-Device]
2183878171,8320,71719,69,4,1,48,1,1,76,0.002,0.000,,,,,NVIDIA A100-SXM4-40GB MIG 4g.20gb (0),1,,13,"void ch_est::windowedChEstPreNoDftSOfdmKernel<float, __half, float, (unsigned int)2, (unsigned int)1, (unsigned short)4>(ch_est::puschRxChEstStatDescr_t *, ch_est::puschRxChEstDynDescr_t *)"
2183897115,6688,71720,137,2,1,24,2,1,44,0.001,0.001,,,,,NVIDIA A100-SXM4-40GB MIG 4g.20gb (0),1,,13,"void ch_est::chEstFilterNoDftSOfdmDispatchKernel<float, __half, float, (unsigned int)2>(ch_est::puschRxChEstStatDescr_t *, ch_est::puschRxChEstDynDescr_t *)"
2183914171,4831,71721,137,2,1,24,2,1,44,0.001,0.001,,,,,NVIDIA A100-SXM4-40GB MIG 4g.20gb (0),1,,13,"void ch_est::chEstFilterNoDftSOfdmDispatchKernel<float, __half, float, (unsigned int)2>(ch_est::puschRxChEstStatDescr_t *, ch_est::puschRxChEstDynDescr_t *)"
2183931482,2656,71732,103,1,1,128,1,1,16,0.000,0.000,,,,,NVIDIA A100-SXM4-40GB MIG 4g.20gb (0),1,,13,cupy_copy__complex64_complex64
2183948090,12384,71742,1434,1,1,128,1,1,16,0.000,0.000,,,,,NVIDIA A100-SXM4-40GB MIG 4g.20gb (0),1,,13,cupy_copy__complex64_complex64
2183969530,2912,71749,103,1,1,128,1,1,16,0.000,0.000,,,,,NVIDIA A100-SXM4-40GB MIG 4g.20gb (0),1,,13,cupy_copy__complex64_complex64
2183993114,91870,71756,1,1,1,32,32,1,30,0.000,0.000,,,,,NVIDIA A100-SXM4-40GB MIG 4g.20gb (0),1,,13,"void convert_kernel<__half2, float2>(tensor_layout_any, T1 *, tensor_layout_any, const T2 *)"
2184118776,25472,71759,,,,,,,,,,0.094,3678.318,Pinned,Device,NVIDIA A100-SXM4-40GB MIG 4g.20gb (0),1,,13,[CUDA memcpy Host-to-Device]
2184167735,46656,71760,,,,,,,,,,35.810,767514.015,Device,,NVIDIA A100-SXM4-40GB MIG 4g.20gb (0),1,,13,[CUDA memset]
2184220823,6432,71762,,,,,,,,,,0.000,12.438,Pinned,Device,NVIDIA A100-SXM4-40GB MIG 4g.20gb (0),1,,13,[CUDA memcpy Host-to-Device]
2184237303,41471,71763,,,,,,,,,,0.197,4740.809,Pinned,Device,NVIDIA A100-SXM4-40GB MIG 4g.20gb (0),1,,13,[CUDA memcpy Host-to-Device]
2184301078,9472,71764,273,1,1,48,1,1,40,0.000,0.001,,,,,NVIDIA A100-SXM4-40GB MIG 4g.20gb (0),1,,13,"void pusch_noise_intf_est::noiseIntfEstNoDftSOfdmKernel<float, __half, float, float, (unsigned int)2, (unsigned int)1, (unsigned char)4, (unsigned char)4>(pusch_noise_intf_est::puschRxNoiseIntfEstDynDescr)"
2184320854,2783,71775,35,1,1,128,1,1,16,0.000,0.000,,,,,NVIDIA A100-SXM4-40GB MIG 4g.20gb (0),1,,13,cupy_copy__complex64_complex64
2184337013,1696,71784,1,1,1,1,1,1,18,0.000,0.000,,,,,NVIDIA A100-SXM4-40GB MIG 4g.20gb (0),1,,13,cupy_copy__float32_float32
2184345173,8000,71790,,,,,,,,,,0.000,0.500,Device,Pageable,NVIDIA A100-SXM4-40GB MIG 4g.20gb (0),1,,7,[CUDA memcpy Device-to-Host]
2184444884,12576,71801,1434,1,1,128,1,1,16,0.000,0.000,,,,,NVIDIA A100-SXM4-40GB MIG 4g.20gb (0),1,,13,cupy_copy__complex64_complex64
2184467476,3424,71808,103,1,1,128,1,1,16,0.000,0.000,,,,,NVIDIA A100-SXM4-40GB MIG 4g.20gb (0),1,,13,cupy_copy__complex64_complex64
2184490035,2560,71815,35,1,1,128,1,1,16,0.000,0.000,,,,,NVIDIA A100-SXM4-40GB MIG 4g.20gb (0),1,,13,cupy_copy__complex64_complex64
2184508243,1728,71822,1,1,1,1,1,1,18,0.000,0.000,,,,,NVIDIA A100-SXM4-40GB MIG 4g.20gb (0),1,,13,cupy_copy__float32_float32
2184630002,86431,71833,1,1,1,32,32,1,30,0.000,0.000,,,,,NVIDIA A100-SXM4-40GB MIG 4g.20gb (0),1,,13,"void convert_kernel<__half2, float2>(tensor_layout_any, T1 *, tensor_layout_any, const T2 *)"
2184746896,9216,71836,,,,,,,,,,0.094,10166.578,Pinned,Device,NVIDIA A100-SXM4-40GB MIG 4g.20gb (0),1,,13,[CUDA memcpy Host-to-Device]
2184763600,3488,71837,,,,,,,,,,1.547,443412.461,Device,,NVIDIA A100-SXM4-40GB MIG 4g.20gb (0),1,,13,[CUDA memset]
2184768368,6976,71842,,,,,,,,,,0.031,4486.219,Pinned,Device,NVIDIA A100-SXM4-40GB MIG 4g.20gb (0),1,,13,[CUDA memcpy Host-to-Device]
2184778704,12064,71843,,,,,,,,,,0.197,16297.034,Pinned,Device,NVIDIA A100-SXM4-40GB MIG 4g.20gb (0),1,,13,[CUDA memcpy Host-to-Device]
2184800592,8159,71844,273,1,1,8,4,1,39,0.002,0.000,,,,,NVIDIA A100-SXM4-40GB MIG 4g.20gb (0),1,,13,"void channel_eq::eqMmseCoefCompLowMimoKernel<float, float, float, (unsigned int)4, (unsigned int)1, (unsigned int)4>(const channel_eq::_puschRxChEqStatDescr *, channel_eq::_puschRxChEqCoefCompDynDescr)"
2184810383,6048,71845,273,1,1,12,11,1,51,0.002,0.000,,,,,NVIDIA A100-SXM4-40GB MIG 4g.20gb (0),1,,13,"void channel_eq::eqMmseSoftDemapKernel<float, __half, __half, float, (unsigned int)4, (unsigned short)16383>(channel_eq::_puschRxChEqStatDescr *, channel_eq::_puschRxChEqSoftDemapDynDescr)"
2184818191,294685,71846,1,1,1,32,32,1,30,0.000,0.000,,,,,NVIDIA A100-SXM4-40GB MIG 4g.20gb (0),1,,13,"void convert_kernel<float2, __half2>(tensor_layout_any, T1 *, tensor_layout_any, const T2 *)"
2185114124,10912,71858,2253,1,1,128,1,1,16,0.000,0.000,,,,,NVIDIA A100-SXM4-40GB MIG 4g.20gb (0),1,,13,cupy_copy__float16_float16
2185128908,2815,71867,282,1,1,128,1,1,16,0.000,0.000,,,,,NVIDIA A100-SXM4-40GB MIG 4g.20gb (0),1,,13,cupy_copy__complex64_complex64
2185135275,2048,71876,26,1,1,128,1,1,16,0.000,0.000,,,,,NVIDIA A100-SXM4-40GB MIG 4g.20gb (0),1,,13,cupy_copy__float32_float32
2185139851,4640,71885,103,1,1,128,1,1,16,0.000,0.000,,,,,NVIDIA A100-SXM4-40GB MIG 4g.20gb (0),1,,13,cupy_copy__complex64_complex64
2185146891,12064,71895,1434,1,1,128,1,1,16,0.000,0.000,,,,,NVIDIA A100-SXM4-40GB MIG 4g.20gb (0),1,,13,cupy_copy__complex64_complex64
2185161515,86815,71900,1,1,1,32,32,1,30,0.000,0.000,,,,,NVIDIA A100-SXM4-40GB MIG 4g.20gb (0),1,,13,"void convert_kernel<__half2, float2>(tensor_layout_any, T1 *, tensor_layout_any, const T2 *)"
2185275434,5376,71903,,,,,,,,,,0.094,17428.487,Pinned,Device,NVIDIA A100-SXM4-40GB MIG 4g.20gb (0),1,,13,[CUDA memcpy Host-to-Device]
2185286346,598296,71904,,,,,,,,,,456.561,762914.166,Device,,NVIDIA A100-SXM4-40GB MIG 4g.20gb (0),1,,13,[CUDA memset]
2185891394,118367,71909,,,,,,,,,,1.235,10432.807,Pinned,Device,NVIDIA A100-SXM4-40GB MIG 4g.20gb (0),1,,13,[CUDA memcpy Host-to-Device]
2186016929,21023,71910,,,,,,,,,,0.197,9351.856,Pinned,Device,NVIDIA A100-SXM4-40GB MIG 4g.20gb (0),1,,13,[CUDA memcpy Host-to-Device]
2186052832,8256,71911,69,4,1,48,1,1,76,0.002,0.000,,,,,NVIDIA A100-SXM4-40GB MIG 4g.20gb (0),1,,13,"void ch_est::windowedChEstPreNoDftSOfdmKernel<float, __half, float, (unsigned int)2, (unsigned int)1, (unsigned short)4>(ch_est::puschRxChEstStatDescr_t *, ch_est::puschRxChEstDynDescr_t *)"
2186068960,7904,71912,137,2,1,24,2,1,44,0.001,0.001,,,,,NVIDIA A100-SXM4-40GB MIG 4g.20gb (0),1,,13,"void ch_est::chEstFilterNoDftSOfdmDispatchKernel<float, __half, float, (unsigned int)2>(ch_est::puschRxChEstStatDescr_t *, ch_est::puschRxChEstDynDescr_t *)"
2186084160,6176,71913,137,2,1,24,2,1,44,0.001,0.001,,,,,NVIDIA A100-SXM4-40GB MIG 4g.20gb (0),1,,13,"void ch_est::chEstFilterNoDftSOfdmDispatchKernel<float, __half, float, (unsigned int)2>(ch_est::puschRxChEstStatDescr_t *, ch_est::puschRxChEstDynDescr_t *)"
2186092000,3488,71924,103,1,1,128,1,1,16,0.000,0.000,,,,,NVIDIA A100-SXM4-40GB MIG 4g.20gb (0),1,,13,cupy_copy__complex64_complex64
2186099808,12831,71934,1434,1,1,128,1,1,16,0.000,0.000,,,,,NVIDIA A100-SXM4-40GB MIG 4g.20gb (0),1,,13,cupy_copy__complex64_complex64
2186115327,2592,71941,103,1,1,128,1,1,16,0.000,0.000,,,,,NVIDIA A100-SXM4-40GB MIG 4g.20gb (0),1,,13,cupy_copy__complex64_complex64
2186124735,91615,71948,1,1,1,32,32,1,30,0.000,0.000,,,,,NVIDIA A100-SXM4-40GB MIG 4g.20gb (0),1,,13,"void convert_kernel<__half2, float2>(tensor_layout_any, T1 *, tensor_layout_any, const T2 *)"
2186243294,5472,71951,,,,,,,,,,0.094,17122.757,Pinned,Device,NVIDIA A100-SXM4-40GB MIG 4g.20gb (0),1,,13,[CUDA memcpy Host-to-Device]
2186255326,47263,71952,,,,,,,,,,35.810,757666.287,Device,,NVIDIA A100-SXM4-40GB MIG 4g.20gb (0),1,,13,[CUDA memset]
2186307837,3808,71954,,,,,,,,,,0.000,21.008,Pinned,Device,NVIDIA A100-SXM4-40GB MIG 4g.20gb (0),1,,13,[CUDA memcpy Host-to-Device]
2186315389,11456,71955,,,,,,,,,,0.197,17161.912,Pinned,Device,NVIDIA A100-SXM4-40GB MIG 4g.20gb (0),1,,13,[CUDA memcpy Host-to-Device]
2186334045,10847,71956,273,1,1,48,1,1,40,0.000,0.001,,,,,NVIDIA A100-SXM4-40GB MIG 4g.20gb (0),1,,13,"void pusch_noise_intf_est::noiseIntfEstNoDftSOfdmKernel<float, __half, float, float, (unsigned int)2, (unsigned int)1, (unsigned char)4, (unsigned char)4>(pusch_noise_intf_est::puschRxNoiseIntfEstDynDescr)"
2186347964,3200,71967,35,1,1,128,1,1,16,0.000,0.000,,,,,NVIDIA A100-SXM4-40GB MIG 4g.20gb (0),1,,13,cupy_copy__complex64_complex64
2186364316,1888,71976,1,1,1,1,1,1,18,0.000,0.000,,,,,NVIDIA A100-SXM4-40GB MIG 4g.20gb (0),1,,13,cupy_copy__float32_float32
2186395196,1952,71982,,,,,,,,,,0.000,2.049,Device,Pageable,NVIDIA A100-SXM4-40GB MIG 4g.20gb (0),1,,7,[CUDA memcpy Device-to-Host]
2186456059,12864,71993,1434,1,1,128,1,1,16,0.000,0.000,,,,,NVIDIA A100-SXM4-40GB MIG 4g.20gb (0),1,,13,cupy_copy__complex64_complex64
2186484283,2592,72000,103,1,1,128,1,1,16,0.000,0.000,,,,,NVIDIA A100-SXM4-40GB MIG 4g.20gb (0),1,,13,cupy_copy__complex64_complex64
2186504091,2591,72007,35,1,1,128,1,1,16,0.000,0.000,,,,,NVIDIA A100-SXM4-40GB MIG 4g.20gb (0),1,,13,cupy_copy__complex64_complex64
2186524026,1792,72014,1,1,1,1,1,1,18,0.000,0.000,,,,,NVIDIA A100-SXM4-40GB MIG 4g.20gb (0),1,,13,cupy_copy__float32_float32
2186659129,82303,72025,1,1,1,32,32,1,30,0.000,0.000,,,,,NVIDIA A100-SXM4-40GB MIG 4g.20gb (0),1,,13,"void convert_kernel<__half2, float2>(tensor_layout_any, T1 *, tensor_layout_any, const T2 *)"
2186769143,5696,72028,,,,,,,,,,0.094,16449.363,Pinned,Device,NVIDIA A100-SXM4-40GB MIG 4g.20gb (0),1,,13,[CUDA memcpy Host-to-Device]
2186783191,3296,72029,,,,,,,,,,1.547,469242.628,Device,,NVIDIA A100-SXM4-40GB MIG 4g.20gb (0),1,,13,[CUDA memset]
2186789879,3008,72034,,,,,,,,,,0.031,10404.230,Pinned,Device,NVIDIA A100-SXM4-40GB MIG 4g.20gb (0),1,,13,[CUDA memcpy Host-to-Device]
2186795543,9504,72035,,,,,,,,,,0.197,20686.701,Pinned,Device,NVIDIA A100-SXM4-40GB MIG 4g.20gb (0),1,,13,[CUDA memcpy Host-to-Device]
2186809143,6016,72036,273,1,1,8,4,1,39,0.002,0.000,,,,,NVIDIA A100-SXM4-40GB MIG 4g.20gb (0),1,,13,"void channel_eq::eqMmseCoefCompLowMimoKernel<float, float, float, (unsigned int)4, (unsigned int)1, (unsigned int)4>(const channel_eq::_puschRxChEqStatDescr *, channel_eq::_puschRxChEqCoefCompDynDescr)"
2186816215,5952,72037,273,1,1,12,11,1,51,0.002,0.000,,,,,NVIDIA A100-SXM4-40GB MIG 4g.20gb (0),1,,13,"void channel_eq::eqMmseSoftDemapKernel<float, __half, __half, float, (unsigned int)4, (unsigned short)16383>(channel_eq::_puschRxChEqStatDescr *, channel_eq::_puschRxChEqSoftDemapDynDescr)"
2186823255,282428,72038,1,1,1,32,32,1,30,0.000,0.000,,,,,NVIDIA A100-SXM4-40GB MIG 4g.20gb (0),1,,13,"void convert_kernel<float2, __half2>(tensor_layout_any, T1 *, tensor_layout_any, const T2 *)"
2187108595,10944,72050,2253,1,1,128,1,1,16,0.000,0.000,,,,,NVIDIA A100-SXM4-40GB MIG 4g.20gb (0),1,,13,cupy_copy__float16_float16
2187122323,3680,72059,282,1,1,128,1,1,16,0.000,0.000,,,,,NVIDIA A100-SXM4-40GB MIG 4g.20gb (0),1,,13,cupy_copy__complex64_complex64
2187127731,2240,72068,26,1,1,128,1,1,16,0.000,0.000,,,,,NVIDIA A100-SXM4-40GB MIG 4g.20gb (0),1,,13,cupy_copy__float32_float32
2187131603,4512,72077,103,1,1,128,1,1,16,0.000,0.000,,,,,NVIDIA A100-SXM4-40GB MIG 4g.20gb (0),1,,13,cupy_copy__complex64_complex64
2187139315,12288,72087,1434,1,1,128,1,1,16,0.000,0.000,,,,,NVIDIA A100-SXM4-40GB MIG 4g.20gb (0),1,,13,cupy_copy__complex64_complex64
2187163602,81535,72092,1,1,1,32,32,1,30,0.000,0.000,,,,,NVIDIA A100-SXM4-40GB MIG 4g.20gb (0),1,,13,"void convert_kernel<__half2, float2>(tensor_layout_any, T1 *, tensor_layout_any, const T2 *)"
2187272561,5408,72095,,,,,,,,,,0.094,17325.421,Pinned,Device,NVIDIA A100-SXM4-40GB MIG 4g.20gb (0),1,,13,[CUDA memcpy Host-to-Device]
2187282193,596985,72096,,,,,,,,,,456.561,764740.412,Device,,NVIDIA A100-SXM4-40GB MIG 4g.20gb (0),1,,13,[CUDA memset]
2187887337,156894,72101,,,,,,,,,,1.235,7870.298,Pinned,Device,NVIDIA A100-SXM4-40GB MIG 4g.20gb (0),1,,13,[CUDA memcpy Host-to-Device]
2188058087,40256,72102,,,,,,,,,,0.197,4883.939,Pinned,Device,NVIDIA A100-SXM4-40GB MIG 4g.20gb (0),1,,13,[CUDA memcpy Host-to-Device]
2188115943,8479,72103,69,4,1,48,1,1,76,0.002,0.000,,,,,NVIDIA A100-SXM4-40GB MIG 4g.20gb (0),1,,13,"void ch_est::windowedChEstPreNoDftSOfdmKernel<float, __half, float, (unsigned int)2, (unsigned int)1, (unsigned short)4>(ch_est::puschRxChEstStatDescr_t *, ch_est::puschRxChEstDynDescr_t *)"
2188133606,6880,72104,137,2,1,24,2,1,44,0.001,0.001,,,,,NVIDIA A100-SXM4-40GB MIG 4g.20gb (0),1,,13,"void ch_est::chEstFilterNoDftSOfdmDispatchKernel<float, __half, float, (unsigned int)2>(ch_est::puschRxChEstStatDescr_t *, ch_est::puschRxChEstDynDescr_t *)"
2188150822,4832,72105,137,2,1,24,2,1,44,0.001,0.001,,,,,NVIDIA A100-SXM4-40GB MIG 4g.20gb (0),1,,13,"void ch_est::chEstFilterNoDftSOfdmDispatchKernel<float, __half, float, (unsigned int)2>(ch_est::puschRxChEstStatDescr_t *, ch_est::puschRxChEstDynDescr_t *)"
2188166438,2624,72116,103,1,1,128,1,1,16,0.000,0.000,,,,,NVIDIA A100-SXM4-40GB MIG 4g.20gb (0),1,,13,cupy_copy__complex64_complex64
2188182086,12416,72126,1434,1,1,128,1,1,16,0.000,0.000,,,,,NVIDIA A100-SXM4-40GB MIG 4g.20gb (0),1,,13,cupy_copy__complex64_complex64
2188215013,2688,72133,103,1,1,128,1,1,16,0.000,0.000,,,,,NVIDIA A100-SXM4-40GB MIG 4g.20gb (0),1,,13,cupy_copy__complex64_complex64
2188225637,84671,72140,1,1,1,32,32,1,30,0.000,0.000,,,,,NVIDIA A100-SXM4-40GB MIG 4g.20gb (0),1,,13,"void convert_kernel<__half2, float2>(tensor_layout_any, T1 *, tensor_layout_any, const T2 *)"
2188337540,13920,72143,,,,,,,,,,0.094,6731.027,Pinned,Device,NVIDIA A100-SXM4-40GB MIG 4g.20gb (0),1,,13,[CUDA memcpy Host-to-Device]
2188356516,47519,72144,,,,,,,,,,35.810,753583.956,Device,,NVIDIA A100-SXM4-40GB MIG 4g.20gb (0),1,,13,[CUDA memset]
2188408995,8064,72146,,,,,,,,,,0.000,9.921,Pinned,Device,NVIDIA A100-SXM4-40GB MIG 4g.20gb (0),1,,13,[CUDA memcpy Host-to-Device]
2188424899,17312,72147,,,,,,,,,,0.197,11356.668,Pinned,Device,NVIDIA A100-SXM4-40GB MIG 4g.20gb (0),1,,13,[CUDA memcpy Host-to-Device]
2188452546,12704,72148,273,1,1,48,1,1,40,0.000,0.001,,,,,NVIDIA A100-SXM4-40GB MIG 4g.20gb (0),1,,13,"void pusch_noise_intf_est::noiseIntfEstNoDftSOfdmKernel<float, __half, float, float, (unsigned int)2, (unsigned int)1, (unsigned char)4, (unsigned char)4>(pusch_noise_intf_est::puschRxNoiseIntfEstDynDescr)"
2188472546,2816,72159,35,1,1,128,1,1,16,0.000,0.000,,,,,NVIDIA A100-SXM4-40GB MIG 4g.20gb (0),1,,13,cupy_copy__complex64_complex64
2188481986,1664,72168,1,1,1,1,1,1,18,0.000,0.000,,,,,NVIDIA A100-SXM4-40GB MIG 4g.20gb (0),1,,13,cupy_copy__float32_float32
2188490050,5504,72174,,,,,,,,,,0.000,0.727,Device,Pageable,NVIDIA A100-SXM4-40GB MIG 4g.20gb (0),1,,7,[CUDA memcpy Device-to-Host]
2188558753,13184,72185,1434,1,1,128,1,1,16,0.000,0.000,,,,,NVIDIA A100-SXM4-40GB MIG 4g.20gb (0),1,,13,cupy_copy__complex64_complex64
2188584961,2880,72192,103,1,1,128,1,1,16,0.000,0.000,,,,,NVIDIA A100-SXM4-40GB MIG 4g.20gb (0),1,,13,cupy_copy__complex64_complex64
2188605633,2368,72199,35,1,1,128,1,1,16,0.000,0.000,,,,,NVIDIA A100-SXM4-40GB MIG 4g.20gb (0),1,,13,cupy_copy__complex64_complex64
2188628000,1792,72206,1,1,1,1,1,1,18,0.000,0.000,,,,,NVIDIA A100-SXM4-40GB MIG 4g.20gb (0),1,,13,cupy_copy__float32_float32
2188758559,82975,72217,1,1,1,32,32,1,30,0.000,0.000,,,,,NVIDIA A100-SXM4-40GB MIG 4g.20gb (0),1,,13,"void convert_kernel<__half2, float2>(tensor_layout_any, T1 *, tensor_layout_any, const T2 *)"
2188869469,5568,72220,,,,,,,,,,0.094,16827.521,Pinned,Device,NVIDIA A100-SXM4-40GB MIG 4g.20gb (0),1,,13,[CUDA memcpy Host-to-Device]
2188884477,3232,72221,,,,,,,,,,1.547,478533.199,Device,,NVIDIA A100-SXM4-40GB MIG 4g.20gb (0),1,,13,[CUDA memset]
2188890749,3008,72226,,,,,,,,,,0.031,10404.230,Pinned,Device,NVIDIA A100-SXM4-40GB MIG 4g.20gb (0),1,,13,[CUDA memcpy Host-to-Device]
2188896669,9376,72227,,,,,,,,,,0.197,20969.226,Pinned,Device,NVIDIA A100-SXM4-40GB MIG 4g.20gb (0),1,,13,[CUDA memcpy Host-to-Device]
2188911261,8352,72228,273,1,1,8,4,1,39,0.002,0.000,,,,,NVIDIA A100-SXM4-40GB MIG 4g.20gb (0),1,,13,"void channel_eq::eqMmseCoefCompLowMimoKernel<float, float, float, (unsigned int)4, (unsigned int)1, (unsigned int)4>(const channel_eq::_puschRxChEqStatDescr *, channel_eq::_puschRxChEqCoefCompDynDescr)"
2188924125,5632,72229,273,1,1,12,11,1,51,0.002,0.000,,,,,NVIDIA A100-SXM4-40GB MIG 4g.20gb (0),1,,13,"void channel_eq::eqMmseSoftDemapKernel<float, __half, __half, float, (unsigned int)4, (unsigned short)16383>(channel_eq::_puschRxChEqStatDescr *, channel_eq::_puschRxChEqSoftDemapDynDescr)"
2188931421,282140,72230,1,1,1,32,32,1,30,0.000,0.000,,,,,NVIDIA A100-SXM4-40GB MIG 4g.20gb (0),1,,13,"void convert_kernel<float2, __half2>(tensor_layout_any, T1 *, tensor_layout_any, const T2 *)"
2189214521,10944,72242,2253,1,1,128,1,1,16,0.000,0.000,,,,,NVIDIA A100-SXM4-40GB MIG 4g.20gb (0),1,,13,cupy_copy__float16_float16
2189227577,3296,72251,282,1,1,128,1,1,16,0.000,0.000,,,,,NVIDIA A100-SXM4-40GB MIG 4g.20gb (0),1,,13,cupy_copy__complex64_complex64
2189231961,2048,72260,26,1,1,128,1,1,16,0.000,0.000,,,,,NVIDIA A100-SXM4-40GB MIG 4g.20gb (0),1,,13,cupy_copy__float32_float32
2189235577,3168,72269,103,1,1,128,1,1,16,0.000,0.000,,,,,NVIDIA A100-SXM4-40GB MIG 4g.20gb (0),1,,13,cupy_copy__complex64_complex64
2189239833,12000,72279,1434,1,1,128,1,1,16,0.000,0.000,,,,,NVIDIA A100-SXM4-40GB MIG 4g.20gb (0),1,,13,cupy_copy__complex64_complex64
2189260408,86367,72284,1,1,1,32,32,1,30,0.000,0.000,,,,,NVIDIA A100-SXM4-40GB MIG 4g.20gb (0),1,,13,"void convert_kernel<__half2, float2>(tensor_layout_any, T1 *, tensor_layout_any, const T2 *)"
2189374231,5824,72287,,,,,,,,,,0.094,16087.884,Pinned,Device,NVIDIA A100-SXM4-40GB MIG 4g.20gb (0),1,,13,[CUDA memcpy Host-to-Device]
2189384791,597657,72288,,,,,,,,,,456.561,763827.289,Device,,NVIDIA A100-SXM4-40GB MIG 4g.20gb (0),1,,13,[CUDA memset]
2189985263,156863,72293,,,,,,,,,,1.235,7871.533,Pinned,Device,NVIDIA A100-SXM4-40GB MIG 4g.20gb (0),1,,13,[CUDA memcpy Host-to-Device]
2190154605,40096,72294,,,,,,,,,,0.197,4903.404,Pinned,Device,NVIDIA A100-SXM4-40GB MIG 4g.20gb (0),1,,13,[CUDA memcpy Host-to-Device]
2190224749,8095,72295,69,4,1,48,1,1,76,0.002,0.000,,,,,NVIDIA A100-SXM4-40GB MIG 4g.20gb (0),1,,13,"void ch_est::windowedChEstPreNoDftSOfdmKernel<float, __half, float, (unsigned int)2, (unsigned int)1, (unsigned short)4>(ch_est::puschRxChEstStatDescr_t *, ch_est::puschRxChEstDynDescr_t *)"
2190242860,6880,72296,137,2,1,24,2,1,44,0.001,0.001,,,,,NVIDIA A100-SXM4-40GB MIG 4g.20gb (0),1,,13,"void ch_est::chEstFilterNoDftSOfdmDispatchKernel<float, __half, float, (unsigned int)2>(ch_est::puschRxChEstStatDescr_t *, ch_est::puschRxChEstDynDescr_t *)"
2190260172,4736,72297,137,2,1,24,2,1,44,0.001,0.001,,,,,NVIDIA A100-SXM4-40GB MIG 4g.20gb (0),1,,13,"void ch_est::chEstFilterNoDftSOfdmDispatchKernel<float, __half, float, (unsigned int)2>(ch_est::puschRxChEstStatDescr_t *, ch_est::puschRxChEstDynDescr_t *)"
2190276908,2528,72308,103,1,1,128,1,1,16,0.000,0.000,,,,,NVIDIA A100-SXM4-40GB MIG 4g.20gb (0),1,,13,cupy_copy__complex64_complex64
2190296524,12351,72318,1434,1,1,128,1,1,16,0.000,0.000,,,,,NVIDIA A100-SXM4-40GB MIG 4g.20gb (0),1,,13,cupy_copy__complex64_complex64
2190315019,2944,72325,103,1,1,128,1,1,16,0.000,0.000,,,,,NVIDIA A100-SXM4-40GB MIG 4g.20gb (0),1,,13,cupy_copy__complex64_complex64
2190337963,87135,72332,1,1,1,32,32,1,30,0.000,0.000,,,,,NVIDIA A100-SXM4-40GB MIG 4g.20gb (0),1,,13,"void convert_kernel<__half2, float2>(tensor_layout_any, T1 *, tensor_layout_any, const T2 *)"
2190455658,21087,72335,,,,,,,,,,0.094,4443.252,Pinned,Device,NVIDIA A100-SXM4-40GB MIG 4g.20gb (0),1,,13,[CUDA memcpy Host-to-Device]
2190495529,47040,72336,,,,,,,,,,35.810,761247.279,Device,,NVIDIA A100-SXM4-40GB MIG 4g.20gb (0),1,,13,[CUDA memset]
2190549193,3871,72338,,,,,,,,,,0.000,20.666,Pinned,Device,NVIDIA A100-SXM4-40GB MIG 4g.20gb (0),1,,13,[CUDA memcpy Host-to-Device]
2190561256,15584,72339,,,,,,,,,,0.197,12615.942,Pinned,Device,NVIDIA A100-SXM4-40GB MIG 4g.20gb (0),1,,13,[CUDA memcpy Host-to-Device]
2190592744,9824,72340,273,1,1,48,1,1,40,0.000,0.001,,,,,NVIDIA A100-SXM4-40GB MIG 4g.20gb (0),1,,13,"void pusch_noise_intf_est::noiseIntfEstNoDftSOfdmKernel<float, __half, float, float, (unsigned int)2, (unsigned int)1, (unsigned char)4, (unsigned char)4>(pusch_noise_intf_est::puschRxNoiseIntfEstDynDescr)"
2190606536,2752,72351,35,1,1,128,1,1,16,0.000,0.000,,,,,NVIDIA A100-SXM4-40GB MIG 4g.20gb (0),1,,13,cupy_copy__complex64_complex64
2190614184,1920,72360,1,1,1,1,1,1,18,0.000,0.000,,,,,NVIDIA A100-SXM4-40GB MIG 4g.20gb (0),1,,13,cupy_copy__float32_float32
2190622920,3264,72366,,,,,,,,,,0.000,1.225,Device,Pageable,NVIDIA A100-SXM4-40GB MIG 4g.20gb (0),1,,7,[CUDA memcpy Device-to-Host]
2190695431,12960,72377,1434,1,1,128,1,1,16,0.000,0.000,,,,,NVIDIA A100-SXM4-40GB MIG 4g.20gb (0),1,,13,cupy_copy__complex64_complex64
2190720454,3456,72384,103,1,1,128,1,1,16,0.000,0.000,,,,,NVIDIA A100-SXM4-40GB MIG 4g.20gb (0),1,,13,cupy_copy__complex64_complex64
2190751078,2720,72391,35,1,1,128,1,1,16,0.000,0.000,,,,,NVIDIA A100-SXM4-40GB MIG 4g.20gb (0),1,,13,cupy_copy__complex64_complex64
2190764646,1984,72398,1,1,1,1,1,1,18,0.000,0.000,,,,,NVIDIA A100-SXM4-40GB MIG 4g.20gb (0),1,,13,cupy_copy__float32_float32
2190909316,86303,72409,1,1,1,32,32,1,30,0.000,0.000,,,,,NVIDIA A100-SXM4-40GB MIG 4g.20gb (0),1,,13,"void convert_kernel<__half2, float2>(tensor_layout_any, T1 *, tensor_layout_any, const T2 *)"
2191022979,6304,72412,,,,,,,,,,0.094,14862.903,Pinned,Device,NVIDIA A100-SXM4-40GB MIG 4g.20gb (0),1,,13,[CUDA memcpy Host-to-Device]
2191039490,3456,72413,,,,,,,,,,1.547,447517.201,Device,,NVIDIA A100-SXM4-40GB MIG 4g.20gb (0),1,,13,[CUDA memset]
2191044386,3616,72418,,,,,,,,,,0.031,8654.846,Pinned,Device,NVIDIA A100-SXM4-40GB MIG 4g.20gb (0),1,,13,[CUDA memcpy Host-to-Device]
2191050434,9696,72419,,,,,,,,,,0.197,20277.166,Pinned,Device,NVIDIA A100-SXM4-40GB MIG 4g.20gb (0),1,,13,[CUDA memcpy Host-to-Device]
2191064866,8224,72420,273,1,1,8,4,1,39,0.002,0.000,,,,,NVIDIA A100-SXM4-40GB MIG 4g.20gb (0),1,,13,"void channel_eq::eqMmseCoefCompLowMimoKernel<float, float, float, (unsigned int)4, (unsigned int)1, (unsigned int)4>(const channel_eq::_puschRxChEqStatDescr *, channel_eq::_puschRxChEqCoefCompDynDescr)"
2191075906,6176,72421,273,1,1,12,11,1,51,0.002,0.000,,,,,NVIDIA A100-SXM4-40GB MIG 4g.20gb (0),1,,13,"void channel_eq::eqMmseSoftDemapKernel<float, __half, __half, float, (unsigned int)4, (unsigned short)16383>(channel_eq::_puschRxChEqStatDescr *, channel_eq::_puschRxChEqSoftDemapDynDescr)"
2191083362,282588,72422,1,1,1,32,32,1,30,0.000,0.000,,,,,NVIDIA A100-SXM4-40GB MIG 4g.20gb (0),1,,13,"void convert_kernel<float2, __half2>(tensor_layout_any, T1 *, tensor_layout_any, const T2 *)"
2191366878,11040,72434,2253,1,1,128,1,1,16,0.000,0.000,,,,,NVIDIA A100-SXM4-40GB MIG 4g.20gb (0),1,,13,cupy_copy__float16_float16
2191380766,3200,72443,282,1,1,128,1,1,16,0.000,0.000,,,,,NVIDIA A100-SXM4-40GB MIG 4g.20gb (0),1,,13,cupy_copy__complex64_complex64
2191385662,2016,72452,26,1,1,128,1,1,16,0.000,0.000,,,,,NVIDIA A100-SXM4-40GB MIG 4g.20gb (0),1,,13,cupy_copy__float32_float32
2191389022,3360,72461,103,1,1,128,1,1,16,0.000,0.000,,,,,NVIDIA A100-SXM4-40GB MIG 4g.20gb (0),1,,13,cupy_copy__complex64_complex64
2191393438,11808,72471,1434,1,1,128,1,1,16,0.000,0.000,,,,,NVIDIA A100-SXM4-40GB MIG 4g.20gb (0),1,,13,cupy_copy__complex64_complex64
2191413438,85951,72476,1,1,1,32,32,1,30,0.000,0.000,,,,,NVIDIA A100-SXM4-40GB MIG 4g.20gb (0),1,,13,"void convert_kernel<__half2, float2>(tensor_layout_any, T1 *, tensor_layout_any, const T2 *)"
2191526428,5600,72479,,,,,,,,,,0.094,16731.388,Pinned,Device,NVIDIA A100-SXM4-40GB MIG 4g.20gb (0),1,,13,[CUDA memcpy Host-to-Device]
2191540732,597401,72480,,,,,,,,,,456.561,763827.289,Device,,NVIDIA A100-SXM4-40GB MIG 4g.20gb (0),1,,13,[CUDA memset]
2192145589,139966,72485,,,,,,,,,,1.235,8822.440,Pinned,Device,NVIDIA A100-SXM4-40GB MIG 4g.20gb (0),1,,13,[CUDA memcpy Host-to-Device]
2192295347,33280,72486,,,,,,,,,,0.197,5907.677,Pinned,Device,NVIDIA A100-SXM4-40GB MIG 4g.20gb (0),1,,13,[CUDA memcpy Host-to-Device]
2192341362,8224,72487,69,4,1,48,1,1,76,0.002,0.000,,,,,NVIDIA A100-SXM4-40GB MIG 4g.20gb (0),1,,13,"void ch_est::windowedChEstPreNoDftSOfdmKernel<float, __half, float, (unsigned int)2, (unsigned int)1, (unsigned short)4>(ch_est::puschRxChEstStatDescr_t *, ch_est::puschRxChEstDynDescr_t *)"
2192357202,6912,72488,137,2,1,24,2,1,44,0.001,0.001,,,,,NVIDIA A100-SXM4-40GB MIG 4g.20gb (0),1,,13,"void ch_est::chEstFilterNoDftSOfdmDispatchKernel<float, __half, float, (unsigned int)2>(ch_est::puschRxChEstStatDescr_t *, ch_est::puschRxChEstDynDescr_t *)"
2192369138,4768,72489,137,2,1,24,2,1,44,0.001,0.001,,,,,NVIDIA A100-SXM4-40GB MIG 4g.20gb (0),1,,13,"void ch_est::chEstFilterNoDftSOfdmDispatchKernel<float, __half, float, (unsigned int)2>(ch_est::puschRxChEstStatDescr_t *, ch_est::puschRxChEstDynDescr_t *)"
2192385138,2656,72500,103,1,1,128,1,1,16,0.000,0.000,,,,,NVIDIA A100-SXM4-40GB MIG 4g.20gb (0),1,,13,cupy_copy__complex64_complex64
2192400946,12447,72510,1434,1,1,128,1,1,16,0.000,0.000,,,,,NVIDIA A100-SXM4-40GB MIG 4g.20gb (0),1,,13,cupy_copy__complex64_complex64
2192432529,2720,72517,103,1,1,128,1,1,16,0.000,0.000,,,,,NVIDIA A100-SXM4-40GB MIG 4g.20gb (0),1,,13,cupy_copy__complex64_complex64
2192445489,87455,72524,1,1,1,32,32,1,30,0.000,0.000,,,,,NVIDIA A100-SXM4-40GB MIG 4g.20gb (0),1,,13,"void convert_kernel<__half2, float2>(tensor_layout_any, T1 *, tensor_layout_any, const T2 *)"
2192565296,23775,72527,,,,,,,,,,0.094,3940.854,Pinned,Device,NVIDIA A100-SXM4-40GB MIG 4g.20gb (0),1,,13,[CUDA memcpy Host-to-Device]
2192613135,46783,72528,,,,,,,,,,35.810,765437.040,Device,,NVIDIA A100-SXM4-40GB MIG 4g.20gb (0),1,,13,[CUDA memset]
2192666798,14272,72530,,,,,,,,,,0.000,5.605,Pinned,Device,NVIDIA A100-SXM4-40GB MIG 4g.20gb (0),1,,13,[CUDA memcpy Host-to-Device]
2192694062,24352,72531,,,,,,,,,,0.197,8073.511,Pinned,Device,NVIDIA A100-SXM4-40GB MIG 4g.20gb (0),1,,13,[CUDA memcpy Host-to-Device]
2192748653,9952,72532,273,1,1,48,1,1,40,0.000,0.001,,,,,NVIDIA A100-SXM4-40GB MIG 4g.20gb (0),1,,13,"void pusch_noise_intf_est::noiseIntfEstNoDftSOfdmKernel<float, __half, float, float, (unsigned int)2, (unsigned int)1, (unsigned char)4, (unsigned char)4>(pusch_noise_intf_est::puschRxNoiseIntfEstDynDescr)"
2192765133,2784,72543,35,1,1,128,1,1,16,0.000,0.000,,,,,NVIDIA A100-SXM4-40GB MIG 4g.20gb (0),1,,13,cupy_copy__complex64_complex64
2192782093,1696,72552,1,1,1,1,1,1,18,0.000,0.000,,,,,NVIDIA A100-SXM4-40GB MIG 4g.20gb (0),1,,13,cupy_copy__float32_float32
2192785581,7840,72558,,,,,,,,,,0.000,0.510,Device,Pageable,NVIDIA A100-SXM4-40GB MIG 4g.20gb (0),1,,7,[CUDA memcpy Device-to-Host]
2192875820,12768,72569,1434,1,1,128,1,1,16,0.000,0.000,,,,,NVIDIA A100-SXM4-40GB MIG 4g.20gb (0),1,,13,cupy_copy__complex64_complex64
2192909835,3584,72576,103,1,1,128,1,1,16,0.000,0.000,,,,,NVIDIA A100-SXM4-40GB MIG 4g.20gb (0),1,,13,cupy_copy__complex64_complex64
2192924171,2592,72583,35,1,1,128,1,1,16,0.000,0.000,,,,,NVIDIA A100-SXM4-40GB MIG 4g.20gb (0),1,,13,cupy_copy__complex64_complex64
2192939115,1792,72590,1,1,1,1,1,1,18,0.000,0.000,,,,,NVIDIA A100-SXM4-40GB MIG 4g.20gb (0),1,,13,cupy_copy__float32_float32
2193072809,87039,72601,1,1,1,32,32,1,30,0.000,0.000,,,,,NVIDIA A100-SXM4-40GB MIG 4g.20gb (0),1,,13,"void convert_kernel<__half2, float2>(tensor_layout_any, T1 *, tensor_layout_any, const T2 *)"
2193190088,13696,72604,,,,,,,,,,0.094,6841.120,Pinned,Device,NVIDIA A100-SXM4-40GB MIG 4g.20gb (0),1,,13,[CUDA memcpy Host-to-Device]
2193212520,3488,72605,,,,,,,,,,1.547,443412.461,Device,,NVIDIA A100-SXM4-40GB MIG 4g.20gb (0),1,,13,[CUDA memset]
2193219752,7359,72610,,,,,,,,,,0.031,4252.751,Pinned,Device,NVIDIA A100-SXM4-40GB MIG 4g.20gb (0),1,,13,[CUDA memcpy Host-to-Device]
2193230503,17152,72611,,,,,,,,,,0.197,11462.640,Pinned,Device,NVIDIA A100-SXM4-40GB MIG 4g.20gb (0),1,,13,[CUDA memcpy Host-to-Device]
2193260231,5824,72612,273,1,1,8,4,1,39,0.002,0.000,,,,,NVIDIA A100-SXM4-40GB MIG 4g.20gb (0),1,,13,"void channel_eq::eqMmseCoefCompLowMimoKernel<float, float, float, (unsigned int)4, (unsigned int)1, (unsigned int)4>(const channel_eq::_puschRxChEqStatDescr *, channel_eq::_puschRxChEqCoefCompDynDescr)"
2193270055,5408,72613,273,1,1,12,11,1,51,0.002,0.000,,,,,NVIDIA A100-SXM4-40GB MIG 4g.20gb (0),1,,13,"void channel_eq::eqMmseSoftDemapKernel<float, __half, __half, float, (unsigned int)4, (unsigned short)16383>(channel_eq::_puschRxChEqStatDescr *, channel_eq::_puschRxChEqSoftDemapDynDescr)"
2193278375,283004,72614,1,1,1,32,32,1,30,0.000,0.000,,,,,NVIDIA A100-SXM4-40GB MIG 4g.20gb (0),1,,13,"void convert_kernel<float2, __half2>(tensor_layout_any, T1 *, tensor_layout_any, const T2 *)"
2193562467,11040,72626,2253,1,1,128,1,1,16,0.000,0.000,,,,,NVIDIA A100-SXM4-40GB MIG 4g.20gb (0),1,,13,cupy_copy__float16_float16
2193577539,2976,72635,282,1,1,128,1,1,16,0.000,0.000,,,,,NVIDIA A100-SXM4-40GB MIG 4g.20gb (0),1,,13,cupy_copy__complex64_complex64
2193583459,2112,72644,26,1,1,128,1,1,16,0.000,0.000,,,,,NVIDIA A100-SXM4-40GB MIG 4g.20gb (0),1,,13,cupy_copy__float32_float32
2193587747,3104,72653,103,1,1,128,1,1,16,0.000,0.000,,,,,NVIDIA A100-SXM4-40GB MIG 4g.20gb (0),1,,13,cupy_copy__complex64_complex64
2193591971,11904,72663,1434,1,1,128,1,1,16,0.000,0.000,,,,,NVIDIA A100-SXM4-40GB MIG 4g.20gb (0),1,,13,cupy_copy__complex64_complex64
2193609507,87743,72668,1,1,1,32,32,1,30,0.000,0.000,,,,,NVIDIA A100-SXM4-40GB MIG 4g.20gb (0),1,,13,"void convert_kernel<__half2, float2>(tensor_layout_any, T1 *, tensor_layout_any, const T2 *)"
2193723905,5504,72671,,,,,,,,,,0.094,17023.251,Pinned,Device,NVIDIA A100-SXM4-40GB MIG 4g.20gb (0),1,,13,[CUDA memcpy Host-to-Device]
2193733793,602201,72672,,,,,,,,,,456.561,757891.990,Device,,NVIDIA A100-SXM4-40GB MIG 4g.20gb (0),1,,13,[CUDA memset]
2194341338,73759,72677,,,,,,,,,,1.235,16742.136,Pinned,Device,NVIDIA A100-SXM4-40GB MIG 4g.20gb (0),1,,13,[CUDA memcpy Host-to-Device]
2194422713,17343,72678,,,,,,,,,,0.197,11336.417,Pinned,Device,NVIDIA A100-SXM4-40GB MIG 4g.20gb (0),1,,13,[CUDA memcpy Host-to-Device]
2194448920,8768,72679,69,4,1,48,1,1,76,0.002,0.000,,,,,NVIDIA A100-SXM4-40GB MIG 4g.20gb (0),1,,13,"void ch_est::windowedChEstPreNoDftSOfdmKernel<float, __half, float, (unsigned int)2, (unsigned int)1, (unsigned short)4>(ch_est::puschRxChEstStatDescr_t *, ch_est::puschRxChEstDynDescr_t *)"
2194464664,7104,72680,137,2,1,24,2,1,44,0.001,0.001,,,,,NVIDIA A100-SXM4-40GB MIG 4g.20gb (0),1,,13,"void ch_est::chEstFilterNoDftSOfdmDispatchKernel<float, __half, float, (unsigned int)2>(ch_est::puschRxChEstStatDescr_t *, ch_est::puschRxChEstDynDescr_t *)"
2194474904,5184,72681,137,2,1,24,2,1,44,0.001,0.001,,,,,NVIDIA A100-SXM4-40GB MIG 4g.20gb (0),1,,13,"void ch_est::chEstFilterNoDftSOfdmDispatchKernel<float, __half, float, (unsigned int)2>(ch_est::puschRxChEstStatDescr_t *, ch_est::puschRxChEstDynDescr_t *)"
2194484856,2624,72692,103,1,1,128,1,1,16,0.000,0.000,,,,,NVIDIA A100-SXM4-40GB MIG 4g.20gb (0),1,,13,cupy_copy__complex64_complex64
2194493080,12480,72702,1434,1,1,128,1,1,16,0.000,0.000,,,,,NVIDIA A100-SXM4-40GB MIG 4g.20gb (0),1,,13,cupy_copy__complex64_complex64
2194509752,2880,72709,103,1,1,128,1,1,16,0.000,0.000,,,,,NVIDIA A100-SXM4-40GB MIG 4g.20gb (0),1,,13,cupy_copy__complex64_complex64
2194518743,96191,72716,1,1,1,32,32,1,30,0.000,0.000,,,,,NVIDIA A100-SXM4-40GB MIG 4g.20gb (0),1,,13,"void convert_kernel<__half2, float2>(tensor_layout_any, T1 *, tensor_layout_any, const T2 *)"
2194643638,12320,72719,,,,,,,,,,0.094,7605.117,Pinned,Device,NVIDIA A100-SXM4-40GB MIG 4g.20gb (0),1,,13,[CUDA memcpy Host-to-Device]
2194668598,48703,72720,,,,,,,,,,35.810,735249.277,Device,,NVIDIA A100-SXM4-40GB MIG 4g.20gb (0),1,,13,[CUDA memset]
2194718549,8576,72722,,,,,,,,,,0.000,9.328,Pinned,Device,NVIDIA A100-SXM4-40GB MIG 4g.20gb (0),1,,13,[CUDA memcpy Host-to-Device]
2194730645,17376,72723,,,,,,,,,,0.197,11314.790,Pinned,Device,NVIDIA A100-SXM4-40GB MIG 4g.20gb (0),1,,13,[CUDA memcpy Host-to-Device]
2194756309,9695,72724,273,1,1,48,1,1,40,0.000,0.001,,,,,NVIDIA A100-SXM4-40GB MIG 4g.20gb (0),1,,13,"void pusch_noise_intf_est::noiseIntfEstNoDftSOfdmKernel<float, __half, float, float, (unsigned int)2, (unsigned int)1, (unsigned char)4, (unsigned char)4>(pusch_noise_intf_est::puschRxNoiseIntfEstDynDescr)"
2194772852,2720,72735,35,1,1,128,1,1,16,0.000,0.000,,,,,NVIDIA A100-SXM4-40GB MIG 4g.20gb (0),1,,13,cupy_copy__complex64_complex64
2194780084,1728,72744,1,1,1,1,1,1,18,0.000,0.000,,,,,NVIDIA A100-SXM4-40GB MIG 4g.20gb (0),1,,13,cupy_copy__float32_float32
2194793364,1856,72750,,,,,,,,,,0.000,2.155,Device,Pageable,NVIDIA A100-SXM4-40GB MIG 4g.20gb (0),1,,7,[CUDA memcpy Device-to-Host]
2194864051,12640,72761,1434,1,1,128,1,1,16,0.000,0.000,,,,,NVIDIA A100-SXM4-40GB MIG 4g.20gb (0),1,,13,cupy_copy__complex64_complex64
2194892211,3136,72768,103,1,1,128,1,1,16,0.000,0.000,,,,,NVIDIA A100-SXM4-40GB MIG 4g.20gb (0),1,,13,cupy_copy__complex64_complex64
2194913107,2784,72775,35,1,1,128,1,1,16,0.000,0.000,,,,,NVIDIA A100-SXM4-40GB MIG 4g.20gb (0),1,,13,cupy_copy__complex64_complex64
2194930130,1856,72782,1,1,1,1,1,1,18,0.000,0.000,,,,,NVIDIA A100-SXM4-40GB MIG 4g.20gb (0),1,,13,cupy_copy__float32_float32
2195061745,86943,72793,1,1,1,32,32,1,30,0.000,0.000,,,,,NVIDIA A100-SXM4-40GB MIG 4g.20gb (0),1,,13,"void convert_kernel<__half2, float2>(tensor_layout_any, T1 *, tensor_layout_any, const T2 *)"
2195176463,5600,72796,,,,,,,,,,0.094,16731.388,Pinned,Device,NVIDIA A100-SXM4-40GB MIG 4g.20gb (0),1,,13,[CUDA memcpy Host-to-Device]
2195192047,3520,72797,,,,,,,,,,1.547,439380.412,Device,,NVIDIA A100-SXM4-40GB MIG 4g.20gb (0),1,,13,[CUDA memset]
2195197583,3040,72802,,,,,,,,,,0.031,10294.725,Pinned,Device,NVIDIA A100-SXM4-40GB MIG 4g.20gb (0),1,,13,[CUDA memcpy Host-to-Device]
2195203087,9600,72803,,,,,,,,,,0.197,20479.869,Pinned,Device,NVIDIA A100-SXM4-40GB MIG 4g.20gb (0),1,,13,[CUDA memcpy Host-to-Device]
2195219215,6272,72804,273,1,1,8,4,1,39,0.002,0.000,,,,,NVIDIA A100-SXM4-40GB MIG 4g.20gb (0),1,,13,"void channel_eq::eqMmseCoefCompLowMimoKernel<float, float, float, (unsigned int)4, (unsigned int)1, (unsigned int)4>(const channel_eq::_puschRxChEqStatDescr *, channel_eq::_puschRxChEqCoefCompDynDescr)"
2195226639,5696,72805,273,1,1,12,11,1,51,0.002,0.000,,,,,NVIDIA A100-SXM4-40GB MIG 4g.20gb (0),1,,13,"void channel_eq::eqMmseSoftDemapKernel<float, __half, __half, float, (unsigned int)4, (unsigned short)16383>(channel_eq::_puschRxChEqStatDescr *, channel_eq::_puschRxChEqSoftDemapDynDescr)"
2195233423,281980,72806,1,1,1,32,32,1,30,0.000,0.000,,,,,NVIDIA A100-SXM4-40GB MIG 4g.20gb (0),1,,13,"void convert_kernel<float2, __half2>(tensor_layout_any, T1 *, tensor_layout_any, const T2 *)"
2195516619,10976,72818,2253,1,1,128,1,1,16,0.000,0.000,,,,,NVIDIA A100-SXM4-40GB MIG 4g.20gb (0),1,,13,cupy_copy__float16_float16
2195529291,3840,72827,282,1,1,128,1,1,16,0.000,0.000,,,,,NVIDIA A100-SXM4-40GB MIG 4g.20gb (0),1,,13,cupy_copy__complex64_complex64
2195534987,2176,72836,26,1,1,128,1,1,16,0.000,0.000,,,,,NVIDIA A100-SXM4-40GB MIG 4g.20gb (0),1,,13,cupy_copy__float32_float32
2195538987,2944,72845,103,1,1,128,1,1,16,0.000,0.000,,,,,NVIDIA A100-SXM4-40GB MIG 4g.20gb (0),1,,13,cupy_copy__complex64_complex64
2195544747,12320,72855,1434,1,1,128,1,1,16,0.000,0.000,,,,,NVIDIA A100-SXM4-40GB MIG 4g.20gb (0),1,,13,cupy_copy__complex64_complex64
2195568746,83583,72860,1,1,1,32,32,1,30,0.000,0.000,,,,,NVIDIA A100-SXM4-40GB MIG 4g.20gb (0),1,,13,"void convert_kernel<__half2, float2>(tensor_layout_any, T1 *, tensor_layout_any, const T2 *)"
2195679305,5632,72863,,,,,,,,,,0.094,16636.287,Pinned,Device,NVIDIA A100-SXM4-40GB MIG 4g.20gb (0),1,,13,[CUDA memcpy Host-to-Device]
2195689513,598201,72864,,,,,,,,,,456.561,762914.166,Device,,NVIDIA A100-SXM4-40GB MIG 4g.20gb (0),1,,13,[CUDA memset]
2196294082,137758,72869,,,,,,,,,,1.235,8964.458,Pinned,Device,NVIDIA A100-SXM4-40GB MIG 4g.20gb (0),1,,13,[CUDA memcpy Host-to-Device]
2196444544,35391,72870,,,,,,,,,,0.197,5555.159,Pinned,Device,NVIDIA A100-SXM4-40GB MIG 4g.20gb (0),1,,13,[CUDA memcpy Host-to-Device]
2196493439,8352,72871,69,4,1,48,1,1,76,0.002,0.000,,,,,NVIDIA A100-SXM4-40GB MIG 4g.20gb (0),1,,13,"void ch_est::windowedChEstPreNoDftSOfdmKernel<float, __half, float, (unsigned int)2, (unsigned int)1, (unsigned short)4>(ch_est::puschRxChEstStatDescr_t *, ch_est::puschRxChEstDynDescr_t *)"
2196506367,7168,72872,137,2,1,24,2,1,44,0.001,0.001,,,,,NVIDIA A100-SXM4-40GB MIG 4g.20gb (0),1,,13,"void ch_est::chEstFilterNoDftSOfdmDispatchKernel<float, __half, float, (unsigned int)2>(ch_est::puschRxChEstStatDescr_t *, ch_est::puschRxChEstDynDescr_t *)"
2196517439,4896,72873,137,2,1,24,2,1,44,0.001,0.001,,,,,NVIDIA A100-SXM4-40GB MIG 4g.20gb (0),1,,13,"void ch_est::chEstFilterNoDftSOfdmDispatchKernel<float, __half, float, (unsigned int)2>(ch_est::puschRxChEstStatDescr_t *, ch_est::puschRxChEstDynDescr_t *)"
2196529599,2720,72884,103,1,1,128,1,1,16,0.000,0.000,,,,,NVIDIA A100-SXM4-40GB MIG 4g.20gb (0),1,,13,cupy_copy__complex64_complex64
2196539422,12832,72894,1434,1,1,128,1,1,16,0.000,0.000,,,,,NVIDIA A100-SXM4-40GB MIG 4g.20gb (0),1,,13,cupy_copy__complex64_complex64
2196556894,2592,72901,103,1,1,128,1,1,16,0.000,0.000,,,,,NVIDIA A100-SXM4-40GB MIG 4g.20gb (0),1,,13,cupy_copy__complex64_complex64
2196566590,83647,72908,1,1,1,32,32,1,30,0.000,0.000,,,,,NVIDIA A100-SXM4-40GB MIG 4g.20gb (0),1,,13,"void convert_kernel<__half2, float2>(tensor_layout_any, T1 *, tensor_layout_any, const T2 *)"
2196679581,13088,72911,,,,,,,,,,0.094,7158.843,Pinned,Device,NVIDIA A100-SXM4-40GB MIG 4g.20gb (0),1,,13,[CUDA memcpy Host-to-Device]
2196698173,47423,72912,,,,,,,,,,35.810,755087.973,Device,,NVIDIA A100-SXM4-40GB MIG 4g.20gb (0),1,,13,[CUDA memset]
2196748124,7808,72914,,,,,,,,,,0.000,10.246,Pinned,Device,NVIDIA A100-SXM4-40GB MIG 4g.20gb (0),1,,13,[CUDA memcpy Host-to-Device]
2196760508,18656,72915,,,,,,,,,,0.197,10538.582,Pinned,Device,NVIDIA A100-SXM4-40GB MIG 4g.20gb (0),1,,13,[CUDA memcpy Host-to-Device]
2196793563,9920,72916,273,1,1,48,1,1,40,0.000,0.001,,,,,NVIDIA A100-SXM4-40GB MIG 4g.20gb (0),1,,13,"void pusch_noise_intf_est::noiseIntfEstNoDftSOfdmKernel<float, __half, float, float, (unsigned int)2, (unsigned int)1, (unsigned char)4, (unsigned char)4>(pusch_noise_intf_est::puschRxNoiseIntfEstDynDescr)"
2196813307,2944,72927,35,1,1,128,1,1,16,0.000,0.000,,,,,NVIDIA A100-SXM4-40GB MIG 4g.20gb (0),1,,13,cupy_copy__complex64_complex64
2196821947,1728,72936,1,1,1,1,1,1,18,0.000,0.000,,,,,NVIDIA A100-SXM4-40GB MIG 4g.20gb (0),1,,13,cupy_copy__float32_float32
2196836443,2944,72942,,,,,,,,,,0.000,1.359,Device,Pageable,NVIDIA A100-SXM4-40GB MIG 4g.20gb (0),1,,7,[CUDA memcpy Device-to-Host]
2196917786,12928,72953,1434,1,1,128,1,1,16,0.000,0.000,,,,,NVIDIA A100-SXM4-40GB MIG 4g.20gb (0),1,,13,cupy_copy__complex64_complex64
2196946969,2720,72960,103,1,1,128,1,1,16,0.000,0.000,,,,,NVIDIA A100-SXM4-40GB MIG 4g.20gb (0),1,,13,cupy_copy__complex64_complex64
2196965497,2496,72967,35,1,1,128,1,1,16,0.000,0.000,,,,,NVIDIA A100-SXM4-40GB MIG 4g.20gb (0),1,,13,cupy_copy__complex64_complex64
2196984601,1760,72974,1,1,1,1,1,1,18,0.000,0.000,,,,,NVIDIA A100-SXM4-40GB MIG 4g.20gb (0),1,,13,cupy_copy__float32_float32
2197103927,82847,72985,1,1,1,32,32,1,30,0.000,0.000,,,,,NVIDIA A100-SXM4-40GB MIG 4g.20gb (0),1,,13,"void convert_kernel<__half2, float2>(tensor_layout_any, T1 *, tensor_layout_any, const T2 *)"
2197214838,5632,72988,,,,,,,,,,0.094,16636.287,Pinned,Device,NVIDIA A100-SXM4-40GB MIG 4g.20gb (0),1,,13,[CUDA memcpy Host-to-Device]
2197228502,3328,72989,,,,,,,,,,1.547,464729.580,Device,,NVIDIA A100-SXM4-40GB MIG 4g.20gb (0),1,,13,[CUDA memset]
2197235574,3552,72994,,,,,,,,,,0.031,8810.794,Pinned,Device,NVIDIA A100-SXM4-40GB MIG 4g.20gb (0),1,,13,[CUDA memcpy Host-to-Device]
2197241782,9696,72995,,,,,,,,,,0.197,20277.166,Pinned,Device,NVIDIA A100-SXM4-40GB MIG 4g.20gb (0),1,,13,[CUDA memcpy Host-to-Device]
2197256982,6528,72996,273,1,1,8,4,1,39,0.002,0.000,,,,,NVIDIA A100-SXM4-40GB MIG 4g.20gb (0),1,,13,"void channel_eq::eqMmseCoefCompLowMimoKernel<float, float, float, (unsigned int)4, (unsigned int)1, (unsigned int)4>(const channel_eq::_puschRxChEqStatDescr *, channel_eq::_puschRxChEqCoefCompDynDescr)"
2197264502,6367,72997,273,1,1,12,11,1,51,0.002,0.000,,,,,NVIDIA A100-SXM4-40GB MIG 4g.20gb (0),1,,13,"void channel_eq::eqMmseSoftDemapKernel<float, __half, __half, float, (unsigned int)4, (unsigned short)16383>(channel_eq::_puschRxChEqStatDescr *, channel_eq::_puschRxChEqSoftDemapDynDescr)"
2197271893,282301,72998,1,1,1,32,32,1,30,0.000,0.000,,,,,NVIDIA A100-SXM4-40GB MIG 4g.20gb (0),1,,13,"void convert_kernel<float2, __half2>(tensor_layout_any, T1 *, tensor_layout_any, const T2 *)"
2197557394,10816,73010,2253,1,1,128,1,1,16,0.000,0.000,,,,,NVIDIA A100-SXM4-40GB MIG 4g.20gb (0),1,,13,cupy_copy__float16_float16
2197573042,3104,73019,282,1,1,128,1,1,16,0.000,0.000,,,,,NVIDIA A100-SXM4-40GB MIG 4g.20gb (0),1,,13,cupy_copy__complex64_complex64
2197578034,2304,73028,26,1,1,128,1,1,16,0.000,0.000,,,,,NVIDIA A100-SXM4-40GB MIG 4g.20gb (0),1,,13,cupy_copy__float32_float32
2197583730,2816,73037,103,1,1,128,1,1,16,0.000,0.000,,,,,NVIDIA A100-SXM4-40GB MIG 4g.20gb (0),1,,13,cupy_copy__complex64_complex64
2197587634,11807,73047,1434,1,1,128,1,1,16,0.000,0.000,,,,,NVIDIA A100-SXM4-40GB MIG 4g.20gb (0),1,,13,cupy_copy__complex64_complex64
2197604721,87647,73052,1,1,1,32,32,1,30,0.000,0.000,,,,,NVIDIA A100-SXM4-40GB MIG 4g.20gb (0),1,,13,"void convert_kernel<__half2, float2>(tensor_layout_any, T1 *, tensor_layout_any, const T2 *)"
2197719568,5632,73055,,,,,,,,,,0.094,16636.287,Pinned,Device,NVIDIA A100-SXM4-40GB MIG 4g.20gb (0),1,,13,[CUDA memcpy Host-to-Device]
2197729360,597880,73056,,,,,,,,,,456.561,763370.728,Device,,NVIDIA A100-SXM4-40GB MIG 4g.20gb (0),1,,13,[CUDA memset]
2198328200,163390,73061,,,,,,,,,,1.235,7557.857,Pinned,Device,NVIDIA A100-SXM4-40GB MIG 4g.20gb (0),1,,13,[CUDA memcpy Host-to-Device]
2198500646,33600,73062,,,,,,,,,,0.197,5851.251,Pinned,Device,NVIDIA A100-SXM4-40GB MIG 4g.20gb (0),1,,13,[CUDA memcpy Host-to-Device]
2198559269,7904,73063,69,4,1,48,1,1,76,0.002,0.000,,,,,NVIDIA A100-SXM4-40GB MIG 4g.20gb (0),1,,13,"void ch_est::windowedChEstPreNoDftSOfdmKernel<float, __half, float, (unsigned int)2, (unsigned int)1, (unsigned short)4>(ch_est::puschRxChEstStatDescr_t *, ch_est::puschRxChEstDynDescr_t *)"
2198575045,6848,73064,137,2,1,24,2,1,44,0.001,0.001,,,,,NVIDIA A100-SXM4-40GB MIG 4g.20gb (0),1,,13,"void ch_est::chEstFilterNoDftSOfdmDispatchKernel<float, __half, float, (unsigned int)2>(ch_est::puschRxChEstStatDescr_t *, ch_est::puschRxChEstDynDescr_t *)"
2198597989,4768,73065,137,2,1,24,2,1,44,0.001,0.001,,,,,NVIDIA A100-SXM4-40GB MIG 4g.20gb (0),1,,13,"void ch_est::chEstFilterNoDftSOfdmDispatchKernel<float, __half, float, (unsigned int)2>(ch_est::puschRxChEstStatDescr_t *, ch_est::puschRxChEstDynDescr_t *)"
2198609381,2464,73076,103,1,1,128,1,1,16,0.000,0.000,,,,,NVIDIA A100-SXM4-40GB MIG 4g.20gb (0),1,,13,cupy_copy__complex64_complex64
2198627557,12479,73086,1434,1,1,128,1,1,16,0.000,0.000,,,,,NVIDIA A100-SXM4-40GB MIG 4g.20gb (0),1,,13,cupy_copy__complex64_complex64
2198656484,2464,73093,103,1,1,128,1,1,16,0.000,0.000,,,,,NVIDIA A100-SXM4-40GB MIG 4g.20gb (0),1,,13,cupy_copy__complex64_complex64
2198671844,90431,73100,1,1,1,32,32,1,30,0.000,0.000,,,,,NVIDIA A100-SXM4-40GB MIG 4g.20gb (0),1,,13,"void convert_kernel<__half2, float2>(tensor_layout_any, T1 *, tensor_layout_any, const T2 *)"
2198789955,13151,73103,,,,,,,,,,0.094,7124.550,Pinned,Device,NVIDIA A100-SXM4-40GB MIG 4g.20gb (0),1,,13,[CUDA memcpy Host-to-Device]
2198809986,47744,73104,,,,,,,,,,35.810,750038.774,Device,,NVIDIA A100-SXM4-40GB MIG 4g.20gb (0),1,,13,[CUDA memset]
2198864994,2752,73106,,,,,,,,,,0.000,29.070,Pinned,Device,NVIDIA A100-SXM4-40GB MIG 4g.20gb (0),1,,13,[CUDA memcpy Host-to-Device]
2198874114,12255,73107,,,,,,,,,,0.197,16043.016,Pinned,Device,NVIDIA A100-SXM4-40GB MIG 4g.20gb (0),1,,13,[CUDA memcpy Host-to-Device]
2198900385,10208,73108,273,1,1,48,1,1,40,0.000,0.001,,,,,NVIDIA A100-SXM4-40GB MIG 4g.20gb (0),1,,13,"void pusch_noise_intf_est::noiseIntfEstNoDftSOfdmKernel<float, __half, float, float, (unsigned int)2, (unsigned int)1, (unsigned char)4, (unsigned char)4>(pusch_noise_intf_est::puschRxNoiseIntfEstDynDescr)"
2198914305,3200,73119,35,1,1,128,1,1,16,0.000,0.000,,,,,NVIDIA A100-SXM4-40GB MIG 4g.20gb (0),1,,13,cupy_copy__complex64_complex64
2198926401,1792,73128,1,1,1,1,1,1,18,0.000,0.000,,,,,NVIDIA A100-SXM4-40GB MIG 4g.20gb (0),1,,13,cupy_copy__float32_float32
2198953761,4768,73134,,,,,,,,,,0.000,0.839,Device,Pageable,NVIDIA A100-SXM4-40GB MIG 4g.20gb (0),1,,7,[CUDA memcpy Device-to-Host]
2199023680,12864,73145,1434,1,1,128,1,1,16,0.000,0.000,,,,,NVIDIA A100-SXM4-40GB MIG 4g.20gb (0),1,,13,cupy_copy__complex64_complex64
2199050783,3008,73152,103,1,1,128,1,1,16,0.000,0.000,,,,,NVIDIA A100-SXM4-40GB MIG 4g.20gb (0),1,,13,cupy_copy__complex64_complex64
2199069183,2656,73159,35,1,1,128,1,1,16,0.000,0.000,,,,,NVIDIA A100-SXM4-40GB MIG 4g.20gb (0),1,,13,cupy_copy__complex64_complex64
2199086335,1888,73166,1,1,1,1,1,1,18,0.000,0.000,,,,,NVIDIA A100-SXM4-40GB MIG 4g.20gb (0),1,,13,cupy_copy__float32_float32
2199220733,87807,73177,1,1,1,32,32,1,30,0.000,0.000,,,,,NVIDIA A100-SXM4-40GB MIG 4g.20gb (0),1,,13,"void convert_kernel<__half2, float2>(tensor_layout_any, T1 *, tensor_layout_any, const T2 *)"
2199336284,5696,73180,,,,,,,,,,0.094,16449.363,Pinned,Device,NVIDIA A100-SXM4-40GB MIG 4g.20gb (0),1,,13,[CUDA memcpy Host-to-Device]
2199350332,3136,73181,,,,,,,,,,1.547,493182.821,Device,,NVIDIA A100-SXM4-40GB MIG 4g.20gb (0),1,,13,[CUDA memset]
2199357084,3040,73186,,,,,,,,,,0.031,10294.725,Pinned,Device,NVIDIA A100-SXM4-40GB MIG 4g.20gb (0),1,,13,[CUDA memcpy Host-to-Device]
2199362748,9599,73187,,,,,,,,,,0.197,20482.032,Pinned,Device,NVIDIA A100-SXM4-40GB MIG 4g.20gb (0),1,,13,[CUDA memcpy Host-to-Device]
2199377787,5984,73188,273,1,1,8,4,1,39,0.002,0.000,,,,,NVIDIA A100-SXM4-40GB MIG 4g.20gb (0),1,,13,"void channel_eq::eqMmseCoefCompLowMimoKernel<float, float, float, (unsigned int)4, (unsigned int)1, (unsigned int)4>(const channel_eq::_puschRxChEqStatDescr *, channel_eq::_puschRxChEqCoefCompDynDescr)"
2199385403,6048,73189,273,1,1,12,11,1,51,0.002,0.000,,,,,NVIDIA A100-SXM4-40GB MIG 4g.20gb (0),1,,13,"void channel_eq::eqMmseSoftDemapKernel<float, __half, __half, float, (unsigned int)4, (unsigned short)16383>(channel_eq::_puschRxChEqStatDescr *, channel_eq::_puschRxChEqSoftDemapDynDescr)"
2199393019,293629,73190,1,1,1,32,32,1,30,0.000,0.000,,,,,NVIDIA A100-SXM4-40GB MIG 4g.20gb (0),1,,13,"void convert_kernel<float2, __half2>(tensor_layout_any, T1 *, tensor_layout_any, const T2 *)"
2199687704,10975,73202,2253,1,1,128,1,1,16,0.000,0.000,,,,,NVIDIA A100-SXM4-40GB MIG 4g.20gb (0),1,,13,cupy_copy__float16_float16
2199700343,3104,73211,282,1,1,128,1,1,16,0.000,0.000,,,,,NVIDIA A100-SXM4-40GB MIG 4g.20gb (0),1,,13,cupy_copy__complex64_complex64
2199705079,2112,73220,26,1,1,128,1,1,16,0.000,0.000,,,,,NVIDIA A100-SXM4-40GB MIG 4g.20gb (0),1,,13,cupy_copy__float32_float32
2199708695,3296,73229,103,1,1,128,1,1,16,0.000,0.000,,,,,NVIDIA A100-SXM4-40GB MIG 4g.20gb (0),1,,13,cupy_copy__complex64_complex64
2199713623,12512,73239,1434,1,1,128,1,1,16,0.000,0.000,,,,,NVIDIA A100-SXM4-40GB MIG 4g.20gb (0),1,,13,cupy_copy__complex64_complex64
2199727831,87935,73244,1,1,1,32,32,1,30,0.000,0.000,,,,,NVIDIA A100-SXM4-40GB MIG 4g.20gb (0),1,,13,"void convert_kernel<__half2, float2>(tensor_layout_any, T1 *, tensor_layout_any, const T2 *)"
2199843126,5792,73247,,,,,,,,,,0.094,16176.708,Pinned,Device,NVIDIA A100-SXM4-40GB MIG 4g.20gb (0),1,,13,[CUDA memcpy Host-to-Device]
2199853429,597753,73248,,,,,,,,,,456.561,763370.728,Device,,NVIDIA A100-SXM4-40GB MIG 4g.20gb (0),1,,13,[CUDA memset]
2200453870,179486,73253,,,,,,,,,,1.235,6879.873,Pinned,Device,NVIDIA A100-SXM4-40GB MIG 4g.20gb (0),1,,13,[CUDA memcpy Host-to-Device]
2200644364,40159,73254,,,,,,,,,,0.197,4895.736,Pinned,Device,NVIDIA A100-SXM4-40GB MIG 4g.20gb (0),1,,13,[CUDA memcpy Host-to-Device]
2200713291,8224,73255,69,4,1,48,1,1,76,0.002,0.000,,,,,NVIDIA A100-SXM4-40GB MIG 4g.20gb (0),1,,13,"void ch_est::windowedChEstPreNoDftSOfdmKernel<float, __half, float, (unsigned int)2, (unsigned int)1, (unsigned short)4>(ch_est::puschRxChEstStatDescr_t *, ch_est::puschRxChEstDynDescr_t *)"
2200732811,6816,73256,137,2,1,24,2,1,44,0.001,0.001,,,,,NVIDIA A100-SXM4-40GB MIG 4g.20gb (0),1,,13,"void ch_est::chEstFilterNoDftSOfdmDispatchKernel<float, __half, float, (unsigned int)2>(ch_est::puschRxChEstStatDescr_t *, ch_est::puschRxChEstDynDescr_t *)"
2200749802,4768,73257,137,2,1,24,2,1,44,0.001,0.001,,,,,NVIDIA A100-SXM4-40GB MIG 4g.20gb (0),1,,13,"void ch_est::chEstFilterNoDftSOfdmDispatchKernel<float, __half, float, (unsigned int)2>(ch_est::puschRxChEstStatDescr_t *, ch_est::puschRxChEstDynDescr_t *)"
2200766890,2624,73268,103,1,1,128,1,1,16,0.000,0.000,,,,,NVIDIA A100-SXM4-40GB MIG 4g.20gb (0),1,,13,cupy_copy__complex64_complex64
2200783306,12512,73278,1434,1,1,128,1,1,16,0.000,0.000,,,,,NVIDIA A100-SXM4-40GB MIG 4g.20gb (0),1,,13,cupy_copy__complex64_complex64
2200804490,2880,73285,103,1,1,128,1,1,16,0.000,0.000,,,,,NVIDIA A100-SXM4-40GB MIG 4g.20gb (0),1,,13,cupy_copy__complex64_complex64
2200829769,86527,73292,1,1,1,32,32,1,30,0.000,0.000,,,,,NVIDIA A100-SXM4-40GB MIG 4g.20gb (0),1,,13,"void convert_kernel<__half2, float2>(tensor_layout_any, T1 *, tensor_layout_any, const T2 *)"
2200946440,23232,73295,,,,,,,,,,0.094,4033.051,Pinned,Device,NVIDIA A100-SXM4-40GB MIG 4g.20gb (0),1,,13,[CUDA memcpy Host-to-Device]
2200985480,46399,73296,,,,,,,,,,35.810,771775.396,Device,,NVIDIA A100-SXM4-40GB MIG 4g.20gb (0),1,,13,[CUDA memset]
2201034439,12160,73298,,,,,,,,,,0.000,6.579,Pinned,Device,NVIDIA A100-SXM4-40GB MIG 4g.20gb (0),1,,13,[CUDA memcpy Host-to-Device]
2201057159,21343,73299,,,,,,,,,,0.197,9211.675,Pinned,Device,NVIDIA A100-SXM4-40GB MIG 4g.20gb (0),1,,13,[CUDA memcpy Host-to-Device]
2201095814,9536,73300,273,1,1,48,1,1,40,0.000,0.001,,,,,NVIDIA A100-SXM4-40GB MIG 4g.20gb (0),1,,13,"void pusch_noise_intf_est::noiseIntfEstNoDftSOfdmKernel<float, __half, float, float, (unsigned int)2, (unsigned int)1, (unsigned char)4, (unsigned char)4>(pusch_noise_intf_est::puschRxNoiseIntfEstDynDescr)"
2201111846,2720,73311,35,1,1,128,1,1,16,0.000,0.000,,,,,NVIDIA A100-SXM4-40GB MIG 4g.20gb (0),1,,13,cupy_copy__complex64_complex64
2201125638,1728,73320,1,1,1,1,1,1,18,0.000,0.000,,,,,NVIDIA A100-SXM4-40GB MIG 4g.20gb (0),1,,13,cupy_copy__float32_float32
2201132102,3552,73326,,,,,,,,,,0.000,1.126,Device,Pageable,NVIDIA A100-SXM4-40GB MIG 4g.20gb (0),1,,7,[CUDA memcpy Device-to-Host]
2201217413,12799,73337,1434,1,1,128,1,1,16,0.000,0.000,,,,,NVIDIA A100-SXM4-40GB MIG 4g.20gb (0),1,,13,cupy_copy__complex64_complex64
2201235556,3104,73344,103,1,1,128,1,1,16,0.000,0.000,,,,,NVIDIA A100-SXM4-40GB MIG 4g.20gb (0),1,,13,cupy_copy__complex64_complex64
2201255940,2560,73351,35,1,1,128,1,1,16,0.000,0.000,,,,,NVIDIA A100-SXM4-40GB MIG 4g.20gb (0),1,,13,cupy_copy__complex64_complex64
2201276260,2016,73358,1,1,1,1,1,1,18,0.000,0.000,,,,,NVIDIA A100-SXM4-40GB MIG 4g.20gb (0),1,,13,cupy_copy__float32_float32
2201403746,82719,73369,1,1,1,32,32,1,30,0.000,0.000,,,,,NVIDIA A100-SXM4-40GB MIG 4g.20gb (0),1,,13,"void convert_kernel<__half2, float2>(tensor_layout_any, T1 *, tensor_layout_any, const T2 *)"
2201514657,5760,73372,,,,,,,,,,0.094,16266.656,Pinned,Device,NVIDIA A100-SXM4-40GB MIG 4g.20gb (0),1,,13,[CUDA memcpy Host-to-Device]
2201528897,3200,73373,,,,,,,,,,1.547,483320.000,Device,,NVIDIA A100-SXM4-40GB MIG 4g.20gb (0),1,,13,[CUDA memset]
2201535649,3264,73378,,,,,,,,,,0.031,9588.218,Pinned,Device,NVIDIA A100-SXM4-40GB MIG 4g.20gb (0),1,,13,[CUDA memcpy Host-to-Device]
2201541537,9856,73379,,,,,,,,,,0.197,19948.044,Pinned,Device,NVIDIA A100-SXM4-40GB MIG 4g.20gb (0),1,,13,[CUDA memcpy Host-to-Device]
2201556000,6176,73380,273,1,1,8,4,1,39,0.002,0.000,,,,,NVIDIA A100-SXM4-40GB MIG 4g.20gb (0),1,,13,"void channel_eq::eqMmseCoefCompLowMimoKernel<float, float, float, (unsigned int)4, (unsigned int)1, (unsigned int)4>(const channel_eq::_puschRxChEqStatDescr *, channel_eq::_puschRxChEqCoefCompDynDescr)"
2201563136,6464,73381,273,1,1,12,11,1,51,0.002,0.000,,,,,NVIDIA A100-SXM4-40GB MIG 4g.20gb (0),1,,13,"void channel_eq::eqMmseSoftDemapKernel<float, __half, __half, float, (unsigned int)4, (unsigned short)16383>(channel_eq::_puschRxChEqStatDescr *, channel_eq::_puschRxChEqSoftDemapDynDescr)"
2201570688,282173,73382,1,1,1,32,32,1,30,0.000,0.000,,,,,NVIDIA A100-SXM4-40GB MIG 4g.20gb (0),1,,13,"void convert_kernel<float2, __half2>(tensor_layout_any, T1 *, tensor_layout_any, const T2 *)"
2201855197,11072,73394,2253,1,1,128,1,1,16,0.000,0.000,,,,,NVIDIA A100-SXM4-40GB MIG 4g.20gb (0),1,,13,cupy_copy__float16_float16
2201870973,2656,73403,282,1,1,128,1,1,16,0.000,0.000,,,,,NVIDIA A100-SXM4-40GB MIG 4g.20gb (0),1,,13,cupy_copy__complex64_complex64
2201876316,2112,73412,26,1,1,128,1,1,16,0.000,0.000,,,,,NVIDIA A100-SXM4-40GB MIG 4g.20gb (0),1,,13,cupy_copy__float32_float32
2201879516,3232,73421,103,1,1,128,1,1,16,0.000,0.000,,,,,NVIDIA A100-SXM4-40GB MIG 4g.20gb (0),1,,13,cupy_copy__complex64_complex64
2201883868,11904,73431,1434,1,1,128,1,1,16,0.000,0.000,,,,,NVIDIA A100-SXM4-40GB MIG 4g.20gb (0),1,,13,cupy_copy__complex64_complex64
2201905852,82591,73436,1,1,1,32,32,1,30,0.000,0.000,,,,,NVIDIA A100-SXM4-40GB MIG 4g.20gb (0),1,,13,"void convert_kernel<__half2, float2>(tensor_layout_any, T1 *, tensor_layout_any, const T2 *)"
2202015387,5632,73439,,,,,,,,,,0.094,16636.287,Pinned,Device,NVIDIA A100-SXM4-40GB MIG 4g.20gb (0),1,,13,[CUDA memcpy Host-to-Device]
2202025371,595448,73440,,,,,,,,,,456.561,766566.658,Device,,NVIDIA A100-SXM4-40GB MIG 4g.20gb (0),1,,13,[CUDA memset]
2202621235,125599,73445,,,,,,,,,,1.235,9831.389,Pinned,Device,NVIDIA A100-SXM4-40GB MIG 4g.20gb (0),1,,13,[CUDA memcpy Host-to-Device]
2202759954,42079,73446,,,,,,,,,,0.197,4672.193,Pinned,Device,NVIDIA A100-SXM4-40GB MIG 4g.20gb (0),1,,13,[CUDA memcpy Host-to-Device]
2202829585,8032,73447,69,4,1,48,1,1,76,0.002,0.000,,,,,NVIDIA A100-SXM4-40GB MIG 4g.20gb (0),1,,13,"void ch_est::windowedChEstPreNoDftSOfdmKernel<float, __half, float, (unsigned int)2, (unsigned int)1, (unsigned short)4>(ch_est::puschRxChEstStatDescr_t *, ch_est::puschRxChEstDynDescr_t *)"
2202847728,6752,73448,137,2,1,24,2,1,44,0.001,0.001,,,,,NVIDIA A100-SXM4-40GB MIG 4g.20gb (0),1,,13,"void ch_est::chEstFilterNoDftSOfdmDispatchKernel<float, __half, float, (unsigned int)2>(ch_est::puschRxChEstStatDescr_t *, ch_est::puschRxChEstDynDescr_t *)"
2202866928,4672,73449,137,2,1,24,2,1,44,0.001,0.001,,,,,NVIDIA A100-SXM4-40GB MIG 4g.20gb (0),1,,13,"void ch_est::chEstFilterNoDftSOfdmDispatchKernel<float, __half, float, (unsigned int)2>(ch_est::puschRxChEstStatDescr_t *, ch_est::puschRxChEstDynDescr_t *)"
2202883472,2752,73460,103,1,1,128,1,1,16,0.000,0.000,,,,,NVIDIA A100-SXM4-40GB MIG 4g.20gb (0),1,,13,cupy_copy__complex64_complex64
2202900688,12544,73470,1434,1,1,128,1,1,16,0.000,0.000,,,,,NVIDIA A100-SXM4-40GB MIG 4g.20gb (0),1,,13,cupy_copy__complex64_complex64
2202919472,2912,73477,103,1,1,128,1,1,16,0.000,0.000,,,,,NVIDIA A100-SXM4-40GB MIG 4g.20gb (0),1,,13,cupy_copy__complex64_complex64
2202945519,98143,73484,1,1,1,32,32,1,30,0.000,0.000,,,,,NVIDIA A100-SXM4-40GB MIG 4g.20gb (0),1,,13,"void convert_kernel<__half2, float2>(tensor_layout_any, T1 *, tensor_layout_any, const T2 *)"
2203075118,14975,73487,,,,,,,,,,0.094,6256.738,Pinned,Device,NVIDIA A100-SXM4-40GB MIG 4g.20gb (0),1,,13,[CUDA memcpy Host-to-Device]
2203104941,48032,73488,,,,,,,,,,35.810,745526.724,Device,,NVIDIA A100-SXM4-40GB MIG 4g.20gb (0),1,,13,[CUDA memset]
2203158573,10816,73490,,,,,,,,,,0.000,7.396,Pinned,Device,NVIDIA A100-SXM4-40GB MIG 4g.20gb (0),1,,13,[CUDA memcpy Host-to-Device]
2203181676,22528,73491,,,,,,,,,,0.197,8727.233,Pinned,Device,NVIDIA A100-SXM4-40GB MIG 4g.20gb (0),1,,13,[CUDA memcpy Host-to-Device]
2203223532,9568,73492,273,1,1,48,1,1,40,0.000,0.001,,,,,NVIDIA A100-SXM4-40GB MIG 4g.20gb (0),1,,13,"void pusch_noise_intf_est::noiseIntfEstNoDftSOfdmKernel<float, __half, float, float, (unsigned int)2, (unsigned int)1, (unsigned char)4, (unsigned char)4>(pusch_noise_intf_est::puschRxNoiseIntfEstDynDescr)"
2203240236,2688,73503,35,1,1,128,1,1,16,0.000,0.000,,,,,NVIDIA A100-SXM4-40GB MIG 4g.20gb (0),1,,13,cupy_copy__complex64_complex64
2203256651,1792,73512,1,1,1,1,1,1,18,0.000,0.000,,,,,NVIDIA A100-SXM4-40GB MIG 4g.20gb (0),1,,13,cupy_copy__float32_float32
2203265067,7808,73518,,,,,,,,,,0.000,0.512,Device,Pageable,NVIDIA A100-SXM4-40GB MIG 4g.20gb (0),1,,7,[CUDA memcpy Device-to-Host]
2203365354,12704,73529,1434,1,1,128,1,1,16,0.000,0.000,,,,,NVIDIA A100-SXM4-40GB MIG 4g.20gb (0),1,,13,cupy_copy__complex64_complex64
2203390890,2976,73536,103,1,1,128,1,1,16,0.000,0.000,,,,,NVIDIA A100-SXM4-40GB MIG 4g.20gb (0),1,,13,cupy_copy__complex64_complex64
2203409002,2176,73543,35,1,1,128,1,1,16,0.000,0.000,,,,,NVIDIA A100-SXM4-40GB MIG 4g.20gb (0),1,,13,cupy_copy__complex64_complex64
2203412681,1728,73550,1,1,1,1,1,1,18,0.000,0.000,,,,,NVIDIA A100-SXM4-40GB MIG 4g.20gb (0),1,,13,cupy_copy__float32_float32
2203548904,87903,73561,1,1,1,32,32,1,30,0.000,0.000,,,,,NVIDIA A100-SXM4-40GB MIG 4g.20gb (0),1,,13,"void convert_kernel<__half2, float2>(tensor_layout_any, T1 *, tensor_layout_any, const T2 *)"
2203665094,5952,73564,,,,,,,,,,0.094,15741.865,Pinned,Device,NVIDIA A100-SXM4-40GB MIG 4g.20gb (0),1,,13,[CUDA memcpy Host-to-Device]
2203681222,3360,73565,,,,,,,,,,1.547,460304.688,Device,,NVIDIA A100-SXM4-40GB MIG 4g.20gb (0),1,,13,[CUDA memset]
2203685926,3072,73570,,,,,,,,,,0.031,10187.474,Pinned,Device,NVIDIA A100-SXM4-40GB MIG 4g.20gb (0),1,,13,[CUDA memcpy Host-to-Device]
2203691206,10176,73571,,,,,,,,,,0.197,19320.668,Pinned,Device,NVIDIA A100-SXM4-40GB MIG 4g.20gb (0),1,,13,[CUDA memcpy Host-to-Device]
2203708198,6528,73572,273,1,1,8,4,1,39,0.002,0.000,,,,,NVIDIA A100-SXM4-40GB MIG 4g.20gb (0),1,,13,"void channel_eq::eqMmseCoefCompLowMimoKernel<float, float, float, (unsigned int)4, (unsigned int)1, (unsigned int)4>(const channel_eq::_puschRxChEqStatDescr *, channel_eq::_puschRxChEqCoefCompDynDescr)"
2203719686,5824,73573,273,1,1,12,11,1,51,0.002,0.000,,,,,NVIDIA A100-SXM4-40GB MIG 4g.20gb (0),1,,13,"void channel_eq::eqMmseSoftDemapKernel<float, __half, __half, float, (unsigned int)4, (unsigned short)16383>(channel_eq::_puschRxChEqStatDescr *, channel_eq::_puschRxChEqSoftDemapDynDescr)"
2203727270,282556,73574,1,1,1,32,32,1,30,0.000,0.000,,,,,NVIDIA A100-SXM4-40GB MIG 4g.20gb (0),1,,13,"void convert_kernel<float2, __half2>(tensor_layout_any, T1 *, tensor_layout_any, const T2 *)"
2204010658,11136,73586,2253,1,1,128,1,1,16,0.000,0.000,,,,,NVIDIA A100-SXM4-40GB MIG 4g.20gb (0),1,,13,cupy_copy__float16_float16
2204026530,3520,73595,282,1,1,128,1,1,16,0.000,0.000,,,,,NVIDIA A100-SXM4-40GB MIG 4g.20gb (0),1,,13,cupy_copy__complex64_complex64
2204031874,2304,73604,26,1,1,128,1,1,16,0.000,0.000,,,,,NVIDIA A100-SXM4-40GB MIG 4g.20gb (0),1,,13,cupy_copy__float32_float32
2204037186,2880,73613,103,1,1,128,1,1,16,0.000,0.000,,,,,NVIDIA A100-SXM4-40GB MIG 4g.20gb (0),1,,13,cupy_copy__complex64_complex64
2204041090,12000,73623,1434,1,1,128,1,1,16,0.000,0.000,,,,,NVIDIA A100-SXM4-40GB MIG 4g.20gb (0),1,,13,cupy_copy__complex64_complex64
2204060225,86015,73628,1,1,1,32,32,1,30,0.000,0.000,,,,,NVIDIA A100-SXM4-40GB MIG 4g.20gb (0),1,,13,"void convert_kernel<__half2, float2>(tensor_layout_any, T1 *, tensor_layout_any, const T2 *)"
2204173600,5856,73631,,,,,,,,,,0.094,15999.997,Pinned,Device,NVIDIA A100-SXM4-40GB MIG 4g.20gb (0),1,,13,[CUDA memcpy Host-to-Device]
2204183584,597657,73632,,,,,,,,,,456.561,763827.289,Device,,NVIDIA A100-SXM4-40GB MIG 4g.20gb (0),1,,13,[CUDA memset]
2204788056,149439,73637,,,,,,,,,,1.235,8263.010,Pinned,Device,NVIDIA A100-SXM4-40GB MIG 4g.20gb (0),1,,13,[CUDA memcpy Host-to-Device]
2204949143,38911,73638,,,,,,,,,,0.197,5052.629,Pinned,Device,NVIDIA A100-SXM4-40GB MIG 4g.20gb (0),1,,13,[CUDA memcpy Host-to-Device]
2205008278,8288,73639,69,4,1,48,1,1,76,0.002,0.000,,,,,NVIDIA A100-SXM4-40GB MIG 4g.20gb (0),1,,13,"void ch_est::windowedChEstPreNoDftSOfdmKernel<float, __half, float, (unsigned int)2, (unsigned int)1, (unsigned short)4>(ch_est::puschRxChEstStatDescr_t *, ch_est::puschRxChEstDynDescr_t *)"
2205021238,7232,73640,137,2,1,24,2,1,44,0.001,0.001,,,,,NVIDIA A100-SXM4-40GB MIG 4g.20gb (0),1,,13,"void ch_est::chEstFilterNoDftSOfdmDispatchKernel<float, __half, float, (unsigned int)2>(ch_est::puschRxChEstStatDescr_t *, ch_est::puschRxChEstDynDescr_t *)"
2205038677,5152,73641,137,2,1,24,2,1,44,0.001,0.001,,,,,NVIDIA A100-SXM4-40GB MIG 4g.20gb (0),1,,13,"void ch_est::chEstFilterNoDftSOfdmDispatchKernel<float, __half, float, (unsigned int)2>(ch_est::puschRxChEstStatDescr_t *, ch_est::puschRxChEstDynDescr_t *)"
2205047349,2624,73652,103,1,1,128,1,1,16,0.000,0.000,,,,,NVIDIA A100-SXM4-40GB MIG 4g.20gb (0),1,,13,cupy_copy__complex64_complex64
2205054741,12448,73662,1434,1,1,128,1,1,16,0.000,0.000,,,,,NVIDIA A100-SXM4-40GB MIG 4g.20gb (0),1,,13,cupy_copy__complex64_complex64
2205068469,2656,73669,103,1,1,128,1,1,16,0.000,0.000,,,,,NVIDIA A100-SXM4-40GB MIG 4g.20gb (0),1,,13,cupy_copy__complex64_complex64
2205075765,83135,73676,1,1,1,32,32,1,30,0.000,0.000,,,,,NVIDIA A100-SXM4-40GB MIG 4g.20gb (0),1,,13,"void convert_kernel<__half2, float2>(tensor_layout_any, T1 *, tensor_layout_any, const T2 *)"
2205185876,5408,73679,,,,,,,,,,0.094,17325.421,Pinned,Device,NVIDIA A100-SXM4-40GB MIG 4g.20gb (0),1,,13,[CUDA memcpy Host-to-Device]
2205198259,46912,73680,,,,,,,,,,35.810,763324.255,Device,,NVIDIA A100-SXM4-40GB MIG 4g.20gb (0),1,,13,[CUDA memset]
2205252627,3648,73682,,,,,,,,,,0.000,21.930,Pinned,Device,NVIDIA A100-SXM4-40GB MIG 4g.20gb (0),1,,13,[CUDA memcpy Host-to-Device]
2205261619,12831,73683,,,,,,,,,,0.197,15322.841,Pinned,Device,NVIDIA A100-SXM4-40GB MIG 4g.20gb (0),1,,13,[CUDA memcpy Host-to-Device]
2205282002,9696,73684,273,1,1,48,1,1,40,0.000,0.001,,,,,NVIDIA A100-SXM4-40GB MIG 4g.20gb (0),1,,13,"void pusch_noise_intf_est::noiseIntfEstNoDftSOfdmKernel<float, __half, float, float, (unsigned int)2, (unsigned int)1, (unsigned char)4, (unsigned char)4>(pusch_noise_intf_est::puschRxNoiseIntfEstDynDescr)"
2205293714,2848,73695,35,1,1,128,1,1,16,0.000,0.000,,,,,NVIDIA A100-SXM4-40GB MIG 4g.20gb (0),1,,13,cupy_copy__complex64_complex64
2205309682,2144,73704,1,1,1,1,1,1,18,0.000,0.000,,,,,NVIDIA A100-SXM4-40GB MIG 4g.20gb (0),1,,13,cupy_copy__float32_float32
2205343314,1856,73710,,,,,,,,,,0.000,2.155,Device,Pageable,NVIDIA A100-SXM4-40GB MIG 4g.20gb (0),1,,7,[CUDA memcpy Device-to-Host]
2205404081,13024,73721,1434,1,1,128,1,1,16,0.000,0.000,,,,,NVIDIA A100-SXM4-40GB MIG 4g.20gb (0),1,,13,cupy_copy__complex64_complex64
2205431729,3679,73728,103,1,1,128,1,1,16,0.000,0.000,,,,,NVIDIA A100-SXM4-40GB MIG 4g.20gb (0),1,,13,cupy_copy__complex64_complex64
2205455728,2304,73735,35,1,1,128,1,1,16,0.000,0.000,,,,,NVIDIA A100-SXM4-40GB MIG 4g.20gb (0),1,,13,cupy_copy__complex64_complex64
2205471184,1952,73742,1,1,1,1,1,1,18,0.000,0.000,,,,,NVIDIA A100-SXM4-40GB MIG 4g.20gb (0),1,,13,cupy_copy__float32_float32
2205602606,81791,73753,1,1,1,32,32,1,30,0.000,0.000,,,,,NVIDIA A100-SXM4-40GB MIG 4g.20gb (0),1,,13,"void convert_kernel<__half2, float2>(tensor_layout_any, T1 *, tensor_layout_any, const T2 *)"
2205712173,6624,73756,,,,,,,,,,0.094,14144.910,Pinned,Device,NVIDIA A100-SXM4-40GB MIG 4g.20gb (0),1,,13,[CUDA memcpy Host-to-Device]
2205730925,3168,73757,,,,,,,,,,1.547,488201.145,Device,,NVIDIA A100-SXM4-40GB MIG 4g.20gb (0),1,,13,[CUDA memset]
2205734829,3456,73762,,,,,,,,,,0.031,9055.529,Pinned,Device,NVIDIA A100-SXM4-40GB MIG 4g.20gb (0),1,,13,[CUDA memcpy Host-to-Device]
2205740717,9728,73763,,,,,,,,,,0.197,20210.516,Pinned,Device,NVIDIA A100-SXM4-40GB MIG 4g.20gb (0),1,,13,[CUDA memcpy Host-to-Device]
2205756365,6399,73764,273,1,1,8,4,1,39,0.002,0.000,,,,,NVIDIA A100-SXM4-40GB MIG 4g.20gb (0),1,,13,"void channel_eq::eqMmseCoefCompLowMimoKernel<float, float, float, (unsigned int)4, (unsigned int)1, (unsigned int)4>(const channel_eq::_puschRxChEqStatDescr *, channel_eq::_puschRxChEqCoefCompDynDescr)"
2205763820,6432,73765,273,1,1,12,11,1,51,0.002,0.000,,,,,NVIDIA A100-SXM4-40GB MIG 4g.20gb (0),1,,13,"void channel_eq::eqMmseSoftDemapKernel<float, __half, __half, float, (unsigned int)4, (unsigned short)16383>(channel_eq::_puschRxChEqStatDescr *, channel_eq::_puschRxChEqSoftDemapDynDescr)"
2205771308,282589,73766,1,1,1,32,32,1,30,0.000,0.000,,,,,NVIDIA A100-SXM4-40GB MIG 4g.20gb (0),1,,13,"void convert_kernel<float2, __half2>(tensor_layout_any, T1 *, tensor_layout_any, const T2 *)"
2206056137,10944,73778,2253,1,1,128,1,1,16,0.000,0.000,,,,,NVIDIA A100-SXM4-40GB MIG 4g.20gb (0),1,,13,cupy_copy__float16_float16
2206069801,3072,73787,282,1,1,128,1,1,16,0.000,0.000,,,,,NVIDIA A100-SXM4-40GB MIG 4g.20gb (0),1,,13,cupy_copy__complex64_complex64
2206075625,2112,73796,26,1,1,128,1,1,16,0.000,0.000,,,,,NVIDIA A100-SXM4-40GB MIG 4g.20gb (0),1,,13,cupy_copy__float32_float32
2206079465,2911,73805,103,1,1,128,1,1,16,0.000,0.000,,,,,NVIDIA A100-SXM4-40GB MIG 4g.20gb (0),1,,13,cupy_copy__complex64_complex64
2206083464,12288,73815,1434,1,1,128,1,1,16,0.000,0.000,,,,,NVIDIA A100-SXM4-40GB MIG 4g.20gb (0),1,,13,cupy_copy__complex64_complex64
2206104392,82303,73820,1,1,1,32,32,1,30,0.000,0.000,,,,,NVIDIA A100-SXM4-40GB MIG 4g.20gb (0),1,,13,"void convert_kernel<__half2, float2>(tensor_layout_any, T1 *, tensor_layout_any, const T2 *)"
2206214215,5984,73823,,,,,,,,,,0.094,15657.726,Pinned,Device,NVIDIA A100-SXM4-40GB MIG 4g.20gb (0),1,,13,[CUDA memcpy Host-to-Device]
2206224935,599768,73824,,,,,,,,,,456.561,761087.920,Device,,NVIDIA A100-SXM4-40GB MIG 4g.20gb (0),1,,13,[CUDA memset]
2206832959,142718,73829,,,,,,,,,,1.235,8652.018,Pinned,Device,NVIDIA A100-SXM4-40GB MIG 4g.20gb (0),1,,13,[CUDA memcpy Host-to-Device]
2206987965,39584,73830,,,,,,,,,,0.197,4966.711,Pinned,Device,NVIDIA A100-SXM4-40GB MIG 4g.20gb (0),1,,13,[CUDA memcpy Host-to-Device]
2207045021,8223,73831,69,4,1,48,1,1,76,0.002,0.000,,,,,NVIDIA A100-SXM4-40GB MIG 4g.20gb (0),1,,13,"void ch_est::windowedChEstPreNoDftSOfdmKernel<float, __half, float, (unsigned int)2, (unsigned int)1, (unsigned short)4>(ch_est::puschRxChEstStatDescr_t *, ch_est::puschRxChEstDynDescr_t *)"
2207062876,7072,73832,137,2,1,24,2,1,44,0.001,0.001,,,,,NVIDIA A100-SXM4-40GB MIG 4g.20gb (0),1,,13,"void ch_est::chEstFilterNoDftSOfdmDispatchKernel<float, __half, float, (unsigned int)2>(ch_est::puschRxChEstStatDescr_t *, ch_est::puschRxChEstDynDescr_t *)"
2207080028,4672,73833,137,2,1,24,2,1,44,0.001,0.001,,,,,NVIDIA A100-SXM4-40GB MIG 4g.20gb (0),1,,13,"void ch_est::chEstFilterNoDftSOfdmDispatchKernel<float, __half, float, (unsigned int)2>(ch_est::puschRxChEstStatDescr_t *, ch_est::puschRxChEstDynDescr_t *)"
2207097180,2528,73844,103,1,1,128,1,1,16,0.000,0.000,,,,,NVIDIA A100-SXM4-40GB MIG 4g.20gb (0),1,,13,cupy_copy__complex64_complex64
2207116284,12608,73854,1434,1,1,128,1,1,16,0.000,0.000,,,,,NVIDIA A100-SXM4-40GB MIG 4g.20gb (0),1,,13,cupy_copy__complex64_complex64
2207136187,2944,73861,103,1,1,128,1,1,16,0.000,0.000,,,,,NVIDIA A100-SXM4-40GB MIG 4g.20gb (0),1,,13,cupy_copy__complex64_complex64
2207157019,83551,73868,1,1,1,32,32,1,30,0.000,0.000,,,,,NVIDIA A100-SXM4-40GB MIG 4g.20gb (0),1,,13,"void convert_kernel<__half2, float2>(tensor_layout_any, T1 *, tensor_layout_any, const T2 *)"
2207272986,22079,73871,,,,,,,,,,0.094,4243.586,Pinned,Device,NVIDIA A100-SXM4-40GB MIG 4g.20gb (0),1,,13,[CUDA memcpy Host-to-Device]
2207311225,47232,73872,,,,,,,,,,35.810,758167.626,Device,,NVIDIA A100-SXM4-40GB MIG 4g.20gb (0),1,,13,[CUDA memset]
2207362585,6912,73874,,,,,,,,,,0.000,11.574,Pinned,Device,NVIDIA A100-SXM4-40GB MIG 4g.20gb (0),1,,13,[CUDA memcpy Host-to-Device]
2207373689,16703,73875,,,,,,,,,,0.197,11770.724,Pinned,Device,NVIDIA A100-SXM4-40GB MIG 4g.20gb (0),1,,13,[CUDA memcpy Host-to-Device]
2207401080,10112,73876,273,1,1,48,1,1,40,0.000,0.001,,,,,NVIDIA A100-SXM4-40GB MIG 4g.20gb (0),1,,13,"void pusch_noise_intf_est::noiseIntfEstNoDftSOfdmKernel<float, __half, float, float, (unsigned int)2, (unsigned int)1, (unsigned char)4, (unsigned char)4>(pusch_noise_intf_est::puschRxNoiseIntfEstDynDescr)"
2207412536,2752,73887,35,1,1,128,1,1,16,0.000,0.000,,,,,NVIDIA A100-SXM4-40GB MIG 4g.20gb (0),1,,13,cupy_copy__complex64_complex64
2207418520,1856,73896,1,1,1,1,1,1,18,0.000,0.000,,,,,NVIDIA A100-SXM4-40GB MIG 4g.20gb (0),1,,13,cupy_copy__float32_float32
2207426264,3648,73902,,,,,,,,,,0.000,1.096,Device,Pageable,NVIDIA A100-SXM4-40GB MIG 4g.20gb (0),1,,7,[CUDA memcpy Device-to-Host]
2207489655,12640,73913,1434,1,1,128,1,1,16,0.000,0.000,,,,,NVIDIA A100-SXM4-40GB MIG 4g.20gb (0),1,,13,cupy_copy__complex64_complex64
2207520695,2880,73920,103,1,1,128,1,1,16,0.000,0.000,,,,,NVIDIA A100-SXM4-40GB MIG 4g.20gb (0),1,,13,cupy_copy__complex64_complex64
2207537591,2399,73927,35,1,1,128,1,1,16,0.000,0.000,,,,,NVIDIA A100-SXM4-40GB MIG 4g.20gb (0),1,,13,cupy_copy__complex64_complex64
2207554646,1920,73934,1,1,1,1,1,1,18,0.000,0.000,,,,,NVIDIA A100-SXM4-40GB MIG 4g.20gb (0),1,,13,cupy_copy__float32_float32
2207684693,87103,73945,1,1,1,32,32,1,30,0.000,0.000,,,,,NVIDIA A100-SXM4-40GB MIG 4g.20gb (0),1,,13,"void convert_kernel<__half2, float2>(tensor_layout_any, T1 *, tensor_layout_any, const T2 *)"
2207799219,6304,73948,,,,,,,,,,0.094,14862.903,Pinned,Device,NVIDIA A100-SXM4-40GB MIG 4g.20gb (0),1,,13,[CUDA memcpy Host-to-Device]
2207813651,3392,73949,,,,,,,,,,1.547,455961.768,Device,,NVIDIA A100-SXM4-40GB MIG 4g.20gb (0),1,,13,[CUDA memset]
2207820499,3168,73954,,,,,,,,,,0.031,9878.770,Pinned,Device,NVIDIA A100-SXM4-40GB MIG 4g.20gb (0),1,,13,[CUDA memcpy Host-to-Device]
2207826163,9696,73955,,,,,,,,,,0.197,20277.166,Pinned,Device,NVIDIA A100-SXM4-40GB MIG 4g.20gb (0),1,,13,[CUDA memcpy Host-to-Device]
2207841523,6496,73956,273,1,1,8,4,1,39,0.002,0.000,,,,,NVIDIA A100-SXM4-40GB MIG 4g.20gb (0),1,,13,"void channel_eq::eqMmseCoefCompLowMimoKernel<float, float, float, (unsigned int)4, (unsigned int)1, (unsigned int)4>(const channel_eq::_puschRxChEqStatDescr *, channel_eq::_puschRxChEqCoefCompDynDescr)"
2207849075,6144,73957,273,1,1,12,11,1,51,0.002,0.000,,,,,NVIDIA A100-SXM4-40GB MIG 4g.20gb (0),1,,13,"void channel_eq::eqMmseSoftDemapKernel<float, __half, __half, float, (unsigned int)4, (unsigned short)16383>(channel_eq::_puschRxChEqStatDescr *, channel_eq::_puschRxChEqSoftDemapDynDescr)"
2207856179,282076,73958,1,1,1,32,32,1,30,0.000,0.000,,,,,NVIDIA A100-SXM4-40GB MIG 4g.20gb (0),1,,13,"void convert_kernel<float2, __half2>(tensor_layout_any, T1 *, tensor_layout_any, const T2 *)"
2208140527,10976,73970,2253,1,1,128,1,1,16,0.000,0.000,,,,,NVIDIA A100-SXM4-40GB MIG 4g.20gb (0),1,,13,cupy_copy__float16_float16
2208155055,3488,73979,282,1,1,128,1,1,16,0.000,0.000,,,,,NVIDIA A100-SXM4-40GB MIG 4g.20gb (0),1,,13,cupy_copy__complex64_complex64
2208161999,2144,73988,26,1,1,128,1,1,16,0.000,0.000,,,,,NVIDIA A100-SXM4-40GB MIG 4g.20gb (0),1,,13,cupy_copy__float32_float32
2208166031,3200,73997,103,1,1,128,1,1,16,0.000,0.000,,,,,NVIDIA A100-SXM4-40GB MIG 4g.20gb (0),1,,13,cupy_copy__complex64_complex64
2208170287,12000,74007,1434,1,1,128,1,1,16,0.000,0.000,,,,,NVIDIA A100-SXM4-40GB MIG 4g.20gb (0),1,,13,cupy_copy__complex64_complex64
2208191438,81919,74012,1,1,1,32,32,1,30,0.000,0.000,,,,,NVIDIA A100-SXM4-40GB MIG 4g.20gb (0),1,,13,"void convert_kernel<__half2, float2>(tensor_layout_any, T1 *, tensor_layout_any, const T2 *)"
2208300621,5952,74015,,,,,,,,,,0.094,15741.865,Pinned,Device,NVIDIA A100-SXM4-40GB MIG 4g.20gb (0),1,,13,[CUDA memcpy Host-to-Device]
2208310477,598905,74016,,,,,,,,,,456.561,762001.043,Device,,NVIDIA A100-SXM4-40GB MIG 4g.20gb (0),1,,13,[CUDA memset]
2208914629,140351,74021,,,,,,,,,,1.235,8797.741,Pinned,Device,NVIDIA A100-SXM4-40GB MIG 4g.20gb (0),1,,13,[CUDA memcpy Host-to-Device]
2209066788,40895,74022,,,,,,,,,,0.197,4807.459,Pinned,Device,NVIDIA A100-SXM4-40GB MIG 4g.20gb (0),1,,13,[CUDA memcpy Host-to-Device]
2209137283,8128,74023,69,4,1,48,1,1,76,0.002,0.000,,,,,NVIDIA A100-SXM4-40GB MIG 4g.20gb (0),1,,13,"void ch_est::windowedChEstPreNoDftSOfdmKernel<float, __half, float, (unsigned int)2, (unsigned int)1, (unsigned short)4>(ch_est::puschRxChEstStatDescr_t *, ch_est::puschRxChEstDynDescr_t *)"
2209156322,6880,74024,137,2,1,24,2,1,44,0.001,0.001,,,,,NVIDIA A100-SXM4-40GB MIG 4g.20gb (0),1,,13,"void ch_est::chEstFilterNoDftSOfdmDispatchKernel<float, __half, float, (unsigned int)2>(ch_est::puschRxChEstStatDescr_t *, ch_est::puschRxChEstDynDescr_t *)"
2209173218,4768,74025,137,2,1,24,2,1,44,0.001,0.001,,,,,NVIDIA A100-SXM4-40GB MIG 4g.20gb (0),1,,13,"void ch_est::chEstFilterNoDftSOfdmDispatchKernel<float, __half, float, (unsigned int)2>(ch_est::puschRxChEstStatDescr_t *, ch_est::puschRxChEstDynDescr_t *)"
2209190498,2592,74036,103,1,1,128,1,1,16,0.000,0.000,,,,,NVIDIA A100-SXM4-40GB MIG 4g.20gb (0),1,,13,cupy_copy__complex64_complex64
2209207170,12800,74046,1434,1,1,128,1,1,16,0.000,0.000,,,,,NVIDIA A100-SXM4-40GB MIG 4g.20gb (0),1,,13,cupy_copy__complex64_complex64
2209232226,2496,74053,103,1,1,128,1,1,16,0.000,0.000,,,,,NVIDIA A100-SXM4-40GB MIG 4g.20gb (0),1,,13,cupy_copy__complex64_complex64
2209254497,90847,74060,1,1,1,32,32,1,30,0.000,0.000,,,,,NVIDIA A100-SXM4-40GB MIG 4g.20gb (0),1,,13,"void convert_kernel<__half2, float2>(tensor_layout_any, T1 *, tensor_layout_any, const T2 *)"
2209383520,22815,74063,,,,,,,,,,0.094,4106.696,Pinned,Device,NVIDIA A100-SXM4-40GB MIG 4g.20gb (0),1,,13,[CUDA memcpy Host-to-Device]
2209423743,47360,74064,,,,,,,,,,35.810,756090.651,Device,,NVIDIA A100-SXM4-40GB MIG 4g.20gb (0),1,,13,[CUDA memset]
2209477567,10527,74066,,,,,,,,,,0.000,7.599,Pinned,Device,NVIDIA A100-SXM4-40GB MIG 4g.20gb (0),1,,13,[CUDA memcpy Host-to-Device]
2209497694,24992,74067,,,,,,,,,,0.197,7866.679,Pinned,Device,NVIDIA A100-SXM4-40GB MIG 4g.20gb (0),1,,13,[CUDA memcpy Host-to-Device]
2209553630,10143,74068,273,1,1,48,1,1,40,0.000,0.001,,,,,NVIDIA A100-SXM4-40GB MIG 4g.20gb (0),1,,13,"void pusch_noise_intf_est::noiseIntfEstNoDftSOfdmKernel<float, __half, float, float, (unsigned int)2, (unsigned int)1, (unsigned char)4, (unsigned char)4>(pusch_noise_intf_est::puschRxNoiseIntfEstDynDescr)"
2209569949,2784,74079,35,1,1,128,1,1,16,0.000,0.000,,,,,NVIDIA A100-SXM4-40GB MIG 4g.20gb (0),1,,13,cupy_copy__complex64_complex64
2209586941,1728,74088,1,1,1,1,1,1,18,0.000,0.000,,,,,NVIDIA A100-SXM4-40GB MIG 4g.20gb (0),1,,13,cupy_copy__float32_float32
2209594653,5920,74094,,,,,,,,,,0.000,0.676,Device,Pageable,NVIDIA A100-SXM4-40GB MIG 4g.20gb (0),1,,7,[CUDA memcpy Device-to-Host]
2209693244,12896,74105,1434,1,1,128,1,1,16,0.000,0.000,,,,,NVIDIA A100-SXM4-40GB MIG 4g.20gb (0),1,,13,cupy_copy__complex64_complex64
2209716028,3328,74112,103,1,1,128,1,1,16,0.000,0.000,,,,,NVIDIA A100-SXM4-40GB MIG 4g.20gb (0),1,,13,cupy_copy__complex64_complex64
2209736283,2560,74119,35,1,1,128,1,1,16,0.000,0.000,,,,,NVIDIA A100-SXM4-40GB MIG 4g.20gb (0),1,,13,cupy_copy__complex64_complex64
2209751227,1728,74126,1,1,1,1,1,1,18,0.000,0.000,,,,,NVIDIA A100-SXM4-40GB MIG 4g.20gb (0),1,,13,cupy_copy__float32_float32
2209882554,85438,74137,1,1,1,32,32,1,30,0.000,0.000,,,,,NVIDIA A100-SXM4-40GB MIG 4g.20gb (0),1,,13,"void convert_kernel<__half2, float2>(tensor_layout_any, T1 *, tensor_layout_any, const T2 *)"
2209996408,5728,74140,,,,,,,,,,0.094,16357.541,Pinned,Device,NVIDIA A100-SXM4-40GB MIG 4g.20gb (0),1,,13,[CUDA memcpy Host-to-Device]
2210011096,3360,74141,,,,,,,,,,1.547,460304.688,Device,,NVIDIA A100-SXM4-40GB MIG 4g.20gb (0),1,,13,[CUDA memset]
2210018456,3008,74146,,,,,,,,,,0.031,10404.230,Pinned,Device,NVIDIA A100-SXM4-40GB MIG 4g.20gb (0),1,,13,[CUDA memcpy Host-to-Device]
2210024056,9728,74147,,,,,,,,,,0.197,20210.516,Pinned,Device,NVIDIA A100-SXM4-40GB MIG 4g.20gb (0),1,,13,[CUDA memcpy Host-to-Device]
2210039256,6623,74148,273,1,1,8,4,1,39,0.002,0.000,,,,,NVIDIA A100-SXM4-40GB MIG 4g.20gb (0),1,,13,"void channel_eq::eqMmseCoefCompLowMimoKernel<float, float, float, (unsigned int)4, (unsigned int)1, (unsigned int)4>(const channel_eq::_puschRxChEqStatDescr *, channel_eq::_puschRxChEqCoefCompDynDescr)"
2210048215,7872,74149,273,1,1,12,11,1,51,0.002,0.000,,,,,NVIDIA A100-SXM4-40GB MIG 4g.20gb (0),1,,13,"void channel_eq::eqMmseSoftDemapKernel<float, __half, __half, float, (unsigned int)4, (unsigned short)16383>(channel_eq::_puschRxChEqStatDescr *, channel_eq::_puschRxChEqSoftDemapDynDescr)"
2210057079,282589,74150,1,1,1,32,32,1,30,0.000,0.000,,,,,NVIDIA A100-SXM4-40GB MIG 4g.20gb (0),1,,13,"void convert_kernel<float2, __half2>(tensor_layout_any, T1 *, tensor_layout_any, const T2 *)"
2210341812,10656,74162,2253,1,1,128,1,1,16,0.000,0.000,,,,,NVIDIA A100-SXM4-40GB MIG 4g.20gb (0),1,,13,cupy_copy__float16_float16
2210355284,3680,74171,282,1,1,128,1,1,16,0.000,0.000,,,,,NVIDIA A100-SXM4-40GB MIG 4g.20gb (0),1,,13,cupy_copy__complex64_complex64
2210360436,2176,74180,26,1,1,128,1,1,16,0.000,0.000,,,,,NVIDIA A100-SXM4-40GB MIG 4g.20gb (0),1,,13,cupy_copy__float32_float32
2210366548,3103,74189,103,1,1,128,1,1,16,0.000,0.000,,,,,NVIDIA A100-SXM4-40GB MIG 4g.20gb (0),1,,13,cupy_copy__complex64_complex64
2210372083,12416,74199,1434,1,1,128,1,1,16,0.000,0.000,,,,,NVIDIA A100-SXM4-40GB MIG 4g.20gb (0),1,,13,cupy_copy__complex64_complex64
2210390131,82239,74204,1,1,1,32,32,1,30,0.000,0.000,,,,,NVIDIA A100-SXM4-40GB MIG 4g.20gb (0),1,,13,"void convert_kernel<__half2, float2>(tensor_layout_any, T1 *, tensor_layout_any, const T2 *)"
2210500018,5568,74207,,,,,,,,,,0.094,16827.521,Pinned,Device,NVIDIA A100-SXM4-40GB MIG 4g.20gb (0),1,,13,[CUDA memcpy Host-to-Device]
2210511090,597880,74208,,,,,,,,,,456.561,763370.728,Device,,NVIDIA A100-SXM4-40GB MIG 4g.20gb (0),1,,13,[CUDA memset]
2211116298,92575,74213,,,,,,,,,,1.235,13339.865,Pinned,Device,NVIDIA A100-SXM4-40GB MIG 4g.20gb (0),1,,13,[CUDA memcpy Host-to-Device]
2211215913,20224,74214,,,,,,,,,,0.197,9721.479,Pinned,Device,NVIDIA A100-SXM4-40GB MIG 4g.20gb (0),1,,13,[CUDA memcpy Host-to-Device]
2211245481,9088,74215,69,4,1,48,1,1,76,0.002,0.000,,,,,NVIDIA A100-SXM4-40GB MIG 4g.20gb (0),1,,13,"void ch_est::windowedChEstPreNoDftSOfdmKernel<float, __half, float, (unsigned int)2, (unsigned int)1, (unsigned short)4>(ch_est::puschRxChEstStatDescr_t *, ch_est::puschRxChEstDynDescr_t *)"
2211261416,6656,74216,137,2,1,24,2,1,44,0.001,0.001,,,,,NVIDIA A100-SXM4-40GB MIG 4g.20gb (0),1,,13,"void ch_est::chEstFilterNoDftSOfdmDispatchKernel<float, __half, float, (unsigned int)2>(ch_est::puschRxChEstStatDescr_t *, ch_est::puschRxChEstDynDescr_t *)"
2211270760,6272,74217,137,2,1,24,2,1,44,0.001,0.001,,,,,NVIDIA A100-SXM4-40GB MIG 4g.20gb (0),1,,13,"void ch_est::chEstFilterNoDftSOfdmDispatchKernel<float, __half, float, (unsigned int)2>(ch_est::puschRxChEstStatDescr_t *, ch_est::puschRxChEstDynDescr_t *)"
2211279784,2784,74228,103,1,1,128,1,1,16,0.000,0.000,,,,,NVIDIA A100-SXM4-40GB MIG 4g.20gb (0),1,,13,cupy_copy__complex64_complex64
2211286952,12544,74238,1434,1,1,128,1,1,16,0.000,0.000,,,,,NVIDIA A100-SXM4-40GB MIG 4g.20gb (0),1,,13,cupy_copy__complex64_complex64
2211301960,2560,74245,103,1,1,128,1,1,16,0.000,0.000,,,,,NVIDIA A100-SXM4-40GB MIG 4g.20gb (0),1,,13,cupy_copy__complex64_complex64
2211309384,86431,74252,1,1,1,32,32,1,30,0.000,0.000,,,,,NVIDIA A100-SXM4-40GB MIG 4g.20gb (0),1,,13,"void convert_kernel<__half2, float2>(tensor_layout_any, T1 *, tensor_layout_any, const T2 *)"
2211423910,5568,74255,,,,,,,,,,0.094,16827.521,Pinned,Device,NVIDIA A100-SXM4-40GB MIG 4g.20gb (0),1,,13,[CUDA memcpy Host-to-Device]
2211436166,47072,74256,,,,,,,,,,35.810,760745.940,Device,,NVIDIA A100-SXM4-40GB MIG 4g.20gb (0),1,,13,[CUDA memset]
2211488934,2240,74258,,,,,,,,,,0.000,35.714,Pinned,Device,NVIDIA A100-SXM4-40GB MIG 4g.20gb (0),1,,13,[CUDA memcpy Host-to-Device]
2211496646,13375,74259,,,,,,,,,,0.197,14699.594,Pinned,Device,NVIDIA A100-SXM4-40GB MIG 4g.20gb (0),1,,13,[CUDA memcpy Host-to-Device]
2211521221,9760,74260,273,1,1,48,1,1,40,0.000,0.001,,,,,NVIDIA A100-SXM4-40GB MIG 4g.20gb (0),1,,13,"void pusch_noise_intf_est::noiseIntfEstNoDftSOfdmKernel<float, __half, float, float, (unsigned int)2, (unsigned int)1, (unsigned char)4, (unsigned char)4>(pusch_noise_intf_est::puschRxNoiseIntfEstDynDescr)"
2211533061,2720,74271,35,1,1,128,1,1,16,0.000,0.000,,,,,NVIDIA A100-SXM4-40GB MIG 4g.20gb (0),1,,13,cupy_copy__complex64_complex64
2211549925,1888,74280,1,1,1,1,1,1,18,0.000,0.000,,,,,NVIDIA A100-SXM4-40GB MIG 4g.20gb (0),1,,13,cupy_copy__float32_float32
2211578821,1568,74286,,,,,,,,,,0.000,2.551,Device,Pageable,NVIDIA A100-SXM4-40GB MIG 4g.20gb (0),1,,7,[CUDA memcpy Device-to-Host]
2211638532,12832,74297,1434,1,1,128,1,1,16,0.000,0.000,,,,,NVIDIA A100-SXM4-40GB MIG 4g.20gb (0),1,,13,cupy_copy__complex64_complex64
2211665187,2848,74304,103,1,1,128,1,1,16,0.000,0.000,,,,,NVIDIA A100-SXM4-40GB MIG 4g.20gb (0),1,,13,cupy_copy__complex64_complex64
2211686307,2464,74311,35,1,1,128,1,1,16,0.000,0.000,,,,,NVIDIA A100-SXM4-40GB MIG 4g.20gb (0),1,,13,cupy_copy__complex64_complex64
2211704067,1856,74318,1,1,1,1,1,1,18,0.000,0.000,,,,,NVIDIA A100-SXM4-40GB MIG 4g.20gb (0),1,,13,cupy_copy__float32_float32
2211836449,82591,74329,1,1,1,32,32,1,30,0.000,0.000,,,,,NVIDIA A100-SXM4-40GB MIG 4g.20gb (0),1,,13,"void convert_kernel<__half2, float2>(tensor_layout_any, T1 *, tensor_layout_any, const T2 *)"
2211946592,5536,74332,,,,,,,,,,0.094,16924.777,Pinned,Device,NVIDIA A100-SXM4-40GB MIG 4g.20gb (0),1,,13,[CUDA memcpy Host-to-Device]
2211960704,3584,74333,,,,,,,,,,1.547,431534.389,Device,,NVIDIA A100-SXM4-40GB MIG 4g.20gb (0),1,,13,[CUDA memset]
2211967456,3456,74338,,,,,,,,,,0.031,9055.529,Pinned,Device,NVIDIA A100-SXM4-40GB MIG 4g.20gb (0),1,,13,[CUDA memcpy Host-to-Device]
2211973600,9792,74339,,,,,,,,,,0.197,20078.395,Pinned,Device,NVIDIA A100-SXM4-40GB MIG 4g.20gb (0),1,,13,[CUDA memcpy Host-to-Device]
2211989343,6368,74340,273,1,1,8,4,1,39,0.002,0.000,,,,,NVIDIA A100-SXM4-40GB MIG 4g.20gb (0),1,,13,"void channel_eq::eqMmseCoefCompLowMimoKernel<float, float, float, (unsigned int)4, (unsigned int)1, (unsigned int)4>(const channel_eq::_puschRxChEqStatDescr *, channel_eq::_puschRxChEqCoefCompDynDescr)"
2211997887,5632,74341,273,1,1,12,11,1,51,0.002,0.000,,,,,NVIDIA A100-SXM4-40GB MIG 4g.20gb (0),1,,13,"void channel_eq::eqMmseSoftDemapKernel<float, __half, __half, float, (unsigned int)4, (unsigned short)16383>(channel_eq::_puschRxChEqStatDescr *, channel_eq::_puschRxChEqSoftDemapDynDescr)"
2212004639,294013,74342,1,1,1,32,32,1,30,0.000,0.000,,,,,NVIDIA A100-SXM4-40GB MIG 4g.20gb (0),1,,13,"void convert_kernel<float2, __half2>(tensor_layout_any, T1 *, tensor_layout_any, const T2 *)"
2212301276,10975,74354,2253,1,1,128,1,1,16,0.000,0.000,,,,,NVIDIA A100-SXM4-40GB MIG 4g.20gb (0),1,,13,cupy_copy__float16_float16
2212313467,2912,74363,282,1,1,128,1,1,16,0.000,0.000,,,,,NVIDIA A100-SXM4-40GB MIG 4g.20gb (0),1,,13,cupy_copy__complex64_complex64
2212319387,2272,74372,26,1,1,128,1,1,16,0.000,0.000,,,,,NVIDIA A100-SXM4-40GB MIG 4g.20gb (0),1,,13,cupy_copy__float32_float32
2212323931,2880,74381,103,1,1,128,1,1,16,0.000,0.000,,,,,NVIDIA A100-SXM4-40GB MIG 4g.20gb (0),1,,13,cupy_copy__complex64_complex64
2212330107,12096,74391,1434,1,1,128,1,1,16,0.000,0.000,,,,,NVIDIA A100-SXM4-40GB MIG 4g.20gb (0),1,,13,cupy_copy__complex64_complex64
2212345531,87327,74396,1,1,1,32,32,1,30,0.000,0.000,,,,,NVIDIA A100-SXM4-40GB MIG 4g.20gb (0),1,,13,"void convert_kernel<__half2, float2>(tensor_layout_any, T1 *, tensor_layout_any, const T2 *)"
2212459610,5504,74399,,,,,,,,,,0.094,17023.251,Pinned,Device,NVIDIA A100-SXM4-40GB MIG 4g.20gb (0),1,,13,[CUDA memcpy Host-to-Device]
2212469946,597016,74400,,,,,,,,,,456.561,764283.851,Device,,NVIDIA A100-SXM4-40GB MIG 4g.20gb (0),1,,13,[CUDA memset]
2213078834,177918,74405,,,,,,,,,,1.235,6940.385,Pinned,Device,NVIDIA A100-SXM4-40GB MIG 4g.20gb (0),1,,13,[CUDA memcpy Host-to-Device]
2213270096,37599,74406,,,,,,,,,,0.197,5228.986,Pinned,Device,NVIDIA A100-SXM4-40GB MIG 4g.20gb (0),1,,13,[CUDA memcpy Host-to-Device]
2213332463,8064,74407,69,4,1,48,1,1,76,0.002,0.000,,,,,NVIDIA A100-SXM4-40GB MIG 4g.20gb (0),1,,13,"void ch_est::windowedChEstPreNoDftSOfdmKernel<float, __half, float, (unsigned int)2, (unsigned int)1, (unsigned short)4>(ch_est::puschRxChEstStatDescr_t *, ch_est::puschRxChEstDynDescr_t *)"
2213345039,7008,74408,137,2,1,24,2,1,44,0.001,0.001,,,,,NVIDIA A100-SXM4-40GB MIG 4g.20gb (0),1,,13,"void ch_est::chEstFilterNoDftSOfdmDispatchKernel<float, __half, float, (unsigned int)2>(ch_est::puschRxChEstStatDescr_t *, ch_est::puschRxChEstDynDescr_t *)"
2213356431,5056,74409,137,2,1,24,2,1,44,0.001,0.001,,,,,NVIDIA A100-SXM4-40GB MIG 4g.20gb (0),1,,13,"void ch_est::chEstFilterNoDftSOfdmDispatchKernel<float, __half, float, (unsigned int)2>(ch_est::puschRxChEstStatDescr_t *, ch_est::puschRxChEstDynDescr_t *)"
2213366670,2624,74420,103,1,1,128,1,1,16,0.000,0.000,,,,,NVIDIA A100-SXM4-40GB MIG 4g.20gb (0),1,,13,cupy_copy__complex64_complex64
2213377134,12704,74430,1434,1,1,128,1,1,16,0.000,0.000,,,,,NVIDIA A100-SXM4-40GB MIG 4g.20gb (0),1,,13,cupy_copy__complex64_complex64
2213393070,2848,74437,103,1,1,128,1,1,16,0.000,0.000,,,,,NVIDIA A100-SXM4-40GB MIG 4g.20gb (0),1,,13,cupy_copy__complex64_complex64
2213402926,85215,74444,1,1,1,32,32,1,30,0.000,0.000,,,,,NVIDIA A100-SXM4-40GB MIG 4g.20gb (0),1,,13,"void convert_kernel<__half2, float2>(tensor_layout_any, T1 *, tensor_layout_any, const T2 *)"
2213516621,8511,74447,,,,,,,,,,0.094,11008.812,Pinned,Device,NVIDIA A100-SXM4-40GB MIG 4g.20gb (0),1,,13,[CUDA memcpy Host-to-Device]
2213533932,47200,74448,,,,,,,,,,35.810,758668.965,Device,,NVIDIA A100-SXM4-40GB MIG 4g.20gb (0),1,,13,[CUDA memset]
2213581804,5824,74450,,,,,,,,,,0.000,13.736,Pinned,Device,NVIDIA A100-SXM4-40GB MIG 4g.20gb (0),1,,13,[CUDA memcpy Host-to-Device]
2213591244,14175,74451,,,,,,,,,,0.197,13869.908,Pinned,Device,NVIDIA A100-SXM4-40GB MIG 4g.20gb (0),1,,13,[CUDA memcpy Host-to-Device]
2213614667,10144,74452,273,1,1,48,1,1,40,0.000,0.001,,,,,NVIDIA A100-SXM4-40GB MIG 4g.20gb (0),1,,13,"void pusch_noise_intf_est::noiseIntfEstNoDftSOfdmKernel<float, __half, float, float, (unsigned int)2, (unsigned int)1, (unsigned char)4, (unsigned char)4>(pusch_noise_intf_est::puschRxNoiseIntfEstDynDescr)"
2213628843,3072,74463,35,1,1,128,1,1,16,0.000,0.000,,,,,NVIDIA A100-SXM4-40GB MIG 4g.20gb (0),1,,13,cupy_copy__complex64_complex64
2213637035,1952,74472,1,1,1,1,1,1,18,0.000,0.000,,,,,NVIDIA A100-SXM4-40GB MIG 4g.20gb (0),1,,13,cupy_copy__float32_float32
2213669099,2208,74478,,,,,,,,,,0.000,1.812,Device,Pageable,NVIDIA A100-SXM4-40GB MIG 4g.20gb (0),1,,7,[CUDA memcpy Device-to-Host]
2213729226,12832,74489,1434,1,1,128,1,1,16,0.000,0.000,,,,,NVIDIA A100-SXM4-40GB MIG 4g.20gb (0),1,,13,cupy_copy__complex64_complex64
2213757098,2752,74496,103,1,1,128,1,1,16,0.000,0.000,,,,,NVIDIA A100-SXM4-40GB MIG 4g.20gb (0),1,,13,cupy_copy__complex64_complex64
2213776713,2784,74503,35,1,1,128,1,1,16,0.000,0.000,,,,,NVIDIA A100-SXM4-40GB MIG 4g.20gb (0),1,,13,cupy_copy__complex64_complex64
2213794441,1824,74510,1,1,1,1,1,1,18,0.000,0.000,,,,,NVIDIA A100-SXM4-40GB MIG 4g.20gb (0),1,,13,cupy_copy__float32_float32
2213926600,83230,74521,1,1,1,32,32,1,30,0.000,0.000,,,,,NVIDIA A100-SXM4-40GB MIG 4g.20gb (0),1,,13,"void convert_kernel<__half2, float2>(tensor_layout_any, T1 *, tensor_layout_any, const T2 *)"
2214037958,5408,74524,,,,,,,,,,0.094,17325.421,Pinned,Device,NVIDIA A100-SXM4-40GB MIG 4g.20gb (0),1,,13,[CUDA memcpy Host-to-Device]
2214053222,3328,74525,,,,,,,,,,1.547,464729.580,Device,,NVIDIA A100-SXM4-40GB MIG 4g.20gb (0),1,,13,[CUDA memset]
2214060806,3168,74530,,,,,,,,,,0.031,9878.770,Pinned,Device,NVIDIA A100-SXM4-40GB MIG 4g.20gb (0),1,,13,[CUDA memcpy Host-to-Device]
2214066502,9376,74531,,,,,,,,,,0.197,20969.226,Pinned,Device,NVIDIA A100-SXM4-40GB MIG 4g.20gb (0),1,,13,[CUDA memcpy Host-to-Device]
2214082342,6656,74532,273,1,1,8,4,1,39,0.002,0.000,,,,,NVIDIA A100-SXM4-40GB MIG 4g.20gb (0),1,,13,"void channel_eq::eqMmseCoefCompLowMimoKernel<float, float, float, (unsigned int)4, (unsigned int)1, (unsigned int)4>(const channel_eq::_puschRxChEqStatDescr *, channel_eq::_puschRxChEqCoefCompDynDescr)"
2214090021,6368,74533,273,1,1,12,11,1,51,0.002,0.000,,,,,NVIDIA A100-SXM4-40GB MIG 4g.20gb (0),1,,13,"void channel_eq::eqMmseSoftDemapKernel<float, __half, __half, float, (unsigned int)4, (unsigned short)16383>(channel_eq::_puschRxChEqStatDescr *, channel_eq::_puschRxChEqSoftDemapDynDescr)"
2214097349,283261,74534,1,1,1,32,32,1,30,0.000,0.000,,,,,NVIDIA A100-SXM4-40GB MIG 4g.20gb (0),1,,13,"void convert_kernel<float2, __half2>(tensor_layout_any, T1 *, tensor_layout_any, const T2 *)"
2214384962,11104,74546,2253,1,1,128,1,1,16,0.000,0.000,,,,,NVIDIA A100-SXM4-40GB MIG 4g.20gb (0),1,,13,cupy_copy__float16_float16
2214397602,3136,74555,282,1,1,128,1,1,16,0.000,0.000,,,,,NVIDIA A100-SXM4-40GB MIG 4g.20gb (0),1,,13,cupy_copy__complex64_complex64
2214402306,2016,74564,26,1,1,128,1,1,16,0.000,0.000,,,,,NVIDIA A100-SXM4-40GB MIG 4g.20gb (0),1,,13,cupy_copy__float32_float32
2214405762,3264,74573,103,1,1,128,1,1,16,0.000,0.000,,,,,NVIDIA A100-SXM4-40GB MIG 4g.20gb (0),1,,13,cupy_copy__complex64_complex64
2214411426,12223,74583,1434,1,1,128,1,1,16,0.000,0.000,,,,,NVIDIA A100-SXM4-40GB MIG 4g.20gb (0),1,,13,cupy_copy__complex64_complex64
2214429441,87487,74588,1,1,1,32,32,1,30,0.000,0.000,,,,,NVIDIA A100-SXM4-40GB MIG 4g.20gb (0),1,,13,"void convert_kernel<__half2, float2>(tensor_layout_any, T1 *, tensor_layout_any, const T2 *)"
2214543872,5440,74591,,,,,,,,,,0.094,17223.480,Pinned,Device,NVIDIA A100-SXM4-40GB MIG 4g.20gb (0),1,,13,[CUDA memcpy Host-to-Device]
2214554272,596920,74592,,,,,,,,,,456.561,764740.412,Device,,NVIDIA A100-SXM4-40GB MIG 4g.20gb (0),1,,13,[CUDA memset]
2215155608,139615,74597,,,,,,,,,,1.235,8844.669,Pinned,Device,NVIDIA A100-SXM4-40GB MIG 4g.20gb (0),1,,13,[CUDA memcpy Host-to-Device]
2215306070,39840,74598,,,,,,,,,,0.197,4934.861,Pinned,Device,NVIDIA A100-SXM4-40GB MIG 4g.20gb (0),1,,13,[CUDA memcpy Host-to-Device]
2215370550,8000,74599,69,4,1,48,1,1,76,0.002,0.000,,,,,NVIDIA A100-SXM4-40GB MIG 4g.20gb (0),1,,13,"void ch_est::windowedChEstPreNoDftSOfdmKernel<float, __half, float, (unsigned int)2, (unsigned int)1, (unsigned short)4>(ch_est::puschRxChEstStatDescr_t *, ch_est::puschRxChEstDynDescr_t *)"
2215389493,6720,74600,137,2,1,24,2,1,44,0.001,0.001,,,,,NVIDIA A100-SXM4-40GB MIG 4g.20gb (0),1,,13,"void ch_est::chEstFilterNoDftSOfdmDispatchKernel<float, __half, float, (unsigned int)2>(ch_est::puschRxChEstStatDescr_t *, ch_est::puschRxChEstDynDescr_t *)"
2215406549,4768,74601,137,2,1,24,2,1,44,0.001,0.001,,,,,NVIDIA A100-SXM4-40GB MIG 4g.20gb (0),1,,13,"void ch_est::chEstFilterNoDftSOfdmDispatchKernel<float, __half, float, (unsigned int)2>(ch_est::puschRxChEstStatDescr_t *, ch_est::puschRxChEstDynDescr_t *)"
2215423765,2528,74612,103,1,1,128,1,1,16,0.000,0.000,,,,,NVIDIA A100-SXM4-40GB MIG 4g.20gb (0),1,,13,cupy_copy__complex64_complex64
2215443061,12256,74622,1434,1,1,128,1,1,16,0.000,0.000,,,,,NVIDIA A100-SXM4-40GB MIG 4g.20gb (0),1,,13,cupy_copy__complex64_complex64
2215466356,2528,74629,103,1,1,128,1,1,16,0.000,0.000,,,,,NVIDIA A100-SXM4-40GB MIG 4g.20gb (0),1,,13,cupy_copy__complex64_complex64
2215487380,90783,74636,1,1,1,32,32,1,30,0.000,0.000,,,,,NVIDIA A100-SXM4-40GB MIG 4g.20gb (0),1,,13,"void convert_kernel<__half2, float2>(tensor_layout_any, T1 *, tensor_layout_any, const T2 *)"
2215614195,19391,74639,,,,,,,,,,0.094,4831.903,Pinned,Device,NVIDIA A100-SXM4-40GB MIG 4g.20gb (0),1,,13,[CUDA memcpy Host-to-Device]
2215644850,47200,74640,,,,,,,,,,35.810,758668.965,Device,,NVIDIA A100-SXM4-40GB MIG 4g.20gb (0),1,,13,[CUDA memset]
2215692882,7840,74642,,,,,,,,,,0.000,10.204,Pinned,Device,NVIDIA A100-SXM4-40GB MIG 4g.20gb (0),1,,13,[CUDA memcpy Host-to-Device]
2215707697,14208,74643,,,,,,,,,,0.197,13837.664,Pinned,Device,NVIDIA A100-SXM4-40GB MIG 4g.20gb (0),1,,13,[CUDA memcpy Host-to-Device]
2215733937,11648,74644,273,1,1,48,1,1,40,0.000,0.001,,,,,NVIDIA A100-SXM4-40GB MIG 4g.20gb (0),1,,13,"void pusch_noise_intf_est::noiseIntfEstNoDftSOfdmKernel<float, __half, float, float, (unsigned int)2, (unsigned int)1, (unsigned char)4, (unsigned char)4>(pusch_noise_intf_est::puschRxNoiseIntfEstDynDescr)"
2215749905,3232,74655,35,1,1,128,1,1,16,0.000,0.000,,,,,NVIDIA A100-SXM4-40GB MIG 4g.20gb (0),1,,13,cupy_copy__complex64_complex64
2215757745,1792,74664,1,1,1,1,1,1,18,0.000,0.000,,,,,NVIDIA A100-SXM4-40GB MIG 4g.20gb (0),1,,13,cupy_copy__float32_float32
2215763441,5088,74670,,,,,,,,,,0.000,0.786,Device,Pageable,NVIDIA A100-SXM4-40GB MIG 4g.20gb (0),1,,7,[CUDA memcpy Device-to-Host]
2215836112,12928,74681,1434,1,1,128,1,1,16,0.000,0.000,,,,,NVIDIA A100-SXM4-40GB MIG 4g.20gb (0),1,,13,cupy_copy__complex64_complex64
2215861392,3520,74688,103,1,1,128,1,1,16,0.000,0.000,,,,,NVIDIA A100-SXM4-40GB MIG 4g.20gb (0),1,,13,cupy_copy__complex64_complex64
2215886095,2720,74695,35,1,1,128,1,1,16,0.000,0.000,,,,,NVIDIA A100-SXM4-40GB MIG 4g.20gb (0),1,,13,cupy_copy__complex64_complex64
2215900687,1952,74702,1,1,1,1,1,1,18,0.000,0.000,,,,,NVIDIA A100-SXM4-40GB MIG 4g.20gb (0),1,,13,cupy_copy__float32_float32
2216026190,82175,74713,1,1,1,32,32,1,30,0.000,0.000,,,,,NVIDIA A100-SXM4-40GB MIG 4g.20gb (0),1,,13,"void convert_kernel<__half2, float2>(tensor_layout_any, T1 *, tensor_layout_any, const T2 *)"
2216135660,5952,74716,,,,,,,,,,0.094,15741.865,Pinned,Device,NVIDIA A100-SXM4-40GB MIG 4g.20gb (0),1,,13,[CUDA memcpy Host-to-Device]
2216150252,3264,74717,,,,,,,,,,1.547,473842.288,Device,,NVIDIA A100-SXM4-40GB MIG 4g.20gb (0),1,,13,[CUDA memset]
2216159212,3328,74722,,,,,,,,,,0.031,9403.822,Pinned,Device,NVIDIA A100-SXM4-40GB MIG 4g.20gb (0),1,,13,[CUDA memcpy Host-to-Device]
2216164780,9344,74723,,,,,,,,,,0.197,21040.988,Pinned,Device,NVIDIA A100-SXM4-40GB MIG 4g.20gb (0),1,,13,[CUDA memcpy Host-to-Device]
2216179724,7552,74724,273,1,1,8,4,1,39,0.002,0.000,,,,,NVIDIA A100-SXM4-40GB MIG 4g.20gb (0),1,,13,"void channel_eq::eqMmseCoefCompLowMimoKernel<float, float, float, (unsigned int)4, (unsigned int)1, (unsigned int)4>(const channel_eq::_puschRxChEqStatDescr *, channel_eq::_puschRxChEqCoefCompDynDescr)"
2216190284,6463,74725,273,1,1,12,11,1,51,0.002,0.000,,,,,NVIDIA A100-SXM4-40GB MIG 4g.20gb (0),1,,13,"void channel_eq::eqMmseSoftDemapKernel<float, __half, __half, float, (unsigned int)4, (unsigned short)16383>(channel_eq::_puschRxChEqStatDescr *, channel_eq::_puschRxChEqSoftDemapDynDescr)"
2216197867,294397,74726,1,1,1,32,32,1,30,0.000,0.000,,,,,NVIDIA A100-SXM4-40GB MIG 4g.20gb (0),1,,13,"void convert_kernel<float2, __half2>(tensor_layout_any, T1 *, tensor_layout_any, const T2 *)"
2216494920,10976,74738,2253,1,1,128,1,1,16,0.000,0.000,,,,,NVIDIA A100-SXM4-40GB MIG 4g.20gb (0),1,,13,cupy_copy__float16_float16
2216508712,3168,74747,282,1,1,128,1,1,16,0.000,0.000,,,,,NVIDIA A100-SXM4-40GB MIG 4g.20gb (0),1,,13,cupy_copy__complex64_complex64
2216514984,2335,74756,26,1,1,128,1,1,16,0.000,0.000,,,,,NVIDIA A100-SXM4-40GB MIG 4g.20gb (0),1,,13,cupy_copy__float32_float32
2216519591,3008,74765,103,1,1,128,1,1,16,0.000,0.000,,,,,NVIDIA A100-SXM4-40GB MIG 4g.20gb (0),1,,13,cupy_copy__complex64_complex64
2216524103,12352,74775,1434,1,1,128,1,1,16,0.000,0.000,,,,,NVIDIA A100-SXM4-40GB MIG 4g.20gb (0),1,,13,cupy_copy__complex64_complex64
2216539463,87103,74780,1,1,1,32,32,1,30,0.000,0.000,,,,,NVIDIA A100-SXM4-40GB MIG 4g.20gb (0),1,,13,"void convert_kernel<__half2, float2>(tensor_layout_any, T1 *, tensor_layout_any, const T2 *)"
2216653670,5632,74783,,,,,,,,,,0.094,16636.287,Pinned,Device,NVIDIA A100-SXM4-40GB MIG 4g.20gb (0),1,,13,[CUDA memcpy Host-to-Device]
2216664070,597272,74784,,,,,,,,,,456.561,764283.851,Device,,NVIDIA A100-SXM4-40GB MIG 4g.20gb (0),1,,13,[CUDA memset]
2217268094,149662,74789,,,,,,,,,,1.235,8250.661,Pinned,Device,NVIDIA A100-SXM4-40GB MIG 4g.20gb (0),1,,13,[CUDA memcpy Host-to-Device]
2217428220,31808,74790,,,,,,,,,,0.197,6180.962,Pinned,Device,NVIDIA A100-SXM4-40GB MIG 4g.20gb (0),1,,13,[CUDA memcpy Host-to-Device]
2217482492,7999,74791,69,4,1,48,1,1,76,0.002,0.000,,,,,NVIDIA A100-SXM4-40GB MIG 4g.20gb (0),1,,13,"void ch_est::windowedChEstPreNoDftSOfdmKernel<float, __half, float, (unsigned int)2, (unsigned int)1, (unsigned short)4>(ch_est::puschRxChEstStatDescr_t *, ch_est::puschRxChEstDynDescr_t *)"
2217498491,6880,74792,137,2,1,24,2,1,44,0.001,0.001,,,,,NVIDIA A100-SXM4-40GB MIG 4g.20gb (0),1,,13,"void ch_est::chEstFilterNoDftSOfdmDispatchKernel<float, __half, float, (unsigned int)2>(ch_est::puschRxChEstStatDescr_t *, ch_est::puschRxChEstDynDescr_t *)"
2217512059,4736,74793,137,2,1,24,2,1,44,0.001,0.001,,,,,NVIDIA A100-SXM4-40GB MIG 4g.20gb (0),1,,13,"void ch_est::chEstFilterNoDftSOfdmDispatchKernel<float, __half, float, (unsigned int)2>(ch_est::puschRxChEstStatDescr_t *, ch_est::puschRxChEstDynDescr_t *)"
2217526139,2656,74804,103,1,1,128,1,1,16,0.000,0.000,,,,,NVIDIA A100-SXM4-40GB MIG 4g.20gb (0),1,,13,cupy_copy__complex64_complex64
2217540475,12640,74814,1434,1,1,128,1,1,16,0.000,0.000,,,,,NVIDIA A100-SXM4-40GB MIG 4g.20gb (0),1,,13,cupy_copy__complex64_complex64
2217573018,2592,74821,103,1,1,128,1,1,16,0.000,0.000,,,,,NVIDIA A100-SXM4-40GB MIG 4g.20gb (0),1,,13,cupy_copy__complex64_complex64
2217590810,89279,74828,1,1,1,32,32,1,30,0.000,0.000,,,,,NVIDIA A100-SXM4-40GB MIG 4g.20gb (0),1,,13,"void convert_kernel<__half2, float2>(tensor_layout_any, T1 *, tensor_layout_any, const T2 *)"
2217714553,24895,74831,,,,,,,,,,0.094,3763.581,Pinned,Device,NVIDIA A100-SXM4-40GB MIG 4g.20gb (0),1,,13,[CUDA memcpy Host-to-Device]
2217754200,48256,74832,,,,,,,,,,35.810,742053.162,Device,,NVIDIA A100-SXM4-40GB MIG 4g.20gb (0),1,,13,[CUDA memset]
2217803896,15295,74834,,,,,,,,,,0.000,5.230,Pinned,Device,NVIDIA A100-SXM4-40GB MIG 4g.20gb (0),1,,13,[CUDA memcpy Host-to-Device]
2217829079,25056,74835,,,,,,,,,,0.197,7846.625,Pinned,Device,NVIDIA A100-SXM4-40GB MIG 4g.20gb (0),1,,13,[CUDA memcpy Host-to-Device]
2217881591,9568,74836,273,1,1,48,1,1,40,0.000,0.001,,,,,NVIDIA A100-SXM4-40GB MIG 4g.20gb (0),1,,13,"void pusch_noise_intf_est::noiseIntfEstNoDftSOfdmKernel<float, __half, float, float, (unsigned int)2, (unsigned int)1, (unsigned char)4, (unsigned char)4>(pusch_noise_intf_est::puschRxNoiseIntfEstDynDescr)"
2217898582,2752,74847,35,1,1,128,1,1,16,0.000,0.000,,,,,NVIDIA A100-SXM4-40GB MIG 4g.20gb (0),1,,13,cupy_copy__complex64_complex64
2217915190,1696,74856,1,1,1,1,1,1,18,0.000,0.000,,,,,NVIDIA A100-SXM4-40GB MIG 4g.20gb (0),1,,13,cupy_copy__float32_float32
2217924470,6752,74862,,,,,,,,,,0.000,0.592,Device,Pageable,NVIDIA A100-SXM4-40GB MIG 4g.20gb (0),1,,7,[CUDA memcpy Device-to-Host]
2218022645,13024,74873,1434,1,1,128,1,1,16,0.000,0.000,,,,,NVIDIA A100-SXM4-40GB MIG 4g.20gb (0),1,,13,cupy_copy__complex64_complex64
2218041749,3456,74880,103,1,1,128,1,1,16,0.000,0.000,,,,,NVIDIA A100-SXM4-40GB MIG 4g.20gb (0),1,,13,cupy_copy__complex64_complex64
2218057908,2688,74887,35,1,1,128,1,1,16,0.000,0.000,,,,,NVIDIA A100-SXM4-40GB MIG 4g.20gb (0),1,,13,cupy_copy__complex64_complex64
2218080244,1792,74894,1,1,1,1,1,1,18,0.000,0.000,,,,,NVIDIA A100-SXM4-40GB MIG 4g.20gb (0),1,,13,cupy_copy__float32_float32
2218204019,91743,74905,1,1,1,32,32,1,30,0.000,0.000,,,,,NVIDIA A100-SXM4-40GB MIG 4g.20gb (0),1,,13,"void convert_kernel<__half2, float2>(tensor_layout_any, T1 *, tensor_layout_any, const T2 *)"
2218328081,9344,74908,,,,,,,,,,0.094,10027.346,Pinned,Device,NVIDIA A100-SXM4-40GB MIG 4g.20gb (0),1,,13,[CUDA memcpy Host-to-Device]
2218347089,3456,74909,,,,,,,,,,1.547,447517.201,Device,,NVIDIA A100-SXM4-40GB MIG 4g.20gb (0),1,,13,[CUDA memset]
2218355569,7424,74914,,,,,,,,,,0.031,4215.509,Pinned,Device,NVIDIA A100-SXM4-40GB MIG 4g.20gb (0),1,,13,[CUDA memcpy Host-to-Device]
2218370449,12831,74915,,,,,,,,,,0.197,15322.841,Pinned,Device,NVIDIA A100-SXM4-40GB MIG 4g.20gb (0),1,,13,[CUDA memcpy Host-to-Device]
2218393552,8000,74916,273,1,1,8,4,1,39,0.002,0.000,,,,,NVIDIA A100-SXM4-40GB MIG 4g.20gb (0),1,,13,"void channel_eq::eqMmseCoefCompLowMimoKernel<float, float, float, (unsigned int)4, (unsigned int)1, (unsigned int)4>(const channel_eq::_puschRxChEqStatDescr *, channel_eq::_puschRxChEqCoefCompDynDescr)"
2218406544,7616,74917,273,1,1,12,11,1,51,0.002,0.000,,,,,NVIDIA A100-SXM4-40GB MIG 4g.20gb (0),1,,13,"void channel_eq::eqMmseSoftDemapKernel<float, __half, __half, float, (unsigned int)4, (unsigned short)16383>(channel_eq::_puschRxChEqStatDescr *, channel_eq::_puschRxChEqSoftDemapDynDescr)"
2218418608,295516,74918,1,1,1,32,32,1,30,0.000,0.000,,,,,NVIDIA A100-SXM4-40GB MIG 4g.20gb (0),1,,13,"void convert_kernel<float2, __half2>(tensor_layout_any, T1 *, tensor_layout_any, const T2 *)"
2218715212,11104,74930,2253,1,1,128,1,1,16,0.000,0.000,,,,,NVIDIA A100-SXM4-40GB MIG 4g.20gb (0),1,,13,cupy_copy__float16_float16
2218729420,3072,74939,282,1,1,128,1,1,16,0.000,0.000,,,,,NVIDIA A100-SXM4-40GB MIG 4g.20gb (0),1,,13,cupy_copy__complex64_complex64
2218733516,2048,74948,26,1,1,128,1,1,16,0.000,0.000,,,,,NVIDIA A100-SXM4-40GB MIG 4g.20gb (0),1,,13,cupy_copy__float32_float32
2218736492,3232,74957,103,1,1,128,1,1,16,0.000,0.000,,,,,NVIDIA A100-SXM4-40GB MIG 4g.20gb (0),1,,13,cupy_copy__complex64_complex64
2218740812,11872,74967,1434,1,1,128,1,1,16,0.000,0.000,,,,,NVIDIA A100-SXM4-40GB MIG 4g.20gb (0),1,,13,cupy_copy__complex64_complex64
2218754956,82367,74972,1,1,1,32,32,1,30,0.000,0.000,,,,,NVIDIA A100-SXM4-40GB MIG 4g.20gb (0),1,,13,"void convert_kernel<__half2, float2>(tensor_layout_any, T1 *, tensor_layout_any, const T2 *)"
2218872074,5376,74975,,,,,,,,,,0.094,17428.487,Pinned,Device,NVIDIA A100-SXM4-40GB MIG 4g.20gb (0),1,,13,[CUDA memcpy Host-to-Device]
2218882026,601113,74976,,,,,,,,,,456.561,759261.675,Device,,NVIDIA A100-SXM4-40GB MIG 4g.20gb (0),1,,13,[CUDA memset]
2219484675,76031,74981,,,,,,,,,,1.235,16241.983,Pinned,Device,NVIDIA A100-SXM4-40GB MIG 4g.20gb (0),1,,13,[CUDA memcpy Host-to-Device]
2219567330,18144,74982,,,,,,,,,,0.197,10835.853,Pinned,Device,NVIDIA A100-SXM4-40GB MIG 4g.20gb (0),1,,13,[CUDA memcpy Host-to-Device]
2219599617,8448,74983,69,4,1,48,1,1,76,0.002,0.000,,,,,NVIDIA A100-SXM4-40GB MIG 4g.20gb (0),1,,13,"void ch_est::windowedChEstPreNoDftSOfdmKernel<float, __half, float, (unsigned int)2, (unsigned int)1, (unsigned short)4>(ch_est::puschRxChEstStatDescr_t *, ch_est::puschRxChEstDynDescr_t *)"
2219616065,6656,74984,137,2,1,24,2,1,44,0.001,0.001,,,,,NVIDIA A100-SXM4-40GB MIG 4g.20gb (0),1,,13,"void ch_est::chEstFilterNoDftSOfdmDispatchKernel<float, __half, float, (unsigned int)2>(ch_est::puschRxChEstStatDescr_t *, ch_est::puschRxChEstDynDescr_t *)"
2219624097,5056,74985,137,2,1,24,2,1,44,0.001,0.001,,,,,NVIDIA A100-SXM4-40GB MIG 4g.20gb (0),1,,13,"void ch_est::chEstFilterNoDftSOfdmDispatchKernel<float, __half, float, (unsigned int)2>(ch_est::puschRxChEstStatDescr_t *, ch_est::puschRxChEstDynDescr_t *)"
2219631937,2624,74996,103,1,1,128,1,1,16,0.000,0.000,,,,,NVIDIA A100-SXM4-40GB MIG 4g.20gb (0),1,,13,cupy_copy__complex64_complex64
2219639649,12448,75006,1434,1,1,128,1,1,16,0.000,0.000,,,,,NVIDIA A100-SXM4-40GB MIG 4g.20gb (0),1,,13,cupy_copy__complex64_complex64
2219656097,3072,75013,103,1,1,128,1,1,16,0.000,0.000,,,,,NVIDIA A100-SXM4-40GB MIG 4g.20gb (0),1,,13,cupy_copy__complex64_complex64
2219664417,86335,75020,1,1,1,32,32,1,30,0.000,0.000,,,,,NVIDIA A100-SXM4-40GB MIG 4g.20gb (0),1,,13,"void convert_kernel<__half2, float2>(tensor_layout_any, T1 *, tensor_layout_any, const T2 *)"
2219779743,5824,75023,,,,,,,,,,0.094,16087.884,Pinned,Device,NVIDIA A100-SXM4-40GB MIG 4g.20gb (0),1,,13,[CUDA memcpy Host-to-Device]
2219792223,47135,75024,,,,,,,,,,35.810,759707.453,Device,,NVIDIA A100-SXM4-40GB MIG 4g.20gb (0),1,,13,[CUDA memset]
2219843422,2912,75026,,,,,,,,,,0.000,27.472,Pinned,Device,NVIDIA A100-SXM4-40GB MIG 4g.20gb (0),1,,13,[CUDA memcpy Host-to-Device]
2219851102,11392,75027,,,,,,,,,,0.197,17258.250,Pinned,Device,NVIDIA A100-SXM4-40GB MIG 4g.20gb (0),1,,13,[CUDA memcpy Host-to-Device]
2219868990,10528,75028,273,1,1,48,1,1,40,0.000,0.001,,,,,NVIDIA A100-SXM4-40GB MIG 4g.20gb (0),1,,13,"void pusch_noise_intf_est::noiseIntfEstNoDftSOfdmKernel<float, __half, float, float, (unsigned int)2, (unsigned int)1, (unsigned char)4, (unsigned char)4>(pusch_noise_intf_est::puschRxNoiseIntfEstDynDescr)"
2219882782,3136,75039,35,1,1,128,1,1,16,0.000,0.000,,,,,NVIDIA A100-SXM4-40GB MIG 4g.20gb (0),1,,13,cupy_copy__complex64_complex64
2219897342,1888,75048,1,1,1,1,1,1,18,0.000,0.000,,,,,NVIDIA A100-SXM4-40GB MIG 4g.20gb (0),1,,13,cupy_copy__float32_float32
2219929149,1600,75054,,,,,,,,,,0.000,2.500,Device,Pageable,NVIDIA A100-SXM4-40GB MIG 4g.20gb (0),1,,7,[CUDA memcpy Device-to-Host]
2219992189,12831,75065,1434,1,1,128,1,1,16,0.000,0.000,,,,,NVIDIA A100-SXM4-40GB MIG 4g.20gb (0),1,,13,cupy_copy__complex64_complex64
2220017244,2880,75072,103,1,1,128,1,1,16,0.000,0.000,,,,,NVIDIA A100-SXM4-40GB MIG 4g.20gb (0),1,,13,cupy_copy__complex64_complex64
2220037948,2176,75079,35,1,1,128,1,1,16,0.000,0.000,,,,,NVIDIA A100-SXM4-40GB MIG 4g.20gb (0),1,,13,cupy_copy__complex64_complex64
2220055548,1792,75086,1,1,1,1,1,1,18,0.000,0.000,,,,,NVIDIA A100-SXM4-40GB MIG 4g.20gb (0),1,,13,cupy_copy__float32_float32
2220189722,82495,75097,1,1,1,32,32,1,30,0.000,0.000,,,,,NVIDIA A100-SXM4-40GB MIG 4g.20gb (0),1,,13,"void convert_kernel<__half2, float2>(tensor_layout_any, T1 *, tensor_layout_any, const T2 *)"
2220301209,5984,75100,,,,,,,,,,0.094,15657.726,Pinned,Device,NVIDIA A100-SXM4-40GB MIG 4g.20gb (0),1,,13,[CUDA memcpy Host-to-Device]
2220315673,3327,75101,,,,,,,,,,1.547,464870.322,Device,,NVIDIA A100-SXM4-40GB MIG 4g.20gb (0),1,,13,[CUDA memset]
2220321944,3168,75106,,,,,,,,,,0.031,9878.770,Pinned,Device,NVIDIA A100-SXM4-40GB MIG 4g.20gb (0),1,,13,[CUDA memcpy Host-to-Device]
2220328792,9504,75107,,,,,,,,,,0.197,20686.701,Pinned,Device,NVIDIA A100-SXM4-40GB MIG 4g.20gb (0),1,,13,[CUDA memcpy Host-to-Device]
2220343224,6560,75108,273,1,1,8,4,1,39,0.002,0.000,,,,,NVIDIA A100-SXM4-40GB MIG 4g.20gb (0),1,,13,"void channel_eq::eqMmseCoefCompLowMimoKernel<float, float, float, (unsigned int)4, (unsigned int)1, (unsigned int)4>(const channel_eq::_puschRxChEqStatDescr *, channel_eq::_puschRxChEqCoefCompDynDescr)"
2220351000,6176,75109,273,1,1,12,11,1,51,0.002,0.000,,,,,NVIDIA A100-SXM4-40GB MIG 4g.20gb (0),1,,13,"void channel_eq::eqMmseSoftDemapKernel<float, __half, __half, float, (unsigned int)4, (unsigned short)16383>(channel_eq::_puschRxChEqStatDescr *, channel_eq::_puschRxChEqSoftDemapDynDescr)"
2220358136,293948,75110,1,1,1,32,32,1,30,0.000,0.000,,,,,NVIDIA A100-SXM4-40GB MIG 4g.20gb (0),1,,13,"void convert_kernel<float2, __half2>(tensor_layout_any, T1 *, tensor_layout_any, const T2 *)"
2220653556,10912,75122,2253,1,1,128,1,1,16,0.000,0.000,,,,,NVIDIA A100-SXM4-40GB MIG 4g.20gb (0),1,,13,cupy_copy__float16_float16
2220668340,3744,75131,282,1,1,128,1,1,16,0.000,0.000,,,,,NVIDIA A100-SXM4-40GB MIG 4g.20gb (0),1,,13,cupy_copy__complex64_complex64
2220674420,2240,75140,26,1,1,128,1,1,16,0.000,0.000,,,,,NVIDIA A100-SXM4-40GB MIG 4g.20gb (0),1,,13,cupy_copy__float32_float32
2220679316,2816,75149,103,1,1,128,1,1,16,0.000,0.000,,,,,NVIDIA A100-SXM4-40GB MIG 4g.20gb (0),1,,13,cupy_copy__complex64_complex64
2220683476,12608,75159,1434,1,1,128,1,1,16,0.000,0.000,,,,,NVIDIA A100-SXM4-40GB MIG 4g.20gb (0),1,,13,cupy_copy__complex64_complex64
2220700628,86239,75164,1,1,1,32,32,1,30,0.000,0.000,,,,,NVIDIA A100-SXM4-40GB MIG 4g.20gb (0),1,,13,"void convert_kernel<__half2, float2>(tensor_layout_any, T1 *, tensor_layout_any, const T2 *)"
2220814002,5792,75167,,,,,,,,,,0.094,16176.708,Pinned,Device,NVIDIA A100-SXM4-40GB MIG 4g.20gb (0),1,,13,[CUDA memcpy Host-to-Device]
2220823762,600057,75168,,,,,,,,,,456.561,760631.359,Device,,NVIDIA A100-SXM4-40GB MIG 4g.20gb (0),1,,13,[CUDA memset]
2221426827,142078,75173,,,,,,,,,,1.235,8691.536,Pinned,Device,NVIDIA A100-SXM4-40GB MIG 4g.20gb (0),1,,13,[CUDA memcpy Host-to-Device]
2221583817,38783,75174,,,,,,,,,,0.197,5069.341,Pinned,Device,NVIDIA A100-SXM4-40GB MIG 4g.20gb (0),1,,13,[CUDA memcpy Host-to-Device]
2221646024,8224,75175,69,4,1,48,1,1,76,0.002,0.000,,,,,NVIDIA A100-SXM4-40GB MIG 4g.20gb (0),1,,13,"void ch_est::windowedChEstPreNoDftSOfdmKernel<float, __half, float, (unsigned int)2, (unsigned int)1, (unsigned short)4>(ch_est::puschRxChEstStatDescr_t *, ch_est::puschRxChEstDynDescr_t *)"
2221658248,6816,75176,137,2,1,24,2,1,44,0.001,0.001,,,,,NVIDIA A100-SXM4-40GB MIG 4g.20gb (0),1,,13,"void ch_est::chEstFilterNoDftSOfdmDispatchKernel<float, __half, float, (unsigned int)2>(ch_est::puschRxChEstStatDescr_t *, ch_est::puschRxChEstDynDescr_t *)"
2221668904,5024,75177,137,2,1,24,2,1,44,0.001,0.001,,,,,NVIDIA A100-SXM4-40GB MIG 4g.20gb (0),1,,13,"void ch_est::chEstFilterNoDftSOfdmDispatchKernel<float, __half, float, (unsigned int)2>(ch_est::puschRxChEstStatDescr_t *, ch_est::puschRxChEstDynDescr_t *)"
2221679560,2624,75188,103,1,1,128,1,1,16,0.000,0.000,,,,,NVIDIA A100-SXM4-40GB MIG 4g.20gb (0),1,,13,cupy_copy__complex64_complex64
2221689288,12607,75198,1434,1,1,128,1,1,16,0.000,0.000,,,,,NVIDIA A100-SXM4-40GB MIG 4g.20gb (0),1,,13,cupy_copy__complex64_complex64
2221707431,2560,75205,103,1,1,128,1,1,16,0.000,0.000,,,,,NVIDIA A100-SXM4-40GB MIG 4g.20gb (0),1,,13,cupy_copy__complex64_complex64
2221717223,87359,75212,1,1,1,32,32,1,30,0.000,0.000,,,,,NVIDIA A100-SXM4-40GB MIG 4g.20gb (0),1,,13,"void convert_kernel<__half2, float2>(tensor_layout_any, T1 *, tensor_layout_any, const T2 *)"
2221836998,9248,75215,,,,,,,,,,0.094,10131.442,Pinned,Device,NVIDIA A100-SXM4-40GB MIG 4g.20gb (0),1,,13,[CUDA memcpy Host-to-Device]
2221851174,47615,75216,,,,,,,,,,35.810,752044.130,Device,,NVIDIA A100-SXM4-40GB MIG 4g.20gb (0),1,,13,[CUDA memset]
2221906757,1984,75218,,,,,,,,,,0.000,40.323,Pinned,Device,NVIDIA A100-SXM4-40GB MIG 4g.20gb (0),1,,13,[CUDA memcpy Host-to-Device]
2221918437,17376,75219,,,,,,,,,,0.197,11314.790,Pinned,Device,NVIDIA A100-SXM4-40GB MIG 4g.20gb (0),1,,13,[CUDA memcpy Host-to-Device]
2221954980,10272,75220,273,1,1,48,1,1,40,0.000,0.001,,,,,NVIDIA A100-SXM4-40GB MIG 4g.20gb (0),1,,13,"void pusch_noise_intf_est::noiseIntfEstNoDftSOfdmKernel<float, __half, float, float, (unsigned int)2, (unsigned int)1, (unsigned char)4, (unsigned char)4>(pusch_noise_intf_est::puschRxNoiseIntfEstDynDescr)"
2221975172,2752,75231,35,1,1,128,1,1,16,0.000,0.000,,,,,NVIDIA A100-SXM4-40GB MIG 4g.20gb (0),1,,13,cupy_copy__complex64_complex64
2221987140,1920,75240,1,1,1,1,1,1,18,0.000,0.000,,,,,NVIDIA A100-SXM4-40GB MIG 4g.20gb (0),1,,13,cupy_copy__float32_float32
2221995108,5632,75246,,,,,,,,,,0.000,0.710,Device,Pageable,NVIDIA A100-SXM4-40GB MIG 4g.20gb (0),1,,7,[CUDA memcpy Device-to-Host]
2222070403,13216,75257,1434,1,1,128,1,1,16,0.000,0.000,,,,,NVIDIA A100-SXM4-40GB MIG 4g.20gb (0),1,,13,cupy_copy__complex64_complex64
2222103170,3392,75264,103,1,1,128,1,1,16,0.000,0.000,,,,,NVIDIA A100-SXM4-40GB MIG 4g.20gb (0),1,,13,cupy_copy__complex64_complex64
2222120994,2560,75271,35,1,1,128,1,1,16,0.000,0.000,,,,,NVIDIA A100-SXM4-40GB MIG 4g.20gb (0),1,,13,cupy_copy__complex64_complex64
2222135586,1792,75278,1,1,1,1,1,1,18,0.000,0.000,,,,,NVIDIA A100-SXM4-40GB MIG 4g.20gb (0),1,,13,cupy_copy__float32_float32
2222265216,81151,75289,1,1,1,32,32,1,30,0.000,0.000,,,,,NVIDIA A100-SXM4-40GB MIG 4g.20gb (0),1,,13,"void convert_kernel<__half2, float2>(tensor_layout_any, T1 *, tensor_layout_any, const T2 *)"
2222374143,5760,75292,,,,,,,,,,0.094,16266.656,Pinned,Device,NVIDIA A100-SXM4-40GB MIG 4g.20gb (0),1,,13,[CUDA memcpy Host-to-Device]
2222388543,3360,75293,,,,,,,,,,1.547,460304.688,Device,,NVIDIA A100-SXM4-40GB MIG 4g.20gb (0),1,,13,[CUDA memset]
2222395935,3904,75298,,,,,,,,,,0.031,8016.377,Pinned,Device,NVIDIA A100-SXM4-40GB MIG 4g.20gb (0),1,,13,[CUDA memcpy Host-to-Device]
2222402463,9856,75299,,,,,,,,,,0.197,19948.044,Pinned,Device,NVIDIA A100-SXM4-40GB MIG 4g.20gb (0),1,,13,[CUDA memcpy Host-to-Device]
2222418495,6367,75300,273,1,1,8,4,1,39,0.002,0.000,,,,,NVIDIA A100-SXM4-40GB MIG 4g.20gb (0),1,,13,"void channel_eq::eqMmseCoefCompLowMimoKernel<float, float, float, (unsigned int)4, (unsigned int)1, (unsigned int)4>(const channel_eq::_puschRxChEqStatDescr *, channel_eq::_puschRxChEqCoefCompDynDescr)"
2222426750,5920,75301,273,1,1,12,11,1,51,0.002,0.000,,,,,NVIDIA A100-SXM4-40GB MIG 4g.20gb (0),1,,13,"void channel_eq::eqMmseSoftDemapKernel<float, __half, __half, float, (unsigned int)4, (unsigned short)16383>(channel_eq::_puschRxChEqStatDescr *, channel_eq::_puschRxChEqSoftDemapDynDescr)"
2222434142,294781,75302,1,1,1,32,32,1,30,0.000,0.000,,,,,NVIDIA A100-SXM4-40GB MIG 4g.20gb (0),1,,13,"void convert_kernel<float2, __half2>(tensor_layout_any, T1 *, tensor_layout_any, const T2 *)"
2222729915,10816,75314,2253,1,1,128,1,1,16,0.000,0.000,,,,,NVIDIA A100-SXM4-40GB MIG 4g.20gb (0),1,,13,cupy_copy__float16_float16
2222742843,3807,75323,282,1,1,128,1,1,16,0.000,0.000,,,,,NVIDIA A100-SXM4-40GB MIG 4g.20gb (0),1,,13,cupy_copy__complex64_complex64
2222749786,2112,75332,26,1,1,128,1,1,16,0.000,0.000,,,,,NVIDIA A100-SXM4-40GB MIG 4g.20gb (0),1,,13,cupy_copy__float32_float32
2222753594,3008,75341,103,1,1,128,1,1,16,0.000,0.000,,,,,NVIDIA A100-SXM4-40GB MIG 4g.20gb (0),1,,13,cupy_copy__complex64_complex64
2222757594,12224,75351,1434,1,1,128,1,1,16,0.000,0.000,,,,,NVIDIA A100-SXM4-40GB MIG 4g.20gb (0),1,,13,cupy_copy__complex64_complex64
2222775226,81983,75356,1,1,1,32,32,1,30,0.000,0.000,,,,,NVIDIA A100-SXM4-40GB MIG 4g.20gb (0),1,,13,"void convert_kernel<__half2, float2>(tensor_layout_any, T1 *, tensor_layout_any, const T2 *)"
2222884505,6080,75359,,,,,,,,,,0.094,15410.462,Pinned,Device,NVIDIA A100-SXM4-40GB MIG 4g.20gb (0),1,,13,[CUDA memcpy Host-to-Device]
2222894585,597400,75360,,,,,,,,,,456.561,763827.289,Device,,NVIDIA A100-SXM4-40GB MIG 4g.20gb (0),1,,13,[CUDA memset]
2223497329,127935,75365,,,,,,,,,,1.235,9652.322,Pinned,Device,NVIDIA A100-SXM4-40GB MIG 4g.20gb (0),1,,13,[CUDA memcpy Host-to-Device]
2223633456,35103,75366,,,,,,,,,,0.197,5600.772,Pinned,Device,NVIDIA A100-SXM4-40GB MIG 4g.20gb (0),1,,13,[CUDA memcpy Host-to-Device]
2223687567,8064,75367,69,4,1,48,1,1,76,0.002,0.000,,,,,NVIDIA A100-SXM4-40GB MIG 4g.20gb (0),1,,13,"void ch_est::windowedChEstPreNoDftSOfdmKernel<float, __half, float, (unsigned int)2, (unsigned int)1, (unsigned short)4>(ch_est::puschRxChEstStatDescr_t *, ch_est::puschRxChEstDynDescr_t *)"
2223704143,6688,75368,137,2,1,24,2,1,44,0.001,0.001,,,,,NVIDIA A100-SXM4-40GB MIG 4g.20gb (0),1,,13,"void ch_est::chEstFilterNoDftSOfdmDispatchKernel<float, __half, float, (unsigned int)2>(ch_est::puschRxChEstStatDescr_t *, ch_est::puschRxChEstDynDescr_t *)"
2223718862,4768,75369,137,2,1,24,2,1,44,0.001,0.001,,,,,NVIDIA A100-SXM4-40GB MIG 4g.20gb (0),1,,13,"void ch_est::chEstFilterNoDftSOfdmDispatchKernel<float, __half, float, (unsigned int)2>(ch_est::puschRxChEstStatDescr_t *, ch_est::puschRxChEstDynDescr_t *)"
2223733774,2496,75380,103,1,1,128,1,1,16,0.000,0.000,,,,,NVIDIA A100-SXM4-40GB MIG 4g.20gb (0),1,,13,cupy_copy__complex64_complex64
2223749998,12800,75390,1434,1,1,128,1,1,16,0.000,0.000,,,,,NVIDIA A100-SXM4-40GB MIG 4g.20gb (0),1,,13,cupy_copy__complex64_complex64
2223789390,2496,75397,103,1,1,128,1,1,16,0.000,0.000,,,,,NVIDIA A100-SXM4-40GB MIG 4g.20gb (0),1,,13,cupy_copy__complex64_complex64
2223809389,85695,75404,1,1,1,32,32,1,30,0.000,0.000,,,,,NVIDIA A100-SXM4-40GB MIG 4g.20gb (0),1,,13,"void convert_kernel<__half2, float2>(tensor_layout_any, T1 *, tensor_layout_any, const T2 *)"
2223924396,17152,75407,,,,,,,,,,0.094,5462.664,Pinned,Device,NVIDIA A100-SXM4-40GB MIG 4g.20gb (0),1,,13,[CUDA memcpy Host-to-Device]
2223957708,47103,75408,,,,,,,,,,35.810,760244.602,Device,,NVIDIA A100-SXM4-40GB MIG 4g.20gb (0),1,,13,[CUDA memset]
2224008971,8576,75410,,,,,,,,,,0.000,9.328,Pinned,Device,NVIDIA A100-SXM4-40GB MIG 4g.20gb (0),1,,13,[CUDA memcpy Host-to-Device]
2224024523,14559,75411,,,,,,,,,,0.197,13504.217,Pinned,Device,NVIDIA A100-SXM4-40GB MIG 4g.20gb (0),1,,13,[CUDA memcpy Host-to-Device]
2224048650,10208,75412,273,1,1,48,1,1,40,0.000,0.001,,,,,NVIDIA A100-SXM4-40GB MIG 4g.20gb (0),1,,13,"void pusch_noise_intf_est::noiseIntfEstNoDftSOfdmKernel<float, __half, float, float, (unsigned int)2, (unsigned int)1, (unsigned char)4, (unsigned char)4>(pusch_noise_intf_est::puschRxNoiseIntfEstDynDescr)"
2224062570,3136,75423,35,1,1,128,1,1,16,0.000,0.000,,,,,NVIDIA A100-SXM4-40GB MIG 4g.20gb (0),1,,13,cupy_copy__complex64_complex64
2224070218,1824,75432,1,1,1,1,1,1,18,0.000,0.000,,,,,NVIDIA A100-SXM4-40GB MIG 4g.20gb (0),1,,13,cupy_copy__float32_float32
2224076682,5728,75438,,,,,,,,,,0.000,0.698,Device,Pageable,NVIDIA A100-SXM4-40GB MIG 4g.20gb (0),1,,7,[CUDA memcpy Device-to-Host]
2224151625,12832,75449,1434,1,1,128,1,1,16,0.000,0.000,,,,,NVIDIA A100-SXM4-40GB MIG 4g.20gb (0),1,,13,cupy_copy__complex64_complex64
2224184425,3488,75456,103,1,1,128,1,1,16,0.000,0.000,,,,,NVIDIA A100-SXM4-40GB MIG 4g.20gb (0),1,,13,cupy_copy__complex64_complex64
2224200617,2847,75463,35,1,1,128,1,1,16,0.000,0.000,,,,,NVIDIA A100-SXM4-40GB MIG 4g.20gb (0),1,,13,cupy_copy__complex64_complex64
2224218824,1984,75470,1,1,1,1,1,1,18,0.000,0.000,,,,,NVIDIA A100-SXM4-40GB MIG 4g.20gb (0),1,,13,cupy_copy__float32_float32
2224358663,82431,75481,1,1,1,32,32,1,30,0.000,0.000,,,,,NVIDIA A100-SXM4-40GB MIG 4g.20gb (0),1,,13,"void convert_kernel<__half2, float2>(tensor_layout_any, T1 *, tensor_layout_any, const T2 *)"
2224469093,5568,75484,,,,,,,,,,0.094,16827.521,Pinned,Device,NVIDIA A100-SXM4-40GB MIG 4g.20gb (0),1,,13,[CUDA memcpy Host-to-Device]
2224482501,3392,75485,,,,,,,,,,1.547,455961.768,Device,,NVIDIA A100-SXM4-40GB MIG 4g.20gb (0),1,,13,[CUDA memset]
2224489541,3200,75490,,,,,,,,,,0.031,9780.000,Pinned,Device,NVIDIA A100-SXM4-40GB MIG 4g.20gb (0),1,,13,[CUDA memcpy Host-to-Device]
2224495365,9600,75491,,,,,,,,,,0.197,20479.869,Pinned,Device,NVIDIA A100-SXM4-40GB MIG 4g.20gb (0),1,,13,[CUDA memcpy Host-to-Device]
2224512741,6528,75492,273,1,1,8,4,1,39,0.002,0.000,,,,,NVIDIA A100-SXM4-40GB MIG 4g.20gb (0),1,,13,"void channel_eq::eqMmseCoefCompLowMimoKernel<float, float, float, (unsigned int)4, (unsigned int)1, (unsigned int)4>(const channel_eq::_puschRxChEqStatDescr *, channel_eq::_puschRxChEqCoefCompDynDescr)"
2224520773,5695,75493,273,1,1,12,11,1,51,0.002,0.000,,,,,NVIDIA A100-SXM4-40GB MIG 4g.20gb (0),1,,13,"void channel_eq::eqMmseSoftDemapKernel<float, __half, __half, float, (unsigned int)4, (unsigned short)16383>(channel_eq::_puschRxChEqStatDescr *, channel_eq::_puschRxChEqSoftDemapDynDescr)"
2224527524,282397,75494,1,1,1,32,32,1,30,0.000,0.000,,,,,NVIDIA A100-SXM4-40GB MIG 4g.20gb (0),1,,13,"void convert_kernel<float2, __half2>(tensor_layout_any, T1 *, tensor_layout_any, const T2 *)"
2224812289,11168,75506,2253,1,1,128,1,1,16,0.000,0.000,,,,,NVIDIA A100-SXM4-40GB MIG 4g.20gb (0),1,,13,cupy_copy__float16_float16
2224825441,3200,75515,282,1,1,128,1,1,16,0.000,0.000,,,,,NVIDIA A100-SXM4-40GB MIG 4g.20gb (0),1,,13,cupy_copy__complex64_complex64
2224831969,2144,75524,26,1,1,128,1,1,16,0.000,0.000,,,,,NVIDIA A100-SXM4-40GB MIG 4g.20gb (0),1,,13,cupy_copy__float32_float32
2224837025,4864,75533,103,1,1,128,1,1,16,0.000,0.000,,,,,NVIDIA A100-SXM4-40GB MIG 4g.20gb (0),1,,13,cupy_copy__complex64_complex64
2224842881,12031,75543,1434,1,1,128,1,1,16,0.000,0.000,,,,,NVIDIA A100-SXM4-40GB MIG 4g.20gb (0),1,,13,cupy_copy__complex64_complex64
2224862496,82559,75548,1,1,1,32,32,1,30,0.000,0.000,,,,,NVIDIA A100-SXM4-40GB MIG 4g.20gb (0),1,,13,"void convert_kernel<__half2, float2>(tensor_layout_any, T1 *, tensor_layout_any, const T2 *)"
2224971775,5568,75551,,,,,,,,,,0.094,16827.521,Pinned,Device,NVIDIA A100-SXM4-40GB MIG 4g.20gb (0),1,,13,[CUDA memcpy Host-to-Device]
2224981855,598904,75552,,,,,,,,,,456.561,762001.043,Device,,NVIDIA A100-SXM4-40GB MIG 4g.20gb (0),1,,13,[CUDA memset]
2225588279,158366,75557,,,,,,,,,,1.235,7797.436,Pinned,Device,NVIDIA A100-SXM4-40GB MIG 4g.20gb (0),1,,13,[CUDA memcpy Host-to-Device]
2225758261,42880,75558,,,,,,,,,,0.197,4584.899,Pinned,Device,NVIDIA A100-SXM4-40GB MIG 4g.20gb (0),1,,13,[CUDA memcpy Host-to-Device]
2225825940,7904,75559,69,4,1,48,1,1,76,0.002,0.000,,,,,NVIDIA A100-SXM4-40GB MIG 4g.20gb (0),1,,13,"void ch_est::windowedChEstPreNoDftSOfdmKernel<float, __half, float, (unsigned int)2, (unsigned int)1, (unsigned short)4>(ch_est::puschRxChEstStatDescr_t *, ch_est::puschRxChEstDynDescr_t *)"
2225844468,6752,75560,137,2,1,24,2,1,44,0.001,0.001,,,,,NVIDIA A100-SXM4-40GB MIG 4g.20gb (0),1,,13,"void ch_est::chEstFilterNoDftSOfdmDispatchKernel<float, __half, float, (unsigned int)2>(ch_est::puschRxChEstStatDescr_t *, ch_est::puschRxChEstDynDescr_t *)"
2225860180,4736,75561,137,2,1,24,2,1,44,0.001,0.001,,,,,NVIDIA A100-SXM4-40GB MIG 4g.20gb (0),1,,13,"void ch_est::chEstFilterNoDftSOfdmDispatchKernel<float, __half, float, (unsigned int)2>(ch_est::puschRxChEstStatDescr_t *, ch_est::puschRxChEstDynDescr_t *)"
2225875636,2624,75572,103,1,1,128,1,1,16,0.000,0.000,,,,,NVIDIA A100-SXM4-40GB MIG 4g.20gb (0),1,,13,cupy_copy__complex64_complex64
2225890548,12735,75582,1434,1,1,128,1,1,16,0.000,0.000,,,,,NVIDIA A100-SXM4-40GB MIG 4g.20gb (0),1,,13,cupy_copy__complex64_complex64
2225919347,2624,75589,103,1,1,128,1,1,16,0.000,0.000,,,,,NVIDIA A100-SXM4-40GB MIG 4g.20gb (0),1,,13,cupy_copy__complex64_complex64
2225936019,85535,75596,1,1,1,32,32,1,30,0.000,0.000,,,,,NVIDIA A100-SXM4-40GB MIG 4g.20gb (0),1,,13,"void convert_kernel<__half2, float2>(tensor_layout_any, T1 *, tensor_layout_any, const T2 *)"
2226052370,17823,75599,,,,,,,,,,0.094,5257.001,Pinned,Device,NVIDIA A100-SXM4-40GB MIG 4g.20gb (0),1,,13,[CUDA memcpy Host-to-Device]
2226094641,47200,75600,,,,,,,,,,35.810,758668.965,Device,,NVIDIA A100-SXM4-40GB MIG 4g.20gb (0),1,,13,[CUDA memset]
2226151088,8576,75602,,,,,,,,,,0.000,9.328,Pinned,Device,NVIDIA A100-SXM4-40GB MIG 4g.20gb (0),1,,13,[CUDA memcpy Host-to-Device]
2226166992,24704,75603,,,,,,,,,,0.197,7958.495,Pinned,Device,NVIDIA A100-SXM4-40GB MIG 4g.20gb (0),1,,13,[CUDA memcpy Host-to-Device]
2226217872,9535,75604,273,1,1,48,1,1,40,0.000,0.001,,,,,NVIDIA A100-SXM4-40GB MIG 4g.20gb (0),1,,13,"void pusch_noise_intf_est::noiseIntfEstNoDftSOfdmKernel<float, __half, float, float, (unsigned int)2, (unsigned int)1, (unsigned char)4, (unsigned char)4>(pusch_noise_intf_est::puschRxNoiseIntfEstDynDescr)"
2226234127,2784,75615,35,1,1,128,1,1,16,0.000,0.000,,,,,NVIDIA A100-SXM4-40GB MIG 4g.20gb (0),1,,13,cupy_copy__complex64_complex64
2226250223,1696,75624,1,1,1,1,1,1,18,0.000,0.000,,,,,NVIDIA A100-SXM4-40GB MIG 4g.20gb (0),1,,13,cupy_copy__float32_float32
2226252655,8736,75630,,,,,,,,,,0.000,0.458,Device,Pageable,NVIDIA A100-SXM4-40GB MIG 4g.20gb (0),1,,7,[CUDA memcpy Device-to-Host]
2226339918,12736,75641,1434,1,1,128,1,1,16,0.000,0.000,,,,,NVIDIA A100-SXM4-40GB MIG 4g.20gb (0),1,,13,cupy_copy__complex64_complex64
2226370158,2848,75648,103,1,1,128,1,1,16,0.000,0.000,,,,,NVIDIA A100-SXM4-40GB MIG 4g.20gb (0),1,,13,cupy_copy__complex64_complex64
2226393453,2688,75655,35,1,1,128,1,1,16,0.000,0.000,,,,,NVIDIA A100-SXM4-40GB MIG 4g.20gb (0),1,,13,cupy_copy__complex64_complex64
2226408333,1792,75662,1,1,1,1,1,1,18,0.000,0.000,,,,,NVIDIA A100-SXM4-40GB MIG 4g.20gb (0),1,,13,cupy_copy__float32_float32
2226540172,87678,75673,1,1,1,32,32,1,30,0.000,0.000,,,,,NVIDIA A100-SXM4-40GB MIG 4g.20gb (0),1,,13,"void convert_kernel<__half2, float2>(tensor_layout_any, T1 *, tensor_layout_any, const T2 *)"
2226659562,13664,75676,,,,,,,,,,0.094,6857.142,Pinned,Device,NVIDIA A100-SXM4-40GB MIG 4g.20gb (0),1,,13,[CUDA memcpy Host-to-Device]
2226683594,3552,75677,,,,,,,,,,1.547,435422.601,Device,,NVIDIA A100-SXM4-40GB MIG 4g.20gb (0),1,,13,[CUDA memset]
2226688778,3232,75682,,,,,,,,,,0.031,9683.139,Pinned,Device,NVIDIA A100-SXM4-40GB MIG 4g.20gb (0),1,,13,[CUDA memcpy Host-to-Device]
2226694986,14303,75683,,,,,,,,,,0.197,13745.848,Pinned,Device,NVIDIA A100-SXM4-40GB MIG 4g.20gb (0),1,,13,[CUDA memcpy Host-to-Device]
2226718537,5952,75684,273,1,1,8,4,1,39,0.002,0.000,,,,,NVIDIA A100-SXM4-40GB MIG 4g.20gb (0),1,,13,"void channel_eq::eqMmseCoefCompLowMimoKernel<float, float, float, (unsigned int)4, (unsigned int)1, (unsigned int)4>(const channel_eq::_puschRxChEqStatDescr *, channel_eq::_puschRxChEqCoefCompDynDescr)"
2226727209,5504,75685,273,1,1,12,11,1,51,0.002,0.000,,,,,NVIDIA A100-SXM4-40GB MIG 4g.20gb (0),1,,13,"void channel_eq::eqMmseSoftDemapKernel<float, __half, __half, float, (unsigned int)4, (unsigned short)16383>(channel_eq::_puschRxChEqStatDescr *, channel_eq::_puschRxChEqSoftDemapDynDescr)"
2226735689,282621,75686,1,1,1,32,32,1,30,0.000,0.000,,,,,NVIDIA A100-SXM4-40GB MIG 4g.20gb (0),1,,13,"void convert_kernel<float2, __half2>(tensor_layout_any, T1 *, tensor_layout_any, const T2 *)"
2227019526,11136,75698,2253,1,1,128,1,1,16,0.000,0.000,,,,,NVIDIA A100-SXM4-40GB MIG 4g.20gb (0),1,,13,cupy_copy__float16_float16
2227035525,3008,75707,282,1,1,128,1,1,16,0.000,0.000,,,,,NVIDIA A100-SXM4-40GB MIG 4g.20gb (0),1,,13,cupy_copy__complex64_complex64
2227040869,1952,75716,26,1,1,128,1,1,16,0.000,0.000,,,,,NVIDIA A100-SXM4-40GB MIG 4g.20gb (0),1,,13,cupy_copy__float32_float32
2227044837,3136,75725,103,1,1,128,1,1,16,0.000,0.000,,,,,NVIDIA A100-SXM4-40GB MIG 4g.20gb (0),1,,13,cupy_copy__complex64_complex64
2227050309,12096,75735,1434,1,1,128,1,1,16,0.000,0.000,,,,,NVIDIA A100-SXM4-40GB MIG 4g.20gb (0),1,,13,cupy_copy__complex64_complex64
2227067461,81759,75740,1,1,1,32,32,1,30,0.000,0.000,,,,,NVIDIA A100-SXM4-40GB MIG 4g.20gb (0),1,,13,"void convert_kernel<__half2, float2>(tensor_layout_any, T1 *, tensor_layout_any, const T2 *)"
2227175940,6016,75743,,,,,,,,,,0.094,15574.430,Pinned,Device,NVIDIA A100-SXM4-40GB MIG 4g.20gb (0),1,,13,[CUDA memcpy Host-to-Device]
2227188260,597560,75744,,,,,,,,,,456.561,763827.289,Device,,NVIDIA A100-SXM4-40GB MIG 4g.20gb (0),1,,13,[CUDA memset]
2227793980,143998,75749,,,,,,,,,,1.235,8575.451,Pinned,Device,NVIDIA A100-SXM4-40GB MIG 4g.20gb (0),1,,13,[CUDA memcpy Host-to-Device]
2227951930,36704,75750,,,,,,,,,,0.197,5356.388,Pinned,Device,NVIDIA A100-SXM4-40GB MIG 4g.20gb (0),1,,13,[CUDA memcpy Host-to-Device]
2228015065,7520,75751,69,4,1,48,1,1,76,0.002,0.000,,,,,NVIDIA A100-SXM4-40GB MIG 4g.20gb (0),1,,13,"void ch_est::windowedChEstPreNoDftSOfdmKernel<float, __half, float, (unsigned int)2, (unsigned int)1, (unsigned short)4>(ch_est::puschRxChEstStatDescr_t *, ch_est::puschRxChEstDynDescr_t *)"
2228034745,6880,75752,137,2,1,24,2,1,44,0.001,0.001,,,,,NVIDIA A100-SXM4-40GB MIG 4g.20gb (0),1,,13,"void ch_est::chEstFilterNoDftSOfdmDispatchKernel<float, __half, float, (unsigned int)2>(ch_est::puschRxChEstStatDescr_t *, ch_est::puschRxChEstDynDescr_t *)"
2228052537,4736,75753,137,2,1,24,2,1,44,0.001,0.001,,,,,NVIDIA A100-SXM4-40GB MIG 4g.20gb (0),1,,13,"void ch_est::chEstFilterNoDftSOfdmDispatchKernel<float, __half, float, (unsigned int)2>(ch_est::puschRxChEstStatDescr_t *, ch_est::puschRxChEstDynDescr_t *)"
2228069625,2752,75764,103,1,1,128,1,1,16,0.000,0.000,,,,,NVIDIA A100-SXM4-40GB MIG 4g.20gb (0),1,,13,cupy_copy__complex64_complex64
2228085976,12288,75774,1434,1,1,128,1,1,16,0.000,0.000,,,,,NVIDIA A100-SXM4-40GB MIG 4g.20gb (0),1,,13,cupy_copy__complex64_complex64
2228105688,2880,75781,103,1,1,128,1,1,16,0.000,0.000,,,,,NVIDIA A100-SXM4-40GB MIG 4g.20gb (0),1,,13,cupy_copy__complex64_complex64
2228125240,99007,75788,1,1,1,32,32,1,30,0.000,0.000,,,,,NVIDIA A100-SXM4-40GB MIG 4g.20gb (0),1,,13,"void convert_kernel<__half2, float2>(tensor_layout_any, T1 *, tensor_layout_any, const T2 *)"
2228256822,26400,75791,,,,,,,,,,0.094,3549.017,Pinned,Device,NVIDIA A100-SXM4-40GB MIG 4g.20gb (0),1,,13,[CUDA memcpy Host-to-Device]
2228297750,47167,75792,,,,,,,,,,35.810,759206.114,Device,,NVIDIA A100-SXM4-40GB MIG 4g.20gb (0),1,,13,[CUDA memset]
2228351989,13536,75794,,,,,,,,,,0.000,5.910,Pinned,Device,NVIDIA A100-SXM4-40GB MIG 4g.20gb (0),1,,13,[CUDA memcpy Host-to-Device]
2228374709,27840,75795,,,,,,,,,,0.197,7061.963,Pinned,Device,NVIDIA A100-SXM4-40GB MIG 4g.20gb (0),1,,13,[CUDA memcpy Host-to-Device]
2228430292,10048,75796,273,1,1,48,1,1,40,0.000,0.001,,,,,NVIDIA A100-SXM4-40GB MIG 4g.20gb (0),1,,13,"void pusch_noise_intf_est::noiseIntfEstNoDftSOfdmKernel<float, __half, float, float, (unsigned int)2, (unsigned int)1, (unsigned char)4, (unsigned char)4>(pusch_noise_intf_est::puschRxNoiseIntfEstDynDescr)"
2228446580,2656,75807,35,1,1,128,1,1,16,0.000,0.000,,,,,NVIDIA A100-SXM4-40GB MIG 4g.20gb (0),1,,13,cupy_copy__complex64_complex64
2228463764,1728,75816,1,1,1,1,1,1,18,0.000,0.000,,,,,NVIDIA A100-SXM4-40GB MIG 4g.20gb (0),1,,13,cupy_copy__float32_float32
2228466740,8512,75822,,,,,,,,,,0.000,0.470,Device,Pageable,NVIDIA A100-SXM4-40GB MIG 4g.20gb (0),1,,7,[CUDA memcpy Device-to-Host]
2228554995,12608,75833,1434,1,1,128,1,1,16,0.000,0.000,,,,,NVIDIA A100-SXM4-40GB MIG 4g.20gb (0),1,,13,cupy_copy__complex64_complex64
2228590866,3392,75840,103,1,1,128,1,1,16,0.000,0.000,,,,,NVIDIA A100-SXM4-40GB MIG 4g.20gb (0),1,,13,cupy_copy__complex64_complex64
2228611794,2464,75847,35,1,1,128,1,1,16,0.000,0.000,,,,,NVIDIA A100-SXM4-40GB MIG 4g.20gb (0),1,,13,cupy_copy__complex64_complex64
2228627506,1792,75854,1,1,1,1,1,1,18,0.000,0.000,,,,,NVIDIA A100-SXM4-40GB MIG 4g.20gb (0),1,,13,cupy_copy__float32_float32
2228750960,88575,75865,1,1,1,32,32,1,30,0.000,0.000,,,,,NVIDIA A100-SXM4-40GB MIG 4g.20gb (0),1,,13,"void convert_kernel<__half2, float2>(tensor_layout_any, T1 *, tensor_layout_any, const T2 *)"
2228866863,5408,75868,,,,,,,,,,0.094,17325.421,Pinned,Device,NVIDIA A100-SXM4-40GB MIG 4g.20gb (0),1,,13,[CUDA memcpy Host-to-Device]
2228881391,3584,75869,,,,,,,,,,1.547,431534.389,Device,,NVIDIA A100-SXM4-40GB MIG 4g.20gb (0),1,,13,[CUDA memset]
2228887695,3232,75874,,,,,,,,,,0.031,9683.139,Pinned,Device,NVIDIA A100-SXM4-40GB MIG 4g.20gb (0),1,,13,[CUDA memcpy Host-to-Device]
2228893230,10080,75875,,,,,,,,,,0.197,19504.693,Pinned,Device,NVIDIA A100-SXM4-40GB MIG 4g.20gb (0),1,,13,[CUDA memcpy Host-to-Device]
2228907918,6368,75876,273,1,1,8,4,1,39,0.002,0.000,,,,,NVIDIA A100-SXM4-40GB MIG 4g.20gb (0),1,,13,"void channel_eq::eqMmseCoefCompLowMimoKernel<float, float, float, (unsigned int)4, (unsigned int)1, (unsigned int)4>(const channel_eq::_puschRxChEqStatDescr *, channel_eq::_puschRxChEqCoefCompDynDescr)"
2228917262,6176,75877,273,1,1,12,11,1,51,0.002,0.000,,,,,NVIDIA A100-SXM4-40GB MIG 4g.20gb (0),1,,13,"void channel_eq::eqMmseSoftDemapKernel<float, __half, __half, float, (unsigned int)4, (unsigned short)16383>(channel_eq::_puschRxChEqStatDescr *, channel_eq::_puschRxChEqSoftDemapDynDescr)"
2228924366,282909,75878,1,1,1,32,32,1,30,0.000,0.000,,,,,NVIDIA A100-SXM4-40GB MIG 4g.20gb (0),1,,13,"void convert_kernel<float2, __half2>(tensor_layout_any, T1 *, tensor_layout_any, const T2 *)"
2229208267,10943,75890,2253,1,1,128,1,1,16,0.000,0.000,,,,,NVIDIA A100-SXM4-40GB MIG 4g.20gb (0),1,,13,cupy_copy__float16_float16
2229220490,2880,75899,282,1,1,128,1,1,16,0.000,0.000,,,,,NVIDIA A100-SXM4-40GB MIG 4g.20gb (0),1,,13,cupy_copy__complex64_complex64
2229226538,2272,75908,26,1,1,128,1,1,16,0.000,0.000,,,,,NVIDIA A100-SXM4-40GB MIG 4g.20gb (0),1,,13,cupy_copy__float32_float32
2229230890,4576,75917,103,1,1,128,1,1,16,0.000,0.000,,,,,NVIDIA A100-SXM4-40GB MIG 4g.20gb (0),1,,13,cupy_copy__complex64_complex64
2229238538,12064,75927,1434,1,1,128,1,1,16,0.000,0.000,,,,,NVIDIA A100-SXM4-40GB MIG 4g.20gb (0),1,,13,cupy_copy__complex64_complex64
2229256266,81983,75932,1,1,1,32,32,1,30,0.000,0.000,,,,,NVIDIA A100-SXM4-40GB MIG 4g.20gb (0),1,,13,"void convert_kernel<__half2, float2>(tensor_layout_any, T1 *, tensor_layout_any, const T2 *)"
2229366057,5504,75935,,,,,,,,,,0.094,17023.251,Pinned,Device,NVIDIA A100-SXM4-40GB MIG 4g.20gb (0),1,,13,[CUDA memcpy Host-to-Device]
2229375785,598744,75936,,,,,,,,,,456.561,762457.605,Device,,NVIDIA A100-SXM4-40GB MIG 4g.20gb (0),1,,13,[CUDA memset]
2229982241,115935,75941,,,,,,,,,,1.235,10651.392,Pinned,Device,NVIDIA A100-SXM4-40GB MIG 4g.20gb (0),1,,13,[CUDA memcpy Host-to-Device]
2230106879,19680,75942,,,,,,,,,,0.197,9990.242,Pinned,Device,NVIDIA A100-SXM4-40GB MIG 4g.20gb (0),1,,13,[CUDA memcpy Host-to-Device]
2230134079,8224,75943,69,4,1,48,1,1,76,0.002,0.000,,,,,NVIDIA A100-SXM4-40GB MIG 4g.20gb (0),1,,13,"void ch_est::windowedChEstPreNoDftSOfdmKernel<float, __half, float, (unsigned int)2, (unsigned int)1, (unsigned short)4>(ch_est::puschRxChEstStatDescr_t *, ch_est::puschRxChEstDynDescr_t *)"
2230146687,6912,75944,137,2,1,24,2,1,44,0.001,0.001,,,,,NVIDIA A100-SXM4-40GB MIG 4g.20gb (0),1,,13,"void ch_est::chEstFilterNoDftSOfdmDispatchKernel<float, __half, float, (unsigned int)2>(ch_est::puschRxChEstStatDescr_t *, ch_est::puschRxChEstDynDescr_t *)"
2230157983,6496,75945,137,2,1,24,2,1,44,0.001,0.001,,,,,NVIDIA A100-SXM4-40GB MIG 4g.20gb (0),1,,13,"void ch_est::chEstFilterNoDftSOfdmDispatchKernel<float, __half, float, (unsigned int)2>(ch_est::puschRxChEstStatDescr_t *, ch_est::puschRxChEstDynDescr_t *)"
2230167967,2624,75956,103,1,1,128,1,1,16,0.000,0.000,,,,,NVIDIA A100-SXM4-40GB MIG 4g.20gb (0),1,,13,cupy_copy__complex64_complex64
2230171807,12640,75966,1434,1,1,128,1,1,16,0.000,0.000,,,,,NVIDIA A100-SXM4-40GB MIG 4g.20gb (0),1,,13,cupy_copy__complex64_complex64
2230188606,2976,75973,103,1,1,128,1,1,16,0.000,0.000,,,,,NVIDIA A100-SXM4-40GB MIG 4g.20gb (0),1,,13,cupy_copy__complex64_complex64
2230196446,87455,75980,1,1,1,32,32,1,30,0.000,0.000,,,,,NVIDIA A100-SXM4-40GB MIG 4g.20gb (0),1,,13,"void convert_kernel<__half2, float2>(tensor_layout_any, T1 *, tensor_layout_any, const T2 *)"
2230311037,5888,75983,,,,,,,,,,0.094,15912.954,Pinned,Device,NVIDIA A100-SXM4-40GB MIG 4g.20gb (0),1,,13,[CUDA memcpy Host-to-Device]
2230322781,47231,75984,,,,,,,,,,35.810,758167.626,Device,,NVIDIA A100-SXM4-40GB MIG 4g.20gb (0),1,,13,[CUDA memset]
2230376828,3904,75986,,,,,,,,,,0.000,20.492,Pinned,Device,NVIDIA A100-SXM4-40GB MIG 4g.20gb (0),1,,13,[CUDA memcpy Host-to-Device]
2230385340,13728,75987,,,,,,,,,,0.197,14321.517,Pinned,Device,NVIDIA A100-SXM4-40GB MIG 4g.20gb (0),1,,13,[CUDA memcpy Host-to-Device]
2230406236,10176,75988,273,1,1,48,1,1,40,0.000,0.001,,,,,NVIDIA A100-SXM4-40GB MIG 4g.20gb (0),1,,13,"void pusch_noise_intf_est::noiseIntfEstNoDftSOfdmKernel<float, __half, float, float, (unsigned int)2, (unsigned int)1, (unsigned char)4, (unsigned char)4>(pusch_noise_intf_est::puschRxNoiseIntfEstDynDescr)"
2230422428,2816,75999,35,1,1,128,1,1,16,0.000,0.000,,,,,NVIDIA A100-SXM4-40GB MIG 4g.20gb (0),1,,13,cupy_copy__complex64_complex64
2230431931,1920,76008,1,1,1,1,1,1,18,0.000,0.000,,,,,NVIDIA A100-SXM4-40GB MIG 4g.20gb (0),1,,13,cupy_copy__float32_float32
2230462267,2016,76014,,,,,,,,,,0.000,1.984,Device,Pageable,NVIDIA A100-SXM4-40GB MIG 4g.20gb (0),1,,7,[CUDA memcpy Device-to-Host]
2230525594,13344,76025,1434,1,1,128,1,1,16,0.000,0.000,,,,,NVIDIA A100-SXM4-40GB MIG 4g.20gb (0),1,,13,cupy_copy__complex64_complex64
2230552090,2944,76032,103,1,1,128,1,1,16,0.000,0.000,,,,,NVIDIA A100-SXM4-40GB MIG 4g.20gb (0),1,,13,cupy_copy__complex64_complex64
2230573658,2176,76039,35,1,1,128,1,1,16,0.000,0.000,,,,,NVIDIA A100-SXM4-40GB MIG 4g.20gb (0),1,,13,cupy_copy__complex64_complex64
2230591961,1984,76046,1,1,1,1,1,1,18,0.000,0.000,,,,,NVIDIA A100-SXM4-40GB MIG 4g.20gb (0),1,,13,cupy_copy__float32_float32
2230722520,86847,76057,1,1,1,32,32,1,30,0.000,0.000,,,,,NVIDIA A100-SXM4-40GB MIG 4g.20gb (0),1,,13,"void convert_kernel<__half2, float2>(tensor_layout_any, T1 *, tensor_layout_any, const T2 *)"
2230837206,5536,76060,,,,,,,,,,0.094,16924.777,Pinned,Device,NVIDIA A100-SXM4-40GB MIG 4g.20gb (0),1,,13,[CUDA memcpy Host-to-Device]
2230858870,3488,76061,,,,,,,,,,1.547,443412.461,Device,,NVIDIA A100-SXM4-40GB MIG 4g.20gb (0),1,,13,[CUDA memset]
2230866166,3424,76066,,,,,,,,,,0.031,9140.185,Pinned,Device,NVIDIA A100-SXM4-40GB MIG 4g.20gb (0),1,,13,[CUDA memcpy Host-to-Device]
2230872342,9728,76067,,,,,,,,,,0.197,20210.516,Pinned,Device,NVIDIA A100-SXM4-40GB MIG 4g.20gb (0),1,,13,[CUDA memcpy Host-to-Device]
2230886518,6400,76068,273,1,1,8,4,1,39,0.002,0.000,,,,,NVIDIA A100-SXM4-40GB MIG 4g.20gb (0),1,,13,"void channel_eq::eqMmseCoefCompLowMimoKernel<float, float, float, (unsigned int)4, (unsigned int)1, (unsigned int)4>(const channel_eq::_puschRxChEqStatDescr *, channel_eq::_puschRxChEqCoefCompDynDescr)"
2230895830,6752,76069,273,1,1,12,11,1,51,0.002,0.000,,,,,NVIDIA A100-SXM4-40GB MIG 4g.20gb (0),1,,13,"void channel_eq::eqMmseSoftDemapKernel<float, __half, __half, float, (unsigned int)4, (unsigned short)16383>(channel_eq::_puschRxChEqStatDescr *, channel_eq::_puschRxChEqSoftDemapDynDescr)"
2230904022,294428,76070,1,1,1,32,32,1,30,0.000,0.000,,,,,NVIDIA A100-SXM4-40GB MIG 4g.20gb (0),1,,13,"void convert_kernel<float2, __half2>(tensor_layout_any, T1 *, tensor_layout_any, const T2 *)"
2231201490,11040,76082,2253,1,1,128,1,1,16,0.000,0.000,,,,,NVIDIA A100-SXM4-40GB MIG 4g.20gb (0),1,,13,cupy_copy__float16_float16
2231215346,2976,76091,282,1,1,128,1,1,16,0.000,0.000,,,,,NVIDIA A100-SXM4-40GB MIG 4g.20gb (0),1,,13,cupy_copy__complex64_complex64
2231220114,2112,76100,26,1,1,128,1,1,16,0.000,0.000,,,,,NVIDIA A100-SXM4-40GB MIG 4g.20gb (0),1,,13,cupy_copy__float32_float32
2231224818,3200,76109,103,1,1,128,1,1,16,0.000,0.000,,,,,NVIDIA A100-SXM4-40GB MIG 4g.20gb (0),1,,13,cupy_copy__complex64_complex64
2231228978,11807,76119,1434,1,1,128,1,1,16,0.000,0.000,,,,,NVIDIA A100-SXM4-40GB MIG 4g.20gb (0),1,,13,cupy_copy__complex64_complex64
2231243281,83295,76124,1,1,1,32,32,1,30,0.000,0.000,,,,,NVIDIA A100-SXM4-40GB MIG 4g.20gb (0),1,,13,"void convert_kernel<__half2, float2>(tensor_layout_any, T1 *, tensor_layout_any, const T2 *)"
2231353648,5664,76127,,,,,,,,,,0.094,16542.310,Pinned,Device,NVIDIA A100-SXM4-40GB MIG 4g.20gb (0),1,,13,[CUDA memcpy Host-to-Device]
2231364496,598201,76128,,,,,,,,,,456.561,762914.166,Device,,NVIDIA A100-SXM4-40GB MIG 4g.20gb (0),1,,13,[CUDA memset]
2231970824,156863,76133,,,,,,,,,,1.235,7871.533,Pinned,Device,NVIDIA A100-SXM4-40GB MIG 4g.20gb (0),1,,13,[CUDA memcpy Host-to-Device]
2232143046,40320,76134,,,,,,,,,,0.197,4876.075,Pinned,Device,NVIDIA A100-SXM4-40GB MIG 4g.20gb (0),1,,13,[CUDA memcpy Host-to-Device]
2232200870,8063,76135,69,4,1,48,1,1,76,0.002,0.000,,,,,NVIDIA A100-SXM4-40GB MIG 4g.20gb (0),1,,13,"void ch_est::windowedChEstPreNoDftSOfdmKernel<float, __half, float, (unsigned int)2, (unsigned int)1, (unsigned short)4>(ch_est::puschRxChEstStatDescr_t *, ch_est::puschRxChEstDynDescr_t *)"
2232220357,6688,76136,137,2,1,24,2,1,44,0.001,0.001,,,,,NVIDIA A100-SXM4-40GB MIG 4g.20gb (0),1,,13,"void ch_est::chEstFilterNoDftSOfdmDispatchKernel<float, __half, float, (unsigned int)2>(ch_est::puschRxChEstStatDescr_t *, ch_est::puschRxChEstDynDescr_t *)"
2232236677,4736,76137,137,2,1,24,2,1,44,0.001,0.001,,,,,NVIDIA A100-SXM4-40GB MIG 4g.20gb (0),1,,13,"void ch_est::chEstFilterNoDftSOfdmDispatchKernel<float, __half, float, (unsigned int)2>(ch_est::puschRxChEstStatDescr_t *, ch_est::puschRxChEstDynDescr_t *)"
2232253317,2496,76148,103,1,1,128,1,1,16,0.000,0.000,,,,,NVIDIA A100-SXM4-40GB MIG 4g.20gb (0),1,,13,cupy_copy__complex64_complex64
2232269125,12384,76158,1434,1,1,128,1,1,16,0.000,0.000,,,,,NVIDIA A100-SXM4-40GB MIG 4g.20gb (0),1,,13,cupy_copy__complex64_complex64
2232302756,2688,76165,103,1,1,128,1,1,16,0.000,0.000,,,,,NVIDIA A100-SXM4-40GB MIG 4g.20gb (0),1,,13,cupy_copy__complex64_complex64
2232314116,83231,76172,1,1,1,32,32,1,30,0.000,0.000,,,,,NVIDIA A100-SXM4-40GB MIG 4g.20gb (0),1,,13,"void convert_kernel<__half2, float2>(tensor_layout_any, T1 *, tensor_layout_any, const T2 *)"
2232424547,5440,76175,,,,,,,,,,0.094,17223.480,Pinned,Device,NVIDIA A100-SXM4-40GB MIG 4g.20gb (0),1,,13,[CUDA memcpy Host-to-Device]
2232439299,47743,76176,,,,,,,,,,35.810,750038.774,Device,,NVIDIA A100-SXM4-40GB MIG 4g.20gb (0),1,,13,[CUDA memset]
2232491554,3680,76178,,,,,,,,,,0.000,21.739,Pinned,Device,NVIDIA A100-SXM4-40GB MIG 4g.20gb (0),1,,13,[CUDA memcpy Host-to-Device]
2232500610,12672,76179,,,,,,,,,,0.197,15515.124,Pinned,Device,NVIDIA A100-SXM4-40GB MIG 4g.20gb (0),1,,13,[CUDA memcpy Host-to-Device]
2232522626,9631,76180,273,1,1,48,1,1,40,0.000,0.001,,,,,NVIDIA A100-SXM4-40GB MIG 4g.20gb (0),1,,13,"void pusch_noise_intf_est::noiseIntfEstNoDftSOfdmKernel<float, __half, float, float, (unsigned int)2, (unsigned int)1, (unsigned char)4, (unsigned char)4>(pusch_noise_intf_est::puschRxNoiseIntfEstDynDescr)"
2232536865,2976,76191,35,1,1,128,1,1,16,0.000,0.000,,,,,NVIDIA A100-SXM4-40GB MIG 4g.20gb (0),1,,13,cupy_copy__complex64_complex64
2232543809,1984,76200,1,1,1,1,1,1,18,0.000,0.000,,,,,NVIDIA A100-SXM4-40GB MIG 4g.20gb (0),1,,13,cupy_copy__float32_float32
2232579233,1568,76206,,,,,,,,,,0.000,2.551,Device,Pageable,NVIDIA A100-SXM4-40GB MIG 4g.20gb (0),1,,7,[CUDA memcpy Device-to-Host]
2232640608,13088,76217,1434,1,1,128,1,1,16,0.000,0.000,,,,,NVIDIA A100-SXM4-40GB MIG 4g.20gb (0),1,,13,cupy_copy__complex64_complex64
2232666080,2752,76224,103,1,1,128,1,1,16,0.000,0.000,,,,,NVIDIA A100-SXM4-40GB MIG 4g.20gb (0),1,,13,cupy_copy__complex64_complex64
2232686368,2560,76231,35,1,1,128,1,1,16,0.000,0.000,,,,,NVIDIA A100-SXM4-40GB MIG 4g.20gb (0),1,,13,cupy_copy__complex64_complex64
2232704223,1760,76238,1,1,1,1,1,1,18,0.000,0.000,,,,,NVIDIA A100-SXM4-40GB MIG 4g.20gb (0),1,,13,cupy_copy__float32_float32
2232836638,87583,76249,1,1,1,32,32,1,30,0.000,0.000,,,,,NVIDIA A100-SXM4-40GB MIG 4g.20gb (0),1,,13,"void convert_kernel<__half2, float2>(tensor_layout_any, T1 *, tensor_layout_any, const T2 *)"
2232951900,5856,76252,,,,,,,,,,0.094,15999.997,Pinned,Device,NVIDIA A100-SXM4-40GB MIG 4g.20gb (0),1,,13,[CUDA memcpy Host-to-Device]
2232966460,3552,76253,,,,,,,,,,1.547,435422.601,Device,,NVIDIA A100-SXM4-40GB MIG 4g.20gb (0),1,,13,[CUDA memset]
2232973052,3328,76258,,,,,,,,,,0.031,9403.822,Pinned,Device,NVIDIA A100-SXM4-40GB MIG 4g.20gb (0),1,,13,[CUDA memcpy Host-to-Device]
2232978908,9888,76259,,,,,,,,,,0.197,19883.360,Pinned,Device,NVIDIA A100-SXM4-40GB MIG 4g.20gb (0),1,,13,[CUDA memcpy Host-to-Device]
2232994556,6304,76260,273,1,1,8,4,1,39,0.002,0.000,,,,,NVIDIA A100-SXM4-40GB MIG 4g.20gb (0),1,,13,"void channel_eq::eqMmseCoefCompLowMimoKernel<float, float, float, (unsigned int)4, (unsigned int)1, (unsigned int)4>(const channel_eq::_puschRxChEqStatDescr *, channel_eq::_puschRxChEqCoefCompDynDescr)"
2233002556,5856,76261,273,1,1,12,11,1,51,0.002,0.000,,,,,NVIDIA A100-SXM4-40GB MIG 4g.20gb (0),1,,13,"void channel_eq::eqMmseSoftDemapKernel<float, __half, __half, float, (unsigned int)4, (unsigned short)16383>(channel_eq::_puschRxChEqStatDescr *, channel_eq::_puschRxChEqSoftDemapDynDescr)"
2233009692,282716,76262,1,1,1,32,32,1,30,0.000,0.000,,,,,NVIDIA A100-SXM4-40GB MIG 4g.20gb (0),1,,13,"void convert_kernel<float2, __half2>(tensor_layout_any, T1 *, tensor_layout_any, const T2 *)"
2233294328,10944,76274,2253,1,1,128,1,1,16,0.000,0.000,,,,,NVIDIA A100-SXM4-40GB MIG 4g.20gb (0),1,,13,cupy_copy__float16_float16
2233306680,3488,76283,282,1,1,128,1,1,16,0.000,0.000,,,,,NVIDIA A100-SXM4-40GB MIG 4g.20gb (0),1,,13,cupy_copy__complex64_complex64
2233311288,2048,76292,26,1,1,128,1,1,16,0.000,0.000,,,,,NVIDIA A100-SXM4-40GB MIG 4g.20gb (0),1,,13,cupy_copy__float32_float32
2233316664,4512,76301,103,1,1,128,1,1,16,0.000,0.000,,,,,NVIDIA A100-SXM4-40GB MIG 4g.20gb (0),1,,13,cupy_copy__complex64_complex64
2233322328,12064,76311,1434,1,1,128,1,1,16,0.000,0.000,,,,,NVIDIA A100-SXM4-40GB MIG 4g.20gb (0),1,,13,cupy_copy__complex64_complex64
2233345399,81535,76316,1,1,1,32,32,1,30,0.000,0.000,,,,,NVIDIA A100-SXM4-40GB MIG 4g.20gb (0),1,,13,"void convert_kernel<__half2, float2>(tensor_layout_any, T1 *, tensor_layout_any, const T2 *)"
2233453494,5472,76319,,,,,,,,,,0.094,17122.757,Pinned,Device,NVIDIA A100-SXM4-40GB MIG 4g.20gb (0),1,,13,[CUDA memcpy Host-to-Device]
2233467478,599097,76320,,,,,,,,,,456.561,762001.043,Device,,NVIDIA A100-SXM4-40GB MIG 4g.20gb (0),1,,13,[CUDA memset]
2234071022,137407,76325,,,,,,,,,,1.235,8986.687,Pinned,Device,NVIDIA A100-SXM4-40GB MIG 4g.20gb (0),1,,13,[CUDA memcpy Host-to-Device]
2234220077,39647,76326,,,,,,,,,,0.197,4958.847,Pinned,Device,NVIDIA A100-SXM4-40GB MIG 4g.20gb (0),1,,13,[CUDA memcpy Host-to-Device]
2234283244,8384,76327,69,4,1,48,1,1,76,0.002,0.000,,,,,NVIDIA A100-SXM4-40GB MIG 4g.20gb (0),1,,13,"void ch_est::windowedChEstPreNoDftSOfdmKernel<float, __half, float, (unsigned int)2, (unsigned int)1, (unsigned short)4>(ch_est::puschRxChEstStatDescr_t *, ch_est::puschRxChEstDynDescr_t *)"
2234302860,6496,76328,137,2,1,24,2,1,44,0.001,0.001,,,,,NVIDIA A100-SXM4-40GB MIG 4g.20gb (0),1,,13,"void ch_est::chEstFilterNoDftSOfdmDispatchKernel<float, __half, float, (unsigned int)2>(ch_est::puschRxChEstStatDescr_t *, ch_est::puschRxChEstDynDescr_t *)"
2234319627,4704,76329,137,2,1,24,2,1,44,0.001,0.001,,,,,NVIDIA A100-SXM4-40GB MIG 4g.20gb (0),1,,13,"void ch_est::chEstFilterNoDftSOfdmDispatchKernel<float, __half, float, (unsigned int)2>(ch_est::puschRxChEstStatDescr_t *, ch_est::puschRxChEstDynDescr_t *)"
2234336939,2592,76340,103,1,1,128,1,1,16,0.000,0.000,,,,,NVIDIA A100-SXM4-40GB MIG 4g.20gb (0),1,,13,cupy_copy__complex64_complex64
2234353771,12480,76350,1434,1,1,128,1,1,16,0.000,0.000,,,,,NVIDIA A100-SXM4-40GB MIG 4g.20gb (0),1,,13,cupy_copy__complex64_complex64
2234379083,2528,76357,103,1,1,128,1,1,16,0.000,0.000,,,,,NVIDIA A100-SXM4-40GB MIG 4g.20gb (0),1,,13,cupy_copy__complex64_complex64
2234401674,90879,76364,1,1,1,32,32,1,30,0.000,0.000,,,,,NVIDIA A100-SXM4-40GB MIG 4g.20gb (0),1,,13,"void convert_kernel<__half2, float2>(tensor_layout_any, T1 *, tensor_layout_any, const T2 *)"
2234528073,25952,76367,,,,,,,,,,0.094,3610.294,Pinned,Device,NVIDIA A100-SXM4-40GB MIG 4g.20gb (0),1,,13,[CUDA memcpy Host-to-Device]
2234569256,47392,76368,,,,,,,,,,35.810,755589.312,Device,,NVIDIA A100-SXM4-40GB MIG 4g.20gb (0),1,,13,[CUDA memset]
2234618888,10432,76370,,,,,,,,,,0.000,7.669,Pinned,Device,NVIDIA A100-SXM4-40GB MIG 4g.20gb (0),1,,13,[CUDA memcpy Host-to-Device]
2234643239,20512,76371,,,,,,,,,,0.197,9584.837,Pinned,Device,NVIDIA A100-SXM4-40GB MIG 4g.20gb (0),1,,13,[CUDA memcpy Host-to-Device]
2234680999,10848,76372,273,1,1,48,1,1,40,0.000,0.001,,,,,NVIDIA A100-SXM4-40GB MIG 4g.20gb (0),1,,13,"void pusch_noise_intf_est::noiseIntfEstNoDftSOfdmKernel<float, __half, float, float, (unsigned int)2, (unsigned int)1, (unsigned char)4, (unsigned char)4>(pusch_noise_intf_est::puschRxNoiseIntfEstDynDescr)"
2234696103,3104,76383,35,1,1,128,1,1,16,0.000,0.000,,,,,NVIDIA A100-SXM4-40GB MIG 4g.20gb (0),1,,13,cupy_copy__complex64_complex64
2234704071,1920,76392,1,1,1,1,1,1,18,0.000,0.000,,,,,NVIDIA A100-SXM4-40GB MIG 4g.20gb (0),1,,13,cupy_copy__float32_float32
2234714087,4511,76398,,,,,,,,,,0.000,0.887,Device,Pageable,NVIDIA A100-SXM4-40GB MIG 4g.20gb (0),1,,7,[CUDA memcpy Device-to-Host]
2234782438,12800,76409,1434,1,1,128,1,1,16,0.000,0.000,,,,,NVIDIA A100-SXM4-40GB MIG 4g.20gb (0),1,,13,cupy_copy__complex64_complex64
2234813477,3456,76416,103,1,1,128,1,1,16,0.000,0.000,,,,,NVIDIA A100-SXM4-40GB MIG 4g.20gb (0),1,,13,cupy_copy__complex64_complex64
2234830341,2176,76423,35,1,1,128,1,1,16,0.000,0.000,,,,,NVIDIA A100-SXM4-40GB MIG 4g.20gb (0),1,,13,cupy_copy__complex64_complex64
2234857381,1760,76430,1,1,1,1,1,1,18,0.000,0.000,,,,,NVIDIA A100-SXM4-40GB MIG 4g.20gb (0),1,,13,cupy_copy__float32_float32
2234989411,81951,76441,1,1,1,32,32,1,30,0.000,0.000,,,,,NVIDIA A100-SXM4-40GB MIG 4g.20gb (0),1,,13,"void convert_kernel<__half2, float2>(tensor_layout_any, T1 *, tensor_layout_any, const T2 *)"
2235099490,5824,76444,,,,,,,,,,0.094,16087.884,Pinned,Device,NVIDIA A100-SXM4-40GB MIG 4g.20gb (0),1,,13,[CUDA memcpy Host-to-Device]
2235113378,3328,76445,,,,,,,,,,1.547,464729.580,Device,,NVIDIA A100-SXM4-40GB MIG 4g.20gb (0),1,,13,[CUDA memset]
2235120418,3007,76450,,,,,,,,,,0.031,10407.704,Pinned,Device,NVIDIA A100-SXM4-40GB MIG 4g.20gb (0),1,,13,[CUDA memcpy Host-to-Device]
2235126625,9824,76451,,,,,,,,,,0.197,20012.925,Pinned,Device,NVIDIA A100-SXM4-40GB MIG 4g.20gb (0),1,,13,[CUDA memcpy Host-to-Device]
2235139809,6272,76452,273,1,1,8,4,1,39,0.002,0.000,,,,,NVIDIA A100-SXM4-40GB MIG 4g.20gb (0),1,,13,"void channel_eq::eqMmseCoefCompLowMimoKernel<float, float, float, (unsigned int)4, (unsigned int)1, (unsigned int)4>(const channel_eq::_puschRxChEqStatDescr *, channel_eq::_puschRxChEqCoefCompDynDescr)"
2235147073,6368,76453,273,1,1,12,11,1,51,0.002,0.000,,,,,NVIDIA A100-SXM4-40GB MIG 4g.20gb (0),1,,13,"void channel_eq::eqMmseSoftDemapKernel<float, __half, __half, float, (unsigned int)4, (unsigned short)16383>(channel_eq::_puschRxChEqStatDescr *, channel_eq::_puschRxChEqSoftDemapDynDescr)"
2235154401,282397,76454,1,1,1,32,32,1,30,0.000,0.000,,,,,NVIDIA A100-SXM4-40GB MIG 4g.20gb (0),1,,13,"void convert_kernel<float2, __half2>(tensor_layout_any, T1 *, tensor_layout_any, const T2 *)"
2235439262,10911,76466,2253,1,1,128,1,1,16,0.000,0.000,,,,,NVIDIA A100-SXM4-40GB MIG 4g.20gb (0),1,,13,cupy_copy__float16_float16
2235455325,2752,76475,282,1,1,128,1,1,16,0.000,0.000,,,,,NVIDIA A100-SXM4-40GB MIG 4g.20gb (0),1,,13,cupy_copy__complex64_complex64
2235460605,2272,76484,26,1,1,128,1,1,16,0.000,0.000,,,,,NVIDIA A100-SXM4-40GB MIG 4g.20gb (0),1,,13,cupy_copy__float32_float32
2235463933,3040,76493,103,1,1,128,1,1,16,0.000,0.000,,,,,NVIDIA A100-SXM4-40GB MIG 4g.20gb (0),1,,13,cupy_copy__complex64_complex64
2235468029,11936,76503,1434,1,1,128,1,1,16,0.000,0.000,,,,,NVIDIA A100-SXM4-40GB MIG 4g.20gb (0),1,,13,cupy_copy__complex64_complex64
2235488509,86015,76508,1,1,1,32,32,1,30,0.000,0.000,,,,,NVIDIA A100-SXM4-40GB MIG 4g.20gb (0),1,,13,"void convert_kernel<__half2, float2>(tensor_layout_any, T1 *, tensor_layout_any, const T2 *)"
2235601116,5727,76511,,,,,,,,,,0.094,16360.352,Pinned,Device,NVIDIA A100-SXM4-40GB MIG 4g.20gb (0),1,,13,[CUDA memcpy Host-to-Device]
2235611451,597369,76512,,,,,,,,,,456.561,764283.851,Device,,NVIDIA A100-SXM4-40GB MIG 4g.20gb (0),1,,13,[CUDA memset]
2236214932,131742,76517,,,,,,,,,,1.235,9373.225,Pinned,Device,NVIDIA A100-SXM4-40GB MIG 4g.20gb (0),1,,13,[CUDA memcpy Host-to-Device]
2236359698,39904,76518,,,,,,,,,,0.197,4926.996,Pinned,Device,NVIDIA A100-SXM4-40GB MIG 4g.20gb (0),1,,13,[CUDA memcpy Host-to-Device]
2236429265,8160,76519,69,4,1,48,1,1,76,0.002,0.000,,,,,NVIDIA A100-SXM4-40GB MIG 4g.20gb (0),1,,13,"void ch_est::windowedChEstPreNoDftSOfdmKernel<float, __half, float, (unsigned int)2, (unsigned int)1, (unsigned short)4>(ch_est::puschRxChEstStatDescr_t *, ch_est::puschRxChEstDynDescr_t *)"
2236447217,6656,76520,137,2,1,24,2,1,44,0.001,0.001,,,,,NVIDIA A100-SXM4-40GB MIG 4g.20gb (0),1,,13,"void ch_est::chEstFilterNoDftSOfdmDispatchKernel<float, __half, float, (unsigned int)2>(ch_est::puschRxChEstStatDescr_t *, ch_est::puschRxChEstDynDescr_t *)"
2236466609,4736,76521,137,2,1,24,2,1,44,0.001,0.001,,,,,NVIDIA A100-SXM4-40GB MIG 4g.20gb (0),1,,13,"void ch_est::chEstFilterNoDftSOfdmDispatchKernel<float, __half, float, (unsigned int)2>(ch_est::puschRxChEstStatDescr_t *, ch_est::puschRxChEstDynDescr_t *)"
2236483409,2656,76532,103,1,1,128,1,1,16,0.000,0.000,,,,,NVIDIA A100-SXM4-40GB MIG 4g.20gb (0),1,,13,cupy_copy__complex64_complex64
2236500880,12608,76542,1434,1,1,128,1,1,16,0.000,0.000,,,,,NVIDIA A100-SXM4-40GB MIG 4g.20gb (0),1,,13,cupy_copy__complex64_complex64
2236522576,2560,76549,103,1,1,128,1,1,16,0.000,0.000,,,,,NVIDIA A100-SXM4-40GB MIG 4g.20gb (0),1,,13,cupy_copy__complex64_complex64
2236545744,95487,76556,1,1,1,32,32,1,30,0.000,0.000,,,,,NVIDIA A100-SXM4-40GB MIG 4g.20gb (0),1,,13,"void convert_kernel<__half2, float2>(tensor_layout_any, T1 *, tensor_layout_any, const T2 *)"
2236672974,26496,76559,,,,,,,,,,0.094,3536.181,Pinned,Device,NVIDIA A100-SXM4-40GB MIG 4g.20gb (0),1,,13,[CUDA memcpy Host-to-Device]
2236729966,46463,76560,,,,,,,,,,35.810,770701.098,Device,,NVIDIA A100-SXM4-40GB MIG 4g.20gb (0),1,,13,[CUDA memset]
2236781485,11712,76562,,,,,,,,,,0.000,6.831,Pinned,Device,NVIDIA A100-SXM4-40GB MIG 4g.20gb (0),1,,13,[CUDA memcpy Host-to-Device]
2236803917,20031,76563,,,,,,,,,,0.197,9815.065,Pinned,Device,NVIDIA A100-SXM4-40GB MIG 4g.20gb (0),1,,13,[CUDA memcpy Host-to-Device]
2236841932,10048,76564,273,1,1,48,1,1,40,0.000,0.001,,,,,NVIDIA A100-SXM4-40GB MIG 4g.20gb (0),1,,13,"void pusch_noise_intf_est::noiseIntfEstNoDftSOfdmKernel<float, __half, float, float, (unsigned int)2, (unsigned int)1, (unsigned char)4, (unsigned char)4>(pusch_noise_intf_est::puschRxNoiseIntfEstDynDescr)"
2236858988,2592,76575,35,1,1,128,1,1,16,0.000,0.000,,,,,NVIDIA A100-SXM4-40GB MIG 4g.20gb (0),1,,13,cupy_copy__complex64_complex64
2236875468,1696,76584,1,1,1,1,1,1,18,0.000,0.000,,,,,NVIDIA A100-SXM4-40GB MIG 4g.20gb (0),1,,13,cupy_copy__float32_float32
2236881868,5536,76590,,,,,,,,,,0.000,0.723,Device,Pageable,NVIDIA A100-SXM4-40GB MIG 4g.20gb (0),1,,7,[CUDA memcpy Device-to-Host]
2236971531,12767,76601,1434,1,1,128,1,1,16,0.000,0.000,,,,,NVIDIA A100-SXM4-40GB MIG 4g.20gb (0),1,,13,cupy_copy__complex64_complex64
2236993738,3392,76608,103,1,1,128,1,1,16,0.000,0.000,,,,,NVIDIA A100-SXM4-40GB MIG 4g.20gb (0),1,,13,cupy_copy__complex64_complex64
2237019466,2304,76615,35,1,1,128,1,1,16,0.000,0.000,,,,,NVIDIA A100-SXM4-40GB MIG 4g.20gb (0),1,,13,cupy_copy__complex64_complex64
2237038986,1824,76622,1,1,1,1,1,1,18,0.000,0.000,,,,,NVIDIA A100-SXM4-40GB MIG 4g.20gb (0),1,,13,cupy_copy__float32_float32
2237163016,87071,76633,1,1,1,32,32,1,30,0.000,0.000,,,,,NVIDIA A100-SXM4-40GB MIG 4g.20gb (0),1,,13,"void convert_kernel<__half2, float2>(tensor_layout_any, T1 *, tensor_layout_any, const T2 *)"
2237281255,7520,76636,,,,,,,,,,0.094,12459.507,Pinned,Device,NVIDIA A100-SXM4-40GB MIG 4g.20gb (0),1,,13,[CUDA memcpy Host-to-Device]
2237294855,3488,76637,,,,,,,,,,1.547,443412.461,Device,,NVIDIA A100-SXM4-40GB MIG 4g.20gb (0),1,,13,[CUDA memset]
2237300327,4895,76642,,,,,,,,,,0.031,6393.460,Pinned,Device,NVIDIA A100-SXM4-40GB MIG 4g.20gb (0),1,,13,[CUDA memcpy Host-to-Device]
2237308262,10560,76643,,,,,,,,,,0.197,18617.991,Pinned,Device,NVIDIA A100-SXM4-40GB MIG 4g.20gb (0),1,,13,[CUDA memcpy Host-to-Device]
2237323110,8064,76644,273,1,1,8,4,1,39,0.002,0.000,,,,,NVIDIA A100-SXM4-40GB MIG 4g.20gb (0),1,,13,"void channel_eq::eqMmseCoefCompLowMimoKernel<float, float, float, (unsigned int)4, (unsigned int)1, (unsigned int)4>(const channel_eq::_puschRxChEqStatDescr *, channel_eq::_puschRxChEqCoefCompDynDescr)"
2237333030,8288,76645,273,1,1,12,11,1,51,0.002,0.000,,,,,NVIDIA A100-SXM4-40GB MIG 4g.20gb (0),1,,13,"void channel_eq::eqMmseSoftDemapKernel<float, __half, __half, float, (unsigned int)4, (unsigned short)16383>(channel_eq::_puschRxChEqStatDescr *, channel_eq::_puschRxChEqSoftDemapDynDescr)"
2237342822,283325,76646,1,1,1,32,32,1,30,0.000,0.000,,,,,NVIDIA A100-SXM4-40GB MIG 4g.20gb (0),1,,13,"void convert_kernel<float2, __half2>(tensor_layout_any, T1 *, tensor_layout_any, const T2 *)"
2237627235,11263,76658,2253,1,1,128,1,1,16,0.000,0.000,,,,,NVIDIA A100-SXM4-40GB MIG 4g.20gb (0),1,,13,cupy_copy__float16_float16
2237640066,3168,76667,282,1,1,128,1,1,16,0.000,0.000,,,,,NVIDIA A100-SXM4-40GB MIG 4g.20gb (0),1,,13,cupy_copy__complex64_complex64
2237646562,2112,76676,26,1,1,128,1,1,16,0.000,0.000,,,,,NVIDIA A100-SXM4-40GB MIG 4g.20gb (0),1,,13,cupy_copy__float32_float32
2237650562,4992,76685,103,1,1,128,1,1,16,0.000,0.000,,,,,NVIDIA A100-SXM4-40GB MIG 4g.20gb (0),1,,13,cupy_copy__complex64_complex64
2237656674,11968,76695,1434,1,1,128,1,1,16,0.000,0.000,,,,,NVIDIA A100-SXM4-40GB MIG 4g.20gb (0),1,,13,cupy_copy__complex64_complex64
2237673442,81919,76700,1,1,1,32,32,1,30,0.000,0.000,,,,,NVIDIA A100-SXM4-40GB MIG 4g.20gb (0),1,,13,"void convert_kernel<__half2, float2>(tensor_layout_any, T1 *, tensor_layout_any, const T2 *)"
2237782721,5600,76703,,,,,,,,,,0.094,16731.388,Pinned,Device,NVIDIA A100-SXM4-40GB MIG 4g.20gb (0),1,,13,[CUDA memcpy Host-to-Device]
2237792576,596921,76704,,,,,,,,,,456.561,764740.412,Device,,NVIDIA A100-SXM4-40GB MIG 4g.20gb (0),1,,13,[CUDA memset]
2238393529,136350,76709,,,,,,,,,,1.235,9057.079,Pinned,Device,NVIDIA A100-SXM4-40GB MIG 4g.20gb (0),1,,13,[CUDA memcpy Host-to-Device]
2238539799,28768,76710,,,,,,,,,,0.197,6834.094,Pinned,Device,NVIDIA A100-SXM4-40GB MIG 4g.20gb (0),1,,13,[CUDA memcpy Host-to-Device]
2238577623,8320,76711,69,4,1,48,1,1,76,0.002,0.000,,,,,NVIDIA A100-SXM4-40GB MIG 4g.20gb (0),1,,13,"void ch_est::windowedChEstPreNoDftSOfdmKernel<float, __half, float, (unsigned int)2, (unsigned int)1, (unsigned short)4>(ch_est::puschRxChEstStatDescr_t *, ch_est::puschRxChEstDynDescr_t *)"
2238591191,6400,76712,137,2,1,24,2,1,44,0.001,0.001,,,,,NVIDIA A100-SXM4-40GB MIG 4g.20gb (0),1,,13,"void ch_est::chEstFilterNoDftSOfdmDispatchKernel<float, __half, float, (unsigned int)2>(ch_est::puschRxChEstStatDescr_t *, ch_est::puschRxChEstDynDescr_t *)"
2238601270,4864,76713,137,2,1,24,2,1,44,0.001,0.001,,,,,NVIDIA A100-SXM4-40GB MIG 4g.20gb (0),1,,13,"void ch_est::chEstFilterNoDftSOfdmDispatchKernel<float, __half, float, (unsigned int)2>(ch_est::puschRxChEstStatDescr_t *, ch_est::puschRxChEstDynDescr_t *)"
2238609942,2432,76724,103,1,1,128,1,1,16,0.000,0.000,,,,,NVIDIA A100-SXM4-40GB MIG 4g.20gb (0),1,,13,cupy_copy__complex64_complex64
2238617782,12512,76734,1434,1,1,128,1,1,16,0.000,0.000,,,,,NVIDIA A100-SXM4-40GB MIG 4g.20gb (0),1,,13,cupy_copy__complex64_complex64
2238633558,2752,76741,103,1,1,128,1,1,16,0.000,0.000,,,,,NVIDIA A100-SXM4-40GB MIG 4g.20gb (0),1,,13,cupy_copy__complex64_complex64
2238642038,88447,76748,1,1,1,32,32,1,30,0.000,0.000,,,,,NVIDIA A100-SXM4-40GB MIG 4g.20gb (0),1,,13,"void convert_kernel<__half2, float2>(tensor_layout_any, T1 *, tensor_layout_any, const T2 *)"
2238758005,6111,76751,,,,,,,,,,0.094,15332.320,Pinned,Device,NVIDIA A100-SXM4-40GB MIG 4g.20gb (0),1,,13,[CUDA memcpy Host-to-Device]
2238769748,46912,76752,,,,,,,,,,35.810,763324.255,Device,,NVIDIA A100-SXM4-40GB MIG 4g.20gb (0),1,,13,[CUDA memset]
2238818100,5248,76754,,,,,,,,,,0.000,15.244,Pinned,Device,NVIDIA A100-SXM4-40GB MIG 4g.20gb (0),1,,13,[CUDA memcpy Host-to-Device]
2238828020,13408,76755,,,,,,,,,,0.197,14663.418,Pinned,Device,NVIDIA A100-SXM4-40GB MIG 4g.20gb (0),1,,13,[CUDA memcpy Host-to-Device]
2238848819,10304,76756,273,1,1,48,1,1,40,0.000,0.001,,,,,NVIDIA A100-SXM4-40GB MIG 4g.20gb (0),1,,13,"void pusch_noise_intf_est::noiseIntfEstNoDftSOfdmKernel<float, __half, float, float, (unsigned int)2, (unsigned int)1, (unsigned char)4, (unsigned char)4>(pusch_noise_intf_est::puschRxNoiseIntfEstDynDescr)"
2238862195,3136,76767,35,1,1,128,1,1,16,0.000,0.000,,,,,NVIDIA A100-SXM4-40GB MIG 4g.20gb (0),1,,13,cupy_copy__complex64_complex64
2238890099,1920,76776,1,1,1,1,1,1,18,0.000,0.000,,,,,NVIDIA A100-SXM4-40GB MIG 4g.20gb (0),1,,13,cupy_copy__float32_float32
2238922802,1600,76782,,,,,,,,,,0.000,2.500,Device,Pageable,NVIDIA A100-SXM4-40GB MIG 4g.20gb (0),1,,7,[CUDA memcpy Device-to-Host]
2238981810,13152,76793,1434,1,1,128,1,1,16,0.000,0.000,,,,,NVIDIA A100-SXM4-40GB MIG 4g.20gb (0),1,,13,cupy_copy__complex64_complex64
2239009425,3488,76800,103,1,1,128,1,1,16,0.000,0.000,,,,,NVIDIA A100-SXM4-40GB MIG 4g.20gb (0),1,,13,cupy_copy__complex64_complex64
2239030161,2336,76807,35,1,1,128,1,1,16,0.000,0.000,,,,,NVIDIA A100-SXM4-40GB MIG 4g.20gb (0),1,,13,cupy_copy__complex64_complex64
2239047121,1760,76814,1,1,1,1,1,1,18,0.000,0.000,,,,,NVIDIA A100-SXM4-40GB MIG 4g.20gb (0),1,,13,cupy_copy__float32_float32
2239178383,81567,76825,1,1,1,32,32,1,30,0.000,0.000,,,,,NVIDIA A100-SXM4-40GB MIG 4g.20gb (0),1,,13,"void convert_kernel<__half2, float2>(tensor_layout_any, T1 *, tensor_layout_any, const T2 *)"
2239287246,5600,76828,,,,,,,,,,0.094,16731.388,Pinned,Device,NVIDIA A100-SXM4-40GB MIG 4g.20gb (0),1,,13,[CUDA memcpy Host-to-Device]
2239302958,3072,76829,,,,,,,,,,1.547,503457.044,Device,,NVIDIA A100-SXM4-40GB MIG 4g.20gb (0),1,,13,[CUDA memset]
2239308750,3936,76834,,,,,,,,,,0.031,7951.218,Pinned,Device,NVIDIA A100-SXM4-40GB MIG 4g.20gb (0),1,,13,[CUDA memcpy Host-to-Device]
2239315150,9600,76835,,,,,,,,,,0.197,20479.869,Pinned,Device,NVIDIA A100-SXM4-40GB MIG 4g.20gb (0),1,,13,[CUDA memcpy Host-to-Device]
2239328781,6528,76836,273,1,1,8,4,1,39,0.002,0.000,,,,,NVIDIA A100-SXM4-40GB MIG 4g.20gb (0),1,,13,"void channel_eq::eqMmseCoefCompLowMimoKernel<float, float, float, (unsigned int)4, (unsigned int)1, (unsigned int)4>(const channel_eq::_puschRxChEqStatDescr *, channel_eq::_puschRxChEqCoefCompDynDescr)"
2239336365,6176,76837,273,1,1,12,11,1,51,0.002,0.000,,,,,NVIDIA A100-SXM4-40GB MIG 4g.20gb (0),1,,13,"void channel_eq::eqMmseSoftDemapKernel<float, __half, __half, float, (unsigned int)4, (unsigned short)16383>(channel_eq::_puschRxChEqStatDescr *, channel_eq::_puschRxChEqSoftDemapDynDescr)"
2239343501,282877,76838,1,1,1,32,32,1,30,0.000,0.000,,,,,NVIDIA A100-SXM4-40GB MIG 4g.20gb (0),1,,13,"void convert_kernel<float2, __half2>(tensor_layout_any, T1 *, tensor_layout_any, const T2 *)"
2239629098,10944,76850,2253,1,1,128,1,1,16,0.000,0.000,,,,,NVIDIA A100-SXM4-40GB MIG 4g.20gb (0),1,,13,cupy_copy__float16_float16
2239642954,3232,76859,282,1,1,128,1,1,16,0.000,0.000,,,,,NVIDIA A100-SXM4-40GB MIG 4g.20gb (0),1,,13,cupy_copy__complex64_complex64
2239648010,2112,76868,26,1,1,128,1,1,16,0.000,0.000,,,,,NVIDIA A100-SXM4-40GB MIG 4g.20gb (0),1,,13,cupy_copy__float32_float32
2239651721,4512,76877,103,1,1,128,1,1,16,0.000,0.000,,,,,NVIDIA A100-SXM4-40GB MIG 4g.20gb (0),1,,13,cupy_copy__complex64_complex64
2239659433,12640,76887,1434,1,1,128,1,1,16,0.000,0.000,,,,,NVIDIA A100-SXM4-40GB MIG 4g.20gb (0),1,,13,cupy_copy__complex64_complex64
2239677609,88095,76892,1,1,1,32,32,1,30,0.000,0.000,,,,,NVIDIA A100-SXM4-40GB MIG 4g.20gb (0),1,,13,"void convert_kernel<__half2, float2>(tensor_layout_any, T1 *, tensor_layout_any, const T2 *)"
2239792712,5664,76895,,,,,,,,,,0.094,16542.310,Pinned,Device,NVIDIA A100-SXM4-40GB MIG 4g.20gb (0),1,,13,[CUDA memcpy Host-to-Device]
2239805864,597176,76896,,,,,,,,,,456.561,764283.851,Device,,NVIDIA A100-SXM4-40GB MIG 4g.20gb (0),1,,13,[CUDA memset]
2240403392,166974,76901,,,,,,,,,,1.235,7394.845,Pinned,Device,NVIDIA A100-SXM4-40GB MIG 4g.20gb (0),1,,13,[CUDA memcpy Host-to-Device]
2240578110,42368,76902,,,,,,,,,,0.197,4640.342,Pinned,Device,NVIDIA A100-SXM4-40GB MIG 4g.20gb (0),1,,13,[CUDA memcpy Host-to-Device]
2240649597,8384,76903,69,4,1,48,1,1,76,0.002,0.000,,,,,NVIDIA A100-SXM4-40GB MIG 4g.20gb (0),1,,13,"void ch_est::windowedChEstPreNoDftSOfdmKernel<float, __half, float, (unsigned int)2, (unsigned int)1, (unsigned short)4>(ch_est::puschRxChEstStatDescr_t *, ch_est::puschRxChEstDynDescr_t *)"
2240669341,6944,76904,137,2,1,24,2,1,44,0.001,0.001,,,,,NVIDIA A100-SXM4-40GB MIG 4g.20gb (0),1,,13,"void ch_est::chEstFilterNoDftSOfdmDispatchKernel<float, __half, float, (unsigned int)2>(ch_est::puschRxChEstStatDescr_t *, ch_est::puschRxChEstDynDescr_t *)"
2240685757,5056,76905,137,2,1,24,2,1,44,0.001,0.001,,,,,NVIDIA A100-SXM4-40GB MIG 4g.20gb (0),1,,13,"void ch_est::chEstFilterNoDftSOfdmDispatchKernel<float, __half, float, (unsigned int)2>(ch_est::puschRxChEstStatDescr_t *, ch_est::puschRxChEstDynDescr_t *)"
2240701885,2527,76916,103,1,1,128,1,1,16,0.000,0.000,,,,,NVIDIA A100-SXM4-40GB MIG 4g.20gb (0),1,,13,cupy_copy__complex64_complex64
2240716476,12448,76926,1434,1,1,128,1,1,16,0.000,0.000,,,,,NVIDIA A100-SXM4-40GB MIG 4g.20gb (0),1,,13,cupy_copy__complex64_complex64
2240750524,2752,76933,103,1,1,128,1,1,16,0.000,0.000,,,,,NVIDIA A100-SXM4-40GB MIG 4g.20gb (0),1,,13,cupy_copy__complex64_complex64
2240767356,84927,76940,1,1,1,32,32,1,30,0.000,0.000,,,,,NVIDIA A100-SXM4-40GB MIG 4g.20gb (0),1,,13,"void convert_kernel<__half2, float2>(tensor_layout_any, T1 *, tensor_layout_any, const T2 *)"
2240884666,11104,76943,,,,,,,,,,0.094,8437.981,Pinned,Device,NVIDIA A100-SXM4-40GB MIG 4g.20gb (0),1,,13,[CUDA memcpy Host-to-Device]
2240903322,46911,76944,,,,,,,,,,35.810,763324.255,Device,,NVIDIA A100-SXM4-40GB MIG 4g.20gb (0),1,,13,[CUDA memset]
2240957017,3840,76946,,,,,,,,,,0.000,20.833,Pinned,Device,NVIDIA A100-SXM4-40GB MIG 4g.20gb (0),1,,13,[CUDA memcpy Host-to-Device]
2240966521,16416,76947,,,,,,,,,,0.197,11976.573,Pinned,Device,NVIDIA A100-SXM4-40GB MIG 4g.20gb (0),1,,13,[CUDA memcpy Host-to-Device]
2240994105,12864,76948,273,1,1,48,1,1,40,0.000,0.001,,,,,NVIDIA A100-SXM4-40GB MIG 4g.20gb (0),1,,13,"void pusch_noise_intf_est::noiseIntfEstNoDftSOfdmKernel<float, __half, float, float, (unsigned int)2, (unsigned int)1, (unsigned char)4, (unsigned char)4>(pusch_noise_intf_est::puschRxNoiseIntfEstDynDescr)"
2241013721,3296,76959,35,1,1,128,1,1,16,0.000,0.000,,,,,NVIDIA A100-SXM4-40GB MIG 4g.20gb (0),1,,13,cupy_copy__complex64_complex64
2241020633,1888,76968,1,1,1,1,1,1,18,0.000,0.000,,,,,NVIDIA A100-SXM4-40GB MIG 4g.20gb (0),1,,13,cupy_copy__float32_float32
2241036376,1632,76974,,,,,,,,,,0.000,2.451,Device,Pageable,NVIDIA A100-SXM4-40GB MIG 4g.20gb (0),1,,7,[CUDA memcpy Device-to-Host]
2241097368,12863,76985,1434,1,1,128,1,1,16,0.000,0.000,,,,,NVIDIA A100-SXM4-40GB MIG 4g.20gb (0),1,,13,cupy_copy__complex64_complex64
2241122583,2592,76992,103,1,1,128,1,1,16,0.000,0.000,,,,,NVIDIA A100-SXM4-40GB MIG 4g.20gb (0),1,,13,cupy_copy__complex64_complex64
2241145047,2176,76999,35,1,1,128,1,1,16,0.000,0.000,,,,,NVIDIA A100-SXM4-40GB MIG 4g.20gb (0),1,,13,cupy_copy__complex64_complex64
2241161559,1824,77006,1,1,1,1,1,1,18,0.000,0.000,,,,,NVIDIA A100-SXM4-40GB MIG 4g.20gb (0),1,,13,cupy_copy__float32_float32
2241292085,81887,77017,1,1,1,32,32,1,30,0.000,0.000,,,,,NVIDIA A100-SXM4-40GB MIG 4g.20gb (0),1,,13,"void convert_kernel<__half2, float2>(tensor_layout_any, T1 *, tensor_layout_any, const T2 *)"
2241401396,5728,77020,,,,,,,,,,0.094,16357.541,Pinned,Device,NVIDIA A100-SXM4-40GB MIG 4g.20gb (0),1,,13,[CUDA memcpy Host-to-Device]
2241415924,3392,77021,,,,,,,,,,1.547,455961.768,Device,,NVIDIA A100-SXM4-40GB MIG 4g.20gb (0),1,,13,[CUDA memset]
2241422868,3392,77026,,,,,,,,,,0.031,9226.405,Pinned,Device,NVIDIA A100-SXM4-40GB MIG 4g.20gb (0),1,,13,[CUDA memcpy Host-to-Device]
2241428980,9471,77027,,,,,,,,,,0.197,20758.856,Pinned,Device,NVIDIA A100-SXM4-40GB MIG 4g.20gb (0),1,,13,[CUDA memcpy Host-to-Device]
2241443443,6208,77028,273,1,1,8,4,1,39,0.002,0.000,,,,,NVIDIA A100-SXM4-40GB MIG 4g.20gb (0),1,,13,"void channel_eq::eqMmseCoefCompLowMimoKernel<float, float, float, (unsigned int)4, (unsigned int)1, (unsigned int)4>(const channel_eq::_puschRxChEqStatDescr *, channel_eq::_puschRxChEqCoefCompDynDescr)"
2241451635,5920,77029,273,1,1,12,11,1,51,0.002,0.000,,,,,NVIDIA A100-SXM4-40GB MIG 4g.20gb (0),1,,13,"void channel_eq::eqMmseSoftDemapKernel<float, __half, __half, float, (unsigned int)4, (unsigned short)16383>(channel_eq::_puschRxChEqStatDescr *, channel_eq::_puschRxChEqSoftDemapDynDescr)"
2241460883,279165,77030,1,1,1,32,32,1,30,0.000,0.000,,,,,NVIDIA A100-SXM4-40GB MIG 4g.20gb (0),1,,13,"void convert_kernel<float2, __half2>(tensor_layout_any, T1 *, tensor_layout_any, const T2 *)"
2241741040,10912,77042,2253,1,1,128,1,1,16,0.000,0.000,,,,,NVIDIA A100-SXM4-40GB MIG 4g.20gb (0),1,,13,cupy_copy__float16_float16
2241753903,3264,77051,282,1,1,128,1,1,16,0.000,0.000,,,,,NVIDIA A100-SXM4-40GB MIG 4g.20gb (0),1,,13,cupy_copy__complex64_complex64
2241761455,2304,77060,26,1,1,128,1,1,16,0.000,0.000,,,,,NVIDIA A100-SXM4-40GB MIG 4g.20gb (0),1,,13,cupy_copy__float32_float32
2241764911,2784,77069,103,1,1,128,1,1,16,0.000,0.000,,,,,NVIDIA A100-SXM4-40GB MIG 4g.20gb (0),1,,13,cupy_copy__complex64_complex64
2241770607,12032,77079,1434,1,1,128,1,1,16,0.000,0.000,,,,,NVIDIA A100-SXM4-40GB MIG 4g.20gb (0),1,,13,cupy_copy__complex64_complex64
2241791727,87071,77084,1,1,1,32,32,1,30,0.000,0.000,,,,,NVIDIA A100-SXM4-40GB MIG 4g.20gb (0),1,,13,"void convert_kernel<__half2, float2>(tensor_layout_any, T1 *, tensor_layout_any, const T2 *)"
2241906030,5632,77087,,,,,,,,,,0.094,16636.287,Pinned,Device,NVIDIA A100-SXM4-40GB MIG 4g.20gb (0),1,,13,[CUDA memcpy Host-to-Device]
2241915821,597113,77088,,,,,,,,,,456.561,764283.851,Device,,NVIDIA A100-SXM4-40GB MIG 4g.20gb (0),1,,13,[CUDA memset]
2242517318,140318,77093,,,,,,,,,,1.235,8800.211,Pinned,Device,NVIDIA A100-SXM4-40GB MIG 4g.20gb (0),1,,13,[CUDA memcpy Host-to-Device]
2242669892,41984,77094,,,,,,,,,,0.197,4682.809,Pinned,Device,NVIDIA A100-SXM4-40GB MIG 4g.20gb (0),1,,13,[CUDA memcpy Host-to-Device]
2242729443,8224,77095,69,4,1,48,1,1,76,0.002,0.000,,,,,NVIDIA A100-SXM4-40GB MIG 4g.20gb (0),1,,13,"void ch_est::windowedChEstPreNoDftSOfdmKernel<float, __half, float, (unsigned int)2, (unsigned int)1, (unsigned short)4>(ch_est::puschRxChEstStatDescr_t *, ch_est::puschRxChEstDynDescr_t *)"
2242748931,6560,77096,137,2,1,24,2,1,44,0.001,0.001,,,,,NVIDIA A100-SXM4-40GB MIG 4g.20gb (0),1,,13,"void ch_est::chEstFilterNoDftSOfdmDispatchKernel<float, __half, float, (unsigned int)2>(ch_est::puschRxChEstStatDescr_t *, ch_est::puschRxChEstDynDescr_t *)"
2242765827,4768,77097,137,2,1,24,2,1,44,0.001,0.001,,,,,NVIDIA A100-SXM4-40GB MIG 4g.20gb (0),1,,13,"void ch_est::chEstFilterNoDftSOfdmDispatchKernel<float, __half, float, (unsigned int)2>(ch_est::puschRxChEstStatDescr_t *, ch_est::puschRxChEstDynDescr_t *)"
2242783043,2688,77108,103,1,1,128,1,1,16,0.000,0.000,,,,,NVIDIA A100-SXM4-40GB MIG 4g.20gb (0),1,,13,cupy_copy__complex64_complex64
2242800067,12351,77118,1434,1,1,128,1,1,16,0.000,0.000,,,,,NVIDIA A100-SXM4-40GB MIG 4g.20gb (0),1,,13,cupy_copy__complex64_complex64
2242821858,2880,77125,103,1,1,128,1,1,16,0.000,0.000,,,,,NVIDIA A100-SXM4-40GB MIG 4g.20gb (0),1,,13,cupy_copy__complex64_complex64
2242847042,91999,77132,1,1,1,32,32,1,30,0.000,0.000,,,,,NVIDIA A100-SXM4-40GB MIG 4g.20gb (0),1,,13,"void convert_kernel<__half2, float2>(tensor_layout_any, T1 *, tensor_layout_any, const T2 *)"
2242974496,26624,77135,,,,,,,,,,0.094,3519.222,Pinned,Device,NVIDIA A100-SXM4-40GB MIG 4g.20gb (0),1,,13,[CUDA memcpy Host-to-Device]
2243020960,47391,77136,,,,,,,,,,35.810,755625.122,Device,,NVIDIA A100-SXM4-40GB MIG 4g.20gb (0),1,,13,[CUDA memset]
2243074943,11296,77138,,,,,,,,,,0.000,7.082,Pinned,Device,NVIDIA A100-SXM4-40GB MIG 4g.20gb (0),1,,13,[CUDA memcpy Host-to-Device]
2243092959,19808,77139,,,,,,,,,,0.197,9925.558,Pinned,Device,NVIDIA A100-SXM4-40GB MIG 4g.20gb (0),1,,13,[CUDA memcpy Host-to-Device]
2243125375,10623,77140,273,1,1,48,1,1,40,0.000,0.001,,,,,NVIDIA A100-SXM4-40GB MIG 4g.20gb (0),1,,13,"void pusch_noise_intf_est::noiseIntfEstNoDftSOfdmKernel<float, __half, float, float, (unsigned int)2, (unsigned int)1, (unsigned char)4, (unsigned char)4>(pusch_noise_intf_est::puschRxNoiseIntfEstDynDescr)"
2243137470,2880,77151,35,1,1,128,1,1,16,0.000,0.000,,,,,NVIDIA A100-SXM4-40GB MIG 4g.20gb (0),1,,13,cupy_copy__complex64_complex64
2243150942,1984,77160,1,1,1,1,1,1,18,0.000,0.000,,,,,NVIDIA A100-SXM4-40GB MIG 4g.20gb (0),1,,13,cupy_copy__float32_float32
2243158910,5664,77166,,,,,,,,,,0.000,0.706,Device,Pageable,NVIDIA A100-SXM4-40GB MIG 4g.20gb (0),1,,7,[CUDA memcpy Device-to-Host]
2243237725,12736,77177,1434,1,1,128,1,1,16,0.000,0.000,,,,,NVIDIA A100-SXM4-40GB MIG 4g.20gb (0),1,,13,cupy_copy__complex64_complex64
2243266365,3424,77184,103,1,1,128,1,1,16,0.000,0.000,,,,,NVIDIA A100-SXM4-40GB MIG 4g.20gb (0),1,,13,cupy_copy__complex64_complex64
2243288541,2367,77191,35,1,1,128,1,1,16,0.000,0.000,,,,,NVIDIA A100-SXM4-40GB MIG 4g.20gb (0),1,,13,cupy_copy__complex64_complex64
2243301596,1920,77198,1,1,1,1,1,1,18,0.000,0.000,,,,,NVIDIA A100-SXM4-40GB MIG 4g.20gb (0),1,,13,cupy_copy__float32_float32
2243431963,82783,77209,1,1,1,32,32,1,30,0.000,0.000,,,,,NVIDIA A100-SXM4-40GB MIG 4g.20gb (0),1,,13,"void convert_kernel<__half2, float2>(tensor_layout_any, T1 *, tensor_layout_any, const T2 *)"
2243542489,5760,77212,,,,,,,,,,0.094,16266.656,Pinned,Device,NVIDIA A100-SXM4-40GB MIG 4g.20gb (0),1,,13,[CUDA memcpy Host-to-Device]
2243556921,3360,77213,,,,,,,,,,1.547,460304.688,Device,,NVIDIA A100-SXM4-40GB MIG 4g.20gb (0),1,,13,[CUDA memset]
2243563801,3392,77218,,,,,,,,,,0.031,9226.405,Pinned,Device,NVIDIA A100-SXM4-40GB MIG 4g.20gb (0),1,,13,[CUDA memcpy Host-to-Device]
2243569849,9568,77219,,,,,,,,,,0.197,20548.485,Pinned,Device,NVIDIA A100-SXM4-40GB MIG 4g.20gb (0),1,,13,[CUDA memcpy Host-to-Device]
2243585433,6528,77220,273,1,1,8,4,1,39,0.002,0.000,,,,,NVIDIA A100-SXM4-40GB MIG 4g.20gb (0),1,,13,"void channel_eq::eqMmseCoefCompLowMimoKernel<float, float, float, (unsigned int)4, (unsigned int)1, (unsigned int)4>(const channel_eq::_puschRxChEqStatDescr *, channel_eq::_puschRxChEqCoefCompDynDescr)"
2243593849,6368,77221,273,1,1,12,11,1,51,0.002,0.000,,,,,NVIDIA A100-SXM4-40GB MIG 4g.20gb (0),1,,13,"void channel_eq::eqMmseSoftDemapKernel<float, __half, __half, float, (unsigned int)4, (unsigned short)16383>(channel_eq::_puschRxChEqStatDescr *, channel_eq::_puschRxChEqSoftDemapDynDescr)"
2243601177,282652,77222,1,1,1,32,32,1,30,0.000,0.000,,,,,NVIDIA A100-SXM4-40GB MIG 4g.20gb (0),1,,13,"void convert_kernel<float2, __half2>(tensor_layout_any, T1 *, tensor_layout_any, const T2 *)"
2243884949,11040,77234,2253,1,1,128,1,1,16,0.000,0.000,,,,,NVIDIA A100-SXM4-40GB MIG 4g.20gb (0),1,,13,cupy_copy__float16_float16
2243898357,3840,77243,282,1,1,128,1,1,16,0.000,0.000,,,,,NVIDIA A100-SXM4-40GB MIG 4g.20gb (0),1,,13,cupy_copy__complex64_complex64
2243905141,2112,77252,26,1,1,128,1,1,16,0.000,0.000,,,,,NVIDIA A100-SXM4-40GB MIG 4g.20gb (0),1,,13,cupy_copy__float32_float32
2243909429,3008,77261,103,1,1,128,1,1,16,0.000,0.000,,,,,NVIDIA A100-SXM4-40GB MIG 4g.20gb (0),1,,13,cupy_copy__complex64_complex64
2243913397,11808,77271,1434,1,1,128,1,1,16,0.000,0.000,,,,,NVIDIA A100-SXM4-40GB MIG 4g.20gb (0),1,,13,cupy_copy__complex64_complex64
2243933685,82559,77276,1,1,1,32,32,1,30,0.000,0.000,,,,,NVIDIA A100-SXM4-40GB MIG 4g.20gb (0),1,,13,"void convert_kernel<__half2, float2>(tensor_layout_any, T1 *, tensor_layout_any, const T2 *)"
2244044275,5920,77279,,,,,,,,,,0.094,15826.941,Pinned,Device,NVIDIA A100-SXM4-40GB MIG 4g.20gb (0),1,,13,[CUDA memcpy Host-to-Device]
2244055923,598265,77280,,,,,,,,,,456.561,762914.166,Device,,NVIDIA A100-SXM4-40GB MIG 4g.20gb (0),1,,13,[CUDA memset]
2244659564,116798,77285,,,,,,,,,,1.235,10572.356,Pinned,Device,NVIDIA A100-SXM4-40GB MIG 4g.20gb (0),1,,13,[CUDA memcpy Host-to-Device]
2244788970,36160,77286,,,,,,,,,,0.197,5436.998,Pinned,Device,NVIDIA A100-SXM4-40GB MIG 4g.20gb (0),1,,13,[CUDA memcpy Host-to-Device]
2244851337,7968,77287,69,4,1,48,1,1,76,0.002,0.000,,,,,NVIDIA A100-SXM4-40GB MIG 4g.20gb (0),1,,13,"void ch_est::windowedChEstPreNoDftSOfdmKernel<float, __half, float, (unsigned int)2, (unsigned int)1, (unsigned short)4>(ch_est::puschRxChEstStatDescr_t *, ch_est::puschRxChEstDynDescr_t *)"
2244867081,7072,77288,137,2,1,24,2,1,44,0.001,0.001,,,,,NVIDIA A100-SXM4-40GB MIG 4g.20gb (0),1,,13,"void ch_est::chEstFilterNoDftSOfdmDispatchKernel<float, __half, float, (unsigned int)2>(ch_est::puschRxChEstStatDescr_t *, ch_est::puschRxChEstDynDescr_t *)"
2244882601,4768,77289,137,2,1,24,2,1,44,0.001,0.001,,,,,NVIDIA A100-SXM4-40GB MIG 4g.20gb (0),1,,13,"void ch_est::chEstFilterNoDftSOfdmDispatchKernel<float, __half, float, (unsigned int)2>(ch_est::puschRxChEstStatDescr_t *, ch_est::puschRxChEstDynDescr_t *)"
2244905481,2720,77300,103,1,1,128,1,1,16,0.000,0.000,,,,,NVIDIA A100-SXM4-40GB MIG 4g.20gb (0),1,,13,cupy_copy__complex64_complex64
2244917608,12704,77310,1434,1,1,128,1,1,16,0.000,0.000,,,,,NVIDIA A100-SXM4-40GB MIG 4g.20gb (0),1,,13,cupy_copy__complex64_complex64
2244944808,2496,77317,103,1,1,128,1,1,16,0.000,0.000,,,,,NVIDIA A100-SXM4-40GB MIG 4g.20gb (0),1,,13,cupy_copy__complex64_complex64
2244960840,82655,77324,1,1,1,32,32,1,30,0.000,0.000,,,,,NVIDIA A100-SXM4-40GB MIG 4g.20gb (0),1,,13,"void convert_kernel<__half2, float2>(tensor_layout_any, T1 *, tensor_layout_any, const T2 *)"
2245076838,19872,77327,,,,,,,,,,0.094,4714.970,Pinned,Device,NVIDIA A100-SXM4-40GB MIG 4g.20gb (0),1,,13,[CUDA memcpy Host-to-Device]
2245110886,47167,77328,,,,,,,,,,35.810,759206.114,Device,,NVIDIA A100-SXM4-40GB MIG 4g.20gb (0),1,,13,[CUDA memset]
2245164901,13632,77330,,,,,,,,,,0.000,5.868,Pinned,Device,NVIDIA A100-SXM4-40GB MIG 4g.20gb (0),1,,13,[CUDA memcpy Host-to-Device]
2245187589,26016,77331,,,,,,,,,,0.197,7557.022,Pinned,Device,NVIDIA A100-SXM4-40GB MIG 4g.20gb (0),1,,13,[CUDA memcpy Host-to-Device]
2245236068,9536,77332,273,1,1,48,1,1,40,0.000,0.001,,,,,NVIDIA A100-SXM4-40GB MIG 4g.20gb (0),1,,13,"void pusch_noise_intf_est::noiseIntfEstNoDftSOfdmKernel<float, __half, float, float, (unsigned int)2, (unsigned int)1, (unsigned char)4, (unsigned char)4>(pusch_noise_intf_est::puschRxNoiseIntfEstDynDescr)"
2245252612,2752,77343,35,1,1,128,1,1,16,0.000,0.000,,,,,NVIDIA A100-SXM4-40GB MIG 4g.20gb (0),1,,13,cupy_copy__complex64_complex64
2245269476,1696,77352,1,1,1,1,1,1,18,0.000,0.000,,,,,NVIDIA A100-SXM4-40GB MIG 4g.20gb (0),1,,13,cupy_copy__float32_float32
2245277220,8224,77358,,,,,,,,,,0.000,0.486,Device,Pageable,NVIDIA A100-SXM4-40GB MIG 4g.20gb (0),1,,7,[CUDA memcpy Device-to-Host]
2245376355,12992,77369,1434,1,1,128,1,1,16,0.000,0.000,,,,,NVIDIA A100-SXM4-40GB MIG 4g.20gb (0),1,,13,cupy_copy__complex64_complex64
2245399522,3424,77376,103,1,1,128,1,1,16,0.000,0.000,,,,,NVIDIA A100-SXM4-40GB MIG 4g.20gb (0),1,,13,cupy_copy__complex64_complex64
2245419362,2560,77383,35,1,1,128,1,1,16,0.000,0.000,,,,,NVIDIA A100-SXM4-40GB MIG 4g.20gb (0),1,,13,cupy_copy__complex64_complex64
2245439490,1696,77390,1,1,1,1,1,1,18,0.000,0.000,,,,,NVIDIA A100-SXM4-40GB MIG 4g.20gb (0),1,,13,cupy_copy__float32_float32
2245570944,86783,77401,1,1,1,32,32,1,30,0.000,0.000,,,,,NVIDIA A100-SXM4-40GB MIG 4g.20gb (0),1,,13,"void convert_kernel<__half2, float2>(tensor_layout_any, T1 *, tensor_layout_any, const T2 *)"
2245690463,12928,77404,,,,,,,,,,0.094,7247.479,Pinned,Device,NVIDIA A100-SXM4-40GB MIG 4g.20gb (0),1,,13,[CUDA memcpy Host-to-Device]
2245714303,3743,77405,,,,,,,,,,1.547,413203.801,Device,,NVIDIA A100-SXM4-40GB MIG 4g.20gb (0),1,,13,[CUDA memset]
2245724702,7488,77410,,,,,,,,,,0.031,4179.487,Pinned,Device,NVIDIA A100-SXM4-40GB MIG 4g.20gb (0),1,,13,[CUDA memcpy Host-to-Device]
2245739102,17824,77411,,,,,,,,,,0.197,11030.495,Pinned,Device,NVIDIA A100-SXM4-40GB MIG 4g.20gb (0),1,,13,[CUDA memcpy Host-to-Device]
2245770942,8352,77412,273,1,1,8,4,1,39,0.002,0.000,,,,,NVIDIA A100-SXM4-40GB MIG 4g.20gb (0),1,,13,"void channel_eq::eqMmseCoefCompLowMimoKernel<float, float, float, (unsigned int)4, (unsigned int)1, (unsigned int)4>(const channel_eq::_puschRxChEqStatDescr *, channel_eq::_puschRxChEqCoefCompDynDescr)"
2245785950,5440,77413,273,1,1,12,11,1,51,0.002,0.000,,,,,NVIDIA A100-SXM4-40GB MIG 4g.20gb (0),1,,13,"void channel_eq::eqMmseSoftDemapKernel<float, __half, __half, float, (unsigned int)4, (unsigned short)16383>(channel_eq::_puschRxChEqStatDescr *, channel_eq::_puschRxChEqSoftDemapDynDescr)"
2245794814,282428,77414,1,1,1,32,32,1,30,0.000,0.000,,,,,NVIDIA A100-SXM4-40GB MIG 4g.20gb (0),1,,13,"void convert_kernel<float2, __half2>(tensor_layout_any, T1 *, tensor_layout_any, const T2 *)"
2246078490,10944,77426,2253,1,1,128,1,1,16,0.000,0.000,,,,,NVIDIA A100-SXM4-40GB MIG 4g.20gb (0),1,,13,cupy_copy__float16_float16
2246092698,3104,77435,282,1,1,128,1,1,16,0.000,0.000,,,,,NVIDIA A100-SXM4-40GB MIG 4g.20gb (0),1,,13,cupy_copy__complex64_complex64
2246098298,2304,77444,26,1,1,128,1,1,16,0.000,0.000,,,,,NVIDIA A100-SXM4-40GB MIG 4g.20gb (0),1,,13,cupy_copy__float32_float32
2246101530,3072,77453,103,1,1,128,1,1,16,0.000,0.000,,,,,NVIDIA A100-SXM4-40GB MIG 4g.20gb (0),1,,13,cupy_copy__complex64_complex64
2246106330,12096,77463,1434,1,1,128,1,1,16,0.000,0.000,,,,,NVIDIA A100-SXM4-40GB MIG 4g.20gb (0),1,,13,cupy_copy__complex64_complex64
2246123513,87423,77468,1,1,1,32,32,1,30,0.000,0.000,,,,,NVIDIA A100-SXM4-40GB MIG 4g.20gb (0),1,,13,"void convert_kernel<__half2, float2>(tensor_layout_any, T1 *, tensor_layout_any, const T2 *)"
2246237656,5760,77471,,,,,,,,,,0.094,16266.656,Pinned,Device,NVIDIA A100-SXM4-40GB MIG 4g.20gb (0),1,,13,[CUDA memcpy Host-to-Device]
2246250104,600216,77472,,,,,,,,,,456.561,760631.359,Device,,NVIDIA A100-SXM4-40GB MIG 4g.20gb (0),1,,13,[CUDA memset]
2246854032,142623,77477,,,,,,,,,,1.235,8658.192,Pinned,Device,NVIDIA A100-SXM4-40GB MIG 4g.20gb (0),1,,13,[CUDA memcpy Host-to-Device]
2247003151,31423,77478,,,,,,,,,,0.197,6256.656,Pinned,Device,NVIDIA A100-SXM4-40GB MIG 4g.20gb (0),1,,13,[CUDA memcpy Host-to-Device]
2247053934,8224,77479,69,4,1,48,1,1,76,0.002,0.000,,,,,NVIDIA A100-SXM4-40GB MIG 4g.20gb (0),1,,13,"void ch_est::windowedChEstPreNoDftSOfdmKernel<float, __half, float, (unsigned int)2, (unsigned int)1, (unsigned short)4>(ch_est::puschRxChEstStatDescr_t *, ch_est::puschRxChEstDynDescr_t *)"
2247069166,6336,77480,137,2,1,24,2,1,44,0.001,0.001,,,,,NVIDIA A100-SXM4-40GB MIG 4g.20gb (0),1,,13,"void ch_est::chEstFilterNoDftSOfdmDispatchKernel<float, __half, float, (unsigned int)2>(ch_est::puschRxChEstStatDescr_t *, ch_est::puschRxChEstDynDescr_t *)"
2247078094,6336,77481,137,2,1,24,2,1,44,0.001,0.001,,,,,NVIDIA A100-SXM4-40GB MIG 4g.20gb (0),1,,13,"void ch_est::chEstFilterNoDftSOfdmDispatchKernel<float, __half, float, (unsigned int)2>(ch_est::puschRxChEstStatDescr_t *, ch_est::puschRxChEstDynDescr_t *)"
2247089294,3103,77492,103,1,1,128,1,1,16,0.000,0.000,,,,,NVIDIA A100-SXM4-40GB MIG 4g.20gb (0),1,,13,cupy_copy__complex64_complex64
2247099085,12448,77502,1434,1,1,128,1,1,16,0.000,0.000,,,,,NVIDIA A100-SXM4-40GB MIG 4g.20gb (0),1,,13,cupy_copy__complex64_complex64
2247119533,2592,77509,103,1,1,128,1,1,16,0.000,0.000,,,,,NVIDIA A100-SXM4-40GB MIG 4g.20gb (0),1,,13,cupy_copy__complex64_complex64
2247131053,89567,77516,1,1,1,32,32,1,30,0.000,0.000,,,,,NVIDIA A100-SXM4-40GB MIG 4g.20gb (0),1,,13,"void convert_kernel<__half2, float2>(tensor_layout_any, T1 *, tensor_layout_any, const T2 *)"
2247249452,8735,77519,,,,,,,,,,0.094,10726.412,Pinned,Device,NVIDIA A100-SXM4-40GB MIG 4g.20gb (0),1,,13,[CUDA memcpy Host-to-Device]
2247270731,47840,77520,,,,,,,,,,35.810,748534.758,Device,,NVIDIA A100-SXM4-40GB MIG 4g.20gb (0),1,,13,[CUDA memset]
2247325195,3872,77522,,,,,,,,,,0.000,20.661,Pinned,Device,NVIDIA A100-SXM4-40GB MIG 4g.20gb (0),1,,13,[CUDA memcpy Host-to-Device]
2247333803,16063,77523,,,,,,,,,,0.197,12239.634,Pinned,Device,NVIDIA A100-SXM4-40GB MIG 4g.20gb (0),1,,13,[CUDA memcpy Host-to-Device]
2247360170,12576,77524,273,1,1,48,1,1,40,0.000,0.001,,,,,NVIDIA A100-SXM4-40GB MIG 4g.20gb (0),1,,13,"void pusch_noise_intf_est::noiseIntfEstNoDftSOfdmKernel<float, __half, float, float, (unsigned int)2, (unsigned int)1, (unsigned char)4, (unsigned char)4>(pusch_noise_intf_est::puschRxNoiseIntfEstDynDescr)"
2247376138,2848,77535,35,1,1,128,1,1,16,0.000,0.000,,,,,NVIDIA A100-SXM4-40GB MIG 4g.20gb (0),1,,13,cupy_copy__complex64_complex64
2247380938,1888,77544,1,1,1,1,1,1,18,0.000,0.000,,,,,NVIDIA A100-SXM4-40GB MIG 4g.20gb (0),1,,13,cupy_copy__float32_float32
2247403498,1568,77550,,,,,,,,,,0.000,2.551,Device,Pageable,NVIDIA A100-SXM4-40GB MIG 4g.20gb (0),1,,7,[CUDA memcpy Device-to-Host]
2247462953,12704,77561,1434,1,1,128,1,1,16,0.000,0.000,,,,,NVIDIA A100-SXM4-40GB MIG 4g.20gb (0),1,,13,cupy_copy__complex64_complex64
2247489673,3424,77568,103,1,1,128,1,1,16,0.000,0.000,,,,,NVIDIA A100-SXM4-40GB MIG 4g.20gb (0),1,,13,cupy_copy__complex64_complex64
2247510184,2688,77575,35,1,1,128,1,1,16,0.000,0.000,,,,,NVIDIA A100-SXM4-40GB MIG 4g.20gb (0),1,,13,cupy_copy__complex64_complex64
2247530056,1792,77582,1,1,1,1,1,1,18,0.000,0.000,,,,,NVIDIA A100-SXM4-40GB MIG 4g.20gb (0),1,,13,cupy_copy__float32_float32
2247659526,82303,77593,1,1,1,32,32,1,30,0.000,0.000,,,,,NVIDIA A100-SXM4-40GB MIG 4g.20gb (0),1,,13,"void convert_kernel<__half2, float2>(tensor_layout_any, T1 *, tensor_layout_any, const T2 *)"
2247768965,5696,77596,,,,,,,,,,0.094,16449.363,Pinned,Device,NVIDIA A100-SXM4-40GB MIG 4g.20gb (0),1,,13,[CUDA memcpy Host-to-Device]
2247783173,3264,77597,,,,,,,,,,1.547,473842.288,Device,,NVIDIA A100-SXM4-40GB MIG 4g.20gb (0),1,,13,[CUDA memset]
2247789957,3776,77602,,,,,,,,,,0.031,8288.120,Pinned,Device,NVIDIA A100-SXM4-40GB MIG 4g.20gb (0),1,,13,[CUDA memcpy Host-to-Device]
2247796613,9696,77603,,,,,,,,,,0.197,20277.166,Pinned,Device,NVIDIA A100-SXM4-40GB MIG 4g.20gb (0),1,,13,[CUDA memcpy Host-to-Device]
2247813189,6784,77604,273,1,1,8,4,1,39,0.002,0.000,,,,,NVIDIA A100-SXM4-40GB MIG 4g.20gb (0),1,,13,"void channel_eq::eqMmseCoefCompLowMimoKernel<float, float, float, (unsigned int)4, (unsigned int)1, (unsigned int)4>(const channel_eq::_puschRxChEqStatDescr *, channel_eq::_puschRxChEqCoefCompDynDescr)"
2247824804,5568,77605,273,1,1,12,11,1,51,0.002,0.000,,,,,NVIDIA A100-SXM4-40GB MIG 4g.20gb (0),1,,13,"void channel_eq::eqMmseSoftDemapKernel<float, __half, __half, float, (unsigned int)4, (unsigned short)16383>(channel_eq::_puschRxChEqStatDescr *, channel_eq::_puschRxChEqSoftDemapDynDescr)"
2247833412,282749,77606,1,1,1,32,32,1,30,0.000,0.000,,,,,NVIDIA A100-SXM4-40GB MIG 4g.20gb (0),1,,13,"void convert_kernel<float2, __half2>(tensor_layout_any, T1 *, tensor_layout_any, const T2 *)"
2248117249,10976,77618,2253,1,1,128,1,1,16,0.000,0.000,,,,,NVIDIA A100-SXM4-40GB MIG 4g.20gb (0),1,,13,cupy_copy__float16_float16
2248130593,3648,77627,282,1,1,128,1,1,16,0.000,0.000,,,,,NVIDIA A100-SXM4-40GB MIG 4g.20gb (0),1,,13,cupy_copy__complex64_complex64
2248137153,2112,77636,26,1,1,128,1,1,16,0.000,0.000,,,,,NVIDIA A100-SXM4-40GB MIG 4g.20gb (0),1,,13,cupy_copy__float32_float32
2248141345,4191,77645,103,1,1,128,1,1,16,0.000,0.000,,,,,NVIDIA A100-SXM4-40GB MIG 4g.20gb (0),1,,13,cupy_copy__complex64_complex64
2248147968,12000,77655,1434,1,1,128,1,1,16,0.000,0.000,,,,,NVIDIA A100-SXM4-40GB MIG 4g.20gb (0),1,,13,cupy_copy__complex64_complex64
2248162240,87551,77660,1,1,1,32,32,1,30,0.000,0.000,,,,,NVIDIA A100-SXM4-40GB MIG 4g.20gb (0),1,,13,"void convert_kernel<__half2, float2>(tensor_layout_any, T1 *, tensor_layout_any, const T2 *)"
2248277855,5696,77663,,,,,,,,,,0.094,16449.363,Pinned,Device,NVIDIA A100-SXM4-40GB MIG 4g.20gb (0),1,,13,[CUDA memcpy Host-to-Device]
2248287231,598904,77664,,,,,,,,,,456.561,762001.043,Device,,NVIDIA A100-SXM4-40GB MIG 4g.20gb (0),1,,13,[CUDA memset]
2248890871,169758,77669,,,,,,,,,,1.235,7273.820,Pinned,Device,NVIDIA A100-SXM4-40GB MIG 4g.20gb (0),1,,13,[CUDA memcpy Host-to-Device]
2249072213,41120,77670,,,,,,,,,,0.197,4781.310,Pinned,Device,NVIDIA A100-SXM4-40GB MIG 4g.20gb (0),1,,13,[CUDA memcpy Host-to-Device]
2249133684,7840,77671,69,4,1,48,1,1,76,0.002,0.000,,,,,NVIDIA A100-SXM4-40GB MIG 4g.20gb (0),1,,13,"void ch_est::windowedChEstPreNoDftSOfdmKernel<float, __half, float, (unsigned int)2, (unsigned int)1, (unsigned short)4>(ch_est::puschRxChEstStatDescr_t *, ch_est::puschRxChEstDynDescr_t *)"
2249152692,6368,77672,137,2,1,24,2,1,44,0.001,0.001,,,,,NVIDIA A100-SXM4-40GB MIG 4g.20gb (0),1,,13,"void ch_est::chEstFilterNoDftSOfdmDispatchKernel<float, __half, float, (unsigned int)2>(ch_est::puschRxChEstStatDescr_t *, ch_est::puschRxChEstDynDescr_t *)"
2249166420,4768,77673,137,2,1,24,2,1,44,0.001,0.001,,,,,NVIDIA A100-SXM4-40GB MIG 4g.20gb (0),1,,13,"void ch_est::chEstFilterNoDftSOfdmDispatchKernel<float, __half, float, (unsigned int)2>(ch_est::puschRxChEstStatDescr_t *, ch_est::puschRxChEstDynDescr_t *)"
2249181492,2560,77684,103,1,1,128,1,1,16,0.000,0.000,,,,,NVIDIA A100-SXM4-40GB MIG 4g.20gb (0),1,,13,cupy_copy__complex64_complex64
2249193556,12639,77694,1434,1,1,128,1,1,16,0.000,0.000,,,,,NVIDIA A100-SXM4-40GB MIG 4g.20gb (0),1,,13,cupy_copy__complex64_complex64
2249213427,2528,77701,103,1,1,128,1,1,16,0.000,0.000,,,,,NVIDIA A100-SXM4-40GB MIG 4g.20gb (0),1,,13,cupy_copy__complex64_complex64
2249230483,83039,77708,1,1,1,32,32,1,30,0.000,0.000,,,,,NVIDIA A100-SXM4-40GB MIG 4g.20gb (0),1,,13,"void convert_kernel<__half2, float2>(tensor_layout_any, T1 *, tensor_layout_any, const T2 *)"
2249345426,15455,77711,,,,,,,,,,0.094,6062.412,Pinned,Device,NVIDIA A100-SXM4-40GB MIG 4g.20gb (0),1,,13,[CUDA memcpy Host-to-Device]
2249366929,47520,77712,,,,,,,,,,35.810,753548.147,Device,,NVIDIA A100-SXM4-40GB MIG 4g.20gb (0),1,,13,[CUDA memset]
2249415537,8736,77714,,,,,,,,,,0.000,9.157,Pinned,Device,NVIDIA A100-SXM4-40GB MIG 4g.20gb (0),1,,13,[CUDA memcpy Host-to-Device]
2249429745,20127,77715,,,,,,,,,,0.197,9768.272,Pinned,Device,NVIDIA A100-SXM4-40GB MIG 4g.20gb (0),1,,13,[CUDA memcpy Host-to-Device]
2249464016,9984,77716,273,1,1,48,1,1,40,0.000,0.001,,,,,NVIDIA A100-SXM4-40GB MIG 4g.20gb (0),1,,13,"void pusch_noise_intf_est::noiseIntfEstNoDftSOfdmKernel<float, __half, float, float, (unsigned int)2, (unsigned int)1, (unsigned char)4, (unsigned char)4>(pusch_noise_intf_est::puschRxNoiseIntfEstDynDescr)"
2249478896,3040,77727,35,1,1,128,1,1,16,0.000,0.000,,,,,NVIDIA A100-SXM4-40GB MIG 4g.20gb (0),1,,13,cupy_copy__complex64_complex64
2249487536,1888,77736,1,1,1,1,1,1,18,0.000,0.000,,,,,NVIDIA A100-SXM4-40GB MIG 4g.20gb (0),1,,13,cupy_copy__float32_float32
2249494736,4960,77742,,,,,,,,,,0.000,0.806,Device,Pageable,NVIDIA A100-SXM4-40GB MIG 4g.20gb (0),1,,7,[CUDA memcpy Device-to-Host]
2249572367,12992,77753,1434,1,1,128,1,1,16,0.000,0.000,,,,,NVIDIA A100-SXM4-40GB MIG 4g.20gb (0),1,,13,cupy_copy__complex64_complex64
2249598063,3007,77760,103,1,1,128,1,1,16,0.000,0.000,,,,,NVIDIA A100-SXM4-40GB MIG 4g.20gb (0),1,,13,cupy_copy__complex64_complex64
2249624270,2400,77767,35,1,1,128,1,1,16,0.000,0.000,,,,,NVIDIA A100-SXM4-40GB MIG 4g.20gb (0),1,,13,cupy_copy__complex64_complex64
2249644430,1696,77774,1,1,1,1,1,1,18,0.000,0.000,,,,,NVIDIA A100-SXM4-40GB MIG 4g.20gb (0),1,,13,cupy_copy__float32_float32
2249759533,81183,77785,1,1,1,32,32,1,30,0.000,0.000,,,,,NVIDIA A100-SXM4-40GB MIG 4g.20gb (0),1,,13,"void convert_kernel<__half2, float2>(tensor_layout_any, T1 *, tensor_layout_any, const T2 *)"
2249868139,5568,77788,,,,,,,,,,0.094,16827.521,Pinned,Device,NVIDIA A100-SXM4-40GB MIG 4g.20gb (0),1,,13,[CUDA memcpy Host-to-Device]
2249884107,3232,77789,,,,,,,,,,1.547,478533.199,Device,,NVIDIA A100-SXM4-40GB MIG 4g.20gb (0),1,,13,[CUDA memset]
2249891499,2976,77794,,,,,,,,,,0.031,10516.113,Pinned,Device,NVIDIA A100-SXM4-40GB MIG 4g.20gb (0),1,,13,[CUDA memcpy Host-to-Device]
2249897643,9536,77795,,,,,,,,,,0.197,20617.298,Pinned,Device,NVIDIA A100-SXM4-40GB MIG 4g.20gb (0),1,,13,[CUDA memcpy Host-to-Device]
2249912651,6656,77796,273,1,1,8,4,1,39,0.002,0.000,,,,,NVIDIA A100-SXM4-40GB MIG 4g.20gb (0),1,,13,"void channel_eq::eqMmseCoefCompLowMimoKernel<float, float, float, (unsigned int)4, (unsigned int)1, (unsigned int)4>(const channel_eq::_puschRxChEqStatDescr *, channel_eq::_puschRxChEqCoefCompDynDescr)"
2249921835,6239,77797,273,1,1,12,11,1,51,0.002,0.000,,,,,NVIDIA A100-SXM4-40GB MIG 4g.20gb (0),1,,13,"void channel_eq::eqMmseSoftDemapKernel<float, __half, __half, float, (unsigned int)4, (unsigned short)16383>(channel_eq::_puschRxChEqStatDescr *, channel_eq::_puschRxChEqSoftDemapDynDescr)"
2249929194,282813,77798,1,1,1,32,32,1,30,0.000,0.000,,,,,NVIDIA A100-SXM4-40GB MIG 4g.20gb (0),1,,13,"void convert_kernel<float2, __half2>(tensor_layout_any, T1 *, tensor_layout_any, const T2 *)"
2250212967,11104,77810,2253,1,1,128,1,1,16,0.000,0.000,,,,,NVIDIA A100-SXM4-40GB MIG 4g.20gb (0),1,,13,cupy_copy__float16_float16
2250227495,3712,77819,282,1,1,128,1,1,16,0.000,0.000,,,,,NVIDIA A100-SXM4-40GB MIG 4g.20gb (0),1,,13,cupy_copy__complex64_complex64
2250234375,2336,77828,26,1,1,128,1,1,16,0.000,0.000,,,,,NVIDIA A100-SXM4-40GB MIG 4g.20gb (0),1,,13,cupy_copy__float32_float32
2250237799,2880,77837,103,1,1,128,1,1,16,0.000,0.000,,,,,NVIDIA A100-SXM4-40GB MIG 4g.20gb (0),1,,13,cupy_copy__complex64_complex64
2250243815,11839,77847,1434,1,1,128,1,1,16,0.000,0.000,,,,,NVIDIA A100-SXM4-40GB MIG 4g.20gb (0),1,,13,cupy_copy__complex64_complex64
2250256582,82719,77852,1,1,1,32,32,1,30,0.000,0.000,,,,,NVIDIA A100-SXM4-40GB MIG 4g.20gb (0),1,,13,"void convert_kernel<__half2, float2>(tensor_layout_any, T1 *, tensor_layout_any, const T2 *)"
2250366277,5888,77855,,,,,,,,,,0.094,15912.954,Pinned,Device,NVIDIA A100-SXM4-40GB MIG 4g.20gb (0),1,,13,[CUDA memcpy Host-to-Device]
2250377605,596953,77856,,,,,,,,,,456.561,764740.412,Device,,NVIDIA A100-SXM4-40GB MIG 4g.20gb (0),1,,13,[CUDA memset]
2250981725,154367,77861,,,,,,,,,,1.235,7999.967,Pinned,Device,NVIDIA A100-SXM4-40GB MIG 4g.20gb (0),1,,13,[CUDA memcpy Host-to-Device]
2251143899,33024,77862,,,,,,,,,,0.197,5953.487,Pinned,Device,NVIDIA A100-SXM4-40GB MIG 4g.20gb (0),1,,13,[CUDA memcpy Host-to-Device]
2251190171,7936,77863,69,4,1,48,1,1,76,0.002,0.000,,,,,NVIDIA A100-SXM4-40GB MIG 4g.20gb (0),1,,13,"void ch_est::windowedChEstPreNoDftSOfdmKernel<float, __half, float, (unsigned int)2, (unsigned int)1, (unsigned short)4>(ch_est::puschRxChEstStatDescr_t *, ch_est::puschRxChEstDynDescr_t *)"
2251206139,6240,77864,137,2,1,24,2,1,44,0.001,0.001,,,,,NVIDIA A100-SXM4-40GB MIG 4g.20gb (0),1,,13,"void ch_est::chEstFilterNoDftSOfdmDispatchKernel<float, __half, float, (unsigned int)2>(ch_est::puschRxChEstStatDescr_t *, ch_est::puschRxChEstDynDescr_t *)"
2251218522,4800,77865,137,2,1,24,2,1,44,0.001,0.001,,,,,NVIDIA A100-SXM4-40GB MIG 4g.20gb (0),1,,13,"void ch_est::chEstFilterNoDftSOfdmDispatchKernel<float, __half, float, (unsigned int)2>(ch_est::puschRxChEstStatDescr_t *, ch_est::puschRxChEstDynDescr_t *)"
2251230682,2688,77876,103,1,1,128,1,1,16,0.000,0.000,,,,,NVIDIA A100-SXM4-40GB MIG 4g.20gb (0),1,,13,cupy_copy__complex64_complex64
2251239002,12640,77886,1434,1,1,128,1,1,16,0.000,0.000,,,,,NVIDIA A100-SXM4-40GB MIG 4g.20gb (0),1,,13,cupy_copy__complex64_complex64
2251258234,2624,77893,103,1,1,128,1,1,16,0.000,0.000,,,,,NVIDIA A100-SXM4-40GB MIG 4g.20gb (0),1,,13,cupy_copy__complex64_complex64
2251270490,84063,77900,1,1,1,32,32,1,30,0.000,0.000,,,,,NVIDIA A100-SXM4-40GB MIG 4g.20gb (0),1,,13,"void convert_kernel<__half2, float2>(tensor_layout_any, T1 *, tensor_layout_any, const T2 *)"
2251386328,18464,77903,,,,,,,,,,0.094,5074.482,Pinned,Device,NVIDIA A100-SXM4-40GB MIG 4g.20gb (0),1,,13,[CUDA memcpy Host-to-Device]
2251421784,46559,77904,,,,,,,,,,35.810,769125.462,Device,,NVIDIA A100-SXM4-40GB MIG 4g.20gb (0),1,,13,[CUDA memset]
2251471767,9760,77906,,,,,,,,,,0.000,8.197,Pinned,Device,NVIDIA A100-SXM4-40GB MIG 4g.20gb (0),1,,13,[CUDA memcpy Host-to-Device]
2251491159,22592,77907,,,,,,,,,,0.197,8702.460,Pinned,Device,NVIDIA A100-SXM4-40GB MIG 4g.20gb (0),1,,13,[CUDA memcpy Host-to-Device]
2251533975,9631,77908,273,1,1,48,1,1,40,0.000,0.001,,,,,NVIDIA A100-SXM4-40GB MIG 4g.20gb (0),1,,13,"void pusch_noise_intf_est::noiseIntfEstNoDftSOfdmKernel<float, __half, float, float, (unsigned int)2, (unsigned int)1, (unsigned char)4, (unsigned char)4>(pusch_noise_intf_est::puschRxNoiseIntfEstDynDescr)"
2251546614,3008,77919,35,1,1,128,1,1,16,0.000,0.000,,,,,NVIDIA A100-SXM4-40GB MIG 4g.20gb (0),1,,13,cupy_copy__complex64_complex64
2251556310,1792,77928,1,1,1,1,1,1,18,0.000,0.000,,,,,NVIDIA A100-SXM4-40GB MIG 4g.20gb (0),1,,13,cupy_copy__float32_float32
2251561430,8352,77934,,,,,,,,,,0.000,0.479,Device,Pageable,NVIDIA A100-SXM4-40GB MIG 4g.20gb (0),1,,7,[CUDA memcpy Device-to-Host]
2251642645,12992,77945,1434,1,1,128,1,1,16,0.000,0.000,,,,,NVIDIA A100-SXM4-40GB MIG 4g.20gb (0),1,,13,cupy_copy__complex64_complex64
2251669941,5504,77952,103,1,1,128,1,1,16,0.000,0.000,,,,,NVIDIA A100-SXM4-40GB MIG 4g.20gb (0),1,,13,cupy_copy__complex64_complex64
2251689109,2496,77959,35,1,1,128,1,1,16,0.000,0.000,,,,,NVIDIA A100-SXM4-40GB MIG 4g.20gb (0),1,,13,cupy_copy__complex64_complex64
2251703604,1984,77966,1,1,1,1,1,1,18,0.000,0.000,,,,,NVIDIA A100-SXM4-40GB MIG 4g.20gb (0),1,,13,cupy_copy__float32_float32
2251832723,87071,77977,1,1,1,32,32,1,30,0.000,0.000,,,,,NVIDIA A100-SXM4-40GB MIG 4g.20gb (0),1,,13,"void convert_kernel<__half2, float2>(tensor_layout_any, T1 *, tensor_layout_any, const T2 *)"
2251947377,5824,77980,,,,,,,,,,0.094,16087.884,Pinned,Device,NVIDIA A100-SXM4-40GB MIG 4g.20gb (0),1,,13,[CUDA memcpy Host-to-Device]
2251962481,3040,77981,,,,,,,,,,1.547,508757.325,Device,,NVIDIA A100-SXM4-40GB MIG 4g.20gb (0),1,,13,[CUDA memset]
2251970833,3136,77986,,,,,,,,,,0.031,9979.575,Pinned,Device,NVIDIA A100-SXM4-40GB MIG 4g.20gb (0),1,,13,[CUDA memcpy Host-to-Device]
2251976401,9664,77987,,,,,,,,,,0.197,20344.209,Pinned,Device,NVIDIA A100-SXM4-40GB MIG 4g.20gb (0),1,,13,[CUDA memcpy Host-to-Device]
2251991633,7488,77988,273,1,1,8,4,1,39,0.002,0.000,,,,,NVIDIA A100-SXM4-40GB MIG 4g.20gb (0),1,,13,"void channel_eq::eqMmseCoefCompLowMimoKernel<float, float, float, (unsigned int)4, (unsigned int)1, (unsigned int)4>(const channel_eq::_puschRxChEqStatDescr *, channel_eq::_puschRxChEqCoefCompDynDescr)"
2252000337,5472,77989,273,1,1,12,11,1,51,0.002,0.000,,,,,NVIDIA A100-SXM4-40GB MIG 4g.20gb (0),1,,13,"void channel_eq::eqMmseSoftDemapKernel<float, __half, __half, float, (unsigned int)4, (unsigned short)16383>(channel_eq::_puschRxChEqStatDescr *, channel_eq::_puschRxChEqSoftDemapDynDescr)"
2252006865,282236,77990,1,1,1,32,32,1,30,0.000,0.000,,,,,NVIDIA A100-SXM4-40GB MIG 4g.20gb (0),1,,13,"void convert_kernel<float2, __half2>(tensor_layout_any, T1 *, tensor_layout_any, const T2 *)"
2252293709,11008,78002,2253,1,1,128,1,1,16,0.000,0.000,,,,,NVIDIA A100-SXM4-40GB MIG 4g.20gb (0),1,,13,cupy_copy__float16_float16
2252309357,3744,78011,282,1,1,128,1,1,16,0.000,0.000,,,,,NVIDIA A100-SXM4-40GB MIG 4g.20gb (0),1,,13,cupy_copy__complex64_complex64
2252314541,2144,78020,26,1,1,128,1,1,16,0.000,0.000,,,,,NVIDIA A100-SXM4-40GB MIG 4g.20gb (0),1,,13,cupy_copy__float32_float32
2252318797,3936,78029,103,1,1,128,1,1,16,0.000,0.000,,,,,NVIDIA A100-SXM4-40GB MIG 4g.20gb (0),1,,13,cupy_copy__complex64_complex64
2252323661,12000,78039,1434,1,1,128,1,1,16,0.000,0.000,,,,,NVIDIA A100-SXM4-40GB MIG 4g.20gb (0),1,,13,cupy_copy__complex64_complex64
2252338893,87263,78044,1,1,1,32,32,1,30,0.000,0.000,,,,,NVIDIA A100-SXM4-40GB MIG 4g.20gb (0),1,,13,"void convert_kernel<__half2, float2>(tensor_layout_any, T1 *, tensor_layout_any, const T2 *)"
2252453227,5408,78047,,,,,,,,,,0.094,17325.421,Pinned,Device,NVIDIA A100-SXM4-40GB MIG 4g.20gb (0),1,,13,[CUDA memcpy Host-to-Device]
2252463787,597465,78048,,,,,,,,,,456.561,763827.289,Device,,NVIDIA A100-SXM4-40GB MIG 4g.20gb (0),1,,13,[CUDA memset]
2253065892,102718,78053,,,,,,,,,,1.235,12022.180,Pinned,Device,NVIDIA A100-SXM4-40GB MIG 4g.20gb (0),1,,13,[CUDA memcpy Host-to-Device]
2253179010,25600,78054,,,,,,,,,,0.197,7679.902,Pinned,Device,NVIDIA A100-SXM4-40GB MIG 4g.20gb (0),1,,13,[CUDA memcpy Host-to-Device]
2253227682,7936,78055,69,4,1,48,1,1,76,0.002,0.000,,,,,NVIDIA A100-SXM4-40GB MIG 4g.20gb (0),1,,13,"void ch_est::windowedChEstPreNoDftSOfdmKernel<float, __half, float, (unsigned int)2, (unsigned int)1, (unsigned short)4>(ch_est::puschRxChEstStatDescr_t *, ch_est::puschRxChEstDynDescr_t *)"
2253242305,7552,78056,137,2,1,24,2,1,44,0.001,0.001,,,,,NVIDIA A100-SXM4-40GB MIG 4g.20gb (0),1,,13,"void ch_est::chEstFilterNoDftSOfdmDispatchKernel<float, __half, float, (unsigned int)2>(ch_est::puschRxChEstStatDescr_t *, ch_est::puschRxChEstDynDescr_t *)"
2253258081,5472,78057,137,2,1,24,2,1,44,0.001,0.001,,,,,NVIDIA A100-SXM4-40GB MIG 4g.20gb (0),1,,13,"void ch_est::chEstFilterNoDftSOfdmDispatchKernel<float, __half, float, (unsigned int)2>(ch_est::puschRxChEstStatDescr_t *, ch_est::puschRxChEstDynDescr_t *)"
2253271905,2624,78068,103,1,1,128,1,1,16,0.000,0.000,,,,,NVIDIA A100-SXM4-40GB MIG 4g.20gb (0),1,,13,cupy_copy__complex64_complex64
2253287937,12800,78078,1434,1,1,128,1,1,16,0.000,0.000,,,,,NVIDIA A100-SXM4-40GB MIG 4g.20gb (0),1,,13,cupy_copy__complex64_complex64
2253309569,2560,78085,103,1,1,128,1,1,16,0.000,0.000,,,,,NVIDIA A100-SXM4-40GB MIG 4g.20gb (0),1,,13,cupy_copy__complex64_complex64
2253322016,93087,78092,1,1,1,32,32,1,30,0.000,0.000,,,,,NVIDIA A100-SXM4-40GB MIG 4g.20gb (0),1,,13,"void convert_kernel<__half2, float2>(tensor_layout_any, T1 *, tensor_layout_any, const T2 *)"
2253446527,17152,78095,,,,,,,,,,0.094,5462.664,Pinned,Device,NVIDIA A100-SXM4-40GB MIG 4g.20gb (0),1,,13,[CUDA memcpy Host-to-Device]
2253486494,47424,78096,,,,,,,,,,35.810,755087.973,Device,,NVIDIA A100-SXM4-40GB MIG 4g.20gb (0),1,,13,[CUDA memset]
2253534590,7872,78098,,,,,,,,,,0.000,10.163,Pinned,Device,NVIDIA A100-SXM4-40GB MIG 4g.20gb (0),1,,13,[CUDA memcpy Host-to-Device]
2253552670,21855,78099,,,,,,,,,,0.197,8995.996,Pinned,Device,NVIDIA A100-SXM4-40GB MIG 4g.20gb (0),1,,13,[CUDA memcpy Host-to-Device]
2253583869,9728,78100,273,1,1,48,1,1,40,0.000,0.001,,,,,NVIDIA A100-SXM4-40GB MIG 4g.20gb (0),1,,13,"void pusch_noise_intf_est::noiseIntfEstNoDftSOfdmKernel<float, __half, float, float, (unsigned int)2, (unsigned int)1, (unsigned char)4, (unsigned char)4>(pusch_noise_intf_est::puschRxNoiseIntfEstDynDescr)"
2253602557,2656,78111,35,1,1,128,1,1,16,0.000,0.000,,,,,NVIDIA A100-SXM4-40GB MIG 4g.20gb (0),1,,13,cupy_copy__complex64_complex64
2253625309,1728,78120,1,1,1,1,1,1,18,0.000,0.000,,,,,NVIDIA A100-SXM4-40GB MIG 4g.20gb (0),1,,13,cupy_copy__float32_float32
2253635005,5952,78126,,,,,,,,,,0.000,0.672,Device,Pageable,NVIDIA A100-SXM4-40GB MIG 4g.20gb (0),1,,7,[CUDA memcpy Device-to-Host]
2253721308,12863,78137,1434,1,1,128,1,1,16,0.000,0.000,,,,,NVIDIA A100-SXM4-40GB MIG 4g.20gb (0),1,,13,cupy_copy__complex64_complex64
2253741659,3360,78144,103,1,1,128,1,1,16,0.000,0.000,,,,,NVIDIA A100-SXM4-40GB MIG 4g.20gb (0),1,,13,cupy_copy__complex64_complex64
2253759067,2560,78151,35,1,1,128,1,1,16,0.000,0.000,,,,,NVIDIA A100-SXM4-40GB MIG 4g.20gb (0),1,,13,cupy_copy__complex64_complex64
2253779931,1792,78158,1,1,1,1,1,1,18,0.000,0.000,,,,,NVIDIA A100-SXM4-40GB MIG 4g.20gb (0),1,,13,cupy_copy__float32_float32
2253905657,87775,78169,1,1,1,32,32,1,30,0.000,0.000,,,,,NVIDIA A100-SXM4-40GB MIG 4g.20gb (0),1,,13,"void convert_kernel<__half2, float2>(tensor_layout_any, T1 *, tensor_layout_any, const T2 *)"
2254020792,6016,78172,,,,,,,,,,0.094,15574.430,Pinned,Device,NVIDIA A100-SXM4-40GB MIG 4g.20gb (0),1,,13,[CUDA memcpy Host-to-Device]
2254036152,3200,78173,,,,,,,,,,1.547,483320.000,Device,,NVIDIA A100-SXM4-40GB MIG 4g.20gb (0),1,,13,[CUDA memset]
2254042136,3328,78178,,,,,,,,,,0.031,9403.822,Pinned,Device,NVIDIA A100-SXM4-40GB MIG 4g.20gb (0),1,,13,[CUDA memcpy Host-to-Device]
2254048248,9535,78179,,,,,,,,,,0.197,20619.461,Pinned,Device,NVIDIA A100-SXM4-40GB MIG 4g.20gb (0),1,,13,[CUDA memcpy Host-to-Device]
2254064439,6336,78180,273,1,1,8,4,1,39,0.002,0.000,,,,,NVIDIA A100-SXM4-40GB MIG 4g.20gb (0),1,,13,"void channel_eq::eqMmseCoefCompLowMimoKernel<float, float, float, (unsigned int)4, (unsigned int)1, (unsigned int)4>(const channel_eq::_puschRxChEqStatDescr *, channel_eq::_puschRxChEqCoefCompDynDescr)"
2254074423,5984,78181,273,1,1,12,11,1,51,0.002,0.000,,,,,NVIDIA A100-SXM4-40GB MIG 4g.20gb (0),1,,13,"void channel_eq::eqMmseSoftDemapKernel<float, __half, __half, float, (unsigned int)4, (unsigned short)16383>(channel_eq::_puschRxChEqStatDescr *, channel_eq::_puschRxChEqSoftDemapDynDescr)"
2254081527,282525,78182,1,1,1,32,32,1,30,0.000,0.000,,,,,NVIDIA A100-SXM4-40GB MIG 4g.20gb (0),1,,13,"void convert_kernel<float2, __half2>(tensor_layout_any, T1 *, tensor_layout_any, const T2 *)"
2254366868,10943,78194,2253,1,1,128,1,1,16,0.000,0.000,,,,,NVIDIA A100-SXM4-40GB MIG 4g.20gb (0),1,,13,cupy_copy__float16_float16
2254380947,3552,78203,282,1,1,128,1,1,16,0.000,0.000,,,,,NVIDIA A100-SXM4-40GB MIG 4g.20gb (0),1,,13,cupy_copy__complex64_complex64
2254387827,2144,78212,26,1,1,128,1,1,16,0.000,0.000,,,,,NVIDIA A100-SXM4-40GB MIG 4g.20gb (0),1,,13,cupy_copy__float32_float32
2254392243,2976,78221,103,1,1,128,1,1,16,0.000,0.000,,,,,NVIDIA A100-SXM4-40GB MIG 4g.20gb (0),1,,13,cupy_copy__complex64_complex64
2254396339,11968,78231,1434,1,1,128,1,1,16,0.000,0.000,,,,,NVIDIA A100-SXM4-40GB MIG 4g.20gb (0),1,,13,cupy_copy__complex64_complex64
2254410067,87327,78236,1,1,1,32,32,1,30,0.000,0.000,,,,,NVIDIA A100-SXM4-40GB MIG 4g.20gb (0),1,,13,"void convert_kernel<__half2, float2>(tensor_layout_any, T1 *, tensor_layout_any, const T2 *)"
2254524722,6112,78239,,,,,,,,,,0.094,15329.790,Pinned,Device,NVIDIA A100-SXM4-40GB MIG 4g.20gb (0),1,,13,[CUDA memcpy Host-to-Device]
2254536273,595833,78240,,,,,,,,,,456.561,766110.096,Device,,NVIDIA A100-SXM4-40GB MIG 4g.20gb (0),1,,13,[CUDA memset]
2255134186,96031,78245,,,,,,,,,,1.235,12859.472,Pinned,Device,NVIDIA A100-SXM4-40GB MIG 4g.20gb (0),1,,13,[CUDA memcpy Host-to-Device]
2255241257,19744,78246,,,,,,,,,,0.197,9957.802,Pinned,Device,NVIDIA A100-SXM4-40GB MIG 4g.20gb (0),1,,13,[CUDA memcpy Host-to-Device]
2255273352,7936,78247,69,4,1,48,1,1,76,0.002,0.000,,,,,NVIDIA A100-SXM4-40GB MIG 4g.20gb (0),1,,13,"void ch_est::windowedChEstPreNoDftSOfdmKernel<float, __half, float, (unsigned int)2, (unsigned int)1, (unsigned short)4>(ch_est::puschRxChEstStatDescr_t *, ch_est::puschRxChEstDynDescr_t *)"
2255283432,6528,78248,137,2,1,24,2,1,44,0.001,0.001,,,,,NVIDIA A100-SXM4-40GB MIG 4g.20gb (0),1,,13,"void ch_est::chEstFilterNoDftSOfdmDispatchKernel<float, __half, float, (unsigned int)2>(ch_est::puschRxChEstStatDescr_t *, ch_est::puschRxChEstDynDescr_t *)"
2255293736,5120,78249,137,2,1,24,2,1,44,0.001,0.001,,,,,NVIDIA A100-SXM4-40GB MIG 4g.20gb (0),1,,13,"void ch_est::chEstFilterNoDftSOfdmDispatchKernel<float, __half, float, (unsigned int)2>(ch_est::puschRxChEstStatDescr_t *, ch_est::puschRxChEstDynDescr_t *)"
2255302344,2848,78260,103,1,1,128,1,1,16,0.000,0.000,,,,,NVIDIA A100-SXM4-40GB MIG 4g.20gb (0),1,,13,cupy_copy__complex64_complex64
2255310280,12544,78270,1434,1,1,128,1,1,16,0.000,0.000,,,,,NVIDIA A100-SXM4-40GB MIG 4g.20gb (0),1,,13,cupy_copy__complex64_complex64
2255325608,2688,78277,103,1,1,128,1,1,16,0.000,0.000,,,,,NVIDIA A100-SXM4-40GB MIG 4g.20gb (0),1,,13,cupy_copy__complex64_complex64
2255333832,84127,78284,1,1,1,32,32,1,30,0.000,0.000,,,,,NVIDIA A100-SXM4-40GB MIG 4g.20gb (0),1,,13,"void convert_kernel<__half2, float2>(tensor_layout_any, T1 *, tensor_layout_any, const T2 *)"
2255448198,9376,78287,,,,,,,,,,0.094,9993.147,Pinned,Device,NVIDIA A100-SXM4-40GB MIG 4g.20gb (0),1,,13,[CUDA memcpy Host-to-Device]
2255467302,47071,78288,,,,,,,,,,35.810,760745.940,Device,,NVIDIA A100-SXM4-40GB MIG 4g.20gb (0),1,,13,[CUDA memset]
2255522565,3776,78290,,,,,,,,,,0.000,21.186,Pinned,Device,NVIDIA A100-SXM4-40GB MIG 4g.20gb (0),1,,13,[CUDA memcpy Host-to-Device]
2255534885,21568,78291,,,,,,,,,,0.197,9115.533,Pinned,Device,NVIDIA A100-SXM4-40GB MIG 4g.20gb (0),1,,13,[CUDA memcpy Host-to-Device]
2255575525,9536,78292,273,1,1,48,1,1,40,0.000,0.001,,,,,NVIDIA A100-SXM4-40GB MIG 4g.20gb (0),1,,13,"void pusch_noise_intf_est::noiseIntfEstNoDftSOfdmKernel<float, __half, float, float, (unsigned int)2, (unsigned int)1, (unsigned char)4, (unsigned char)4>(pusch_noise_intf_est::puschRxNoiseIntfEstDynDescr)"
2255594532,2976,78303,35,1,1,128,1,1,16,0.000,0.000,,,,,NVIDIA A100-SXM4-40GB MIG 4g.20gb (0),1,,13,cupy_copy__complex64_complex64
2255604932,1696,78312,1,1,1,1,1,1,18,0.000,0.000,,,,,NVIDIA A100-SXM4-40GB MIG 4g.20gb (0),1,,13,cupy_copy__float32_float32
2255613348,6080,78318,,,,,,,,,,0.000,0.658,Device,Pageable,NVIDIA A100-SXM4-40GB MIG 4g.20gb (0),1,,7,[CUDA memcpy Device-to-Host]
2255696035,12864,78329,1434,1,1,128,1,1,16,0.000,0.000,,,,,NVIDIA A100-SXM4-40GB MIG 4g.20gb (0),1,,13,cupy_copy__complex64_complex64
2255716099,2944,78336,103,1,1,128,1,1,16,0.000,0.000,,,,,NVIDIA A100-SXM4-40GB MIG 4g.20gb (0),1,,13,cupy_copy__complex64_complex64
2255734531,2784,78343,35,1,1,128,1,1,16,0.000,0.000,,,,,NVIDIA A100-SXM4-40GB MIG 4g.20gb (0),1,,13,cupy_copy__complex64_complex64
2255760226,1792,78350,1,1,1,1,1,1,18,0.000,0.000,,,,,NVIDIA A100-SXM4-40GB MIG 4g.20gb (0),1,,13,cupy_copy__float32_float32
2255882305,82911,78361,1,1,1,32,32,1,30,0.000,0.000,,,,,NVIDIA A100-SXM4-40GB MIG 4g.20gb (0),1,,13,"void convert_kernel<__half2, float2>(tensor_layout_any, T1 *, tensor_layout_any, const T2 *)"
2255992799,5664,78364,,,,,,,,,,0.094,16542.310,Pinned,Device,NVIDIA A100-SXM4-40GB MIG 4g.20gb (0),1,,13,[CUDA memcpy Host-to-Device]
2256008191,3200,78365,,,,,,,,,,1.547,483320.000,Device,,NVIDIA A100-SXM4-40GB MIG 4g.20gb (0),1,,13,[CUDA memset]
2256014271,3008,78370,,,,,,,,,,0.031,10404.230,Pinned,Device,NVIDIA A100-SXM4-40GB MIG 4g.20gb (0),1,,13,[CUDA memcpy Host-to-Device]
2256019807,10432,78371,,,,,,,,,,0.197,18846.450,Pinned,Device,NVIDIA A100-SXM4-40GB MIG 4g.20gb (0),1,,13,[CUDA memcpy Host-to-Device]
2256034143,6560,78372,273,1,1,8,4,1,39,0.002,0.000,,,,,NVIDIA A100-SXM4-40GB MIG 4g.20gb (0),1,,13,"void channel_eq::eqMmseCoefCompLowMimoKernel<float, float, float, (unsigned int)4, (unsigned int)1, (unsigned int)4>(const channel_eq::_puschRxChEqStatDescr *, channel_eq::_puschRxChEqCoefCompDynDescr)"
2256041791,6208,78373,273,1,1,12,11,1,51,0.002,0.000,,,,,NVIDIA A100-SXM4-40GB MIG 4g.20gb (0),1,,13,"void channel_eq::eqMmseSoftDemapKernel<float, __half, __half, float, (unsigned int)4, (unsigned short)16383>(channel_eq::_puschRxChEqStatDescr *, channel_eq::_puschRxChEqSoftDemapDynDescr)"
2256048959,282908,78374,1,1,1,32,32,1,30,0.000,0.000,,,,,NVIDIA A100-SXM4-40GB MIG 4g.20gb (0),1,,13,"void convert_kernel<float2, __half2>(tensor_layout_any, T1 *, tensor_layout_any, const T2 *)"
2256333211,11008,78386,2253,1,1,128,1,1,16,0.000,0.000,,,,,NVIDIA A100-SXM4-40GB MIG 4g.20gb (0),1,,13,cupy_copy__float16_float16
2256346619,3808,78395,282,1,1,128,1,1,16,0.000,0.000,,,,,NVIDIA A100-SXM4-40GB MIG 4g.20gb (0),1,,13,cupy_copy__complex64_complex64
2256352699,2048,78404,26,1,1,128,1,1,16,0.000,0.000,,,,,NVIDIA A100-SXM4-40GB MIG 4g.20gb (0),1,,13,cupy_copy__float32_float32
2256356347,2944,78413,103,1,1,128,1,1,16,0.000,0.000,,,,,NVIDIA A100-SXM4-40GB MIG 4g.20gb (0),1,,13,cupy_copy__complex64_complex64
2256360443,12320,78423,1434,1,1,128,1,1,16,0.000,0.000,,,,,NVIDIA A100-SXM4-40GB MIG 4g.20gb (0),1,,13,cupy_copy__complex64_complex64
2256380827,86591,78428,1,1,1,32,32,1,30,0.000,0.000,,,,,NVIDIA A100-SXM4-40GB MIG 4g.20gb (0),1,,13,"void convert_kernel<__half2, float2>(tensor_layout_any, T1 *, tensor_layout_any, const T2 *)"
2256494905,5728,78431,,,,,,,,,,0.094,16357.541,Pinned,Device,NVIDIA A100-SXM4-40GB MIG 4g.20gb (0),1,,13,[CUDA memcpy Host-to-Device]
2256504761,601593,78432,,,,,,,,,,456.561,758805.113,Device,,NVIDIA A100-SXM4-40GB MIG 4g.20gb (0),1,,13,[CUDA memset]
2257109458,118878,78437,,,,,,,,,,1.235,10387.114,Pinned,Device,NVIDIA A100-SXM4-40GB MIG 4g.20gb (0),1,,13,[CUDA memcpy Host-to-Device]
2257238480,31840,78438,,,,,,,,,,0.197,6174.867,Pinned,Device,NVIDIA A100-SXM4-40GB MIG 4g.20gb (0),1,,13,[CUDA memcpy Host-to-Device]
2257287375,8128,78439,69,4,1,48,1,1,76,0.002,0.000,,,,,NVIDIA A100-SXM4-40GB MIG 4g.20gb (0),1,,13,"void ch_est::windowedChEstPreNoDftSOfdmKernel<float, __half, float, (unsigned int)2, (unsigned int)1, (unsigned short)4>(ch_est::puschRxChEstStatDescr_t *, ch_est::puschRxChEstDynDescr_t *)"
2257303247,6720,78440,137,2,1,24,2,1,44,0.001,0.001,,,,,NVIDIA A100-SXM4-40GB MIG 4g.20gb (0),1,,13,"void ch_est::chEstFilterNoDftSOfdmDispatchKernel<float, __half, float, (unsigned int)2>(ch_est::puschRxChEstStatDescr_t *, ch_est::puschRxChEstDynDescr_t *)"
2257314831,4704,78441,137,2,1,24,2,1,44,0.001,0.001,,,,,NVIDIA A100-SXM4-40GB MIG 4g.20gb (0),1,,13,"void ch_est::chEstFilterNoDftSOfdmDispatchKernel<float, __half, float, (unsigned int)2>(ch_est::puschRxChEstStatDescr_t *, ch_est::puschRxChEstDynDescr_t *)"
2257329967,2496,78452,103,1,1,128,1,1,16,0.000,0.000,,,,,NVIDIA A100-SXM4-40GB MIG 4g.20gb (0),1,,13,cupy_copy__complex64_complex64
2257345775,12576,78462,1434,1,1,128,1,1,16,0.000,0.000,,,,,NVIDIA A100-SXM4-40GB MIG 4g.20gb (0),1,,13,cupy_copy__complex64_complex64
2257365774,2560,78469,103,1,1,128,1,1,16,0.000,0.000,,,,,NVIDIA A100-SXM4-40GB MIG 4g.20gb (0),1,,13,cupy_copy__complex64_complex64
2257375790,83231,78476,1,1,1,32,32,1,30,0.000,0.000,,,,,NVIDIA A100-SXM4-40GB MIG 4g.20gb (0),1,,13,"void convert_kernel<__half2, float2>(tensor_layout_any, T1 *, tensor_layout_any, const T2 *)"
2257487245,5568,78479,,,,,,,,,,0.094,16827.521,Pinned,Device,NVIDIA A100-SXM4-40GB MIG 4g.20gb (0),1,,13,[CUDA memcpy Host-to-Device]
2257500269,47071,78480,,,,,,,,,,35.810,760745.940,Device,,NVIDIA A100-SXM4-40GB MIG 4g.20gb (0),1,,13,[CUDA memset]
2257553804,5440,78482,,,,,,,,,,0.000,14.706,Pinned,Device,NVIDIA A100-SXM4-40GB MIG 4g.20gb (0),1,,13,[CUDA memcpy Host-to-Device]
2257562476,12224,78483,,,,,,,,,,0.197,16083.714,Pinned,Device,NVIDIA A100-SXM4-40GB MIG 4g.20gb (0),1,,13,[CUDA memcpy Host-to-Device]
2257583372,10144,78484,273,1,1,48,1,1,40,0.000,0.001,,,,,NVIDIA A100-SXM4-40GB MIG 4g.20gb (0),1,,13,"void pusch_noise_intf_est::noiseIntfEstNoDftSOfdmKernel<float, __half, float, float, (unsigned int)2, (unsigned int)1, (unsigned char)4, (unsigned char)4>(pusch_noise_intf_est::puschRxNoiseIntfEstDynDescr)"
2257598732,2848,78495,35,1,1,128,1,1,16,0.000,0.000,,,,,NVIDIA A100-SXM4-40GB MIG 4g.20gb (0),1,,13,cupy_copy__complex64_complex64
2257609163,1824,78504,1,1,1,1,1,1,18,0.000,0.000,,,,,NVIDIA A100-SXM4-40GB MIG 4g.20gb (0),1,,13,cupy_copy__float32_float32
2257639851,1568,78510,,,,,,,,,,0.000,2.551,Device,Pageable,NVIDIA A100-SXM4-40GB MIG 4g.20gb (0),1,,7,[CUDA memcpy Device-to-Host]
2257699146,12928,78521,1434,1,1,128,1,1,16,0.000,0.000,,,,,NVIDIA A100-SXM4-40GB MIG 4g.20gb (0),1,,13,cupy_copy__complex64_complex64
2257724970,3392,78528,103,1,1,128,1,1,16,0.000,0.000,,,,,NVIDIA A100-SXM4-40GB MIG 4g.20gb (0),1,,13,cupy_copy__complex64_complex64
2257745098,2304,78535,35,1,1,128,1,1,16,0.000,0.000,,,,,NVIDIA A100-SXM4-40GB MIG 4g.20gb (0),1,,13,cupy_copy__complex64_complex64
2257763114,1792,78542,1,1,1,1,1,1,18,0.000,0.000,,,,,NVIDIA A100-SXM4-40GB MIG 4g.20gb (0),1,,13,cupy_copy__float32_float32
2257898184,85759,78553,1,1,1,32,32,1,30,0.000,0.000,,,,,NVIDIA A100-SXM4-40GB MIG 4g.20gb (0),1,,13,"void convert_kernel<__half2, float2>(tensor_layout_any, T1 *, tensor_layout_any, const T2 *)"
2258011655,5663,78556,,,,,,,,,,0.094,16545.214,Pinned,Device,NVIDIA A100-SXM4-40GB MIG 4g.20gb (0),1,,13,[CUDA memcpy Host-to-Device]
2258025574,3360,78557,,,,,,,,,,1.547,460304.688,Device,,NVIDIA A100-SXM4-40GB MIG 4g.20gb (0),1,,13,[CUDA memset]
2258032486,3168,78562,,,,,,,,,,0.031,9878.770,Pinned,Device,NVIDIA A100-SXM4-40GB MIG 4g.20gb (0),1,,13,[CUDA memcpy Host-to-Device]
2258037862,9312,78563,,,,,,,,,,0.197,21113.340,Pinned,Device,NVIDIA A100-SXM4-40GB MIG 4g.20gb (0),1,,13,[CUDA memcpy Host-to-Device]
2258053350,6720,78564,273,1,1,8,4,1,39,0.002,0.000,,,,,NVIDIA A100-SXM4-40GB MIG 4g.20gb (0),1,,13,"void channel_eq::eqMmseCoefCompLowMimoKernel<float, float, float, (unsigned int)4, (unsigned int)1, (unsigned int)4>(const channel_eq::_puschRxChEqStatDescr *, channel_eq::_puschRxChEqCoefCompDynDescr)"
2258062662,6464,78565,273,1,1,12,11,1,51,0.002,0.000,,,,,NVIDIA A100-SXM4-40GB MIG 4g.20gb (0),1,,13,"void channel_eq::eqMmseSoftDemapKernel<float, __half, __half, float, (unsigned int)4, (unsigned short)16383>(channel_eq::_puschRxChEqStatDescr *, channel_eq::_puschRxChEqSoftDemapDynDescr)"
2258070150,282524,78566,1,1,1,32,32,1,30,0.000,0.000,,,,,NVIDIA A100-SXM4-40GB MIG 4g.20gb (0),1,,13,"void convert_kernel<float2, __half2>(tensor_layout_any, T1 *, tensor_layout_any, const T2 *)"
2258355938,11008,78578,2253,1,1,128,1,1,16,0.000,0.000,,,,,NVIDIA A100-SXM4-40GB MIG 4g.20gb (0),1,,13,cupy_copy__float16_float16
2258368866,3264,78587,282,1,1,128,1,1,16,0.000,0.000,,,,,NVIDIA A100-SXM4-40GB MIG 4g.20gb (0),1,,13,cupy_copy__complex64_complex64
2258375522,2144,78596,26,1,1,128,1,1,16,0.000,0.000,,,,,NVIDIA A100-SXM4-40GB MIG 4g.20gb (0),1,,13,cupy_copy__float32_float32
2258380770,2976,78605,103,1,1,128,1,1,16,0.000,0.000,,,,,NVIDIA A100-SXM4-40GB MIG 4g.20gb (0),1,,13,cupy_copy__complex64_complex64
2258385538,12384,78615,1434,1,1,128,1,1,16,0.000,0.000,,,,,NVIDIA A100-SXM4-40GB MIG 4g.20gb (0),1,,13,cupy_copy__complex64_complex64
2258403170,82239,78620,1,1,1,32,32,1,30,0.000,0.000,,,,,NVIDIA A100-SXM4-40GB MIG 4g.20gb (0),1,,13,"void convert_kernel<__half2, float2>(tensor_layout_any, T1 *, tensor_layout_any, const T2 *)"
2258512480,5536,78623,,,,,,,,,,0.094,16924.777,Pinned,Device,NVIDIA A100-SXM4-40GB MIG 4g.20gb (0),1,,13,[CUDA memcpy Host-to-Device]
2258523808,597305,78624,,,,,,,,,,456.561,764283.851,Device,,NVIDIA A100-SXM4-40GB MIG 4g.20gb (0),1,,13,[CUDA memset]
2259125529,161150,78629,,,,,,,,,,1.235,7662.828,Pinned,Device,NVIDIA A100-SXM4-40GB MIG 4g.20gb (0),1,,13,[CUDA memcpy Host-to-Device]
2259299223,36671,78630,,,,,,,,,,0.197,5361.304,Pinned,Device,NVIDIA A100-SXM4-40GB MIG 4g.20gb (0),1,,13,[CUDA memcpy Host-to-Device]
2259361430,8448,78631,69,4,1,48,1,1,76,0.002,0.000,,,,,NVIDIA A100-SXM4-40GB MIG 4g.20gb (0),1,,13,"void ch_est::windowedChEstPreNoDftSOfdmKernel<float, __half, float, (unsigned int)2, (unsigned int)1, (unsigned short)4>(ch_est::puschRxChEstStatDescr_t *, ch_est::puschRxChEstDynDescr_t *)"
2259379478,6816,78632,137,2,1,24,2,1,44,0.001,0.001,,,,,NVIDIA A100-SXM4-40GB MIG 4g.20gb (0),1,,13,"void ch_est::chEstFilterNoDftSOfdmDispatchKernel<float, __half, float, (unsigned int)2>(ch_est::puschRxChEstStatDescr_t *, ch_est::puschRxChEstDynDescr_t *)"
2259396757,4736,78633,137,2,1,24,2,1,44,0.001,0.001,,,,,NVIDIA A100-SXM4-40GB MIG 4g.20gb (0),1,,13,"void ch_est::chEstFilterNoDftSOfdmDispatchKernel<float, __half, float, (unsigned int)2>(ch_est::puschRxChEstStatDescr_t *, ch_est::puschRxChEstDynDescr_t *)"
2259413653,2720,78644,103,1,1,128,1,1,16,0.000,0.000,,,,,NVIDIA A100-SXM4-40GB MIG 4g.20gb (0),1,,13,cupy_copy__complex64_complex64
2259430773,12352,78654,1434,1,1,128,1,1,16,0.000,0.000,,,,,NVIDIA A100-SXM4-40GB MIG 4g.20gb (0),1,,13,cupy_copy__complex64_complex64
2259450805,2912,78661,103,1,1,128,1,1,16,0.000,0.000,,,,,NVIDIA A100-SXM4-40GB MIG 4g.20gb (0),1,,13,cupy_copy__complex64_complex64
2259475348,87263,78668,1,1,1,32,32,1,30,0.000,0.000,,,,,NVIDIA A100-SXM4-40GB MIG 4g.20gb (0),1,,13,"void convert_kernel<__half2, float2>(tensor_layout_any, T1 *, tensor_layout_any, const T2 *)"
2259599123,19712,78671,,,,,,,,,,0.094,4753.198,Pinned,Device,NVIDIA A100-SXM4-40GB MIG 4g.20gb (0),1,,13,[CUDA memcpy Host-to-Device]
2259631250,46816,78672,,,,,,,,,,35.810,764899.891,Device,,NVIDIA A100-SXM4-40GB MIG 4g.20gb (0),1,,13,[CUDA memset]
2259679954,6720,78674,,,,,,,,,,0.000,11.905,Pinned,Device,NVIDIA A100-SXM4-40GB MIG 4g.20gb (0),1,,13,[CUDA memcpy Host-to-Device]
2259692882,17568,78675,,,,,,,,,,0.197,11191.124,Pinned,Device,NVIDIA A100-SXM4-40GB MIG 4g.20gb (0),1,,13,[CUDA memcpy Host-to-Device]
2259720913,10208,78676,273,1,1,48,1,1,40,0.000,0.001,,,,,NVIDIA A100-SXM4-40GB MIG 4g.20gb (0),1,,13,"void pusch_noise_intf_est::noiseIntfEstNoDftSOfdmKernel<float, __half, float, float, (unsigned int)2, (unsigned int)1, (unsigned char)4, (unsigned char)4>(pusch_noise_intf_est::puschRxNoiseIntfEstDynDescr)"
2259735473,3232,78687,35,1,1,128,1,1,16,0.000,0.000,,,,,NVIDIA A100-SXM4-40GB MIG 4g.20gb (0),1,,13,cupy_copy__complex64_complex64
2259740881,1984,78696,1,1,1,1,1,1,18,0.000,0.000,,,,,NVIDIA A100-SXM4-40GB MIG 4g.20gb (0),1,,13,cupy_copy__float32_float32
2259744369,1600,78702,,,,,,,,,,0.000,2.500,Device,Pageable,NVIDIA A100-SXM4-40GB MIG 4g.20gb (0),1,,7,[CUDA memcpy Device-to-Host]
2259806352,12960,78713,1434,1,1,128,1,1,16,0.000,0.000,,,,,NVIDIA A100-SXM4-40GB MIG 4g.20gb (0),1,,13,cupy_copy__complex64_complex64
2259830672,2944,78720,103,1,1,128,1,1,16,0.000,0.000,,,,,NVIDIA A100-SXM4-40GB MIG 4g.20gb (0),1,,13,cupy_copy__complex64_complex64
2259851856,2592,78727,35,1,1,128,1,1,16,0.000,0.000,,,,,NVIDIA A100-SXM4-40GB MIG 4g.20gb (0),1,,13,cupy_copy__complex64_complex64
2259874639,1760,78734,1,1,1,1,1,1,18,0.000,0.000,,,,,NVIDIA A100-SXM4-40GB MIG 4g.20gb (0),1,,13,cupy_copy__float32_float32
2260006958,81215,78745,1,1,1,32,32,1,30,0.000,0.000,,,,,NVIDIA A100-SXM4-40GB MIG 4g.20gb (0),1,,13,"void convert_kernel<__half2, float2>(tensor_layout_any, T1 *, tensor_layout_any, const T2 *)"
2260116908,5760,78748,,,,,,,,,,0.094,16266.656,Pinned,Device,NVIDIA A100-SXM4-40GB MIG 4g.20gb (0),1,,13,[CUDA memcpy Host-to-Device]
2260131148,3552,78749,,,,,,,,,,1.547,435422.601,Device,,NVIDIA A100-SXM4-40GB MIG 4g.20gb (0),1,,13,[CUDA memset]
2260137868,3136,78754,,,,,,,,,,0.031,9979.575,Pinned,Device,NVIDIA A100-SXM4-40GB MIG 4g.20gb (0),1,,13,[CUDA memcpy Host-to-Device]
2260143660,9728,78755,,,,,,,,,,0.197,20210.516,Pinned,Device,NVIDIA A100-SXM4-40GB MIG 4g.20gb (0),1,,13,[CUDA memcpy Host-to-Device]
2260159404,6144,78756,273,1,1,8,4,1,39,0.002,0.000,,,,,NVIDIA A100-SXM4-40GB MIG 4g.20gb (0),1,,13,"void channel_eq::eqMmseCoefCompLowMimoKernel<float, float, float, (unsigned int)4, (unsigned int)1, (unsigned int)4>(const channel_eq::_puschRxChEqStatDescr *, channel_eq::_puschRxChEqCoefCompDynDescr)"
2260168972,6240,78757,273,1,1,12,11,1,51,0.002,0.000,,,,,NVIDIA A100-SXM4-40GB MIG 4g.20gb (0),1,,13,"void channel_eq::eqMmseSoftDemapKernel<float, __half, __half, float, (unsigned int)4, (unsigned short)16383>(channel_eq::_puschRxChEqStatDescr *, channel_eq::_puschRxChEqSoftDemapDynDescr)"
2260176460,282204,78758,1,1,1,32,32,1,30,0.000,0.000,,,,,NVIDIA A100-SXM4-40GB MIG 4g.20gb (0),1,,13,"void convert_kernel<float2, __half2>(tensor_layout_any, T1 *, tensor_layout_any, const T2 *)"
2260459752,10912,78770,2253,1,1,128,1,1,16,0.000,0.000,,,,,NVIDIA A100-SXM4-40GB MIG 4g.20gb (0),1,,13,cupy_copy__float16_float16
2260475400,2816,78779,282,1,1,128,1,1,16,0.000,0.000,,,,,NVIDIA A100-SXM4-40GB MIG 4g.20gb (0),1,,13,cupy_copy__complex64_complex64
2260480264,2272,78788,26,1,1,128,1,1,16,0.000,0.000,,,,,NVIDIA A100-SXM4-40GB MIG 4g.20gb (0),1,,13,cupy_copy__float32_float32
2260483720,2976,78797,103,1,1,128,1,1,16,0.000,0.000,,,,,NVIDIA A100-SXM4-40GB MIG 4g.20gb (0),1,,13,cupy_copy__complex64_complex64
2260490120,12032,78807,1434,1,1,128,1,1,16,0.000,0.000,,,,,NVIDIA A100-SXM4-40GB MIG 4g.20gb (0),1,,13,cupy_copy__complex64_complex64
2260506760,81951,78812,1,1,1,32,32,1,30,0.000,0.000,,,,,NVIDIA A100-SXM4-40GB MIG 4g.20gb (0),1,,13,"void convert_kernel<__half2, float2>(tensor_layout_any, T1 *, tensor_layout_any, const T2 *)"
2260615398,5504,78815,,,,,,,,,,0.094,17023.251,Pinned,Device,NVIDIA A100-SXM4-40GB MIG 4g.20gb (0),1,,13,[CUDA memcpy Host-to-Device]
2260625318,596153,78816,,,,,,,,,,456.561,765653.535,Device,,NVIDIA A100-SXM4-40GB MIG 4g.20gb (0),1,,13,[CUDA memset]
2261222399,144446,78821,,,,,,,,,,1.235,8549.517,Pinned,Device,NVIDIA A100-SXM4-40GB MIG 4g.20gb (0),1,,13,[CUDA memcpy Host-to-Device]
2261380573,40319,78822,,,,,,,,,,0.197,4876.272,Pinned,Device,NVIDIA A100-SXM4-40GB MIG 4g.20gb (0),1,,13,[CUDA memcpy Host-to-Device]
2261444156,8032,78823,69,4,1,48,1,1,76,0.002,0.000,,,,,NVIDIA A100-SXM4-40GB MIG 4g.20gb (0),1,,13,"void ch_est::windowedChEstPreNoDftSOfdmKernel<float, __half, float, (unsigned int)2, (unsigned int)1, (unsigned short)4>(ch_est::puschRxChEstStatDescr_t *, ch_est::puschRxChEstDynDescr_t *)"
2261463324,6880,78824,137,2,1,24,2,1,44,0.001,0.001,,,,,NVIDIA A100-SXM4-40GB MIG 4g.20gb (0),1,,13,"void ch_est::chEstFilterNoDftSOfdmDispatchKernel<float, __half, float, (unsigned int)2>(ch_est::puschRxChEstStatDescr_t *, ch_est::puschRxChEstDynDescr_t *)"
2261481244,4736,78825,137,2,1,24,2,1,44,0.001,0.001,,,,,NVIDIA A100-SXM4-40GB MIG 4g.20gb (0),1,,13,"void ch_est::chEstFilterNoDftSOfdmDispatchKernel<float, __half, float, (unsigned int)2>(ch_est::puschRxChEstStatDescr_t *, ch_est::puschRxChEstDynDescr_t *)"
2261498011,2560,78836,103,1,1,128,1,1,16,0.000,0.000,,,,,NVIDIA A100-SXM4-40GB MIG 4g.20gb (0),1,,13,cupy_copy__complex64_complex64
2261514491,12672,78846,1434,1,1,128,1,1,16,0.000,0.000,,,,,NVIDIA A100-SXM4-40GB MIG 4g.20gb (0),1,,13,cupy_copy__complex64_complex64
2261533851,2912,78853,103,1,1,128,1,1,16,0.000,0.000,,,,,NVIDIA A100-SXM4-40GB MIG 4g.20gb (0),1,,13,cupy_copy__complex64_complex64
2261557467,84511,78860,1,1,1,32,32,1,30,0.000,0.000,,,,,NVIDIA A100-SXM4-40GB MIG 4g.20gb (0),1,,13,"void convert_kernel<__half2, float2>(tensor_layout_any, T1 *, tensor_layout_any, const T2 *)"
2261674649,26624,78863,,,,,,,,,,0.094,3519.222,Pinned,Device,NVIDIA A100-SXM4-40GB MIG 4g.20gb (0),1,,13,[CUDA memcpy Host-to-Device]
2261731801,46367,78864,,,,,,,,,,35.810,772312.545,Device,,NVIDIA A100-SXM4-40GB MIG 4g.20gb (0),1,,13,[CUDA memset]
2261785880,15808,78866,,,,,,,,,,0.000,5.061,Pinned,Device,NVIDIA A100-SXM4-40GB MIG 4g.20gb (0),1,,13,[CUDA memcpy Host-to-Device]
2261808632,27487,78867,,,,,,,,,,0.197,7152.599,Pinned,Device,NVIDIA A100-SXM4-40GB MIG 4g.20gb (0),1,,13,[CUDA memcpy Host-to-Device]
2261849751,9760,78868,273,1,1,48,1,1,40,0.000,0.001,,,,,NVIDIA A100-SXM4-40GB MIG 4g.20gb (0),1,,13,"void pusch_noise_intf_est::noiseIntfEstNoDftSOfdmKernel<float, __half, float, float, (unsigned int)2, (unsigned int)1, (unsigned char)4, (unsigned char)4>(pusch_noise_intf_est::puschRxNoiseIntfEstDynDescr)"
2261865975,2624,78879,35,1,1,128,1,1,16,0.000,0.000,,,,,NVIDIA A100-SXM4-40GB MIG 4g.20gb (0),1,,13,cupy_copy__complex64_complex64
2261883095,1664,78888,1,1,1,1,1,1,18,0.000,0.000,,,,,NVIDIA A100-SXM4-40GB MIG 4g.20gb (0),1,,13,cupy_copy__float32_float32
2261887639,7008,78894,,,,,,,,,,0.000,0.571,Device,Pageable,NVIDIA A100-SXM4-40GB MIG 4g.20gb (0),1,,7,[CUDA memcpy Device-to-Host]
2261989013,12704,78905,1434,1,1,128,1,1,16,0.000,0.000,,,,,NVIDIA A100-SXM4-40GB MIG 4g.20gb (0),1,,13,cupy_copy__complex64_complex64
2262012085,3360,78912,103,1,1,128,1,1,16,0.000,0.000,,,,,NVIDIA A100-SXM4-40GB MIG 4g.20gb (0),1,,13,cupy_copy__complex64_complex64
2262031957,2560,78919,35,1,1,128,1,1,16,0.000,0.000,,,,,NVIDIA A100-SXM4-40GB MIG 4g.20gb (0),1,,13,cupy_copy__complex64_complex64
2262052565,1792,78926,1,1,1,1,1,1,18,0.000,0.000,,,,,NVIDIA A100-SXM4-40GB MIG 4g.20gb (0),1,,13,cupy_copy__float32_float32
2262177203,83743,78937,1,1,1,32,32,1,30,0.000,0.000,,,,,NVIDIA A100-SXM4-40GB MIG 4g.20gb (0),1,,13,"void convert_kernel<__half2, float2>(tensor_layout_any, T1 *, tensor_layout_any, const T2 *)"
2262290226,5856,78940,,,,,,,,,,0.094,15999.997,Pinned,Device,NVIDIA A100-SXM4-40GB MIG 4g.20gb (0),1,,13,[CUDA memcpy Host-to-Device]
2262304849,3456,78941,,,,,,,,,,1.547,447517.201,Device,,NVIDIA A100-SXM4-40GB MIG 4g.20gb (0),1,,13,[CUDA memset]
2262310865,4192,78946,,,,,,,,,,0.031,7465.630,Pinned,Device,NVIDIA A100-SXM4-40GB MIG 4g.20gb (0),1,,13,[CUDA memcpy Host-to-Device]
2262318225,9472,78947,,,,,,,,,,0.197,20756.693,Pinned,Device,NVIDIA A100-SXM4-40GB MIG 4g.20gb (0),1,,13,[CUDA memcpy Host-to-Device]
2262332465,6272,78948,273,1,1,8,4,1,39,0.002,0.000,,,,,NVIDIA A100-SXM4-40GB MIG 4g.20gb (0),1,,13,"void channel_eq::eqMmseCoefCompLowMimoKernel<float, float, float, (unsigned int)4, (unsigned int)1, (unsigned int)4>(const channel_eq::_puschRxChEqStatDescr *, channel_eq::_puschRxChEqCoefCompDynDescr)"
2262339761,6016,78949,273,1,1,12,11,1,51,0.002,0.000,,,,,NVIDIA A100-SXM4-40GB MIG 4g.20gb (0),1,,13,"void channel_eq::eqMmseSoftDemapKernel<float, __half, __half, float, (unsigned int)4, (unsigned short)16383>(channel_eq::_puschRxChEqStatDescr *, channel_eq::_puschRxChEqSoftDemapDynDescr)"
2262346737,295068,78950,1,1,1,32,32,1,30,0.000,0.000,,,,,NVIDIA A100-SXM4-40GB MIG 4g.20gb (0),1,,13,"void convert_kernel<float2, __half2>(tensor_layout_any, T1 *, tensor_layout_any, const T2 *)"
2262643533,10880,78962,2253,1,1,128,1,1,16,0.000,0.000,,,,,NVIDIA A100-SXM4-40GB MIG 4g.20gb (0),1,,13,cupy_copy__float16_float16
2262659373,2848,78971,282,1,1,128,1,1,16,0.000,0.000,,,,,NVIDIA A100-SXM4-40GB MIG 4g.20gb (0),1,,13,cupy_copy__complex64_complex64
2262664589,2048,78980,26,1,1,128,1,1,16,0.000,0.000,,,,,NVIDIA A100-SXM4-40GB MIG 4g.20gb (0),1,,13,cupy_copy__float32_float32
2262668973,3104,78989,103,1,1,128,1,1,16,0.000,0.000,,,,,NVIDIA A100-SXM4-40GB MIG 4g.20gb (0),1,,13,cupy_copy__complex64_complex64
2262749292,11840,79004,1434,1,1,128,1,1,16,0.000,0.000,,,,,NVIDIA A100-SXM4-40GB MIG 4g.20gb (0),1,,13,cupy_copy__complex64_complex64
2262873706,87007,79009,1,1,1,32,32,1,30,0.000,0.000,,,,,NVIDIA A100-SXM4-40GB MIG 4g.20gb (0),1,,13,"void convert_kernel<__half2, float2>(tensor_layout_any, T1 *, tensor_layout_any, const T2 *)"
2262989161,5664,79012,,,,,,,,,,0.094,16542.310,Pinned,Device,NVIDIA A100-SXM4-40GB MIG 4g.20gb (0),1,,13,[CUDA memcpy Host-to-Device]
2262999689,595384,79013,,,,,,,,,,456.561,766566.658,Device,,NVIDIA A100-SXM4-40GB MIG 4g.20gb (0),1,,13,[CUDA memset]
2263598849,114399,79018,,,,,,,,,,1.235,10794.646,Pinned,Device,NVIDIA A100-SXM4-40GB MIG 4g.20gb (0),1,,13,[CUDA memcpy Host-to-Device]
2263725536,34975,79019,,,,,,,,,,0.197,5621.219,Pinned,Device,NVIDIA A100-SXM4-40GB MIG 4g.20gb (0),1,,13,[CUDA memcpy Host-to-Device]
2263775871,8064,79020,69,4,1,48,1,1,76,0.002,0.000,,,,,NVIDIA A100-SXM4-40GB MIG 4g.20gb (0),1,,13,"void ch_est::windowedChEstPreNoDftSOfdmKernel<float, __half, float, (unsigned int)2, (unsigned int)1, (unsigned short)4>(ch_est::puschRxChEstStatDescr_t *, ch_est::puschRxChEstDynDescr_t *)"
2263792191,6880,79021,137,2,1,24,2,1,44,0.001,0.001,,,,,NVIDIA A100-SXM4-40GB MIG 4g.20gb (0),1,,13,"void ch_est::chEstFilterNoDftSOfdmDispatchKernel<float, __half, float, (unsigned int)2>(ch_est::puschRxChEstStatDescr_t *, ch_est::puschRxChEstDynDescr_t *)"
2263807775,4768,79022,137,2,1,24,2,1,44,0.001,0.001,,,,,NVIDIA A100-SXM4-40GB MIG 4g.20gb (0),1,,13,"void ch_est::chEstFilterNoDftSOfdmDispatchKernel<float, __half, float, (unsigned int)2>(ch_est::puschRxChEstStatDescr_t *, ch_est::puschRxChEstDynDescr_t *)"
2263822975,2720,79033,103,1,1,128,1,1,16,0.000,0.000,,,,,NVIDIA A100-SXM4-40GB MIG 4g.20gb (0),1,,13,cupy_copy__complex64_complex64
2263839038,12384,79043,1434,1,1,128,1,1,16,0.000,0.000,,,,,NVIDIA A100-SXM4-40GB MIG 4g.20gb (0),1,,13,cupy_copy__complex64_complex64
2263879998,2624,79050,103,1,1,128,1,1,16,0.000,0.000,,,,,NVIDIA A100-SXM4-40GB MIG 4g.20gb (0),1,,13,cupy_copy__complex64_complex64
2263895294,94079,79057,1,1,1,32,32,1,30,0.000,0.000,,,,,NVIDIA A100-SXM4-40GB MIG 4g.20gb (0),1,,13,"void convert_kernel<__half2, float2>(tensor_layout_any, T1 *, tensor_layout_any, const T2 *)"
2264023228,27488,79060,,,,,,,,,,0.094,3408.567,Pinned,Device,NVIDIA A100-SXM4-40GB MIG 4g.20gb (0),1,,13,[CUDA memcpy Host-to-Device]
2264076476,47295,79061,,,,,,,,,,35.810,757129.139,Device,,NVIDIA A100-SXM4-40GB MIG 4g.20gb (0),1,,13,[CUDA memset]
2264126907,8896,79063,,,,,,,,,,0.000,8.993,Pinned,Device,NVIDIA A100-SXM4-40GB MIG 4g.20gb (0),1,,13,[CUDA memcpy Host-to-Device]
2264142459,33599,79064,,,,,,,,,,0.197,5851.447,Pinned,Device,NVIDIA A100-SXM4-40GB MIG 4g.20gb (0),1,,13,[CUDA memcpy Host-to-Device]
2264200282,9760,79065,273,1,1,48,1,1,40,0.000,0.001,,,,,NVIDIA A100-SXM4-40GB MIG 4g.20gb (0),1,,13,"void pusch_noise_intf_est::noiseIntfEstNoDftSOfdmKernel<float, __half, float, float, (unsigned int)2, (unsigned int)1, (unsigned char)4, (unsigned char)4>(pusch_noise_intf_est::puschRxNoiseIntfEstDynDescr)"
2264216730,2880,79076,35,1,1,128,1,1,16,0.000,0.000,,,,,NVIDIA A100-SXM4-40GB MIG 4g.20gb (0),1,,13,cupy_copy__complex64_complex64
2264233594,1664,79085,1,1,1,1,1,1,18,0.000,0.000,,,,,NVIDIA A100-SXM4-40GB MIG 4g.20gb (0),1,,13,cupy_copy__float32_float32
2264236346,8447,79091,,,,,,,,,,0.000,0.474,Device,Pageable,NVIDIA A100-SXM4-40GB MIG 4g.20gb (0),1,,7,[CUDA memcpy Device-to-Host]
2264340088,12800,79102,1434,1,1,128,1,1,16,0.000,0.000,,,,,NVIDIA A100-SXM4-40GB MIG 4g.20gb (0),1,,13,cupy_copy__complex64_complex64
2264363032,3040,79109,103,1,1,128,1,1,16,0.000,0.000,,,,,NVIDIA A100-SXM4-40GB MIG 4g.20gb (0),1,,13,cupy_copy__complex64_complex64
2264382264,2560,79116,35,1,1,128,1,1,16,0.000,0.000,,,,,NVIDIA A100-SXM4-40GB MIG 4g.20gb (0),1,,13,cupy_copy__complex64_complex64
2264404343,1696,79123,1,1,1,1,1,1,18,0.000,0.000,,,,,NVIDIA A100-SXM4-40GB MIG 4g.20gb (0),1,,13,cupy_copy__float32_float32
2264533334,92287,79134,1,1,1,32,32,1,30,0.000,0.000,,,,,NVIDIA A100-SXM4-40GB MIG 4g.20gb (0),1,,13,"void convert_kernel<__half2, float2>(tensor_layout_any, T1 *, tensor_layout_any, const T2 *)"
2264658292,13376,79137,,,,,,,,,,0.094,7004.713,Pinned,Device,NVIDIA A100-SXM4-40GB MIG 4g.20gb (0),1,,13,[CUDA memcpy Host-to-Device]
2264681204,3392,79138,,,,,,,,,,1.547,455961.768,Device,,NVIDIA A100-SXM4-40GB MIG 4g.20gb (0),1,,13,[CUDA memset]
2264688244,3360,79143,,,,,,,,,,0.031,9314.284,Pinned,Device,NVIDIA A100-SXM4-40GB MIG 4g.20gb (0),1,,13,[CUDA memcpy Host-to-Device]
2264697716,16800,79144,,,,,,,,,,0.197,11702.698,Pinned,Device,NVIDIA A100-SXM4-40GB MIG 4g.20gb (0),1,,13,[CUDA memcpy Host-to-Device]
2264727347,6048,79145,273,1,1,8,4,1,39,0.002,0.000,,,,,NVIDIA A100-SXM4-40GB MIG 4g.20gb (0),1,,13,"void channel_eq::eqMmseCoefCompLowMimoKernel<float, float, float, (unsigned int)4, (unsigned int)1, (unsigned int)4>(const channel_eq::_puschRxChEqStatDescr *, channel_eq::_puschRxChEqCoefCompDynDescr)"
2264736211,5536,79146,273,1,1,12,11,1,51,0.002,0.000,,,,,NVIDIA A100-SXM4-40GB MIG 4g.20gb (0),1,,13,"void channel_eq::eqMmseSoftDemapKernel<float, __half, __half, float, (unsigned int)4, (unsigned short)16383>(channel_eq::_puschRxChEqStatDescr *, channel_eq::_puschRxChEqSoftDemapDynDescr)"
2264743539,289885,79147,1,1,1,32,32,1,30,0.000,0.000,,,,,NVIDIA A100-SXM4-40GB MIG 4g.20gb (0),1,,13,"void convert_kernel<float2, __half2>(tensor_layout_any, T1 *, tensor_layout_any, const T2 *)"
2265035024,10848,79159,2253,1,1,128,1,1,16,0.000,0.000,,,,,NVIDIA A100-SXM4-40GB MIG 4g.20gb (0),1,,13,cupy_copy__float16_float16
2265050639,3584,79168,282,1,1,128,1,1,16,0.000,0.000,,,,,NVIDIA A100-SXM4-40GB MIG 4g.20gb (0),1,,13,cupy_copy__complex64_complex64
2265056751,2624,79177,26,1,1,128,1,1,16,0.000,0.000,,,,,NVIDIA A100-SXM4-40GB MIG 4g.20gb (0),1,,13,cupy_copy__float32_float32
2265062415,3264,79186,103,1,1,128,1,1,16,0.000,0.000,,,,,NVIDIA A100-SXM4-40GB MIG 4g.20gb (0),1,,13,cupy_copy__complex64_complex64
2265066607,11808,79196,1434,1,1,128,1,1,16,0.000,0.000,,,,,NVIDIA A100-SXM4-40GB MIG 4g.20gb (0),1,,13,cupy_copy__complex64_complex64
2265082127,84479,79201,1,1,1,32,32,1,30,0.000,0.000,,,,,NVIDIA A100-SXM4-40GB MIG 4g.20gb (0),1,,13,"void convert_kernel<__half2, float2>(tensor_layout_any, T1 *, tensor_layout_any, const T2 *)"
2265193582,5376,79204,,,,,,,,,,0.094,17428.487,Pinned,Device,NVIDIA A100-SXM4-40GB MIG 4g.20gb (0),1,,13,[CUDA memcpy Host-to-Device]
2265204238,597400,79205,,,,,,,,,,456.561,763827.289,Device,,NVIDIA A100-SXM4-40GB MIG 4g.20gb (0),1,,13,[CUDA memset]
2265802790,159870,79210,,,,,,,,,,1.235,7724.575,Pinned,Device,NVIDIA A100-SXM4-40GB MIG 4g.20gb (0),1,,13,[CUDA memcpy Host-to-Device]
2265972356,26912,79211,,,,,,,,,,0.197,7305.560,Pinned,Device,NVIDIA A100-SXM4-40GB MIG 4g.20gb (0),1,,13,[CUDA memcpy Host-to-Device]
2266009444,8384,79212,69,4,1,48,1,1,76,0.002,0.000,,,,,NVIDIA A100-SXM4-40GB MIG 4g.20gb (0),1,,13,"void ch_est::windowedChEstPreNoDftSOfdmKernel<float, __half, float, (unsigned int)2, (unsigned int)1, (unsigned short)4>(ch_est::puschRxChEstStatDescr_t *, ch_est::puschRxChEstDynDescr_t *)"
2266026019,6880,79213,137,2,1,24,2,1,44,0.001,0.001,,,,,NVIDIA A100-SXM4-40GB MIG 4g.20gb (0),1,,13,"void ch_est::chEstFilterNoDftSOfdmDispatchKernel<float, __half, float, (unsigned int)2>(ch_est::puschRxChEstStatDescr_t *, ch_est::puschRxChEstDynDescr_t *)"
2266041795,6304,79214,137,2,1,24,2,1,44,0.001,0.001,,,,,NVIDIA A100-SXM4-40GB MIG 4g.20gb (0),1,,13,"void ch_est::chEstFilterNoDftSOfdmDispatchKernel<float, __half, float, (unsigned int)2>(ch_est::puschRxChEstStatDescr_t *, ch_est::puschRxChEstDynDescr_t *)"
2266056003,2688,79225,103,1,1,128,1,1,16,0.000,0.000,,,,,NVIDIA A100-SXM4-40GB MIG 4g.20gb (0),1,,13,cupy_copy__complex64_complex64
2266064515,12768,79235,1434,1,1,128,1,1,16,0.000,0.000,,,,,NVIDIA A100-SXM4-40GB MIG 4g.20gb (0),1,,13,cupy_copy__complex64_complex64
2266080003,2784,79242,103,1,1,128,1,1,16,0.000,0.000,,,,,NVIDIA A100-SXM4-40GB MIG 4g.20gb (0),1,,13,cupy_copy__complex64_complex64
2266088707,87711,79249,1,1,1,32,32,1,30,0.000,0.000,,,,,NVIDIA A100-SXM4-40GB MIG 4g.20gb (0),1,,13,"void convert_kernel<__half2, float2>(tensor_layout_any, T1 *, tensor_layout_any, const T2 *)"
2266204321,6592,79252,,,,,,,,,,0.094,14213.590,Pinned,Device,NVIDIA A100-SXM4-40GB MIG 4g.20gb (0),1,,13,[CUDA memcpy Host-to-Device]
2266219777,47583,79253,,,,,,,,,,35.810,752545.469,Device,,NVIDIA A100-SXM4-40GB MIG 4g.20gb (0),1,,13,[CUDA memset]
2266270816,4256,79255,,,,,,,,,,0.000,18.797,Pinned,Device,NVIDIA A100-SXM4-40GB MIG 4g.20gb (0),1,,13,[CUDA memcpy Host-to-Device]
2266278720,10336,79256,,,,,,,,,,0.197,19021.627,Pinned,Device,NVIDIA A100-SXM4-40GB MIG 4g.20gb (0),1,,13,[CUDA memcpy Host-to-Device]
2266295680,12576,79257,273,1,1,48,1,1,40,0.000,0.001,,,,,NVIDIA A100-SXM4-40GB MIG 4g.20gb (0),1,,13,"void pusch_noise_intf_est::noiseIntfEstNoDftSOfdmKernel<float, __half, float, float, (unsigned int)2, (unsigned int)1, (unsigned char)4, (unsigned char)4>(pusch_noise_intf_est::puschRxNoiseIntfEstDynDescr)"
2266311392,3168,79268,35,1,1,128,1,1,16,0.000,0.000,,,,,NVIDIA A100-SXM4-40GB MIG 4g.20gb (0),1,,13,cupy_copy__complex64_complex64
2266327424,2080,79277,1,1,1,1,1,1,18,0.000,0.000,,,,,NVIDIA A100-SXM4-40GB MIG 4g.20gb (0),1,,13,cupy_copy__float32_float32
2266359743,1600,79283,,,,,,,,,,0.000,2.500,Device,Pageable,NVIDIA A100-SXM4-40GB MIG 4g.20gb (0),1,,7,[CUDA memcpy Device-to-Host]
2266421599,12959,79294,1434,1,1,128,1,1,16,0.000,0.000,,,,,NVIDIA A100-SXM4-40GB MIG 4g.20gb (0),1,,13,cupy_copy__complex64_complex64
2266448094,2752,79301,103,1,1,128,1,1,16,0.000,0.000,,,,,NVIDIA A100-SXM4-40GB MIG 4g.20gb (0),1,,13,cupy_copy__complex64_complex64
2266467774,2240,79308,35,1,1,128,1,1,16,0.000,0.000,,,,,NVIDIA A100-SXM4-40GB MIG 4g.20gb (0),1,,13,cupy_copy__complex64_complex64
2266485310,1792,79315,1,1,1,1,1,1,18,0.000,0.000,,,,,NVIDIA A100-SXM4-40GB MIG 4g.20gb (0),1,,13,cupy_copy__float32_float32
2266618172,82495,79326,1,1,1,32,32,1,30,0.000,0.000,,,,,NVIDIA A100-SXM4-40GB MIG 4g.20gb (0),1,,13,"void convert_kernel<__half2, float2>(tensor_layout_any, T1 *, tensor_layout_any, const T2 *)"
2266728091,5696,79329,,,,,,,,,,0.094,16449.363,Pinned,Device,NVIDIA A100-SXM4-40GB MIG 4g.20gb (0),1,,13,[CUDA memcpy Host-to-Device]
2266741787,3360,79330,,,,,,,,,,1.547,460304.688,Device,,NVIDIA A100-SXM4-40GB MIG 4g.20gb (0),1,,13,[CUDA memset]
2266748698,3328,79335,,,,,,,,,,0.031,9403.822,Pinned,Device,NVIDIA A100-SXM4-40GB MIG 4g.20gb (0),1,,13,[CUDA memcpy Host-to-Device]
2266754650,9376,79336,,,,,,,,,,0.197,20969.226,Pinned,Device,NVIDIA A100-SXM4-40GB MIG 4g.20gb (0),1,,13,[CUDA memcpy Host-to-Device]
2266768154,6944,79337,273,1,1,8,4,1,39,0.002,0.000,,,,,NVIDIA A100-SXM4-40GB MIG 4g.20gb (0),1,,13,"void channel_eq::eqMmseCoefCompLowMimoKernel<float, float, float, (unsigned int)4, (unsigned int)1, (unsigned int)4>(const channel_eq::_puschRxChEqStatDescr *, channel_eq::_puschRxChEqCoefCompDynDescr)"
2266777178,6080,79338,273,1,1,12,11,1,51,0.002,0.000,,,,,NVIDIA A100-SXM4-40GB MIG 4g.20gb (0),1,,13,"void channel_eq::eqMmseSoftDemapKernel<float, __half, __half, float, (unsigned int)4, (unsigned short)16383>(channel_eq::_puschRxChEqStatDescr *, channel_eq::_puschRxChEqSoftDemapDynDescr)"
2266784474,294940,79339,1,1,1,32,32,1,30,0.000,0.000,,,,,NVIDIA A100-SXM4-40GB MIG 4g.20gb (0),1,,13,"void convert_kernel<float2, __half2>(tensor_layout_any, T1 *, tensor_layout_any, const T2 *)"
2267080694,11072,79351,2253,1,1,128,1,1,16,0.000,0.000,,,,,NVIDIA A100-SXM4-40GB MIG 4g.20gb (0),1,,13,cupy_copy__float16_float16
2267095766,2880,79360,282,1,1,128,1,1,16,0.000,0.000,,,,,NVIDIA A100-SXM4-40GB MIG 4g.20gb (0),1,,13,cupy_copy__complex64_complex64
2267100918,2304,79369,26,1,1,128,1,1,16,0.000,0.000,,,,,NVIDIA A100-SXM4-40GB MIG 4g.20gb (0),1,,13,cupy_copy__float32_float32
2267104182,2912,79378,103,1,1,128,1,1,16,0.000,0.000,,,,,NVIDIA A100-SXM4-40GB MIG 4g.20gb (0),1,,13,cupy_copy__complex64_complex64
2267109750,12096,79388,1434,1,1,128,1,1,16,0.000,0.000,,,,,NVIDIA A100-SXM4-40GB MIG 4g.20gb (0),1,,13,cupy_copy__complex64_complex64
2267128982,82559,79393,1,1,1,32,32,1,30,0.000,0.000,,,,,NVIDIA A100-SXM4-40GB MIG 4g.20gb (0),1,,13,"void convert_kernel<__half2, float2>(tensor_layout_any, T1 *, tensor_layout_any, const T2 *)"
2267238292,5600,79396,,,,,,,,,,0.094,16731.388,Pinned,Device,NVIDIA A100-SXM4-40GB MIG 4g.20gb (0),1,,13,[CUDA memcpy Host-to-Device]
2267248628,598361,79397,,,,,,,,,,456.561,762914.166,Device,,NVIDIA A100-SXM4-40GB MIG 4g.20gb (0),1,,13,[CUDA memset]
2267850317,138654,79402,,,,,,,,,,1.235,8906.416,Pinned,Device,NVIDIA A100-SXM4-40GB MIG 4g.20gb (0),1,,13,[CUDA memcpy Host-to-Device]
2268002027,40000,79403,,,,,,,,,,0.197,4915.200,Pinned,Device,NVIDIA A100-SXM4-40GB MIG 4g.20gb (0),1,,13,[CUDA memcpy Host-to-Device]
2268072490,7936,79404,69,4,1,48,1,1,76,0.002,0.000,,,,,NVIDIA A100-SXM4-40GB MIG 4g.20gb (0),1,,13,"void ch_est::windowedChEstPreNoDftSOfdmKernel<float, __half, float, (unsigned int)2, (unsigned int)1, (unsigned short)4>(ch_est::puschRxChEstStatDescr_t *, ch_est::puschRxChEstDynDescr_t *)"
2268091818,6624,79405,137,2,1,24,2,1,44,0.001,0.001,,,,,NVIDIA A100-SXM4-40GB MIG 4g.20gb (0),1,,13,"void ch_est::chEstFilterNoDftSOfdmDispatchKernel<float, __half, float, (unsigned int)2>(ch_est::puschRxChEstStatDescr_t *, ch_est::puschRxChEstDynDescr_t *)"
2268108970,4768,79406,137,2,1,24,2,1,44,0.001,0.001,,,,,NVIDIA A100-SXM4-40GB MIG 4g.20gb (0),1,,13,"void ch_est::chEstFilterNoDftSOfdmDispatchKernel<float, __half, float, (unsigned int)2>(ch_est::puschRxChEstStatDescr_t *, ch_est::puschRxChEstDynDescr_t *)"
2268126313,2592,79417,103,1,1,128,1,1,16,0.000,0.000,,,,,NVIDIA A100-SXM4-40GB MIG 4g.20gb (0),1,,13,cupy_copy__complex64_complex64
2268143209,12352,79427,1434,1,1,128,1,1,16,0.000,0.000,,,,,NVIDIA A100-SXM4-40GB MIG 4g.20gb (0),1,,13,cupy_copy__complex64_complex64
2268164137,2944,79434,103,1,1,128,1,1,16,0.000,0.000,,,,,NVIDIA A100-SXM4-40GB MIG 4g.20gb (0),1,,13,cupy_copy__complex64_complex64
2268187881,88863,79441,1,1,1,32,32,1,30,0.000,0.000,,,,,NVIDIA A100-SXM4-40GB MIG 4g.20gb (0),1,,13,"void convert_kernel<__half2, float2>(tensor_layout_any, T1 *, tensor_layout_any, const T2 *)"
2268306375,13248,79444,,,,,,,,,,0.094,7072.455,Pinned,Device,NVIDIA A100-SXM4-40GB MIG 4g.20gb (0),1,,13,[CUDA memcpy Host-to-Device]
2268324391,47199,79445,,,,,,,,,,35.810,758668.965,Device,,NVIDIA A100-SXM4-40GB MIG 4g.20gb (0),1,,13,[CUDA memset]
2268372966,8096,79447,,,,,,,,,,0.000,9.881,Pinned,Device,NVIDIA A100-SXM4-40GB MIG 4g.20gb (0),1,,13,[CUDA memcpy Host-to-Device]
2268385318,21056,79448,,,,,,,,,,0.197,9337.307,Pinned,Device,NVIDIA A100-SXM4-40GB MIG 4g.20gb (0),1,,13,[CUDA memcpy Host-to-Device]
2268422726,10304,79449,273,1,1,48,1,1,40,0.000,0.001,,,,,NVIDIA A100-SXM4-40GB MIG 4g.20gb (0),1,,13,"void pusch_noise_intf_est::noiseIntfEstNoDftSOfdmKernel<float, __half, float, float, (unsigned int)2, (unsigned int)1, (unsigned char)4, (unsigned char)4>(pusch_noise_intf_est::puschRxNoiseIntfEstDynDescr)"
2268443366,2880,79460,35,1,1,128,1,1,16,0.000,0.000,,,,,NVIDIA A100-SXM4-40GB MIG 4g.20gb (0),1,,13,cupy_copy__complex64_complex64
2268453061,1728,79469,1,1,1,1,1,1,18,0.000,0.000,,,,,NVIDIA A100-SXM4-40GB MIG 4g.20gb (0),1,,13,cupy_copy__float32_float32
2268459813,7072,79475,,,,,,,,,,0.000,0.566,Device,Pageable,NVIDIA A100-SXM4-40GB MIG 4g.20gb (0),1,,7,[CUDA memcpy Device-to-Host]
2268540132,13312,79486,1434,1,1,128,1,1,16,0.000,0.000,,,,,NVIDIA A100-SXM4-40GB MIG 4g.20gb (0),1,,13,cupy_copy__complex64_complex64
2268568356,3040,79493,103,1,1,128,1,1,16,0.000,0.000,,,,,NVIDIA A100-SXM4-40GB MIG 4g.20gb (0),1,,13,cupy_copy__complex64_complex64
2268588708,2624,79500,35,1,1,128,1,1,16,0.000,0.000,,,,,NVIDIA A100-SXM4-40GB MIG 4g.20gb (0),1,,13,cupy_copy__complex64_complex64
2268606212,1760,79507,1,1,1,1,1,1,18,0.000,0.000,,,,,NVIDIA A100-SXM4-40GB MIG 4g.20gb (0),1,,13,cupy_copy__float32_float32
2268728418,82751,79518,1,1,1,32,32,1,30,0.000,0.000,,,,,NVIDIA A100-SXM4-40GB MIG 4g.20gb (0),1,,13,"void convert_kernel<__half2, float2>(tensor_layout_any, T1 *, tensor_layout_any, const T2 *)"
2268838849,5696,79521,,,,,,,,,,0.094,16449.363,Pinned,Device,NVIDIA A100-SXM4-40GB MIG 4g.20gb (0),1,,13,[CUDA memcpy Host-to-Device]
2268854592,3008,79522,,,,,,,,,,1.547,514168.962,Device,,NVIDIA A100-SXM4-40GB MIG 4g.20gb (0),1,,13,[CUDA memset]
2268860768,3488,79527,,,,,,,,,,0.031,8972.469,Pinned,Device,NVIDIA A100-SXM4-40GB MIG 4g.20gb (0),1,,13,[CUDA memcpy Host-to-Device]
2268866336,9472,79528,,,,,,,,,,0.197,20756.693,Pinned,Device,NVIDIA A100-SXM4-40GB MIG 4g.20gb (0),1,,13,[CUDA memcpy Host-to-Device]
2268881792,6336,79529,273,1,1,8,4,1,39,0.002,0.000,,,,,NVIDIA A100-SXM4-40GB MIG 4g.20gb (0),1,,13,"void channel_eq::eqMmseCoefCompLowMimoKernel<float, float, float, (unsigned int)4, (unsigned int)1, (unsigned int)4>(const channel_eq::_puschRxChEqStatDescr *, channel_eq::_puschRxChEqCoefCompDynDescr)"
2268889344,6336,79530,273,1,1,12,11,1,51,0.002,0.000,,,,,NVIDIA A100-SXM4-40GB MIG 4g.20gb (0),1,,13,"void channel_eq::eqMmseSoftDemapKernel<float, __half, __half, float, (unsigned int)4, (unsigned short)16383>(channel_eq::_puschRxChEqStatDescr *, channel_eq::_puschRxChEqSoftDemapDynDescr)"
2268896672,282876,79531,1,1,1,32,32,1,30,0.000,0.000,,,,,NVIDIA A100-SXM4-40GB MIG 4g.20gb (0),1,,13,"void convert_kernel<float2, __half2>(tensor_layout_any, T1 *, tensor_layout_any, const T2 *)"
2269181564,11136,79543,2253,1,1,128,1,1,16,0.000,0.000,,,,,NVIDIA A100-SXM4-40GB MIG 4g.20gb (0),1,,13,cupy_copy__float16_float16
2269197372,3616,79552,282,1,1,128,1,1,16,0.000,0.000,,,,,NVIDIA A100-SXM4-40GB MIG 4g.20gb (0),1,,13,cupy_copy__complex64_complex64
2269202780,2176,79561,26,1,1,128,1,1,16,0.000,0.000,,,,,NVIDIA A100-SXM4-40GB MIG 4g.20gb (0),1,,13,cupy_copy__float32_float32
2269207708,2816,79570,103,1,1,128,1,1,16,0.000,0.000,,,,,NVIDIA A100-SXM4-40GB MIG 4g.20gb (0),1,,13,cupy_copy__complex64_complex64
2269211996,12576,79580,1434,1,1,128,1,1,16,0.000,0.000,,,,,NVIDIA A100-SXM4-40GB MIG 4g.20gb (0),1,,13,cupy_copy__complex64_complex64
2269229756,86655,79585,1,1,1,32,32,1,30,0.000,0.000,,,,,NVIDIA A100-SXM4-40GB MIG 4g.20gb (0),1,,13,"void convert_kernel<__half2, float2>(tensor_layout_any, T1 *, tensor_layout_any, const T2 *)"
2269343098,5440,79588,,,,,,,,,,0.094,17223.480,Pinned,Device,NVIDIA A100-SXM4-40GB MIG 4g.20gb (0),1,,13,[CUDA memcpy Host-to-Device]
2269353946,601913,79589,,,,,,,,,,456.561,758348.552,Device,,NVIDIA A100-SXM4-40GB MIG 4g.20gb (0),1,,13,[CUDA memset]
2269961587,125278,79594,,,,,,,,,,1.235,9857.323,Pinned,Device,NVIDIA A100-SXM4-40GB MIG 4g.20gb (0),1,,13,[CUDA memcpy Host-to-Device]
2270095473,29312,79595,,,,,,,,,,0.197,6707.282,Pinned,Device,NVIDIA A100-SXM4-40GB MIG 4g.20gb (0),1,,13,[CUDA memcpy Host-to-Device]
2270145872,8320,79596,69,4,1,48,1,1,76,0.002,0.000,,,,,NVIDIA A100-SXM4-40GB MIG 4g.20gb (0),1,,13,"void ch_est::windowedChEstPreNoDftSOfdmKernel<float, __half, float, (unsigned int)2, (unsigned int)1, (unsigned short)4>(ch_est::puschRxChEstStatDescr_t *, ch_est::puschRxChEstDynDescr_t *)"
2270161680,7072,79597,137,2,1,24,2,1,44,0.001,0.001,,,,,NVIDIA A100-SXM4-40GB MIG 4g.20gb (0),1,,13,"void ch_est::chEstFilterNoDftSOfdmDispatchKernel<float, __half, float, (unsigned int)2>(ch_est::puschRxChEstStatDescr_t *, ch_est::puschRxChEstDynDescr_t *)"
2270173968,6240,79598,137,2,1,24,2,1,44,0.001,0.001,,,,,NVIDIA A100-SXM4-40GB MIG 4g.20gb (0),1,,13,"void ch_est::chEstFilterNoDftSOfdmDispatchKernel<float, __half, float, (unsigned int)2>(ch_est::puschRxChEstStatDescr_t *, ch_est::puschRxChEstDynDescr_t *)"
2270191824,2688,79609,103,1,1,128,1,1,16,0.000,0.000,,,,,NVIDIA A100-SXM4-40GB MIG 4g.20gb (0),1,,13,cupy_copy__complex64_complex64
2270205968,12288,79619,1434,1,1,128,1,1,16,0.000,0.000,,,,,NVIDIA A100-SXM4-40GB MIG 4g.20gb (0),1,,13,cupy_copy__complex64_complex64
2270240911,2464,79626,103,1,1,128,1,1,16,0.000,0.000,,,,,NVIDIA A100-SXM4-40GB MIG 4g.20gb (0),1,,13,cupy_copy__complex64_complex64
2270257775,90623,79633,1,1,1,32,32,1,30,0.000,0.000,,,,,NVIDIA A100-SXM4-40GB MIG 4g.20gb (0),1,,13,"void convert_kernel<__half2, float2>(tensor_layout_any, T1 *, tensor_layout_any, const T2 *)"
2270381294,26271,79636,,,,,,,,,,0.094,3566.445,Pinned,Device,NVIDIA A100-SXM4-40GB MIG 4g.20gb (0),1,,13,[CUDA memcpy Host-to-Device]
2270440077,47039,79637,,,,,,,,,,35.810,761247.279,Device,,NVIDIA A100-SXM4-40GB MIG 4g.20gb (0),1,,13,[CUDA memset]
2270495660,9024,79639,,,,,,,,,,0.000,8.865,Pinned,Device,NVIDIA A100-SXM4-40GB MIG 4g.20gb (0),1,,13,[CUDA memcpy Host-to-Device]
2270510988,34496,79640,,,,,,,,,,0.197,5699.273,Pinned,Device,NVIDIA A100-SXM4-40GB MIG 4g.20gb (0),1,,13,[CUDA memcpy Host-to-Device]
2270563371,9504,79641,273,1,1,48,1,1,40,0.000,0.001,,,,,NVIDIA A100-SXM4-40GB MIG 4g.20gb (0),1,,13,"void pusch_noise_intf_est::noiseIntfEstNoDftSOfdmKernel<float, __half, float, float, (unsigned int)2, (unsigned int)1, (unsigned char)4, (unsigned char)4>(pusch_noise_intf_est::puschRxNoiseIntfEstDynDescr)"
2270577131,2976,79652,35,1,1,128,1,1,16,0.000,0.000,,,,,NVIDIA A100-SXM4-40GB MIG 4g.20gb (0),1,,13,cupy_copy__complex64_complex64
2270586891,1696,79661,1,1,1,1,1,1,18,0.000,0.000,,,,,NVIDIA A100-SXM4-40GB MIG 4g.20gb (0),1,,13,cupy_copy__float32_float32
2270593259,1856,79667,,,,,,,,,,0.000,2.155,Device,Pageable,NVIDIA A100-SXM4-40GB MIG 4g.20gb (0),1,,7,[CUDA memcpy Device-to-Host]
2270670794,13120,79678,1434,1,1,128,1,1,16,0.000,0.000,,,,,NVIDIA A100-SXM4-40GB MIG 4g.20gb (0),1,,13,cupy_copy__complex64_complex64
2270699946,2880,79685,103,1,1,128,1,1,16,0.000,0.000,,,,,NVIDIA A100-SXM4-40GB MIG 4g.20gb (0),1,,13,cupy_copy__complex64_complex64
2270715913,2688,79692,35,1,1,128,1,1,16,0.000,0.000,,,,,NVIDIA A100-SXM4-40GB MIG 4g.20gb (0),1,,13,cupy_copy__complex64_complex64
2270737001,1760,79699,1,1,1,1,1,1,18,0.000,0.000,,,,,NVIDIA A100-SXM4-40GB MIG 4g.20gb (0),1,,13,cupy_copy__float32_float32
2270878439,86495,79710,1,1,1,32,32,1,30,0.000,0.000,,,,,NVIDIA A100-SXM4-40GB MIG 4g.20gb (0),1,,13,"void convert_kernel<__half2, float2>(tensor_layout_any, T1 *, tensor_layout_any, const T2 *)"
2270998182,13248,79713,,,,,,,,,,0.094,7072.455,Pinned,Device,NVIDIA A100-SXM4-40GB MIG 4g.20gb (0),1,,13,[CUDA memcpy Host-to-Device]
2271021542,3296,79714,,,,,,,,,,1.547,469242.628,Device,,NVIDIA A100-SXM4-40GB MIG 4g.20gb (0),1,,13,[CUDA memset]
2271032550,5599,79719,,,,,,,,,,0.031,5589.559,Pinned,Device,NVIDIA A100-SXM4-40GB MIG 4g.20gb (0),1,,13,[CUDA memcpy Host-to-Device]
2271041189,10848,79720,,,,,,,,,,0.197,18123.719,Pinned,Device,NVIDIA A100-SXM4-40GB MIG 4g.20gb (0),1,,13,[CUDA memcpy Host-to-Device]
2271058693,8128,79721,273,1,1,8,4,1,39,0.002,0.000,,,,,NVIDIA A100-SXM4-40GB MIG 4g.20gb (0),1,,13,"void channel_eq::eqMmseCoefCompLowMimoKernel<float, float, float, (unsigned int)4, (unsigned int)1, (unsigned int)4>(const channel_eq::_puschRxChEqStatDescr *, channel_eq::_puschRxChEqCoefCompDynDescr)"
2271068261,6368,79722,273,1,1,12,11,1,51,0.002,0.000,,,,,NVIDIA A100-SXM4-40GB MIG 4g.20gb (0),1,,13,"void channel_eq::eqMmseSoftDemapKernel<float, __half, __half, float, (unsigned int)4, (unsigned short)16383>(channel_eq::_puschRxChEqStatDescr *, channel_eq::_puschRxChEqSoftDemapDynDescr)"
2271075589,282685,79723,1,1,1,32,32,1,30,0.000,0.000,,,,,NVIDIA A100-SXM4-40GB MIG 4g.20gb (0),1,,13,"void convert_kernel<float2, __half2>(tensor_layout_any, T1 *, tensor_layout_any, const T2 *)"
2271360321,11072,79735,2253,1,1,128,1,1,16,0.000,0.000,,,,,NVIDIA A100-SXM4-40GB MIG 4g.20gb (0),1,,13,cupy_copy__float16_float16
2271375361,3392,79744,282,1,1,128,1,1,16,0.000,0.000,,,,,NVIDIA A100-SXM4-40GB MIG 4g.20gb (0),1,,13,cupy_copy__complex64_complex64
2271381217,2016,79753,26,1,1,128,1,1,16,0.000,0.000,,,,,NVIDIA A100-SXM4-40GB MIG 4g.20gb (0),1,,13,cupy_copy__float32_float32
2271385505,2976,79762,103,1,1,128,1,1,16,0.000,0.000,,,,,NVIDIA A100-SXM4-40GB MIG 4g.20gb (0),1,,13,cupy_copy__complex64_complex64
2271389729,12096,79772,1434,1,1,128,1,1,16,0.000,0.000,,,,,NVIDIA A100-SXM4-40GB MIG 4g.20gb (0),1,,13,cupy_copy__complex64_complex64
2271406465,81023,79777,1,1,1,32,32,1,30,0.000,0.000,,,,,NVIDIA A100-SXM4-40GB MIG 4g.20gb (0),1,,13,"void convert_kernel<__half2, float2>(tensor_layout_any, T1 *, tensor_layout_any, const T2 *)"
2271514272,5952,79780,,,,,,,,,,0.094,15741.865,Pinned,Device,NVIDIA A100-SXM4-40GB MIG 4g.20gb (0),1,,13,[CUDA memcpy Host-to-Device]
2271525119,600505,79781,,,,,,,,,,456.561,760174.798,Device,,NVIDIA A100-SXM4-40GB MIG 4g.20gb (0),1,,13,[CUDA memset]
2272128536,133310,79786,,,,,,,,,,1.235,9263.315,Pinned,Device,NVIDIA A100-SXM4-40GB MIG 4g.20gb (0),1,,13,[CUDA memcpy Host-to-Device]
2272271030,41504,79787,,,,,,,,,,0.197,4737.073,Pinned,Device,NVIDIA A100-SXM4-40GB MIG 4g.20gb (0),1,,13,[CUDA memcpy Host-to-Device]
2272334229,8320,79788,69,4,1,48,1,1,76,0.002,0.000,,,,,NVIDIA A100-SXM4-40GB MIG 4g.20gb (0),1,,13,"void ch_est::windowedChEstPreNoDftSOfdmKernel<float, __half, float, (unsigned int)2, (unsigned int)1, (unsigned short)4>(ch_est::puschRxChEstStatDescr_t *, ch_est::puschRxChEstDynDescr_t *)"
2272353269,6784,79789,137,2,1,24,2,1,44,0.001,0.001,,,,,NVIDIA A100-SXM4-40GB MIG 4g.20gb (0),1,,13,"void ch_est::chEstFilterNoDftSOfdmDispatchKernel<float, __half, float, (unsigned int)2>(ch_est::puschRxChEstStatDescr_t *, ch_est::puschRxChEstDynDescr_t *)"
2272369909,4768,79790,137,2,1,24,2,1,44,0.001,0.001,,,,,NVIDIA A100-SXM4-40GB MIG 4g.20gb (0),1,,13,"void ch_est::chEstFilterNoDftSOfdmDispatchKernel<float, __half, float, (unsigned int)2>(ch_est::puschRxChEstStatDescr_t *, ch_est::puschRxChEstDynDescr_t *)"
2272389973,2688,79801,103,1,1,128,1,1,16,0.000,0.000,,,,,NVIDIA A100-SXM4-40GB MIG 4g.20gb (0),1,,13,cupy_copy__complex64_complex64
2272406837,12447,79811,1434,1,1,128,1,1,16,0.000,0.000,,,,,NVIDIA A100-SXM4-40GB MIG 4g.20gb (0),1,,13,cupy_copy__complex64_complex64
2272429588,2560,79818,103,1,1,128,1,1,16,0.000,0.000,,,,,NVIDIA A100-SXM4-40GB MIG 4g.20gb (0),1,,13,cupy_copy__complex64_complex64
2272449364,83999,79825,1,1,1,32,32,1,30,0.000,0.000,,,,,NVIDIA A100-SXM4-40GB MIG 4g.20gb (0),1,,13,"void convert_kernel<__half2, float2>(tensor_layout_any, T1 *, tensor_layout_any, const T2 *)"
2272564883,21983,79828,,,,,,,,,,0.094,4262.137,Pinned,Device,NVIDIA A100-SXM4-40GB MIG 4g.20gb (0),1,,13,[CUDA memcpy Host-to-Device]
2272612114,47263,79829,,,,,,,,,,35.810,757666.287,Device,,NVIDIA A100-SXM4-40GB MIG 4g.20gb (0),1,,13,[CUDA memset]
2272666129,11104,79831,,,,,,,,,,0.000,7.205,Pinned,Device,NVIDIA A100-SXM4-40GB MIG 4g.20gb (0),1,,13,[CUDA memcpy Host-to-Device]
2272686705,24128,79832,,,,,,,,,,0.197,8148.419,Pinned,Device,NVIDIA A100-SXM4-40GB MIG 4g.20gb (0),1,,13,[CUDA memcpy Host-to-Device]
2272730897,10143,79833,273,1,1,48,1,1,40,0.000,0.001,,,,,NVIDIA A100-SXM4-40GB MIG 4g.20gb (0),1,,13,"void pusch_noise_intf_est::noiseIntfEstNoDftSOfdmKernel<float, __half, float, float, (unsigned int)2, (unsigned int)1, (unsigned char)4, (unsigned char)4>(pusch_noise_intf_est::puschRxNoiseIntfEstDynDescr)"
2272746544,2752,79844,35,1,1,128,1,1,16,0.000,0.000,,,,,NVIDIA A100-SXM4-40GB MIG 4g.20gb (0),1,,13,cupy_copy__complex64_complex64
2272761424,1728,79853,1,1,1,1,1,1,18,0.000,0.000,,,,,NVIDIA A100-SXM4-40GB MIG 4g.20gb (0),1,,13,cupy_copy__float32_float32
2272768528,4032,79859,,,,,,,,,,0.000,0.992,Device,Pageable,NVIDIA A100-SXM4-40GB MIG 4g.20gb (0),1,,7,[CUDA memcpy Device-to-Host]
2272849743,12864,79870,1434,1,1,128,1,1,16,0.000,0.000,,,,,NVIDIA A100-SXM4-40GB MIG 4g.20gb (0),1,,13,cupy_copy__complex64_complex64
2272884783,3040,79877,103,1,1,128,1,1,16,0.000,0.000,,,,,NVIDIA A100-SXM4-40GB MIG 4g.20gb (0),1,,13,cupy_copy__complex64_complex64
2272899246,2304,79884,35,1,1,128,1,1,16,0.000,0.000,,,,,NVIDIA A100-SXM4-40GB MIG 4g.20gb (0),1,,13,cupy_copy__complex64_complex64
2272912590,1824,79891,1,1,1,1,1,1,18,0.000,0.000,,,,,NVIDIA A100-SXM4-40GB MIG 4g.20gb (0),1,,13,cupy_copy__float32_float32
2273035277,81695,79902,1,1,1,32,32,1,30,0.000,0.000,,,,,NVIDIA A100-SXM4-40GB MIG 4g.20gb (0),1,,13,"void convert_kernel<__half2, float2>(tensor_layout_any, T1 *, tensor_layout_any, const T2 *)"
2273145323,5504,79905,,,,,,,,,,0.094,17023.251,Pinned,Device,NVIDIA A100-SXM4-40GB MIG 4g.20gb (0),1,,13,[CUDA memcpy Host-to-Device]
2273159915,3488,79906,,,,,,,,,,1.547,443412.461,Device,,NVIDIA A100-SXM4-40GB MIG 4g.20gb (0),1,,13,[CUDA memset]
2273167083,3520,79911,,,,,,,,,,0.031,8890.881,Pinned,Device,NVIDIA A100-SXM4-40GB MIG 4g.20gb (0),1,,13,[CUDA memcpy Host-to-Device]
2273173387,9376,79912,,,,,,,,,,0.197,20969.226,Pinned,Device,NVIDIA A100-SXM4-40GB MIG 4g.20gb (0),1,,13,[CUDA memcpy Host-to-Device]
2273186923,8224,79913,273,1,1,8,4,1,39,0.002,0.000,,,,,NVIDIA A100-SXM4-40GB MIG 4g.20gb (0),1,,13,"void channel_eq::eqMmseCoefCompLowMimoKernel<float, float, float, (unsigned int)4, (unsigned int)1, (unsigned int)4>(const channel_eq::_puschRxChEqStatDescr *, channel_eq::_puschRxChEqCoefCompDynDescr)"
2273197675,5760,79914,273,1,1,12,11,1,51,0.002,0.000,,,,,NVIDIA A100-SXM4-40GB MIG 4g.20gb (0),1,,13,"void channel_eq::eqMmseSoftDemapKernel<float, __half, __half, float, (unsigned int)4, (unsigned short)16383>(channel_eq::_puschRxChEqStatDescr *, channel_eq::_puschRxChEqSoftDemapDynDescr)"
2273205131,282972,79915,1,1,1,32,32,1,30,0.000,0.000,,,,,NVIDIA A100-SXM4-40GB MIG 4g.20gb (0),1,,13,"void convert_kernel<float2, __half2>(tensor_layout_any, T1 *, tensor_layout_any, const T2 *)"
2273490663,11040,79927,2253,1,1,128,1,1,16,0.000,0.000,,,,,NVIDIA A100-SXM4-40GB MIG 4g.20gb (0),1,,13,cupy_copy__float16_float16
2273505575,2880,79936,282,1,1,128,1,1,16,0.000,0.000,,,,,NVIDIA A100-SXM4-40GB MIG 4g.20gb (0),1,,13,cupy_copy__complex64_complex64
2273510407,2176,79945,26,1,1,128,1,1,16,0.000,0.000,,,,,NVIDIA A100-SXM4-40GB MIG 4g.20gb (0),1,,13,cupy_copy__float32_float32
2273513671,2816,79954,103,1,1,128,1,1,16,0.000,0.000,,,,,NVIDIA A100-SXM4-40GB MIG 4g.20gb (0),1,,13,cupy_copy__complex64_complex64
2273519687,12000,79964,1434,1,1,128,1,1,16,0.000,0.000,,,,,NVIDIA A100-SXM4-40GB MIG 4g.20gb (0),1,,13,cupy_copy__complex64_complex64
2273539591,87678,79969,1,1,1,32,32,1,30,0.000,0.000,,,,,NVIDIA A100-SXM4-40GB MIG 4g.20gb (0),1,,13,"void convert_kernel<__half2, float2>(tensor_layout_any, T1 *, tensor_layout_any, const T2 *)"
2273653701,5856,79972,,,,,,,,,,0.094,15999.997,Pinned,Device,NVIDIA A100-SXM4-40GB MIG 4g.20gb (0),1,,13,[CUDA memcpy Host-to-Device]
2273663781,597049,79973,,,,,,,,,,456.561,764283.851,Device,,NVIDIA A100-SXM4-40GB MIG 4g.20gb (0),1,,13,[CUDA memset]
2274268734,83550,79978,,,,,,,,,,1.235,14779.810,Pinned,Device,NVIDIA A100-SXM4-40GB MIG 4g.20gb (0),1,,13,[CUDA memcpy Host-to-Device]
2274359068,17024,79979,,,,,,,,,,0.197,11548.754,Pinned,Device,NVIDIA A100-SXM4-40GB MIG 4g.20gb (0),1,,13,[CUDA memcpy Host-to-Device]
2274390780,8896,79980,69,4,1,48,1,1,76,0.002,0.000,,,,,NVIDIA A100-SXM4-40GB MIG 4g.20gb (0),1,,13,"void ch_est::windowedChEstPreNoDftSOfdmKernel<float, __half, float, (unsigned int)2, (unsigned int)1, (unsigned short)4>(ch_est::puschRxChEstStatDescr_t *, ch_est::puschRxChEstDynDescr_t *)"
2274406364,7424,79981,137,2,1,24,2,1,44,0.001,0.001,,,,,NVIDIA A100-SXM4-40GB MIG 4g.20gb (0),1,,13,"void ch_est::chEstFilterNoDftSOfdmDispatchKernel<float, __half, float, (unsigned int)2>(ch_est::puschRxChEstStatDescr_t *, ch_est::puschRxChEstDynDescr_t *)"
2274421628,4864,79982,137,2,1,24,2,1,44,0.001,0.001,,,,,NVIDIA A100-SXM4-40GB MIG 4g.20gb (0),1,,13,"void ch_est::chEstFilterNoDftSOfdmDispatchKernel<float, __half, float, (unsigned int)2>(ch_est::puschRxChEstStatDescr_t *, ch_est::puschRxChEstDynDescr_t *)"
2274430076,2623,79993,103,1,1,128,1,1,16,0.000,0.000,,,,,NVIDIA A100-SXM4-40GB MIG 4g.20gb (0),1,,13,cupy_copy__complex64_complex64
2274439643,12544,80003,1434,1,1,128,1,1,16,0.000,0.000,,,,,NVIDIA A100-SXM4-40GB MIG 4g.20gb (0),1,,13,cupy_copy__complex64_complex64
2274455355,2432,80010,103,1,1,128,1,1,16,0.000,0.000,,,,,NVIDIA A100-SXM4-40GB MIG 4g.20gb (0),1,,13,cupy_copy__complex64_complex64
2274465371,91647,80017,1,1,1,32,32,1,30,0.000,0.000,,,,,NVIDIA A100-SXM4-40GB MIG 4g.20gb (0),1,,13,"void convert_kernel<__half2, float2>(tensor_layout_any, T1 *, tensor_layout_any, const T2 *)"
2274584858,13151,80020,,,,,,,,,,0.094,7124.550,Pinned,Device,NVIDIA A100-SXM4-40GB MIG 4g.20gb (0),1,,13,[CUDA memcpy Host-to-Device]
2274603129,47392,80021,,,,,,,,,,35.810,755589.312,Device,,NVIDIA A100-SXM4-40GB MIG 4g.20gb (0),1,,13,[CUDA memset]
2274657465,4384,80023,,,,,,,,,,0.000,18.248,Pinned,Device,NVIDIA A100-SXM4-40GB MIG 4g.20gb (0),1,,13,[CUDA memcpy Host-to-Device]
2274670041,20991,80024,,,,,,,,,,0.197,9366.209,Pinned,Device,NVIDIA A100-SXM4-40GB MIG 4g.20gb (0),1,,13,[CUDA memcpy Host-to-Device]
2274708504,9216,80025,273,1,1,48,1,1,40,0.000,0.001,,,,,NVIDIA A100-SXM4-40GB MIG 4g.20gb (0),1,,13,"void pusch_noise_intf_est::noiseIntfEstNoDftSOfdmKernel<float, __half, float, float, (unsigned int)2, (unsigned int)1, (unsigned char)4, (unsigned char)4>(pusch_noise_intf_est::puschRxNoiseIntfEstDynDescr)"
2274728568,2752,80036,35,1,1,128,1,1,16,0.000,0.000,,,,,NVIDIA A100-SXM4-40GB MIG 4g.20gb (0),1,,13,cupy_copy__complex64_complex64
2274739320,1696,80045,1,1,1,1,1,1,18,0.000,0.000,,,,,NVIDIA A100-SXM4-40GB MIG 4g.20gb (0),1,,13,cupy_copy__float32_float32
2274745816,6816,80051,,,,,,,,,,0.000,0.587,Device,Pageable,NVIDIA A100-SXM4-40GB MIG 4g.20gb (0),1,,7,[CUDA memcpy Device-to-Host]
2274826775,13119,80062,1434,1,1,128,1,1,16,0.000,0.000,,,,,NVIDIA A100-SXM4-40GB MIG 4g.20gb (0),1,,13,cupy_copy__complex64_complex64
2274855958,2752,80069,103,1,1,128,1,1,16,0.000,0.000,,,,,NVIDIA A100-SXM4-40GB MIG 4g.20gb (0),1,,13,cupy_copy__complex64_complex64
2274883926,2528,80076,35,1,1,128,1,1,16,0.000,0.000,,,,,NVIDIA A100-SXM4-40GB MIG 4g.20gb (0),1,,13,cupy_copy__complex64_complex64
2274894902,1760,80083,1,1,1,1,1,1,18,0.000,0.000,,,,,NVIDIA A100-SXM4-40GB MIG 4g.20gb (0),1,,13,cupy_copy__float32_float32
2275025876,87743,80094,1,1,1,32,32,1,30,0.000,0.000,,,,,NVIDIA A100-SXM4-40GB MIG 4g.20gb (0),1,,13,"void convert_kernel<__half2, float2>(tensor_layout_any, T1 *, tensor_layout_any, const T2 *)"
2275141459,5376,80097,,,,,,,,,,0.094,17428.487,Pinned,Device,NVIDIA A100-SXM4-40GB MIG 4g.20gb (0),1,,13,[CUDA memcpy Host-to-Device]
2275156723,3456,80098,,,,,,,,,,1.547,447517.201,Device,,NVIDIA A100-SXM4-40GB MIG 4g.20gb (0),1,,13,[CUDA memset]
2275162770,3360,80103,,,,,,,,,,0.031,9314.284,Pinned,Device,NVIDIA A100-SXM4-40GB MIG 4g.20gb (0),1,,13,[CUDA memcpy Host-to-Device]
2275168722,9632,80104,,,,,,,,,,0.197,20411.843,Pinned,Device,NVIDIA A100-SXM4-40GB MIG 4g.20gb (0),1,,13,[CUDA memcpy Host-to-Device]
2275184722,6016,80105,273,1,1,8,4,1,39,0.002,0.000,,,,,NVIDIA A100-SXM4-40GB MIG 4g.20gb (0),1,,13,"void channel_eq::eqMmseCoefCompLowMimoKernel<float, float, float, (unsigned int)4, (unsigned int)1, (unsigned int)4>(const channel_eq::_puschRxChEqStatDescr *, channel_eq::_puschRxChEqCoefCompDynDescr)"
2275192242,5760,80106,273,1,1,12,11,1,51,0.002,0.000,,,,,NVIDIA A100-SXM4-40GB MIG 4g.20gb (0),1,,13,"void channel_eq::eqMmseSoftDemapKernel<float, __half, __half, float, (unsigned int)4, (unsigned short)16383>(channel_eq::_puschRxChEqStatDescr *, channel_eq::_puschRxChEqSoftDemapDynDescr)"
2275200210,294428,80107,1,1,1,32,32,1,30,0.000,0.000,,,,,NVIDIA A100-SXM4-40GB MIG 4g.20gb (0),1,,13,"void convert_kernel<float2, __half2>(tensor_layout_any, T1 *, tensor_layout_any, const T2 *)"
2275495726,11008,80119,2253,1,1,128,1,1,16,0.000,0.000,,,,,NVIDIA A100-SXM4-40GB MIG 4g.20gb (0),1,,13,cupy_copy__float16_float16
2275509934,3840,80128,282,1,1,128,1,1,16,0.000,0.000,,,,,NVIDIA A100-SXM4-40GB MIG 4g.20gb (0),1,,13,cupy_copy__complex64_complex64
2275518286,2304,80137,26,1,1,128,1,1,16,0.000,0.000,,,,,NVIDIA A100-SXM4-40GB MIG 4g.20gb (0),1,,13,cupy_copy__float32_float32
2275522222,3296,80146,103,1,1,128,1,1,16,0.000,0.000,,,,,NVIDIA A100-SXM4-40GB MIG 4g.20gb (0),1,,13,cupy_copy__complex64_complex64
2275526606,11936,80156,1434,1,1,128,1,1,16,0.000,0.000,,,,,NVIDIA A100-SXM4-40GB MIG 4g.20gb (0),1,,13,cupy_copy__complex64_complex64
2275542894,86175,80161,1,1,1,32,32,1,30,0.000,0.000,,,,,NVIDIA A100-SXM4-40GB MIG 4g.20gb (0),1,,13,"void convert_kernel<__half2, float2>(tensor_layout_any, T1 *, tensor_layout_any, const T2 *)"
2275656812,5856,80164,,,,,,,,,,0.094,15999.997,Pinned,Device,NVIDIA A100-SXM4-40GB MIG 4g.20gb (0),1,,13,[CUDA memcpy Host-to-Device]
2275669228,597465,80165,,,,,,,,,,456.561,763827.289,Device,,NVIDIA A100-SXM4-40GB MIG 4g.20gb (0),1,,13,[CUDA memset]
2276277061,151294,80170,,,,,,,,,,1.235,8161.745,Pinned,Device,NVIDIA A100-SXM4-40GB MIG 4g.20gb (0),1,,13,[CUDA memcpy Host-to-Device]
2276438755,32127,80171,,,,,,,,,,0.197,6119.621,Pinned,Device,NVIDIA A100-SXM4-40GB MIG 4g.20gb (0),1,,13,[CUDA memcpy Host-to-Device]
2276486946,8416,80172,69,4,1,48,1,1,76,0.002,0.000,,,,,NVIDIA A100-SXM4-40GB MIG 4g.20gb (0),1,,13,"void ch_est::windowedChEstPreNoDftSOfdmKernel<float, __half, float, (unsigned int)2, (unsigned int)1, (unsigned short)4>(ch_est::puschRxChEstStatDescr_t *, ch_est::puschRxChEstDynDescr_t *)"
2276504642,7168,80173,137,2,1,24,2,1,44,0.001,0.001,,,,,NVIDIA A100-SXM4-40GB MIG 4g.20gb (0),1,,13,"void ch_est::chEstFilterNoDftSOfdmDispatchKernel<float, __half, float, (unsigned int)2>(ch_est::puschRxChEstStatDescr_t *, ch_est::puschRxChEstDynDescr_t *)"
2276516898,5408,80174,137,2,1,24,2,1,44,0.001,0.001,,,,,NVIDIA A100-SXM4-40GB MIG 4g.20gb (0),1,,13,"void ch_est::chEstFilterNoDftSOfdmDispatchKernel<float, __half, float, (unsigned int)2>(ch_est::puschRxChEstStatDescr_t *, ch_est::puschRxChEstDynDescr_t *)"
2276528738,2592,80185,103,1,1,128,1,1,16,0.000,0.000,,,,,NVIDIA A100-SXM4-40GB MIG 4g.20gb (0),1,,13,cupy_copy__complex64_complex64
2276536001,12928,80195,1434,1,1,128,1,1,16,0.000,0.000,,,,,NVIDIA A100-SXM4-40GB MIG 4g.20gb (0),1,,13,cupy_copy__complex64_complex64
2276550305,2848,80202,103,1,1,128,1,1,16,0.000,0.000,,,,,NVIDIA A100-SXM4-40GB MIG 4g.20gb (0),1,,13,cupy_copy__complex64_complex64
2276554785,82655,80209,1,1,1,32,32,1,30,0.000,0.000,,,,,NVIDIA A100-SXM4-40GB MIG 4g.20gb (0),1,,13,"void convert_kernel<__half2, float2>(tensor_layout_any, T1 *, tensor_layout_any, const T2 *)"
2276667744,5920,80212,,,,,,,,,,0.094,15826.941,Pinned,Device,NVIDIA A100-SXM4-40GB MIG 4g.20gb (0),1,,13,[CUDA memcpy Host-to-Device]
2276679968,46335,80213,,,,,,,,,,35.810,772813.884,Device,,NVIDIA A100-SXM4-40GB MIG 4g.20gb (0),1,,13,[CUDA memset]
2276732383,3968,80215,,,,,,,,,,0.000,20.161,Pinned,Device,NVIDIA A100-SXM4-40GB MIG 4g.20gb (0),1,,13,[CUDA memcpy Host-to-Device]
2276741855,11808,80216,,,,,,,,,,0.197,16650.338,Pinned,Device,NVIDIA A100-SXM4-40GB MIG 4g.20gb (0),1,,13,[CUDA memcpy Host-to-Device]
2276761343,12832,80217,273,1,1,48,1,1,40,0.000,0.001,,,,,NVIDIA A100-SXM4-40GB MIG 4g.20gb (0),1,,13,"void pusch_noise_intf_est::noiseIntfEstNoDftSOfdmKernel<float, __half, float, float, (unsigned int)2, (unsigned int)1, (unsigned char)4, (unsigned char)4>(pusch_noise_intf_est::puschRxNoiseIntfEstDynDescr)"
2276779902,2880,80228,35,1,1,128,1,1,16,0.000,0.000,,,,,NVIDIA A100-SXM4-40GB MIG 4g.20gb (0),1,,13,cupy_copy__complex64_complex64
2276788254,1888,80237,1,1,1,1,1,1,18,0.000,0.000,,,,,NVIDIA A100-SXM4-40GB MIG 4g.20gb (0),1,,13,cupy_copy__float32_float32
2276819966,1664,80243,,,,,,,,,,0.000,2.404,Device,Pageable,NVIDIA A100-SXM4-40GB MIG 4g.20gb (0),1,,7,[CUDA memcpy Device-to-Host]
2276880285,12960,80254,1434,1,1,128,1,1,16,0.000,0.000,,,,,NVIDIA A100-SXM4-40GB MIG 4g.20gb (0),1,,13,cupy_copy__complex64_complex64
2276907037,3424,80261,103,1,1,128,1,1,16,0.000,0.000,,,,,NVIDIA A100-SXM4-40GB MIG 4g.20gb (0),1,,13,cupy_copy__complex64_complex64
2276928189,2368,80268,35,1,1,128,1,1,16,0.000,0.000,,,,,NVIDIA A100-SXM4-40GB MIG 4g.20gb (0),1,,13,cupy_copy__complex64_complex64
2276946300,1792,80275,1,1,1,1,1,1,18,0.000,0.000,,,,,NVIDIA A100-SXM4-40GB MIG 4g.20gb (0),1,,13,cupy_copy__float32_float32
2277078459,87391,80286,1,1,1,32,32,1,30,0.000,0.000,,,,,NVIDIA A100-SXM4-40GB MIG 4g.20gb (0),1,,13,"void convert_kernel<__half2, float2>(tensor_layout_any, T1 *, tensor_layout_any, const T2 *)"
2277193913,5888,80289,,,,,,,,,,0.094,15912.954,Pinned,Device,NVIDIA A100-SXM4-40GB MIG 4g.20gb (0),1,,13,[CUDA memcpy Host-to-Device]
2277208793,3328,80290,,,,,,,,,,1.547,464729.580,Device,,NVIDIA A100-SXM4-40GB MIG 4g.20gb (0),1,,13,[CUDA memset]
2277215545,3264,80295,,,,,,,,,,0.031,9588.218,Pinned,Device,NVIDIA A100-SXM4-40GB MIG 4g.20gb (0),1,,13,[CUDA memcpy Host-to-Device]
2277221625,9536,80296,,,,,,,,,,0.197,20617.298,Pinned,Device,NVIDIA A100-SXM4-40GB MIG 4g.20gb (0),1,,13,[CUDA memcpy Host-to-Device]
2277237209,8352,80297,273,1,1,8,4,1,39,0.002,0.000,,,,,NVIDIA A100-SXM4-40GB MIG 4g.20gb (0),1,,13,"void channel_eq::eqMmseCoefCompLowMimoKernel<float, float, float, (unsigned int)4, (unsigned int)1, (unsigned int)4>(const channel_eq::_puschRxChEqStatDescr *, channel_eq::_puschRxChEqCoefCompDynDescr)"
2277246681,6368,80298,273,1,1,12,11,1,51,0.002,0.000,,,,,NVIDIA A100-SXM4-40GB MIG 4g.20gb (0),1,,13,"void channel_eq::eqMmseSoftDemapKernel<float, __half, __half, float, (unsigned int)4, (unsigned short)16383>(channel_eq::_puschRxChEqStatDescr *, channel_eq::_puschRxChEqSoftDemapDynDescr)"
2277254009,282300,80299,1,1,1,32,32,1,30,0.000,0.000,,,,,NVIDIA A100-SXM4-40GB MIG 4g.20gb (0),1,,13,"void convert_kernel<float2, __half2>(tensor_layout_any, T1 *, tensor_layout_any, const T2 *)"
2277537333,10912,80311,2253,1,1,128,1,1,16,0.000,0.000,,,,,NVIDIA A100-SXM4-40GB MIG 4g.20gb (0),1,,13,cupy_copy__float16_float16
2277551797,3200,80320,282,1,1,128,1,1,16,0.000,0.000,,,,,NVIDIA A100-SXM4-40GB MIG 4g.20gb (0),1,,13,cupy_copy__complex64_complex64
2277555925,2048,80329,26,1,1,128,1,1,16,0.000,0.000,,,,,NVIDIA A100-SXM4-40GB MIG 4g.20gb (0),1,,13,cupy_copy__float32_float32
2277561877,2976,80338,103,1,1,128,1,1,16,0.000,0.000,,,,,NVIDIA A100-SXM4-40GB MIG 4g.20gb (0),1,,13,cupy_copy__complex64_complex64
2277568053,12064,80348,1434,1,1,128,1,1,16,0.000,0.000,,,,,NVIDIA A100-SXM4-40GB MIG 4g.20gb (0),1,,13,cupy_copy__complex64_complex64
2277585237,86494,80353,1,1,1,32,32,1,30,0.000,0.000,,,,,NVIDIA A100-SXM4-40GB MIG 4g.20gb (0),1,,13,"void convert_kernel<__half2, float2>(tensor_layout_any, T1 *, tensor_layout_any, const T2 *)"
2277698739,5472,80356,,,,,,,,,,0.094,17122.757,Pinned,Device,NVIDIA A100-SXM4-40GB MIG 4g.20gb (0),1,,13,[CUDA memcpy Host-to-Device]
2277708691,597625,80357,,,,,,,,,,456.561,763827.289,Device,,NVIDIA A100-SXM4-40GB MIG 4g.20gb (0),1,,13,[CUDA memset]
2278313708,148510,80362,,,,,,,,,,1.235,8314.878,Pinned,Device,NVIDIA A100-SXM4-40GB MIG 4g.20gb (0),1,,13,[CUDA memcpy Host-to-Device]
2278474762,39583,80363,,,,,,,,,,0.197,4966.908,Pinned,Device,NVIDIA A100-SXM4-40GB MIG 4g.20gb (0),1,,13,[CUDA memcpy Host-to-Device]
2278545385,7744,80364,69,4,1,48,1,1,76,0.002,0.000,,,,,NVIDIA A100-SXM4-40GB MIG 4g.20gb (0),1,,13,"void ch_est::windowedChEstPreNoDftSOfdmKernel<float, __half, float, (unsigned int)2, (unsigned int)1, (unsigned short)4>(ch_est::puschRxChEstStatDescr_t *, ch_est::puschRxChEstDynDescr_t *)"
2278564584,6656,80365,137,2,1,24,2,1,44,0.001,0.001,,,,,NVIDIA A100-SXM4-40GB MIG 4g.20gb (0),1,,13,"void ch_est::chEstFilterNoDftSOfdmDispatchKernel<float, __half, float, (unsigned int)2>(ch_est::puschRxChEstStatDescr_t *, ch_est::puschRxChEstDynDescr_t *)"
2278582248,4736,80366,137,2,1,24,2,1,44,0.001,0.001,,,,,NVIDIA A100-SXM4-40GB MIG 4g.20gb (0),1,,13,"void ch_est::chEstFilterNoDftSOfdmDispatchKernel<float, __half, float, (unsigned int)2>(ch_est::puschRxChEstStatDescr_t *, ch_est::puschRxChEstDynDescr_t *)"
2278599528,2784,80377,103,1,1,128,1,1,16,0.000,0.000,,,,,NVIDIA A100-SXM4-40GB MIG 4g.20gb (0),1,,13,cupy_copy__complex64_complex64
2278616008,12352,80387,1434,1,1,128,1,1,16,0.000,0.000,,,,,NVIDIA A100-SXM4-40GB MIG 4g.20gb (0),1,,13,cupy_copy__complex64_complex64
2278635208,2944,80394,103,1,1,128,1,1,16,0.000,0.000,,,,,NVIDIA A100-SXM4-40GB MIG 4g.20gb (0),1,,13,cupy_copy__complex64_complex64
2278659047,95327,80401,1,1,1,32,32,1,30,0.000,0.000,,,,,NVIDIA A100-SXM4-40GB MIG 4g.20gb (0),1,,13,"void convert_kernel<__half2, float2>(tensor_layout_any, T1 *, tensor_layout_any, const T2 *)"
2278785638,12608,80404,,,,,,,,,,0.094,7431.405,Pinned,Device,NVIDIA A100-SXM4-40GB MIG 4g.20gb (0),1,,13,[CUDA memcpy Host-to-Device]
2278803461,46720,80405,,,,,,,,,,35.810,766475.528,Device,,NVIDIA A100-SXM4-40GB MIG 4g.20gb (0),1,,13,[CUDA memset]
2278851813,5824,80407,,,,,,,,,,0.000,13.736,Pinned,Device,NVIDIA A100-SXM4-40GB MIG 4g.20gb (0),1,,13,[CUDA memcpy Host-to-Device]
2278861157,10624,80408,,,,,,,,,,0.197,18505.925,Pinned,Device,NVIDIA A100-SXM4-40GB MIG 4g.20gb (0),1,,13,[CUDA memcpy Host-to-Device]
2278876933,12447,80409,273,1,1,48,1,1,40,0.000,0.001,,,,,NVIDIA A100-SXM4-40GB MIG 4g.20gb (0),1,,13,"void pusch_noise_intf_est::noiseIntfEstNoDftSOfdmKernel<float, __half, float, float, (unsigned int)2, (unsigned int)1, (unsigned char)4, (unsigned char)4>(pusch_noise_intf_est::puschRxNoiseIntfEstDynDescr)"
2278892356,2912,80420,35,1,1,128,1,1,16,0.000,0.000,,,,,NVIDIA A100-SXM4-40GB MIG 4g.20gb (0),1,,13,cupy_copy__complex64_complex64
2278911076,1920,80429,1,1,1,1,1,1,18,0.000,0.000,,,,,NVIDIA A100-SXM4-40GB MIG 4g.20gb (0),1,,13,cupy_copy__float32_float32
2278944356,1728,80435,,,,,,,,,,0.000,2.315,Device,Pageable,NVIDIA A100-SXM4-40GB MIG 4g.20gb (0),1,,7,[CUDA memcpy Device-to-Host]
2279004067,12960,80446,1434,1,1,128,1,1,16,0.000,0.000,,,,,NVIDIA A100-SXM4-40GB MIG 4g.20gb (0),1,,13,cupy_copy__complex64_complex64
2279031523,2976,80453,103,1,1,128,1,1,16,0.000,0.000,,,,,NVIDIA A100-SXM4-40GB MIG 4g.20gb (0),1,,13,cupy_copy__complex64_complex64
2279052610,2432,80460,35,1,1,128,1,1,16,0.000,0.000,,,,,NVIDIA A100-SXM4-40GB MIG 4g.20gb (0),1,,13,cupy_copy__complex64_complex64
2279071778,1792,80467,1,1,1,1,1,1,18,0.000,0.000,,,,,NVIDIA A100-SXM4-40GB MIG 4g.20gb (0),1,,13,cupy_copy__float32_float32
2279202113,82559,80478,1,1,1,32,32,1,30,0.000,0.000,,,,,NVIDIA A100-SXM4-40GB MIG 4g.20gb (0),1,,13,"void convert_kernel<__half2, float2>(tensor_layout_any, T1 *, tensor_layout_any, const T2 *)"
2279312159,6112,80481,,,,,,,,,,0.094,15329.790,Pinned,Device,NVIDIA A100-SXM4-40GB MIG 4g.20gb (0),1,,13,[CUDA memcpy Host-to-Device]
2279326335,3232,80482,,,,,,,,,,1.547,478533.199,Device,,NVIDIA A100-SXM4-40GB MIG 4g.20gb (0),1,,13,[CUDA memset]
2279333279,3008,80487,,,,,,,,,,0.031,10404.230,Pinned,Device,NVIDIA A100-SXM4-40GB MIG 4g.20gb (0),1,,13,[CUDA memcpy Host-to-Device]
2279339135,10080,80488,,,,,,,,,,0.197,19504.693,Pinned,Device,NVIDIA A100-SXM4-40GB MIG 4g.20gb (0),1,,13,[CUDA memcpy Host-to-Device]
2279353471,8704,80489,273,1,1,8,4,1,39,0.002,0.000,,,,,NVIDIA A100-SXM4-40GB MIG 4g.20gb (0),1,,13,"void channel_eq::eqMmseCoefCompLowMimoKernel<float, float, float, (unsigned int)4, (unsigned int)1, (unsigned int)4>(const channel_eq::_puschRxChEqStatDescr *, channel_eq::_puschRxChEqCoefCompDynDescr)"
2279365567,6175,80490,273,1,1,12,11,1,51,0.002,0.000,,,,,NVIDIA A100-SXM4-40GB MIG 4g.20gb (0),1,,13,"void channel_eq::eqMmseSoftDemapKernel<float, __half, __half, float, (unsigned int)4, (unsigned short)16383>(channel_eq::_puschRxChEqStatDescr *, channel_eq::_puschRxChEqSoftDemapDynDescr)"
2279372734,282941,80491,1,1,1,32,32,1,30,0.000,0.000,,,,,NVIDIA A100-SXM4-40GB MIG 4g.20gb (0),1,,13,"void convert_kernel<float2, __half2>(tensor_layout_any, T1 *, tensor_layout_any, const T2 *)"
2279656763,10880,80503,2253,1,1,128,1,1,16,0.000,0.000,,,,,NVIDIA A100-SXM4-40GB MIG 4g.20gb (0),1,,13,cupy_copy__float16_float16
2279668987,3072,80512,282,1,1,128,1,1,16,0.000,0.000,,,,,NVIDIA A100-SXM4-40GB MIG 4g.20gb (0),1,,13,cupy_copy__complex64_complex64
2279675931,2144,80521,26,1,1,128,1,1,16,0.000,0.000,,,,,NVIDIA A100-SXM4-40GB MIG 4g.20gb (0),1,,13,cupy_copy__float32_float32
2279679067,2912,80530,103,1,1,128,1,1,16,0.000,0.000,,,,,NVIDIA A100-SXM4-40GB MIG 4g.20gb (0),1,,13,cupy_copy__complex64_complex64
2279683003,12223,80540,1434,1,1,128,1,1,16,0.000,0.000,,,,,NVIDIA A100-SXM4-40GB MIG 4g.20gb (0),1,,13,cupy_copy__complex64_complex64
2279702938,82175,80545,1,1,1,32,32,1,30,0.000,0.000,,,,,NVIDIA A100-SXM4-40GB MIG 4g.20gb (0),1,,13,"void convert_kernel<__half2, float2>(tensor_layout_any, T1 *, tensor_layout_any, const T2 *)"
2279812313,5728,80548,,,,,,,,,,0.094,16357.541,Pinned,Device,NVIDIA A100-SXM4-40GB MIG 4g.20gb (0),1,,13,[CUDA memcpy Host-to-Device]
2279821881,598712,80549,,,,,,,,,,456.561,762457.605,Device,,NVIDIA A100-SXM4-40GB MIG 4g.20gb (0),1,,13,[CUDA memset]
2280425553,152863,80554,,,,,,,,,,1.235,8077.769,Pinned,Device,NVIDIA A100-SXM4-40GB MIG 4g.20gb (0),1,,13,[CUDA memcpy Host-to-Device]
2280586639,39488,80555,,,,,,,,,,0.197,4978.901,Pinned,Device,NVIDIA A100-SXM4-40GB MIG 4g.20gb (0),1,,13,[CUDA memcpy Host-to-Device]
2280656943,7679,80556,69,4,1,48,1,1,76,0.002,0.000,,,,,NVIDIA A100-SXM4-40GB MIG 4g.20gb (0),1,,13,"void ch_est::windowedChEstPreNoDftSOfdmKernel<float, __half, float, (unsigned int)2, (unsigned int)1, (unsigned short)4>(ch_est::puschRxChEstStatDescr_t *, ch_est::puschRxChEstDynDescr_t *)"
2280676366,6432,80557,137,2,1,24,2,1,44,0.001,0.001,,,,,NVIDIA A100-SXM4-40GB MIG 4g.20gb (0),1,,13,"void ch_est::chEstFilterNoDftSOfdmDispatchKernel<float, __half, float, (unsigned int)2>(ch_est::puschRxChEstStatDescr_t *, ch_est::puschRxChEstDynDescr_t *)"
2280693262,4704,80558,137,2,1,24,2,1,44,0.001,0.001,,,,,NVIDIA A100-SXM4-40GB MIG 4g.20gb (0),1,,13,"void ch_est::chEstFilterNoDftSOfdmDispatchKernel<float, __half, float, (unsigned int)2>(ch_est::puschRxChEstStatDescr_t *, ch_est::puschRxChEstDynDescr_t *)"
2280713422,2656,80569,103,1,1,128,1,1,16,0.000,0.000,,,,,NVIDIA A100-SXM4-40GB MIG 4g.20gb (0),1,,13,cupy_copy__complex64_complex64
2280729710,12671,80579,1434,1,1,128,1,1,16,0.000,0.000,,,,,NVIDIA A100-SXM4-40GB MIG 4g.20gb (0),1,,13,cupy_copy__complex64_complex64
2280752333,2560,80586,103,1,1,128,1,1,16,0.000,0.000,,,,,NVIDIA A100-SXM4-40GB MIG 4g.20gb (0),1,,13,cupy_copy__complex64_complex64
2280774605,92095,80593,1,1,1,32,32,1,30,0.000,0.000,,,,,NVIDIA A100-SXM4-40GB MIG 4g.20gb (0),1,,13,"void convert_kernel<__half2, float2>(tensor_layout_any, T1 *, tensor_layout_any, const T2 *)"
2280904971,23808,80596,,,,,,,,,,0.094,3935.419,Pinned,Device,NVIDIA A100-SXM4-40GB MIG 4g.20gb (0),1,,13,[CUDA memcpy Host-to-Device]
2280946731,47039,80597,,,,,,,,,,35.810,761247.279,Device,,NVIDIA A100-SXM4-40GB MIG 4g.20gb (0),1,,13,[CUDA memset]
2280995082,9728,80599,,,,,,,,,,0.000,8.224,Pinned,Device,NVIDIA A100-SXM4-40GB MIG 4g.20gb (0),1,,13,[CUDA memcpy Host-to-Device]
2281017898,22208,80600,,,,,,,,,,0.197,8852.865,Pinned,Device,NVIDIA A100-SXM4-40GB MIG 4g.20gb (0),1,,13,[CUDA memcpy Host-to-Device]
2281058346,9631,80601,273,1,1,48,1,1,40,0.000,0.001,,,,,NVIDIA A100-SXM4-40GB MIG 4g.20gb (0),1,,13,"void pusch_noise_intf_est::noiseIntfEstNoDftSOfdmKernel<float, __half, float, float, (unsigned int)2, (unsigned int)1, (unsigned char)4, (unsigned char)4>(pusch_noise_intf_est::puschRxNoiseIntfEstDynDescr)"
2281073737,2656,80612,35,1,1,128,1,1,16,0.000,0.000,,,,,NVIDIA A100-SXM4-40GB MIG 4g.20gb (0),1,,13,cupy_copy__complex64_complex64
2281085929,1696,80621,1,1,1,1,1,1,18,0.000,0.000,,,,,NVIDIA A100-SXM4-40GB MIG 4g.20gb (0),1,,13,cupy_copy__float32_float32
2281095593,9984,80627,,,,,,,,,,0.000,0.401,Device,Pageable,NVIDIA A100-SXM4-40GB MIG 4g.20gb (0),1,,7,[CUDA memcpy Device-to-Host]
2281182024,12800,80638,1434,1,1,128,1,1,16,0.000,0.000,,,,,NVIDIA A100-SXM4-40GB MIG 4g.20gb (0),1,,13,cupy_copy__complex64_complex64
2281205608,2944,80645,103,1,1,128,1,1,16,0.000,0.000,,,,,NVIDIA A100-SXM4-40GB MIG 4g.20gb (0),1,,13,cupy_copy__complex64_complex64
2281222056,2400,80652,35,1,1,128,1,1,16,0.000,0.000,,,,,NVIDIA A100-SXM4-40GB MIG 4g.20gb (0),1,,13,cupy_copy__complex64_complex64
2281247847,1760,80659,1,1,1,1,1,1,18,0.000,0.000,,,,,NVIDIA A100-SXM4-40GB MIG 4g.20gb (0),1,,13,cupy_copy__float32_float32
2281368038,82047,80670,1,1,1,32,32,1,30,0.000,0.000,,,,,NVIDIA A100-SXM4-40GB MIG 4g.20gb (0),1,,13,"void convert_kernel<__half2, float2>(tensor_layout_any, T1 *, tensor_layout_any, const T2 *)"
2281477316,5664,80673,,,,,,,,,,0.094,16542.310,Pinned,Device,NVIDIA A100-SXM4-40GB MIG 4g.20gb (0),1,,13,[CUDA memcpy Host-to-Device]
2281492484,3232,80674,,,,,,,,,,1.547,478533.199,Device,,NVIDIA A100-SXM4-40GB MIG 4g.20gb (0),1,,13,[CUDA memset]
2281498468,3040,80679,,,,,,,,,,0.031,10294.725,Pinned,Device,NVIDIA A100-SXM4-40GB MIG 4g.20gb (0),1,,13,[CUDA memcpy Host-to-Device]
2281504100,9984,80680,,,,,,,,,,0.197,19692.257,Pinned,Device,NVIDIA A100-SXM4-40GB MIG 4g.20gb (0),1,,13,[CUDA memcpy Host-to-Device]
2281519684,6432,80681,273,1,1,8,4,1,39,0.002,0.000,,,,,NVIDIA A100-SXM4-40GB MIG 4g.20gb (0),1,,13,"void channel_eq::eqMmseCoefCompLowMimoKernel<float, float, float, (unsigned int)4, (unsigned int)1, (unsigned int)4>(const channel_eq::_puschRxChEqStatDescr *, channel_eq::_puschRxChEqCoefCompDynDescr)"
2281529636,6048,80682,273,1,1,12,11,1,51,0.002,0.000,,,,,NVIDIA A100-SXM4-40GB MIG 4g.20gb (0),1,,13,"void channel_eq::eqMmseSoftDemapKernel<float, __half, __half, float, (unsigned int)4, (unsigned short)16383>(channel_eq::_puschRxChEqStatDescr *, channel_eq::_puschRxChEqSoftDemapDynDescr)"
2281537252,294748,80683,1,1,1,32,32,1,30,0.000,0.000,,,,,NVIDIA A100-SXM4-40GB MIG 4g.20gb (0),1,,13,"void convert_kernel<float2, __half2>(tensor_layout_any, T1 *, tensor_layout_any, const T2 *)"
2281833056,11008,80695,2253,1,1,128,1,1,16,0.000,0.000,,,,,NVIDIA A100-SXM4-40GB MIG 4g.20gb (0),1,,13,cupy_copy__float16_float16
2281847488,3712,80704,282,1,1,128,1,1,16,0.000,0.000,,,,,NVIDIA A100-SXM4-40GB MIG 4g.20gb (0),1,,13,cupy_copy__complex64_complex64
2281854624,2336,80713,26,1,1,128,1,1,16,0.000,0.000,,,,,NVIDIA A100-SXM4-40GB MIG 4g.20gb (0),1,,13,cupy_copy__float32_float32
2281858112,2912,80722,103,1,1,128,1,1,16,0.000,0.000,,,,,NVIDIA A100-SXM4-40GB MIG 4g.20gb (0),1,,13,cupy_copy__complex64_complex64
2281863552,12063,80732,1434,1,1,128,1,1,16,0.000,0.000,,,,,NVIDIA A100-SXM4-40GB MIG 4g.20gb (0),1,,13,cupy_copy__complex64_complex64
2281879071,87903,80737,1,1,1,32,32,1,30,0.000,0.000,,,,,NVIDIA A100-SXM4-40GB MIG 4g.20gb (0),1,,13,"void convert_kernel<__half2, float2>(tensor_layout_any, T1 *, tensor_layout_any, const T2 *)"
2281994558,6112,80740,,,,,,,,,,0.094,15329.790,Pinned,Device,NVIDIA A100-SXM4-40GB MIG 4g.20gb (0),1,,13,[CUDA memcpy Host-to-Device]
2282006366,599256,80741,,,,,,,,,,456.561,761544.482,Device,,NVIDIA A100-SXM4-40GB MIG 4g.20gb (0),1,,13,[CUDA memset]
2282606838,93023,80746,,,,,,,,,,1.235,13275.648,Pinned,Device,NVIDIA A100-SXM4-40GB MIG 4g.20gb (0),1,,13,[CUDA memcpy Host-to-Device]
2282707797,18656,80747,,,,,,,,,,0.197,10538.582,Pinned,Device,NVIDIA A100-SXM4-40GB MIG 4g.20gb (0),1,,13,[CUDA memcpy Host-to-Device]
2282744757,8736,80748,69,4,1,48,1,1,76,0.002,0.000,,,,,NVIDIA A100-SXM4-40GB MIG 4g.20gb (0),1,,13,"void ch_est::windowedChEstPreNoDftSOfdmKernel<float, __half, float, (unsigned int)2, (unsigned int)1, (unsigned short)4>(ch_est::puschRxChEstStatDescr_t *, ch_est::puschRxChEstDynDescr_t *)"
2282764021,6591,80749,137,2,1,24,2,1,44,0.001,0.001,,,,,NVIDIA A100-SXM4-40GB MIG 4g.20gb (0),1,,13,"void ch_est::chEstFilterNoDftSOfdmDispatchKernel<float, __half, float, (unsigned int)2>(ch_est::puschRxChEstStatDescr_t *, ch_est::puschRxChEstDynDescr_t *)"
2282777780,4896,80750,137,2,1,24,2,1,44,0.001,0.001,,,,,NVIDIA A100-SXM4-40GB MIG 4g.20gb (0),1,,13,"void ch_est::chEstFilterNoDftSOfdmDispatchKernel<float, __half, float, (unsigned int)2>(ch_est::puschRxChEstStatDescr_t *, ch_est::puschRxChEstDynDescr_t *)"
2282790772,2496,80761,103,1,1,128,1,1,16,0.000,0.000,,,,,NVIDIA A100-SXM4-40GB MIG 4g.20gb (0),1,,13,cupy_copy__complex64_complex64
2282804340,12800,80771,1434,1,1,128,1,1,16,0.000,0.000,,,,,NVIDIA A100-SXM4-40GB MIG 4g.20gb (0),1,,13,cupy_copy__complex64_complex64
2282825972,2592,80778,103,1,1,128,1,1,16,0.000,0.000,,,,,NVIDIA A100-SXM4-40GB MIG 4g.20gb (0),1,,13,cupy_copy__complex64_complex64
2282840084,84031,80785,1,1,1,32,32,1,30,0.000,0.000,,,,,NVIDIA A100-SXM4-40GB MIG 4g.20gb (0),1,,13,"void convert_kernel<__half2, float2>(tensor_layout_any, T1 *, tensor_layout_any, const T2 *)"
2282954962,12512,80788,,,,,,,,,,0.094,7488.465,Pinned,Device,NVIDIA A100-SXM4-40GB MIG 4g.20gb (0),1,,13,[CUDA memcpy Host-to-Device]
2282976914,49055,80789,,,,,,,,,,35.810,729985.219,Device,,NVIDIA A100-SXM4-40GB MIG 4g.20gb (0),1,,13,[CUDA memset]
2283034001,6400,80791,,,,,,,,,,0.000,12.500,Pinned,Device,NVIDIA A100-SXM4-40GB MIG 4g.20gb (0),1,,13,[CUDA memcpy Host-to-Device]
2283053553,19744,80792,,,,,,,,,,0.197,9957.802,Pinned,Device,NVIDIA A100-SXM4-40GB MIG 4g.20gb (0),1,,13,[CUDA memcpy Host-to-Device]
2283093840,10080,80793,273,1,1,48,1,1,40,0.000,0.001,,,,,NVIDIA A100-SXM4-40GB MIG 4g.20gb (0),1,,13,"void pusch_noise_intf_est::noiseIntfEstNoDftSOfdmKernel<float, __half, float, float, (unsigned int)2, (unsigned int)1, (unsigned char)4, (unsigned char)4>(pusch_noise_intf_est::puschRxNoiseIntfEstDynDescr)"
2283108848,2752,80804,35,1,1,128,1,1,16,0.000,0.000,,,,,NVIDIA A100-SXM4-40GB MIG 4g.20gb (0),1,,13,cupy_copy__complex64_complex64
2283123056,1664,80813,1,1,1,1,1,1,18,0.000,0.000,,,,,NVIDIA A100-SXM4-40GB MIG 4g.20gb (0),1,,13,cupy_copy__float32_float32
2283127888,6208,80819,,,,,,,,,,0.000,0.644,Device,Pageable,NVIDIA A100-SXM4-40GB MIG 4g.20gb (0),1,,7,[CUDA memcpy Device-to-Host]
2283226703,12992,80830,1434,1,1,128,1,1,16,0.000,0.000,,,,,NVIDIA A100-SXM4-40GB MIG 4g.20gb (0),1,,13,cupy_copy__complex64_complex64
2283253070,2656,80837,103,1,1,128,1,1,16,0.000,0.000,,,,,NVIDIA A100-SXM4-40GB MIG 4g.20gb (0),1,,13,cupy_copy__complex64_complex64
2283270350,2304,80844,35,1,1,128,1,1,16,0.000,0.000,,,,,NVIDIA A100-SXM4-40GB MIG 4g.20gb (0),1,,13,cupy_copy__complex64_complex64
2283284718,1792,80851,1,1,1,1,1,1,18,0.000,0.000,,,,,NVIDIA A100-SXM4-40GB MIG 4g.20gb (0),1,,13,cupy_copy__float32_float32
2283414284,86271,80862,1,1,1,32,32,1,30,0.000,0.000,,,,,NVIDIA A100-SXM4-40GB MIG 4g.20gb (0),1,,13,"void convert_kernel<__half2, float2>(tensor_layout_any, T1 *, tensor_layout_any, const T2 *)"
2283530731,16032,80865,,,,,,,,,,0.094,5844.288,Pinned,Device,NVIDIA A100-SXM4-40GB MIG 4g.20gb (0),1,,13,[CUDA memcpy Host-to-Device]
2283558219,3360,80866,,,,,,,,,,1.547,460304.688,Device,,NVIDIA A100-SXM4-40GB MIG 4g.20gb (0),1,,13,[CUDA memset]
2283564107,4384,80871,,,,,,,,,,0.031,7138.680,Pinned,Device,NVIDIA A100-SXM4-40GB MIG 4g.20gb (0),1,,13,[CUDA memcpy Host-to-Device]
2283572779,14431,80872,,,,,,,,,,0.197,13623.951,Pinned,Device,NVIDIA A100-SXM4-40GB MIG 4g.20gb (0),1,,13,[CUDA memcpy Host-to-Device]
2283606762,6208,80873,273,1,1,8,4,1,39,0.002,0.000,,,,,NVIDIA A100-SXM4-40GB MIG 4g.20gb (0),1,,13,"void channel_eq::eqMmseCoefCompLowMimoKernel<float, float, float, (unsigned int)4, (unsigned int)1, (unsigned int)4>(const channel_eq::_puschRxChEqStatDescr *, channel_eq::_puschRxChEqCoefCompDynDescr)"
2283615530,5696,80874,273,1,1,12,11,1,51,0.002,0.000,,,,,NVIDIA A100-SXM4-40GB MIG 4g.20gb (0),1,,13,"void channel_eq::eqMmseSoftDemapKernel<float, __half, __half, float, (unsigned int)4, (unsigned short)16383>(channel_eq::_puschRxChEqStatDescr *, channel_eq::_puschRxChEqSoftDemapDynDescr)"
2283625450,282684,80875,1,1,1,32,32,1,30,0.000,0.000,,,,,NVIDIA A100-SXM4-40GB MIG 4g.20gb (0),1,,13,"void convert_kernel<float2, __half2>(tensor_layout_any, T1 *, tensor_layout_any, const T2 *)"
2283909318,10912,80887,2253,1,1,128,1,1,16,0.000,0.000,,,,,NVIDIA A100-SXM4-40GB MIG 4g.20gb (0),1,,13,cupy_copy__float16_float16
2283923430,3040,80896,282,1,1,128,1,1,16,0.000,0.000,,,,,NVIDIA A100-SXM4-40GB MIG 4g.20gb (0),1,,13,cupy_copy__complex64_complex64
2283929670,1984,80905,26,1,1,128,1,1,16,0.000,0.000,,,,,NVIDIA A100-SXM4-40GB MIG 4g.20gb (0),1,,13,cupy_copy__float32_float32
2283933318,4544,80914,103,1,1,128,1,1,16,0.000,0.000,,,,,NVIDIA A100-SXM4-40GB MIG 4g.20gb (0),1,,13,cupy_copy__complex64_complex64
2283939142,12736,80924,1434,1,1,128,1,1,16,0.000,0.000,,,,,NVIDIA A100-SXM4-40GB MIG 4g.20gb (0),1,,13,cupy_copy__complex64_complex64
2283954406,81535,80929,1,1,1,32,32,1,30,0.000,0.000,,,,,NVIDIA A100-SXM4-40GB MIG 4g.20gb (0),1,,13,"void convert_kernel<__half2, float2>(tensor_layout_any, T1 *, tensor_layout_any, const T2 *)"
2284063460,5728,80932,,,,,,,,,,0.094,16357.541,Pinned,Device,NVIDIA A100-SXM4-40GB MIG 4g.20gb (0),1,,13,[CUDA memcpy Host-to-Device]
2284073636,599705,80933,,,,,,,,,,456.561,761087.920,Device,,NVIDIA A100-SXM4-40GB MIG 4g.20gb (0),1,,13,[CUDA memset]
2284674781,155390,80938,,,,,,,,,,1.235,7946.865,Pinned,Device,NVIDIA A100-SXM4-40GB MIG 4g.20gb (0),1,,13,[CUDA memcpy Host-to-Device]
2284840027,28191,80939,,,,,,,,,,0.197,6974.079,Pinned,Device,NVIDIA A100-SXM4-40GB MIG 4g.20gb (0),1,,13,[CUDA memcpy Host-to-Device]
2284883098,8352,80940,69,4,1,48,1,1,76,0.002,0.000,,,,,NVIDIA A100-SXM4-40GB MIG 4g.20gb (0),1,,13,"void ch_est::windowedChEstPreNoDftSOfdmKernel<float, __half, float, (unsigned int)2, (unsigned int)1, (unsigned short)4>(ch_est::puschRxChEstStatDescr_t *, ch_est::puschRxChEstDynDescr_t *)"
2284900730,6752,80941,137,2,1,24,2,1,44,0.001,0.001,,,,,NVIDIA A100-SXM4-40GB MIG 4g.20gb (0),1,,13,"void ch_est::chEstFilterNoDftSOfdmDispatchKernel<float, __half, float, (unsigned int)2>(ch_est::puschRxChEstStatDescr_t *, ch_est::puschRxChEstDynDescr_t *)"
2284915226,4576,80942,137,2,1,24,2,1,44,0.001,0.001,,,,,NVIDIA A100-SXM4-40GB MIG 4g.20gb (0),1,,13,"void ch_est::chEstFilterNoDftSOfdmDispatchKernel<float, __half, float, (unsigned int)2>(ch_est::puschRxChEstStatDescr_t *, ch_est::puschRxChEstDynDescr_t *)"
2284925626,2880,80953,103,1,1,128,1,1,16,0.000,0.000,,,,,NVIDIA A100-SXM4-40GB MIG 4g.20gb (0),1,,13,cupy_copy__complex64_complex64
2284938778,12543,80963,1434,1,1,128,1,1,16,0.000,0.000,,,,,NVIDIA A100-SXM4-40GB MIG 4g.20gb (0),1,,13,cupy_copy__complex64_complex64
2284958361,2944,80970,103,1,1,128,1,1,16,0.000,0.000,,,,,NVIDIA A100-SXM4-40GB MIG 4g.20gb (0),1,,13,cupy_copy__complex64_complex64
2284975129,89151,80977,1,1,1,32,32,1,30,0.000,0.000,,,,,NVIDIA A100-SXM4-40GB MIG 4g.20gb (0),1,,13,"void convert_kernel<__half2, float2>(tensor_layout_any, T1 *, tensor_layout_any, const T2 *)"
2285096344,13248,80980,,,,,,,,,,0.094,7072.455,Pinned,Device,NVIDIA A100-SXM4-40GB MIG 4g.20gb (0),1,,13,[CUDA memcpy Host-to-Device]
2285115607,46400,80981,,,,,,,,,,35.810,771739.586,Device,,NVIDIA A100-SXM4-40GB MIG 4g.20gb (0),1,,13,[CUDA memset]
2285169015,5760,80983,,,,,,,,,,0.000,13.889,Pinned,Device,NVIDIA A100-SXM4-40GB MIG 4g.20gb (0),1,,13,[CUDA memcpy Host-to-Device]
2285182711,17343,80984,,,,,,,,,,0.197,11336.417,Pinned,Device,NVIDIA A100-SXM4-40GB MIG 4g.20gb (0),1,,13,[CUDA memcpy Host-to-Device]
2285216502,10080,80985,273,1,1,48,1,1,40,0.000,0.001,,,,,NVIDIA A100-SXM4-40GB MIG 4g.20gb (0),1,,13,"void pusch_noise_intf_est::noiseIntfEstNoDftSOfdmKernel<float, __half, float, float, (unsigned int)2, (unsigned int)1, (unsigned char)4, (unsigned char)4>(pusch_noise_intf_est::puschRxNoiseIntfEstDynDescr)"
2285236438,2816,80996,35,1,1,128,1,1,16,0.000,0.000,,,,,NVIDIA A100-SXM4-40GB MIG 4g.20gb (0),1,,13,cupy_copy__complex64_complex64
2285246070,1696,81005,1,1,1,1,1,1,18,0.000,0.000,,,,,NVIDIA A100-SXM4-40GB MIG 4g.20gb (0),1,,13,cupy_copy__float32_float32
2285254870,2368,81011,,,,,,,,,,0.000,1.689,Device,Pageable,NVIDIA A100-SXM4-40GB MIG 4g.20gb (0),1,,7,[CUDA memcpy Device-to-Host]
2285321909,12608,81022,1434,1,1,128,1,1,16,0.000,0.000,,,,,NVIDIA A100-SXM4-40GB MIG 4g.20gb (0),1,,13,cupy_copy__complex64_complex64
2285348117,3008,81029,103,1,1,128,1,1,16,0.000,0.000,,,,,NVIDIA A100-SXM4-40GB MIG 4g.20gb (0),1,,13,cupy_copy__complex64_complex64
2285368756,2176,81036,35,1,1,128,1,1,16,0.000,0.000,,,,,NVIDIA A100-SXM4-40GB MIG 4g.20gb (0),1,,13,cupy_copy__complex64_complex64
2285386900,2048,81043,1,1,1,1,1,1,18,0.000,0.000,,,,,NVIDIA A100-SXM4-40GB MIG 4g.20gb (0),1,,13,cupy_copy__float32_float32
2285519826,81919,81054,1,1,1,32,32,1,30,0.000,0.000,,,,,NVIDIA A100-SXM4-40GB MIG 4g.20gb (0),1,,13,"void convert_kernel<__half2, float2>(tensor_layout_any, T1 *, tensor_layout_any, const T2 *)"
2285629233,5792,81057,,,,,,,,,,0.094,16176.708,Pinned,Device,NVIDIA A100-SXM4-40GB MIG 4g.20gb (0),1,,13,[CUDA memcpy Host-to-Device]
2285643121,3200,81058,,,,,,,,,,1.547,483320.000,Device,,NVIDIA A100-SXM4-40GB MIG 4g.20gb (0),1,,13,[CUDA memset]
2285652369,3008,81063,,,,,,,,,,0.031,10404.230,Pinned,Device,NVIDIA A100-SXM4-40GB MIG 4g.20gb (0),1,,13,[CUDA memcpy Host-to-Device]
2285658321,9728,81064,,,,,,,,,,0.197,20210.516,Pinned,Device,NVIDIA A100-SXM4-40GB MIG 4g.20gb (0),1,,13,[CUDA memcpy Host-to-Device]
2285673009,7327,81065,273,1,1,8,4,1,39,0.002,0.000,,,,,NVIDIA A100-SXM4-40GB MIG 4g.20gb (0),1,,13,"void channel_eq::eqMmseCoefCompLowMimoKernel<float, float, float, (unsigned int)4, (unsigned int)1, (unsigned int)4>(const channel_eq::_puschRxChEqStatDescr *, channel_eq::_puschRxChEqCoefCompDynDescr)"
2285681328,5888,81066,273,1,1,12,11,1,51,0.002,0.000,,,,,NVIDIA A100-SXM4-40GB MIG 4g.20gb (0),1,,13,"void channel_eq::eqMmseSoftDemapKernel<float, __half, __half, float, (unsigned int)4, (unsigned short)16383>(channel_eq::_puschRxChEqStatDescr *, channel_eq::_puschRxChEqSoftDemapDynDescr)"
2285689360,283261,81067,1,1,1,32,32,1,30,0.000,0.000,,,,,NVIDIA A100-SXM4-40GB MIG 4g.20gb (0),1,,13,"void convert_kernel<float2, __half2>(tensor_layout_any, T1 *, tensor_layout_any, const T2 *)"
2285973677,11040,81079,2253,1,1,128,1,1,16,0.000,0.000,,,,,NVIDIA A100-SXM4-40GB MIG 4g.20gb (0),1,,13,cupy_copy__float16_float16
2285986925,3168,81088,282,1,1,128,1,1,16,0.000,0.000,,,,,NVIDIA A100-SXM4-40GB MIG 4g.20gb (0),1,,13,cupy_copy__complex64_complex64
2285991725,2272,81097,26,1,1,128,1,1,16,0.000,0.000,,,,,NVIDIA A100-SXM4-40GB MIG 4g.20gb (0),1,,13,cupy_copy__float32_float32
2285995821,2784,81106,103,1,1,128,1,1,16,0.000,0.000,,,,,NVIDIA A100-SXM4-40GB MIG 4g.20gb (0),1,,13,cupy_copy__complex64_complex64
2286001004,12032,81116,1434,1,1,128,1,1,16,0.000,0.000,,,,,NVIDIA A100-SXM4-40GB MIG 4g.20gb (0),1,,13,cupy_copy__complex64_complex64
2286023852,83071,81121,1,1,1,32,32,1,30,0.000,0.000,,,,,NVIDIA A100-SXM4-40GB MIG 4g.20gb (0),1,,13,"void convert_kernel<__half2, float2>(tensor_layout_any, T1 *, tensor_layout_any, const T2 *)"
2286133835,5856,81124,,,,,,,,,,0.094,15999.997,Pinned,Device,NVIDIA A100-SXM4-40GB MIG 4g.20gb (0),1,,13,[CUDA memcpy Host-to-Device]
2286145035,596888,81125,,,,,,,,,,456.561,764740.412,Device,,NVIDIA A100-SXM4-40GB MIG 4g.20gb (0),1,,13,[CUDA memset]
2286747267,165982,81130,,,,,,,,,,1.235,7439.303,Pinned,Device,NVIDIA A100-SXM4-40GB MIG 4g.20gb (0),1,,13,[CUDA memcpy Host-to-Device]
2286927201,36992,81131,,,,,,,,,,0.197,5314.707,Pinned,Device,NVIDIA A100-SXM4-40GB MIG 4g.20gb (0),1,,13,[CUDA memcpy Host-to-Device]
2286989760,8160,81132,69,4,1,48,1,1,76,0.002,0.000,,,,,NVIDIA A100-SXM4-40GB MIG 4g.20gb (0),1,,13,"void ch_est::windowedChEstPreNoDftSOfdmKernel<float, __half, float, (unsigned int)2, (unsigned int)1, (unsigned short)4>(ch_est::puschRxChEstStatDescr_t *, ch_est::puschRxChEstDynDescr_t *)"
2287006336,6560,81133,137,2,1,24,2,1,44,0.001,0.001,,,,,NVIDIA A100-SXM4-40GB MIG 4g.20gb (0),1,,13,"void ch_est::chEstFilterNoDftSOfdmDispatchKernel<float, __half, float, (unsigned int)2>(ch_est::puschRxChEstStatDescr_t *, ch_est::puschRxChEstDynDescr_t *)"
2287024736,5280,81134,137,2,1,24,2,1,44,0.001,0.001,,,,,NVIDIA A100-SXM4-40GB MIG 4g.20gb (0),1,,13,"void ch_est::chEstFilterNoDftSOfdmDispatchKernel<float, __half, float, (unsigned int)2>(ch_est::puschRxChEstStatDescr_t *, ch_est::puschRxChEstDynDescr_t *)"
2287037344,2784,81145,103,1,1,128,1,1,16,0.000,0.000,,,,,NVIDIA A100-SXM4-40GB MIG 4g.20gb (0),1,,13,cupy_copy__complex64_complex64
2287052223,12448,81155,1434,1,1,128,1,1,16,0.000,0.000,,,,,NVIDIA A100-SXM4-40GB MIG 4g.20gb (0),1,,13,cupy_copy__complex64_complex64
2287077343,2560,81162,103,1,1,128,1,1,16,0.000,0.000,,,,,NVIDIA A100-SXM4-40GB MIG 4g.20gb (0),1,,13,cupy_copy__complex64_complex64
2287090111,84351,81169,1,1,1,32,32,1,30,0.000,0.000,,,,,NVIDIA A100-SXM4-40GB MIG 4g.20gb (0),1,,13,"void convert_kernel<__half2, float2>(tensor_layout_any, T1 *, tensor_layout_any, const T2 *)"
2287207166,13439,81172,,,,,,,,,,0.094,6971.919,Pinned,Device,NVIDIA A100-SXM4-40GB MIG 4g.20gb (0),1,,13,[CUDA memcpy Host-to-Device]
2287227197,45504,81173,,,,,,,,,,35.810,786958.802,Device,,NVIDIA A100-SXM4-40GB MIG 4g.20gb (0),1,,13,[CUDA memset]
2287281821,8352,81175,,,,,,,,,,0.000,9.578,Pinned,Device,NVIDIA A100-SXM4-40GB MIG 4g.20gb (0),1,,13,[CUDA memcpy Host-to-Device]
2287299292,16608,81176,,,,,,,,,,0.197,11837.964,Pinned,Device,NVIDIA A100-SXM4-40GB MIG 4g.20gb (0),1,,13,[CUDA memcpy Host-to-Device]
2287329916,9504,81177,273,1,1,48,1,1,40,0.000,0.001,,,,,NVIDIA A100-SXM4-40GB MIG 4g.20gb (0),1,,13,"void pusch_noise_intf_est::noiseIntfEstNoDftSOfdmKernel<float, __half, float, float, (unsigned int)2, (unsigned int)1, (unsigned char)4, (unsigned char)4>(pusch_noise_intf_est::puschRxNoiseIntfEstDynDescr)"
2287341788,3200,81188,35,1,1,128,1,1,16,0.000,0.000,,,,,NVIDIA A100-SXM4-40GB MIG 4g.20gb (0),1,,13,cupy_copy__complex64_complex64
2287353564,1888,81197,1,1,1,1,1,1,18,0.000,0.000,,,,,NVIDIA A100-SXM4-40GB MIG 4g.20gb (0),1,,13,cupy_copy__float32_float32
2287359548,6080,81203,,,,,,,,,,0.000,0.658,Device,Pageable,NVIDIA A100-SXM4-40GB MIG 4g.20gb (0),1,,7,[CUDA memcpy Device-to-Host]
2287438363,13056,81214,1434,1,1,128,1,1,16,0.000,0.000,,,,,NVIDIA A100-SXM4-40GB MIG 4g.20gb (0),1,,13,cupy_copy__complex64_complex64
2287466298,3456,81221,103,1,1,128,1,1,16,0.000,0.000,,,,,NVIDIA A100-SXM4-40GB MIG 4g.20gb (0),1,,13,cupy_copy__complex64_complex64
2287485946,2688,81228,35,1,1,128,1,1,16,0.000,0.000,,,,,NVIDIA A100-SXM4-40GB MIG 4g.20gb (0),1,,13,cupy_copy__complex64_complex64
2287505882,1760,81235,1,1,1,1,1,1,18,0.000,0.000,,,,,NVIDIA A100-SXM4-40GB MIG 4g.20gb (0),1,,13,cupy_copy__float32_float32
2287635992,87775,81246,1,1,1,32,32,1,30,0.000,0.000,,,,,NVIDIA A100-SXM4-40GB MIG 4g.20gb (0),1,,13,"void convert_kernel<__half2, float2>(tensor_layout_any, T1 *, tensor_layout_any, const T2 *)"
2287754103,6048,81249,,,,,,,,,,0.094,15491.978,Pinned,Device,NVIDIA A100-SXM4-40GB MIG 4g.20gb (0),1,,13,[CUDA memcpy Host-to-Device]
2287768823,3520,81250,,,,,,,,,,1.547,439380.412,Device,,NVIDIA A100-SXM4-40GB MIG 4g.20gb (0),1,,13,[CUDA memset]
2287775639,3424,81255,,,,,,,,,,0.031,9140.185,Pinned,Device,NVIDIA A100-SXM4-40GB MIG 4g.20gb (0),1,,13,[CUDA memcpy Host-to-Device]
2287781878,9440,81256,,,,,,,,,,0.197,20827.079,Pinned,Device,NVIDIA A100-SXM4-40GB MIG 4g.20gb (0),1,,13,[CUDA memcpy Host-to-Device]
2287796726,6112,81257,273,1,1,8,4,1,39,0.002,0.000,,,,,NVIDIA A100-SXM4-40GB MIG 4g.20gb (0),1,,13,"void channel_eq::eqMmseCoefCompLowMimoKernel<float, float, float, (unsigned int)4, (unsigned int)1, (unsigned int)4>(const channel_eq::_puschRxChEqStatDescr *, channel_eq::_puschRxChEqCoefCompDynDescr)"
2287805782,6176,81258,273,1,1,12,11,1,51,0.002,0.000,,,,,NVIDIA A100-SXM4-40GB MIG 4g.20gb (0),1,,13,"void channel_eq::eqMmseSoftDemapKernel<float, __half, __half, float, (unsigned int)4, (unsigned short)16383>(channel_eq::_puschRxChEqStatDescr *, channel_eq::_puschRxChEqSoftDemapDynDescr)"
2287813654,282877,81259,1,1,1,32,32,1,30,0.000,0.000,,,,,NVIDIA A100-SXM4-40GB MIG 4g.20gb (0),1,,13,"void convert_kernel<float2, __half2>(tensor_layout_any, T1 *, tensor_layout_any, const T2 *)"
2288097683,10879,81271,2253,1,1,128,1,1,16,0.000,0.000,,,,,NVIDIA A100-SXM4-40GB MIG 4g.20gb (0),1,,13,cupy_copy__float16_float16
2288113362,2848,81280,282,1,1,128,1,1,16,0.000,0.000,,,,,NVIDIA A100-SXM4-40GB MIG 4g.20gb (0),1,,13,cupy_copy__complex64_complex64
2288119474,2048,81289,26,1,1,128,1,1,16,0.000,0.000,,,,,NVIDIA A100-SXM4-40GB MIG 4g.20gb (0),1,,13,cupy_copy__float32_float32
2288122642,3136,81298,103,1,1,128,1,1,16,0.000,0.000,,,,,NVIDIA A100-SXM4-40GB MIG 4g.20gb (0),1,,13,cupy_copy__complex64_complex64
2288129074,11968,81308,1434,1,1,128,1,1,16,0.000,0.000,,,,,NVIDIA A100-SXM4-40GB MIG 4g.20gb (0),1,,13,cupy_copy__complex64_complex64
2288142034,83679,81313,1,1,1,32,32,1,30,0.000,0.000,,,,,NVIDIA A100-SXM4-40GB MIG 4g.20gb (0),1,,13,"void convert_kernel<__half2, float2>(tensor_layout_any, T1 *, tensor_layout_any, const T2 *)"
2288252881,5856,81316,,,,,,,,,,0.094,15999.997,Pinned,Device,NVIDIA A100-SXM4-40GB MIG 4g.20gb (0),1,,13,[CUDA memcpy Host-to-Device]
2288263665,596888,81317,,,,,,,,,,456.561,764740.412,Device,,NVIDIA A100-SXM4-40GB MIG 4g.20gb (0),1,,13,[CUDA memset]
2288866633,151710,81322,,,,,,,,,,1.235,8139.516,Pinned,Device,NVIDIA A100-SXM4-40GB MIG 4g.20gb (0),1,,13,[CUDA memcpy Host-to-Device]
2289027783,35200,81323,,,,,,,,,,0.197,5585.437,Pinned,Device,NVIDIA A100-SXM4-40GB MIG 4g.20gb (0),1,,13,[CUDA memcpy Host-to-Device]
2289076102,8224,81324,69,4,1,48,1,1,76,0.002,0.000,,,,,NVIDIA A100-SXM4-40GB MIG 4g.20gb (0),1,,13,"void ch_est::windowedChEstPreNoDftSOfdmKernel<float, __half, float, (unsigned int)2, (unsigned int)1, (unsigned short)4>(ch_est::puschRxChEstStatDescr_t *, ch_est::puschRxChEstDynDescr_t *)"
2289091974,6688,81325,137,2,1,24,2,1,44,0.001,0.001,,,,,NVIDIA A100-SXM4-40GB MIG 4g.20gb (0),1,,13,"void ch_est::chEstFilterNoDftSOfdmDispatchKernel<float, __half, float, (unsigned int)2>(ch_est::puschRxChEstStatDescr_t *, ch_est::puschRxChEstDynDescr_t *)"
2289104006,4704,81326,137,2,1,24,2,1,44,0.001,0.001,,,,,NVIDIA A100-SXM4-40GB MIG 4g.20gb (0),1,,13,"void ch_est::chEstFilterNoDftSOfdmDispatchKernel<float, __half, float, (unsigned int)2>(ch_est::puschRxChEstStatDescr_t *, ch_est::puschRxChEstDynDescr_t *)"
2289115750,3456,81337,103,1,1,128,1,1,16,0.000,0.000,,,,,NVIDIA A100-SXM4-40GB MIG 4g.20gb (0),1,,13,cupy_copy__complex64_complex64
2289120422,12704,81347,1434,1,1,128,1,1,16,0.000,0.000,,,,,NVIDIA A100-SXM4-40GB MIG 4g.20gb (0),1,,13,cupy_copy__complex64_complex64
2289135590,2688,81354,103,1,1,128,1,1,16,0.000,0.000,,,,,NVIDIA A100-SXM4-40GB MIG 4g.20gb (0),1,,13,cupy_copy__complex64_complex64
2289156293,82239,81361,1,1,1,32,32,1,30,0.000,0.000,,,,,NVIDIA A100-SXM4-40GB MIG 4g.20gb (0),1,,13,"void convert_kernel<__half2, float2>(tensor_layout_any, T1 *, tensor_layout_any, const T2 *)"
2289270340,14208,81364,,,,,,,,,,0.094,6594.512,Pinned,Device,NVIDIA A100-SXM4-40GB MIG 4g.20gb (0),1,,13,[CUDA memcpy Host-to-Device]
2289304868,47135,81365,,,,,,,,,,35.810,759707.453,Device,,NVIDIA A100-SXM4-40GB MIG 4g.20gb (0),1,,13,[CUDA memset]
2289359875,6944,81367,,,,,,,,,,0.000,11.521,Pinned,Device,NVIDIA A100-SXM4-40GB MIG 4g.20gb (0),1,,13,[CUDA memcpy Host-to-Device]
2289372771,20864,81368,,,,,,,,,,0.197,9423.225,Pinned,Device,NVIDIA A100-SXM4-40GB MIG 4g.20gb (0),1,,13,[CUDA memcpy Host-to-Device]
2289414050,10080,81369,273,1,1,48,1,1,40,0.000,0.001,,,,,NVIDIA A100-SXM4-40GB MIG 4g.20gb (0),1,,13,"void pusch_noise_intf_est::noiseIntfEstNoDftSOfdmKernel<float, __half, float, float, (unsigned int)2, (unsigned int)1, (unsigned char)4, (unsigned char)4>(pusch_noise_intf_est::puschRxNoiseIntfEstDynDescr)"
2289427842,2720,81380,35,1,1,128,1,1,16,0.000,0.000,,,,,NVIDIA A100-SXM4-40GB MIG 4g.20gb (0),1,,13,cupy_copy__complex64_complex64
2289434018,1824,81389,1,1,1,1,1,1,18,0.000,0.000,,,,,NVIDIA A100-SXM4-40GB MIG 4g.20gb (0),1,,13,cupy_copy__float32_float32
2289439042,1984,81395,,,,,,,,,,0.000,2.016,Device,Pageable,NVIDIA A100-SXM4-40GB MIG 4g.20gb (0),1,,7,[CUDA memcpy Device-to-Host]
2289509569,12832,81406,1434,1,1,128,1,1,16,0.000,0.000,,,,,NVIDIA A100-SXM4-40GB MIG 4g.20gb (0),1,,13,cupy_copy__complex64_complex64
2289540065,6304,81413,103,1,1,128,1,1,16,0.000,0.000,,,,,NVIDIA A100-SXM4-40GB MIG 4g.20gb (0),1,,13,cupy_copy__complex64_complex64
2289561408,2752,81420,35,1,1,128,1,1,16,0.000,0.000,,,,,NVIDIA A100-SXM4-40GB MIG 4g.20gb (0),1,,13,cupy_copy__complex64_complex64
2289578688,1920,81427,1,1,1,1,1,1,18,0.000,0.000,,,,,NVIDIA A100-SXM4-40GB MIG 4g.20gb (0),1,,13,cupy_copy__float32_float32
2289702815,82623,81438,1,1,1,32,32,1,30,0.000,0.000,,,,,NVIDIA A100-SXM4-40GB MIG 4g.20gb (0),1,,13,"void convert_kernel<__half2, float2>(tensor_layout_any, T1 *, tensor_layout_any, const T2 *)"
2289813501,5664,81441,,,,,,,,,,0.094,16542.310,Pinned,Device,NVIDIA A100-SXM4-40GB MIG 4g.20gb (0),1,,13,[CUDA memcpy Host-to-Device]
2289829565,3264,81442,,,,,,,,,,1.547,473842.288,Device,,NVIDIA A100-SXM4-40GB MIG 4g.20gb (0),1,,13,[CUDA memset]
2289835229,3072,81447,,,,,,,,,,0.031,10187.474,Pinned,Device,NVIDIA A100-SXM4-40GB MIG 4g.20gb (0),1,,13,[CUDA memcpy Host-to-Device]
2289840733,9696,81448,,,,,,,,,,0.197,20277.166,Pinned,Device,NVIDIA A100-SXM4-40GB MIG 4g.20gb (0),1,,13,[CUDA memcpy Host-to-Device]
2289855069,6592,81449,273,1,1,8,4,1,39,0.002,0.000,,,,,NVIDIA A100-SXM4-40GB MIG 4g.20gb (0),1,,13,"void channel_eq::eqMmseCoefCompLowMimoKernel<float, float, float, (unsigned int)4, (unsigned int)1, (unsigned int)4>(const channel_eq::_puschRxChEqStatDescr *, channel_eq::_puschRxChEqCoefCompDynDescr)"
2289862621,6112,81450,273,1,1,12,11,1,51,0.002,0.000,,,,,NVIDIA A100-SXM4-40GB MIG 4g.20gb (0),1,,13,"void channel_eq::eqMmseSoftDemapKernel<float, __half, __half, float, (unsigned int)4, (unsigned short)16383>(channel_eq::_puschRxChEqStatDescr *, channel_eq::_puschRxChEqSoftDemapDynDescr)"
2289869821,282812,81451,1,1,1,32,32,1,30,0.000,0.000,,,,,NVIDIA A100-SXM4-40GB MIG 4g.20gb (0),1,,13,"void convert_kernel<float2, __half2>(tensor_layout_any, T1 *, tensor_layout_any, const T2 *)"
2290154009,11072,81463,2253,1,1,128,1,1,16,0.000,0.000,,,,,NVIDIA A100-SXM4-40GB MIG 4g.20gb (0),1,,13,cupy_copy__float16_float16
2290169497,3168,81472,282,1,1,128,1,1,16,0.000,0.000,,,,,NVIDIA A100-SXM4-40GB MIG 4g.20gb (0),1,,13,cupy_copy__complex64_complex64
2290175001,2016,81481,26,1,1,128,1,1,16,0.000,0.000,,,,,NVIDIA A100-SXM4-40GB MIG 4g.20gb (0),1,,13,cupy_copy__float32_float32
2290180825,2912,81490,103,1,1,128,1,1,16,0.000,0.000,,,,,NVIDIA A100-SXM4-40GB MIG 4g.20gb (0),1,,13,cupy_copy__complex64_complex64
2290185049,12832,81500,1434,1,1,128,1,1,16,0.000,0.000,,,,,NVIDIA A100-SXM4-40GB MIG 4g.20gb (0),1,,13,cupy_copy__complex64_complex64
2290203289,81983,81505,1,1,1,32,32,1,30,0.000,0.000,,,,,NVIDIA A100-SXM4-40GB MIG 4g.20gb (0),1,,13,"void convert_kernel<__half2, float2>(tensor_layout_any, T1 *, tensor_layout_any, const T2 *)"
2290311927,5408,81508,,,,,,,,,,0.094,17325.421,Pinned,Device,NVIDIA A100-SXM4-40GB MIG 4g.20gb (0),1,,13,[CUDA memcpy Host-to-Device]
2290321783,599129,81509,,,,,,,,,,456.561,762001.043,Device,,NVIDIA A100-SXM4-40GB MIG 4g.20gb (0),1,,13,[CUDA memset]
2290927920,111646,81514,,,,,,,,,,1.235,11060.158,Pinned,Device,NVIDIA A100-SXM4-40GB MIG 4g.20gb (0),1,,13,[CUDA memcpy Host-to-Device]
2291050094,20896,81515,,,,,,,,,,0.197,9408.872,Pinned,Device,NVIDIA A100-SXM4-40GB MIG 4g.20gb (0),1,,13,[CUDA memcpy Host-to-Device]
2291088366,9567,81516,69,4,1,48,1,1,76,0.002,0.000,,,,,NVIDIA A100-SXM4-40GB MIG 4g.20gb (0),1,,13,"void ch_est::windowedChEstPreNoDftSOfdmKernel<float, __half, float, (unsigned int)2, (unsigned int)1, (unsigned short)4>(ch_est::puschRxChEstStatDescr_t *, ch_est::puschRxChEstDynDescr_t *)"
2291105325,6592,81517,137,2,1,24,2,1,44,0.001,0.001,,,,,NVIDIA A100-SXM4-40GB MIG 4g.20gb (0),1,,13,"void ch_est::chEstFilterNoDftSOfdmDispatchKernel<float, __half, float, (unsigned int)2>(ch_est::puschRxChEstStatDescr_t *, ch_est::puschRxChEstDynDescr_t *)"
2291117325,5056,81518,137,2,1,24,2,1,44,0.001,0.001,,,,,NVIDIA A100-SXM4-40GB MIG 4g.20gb (0),1,,13,"void ch_est::chEstFilterNoDftSOfdmDispatchKernel<float, __half, float, (unsigned int)2>(ch_est::puschRxChEstStatDescr_t *, ch_est::puschRxChEstDynDescr_t *)"
2291129677,2624,81529,103,1,1,128,1,1,16,0.000,0.000,,,,,NVIDIA A100-SXM4-40GB MIG 4g.20gb (0),1,,13,cupy_copy__complex64_complex64
2291144973,12288,81539,1434,1,1,128,1,1,16,0.000,0.000,,,,,NVIDIA A100-SXM4-40GB MIG 4g.20gb (0),1,,13,cupy_copy__complex64_complex64
2291161997,2976,81546,103,1,1,128,1,1,16,0.000,0.000,,,,,NVIDIA A100-SXM4-40GB MIG 4g.20gb (0),1,,13,cupy_copy__complex64_complex64
2291181132,81183,81553,1,1,1,32,32,1,30,0.000,0.000,,,,,NVIDIA A100-SXM4-40GB MIG 4g.20gb (0),1,,13,"void convert_kernel<__half2, float2>(tensor_layout_any, T1 *, tensor_layout_any, const T2 *)"
2291292139,13696,81556,,,,,,,,,,0.094,6841.120,Pinned,Device,NVIDIA A100-SXM4-40GB MIG 4g.20gb (0),1,,13,[CUDA memcpy Host-to-Device]
2291317899,46591,81557,,,,,,,,,,35.810,768588.313,Device,,NVIDIA A100-SXM4-40GB MIG 4g.20gb (0),1,,13,[CUDA memset]
2291370986,9984,81559,,,,,,,,,,0.000,8.013,Pinned,Device,NVIDIA A100-SXM4-40GB MIG 4g.20gb (0),1,,13,[CUDA memcpy Host-to-Device]
2291388714,18176,81560,,,,,,,,,,0.197,10816.782,Pinned,Device,NVIDIA A100-SXM4-40GB MIG 4g.20gb (0),1,,13,[CUDA memcpy Host-to-Device]
2291429385,9152,81561,273,1,1,48,1,1,40,0.000,0.001,,,,,NVIDIA A100-SXM4-40GB MIG 4g.20gb (0),1,,13,"void pusch_noise_intf_est::noiseIntfEstNoDftSOfdmKernel<float, __half, float, float, (unsigned int)2, (unsigned int)1, (unsigned char)4, (unsigned char)4>(pusch_noise_intf_est::puschRxNoiseIntfEstDynDescr)"
2291451945,2592,81572,35,1,1,128,1,1,16,0.000,0.000,,,,,NVIDIA A100-SXM4-40GB MIG 4g.20gb (0),1,,13,cupy_copy__complex64_complex64
2291462025,1696,81581,1,1,1,1,1,1,18,0.000,0.000,,,,,NVIDIA A100-SXM4-40GB MIG 4g.20gb (0),1,,13,cupy_copy__float32_float32
2291471337,3648,81587,,,,,,,,,,0.000,1.096,Device,Pageable,NVIDIA A100-SXM4-40GB MIG 4g.20gb (0),1,,7,[CUDA memcpy Device-to-Host]
2291548552,13024,81598,1434,1,1,128,1,1,16,0.000,0.000,,,,,NVIDIA A100-SXM4-40GB MIG 4g.20gb (0),1,,13,cupy_copy__complex64_complex64
2291577448,3424,81605,103,1,1,128,1,1,16,0.000,0.000,,,,,NVIDIA A100-SXM4-40GB MIG 4g.20gb (0),1,,13,cupy_copy__complex64_complex64
2291600679,2688,81612,35,1,1,128,1,1,16,0.000,0.000,,,,,NVIDIA A100-SXM4-40GB MIG 4g.20gb (0),1,,13,cupy_copy__complex64_complex64
2291613479,1664,81619,1,1,1,1,1,1,18,0.000,0.000,,,,,NVIDIA A100-SXM4-40GB MIG 4g.20gb (0),1,,13,cupy_copy__float32_float32
2291742662,81918,81630,1,1,1,32,32,1,30,0.000,0.000,,,,,NVIDIA A100-SXM4-40GB MIG 4g.20gb (0),1,,13,"void convert_kernel<__half2, float2>(tensor_layout_any, T1 *, tensor_layout_any, const T2 *)"
2291852260,5920,81633,,,,,,,,,,0.094,15826.941,Pinned,Device,NVIDIA A100-SXM4-40GB MIG 4g.20gb (0),1,,13,[CUDA memcpy Host-to-Device]
2291866340,3456,81634,,,,,,,,,,1.547,447517.201,Device,,NVIDIA A100-SXM4-40GB MIG 4g.20gb (0),1,,13,[CUDA memset]
2291873284,3488,81639,,,,,,,,,,0.031,8972.469,Pinned,Device,NVIDIA A100-SXM4-40GB MIG 4g.20gb (0),1,,13,[CUDA memcpy Host-to-Device]
2291879428,9696,81640,,,,,,,,,,0.197,20277.166,Pinned,Device,NVIDIA A100-SXM4-40GB MIG 4g.20gb (0),1,,13,[CUDA memcpy Host-to-Device]
2291895172,6080,81641,273,1,1,8,4,1,39,0.002,0.000,,,,,NVIDIA A100-SXM4-40GB MIG 4g.20gb (0),1,,13,"void channel_eq::eqMmseCoefCompLowMimoKernel<float, float, float, (unsigned int)4, (unsigned int)1, (unsigned int)4>(const channel_eq::_puschRxChEqStatDescr *, channel_eq::_puschRxChEqCoefCompDynDescr)"
2291902276,5663,81642,273,1,1,12,11,1,51,0.002,0.000,,,,,NVIDIA A100-SXM4-40GB MIG 4g.20gb (0),1,,13,"void channel_eq::eqMmseSoftDemapKernel<float, __half, __half, float, (unsigned int)4, (unsigned short)16383>(channel_eq::_puschRxChEqStatDescr *, channel_eq::_puschRxChEqSoftDemapDynDescr)"
2291909347,294749,81643,1,1,1,32,32,1,30,0.000,0.000,,,,,NVIDIA A100-SXM4-40GB MIG 4g.20gb (0),1,,13,"void convert_kernel<float2, __half2>(tensor_layout_any, T1 *, tensor_layout_any, const T2 *)"
2292205120,11008,81655,2253,1,1,128,1,1,16,0.000,0.000,,,,,NVIDIA A100-SXM4-40GB MIG 4g.20gb (0),1,,13,cupy_copy__float16_float16
2292219296,3712,81664,282,1,1,128,1,1,16,0.000,0.000,,,,,NVIDIA A100-SXM4-40GB MIG 4g.20gb (0),1,,13,cupy_copy__complex64_complex64
2292225152,2240,81673,26,1,1,128,1,1,16,0.000,0.000,,,,,NVIDIA A100-SXM4-40GB MIG 4g.20gb (0),1,,13,cupy_copy__float32_float32
2292229439,3712,81682,103,1,1,128,1,1,16,0.000,0.000,,,,,NVIDIA A100-SXM4-40GB MIG 4g.20gb (0),1,,13,cupy_copy__complex64_complex64
2292234175,11776,81692,1434,1,1,128,1,1,16,0.000,0.000,,,,,NVIDIA A100-SXM4-40GB MIG 4g.20gb (0),1,,13,cupy_copy__complex64_complex64
2292249407,86239,81697,1,1,1,32,32,1,30,0.000,0.000,,,,,NVIDIA A100-SXM4-40GB MIG 4g.20gb (0),1,,13,"void convert_kernel<__half2, float2>(tensor_layout_any, T1 *, tensor_layout_any, const T2 *)"
2292362558,6112,81700,,,,,,,,,,0.094,15329.790,Pinned,Device,NVIDIA A100-SXM4-40GB MIG 4g.20gb (0),1,,13,[CUDA memcpy Host-to-Device]
2292372414,597400,81701,,,,,,,,,,456.561,763827.289,Device,,NVIDIA A100-SXM4-40GB MIG 4g.20gb (0),1,,13,[CUDA memset]
2292978838,95071,81706,,,,,,,,,,1.235,12989.141,Pinned,Device,NVIDIA A100-SXM4-40GB MIG 4g.20gb (0),1,,13,[CUDA memcpy Host-to-Device]
2293082133,27584,81707,,,,,,,,,,0.197,7127.433,Pinned,Device,NVIDIA A100-SXM4-40GB MIG 4g.20gb (0),1,,13,[CUDA memcpy Host-to-Device]
2293128212,8256,81708,69,4,1,48,1,1,76,0.002,0.000,,,,,NVIDIA A100-SXM4-40GB MIG 4g.20gb (0),1,,13,"void ch_est::windowedChEstPreNoDftSOfdmKernel<float, __half, float, (unsigned int)2, (unsigned int)1, (unsigned short)4>(ch_est::puschRxChEstStatDescr_t *, ch_est::puschRxChEstDynDescr_t *)"
2293138100,6496,81709,137,2,1,24,2,1,44,0.001,0.001,,,,,NVIDIA A100-SXM4-40GB MIG 4g.20gb (0),1,,13,"void ch_est::chEstFilterNoDftSOfdmDispatchKernel<float, __half, float, (unsigned int)2>(ch_est::puschRxChEstStatDescr_t *, ch_est::puschRxChEstDynDescr_t *)"
2293147700,4896,81710,137,2,1,24,2,1,44,0.001,0.001,,,,,NVIDIA A100-SXM4-40GB MIG 4g.20gb (0),1,,13,"void ch_est::chEstFilterNoDftSOfdmDispatchKernel<float, __half, float, (unsigned int)2>(ch_est::puschRxChEstStatDescr_t *, ch_est::puschRxChEstDynDescr_t *)"
2293157748,2624,81721,103,1,1,128,1,1,16,0.000,0.000,,,,,NVIDIA A100-SXM4-40GB MIG 4g.20gb (0),1,,13,cupy_copy__complex64_complex64
2293166356,12704,81731,1434,1,1,128,1,1,16,0.000,0.000,,,,,NVIDIA A100-SXM4-40GB MIG 4g.20gb (0),1,,13,cupy_copy__complex64_complex64
2293184436,2944,81738,103,1,1,128,1,1,16,0.000,0.000,,,,,NVIDIA A100-SXM4-40GB MIG 4g.20gb (0),1,,13,cupy_copy__complex64_complex64
2293194548,93150,81745,1,1,1,32,32,1,30,0.000,0.000,,,,,NVIDIA A100-SXM4-40GB MIG 4g.20gb (0),1,,13,"void convert_kernel<__half2, float2>(tensor_layout_any, T1 *, tensor_layout_any, const T2 *)"
2293315154,9632,81748,,,,,,,,,,0.094,9727.519,Pinned,Device,NVIDIA A100-SXM4-40GB MIG 4g.20gb (0),1,,13,[CUDA memcpy Host-to-Device]
2293334002,47935,81749,,,,,,,,,,35.810,747030.741,Device,,NVIDIA A100-SXM4-40GB MIG 4g.20gb (0),1,,13,[CUDA memset]
2293388241,4704,81751,,,,,,,,,,0.000,17.007,Pinned,Device,NVIDIA A100-SXM4-40GB MIG 4g.20gb (0),1,,13,[CUDA memcpy Host-to-Device]
2293399281,19424,81752,,,,,,,,,,0.197,10121.773,Pinned,Device,NVIDIA A100-SXM4-40GB MIG 4g.20gb (0),1,,13,[CUDA memcpy Host-to-Device]
2293432849,9631,81753,273,1,1,48,1,1,40,0.000,0.001,,,,,NVIDIA A100-SXM4-40GB MIG 4g.20gb (0),1,,13,"void pusch_noise_intf_est::noiseIntfEstNoDftSOfdmKernel<float, __half, float, float, (unsigned int)2, (unsigned int)1, (unsigned char)4, (unsigned char)4>(pusch_noise_intf_est::puschRxNoiseIntfEstDynDescr)"
2293454896,2816,81764,35,1,1,128,1,1,16,0.000,0.000,,,,,NVIDIA A100-SXM4-40GB MIG 4g.20gb (0),1,,13,cupy_copy__complex64_complex64
2293469456,1696,81773,1,1,1,1,1,1,18,0.000,0.000,,,,,NVIDIA A100-SXM4-40GB MIG 4g.20gb (0),1,,13,cupy_copy__float32_float32
2293477648,3744,81779,,,,,,,,,,0.000,1.068,Device,Pageable,NVIDIA A100-SXM4-40GB MIG 4g.20gb (0),1,,7,[CUDA memcpy Device-to-Host]
2293552015,12736,81790,1434,1,1,128,1,1,16,0.000,0.000,,,,,NVIDIA A100-SXM4-40GB MIG 4g.20gb (0),1,,13,cupy_copy__complex64_complex64
2293576751,3424,81797,103,1,1,128,1,1,16,0.000,0.000,,,,,NVIDIA A100-SXM4-40GB MIG 4g.20gb (0),1,,13,cupy_copy__complex64_complex64
2293597455,2336,81804,35,1,1,128,1,1,16,0.000,0.000,,,,,NVIDIA A100-SXM4-40GB MIG 4g.20gb (0),1,,13,cupy_copy__complex64_complex64
2293626606,1984,81811,1,1,1,1,1,1,18,0.000,0.000,,,,,NVIDIA A100-SXM4-40GB MIG 4g.20gb (0),1,,13,cupy_copy__float32_float32
2293748621,88767,81822,1,1,1,32,32,1,30,0.000,0.000,,,,,NVIDIA A100-SXM4-40GB MIG 4g.20gb (0),1,,13,"void convert_kernel<__half2, float2>(tensor_layout_any, T1 *, tensor_layout_any, const T2 *)"
2293865451,6048,81825,,,,,,,,,,0.094,15491.978,Pinned,Device,NVIDIA A100-SXM4-40GB MIG 4g.20gb (0),1,,13,[CUDA memcpy Host-to-Device]
2293879755,3168,81826,,,,,,,,,,1.547,488201.145,Device,,NVIDIA A100-SXM4-40GB MIG 4g.20gb (0),1,,13,[CUDA memset]
2293886699,3104,81831,,,,,,,,,,0.031,10082.445,Pinned,Device,NVIDIA A100-SXM4-40GB MIG 4g.20gb (0),1,,13,[CUDA memcpy Host-to-Device]
2293892587,9984,81832,,,,,,,,,,0.197,19692.257,Pinned,Device,NVIDIA A100-SXM4-40GB MIG 4g.20gb (0),1,,13,[CUDA memcpy Host-to-Device]
2293907467,6432,81833,273,1,1,8,4,1,39,0.002,0.000,,,,,NVIDIA A100-SXM4-40GB MIG 4g.20gb (0),1,,13,"void channel_eq::eqMmseCoefCompLowMimoKernel<float, float, float, (unsigned int)4, (unsigned int)1, (unsigned int)4>(const channel_eq::_puschRxChEqStatDescr *, channel_eq::_puschRxChEqCoefCompDynDescr)"
2293914827,6304,81834,273,1,1,12,11,1,51,0.002,0.000,,,,,NVIDIA A100-SXM4-40GB MIG 4g.20gb (0),1,,13,"void channel_eq::eqMmseSoftDemapKernel<float, __half, __half, float, (unsigned int)4, (unsigned short)16383>(channel_eq::_puschRxChEqStatDescr *, channel_eq::_puschRxChEqSoftDemapDynDescr)"
2293922219,283324,81835,1,1,1,32,32,1,30,0.000,0.000,,,,,NVIDIA A100-SXM4-40GB MIG 4g.20gb (0),1,,13,"void convert_kernel<float2, __half2>(tensor_layout_any, T1 *, tensor_layout_any, const T2 *)"
2294208295,10944,81847,2253,1,1,128,1,1,16,0.000,0.000,,,,,NVIDIA A100-SXM4-40GB MIG 4g.20gb (0),1,,13,cupy_copy__float16_float16
2294220935,3616,81856,282,1,1,128,1,1,16,0.000,0.000,,,,,NVIDIA A100-SXM4-40GB MIG 4g.20gb (0),1,,13,cupy_copy__complex64_complex64
2294226247,2112,81865,26,1,1,128,1,1,16,0.000,0.000,,,,,NVIDIA A100-SXM4-40GB MIG 4g.20gb (0),1,,13,cupy_copy__float32_float32
2294230855,2880,81874,103,1,1,128,1,1,16,0.000,0.000,,,,,NVIDIA A100-SXM4-40GB MIG 4g.20gb (0),1,,13,cupy_copy__complex64_complex64
2294235943,12448,81884,1434,1,1,128,1,1,16,0.000,0.000,,,,,NVIDIA A100-SXM4-40GB MIG 4g.20gb (0),1,,13,cupy_copy__complex64_complex64
2294253830,82527,81889,1,1,1,32,32,1,30,0.000,0.000,,,,,NVIDIA A100-SXM4-40GB MIG 4g.20gb (0),1,,13,"void convert_kernel<__half2, float2>(tensor_layout_any, T1 *, tensor_layout_any, const T2 *)"
2294363045,5760,81892,,,,,,,,,,0.094,16266.656,Pinned,Device,NVIDIA A100-SXM4-40GB MIG 4g.20gb (0),1,,13,[CUDA memcpy Host-to-Device]
2294375621,596473,81893,,,,,,,,,,456.561,765196.973,Device,,NVIDIA A100-SXM4-40GB MIG 4g.20gb (0),1,,13,[CUDA memset]
2294976766,166205,81898,,,,,,,,,,1.235,7429.423,Pinned,Device,NVIDIA A100-SXM4-40GB MIG 4g.20gb (0),1,,13,[CUDA memcpy Host-to-Device]
2295151931,27168,81899,,,,,,,,,,0.197,7236.747,Pinned,Device,NVIDIA A100-SXM4-40GB MIG 4g.20gb (0),1,,13,[CUDA memcpy Host-to-Device]
2295192187,8160,81900,69,4,1,48,1,1,76,0.002,0.000,,,,,NVIDIA A100-SXM4-40GB MIG 4g.20gb (0),1,,13,"void ch_est::windowedChEstPreNoDftSOfdmKernel<float, __half, float, (unsigned int)2, (unsigned int)1, (unsigned short)4>(ch_est::puschRxChEstStatDescr_t *, ch_est::puschRxChEstDynDescr_t *)"
2295205947,6848,81901,137,2,1,24,2,1,44,0.001,0.001,,,,,NVIDIA A100-SXM4-40GB MIG 4g.20gb (0),1,,13,"void ch_est::chEstFilterNoDftSOfdmDispatchKernel<float, __half, float, (unsigned int)2>(ch_est::puschRxChEstStatDescr_t *, ch_est::puschRxChEstDynDescr_t *)"
2295214555,4672,81902,137,2,1,24,2,1,44,0.001,0.001,,,,,NVIDIA A100-SXM4-40GB MIG 4g.20gb (0),1,,13,"void ch_est::chEstFilterNoDftSOfdmDispatchKernel<float, __half, float, (unsigned int)2>(ch_est::puschRxChEstStatDescr_t *, ch_est::puschRxChEstDynDescr_t *)"
2295226394,2976,81913,103,1,1,128,1,1,16,0.000,0.000,,,,,NVIDIA A100-SXM4-40GB MIG 4g.20gb (0),1,,13,cupy_copy__complex64_complex64
2295238490,12512,81923,1434,1,1,128,1,1,16,0.000,0.000,,,,,NVIDIA A100-SXM4-40GB MIG 4g.20gb (0),1,,13,cupy_copy__complex64_complex64
2295253594,2624,81930,103,1,1,128,1,1,16,0.000,0.000,,,,,NVIDIA A100-SXM4-40GB MIG 4g.20gb (0),1,,13,cupy_copy__complex64_complex64
2295258234,88127,81937,1,1,1,32,32,1,30,0.000,0.000,,,,,NVIDIA A100-SXM4-40GB MIG 4g.20gb (0),1,,13,"void convert_kernel<__half2, float2>(tensor_layout_any, T1 *, tensor_layout_any, const T2 *)"
2295373817,5600,81940,,,,,,,,,,0.094,16731.388,Pinned,Device,NVIDIA A100-SXM4-40GB MIG 4g.20gb (0),1,,13,[CUDA memcpy Host-to-Device]
2295386616,47104,81941,,,,,,,,,,35.810,760208.792,Device,,NVIDIA A100-SXM4-40GB MIG 4g.20gb (0),1,,13,[CUDA memset]
2295439288,3232,81943,,,,,,,,,,0.000,24.752,Pinned,Device,NVIDIA A100-SXM4-40GB MIG 4g.20gb (0),1,,13,[CUDA memcpy Host-to-Device]
2295446744,14016,81944,,,,,,,,,,0.197,14027.391,Pinned,Device,NVIDIA A100-SXM4-40GB MIG 4g.20gb (0),1,,13,[CUDA memcpy Host-to-Device]
2295467959,9952,81945,273,1,1,48,1,1,40,0.000,0.001,,,,,NVIDIA A100-SXM4-40GB MIG 4g.20gb (0),1,,13,"void pusch_noise_intf_est::noiseIntfEstNoDftSOfdmKernel<float, __half, float, float, (unsigned int)2, (unsigned int)1, (unsigned char)4, (unsigned char)4>(pusch_noise_intf_est::puschRxNoiseIntfEstDynDescr)"
2295481623,3136,81956,35,1,1,128,1,1,16,0.000,0.000,,,,,NVIDIA A100-SXM4-40GB MIG 4g.20gb (0),1,,13,cupy_copy__complex64_complex64
2295497335,1952,81965,1,1,1,1,1,1,18,0.000,0.000,,,,,NVIDIA A100-SXM4-40GB MIG 4g.20gb (0),1,,13,cupy_copy__float32_float32
2295527159,1600,81971,,,,,,,,,,0.000,2.500,Device,Pageable,NVIDIA A100-SXM4-40GB MIG 4g.20gb (0),1,,7,[CUDA memcpy Device-to-Host]
2295586966,12768,81982,1434,1,1,128,1,1,16,0.000,0.000,,,,,NVIDIA A100-SXM4-40GB MIG 4g.20gb (0),1,,13,cupy_copy__complex64_complex64
2295613078,2816,81989,103,1,1,128,1,1,16,0.000,0.000,,,,,NVIDIA A100-SXM4-40GB MIG 4g.20gb (0),1,,13,cupy_copy__complex64_complex64
2295638133,2400,81996,35,1,1,128,1,1,16,0.000,0.000,,,,,NVIDIA A100-SXM4-40GB MIG 4g.20gb (0),1,,13,cupy_copy__complex64_complex64
2295656149,1792,82003,1,1,1,1,1,1,18,0.000,0.000,,,,,NVIDIA A100-SXM4-40GB MIG 4g.20gb (0),1,,13,cupy_copy__float32_float32
2295787795,82431,82014,1,1,1,32,32,1,30,0.000,0.000,,,,,NVIDIA A100-SXM4-40GB MIG 4g.20gb (0),1,,13,"void convert_kernel<__half2, float2>(tensor_layout_any, T1 *, tensor_layout_any, const T2 *)"
2295897650,6144,82017,,,,,,,,,,0.094,15249.961,Pinned,Device,NVIDIA A100-SXM4-40GB MIG 4g.20gb (0),1,,13,[CUDA memcpy Host-to-Device]
2295912210,3136,82018,,,,,,,,,,1.547,493182.821,Device,,NVIDIA A100-SXM4-40GB MIG 4g.20gb (0),1,,13,[CUDA memset]
2295919090,3328,82023,,,,,,,,,,0.031,9403.822,Pinned,Device,NVIDIA A100-SXM4-40GB MIG 4g.20gb (0),1,,13,[CUDA memcpy Host-to-Device]
2295925106,9920,82024,,,,,,,,,,0.197,19819.266,Pinned,Device,NVIDIA A100-SXM4-40GB MIG 4g.20gb (0),1,,13,[CUDA memcpy Host-to-Device]
2295940786,8127,82025,273,1,1,8,4,1,39,0.002,0.000,,,,,NVIDIA A100-SXM4-40GB MIG 4g.20gb (0),1,,13,"void channel_eq::eqMmseCoefCompLowMimoKernel<float, float, float, (unsigned int)4, (unsigned int)1, (unsigned int)4>(const channel_eq::_puschRxChEqStatDescr *, channel_eq::_puschRxChEqCoefCompDynDescr)"
2295949841,5472,82026,273,1,1,12,11,1,51,0.002,0.000,,,,,NVIDIA A100-SXM4-40GB MIG 4g.20gb (0),1,,13,"void channel_eq::eqMmseSoftDemapKernel<float, __half, __half, float, (unsigned int)4, (unsigned short)16383>(channel_eq::_puschRxChEqStatDescr *, channel_eq::_puschRxChEqSoftDemapDynDescr)"
2295956369,290461,82027,1,1,1,32,32,1,30,0.000,0.000,,,,,NVIDIA A100-SXM4-40GB MIG 4g.20gb (0),1,,13,"void convert_kernel<float2, __half2>(tensor_layout_any, T1 *, tensor_layout_any, const T2 *)"
2296247950,10944,82039,2253,1,1,128,1,1,16,0.000,0.000,,,,,NVIDIA A100-SXM4-40GB MIG 4g.20gb (0),1,,13,cupy_copy__float16_float16
2296263118,3712,82048,282,1,1,128,1,1,16,0.000,0.000,,,,,NVIDIA A100-SXM4-40GB MIG 4g.20gb (0),1,,13,cupy_copy__complex64_complex64
2296269070,2176,82057,26,1,1,128,1,1,16,0.000,0.000,,,,,NVIDIA A100-SXM4-40GB MIG 4g.20gb (0),1,,13,cupy_copy__float32_float32
2296272302,2815,82066,103,1,1,128,1,1,16,0.000,0.000,,,,,NVIDIA A100-SXM4-40GB MIG 4g.20gb (0),1,,13,cupy_copy__complex64_complex64
2296278061,12000,82076,1434,1,1,128,1,1,16,0.000,0.000,,,,,NVIDIA A100-SXM4-40GB MIG 4g.20gb (0),1,,13,cupy_copy__complex64_complex64
2296291277,83455,82081,1,1,1,32,32,1,30,0.000,0.000,,,,,NVIDIA A100-SXM4-40GB MIG 4g.20gb (0),1,,13,"void convert_kernel<__half2, float2>(tensor_layout_any, T1 *, tensor_layout_any, const T2 *)"
2296402188,5664,82084,,,,,,,,,,0.094,16542.310,Pinned,Device,NVIDIA A100-SXM4-40GB MIG 4g.20gb (0),1,,13,[CUDA memcpy Host-to-Device]
2296414060,600120,82085,,,,,,,,,,456.561,760631.359,Device,,NVIDIA A100-SXM4-40GB MIG 4g.20gb (0),1,,13,[CUDA memset]
2297020644,138719,82090,,,,,,,,,,1.235,8901.476,Pinned,Device,NVIDIA A100-SXM4-40GB MIG 4g.20gb (0),1,,13,[CUDA memcpy Host-to-Device]
2297172290,40544,82091,,,,,,,,,,0.197,4849.140,Pinned,Device,NVIDIA A100-SXM4-40GB MIG 4g.20gb (0),1,,13,[CUDA memcpy Host-to-Device]
2297234722,8288,82092,69,4,1,48,1,1,76,0.002,0.000,,,,,NVIDIA A100-SXM4-40GB MIG 4g.20gb (0),1,,13,"void ch_est::windowedChEstPreNoDftSOfdmKernel<float, __half, float, (unsigned int)2, (unsigned int)1, (unsigned short)4>(ch_est::puschRxChEstStatDescr_t *, ch_est::puschRxChEstDynDescr_t *)"
2297252417,6656,82093,137,2,1,24,2,1,44,0.001,0.001,,,,,NVIDIA A100-SXM4-40GB MIG 4g.20gb (0),1,,13,"void ch_est::chEstFilterNoDftSOfdmDispatchKernel<float, __half, float, (unsigned int)2>(ch_est::puschRxChEstStatDescr_t *, ch_est::puschRxChEstDynDescr_t *)"
2297269633,4736,82094,137,2,1,24,2,1,44,0.001,0.001,,,,,NVIDIA A100-SXM4-40GB MIG 4g.20gb (0),1,,13,"void ch_est::chEstFilterNoDftSOfdmDispatchKernel<float, __half, float, (unsigned int)2>(ch_est::puschRxChEstStatDescr_t *, ch_est::puschRxChEstDynDescr_t *)"
2297287137,2656,82105,103,1,1,128,1,1,16,0.000,0.000,,,,,NVIDIA A100-SXM4-40GB MIG 4g.20gb (0),1,,13,cupy_copy__complex64_complex64
2297304161,12640,82115,1434,1,1,128,1,1,16,0.000,0.000,,,,,NVIDIA A100-SXM4-40GB MIG 4g.20gb (0),1,,13,cupy_copy__complex64_complex64
2297325920,2560,82122,103,1,1,128,1,1,16,0.000,0.000,,,,,NVIDIA A100-SXM4-40GB MIG 4g.20gb (0),1,,13,cupy_copy__complex64_complex64
2297348256,88447,82129,1,1,1,32,32,1,30,0.000,0.000,,,,,NVIDIA A100-SXM4-40GB MIG 4g.20gb (0),1,,13,"void convert_kernel<__half2, float2>(tensor_layout_any, T1 *, tensor_layout_any, const T2 *)"
2297469887,21759,82132,,,,,,,,,,0.094,4305.987,Pinned,Device,NVIDIA A100-SXM4-40GB MIG 4g.20gb (0),1,,13,[CUDA memcpy Host-to-Device]
2297509278,47648,82133,,,,,,,,,,35.810,751542.791,Device,,NVIDIA A100-SXM4-40GB MIG 4g.20gb (0),1,,13,[CUDA memset]
2297562334,6591,82135,,,,,,,,,,0.000,12.138,Pinned,Device,NVIDIA A100-SXM4-40GB MIG 4g.20gb (0),1,,13,[CUDA memcpy Host-to-Device]
2297573757,18432,82136,,,,,,,,,,0.197,10666.574,Pinned,Device,NVIDIA A100-SXM4-40GB MIG 4g.20gb (0),1,,13,[CUDA memcpy Host-to-Device]
2297600701,9760,82137,273,1,1,48,1,1,40,0.000,0.001,,,,,NVIDIA A100-SXM4-40GB MIG 4g.20gb (0),1,,13,"void pusch_noise_intf_est::noiseIntfEstNoDftSOfdmKernel<float, __half, float, float, (unsigned int)2, (unsigned int)1, (unsigned char)4, (unsigned char)4>(pusch_noise_intf_est::puschRxNoiseIntfEstDynDescr)"
2297616189,2784,82148,35,1,1,128,1,1,16,0.000,0.000,,,,,NVIDIA A100-SXM4-40GB MIG 4g.20gb (0),1,,13,cupy_copy__complex64_complex64
2297621181,1888,82157,1,1,1,1,1,1,18,0.000,0.000,,,,,NVIDIA A100-SXM4-40GB MIG 4g.20gb (0),1,,13,cupy_copy__float32_float32
2297627869,1888,82163,,,,,,,,,,0.000,2.119,Device,Pageable,NVIDIA A100-SXM4-40GB MIG 4g.20gb (0),1,,7,[CUDA memcpy Device-to-Host]
2297688668,13088,82174,1434,1,1,128,1,1,16,0.000,0.000,,,,,NVIDIA A100-SXM4-40GB MIG 4g.20gb (0),1,,13,cupy_copy__complex64_complex64
2297719900,3488,82181,103,1,1,128,1,1,16,0.000,0.000,,,,,NVIDIA A100-SXM4-40GB MIG 4g.20gb (0),1,,13,cupy_copy__complex64_complex64
2297740859,2176,82188,35,1,1,128,1,1,16,0.000,0.000,,,,,NVIDIA A100-SXM4-40GB MIG 4g.20gb (0),1,,13,cupy_copy__complex64_complex64
2297756539,1856,82195,1,1,1,1,1,1,18,0.000,0.000,,,,,NVIDIA A100-SXM4-40GB MIG 4g.20gb (0),1,,13,cupy_copy__float32_float32
2297889882,82558,82206,1,1,1,32,32,1,30,0.000,0.000,,,,,NVIDIA A100-SXM4-40GB MIG 4g.20gb (0),1,,13,"void convert_kernel<__half2, float2>(tensor_layout_any, T1 *, tensor_layout_any, const T2 *)"
2297999768,6272,82209,,,,,,,,,,0.094,14938.703,Pinned,Device,NVIDIA A100-SXM4-40GB MIG 4g.20gb (0),1,,13,[CUDA memcpy Host-to-Device]
2298013720,3328,82210,,,,,,,,,,1.547,464729.580,Device,,NVIDIA A100-SXM4-40GB MIG 4g.20gb (0),1,,13,[CUDA memset]
2298020728,3328,82215,,,,,,,,,,0.031,9403.822,Pinned,Device,NVIDIA A100-SXM4-40GB MIG 4g.20gb (0),1,,13,[CUDA memcpy Host-to-Device]
2298026648,9472,82216,,,,,,,,,,0.197,20756.693,Pinned,Device,NVIDIA A100-SXM4-40GB MIG 4g.20gb (0),1,,13,[CUDA memcpy Host-to-Device]
2298042296,6688,82217,273,1,1,8,4,1,39,0.002,0.000,,,,,NVIDIA A100-SXM4-40GB MIG 4g.20gb (0),1,,13,"void channel_eq::eqMmseCoefCompLowMimoKernel<float, float, float, (unsigned int)4, (unsigned int)1, (unsigned int)4>(const channel_eq::_puschRxChEqStatDescr *, channel_eq::_puschRxChEqCoefCompDynDescr)"
2298050712,7807,82218,273,1,1,12,11,1,51,0.002,0.000,,,,,NVIDIA A100-SXM4-40GB MIG 4g.20gb (0),1,,13,"void channel_eq::eqMmseSoftDemapKernel<float, __half, __half, float, (unsigned int)4, (unsigned short)16383>(channel_eq::_puschRxChEqStatDescr *, channel_eq::_puschRxChEqSoftDemapDynDescr)"
2298060695,294429,82219,1,1,1,32,32,1,30,0.000,0.000,,,,,NVIDIA A100-SXM4-40GB MIG 4g.20gb (0),1,,13,"void convert_kernel<float2, __half2>(tensor_layout_any, T1 *, tensor_layout_any, const T2 *)"
2298356308,10880,82231,2253,1,1,128,1,1,16,0.000,0.000,,,,,NVIDIA A100-SXM4-40GB MIG 4g.20gb (0),1,,13,cupy_copy__float16_float16
2298369396,2720,82240,282,1,1,128,1,1,16,0.000,0.000,,,,,NVIDIA A100-SXM4-40GB MIG 4g.20gb (0),1,,13,cupy_copy__complex64_complex64
2298373812,2655,82249,26,1,1,128,1,1,16,0.000,0.000,,,,,NVIDIA A100-SXM4-40GB MIG 4g.20gb (0),1,,13,cupy_copy__float32_float32
2298378867,3104,82258,103,1,1,128,1,1,16,0.000,0.000,,,,,NVIDIA A100-SXM4-40GB MIG 4g.20gb (0),1,,13,cupy_copy__complex64_complex64
2298382995,11968,82268,1434,1,1,128,1,1,16,0.000,0.000,,,,,NVIDIA A100-SXM4-40GB MIG 4g.20gb (0),1,,13,cupy_copy__complex64_complex64
2298397619,87935,82273,1,1,1,32,32,1,30,0.000,0.000,,,,,NVIDIA A100-SXM4-40GB MIG 4g.20gb (0),1,,13,"void convert_kernel<__half2, float2>(tensor_layout_any, T1 *, tensor_layout_any, const T2 *)"
2298512466,5696,82276,,,,,,,,,,0.094,16449.363,Pinned,Device,NVIDIA A100-SXM4-40GB MIG 4g.20gb (0),1,,13,[CUDA memcpy Host-to-Device]
2298524050,598488,82277,,,,,,,,,,456.561,762457.605,Device,,NVIDIA A100-SXM4-40GB MIG 4g.20gb (0),1,,13,[CUDA memset]
2299128714,138302,82282,,,,,,,,,,1.235,8928.645,Pinned,Device,NVIDIA A100-SXM4-40GB MIG 4g.20gb (0),1,,13,[CUDA memcpy Host-to-Device]
2299276360,41504,82283,,,,,,,,,,0.197,4737.073,Pinned,Device,NVIDIA A100-SXM4-40GB MIG 4g.20gb (0),1,,13,[CUDA memcpy Host-to-Device]
2299346631,7456,82284,69,4,1,48,1,1,76,0.002,0.000,,,,,NVIDIA A100-SXM4-40GB MIG 4g.20gb (0),1,,13,"void ch_est::windowedChEstPreNoDftSOfdmKernel<float, __half, float, (unsigned int)2, (unsigned int)1, (unsigned short)4>(ch_est::puschRxChEstStatDescr_t *, ch_est::puschRxChEstDynDescr_t *)"
2299364455,7040,82285,137,2,1,24,2,1,44,0.001,0.001,,,,,NVIDIA A100-SXM4-40GB MIG 4g.20gb (0),1,,13,"void ch_est::chEstFilterNoDftSOfdmDispatchKernel<float, __half, float, (unsigned int)2>(ch_est::puschRxChEstStatDescr_t *, ch_est::puschRxChEstDynDescr_t *)"
2299381575,4768,82286,137,2,1,24,2,1,44,0.001,0.001,,,,,NVIDIA A100-SXM4-40GB MIG 4g.20gb (0),1,,13,"void ch_est::chEstFilterNoDftSOfdmDispatchKernel<float, __half, float, (unsigned int)2>(ch_est::puschRxChEstStatDescr_t *, ch_est::puschRxChEstDynDescr_t *)"
2299397959,2496,82297,103,1,1,128,1,1,16,0.000,0.000,,,,,NVIDIA A100-SXM4-40GB MIG 4g.20gb (0),1,,13,cupy_copy__complex64_complex64
2299417191,12415,82307,1434,1,1,128,1,1,16,0.000,0.000,,,,,NVIDIA A100-SXM4-40GB MIG 4g.20gb (0),1,,13,cupy_copy__complex64_complex64
2299435974,2944,82314,103,1,1,128,1,1,16,0.000,0.000,,,,,NVIDIA A100-SXM4-40GB MIG 4g.20gb (0),1,,13,cupy_copy__complex64_complex64
2299459142,85887,82321,1,1,1,32,32,1,30,0.000,0.000,,,,,NVIDIA A100-SXM4-40GB MIG 4g.20gb (0),1,,13,"void convert_kernel<__half2, float2>(tensor_layout_any, T1 *, tensor_layout_any, const T2 *)"
2299576805,24191,82324,,,,,,,,,,0.094,3873.112,Pinned,Device,NVIDIA A100-SXM4-40GB MIG 4g.20gb (0),1,,13,[CUDA memcpy Host-to-Device]
2299626468,47039,82325,,,,,,,,,,35.810,761247.279,Device,,NVIDIA A100-SXM4-40GB MIG 4g.20gb (0),1,,13,[CUDA memset]
2299675779,8320,82327,,,,,,,,,,0.000,9.615,Pinned,Device,NVIDIA A100-SXM4-40GB MIG 4g.20gb (0),1,,13,[CUDA memcpy Host-to-Device]
2299693699,24032,82328,,,,,,,,,,0.197,8181.055,Pinned,Device,NVIDIA A100-SXM4-40GB MIG 4g.20gb (0),1,,13,[CUDA memcpy Host-to-Device]
2299737507,10208,82329,273,1,1,48,1,1,40,0.000,0.001,,,,,NVIDIA A100-SXM4-40GB MIG 4g.20gb (0),1,,13,"void pusch_noise_intf_est::noiseIntfEstNoDftSOfdmKernel<float, __half, float, float, (unsigned int)2, (unsigned int)1, (unsigned char)4, (unsigned char)4>(pusch_noise_intf_est::puschRxNoiseIntfEstDynDescr)"
2299753986,2720,82340,35,1,1,128,1,1,16,0.000,0.000,,,,,NVIDIA A100-SXM4-40GB MIG 4g.20gb (0),1,,13,cupy_copy__complex64_complex64
2299770850,1728,82349,1,1,1,1,1,1,18,0.000,0.000,,,,,NVIDIA A100-SXM4-40GB MIG 4g.20gb (0),1,,13,cupy_copy__float32_float32
2299780290,6816,82355,,,,,,,,,,0.000,0.587,Device,Pageable,NVIDIA A100-SXM4-40GB MIG 4g.20gb (0),1,,7,[CUDA memcpy Device-to-Host]
2299876641,12896,82366,1434,1,1,128,1,1,16,0.000,0.000,,,,,NVIDIA A100-SXM4-40GB MIG 4g.20gb (0),1,,13,cupy_copy__complex64_complex64
2299902337,2752,82373,103,1,1,128,1,1,16,0.000,0.000,,,,,NVIDIA A100-SXM4-40GB MIG 4g.20gb (0),1,,13,cupy_copy__complex64_complex64
2299926688,2464,82380,35,1,1,128,1,1,16,0.000,0.000,,,,,NVIDIA A100-SXM4-40GB MIG 4g.20gb (0),1,,13,cupy_copy__complex64_complex64
2299941952,1728,82387,1,1,1,1,1,1,18,0.000,0.000,,,,,NVIDIA A100-SXM4-40GB MIG 4g.20gb (0),1,,13,cupy_copy__float32_float32
2300065279,83327,82398,1,1,1,32,32,1,30,0.000,0.000,,,,,NVIDIA A100-SXM4-40GB MIG 4g.20gb (0),1,,13,"void convert_kernel<__half2, float2>(tensor_layout_any, T1 *, tensor_layout_any, const T2 *)"
2300176573,5696,82401,,,,,,,,,,0.094,16449.363,Pinned,Device,NVIDIA A100-SXM4-40GB MIG 4g.20gb (0),1,,13,[CUDA memcpy Host-to-Device]
2300191453,3264,82402,,,,,,,,,,1.547,473842.288,Device,,NVIDIA A100-SXM4-40GB MIG 4g.20gb (0),1,,13,[CUDA memset]
2300198141,3136,82407,,,,,,,,,,0.031,9979.575,Pinned,Device,NVIDIA A100-SXM4-40GB MIG 4g.20gb (0),1,,13,[CUDA memcpy Host-to-Device]
2300203965,10272,82408,,,,,,,,,,0.197,19140.182,Pinned,Device,NVIDIA A100-SXM4-40GB MIG 4g.20gb (0),1,,13,[CUDA memcpy Host-to-Device]
2300219005,7136,82409,273,1,1,8,4,1,39,0.002,0.000,,,,,NVIDIA A100-SXM4-40GB MIG 4g.20gb (0),1,,13,"void channel_eq::eqMmseCoefCompLowMimoKernel<float, float, float, (unsigned int)4, (unsigned int)1, (unsigned int)4>(const channel_eq::_puschRxChEqStatDescr *, channel_eq::_puschRxChEqCoefCompDynDescr)"
2300229181,6720,82410,273,1,1,12,11,1,51,0.002,0.000,,,,,NVIDIA A100-SXM4-40GB MIG 4g.20gb (0),1,,13,"void channel_eq::eqMmseSoftDemapKernel<float, __half, __half, float, (unsigned int)4, (unsigned short)16383>(channel_eq::_puschRxChEqStatDescr *, channel_eq::_puschRxChEqSoftDemapDynDescr)"
2300237052,279741,82411,1,1,1,32,32,1,30,0.000,0.000,,,,,NVIDIA A100-SXM4-40GB MIG 4g.20gb (0),1,,13,"void convert_kernel<float2, __half2>(tensor_layout_any, T1 *, tensor_layout_any, const T2 *)"
2300517817,10912,82423,2253,1,1,128,1,1,16,0.000,0.000,,,,,NVIDIA A100-SXM4-40GB MIG 4g.20gb (0),1,,13,cupy_copy__float16_float16
2300531289,3840,82432,282,1,1,128,1,1,16,0.000,0.000,,,,,NVIDIA A100-SXM4-40GB MIG 4g.20gb (0),1,,13,cupy_copy__complex64_complex64
2300538841,2016,82441,26,1,1,128,1,1,16,0.000,0.000,,,,,NVIDIA A100-SXM4-40GB MIG 4g.20gb (0),1,,13,cupy_copy__float32_float32
2300544185,3072,82450,103,1,1,128,1,1,16,0.000,0.000,,,,,NVIDIA A100-SXM4-40GB MIG 4g.20gb (0),1,,13,cupy_copy__complex64_complex64
2300548985,12095,82460,1434,1,1,128,1,1,16,0.000,0.000,,,,,NVIDIA A100-SXM4-40GB MIG 4g.20gb (0),1,,13,cupy_copy__complex64_complex64
2300571768,82719,82465,1,1,1,32,32,1,30,0.000,0.000,,,,,NVIDIA A100-SXM4-40GB MIG 4g.20gb (0),1,,13,"void convert_kernel<__half2, float2>(tensor_layout_any, T1 *, tensor_layout_any, const T2 *)"
2300682199,5408,82468,,,,,,,,,,0.094,17325.421,Pinned,Device,NVIDIA A100-SXM4-40GB MIG 4g.20gb (0),1,,13,[CUDA memcpy Host-to-Device]
2300692663,597304,82469,,,,,,,,,,456.561,764283.851,Device,,NVIDIA A100-SXM4-40GB MIG 4g.20gb (0),1,,13,[CUDA memset]
2301295535,104639,82474,,,,,,,,,,1.235,11801.125,Pinned,Device,NVIDIA A100-SXM4-40GB MIG 4g.20gb (0),1,,13,[CUDA memcpy Host-to-Device]
2301406926,17216,82475,,,,,,,,,,0.197,11419.976,Pinned,Device,NVIDIA A100-SXM4-40GB MIG 4g.20gb (0),1,,13,[CUDA memcpy Host-to-Device]
2301439502,8704,82476,69,4,1,48,1,1,76,0.002,0.000,,,,,NVIDIA A100-SXM4-40GB MIG 4g.20gb (0),1,,13,"void ch_est::windowedChEstPreNoDftSOfdmKernel<float, __half, float, (unsigned int)2, (unsigned int)1, (unsigned short)4>(ch_est::puschRxChEstStatDescr_t *, ch_est::puschRxChEstDynDescr_t *)"
2301453613,7648,82477,137,2,1,24,2,1,44,0.001,0.001,,,,,NVIDIA A100-SXM4-40GB MIG 4g.20gb (0),1,,13,"void ch_est::chEstFilterNoDftSOfdmDispatchKernel<float, __half, float, (unsigned int)2>(ch_est::puschRxChEstStatDescr_t *, ch_est::puschRxChEstDynDescr_t *)"
2301465709,5696,82478,137,2,1,24,2,1,44,0.001,0.001,,,,,NVIDIA A100-SXM4-40GB MIG 4g.20gb (0),1,,13,"void ch_est::chEstFilterNoDftSOfdmDispatchKernel<float, __half, float, (unsigned int)2>(ch_est::puschRxChEstStatDescr_t *, ch_est::puschRxChEstDynDescr_t *)"
2301476365,2400,82489,103,1,1,128,1,1,16,0.000,0.000,,,,,NVIDIA A100-SXM4-40GB MIG 4g.20gb (0),1,,13,cupy_copy__complex64_complex64
2301482605,12992,82499,1434,1,1,128,1,1,16,0.000,0.000,,,,,NVIDIA A100-SXM4-40GB MIG 4g.20gb (0),1,,13,cupy_copy__complex64_complex64
2301502701,2944,82506,103,1,1,128,1,1,16,0.000,0.000,,,,,NVIDIA A100-SXM4-40GB MIG 4g.20gb (0),1,,13,cupy_copy__complex64_complex64
2301507277,82783,82513,1,1,1,32,32,1,30,0.000,0.000,,,,,NVIDIA A100-SXM4-40GB MIG 4g.20gb (0),1,,13,"void convert_kernel<__half2, float2>(tensor_layout_any, T1 *, tensor_layout_any, const T2 *)"
2301617195,5792,82516,,,,,,,,,,0.094,16176.708,Pinned,Device,NVIDIA A100-SXM4-40GB MIG 4g.20gb (0),1,,13,[CUDA memcpy Host-to-Device]
2301629579,46976,82517,,,,,,,,,,35.810,762285.767,Device,,NVIDIA A100-SXM4-40GB MIG 4g.20gb (0),1,,13,[CUDA memset]
2301683563,3968,82519,,,,,,,,,,0.000,20.161,Pinned,Device,NVIDIA A100-SXM4-40GB MIG 4g.20gb (0),1,,13,[CUDA memcpy Host-to-Device]
2301693674,14336,82520,,,,,,,,,,0.197,13714.194,Pinned,Device,NVIDIA A100-SXM4-40GB MIG 4g.20gb (0),1,,13,[CUDA memcpy Host-to-Device]
2301717866,9824,82521,273,1,1,48,1,1,40,0.000,0.001,,,,,NVIDIA A100-SXM4-40GB MIG 4g.20gb (0),1,,13,"void pusch_noise_intf_est::noiseIntfEstNoDftSOfdmKernel<float, __half, float, float, (unsigned int)2, (unsigned int)1, (unsigned char)4, (unsigned char)4>(pusch_noise_intf_est::puschRxNoiseIntfEstDynDescr)"
2301732650,2912,82532,35,1,1,128,1,1,16,0.000,0.000,,,,,NVIDIA A100-SXM4-40GB MIG 4g.20gb (0),1,,13,cupy_copy__complex64_complex64
2301738122,1952,82541,1,1,1,1,1,1,18,0.000,0.000,,,,,NVIDIA A100-SXM4-40GB MIG 4g.20gb (0),1,,13,cupy_copy__float32_float32
2301771946,1855,82547,,,,,,,,,,0.000,2.156,Device,Pageable,NVIDIA A100-SXM4-40GB MIG 4g.20gb (0),1,,7,[CUDA memcpy Device-to-Host]
2301831913,12896,82558,1434,1,1,128,1,1,16,0.000,0.000,,,,,NVIDIA A100-SXM4-40GB MIG 4g.20gb (0),1,,13,cupy_copy__complex64_complex64
2301860392,2880,82565,103,1,1,128,1,1,16,0.000,0.000,,,,,NVIDIA A100-SXM4-40GB MIG 4g.20gb (0),1,,13,cupy_copy__complex64_complex64
2301880328,2144,82572,35,1,1,128,1,1,16,0.000,0.000,,,,,NVIDIA A100-SXM4-40GB MIG 4g.20gb (0),1,,13,cupy_copy__complex64_complex64
2301898408,1824,82579,1,1,1,1,1,1,18,0.000,0.000,,,,,NVIDIA A100-SXM4-40GB MIG 4g.20gb (0),1,,13,cupy_copy__float32_float32
2302029862,81951,82590,1,1,1,32,32,1,30,0.000,0.000,,,,,NVIDIA A100-SXM4-40GB MIG 4g.20gb (0),1,,13,"void convert_kernel<__half2, float2>(tensor_layout_any, T1 *, tensor_layout_any, const T2 *)"
2302139237,5856,82593,,,,,,,,,,0.094,15999.997,Pinned,Device,NVIDIA A100-SXM4-40GB MIG 4g.20gb (0),1,,13,[CUDA memcpy Host-to-Device]
2302155109,3296,82594,,,,,,,,,,1.547,469242.628,Device,,NVIDIA A100-SXM4-40GB MIG 4g.20gb (0),1,,13,[CUDA memset]
2302161061,3040,82599,,,,,,,,,,0.031,10294.725,Pinned,Device,NVIDIA A100-SXM4-40GB MIG 4g.20gb (0),1,,13,[CUDA memcpy Host-to-Device]
2302166565,9600,82600,,,,,,,,,,0.197,20479.869,Pinned,Device,NVIDIA A100-SXM4-40GB MIG 4g.20gb (0),1,,13,[CUDA memcpy Host-to-Device]
2302181764,7776,82601,273,1,1,8,4,1,39,0.002,0.000,,,,,NVIDIA A100-SXM4-40GB MIG 4g.20gb (0),1,,13,"void channel_eq::eqMmseCoefCompLowMimoKernel<float, float, float, (unsigned int)4, (unsigned int)1, (unsigned int)4>(const channel_eq::_puschRxChEqStatDescr *, channel_eq::_puschRxChEqCoefCompDynDescr)"
2302192324,5696,82602,273,1,1,12,11,1,51,0.002,0.000,,,,,NVIDIA A100-SXM4-40GB MIG 4g.20gb (0),1,,13,"void channel_eq::eqMmseSoftDemapKernel<float, __half, __half, float, (unsigned int)4, (unsigned short)16383>(channel_eq::_puschRxChEqStatDescr *, channel_eq::_puschRxChEqSoftDemapDynDescr)"
2302201284,282397,82603,1,1,1,32,32,1,30,0.000,0.000,,,,,NVIDIA A100-SXM4-40GB MIG 4g.20gb (0),1,,13,"void convert_kernel<float2, __half2>(tensor_layout_any, T1 *, tensor_layout_any, const T2 *)"
2302486337,11104,82615,2253,1,1,128,1,1,16,0.000,0.000,,,,,NVIDIA A100-SXM4-40GB MIG 4g.20gb (0),1,,13,cupy_copy__float16_float16
2302502080,2688,82624,282,1,1,128,1,1,16,0.000,0.000,,,,,NVIDIA A100-SXM4-40GB MIG 4g.20gb (0),1,,13,cupy_copy__complex64_complex64
2302507424,2176,82633,26,1,1,128,1,1,16,0.000,0.000,,,,,NVIDIA A100-SXM4-40GB MIG 4g.20gb (0),1,,13,cupy_copy__float32_float32
2302512224,3328,82642,103,1,1,128,1,1,16,0.000,0.000,,,,,NVIDIA A100-SXM4-40GB MIG 4g.20gb (0),1,,13,cupy_copy__complex64_complex64
2302516672,11744,82652,1434,1,1,128,1,1,16,0.000,0.000,,,,,NVIDIA A100-SXM4-40GB MIG 4g.20gb (0),1,,13,cupy_copy__complex64_complex64
2302533088,87359,82657,1,1,1,32,32,1,30,0.000,0.000,,,,,NVIDIA A100-SXM4-40GB MIG 4g.20gb (0),1,,13,"void convert_kernel<__half2, float2>(tensor_layout_any, T1 *, tensor_layout_any, const T2 *)"
2302648319,6048,82660,,,,,,,,,,0.094,15491.978,Pinned,Device,NVIDIA A100-SXM4-40GB MIG 4g.20gb (0),1,,13,[CUDA memcpy Host-to-Device]
2302658303,597816,82661,,,,,,,,,,456.561,763370.728,Device,,NVIDIA A100-SXM4-40GB MIG 4g.20gb (0),1,,13,[CUDA memset]
2303260951,154142,82666,,,,,,,,,,1.235,8011.082,Pinned,Device,NVIDIA A100-SXM4-40GB MIG 4g.20gb (0),1,,13,[CUDA memcpy Host-to-Device]
2303429557,39904,82667,,,,,,,,,,0.197,4926.996,Pinned,Device,NVIDIA A100-SXM4-40GB MIG 4g.20gb (0),1,,13,[CUDA memcpy Host-to-Device]
2303491636,7616,82668,69,4,1,48,1,1,76,0.002,0.000,,,,,NVIDIA A100-SXM4-40GB MIG 4g.20gb (0),1,,13,"void ch_est::windowedChEstPreNoDftSOfdmKernel<float, __half, float, (unsigned int)2, (unsigned int)1, (unsigned short)4>(ch_est::puschRxChEstStatDescr_t *, ch_est::puschRxChEstDynDescr_t *)"
2303509716,7104,82669,137,2,1,24,2,1,44,0.001,0.001,,,,,NVIDIA A100-SXM4-40GB MIG 4g.20gb (0),1,,13,"void ch_est::chEstFilterNoDftSOfdmDispatchKernel<float, __half, float, (unsigned int)2>(ch_est::puschRxChEstStatDescr_t *, ch_est::puschRxChEstDynDescr_t *)"
2303523220,4832,82670,137,2,1,24,2,1,44,0.001,0.001,,,,,NVIDIA A100-SXM4-40GB MIG 4g.20gb (0),1,,13,"void ch_est::chEstFilterNoDftSOfdmDispatchKernel<float, __half, float, (unsigned int)2>(ch_est::puschRxChEstStatDescr_t *, ch_est::puschRxChEstDynDescr_t *)"
2303535508,2528,82681,103,1,1,128,1,1,16,0.000,0.000,,,,,NVIDIA A100-SXM4-40GB MIG 4g.20gb (0),1,,13,cupy_copy__complex64_complex64
2303544820,12415,82691,1434,1,1,128,1,1,16,0.000,0.000,,,,,NVIDIA A100-SXM4-40GB MIG 4g.20gb (0),1,,13,cupy_copy__complex64_complex64
2303563027,2624,82698,103,1,1,128,1,1,16,0.000,0.000,,,,,NVIDIA A100-SXM4-40GB MIG 4g.20gb (0),1,,13,cupy_copy__complex64_complex64
2303573235,89279,82705,1,1,1,32,32,1,30,0.000,0.000,,,,,NVIDIA A100-SXM4-40GB MIG 4g.20gb (0),1,,13,"void convert_kernel<__half2, float2>(tensor_layout_any, T1 *, tensor_layout_any, const T2 *)"
2303697938,8320,82708,,,,,,,,,,0.094,11261.510,Pinned,Device,NVIDIA A100-SXM4-40GB MIG 4g.20gb (0),1,,13,[CUDA memcpy Host-to-Device]
2303715441,47296,82709,,,,,,,,,,35.810,757129.139,Device,,NVIDIA A100-SXM4-40GB MIG 4g.20gb (0),1,,13,[CUDA memset]
2303767377,5824,82711,,,,,,,,,,0.000,13.736,Pinned,Device,NVIDIA A100-SXM4-40GB MIG 4g.20gb (0),1,,13,[CUDA memcpy Host-to-Device]
2303777521,13056,82712,,,,,,,,,,0.197,15058.797,Pinned,Device,NVIDIA A100-SXM4-40GB MIG 4g.20gb (0),1,,13,[CUDA memcpy Host-to-Device]
2303797712,12736,82713,273,1,1,48,1,1,40,0.000,0.001,,,,,NVIDIA A100-SXM4-40GB MIG 4g.20gb (0),1,,13,"void pusch_noise_intf_est::noiseIntfEstNoDftSOfdmKernel<float, __half, float, float, (unsigned int)2, (unsigned int)1, (unsigned char)4, (unsigned char)4>(pusch_noise_intf_est::puschRxNoiseIntfEstDynDescr)"
2303813520,2944,82724,35,1,1,128,1,1,16,0.000,0.000,,,,,NVIDIA A100-SXM4-40GB MIG 4g.20gb (0),1,,13,cupy_copy__complex64_complex64
2303820752,1824,82733,1,1,1,1,1,1,18,0.000,0.000,,,,,NVIDIA A100-SXM4-40GB MIG 4g.20gb (0),1,,13,cupy_copy__float32_float32
2303852848,2016,82739,,,,,,,,,,0.000,1.984,Device,Pageable,NVIDIA A100-SXM4-40GB MIG 4g.20gb (0),1,,7,[CUDA memcpy Device-to-Host]
2303913455,12800,82750,1434,1,1,128,1,1,16,0.000,0.000,,,,,NVIDIA A100-SXM4-40GB MIG 4g.20gb (0),1,,13,cupy_copy__complex64_complex64
2303940047,3520,82757,103,1,1,128,1,1,16,0.000,0.000,,,,,NVIDIA A100-SXM4-40GB MIG 4g.20gb (0),1,,13,cupy_copy__complex64_complex64
2303963566,2688,82764,35,1,1,128,1,1,16,0.000,0.000,,,,,NVIDIA A100-SXM4-40GB MIG 4g.20gb (0),1,,13,cupy_copy__complex64_complex64
2303979470,1824,82771,1,1,1,1,1,1,18,0.000,0.000,,,,,NVIDIA A100-SXM4-40GB MIG 4g.20gb (0),1,,13,cupy_copy__float32_float32
2304111373,82111,82782,1,1,1,32,32,1,30,0.000,0.000,,,,,NVIDIA A100-SXM4-40GB MIG 4g.20gb (0),1,,13,"void convert_kernel<__half2, float2>(tensor_layout_any, T1 *, tensor_layout_any, const T2 *)"
2304220747,5632,82785,,,,,,,,,,0.094,16636.287,Pinned,Device,NVIDIA A100-SXM4-40GB MIG 4g.20gb (0),1,,13,[CUDA memcpy Host-to-Device]
2304237195,3488,82786,,,,,,,,,,1.547,443412.461,Device,,NVIDIA A100-SXM4-40GB MIG 4g.20gb (0),1,,13,[CUDA memset]
2304242027,3200,82791,,,,,,,,,,0.031,9780.000,Pinned,Device,NVIDIA A100-SXM4-40GB MIG 4g.20gb (0),1,,13,[CUDA memcpy Host-to-Device]
2304247755,9408,82792,,,,,,,,,,0.197,20897.858,Pinned,Device,NVIDIA A100-SXM4-40GB MIG 4g.20gb (0),1,,13,[CUDA memcpy Host-to-Device]
2304261803,9376,82793,273,1,1,8,4,1,39,0.002,0.000,,,,,NVIDIA A100-SXM4-40GB MIG 4g.20gb (0),1,,13,"void channel_eq::eqMmseCoefCompLowMimoKernel<float, float, float, (unsigned int)4, (unsigned int)1, (unsigned int)4>(const channel_eq::_puschRxChEqStatDescr *, channel_eq::_puschRxChEqCoefCompDynDescr)"
2304274603,7679,82794,273,1,1,12,11,1,51,0.002,0.000,,,,,NVIDIA A100-SXM4-40GB MIG 4g.20gb (0),1,,13,"void channel_eq::eqMmseSoftDemapKernel<float, __half, __half, float, (unsigned int)4, (unsigned short)16383>(channel_eq::_puschRxChEqStatDescr *, channel_eq::_puschRxChEqSoftDemapDynDescr)"
2304284298,290013,82795,1,1,1,32,32,1,30,0.000,0.000,,,,,NVIDIA A100-SXM4-40GB MIG 4g.20gb (0),1,,13,"void convert_kernel<float2, __half2>(tensor_layout_any, T1 *, tensor_layout_any, const T2 *)"
2304575239,10944,82807,2253,1,1,128,1,1,16,0.000,0.000,,,,,NVIDIA A100-SXM4-40GB MIG 4g.20gb (0),1,,13,cupy_copy__float16_float16
2304588679,3744,82816,282,1,1,128,1,1,16,0.000,0.000,,,,,NVIDIA A100-SXM4-40GB MIG 4g.20gb (0),1,,13,cupy_copy__complex64_complex64
2304594855,2368,82825,26,1,1,128,1,1,16,0.000,0.000,,,,,NVIDIA A100-SXM4-40GB MIG 4g.20gb (0),1,,13,cupy_copy__float32_float32
2304598983,4704,82834,103,1,1,128,1,1,16,0.000,0.000,,,,,NVIDIA A100-SXM4-40GB MIG 4g.20gb (0),1,,13,cupy_copy__complex64_complex64
2304659398,12288,82850,1434,1,1,128,1,1,16,0.000,0.000,,,,,NVIDIA A100-SXM4-40GB MIG 4g.20gb (0),1,,13,cupy_copy__complex64_complex64
2304775524,86911,82855,1,1,1,32,32,1,30,0.000,0.000,,,,,NVIDIA A100-SXM4-40GB MIG 4g.20gb (0),1,,13,"void convert_kernel<__half2, float2>(tensor_layout_any, T1 *, tensor_layout_any, const T2 *)"
2304890499,5728,82858,,,,,,,,,,0.094,16357.541,Pinned,Device,NVIDIA A100-SXM4-40GB MIG 4g.20gb (0),1,,13,[CUDA memcpy Host-to-Device]
2304903235,602296,82859,,,,,,,,,,456.561,757891.990,Device,,NVIDIA A100-SXM4-40GB MIG 4g.20gb (0),1,,13,[CUDA memset]
2305507707,151742,82864,,,,,,,,,,1.235,8138.281,Pinned,Device,NVIDIA A100-SXM4-40GB MIG 4g.20gb (0),1,,13,[CUDA memcpy Host-to-Device]
2305672377,32320,82865,,,,,,,,,,0.197,6083.052,Pinned,Device,NVIDIA A100-SXM4-40GB MIG 4g.20gb (0),1,,13,[CUDA memcpy Host-to-Device]
2305721561,7808,82866,69,4,1,48,1,1,76,0.002,0.000,,,,,NVIDIA A100-SXM4-40GB MIG 4g.20gb (0),1,,13,"void ch_est::windowedChEstPreNoDftSOfdmKernel<float, __half, float, (unsigned int)2, (unsigned int)1, (unsigned short)4>(ch_est::puschRxChEstStatDescr_t *, ch_est::puschRxChEstDynDescr_t *)"
2305734713,6719,82867,137,2,1,24,2,1,44,0.001,0.001,,,,,NVIDIA A100-SXM4-40GB MIG 4g.20gb (0),1,,13,"void ch_est::chEstFilterNoDftSOfdmDispatchKernel<float, __half, float, (unsigned int)2>(ch_est::puschRxChEstStatDescr_t *, ch_est::puschRxChEstDynDescr_t *)"
2305750744,4992,82868,137,2,1,24,2,1,44,0.001,0.001,,,,,NVIDIA A100-SXM4-40GB MIG 4g.20gb (0),1,,13,"void ch_est::chEstFilterNoDftSOfdmDispatchKernel<float, __half, float, (unsigned int)2>(ch_est::puschRxChEstStatDescr_t *, ch_est::puschRxChEstDynDescr_t *)"
2305760504,2752,82879,103,1,1,128,1,1,16,0.000,0.000,,,,,NVIDIA A100-SXM4-40GB MIG 4g.20gb (0),1,,13,cupy_copy__complex64_complex64
2305768600,12832,82889,1434,1,1,128,1,1,16,0.000,0.000,,,,,NVIDIA A100-SXM4-40GB MIG 4g.20gb (0),1,,13,cupy_copy__complex64_complex64
2305783736,2784,82896,103,1,1,128,1,1,16,0.000,0.000,,,,,NVIDIA A100-SXM4-40GB MIG 4g.20gb (0),1,,13,cupy_copy__complex64_complex64
2305792504,87711,82903,1,1,1,32,32,1,30,0.000,0.000,,,,,NVIDIA A100-SXM4-40GB MIG 4g.20gb (0),1,,13,"void convert_kernel<__half2, float2>(tensor_layout_any, T1 *, tensor_layout_any, const T2 *)"
2305908758,9568,82906,,,,,,,,,,0.094,9792.637,Pinned,Device,NVIDIA A100-SXM4-40GB MIG 4g.20gb (0),1,,13,[CUDA memcpy Host-to-Device]
2305926518,46816,82907,,,,,,,,,,35.810,764899.891,Device,,NVIDIA A100-SXM4-40GB MIG 4g.20gb (0),1,,13,[CUDA memset]
2305981077,3712,82909,,,,,,,,,,0.000,21.552,Pinned,Device,NVIDIA A100-SXM4-40GB MIG 4g.20gb (0),1,,13,[CUDA memcpy Host-to-Device]
2305992405,16992,82910,,,,,,,,,,0.197,11570.577,Pinned,Device,NVIDIA A100-SXM4-40GB MIG 4g.20gb (0),1,,13,[CUDA memcpy Host-to-Device]
2306022869,10112,82911,273,1,1,48,1,1,40,0.000,0.001,,,,,NVIDIA A100-SXM4-40GB MIG 4g.20gb (0),1,,13,"void pusch_noise_intf_est::noiseIntfEstNoDftSOfdmKernel<float, __half, float, float, (unsigned int)2, (unsigned int)1, (unsigned char)4, (unsigned char)4>(pusch_noise_intf_est::puschRxNoiseIntfEstDynDescr)"
2306035861,2912,82922,35,1,1,128,1,1,16,0.000,0.000,,,,,NVIDIA A100-SXM4-40GB MIG 4g.20gb (0),1,,13,cupy_copy__complex64_complex64
2306042901,1824,82931,1,1,1,1,1,1,18,0.000,0.000,,,,,NVIDIA A100-SXM4-40GB MIG 4g.20gb (0),1,,13,cupy_copy__float32_float32
2306069044,1728,82937,,,,,,,,,,0.000,2.315,Device,Pageable,NVIDIA A100-SXM4-40GB MIG 4g.20gb (0),1,,7,[CUDA memcpy Device-to-Host]
2306128820,12895,82948,1434,1,1,128,1,1,16,0.000,0.000,,,,,NVIDIA A100-SXM4-40GB MIG 4g.20gb (0),1,,13,cupy_copy__complex64_complex64
2306156147,3456,82955,103,1,1,128,1,1,16,0.000,0.000,,,,,NVIDIA A100-SXM4-40GB MIG 4g.20gb (0),1,,13,cupy_copy__complex64_complex64
2306177363,2528,82962,35,1,1,128,1,1,16,0.000,0.000,,,,,NVIDIA A100-SXM4-40GB MIG 4g.20gb (0),1,,13,cupy_copy__complex64_complex64
2306194035,1792,82969,1,1,1,1,1,1,18,0.000,0.000,,,,,NVIDIA A100-SXM4-40GB MIG 4g.20gb (0),1,,13,cupy_copy__float32_float32
2306327025,90655,82980,1,1,1,32,32,1,30,0.000,0.000,,,,,NVIDIA A100-SXM4-40GB MIG 4g.20gb (0),1,,13,"void convert_kernel<__half2, float2>(tensor_layout_any, T1 *, tensor_layout_any, const T2 *)"
2306444624,5632,82983,,,,,,,,,,0.094,16636.287,Pinned,Device,NVIDIA A100-SXM4-40GB MIG 4g.20gb (0),1,,13,[CUDA memcpy Host-to-Device]
2306459312,3200,82984,,,,,,,,,,1.547,483320.000,Device,,NVIDIA A100-SXM4-40GB MIG 4g.20gb (0),1,,13,[CUDA memset]
2306465775,3104,82989,,,,,,,,,,0.031,10082.445,Pinned,Device,NVIDIA A100-SXM4-40GB MIG 4g.20gb (0),1,,13,[CUDA memcpy Host-to-Device]
2306471407,9728,82990,,,,,,,,,,0.197,20210.516,Pinned,Device,NVIDIA A100-SXM4-40GB MIG 4g.20gb (0),1,,13,[CUDA memcpy Host-to-Device]
2306485775,6272,82991,273,1,1,8,4,1,39,0.002,0.000,,,,,NVIDIA A100-SXM4-40GB MIG 4g.20gb (0),1,,13,"void channel_eq::eqMmseCoefCompLowMimoKernel<float, float, float, (unsigned int)4, (unsigned int)1, (unsigned int)4>(const channel_eq::_puschRxChEqStatDescr *, channel_eq::_puschRxChEqCoefCompDynDescr)"
2306495215,6272,82992,273,1,1,12,11,1,51,0.002,0.000,,,,,NVIDIA A100-SXM4-40GB MIG 4g.20gb (0),1,,13,"void channel_eq::eqMmseSoftDemapKernel<float, __half, __half, float, (unsigned int)4, (unsigned short)16383>(channel_eq::_puschRxChEqStatDescr *, channel_eq::_puschRxChEqSoftDemapDynDescr)"
2306502831,279933,82993,1,1,1,32,32,1,30,0.000,0.000,,,,,NVIDIA A100-SXM4-40GB MIG 4g.20gb (0),1,,13,"void convert_kernel<float2, __half2>(tensor_layout_any, T1 *, tensor_layout_any, const T2 *)"
2306783788,10847,83005,2253,1,1,128,1,1,16,0.000,0.000,,,,,NVIDIA A100-SXM4-40GB MIG 4g.20gb (0),1,,13,cupy_copy__float16_float16
2306796587,3264,83014,282,1,1,128,1,1,16,0.000,0.000,,,,,NVIDIA A100-SXM4-40GB MIG 4g.20gb (0),1,,13,cupy_copy__complex64_complex64
2306801707,2208,83023,26,1,1,128,1,1,16,0.000,0.000,,,,,NVIDIA A100-SXM4-40GB MIG 4g.20gb (0),1,,13,cupy_copy__float32_float32
2306805995,4032,83032,103,1,1,128,1,1,16,0.000,0.000,,,,,NVIDIA A100-SXM4-40GB MIG 4g.20gb (0),1,,13,cupy_copy__complex64_complex64
2306811179,12064,83042,1434,1,1,128,1,1,16,0.000,0.000,,,,,NVIDIA A100-SXM4-40GB MIG 4g.20gb (0),1,,13,cupy_copy__complex64_complex64
2306839435,86271,83047,1,1,1,32,32,1,30,0.000,0.000,,,,,NVIDIA A100-SXM4-40GB MIG 4g.20gb (0),1,,13,"void convert_kernel<__half2, float2>(tensor_layout_any, T1 *, tensor_layout_any, const T2 *)"
2306953641,5632,83050,,,,,,,,,,0.094,16636.287,Pinned,Device,NVIDIA A100-SXM4-40GB MIG 4g.20gb (0),1,,13,[CUDA memcpy Host-to-Device]
2306964425,596921,83051,,,,,,,,,,456.561,764740.412,Device,,NVIDIA A100-SXM4-40GB MIG 4g.20gb (0),1,,13,[CUDA memset]
2307572002,138046,83056,,,,,,,,,,1.235,8944.699,Pinned,Device,NVIDIA A100-SXM4-40GB MIG 4g.20gb (0),1,,13,[CUDA memcpy Host-to-Device]
2307724160,40575,83057,,,,,,,,,,0.197,4845.404,Pinned,Device,NVIDIA A100-SXM4-40GB MIG 4g.20gb (0),1,,13,[CUDA memcpy Host-to-Device]
2307794175,8096,83058,69,4,1,48,1,1,76,0.002,0.000,,,,,NVIDIA A100-SXM4-40GB MIG 4g.20gb (0),1,,13,"void ch_est::windowedChEstPreNoDftSOfdmKernel<float, __half, float, (unsigned int)2, (unsigned int)1, (unsigned short)4>(ch_est::puschRxChEstStatDescr_t *, ch_est::puschRxChEstDynDescr_t *)"
2307811743,7072,83059,137,2,1,24,2,1,44,0.001,0.001,,,,,NVIDIA A100-SXM4-40GB MIG 4g.20gb (0),1,,13,"void ch_est::chEstFilterNoDftSOfdmDispatchKernel<float, __half, float, (unsigned int)2>(ch_est::puschRxChEstStatDescr_t *, ch_est::puschRxChEstDynDescr_t *)"
2307829023,4704,83060,137,2,1,24,2,1,44,0.001,0.001,,,,,NVIDIA A100-SXM4-40GB MIG 4g.20gb (0),1,,13,"void ch_est::chEstFilterNoDftSOfdmDispatchKernel<float, __half, float, (unsigned int)2>(ch_est::puschRxChEstStatDescr_t *, ch_est::puschRxChEstDynDescr_t *)"
2307846142,2496,83071,103,1,1,128,1,1,16,0.000,0.000,,,,,NVIDIA A100-SXM4-40GB MIG 4g.20gb (0),1,,13,cupy_copy__complex64_complex64
2307865694,12352,83081,1434,1,1,128,1,1,16,0.000,0.000,,,,,NVIDIA A100-SXM4-40GB MIG 4g.20gb (0),1,,13,cupy_copy__complex64_complex64
2307884254,2912,83088,103,1,1,128,1,1,16,0.000,0.000,,,,,NVIDIA A100-SXM4-40GB MIG 4g.20gb (0),1,,13,cupy_copy__complex64_complex64
2307909950,90751,83095,1,1,1,32,32,1,30,0.000,0.000,,,,,NVIDIA A100-SXM4-40GB MIG 4g.20gb (0),1,,13,"void convert_kernel<__half2, float2>(tensor_layout_any, T1 *, tensor_layout_any, const T2 *)"
2308030684,13184,83098,,,,,,,,,,0.094,7106.748,Pinned,Device,NVIDIA A100-SXM4-40GB MIG 4g.20gb (0),1,,13,[CUDA memcpy Host-to-Device]
2308049692,46975,83099,,,,,,,,,,35.810,762285.767,Device,,NVIDIA A100-SXM4-40GB MIG 4g.20gb (0),1,,13,[CUDA memset]
2308100443,6304,83101,,,,,,,,,,0.000,12.690,Pinned,Device,NVIDIA A100-SXM4-40GB MIG 4g.20gb (0),1,,13,[CUDA memcpy Host-to-Device]
2308113531,13952,83102,,,,,,,,,,0.197,14091.682,Pinned,Device,NVIDIA A100-SXM4-40GB MIG 4g.20gb (0),1,,13,[CUDA memcpy Host-to-Device]
2308137819,10496,83103,273,1,1,48,1,1,40,0.000,0.001,,,,,NVIDIA A100-SXM4-40GB MIG 4g.20gb (0),1,,13,"void pusch_noise_intf_est::noiseIntfEstNoDftSOfdmKernel<float, __half, float, float, (unsigned int)2, (unsigned int)1, (unsigned char)4, (unsigned char)4>(pusch_noise_intf_est::puschRxNoiseIntfEstDynDescr)"
2308154747,2848,83114,35,1,1,128,1,1,16,0.000,0.000,,,,,NVIDIA A100-SXM4-40GB MIG 4g.20gb (0),1,,13,cupy_copy__complex64_complex64
2308164346,1888,83123,1,1,1,1,1,1,18,0.000,0.000,,,,,NVIDIA A100-SXM4-40GB MIG 4g.20gb (0),1,,13,cupy_copy__float32_float32
2308189562,6048,83129,,,,,,,,,,0.000,0.661,Device,Pageable,NVIDIA A100-SXM4-40GB MIG 4g.20gb (0),1,,7,[CUDA memcpy Device-to-Host]
2308260921,13344,83140,1434,1,1,128,1,1,16,0.000,0.000,,,,,NVIDIA A100-SXM4-40GB MIG 4g.20gb (0),1,,13,cupy_copy__complex64_complex64
2308293529,2976,83147,103,1,1,128,1,1,16,0.000,0.000,,,,,NVIDIA A100-SXM4-40GB MIG 4g.20gb (0),1,,13,cupy_copy__complex64_complex64
2308311673,2368,83154,35,1,1,128,1,1,16,0.000,0.000,,,,,NVIDIA A100-SXM4-40GB MIG 4g.20gb (0),1,,13,cupy_copy__complex64_complex64
2308326872,1760,83161,1,1,1,1,1,1,18,0.000,0.000,,,,,NVIDIA A100-SXM4-40GB MIG 4g.20gb (0),1,,13,cupy_copy__float32_float32
2308455319,87551,83172,1,1,1,32,32,1,30,0.000,0.000,,,,,NVIDIA A100-SXM4-40GB MIG 4g.20gb (0),1,,13,"void convert_kernel<__half2, float2>(tensor_layout_any, T1 *, tensor_layout_any, const T2 *)"
2308570517,5568,83175,,,,,,,,,,0.094,16827.521,Pinned,Device,NVIDIA A100-SXM4-40GB MIG 4g.20gb (0),1,,13,[CUDA memcpy Host-to-Device]
2308585461,3264,83176,,,,,,,,,,1.547,473842.288,Device,,NVIDIA A100-SXM4-40GB MIG 4g.20gb (0),1,,13,[CUDA memset]
2308591797,3488,83181,,,,,,,,,,0.031,8972.469,Pinned,Device,NVIDIA A100-SXM4-40GB MIG 4g.20gb (0),1,,13,[CUDA memcpy Host-to-Device]
2308598165,9920,83182,,,,,,,,,,0.197,19819.266,Pinned,Device,NVIDIA A100-SXM4-40GB MIG 4g.20gb (0),1,,13,[CUDA memcpy Host-to-Device]
2308611765,6080,83183,273,1,1,8,4,1,39,0.002,0.000,,,,,NVIDIA A100-SXM4-40GB MIG 4g.20gb (0),1,,13,"void channel_eq::eqMmseCoefCompLowMimoKernel<float, float, float, (unsigned int)4, (unsigned int)1, (unsigned int)4>(const channel_eq::_puschRxChEqStatDescr *, channel_eq::_puschRxChEqCoefCompDynDescr)"
2308618805,7328,83184,273,1,1,12,11,1,51,0.002,0.000,,,,,NVIDIA A100-SXM4-40GB MIG 4g.20gb (0),1,,13,"void channel_eq::eqMmseSoftDemapKernel<float, __half, __half, float, (unsigned int)4, (unsigned short)16383>(channel_eq::_puschRxChEqStatDescr *, channel_eq::_puschRxChEqSoftDemapDynDescr)"
2308628501,282652,83185,1,1,1,32,32,1,30,0.000,0.000,,,,,NVIDIA A100-SXM4-40GB MIG 4g.20gb (0),1,,13,"void convert_kernel<float2, __half2>(tensor_layout_any, T1 *, tensor_layout_any, const T2 *)"
2308914673,10944,83197,2253,1,1,128,1,1,16,0.000,0.000,,,,,NVIDIA A100-SXM4-40GB MIG 4g.20gb (0),1,,13,cupy_copy__float16_float16
2308928337,3264,83206,282,1,1,128,1,1,16,0.000,0.000,,,,,NVIDIA A100-SXM4-40GB MIG 4g.20gb (0),1,,13,cupy_copy__complex64_complex64
2308933233,2048,83215,26,1,1,128,1,1,16,0.000,0.000,,,,,NVIDIA A100-SXM4-40GB MIG 4g.20gb (0),1,,13,cupy_copy__float32_float32
2308937745,3040,83224,103,1,1,128,1,1,16,0.000,0.000,,,,,NVIDIA A100-SXM4-40GB MIG 4g.20gb (0),1,,13,cupy_copy__complex64_complex64
2308941841,11936,83234,1434,1,1,128,1,1,16,0.000,0.000,,,,,NVIDIA A100-SXM4-40GB MIG 4g.20gb (0),1,,13,cupy_copy__complex64_complex64
2308962449,82783,83239,1,1,1,32,32,1,30,0.000,0.000,,,,,NVIDIA A100-SXM4-40GB MIG 4g.20gb (0),1,,13,"void convert_kernel<__half2, float2>(tensor_layout_any, T1 *, tensor_layout_any, const T2 *)"
2309072303,6784,83242,,,,,,,,,,0.094,13811.259,Pinned,Device,NVIDIA A100-SXM4-40GB MIG 4g.20gb (0),1,,13,[CUDA memcpy Host-to-Device]
2309082607,597433,83243,,,,,,,,,,456.561,763827.289,Device,,NVIDIA A100-SXM4-40GB MIG 4g.20gb (0),1,,13,[CUDA memset]
2309686888,127358,83248,,,,,,,,,,1.235,9695.545,Pinned,Device,NVIDIA A100-SXM4-40GB MIG 4g.20gb (0),1,,13,[CUDA memcpy Host-to-Device]
2309825062,33856,83249,,,,,,,,,,0.197,5807.014,Pinned,Device,NVIDIA A100-SXM4-40GB MIG 4g.20gb (0),1,,13,[CUDA memcpy Host-to-Device]
2309882341,8160,83250,69,4,1,48,1,1,76,0.002,0.000,,,,,NVIDIA A100-SXM4-40GB MIG 4g.20gb (0),1,,13,"void ch_est::windowedChEstPreNoDftSOfdmKernel<float, __half, float, (unsigned int)2, (unsigned int)1, (unsigned short)4>(ch_est::puschRxChEstStatDescr_t *, ch_est::puschRxChEstDynDescr_t *)"
2309898341,7008,83251,137,2,1,24,2,1,44,0.001,0.001,,,,,NVIDIA A100-SXM4-40GB MIG 4g.20gb (0),1,,13,"void ch_est::chEstFilterNoDftSOfdmDispatchKernel<float, __half, float, (unsigned int)2>(ch_est::puschRxChEstStatDescr_t *, ch_est::puschRxChEstDynDescr_t *)"
2309913093,4768,83252,137,2,1,24,2,1,44,0.001,0.001,,,,,NVIDIA A100-SXM4-40GB MIG 4g.20gb (0),1,,13,"void ch_est::chEstFilterNoDftSOfdmDispatchKernel<float, __half, float, (unsigned int)2>(ch_est::puschRxChEstStatDescr_t *, ch_est::puschRxChEstDynDescr_t *)"
2309927781,2656,83263,103,1,1,128,1,1,16,0.000,0.000,,,,,NVIDIA A100-SXM4-40GB MIG 4g.20gb (0),1,,13,cupy_copy__complex64_complex64
2309942692,12512,83273,1434,1,1,128,1,1,16,0.000,0.000,,,,,NVIDIA A100-SXM4-40GB MIG 4g.20gb (0),1,,13,cupy_copy__complex64_complex64
2309957988,2880,83280,103,1,1,128,1,1,16,0.000,0.000,,,,,NVIDIA A100-SXM4-40GB MIG 4g.20gb (0),1,,13,cupy_copy__complex64_complex64
2309981796,92287,83287,1,1,1,32,32,1,30,0.000,0.000,,,,,NVIDIA A100-SXM4-40GB MIG 4g.20gb (0),1,,13,"void convert_kernel<__half2, float2>(tensor_layout_any, T1 *, tensor_layout_any, const T2 *)"
2310106274,28096,83290,,,,,,,,,,0.094,3334.828,Pinned,Device,NVIDIA A100-SXM4-40GB MIG 4g.20gb (0),1,,13,[CUDA memcpy Host-to-Device]
2310155298,47487,83291,,,,,,,,,,35.810,754085.295,Device,,NVIDIA A100-SXM4-40GB MIG 4g.20gb (0),1,,13,[CUDA memset]
2310205249,11360,83293,,,,,,,,,,0.000,7.042,Pinned,Device,NVIDIA A100-SXM4-40GB MIG 4g.20gb (0),1,,13,[CUDA memcpy Host-to-Device]
2310226145,28736,83294,,,,,,,,,,0.197,6841.762,Pinned,Device,NVIDIA A100-SXM4-40GB MIG 4g.20gb (0),1,,13,[CUDA memcpy Host-to-Device]
2310267552,9728,83295,273,1,1,48,1,1,40,0.000,0.001,,,,,NVIDIA A100-SXM4-40GB MIG 4g.20gb (0),1,,13,"void pusch_noise_intf_est::noiseIntfEstNoDftSOfdmKernel<float, __half, float, float, (unsigned int)2, (unsigned int)1, (unsigned char)4, (unsigned char)4>(pusch_noise_intf_est::puschRxNoiseIntfEstDynDescr)"
2310296032,2880,83306,35,1,1,128,1,1,16,0.000,0.000,,,,,NVIDIA A100-SXM4-40GB MIG 4g.20gb (0),1,,13,cupy_copy__complex64_complex64
2310308608,1696,83315,1,1,1,1,1,1,18,0.000,0.000,,,,,NVIDIA A100-SXM4-40GB MIG 4g.20gb (0),1,,13,cupy_copy__float32_float32
2310312000,6528,83321,,,,,,,,,,0.000,0.613,Device,Pageable,NVIDIA A100-SXM4-40GB MIG 4g.20gb (0),1,,7,[CUDA memcpy Device-to-Host]
2310397279,13152,83332,1434,1,1,128,1,1,16,0.000,0.000,,,,,NVIDIA A100-SXM4-40GB MIG 4g.20gb (0),1,,13,cupy_copy__complex64_complex64
2310425823,3487,83339,103,1,1,128,1,1,16,0.000,0.000,,,,,NVIDIA A100-SXM4-40GB MIG 4g.20gb (0),1,,13,cupy_copy__complex64_complex64
2310443678,2720,83346,35,1,1,128,1,1,16,0.000,0.000,,,,,NVIDIA A100-SXM4-40GB MIG 4g.20gb (0),1,,13,cupy_copy__complex64_complex64
2310463966,2208,83353,1,1,1,1,1,1,18,0.000,0.000,,,,,NVIDIA A100-SXM4-40GB MIG 4g.20gb (0),1,,13,cupy_copy__float32_float32
2310591644,84703,83364,1,1,1,32,32,1,30,0.000,0.000,,,,,NVIDIA A100-SXM4-40GB MIG 4g.20gb (0),1,,13,"void convert_kernel<__half2, float2>(tensor_layout_any, T1 *, tensor_layout_any, const T2 *)"
2310704507,6176,83367,,,,,,,,,,0.094,15170.975,Pinned,Device,NVIDIA A100-SXM4-40GB MIG 4g.20gb (0),1,,13,[CUDA memcpy Host-to-Device]
2310719003,3232,83368,,,,,,,,,,1.547,478533.199,Device,,NVIDIA A100-SXM4-40GB MIG 4g.20gb (0),1,,13,[CUDA memset]
2310726267,3840,83373,,,,,,,,,,0.031,8149.979,Pinned,Device,NVIDIA A100-SXM4-40GB MIG 4g.20gb (0),1,,13,[CUDA memcpy Host-to-Device]
2310732251,10144,83374,,,,,,,,,,0.197,19381.617,Pinned,Device,NVIDIA A100-SXM4-40GB MIG 4g.20gb (0),1,,13,[CUDA memcpy Host-to-Device]
2310747419,6239,83375,273,1,1,8,4,1,39,0.002,0.000,,,,,NVIDIA A100-SXM4-40GB MIG 4g.20gb (0),1,,13,"void channel_eq::eqMmseCoefCompLowMimoKernel<float, float, float, (unsigned int)4, (unsigned int)1, (unsigned int)4>(const channel_eq::_puschRxChEqStatDescr *, channel_eq::_puschRxChEqCoefCompDynDescr)"
2310754714,6368,83376,273,1,1,12,11,1,51,0.002,0.000,,,,,NVIDIA A100-SXM4-40GB MIG 4g.20gb (0),1,,13,"void channel_eq::eqMmseSoftDemapKernel<float, __half, __half, float, (unsigned int)4, (unsigned short)16383>(channel_eq::_puschRxChEqStatDescr *, channel_eq::_puschRxChEqSoftDemapDynDescr)"
2310762010,282525,83377,1,1,1,32,32,1,30,0.000,0.000,,,,,NVIDIA A100-SXM4-40GB MIG 4g.20gb (0),1,,13,"void convert_kernel<float2, __half2>(tensor_layout_any, T1 *, tensor_layout_any, const T2 *)"
2311046295,11008,83389,2253,1,1,128,1,1,16,0.000,0.000,,,,,NVIDIA A100-SXM4-40GB MIG 4g.20gb (0),1,,13,cupy_copy__float16_float16
2311061015,2816,83398,282,1,1,128,1,1,16,0.000,0.000,,,,,NVIDIA A100-SXM4-40GB MIG 4g.20gb (0),1,,13,cupy_copy__complex64_complex64
2311066615,2144,83407,26,1,1,128,1,1,16,0.000,0.000,,,,,NVIDIA A100-SXM4-40GB MIG 4g.20gb (0),1,,13,cupy_copy__float32_float32
2311069847,3040,83416,103,1,1,128,1,1,16,0.000,0.000,,,,,NVIDIA A100-SXM4-40GB MIG 4g.20gb (0),1,,13,cupy_copy__complex64_complex64
2311075222,12160,83426,1434,1,1,128,1,1,16,0.000,0.000,,,,,NVIDIA A100-SXM4-40GB MIG 4g.20gb (0),1,,13,cupy_copy__complex64_complex64
2311112566,82783,83431,1,1,1,32,32,1,30,0.000,0.000,,,,,NVIDIA A100-SXM4-40GB MIG 4g.20gb (0),1,,13,"void convert_kernel<__half2, float2>(tensor_layout_any, T1 *, tensor_layout_any, const T2 *)"
2311222069,5856,83434,,,,,,,,,,0.094,15999.997,Pinned,Device,NVIDIA A100-SXM4-40GB MIG 4g.20gb (0),1,,13,[CUDA memcpy Host-to-Device]
2311233205,596152,83435,,,,,,,,,,456.561,765653.535,Device,,NVIDIA A100-SXM4-40GB MIG 4g.20gb (0),1,,13,[CUDA memset]
2311831501,140542,83440,,,,,,,,,,1.235,8786.627,Pinned,Device,NVIDIA A100-SXM4-40GB MIG 4g.20gb (0),1,,13,[CUDA memcpy Host-to-Device]
2311981163,38240,83441,,,,,,,,,,0.197,5141.299,Pinned,Device,NVIDIA A100-SXM4-40GB MIG 4g.20gb (0),1,,13,[CUDA memcpy Host-to-Device]
2312039531,8319,83442,69,4,1,48,1,1,76,0.002,0.000,,,,,NVIDIA A100-SXM4-40GB MIG 4g.20gb (0),1,,13,"void ch_est::windowedChEstPreNoDftSOfdmKernel<float, __half, float, (unsigned int)2, (unsigned int)1, (unsigned short)4>(ch_est::puschRxChEstStatDescr_t *, ch_est::puschRxChEstDynDescr_t *)"
2312060362,6560,83443,137,2,1,24,2,1,44,0.001,0.001,,,,,NVIDIA A100-SXM4-40GB MIG 4g.20gb (0),1,,13,"void ch_est::chEstFilterNoDftSOfdmDispatchKernel<float, __half, float, (unsigned int)2>(ch_est::puschRxChEstStatDescr_t *, ch_est::puschRxChEstDynDescr_t *)"
2312077930,4736,83444,137,2,1,24,2,1,44,0.001,0.001,,,,,NVIDIA A100-SXM4-40GB MIG 4g.20gb (0),1,,13,"void ch_est::chEstFilterNoDftSOfdmDispatchKernel<float, __half, float, (unsigned int)2>(ch_est::puschRxChEstStatDescr_t *, ch_est::puschRxChEstDynDescr_t *)"
2312094506,2560,83455,103,1,1,128,1,1,16,0.000,0.000,,,,,NVIDIA A100-SXM4-40GB MIG 4g.20gb (0),1,,13,cupy_copy__complex64_complex64
2312110570,12512,83465,1434,1,1,128,1,1,16,0.000,0.000,,,,,NVIDIA A100-SXM4-40GB MIG 4g.20gb (0),1,,13,cupy_copy__complex64_complex64
2312129033,2880,83472,103,1,1,128,1,1,16,0.000,0.000,,,,,NVIDIA A100-SXM4-40GB MIG 4g.20gb (0),1,,13,cupy_copy__complex64_complex64
2312154697,96127,83479,1,1,1,32,32,1,30,0.000,0.000,,,,,NVIDIA A100-SXM4-40GB MIG 4g.20gb (0),1,,13,"void convert_kernel<__half2, float2>(tensor_layout_any, T1 *, tensor_layout_any, const T2 *)"
2312282664,18815,83482,,,,,,,,,,0.094,4979.849,Pinned,Device,NVIDIA A100-SXM4-40GB MIG 4g.20gb (0),1,,13,[CUDA memcpy Host-to-Device]
2312326823,47263,83483,,,,,,,,,,35.810,757666.287,Device,,NVIDIA A100-SXM4-40GB MIG 4g.20gb (0),1,,13,[CUDA memset]
2312375718,13088,83485,,,,,,,,,,0.000,6.112,Pinned,Device,NVIDIA A100-SXM4-40GB MIG 4g.20gb (0),1,,13,[CUDA memcpy Host-to-Device]
2312398662,31264,83486,,,,,,,,,,0.197,6288.507,Pinned,Device,NVIDIA A100-SXM4-40GB MIG 4g.20gb (0),1,,13,[CUDA memcpy Host-to-Device]
2312456389,9696,83487,273,1,1,48,1,1,40,0.000,0.001,,,,,NVIDIA A100-SXM4-40GB MIG 4g.20gb (0),1,,13,"void pusch_noise_intf_est::noiseIntfEstNoDftSOfdmKernel<float, __half, float, float, (unsigned int)2, (unsigned int)1, (unsigned char)4, (unsigned char)4>(pusch_noise_intf_est::puschRxNoiseIntfEstDynDescr)"
2312472485,2752,83498,35,1,1,128,1,1,16,0.000,0.000,,,,,NVIDIA A100-SXM4-40GB MIG 4g.20gb (0),1,,13,cupy_copy__complex64_complex64
2312488677,1696,83507,1,1,1,1,1,1,18,0.000,0.000,,,,,NVIDIA A100-SXM4-40GB MIG 4g.20gb (0),1,,13,cupy_copy__float32_float32
2312490725,8928,83513,,,,,,,,,,0.000,0.448,Device,Pageable,NVIDIA A100-SXM4-40GB MIG 4g.20gb (0),1,,7,[CUDA memcpy Device-to-Host]
2312581796,12896,83524,1434,1,1,128,1,1,16,0.000,0.000,,,,,NVIDIA A100-SXM4-40GB MIG 4g.20gb (0),1,,13,cupy_copy__complex64_complex64
2312622147,3104,83531,103,1,1,128,1,1,16,0.000,0.000,,,,,NVIDIA A100-SXM4-40GB MIG 4g.20gb (0),1,,13,cupy_copy__complex64_complex64
2312642595,2464,83538,35,1,1,128,1,1,16,0.000,0.000,,,,,NVIDIA A100-SXM4-40GB MIG 4g.20gb (0),1,,13,cupy_copy__complex64_complex64
2312659395,1728,83545,1,1,1,1,1,1,18,0.000,0.000,,,,,NVIDIA A100-SXM4-40GB MIG 4g.20gb (0),1,,13,cupy_copy__float32_float32
2312785281,93119,83556,1,1,1,32,32,1,30,0.000,0.000,,,,,NVIDIA A100-SXM4-40GB MIG 4g.20gb (0),1,,13,"void convert_kernel<__half2, float2>(tensor_layout_any, T1 *, tensor_layout_any, const T2 *)"
2312906816,14080,83559,,,,,,,,,,0.094,6654.477,Pinned,Device,NVIDIA A100-SXM4-40GB MIG 4g.20gb (0),1,,13,[CUDA memcpy Host-to-Device]
2312931584,3392,83560,,,,,,,,,,1.547,455961.768,Device,,NVIDIA A100-SXM4-40GB MIG 4g.20gb (0),1,,13,[CUDA memset]
2312937183,3872,83565,,,,,,,,,,0.031,8082.630,Pinned,Device,NVIDIA A100-SXM4-40GB MIG 4g.20gb (0),1,,13,[CUDA memcpy Host-to-Device]
2312948479,17696,83566,,,,,,,,,,0.197,11110.121,Pinned,Device,NVIDIA A100-SXM4-40GB MIG 4g.20gb (0),1,,13,[CUDA memcpy Host-to-Device]
2312977151,6784,83567,273,1,1,8,4,1,39,0.002,0.000,,,,,NVIDIA A100-SXM4-40GB MIG 4g.20gb (0),1,,13,"void channel_eq::eqMmseCoefCompLowMimoKernel<float, float, float, (unsigned int)4, (unsigned int)1, (unsigned int)4>(const channel_eq::_puschRxChEqStatDescr *, channel_eq::_puschRxChEqCoefCompDynDescr)"
2312986975,5504,83568,273,1,1,12,11,1,51,0.002,0.000,,,,,NVIDIA A100-SXM4-40GB MIG 4g.20gb (0),1,,13,"void channel_eq::eqMmseSoftDemapKernel<float, __half, __half, float, (unsigned int)4, (unsigned short)16383>(channel_eq::_puschRxChEqStatDescr *, channel_eq::_puschRxChEqSoftDemapDynDescr)"
2312995199,282108,83569,1,1,1,32,32,1,30,0.000,0.000,,,,,NVIDIA A100-SXM4-40GB MIG 4g.20gb (0),1,,13,"void convert_kernel<float2, __half2>(tensor_layout_any, T1 *, tensor_layout_any, const T2 *)"
2313278587,11104,83581,2253,1,1,128,1,1,16,0.000,0.000,,,,,NVIDIA A100-SXM4-40GB MIG 4g.20gb (0),1,,13,cupy_copy__float16_float16
2313292411,3008,83590,282,1,1,128,1,1,16,0.000,0.000,,,,,NVIDIA A100-SXM4-40GB MIG 4g.20gb (0),1,,13,cupy_copy__complex64_complex64
2313297979,2336,83599,26,1,1,128,1,1,16,0.000,0.000,,,,,NVIDIA A100-SXM4-40GB MIG 4g.20gb (0),1,,13,cupy_copy__float32_float32
2313301723,4864,83608,103,1,1,128,1,1,16,0.000,0.000,,,,,NVIDIA A100-SXM4-40GB MIG 4g.20gb (0),1,,13,cupy_copy__complex64_complex64
2313307547,12096,83618,1434,1,1,128,1,1,16,0.000,0.000,,,,,NVIDIA A100-SXM4-40GB MIG 4g.20gb (0),1,,13,cupy_copy__complex64_complex64
2313324763,83167,83623,1,1,1,32,32,1,30,0.000,0.000,,,,,NVIDIA A100-SXM4-40GB MIG 4g.20gb (0),1,,13,"void convert_kernel<__half2, float2>(tensor_layout_any, T1 *, tensor_layout_any, const T2 *)"
2313435033,5536,83626,,,,,,,,,,0.094,16924.777,Pinned,Device,NVIDIA A100-SXM4-40GB MIG 4g.20gb (0),1,,13,[CUDA memcpy Host-to-Device]
2313445209,596537,83627,,,,,,,,,,456.561,765196.973,Device,,NVIDIA A100-SXM4-40GB MIG 4g.20gb (0),1,,13,[CUDA memset]
2314047506,137694,83632,,,,,,,,,,1.235,8968.163,Pinned,Device,NVIDIA A100-SXM4-40GB MIG 4g.20gb (0),1,,13,[CUDA memcpy Host-to-Device]
2314196432,31840,83633,,,,,,,,,,0.197,6174.867,Pinned,Device,NVIDIA A100-SXM4-40GB MIG 4g.20gb (0),1,,13,[CUDA memcpy Host-to-Device]
2314240015,8928,83634,69,4,1,48,1,1,76,0.002,0.000,,,,,NVIDIA A100-SXM4-40GB MIG 4g.20gb (0),1,,13,"void ch_est::windowedChEstPreNoDftSOfdmKernel<float, __half, float, (unsigned int)2, (unsigned int)1, (unsigned short)4>(ch_est::puschRxChEstStatDescr_t *, ch_est::puschRxChEstDynDescr_t *)"
2314252655,6880,83635,137,2,1,24,2,1,44,0.001,0.001,,,,,NVIDIA A100-SXM4-40GB MIG 4g.20gb (0),1,,13,"void ch_est::chEstFilterNoDftSOfdmDispatchKernel<float, __half, float, (unsigned int)2>(ch_est::puschRxChEstStatDescr_t *, ch_est::puschRxChEstDynDescr_t *)"
2314262383,4960,83636,137,2,1,24,2,1,44,0.001,0.001,,,,,NVIDIA A100-SXM4-40GB MIG 4g.20gb (0),1,,13,"void ch_est::chEstFilterNoDftSOfdmDispatchKernel<float, __half, float, (unsigned int)2>(ch_est::puschRxChEstStatDescr_t *, ch_est::puschRxChEstDynDescr_t *)"
2314273839,2656,83647,103,1,1,128,1,1,16,0.000,0.000,,,,,NVIDIA A100-SXM4-40GB MIG 4g.20gb (0),1,,13,cupy_copy__complex64_complex64
2314283183,12448,83657,1434,1,1,128,1,1,16,0.000,0.000,,,,,NVIDIA A100-SXM4-40GB MIG 4g.20gb (0),1,,13,cupy_copy__complex64_complex64
2314297615,2848,83664,103,1,1,128,1,1,16,0.000,0.000,,,,,NVIDIA A100-SXM4-40GB MIG 4g.20gb (0),1,,13,cupy_copy__complex64_complex64
2314306095,84703,83671,1,1,1,32,32,1,30,0.000,0.000,,,,,NVIDIA A100-SXM4-40GB MIG 4g.20gb (0),1,,13,"void convert_kernel<__half2, float2>(tensor_layout_any, T1 *, tensor_layout_any, const T2 *)"
2314420461,13376,83674,,,,,,,,,,0.094,7004.713,Pinned,Device,NVIDIA A100-SXM4-40GB MIG 4g.20gb (0),1,,13,[CUDA memcpy Host-to-Device]
2314438797,46975,83675,,,,,,,,,,35.810,762285.767,Device,,NVIDIA A100-SXM4-40GB MIG 4g.20gb (0),1,,13,[CUDA memset]
2314491084,7712,83677,,,,,,,,,,0.000,10.373,Pinned,Device,NVIDIA A100-SXM4-40GB MIG 4g.20gb (0),1,,13,[CUDA memcpy Host-to-Device]
2314502540,16704,83678,,,,,,,,,,0.197,11769.938,Pinned,Device,NVIDIA A100-SXM4-40GB MIG 4g.20gb (0),1,,13,[CUDA memcpy Host-to-Device]
2314530220,9408,83679,273,1,1,48,1,1,40,0.000,0.001,,,,,NVIDIA A100-SXM4-40GB MIG 4g.20gb (0),1,,13,"void pusch_noise_intf_est::noiseIntfEstNoDftSOfdmKernel<float, __half, float, float, (unsigned int)2, (unsigned int)1, (unsigned char)4, (unsigned char)4>(pusch_noise_intf_est::puschRxNoiseIntfEstDynDescr)"
2314549804,2688,83690,35,1,1,128,1,1,16,0.000,0.000,,,,,NVIDIA A100-SXM4-40GB MIG 4g.20gb (0),1,,13,cupy_copy__complex64_complex64
2314560747,1696,83699,1,1,1,1,1,1,18,0.000,0.000,,,,,NVIDIA A100-SXM4-40GB MIG 4g.20gb (0),1,,13,cupy_copy__float32_float32
2314574827,6272,83705,,,,,,,,,,0.000,0.638,Device,Pageable,NVIDIA A100-SXM4-40GB MIG 4g.20gb (0),1,,7,[CUDA memcpy Device-to-Host]
2314652778,12832,83716,1434,1,1,128,1,1,16,0.000,0.000,,,,,NVIDIA A100-SXM4-40GB MIG 4g.20gb (0),1,,13,cupy_copy__complex64_complex64
2314680042,2944,83723,103,1,1,128,1,1,16,0.000,0.000,,,,,NVIDIA A100-SXM4-40GB MIG 4g.20gb (0),1,,13,cupy_copy__complex64_complex64
2314704362,2784,83730,35,1,1,128,1,1,16,0.000,0.000,,,,,NVIDIA A100-SXM4-40GB MIG 4g.20gb (0),1,,13,cupy_copy__complex64_complex64
2314723657,1952,83737,1,1,1,1,1,1,18,0.000,0.000,,,,,NVIDIA A100-SXM4-40GB MIG 4g.20gb (0),1,,13,cupy_copy__float32_float32
2314849928,87679,83748,1,1,1,32,32,1,30,0.000,0.000,,,,,NVIDIA A100-SXM4-40GB MIG 4g.20gb (0),1,,13,"void convert_kernel<__half2, float2>(tensor_layout_any, T1 *, tensor_layout_any, const T2 *)"
2314966214,5792,83751,,,,,,,,,,0.094,16176.708,Pinned,Device,NVIDIA A100-SXM4-40GB MIG 4g.20gb (0),1,,13,[CUDA memcpy Host-to-Device]
2314980486,3392,83752,,,,,,,,,,1.547,455961.768,Device,,NVIDIA A100-SXM4-40GB MIG 4g.20gb (0),1,,13,[CUDA memset]
2314987238,3008,83757,,,,,,,,,,0.031,10404.230,Pinned,Device,NVIDIA A100-SXM4-40GB MIG 4g.20gb (0),1,,13,[CUDA memcpy Host-to-Device]
2314992774,10112,83758,,,,,,,,,,0.197,19442.958,Pinned,Device,NVIDIA A100-SXM4-40GB MIG 4g.20gb (0),1,,13,[CUDA memcpy Host-to-Device]
2315007910,6240,83759,273,1,1,8,4,1,39,0.002,0.000,,,,,NVIDIA A100-SXM4-40GB MIG 4g.20gb (0),1,,13,"void channel_eq::eqMmseCoefCompLowMimoKernel<float, float, float, (unsigned int)4, (unsigned int)1, (unsigned int)4>(const channel_eq::_puschRxChEqStatDescr *, channel_eq::_puschRxChEqCoefCompDynDescr)"
2315016614,5664,83760,273,1,1,12,11,1,51,0.002,0.000,,,,,NVIDIA A100-SXM4-40GB MIG 4g.20gb (0),1,,13,"void channel_eq::eqMmseSoftDemapKernel<float, __half, __half, float, (unsigned int)4, (unsigned short)16383>(channel_eq::_puschRxChEqStatDescr *, channel_eq::_puschRxChEqSoftDemapDynDescr)"
2315023366,281724,83761,1,1,1,32,32,1,30,0.000,0.000,,,,,NVIDIA A100-SXM4-40GB MIG 4g.20gb (0),1,,13,"void convert_kernel<float2, __half2>(tensor_layout_any, T1 *, tensor_layout_any, const T2 *)"
2315308482,10976,83773,2253,1,1,128,1,1,16,0.000,0.000,,,,,NVIDIA A100-SXM4-40GB MIG 4g.20gb (0),1,,13,cupy_copy__float16_float16
2315322338,3776,83782,282,1,1,128,1,1,16,0.000,0.000,,,,,NVIDIA A100-SXM4-40GB MIG 4g.20gb (0),1,,13,cupy_copy__complex64_complex64
2315327234,2272,83791,26,1,1,128,1,1,16,0.000,0.000,,,,,NVIDIA A100-SXM4-40GB MIG 4g.20gb (0),1,,13,cupy_copy__float32_float32
2315332226,3936,83800,103,1,1,128,1,1,16,0.000,0.000,,,,,NVIDIA A100-SXM4-40GB MIG 4g.20gb (0),1,,13,cupy_copy__complex64_complex64
2315337826,12032,83810,1434,1,1,128,1,1,16,0.000,0.000,,,,,NVIDIA A100-SXM4-40GB MIG 4g.20gb (0),1,,13,cupy_copy__complex64_complex64
2315359650,82495,83815,1,1,1,32,32,1,30,0.000,0.000,,,,,NVIDIA A100-SXM4-40GB MIG 4g.20gb (0),1,,13,"void convert_kernel<__half2, float2>(tensor_layout_any, T1 *, tensor_layout_any, const T2 *)"
2315470336,5568,83818,,,,,,,,,,0.094,16827.521,Pinned,Device,NVIDIA A100-SXM4-40GB MIG 4g.20gb (0),1,,13,[CUDA memcpy Host-to-Device]
2315481984,597977,83819,,,,,,,,,,456.561,763370.728,Device,,NVIDIA A100-SXM4-40GB MIG 4g.20gb (0),1,,13,[CUDA memset]
2316087929,134014,83824,,,,,,,,,,1.235,9213.917,Pinned,Device,NVIDIA A100-SXM4-40GB MIG 4g.20gb (0),1,,13,[CUDA memcpy Host-to-Device]
2316231831,35359,83825,,,,,,,,,,0.197,5560.271,Pinned,Device,NVIDIA A100-SXM4-40GB MIG 4g.20gb (0),1,,13,[CUDA memcpy Host-to-Device]
2316281270,8224,83826,69,4,1,48,1,1,76,0.002,0.000,,,,,NVIDIA A100-SXM4-40GB MIG 4g.20gb (0),1,,13,"void ch_est::windowedChEstPreNoDftSOfdmKernel<float, __half, float, (unsigned int)2, (unsigned int)1, (unsigned short)4>(ch_est::puschRxChEstStatDescr_t *, ch_est::puschRxChEstDynDescr_t *)"
2316296630,6848,83827,137,2,1,24,2,1,44,0.001,0.001,,,,,NVIDIA A100-SXM4-40GB MIG 4g.20gb (0),1,,13,"void ch_est::chEstFilterNoDftSOfdmDispatchKernel<float, __half, float, (unsigned int)2>(ch_est::puschRxChEstStatDescr_t *, ch_est::puschRxChEstDynDescr_t *)"
2316310262,4704,83828,137,2,1,24,2,1,44,0.001,0.001,,,,,NVIDIA A100-SXM4-40GB MIG 4g.20gb (0),1,,13,"void ch_est::chEstFilterNoDftSOfdmDispatchKernel<float, __half, float, (unsigned int)2>(ch_est::puschRxChEstStatDescr_t *, ch_est::puschRxChEstDynDescr_t *)"
2316324470,2528,83839,103,1,1,128,1,1,16,0.000,0.000,,,,,NVIDIA A100-SXM4-40GB MIG 4g.20gb (0),1,,13,cupy_copy__complex64_complex64
2316341173,12480,83849,1434,1,1,128,1,1,16,0.000,0.000,,,,,NVIDIA A100-SXM4-40GB MIG 4g.20gb (0),1,,13,cupy_copy__complex64_complex64
2316375541,2528,83856,103,1,1,128,1,1,16,0.000,0.000,,,,,NVIDIA A100-SXM4-40GB MIG 4g.20gb (0),1,,13,cupy_copy__complex64_complex64
2316390997,91327,83863,1,1,1,32,32,1,30,0.000,0.000,,,,,NVIDIA A100-SXM4-40GB MIG 4g.20gb (0),1,,13,"void convert_kernel<__half2, float2>(tensor_layout_any, T1 *, tensor_layout_any, const T2 *)"
2316512243,17408,83866,,,,,,,,,,0.094,5382.273,Pinned,Device,NVIDIA A100-SXM4-40GB MIG 4g.20gb (0),1,,13,[CUDA memcpy Host-to-Device]
2316541299,47295,83867,,,,,,,,,,35.810,757129.139,Device,,NVIDIA A100-SXM4-40GB MIG 4g.20gb (0),1,,13,[CUDA memset]
2316596210,6784,83869,,,,,,,,,,0.000,11.792,Pinned,Device,NVIDIA A100-SXM4-40GB MIG 4g.20gb (0),1,,13,[CUDA memcpy Host-to-Device]
2316607058,18912,83870,,,,,,,,,,0.197,10395.845,Pinned,Device,NVIDIA A100-SXM4-40GB MIG 4g.20gb (0),1,,13,[CUDA memcpy Host-to-Device]
2316640754,12512,83871,273,1,1,48,1,1,40,0.000,0.001,,,,,NVIDIA A100-SXM4-40GB MIG 4g.20gb (0),1,,13,"void pusch_noise_intf_est::noiseIntfEstNoDftSOfdmKernel<float, __half, float, float, (unsigned int)2, (unsigned int)1, (unsigned char)4, (unsigned char)4>(pusch_noise_intf_est::puschRxNoiseIntfEstDynDescr)"
2316656082,3103,83882,35,1,1,128,1,1,16,0.000,0.000,,,,,NVIDIA A100-SXM4-40GB MIG 4g.20gb (0),1,,13,cupy_copy__complex64_complex64
2316664049,2048,83891,1,1,1,1,1,1,18,0.000,0.000,,,,,NVIDIA A100-SXM4-40GB MIG 4g.20gb (0),1,,13,cupy_copy__float32_float32
2316671665,5056,83897,,,,,,,,,,0.000,0.791,Device,Pageable,NVIDIA A100-SXM4-40GB MIG 4g.20gb (0),1,,7,[CUDA memcpy Device-to-Host]
2316752496,12576,83908,1434,1,1,128,1,1,16,0.000,0.000,,,,,NVIDIA A100-SXM4-40GB MIG 4g.20gb (0),1,,13,cupy_copy__complex64_complex64
2316777168,2944,83915,103,1,1,128,1,1,16,0.000,0.000,,,,,NVIDIA A100-SXM4-40GB MIG 4g.20gb (0),1,,13,cupy_copy__complex64_complex64
2316793232,2720,83922,35,1,1,128,1,1,16,0.000,0.000,,,,,NVIDIA A100-SXM4-40GB MIG 4g.20gb (0),1,,13,cupy_copy__complex64_complex64
2316817648,1983,83929,1,1,1,1,1,1,18,0.000,0.000,,,,,NVIDIA A100-SXM4-40GB MIG 4g.20gb (0),1,,13,cupy_copy__float32_float32
2316944142,81983,83940,1,1,1,32,32,1,30,0.000,0.000,,,,,NVIDIA A100-SXM4-40GB MIG 4g.20gb (0),1,,13,"void convert_kernel<__half2, float2>(tensor_layout_any, T1 *, tensor_layout_any, const T2 *)"
2317055181,8927,83943,,,,,,,,,,0.094,10495.732,Pinned,Device,NVIDIA A100-SXM4-40GB MIG 4g.20gb (0),1,,13,[CUDA memcpy Host-to-Device]
2317072972,3520,83944,,,,,,,,,,1.547,439380.412,Device,,NVIDIA A100-SXM4-40GB MIG 4g.20gb (0),1,,13,[CUDA memset]
2317079532,4672,83949,,,,,,,,,,0.031,6698.627,Pinned,Device,NVIDIA A100-SXM4-40GB MIG 4g.20gb (0),1,,13,[CUDA memcpy Host-to-Device]
2317087628,9728,83950,,,,,,,,,,0.197,20210.516,Pinned,Device,NVIDIA A100-SXM4-40GB MIG 4g.20gb (0),1,,13,[CUDA memcpy Host-to-Device]
2317104684,8224,83951,273,1,1,8,4,1,39,0.002,0.000,,,,,NVIDIA A100-SXM4-40GB MIG 4g.20gb (0),1,,13,"void channel_eq::eqMmseCoefCompLowMimoKernel<float, float, float, (unsigned int)4, (unsigned int)1, (unsigned int)4>(const channel_eq::_puschRxChEqStatDescr *, channel_eq::_puschRxChEqCoefCompDynDescr)"
2317115084,5984,83952,273,1,1,12,11,1,51,0.002,0.000,,,,,NVIDIA A100-SXM4-40GB MIG 4g.20gb (0),1,,13,"void channel_eq::eqMmseSoftDemapKernel<float, __half, __half, float, (unsigned int)4, (unsigned short)16383>(channel_eq::_puschRxChEqStatDescr *, channel_eq::_puschRxChEqSoftDemapDynDescr)"
2317122956,294876,83953,1,1,1,32,32,1,30,0.000,0.000,,,,,NVIDIA A100-SXM4-40GB MIG 4g.20gb (0),1,,13,"void convert_kernel<float2, __half2>(tensor_layout_any, T1 *, tensor_layout_any, const T2 *)"
2317419592,10976,83965,2253,1,1,128,1,1,16,0.000,0.000,,,,,NVIDIA A100-SXM4-40GB MIG 4g.20gb (0),1,,13,cupy_copy__float16_float16
2317434312,3616,83974,282,1,1,128,1,1,16,0.000,0.000,,,,,NVIDIA A100-SXM4-40GB MIG 4g.20gb (0),1,,13,cupy_copy__complex64_complex64
2317441224,2240,83983,26,1,1,128,1,1,16,0.000,0.000,,,,,NVIDIA A100-SXM4-40GB MIG 4g.20gb (0),1,,13,cupy_copy__float32_float32
2317444840,3008,83992,103,1,1,128,1,1,16,0.000,0.000,,,,,NVIDIA A100-SXM4-40GB MIG 4g.20gb (0),1,,13,cupy_copy__complex64_complex64
2317448872,12416,84002,1434,1,1,128,1,1,16,0.000,0.000,,,,,NVIDIA A100-SXM4-40GB MIG 4g.20gb (0),1,,13,cupy_copy__complex64_complex64
2317465511,87615,84007,1,1,1,32,32,1,30,0.000,0.000,,,,,NVIDIA A100-SXM4-40GB MIG 4g.20gb (0),1,,13,"void convert_kernel<__half2, float2>(tensor_layout_any, T1 *, tensor_layout_any, const T2 *)"
2317580646,5920,84010,,,,,,,,,,0.094,15826.941,Pinned,Device,NVIDIA A100-SXM4-40GB MIG 4g.20gb (0),1,,13,[CUDA memcpy Host-to-Device]
2317591750,600025,84011,,,,,,,,,,456.561,760631.359,Device,,NVIDIA A100-SXM4-40GB MIG 4g.20gb (0),1,,13,[CUDA memset]
2318197406,138431,84016,,,,,,,,,,1.235,8920.001,Pinned,Device,NVIDIA A100-SXM4-40GB MIG 4g.20gb (0),1,,13,[CUDA memcpy Host-to-Device]
2318348925,37823,84017,,,,,,,,,,0.197,5197.922,Pinned,Device,NVIDIA A100-SXM4-40GB MIG 4g.20gb (0),1,,13,[CUDA memcpy Host-to-Device]
2318411356,8000,84018,69,4,1,48,1,1,76,0.002,0.000,,,,,NVIDIA A100-SXM4-40GB MIG 4g.20gb (0),1,,13,"void ch_est::windowedChEstPreNoDftSOfdmKernel<float, __half, float, (unsigned int)2, (unsigned int)1, (unsigned short)4>(ch_est::puschRxChEstStatDescr_t *, ch_est::puschRxChEstDynDescr_t *)"
2318429404,6559,84019,137,2,1,24,2,1,44,0.001,0.001,,,,,NVIDIA A100-SXM4-40GB MIG 4g.20gb (0),1,,13,"void ch_est::chEstFilterNoDftSOfdmDispatchKernel<float, __half, float, (unsigned int)2>(ch_est::puschRxChEstStatDescr_t *, ch_est::puschRxChEstDynDescr_t *)"
2318446299,4768,84020,137,2,1,24,2,1,44,0.001,0.001,,,,,NVIDIA A100-SXM4-40GB MIG 4g.20gb (0),1,,13,"void ch_est::chEstFilterNoDftSOfdmDispatchKernel<float, __half, float, (unsigned int)2>(ch_est::puschRxChEstStatDescr_t *, ch_est::puschRxChEstDynDescr_t *)"
2318463003,2784,84031,103,1,1,128,1,1,16,0.000,0.000,,,,,NVIDIA A100-SXM4-40GB MIG 4g.20gb (0),1,,13,cupy_copy__complex64_complex64
2318480379,12544,84041,1434,1,1,128,1,1,16,0.000,0.000,,,,,NVIDIA A100-SXM4-40GB MIG 4g.20gb (0),1,,13,cupy_copy__complex64_complex64
2318500155,2912,84048,103,1,1,128,1,1,16,0.000,0.000,,,,,NVIDIA A100-SXM4-40GB MIG 4g.20gb (0),1,,13,cupy_copy__complex64_complex64
2318523258,92575,84055,1,1,1,32,32,1,30,0.000,0.000,,,,,NVIDIA A100-SXM4-40GB MIG 4g.20gb (0),1,,13,"void convert_kernel<__half2, float2>(tensor_layout_any, T1 *, tensor_layout_any, const T2 *)"
2318650169,18752,84058,,,,,,,,,,0.094,4996.527,Pinned,Device,NVIDIA A100-SXM4-40GB MIG 4g.20gb (0),1,,13,[CUDA memcpy Host-to-Device]
2318689592,47840,84059,,,,,,,,,,35.810,748534.758,Device,,NVIDIA A100-SXM4-40GB MIG 4g.20gb (0),1,,13,[CUDA memset]
2318744536,8448,84061,,,,,,,,,,0.000,9.470,Pinned,Device,NVIDIA A100-SXM4-40GB MIG 4g.20gb (0),1,,13,[CUDA memcpy Host-to-Device]
2318761239,19776,84062,,,,,,,,,,0.197,9941.680,Pinned,Device,NVIDIA A100-SXM4-40GB MIG 4g.20gb (0),1,,13,[CUDA memcpy Host-to-Device]
2318804695,10016,84063,273,1,1,48,1,1,40,0.000,0.001,,,,,NVIDIA A100-SXM4-40GB MIG 4g.20gb (0),1,,13,"void pusch_noise_intf_est::noiseIntfEstNoDftSOfdmKernel<float, __half, float, float, (unsigned int)2, (unsigned int)1, (unsigned char)4, (unsigned char)4>(pusch_noise_intf_est::puschRxNoiseIntfEstDynDescr)"
2318824087,2592,84074,35,1,1,128,1,1,16,0.000,0.000,,,,,NVIDIA A100-SXM4-40GB MIG 4g.20gb (0),1,,13,cupy_copy__complex64_complex64
2318835287,1824,84083,1,1,1,1,1,1,18,0.000,0.000,,,,,NVIDIA A100-SXM4-40GB MIG 4g.20gb (0),1,,13,cupy_copy__float32_float32
2318842838,4672,84089,,,,,,,,,,0.000,0.856,Device,Pageable,NVIDIA A100-SXM4-40GB MIG 4g.20gb (0),1,,7,[CUDA memcpy Device-to-Host]
2318914166,12831,84100,1434,1,1,128,1,1,16,0.000,0.000,,,,,NVIDIA A100-SXM4-40GB MIG 4g.20gb (0),1,,13,cupy_copy__complex64_complex64
2318941973,3040,84107,103,1,1,128,1,1,16,0.000,0.000,,,,,NVIDIA A100-SXM4-40GB MIG 4g.20gb (0),1,,13,cupy_copy__complex64_complex64
2318964277,2336,84114,35,1,1,128,1,1,16,0.000,0.000,,,,,NVIDIA A100-SXM4-40GB MIG 4g.20gb (0),1,,13,cupy_copy__complex64_complex64
2318982165,1792,84121,1,1,1,1,1,1,18,0.000,0.000,,,,,NVIDIA A100-SXM4-40GB MIG 4g.20gb (0),1,,13,cupy_copy__float32_float32
2319114675,87711,84132,1,1,1,32,32,1,30,0.000,0.000,,,,,NVIDIA A100-SXM4-40GB MIG 4g.20gb (0),1,,13,"void convert_kernel<__half2, float2>(tensor_layout_any, T1 *, tensor_layout_any, const T2 *)"
2319229810,6176,84135,,,,,,,,,,0.094,15170.975,Pinned,Device,NVIDIA A100-SXM4-40GB MIG 4g.20gb (0),1,,13,[CUDA memcpy Host-to-Device]
2319245137,3104,84136,,,,,,,,,,1.547,498266.574,Device,,NVIDIA A100-SXM4-40GB MIG 4g.20gb (0),1,,13,[CUDA memset]
2319253809,2976,84141,,,,,,,,,,0.031,10516.113,Pinned,Device,NVIDIA A100-SXM4-40GB MIG 4g.20gb (0),1,,13,[CUDA memcpy Host-to-Device]
2319259345,9568,84142,,,,,,,,,,0.197,20548.485,Pinned,Device,NVIDIA A100-SXM4-40GB MIG 4g.20gb (0),1,,13,[CUDA memcpy Host-to-Device]
2319273073,6144,84143,273,1,1,8,4,1,39,0.002,0.000,,,,,NVIDIA A100-SXM4-40GB MIG 4g.20gb (0),1,,13,"void channel_eq::eqMmseCoefCompLowMimoKernel<float, float, float, (unsigned int)4, (unsigned int)1, (unsigned int)4>(const channel_eq::_puschRxChEqStatDescr *, channel_eq::_puschRxChEqCoefCompDynDescr)"
2319280337,6304,84144,273,1,1,12,11,1,51,0.002,0.000,,,,,NVIDIA A100-SXM4-40GB MIG 4g.20gb (0),1,,13,"void channel_eq::eqMmseSoftDemapKernel<float, __half, __half, float, (unsigned int)4, (unsigned short)16383>(channel_eq::_puschRxChEqStatDescr *, channel_eq::_puschRxChEqSoftDemapDynDescr)"
2319287569,282652,84145,1,1,1,32,32,1,30,0.000,0.000,,,,,NVIDIA A100-SXM4-40GB MIG 4g.20gb (0),1,,13,"void convert_kernel<float2, __half2>(tensor_layout_any, T1 *, tensor_layout_any, const T2 *)"
2319573805,10976,84157,2253,1,1,128,1,1,16,0.000,0.000,,,,,NVIDIA A100-SXM4-40GB MIG 4g.20gb (0),1,,13,cupy_copy__float16_float16
2319586925,3104,84166,282,1,1,128,1,1,16,0.000,0.000,,,,,NVIDIA A100-SXM4-40GB MIG 4g.20gb (0),1,,13,cupy_copy__complex64_complex64
2319591757,2336,84175,26,1,1,128,1,1,16,0.000,0.000,,,,,NVIDIA A100-SXM4-40GB MIG 4g.20gb (0),1,,13,cupy_copy__float32_float32
2319595565,6528,84184,103,1,1,128,1,1,16,0.000,0.000,,,,,NVIDIA A100-SXM4-40GB MIG 4g.20gb (0),1,,13,cupy_copy__complex64_complex64
2319606029,12096,84194,1434,1,1,128,1,1,16,0.000,0.000,,,,,NVIDIA A100-SXM4-40GB MIG 4g.20gb (0),1,,13,cupy_copy__complex64_complex64
2319623373,83071,84199,1,1,1,32,32,1,30,0.000,0.000,,,,,NVIDIA A100-SXM4-40GB MIG 4g.20gb (0),1,,13,"void convert_kernel<__half2, float2>(tensor_layout_any, T1 *, tensor_layout_any, const T2 *)"
2319732875,5568,84202,,,,,,,,,,0.094,16827.521,Pinned,Device,NVIDIA A100-SXM4-40GB MIG 4g.20gb (0),1,,13,[CUDA memcpy Host-to-Device]
2319743307,598713,84203,,,,,,,,,,456.561,762457.605,Device,,NVIDIA A100-SXM4-40GB MIG 4g.20gb (0),1,,13,[CUDA memset]
2320346756,165502,84208,,,,,,,,,,1.235,7461.532,Pinned,Device,NVIDIA A100-SXM4-40GB MIG 4g.20gb (0),1,,13,[CUDA memcpy Host-to-Device]
2320524674,39679,84209,,,,,,,,,,0.197,4954.915,Pinned,Device,NVIDIA A100-SXM4-40GB MIG 4g.20gb (0),1,,13,[CUDA memcpy Host-to-Device]
2320581793,8160,84210,69,4,1,48,1,1,76,0.002,0.000,,,,,NVIDIA A100-SXM4-40GB MIG 4g.20gb (0),1,,13,"void ch_est::windowedChEstPreNoDftSOfdmKernel<float, __half, float, (unsigned int)2, (unsigned int)1, (unsigned short)4>(ch_est::puschRxChEstStatDescr_t *, ch_est::puschRxChEstDynDescr_t *)"
2320600001,6880,84211,137,2,1,24,2,1,44,0.001,0.001,,,,,NVIDIA A100-SXM4-40GB MIG 4g.20gb (0),1,,13,"void ch_est::chEstFilterNoDftSOfdmDispatchKernel<float, __half, float, (unsigned int)2>(ch_est::puschRxChEstStatDescr_t *, ch_est::puschRxChEstDynDescr_t *)"
2320619201,4703,84212,137,2,1,24,2,1,44,0.001,0.001,,,,,NVIDIA A100-SXM4-40GB MIG 4g.20gb (0),1,,13,"void ch_est::chEstFilterNoDftSOfdmDispatchKernel<float, __half, float, (unsigned int)2>(ch_est::puschRxChEstStatDescr_t *, ch_est::puschRxChEstDynDescr_t *)"
2320636128,2720,84223,103,1,1,128,1,1,16,0.000,0.000,,,,,NVIDIA A100-SXM4-40GB MIG 4g.20gb (0),1,,13,cupy_copy__complex64_complex64
2320653024,12224,84233,1434,1,1,128,1,1,16,0.000,0.000,,,,,NVIDIA A100-SXM4-40GB MIG 4g.20gb (0),1,,13,cupy_copy__complex64_complex64
2320672448,2912,84240,103,1,1,128,1,1,16,0.000,0.000,,,,,NVIDIA A100-SXM4-40GB MIG 4g.20gb (0),1,,13,cupy_copy__complex64_complex64
2320696992,83551,84247,1,1,1,32,32,1,30,0.000,0.000,,,,,NVIDIA A100-SXM4-40GB MIG 4g.20gb (0),1,,13,"void convert_kernel<__half2, float2>(tensor_layout_any, T1 *, tensor_layout_any, const T2 *)"
2320813662,26720,84250,,,,,,,,,,0.094,3506.573,Pinned,Device,NVIDIA A100-SXM4-40GB MIG 4g.20gb (0),1,,13,[CUDA memcpy Host-to-Device]
2320854942,47807,84251,,,,,,,,,,35.810,749036.097,Device,,NVIDIA A100-SXM4-40GB MIG 4g.20gb (0),1,,13,[CUDA memset]
2320909149,12928,84253,,,,,,,,,,0.000,6.188,Pinned,Device,NVIDIA A100-SXM4-40GB MIG 4g.20gb (0),1,,13,[CUDA memcpy Host-to-Device]
2320929085,31935,84254,,,,,,,,,,0.197,6156.386,Pinned,Device,NVIDIA A100-SXM4-40GB MIG 4g.20gb (0),1,,13,[CUDA memcpy Host-to-Device]
2320983292,9984,84255,273,1,1,48,1,1,40,0.000,0.001,,,,,NVIDIA A100-SXM4-40GB MIG 4g.20gb (0),1,,13,"void pusch_noise_intf_est::noiseIntfEstNoDftSOfdmKernel<float, __half, float, float, (unsigned int)2, (unsigned int)1, (unsigned char)4, (unsigned char)4>(pusch_noise_intf_est::puschRxNoiseIntfEstDynDescr)"
2320999164,2592,84266,35,1,1,128,1,1,16,0.000,0.000,,,,,NVIDIA A100-SXM4-40GB MIG 4g.20gb (0),1,,13,cupy_copy__complex64_complex64
2321015644,1728,84275,1,1,1,1,1,1,18,0.000,0.000,,,,,NVIDIA A100-SXM4-40GB MIG 4g.20gb (0),1,,13,cupy_copy__float32_float32
2321019836,7487,84281,,,,,,,,,,0.000,0.534,Device,Pageable,NVIDIA A100-SXM4-40GB MIG 4g.20gb (0),1,,7,[CUDA memcpy Device-to-Host]
2321115290,12864,84292,1434,1,1,128,1,1,16,0.000,0.000,,,,,NVIDIA A100-SXM4-40GB MIG 4g.20gb (0),1,,13,cupy_copy__complex64_complex64
2321137498,3360,84299,103,1,1,128,1,1,16,0.000,0.000,,,,,NVIDIA A100-SXM4-40GB MIG 4g.20gb (0),1,,13,cupy_copy__complex64_complex64
2321173786,2400,84306,35,1,1,128,1,1,16,0.000,0.000,,,,,NVIDIA A100-SXM4-40GB MIG 4g.20gb (0),1,,13,cupy_copy__complex64_complex64
2321189625,1696,84313,1,1,1,1,1,1,18,0.000,0.000,,,,,NVIDIA A100-SXM4-40GB MIG 4g.20gb (0),1,,13,cupy_copy__float32_float32
2321298680,82079,84324,1,1,1,32,32,1,30,0.000,0.000,,,,,NVIDIA A100-SXM4-40GB MIG 4g.20gb (0),1,,13,"void convert_kernel<__half2, float2>(tensor_layout_any, T1 *, tensor_layout_any, const T2 *)"
2321409431,5408,84327,,,,,,,,,,0.094,17325.421,Pinned,Device,NVIDIA A100-SXM4-40GB MIG 4g.20gb (0),1,,13,[CUDA memcpy Host-to-Device]
2321426167,3295,84328,,,,,,,,,,1.547,469384.918,Device,,NVIDIA A100-SXM4-40GB MIG 4g.20gb (0),1,,13,[CUDA memset]
2321432982,3136,84333,,,,,,,,,,0.031,9979.575,Pinned,Device,NVIDIA A100-SXM4-40GB MIG 4g.20gb (0),1,,13,[CUDA memcpy Host-to-Device]
2321438934,9728,84334,,,,,,,,,,0.197,20210.516,Pinned,Device,NVIDIA A100-SXM4-40GB MIG 4g.20gb (0),1,,13,[CUDA memcpy Host-to-Device]
2321452598,6304,84335,273,1,1,8,4,1,39,0.002,0.000,,,,,NVIDIA A100-SXM4-40GB MIG 4g.20gb (0),1,,13,"void channel_eq::eqMmseCoefCompLowMimoKernel<float, float, float, (unsigned int)4, (unsigned int)1, (unsigned int)4>(const channel_eq::_puschRxChEqStatDescr *, channel_eq::_puschRxChEqCoefCompDynDescr)"
2321459926,6400,84336,273,1,1,12,11,1,51,0.002,0.000,,,,,NVIDIA A100-SXM4-40GB MIG 4g.20gb (0),1,,13,"void channel_eq::eqMmseSoftDemapKernel<float, __half, __half, float, (unsigned int)4, (unsigned short)16383>(channel_eq::_puschRxChEqStatDescr *, channel_eq::_puschRxChEqSoftDemapDynDescr)"
2321467318,282397,84337,1,1,1,32,32,1,30,0.000,0.000,,,,,NVIDIA A100-SXM4-40GB MIG 4g.20gb (0),1,,13,"void convert_kernel<float2, __half2>(tensor_layout_any, T1 *, tensor_layout_any, const T2 *)"
2321753394,10976,84349,2253,1,1,128,1,1,16,0.000,0.000,,,,,NVIDIA A100-SXM4-40GB MIG 4g.20gb (0),1,,13,cupy_copy__float16_float16
2321766770,3168,84358,282,1,1,128,1,1,16,0.000,0.000,,,,,NVIDIA A100-SXM4-40GB MIG 4g.20gb (0),1,,13,cupy_copy__complex64_complex64
2321773170,2272,84367,26,1,1,128,1,1,16,0.000,0.000,,,,,NVIDIA A100-SXM4-40GB MIG 4g.20gb (0),1,,13,cupy_copy__float32_float32
2321777394,2784,84376,103,1,1,128,1,1,16,0.000,0.000,,,,,NVIDIA A100-SXM4-40GB MIG 4g.20gb (0),1,,13,cupy_copy__complex64_complex64
2321782642,12512,84386,1434,1,1,128,1,1,16,0.000,0.000,,,,,NVIDIA A100-SXM4-40GB MIG 4g.20gb (0),1,,13,cupy_copy__complex64_complex64
2321802098,82399,84391,1,1,1,32,32,1,30,0.000,0.000,,,,,NVIDIA A100-SXM4-40GB MIG 4g.20gb (0),1,,13,"void convert_kernel<__half2, float2>(tensor_layout_any, T1 *, tensor_layout_any, const T2 *)"
2321912401,5791,84394,,,,,,,,,,0.094,16179.519,Pinned,Device,NVIDIA A100-SXM4-40GB MIG 4g.20gb (0),1,,13,[CUDA memcpy Host-to-Device]
2321921904,597881,84395,,,,,,,,,,456.561,763370.728,Device,,NVIDIA A100-SXM4-40GB MIG 4g.20gb (0),1,,13,[CUDA memset]
2322526249,102751,84400,,,,,,,,,,1.235,12018.475,Pinned,Device,NVIDIA A100-SXM4-40GB MIG 4g.20gb (0),1,,13,[CUDA memcpy Host-to-Device]
2322634632,14719,84401,,,,,,,,,,0.197,13357.351,Pinned,Device,NVIDIA A100-SXM4-40GB MIG 4g.20gb (0),1,,13,[CUDA memcpy Host-to-Device]
2322655399,8864,84402,69,4,1,48,1,1,76,0.002,0.000,,,,,NVIDIA A100-SXM4-40GB MIG 4g.20gb (0),1,,13,"void ch_est::windowedChEstPreNoDftSOfdmKernel<float, __half, float, (unsigned int)2, (unsigned int)1, (unsigned short)4>(ch_est::puschRxChEstStatDescr_t *, ch_est::puschRxChEstDynDescr_t *)"
2322666215,6560,84403,137,2,1,24,2,1,44,0.001,0.001,,,,,NVIDIA A100-SXM4-40GB MIG 4g.20gb (0),1,,13,"void ch_est::chEstFilterNoDftSOfdmDispatchKernel<float, __half, float, (unsigned int)2>(ch_est::puschRxChEstStatDescr_t *, ch_est::puschRxChEstDynDescr_t *)"
2322674375,6432,84404,137,2,1,24,2,1,44,0.001,0.001,,,,,NVIDIA A100-SXM4-40GB MIG 4g.20gb (0),1,,13,"void ch_est::chEstFilterNoDftSOfdmDispatchKernel<float, __half, float, (unsigned int)2>(ch_est::puschRxChEstStatDescr_t *, ch_est::puschRxChEstDynDescr_t *)"
2322683591,2560,84415,103,1,1,128,1,1,16,0.000,0.000,,,,,NVIDIA A100-SXM4-40GB MIG 4g.20gb (0),1,,13,cupy_copy__complex64_complex64
2322687783,12832,84425,1434,1,1,128,1,1,16,0.000,0.000,,,,,NVIDIA A100-SXM4-40GB MIG 4g.20gb (0),1,,13,cupy_copy__complex64_complex64
2322704103,2656,84432,103,1,1,128,1,1,16,0.000,0.000,,,,,NVIDIA A100-SXM4-40GB MIG 4g.20gb (0),1,,13,cupy_copy__complex64_complex64
2322708967,90879,84439,1,1,1,32,32,1,30,0.000,0.000,,,,,NVIDIA A100-SXM4-40GB MIG 4g.20gb (0),1,,13,"void convert_kernel<__half2, float2>(tensor_layout_any, T1 *, tensor_layout_any, const T2 *)"
2322827877,6560,84442,,,,,,,,,,0.094,14282.925,Pinned,Device,NVIDIA A100-SXM4-40GB MIG 4g.20gb (0),1,,13,[CUDA memcpy Host-to-Device]
2322841573,47263,84443,,,,,,,,,,35.810,757666.287,Device,,NVIDIA A100-SXM4-40GB MIG 4g.20gb (0),1,,13,[CUDA memset]
2322890916,4832,84445,,,,,,,,,,0.000,16.556,Pinned,Device,NVIDIA A100-SXM4-40GB MIG 4g.20gb (0),1,,13,[CUDA memcpy Host-to-Device]
2322900740,11968,84446,,,,,,,,,,0.197,16427.778,Pinned,Device,NVIDIA A100-SXM4-40GB MIG 4g.20gb (0),1,,13,[CUDA memcpy Host-to-Device]
2322919364,10656,84447,273,1,1,48,1,1,40,0.000,0.001,,,,,NVIDIA A100-SXM4-40GB MIG 4g.20gb (0),1,,13,"void pusch_noise_intf_est::noiseIntfEstNoDftSOfdmKernel<float, __half, float, float, (unsigned int)2, (unsigned int)1, (unsigned char)4, (unsigned char)4>(pusch_noise_intf_est::puschRxNoiseIntfEstDynDescr)"
2322932196,3072,84458,35,1,1,128,1,1,16,0.000,0.000,,,,,NVIDIA A100-SXM4-40GB MIG 4g.20gb (0),1,,13,cupy_copy__complex64_complex64
2322954852,1792,84467,1,1,1,1,1,1,18,0.000,0.000,,,,,NVIDIA A100-SXM4-40GB MIG 4g.20gb (0),1,,13,cupy_copy__float32_float32
2322986435,1760,84473,,,,,,,,,,0.000,2.273,Device,Pageable,NVIDIA A100-SXM4-40GB MIG 4g.20gb (0),1,,7,[CUDA memcpy Device-to-Host]
2323045507,12991,84484,1434,1,1,128,1,1,16,0.000,0.000,,,,,NVIDIA A100-SXM4-40GB MIG 4g.20gb (0),1,,13,cupy_copy__complex64_complex64
2323072130,3488,84491,103,1,1,128,1,1,16,0.000,0.000,,,,,NVIDIA A100-SXM4-40GB MIG 4g.20gb (0),1,,13,cupy_copy__complex64_complex64
2323092802,2176,84498,35,1,1,128,1,1,16,0.000,0.000,,,,,NVIDIA A100-SXM4-40GB MIG 4g.20gb (0),1,,13,cupy_copy__complex64_complex64
2323112130,1824,84505,1,1,1,1,1,1,18,0.000,0.000,,,,,NVIDIA A100-SXM4-40GB MIG 4g.20gb (0),1,,13,cupy_copy__float32_float32
2323240928,82271,84516,1,1,1,32,32,1,30,0.000,0.000,,,,,NVIDIA A100-SXM4-40GB MIG 4g.20gb (0),1,,13,"void convert_kernel<__half2, float2>(tensor_layout_any, T1 *, tensor_layout_any, const T2 *)"
2323352159,5792,84519,,,,,,,,,,0.094,16176.708,Pinned,Device,NVIDIA A100-SXM4-40GB MIG 4g.20gb (0),1,,13,[CUDA memcpy Host-to-Device]
2323367551,3263,84520,,,,,,,,,,1.547,473987.671,Device,,NVIDIA A100-SXM4-40GB MIG 4g.20gb (0),1,,13,[CUDA memset]
2323373278,3456,84525,,,,,,,,,,0.031,9055.529,Pinned,Device,NVIDIA A100-SXM4-40GB MIG 4g.20gb (0),1,,13,[CUDA memcpy Host-to-Device]
2323379198,9440,84526,,,,,,,,,,0.197,20827.079,Pinned,Device,NVIDIA A100-SXM4-40GB MIG 4g.20gb (0),1,,13,[CUDA memcpy Host-to-Device]
2323393662,6976,84527,273,1,1,8,4,1,39,0.002,0.000,,,,,NVIDIA A100-SXM4-40GB MIG 4g.20gb (0),1,,13,"void channel_eq::eqMmseCoefCompLowMimoKernel<float, float, float, (unsigned int)4, (unsigned int)1, (unsigned int)4>(const channel_eq::_puschRxChEqStatDescr *, channel_eq::_puschRxChEqCoefCompDynDescr)"
2323401662,6368,84528,273,1,1,12,11,1,51,0.002,0.000,,,,,NVIDIA A100-SXM4-40GB MIG 4g.20gb (0),1,,13,"void channel_eq::eqMmseSoftDemapKernel<float, __half, __half, float, (unsigned int)4, (unsigned short)16383>(channel_eq::_puschRxChEqStatDescr *, channel_eq::_puschRxChEqSoftDemapDynDescr)"
2323408990,282621,84529,1,1,1,32,32,1,30,0.000,0.000,,,,,NVIDIA A100-SXM4-40GB MIG 4g.20gb (0),1,,13,"void convert_kernel<float2, __half2>(tensor_layout_any, T1 *, tensor_layout_any, const T2 *)"
2323693786,11072,84541,2253,1,1,128,1,1,16,0.000,0.000,,,,,NVIDIA A100-SXM4-40GB MIG 4g.20gb (0),1,,13,cupy_copy__float16_float16
2323707546,3968,84550,282,1,1,128,1,1,16,0.000,0.000,,,,,NVIDIA A100-SXM4-40GB MIG 4g.20gb (0),1,,13,cupy_copy__complex64_complex64
2323714106,2048,84559,26,1,1,128,1,1,16,0.000,0.000,,,,,NVIDIA A100-SXM4-40GB MIG 4g.20gb (0),1,,13,cupy_copy__float32_float32
2323719258,3040,84568,103,1,1,128,1,1,16,0.000,0.000,,,,,NVIDIA A100-SXM4-40GB MIG 4g.20gb (0),1,,13,cupy_copy__complex64_complex64
2323725658,11808,84578,1434,1,1,128,1,1,16,0.000,0.000,,,,,NVIDIA A100-SXM4-40GB MIG 4g.20gb (0),1,,13,cupy_copy__complex64_complex64
2323742682,82207,84583,1,1,1,32,32,1,30,0.000,0.000,,,,,NVIDIA A100-SXM4-40GB MIG 4g.20gb (0),1,,13,"void convert_kernel<__half2, float2>(tensor_layout_any, T1 *, tensor_layout_any, const T2 *)"
2323852377,5407,84586,,,,,,,,,,0.094,17328.607,Pinned,Device,NVIDIA A100-SXM4-40GB MIG 4g.20gb (0),1,,13,[CUDA memcpy Host-to-Device]
2323863416,597401,84587,,,,,,,,,,456.561,763827.289,Device,,NVIDIA A100-SXM4-40GB MIG 4g.20gb (0),1,,13,[CUDA memset]
2324467217,152094,84592,,,,,,,,,,1.235,8118.522,Pinned,Device,NVIDIA A100-SXM4-40GB MIG 4g.20gb (0),1,,13,[CUDA memcpy Host-to-Device]
2324634063,41055,84593,,,,,,,,,,0.197,4788.781,Pinned,Device,NVIDIA A100-SXM4-40GB MIG 4g.20gb (0),1,,13,[CUDA memcpy Host-to-Device]
2324703726,8128,84594,69,4,1,48,1,1,76,0.002,0.000,,,,,NVIDIA A100-SXM4-40GB MIG 4g.20gb (0),1,,13,"void ch_est::windowedChEstPreNoDftSOfdmKernel<float, __half, float, (unsigned int)2, (unsigned int)1, (unsigned short)4>(ch_est::puschRxChEstStatDescr_t *, ch_est::puschRxChEstDynDescr_t *)"
2324721742,6656,84595,137,2,1,24,2,1,44,0.001,0.001,,,,,NVIDIA A100-SXM4-40GB MIG 4g.20gb (0),1,,13,"void ch_est::chEstFilterNoDftSOfdmDispatchKernel<float, __half, float, (unsigned int)2>(ch_est::puschRxChEstStatDescr_t *, ch_est::puschRxChEstDynDescr_t *)"
2324738926,4768,84596,137,2,1,24,2,1,44,0.001,0.001,,,,,NVIDIA A100-SXM4-40GB MIG 4g.20gb (0),1,,13,"void ch_est::chEstFilterNoDftSOfdmDispatchKernel<float, __half, float, (unsigned int)2>(ch_est::puschRxChEstStatDescr_t *, ch_est::puschRxChEstDynDescr_t *)"
2324755373,2496,84607,103,1,1,128,1,1,16,0.000,0.000,,,,,NVIDIA A100-SXM4-40GB MIG 4g.20gb (0),1,,13,cupy_copy__complex64_complex64
2324774157,12288,84617,1434,1,1,128,1,1,16,0.000,0.000,,,,,NVIDIA A100-SXM4-40GB MIG 4g.20gb (0),1,,13,cupy_copy__complex64_complex64
2324806989,2592,84624,103,1,1,128,1,1,16,0.000,0.000,,,,,NVIDIA A100-SXM4-40GB MIG 4g.20gb (0),1,,13,cupy_copy__complex64_complex64
2324819021,84383,84631,1,1,1,32,32,1,30,0.000,0.000,,,,,NVIDIA A100-SXM4-40GB MIG 4g.20gb (0),1,,13,"void convert_kernel<__half2, float2>(tensor_layout_any, T1 *, tensor_layout_any, const T2 *)"
2324931371,9184,84634,,,,,,,,,,0.094,10202.089,Pinned,Device,NVIDIA A100-SXM4-40GB MIG 4g.20gb (0),1,,13,[CUDA memcpy Host-to-Device]
2324945739,47903,84635,,,,,,,,,,35.810,747532.080,Device,,NVIDIA A100-SXM4-40GB MIG 4g.20gb (0),1,,13,[CUDA memset]
2325000778,3040,84637,,,,,,,,,,0.000,26.316,Pinned,Device,NVIDIA A100-SXM4-40GB MIG 4g.20gb (0),1,,13,[CUDA memcpy Host-to-Device]
2325008714,12160,84638,,,,,,,,,,0.197,16168.255,Pinned,Device,NVIDIA A100-SXM4-40GB MIG 4g.20gb (0),1,,13,[CUDA memcpy Host-to-Device]
2325030442,10176,84639,273,1,1,48,1,1,40,0.000,0.001,,,,,NVIDIA A100-SXM4-40GB MIG 4g.20gb (0),1,,13,"void pusch_noise_intf_est::noiseIntfEstNoDftSOfdmKernel<float, __half, float, float, (unsigned int)2, (unsigned int)1, (unsigned char)4, (unsigned char)4>(pusch_noise_intf_est::puschRxNoiseIntfEstDynDescr)"
2325042954,3072,84650,35,1,1,128,1,1,16,0.000,0.000,,,,,NVIDIA A100-SXM4-40GB MIG 4g.20gb (0),1,,13,cupy_copy__complex64_complex64
2325050634,1984,84659,1,1,1,1,1,1,18,0.000,0.000,,,,,NVIDIA A100-SXM4-40GB MIG 4g.20gb (0),1,,13,cupy_copy__float32_float32
2325082185,1984,84665,,,,,,,,,,0.000,2.016,Device,Pageable,NVIDIA A100-SXM4-40GB MIG 4g.20gb (0),1,,7,[CUDA memcpy Device-to-Host]
2325143177,12831,84676,1434,1,1,128,1,1,16,0.000,0.000,,,,,NVIDIA A100-SXM4-40GB MIG 4g.20gb (0),1,,13,cupy_copy__complex64_complex64
2325170280,3488,84683,103,1,1,128,1,1,16,0.000,0.000,,,,,NVIDIA A100-SXM4-40GB MIG 4g.20gb (0),1,,13,cupy_copy__complex64_complex64
2325190248,2240,84690,35,1,1,128,1,1,16,0.000,0.000,,,,,NVIDIA A100-SXM4-40GB MIG 4g.20gb (0),1,,13,cupy_copy__complex64_complex64
2325207624,1792,84697,1,1,1,1,1,1,18,0.000,0.000,,,,,NVIDIA A100-SXM4-40GB MIG 4g.20gb (0),1,,13,cupy_copy__float32_float32
2325342310,87935,84708,1,1,1,32,32,1,30,0.000,0.000,,,,,NVIDIA A100-SXM4-40GB MIG 4g.20gb (0),1,,13,"void convert_kernel<__half2, float2>(tensor_layout_any, T1 *, tensor_layout_any, const T2 *)"
2325458181,5664,84711,,,,,,,,,,0.094,16542.310,Pinned,Device,NVIDIA A100-SXM4-40GB MIG 4g.20gb (0),1,,13,[CUDA memcpy Host-to-Device]
2325472645,3135,84712,,,,,,,,,,1.547,493340.577,Device,,NVIDIA A100-SXM4-40GB MIG 4g.20gb (0),1,,13,[CUDA memset]
2325479300,3008,84717,,,,,,,,,,0.031,10404.230,Pinned,Device,NVIDIA A100-SXM4-40GB MIG 4g.20gb (0),1,,13,[CUDA memcpy Host-to-Device]
2325484836,9856,84718,,,,,,,,,,0.197,19948.044,Pinned,Device,NVIDIA A100-SXM4-40GB MIG 4g.20gb (0),1,,13,[CUDA memcpy Host-to-Device]
2325500740,6112,84719,273,1,1,8,4,1,39,0.002,0.000,,,,,NVIDIA A100-SXM4-40GB MIG 4g.20gb (0),1,,13,"void channel_eq::eqMmseCoefCompLowMimoKernel<float, float, float, (unsigned int)4, (unsigned int)1, (unsigned int)4>(const channel_eq::_puschRxChEqStatDescr *, channel_eq::_puschRxChEqCoefCompDynDescr)"
2325510340,5728,84720,273,1,1,12,11,1,51,0.002,0.000,,,,,NVIDIA A100-SXM4-40GB MIG 4g.20gb (0),1,,13,"void channel_eq::eqMmseSoftDemapKernel<float, __half, __half, float, (unsigned int)4, (unsigned short)16383>(channel_eq::_puschRxChEqStatDescr *, channel_eq::_puschRxChEqSoftDemapDynDescr)"
2325518180,282524,84721,1,1,1,32,32,1,30,0.000,0.000,,,,,NVIDIA A100-SXM4-40GB MIG 4g.20gb (0),1,,13,"void convert_kernel<float2, __half2>(tensor_layout_any, T1 *, tensor_layout_any, const T2 *)"
2325801664,10912,84733,2253,1,1,128,1,1,16,0.000,0.000,,,,,NVIDIA A100-SXM4-40GB MIG 4g.20gb (0),1,,13,cupy_copy__float16_float16
2325815360,3872,84742,282,1,1,128,1,1,16,0.000,0.000,,,,,NVIDIA A100-SXM4-40GB MIG 4g.20gb (0),1,,13,cupy_copy__complex64_complex64
2325820704,2240,84751,26,1,1,128,1,1,16,0.000,0.000,,,,,NVIDIA A100-SXM4-40GB MIG 4g.20gb (0),1,,13,cupy_copy__float32_float32
2325824896,3072,84760,103,1,1,128,1,1,16,0.000,0.000,,,,,NVIDIA A100-SXM4-40GB MIG 4g.20gb (0),1,,13,cupy_copy__complex64_complex64
2325828960,12448,84770,1434,1,1,128,1,1,16,0.000,0.000,,,,,NVIDIA A100-SXM4-40GB MIG 4g.20gb (0),1,,13,cupy_copy__complex64_complex64
2325847392,82655,84775,1,1,1,32,32,1,30,0.000,0.000,,,,,NVIDIA A100-SXM4-40GB MIG 4g.20gb (0),1,,13,"void convert_kernel<__half2, float2>(tensor_layout_any, T1 *, tensor_layout_any, const T2 *)"
2325956799,5567,84778,,,,,,,,,,0.094,16830.519,Pinned,Device,NVIDIA A100-SXM4-40GB MIG 4g.20gb (0),1,,13,[CUDA memcpy Host-to-Device]
2325967550,596537,84779,,,,,,,,,,456.561,765196.973,Device,,NVIDIA A100-SXM4-40GB MIG 4g.20gb (0),1,,13,[CUDA memset]
2326564599,147326,84784,,,,,,,,,,1.235,8381.565,Pinned,Device,NVIDIA A100-SXM4-40GB MIG 4g.20gb (0),1,,13,[CUDA memcpy Host-to-Device]
2326725173,38688,84785,,,,,,,,,,0.197,5081.727,Pinned,Device,NVIDIA A100-SXM4-40GB MIG 4g.20gb (0),1,,13,[CUDA memcpy Host-to-Device]
2326794516,8256,84786,69,4,1,48,1,1,76,0.002,0.000,,,,,NVIDIA A100-SXM4-40GB MIG 4g.20gb (0),1,,13,"void ch_est::windowedChEstPreNoDftSOfdmKernel<float, __half, float, (unsigned int)2, (unsigned int)1, (unsigned short)4>(ch_est::puschRxChEstStatDescr_t *, ch_est::puschRxChEstDynDescr_t *)"
2326813844,6880,84787,137,2,1,24,2,1,44,0.001,0.001,,,,,NVIDIA A100-SXM4-40GB MIG 4g.20gb (0),1,,13,"void ch_est::chEstFilterNoDftSOfdmDispatchKernel<float, __half, float, (unsigned int)2>(ch_est::puschRxChEstStatDescr_t *, ch_est::puschRxChEstDynDescr_t *)"
2326830932,4736,84788,137,2,1,24,2,1,44,0.001,0.001,,,,,NVIDIA A100-SXM4-40GB MIG 4g.20gb (0),1,,13,"void ch_est::chEstFilterNoDftSOfdmDispatchKernel<float, __half, float, (unsigned int)2>(ch_est::puschRxChEstStatDescr_t *, ch_est::puschRxChEstDynDescr_t *)"
2326848499,2624,84799,103,1,1,128,1,1,16,0.000,0.000,,,,,NVIDIA A100-SXM4-40GB MIG 4g.20gb (0),1,,13,cupy_copy__complex64_complex64
2326865075,12704,84809,1434,1,1,128,1,1,16,0.000,0.000,,,,,NVIDIA A100-SXM4-40GB MIG 4g.20gb (0),1,,13,cupy_copy__complex64_complex64
2326887219,2880,84816,103,1,1,128,1,1,16,0.000,0.000,,,,,NVIDIA A100-SXM4-40GB MIG 4g.20gb (0),1,,13,cupy_copy__complex64_complex64
2326911955,83967,84823,1,1,1,32,32,1,30,0.000,0.000,,,,,NVIDIA A100-SXM4-40GB MIG 4g.20gb (0),1,,13,"void convert_kernel<__half2, float2>(tensor_layout_any, T1 *, tensor_layout_any, const T2 *)"
2327032241,26368,84826,,,,,,,,,,0.094,3553.327,Pinned,Device,NVIDIA A100-SXM4-40GB MIG 4g.20gb (0),1,,13,[CUDA memcpy Host-to-Device]
2327074513,47231,84827,,,,,,,,,,35.810,758167.626,Device,,NVIDIA A100-SXM4-40GB MIG 4g.20gb (0),1,,13,[CUDA memset]
2327129968,12576,84829,,,,,,,,,,0.000,6.361,Pinned,Device,NVIDIA A100-SXM4-40GB MIG 4g.20gb (0),1,,13,[CUDA memcpy Host-to-Device]
2327152944,23615,84830,,,,,,,,,,0.197,8325.366,Pinned,Device,NVIDIA A100-SXM4-40GB MIG 4g.20gb (0),1,,13,[CUDA memcpy Host-to-Device]
2327196239,9472,84831,273,1,1,48,1,1,40,0.000,0.001,,,,,NVIDIA A100-SXM4-40GB MIG 4g.20gb (0),1,,13,"void pusch_noise_intf_est::noiseIntfEstNoDftSOfdmKernel<float, __half, float, float, (unsigned int)2, (unsigned int)1, (unsigned char)4, (unsigned char)4>(pusch_noise_intf_est::puschRxNoiseIntfEstDynDescr)"
2327216047,2784,84842,35,1,1,128,1,1,16,0.000,0.000,,,,,NVIDIA A100-SXM4-40GB MIG 4g.20gb (0),1,,13,cupy_copy__complex64_complex64
2327224303,2112,84851,1,1,1,1,1,1,18,0.000,0.000,,,,,NVIDIA A100-SXM4-40GB MIG 4g.20gb (0),1,,13,cupy_copy__float32_float32
2327232367,5568,84857,,,,,,,,,,0.000,0.718,Device,Pageable,NVIDIA A100-SXM4-40GB MIG 4g.20gb (0),1,,7,[CUDA memcpy Device-to-Host]
2327309742,12896,84868,1434,1,1,128,1,1,16,0.000,0.000,,,,,NVIDIA A100-SXM4-40GB MIG 4g.20gb (0),1,,13,cupy_copy__complex64_complex64
2327337485,2976,84875,103,1,1,128,1,1,16,0.000,0.000,,,,,NVIDIA A100-SXM4-40GB MIG 4g.20gb (0),1,,13,cupy_copy__complex64_complex64
2327361581,2592,84882,35,1,1,128,1,1,16,0.000,0.000,,,,,NVIDIA A100-SXM4-40GB MIG 4g.20gb (0),1,,13,cupy_copy__complex64_complex64
2327378189,2208,84889,1,1,1,1,1,1,18,0.000,0.000,,,,,NVIDIA A100-SXM4-40GB MIG 4g.20gb (0),1,,13,cupy_copy__float32_float32
2327506155,82975,84900,1,1,1,32,32,1,30,0.000,0.000,,,,,NVIDIA A100-SXM4-40GB MIG 4g.20gb (0),1,,13,"void convert_kernel<__half2, float2>(tensor_layout_any, T1 *, tensor_layout_any, const T2 *)"
2327616746,6112,84903,,,,,,,,,,0.094,15329.790,Pinned,Device,NVIDIA A100-SXM4-40GB MIG 4g.20gb (0),1,,13,[CUDA memcpy Host-to-Device]
2327632394,3296,84904,,,,,,,,,,1.547,469242.628,Device,,NVIDIA A100-SXM4-40GB MIG 4g.20gb (0),1,,13,[CUDA memset]
2327639178,3488,84909,,,,,,,,,,0.031,8972.469,Pinned,Device,NVIDIA A100-SXM4-40GB MIG 4g.20gb (0),1,,13,[CUDA memcpy Host-to-Device]
2327645098,10240,84910,,,,,,,,,,0.197,19199.951,Pinned,Device,NVIDIA A100-SXM4-40GB MIG 4g.20gb (0),1,,13,[CUDA memcpy Host-to-Device]
2327659145,6528,84911,273,1,1,8,4,1,39,0.002,0.000,,,,,NVIDIA A100-SXM4-40GB MIG 4g.20gb (0),1,,13,"void channel_eq::eqMmseCoefCompLowMimoKernel<float, float, float, (unsigned int)4, (unsigned int)1, (unsigned int)4>(const channel_eq::_puschRxChEqStatDescr *, channel_eq::_puschRxChEqCoefCompDynDescr)"
2327666633,5824,84912,273,1,1,12,11,1,51,0.002,0.000,,,,,NVIDIA A100-SXM4-40GB MIG 4g.20gb (0),1,,13,"void channel_eq::eqMmseSoftDemapKernel<float, __half, __half, float, (unsigned int)4, (unsigned short)16383>(channel_eq::_puschRxChEqStatDescr *, channel_eq::_puschRxChEqSoftDemapDynDescr)"
2327673577,282749,84913,1,1,1,32,32,1,30,0.000,0.000,,,,,NVIDIA A100-SXM4-40GB MIG 4g.20gb (0),1,,13,"void convert_kernel<float2, __half2>(tensor_layout_any, T1 *, tensor_layout_any, const T2 *)"
2327960934,10880,84925,2253,1,1,128,1,1,16,0.000,0.000,,,,,NVIDIA A100-SXM4-40GB MIG 4g.20gb (0),1,,13,cupy_copy__float16_float16
2327973094,2944,84934,282,1,1,128,1,1,16,0.000,0.000,,,,,NVIDIA A100-SXM4-40GB MIG 4g.20gb (0),1,,13,cupy_copy__complex64_complex64
2327979494,2623,84943,26,1,1,128,1,1,16,0.000,0.000,,,,,NVIDIA A100-SXM4-40GB MIG 4g.20gb (0),1,,13,cupy_copy__float32_float32
2327984293,2944,84952,103,1,1,128,1,1,16,0.000,0.000,,,,,NVIDIA A100-SXM4-40GB MIG 4g.20gb (0),1,,13,cupy_copy__complex64_complex64
2327988325,12096,84962,1434,1,1,128,1,1,16,0.000,0.000,,,,,NVIDIA A100-SXM4-40GB MIG 4g.20gb (0),1,,13,cupy_copy__complex64_complex64
2328005573,81759,84967,1,1,1,32,32,1,30,0.000,0.000,,,,,NVIDIA A100-SXM4-40GB MIG 4g.20gb (0),1,,13,"void convert_kernel<__half2, float2>(tensor_layout_any, T1 *, tensor_layout_any, const T2 *)"
2328113732,5696,84970,,,,,,,,,,0.094,16449.363,Pinned,Device,NVIDIA A100-SXM4-40GB MIG 4g.20gb (0),1,,13,[CUDA memcpy Host-to-Device]
2328124228,597400,84971,,,,,,,,,,456.561,763827.289,Device,,NVIDIA A100-SXM4-40GB MIG 4g.20gb (0),1,,13,[CUDA memset]
2328724892,132031,84976,,,,,,,,,,1.235,9352.231,Pinned,Device,NVIDIA A100-SXM4-40GB MIG 4g.20gb (0),1,,13,[CUDA memcpy Host-to-Device]
2328865915,30751,84977,,,,,,,,,,0.197,6393.496,Pinned,Device,NVIDIA A100-SXM4-40GB MIG 4g.20gb (0),1,,13,[CUDA memcpy Host-to-Device]
2328912570,8288,84978,69,4,1,48,1,1,76,0.002,0.000,,,,,NVIDIA A100-SXM4-40GB MIG 4g.20gb (0),1,,13,"void ch_est::windowedChEstPreNoDftSOfdmKernel<float, __half, float, (unsigned int)2, (unsigned int)1, (unsigned short)4>(ch_est::puschRxChEstStatDescr_t *, ch_est::puschRxChEstDynDescr_t *)"
2328928858,6624,84979,137,2,1,24,2,1,44,0.001,0.001,,,,,NVIDIA A100-SXM4-40GB MIG 4g.20gb (0),1,,13,"void ch_est::chEstFilterNoDftSOfdmDispatchKernel<float, __half, float, (unsigned int)2>(ch_est::puschRxChEstStatDescr_t *, ch_est::puschRxChEstDynDescr_t *)"
2328944858,4704,84980,137,2,1,24,2,1,44,0.001,0.001,,,,,NVIDIA A100-SXM4-40GB MIG 4g.20gb (0),1,,13,"void ch_est::chEstFilterNoDftSOfdmDispatchKernel<float, __half, float, (unsigned int)2>(ch_est::puschRxChEstStatDescr_t *, ch_est::puschRxChEstDynDescr_t *)"
2328957561,2688,84991,103,1,1,128,1,1,16,0.000,0.000,,,,,NVIDIA A100-SXM4-40GB MIG 4g.20gb (0),1,,13,cupy_copy__complex64_complex64
2328970553,12416,85001,1434,1,1,128,1,1,16,0.000,0.000,,,,,NVIDIA A100-SXM4-40GB MIG 4g.20gb (0),1,,13,cupy_copy__complex64_complex64
2329002009,2400,85008,103,1,1,128,1,1,16,0.000,0.000,,,,,NVIDIA A100-SXM4-40GB MIG 4g.20gb (0),1,,13,cupy_copy__complex64_complex64
2329020921,87167,85015,1,1,1,32,32,1,30,0.000,0.000,,,,,NVIDIA A100-SXM4-40GB MIG 4g.20gb (0),1,,13,"void convert_kernel<__half2, float2>(tensor_layout_any, T1 *, tensor_layout_any, const T2 *)"
2329139031,24768,85018,,,,,,,,,,0.094,3782.882,Pinned,Device,NVIDIA A100-SXM4-40GB MIG 4g.20gb (0),1,,13,[CUDA memcpy Host-to-Device]
2329191159,46911,85019,,,,,,,,,,35.810,763324.255,Device,,NVIDIA A100-SXM4-40GB MIG 4g.20gb (0),1,,13,[CUDA memset]
2329242838,11040,85021,,,,,,,,,,0.000,7.246,Pinned,Device,NVIDIA A100-SXM4-40GB MIG 4g.20gb (0),1,,13,[CUDA memcpy Host-to-Device]
2329263222,34655,85022,,,,,,,,,,0.197,5673.124,Pinned,Device,NVIDIA A100-SXM4-40GB MIG 4g.20gb (0),1,,13,[CUDA memcpy Host-to-Device]
2329321813,9856,85023,273,1,1,48,1,1,40,0.000,0.001,,,,,NVIDIA A100-SXM4-40GB MIG 4g.20gb (0),1,,13,"void pusch_noise_intf_est::noiseIntfEstNoDftSOfdmKernel<float, __half, float, float, (unsigned int)2, (unsigned int)1, (unsigned char)4, (unsigned char)4>(pusch_noise_intf_est::puschRxNoiseIntfEstDynDescr)"
2329338581,2592,85034,35,1,1,128,1,1,16,0.000,0.000,,,,,NVIDIA A100-SXM4-40GB MIG 4g.20gb (0),1,,13,cupy_copy__complex64_complex64
2329355605,1695,85043,1,1,1,1,1,1,18,0.000,0.000,,,,,NVIDIA A100-SXM4-40GB MIG 4g.20gb (0),1,,13,cupy_copy__float32_float32
2329365012,6368,85049,,,,,,,,,,0.000,0.628,Device,Pageable,NVIDIA A100-SXM4-40GB MIG 4g.20gb (0),1,,7,[CUDA memcpy Device-to-Host]
2329463315,12576,85060,1434,1,1,128,1,1,16,0.000,0.000,,,,,NVIDIA A100-SXM4-40GB MIG 4g.20gb (0),1,,13,cupy_copy__complex64_complex64
2329485587,3456,85067,103,1,1,128,1,1,16,0.000,0.000,,,,,NVIDIA A100-SXM4-40GB MIG 4g.20gb (0),1,,13,cupy_copy__complex64_complex64
2329509011,2560,85074,35,1,1,128,1,1,16,0.000,0.000,,,,,NVIDIA A100-SXM4-40GB MIG 4g.20gb (0),1,,13,cupy_copy__complex64_complex64
2329528210,1760,85081,1,1,1,1,1,1,18,0.000,0.000,,,,,NVIDIA A100-SXM4-40GB MIG 4g.20gb (0),1,,13,cupy_copy__float32_float32
2329653617,85823,85092,1,1,1,32,32,1,30,0.000,0.000,,,,,NVIDIA A100-SXM4-40GB MIG 4g.20gb (0),1,,13,"void convert_kernel<__half2, float2>(tensor_layout_any, T1 *, tensor_layout_any, const T2 *)"
2329770031,13568,85095,,,,,,,,,,0.094,6905.583,Pinned,Device,NVIDIA A100-SXM4-40GB MIG 4g.20gb (0),1,,13,[CUDA memcpy Host-to-Device]
2329793103,3520,85096,,,,,,,,,,1.547,439380.412,Device,,NVIDIA A100-SXM4-40GB MIG 4g.20gb (0),1,,13,[CUDA memset]
2329799183,3264,85101,,,,,,,,,,0.031,9588.218,Pinned,Device,NVIDIA A100-SXM4-40GB MIG 4g.20gb (0),1,,13,[CUDA memcpy Host-to-Device]
2329805071,16480,85102,,,,,,,,,,0.197,11929.977,Pinned,Device,NVIDIA A100-SXM4-40GB MIG 4g.20gb (0),1,,13,[CUDA memcpy Host-to-Device]
2329833039,6176,85103,273,1,1,8,4,1,39,0.002,0.000,,,,,NVIDIA A100-SXM4-40GB MIG 4g.20gb (0),1,,13,"void channel_eq::eqMmseCoefCompLowMimoKernel<float, float, float, (unsigned int)4, (unsigned int)1, (unsigned int)4>(const channel_eq::_puschRxChEqStatDescr *, channel_eq::_puschRxChEqCoefCompDynDescr)"
2329841294,5536,85104,273,1,1,12,11,1,51,0.002,0.000,,,,,NVIDIA A100-SXM4-40GB MIG 4g.20gb (0),1,,13,"void channel_eq::eqMmseSoftDemapKernel<float, __half, __half, float, (unsigned int)4, (unsigned short)16383>(channel_eq::_puschRxChEqStatDescr *, channel_eq::_puschRxChEqSoftDemapDynDescr)"
2329849166,290269,85105,1,1,1,32,32,1,30,0.000,0.000,,,,,NVIDIA A100-SXM4-40GB MIG 4g.20gb (0),1,,13,"void convert_kernel<float2, __half2>(tensor_layout_any, T1 *, tensor_layout_any, const T2 *)"
2330141003,11136,85117,2253,1,1,128,1,1,16,0.000,0.000,,,,,NVIDIA A100-SXM4-40GB MIG 4g.20gb (0),1,,13,cupy_copy__float16_float16
2330156107,3136,85126,282,1,1,128,1,1,16,0.000,0.000,,,,,NVIDIA A100-SXM4-40GB MIG 4g.20gb (0),1,,13,cupy_copy__complex64_complex64
2330160395,2432,85135,26,1,1,128,1,1,16,0.000,0.000,,,,,NVIDIA A100-SXM4-40GB MIG 4g.20gb (0),1,,13,cupy_copy__float32_float32
2330163787,3103,85144,103,1,1,128,1,1,16,0.000,0.000,,,,,NVIDIA A100-SXM4-40GB MIG 4g.20gb (0),1,,13,cupy_copy__complex64_complex64
2330170058,11968,85154,1434,1,1,128,1,1,16,0.000,0.000,,,,,NVIDIA A100-SXM4-40GB MIG 4g.20gb (0),1,,13,cupy_copy__complex64_complex64
2330183626,81663,85159,1,1,1,32,32,1,30,0.000,0.000,,,,,NVIDIA A100-SXM4-40GB MIG 4g.20gb (0),1,,13,"void convert_kernel<__half2, float2>(tensor_layout_any, T1 *, tensor_layout_any, const T2 *)"
2330292809,5568,85162,,,,,,,,,,0.094,16827.521,Pinned,Device,NVIDIA A100-SXM4-40GB MIG 4g.20gb (0),1,,13,[CUDA memcpy Host-to-Device]
2330302025,597880,85163,,,,,,,,,,456.561,763370.728,Device,,NVIDIA A100-SXM4-40GB MIG 4g.20gb (0),1,,13,[CUDA memset]
2330907457,150334,85168,,,,,,,,,,1.235,8213.613,Pinned,Device,NVIDIA A100-SXM4-40GB MIG 4g.20gb (0),1,,13,[CUDA memcpy Host-to-Device]
2331066303,17376,85169,,,,,,,,,,0.197,11314.790,Pinned,Device,NVIDIA A100-SXM4-40GB MIG 4g.20gb (0),1,,13,[CUDA memcpy Host-to-Device]
2331098495,8192,85170,69,4,1,48,1,1,76,0.002,0.000,,,,,NVIDIA A100-SXM4-40GB MIG 4g.20gb (0),1,,13,"void ch_est::windowedChEstPreNoDftSOfdmKernel<float, __half, float, (unsigned int)2, (unsigned int)1, (unsigned short)4>(ch_est::puschRxChEstStatDescr_t *, ch_est::puschRxChEstDynDescr_t *)"
2331109023,7808,85171,137,2,1,24,2,1,44,0.001,0.001,,,,,NVIDIA A100-SXM4-40GB MIG 4g.20gb (0),1,,13,"void ch_est::chEstFilterNoDftSOfdmDispatchKernel<float, __half, float, (unsigned int)2>(ch_est::puschRxChEstStatDescr_t *, ch_est::puschRxChEstDynDescr_t *)"
2331123711,5248,85172,137,2,1,24,2,1,44,0.001,0.001,,,,,NVIDIA A100-SXM4-40GB MIG 4g.20gb (0),1,,13,"void ch_est::chEstFilterNoDftSOfdmDispatchKernel<float, __half, float, (unsigned int)2>(ch_est::puschRxChEstStatDescr_t *, ch_est::puschRxChEstDynDescr_t *)"
2331131903,2560,85183,103,1,1,128,1,1,16,0.000,0.000,,,,,NVIDIA A100-SXM4-40GB MIG 4g.20gb (0),1,,13,cupy_copy__complex64_complex64
2331139614,12704,85193,1434,1,1,128,1,1,16,0.000,0.000,,,,,NVIDIA A100-SXM4-40GB MIG 4g.20gb (0),1,,13,cupy_copy__complex64_complex64
2331155198,2560,85200,103,1,1,128,1,1,16,0.000,0.000,,,,,NVIDIA A100-SXM4-40GB MIG 4g.20gb (0),1,,13,cupy_copy__complex64_complex64
2331163934,88703,85207,1,1,1,32,32,1,30,0.000,0.000,,,,,NVIDIA A100-SXM4-40GB MIG 4g.20gb (0),1,,13,"void convert_kernel<__half2, float2>(tensor_layout_any, T1 *, tensor_layout_any, const T2 *)"
2331284125,10656,85210,,,,,,,,,,0.094,8792.714,Pinned,Device,NVIDIA A100-SXM4-40GB MIG 4g.20gb (0),1,,13,[CUDA memcpy Host-to-Device]
2331301212,45728,85211,,,,,,,,,,35.810,783091.331,Device,,NVIDIA A100-SXM4-40GB MIG 4g.20gb (0),1,,13,[CUDA memset]
2331354716,4480,85213,,,,,,,,,,0.000,17.857,Pinned,Device,NVIDIA A100-SXM4-40GB MIG 4g.20gb (0),1,,13,[CUDA memcpy Host-to-Device]
2331367964,21791,85214,,,,,,,,,,0.197,9022.341,Pinned,Device,NVIDIA A100-SXM4-40GB MIG 4g.20gb (0),1,,13,[CUDA memcpy Host-to-Device]
2331411611,9888,85215,273,1,1,48,1,1,40,0.000,0.001,,,,,NVIDIA A100-SXM4-40GB MIG 4g.20gb (0),1,,13,"void pusch_noise_intf_est::noiseIntfEstNoDftSOfdmKernel<float, __half, float, float, (unsigned int)2, (unsigned int)1, (unsigned char)4, (unsigned char)4>(pusch_noise_intf_est::puschRxNoiseIntfEstDynDescr)"
2331433115,2880,85226,35,1,1,128,1,1,16,0.000,0.000,,,,,NVIDIA A100-SXM4-40GB MIG 4g.20gb (0),1,,13,cupy_copy__complex64_complex64
2331442971,1696,85235,1,1,1,1,1,1,18,0.000,0.000,,,,,NVIDIA A100-SXM4-40GB MIG 4g.20gb (0),1,,13,cupy_copy__float32_float32
2331451195,3968,85241,,,,,,,,,,0.000,1.008,Device,Pageable,NVIDIA A100-SXM4-40GB MIG 4g.20gb (0),1,,7,[CUDA memcpy Device-to-Host]
2331521146,12960,85252,1434,1,1,128,1,1,16,0.000,0.000,,,,,NVIDIA A100-SXM4-40GB MIG 4g.20gb (0),1,,13,cupy_copy__complex64_complex64
2331554457,2944,85259,103,1,1,128,1,1,16,0.000,0.000,,,,,NVIDIA A100-SXM4-40GB MIG 4g.20gb (0),1,,13,cupy_copy__complex64_complex64
2331573721,2208,85266,35,1,1,128,1,1,16,0.000,0.000,,,,,NVIDIA A100-SXM4-40GB MIG 4g.20gb (0),1,,13,cupy_copy__complex64_complex64
2331591001,1760,85273,1,1,1,1,1,1,18,0.000,0.000,,,,,NVIDIA A100-SXM4-40GB MIG 4g.20gb (0),1,,13,cupy_copy__float32_float32
2331723415,82751,85284,1,1,1,32,32,1,30,0.000,0.000,,,,,NVIDIA A100-SXM4-40GB MIG 4g.20gb (0),1,,13,"void convert_kernel<__half2, float2>(tensor_layout_any, T1 *, tensor_layout_any, const T2 *)"
2331834582,5824,85287,,,,,,,,,,0.094,16087.884,Pinned,Device,NVIDIA A100-SXM4-40GB MIG 4g.20gb (0),1,,13,[CUDA memcpy Host-to-Device]
2331848662,3392,85288,,,,,,,,,,1.547,455961.768,Device,,NVIDIA A100-SXM4-40GB MIG 4g.20gb (0),1,,13,[CUDA memset]
2331855958,3680,85293,,,,,,,,,,0.031,8504.344,Pinned,Device,NVIDIA A100-SXM4-40GB MIG 4g.20gb (0),1,,13,[CUDA memcpy Host-to-Device]
2331862102,9599,85294,,,,,,,,,,0.197,20482.032,Pinned,Device,NVIDIA A100-SXM4-40GB MIG 4g.20gb (0),1,,13,[CUDA memcpy Host-to-Device]
2331877813,6144,85295,273,1,1,8,4,1,39,0.002,0.000,,,,,NVIDIA A100-SXM4-40GB MIG 4g.20gb (0),1,,13,"void channel_eq::eqMmseCoefCompLowMimoKernel<float, float, float, (unsigned int)4, (unsigned int)1, (unsigned int)4>(const channel_eq::_puschRxChEqStatDescr *, channel_eq::_puschRxChEqCoefCompDynDescr)"
2331885013,6336,85296,273,1,1,12,11,1,51,0.002,0.000,,,,,NVIDIA A100-SXM4-40GB MIG 4g.20gb (0),1,,13,"void channel_eq::eqMmseSoftDemapKernel<float, __half, __half, float, (unsigned int)4, (unsigned short)16383>(channel_eq::_puschRxChEqStatDescr *, channel_eq::_puschRxChEqSoftDemapDynDescr)"
2331894069,294716,85297,1,1,1,32,32,1,30,0.000,0.000,,,,,NVIDIA A100-SXM4-40GB MIG 4g.20gb (0),1,,13,"void convert_kernel<float2, __half2>(tensor_layout_any, T1 *, tensor_layout_any, const T2 *)"
2332189841,10976,85309,2253,1,1,128,1,1,16,0.000,0.000,,,,,NVIDIA A100-SXM4-40GB MIG 4g.20gb (0),1,,13,cupy_copy__float16_float16
2332204593,3424,85318,282,1,1,128,1,1,16,0.000,0.000,,,,,NVIDIA A100-SXM4-40GB MIG 4g.20gb (0),1,,13,cupy_copy__complex64_complex64
2332212369,2080,85327,26,1,1,128,1,1,16,0.000,0.000,,,,,NVIDIA A100-SXM4-40GB MIG 4g.20gb (0),1,,13,cupy_copy__float32_float32
2332216561,3456,85336,103,1,1,128,1,1,16,0.000,0.000,,,,,NVIDIA A100-SXM4-40GB MIG 4g.20gb (0),1,,13,cupy_copy__complex64_complex64
2332221009,12064,85346,1434,1,1,128,1,1,16,0.000,0.000,,,,,NVIDIA A100-SXM4-40GB MIG 4g.20gb (0),1,,13,cupy_copy__complex64_complex64
2332236881,81119,85351,1,1,1,32,32,1,30,0.000,0.000,,,,,NVIDIA A100-SXM4-40GB MIG 4g.20gb (0),1,,13,"void convert_kernel<__half2, float2>(tensor_layout_any, T1 *, tensor_layout_any, const T2 *)"
2332345072,5663,85354,,,,,,,,,,0.094,16545.214,Pinned,Device,NVIDIA A100-SXM4-40GB MIG 4g.20gb (0),1,,13,[CUDA memcpy Host-to-Device]
2332355439,600793,85355,,,,,,,,,,456.561,759718.236,Device,,NVIDIA A100-SXM4-40GB MIG 4g.20gb (0),1,,13,[CUDA memset]
2332961832,167646,85360,,,,,,,,,,1.235,7365.206,Pinned,Device,NVIDIA A100-SXM4-40GB MIG 4g.20gb (0),1,,13,[CUDA memcpy Host-to-Device]
2333144070,42495,85361,,,,,,,,,,0.197,4626.579,Pinned,Device,NVIDIA A100-SXM4-40GB MIG 4g.20gb (0),1,,13,[CUDA memcpy Host-to-Device]
2333213797,8256,85362,69,4,1,48,1,1,76,0.002,0.000,,,,,NVIDIA A100-SXM4-40GB MIG 4g.20gb (0),1,,13,"void ch_est::windowedChEstPreNoDftSOfdmKernel<float, __half, float, (unsigned int)2, (unsigned int)1, (unsigned short)4>(ch_est::puschRxChEstStatDescr_t *, ch_est::puschRxChEstDynDescr_t *)"
2333232197,7231,85363,137,2,1,24,2,1,44,0.001,0.001,,,,,NVIDIA A100-SXM4-40GB MIG 4g.20gb (0),1,,13,"void ch_est::chEstFilterNoDftSOfdmDispatchKernel<float, __half, float, (unsigned int)2>(ch_est::puschRxChEstStatDescr_t *, ch_est::puschRxChEstDynDescr_t *)"
2333244868,4832,85364,137,2,1,24,2,1,44,0.001,0.001,,,,,NVIDIA A100-SXM4-40GB MIG 4g.20gb (0),1,,13,"void ch_est::chEstFilterNoDftSOfdmDispatchKernel<float, __half, float, (unsigned int)2>(ch_est::puschRxChEstStatDescr_t *, ch_est::puschRxChEstDynDescr_t *)"
2333257220,2560,85375,103,1,1,128,1,1,16,0.000,0.000,,,,,NVIDIA A100-SXM4-40GB MIG 4g.20gb (0),1,,13,cupy_copy__complex64_complex64
2333267844,12768,85385,1434,1,1,128,1,1,16,0.000,0.000,,,,,NVIDIA A100-SXM4-40GB MIG 4g.20gb (0),1,,13,cupy_copy__complex64_complex64
2333286660,2720,85392,103,1,1,128,1,1,16,0.000,0.000,,,,,NVIDIA A100-SXM4-40GB MIG 4g.20gb (0),1,,13,cupy_copy__complex64_complex64
2333298116,82335,85399,1,1,1,32,32,1,30,0.000,0.000,,,,,NVIDIA A100-SXM4-40GB MIG 4g.20gb (0),1,,13,"void convert_kernel<__half2, float2>(tensor_layout_any, T1 *, tensor_layout_any, const T2 *)"
2333410114,6912,85402,,,,,,,,,,0.094,13555.469,Pinned,Device,NVIDIA A100-SXM4-40GB MIG 4g.20gb (0),1,,13,[CUDA memcpy Host-to-Device]
2333429730,47328,85403,,,,,,,,,,35.810,756627.800,Device,,NVIDIA A100-SXM4-40GB MIG 4g.20gb (0),1,,13,[CUDA memset]
2333478338,7807,85405,,,,,,,,,,0.000,10.247,Pinned,Device,NVIDIA A100-SXM4-40GB MIG 4g.20gb (0),1,,13,[CUDA memcpy Host-to-Device]
2333490785,17728,85406,,,,,,,,,,0.197,11090.067,Pinned,Device,NVIDIA A100-SXM4-40GB MIG 4g.20gb (0),1,,13,[CUDA memcpy Host-to-Device]
2333525345,9568,85407,273,1,1,48,1,1,40,0.000,0.001,,,,,NVIDIA A100-SXM4-40GB MIG 4g.20gb (0),1,,13,"void pusch_noise_intf_est::noiseIntfEstNoDftSOfdmKernel<float, __half, float, float, (unsigned int)2, (unsigned int)1, (unsigned char)4, (unsigned char)4>(pusch_noise_intf_est::puschRxNoiseIntfEstDynDescr)"
2333541985,2784,85418,35,1,1,128,1,1,16,0.000,0.000,,,,,NVIDIA A100-SXM4-40GB MIG 4g.20gb (0),1,,13,cupy_copy__complex64_complex64
2333551713,1856,85427,1,1,1,1,1,1,18,0.000,0.000,,,,,NVIDIA A100-SXM4-40GB MIG 4g.20gb (0),1,,13,cupy_copy__float32_float32
2333565376,3424,85433,,,,,,,,,,0.000,1.168,Device,Pageable,NVIDIA A100-SXM4-40GB MIG 4g.20gb (0),1,,7,[CUDA memcpy Device-to-Host]
2333648383,12992,85444,1434,1,1,128,1,1,16,0.000,0.000,,,,,NVIDIA A100-SXM4-40GB MIG 4g.20gb (0),1,,13,cupy_copy__complex64_complex64
2333683967,3424,85451,103,1,1,128,1,1,16,0.000,0.000,,,,,NVIDIA A100-SXM4-40GB MIG 4g.20gb (0),1,,13,cupy_copy__complex64_complex64
2333696127,2272,85458,35,1,1,128,1,1,16,0.000,0.000,,,,,NVIDIA A100-SXM4-40GB MIG 4g.20gb (0),1,,13,cupy_copy__complex64_complex64
2333716991,1984,85465,1,1,1,1,1,1,18,0.000,0.000,,,,,NVIDIA A100-SXM4-40GB MIG 4g.20gb (0),1,,13,cupy_copy__float32_float32
2333846653,87007,85476,1,1,1,32,32,1,30,0.000,0.000,,,,,NVIDIA A100-SXM4-40GB MIG 4g.20gb (0),1,,13,"void convert_kernel<__half2, float2>(tensor_layout_any, T1 *, tensor_layout_any, const T2 *)"
2333960636,5760,85479,,,,,,,,,,0.094,16266.656,Pinned,Device,NVIDIA A100-SXM4-40GB MIG 4g.20gb (0),1,,13,[CUDA memcpy Host-to-Device]
2333975131,3456,85480,,,,,,,,,,1.547,447517.201,Device,,NVIDIA A100-SXM4-40GB MIG 4g.20gb (0),1,,13,[CUDA memset]
2333982203,3296,85485,,,,,,,,,,0.031,9495.144,Pinned,Device,NVIDIA A100-SXM4-40GB MIG 4g.20gb (0),1,,13,[CUDA memcpy Host-to-Device]
2333988059,9664,85486,,,,,,,,,,0.197,20344.209,Pinned,Device,NVIDIA A100-SXM4-40GB MIG 4g.20gb (0),1,,13,[CUDA memcpy Host-to-Device]
2334001563,6592,85487,273,1,1,8,4,1,39,0.002,0.000,,,,,NVIDIA A100-SXM4-40GB MIG 4g.20gb (0),1,,13,"void channel_eq::eqMmseCoefCompLowMimoKernel<float, float, float, (unsigned int)4, (unsigned int)1, (unsigned int)4>(const channel_eq::_puschRxChEqStatDescr *, channel_eq::_puschRxChEqCoefCompDynDescr)"
2334009787,6112,85488,273,1,1,12,11,1,51,0.002,0.000,,,,,NVIDIA A100-SXM4-40GB MIG 4g.20gb (0),1,,13,"void channel_eq::eqMmseSoftDemapKernel<float, __half, __half, float, (unsigned int)4, (unsigned short)16383>(channel_eq::_puschRxChEqStatDescr *, channel_eq::_puschRxChEqSoftDemapDynDescr)"
2334017147,283260,85489,1,1,1,32,32,1,30,0.000,0.000,,,,,NVIDIA A100-SXM4-40GB MIG 4g.20gb (0),1,,13,"void convert_kernel<float2, __half2>(tensor_layout_any, T1 *, tensor_layout_any, const T2 *)"
2334302903,11008,85501,2253,1,1,128,1,1,16,0.000,0.000,,,,,NVIDIA A100-SXM4-40GB MIG 4g.20gb (0),1,,13,cupy_copy__float16_float16
2334315895,3296,85510,282,1,1,128,1,1,16,0.000,0.000,,,,,NVIDIA A100-SXM4-40GB MIG 4g.20gb (0),1,,13,cupy_copy__complex64_complex64
2334320151,2048,85519,26,1,1,128,1,1,16,0.000,0.000,,,,,NVIDIA A100-SXM4-40GB MIG 4g.20gb (0),1,,13,cupy_copy__float32_float32
2334325143,3072,85528,103,1,1,128,1,1,16,0.000,0.000,,,,,NVIDIA A100-SXM4-40GB MIG 4g.20gb (0),1,,13,cupy_copy__complex64_complex64
2334331063,11904,85538,1434,1,1,128,1,1,16,0.000,0.000,,,,,NVIDIA A100-SXM4-40GB MIG 4g.20gb (0),1,,13,cupy_copy__complex64_complex64
2334350039,87135,85543,1,1,1,32,32,1,30,0.000,0.000,,,,,NVIDIA A100-SXM4-40GB MIG 4g.20gb (0),1,,13,"void convert_kernel<__half2, float2>(tensor_layout_any, T1 *, tensor_layout_any, const T2 *)"
2334464213,5440,85546,,,,,,,,,,0.094,17223.480,Pinned,Device,NVIDIA A100-SXM4-40GB MIG 4g.20gb (0),1,,13,[CUDA memcpy Host-to-Device]
2334474133,598169,85547,,,,,,,,,,456.561,762914.166,Device,,NVIDIA A100-SXM4-40GB MIG 4g.20gb (0),1,,13,[CUDA memset]
2335076302,143966,85552,,,,,,,,,,1.235,8577.921,Pinned,Device,NVIDIA A100-SXM4-40GB MIG 4g.20gb (0),1,,13,[CUDA memcpy Host-to-Device]
2335230156,25600,85553,,,,,,,,,,0.197,7679.902,Pinned,Device,NVIDIA A100-SXM4-40GB MIG 4g.20gb (0),1,,13,[CUDA memcpy Host-to-Device]
2335276363,8096,85554,69,4,1,48,1,1,76,0.002,0.000,,,,,NVIDIA A100-SXM4-40GB MIG 4g.20gb (0),1,,13,"void ch_est::windowedChEstPreNoDftSOfdmKernel<float, __half, float, (unsigned int)2, (unsigned int)1, (unsigned short)4>(ch_est::puschRxChEstStatDescr_t *, ch_est::puschRxChEstDynDescr_t *)"
2335292651,6496,85555,137,2,1,24,2,1,44,0.001,0.001,,,,,NVIDIA A100-SXM4-40GB MIG 4g.20gb (0),1,,13,"void ch_est::chEstFilterNoDftSOfdmDispatchKernel<float, __half, float, (unsigned int)2>(ch_est::puschRxChEstStatDescr_t *, ch_est::puschRxChEstDynDescr_t *)"
2335305579,4736,85556,137,2,1,24,2,1,44,0.001,0.001,,,,,NVIDIA A100-SXM4-40GB MIG 4g.20gb (0),1,,13,"void ch_est::chEstFilterNoDftSOfdmDispatchKernel<float, __half, float, (unsigned int)2>(ch_est::puschRxChEstStatDescr_t *, ch_est::puschRxChEstDynDescr_t *)"
2335318027,2624,85567,103,1,1,128,1,1,16,0.000,0.000,,,,,NVIDIA A100-SXM4-40GB MIG 4g.20gb (0),1,,13,cupy_copy__complex64_complex64
2335329739,12575,85577,1434,1,1,128,1,1,16,0.000,0.000,,,,,NVIDIA A100-SXM4-40GB MIG 4g.20gb (0),1,,13,cupy_copy__complex64_complex64
2335354410,2656,85584,103,1,1,128,1,1,16,0.000,0.000,,,,,NVIDIA A100-SXM4-40GB MIG 4g.20gb (0),1,,13,cupy_copy__complex64_complex64
2335368874,81919,85591,1,1,1,32,32,1,30,0.000,0.000,,,,,NVIDIA A100-SXM4-40GB MIG 4g.20gb (0),1,,13,"void convert_kernel<__half2, float2>(tensor_layout_any, T1 *, tensor_layout_any, const T2 *)"
2335487113,11136,85594,,,,,,,,,,0.094,8413.713,Pinned,Device,NVIDIA A100-SXM4-40GB MIG 4g.20gb (0),1,,13,[CUDA memcpy Host-to-Device]
2335505832,47712,85595,,,,,,,,,,35.810,750540.113,Device,,NVIDIA A100-SXM4-40GB MIG 4g.20gb (0),1,,13,[CUDA memset]
2335556008,6432,85597,,,,,,,,,,0.000,12.438,Pinned,Device,NVIDIA A100-SXM4-40GB MIG 4g.20gb (0),1,,13,[CUDA memcpy Host-to-Device]
2335568520,14368,85598,,,,,,,,,,0.197,13683.720,Pinned,Device,NVIDIA A100-SXM4-40GB MIG 4g.20gb (0),1,,13,[CUDA memcpy Host-to-Device]
2335591719,13280,85599,273,1,1,48,1,1,40,0.000,0.001,,,,,NVIDIA A100-SXM4-40GB MIG 4g.20gb (0),1,,13,"void pusch_noise_intf_est::noiseIntfEstNoDftSOfdmKernel<float, __half, float, float, (unsigned int)2, (unsigned int)1, (unsigned char)4, (unsigned char)4>(pusch_noise_intf_est::puschRxNoiseIntfEstDynDescr)"
2335609159,2720,85610,35,1,1,128,1,1,16,0.000,0.000,,,,,NVIDIA A100-SXM4-40GB MIG 4g.20gb (0),1,,13,cupy_copy__complex64_complex64
2335615399,1888,85619,1,1,1,1,1,1,18,0.000,0.000,,,,,NVIDIA A100-SXM4-40GB MIG 4g.20gb (0),1,,13,cupy_copy__float32_float32
2335646407,2432,85625,,,,,,,,,,0.000,1.645,Device,Pageable,NVIDIA A100-SXM4-40GB MIG 4g.20gb (0),1,,7,[CUDA memcpy Device-to-Host]
2335710342,13024,85636,1434,1,1,128,1,1,16,0.000,0.000,,,,,NVIDIA A100-SXM4-40GB MIG 4g.20gb (0),1,,13,cupy_copy__complex64_complex64
2335738470,2848,85643,103,1,1,128,1,1,16,0.000,0.000,,,,,NVIDIA A100-SXM4-40GB MIG 4g.20gb (0),1,,13,cupy_copy__complex64_complex64
2335759653,2688,85650,35,1,1,128,1,1,16,0.000,0.000,,,,,NVIDIA A100-SXM4-40GB MIG 4g.20gb (0),1,,13,cupy_copy__complex64_complex64
2335776165,1984,85657,1,1,1,1,1,1,18,0.000,0.000,,,,,NVIDIA A100-SXM4-40GB MIG 4g.20gb (0),1,,13,cupy_copy__float32_float32
2335910627,88191,85668,1,1,1,32,32,1,30,0.000,0.000,,,,,NVIDIA A100-SXM4-40GB MIG 4g.20gb (0),1,,13,"void convert_kernel<__half2, float2>(tensor_layout_any, T1 *, tensor_layout_any, const T2 *)"
2336027426,6048,85671,,,,,,,,,,0.094,15491.978,Pinned,Device,NVIDIA A100-SXM4-40GB MIG 4g.20gb (0),1,,13,[CUDA memcpy Host-to-Device]
2336041858,3264,85672,,,,,,,,,,1.547,473842.288,Device,,NVIDIA A100-SXM4-40GB MIG 4g.20gb (0),1,,13,[CUDA memset]
2336049058,3232,85677,,,,,,,,,,0.031,9683.139,Pinned,Device,NVIDIA A100-SXM4-40GB MIG 4g.20gb (0),1,,13,[CUDA memcpy Host-to-Device]
2336055042,9440,85678,,,,,,,,,,0.197,20827.079,Pinned,Device,NVIDIA A100-SXM4-40GB MIG 4g.20gb (0),1,,13,[CUDA memcpy Host-to-Device]
2336067970,6463,85679,273,1,1,8,4,1,39,0.002,0.000,,,,,NVIDIA A100-SXM4-40GB MIG 4g.20gb (0),1,,13,"void channel_eq::eqMmseCoefCompLowMimoKernel<float, float, float, (unsigned int)4, (unsigned int)1, (unsigned int)4>(const channel_eq::_puschRxChEqStatDescr *, channel_eq::_puschRxChEqCoefCompDynDescr)"
2336077057,5824,85680,273,1,1,12,11,1,51,0.002,0.000,,,,,NVIDIA A100-SXM4-40GB MIG 4g.20gb (0),1,,13,"void channel_eq::eqMmseSoftDemapKernel<float, __half, __half, float, (unsigned int)4, (unsigned short)16383>(channel_eq::_puschRxChEqStatDescr *, channel_eq::_puschRxChEqSoftDemapDynDescr)"
2336084129,294845,85681,1,1,1,32,32,1,30,0.000,0.000,,,,,NVIDIA A100-SXM4-40GB MIG 4g.20gb (0),1,,13,"void convert_kernel<float2, __half2>(tensor_layout_any, T1 *, tensor_layout_any, const T2 *)"
2336380190,10912,85693,2253,1,1,128,1,1,16,0.000,0.000,,,,,NVIDIA A100-SXM4-40GB MIG 4g.20gb (0),1,,13,cupy_copy__float16_float16
2336395293,2880,85702,282,1,1,128,1,1,16,0.000,0.000,,,,,NVIDIA A100-SXM4-40GB MIG 4g.20gb (0),1,,13,cupy_copy__complex64_complex64
2336401597,2048,85711,26,1,1,128,1,1,16,0.000,0.000,,,,,NVIDIA A100-SXM4-40GB MIG 4g.20gb (0),1,,13,cupy_copy__float32_float32
2336407325,3040,85720,103,1,1,128,1,1,16,0.000,0.000,,,,,NVIDIA A100-SXM4-40GB MIG 4g.20gb (0),1,,13,cupy_copy__complex64_complex64
2336412925,12160,85730,1434,1,1,128,1,1,16,0.000,0.000,,,,,NVIDIA A100-SXM4-40GB MIG 4g.20gb (0),1,,13,cupy_copy__complex64_complex64
2336428637,81919,85735,1,1,1,32,32,1,30,0.000,0.000,,,,,NVIDIA A100-SXM4-40GB MIG 4g.20gb (0),1,,13,"void convert_kernel<__half2, float2>(tensor_layout_any, T1 *, tensor_layout_any, const T2 *)"
2336537500,5568,85738,,,,,,,,,,0.094,16827.521,Pinned,Device,NVIDIA A100-SXM4-40GB MIG 4g.20gb (0),1,,13,[CUDA memcpy Host-to-Device]
2336547356,597528,85739,,,,,,,,,,456.561,763827.289,Device,,NVIDIA A100-SXM4-40GB MIG 4g.20gb (0),1,,13,[CUDA memset]
2337156116,178270,85744,,,,,,,,,,1.235,6926.801,Pinned,Device,NVIDIA A100-SXM4-40GB MIG 4g.20gb (0),1,,13,[CUDA memcpy Host-to-Device]
2337345106,39935,85745,,,,,,,,,,0.197,4923.064,Pinned,Device,NVIDIA A100-SXM4-40GB MIG 4g.20gb (0),1,,13,[CUDA memcpy Host-to-Device]
2337406737,8064,85746,69,4,1,48,1,1,76,0.002,0.000,,,,,NVIDIA A100-SXM4-40GB MIG 4g.20gb (0),1,,13,"void ch_est::windowedChEstPreNoDftSOfdmKernel<float, __half, float, (unsigned int)2, (unsigned int)1, (unsigned short)4>(ch_est::puschRxChEstStatDescr_t *, ch_est::puschRxChEstDynDescr_t *)"
2337425745,6848,85747,137,2,1,24,2,1,44,0.001,0.001,,,,,NVIDIA A100-SXM4-40GB MIG 4g.20gb (0),1,,13,"void ch_est::chEstFilterNoDftSOfdmDispatchKernel<float, __half, float, (unsigned int)2>(ch_est::puschRxChEstStatDescr_t *, ch_est::puschRxChEstDynDescr_t *)"
2337443537,4799,85748,137,2,1,24,2,1,44,0.001,0.001,,,,,NVIDIA A100-SXM4-40GB MIG 4g.20gb (0),1,,13,"void ch_est::chEstFilterNoDftSOfdmDispatchKernel<float, __half, float, (unsigned int)2>(ch_est::puschRxChEstStatDescr_t *, ch_est::puschRxChEstDynDescr_t *)"
2337460976,2592,85759,103,1,1,128,1,1,16,0.000,0.000,,,,,NVIDIA A100-SXM4-40GB MIG 4g.20gb (0),1,,13,cupy_copy__complex64_complex64
2337477328,12352,85769,1434,1,1,128,1,1,16,0.000,0.000,,,,,NVIDIA A100-SXM4-40GB MIG 4g.20gb (0),1,,13,cupy_copy__complex64_complex64
2337496720,2560,85776,103,1,1,128,1,1,16,0.000,0.000,,,,,NVIDIA A100-SXM4-40GB MIG 4g.20gb (0),1,,13,cupy_copy__complex64_complex64
2337518832,95998,85783,1,1,1,32,32,1,30,0.000,0.000,,,,,NVIDIA A100-SXM4-40GB MIG 4g.20gb (0),1,,13,"void convert_kernel<__half2, float2>(tensor_layout_any, T1 *, tensor_layout_any, const T2 *)"
2337647790,20320,85786,,,,,,,,,,0.094,4610.968,Pinned,Device,NVIDIA A100-SXM4-40GB MIG 4g.20gb (0),1,,13,[CUDA memcpy Host-to-Device]
2337681774,46911,85787,,,,,,,,,,35.810,763324.255,Device,,NVIDIA A100-SXM4-40GB MIG 4g.20gb (0),1,,13,[CUDA memset]
2337732237,7968,85789,,,,,,,,,,0.000,10.040,Pinned,Device,NVIDIA A100-SXM4-40GB MIG 4g.20gb (0),1,,13,[CUDA memcpy Host-to-Device]
2337749261,19967,85790,,,,,,,,,,0.197,9846.522,Pinned,Device,NVIDIA A100-SXM4-40GB MIG 4g.20gb (0),1,,13,[CUDA memcpy Host-to-Device]
2337789356,10880,85791,273,1,1,48,1,1,40,0.000,0.001,,,,,NVIDIA A100-SXM4-40GB MIG 4g.20gb (0),1,,13,"void pusch_noise_intf_est::noiseIntfEstNoDftSOfdmKernel<float, __half, float, float, (unsigned int)2, (unsigned int)1, (unsigned char)4, (unsigned char)4>(pusch_noise_intf_est::puschRxNoiseIntfEstDynDescr)"
2337809836,3008,85802,35,1,1,128,1,1,16,0.000,0.000,,,,,NVIDIA A100-SXM4-40GB MIG 4g.20gb (0),1,,13,cupy_copy__complex64_complex64
2337821548,1760,85811,1,1,1,1,1,1,18,0.000,0.000,,,,,NVIDIA A100-SXM4-40GB MIG 4g.20gb (0),1,,13,cupy_copy__float32_float32
2337826220,6528,85817,,,,,,,,,,0.000,0.613,Device,Pageable,NVIDIA A100-SXM4-40GB MIG 4g.20gb (0),1,,7,[CUDA memcpy Device-to-Host]
2337902795,13440,85828,1434,1,1,128,1,1,16,0.000,0.000,,,,,NVIDIA A100-SXM4-40GB MIG 4g.20gb (0),1,,13,cupy_copy__complex64_complex64
2337927915,2879,85835,103,1,1,128,1,1,16,0.000,0.000,,,,,NVIDIA A100-SXM4-40GB MIG 4g.20gb (0),1,,13,cupy_copy__complex64_complex64
2337946378,2432,85842,35,1,1,128,1,1,16,0.000,0.000,,,,,NVIDIA A100-SXM4-40GB MIG 4g.20gb (0),1,,13,cupy_copy__complex64_complex64
2337964426,2016,85849,1,1,1,1,1,1,18,0.000,0.000,,,,,NVIDIA A100-SXM4-40GB MIG 4g.20gb (0),1,,13,cupy_copy__float32_float32
2338095272,81855,85860,1,1,1,32,32,1,30,0.000,0.000,,,,,NVIDIA A100-SXM4-40GB MIG 4g.20gb (0),1,,13,"void convert_kernel<__half2, float2>(tensor_layout_any, T1 *, tensor_layout_any, const T2 *)"
2338205095,5696,85863,,,,,,,,,,0.094,16449.363,Pinned,Device,NVIDIA A100-SXM4-40GB MIG 4g.20gb (0),1,,13,[CUDA memcpy Host-to-Device]
2338219431,3296,85864,,,,,,,,,,1.547,469242.628,Device,,NVIDIA A100-SXM4-40GB MIG 4g.20gb (0),1,,13,[CUDA memset]
2338226631,3488,85869,,,,,,,,,,0.031,8972.469,Pinned,Device,NVIDIA A100-SXM4-40GB MIG 4g.20gb (0),1,,13,[CUDA memcpy Host-to-Device]
2338232999,9440,85870,,,,,,,,,,0.197,20827.079,Pinned,Device,NVIDIA A100-SXM4-40GB MIG 4g.20gb (0),1,,13,[CUDA memcpy Host-to-Device]
2338247847,6175,85871,273,1,1,8,4,1,39,0.002,0.000,,,,,NVIDIA A100-SXM4-40GB MIG 4g.20gb (0),1,,13,"void channel_eq::eqMmseCoefCompLowMimoKernel<float, float, float, (unsigned int)4, (unsigned int)1, (unsigned int)4>(const channel_eq::_puschRxChEqStatDescr *, channel_eq::_puschRxChEqCoefCompDynDescr)"
2338255174,6368,85872,273,1,1,12,11,1,51,0.002,0.000,,,,,NVIDIA A100-SXM4-40GB MIG 4g.20gb (0),1,,13,"void channel_eq::eqMmseSoftDemapKernel<float, __half, __half, float, (unsigned int)4, (unsigned short)16383>(channel_eq::_puschRxChEqStatDescr *, channel_eq::_puschRxChEqSoftDemapDynDescr)"
2338262598,282397,85873,1,1,1,32,32,1,30,0.000,0.000,,,,,NVIDIA A100-SXM4-40GB MIG 4g.20gb (0),1,,13,"void convert_kernel<float2, __half2>(tensor_layout_any, T1 *, tensor_layout_any, const T2 *)"
2338547267,10816,85885,2253,1,1,128,1,1,16,0.000,0.000,,,,,NVIDIA A100-SXM4-40GB MIG 4g.20gb (0),1,,13,cupy_copy__float16_float16
2338561251,3872,85894,282,1,1,128,1,1,16,0.000,0.000,,,,,NVIDIA A100-SXM4-40GB MIG 4g.20gb (0),1,,13,cupy_copy__complex64_complex64
2338569155,2112,85903,26,1,1,128,1,1,16,0.000,0.000,,,,,NVIDIA A100-SXM4-40GB MIG 4g.20gb (0),1,,13,cupy_copy__float32_float32
2338572579,5407,85912,103,1,1,128,1,1,16,0.000,0.000,,,,,NVIDIA A100-SXM4-40GB MIG 4g.20gb (0),1,,13,cupy_copy__complex64_complex64
2338580098,12320,85922,1434,1,1,128,1,1,16,0.000,0.000,,,,,NVIDIA A100-SXM4-40GB MIG 4g.20gb (0),1,,13,cupy_copy__complex64_complex64
2338597890,86783,85927,1,1,1,32,32,1,30,0.000,0.000,,,,,NVIDIA A100-SXM4-40GB MIG 4g.20gb (0),1,,13,"void convert_kernel<__half2, float2>(tensor_layout_any, T1 *, tensor_layout_any, const T2 *)"
2338711073,5376,85930,,,,,,,,,,0.094,17428.487,Pinned,Device,NVIDIA A100-SXM4-40GB MIG 4g.20gb (0),1,,13,[CUDA memcpy Host-to-Device]
2338720801,598616,85931,,,,,,,,,,456.561,762457.605,Device,,NVIDIA A100-SXM4-40GB MIG 4g.20gb (0),1,,13,[CUDA memset]
2339324633,171742,85936,,,,,,,,,,1.235,7189.844,Pinned,Device,NVIDIA A100-SXM4-40GB MIG 4g.20gb (0),1,,13,[CUDA memcpy Host-to-Device]
2339509111,41247,85937,,,,,,,,,,0.197,4766.564,Pinned,Device,NVIDIA A100-SXM4-40GB MIG 4g.20gb (0),1,,13,[CUDA memcpy Host-to-Device]
2339571670,7904,85938,69,4,1,48,1,1,76,0.002,0.000,,,,,NVIDIA A100-SXM4-40GB MIG 4g.20gb (0),1,,13,"void ch_est::windowedChEstPreNoDftSOfdmKernel<float, __half, float, (unsigned int)2, (unsigned int)1, (unsigned short)4>(ch_est::puschRxChEstStatDescr_t *, ch_est::puschRxChEstDynDescr_t *)"
2339589174,6656,85939,137,2,1,24,2,1,44,0.001,0.001,,,,,NVIDIA A100-SXM4-40GB MIG 4g.20gb (0),1,,13,"void ch_est::chEstFilterNoDftSOfdmDispatchKernel<float, __half, float, (unsigned int)2>(ch_est::puschRxChEstStatDescr_t *, ch_est::puschRxChEstDynDescr_t *)"
2339606550,4736,85940,137,2,1,24,2,1,44,0.001,0.001,,,,,NVIDIA A100-SXM4-40GB MIG 4g.20gb (0),1,,13,"void ch_est::chEstFilterNoDftSOfdmDispatchKernel<float, __half, float, (unsigned int)2>(ch_est::puschRxChEstStatDescr_t *, ch_est::puschRxChEstDynDescr_t *)"
2339624118,2752,85951,103,1,1,128,1,1,16,0.000,0.000,,,,,NVIDIA A100-SXM4-40GB MIG 4g.20gb (0),1,,13,cupy_copy__complex64_complex64
2339641109,12320,85961,1434,1,1,128,1,1,16,0.000,0.000,,,,,NVIDIA A100-SXM4-40GB MIG 4g.20gb (0),1,,13,cupy_copy__complex64_complex64
2339659477,2880,85968,103,1,1,128,1,1,16,0.000,0.000,,,,,NVIDIA A100-SXM4-40GB MIG 4g.20gb (0),1,,13,cupy_copy__complex64_complex64
2339682709,86303,85975,1,1,1,32,32,1,30,0.000,0.000,,,,,NVIDIA A100-SXM4-40GB MIG 4g.20gb (0),1,,13,"void convert_kernel<__half2, float2>(tensor_layout_any, T1 *, tensor_layout_any, const T2 *)"
2339804019,25888,85978,,,,,,,,,,0.094,3619.195,Pinned,Device,NVIDIA A100-SXM4-40GB MIG 4g.20gb (0),1,,13,[CUDA memcpy Host-to-Device]
2339853299,47231,85979,,,,,,,,,,35.810,758167.626,Device,,NVIDIA A100-SXM4-40GB MIG 4g.20gb (0),1,,13,[CUDA memset]
2339904434,14880,85981,,,,,,,,,,0.000,5.376,Pinned,Device,NVIDIA A100-SXM4-40GB MIG 4g.20gb (0),1,,13,[CUDA memcpy Host-to-Device]
2339929970,26719,85982,,,,,,,,,,0.197,7358.251,Pinned,Device,NVIDIA A100-SXM4-40GB MIG 4g.20gb (0),1,,13,[CUDA memcpy Host-to-Device]
2339991025,9536,85983,273,1,1,48,1,1,40,0.000,0.001,,,,,NVIDIA A100-SXM4-40GB MIG 4g.20gb (0),1,,13,"void pusch_noise_intf_est::noiseIntfEstNoDftSOfdmKernel<float, __half, float, float, (unsigned int)2, (unsigned int)1, (unsigned char)4, (unsigned char)4>(pusch_noise_intf_est::puschRxNoiseIntfEstDynDescr)"
2340007697,2784,85994,35,1,1,128,1,1,16,0.000,0.000,,,,,NVIDIA A100-SXM4-40GB MIG 4g.20gb (0),1,,13,cupy_copy__complex64_complex64
2340024273,1728,86003,1,1,1,1,1,1,18,0.000,0.000,,,,,NVIDIA A100-SXM4-40GB MIG 4g.20gb (0),1,,13,cupy_copy__float32_float32
2340030161,6463,86009,,,,,,,,,,0.000,0.619,Device,Pageable,NVIDIA A100-SXM4-40GB MIG 4g.20gb (0),1,,7,[CUDA memcpy Device-to-Host]
2340132431,12576,86020,1434,1,1,128,1,1,16,0.000,0.000,,,,,NVIDIA A100-SXM4-40GB MIG 4g.20gb (0),1,,13,cupy_copy__complex64_complex64
2340154607,3392,86027,103,1,1,128,1,1,16,0.000,0.000,,,,,NVIDIA A100-SXM4-40GB MIG 4g.20gb (0),1,,13,cupy_copy__complex64_complex64
2340190831,2560,86034,35,1,1,128,1,1,16,0.000,0.000,,,,,NVIDIA A100-SXM4-40GB MIG 4g.20gb (0),1,,13,cupy_copy__complex64_complex64
2340209806,1728,86041,1,1,1,1,1,1,18,0.000,0.000,,,,,NVIDIA A100-SXM4-40GB MIG 4g.20gb (0),1,,13,cupy_copy__float32_float32
2340318733,88543,86052,1,1,1,32,32,1,30,0.000,0.000,,,,,NVIDIA A100-SXM4-40GB MIG 4g.20gb (0),1,,13,"void convert_kernel<__half2, float2>(tensor_layout_any, T1 *, tensor_layout_any, const T2 *)"
2340435660,5919,86055,,,,,,,,,,0.094,15829.658,Pinned,Device,NVIDIA A100-SXM4-40GB MIG 4g.20gb (0),1,,13,[CUDA memcpy Host-to-Device]
2340452587,3456,86056,,,,,,,,,,1.547,447517.201,Device,,NVIDIA A100-SXM4-40GB MIG 4g.20gb (0),1,,13,[CUDA memset]
2340456875,3232,86061,,,,,,,,,,0.031,9683.139,Pinned,Device,NVIDIA A100-SXM4-40GB MIG 4g.20gb (0),1,,13,[CUDA memcpy Host-to-Device]
2340463019,9472,86062,,,,,,,,,,0.197,20756.693,Pinned,Device,NVIDIA A100-SXM4-40GB MIG 4g.20gb (0),1,,13,[CUDA memcpy Host-to-Device]
2340476459,6208,86063,273,1,1,8,4,1,39,0.002,0.000,,,,,NVIDIA A100-SXM4-40GB MIG 4g.20gb (0),1,,13,"void channel_eq::eqMmseCoefCompLowMimoKernel<float, float, float, (unsigned int)4, (unsigned int)1, (unsigned int)4>(const channel_eq::_puschRxChEqStatDescr *, channel_eq::_puschRxChEqCoefCompDynDescr)"
2340484331,5952,86064,273,1,1,12,11,1,51,0.002,0.000,,,,,NVIDIA A100-SXM4-40GB MIG 4g.20gb (0),1,,13,"void channel_eq::eqMmseSoftDemapKernel<float, __half, __half, float, (unsigned int)4, (unsigned short)16383>(channel_eq::_puschRxChEqStatDescr *, channel_eq::_puschRxChEqSoftDemapDynDescr)"
2340491851,294492,86065,1,1,1,32,32,1,30,0.000,0.000,,,,,NVIDIA A100-SXM4-40GB MIG 4g.20gb (0),1,,13,"void convert_kernel<float2, __half2>(tensor_layout_any, T1 *, tensor_layout_any, const T2 *)"
2340787495,10912,86077,2253,1,1,128,1,1,16,0.000,0.000,,,,,NVIDIA A100-SXM4-40GB MIG 4g.20gb (0),1,,13,cupy_copy__float16_float16
2340803559,3136,86086,282,1,1,128,1,1,16,0.000,0.000,,,,,NVIDIA A100-SXM4-40GB MIG 4g.20gb (0),1,,13,cupy_copy__complex64_complex64
2340809351,2112,86095,26,1,1,128,1,1,16,0.000,0.000,,,,,NVIDIA A100-SXM4-40GB MIG 4g.20gb (0),1,,13,cupy_copy__float32_float32
2340812839,3104,86104,103,1,1,128,1,1,16,0.000,0.000,,,,,NVIDIA A100-SXM4-40GB MIG 4g.20gb (0),1,,13,cupy_copy__complex64_complex64
2340816967,11968,86114,1434,1,1,128,1,1,16,0.000,0.000,,,,,NVIDIA A100-SXM4-40GB MIG 4g.20gb (0),1,,13,cupy_copy__complex64_complex64
2340830343,82079,86119,1,1,1,32,32,1,30,0.000,0.000,,,,,NVIDIA A100-SXM4-40GB MIG 4g.20gb (0),1,,13,"void convert_kernel<__half2, float2>(tensor_layout_any, T1 *, tensor_layout_any, const T2 *)"
2340940357,5664,86122,,,,,,,,,,0.094,16542.310,Pinned,Device,NVIDIA A100-SXM4-40GB MIG 4g.20gb (0),1,,13,[CUDA memcpy Host-to-Device]
2340951237,597433,86123,,,,,,,,,,456.561,763827.289,Device,,NVIDIA A100-SXM4-40GB MIG 4g.20gb (0),1,,13,[CUDA memset]
2341555198,146718,86128,,,,,,,,,,1.235,8416.143,Pinned,Device,NVIDIA A100-SXM4-40GB MIG 4g.20gb (0),1,,13,[CUDA memcpy Host-to-Device]
2341707580,14464,86129,,,,,,,,,,0.197,13592.887,Pinned,Device,NVIDIA A100-SXM4-40GB MIG 4g.20gb (0),1,,13,[CUDA memcpy Host-to-Device]
2341730332,9119,86130,69,4,1,48,1,1,76,0.002,0.000,,,,,NVIDIA A100-SXM4-40GB MIG 4g.20gb (0),1,,13,"void ch_est::windowedChEstPreNoDftSOfdmKernel<float, __half, float, (unsigned int)2, (unsigned int)1, (unsigned short)4>(ch_est::puschRxChEstStatDescr_t *, ch_est::puschRxChEstDynDescr_t *)"
2341741339,6944,86131,137,2,1,24,2,1,44,0.001,0.001,,,,,NVIDIA A100-SXM4-40GB MIG 4g.20gb (0),1,,13,"void ch_est::chEstFilterNoDftSOfdmDispatchKernel<float, __half, float, (unsigned int)2>(ch_est::puschRxChEstStatDescr_t *, ch_est::puschRxChEstDynDescr_t *)"
2341750459,4960,86132,137,2,1,24,2,1,44,0.001,0.001,,,,,NVIDIA A100-SXM4-40GB MIG 4g.20gb (0),1,,13,"void ch_est::chEstFilterNoDftSOfdmDispatchKernel<float, __half, float, (unsigned int)2>(ch_est::puschRxChEstStatDescr_t *, ch_est::puschRxChEstDynDescr_t *)"
2341757307,3072,86143,103,1,1,128,1,1,16,0.000,0.000,,,,,NVIDIA A100-SXM4-40GB MIG 4g.20gb (0),1,,13,cupy_copy__complex64_complex64
2341764219,13376,86153,1434,1,1,128,1,1,16,0.000,0.000,,,,,NVIDIA A100-SXM4-40GB MIG 4g.20gb (0),1,,13,cupy_copy__complex64_complex64
2341780667,3136,86160,103,1,1,128,1,1,16,0.000,0.000,,,,,NVIDIA A100-SXM4-40GB MIG 4g.20gb (0),1,,13,cupy_copy__complex64_complex64
2341789691,81919,86167,1,1,1,32,32,1,30,0.000,0.000,,,,,NVIDIA A100-SXM4-40GB MIG 4g.20gb (0),1,,13,"void convert_kernel<__half2, float2>(tensor_layout_any, T1 *, tensor_layout_any, const T2 *)"
2341898969,5728,86170,,,,,,,,,,0.094,16357.541,Pinned,Device,NVIDIA A100-SXM4-40GB MIG 4g.20gb (0),1,,13,[CUDA memcpy Host-to-Device]
2341911225,47552,86171,,,,,,,,,,35.810,753046.808,Device,,NVIDIA A100-SXM4-40GB MIG 4g.20gb (0),1,,13,[CUDA memset]
2341964153,3616,86173,,,,,,,,,,0.000,22.124,Pinned,Device,NVIDIA A100-SXM4-40GB MIG 4g.20gb (0),1,,13,[CUDA memcpy Host-to-Device]
2341971225,11903,86174,,,,,,,,,,0.197,16517.431,Pinned,Device,NVIDIA A100-SXM4-40GB MIG 4g.20gb (0),1,,13,[CUDA memcpy Host-to-Device]
2341992024,11936,86175,273,1,1,48,1,1,40,0.000,0.001,,,,,NVIDIA A100-SXM4-40GB MIG 4g.20gb (0),1,,13,"void pusch_noise_intf_est::noiseIntfEstNoDftSOfdmKernel<float, __half, float, float, (unsigned int)2, (unsigned int)1, (unsigned char)4, (unsigned char)4>(pusch_noise_intf_est::puschRxNoiseIntfEstDynDescr)"
2342007320,2912,86186,35,1,1,128,1,1,16,0.000,0.000,,,,,NVIDIA A100-SXM4-40GB MIG 4g.20gb (0),1,,13,cupy_copy__complex64_complex64
2342024920,2112,86195,1,1,1,1,1,1,18,0.000,0.000,,,,,NVIDIA A100-SXM4-40GB MIG 4g.20gb (0),1,,13,cupy_copy__float32_float32
2342052344,1600,86201,,,,,,,,,,0.000,2.500,Device,Pageable,NVIDIA A100-SXM4-40GB MIG 4g.20gb (0),1,,7,[CUDA memcpy Device-to-Host]
2342113399,12960,86212,1434,1,1,128,1,1,16,0.000,0.000,,,,,NVIDIA A100-SXM4-40GB MIG 4g.20gb (0),1,,13,cupy_copy__complex64_complex64
2342139990,3392,86219,103,1,1,128,1,1,16,0.000,0.000,,,,,NVIDIA A100-SXM4-40GB MIG 4g.20gb (0),1,,13,cupy_copy__complex64_complex64
2342160822,2624,86226,35,1,1,128,1,1,16,0.000,0.000,,,,,NVIDIA A100-SXM4-40GB MIG 4g.20gb (0),1,,13,cupy_copy__complex64_complex64
2342177462,1760,86233,1,1,1,1,1,1,18,0.000,0.000,,,,,NVIDIA A100-SXM4-40GB MIG 4g.20gb (0),1,,13,cupy_copy__float32_float32
2342312724,88575,86244,1,1,1,32,32,1,30,0.000,0.000,,,,,NVIDIA A100-SXM4-40GB MIG 4g.20gb (0),1,,13,"void convert_kernel<__half2, float2>(tensor_layout_any, T1 *, tensor_layout_any, const T2 *)"
2342428275,5888,86247,,,,,,,,,,0.094,15912.954,Pinned,Device,NVIDIA A100-SXM4-40GB MIG 4g.20gb (0),1,,13,[CUDA memcpy Host-to-Device]
2342442131,3456,86248,,,,,,,,,,1.547,447517.201,Device,,NVIDIA A100-SXM4-40GB MIG 4g.20gb (0),1,,13,[CUDA memset]
2342449107,3264,86253,,,,,,,,,,0.031,9588.218,Pinned,Device,NVIDIA A100-SXM4-40GB MIG 4g.20gb (0),1,,13,[CUDA memcpy Host-to-Device]
2342455219,9663,86254,,,,,,,,,,0.197,20346.372,Pinned,Device,NVIDIA A100-SXM4-40GB MIG 4g.20gb (0),1,,13,[CUDA memcpy Host-to-Device]
2342470834,6272,86255,273,1,1,8,4,1,39,0.002,0.000,,,,,NVIDIA A100-SXM4-40GB MIG 4g.20gb (0),1,,13,"void channel_eq::eqMmseCoefCompLowMimoKernel<float, float, float, (unsigned int)4, (unsigned int)1, (unsigned int)4>(const channel_eq::_puschRxChEqStatDescr *, channel_eq::_puschRxChEqCoefCompDynDescr)"
2342478226,5536,86256,273,1,1,12,11,1,51,0.002,0.000,,,,,NVIDIA A100-SXM4-40GB MIG 4g.20gb (0),1,,13,"void channel_eq::eqMmseSoftDemapKernel<float, __half, __half, float, (unsigned int)4, (unsigned short)16383>(channel_eq::_puschRxChEqStatDescr *, channel_eq::_puschRxChEqSoftDemapDynDescr)"
2342484882,281917,86257,1,1,1,32,32,1,30,0.000,0.000,,,,,NVIDIA A100-SXM4-40GB MIG 4g.20gb (0),1,,13,"void convert_kernel<float2, __half2>(tensor_layout_any, T1 *, tensor_layout_any, const T2 *)"
2342768015,10912,86269,2253,1,1,128,1,1,16,0.000,0.000,,,,,NVIDIA A100-SXM4-40GB MIG 4g.20gb (0),1,,13,cupy_copy__float16_float16
2342782831,3487,86278,282,1,1,128,1,1,16,0.000,0.000,,,,,NVIDIA A100-SXM4-40GB MIG 4g.20gb (0),1,,13,cupy_copy__complex64_complex64
2342790030,2368,86287,26,1,1,128,1,1,16,0.000,0.000,,,,,NVIDIA A100-SXM4-40GB MIG 4g.20gb (0),1,,13,cupy_copy__float32_float32
2342794766,3264,86296,103,1,1,128,1,1,16,0.000,0.000,,,,,NVIDIA A100-SXM4-40GB MIG 4g.20gb (0),1,,13,cupy_copy__complex64_complex64
2342799054,12256,86306,1434,1,1,128,1,1,16,0.000,0.000,,,,,NVIDIA A100-SXM4-40GB MIG 4g.20gb (0),1,,13,cupy_copy__complex64_complex64
2342820910,82047,86311,1,1,1,32,32,1,30,0.000,0.000,,,,,NVIDIA A100-SXM4-40GB MIG 4g.20gb (0),1,,13,"void convert_kernel<__half2, float2>(tensor_layout_any, T1 *, tensor_layout_any, const T2 *)"
2342930861,5408,86314,,,,,,,,,,0.094,17325.421,Pinned,Device,NVIDIA A100-SXM4-40GB MIG 4g.20gb (0),1,,13,[CUDA memcpy Host-to-Device]
2342942093,599032,86315,,,,,,,,,,456.561,762001.043,Device,,NVIDIA A100-SXM4-40GB MIG 4g.20gb (0),1,,13,[CUDA memset]
2343542725,153598,86320,,,,,,,,,,1.235,8039.485,Pinned,Device,NVIDIA A100-SXM4-40GB MIG 4g.20gb (0),1,,13,[CUDA memcpy Host-to-Device]
2343708451,41248,86321,,,,,,,,,,0.197,4766.368,Pinned,Device,NVIDIA A100-SXM4-40GB MIG 4g.20gb (0),1,,13,[CUDA memcpy Host-to-Device]
2343767138,8320,86322,69,4,1,48,1,1,76,0.002,0.000,,,,,NVIDIA A100-SXM4-40GB MIG 4g.20gb (0),1,,13,"void ch_est::windowedChEstPreNoDftSOfdmKernel<float, __half, float, (unsigned int)2, (unsigned int)1, (unsigned short)4>(ch_est::puschRxChEstStatDescr_t *, ch_est::puschRxChEstDynDescr_t *)"
2343786882,6816,86323,137,2,1,24,2,1,44,0.001,0.001,,,,,NVIDIA A100-SXM4-40GB MIG 4g.20gb (0),1,,13,"void ch_est::chEstFilterNoDftSOfdmDispatchKernel<float, __half, float, (unsigned int)2>(ch_est::puschRxChEstStatDescr_t *, ch_est::puschRxChEstDynDescr_t *)"
2343803938,4800,86324,137,2,1,24,2,1,44,0.001,0.001,,,,,NVIDIA A100-SXM4-40GB MIG 4g.20gb (0),1,,13,"void ch_est::chEstFilterNoDftSOfdmDispatchKernel<float, __half, float, (unsigned int)2>(ch_est::puschRxChEstStatDescr_t *, ch_est::puschRxChEstDynDescr_t *)"
2343821314,2656,86335,103,1,1,128,1,1,16,0.000,0.000,,,,,NVIDIA A100-SXM4-40GB MIG 4g.20gb (0),1,,13,cupy_copy__complex64_complex64
2343837185,12352,86345,1434,1,1,128,1,1,16,0.000,0.000,,,,,NVIDIA A100-SXM4-40GB MIG 4g.20gb (0),1,,13,cupy_copy__complex64_complex64
2343858977,2560,86352,103,1,1,128,1,1,16,0.000,0.000,,,,,NVIDIA A100-SXM4-40GB MIG 4g.20gb (0),1,,13,cupy_copy__complex64_complex64
2343875969,81567,86359,1,1,1,32,32,1,30,0.000,0.000,,,,,NVIDIA A100-SXM4-40GB MIG 4g.20gb (0),1,,13,"void convert_kernel<__half2, float2>(tensor_layout_any, T1 *, tensor_layout_any, const T2 *)"
2343985408,5920,86362,,,,,,,,,,0.094,15826.941,Pinned,Device,NVIDIA A100-SXM4-40GB MIG 4g.20gb (0),1,,13,[CUDA memcpy Host-to-Device]
2344000127,47136,86363,,,,,,,,,,35.810,759707.453,Device,,NVIDIA A100-SXM4-40GB MIG 4g.20gb (0),1,,13,[CUDA memset]
2344053407,3264,86365,,,,,,,,,,0.000,24.510,Pinned,Device,NVIDIA A100-SXM4-40GB MIG 4g.20gb (0),1,,13,[CUDA memcpy Host-to-Device]
2344060895,10720,86366,,,,,,,,,,0.197,18340.184,Pinned,Device,NVIDIA A100-SXM4-40GB MIG 4g.20gb (0),1,,13,[CUDA memcpy Host-to-Device]
2344076799,9983,86367,273,1,1,48,1,1,40,0.000,0.001,,,,,NVIDIA A100-SXM4-40GB MIG 4g.20gb (0),1,,13,"void pusch_noise_intf_est::noiseIntfEstNoDftSOfdmKernel<float, __half, float, float, (unsigned int)2, (unsigned int)1, (unsigned char)4, (unsigned char)4>(pusch_noise_intf_est::puschRxNoiseIntfEstDynDescr)"
2344090334,2848,86378,35,1,1,128,1,1,16,0.000,0.000,,,,,NVIDIA A100-SXM4-40GB MIG 4g.20gb (0),1,,13,cupy_copy__complex64_complex64
2344107070,1824,86387,1,1,1,1,1,1,18,0.000,0.000,,,,,NVIDIA A100-SXM4-40GB MIG 4g.20gb (0),1,,13,cupy_copy__float32_float32
2344141022,1600,86393,,,,,,,,,,0.000,2.500,Device,Pageable,NVIDIA A100-SXM4-40GB MIG 4g.20gb (0),1,,7,[CUDA memcpy Device-to-Host]
2344200701,12768,86404,1434,1,1,128,1,1,16,0.000,0.000,,,,,NVIDIA A100-SXM4-40GB MIG 4g.20gb (0),1,,13,cupy_copy__complex64_complex64
2344227453,2912,86411,103,1,1,128,1,1,16,0.000,0.000,,,,,NVIDIA A100-SXM4-40GB MIG 4g.20gb (0),1,,13,cupy_copy__complex64_complex64
2344247100,2208,86418,35,1,1,128,1,1,16,0.000,0.000,,,,,NVIDIA A100-SXM4-40GB MIG 4g.20gb (0),1,,13,cupy_copy__complex64_complex64
2344266780,1920,86425,1,1,1,1,1,1,18,0.000,0.000,,,,,NVIDIA A100-SXM4-40GB MIG 4g.20gb (0),1,,13,cupy_copy__float32_float32
2344397467,82559,86436,1,1,1,32,32,1,30,0.000,0.000,,,,,NVIDIA A100-SXM4-40GB MIG 4g.20gb (0),1,,13,"void convert_kernel<__half2, float2>(tensor_layout_any, T1 *, tensor_layout_any, const T2 *)"
2344507161,5664,86439,,,,,,,,,,0.094,16542.310,Pinned,Device,NVIDIA A100-SXM4-40GB MIG 4g.20gb (0),1,,13,[CUDA memcpy Host-to-Device]
2344521913,3296,86440,,,,,,,,,,1.547,469242.628,Device,,NVIDIA A100-SXM4-40GB MIG 4g.20gb (0),1,,13,[CUDA memset]
2344528665,3168,86445,,,,,,,,,,0.031,9878.770,Pinned,Device,NVIDIA A100-SXM4-40GB MIG 4g.20gb (0),1,,13,[CUDA memcpy Host-to-Device]
2344534873,9440,86446,,,,,,,,,,0.197,20827.079,Pinned,Device,NVIDIA A100-SXM4-40GB MIG 4g.20gb (0),1,,13,[CUDA memcpy Host-to-Device]
2344549081,8416,86447,273,1,1,8,4,1,39,0.002,0.000,,,,,NVIDIA A100-SXM4-40GB MIG 4g.20gb (0),1,,13,"void channel_eq::eqMmseCoefCompLowMimoKernel<float, float, float, (unsigned int)4, (unsigned int)1, (unsigned int)4>(const channel_eq::_puschRxChEqStatDescr *, channel_eq::_puschRxChEqCoefCompDynDescr)"
2344559417,5823,86448,273,1,1,12,11,1,51,0.002,0.000,,,,,NVIDIA A100-SXM4-40GB MIG 4g.20gb (0),1,,13,"void channel_eq::eqMmseSoftDemapKernel<float, __half, __half, float, (unsigned int)4, (unsigned short)16383>(channel_eq::_puschRxChEqStatDescr *, channel_eq::_puschRxChEqSoftDemapDynDescr)"
2344566456,300605,86449,1,1,1,32,32,1,30,0.000,0.000,,,,,NVIDIA A100-SXM4-40GB MIG 4g.20gb (0),1,,13,"void convert_kernel<float2, __half2>(tensor_layout_any, T1 *, tensor_layout_any, const T2 *)"
2344868949,11008,86461,2253,1,1,128,1,1,16,0.000,0.000,,,,,NVIDIA A100-SXM4-40GB MIG 4g.20gb (0),1,,13,cupy_copy__float16_float16
2344882965,3136,86470,282,1,1,128,1,1,16,0.000,0.000,,,,,NVIDIA A100-SXM4-40GB MIG 4g.20gb (0),1,,13,cupy_copy__complex64_complex64
2344889428,2272,86479,26,1,1,128,1,1,16,0.000,0.000,,,,,NVIDIA A100-SXM4-40GB MIG 4g.20gb (0),1,,13,cupy_copy__float32_float32
2344892660,3104,86488,103,1,1,128,1,1,16,0.000,0.000,,,,,NVIDIA A100-SXM4-40GB MIG 4g.20gb (0),1,,13,cupy_copy__complex64_complex64
2344897716,12352,86498,1434,1,1,128,1,1,16,0.000,0.000,,,,,NVIDIA A100-SXM4-40GB MIG 4g.20gb (0),1,,13,cupy_copy__complex64_complex64
2344913908,82047,86503,1,1,1,32,32,1,30,0.000,0.000,,,,,NVIDIA A100-SXM4-40GB MIG 4g.20gb (0),1,,13,"void convert_kernel<__half2, float2>(tensor_layout_any, T1 *, tensor_layout_any, const T2 *)"
2345022547,6336,86506,,,,,,,,,,0.094,14787.852,Pinned,Device,NVIDIA A100-SXM4-40GB MIG 4g.20gb (0),1,,13,[CUDA memcpy Host-to-Device]
2345033395,596120,86507,,,,,,,,,,456.561,765653.535,Device,,NVIDIA A100-SXM4-40GB MIG 4g.20gb (0),1,,13,[CUDA memset]
2345637515,136767,86512,,,,,,,,,,1.235,9028.676,Pinned,Device,NVIDIA A100-SXM4-40GB MIG 4g.20gb (0),1,,13,[CUDA memcpy Host-to-Device]
2345787017,42112,86513,,,,,,,,,,0.197,4668.654,Pinned,Device,NVIDIA A100-SXM4-40GB MIG 4g.20gb (0),1,,13,[CUDA memcpy Host-to-Device]
2345857640,8160,86514,69,4,1,48,1,1,76,0.002,0.000,,,,,NVIDIA A100-SXM4-40GB MIG 4g.20gb (0),1,,13,"void ch_est::windowedChEstPreNoDftSOfdmKernel<float, __half, float, (unsigned int)2, (unsigned int)1, (unsigned short)4>(ch_est::puschRxChEstStatDescr_t *, ch_est::puschRxChEstDynDescr_t *)"
2345877192,6624,86515,137,2,1,24,2,1,44,0.001,0.001,,,,,NVIDIA A100-SXM4-40GB MIG 4g.20gb (0),1,,13,"void ch_est::chEstFilterNoDftSOfdmDispatchKernel<float, __half, float, (unsigned int)2>(ch_est::puschRxChEstStatDescr_t *, ch_est::puschRxChEstDynDescr_t *)"
2345895304,4736,86516,137,2,1,24,2,1,44,0.001,0.001,,,,,NVIDIA A100-SXM4-40GB MIG 4g.20gb (0),1,,13,"void ch_est::chEstFilterNoDftSOfdmDispatchKernel<float, __half, float, (unsigned int)2>(ch_est::puschRxChEstStatDescr_t *, ch_est::puschRxChEstDynDescr_t *)"
2345912488,2688,86527,103,1,1,128,1,1,16,0.000,0.000,,,,,NVIDIA A100-SXM4-40GB MIG 4g.20gb (0),1,,13,cupy_copy__complex64_complex64
2345929352,12639,86537,1434,1,1,128,1,1,16,0.000,0.000,,,,,NVIDIA A100-SXM4-40GB MIG 4g.20gb (0),1,,13,cupy_copy__complex64_complex64
2345948679,2560,86544,103,1,1,128,1,1,16,0.000,0.000,,,,,NVIDIA A100-SXM4-40GB MIG 4g.20gb (0),1,,13,cupy_copy__complex64_complex64
2345969703,88127,86551,1,1,1,32,32,1,30,0.000,0.000,,,,,NVIDIA A100-SXM4-40GB MIG 4g.20gb (0),1,,13,"void convert_kernel<__half2, float2>(tensor_layout_any, T1 *, tensor_layout_any, const T2 *)"
2346092326,29343,86554,,,,,,,,,,0.094,3193.066,Pinned,Device,NVIDIA A100-SXM4-40GB MIG 4g.20gb (0),1,,13,[CUDA memcpy Host-to-Device]
2346144581,46719,86555,,,,,,,,,,35.810,766475.528,Device,,NVIDIA A100-SXM4-40GB MIG 4g.20gb (0),1,,13,[CUDA memset]
2346196100,5440,86557,,,,,,,,,,0.000,14.706,Pinned,Device,NVIDIA A100-SXM4-40GB MIG 4g.20gb (0),1,,13,[CUDA memcpy Host-to-Device]
2346210660,19616,86558,,,,,,,,,,0.197,10022.683,Pinned,Device,NVIDIA A100-SXM4-40GB MIG 4g.20gb (0),1,,13,[CUDA memcpy Host-to-Device]
2346248484,9888,86559,273,1,1,48,1,1,40,0.000,0.001,,,,,NVIDIA A100-SXM4-40GB MIG 4g.20gb (0),1,,13,"void pusch_noise_intf_est::noiseIntfEstNoDftSOfdmKernel<float, __half, float, float, (unsigned int)2, (unsigned int)1, (unsigned char)4, (unsigned char)4>(pusch_noise_intf_est::puschRxNoiseIntfEstDynDescr)"
2346266019,2816,86570,35,1,1,128,1,1,16,0.000,0.000,,,,,NVIDIA A100-SXM4-40GB MIG 4g.20gb (0),1,,13,cupy_copy__complex64_complex64
2346274275,1920,86579,1,1,1,1,1,1,18,0.000,0.000,,,,,NVIDIA A100-SXM4-40GB MIG 4g.20gb (0),1,,13,cupy_copy__float32_float32
2346279555,1824,86585,,,,,,,,,,0.000,2.193,Device,Pageable,NVIDIA A100-SXM4-40GB MIG 4g.20gb (0),1,,7,[CUDA memcpy Device-to-Host]
2346354466,13120,86596,1434,1,1,128,1,1,16,0.000,0.000,,,,,NVIDIA A100-SXM4-40GB MIG 4g.20gb (0),1,,13,cupy_copy__complex64_complex64
2346385634,3328,86603,103,1,1,128,1,1,16,0.000,0.000,,,,,NVIDIA A100-SXM4-40GB MIG 4g.20gb (0),1,,13,cupy_copy__complex64_complex64
2346400130,2752,86610,35,1,1,128,1,1,16,0.000,0.000,,,,,NVIDIA A100-SXM4-40GB MIG 4g.20gb (0),1,,13,cupy_copy__complex64_complex64
2346417506,1728,86617,1,1,1,1,1,1,18,0.000,0.000,,,,,NVIDIA A100-SXM4-40GB MIG 4g.20gb (0),1,,13,cupy_copy__float32_float32
2346544320,82463,86628,1,1,1,32,32,1,30,0.000,0.000,,,,,NVIDIA A100-SXM4-40GB MIG 4g.20gb (0),1,,13,"void convert_kernel<__half2, float2>(tensor_layout_any, T1 *, tensor_layout_any, const T2 *)"
2346654047,5600,86631,,,,,,,,,,0.094,16731.388,Pinned,Device,NVIDIA A100-SXM4-40GB MIG 4g.20gb (0),1,,13,[CUDA memcpy Host-to-Device]
2346670526,3104,86632,,,,,,,,,,1.547,498266.574,Device,,NVIDIA A100-SXM4-40GB MIG 4g.20gb (0),1,,13,[CUDA memset]
2346675454,3488,86637,,,,,,,,,,0.031,8972.469,Pinned,Device,NVIDIA A100-SXM4-40GB MIG 4g.20gb (0),1,,13,[CUDA memcpy Host-to-Device]
2346681406,9504,86638,,,,,,,,,,0.197,20686.701,Pinned,Device,NVIDIA A100-SXM4-40GB MIG 4g.20gb (0),1,,13,[CUDA memcpy Host-to-Device]
2346696190,6432,86639,273,1,1,8,4,1,39,0.002,0.000,,,,,NVIDIA A100-SXM4-40GB MIG 4g.20gb (0),1,,13,"void channel_eq::eqMmseCoefCompLowMimoKernel<float, float, float, (unsigned int)4, (unsigned int)1, (unsigned int)4>(const channel_eq::_puschRxChEqStatDescr *, channel_eq::_puschRxChEqCoefCompDynDescr)"
2346703582,6592,86640,273,1,1,12,11,1,51,0.002,0.000,,,,,NVIDIA A100-SXM4-40GB MIG 4g.20gb (0),1,,13,"void channel_eq::eqMmseSoftDemapKernel<float, __half, __half, float, (unsigned int)4, (unsigned short)16383>(channel_eq::_puschRxChEqStatDescr *, channel_eq::_puschRxChEqSoftDemapDynDescr)"
2346711198,283548,86641,1,1,1,32,32,1,30,0.000,0.000,,,,,NVIDIA A100-SXM4-40GB MIG 4g.20gb (0),1,,13,"void convert_kernel<float2, __half2>(tensor_layout_any, T1 *, tensor_layout_any, const T2 *)"
2346995866,10912,86653,2253,1,1,128,1,1,16,0.000,0.000,,,,,NVIDIA A100-SXM4-40GB MIG 4g.20gb (0),1,,13,cupy_copy__float16_float16
2347010010,3712,86662,282,1,1,128,1,1,16,0.000,0.000,,,,,NVIDIA A100-SXM4-40GB MIG 4g.20gb (0),1,,13,cupy_copy__complex64_complex64
2347016698,2272,86671,26,1,1,128,1,1,16,0.000,0.000,,,,,NVIDIA A100-SXM4-40GB MIG 4g.20gb (0),1,,13,cupy_copy__float32_float32
2347019962,2784,86680,103,1,1,128,1,1,16,0.000,0.000,,,,,NVIDIA A100-SXM4-40GB MIG 4g.20gb (0),1,,13,cupy_copy__complex64_complex64
2347077689,12352,86696,1434,1,1,128,1,1,16,0.000,0.000,,,,,NVIDIA A100-SXM4-40GB MIG 4g.20gb (0),1,,13,cupy_copy__complex64_complex64
2347194968,82559,86701,1,1,1,32,32,1,30,0.000,0.000,,,,,NVIDIA A100-SXM4-40GB MIG 4g.20gb (0),1,,13,"void convert_kernel<__half2, float2>(tensor_layout_any, T1 *, tensor_layout_any, const T2 *)"
2347304567,5696,86704,,,,,,,,,,0.094,16449.363,Pinned,Device,NVIDIA A100-SXM4-40GB MIG 4g.20gb (0),1,,13,[CUDA memcpy Host-to-Device]
2347315030,598969,86705,,,,,,,,,,456.561,762001.043,Device,,NVIDIA A100-SXM4-40GB MIG 4g.20gb (0),1,,13,[CUDA memset]
2347919247,149758,86710,,,,,,,,,,1.235,8245.721,Pinned,Device,NVIDIA A100-SXM4-40GB MIG 4g.20gb (0),1,,13,[CUDA memcpy Host-to-Device]
2348084077,41663,86711,,,,,,,,,,0.197,4718.985,Pinned,Device,NVIDIA A100-SXM4-40GB MIG 4g.20gb (0),1,,13,[CUDA memcpy Host-to-Device]
2348154444,8416,86712,69,4,1,48,1,1,76,0.002,0.000,,,,,NVIDIA A100-SXM4-40GB MIG 4g.20gb (0),1,,13,"void ch_est::windowedChEstPreNoDftSOfdmKernel<float, __half, float, (unsigned int)2, (unsigned int)1, (unsigned short)4>(ch_est::puschRxChEstStatDescr_t *, ch_est::puschRxChEstDynDescr_t *)"
2348173580,6880,86713,137,2,1,24,2,1,44,0.001,0.001,,,,,NVIDIA A100-SXM4-40GB MIG 4g.20gb (0),1,,13,"void ch_est::chEstFilterNoDftSOfdmDispatchKernel<float, __half, float, (unsigned int)2>(ch_est::puschRxChEstStatDescr_t *, ch_est::puschRxChEstDynDescr_t *)"
2348190220,4736,86714,137,2,1,24,2,1,44,0.001,0.001,,,,,NVIDIA A100-SXM4-40GB MIG 4g.20gb (0),1,,13,"void ch_est::chEstFilterNoDftSOfdmDispatchKernel<float, __half, float, (unsigned int)2>(ch_est::puschRxChEstStatDescr_t *, ch_est::puschRxChEstDynDescr_t *)"
2348209355,2592,86725,103,1,1,128,1,1,16,0.000,0.000,,,,,NVIDIA A100-SXM4-40GB MIG 4g.20gb (0),1,,13,cupy_copy__complex64_complex64
2348225739,12352,86735,1434,1,1,128,1,1,16,0.000,0.000,,,,,NVIDIA A100-SXM4-40GB MIG 4g.20gb (0),1,,13,cupy_copy__complex64_complex64
2348245547,2912,86742,103,1,1,128,1,1,16,0.000,0.000,,,,,NVIDIA A100-SXM4-40GB MIG 4g.20gb (0),1,,13,cupy_copy__complex64_complex64
2348264843,89023,86749,1,1,1,32,32,1,30,0.000,0.000,,,,,NVIDIA A100-SXM4-40GB MIG 4g.20gb (0),1,,13,"void convert_kernel<__half2, float2>(tensor_layout_any, T1 *, tensor_layout_any, const T2 *)"
2348387881,25952,86752,,,,,,,,,,0.094,3610.294,Pinned,Device,NVIDIA A100-SXM4-40GB MIG 4g.20gb (0),1,,13,[CUDA memcpy Host-to-Device]
2348441321,47391,86753,,,,,,,,,,35.810,755625.122,Device,,NVIDIA A100-SXM4-40GB MIG 4g.20gb (0),1,,13,[CUDA memset]
2348493448,11680,86755,,,,,,,,,,0.000,6.849,Pinned,Device,NVIDIA A100-SXM4-40GB MIG 4g.20gb (0),1,,13,[CUDA memcpy Host-to-Device]
2348515560,26751,86756,,,,,,,,,,0.197,7349.404,Pinned,Device,NVIDIA A100-SXM4-40GB MIG 4g.20gb (0),1,,13,[CUDA memcpy Host-to-Device]
2348567431,10048,86757,273,1,1,48,1,1,40,0.000,0.001,,,,,NVIDIA A100-SXM4-40GB MIG 4g.20gb (0),1,,13,"void pusch_noise_intf_est::noiseIntfEstNoDftSOfdmKernel<float, __half, float, float, (unsigned int)2, (unsigned int)1, (unsigned char)4, (unsigned char)4>(pusch_noise_intf_est::puschRxNoiseIntfEstDynDescr)"
2348582087,2624,86768,35,1,1,128,1,1,16,0.000,0.000,,,,,NVIDIA A100-SXM4-40GB MIG 4g.20gb (0),1,,13,cupy_copy__complex64_complex64
2348593863,1760,86777,1,1,1,1,1,1,18,0.000,0.000,,,,,NVIDIA A100-SXM4-40GB MIG 4g.20gb (0),1,,13,cupy_copy__float32_float32
2348597863,4960,86783,,,,,,,,,,0.000,0.806,Device,Pageable,NVIDIA A100-SXM4-40GB MIG 4g.20gb (0),1,,7,[CUDA memcpy Device-to-Host]
2348677958,13119,86794,1434,1,1,128,1,1,16,0.000,0.000,,,,,NVIDIA A100-SXM4-40GB MIG 4g.20gb (0),1,,13,cupy_copy__complex64_complex64
2348704389,2880,86801,103,1,1,128,1,1,16,0.000,0.000,,,,,NVIDIA A100-SXM4-40GB MIG 4g.20gb (0),1,,13,cupy_copy__complex64_complex64
2348727461,2304,86808,35,1,1,128,1,1,16,0.000,0.000,,,,,NVIDIA A100-SXM4-40GB MIG 4g.20gb (0),1,,13,cupy_copy__complex64_complex64
2348747749,1984,86815,1,1,1,1,1,1,18,0.000,0.000,,,,,NVIDIA A100-SXM4-40GB MIG 4g.20gb (0),1,,13,cupy_copy__float32_float32
2348873923,87135,86826,1,1,1,32,32,1,30,0.000,0.000,,,,,NVIDIA A100-SXM4-40GB MIG 4g.20gb (0),1,,13,"void convert_kernel<__half2, float2>(tensor_layout_any, T1 *, tensor_layout_any, const T2 *)"
2348988738,5408,86829,,,,,,,,,,0.094,17325.421,Pinned,Device,NVIDIA A100-SXM4-40GB MIG 4g.20gb (0),1,,13,[CUDA memcpy Host-to-Device]
2349002658,3328,86830,,,,,,,,,,1.547,464729.580,Device,,NVIDIA A100-SXM4-40GB MIG 4g.20gb (0),1,,13,[CUDA memset]
2349009602,3583,86835,,,,,,,,,,0.031,8734.557,Pinned,Device,NVIDIA A100-SXM4-40GB MIG 4g.20gb (0),1,,13,[CUDA memcpy Host-to-Device]
2349015361,10048,86836,,,,,,,,,,0.197,19566.821,Pinned,Device,NVIDIA A100-SXM4-40GB MIG 4g.20gb (0),1,,13,[CUDA memcpy Host-to-Device]
2349030657,6464,86837,273,1,1,8,4,1,39,0.002,0.000,,,,,NVIDIA A100-SXM4-40GB MIG 4g.20gb (0),1,,13,"void channel_eq::eqMmseCoefCompLowMimoKernel<float, float, float, (unsigned int)4, (unsigned int)1, (unsigned int)4>(const channel_eq::_puschRxChEqStatDescr *, channel_eq::_puschRxChEqCoefCompDynDescr)"
2349038113,7584,86838,273,1,1,12,11,1,51,0.002,0.000,,,,,NVIDIA A100-SXM4-40GB MIG 4g.20gb (0),1,,13,"void channel_eq::eqMmseSoftDemapKernel<float, __half, __half, float, (unsigned int)4, (unsigned short)16383>(channel_eq::_puschRxChEqStatDescr *, channel_eq::_puschRxChEqSoftDemapDynDescr)"
2349046625,281949,86839,1,1,1,32,32,1,30,0.000,0.000,,,,,NVIDIA A100-SXM4-40GB MIG 4g.20gb (0),1,,13,"void convert_kernel<float2, __half2>(tensor_layout_any, T1 *, tensor_layout_any, const T2 *)"
2349330206,10911,86851,2253,1,1,128,1,1,16,0.000,0.000,,,,,NVIDIA A100-SXM4-40GB MIG 4g.20gb (0),1,,13,cupy_copy__float16_float16
2349345245,2848,86860,282,1,1,128,1,1,16,0.000,0.000,,,,,NVIDIA A100-SXM4-40GB MIG 4g.20gb (0),1,,13,cupy_copy__complex64_complex64
2349350973,2240,86869,26,1,1,128,1,1,16,0.000,0.000,,,,,NVIDIA A100-SXM4-40GB MIG 4g.20gb (0),1,,13,cupy_copy__float32_float32
2349354813,3072,86878,103,1,1,128,1,1,16,0.000,0.000,,,,,NVIDIA A100-SXM4-40GB MIG 4g.20gb (0),1,,13,cupy_copy__complex64_complex64
2349358909,12096,86888,1434,1,1,128,1,1,16,0.000,0.000,,,,,NVIDIA A100-SXM4-40GB MIG 4g.20gb (0),1,,13,cupy_copy__complex64_complex64
2349382237,81919,86893,1,1,1,32,32,1,30,0.000,0.000,,,,,NVIDIA A100-SXM4-40GB MIG 4g.20gb (0),1,,13,"void convert_kernel<__half2, float2>(tensor_layout_any, T1 *, tensor_layout_any, const T2 *)"
2349490972,5696,86896,,,,,,,,,,0.094,16449.363,Pinned,Device,NVIDIA A100-SXM4-40GB MIG 4g.20gb (0),1,,13,[CUDA memcpy Host-to-Device]
2349501435,598553,86897,,,,,,,,,,456.561,762457.605,Device,,NVIDIA A100-SXM4-40GB MIG 4g.20gb (0),1,,13,[CUDA memset]
2350105876,172702,86902,,,,,,,,,,1.235,7150.326,Pinned,Device,NVIDIA A100-SXM4-40GB MIG 4g.20gb (0),1,,13,[CUDA memcpy Host-to-Device]
2350287122,31583,86903,,,,,,,,,,0.197,6225.002,Pinned,Device,NVIDIA A100-SXM4-40GB MIG 4g.20gb (0),1,,13,[CUDA memcpy Host-to-Device]
2350342481,8032,86904,69,4,1,48,1,1,76,0.002,0.000,,,,,NVIDIA A100-SXM4-40GB MIG 4g.20gb (0),1,,13,"void ch_est::windowedChEstPreNoDftSOfdmKernel<float, __half, float, (unsigned int)2, (unsigned int)1, (unsigned short)4>(ch_est::puschRxChEstStatDescr_t *, ch_est::puschRxChEstDynDescr_t *)"
2350359057,7008,86905,137,2,1,24,2,1,44,0.001,0.001,,,,,NVIDIA A100-SXM4-40GB MIG 4g.20gb (0),1,,13,"void ch_est::chEstFilterNoDftSOfdmDispatchKernel<float, __half, float, (unsigned int)2>(ch_est::puschRxChEstStatDescr_t *, ch_est::puschRxChEstDynDescr_t *)"
2350371985,4672,86906,137,2,1,24,2,1,44,0.001,0.001,,,,,NVIDIA A100-SXM4-40GB MIG 4g.20gb (0),1,,13,"void ch_est::chEstFilterNoDftSOfdmDispatchKernel<float, __half, float, (unsigned int)2>(ch_est::puschRxChEstStatDescr_t *, ch_est::puschRxChEstDynDescr_t *)"
2350385105,2495,86917,103,1,1,128,1,1,16,0.000,0.000,,,,,NVIDIA A100-SXM4-40GB MIG 4g.20gb (0),1,,13,cupy_copy__complex64_complex64
2350401040,12576,86927,1434,1,1,128,1,1,16,0.000,0.000,,,,,NVIDIA A100-SXM4-40GB MIG 4g.20gb (0),1,,13,cupy_copy__complex64_complex64
2350435280,2592,86934,103,1,1,128,1,1,16,0.000,0.000,,,,,NVIDIA A100-SXM4-40GB MIG 4g.20gb (0),1,,13,cupy_copy__complex64_complex64
2350451376,89055,86941,1,1,1,32,32,1,30,0.000,0.000,,,,,NVIDIA A100-SXM4-40GB MIG 4g.20gb (0),1,,13,"void convert_kernel<__half2, float2>(tensor_layout_any, T1 *, tensor_layout_any, const T2 *)"
2350570702,25728,86944,,,,,,,,,,0.094,3641.776,Pinned,Device,NVIDIA A100-SXM4-40GB MIG 4g.20gb (0),1,,13,[CUDA memcpy Host-to-Device]
2350608334,46687,86945,,,,,,,,,,35.810,767012.676,Device,,NVIDIA A100-SXM4-40GB MIG 4g.20gb (0),1,,13,[CUDA memset]
2350656045,15680,86947,,,,,,,,,,0.000,5.102,Pinned,Device,NVIDIA A100-SXM4-40GB MIG 4g.20gb (0),1,,13,[CUDA memcpy Host-to-Device]
2350678189,27648,86948,,,,,,,,,,0.197,7110.918,Pinned,Device,NVIDIA A100-SXM4-40GB MIG 4g.20gb (0),1,,13,[CUDA memcpy Host-to-Device]
2350732492,9536,86949,273,1,1,48,1,1,40,0.000,0.001,,,,,NVIDIA A100-SXM4-40GB MIG 4g.20gb (0),1,,13,"void pusch_noise_intf_est::noiseIntfEstNoDftSOfdmKernel<float, __half, float, float, (unsigned int)2, (unsigned int)1, (unsigned char)4, (unsigned char)4>(pusch_noise_intf_est::puschRxNoiseIntfEstDynDescr)"
2350749132,2752,86960,35,1,1,128,1,1,16,0.000,0.000,,,,,NVIDIA A100-SXM4-40GB MIG 4g.20gb (0),1,,13,cupy_copy__complex64_complex64
2350765964,1728,86969,1,1,1,1,1,1,18,0.000,0.000,,,,,NVIDIA A100-SXM4-40GB MIG 4g.20gb (0),1,,13,cupy_copy__float32_float32
2350769420,8288,86975,,,,,,,,,,0.000,0.483,Device,Pageable,NVIDIA A100-SXM4-40GB MIG 4g.20gb (0),1,,7,[CUDA memcpy Device-to-Host]
2350875018,13056,86986,1434,1,1,128,1,1,16,0.000,0.000,,,,,NVIDIA A100-SXM4-40GB MIG 4g.20gb (0),1,,13,cupy_copy__complex64_complex64
2350901834,2720,86993,103,1,1,128,1,1,16,0.000,0.000,,,,,NVIDIA A100-SXM4-40GB MIG 4g.20gb (0),1,,13,cupy_copy__complex64_complex64
2350919274,2592,87000,35,1,1,128,1,1,16,0.000,0.000,,,,,NVIDIA A100-SXM4-40GB MIG 4g.20gb (0),1,,13,cupy_copy__complex64_complex64
2350943114,1824,87007,1,1,1,1,1,1,18,0.000,0.000,,,,,NVIDIA A100-SXM4-40GB MIG 4g.20gb (0),1,,13,cupy_copy__float32_float32
2351071176,86687,87018,1,1,1,32,32,1,30,0.000,0.000,,,,,NVIDIA A100-SXM4-40GB MIG 4g.20gb (0),1,,13,"void convert_kernel<__half2, float2>(tensor_layout_any, T1 *, tensor_layout_any, const T2 *)"
2351189287,13471,87021,,,,,,,,,,0.094,6955.335,Pinned,Device,NVIDIA A100-SXM4-40GB MIG 4g.20gb (0),1,,13,[CUDA memcpy Host-to-Device]
2351214854,3200,87022,,,,,,,,,,1.547,483320.000,Device,,NVIDIA A100-SXM4-40GB MIG 4g.20gb (0),1,,13,[CUDA memset]
2351218470,4224,87027,,,,,,,,,,0.031,7409.078,Pinned,Device,NVIDIA A100-SXM4-40GB MIG 4g.20gb (0),1,,13,[CUDA memcpy Host-to-Device]
2351229510,12768,87028,,,,,,,,,,0.197,15398.339,Pinned,Device,NVIDIA A100-SXM4-40GB MIG 4g.20gb (0),1,,13,[CUDA memcpy Host-to-Device]
2351253638,6304,87029,273,1,1,8,4,1,39,0.002,0.000,,,,,NVIDIA A100-SXM4-40GB MIG 4g.20gb (0),1,,13,"void channel_eq::eqMmseCoefCompLowMimoKernel<float, float, float, (unsigned int)4, (unsigned int)1, (unsigned int)4>(const channel_eq::_puschRxChEqStatDescr *, channel_eq::_puschRxChEqCoefCompDynDescr)"
2351262726,7232,87030,273,1,1,12,11,1,51,0.002,0.000,,,,,NVIDIA A100-SXM4-40GB MIG 4g.20gb (0),1,,13,"void channel_eq::eqMmseSoftDemapKernel<float, __half, __half, float, (unsigned int)4, (unsigned short)16383>(channel_eq::_puschRxChEqStatDescr *, channel_eq::_puschRxChEqSoftDemapDynDescr)"
2351278533,282397,87031,1,1,1,32,32,1,30,0.000,0.000,,,,,NVIDIA A100-SXM4-40GB MIG 4g.20gb (0),1,,13,"void convert_kernel<float2, __half2>(tensor_layout_any, T1 *, tensor_layout_any, const T2 *)"
2351562050,11104,87043,2253,1,1,128,1,1,16,0.000,0.000,,,,,NVIDIA A100-SXM4-40GB MIG 4g.20gb (0),1,,13,cupy_copy__float16_float16
2351575874,3616,87052,282,1,1,128,1,1,16,0.000,0.000,,,,,NVIDIA A100-SXM4-40GB MIG 4g.20gb (0),1,,13,cupy_copy__complex64_complex64
2351581346,2464,87061,26,1,1,128,1,1,16,0.000,0.000,,,,,NVIDIA A100-SXM4-40GB MIG 4g.20gb (0),1,,13,cupy_copy__float32_float32
2351585794,3264,87070,103,1,1,128,1,1,16,0.000,0.000,,,,,NVIDIA A100-SXM4-40GB MIG 4g.20gb (0),1,,13,cupy_copy__complex64_complex64
2351592386,12095,87080,1434,1,1,128,1,1,16,0.000,0.000,,,,,NVIDIA A100-SXM4-40GB MIG 4g.20gb (0),1,,13,cupy_copy__complex64_complex64
2351606721,86847,87085,1,1,1,32,32,1,30,0.000,0.000,,,,,NVIDIA A100-SXM4-40GB MIG 4g.20gb (0),1,,13,"void convert_kernel<__half2, float2>(tensor_layout_any, T1 *, tensor_layout_any, const T2 *)"
2351720672,5536,87088,,,,,,,,,,0.094,16924.777,Pinned,Device,NVIDIA A100-SXM4-40GB MIG 4g.20gb (0),1,,13,[CUDA memcpy Host-to-Device]
2351731264,597784,87089,,,,,,,,,,456.561,763370.728,Device,,NVIDIA A100-SXM4-40GB MIG 4g.20gb (0),1,,13,[CUDA memset]
2352333496,135711,87094,,,,,,,,,,1.235,9099.067,Pinned,Device,NVIDIA A100-SXM4-40GB MIG 4g.20gb (0),1,,13,[CUDA memcpy Host-to-Device]
2352477975,20319,87095,,,,,,,,,,0.197,9676.063,Pinned,Device,NVIDIA A100-SXM4-40GB MIG 4g.20gb (0),1,,13,[CUDA memcpy Host-to-Device]
2352513590,8512,87096,69,4,1,48,1,1,76,0.002,0.000,,,,,NVIDIA A100-SXM4-40GB MIG 4g.20gb (0),1,,13,"void ch_est::windowedChEstPreNoDftSOfdmKernel<float, __half, float, (unsigned int)2, (unsigned int)1, (unsigned short)4>(ch_est::puschRxChEstStatDescr_t *, ch_est::puschRxChEstDynDescr_t *)"
2352528950,7296,87097,137,2,1,24,2,1,44,0.001,0.001,,,,,NVIDIA A100-SXM4-40GB MIG 4g.20gb (0),1,,13,"void ch_est::chEstFilterNoDftSOfdmDispatchKernel<float, __half, float, (unsigned int)2>(ch_est::puschRxChEstStatDescr_t *, ch_est::puschRxChEstDynDescr_t *)"
2352544022,5248,87098,137,2,1,24,2,1,44,0.001,0.001,,,,,NVIDIA A100-SXM4-40GB MIG 4g.20gb (0),1,,13,"void ch_est::chEstFilterNoDftSOfdmDispatchKernel<float, __half, float, (unsigned int)2>(ch_est::puschRxChEstStatDescr_t *, ch_est::puschRxChEstDynDescr_t *)"
2352552182,2624,87109,103,1,1,128,1,1,16,0.000,0.000,,,,,NVIDIA A100-SXM4-40GB MIG 4g.20gb (0),1,,13,cupy_copy__complex64_complex64
2352559990,12575,87119,1434,1,1,128,1,1,16,0.000,0.000,,,,,NVIDIA A100-SXM4-40GB MIG 4g.20gb (0),1,,13,cupy_copy__complex64_complex64
2352577077,3168,87126,103,1,1,128,1,1,16,0.000,0.000,,,,,NVIDIA A100-SXM4-40GB MIG 4g.20gb (0),1,,13,cupy_copy__complex64_complex64
2352585973,89631,87133,1,1,1,32,32,1,30,0.000,0.000,,,,,NVIDIA A100-SXM4-40GB MIG 4g.20gb (0),1,,13,"void convert_kernel<__half2, float2>(tensor_layout_any, T1 *, tensor_layout_any, const T2 *)"
2352702964,13120,87136,,,,,,,,,,0.094,7141.415,Pinned,Device,NVIDIA A100-SXM4-40GB MIG 4g.20gb (0),1,,13,[CUDA memcpy Host-to-Device]
2352721812,47615,87137,,,,,,,,,,35.810,752044.130,Device,,NVIDIA A100-SXM4-40GB MIG 4g.20gb (0),1,,13,[CUDA memset]
2352770387,6624,87139,,,,,,,,,,0.000,12.077,Pinned,Device,NVIDIA A100-SXM4-40GB MIG 4g.20gb (0),1,,13,[CUDA memcpy Host-to-Device]
2352782835,13760,87140,,,,,,,,,,0.197,14288.290,Pinned,Device,NVIDIA A100-SXM4-40GB MIG 4g.20gb (0),1,,13,[CUDA memcpy Host-to-Device]
2352806835,9791,87141,273,1,1,48,1,1,40,0.000,0.001,,,,,NVIDIA A100-SXM4-40GB MIG 4g.20gb (0),1,,13,"void pusch_noise_intf_est::noiseIntfEstNoDftSOfdmKernel<float, __half, float, float, (unsigned int)2, (unsigned int)1, (unsigned char)4, (unsigned char)4>(pusch_noise_intf_est::puschRxNoiseIntfEstDynDescr)"
2352824306,2880,87152,35,1,1,128,1,1,16,0.000,0.000,,,,,NVIDIA A100-SXM4-40GB MIG 4g.20gb (0),1,,13,cupy_copy__complex64_complex64
2352831154,1728,87161,1,1,1,1,1,1,18,0.000,0.000,,,,,NVIDIA A100-SXM4-40GB MIG 4g.20gb (0),1,,13,cupy_copy__float32_float32
2352856594,2336,87167,,,,,,,,,,0.000,1.712,Device,Pageable,NVIDIA A100-SXM4-40GB MIG 4g.20gb (0),1,,7,[CUDA memcpy Device-to-Host]
2352919217,12896,87178,1434,1,1,128,1,1,16,0.000,0.000,,,,,NVIDIA A100-SXM4-40GB MIG 4g.20gb (0),1,,13,cupy_copy__complex64_complex64
2352947377,2880,87185,103,1,1,128,1,1,16,0.000,0.000,,,,,NVIDIA A100-SXM4-40GB MIG 4g.20gb (0),1,,13,cupy_copy__complex64_complex64
2352966865,2336,87192,35,1,1,128,1,1,16,0.000,0.000,,,,,NVIDIA A100-SXM4-40GB MIG 4g.20gb (0),1,,13,cupy_copy__complex64_complex64
2352985904,1792,87199,1,1,1,1,1,1,18,0.000,0.000,,,,,NVIDIA A100-SXM4-40GB MIG 4g.20gb (0),1,,13,cupy_copy__float32_float32
2353115023,87359,87210,1,1,1,32,32,1,30,0.000,0.000,,,,,NVIDIA A100-SXM4-40GB MIG 4g.20gb (0),1,,13,"void convert_kernel<__half2, float2>(tensor_layout_any, T1 *, tensor_layout_any, const T2 *)"
2353230637,6080,87213,,,,,,,,,,0.094,15410.462,Pinned,Device,NVIDIA A100-SXM4-40GB MIG 4g.20gb (0),1,,13,[CUDA memcpy Host-to-Device]
2353245133,3392,87214,,,,,,,,,,1.547,455961.768,Device,,NVIDIA A100-SXM4-40GB MIG 4g.20gb (0),1,,13,[CUDA memset]
2353254669,3424,87219,,,,,,,,,,0.031,9140.185,Pinned,Device,NVIDIA A100-SXM4-40GB MIG 4g.20gb (0),1,,13,[CUDA memcpy Host-to-Device]
2353260557,9696,87220,,,,,,,,,,0.197,20277.166,Pinned,Device,NVIDIA A100-SXM4-40GB MIG 4g.20gb (0),1,,13,[CUDA memcpy Host-to-Device]
2353275885,6144,87221,273,1,1,8,4,1,39,0.002,0.000,,,,,NVIDIA A100-SXM4-40GB MIG 4g.20gb (0),1,,13,"void channel_eq::eqMmseCoefCompLowMimoKernel<float, float, float, (unsigned int)4, (unsigned int)1, (unsigned int)4>(const channel_eq::_puschRxChEqStatDescr *, channel_eq::_puschRxChEqCoefCompDynDescr)"
2353283149,6912,87222,273,1,1,12,11,1,51,0.002,0.000,,,,,NVIDIA A100-SXM4-40GB MIG 4g.20gb (0),1,,13,"void channel_eq::eqMmseSoftDemapKernel<float, __half, __half, float, (unsigned int)4, (unsigned short)16383>(channel_eq::_puschRxChEqStatDescr *, channel_eq::_puschRxChEqSoftDemapDynDescr)"
2353293229,282908,87223,1,1,1,32,32,1,30,0.000,0.000,,,,,NVIDIA A100-SXM4-40GB MIG 4g.20gb (0),1,,13,"void convert_kernel<float2, __half2>(tensor_layout_any, T1 *, tensor_layout_any, const T2 *)"
2353577161,10528,87235,2253,1,1,128,1,1,16,0.000,0.000,,,,,NVIDIA A100-SXM4-40GB MIG 4g.20gb (0),1,,13,cupy_copy__float16_float16
2353591177,3424,87244,282,1,1,128,1,1,16,0.000,0.000,,,,,NVIDIA A100-SXM4-40GB MIG 4g.20gb (0),1,,13,cupy_copy__complex64_complex64
2353597993,2368,87253,26,1,1,128,1,1,16,0.000,0.000,,,,,NVIDIA A100-SXM4-40GB MIG 4g.20gb (0),1,,13,cupy_copy__float32_float32
2353602633,4704,87262,103,1,1,128,1,1,16,0.000,0.000,,,,,NVIDIA A100-SXM4-40GB MIG 4g.20gb (0),1,,13,cupy_copy__complex64_complex64
2353609417,12320,87272,1434,1,1,128,1,1,16,0.000,0.000,,,,,NVIDIA A100-SXM4-40GB MIG 4g.20gb (0),1,,13,cupy_copy__complex64_complex64
2353625512,85439,87277,1,1,1,32,32,1,30,0.000,0.000,,,,,NVIDIA A100-SXM4-40GB MIG 4g.20gb (0),1,,13,"void convert_kernel<__half2, float2>(tensor_layout_any, T1 *, tensor_layout_any, const T2 *)"
2353737959,5472,87280,,,,,,,,,,0.094,17122.757,Pinned,Device,NVIDIA A100-SXM4-40GB MIG 4g.20gb (0),1,,13,[CUDA memcpy Host-to-Device]
2353747719,598169,87281,,,,,,,,,,456.561,762914.166,Device,,NVIDIA A100-SXM4-40GB MIG 4g.20gb (0),1,,13,[CUDA memset]
2354351647,146335,87286,,,,,,,,,,1.235,8438.372,Pinned,Device,NVIDIA A100-SXM4-40GB MIG 4g.20gb (0),1,,13,[CUDA memcpy Host-to-Device]
2354511006,40671,87287,,,,,,,,,,0.197,4834.001,Pinned,Device,NVIDIA A100-SXM4-40GB MIG 4g.20gb (0),1,,13,[CUDA memcpy Host-to-Device]
2354569309,8448,87288,69,4,1,48,1,1,76,0.002,0.000,,,,,NVIDIA A100-SXM4-40GB MIG 4g.20gb (0),1,,13,"void ch_est::windowedChEstPreNoDftSOfdmKernel<float, __half, float, (unsigned int)2, (unsigned int)1, (unsigned short)4>(ch_est::puschRxChEstStatDescr_t *, ch_est::puschRxChEstDynDescr_t *)"
2354589053,6783,87289,137,2,1,24,2,1,44,0.001,0.001,,,,,NVIDIA A100-SXM4-40GB MIG 4g.20gb (0),1,,13,"void ch_est::chEstFilterNoDftSOfdmDispatchKernel<float, __half, float, (unsigned int)2>(ch_est::puschRxChEstStatDescr_t *, ch_est::puschRxChEstDynDescr_t *)"
2354606812,4768,87290,137,2,1,24,2,1,44,0.001,0.001,,,,,NVIDIA A100-SXM4-40GB MIG 4g.20gb (0),1,,13,"void ch_est::chEstFilterNoDftSOfdmDispatchKernel<float, __half, float, (unsigned int)2>(ch_est::puschRxChEstStatDescr_t *, ch_est::puschRxChEstDynDescr_t *)"
2354623484,2656,87301,103,1,1,128,1,1,16,0.000,0.000,,,,,NVIDIA A100-SXM4-40GB MIG 4g.20gb (0),1,,13,cupy_copy__complex64_complex64
2354637948,12608,87311,1434,1,1,128,1,1,16,0.000,0.000,,,,,NVIDIA A100-SXM4-40GB MIG 4g.20gb (0),1,,13,cupy_copy__complex64_complex64
2354671772,2463,87318,103,1,1,128,1,1,16,0.000,0.000,,,,,NVIDIA A100-SXM4-40GB MIG 4g.20gb (0),1,,13,cupy_copy__complex64_complex64
2354688187,87455,87325,1,1,1,32,32,1,30,0.000,0.000,,,,,NVIDIA A100-SXM4-40GB MIG 4g.20gb (0),1,,13,"void convert_kernel<__half2, float2>(tensor_layout_any, T1 *, tensor_layout_any, const T2 *)"
2354807866,9888,87328,,,,,,,,,,0.094,9475.664,Pinned,Device,NVIDIA A100-SXM4-40GB MIG 4g.20gb (0),1,,13,[CUDA memcpy Host-to-Device]
2354826394,47391,87329,,,,,,,,,,35.810,755625.122,Device,,NVIDIA A100-SXM4-40GB MIG 4g.20gb (0),1,,13,[CUDA memset]
2354876089,7168,87331,,,,,,,,,,0.000,11.161,Pinned,Device,NVIDIA A100-SXM4-40GB MIG 4g.20gb (0),1,,13,[CUDA memcpy Host-to-Device]
2354887289,22176,87332,,,,,,,,,,0.197,8865.645,Pinned,Device,NVIDIA A100-SXM4-40GB MIG 4g.20gb (0),1,,13,[CUDA memcpy Host-to-Device]
2354924568,9856,87333,273,1,1,48,1,1,40,0.000,0.001,,,,,NVIDIA A100-SXM4-40GB MIG 4g.20gb (0),1,,13,"void pusch_noise_intf_est::noiseIntfEstNoDftSOfdmKernel<float, __half, float, float, (unsigned int)2, (unsigned int)1, (unsigned char)4, (unsigned char)4>(pusch_noise_intf_est::puschRxNoiseIntfEstDynDescr)"
2354942936,2816,87344,35,1,1,128,1,1,16,0.000,0.000,,,,,NVIDIA A100-SXM4-40GB MIG 4g.20gb (0),1,,13,cupy_copy__complex64_complex64
2354953720,1856,87353,1,1,1,1,1,1,18,0.000,0.000,,,,,NVIDIA A100-SXM4-40GB MIG 4g.20gb (0),1,,13,cupy_copy__float32_float32
2354969656,7456,87359,,,,,,,,,,0.000,0.536,Device,Pageable,NVIDIA A100-SXM4-40GB MIG 4g.20gb (0),1,,7,[CUDA memcpy Device-to-Host]
2355049559,12736,87370,1434,1,1,128,1,1,16,0.000,0.000,,,,,NVIDIA A100-SXM4-40GB MIG 4g.20gb (0),1,,13,cupy_copy__complex64_complex64
2355077751,3647,87377,103,1,1,128,1,1,16,0.000,0.000,,,,,NVIDIA A100-SXM4-40GB MIG 4g.20gb (0),1,,13,cupy_copy__complex64_complex64
2355098070,2304,87384,35,1,1,128,1,1,16,0.000,0.000,,,,,NVIDIA A100-SXM4-40GB MIG 4g.20gb (0),1,,13,cupy_copy__complex64_complex64
2355116822,1792,87391,1,1,1,1,1,1,18,0.000,0.000,,,,,NVIDIA A100-SXM4-40GB MIG 4g.20gb (0),1,,13,cupy_copy__float32_float32
2355239061,82334,87402,1,1,1,32,32,1,30,0.000,0.000,,,,,NVIDIA A100-SXM4-40GB MIG 4g.20gb (0),1,,13,"void convert_kernel<__half2, float2>(tensor_layout_any, T1 *, tensor_layout_any, const T2 *)"
2355349139,5728,87405,,,,,,,,,,0.094,16357.541,Pinned,Device,NVIDIA A100-SXM4-40GB MIG 4g.20gb (0),1,,13,[CUDA memcpy Host-to-Device]
2355363763,3360,87406,,,,,,,,,,1.547,460304.688,Device,,NVIDIA A100-SXM4-40GB MIG 4g.20gb (0),1,,13,[CUDA memset]
2355372627,3776,87411,,,,,,,,,,0.031,8288.120,Pinned,Device,NVIDIA A100-SXM4-40GB MIG 4g.20gb (0),1,,13,[CUDA memcpy Host-to-Device]
2355378835,9696,87412,,,,,,,,,,0.197,20277.166,Pinned,Device,NVIDIA A100-SXM4-40GB MIG 4g.20gb (0),1,,13,[CUDA memcpy Host-to-Device]
2355393971,6144,87413,273,1,1,8,4,1,39,0.002,0.000,,,,,NVIDIA A100-SXM4-40GB MIG 4g.20gb (0),1,,13,"void channel_eq::eqMmseCoefCompLowMimoKernel<float, float, float, (unsigned int)4, (unsigned int)1, (unsigned int)4>(const channel_eq::_puschRxChEqStatDescr *, channel_eq::_puschRxChEqCoefCompDynDescr)"
2355403026,5760,87414,273,1,1,12,11,1,51,0.002,0.000,,,,,NVIDIA A100-SXM4-40GB MIG 4g.20gb (0),1,,13,"void channel_eq::eqMmseSoftDemapKernel<float, __half, __half, float, (unsigned int)4, (unsigned short)16383>(channel_eq::_puschRxChEqStatDescr *, channel_eq::_puschRxChEqSoftDemapDynDescr)"
2355410642,295101,87415,1,1,1,32,32,1,30,0.000,0.000,,,,,NVIDIA A100-SXM4-40GB MIG 4g.20gb (0),1,,13,"void convert_kernel<float2, __half2>(tensor_layout_any, T1 *, tensor_layout_any, const T2 *)"
2355707791,11168,87427,2253,1,1,128,1,1,16,0.000,0.000,,,,,NVIDIA A100-SXM4-40GB MIG 4g.20gb (0),1,,13,cupy_copy__float16_float16
2355720175,3104,87436,282,1,1,128,1,1,16,0.000,0.000,,,,,NVIDIA A100-SXM4-40GB MIG 4g.20gb (0),1,,13,cupy_copy__complex64_complex64
2355725103,2111,87445,26,1,1,128,1,1,16,0.000,0.000,,,,,NVIDIA A100-SXM4-40GB MIG 4g.20gb (0),1,,13,cupy_copy__float32_float32
2355730190,3104,87454,103,1,1,128,1,1,16,0.000,0.000,,,,,NVIDIA A100-SXM4-40GB MIG 4g.20gb (0),1,,13,cupy_copy__complex64_complex64
2355736654,12320,87464,1434,1,1,128,1,1,16,0.000,0.000,,,,,NVIDIA A100-SXM4-40GB MIG 4g.20gb (0),1,,13,cupy_copy__complex64_complex64
2355753358,80799,87469,1,1,1,32,32,1,30,0.000,0.000,,,,,NVIDIA A100-SXM4-40GB MIG 4g.20gb (0),1,,13,"void convert_kernel<__half2, float2>(tensor_layout_any, T1 *, tensor_layout_any, const T2 *)"
2355862093,5984,87472,,,,,,,,,,0.094,15657.726,Pinned,Device,NVIDIA A100-SXM4-40GB MIG 4g.20gb (0),1,,13,[CUDA memcpy Host-to-Device]
2355872077,598104,87473,,,,,,,,,,456.561,762914.166,Device,,NVIDIA A100-SXM4-40GB MIG 4g.20gb (0),1,,13,[CUDA memset]
2356476421,148670,87478,,,,,,,,,,1.235,8306.233,Pinned,Device,NVIDIA A100-SXM4-40GB MIG 4g.20gb (0),1,,13,[CUDA memcpy Host-to-Device]
2356632835,30880,87479,,,,,,,,,,0.197,6366.757,Pinned,Device,NVIDIA A100-SXM4-40GB MIG 4g.20gb (0),1,,13,[CUDA memcpy Host-to-Device]
2356685411,8096,87480,69,4,1,48,1,1,76,0.002,0.000,,,,,NVIDIA A100-SXM4-40GB MIG 4g.20gb (0),1,,13,"void ch_est::windowedChEstPreNoDftSOfdmKernel<float, __half, float, (unsigned int)2, (unsigned int)1, (unsigned short)4>(ch_est::puschRxChEstStatDescr_t *, ch_est::puschRxChEstDynDescr_t *)"
2356701282,7168,87481,137,2,1,24,2,1,44,0.001,0.001,,,,,NVIDIA A100-SXM4-40GB MIG 4g.20gb (0),1,,13,"void ch_est::chEstFilterNoDftSOfdmDispatchKernel<float, __half, float, (unsigned int)2>(ch_est::puschRxChEstStatDescr_t *, ch_est::puschRxChEstDynDescr_t *)"
2356714562,4768,87482,137,2,1,24,2,1,44,0.001,0.001,,,,,NVIDIA A100-SXM4-40GB MIG 4g.20gb (0),1,,13,"void ch_est::chEstFilterNoDftSOfdmDispatchKernel<float, __half, float, (unsigned int)2>(ch_est::puschRxChEstStatDescr_t *, ch_est::puschRxChEstDynDescr_t *)"
2356730754,2592,87493,103,1,1,128,1,1,16,0.000,0.000,,,,,NVIDIA A100-SXM4-40GB MIG 4g.20gb (0),1,,13,cupy_copy__complex64_complex64
2356744482,12640,87503,1434,1,1,128,1,1,16,0.000,0.000,,,,,NVIDIA A100-SXM4-40GB MIG 4g.20gb (0),1,,13,cupy_copy__complex64_complex64
2356780161,2368,87510,103,1,1,128,1,1,16,0.000,0.000,,,,,NVIDIA A100-SXM4-40GB MIG 4g.20gb (0),1,,13,cupy_copy__complex64_complex64
2356797377,94559,87517,1,1,1,32,32,1,30,0.000,0.000,,,,,NVIDIA A100-SXM4-40GB MIG 4g.20gb (0),1,,13,"void convert_kernel<__half2, float2>(tensor_layout_any, T1 *, tensor_layout_any, const T2 *)"
2356923008,17695,87520,,,,,,,,,,0.094,5295.042,Pinned,Device,NVIDIA A100-SXM4-40GB MIG 4g.20gb (0),1,,13,[CUDA memcpy Host-to-Device]
2356959359,47456,87521,,,,,,,,,,35.810,754586.634,Device,,NVIDIA A100-SXM4-40GB MIG 4g.20gb (0),1,,13,[CUDA memset]
2357011647,6144,87523,,,,,,,,,,0.000,13.021,Pinned,Device,NVIDIA A100-SXM4-40GB MIG 4g.20gb (0),1,,13,[CUDA memcpy Host-to-Device]
2357028062,21600,87524,,,,,,,,,,0.197,9102.164,Pinned,Device,NVIDIA A100-SXM4-40GB MIG 4g.20gb (0),1,,13,[CUDA memcpy Host-to-Device]
2357059678,12896,87525,273,1,1,48,1,1,40,0.000,0.001,,,,,NVIDIA A100-SXM4-40GB MIG 4g.20gb (0),1,,13,"void pusch_noise_intf_est::noiseIntfEstNoDftSOfdmKernel<float, __half, float, float, (unsigned int)2, (unsigned int)1, (unsigned char)4, (unsigned char)4>(pusch_noise_intf_est::puschRxNoiseIntfEstDynDescr)"
2357075038,2752,87536,35,1,1,128,1,1,16,0.000,0.000,,,,,NVIDIA A100-SXM4-40GB MIG 4g.20gb (0),1,,13,cupy_copy__complex64_complex64
2357082974,1856,87545,1,1,1,1,1,1,18,0.000,0.000,,,,,NVIDIA A100-SXM4-40GB MIG 4g.20gb (0),1,,13,cupy_copy__float32_float32
2357091518,3488,87551,,,,,,,,,,0.000,1.147,Device,Pageable,NVIDIA A100-SXM4-40GB MIG 4g.20gb (0),1,,7,[CUDA memcpy Device-to-Host]
2357167261,13056,87562,1434,1,1,128,1,1,16,0.000,0.000,,,,,NVIDIA A100-SXM4-40GB MIG 4g.20gb (0),1,,13,cupy_copy__complex64_complex64
2357200380,3360,87569,103,1,1,128,1,1,16,0.000,0.000,,,,,NVIDIA A100-SXM4-40GB MIG 4g.20gb (0),1,,13,cupy_copy__complex64_complex64
2357216796,2624,87576,35,1,1,128,1,1,16,0.000,0.000,,,,,NVIDIA A100-SXM4-40GB MIG 4g.20gb (0),1,,13,cupy_copy__complex64_complex64
2357232444,1888,87583,1,1,1,1,1,1,18,0.000,0.000,,,,,NVIDIA A100-SXM4-40GB MIG 4g.20gb (0),1,,13,cupy_copy__float32_float32
2357367194,87583,87594,1,1,1,32,32,1,30,0.000,0.000,,,,,NVIDIA A100-SXM4-40GB MIG 4g.20gb (0),1,,13,"void convert_kernel<__half2, float2>(tensor_layout_any, T1 *, tensor_layout_any, const T2 *)"
2357483897,7424,87597,,,,,,,,,,0.094,12620.664,Pinned,Device,NVIDIA A100-SXM4-40GB MIG 4g.20gb (0),1,,13,[CUDA memcpy Host-to-Device]
2357501369,3424,87598,,,,,,,,,,1.547,451700.819,Device,,NVIDIA A100-SXM4-40GB MIG 4g.20gb (0),1,,13,[CUDA memset]
2357505176,4480,87603,,,,,,,,,,0.031,6985.705,Pinned,Device,NVIDIA A100-SXM4-40GB MIG 4g.20gb (0),1,,13,[CUDA memcpy Host-to-Device]
2357512344,9920,87604,,,,,,,,,,0.197,19819.266,Pinned,Device,NVIDIA A100-SXM4-40GB MIG 4g.20gb (0),1,,13,[CUDA memcpy Host-to-Device]
2357529496,6912,87605,273,1,1,8,4,1,39,0.002,0.000,,,,,NVIDIA A100-SXM4-40GB MIG 4g.20gb (0),1,,13,"void channel_eq::eqMmseCoefCompLowMimoKernel<float, float, float, (unsigned int)4, (unsigned int)1, (unsigned int)4>(const channel_eq::_puschRxChEqStatDescr *, channel_eq::_puschRxChEqCoefCompDynDescr)"
2357538488,5952,87606,273,1,1,12,11,1,51,0.002,0.000,,,,,NVIDIA A100-SXM4-40GB MIG 4g.20gb (0),1,,13,"void channel_eq::eqMmseSoftDemapKernel<float, __half, __half, float, (unsigned int)4, (unsigned short)16383>(channel_eq::_puschRxChEqStatDescr *, channel_eq::_puschRxChEqSoftDemapDynDescr)"
2357547352,299708,87607,1,1,1,32,32,1,30,0.000,0.000,,,,,NVIDIA A100-SXM4-40GB MIG 4g.20gb (0),1,,13,"void convert_kernel<float2, __half2>(tensor_layout_any, T1 *, tensor_layout_any, const T2 *)"
2357848148,11040,87619,2253,1,1,128,1,1,16,0.000,0.000,,,,,NVIDIA A100-SXM4-40GB MIG 4g.20gb (0),1,,13,cupy_copy__float16_float16
2357863572,2688,87628,282,1,1,128,1,1,16,0.000,0.000,,,,,NVIDIA A100-SXM4-40GB MIG 4g.20gb (0),1,,13,cupy_copy__complex64_complex64
2357869172,2048,87637,26,1,1,128,1,1,16,0.000,0.000,,,,,NVIDIA A100-SXM4-40GB MIG 4g.20gb (0),1,,13,cupy_copy__float32_float32
2357873620,3104,87646,103,1,1,128,1,1,16,0.000,0.000,,,,,NVIDIA A100-SXM4-40GB MIG 4g.20gb (0),1,,13,cupy_copy__complex64_complex64
2357879700,12256,87656,1434,1,1,128,1,1,16,0.000,0.000,,,,,NVIDIA A100-SXM4-40GB MIG 4g.20gb (0),1,,13,cupy_copy__complex64_complex64
2357897588,81983,87661,1,1,1,32,32,1,30,0.000,0.000,,,,,NVIDIA A100-SXM4-40GB MIG 4g.20gb (0),1,,13,"void convert_kernel<__half2, float2>(tensor_layout_any, T1 *, tensor_layout_any, const T2 *)"
2358006290,5568,87664,,,,,,,,,,0.094,16827.521,Pinned,Device,NVIDIA A100-SXM4-40GB MIG 4g.20gb (0),1,,13,[CUDA memcpy Host-to-Device]
2358016658,597721,87665,,,,,,,,,,456.561,763827.289,Device,,NVIDIA A100-SXM4-40GB MIG 4g.20gb (0),1,,13,[CUDA memset]
2358620491,146238,87670,,,,,,,,,,1.235,8444.547,Pinned,Device,NVIDIA A100-SXM4-40GB MIG 4g.20gb (0),1,,13,[CUDA memcpy Host-to-Device]
2358780905,42367,87671,,,,,,,,,,0.197,4640.539,Pinned,Device,NVIDIA A100-SXM4-40GB MIG 4g.20gb (0),1,,13,[CUDA memcpy Host-to-Device]
2358852104,8192,87672,69,4,1,48,1,1,76,0.002,0.000,,,,,NVIDIA A100-SXM4-40GB MIG 4g.20gb (0),1,,13,"void ch_est::windowedChEstPreNoDftSOfdmKernel<float, __half, float, (unsigned int)2, (unsigned int)1, (unsigned short)4>(ch_est::puschRxChEstStatDescr_t *, ch_est::puschRxChEstDynDescr_t *)"
2358871752,6784,87673,137,2,1,24,2,1,44,0.001,0.001,,,,,NVIDIA A100-SXM4-40GB MIG 4g.20gb (0),1,,13,"void ch_est::chEstFilterNoDftSOfdmDispatchKernel<float, __half, float, (unsigned int)2>(ch_est::puschRxChEstStatDescr_t *, ch_est::puschRxChEstDynDescr_t *)"
2358888903,4768,87674,137,2,1,24,2,1,44,0.001,0.001,,,,,NVIDIA A100-SXM4-40GB MIG 4g.20gb (0),1,,13,"void ch_est::chEstFilterNoDftSOfdmDispatchKernel<float, __half, float, (unsigned int)2>(ch_est::puschRxChEstStatDescr_t *, ch_est::puschRxChEstDynDescr_t *)"
2358906503,2528,87685,103,1,1,128,1,1,16,0.000,0.000,,,,,NVIDIA A100-SXM4-40GB MIG 4g.20gb (0),1,,13,cupy_copy__complex64_complex64
2358923943,12128,87695,1434,1,1,128,1,1,16,0.000,0.000,,,,,NVIDIA A100-SXM4-40GB MIG 4g.20gb (0),1,,13,cupy_copy__complex64_complex64
2358943303,2528,87702,103,1,1,128,1,1,16,0.000,0.000,,,,,NVIDIA A100-SXM4-40GB MIG 4g.20gb (0),1,,13,cupy_copy__complex64_complex64
2358966438,96639,87709,1,1,1,32,32,1,30,0.000,0.000,,,,,NVIDIA A100-SXM4-40GB MIG 4g.20gb (0),1,,13,"void convert_kernel<__half2, float2>(tensor_layout_any, T1 *, tensor_layout_any, const T2 *)"
2359096165,17984,87712,,,,,,,,,,0.094,5209.872,Pinned,Device,NVIDIA A100-SXM4-40GB MIG 4g.20gb (0),1,,13,[CUDA memcpy Host-to-Device]
2359134468,47136,87713,,,,,,,,,,35.810,759707.453,Device,,NVIDIA A100-SXM4-40GB MIG 4g.20gb (0),1,,13,[CUDA memset]
2359186052,12128,87715,,,,,,,,,,0.000,6.596,Pinned,Device,NVIDIA A100-SXM4-40GB MIG 4g.20gb (0),1,,13,[CUDA memcpy Host-to-Device]
2359207395,40832,87716,,,,,,,,,,0.197,4814.930,Pinned,Device,NVIDIA A100-SXM4-40GB MIG 4g.20gb (0),1,,13,[CUDA memcpy Host-to-Device]
2359275907,9663,87717,273,1,1,48,1,1,40,0.000,0.001,,,,,NVIDIA A100-SXM4-40GB MIG 4g.20gb (0),1,,13,"void pusch_noise_intf_est::noiseIntfEstNoDftSOfdmKernel<float, __half, float, float, (unsigned int)2, (unsigned int)1, (unsigned char)4, (unsigned char)4>(pusch_noise_intf_est::puschRxNoiseIntfEstDynDescr)"
2359291234,2752,87728,35,1,1,128,1,1,16,0.000,0.000,,,,,NVIDIA A100-SXM4-40GB MIG 4g.20gb (0),1,,13,cupy_copy__complex64_complex64
2359306754,1696,87737,1,1,1,1,1,1,18,0.000,0.000,,,,,NVIDIA A100-SXM4-40GB MIG 4g.20gb (0),1,,13,cupy_copy__float32_float32
2359308898,7840,87743,,,,,,,,,,0.000,0.510,Device,Pageable,NVIDIA A100-SXM4-40GB MIG 4g.20gb (0),1,,7,[CUDA memcpy Device-to-Host]
2359393985,13184,87754,1434,1,1,128,1,1,16,0.000,0.000,,,,,NVIDIA A100-SXM4-40GB MIG 4g.20gb (0),1,,13,cupy_copy__complex64_complex64
2359427873,2720,87761,103,1,1,128,1,1,16,0.000,0.000,,,,,NVIDIA A100-SXM4-40GB MIG 4g.20gb (0),1,,13,cupy_copy__complex64_complex64
2359438849,2592,87768,35,1,1,128,1,1,16,0.000,0.000,,,,,NVIDIA A100-SXM4-40GB MIG 4g.20gb (0),1,,13,cupy_copy__complex64_complex64
2359456192,2048,87775,1,1,1,1,1,1,18,0.000,0.000,,,,,NVIDIA A100-SXM4-40GB MIG 4g.20gb (0),1,,13,cupy_copy__float32_float32
2359591039,87071,87786,1,1,1,32,32,1,30,0.000,0.000,,,,,NVIDIA A100-SXM4-40GB MIG 4g.20gb (0),1,,13,"void convert_kernel<__half2, float2>(tensor_layout_any, T1 *, tensor_layout_any, const T2 *)"
2359706589,11136,87789,,,,,,,,,,0.094,8413.713,Pinned,Device,NVIDIA A100-SXM4-40GB MIG 4g.20gb (0),1,,13,[CUDA memcpy Host-to-Device]
2359724989,3360,87790,,,,,,,,,,1.547,460304.688,Device,,NVIDIA A100-SXM4-40GB MIG 4g.20gb (0),1,,13,[CUDA memset]
2359729405,6176,87795,,,,,,,,,,0.031,5067.354,Pinned,Device,NVIDIA A100-SXM4-40GB MIG 4g.20gb (0),1,,13,[CUDA memcpy Host-to-Device]
2359738653,12384,87796,,,,,,,,,,0.197,15875.899,Pinned,Device,NVIDIA A100-SXM4-40GB MIG 4g.20gb (0),1,,13,[CUDA memcpy Host-to-Device]
2359758557,8864,87797,273,1,1,8,4,1,39,0.002,0.000,,,,,NVIDIA A100-SXM4-40GB MIG 4g.20gb (0),1,,13,"void channel_eq::eqMmseCoefCompLowMimoKernel<float, float, float, (unsigned int)4, (unsigned int)1, (unsigned int)4>(const channel_eq::_puschRxChEqStatDescr *, channel_eq::_puschRxChEqCoefCompDynDescr)"
2359771804,6240,87798,273,1,1,12,11,1,51,0.002,0.000,,,,,NVIDIA A100-SXM4-40GB MIG 4g.20gb (0),1,,13,"void channel_eq::eqMmseSoftDemapKernel<float, __half, __half, float, (unsigned int)4, (unsigned short)16383>(channel_eq::_puschRxChEqStatDescr *, channel_eq::_puschRxChEqSoftDemapDynDescr)"
2359783740,282877,87799,1,1,1,32,32,1,30,0.000,0.000,,,,,NVIDIA A100-SXM4-40GB MIG 4g.20gb (0),1,,13,"void convert_kernel<float2, __half2>(tensor_layout_any, T1 *, tensor_layout_any, const T2 *)"
2360069081,11072,87811,2253,1,1,128,1,1,16,0.000,0.000,,,,,NVIDIA A100-SXM4-40GB MIG 4g.20gb (0),1,,13,cupy_copy__float16_float16
2360081369,2880,87820,282,1,1,128,1,1,16,0.000,0.000,,,,,NVIDIA A100-SXM4-40GB MIG 4g.20gb (0),1,,13,cupy_copy__complex64_complex64
2360088473,2272,87829,26,1,1,128,1,1,16,0.000,0.000,,,,,NVIDIA A100-SXM4-40GB MIG 4g.20gb (0),1,,13,cupy_copy__float32_float32
2360093656,4704,87838,103,1,1,128,1,1,16,0.000,0.000,,,,,NVIDIA A100-SXM4-40GB MIG 4g.20gb (0),1,,13,cupy_copy__complex64_complex64
2360100888,12000,87848,1434,1,1,128,1,1,16,0.000,0.000,,,,,NVIDIA A100-SXM4-40GB MIG 4g.20gb (0),1,,13,cupy_copy__complex64_complex64
2360117240,87519,87853,1,1,1,32,32,1,30,0.000,0.000,,,,,NVIDIA A100-SXM4-40GB MIG 4g.20gb (0),1,,13,"void convert_kernel<__half2, float2>(tensor_layout_any, T1 *, tensor_layout_any, const T2 *)"
2360232055,5696,87856,,,,,,,,,,0.094,16449.363,Pinned,Device,NVIDIA A100-SXM4-40GB MIG 4g.20gb (0),1,,13,[CUDA memcpy Host-to-Device]
2360241591,599416,87857,,,,,,,,,,456.561,761544.482,Device,,NVIDIA A100-SXM4-40GB MIG 4g.20gb (0),1,,13,[CUDA memset]
2360846447,145758,87862,,,,,,,,,,1.235,8471.716,Pinned,Device,NVIDIA A100-SXM4-40GB MIG 4g.20gb (0),1,,13,[CUDA memcpy Host-to-Device]
2361005197,41728,87863,,,,,,,,,,0.197,4711.514,Pinned,Device,NVIDIA A100-SXM4-40GB MIG 4g.20gb (0),1,,13,[CUDA memcpy Host-to-Device]
2361064045,8127,87864,69,4,1,48,1,1,76,0.002,0.000,,,,,NVIDIA A100-SXM4-40GB MIG 4g.20gb (0),1,,13,"void ch_est::windowedChEstPreNoDftSOfdmKernel<float, __half, float, (unsigned int)2, (unsigned int)1, (unsigned short)4>(ch_est::puschRxChEstStatDescr_t *, ch_est::puschRxChEstDynDescr_t *)"
2361083308,6880,87865,137,2,1,24,2,1,44,0.001,0.001,,,,,NVIDIA A100-SXM4-40GB MIG 4g.20gb (0),1,,13,"void ch_est::chEstFilterNoDftSOfdmDispatchKernel<float, __half, float, (unsigned int)2>(ch_est::puschRxChEstStatDescr_t *, ch_est::puschRxChEstDynDescr_t *)"
2361099980,4800,87866,137,2,1,24,2,1,44,0.001,0.001,,,,,NVIDIA A100-SXM4-40GB MIG 4g.20gb (0),1,,13,"void ch_est::chEstFilterNoDftSOfdmDispatchKernel<float, __half, float, (unsigned int)2>(ch_est::puschRxChEstStatDescr_t *, ch_est::puschRxChEstDynDescr_t *)"
2361116972,2688,87877,103,1,1,128,1,1,16,0.000,0.000,,,,,NVIDIA A100-SXM4-40GB MIG 4g.20gb (0),1,,13,cupy_copy__complex64_complex64
2361133676,12639,87887,1434,1,1,128,1,1,16,0.000,0.000,,,,,NVIDIA A100-SXM4-40GB MIG 4g.20gb (0),1,,13,cupy_copy__complex64_complex64
2361155691,2880,87894,103,1,1,128,1,1,16,0.000,0.000,,,,,NVIDIA A100-SXM4-40GB MIG 4g.20gb (0),1,,13,cupy_copy__complex64_complex64
2361180075,87103,87901,1,1,1,32,32,1,30,0.000,0.000,,,,,NVIDIA A100-SXM4-40GB MIG 4g.20gb (0),1,,13,"void convert_kernel<__half2, float2>(tensor_layout_any, T1 *, tensor_layout_any, const T2 *)"
2361299210,24991,87904,,,,,,,,,,0.094,3749.152,Pinned,Device,NVIDIA A100-SXM4-40GB MIG 4g.20gb (0),1,,13,[CUDA memcpy Host-to-Device]
2361338793,46720,87905,,,,,,,,,,35.810,766475.528,Device,,NVIDIA A100-SXM4-40GB MIG 4g.20gb (0),1,,13,[CUDA memset]
2361393512,14048,87907,,,,,,,,,,0.000,5.695,Pinned,Device,NVIDIA A100-SXM4-40GB MIG 4g.20gb (0),1,,13,[CUDA memcpy Host-to-Device]
2361417096,40320,87908,,,,,,,,,,0.197,4876.075,Pinned,Device,NVIDIA A100-SXM4-40GB MIG 4g.20gb (0),1,,13,[CUDA memcpy Host-to-Device]
2361475623,9120,87909,273,1,1,48,1,1,40,0.000,0.001,,,,,NVIDIA A100-SXM4-40GB MIG 4g.20gb (0),1,,13,"void pusch_noise_intf_est::noiseIntfEstNoDftSOfdmKernel<float, __half, float, float, (unsigned int)2, (unsigned int)1, (unsigned char)4, (unsigned char)4>(pusch_noise_intf_est::puschRxNoiseIntfEstDynDescr)"
2361492519,2592,87920,35,1,1,128,1,1,16,0.000,0.000,,,,,NVIDIA A100-SXM4-40GB MIG 4g.20gb (0),1,,13,cupy_copy__complex64_complex64
2361508999,1728,87929,1,1,1,1,1,1,18,0.000,0.000,,,,,NVIDIA A100-SXM4-40GB MIG 4g.20gb (0),1,,13,cupy_copy__float32_float32
2361515143,5472,87935,,,,,,,,,,0.000,0.731,Device,Pageable,NVIDIA A100-SXM4-40GB MIG 4g.20gb (0),1,,7,[CUDA memcpy Device-to-Host]
2361607750,13024,87946,1434,1,1,128,1,1,16,0.000,0.000,,,,,NVIDIA A100-SXM4-40GB MIG 4g.20gb (0),1,,13,cupy_copy__complex64_complex64
2361639397,3392,87953,103,1,1,128,1,1,16,0.000,0.000,,,,,NVIDIA A100-SXM4-40GB MIG 4g.20gb (0),1,,13,cupy_copy__complex64_complex64
2361659717,2560,87960,35,1,1,128,1,1,16,0.000,0.000,,,,,NVIDIA A100-SXM4-40GB MIG 4g.20gb (0),1,,13,cupy_copy__complex64_complex64
2361684485,1760,87967,1,1,1,1,1,1,18,0.000,0.000,,,,,NVIDIA A100-SXM4-40GB MIG 4g.20gb (0),1,,13,cupy_copy__float32_float32
2361804515,82463,87978,1,1,1,32,32,1,30,0.000,0.000,,,,,NVIDIA A100-SXM4-40GB MIG 4g.20gb (0),1,,13,"void convert_kernel<__half2, float2>(tensor_layout_any, T1 *, tensor_layout_any, const T2 *)"
2361914466,5440,87981,,,,,,,,,,0.094,17223.480,Pinned,Device,NVIDIA A100-SXM4-40GB MIG 4g.20gb (0),1,,13,[CUDA memcpy Host-to-Device]
2361929954,3296,87982,,,,,,,,,,1.547,469242.628,Device,,NVIDIA A100-SXM4-40GB MIG 4g.20gb (0),1,,13,[CUDA memset]
2361935618,3168,87987,,,,,,,,,,0.031,9878.770,Pinned,Device,NVIDIA A100-SXM4-40GB MIG 4g.20gb (0),1,,13,[CUDA memcpy Host-to-Device]
2361941314,10112,87988,,,,,,,,,,0.197,19442.958,Pinned,Device,NVIDIA A100-SXM4-40GB MIG 4g.20gb (0),1,,13,[CUDA memcpy Host-to-Device]
2361955905,9600,87989,273,1,1,8,4,1,39,0.002,0.000,,,,,NVIDIA A100-SXM4-40GB MIG 4g.20gb (0),1,,13,"void channel_eq::eqMmseCoefCompLowMimoKernel<float, float, float, (unsigned int)4, (unsigned int)1, (unsigned int)4>(const channel_eq::_puschRxChEqStatDescr *, channel_eq::_puschRxChEqCoefCompDynDescr)"
2361966465,6272,87990,273,1,1,12,11,1,51,0.002,0.000,,,,,NVIDIA A100-SXM4-40GB MIG 4g.20gb (0),1,,13,"void channel_eq::eqMmseSoftDemapKernel<float, __half, __half, float, (unsigned int)4, (unsigned short)16383>(channel_eq::_puschRxChEqStatDescr *, channel_eq::_puschRxChEqSoftDemapDynDescr)"
2361973665,294813,87991,1,1,1,32,32,1,30,0.000,0.000,,,,,NVIDIA A100-SXM4-40GB MIG 4g.20gb (0),1,,13,"void convert_kernel<float2, __half2>(tensor_layout_any, T1 *, tensor_layout_any, const T2 *)"
2362269534,11103,88003,2253,1,1,128,1,1,16,0.000,0.000,,,,,NVIDIA A100-SXM4-40GB MIG 4g.20gb (0),1,,13,cupy_copy__float16_float16
2362283837,3136,88012,282,1,1,128,1,1,16,0.000,0.000,,,,,NVIDIA A100-SXM4-40GB MIG 4g.20gb (0),1,,13,cupy_copy__complex64_complex64
2362290141,2080,88021,26,1,1,128,1,1,16,0.000,0.000,,,,,NVIDIA A100-SXM4-40GB MIG 4g.20gb (0),1,,13,cupy_copy__float32_float32
2362293693,4704,88030,103,1,1,128,1,1,16,0.000,0.000,,,,,NVIDIA A100-SXM4-40GB MIG 4g.20gb (0),1,,13,cupy_copy__complex64_complex64
2362300381,12288,88040,1434,1,1,128,1,1,16,0.000,0.000,,,,,NVIDIA A100-SXM4-40GB MIG 4g.20gb (0),1,,13,cupy_copy__complex64_complex64
2362315933,85791,88045,1,1,1,32,32,1,30,0.000,0.000,,,,,NVIDIA A100-SXM4-40GB MIG 4g.20gb (0),1,,13,"void convert_kernel<__half2, float2>(tensor_layout_any, T1 *, tensor_layout_any, const T2 *)"
2362428028,5472,88048,,,,,,,,,,0.094,17122.757,Pinned,Device,NVIDIA A100-SXM4-40GB MIG 4g.20gb (0),1,,13,[CUDA memcpy Host-to-Device]
2362437692,598680,88049,,,,,,,,,,456.561,762457.605,Device,,NVIDIA A100-SXM4-40GB MIG 4g.20gb (0),1,,13,[CUDA memset]
2363037716,113087,88054,,,,,,,,,,1.235,10919.375,Pinned,Device,NVIDIA A100-SXM4-40GB MIG 4g.20gb (0),1,,13,[CUDA memcpy Host-to-Device]
2363155379,14943,88055,,,,,,,,,,0.197,13157.007,Pinned,Device,NVIDIA A100-SXM4-40GB MIG 4g.20gb (0),1,,13,[CUDA memcpy Host-to-Device]
2363179922,8352,88056,69,4,1,48,1,1,76,0.002,0.000,,,,,NVIDIA A100-SXM4-40GB MIG 4g.20gb (0),1,,13,"void ch_est::windowedChEstPreNoDftSOfdmKernel<float, __half, float, (unsigned int)2, (unsigned int)1, (unsigned short)4>(ch_est::puschRxChEstStatDescr_t *, ch_est::puschRxChEstDynDescr_t *)"
2363190514,6624,88057,137,2,1,24,2,1,44,0.001,0.001,,,,,NVIDIA A100-SXM4-40GB MIG 4g.20gb (0),1,,13,"void ch_est::chEstFilterNoDftSOfdmDispatchKernel<float, __half, float, (unsigned int)2>(ch_est::puschRxChEstStatDescr_t *, ch_est::puschRxChEstDynDescr_t *)"
2363198770,5056,88058,137,2,1,24,2,1,44,0.001,0.001,,,,,NVIDIA A100-SXM4-40GB MIG 4g.20gb (0),1,,13,"void ch_est::chEstFilterNoDftSOfdmDispatchKernel<float, __half, float, (unsigned int)2>(ch_est::puschRxChEstStatDescr_t *, ch_est::puschRxChEstDynDescr_t *)"
2363207410,2592,88069,103,1,1,128,1,1,16,0.000,0.000,,,,,NVIDIA A100-SXM4-40GB MIG 4g.20gb (0),1,,13,cupy_copy__complex64_complex64
2363213554,12416,88079,1434,1,1,128,1,1,16,0.000,0.000,,,,,NVIDIA A100-SXM4-40GB MIG 4g.20gb (0),1,,13,cupy_copy__complex64_complex64
2363228178,2656,88086,103,1,1,128,1,1,16,0.000,0.000,,,,,NVIDIA A100-SXM4-40GB MIG 4g.20gb (0),1,,13,cupy_copy__complex64_complex64
2363234002,88319,88093,1,1,1,32,32,1,30,0.000,0.000,,,,,NVIDIA A100-SXM4-40GB MIG 4g.20gb (0),1,,13,"void convert_kernel<__half2, float2>(tensor_layout_any, T1 *, tensor_layout_any, const T2 *)"
2363350032,6752,88096,,,,,,,,,,0.094,13876.752,Pinned,Device,NVIDIA A100-SXM4-40GB MIG 4g.20gb (0),1,,13,[CUDA memcpy Host-to-Device]
2363362608,46944,88097,,,,,,,,,,35.810,762787.106,Device,,NVIDIA A100-SXM4-40GB MIG 4g.20gb (0),1,,13,[CUDA memset]
2363416719,3488,88099,,,,,,,,,,0.000,22.936,Pinned,Device,NVIDIA A100-SXM4-40GB MIG 4g.20gb (0),1,,13,[CUDA memcpy Host-to-Device]
2363425007,12384,88100,,,,,,,,,,0.197,15875.899,Pinned,Device,NVIDIA A100-SXM4-40GB MIG 4g.20gb (0),1,,13,[CUDA memcpy Host-to-Device]
2363446063,10400,88101,273,1,1,48,1,1,40,0.000,0.001,,,,,NVIDIA A100-SXM4-40GB MIG 4g.20gb (0),1,,13,"void pusch_noise_intf_est::noiseIntfEstNoDftSOfdmKernel<float, __half, float, float, (unsigned int)2, (unsigned int)1, (unsigned char)4, (unsigned char)4>(pusch_noise_intf_est::puschRxNoiseIntfEstDynDescr)"
2363459599,2784,88112,35,1,1,128,1,1,16,0.000,0.000,,,,,NVIDIA A100-SXM4-40GB MIG 4g.20gb (0),1,,13,cupy_copy__complex64_complex64
2363472719,2048,88121,1,1,1,1,1,1,18,0.000,0.000,,,,,NVIDIA A100-SXM4-40GB MIG 4g.20gb (0),1,,13,cupy_copy__float32_float32
2363504430,1664,88127,,,,,,,,,,0.000,2.404,Device,Pageable,NVIDIA A100-SXM4-40GB MIG 4g.20gb (0),1,,7,[CUDA memcpy Device-to-Host]
2363567182,12895,88138,1434,1,1,128,1,1,16,0.000,0.000,,,,,NVIDIA A100-SXM4-40GB MIG 4g.20gb (0),1,,13,cupy_copy__complex64_complex64
2363594413,2720,88145,103,1,1,128,1,1,16,0.000,0.000,,,,,NVIDIA A100-SXM4-40GB MIG 4g.20gb (0),1,,13,cupy_copy__complex64_complex64
2363613485,2464,88152,35,1,1,128,1,1,16,0.000,0.000,,,,,NVIDIA A100-SXM4-40GB MIG 4g.20gb (0),1,,13,cupy_copy__complex64_complex64
2363636717,2048,88159,1,1,1,1,1,1,18,0.000,0.000,,,,,NVIDIA A100-SXM4-40GB MIG 4g.20gb (0),1,,13,cupy_copy__float32_float32
2363768299,82655,88170,1,1,1,32,32,1,30,0.000,0.000,,,,,NVIDIA A100-SXM4-40GB MIG 4g.20gb (0),1,,13,"void convert_kernel<__half2, float2>(tensor_layout_any, T1 *, tensor_layout_any, const T2 *)"
2363878570,5632,88173,,,,,,,,,,0.094,16636.287,Pinned,Device,NVIDIA A100-SXM4-40GB MIG 4g.20gb (0),1,,13,[CUDA memcpy Host-to-Device]
2363892682,3359,88174,,,,,,,,,,1.547,460440.791,Device,,NVIDIA A100-SXM4-40GB MIG 4g.20gb (0),1,,13,[CUDA memset]
2363899401,3008,88179,,,,,,,,,,0.031,10404.230,Pinned,Device,NVIDIA A100-SXM4-40GB MIG 4g.20gb (0),1,,13,[CUDA memcpy Host-to-Device]
2363905225,9504,88180,,,,,,,,,,0.197,20686.701,Pinned,Device,NVIDIA A100-SXM4-40GB MIG 4g.20gb (0),1,,13,[CUDA memcpy Host-to-Device]
2363920873,8448,88181,273,1,1,8,4,1,39,0.002,0.000,,,,,NVIDIA A100-SXM4-40GB MIG 4g.20gb (0),1,,13,"void channel_eq::eqMmseCoefCompLowMimoKernel<float, float, float, (unsigned int)4, (unsigned int)1, (unsigned int)4>(const channel_eq::_puschRxChEqStatDescr *, channel_eq::_puschRxChEqCoefCompDynDescr)"
2363930633,6208,88182,273,1,1,12,11,1,51,0.002,0.000,,,,,NVIDIA A100-SXM4-40GB MIG 4g.20gb (0),1,,13,"void channel_eq::eqMmseSoftDemapKernel<float, __half, __half, float, (unsigned int)4, (unsigned short)16383>(channel_eq::_puschRxChEqStatDescr *, channel_eq::_puschRxChEqSoftDemapDynDescr)"
2363937897,283036,88183,1,1,1,32,32,1,30,0.000,0.000,,,,,NVIDIA A100-SXM4-40GB MIG 4g.20gb (0),1,,13,"void convert_kernel<float2, __half2>(tensor_layout_any, T1 *, tensor_layout_any, const T2 *)"
2364223109,11296,88195,2253,1,1,128,1,1,16,0.000,0.000,,,,,NVIDIA A100-SXM4-40GB MIG 4g.20gb (0),1,,13,cupy_copy__float16_float16
2364237765,3104,88204,282,1,1,128,1,1,16,0.000,0.000,,,,,NVIDIA A100-SXM4-40GB MIG 4g.20gb (0),1,,13,cupy_copy__complex64_complex64
2364242597,2080,88213,26,1,1,128,1,1,16,0.000,0.000,,,,,NVIDIA A100-SXM4-40GB MIG 4g.20gb (0),1,,13,cupy_copy__float32_float32
2364246501,7072,88222,103,1,1,128,1,1,16,0.000,0.000,,,,,NVIDIA A100-SXM4-40GB MIG 4g.20gb (0),1,,13,cupy_copy__complex64_complex64
2364256197,12096,88232,1434,1,1,128,1,1,16,0.000,0.000,,,,,NVIDIA A100-SXM4-40GB MIG 4g.20gb (0),1,,13,cupy_copy__complex64_complex64
2364270405,82303,88237,1,1,1,32,32,1,30,0.000,0.000,,,,,NVIDIA A100-SXM4-40GB MIG 4g.20gb (0),1,,13,"void convert_kernel<__half2, float2>(tensor_layout_any, T1 *, tensor_layout_any, const T2 *)"
2364380004,5695,88240,,,,,,,,,,0.094,16452.268,Pinned,Device,NVIDIA A100-SXM4-40GB MIG 4g.20gb (0),1,,13,[CUDA memcpy Host-to-Device]
2364390467,598201,88241,,,,,,,,,,456.561,762914.166,Device,,NVIDIA A100-SXM4-40GB MIG 4g.20gb (0),1,,13,[CUDA memset]
2364995804,159838,88246,,,,,,,,,,1.235,7725.810,Pinned,Device,NVIDIA A100-SXM4-40GB MIG 4g.20gb (0),1,,13,[CUDA memcpy Host-to-Device]
2365166874,38847,88247,,,,,,,,,,0.197,5061.083,Pinned,Device,NVIDIA A100-SXM4-40GB MIG 4g.20gb (0),1,,13,[CUDA memcpy Host-to-Device]
2365229625,7552,88248,69,4,1,48,1,1,76,0.002,0.000,,,,,NVIDIA A100-SXM4-40GB MIG 4g.20gb (0),1,,13,"void ch_est::windowedChEstPreNoDftSOfdmKernel<float, __half, float, (unsigned int)2, (unsigned int)1, (unsigned short)4>(ch_est::puschRxChEstStatDescr_t *, ch_est::puschRxChEstDynDescr_t *)"
2365248601,6560,88249,137,2,1,24,2,1,44,0.001,0.001,,,,,NVIDIA A100-SXM4-40GB MIG 4g.20gb (0),1,,13,"void ch_est::chEstFilterNoDftSOfdmDispatchKernel<float, __half, float, (unsigned int)2>(ch_est::puschRxChEstStatDescr_t *, ch_est::puschRxChEstDynDescr_t *)"
2365264953,4736,88250,137,2,1,24,2,1,44,0.001,0.001,,,,,NVIDIA A100-SXM4-40GB MIG 4g.20gb (0),1,,13,"void ch_est::chEstFilterNoDftSOfdmDispatchKernel<float, __half, float, (unsigned int)2>(ch_est::puschRxChEstStatDescr_t *, ch_est::puschRxChEstDynDescr_t *)"
2365283064,2688,88261,103,1,1,128,1,1,16,0.000,0.000,,,,,NVIDIA A100-SXM4-40GB MIG 4g.20gb (0),1,,13,cupy_copy__complex64_complex64
2365296664,12736,88271,1434,1,1,128,1,1,16,0.000,0.000,,,,,NVIDIA A100-SXM4-40GB MIG 4g.20gb (0),1,,13,cupy_copy__complex64_complex64
2365331800,2688,88278,103,1,1,128,1,1,16,0.000,0.000,,,,,NVIDIA A100-SXM4-40GB MIG 4g.20gb (0),1,,13,cupy_copy__complex64_complex64
2365344184,82559,88285,1,1,1,32,32,1,30,0.000,0.000,,,,,NVIDIA A100-SXM4-40GB MIG 4g.20gb (0),1,,13,"void convert_kernel<__half2, float2>(tensor_layout_any, T1 *, tensor_layout_any, const T2 *)"
2365454038,5760,88288,,,,,,,,,,0.094,16266.656,Pinned,Device,NVIDIA A100-SXM4-40GB MIG 4g.20gb (0),1,,13,[CUDA memcpy Host-to-Device]
2365466582,46272,88289,,,,,,,,,,35.810,773888.181,Device,,NVIDIA A100-SXM4-40GB MIG 4g.20gb (0),1,,13,[CUDA memset]
2365519349,3392,88291,,,,,,,,,,0.000,23.585,Pinned,Device,NVIDIA A100-SXM4-40GB MIG 4g.20gb (0),1,,13,[CUDA memcpy Host-to-Device]
2365527413,11872,88292,,,,,,,,,,0.197,16560.488,Pinned,Device,NVIDIA A100-SXM4-40GB MIG 4g.20gb (0),1,,13,[CUDA memcpy Host-to-Device]
2365549333,10272,88293,273,1,1,48,1,1,40,0.000,0.001,,,,,NVIDIA A100-SXM4-40GB MIG 4g.20gb (0),1,,13,"void pusch_noise_intf_est::noiseIntfEstNoDftSOfdmKernel<float, __half, float, float, (unsigned int)2, (unsigned int)1, (unsigned char)4, (unsigned char)4>(pusch_noise_intf_est::puschRxNoiseIntfEstDynDescr)"
2365563381,3104,88304,35,1,1,128,1,1,16,0.000,0.000,,,,,NVIDIA A100-SXM4-40GB MIG 4g.20gb (0),1,,13,cupy_copy__complex64_complex64
2365575477,1984,88313,1,1,1,1,1,1,18,0.000,0.000,,,,,NVIDIA A100-SXM4-40GB MIG 4g.20gb (0),1,,13,cupy_copy__float32_float32
2365605428,2016,88319,,,,,,,,,,0.000,1.984,Device,Pageable,NVIDIA A100-SXM4-40GB MIG 4g.20gb (0),1,,7,[CUDA memcpy Device-to-Host]
2365665172,12735,88330,1434,1,1,128,1,1,16,0.000,0.000,,,,,NVIDIA A100-SXM4-40GB MIG 4g.20gb (0),1,,13,cupy_copy__complex64_complex64
2365691763,3040,88337,103,1,1,128,1,1,16,0.000,0.000,,,,,NVIDIA A100-SXM4-40GB MIG 4g.20gb (0),1,,13,cupy_copy__complex64_complex64
2365716435,2176,88344,35,1,1,128,1,1,16,0.000,0.000,,,,,NVIDIA A100-SXM4-40GB MIG 4g.20gb (0),1,,13,cupy_copy__complex64_complex64
2365738035,1760,88351,1,1,1,1,1,1,18,0.000,0.000,,,,,NVIDIA A100-SXM4-40GB MIG 4g.20gb (0),1,,13,cupy_copy__float32_float32
2365865873,86527,88362,1,1,1,32,32,1,30,0.000,0.000,,,,,NVIDIA A100-SXM4-40GB MIG 4g.20gb (0),1,,13,"void convert_kernel<__half2, float2>(tensor_layout_any, T1 *, tensor_layout_any, const T2 *)"
2365979600,5504,88365,,,,,,,,,,0.094,17023.251,Pinned,Device,NVIDIA A100-SXM4-40GB MIG 4g.20gb (0),1,,13,[CUDA memcpy Host-to-Device]
2365994768,3360,88366,,,,,,,,,,1.547,460304.688,Device,,NVIDIA A100-SXM4-40GB MIG 4g.20gb (0),1,,13,[CUDA memset]
2366001743,3040,88371,,,,,,,,,,0.031,10294.725,Pinned,Device,NVIDIA A100-SXM4-40GB MIG 4g.20gb (0),1,,13,[CUDA memcpy Host-to-Device]
2366007375,9952,88372,,,,,,,,,,0.197,19755.565,Pinned,Device,NVIDIA A100-SXM4-40GB MIG 4g.20gb (0),1,,13,[CUDA memcpy Host-to-Device]
2366026287,6560,88373,273,1,1,8,4,1,39,0.002,0.000,,,,,NVIDIA A100-SXM4-40GB MIG 4g.20gb (0),1,,13,"void channel_eq::eqMmseCoefCompLowMimoKernel<float, float, float, (unsigned int)4, (unsigned int)1, (unsigned int)4>(const channel_eq::_puschRxChEqStatDescr *, channel_eq::_puschRxChEqCoefCompDynDescr)"
2366033999,5760,88374,273,1,1,12,11,1,51,0.002,0.000,,,,,NVIDIA A100-SXM4-40GB MIG 4g.20gb (0),1,,13,"void channel_eq::eqMmseSoftDemapKernel<float, __half, __half, float, (unsigned int)4, (unsigned short)16383>(channel_eq::_puschRxChEqStatDescr *, channel_eq::_puschRxChEqSoftDemapDynDescr)"
2366040687,282556,88375,1,1,1,32,32,1,30,0.000,0.000,,,,,NVIDIA A100-SXM4-40GB MIG 4g.20gb (0),1,,13,"void convert_kernel<float2, __half2>(tensor_layout_any, T1 *, tensor_layout_any, const T2 *)"
2366324491,11104,88387,2253,1,1,128,1,1,16,0.000,0.000,,,,,NVIDIA A100-SXM4-40GB MIG 4g.20gb (0),1,,13,cupy_copy__float16_float16
2366340491,3552,88396,282,1,1,128,1,1,16,0.000,0.000,,,,,NVIDIA A100-SXM4-40GB MIG 4g.20gb (0),1,,13,cupy_copy__complex64_complex64
2366345739,2368,88405,26,1,1,128,1,1,16,0.000,0.000,,,,,NVIDIA A100-SXM4-40GB MIG 4g.20gb (0),1,,13,cupy_copy__float32_float32
2366349131,2880,88414,103,1,1,128,1,1,16,0.000,0.000,,,,,NVIDIA A100-SXM4-40GB MIG 4g.20gb (0),1,,13,cupy_copy__complex64_complex64
2366353387,12064,88424,1434,1,1,128,1,1,16,0.000,0.000,,,,,NVIDIA A100-SXM4-40GB MIG 4g.20gb (0),1,,13,cupy_copy__complex64_complex64
2366367019,81951,88429,1,1,1,32,32,1,30,0.000,0.000,,,,,NVIDIA A100-SXM4-40GB MIG 4g.20gb (0),1,,13,"void convert_kernel<__half2, float2>(tensor_layout_any, T1 *, tensor_layout_any, const T2 *)"
2366475946,5376,88432,,,,,,,,,,0.094,17428.487,Pinned,Device,NVIDIA A100-SXM4-40GB MIG 4g.20gb (0),1,,13,[CUDA memcpy Host-to-Device]
2366489897,598777,88433,,,,,,,,,,456.561,762457.605,Device,,NVIDIA A100-SXM4-40GB MIG 4g.20gb (0),1,,13,[CUDA memset]
2367099298,167678,88438,,,,,,,,,,1.235,7363.971,Pinned,Device,NVIDIA A100-SXM4-40GB MIG 4g.20gb (0),1,,13,[CUDA memcpy Host-to-Device]
2367279776,35807,88439,,,,,,,,,,0.197,5490.672,Pinned,Device,NVIDIA A100-SXM4-40GB MIG 4g.20gb (0),1,,13,[CUDA memcpy Host-to-Device]
2367342015,8352,88440,69,4,1,48,1,1,76,0.002,0.000,,,,,NVIDIA A100-SXM4-40GB MIG 4g.20gb (0),1,,13,"void ch_est::windowedChEstPreNoDftSOfdmKernel<float, __half, float, (unsigned int)2, (unsigned int)1, (unsigned short)4>(ch_est::puschRxChEstStatDescr_t *, ch_est::puschRxChEstDynDescr_t *)"
2367359775,6880,88441,137,2,1,24,2,1,44,0.001,0.001,,,,,NVIDIA A100-SXM4-40GB MIG 4g.20gb (0),1,,13,"void ch_est::chEstFilterNoDftSOfdmDispatchKernel<float, __half, float, (unsigned int)2>(ch_est::puschRxChEstStatDescr_t *, ch_est::puschRxChEstDynDescr_t *)"
2367377182,4928,88442,137,2,1,24,2,1,44,0.001,0.001,,,,,NVIDIA A100-SXM4-40GB MIG 4g.20gb (0),1,,13,"void ch_est::chEstFilterNoDftSOfdmDispatchKernel<float, __half, float, (unsigned int)2>(ch_est::puschRxChEstStatDescr_t *, ch_est::puschRxChEstDynDescr_t *)"
2367393502,2528,88453,103,1,1,128,1,1,16,0.000,0.000,,,,,NVIDIA A100-SXM4-40GB MIG 4g.20gb (0),1,,13,cupy_copy__complex64_complex64
2367412670,12352,88463,1434,1,1,128,1,1,16,0.000,0.000,,,,,NVIDIA A100-SXM4-40GB MIG 4g.20gb (0),1,,13,cupy_copy__complex64_complex64
2367431838,2944,88470,103,1,1,128,1,1,16,0.000,0.000,,,,,NVIDIA A100-SXM4-40GB MIG 4g.20gb (0),1,,13,cupy_copy__complex64_complex64
2367453918,84734,88477,1,1,1,32,32,1,30,0.000,0.000,,,,,NVIDIA A100-SXM4-40GB MIG 4g.20gb (0),1,,13,"void convert_kernel<__half2, float2>(tensor_layout_any, T1 *, tensor_layout_any, const T2 *)"
2367572092,18112,88480,,,,,,,,,,0.094,5173.144,Pinned,Device,NVIDIA A100-SXM4-40GB MIG 4g.20gb (0),1,,13,[CUDA memcpy Host-to-Device]
2367597180,48895,88481,,,,,,,,,,35.810,732348.674,Device,,NVIDIA A100-SXM4-40GB MIG 4g.20gb (0),1,,13,[CUDA memset]
2367646779,7744,88483,,,,,,,,,,0.000,10.331,Pinned,Device,NVIDIA A100-SXM4-40GB MIG 4g.20gb (0),1,,13,[CUDA memcpy Host-to-Device]
2367661051,19232,88484,,,,,,,,,,0.197,10222.830,Pinned,Device,NVIDIA A100-SXM4-40GB MIG 4g.20gb (0),1,,13,[CUDA memcpy Host-to-Device]
2367690203,12543,88485,273,1,1,48,1,1,40,0.000,0.001,,,,,NVIDIA A100-SXM4-40GB MIG 4g.20gb (0),1,,13,"void pusch_noise_intf_est::noiseIntfEstNoDftSOfdmKernel<float, __half, float, float, (unsigned int)2, (unsigned int)1, (unsigned char)4, (unsigned char)4>(pusch_noise_intf_est::puschRxNoiseIntfEstDynDescr)"
2367708346,3136,88496,35,1,1,128,1,1,16,0.000,0.000,,,,,NVIDIA A100-SXM4-40GB MIG 4g.20gb (0),1,,13,cupy_copy__complex64_complex64
2367714330,2336,88505,1,1,1,1,1,1,18,0.000,0.000,,,,,NVIDIA A100-SXM4-40GB MIG 4g.20gb (0),1,,13,cupy_copy__float32_float32
2367722266,3520,88511,,,,,,,,,,0.000,1.136,Device,Pageable,NVIDIA A100-SXM4-40GB MIG 4g.20gb (0),1,,7,[CUDA memcpy Device-to-Host]
2367789497,13184,88522,1434,1,1,128,1,1,16,0.000,0.000,,,,,NVIDIA A100-SXM4-40GB MIG 4g.20gb (0),1,,13,cupy_copy__complex64_complex64
2367819641,3488,88529,103,1,1,128,1,1,16,0.000,0.000,,,,,NVIDIA A100-SXM4-40GB MIG 4g.20gb (0),1,,13,cupy_copy__complex64_complex64
2367837689,2496,88536,35,1,1,128,1,1,16,0.000,0.000,,,,,NVIDIA A100-SXM4-40GB MIG 4g.20gb (0),1,,13,cupy_copy__complex64_complex64
2367857497,1823,88543,1,1,1,1,1,1,18,0.000,0.000,,,,,NVIDIA A100-SXM4-40GB MIG 4g.20gb (0),1,,13,cupy_copy__float32_float32
2367989015,87775,88554,1,1,1,32,32,1,30,0.000,0.000,,,,,NVIDIA A100-SXM4-40GB MIG 4g.20gb (0),1,,13,"void convert_kernel<__half2, float2>(tensor_layout_any, T1 *, tensor_layout_any, const T2 *)"
2368105429,5568,88557,,,,,,,,,,0.094,16827.521,Pinned,Device,NVIDIA A100-SXM4-40GB MIG 4g.20gb (0),1,,13,[CUDA memcpy Host-to-Device]
2368119765,3296,88558,,,,,,,,,,1.547,469242.628,Device,,NVIDIA A100-SXM4-40GB MIG 4g.20gb (0),1,,13,[CUDA memset]
2368127093,3040,88563,,,,,,,,,,0.031,10294.725,Pinned,Device,NVIDIA A100-SXM4-40GB MIG 4g.20gb (0),1,,13,[CUDA memcpy Host-to-Device]
2368133077,9792,88564,,,,,,,,,,0.197,20078.395,Pinned,Device,NVIDIA A100-SXM4-40GB MIG 4g.20gb (0),1,,13,[CUDA memcpy Host-to-Device]
2368146485,6560,88565,273,1,1,8,4,1,39,0.002,0.000,,,,,NVIDIA A100-SXM4-40GB MIG 4g.20gb (0),1,,13,"void channel_eq::eqMmseCoefCompLowMimoKernel<float, float, float, (unsigned int)4, (unsigned int)1, (unsigned int)4>(const channel_eq::_puschRxChEqStatDescr *, channel_eq::_puschRxChEqCoefCompDynDescr)"
2368154069,6144,88566,273,1,1,12,11,1,51,0.002,0.000,,,,,NVIDIA A100-SXM4-40GB MIG 4g.20gb (0),1,,13,"void channel_eq::eqMmseSoftDemapKernel<float, __half, __half, float, (unsigned int)4, (unsigned short)16383>(channel_eq::_puschRxChEqStatDescr *, channel_eq::_puschRxChEqSoftDemapDynDescr)"
2368161205,282620,88567,1,1,1,32,32,1,30,0.000,0.000,,,,,NVIDIA A100-SXM4-40GB MIG 4g.20gb (0),1,,13,"void convert_kernel<float2, __half2>(tensor_layout_any, T1 *, tensor_layout_any, const T2 *)"
2368446513,10912,88579,2253,1,1,128,1,1,16,0.000,0.000,,,,,NVIDIA A100-SXM4-40GB MIG 4g.20gb (0),1,,13,cupy_copy__float16_float16
2368462353,2720,88588,282,1,1,128,1,1,16,0.000,0.000,,,,,NVIDIA A100-SXM4-40GB MIG 4g.20gb (0),1,,13,cupy_copy__complex64_complex64
2368466929,2016,88597,26,1,1,128,1,1,16,0.000,0.000,,,,,NVIDIA A100-SXM4-40GB MIG 4g.20gb (0),1,,13,cupy_copy__float32_float32
2368470257,4672,88606,103,1,1,128,1,1,16,0.000,0.000,,,,,NVIDIA A100-SXM4-40GB MIG 4g.20gb (0),1,,13,cupy_copy__complex64_complex64
2368475985,11968,88616,1434,1,1,128,1,1,16,0.000,0.000,,,,,NVIDIA A100-SXM4-40GB MIG 4g.20gb (0),1,,13,cupy_copy__complex64_complex64
2368494737,87135,88621,1,1,1,32,32,1,30,0.000,0.000,,,,,NVIDIA A100-SXM4-40GB MIG 4g.20gb (0),1,,13,"void convert_kernel<__half2, float2>(tensor_layout_any, T1 *, tensor_layout_any, const T2 *)"
2368609039,5760,88624,,,,,,,,,,0.094,16266.656,Pinned,Device,NVIDIA A100-SXM4-40GB MIG 4g.20gb (0),1,,13,[CUDA memcpy Host-to-Device]
2368620143,600409,88625,,,,,,,,,,456.561,760174.798,Device,,NVIDIA A100-SXM4-40GB MIG 4g.20gb (0),1,,13,[CUDA memset]
2369222312,158878,88630,,,,,,,,,,1.235,7772.738,Pinned,Device,NVIDIA A100-SXM4-40GB MIG 4g.20gb (0),1,,13,[CUDA memcpy Host-to-Device]
2369397477,36736,88631,,,,,,,,,,0.197,5351.866,Pinned,Device,NVIDIA A100-SXM4-40GB MIG 4g.20gb (0),1,,13,[CUDA memcpy Host-to-Device]
2369459493,8256,88632,69,4,1,48,1,1,76,0.002,0.000,,,,,NVIDIA A100-SXM4-40GB MIG 4g.20gb (0),1,,13,"void ch_est::windowedChEstPreNoDftSOfdmKernel<float, __half, float, (unsigned int)2, (unsigned int)1, (unsigned short)4>(ch_est::puschRxChEstStatDescr_t *, ch_est::puschRxChEstDynDescr_t *)"
2369477220,6816,88633,137,2,1,24,2,1,44,0.001,0.001,,,,,NVIDIA A100-SXM4-40GB MIG 4g.20gb (0),1,,13,"void ch_est::chEstFilterNoDftSOfdmDispatchKernel<float, __half, float, (unsigned int)2>(ch_est::puschRxChEstStatDescr_t *, ch_est::puschRxChEstDynDescr_t *)"
2369494244,4832,88634,137,2,1,24,2,1,44,0.001,0.001,,,,,NVIDIA A100-SXM4-40GB MIG 4g.20gb (0),1,,13,"void ch_est::chEstFilterNoDftSOfdmDispatchKernel<float, __half, float, (unsigned int)2>(ch_est::puschRxChEstStatDescr_t *, ch_est::puschRxChEstDynDescr_t *)"
2369510948,2688,88645,103,1,1,128,1,1,16,0.000,0.000,,,,,NVIDIA A100-SXM4-40GB MIG 4g.20gb (0),1,,13,cupy_copy__complex64_complex64
2369528100,12544,88655,1434,1,1,128,1,1,16,0.000,0.000,,,,,NVIDIA A100-SXM4-40GB MIG 4g.20gb (0),1,,13,cupy_copy__complex64_complex64
2369551844,2560,88662,103,1,1,128,1,1,16,0.000,0.000,,,,,NVIDIA A100-SXM4-40GB MIG 4g.20gb (0),1,,13,cupy_copy__complex64_complex64
2369574147,92607,88669,1,1,1,32,32,1,30,0.000,0.000,,,,,NVIDIA A100-SXM4-40GB MIG 4g.20gb (0),1,,13,"void convert_kernel<__half2, float2>(tensor_layout_any, T1 *, tensor_layout_any, const T2 *)"
2369700738,26911,88672,,,,,,,,,,0.094,3481.650,Pinned,Device,NVIDIA A100-SXM4-40GB MIG 4g.20gb (0),1,,13,[CUDA memcpy Host-to-Device]
2369752929,46752,88673,,,,,,,,,,35.810,765938.379,Device,,NVIDIA A100-SXM4-40GB MIG 4g.20gb (0),1,,13,[CUDA memset]
2369806880,11840,88675,,,,,,,,,,0.000,6.757,Pinned,Device,NVIDIA A100-SXM4-40GB MIG 4g.20gb (0),1,,13,[CUDA memcpy Host-to-Device]
2369828128,34400,88676,,,,,,,,,,0.197,5715.198,Pinned,Device,NVIDIA A100-SXM4-40GB MIG 4g.20gb (0),1,,13,[CUDA memcpy Host-to-Device]
2369882495,10048,88677,273,1,1,48,1,1,40,0.000,0.001,,,,,NVIDIA A100-SXM4-40GB MIG 4g.20gb (0),1,,13,"void pusch_noise_intf_est::noiseIntfEstNoDftSOfdmKernel<float, __half, float, float, (unsigned int)2, (unsigned int)1, (unsigned char)4, (unsigned char)4>(pusch_noise_intf_est::puschRxNoiseIntfEstDynDescr)"
2369899167,2688,88688,35,1,1,128,1,1,16,0.000,0.000,,,,,NVIDIA A100-SXM4-40GB MIG 4g.20gb (0),1,,13,cupy_copy__complex64_complex64
2369915359,1696,88697,1,1,1,1,1,1,18,0.000,0.000,,,,,NVIDIA A100-SXM4-40GB MIG 4g.20gb (0),1,,13,cupy_copy__float32_float32
2369918303,7680,88703,,,,,,,,,,0.000,0.521,Device,Pageable,NVIDIA A100-SXM4-40GB MIG 4g.20gb (0),1,,7,[CUDA memcpy Device-to-Host]
2370010750,12928,88714,1434,1,1,128,1,1,16,0.000,0.000,,,,,NVIDIA A100-SXM4-40GB MIG 4g.20gb (0),1,,13,cupy_copy__complex64_complex64
2370038110,2624,88721,103,1,1,128,1,1,16,0.000,0.000,,,,,NVIDIA A100-SXM4-40GB MIG 4g.20gb (0),1,,13,cupy_copy__complex64_complex64
2370053853,2144,88728,35,1,1,128,1,1,16,0.000,0.000,,,,,NVIDIA A100-SXM4-40GB MIG 4g.20gb (0),1,,13,cupy_copy__complex64_complex64
2370075549,1920,88735,1,1,1,1,1,1,18,0.000,0.000,,,,,NVIDIA A100-SXM4-40GB MIG 4g.20gb (0),1,,13,cupy_copy__float32_float32
2370198268,88638,88746,1,1,1,32,32,1,30,0.000,0.000,,,,,NVIDIA A100-SXM4-40GB MIG 4g.20gb (0),1,,13,"void convert_kernel<__half2, float2>(tensor_layout_any, T1 *, tensor_layout_any, const T2 *)"
2370314650,5504,88749,,,,,,,,,,0.094,17023.251,Pinned,Device,NVIDIA A100-SXM4-40GB MIG 4g.20gb (0),1,,13,[CUDA memcpy Host-to-Device]
2370330202,3360,88750,,,,,,,,,,1.547,460304.688,Device,,NVIDIA A100-SXM4-40GB MIG 4g.20gb (0),1,,13,[CUDA memset]
2370335930,3136,88755,,,,,,,,,,0.031,9979.575,Pinned,Device,NVIDIA A100-SXM4-40GB MIG 4g.20gb (0),1,,13,[CUDA memcpy Host-to-Device]
2370342010,9440,88756,,,,,,,,,,0.197,20827.079,Pinned,Device,NVIDIA A100-SXM4-40GB MIG 4g.20gb (0),1,,13,[CUDA memcpy Host-to-Device]
2370356794,6400,88757,273,1,1,8,4,1,39,0.002,0.000,,,,,NVIDIA A100-SXM4-40GB MIG 4g.20gb (0),1,,13,"void channel_eq::eqMmseCoefCompLowMimoKernel<float, float, float, (unsigned int)4, (unsigned int)1, (unsigned int)4>(const channel_eq::_puschRxChEqStatDescr *, channel_eq::_puschRxChEqCoefCompDynDescr)"
2370365882,6943,88758,273,1,1,12,11,1,51,0.002,0.000,,,,,NVIDIA A100-SXM4-40GB MIG 4g.20gb (0),1,,13,"void channel_eq::eqMmseSoftDemapKernel<float, __half, __half, float, (unsigned int)4, (unsigned short)16383>(channel_eq::_puschRxChEqStatDescr *, channel_eq::_puschRxChEqSoftDemapDynDescr)"
2370373945,283037,88759,1,1,1,32,32,1,30,0.000,0.000,,,,,NVIDIA A100-SXM4-40GB MIG 4g.20gb (0),1,,13,"void convert_kernel<float2, __half2>(tensor_layout_any, T1 *, tensor_layout_any, const T2 *)"
2370658966,10912,88771,2253,1,1,128,1,1,16,0.000,0.000,,,,,NVIDIA A100-SXM4-40GB MIG 4g.20gb (0),1,,13,cupy_copy__float16_float16
2370672502,3392,88780,282,1,1,128,1,1,16,0.000,0.000,,,,,NVIDIA A100-SXM4-40GB MIG 4g.20gb (0),1,,13,cupy_copy__complex64_complex64
2370677206,2368,88789,26,1,1,128,1,1,16,0.000,0.000,,,,,NVIDIA A100-SXM4-40GB MIG 4g.20gb (0),1,,13,cupy_copy__float32_float32
2370681750,3168,88798,103,1,1,128,1,1,16,0.000,0.000,,,,,NVIDIA A100-SXM4-40GB MIG 4g.20gb (0),1,,13,cupy_copy__complex64_complex64
2370687222,12191,88808,1434,1,1,128,1,1,16,0.000,0.000,,,,,NVIDIA A100-SXM4-40GB MIG 4g.20gb (0),1,,13,cupy_copy__complex64_complex64
2370705621,81983,88813,1,1,1,32,32,1,30,0.000,0.000,,,,,NVIDIA A100-SXM4-40GB MIG 4g.20gb (0),1,,13,"void convert_kernel<__half2, float2>(tensor_layout_any, T1 *, tensor_layout_any, const T2 *)"
2370815988,5344,88816,,,,,,,,,,0.094,17532.864,Pinned,Device,NVIDIA A100-SXM4-40GB MIG 4g.20gb (0),1,,13,[CUDA memcpy Host-to-Device]
2370825300,597464,88817,,,,,,,,,,456.561,763827.289,Device,,NVIDIA A100-SXM4-40GB MIG 4g.20gb (0),1,,13,[CUDA memset]
2371430412,101567,88822,,,,,,,,,,1.235,12158.024,Pinned,Device,NVIDIA A100-SXM4-40GB MIG 4g.20gb (0),1,,13,[CUDA memcpy Host-to-Device]
2371540395,16256,88823,,,,,,,,,,0.197,12094.341,Pinned,Device,NVIDIA A100-SXM4-40GB MIG 4g.20gb (0),1,,13,[CUDA memcpy Host-to-Device]
2371574411,8895,88824,69,4,1,48,1,1,76,0.002,0.000,,,,,NVIDIA A100-SXM4-40GB MIG 4g.20gb (0),1,,13,"void ch_est::windowedChEstPreNoDftSOfdmKernel<float, __half, float, (unsigned int)2, (unsigned int)1, (unsigned short)4>(ch_est::puschRxChEstStatDescr_t *, ch_est::puschRxChEstDynDescr_t *)"
2371592394,6240,88825,137,2,1,24,2,1,44,0.001,0.001,,,,,NVIDIA A100-SXM4-40GB MIG 4g.20gb (0),1,,13,"void ch_est::chEstFilterNoDftSOfdmDispatchKernel<float, __half, float, (unsigned int)2>(ch_est::puschRxChEstStatDescr_t *, ch_est::puschRxChEstDynDescr_t *)"
2371603594,4928,88826,137,2,1,24,2,1,44,0.001,0.001,,,,,NVIDIA A100-SXM4-40GB MIG 4g.20gb (0),1,,13,"void ch_est::chEstFilterNoDftSOfdmDispatchKernel<float, __half, float, (unsigned int)2>(ch_est::puschRxChEstStatDescr_t *, ch_est::puschRxChEstDynDescr_t *)"
2371615146,2528,88837,103,1,1,128,1,1,16,0.000,0.000,,,,,NVIDIA A100-SXM4-40GB MIG 4g.20gb (0),1,,13,cupy_copy__complex64_complex64
2371626506,12480,88847,1434,1,1,128,1,1,16,0.000,0.000,,,,,NVIDIA A100-SXM4-40GB MIG 4g.20gb (0),1,,13,cupy_copy__complex64_complex64
2371647370,2528,88854,103,1,1,128,1,1,16,0.000,0.000,,,,,NVIDIA A100-SXM4-40GB MIG 4g.20gb (0),1,,13,cupy_copy__complex64_complex64
2371653674,91454,88861,1,1,1,32,32,1,30,0.000,0.000,,,,,NVIDIA A100-SXM4-40GB MIG 4g.20gb (0),1,,13,"void convert_kernel<__half2, float2>(tensor_layout_any, T1 *, tensor_layout_any, const T2 *)"
2371773800,12928,88864,,,,,,,,,,0.094,7247.479,Pinned,Device,NVIDIA A100-SXM4-40GB MIG 4g.20gb (0),1,,13,[CUDA memcpy Host-to-Device]
2371795816,46847,88865,,,,,,,,,,35.810,764398.552,Device,,NVIDIA A100-SXM4-40GB MIG 4g.20gb (0),1,,13,[CUDA memset]
2371843175,13152,88867,,,,,,,,,,0.000,6.083,Pinned,Device,NVIDIA A100-SXM4-40GB MIG 4g.20gb (0),1,,13,[CUDA memcpy Host-to-Device]
2371864871,26432,88868,,,,,,,,,,0.197,7438.074,Pinned,Device,NVIDIA A100-SXM4-40GB MIG 4g.20gb (0),1,,13,[CUDA memcpy Host-to-Device]
2371913222,8864,88869,273,1,1,48,1,1,40,0.000,0.001,,,,,NVIDIA A100-SXM4-40GB MIG 4g.20gb (0),1,,13,"void pusch_noise_intf_est::noiseIntfEstNoDftSOfdmKernel<float, __half, float, float, (unsigned int)2, (unsigned int)1, (unsigned char)4, (unsigned char)4>(pusch_noise_intf_est::puschRxNoiseIntfEstDynDescr)"
2371927238,2560,88880,35,1,1,128,1,1,16,0.000,0.000,,,,,NVIDIA A100-SXM4-40GB MIG 4g.20gb (0),1,,13,cupy_copy__complex64_complex64
2371942822,1696,88889,1,1,1,1,1,1,18,0.000,0.000,,,,,NVIDIA A100-SXM4-40GB MIG 4g.20gb (0),1,,13,cupy_copy__float32_float32
2371945638,6752,88895,,,,,,,,,,0.000,0.592,Device,Pageable,NVIDIA A100-SXM4-40GB MIG 4g.20gb (0),1,,7,[CUDA memcpy Device-to-Host]
2372038725,12704,88906,1434,1,1,128,1,1,16,0.000,0.000,,,,,NVIDIA A100-SXM4-40GB MIG 4g.20gb (0),1,,13,cupy_copy__complex64_complex64
2372060421,3360,88913,103,1,1,128,1,1,16,0.000,0.000,,,,,NVIDIA A100-SXM4-40GB MIG 4g.20gb (0),1,,13,cupy_copy__complex64_complex64
2372079364,2528,88920,35,1,1,128,1,1,16,0.000,0.000,,,,,NVIDIA A100-SXM4-40GB MIG 4g.20gb (0),1,,13,cupy_copy__complex64_complex64
2372100708,1824,88927,1,1,1,1,1,1,18,0.000,0.000,,,,,NVIDIA A100-SXM4-40GB MIG 4g.20gb (0),1,,13,cupy_copy__float32_float32
2372236930,91007,88938,1,1,1,32,32,1,30,0.000,0.000,,,,,NVIDIA A100-SXM4-40GB MIG 4g.20gb (0),1,,13,"void convert_kernel<__half2, float2>(tensor_layout_any, T1 *, tensor_layout_any, const T2 *)"
2372359361,20000,88941,,,,,,,,,,0.094,4684.800,Pinned,Device,NVIDIA A100-SXM4-40GB MIG 4g.20gb (0),1,,13,[CUDA memcpy Host-to-Device]
2372394656,3424,88942,,,,,,,,,,1.547,451700.819,Device,,NVIDIA A100-SXM4-40GB MIG 4g.20gb (0),1,,13,[CUDA memset]
2372405568,7520,88947,,,,,,,,,,0.031,4161.679,Pinned,Device,NVIDIA A100-SXM4-40GB MIG 4g.20gb (0),1,,13,[CUDA memcpy Host-to-Device]
2372421792,17504,88948,,,,,,,,,,0.197,11232.018,Pinned,Device,NVIDIA A100-SXM4-40GB MIG 4g.20gb (0),1,,13,[CUDA memcpy Host-to-Device]
2372447616,8608,88949,273,1,1,8,4,1,39,0.002,0.000,,,,,NVIDIA A100-SXM4-40GB MIG 4g.20gb (0),1,,13,"void channel_eq::eqMmseCoefCompLowMimoKernel<float, float, float, (unsigned int)4, (unsigned int)1, (unsigned int)4>(const channel_eq::_puschRxChEqStatDescr *, channel_eq::_puschRxChEqCoefCompDynDescr)"
2372462816,7199,88950,273,1,1,12,11,1,51,0.002,0.000,,,,,NVIDIA A100-SXM4-40GB MIG 4g.20gb (0),1,,13,"void channel_eq::eqMmseSoftDemapKernel<float, __half, __half, float, (unsigned int)4, (unsigned short)16383>(channel_eq::_puschRxChEqStatDescr *, channel_eq::_puschRxChEqSoftDemapDynDescr)"
2372477599,290109,88951,1,1,1,32,32,1,30,0.000,0.000,,,,,NVIDIA A100-SXM4-40GB MIG 4g.20gb (0),1,,13,"void convert_kernel<float2, __half2>(tensor_layout_any, T1 *, tensor_layout_any, const T2 *)"
2372770492,11040,88963,2253,1,1,128,1,1,16,0.000,0.000,,,,,NVIDIA A100-SXM4-40GB MIG 4g.20gb (0),1,,13,cupy_copy__float16_float16
2372784828,3712,88972,282,1,1,128,1,1,16,0.000,0.000,,,,,NVIDIA A100-SXM4-40GB MIG 4g.20gb (0),1,,13,cupy_copy__complex64_complex64
2372791356,2335,88981,26,1,1,128,1,1,16,0.000,0.000,,,,,NVIDIA A100-SXM4-40GB MIG 4g.20gb (0),1,,13,cupy_copy__float32_float32
2372795899,2976,88990,103,1,1,128,1,1,16,0.000,0.000,,,,,NVIDIA A100-SXM4-40GB MIG 4g.20gb (0),1,,13,cupy_copy__complex64_complex64
2372800059,12128,89000,1434,1,1,128,1,1,16,0.000,0.000,,,,,NVIDIA A100-SXM4-40GB MIG 4g.20gb (0),1,,13,cupy_copy__complex64_complex64
2372813531,82655,89005,1,1,1,32,32,1,30,0.000,0.000,,,,,NVIDIA A100-SXM4-40GB MIG 4g.20gb (0),1,,13,"void convert_kernel<__half2, float2>(tensor_layout_any, T1 *, tensor_layout_any, const T2 *)"
2372923578,5440,89008,,,,,,,,,,0.094,17223.480,Pinned,Device,NVIDIA A100-SXM4-40GB MIG 4g.20gb (0),1,,13,[CUDA memcpy Host-to-Device]
2372933274,597272,89009,,,,,,,,,,456.561,764283.851,Device,,NVIDIA A100-SXM4-40GB MIG 4g.20gb (0),1,,13,[CUDA memset]
2373538194,147934,89014,,,,,,,,,,1.235,8346.986,Pinned,Device,NVIDIA A100-SXM4-40GB MIG 4g.20gb (0),1,,13,[CUDA memcpy Host-to-Device]
2373698576,39616,89015,,,,,,,,,,0.197,4962.779,Pinned,Device,NVIDIA A100-SXM4-40GB MIG 4g.20gb (0),1,,13,[CUDA memcpy Host-to-Device]
2373753200,8352,89016,69,4,1,48,1,1,76,0.002,0.000,,,,,NVIDIA A100-SXM4-40GB MIG 4g.20gb (0),1,,13,"void ch_est::windowedChEstPreNoDftSOfdmKernel<float, __half, float, (unsigned int)2, (unsigned int)1, (unsigned short)4>(ch_est::puschRxChEstStatDescr_t *, ch_est::puschRxChEstDynDescr_t *)"
2373770703,6592,89017,137,2,1,24,2,1,44,0.001,0.001,,,,,NVIDIA A100-SXM4-40GB MIG 4g.20gb (0),1,,13,"void ch_est::chEstFilterNoDftSOfdmDispatchKernel<float, __half, float, (unsigned int)2>(ch_est::puschRxChEstStatDescr_t *, ch_est::puschRxChEstDynDescr_t *)"
2373782127,4768,89018,137,2,1,24,2,1,44,0.001,0.001,,,,,NVIDIA A100-SXM4-40GB MIG 4g.20gb (0),1,,13,"void ch_est::chEstFilterNoDftSOfdmDispatchKernel<float, __half, float, (unsigned int)2>(ch_est::puschRxChEstStatDescr_t *, ch_est::puschRxChEstDynDescr_t *)"
2373797551,2656,89029,103,1,1,128,1,1,16,0.000,0.000,,,,,NVIDIA A100-SXM4-40GB MIG 4g.20gb (0),1,,13,cupy_copy__complex64_complex64
2373807375,12864,89039,1434,1,1,128,1,1,16,0.000,0.000,,,,,NVIDIA A100-SXM4-40GB MIG 4g.20gb (0),1,,13,cupy_copy__complex64_complex64
2373824527,2944,89046,103,1,1,128,1,1,16,0.000,0.000,,,,,NVIDIA A100-SXM4-40GB MIG 4g.20gb (0),1,,13,cupy_copy__complex64_complex64
2373835183,87103,89053,1,1,1,32,32,1,30,0.000,0.000,,,,,NVIDIA A100-SXM4-40GB MIG 4g.20gb (0),1,,13,"void convert_kernel<__half2, float2>(tensor_layout_any, T1 *, tensor_layout_any, const T2 *)"
2373949581,5952,89056,,,,,,,,,,0.094,15741.865,Pinned,Device,NVIDIA A100-SXM4-40GB MIG 4g.20gb (0),1,,13,[CUDA memcpy Host-to-Device]
2373969837,47679,89057,,,,,,,,,,35.810,751041.452,Device,,NVIDIA A100-SXM4-40GB MIG 4g.20gb (0),1,,13,[CUDA memset]
2374018924,7584,89059,,,,,,,,,,0.000,10.548,Pinned,Device,NVIDIA A100-SXM4-40GB MIG 4g.20gb (0),1,,13,[CUDA memcpy Host-to-Device]
2374033996,16672,89060,,,,,,,,,,0.197,11792.548,Pinned,Device,NVIDIA A100-SXM4-40GB MIG 4g.20gb (0),1,,13,[CUDA memcpy Host-to-Device]
2374062988,9696,89061,273,1,1,48,1,1,40,0.000,0.001,,,,,NVIDIA A100-SXM4-40GB MIG 4g.20gb (0),1,,13,"void pusch_noise_intf_est::noiseIntfEstNoDftSOfdmKernel<float, __half, float, float, (unsigned int)2, (unsigned int)1, (unsigned char)4, (unsigned char)4>(pusch_noise_intf_est::puschRxNoiseIntfEstDynDescr)"
2374084108,2944,89072,35,1,1,128,1,1,16,0.000,0.000,,,,,NVIDIA A100-SXM4-40GB MIG 4g.20gb (0),1,,13,cupy_copy__complex64_complex64
2374094635,1696,89081,1,1,1,1,1,1,18,0.000,0.000,,,,,NVIDIA A100-SXM4-40GB MIG 4g.20gb (0),1,,13,cupy_copy__float32_float32
2374111467,2784,89087,,,,,,,,,,0.000,1.437,Device,Pageable,NVIDIA A100-SXM4-40GB MIG 4g.20gb (0),1,,7,[CUDA memcpy Device-to-Host]
2374184298,12704,89098,1434,1,1,128,1,1,16,0.000,0.000,,,,,NVIDIA A100-SXM4-40GB MIG 4g.20gb (0),1,,13,cupy_copy__complex64_complex64
2374211402,3456,89105,103,1,1,128,1,1,16,0.000,0.000,,,,,NVIDIA A100-SXM4-40GB MIG 4g.20gb (0),1,,13,cupy_copy__complex64_complex64
2374230890,2688,89112,35,1,1,128,1,1,16,0.000,0.000,,,,,NVIDIA A100-SXM4-40GB MIG 4g.20gb (0),1,,13,cupy_copy__complex64_complex64
2374247626,1791,89119,1,1,1,1,1,1,18,0.000,0.000,,,,,NVIDIA A100-SXM4-40GB MIG 4g.20gb (0),1,,13,cupy_copy__float32_float32
2374378536,87327,89130,1,1,1,32,32,1,30,0.000,0.000,,,,,NVIDIA A100-SXM4-40GB MIG 4g.20gb (0),1,,13,"void convert_kernel<__half2, float2>(tensor_layout_any, T1 *, tensor_layout_any, const T2 *)"
2374493510,5984,89133,,,,,,,,,,0.094,15657.726,Pinned,Device,NVIDIA A100-SXM4-40GB MIG 4g.20gb (0),1,,13,[CUDA memcpy Host-to-Device]
2374508294,3520,89134,,,,,,,,,,1.547,439380.412,Device,,NVIDIA A100-SXM4-40GB MIG 4g.20gb (0),1,,13,[CUDA memset]
2374514470,3776,89139,,,,,,,,,,0.031,8288.120,Pinned,Device,NVIDIA A100-SXM4-40GB MIG 4g.20gb (0),1,,13,[CUDA memcpy Host-to-Device]
2374520934,9952,89140,,,,,,,,,,0.197,19755.565,Pinned,Device,NVIDIA A100-SXM4-40GB MIG 4g.20gb (0),1,,13,[CUDA memcpy Host-to-Device]
2374536198,6432,89141,273,1,1,8,4,1,39,0.002,0.000,,,,,NVIDIA A100-SXM4-40GB MIG 4g.20gb (0),1,,13,"void channel_eq::eqMmseCoefCompLowMimoKernel<float, float, float, (unsigned int)4, (unsigned int)1, (unsigned int)4>(const channel_eq::_puschRxChEqStatDescr *, channel_eq::_puschRxChEqCoefCompDynDescr)"
2374543654,6240,89142,273,1,1,12,11,1,51,0.002,0.000,,,,,NVIDIA A100-SXM4-40GB MIG 4g.20gb (0),1,,13,"void channel_eq::eqMmseSoftDemapKernel<float, __half, __half, float, (unsigned int)4, (unsigned short)16383>(channel_eq::_puschRxChEqStatDescr *, channel_eq::_puschRxChEqSoftDemapDynDescr)"
2374551046,282780,89143,1,1,1,32,32,1,30,0.000,0.000,,,,,NVIDIA A100-SXM4-40GB MIG 4g.20gb (0),1,,13,"void convert_kernel<float2, __half2>(tensor_layout_any, T1 *, tensor_layout_any, const T2 *)"
2374835810,10912,89155,2253,1,1,128,1,1,16,0.000,0.000,,,,,NVIDIA A100-SXM4-40GB MIG 4g.20gb (0),1,,13,cupy_copy__float16_float16
2374847938,2848,89164,282,1,1,128,1,1,16,0.000,0.000,,,,,NVIDIA A100-SXM4-40GB MIG 4g.20gb (0),1,,13,cupy_copy__complex64_complex64
2374852450,2112,89173,26,1,1,128,1,1,16,0.000,0.000,,,,,NVIDIA A100-SXM4-40GB MIG 4g.20gb (0),1,,13,cupy_copy__float32_float32
2374855682,2976,89182,103,1,1,128,1,1,16,0.000,0.000,,,,,NVIDIA A100-SXM4-40GB MIG 4g.20gb (0),1,,13,cupy_copy__complex64_complex64
2374860770,12096,89192,1434,1,1,128,1,1,16,0.000,0.000,,,,,NVIDIA A100-SXM4-40GB MIG 4g.20gb (0),1,,13,cupy_copy__complex64_complex64
2374898465,87295,89197,1,1,1,32,32,1,30,0.000,0.000,,,,,NVIDIA A100-SXM4-40GB MIG 4g.20gb (0),1,,13,"void convert_kernel<__half2, float2>(tensor_layout_any, T1 *, tensor_layout_any, const T2 *)"
2375012224,5664,89200,,,,,,,,,,0.094,16542.310,Pinned,Device,NVIDIA A100-SXM4-40GB MIG 4g.20gb (0),1,,13,[CUDA memcpy Host-to-Device]
2375022848,597657,89201,,,,,,,,,,456.561,763827.289,Device,,NVIDIA A100-SXM4-40GB MIG 4g.20gb (0),1,,13,[CUDA memset]
2375627032,137887,89206,,,,,,,,,,1.235,8955.814,Pinned,Device,NVIDIA A100-SXM4-40GB MIG 4g.20gb (0),1,,13,[CUDA memcpy Host-to-Device]
2375780247,39999,89207,,,,,,,,,,0.197,4915.200,Pinned,Device,NVIDIA A100-SXM4-40GB MIG 4g.20gb (0),1,,13,[CUDA memcpy Host-to-Device]
2375850326,8288,89208,69,4,1,48,1,1,76,0.002,0.000,,,,,NVIDIA A100-SXM4-40GB MIG 4g.20gb (0),1,,13,"void ch_est::windowedChEstPreNoDftSOfdmKernel<float, __half, float, (unsigned int)2, (unsigned int)1, (unsigned short)4>(ch_est::puschRxChEstStatDescr_t *, ch_est::puschRxChEstDynDescr_t *)"
2375868085,7072,89209,137,2,1,24,2,1,44,0.001,0.001,,,,,NVIDIA A100-SXM4-40GB MIG 4g.20gb (0),1,,13,"void ch_est::chEstFilterNoDftSOfdmDispatchKernel<float, __half, float, (unsigned int)2>(ch_est::puschRxChEstStatDescr_t *, ch_est::puschRxChEstDynDescr_t *)"
2375885589,4736,89210,137,2,1,24,2,1,44,0.001,0.001,,,,,NVIDIA A100-SXM4-40GB MIG 4g.20gb (0),1,,13,"void ch_est::chEstFilterNoDftSOfdmDispatchKernel<float, __half, float, (unsigned int)2>(ch_est::puschRxChEstStatDescr_t *, ch_est::puschRxChEstDynDescr_t *)"
2375902453,2496,89221,103,1,1,128,1,1,16,0.000,0.000,,,,,NVIDIA A100-SXM4-40GB MIG 4g.20gb (0),1,,13,cupy_copy__complex64_complex64
2375921749,12512,89231,1434,1,1,128,1,1,16,0.000,0.000,,,,,NVIDIA A100-SXM4-40GB MIG 4g.20gb (0),1,,13,cupy_copy__complex64_complex64
2375940149,2944,89238,103,1,1,128,1,1,16,0.000,0.000,,,,,NVIDIA A100-SXM4-40GB MIG 4g.20gb (0),1,,13,cupy_copy__complex64_complex64
2375962740,84607,89245,1,1,1,32,32,1,30,0.000,0.000,,,,,NVIDIA A100-SXM4-40GB MIG 4g.20gb (0),1,,13,"void convert_kernel<__half2, float2>(tensor_layout_any, T1 *, tensor_layout_any, const T2 *)"
2376082227,15008,89248,,,,,,,,,,0.094,6243.058,Pinned,Device,NVIDIA A100-SXM4-40GB MIG 4g.20gb (0),1,,13,[CUDA memcpy Host-to-Device]
2376109171,47103,89249,,,,,,,,,,35.810,760244.602,Device,,NVIDIA A100-SXM4-40GB MIG 4g.20gb (0),1,,13,[CUDA memset]
2376157938,3520,89251,,,,,,,,,,0.000,22.727,Pinned,Device,NVIDIA A100-SXM4-40GB MIG 4g.20gb (0),1,,13,[CUDA memcpy Host-to-Device]
2376168370,18720,89252,,,,,,,,,,0.197,10502.406,Pinned,Device,NVIDIA A100-SXM4-40GB MIG 4g.20gb (0),1,,13,[CUDA memcpy Host-to-Device]
2376197457,9696,89253,273,1,1,48,1,1,40,0.000,0.001,,,,,NVIDIA A100-SXM4-40GB MIG 4g.20gb (0),1,,13,"void pusch_noise_intf_est::noiseIntfEstNoDftSOfdmKernel<float, __half, float, float, (unsigned int)2, (unsigned int)1, (unsigned char)4, (unsigned char)4>(pusch_noise_intf_est::puschRxNoiseIntfEstDynDescr)"
2376212177,2784,89264,35,1,1,128,1,1,16,0.000,0.000,,,,,NVIDIA A100-SXM4-40GB MIG 4g.20gb (0),1,,13,cupy_copy__complex64_complex64
2376220145,1856,89273,1,1,1,1,1,1,18,0.000,0.000,,,,,NVIDIA A100-SXM4-40GB MIG 4g.20gb (0),1,,13,cupy_copy__float32_float32
2376232401,5664,89279,,,,,,,,,,0.000,0.706,Device,Pageable,NVIDIA A100-SXM4-40GB MIG 4g.20gb (0),1,,7,[CUDA memcpy Device-to-Host]
2376306800,12928,89290,1434,1,1,128,1,1,16,0.000,0.000,,,,,NVIDIA A100-SXM4-40GB MIG 4g.20gb (0),1,,13,cupy_copy__complex64_complex64
2376338416,2784,89297,103,1,1,128,1,1,16,0.000,0.000,,,,,NVIDIA A100-SXM4-40GB MIG 4g.20gb (0),1,,13,cupy_copy__complex64_complex64
2376355343,2752,89304,35,1,1,128,1,1,16,0.000,0.000,,,,,NVIDIA A100-SXM4-40GB MIG 4g.20gb (0),1,,13,cupy_copy__complex64_complex64
2376371311,1952,89311,1,1,1,1,1,1,18,0.000,0.000,,,,,NVIDIA A100-SXM4-40GB MIG 4g.20gb (0),1,,13,cupy_copy__float32_float32
2376507502,83327,89322,1,1,1,32,32,1,30,0.000,0.000,,,,,NVIDIA A100-SXM4-40GB MIG 4g.20gb (0),1,,13,"void convert_kernel<__half2, float2>(tensor_layout_any, T1 *, tensor_layout_any, const T2 *)"
2376618028,5536,89325,,,,,,,,,,0.094,16924.777,Pinned,Device,NVIDIA A100-SXM4-40GB MIG 4g.20gb (0),1,,13,[CUDA memcpy Host-to-Device]
2376632268,3296,89326,,,,,,,,,,1.547,469242.628,Device,,NVIDIA A100-SXM4-40GB MIG 4g.20gb (0),1,,13,[CUDA memset]
2376639212,3008,89331,,,,,,,,,,0.031,10404.230,Pinned,Device,NVIDIA A100-SXM4-40GB MIG 4g.20gb (0),1,,13,[CUDA memcpy Host-to-Device]
2376644780,9440,89332,,,,,,,,,,0.197,20827.079,Pinned,Device,NVIDIA A100-SXM4-40GB MIG 4g.20gb (0),1,,13,[CUDA memcpy Host-to-Device]
2376659660,8864,89333,273,1,1,8,4,1,39,0.002,0.000,,,,,NVIDIA A100-SXM4-40GB MIG 4g.20gb (0),1,,13,"void channel_eq::eqMmseCoefCompLowMimoKernel<float, float, float, (unsigned int)4, (unsigned int)1, (unsigned int)4>(const channel_eq::_puschRxChEqStatDescr *, channel_eq::_puschRxChEqCoefCompDynDescr)"
2376671628,7903,89334,273,1,1,12,11,1,51,0.002,0.000,,,,,NVIDIA A100-SXM4-40GB MIG 4g.20gb (0),1,,13,"void channel_eq::eqMmseSoftDemapKernel<float, __half, __half, float, (unsigned int)4, (unsigned short)16383>(channel_eq::_puschRxChEqStatDescr *, channel_eq::_puschRxChEqSoftDemapDynDescr)"
2376681675,282557,89335,1,1,1,32,32,1,30,0.000,0.000,,,,,NVIDIA A100-SXM4-40GB MIG 4g.20gb (0),1,,13,"void convert_kernel<float2, __half2>(tensor_layout_any, T1 *, tensor_layout_any, const T2 *)"
2376965736,10880,89347,2253,1,1,128,1,1,16,0.000,0.000,,,,,NVIDIA A100-SXM4-40GB MIG 4g.20gb (0),1,,13,cupy_copy__float16_float16
2376981672,3328,89356,282,1,1,128,1,1,16,0.000,0.000,,,,,NVIDIA A100-SXM4-40GB MIG 4g.20gb (0),1,,13,cupy_copy__complex64_complex64
2376986344,2112,89365,26,1,1,128,1,1,16,0.000,0.000,,,,,NVIDIA A100-SXM4-40GB MIG 4g.20gb (0),1,,13,cupy_copy__float32_float32
2376989512,3168,89374,103,1,1,128,1,1,16,0.000,0.000,,,,,NVIDIA A100-SXM4-40GB MIG 4g.20gb (0),1,,13,cupy_copy__complex64_complex64
2376995944,12063,89384,1434,1,1,128,1,1,16,0.000,0.000,,,,,NVIDIA A100-SXM4-40GB MIG 4g.20gb (0),1,,13,cupy_copy__complex64_complex64
2377011879,87199,89389,1,1,1,32,32,1,30,0.000,0.000,,,,,NVIDIA A100-SXM4-40GB MIG 4g.20gb (0),1,,13,"void convert_kernel<__half2, float2>(tensor_layout_any, T1 *, tensor_layout_any, const T2 *)"
2377126118,5696,89392,,,,,,,,,,0.094,16449.363,Pinned,Device,NVIDIA A100-SXM4-40GB MIG 4g.20gb (0),1,,13,[CUDA memcpy Host-to-Device]
2377137190,599256,89393,,,,,,,,,,456.561,761544.482,Device,,NVIDIA A100-SXM4-40GB MIG 4g.20gb (0),1,,13,[CUDA memset]
2377741374,134815,89398,,,,,,,,,,1.235,9159.580,Pinned,Device,NVIDIA A100-SXM4-40GB MIG 4g.20gb (0),1,,13,[CUDA memcpy Host-to-Device]
2377889308,45856,89399,,,,,,,,,,0.197,4287.431,Pinned,Device,NVIDIA A100-SXM4-40GB MIG 4g.20gb (0),1,,13,[CUDA memcpy Host-to-Device]
2377953596,8448,89400,69,4,1,48,1,1,76,0.002,0.000,,,,,NVIDIA A100-SXM4-40GB MIG 4g.20gb (0),1,,13,"void ch_est::windowedChEstPreNoDftSOfdmKernel<float, __half, float, (unsigned int)2, (unsigned int)1, (unsigned short)4>(ch_est::puschRxChEstStatDescr_t *, ch_est::puschRxChEstDynDescr_t *)"
2377969116,6559,89401,137,2,1,24,2,1,44,0.001,0.001,,,,,NVIDIA A100-SXM4-40GB MIG 4g.20gb (0),1,,13,"void ch_est::chEstFilterNoDftSOfdmDispatchKernel<float, __half, float, (unsigned int)2>(ch_est::puschRxChEstStatDescr_t *, ch_est::puschRxChEstDynDescr_t *)"
2377983483,4864,89402,137,2,1,24,2,1,44,0.001,0.001,,,,,NVIDIA A100-SXM4-40GB MIG 4g.20gb (0),1,,13,"void ch_est::chEstFilterNoDftSOfdmDispatchKernel<float, __half, float, (unsigned int)2>(ch_est::puschRxChEstStatDescr_t *, ch_est::puschRxChEstDynDescr_t *)"
2377997787,2592,89413,103,1,1,128,1,1,16,0.000,0.000,,,,,NVIDIA A100-SXM4-40GB MIG 4g.20gb (0),1,,13,cupy_copy__complex64_complex64
2378011259,12544,89423,1434,1,1,128,1,1,16,0.000,0.000,,,,,NVIDIA A100-SXM4-40GB MIG 4g.20gb (0),1,,13,cupy_copy__complex64_complex64
2378039099,2560,89430,103,1,1,128,1,1,16,0.000,0.000,,,,,NVIDIA A100-SXM4-40GB MIG 4g.20gb (0),1,,13,cupy_copy__complex64_complex64
2378052570,83135,89437,1,1,1,32,32,1,30,0.000,0.000,,,,,NVIDIA A100-SXM4-40GB MIG 4g.20gb (0),1,,13,"void convert_kernel<__half2, float2>(tensor_layout_any, T1 *, tensor_layout_any, const T2 *)"
2378168025,14528,89440,,,,,,,,,,0.094,6449.283,Pinned,Device,NVIDIA A100-SXM4-40GB MIG 4g.20gb (0),1,,13,[CUDA memcpy Host-to-Device]
2378194297,46911,89441,,,,,,,,,,35.810,763324.255,Device,,NVIDIA A100-SXM4-40GB MIG 4g.20gb (0),1,,13,[CUDA memset]
2378249144,11360,89443,,,,,,,,,,0.000,7.042,Pinned,Device,NVIDIA A100-SXM4-40GB MIG 4g.20gb (0),1,,13,[CUDA memcpy Host-to-Device]
2378269368,24799,89444,,,,,,,,,,0.197,7928.021,Pinned,Device,NVIDIA A100-SXM4-40GB MIG 4g.20gb (0),1,,13,[CUDA memcpy Host-to-Device]
2378315991,9536,89445,273,1,1,48,1,1,40,0.000,0.001,,,,,NVIDIA A100-SXM4-40GB MIG 4g.20gb (0),1,,13,"void pusch_noise_intf_est::noiseIntfEstNoDftSOfdmKernel<float, __half, float, float, (unsigned int)2, (unsigned int)1, (unsigned char)4, (unsigned char)4>(pusch_noise_intf_est::puschRxNoiseIntfEstDynDescr)"
2378334487,2752,89456,35,1,1,128,1,1,16,0.000,0.000,,,,,NVIDIA A100-SXM4-40GB MIG 4g.20gb (0),1,,13,cupy_copy__complex64_complex64
2378350903,1696,89465,1,1,1,1,1,1,18,0.000,0.000,,,,,NVIDIA A100-SXM4-40GB MIG 4g.20gb (0),1,,13,cupy_copy__float32_float32
2378360055,7456,89471,,,,,,,,,,0.000,0.536,Device,Pageable,NVIDIA A100-SXM4-40GB MIG 4g.20gb (0),1,,7,[CUDA memcpy Device-to-Host]
2378457365,12704,89482,1434,1,1,128,1,1,16,0.000,0.000,,,,,NVIDIA A100-SXM4-40GB MIG 4g.20gb (0),1,,13,cupy_copy__complex64_complex64
2378477301,7936,89489,103,1,1,128,1,1,16,0.000,0.000,,,,,NVIDIA A100-SXM4-40GB MIG 4g.20gb (0),1,,13,cupy_copy__complex64_complex64
2378493813,2624,89496,35,1,1,128,1,1,16,0.000,0.000,,,,,NVIDIA A100-SXM4-40GB MIG 4g.20gb (0),1,,13,cupy_copy__complex64_complex64
2378517109,2016,89503,1,1,1,1,1,1,18,0.000,0.000,,,,,NVIDIA A100-SXM4-40GB MIG 4g.20gb (0),1,,13,cupy_copy__float32_float32
2378639891,90143,89514,1,1,1,32,32,1,30,0.000,0.000,,,,,NVIDIA A100-SXM4-40GB MIG 4g.20gb (0),1,,13,"void convert_kernel<__half2, float2>(tensor_layout_any, T1 *, tensor_layout_any, const T2 *)"
2378757682,13696,89517,,,,,,,,,,0.094,6841.120,Pinned,Device,NVIDIA A100-SXM4-40GB MIG 4g.20gb (0),1,,13,[CUDA memcpy Host-to-Device]
2378776338,3359,89518,,,,,,,,,,1.547,460440.791,Device,,NVIDIA A100-SXM4-40GB MIG 4g.20gb (0),1,,13,[CUDA memset]
2378782513,7616,89523,,,,,,,,,,0.031,4109.227,Pinned,Device,NVIDIA A100-SXM4-40GB MIG 4g.20gb (0),1,,13,[CUDA memcpy Host-to-Device]
2378792913,16608,89524,,,,,,,,,,0.197,11837.964,Pinned,Device,NVIDIA A100-SXM4-40GB MIG 4g.20gb (0),1,,13,[CUDA memcpy Host-to-Device]
2378822161,6464,89525,273,1,1,8,4,1,39,0.002,0.000,,,,,NVIDIA A100-SXM4-40GB MIG 4g.20gb (0),1,,13,"void channel_eq::eqMmseCoefCompLowMimoKernel<float, float, float, (unsigned int)4, (unsigned int)1, (unsigned int)4>(const channel_eq::_puschRxChEqStatDescr *, channel_eq::_puschRxChEqCoefCompDynDescr)"
2378833073,5568,89526,273,1,1,12,11,1,51,0.002,0.000,,,,,NVIDIA A100-SXM4-40GB MIG 4g.20gb (0),1,,13,"void channel_eq::eqMmseSoftDemapKernel<float, __half, __half, float, (unsigned int)4, (unsigned short)16383>(channel_eq::_puschRxChEqStatDescr *, channel_eq::_puschRxChEqSoftDemapDynDescr)"
2378840913,282940,89527,1,1,1,32,32,1,30,0.000,0.000,,,,,NVIDIA A100-SXM4-40GB MIG 4g.20gb (0),1,,13,"void convert_kernel<float2, __half2>(tensor_layout_any, T1 *, tensor_layout_any, const T2 *)"
2379127053,11200,89539,2253,1,1,128,1,1,16,0.000,0.000,,,,,NVIDIA A100-SXM4-40GB MIG 4g.20gb (0),1,,13,cupy_copy__float16_float16
2379142381,2848,89548,282,1,1,128,1,1,16,0.000,0.000,,,,,NVIDIA A100-SXM4-40GB MIG 4g.20gb (0),1,,13,cupy_copy__complex64_complex64
2379146605,2464,89557,26,1,1,128,1,1,16,0.000,0.000,,,,,NVIDIA A100-SXM4-40GB MIG 4g.20gb (0),1,,13,cupy_copy__float32_float32
2379151757,4704,89566,103,1,1,128,1,1,16,0.000,0.000,,,,,NVIDIA A100-SXM4-40GB MIG 4g.20gb (0),1,,13,cupy_copy__complex64_complex64
2379158189,12032,89576,1434,1,1,128,1,1,16,0.000,0.000,,,,,NVIDIA A100-SXM4-40GB MIG 4g.20gb (0),1,,13,cupy_copy__complex64_complex64
2379172269,87647,89581,1,1,1,32,32,1,30,0.000,0.000,,,,,NVIDIA A100-SXM4-40GB MIG 4g.20gb (0),1,,13,"void convert_kernel<__half2, float2>(tensor_layout_any, T1 *, tensor_layout_any, const T2 *)"
2379286795,5504,89584,,,,,,,,,,0.094,17023.251,Pinned,Device,NVIDIA A100-SXM4-40GB MIG 4g.20gb (0),1,,13,[CUDA memcpy Host-to-Device]
2379296459,602521,89585,,,,,,,,,,456.561,757435.429,Device,,NVIDIA A100-SXM4-40GB MIG 4g.20gb (0),1,,13,[CUDA memset]
2379903396,78783,89590,,,,,,,,,,1.235,15675.144,Pinned,Device,NVIDIA A100-SXM4-40GB MIG 4g.20gb (0),1,,13,[CUDA memcpy Host-to-Device]
2379988419,17631,89591,,,,,,,,,,0.197,11151.213,Pinned,Device,NVIDIA A100-SXM4-40GB MIG 4g.20gb (0),1,,13,[CUDA memcpy Host-to-Device]
2380015010,8256,89592,69,4,1,48,1,1,76,0.002,0.000,,,,,NVIDIA A100-SXM4-40GB MIG 4g.20gb (0),1,,13,"void ch_est::windowedChEstPreNoDftSOfdmKernel<float, __half, float, (unsigned int)2, (unsigned int)1, (unsigned short)4>(ch_est::puschRxChEstStatDescr_t *, ch_est::puschRxChEstDynDescr_t *)"
2380030242,7968,89593,137,2,1,24,2,1,44,0.001,0.001,,,,,NVIDIA A100-SXM4-40GB MIG 4g.20gb (0),1,,13,"void ch_est::chEstFilterNoDftSOfdmDispatchKernel<float, __half, float, (unsigned int)2>(ch_est::puschRxChEstStatDescr_t *, ch_est::puschRxChEstDynDescr_t *)"
2380045506,6240,89594,137,2,1,24,2,1,44,0.001,0.001,,,,,NVIDIA A100-SXM4-40GB MIG 4g.20gb (0),1,,13,"void ch_est::chEstFilterNoDftSOfdmDispatchKernel<float, __half, float, (unsigned int)2>(ch_est::puschRxChEstStatDescr_t *, ch_est::puschRxChEstDynDescr_t *)"
2380053250,3040,89605,103,1,1,128,1,1,16,0.000,0.000,,,,,NVIDIA A100-SXM4-40GB MIG 4g.20gb (0),1,,13,cupy_copy__complex64_complex64
2380061506,12959,89615,1434,1,1,128,1,1,16,0.000,0.000,,,,,NVIDIA A100-SXM4-40GB MIG 4g.20gb (0),1,,13,cupy_copy__complex64_complex64
2380076449,3168,89622,103,1,1,128,1,1,16,0.000,0.000,,,,,NVIDIA A100-SXM4-40GB MIG 4g.20gb (0),1,,13,cupy_copy__complex64_complex64
2380087169,82143,89629,1,1,1,32,32,1,30,0.000,0.000,,,,,NVIDIA A100-SXM4-40GB MIG 4g.20gb (0),1,,13,"void convert_kernel<__half2, float2>(tensor_layout_any, T1 *, tensor_layout_any, const T2 *)"
2380197888,13152,89632,,,,,,,,,,0.094,7124.082,Pinned,Device,NVIDIA A100-SXM4-40GB MIG 4g.20gb (0),1,,13,[CUDA memcpy Host-to-Device]
2380216672,47167,89633,,,,,,,,,,35.810,759206.114,Device,,NVIDIA A100-SXM4-40GB MIG 4g.20gb (0),1,,13,[CUDA memset]
2380266399,6592,89635,,,,,,,,,,0.000,12.136,Pinned,Device,NVIDIA A100-SXM4-40GB MIG 4g.20gb (0),1,,13,[CUDA memcpy Host-to-Device]
2380276671,18688,89636,,,,,,,,,,0.197,10520.494,Pinned,Device,NVIDIA A100-SXM4-40GB MIG 4g.20gb (0),1,,13,[CUDA memcpy Host-to-Device]
2380313791,9215,89637,273,1,1,48,1,1,40,0.000,0.001,,,,,NVIDIA A100-SXM4-40GB MIG 4g.20gb (0),1,,13,"void pusch_noise_intf_est::noiseIntfEstNoDftSOfdmKernel<float, __half, float, float, (unsigned int)2, (unsigned int)1, (unsigned char)4, (unsigned char)4>(pusch_noise_intf_est::puschRxNoiseIntfEstDynDescr)"
2380333502,2624,89648,35,1,1,128,1,1,16,0.000,0.000,,,,,NVIDIA A100-SXM4-40GB MIG 4g.20gb (0),1,,13,cupy_copy__complex64_complex64
2380346782,1696,89657,1,1,1,1,1,1,18,0.000,0.000,,,,,NVIDIA A100-SXM4-40GB MIG 4g.20gb (0),1,,13,cupy_copy__float32_float32
2380353342,5248,89663,,,,,,,,,,0.000,0.762,Device,Pageable,NVIDIA A100-SXM4-40GB MIG 4g.20gb (0),1,,7,[CUDA memcpy Device-to-Host]
2380424669,13056,89674,1434,1,1,128,1,1,16,0.000,0.000,,,,,NVIDIA A100-SXM4-40GB MIG 4g.20gb (0),1,,13,cupy_copy__complex64_complex64
2380448861,2880,89681,103,1,1,128,1,1,16,0.000,0.000,,,,,NVIDIA A100-SXM4-40GB MIG 4g.20gb (0),1,,13,cupy_copy__complex64_complex64
2380469981,2560,89688,35,1,1,128,1,1,16,0.000,0.000,,,,,NVIDIA A100-SXM4-40GB MIG 4g.20gb (0),1,,13,cupy_copy__complex64_complex64
2380488220,1760,89695,1,1,1,1,1,1,18,0.000,0.000,,,,,NVIDIA A100-SXM4-40GB MIG 4g.20gb (0),1,,13,cupy_copy__float32_float32
2380620443,82143,89706,1,1,1,32,32,1,30,0.000,0.000,,,,,NVIDIA A100-SXM4-40GB MIG 4g.20gb (0),1,,13,"void convert_kernel<__half2, float2>(tensor_layout_any, T1 *, tensor_layout_any, const T2 *)"
2380729977,5824,89709,,,,,,,,,,0.094,16087.884,Pinned,Device,NVIDIA A100-SXM4-40GB MIG 4g.20gb (0),1,,13,[CUDA memcpy Host-to-Device]
2380745209,3392,89710,,,,,,,,,,1.547,455961.768,Device,,NVIDIA A100-SXM4-40GB MIG 4g.20gb (0),1,,13,[CUDA memset]
2380751289,3072,89715,,,,,,,,,,0.031,10187.474,Pinned,Device,NVIDIA A100-SXM4-40GB MIG 4g.20gb (0),1,,13,[CUDA memcpy Host-to-Device]
2380756793,9312,89716,,,,,,,,,,0.197,21113.340,Pinned,Device,NVIDIA A100-SXM4-40GB MIG 4g.20gb (0),1,,13,[CUDA memcpy Host-to-Device]
2380771097,7232,89717,273,1,1,8,4,1,39,0.002,0.000,,,,,NVIDIA A100-SXM4-40GB MIG 4g.20gb (0),1,,13,"void channel_eq::eqMmseCoefCompLowMimoKernel<float, float, float, (unsigned int)4, (unsigned int)1, (unsigned int)4>(const channel_eq::_puschRxChEqStatDescr *, channel_eq::_puschRxChEqCoefCompDynDescr)"
2380781113,6240,89718,273,1,1,12,11,1,51,0.002,0.000,,,,,NVIDIA A100-SXM4-40GB MIG 4g.20gb (0),1,,13,"void channel_eq::eqMmseSoftDemapKernel<float, __half, __half, float, (unsigned int)4, (unsigned short)16383>(channel_eq::_puschRxChEqStatDescr *, channel_eq::_puschRxChEqSoftDemapDynDescr)"
2380790713,289500,89719,1,1,1,32,32,1,30,0.000,0.000,,,,,NVIDIA A100-SXM4-40GB MIG 4g.20gb (0),1,,13,"void convert_kernel<float2, __half2>(tensor_layout_any, T1 *, tensor_layout_any, const T2 *)"
2381081269,10848,89731,2253,1,1,128,1,1,16,0.000,0.000,,,,,NVIDIA A100-SXM4-40GB MIG 4g.20gb (0),1,,13,cupy_copy__float16_float16
2381094389,3104,89740,282,1,1,128,1,1,16,0.000,0.000,,,,,NVIDIA A100-SXM4-40GB MIG 4g.20gb (0),1,,13,cupy_copy__complex64_complex64
2381099445,2336,89749,26,1,1,128,1,1,16,0.000,0.000,,,,,NVIDIA A100-SXM4-40GB MIG 4g.20gb (0),1,,13,cupy_copy__float32_float32
2381106805,2976,89758,103,1,1,128,1,1,16,0.000,0.000,,,,,NVIDIA A100-SXM4-40GB MIG 4g.20gb (0),1,,13,cupy_copy__complex64_complex64
2381112853,12127,89768,1434,1,1,128,1,1,16,0.000,0.000,,,,,NVIDIA A100-SXM4-40GB MIG 4g.20gb (0),1,,13,cupy_copy__complex64_complex64
2381128628,81087,89773,1,1,1,32,32,1,30,0.000,0.000,,,,,NVIDIA A100-SXM4-40GB MIG 4g.20gb (0),1,,13,"void convert_kernel<__half2, float2>(tensor_layout_any, T1 *, tensor_layout_any, const T2 *)"
2381238515,5824,89776,,,,,,,,,,0.094,16087.884,Pinned,Device,NVIDIA A100-SXM4-40GB MIG 4g.20gb (0),1,,13,[CUDA memcpy Host-to-Device]
2381249331,599641,89777,,,,,,,,,,456.561,761087.920,Device,,NVIDIA A100-SXM4-40GB MIG 4g.20gb (0),1,,13,[CUDA memset]
2381854923,138271,89782,,,,,,,,,,1.235,8931.115,Pinned,Device,NVIDIA A100-SXM4-40GB MIG 4g.20gb (0),1,,13,[CUDA memcpy Host-to-Device]
2382005770,40607,89783,,,,,,,,,,0.197,4841.669,Pinned,Device,NVIDIA A100-SXM4-40GB MIG 4g.20gb (0),1,,13,[CUDA memcpy Host-to-Device]
2382062441,8064,89784,69,4,1,48,1,1,76,0.002,0.000,,,,,NVIDIA A100-SXM4-40GB MIG 4g.20gb (0),1,,13,"void ch_est::windowedChEstPreNoDftSOfdmKernel<float, __half, float, (unsigned int)2, (unsigned int)1, (unsigned short)4>(ch_est::puschRxChEstStatDescr_t *, ch_est::puschRxChEstDynDescr_t *)"
2382078121,6912,89785,137,2,1,24,2,1,44,0.001,0.001,,,,,NVIDIA A100-SXM4-40GB MIG 4g.20gb (0),1,,13,"void ch_est::chEstFilterNoDftSOfdmDispatchKernel<float, __half, float, (unsigned int)2>(ch_est::puschRxChEstStatDescr_t *, ch_est::puschRxChEstDynDescr_t *)"
2382090505,4895,89786,137,2,1,24,2,1,44,0.001,0.001,,,,,NVIDIA A100-SXM4-40GB MIG 4g.20gb (0),1,,13,"void ch_est::chEstFilterNoDftSOfdmDispatchKernel<float, __half, float, (unsigned int)2>(ch_est::puschRxChEstStatDescr_t *, ch_est::puschRxChEstDynDescr_t *)"
2382103016,2624,89797,103,1,1,128,1,1,16,0.000,0.000,,,,,NVIDIA A100-SXM4-40GB MIG 4g.20gb (0),1,,13,cupy_copy__complex64_complex64
2382113960,12608,89807,1434,1,1,128,1,1,16,0.000,0.000,,,,,NVIDIA A100-SXM4-40GB MIG 4g.20gb (0),1,,13,cupy_copy__complex64_complex64
2382132584,2656,89814,103,1,1,128,1,1,16,0.000,0.000,,,,,NVIDIA A100-SXM4-40GB MIG 4g.20gb (0),1,,13,cupy_copy__complex64_complex64
2382141832,88031,89821,1,1,1,32,32,1,30,0.000,0.000,,,,,NVIDIA A100-SXM4-40GB MIG 4g.20gb (0),1,,13,"void convert_kernel<__half2, float2>(tensor_layout_any, T1 *, tensor_layout_any, const T2 *)"
2382260070,13888,89824,,,,,,,,,,0.094,6746.487,Pinned,Device,NVIDIA A100-SXM4-40GB MIG 4g.20gb (0),1,,13,[CUDA memcpy Host-to-Device]
2382286982,47520,89825,,,,,,,,,,35.810,753548.147,Device,,NVIDIA A100-SXM4-40GB MIG 4g.20gb (0),1,,13,[CUDA memset]
2382342021,3328,89827,,,,,,,,,,0.000,24.038,Pinned,Device,NVIDIA A100-SXM4-40GB MIG 4g.20gb (0),1,,13,[CUDA memcpy Host-to-Device]
2382353765,18656,89828,,,,,,,,,,0.197,10538.582,Pinned,Device,NVIDIA A100-SXM4-40GB MIG 4g.20gb (0),1,,13,[CUDA memcpy Host-to-Device]
2382388549,9984,89829,273,1,1,48,1,1,40,0.000,0.001,,,,,NVIDIA A100-SXM4-40GB MIG 4g.20gb (0),1,,13,"void pusch_noise_intf_est::noiseIntfEstNoDftSOfdmKernel<float, __half, float, float, (unsigned int)2, (unsigned int)1, (unsigned char)4, (unsigned char)4>(pusch_noise_intf_est::puschRxNoiseIntfEstDynDescr)"
2382405637,2944,89840,35,1,1,128,1,1,16,0.000,0.000,,,,,NVIDIA A100-SXM4-40GB MIG 4g.20gb (0),1,,13,cupy_copy__complex64_complex64
2382415365,1856,89849,1,1,1,1,1,1,18,0.000,0.000,,,,,NVIDIA A100-SXM4-40GB MIG 4g.20gb (0),1,,13,cupy_copy__float32_float32
2382423940,7712,89855,,,,,,,,,,0.000,0.519,Device,Pageable,NVIDIA A100-SXM4-40GB MIG 4g.20gb (0),1,,7,[CUDA memcpy Device-to-Host]
2382506435,12992,89866,1434,1,1,128,1,1,16,0.000,0.000,,,,,NVIDIA A100-SXM4-40GB MIG 4g.20gb (0),1,,13,cupy_copy__complex64_complex64
2382536259,5952,89873,103,1,1,128,1,1,16,0.000,0.000,,,,,NVIDIA A100-SXM4-40GB MIG 4g.20gb (0),1,,13,cupy_copy__complex64_complex64
2382548419,2592,89880,35,1,1,128,1,1,16,0.000,0.000,,,,,NVIDIA A100-SXM4-40GB MIG 4g.20gb (0),1,,13,cupy_copy__complex64_complex64
2382575395,1760,89887,1,1,1,1,1,1,18,0.000,0.000,,,,,NVIDIA A100-SXM4-40GB MIG 4g.20gb (0),1,,13,cupy_copy__float32_float32
2382701921,87647,89898,1,1,1,32,32,1,30,0.000,0.000,,,,,NVIDIA A100-SXM4-40GB MIG 4g.20gb (0),1,,13,"void convert_kernel<__half2, float2>(tensor_layout_any, T1 *, tensor_layout_any, const T2 *)"
2382817856,5727,89901,,,,,,,,,,0.094,16360.352,Pinned,Device,NVIDIA A100-SXM4-40GB MIG 4g.20gb (0),1,,13,[CUDA memcpy Host-to-Device]
2382833119,3232,89902,,,,,,,,,,1.547,478533.199,Device,,NVIDIA A100-SXM4-40GB MIG 4g.20gb (0),1,,13,[CUDA memset]
2382839551,3008,89907,,,,,,,,,,0.031,10404.230,Pinned,Device,NVIDIA A100-SXM4-40GB MIG 4g.20gb (0),1,,13,[CUDA memcpy Host-to-Device]
2382849887,9472,89908,,,,,,,,,,0.197,20756.693,Pinned,Device,NVIDIA A100-SXM4-40GB MIG 4g.20gb (0),1,,13,[CUDA memcpy Host-to-Device]
2382863647,6272,89909,273,1,1,8,4,1,39,0.002,0.000,,,,,NVIDIA A100-SXM4-40GB MIG 4g.20gb (0),1,,13,"void channel_eq::eqMmseCoefCompLowMimoKernel<float, float, float, (unsigned int)4, (unsigned int)1, (unsigned int)4>(const channel_eq::_puschRxChEqStatDescr *, channel_eq::_puschRxChEqCoefCompDynDescr)"
2382871039,6016,89910,273,1,1,12,11,1,51,0.002,0.000,,,,,NVIDIA A100-SXM4-40GB MIG 4g.20gb (0),1,,13,"void channel_eq::eqMmseSoftDemapKernel<float, __half, __half, float, (unsigned int)4, (unsigned short)16383>(channel_eq::_puschRxChEqStatDescr *, channel_eq::_puschRxChEqSoftDemapDynDescr)"
2382878111,282492,89911,1,1,1,32,32,1,30,0.000,0.000,,,,,NVIDIA A100-SXM4-40GB MIG 4g.20gb (0),1,,13,"void convert_kernel<float2, __half2>(tensor_layout_any, T1 *, tensor_layout_any, const T2 *)"
2383162651,10944,89923,2253,1,1,128,1,1,16,0.000,0.000,,,,,NVIDIA A100-SXM4-40GB MIG 4g.20gb (0),1,,13,cupy_copy__float16_float16
2383176027,3008,89932,282,1,1,128,1,1,16,0.000,0.000,,,,,NVIDIA A100-SXM4-40GB MIG 4g.20gb (0),1,,13,cupy_copy__complex64_complex64
2383180155,2016,89941,26,1,1,128,1,1,16,0.000,0.000,,,,,NVIDIA A100-SXM4-40GB MIG 4g.20gb (0),1,,13,cupy_copy__float32_float32
2383185179,4512,89950,103,1,1,128,1,1,16,0.000,0.000,,,,,NVIDIA A100-SXM4-40GB MIG 4g.20gb (0),1,,13,cupy_copy__complex64_complex64
2383192283,12640,89960,1434,1,1,128,1,1,16,0.000,0.000,,,,,NVIDIA A100-SXM4-40GB MIG 4g.20gb (0),1,,13,cupy_copy__complex64_complex64
2383218235,82687,89965,1,1,1,32,32,1,30,0.000,0.000,,,,,NVIDIA A100-SXM4-40GB MIG 4g.20gb (0),1,,13,"void convert_kernel<__half2, float2>(tensor_layout_any, T1 *, tensor_layout_any, const T2 *)"
2383327929,6016,89968,,,,,,,,,,0.094,15574.430,Pinned,Device,NVIDIA A100-SXM4-40GB MIG 4g.20gb (0),1,,13,[CUDA memcpy Host-to-Device]
2383338361,598681,89969,,,,,,,,,,456.561,762457.605,Device,,NVIDIA A100-SXM4-40GB MIG 4g.20gb (0),1,,13,[CUDA memset]
2383941266,153502,89974,,,,,,,,,,1.235,8044.425,Pinned,Device,NVIDIA A100-SXM4-40GB MIG 4g.20gb (0),1,,13,[CUDA memcpy Host-to-Device]
2384107152,42751,89975,,,,,,,,,,0.197,4598.858,Pinned,Device,NVIDIA A100-SXM4-40GB MIG 4g.20gb (0),1,,13,[CUDA memcpy Host-to-Device]
2384176207,8224,89976,69,4,1,48,1,1,76,0.002,0.000,,,,,NVIDIA A100-SXM4-40GB MIG 4g.20gb (0),1,,13,"void ch_est::windowedChEstPreNoDftSOfdmKernel<float, __half, float, (unsigned int)2, (unsigned int)1, (unsigned short)4>(ch_est::puschRxChEstStatDescr_t *, ch_est::puschRxChEstDynDescr_t *)"
2384192751,6367,89977,137,2,1,24,2,1,44,0.001,0.001,,,,,NVIDIA A100-SXM4-40GB MIG 4g.20gb (0),1,,13,"void ch_est::chEstFilterNoDftSOfdmDispatchKernel<float, __half, float, (unsigned int)2>(ch_est::puschRxChEstStatDescr_t *, ch_est::puschRxChEstDynDescr_t *)"
2384206510,4768,89978,137,2,1,24,2,1,44,0.001,0.001,,,,,NVIDIA A100-SXM4-40GB MIG 4g.20gb (0),1,,13,"void ch_est::chEstFilterNoDftSOfdmDispatchKernel<float, __half, float, (unsigned int)2>(ch_est::puschRxChEstStatDescr_t *, ch_est::puschRxChEstDynDescr_t *)"
2384219950,2528,89989,103,1,1,128,1,1,16,0.000,0.000,,,,,NVIDIA A100-SXM4-40GB MIG 4g.20gb (0),1,,13,cupy_copy__complex64_complex64
2384234542,12448,89999,1434,1,1,128,1,1,16,0.000,0.000,,,,,NVIDIA A100-SXM4-40GB MIG 4g.20gb (0),1,,13,cupy_copy__complex64_complex64
2384268846,2656,90006,103,1,1,128,1,1,16,0.000,0.000,,,,,NVIDIA A100-SXM4-40GB MIG 4g.20gb (0),1,,13,cupy_copy__complex64_complex64
2384278126,83422,90013,1,1,1,32,32,1,30,0.000,0.000,,,,,NVIDIA A100-SXM4-40GB MIG 4g.20gb (0),1,,13,"void convert_kernel<__half2, float2>(tensor_layout_any, T1 *, tensor_layout_any, const T2 *)"
2384390796,5920,90016,,,,,,,,,,0.094,15826.941,Pinned,Device,NVIDIA A100-SXM4-40GB MIG 4g.20gb (0),1,,13,[CUDA memcpy Host-to-Device]
2384402700,46719,90017,,,,,,,,,,35.810,766475.528,Device,,NVIDIA A100-SXM4-40GB MIG 4g.20gb (0),1,,13,[CUDA memset]
2384449835,5312,90019,,,,,,,,,,0.000,15.060,Pinned,Device,NVIDIA A100-SXM4-40GB MIG 4g.20gb (0),1,,13,[CUDA memcpy Host-to-Device]
2384460619,12768,90020,,,,,,,,,,0.197,15398.339,Pinned,Device,NVIDIA A100-SXM4-40GB MIG 4g.20gb (0),1,,13,[CUDA memcpy Host-to-Device]
2384482219,10272,90021,273,1,1,48,1,1,40,0.000,0.001,,,,,NVIDIA A100-SXM4-40GB MIG 4g.20gb (0),1,,13,"void pusch_noise_intf_est::noiseIntfEstNoDftSOfdmKernel<float, __half, float, float, (unsigned int)2, (unsigned int)1, (unsigned char)4, (unsigned char)4>(pusch_noise_intf_est::puschRxNoiseIntfEstDynDescr)"
2384497707,2912,90032,35,1,1,128,1,1,16,0.000,0.000,,,,,NVIDIA A100-SXM4-40GB MIG 4g.20gb (0),1,,13,cupy_copy__complex64_complex64
2384514379,1824,90041,1,1,1,1,1,1,18,0.000,0.000,,,,,NVIDIA A100-SXM4-40GB MIG 4g.20gb (0),1,,13,cupy_copy__float32_float32
2384543402,1632,90047,,,,,,,,,,0.000,2.451,Device,Pageable,NVIDIA A100-SXM4-40GB MIG 4g.20gb (0),1,,7,[CUDA memcpy Device-to-Host]
2384602794,12895,90058,1434,1,1,128,1,1,16,0.000,0.000,,,,,NVIDIA A100-SXM4-40GB MIG 4g.20gb (0),1,,13,cupy_copy__complex64_complex64
2384629289,2752,90065,103,1,1,128,1,1,16,0.000,0.000,,,,,NVIDIA A100-SXM4-40GB MIG 4g.20gb (0),1,,13,cupy_copy__complex64_complex64
2384649705,2816,90072,35,1,1,128,1,1,16,0.000,0.000,,,,,NVIDIA A100-SXM4-40GB MIG 4g.20gb (0),1,,13,cupy_copy__complex64_complex64
2384668937,1792,90079,1,1,1,1,1,1,18,0.000,0.000,,,,,NVIDIA A100-SXM4-40GB MIG 4g.20gb (0),1,,13,cupy_copy__float32_float32
2384799559,82879,90090,1,1,1,32,32,1,30,0.000,0.000,,,,,NVIDIA A100-SXM4-40GB MIG 4g.20gb (0),1,,13,"void convert_kernel<__half2, float2>(tensor_layout_any, T1 *, tensor_layout_any, const T2 *)"
2384909446,5440,90093,,,,,,,,,,0.094,17223.480,Pinned,Device,NVIDIA A100-SXM4-40GB MIG 4g.20gb (0),1,,13,[CUDA memcpy Host-to-Device]
2384926246,3167,90094,,,,,,,,,,1.547,488355.808,Device,,NVIDIA A100-SXM4-40GB MIG 4g.20gb (0),1,,13,[CUDA memset]
2384930661,4096,90099,,,,,,,,,,0.031,7640.605,Pinned,Device,NVIDIA A100-SXM4-40GB MIG 4g.20gb (0),1,,13,[CUDA memcpy Host-to-Device]
2384937637,9920,90100,,,,,,,,,,0.197,19819.266,Pinned,Device,NVIDIA A100-SXM4-40GB MIG 4g.20gb (0),1,,13,[CUDA memcpy Host-to-Device]
2384952901,6080,90101,273,1,1,8,4,1,39,0.002,0.000,,,,,NVIDIA A100-SXM4-40GB MIG 4g.20gb (0),1,,13,"void channel_eq::eqMmseCoefCompLowMimoKernel<float, float, float, (unsigned int)4, (unsigned int)1, (unsigned int)4>(const channel_eq::_puschRxChEqStatDescr *, channel_eq::_puschRxChEqCoefCompDynDescr)"
2384959941,6144,90102,273,1,1,12,11,1,51,0.002,0.000,,,,,NVIDIA A100-SXM4-40GB MIG 4g.20gb (0),1,,13,"void channel_eq::eqMmseSoftDemapKernel<float, __half, __half, float, (unsigned int)4, (unsigned short)16383>(channel_eq::_puschRxChEqStatDescr *, channel_eq::_puschRxChEqSoftDemapDynDescr)"
2384967045,282493,90103,1,1,1,32,32,1,30,0.000,0.000,,,,,NVIDIA A100-SXM4-40GB MIG 4g.20gb (0),1,,13,"void convert_kernel<float2, __half2>(tensor_layout_any, T1 *, tensor_layout_any, const T2 *)"
2385250529,10912,90115,2253,1,1,128,1,1,16,0.000,0.000,,,,,NVIDIA A100-SXM4-40GB MIG 4g.20gb (0),1,,13,cupy_copy__float16_float16
2385263425,3712,90124,282,1,1,128,1,1,16,0.000,0.000,,,,,NVIDIA A100-SXM4-40GB MIG 4g.20gb (0),1,,13,cupy_copy__complex64_complex64
2385269249,2304,90133,26,1,1,128,1,1,16,0.000,0.000,,,,,NVIDIA A100-SXM4-40GB MIG 4g.20gb (0),1,,13,cupy_copy__float32_float32
2385273441,2976,90142,103,1,1,128,1,1,16,0.000,0.000,,,,,NVIDIA A100-SXM4-40GB MIG 4g.20gb (0),1,,13,cupy_copy__complex64_complex64
2385278753,11808,90152,1434,1,1,128,1,1,16,0.000,0.000,,,,,NVIDIA A100-SXM4-40GB MIG 4g.20gb (0),1,,13,cupy_copy__complex64_complex64
2385300129,82143,90157,1,1,1,32,32,1,30,0.000,0.000,,,,,NVIDIA A100-SXM4-40GB MIG 4g.20gb (0),1,,13,"void convert_kernel<__half2, float2>(tensor_layout_any, T1 *, tensor_layout_any, const T2 *)"
2385410048,5503,90160,,,,,,,,,,0.094,17026.343,Pinned,Device,NVIDIA A100-SXM4-40GB MIG 4g.20gb (0),1,,13,[CUDA memcpy Host-to-Device]
2385421087,599065,90161,,,,,,,,,,456.561,762001.043,Device,,NVIDIA A100-SXM4-40GB MIG 4g.20gb (0),1,,13,[CUDA memset]
2386026488,161086,90166,,,,,,,,,,1.235,7665.297,Pinned,Device,NVIDIA A100-SXM4-40GB MIG 4g.20gb (0),1,,13,[CUDA memcpy Host-to-Device]
2386201270,41631,90167,,,,,,,,,,0.197,4722.524,Pinned,Device,NVIDIA A100-SXM4-40GB MIG 4g.20gb (0),1,,13,[CUDA memcpy Host-to-Device]
2386260405,8448,90168,69,4,1,48,1,1,76,0.002,0.000,,,,,NVIDIA A100-SXM4-40GB MIG 4g.20gb (0),1,,13,"void ch_est::windowedChEstPreNoDftSOfdmKernel<float, __half, float, (unsigned int)2, (unsigned int)1, (unsigned short)4>(ch_est::puschRxChEstStatDescr_t *, ch_est::puschRxChEstDynDescr_t *)"
2386279637,6752,90169,137,2,1,24,2,1,44,0.001,0.001,,,,,NVIDIA A100-SXM4-40GB MIG 4g.20gb (0),1,,13,"void ch_est::chEstFilterNoDftSOfdmDispatchKernel<float, __half, float, (unsigned int)2>(ch_est::puschRxChEstStatDescr_t *, ch_est::puschRxChEstDynDescr_t *)"
2386296565,4768,90170,137,2,1,24,2,1,44,0.001,0.001,,,,,NVIDIA A100-SXM4-40GB MIG 4g.20gb (0),1,,13,"void ch_est::chEstFilterNoDftSOfdmDispatchKernel<float, __half, float, (unsigned int)2>(ch_est::puschRxChEstStatDescr_t *, ch_est::puschRxChEstDynDescr_t *)"
2386313780,2592,90181,103,1,1,128,1,1,16,0.000,0.000,,,,,NVIDIA A100-SXM4-40GB MIG 4g.20gb (0),1,,13,cupy_copy__complex64_complex64
2386330228,12416,90191,1434,1,1,128,1,1,16,0.000,0.000,,,,,NVIDIA A100-SXM4-40GB MIG 4g.20gb (0),1,,13,cupy_copy__complex64_complex64
2386351220,2912,90198,103,1,1,128,1,1,16,0.000,0.000,,,,,NVIDIA A100-SXM4-40GB MIG 4g.20gb (0),1,,13,cupy_copy__complex64_complex64
2386376756,89406,90205,1,1,1,32,32,1,30,0.000,0.000,,,,,NVIDIA A100-SXM4-40GB MIG 4g.20gb (0),1,,13,"void convert_kernel<__half2, float2>(tensor_layout_any, T1 *, tensor_layout_any, const T2 *)"
2386502770,21728,90208,,,,,,,,,,0.094,4312.171,Pinned,Device,NVIDIA A100-SXM4-40GB MIG 4g.20gb (0),1,,13,[CUDA memcpy Host-to-Device]
2386541202,47711,90209,,,,,,,,,,35.810,750540.113,Device,,NVIDIA A100-SXM4-40GB MIG 4g.20gb (0),1,,13,[CUDA memset]
2386594257,13952,90211,,,,,,,,,,0.000,5.734,Pinned,Device,NVIDIA A100-SXM4-40GB MIG 4g.20gb (0),1,,13,[CUDA memcpy Host-to-Device]
2386618801,26655,90212,,,,,,,,,,0.197,7375.946,Pinned,Device,NVIDIA A100-SXM4-40GB MIG 4g.20gb (0),1,,13,[CUDA memcpy Host-to-Device]
2386658768,10016,90213,273,1,1,48,1,1,40,0.000,0.001,,,,,NVIDIA A100-SXM4-40GB MIG 4g.20gb (0),1,,13,"void pusch_noise_intf_est::noiseIntfEstNoDftSOfdmKernel<float, __half, float, float, (unsigned int)2, (unsigned int)1, (unsigned char)4, (unsigned char)4>(pusch_noise_intf_est::puschRxNoiseIntfEstDynDescr)"
2386674192,2880,90224,35,1,1,128,1,1,16,0.000,0.000,,,,,NVIDIA A100-SXM4-40GB MIG 4g.20gb (0),1,,13,cupy_copy__complex64_complex64
2386681776,1696,90233,1,1,1,1,1,1,18,0.000,0.000,,,,,NVIDIA A100-SXM4-40GB MIG 4g.20gb (0),1,,13,cupy_copy__float32_float32
2386688848,1600,90239,,,,,,,,,,0.000,2.500,Device,Pageable,NVIDIA A100-SXM4-40GB MIG 4g.20gb (0),1,,7,[CUDA memcpy Device-to-Host]
2386752911,12768,90250,1434,1,1,128,1,1,16,0.000,0.000,,,,,NVIDIA A100-SXM4-40GB MIG 4g.20gb (0),1,,13,cupy_copy__complex64_complex64
2386780015,3488,90257,103,1,1,128,1,1,16,0.000,0.000,,,,,NVIDIA A100-SXM4-40GB MIG 4g.20gb (0),1,,13,cupy_copy__complex64_complex64
2386800846,2496,90264,35,1,1,128,1,1,16,0.000,0.000,,,,,NVIDIA A100-SXM4-40GB MIG 4g.20gb (0),1,,13,cupy_copy__complex64_complex64
2386819886,1792,90271,1,1,1,1,1,1,18,0.000,0.000,,,,,NVIDIA A100-SXM4-40GB MIG 4g.20gb (0),1,,13,cupy_copy__float32_float32
2386961580,82463,90282,1,1,1,32,32,1,30,0.000,0.000,,,,,NVIDIA A100-SXM4-40GB MIG 4g.20gb (0),1,,13,"void convert_kernel<__half2, float2>(tensor_layout_any, T1 *, tensor_layout_any, const T2 *)"
2387072299,5440,90285,,,,,,,,,,0.094,17223.480,Pinned,Device,NVIDIA A100-SXM4-40GB MIG 4g.20gb (0),1,,13,[CUDA memcpy Host-to-Device]
2387088555,3360,90286,,,,,,,,,,1.547,460304.688,Device,,NVIDIA A100-SXM4-40GB MIG 4g.20gb (0),1,,13,[CUDA memset]
2387094251,3392,90291,,,,,,,,,,0.031,9226.405,Pinned,Device,NVIDIA A100-SXM4-40GB MIG 4g.20gb (0),1,,13,[CUDA memcpy Host-to-Device]
2387100075,9984,90292,,,,,,,,,,0.197,19692.257,Pinned,Device,NVIDIA A100-SXM4-40GB MIG 4g.20gb (0),1,,13,[CUDA memcpy Host-to-Device]
2387114346,6592,90293,273,1,1,8,4,1,39,0.002,0.000,,,,,NVIDIA A100-SXM4-40GB MIG 4g.20gb (0),1,,13,"void channel_eq::eqMmseCoefCompLowMimoKernel<float, float, float, (unsigned int)4, (unsigned int)1, (unsigned int)4>(const channel_eq::_puschRxChEqStatDescr *, channel_eq::_puschRxChEqCoefCompDynDescr)"
2387121962,6240,90294,273,1,1,12,11,1,51,0.002,0.000,,,,,NVIDIA A100-SXM4-40GB MIG 4g.20gb (0),1,,13,"void channel_eq::eqMmseSoftDemapKernel<float, __half, __half, float, (unsigned int)4, (unsigned short)16383>(channel_eq::_puschRxChEqStatDescr *, channel_eq::_puschRxChEqSoftDemapDynDescr)"
2387129194,282141,90295,1,1,1,32,32,1,30,0.000,0.000,,,,,NVIDIA A100-SXM4-40GB MIG 4g.20gb (0),1,,13,"void convert_kernel<float2, __half2>(tensor_layout_any, T1 *, tensor_layout_any, const T2 *)"
2387414471,10880,90307,2253,1,1,128,1,1,16,0.000,0.000,,,,,NVIDIA A100-SXM4-40GB MIG 4g.20gb (0),1,,13,cupy_copy__float16_float16
2387426599,3136,90316,282,1,1,128,1,1,16,0.000,0.000,,,,,NVIDIA A100-SXM4-40GB MIG 4g.20gb (0),1,,13,cupy_copy__complex64_complex64
2387433479,2143,90325,26,1,1,128,1,1,16,0.000,0.000,,,,,NVIDIA A100-SXM4-40GB MIG 4g.20gb (0),1,,13,cupy_copy__float32_float32
2387437414,4256,90334,103,1,1,128,1,1,16,0.000,0.000,,,,,NVIDIA A100-SXM4-40GB MIG 4g.20gb (0),1,,13,cupy_copy__complex64_complex64
2387443494,11936,90344,1434,1,1,128,1,1,16,0.000,0.000,,,,,NVIDIA A100-SXM4-40GB MIG 4g.20gb (0),1,,13,cupy_copy__complex64_complex64
2387465382,81695,90349,1,1,1,32,32,1,30,0.000,0.000,,,,,NVIDIA A100-SXM4-40GB MIG 4g.20gb (0),1,,13,"void convert_kernel<__half2, float2>(tensor_layout_any, T1 *, tensor_layout_any, const T2 *)"
2387573989,5600,90352,,,,,,,,,,0.094,16731.388,Pinned,Device,NVIDIA A100-SXM4-40GB MIG 4g.20gb (0),1,,13,[CUDA memcpy Host-to-Device]
2387584101,597176,90353,,,,,,,,,,456.561,764283.851,Device,,NVIDIA A100-SXM4-40GB MIG 4g.20gb (0),1,,13,[CUDA memset]
2388181885,154142,90358,,,,,,,,,,1.235,8011.082,Pinned,Device,NVIDIA A100-SXM4-40GB MIG 4g.20gb (0),1,,13,[CUDA memcpy Host-to-Device]
2388348603,41152,90359,,,,,,,,,,0.197,4777.574,Pinned,Device,NVIDIA A100-SXM4-40GB MIG 4g.20gb (0),1,,13,[CUDA memcpy Host-to-Device]
2388407994,8128,90360,69,4,1,48,1,1,76,0.002,0.000,,,,,NVIDIA A100-SXM4-40GB MIG 4g.20gb (0),1,,13,"void ch_est::windowedChEstPreNoDftSOfdmKernel<float, __half, float, (unsigned int)2, (unsigned int)1, (unsigned short)4>(ch_est::puschRxChEstStatDescr_t *, ch_est::puschRxChEstDynDescr_t *)"
2388427418,6848,90361,137,2,1,24,2,1,44,0.001,0.001,,,,,NVIDIA A100-SXM4-40GB MIG 4g.20gb (0),1,,13,"void ch_est::chEstFilterNoDftSOfdmDispatchKernel<float, __half, float, (unsigned int)2>(ch_est::puschRxChEstStatDescr_t *, ch_est::puschRxChEstDynDescr_t *)"
2388445498,4736,90362,137,2,1,24,2,1,44,0.001,0.001,,,,,NVIDIA A100-SXM4-40GB MIG 4g.20gb (0),1,,13,"void ch_est::chEstFilterNoDftSOfdmDispatchKernel<float, __half, float, (unsigned int)2>(ch_est::puschRxChEstStatDescr_t *, ch_est::puschRxChEstDynDescr_t *)"
2388462458,2688,90373,103,1,1,128,1,1,16,0.000,0.000,,,,,NVIDIA A100-SXM4-40GB MIG 4g.20gb (0),1,,13,cupy_copy__complex64_complex64
2388479418,12319,90383,1434,1,1,128,1,1,16,0.000,0.000,,,,,NVIDIA A100-SXM4-40GB MIG 4g.20gb (0),1,,13,cupy_copy__complex64_complex64
2388502201,2560,90390,103,1,1,128,1,1,16,0.000,0.000,,,,,NVIDIA A100-SXM4-40GB MIG 4g.20gb (0),1,,13,cupy_copy__complex64_complex64
2388526329,89407,90397,1,1,1,32,32,1,30,0.000,0.000,,,,,NVIDIA A100-SXM4-40GB MIG 4g.20gb (0),1,,13,"void convert_kernel<__half2, float2>(tensor_layout_any, T1 *, tensor_layout_any, const T2 *)"
2388647351,31360,90400,,,,,,,,,,0.094,2987.684,Pinned,Device,NVIDIA A100-SXM4-40GB MIG 4g.20gb (0),1,,13,[CUDA memcpy Host-to-Device]
2388700567,46975,90401,,,,,,,,,,35.810,762285.767,Device,,NVIDIA A100-SXM4-40GB MIG 4g.20gb (0),1,,13,[CUDA memset]
2388753174,15776,90403,,,,,,,,,,0.000,5.071,Pinned,Device,NVIDIA A100-SXM4-40GB MIG 4g.20gb (0),1,,13,[CUDA memcpy Host-to-Device]
2388783030,28223,90404,,,,,,,,,,0.197,6966.215,Pinned,Device,NVIDIA A100-SXM4-40GB MIG 4g.20gb (0),1,,13,[CUDA memcpy Host-to-Device]
2388839797,9408,90405,273,1,1,48,1,1,40,0.000,0.001,,,,,NVIDIA A100-SXM4-40GB MIG 4g.20gb (0),1,,13,"void pusch_noise_intf_est::noiseIntfEstNoDftSOfdmKernel<float, __half, float, float, (unsigned int)2, (unsigned int)1, (unsigned char)4, (unsigned char)4>(pusch_noise_intf_est::puschRxNoiseIntfEstDynDescr)"
2388856341,2656,90416,35,1,1,128,1,1,16,0.000,0.000,,,,,NVIDIA A100-SXM4-40GB MIG 4g.20gb (0),1,,13,cupy_copy__complex64_complex64
2388872629,1824,90425,1,1,1,1,1,1,18,0.000,0.000,,,,,NVIDIA A100-SXM4-40GB MIG 4g.20gb (0),1,,13,cupy_copy__float32_float32
2388882549,6176,90431,,,,,,,,,,0.000,0.648,Device,Pageable,NVIDIA A100-SXM4-40GB MIG 4g.20gb (0),1,,7,[CUDA memcpy Device-to-Host]
2388977363,12992,90442,1434,1,1,128,1,1,16,0.000,0.000,,,,,NVIDIA A100-SXM4-40GB MIG 4g.20gb (0),1,,13,cupy_copy__complex64_complex64
2389002483,2976,90449,103,1,1,128,1,1,16,0.000,0.000,,,,,NVIDIA A100-SXM4-40GB MIG 4g.20gb (0),1,,13,cupy_copy__complex64_complex64
2389018931,2560,90456,35,1,1,128,1,1,16,0.000,0.000,,,,,NVIDIA A100-SXM4-40GB MIG 4g.20gb (0),1,,13,cupy_copy__complex64_complex64
2389034675,1792,90463,1,1,1,1,1,1,18,0.000,0.000,,,,,NVIDIA A100-SXM4-40GB MIG 4g.20gb (0),1,,13,cupy_copy__float32_float32
2389162545,88383,90474,1,1,1,32,32,1,30,0.000,0.000,,,,,NVIDIA A100-SXM4-40GB MIG 4g.20gb (0),1,,13,"void convert_kernel<__half2, float2>(tensor_layout_any, T1 *, tensor_layout_any, const T2 *)"
2389278704,5760,90477,,,,,,,,,,0.094,16266.656,Pinned,Device,NVIDIA A100-SXM4-40GB MIG 4g.20gb (0),1,,13,[CUDA memcpy Host-to-Device]
2389293712,3455,90478,,,,,,,,,,1.547,447647.117,Device,,NVIDIA A100-SXM4-40GB MIG 4g.20gb (0),1,,13,[CUDA memset]
2389301807,3008,90483,,,,,,,,,,0.031,10404.230,Pinned,Device,NVIDIA A100-SXM4-40GB MIG 4g.20gb (0),1,,13,[CUDA memcpy Host-to-Device]
2389308143,9920,90484,,,,,,,,,,0.197,19819.266,Pinned,Device,NVIDIA A100-SXM4-40GB MIG 4g.20gb (0),1,,13,[CUDA memcpy Host-to-Device]
2389324495,6720,90485,273,1,1,8,4,1,39,0.002,0.000,,,,,NVIDIA A100-SXM4-40GB MIG 4g.20gb (0),1,,13,"void channel_eq::eqMmseCoefCompLowMimoKernel<float, float, float, (unsigned int)4, (unsigned int)1, (unsigned int)4>(const channel_eq::_puschRxChEqStatDescr *, channel_eq::_puschRxChEqCoefCompDynDescr)"
2389333519,6144,90486,273,1,1,12,11,1,51,0.002,0.000,,,,,NVIDIA A100-SXM4-40GB MIG 4g.20gb (0),1,,13,"void channel_eq::eqMmseSoftDemapKernel<float, __half, __half, float, (unsigned int)4, (unsigned short)16383>(channel_eq::_puschRxChEqStatDescr *, channel_eq::_puschRxChEqSoftDemapDynDescr)"
2389340655,280732,90487,1,1,1,32,32,1,30,0.000,0.000,,,,,NVIDIA A100-SXM4-40GB MIG 4g.20gb (0),1,,13,"void convert_kernel<float2, __half2>(tensor_layout_any, T1 *, tensor_layout_any, const T2 *)"
2389624715,10976,90499,2253,1,1,128,1,1,16,0.000,0.000,,,,,NVIDIA A100-SXM4-40GB MIG 4g.20gb (0),1,,13,cupy_copy__float16_float16
2389637291,3136,90508,282,1,1,128,1,1,16,0.000,0.000,,,,,NVIDIA A100-SXM4-40GB MIG 4g.20gb (0),1,,13,cupy_copy__complex64_complex64
2389642699,2624,90517,26,1,1,128,1,1,16,0.000,0.000,,,,,NVIDIA A100-SXM4-40GB MIG 4g.20gb (0),1,,13,cupy_copy__float32_float32
2389648011,3200,90526,103,1,1,128,1,1,16,0.000,0.000,,,,,NVIDIA A100-SXM4-40GB MIG 4g.20gb (0),1,,13,cupy_copy__complex64_complex64
2389704938,12704,90542,1434,1,1,128,1,1,16,0.000,0.000,,,,,NVIDIA A100-SXM4-40GB MIG 4g.20gb (0),1,,13,cupy_copy__complex64_complex64
2389820105,82367,90547,1,1,1,32,32,1,30,0.000,0.000,,,,,NVIDIA A100-SXM4-40GB MIG 4g.20gb (0),1,,13,"void convert_kernel<__half2, float2>(tensor_layout_any, T1 *, tensor_layout_any, const T2 *)"
2389929256,5536,90550,,,,,,,,,,0.094,16924.777,Pinned,Device,NVIDIA A100-SXM4-40GB MIG 4g.20gb (0),1,,13,[CUDA memcpy Host-to-Device]
2389939208,597816,90551,,,,,,,,,,456.561,763370.728,Device,,NVIDIA A100-SXM4-40GB MIG 4g.20gb (0),1,,13,[CUDA memset]
2390542240,145694,90556,,,,,,,,,,1.235,8475.421,Pinned,Device,NVIDIA A100-SXM4-40GB MIG 4g.20gb (0),1,,13,[CUDA memcpy Host-to-Device]
2390698142,33152,90557,,,,,,,,,,0.197,5930.484,Pinned,Device,NVIDIA A100-SXM4-40GB MIG 4g.20gb (0),1,,13,[CUDA memcpy Host-to-Device]
2390749214,8447,90558,69,4,1,48,1,1,76,0.002,0.000,,,,,NVIDIA A100-SXM4-40GB MIG 4g.20gb (0),1,,13,"void ch_est::windowedChEstPreNoDftSOfdmKernel<float, __half, float, (unsigned int)2, (unsigned int)1, (unsigned short)4>(ch_est::puschRxChEstStatDescr_t *, ch_est::puschRxChEstDynDescr_t *)"
2390776093,6656,90559,137,2,1,24,2,1,44,0.001,0.001,,,,,NVIDIA A100-SXM4-40GB MIG 4g.20gb (0),1,,13,"void ch_est::chEstFilterNoDftSOfdmDispatchKernel<float, __half, float, (unsigned int)2>(ch_est::puschRxChEstStatDescr_t *, ch_est::puschRxChEstDynDescr_t *)"
2390789213,4736,90560,137,2,1,24,2,1,44,0.001,0.001,,,,,NVIDIA A100-SXM4-40GB MIG 4g.20gb (0),1,,13,"void ch_est::chEstFilterNoDftSOfdmDispatchKernel<float, __half, float, (unsigned int)2>(ch_est::puschRxChEstStatDescr_t *, ch_est::puschRxChEstDynDescr_t *)"
2390804925,2656,90571,103,1,1,128,1,1,16,0.000,0.000,,,,,NVIDIA A100-SXM4-40GB MIG 4g.20gb (0),1,,13,cupy_copy__complex64_complex64
2390818429,12384,90581,1434,1,1,128,1,1,16,0.000,0.000,,,,,NVIDIA A100-SXM4-40GB MIG 4g.20gb (0),1,,13,cupy_copy__complex64_complex64
2390856732,2624,90588,103,1,1,128,1,1,16,0.000,0.000,,,,,NVIDIA A100-SXM4-40GB MIG 4g.20gb (0),1,,13,cupy_copy__complex64_complex64
2390871228,83167,90595,1,1,1,32,32,1,30,0.000,0.000,,,,,NVIDIA A100-SXM4-40GB MIG 4g.20gb (0),1,,13,"void convert_kernel<__half2, float2>(tensor_layout_any, T1 *, tensor_layout_any, const T2 *)"
2390988955,26015,90598,,,,,,,,,,0.094,3601.581,Pinned,Device,NVIDIA A100-SXM4-40GB MIG 4g.20gb (0),1,,13,[CUDA memcpy Host-to-Device]
2391032026,48127,90599,,,,,,,,,,35.810,744058.518,Device,,NVIDIA A100-SXM4-40GB MIG 4g.20gb (0),1,,13,[CUDA memset]
2391087545,15328,90601,,,,,,,,,,0.000,5.219,Pinned,Device,NVIDIA A100-SXM4-40GB MIG 4g.20gb (0),1,,13,[CUDA memcpy Host-to-Device]
2391110329,33952,90602,,,,,,,,,,0.197,5790.695,Pinned,Device,NVIDIA A100-SXM4-40GB MIG 4g.20gb (0),1,,13,[CUDA memcpy Host-to-Device]
2391177240,9536,90603,273,1,1,48,1,1,40,0.000,0.001,,,,,NVIDIA A100-SXM4-40GB MIG 4g.20gb (0),1,,13,"void pusch_noise_intf_est::noiseIntfEstNoDftSOfdmKernel<float, __half, float, float, (unsigned int)2, (unsigned int)1, (unsigned char)4, (unsigned char)4>(pusch_noise_intf_est::puschRxNoiseIntfEstDynDescr)"
2391194232,2624,90614,35,1,1,128,1,1,16,0.000,0.000,,,,,NVIDIA A100-SXM4-40GB MIG 4g.20gb (0),1,,13,cupy_copy__complex64_complex64
2391210456,1696,90623,1,1,1,1,1,1,18,0.000,0.000,,,,,NVIDIA A100-SXM4-40GB MIG 4g.20gb (0),1,,13,cupy_copy__float32_float32
2391219288,7168,90629,,,,,,,,,,0.000,0.558,Device,Pageable,NVIDIA A100-SXM4-40GB MIG 4g.20gb (0),1,,7,[CUDA memcpy Device-to-Host]
2391319190,12960,90640,1434,1,1,128,1,1,16,0.000,0.000,,,,,NVIDIA A100-SXM4-40GB MIG 4g.20gb (0),1,,13,cupy_copy__complex64_complex64
2391341430,3392,90647,103,1,1,128,1,1,16,0.000,0.000,,,,,NVIDIA A100-SXM4-40GB MIG 4g.20gb (0),1,,13,cupy_copy__complex64_complex64
2391361750,2560,90654,35,1,1,128,1,1,16,0.000,0.000,,,,,NVIDIA A100-SXM4-40GB MIG 4g.20gb (0),1,,13,cupy_copy__complex64_complex64
2391381462,1792,90661,1,1,1,1,1,1,18,0.000,0.000,,,,,NVIDIA A100-SXM4-40GB MIG 4g.20gb (0),1,,13,cupy_copy__float32_float32
2391505652,87007,90672,1,1,1,32,32,1,30,0.000,0.000,,,,,NVIDIA A100-SXM4-40GB MIG 4g.20gb (0),1,,13,"void convert_kernel<__half2, float2>(tensor_layout_any, T1 *, tensor_layout_any, const T2 *)"
2391627091,9088,90675,,,,,,,,,,0.094,10309.839,Pinned,Device,NVIDIA A100-SXM4-40GB MIG 4g.20gb (0),1,,13,[CUDA memcpy Host-to-Device]
2391651954,3392,90676,,,,,,,,,,1.547,455961.768,Device,,NVIDIA A100-SXM4-40GB MIG 4g.20gb (0),1,,13,[CUDA memset]
2391657554,3456,90681,,,,,,,,,,0.031,9055.529,Pinned,Device,NVIDIA A100-SXM4-40GB MIG 4g.20gb (0),1,,13,[CUDA memcpy Host-to-Device]
2391667538,16160,90682,,,,,,,,,,0.197,12166.300,Pinned,Device,NVIDIA A100-SXM4-40GB MIG 4g.20gb (0),1,,13,[CUDA memcpy Host-to-Device]
2391692754,6560,90683,273,1,1,8,4,1,39,0.002,0.000,,,,,NVIDIA A100-SXM4-40GB MIG 4g.20gb (0),1,,13,"void channel_eq::eqMmseCoefCompLowMimoKernel<float, float, float, (unsigned int)4, (unsigned int)1, (unsigned int)4>(const channel_eq::_puschRxChEqStatDescr *, channel_eq::_puschRxChEqCoefCompDynDescr)"
2391706386,5408,90684,273,1,1,12,11,1,51,0.002,0.000,,,,,NVIDIA A100-SXM4-40GB MIG 4g.20gb (0),1,,13,"void channel_eq::eqMmseSoftDemapKernel<float, __half, __half, float, (unsigned int)4, (unsigned short)16383>(channel_eq::_puschRxChEqStatDescr *, channel_eq::_puschRxChEqSoftDemapDynDescr)"
2391718258,290620,90685,1,1,1,32,32,1,30,0.000,0.000,,,,,NVIDIA A100-SXM4-40GB MIG 4g.20gb (0),1,,13,"void convert_kernel<float2, __half2>(tensor_layout_any, T1 *, tensor_layout_any, const T2 *)"
2392009998,10944,90697,2253,1,1,128,1,1,16,0.000,0.000,,,,,NVIDIA A100-SXM4-40GB MIG 4g.20gb (0),1,,13,cupy_copy__float16_float16
2392022542,3136,90706,282,1,1,128,1,1,16,0.000,0.000,,,,,NVIDIA A100-SXM4-40GB MIG 4g.20gb (0),1,,13,cupy_copy__complex64_complex64
2392026958,2144,90715,26,1,1,128,1,1,16,0.000,0.000,,,,,NVIDIA A100-SXM4-40GB MIG 4g.20gb (0),1,,13,cupy_copy__float32_float32
2392032078,3104,90724,103,1,1,128,1,1,16,0.000,0.000,,,,,NVIDIA A100-SXM4-40GB MIG 4g.20gb (0),1,,13,cupy_copy__complex64_complex64
2392037614,12063,90734,1434,1,1,128,1,1,16,0.000,0.000,,,,,NVIDIA A100-SXM4-40GB MIG 4g.20gb (0),1,,13,cupy_copy__complex64_complex64
2392051885,82495,90739,1,1,1,32,32,1,30,0.000,0.000,,,,,NVIDIA A100-SXM4-40GB MIG 4g.20gb (0),1,,13,"void convert_kernel<__half2, float2>(tensor_layout_any, T1 *, tensor_layout_any, const T2 *)"
2392162444,5536,90742,,,,,,,,,,0.094,16924.777,Pinned,Device,NVIDIA A100-SXM4-40GB MIG 4g.20gb (0),1,,13,[CUDA memcpy Host-to-Device]
2392173644,595865,90743,,,,,,,,,,456.561,766110.096,Device,,NVIDIA A100-SXM4-40GB MIG 4g.20gb (0),1,,13,[CUDA memset]
2392774724,131263,90748,,,,,,,,,,1.235,9407.803,Pinned,Device,NVIDIA A100-SXM4-40GB MIG 4g.20gb (0),1,,13,[CUDA memcpy Host-to-Device]
2392912675,18560,90749,,,,,,,,,,0.197,10593.042,Pinned,Device,NVIDIA A100-SXM4-40GB MIG 4g.20gb (0),1,,13,[CUDA memcpy Host-to-Device]
2392944642,7584,90750,69,4,1,48,1,1,76,0.002,0.000,,,,,NVIDIA A100-SXM4-40GB MIG 4g.20gb (0),1,,13,"void ch_est::windowedChEstPreNoDftSOfdmKernel<float, __half, float, (unsigned int)2, (unsigned int)1, (unsigned short)4>(ch_est::puschRxChEstStatDescr_t *, ch_est::puschRxChEstDynDescr_t *)"
2392957506,6560,90751,137,2,1,24,2,1,44,0.001,0.001,,,,,NVIDIA A100-SXM4-40GB MIG 4g.20gb (0),1,,13,"void ch_est::chEstFilterNoDftSOfdmDispatchKernel<float, __half, float, (unsigned int)2>(ch_est::puschRxChEstStatDescr_t *, ch_est::puschRxChEstDynDescr_t *)"
2392965826,4960,90752,137,2,1,24,2,1,44,0.001,0.001,,,,,NVIDIA A100-SXM4-40GB MIG 4g.20gb (0),1,,13,"void ch_est::chEstFilterNoDftSOfdmDispatchKernel<float, __half, float, (unsigned int)2>(ch_est::puschRxChEstStatDescr_t *, ch_est::puschRxChEstDynDescr_t *)"
2392974786,3168,90763,103,1,1,128,1,1,16,0.000,0.000,,,,,NVIDIA A100-SXM4-40GB MIG 4g.20gb (0),1,,13,cupy_copy__complex64_complex64
2392983938,12768,90773,1434,1,1,128,1,1,16,0.000,0.000,,,,,NVIDIA A100-SXM4-40GB MIG 4g.20gb (0),1,,13,cupy_copy__complex64_complex64
2393000322,2560,90780,103,1,1,128,1,1,16,0.000,0.000,,,,,NVIDIA A100-SXM4-40GB MIG 4g.20gb (0),1,,13,cupy_copy__complex64_complex64
2393009570,87646,90787,1,1,1,32,32,1,30,0.000,0.000,,,,,NVIDIA A100-SXM4-40GB MIG 4g.20gb (0),1,,13,"void convert_kernel<__half2, float2>(tensor_layout_any, T1 *, tensor_layout_any, const T2 *)"
2393125408,5856,90790,,,,,,,,,,0.094,15999.997,Pinned,Device,NVIDIA A100-SXM4-40GB MIG 4g.20gb (0),1,,13,[CUDA memcpy Host-to-Device]
2393138880,46879,90791,,,,,,,,,,35.810,763861.404,Device,,NVIDIA A100-SXM4-40GB MIG 4g.20gb (0),1,,13,[CUDA memset]
2393190143,2048,90793,,,,,,,,,,0.000,39.062,Pinned,Device,NVIDIA A100-SXM4-40GB MIG 4g.20gb (0),1,,13,[CUDA memcpy Host-to-Device]
2393197023,10592,90794,,,,,,,,,,0.197,18561.761,Pinned,Device,NVIDIA A100-SXM4-40GB MIG 4g.20gb (0),1,,13,[CUDA memcpy Host-to-Device]
2393216831,10240,90795,273,1,1,48,1,1,40,0.000,0.001,,,,,NVIDIA A100-SXM4-40GB MIG 4g.20gb (0),1,,13,"void pusch_noise_intf_est::noiseIntfEstNoDftSOfdmKernel<float, __half, float, float, (unsigned int)2, (unsigned int)1, (unsigned char)4, (unsigned char)4>(pusch_noise_intf_est::puschRxNoiseIntfEstDynDescr)"
2393230463,3232,90806,35,1,1,128,1,1,16,0.000,0.000,,,,,NVIDIA A100-SXM4-40GB MIG 4g.20gb (0),1,,13,cupy_copy__complex64_complex64
2393243679,1856,90815,1,1,1,1,1,1,18,0.000,0.000,,,,,NVIDIA A100-SXM4-40GB MIG 4g.20gb (0),1,,13,cupy_copy__float32_float32
2393277438,1824,90821,,,,,,,,,,0.000,2.193,Device,Pageable,NVIDIA A100-SXM4-40GB MIG 4g.20gb (0),1,,7,[CUDA memcpy Device-to-Host]
2393338014,12799,90832,1434,1,1,128,1,1,16,0.000,0.000,,,,,NVIDIA A100-SXM4-40GB MIG 4g.20gb (0),1,,13,cupy_copy__complex64_complex64
2393364829,2752,90839,103,1,1,128,1,1,16,0.000,0.000,,,,,NVIDIA A100-SXM4-40GB MIG 4g.20gb (0),1,,13,cupy_copy__complex64_complex64
2393385949,2528,90846,35,1,1,128,1,1,16,0.000,0.000,,,,,NVIDIA A100-SXM4-40GB MIG 4g.20gb (0),1,,13,cupy_copy__complex64_complex64
2393404637,1760,90853,1,1,1,1,1,1,18,0.000,0.000,,,,,NVIDIA A100-SXM4-40GB MIG 4g.20gb (0),1,,13,cupy_copy__float32_float32
2393536283,82111,90864,1,1,1,32,32,1,30,0.000,0.000,,,,,NVIDIA A100-SXM4-40GB MIG 4g.20gb (0),1,,13,"void convert_kernel<__half2, float2>(tensor_layout_any, T1 *, tensor_layout_any, const T2 *)"
2393645946,5696,90867,,,,,,,,,,0.094,16449.363,Pinned,Device,NVIDIA A100-SXM4-40GB MIG 4g.20gb (0),1,,13,[CUDA memcpy Host-to-Device]
2393660122,3487,90868,,,,,,,,,,1.547,443539.284,Device,,NVIDIA A100-SXM4-40GB MIG 4g.20gb (0),1,,13,[CUDA memset]
2393667577,3296,90873,,,,,,,,,,0.031,9495.144,Pinned,Device,NVIDIA A100-SXM4-40GB MIG 4g.20gb (0),1,,13,[CUDA memcpy Host-to-Device]
2393673305,9664,90874,,,,,,,,,,0.197,20344.209,Pinned,Device,NVIDIA A100-SXM4-40GB MIG 4g.20gb (0),1,,13,[CUDA memcpy Host-to-Device]
2393688761,6208,90875,273,1,1,8,4,1,39,0.002,0.000,,,,,NVIDIA A100-SXM4-40GB MIG 4g.20gb (0),1,,13,"void channel_eq::eqMmseCoefCompLowMimoKernel<float, float, float, (unsigned int)4, (unsigned int)1, (unsigned int)4>(const channel_eq::_puschRxChEqStatDescr *, channel_eq::_puschRxChEqCoefCompDynDescr)"
2393698105,6016,90876,273,1,1,12,11,1,51,0.002,0.000,,,,,NVIDIA A100-SXM4-40GB MIG 4g.20gb (0),1,,13,"void channel_eq::eqMmseSoftDemapKernel<float, __half, __half, float, (unsigned int)4, (unsigned short)16383>(channel_eq::_puschRxChEqStatDescr *, channel_eq::_puschRxChEqSoftDemapDynDescr)"
2393705273,282716,90877,1,1,1,32,32,1,30,0.000,0.000,,,,,NVIDIA A100-SXM4-40GB MIG 4g.20gb (0),1,,13,"void convert_kernel<float2, __half2>(tensor_layout_any, T1 *, tensor_layout_any, const T2 *)"
2393988981,11008,90889,2253,1,1,128,1,1,16,0.000,0.000,,,,,NVIDIA A100-SXM4-40GB MIG 4g.20gb (0),1,,13,cupy_copy__float16_float16
2394003093,3840,90898,282,1,1,128,1,1,16,0.000,0.000,,,,,NVIDIA A100-SXM4-40GB MIG 4g.20gb (0),1,,13,cupy_copy__complex64_complex64
2394010485,2272,90907,26,1,1,128,1,1,16,0.000,0.000,,,,,NVIDIA A100-SXM4-40GB MIG 4g.20gb (0),1,,13,cupy_copy__float32_float32
2394013813,2912,90916,103,1,1,128,1,1,16,0.000,0.000,,,,,NVIDIA A100-SXM4-40GB MIG 4g.20gb (0),1,,13,cupy_copy__complex64_complex64
2394019765,12000,90926,1434,1,1,128,1,1,16,0.000,0.000,,,,,NVIDIA A100-SXM4-40GB MIG 4g.20gb (0),1,,13,cupy_copy__complex64_complex64
2394036181,82303,90931,1,1,1,32,32,1,30,0.000,0.000,,,,,NVIDIA A100-SXM4-40GB MIG 4g.20gb (0),1,,13,"void convert_kernel<__half2, float2>(tensor_layout_any, T1 *, tensor_layout_any, const T2 *)"
2394144948,5663,90934,,,,,,,,,,0.094,16545.214,Pinned,Device,NVIDIA A100-SXM4-40GB MIG 4g.20gb (0),1,,13,[CUDA memcpy Host-to-Device]
2394155027,597593,90935,,,,,,,,,,456.561,763827.289,Device,,NVIDIA A100-SXM4-40GB MIG 4g.20gb (0),1,,13,[CUDA memset]
2394758188,132958,90940,,,,,,,,,,1.235,9288.014,Pinned,Device,NVIDIA A100-SXM4-40GB MIG 4g.20gb (0),1,,13,[CUDA memcpy Host-to-Device]
2394901994,39872,90941,,,,,,,,,,0.197,4930.929,Pinned,Device,NVIDIA A100-SXM4-40GB MIG 4g.20gb (0),1,,13,[CUDA memcpy Host-to-Device]
2394964265,8256,90942,69,4,1,48,1,1,76,0.002,0.000,,,,,NVIDIA A100-SXM4-40GB MIG 4g.20gb (0),1,,13,"void ch_est::windowedChEstPreNoDftSOfdmKernel<float, __half, float, (unsigned int)2, (unsigned int)1, (unsigned short)4>(ch_est::puschRxChEstStatDescr_t *, ch_est::puschRxChEstDynDescr_t *)"
2394981801,6912,90943,137,2,1,24,2,1,44,0.001,0.001,,,,,NVIDIA A100-SXM4-40GB MIG 4g.20gb (0),1,,13,"void ch_est::chEstFilterNoDftSOfdmDispatchKernel<float, __half, float, (unsigned int)2>(ch_est::puschRxChEstStatDescr_t *, ch_est::puschRxChEstDynDescr_t *)"
2394999241,4736,90944,137,2,1,24,2,1,44,0.001,0.001,,,,,NVIDIA A100-SXM4-40GB MIG 4g.20gb (0),1,,13,"void ch_est::chEstFilterNoDftSOfdmDispatchKernel<float, __half, float, (unsigned int)2>(ch_est::puschRxChEstStatDescr_t *, ch_est::puschRxChEstDynDescr_t *)"
2395015753,2688,90955,103,1,1,128,1,1,16,0.000,0.000,,,,,NVIDIA A100-SXM4-40GB MIG 4g.20gb (0),1,,13,cupy_copy__complex64_complex64
2395031753,12319,90965,1434,1,1,128,1,1,16,0.000,0.000,,,,,NVIDIA A100-SXM4-40GB MIG 4g.20gb (0),1,,13,cupy_copy__complex64_complex64
2395052168,2912,90972,103,1,1,128,1,1,16,0.000,0.000,,,,,NVIDIA A100-SXM4-40GB MIG 4g.20gb (0),1,,13,cupy_copy__complex64_complex64
2395068584,85823,90979,1,1,1,32,32,1,30,0.000,0.000,,,,,NVIDIA A100-SXM4-40GB MIG 4g.20gb (0),1,,13,"void convert_kernel<__half2, float2>(tensor_layout_any, T1 *, tensor_layout_any, const T2 *)"
2395183559,9984,90982,,,,,,,,,,0.094,9384.591,Pinned,Device,NVIDIA A100-SXM4-40GB MIG 4g.20gb (0),1,,13,[CUDA memcpy Host-to-Device]
2395208230,46144,90983,,,,,,,,,,35.810,776036.776,Device,,NVIDIA A100-SXM4-40GB MIG 4g.20gb (0),1,,13,[CUDA memset]
2395255078,7424,90985,,,,,,,,,,0.000,10.776,Pinned,Device,NVIDIA A100-SXM4-40GB MIG 4g.20gb (0),1,,13,[CUDA memcpy Host-to-Device]
2395271814,18847,90986,,,,,,,,,,0.197,10431.627,Pinned,Device,NVIDIA A100-SXM4-40GB MIG 4g.20gb (0),1,,13,[CUDA memcpy Host-to-Device]
2395300869,12000,90987,273,1,1,48,1,1,40,0.000,0.001,,,,,NVIDIA A100-SXM4-40GB MIG 4g.20gb (0),1,,13,"void pusch_noise_intf_est::noiseIntfEstNoDftSOfdmKernel<float, __half, float, float, (unsigned int)2, (unsigned int)1, (unsigned char)4, (unsigned char)4>(pusch_noise_intf_est::puschRxNoiseIntfEstDynDescr)"
2395324709,2720,90998,35,1,1,128,1,1,16,0.000,0.000,,,,,NVIDIA A100-SXM4-40GB MIG 4g.20gb (0),1,,13,cupy_copy__complex64_complex64
2395334917,1760,91007,1,1,1,1,1,1,18,0.000,0.000,,,,,NVIDIA A100-SXM4-40GB MIG 4g.20gb (0),1,,13,cupy_copy__float32_float32
2395341189,6720,91013,,,,,,,,,,0.000,0.595,Device,Pageable,NVIDIA A100-SXM4-40GB MIG 4g.20gb (0),1,,7,[CUDA memcpy Device-to-Host]
2395416132,12928,91024,1434,1,1,128,1,1,16,0.000,0.000,,,,,NVIDIA A100-SXM4-40GB MIG 4g.20gb (0),1,,13,cupy_copy__complex64_complex64
2395444195,3520,91031,103,1,1,128,1,1,16,0.000,0.000,,,,,NVIDIA A100-SXM4-40GB MIG 4g.20gb (0),1,,13,cupy_copy__complex64_complex64
2395459651,2848,91038,35,1,1,128,1,1,16,0.000,0.000,,,,,NVIDIA A100-SXM4-40GB MIG 4g.20gb (0),1,,13,cupy_copy__complex64_complex64
2395477987,1984,91045,1,1,1,1,1,1,18,0.000,0.000,,,,,NVIDIA A100-SXM4-40GB MIG 4g.20gb (0),1,,13,cupy_copy__float32_float32
2395613441,83039,91056,1,1,1,32,32,1,30,0.000,0.000,,,,,NVIDIA A100-SXM4-40GB MIG 4g.20gb (0),1,,13,"void convert_kernel<__half2, float2>(tensor_layout_any, T1 *, tensor_layout_any, const T2 *)"
2395724704,5696,91059,,,,,,,,,,0.094,16449.363,Pinned,Device,NVIDIA A100-SXM4-40GB MIG 4g.20gb (0),1,,13,[CUDA memcpy Host-to-Device]
2395739360,3488,91060,,,,,,,,,,1.547,443412.461,Device,,NVIDIA A100-SXM4-40GB MIG 4g.20gb (0),1,,13,[CUDA memset]
2395746624,3200,91065,,,,,,,,,,0.031,9780.000,Pinned,Device,NVIDIA A100-SXM4-40GB MIG 4g.20gb (0),1,,13,[CUDA memcpy Host-to-Device]
2395752256,9856,91066,,,,,,,,,,0.197,19948.044,Pinned,Device,NVIDIA A100-SXM4-40GB MIG 4g.20gb (0),1,,13,[CUDA memcpy Host-to-Device]
2395767903,6144,91067,273,1,1,8,4,1,39,0.002,0.000,,,,,NVIDIA A100-SXM4-40GB MIG 4g.20gb (0),1,,13,"void channel_eq::eqMmseCoefCompLowMimoKernel<float, float, float, (unsigned int)4, (unsigned int)1, (unsigned int)4>(const channel_eq::_puschRxChEqStatDescr *, channel_eq::_puschRxChEqCoefCompDynDescr)"
2395775263,6176,91068,273,1,1,12,11,1,51,0.002,0.000,,,,,NVIDIA A100-SXM4-40GB MIG 4g.20gb (0),1,,13,"void channel_eq::eqMmseSoftDemapKernel<float, __half, __half, float, (unsigned int)4, (unsigned short)16383>(channel_eq::_puschRxChEqStatDescr *, channel_eq::_puschRxChEqSoftDemapDynDescr)"
2395782495,282845,91069,1,1,1,32,32,1,30,0.000,0.000,,,,,NVIDIA A100-SXM4-40GB MIG 4g.20gb (0),1,,13,"void convert_kernel<float2, __half2>(tensor_layout_any, T1 *, tensor_layout_any, const T2 *)"
2396066972,10976,91081,2253,1,1,128,1,1,16,0.000,0.000,,,,,NVIDIA A100-SXM4-40GB MIG 4g.20gb (0),1,,13,cupy_copy__float16_float16
2396081308,3360,91090,282,1,1,128,1,1,16,0.000,0.000,,,,,NVIDIA A100-SXM4-40GB MIG 4g.20gb (0),1,,13,cupy_copy__complex64_complex64
2396085980,2176,91099,26,1,1,128,1,1,16,0.000,0.000,,,,,NVIDIA A100-SXM4-40GB MIG 4g.20gb (0),1,,13,cupy_copy__float32_float32
2396089659,3648,91108,103,1,1,128,1,1,16,0.000,0.000,,,,,NVIDIA A100-SXM4-40GB MIG 4g.20gb (0),1,,13,cupy_copy__complex64_complex64
2396095867,12096,91118,1434,1,1,128,1,1,16,0.000,0.000,,,,,NVIDIA A100-SXM4-40GB MIG 4g.20gb (0),1,,13,cupy_copy__complex64_complex64
2396112891,82271,91123,1,1,1,32,32,1,30,0.000,0.000,,,,,NVIDIA A100-SXM4-40GB MIG 4g.20gb (0),1,,13,"void convert_kernel<__half2, float2>(tensor_layout_any, T1 *, tensor_layout_any, const T2 *)"
2396222042,5984,91126,,,,,,,,,,0.094,15657.726,Pinned,Device,NVIDIA A100-SXM4-40GB MIG 4g.20gb (0),1,,13,[CUDA memcpy Host-to-Device]
2396233466,597400,91127,,,,,,,,,,456.561,763827.289,Device,,NVIDIA A100-SXM4-40GB MIG 4g.20gb (0),1,,13,[CUDA memset]
2396834226,154238,91132,,,,,,,,,,1.235,8006.142,Pinned,Device,NVIDIA A100-SXM4-40GB MIG 4g.20gb (0),1,,13,[CUDA memcpy Host-to-Device]
2397001040,41536,91133,,,,,,,,,,0.197,4733.338,Pinned,Device,NVIDIA A100-SXM4-40GB MIG 4g.20gb (0),1,,13,[CUDA memcpy Host-to-Device]
2397075567,8352,91134,69,4,1,48,1,1,76,0.002,0.000,,,,,NVIDIA A100-SXM4-40GB MIG 4g.20gb (0),1,,13,"void ch_est::windowedChEstPreNoDftSOfdmKernel<float, __half, float, (unsigned int)2, (unsigned int)1, (unsigned short)4>(ch_est::puschRxChEstStatDescr_t *, ch_est::puschRxChEstDynDescr_t *)"
2397095023,6784,91135,137,2,1,24,2,1,44,0.001,0.001,,,,,NVIDIA A100-SXM4-40GB MIG 4g.20gb (0),1,,13,"void ch_est::chEstFilterNoDftSOfdmDispatchKernel<float, __half, float, (unsigned int)2>(ch_est::puschRxChEstStatDescr_t *, ch_est::puschRxChEstDynDescr_t *)"
2397113039,4736,91136,137,2,1,24,2,1,44,0.001,0.001,,,,,NVIDIA A100-SXM4-40GB MIG 4g.20gb (0),1,,13,"void ch_est::chEstFilterNoDftSOfdmDispatchKernel<float, __half, float, (unsigned int)2>(ch_est::puschRxChEstStatDescr_t *, ch_est::puschRxChEstDynDescr_t *)"
2397130287,2592,91147,103,1,1,128,1,1,16,0.000,0.000,,,,,NVIDIA A100-SXM4-40GB MIG 4g.20gb (0),1,,13,cupy_copy__complex64_complex64
2397146798,12832,91157,1434,1,1,128,1,1,16,0.000,0.000,,,,,NVIDIA A100-SXM4-40GB MIG 4g.20gb (0),1,,13,cupy_copy__complex64_complex64
2397165870,2912,91164,103,1,1,128,1,1,16,0.000,0.000,,,,,NVIDIA A100-SXM4-40GB MIG 4g.20gb (0),1,,13,cupy_copy__complex64_complex64
2397184558,88671,91171,1,1,1,32,32,1,30,0.000,0.000,,,,,NVIDIA A100-SXM4-40GB MIG 4g.20gb (0),1,,13,"void convert_kernel<__half2, float2>(tensor_layout_any, T1 *, tensor_layout_any, const T2 *)"
2397305996,25312,91174,,,,,,,,,,0.094,3701.554,Pinned,Device,NVIDIA A100-SXM4-40GB MIG 4g.20gb (0),1,,13,[CUDA memcpy Host-to-Device]
2397349868,46975,91175,,,,,,,,,,35.810,762285.767,Device,,NVIDIA A100-SXM4-40GB MIG 4g.20gb (0),1,,13,[CUDA memset]
2397403147,4352,91177,,,,,,,,,,0.000,18.382,Pinned,Device,NVIDIA A100-SXM4-40GB MIG 4g.20gb (0),1,,13,[CUDA memcpy Host-to-Device]
2397418251,16672,91178,,,,,,,,,,0.197,11792.548,Pinned,Device,NVIDIA A100-SXM4-40GB MIG 4g.20gb (0),1,,13,[CUDA memcpy Host-to-Device]
2397445131,9600,91179,273,1,1,48,1,1,40,0.000,0.001,,,,,NVIDIA A100-SXM4-40GB MIG 4g.20gb (0),1,,13,"void pusch_noise_intf_est::noiseIntfEstNoDftSOfdmKernel<float, __half, float, float, (unsigned int)2, (unsigned int)1, (unsigned char)4, (unsigned char)4>(pusch_noise_intf_est::puschRxNoiseIntfEstDynDescr)"
2397460075,2784,91190,35,1,1,128,1,1,16,0.000,0.000,,,,,NVIDIA A100-SXM4-40GB MIG 4g.20gb (0),1,,13,cupy_copy__complex64_complex64
2397467978,2368,91199,1,1,1,1,1,1,18,0.000,0.000,,,,,NVIDIA A100-SXM4-40GB MIG 4g.20gb (0),1,,13,cupy_copy__float32_float32
2397471178,2624,91205,,,,,,,,,,0.000,1.524,Device,Pageable,NVIDIA A100-SXM4-40GB MIG 4g.20gb (0),1,,7,[CUDA memcpy Device-to-Host]
2397539882,13343,91216,1434,1,1,128,1,1,16,0.000,0.000,,,,,NVIDIA A100-SXM4-40GB MIG 4g.20gb (0),1,,13,cupy_copy__complex64_complex64
2397574377,2880,91223,103,1,1,128,1,1,16,0.000,0.000,,,,,NVIDIA A100-SXM4-40GB MIG 4g.20gb (0),1,,13,cupy_copy__complex64_complex64
2397591497,2752,91230,35,1,1,128,1,1,16,0.000,0.000,,,,,NVIDIA A100-SXM4-40GB MIG 4g.20gb (0),1,,13,cupy_copy__complex64_complex64
2397612265,1792,91237,1,1,1,1,1,1,18,0.000,0.000,,,,,NVIDIA A100-SXM4-40GB MIG 4g.20gb (0),1,,13,cupy_copy__float32_float32
2397747047,83039,91248,1,1,1,32,32,1,30,0.000,0.000,,,,,NVIDIA A100-SXM4-40GB MIG 4g.20gb (0),1,,13,"void convert_kernel<__half2, float2>(tensor_layout_any, T1 *, tensor_layout_any, const T2 *)"
2397857926,5760,91251,,,,,,,,,,0.094,16266.656,Pinned,Device,NVIDIA A100-SXM4-40GB MIG 4g.20gb (0),1,,13,[CUDA memcpy Host-to-Device]
2397873669,3264,91252,,,,,,,,,,1.547,473842.288,Device,,NVIDIA A100-SXM4-40GB MIG 4g.20gb (0),1,,13,[CUDA memset]
2397879301,3296,91257,,,,,,,,,,0.031,9495.144,Pinned,Device,NVIDIA A100-SXM4-40GB MIG 4g.20gb (0),1,,13,[CUDA memcpy Host-to-Device]
2397884901,9568,91258,,,,,,,,,,0.197,20548.485,Pinned,Device,NVIDIA A100-SXM4-40GB MIG 4g.20gb (0),1,,13,[CUDA memcpy Host-to-Device]
2397898693,8160,91259,273,1,1,8,4,1,39,0.002,0.000,,,,,NVIDIA A100-SXM4-40GB MIG 4g.20gb (0),1,,13,"void channel_eq::eqMmseCoefCompLowMimoKernel<float, float, float, (unsigned int)4, (unsigned int)1, (unsigned int)4>(const channel_eq::_puschRxChEqStatDescr *, channel_eq::_puschRxChEqCoefCompDynDescr)"
2397909349,6176,91260,273,1,1,12,11,1,51,0.002,0.000,,,,,NVIDIA A100-SXM4-40GB MIG 4g.20gb (0),1,,13,"void channel_eq::eqMmseSoftDemapKernel<float, __half, __half, float, (unsigned int)4, (unsigned short)16383>(channel_eq::_puschRxChEqStatDescr *, channel_eq::_puschRxChEqSoftDemapDynDescr)"
2397919301,290204,91261,1,1,1,32,32,1,30,0.000,0.000,,,,,NVIDIA A100-SXM4-40GB MIG 4g.20gb (0),1,,13,"void convert_kernel<float2, __half2>(tensor_layout_any, T1 *, tensor_layout_any, const T2 *)"
2398211169,11104,91273,2253,1,1,128,1,1,16,0.000,0.000,,,,,NVIDIA A100-SXM4-40GB MIG 4g.20gb (0),1,,13,cupy_copy__float16_float16
2398223585,3744,91282,282,1,1,128,1,1,16,0.000,0.000,,,,,NVIDIA A100-SXM4-40GB MIG 4g.20gb (0),1,,13,cupy_copy__complex64_complex64
2398229825,2048,91291,26,1,1,128,1,1,16,0.000,0.000,,,,,NVIDIA A100-SXM4-40GB MIG 4g.20gb (0),1,,13,cupy_copy__float32_float32
2398234241,4544,91300,103,1,1,128,1,1,16,0.000,0.000,,,,,NVIDIA A100-SXM4-40GB MIG 4g.20gb (0),1,,13,cupy_copy__complex64_complex64
2398239777,11936,91310,1434,1,1,128,1,1,16,0.000,0.000,,,,,NVIDIA A100-SXM4-40GB MIG 4g.20gb (0),1,,13,cupy_copy__complex64_complex64
2398254689,87007,91315,1,1,1,32,32,1,30,0.000,0.000,,,,,NVIDIA A100-SXM4-40GB MIG 4g.20gb (0),1,,13,"void convert_kernel<__half2, float2>(tensor_layout_any, T1 *, tensor_layout_any, const T2 *)"
2398369727,5920,91318,,,,,,,,,,0.094,15826.941,Pinned,Device,NVIDIA A100-SXM4-40GB MIG 4g.20gb (0),1,,13,[CUDA memcpy Host-to-Device]
2398382399,599673,91319,,,,,,,,,,456.561,761087.920,Device,,NVIDIA A100-SXM4-40GB MIG 4g.20gb (0),1,,13,[CUDA memset]
2398986552,139230,91324,,,,,,,,,,1.235,8869.368,Pinned,Device,NVIDIA A100-SXM4-40GB MIG 4g.20gb (0),1,,13,[CUDA memcpy Host-to-Device]
2399136054,37407,91325,,,,,,,,,,0.197,5255.725,Pinned,Device,NVIDIA A100-SXM4-40GB MIG 4g.20gb (0),1,,13,[CUDA memcpy Host-to-Device]
2399193621,7936,91326,69,4,1,48,1,1,76,0.002,0.000,,,,,NVIDIA A100-SXM4-40GB MIG 4g.20gb (0),1,,13,"void ch_est::windowedChEstPreNoDftSOfdmKernel<float, __half, float, (unsigned int)2, (unsigned int)1, (unsigned short)4>(ch_est::puschRxChEstStatDescr_t *, ch_est::puschRxChEstDynDescr_t *)"
2399210709,6624,91327,137,2,1,24,2,1,44,0.001,0.001,,,,,NVIDIA A100-SXM4-40GB MIG 4g.20gb (0),1,,13,"void ch_est::chEstFilterNoDftSOfdmDispatchKernel<float, __half, float, (unsigned int)2>(ch_est::puschRxChEstStatDescr_t *, ch_est::puschRxChEstDynDescr_t *)"
2399225205,4704,91328,137,2,1,24,2,1,44,0.001,0.001,,,,,NVIDIA A100-SXM4-40GB MIG 4g.20gb (0),1,,13,"void ch_est::chEstFilterNoDftSOfdmDispatchKernel<float, __half, float, (unsigned int)2>(ch_est::puschRxChEstStatDescr_t *, ch_est::puschRxChEstDynDescr_t *)"
2399241845,2687,91339,103,1,1,128,1,1,16,0.000,0.000,,,,,NVIDIA A100-SXM4-40GB MIG 4g.20gb (0),1,,13,cupy_copy__complex64_complex64
2399255732,12768,91349,1434,1,1,128,1,1,16,0.000,0.000,,,,,NVIDIA A100-SXM4-40GB MIG 4g.20gb (0),1,,13,cupy_copy__complex64_complex64
2399283892,2368,91356,103,1,1,128,1,1,16,0.000,0.000,,,,,NVIDIA A100-SXM4-40GB MIG 4g.20gb (0),1,,13,cupy_copy__complex64_complex64
2399299860,84447,91363,1,1,1,32,32,1,30,0.000,0.000,,,,,NVIDIA A100-SXM4-40GB MIG 4g.20gb (0),1,,13,"void convert_kernel<__half2, float2>(tensor_layout_any, T1 *, tensor_layout_any, const T2 *)"
2399416786,15072,91366,,,,,,,,,,0.094,6216.542,Pinned,Device,NVIDIA A100-SXM4-40GB MIG 4g.20gb (0),1,,13,[CUDA memcpy Host-to-Device]
2399443442,46975,91367,,,,,,,,,,35.810,762285.767,Device,,NVIDIA A100-SXM4-40GB MIG 4g.20gb (0),1,,13,[CUDA memset]
2399490865,11040,91369,,,,,,,,,,0.000,7.246,Pinned,Device,NVIDIA A100-SXM4-40GB MIG 4g.20gb (0),1,,13,[CUDA memcpy Host-to-Device]
2399510417,26272,91370,,,,,,,,,,0.197,7483.490,Pinned,Device,NVIDIA A100-SXM4-40GB MIG 4g.20gb (0),1,,13,[CUDA memcpy Host-to-Device]
2399567984,9696,91371,273,1,1,48,1,1,40,0.000,0.001,,,,,NVIDIA A100-SXM4-40GB MIG 4g.20gb (0),1,,13,"void pusch_noise_intf_est::noiseIntfEstNoDftSOfdmKernel<float, __half, float, float, (unsigned int)2, (unsigned int)1, (unsigned char)4, (unsigned char)4>(pusch_noise_intf_est::puschRxNoiseIntfEstDynDescr)"
2399584688,2880,91382,35,1,1,128,1,1,16,0.000,0.000,,,,,NVIDIA A100-SXM4-40GB MIG 4g.20gb (0),1,,13,cupy_copy__complex64_complex64
2399601264,1760,91391,1,1,1,1,1,1,18,0.000,0.000,,,,,NVIDIA A100-SXM4-40GB MIG 4g.20gb (0),1,,13,cupy_copy__float32_float32
2399604720,8544,91397,,,,,,,,,,0.000,0.468,Device,Pageable,NVIDIA A100-SXM4-40GB MIG 4g.20gb (0),1,,7,[CUDA memcpy Device-to-Host]
2399697167,12736,91408,1434,1,1,128,1,1,16,0.000,0.000,,,,,NVIDIA A100-SXM4-40GB MIG 4g.20gb (0),1,,13,cupy_copy__complex64_complex64
2399721679,2976,91415,103,1,1,128,1,1,16,0.000,0.000,,,,,NVIDIA A100-SXM4-40GB MIG 4g.20gb (0),1,,13,cupy_copy__complex64_complex64
2399740558,2560,91422,35,1,1,128,1,1,16,0.000,0.000,,,,,NVIDIA A100-SXM4-40GB MIG 4g.20gb (0),1,,13,cupy_copy__complex64_complex64
2399767822,1760,91429,1,1,1,1,1,1,18,0.000,0.000,,,,,NVIDIA A100-SXM4-40GB MIG 4g.20gb (0),1,,13,cupy_copy__float32_float32
2399894764,82143,91440,1,1,1,32,32,1,30,0.000,0.000,,,,,NVIDIA A100-SXM4-40GB MIG 4g.20gb (0),1,,13,"void convert_kernel<__half2, float2>(tensor_layout_any, T1 *, tensor_layout_any, const T2 *)"
2400005867,6336,91443,,,,,,,,,,0.094,14787.852,Pinned,Device,NVIDIA A100-SXM4-40GB MIG 4g.20gb (0),1,,13,[CUDA memcpy Host-to-Device]
2400025291,3520,91444,,,,,,,,,,1.547,439380.412,Device,,NVIDIA A100-SXM4-40GB MIG 4g.20gb (0),1,,13,[CUDA memset]
2400030795,4192,91449,,,,,,,,,,0.031,7465.630,Pinned,Device,NVIDIA A100-SXM4-40GB MIG 4g.20gb (0),1,,13,[CUDA memcpy Host-to-Device]
2400041387,16863,91450,,,,,,,,,,0.197,11659.051,Pinned,Device,NVIDIA A100-SXM4-40GB MIG 4g.20gb (0),1,,13,[CUDA memcpy Host-to-Device]
2400067690,8224,91451,273,1,1,8,4,1,39,0.002,0.000,,,,,NVIDIA A100-SXM4-40GB MIG 4g.20gb (0),1,,13,"void channel_eq::eqMmseCoefCompLowMimoKernel<float, float, float, (unsigned int)4, (unsigned int)1, (unsigned int)4>(const channel_eq::_puschRxChEqStatDescr *, channel_eq::_puschRxChEqCoefCompDynDescr)"
2400082858,5472,91452,273,1,1,12,11,1,51,0.002,0.000,,,,,NVIDIA A100-SXM4-40GB MIG 4g.20gb (0),1,,13,"void channel_eq::eqMmseSoftDemapKernel<float, __half, __half, float, (unsigned int)4, (unsigned short)16383>(channel_eq::_puschRxChEqStatDescr *, channel_eq::_puschRxChEqSoftDemapDynDescr)"
2400090570,290396,91453,1,1,1,32,32,1,30,0.000,0.000,,,,,NVIDIA A100-SXM4-40GB MIG 4g.20gb (0),1,,13,"void convert_kernel<float2, __half2>(tensor_layout_any, T1 *, tensor_layout_any, const T2 *)"
2400382662,10848,91465,2253,1,1,128,1,1,16,0.000,0.000,,,,,NVIDIA A100-SXM4-40GB MIG 4g.20gb (0),1,,13,cupy_copy__float16_float16
2400396998,3648,91474,282,1,1,128,1,1,16,0.000,0.000,,,,,NVIDIA A100-SXM4-40GB MIG 4g.20gb (0),1,,13,cupy_copy__complex64_complex64
2400402502,2304,91483,26,1,1,128,1,1,16,0.000,0.000,,,,,NVIDIA A100-SXM4-40GB MIG 4g.20gb (0),1,,13,cupy_copy__float32_float32
2400405894,3136,91492,103,1,1,128,1,1,16,0.000,0.000,,,,,NVIDIA A100-SXM4-40GB MIG 4g.20gb (0),1,,13,cupy_copy__complex64_complex64
2400412006,12128,91502,1434,1,1,128,1,1,16,0.000,0.000,,,,,NVIDIA A100-SXM4-40GB MIG 4g.20gb (0),1,,13,cupy_copy__complex64_complex64
2400425382,81919,91507,1,1,1,32,32,1,30,0.000,0.000,,,,,NVIDIA A100-SXM4-40GB MIG 4g.20gb (0),1,,13,"void convert_kernel<__half2, float2>(tensor_layout_any, T1 *, tensor_layout_any, const T2 *)"
2400534405,5471,91510,,,,,,,,,,0.094,17125.849,Pinned,Device,NVIDIA A100-SXM4-40GB MIG 4g.20gb (0),1,,13,[CUDA memcpy Host-to-Device]
2400546820,598425,91511,,,,,,,,,,456.561,762914.166,Device,,NVIDIA A100-SXM4-40GB MIG 4g.20gb (0),1,,13,[CUDA memset]
2401148509,91487,91516,,,,,,,,,,1.235,13497.938,Pinned,Device,NVIDIA A100-SXM4-40GB MIG 4g.20gb (0),1,,13,[CUDA memcpy Host-to-Device]
2401243644,21184,91517,,,,,,,,,,0.197,9280.881,Pinned,Device,NVIDIA A100-SXM4-40GB MIG 4g.20gb (0),1,,13,[CUDA memcpy Host-to-Device]
2401274043,8192,91518,69,4,1,48,1,1,76,0.002,0.000,,,,,NVIDIA A100-SXM4-40GB MIG 4g.20gb (0),1,,13,"void ch_est::windowedChEstPreNoDftSOfdmKernel<float, __half, float, (unsigned int)2, (unsigned int)1, (unsigned short)4>(ch_est::puschRxChEstStatDescr_t *, ch_est::puschRxChEstDynDescr_t *)"
2401290939,6528,91519,137,2,1,24,2,1,44,0.001,0.001,,,,,NVIDIA A100-SXM4-40GB MIG 4g.20gb (0),1,,13,"void ch_est::chEstFilterNoDftSOfdmDispatchKernel<float, __half, float, (unsigned int)2>(ch_est::puschRxChEstStatDescr_t *, ch_est::puschRxChEstDynDescr_t *)"
2401299387,5152,91520,137,2,1,24,2,1,44,0.001,0.001,,,,,NVIDIA A100-SXM4-40GB MIG 4g.20gb (0),1,,13,"void ch_est::chEstFilterNoDftSOfdmDispatchKernel<float, __half, float, (unsigned int)2>(ch_est::puschRxChEstStatDescr_t *, ch_est::puschRxChEstDynDescr_t *)"
2401307195,2560,91531,103,1,1,128,1,1,16,0.000,0.000,,,,,NVIDIA A100-SXM4-40GB MIG 4g.20gb (0),1,,13,cupy_copy__complex64_complex64
2401316123,13312,91541,1434,1,1,128,1,1,16,0.000,0.000,,,,,NVIDIA A100-SXM4-40GB MIG 4g.20gb (0),1,,13,cupy_copy__complex64_complex64
2401331675,2784,91548,103,1,1,128,1,1,16,0.000,0.000,,,,,NVIDIA A100-SXM4-40GB MIG 4g.20gb (0),1,,13,cupy_copy__complex64_complex64
2401340187,86911,91555,1,1,1,32,32,1,30,0.000,0.000,,,,,NVIDIA A100-SXM4-40GB MIG 4g.20gb (0),1,,13,"void convert_kernel<__half2, float2>(tensor_layout_any, T1 *, tensor_layout_any, const T2 *)"
2401459257,8256,91558,,,,,,,,,,0.094,11348.834,Pinned,Device,NVIDIA A100-SXM4-40GB MIG 4g.20gb (0),1,,13,[CUDA memcpy Host-to-Device]
2401480569,47871,91559,,,,,,,,,,35.810,748033.419,Device,,NVIDIA A100-SXM4-40GB MIG 4g.20gb (0),1,,13,[CUDA memset]
2401534552,5312,91561,,,,,,,,,,0.000,15.060,Pinned,Device,NVIDIA A100-SXM4-40GB MIG 4g.20gb (0),1,,13,[CUDA memcpy Host-to-Device]
2401546360,15072,91562,,,,,,,,,,0.197,13044.548,Pinned,Device,NVIDIA A100-SXM4-40GB MIG 4g.20gb (0),1,,13,[CUDA memcpy Host-to-Device]
2401572088,10176,91563,273,1,1,48,1,1,40,0.000,0.001,,,,,NVIDIA A100-SXM4-40GB MIG 4g.20gb (0),1,,13,"void pusch_noise_intf_est::noiseIntfEstNoDftSOfdmKernel<float, __half, float, float, (unsigned int)2, (unsigned int)1, (unsigned char)4, (unsigned char)4>(pusch_noise_intf_est::puschRxNoiseIntfEstDynDescr)"
2401586392,2784,91574,35,1,1,128,1,1,16,0.000,0.000,,,,,NVIDIA A100-SXM4-40GB MIG 4g.20gb (0),1,,13,cupy_copy__complex64_complex64
2401591959,1888,91583,1,1,1,1,1,1,18,0.000,0.000,,,,,NVIDIA A100-SXM4-40GB MIG 4g.20gb (0),1,,13,cupy_copy__float32_float32
2401606647,2080,91589,,,,,,,,,,0.000,1.923,Device,Pageable,NVIDIA A100-SXM4-40GB MIG 4g.20gb (0),1,,7,[CUDA memcpy Device-to-Host]
2401669079,12927,91600,1434,1,1,128,1,1,16,0.000,0.000,,,,,NVIDIA A100-SXM4-40GB MIG 4g.20gb (0),1,,13,cupy_copy__complex64_complex64
2401699190,2752,91607,103,1,1,128,1,1,16,0.000,0.000,,,,,NVIDIA A100-SXM4-40GB MIG 4g.20gb (0),1,,13,cupy_copy__complex64_complex64
2401719926,2272,91614,35,1,1,128,1,1,16,0.000,0.000,,,,,NVIDIA A100-SXM4-40GB MIG 4g.20gb (0),1,,13,cupy_copy__complex64_complex64
2401738230,1792,91621,1,1,1,1,1,1,18,0.000,0.000,,,,,NVIDIA A100-SXM4-40GB MIG 4g.20gb (0),1,,13,cupy_copy__float32_float32
2401870420,81823,91632,1,1,1,32,32,1,30,0.000,0.000,,,,,NVIDIA A100-SXM4-40GB MIG 4g.20gb (0),1,,13,"void convert_kernel<__half2, float2>(tensor_layout_any, T1 *, tensor_layout_any, const T2 *)"
2401979955,5984,91635,,,,,,,,,,0.094,15657.726,Pinned,Device,NVIDIA A100-SXM4-40GB MIG 4g.20gb (0),1,,13,[CUDA memcpy Host-to-Device]
2401993523,3199,91636,,,,,,,,,,1.547,483470.023,Device,,NVIDIA A100-SXM4-40GB MIG 4g.20gb (0),1,,13,[CUDA memset]
2402000786,3040,91641,,,,,,,,,,0.031,10294.725,Pinned,Device,NVIDIA A100-SXM4-40GB MIG 4g.20gb (0),1,,13,[CUDA memcpy Host-to-Device]
2402006578,9888,91642,,,,,,,,,,0.197,19883.360,Pinned,Device,NVIDIA A100-SXM4-40GB MIG 4g.20gb (0),1,,13,[CUDA memcpy Host-to-Device]
2402022258,6112,91643,273,1,1,8,4,1,39,0.002,0.000,,,,,NVIDIA A100-SXM4-40GB MIG 4g.20gb (0),1,,13,"void channel_eq::eqMmseCoefCompLowMimoKernel<float, float, float, (unsigned int)4, (unsigned int)1, (unsigned int)4>(const channel_eq::_puschRxChEqStatDescr *, channel_eq::_puschRxChEqCoefCompDynDescr)"
2402029426,8032,91644,273,1,1,12,11,1,51,0.002,0.000,,,,,NVIDIA A100-SXM4-40GB MIG 4g.20gb (0),1,,13,"void channel_eq::eqMmseSoftDemapKernel<float, __half, __half, float, (unsigned int)4, (unsigned short)16383>(channel_eq::_puschRxChEqStatDescr *, channel_eq::_puschRxChEqSoftDemapDynDescr)"
2402038834,294620,91645,1,1,1,32,32,1,30,0.000,0.000,,,,,NVIDIA A100-SXM4-40GB MIG 4g.20gb (0),1,,13,"void convert_kernel<float2, __half2>(tensor_layout_any, T1 *, tensor_layout_any, const T2 *)"
2402335726,11040,91657,2253,1,1,128,1,1,16,0.000,0.000,,,,,NVIDIA A100-SXM4-40GB MIG 4g.20gb (0),1,,13,cupy_copy__float16_float16
2402349454,3776,91666,282,1,1,128,1,1,16,0.000,0.000,,,,,NVIDIA A100-SXM4-40GB MIG 4g.20gb (0),1,,13,cupy_copy__complex64_complex64
2402356654,2016,91675,26,1,1,128,1,1,16,0.000,0.000,,,,,NVIDIA A100-SXM4-40GB MIG 4g.20gb (0),1,,13,cupy_copy__float32_float32
2402360526,3296,91684,103,1,1,128,1,1,16,0.000,0.000,,,,,NVIDIA A100-SXM4-40GB MIG 4g.20gb (0),1,,13,cupy_copy__complex64_complex64
2402365838,12032,91694,1434,1,1,128,1,1,16,0.000,0.000,,,,,NVIDIA A100-SXM4-40GB MIG 4g.20gb (0),1,,13,cupy_copy__complex64_complex64
2402383918,82271,91699,1,1,1,32,32,1,30,0.000,0.000,,,,,NVIDIA A100-SXM4-40GB MIG 4g.20gb (0),1,,13,"void convert_kernel<__half2, float2>(tensor_layout_any, T1 *, tensor_layout_any, const T2 *)"
2402492972,6016,91702,,,,,,,,,,0.094,15574.430,Pinned,Device,NVIDIA A100-SXM4-40GB MIG 4g.20gb (0),1,,13,[CUDA memcpy Host-to-Device]
2402504044,602649,91703,,,,,,,,,,456.561,757435.429,Device,,NVIDIA A100-SXM4-40GB MIG 4g.20gb (0),1,,13,[CUDA memset]
2403111717,157278,91708,,,,,,,,,,1.235,7851.774,Pinned,Device,NVIDIA A100-SXM4-40GB MIG 4g.20gb (0),1,,13,[CUDA memcpy Host-to-Device]
2403282883,42527,91709,,,,,,,,,,0.197,4623.041,Pinned,Device,NVIDIA A100-SXM4-40GB MIG 4g.20gb (0),1,,13,[CUDA memcpy Host-to-Device]
2403346050,8704,91710,69,4,1,48,1,1,76,0.002,0.000,,,,,NVIDIA A100-SXM4-40GB MIG 4g.20gb (0),1,,13,"void ch_est::windowedChEstPreNoDftSOfdmKernel<float, __half, float, (unsigned int)2, (unsigned int)1, (unsigned short)4>(ch_est::puschRxChEstStatDescr_t *, ch_est::puschRxChEstDynDescr_t *)"
2403364258,7039,91711,137,2,1,24,2,1,44,0.001,0.001,,,,,NVIDIA A100-SXM4-40GB MIG 4g.20gb (0),1,,13,"void ch_est::chEstFilterNoDftSOfdmDispatchKernel<float, __half, float, (unsigned int)2>(ch_est::puschRxChEstStatDescr_t *, ch_est::puschRxChEstDynDescr_t *)"
2403377313,4960,91712,137,2,1,24,2,1,44,0.001,0.001,,,,,NVIDIA A100-SXM4-40GB MIG 4g.20gb (0),1,,13,"void ch_est::chEstFilterNoDftSOfdmDispatchKernel<float, __half, float, (unsigned int)2>(ch_est::puschRxChEstStatDescr_t *, ch_est::puschRxChEstDynDescr_t *)"
2403390241,2784,91723,103,1,1,128,1,1,16,0.000,0.000,,,,,NVIDIA A100-SXM4-40GB MIG 4g.20gb (0),1,,13,cupy_copy__complex64_complex64
2403400065,12608,91733,1434,1,1,128,1,1,16,0.000,0.000,,,,,NVIDIA A100-SXM4-40GB MIG 4g.20gb (0),1,,13,cupy_copy__complex64_complex64
2403415105,2880,91740,103,1,1,128,1,1,16,0.000,0.000,,,,,NVIDIA A100-SXM4-40GB MIG 4g.20gb (0),1,,13,cupy_copy__complex64_complex64
2403427553,88703,91747,1,1,1,32,32,1,30,0.000,0.000,,,,,NVIDIA A100-SXM4-40GB MIG 4g.20gb (0),1,,13,"void convert_kernel<__half2, float2>(tensor_layout_any, T1 *, tensor_layout_any, const T2 *)"
2403549407,9984,91750,,,,,,,,,,0.094,9384.591,Pinned,Device,NVIDIA A100-SXM4-40GB MIG 4g.20gb (0),1,,13,[CUDA memcpy Host-to-Device]
2403575199,47071,91751,,,,,,,,,,35.810,760745.940,Device,,NVIDIA A100-SXM4-40GB MIG 4g.20gb (0),1,,13,[CUDA memset]
2403625918,9248,91753,,,,,,,,,,0.000,8.650,Pinned,Device,NVIDIA A100-SXM4-40GB MIG 4g.20gb (0),1,,13,[CUDA memcpy Host-to-Device]
2403639902,23008,91754,,,,,,,,,,0.197,8545.174,Pinned,Device,NVIDIA A100-SXM4-40GB MIG 4g.20gb (0),1,,13,[CUDA memcpy Host-to-Device]
2403678302,10016,91755,273,1,1,48,1,1,40,0.000,0.001,,,,,NVIDIA A100-SXM4-40GB MIG 4g.20gb (0),1,,13,"void pusch_noise_intf_est::noiseIntfEstNoDftSOfdmKernel<float, __half, float, float, (unsigned int)2, (unsigned int)1, (unsigned char)4, (unsigned char)4>(pusch_noise_intf_est::puschRxNoiseIntfEstDynDescr)"
2403696733,2912,91766,35,1,1,128,1,1,16,0.000,0.000,,,,,NVIDIA A100-SXM4-40GB MIG 4g.20gb (0),1,,13,cupy_copy__complex64_complex64
2403706173,1696,91775,1,1,1,1,1,1,18,0.000,0.000,,,,,NVIDIA A100-SXM4-40GB MIG 4g.20gb (0),1,,13,cupy_copy__float32_float32
2403710909,3264,91781,,,,,,,,,,0.000,1.225,Device,Pageable,NVIDIA A100-SXM4-40GB MIG 4g.20gb (0),1,,7,[CUDA memcpy Device-to-Host]
2403796092,12832,91792,1434,1,1,128,1,1,16,0.000,0.000,,,,,NVIDIA A100-SXM4-40GB MIG 4g.20gb (0),1,,13,cupy_copy__complex64_complex64
2403824220,3040,91799,103,1,1,128,1,1,16,0.000,0.000,,,,,NVIDIA A100-SXM4-40GB MIG 4g.20gb (0),1,,13,cupy_copy__complex64_complex64
2403843548,2592,91806,35,1,1,128,1,1,16,0.000,0.000,,,,,NVIDIA A100-SXM4-40GB MIG 4g.20gb (0),1,,13,cupy_copy__complex64_complex64
2403861627,1792,91813,1,1,1,1,1,1,18,0.000,0.000,,,,,NVIDIA A100-SXM4-40GB MIG 4g.20gb (0),1,,13,cupy_copy__float32_float32
2403988090,82367,91824,1,1,1,32,32,1,30,0.000,0.000,,,,,NVIDIA A100-SXM4-40GB MIG 4g.20gb (0),1,,13,"void convert_kernel<__half2, float2>(tensor_layout_any, T1 *, tensor_layout_any, const T2 *)"
2404098008,5664,91827,,,,,,,,,,0.094,16542.310,Pinned,Device,NVIDIA A100-SXM4-40GB MIG 4g.20gb (0),1,,13,[CUDA memcpy Host-to-Device]
2404114776,3072,91828,,,,,,,,,,1.547,503457.044,Device,,NVIDIA A100-SXM4-40GB MIG 4g.20gb (0),1,,13,[CUDA memset]
2404119448,3328,91833,,,,,,,,,,0.031,9403.822,Pinned,Device,NVIDIA A100-SXM4-40GB MIG 4g.20gb (0),1,,13,[CUDA memcpy Host-to-Device]
2404125816,9408,91834,,,,,,,,,,0.197,20897.858,Pinned,Device,NVIDIA A100-SXM4-40GB MIG 4g.20gb (0),1,,13,[CUDA memcpy Host-to-Device]
2404140728,6432,91835,273,1,1,8,4,1,39,0.002,0.000,,,,,NVIDIA A100-SXM4-40GB MIG 4g.20gb (0),1,,13,"void channel_eq::eqMmseCoefCompLowMimoKernel<float, float, float, (unsigned int)4, (unsigned int)1, (unsigned int)4>(const channel_eq::_puschRxChEqStatDescr *, channel_eq::_puschRxChEqCoefCompDynDescr)"
2404148696,5856,91836,273,1,1,12,11,1,51,0.002,0.000,,,,,NVIDIA A100-SXM4-40GB MIG 4g.20gb (0),1,,13,"void channel_eq::eqMmseSoftDemapKernel<float, __half, __half, float, (unsigned int)4, (unsigned short)16383>(channel_eq::_puschRxChEqStatDescr *, channel_eq::_puschRxChEqSoftDemapDynDescr)"
2404155480,282556,91837,1,1,1,32,32,1,30,0.000,0.000,,,,,NVIDIA A100-SXM4-40GB MIG 4g.20gb (0),1,,13,"void convert_kernel<float2, __half2>(tensor_layout_any, T1 *, tensor_layout_any, const T2 *)"
2404440436,10912,91849,2253,1,1,128,1,1,16,0.000,0.000,,,,,NVIDIA A100-SXM4-40GB MIG 4g.20gb (0),1,,13,cupy_copy__float16_float16
2404453780,3264,91858,282,1,1,128,1,1,16,0.000,0.000,,,,,NVIDIA A100-SXM4-40GB MIG 4g.20gb (0),1,,13,cupy_copy__complex64_complex64
2404460372,2272,91867,26,1,1,128,1,1,16,0.000,0.000,,,,,NVIDIA A100-SXM4-40GB MIG 4g.20gb (0),1,,13,cupy_copy__float32_float32
2404463956,2912,91876,103,1,1,128,1,1,16,0.000,0.000,,,,,NVIDIA A100-SXM4-40GB MIG 4g.20gb (0),1,,13,cupy_copy__complex64_complex64
2404470356,12160,91886,1434,1,1,128,1,1,16,0.000,0.000,,,,,NVIDIA A100-SXM4-40GB MIG 4g.20gb (0),1,,13,cupy_copy__complex64_complex64
2404488468,81503,91891,1,1,1,32,32,1,30,0.000,0.000,,,,,NVIDIA A100-SXM4-40GB MIG 4g.20gb (0),1,,13,"void convert_kernel<__half2, float2>(tensor_layout_any, T1 *, tensor_layout_any, const T2 *)"
2404597138,5600,91894,,,,,,,,,,0.094,16731.388,Pinned,Device,NVIDIA A100-SXM4-40GB MIG 4g.20gb (0),1,,13,[CUDA memcpy Host-to-Device]
2404607090,600569,91895,,,,,,,,,,456.561,760174.798,Device,,NVIDIA A100-SXM4-40GB MIG 4g.20gb (0),1,,13,[CUDA memset]
2405209739,138398,91900,,,,,,,,,,1.235,8922.470,Pinned,Device,NVIDIA A100-SXM4-40GB MIG 4g.20gb (0),1,,13,[CUDA memcpy Host-to-Device]
2405356009,34144,91901,,,,,,,,,,0.197,5758.058,Pinned,Device,NVIDIA A100-SXM4-40GB MIG 4g.20gb (0),1,,13,[CUDA memcpy Host-to-Device]
2405408392,8160,91902,69,4,1,48,1,1,76,0.002,0.000,,,,,NVIDIA A100-SXM4-40GB MIG 4g.20gb (0),1,,13,"void ch_est::windowedChEstPreNoDftSOfdmKernel<float, __half, float, (unsigned int)2, (unsigned int)1, (unsigned short)4>(ch_est::puschRxChEstStatDescr_t *, ch_est::puschRxChEstDynDescr_t *)"
2405423176,6944,91903,137,2,1,24,2,1,44,0.001,0.001,,,,,NVIDIA A100-SXM4-40GB MIG 4g.20gb (0),1,,13,"void ch_est::chEstFilterNoDftSOfdmDispatchKernel<float, __half, float, (unsigned int)2>(ch_est::puschRxChEstStatDescr_t *, ch_est::puschRxChEstDynDescr_t *)"
2405450632,4736,91904,137,2,1,24,2,1,44,0.001,0.001,,,,,NVIDIA A100-SXM4-40GB MIG 4g.20gb (0),1,,13,"void ch_est::chEstFilterNoDftSOfdmDispatchKernel<float, __half, float, (unsigned int)2>(ch_est::puschRxChEstStatDescr_t *, ch_est::puschRxChEstDynDescr_t *)"
2405467080,2688,91915,103,1,1,128,1,1,16,0.000,0.000,,,,,NVIDIA A100-SXM4-40GB MIG 4g.20gb (0),1,,13,cupy_copy__complex64_complex64
2405480007,12672,91925,1434,1,1,128,1,1,16,0.000,0.000,,,,,NVIDIA A100-SXM4-40GB MIG 4g.20gb (0),1,,13,cupy_copy__complex64_complex64
2405515719,2560,91932,103,1,1,128,1,1,16,0.000,0.000,,,,,NVIDIA A100-SXM4-40GB MIG 4g.20gb (0),1,,13,cupy_copy__complex64_complex64
2405531847,85343,91939,1,1,1,32,32,1,30,0.000,0.000,,,,,NVIDIA A100-SXM4-40GB MIG 4g.20gb (0),1,,13,"void convert_kernel<__half2, float2>(tensor_layout_any, T1 *, tensor_layout_any, const T2 *)"
2405650373,13600,91942,,,,,,,,,,0.094,6889.373,Pinned,Device,NVIDIA A100-SXM4-40GB MIG 4g.20gb (0),1,,13,[CUDA memcpy Host-to-Device]
2405673733,48063,91943,,,,,,,,,,35.810,745061.196,Device,,NVIDIA A100-SXM4-40GB MIG 4g.20gb (0),1,,13,[CUDA memset]
2405727396,6912,91945,,,,,,,,,,0.000,11.574,Pinned,Device,NVIDIA A100-SXM4-40GB MIG 4g.20gb (0),1,,13,[CUDA memcpy Host-to-Device]
2405739044,19488,91946,,,,,,,,,,0.197,10088.546,Pinned,Device,NVIDIA A100-SXM4-40GB MIG 4g.20gb (0),1,,13,[CUDA memcpy Host-to-Device]
2405767396,12608,91947,273,1,1,48,1,1,40,0.000,0.001,,,,,NVIDIA A100-SXM4-40GB MIG 4g.20gb (0),1,,13,"void pusch_noise_intf_est::noiseIntfEstNoDftSOfdmKernel<float, __half, float, float, (unsigned int)2, (unsigned int)1, (unsigned char)4, (unsigned char)4>(pusch_noise_intf_est::puschRxNoiseIntfEstDynDescr)"
2405781860,3104,91958,35,1,1,128,1,1,16,0.000,0.000,,,,,NVIDIA A100-SXM4-40GB MIG 4g.20gb (0),1,,13,cupy_copy__complex64_complex64
2405790116,1920,91967,1,1,1,1,1,1,18,0.000,0.000,,,,,NVIDIA A100-SXM4-40GB MIG 4g.20gb (0),1,,13,cupy_copy__float32_float32
2405802211,6176,91973,,,,,,,,,,0.000,0.648,Device,Pageable,NVIDIA A100-SXM4-40GB MIG 4g.20gb (0),1,,7,[CUDA memcpy Device-to-Host]
2405874979,12991,91984,1434,1,1,128,1,1,16,0.000,0.000,,,,,NVIDIA A100-SXM4-40GB MIG 4g.20gb (0),1,,13,cupy_copy__complex64_complex64
2405901538,3328,91991,103,1,1,128,1,1,16,0.000,0.000,,,,,NVIDIA A100-SXM4-40GB MIG 4g.20gb (0),1,,13,cupy_copy__complex64_complex64
2405924290,2496,91998,35,1,1,128,1,1,16,0.000,0.000,,,,,NVIDIA A100-SXM4-40GB MIG 4g.20gb (0),1,,13,cupy_copy__complex64_complex64
2405943874,2016,92005,1,1,1,1,1,1,18,0.000,0.000,,,,,NVIDIA A100-SXM4-40GB MIG 4g.20gb (0),1,,13,cupy_copy__float32_float32
2406070176,83647,92016,1,1,1,32,32,1,30,0.000,0.000,,,,,NVIDIA A100-SXM4-40GB MIG 4g.20gb (0),1,,13,"void convert_kernel<__half2, float2>(tensor_layout_any, T1 *, tensor_layout_any, const T2 *)"
2406181055,5536,92019,,,,,,,,,,0.094,16924.777,Pinned,Device,NVIDIA A100-SXM4-40GB MIG 4g.20gb (0),1,,13,[CUDA memcpy Host-to-Device]
2406196159,3552,92020,,,,,,,,,,1.547,435422.601,Device,,NVIDIA A100-SXM4-40GB MIG 4g.20gb (0),1,,13,[CUDA memset]
2406201982,3168,92025,,,,,,,,,,0.031,9878.770,Pinned,Device,NVIDIA A100-SXM4-40GB MIG 4g.20gb (0),1,,13,[CUDA memcpy Host-to-Device]
2406207582,9920,92026,,,,,,,,,,0.197,19819.266,Pinned,Device,NVIDIA A100-SXM4-40GB MIG 4g.20gb (0),1,,13,[CUDA memcpy Host-to-Device]
2406222366,6624,92027,273,1,1,8,4,1,39,0.002,0.000,,,,,NVIDIA A100-SXM4-40GB MIG 4g.20gb (0),1,,13,"void channel_eq::eqMmseCoefCompLowMimoKernel<float, float, float, (unsigned int)4, (unsigned int)1, (unsigned int)4>(const channel_eq::_puschRxChEqStatDescr *, channel_eq::_puschRxChEqCoefCompDynDescr)"
2406229918,6176,92028,273,1,1,12,11,1,51,0.002,0.000,,,,,NVIDIA A100-SXM4-40GB MIG 4g.20gb (0),1,,13,"void channel_eq::eqMmseSoftDemapKernel<float, __half, __half, float, (unsigned int)4, (unsigned short)16383>(channel_eq::_puschRxChEqStatDescr *, channel_eq::_puschRxChEqSoftDemapDynDescr)"
2406238846,279133,92029,1,1,1,32,32,1,30,0.000,0.000,,,,,NVIDIA A100-SXM4-40GB MIG 4g.20gb (0),1,,13,"void convert_kernel<float2, __half2>(tensor_layout_any, T1 *, tensor_layout_any, const T2 *)"
2406519003,10559,92041,2253,1,1,128,1,1,16,0.000,0.000,,,,,NVIDIA A100-SXM4-40GB MIG 4g.20gb (0),1,,13,cupy_copy__float16_float16
2406532186,3104,92050,282,1,1,128,1,1,16,0.000,0.000,,,,,NVIDIA A100-SXM4-40GB MIG 4g.20gb (0),1,,13,cupy_copy__complex64_complex64
2406538682,2112,92059,26,1,1,128,1,1,16,0.000,0.000,,,,,NVIDIA A100-SXM4-40GB MIG 4g.20gb (0),1,,13,cupy_copy__float32_float32
2406542266,3008,92068,103,1,1,128,1,1,16,0.000,0.000,,,,,NVIDIA A100-SXM4-40GB MIG 4g.20gb (0),1,,13,cupy_copy__complex64_complex64
2406546298,12000,92078,1434,1,1,128,1,1,16,0.000,0.000,,,,,NVIDIA A100-SXM4-40GB MIG 4g.20gb (0),1,,13,cupy_copy__complex64_complex64
2406572666,87199,92083,1,1,1,32,32,1,30,0.000,0.000,,,,,NVIDIA A100-SXM4-40GB MIG 4g.20gb (0),1,,13,"void convert_kernel<__half2, float2>(tensor_layout_any, T1 *, tensor_layout_any, const T2 *)"
2406687032,5920,92086,,,,,,,,,,0.094,15826.941,Pinned,Device,NVIDIA A100-SXM4-40GB MIG 4g.20gb (0),1,,13,[CUDA memcpy Host-to-Device]
2406697976,596601,92087,,,,,,,,,,456.561,765196.973,Device,,NVIDIA A100-SXM4-40GB MIG 4g.20gb (0),1,,13,[CUDA memset]
2407300849,148542,92092,,,,,,,,,,1.235,8313.643,Pinned,Device,NVIDIA A100-SXM4-40GB MIG 4g.20gb (0),1,,13,[CUDA memcpy Host-to-Device]
2407462063,39807,92093,,,,,,,,,,0.197,4938.990,Pinned,Device,NVIDIA A100-SXM4-40GB MIG 4g.20gb (0),1,,13,[CUDA memcpy Host-to-Device]
2407533070,8448,92094,69,4,1,48,1,1,76,0.002,0.000,,,,,NVIDIA A100-SXM4-40GB MIG 4g.20gb (0),1,,13,"void ch_est::windowedChEstPreNoDftSOfdmKernel<float, __half, float, (unsigned int)2, (unsigned int)1, (unsigned short)4>(ch_est::puschRxChEstStatDescr_t *, ch_est::puschRxChEstDynDescr_t *)"
2407552398,6528,92095,137,2,1,24,2,1,44,0.001,0.001,,,,,NVIDIA A100-SXM4-40GB MIG 4g.20gb (0),1,,13,"void ch_est::chEstFilterNoDftSOfdmDispatchKernel<float, __half, float, (unsigned int)2>(ch_est::puschRxChEstStatDescr_t *, ch_est::puschRxChEstDynDescr_t *)"
2407569550,4704,92096,137,2,1,24,2,1,44,0.001,0.001,,,,,NVIDIA A100-SXM4-40GB MIG 4g.20gb (0),1,,13,"void ch_est::chEstFilterNoDftSOfdmDispatchKernel<float, __half, float, (unsigned int)2>(ch_est::puschRxChEstStatDescr_t *, ch_est::puschRxChEstDynDescr_t *)"
2407588813,2656,92107,103,1,1,128,1,1,16,0.000,0.000,,,,,NVIDIA A100-SXM4-40GB MIG 4g.20gb (0),1,,13,cupy_copy__complex64_complex64
2407605485,12544,92117,1434,1,1,128,1,1,16,0.000,0.000,,,,,NVIDIA A100-SXM4-40GB MIG 4g.20gb (0),1,,13,cupy_copy__complex64_complex64
2407644845,2624,92124,103,1,1,128,1,1,16,0.000,0.000,,,,,NVIDIA A100-SXM4-40GB MIG 4g.20gb (0),1,,13,cupy_copy__complex64_complex64
2407661868,90591,92131,1,1,1,32,32,1,30,0.000,0.000,,,,,NVIDIA A100-SXM4-40GB MIG 4g.20gb (0),1,,13,"void convert_kernel<__half2, float2>(tensor_layout_any, T1 *, tensor_layout_any, const T2 *)"
2407784331,18400,92134,,,,,,,,,,0.094,5092.097,Pinned,Device,NVIDIA A100-SXM4-40GB MIG 4g.20gb (0),1,,13,[CUDA memcpy Host-to-Device]
2407828906,47488,92135,,,,,,,,,,35.810,754049.485,Device,,NVIDIA A100-SXM4-40GB MIG 4g.20gb (0),1,,13,[CUDA memset]
2407881290,16160,92137,,,,,,,,,,0.000,4.950,Pinned,Device,NVIDIA A100-SXM4-40GB MIG 4g.20gb (0),1,,13,[CUDA memcpy Host-to-Device]
2407904169,26816,92138,,,,,,,,,,0.197,7331.709,Pinned,Device,NVIDIA A100-SXM4-40GB MIG 4g.20gb (0),1,,13,[CUDA memcpy Host-to-Device]
2407948521,9536,92139,273,1,1,48,1,1,40,0.000,0.001,,,,,NVIDIA A100-SXM4-40GB MIG 4g.20gb (0),1,,13,"void pusch_noise_intf_est::noiseIntfEstNoDftSOfdmKernel<float, __half, float, float, (unsigned int)2, (unsigned int)1, (unsigned char)4, (unsigned char)4>(pusch_noise_intf_est::puschRxNoiseIntfEstDynDescr)"
2407964041,2816,92150,35,1,1,128,1,1,16,0.000,0.000,,,,,NVIDIA A100-SXM4-40GB MIG 4g.20gb (0),1,,13,cupy_copy__complex64_complex64
2407979816,1696,92159,1,1,1,1,1,1,18,0.000,0.000,,,,,NVIDIA A100-SXM4-40GB MIG 4g.20gb (0),1,,13,cupy_copy__float32_float32
2407982408,7584,92165,,,,,,,,,,0.000,0.527,Device,Pageable,NVIDIA A100-SXM4-40GB MIG 4g.20gb (0),1,,7,[CUDA memcpy Device-to-Host]
2408066407,13024,92176,1434,1,1,128,1,1,16,0.000,0.000,,,,,NVIDIA A100-SXM4-40GB MIG 4g.20gb (0),1,,13,cupy_copy__complex64_complex64
2408091079,3040,92183,103,1,1,128,1,1,16,0.000,0.000,,,,,NVIDIA A100-SXM4-40GB MIG 4g.20gb (0),1,,13,cupy_copy__complex64_complex64
2408116839,2656,92190,35,1,1,128,1,1,16,0.000,0.000,,,,,NVIDIA A100-SXM4-40GB MIG 4g.20gb (0),1,,13,cupy_copy__complex64_complex64
2408130631,2016,92197,1,1,1,1,1,1,18,0.000,0.000,,,,,NVIDIA A100-SXM4-40GB MIG 4g.20gb (0),1,,13,cupy_copy__float32_float32
2408262053,89247,92208,1,1,1,32,32,1,30,0.000,0.000,,,,,NVIDIA A100-SXM4-40GB MIG 4g.20gb (0),1,,13,"void convert_kernel<__half2, float2>(tensor_layout_any, T1 *, tensor_layout_any, const T2 *)"
2408379332,7775,92211,,,,,,,,,,0.094,12050.898,Pinned,Device,NVIDIA A100-SXM4-40GB MIG 4g.20gb (0),1,,13,[CUDA memcpy Host-to-Device]
2408396547,3328,92212,,,,,,,,,,1.547,464729.580,Device,,NVIDIA A100-SXM4-40GB MIG 4g.20gb (0),1,,13,[CUDA memset]
2408400803,4032,92217,,,,,,,,,,0.031,7761.877,Pinned,Device,NVIDIA A100-SXM4-40GB MIG 4g.20gb (0),1,,13,[CUDA memcpy Host-to-Device]
2408407267,10048,92218,,,,,,,,,,0.197,19566.821,Pinned,Device,NVIDIA A100-SXM4-40GB MIG 4g.20gb (0),1,,13,[CUDA memcpy Host-to-Device]
2408424387,6368,92219,273,1,1,8,4,1,39,0.002,0.000,,,,,NVIDIA A100-SXM4-40GB MIG 4g.20gb (0),1,,13,"void channel_eq::eqMmseCoefCompLowMimoKernel<float, float, float, (unsigned int)4, (unsigned int)1, (unsigned int)4>(const channel_eq::_puschRxChEqStatDescr *, channel_eq::_puschRxChEqCoefCompDynDescr)"
2408432291,8032,92220,273,1,1,12,11,1,51,0.002,0.000,,,,,NVIDIA A100-SXM4-40GB MIG 4g.20gb (0),1,,13,"void channel_eq::eqMmseSoftDemapKernel<float, __half, __half, float, (unsigned int)4, (unsigned short)16383>(channel_eq::_puschRxChEqStatDescr *, channel_eq::_puschRxChEqSoftDemapDynDescr)"
2408443651,282652,92221,1,1,1,32,32,1,30,0.000,0.000,,,,,NVIDIA A100-SXM4-40GB MIG 4g.20gb (0),1,,13,"void convert_kernel<float2, __half2>(tensor_layout_any, T1 *, tensor_layout_any, const T2 *)"
2408727263,10944,92233,2253,1,1,128,1,1,16,0.000,0.000,,,,,NVIDIA A100-SXM4-40GB MIG 4g.20gb (0),1,,13,cupy_copy__float16_float16
2408741887,3872,92242,282,1,1,128,1,1,16,0.000,0.000,,,,,NVIDIA A100-SXM4-40GB MIG 4g.20gb (0),1,,13,cupy_copy__complex64_complex64
2408747423,2016,92251,26,1,1,128,1,1,16,0.000,0.000,,,,,NVIDIA A100-SXM4-40GB MIG 4g.20gb (0),1,,13,cupy_copy__float32_float32
2408750399,3264,92260,103,1,1,128,1,1,16,0.000,0.000,,,,,NVIDIA A100-SXM4-40GB MIG 4g.20gb (0),1,,13,cupy_copy__complex64_complex64
2408755391,12000,92270,1434,1,1,128,1,1,16,0.000,0.000,,,,,NVIDIA A100-SXM4-40GB MIG 4g.20gb (0),1,,13,cupy_copy__complex64_complex64
2408776063,82591,92275,1,1,1,32,32,1,30,0.000,0.000,,,,,NVIDIA A100-SXM4-40GB MIG 4g.20gb (0),1,,13,"void convert_kernel<__half2, float2>(tensor_layout_any, T1 *, tensor_layout_any, const T2 *)"
2408885917,5792,92278,,,,,,,,,,0.094,16176.708,Pinned,Device,NVIDIA A100-SXM4-40GB MIG 4g.20gb (0),1,,13,[CUDA memcpy Host-to-Device]
2408898013,598425,92279,,,,,,,,,,456.561,762914.166,Device,,NVIDIA A100-SXM4-40GB MIG 4g.20gb (0),1,,13,[CUDA memset]
2409504630,97918,92284,,,,,,,,,,1.235,12611.248,Pinned,Device,NVIDIA A100-SXM4-40GB MIG 4g.20gb (0),1,,13,[CUDA memcpy Host-to-Device]
2409612180,32800,92285,,,,,,,,,,0.197,5993.988,Pinned,Device,NVIDIA A100-SXM4-40GB MIG 4g.20gb (0),1,,13,[CUDA memcpy Host-to-Device]
2409659348,8192,92286,69,4,1,48,1,1,76,0.002,0.000,,,,,NVIDIA A100-SXM4-40GB MIG 4g.20gb (0),1,,13,"void ch_est::windowedChEstPreNoDftSOfdmKernel<float, __half, float, (unsigned int)2, (unsigned int)1, (unsigned short)4>(ch_est::puschRxChEstStatDescr_t *, ch_est::puschRxChEstDynDescr_t *)"
2409675028,6175,92287,137,2,1,24,2,1,44,0.001,0.001,,,,,NVIDIA A100-SXM4-40GB MIG 4g.20gb (0),1,,13,"void ch_est::chEstFilterNoDftSOfdmDispatchKernel<float, __half, float, (unsigned int)2>(ch_est::puschRxChEstStatDescr_t *, ch_est::puschRxChEstDynDescr_t *)"
2409688467,5056,92288,137,2,1,24,2,1,44,0.001,0.001,,,,,NVIDIA A100-SXM4-40GB MIG 4g.20gb (0),1,,13,"void ch_est::chEstFilterNoDftSOfdmDispatchKernel<float, __half, float, (unsigned int)2>(ch_est::puschRxChEstStatDescr_t *, ch_est::puschRxChEstDynDescr_t *)"
2409704563,2560,92299,103,1,1,128,1,1,16,0.000,0.000,,,,,NVIDIA A100-SXM4-40GB MIG 4g.20gb (0),1,,13,cupy_copy__complex64_complex64
2409720307,12608,92309,1434,1,1,128,1,1,16,0.000,0.000,,,,,NVIDIA A100-SXM4-40GB MIG 4g.20gb (0),1,,13,cupy_copy__complex64_complex64
2409736499,2944,92316,103,1,1,128,1,1,16,0.000,0.000,,,,,NVIDIA A100-SXM4-40GB MIG 4g.20gb (0),1,,13,cupy_copy__complex64_complex64
2409753619,91294,92323,1,1,1,32,32,1,30,0.000,0.000,,,,,NVIDIA A100-SXM4-40GB MIG 4g.20gb (0),1,,13,"void convert_kernel<__half2, float2>(tensor_layout_any, T1 *, tensor_layout_any, const T2 *)"
2409880529,19968,92326,,,,,,,,,,0.094,4692.296,Pinned,Device,NVIDIA A100-SXM4-40GB MIG 4g.20gb (0),1,,13,[CUDA memcpy Host-to-Device]
2409916273,47615,92327,,,,,,,,,,35.810,752044.130,Device,,NVIDIA A100-SXM4-40GB MIG 4g.20gb (0),1,,13,[CUDA memset]
2409971568,7616,92329,,,,,,,,,,0.000,10.504,Pinned,Device,NVIDIA A100-SXM4-40GB MIG 4g.20gb (0),1,,13,[CUDA memcpy Host-to-Device]
2409989232,31615,92330,,,,,,,,,,0.197,6218.711,Pinned,Device,NVIDIA A100-SXM4-40GB MIG 4g.20gb (0),1,,13,[CUDA memcpy Host-to-Device]
2410039023,9280,92331,273,1,1,48,1,1,40,0.000,0.001,,,,,NVIDIA A100-SXM4-40GB MIG 4g.20gb (0),1,,13,"void pusch_noise_intf_est::noiseIntfEstNoDftSOfdmKernel<float, __half, float, float, (unsigned int)2, (unsigned int)1, (unsigned char)4, (unsigned char)4>(pusch_noise_intf_est::puschRxNoiseIntfEstDynDescr)"
2410055119,2560,92342,35,1,1,128,1,1,16,0.000,0.000,,,,,NVIDIA A100-SXM4-40GB MIG 4g.20gb (0),1,,13,cupy_copy__complex64_complex64
2410070767,1696,92351,1,1,1,1,1,1,18,0.000,0.000,,,,,NVIDIA A100-SXM4-40GB MIG 4g.20gb (0),1,,13,cupy_copy__float32_float32
2410073647,7072,92357,,,,,,,,,,0.000,0.566,Device,Pageable,NVIDIA A100-SXM4-40GB MIG 4g.20gb (0),1,,7,[CUDA memcpy Device-to-Host]
2410157998,13119,92368,1434,1,1,128,1,1,16,0.000,0.000,,,,,NVIDIA A100-SXM4-40GB MIG 4g.20gb (0),1,,13,cupy_copy__complex64_complex64
2410192781,2720,92375,103,1,1,128,1,1,16,0.000,0.000,,,,,NVIDIA A100-SXM4-40GB MIG 4g.20gb (0),1,,13,cupy_copy__complex64_complex64
2410207277,2560,92382,35,1,1,128,1,1,16,0.000,0.000,,,,,NVIDIA A100-SXM4-40GB MIG 4g.20gb (0),1,,13,cupy_copy__complex64_complex64
2410222669,1792,92389,1,1,1,1,1,1,18,0.000,0.000,,,,,NVIDIA A100-SXM4-40GB MIG 4g.20gb (0),1,,13,cupy_copy__float32_float32
2410353419,87551,92400,1,1,1,32,32,1,30,0.000,0.000,,,,,NVIDIA A100-SXM4-40GB MIG 4g.20gb (0),1,,13,"void convert_kernel<__half2, float2>(tensor_layout_any, T1 *, tensor_layout_any, const T2 *)"
2410468778,6304,92403,,,,,,,,,,0.094,14862.903,Pinned,Device,NVIDIA A100-SXM4-40GB MIG 4g.20gb (0),1,,13,[CUDA memcpy Host-to-Device]
2410485386,3295,92404,,,,,,,,,,1.547,469384.918,Device,,NVIDIA A100-SXM4-40GB MIG 4g.20gb (0),1,,13,[CUDA memset]
2410490025,3232,92409,,,,,,,,,,0.031,9683.139,Pinned,Device,NVIDIA A100-SXM4-40GB MIG 4g.20gb (0),1,,13,[CUDA memcpy Host-to-Device]
2410496169,10624,92410,,,,,,,,,,0.197,18505.925,Pinned,Device,NVIDIA A100-SXM4-40GB MIG 4g.20gb (0),1,,13,[CUDA memcpy Host-to-Device]
2410511977,6560,92411,273,1,1,8,4,1,39,0.002,0.000,,,,,NVIDIA A100-SXM4-40GB MIG 4g.20gb (0),1,,13,"void channel_eq::eqMmseCoefCompLowMimoKernel<float, float, float, (unsigned int)4, (unsigned int)1, (unsigned int)4>(const channel_eq::_puschRxChEqStatDescr *, channel_eq::_puschRxChEqCoefCompDynDescr)"
2410524137,5984,92412,273,1,1,12,11,1,51,0.002,0.000,,,,,NVIDIA A100-SXM4-40GB MIG 4g.20gb (0),1,,13,"void channel_eq::eqMmseSoftDemapKernel<float, __half, __half, float, (unsigned int)4, (unsigned short)16383>(channel_eq::_puschRxChEqStatDescr *, channel_eq::_puschRxChEqSoftDemapDynDescr)"
2410532009,282876,92413,1,1,1,32,32,1,30,0.000,0.000,,,,,NVIDIA A100-SXM4-40GB MIG 4g.20gb (0),1,,13,"void convert_kernel<float2, __half2>(tensor_layout_any, T1 *, tensor_layout_any, const T2 *)"
2410816837,10976,92425,2253,1,1,128,1,1,16,0.000,0.000,,,,,NVIDIA A100-SXM4-40GB MIG 4g.20gb (0),1,,13,cupy_copy__float16_float16
2410832453,3168,92434,282,1,1,128,1,1,16,0.000,0.000,,,,,NVIDIA A100-SXM4-40GB MIG 4g.20gb (0),1,,13,cupy_copy__complex64_complex64
2410839205,2144,92443,26,1,1,128,1,1,16,0.000,0.000,,,,,NVIDIA A100-SXM4-40GB MIG 4g.20gb (0),1,,13,cupy_copy__float32_float32
2410842309,2816,92452,103,1,1,128,1,1,16,0.000,0.000,,,,,NVIDIA A100-SXM4-40GB MIG 4g.20gb (0),1,,13,cupy_copy__complex64_complex64
2410846053,11840,92462,1434,1,1,128,1,1,16,0.000,0.000,,,,,NVIDIA A100-SXM4-40GB MIG 4g.20gb (0),1,,13,cupy_copy__complex64_complex64
2410870949,86175,92467,1,1,1,32,32,1,30,0.000,0.000,,,,,NVIDIA A100-SXM4-40GB MIG 4g.20gb (0),1,,13,"void convert_kernel<__half2, float2>(tensor_layout_any, T1 *, tensor_layout_any, const T2 *)"
2410984163,5888,92470,,,,,,,,,,0.094,15912.954,Pinned,Device,NVIDIA A100-SXM4-40GB MIG 4g.20gb (0),1,,13,[CUDA memcpy Host-to-Device]
2410994339,593241,92471,,,,,,,,,,456.561,769306.026,Device,,NVIDIA A100-SXM4-40GB MIG 4g.20gb (0),1,,13,[CUDA memset]
2411589180,104575,92476,,,,,,,,,,1.235,11808.535,Pinned,Device,NVIDIA A100-SXM4-40GB MIG 4g.20gb (0),1,,13,[CUDA memcpy Host-to-Device]
2411703578,35808,92477,,,,,,,,,,0.197,5490.475,Pinned,Device,NVIDIA A100-SXM4-40GB MIG 4g.20gb (0),1,,13,[CUDA memcpy Host-to-Device]
2411760730,8096,92478,69,4,1,48,1,1,76,0.002,0.000,,,,,NVIDIA A100-SXM4-40GB MIG 4g.20gb (0),1,,13,"void ch_est::windowedChEstPreNoDftSOfdmKernel<float, __half, float, (unsigned int)2, (unsigned int)1, (unsigned short)4>(ch_est::puschRxChEstStatDescr_t *, ch_est::puschRxChEstDynDescr_t *)"
2411774554,6911,92479,137,2,1,24,2,1,44,0.001,0.001,,,,,NVIDIA A100-SXM4-40GB MIG 4g.20gb (0),1,,13,"void ch_est::chEstFilterNoDftSOfdmDispatchKernel<float, __half, float, (unsigned int)2>(ch_est::puschRxChEstStatDescr_t *, ch_est::puschRxChEstDynDescr_t *)"
2411787673,5056,92480,137,2,1,24,2,1,44,0.001,0.001,,,,,NVIDIA A100-SXM4-40GB MIG 4g.20gb (0),1,,13,"void ch_est::chEstFilterNoDftSOfdmDispatchKernel<float, __half, float, (unsigned int)2>(ch_est::puschRxChEstStatDescr_t *, ch_est::puschRxChEstDynDescr_t *)"
2411798073,2656,92491,103,1,1,128,1,1,16,0.000,0.000,,,,,NVIDIA A100-SXM4-40GB MIG 4g.20gb (0),1,,13,cupy_copy__complex64_complex64
2411809273,12544,92501,1434,1,1,128,1,1,16,0.000,0.000,,,,,NVIDIA A100-SXM4-40GB MIG 4g.20gb (0),1,,13,cupy_copy__complex64_complex64
2411827417,2560,92508,103,1,1,128,1,1,16,0.000,0.000,,,,,NVIDIA A100-SXM4-40GB MIG 4g.20gb (0),1,,13,cupy_copy__complex64_complex64
2411838009,83231,92515,1,1,1,32,32,1,30,0.000,0.000,,,,,NVIDIA A100-SXM4-40GB MIG 4g.20gb (0),1,,13,"void convert_kernel<__half2, float2>(tensor_layout_any, T1 *, tensor_layout_any, const T2 *)"
2411951959,6080,92518,,,,,,,,,,0.094,15410.462,Pinned,Device,NVIDIA A100-SXM4-40GB MIG 4g.20gb (0),1,,13,[CUDA memcpy Host-to-Device]
2411966359,47584,92519,,,,,,,,,,35.810,752545.469,Device,,NVIDIA A100-SXM4-40GB MIG 4g.20gb (0),1,,13,[CUDA memset]
2412019959,4863,92521,,,,,,,,,,0.000,16.451,Pinned,Device,NVIDIA A100-SXM4-40GB MIG 4g.20gb (0),1,,13,[CUDA memcpy Host-to-Device]
2412030294,14112,92522,,,,,,,,,,0.197,13931.839,Pinned,Device,NVIDIA A100-SXM4-40GB MIG 4g.20gb (0),1,,13,[CUDA memcpy Host-to-Device]
2412057910,12448,92523,273,1,1,48,1,1,40,0.000,0.001,,,,,NVIDIA A100-SXM4-40GB MIG 4g.20gb (0),1,,13,"void pusch_noise_intf_est::noiseIntfEstNoDftSOfdmKernel<float, __half, float, float, (unsigned int)2, (unsigned int)1, (unsigned char)4, (unsigned char)4>(pusch_noise_intf_est::puschRxNoiseIntfEstDynDescr)"
2412078038,3296,92534,35,1,1,128,1,1,16,0.000,0.000,,,,,NVIDIA A100-SXM4-40GB MIG 4g.20gb (0),1,,13,cupy_copy__complex64_complex64
2412084694,1920,92543,1,1,1,1,1,1,18,0.000,0.000,,,,,NVIDIA A100-SXM4-40GB MIG 4g.20gb (0),1,,13,cupy_copy__float32_float32
2412108341,2016,92549,,,,,,,,,,0.000,1.984,Device,Pageable,NVIDIA A100-SXM4-40GB MIG 4g.20gb (0),1,,7,[CUDA memcpy Device-to-Host]
2412168373,12896,92560,1434,1,1,128,1,1,16,0.000,0.000,,,,,NVIDIA A100-SXM4-40GB MIG 4g.20gb (0),1,,13,cupy_copy__complex64_complex64
2412197460,2944,92567,103,1,1,128,1,1,16,0.000,0.000,,,,,NVIDIA A100-SXM4-40GB MIG 4g.20gb (0),1,,13,cupy_copy__complex64_complex64
2412216884,2464,92574,35,1,1,128,1,1,16,0.000,0.000,,,,,NVIDIA A100-SXM4-40GB MIG 4g.20gb (0),1,,13,cupy_copy__complex64_complex64
2412236116,1888,92581,1,1,1,1,1,1,18,0.000,0.000,,,,,NVIDIA A100-SXM4-40GB MIG 4g.20gb (0),1,,13,cupy_copy__float32_float32
2412367794,82175,92592,1,1,1,32,32,1,30,0.000,0.000,,,,,NVIDIA A100-SXM4-40GB MIG 4g.20gb (0),1,,13,"void convert_kernel<__half2, float2>(tensor_layout_any, T1 *, tensor_layout_any, const T2 *)"
2412477425,5824,92595,,,,,,,,,,0.094,16087.884,Pinned,Device,NVIDIA A100-SXM4-40GB MIG 4g.20gb (0),1,,13,[CUDA memcpy Host-to-Device]
2412492241,3328,92596,,,,,,,,,,1.547,464729.580,Device,,NVIDIA A100-SXM4-40GB MIG 4g.20gb (0),1,,13,[CUDA memset]
2412499153,3008,92601,,,,,,,,,,0.031,10404.230,Pinned,Device,NVIDIA A100-SXM4-40GB MIG 4g.20gb (0),1,,13,[CUDA memcpy Host-to-Device]
2412505201,9439,92602,,,,,,,,,,0.197,20829.241,Pinned,Device,NVIDIA A100-SXM4-40GB MIG 4g.20gb (0),1,,13,[CUDA memcpy Host-to-Device]
2412519024,8000,92603,273,1,1,8,4,1,39,0.002,0.000,,,,,NVIDIA A100-SXM4-40GB MIG 4g.20gb (0),1,,13,"void channel_eq::eqMmseCoefCompLowMimoKernel<float, float, float, (unsigned int)4, (unsigned int)1, (unsigned int)4>(const channel_eq::_puschRxChEqStatDescr *, channel_eq::_puschRxChEqCoefCompDynDescr)"
2412530288,8000,92604,273,1,1,12,11,1,51,0.002,0.000,,,,,NVIDIA A100-SXM4-40GB MIG 4g.20gb (0),1,,13,"void channel_eq::eqMmseSoftDemapKernel<float, __half, __half, float, (unsigned int)4, (unsigned short)16383>(channel_eq::_puschRxChEqStatDescr *, channel_eq::_puschRxChEqSoftDemapDynDescr)"
2412539856,282525,92605,1,1,1,32,32,1,30,0.000,0.000,,,,,NVIDIA A100-SXM4-40GB MIG 4g.20gb (0),1,,13,"void convert_kernel<float2, __half2>(tensor_layout_any, T1 *, tensor_layout_any, const T2 *)"
2412823981,10847,92617,2253,1,1,128,1,1,16,0.000,0.000,,,,,NVIDIA A100-SXM4-40GB MIG 4g.20gb (0),1,,13,cupy_copy__float16_float16
2412839692,2944,92626,282,1,1,128,1,1,16,0.000,0.000,,,,,NVIDIA A100-SXM4-40GB MIG 4g.20gb (0),1,,13,cupy_copy__complex64_complex64
2412845932,2144,92635,26,1,1,128,1,1,16,0.000,0.000,,,,,NVIDIA A100-SXM4-40GB MIG 4g.20gb (0),1,,13,cupy_copy__float32_float32
2412850860,3904,92644,103,1,1,128,1,1,16,0.000,0.000,,,,,NVIDIA A100-SXM4-40GB MIG 4g.20gb (0),1,,13,cupy_copy__complex64_complex64
2412855756,12032,92654,1434,1,1,128,1,1,16,0.000,0.000,,,,,NVIDIA A100-SXM4-40GB MIG 4g.20gb (0),1,,13,cupy_copy__complex64_complex64
2412870412,87487,92659,1,1,1,32,32,1,30,0.000,0.000,,,,,NVIDIA A100-SXM4-40GB MIG 4g.20gb (0),1,,13,"void convert_kernel<__half2, float2>(tensor_layout_any, T1 *, tensor_layout_any, const T2 *)"
2412985291,6688,92662,,,,,,,,,,0.094,14009.520,Pinned,Device,NVIDIA A100-SXM4-40GB MIG 4g.20gb (0),1,,13,[CUDA memcpy Host-to-Device]
2412997706,597177,92663,,,,,,,,,,456.561,764283.851,Device,,NVIDIA A100-SXM4-40GB MIG 4g.20gb (0),1,,13,[CUDA memset]
2413597027,156062,92668,,,,,,,,,,1.235,7912.286,Pinned,Device,NVIDIA A100-SXM4-40GB MIG 4g.20gb (0),1,,13,[CUDA memcpy Host-to-Device]
2413767521,34432,92669,,,,,,,,,,0.197,5709.890,Pinned,Device,NVIDIA A100-SXM4-40GB MIG 4g.20gb (0),1,,13,[CUDA memcpy Host-to-Device]
2413820192,7936,92670,69,4,1,48,1,1,76,0.002,0.000,,,,,NVIDIA A100-SXM4-40GB MIG 4g.20gb (0),1,,13,"void ch_est::windowedChEstPreNoDftSOfdmKernel<float, __half, float, (unsigned int)2, (unsigned int)1, (unsigned short)4>(ch_est::puschRxChEstStatDescr_t *, ch_est::puschRxChEstDynDescr_t *)"
2413836576,6624,92671,137,2,1,24,2,1,44,0.001,0.001,,,,,NVIDIA A100-SXM4-40GB MIG 4g.20gb (0),1,,13,"void ch_est::chEstFilterNoDftSOfdmDispatchKernel<float, __half, float, (unsigned int)2>(ch_est::puschRxChEstStatDescr_t *, ch_est::puschRxChEstDynDescr_t *)"
2413852352,4864,92672,137,2,1,24,2,1,44,0.001,0.001,,,,,NVIDIA A100-SXM4-40GB MIG 4g.20gb (0),1,,13,"void ch_est::chEstFilterNoDftSOfdmDispatchKernel<float, __half, float, (unsigned int)2>(ch_est::puschRxChEstStatDescr_t *, ch_est::puschRxChEstDynDescr_t *)"
2413865056,2688,92683,103,1,1,128,1,1,16,0.000,0.000,,,,,NVIDIA A100-SXM4-40GB MIG 4g.20gb (0),1,,13,cupy_copy__complex64_complex64
2413877152,12479,92693,1434,1,1,128,1,1,16,0.000,0.000,,,,,NVIDIA A100-SXM4-40GB MIG 4g.20gb (0),1,,13,cupy_copy__complex64_complex64
2413906655,2528,92700,103,1,1,128,1,1,16,0.000,0.000,,,,,NVIDIA A100-SXM4-40GB MIG 4g.20gb (0),1,,13,cupy_copy__complex64_complex64
2413924479,86015,92707,1,1,1,32,32,1,30,0.000,0.000,,,,,NVIDIA A100-SXM4-40GB MIG 4g.20gb (0),1,,13,"void convert_kernel<__half2, float2>(tensor_layout_any, T1 *, tensor_layout_any, const T2 *)"
2414040510,12223,92710,,,,,,,,,,0.094,7665.457,Pinned,Device,NVIDIA A100-SXM4-40GB MIG 4g.20gb (0),1,,13,[CUDA memcpy Host-to-Device]
2414063773,48128,92711,,,,,,,,,,35.810,744022.708,Device,,NVIDIA A100-SXM4-40GB MIG 4g.20gb (0),1,,13,[CUDA memset]
2414115325,4800,92713,,,,,,,,,,0.000,16.667,Pinned,Device,NVIDIA A100-SXM4-40GB MIG 4g.20gb (0),1,,13,[CUDA memcpy Host-to-Device]
2414124701,11839,92714,,,,,,,,,,0.197,16606.691,Pinned,Device,NVIDIA A100-SXM4-40GB MIG 4g.20gb (0),1,,13,[CUDA memcpy Host-to-Device]
2414146300,10432,92715,273,1,1,48,1,1,40,0.000,0.001,,,,,NVIDIA A100-SXM4-40GB MIG 4g.20gb (0),1,,13,"void pusch_noise_intf_est::noiseIntfEstNoDftSOfdmKernel<float, __half, float, float, (unsigned int)2, (unsigned int)1, (unsigned char)4, (unsigned char)4>(pusch_noise_intf_est::puschRxNoiseIntfEstDynDescr)"
2414161372,2720,92726,35,1,1,128,1,1,16,0.000,0.000,,,,,NVIDIA A100-SXM4-40GB MIG 4g.20gb (0),1,,13,cupy_copy__complex64_complex64
2414167612,1728,92735,1,1,1,1,1,1,18,0.000,0.000,,,,,NVIDIA A100-SXM4-40GB MIG 4g.20gb (0),1,,13,cupy_copy__float32_float32
2414193180,1984,92741,,,,,,,,,,0.000,2.016,Device,Pageable,NVIDIA A100-SXM4-40GB MIG 4g.20gb (0),1,,7,[CUDA memcpy Device-to-Host]
2414253851,13056,92752,1434,1,1,128,1,1,16,0.000,0.000,,,,,NVIDIA A100-SXM4-40GB MIG 4g.20gb (0),1,,13,cupy_copy__complex64_complex64
2414281275,2912,92759,103,1,1,128,1,1,16,0.000,0.000,,,,,NVIDIA A100-SXM4-40GB MIG 4g.20gb (0),1,,13,cupy_copy__complex64_complex64
2414301210,2176,92766,35,1,1,128,1,1,16,0.000,0.000,,,,,NVIDIA A100-SXM4-40GB MIG 4g.20gb (0),1,,13,cupy_copy__complex64_complex64
2414319034,1984,92773,1,1,1,1,1,1,18,0.000,0.000,,,,,NVIDIA A100-SXM4-40GB MIG 4g.20gb (0),1,,13,cupy_copy__float32_float32
2414451384,82239,92784,1,1,1,32,32,1,30,0.000,0.000,,,,,NVIDIA A100-SXM4-40GB MIG 4g.20gb (0),1,,13,"void convert_kernel<__half2, float2>(tensor_layout_any, T1 *, tensor_layout_any, const T2 *)"
2414561943,5824,92787,,,,,,,,,,0.094,16087.884,Pinned,Device,NVIDIA A100-SXM4-40GB MIG 4g.20gb (0),1,,13,[CUDA memcpy Host-to-Device]
2414576439,3328,92788,,,,,,,,,,1.547,464729.580,Device,,NVIDIA A100-SXM4-40GB MIG 4g.20gb (0),1,,13,[CUDA memset]
2414582359,3488,92793,,,,,,,,,,0.031,8972.469,Pinned,Device,NVIDIA A100-SXM4-40GB MIG 4g.20gb (0),1,,13,[CUDA memcpy Host-to-Device]
2414588407,9344,92794,,,,,,,,,,0.197,21040.988,Pinned,Device,NVIDIA A100-SXM4-40GB MIG 4g.20gb (0),1,,13,[CUDA memcpy Host-to-Device]
2414603607,6752,92795,273,1,1,8,4,1,39,0.002,0.000,,,,,NVIDIA A100-SXM4-40GB MIG 4g.20gb (0),1,,13,"void channel_eq::eqMmseCoefCompLowMimoKernel<float, float, float, (unsigned int)4, (unsigned int)1, (unsigned int)4>(const channel_eq::_puschRxChEqStatDescr *, channel_eq::_puschRxChEqCoefCompDynDescr)"
2414611511,7775,92796,273,1,1,12,11,1,51,0.002,0.000,,,,,NVIDIA A100-SXM4-40GB MIG 4g.20gb (0),1,,13,"void channel_eq::eqMmseSoftDemapKernel<float, __half, __half, float, (unsigned int)4, (unsigned short)16383>(channel_eq::_puschRxChEqStatDescr *, channel_eq::_puschRxChEqSoftDemapDynDescr)"
2414621078,283997,92797,1,1,1,32,32,1,30,0.000,0.000,,,,,NVIDIA A100-SXM4-40GB MIG 4g.20gb (0),1,,13,"void convert_kernel<float2, __half2>(tensor_layout_any, T1 *, tensor_layout_any, const T2 *)"
2414906931,11200,92809,2253,1,1,128,1,1,16,0.000,0.000,,,,,NVIDIA A100-SXM4-40GB MIG 4g.20gb (0),1,,13,cupy_copy__float16_float16
2414920083,3296,92818,282,1,1,128,1,1,16,0.000,0.000,,,,,NVIDIA A100-SXM4-40GB MIG 4g.20gb (0),1,,13,cupy_copy__complex64_complex64
2414924467,2304,92827,26,1,1,128,1,1,16,0.000,0.000,,,,,NVIDIA A100-SXM4-40GB MIG 4g.20gb (0),1,,13,cupy_copy__float32_float32
2414929907,4480,92836,103,1,1,128,1,1,16,0.000,0.000,,,,,NVIDIA A100-SXM4-40GB MIG 4g.20gb (0),1,,13,cupy_copy__complex64_complex64
2414937330,12064,92846,1434,1,1,128,1,1,16,0.000,0.000,,,,,NVIDIA A100-SXM4-40GB MIG 4g.20gb (0),1,,13,cupy_copy__complex64_complex64
2414961554,81663,92851,1,1,1,32,32,1,30,0.000,0.000,,,,,NVIDIA A100-SXM4-40GB MIG 4g.20gb (0),1,,13,"void convert_kernel<__half2, float2>(tensor_layout_any, T1 *, tensor_layout_any, const T2 *)"
2415070801,5600,92854,,,,,,,,,,0.094,16731.388,Pinned,Device,NVIDIA A100-SXM4-40GB MIG 4g.20gb (0),1,,13,[CUDA memcpy Host-to-Device]
2415082353,598424,92855,,,,,,,,,,456.561,762914.166,Device,,NVIDIA A100-SXM4-40GB MIG 4g.20gb (0),1,,13,[CUDA memset]
2415683529,143358,92860,,,,,,,,,,1.235,8613.734,Pinned,Device,NVIDIA A100-SXM4-40GB MIG 4g.20gb (0),1,,13,[CUDA memcpy Host-to-Device]
2415839431,41696,92861,,,,,,,,,,0.197,4715.250,Pinned,Device,NVIDIA A100-SXM4-40GB MIG 4g.20gb (0),1,,13,[CUDA memcpy Host-to-Device]
2415913798,7872,92862,69,4,1,48,1,1,76,0.002,0.000,,,,,NVIDIA A100-SXM4-40GB MIG 4g.20gb (0),1,,13,"void ch_est::windowedChEstPreNoDftSOfdmKernel<float, __half, float, (unsigned int)2, (unsigned int)1, (unsigned short)4>(ch_est::puschRxChEstStatDescr_t *, ch_est::puschRxChEstDynDescr_t *)"
2415932902,6752,92863,137,2,1,24,2,1,44,0.001,0.001,,,,,NVIDIA A100-SXM4-40GB MIG 4g.20gb (0),1,,13,"void ch_est::chEstFilterNoDftSOfdmDispatchKernel<float, __half, float, (unsigned int)2>(ch_est::puschRxChEstStatDescr_t *, ch_est::puschRxChEstDynDescr_t *)"
2415949830,4736,92864,137,2,1,24,2,1,44,0.001,0.001,,,,,NVIDIA A100-SXM4-40GB MIG 4g.20gb (0),1,,13,"void ch_est::chEstFilterNoDftSOfdmDispatchKernel<float, __half, float, (unsigned int)2>(ch_est::puschRxChEstStatDescr_t *, ch_est::puschRxChEstDynDescr_t *)"
2415969350,2656,92875,103,1,1,128,1,1,16,0.000,0.000,,,,,NVIDIA A100-SXM4-40GB MIG 4g.20gb (0),1,,13,cupy_copy__complex64_complex64
2415986598,12383,92885,1434,1,1,128,1,1,16,0.000,0.000,,,,,NVIDIA A100-SXM4-40GB MIG 4g.20gb (0),1,,13,cupy_copy__complex64_complex64
2416006693,2976,92892,103,1,1,128,1,1,16,0.000,0.000,,,,,NVIDIA A100-SXM4-40GB MIG 4g.20gb (0),1,,13,cupy_copy__complex64_complex64
2416027045,82175,92899,1,1,1,32,32,1,30,0.000,0.000,,,,,NVIDIA A100-SXM4-40GB MIG 4g.20gb (0),1,,13,"void convert_kernel<__half2, float2>(tensor_layout_any, T1 *, tensor_layout_any, const T2 *)"
2416139908,27775,92902,,,,,,,,,,0.094,3373.337,Pinned,Device,NVIDIA A100-SXM4-40GB MIG 4g.20gb (0),1,,13,[CUDA memcpy Host-to-Device]
2416193827,47455,92903,,,,,,,,,,35.810,754586.634,Device,,NVIDIA A100-SXM4-40GB MIG 4g.20gb (0),1,,13,[CUDA memset]
2416247586,12800,92905,,,,,,,,,,0.000,6.250,Pinned,Device,NVIDIA A100-SXM4-40GB MIG 4g.20gb (0),1,,13,[CUDA memcpy Host-to-Device]
2416268450,26528,92906,,,,,,,,,,0.197,7411.335,Pinned,Device,NVIDIA A100-SXM4-40GB MIG 4g.20gb (0),1,,13,[CUDA memcpy Host-to-Device]
2416318241,10048,92907,273,1,1,48,1,1,40,0.000,0.001,,,,,NVIDIA A100-SXM4-40GB MIG 4g.20gb (0),1,,13,"void pusch_noise_intf_est::noiseIntfEstNoDftSOfdmKernel<float, __half, float, float, (unsigned int)2, (unsigned int)1, (unsigned char)4, (unsigned char)4>(pusch_noise_intf_est::puschRxNoiseIntfEstDynDescr)"
2416343585,2816,92918,35,1,1,128,1,1,16,0.000,0.000,,,,,NVIDIA A100-SXM4-40GB MIG 4g.20gb (0),1,,13,cupy_copy__complex64_complex64
2416356001,1696,92927,1,1,1,1,1,1,18,0.000,0.000,,,,,NVIDIA A100-SXM4-40GB MIG 4g.20gb (0),1,,13,cupy_copy__float32_float32
2416362273,4480,92933,,,,,,,,,,0.000,0.893,Device,Pageable,NVIDIA A100-SXM4-40GB MIG 4g.20gb (0),1,,7,[CUDA memcpy Device-to-Host]
2416440672,12800,92944,1434,1,1,128,1,1,16,0.000,0.000,,,,,NVIDIA A100-SXM4-40GB MIG 4g.20gb (0),1,,13,cupy_copy__complex64_complex64
2416464992,2912,92951,103,1,1,128,1,1,16,0.000,0.000,,,,,NVIDIA A100-SXM4-40GB MIG 4g.20gb (0),1,,13,cupy_copy__complex64_complex64
2416481375,2272,92958,35,1,1,128,1,1,16,0.000,0.000,,,,,NVIDIA A100-SXM4-40GB MIG 4g.20gb (0),1,,13,cupy_copy__complex64_complex64
2416501407,1984,92965,1,1,1,1,1,1,18,0.000,0.000,,,,,NVIDIA A100-SXM4-40GB MIG 4g.20gb (0),1,,13,cupy_copy__float32_float32
2416632542,82463,92976,1,1,1,32,32,1,30,0.000,0.000,,,,,NVIDIA A100-SXM4-40GB MIG 4g.20gb (0),1,,13,"void convert_kernel<__half2, float2>(tensor_layout_any, T1 *, tensor_layout_any, const T2 *)"
2416742972,5696,92979,,,,,,,,,,0.094,16449.363,Pinned,Device,NVIDIA A100-SXM4-40GB MIG 4g.20gb (0),1,,13,[CUDA memcpy Host-to-Device]
2416758396,3264,92980,,,,,,,,,,1.547,473842.288,Device,,NVIDIA A100-SXM4-40GB MIG 4g.20gb (0),1,,13,[CUDA memset]
2416764220,3360,92985,,,,,,,,,,0.031,9314.284,Pinned,Device,NVIDIA A100-SXM4-40GB MIG 4g.20gb (0),1,,13,[CUDA memcpy Host-to-Device]
2416770140,9472,92986,,,,,,,,,,0.197,20756.693,Pinned,Device,NVIDIA A100-SXM4-40GB MIG 4g.20gb (0),1,,13,[CUDA memcpy Host-to-Device]
2416783004,6304,92987,273,1,1,8,4,1,39,0.002,0.000,,,,,NVIDIA A100-SXM4-40GB MIG 4g.20gb (0),1,,13,"void channel_eq::eqMmseCoefCompLowMimoKernel<float, float, float, (unsigned int)4, (unsigned int)1, (unsigned int)4>(const channel_eq::_puschRxChEqStatDescr *, channel_eq::_puschRxChEqCoefCompDynDescr)"
2416790364,6431,92988,273,1,1,12,11,1,51,0.002,0.000,,,,,NVIDIA A100-SXM4-40GB MIG 4g.20gb (0),1,,13,"void channel_eq::eqMmseSoftDemapKernel<float, __half, __half, float, (unsigned int)4, (unsigned short)16383>(channel_eq::_puschRxChEqStatDescr *, channel_eq::_puschRxChEqSoftDemapDynDescr)"
2416800027,282845,92989,1,1,1,32,32,1,30,0.000,0.000,,,,,NVIDIA A100-SXM4-40GB MIG 4g.20gb (0),1,,13,"void convert_kernel<float2, __half2>(tensor_layout_any, T1 *, tensor_layout_any, const T2 *)"
2417083832,11040,93001,2253,1,1,128,1,1,16,0.000,0.000,,,,,NVIDIA A100-SXM4-40GB MIG 4g.20gb (0),1,,13,cupy_copy__float16_float16
2417097528,3904,93010,282,1,1,128,1,1,16,0.000,0.000,,,,,NVIDIA A100-SXM4-40GB MIG 4g.20gb (0),1,,13,cupy_copy__complex64_complex64
2417105240,2048,93019,26,1,1,128,1,1,16,0.000,0.000,,,,,NVIDIA A100-SXM4-40GB MIG 4g.20gb (0),1,,13,cupy_copy__float32_float32
2417109720,3264,93028,103,1,1,128,1,1,16,0.000,0.000,,,,,NVIDIA A100-SXM4-40GB MIG 4g.20gb (0),1,,13,cupy_copy__complex64_complex64
2417113944,11967,93038,1434,1,1,128,1,1,16,0.000,0.000,,,,,NVIDIA A100-SXM4-40GB MIG 4g.20gb (0),1,,13,cupy_copy__complex64_complex64
2417135255,82399,93043,1,1,1,32,32,1,30,0.000,0.000,,,,,NVIDIA A100-SXM4-40GB MIG 4g.20gb (0),1,,13,"void convert_kernel<__half2, float2>(tensor_layout_any, T1 *, tensor_layout_any, const T2 *)"
2417244790,5920,93046,,,,,,,,,,0.094,15826.941,Pinned,Device,NVIDIA A100-SXM4-40GB MIG 4g.20gb (0),1,,13,[CUDA memcpy Host-to-Device]
2417255062,597208,93047,,,,,,,,,,456.561,764283.851,Device,,NVIDIA A100-SXM4-40GB MIG 4g.20gb (0),1,,13,[CUDA memset]
2417860046,148799,93052,,,,,,,,,,1.235,8298.824,Pinned,Device,NVIDIA A100-SXM4-40GB MIG 4g.20gb (0),1,,13,[CUDA memcpy Host-to-Device]
2418021356,39648,93053,,,,,,,,,,0.197,4958.650,Pinned,Device,NVIDIA A100-SXM4-40GB MIG 4g.20gb (0),1,,13,[CUDA memcpy Host-to-Device]
2418081964,8512,93054,69,4,1,48,1,1,76,0.002,0.000,,,,,NVIDIA A100-SXM4-40GB MIG 4g.20gb (0),1,,13,"void ch_est::windowedChEstPreNoDftSOfdmKernel<float, __half, float, (unsigned int)2, (unsigned int)1, (unsigned short)4>(ch_est::puschRxChEstStatDescr_t *, ch_est::puschRxChEstDynDescr_t *)"
2418101323,6880,93055,137,2,1,24,2,1,44,0.001,0.001,,,,,NVIDIA A100-SXM4-40GB MIG 4g.20gb (0),1,,13,"void ch_est::chEstFilterNoDftSOfdmDispatchKernel<float, __half, float, (unsigned int)2>(ch_est::puschRxChEstStatDescr_t *, ch_est::puschRxChEstDynDescr_t *)"
2418118411,4832,93056,137,2,1,24,2,1,44,0.001,0.001,,,,,NVIDIA A100-SXM4-40GB MIG 4g.20gb (0),1,,13,"void ch_est::chEstFilterNoDftSOfdmDispatchKernel<float, __half, float, (unsigned int)2>(ch_est::puschRxChEstStatDescr_t *, ch_est::puschRxChEstDynDescr_t *)"
2418135467,2528,93067,103,1,1,128,1,1,16,0.000,0.000,,,,,NVIDIA A100-SXM4-40GB MIG 4g.20gb (0),1,,13,cupy_copy__complex64_complex64
2418153451,12256,93077,1434,1,1,128,1,1,16,0.000,0.000,,,,,NVIDIA A100-SXM4-40GB MIG 4g.20gb (0),1,,13,cupy_copy__complex64_complex64
2418172330,2592,93084,103,1,1,128,1,1,16,0.000,0.000,,,,,NVIDIA A100-SXM4-40GB MIG 4g.20gb (0),1,,13,cupy_copy__complex64_complex64
2418193514,86783,93091,1,1,1,32,32,1,30,0.000,0.000,,,,,NVIDIA A100-SXM4-40GB MIG 4g.20gb (0),1,,13,"void convert_kernel<__half2, float2>(tensor_layout_any, T1 *, tensor_layout_any, const T2 *)"
2418315881,26559,93094,,,,,,,,,,0.094,3527.842,Pinned,Device,NVIDIA A100-SXM4-40GB MIG 4g.20gb (0),1,,13,[CUDA memcpy Host-to-Device]
2418358216,47168,93095,,,,,,,,,,35.810,759170.304,Device,,NVIDIA A100-SXM4-40GB MIG 4g.20gb (0),1,,13,[CUDA memset]
2418407144,12895,93097,,,,,,,,,,0.000,6.204,Pinned,Device,NVIDIA A100-SXM4-40GB MIG 4g.20gb (0),1,,13,[CUDA memcpy Host-to-Device]
2418430151,28992,93098,,,,,,,,,,0.197,6781.403,Pinned,Device,NVIDIA A100-SXM4-40GB MIG 4g.20gb (0),1,,13,[CUDA memcpy Host-to-Device]
2418484295,9728,93099,273,1,1,48,1,1,40,0.000,0.001,,,,,NVIDIA A100-SXM4-40GB MIG 4g.20gb (0),1,,13,"void pusch_noise_intf_est::noiseIntfEstNoDftSOfdmKernel<float, __half, float, float, (unsigned int)2, (unsigned int)1, (unsigned char)4, (unsigned char)4>(pusch_noise_intf_est::puschRxNoiseIntfEstDynDescr)"
2418500678,2784,93110,35,1,1,128,1,1,16,0.000,0.000,,,,,NVIDIA A100-SXM4-40GB MIG 4g.20gb (0),1,,13,cupy_copy__complex64_complex64
2418517446,1696,93119,1,1,1,1,1,1,18,0.000,0.000,,,,,NVIDIA A100-SXM4-40GB MIG 4g.20gb (0),1,,13,cupy_copy__float32_float32
2418524934,4352,93125,,,,,,,,,,0.000,0.919,Device,Pageable,NVIDIA A100-SXM4-40GB MIG 4g.20gb (0),1,,7,[CUDA memcpy Device-to-Host]
2418623525,12608,93136,1434,1,1,128,1,1,16,0.000,0.000,,,,,NVIDIA A100-SXM4-40GB MIG 4g.20gb (0),1,,13,cupy_copy__complex64_complex64
2418647077,2752,93143,103,1,1,128,1,1,16,0.000,0.000,,,,,NVIDIA A100-SXM4-40GB MIG 4g.20gb (0),1,,13,cupy_copy__complex64_complex64
2418665508,2560,93150,35,1,1,128,1,1,16,0.000,0.000,,,,,NVIDIA A100-SXM4-40GB MIG 4g.20gb (0),1,,13,cupy_copy__complex64_complex64
2418685348,1824,93157,1,1,1,1,1,1,18,0.000,0.000,,,,,NVIDIA A100-SXM4-40GB MIG 4g.20gb (0),1,,13,cupy_copy__float32_float32
2418819842,86783,93168,1,1,1,32,32,1,30,0.000,0.000,,,,,NVIDIA A100-SXM4-40GB MIG 4g.20gb (0),1,,13,"void convert_kernel<__half2, float2>(tensor_layout_any, T1 *, tensor_layout_any, const T2 *)"
2418938593,10048,93171,,,,,,,,,,0.094,9324.813,Pinned,Device,NVIDIA A100-SXM4-40GB MIG 4g.20gb (0),1,,13,[CUDA memcpy Host-to-Device]
2418956833,3360,93172,,,,,,,,,,1.547,460304.688,Device,,NVIDIA A100-SXM4-40GB MIG 4g.20gb (0),1,,13,[CUDA memset]
2418966977,3296,93177,,,,,,,,,,0.031,9495.144,Pinned,Device,NVIDIA A100-SXM4-40GB MIG 4g.20gb (0),1,,13,[CUDA memcpy Host-to-Device]
2418973569,11071,93178,,,,,,,,,,0.197,17758.814,Pinned,Device,NVIDIA A100-SXM4-40GB MIG 4g.20gb (0),1,,13,[CUDA memcpy Host-to-Device]
2418989312,6592,93179,273,1,1,8,4,1,39,0.002,0.000,,,,,NVIDIA A100-SXM4-40GB MIG 4g.20gb (0),1,,13,"void channel_eq::eqMmseCoefCompLowMimoKernel<float, float, float, (unsigned int)4, (unsigned int)1, (unsigned int)4>(const channel_eq::_puschRxChEqStatDescr *, channel_eq::_puschRxChEqCoefCompDynDescr)"
2418997440,6720,93180,273,1,1,12,11,1,51,0.002,0.000,,,,,NVIDIA A100-SXM4-40GB MIG 4g.20gb (0),1,,13,"void channel_eq::eqMmseSoftDemapKernel<float, __half, __half, float, (unsigned int)4, (unsigned short)16383>(channel_eq::_puschRxChEqStatDescr *, channel_eq::_puschRxChEqSoftDemapDynDescr)"
2419006080,282045,93181,1,1,1,32,32,1,30,0.000,0.000,,,,,NVIDIA A100-SXM4-40GB MIG 4g.20gb (0),1,,13,"void convert_kernel<float2, __half2>(tensor_layout_any, T1 *, tensor_layout_any, const T2 *)"
2419291101,10976,93193,2253,1,1,128,1,1,16,0.000,0.000,,,,,NVIDIA A100-SXM4-40GB MIG 4g.20gb (0),1,,13,cupy_copy__float16_float16
2419304412,2976,93202,282,1,1,128,1,1,16,0.000,0.000,,,,,NVIDIA A100-SXM4-40GB MIG 4g.20gb (0),1,,13,cupy_copy__complex64_complex64
2419309724,2304,93211,26,1,1,128,1,1,16,0.000,0.000,,,,,NVIDIA A100-SXM4-40GB MIG 4g.20gb (0),1,,13,cupy_copy__float32_float32
2419315868,3264,93220,103,1,1,128,1,1,16,0.000,0.000,,,,,NVIDIA A100-SXM4-40GB MIG 4g.20gb (0),1,,13,cupy_copy__complex64_complex64
2419323324,12096,93230,1434,1,1,128,1,1,16,0.000,0.000,,,,,NVIDIA A100-SXM4-40GB MIG 4g.20gb (0),1,,13,cupy_copy__complex64_complex64
2419342780,87423,93235,1,1,1,32,32,1,30,0.000,0.000,,,,,NVIDIA A100-SXM4-40GB MIG 4g.20gb (0),1,,13,"void convert_kernel<__half2, float2>(tensor_layout_any, T1 *, tensor_layout_any, const T2 *)"
2419457307,5760,93238,,,,,,,,,,0.094,16266.656,Pinned,Device,NVIDIA A100-SXM4-40GB MIG 4g.20gb (0),1,,13,[CUDA memcpy Host-to-Device]
2419466938,597497,93239,,,,,,,,,,456.561,763827.289,Device,,NVIDIA A100-SXM4-40GB MIG 4g.20gb (0),1,,13,[CUDA memset]
2420075251,152190,93244,,,,,,,,,,1.235,8113.582,Pinned,Device,NVIDIA A100-SXM4-40GB MIG 4g.20gb (0),1,,13,[CUDA memcpy Host-to-Device]
2420238769,31392,93245,,,,,,,,,,0.197,6262.948,Pinned,Device,NVIDIA A100-SXM4-40GB MIG 4g.20gb (0),1,,13,[CUDA memcpy Host-to-Device]
2420289712,8352,93246,69,4,1,48,1,1,76,0.002,0.000,,,,,NVIDIA A100-SXM4-40GB MIG 4g.20gb (0),1,,13,"void ch_est::windowedChEstPreNoDftSOfdmKernel<float, __half, float, (unsigned int)2, (unsigned int)1, (unsigned short)4>(ch_est::puschRxChEstStatDescr_t *, ch_est::puschRxChEstDynDescr_t *)"
2420300560,6880,93247,137,2,1,24,2,1,44,0.001,0.001,,,,,NVIDIA A100-SXM4-40GB MIG 4g.20gb (0),1,,13,"void ch_est::chEstFilterNoDftSOfdmDispatchKernel<float, __half, float, (unsigned int)2>(ch_est::puschRxChEstStatDescr_t *, ch_est::puschRxChEstDynDescr_t *)"
2420310416,5216,93248,137,2,1,24,2,1,44,0.001,0.001,,,,,NVIDIA A100-SXM4-40GB MIG 4g.20gb (0),1,,13,"void ch_est::chEstFilterNoDftSOfdmDispatchKernel<float, __half, float, (unsigned int)2>(ch_est::puschRxChEstStatDescr_t *, ch_est::puschRxChEstDynDescr_t *)"
2420318736,2560,93259,103,1,1,128,1,1,16,0.000,0.000,,,,,NVIDIA A100-SXM4-40GB MIG 4g.20gb (0),1,,13,cupy_copy__complex64_complex64
2420326448,12640,93269,1434,1,1,128,1,1,16,0.000,0.000,,,,,NVIDIA A100-SXM4-40GB MIG 4g.20gb (0),1,,13,cupy_copy__complex64_complex64
2420344176,2528,93276,103,1,1,128,1,1,16,0.000,0.000,,,,,NVIDIA A100-SXM4-40GB MIG 4g.20gb (0),1,,13,cupy_copy__complex64_complex64
2420351920,86590,93283,1,1,1,32,32,1,30,0.000,0.000,,,,,NVIDIA A100-SXM4-40GB MIG 4g.20gb (0),1,,13,"void convert_kernel<__half2, float2>(tensor_layout_any, T1 *, tensor_layout_any, const T2 *)"
2420465518,5824,93286,,,,,,,,,,0.094,16087.884,Pinned,Device,NVIDIA A100-SXM4-40GB MIG 4g.20gb (0),1,,13,[CUDA memcpy Host-to-Device]
2420477710,46783,93287,,,,,,,,,,35.810,765437.040,Device,,NVIDIA A100-SXM4-40GB MIG 4g.20gb (0),1,,13,[CUDA memset]
2420531469,4608,93289,,,,,,,,,,0.000,17.361,Pinned,Device,NVIDIA A100-SXM4-40GB MIG 4g.20gb (0),1,,13,[CUDA memcpy Host-to-Device]
2420540653,11520,93290,,,,,,,,,,0.197,17066.557,Pinned,Device,NVIDIA A100-SXM4-40GB MIG 4g.20gb (0),1,,13,[CUDA memcpy Host-to-Device]
2420560813,13376,93291,273,1,1,48,1,1,40,0.000,0.001,,,,,NVIDIA A100-SXM4-40GB MIG 4g.20gb (0),1,,13,"void pusch_noise_intf_est::noiseIntfEstNoDftSOfdmKernel<float, __half, float, float, (unsigned int)2, (unsigned int)1, (unsigned char)4, (unsigned char)4>(pusch_noise_intf_est::puschRxNoiseIntfEstDynDescr)"
2420577261,3232,93302,35,1,1,128,1,1,16,0.000,0.000,,,,,NVIDIA A100-SXM4-40GB MIG 4g.20gb (0),1,,13,cupy_copy__complex64_complex64
2420587469,2016,93311,1,1,1,1,1,1,18,0.000,0.000,,,,,NVIDIA A100-SXM4-40GB MIG 4g.20gb (0),1,,13,cupy_copy__float32_float32
2420616876,1600,93317,,,,,,,,,,0.000,2.500,Device,Pageable,NVIDIA A100-SXM4-40GB MIG 4g.20gb (0),1,,7,[CUDA memcpy Device-to-Host]
2420677452,12863,93328,1434,1,1,128,1,1,16,0.000,0.000,,,,,NVIDIA A100-SXM4-40GB MIG 4g.20gb (0),1,,13,cupy_copy__complex64_complex64
2420703531,2848,93335,103,1,1,128,1,1,16,0.000,0.000,,,,,NVIDIA A100-SXM4-40GB MIG 4g.20gb (0),1,,13,cupy_copy__complex64_complex64
2420723755,2624,93342,35,1,1,128,1,1,16,0.000,0.000,,,,,NVIDIA A100-SXM4-40GB MIG 4g.20gb (0),1,,13,cupy_copy__complex64_complex64
2420741963,1952,93349,1,1,1,1,1,1,18,0.000,0.000,,,,,NVIDIA A100-SXM4-40GB MIG 4g.20gb (0),1,,13,cupy_copy__float32_float32
2420879465,82751,93360,1,1,1,32,32,1,30,0.000,0.000,,,,,NVIDIA A100-SXM4-40GB MIG 4g.20gb (0),1,,13,"void convert_kernel<__half2, float2>(tensor_layout_any, T1 *, tensor_layout_any, const T2 *)"
2420989736,5632,93363,,,,,,,,,,0.094,16636.287,Pinned,Device,NVIDIA A100-SXM4-40GB MIG 4g.20gb (0),1,,13,[CUDA memcpy Host-to-Device]
2421004711,3456,93364,,,,,,,,,,1.547,447517.201,Device,,NVIDIA A100-SXM4-40GB MIG 4g.20gb (0),1,,13,[CUDA memset]
2421012007,3104,93369,,,,,,,,,,0.031,10082.445,Pinned,Device,NVIDIA A100-SXM4-40GB MIG 4g.20gb (0),1,,13,[CUDA memcpy Host-to-Device]
2421017703,9952,93370,,,,,,,,,,0.197,19755.565,Pinned,Device,NVIDIA A100-SXM4-40GB MIG 4g.20gb (0),1,,13,[CUDA memcpy Host-to-Device]
2421032743,6304,93371,273,1,1,8,4,1,39,0.002,0.000,,,,,NVIDIA A100-SXM4-40GB MIG 4g.20gb (0),1,,13,"void channel_eq::eqMmseCoefCompLowMimoKernel<float, float, float, (unsigned int)4, (unsigned int)1, (unsigned int)4>(const channel_eq::_puschRxChEqStatDescr *, channel_eq::_puschRxChEqCoefCompDynDescr)"
2421041831,5792,93372,273,1,1,12,11,1,51,0.002,0.000,,,,,NVIDIA A100-SXM4-40GB MIG 4g.20gb (0),1,,13,"void channel_eq::eqMmseSoftDemapKernel<float, __half, __half, float, (unsigned int)4, (unsigned short)16383>(channel_eq::_puschRxChEqStatDescr *, channel_eq::_puschRxChEqSoftDemapDynDescr)"
2421048903,294268,93373,1,1,1,32,32,1,30,0.000,0.000,,,,,NVIDIA A100-SXM4-40GB MIG 4g.20gb (0),1,,13,"void convert_kernel<float2, __half2>(tensor_layout_any, T1 *, tensor_layout_any, const T2 *)"
2421346179,11232,93385,2253,1,1,128,1,1,16,0.000,0.000,,,,,NVIDIA A100-SXM4-40GB MIG 4g.20gb (0),1,,13,cupy_copy__float16_float16
2421358627,3008,93394,282,1,1,128,1,1,16,0.000,0.000,,,,,NVIDIA A100-SXM4-40GB MIG 4g.20gb (0),1,,13,cupy_copy__complex64_complex64
2421367651,2208,93403,26,1,1,128,1,1,16,0.000,0.000,,,,,NVIDIA A100-SXM4-40GB MIG 4g.20gb (0),1,,13,cupy_copy__float32_float32
2421372227,2912,93412,103,1,1,128,1,1,16,0.000,0.000,,,,,NVIDIA A100-SXM4-40GB MIG 4g.20gb (0),1,,13,cupy_copy__complex64_complex64
2421378179,12288,93422,1434,1,1,128,1,1,16,0.000,0.000,,,,,NVIDIA A100-SXM4-40GB MIG 4g.20gb (0),1,,13,cupy_copy__complex64_complex64
2421394595,86719,93427,1,1,1,32,32,1,30,0.000,0.000,,,,,NVIDIA A100-SXM4-40GB MIG 4g.20gb (0),1,,13,"void convert_kernel<__half2, float2>(tensor_layout_any, T1 *, tensor_layout_any, const T2 *)"
2421508001,5376,93430,,,,,,,,,,0.094,17428.487,Pinned,Device,NVIDIA A100-SXM4-40GB MIG 4g.20gb (0),1,,13,[CUDA memcpy Host-to-Device]
2421517505,597465,93431,,,,,,,,,,456.561,763827.289,Device,,NVIDIA A100-SXM4-40GB MIG 4g.20gb (0),1,,13,[CUDA memset]
2422123002,148734,93436,,,,,,,,,,1.235,8302.529,Pinned,Device,NVIDIA A100-SXM4-40GB MIG 4g.20gb (0),1,,13,[CUDA memcpy Host-to-Device]
2422284024,41471,93437,,,,,,,,,,0.197,4740.809,Pinned,Device,NVIDIA A100-SXM4-40GB MIG 4g.20gb (0),1,,13,[CUDA memcpy Host-to-Device]
2422358775,8192,93438,69,4,1,48,1,1,76,0.002,0.000,,,,,NVIDIA A100-SXM4-40GB MIG 4g.20gb (0),1,,13,"void ch_est::windowedChEstPreNoDftSOfdmKernel<float, __half, float, (unsigned int)2, (unsigned int)1, (unsigned short)4>(ch_est::puschRxChEstStatDescr_t *, ch_est::puschRxChEstDynDescr_t *)"
2422376471,6367,93439,137,2,1,24,2,1,44,0.001,0.001,,,,,NVIDIA A100-SXM4-40GB MIG 4g.20gb (0),1,,13,"void ch_est::chEstFilterNoDftSOfdmDispatchKernel<float, __half, float, (unsigned int)2>(ch_est::puschRxChEstStatDescr_t *, ch_est::puschRxChEstDynDescr_t *)"
2422396214,4736,93440,137,2,1,24,2,1,44,0.001,0.001,,,,,NVIDIA A100-SXM4-40GB MIG 4g.20gb (0),1,,13,"void ch_est::chEstFilterNoDftSOfdmDispatchKernel<float, __half, float, (unsigned int)2>(ch_est::puschRxChEstStatDescr_t *, ch_est::puschRxChEstDynDescr_t *)"
2422412982,2752,93451,103,1,1,128,1,1,16,0.000,0.000,,,,,NVIDIA A100-SXM4-40GB MIG 4g.20gb (0),1,,13,cupy_copy__complex64_complex64
2422430038,12608,93461,1434,1,1,128,1,1,16,0.000,0.000,,,,,NVIDIA A100-SXM4-40GB MIG 4g.20gb (0),1,,13,cupy_copy__complex64_complex64
2422448182,2912,93468,103,1,1,128,1,1,16,0.000,0.000,,,,,NVIDIA A100-SXM4-40GB MIG 4g.20gb (0),1,,13,cupy_copy__complex64_complex64
2422470421,88319,93475,1,1,1,32,32,1,30,0.000,0.000,,,,,NVIDIA A100-SXM4-40GB MIG 4g.20gb (0),1,,13,"void convert_kernel<__half2, float2>(tensor_layout_any, T1 *, tensor_layout_any, const T2 *)"
2422586324,13056,93478,,,,,,,,,,0.094,7176.458,Pinned,Device,NVIDIA A100-SXM4-40GB MIG 4g.20gb (0),1,,13,[CUDA memcpy Host-to-Device]
2422610932,47423,93479,,,,,,,,,,35.810,755087.973,Device,,NVIDIA A100-SXM4-40GB MIG 4g.20gb (0),1,,13,[CUDA memset]
2422663571,5792,93481,,,,,,,,,,0.000,13.812,Pinned,Device,NVIDIA A100-SXM4-40GB MIG 4g.20gb (0),1,,13,[CUDA memcpy Host-to-Device]
2422673971,15744,93482,,,,,,,,,,0.197,12487.754,Pinned,Device,NVIDIA A100-SXM4-40GB MIG 4g.20gb (0),1,,13,[CUDA memcpy Host-to-Device]
2422699091,10847,93483,273,1,1,48,1,1,40,0.000,0.001,,,,,NVIDIA A100-SXM4-40GB MIG 4g.20gb (0),1,,13,"void pusch_noise_intf_est::noiseIntfEstNoDftSOfdmKernel<float, __half, float, float, (unsigned int)2, (unsigned int)1, (unsigned char)4, (unsigned char)4>(pusch_noise_intf_est::puschRxNoiseIntfEstDynDescr)"
2422714994,2880,93494,35,1,1,128,1,1,16,0.000,0.000,,,,,NVIDIA A100-SXM4-40GB MIG 4g.20gb (0),1,,13,cupy_copy__complex64_complex64
2422723250,1888,93503,1,1,1,1,1,1,18,0.000,0.000,,,,,NVIDIA A100-SXM4-40GB MIG 4g.20gb (0),1,,13,cupy_copy__float32_float32
2422739698,3040,93509,,,,,,,,,,0.000,1.316,Device,Pageable,NVIDIA A100-SXM4-40GB MIG 4g.20gb (0),1,,7,[CUDA memcpy Device-to-Host]
2422801873,13120,93520,1434,1,1,128,1,1,16,0.000,0.000,,,,,NVIDIA A100-SXM4-40GB MIG 4g.20gb (0),1,,13,cupy_copy__complex64_complex64
2422829105,2880,93527,103,1,1,128,1,1,16,0.000,0.000,,,,,NVIDIA A100-SXM4-40GB MIG 4g.20gb (0),1,,13,cupy_copy__complex64_complex64
2422859281,2368,93534,35,1,1,128,1,1,16,0.000,0.000,,,,,NVIDIA A100-SXM4-40GB MIG 4g.20gb (0),1,,13,cupy_copy__complex64_complex64
2422879440,1888,93541,1,1,1,1,1,1,18,0.000,0.000,,,,,NVIDIA A100-SXM4-40GB MIG 4g.20gb (0),1,,13,cupy_copy__float32_float32
2423011247,82079,93552,1,1,1,32,32,1,30,0.000,0.000,,,,,NVIDIA A100-SXM4-40GB MIG 4g.20gb (0),1,,13,"void convert_kernel<__half2, float2>(tensor_layout_any, T1 *, tensor_layout_any, const T2 *)"
2423121517,6144,93555,,,,,,,,,,0.094,15249.961,Pinned,Device,NVIDIA A100-SXM4-40GB MIG 4g.20gb (0),1,,13,[CUDA memcpy Host-to-Device]
2423137229,3200,93556,,,,,,,,,,1.547,483320.000,Device,,NVIDIA A100-SXM4-40GB MIG 4g.20gb (0),1,,13,[CUDA memset]
2423143149,3008,93561,,,,,,,,,,0.031,10404.230,Pinned,Device,NVIDIA A100-SXM4-40GB MIG 4g.20gb (0),1,,13,[CUDA memcpy Host-to-Device]
2423148717,10080,93562,,,,,,,,,,0.197,19504.693,Pinned,Device,NVIDIA A100-SXM4-40GB MIG 4g.20gb (0),1,,13,[CUDA memcpy Host-to-Device]
2423163437,8160,93563,273,1,1,8,4,1,39,0.002,0.000,,,,,NVIDIA A100-SXM4-40GB MIG 4g.20gb (0),1,,13,"void channel_eq::eqMmseCoefCompLowMimoKernel<float, float, float, (unsigned int)4, (unsigned int)1, (unsigned int)4>(const channel_eq::_puschRxChEqStatDescr *, channel_eq::_puschRxChEqCoefCompDynDescr)"
2423173645,5600,93564,273,1,1,12,11,1,51,0.002,0.000,,,,,NVIDIA A100-SXM4-40GB MIG 4g.20gb (0),1,,13,"void channel_eq::eqMmseSoftDemapKernel<float, __half, __half, float, (unsigned int)4, (unsigned short)16383>(channel_eq::_puschRxChEqStatDescr *, channel_eq::_puschRxChEqSoftDemapDynDescr)"
2423181165,282972,93565,1,1,1,32,32,1,30,0.000,0.000,,,,,NVIDIA A100-SXM4-40GB MIG 4g.20gb (0),1,,13,"void convert_kernel<float2, __half2>(tensor_layout_any, T1 *, tensor_layout_any, const T2 *)"
2423467305,10848,93577,2253,1,1,128,1,1,16,0.000,0.000,,,,,NVIDIA A100-SXM4-40GB MIG 4g.20gb (0),1,,13,cupy_copy__float16_float16
2423482025,3616,93586,282,1,1,128,1,1,16,0.000,0.000,,,,,NVIDIA A100-SXM4-40GB MIG 4g.20gb (0),1,,13,cupy_copy__complex64_complex64
2423488009,2240,93595,26,1,1,128,1,1,16,0.000,0.000,,,,,NVIDIA A100-SXM4-40GB MIG 4g.20gb (0),1,,13,cupy_copy__float32_float32
2423492233,4672,93604,103,1,1,128,1,1,16,0.000,0.000,,,,,NVIDIA A100-SXM4-40GB MIG 4g.20gb (0),1,,13,cupy_copy__complex64_complex64
2423498665,12191,93614,1434,1,1,128,1,1,16,0.000,0.000,,,,,NVIDIA A100-SXM4-40GB MIG 4g.20gb (0),1,,13,cupy_copy__complex64_complex64
2423514728,83103,93619,1,1,1,32,32,1,30,0.000,0.000,,,,,NVIDIA A100-SXM4-40GB MIG 4g.20gb (0),1,,13,"void convert_kernel<__half2, float2>(tensor_layout_any, T1 *, tensor_layout_any, const T2 *)"
2423625159,5504,93622,,,,,,,,,,0.094,17023.251,Pinned,Device,NVIDIA A100-SXM4-40GB MIG 4g.20gb (0),1,,13,[CUDA memcpy Host-to-Device]
2423635207,600249,93623,,,,,,,,,,456.561,760174.798,Device,,NVIDIA A100-SXM4-40GB MIG 4g.20gb (0),1,,13,[CUDA memset]
2424242879,147423,93628,,,,,,,,,,1.235,8376.625,Pinned,Device,NVIDIA A100-SXM4-40GB MIG 4g.20gb (0),1,,13,[CUDA memcpy Host-to-Device]
2424403165,41568,93629,,,,,,,,,,0.197,4729.602,Pinned,Device,NVIDIA A100-SXM4-40GB MIG 4g.20gb (0),1,,13,[CUDA memcpy Host-to-Device]
2424462365,8352,93630,69,4,1,48,1,1,76,0.002,0.000,,,,,NVIDIA A100-SXM4-40GB MIG 4g.20gb (0),1,,13,"void ch_est::windowedChEstPreNoDftSOfdmKernel<float, __half, float, (unsigned int)2, (unsigned int)1, (unsigned short)4>(ch_est::puschRxChEstStatDescr_t *, ch_est::puschRxChEstDynDescr_t *)"
2424482076,6944,93631,137,2,1,24,2,1,44,0.001,0.001,,,,,NVIDIA A100-SXM4-40GB MIG 4g.20gb (0),1,,13,"void ch_est::chEstFilterNoDftSOfdmDispatchKernel<float, __half, float, (unsigned int)2>(ch_est::puschRxChEstStatDescr_t *, ch_est::puschRxChEstDynDescr_t *)"
2424498908,4768,93632,137,2,1,24,2,1,44,0.001,0.001,,,,,NVIDIA A100-SXM4-40GB MIG 4g.20gb (0),1,,13,"void ch_est::chEstFilterNoDftSOfdmDispatchKernel<float, __half, float, (unsigned int)2>(ch_est::puschRxChEstStatDescr_t *, ch_est::puschRxChEstDynDescr_t *)"
2424518460,2656,93643,103,1,1,128,1,1,16,0.000,0.000,,,,,NVIDIA A100-SXM4-40GB MIG 4g.20gb (0),1,,13,cupy_copy__complex64_complex64
2424534940,12256,93653,1434,1,1,128,1,1,16,0.000,0.000,,,,,NVIDIA A100-SXM4-40GB MIG 4g.20gb (0),1,,13,cupy_copy__complex64_complex64
2424555644,2944,93660,103,1,1,128,1,1,16,0.000,0.000,,,,,NVIDIA A100-SXM4-40GB MIG 4g.20gb (0),1,,13,cupy_copy__complex64_complex64
2424576891,83647,93667,1,1,1,32,32,1,30,0.000,0.000,,,,,NVIDIA A100-SXM4-40GB MIG 4g.20gb (0),1,,13,"void convert_kernel<__half2, float2>(tensor_layout_any, T1 *, tensor_layout_any, const T2 *)"
2424691994,26944,93670,,,,,,,,,,0.094,3477.433,Pinned,Device,NVIDIA A100-SXM4-40GB MIG 4g.20gb (0),1,,13,[CUDA memcpy Host-to-Device]
2424749529,47360,93671,,,,,,,,,,35.810,756090.651,Device,,NVIDIA A100-SXM4-40GB MIG 4g.20gb (0),1,,13,[CUDA memset]
2424800057,14687,93673,,,,,,,,,,0.000,5.447,Pinned,Device,NVIDIA A100-SXM4-40GB MIG 4g.20gb (0),1,,13,[CUDA memcpy Host-to-Device]
2424824888,32768,93674,,,,,,,,,,0.197,5999.886,Pinned,Device,NVIDIA A100-SXM4-40GB MIG 4g.20gb (0),1,,13,[CUDA memcpy Host-to-Device]
2424873592,9472,93675,273,1,1,48,1,1,40,0.000,0.001,,,,,NVIDIA A100-SXM4-40GB MIG 4g.20gb (0),1,,13,"void pusch_noise_intf_est::noiseIntfEstNoDftSOfdmKernel<float, __half, float, float, (unsigned int)2, (unsigned int)1, (unsigned char)4, (unsigned char)4>(pusch_noise_intf_est::puschRxNoiseIntfEstDynDescr)"
2424888791,2784,93686,35,1,1,128,1,1,16,0.000,0.000,,,,,NVIDIA A100-SXM4-40GB MIG 4g.20gb (0),1,,13,cupy_copy__complex64_complex64
2424901303,1696,93695,1,1,1,1,1,1,18,0.000,0.000,,,,,NVIDIA A100-SXM4-40GB MIG 4g.20gb (0),1,,13,cupy_copy__float32_float32
2424903767,6464,93701,,,,,,,,,,0.000,0.619,Device,Pageable,NVIDIA A100-SXM4-40GB MIG 4g.20gb (0),1,,7,[CUDA memcpy Device-to-Host]
2424986678,12928,93712,1434,1,1,128,1,1,16,0.000,0.000,,,,,NVIDIA A100-SXM4-40GB MIG 4g.20gb (0),1,,13,cupy_copy__complex64_complex64
2425012630,3552,93719,103,1,1,128,1,1,16,0.000,0.000,,,,,NVIDIA A100-SXM4-40GB MIG 4g.20gb (0),1,,13,cupy_copy__complex64_complex64
2425027958,2752,93726,35,1,1,128,1,1,16,0.000,0.000,,,,,NVIDIA A100-SXM4-40GB MIG 4g.20gb (0),1,,13,cupy_copy__complex64_complex64
2425050197,1792,93733,1,1,1,1,1,1,18,0.000,0.000,,,,,NVIDIA A100-SXM4-40GB MIG 4g.20gb (0),1,,13,cupy_copy__float32_float32
2425180724,82207,93744,1,1,1,32,32,1,30,0.000,0.000,,,,,NVIDIA A100-SXM4-40GB MIG 4g.20gb (0),1,,13,"void convert_kernel<__half2, float2>(tensor_layout_any, T1 *, tensor_layout_any, const T2 *)"
2425290450,5536,93747,,,,,,,,,,0.094,16924.777,Pinned,Device,NVIDIA A100-SXM4-40GB MIG 4g.20gb (0),1,,13,[CUDA memcpy Host-to-Device]
2425306130,3232,93748,,,,,,,,,,1.547,478533.199,Device,,NVIDIA A100-SXM4-40GB MIG 4g.20gb (0),1,,13,[CUDA memset]
2425313810,3200,93753,,,,,,,,,,0.031,9780.000,Pinned,Device,NVIDIA A100-SXM4-40GB MIG 4g.20gb (0),1,,13,[CUDA memcpy Host-to-Device]
2425319570,9536,93754,,,,,,,,,,0.197,20617.298,Pinned,Device,NVIDIA A100-SXM4-40GB MIG 4g.20gb (0),1,,13,[CUDA memcpy Host-to-Device]
2425333138,6272,93755,273,1,1,8,4,1,39,0.002,0.000,,,,,NVIDIA A100-SXM4-40GB MIG 4g.20gb (0),1,,13,"void channel_eq::eqMmseCoefCompLowMimoKernel<float, float, float, (unsigned int)4, (unsigned int)1, (unsigned int)4>(const channel_eq::_puschRxChEqStatDescr *, channel_eq::_puschRxChEqCoefCompDynDescr)"
2425340530,8256,93756,273,1,1,12,11,1,51,0.002,0.000,,,,,NVIDIA A100-SXM4-40GB MIG 4g.20gb (0),1,,13,"void channel_eq::eqMmseSoftDemapKernel<float, __half, __half, float, (unsigned int)4, (unsigned short)16383>(channel_eq::_puschRxChEqStatDescr *, channel_eq::_puschRxChEqSoftDemapDynDescr)"
2425350546,282588,93757,1,1,1,32,32,1,30,0.000,0.000,,,,,NVIDIA A100-SXM4-40GB MIG 4g.20gb (0),1,,13,"void convert_kernel<float2, __half2>(tensor_layout_any, T1 *, tensor_layout_any, const T2 *)"
2425634158,11008,93769,2253,1,1,128,1,1,16,0.000,0.000,,,,,NVIDIA A100-SXM4-40GB MIG 4g.20gb (0),1,,13,cupy_copy__float16_float16
2425649518,3616,93778,282,1,1,128,1,1,16,0.000,0.000,,,,,NVIDIA A100-SXM4-40GB MIG 4g.20gb (0),1,,13,cupy_copy__complex64_complex64
2425655054,3392,93787,26,1,1,128,1,1,16,0.000,0.000,,,,,NVIDIA A100-SXM4-40GB MIG 4g.20gb (0),1,,13,cupy_copy__float32_float32
2425661934,4768,93796,103,1,1,128,1,1,16,0.000,0.000,,,,,NVIDIA A100-SXM4-40GB MIG 4g.20gb (0),1,,13,cupy_copy__complex64_complex64
2425669646,12384,93806,1434,1,1,128,1,1,16,0.000,0.000,,,,,NVIDIA A100-SXM4-40GB MIG 4g.20gb (0),1,,13,cupy_copy__complex64_complex64
2425683918,87423,93811,1,1,1,32,32,1,30,0.000,0.000,,,,,NVIDIA A100-SXM4-40GB MIG 4g.20gb (0),1,,13,"void convert_kernel<__half2, float2>(tensor_layout_any, T1 *, tensor_layout_any, const T2 *)"
2425798412,5408,93814,,,,,,,,,,0.094,17325.421,Pinned,Device,NVIDIA A100-SXM4-40GB MIG 4g.20gb (0),1,,13,[CUDA memcpy Host-to-Device]
2425809004,596633,93815,,,,,,,,,,456.561,765196.973,Device,,NVIDIA A100-SXM4-40GB MIG 4g.20gb (0),1,,13,[CUDA memset]
2426410661,142750,93820,,,,,,,,,,1.235,8650.783,Pinned,Device,NVIDIA A100-SXM4-40GB MIG 4g.20gb (0),1,,13,[CUDA memcpy Host-to-Device]
2426563683,33503,93821,,,,,,,,,,0.197,5868.356,Pinned,Device,NVIDIA A100-SXM4-40GB MIG 4g.20gb (0),1,,13,[CUDA memcpy Host-to-Device]
2426609506,8192,93822,69,4,1,48,1,1,76,0.002,0.000,,,,,NVIDIA A100-SXM4-40GB MIG 4g.20gb (0),1,,13,"void ch_est::windowedChEstPreNoDftSOfdmKernel<float, __half, float, (unsigned int)2, (unsigned int)1, (unsigned short)4>(ch_est::puschRxChEstStatDescr_t *, ch_est::puschRxChEstDynDescr_t *)"
2426627394,6656,93823,137,2,1,24,2,1,44,0.001,0.001,,,,,NVIDIA A100-SXM4-40GB MIG 4g.20gb (0),1,,13,"void ch_est::chEstFilterNoDftSOfdmDispatchKernel<float, __half, float, (unsigned int)2>(ch_est::puschRxChEstStatDescr_t *, ch_est::puschRxChEstDynDescr_t *)"
2426639458,4800,93824,137,2,1,24,2,1,44,0.001,0.001,,,,,NVIDIA A100-SXM4-40GB MIG 4g.20gb (0),1,,13,"void ch_est::chEstFilterNoDftSOfdmDispatchKernel<float, __half, float, (unsigned int)2>(ch_est::puschRxChEstStatDescr_t *, ch_est::puschRxChEstDynDescr_t *)"
2426651266,2496,93835,103,1,1,128,1,1,16,0.000,0.000,,,,,NVIDIA A100-SXM4-40GB MIG 4g.20gb (0),1,,13,cupy_copy__complex64_complex64
2426661410,12767,93845,1434,1,1,128,1,1,16,0.000,0.000,,,,,NVIDIA A100-SXM4-40GB MIG 4g.20gb (0),1,,13,cupy_copy__complex64_complex64
2426681569,2880,93852,103,1,1,128,1,1,16,0.000,0.000,,,,,NVIDIA A100-SXM4-40GB MIG 4g.20gb (0),1,,13,cupy_copy__complex64_complex64
2426699137,87007,93859,1,1,1,32,32,1,30,0.000,0.000,,,,,NVIDIA A100-SXM4-40GB MIG 4g.20gb (0),1,,13,"void convert_kernel<__half2, float2>(tensor_layout_any, T1 *, tensor_layout_any, const T2 *)"
2426818464,18879,93862,,,,,,,,,,0.094,4962.890,Pinned,Device,NVIDIA A100-SXM4-40GB MIG 4g.20gb (0),1,,13,[CUDA memcpy Host-to-Device]
2426850847,47680,93863,,,,,,,,,,35.810,751041.452,Device,,NVIDIA A100-SXM4-40GB MIG 4g.20gb (0),1,,13,[CUDA memset]
2426903071,10495,93865,,,,,,,,,,0.000,7.623,Pinned,Device,NVIDIA A100-SXM4-40GB MIG 4g.20gb (0),1,,13,[CUDA memcpy Host-to-Device]
2426923550,29056,93866,,,,,,,,,,0.197,6766.461,Pinned,Device,NVIDIA A100-SXM4-40GB MIG 4g.20gb (0),1,,13,[CUDA memcpy Host-to-Device]
2426976862,9920,93867,273,1,1,48,1,1,40,0.000,0.001,,,,,NVIDIA A100-SXM4-40GB MIG 4g.20gb (0),1,,13,"void pusch_noise_intf_est::noiseIntfEstNoDftSOfdmKernel<float, __half, float, float, (unsigned int)2, (unsigned int)1, (unsigned char)4, (unsigned char)4>(pusch_noise_intf_est::puschRxNoiseIntfEstDynDescr)"
2426993277,2560,93878,35,1,1,128,1,1,16,0.000,0.000,,,,,NVIDIA A100-SXM4-40GB MIG 4g.20gb (0),1,,13,cupy_copy__complex64_complex64
2427009853,1696,93887,1,1,1,1,1,1,18,0.000,0.000,,,,,NVIDIA A100-SXM4-40GB MIG 4g.20gb (0),1,,13,cupy_copy__float32_float32
2427012445,8416,93893,,,,,,,,,,0.000,0.475,Device,Pageable,NVIDIA A100-SXM4-40GB MIG 4g.20gb (0),1,,7,[CUDA memcpy Device-to-Host]
2427102972,12736,93904,1434,1,1,128,1,1,16,0.000,0.000,,,,,NVIDIA A100-SXM4-40GB MIG 4g.20gb (0),1,,13,cupy_copy__complex64_complex64
2427129276,2720,93911,103,1,1,128,1,1,16,0.000,0.000,,,,,NVIDIA A100-SXM4-40GB MIG 4g.20gb (0),1,,13,cupy_copy__complex64_complex64
2427159259,2560,93918,35,1,1,128,1,1,16,0.000,0.000,,,,,NVIDIA A100-SXM4-40GB MIG 4g.20gb (0),1,,13,cupy_copy__complex64_complex64
2427178779,1728,93925,1,1,1,1,1,1,18,0.000,0.000,,,,,NVIDIA A100-SXM4-40GB MIG 4g.20gb (0),1,,13,cupy_copy__float32_float32
2427301018,87359,93936,1,1,1,32,32,1,30,0.000,0.000,,,,,NVIDIA A100-SXM4-40GB MIG 4g.20gb (0),1,,13,"void convert_kernel<__half2, float2>(tensor_layout_any, T1 *, tensor_layout_any, const T2 *)"
2427421272,13344,93939,,,,,,,,,,0.094,7021.578,Pinned,Device,NVIDIA A100-SXM4-40GB MIG 4g.20gb (0),1,,13,[CUDA memcpy Host-to-Device]
2427443352,3360,93940,,,,,,,,,,1.547,460304.688,Device,,NVIDIA A100-SXM4-40GB MIG 4g.20gb (0),1,,13,[CUDA memset]
2427451736,7584,93945,,,,,,,,,,0.031,4126.565,Pinned,Device,NVIDIA A100-SXM4-40GB MIG 4g.20gb (0),1,,13,[CUDA memcpy Host-to-Device]
2427462904,19615,93946,,,,,,,,,,0.197,10023.272,Pinned,Device,NVIDIA A100-SXM4-40GB MIG 4g.20gb (0),1,,13,[CUDA memcpy Host-to-Device]
2427495927,5792,93947,273,1,1,8,4,1,39,0.002,0.000,,,,,NVIDIA A100-SXM4-40GB MIG 4g.20gb (0),1,,13,"void channel_eq::eqMmseCoefCompLowMimoKernel<float, float, float, (unsigned int)4, (unsigned int)1, (unsigned int)4>(const channel_eq::_puschRxChEqStatDescr *, channel_eq::_puschRxChEqCoefCompDynDescr)"
2427503479,7936,93948,273,1,1,12,11,1,51,0.002,0.000,,,,,NVIDIA A100-SXM4-40GB MIG 4g.20gb (0),1,,13,"void channel_eq::eqMmseSoftDemapKernel<float, __half, __half, float, (unsigned int)4, (unsigned short)16383>(channel_eq::_puschRxChEqStatDescr *, channel_eq::_puschRxChEqSoftDemapDynDescr)"
2427518391,290524,93949,1,1,1,32,32,1,30,0.000,0.000,,,,,NVIDIA A100-SXM4-40GB MIG 4g.20gb (0),1,,13,"void convert_kernel<float2, __half2>(tensor_layout_any, T1 *, tensor_layout_any, const T2 *)"
2427810003,11040,93961,2253,1,1,128,1,1,16,0.000,0.000,,,,,NVIDIA A100-SXM4-40GB MIG 4g.20gb (0),1,,13,cupy_copy__float16_float16
2427823475,3072,93970,282,1,1,128,1,1,16,0.000,0.000,,,,,NVIDIA A100-SXM4-40GB MIG 4g.20gb (0),1,,13,cupy_copy__complex64_complex64
2427827891,2336,93979,26,1,1,128,1,1,16,0.000,0.000,,,,,NVIDIA A100-SXM4-40GB MIG 4g.20gb (0),1,,13,cupy_copy__float32_float32
2427832915,2784,93988,103,1,1,128,1,1,16,0.000,0.000,,,,,NVIDIA A100-SXM4-40GB MIG 4g.20gb (0),1,,13,cupy_copy__complex64_complex64
2427838803,12064,93998,1434,1,1,128,1,1,16,0.000,0.000,,,,,NVIDIA A100-SXM4-40GB MIG 4g.20gb (0),1,,13,cupy_copy__complex64_complex64
2427853107,87039,94003,1,1,1,32,32,1,30,0.000,0.000,,,,,NVIDIA A100-SXM4-40GB MIG 4g.20gb (0),1,,13,"void convert_kernel<__half2, float2>(tensor_layout_any, T1 *, tensor_layout_any, const T2 *)"
2427967121,5440,94006,,,,,,,,,,0.094,17223.480,Pinned,Device,NVIDIA A100-SXM4-40GB MIG 4g.20gb (0),1,,13,[CUDA memcpy Host-to-Device]
2427977297,602169,94007,,,,,,,,,,456.561,757891.990,Device,,NVIDIA A100-SXM4-40GB MIG 4g.20gb (0),1,,13,[CUDA memset]
2428583946,153950,94012,,,,,,,,,,1.235,8020.961,Pinned,Device,NVIDIA A100-SXM4-40GB MIG 4g.20gb (0),1,,13,[CUDA memcpy Host-to-Device]
2428749064,32735,94013,,,,,,,,,,0.197,6005.981,Pinned,Device,NVIDIA A100-SXM4-40GB MIG 4g.20gb (0),1,,13,[CUDA memcpy Host-to-Device]
2428794343,8288,94014,69,4,1,48,1,1,76,0.002,0.000,,,,,NVIDIA A100-SXM4-40GB MIG 4g.20gb (0),1,,13,"void ch_est::windowedChEstPreNoDftSOfdmKernel<float, __half, float, (unsigned int)2, (unsigned int)1, (unsigned short)4>(ch_est::puschRxChEstStatDescr_t *, ch_est::puschRxChEstDynDescr_t *)"
2428804967,6240,94015,137,2,1,24,2,1,44,0.001,0.001,,,,,NVIDIA A100-SXM4-40GB MIG 4g.20gb (0),1,,13,"void ch_est::chEstFilterNoDftSOfdmDispatchKernel<float, __half, float, (unsigned int)2>(ch_est::puschRxChEstStatDescr_t *, ch_est::puschRxChEstDynDescr_t *)"
2428814087,5344,94016,137,2,1,24,2,1,44,0.001,0.001,,,,,NVIDIA A100-SXM4-40GB MIG 4g.20gb (0),1,,13,"void ch_est::chEstFilterNoDftSOfdmDispatchKernel<float, __half, float, (unsigned int)2>(ch_est::puschRxChEstStatDescr_t *, ch_est::puschRxChEstDynDescr_t *)"
2428824231,2784,94027,103,1,1,128,1,1,16,0.000,0.000,,,,,NVIDIA A100-SXM4-40GB MIG 4g.20gb (0),1,,13,cupy_copy__complex64_complex64
2428832807,12928,94037,1434,1,1,128,1,1,16,0.000,0.000,,,,,NVIDIA A100-SXM4-40GB MIG 4g.20gb (0),1,,13,cupy_copy__complex64_complex64
2428849638,2624,94044,103,1,1,128,1,1,16,0.000,0.000,,,,,NVIDIA A100-SXM4-40GB MIG 4g.20gb (0),1,,13,cupy_copy__complex64_complex64
2428858566,82015,94051,1,1,1,32,32,1,30,0.000,0.000,,,,,NVIDIA A100-SXM4-40GB MIG 4g.20gb (0),1,,13,"void convert_kernel<__half2, float2>(tensor_layout_any, T1 *, tensor_layout_any, const T2 *)"
2428968261,12896,94054,,,,,,,,,,0.094,7265.469,Pinned,Device,NVIDIA A100-SXM4-40GB MIG 4g.20gb (0),1,,13,[CUDA memcpy Host-to-Device]
2428986309,47039,94055,,,,,,,,,,35.810,761247.279,Device,,NVIDIA A100-SXM4-40GB MIG 4g.20gb (0),1,,13,[CUDA memset]
2429038564,3936,94057,,,,,,,,,,0.000,20.325,Pinned,Device,NVIDIA A100-SXM4-40GB MIG 4g.20gb (0),1,,13,[CUDA memcpy Host-to-Device]
2429052292,25856,94058,,,,,,,,,,0.197,7603.814,Pinned,Device,NVIDIA A100-SXM4-40GB MIG 4g.20gb (0),1,,13,[CUDA memcpy Host-to-Device]
2429090500,10079,94059,273,1,1,48,1,1,40,0.000,0.001,,,,,NVIDIA A100-SXM4-40GB MIG 4g.20gb (0),1,,13,"void pusch_noise_intf_est::noiseIntfEstNoDftSOfdmKernel<float, __half, float, float, (unsigned int)2, (unsigned int)1, (unsigned char)4, (unsigned char)4>(pusch_noise_intf_est::puschRxNoiseIntfEstDynDescr)"
2429112771,2720,94070,35,1,1,128,1,1,16,0.000,0.000,,,,,NVIDIA A100-SXM4-40GB MIG 4g.20gb (0),1,,13,cupy_copy__complex64_complex64
2429123011,1664,94079,1,1,1,1,1,1,18,0.000,0.000,,,,,NVIDIA A100-SXM4-40GB MIG 4g.20gb (0),1,,13,cupy_copy__float32_float32
2429131075,4288,94085,,,,,,,,,,0.000,0.933,Device,Pageable,NVIDIA A100-SXM4-40GB MIG 4g.20gb (0),1,,7,[CUDA memcpy Device-to-Host]
2429199138,13088,94096,1434,1,1,128,1,1,16,0.000,0.000,,,,,NVIDIA A100-SXM4-40GB MIG 4g.20gb (0),1,,13,cupy_copy__complex64_complex64
2429226914,3168,94103,103,1,1,128,1,1,16,0.000,0.000,,,,,NVIDIA A100-SXM4-40GB MIG 4g.20gb (0),1,,13,cupy_copy__complex64_complex64
2429245986,2464,94110,35,1,1,128,1,1,16,0.000,0.000,,,,,NVIDIA A100-SXM4-40GB MIG 4g.20gb (0),1,,13,cupy_copy__complex64_complex64
2429263937,1792,94117,1,1,1,1,1,1,18,0.000,0.000,,,,,NVIDIA A100-SXM4-40GB MIG 4g.20gb (0),1,,13,cupy_copy__float32_float32
2429396128,91711,94128,1,1,1,32,32,1,30,0.000,0.000,,,,,NVIDIA A100-SXM4-40GB MIG 4g.20gb (0),1,,13,"void convert_kernel<__half2, float2>(tensor_layout_any, T1 *, tensor_layout_any, const T2 *)"
2429516414,5792,94131,,,,,,,,,,0.094,16176.708,Pinned,Device,NVIDIA A100-SXM4-40GB MIG 4g.20gb (0),1,,13,[CUDA memcpy Host-to-Device]
2429530718,3424,94132,,,,,,,,,,1.547,451700.819,Device,,NVIDIA A100-SXM4-40GB MIG 4g.20gb (0),1,,13,[CUDA memset]
2429537886,3392,94137,,,,,,,,,,0.031,9226.405,Pinned,Device,NVIDIA A100-SXM4-40GB MIG 4g.20gb (0),1,,13,[CUDA memcpy Host-to-Device]
2429544318,9696,94138,,,,,,,,,,0.197,20277.166,Pinned,Device,NVIDIA A100-SXM4-40GB MIG 4g.20gb (0),1,,13,[CUDA memcpy Host-to-Device]
2429559198,6432,94139,273,1,1,8,4,1,39,0.002,0.000,,,,,NVIDIA A100-SXM4-40GB MIG 4g.20gb (0),1,,13,"void channel_eq::eqMmseCoefCompLowMimoKernel<float, float, float, (unsigned int)4, (unsigned int)1, (unsigned int)4>(const channel_eq::_puschRxChEqStatDescr *, channel_eq::_puschRxChEqCoefCompDynDescr)"
2429567870,6464,94140,273,1,1,12,11,1,51,0.002,0.000,,,,,NVIDIA A100-SXM4-40GB MIG 4g.20gb (0),1,,13,"void channel_eq::eqMmseSoftDemapKernel<float, __half, __half, float, (unsigned int)4, (unsigned short)16383>(channel_eq::_puschRxChEqStatDescr *, channel_eq::_puschRxChEqSoftDemapDynDescr)"
2429575262,282588,94141,1,1,1,32,32,1,30,0.000,0.000,,,,,NVIDIA A100-SXM4-40GB MIG 4g.20gb (0),1,,13,"void convert_kernel<float2, __half2>(tensor_layout_any, T1 *, tensor_layout_any, const T2 *)"
2429858874,11104,94153,2253,1,1,128,1,1,16,0.000,0.000,,,,,NVIDIA A100-SXM4-40GB MIG 4g.20gb (0),1,,13,cupy_copy__float16_float16
2429872058,3936,94162,282,1,1,128,1,1,16,0.000,0.000,,,,,NVIDIA A100-SXM4-40GB MIG 4g.20gb (0),1,,13,cupy_copy__complex64_complex64
2429878362,2112,94171,26,1,1,128,1,1,16,0.000,0.000,,,,,NVIDIA A100-SXM4-40GB MIG 4g.20gb (0),1,,13,cupy_copy__float32_float32
2429883002,4736,94180,103,1,1,128,1,1,16,0.000,0.000,,,,,NVIDIA A100-SXM4-40GB MIG 4g.20gb (0),1,,13,cupy_copy__complex64_complex64
2429888826,11903,94190,1434,1,1,128,1,1,16,0.000,0.000,,,,,NVIDIA A100-SXM4-40GB MIG 4g.20gb (0),1,,13,cupy_copy__complex64_complex64
2429903769,87775,94195,1,1,1,32,32,1,30,0.000,0.000,,,,,NVIDIA A100-SXM4-40GB MIG 4g.20gb (0),1,,13,"void convert_kernel<__half2, float2>(tensor_layout_any, T1 *, tensor_layout_any, const T2 *)"
2430018552,5632,94198,,,,,,,,,,0.094,16636.287,Pinned,Device,NVIDIA A100-SXM4-40GB MIG 4g.20gb (0),1,,13,[CUDA memcpy Host-to-Device]
2430028952,597401,94199,,,,,,,,,,456.561,763827.289,Device,,NVIDIA A100-SXM4-40GB MIG 4g.20gb (0),1,,13,[CUDA memset]
2430628592,135967,94204,,,,,,,,,,1.235,9081.778,Pinned,Device,NVIDIA A100-SXM4-40GB MIG 4g.20gb (0),1,,13,[CUDA memcpy Host-to-Device]
2430776943,40351,94205,,,,,,,,,,0.197,4872.339,Pinned,Device,NVIDIA A100-SXM4-40GB MIG 4g.20gb (0),1,,13,[CUDA memcpy Host-to-Device]
2430834734,8128,94206,69,4,1,48,1,1,76,0.002,0.000,,,,,NVIDIA A100-SXM4-40GB MIG 4g.20gb (0),1,,13,"void ch_est::windowedChEstPreNoDftSOfdmKernel<float, __half, float, (unsigned int)2, (unsigned int)1, (unsigned short)4>(ch_est::puschRxChEstStatDescr_t *, ch_est::puschRxChEstDynDescr_t *)"
2430853198,6912,94207,137,2,1,24,2,1,44,0.001,0.001,,,,,NVIDIA A100-SXM4-40GB MIG 4g.20gb (0),1,,13,"void ch_est::chEstFilterNoDftSOfdmDispatchKernel<float, __half, float, (unsigned int)2>(ch_est::puschRxChEstStatDescr_t *, ch_est::puschRxChEstDynDescr_t *)"
2430872813,4640,94208,137,2,1,24,2,1,44,0.001,0.001,,,,,NVIDIA A100-SXM4-40GB MIG 4g.20gb (0),1,,13,"void ch_est::chEstFilterNoDftSOfdmDispatchKernel<float, __half, float, (unsigned int)2>(ch_est::puschRxChEstStatDescr_t *, ch_est::puschRxChEstDynDescr_t *)"
2430889613,2592,94219,103,1,1,128,1,1,16,0.000,0.000,,,,,NVIDIA A100-SXM4-40GB MIG 4g.20gb (0),1,,13,cupy_copy__complex64_complex64
2430906701,12672,94229,1434,1,1,128,1,1,16,0.000,0.000,,,,,NVIDIA A100-SXM4-40GB MIG 4g.20gb (0),1,,13,cupy_copy__complex64_complex64
2430926445,2528,94236,103,1,1,128,1,1,16,0.000,0.000,,,,,NVIDIA A100-SXM4-40GB MIG 4g.20gb (0),1,,13,cupy_copy__complex64_complex64
2430947021,82655,94243,1,1,1,32,32,1,30,0.000,0.000,,,,,NVIDIA A100-SXM4-40GB MIG 4g.20gb (0),1,,13,"void convert_kernel<__half2, float2>(tensor_layout_any, T1 *, tensor_layout_any, const T2 *)"
2431061515,14144,94246,,,,,,,,,,0.094,6624.401,Pinned,Device,NVIDIA A100-SXM4-40GB MIG 4g.20gb (0),1,,13,[CUDA memcpy Host-to-Device]
2431082539,47423,94247,,,,,,,,,,35.810,755087.973,Device,,NVIDIA A100-SXM4-40GB MIG 4g.20gb (0),1,,13,[CUDA memset]
2431137386,4288,94249,,,,,,,,,,0.000,18.657,Pinned,Device,NVIDIA A100-SXM4-40GB MIG 4g.20gb (0),1,,13,[CUDA memcpy Host-to-Device]
2431149258,16960,94250,,,,,,,,,,0.197,11592.401,Pinned,Device,NVIDIA A100-SXM4-40GB MIG 4g.20gb (0),1,,13,[CUDA memcpy Host-to-Device]
2431175402,12128,94251,273,1,1,48,1,1,40,0.000,0.001,,,,,NVIDIA A100-SXM4-40GB MIG 4g.20gb (0),1,,13,"void pusch_noise_intf_est::noiseIntfEstNoDftSOfdmKernel<float, __half, float, float, (unsigned int)2, (unsigned int)1, (unsigned char)4, (unsigned char)4>(pusch_noise_intf_est::puschRxNoiseIntfEstDynDescr)"
2431189834,2816,94262,35,1,1,128,1,1,16,0.000,0.000,,,,,NVIDIA A100-SXM4-40GB MIG 4g.20gb (0),1,,13,cupy_copy__complex64_complex64
2431198185,2048,94271,1,1,1,1,1,1,18,0.000,0.000,,,,,NVIDIA A100-SXM4-40GB MIG 4g.20gb (0),1,,13,cupy_copy__float32_float32
2431216489,5600,94277,,,,,,,,,,0.000,0.714,Device,Pageable,NVIDIA A100-SXM4-40GB MIG 4g.20gb (0),1,,7,[CUDA memcpy Device-to-Host]
2431296328,12768,94288,1434,1,1,128,1,1,16,0.000,0.000,,,,,NVIDIA A100-SXM4-40GB MIG 4g.20gb (0),1,,13,cupy_copy__complex64_complex64
2431324584,2880,94295,103,1,1,128,1,1,16,0.000,0.000,,,,,NVIDIA A100-SXM4-40GB MIG 4g.20gb (0),1,,13,cupy_copy__complex64_complex64
2431341064,2336,94302,35,1,1,128,1,1,16,0.000,0.000,,,,,NVIDIA A100-SXM4-40GB MIG 4g.20gb (0),1,,13,cupy_copy__complex64_complex64
2431363687,1760,94309,1,1,1,1,1,1,18,0.000,0.000,,,,,NVIDIA A100-SXM4-40GB MIG 4g.20gb (0),1,,13,cupy_copy__float32_float32
2431491142,81439,94320,1,1,1,32,32,1,30,0.000,0.000,,,,,NVIDIA A100-SXM4-40GB MIG 4g.20gb (0),1,,13,"void convert_kernel<__half2, float2>(tensor_layout_any, T1 *, tensor_layout_any, const T2 *)"
2431600068,5472,94323,,,,,,,,,,0.094,17122.757,Pinned,Device,NVIDIA A100-SXM4-40GB MIG 4g.20gb (0),1,,13,[CUDA memcpy Host-to-Device]
2431615460,3232,94324,,,,,,,,,,1.547,478533.199,Device,,NVIDIA A100-SXM4-40GB MIG 4g.20gb (0),1,,13,[CUDA memset]
2431621764,3040,94329,,,,,,,,,,0.031,10294.725,Pinned,Device,NVIDIA A100-SXM4-40GB MIG 4g.20gb (0),1,,13,[CUDA memcpy Host-to-Device]
2431627812,9664,94330,,,,,,,,,,0.197,20344.209,Pinned,Device,NVIDIA A100-SXM4-40GB MIG 4g.20gb (0),1,,13,[CUDA memcpy Host-to-Device]
2431642308,6784,94331,273,1,1,8,4,1,39,0.002,0.000,,,,,NVIDIA A100-SXM4-40GB MIG 4g.20gb (0),1,,13,"void channel_eq::eqMmseCoefCompLowMimoKernel<float, float, float, (unsigned int)4, (unsigned int)1, (unsigned int)4>(const channel_eq::_puschRxChEqStatDescr *, channel_eq::_puschRxChEqCoefCompDynDescr)"
2431650052,6112,94332,273,1,1,12,11,1,51,0.002,0.000,,,,,NVIDIA A100-SXM4-40GB MIG 4g.20gb (0),1,,13,"void channel_eq::eqMmseSoftDemapKernel<float, __half, __half, float, (unsigned int)4, (unsigned short)16383>(channel_eq::_puschRxChEqStatDescr *, channel_eq::_puschRxChEqSoftDemapDynDescr)"
2431657284,282300,94333,1,1,1,32,32,1,30,0.000,0.000,,,,,NVIDIA A100-SXM4-40GB MIG 4g.20gb (0),1,,13,"void convert_kernel<float2, __half2>(tensor_layout_any, T1 *, tensor_layout_any, const T2 *)"
2431942880,10944,94345,2253,1,1,128,1,1,16,0.000,0.000,,,,,NVIDIA A100-SXM4-40GB MIG 4g.20gb (0),1,,13,cupy_copy__float16_float16
2431955776,3264,94354,282,1,1,128,1,1,16,0.000,0.000,,,,,NVIDIA A100-SXM4-40GB MIG 4g.20gb (0),1,,13,cupy_copy__complex64_complex64
2431960992,2464,94363,26,1,1,128,1,1,16,0.000,0.000,,,,,NVIDIA A100-SXM4-40GB MIG 4g.20gb (0),1,,13,cupy_copy__float32_float32
2431966752,4576,94372,103,1,1,128,1,1,16,0.000,0.000,,,,,NVIDIA A100-SXM4-40GB MIG 4g.20gb (0),1,,13,cupy_copy__complex64_complex64
2432019807,12128,94388,1434,1,1,128,1,1,16,0.000,0.000,,,,,NVIDIA A100-SXM4-40GB MIG 4g.20gb (0),1,,13,cupy_copy__complex64_complex64
2432134814,87359,94393,1,1,1,32,32,1,30,0.000,0.000,,,,,NVIDIA A100-SXM4-40GB MIG 4g.20gb (0),1,,13,"void convert_kernel<__half2, float2>(tensor_layout_any, T1 *, tensor_layout_any, const T2 *)"
2432249372,5760,94396,,,,,,,,,,0.094,16266.656,Pinned,Device,NVIDIA A100-SXM4-40GB MIG 4g.20gb (0),1,,13,[CUDA memcpy Host-to-Device]
2432259548,598521,94397,,,,,,,,,,456.561,762457.605,Device,,NVIDIA A100-SXM4-40GB MIG 4g.20gb (0),1,,13,[CUDA memset]
2432859573,138686,94402,,,,,,,,,,1.235,8903.946,Pinned,Device,NVIDIA A100-SXM4-40GB MIG 4g.20gb (0),1,,13,[CUDA memcpy Host-to-Device]
2433009459,39872,94403,,,,,,,,,,0.197,4930.929,Pinned,Device,NVIDIA A100-SXM4-40GB MIG 4g.20gb (0),1,,13,[CUDA memcpy Host-to-Device]
2433073330,7936,94404,69,4,1,48,1,1,76,0.002,0.000,,,,,NVIDIA A100-SXM4-40GB MIG 4g.20gb (0),1,,13,"void ch_est::windowedChEstPreNoDftSOfdmKernel<float, __half, float, (unsigned int)2, (unsigned int)1, (unsigned short)4>(ch_est::puschRxChEstStatDescr_t *, ch_est::puschRxChEstDynDescr_t *)"
2433090290,6560,94405,137,2,1,24,2,1,44,0.001,0.001,,,,,NVIDIA A100-SXM4-40GB MIG 4g.20gb (0),1,,13,"void ch_est::chEstFilterNoDftSOfdmDispatchKernel<float, __half, float, (unsigned int)2>(ch_est::puschRxChEstStatDescr_t *, ch_est::puschRxChEstDynDescr_t *)"
2433107154,4704,94406,137,2,1,24,2,1,44,0.001,0.001,,,,,NVIDIA A100-SXM4-40GB MIG 4g.20gb (0),1,,13,"void ch_est::chEstFilterNoDftSOfdmDispatchKernel<float, __half, float, (unsigned int)2>(ch_est::puschRxChEstStatDescr_t *, ch_est::puschRxChEstDynDescr_t *)"
2433124082,2656,94417,103,1,1,128,1,1,16,0.000,0.000,,,,,NVIDIA A100-SXM4-40GB MIG 4g.20gb (0),1,,13,cupy_copy__complex64_complex64
2433141201,12480,94427,1434,1,1,128,1,1,16,0.000,0.000,,,,,NVIDIA A100-SXM4-40GB MIG 4g.20gb (0),1,,13,cupy_copy__complex64_complex64
2433160241,3136,94434,103,1,1,128,1,1,16,0.000,0.000,,,,,NVIDIA A100-SXM4-40GB MIG 4g.20gb (0),1,,13,cupy_copy__complex64_complex64
2433181745,91903,94441,1,1,1,32,32,1,30,0.000,0.000,,,,,NVIDIA A100-SXM4-40GB MIG 4g.20gb (0),1,,13,"void convert_kernel<__half2, float2>(tensor_layout_any, T1 *, tensor_layout_any, const T2 *)"
2433307183,25696,94444,,,,,,,,,,0.094,3646.274,Pinned,Device,NVIDIA A100-SXM4-40GB MIG 4g.20gb (0),1,,13,[CUDA memcpy Host-to-Device]
2433348111,47295,94445,,,,,,,,,,35.810,757129.139,Device,,NVIDIA A100-SXM4-40GB MIG 4g.20gb (0),1,,13,[CUDA memset]
2433401422,11296,94447,,,,,,,,,,0.000,7.082,Pinned,Device,NVIDIA A100-SXM4-40GB MIG 4g.20gb (0),1,,13,[CUDA memcpy Host-to-Device]
2433422670,20352,94448,,,,,,,,,,0.197,9660.334,Pinned,Device,NVIDIA A100-SXM4-40GB MIG 4g.20gb (0),1,,13,[CUDA memcpy Host-to-Device]
2433458606,10719,94449,273,1,1,48,1,1,40,0.000,0.001,,,,,NVIDIA A100-SXM4-40GB MIG 4g.20gb (0),1,,13,"void pusch_noise_intf_est::noiseIntfEstNoDftSOfdmKernel<float, __half, float, float, (unsigned int)2, (unsigned int)1, (unsigned char)4, (unsigned char)4>(pusch_noise_intf_est::puschRxNoiseIntfEstDynDescr)"
2433475469,2688,94460,35,1,1,128,1,1,16,0.000,0.000,,,,,NVIDIA A100-SXM4-40GB MIG 4g.20gb (0),1,,13,cupy_copy__complex64_complex64
2433485069,1696,94469,1,1,1,1,1,1,18,0.000,0.000,,,,,NVIDIA A100-SXM4-40GB MIG 4g.20gb (0),1,,13,cupy_copy__float32_float32
2433491213,5888,94475,,,,,,,,,,0.000,0.679,Device,Pageable,NVIDIA A100-SXM4-40GB MIG 4g.20gb (0),1,,7,[CUDA memcpy Device-to-Host]
2433568300,12928,94486,1434,1,1,128,1,1,16,0.000,0.000,,,,,NVIDIA A100-SXM4-40GB MIG 4g.20gb (0),1,,13,cupy_copy__complex64_complex64
2433592972,3008,94493,103,1,1,128,1,1,16,0.000,0.000,,,,,NVIDIA A100-SXM4-40GB MIG 4g.20gb (0),1,,13,cupy_copy__complex64_complex64
2433617388,2656,94500,35,1,1,128,1,1,16,0.000,0.000,,,,,NVIDIA A100-SXM4-40GB MIG 4g.20gb (0),1,,13,cupy_copy__complex64_complex64
2433640011,1920,94507,1,1,1,1,1,1,18,0.000,0.000,,,,,NVIDIA A100-SXM4-40GB MIG 4g.20gb (0),1,,13,cupy_copy__float32_float32
2433771498,87679,94518,1,1,1,32,32,1,30,0.000,0.000,,,,,NVIDIA A100-SXM4-40GB MIG 4g.20gb (0),1,,13,"void convert_kernel<__half2, float2>(tensor_layout_any, T1 *, tensor_layout_any, const T2 *)"
2433887752,5856,94521,,,,,,,,,,0.094,15999.997,Pinned,Device,NVIDIA A100-SXM4-40GB MIG 4g.20gb (0),1,,13,[CUDA memcpy Host-to-Device]
2433903272,3456,94522,,,,,,,,,,1.547,447517.201,Device,,NVIDIA A100-SXM4-40GB MIG 4g.20gb (0),1,,13,[CUDA memset]
2433909160,3392,94527,,,,,,,,,,0.031,9226.405,Pinned,Device,NVIDIA A100-SXM4-40GB MIG 4g.20gb (0),1,,13,[CUDA memcpy Host-to-Device]
2433915656,9408,94528,,,,,,,,,,0.197,20897.858,Pinned,Device,NVIDIA A100-SXM4-40GB MIG 4g.20gb (0),1,,13,[CUDA memcpy Host-to-Device]
2433930248,6656,94529,273,1,1,8,4,1,39,0.002,0.000,,,,,NVIDIA A100-SXM4-40GB MIG 4g.20gb (0),1,,13,"void channel_eq::eqMmseCoefCompLowMimoKernel<float, float, float, (unsigned int)4, (unsigned int)1, (unsigned int)4>(const channel_eq::_puschRxChEqStatDescr *, channel_eq::_puschRxChEqCoefCompDynDescr)"
2433938824,6463,94530,273,1,1,12,11,1,51,0.002,0.000,,,,,NVIDIA A100-SXM4-40GB MIG 4g.20gb (0),1,,13,"void channel_eq::eqMmseSoftDemapKernel<float, __half, __half, float, (unsigned int)4, (unsigned short)16383>(channel_eq::_puschRxChEqStatDescr *, channel_eq::_puschRxChEqSoftDemapDynDescr)"
2433946215,283101,94531,1,1,1,32,32,1,30,0.000,0.000,,,,,NVIDIA A100-SXM4-40GB MIG 4g.20gb (0),1,,13,"void convert_kernel<float2, __half2>(tensor_layout_any, T1 *, tensor_layout_any, const T2 *)"
2434230404,10944,94543,2253,1,1,128,1,1,16,0.000,0.000,,,,,NVIDIA A100-SXM4-40GB MIG 4g.20gb (0),1,,13,cupy_copy__float16_float16
2434244772,3648,94552,282,1,1,128,1,1,16,0.000,0.000,,,,,NVIDIA A100-SXM4-40GB MIG 4g.20gb (0),1,,13,cupy_copy__complex64_complex64
2434249796,3168,94561,26,1,1,128,1,1,16,0.000,0.000,,,,,NVIDIA A100-SXM4-40GB MIG 4g.20gb (0),1,,13,cupy_copy__float32_float32
2434254436,3168,94570,103,1,1,128,1,1,16,0.000,0.000,,,,,NVIDIA A100-SXM4-40GB MIG 4g.20gb (0),1,,13,cupy_copy__complex64_complex64
2434258692,11743,94580,1434,1,1,128,1,1,16,0.000,0.000,,,,,NVIDIA A100-SXM4-40GB MIG 4g.20gb (0),1,,13,cupy_copy__complex64_complex64
2434278147,87775,94585,1,1,1,32,32,1,30,0.000,0.000,,,,,NVIDIA A100-SXM4-40GB MIG 4g.20gb (0),1,,13,"void convert_kernel<__half2, float2>(tensor_layout_any, T1 *, tensor_layout_any, const T2 *)"
2434393186,5376,94588,,,,,,,,,,0.094,17428.487,Pinned,Device,NVIDIA A100-SXM4-40GB MIG 4g.20gb (0),1,,13,[CUDA memcpy Host-to-Device]
2434403362,596504,94589,,,,,,,,,,456.561,765196.973,Device,,NVIDIA A100-SXM4-40GB MIG 4g.20gb (0),1,,13,[CUDA memset]
2435003642,163742,94594,,,,,,,,,,1.235,7541.803,Pinned,Device,NVIDIA A100-SXM4-40GB MIG 4g.20gb (0),1,,13,[CUDA memcpy Host-to-Device]
2435179608,40416,94595,,,,,,,,,,0.197,4864.475,Pinned,Device,NVIDIA A100-SXM4-40GB MIG 4g.20gb (0),1,,13,[CUDA memcpy Host-to-Device]
2435237528,8319,94596,69,4,1,48,1,1,76,0.002,0.000,,,,,NVIDIA A100-SXM4-40GB MIG 4g.20gb (0),1,,13,"void ch_est::windowedChEstPreNoDftSOfdmKernel<float, __half, float, (unsigned int)2, (unsigned int)1, (unsigned short)4>(ch_est::puschRxChEstStatDescr_t *, ch_est::puschRxChEstDynDescr_t *)"
2435256087,6656,94597,137,2,1,24,2,1,44,0.001,0.001,,,,,NVIDIA A100-SXM4-40GB MIG 4g.20gb (0),1,,13,"void ch_est::chEstFilterNoDftSOfdmDispatchKernel<float, __half, float, (unsigned int)2>(ch_est::puschRxChEstStatDescr_t *, ch_est::puschRxChEstDynDescr_t *)"
2435272151,4768,94598,137,2,1,24,2,1,44,0.001,0.001,,,,,NVIDIA A100-SXM4-40GB MIG 4g.20gb (0),1,,13,"void ch_est::chEstFilterNoDftSOfdmDispatchKernel<float, __half, float, (unsigned int)2>(ch_est::puschRxChEstStatDescr_t *, ch_est::puschRxChEstDynDescr_t *)"
2435287863,2496,94609,103,1,1,128,1,1,16,0.000,0.000,,,,,NVIDIA A100-SXM4-40GB MIG 4g.20gb (0),1,,13,cupy_copy__complex64_complex64
2435303863,12256,94619,1434,1,1,128,1,1,16,0.000,0.000,,,,,NVIDIA A100-SXM4-40GB MIG 4g.20gb (0),1,,13,cupy_copy__complex64_complex64
2435336822,2496,94626,103,1,1,128,1,1,16,0.000,0.000,,,,,NVIDIA A100-SXM4-40GB MIG 4g.20gb (0),1,,13,cupy_copy__complex64_complex64
2435352918,89759,94633,1,1,1,32,32,1,30,0.000,0.000,,,,,NVIDIA A100-SXM4-40GB MIG 4g.20gb (0),1,,13,"void convert_kernel<__half2, float2>(tensor_layout_any, T1 *, tensor_layout_any, const T2 *)"
2435475157,20767,94636,,,,,,,,,,0.094,4511.743,Pinned,Device,NVIDIA A100-SXM4-40GB MIG 4g.20gb (0),1,,13,[CUDA memcpy Host-to-Device]
2435509332,47744,94637,,,,,,,,,,35.810,750038.774,Device,,NVIDIA A100-SXM4-40GB MIG 4g.20gb (0),1,,13,[CUDA memset]
2435564083,10304,94639,,,,,,,,,,0.000,7.764,Pinned,Device,NVIDIA A100-SXM4-40GB MIG 4g.20gb (0),1,,13,[CUDA memcpy Host-to-Device]
2435583603,20576,94640,,,,,,,,,,0.197,9555.149,Pinned,Device,NVIDIA A100-SXM4-40GB MIG 4g.20gb (0),1,,13,[CUDA memcpy Host-to-Device]
2435632051,9536,94641,273,1,1,48,1,1,40,0.000,0.001,,,,,NVIDIA A100-SXM4-40GB MIG 4g.20gb (0),1,,13,"void pusch_noise_intf_est::noiseIntfEstNoDftSOfdmKernel<float, __half, float, float, (unsigned int)2, (unsigned int)1, (unsigned char)4, (unsigned char)4>(pusch_noise_intf_est::puschRxNoiseIntfEstDynDescr)"
2435648018,2592,94652,35,1,1,128,1,1,16,0.000,0.000,,,,,NVIDIA A100-SXM4-40GB MIG 4g.20gb (0),1,,13,cupy_copy__complex64_complex64
2435664050,1664,94661,1,1,1,1,1,1,18,0.000,0.000,,,,,NVIDIA A100-SXM4-40GB MIG 4g.20gb (0),1,,13,cupy_copy__float32_float32
2435672306,8160,94667,,,,,,,,,,0.000,0.490,Device,Pageable,NVIDIA A100-SXM4-40GB MIG 4g.20gb (0),1,,7,[CUDA memcpy Device-to-Host]
2435765937,12576,94678,1434,1,1,128,1,1,16,0.000,0.000,,,,,NVIDIA A100-SXM4-40GB MIG 4g.20gb (0),1,,13,cupy_copy__complex64_complex64
2435796113,2784,94685,103,1,1,128,1,1,16,0.000,0.000,,,,,NVIDIA A100-SXM4-40GB MIG 4g.20gb (0),1,,13,cupy_copy__complex64_complex64
2435811312,2528,94692,35,1,1,128,1,1,16,0.000,0.000,,,,,NVIDIA A100-SXM4-40GB MIG 4g.20gb (0),1,,13,cupy_copy__complex64_complex64
2435830928,1792,94699,1,1,1,1,1,1,18,0.000,0.000,,,,,NVIDIA A100-SXM4-40GB MIG 4g.20gb (0),1,,13,cupy_copy__float32_float32
2435961551,83263,94710,1,1,1,32,32,1,30,0.000,0.000,,,,,NVIDIA A100-SXM4-40GB MIG 4g.20gb (0),1,,13,"void convert_kernel<__half2, float2>(tensor_layout_any, T1 *, tensor_layout_any, const T2 *)"
2436074381,10400,94713,,,,,,,,,,0.094,9009.151,Pinned,Device,NVIDIA A100-SXM4-40GB MIG 4g.20gb (0),1,,13,[CUDA memcpy Host-to-Device]
2436093933,3520,94714,,,,,,,,,,1.547,439380.412,Device,,NVIDIA A100-SXM4-40GB MIG 4g.20gb (0),1,,13,[CUDA memset]
2436104429,6496,94719,,,,,,,,,,0.031,4817.706,Pinned,Device,NVIDIA A100-SXM4-40GB MIG 4g.20gb (0),1,,13,[CUDA memcpy Host-to-Device]
2436114541,16927,94720,,,,,,,,,,0.197,11615.011,Pinned,Device,NVIDIA A100-SXM4-40GB MIG 4g.20gb (0),1,,13,[CUDA memcpy Host-to-Device]
2436143724,6208,94721,273,1,1,8,4,1,39,0.002,0.000,,,,,NVIDIA A100-SXM4-40GB MIG 4g.20gb (0),1,,13,"void channel_eq::eqMmseCoefCompLowMimoKernel<float, float, float, (unsigned int)4, (unsigned int)1, (unsigned int)4>(const channel_eq::_puschRxChEqStatDescr *, channel_eq::_puschRxChEqCoefCompDynDescr)"
2436151660,8096,94722,273,1,1,12,11,1,51,0.002,0.000,,,,,NVIDIA A100-SXM4-40GB MIG 4g.20gb (0),1,,13,"void channel_eq::eqMmseSoftDemapKernel<float, __half, __half, float, (unsigned int)4, (unsigned short)16383>(channel_eq::_puschRxChEqStatDescr *, channel_eq::_puschRxChEqSoftDemapDynDescr)"
2436169068,283356,94723,1,1,1,32,32,1,30,0.000,0.000,,,,,NVIDIA A100-SXM4-40GB MIG 4g.20gb (0),1,,13,"void convert_kernel<float2, __half2>(tensor_layout_any, T1 *, tensor_layout_any, const T2 *)"
2436453384,11008,94735,2253,1,1,128,1,1,16,0.000,0.000,,,,,NVIDIA A100-SXM4-40GB MIG 4g.20gb (0),1,,13,cupy_copy__float16_float16
2436469000,2688,94744,282,1,1,128,1,1,16,0.000,0.000,,,,,NVIDIA A100-SXM4-40GB MIG 4g.20gb (0),1,,13,cupy_copy__complex64_complex64
2436474696,2048,94753,26,1,1,128,1,1,16,0.000,0.000,,,,,NVIDIA A100-SXM4-40GB MIG 4g.20gb (0),1,,13,cupy_copy__float32_float32
2436480520,3008,94762,103,1,1,128,1,1,16,0.000,0.000,,,,,NVIDIA A100-SXM4-40GB MIG 4g.20gb (0),1,,13,cupy_copy__complex64_complex64
2436484488,11968,94772,1434,1,1,128,1,1,16,0.000,0.000,,,,,NVIDIA A100-SXM4-40GB MIG 4g.20gb (0),1,,13,cupy_copy__complex64_complex64
2436497704,82943,94777,1,1,1,32,32,1,30,0.000,0.000,,,,,NVIDIA A100-SXM4-40GB MIG 4g.20gb (0),1,,13,"void convert_kernel<__half2, float2>(tensor_layout_any, T1 *, tensor_layout_any, const T2 *)"
2436608167,5344,94780,,,,,,,,,,0.094,17532.864,Pinned,Device,NVIDIA A100-SXM4-40GB MIG 4g.20gb (0),1,,13,[CUDA memcpy Host-to-Device]
2436618342,597049,94781,,,,,,,,,,456.561,764283.851,Device,,NVIDIA A100-SXM4-40GB MIG 4g.20gb (0),1,,13,[CUDA memset]
2437220575,78591,94786,,,,,,,,,,1.235,15713.427,Pinned,Device,NVIDIA A100-SXM4-40GB MIG 4g.20gb (0),1,,13,[CUDA memcpy Host-to-Device]
2437306078,17696,94787,,,,,,,,,,0.197,11110.121,Pinned,Device,NVIDIA A100-SXM4-40GB MIG 4g.20gb (0),1,,13,[CUDA memcpy Host-to-Device]
2437339230,8607,94788,69,4,1,48,1,1,76,0.002,0.000,,,,,NVIDIA A100-SXM4-40GB MIG 4g.20gb (0),1,,13,"void ch_est::windowedChEstPreNoDftSOfdmKernel<float, __half, float, (unsigned int)2, (unsigned int)1, (unsigned short)4>(ch_est::puschRxChEstStatDescr_t *, ch_est::puschRxChEstDynDescr_t *)"
2437355997,6240,94789,137,2,1,24,2,1,44,0.001,0.001,,,,,NVIDIA A100-SXM4-40GB MIG 4g.20gb (0),1,,13,"void ch_est::chEstFilterNoDftSOfdmDispatchKernel<float, __half, float, (unsigned int)2>(ch_est::puschRxChEstStatDescr_t *, ch_est::puschRxChEstDynDescr_t *)"
2437364573,6304,94790,137,2,1,24,2,1,44,0.001,0.001,,,,,NVIDIA A100-SXM4-40GB MIG 4g.20gb (0),1,,13,"void ch_est::chEstFilterNoDftSOfdmDispatchKernel<float, __half, float, (unsigned int)2>(ch_est::puschRxChEstStatDescr_t *, ch_est::puschRxChEstDynDescr_t *)"
2437373917,3008,94801,103,1,1,128,1,1,16,0.000,0.000,,,,,NVIDIA A100-SXM4-40GB MIG 4g.20gb (0),1,,13,cupy_copy__complex64_complex64
2437382429,12704,94811,1434,1,1,128,1,1,16,0.000,0.000,,,,,NVIDIA A100-SXM4-40GB MIG 4g.20gb (0),1,,13,cupy_copy__complex64_complex64
2437399997,2784,94818,103,1,1,128,1,1,16,0.000,0.000,,,,,NVIDIA A100-SXM4-40GB MIG 4g.20gb (0),1,,13,cupy_copy__complex64_complex64
2437409149,90783,94825,1,1,1,32,32,1,30,0.000,0.000,,,,,NVIDIA A100-SXM4-40GB MIG 4g.20gb (0),1,,13,"void convert_kernel<__half2, float2>(tensor_layout_any, T1 *, tensor_layout_any, const T2 *)"
2437530715,5888,94828,,,,,,,,,,0.094,15912.954,Pinned,Device,NVIDIA A100-SXM4-40GB MIG 4g.20gb (0),1,,13,[CUDA memcpy Host-to-Device]
2437543899,47871,94829,,,,,,,,,,35.810,748033.419,Device,,NVIDIA A100-SXM4-40GB MIG 4g.20gb (0),1,,13,[CUDA memset]
2437599450,3744,94831,,,,,,,,,,0.000,21.368,Pinned,Device,NVIDIA A100-SXM4-40GB MIG 4g.20gb (0),1,,13,[CUDA memcpy Host-to-Device]
2437610234,17024,94832,,,,,,,,,,0.197,11548.754,Pinned,Device,NVIDIA A100-SXM4-40GB MIG 4g.20gb (0),1,,13,[CUDA memcpy Host-to-Device]
2437639770,9984,94833,273,1,1,48,1,1,40,0.000,0.001,,,,,NVIDIA A100-SXM4-40GB MIG 4g.20gb (0),1,,13,"void pusch_noise_intf_est::noiseIntfEstNoDftSOfdmKernel<float, __half, float, float, (unsigned int)2, (unsigned int)1, (unsigned char)4, (unsigned char)4>(pusch_noise_intf_est::puschRxNoiseIntfEstDynDescr)"
2437661146,2656,94844,35,1,1,128,1,1,16,0.000,0.000,,,,,NVIDIA A100-SXM4-40GB MIG 4g.20gb (0),1,,13,cupy_copy__complex64_complex64
2437670585,1696,94853,1,1,1,1,1,1,18,0.000,0.000,,,,,NVIDIA A100-SXM4-40GB MIG 4g.20gb (0),1,,13,cupy_copy__float32_float32
2437682521,4864,94859,,,,,,,,,,0.000,0.822,Device,Pageable,NVIDIA A100-SXM4-40GB MIG 4g.20gb (0),1,,7,[CUDA memcpy Device-to-Host]
2437751640,13120,94870,1434,1,1,128,1,1,16,0.000,0.000,,,,,NVIDIA A100-SXM4-40GB MIG 4g.20gb (0),1,,13,cupy_copy__complex64_complex64
2437780120,2944,94877,103,1,1,128,1,1,16,0.000,0.000,,,,,NVIDIA A100-SXM4-40GB MIG 4g.20gb (0),1,,13,cupy_copy__complex64_complex64
2437802744,2528,94884,35,1,1,128,1,1,16,0.000,0.000,,,,,NVIDIA A100-SXM4-40GB MIG 4g.20gb (0),1,,13,cupy_copy__complex64_complex64
2437819160,1760,94891,1,1,1,1,1,1,18,0.000,0.000,,,,,NVIDIA A100-SXM4-40GB MIG 4g.20gb (0),1,,13,cupy_copy__float32_float32
2437950550,82463,94902,1,1,1,32,32,1,30,0.000,0.000,,,,,NVIDIA A100-SXM4-40GB MIG 4g.20gb (0),1,,13,"void convert_kernel<__half2, float2>(tensor_layout_any, T1 *, tensor_layout_any, const T2 *)"
2438060661,5536,94905,,,,,,,,,,0.094,16924.777,Pinned,Device,NVIDIA A100-SXM4-40GB MIG 4g.20gb (0),1,,13,[CUDA memcpy Host-to-Device]
2438077364,3040,94906,,,,,,,,,,1.547,508757.325,Device,,NVIDIA A100-SXM4-40GB MIG 4g.20gb (0),1,,13,[CUDA memset]
2438082420,2976,94911,,,,,,,,,,0.031,10516.113,Pinned,Device,NVIDIA A100-SXM4-40GB MIG 4g.20gb (0),1,,13,[CUDA memcpy Host-to-Device]
2438087860,9696,94912,,,,,,,,,,0.197,20277.166,Pinned,Device,NVIDIA A100-SXM4-40GB MIG 4g.20gb (0),1,,13,[CUDA memcpy Host-to-Device]
2438105364,6208,94913,273,1,1,8,4,1,39,0.002,0.000,,,,,NVIDIA A100-SXM4-40GB MIG 4g.20gb (0),1,,13,"void channel_eq::eqMmseCoefCompLowMimoKernel<float, float, float, (unsigned int)4, (unsigned int)1, (unsigned int)4>(const channel_eq::_puschRxChEqStatDescr *, channel_eq::_puschRxChEqCoefCompDynDescr)"
2438112628,6080,94914,273,1,1,12,11,1,51,0.002,0.000,,,,,NVIDIA A100-SXM4-40GB MIG 4g.20gb (0),1,,13,"void channel_eq::eqMmseSoftDemapKernel<float, __half, __half, float, (unsigned int)4, (unsigned short)16383>(channel_eq::_puschRxChEqStatDescr *, channel_eq::_puschRxChEqSoftDemapDynDescr)"
2438119796,281948,94915,1,1,1,32,32,1,30,0.000,0.000,,,,,NVIDIA A100-SXM4-40GB MIG 4g.20gb (0),1,,13,"void convert_kernel<float2, __half2>(tensor_layout_any, T1 *, tensor_layout_any, const T2 *)"
2438403088,11136,94927,2253,1,1,128,1,1,16,0.000,0.000,,,,,NVIDIA A100-SXM4-40GB MIG 4g.20gb (0),1,,13,cupy_copy__float16_float16
2438416976,3104,94936,282,1,1,128,1,1,16,0.000,0.000,,,,,NVIDIA A100-SXM4-40GB MIG 4g.20gb (0),1,,13,cupy_copy__complex64_complex64
2438423088,2048,94945,26,1,1,128,1,1,16,0.000,0.000,,,,,NVIDIA A100-SXM4-40GB MIG 4g.20gb (0),1,,13,cupy_copy__float32_float32
2438427088,2944,94954,103,1,1,128,1,1,16,0.000,0.000,,,,,NVIDIA A100-SXM4-40GB MIG 4g.20gb (0),1,,13,cupy_copy__complex64_complex64
2438431152,11968,94964,1434,1,1,128,1,1,16,0.000,0.000,,,,,NVIDIA A100-SXM4-40GB MIG 4g.20gb (0),1,,13,cupy_copy__complex64_complex64
2438452816,87487,94969,1,1,1,32,32,1,30,0.000,0.000,,,,,NVIDIA A100-SXM4-40GB MIG 4g.20gb (0),1,,13,"void convert_kernel<__half2, float2>(tensor_layout_any, T1 *, tensor_layout_any, const T2 *)"
2438567310,5408,94972,,,,,,,,,,0.094,17325.421,Pinned,Device,NVIDIA A100-SXM4-40GB MIG 4g.20gb (0),1,,13,[CUDA memcpy Host-to-Device]
2438577678,597561,94973,,,,,,,,,,456.561,763827.289,Device,,NVIDIA A100-SXM4-40GB MIG 4g.20gb (0),1,,13,[CUDA memset]
2439182471,121534,94978,,,,,,,,,,1.235,10161.119,Pinned,Device,NVIDIA A100-SXM4-40GB MIG 4g.20gb (0),1,,13,[CUDA memcpy Host-to-Device]
2439314597,36384,94979,,,,,,,,,,0.197,5403.574,Pinned,Device,NVIDIA A100-SXM4-40GB MIG 4g.20gb (0),1,,13,[CUDA memcpy Host-to-Device]
2439365604,8064,94980,69,4,1,48,1,1,76,0.002,0.000,,,,,NVIDIA A100-SXM4-40GB MIG 4g.20gb (0),1,,13,"void ch_est::windowedChEstPreNoDftSOfdmKernel<float, __half, float, (unsigned int)2, (unsigned int)1, (unsigned short)4>(ch_est::puschRxChEstStatDescr_t *, ch_est::puschRxChEstDynDescr_t *)"
2439378692,6752,94981,137,2,1,24,2,1,44,0.001,0.001,,,,,NVIDIA A100-SXM4-40GB MIG 4g.20gb (0),1,,13,"void ch_est::chEstFilterNoDftSOfdmDispatchKernel<float, __half, float, (unsigned int)2>(ch_est::puschRxChEstStatDescr_t *, ch_est::puschRxChEstDynDescr_t *)"
2439388132,5248,94982,137,2,1,24,2,1,44,0.001,0.001,,,,,NVIDIA A100-SXM4-40GB MIG 4g.20gb (0),1,,13,"void ch_est::chEstFilterNoDftSOfdmDispatchKernel<float, __half, float, (unsigned int)2>(ch_est::puschRxChEstStatDescr_t *, ch_est::puschRxChEstDynDescr_t *)"
2439397604,2656,94993,103,1,1,128,1,1,16,0.000,0.000,,,,,NVIDIA A100-SXM4-40GB MIG 4g.20gb (0),1,,13,cupy_copy__complex64_complex64
2439406052,12832,95003,1434,1,1,128,1,1,16,0.000,0.000,,,,,NVIDIA A100-SXM4-40GB MIG 4g.20gb (0),1,,13,cupy_copy__complex64_complex64
2439420548,3072,95010,103,1,1,128,1,1,16,0.000,0.000,,,,,NVIDIA A100-SXM4-40GB MIG 4g.20gb (0),1,,13,cupy_copy__complex64_complex64
2439429156,83711,95017,1,1,1,32,32,1,30,0.000,0.000,,,,,NVIDIA A100-SXM4-40GB MIG 4g.20gb (0),1,,13,"void convert_kernel<__half2, float2>(tensor_layout_any, T1 *, tensor_layout_any, const T2 *)"
2439542178,13536,95020,,,,,,,,,,0.094,6921.979,Pinned,Device,NVIDIA A100-SXM4-40GB MIG 4g.20gb (0),1,,13,[CUDA memcpy Host-to-Device]
2439569250,47391,95021,,,,,,,,,,35.810,755625.122,Device,,NVIDIA A100-SXM4-40GB MIG 4g.20gb (0),1,,13,[CUDA memset]
2439623873,8736,95023,,,,,,,,,,0.000,9.157,Pinned,Device,NVIDIA A100-SXM4-40GB MIG 4g.20gb (0),1,,13,[CUDA memcpy Host-to-Device]
2439636705,23136,95024,,,,,,,,,,0.197,8497.791,Pinned,Device,NVIDIA A100-SXM4-40GB MIG 4g.20gb (0),1,,13,[CUDA memcpy Host-to-Device]
2439676641,11679,95025,273,1,1,48,1,1,40,0.000,0.001,,,,,NVIDIA A100-SXM4-40GB MIG 4g.20gb (0),1,,13,"void pusch_noise_intf_est::noiseIntfEstNoDftSOfdmKernel<float, __half, float, float, (unsigned int)2, (unsigned int)1, (unsigned char)4, (unsigned char)4>(pusch_noise_intf_est::puschRxNoiseIntfEstDynDescr)"
2439696576,2560,95036,35,1,1,128,1,1,16,0.000,0.000,,,,,NVIDIA A100-SXM4-40GB MIG 4g.20gb (0),1,,13,cupy_copy__complex64_complex64
2439709536,1696,95045,1,1,1,1,1,1,18,0.000,0.000,,,,,NVIDIA A100-SXM4-40GB MIG 4g.20gb (0),1,,13,cupy_copy__float32_float32
2439716032,3264,95051,,,,,,,,,,0.000,1.225,Device,Pageable,NVIDIA A100-SXM4-40GB MIG 4g.20gb (0),1,,7,[CUDA memcpy Device-to-Host]
2439801151,12736,95062,1434,1,1,128,1,1,16,0.000,0.000,,,,,NVIDIA A100-SXM4-40GB MIG 4g.20gb (0),1,,13,cupy_copy__complex64_complex64
2439829247,2944,95069,103,1,1,128,1,1,16,0.000,0.000,,,,,NVIDIA A100-SXM4-40GB MIG 4g.20gb (0),1,,13,cupy_copy__complex64_complex64
2439851934,2560,95076,35,1,1,128,1,1,16,0.000,0.000,,,,,NVIDIA A100-SXM4-40GB MIG 4g.20gb (0),1,,13,cupy_copy__complex64_complex64
2439865694,1984,95083,1,1,1,1,1,1,18,0.000,0.000,,,,,NVIDIA A100-SXM4-40GB MIG 4g.20gb (0),1,,13,cupy_copy__float32_float32
2440000477,87263,95094,1,1,1,32,32,1,30,0.000,0.000,,,,,NVIDIA A100-SXM4-40GB MIG 4g.20gb (0),1,,13,"void convert_kernel<__half2, float2>(tensor_layout_any, T1 *, tensor_layout_any, const T2 *)"
2440118043,7232,95097,,,,,,,,,,0.094,12955.721,Pinned,Device,NVIDIA A100-SXM4-40GB MIG 4g.20gb (0),1,,13,[CUDA memcpy Host-to-Device]
2440131835,3552,95098,,,,,,,,,,1.547,435422.601,Device,,NVIDIA A100-SXM4-40GB MIG 4g.20gb (0),1,,13,[CUDA memset]
2440137371,3648,95103,,,,,,,,,,0.031,8578.922,Pinned,Device,NVIDIA A100-SXM4-40GB MIG 4g.20gb (0),1,,13,[CUDA memcpy Host-to-Device]
2440144635,10240,95104,,,,,,,,,,0.197,19199.951,Pinned,Device,NVIDIA A100-SXM4-40GB MIG 4g.20gb (0),1,,13,[CUDA memcpy Host-to-Device]
2440160923,8192,95105,273,1,1,8,4,1,39,0.002,0.000,,,,,NVIDIA A100-SXM4-40GB MIG 4g.20gb (0),1,,13,"void channel_eq::eqMmseCoefCompLowMimoKernel<float, float, float, (unsigned int)4, (unsigned int)1, (unsigned int)4>(const channel_eq::_puschRxChEqStatDescr *, channel_eq::_puschRxChEqCoefCompDynDescr)"
2440170683,6015,95106,273,1,1,12,11,1,51,0.002,0.000,,,,,NVIDIA A100-SXM4-40GB MIG 4g.20gb (0),1,,13,"void channel_eq::eqMmseSoftDemapKernel<float, __half, __half, float, (unsigned int)4, (unsigned short)16383>(channel_eq::_puschRxChEqStatDescr *, channel_eq::_puschRxChEqSoftDemapDynDescr)"
2440181018,282013,95107,1,1,1,32,32,1,30,0.000,0.000,,,,,NVIDIA A100-SXM4-40GB MIG 4g.20gb (0),1,,13,"void convert_kernel<float2, __half2>(tensor_layout_any, T1 *, tensor_layout_any, const T2 *)"
2440464279,11104,95119,2253,1,1,128,1,1,16,0.000,0.000,,,,,NVIDIA A100-SXM4-40GB MIG 4g.20gb (0),1,,13,cupy_copy__float16_float16
2440480599,2944,95128,282,1,1,128,1,1,16,0.000,0.000,,,,,NVIDIA A100-SXM4-40GB MIG 4g.20gb (0),1,,13,cupy_copy__complex64_complex64
2440486263,2016,95137,26,1,1,128,1,1,16,0.000,0.000,,,,,NVIDIA A100-SXM4-40GB MIG 4g.20gb (0),1,,13,cupy_copy__float32_float32
2440491063,3360,95146,103,1,1,128,1,1,16,0.000,0.000,,,,,NVIDIA A100-SXM4-40GB MIG 4g.20gb (0),1,,13,cupy_copy__complex64_complex64
2440495479,11807,95156,1434,1,1,128,1,1,16,0.000,0.000,,,,,NVIDIA A100-SXM4-40GB MIG 4g.20gb (0),1,,13,cupy_copy__complex64_complex64
2440511574,82591,95161,1,1,1,32,32,1,30,0.000,0.000,,,,,NVIDIA A100-SXM4-40GB MIG 4g.20gb (0),1,,13,"void convert_kernel<__half2, float2>(tensor_layout_any, T1 *, tensor_layout_any, const T2 *)"
2440621237,5824,95164,,,,,,,,,,0.094,16087.884,Pinned,Device,NVIDIA A100-SXM4-40GB MIG 4g.20gb (0),1,,13,[CUDA memcpy Host-to-Device]
2440631061,597432,95165,,,,,,,,,,456.561,763827.289,Device,,NVIDIA A100-SXM4-40GB MIG 4g.20gb (0),1,,13,[CUDA memset]
2441231181,143999,95170,,,,,,,,,,1.235,8575.451,Pinned,Device,NVIDIA A100-SXM4-40GB MIG 4g.20gb (0),1,,13,[CUDA memcpy Host-to-Device]
2441389291,42048,95171,,,,,,,,,,0.197,4675.731,Pinned,Device,NVIDIA A100-SXM4-40GB MIG 4g.20gb (0),1,,13,[CUDA memcpy Host-to-Device]
2441459723,8127,95172,69,4,1,48,1,1,76,0.002,0.000,,,,,NVIDIA A100-SXM4-40GB MIG 4g.20gb (0),1,,13,"void ch_est::windowedChEstPreNoDftSOfdmKernel<float, __half, float, (unsigned int)2, (unsigned int)1, (unsigned short)4>(ch_est::puschRxChEstStatDescr_t *, ch_est::puschRxChEstDynDescr_t *)"
2441475530,6304,95173,137,2,1,24,2,1,44,0.001,0.001,,,,,NVIDIA A100-SXM4-40GB MIG 4g.20gb (0),1,,13,"void ch_est::chEstFilterNoDftSOfdmDispatchKernel<float, __half, float, (unsigned int)2>(ch_est::puschRxChEstStatDescr_t *, ch_est::puschRxChEstDynDescr_t *)"
2441490154,4768,95174,137,2,1,24,2,1,44,0.001,0.001,,,,,NVIDIA A100-SXM4-40GB MIG 4g.20gb (0),1,,13,"void ch_est::chEstFilterNoDftSOfdmDispatchKernel<float, __half, float, (unsigned int)2>(ch_est::puschRxChEstStatDescr_t *, ch_est::puschRxChEstDynDescr_t *)"
2441505098,2688,95185,103,1,1,128,1,1,16,0.000,0.000,,,,,NVIDIA A100-SXM4-40GB MIG 4g.20gb (0),1,,13,cupy_copy__complex64_complex64
2441514954,12448,95195,1434,1,1,128,1,1,16,0.000,0.000,,,,,NVIDIA A100-SXM4-40GB MIG 4g.20gb (0),1,,13,cupy_copy__complex64_complex64
2441545866,2559,95202,103,1,1,128,1,1,16,0.000,0.000,,,,,NVIDIA A100-SXM4-40GB MIG 4g.20gb (0),1,,13,cupy_copy__complex64_complex64
2441558569,83007,95209,1,1,1,32,32,1,30,0.000,0.000,,,,,NVIDIA A100-SXM4-40GB MIG 4g.20gb (0),1,,13,"void convert_kernel<__half2, float2>(tensor_layout_any, T1 *, tensor_layout_any, const T2 *)"
2441669736,5664,95212,,,,,,,,,,0.094,16542.310,Pinned,Device,NVIDIA A100-SXM4-40GB MIG 4g.20gb (0),1,,13,[CUDA memcpy Host-to-Device]
2441684104,47679,95213,,,,,,,,,,35.810,751041.452,Device,,NVIDIA A100-SXM4-40GB MIG 4g.20gb (0),1,,13,[CUDA memset]
2441736967,5088,95215,,,,,,,,,,0.000,15.723,Pinned,Device,NVIDIA A100-SXM4-40GB MIG 4g.20gb (0),1,,13,[CUDA memcpy Host-to-Device]
2441747975,11776,95216,,,,,,,,,,0.197,16695.558,Pinned,Device,NVIDIA A100-SXM4-40GB MIG 4g.20gb (0),1,,13,[CUDA memcpy Host-to-Device]
2441766631,10432,95217,273,1,1,48,1,1,40,0.000,0.001,,,,,NVIDIA A100-SXM4-40GB MIG 4g.20gb (0),1,,13,"void pusch_noise_intf_est::noiseIntfEstNoDftSOfdmKernel<float, __half, float, float, (unsigned int)2, (unsigned int)1, (unsigned char)4, (unsigned char)4>(pusch_noise_intf_est::puschRxNoiseIntfEstDynDescr)"
2441781799,2624,95228,35,1,1,128,1,1,16,0.000,0.000,,,,,NVIDIA A100-SXM4-40GB MIG 4g.20gb (0),1,,13,cupy_copy__complex64_complex64
2441796614,1792,95237,1,1,1,1,1,1,18,0.000,0.000,,,,,NVIDIA A100-SXM4-40GB MIG 4g.20gb (0),1,,13,cupy_copy__float32_float32
2441827174,1568,95243,,,,,,,,,,0.000,2.551,Device,Pageable,NVIDIA A100-SXM4-40GB MIG 4g.20gb (0),1,,7,[CUDA memcpy Device-to-Host]
2441887813,12864,95254,1434,1,1,128,1,1,16,0.000,0.000,,,,,NVIDIA A100-SXM4-40GB MIG 4g.20gb (0),1,,13,cupy_copy__complex64_complex64
2441915557,2752,95261,103,1,1,128,1,1,16,0.000,0.000,,,,,NVIDIA A100-SXM4-40GB MIG 4g.20gb (0),1,,13,cupy_copy__complex64_complex64
2441935013,2816,95268,35,1,1,128,1,1,16,0.000,0.000,,,,,NVIDIA A100-SXM4-40GB MIG 4g.20gb (0),1,,13,cupy_copy__complex64_complex64
2441952932,1792,95275,1,1,1,1,1,1,18,0.000,0.000,,,,,NVIDIA A100-SXM4-40GB MIG 4g.20gb (0),1,,13,cupy_copy__float32_float32
2442087363,82495,95286,1,1,1,32,32,1,30,0.000,0.000,,,,,NVIDIA A100-SXM4-40GB MIG 4g.20gb (0),1,,13,"void convert_kernel<__half2, float2>(tensor_layout_any, T1 *, tensor_layout_any, const T2 *)"
2442197537,5728,95289,,,,,,,,,,0.094,16357.541,Pinned,Device,NVIDIA A100-SXM4-40GB MIG 4g.20gb (0),1,,13,[CUDA memcpy Host-to-Device]
2442212065,3392,95290,,,,,,,,,,1.547,455961.768,Device,,NVIDIA A100-SXM4-40GB MIG 4g.20gb (0),1,,13,[CUDA memset]
2442218753,3136,95295,,,,,,,,,,0.031,9979.575,Pinned,Device,NVIDIA A100-SXM4-40GB MIG 4g.20gb (0),1,,13,[CUDA memcpy Host-to-Device]
2442224321,9856,95296,,,,,,,,,,0.197,19948.044,Pinned,Device,NVIDIA A100-SXM4-40GB MIG 4g.20gb (0),1,,13,[CUDA memcpy Host-to-Device]
2442238369,6272,95297,273,1,1,8,4,1,39,0.002,0.000,,,,,NVIDIA A100-SXM4-40GB MIG 4g.20gb (0),1,,13,"void channel_eq::eqMmseCoefCompLowMimoKernel<float, float, float, (unsigned int)4, (unsigned int)1, (unsigned int)4>(const channel_eq::_puschRxChEqStatDescr *, channel_eq::_puschRxChEqCoefCompDynDescr)"
2442247393,5952,95298,273,1,1,12,11,1,51,0.002,0.000,,,,,NVIDIA A100-SXM4-40GB MIG 4g.20gb (0),1,,13,"void channel_eq::eqMmseSoftDemapKernel<float, __half, __half, float, (unsigned int)4, (unsigned short)16383>(channel_eq::_puschRxChEqStatDescr *, channel_eq::_puschRxChEqSoftDemapDynDescr)"
2442254529,282748,95299,1,1,1,32,32,1,30,0.000,0.000,,,,,NVIDIA A100-SXM4-40GB MIG 4g.20gb (0),1,,13,"void convert_kernel<float2, __half2>(tensor_layout_any, T1 *, tensor_layout_any, const T2 *)"
2442539773,11104,95311,2253,1,1,128,1,1,16,0.000,0.000,,,,,NVIDIA A100-SXM4-40GB MIG 4g.20gb (0),1,,13,cupy_copy__float16_float16
2442554045,3648,95320,282,1,1,128,1,1,16,0.000,0.000,,,,,NVIDIA A100-SXM4-40GB MIG 4g.20gb (0),1,,13,cupy_copy__complex64_complex64
2442558813,1984,95329,26,1,1,128,1,1,16,0.000,0.000,,,,,NVIDIA A100-SXM4-40GB MIG 4g.20gb (0),1,,13,cupy_copy__float32_float32
2442564029,3104,95338,103,1,1,128,1,1,16,0.000,0.000,,,,,NVIDIA A100-SXM4-40GB MIG 4g.20gb (0),1,,13,cupy_copy__complex64_complex64
2442569341,12448,95348,1434,1,1,128,1,1,16,0.000,0.000,,,,,NVIDIA A100-SXM4-40GB MIG 4g.20gb (0),1,,13,cupy_copy__complex64_complex64
2442592989,82815,95353,1,1,1,32,32,1,30,0.000,0.000,,,,,NVIDIA A100-SXM4-40GB MIG 4g.20gb (0),1,,13,"void convert_kernel<__half2, float2>(tensor_layout_any, T1 *, tensor_layout_any, const T2 *)"
2442703451,5440,95356,,,,,,,,,,0.094,17223.480,Pinned,Device,NVIDIA A100-SXM4-40GB MIG 4g.20gb (0),1,,13,[CUDA memcpy Host-to-Device]
2442713275,600089,95357,,,,,,,,,,456.561,760631.359,Device,,NVIDIA A100-SXM4-40GB MIG 4g.20gb (0),1,,13,[CUDA memset]
2443320788,176957,95362,,,,,,,,,,1.235,6978.669,Pinned,Device,NVIDIA A100-SXM4-40GB MIG 4g.20gb (0),1,,13,[CUDA memcpy Host-to-Device]
2443510289,44512,95363,,,,,,,,,,0.197,4416.799,Pinned,Device,NVIDIA A100-SXM4-40GB MIG 4g.20gb (0),1,,13,[CUDA memcpy Host-to-Device]
2443580176,8160,95364,69,4,1,48,1,1,76,0.002,0.000,,,,,NVIDIA A100-SXM4-40GB MIG 4g.20gb (0),1,,13,"void ch_est::windowedChEstPreNoDftSOfdmKernel<float, __half, float, (unsigned int)2, (unsigned int)1, (unsigned short)4>(ch_est::puschRxChEstStatDescr_t *, ch_est::puschRxChEstDynDescr_t *)"
2443599088,6816,95365,137,2,1,24,2,1,44,0.001,0.001,,,,,NVIDIA A100-SXM4-40GB MIG 4g.20gb (0),1,,13,"void ch_est::chEstFilterNoDftSOfdmDispatchKernel<float, __half, float, (unsigned int)2>(ch_est::puschRxChEstStatDescr_t *, ch_est::puschRxChEstDynDescr_t *)"
2443615760,4992,95366,137,2,1,24,2,1,44,0.001,0.001,,,,,NVIDIA A100-SXM4-40GB MIG 4g.20gb (0),1,,13,"void ch_est::chEstFilterNoDftSOfdmDispatchKernel<float, __half, float, (unsigned int)2>(ch_est::puschRxChEstStatDescr_t *, ch_est::puschRxChEstDynDescr_t *)"
2443632656,2496,95377,103,1,1,128,1,1,16,0.000,0.000,,,,,NVIDIA A100-SXM4-40GB MIG 4g.20gb (0),1,,13,cupy_copy__complex64_complex64
2443649936,12735,95387,1434,1,1,128,1,1,16,0.000,0.000,,,,,NVIDIA A100-SXM4-40GB MIG 4g.20gb (0),1,,13,cupy_copy__complex64_complex64
2443673327,2688,95394,103,1,1,128,1,1,16,0.000,0.000,,,,,NVIDIA A100-SXM4-40GB MIG 4g.20gb (0),1,,13,cupy_copy__complex64_complex64
2443693167,92351,95401,1,1,1,32,32,1,30,0.000,0.000,,,,,NVIDIA A100-SXM4-40GB MIG 4g.20gb (0),1,,13,"void convert_kernel<__half2, float2>(tensor_layout_any, T1 *, tensor_layout_any, const T2 *)"
2443814093,15296,95404,,,,,,,,,,0.094,6125.470,Pinned,Device,NVIDIA A100-SXM4-40GB MIG 4g.20gb (0),1,,13,[CUDA memcpy Host-to-Device]
2443835533,47168,95405,,,,,,,,,,35.810,759170.304,Device,,NVIDIA A100-SXM4-40GB MIG 4g.20gb (0),1,,13,[CUDA memset]
2443890829,5983,95407,,,,,,,,,,0.000,13.371,Pinned,Device,NVIDIA A100-SXM4-40GB MIG 4g.20gb (0),1,,13,[CUDA memcpy Host-to-Device]
2443901196,17088,95408,,,,,,,,,,0.197,11505.500,Pinned,Device,NVIDIA A100-SXM4-40GB MIG 4g.20gb (0),1,,13,[CUDA memcpy Host-to-Device]
2443926540,11232,95409,273,1,1,48,1,1,40,0.000,0.001,,,,,NVIDIA A100-SXM4-40GB MIG 4g.20gb (0),1,,13,"void pusch_noise_intf_est::noiseIntfEstNoDftSOfdmKernel<float, __half, float, float, (unsigned int)2, (unsigned int)1, (unsigned char)4, (unsigned char)4>(pusch_noise_intf_est::puschRxNoiseIntfEstDynDescr)"
2443940396,2816,95420,35,1,1,128,1,1,16,0.000,0.000,,,,,NVIDIA A100-SXM4-40GB MIG 4g.20gb (0),1,,13,cupy_copy__complex64_complex64
2443944876,1824,95429,1,1,1,1,1,1,18,0.000,0.000,,,,,NVIDIA A100-SXM4-40GB MIG 4g.20gb (0),1,,13,cupy_copy__float32_float32
2443969836,1600,95435,,,,,,,,,,0.000,2.500,Device,Pageable,NVIDIA A100-SXM4-40GB MIG 4g.20gb (0),1,,7,[CUDA memcpy Device-to-Host]
2444029899,13184,95446,1434,1,1,128,1,1,16,0.000,0.000,,,,,NVIDIA A100-SXM4-40GB MIG 4g.20gb (0),1,,13,cupy_copy__complex64_complex64
2444056458,2880,95453,103,1,1,128,1,1,16,0.000,0.000,,,,,NVIDIA A100-SXM4-40GB MIG 4g.20gb (0),1,,13,cupy_copy__complex64_complex64
2444077674,2592,95460,35,1,1,128,1,1,16,0.000,0.000,,,,,NVIDIA A100-SXM4-40GB MIG 4g.20gb (0),1,,13,cupy_copy__complex64_complex64
2444098186,1760,95467,1,1,1,1,1,1,18,0.000,0.000,,,,,NVIDIA A100-SXM4-40GB MIG 4g.20gb (0),1,,13,cupy_copy__float32_float32
2444226856,82431,95478,1,1,1,32,32,1,30,0.000,0.000,,,,,NVIDIA A100-SXM4-40GB MIG 4g.20gb (0),1,,13,"void convert_kernel<__half2, float2>(tensor_layout_any, T1 *, tensor_layout_any, const T2 *)"
2444336871,5760,95481,,,,,,,,,,0.094,16266.656,Pinned,Device,NVIDIA A100-SXM4-40GB MIG 4g.20gb (0),1,,13,[CUDA memcpy Host-to-Device]
2444351335,3712,95482,,,,,,,,,,1.547,416654.319,Device,,NVIDIA A100-SXM4-40GB MIG 4g.20gb (0),1,,13,[CUDA memset]
2444357831,3328,95487,,,,,,,,,,0.031,9403.822,Pinned,Device,NVIDIA A100-SXM4-40GB MIG 4g.20gb (0),1,,13,[CUDA memcpy Host-to-Device]
2444363591,9920,95488,,,,,,,,,,0.197,19819.266,Pinned,Device,NVIDIA A100-SXM4-40GB MIG 4g.20gb (0),1,,13,[CUDA memcpy Host-to-Device]
2444377831,5983,95489,273,1,1,8,4,1,39,0.002,0.000,,,,,NVIDIA A100-SXM4-40GB MIG 4g.20gb (0),1,,13,"void channel_eq::eqMmseCoefCompLowMimoKernel<float, float, float, (unsigned int)4, (unsigned int)1, (unsigned int)4>(const channel_eq::_puschRxChEqStatDescr *, channel_eq::_puschRxChEqCoefCompDynDescr)"
2444387302,5600,95490,273,1,1,12,11,1,51,0.002,0.000,,,,,NVIDIA A100-SXM4-40GB MIG 4g.20gb (0),1,,13,"void channel_eq::eqMmseSoftDemapKernel<float, __half, __half, float, (unsigned int)4, (unsigned short)16383>(channel_eq::_puschRxChEqStatDescr *, channel_eq::_puschRxChEqSoftDemapDynDescr)"
2444395142,294365,95491,1,1,1,32,32,1,30,0.000,0.000,,,,,NVIDIA A100-SXM4-40GB MIG 4g.20gb (0),1,,13,"void convert_kernel<float2, __half2>(tensor_layout_any, T1 *, tensor_layout_any, const T2 *)"
2444692227,10528,95503,2253,1,1,128,1,1,16,0.000,0.000,,,,,NVIDIA A100-SXM4-40GB MIG 4g.20gb (0),1,,13,cupy_copy__float16_float16
2444704994,2976,95512,282,1,1,128,1,1,16,0.000,0.000,,,,,NVIDIA A100-SXM4-40GB MIG 4g.20gb (0),1,,13,cupy_copy__complex64_complex64
2444711266,2112,95521,26,1,1,128,1,1,16,0.000,0.000,,,,,NVIDIA A100-SXM4-40GB MIG 4g.20gb (0),1,,13,cupy_copy__float32_float32
2444715074,3680,95530,103,1,1,128,1,1,16,0.000,0.000,,,,,NVIDIA A100-SXM4-40GB MIG 4g.20gb (0),1,,13,cupy_copy__complex64_complex64
2444721474,12064,95540,1434,1,1,128,1,1,16,0.000,0.000,,,,,NVIDIA A100-SXM4-40GB MIG 4g.20gb (0),1,,13,cupy_copy__complex64_complex64
2444735458,82143,95545,1,1,1,32,32,1,30,0.000,0.000,,,,,NVIDIA A100-SXM4-40GB MIG 4g.20gb (0),1,,13,"void convert_kernel<__half2, float2>(tensor_layout_any, T1 *, tensor_layout_any, const T2 *)"
2444844417,5664,95548,,,,,,,,,,0.094,16542.310,Pinned,Device,NVIDIA A100-SXM4-40GB MIG 4g.20gb (0),1,,13,[CUDA memcpy Host-to-Device]
2444854529,599096,95549,,,,,,,,,,456.561,762001.043,Device,,NVIDIA A100-SXM4-40GB MIG 4g.20gb (0),1,,13,[CUDA memset]
2445460601,132191,95554,,,,,,,,,,1.235,9341.116,Pinned,Device,NVIDIA A100-SXM4-40GB MIG 4g.20gb (0),1,,13,[CUDA memcpy Host-to-Device]
2445607639,41472,95555,,,,,,,,,,0.197,4740.612,Pinned,Device,NVIDIA A100-SXM4-40GB MIG 4g.20gb (0),1,,13,[CUDA memcpy Host-to-Device]
2445666775,8447,95556,69,4,1,48,1,1,76,0.002,0.000,,,,,NVIDIA A100-SXM4-40GB MIG 4g.20gb (0),1,,13,"void ch_est::windowedChEstPreNoDftSOfdmKernel<float, __half, float, (unsigned int)2, (unsigned int)1, (unsigned short)4>(ch_est::puschRxChEstStatDescr_t *, ch_est::puschRxChEstDynDescr_t *)"
2445685942,6720,95557,137,2,1,24,2,1,44,0.001,0.001,,,,,NVIDIA A100-SXM4-40GB MIG 4g.20gb (0),1,,13,"void ch_est::chEstFilterNoDftSOfdmDispatchKernel<float, __half, float, (unsigned int)2>(ch_est::puschRxChEstStatDescr_t *, ch_est::puschRxChEstDynDescr_t *)"
2445702806,4800,95558,137,2,1,24,2,1,44,0.001,0.001,,,,,NVIDIA A100-SXM4-40GB MIG 4g.20gb (0),1,,13,"void ch_est::chEstFilterNoDftSOfdmDispatchKernel<float, __half, float, (unsigned int)2>(ch_est::puschRxChEstStatDescr_t *, ch_est::puschRxChEstDynDescr_t *)"
2445719926,2656,95569,103,1,1,128,1,1,16,0.000,0.000,,,,,NVIDIA A100-SXM4-40GB MIG 4g.20gb (0),1,,13,cupy_copy__complex64_complex64
2445736790,12608,95579,1434,1,1,128,1,1,16,0.000,0.000,,,,,NVIDIA A100-SXM4-40GB MIG 4g.20gb (0),1,,13,cupy_copy__complex64_complex64
2445758069,2880,95586,103,1,1,128,1,1,16,0.000,0.000,,,,,NVIDIA A100-SXM4-40GB MIG 4g.20gb (0),1,,13,cupy_copy__complex64_complex64
2445784693,91775,95593,1,1,1,32,32,1,30,0.000,0.000,,,,,NVIDIA A100-SXM4-40GB MIG 4g.20gb (0),1,,13,"void convert_kernel<__half2, float2>(tensor_layout_any, T1 *, tensor_layout_any, const T2 *)"
2445912884,22687,95596,,,,,,,,,,0.094,4129.932,Pinned,Device,NVIDIA A100-SXM4-40GB MIG 4g.20gb (0),1,,13,[CUDA memcpy Host-to-Device]
2445952147,47039,95597,,,,,,,,,,35.810,761247.279,Device,,NVIDIA A100-SXM4-40GB MIG 4g.20gb (0),1,,13,[CUDA memset]
2446005682,12768,95599,,,,,,,,,,0.000,6.266,Pinned,Device,NVIDIA A100-SXM4-40GB MIG 4g.20gb (0),1,,13,[CUDA memcpy Host-to-Device]
2446029362,26720,95600,,,,,,,,,,0.197,7358.054,Pinned,Device,NVIDIA A100-SXM4-40GB MIG 4g.20gb (0),1,,13,[CUDA memcpy Host-to-Device]
2446073554,9631,95601,273,1,1,48,1,1,40,0.000,0.001,,,,,NVIDIA A100-SXM4-40GB MIG 4g.20gb (0),1,,13,"void pusch_noise_intf_est::noiseIntfEstNoDftSOfdmKernel<float, __half, float, float, (unsigned int)2, (unsigned int)1, (unsigned char)4, (unsigned char)4>(pusch_noise_intf_est::puschRxNoiseIntfEstDynDescr)"
2446097649,2752,95612,35,1,1,128,1,1,16,0.000,0.000,,,,,NVIDIA A100-SXM4-40GB MIG 4g.20gb (0),1,,13,cupy_copy__complex64_complex64
2446117329,2048,95621,1,1,1,1,1,1,18,0.000,0.000,,,,,NVIDIA A100-SXM4-40GB MIG 4g.20gb (0),1,,13,cupy_copy__float32_float32
2446126513,6656,95627,,,,,,,,,,0.000,0.601,Device,Pageable,NVIDIA A100-SXM4-40GB MIG 4g.20gb (0),1,,7,[CUDA memcpy Device-to-Host]
2446220816,12832,95638,1434,1,1,128,1,1,16,0.000,0.000,,,,,NVIDIA A100-SXM4-40GB MIG 4g.20gb (0),1,,13,cupy_copy__complex64_complex64
2446241103,2944,95645,103,1,1,128,1,1,16,0.000,0.000,,,,,NVIDIA A100-SXM4-40GB MIG 4g.20gb (0),1,,13,cupy_copy__complex64_complex64
2446265519,2592,95652,35,1,1,128,1,1,16,0.000,0.000,,,,,NVIDIA A100-SXM4-40GB MIG 4g.20gb (0),1,,13,cupy_copy__complex64_complex64
2446282639,1760,95659,1,1,1,1,1,1,18,0.000,0.000,,,,,NVIDIA A100-SXM4-40GB MIG 4g.20gb (0),1,,13,cupy_copy__float32_float32
2446405677,83199,95670,1,1,1,32,32,1,30,0.000,0.000,,,,,NVIDIA A100-SXM4-40GB MIG 4g.20gb (0),1,,13,"void convert_kernel<__half2, float2>(tensor_layout_any, T1 *, tensor_layout_any, const T2 *)"
2446516620,6432,95673,,,,,,,,,,0.094,14567.105,Pinned,Device,NVIDIA A100-SXM4-40GB MIG 4g.20gb (0),1,,13,[CUDA memcpy Host-to-Device]
2446531340,3328,95674,,,,,,,,,,1.547,464729.580,Device,,NVIDIA A100-SXM4-40GB MIG 4g.20gb (0),1,,13,[CUDA memset]
2446538156,3360,95679,,,,,,,,,,0.031,9314.284,Pinned,Device,NVIDIA A100-SXM4-40GB MIG 4g.20gb (0),1,,13,[CUDA memcpy Host-to-Device]
2446544332,10240,95680,,,,,,,,,,0.197,19199.951,Pinned,Device,NVIDIA A100-SXM4-40GB MIG 4g.20gb (0),1,,13,[CUDA memcpy Host-to-Device]
2446562444,8255,95681,273,1,1,8,4,1,39,0.002,0.000,,,,,NVIDIA A100-SXM4-40GB MIG 4g.20gb (0),1,,13,"void channel_eq::eqMmseCoefCompLowMimoKernel<float, float, float, (unsigned int)4, (unsigned int)1, (unsigned int)4>(const channel_eq::_puschRxChEqStatDescr *, channel_eq::_puschRxChEqCoefCompDynDescr)"
2446575403,5600,95682,273,1,1,12,11,1,51,0.002,0.000,,,,,NVIDIA A100-SXM4-40GB MIG 4g.20gb (0),1,,13,"void channel_eq::eqMmseSoftDemapKernel<float, __half, __half, float, (unsigned int)4, (unsigned short)16383>(channel_eq::_puschRxChEqStatDescr *, channel_eq::_puschRxChEqSoftDemapDynDescr)"
2446582795,294365,95683,1,1,1,32,32,1,30,0.000,0.000,,,,,NVIDIA A100-SXM4-40GB MIG 4g.20gb (0),1,,13,"void convert_kernel<float2, __half2>(tensor_layout_any, T1 *, tensor_layout_any, const T2 *)"
2446878120,11007,95695,2253,1,1,128,1,1,16,0.000,0.000,,,,,NVIDIA A100-SXM4-40GB MIG 4g.20gb (0),1,,13,cupy_copy__float16_float16
2446890855,3296,95704,282,1,1,128,1,1,16,0.000,0.000,,,,,NVIDIA A100-SXM4-40GB MIG 4g.20gb (0),1,,13,cupy_copy__complex64_complex64
2446896007,2304,95713,26,1,1,128,1,1,16,0.000,0.000,,,,,NVIDIA A100-SXM4-40GB MIG 4g.20gb (0),1,,13,cupy_copy__float32_float32
2446900487,2784,95722,103,1,1,128,1,1,16,0.000,0.000,,,,,NVIDIA A100-SXM4-40GB MIG 4g.20gb (0),1,,13,cupy_copy__complex64_complex64
2446906215,11872,95732,1434,1,1,128,1,1,16,0.000,0.000,,,,,NVIDIA A100-SXM4-40GB MIG 4g.20gb (0),1,,13,cupy_copy__complex64_complex64
2446921799,82047,95737,1,1,1,32,32,1,30,0.000,0.000,,,,,NVIDIA A100-SXM4-40GB MIG 4g.20gb (0),1,,13,"void convert_kernel<__half2, float2>(tensor_layout_any, T1 *, tensor_layout_any, const T2 *)"
2447030950,5696,95740,,,,,,,,,,0.094,16449.363,Pinned,Device,NVIDIA A100-SXM4-40GB MIG 4g.20gb (0),1,,13,[CUDA memcpy Host-to-Device]
2447040102,596152,95741,,,,,,,,,,456.561,765653.535,Device,,NVIDIA A100-SXM4-40GB MIG 4g.20gb (0),1,,13,[CUDA memset]
2447645566,91423,95746,,,,,,,,,,1.235,13507.817,Pinned,Device,NVIDIA A100-SXM4-40GB MIG 4g.20gb (0),1,,13,[CUDA memcpy Host-to-Device]
2447743901,17440,95747,,,,,,,,,,0.197,11273.306,Pinned,Device,NVIDIA A100-SXM4-40GB MIG 4g.20gb (0),1,,13,[CUDA memcpy Host-to-Device]
2447774397,9183,95748,69,4,1,48,1,1,76,0.002,0.000,,,,,NVIDIA A100-SXM4-40GB MIG 4g.20gb (0),1,,13,"void ch_est::windowedChEstPreNoDftSOfdmKernel<float, __half, float, (unsigned int)2, (unsigned int)1, (unsigned short)4>(ch_est::puschRxChEstStatDescr_t *, ch_est::puschRxChEstDynDescr_t *)"
2447787004,7648,95749,137,2,1,24,2,1,44,0.001,0.001,,,,,NVIDIA A100-SXM4-40GB MIG 4g.20gb (0),1,,13,"void ch_est::chEstFilterNoDftSOfdmDispatchKernel<float, __half, float, (unsigned int)2>(ch_est::puschRxChEstStatDescr_t *, ch_est::puschRxChEstDynDescr_t *)"
2447799388,5120,95750,137,2,1,24,2,1,44,0.001,0.001,,,,,NVIDIA A100-SXM4-40GB MIG 4g.20gb (0),1,,13,"void ch_est::chEstFilterNoDftSOfdmDispatchKernel<float, __half, float, (unsigned int)2>(ch_est::puschRxChEstStatDescr_t *, ch_est::puschRxChEstDynDescr_t *)"
2447809980,2880,95761,103,1,1,128,1,1,16,0.000,0.000,,,,,NVIDIA A100-SXM4-40GB MIG 4g.20gb (0),1,,13,cupy_copy__complex64_complex64
2447814972,12416,95771,1434,1,1,128,1,1,16,0.000,0.000,,,,,NVIDIA A100-SXM4-40GB MIG 4g.20gb (0),1,,13,cupy_copy__complex64_complex64
2447830780,2560,95778,103,1,1,128,1,1,16,0.000,0.000,,,,,NVIDIA A100-SXM4-40GB MIG 4g.20gb (0),1,,13,cupy_copy__complex64_complex64
2447836508,88415,95785,1,1,1,32,32,1,30,0.000,0.000,,,,,NVIDIA A100-SXM4-40GB MIG 4g.20gb (0),1,,13,"void convert_kernel<__half2, float2>(tensor_layout_any, T1 *, tensor_layout_any, const T2 *)"
2447952346,5760,95788,,,,,,,,,,0.094,16266.656,Pinned,Device,NVIDIA A100-SXM4-40GB MIG 4g.20gb (0),1,,13,[CUDA memcpy Host-to-Device]
2447964698,46304,95789,,,,,,,,,,35.810,773351.032,Device,,NVIDIA A100-SXM4-40GB MIG 4g.20gb (0),1,,13,[CUDA memset]
2448013146,5792,95791,,,,,,,,,,0.000,13.812,Pinned,Device,NVIDIA A100-SXM4-40GB MIG 4g.20gb (0),1,,13,[CUDA memcpy Host-to-Device]
2448022617,12704,95792,,,,,,,,,,0.197,15475.999,Pinned,Device,NVIDIA A100-SXM4-40GB MIG 4g.20gb (0),1,,13,[CUDA memcpy Host-to-Device]
2448044185,11648,95793,273,1,1,48,1,1,40,0.000,0.001,,,,,NVIDIA A100-SXM4-40GB MIG 4g.20gb (0),1,,13,"void pusch_noise_intf_est::noiseIntfEstNoDftSOfdmKernel<float, __half, float, float, (unsigned int)2, (unsigned int)1, (unsigned char)4, (unsigned char)4>(pusch_noise_intf_est::puschRxNoiseIntfEstDynDescr)"
2448059417,3264,95804,35,1,1,128,1,1,16,0.000,0.000,,,,,NVIDIA A100-SXM4-40GB MIG 4g.20gb (0),1,,13,cupy_copy__complex64_complex64
2448075609,1920,95813,1,1,1,1,1,1,18,0.000,0.000,,,,,NVIDIA A100-SXM4-40GB MIG 4g.20gb (0),1,,13,cupy_copy__float32_float32
2448108056,1568,95819,,,,,,,,,,0.000,2.551,Device,Pageable,NVIDIA A100-SXM4-40GB MIG 4g.20gb (0),1,,7,[CUDA memcpy Device-to-Host]
2448166936,12896,95830,1434,1,1,128,1,1,16,0.000,0.000,,,,,NVIDIA A100-SXM4-40GB MIG 4g.20gb (0),1,,13,cupy_copy__complex64_complex64
2448194711,3008,95837,103,1,1,128,1,1,16,0.000,0.000,,,,,NVIDIA A100-SXM4-40GB MIG 4g.20gb (0),1,,13,cupy_copy__complex64_complex64
2448214903,2176,95844,35,1,1,128,1,1,16,0.000,0.000,,,,,NVIDIA A100-SXM4-40GB MIG 4g.20gb (0),1,,13,cupy_copy__complex64_complex64
2448232855,1952,95851,1,1,1,1,1,1,18,0.000,0.000,,,,,NVIDIA A100-SXM4-40GB MIG 4g.20gb (0),1,,13,cupy_copy__float32_float32
2448367189,82079,95862,1,1,1,32,32,1,30,0.000,0.000,,,,,NVIDIA A100-SXM4-40GB MIG 4g.20gb (0),1,,13,"void convert_kernel<__half2, float2>(tensor_layout_any, T1 *, tensor_layout_any, const T2 *)"
2448476692,6400,95865,,,,,,,,,,0.094,14640.000,Pinned,Device,NVIDIA A100-SXM4-40GB MIG 4g.20gb (0),1,,13,[CUDA memcpy Host-to-Device]
2448490932,3264,95866,,,,,,,,,,1.547,473842.288,Device,,NVIDIA A100-SXM4-40GB MIG 4g.20gb (0),1,,13,[CUDA memset]
2448497908,3296,95871,,,,,,,,,,0.031,9495.144,Pinned,Device,NVIDIA A100-SXM4-40GB MIG 4g.20gb (0),1,,13,[CUDA memcpy Host-to-Device]
2448503732,9791,95872,,,,,,,,,,0.197,20080.361,Pinned,Device,NVIDIA A100-SXM4-40GB MIG 4g.20gb (0),1,,13,[CUDA memcpy Host-to-Device]
2448519251,6208,95873,273,1,1,8,4,1,39,0.002,0.000,,,,,NVIDIA A100-SXM4-40GB MIG 4g.20gb (0),1,,13,"void channel_eq::eqMmseCoefCompLowMimoKernel<float, float, float, (unsigned int)4, (unsigned int)1, (unsigned int)4>(const channel_eq::_puschRxChEqStatDescr *, channel_eq::_puschRxChEqCoefCompDynDescr)"
2448527347,6048,95874,273,1,1,12,11,1,51,0.002,0.000,,,,,NVIDIA A100-SXM4-40GB MIG 4g.20gb (0),1,,13,"void channel_eq::eqMmseSoftDemapKernel<float, __half, __half, float, (unsigned int)4, (unsigned short)16383>(channel_eq::_puschRxChEqStatDescr *, channel_eq::_puschRxChEqSoftDemapDynDescr)"
2448535187,282333,95875,1,1,1,32,32,1,30,0.000,0.000,,,,,NVIDIA A100-SXM4-40GB MIG 4g.20gb (0),1,,13,"void convert_kernel<float2, __half2>(tensor_layout_any, T1 *, tensor_layout_any, const T2 *)"
2448819888,10943,95887,2253,1,1,128,1,1,16,0.000,0.000,,,,,NVIDIA A100-SXM4-40GB MIG 4g.20gb (0),1,,13,cupy_copy__float16_float16
2448833327,3424,95896,282,1,1,128,1,1,16,0.000,0.000,,,,,NVIDIA A100-SXM4-40GB MIG 4g.20gb (0),1,,13,cupy_copy__complex64_complex64
2448840079,2144,95905,26,1,1,128,1,1,16,0.000,0.000,,,,,NVIDIA A100-SXM4-40GB MIG 4g.20gb (0),1,,13,cupy_copy__float32_float32
2448843983,3552,95914,103,1,1,128,1,1,16,0.000,0.000,,,,,NVIDIA A100-SXM4-40GB MIG 4g.20gb (0),1,,13,cupy_copy__complex64_complex64
2448849839,12064,95924,1434,1,1,128,1,1,16,0.000,0.000,,,,,NVIDIA A100-SXM4-40GB MIG 4g.20gb (0),1,,13,cupy_copy__complex64_complex64
2448868495,87263,95929,1,1,1,32,32,1,30,0.000,0.000,,,,,NVIDIA A100-SXM4-40GB MIG 4g.20gb (0),1,,13,"void convert_kernel<__half2, float2>(tensor_layout_any, T1 *, tensor_layout_any, const T2 *)"
2448982798,6080,95932,,,,,,,,,,0.094,15410.462,Pinned,Device,NVIDIA A100-SXM4-40GB MIG 4g.20gb (0),1,,13,[CUDA memcpy Host-to-Device]
2448993453,597209,95933,,,,,,,,,,456.561,764283.851,Device,,NVIDIA A100-SXM4-40GB MIG 4g.20gb (0),1,,13,[CUDA memset]
2449597510,158814,95938,,,,,,,,,,1.235,7775.207,Pinned,Device,NVIDIA A100-SXM4-40GB MIG 4g.20gb (0),1,,13,[CUDA memcpy Host-to-Device]
2449769956,36479,95939,,,,,,,,,,0.197,5389.615,Pinned,Device,NVIDIA A100-SXM4-40GB MIG 4g.20gb (0),1,,13,[CUDA memcpy Host-to-Device]
2449821923,8128,95940,69,4,1,48,1,1,76,0.002,0.000,,,,,NVIDIA A100-SXM4-40GB MIG 4g.20gb (0),1,,13,"void ch_est::windowedChEstPreNoDftSOfdmKernel<float, __half, float, (unsigned int)2, (unsigned int)1, (unsigned short)4>(ch_est::puschRxChEstStatDescr_t *, ch_est::puschRxChEstDynDescr_t *)"
2449835107,6720,95941,137,2,1,24,2,1,44,0.001,0.001,,,,,NVIDIA A100-SXM4-40GB MIG 4g.20gb (0),1,,13,"void ch_est::chEstFilterNoDftSOfdmDispatchKernel<float, __half, float, (unsigned int)2>(ch_est::puschRxChEstStatDescr_t *, ch_est::puschRxChEstDynDescr_t *)"
2449850147,5152,95942,137,2,1,24,2,1,44,0.001,0.001,,,,,NVIDIA A100-SXM4-40GB MIG 4g.20gb (0),1,,13,"void ch_est::chEstFilterNoDftSOfdmDispatchKernel<float, __half, float, (unsigned int)2>(ch_est::puschRxChEstStatDescr_t *, ch_est::puschRxChEstDynDescr_t *)"
2449861187,2720,95953,103,1,1,128,1,1,16,0.000,0.000,,,,,NVIDIA A100-SXM4-40GB MIG 4g.20gb (0),1,,13,cupy_copy__complex64_complex64
2449872995,12383,95963,1434,1,1,128,1,1,16,0.000,0.000,,,,,NVIDIA A100-SXM4-40GB MIG 4g.20gb (0),1,,13,cupy_copy__complex64_complex64
2449894242,2528,95970,103,1,1,128,1,1,16,0.000,0.000,,,,,NVIDIA A100-SXM4-40GB MIG 4g.20gb (0),1,,13,cupy_copy__complex64_complex64
2449906370,82879,95977,1,1,1,32,32,1,30,0.000,0.000,,,,,NVIDIA A100-SXM4-40GB MIG 4g.20gb (0),1,,13,"void convert_kernel<__half2, float2>(tensor_layout_any, T1 *, tensor_layout_any, const T2 *)"
2450018177,11296,95980,,,,,,,,,,0.094,8294.532,Pinned,Device,NVIDIA A100-SXM4-40GB MIG 4g.20gb (0),1,,13,[CUDA memcpy Host-to-Device]
2450039905,48319,95981,,,,,,,,,,35.810,741086.294,Device,,NVIDIA A100-SXM4-40GB MIG 4g.20gb (0),1,,13,[CUDA memset]
2450092128,4928,95983,,,,,,,,,,0.000,16.234,Pinned,Device,NVIDIA A100-SXM4-40GB MIG 4g.20gb (0),1,,13,[CUDA memcpy Host-to-Device]
2450102304,12896,95984,,,,,,,,,,0.197,15245.574,Pinned,Device,NVIDIA A100-SXM4-40GB MIG 4g.20gb (0),1,,13,[CUDA memcpy Host-to-Device]
2450121760,12447,95985,273,1,1,48,1,1,40,0.000,0.001,,,,,NVIDIA A100-SXM4-40GB MIG 4g.20gb (0),1,,13,"void pusch_noise_intf_est::noiseIntfEstNoDftSOfdmKernel<float, __half, float, float, (unsigned int)2, (unsigned int)1, (unsigned char)4, (unsigned char)4>(pusch_noise_intf_est::puschRxNoiseIntfEstDynDescr)"
2450136255,3360,95996,35,1,1,128,1,1,16,0.000,0.000,,,,,NVIDIA A100-SXM4-40GB MIG 4g.20gb (0),1,,13,cupy_copy__complex64_complex64
2450142047,1984,96005,1,1,1,1,1,1,18,0.000,0.000,,,,,NVIDIA A100-SXM4-40GB MIG 4g.20gb (0),1,,13,cupy_copy__float32_float32
2450171775,1600,96011,,,,,,,,,,0.000,2.500,Device,Pageable,NVIDIA A100-SXM4-40GB MIG 4g.20gb (0),1,,7,[CUDA memcpy Device-to-Host]
2450232510,12672,96022,1434,1,1,128,1,1,16,0.000,0.000,,,,,NVIDIA A100-SXM4-40GB MIG 4g.20gb (0),1,,13,cupy_copy__complex64_complex64
2450260990,3616,96029,103,1,1,128,1,1,16,0.000,0.000,,,,,NVIDIA A100-SXM4-40GB MIG 4g.20gb (0),1,,13,cupy_copy__complex64_complex64
2450280574,2400,96036,35,1,1,128,1,1,16,0.000,0.000,,,,,NVIDIA A100-SXM4-40GB MIG 4g.20gb (0),1,,13,cupy_copy__complex64_complex64
2450296797,1760,96043,1,1,1,1,1,1,18,0.000,0.000,,,,,NVIDIA A100-SXM4-40GB MIG 4g.20gb (0),1,,13,cupy_copy__float32_float32
2450429500,82495,96054,1,1,1,32,32,1,30,0.000,0.000,,,,,NVIDIA A100-SXM4-40GB MIG 4g.20gb (0),1,,13,"void convert_kernel<__half2, float2>(tensor_layout_any, T1 *, tensor_layout_any, const T2 *)"
2450539930,5696,96057,,,,,,,,,,0.094,16449.363,Pinned,Device,NVIDIA A100-SXM4-40GB MIG 4g.20gb (0),1,,13,[CUDA memcpy Host-to-Device]
2450554362,3328,96058,,,,,,,,,,1.547,464729.580,Device,,NVIDIA A100-SXM4-40GB MIG 4g.20gb (0),1,,13,[CUDA memset]
2450561274,3136,96063,,,,,,,,,,0.031,9979.575,Pinned,Device,NVIDIA A100-SXM4-40GB MIG 4g.20gb (0),1,,13,[CUDA memcpy Host-to-Device]
2450566810,9856,96064,,,,,,,,,,0.197,19948.044,Pinned,Device,NVIDIA A100-SXM4-40GB MIG 4g.20gb (0),1,,13,[CUDA memcpy Host-to-Device]
2450582522,6368,96065,273,1,1,8,4,1,39,0.002,0.000,,,,,NVIDIA A100-SXM4-40GB MIG 4g.20gb (0),1,,13,"void channel_eq::eqMmseCoefCompLowMimoKernel<float, float, float, (unsigned int)4, (unsigned int)1, (unsigned int)4>(const channel_eq::_puschRxChEqStatDescr *, channel_eq::_puschRxChEqCoefCompDynDescr)"
2450591706,6048,96066,273,1,1,12,11,1,51,0.002,0.000,,,,,NVIDIA A100-SXM4-40GB MIG 4g.20gb (0),1,,13,"void channel_eq::eqMmseSoftDemapKernel<float, __half, __half, float, (unsigned int)4, (unsigned short)16383>(channel_eq::_puschRxChEqStatDescr *, channel_eq::_puschRxChEqSoftDemapDynDescr)"
2450598938,290204,96067,1,1,1,32,32,1,30,0.000,0.000,,,,,NVIDIA A100-SXM4-40GB MIG 4g.20gb (0),1,,13,"void convert_kernel<float2, __half2>(tensor_layout_any, T1 *, tensor_layout_any, const T2 *)"
2450891766,10944,96079,2253,1,1,128,1,1,16,0.000,0.000,,,,,NVIDIA A100-SXM4-40GB MIG 4g.20gb (0),1,,13,cupy_copy__float16_float16
2450904662,2944,96088,282,1,1,128,1,1,16,0.000,0.000,,,,,NVIDIA A100-SXM4-40GB MIG 4g.20gb (0),1,,13,cupy_copy__complex64_complex64
2450909142,2080,96097,26,1,1,128,1,1,16,0.000,0.000,,,,,NVIDIA A100-SXM4-40GB MIG 4g.20gb (0),1,,13,cupy_copy__float32_float32
2450914518,4544,96106,103,1,1,128,1,1,16,0.000,0.000,,,,,NVIDIA A100-SXM4-40GB MIG 4g.20gb (0),1,,13,cupy_copy__complex64_complex64
2450922166,12223,96116,1434,1,1,128,1,1,16,0.000,0.000,,,,,NVIDIA A100-SXM4-40GB MIG 4g.20gb (0),1,,13,cupy_copy__complex64_complex64
2450941301,83743,96121,1,1,1,32,32,1,30,0.000,0.000,,,,,NVIDIA A100-SXM4-40GB MIG 4g.20gb (0),1,,13,"void convert_kernel<__half2, float2>(tensor_layout_any, T1 *, tensor_layout_any, const T2 *)"
2451052372,5568,96124,,,,,,,,,,0.094,16827.521,Pinned,Device,NVIDIA A100-SXM4-40GB MIG 4g.20gb (0),1,,13,[CUDA memcpy Host-to-Device]
2451062868,598808,96125,,,,,,,,,,456.561,762001.043,Device,,NVIDIA A100-SXM4-40GB MIG 4g.20gb (0),1,,13,[CUDA memset]
2451666284,150175,96130,,,,,,,,,,1.235,8222.257,Pinned,Device,NVIDIA A100-SXM4-40GB MIG 4g.20gb (0),1,,13,[CUDA memcpy Host-to-Device]
2451831626,40032,96131,,,,,,,,,,0.197,4911.268,Pinned,Device,NVIDIA A100-SXM4-40GB MIG 4g.20gb (0),1,,13,[CUDA memcpy Host-to-Device]
2451900938,8095,96132,69,4,1,48,1,1,76,0.002,0.000,,,,,NVIDIA A100-SXM4-40GB MIG 4g.20gb (0),1,,13,"void ch_est::windowedChEstPreNoDftSOfdmKernel<float, __half, float, (unsigned int)2, (unsigned int)1, (unsigned short)4>(ch_est::puschRxChEstStatDescr_t *, ch_est::puschRxChEstDynDescr_t *)"
2451918281,6816,96133,137,2,1,24,2,1,44,0.001,0.001,,,,,NVIDIA A100-SXM4-40GB MIG 4g.20gb (0),1,,13,"void ch_est::chEstFilterNoDftSOfdmDispatchKernel<float, __half, float, (unsigned int)2>(ch_est::puschRxChEstStatDescr_t *, ch_est::puschRxChEstDynDescr_t *)"
2451935401,4640,96134,137,2,1,24,2,1,44,0.001,0.001,,,,,NVIDIA A100-SXM4-40GB MIG 4g.20gb (0),1,,13,"void ch_est::chEstFilterNoDftSOfdmDispatchKernel<float, __half, float, (unsigned int)2>(ch_est::puschRxChEstStatDescr_t *, ch_est::puschRxChEstDynDescr_t *)"
2451951945,2496,96145,103,1,1,128,1,1,16,0.000,0.000,,,,,NVIDIA A100-SXM4-40GB MIG 4g.20gb (0),1,,13,cupy_copy__complex64_complex64
2451971017,12127,96155,1434,1,1,128,1,1,16,0.000,0.000,,,,,NVIDIA A100-SXM4-40GB MIG 4g.20gb (0),1,,13,cupy_copy__complex64_complex64
2451990728,2944,96162,103,1,1,128,1,1,16,0.000,0.000,,,,,NVIDIA A100-SXM4-40GB MIG 4g.20gb (0),1,,13,cupy_copy__complex64_complex64
2452010440,102367,96169,1,1,1,32,32,1,30,0.000,0.000,,,,,NVIDIA A100-SXM4-40GB MIG 4g.20gb (0),1,,13,"void convert_kernel<__half2, float2>(tensor_layout_any, T1 *, tensor_layout_any, const T2 *)"
2452148390,16000,96172,,,,,,,,,,0.094,5856.000,Pinned,Device,NVIDIA A100-SXM4-40GB MIG 4g.20gb (0),1,,13,[CUDA memcpy Host-to-Device]
2452176038,46592,96173,,,,,,,,,,35.810,768552.503,Device,,NVIDIA A100-SXM4-40GB MIG 4g.20gb (0),1,,13,[CUDA memset]
2452229445,7008,96175,,,,,,,,,,0.000,11.416,Pinned,Device,NVIDIA A100-SXM4-40GB MIG 4g.20gb (0),1,,13,[CUDA memcpy Host-to-Device]
2452243973,14976,96176,,,,,,,,,,0.197,13128.106,Pinned,Device,NVIDIA A100-SXM4-40GB MIG 4g.20gb (0),1,,13,[CUDA memcpy Host-to-Device]
2452272869,12160,96177,273,1,1,48,1,1,40,0.000,0.001,,,,,NVIDIA A100-SXM4-40GB MIG 4g.20gb (0),1,,13,"void pusch_noise_intf_est::noiseIntfEstNoDftSOfdmKernel<float, __half, float, float, (unsigned int)2, (unsigned int)1, (unsigned char)4, (unsigned char)4>(pusch_noise_intf_est::puschRxNoiseIntfEstDynDescr)"
2452287621,2880,96188,35,1,1,128,1,1,16,0.000,0.000,,,,,NVIDIA A100-SXM4-40GB MIG 4g.20gb (0),1,,13,cupy_copy__complex64_complex64
2452295365,1792,96197,1,1,1,1,1,1,18,0.000,0.000,,,,,NVIDIA A100-SXM4-40GB MIG 4g.20gb (0),1,,13,cupy_copy__float32_float32
2452304229,3807,96203,,,,,,,,,,0.000,1.051,Device,Pageable,NVIDIA A100-SXM4-40GB MIG 4g.20gb (0),1,,7,[CUDA memcpy Device-to-Host]
2452376036,13247,96214,1434,1,1,128,1,1,16,0.000,0.000,,,,,NVIDIA A100-SXM4-40GB MIG 4g.20gb (0),1,,13,cupy_copy__complex64_complex64
2452403683,3488,96221,103,1,1,128,1,1,16,0.000,0.000,,,,,NVIDIA A100-SXM4-40GB MIG 4g.20gb (0),1,,13,cupy_copy__complex64_complex64
2452427427,2464,96228,35,1,1,128,1,1,16,0.000,0.000,,,,,NVIDIA A100-SXM4-40GB MIG 4g.20gb (0),1,,13,cupy_copy__complex64_complex64
2452442595,1888,96235,1,1,1,1,1,1,18,0.000,0.000,,,,,NVIDIA A100-SXM4-40GB MIG 4g.20gb (0),1,,13,cupy_copy__float32_float32
2452568929,81823,96246,1,1,1,32,32,1,30,0.000,0.000,,,,,NVIDIA A100-SXM4-40GB MIG 4g.20gb (0),1,,13,"void convert_kernel<__half2, float2>(tensor_layout_any, T1 *, tensor_layout_any, const T2 *)"
2452678496,5792,96249,,,,,,,,,,0.094,16176.708,Pinned,Device,NVIDIA A100-SXM4-40GB MIG 4g.20gb (0),1,,13,[CUDA memcpy Host-to-Device]
2452692288,3392,96250,,,,,,,,,,1.547,455961.768,Device,,NVIDIA A100-SXM4-40GB MIG 4g.20gb (0),1,,13,[CUDA memset]
2452699488,3360,96255,,,,,,,,,,0.031,9314.284,Pinned,Device,NVIDIA A100-SXM4-40GB MIG 4g.20gb (0),1,,13,[CUDA memcpy Host-to-Device]
2452705344,9567,96256,,,,,,,,,,0.197,20550.451,Pinned,Device,NVIDIA A100-SXM4-40GB MIG 4g.20gb (0),1,,13,[CUDA memcpy Host-to-Device]
2452718399,6336,96257,273,1,1,8,4,1,39,0.002,0.000,,,,,NVIDIA A100-SXM4-40GB MIG 4g.20gb (0),1,,13,"void channel_eq::eqMmseCoefCompLowMimoKernel<float, float, float, (unsigned int)4, (unsigned int)1, (unsigned int)4>(const channel_eq::_puschRxChEqStatDescr *, channel_eq::_puschRxChEqCoefCompDynDescr)"
2452725919,6208,96258,273,1,1,12,11,1,51,0.002,0.000,,,,,NVIDIA A100-SXM4-40GB MIG 4g.20gb (0),1,,13,"void channel_eq::eqMmseSoftDemapKernel<float, __half, __half, float, (unsigned int)4, (unsigned short)16383>(channel_eq::_puschRxChEqStatDescr *, channel_eq::_puschRxChEqSoftDemapDynDescr)"
2452733151,282877,96259,1,1,1,32,32,1,30,0.000,0.000,,,,,NVIDIA A100-SXM4-40GB MIG 4g.20gb (0),1,,13,"void convert_kernel<float2, __half2>(tensor_layout_any, T1 *, tensor_layout_any, const T2 *)"
2453019292,10848,96271,2253,1,1,128,1,1,16,0.000,0.000,,,,,NVIDIA A100-SXM4-40GB MIG 4g.20gb (0),1,,13,cupy_copy__float16_float16
2453033180,3007,96280,282,1,1,128,1,1,16,0.000,0.000,,,,,NVIDIA A100-SXM4-40GB MIG 4g.20gb (0),1,,13,cupy_copy__complex64_complex64
2453038395,2112,96289,26,1,1,128,1,1,16,0.000,0.000,,,,,NVIDIA A100-SXM4-40GB MIG 4g.20gb (0),1,,13,cupy_copy__float32_float32
2453042075,4896,96298,103,1,1,128,1,1,16,0.000,0.000,,,,,NVIDIA A100-SXM4-40GB MIG 4g.20gb (0),1,,13,cupy_copy__complex64_complex64
2453049339,11968,96308,1434,1,1,128,1,1,16,0.000,0.000,,,,,NVIDIA A100-SXM4-40GB MIG 4g.20gb (0),1,,13,cupy_copy__complex64_complex64
2453070971,81663,96313,1,1,1,32,32,1,30,0.000,0.000,,,,,NVIDIA A100-SXM4-40GB MIG 4g.20gb (0),1,,13,"void convert_kernel<__half2, float2>(tensor_layout_any, T1 *, tensor_layout_any, const T2 *)"
2453179610,5632,96316,,,,,,,,,,0.094,16636.287,Pinned,Device,NVIDIA A100-SXM4-40GB MIG 4g.20gb (0),1,,13,[CUDA memcpy Host-to-Device]
2453189754,597752,96317,,,,,,,,,,456.561,763370.728,Device,,NVIDIA A100-SXM4-40GB MIG 4g.20gb (0),1,,13,[CUDA memset]
2453792786,126751,96322,,,,,,,,,,1.235,9742.473,Pinned,Device,NVIDIA A100-SXM4-40GB MIG 4g.20gb (0),1,,13,[CUDA memcpy Host-to-Device]
2453929040,33120,96323,,,,,,,,,,0.197,5936.185,Pinned,Device,NVIDIA A100-SXM4-40GB MIG 4g.20gb (0),1,,13,[CUDA memcpy Host-to-Device]
2453978960,8128,96324,69,4,1,48,1,1,76,0.002,0.000,,,,,NVIDIA A100-SXM4-40GB MIG 4g.20gb (0),1,,13,"void ch_est::windowedChEstPreNoDftSOfdmKernel<float, __half, float, (unsigned int)2, (unsigned int)1, (unsigned short)4>(ch_est::puschRxChEstStatDescr_t *, ch_est::puschRxChEstDynDescr_t *)"
2453994896,6816,96325,137,2,1,24,2,1,44,0.001,0.001,,,,,NVIDIA A100-SXM4-40GB MIG 4g.20gb (0),1,,13,"void ch_est::chEstFilterNoDftSOfdmDispatchKernel<float, __half, float, (unsigned int)2>(ch_est::puschRxChEstStatDescr_t *, ch_est::puschRxChEstDynDescr_t *)"
2454018831,4800,96326,137,2,1,24,2,1,44,0.001,0.001,,,,,NVIDIA A100-SXM4-40GB MIG 4g.20gb (0),1,,13,"void ch_est::chEstFilterNoDftSOfdmDispatchKernel<float, __half, float, (unsigned int)2>(ch_est::puschRxChEstStatDescr_t *, ch_est::puschRxChEstDynDescr_t *)"
2454035183,2592,96337,103,1,1,128,1,1,16,0.000,0.000,,,,,NVIDIA A100-SXM4-40GB MIG 4g.20gb (0),1,,13,cupy_copy__complex64_complex64
2454051215,12736,96347,1434,1,1,128,1,1,16,0.000,0.000,,,,,NVIDIA A100-SXM4-40GB MIG 4g.20gb (0),1,,13,cupy_copy__complex64_complex64
2454085839,2591,96354,103,1,1,128,1,1,16,0.000,0.000,,,,,NVIDIA A100-SXM4-40GB MIG 4g.20gb (0),1,,13,cupy_copy__complex64_complex64
2454099694,85535,96361,1,1,1,32,32,1,30,0.000,0.000,,,,,NVIDIA A100-SXM4-40GB MIG 4g.20gb (0),1,,13,"void convert_kernel<__half2, float2>(tensor_layout_any, T1 *, tensor_layout_any, const T2 *)"
2454220461,22592,96364,,,,,,,,,,0.094,4147.266,Pinned,Device,NVIDIA A100-SXM4-40GB MIG 4g.20gb (0),1,,13,[CUDA memcpy Host-to-Device]
2454259148,48320,96365,,,,,,,,,,35.810,741086.294,Device,,NVIDIA A100-SXM4-40GB MIG 4g.20gb (0),1,,13,[CUDA memset]
2454313292,6976,96367,,,,,,,,,,0.000,11.468,Pinned,Device,NVIDIA A100-SXM4-40GB MIG 4g.20gb (0),1,,13,[CUDA memcpy Host-to-Device]
2454331819,28960,96368,,,,,,,,,,0.197,6788.874,Pinned,Device,NVIDIA A100-SXM4-40GB MIG 4g.20gb (0),1,,13,[CUDA memcpy Host-to-Device]
2454392715,9664,96369,273,1,1,48,1,1,40,0.000,0.001,,,,,NVIDIA A100-SXM4-40GB MIG 4g.20gb (0),1,,13,"void pusch_noise_intf_est::noiseIntfEstNoDftSOfdmKernel<float, __half, float, float, (unsigned int)2, (unsigned int)1, (unsigned char)4, (unsigned char)4>(pusch_noise_intf_est::puschRxNoiseIntfEstDynDescr)"
2454410186,2592,96380,35,1,1,128,1,1,16,0.000,0.000,,,,,NVIDIA A100-SXM4-40GB MIG 4g.20gb (0),1,,13,cupy_copy__complex64_complex64
2454426954,1728,96389,1,1,1,1,1,1,18,0.000,0.000,,,,,NVIDIA A100-SXM4-40GB MIG 4g.20gb (0),1,,13,cupy_copy__float32_float32
2454431754,7008,96395,,,,,,,,,,0.000,0.571,Device,Pageable,NVIDIA A100-SXM4-40GB MIG 4g.20gb (0),1,,7,[CUDA memcpy Device-to-Host]
2454534537,12832,96406,1434,1,1,128,1,1,16,0.000,0.000,,,,,NVIDIA A100-SXM4-40GB MIG 4g.20gb (0),1,,13,cupy_copy__complex64_complex64
2454556489,3008,96413,103,1,1,128,1,1,16,0.000,0.000,,,,,NVIDIA A100-SXM4-40GB MIG 4g.20gb (0),1,,13,cupy_copy__complex64_complex64
2454573160,2560,96420,35,1,1,128,1,1,16,0.000,0.000,,,,,NVIDIA A100-SXM4-40GB MIG 4g.20gb (0),1,,13,cupy_copy__complex64_complex64
2454587208,2048,96427,1,1,1,1,1,1,18,0.000,0.000,,,,,NVIDIA A100-SXM4-40GB MIG 4g.20gb (0),1,,13,cupy_copy__float32_float32
2454719879,89183,96438,1,1,1,32,32,1,30,0.000,0.000,,,,,NVIDIA A100-SXM4-40GB MIG 4g.20gb (0),1,,13,"void convert_kernel<__half2, float2>(tensor_layout_any, T1 *, tensor_layout_any, const T2 *)"
2454839045,13600,96441,,,,,,,,,,0.094,6889.373,Pinned,Device,NVIDIA A100-SXM4-40GB MIG 4g.20gb (0),1,,13,[CUDA memcpy Host-to-Device]
2454868453,3424,96442,,,,,,,,,,1.547,451700.819,Device,,NVIDIA A100-SXM4-40GB MIG 4g.20gb (0),1,,13,[CUDA memset]
2454878213,5344,96447,,,,,,,,,,0.031,5856.264,Pinned,Device,NVIDIA A100-SXM4-40GB MIG 4g.20gb (0),1,,13,[CUDA memcpy Host-to-Device]
2454890405,14463,96448,,,,,,,,,,0.197,13593.674,Pinned,Device,NVIDIA A100-SXM4-40GB MIG 4g.20gb (0),1,,13,[CUDA memcpy Host-to-Device]
2454913988,8064,96449,273,1,1,8,4,1,39,0.002,0.000,,,,,NVIDIA A100-SXM4-40GB MIG 4g.20gb (0),1,,13,"void channel_eq::eqMmseCoefCompLowMimoKernel<float, float, float, (unsigned int)4, (unsigned int)1, (unsigned int)4>(const channel_eq::_puschRxChEqStatDescr *, channel_eq::_puschRxChEqCoefCompDynDescr)"
2454928228,7808,96450,273,1,1,12,11,1,51,0.002,0.000,,,,,NVIDIA A100-SXM4-40GB MIG 4g.20gb (0),1,,13,"void channel_eq::eqMmseSoftDemapKernel<float, __half, __half, float, (unsigned int)4, (unsigned short)16383>(channel_eq::_puschRxChEqStatDescr *, channel_eq::_puschRxChEqSoftDemapDynDescr)"
2454941412,290300,96451,1,1,1,32,32,1,30,0.000,0.000,,,,,NVIDIA A100-SXM4-40GB MIG 4g.20gb (0),1,,13,"void convert_kernel<float2, __half2>(tensor_layout_any, T1 *, tensor_layout_any, const T2 *)"
2455234336,10560,96463,2253,1,1,128,1,1,16,0.000,0.000,,,,,NVIDIA A100-SXM4-40GB MIG 4g.20gb (0),1,,13,cupy_copy__float16_float16
2455247648,3072,96472,282,1,1,128,1,1,16,0.000,0.000,,,,,NVIDIA A100-SXM4-40GB MIG 4g.20gb (0),1,,13,cupy_copy__complex64_complex64
2455251872,2016,96481,26,1,1,128,1,1,16,0.000,0.000,,,,,NVIDIA A100-SXM4-40GB MIG 4g.20gb (0),1,,13,cupy_copy__float32_float32
2455257568,2784,96490,103,1,1,128,1,1,16,0.000,0.000,,,,,NVIDIA A100-SXM4-40GB MIG 4g.20gb (0),1,,13,cupy_copy__complex64_complex64
2455261440,12224,96500,1434,1,1,128,1,1,16,0.000,0.000,,,,,NVIDIA A100-SXM4-40GB MIG 4g.20gb (0),1,,13,cupy_copy__complex64_complex64
2455276000,81983,96505,1,1,1,32,32,1,30,0.000,0.000,,,,,NVIDIA A100-SXM4-40GB MIG 4g.20gb (0),1,,13,"void convert_kernel<__half2, float2>(tensor_layout_any, T1 *, tensor_layout_any, const T2 *)"
2455385022,5696,96508,,,,,,,,,,0.094,16449.363,Pinned,Device,NVIDIA A100-SXM4-40GB MIG 4g.20gb (0),1,,13,[CUDA memcpy Host-to-Device]
2455395038,603001,96509,,,,,,,,,,456.561,756978.868,Device,,NVIDIA A100-SXM4-40GB MIG 4g.20gb (0),1,,13,[CUDA memset]
2456003031,74655,96514,,,,,,,,,,1.235,16540.840,Pinned,Device,NVIDIA A100-SXM4-40GB MIG 4g.20gb (0),1,,13,[CUDA memcpy Host-to-Device]
2456084502,17312,96515,,,,,,,,,,0.197,11356.668,Pinned,Device,NVIDIA A100-SXM4-40GB MIG 4g.20gb (0),1,,13,[CUDA memcpy Host-to-Device]
2456115605,8512,96516,69,4,1,48,1,1,76,0.002,0.000,,,,,NVIDIA A100-SXM4-40GB MIG 4g.20gb (0),1,,13,"void ch_est::windowedChEstPreNoDftSOfdmKernel<float, __half, float, (unsigned int)2, (unsigned int)1, (unsigned short)4>(ch_est::puschRxChEstStatDescr_t *, ch_est::puschRxChEstDynDescr_t *)"
2456132117,6720,96517,137,2,1,24,2,1,44,0.001,0.001,,,,,NVIDIA A100-SXM4-40GB MIG 4g.20gb (0),1,,13,"void ch_est::chEstFilterNoDftSOfdmDispatchKernel<float, __half, float, (unsigned int)2>(ch_est::puschRxChEstStatDescr_t *, ch_est::puschRxChEstDynDescr_t *)"
2456142421,5088,96518,137,2,1,24,2,1,44,0.001,0.001,,,,,NVIDIA A100-SXM4-40GB MIG 4g.20gb (0),1,,13,"void ch_est::chEstFilterNoDftSOfdmDispatchKernel<float, __half, float, (unsigned int)2>(ch_est::puschRxChEstStatDescr_t *, ch_est::puschRxChEstDynDescr_t *)"
2456150197,3136,96529,103,1,1,128,1,1,16,0.000,0.000,,,,,NVIDIA A100-SXM4-40GB MIG 4g.20gb (0),1,,13,cupy_copy__complex64_complex64
2456157877,12928,96539,1434,1,1,128,1,1,16,0.000,0.000,,,,,NVIDIA A100-SXM4-40GB MIG 4g.20gb (0),1,,13,cupy_copy__complex64_complex64
2456173269,2848,96546,103,1,1,128,1,1,16,0.000,0.000,,,,,NVIDIA A100-SXM4-40GB MIG 4g.20gb (0),1,,13,cupy_copy__complex64_complex64
2456181845,90526,96553,1,1,1,32,32,1,30,0.000,0.000,,,,,NVIDIA A100-SXM4-40GB MIG 4g.20gb (0),1,,13,"void convert_kernel<__half2, float2>(tensor_layout_any, T1 *, tensor_layout_any, const T2 *)"
2456299315,10848,96556,,,,,,,,,,0.094,8637.085,Pinned,Device,NVIDIA A100-SXM4-40GB MIG 4g.20gb (0),1,,13,[CUDA memcpy Host-to-Device]
2456314771,47615,96557,,,,,,,,,,35.810,752044.130,Device,,NVIDIA A100-SXM4-40GB MIG 4g.20gb (0),1,,13,[CUDA memset]
2456368146,6048,96559,,,,,,,,,,0.000,13.227,Pinned,Device,NVIDIA A100-SXM4-40GB MIG 4g.20gb (0),1,,13,[CUDA memcpy Host-to-Device]
2456379954,14016,96560,,,,,,,,,,0.197,14027.391,Pinned,Device,NVIDIA A100-SXM4-40GB MIG 4g.20gb (0),1,,13,[CUDA memcpy Host-to-Device]
2456403666,10080,96561,273,1,1,48,1,1,40,0.000,0.001,,,,,NVIDIA A100-SXM4-40GB MIG 4g.20gb (0),1,,13,"void pusch_noise_intf_est::noiseIntfEstNoDftSOfdmKernel<float, __half, float, float, (unsigned int)2, (unsigned int)1, (unsigned char)4, (unsigned char)4>(pusch_noise_intf_est::puschRxNoiseIntfEstDynDescr)"
2456416370,2752,96572,35,1,1,128,1,1,16,0.000,0.000,,,,,NVIDIA A100-SXM4-40GB MIG 4g.20gb (0),1,,13,cupy_copy__complex64_complex64
2456423858,1888,96581,1,1,1,1,1,1,18,0.000,0.000,,,,,NVIDIA A100-SXM4-40GB MIG 4g.20gb (0),1,,13,cupy_copy__float32_float32
2456452337,1888,96587,,,,,,,,,,0.000,2.119,Device,Pageable,NVIDIA A100-SXM4-40GB MIG 4g.20gb (0),1,,7,[CUDA memcpy Device-to-Host]
2456512145,12703,96598,1434,1,1,128,1,1,16,0.000,0.000,,,,,NVIDIA A100-SXM4-40GB MIG 4g.20gb (0),1,,13,cupy_copy__complex64_complex64
2456540528,2688,96605,103,1,1,128,1,1,16,0.000,0.000,,,,,NVIDIA A100-SXM4-40GB MIG 4g.20gb (0),1,,13,cupy_copy__complex64_complex64
2456559792,2272,96612,35,1,1,128,1,1,16,0.000,0.000,,,,,NVIDIA A100-SXM4-40GB MIG 4g.20gb (0),1,,13,cupy_copy__complex64_complex64
2456578000,1760,96619,1,1,1,1,1,1,18,0.000,0.000,,,,,NVIDIA A100-SXM4-40GB MIG 4g.20gb (0),1,,13,cupy_copy__float32_float32
2456710414,87263,96630,1,1,1,32,32,1,30,0.000,0.000,,,,,NVIDIA A100-SXM4-40GB MIG 4g.20gb (0),1,,13,"void convert_kernel<__half2, float2>(tensor_layout_any, T1 *, tensor_layout_any, const T2 *)"
2456825101,5536,96633,,,,,,,,,,0.094,16924.777,Pinned,Device,NVIDIA A100-SXM4-40GB MIG 4g.20gb (0),1,,13,[CUDA memcpy Host-to-Device]
2456838892,3232,96634,,,,,,,,,,1.547,478533.199,Device,,NVIDIA A100-SXM4-40GB MIG 4g.20gb (0),1,,13,[CUDA memset]
2456845772,3040,96639,,,,,,,,,,0.031,10294.725,Pinned,Device,NVIDIA A100-SXM4-40GB MIG 4g.20gb (0),1,,13,[CUDA memcpy Host-to-Device]
2456851436,10336,96640,,,,,,,,,,0.197,19021.627,Pinned,Device,NVIDIA A100-SXM4-40GB MIG 4g.20gb (0),1,,13,[CUDA memcpy Host-to-Device]
2456867436,8160,96641,273,1,1,8,4,1,39,0.002,0.000,,,,,NVIDIA A100-SXM4-40GB MIG 4g.20gb (0),1,,13,"void channel_eq::eqMmseCoefCompLowMimoKernel<float, float, float, (unsigned int)4, (unsigned int)1, (unsigned int)4>(const channel_eq::_puschRxChEqStatDescr *, channel_eq::_puschRxChEqCoefCompDynDescr)"
2456876908,5728,96642,273,1,1,12,11,1,51,0.002,0.000,,,,,NVIDIA A100-SXM4-40GB MIG 4g.20gb (0),1,,13,"void channel_eq::eqMmseSoftDemapKernel<float, __half, __half, float, (unsigned int)4, (unsigned short)16383>(channel_eq::_puschRxChEqStatDescr *, channel_eq::_puschRxChEqSoftDemapDynDescr)"
2456883724,282012,96643,1,1,1,32,32,1,30,0.000,0.000,,,,,NVIDIA A100-SXM4-40GB MIG 4g.20gb (0),1,,13,"void convert_kernel<float2, __half2>(tensor_layout_any, T1 *, tensor_layout_any, const T2 *)"
2457166792,10976,96655,2253,1,1,128,1,1,16,0.000,0.000,,,,,NVIDIA A100-SXM4-40GB MIG 4g.20gb (0),1,,13,cupy_copy__float16_float16
2457179848,3200,96664,282,1,1,128,1,1,16,0.000,0.000,,,,,NVIDIA A100-SXM4-40GB MIG 4g.20gb (0),1,,13,cupy_copy__complex64_complex64
2457186024,2144,96673,26,1,1,128,1,1,16,0.000,0.000,,,,,NVIDIA A100-SXM4-40GB MIG 4g.20gb (0),1,,13,cupy_copy__float32_float32
2457189992,4384,96682,103,1,1,128,1,1,16,0.000,0.000,,,,,NVIDIA A100-SXM4-40GB MIG 4g.20gb (0),1,,13,cupy_copy__complex64_complex64
2457195464,12096,96692,1434,1,1,128,1,1,16,0.000,0.000,,,,,NVIDIA A100-SXM4-40GB MIG 4g.20gb (0),1,,13,cupy_copy__complex64_complex64
2457216680,87295,96697,1,1,1,32,32,1,30,0.000,0.000,,,,,NVIDIA A100-SXM4-40GB MIG 4g.20gb (0),1,,13,"void convert_kernel<__half2, float2>(tensor_layout_any, T1 *, tensor_layout_any, const T2 *)"
2457331110,6112,96700,,,,,,,,,,0.094,15329.790,Pinned,Device,NVIDIA A100-SXM4-40GB MIG 4g.20gb (0),1,,13,[CUDA memcpy Host-to-Device]
2457341158,596633,96701,,,,,,,,,,456.561,765196.973,Device,,NVIDIA A100-SXM4-40GB MIG 4g.20gb (0),1,,13,[CUDA memset]
2457944351,141374,96706,,,,,,,,,,1.235,8734.759,Pinned,Device,NVIDIA A100-SXM4-40GB MIG 4g.20gb (0),1,,13,[CUDA memcpy Host-to-Device]
2458098589,39135,96707,,,,,,,,,,0.197,5023.728,Pinned,Device,NVIDIA A100-SXM4-40GB MIG 4g.20gb (0),1,,13,[CUDA memcpy Host-to-Device]
2458151036,7680,96708,69,4,1,48,1,1,76,0.002,0.000,,,,,NVIDIA A100-SXM4-40GB MIG 4g.20gb (0),1,,13,"void ch_est::windowedChEstPreNoDftSOfdmKernel<float, __half, float, (unsigned int)2, (unsigned int)1, (unsigned short)4>(ch_est::puschRxChEstStatDescr_t *, ch_est::puschRxChEstDynDescr_t *)"
2458166076,6752,96709,137,2,1,24,2,1,44,0.001,0.001,,,,,NVIDIA A100-SXM4-40GB MIG 4g.20gb (0),1,,13,"void ch_est::chEstFilterNoDftSOfdmDispatchKernel<float, __half, float, (unsigned int)2>(ch_est::puschRxChEstStatDescr_t *, ch_est::puschRxChEstDynDescr_t *)"
2458176124,4928,96710,137,2,1,24,2,1,44,0.001,0.001,,,,,NVIDIA A100-SXM4-40GB MIG 4g.20gb (0),1,,13,"void ch_est::chEstFilterNoDftSOfdmDispatchKernel<float, __half, float, (unsigned int)2>(ch_est::puschRxChEstStatDescr_t *, ch_est::puschRxChEstDynDescr_t *)"
2458188860,2592,96721,103,1,1,128,1,1,16,0.000,0.000,,,,,NVIDIA A100-SXM4-40GB MIG 4g.20gb (0),1,,13,cupy_copy__complex64_complex64
2458197756,12896,96731,1434,1,1,128,1,1,16,0.000,0.000,,,,,NVIDIA A100-SXM4-40GB MIG 4g.20gb (0),1,,13,cupy_copy__complex64_complex64
2458214523,2816,96738,103,1,1,128,1,1,16,0.000,0.000,,,,,NVIDIA A100-SXM4-40GB MIG 4g.20gb (0),1,,13,cupy_copy__complex64_complex64
2458223483,85951,96745,1,1,1,32,32,1,30,0.000,0.000,,,,,NVIDIA A100-SXM4-40GB MIG 4g.20gb (0),1,,13,"void convert_kernel<__half2, float2>(tensor_layout_any, T1 *, tensor_layout_any, const T2 *)"
2458338906,9472,96748,,,,,,,,,,0.094,9891.862,Pinned,Device,NVIDIA A100-SXM4-40GB MIG 4g.20gb (0),1,,13,[CUDA memcpy Host-to-Device]
2458358906,47935,96749,,,,,,,,,,35.810,747030.741,Device,,NVIDIA A100-SXM4-40GB MIG 4g.20gb (0),1,,13,[CUDA memset]
2458408569,9376,96751,,,,,,,,,,0.000,8.532,Pinned,Device,NVIDIA A100-SXM4-40GB MIG 4g.20gb (0),1,,13,[CUDA memcpy Host-to-Device]
2458421433,21504,96752,,,,,,,,,,0.197,9142.665,Pinned,Device,NVIDIA A100-SXM4-40GB MIG 4g.20gb (0),1,,13,[CUDA memcpy Host-to-Device]
2458453337,9823,96753,273,1,1,48,1,1,40,0.000,0.001,,,,,NVIDIA A100-SXM4-40GB MIG 4g.20gb (0),1,,13,"void pusch_noise_intf_est::noiseIntfEstNoDftSOfdmKernel<float, __half, float, float, (unsigned int)2, (unsigned int)1, (unsigned char)4, (unsigned char)4>(pusch_noise_intf_est::puschRxNoiseIntfEstDynDescr)"
2458473400,2784,96764,35,1,1,128,1,1,16,0.000,0.000,,,,,NVIDIA A100-SXM4-40GB MIG 4g.20gb (0),1,,13,cupy_copy__complex64_complex64
2458483928,1696,96773,1,1,1,1,1,1,18,0.000,0.000,,,,,NVIDIA A100-SXM4-40GB MIG 4g.20gb (0),1,,13,cupy_copy__float32_float32
2458490392,6144,96779,,,,,,,,,,0.000,0.651,Device,Pageable,NVIDIA A100-SXM4-40GB MIG 4g.20gb (0),1,,7,[CUDA memcpy Device-to-Host]
2458572535,13024,96790,1434,1,1,128,1,1,16,0.000,0.000,,,,,NVIDIA A100-SXM4-40GB MIG 4g.20gb (0),1,,13,cupy_copy__complex64_complex64
2458604119,2912,96797,103,1,1,128,1,1,16,0.000,0.000,,,,,NVIDIA A100-SXM4-40GB MIG 4g.20gb (0),1,,13,cupy_copy__complex64_complex64
2458617206,2528,96804,35,1,1,128,1,1,16,0.000,0.000,,,,,NVIDIA A100-SXM4-40GB MIG 4g.20gb (0),1,,13,cupy_copy__complex64_complex64
2458636150,1792,96811,1,1,1,1,1,1,18,0.000,0.000,,,,,NVIDIA A100-SXM4-40GB MIG 4g.20gb (0),1,,13,cupy_copy__float32_float32
2458759157,87199,96822,1,1,1,32,32,1,30,0.000,0.000,,,,,NVIDIA A100-SXM4-40GB MIG 4g.20gb (0),1,,13,"void convert_kernel<__half2, float2>(tensor_layout_any, T1 *, tensor_layout_any, const T2 *)"
2458875539,5760,96825,,,,,,,,,,0.094,16266.656,Pinned,Device,NVIDIA A100-SXM4-40GB MIG 4g.20gb (0),1,,13,[CUDA memcpy Host-to-Device]
2458890739,3040,96826,,,,,,,,,,1.547,508757.325,Device,,NVIDIA A100-SXM4-40GB MIG 4g.20gb (0),1,,13,[CUDA memset]
2458898707,3296,96831,,,,,,,,,,0.031,9495.144,Pinned,Device,NVIDIA A100-SXM4-40GB MIG 4g.20gb (0),1,,13,[CUDA memcpy Host-to-Device]
2458904115,10048,96832,,,,,,,,,,0.197,19566.821,Pinned,Device,NVIDIA A100-SXM4-40GB MIG 4g.20gb (0),1,,13,[CUDA memcpy Host-to-Device]
2458919155,6432,96833,273,1,1,8,4,1,39,0.002,0.000,,,,,NVIDIA A100-SXM4-40GB MIG 4g.20gb (0),1,,13,"void channel_eq::eqMmseCoefCompLowMimoKernel<float, float, float, (unsigned int)4, (unsigned int)1, (unsigned int)4>(const channel_eq::_puschRxChEqStatDescr *, channel_eq::_puschRxChEqCoefCompDynDescr)"
2458926739,5984,96834,273,1,1,12,11,1,51,0.002,0.000,,,,,NVIDIA A100-SXM4-40GB MIG 4g.20gb (0),1,,13,"void channel_eq::eqMmseSoftDemapKernel<float, __half, __half, float, (unsigned int)4, (unsigned short)16383>(channel_eq::_puschRxChEqStatDescr *, channel_eq::_puschRxChEqSoftDemapDynDescr)"
2458933683,282940,96835,1,1,1,32,32,1,30,0.000,0.000,,,,,NVIDIA A100-SXM4-40GB MIG 4g.20gb (0),1,,13,"void convert_kernel<float2, __half2>(tensor_layout_any, T1 *, tensor_layout_any, const T2 *)"
2459220303,10944,96847,2253,1,1,128,1,1,16,0.000,0.000,,,,,NVIDIA A100-SXM4-40GB MIG 4g.20gb (0),1,,13,cupy_copy__float16_float16
2459233135,3712,96856,282,1,1,128,1,1,16,0.000,0.000,,,,,NVIDIA A100-SXM4-40GB MIG 4g.20gb (0),1,,13,cupy_copy__complex64_complex64
2459240591,2944,96865,26,1,1,128,1,1,16,0.000,0.000,,,,,NVIDIA A100-SXM4-40GB MIG 4g.20gb (0),1,,13,cupy_copy__float32_float32
2459245903,4128,96874,103,1,1,128,1,1,16,0.000,0.000,,,,,NVIDIA A100-SXM4-40GB MIG 4g.20gb (0),1,,13,cupy_copy__complex64_complex64
2459253231,11967,96884,1434,1,1,128,1,1,16,0.000,0.000,,,,,NVIDIA A100-SXM4-40GB MIG 4g.20gb (0),1,,13,cupy_copy__complex64_complex64
2459270094,82079,96889,1,1,1,32,32,1,30,0.000,0.000,,,,,NVIDIA A100-SXM4-40GB MIG 4g.20gb (0),1,,13,"void convert_kernel<__half2, float2>(tensor_layout_any, T1 *, tensor_layout_any, const T2 *)"
2459379245,5568,96892,,,,,,,,,,0.094,16827.521,Pinned,Device,NVIDIA A100-SXM4-40GB MIG 4g.20gb (0),1,,13,[CUDA memcpy Host-to-Device]
2459389965,598393,96893,,,,,,,,,,456.561,762914.166,Device,,NVIDIA A100-SXM4-40GB MIG 4g.20gb (0),1,,13,[CUDA memset]
2459996421,139775,96898,,,,,,,,,,1.235,8834.789,Pinned,Device,NVIDIA A100-SXM4-40GB MIG 4g.20gb (0),1,,13,[CUDA memcpy Host-to-Device]
2460145796,31487,96899,,,,,,,,,,0.197,6244.073,Pinned,Device,NVIDIA A100-SXM4-40GB MIG 4g.20gb (0),1,,13,[CUDA memcpy Host-to-Device]
2460200771,8064,96900,69,4,1,48,1,1,76,0.002,0.000,,,,,NVIDIA A100-SXM4-40GB MIG 4g.20gb (0),1,,13,"void ch_est::windowedChEstPreNoDftSOfdmKernel<float, __half, float, (unsigned int)2, (unsigned int)1, (unsigned short)4>(ch_est::puschRxChEstStatDescr_t *, ch_est::puschRxChEstDynDescr_t *)"
2460227331,6719,96901,137,2,1,24,2,1,44,0.001,0.001,,,,,NVIDIA A100-SXM4-40GB MIG 4g.20gb (0),1,,13,"void ch_est::chEstFilterNoDftSOfdmDispatchKernel<float, __half, float, (unsigned int)2>(ch_est::puschRxChEstStatDescr_t *, ch_est::puschRxChEstDynDescr_t *)"
2460244002,4736,96902,137,2,1,24,2,1,44,0.001,0.001,,,,,NVIDIA A100-SXM4-40GB MIG 4g.20gb (0),1,,13,"void ch_est::chEstFilterNoDftSOfdmDispatchKernel<float, __half, float, (unsigned int)2>(ch_est::puschRxChEstStatDescr_t *, ch_est::puschRxChEstDynDescr_t *)"
2460260514,2528,96913,103,1,1,128,1,1,16,0.000,0.000,,,,,NVIDIA A100-SXM4-40GB MIG 4g.20gb (0),1,,13,cupy_copy__complex64_complex64
2460279234,12800,96923,1434,1,1,128,1,1,16,0.000,0.000,,,,,NVIDIA A100-SXM4-40GB MIG 4g.20gb (0),1,,13,cupy_copy__complex64_complex64
2460314561,2528,96930,103,1,1,128,1,1,16,0.000,0.000,,,,,NVIDIA A100-SXM4-40GB MIG 4g.20gb (0),1,,13,cupy_copy__complex64_complex64
2460332609,89791,96937,1,1,1,32,32,1,30,0.000,0.000,,,,,NVIDIA A100-SXM4-40GB MIG 4g.20gb (0),1,,13,"void convert_kernel<__half2, float2>(tensor_layout_any, T1 *, tensor_layout_any, const T2 *)"
2460450656,10272,96940,,,,,,,,,,0.094,9121.493,Pinned,Device,NVIDIA A100-SXM4-40GB MIG 4g.20gb (0),1,,13,[CUDA memcpy Host-to-Device]
2460467872,47999,96941,,,,,,,,,,35.810,746028.063,Device,,NVIDIA A100-SXM4-40GB MIG 4g.20gb (0),1,,13,[CUDA memset]
2460519711,4640,96943,,,,,,,,,,0.000,17.241,Pinned,Device,NVIDIA A100-SXM4-40GB MIG 4g.20gb (0),1,,13,[CUDA memcpy Host-to-Device]
2460527839,15296,96944,,,,,,,,,,0.197,12853.445,Pinned,Device,NVIDIA A100-SXM4-40GB MIG 4g.20gb (0),1,,13,[CUDA memcpy Host-to-Device]
2460550815,13247,96945,273,1,1,48,1,1,40,0.000,0.001,,,,,NVIDIA A100-SXM4-40GB MIG 4g.20gb (0),1,,13,"void pusch_noise_intf_est::noiseIntfEstNoDftSOfdmKernel<float, __half, float, float, (unsigned int)2, (unsigned int)1, (unsigned char)4, (unsigned char)4>(pusch_noise_intf_est::puschRxNoiseIntfEstDynDescr)"
2460569918,2912,96956,35,1,1,128,1,1,16,0.000,0.000,,,,,NVIDIA A100-SXM4-40GB MIG 4g.20gb (0),1,,13,cupy_copy__complex64_complex64
2460577246,2144,96965,1,1,1,1,1,1,18,0.000,0.000,,,,,NVIDIA A100-SXM4-40GB MIG 4g.20gb (0),1,,13,cupy_copy__float32_float32
2460602174,4448,96971,,,,,,,,,,0.000,0.899,Device,Pageable,NVIDIA A100-SXM4-40GB MIG 4g.20gb (0),1,,7,[CUDA memcpy Device-to-Host]
2460670045,13248,96982,1434,1,1,128,1,1,16,0.000,0.000,,,,,NVIDIA A100-SXM4-40GB MIG 4g.20gb (0),1,,13,cupy_copy__complex64_complex64
2460696925,2784,96989,103,1,1,128,1,1,16,0.000,0.000,,,,,NVIDIA A100-SXM4-40GB MIG 4g.20gb (0),1,,13,cupy_copy__complex64_complex64
2460715645,2720,96996,35,1,1,128,1,1,16,0.000,0.000,,,,,NVIDIA A100-SXM4-40GB MIG 4g.20gb (0),1,,13,cupy_copy__complex64_complex64
2460732188,1984,97003,1,1,1,1,1,1,18,0.000,0.000,,,,,NVIDIA A100-SXM4-40GB MIG 4g.20gb (0),1,,13,cupy_copy__float32_float32
2460862619,82591,97014,1,1,1,32,32,1,30,0.000,0.000,,,,,NVIDIA A100-SXM4-40GB MIG 4g.20gb (0),1,,13,"void convert_kernel<__half2, float2>(tensor_layout_any, T1 *, tensor_layout_any, const T2 *)"
2460972313,5440,97017,,,,,,,,,,0.094,17223.480,Pinned,Device,NVIDIA A100-SXM4-40GB MIG 4g.20gb (0),1,,13,[CUDA memcpy Host-to-Device]
2460989785,3392,97018,,,,,,,,,,1.547,455961.768,Device,,NVIDIA A100-SXM4-40GB MIG 4g.20gb (0),1,,13,[CUDA memset]
2460996761,3264,97023,,,,,,,,,,0.031,9588.218,Pinned,Device,NVIDIA A100-SXM4-40GB MIG 4g.20gb (0),1,,13,[CUDA memcpy Host-to-Device]
2461002937,9440,97024,,,,,,,,,,0.197,20827.079,Pinned,Device,NVIDIA A100-SXM4-40GB MIG 4g.20gb (0),1,,13,[CUDA memcpy Host-to-Device]
2461017785,6592,97025,273,1,1,8,4,1,39,0.002,0.000,,,,,NVIDIA A100-SXM4-40GB MIG 4g.20gb (0),1,,13,"void channel_eq::eqMmseCoefCompLowMimoKernel<float, float, float, (unsigned int)4, (unsigned int)1, (unsigned int)4>(const channel_eq::_puschRxChEqStatDescr *, channel_eq::_puschRxChEqCoefCompDynDescr)"
2461026873,6240,97026,273,1,1,12,11,1,51,0.002,0.000,,,,,NVIDIA A100-SXM4-40GB MIG 4g.20gb (0),1,,13,"void channel_eq::eqMmseSoftDemapKernel<float, __half, __half, float, (unsigned int)4, (unsigned short)16383>(channel_eq::_puschRxChEqStatDescr *, channel_eq::_puschRxChEqSoftDemapDynDescr)"
2461034105,282844,97027,1,1,1,32,32,1,30,0.000,0.000,,,,,NVIDIA A100-SXM4-40GB MIG 4g.20gb (0),1,,13,"void convert_kernel<float2, __half2>(tensor_layout_any, T1 *, tensor_layout_any, const T2 *)"
2461317973,10944,97039,2253,1,1,128,1,1,16,0.000,0.000,,,,,NVIDIA A100-SXM4-40GB MIG 4g.20gb (0),1,,13,cupy_copy__float16_float16
2461332949,2720,97048,282,1,1,128,1,1,16,0.000,0.000,,,,,NVIDIA A100-SXM4-40GB MIG 4g.20gb (0),1,,13,cupy_copy__complex64_complex64
2461338837,2144,97057,26,1,1,128,1,1,16,0.000,0.000,,,,,NVIDIA A100-SXM4-40GB MIG 4g.20gb (0),1,,13,cupy_copy__float32_float32
2461343317,3200,97066,103,1,1,128,1,1,16,0.000,0.000,,,,,NVIDIA A100-SXM4-40GB MIG 4g.20gb (0),1,,13,cupy_copy__complex64_complex64
2461347541,11936,97076,1434,1,1,128,1,1,16,0.000,0.000,,,,,NVIDIA A100-SXM4-40GB MIG 4g.20gb (0),1,,13,cupy_copy__complex64_complex64
2461366260,82815,97081,1,1,1,32,32,1,30,0.000,0.000,,,,,NVIDIA A100-SXM4-40GB MIG 4g.20gb (0),1,,13,"void convert_kernel<__half2, float2>(tensor_layout_any, T1 *, tensor_layout_any, const T2 *)"
2461477011,5664,97084,,,,,,,,,,0.094,16542.310,Pinned,Device,NVIDIA A100-SXM4-40GB MIG 4g.20gb (0),1,,13,[CUDA memcpy Host-to-Device]
2461488115,597849,97085,,,,,,,,,,456.561,763370.728,Device,,NVIDIA A100-SXM4-40GB MIG 4g.20gb (0),1,,13,[CUDA memset]
2462093356,129726,97090,,,,,,,,,,1.235,9518.948,Pinned,Device,NVIDIA A100-SXM4-40GB MIG 4g.20gb (0),1,,13,[CUDA memcpy Host-to-Device]
2462235722,42783,97091,,,,,,,,,,0.197,4595.319,Pinned,Device,NVIDIA A100-SXM4-40GB MIG 4g.20gb (0),1,,13,[CUDA memcpy Host-to-Device]
2462304393,8256,97092,69,4,1,48,1,1,76,0.002,0.000,,,,,NVIDIA A100-SXM4-40GB MIG 4g.20gb (0),1,,13,"void ch_est::windowedChEstPreNoDftSOfdmKernel<float, __half, float, (unsigned int)2, (unsigned int)1, (unsigned short)4>(ch_est::puschRxChEstStatDescr_t *, ch_est::puschRxChEstDynDescr_t *)"
2462323625,7040,97093,137,2,1,24,2,1,44,0.001,0.001,,,,,NVIDIA A100-SXM4-40GB MIG 4g.20gb (0),1,,13,"void ch_est::chEstFilterNoDftSOfdmDispatchKernel<float, __half, float, (unsigned int)2>(ch_est::puschRxChEstStatDescr_t *, ch_est::puschRxChEstDynDescr_t *)"
2462340200,4768,97094,137,2,1,24,2,1,44,0.001,0.001,,,,,NVIDIA A100-SXM4-40GB MIG 4g.20gb (0),1,,13,"void ch_est::chEstFilterNoDftSOfdmDispatchKernel<float, __half, float, (unsigned int)2>(ch_est::puschRxChEstStatDescr_t *, ch_est::puschRxChEstDynDescr_t *)"
2462357352,2624,97105,103,1,1,128,1,1,16,0.000,0.000,,,,,NVIDIA A100-SXM4-40GB MIG 4g.20gb (0),1,,13,cupy_copy__complex64_complex64
2462373736,12288,97115,1434,1,1,128,1,1,16,0.000,0.000,,,,,NVIDIA A100-SXM4-40GB MIG 4g.20gb (0),1,,13,cupy_copy__complex64_complex64
2462397992,2560,97122,103,1,1,128,1,1,16,0.000,0.000,,,,,NVIDIA A100-SXM4-40GB MIG 4g.20gb (0),1,,13,cupy_copy__complex64_complex64
2462420295,93759,97129,1,1,1,32,32,1,30,0.000,0.000,,,,,NVIDIA A100-SXM4-40GB MIG 4g.20gb (0),1,,13,"void convert_kernel<__half2, float2>(tensor_layout_any, T1 *, tensor_layout_any, const T2 *)"
2462547078,17536,97132,,,,,,,,,,0.094,5343.014,Pinned,Device,NVIDIA A100-SXM4-40GB MIG 4g.20gb (0),1,,13,[CUDA memcpy Host-to-Device]
2462587749,48416,97133,,,,,,,,,,35.810,739618.088,Device,,NVIDIA A100-SXM4-40GB MIG 4g.20gb (0),1,,13,[CUDA memset]
2462641061,7904,97135,,,,,,,,,,0.000,10.121,Pinned,Device,NVIDIA A100-SXM4-40GB MIG 4g.20gb (0),1,,13,[CUDA memcpy Host-to-Device]
2462658245,41247,97136,,,,,,,,,,0.197,4766.564,Pinned,Device,NVIDIA A100-SXM4-40GB MIG 4g.20gb (0),1,,13,[CUDA memcpy Host-to-Device]
2462714756,9088,97137,273,1,1,48,1,1,40,0.000,0.001,,,,,NVIDIA A100-SXM4-40GB MIG 4g.20gb (0),1,,13,"void pusch_noise_intf_est::noiseIntfEstNoDftSOfdmKernel<float, __half, float, float, (unsigned int)2, (unsigned int)1, (unsigned char)4, (unsigned char)4>(pusch_noise_intf_est::puschRxNoiseIntfEstDynDescr)"
2462731108,2880,97148,35,1,1,128,1,1,16,0.000,0.000,,,,,NVIDIA A100-SXM4-40GB MIG 4g.20gb (0),1,,13,cupy_copy__complex64_complex64
2462747715,1664,97157,1,1,1,1,1,1,18,0.000,0.000,,,,,NVIDIA A100-SXM4-40GB MIG 4g.20gb (0),1,,13,cupy_copy__float32_float32
2462756771,6848,97163,,,,,,,,,,0.000,0.584,Device,Pageable,NVIDIA A100-SXM4-40GB MIG 4g.20gb (0),1,,7,[CUDA memcpy Device-to-Host]
2462845026,12704,97174,1434,1,1,128,1,1,16,0.000,0.000,,,,,NVIDIA A100-SXM4-40GB MIG 4g.20gb (0),1,,13,cupy_copy__complex64_complex64
2462876770,2880,97181,103,1,1,128,1,1,16,0.000,0.000,,,,,NVIDIA A100-SXM4-40GB MIG 4g.20gb (0),1,,13,cupy_copy__complex64_complex64
2462897762,2784,97188,35,1,1,128,1,1,16,0.000,0.000,,,,,NVIDIA A100-SXM4-40GB MIG 4g.20gb (0),1,,13,cupy_copy__complex64_complex64
2462921185,1888,97195,1,1,1,1,1,1,18,0.000,0.000,,,,,NVIDIA A100-SXM4-40GB MIG 4g.20gb (0),1,,13,cupy_copy__float32_float32
2463054240,86943,97206,1,1,1,32,32,1,30,0.000,0.000,,,,,NVIDIA A100-SXM4-40GB MIG 4g.20gb (0),1,,13,"void convert_kernel<__half2, float2>(tensor_layout_any, T1 *, tensor_layout_any, const T2 *)"
2463173214,9792,97209,,,,,,,,,,0.094,9568.610,Pinned,Device,NVIDIA A100-SXM4-40GB MIG 4g.20gb (0),1,,13,[CUDA memcpy Host-to-Device]
2463194142,3456,97210,,,,,,,,,,1.547,447517.201,Device,,NVIDIA A100-SXM4-40GB MIG 4g.20gb (0),1,,13,[CUDA memset]
2463201182,8480,97215,,,,,,,,,,0.031,3690.550,Pinned,Device,NVIDIA A100-SXM4-40GB MIG 4g.20gb (0),1,,13,[CUDA memcpy Host-to-Device]
2463216638,12895,97216,,,,,,,,,,0.197,15246.754,Pinned,Device,NVIDIA A100-SXM4-40GB MIG 4g.20gb (0),1,,13,[CUDA memcpy Host-to-Device]
2463241629,6272,97217,273,1,1,8,4,1,39,0.002,0.000,,,,,NVIDIA A100-SXM4-40GB MIG 4g.20gb (0),1,,13,"void channel_eq::eqMmseCoefCompLowMimoKernel<float, float, float, (unsigned int)4, (unsigned int)1, (unsigned int)4>(const channel_eq::_puschRxChEqStatDescr *, channel_eq::_puschRxChEqCoefCompDynDescr)"
2463250301,8064,97218,273,1,1,12,11,1,51,0.002,0.000,,,,,NVIDIA A100-SXM4-40GB MIG 4g.20gb (0),1,,13,"void channel_eq::eqMmseSoftDemapKernel<float, __half, __half, float, (unsigned int)4, (unsigned short)16383>(channel_eq::_puschRxChEqStatDescr *, channel_eq::_puschRxChEqSoftDemapDynDescr)"
2463265821,283997,97219,1,1,1,32,32,1,30,0.000,0.000,,,,,NVIDIA A100-SXM4-40GB MIG 4g.20gb (0),1,,13,"void convert_kernel<float2, __half2>(tensor_layout_any, T1 *, tensor_layout_any, const T2 *)"
2463552441,11104,97231,2253,1,1,128,1,1,16,0.000,0.000,,,,,NVIDIA A100-SXM4-40GB MIG 4g.20gb (0),1,,13,cupy_copy__float16_float16
2463566393,3648,97240,282,1,1,128,1,1,16,0.000,0.000,,,,,NVIDIA A100-SXM4-40GB MIG 4g.20gb (0),1,,13,cupy_copy__complex64_complex64
2463574521,2080,97249,26,1,1,128,1,1,16,0.000,0.000,,,,,NVIDIA A100-SXM4-40GB MIG 4g.20gb (0),1,,13,cupy_copy__float32_float32
2463578009,4768,97258,103,1,1,128,1,1,16,0.000,0.000,,,,,NVIDIA A100-SXM4-40GB MIG 4g.20gb (0),1,,13,cupy_copy__complex64_complex64
2463584089,12288,97268,1434,1,1,128,1,1,16,0.000,0.000,,,,,NVIDIA A100-SXM4-40GB MIG 4g.20gb (0),1,,13,cupy_copy__complex64_complex64
2463599929,87199,97273,1,1,1,32,32,1,30,0.000,0.000,,,,,NVIDIA A100-SXM4-40GB MIG 4g.20gb (0),1,,13,"void convert_kernel<__half2, float2>(tensor_layout_any, T1 *, tensor_layout_any, const T2 *)"
2463713943,5632,97276,,,,,,,,,,0.094,16636.287,Pinned,Device,NVIDIA A100-SXM4-40GB MIG 4g.20gb (0),1,,13,[CUDA memcpy Host-to-Device]
2463723959,601817,97277,,,,,,,,,,456.561,758348.552,Device,,NVIDIA A100-SXM4-40GB MIG 4g.20gb (0),1,,13,[CUDA memset]
2464333232,142878,97282,,,,,,,,,,1.235,8642.138,Pinned,Device,NVIDIA A100-SXM4-40GB MIG 4g.20gb (0),1,,13,[CUDA memcpy Host-to-Device]
2464488334,40703,97283,,,,,,,,,,0.197,4830.265,Pinned,Device,NVIDIA A100-SXM4-40GB MIG 4g.20gb (0),1,,13,[CUDA memcpy Host-to-Device]
2464562605,8448,97284,69,4,1,48,1,1,76,0.002,0.000,,,,,NVIDIA A100-SXM4-40GB MIG 4g.20gb (0),1,,13,"void ch_est::windowedChEstPreNoDftSOfdmKernel<float, __half, float, (unsigned int)2, (unsigned int)1, (unsigned short)4>(ch_est::puschRxChEstStatDescr_t *, ch_est::puschRxChEstDynDescr_t *)"
2464581805,6848,97285,137,2,1,24,2,1,44,0.001,0.001,,,,,NVIDIA A100-SXM4-40GB MIG 4g.20gb (0),1,,13,"void ch_est::chEstFilterNoDftSOfdmDispatchKernel<float, __half, float, (unsigned int)2>(ch_est::puschRxChEstStatDescr_t *, ch_est::puschRxChEstDynDescr_t *)"
2464600141,4735,97286,137,2,1,24,2,1,44,0.001,0.001,,,,,NVIDIA A100-SXM4-40GB MIG 4g.20gb (0),1,,13,"void ch_est::chEstFilterNoDftSOfdmDispatchKernel<float, __half, float, (unsigned int)2>(ch_est::puschRxChEstStatDescr_t *, ch_est::puschRxChEstDynDescr_t *)"
2464617548,2496,97297,103,1,1,128,1,1,16,0.000,0.000,,,,,NVIDIA A100-SXM4-40GB MIG 4g.20gb (0),1,,13,cupy_copy__complex64_complex64
2464635660,12320,97307,1434,1,1,128,1,1,16,0.000,0.000,,,,,NVIDIA A100-SXM4-40GB MIG 4g.20gb (0),1,,13,cupy_copy__complex64_complex64
2464655148,2912,97314,103,1,1,128,1,1,16,0.000,0.000,,,,,NVIDIA A100-SXM4-40GB MIG 4g.20gb (0),1,,13,cupy_copy__complex64_complex64
2464680236,83422,97321,1,1,1,32,32,1,30,0.000,0.000,,,,,NVIDIA A100-SXM4-40GB MIG 4g.20gb (0),1,,13,"void convert_kernel<__half2, float2>(tensor_layout_any, T1 *, tensor_layout_any, const T2 *)"
2464798602,23616,97324,,,,,,,,,,0.094,3967.463,Pinned,Device,NVIDIA A100-SXM4-40GB MIG 4g.20gb (0),1,,13,[CUDA memcpy Host-to-Device]
2464837930,46879,97325,,,,,,,,,,35.810,763861.404,Device,,NVIDIA A100-SXM4-40GB MIG 4g.20gb (0),1,,13,[CUDA memset]
2464889961,9152,97327,,,,,,,,,,0.000,8.741,Pinned,Device,NVIDIA A100-SXM4-40GB MIG 4g.20gb (0),1,,13,[CUDA memcpy Host-to-Device]
2464908361,25247,97328,,,,,,,,,,0.197,7787.250,Pinned,Device,NVIDIA A100-SXM4-40GB MIG 4g.20gb (0),1,,13,[CUDA memcpy Host-to-Device]
2464959304,9600,97329,273,1,1,48,1,1,40,0.000,0.001,,,,,NVIDIA A100-SXM4-40GB MIG 4g.20gb (0),1,,13,"void pusch_noise_intf_est::noiseIntfEstNoDftSOfdmKernel<float, __half, float, float, (unsigned int)2, (unsigned int)1, (unsigned char)4, (unsigned char)4>(pusch_noise_intf_est::puschRxNoiseIntfEstDynDescr)"
2464978408,2752,97340,35,1,1,128,1,1,16,0.000,0.000,,,,,NVIDIA A100-SXM4-40GB MIG 4g.20gb (0),1,,13,cupy_copy__complex64_complex64
2464994280,1728,97349,1,1,1,1,1,1,18,0.000,0.000,,,,,NVIDIA A100-SXM4-40GB MIG 4g.20gb (0),1,,13,cupy_copy__float32_float32
2464999624,6432,97355,,,,,,,,,,0.000,0.622,Device,Pageable,NVIDIA A100-SXM4-40GB MIG 4g.20gb (0),1,,7,[CUDA memcpy Device-to-Host]
2465093190,12640,97366,1434,1,1,128,1,1,16,0.000,0.000,,,,,NVIDIA A100-SXM4-40GB MIG 4g.20gb (0),1,,13,cupy_copy__complex64_complex64
2465115910,3392,97373,103,1,1,128,1,1,16,0.000,0.000,,,,,NVIDIA A100-SXM4-40GB MIG 4g.20gb (0),1,,13,cupy_copy__complex64_complex64
2465139366,2400,97380,35,1,1,128,1,1,16,0.000,0.000,,,,,NVIDIA A100-SXM4-40GB MIG 4g.20gb (0),1,,13,cupy_copy__complex64_complex64
2465155430,1792,97387,1,1,1,1,1,1,18,0.000,0.000,,,,,NVIDIA A100-SXM4-40GB MIG 4g.20gb (0),1,,13,cupy_copy__float32_float32
2465284196,88607,97398,1,1,1,32,32,1,30,0.000,0.000,,,,,NVIDIA A100-SXM4-40GB MIG 4g.20gb (0),1,,13,"void convert_kernel<__half2, float2>(tensor_layout_any, T1 *, tensor_layout_any, const T2 *)"
2465400163,5824,97401,,,,,,,,,,0.094,16087.884,Pinned,Device,NVIDIA A100-SXM4-40GB MIG 4g.20gb (0),1,,13,[CUDA memcpy Host-to-Device]
2465415330,3456,97402,,,,,,,,,,1.547,447517.201,Device,,NVIDIA A100-SXM4-40GB MIG 4g.20gb (0),1,,13,[CUDA memset]
2465421410,3392,97407,,,,,,,,,,0.031,9226.405,Pinned,Device,NVIDIA A100-SXM4-40GB MIG 4g.20gb (0),1,,13,[CUDA memcpy Host-to-Device]
2465428034,9664,97408,,,,,,,,,,0.197,20344.209,Pinned,Device,NVIDIA A100-SXM4-40GB MIG 4g.20gb (0),1,,13,[CUDA memcpy Host-to-Device]
2465442914,7136,97409,273,1,1,8,4,1,39,0.002,0.000,,,,,NVIDIA A100-SXM4-40GB MIG 4g.20gb (0),1,,13,"void channel_eq::eqMmseCoefCompLowMimoKernel<float, float, float, (unsigned int)4, (unsigned int)1, (unsigned int)4>(const channel_eq::_puschRxChEqStatDescr *, channel_eq::_puschRxChEqCoefCompDynDescr)"
2465451138,6592,97410,273,1,1,12,11,1,51,0.002,0.000,,,,,NVIDIA A100-SXM4-40GB MIG 4g.20gb (0),1,,13,"void channel_eq::eqMmseSoftDemapKernel<float, __half, __half, float, (unsigned int)4, (unsigned short)16383>(channel_eq::_puschRxChEqStatDescr *, channel_eq::_puschRxChEqSoftDemapDynDescr)"
2465458690,282268,97411,1,1,1,32,32,1,30,0.000,0.000,,,,,NVIDIA A100-SXM4-40GB MIG 4g.20gb (0),1,,13,"void convert_kernel<float2, __half2>(tensor_layout_any, T1 *, tensor_layout_any, const T2 *)"
2465742046,10816,97423,2253,1,1,128,1,1,16,0.000,0.000,,,,,NVIDIA A100-SXM4-40GB MIG 4g.20gb (0),1,,13,cupy_copy__float16_float16
2465755006,3680,97432,282,1,1,128,1,1,16,0.000,0.000,,,,,NVIDIA A100-SXM4-40GB MIG 4g.20gb (0),1,,13,cupy_copy__complex64_complex64
2465762462,2592,97441,26,1,1,128,1,1,16,0.000,0.000,,,,,NVIDIA A100-SXM4-40GB MIG 4g.20gb (0),1,,13,cupy_copy__float32_float32
2465766174,4640,97450,103,1,1,128,1,1,16,0.000,0.000,,,,,NVIDIA A100-SXM4-40GB MIG 4g.20gb (0),1,,13,cupy_copy__complex64_complex64
2465772126,11904,97460,1434,1,1,128,1,1,16,0.000,0.000,,,,,NVIDIA A100-SXM4-40GB MIG 4g.20gb (0),1,,13,cupy_copy__complex64_complex64
2465788510,87519,97465,1,1,1,32,32,1,30,0.000,0.000,,,,,NVIDIA A100-SXM4-40GB MIG 4g.20gb (0),1,,13,"void convert_kernel<__half2, float2>(tensor_layout_any, T1 *, tensor_layout_any, const T2 *)"
2465903452,5568,97468,,,,,,,,,,0.094,16827.521,Pinned,Device,NVIDIA A100-SXM4-40GB MIG 4g.20gb (0),1,,13,[CUDA memcpy Host-to-Device]
2465913788,598457,97469,,,,,,,,,,456.561,762457.605,Device,,NVIDIA A100-SXM4-40GB MIG 4g.20gb (0),1,,13,[CUDA memset]
2466517813,120574,97474,,,,,,,,,,1.235,10241.391,Pinned,Device,NVIDIA A100-SXM4-40GB MIG 4g.20gb (0),1,,13,[CUDA memcpy Host-to-Device]
2466643571,15168,97475,,,,,,,,,,0.197,12961.972,Pinned,Device,NVIDIA A100-SXM4-40GB MIG 4g.20gb (0),1,,13,[CUDA memcpy Host-to-Device]
2466669107,9280,97476,69,4,1,48,1,1,76,0.002,0.000,,,,,NVIDIA A100-SXM4-40GB MIG 4g.20gb (0),1,,13,"void ch_est::windowedChEstPreNoDftSOfdmKernel<float, __half, float, (unsigned int)2, (unsigned int)1, (unsigned short)4>(ch_est::puschRxChEstStatDescr_t *, ch_est::puschRxChEstDynDescr_t *)"
2466680851,7936,97477,137,2,1,24,2,1,44,0.001,0.001,,,,,NVIDIA A100-SXM4-40GB MIG 4g.20gb (0),1,,13,"void ch_est::chEstFilterNoDftSOfdmDispatchKernel<float, __half, float, (unsigned int)2>(ch_est::puschRxChEstStatDescr_t *, ch_est::puschRxChEstDynDescr_t *)"
2466690419,6464,97478,137,2,1,24,2,1,44,0.001,0.001,,,,,NVIDIA A100-SXM4-40GB MIG 4g.20gb (0),1,,13,"void ch_est::chEstFilterNoDftSOfdmDispatchKernel<float, __half, float, (unsigned int)2>(ch_est::puschRxChEstStatDescr_t *, ch_est::puschRxChEstDynDescr_t *)"
2466698803,2592,97489,103,1,1,128,1,1,16,0.000,0.000,,,,,NVIDIA A100-SXM4-40GB MIG 4g.20gb (0),1,,13,cupy_copy__complex64_complex64
2466705138,12864,97499,1434,1,1,128,1,1,16,0.000,0.000,,,,,NVIDIA A100-SXM4-40GB MIG 4g.20gb (0),1,,13,cupy_copy__complex64_complex64
2466722866,2656,97506,103,1,1,128,1,1,16,0.000,0.000,,,,,NVIDIA A100-SXM4-40GB MIG 4g.20gb (0),1,,13,cupy_copy__complex64_complex64
2466727762,82207,97513,1,1,1,32,32,1,30,0.000,0.000,,,,,NVIDIA A100-SXM4-40GB MIG 4g.20gb (0),1,,13,"void convert_kernel<__half2, float2>(tensor_layout_any, T1 *, tensor_layout_any, const T2 *)"
2466836369,6240,97516,,,,,,,,,,0.094,15015.346,Pinned,Device,NVIDIA A100-SXM4-40GB MIG 4g.20gb (0),1,,13,[CUDA memcpy Host-to-Device]
2466855729,46303,97517,,,,,,,,,,35.810,773351.032,Device,,NVIDIA A100-SXM4-40GB MIG 4g.20gb (0),1,,13,[CUDA memset]
2466910384,3200,97519,,,,,,,,,,0.000,25.000,Pinned,Device,NVIDIA A100-SXM4-40GB MIG 4g.20gb (0),1,,13,[CUDA memcpy Host-to-Device]
2466918384,13152,97520,,,,,,,,,,0.197,14948.893,Pinned,Device,NVIDIA A100-SXM4-40GB MIG 4g.20gb (0),1,,13,[CUDA memcpy Host-to-Device]
2466941712,9951,97521,273,1,1,48,1,1,40,0.000,0.001,,,,,NVIDIA A100-SXM4-40GB MIG 4g.20gb (0),1,,13,"void pusch_noise_intf_est::noiseIntfEstNoDftSOfdmKernel<float, __half, float, float, (unsigned int)2, (unsigned int)1, (unsigned char)4, (unsigned char)4>(pusch_noise_intf_est::puschRxNoiseIntfEstDynDescr)"
2466955503,2944,97532,35,1,1,128,1,1,16,0.000,0.000,,,,,NVIDIA A100-SXM4-40GB MIG 4g.20gb (0),1,,13,cupy_copy__complex64_complex64
2466967439,2112,97541,1,1,1,1,1,1,18,0.000,0.000,,,,,NVIDIA A100-SXM4-40GB MIG 4g.20gb (0),1,,13,cupy_copy__float32_float32
2466997263,2016,97547,,,,,,,,,,0.000,1.984,Device,Pageable,NVIDIA A100-SXM4-40GB MIG 4g.20gb (0),1,,7,[CUDA memcpy Device-to-Host]
2467057838,13120,97558,1434,1,1,128,1,1,16,0.000,0.000,,,,,NVIDIA A100-SXM4-40GB MIG 4g.20gb (0),1,,13,cupy_copy__complex64_complex64
2467084046,3072,97565,103,1,1,128,1,1,16,0.000,0.000,,,,,NVIDIA A100-SXM4-40GB MIG 4g.20gb (0),1,,13,cupy_copy__complex64_complex64
2467108014,2591,97572,35,1,1,128,1,1,16,0.000,0.000,,,,,NVIDIA A100-SXM4-40GB MIG 4g.20gb (0),1,,13,cupy_copy__complex64_complex64
2467128397,1760,97579,1,1,1,1,1,1,18,0.000,0.000,,,,,NVIDIA A100-SXM4-40GB MIG 4g.20gb (0),1,,13,cupy_copy__float32_float32
2467260268,81759,97590,1,1,1,32,32,1,30,0.000,0.000,,,,,NVIDIA A100-SXM4-40GB MIG 4g.20gb (0),1,,13,"void convert_kernel<__half2, float2>(tensor_layout_any, T1 *, tensor_layout_any, const T2 *)"
2467370154,5856,97593,,,,,,,,,,0.094,15999.997,Pinned,Device,NVIDIA A100-SXM4-40GB MIG 4g.20gb (0),1,,13,[CUDA memcpy Host-to-Device]
2467386346,3456,97594,,,,,,,,,,1.547,447517.201,Device,,NVIDIA A100-SXM4-40GB MIG 4g.20gb (0),1,,13,[CUDA memset]
2467392010,3392,97599,,,,,,,,,,0.031,9226.405,Pinned,Device,NVIDIA A100-SXM4-40GB MIG 4g.20gb (0),1,,13,[CUDA memcpy Host-to-Device]
2467397834,9696,97600,,,,,,,,,,0.197,20277.166,Pinned,Device,NVIDIA A100-SXM4-40GB MIG 4g.20gb (0),1,,13,[CUDA memcpy Host-to-Device]
2467412490,6080,97601,273,1,1,8,4,1,39,0.002,0.000,,,,,NVIDIA A100-SXM4-40GB MIG 4g.20gb (0),1,,13,"void channel_eq::eqMmseCoefCompLowMimoKernel<float, float, float, (unsigned int)4, (unsigned int)1, (unsigned int)4>(const channel_eq::_puschRxChEqStatDescr *, channel_eq::_puschRxChEqCoefCompDynDescr)"
2467420938,5408,97602,273,1,1,12,11,1,51,0.002,0.000,,,,,NVIDIA A100-SXM4-40GB MIG 4g.20gb (0),1,,13,"void channel_eq::eqMmseSoftDemapKernel<float, __half, __half, float, (unsigned int)4, (unsigned short)16383>(channel_eq::_puschRxChEqStatDescr *, channel_eq::_puschRxChEqSoftDemapDynDescr)"
2467428522,295196,97603,1,1,1,32,32,1,30,0.000,0.000,,,,,NVIDIA A100-SXM4-40GB MIG 4g.20gb (0),1,,13,"void convert_kernel<float2, __half2>(tensor_layout_any, T1 *, tensor_layout_any, const T2 *)"
2467724806,10912,97615,2253,1,1,128,1,1,16,0.000,0.000,,,,,NVIDIA A100-SXM4-40GB MIG 4g.20gb (0),1,,13,cupy_copy__float16_float16
2467737798,3072,97624,282,1,1,128,1,1,16,0.000,0.000,,,,,NVIDIA A100-SXM4-40GB MIG 4g.20gb (0),1,,13,cupy_copy__complex64_complex64
2467742150,2112,97633,26,1,1,128,1,1,16,0.000,0.000,,,,,NVIDIA A100-SXM4-40GB MIG 4g.20gb (0),1,,13,cupy_copy__float32_float32
2467747686,2912,97642,103,1,1,128,1,1,16,0.000,0.000,,,,,NVIDIA A100-SXM4-40GB MIG 4g.20gb (0),1,,13,cupy_copy__complex64_complex64
2467753318,12383,97652,1434,1,1,128,1,1,16,0.000,0.000,,,,,NVIDIA A100-SXM4-40GB MIG 4g.20gb (0),1,,13,cupy_copy__complex64_complex64
2467767141,87839,97657,1,1,1,32,32,1,30,0.000,0.000,,,,,NVIDIA A100-SXM4-40GB MIG 4g.20gb (0),1,,13,"void convert_kernel<__half2, float2>(tensor_layout_any, T1 *, tensor_layout_any, const T2 *)"
2467881284,5888,97660,,,,,,,,,,0.094,15912.954,Pinned,Device,NVIDIA A100-SXM4-40GB MIG 4g.20gb (0),1,,13,[CUDA memcpy Host-to-Device]
2467891140,597688,97661,,,,,,,,,,456.561,763827.289,Device,,NVIDIA A100-SXM4-40GB MIG 4g.20gb (0),1,,13,[CUDA memset]
2468495580,133247,97666,,,,,,,,,,1.235,9267.020,Pinned,Device,NVIDIA A100-SXM4-40GB MIG 4g.20gb (0),1,,13,[CUDA memcpy Host-to-Device]
2468641083,41663,97667,,,,,,,,,,0.197,4718.985,Pinned,Device,NVIDIA A100-SXM4-40GB MIG 4g.20gb (0),1,,13,[CUDA memcpy Host-to-Device]
2468707002,8288,97668,69,4,1,48,1,1,76,0.002,0.000,,,,,NVIDIA A100-SXM4-40GB MIG 4g.20gb (0),1,,13,"void ch_est::windowedChEstPreNoDftSOfdmKernel<float, __half, float, (unsigned int)2, (unsigned int)1, (unsigned short)4>(ch_est::puschRxChEstStatDescr_t *, ch_est::puschRxChEstDynDescr_t *)"
2468726266,6463,97669,137,2,1,24,2,1,44,0.001,0.001,,,,,NVIDIA A100-SXM4-40GB MIG 4g.20gb (0),1,,13,"void ch_est::chEstFilterNoDftSOfdmDispatchKernel<float, __half, float, (unsigned int)2>(ch_est::puschRxChEstStatDescr_t *, ch_est::puschRxChEstDynDescr_t *)"
2468743961,4896,97670,137,2,1,24,2,1,44,0.001,0.001,,,,,NVIDIA A100-SXM4-40GB MIG 4g.20gb (0),1,,13,"void ch_est::chEstFilterNoDftSOfdmDispatchKernel<float, __half, float, (unsigned int)2>(ch_est::puschRxChEstStatDescr_t *, ch_est::puschRxChEstDynDescr_t *)"
2468762585,2496,97681,103,1,1,128,1,1,16,0.000,0.000,,,,,NVIDIA A100-SXM4-40GB MIG 4g.20gb (0),1,,13,cupy_copy__complex64_complex64
2468780089,12256,97691,1434,1,1,128,1,1,16,0.000,0.000,,,,,NVIDIA A100-SXM4-40GB MIG 4g.20gb (0),1,,13,cupy_copy__complex64_complex64
2468799513,2912,97698,103,1,1,128,1,1,16,0.000,0.000,,,,,NVIDIA A100-SXM4-40GB MIG 4g.20gb (0),1,,13,cupy_copy__complex64_complex64
2468822712,85023,97705,1,1,1,32,32,1,30,0.000,0.000,,,,,NVIDIA A100-SXM4-40GB MIG 4g.20gb (0),1,,13,"void convert_kernel<__half2, float2>(tensor_layout_any, T1 *, tensor_layout_any, const T2 *)"
2468936247,5760,97708,,,,,,,,,,0.094,16266.656,Pinned,Device,NVIDIA A100-SXM4-40GB MIG 4g.20gb (0),1,,13,[CUDA memcpy Host-to-Device]
2468949463,47039,97709,,,,,,,,,,35.810,761247.279,Device,,NVIDIA A100-SXM4-40GB MIG 4g.20gb (0),1,,13,[CUDA memset]
2469003094,3040,97711,,,,,,,,,,0.000,26.316,Pinned,Device,NVIDIA A100-SXM4-40GB MIG 4g.20gb (0),1,,13,[CUDA memcpy Host-to-Device]
2469010838,12128,97712,,,,,,,,,,0.197,16210.919,Pinned,Device,NVIDIA A100-SXM4-40GB MIG 4g.20gb (0),1,,13,[CUDA memcpy Host-to-Device]
2469030934,10464,97713,273,1,1,48,1,1,40,0.000,0.001,,,,,NVIDIA A100-SXM4-40GB MIG 4g.20gb (0),1,,13,"void pusch_noise_intf_est::noiseIntfEstNoDftSOfdmKernel<float, __half, float, float, (unsigned int)2, (unsigned int)1, (unsigned char)4, (unsigned char)4>(pusch_noise_intf_est::puschRxNoiseIntfEstDynDescr)"
2469046646,3072,97724,35,1,1,128,1,1,16,0.000,0.000,,,,,NVIDIA A100-SXM4-40GB MIG 4g.20gb (0),1,,13,cupy_copy__complex64_complex64
2469057909,1920,97733,1,1,1,1,1,1,18,0.000,0.000,,,,,NVIDIA A100-SXM4-40GB MIG 4g.20gb (0),1,,13,cupy_copy__float32_float32
2469088181,1568,97739,,,,,,,,,,0.000,2.551,Device,Pageable,NVIDIA A100-SXM4-40GB MIG 4g.20gb (0),1,,7,[CUDA memcpy Device-to-Host]
2469148404,12992,97750,1434,1,1,128,1,1,16,0.000,0.000,,,,,NVIDIA A100-SXM4-40GB MIG 4g.20gb (0),1,,13,cupy_copy__complex64_complex64
2469174420,2752,97757,103,1,1,128,1,1,16,0.000,0.000,,,,,NVIDIA A100-SXM4-40GB MIG 4g.20gb (0),1,,13,cupy_copy__complex64_complex64
2469199860,2592,97764,35,1,1,128,1,1,16,0.000,0.000,,,,,NVIDIA A100-SXM4-40GB MIG 4g.20gb (0),1,,13,cupy_copy__complex64_complex64
2469219347,1792,97771,1,1,1,1,1,1,18,0.000,0.000,,,,,NVIDIA A100-SXM4-40GB MIG 4g.20gb (0),1,,13,cupy_copy__float32_float32
2469351794,82367,97782,1,1,1,32,32,1,30,0.000,0.000,,,,,NVIDIA A100-SXM4-40GB MIG 4g.20gb (0),1,,13,"void convert_kernel<__half2, float2>(tensor_layout_any, T1 *, tensor_layout_any, const T2 *)"
2469461680,5504,97785,,,,,,,,,,0.094,17023.251,Pinned,Device,NVIDIA A100-SXM4-40GB MIG 4g.20gb (0),1,,13,[CUDA memcpy Host-to-Device]
2469476400,3616,97786,,,,,,,,,,1.547,427715.774,Device,,NVIDIA A100-SXM4-40GB MIG 4g.20gb (0),1,,13,[CUDA memset]
2469483856,3840,97791,,,,,,,,,,0.031,8149.979,Pinned,Device,NVIDIA A100-SXM4-40GB MIG 4g.20gb (0),1,,13,[CUDA memcpy Host-to-Device]
2469490128,9920,97792,,,,,,,,,,0.197,19819.266,Pinned,Device,NVIDIA A100-SXM4-40GB MIG 4g.20gb (0),1,,13,[CUDA memcpy Host-to-Device]
2469505616,7392,97793,273,1,1,8,4,1,39,0.002,0.000,,,,,NVIDIA A100-SXM4-40GB MIG 4g.20gb (0),1,,13,"void channel_eq::eqMmseCoefCompLowMimoKernel<float, float, float, (unsigned int)4, (unsigned int)1, (unsigned int)4>(const channel_eq::_puschRxChEqStatDescr *, channel_eq::_puschRxChEqCoefCompDynDescr)"
2469514000,6272,97794,273,1,1,12,11,1,51,0.002,0.000,,,,,NVIDIA A100-SXM4-40GB MIG 4g.20gb (0),1,,13,"void channel_eq::eqMmseSoftDemapKernel<float, __half, __half, float, (unsigned int)4, (unsigned short)16383>(channel_eq::_puschRxChEqStatDescr *, channel_eq::_puschRxChEqSoftDemapDynDescr)"
2469521296,283420,97795,1,1,1,32,32,1,30,0.000,0.000,,,,,NVIDIA A100-SXM4-40GB MIG 4g.20gb (0),1,,13,"void convert_kernel<float2, __half2>(tensor_layout_any, T1 *, tensor_layout_any, const T2 *)"
2469805772,10976,97807,2253,1,1,128,1,1,16,0.000,0.000,,,,,NVIDIA A100-SXM4-40GB MIG 4g.20gb (0),1,,13,cupy_copy__float16_float16
2469820332,3712,97816,282,1,1,128,1,1,16,0.000,0.000,,,,,NVIDIA A100-SXM4-40GB MIG 4g.20gb (0),1,,13,cupy_copy__complex64_complex64
2469827244,2592,97825,26,1,1,128,1,1,16,0.000,0.000,,,,,NVIDIA A100-SXM4-40GB MIG 4g.20gb (0),1,,13,cupy_copy__float32_float32
2469830956,2784,97834,103,1,1,128,1,1,16,0.000,0.000,,,,,NVIDIA A100-SXM4-40GB MIG 4g.20gb (0),1,,13,cupy_copy__complex64_complex64
2469836044,11936,97844,1434,1,1,128,1,1,16,0.000,0.000,,,,,NVIDIA A100-SXM4-40GB MIG 4g.20gb (0),1,,13,cupy_copy__complex64_complex64
2469854092,91070,97849,1,1,1,32,32,1,30,0.000,0.000,,,,,NVIDIA A100-SXM4-40GB MIG 4g.20gb (0),1,,13,"void convert_kernel<__half2, float2>(tensor_layout_any, T1 *, tensor_layout_any, const T2 *)"
2469972714,5632,97852,,,,,,,,,,0.094,16636.287,Pinned,Device,NVIDIA A100-SXM4-40GB MIG 4g.20gb (0),1,,13,[CUDA memcpy Host-to-Device]
2469983050,597049,97853,,,,,,,,,,456.561,764283.851,Device,,NVIDIA A100-SXM4-40GB MIG 4g.20gb (0),1,,13,[CUDA memset]
2470581731,140350,97858,,,,,,,,,,1.235,8798.976,Pinned,Device,NVIDIA A100-SXM4-40GB MIG 4g.20gb (0),1,,13,[CUDA memcpy Host-to-Device]
2470733345,41791,97859,,,,,,,,,,0.197,4704.436,Pinned,Device,NVIDIA A100-SXM4-40GB MIG 4g.20gb (0),1,,13,[CUDA memcpy Host-to-Device]
2470796896,8096,97860,69,4,1,48,1,1,76,0.002,0.000,,,,,NVIDIA A100-SXM4-40GB MIG 4g.20gb (0),1,,13,"void ch_est::windowedChEstPreNoDftSOfdmKernel<float, __half, float, (unsigned int)2, (unsigned int)1, (unsigned short)4>(ch_est::puschRxChEstStatDescr_t *, ch_est::puschRxChEstDynDescr_t *)"
2470816032,6720,97861,137,2,1,24,2,1,44,0.001,0.001,,,,,NVIDIA A100-SXM4-40GB MIG 4g.20gb (0),1,,13,"void ch_est::chEstFilterNoDftSOfdmDispatchKernel<float, __half, float, (unsigned int)2>(ch_est::puschRxChEstStatDescr_t *, ch_est::puschRxChEstDynDescr_t *)"
2470832799,4768,97862,137,2,1,24,2,1,44,0.001,0.001,,,,,NVIDIA A100-SXM4-40GB MIG 4g.20gb (0),1,,13,"void ch_est::chEstFilterNoDftSOfdmDispatchKernel<float, __half, float, (unsigned int)2>(ch_est::puschRxChEstStatDescr_t *, ch_est::puschRxChEstDynDescr_t *)"
2470850463,2624,97873,103,1,1,128,1,1,16,0.000,0.000,,,,,NVIDIA A100-SXM4-40GB MIG 4g.20gb (0),1,,13,cupy_copy__complex64_complex64
2470867327,12384,97883,1434,1,1,128,1,1,16,0.000,0.000,,,,,NVIDIA A100-SXM4-40GB MIG 4g.20gb (0),1,,13,cupy_copy__complex64_complex64
2470889247,2880,97890,103,1,1,128,1,1,16,0.000,0.000,,,,,NVIDIA A100-SXM4-40GB MIG 4g.20gb (0),1,,13,cupy_copy__complex64_complex64
2470912574,85503,97897,1,1,1,32,32,1,30,0.000,0.000,,,,,NVIDIA A100-SXM4-40GB MIG 4g.20gb (0),1,,13,"void convert_kernel<__half2, float2>(tensor_layout_any, T1 *, tensor_layout_any, const T2 *)"
2471031261,29792,97900,,,,,,,,,,0.094,3145.000,Pinned,Device,NVIDIA A100-SXM4-40GB MIG 4g.20gb (0),1,,13,[CUDA memcpy Host-to-Device]
2471088188,46848,97901,,,,,,,,,,35.810,764362.742,Device,,NVIDIA A100-SXM4-40GB MIG 4g.20gb (0),1,,13,[CUDA memset]
2471143548,9152,97903,,,,,,,,,,0.000,8.741,Pinned,Device,NVIDIA A100-SXM4-40GB MIG 4g.20gb (0),1,,13,[CUDA memcpy Host-to-Device]
2471158235,33792,97904,,,,,,,,,,0.197,5818.024,Pinned,Device,NVIDIA A100-SXM4-40GB MIG 4g.20gb (0),1,,13,[CUDA memcpy Host-to-Device]
2471209755,9792,97905,273,1,1,48,1,1,40,0.000,0.001,,,,,NVIDIA A100-SXM4-40GB MIG 4g.20gb (0),1,,13,"void pusch_noise_intf_est::noiseIntfEstNoDftSOfdmKernel<float, __half, float, float, (unsigned int)2, (unsigned int)1, (unsigned char)4, (unsigned char)4>(pusch_noise_intf_est::puschRxNoiseIntfEstDynDescr)"
2471228443,2784,97916,35,1,1,128,1,1,16,0.000,0.000,,,,,NVIDIA A100-SXM4-40GB MIG 4g.20gb (0),1,,13,cupy_copy__complex64_complex64
2471236986,2016,97925,1,1,1,1,1,1,18,0.000,0.000,,,,,NVIDIA A100-SXM4-40GB MIG 4g.20gb (0),1,,13,cupy_copy__float32_float32
2471241850,1632,97931,,,,,,,,,,0.000,2.451,Device,Pageable,NVIDIA A100-SXM4-40GB MIG 4g.20gb (0),1,,7,[CUDA memcpy Device-to-Host]
2471312474,12671,97942,1434,1,1,128,1,1,16,0.000,0.000,,,,,NVIDIA A100-SXM4-40GB MIG 4g.20gb (0),1,,13,cupy_copy__complex64_complex64
2471341721,3424,97949,103,1,1,128,1,1,16,0.000,0.000,,,,,NVIDIA A100-SXM4-40GB MIG 4g.20gb (0),1,,13,cupy_copy__complex64_complex64
2471362969,2592,97956,35,1,1,128,1,1,16,0.000,0.000,,,,,NVIDIA A100-SXM4-40GB MIG 4g.20gb (0),1,,13,cupy_copy__complex64_complex64
2471383801,1760,97963,1,1,1,1,1,1,18,0.000,0.000,,,,,NVIDIA A100-SXM4-40GB MIG 4g.20gb (0),1,,13,cupy_copy__float32_float32
2471514167,81823,97974,1,1,1,32,32,1,30,0.000,0.000,,,,,NVIDIA A100-SXM4-40GB MIG 4g.20gb (0),1,,13,"void convert_kernel<__half2, float2>(tensor_layout_any, T1 *, tensor_layout_any, const T2 *)"
2471624982,5728,97977,,,,,,,,,,0.094,16357.541,Pinned,Device,NVIDIA A100-SXM4-40GB MIG 4g.20gb (0),1,,13,[CUDA memcpy Host-to-Device]
2471639157,3360,97978,,,,,,,,,,1.547,460304.688,Device,,NVIDIA A100-SXM4-40GB MIG 4g.20gb (0),1,,13,[CUDA memset]
2471646005,3072,97983,,,,,,,,,,0.031,10187.474,Pinned,Device,NVIDIA A100-SXM4-40GB MIG 4g.20gb (0),1,,13,[CUDA memcpy Host-to-Device]
2471651477,9408,97984,,,,,,,,,,0.197,20897.858,Pinned,Device,NVIDIA A100-SXM4-40GB MIG 4g.20gb (0),1,,13,[CUDA memcpy Host-to-Device]
2471664821,5984,97985,273,1,1,8,4,1,39,0.002,0.000,,,,,NVIDIA A100-SXM4-40GB MIG 4g.20gb (0),1,,13,"void channel_eq::eqMmseCoefCompLowMimoKernel<float, float, float, (unsigned int)4, (unsigned int)1, (unsigned int)4>(const channel_eq::_puschRxChEqStatDescr *, channel_eq::_puschRxChEqCoefCompDynDescr)"
2471672565,7840,97986,273,1,1,12,11,1,51,0.002,0.000,,,,,NVIDIA A100-SXM4-40GB MIG 4g.20gb (0),1,,13,"void channel_eq::eqMmseSoftDemapKernel<float, __half, __half, float, (unsigned int)4, (unsigned short)16383>(channel_eq::_puschRxChEqStatDescr *, channel_eq::_puschRxChEqSoftDemapDynDescr)"
2471681717,282332,97987,1,1,1,32,32,1,30,0.000,0.000,,,,,NVIDIA A100-SXM4-40GB MIG 4g.20gb (0),1,,13,"void convert_kernel<float2, __half2>(tensor_layout_any, T1 *, tensor_layout_any, const T2 *)"
2471965137,10912,97999,2253,1,1,128,1,1,16,0.000,0.000,,,,,NVIDIA A100-SXM4-40GB MIG 4g.20gb (0),1,,13,cupy_copy__float16_float16
2471980113,2688,98008,282,1,1,128,1,1,16,0.000,0.000,,,,,NVIDIA A100-SXM4-40GB MIG 4g.20gb (0),1,,13,cupy_copy__complex64_complex64
2471984049,2432,98017,26,1,1,128,1,1,16,0.000,0.000,,,,,NVIDIA A100-SXM4-40GB MIG 4g.20gb (0),1,,13,cupy_copy__float32_float32
2471987441,2880,98026,103,1,1,128,1,1,16,0.000,0.000,,,,,NVIDIA A100-SXM4-40GB MIG 4g.20gb (0),1,,13,cupy_copy__complex64_complex64
2471993265,12128,98036,1434,1,1,128,1,1,16,0.000,0.000,,,,,NVIDIA A100-SXM4-40GB MIG 4g.20gb (0),1,,13,cupy_copy__complex64_complex64
2472016401,81791,98041,1,1,1,32,32,1,30,0.000,0.000,,,,,NVIDIA A100-SXM4-40GB MIG 4g.20gb (0),1,,13,"void convert_kernel<__half2, float2>(tensor_layout_any, T1 *, tensor_layout_any, const T2 *)"
2472128943,5344,98044,,,,,,,,,,0.094,17532.864,Pinned,Device,NVIDIA A100-SXM4-40GB MIG 4g.20gb (0),1,,13,[CUDA memcpy Host-to-Device]
2472139183,595609,98045,,,,,,,,,,456.561,766110.096,Device,,NVIDIA A100-SXM4-40GB MIG 4g.20gb (0),1,,13,[CUDA memset]
2472739208,159998,98050,,,,,,,,,,1.235,7718.400,Pinned,Device,NVIDIA A100-SXM4-40GB MIG 4g.20gb (0),1,,13,[CUDA memcpy Host-to-Device]
2472912614,42239,98051,,,,,,,,,,0.197,4654.498,Pinned,Device,NVIDIA A100-SXM4-40GB MIG 4g.20gb (0),1,,13,[CUDA memcpy Host-to-Device]
2472981893,8064,98052,69,4,1,48,1,1,76,0.002,0.000,,,,,NVIDIA A100-SXM4-40GB MIG 4g.20gb (0),1,,13,"void ch_est::windowedChEstPreNoDftSOfdmKernel<float, __half, float, (unsigned int)2, (unsigned int)1, (unsigned short)4>(ch_est::puschRxChEstStatDescr_t *, ch_est::puschRxChEstDynDescr_t *)"
2472999621,6784,98053,137,2,1,24,2,1,44,0.001,0.001,,,,,NVIDIA A100-SXM4-40GB MIG 4g.20gb (0),1,,13,"void ch_est::chEstFilterNoDftSOfdmDispatchKernel<float, __half, float, (unsigned int)2>(ch_est::puschRxChEstStatDescr_t *, ch_est::puschRxChEstDynDescr_t *)"
2473019268,4768,98054,137,2,1,24,2,1,44,0.001,0.001,,,,,NVIDIA A100-SXM4-40GB MIG 4g.20gb (0),1,,13,"void ch_est::chEstFilterNoDftSOfdmDispatchKernel<float, __half, float, (unsigned int)2>(ch_est::puschRxChEstStatDescr_t *, ch_est::puschRxChEstDynDescr_t *)"
2473036004,2688,98065,103,1,1,128,1,1,16,0.000,0.000,,,,,NVIDIA A100-SXM4-40GB MIG 4g.20gb (0),1,,13,cupy_copy__complex64_complex64
2473053252,12480,98075,1434,1,1,128,1,1,16,0.000,0.000,,,,,NVIDIA A100-SXM4-40GB MIG 4g.20gb (0),1,,13,cupy_copy__complex64_complex64
2473075236,2560,98082,103,1,1,128,1,1,16,0.000,0.000,,,,,NVIDIA A100-SXM4-40GB MIG 4g.20gb (0),1,,13,cupy_copy__complex64_complex64
2473096771,83327,98089,1,1,1,32,32,1,30,0.000,0.000,,,,,NVIDIA A100-SXM4-40GB MIG 4g.20gb (0),1,,13,"void convert_kernel<__half2, float2>(tensor_layout_any, T1 *, tensor_layout_any, const T2 *)"
2473214978,27744,98092,,,,,,,,,,0.094,3377.085,Pinned,Device,NVIDIA A100-SXM4-40GB MIG 4g.20gb (0),1,,13,[CUDA memcpy Host-to-Device]
2473260705,46656,98093,,,,,,,,,,35.810,767514.015,Device,,NVIDIA A100-SXM4-40GB MIG 4g.20gb (0),1,,13,[CUDA memset]
2473314401,8672,98095,,,,,,,,,,0.000,9.225,Pinned,Device,NVIDIA A100-SXM4-40GB MIG 4g.20gb (0),1,,13,[CUDA memcpy Host-to-Device]
2473332417,30367,98096,,,,,,,,,,0.197,6474.301,Pinned,Device,NVIDIA A100-SXM4-40GB MIG 4g.20gb (0),1,,13,[CUDA memcpy Host-to-Device]
2473382400,9856,98097,273,1,1,48,1,1,40,0.000,0.001,,,,,NVIDIA A100-SXM4-40GB MIG 4g.20gb (0),1,,13,"void pusch_noise_intf_est::noiseIntfEstNoDftSOfdmKernel<float, __half, float, float, (unsigned int)2, (unsigned int)1, (unsigned char)4, (unsigned char)4>(pusch_noise_intf_est::puschRxNoiseIntfEstDynDescr)"
2473399040,2752,98108,35,1,1,128,1,1,16,0.000,0.000,,,,,NVIDIA A100-SXM4-40GB MIG 4g.20gb (0),1,,13,cupy_copy__complex64_complex64
2473415936,1696,98117,1,1,1,1,1,1,18,0.000,0.000,,,,,NVIDIA A100-SXM4-40GB MIG 4g.20gb (0),1,,13,cupy_copy__float32_float32
2473420895,6656,98123,,,,,,,,,,0.000,0.601,Device,Pageable,NVIDIA A100-SXM4-40GB MIG 4g.20gb (0),1,,7,[CUDA memcpy Device-to-Host]
2473522878,12416,98134,1434,1,1,128,1,1,16,0.000,0.000,,,,,NVIDIA A100-SXM4-40GB MIG 4g.20gb (0),1,,13,cupy_copy__complex64_complex64
2473545278,3392,98141,103,1,1,128,1,1,16,0.000,0.000,,,,,NVIDIA A100-SXM4-40GB MIG 4g.20gb (0),1,,13,cupy_copy__complex64_complex64
2473565502,2592,98148,35,1,1,128,1,1,16,0.000,0.000,,,,,NVIDIA A100-SXM4-40GB MIG 4g.20gb (0),1,,13,cupy_copy__complex64_complex64
2473580829,1792,98155,1,1,1,1,1,1,18,0.000,0.000,,,,,NVIDIA A100-SXM4-40GB MIG 4g.20gb (0),1,,13,cupy_copy__float32_float32
2473713756,87999,98166,1,1,1,32,32,1,30,0.000,0.000,,,,,NVIDIA A100-SXM4-40GB MIG 4g.20gb (0),1,,13,"void convert_kernel<__half2, float2>(tensor_layout_any, T1 *, tensor_layout_any, const T2 *)"
2473830842,5504,98169,,,,,,,,,,0.094,17023.251,Pinned,Device,NVIDIA A100-SXM4-40GB MIG 4g.20gb (0),1,,13,[CUDA memcpy Host-to-Device]
2473845978,3296,98170,,,,,,,,,,1.547,469242.628,Device,,NVIDIA A100-SXM4-40GB MIG 4g.20gb (0),1,,13,[CUDA memset]
2473851930,3520,98175,,,,,,,,,,0.031,8890.881,Pinned,Device,NVIDIA A100-SXM4-40GB MIG 4g.20gb (0),1,,13,[CUDA memcpy Host-to-Device]
2473858330,9664,98176,,,,,,,,,,0.197,20344.209,Pinned,Device,NVIDIA A100-SXM4-40GB MIG 4g.20gb (0),1,,13,[CUDA memcpy Host-to-Device]
2473871802,6432,98177,273,1,1,8,4,1,39,0.002,0.000,,,,,NVIDIA A100-SXM4-40GB MIG 4g.20gb (0),1,,13,"void channel_eq::eqMmseCoefCompLowMimoKernel<float, float, float, (unsigned int)4, (unsigned int)1, (unsigned int)4>(const channel_eq::_puschRxChEqStatDescr *, channel_eq::_puschRxChEqCoefCompDynDescr)"
2473879290,6176,98178,273,1,1,12,11,1,51,0.002,0.000,,,,,NVIDIA A100-SXM4-40GB MIG 4g.20gb (0),1,,13,"void channel_eq::eqMmseSoftDemapKernel<float, __half, __half, float, (unsigned int)4, (unsigned short)16383>(channel_eq::_puschRxChEqStatDescr *, channel_eq::_puschRxChEqSoftDemapDynDescr)"
2473886522,282268,98179,1,1,1,32,32,1,30,0.000,0.000,,,,,NVIDIA A100-SXM4-40GB MIG 4g.20gb (0),1,,13,"void convert_kernel<float2, __half2>(tensor_layout_any, T1 *, tensor_layout_any, const T2 *)"
2474170806,11040,98191,2253,1,1,128,1,1,16,0.000,0.000,,,,,NVIDIA A100-SXM4-40GB MIG 4g.20gb (0),1,,13,cupy_copy__float16_float16
2474186646,2784,98200,282,1,1,128,1,1,16,0.000,0.000,,,,,NVIDIA A100-SXM4-40GB MIG 4g.20gb (0),1,,13,cupy_copy__complex64_complex64
2474192854,3264,98209,26,1,1,128,1,1,16,0.000,0.000,,,,,NVIDIA A100-SXM4-40GB MIG 4g.20gb (0),1,,13,cupy_copy__float32_float32
2474199830,5504,98218,103,1,1,128,1,1,16,0.000,0.000,,,,,NVIDIA A100-SXM4-40GB MIG 4g.20gb (0),1,,13,cupy_copy__complex64_complex64
2474262165,12032,98234,1434,1,1,128,1,1,16,0.000,0.000,,,,,NVIDIA A100-SXM4-40GB MIG 4g.20gb (0),1,,13,cupy_copy__complex64_complex64
2474378196,81983,98239,1,1,1,32,32,1,30,0.000,0.000,,,,,NVIDIA A100-SXM4-40GB MIG 4g.20gb (0),1,,13,"void convert_kernel<__half2, float2>(tensor_layout_any, T1 *, tensor_layout_any, const T2 *)"
2474487186,5696,98242,,,,,,,,,,0.094,16449.363,Pinned,Device,NVIDIA A100-SXM4-40GB MIG 4g.20gb (0),1,,13,[CUDA memcpy Host-to-Device]
2474497490,597945,98243,,,,,,,,,,456.561,763370.728,Device,,NVIDIA A100-SXM4-40GB MIG 4g.20gb (0),1,,13,[CUDA memset]
2475101963,136766,98248,,,,,,,,,,1.235,9028.676,Pinned,Device,NVIDIA A100-SXM4-40GB MIG 4g.20gb (0),1,,13,[CUDA memcpy Host-to-Device]
2475246633,30656,98249,,,,,,,,,,0.197,6413.353,Pinned,Device,NVIDIA A100-SXM4-40GB MIG 4g.20gb (0),1,,13,[CUDA memcpy Host-to-Device]
2475297736,8256,98250,69,4,1,48,1,1,76,0.002,0.000,,,,,NVIDIA A100-SXM4-40GB MIG 4g.20gb (0),1,,13,"void ch_est::windowedChEstPreNoDftSOfdmKernel<float, __half, float, (unsigned int)2, (unsigned int)1, (unsigned short)4>(ch_est::puschRxChEstStatDescr_t *, ch_est::puschRxChEstDynDescr_t *)"
2475312712,6752,98251,137,2,1,24,2,1,44,0.001,0.001,,,,,NVIDIA A100-SXM4-40GB MIG 4g.20gb (0),1,,13,"void ch_est::chEstFilterNoDftSOfdmDispatchKernel<float, __half, float, (unsigned int)2>(ch_est::puschRxChEstStatDescr_t *, ch_est::puschRxChEstDynDescr_t *)"
2475325640,4704,98252,137,2,1,24,2,1,44,0.001,0.001,,,,,NVIDIA A100-SXM4-40GB MIG 4g.20gb (0),1,,13,"void ch_est::chEstFilterNoDftSOfdmDispatchKernel<float, __half, float, (unsigned int)2>(ch_est::puschRxChEstStatDescr_t *, ch_est::puschRxChEstDynDescr_t *)"
2475340168,2656,98263,103,1,1,128,1,1,16,0.000,0.000,,,,,NVIDIA A100-SXM4-40GB MIG 4g.20gb (0),1,,13,cupy_copy__complex64_complex64
2475353512,12415,98273,1434,1,1,128,1,1,16,0.000,0.000,,,,,NVIDIA A100-SXM4-40GB MIG 4g.20gb (0),1,,13,cupy_copy__complex64_complex64
2475388071,2688,98280,103,1,1,128,1,1,16,0.000,0.000,,,,,NVIDIA A100-SXM4-40GB MIG 4g.20gb (0),1,,13,cupy_copy__complex64_complex64
2475402343,86047,98287,1,1,1,32,32,1,30,0.000,0.000,,,,,NVIDIA A100-SXM4-40GB MIG 4g.20gb (0),1,,13,"void convert_kernel<__half2, float2>(tensor_layout_any, T1 *, tensor_layout_any, const T2 *)"
2475523205,22432,98290,,,,,,,,,,0.094,4176.874,Pinned,Device,NVIDIA A100-SXM4-40GB MIG 4g.20gb (0),1,,13,[CUDA memcpy Host-to-Device]
2475561989,46879,98291,,,,,,,,,,35.810,763861.404,Device,,NVIDIA A100-SXM4-40GB MIG 4g.20gb (0),1,,13,[CUDA memset]
2475617380,9600,98293,,,,,,,,,,0.000,8.333,Pinned,Device,NVIDIA A100-SXM4-40GB MIG 4g.20gb (0),1,,13,[CUDA memcpy Host-to-Device]
2475640932,34144,98294,,,,,,,,,,0.197,5758.058,Pinned,Device,NVIDIA A100-SXM4-40GB MIG 4g.20gb (0),1,,13,[CUDA memcpy Host-to-Device]
2475704835,9568,98295,273,1,1,48,1,1,40,0.000,0.001,,,,,NVIDIA A100-SXM4-40GB MIG 4g.20gb (0),1,,13,"void pusch_noise_intf_est::noiseIntfEstNoDftSOfdmKernel<float, __half, float, float, (unsigned int)2, (unsigned int)1, (unsigned char)4, (unsigned char)4>(pusch_noise_intf_est::puschRxNoiseIntfEstDynDescr)"
2475721443,2816,98306,35,1,1,128,1,1,16,0.000,0.000,,,,,NVIDIA A100-SXM4-40GB MIG 4g.20gb (0),1,,13,cupy_copy__complex64_complex64
2475737955,1760,98315,1,1,1,1,1,1,18,0.000,0.000,,,,,NVIDIA A100-SXM4-40GB MIG 4g.20gb (0),1,,13,cupy_copy__float32_float32
2475743299,6720,98321,,,,,,,,,,0.000,0.595,Device,Pageable,NVIDIA A100-SXM4-40GB MIG 4g.20gb (0),1,,7,[CUDA memcpy Device-to-Host]
2475846273,13024,98332,1434,1,1,128,1,1,16,0.000,0.000,,,,,NVIDIA A100-SXM4-40GB MIG 4g.20gb (0),1,,13,cupy_copy__complex64_complex64
2475868449,3360,98339,103,1,1,128,1,1,16,0.000,0.000,,,,,NVIDIA A100-SXM4-40GB MIG 4g.20gb (0),1,,13,cupy_copy__complex64_complex64
2475892001,2496,98346,35,1,1,128,1,1,16,0.000,0.000,,,,,NVIDIA A100-SXM4-40GB MIG 4g.20gb (0),1,,13,cupy_copy__complex64_complex64
2475910369,1696,98353,1,1,1,1,1,1,18,0.000,0.000,,,,,NVIDIA A100-SXM4-40GB MIG 4g.20gb (0),1,,13,cupy_copy__float32_float32
2476035839,90175,98364,1,1,1,32,32,1,30,0.000,0.000,,,,,NVIDIA A100-SXM4-40GB MIG 4g.20gb (0),1,,13,"void convert_kernel<__half2, float2>(tensor_layout_any, T1 *, tensor_layout_any, const T2 *)"
2476157854,9856,98367,,,,,,,,,,0.094,9506.490,Pinned,Device,NVIDIA A100-SXM4-40GB MIG 4g.20gb (0),1,,13,[CUDA memcpy Host-to-Device]
2476178301,3488,98368,,,,,,,,,,1.547,443412.461,Device,,NVIDIA A100-SXM4-40GB MIG 4g.20gb (0),1,,13,[CUDA memset]
2476185341,8192,98373,,,,,,,,,,0.031,3820.303,Pinned,Device,NVIDIA A100-SXM4-40GB MIG 4g.20gb (0),1,,13,[CUDA memcpy Host-to-Device]
2476196989,16608,98374,,,,,,,,,,0.197,11837.964,Pinned,Device,NVIDIA A100-SXM4-40GB MIG 4g.20gb (0),1,,13,[CUDA memcpy Host-to-Device]
2476225853,6240,98375,273,1,1,8,4,1,39,0.002,0.000,,,,,NVIDIA A100-SXM4-40GB MIG 4g.20gb (0),1,,13,"void channel_eq::eqMmseCoefCompLowMimoKernel<float, float, float, (unsigned int)4, (unsigned int)1, (unsigned int)4>(const channel_eq::_puschRxChEqStatDescr *, channel_eq::_puschRxChEqCoefCompDynDescr)"
2476234333,7680,98376,273,1,1,12,11,1,51,0.002,0.000,,,,,NVIDIA A100-SXM4-40GB MIG 4g.20gb (0),1,,13,"void channel_eq::eqMmseSoftDemapKernel<float, __half, __half, float, (unsigned int)4, (unsigned short)16383>(channel_eq::_puschRxChEqStatDescr *, channel_eq::_puschRxChEqSoftDemapDynDescr)"
2476250396,282077,98377,1,1,1,32,32,1,30,0.000,0.000,,,,,NVIDIA A100-SXM4-40GB MIG 4g.20gb (0),1,,13,"void convert_kernel<float2, __half2>(tensor_layout_any, T1 *, tensor_layout_any, const T2 *)"
2476533785,11168,98389,2253,1,1,128,1,1,16,0.000,0.000,,,,,NVIDIA A100-SXM4-40GB MIG 4g.20gb (0),1,,13,cupy_copy__float16_float16
2476548729,3104,98398,282,1,1,128,1,1,16,0.000,0.000,,,,,NVIDIA A100-SXM4-40GB MIG 4g.20gb (0),1,,13,cupy_copy__complex64_complex64
2476554713,2048,98407,26,1,1,128,1,1,16,0.000,0.000,,,,,NVIDIA A100-SXM4-40GB MIG 4g.20gb (0),1,,13,cupy_copy__float32_float32
2476558681,3392,98416,103,1,1,128,1,1,16,0.000,0.000,,,,,NVIDIA A100-SXM4-40GB MIG 4g.20gb (0),1,,13,cupy_copy__complex64_complex64
2476563193,11935,98426,1434,1,1,128,1,1,16,0.000,0.000,,,,,NVIDIA A100-SXM4-40GB MIG 4g.20gb (0),1,,13,cupy_copy__complex64_complex64
2476579928,82079,98431,1,1,1,32,32,1,30,0.000,0.000,,,,,NVIDIA A100-SXM4-40GB MIG 4g.20gb (0),1,,13,"void convert_kernel<__half2, float2>(tensor_layout_any, T1 *, tensor_layout_any, const T2 *)"
2476689207,5696,98434,,,,,,,,,,0.094,16449.363,Pinned,Device,NVIDIA A100-SXM4-40GB MIG 4g.20gb (0),1,,13,[CUDA memcpy Host-to-Device]
2476699575,602744,98435,,,,,,,,,,456.561,757435.429,Device,,NVIDIA A100-SXM4-40GB MIG 4g.20gb (0),1,,13,[CUDA memset]
2477305711,147167,98440,,,,,,,,,,1.235,8391.444,Pinned,Device,NVIDIA A100-SXM4-40GB MIG 4g.20gb (0),1,,13,[CUDA memcpy Host-to-Device]
2477462766,25023,98441,,,,,,,,,,0.197,7857.046,Pinned,Device,NVIDIA A100-SXM4-40GB MIG 4g.20gb (0),1,,13,[CUDA memcpy Host-to-Device]
2477505101,9120,98442,69,4,1,48,1,1,76,0.002,0.000,,,,,NVIDIA A100-SXM4-40GB MIG 4g.20gb (0),1,,13,"void ch_est::windowedChEstPreNoDftSOfdmKernel<float, __half, float, (unsigned int)2, (unsigned int)1, (unsigned short)4>(ch_est::puschRxChEstStatDescr_t *, ch_est::puschRxChEstDynDescr_t *)"
2477522061,6400,98443,137,2,1,24,2,1,44,0.001,0.001,,,,,NVIDIA A100-SXM4-40GB MIG 4g.20gb (0),1,,13,"void ch_est::chEstFilterNoDftSOfdmDispatchKernel<float, __half, float, (unsigned int)2>(ch_est::puschRxChEstStatDescr_t *, ch_est::puschRxChEstDynDescr_t *)"
2477530061,5056,98444,137,2,1,24,2,1,44,0.001,0.001,,,,,NVIDIA A100-SXM4-40GB MIG 4g.20gb (0),1,,13,"void ch_est::chEstFilterNoDftSOfdmDispatchKernel<float, __half, float, (unsigned int)2>(ch_est::puschRxChEstStatDescr_t *, ch_est::puschRxChEstDynDescr_t *)"
2477537837,2464,98455,103,1,1,128,1,1,16,0.000,0.000,,,,,NVIDIA A100-SXM4-40GB MIG 4g.20gb (0),1,,13,cupy_copy__complex64_complex64
2477546220,13024,98465,1434,1,1,128,1,1,16,0.000,0.000,,,,,NVIDIA A100-SXM4-40GB MIG 4g.20gb (0),1,,13,cupy_copy__complex64_complex64
2477561740,2496,98472,103,1,1,128,1,1,16,0.000,0.000,,,,,NVIDIA A100-SXM4-40GB MIG 4g.20gb (0),1,,13,cupy_copy__complex64_complex64
2477570348,84703,98479,1,1,1,32,32,1,30,0.000,0.000,,,,,NVIDIA A100-SXM4-40GB MIG 4g.20gb (0),1,,13,"void convert_kernel<__half2, float2>(tensor_layout_any, T1 *, tensor_layout_any, const T2 *)"
2477683883,12800,98482,,,,,,,,,,0.094,7320.000,Pinned,Device,NVIDIA A100-SXM4-40GB MIG 4g.20gb (0),1,,13,[CUDA memcpy Host-to-Device]
2477701739,47295,98483,,,,,,,,,,35.810,757129.139,Device,,NVIDIA A100-SXM4-40GB MIG 4g.20gb (0),1,,13,[CUDA memset]
2477751018,6816,98485,,,,,,,,,,0.000,11.737,Pinned,Device,NVIDIA A100-SXM4-40GB MIG 4g.20gb (0),1,,13,[CUDA memcpy Host-to-Device]
2477761866,16896,98486,,,,,,,,,,0.197,11636.244,Pinned,Device,NVIDIA A100-SXM4-40GB MIG 4g.20gb (0),1,,13,[CUDA memcpy Host-to-Device]
2477791561,10272,98487,273,1,1,48,1,1,40,0.000,0.001,,,,,NVIDIA A100-SXM4-40GB MIG 4g.20gb (0),1,,13,"void pusch_noise_intf_est::noiseIntfEstNoDftSOfdmKernel<float, __half, float, float, (unsigned int)2, (unsigned int)1, (unsigned char)4, (unsigned char)4>(pusch_noise_intf_est::puschRxNoiseIntfEstDynDescr)"
2477805385,2624,98498,35,1,1,128,1,1,16,0.000,0.000,,,,,NVIDIA A100-SXM4-40GB MIG 4g.20gb (0),1,,13,cupy_copy__complex64_complex64
2477813961,1760,98507,1,1,1,1,1,1,18,0.000,0.000,,,,,NVIDIA A100-SXM4-40GB MIG 4g.20gb (0),1,,13,cupy_copy__float32_float32
2477838409,1632,98513,,,,,,,,,,0.000,2.451,Device,Pageable,NVIDIA A100-SXM4-40GB MIG 4g.20gb (0),1,,7,[CUDA memcpy Device-to-Host]
2477897768,12992,98524,1434,1,1,128,1,1,16,0.000,0.000,,,,,NVIDIA A100-SXM4-40GB MIG 4g.20gb (0),1,,13,cupy_copy__complex64_complex64
2477924744,2624,98531,103,1,1,128,1,1,16,0.000,0.000,,,,,NVIDIA A100-SXM4-40GB MIG 4g.20gb (0),1,,13,cupy_copy__complex64_complex64
2477947848,2335,98538,35,1,1,128,1,1,16,0.000,0.000,,,,,NVIDIA A100-SXM4-40GB MIG 4g.20gb (0),1,,13,cupy_copy__complex64_complex64
2477964071,1952,98545,1,1,1,1,1,1,18,0.000,0.000,,,,,NVIDIA A100-SXM4-40GB MIG 4g.20gb (0),1,,13,cupy_copy__float32_float32
2478096422,82367,98556,1,1,1,32,32,1,30,0.000,0.000,,,,,NVIDIA A100-SXM4-40GB MIG 4g.20gb (0),1,,13,"void convert_kernel<__half2, float2>(tensor_layout_any, T1 *, tensor_layout_any, const T2 *)"
2478206788,5600,98559,,,,,,,,,,0.094,16731.388,Pinned,Device,NVIDIA A100-SXM4-40GB MIG 4g.20gb (0),1,,13,[CUDA memcpy Host-to-Device]
2478220484,3296,98560,,,,,,,,,,1.547,469242.628,Device,,NVIDIA A100-SXM4-40GB MIG 4g.20gb (0),1,,13,[CUDA memset]
2478227108,3264,98565,,,,,,,,,,0.031,9588.218,Pinned,Device,NVIDIA A100-SXM4-40GB MIG 4g.20gb (0),1,,13,[CUDA memcpy Host-to-Device]
2478232804,9664,98566,,,,,,,,,,0.197,20344.209,Pinned,Device,NVIDIA A100-SXM4-40GB MIG 4g.20gb (0),1,,13,[CUDA memcpy Host-to-Device]
2478246852,6016,98567,273,1,1,8,4,1,39,0.002,0.000,,,,,NVIDIA A100-SXM4-40GB MIG 4g.20gb (0),1,,13,"void channel_eq::eqMmseCoefCompLowMimoKernel<float, float, float, (unsigned int)4, (unsigned int)1, (unsigned int)4>(const channel_eq::_puschRxChEqStatDescr *, channel_eq::_puschRxChEqCoefCompDynDescr)"
2478253860,7616,98568,273,1,1,12,11,1,51,0.002,0.000,,,,,NVIDIA A100-SXM4-40GB MIG 4g.20gb (0),1,,13,"void channel_eq::eqMmseSoftDemapKernel<float, __half, __half, float, (unsigned int)4, (unsigned short)16383>(channel_eq::_puschRxChEqStatDescr *, channel_eq::_puschRxChEqSoftDemapDynDescr)"
2478264932,282396,98569,1,1,1,32,32,1,30,0.000,0.000,,,,,NVIDIA A100-SXM4-40GB MIG 4g.20gb (0),1,,13,"void convert_kernel<float2, __half2>(tensor_layout_any, T1 *, tensor_layout_any, const T2 *)"
2478548416,11264,98581,2253,1,1,128,1,1,16,0.000,0.000,,,,,NVIDIA A100-SXM4-40GB MIG 4g.20gb (0),1,,13,cupy_copy__float16_float16
2478564000,2880,98590,282,1,1,128,1,1,16,0.000,0.000,,,,,NVIDIA A100-SXM4-40GB MIG 4g.20gb (0),1,,13,cupy_copy__complex64_complex64
2478568320,2048,98599,26,1,1,128,1,1,16,0.000,0.000,,,,,NVIDIA A100-SXM4-40GB MIG 4g.20gb (0),1,,13,cupy_copy__float32_float32
2478571360,3104,98608,103,1,1,128,1,1,16,0.000,0.000,,,,,NVIDIA A100-SXM4-40GB MIG 4g.20gb (0),1,,13,cupy_copy__complex64_complex64
2478577600,12160,98618,1434,1,1,128,1,1,16,0.000,0.000,,,,,NVIDIA A100-SXM4-40GB MIG 4g.20gb (0),1,,13,cupy_copy__complex64_complex64
2478599263,82367,98623,1,1,1,32,32,1,30,0.000,0.000,,,,,NVIDIA A100-SXM4-40GB MIG 4g.20gb (0),1,,13,"void convert_kernel<__half2, float2>(tensor_layout_any, T1 *, tensor_layout_any, const T2 *)"
2478708926,5664,98626,,,,,,,,,,0.094,16542.310,Pinned,Device,NVIDIA A100-SXM4-40GB MIG 4g.20gb (0),1,,13,[CUDA memcpy Host-to-Device]
2478719006,597529,98627,,,,,,,,,,456.561,763827.289,Device,,NVIDIA A100-SXM4-40GB MIG 4g.20gb (0),1,,13,[CUDA memset]
2479322583,141630,98632,,,,,,,,,,1.235,8718.705,Pinned,Device,NVIDIA A100-SXM4-40GB MIG 4g.20gb (0),1,,13,[CUDA memcpy Host-to-Device]
2479475445,41055,98633,,,,,,,,,,0.197,4788.781,Pinned,Device,NVIDIA A100-SXM4-40GB MIG 4g.20gb (0),1,,13,[CUDA memcpy Host-to-Device]
2479538836,8096,98634,69,4,1,48,1,1,76,0.002,0.000,,,,,NVIDIA A100-SXM4-40GB MIG 4g.20gb (0),1,,13,"void ch_est::windowedChEstPreNoDftSOfdmKernel<float, __half, float, (unsigned int)2, (unsigned int)1, (unsigned short)4>(ch_est::puschRxChEstStatDescr_t *, ch_est::puschRxChEstDynDescr_t *)"
2479558420,6816,98635,137,2,1,24,2,1,44,0.001,0.001,,,,,NVIDIA A100-SXM4-40GB MIG 4g.20gb (0),1,,13,"void ch_est::chEstFilterNoDftSOfdmDispatchKernel<float, __half, float, (unsigned int)2>(ch_est::puschRxChEstStatDescr_t *, ch_est::puschRxChEstDynDescr_t *)"
2479575219,4736,98636,137,2,1,24,2,1,44,0.001,0.001,,,,,NVIDIA A100-SXM4-40GB MIG 4g.20gb (0),1,,13,"void ch_est::chEstFilterNoDftSOfdmDispatchKernel<float, __half, float, (unsigned int)2>(ch_est::puschRxChEstStatDescr_t *, ch_est::puschRxChEstDynDescr_t *)"
2479592787,2720,98647,103,1,1,128,1,1,16,0.000,0.000,,,,,NVIDIA A100-SXM4-40GB MIG 4g.20gb (0),1,,13,cupy_copy__complex64_complex64
2479609939,12512,98657,1434,1,1,128,1,1,16,0.000,0.000,,,,,NVIDIA A100-SXM4-40GB MIG 4g.20gb (0),1,,13,cupy_copy__complex64_complex64
2479631251,2880,98664,103,1,1,128,1,1,16,0.000,0.000,,,,,NVIDIA A100-SXM4-40GB MIG 4g.20gb (0),1,,13,cupy_copy__complex64_complex64
2479657042,84351,98671,1,1,1,32,32,1,30,0.000,0.000,,,,,NVIDIA A100-SXM4-40GB MIG 4g.20gb (0),1,,13,"void convert_kernel<__half2, float2>(tensor_layout_any, T1 *, tensor_layout_any, const T2 *)"
2479771633,15648,98674,,,,,,,,,,0.094,5987.643,Pinned,Device,NVIDIA A100-SXM4-40GB MIG 4g.20gb (0),1,,13,[CUDA memcpy Host-to-Device]
2479793009,47199,98675,,,,,,,,,,35.810,758668.965,Device,,NVIDIA A100-SXM4-40GB MIG 4g.20gb (0),1,,13,[CUDA memset]
2479842896,6208,98677,,,,,,,,,,0.000,12.887,Pinned,Device,NVIDIA A100-SXM4-40GB MIG 4g.20gb (0),1,,13,[CUDA memcpy Host-to-Device]
2479856368,16512,98678,,,,,,,,,,0.197,11906.974,Pinned,Device,NVIDIA A100-SXM4-40GB MIG 4g.20gb (0),1,,13,[CUDA memcpy Host-to-Device]
2479884080,9599,98679,273,1,1,48,1,1,40,0.000,0.001,,,,,NVIDIA A100-SXM4-40GB MIG 4g.20gb (0),1,,13,"void pusch_noise_intf_est::noiseIntfEstNoDftSOfdmKernel<float, __half, float, float, (unsigned int)2, (unsigned int)1, (unsigned char)4, (unsigned char)4>(pusch_noise_intf_est::puschRxNoiseIntfEstDynDescr)"
2479902031,3008,98690,35,1,1,128,1,1,16,0.000,0.000,,,,,NVIDIA A100-SXM4-40GB MIG 4g.20gb (0),1,,13,cupy_copy__complex64_complex64
2479909679,2080,98699,1,1,1,1,1,1,18,0.000,0.000,,,,,NVIDIA A100-SXM4-40GB MIG 4g.20gb (0),1,,13,cupy_copy__float32_float32
2479929935,5632,98705,,,,,,,,,,0.000,0.710,Device,Pageable,NVIDIA A100-SXM4-40GB MIG 4g.20gb (0),1,,7,[CUDA memcpy Device-to-Host]
2480004334,13472,98716,1434,1,1,128,1,1,16,0.000,0.000,,,,,NVIDIA A100-SXM4-40GB MIG 4g.20gb (0),1,,13,cupy_copy__complex64_complex64
2480036526,2880,98723,103,1,1,128,1,1,16,0.000,0.000,,,,,NVIDIA A100-SXM4-40GB MIG 4g.20gb (0),1,,13,cupy_copy__complex64_complex64
2480054669,2432,98730,35,1,1,128,1,1,16,0.000,0.000,,,,,NVIDIA A100-SXM4-40GB MIG 4g.20gb (0),1,,13,cupy_copy__complex64_complex64
2480069005,2016,98737,1,1,1,1,1,1,18,0.000,0.000,,,,,NVIDIA A100-SXM4-40GB MIG 4g.20gb (0),1,,13,cupy_copy__float32_float32
2480197036,81727,98748,1,1,1,32,32,1,30,0.000,0.000,,,,,NVIDIA A100-SXM4-40GB MIG 4g.20gb (0),1,,13,"void convert_kernel<__half2, float2>(tensor_layout_any, T1 *, tensor_layout_any, const T2 *)"
2480307178,5632,98751,,,,,,,,,,0.094,16636.287,Pinned,Device,NVIDIA A100-SXM4-40GB MIG 4g.20gb (0),1,,13,[CUDA memcpy Host-to-Device]
2480322634,3360,98752,,,,,,,,,,1.547,460304.688,Device,,NVIDIA A100-SXM4-40GB MIG 4g.20gb (0),1,,13,[CUDA memset]
2480328586,3264,98757,,,,,,,,,,0.031,9588.218,Pinned,Device,NVIDIA A100-SXM4-40GB MIG 4g.20gb (0),1,,13,[CUDA memcpy Host-to-Device]
2480334506,9696,98758,,,,,,,,,,0.197,20277.166,Pinned,Device,NVIDIA A100-SXM4-40GB MIG 4g.20gb (0),1,,13,[CUDA memcpy Host-to-Device]
2480349258,6176,98759,273,1,1,8,4,1,39,0.002,0.000,,,,,NVIDIA A100-SXM4-40GB MIG 4g.20gb (0),1,,13,"void channel_eq::eqMmseCoefCompLowMimoKernel<float, float, float, (unsigned int)4, (unsigned int)1, (unsigned int)4>(const channel_eq::_puschRxChEqStatDescr *, channel_eq::_puschRxChEqCoefCompDynDescr)"
2480356394,8192,98760,273,1,1,12,11,1,51,0.002,0.000,,,,,NVIDIA A100-SXM4-40GB MIG 4g.20gb (0),1,,13,"void channel_eq::eqMmseSoftDemapKernel<float, __half, __half, float, (unsigned int)4, (unsigned short)16383>(channel_eq::_puschRxChEqStatDescr *, channel_eq::_puschRxChEqSoftDemapDynDescr)"
2480367050,294844,98761,1,1,1,32,32,1,30,0.000,0.000,,,,,NVIDIA A100-SXM4-40GB MIG 4g.20gb (0),1,,13,"void convert_kernel<float2, __half2>(tensor_layout_any, T1 *, tensor_layout_any, const T2 *)"
2480662982,10912,98773,2253,1,1,128,1,1,16,0.000,0.000,,,,,NVIDIA A100-SXM4-40GB MIG 4g.20gb (0),1,,13,cupy_copy__float16_float16
2480677990,2880,98782,282,1,1,128,1,1,16,0.000,0.000,,,,,NVIDIA A100-SXM4-40GB MIG 4g.20gb (0),1,,13,cupy_copy__complex64_complex64
2480684326,2016,98791,26,1,1,128,1,1,16,0.000,0.000,,,,,NVIDIA A100-SXM4-40GB MIG 4g.20gb (0),1,,13,cupy_copy__float32_float32
2480688966,3168,98800,103,1,1,128,1,1,16,0.000,0.000,,,,,NVIDIA A100-SXM4-40GB MIG 4g.20gb (0),1,,13,cupy_copy__complex64_complex64
2480693254,11999,98810,1434,1,1,128,1,1,16,0.000,0.000,,,,,NVIDIA A100-SXM4-40GB MIG 4g.20gb (0),1,,13,cupy_copy__complex64_complex64
2480709349,87807,98815,1,1,1,32,32,1,30,0.000,0.000,,,,,NVIDIA A100-SXM4-40GB MIG 4g.20gb (0),1,,13,"void convert_kernel<__half2, float2>(tensor_layout_any, T1 *, tensor_layout_any, const T2 *)"
2480824868,6080,98818,,,,,,,,,,0.094,15410.462,Pinned,Device,NVIDIA A100-SXM4-40GB MIG 4g.20gb (0),1,,13,[CUDA memcpy Host-to-Device]
2480834532,597496,98819,,,,,,,,,,456.561,763827.289,Device,,NVIDIA A100-SXM4-40GB MIG 4g.20gb (0),1,,13,[CUDA memset]
2481435388,138911,98824,,,,,,,,,,1.235,8889.127,Pinned,Device,NVIDIA A100-SXM4-40GB MIG 4g.20gb (0),1,,13,[CUDA memcpy Host-to-Device]
2481584923,30623,98825,,,,,,,,,,0.197,6420.234,Pinned,Device,NVIDIA A100-SXM4-40GB MIG 4g.20gb (0),1,,13,[CUDA memcpy Host-to-Device]
2481628090,8128,98826,69,4,1,48,1,1,76,0.002,0.000,,,,,NVIDIA A100-SXM4-40GB MIG 4g.20gb (0),1,,13,"void ch_est::windowedChEstPreNoDftSOfdmKernel<float, __half, float, (unsigned int)2, (unsigned int)1, (unsigned short)4>(ch_est::puschRxChEstStatDescr_t *, ch_est::puschRxChEstDynDescr_t *)"
2481648762,7008,98827,137,2,1,24,2,1,44,0.001,0.001,,,,,NVIDIA A100-SXM4-40GB MIG 4g.20gb (0),1,,13,"void ch_est::chEstFilterNoDftSOfdmDispatchKernel<float, __half, float, (unsigned int)2>(ch_est::puschRxChEstStatDescr_t *, ch_est::puschRxChEstDynDescr_t *)"
2481664794,4703,98828,137,2,1,24,2,1,44,0.001,0.001,,,,,NVIDIA A100-SXM4-40GB MIG 4g.20gb (0),1,,13,"void ch_est::chEstFilterNoDftSOfdmDispatchKernel<float, __half, float, (unsigned int)2>(ch_est::puschRxChEstStatDescr_t *, ch_est::puschRxChEstDynDescr_t *)"
2481677849,2720,98839,103,1,1,128,1,1,16,0.000,0.000,,,,,NVIDIA A100-SXM4-40GB MIG 4g.20gb (0),1,,13,cupy_copy__complex64_complex64
2481691129,12416,98849,1434,1,1,128,1,1,16,0.000,0.000,,,,,NVIDIA A100-SXM4-40GB MIG 4g.20gb (0),1,,13,cupy_copy__complex64_complex64
2481720441,2496,98856,103,1,1,128,1,1,16,0.000,0.000,,,,,NVIDIA A100-SXM4-40GB MIG 4g.20gb (0),1,,13,cupy_copy__complex64_complex64
2481742265,86047,98863,1,1,1,32,32,1,30,0.000,0.000,,,,,NVIDIA A100-SXM4-40GB MIG 4g.20gb (0),1,,13,"void convert_kernel<__half2, float2>(tensor_layout_any, T1 *, tensor_layout_any, const T2 *)"
2481864951,25088,98866,,,,,,,,,,0.094,3734.629,Pinned,Device,NVIDIA A100-SXM4-40GB MIG 4g.20gb (0),1,,13,[CUDA memcpy Host-to-Device]
2481907287,47295,98867,,,,,,,,,,35.810,757129.139,Device,,NVIDIA A100-SXM4-40GB MIG 4g.20gb (0),1,,13,[CUDA memset]
2481956566,10976,98869,,,,,,,,,,0.000,7.289,Pinned,Device,NVIDIA A100-SXM4-40GB MIG 4g.20gb (0),1,,13,[CUDA memcpy Host-to-Device]
2481976854,21759,98870,,,,,,,,,,0.197,9035.514,Pinned,Device,NVIDIA A100-SXM4-40GB MIG 4g.20gb (0),1,,13,[CUDA memcpy Host-to-Device]
2482031189,10048,98871,273,1,1,48,1,1,40,0.000,0.001,,,,,NVIDIA A100-SXM4-40GB MIG 4g.20gb (0),1,,13,"void pusch_noise_intf_est::noiseIntfEstNoDftSOfdmKernel<float, __half, float, float, (unsigned int)2, (unsigned int)1, (unsigned char)4, (unsigned char)4>(pusch_noise_intf_est::puschRxNoiseIntfEstDynDescr)"
2482047797,2976,98882,35,1,1,128,1,1,16,0.000,0.000,,,,,NVIDIA A100-SXM4-40GB MIG 4g.20gb (0),1,,13,cupy_copy__complex64_complex64
2482064309,1728,98891,1,1,1,1,1,1,18,0.000,0.000,,,,,NVIDIA A100-SXM4-40GB MIG 4g.20gb (0),1,,13,cupy_copy__float32_float32
2482067445,8543,98897,,,,,,,,,,0.000,0.468,Device,Pageable,NVIDIA A100-SXM4-40GB MIG 4g.20gb (0),1,,7,[CUDA memcpy Device-to-Host]
2482160339,13248,98908,1434,1,1,128,1,1,16,0.000,0.000,,,,,NVIDIA A100-SXM4-40GB MIG 4g.20gb (0),1,,13,cupy_copy__complex64_complex64
2482176307,2816,98915,103,1,1,128,1,1,16,0.000,0.000,,,,,NVIDIA A100-SXM4-40GB MIG 4g.20gb (0),1,,13,cupy_copy__complex64_complex64
2482201747,2496,98922,35,1,1,128,1,1,16,0.000,0.000,,,,,NVIDIA A100-SXM4-40GB MIG 4g.20gb (0),1,,13,cupy_copy__complex64_complex64
2482221203,1952,98929,1,1,1,1,1,1,18,0.000,0.000,,,,,NVIDIA A100-SXM4-40GB MIG 4g.20gb (0),1,,13,cupy_copy__float32_float32
2482357457,87135,98940,1,1,1,32,32,1,30,0.000,0.000,,,,,NVIDIA A100-SXM4-40GB MIG 4g.20gb (0),1,,13,"void convert_kernel<__half2, float2>(tensor_layout_any, T1 *, tensor_layout_any, const T2 *)"
2482474128,14271,98943,,,,,,,,,,0.094,6565.466,Pinned,Device,NVIDIA A100-SXM4-40GB MIG 4g.20gb (0),1,,13,[CUDA memcpy Host-to-Device]
2482499983,3392,98944,,,,,,,,,,1.547,455961.768,Device,,NVIDIA A100-SXM4-40GB MIG 4g.20gb (0),1,,13,[CUDA memset]
2482504367,4288,98949,,,,,,,,,,0.031,7298.478,Pinned,Device,NVIDIA A100-SXM4-40GB MIG 4g.20gb (0),1,,13,[CUDA memcpy Host-to-Device]
2482515727,16544,98950,,,,,,,,,,0.197,11883.774,Pinned,Device,NVIDIA A100-SXM4-40GB MIG 4g.20gb (0),1,,13,[CUDA memcpy Host-to-Device]
2482542479,8064,98951,273,1,1,8,4,1,39,0.002,0.000,,,,,NVIDIA A100-SXM4-40GB MIG 4g.20gb (0),1,,13,"void channel_eq::eqMmseCoefCompLowMimoKernel<float, float, float, (unsigned int)4, (unsigned int)1, (unsigned int)4>(const channel_eq::_puschRxChEqStatDescr *, channel_eq::_puschRxChEqCoefCompDynDescr)"
2482551823,7903,98952,273,1,1,12,11,1,51,0.002,0.000,,,,,NVIDIA A100-SXM4-40GB MIG 4g.20gb (0),1,,13,"void channel_eq::eqMmseSoftDemapKernel<float, __half, __half, float, (unsigned int)4, (unsigned short)16383>(channel_eq::_puschRxChEqStatDescr *, channel_eq::_puschRxChEqSoftDemapDynDescr)"
2482564366,290397,98953,1,1,1,32,32,1,30,0.000,0.000,,,,,NVIDIA A100-SXM4-40GB MIG 4g.20gb (0),1,,13,"void convert_kernel<float2, __half2>(tensor_layout_any, T1 *, tensor_layout_any, const T2 *)"
2482855851,10912,98965,2253,1,1,128,1,1,16,0.000,0.000,,,,,NVIDIA A100-SXM4-40GB MIG 4g.20gb (0),1,,13,cupy_copy__float16_float16
2482871883,3712,98974,282,1,1,128,1,1,16,0.000,0.000,,,,,NVIDIA A100-SXM4-40GB MIG 4g.20gb (0),1,,13,cupy_copy__complex64_complex64
2482877451,2208,98983,26,1,1,128,1,1,16,0.000,0.000,,,,,NVIDIA A100-SXM4-40GB MIG 4g.20gb (0),1,,13,cupy_copy__float32_float32
2482880651,2975,98992,103,1,1,128,1,1,16,0.000,0.000,,,,,NVIDIA A100-SXM4-40GB MIG 4g.20gb (0),1,,13,cupy_copy__complex64_complex64
2482886314,12512,99002,1434,1,1,128,1,1,16,0.000,0.000,,,,,NVIDIA A100-SXM4-40GB MIG 4g.20gb (0),1,,13,cupy_copy__complex64_complex64
2482903178,86079,99007,1,1,1,32,32,1,30,0.000,0.000,,,,,NVIDIA A100-SXM4-40GB MIG 4g.20gb (0),1,,13,"void convert_kernel<__half2, float2>(tensor_layout_any, T1 *, tensor_layout_any, const T2 *)"
2483016777,5568,99010,,,,,,,,,,0.094,16827.521,Pinned,Device,NVIDIA A100-SXM4-40GB MIG 4g.20gb (0),1,,13,[CUDA memcpy Host-to-Device]
2483027145,593880,99011,,,,,,,,,,456.561,768392.904,Device,,NVIDIA A100-SXM4-40GB MIG 4g.20gb (0),1,,13,[CUDA memset]
2483625409,90271,99016,,,,,,,,,,1.235,13679.475,Pinned,Device,NVIDIA A100-SXM4-40GB MIG 4g.20gb (0),1,,13,[CUDA memcpy Host-to-Device]
2483724512,28896,99017,,,,,,,,,,0.197,6803.816,Pinned,Device,NVIDIA A100-SXM4-40GB MIG 4g.20gb (0),1,,13,[CUDA memcpy Host-to-Device]
2483770816,7263,99018,69,4,1,48,1,1,76,0.002,0.000,,,,,NVIDIA A100-SXM4-40GB MIG 4g.20gb (0),1,,13,"void ch_est::windowedChEstPreNoDftSOfdmKernel<float, __half, float, (unsigned int)2, (unsigned int)1, (unsigned short)4>(ch_est::puschRxChEstStatDescr_t *, ch_est::puschRxChEstDynDescr_t *)"
2483788671,6560,99019,137,2,1,24,2,1,44,0.001,0.001,,,,,NVIDIA A100-SXM4-40GB MIG 4g.20gb (0),1,,13,"void ch_est::chEstFilterNoDftSOfdmDispatchKernel<float, __half, float, (unsigned int)2>(ch_est::puschRxChEstStatDescr_t *, ch_est::puschRxChEstDynDescr_t *)"
2483800063,4736,99020,137,2,1,24,2,1,44,0.001,0.001,,,,,NVIDIA A100-SXM4-40GB MIG 4g.20gb (0),1,,13,"void ch_est::chEstFilterNoDftSOfdmDispatchKernel<float, __half, float, (unsigned int)2>(ch_est::puschRxChEstStatDescr_t *, ch_est::puschRxChEstDynDescr_t *)"
2483817983,2720,99031,103,1,1,128,1,1,16,0.000,0.000,,,,,NVIDIA A100-SXM4-40GB MIG 4g.20gb (0),1,,13,cupy_copy__complex64_complex64
2483829023,12736,99041,1434,1,1,128,1,1,16,0.000,0.000,,,,,NVIDIA A100-SXM4-40GB MIG 4g.20gb (0),1,,13,cupy_copy__complex64_complex64
2483861182,2592,99048,103,1,1,128,1,1,16,0.000,0.000,,,,,NVIDIA A100-SXM4-40GB MIG 4g.20gb (0),1,,13,cupy_copy__complex64_complex64
2483876382,82559,99055,1,1,1,32,32,1,30,0.000,0.000,,,,,NVIDIA A100-SXM4-40GB MIG 4g.20gb (0),1,,13,"void convert_kernel<__half2, float2>(tensor_layout_any, T1 *, tensor_layout_any, const T2 *)"
2483992445,21440,99058,,,,,,,,,,0.094,4370.075,Pinned,Device,NVIDIA A100-SXM4-40GB MIG 4g.20gb (0),1,,13,[CUDA memcpy Host-to-Device]
2484024124,46784,99059,,,,,,,,,,35.810,765401.230,Device,,NVIDIA A100-SXM4-40GB MIG 4g.20gb (0),1,,13,[CUDA memset]
2484079580,14240,99061,,,,,,,,,,0.000,5.618,Pinned,Device,NVIDIA A100-SXM4-40GB MIG 4g.20gb (0),1,,13,[CUDA memcpy Host-to-Device]
2484103739,26208,99062,,,,,,,,,,0.197,7501.775,Pinned,Device,NVIDIA A100-SXM4-40GB MIG 4g.20gb (0),1,,13,[CUDA memcpy Host-to-Device]
2484149883,8512,99063,273,1,1,48,1,1,40,0.000,0.001,,,,,NVIDIA A100-SXM4-40GB MIG 4g.20gb (0),1,,13,"void pusch_noise_intf_est::noiseIntfEstNoDftSOfdmKernel<float, __half, float, float, (unsigned int)2, (unsigned int)1, (unsigned char)4, (unsigned char)4>(pusch_noise_intf_est::puschRxNoiseIntfEstDynDescr)"
2484163643,2752,99074,35,1,1,128,1,1,16,0.000,0.000,,,,,NVIDIA A100-SXM4-40GB MIG 4g.20gb (0),1,,13,cupy_copy__complex64_complex64
2484177306,1696,99083,1,1,1,1,1,1,18,0.000,0.000,,,,,NVIDIA A100-SXM4-40GB MIG 4g.20gb (0),1,,13,cupy_copy__float32_float32
2484183002,6752,99089,,,,,,,,,,0.000,0.592,Device,Pageable,NVIDIA A100-SXM4-40GB MIG 4g.20gb (0),1,,7,[CUDA memcpy Device-to-Host]
2484265177,12864,99100,1434,1,1,128,1,1,16,0.000,0.000,,,,,NVIDIA A100-SXM4-40GB MIG 4g.20gb (0),1,,13,cupy_copy__complex64_complex64
2484295353,3392,99107,103,1,1,128,1,1,16,0.000,0.000,,,,,NVIDIA A100-SXM4-40GB MIG 4g.20gb (0),1,,13,cupy_copy__complex64_complex64
2484313049,2560,99114,35,1,1,128,1,1,16,0.000,0.000,,,,,NVIDIA A100-SXM4-40GB MIG 4g.20gb (0),1,,13,cupy_copy__complex64_complex64
2484330457,1760,99121,1,1,1,1,1,1,18,0.000,0.000,,,,,NVIDIA A100-SXM4-40GB MIG 4g.20gb (0),1,,13,cupy_copy__float32_float32
2484468279,88063,99132,1,1,1,32,32,1,30,0.000,0.000,,,,,NVIDIA A100-SXM4-40GB MIG 4g.20gb (0),1,,13,"void convert_kernel<__half2, float2>(tensor_layout_any, T1 *, tensor_layout_any, const T2 *)"
2484584309,5664,99135,,,,,,,,,,0.094,16542.310,Pinned,Device,NVIDIA A100-SXM4-40GB MIG 4g.20gb (0),1,,13,[CUDA memcpy Host-to-Device]
2484598869,3296,99136,,,,,,,,,,1.547,469242.628,Device,,NVIDIA A100-SXM4-40GB MIG 4g.20gb (0),1,,13,[CUDA memset]
2484605589,3200,99141,,,,,,,,,,0.031,9780.000,Pinned,Device,NVIDIA A100-SXM4-40GB MIG 4g.20gb (0),1,,13,[CUDA memcpy Host-to-Device]
2484611221,10560,99142,,,,,,,,,,0.197,18617.991,Pinned,Device,NVIDIA A100-SXM4-40GB MIG 4g.20gb (0),1,,13,[CUDA memcpy Host-to-Device]
2484627125,6208,99143,273,1,1,8,4,1,39,0.002,0.000,,,,,NVIDIA A100-SXM4-40GB MIG 4g.20gb (0),1,,13,"void channel_eq::eqMmseCoefCompLowMimoKernel<float, float, float, (unsigned int)4, (unsigned int)1, (unsigned int)4>(const channel_eq::_puschRxChEqStatDescr *, channel_eq::_puschRxChEqCoefCompDynDescr)"
2484637397,5312,99144,273,1,1,12,11,1,51,0.002,0.000,,,,,NVIDIA A100-SXM4-40GB MIG 4g.20gb (0),1,,13,"void channel_eq::eqMmseSoftDemapKernel<float, __half, __half, float, (unsigned int)4, (unsigned short)16383>(channel_eq::_puschRxChEqStatDescr *, channel_eq::_puschRxChEqSoftDemapDynDescr)"
2484645397,295388,99145,1,1,1,32,32,1,30,0.000,0.000,,,,,NVIDIA A100-SXM4-40GB MIG 4g.20gb (0),1,,13,"void convert_kernel<float2, __half2>(tensor_layout_any, T1 *, tensor_layout_any, const T2 *)"
2484941809,10848,99157,2253,1,1,128,1,1,16,0.000,0.000,,,,,NVIDIA A100-SXM4-40GB MIG 4g.20gb (0),1,,13,cupy_copy__float16_float16
2484956113,3648,99166,282,1,1,128,1,1,16,0.000,0.000,,,,,NVIDIA A100-SXM4-40GB MIG 4g.20gb (0),1,,13,cupy_copy__complex64_complex64
2484962449,2272,99175,26,1,1,128,1,1,16,0.000,0.000,,,,,NVIDIA A100-SXM4-40GB MIG 4g.20gb (0),1,,13,cupy_copy__float32_float32
2484965745,2880,99184,103,1,1,128,1,1,16,0.000,0.000,,,,,NVIDIA A100-SXM4-40GB MIG 4g.20gb (0),1,,13,cupy_copy__complex64_complex64
2484970193,11968,99194,1434,1,1,128,1,1,16,0.000,0.000,,,,,NVIDIA A100-SXM4-40GB MIG 4g.20gb (0),1,,13,cupy_copy__complex64_complex64
2484983377,82399,99199,1,1,1,32,32,1,30,0.000,0.000,,,,,NVIDIA A100-SXM4-40GB MIG 4g.20gb (0),1,,13,"void convert_kernel<__half2, float2>(tensor_layout_any, T1 *, tensor_layout_any, const T2 *)"
2485092815,5696,99202,,,,,,,,,,0.094,16449.363,Pinned,Device,NVIDIA A100-SXM4-40GB MIG 4g.20gb (0),1,,13,[CUDA memcpy Host-to-Device]
2485102671,596409,99203,,,,,,,,,,456.561,765196.973,Device,,NVIDIA A100-SXM4-40GB MIG 4g.20gb (0),1,,13,[CUDA memset]
2485706504,155230,99208,,,,,,,,,,1.235,7955.509,Pinned,Device,NVIDIA A100-SXM4-40GB MIG 4g.20gb (0),1,,13,[CUDA memcpy Host-to-Device]
2485868166,32031,99209,,,,,,,,,,0.197,6137.905,Pinned,Device,NVIDIA A100-SXM4-40GB MIG 4g.20gb (0),1,,13,[CUDA memcpy Host-to-Device]
2485919109,8256,99210,69,4,1,48,1,1,76,0.002,0.000,,,,,NVIDIA A100-SXM4-40GB MIG 4g.20gb (0),1,,13,"void ch_est::windowedChEstPreNoDftSOfdmKernel<float, __half, float, (unsigned int)2, (unsigned int)1, (unsigned short)4>(ch_est::puschRxChEstStatDescr_t *, ch_est::puschRxChEstDynDescr_t *)"
2485929957,6432,99211,137,2,1,24,2,1,44,0.001,0.001,,,,,NVIDIA A100-SXM4-40GB MIG 4g.20gb (0),1,,13,"void ch_est::chEstFilterNoDftSOfdmDispatchKernel<float, __half, float, (unsigned int)2>(ch_est::puschRxChEstStatDescr_t *, ch_est::puschRxChEstDynDescr_t *)"
2485938341,4960,99212,137,2,1,24,2,1,44,0.001,0.001,,,,,NVIDIA A100-SXM4-40GB MIG 4g.20gb (0),1,,13,"void ch_est::chEstFilterNoDftSOfdmDispatchKernel<float, __half, float, (unsigned int)2>(ch_est::puschRxChEstStatDescr_t *, ch_est::puschRxChEstDynDescr_t *)"
2485946341,2688,99223,103,1,1,128,1,1,16,0.000,0.000,,,,,NVIDIA A100-SXM4-40GB MIG 4g.20gb (0),1,,13,cupy_copy__complex64_complex64
2485955749,12511,99233,1434,1,1,128,1,1,16,0.000,0.000,,,,,NVIDIA A100-SXM4-40GB MIG 4g.20gb (0),1,,13,cupy_copy__complex64_complex64
2485971108,2464,99240,103,1,1,128,1,1,16,0.000,0.000,,,,,NVIDIA A100-SXM4-40GB MIG 4g.20gb (0),1,,13,cupy_copy__complex64_complex64
2485980324,89887,99247,1,1,1,32,32,1,30,0.000,0.000,,,,,NVIDIA A100-SXM4-40GB MIG 4g.20gb (0),1,,13,"void convert_kernel<__half2, float2>(tensor_layout_any, T1 *, tensor_layout_any, const T2 *)"
2486098723,12960,99250,,,,,,,,,,0.094,7229.583,Pinned,Device,NVIDIA A100-SXM4-40GB MIG 4g.20gb (0),1,,13,[CUDA memcpy Host-to-Device]
2486125058,47616,99251,,,,,,,,,,35.810,752044.130,Device,,NVIDIA A100-SXM4-40GB MIG 4g.20gb (0),1,,13,[CUDA memset]
2486180482,7392,99253,,,,,,,,,,0.000,10.822,Pinned,Device,NVIDIA A100-SXM4-40GB MIG 4g.20gb (0),1,,13,[CUDA memcpy Host-to-Device]
2486194594,20415,99254,,,,,,,,,,0.197,9630.450,Pinned,Device,NVIDIA A100-SXM4-40GB MIG 4g.20gb (0),1,,13,[CUDA memcpy Host-to-Device]
2486231937,10080,99255,273,1,1,48,1,1,40,0.000,0.001,,,,,NVIDIA A100-SXM4-40GB MIG 4g.20gb (0),1,,13,"void pusch_noise_intf_est::noiseIntfEstNoDftSOfdmKernel<float, __half, float, float, (unsigned int)2, (unsigned int)1, (unsigned char)4, (unsigned char)4>(pusch_noise_intf_est::puschRxNoiseIntfEstDynDescr)"
2486251425,2688,99266,35,1,1,128,1,1,16,0.000,0.000,,,,,NVIDIA A100-SXM4-40GB MIG 4g.20gb (0),1,,13,cupy_copy__complex64_complex64
2486262337,1696,99275,1,1,1,1,1,1,18,0.000,0.000,,,,,NVIDIA A100-SXM4-40GB MIG 4g.20gb (0),1,,13,cupy_copy__float32_float32
2486267521,3136,99281,,,,,,,,,,0.000,1.276,Device,Pageable,NVIDIA A100-SXM4-40GB MIG 4g.20gb (0),1,,7,[CUDA memcpy Device-to-Host]
2486340064,12832,99292,1434,1,1,128,1,1,16,0.000,0.000,,,,,NVIDIA A100-SXM4-40GB MIG 4g.20gb (0),1,,13,cupy_copy__complex64_complex64
2486371615,3104,99299,103,1,1,128,1,1,16,0.000,0.000,,,,,NVIDIA A100-SXM4-40GB MIG 4g.20gb (0),1,,13,cupy_copy__complex64_complex64
2486392895,2592,99306,35,1,1,128,1,1,16,0.000,0.000,,,,,NVIDIA A100-SXM4-40GB MIG 4g.20gb (0),1,,13,cupy_copy__complex64_complex64
2486407487,1696,99313,1,1,1,1,1,1,18,0.000,0.000,,,,,NVIDIA A100-SXM4-40GB MIG 4g.20gb (0),1,,13,cupy_copy__float32_float32
2486532733,81759,99324,1,1,1,32,32,1,30,0.000,0.000,,,,,NVIDIA A100-SXM4-40GB MIG 4g.20gb (0),1,,13,"void convert_kernel<__half2, float2>(tensor_layout_any, T1 *, tensor_layout_any, const T2 *)"
2486642268,5632,99327,,,,,,,,,,0.094,16636.287,Pinned,Device,NVIDIA A100-SXM4-40GB MIG 4g.20gb (0),1,,13,[CUDA memcpy Host-to-Device]
2486657948,3232,99328,,,,,,,,,,1.547,478533.199,Device,,NVIDIA A100-SXM4-40GB MIG 4g.20gb (0),1,,13,[CUDA memset]
2486663260,3008,99333,,,,,,,,,,0.031,10404.230,Pinned,Device,NVIDIA A100-SXM4-40GB MIG 4g.20gb (0),1,,13,[CUDA memcpy Host-to-Device]
2486669020,10016,99334,,,,,,,,,,0.197,19629.343,Pinned,Device,NVIDIA A100-SXM4-40GB MIG 4g.20gb (0),1,,13,[CUDA memcpy Host-to-Device]
2486683036,6367,99335,273,1,1,8,4,1,39,0.002,0.000,,,,,NVIDIA A100-SXM4-40GB MIG 4g.20gb (0),1,,13,"void channel_eq::eqMmseCoefCompLowMimoKernel<float, float, float, (unsigned int)4, (unsigned int)1, (unsigned int)4>(const channel_eq::_puschRxChEqStatDescr *, channel_eq::_puschRxChEqCoefCompDynDescr)"
2486690363,6208,99336,273,1,1,12,11,1,51,0.002,0.000,,,,,NVIDIA A100-SXM4-40GB MIG 4g.20gb (0),1,,13,"void channel_eq::eqMmseSoftDemapKernel<float, __half, __half, float, (unsigned int)4, (unsigned short)16383>(channel_eq::_puschRxChEqStatDescr *, channel_eq::_puschRxChEqSoftDemapDynDescr)"
2486697531,282845,99337,1,1,1,32,32,1,30,0.000,0.000,,,,,NVIDIA A100-SXM4-40GB MIG 4g.20gb (0),1,,13,"void convert_kernel<float2, __half2>(tensor_layout_any, T1 *, tensor_layout_any, const T2 *)"
2486981496,10944,99349,2253,1,1,128,1,1,16,0.000,0.000,,,,,NVIDIA A100-SXM4-40GB MIG 4g.20gb (0),1,,13,cupy_copy__float16_float16
2486996728,2912,99358,282,1,1,128,1,1,16,0.000,0.000,,,,,NVIDIA A100-SXM4-40GB MIG 4g.20gb (0),1,,13,cupy_copy__complex64_complex64
2487002904,2016,99367,26,1,1,128,1,1,16,0.000,0.000,,,,,NVIDIA A100-SXM4-40GB MIG 4g.20gb (0),1,,13,cupy_copy__float32_float32
2487006872,2911,99376,103,1,1,128,1,1,16,0.000,0.000,,,,,NVIDIA A100-SXM4-40GB MIG 4g.20gb (0),1,,13,cupy_copy__complex64_complex64
2487012535,11936,99386,1434,1,1,128,1,1,16,0.000,0.000,,,,,NVIDIA A100-SXM4-40GB MIG 4g.20gb (0),1,,13,cupy_copy__complex64_complex64
2487043223,86847,99391,1,1,1,32,32,1,30,0.000,0.000,,,,,NVIDIA A100-SXM4-40GB MIG 4g.20gb (0),1,,13,"void convert_kernel<__half2, float2>(tensor_layout_any, T1 *, tensor_layout_any, const T2 *)"
2487157046,5376,99394,,,,,,,,,,0.094,17428.487,Pinned,Device,NVIDIA A100-SXM4-40GB MIG 4g.20gb (0),1,,13,[CUDA memcpy Host-to-Device]
2487169302,597880,99395,,,,,,,,,,456.561,763370.728,Device,,NVIDIA A100-SXM4-40GB MIG 4g.20gb (0),1,,13,[CUDA memset]
2487772078,137182,99400,,,,,,,,,,1.235,9001.507,Pinned,Device,NVIDIA A100-SXM4-40GB MIG 4g.20gb (0),1,,13,[CUDA memcpy Host-to-Device]
2487916716,31936,99401,,,,,,,,,,0.197,6156.190,Pinned,Device,NVIDIA A100-SXM4-40GB MIG 4g.20gb (0),1,,13,[CUDA memcpy Host-to-Device]
2487970732,8383,99402,69,4,1,48,1,1,76,0.002,0.000,,,,,NVIDIA A100-SXM4-40GB MIG 4g.20gb (0),1,,13,"void ch_est::windowedChEstPreNoDftSOfdmKernel<float, __half, float, (unsigned int)2, (unsigned int)1, (unsigned short)4>(ch_est::puschRxChEstStatDescr_t *, ch_est::puschRxChEstDynDescr_t *)"
2487986571,6784,99403,137,2,1,24,2,1,44,0.001,0.001,,,,,NVIDIA A100-SXM4-40GB MIG 4g.20gb (0),1,,13,"void ch_est::chEstFilterNoDftSOfdmDispatchKernel<float, __half, float, (unsigned int)2>(ch_est::puschRxChEstStatDescr_t *, ch_est::puschRxChEstDynDescr_t *)"
2487999211,4800,99404,137,2,1,24,2,1,44,0.001,0.001,,,,,NVIDIA A100-SXM4-40GB MIG 4g.20gb (0),1,,13,"void ch_est::chEstFilterNoDftSOfdmDispatchKernel<float, __half, float, (unsigned int)2>(ch_est::puschRxChEstStatDescr_t *, ch_est::puschRxChEstDynDescr_t *)"
2488010763,2816,99415,103,1,1,128,1,1,16,0.000,0.000,,,,,NVIDIA A100-SXM4-40GB MIG 4g.20gb (0),1,,13,cupy_copy__complex64_complex64
2488019435,12608,99425,1434,1,1,128,1,1,16,0.000,0.000,,,,,NVIDIA A100-SXM4-40GB MIG 4g.20gb (0),1,,13,cupy_copy__complex64_complex64
2488047883,2528,99432,103,1,1,128,1,1,16,0.000,0.000,,,,,NVIDIA A100-SXM4-40GB MIG 4g.20gb (0),1,,13,cupy_copy__complex64_complex64
2488062922,84255,99439,1,1,1,32,32,1,30,0.000,0.000,,,,,NVIDIA A100-SXM4-40GB MIG 4g.20gb (0),1,,13,"void convert_kernel<__half2, float2>(tensor_layout_any, T1 *, tensor_layout_any, const T2 *)"
2488174505,7968,99442,,,,,,,,,,0.094,11759.035,Pinned,Device,NVIDIA A100-SXM4-40GB MIG 4g.20gb (0),1,,13,[CUDA memcpy Host-to-Device]
2488191017,47167,99443,,,,,,,,,,35.810,759206.114,Device,,NVIDIA A100-SXM4-40GB MIG 4g.20gb (0),1,,13,[CUDA memset]
2488242120,2048,99445,,,,,,,,,,0.000,39.062,Pinned,Device,NVIDIA A100-SXM4-40GB MIG 4g.20gb (0),1,,13,[CUDA memcpy Host-to-Device]
2488248616,12928,99446,,,,,,,,,,0.197,15207.825,Pinned,Device,NVIDIA A100-SXM4-40GB MIG 4g.20gb (0),1,,13,[CUDA memcpy Host-to-Device]
2488269928,12800,99447,273,1,1,48,1,1,40,0.000,0.001,,,,,NVIDIA A100-SXM4-40GB MIG 4g.20gb (0),1,,13,"void pusch_noise_intf_est::noiseIntfEstNoDftSOfdmKernel<float, __half, float, float, (unsigned int)2, (unsigned int)1, (unsigned char)4, (unsigned char)4>(pusch_noise_intf_est::puschRxNoiseIntfEstDynDescr)"
2488286408,3328,99458,35,1,1,128,1,1,16,0.000,0.000,,,,,NVIDIA A100-SXM4-40GB MIG 4g.20gb (0),1,,13,cupy_copy__complex64_complex64
2488296264,1888,99467,1,1,1,1,1,1,18,0.000,0.000,,,,,NVIDIA A100-SXM4-40GB MIG 4g.20gb (0),1,,13,cupy_copy__float32_float32
2488327495,1728,99473,,,,,,,,,,0.000,2.315,Device,Pageable,NVIDIA A100-SXM4-40GB MIG 4g.20gb (0),1,,7,[CUDA memcpy Device-to-Host]
2488389158,13184,99484,1434,1,1,128,1,1,16,0.000,0.000,,,,,NVIDIA A100-SXM4-40GB MIG 4g.20gb (0),1,,13,cupy_copy__complex64_complex64
2488415046,3360,99491,103,1,1,128,1,1,16,0.000,0.000,,,,,NVIDIA A100-SXM4-40GB MIG 4g.20gb (0),1,,13,cupy_copy__complex64_complex64
2488436582,2880,99498,35,1,1,128,1,1,16,0.000,0.000,,,,,NVIDIA A100-SXM4-40GB MIG 4g.20gb (0),1,,13,cupy_copy__complex64_complex64
2488453862,1952,99505,1,1,1,1,1,1,18,0.000,0.000,,,,,NVIDIA A100-SXM4-40GB MIG 4g.20gb (0),1,,13,cupy_copy__float32_float32
2488584708,87295,99516,1,1,1,32,32,1,30,0.000,0.000,,,,,NVIDIA A100-SXM4-40GB MIG 4g.20gb (0),1,,13,"void convert_kernel<__half2, float2>(tensor_layout_any, T1 *, tensor_layout_any, const T2 *)"
2488699971,5728,99519,,,,,,,,,,0.094,16357.541,Pinned,Device,NVIDIA A100-SXM4-40GB MIG 4g.20gb (0),1,,13,[CUDA memcpy Host-to-Device]
2488715426,3136,99520,,,,,,,,,,1.547,493182.821,Device,,NVIDIA A100-SXM4-40GB MIG 4g.20gb (0),1,,13,[CUDA memset]
2488721410,3360,99525,,,,,,,,,,0.031,9314.284,Pinned,Device,NVIDIA A100-SXM4-40GB MIG 4g.20gb (0),1,,13,[CUDA memcpy Host-to-Device]
2488726850,9664,99526,,,,,,,,,,0.197,20344.209,Pinned,Device,NVIDIA A100-SXM4-40GB MIG 4g.20gb (0),1,,13,[CUDA memcpy Host-to-Device]
2488741282,6560,99527,273,1,1,8,4,1,39,0.002,0.000,,,,,NVIDIA A100-SXM4-40GB MIG 4g.20gb (0),1,,13,"void channel_eq::eqMmseCoefCompLowMimoKernel<float, float, float, (unsigned int)4, (unsigned int)1, (unsigned int)4>(const channel_eq::_puschRxChEqStatDescr *, channel_eq::_puschRxChEqCoefCompDynDescr)"
2488751266,5568,99528,273,1,1,12,11,1,51,0.002,0.000,,,,,NVIDIA A100-SXM4-40GB MIG 4g.20gb (0),1,,13,"void channel_eq::eqMmseSoftDemapKernel<float, __half, __half, float, (unsigned int)4, (unsigned short)16383>(channel_eq::_puschRxChEqStatDescr *, channel_eq::_puschRxChEqSoftDemapDynDescr)"
2488757858,282620,99529,1,1,1,32,32,1,30,0.000,0.000,,,,,NVIDIA A100-SXM4-40GB MIG 4g.20gb (0),1,,13,"void convert_kernel<float2, __half2>(tensor_layout_any, T1 *, tensor_layout_any, const T2 *)"
2489042014,11296,99541,2253,1,1,128,1,1,16,0.000,0.000,,,,,NVIDIA A100-SXM4-40GB MIG 4g.20gb (0),1,,13,cupy_copy__float16_float16
2489054590,3008,99550,282,1,1,128,1,1,16,0.000,0.000,,,,,NVIDIA A100-SXM4-40GB MIG 4g.20gb (0),1,,13,cupy_copy__complex64_complex64
2489061310,2016,99559,26,1,1,128,1,1,16,0.000,0.000,,,,,NVIDIA A100-SXM4-40GB MIG 4g.20gb (0),1,,13,cupy_copy__float32_float32
2489065470,4608,99568,103,1,1,128,1,1,16,0.000,0.000,,,,,NVIDIA A100-SXM4-40GB MIG 4g.20gb (0),1,,13,cupy_copy__complex64_complex64
2489072766,12224,99578,1434,1,1,128,1,1,16,0.000,0.000,,,,,NVIDIA A100-SXM4-40GB MIG 4g.20gb (0),1,,13,cupy_copy__complex64_complex64
2489094142,87135,99583,1,1,1,32,32,1,30,0.000,0.000,,,,,NVIDIA A100-SXM4-40GB MIG 4g.20gb (0),1,,13,"void convert_kernel<__half2, float2>(tensor_layout_any, T1 *, tensor_layout_any, const T2 *)"
2489207996,6240,99586,,,,,,,,,,0.094,15015.346,Pinned,Device,NVIDIA A100-SXM4-40GB MIG 4g.20gb (0),1,,13,[CUDA memcpy Host-to-Device]
2489219836,599129,99587,,,,,,,,,,456.561,762001.043,Device,,NVIDIA A100-SXM4-40GB MIG 4g.20gb (0),1,,13,[CUDA memset]
2489829941,147262,99592,,,,,,,,,,1.235,8385.270,Pinned,Device,NVIDIA A100-SXM4-40GB MIG 4g.20gb (0),1,,13,[CUDA memcpy Host-to-Device]
2489989939,40255,99593,,,,,,,,,,0.197,4883.939,Pinned,Device,NVIDIA A100-SXM4-40GB MIG 4g.20gb (0),1,,13,[CUDA memcpy Host-to-Device]
2490047442,8576,99594,69,4,1,48,1,1,76,0.002,0.000,,,,,NVIDIA A100-SXM4-40GB MIG 4g.20gb (0),1,,13,"void ch_est::windowedChEstPreNoDftSOfdmKernel<float, __half, float, (unsigned int)2, (unsigned int)1, (unsigned short)4>(ch_est::puschRxChEstStatDescr_t *, ch_est::puschRxChEstDynDescr_t *)"
2490065554,6848,99595,137,2,1,24,2,1,44,0.001,0.001,,,,,NVIDIA A100-SXM4-40GB MIG 4g.20gb (0),1,,13,"void ch_est::chEstFilterNoDftSOfdmDispatchKernel<float, __half, float, (unsigned int)2>(ch_est::puschRxChEstStatDescr_t *, ch_est::puschRxChEstDynDescr_t *)"
2490085201,4640,99596,137,2,1,24,2,1,44,0.001,0.001,,,,,NVIDIA A100-SXM4-40GB MIG 4g.20gb (0),1,,13,"void ch_est::chEstFilterNoDftSOfdmDispatchKernel<float, __half, float, (unsigned int)2>(ch_est::puschRxChEstStatDescr_t *, ch_est::puschRxChEstDynDescr_t *)"
2490101969,2720,99607,103,1,1,128,1,1,16,0.000,0.000,,,,,NVIDIA A100-SXM4-40GB MIG 4g.20gb (0),1,,13,cupy_copy__complex64_complex64
2490118833,12736,99617,1434,1,1,128,1,1,16,0.000,0.000,,,,,NVIDIA A100-SXM4-40GB MIG 4g.20gb (0),1,,13,cupy_copy__complex64_complex64
2490137425,2912,99624,103,1,1,128,1,1,16,0.000,0.000,,,,,NVIDIA A100-SXM4-40GB MIG 4g.20gb (0),1,,13,cupy_copy__complex64_complex64
2490157297,100638,99631,1,1,1,32,32,1,30,0.000,0.000,,,,,NVIDIA A100-SXM4-40GB MIG 4g.20gb (0),1,,13,"void convert_kernel<__half2, float2>(tensor_layout_any, T1 *, tensor_layout_any, const T2 *)"
2490286095,20896,99634,,,,,,,,,,0.094,4483.916,Pinned,Device,NVIDIA A100-SXM4-40GB MIG 4g.20gb (0),1,,13,[CUDA memcpy Host-to-Device]
2490329902,47296,99635,,,,,,,,,,35.810,757129.139,Device,,NVIDIA A100-SXM4-40GB MIG 4g.20gb (0),1,,13,[CUDA memset]
2490381774,14752,99637,,,,,,,,,,0.000,5.423,Pinned,Device,NVIDIA A100-SXM4-40GB MIG 4g.20gb (0),1,,13,[CUDA memcpy Host-to-Device]
2490406317,25344,99638,,,,,,,,,,0.197,7757.562,Pinned,Device,NVIDIA A100-SXM4-40GB MIG 4g.20gb (0),1,,13,[CUDA memcpy Host-to-Device]
2490451245,9856,99639,273,1,1,48,1,1,40,0.000,0.001,,,,,NVIDIA A100-SXM4-40GB MIG 4g.20gb (0),1,,13,"void pusch_noise_intf_est::noiseIntfEstNoDftSOfdmKernel<float, __half, float, float, (unsigned int)2, (unsigned int)1, (unsigned char)4, (unsigned char)4>(pusch_noise_intf_est::puschRxNoiseIntfEstDynDescr)"
2490468557,2624,99650,35,1,1,128,1,1,16,0.000,0.000,,,,,NVIDIA A100-SXM4-40GB MIG 4g.20gb (0),1,,13,cupy_copy__complex64_complex64
2490476045,1696,99659,1,1,1,1,1,1,18,0.000,0.000,,,,,NVIDIA A100-SXM4-40GB MIG 4g.20gb (0),1,,13,cupy_copy__float32_float32
2490480525,5823,99665,,,,,,,,,,0.000,0.687,Device,Pageable,NVIDIA A100-SXM4-40GB MIG 4g.20gb (0),1,,7,[CUDA memcpy Device-to-Host]
2490550732,12768,99676,1434,1,1,128,1,1,16,0.000,0.000,,,,,NVIDIA A100-SXM4-40GB MIG 4g.20gb (0),1,,13,cupy_copy__complex64_complex64
2490577771,2752,99683,103,1,1,128,1,1,16,0.000,0.000,,,,,NVIDIA A100-SXM4-40GB MIG 4g.20gb (0),1,,13,cupy_copy__complex64_complex64
2490599339,2592,99690,35,1,1,128,1,1,16,0.000,0.000,,,,,NVIDIA A100-SXM4-40GB MIG 4g.20gb (0),1,,13,cupy_copy__complex64_complex64
2490619915,1920,99697,1,1,1,1,1,1,18,0.000,0.000,,,,,NVIDIA A100-SXM4-40GB MIG 4g.20gb (0),1,,13,cupy_copy__float32_float32
2490749833,82271,99708,1,1,1,32,32,1,30,0.000,0.000,,,,,NVIDIA A100-SXM4-40GB MIG 4g.20gb (0),1,,13,"void convert_kernel<__half2, float2>(tensor_layout_any, T1 *, tensor_layout_any, const T2 *)"
2490869384,5696,99711,,,,,,,,,,0.094,16449.363,Pinned,Device,NVIDIA A100-SXM4-40GB MIG 4g.20gb (0),1,,13,[CUDA memcpy Host-to-Device]
2490884808,3424,99712,,,,,,,,,,1.547,451700.819,Device,,NVIDIA A100-SXM4-40GB MIG 4g.20gb (0),1,,13,[CUDA memset]
2490891687,3008,99717,,,,,,,,,,0.031,10404.230,Pinned,Device,NVIDIA A100-SXM4-40GB MIG 4g.20gb (0),1,,13,[CUDA memcpy Host-to-Device]
2490897607,9664,99718,,,,,,,,,,0.197,20344.209,Pinned,Device,NVIDIA A100-SXM4-40GB MIG 4g.20gb (0),1,,13,[CUDA memcpy Host-to-Device]
2490914855,6112,99719,273,1,1,8,4,1,39,0.002,0.000,,,,,NVIDIA A100-SXM4-40GB MIG 4g.20gb (0),1,,13,"void channel_eq::eqMmseCoefCompLowMimoKernel<float, float, float, (unsigned int)4, (unsigned int)1, (unsigned int)4>(const channel_eq::_puschRxChEqStatDescr *, channel_eq::_puschRxChEqCoefCompDynDescr)"
2490922343,7232,99720,273,1,1,12,11,1,51,0.002,0.000,,,,,NVIDIA A100-SXM4-40GB MIG 4g.20gb (0),1,,13,"void channel_eq::eqMmseSoftDemapKernel<float, __half, __half, float, (unsigned int)4, (unsigned short)16383>(channel_eq::_puschRxChEqStatDescr *, channel_eq::_puschRxChEqSoftDemapDynDescr)"
2490930919,294492,99721,1,1,1,32,32,1,30,0.000,0.000,,,,,NVIDIA A100-SXM4-40GB MIG 4g.20gb (0),1,,13,"void convert_kernel<float2, __half2>(tensor_layout_any, T1 *, tensor_layout_any, const T2 *)"
2491228451,10912,99733,2253,1,1,128,1,1,16,0.000,0.000,,,,,NVIDIA A100-SXM4-40GB MIG 4g.20gb (0),1,,13,cupy_copy__float16_float16
2491242755,3296,99742,282,1,1,128,1,1,16,0.000,0.000,,,,,NVIDIA A100-SXM4-40GB MIG 4g.20gb (0),1,,13,cupy_copy__complex64_complex64
2491248867,2048,99751,26,1,1,128,1,1,16,0.000,0.000,,,,,NVIDIA A100-SXM4-40GB MIG 4g.20gb (0),1,,13,cupy_copy__float32_float32
2491252035,2976,99760,103,1,1,128,1,1,16,0.000,0.000,,,,,NVIDIA A100-SXM4-40GB MIG 4g.20gb (0),1,,13,cupy_copy__complex64_complex64
2491257123,11808,99770,1434,1,1,128,1,1,16,0.000,0.000,,,,,NVIDIA A100-SXM4-40GB MIG 4g.20gb (0),1,,13,cupy_copy__complex64_complex64
2491272387,85535,99775,1,1,1,32,32,1,30,0.000,0.000,,,,,NVIDIA A100-SXM4-40GB MIG 4g.20gb (0),1,,13,"void convert_kernel<__half2, float2>(tensor_layout_any, T1 *, tensor_layout_any, const T2 *)"
2491384993,5536,99778,,,,,,,,,,0.094,16924.777,Pinned,Device,NVIDIA A100-SXM4-40GB MIG 4g.20gb (0),1,,13,[CUDA memcpy Host-to-Device]
2491394881,594937,99779,,,,,,,,,,456.561,767023.219,Device,,NVIDIA A100-SXM4-40GB MIG 4g.20gb (0),1,,13,[CUDA memset]
2491990746,161694,99784,,,,,,,,,,1.235,7636.894,Pinned,Device,NVIDIA A100-SXM4-40GB MIG 4g.20gb (0),1,,13,[CUDA memcpy Host-to-Device]
2492166136,42367,99785,,,,,,,,,,0.197,4640.539,Pinned,Device,NVIDIA A100-SXM4-40GB MIG 4g.20gb (0),1,,13,[CUDA memcpy Host-to-Device]
2492236375,8320,99786,69,4,1,48,1,1,76,0.002,0.000,,,,,NVIDIA A100-SXM4-40GB MIG 4g.20gb (0),1,,13,"void ch_est::windowedChEstPreNoDftSOfdmKernel<float, __half, float, (unsigned int)2, (unsigned int)1, (unsigned short)4>(ch_est::puschRxChEstStatDescr_t *, ch_est::puschRxChEstDynDescr_t *)"
2492254007,7104,99787,137,2,1,24,2,1,44,0.001,0.001,,,,,NVIDIA A100-SXM4-40GB MIG 4g.20gb (0),1,,13,"void ch_est::chEstFilterNoDftSOfdmDispatchKernel<float, __half, float, (unsigned int)2>(ch_est::puschRxChEstStatDescr_t *, ch_est::puschRxChEstDynDescr_t *)"
2492271606,4736,99788,137,2,1,24,2,1,44,0.001,0.001,,,,,NVIDIA A100-SXM4-40GB MIG 4g.20gb (0),1,,13,"void ch_est::chEstFilterNoDftSOfdmDispatchKernel<float, __half, float, (unsigned int)2>(ch_est::puschRxChEstStatDescr_t *, ch_est::puschRxChEstDynDescr_t *)"
2492289590,2816,99799,103,1,1,128,1,1,16,0.000,0.000,,,,,NVIDIA A100-SXM4-40GB MIG 4g.20gb (0),1,,13,cupy_copy__complex64_complex64
2492306806,12800,99809,1434,1,1,128,1,1,16,0.000,0.000,,,,,NVIDIA A100-SXM4-40GB MIG 4g.20gb (0),1,,13,cupy_copy__complex64_complex64
2492345302,2591,99816,103,1,1,128,1,1,16,0.000,0.000,,,,,NVIDIA A100-SXM4-40GB MIG 4g.20gb (0),1,,13,cupy_copy__complex64_complex64
2492365877,88863,99823,1,1,1,32,32,1,30,0.000,0.000,,,,,NVIDIA A100-SXM4-40GB MIG 4g.20gb (0),1,,13,"void convert_kernel<__half2, float2>(tensor_layout_any, T1 *, tensor_layout_any, const T2 *)"
2492488372,26431,99826,,,,,,,,,,0.094,3544.894,Pinned,Device,NVIDIA A100-SXM4-40GB MIG 4g.20gb (0),1,,13,[CUDA memcpy Host-to-Device]
2492530835,47296,99827,,,,,,,,,,35.810,757129.139,Device,,NVIDIA A100-SXM4-40GB MIG 4g.20gb (0),1,,13,[CUDA memset]
2492582867,12031,99829,,,,,,,,,,0.000,6.649,Pinned,Device,NVIDIA A100-SXM4-40GB MIG 4g.20gb (0),1,,13,[CUDA memcpy Host-to-Device]
2492601554,32480,99830,,,,,,,,,,0.197,6053.167,Pinned,Device,NVIDIA A100-SXM4-40GB MIG 4g.20gb (0),1,,13,[CUDA memcpy Host-to-Device]
2492642386,9536,99831,273,1,1,48,1,1,40,0.000,0.001,,,,,NVIDIA A100-SXM4-40GB MIG 4g.20gb (0),1,,13,"void pusch_noise_intf_est::noiseIntfEstNoDftSOfdmKernel<float, __half, float, float, (unsigned int)2, (unsigned int)1, (unsigned char)4, (unsigned char)4>(pusch_noise_intf_est::puschRxNoiseIntfEstDynDescr)"
2492659186,2624,99842,35,1,1,128,1,1,16,0.000,0.000,,,,,NVIDIA A100-SXM4-40GB MIG 4g.20gb (0),1,,13,cupy_copy__complex64_complex64
2492675825,1696,99851,1,1,1,1,1,1,18,0.000,0.000,,,,,NVIDIA A100-SXM4-40GB MIG 4g.20gb (0),1,,13,cupy_copy__float32_float32
2492678129,8800,99857,,,,,,,,,,0.000,0.455,Device,Pageable,NVIDIA A100-SXM4-40GB MIG 4g.20gb (0),1,,7,[CUDA memcpy Device-to-Host]
2492768848,12480,99868,1434,1,1,128,1,1,16,0.000,0.000,,,,,NVIDIA A100-SXM4-40GB MIG 4g.20gb (0),1,,13,cupy_copy__complex64_complex64
2492792144,3392,99875,103,1,1,128,1,1,16,0.000,0.000,,,,,NVIDIA A100-SXM4-40GB MIG 4g.20gb (0),1,,13,cupy_copy__complex64_complex64
2492814320,2560,99882,35,1,1,128,1,1,16,0.000,0.000,,,,,NVIDIA A100-SXM4-40GB MIG 4g.20gb (0),1,,13,cupy_copy__complex64_complex64
2492836879,1760,99889,1,1,1,1,1,1,18,0.000,0.000,,,,,NVIDIA A100-SXM4-40GB MIG 4g.20gb (0),1,,13,cupy_copy__float32_float32
2492960942,88543,99900,1,1,1,32,32,1,30,0.000,0.000,,,,,NVIDIA A100-SXM4-40GB MIG 4g.20gb (0),1,,13,"void convert_kernel<__half2, float2>(tensor_layout_any, T1 *, tensor_layout_any, const T2 *)"
2493077452,5728,99903,,,,,,,,,,0.094,16357.541,Pinned,Device,NVIDIA A100-SXM4-40GB MIG 4g.20gb (0),1,,13,[CUDA memcpy Host-to-Device]
2493092140,3200,99904,,,,,,,,,,1.547,483320.000,Device,,NVIDIA A100-SXM4-40GB MIG 4g.20gb (0),1,,13,[CUDA memset]
2493100940,3424,99909,,,,,,,,,,0.031,9140.185,Pinned,Device,NVIDIA A100-SXM4-40GB MIG 4g.20gb (0),1,,13,[CUDA memcpy Host-to-Device]
2493106924,9408,99910,,,,,,,,,,0.197,20897.858,Pinned,Device,NVIDIA A100-SXM4-40GB MIG 4g.20gb (0),1,,13,[CUDA memcpy Host-to-Device]
2493120876,6080,99911,273,1,1,8,4,1,39,0.002,0.000,,,,,NVIDIA A100-SXM4-40GB MIG 4g.20gb (0),1,,13,"void channel_eq::eqMmseCoefCompLowMimoKernel<float, float, float, (unsigned int)4, (unsigned int)1, (unsigned int)4>(const channel_eq::_puschRxChEqStatDescr *, channel_eq::_puschRxChEqCoefCompDynDescr)"
2493128012,7904,99912,273,1,1,12,11,1,51,0.002,0.000,,,,,NVIDIA A100-SXM4-40GB MIG 4g.20gb (0),1,,13,"void channel_eq::eqMmseSoftDemapKernel<float, __half, __half, float, (unsigned int)4, (unsigned short)16383>(channel_eq::_puschRxChEqStatDescr *, channel_eq::_puschRxChEqSoftDemapDynDescr)"
2493138028,282780,99913,1,1,1,32,32,1,30,0.000,0.000,,,,,NVIDIA A100-SXM4-40GB MIG 4g.20gb (0),1,,13,"void convert_kernel<float2, __half2>(tensor_layout_any, T1 *, tensor_layout_any, const T2 *)"
2493421768,10912,99925,2253,1,1,128,1,1,16,0.000,0.000,,,,,NVIDIA A100-SXM4-40GB MIG 4g.20gb (0),1,,13,cupy_copy__float16_float16
2493434728,3680,99934,282,1,1,128,1,1,16,0.000,0.000,,,,,NVIDIA A100-SXM4-40GB MIG 4g.20gb (0),1,,13,cupy_copy__complex64_complex64
2493440328,2368,99943,26,1,1,128,1,1,16,0.000,0.000,,,,,NVIDIA A100-SXM4-40GB MIG 4g.20gb (0),1,,13,cupy_copy__float32_float32
2493443944,4480,99952,103,1,1,128,1,1,16,0.000,0.000,,,,,NVIDIA A100-SXM4-40GB MIG 4g.20gb (0),1,,13,cupy_copy__complex64_complex64
2493449704,12064,99962,1434,1,1,128,1,1,16,0.000,0.000,,,,,NVIDIA A100-SXM4-40GB MIG 4g.20gb (0),1,,13,cupy_copy__complex64_complex64
2493471624,90014,99967,1,1,1,32,32,1,30,0.000,0.000,,,,,NVIDIA A100-SXM4-40GB MIG 4g.20gb (0),1,,13,"void convert_kernel<__half2, float2>(tensor_layout_any, T1 *, tensor_layout_any, const T2 *)"
2493589094,6016,99970,,,,,,,,,,0.094,15574.430,Pinned,Device,NVIDIA A100-SXM4-40GB MIG 4g.20gb (0),1,,13,[CUDA memcpy Host-to-Device]
2493601286,597241,99971,,,,,,,,,,456.561,764283.851,Device,,NVIDIA A100-SXM4-40GB MIG 4g.20gb (0),1,,13,[CUDA memset]
2494205791,123486,99976,,,,,,,,,,1.235,10000.577,Pinned,Device,NVIDIA A100-SXM4-40GB MIG 4g.20gb (0),1,,13,[CUDA memcpy Host-to-Device]
2494337469,18496,99977,,,,,,,,,,0.197,10629.612,Pinned,Device,NVIDIA A100-SXM4-40GB MIG 4g.20gb (0),1,,13,[CUDA memcpy Host-to-Device]
2494366781,7999,99978,69,4,1,48,1,1,76,0.002,0.000,,,,,NVIDIA A100-SXM4-40GB MIG 4g.20gb (0),1,,13,"void ch_est::windowedChEstPreNoDftSOfdmKernel<float, __half, float, (unsigned int)2, (unsigned int)1, (unsigned short)4>(ch_est::puschRxChEstStatDescr_t *, ch_est::puschRxChEstDynDescr_t *)"
2494378012,7680,99979,137,2,1,24,2,1,44,0.001,0.001,,,,,NVIDIA A100-SXM4-40GB MIG 4g.20gb (0),1,,13,"void ch_est::chEstFilterNoDftSOfdmDispatchKernel<float, __half, float, (unsigned int)2>(ch_est::puschRxChEstStatDescr_t *, ch_est::puschRxChEstDynDescr_t *)"
2494387772,5376,99980,137,2,1,24,2,1,44,0.001,0.001,,,,,NVIDIA A100-SXM4-40GB MIG 4g.20gb (0),1,,13,"void ch_est::chEstFilterNoDftSOfdmDispatchKernel<float, __half, float, (unsigned int)2>(ch_est::puschRxChEstStatDescr_t *, ch_est::puschRxChEstDynDescr_t *)"
2494396988,3136,99991,103,1,1,128,1,1,16,0.000,0.000,,,,,NVIDIA A100-SXM4-40GB MIG 4g.20gb (0),1,,13,cupy_copy__complex64_complex64
2494402396,12384,100001,1434,1,1,128,1,1,16,0.000,0.000,,,,,NVIDIA A100-SXM4-40GB MIG 4g.20gb (0),1,,13,cupy_copy__complex64_complex64
2494418076,2944,100008,103,1,1,128,1,1,16,0.000,0.000,,,,,NVIDIA A100-SXM4-40GB MIG 4g.20gb (0),1,,13,cupy_copy__complex64_complex64
2494423740,87423,100015,1,1,1,32,32,1,30,0.000,0.000,,,,,NVIDIA A100-SXM4-40GB MIG 4g.20gb (0),1,,13,"void convert_kernel<__half2, float2>(tensor_layout_any, T1 *, tensor_layout_any, const T2 *)"
2494538842,6272,100018,,,,,,,,,,0.094,14938.703,Pinned,Device,NVIDIA A100-SXM4-40GB MIG 4g.20gb (0),1,,13,[CUDA memcpy Host-to-Device]
2494550970,46848,100019,,,,,,,,,,35.810,764362.742,Device,,NVIDIA A100-SXM4-40GB MIG 4g.20gb (0),1,,13,[CUDA memset]
2494604122,4000,100021,,,,,,,,,,0.000,20.000,Pinned,Device,NVIDIA A100-SXM4-40GB MIG 4g.20gb (0),1,,13,[CUDA memcpy Host-to-Device]
2494611961,13504,100022,,,,,,,,,,0.197,14559.216,Pinned,Device,NVIDIA A100-SXM4-40GB MIG 4g.20gb (0),1,,13,[CUDA memcpy Host-to-Device]
2494634873,10528,100023,273,1,1,48,1,1,40,0.000,0.001,,,,,NVIDIA A100-SXM4-40GB MIG 4g.20gb (0),1,,13,"void pusch_noise_intf_est::noiseIntfEstNoDftSOfdmKernel<float, __half, float, float, (unsigned int)2, (unsigned int)1, (unsigned char)4, (unsigned char)4>(pusch_noise_intf_est::puschRxNoiseIntfEstDynDescr)"
2494650809,2912,100034,35,1,1,128,1,1,16,0.000,0.000,,,,,NVIDIA A100-SXM4-40GB MIG 4g.20gb (0),1,,13,cupy_copy__complex64_complex64
2494660825,2048,100043,1,1,1,1,1,1,18,0.000,0.000,,,,,NVIDIA A100-SXM4-40GB MIG 4g.20gb (0),1,,13,cupy_copy__float32_float32
2494690553,1855,100049,,,,,,,,,,0.000,2.156,Device,Pageable,NVIDIA A100-SXM4-40GB MIG 4g.20gb (0),1,,7,[CUDA memcpy Device-to-Host]
2494752120,13024,100060,1434,1,1,128,1,1,16,0.000,0.000,,,,,NVIDIA A100-SXM4-40GB MIG 4g.20gb (0),1,,13,cupy_copy__complex64_complex64
2494779063,3424,100067,103,1,1,128,1,1,16,0.000,0.000,,,,,NVIDIA A100-SXM4-40GB MIG 4g.20gb (0),1,,13,cupy_copy__complex64_complex64
2494800983,2240,100074,35,1,1,128,1,1,16,0.000,0.000,,,,,NVIDIA A100-SXM4-40GB MIG 4g.20gb (0),1,,13,cupy_copy__complex64_complex64
2494817655,1920,100081,1,1,1,1,1,1,18,0.000,0.000,,,,,NVIDIA A100-SXM4-40GB MIG 4g.20gb (0),1,,13,cupy_copy__float32_float32
2494960021,86303,100092,1,1,1,32,32,1,30,0.000,0.000,,,,,NVIDIA A100-SXM4-40GB MIG 4g.20gb (0),1,,13,"void convert_kernel<__half2, float2>(tensor_layout_any, T1 *, tensor_layout_any, const T2 *)"
2495073748,5376,100095,,,,,,,,,,0.094,17428.487,Pinned,Device,NVIDIA A100-SXM4-40GB MIG 4g.20gb (0),1,,13,[CUDA memcpy Host-to-Device]
2495090100,3040,100096,,,,,,,,,,1.547,508757.325,Device,,NVIDIA A100-SXM4-40GB MIG 4g.20gb (0),1,,13,[CUDA memset]
2495097395,3008,100101,,,,,,,,,,0.031,10404.230,Pinned,Device,NVIDIA A100-SXM4-40GB MIG 4g.20gb (0),1,,13,[CUDA memcpy Host-to-Device]
2495102963,9696,100102,,,,,,,,,,0.197,20277.166,Pinned,Device,NVIDIA A100-SXM4-40GB MIG 4g.20gb (0),1,,13,[CUDA memcpy Host-to-Device]
2495116499,6880,100103,273,1,1,8,4,1,39,0.002,0.000,,,,,NVIDIA A100-SXM4-40GB MIG 4g.20gb (0),1,,13,"void channel_eq::eqMmseCoefCompLowMimoKernel<float, float, float, (unsigned int)4, (unsigned int)1, (unsigned int)4>(const channel_eq::_puschRxChEqStatDescr *, channel_eq::_puschRxChEqCoefCompDynDescr)"
2495124307,6240,100104,273,1,1,12,11,1,51,0.002,0.000,,,,,NVIDIA A100-SXM4-40GB MIG 4g.20gb (0),1,,13,"void channel_eq::eqMmseSoftDemapKernel<float, __half, __half, float, (unsigned int)4, (unsigned short)16383>(channel_eq::_puschRxChEqStatDescr *, channel_eq::_puschRxChEqSoftDemapDynDescr)"
2495131571,282557,100105,1,1,1,32,32,1,30,0.000,0.000,,,,,NVIDIA A100-SXM4-40GB MIG 4g.20gb (0),1,,13,"void convert_kernel<float2, __half2>(tensor_layout_any, T1 *, tensor_layout_any, const T2 *)"
2495416080,10943,100117,2253,1,1,128,1,1,16,0.000,0.000,,,,,NVIDIA A100-SXM4-40GB MIG 4g.20gb (0),1,,13,cupy_copy__float16_float16
2495428431,3136,100126,282,1,1,128,1,1,16,0.000,0.000,,,,,NVIDIA A100-SXM4-40GB MIG 4g.20gb (0),1,,13,cupy_copy__complex64_complex64
2495433839,2112,100135,26,1,1,128,1,1,16,0.000,0.000,,,,,NVIDIA A100-SXM4-40GB MIG 4g.20gb (0),1,,13,cupy_copy__float32_float32
2495439407,4576,100144,103,1,1,128,1,1,16,0.000,0.000,,,,,NVIDIA A100-SXM4-40GB MIG 4g.20gb (0),1,,13,cupy_copy__complex64_complex64
2495446831,12480,100154,1434,1,1,128,1,1,16,0.000,0.000,,,,,NVIDIA A100-SXM4-40GB MIG 4g.20gb (0),1,,13,cupy_copy__complex64_complex64
2495465231,81663,100159,1,1,1,32,32,1,30,0.000,0.000,,,,,NVIDIA A100-SXM4-40GB MIG 4g.20gb (0),1,,13,"void convert_kernel<__half2, float2>(tensor_layout_any, T1 *, tensor_layout_any, const T2 *)"
2495574254,5536,100162,,,,,,,,,,0.094,16924.777,Pinned,Device,NVIDIA A100-SXM4-40GB MIG 4g.20gb (0),1,,13,[CUDA memcpy Host-to-Device]
2495584013,597145,100163,,,,,,,,,,456.561,764283.851,Device,,NVIDIA A100-SXM4-40GB MIG 4g.20gb (0),1,,13,[CUDA memset]
2496188774,165086,100168,,,,,,,,,,1.235,7480.056,Pinned,Device,NVIDIA A100-SXM4-40GB MIG 4g.20gb (0),1,,13,[CUDA memcpy Host-to-Device]
2496366500,41695,100169,,,,,,,,,,0.197,4715.250,Pinned,Device,NVIDIA A100-SXM4-40GB MIG 4g.20gb (0),1,,13,[CUDA memcpy Host-to-Device]
2496433155,7968,100170,69,4,1,48,1,1,76,0.002,0.000,,,,,NVIDIA A100-SXM4-40GB MIG 4g.20gb (0),1,,13,"void ch_est::windowedChEstPreNoDftSOfdmKernel<float, __half, float, (unsigned int)2, (unsigned int)1, (unsigned short)4>(ch_est::puschRxChEstStatDescr_t *, ch_est::puschRxChEstDynDescr_t *)"
2496453379,6720,100171,137,2,1,24,2,1,44,0.001,0.001,,,,,NVIDIA A100-SXM4-40GB MIG 4g.20gb (0),1,,13,"void ch_est::chEstFilterNoDftSOfdmDispatchKernel<float, __half, float, (unsigned int)2>(ch_est::puschRxChEstStatDescr_t *, ch_est::puschRxChEstDynDescr_t *)"
2496470051,4799,100172,137,2,1,24,2,1,44,0.001,0.001,,,,,NVIDIA A100-SXM4-40GB MIG 4g.20gb (0),1,,13,"void ch_est::chEstFilterNoDftSOfdmDispatchKernel<float, __half, float, (unsigned int)2>(ch_est::puschRxChEstStatDescr_t *, ch_est::puschRxChEstDynDescr_t *)"
2496487074,2656,100183,103,1,1,128,1,1,16,0.000,0.000,,,,,NVIDIA A100-SXM4-40GB MIG 4g.20gb (0),1,,13,cupy_copy__complex64_complex64
2496503874,12800,100193,1434,1,1,128,1,1,16,0.000,0.000,,,,,NVIDIA A100-SXM4-40GB MIG 4g.20gb (0),1,,13,cupy_copy__complex64_complex64
2496524322,2880,100200,103,1,1,128,1,1,16,0.000,0.000,,,,,NVIDIA A100-SXM4-40GB MIG 4g.20gb (0),1,,13,cupy_copy__complex64_complex64
2496542338,85279,100207,1,1,1,32,32,1,30,0.000,0.000,,,,,NVIDIA A100-SXM4-40GB MIG 4g.20gb (0),1,,13,"void convert_kernel<__half2, float2>(tensor_layout_any, T1 *, tensor_layout_any, const T2 *)"
2496657248,8288,100210,,,,,,,,,,0.094,11304.985,Pinned,Device,NVIDIA A100-SXM4-40GB MIG 4g.20gb (0),1,,13,[CUDA memcpy Host-to-Device]
2496670656,47167,100211,,,,,,,,,,35.810,759206.114,Device,,NVIDIA A100-SXM4-40GB MIG 4g.20gb (0),1,,13,[CUDA memset]
2496719007,3936,100213,,,,,,,,,,0.000,20.325,Pinned,Device,NVIDIA A100-SXM4-40GB MIG 4g.20gb (0),1,,13,[CUDA memcpy Host-to-Device]
2496728319,11872,100214,,,,,,,,,,0.197,16560.488,Pinned,Device,NVIDIA A100-SXM4-40GB MIG 4g.20gb (0),1,,13,[CUDA memcpy Host-to-Device]
2496750047,12992,100215,273,1,1,48,1,1,40,0.000,0.001,,,,,NVIDIA A100-SXM4-40GB MIG 4g.20gb (0),1,,13,"void pusch_noise_intf_est::noiseIntfEstNoDftSOfdmKernel<float, __half, float, float, (unsigned int)2, (unsigned int)1, (unsigned char)4, (unsigned char)4>(pusch_noise_intf_est::puschRxNoiseIntfEstDynDescr)"
2496764767,3040,100226,35,1,1,128,1,1,16,0.000,0.000,,,,,NVIDIA A100-SXM4-40GB MIG 4g.20gb (0),1,,13,cupy_copy__complex64_complex64
2496773407,1792,100235,1,1,1,1,1,1,18,0.000,0.000,,,,,NVIDIA A100-SXM4-40GB MIG 4g.20gb (0),1,,13,cupy_copy__float32_float32
2496807038,1728,100241,,,,,,,,,,0.000,2.315,Device,Pageable,NVIDIA A100-SXM4-40GB MIG 4g.20gb (0),1,,7,[CUDA memcpy Device-to-Host]
2496868894,12991,100252,1434,1,1,128,1,1,16,0.000,0.000,,,,,NVIDIA A100-SXM4-40GB MIG 4g.20gb (0),1,,13,cupy_copy__complex64_complex64
2496894109,2720,100259,103,1,1,128,1,1,16,0.000,0.000,,,,,NVIDIA A100-SXM4-40GB MIG 4g.20gb (0),1,,13,cupy_copy__complex64_complex64
2496914685,2912,100266,35,1,1,128,1,1,16,0.000,0.000,,,,,NVIDIA A100-SXM4-40GB MIG 4g.20gb (0),1,,13,cupy_copy__complex64_complex64
2496932189,1792,100273,1,1,1,1,1,1,18,0.000,0.000,,,,,NVIDIA A100-SXM4-40GB MIG 4g.20gb (0),1,,13,cupy_copy__float32_float32
2497063643,86975,100284,1,1,1,32,32,1,30,0.000,0.000,,,,,NVIDIA A100-SXM4-40GB MIG 4g.20gb (0),1,,13,"void convert_kernel<__half2, float2>(tensor_layout_any, T1 *, tensor_layout_any, const T2 *)"
2497178234,5824,100287,,,,,,,,,,0.094,16087.884,Pinned,Device,NVIDIA A100-SXM4-40GB MIG 4g.20gb (0),1,,13,[CUDA memcpy Host-to-Device]
2497194522,3328,100288,,,,,,,,,,1.547,464729.580,Device,,NVIDIA A100-SXM4-40GB MIG 4g.20gb (0),1,,13,[CUDA memset]
2497200089,3232,100293,,,,,,,,,,0.031,9683.139,Pinned,Device,NVIDIA A100-SXM4-40GB MIG 4g.20gb (0),1,,13,[CUDA memcpy Host-to-Device]
2497205849,9568,100294,,,,,,,,,,0.197,20548.485,Pinned,Device,NVIDIA A100-SXM4-40GB MIG 4g.20gb (0),1,,13,[CUDA memcpy Host-to-Device]
2497221241,6240,100295,273,1,1,8,4,1,39,0.002,0.000,,,,,NVIDIA A100-SXM4-40GB MIG 4g.20gb (0),1,,13,"void channel_eq::eqMmseCoefCompLowMimoKernel<float, float, float, (unsigned int)4, (unsigned int)1, (unsigned int)4>(const channel_eq::_puschRxChEqStatDescr *, channel_eq::_puschRxChEqCoefCompDynDescr)"
2497229049,6144,100296,273,1,1,12,11,1,51,0.002,0.000,,,,,NVIDIA A100-SXM4-40GB MIG 4g.20gb (0),1,,13,"void channel_eq::eqMmseSoftDemapKernel<float, __half, __half, float, (unsigned int)4, (unsigned short)16383>(channel_eq::_puschRxChEqStatDescr *, channel_eq::_puschRxChEqSoftDemapDynDescr)"
2497236601,295036,100297,1,1,1,32,32,1,30,0.000,0.000,,,,,NVIDIA A100-SXM4-40GB MIG 4g.20gb (0),1,,13,"void convert_kernel<float2, __half2>(tensor_layout_any, T1 *, tensor_layout_any, const T2 *)"
2497532693,10848,100309,2253,1,1,128,1,1,16,0.000,0.000,,,,,NVIDIA A100-SXM4-40GB MIG 4g.20gb (0),1,,13,cupy_copy__float16_float16
2497545173,3584,100318,282,1,1,128,1,1,16,0.000,0.000,,,,,NVIDIA A100-SXM4-40GB MIG 4g.20gb (0),1,,13,cupy_copy__complex64_complex64
2497550389,2048,100327,26,1,1,128,1,1,16,0.000,0.000,,,,,NVIDIA A100-SXM4-40GB MIG 4g.20gb (0),1,,13,cupy_copy__float32_float32
2497555285,4512,100336,103,1,1,128,1,1,16,0.000,0.000,,,,,NVIDIA A100-SXM4-40GB MIG 4g.20gb (0),1,,13,cupy_copy__complex64_complex64
2497562069,11872,100346,1434,1,1,128,1,1,16,0.000,0.000,,,,,NVIDIA A100-SXM4-40GB MIG 4g.20gb (0),1,,13,cupy_copy__complex64_complex64
2497575829,87039,100351,1,1,1,32,32,1,30,0.000,0.000,,,,,NVIDIA A100-SXM4-40GB MIG 4g.20gb (0),1,,13,"void convert_kernel<__half2, float2>(tensor_layout_any, T1 *, tensor_layout_any, const T2 *)"
2497689491,5664,100354,,,,,,,,,,0.094,16542.310,Pinned,Device,NVIDIA A100-SXM4-40GB MIG 4g.20gb (0),1,,13,[CUDA memcpy Host-to-Device]
2497698867,595577,100355,,,,,,,,,,456.561,766566.658,Device,,NVIDIA A100-SXM4-40GB MIG 4g.20gb (0),1,,13,[CUDA memset]
2498300716,168382,100360,,,,,,,,,,1.235,7333.097,Pinned,Device,NVIDIA A100-SXM4-40GB MIG 4g.20gb (0),1,,13,[CUDA memcpy Host-to-Device]
2498480714,41375,100361,,,,,,,,,,0.197,4751.819,Pinned,Device,NVIDIA A100-SXM4-40GB MIG 4g.20gb (0),1,,13,[CUDA memcpy Host-to-Device]
2498543337,8192,100362,69,4,1,48,1,1,76,0.002,0.000,,,,,NVIDIA A100-SXM4-40GB MIG 4g.20gb (0),1,,13,"void ch_est::windowedChEstPreNoDftSOfdmKernel<float, __half, float, (unsigned int)2, (unsigned int)1, (unsigned short)4>(ch_est::puschRxChEstStatDescr_t *, ch_est::puschRxChEstDynDescr_t *)"
2498562825,6688,100363,137,2,1,24,2,1,44,0.001,0.001,,,,,NVIDIA A100-SXM4-40GB MIG 4g.20gb (0),1,,13,"void ch_est::chEstFilterNoDftSOfdmDispatchKernel<float, __half, float, (unsigned int)2>(ch_est::puschRxChEstStatDescr_t *, ch_est::puschRxChEstDynDescr_t *)"
2498581128,4704,100364,137,2,1,24,2,1,44,0.001,0.001,,,,,NVIDIA A100-SXM4-40GB MIG 4g.20gb (0),1,,13,"void ch_est::chEstFilterNoDftSOfdmDispatchKernel<float, __half, float, (unsigned int)2>(ch_est::puschRxChEstStatDescr_t *, ch_est::puschRxChEstDynDescr_t *)"
2498598280,2592,100375,103,1,1,128,1,1,16,0.000,0.000,,,,,NVIDIA A100-SXM4-40GB MIG 4g.20gb (0),1,,13,cupy_copy__complex64_complex64
2498614920,12480,100385,1434,1,1,128,1,1,16,0.000,0.000,,,,,NVIDIA A100-SXM4-40GB MIG 4g.20gb (0),1,,13,cupy_copy__complex64_complex64
2498634152,3104,100392,103,1,1,128,1,1,16,0.000,0.000,,,,,NVIDIA A100-SXM4-40GB MIG 4g.20gb (0),1,,13,cupy_copy__complex64_complex64
2498658055,93599,100399,1,1,1,32,32,1,30,0.000,0.000,,,,,NVIDIA A100-SXM4-40GB MIG 4g.20gb (0),1,,13,"void convert_kernel<__half2, float2>(tensor_layout_any, T1 *, tensor_layout_any, const T2 *)"
2498781926,22560,100402,,,,,,,,,,0.094,4153.169,Pinned,Device,NVIDIA A100-SXM4-40GB MIG 4g.20gb (0),1,,13,[CUDA memcpy Host-to-Device]
2498825381,47072,100403,,,,,,,,,,35.810,760745.940,Device,,NVIDIA A100-SXM4-40GB MIG 4g.20gb (0),1,,13,[CUDA memset]
2498873125,10272,100405,,,,,,,,,,0.000,7.788,Pinned,Device,NVIDIA A100-SXM4-40GB MIG 4g.20gb (0),1,,13,[CUDA memcpy Host-to-Device]
2498893253,25503,100406,,,,,,,,,,0.197,7709.196,Pinned,Device,NVIDIA A100-SXM4-40GB MIG 4g.20gb (0),1,,13,[CUDA memcpy Host-to-Device]
2498930820,10016,100407,273,1,1,48,1,1,40,0.000,0.001,,,,,NVIDIA A100-SXM4-40GB MIG 4g.20gb (0),1,,13,"void pusch_noise_intf_est::noiseIntfEstNoDftSOfdmKernel<float, __half, float, float, (unsigned int)2, (unsigned int)1, (unsigned char)4, (unsigned char)4>(pusch_noise_intf_est::puschRxNoiseIntfEstDynDescr)"
2498945252,2848,100418,35,1,1,128,1,1,16,0.000,0.000,,,,,NVIDIA A100-SXM4-40GB MIG 4g.20gb (0),1,,13,cupy_copy__complex64_complex64
2498953092,1856,100427,1,1,1,1,1,1,18,0.000,0.000,,,,,NVIDIA A100-SXM4-40GB MIG 4g.20gb (0),1,,13,cupy_copy__float32_float32
2498962212,3744,100433,,,,,,,,,,0.000,1.068,Device,Pageable,NVIDIA A100-SXM4-40GB MIG 4g.20gb (0),1,,7,[CUDA memcpy Device-to-Host]
2499036547,13088,100444,1434,1,1,128,1,1,16,0.000,0.000,,,,,NVIDIA A100-SXM4-40GB MIG 4g.20gb (0),1,,13,cupy_copy__complex64_complex64
2499069122,3360,100451,103,1,1,128,1,1,16,0.000,0.000,,,,,NVIDIA A100-SXM4-40GB MIG 4g.20gb (0),1,,13,cupy_copy__complex64_complex64
2499086114,2560,100458,35,1,1,128,1,1,16,0.000,0.000,,,,,NVIDIA A100-SXM4-40GB MIG 4g.20gb (0),1,,13,cupy_copy__complex64_complex64
2499100514,1888,100465,1,1,1,1,1,1,18,0.000,0.000,,,,,NVIDIA A100-SXM4-40GB MIG 4g.20gb (0),1,,13,cupy_copy__float32_float32
2499230528,86271,100476,1,1,1,32,32,1,30,0.000,0.000,,,,,NVIDIA A100-SXM4-40GB MIG 4g.20gb (0),1,,13,"void convert_kernel<__half2, float2>(tensor_layout_any, T1 *, tensor_layout_any, const T2 *)"
2499344639,5984,100479,,,,,,,,,,0.094,15657.726,Pinned,Device,NVIDIA A100-SXM4-40GB MIG 4g.20gb (0),1,,13,[CUDA memcpy Host-to-Device]
2499360191,3360,100480,,,,,,,,,,1.547,460304.688,Device,,NVIDIA A100-SXM4-40GB MIG 4g.20gb (0),1,,13,[CUDA memset]
2499366047,3200,100485,,,,,,,,,,0.031,9780.000,Pinned,Device,NVIDIA A100-SXM4-40GB MIG 4g.20gb (0),1,,13,[CUDA memcpy Host-to-Device]
2499372031,9920,100486,,,,,,,,,,0.197,19819.266,Pinned,Device,NVIDIA A100-SXM4-40GB MIG 4g.20gb (0),1,,13,[CUDA memcpy Host-to-Device]
2499385566,6368,100487,273,1,1,8,4,1,39,0.002,0.000,,,,,NVIDIA A100-SXM4-40GB MIG 4g.20gb (0),1,,13,"void channel_eq::eqMmseCoefCompLowMimoKernel<float, float, float, (unsigned int)4, (unsigned int)1, (unsigned int)4>(const channel_eq::_puschRxChEqStatDescr *, channel_eq::_puschRxChEqCoefCompDynDescr)"
2499394590,5952,100488,273,1,1,12,11,1,51,0.002,0.000,,,,,NVIDIA A100-SXM4-40GB MIG 4g.20gb (0),1,,13,"void channel_eq::eqMmseSoftDemapKernel<float, __half, __half, float, (unsigned int)4, (unsigned short)16383>(channel_eq::_puschRxChEqStatDescr *, channel_eq::_puschRxChEqSoftDemapDynDescr)"
2499402110,300317,100489,1,1,1,32,32,1,30,0.000,0.000,,,,,NVIDIA A100-SXM4-40GB MIG 4g.20gb (0),1,,13,"void convert_kernel<float2, __half2>(tensor_layout_any, T1 *, tensor_layout_any, const T2 *)"
2499703483,10911,100501,2253,1,1,128,1,1,16,0.000,0.000,,,,,NVIDIA A100-SXM4-40GB MIG 4g.20gb (0),1,,13,cupy_copy__float16_float16
2499719034,2976,100510,282,1,1,128,1,1,16,0.000,0.000,,,,,NVIDIA A100-SXM4-40GB MIG 4g.20gb (0),1,,13,cupy_copy__complex64_complex64
2499725178,2336,100519,26,1,1,128,1,1,16,0.000,0.000,,,,,NVIDIA A100-SXM4-40GB MIG 4g.20gb (0),1,,13,cupy_copy__float32_float32
2499728570,2912,100528,103,1,1,128,1,1,16,0.000,0.000,,,,,NVIDIA A100-SXM4-40GB MIG 4g.20gb (0),1,,13,cupy_copy__complex64_complex64
2499734138,11840,100538,1434,1,1,128,1,1,16,0.000,0.000,,,,,NVIDIA A100-SXM4-40GB MIG 4g.20gb (0),1,,13,cupy_copy__complex64_complex64
2499749466,81567,100543,1,1,1,32,32,1,30,0.000,0.000,,,,,NVIDIA A100-SXM4-40GB MIG 4g.20gb (0),1,,13,"void convert_kernel<__half2, float2>(tensor_layout_any, T1 *, tensor_layout_any, const T2 *)"
2499858393,5408,100546,,,,,,,,,,0.094,17325.421,Pinned,Device,NVIDIA A100-SXM4-40GB MIG 4g.20gb (0),1,,13,[CUDA memcpy Host-to-Device]
2499869784,602617,100547,,,,,,,,,,456.561,757435.429,Device,,NVIDIA A100-SXM4-40GB MIG 4g.20gb (0),1,,13,[CUDA memset]
2500474257,130558,100552,,,,,,,,,,1.235,9458.436,Pinned,Device,NVIDIA A100-SXM4-40GB MIG 4g.20gb (0),1,,13,[CUDA memcpy Host-to-Device]
2500612815,25952,100553,,,,,,,,,,0.197,7575.699,Pinned,Device,NVIDIA A100-SXM4-40GB MIG 4g.20gb (0),1,,13,[CUDA memcpy Host-to-Device]
2500660431,8544,100554,69,4,1,48,1,1,76,0.002,0.000,,,,,NVIDIA A100-SXM4-40GB MIG 4g.20gb (0),1,,13,"void ch_est::windowedChEstPreNoDftSOfdmKernel<float, __half, float, (unsigned int)2, (unsigned int)1, (unsigned short)4>(ch_est::puschRxChEstStatDescr_t *, ch_est::puschRxChEstDynDescr_t *)"
2500679854,6560,100555,137,2,1,24,2,1,44,0.001,0.001,,,,,NVIDIA A100-SXM4-40GB MIG 4g.20gb (0),1,,13,"void ch_est::chEstFilterNoDftSOfdmDispatchKernel<float, __half, float, (unsigned int)2>(ch_est::puschRxChEstStatDescr_t *, ch_est::puschRxChEstDynDescr_t *)"
2500692942,4736,100556,137,2,1,24,2,1,44,0.001,0.001,,,,,NVIDIA A100-SXM4-40GB MIG 4g.20gb (0),1,,13,"void ch_est::chEstFilterNoDftSOfdmDispatchKernel<float, __half, float, (unsigned int)2>(ch_est::puschRxChEstStatDescr_t *, ch_est::puschRxChEstDynDescr_t *)"
2500708142,2656,100567,103,1,1,128,1,1,16,0.000,0.000,,,,,NVIDIA A100-SXM4-40GB MIG 4g.20gb (0),1,,13,cupy_copy__complex64_complex64
2500721486,12448,100577,1434,1,1,128,1,1,16,0.000,0.000,,,,,NVIDIA A100-SXM4-40GB MIG 4g.20gb (0),1,,13,cupy_copy__complex64_complex64
2500755150,2624,100584,103,1,1,128,1,1,16,0.000,0.000,,,,,NVIDIA A100-SXM4-40GB MIG 4g.20gb (0),1,,13,cupy_copy__complex64_complex64
2500772781,84287,100591,1,1,1,32,32,1,30,0.000,0.000,,,,,NVIDIA A100-SXM4-40GB MIG 4g.20gb (0),1,,13,"void convert_kernel<__half2, float2>(tensor_layout_any, T1 *, tensor_layout_any, const T2 *)"
2500889420,23712,100594,,,,,,,,,,0.094,3951.348,Pinned,Device,NVIDIA A100-SXM4-40GB MIG 4g.20gb (0),1,,13,[CUDA memcpy Host-to-Device]
2500928043,47328,100595,,,,,,,,,,35.810,756627.800,Device,,NVIDIA A100-SXM4-40GB MIG 4g.20gb (0),1,,13,[CUDA memset]
2500978667,14560,100597,,,,,,,,,,0.000,5.494,Pinned,Device,NVIDIA A100-SXM4-40GB MIG 4g.20gb (0),1,,13,[CUDA memcpy Host-to-Device]
2501003210,37760,100598,,,,,,,,,,0.197,5206.770,Pinned,Device,NVIDIA A100-SXM4-40GB MIG 4g.20gb (0),1,,13,[CUDA memcpy Host-to-Device]
2501069418,9824,100599,273,1,1,48,1,1,40,0.000,0.001,,,,,NVIDIA A100-SXM4-40GB MIG 4g.20gb (0),1,,13,"void pusch_noise_intf_est::noiseIntfEstNoDftSOfdmKernel<float, __half, float, float, (unsigned int)2, (unsigned int)1, (unsigned char)4, (unsigned char)4>(pusch_noise_intf_est::puschRxNoiseIntfEstDynDescr)"
2501086377,2784,100610,35,1,1,128,1,1,16,0.000,0.000,,,,,NVIDIA A100-SXM4-40GB MIG 4g.20gb (0),1,,13,cupy_copy__complex64_complex64
2501103625,1760,100619,1,1,1,1,1,1,18,0.000,0.000,,,,,NVIDIA A100-SXM4-40GB MIG 4g.20gb (0),1,,13,cupy_copy__float32_float32
2501107465,8320,100625,,,,,,,,,,0.000,0.481,Device,Pageable,NVIDIA A100-SXM4-40GB MIG 4g.20gb (0),1,,7,[CUDA memcpy Device-to-Host]
2501212520,12800,100636,1434,1,1,128,1,1,16,0.000,0.000,,,,,NVIDIA A100-SXM4-40GB MIG 4g.20gb (0),1,,13,cupy_copy__complex64_complex64
2501237448,2976,100643,103,1,1,128,1,1,16,0.000,0.000,,,,,NVIDIA A100-SXM4-40GB MIG 4g.20gb (0),1,,13,cupy_copy__complex64_complex64
2501254407,2176,100650,35,1,1,128,1,1,16,0.000,0.000,,,,,NVIDIA A100-SXM4-40GB MIG 4g.20gb (0),1,,13,cupy_copy__complex64_complex64
2501270311,1696,100657,1,1,1,1,1,1,18,0.000,0.000,,,,,NVIDIA A100-SXM4-40GB MIG 4g.20gb (0),1,,13,cupy_copy__float32_float32
2501399174,82111,100668,1,1,1,32,32,1,30,0.000,0.000,,,,,NVIDIA A100-SXM4-40GB MIG 4g.20gb (0),1,,13,"void convert_kernel<__half2, float2>(tensor_layout_any, T1 *, tensor_layout_any, const T2 *)"
2501510372,13696,100671,,,,,,,,,,0.094,6841.120,Pinned,Device,NVIDIA A100-SXM4-40GB MIG 4g.20gb (0),1,,13,[CUDA memcpy Host-to-Device]
2501540068,3424,100672,,,,,,,,,,1.547,451700.819,Device,,NVIDIA A100-SXM4-40GB MIG 4g.20gb (0),1,,13,[CUDA memset]
2501549828,6592,100677,,,,,,,,,,0.031,4747.572,Pinned,Device,NVIDIA A100-SXM4-40GB MIG 4g.20gb (0),1,,13,[CUDA memcpy Host-to-Device]
2501562148,13759,100678,,,,,,,,,,0.197,14289.273,Pinned,Device,NVIDIA A100-SXM4-40GB MIG 4g.20gb (0),1,,13,[CUDA memcpy Host-to-Device]
2501587043,6496,100679,273,1,1,8,4,1,39,0.002,0.000,,,,,NVIDIA A100-SXM4-40GB MIG 4g.20gb (0),1,,13,"void channel_eq::eqMmseCoefCompLowMimoKernel<float, float, float, (unsigned int)4, (unsigned int)1, (unsigned int)4>(const channel_eq::_puschRxChEqStatDescr *, channel_eq::_puschRxChEqCoefCompDynDescr)"
2501596803,8992,100680,273,1,1,12,11,1,51,0.002,0.000,,,,,NVIDIA A100-SXM4-40GB MIG 4g.20gb (0),1,,13,"void channel_eq::eqMmseSoftDemapKernel<float, __half, __half, float, (unsigned int)4, (unsigned short)16383>(channel_eq::_puschRxChEqStatDescr *, channel_eq::_puschRxChEqSoftDemapDynDescr)"
2501610691,289724,100681,1,1,1,32,32,1,30,0.000,0.000,,,,,NVIDIA A100-SXM4-40GB MIG 4g.20gb (0),1,,13,"void convert_kernel<float2, __half2>(tensor_layout_any, T1 *, tensor_layout_any, const T2 *)"
2501903423,10880,100693,2253,1,1,128,1,1,16,0.000,0.000,,,,,NVIDIA A100-SXM4-40GB MIG 4g.20gb (0),1,,13,cupy_copy__float16_float16
2501916639,3808,100702,282,1,1,128,1,1,16,0.000,0.000,,,,,NVIDIA A100-SXM4-40GB MIG 4g.20gb (0),1,,13,cupy_copy__complex64_complex64
2501923167,2112,100711,26,1,1,128,1,1,16,0.000,0.000,,,,,NVIDIA A100-SXM4-40GB MIG 4g.20gb (0),1,,13,cupy_copy__float32_float32
2501926399,3296,100720,103,1,1,128,1,1,16,0.000,0.000,,,,,NVIDIA A100-SXM4-40GB MIG 4g.20gb (0),1,,13,cupy_copy__complex64_complex64
2501931615,12032,100730,1434,1,1,128,1,1,16,0.000,0.000,,,,,NVIDIA A100-SXM4-40GB MIG 4g.20gb (0),1,,13,cupy_copy__complex64_complex64
2501948607,82559,100735,1,1,1,32,32,1,30,0.000,0.000,,,,,NVIDIA A100-SXM4-40GB MIG 4g.20gb (0),1,,13,"void convert_kernel<__half2, float2>(tensor_layout_any, T1 *, tensor_layout_any, const T2 *)"
2502058749,5952,100738,,,,,,,,,,0.094,15741.865,Pinned,Device,NVIDIA A100-SXM4-40GB MIG 4g.20gb (0),1,,13,[CUDA memcpy Host-to-Device]
2502069373,599097,100739,,,,,,,,,,456.561,762001.043,Device,,NVIDIA A100-SXM4-40GB MIG 4g.20gb (0),1,,13,[CUDA memset]
2502669814,76863,100744,,,,,,,,,,1.235,16066.621,Pinned,Device,NVIDIA A100-SXM4-40GB MIG 4g.20gb (0),1,,13,[CUDA memcpy Host-to-Device]
2502751989,17248,100745,,,,,,,,,,0.197,11398.742,Pinned,Device,NVIDIA A100-SXM4-40GB MIG 4g.20gb (0),1,,13,[CUDA memcpy Host-to-Device]
2502782900,8096,100746,69,4,1,48,1,1,76,0.002,0.000,,,,,NVIDIA A100-SXM4-40GB MIG 4g.20gb (0),1,,13,"void ch_est::windowedChEstPreNoDftSOfdmKernel<float, __half, float, (unsigned int)2, (unsigned int)1, (unsigned short)4>(ch_est::puschRxChEstStatDescr_t *, ch_est::puschRxChEstDynDescr_t *)"
2502800020,7648,100747,137,2,1,24,2,1,44,0.001,0.001,,,,,NVIDIA A100-SXM4-40GB MIG 4g.20gb (0),1,,13,"void ch_est::chEstFilterNoDftSOfdmDispatchKernel<float, __half, float, (unsigned int)2>(ch_est::puschRxChEstStatDescr_t *, ch_est::puschRxChEstDynDescr_t *)"
2502814260,6272,100748,137,2,1,24,2,1,44,0.001,0.001,,,,,NVIDIA A100-SXM4-40GB MIG 4g.20gb (0),1,,13,"void ch_est::chEstFilterNoDftSOfdmDispatchKernel<float, __half, float, (unsigned int)2>(ch_est::puschRxChEstStatDescr_t *, ch_est::puschRxChEstDynDescr_t *)"
2502823764,2560,100759,103,1,1,128,1,1,16,0.000,0.000,,,,,NVIDIA A100-SXM4-40GB MIG 4g.20gb (0),1,,13,cupy_copy__complex64_complex64
2502832308,12736,100769,1434,1,1,128,1,1,16,0.000,0.000,,,,,NVIDIA A100-SXM4-40GB MIG 4g.20gb (0),1,,13,cupy_copy__complex64_complex64
2502847828,2528,100776,103,1,1,128,1,1,16,0.000,0.000,,,,,NVIDIA A100-SXM4-40GB MIG 4g.20gb (0),1,,13,cupy_copy__complex64_complex64
2502856532,85311,100783,1,1,1,32,32,1,30,0.000,0.000,,,,,NVIDIA A100-SXM4-40GB MIG 4g.20gb (0),1,,13,"void convert_kernel<__half2, float2>(tensor_layout_any, T1 *, tensor_layout_any, const T2 *)"
2502970418,6080,100786,,,,,,,,,,0.094,15410.462,Pinned,Device,NVIDIA A100-SXM4-40GB MIG 4g.20gb (0),1,,13,[CUDA memcpy Host-to-Device]
2502984274,47455,100787,,,,,,,,,,35.810,754586.634,Device,,NVIDIA A100-SXM4-40GB MIG 4g.20gb (0),1,,13,[CUDA memset]
2503037425,2976,100789,,,,,,,,,,0.000,26.882,Pinned,Device,NVIDIA A100-SXM4-40GB MIG 4g.20gb (0),1,,13,[CUDA memcpy Host-to-Device]
2503045201,11360,100790,,,,,,,,,,0.197,17307.009,Pinned,Device,NVIDIA A100-SXM4-40GB MIG 4g.20gb (0),1,,13,[CUDA memcpy Host-to-Device]
2503065329,10272,100791,273,1,1,48,1,1,40,0.000,0.001,,,,,NVIDIA A100-SXM4-40GB MIG 4g.20gb (0),1,,13,"void pusch_noise_intf_est::noiseIntfEstNoDftSOfdmKernel<float, __half, float, float, (unsigned int)2, (unsigned int)1, (unsigned char)4, (unsigned char)4>(pusch_noise_intf_est::puschRxNoiseIntfEstDynDescr)"
2503078865,3296,100802,35,1,1,128,1,1,16,0.000,0.000,,,,,NVIDIA A100-SXM4-40GB MIG 4g.20gb (0),1,,13,cupy_copy__complex64_complex64
2503091121,1792,100811,1,1,1,1,1,1,18,0.000,0.000,,,,,NVIDIA A100-SXM4-40GB MIG 4g.20gb (0),1,,13,cupy_copy__float32_float32
2503124560,2080,100817,,,,,,,,,,0.000,1.923,Device,Pageable,NVIDIA A100-SXM4-40GB MIG 4g.20gb (0),1,,7,[CUDA memcpy Device-to-Host]
2503185903,12992,100828,1434,1,1,128,1,1,16,0.000,0.000,,,,,NVIDIA A100-SXM4-40GB MIG 4g.20gb (0),1,,13,cupy_copy__complex64_complex64
2503210863,3424,100835,103,1,1,128,1,1,16,0.000,0.000,,,,,NVIDIA A100-SXM4-40GB MIG 4g.20gb (0),1,,13,cupy_copy__complex64_complex64
2503233871,2784,100842,35,1,1,128,1,1,16,0.000,0.000,,,,,NVIDIA A100-SXM4-40GB MIG 4g.20gb (0),1,,13,cupy_copy__complex64_complex64
2503254671,1856,100849,1,1,1,1,1,1,18,0.000,0.000,,,,,NVIDIA A100-SXM4-40GB MIG 4g.20gb (0),1,,13,cupy_copy__float32_float32
2503387277,81887,100860,1,1,1,32,32,1,30,0.000,0.000,,,,,NVIDIA A100-SXM4-40GB MIG 4g.20gb (0),1,,13,"void convert_kernel<__half2, float2>(tensor_layout_any, T1 *, tensor_layout_any, const T2 *)"
2503496940,5920,100863,,,,,,,,,,0.094,15826.941,Pinned,Device,NVIDIA A100-SXM4-40GB MIG 4g.20gb (0),1,,13,[CUDA memcpy Host-to-Device]
2503511339,3296,100864,,,,,,,,,,1.547,469242.628,Device,,NVIDIA A100-SXM4-40GB MIG 4g.20gb (0),1,,13,[CUDA memset]
2503518155,3168,100869,,,,,,,,,,0.031,9878.770,Pinned,Device,NVIDIA A100-SXM4-40GB MIG 4g.20gb (0),1,,13,[CUDA memcpy Host-to-Device]
2503523723,9376,100870,,,,,,,,,,0.197,20969.226,Pinned,Device,NVIDIA A100-SXM4-40GB MIG 4g.20gb (0),1,,13,[CUDA memcpy Host-to-Device]
2503537131,6272,100871,273,1,1,8,4,1,39,0.002,0.000,,,,,NVIDIA A100-SXM4-40GB MIG 4g.20gb (0),1,,13,"void channel_eq::eqMmseCoefCompLowMimoKernel<float, float, float, (unsigned int)4, (unsigned int)1, (unsigned int)4>(const channel_eq::_puschRxChEqStatDescr *, channel_eq::_puschRxChEqCoefCompDynDescr)"
2503544459,6176,100872,273,1,1,12,11,1,51,0.002,0.000,,,,,NVIDIA A100-SXM4-40GB MIG 4g.20gb (0),1,,13,"void channel_eq::eqMmseSoftDemapKernel<float, __half, __half, float, (unsigned int)4, (unsigned short)16383>(channel_eq::_puschRxChEqStatDescr *, channel_eq::_puschRxChEqSoftDemapDynDescr)"
2503551659,294652,100873,1,1,1,32,32,1,30,0.000,0.000,,,,,NVIDIA A100-SXM4-40GB MIG 4g.20gb (0),1,,13,"void convert_kernel<float2, __half2>(tensor_layout_any, T1 *, tensor_layout_any, const T2 *)"
2503847335,10784,100885,2253,1,1,128,1,1,16,0.000,0.000,,,,,NVIDIA A100-SXM4-40GB MIG 4g.20gb (0),1,,13,cupy_copy__float16_float16
2503861735,3552,100894,282,1,1,128,1,1,16,0.000,0.000,,,,,NVIDIA A100-SXM4-40GB MIG 4g.20gb (0),1,,13,cupy_copy__complex64_complex64
2503868039,2048,100903,26,1,1,128,1,1,16,0.000,0.000,,,,,NVIDIA A100-SXM4-40GB MIG 4g.20gb (0),1,,13,cupy_copy__float32_float32
2503871143,2912,100912,103,1,1,128,1,1,16,0.000,0.000,,,,,NVIDIA A100-SXM4-40GB MIG 4g.20gb (0),1,,13,cupy_copy__complex64_complex64
2503876135,11872,100922,1434,1,1,128,1,1,16,0.000,0.000,,,,,NVIDIA A100-SXM4-40GB MIG 4g.20gb (0),1,,13,cupy_copy__complex64_complex64
2503893159,81887,100927,1,1,1,32,32,1,30,0.000,0.000,,,,,NVIDIA A100-SXM4-40GB MIG 4g.20gb (0),1,,13,"void convert_kernel<__half2, float2>(tensor_layout_any, T1 *, tensor_layout_any, const T2 *)"
2504003141,6176,100930,,,,,,,,,,0.094,15170.975,Pinned,Device,NVIDIA A100-SXM4-40GB MIG 4g.20gb (0),1,,13,[CUDA memcpy Host-to-Device]
2504016453,598233,100931,,,,,,,,,,456.561,762914.166,Device,,NVIDIA A100-SXM4-40GB MIG 4g.20gb (0),1,,13,[CUDA memset]
2504623742,148638,100936,,,,,,,,,,1.235,8307.468,Pinned,Device,NVIDIA A100-SXM4-40GB MIG 4g.20gb (0),1,,13,[CUDA memcpy Host-to-Device]
2504785436,40255,100937,,,,,,,,,,0.197,4883.939,Pinned,Device,NVIDIA A100-SXM4-40GB MIG 4g.20gb (0),1,,13,[CUDA memcpy Host-to-Device]
2504846843,7968,100938,69,4,1,48,1,1,76,0.002,0.000,,,,,NVIDIA A100-SXM4-40GB MIG 4g.20gb (0),1,,13,"void ch_est::windowedChEstPreNoDftSOfdmKernel<float, __half, float, (unsigned int)2, (unsigned int)1, (unsigned short)4>(ch_est::puschRxChEstStatDescr_t *, ch_est::puschRxChEstDynDescr_t *)"
2504866043,6528,100939,137,2,1,24,2,1,44,0.001,0.001,,,,,NVIDIA A100-SXM4-40GB MIG 4g.20gb (0),1,,13,"void ch_est::chEstFilterNoDftSOfdmDispatchKernel<float, __half, float, (unsigned int)2>(ch_est::puschRxChEstStatDescr_t *, ch_est::puschRxChEstDynDescr_t *)"
2504881435,4799,100940,137,2,1,24,2,1,44,0.001,0.001,,,,,NVIDIA A100-SXM4-40GB MIG 4g.20gb (0),1,,13,"void ch_est::chEstFilterNoDftSOfdmDispatchKernel<float, __half, float, (unsigned int)2>(ch_est::puschRxChEstStatDescr_t *, ch_est::puschRxChEstDynDescr_t *)"
2504897274,2688,100951,103,1,1,128,1,1,16,0.000,0.000,,,,,NVIDIA A100-SXM4-40GB MIG 4g.20gb (0),1,,13,cupy_copy__complex64_complex64
2504909466,12416,100961,1434,1,1,128,1,1,16,0.000,0.000,,,,,NVIDIA A100-SXM4-40GB MIG 4g.20gb (0),1,,13,cupy_copy__complex64_complex64
2504932346,2496,100968,103,1,1,128,1,1,16,0.000,0.000,,,,,NVIDIA A100-SXM4-40GB MIG 4g.20gb (0),1,,13,cupy_copy__complex64_complex64
2504943194,84831,100975,1,1,1,32,32,1,30,0.000,0.000,,,,,NVIDIA A100-SXM4-40GB MIG 4g.20gb (0),1,,13,"void convert_kernel<__half2, float2>(tensor_layout_any, T1 *, tensor_layout_any, const T2 *)"
2505057560,13760,100978,,,,,,,,,,0.094,6809.263,Pinned,Device,NVIDIA A100-SXM4-40GB MIG 4g.20gb (0),1,,13,[CUDA memcpy Host-to-Device]
2505084088,47359,100979,,,,,,,,,,35.810,756126.461,Device,,NVIDIA A100-SXM4-40GB MIG 4g.20gb (0),1,,13,[CUDA memset]
2505139607,3744,100981,,,,,,,,,,0.000,21.368,Pinned,Device,NVIDIA A100-SXM4-40GB MIG 4g.20gb (0),1,,13,[CUDA memcpy Host-to-Device]
2505152439,20352,100982,,,,,,,,,,0.197,9660.334,Pinned,Device,NVIDIA A100-SXM4-40GB MIG 4g.20gb (0),1,,13,[CUDA memcpy Host-to-Device]
2505185143,10176,100983,273,1,1,48,1,1,40,0.000,0.001,,,,,NVIDIA A100-SXM4-40GB MIG 4g.20gb (0),1,,13,"void pusch_noise_intf_est::noiseIntfEstNoDftSOfdmKernel<float, __half, float, float, (unsigned int)2, (unsigned int)1, (unsigned char)4, (unsigned char)4>(pusch_noise_intf_est::puschRxNoiseIntfEstDynDescr)"
2505205271,2783,100994,35,1,1,128,1,1,16,0.000,0.000,,,,,NVIDIA A100-SXM4-40GB MIG 4g.20gb (0),1,,13,cupy_copy__complex64_complex64
2505215254,1760,101003,1,1,1,1,1,1,18,0.000,0.000,,,,,NVIDIA A100-SXM4-40GB MIG 4g.20gb (0),1,,13,cupy_copy__float32_float32
2505221846,6560,101009,,,,,,,,,,0.000,0.610,Device,Pageable,NVIDIA A100-SXM4-40GB MIG 4g.20gb (0),1,,7,[CUDA memcpy Device-to-Host]
2505299573,13024,101020,1434,1,1,128,1,1,16,0.000,0.000,,,,,NVIDIA A100-SXM4-40GB MIG 4g.20gb (0),1,,13,cupy_copy__complex64_complex64
2505321365,2880,101027,103,1,1,128,1,1,16,0.000,0.000,,,,,NVIDIA A100-SXM4-40GB MIG 4g.20gb (0),1,,13,cupy_copy__complex64_complex64
2505347861,2368,101034,35,1,1,128,1,1,16,0.000,0.000,,,,,NVIDIA A100-SXM4-40GB MIG 4g.20gb (0),1,,13,cupy_copy__complex64_complex64
2505362773,1760,101041,1,1,1,1,1,1,18,0.000,0.000,,,,,NVIDIA A100-SXM4-40GB MIG 4g.20gb (0),1,,13,cupy_copy__float32_float32
2505495155,86335,101052,1,1,1,32,32,1,30,0.000,0.000,,,,,NVIDIA A100-SXM4-40GB MIG 4g.20gb (0),1,,13,"void convert_kernel<__half2, float2>(tensor_layout_any, T1 *, tensor_layout_any, const T2 *)"
2505609138,5535,101055,,,,,,,,,,0.094,16927.869,Pinned,Device,NVIDIA A100-SXM4-40GB MIG 4g.20gb (0),1,,13,[CUDA memcpy Host-to-Device]
2505624273,3296,101056,,,,,,,,,,1.547,469242.628,Device,,NVIDIA A100-SXM4-40GB MIG 4g.20gb (0),1,,13,[CUDA memset]
2505630801,3104,101061,,,,,,,,,,0.031,10082.445,Pinned,Device,NVIDIA A100-SXM4-40GB MIG 4g.20gb (0),1,,13,[CUDA memcpy Host-to-Device]
2505636465,10208,101062,,,,,,,,,,0.197,19260.113,Pinned,Device,NVIDIA A100-SXM4-40GB MIG 4g.20gb (0),1,,13,[CUDA memcpy Host-to-Device]
2505650993,6240,101063,273,1,1,8,4,1,39,0.002,0.000,,,,,NVIDIA A100-SXM4-40GB MIG 4g.20gb (0),1,,13,"void channel_eq::eqMmseCoefCompLowMimoKernel<float, float, float, (unsigned int)4, (unsigned int)1, (unsigned int)4>(const channel_eq::_puschRxChEqStatDescr *, channel_eq::_puschRxChEqCoefCompDynDescr)"
2505661489,5920,101064,273,1,1,12,11,1,51,0.002,0.000,,,,,NVIDIA A100-SXM4-40GB MIG 4g.20gb (0),1,,13,"void channel_eq::eqMmseSoftDemapKernel<float, __half, __half, float, (unsigned int)4, (unsigned short)16383>(channel_eq::_puschRxChEqStatDescr *, channel_eq::_puschRxChEqSoftDemapDynDescr)"
2505669457,279516,101065,1,1,1,32,32,1,30,0.000,0.000,,,,,NVIDIA A100-SXM4-40GB MIG 4g.20gb (0),1,,13,"void convert_kernel<float2, __half2>(tensor_layout_any, T1 *, tensor_layout_any, const T2 *)"
2505950829,10976,101077,2253,1,1,128,1,1,16,0.000,0.000,,,,,NVIDIA A100-SXM4-40GB MIG 4g.20gb (0),1,,13,cupy_copy__float16_float16
2505966573,2976,101086,282,1,1,128,1,1,16,0.000,0.000,,,,,NVIDIA A100-SXM4-40GB MIG 4g.20gb (0),1,,13,cupy_copy__complex64_complex64
2505972493,2112,101095,26,1,1,128,1,1,16,0.000,0.000,,,,,NVIDIA A100-SXM4-40GB MIG 4g.20gb (0),1,,13,cupy_copy__float32_float32
2505975789,4704,101104,103,1,1,128,1,1,16,0.000,0.000,,,,,NVIDIA A100-SXM4-40GB MIG 4g.20gb (0),1,,13,cupy_copy__complex64_complex64
2505982637,12000,101114,1434,1,1,128,1,1,16,0.000,0.000,,,,,NVIDIA A100-SXM4-40GB MIG 4g.20gb (0),1,,13,cupy_copy__complex64_complex64
2506000077,86591,101119,1,1,1,32,32,1,30,0.000,0.000,,,,,NVIDIA A100-SXM4-40GB MIG 4g.20gb (0),1,,13,"void convert_kernel<__half2, float2>(tensor_layout_any, T1 *, tensor_layout_any, const T2 *)"
2506114475,5408,101122,,,,,,,,,,0.094,17325.421,Pinned,Device,NVIDIA A100-SXM4-40GB MIG 4g.20gb (0),1,,13,[CUDA memcpy Host-to-Device]
2506127819,595609,101123,,,,,,,,,,456.561,766110.096,Device,,NVIDIA A100-SXM4-40GB MIG 4g.20gb (0),1,,13,[CUDA memset]
2506728388,136318,101128,,,,,,,,,,1.235,9058.314,Pinned,Device,NVIDIA A100-SXM4-40GB MIG 4g.20gb (0),1,,13,[CUDA memcpy Host-to-Device]
2506879298,40351,101129,,,,,,,,,,0.197,4872.339,Pinned,Device,NVIDIA A100-SXM4-40GB MIG 4g.20gb (0),1,,13,[CUDA memcpy Host-to-Device]
2506942529,8064,101130,69,4,1,48,1,1,76,0.002,0.000,,,,,NVIDIA A100-SXM4-40GB MIG 4g.20gb (0),1,,13,"void ch_est::windowedChEstPreNoDftSOfdmKernel<float, __half, float, (unsigned int)2, (unsigned int)1, (unsigned short)4>(ch_est::puschRxChEstStatDescr_t *, ch_est::puschRxChEstDynDescr_t *)"
2506961249,6752,101131,137,2,1,24,2,1,44,0.001,0.001,,,,,NVIDIA A100-SXM4-40GB MIG 4g.20gb (0),1,,13,"void ch_est::chEstFilterNoDftSOfdmDispatchKernel<float, __half, float, (unsigned int)2>(ch_est::puschRxChEstStatDescr_t *, ch_est::puschRxChEstDynDescr_t *)"
2506978273,4736,101132,137,2,1,24,2,1,44,0.001,0.001,,,,,NVIDIA A100-SXM4-40GB MIG 4g.20gb (0),1,,13,"void ch_est::chEstFilterNoDftSOfdmDispatchKernel<float, __half, float, (unsigned int)2>(ch_est::puschRxChEstStatDescr_t *, ch_est::puschRxChEstDynDescr_t *)"
2506995424,2720,101143,103,1,1,128,1,1,16,0.000,0.000,,,,,NVIDIA A100-SXM4-40GB MIG 4g.20gb (0),1,,13,cupy_copy__complex64_complex64
2507012192,12384,101153,1434,1,1,128,1,1,16,0.000,0.000,,,,,NVIDIA A100-SXM4-40GB MIG 4g.20gb (0),1,,13,cupy_copy__complex64_complex64
2507035168,2528,101160,103,1,1,128,1,1,16,0.000,0.000,,,,,NVIDIA A100-SXM4-40GB MIG 4g.20gb (0),1,,13,cupy_copy__complex64_complex64
2507057728,91135,101167,1,1,1,32,32,1,30,0.000,0.000,,,,,NVIDIA A100-SXM4-40GB MIG 4g.20gb (0),1,,13,"void convert_kernel<__half2, float2>(tensor_layout_any, T1 *, tensor_layout_any, const T2 *)"
2507178398,14944,101170,,,,,,,,,,0.094,6269.762,Pinned,Device,NVIDIA A100-SXM4-40GB MIG 4g.20gb (0),1,,13,[CUDA memcpy Host-to-Device]
2507207902,47007,101171,,,,,,,,,,35.810,761784.428,Device,,NVIDIA A100-SXM4-40GB MIG 4g.20gb (0),1,,13,[CUDA memset]
2507262205,3200,101173,,,,,,,,,,0.000,25.000,Pinned,Device,NVIDIA A100-SXM4-40GB MIG 4g.20gb (0),1,,13,[CUDA memcpy Host-to-Device]
2507273757,14656,101174,,,,,,,,,,0.197,13414.760,Pinned,Device,NVIDIA A100-SXM4-40GB MIG 4g.20gb (0),1,,13,[CUDA memcpy Host-to-Device]
2507297885,12544,101175,273,1,1,48,1,1,40,0.000,0.001,,,,,NVIDIA A100-SXM4-40GB MIG 4g.20gb (0),1,,13,"void pusch_noise_intf_est::noiseIntfEstNoDftSOfdmKernel<float, __half, float, float, (unsigned int)2, (unsigned int)1, (unsigned char)4, (unsigned char)4>(pusch_noise_intf_est::puschRxNoiseIntfEstDynDescr)"
2507314044,2720,101186,35,1,1,128,1,1,16,0.000,0.000,,,,,NVIDIA A100-SXM4-40GB MIG 4g.20gb (0),1,,13,cupy_copy__complex64_complex64
2507323516,1888,101195,1,1,1,1,1,1,18,0.000,0.000,,,,,NVIDIA A100-SXM4-40GB MIG 4g.20gb (0),1,,13,cupy_copy__float32_float32
2507336092,6848,101201,,,,,,,,,,0.000,0.584,Device,Pageable,NVIDIA A100-SXM4-40GB MIG 4g.20gb (0),1,,7,[CUDA memcpy Device-to-Host]
2507413691,12928,101212,1434,1,1,128,1,1,16,0.000,0.000,,,,,NVIDIA A100-SXM4-40GB MIG 4g.20gb (0),1,,13,cupy_copy__complex64_complex64
2507451067,2976,101219,103,1,1,128,1,1,16,0.000,0.000,,,,,NVIDIA A100-SXM4-40GB MIG 4g.20gb (0),1,,13,cupy_copy__complex64_complex64
2507461691,2784,101226,35,1,1,128,1,1,16,0.000,0.000,,,,,NVIDIA A100-SXM4-40GB MIG 4g.20gb (0),1,,13,cupy_copy__complex64_complex64
2507482586,1984,101233,1,1,1,1,1,1,18,0.000,0.000,,,,,NVIDIA A100-SXM4-40GB MIG 4g.20gb (0),1,,13,cupy_copy__float32_float32
2507619801,82783,101244,1,1,1,32,32,1,30,0.000,0.000,,,,,NVIDIA A100-SXM4-40GB MIG 4g.20gb (0),1,,13,"void convert_kernel<__half2, float2>(tensor_layout_any, T1 *, tensor_layout_any, const T2 *)"
2507730039,5504,101247,,,,,,,,,,0.094,17023.251,Pinned,Device,NVIDIA A100-SXM4-40GB MIG 4g.20gb (0),1,,13,[CUDA memcpy Host-to-Device]
2507744279,3328,101248,,,,,,,,,,1.547,464729.580,Device,,NVIDIA A100-SXM4-40GB MIG 4g.20gb (0),1,,13,[CUDA memset]
2507751031,3968,101253,,,,,,,,,,0.031,7887.093,Pinned,Device,NVIDIA A100-SXM4-40GB MIG 4g.20gb (0),1,,13,[CUDA memcpy Host-to-Device]
2507757431,9504,101254,,,,,,,,,,0.197,20686.701,Pinned,Device,NVIDIA A100-SXM4-40GB MIG 4g.20gb (0),1,,13,[CUDA memcpy Host-to-Device]
2507772055,6304,101255,273,1,1,8,4,1,39,0.002,0.000,,,,,NVIDIA A100-SXM4-40GB MIG 4g.20gb (0),1,,13,"void channel_eq::eqMmseCoefCompLowMimoKernel<float, float, float, (unsigned int)4, (unsigned int)1, (unsigned int)4>(const channel_eq::_puschRxChEqStatDescr *, channel_eq::_puschRxChEqCoefCompDynDescr)"
2507780055,6144,101256,273,1,1,12,11,1,51,0.002,0.000,,,,,NVIDIA A100-SXM4-40GB MIG 4g.20gb (0),1,,13,"void channel_eq::eqMmseSoftDemapKernel<float, __half, __half, float, (unsigned int)4, (unsigned short)16383>(channel_eq::_puschRxChEqStatDescr *, channel_eq::_puschRxChEqSoftDemapDynDescr)"
2507787191,282780,101257,1,1,1,32,32,1,30,0.000,0.000,,,,,NVIDIA A100-SXM4-40GB MIG 4g.20gb (0),1,,13,"void convert_kernel<float2, __half2>(tensor_layout_any, T1 *, tensor_layout_any, const T2 *)"
2508072275,10976,101269,2253,1,1,128,1,1,16,0.000,0.000,,,,,NVIDIA A100-SXM4-40GB MIG 4g.20gb (0),1,,13,cupy_copy__float16_float16
2508086323,3136,101278,282,1,1,128,1,1,16,0.000,0.000,,,,,NVIDIA A100-SXM4-40GB MIG 4g.20gb (0),1,,13,cupy_copy__complex64_complex64
2508091187,2112,101287,26,1,1,128,1,1,16,0.000,0.000,,,,,NVIDIA A100-SXM4-40GB MIG 4g.20gb (0),1,,13,cupy_copy__float32_float32
2508096307,3040,101296,103,1,1,128,1,1,16,0.000,0.000,,,,,NVIDIA A100-SXM4-40GB MIG 4g.20gb (0),1,,13,cupy_copy__complex64_complex64
2508100371,12288,101306,1434,1,1,128,1,1,16,0.000,0.000,,,,,NVIDIA A100-SXM4-40GB MIG 4g.20gb (0),1,,13,cupy_copy__complex64_complex64
2508121522,82111,101311,1,1,1,32,32,1,30,0.000,0.000,,,,,NVIDIA A100-SXM4-40GB MIG 4g.20gb (0),1,,13,"void convert_kernel<__half2, float2>(tensor_layout_any, T1 *, tensor_layout_any, const T2 *)"
2508230929,5408,101314,,,,,,,,,,0.094,17325.421,Pinned,Device,NVIDIA A100-SXM4-40GB MIG 4g.20gb (0),1,,13,[CUDA memcpy Host-to-Device]
2508241777,597817,101315,,,,,,,,,,456.561,763370.728,Device,,NVIDIA A100-SXM4-40GB MIG 4g.20gb (0),1,,13,[CUDA memset]
2508844650,145086,101320,,,,,,,,,,1.235,8511.234,Pinned,Device,NVIDIA A100-SXM4-40GB MIG 4g.20gb (0),1,,13,[CUDA memcpy Host-to-Device]
2508999720,45023,101321,,,,,,,,,,0.197,4366.664,Pinned,Device,NVIDIA A100-SXM4-40GB MIG 4g.20gb (0),1,,13,[CUDA memcpy Host-to-Device]
2509068039,8064,101322,69,4,1,48,1,1,76,0.002,0.000,,,,,NVIDIA A100-SXM4-40GB MIG 4g.20gb (0),1,,13,"void ch_est::windowedChEstPreNoDftSOfdmKernel<float, __half, float, (unsigned int)2, (unsigned int)1, (unsigned short)4>(ch_est::puschRxChEstStatDescr_t *, ch_est::puschRxChEstDynDescr_t *)"
2509085031,7007,101323,137,2,1,24,2,1,44,0.001,0.001,,,,,NVIDIA A100-SXM4-40GB MIG 4g.20gb (0),1,,13,"void ch_est::chEstFilterNoDftSOfdmDispatchKernel<float, __half, float, (unsigned int)2>(ch_est::puschRxChEstStatDescr_t *, ch_est::puschRxChEstDynDescr_t *)"
2509100742,4640,101324,137,2,1,24,2,1,44,0.001,0.001,,,,,NVIDIA A100-SXM4-40GB MIG 4g.20gb (0),1,,13,"void ch_est::chEstFilterNoDftSOfdmDispatchKernel<float, __half, float, (unsigned int)2>(ch_est::puschRxChEstStatDescr_t *, ch_est::puschRxChEstDynDescr_t *)"
2509117254,2624,101335,103,1,1,128,1,1,16,0.000,0.000,,,,,NVIDIA A100-SXM4-40GB MIG 4g.20gb (0),1,,13,cupy_copy__complex64_complex64
2509131974,12480,101345,1434,1,1,128,1,1,16,0.000,0.000,,,,,NVIDIA A100-SXM4-40GB MIG 4g.20gb (0),1,,13,cupy_copy__complex64_complex64
2509167686,2368,101352,103,1,1,128,1,1,16,0.000,0.000,,,,,NVIDIA A100-SXM4-40GB MIG 4g.20gb (0),1,,13,cupy_copy__complex64_complex64
2509184645,85439,101359,1,1,1,32,32,1,30,0.000,0.000,,,,,NVIDIA A100-SXM4-40GB MIG 4g.20gb (0),1,,13,"void convert_kernel<__half2, float2>(tensor_layout_any, T1 *, tensor_layout_any, const T2 *)"
2509300804,17824,101362,,,,,,,,,,0.094,5256.720,Pinned,Device,NVIDIA A100-SXM4-40GB MIG 4g.20gb (0),1,,13,[CUDA memcpy Host-to-Device]
2509338371,47712,101363,,,,,,,,,,35.810,750540.113,Device,,NVIDIA A100-SXM4-40GB MIG 4g.20gb (0),1,,13,[CUDA memset]
2509391523,7072,101365,,,,,,,,,,0.000,11.312,Pinned,Device,NVIDIA A100-SXM4-40GB MIG 4g.20gb (0),1,,13,[CUDA memcpy Host-to-Device]
2509409507,19711,101366,,,,,,,,,,0.197,9974.514,Pinned,Device,NVIDIA A100-SXM4-40GB MIG 4g.20gb (0),1,,13,[CUDA memcpy Host-to-Device]
2509445442,9760,101367,273,1,1,48,1,1,40,0.000,0.001,,,,,NVIDIA A100-SXM4-40GB MIG 4g.20gb (0),1,,13,"void pusch_noise_intf_est::noiseIntfEstNoDftSOfdmKernel<float, __half, float, float, (unsigned int)2, (unsigned int)1, (unsigned char)4, (unsigned char)4>(pusch_noise_intf_est::puschRxNoiseIntfEstDynDescr)"
2509469986,2976,101378,35,1,1,128,1,1,16,0.000,0.000,,,,,NVIDIA A100-SXM4-40GB MIG 4g.20gb (0),1,,13,cupy_copy__complex64_complex64
2509480034,1696,101387,1,1,1,1,1,1,18,0.000,0.000,,,,,NVIDIA A100-SXM4-40GB MIG 4g.20gb (0),1,,13,cupy_copy__float32_float32
2509488802,6463,101393,,,,,,,,,,0.000,0.619,Device,Pageable,NVIDIA A100-SXM4-40GB MIG 4g.20gb (0),1,,7,[CUDA memcpy Device-to-Host]
2509570209,13247,101404,1434,1,1,128,1,1,16,0.000,0.000,,,,,NVIDIA A100-SXM4-40GB MIG 4g.20gb (0),1,,13,cupy_copy__complex64_complex64
2509599232,3520,101411,103,1,1,128,1,1,16,0.000,0.000,,,,,NVIDIA A100-SXM4-40GB MIG 4g.20gb (0),1,,13,cupy_copy__complex64_complex64
2509621056,2688,101418,35,1,1,128,1,1,16,0.000,0.000,,,,,NVIDIA A100-SXM4-40GB MIG 4g.20gb (0),1,,13,cupy_copy__complex64_complex64
2509639744,1888,101425,1,1,1,1,1,1,18,0.000,0.000,,,,,NVIDIA A100-SXM4-40GB MIG 4g.20gb (0),1,,13,cupy_copy__float32_float32
2509762942,82239,101436,1,1,1,32,32,1,30,0.000,0.000,,,,,NVIDIA A100-SXM4-40GB MIG 4g.20gb (0),1,,13,"void convert_kernel<__half2, float2>(tensor_layout_any, T1 *, tensor_layout_any, const T2 *)"
2509873021,5792,101439,,,,,,,,,,0.094,16176.708,Pinned,Device,NVIDIA A100-SXM4-40GB MIG 4g.20gb (0),1,,13,[CUDA memcpy Host-to-Device]
2509887389,3456,101440,,,,,,,,,,1.547,447517.201,Device,,NVIDIA A100-SXM4-40GB MIG 4g.20gb (0),1,,13,[CUDA memset]
2509894301,3136,101445,,,,,,,,,,0.031,9979.575,Pinned,Device,NVIDIA A100-SXM4-40GB MIG 4g.20gb (0),1,,13,[CUDA memcpy Host-to-Device]
2509900028,9376,101446,,,,,,,,,,0.197,20969.226,Pinned,Device,NVIDIA A100-SXM4-40GB MIG 4g.20gb (0),1,,13,[CUDA memcpy Host-to-Device]
2509915164,6624,101447,273,1,1,8,4,1,39,0.002,0.000,,,,,NVIDIA A100-SXM4-40GB MIG 4g.20gb (0),1,,13,"void channel_eq::eqMmseCoefCompLowMimoKernel<float, float, float, (unsigned int)4, (unsigned int)1, (unsigned int)4>(const channel_eq::_puschRxChEqStatDescr *, channel_eq::_puschRxChEqCoefCompDynDescr)"
2509924572,6176,101448,273,1,1,12,11,1,51,0.002,0.000,,,,,NVIDIA A100-SXM4-40GB MIG 4g.20gb (0),1,,13,"void channel_eq::eqMmseSoftDemapKernel<float, __half, __half, float, (unsigned int)4, (unsigned short)16383>(channel_eq::_puschRxChEqStatDescr *, channel_eq::_puschRxChEqSoftDemapDynDescr)"
2509932476,282909,101449,1,1,1,32,32,1,30,0.000,0.000,,,,,NVIDIA A100-SXM4-40GB MIG 4g.20gb (0),1,,13,"void convert_kernel<float2, __half2>(tensor_layout_any, T1 *, tensor_layout_any, const T2 *)"
2510216569,10847,101461,2253,1,1,128,1,1,16,0.000,0.000,,,,,NVIDIA A100-SXM4-40GB MIG 4g.20gb (0),1,,13,cupy_copy__float16_float16
2510229944,3168,101470,282,1,1,128,1,1,16,0.000,0.000,,,,,NVIDIA A100-SXM4-40GB MIG 4g.20gb (0),1,,13,cupy_copy__complex64_complex64
2510235672,2048,101479,26,1,1,128,1,1,16,0.000,0.000,,,,,NVIDIA A100-SXM4-40GB MIG 4g.20gb (0),1,,13,cupy_copy__float32_float32
2510239288,5248,101488,103,1,1,128,1,1,16,0.000,0.000,,,,,NVIDIA A100-SXM4-40GB MIG 4g.20gb (0),1,,13,cupy_copy__complex64_complex64
2510247992,12096,101498,1434,1,1,128,1,1,16,0.000,0.000,,,,,NVIDIA A100-SXM4-40GB MIG 4g.20gb (0),1,,13,cupy_copy__complex64_complex64
2510265208,83519,101503,1,1,1,32,32,1,30,0.000,0.000,,,,,NVIDIA A100-SXM4-40GB MIG 4g.20gb (0),1,,13,"void convert_kernel<__half2, float2>(tensor_layout_any, T1 *, tensor_layout_any, const T2 *)"
2510375351,5376,101506,,,,,,,,,,0.094,17428.487,Pinned,Device,NVIDIA A100-SXM4-40GB MIG 4g.20gb (0),1,,13,[CUDA memcpy Host-to-Device]
2510386294,599417,101507,,,,,,,,,,456.561,761544.482,Device,,NVIDIA A100-SXM4-40GB MIG 4g.20gb (0),1,,13,[CUDA memset]
2510993455,94975,101512,,,,,,,,,,1.235,13002.725,Pinned,Device,NVIDIA A100-SXM4-40GB MIG 4g.20gb (0),1,,13,[CUDA memcpy Host-to-Device]
2511099726,28991,101513,,,,,,,,,,0.197,6781.600,Pinned,Device,NVIDIA A100-SXM4-40GB MIG 4g.20gb (0),1,,13,[CUDA memcpy Host-to-Device]
2511145837,9248,101514,69,4,1,48,1,1,76,0.002,0.000,,,,,NVIDIA A100-SXM4-40GB MIG 4g.20gb (0),1,,13,"void ch_est::windowedChEstPreNoDftSOfdmKernel<float, __half, float, (unsigned int)2, (unsigned int)1, (unsigned short)4>(ch_est::puschRxChEstStatDescr_t *, ch_est::puschRxChEstDynDescr_t *)"
2511161197,6816,101515,137,2,1,24,2,1,44,0.001,0.001,,,,,NVIDIA A100-SXM4-40GB MIG 4g.20gb (0),1,,13,"void ch_est::chEstFilterNoDftSOfdmDispatchKernel<float, __half, float, (unsigned int)2>(ch_est::puschRxChEstStatDescr_t *, ch_est::puschRxChEstDynDescr_t *)"
2511175277,4704,101516,137,2,1,24,2,1,44,0.001,0.001,,,,,NVIDIA A100-SXM4-40GB MIG 4g.20gb (0),1,,13,"void ch_est::chEstFilterNoDftSOfdmDispatchKernel<float, __half, float, (unsigned int)2>(ch_est::puschRxChEstStatDescr_t *, ch_est::puschRxChEstDynDescr_t *)"
2511191117,2527,101527,103,1,1,128,1,1,16,0.000,0.000,,,,,NVIDIA A100-SXM4-40GB MIG 4g.20gb (0),1,,13,cupy_copy__complex64_complex64
2511206860,12448,101537,1434,1,1,128,1,1,16,0.000,0.000,,,,,NVIDIA A100-SXM4-40GB MIG 4g.20gb (0),1,,13,cupy_copy__complex64_complex64
2511227436,2560,101544,103,1,1,128,1,1,16,0.000,0.000,,,,,NVIDIA A100-SXM4-40GB MIG 4g.20gb (0),1,,13,cupy_copy__complex64_complex64
2511243820,81343,101551,1,1,1,32,32,1,30,0.000,0.000,,,,,NVIDIA A100-SXM4-40GB MIG 4g.20gb (0),1,,13,"void convert_kernel<__half2, float2>(tensor_layout_any, T1 *, tensor_layout_any, const T2 *)"
2511361002,23872,101554,,,,,,,,,,0.094,3924.925,Pinned,Device,NVIDIA A100-SXM4-40GB MIG 4g.20gb (0),1,,13,[CUDA memcpy Host-to-Device]
2511407498,47519,101555,,,,,,,,,,35.810,753583.956,Device,,NVIDIA A100-SXM4-40GB MIG 4g.20gb (0),1,,13,[CUDA memset]
2511457545,18592,101557,,,,,,,,,,0.000,4.303,Pinned,Device,NVIDIA A100-SXM4-40GB MIG 4g.20gb (0),1,,13,[CUDA memcpy Host-to-Device]
2511486921,36831,101558,,,,,,,,,,0.197,5338.104,Pinned,Device,NVIDIA A100-SXM4-40GB MIG 4g.20gb (0),1,,13,[CUDA memcpy Host-to-Device]
2511547144,8896,101559,273,1,1,48,1,1,40,0.000,0.001,,,,,NVIDIA A100-SXM4-40GB MIG 4g.20gb (0),1,,13,"void pusch_noise_intf_est::noiseIntfEstNoDftSOfdmKernel<float, __half, float, float, (unsigned int)2, (unsigned int)1, (unsigned char)4, (unsigned char)4>(pusch_noise_intf_est::puschRxNoiseIntfEstDynDescr)"
2511563080,2592,101570,35,1,1,128,1,1,16,0.000,0.000,,,,,NVIDIA A100-SXM4-40GB MIG 4g.20gb (0),1,,13,cupy_copy__complex64_complex64
2511578728,1696,101579,1,1,1,1,1,1,18,0.000,0.000,,,,,NVIDIA A100-SXM4-40GB MIG 4g.20gb (0),1,,13,cupy_copy__float32_float32
2511582856,6240,101585,,,,,,,,,,0.000,0.641,Device,Pageable,NVIDIA A100-SXM4-40GB MIG 4g.20gb (0),1,,7,[CUDA memcpy Device-to-Host]
2511675047,12959,101596,1434,1,1,128,1,1,16,0.000,0.000,,,,,NVIDIA A100-SXM4-40GB MIG 4g.20gb (0),1,,13,cupy_copy__complex64_complex64
2511708550,2752,101603,103,1,1,128,1,1,16,0.000,0.000,,,,,NVIDIA A100-SXM4-40GB MIG 4g.20gb (0),1,,13,cupy_copy__complex64_complex64
2511722566,2592,101610,35,1,1,128,1,1,16,0.000,0.000,,,,,NVIDIA A100-SXM4-40GB MIG 4g.20gb (0),1,,13,cupy_copy__complex64_complex64
2511740038,1984,101617,1,1,1,1,1,1,18,0.000,0.000,,,,,NVIDIA A100-SXM4-40GB MIG 4g.20gb (0),1,,13,cupy_copy__float32_float32
2511861860,83423,101628,1,1,1,32,32,1,30,0.000,0.000,,,,,NVIDIA A100-SXM4-40GB MIG 4g.20gb (0),1,,13,"void convert_kernel<__half2, float2>(tensor_layout_any, T1 *, tensor_layout_any, const T2 *)"
2511973059,6720,101631,,,,,,,,,,0.094,13942.808,Pinned,Device,NVIDIA A100-SXM4-40GB MIG 4g.20gb (0),1,,13,[CUDA memcpy Host-to-Device]
2511988227,3488,101632,,,,,,,,,,1.547,443412.461,Device,,NVIDIA A100-SXM4-40GB MIG 4g.20gb (0),1,,13,[CUDA memset]
2511994339,3008,101637,,,,,,,,,,0.031,10404.230,Pinned,Device,NVIDIA A100-SXM4-40GB MIG 4g.20gb (0),1,,13,[CUDA memcpy Host-to-Device]
2512000067,10175,101638,,,,,,,,,,0.197,19322.634,Pinned,Device,NVIDIA A100-SXM4-40GB MIG 4g.20gb (0),1,,13,[CUDA memcpy Host-to-Device]
2512017698,6688,101639,273,1,1,8,4,1,39,0.002,0.000,,,,,NVIDIA A100-SXM4-40GB MIG 4g.20gb (0),1,,13,"void channel_eq::eqMmseCoefCompLowMimoKernel<float, float, float, (unsigned int)4, (unsigned int)1, (unsigned int)4>(const channel_eq::_puschRxChEqStatDescr *, channel_eq::_puschRxChEqCoefCompDynDescr)"
2512027298,5760,101640,273,1,1,12,11,1,51,0.002,0.000,,,,,NVIDIA A100-SXM4-40GB MIG 4g.20gb (0),1,,13,"void channel_eq::eqMmseSoftDemapKernel<float, __half, __half, float, (unsigned int)4, (unsigned short)16383>(channel_eq::_puschRxChEqStatDescr *, channel_eq::_puschRxChEqSoftDemapDynDescr)"
2512035010,282877,101641,1,1,1,32,32,1,30,0.000,0.000,,,,,NVIDIA A100-SXM4-40GB MIG 4g.20gb (0),1,,13,"void convert_kernel<float2, __half2>(tensor_layout_any, T1 *, tensor_layout_any, const T2 *)"
2512318815,11007,101653,2253,1,1,128,1,1,16,0.000,0.000,,,,,NVIDIA A100-SXM4-40GB MIG 4g.20gb (0),1,,13,cupy_copy__float16_float16
2512332062,3200,101662,282,1,1,128,1,1,16,0.000,0.000,,,,,NVIDIA A100-SXM4-40GB MIG 4g.20gb (0),1,,13,cupy_copy__complex64_complex64
2512336574,2048,101671,26,1,1,128,1,1,16,0.000,0.000,,,,,NVIDIA A100-SXM4-40GB MIG 4g.20gb (0),1,,13,cupy_copy__float32_float32
2512340222,4864,101680,103,1,1,128,1,1,16,0.000,0.000,,,,,NVIDIA A100-SXM4-40GB MIG 4g.20gb (0),1,,13,cupy_copy__complex64_complex64
2512346046,12064,101690,1434,1,1,128,1,1,16,0.000,0.000,,,,,NVIDIA A100-SXM4-40GB MIG 4g.20gb (0),1,,13,cupy_copy__complex64_complex64
2512366526,88127,101695,1,1,1,32,32,1,30,0.000,0.000,,,,,NVIDIA A100-SXM4-40GB MIG 4g.20gb (0),1,,13,"void convert_kernel<__half2, float2>(tensor_layout_any, T1 *, tensor_layout_any, const T2 *)"
2512482365,5599,101698,,,,,,,,,,0.094,16734.387,Pinned,Device,NVIDIA A100-SXM4-40GB MIG 4g.20gb (0),1,,13,[CUDA memcpy Host-to-Device]
2512492412,595097,101699,,,,,,,,,,456.561,767023.219,Device,,NVIDIA A100-SXM4-40GB MIG 4g.20gb (0),1,,13,[CUDA memset]
2513096309,106495,101704,,,,,,,,,,1.235,11596.124,Pinned,Device,NVIDIA A100-SXM4-40GB MIG 4g.20gb (0),1,,13,[CUDA memcpy Host-to-Device]
2513208468,14367,101705,,,,,,,,,,0.197,13684.507,Pinned,Device,NVIDIA A100-SXM4-40GB MIG 4g.20gb (0),1,,13,[CUDA memcpy Host-to-Device]
2513230643,7936,101706,69,4,1,48,1,1,76,0.002,0.000,,,,,NVIDIA A100-SXM4-40GB MIG 4g.20gb (0),1,,13,"void ch_est::windowedChEstPreNoDftSOfdmKernel<float, __half, float, (unsigned int)2, (unsigned int)1, (unsigned short)4>(ch_est::puschRxChEstStatDescr_t *, ch_est::puschRxChEstDynDescr_t *)"
2513241459,7648,101707,137,2,1,24,2,1,44,0.001,0.001,,,,,NVIDIA A100-SXM4-40GB MIG 4g.20gb (0),1,,13,"void ch_est::chEstFilterNoDftSOfdmDispatchKernel<float, __half, float, (unsigned int)2>(ch_est::puschRxChEstStatDescr_t *, ch_est::puschRxChEstDynDescr_t *)"
2513250931,5216,101708,137,2,1,24,2,1,44,0.001,0.001,,,,,NVIDIA A100-SXM4-40GB MIG 4g.20gb (0),1,,13,"void ch_est::chEstFilterNoDftSOfdmDispatchKernel<float, __half, float, (unsigned int)2>(ch_est::puschRxChEstStatDescr_t *, ch_est::puschRxChEstDynDescr_t *)"
2513259891,2784,101719,103,1,1,128,1,1,16,0.000,0.000,,,,,NVIDIA A100-SXM4-40GB MIG 4g.20gb (0),1,,13,cupy_copy__complex64_complex64
2513264307,12608,101729,1434,1,1,128,1,1,16,0.000,0.000,,,,,NVIDIA A100-SXM4-40GB MIG 4g.20gb (0),1,,13,cupy_copy__complex64_complex64
2513279059,3104,101736,103,1,1,128,1,1,16,0.000,0.000,,,,,NVIDIA A100-SXM4-40GB MIG 4g.20gb (0),1,,13,cupy_copy__complex64_complex64
2513284275,87839,101743,1,1,1,32,32,1,30,0.000,0.000,,,,,NVIDIA A100-SXM4-40GB MIG 4g.20gb (0),1,,13,"void convert_kernel<__half2, float2>(tensor_layout_any, T1 *, tensor_layout_any, const T2 *)"
2513399185,5824,101746,,,,,,,,,,0.094,16087.884,Pinned,Device,NVIDIA A100-SXM4-40GB MIG 4g.20gb (0),1,,13,[CUDA memcpy Host-to-Device]
2513411569,47519,101747,,,,,,,,,,35.810,753583.956,Device,,NVIDIA A100-SXM4-40GB MIG 4g.20gb (0),1,,13,[CUDA memset]
2513465648,3584,101749,,,,,,,,,,0.000,22.321,Pinned,Device,NVIDIA A100-SXM4-40GB MIG 4g.20gb (0),1,,13,[CUDA memcpy Host-to-Device]
2513474864,11168,101750,,,,,,,,,,0.197,17604.477,Pinned,Device,NVIDIA A100-SXM4-40GB MIG 4g.20gb (0),1,,13,[CUDA memcpy Host-to-Device]
2513493744,9472,101751,273,1,1,48,1,1,40,0.000,0.001,,,,,NVIDIA A100-SXM4-40GB MIG 4g.20gb (0),1,,13,"void pusch_noise_intf_est::noiseIntfEstNoDftSOfdmKernel<float, __half, float, float, (unsigned int)2, (unsigned int)1, (unsigned char)4, (unsigned char)4>(pusch_noise_intf_est::puschRxNoiseIntfEstDynDescr)"
2513509680,2880,101762,35,1,1,128,1,1,16,0.000,0.000,,,,,NVIDIA A100-SXM4-40GB MIG 4g.20gb (0),1,,13,cupy_copy__complex64_complex64
2513524272,1792,101771,1,1,1,1,1,1,18,0.000,0.000,,,,,NVIDIA A100-SXM4-40GB MIG 4g.20gb (0),1,,13,cupy_copy__float32_float32
2513556079,1760,101777,,,,,,,,,,0.000,2.273,Device,Pageable,NVIDIA A100-SXM4-40GB MIG 4g.20gb (0),1,,7,[CUDA memcpy Device-to-Host]
2513616975,12895,101788,1434,1,1,128,1,1,16,0.000,0.000,,,,,NVIDIA A100-SXM4-40GB MIG 4g.20gb (0),1,,13,cupy_copy__complex64_complex64
2513642766,2848,101795,103,1,1,128,1,1,16,0.000,0.000,,,,,NVIDIA A100-SXM4-40GB MIG 4g.20gb (0),1,,13,cupy_copy__complex64_complex64
2513663694,2496,101802,35,1,1,128,1,1,16,0.000,0.000,,,,,NVIDIA A100-SXM4-40GB MIG 4g.20gb (0),1,,13,cupy_copy__complex64_complex64
2513682990,1792,101809,1,1,1,1,1,1,18,0.000,0.000,,,,,NVIDIA A100-SXM4-40GB MIG 4g.20gb (0),1,,13,cupy_copy__float32_float32
2513813740,82591,101820,1,1,1,32,32,1,30,0.000,0.000,,,,,NVIDIA A100-SXM4-40GB MIG 4g.20gb (0),1,,13,"void convert_kernel<__half2, float2>(tensor_layout_any, T1 *, tensor_layout_any, const T2 *)"
2513924075,5568,101823,,,,,,,,,,0.094,16827.521,Pinned,Device,NVIDIA A100-SXM4-40GB MIG 4g.20gb (0),1,,13,[CUDA memcpy Host-to-Device]
2513940619,3199,101824,,,,,,,,,,1.547,483470.023,Device,,NVIDIA A100-SXM4-40GB MIG 4g.20gb (0),1,,13,[CUDA memset]
2513945386,3392,101829,,,,,,,,,,0.031,9226.405,Pinned,Device,NVIDIA A100-SXM4-40GB MIG 4g.20gb (0),1,,13,[CUDA memcpy Host-to-Device]
2513951210,9696,101830,,,,,,,,,,0.197,20277.166,Pinned,Device,NVIDIA A100-SXM4-40GB MIG 4g.20gb (0),1,,13,[CUDA memcpy Host-to-Device]
2513965898,6560,101831,273,1,1,8,4,1,39,0.002,0.000,,,,,NVIDIA A100-SXM4-40GB MIG 4g.20gb (0),1,,13,"void channel_eq::eqMmseCoefCompLowMimoKernel<float, float, float, (unsigned int)4, (unsigned int)1, (unsigned int)4>(const channel_eq::_puschRxChEqStatDescr *, channel_eq::_puschRxChEqCoefCompDynDescr)"
2513973514,5856,101832,273,1,1,12,11,1,51,0.002,0.000,,,,,NVIDIA A100-SXM4-40GB MIG 4g.20gb (0),1,,13,"void channel_eq::eqMmseSoftDemapKernel<float, __half, __half, float, (unsigned int)4, (unsigned short)16383>(channel_eq::_puschRxChEqStatDescr *, channel_eq::_puschRxChEqSoftDemapDynDescr)"
2513980426,282045,101833,1,1,1,32,32,1,30,0.000,0.000,,,,,NVIDIA A100-SXM4-40GB MIG 4g.20gb (0),1,,13,"void convert_kernel<float2, __half2>(tensor_layout_any, T1 *, tensor_layout_any, const T2 *)"
2514264615,10943,101845,2253,1,1,128,1,1,16,0.000,0.000,,,,,NVIDIA A100-SXM4-40GB MIG 4g.20gb (0),1,,13,cupy_copy__float16_float16
2514278470,3744,101854,282,1,1,128,1,1,16,0.000,0.000,,,,,NVIDIA A100-SXM4-40GB MIG 4g.20gb (0),1,,13,cupy_copy__complex64_complex64
2514284774,2048,101863,26,1,1,128,1,1,16,0.000,0.000,,,,,NVIDIA A100-SXM4-40GB MIG 4g.20gb (0),1,,13,cupy_copy__float32_float32
2514289670,3200,101872,103,1,1,128,1,1,16,0.000,0.000,,,,,NVIDIA A100-SXM4-40GB MIG 4g.20gb (0),1,,13,cupy_copy__complex64_complex64
2514296710,12064,101882,1434,1,1,128,1,1,16,0.000,0.000,,,,,NVIDIA A100-SXM4-40GB MIG 4g.20gb (0),1,,13,cupy_copy__complex64_complex64
2514315878,82399,101887,1,1,1,32,32,1,30,0.000,0.000,,,,,NVIDIA A100-SXM4-40GB MIG 4g.20gb (0),1,,13,"void convert_kernel<__half2, float2>(tensor_layout_any, T1 *, tensor_layout_any, const T2 *)"
2514425477,5823,101890,,,,,,,,,,0.094,16090.601,Pinned,Device,NVIDIA A100-SXM4-40GB MIG 4g.20gb (0),1,,13,[CUDA memcpy Host-to-Device]
2514435204,601369,101891,,,,,,,,,,456.561,758805.113,Device,,NVIDIA A100-SXM4-40GB MIG 4g.20gb (0),1,,13,[CUDA memset]
2515038525,170526,101896,,,,,,,,,,1.235,7241.712,Pinned,Device,NVIDIA A100-SXM4-40GB MIG 4g.20gb (0),1,,13,[CUDA memcpy Host-to-Device]
2515221243,39103,101897,,,,,,,,,,0.197,5027.856,Pinned,Device,NVIDIA A100-SXM4-40GB MIG 4g.20gb (0),1,,13,[CUDA memcpy Host-to-Device]
2515277178,7776,101898,69,4,1,48,1,1,76,0.002,0.000,,,,,NVIDIA A100-SXM4-40GB MIG 4g.20gb (0),1,,13,"void ch_est::windowedChEstPreNoDftSOfdmKernel<float, __half, float, (unsigned int)2, (unsigned int)1, (unsigned short)4>(ch_est::puschRxChEstStatDescr_t *, ch_est::puschRxChEstDynDescr_t *)"
2515293946,6848,101899,137,2,1,24,2,1,44,0.001,0.001,,,,,NVIDIA A100-SXM4-40GB MIG 4g.20gb (0),1,,13,"void ch_est::chEstFilterNoDftSOfdmDispatchKernel<float, __half, float, (unsigned int)2>(ch_est::puschRxChEstStatDescr_t *, ch_est::puschRxChEstDynDescr_t *)"
2515311898,4704,101900,137,2,1,24,2,1,44,0.001,0.001,,,,,NVIDIA A100-SXM4-40GB MIG 4g.20gb (0),1,,13,"void ch_est::chEstFilterNoDftSOfdmDispatchKernel<float, __half, float, (unsigned int)2>(ch_est::puschRxChEstStatDescr_t *, ch_est::puschRxChEstDynDescr_t *)"
2515327385,2688,101911,103,1,1,128,1,1,16,0.000,0.000,,,,,NVIDIA A100-SXM4-40GB MIG 4g.20gb (0),1,,13,cupy_copy__complex64_complex64
2515342009,12704,101921,1434,1,1,128,1,1,16,0.000,0.000,,,,,NVIDIA A100-SXM4-40GB MIG 4g.20gb (0),1,,13,cupy_copy__complex64_complex64
2515374009,2496,101928,103,1,1,128,1,1,16,0.000,0.000,,,,,NVIDIA A100-SXM4-40GB MIG 4g.20gb (0),1,,13,cupy_copy__complex64_complex64
2515388153,84447,101935,1,1,1,32,32,1,30,0.000,0.000,,,,,NVIDIA A100-SXM4-40GB MIG 4g.20gb (0),1,,13,"void convert_kernel<__half2, float2>(tensor_layout_any, T1 *, tensor_layout_any, const T2 *)"
2515500471,5920,101938,,,,,,,,,,0.094,15826.941,Pinned,Device,NVIDIA A100-SXM4-40GB MIG 4g.20gb (0),1,,13,[CUDA memcpy Host-to-Device]
2515513111,47936,101939,,,,,,,,,,35.810,747030.741,Device,,NVIDIA A100-SXM4-40GB MIG 4g.20gb (0),1,,13,[CUDA memset]
2515567318,4992,101941,,,,,,,,,,0.000,16.026,Pinned,Device,NVIDIA A100-SXM4-40GB MIG 4g.20gb (0),1,,13,[CUDA memcpy Host-to-Device]
2515576918,13184,101942,,,,,,,,,,0.197,14912.520,Pinned,Device,NVIDIA A100-SXM4-40GB MIG 4g.20gb (0),1,,13,[CUDA memcpy Host-to-Device]
2515601910,9920,101943,273,1,1,48,1,1,40,0.000,0.001,,,,,NVIDIA A100-SXM4-40GB MIG 4g.20gb (0),1,,13,"void pusch_noise_intf_est::noiseIntfEstNoDftSOfdmKernel<float, __half, float, float, (unsigned int)2, (unsigned int)1, (unsigned char)4, (unsigned char)4>(pusch_noise_intf_est::puschRxNoiseIntfEstDynDescr)"
2515614934,2848,101954,35,1,1,128,1,1,16,0.000,0.000,,,,,NVIDIA A100-SXM4-40GB MIG 4g.20gb (0),1,,13,cupy_copy__complex64_complex64
2515628726,2016,101963,1,1,1,1,1,1,18,0.000,0.000,,,,,NVIDIA A100-SXM4-40GB MIG 4g.20gb (0),1,,13,cupy_copy__float32_float32
2515657525,1632,101969,,,,,,,,,,0.000,2.451,Device,Pageable,NVIDIA A100-SXM4-40GB MIG 4g.20gb (0),1,,7,[CUDA memcpy Device-to-Host]
2515717237,12959,101980,1434,1,1,128,1,1,16,0.000,0.000,,,,,NVIDIA A100-SXM4-40GB MIG 4g.20gb (0),1,,13,cupy_copy__complex64_complex64
2515743764,3040,101987,103,1,1,128,1,1,16,0.000,0.000,,,,,NVIDIA A100-SXM4-40GB MIG 4g.20gb (0),1,,13,cupy_copy__complex64_complex64
2515765780,2176,101994,35,1,1,128,1,1,16,0.000,0.000,,,,,NVIDIA A100-SXM4-40GB MIG 4g.20gb (0),1,,13,cupy_copy__complex64_complex64
2515784116,1760,102001,1,1,1,1,1,1,18,0.000,0.000,,,,,NVIDIA A100-SXM4-40GB MIG 4g.20gb (0),1,,13,cupy_copy__float32_float32
2515914898,87583,102012,1,1,1,32,32,1,30,0.000,0.000,,,,,NVIDIA A100-SXM4-40GB MIG 4g.20gb (0),1,,13,"void convert_kernel<__half2, float2>(tensor_layout_any, T1 *, tensor_layout_any, const T2 *)"
2516030257,5824,102015,,,,,,,,,,0.094,16087.884,Pinned,Device,NVIDIA A100-SXM4-40GB MIG 4g.20gb (0),1,,13,[CUDA memcpy Host-to-Device]
2516044081,3295,102016,,,,,,,,,,1.547,469384.918,Device,,NVIDIA A100-SXM4-40GB MIG 4g.20gb (0),1,,13,[CUDA memset]
2516050704,3008,102021,,,,,,,,,,0.031,10404.230,Pinned,Device,NVIDIA A100-SXM4-40GB MIG 4g.20gb (0),1,,13,[CUDA memcpy Host-to-Device]
2516056592,9632,102022,,,,,,,,,,0.197,20411.843,Pinned,Device,NVIDIA A100-SXM4-40GB MIG 4g.20gb (0),1,,13,[CUDA memcpy Host-to-Device]
2516072176,9984,102023,273,1,1,8,4,1,39,0.002,0.000,,,,,NVIDIA A100-SXM4-40GB MIG 4g.20gb (0),1,,13,"void channel_eq::eqMmseCoefCompLowMimoKernel<float, float, float, (unsigned int)4, (unsigned int)1, (unsigned int)4>(const channel_eq::_puschRxChEqStatDescr *, channel_eq::_puschRxChEqCoefCompDynDescr)"
2516083248,6464,102024,273,1,1,12,11,1,51,0.002,0.000,,,,,NVIDIA A100-SXM4-40GB MIG 4g.20gb (0),1,,13,"void channel_eq::eqMmseSoftDemapKernel<float, __half, __half, float, (unsigned int)4, (unsigned short)16383>(channel_eq::_puschRxChEqStatDescr *, channel_eq::_puschRxChEqSoftDemapDynDescr)"
2516090640,282460,102025,1,1,1,32,32,1,30,0.000,0.000,,,,,NVIDIA A100-SXM4-40GB MIG 4g.20gb (0),1,,13,"void convert_kernel<float2, __half2>(tensor_layout_any, T1 *, tensor_layout_any, const T2 *)"
2516375116,11360,102037,2253,1,1,128,1,1,16,0.000,0.000,,,,,NVIDIA A100-SXM4-40GB MIG 4g.20gb (0),1,,13,cupy_copy__float16_float16
2516389740,3072,102046,282,1,1,128,1,1,16,0.000,0.000,,,,,NVIDIA A100-SXM4-40GB MIG 4g.20gb (0),1,,13,cupy_copy__complex64_complex64
2516394668,1984,102055,26,1,1,128,1,1,16,0.000,0.000,,,,,NVIDIA A100-SXM4-40GB MIG 4g.20gb (0),1,,13,cupy_copy__float32_float32
2516398316,4640,102064,103,1,1,128,1,1,16,0.000,0.000,,,,,NVIDIA A100-SXM4-40GB MIG 4g.20gb (0),1,,13,cupy_copy__complex64_complex64
2516457995,12256,102080,1434,1,1,128,1,1,16,0.000,0.000,,,,,NVIDIA A100-SXM4-40GB MIG 4g.20gb (0),1,,13,cupy_copy__complex64_complex64
2516574186,82399,102085,1,1,1,32,32,1,30,0.000,0.000,,,,,NVIDIA A100-SXM4-40GB MIG 4g.20gb (0),1,,13,"void convert_kernel<__half2, float2>(tensor_layout_any, T1 *, tensor_layout_any, const T2 *)"
2516684265,5536,102088,,,,,,,,,,0.094,16924.777,Pinned,Device,NVIDIA A100-SXM4-40GB MIG 4g.20gb (0),1,,13,[CUDA memcpy Host-to-Device]
2516695976,597369,102089,,,,,,,,,,456.561,764283.851,Device,,NVIDIA A100-SXM4-40GB MIG 4g.20gb (0),1,,13,[CUDA memset]
2517301825,146782,102094,,,,,,,,,,1.235,8412.439,Pinned,Device,NVIDIA A100-SXM4-40GB MIG 4g.20gb (0),1,,13,[CUDA memcpy Host-to-Device]
2517464671,39935,102095,,,,,,,,,,0.197,4923.064,Pinned,Device,NVIDIA A100-SXM4-40GB MIG 4g.20gb (0),1,,13,[CUDA memcpy Host-to-Device]
2517526686,8032,102096,69,4,1,48,1,1,76,0.002,0.000,,,,,NVIDIA A100-SXM4-40GB MIG 4g.20gb (0),1,,13,"void ch_est::windowedChEstPreNoDftSOfdmKernel<float, __half, float, (unsigned int)2, (unsigned int)1, (unsigned short)4>(ch_est::puschRxChEstStatDescr_t *, ch_est::puschRxChEstDynDescr_t *)"
2517543870,6752,102097,137,2,1,24,2,1,44,0.001,0.001,,,,,NVIDIA A100-SXM4-40GB MIG 4g.20gb (0),1,,13,"void ch_est::chEstFilterNoDftSOfdmDispatchKernel<float, __half, float, (unsigned int)2>(ch_est::puschRxChEstStatDescr_t *, ch_est::puschRxChEstDynDescr_t *)"
2517559710,4896,102098,137,2,1,24,2,1,44,0.001,0.001,,,,,NVIDIA A100-SXM4-40GB MIG 4g.20gb (0),1,,13,"void ch_est::chEstFilterNoDftSOfdmDispatchKernel<float, __half, float, (unsigned int)2>(ch_est::puschRxChEstStatDescr_t *, ch_est::puschRxChEstDynDescr_t *)"
2517574334,2720,102109,103,1,1,128,1,1,16,0.000,0.000,,,,,NVIDIA A100-SXM4-40GB MIG 4g.20gb (0),1,,13,cupy_copy__complex64_complex64
2517587997,12800,102119,1434,1,1,128,1,1,16,0.000,0.000,,,,,NVIDIA A100-SXM4-40GB MIG 4g.20gb (0),1,,13,cupy_copy__complex64_complex64
2517608157,2752,102126,103,1,1,128,1,1,16,0.000,0.000,,,,,NVIDIA A100-SXM4-40GB MIG 4g.20gb (0),1,,13,cupy_copy__complex64_complex64
2517616989,84127,102133,1,1,1,32,32,1,30,0.000,0.000,,,,,NVIDIA A100-SXM4-40GB MIG 4g.20gb (0),1,,13,"void convert_kernel<__half2, float2>(tensor_layout_any, T1 *, tensor_layout_any, const T2 *)"
2517728540,6144,102136,,,,,,,,,,0.094,15249.961,Pinned,Device,NVIDIA A100-SXM4-40GB MIG 4g.20gb (0),1,,13,[CUDA memcpy Host-to-Device]
2517740796,46751,102137,,,,,,,,,,35.810,765938.379,Device,,NVIDIA A100-SXM4-40GB MIG 4g.20gb (0),1,,13,[CUDA memset]
2517788827,6048,102139,,,,,,,,,,0.000,13.227,Pinned,Device,NVIDIA A100-SXM4-40GB MIG 4g.20gb (0),1,,13,[CUDA memcpy Host-to-Device]
2517798939,12320,102140,,,,,,,,,,0.197,15958.278,Pinned,Device,NVIDIA A100-SXM4-40GB MIG 4g.20gb (0),1,,13,[CUDA memcpy Host-to-Device]
2517822395,10527,102141,273,1,1,48,1,1,40,0.000,0.001,,,,,NVIDIA A100-SXM4-40GB MIG 4g.20gb (0),1,,13,"void pusch_noise_intf_est::noiseIntfEstNoDftSOfdmKernel<float, __half, float, float, (unsigned int)2, (unsigned int)1, (unsigned char)4, (unsigned char)4>(pusch_noise_intf_est::puschRxNoiseIntfEstDynDescr)"
2517837530,3040,102152,35,1,1,128,1,1,16,0.000,0.000,,,,,NVIDIA A100-SXM4-40GB MIG 4g.20gb (0),1,,13,cupy_copy__complex64_complex64
2517852986,1760,102161,1,1,1,1,1,1,18,0.000,0.000,,,,,NVIDIA A100-SXM4-40GB MIG 4g.20gb (0),1,,13,cupy_copy__float32_float32
2517885722,1632,102167,,,,,,,,,,0.000,2.451,Device,Pageable,NVIDIA A100-SXM4-40GB MIG 4g.20gb (0),1,,7,[CUDA memcpy Device-to-Host]
2517944569,13056,102178,1434,1,1,128,1,1,16,0.000,0.000,,,,,NVIDIA A100-SXM4-40GB MIG 4g.20gb (0),1,,13,cupy_copy__complex64_complex64
2517971321,3072,102185,103,1,1,128,1,1,16,0.000,0.000,,,,,NVIDIA A100-SXM4-40GB MIG 4g.20gb (0),1,,13,cupy_copy__complex64_complex64
2517991576,2176,102192,35,1,1,128,1,1,16,0.000,0.000,,,,,NVIDIA A100-SXM4-40GB MIG 4g.20gb (0),1,,13,cupy_copy__complex64_complex64
2518009848,2080,102199,1,1,1,1,1,1,18,0.000,0.000,,,,,NVIDIA A100-SXM4-40GB MIG 4g.20gb (0),1,,13,cupy_copy__float32_float32
2518143959,87166,102210,1,1,1,32,32,1,30,0.000,0.000,,,,,NVIDIA A100-SXM4-40GB MIG 4g.20gb (0),1,,13,"void convert_kernel<__half2, float2>(tensor_layout_any, T1 *, tensor_layout_any, const T2 *)"
2518258869,5568,102213,,,,,,,,,,0.094,16827.521,Pinned,Device,NVIDIA A100-SXM4-40GB MIG 4g.20gb (0),1,,13,[CUDA memcpy Host-to-Device]
2518273301,3264,102214,,,,,,,,,,1.547,473842.288,Device,,NVIDIA A100-SXM4-40GB MIG 4g.20gb (0),1,,13,[CUDA memset]
2518280053,3104,102219,,,,,,,,,,0.031,10082.445,Pinned,Device,NVIDIA A100-SXM4-40GB MIG 4g.20gb (0),1,,13,[CUDA memcpy Host-to-Device]
2518285845,10016,102220,,,,,,,,,,0.197,19629.343,Pinned,Device,NVIDIA A100-SXM4-40GB MIG 4g.20gb (0),1,,13,[CUDA memcpy Host-to-Device]
2518299989,8256,102221,273,1,1,8,4,1,39,0.002,0.000,,,,,NVIDIA A100-SXM4-40GB MIG 4g.20gb (0),1,,13,"void channel_eq::eqMmseCoefCompLowMimoKernel<float, float, float, (unsigned int)4, (unsigned int)1, (unsigned int)4>(const channel_eq::_puschRxChEqStatDescr *, channel_eq::_puschRxChEqCoefCompDynDescr)"
2518309877,5791,102222,273,1,1,12,11,1,51,0.002,0.000,,,,,NVIDIA A100-SXM4-40GB MIG 4g.20gb (0),1,,13,"void channel_eq::eqMmseSoftDemapKernel<float, __half, __half, float, (unsigned int)4, (unsigned short)16383>(channel_eq::_puschRxChEqStatDescr *, channel_eq::_puschRxChEqSoftDemapDynDescr)"
2518318996,300957,102223,1,1,1,32,32,1,30,0.000,0.000,,,,,NVIDIA A100-SXM4-40GB MIG 4g.20gb (0),1,,13,"void convert_kernel<float2, __half2>(tensor_layout_any, T1 *, tensor_layout_any, const T2 *)"
2518622193,10880,102235,2253,1,1,128,1,1,16,0.000,0.000,,,,,NVIDIA A100-SXM4-40GB MIG 4g.20gb (0),1,,13,cupy_copy__float16_float16
2518635121,3327,102244,282,1,1,128,1,1,16,0.000,0.000,,,,,NVIDIA A100-SXM4-40GB MIG 4g.20gb (0),1,,13,cupy_copy__complex64_complex64
2518641744,2304,102253,26,1,1,128,1,1,16,0.000,0.000,,,,,NVIDIA A100-SXM4-40GB MIG 4g.20gb (0),1,,13,cupy_copy__float32_float32
2518647088,2976,102262,103,1,1,128,1,1,16,0.000,0.000,,,,,NVIDIA A100-SXM4-40GB MIG 4g.20gb (0),1,,13,cupy_copy__complex64_complex64
2518652752,12160,102272,1434,1,1,128,1,1,16,0.000,0.000,,,,,NVIDIA A100-SXM4-40GB MIG 4g.20gb (0),1,,13,cupy_copy__complex64_complex64
2518670416,81119,102277,1,1,1,32,32,1,30,0.000,0.000,,,,,NVIDIA A100-SXM4-40GB MIG 4g.20gb (0),1,,13,"void convert_kernel<__half2, float2>(tensor_layout_any, T1 *, tensor_layout_any, const T2 *)"
2518779535,5696,102280,,,,,,,,,,0.094,16449.363,Pinned,Device,NVIDIA A100-SXM4-40GB MIG 4g.20gb (0),1,,13,[CUDA memcpy Host-to-Device]
2518791215,597368,102281,,,,,,,,,,456.561,764283.851,Device,,NVIDIA A100-SXM4-40GB MIG 4g.20gb (0),1,,13,[CUDA memset]
2519401607,131774,102286,,,,,,,,,,1.235,9370.755,Pinned,Device,NVIDIA A100-SXM4-40GB MIG 4g.20gb (0),1,,13,[CUDA memcpy Host-to-Device]
2519549413,40224,102287,,,,,,,,,,0.197,4887.675,Pinned,Device,NVIDIA A100-SXM4-40GB MIG 4g.20gb (0),1,,13,[CUDA memcpy Host-to-Device]
2519619364,8352,102288,69,4,1,48,1,1,76,0.002,0.000,,,,,NVIDIA A100-SXM4-40GB MIG 4g.20gb (0),1,,13,"void ch_est::windowedChEstPreNoDftSOfdmKernel<float, __half, float, (unsigned int)2, (unsigned int)1, (unsigned short)4>(ch_est::puschRxChEstStatDescr_t *, ch_est::puschRxChEstDynDescr_t *)"
2519636804,6912,102289,137,2,1,24,2,1,44,0.001,0.001,,,,,NVIDIA A100-SXM4-40GB MIG 4g.20gb (0),1,,13,"void ch_est::chEstFilterNoDftSOfdmDispatchKernel<float, __half, float, (unsigned int)2>(ch_est::puschRxChEstStatDescr_t *, ch_est::puschRxChEstDynDescr_t *)"
2519654340,4736,102290,137,2,1,24,2,1,44,0.001,0.001,,,,,NVIDIA A100-SXM4-40GB MIG 4g.20gb (0),1,,13,"void ch_est::chEstFilterNoDftSOfdmDispatchKernel<float, __half, float, (unsigned int)2>(ch_est::puschRxChEstStatDescr_t *, ch_est::puschRxChEstDynDescr_t *)"
2519669188,2528,102301,103,1,1,128,1,1,16,0.000,0.000,,,,,NVIDIA A100-SXM4-40GB MIG 4g.20gb (0),1,,13,cupy_copy__complex64_complex64
2519688291,12512,102311,1434,1,1,128,1,1,16,0.000,0.000,,,,,NVIDIA A100-SXM4-40GB MIG 4g.20gb (0),1,,13,cupy_copy__complex64_complex64
2519707043,2912,102318,103,1,1,128,1,1,16,0.000,0.000,,,,,NVIDIA A100-SXM4-40GB MIG 4g.20gb (0),1,,13,cupy_copy__complex64_complex64
2519732323,97311,102325,1,1,1,32,32,1,30,0.000,0.000,,,,,NVIDIA A100-SXM4-40GB MIG 4g.20gb (0),1,,13,"void convert_kernel<__half2, float2>(tensor_layout_any, T1 *, tensor_layout_any, const T2 *)"
2519864545,17824,102328,,,,,,,,,,0.094,5256.720,Pinned,Device,NVIDIA A100-SXM4-40GB MIG 4g.20gb (0),1,,13,[CUDA memcpy Host-to-Device]
2519892033,47071,102329,,,,,,,,,,35.810,760745.940,Device,,NVIDIA A100-SXM4-40GB MIG 4g.20gb (0),1,,13,[CUDA memset]
2519942304,7840,102331,,,,,,,,,,0.000,10.204,Pinned,Device,NVIDIA A100-SXM4-40GB MIG 4g.20gb (0),1,,13,[CUDA memcpy Host-to-Device]
2519959456,19232,102332,,,,,,,,,,0.197,10222.830,Pinned,Device,NVIDIA A100-SXM4-40GB MIG 4g.20gb (0),1,,13,[CUDA memcpy Host-to-Device]
2519986592,10624,102333,273,1,1,48,1,1,40,0.000,0.001,,,,,NVIDIA A100-SXM4-40GB MIG 4g.20gb (0),1,,13,"void pusch_noise_intf_est::noiseIntfEstNoDftSOfdmKernel<float, __half, float, float, (unsigned int)2, (unsigned int)1, (unsigned char)4, (unsigned char)4>(pusch_noise_intf_est::puschRxNoiseIntfEstDynDescr)"
2519998912,2912,102344,35,1,1,128,1,1,16,0.000,0.000,,,,,NVIDIA A100-SXM4-40GB MIG 4g.20gb (0),1,,13,cupy_copy__complex64_complex64
2520004896,1760,102353,1,1,1,1,1,1,18,0.000,0.000,,,,,NVIDIA A100-SXM4-40GB MIG 4g.20gb (0),1,,13,cupy_copy__float32_float32
2520015551,1760,102359,,,,,,,,,,0.000,2.273,Device,Pageable,NVIDIA A100-SXM4-40GB MIG 4g.20gb (0),1,,7,[CUDA memcpy Device-to-Host]
2520076127,12672,102370,1434,1,1,128,1,1,16,0.000,0.000,,,,,NVIDIA A100-SXM4-40GB MIG 4g.20gb (0),1,,13,cupy_copy__complex64_complex64
2520104222,2624,102377,103,1,1,128,1,1,16,0.000,0.000,,,,,NVIDIA A100-SXM4-40GB MIG 4g.20gb (0),1,,13,cupy_copy__complex64_complex64
2520124830,2528,102384,35,1,1,128,1,1,16,0.000,0.000,,,,,NVIDIA A100-SXM4-40GB MIG 4g.20gb (0),1,,13,cupy_copy__complex64_complex64
2520141598,1888,102391,1,1,1,1,1,1,18,0.000,0.000,,,,,NVIDIA A100-SXM4-40GB MIG 4g.20gb (0),1,,13,cupy_copy__float32_float32
2520273756,83135,102402,1,1,1,32,32,1,30,0.000,0.000,,,,,NVIDIA A100-SXM4-40GB MIG 4g.20gb (0),1,,13,"void convert_kernel<__half2, float2>(tensor_layout_any, T1 *, tensor_layout_any, const T2 *)"
2520384795,5568,102405,,,,,,,,,,0.094,16827.521,Pinned,Device,NVIDIA A100-SXM4-40GB MIG 4g.20gb (0),1,,13,[CUDA memcpy Host-to-Device]
2520399355,3136,102406,,,,,,,,,,1.547,493182.821,Device,,NVIDIA A100-SXM4-40GB MIG 4g.20gb (0),1,,13,[CUDA memset]
2520406139,3424,102411,,,,,,,,,,0.031,9140.185,Pinned,Device,NVIDIA A100-SXM4-40GB MIG 4g.20gb (0),1,,13,[CUDA memcpy Host-to-Device]
2520412059,9439,102412,,,,,,,,,,0.197,20829.241,Pinned,Device,NVIDIA A100-SXM4-40GB MIG 4g.20gb (0),1,,13,[CUDA memcpy Host-to-Device]
2520427418,6400,102413,273,1,1,8,4,1,39,0.002,0.000,,,,,NVIDIA A100-SXM4-40GB MIG 4g.20gb (0),1,,13,"void channel_eq::eqMmseCoefCompLowMimoKernel<float, float, float, (unsigned int)4, (unsigned int)1, (unsigned int)4>(const channel_eq::_puschRxChEqStatDescr *, channel_eq::_puschRxChEqCoefCompDynDescr)"
2520434810,5920,102414,273,1,1,12,11,1,51,0.002,0.000,,,,,NVIDIA A100-SXM4-40GB MIG 4g.20gb (0),1,,13,"void channel_eq::eqMmseSoftDemapKernel<float, __half, __half, float, (unsigned int)4, (unsigned short)16383>(channel_eq::_puschRxChEqStatDescr *, channel_eq::_puschRxChEqSoftDemapDynDescr)"
2520441786,282493,102415,1,1,1,32,32,1,30,0.000,0.000,,,,,NVIDIA A100-SXM4-40GB MIG 4g.20gb (0),1,,13,"void convert_kernel<float2, __half2>(tensor_layout_any, T1 *, tensor_layout_any, const T2 *)"
2520728119,10815,102427,2253,1,1,128,1,1,16,0.000,0.000,,,,,NVIDIA A100-SXM4-40GB MIG 4g.20gb (0),1,,13,cupy_copy__float16_float16
2520741750,3072,102436,282,1,1,128,1,1,16,0.000,0.000,,,,,NVIDIA A100-SXM4-40GB MIG 4g.20gb (0),1,,13,cupy_copy__complex64_complex64
2520748342,2496,102445,26,1,1,128,1,1,16,0.000,0.000,,,,,NVIDIA A100-SXM4-40GB MIG 4g.20gb (0),1,,13,cupy_copy__float32_float32
2520751926,3040,102454,103,1,1,128,1,1,16,0.000,0.000,,,,,NVIDIA A100-SXM4-40GB MIG 4g.20gb (0),1,,13,cupy_copy__complex64_complex64
2520756822,12192,102464,1434,1,1,128,1,1,16,0.000,0.000,,,,,NVIDIA A100-SXM4-40GB MIG 4g.20gb (0),1,,13,cupy_copy__complex64_complex64
2520775990,82495,102469,1,1,1,32,32,1,30,0.000,0.000,,,,,NVIDIA A100-SXM4-40GB MIG 4g.20gb (0),1,,13,"void convert_kernel<__half2, float2>(tensor_layout_any, T1 *, tensor_layout_any, const T2 *)"
2520885781,6432,102472,,,,,,,,,,0.094,14567.105,Pinned,Device,NVIDIA A100-SXM4-40GB MIG 4g.20gb (0),1,,13,[CUDA memcpy Host-to-Device]
2520896597,597752,102473,,,,,,,,,,456.561,763370.728,Device,,NVIDIA A100-SXM4-40GB MIG 4g.20gb (0),1,,13,[CUDA memset]
2521499149,151390,102478,,,,,,,,,,1.235,8156.805,Pinned,Device,NVIDIA A100-SXM4-40GB MIG 4g.20gb (0),1,,13,[CUDA memcpy Host-to-Device]
2521667147,39968,102479,,,,,,,,,,0.197,4919.132,Pinned,Device,NVIDIA A100-SXM4-40GB MIG 4g.20gb (0),1,,13,[CUDA memcpy Host-to-Device]
2521736746,8320,102480,69,4,1,48,1,1,76,0.002,0.000,,,,,NVIDIA A100-SXM4-40GB MIG 4g.20gb (0),1,,13,"void ch_est::windowedChEstPreNoDftSOfdmKernel<float, __half, float, (unsigned int)2, (unsigned int)1, (unsigned short)4>(ch_est::puschRxChEstStatDescr_t *, ch_est::puschRxChEstDynDescr_t *)"
2521754794,7008,102481,137,2,1,24,2,1,44,0.001,0.001,,,,,NVIDIA A100-SXM4-40GB MIG 4g.20gb (0),1,,13,"void ch_est::chEstFilterNoDftSOfdmDispatchKernel<float, __half, float, (unsigned int)2>(ch_est::puschRxChEstStatDescr_t *, ch_est::puschRxChEstDynDescr_t *)"
2521771786,4864,102482,137,2,1,24,2,1,44,0.001,0.001,,,,,NVIDIA A100-SXM4-40GB MIG 4g.20gb (0),1,,13,"void ch_est::chEstFilterNoDftSOfdmDispatchKernel<float, __half, float, (unsigned int)2>(ch_est::puschRxChEstStatDescr_t *, ch_est::puschRxChEstDynDescr_t *)"
2521788394,2655,102493,103,1,1,128,1,1,16,0.000,0.000,,,,,NVIDIA A100-SXM4-40GB MIG 4g.20gb (0),1,,13,cupy_copy__complex64_complex64
2521805417,12448,102503,1434,1,1,128,1,1,16,0.000,0.000,,,,,NVIDIA A100-SXM4-40GB MIG 4g.20gb (0),1,,13,cupy_copy__complex64_complex64
2521825705,2880,102510,103,1,1,128,1,1,16,0.000,0.000,,,,,NVIDIA A100-SXM4-40GB MIG 4g.20gb (0),1,,13,cupy_copy__complex64_complex64
2521849801,85247,102517,1,1,1,32,32,1,30,0.000,0.000,,,,,NVIDIA A100-SXM4-40GB MIG 4g.20gb (0),1,,13,"void convert_kernel<__half2, float2>(tensor_layout_any, T1 *, tensor_layout_any, const T2 *)"
2521966663,25152,102520,,,,,,,,,,0.094,3725.166,Pinned,Device,NVIDIA A100-SXM4-40GB MIG 4g.20gb (0),1,,13,[CUDA memcpy Host-to-Device]
2522006343,47295,102521,,,,,,,,,,35.810,757129.139,Device,,NVIDIA A100-SXM4-40GB MIG 4g.20gb (0),1,,13,[CUDA memset]
2522054278,14784,102523,,,,,,,,,,0.000,5.411,Pinned,Device,NVIDIA A100-SXM4-40GB MIG 4g.20gb (0),1,,13,[CUDA memcpy Host-to-Device]
2522084358,23520,102524,,,,,,,,,,0.197,8359.182,Pinned,Device,NVIDIA A100-SXM4-40GB MIG 4g.20gb (0),1,,13,[CUDA memcpy Host-to-Device]
2522128357,9248,102525,273,1,1,48,1,1,40,0.000,0.001,,,,,NVIDIA A100-SXM4-40GB MIG 4g.20gb (0),1,,13,"void pusch_noise_intf_est::noiseIntfEstNoDftSOfdmKernel<float, __half, float, float, (unsigned int)2, (unsigned int)1, (unsigned char)4, (unsigned char)4>(pusch_noise_intf_est::puschRxNoiseIntfEstDynDescr)"
2522147941,2656,102536,35,1,1,128,1,1,16,0.000,0.000,,,,,NVIDIA A100-SXM4-40GB MIG 4g.20gb (0),1,,13,cupy_copy__complex64_complex64
2522164325,1728,102545,1,1,1,1,1,1,18,0.000,0.000,,,,,NVIDIA A100-SXM4-40GB MIG 4g.20gb (0),1,,13,cupy_copy__float32_float32
2522168837,7392,102551,,,,,,,,,,0.000,0.541,Device,Pageable,NVIDIA A100-SXM4-40GB MIG 4g.20gb (0),1,,7,[CUDA memcpy Device-to-Host]
2522272292,12831,102562,1434,1,1,128,1,1,16,0.000,0.000,,,,,NVIDIA A100-SXM4-40GB MIG 4g.20gb (0),1,,13,cupy_copy__complex64_complex64
2522293731,3360,102569,103,1,1,128,1,1,16,0.000,0.000,,,,,NVIDIA A100-SXM4-40GB MIG 4g.20gb (0),1,,13,cupy_copy__complex64_complex64
2522312547,2560,102576,35,1,1,128,1,1,16,0.000,0.000,,,,,NVIDIA A100-SXM4-40GB MIG 4g.20gb (0),1,,13,cupy_copy__complex64_complex64
2522327171,1760,102583,1,1,1,1,1,1,18,0.000,0.000,,,,,NVIDIA A100-SXM4-40GB MIG 4g.20gb (0),1,,13,cupy_copy__float32_float32
2522456865,88063,102594,1,1,1,32,32,1,30,0.000,0.000,,,,,NVIDIA A100-SXM4-40GB MIG 4g.20gb (0),1,,13,"void convert_kernel<__half2, float2>(tensor_layout_any, T1 *, tensor_layout_any, const T2 *)"
2522572448,5696,102597,,,,,,,,,,0.094,16449.363,Pinned,Device,NVIDIA A100-SXM4-40GB MIG 4g.20gb (0),1,,13,[CUDA memcpy Host-to-Device]
2522586912,3424,102598,,,,,,,,,,1.547,451700.819,Device,,NVIDIA A100-SXM4-40GB MIG 4g.20gb (0),1,,13,[CUDA memset]
2522594560,3712,102603,,,,,,,,,,0.031,8431.017,Pinned,Device,NVIDIA A100-SXM4-40GB MIG 4g.20gb (0),1,,13,[CUDA memcpy Host-to-Device]
2522600863,9632,102604,,,,,,,,,,0.197,20411.843,Pinned,Device,NVIDIA A100-SXM4-40GB MIG 4g.20gb (0),1,,13,[CUDA memcpy Host-to-Device]
2522615327,6368,102605,273,1,1,8,4,1,39,0.002,0.000,,,,,NVIDIA A100-SXM4-40GB MIG 4g.20gb (0),1,,13,"void channel_eq::eqMmseCoefCompLowMimoKernel<float, float, float, (unsigned int)4, (unsigned int)1, (unsigned int)4>(const channel_eq::_puschRxChEqStatDescr *, channel_eq::_puschRxChEqCoefCompDynDescr)"
2522622751,6656,102606,273,1,1,12,11,1,51,0.002,0.000,,,,,NVIDIA A100-SXM4-40GB MIG 4g.20gb (0),1,,13,"void channel_eq::eqMmseSoftDemapKernel<float, __half, __half, float, (unsigned int)4, (unsigned short)16383>(channel_eq::_puschRxChEqStatDescr *, channel_eq::_puschRxChEqSoftDemapDynDescr)"
2522630527,279613,102607,1,1,1,32,32,1,30,0.000,0.000,,,,,NVIDIA A100-SXM4-40GB MIG 4g.20gb (0),1,,13,"void convert_kernel<float2, __half2>(tensor_layout_any, T1 *, tensor_layout_any, const T2 *)"
2522913212,11007,102619,2253,1,1,128,1,1,16,0.000,0.000,,,,,NVIDIA A100-SXM4-40GB MIG 4g.20gb (0),1,,13,cupy_copy__float16_float16
2522929627,3296,102628,282,1,1,128,1,1,16,0.000,0.000,,,,,NVIDIA A100-SXM4-40GB MIG 4g.20gb (0),1,,13,cupy_copy__complex64_complex64
2522935483,2240,102637,26,1,1,128,1,1,16,0.000,0.000,,,,,NVIDIA A100-SXM4-40GB MIG 4g.20gb (0),1,,13,cupy_copy__float32_float32
2522940763,3264,102646,103,1,1,128,1,1,16,0.000,0.000,,,,,NVIDIA A100-SXM4-40GB MIG 4g.20gb (0),1,,13,cupy_copy__complex64_complex64
2522945147,12064,102656,1434,1,1,128,1,1,16,0.000,0.000,,,,,NVIDIA A100-SXM4-40GB MIG 4g.20gb (0),1,,13,cupy_copy__complex64_complex64
2522973915,86975,102661,1,1,1,32,32,1,30,0.000,0.000,,,,,NVIDIA A100-SXM4-40GB MIG 4g.20gb (0),1,,13,"void convert_kernel<__half2, float2>(tensor_layout_any, T1 *, tensor_layout_any, const T2 *)"
2523089497,5824,102664,,,,,,,,,,0.094,16087.884,Pinned,Device,NVIDIA A100-SXM4-40GB MIG 4g.20gb (0),1,,13,[CUDA memcpy Host-to-Device]
2523099801,597721,102665,,,,,,,,,,456.561,763827.289,Device,,NVIDIA A100-SXM4-40GB MIG 4g.20gb (0),1,,13,[CUDA memset]
2523702770,85215,102670,,,,,,,,,,1.235,14492.068,Pinned,Device,NVIDIA A100-SXM4-40GB MIG 4g.20gb (0),1,,13,[CUDA memcpy Host-to-Device]
2523791025,20480,102671,,,,,,,,,,0.197,9599.975,Pinned,Device,NVIDIA A100-SXM4-40GB MIG 4g.20gb (0),1,,13,[CUDA memcpy Host-to-Device]
2523829200,7904,102672,69,4,1,48,1,1,76,0.002,0.000,,,,,NVIDIA A100-SXM4-40GB MIG 4g.20gb (0),1,,13,"void ch_est::windowedChEstPreNoDftSOfdmKernel<float, __half, float, (unsigned int)2, (unsigned int)1, (unsigned short)4>(ch_est::puschRxChEstStatDescr_t *, ch_est::puschRxChEstDynDescr_t *)"
2523841296,7552,102673,137,2,1,24,2,1,44,0.001,0.001,,,,,NVIDIA A100-SXM4-40GB MIG 4g.20gb (0),1,,13,"void ch_est::chEstFilterNoDftSOfdmDispatchKernel<float, __half, float, (unsigned int)2>(ch_est::puschRxChEstStatDescr_t *, ch_est::puschRxChEstDynDescr_t *)"
2523852208,6272,102674,137,2,1,24,2,1,44,0.001,0.001,,,,,NVIDIA A100-SXM4-40GB MIG 4g.20gb (0),1,,13,"void ch_est::chEstFilterNoDftSOfdmDispatchKernel<float, __half, float, (unsigned int)2>(ch_est::puschRxChEstStatDescr_t *, ch_est::puschRxChEstDynDescr_t *)"
2523861616,2656,102685,103,1,1,128,1,1,16,0.000,0.000,,,,,NVIDIA A100-SXM4-40GB MIG 4g.20gb (0),1,,13,cupy_copy__complex64_complex64
2523865968,12704,102695,1434,1,1,128,1,1,16,0.000,0.000,,,,,NVIDIA A100-SXM4-40GB MIG 4g.20gb (0),1,,13,cupy_copy__complex64_complex64
2523880272,2368,102702,103,1,1,128,1,1,16,0.000,0.000,,,,,NVIDIA A100-SXM4-40GB MIG 4g.20gb (0),1,,13,cupy_copy__complex64_complex64
2523886384,87614,102709,1,1,1,32,32,1,30,0.000,0.000,,,,,NVIDIA A100-SXM4-40GB MIG 4g.20gb (0),1,,13,"void convert_kernel<__half2, float2>(tensor_layout_any, T1 *, tensor_layout_any, const T2 *)"
2524001806,5536,102712,,,,,,,,,,0.094,16924.777,Pinned,Device,NVIDIA A100-SXM4-40GB MIG 4g.20gb (0),1,,13,[CUDA memcpy Host-to-Device]
2524013678,47167,102713,,,,,,,,,,35.810,759206.114,Device,,NVIDIA A100-SXM4-40GB MIG 4g.20gb (0),1,,13,[CUDA memset]
2524065517,3328,102715,,,,,,,,,,0.000,24.038,Pinned,Device,NVIDIA A100-SXM4-40GB MIG 4g.20gb (0),1,,13,[CUDA memcpy Host-to-Device]
2524073645,11744,102716,,,,,,,,,,0.197,16740.975,Pinned,Device,NVIDIA A100-SXM4-40GB MIG 4g.20gb (0),1,,13,[CUDA memcpy Host-to-Device]
2524091501,11776,102717,273,1,1,48,1,1,40,0.000,0.001,,,,,NVIDIA A100-SXM4-40GB MIG 4g.20gb (0),1,,13,"void pusch_noise_intf_est::noiseIntfEstNoDftSOfdmKernel<float, __half, float, float, (unsigned int)2, (unsigned int)1, (unsigned char)4, (unsigned char)4>(pusch_noise_intf_est::puschRxNoiseIntfEstDynDescr)"
2524105005,2848,102728,35,1,1,128,1,1,16,0.000,0.000,,,,,NVIDIA A100-SXM4-40GB MIG 4g.20gb (0),1,,13,cupy_copy__complex64_complex64
2524124717,2112,102737,1,1,1,1,1,1,18,0.000,0.000,,,,,NVIDIA A100-SXM4-40GB MIG 4g.20gb (0),1,,13,cupy_copy__float32_float32
2524153292,1920,102743,,,,,,,,,,0.000,2.083,Device,Pageable,NVIDIA A100-SXM4-40GB MIG 4g.20gb (0),1,,7,[CUDA memcpy Device-to-Host]
2524213100,12991,102754,1434,1,1,128,1,1,16,0.000,0.000,,,,,NVIDIA A100-SXM4-40GB MIG 4g.20gb (0),1,,13,cupy_copy__complex64_complex64
2524240331,3520,102761,103,1,1,128,1,1,16,0.000,0.000,,,,,NVIDIA A100-SXM4-40GB MIG 4g.20gb (0),1,,13,cupy_copy__complex64_complex64
2524260939,2208,102768,35,1,1,128,1,1,16,0.000,0.000,,,,,NVIDIA A100-SXM4-40GB MIG 4g.20gb (0),1,,13,cupy_copy__complex64_complex64
2524278219,1792,102775,1,1,1,1,1,1,18,0.000,0.000,,,,,NVIDIA A100-SXM4-40GB MIG 4g.20gb (0),1,,13,cupy_copy__float32_float32
2524409449,81695,102786,1,1,1,32,32,1,30,0.000,0.000,,,,,NVIDIA A100-SXM4-40GB MIG 4g.20gb (0),1,,13,"void convert_kernel<__half2, float2>(tensor_layout_any, T1 *, tensor_layout_any, const T2 *)"
2524519048,5792,102789,,,,,,,,,,0.094,16176.708,Pinned,Device,NVIDIA A100-SXM4-40GB MIG 4g.20gb (0),1,,13,[CUDA memcpy Host-to-Device]
2524533000,3296,102790,,,,,,,,,,1.547,469242.628,Device,,NVIDIA A100-SXM4-40GB MIG 4g.20gb (0),1,,13,[CUDA memset]
2524539656,3295,102795,,,,,,,,,,0.031,9498.023,Pinned,Device,NVIDIA A100-SXM4-40GB MIG 4g.20gb (0),1,,13,[CUDA memcpy Host-to-Device]
2524545543,9760,102796,,,,,,,,,,0.197,20144.259,Pinned,Device,NVIDIA A100-SXM4-40GB MIG 4g.20gb (0),1,,13,[CUDA memcpy Host-to-Device]
2524560871,9216,102797,273,1,1,8,4,1,39,0.002,0.000,,,,,NVIDIA A100-SXM4-40GB MIG 4g.20gb (0),1,,13,"void channel_eq::eqMmseCoefCompLowMimoKernel<float, float, float, (unsigned int)4, (unsigned int)1, (unsigned int)4>(const channel_eq::_puschRxChEqStatDescr *, channel_eq::_puschRxChEqCoefCompDynDescr)"
2524572711,5824,102798,273,1,1,12,11,1,51,0.002,0.000,,,,,NVIDIA A100-SXM4-40GB MIG 4g.20gb (0),1,,13,"void channel_eq::eqMmseSoftDemapKernel<float, __half, __half, float, (unsigned int)4, (unsigned short)16383>(channel_eq::_puschRxChEqStatDescr *, channel_eq::_puschRxChEqSoftDemapDynDescr)"
2524580615,282109,102799,1,1,1,32,32,1,30,0.000,0.000,,,,,NVIDIA A100-SXM4-40GB MIG 4g.20gb (0),1,,13,"void convert_kernel<float2, __half2>(tensor_layout_any, T1 *, tensor_layout_any, const T2 *)"
2524865475,11136,102811,2253,1,1,128,1,1,16,0.000,0.000,,,,,NVIDIA A100-SXM4-40GB MIG 4g.20gb (0),1,,13,cupy_copy__float16_float16
2524879683,2912,102820,282,1,1,128,1,1,16,0.000,0.000,,,,,NVIDIA A100-SXM4-40GB MIG 4g.20gb (0),1,,13,cupy_copy__complex64_complex64
2524886019,2176,102829,26,1,1,128,1,1,16,0.000,0.000,,,,,NVIDIA A100-SXM4-40GB MIG 4g.20gb (0),1,,13,cupy_copy__float32_float32
2524890691,3360,102838,103,1,1,128,1,1,16,0.000,0.000,,,,,NVIDIA A100-SXM4-40GB MIG 4g.20gb (0),1,,13,cupy_copy__complex64_complex64
2524895043,11744,102848,1434,1,1,128,1,1,16,0.000,0.000,,,,,NVIDIA A100-SXM4-40GB MIG 4g.20gb (0),1,,13,cupy_copy__complex64_complex64
2524910531,82655,102853,1,1,1,32,32,1,30,0.000,0.000,,,,,NVIDIA A100-SXM4-40GB MIG 4g.20gb (0),1,,13,"void convert_kernel<__half2, float2>(tensor_layout_any, T1 *, tensor_layout_any, const T2 *)"
2525020418,5855,102856,,,,,,,,,,0.094,16002.715,Pinned,Device,NVIDIA A100-SXM4-40GB MIG 4g.20gb (0),1,,13,[CUDA memcpy Host-to-Device]
2525030913,599865,102857,,,,,,,,,,456.561,761087.920,Device,,NVIDIA A100-SXM4-40GB MIG 4g.20gb (0),1,,13,[CUDA memset]
2525639418,180062,102862,,,,,,,,,,1.235,6857.644,Pinned,Device,NVIDIA A100-SXM4-40GB MIG 4g.20gb (0),1,,13,[CUDA memcpy Host-to-Device]
2525830936,41119,102863,,,,,,,,,,0.197,4781.310,Pinned,Device,NVIDIA A100-SXM4-40GB MIG 4g.20gb (0),1,,13,[CUDA memcpy Host-to-Device]
2525896823,8064,102864,69,4,1,48,1,1,76,0.002,0.000,,,,,NVIDIA A100-SXM4-40GB MIG 4g.20gb (0),1,,13,"void ch_est::windowedChEstPreNoDftSOfdmKernel<float, __half, float, (unsigned int)2, (unsigned int)1, (unsigned short)4>(ch_est::puschRxChEstStatDescr_t *, ch_est::puschRxChEstDynDescr_t *)"
2525913815,6719,102865,137,2,1,24,2,1,44,0.001,0.001,,,,,NVIDIA A100-SXM4-40GB MIG 4g.20gb (0),1,,13,"void ch_est::chEstFilterNoDftSOfdmDispatchKernel<float, __half, float, (unsigned int)2>(ch_est::puschRxChEstStatDescr_t *, ch_est::puschRxChEstDynDescr_t *)"
2525926710,4896,102866,137,2,1,24,2,1,44,0.001,0.001,,,,,NVIDIA A100-SXM4-40GB MIG 4g.20gb (0),1,,13,"void ch_est::chEstFilterNoDftSOfdmDispatchKernel<float, __half, float, (unsigned int)2>(ch_est::puschRxChEstStatDescr_t *, ch_est::puschRxChEstDynDescr_t *)"
2525940694,2624,102877,103,1,1,128,1,1,16,0.000,0.000,,,,,NVIDIA A100-SXM4-40GB MIG 4g.20gb (0),1,,13,cupy_copy__complex64_complex64
2525951062,12704,102887,1434,1,1,128,1,1,16,0.000,0.000,,,,,NVIDIA A100-SXM4-40GB MIG 4g.20gb (0),1,,13,cupy_copy__complex64_complex64
2525975350,2528,102894,103,1,1,128,1,1,16,0.000,0.000,,,,,NVIDIA A100-SXM4-40GB MIG 4g.20gb (0),1,,13,cupy_copy__complex64_complex64
2525984758,86047,102901,1,1,1,32,32,1,30,0.000,0.000,,,,,NVIDIA A100-SXM4-40GB MIG 4g.20gb (0),1,,13,"void convert_kernel<__half2, float2>(tensor_layout_any, T1 *, tensor_layout_any, const T2 *)"
2526098324,5728,102904,,,,,,,,,,0.094,16357.541,Pinned,Device,NVIDIA A100-SXM4-40GB MIG 4g.20gb (0),1,,13,[CUDA memcpy Host-to-Device]
2526111124,47711,102905,,,,,,,,,,35.810,750540.113,Device,,NVIDIA A100-SXM4-40GB MIG 4g.20gb (0),1,,13,[CUDA memset]
2526163091,3584,102907,,,,,,,,,,0.000,22.321,Pinned,Device,NVIDIA A100-SXM4-40GB MIG 4g.20gb (0),1,,13,[CUDA memcpy Host-to-Device]
2526170579,13824,102908,,,,,,,,,,0.197,14222.033,Pinned,Device,NVIDIA A100-SXM4-40GB MIG 4g.20gb (0),1,,13,[CUDA memcpy Host-to-Device]
2526193651,10816,102909,273,1,1,48,1,1,40,0.000,0.001,,,,,NVIDIA A100-SXM4-40GB MIG 4g.20gb (0),1,,13,"void pusch_noise_intf_est::noiseIntfEstNoDftSOfdmKernel<float, __half, float, float, (unsigned int)2, (unsigned int)1, (unsigned char)4, (unsigned char)4>(pusch_noise_intf_est::puschRxNoiseIntfEstDynDescr)"
2526207763,2880,102920,35,1,1,128,1,1,16,0.000,0.000,,,,,NVIDIA A100-SXM4-40GB MIG 4g.20gb (0),1,,13,cupy_copy__complex64_complex64
2526217619,1920,102929,1,1,1,1,1,1,18,0.000,0.000,,,,,NVIDIA A100-SXM4-40GB MIG 4g.20gb (0),1,,13,cupy_copy__float32_float32
2526249874,1600,102935,,,,,,,,,,0.000,2.500,Device,Pageable,NVIDIA A100-SXM4-40GB MIG 4g.20gb (0),1,,7,[CUDA memcpy Device-to-Host]
2526310642,12895,102946,1434,1,1,128,1,1,16,0.000,0.000,,,,,NVIDIA A100-SXM4-40GB MIG 4g.20gb (0),1,,13,cupy_copy__complex64_complex64
2526337073,2752,102953,103,1,1,128,1,1,16,0.000,0.000,,,,,NVIDIA A100-SXM4-40GB MIG 4g.20gb (0),1,,13,cupy_copy__complex64_complex64
2526357265,2432,102960,35,1,1,128,1,1,16,0.000,0.000,,,,,NVIDIA A100-SXM4-40GB MIG 4g.20gb (0),1,,13,cupy_copy__complex64_complex64
2526375473,1920,102967,1,1,1,1,1,1,18,0.000,0.000,,,,,NVIDIA A100-SXM4-40GB MIG 4g.20gb (0),1,,13,cupy_copy__float32_float32
2526509327,82847,102978,1,1,1,32,32,1,30,0.000,0.000,,,,,NVIDIA A100-SXM4-40GB MIG 4g.20gb (0),1,,13,"void convert_kernel<__half2, float2>(tensor_layout_any, T1 *, tensor_layout_any, const T2 *)"
2526619822,5888,102981,,,,,,,,,,0.094,15912.954,Pinned,Device,NVIDIA A100-SXM4-40GB MIG 4g.20gb (0),1,,13,[CUDA memcpy Host-to-Device]
2526634734,3168,102982,,,,,,,,,,1.547,488201.145,Device,,NVIDIA A100-SXM4-40GB MIG 4g.20gb (0),1,,13,[CUDA memset]
2526641870,3519,102987,,,,,,,,,,0.031,8893.416,Pinned,Device,NVIDIA A100-SXM4-40GB MIG 4g.20gb (0),1,,13,[CUDA memcpy Host-to-Device]
2526647821,10432,102988,,,,,,,,,,0.197,18846.450,Pinned,Device,NVIDIA A100-SXM4-40GB MIG 4g.20gb (0),1,,13,[CUDA memcpy Host-to-Device]
2526661869,6368,102989,273,1,1,8,4,1,39,0.002,0.000,,,,,NVIDIA A100-SXM4-40GB MIG 4g.20gb (0),1,,13,"void channel_eq::eqMmseCoefCompLowMimoKernel<float, float, float, (unsigned int)4, (unsigned int)1, (unsigned int)4>(const channel_eq::_puschRxChEqStatDescr *, channel_eq::_puschRxChEqCoefCompDynDescr)"
2526669293,6336,102990,273,1,1,12,11,1,51,0.002,0.000,,,,,NVIDIA A100-SXM4-40GB MIG 4g.20gb (0),1,,13,"void channel_eq::eqMmseSoftDemapKernel<float, __half, __half, float, (unsigned int)4, (unsigned short)16383>(channel_eq::_puschRxChEqStatDescr *, channel_eq::_puschRxChEqSoftDemapDynDescr)"
2526676589,282205,102991,1,1,1,32,32,1,30,0.000,0.000,,,,,NVIDIA A100-SXM4-40GB MIG 4g.20gb (0),1,,13,"void convert_kernel<float2, __half2>(tensor_layout_any, T1 *, tensor_layout_any, const T2 *)"
2526961450,10943,103003,2253,1,1,128,1,1,16,0.000,0.000,,,,,NVIDIA A100-SXM4-40GB MIG 4g.20gb (0),1,,13,cupy_copy__float16_float16
2526976681,3328,103012,282,1,1,128,1,1,16,0.000,0.000,,,,,NVIDIA A100-SXM4-40GB MIG 4g.20gb (0),1,,13,cupy_copy__complex64_complex64
2526983241,2048,103021,26,1,1,128,1,1,16,0.000,0.000,,,,,NVIDIA A100-SXM4-40GB MIG 4g.20gb (0),1,,13,cupy_copy__float32_float32
2526988553,3296,103030,103,1,1,128,1,1,16,0.000,0.000,,,,,NVIDIA A100-SXM4-40GB MIG 4g.20gb (0),1,,13,cupy_copy__complex64_complex64
2526992969,11808,103040,1434,1,1,128,1,1,16,0.000,0.000,,,,,NVIDIA A100-SXM4-40GB MIG 4g.20gb (0),1,,13,cupy_copy__complex64_complex64
2527021481,87103,103045,1,1,1,32,32,1,30,0.000,0.000,,,,,NVIDIA A100-SXM4-40GB MIG 4g.20gb (0),1,,13,"void convert_kernel<__half2, float2>(tensor_layout_any, T1 *, tensor_layout_any, const T2 *)"
2527135687,5760,103048,,,,,,,,,,0.094,16266.656,Pinned,Device,NVIDIA A100-SXM4-40GB MIG 4g.20gb (0),1,,13,[CUDA memcpy Host-to-Device]
2527145671,599033,103049,,,,,,,,,,456.561,762001.043,Device,,NVIDIA A100-SXM4-40GB MIG 4g.20gb (0),1,,13,[CUDA memset]
2527750592,143294,103054,,,,,,,,,,1.235,8617.439,Pinned,Device,NVIDIA A100-SXM4-40GB MIG 4g.20gb (0),1,,13,[CUDA memcpy Host-to-Device]
2527905118,42015,103055,,,,,,,,,,0.197,4679.467,Pinned,Device,NVIDIA A100-SXM4-40GB MIG 4g.20gb (0),1,,13,[CUDA memcpy Host-to-Device]
2527975037,8032,103056,69,4,1,48,1,1,76,0.002,0.000,,,,,NVIDIA A100-SXM4-40GB MIG 4g.20gb (0),1,,13,"void ch_est::windowedChEstPreNoDftSOfdmKernel<float, __half, float, (unsigned int)2, (unsigned int)1, (unsigned short)4>(ch_est::puschRxChEstStatDescr_t *, ch_est::puschRxChEstDynDescr_t *)"
2527992541,6784,103057,137,2,1,24,2,1,44,0.001,0.001,,,,,NVIDIA A100-SXM4-40GB MIG 4g.20gb (0),1,,13,"void ch_est::chEstFilterNoDftSOfdmDispatchKernel<float, __half, float, (unsigned int)2>(ch_est::puschRxChEstStatDescr_t *, ch_est::puschRxChEstDynDescr_t *)"
2528009597,4896,103058,137,2,1,24,2,1,44,0.001,0.001,,,,,NVIDIA A100-SXM4-40GB MIG 4g.20gb (0),1,,13,"void ch_est::chEstFilterNoDftSOfdmDispatchKernel<float, __half, float, (unsigned int)2>(ch_est::puschRxChEstStatDescr_t *, ch_est::puschRxChEstDynDescr_t *)"
2528026556,2496,103069,103,1,1,128,1,1,16,0.000,0.000,,,,,NVIDIA A100-SXM4-40GB MIG 4g.20gb (0),1,,13,cupy_copy__complex64_complex64
2528045852,12512,103079,1434,1,1,128,1,1,16,0.000,0.000,,,,,NVIDIA A100-SXM4-40GB MIG 4g.20gb (0),1,,13,cupy_copy__complex64_complex64
2528064156,2912,103086,103,1,1,128,1,1,16,0.000,0.000,,,,,NVIDIA A100-SXM4-40GB MIG 4g.20gb (0),1,,13,cupy_copy__complex64_complex64
2528085052,90239,103093,1,1,1,32,32,1,30,0.000,0.000,,,,,NVIDIA A100-SXM4-40GB MIG 4g.20gb (0),1,,13,"void convert_kernel<__half2, float2>(tensor_layout_any, T1 *, tensor_layout_any, const T2 *)"
2528207994,13664,103096,,,,,,,,,,0.094,6857.142,Pinned,Device,NVIDIA A100-SXM4-40GB MIG 4g.20gb (0),1,,13,[CUDA memcpy Host-to-Device]
2528238170,47359,103097,,,,,,,,,,35.810,756126.461,Device,,NVIDIA A100-SXM4-40GB MIG 4g.20gb (0),1,,13,[CUDA memset]
2528287929,7424,103099,,,,,,,,,,0.000,10.776,Pinned,Device,NVIDIA A100-SXM4-40GB MIG 4g.20gb (0),1,,13,[CUDA memcpy Host-to-Device]
2528298681,19648,103100,,,,,,,,,,0.197,10006.364,Pinned,Device,NVIDIA A100-SXM4-40GB MIG 4g.20gb (0),1,,13,[CUDA memcpy Host-to-Device]
2528327897,9376,103101,273,1,1,48,1,1,40,0.000,0.001,,,,,NVIDIA A100-SXM4-40GB MIG 4g.20gb (0),1,,13,"void pusch_noise_intf_est::noiseIntfEstNoDftSOfdmKernel<float, __half, float, float, (unsigned int)2, (unsigned int)1, (unsigned char)4, (unsigned char)4>(pusch_noise_intf_est::puschRxNoiseIntfEstDynDescr)"
2528343832,2880,103112,35,1,1,128,1,1,16,0.000,0.000,,,,,NVIDIA A100-SXM4-40GB MIG 4g.20gb (0),1,,13,cupy_copy__complex64_complex64
2528351640,1856,103121,1,1,1,1,1,1,18,0.000,0.000,,,,,NVIDIA A100-SXM4-40GB MIG 4g.20gb (0),1,,13,cupy_copy__float32_float32
2528357528,5856,103127,,,,,,,,,,0.000,0.683,Device,Pageable,NVIDIA A100-SXM4-40GB MIG 4g.20gb (0),1,,7,[CUDA memcpy Device-to-Host]
2528426807,12832,103138,1434,1,1,128,1,1,16,0.000,0.000,,,,,NVIDIA A100-SXM4-40GB MIG 4g.20gb (0),1,,13,cupy_copy__complex64_complex64
2528452503,3520,103145,103,1,1,128,1,1,16,0.000,0.000,,,,,NVIDIA A100-SXM4-40GB MIG 4g.20gb (0),1,,13,cupy_copy__complex64_complex64
2528473079,2176,103152,35,1,1,128,1,1,16,0.000,0.000,,,,,NVIDIA A100-SXM4-40GB MIG 4g.20gb (0),1,,13,cupy_copy__complex64_complex64
2528491095,1856,103159,1,1,1,1,1,1,18,0.000,0.000,,,,,NVIDIA A100-SXM4-40GB MIG 4g.20gb (0),1,,13,cupy_copy__float32_float32
2528621685,82943,103170,1,1,1,32,32,1,30,0.000,0.000,,,,,NVIDIA A100-SXM4-40GB MIG 4g.20gb (0),1,,13,"void convert_kernel<__half2, float2>(tensor_layout_any, T1 *, tensor_layout_any, const T2 *)"
2528732148,5696,103173,,,,,,,,,,0.094,16449.363,Pinned,Device,NVIDIA A100-SXM4-40GB MIG 4g.20gb (0),1,,13,[CUDA memcpy Host-to-Device]
2528747187,3392,103174,,,,,,,,,,1.547,455961.768,Device,,NVIDIA A100-SXM4-40GB MIG 4g.20gb (0),1,,13,[CUDA memset]
2528756083,3232,103179,,,,,,,,,,0.031,9683.139,Pinned,Device,NVIDIA A100-SXM4-40GB MIG 4g.20gb (0),1,,13,[CUDA memcpy Host-to-Device]
2528761747,9568,103180,,,,,,,,,,0.197,20548.485,Pinned,Device,NVIDIA A100-SXM4-40GB MIG 4g.20gb (0),1,,13,[CUDA memcpy Host-to-Device]
2528776051,6560,103181,273,1,1,8,4,1,39,0.002,0.000,,,,,NVIDIA A100-SXM4-40GB MIG 4g.20gb (0),1,,13,"void channel_eq::eqMmseCoefCompLowMimoKernel<float, float, float, (unsigned int)4, (unsigned int)1, (unsigned int)4>(const channel_eq::_puschRxChEqStatDescr *, channel_eq::_puschRxChEqCoefCompDynDescr)"
2528783539,6208,103182,273,1,1,12,11,1,51,0.002,0.000,,,,,NVIDIA A100-SXM4-40GB MIG 4g.20gb (0),1,,13,"void channel_eq::eqMmseSoftDemapKernel<float, __half, __half, float, (unsigned int)4, (unsigned short)16383>(channel_eq::_puschRxChEqStatDescr *, channel_eq::_puschRxChEqSoftDemapDynDescr)"
2528790739,282364,103183,1,1,1,32,32,1,30,0.000,0.000,,,,,NVIDIA A100-SXM4-40GB MIG 4g.20gb (0),1,,13,"void convert_kernel<float2, __half2>(tensor_layout_any, T1 *, tensor_layout_any, const T2 *)"
2529074191,10944,103195,2253,1,1,128,1,1,16,0.000,0.000,,,,,NVIDIA A100-SXM4-40GB MIG 4g.20gb (0),1,,13,cupy_copy__float16_float16
2529087407,3616,103204,282,1,1,128,1,1,16,0.000,0.000,,,,,NVIDIA A100-SXM4-40GB MIG 4g.20gb (0),1,,13,cupy_copy__complex64_complex64
2529092271,2336,103213,26,1,1,128,1,1,16,0.000,0.000,,,,,NVIDIA A100-SXM4-40GB MIG 4g.20gb (0),1,,13,cupy_copy__float32_float32
2529096431,3008,103222,103,1,1,128,1,1,16,0.000,0.000,,,,,NVIDIA A100-SXM4-40GB MIG 4g.20gb (0),1,,13,cupy_copy__complex64_complex64
2529100687,12256,103232,1434,1,1,128,1,1,16,0.000,0.000,,,,,NVIDIA A100-SXM4-40GB MIG 4g.20gb (0),1,,13,cupy_copy__complex64_complex64
2529121711,87615,103237,1,1,1,32,32,1,30,0.000,0.000,,,,,NVIDIA A100-SXM4-40GB MIG 4g.20gb (0),1,,13,"void convert_kernel<__half2, float2>(tensor_layout_any, T1 *, tensor_layout_any, const T2 *)"
2529236045,6208,103240,,,,,,,,,,0.094,15092.739,Pinned,Device,NVIDIA A100-SXM4-40GB MIG 4g.20gb (0),1,,13,[CUDA memcpy Host-to-Device]
2529247661,599641,103241,,,,,,,,,,456.561,761087.920,Device,,NVIDIA A100-SXM4-40GB MIG 4g.20gb (0),1,,13,[CUDA memset]
2529853542,165246,103246,,,,,,,,,,1.235,7472.646,Pinned,Device,NVIDIA A100-SXM4-40GB MIG 4g.20gb (0),1,,13,[CUDA memcpy Host-to-Device]
2530031588,40703,103247,,,,,,,,,,0.197,4830.265,Pinned,Device,NVIDIA A100-SXM4-40GB MIG 4g.20gb (0),1,,13,[CUDA memcpy Host-to-Device]
2530093635,8288,103248,69,4,1,48,1,1,76,0.002,0.000,,,,,NVIDIA A100-SXM4-40GB MIG 4g.20gb (0),1,,13,"void ch_est::windowedChEstPreNoDftSOfdmKernel<float, __half, float, (unsigned int)2, (unsigned int)1, (unsigned short)4>(ch_est::puschRxChEstStatDescr_t *, ch_est::puschRxChEstDynDescr_t *)"
2530111331,6976,103249,137,2,1,24,2,1,44,0.001,0.001,,,,,NVIDIA A100-SXM4-40GB MIG 4g.20gb (0),1,,13,"void ch_est::chEstFilterNoDftSOfdmDispatchKernel<float, __half, float, (unsigned int)2>(ch_est::puschRxChEstStatDescr_t *, ch_est::puschRxChEstDynDescr_t *)"
2530128866,4736,103250,137,2,1,24,2,1,44,0.001,0.001,,,,,NVIDIA A100-SXM4-40GB MIG 4g.20gb (0),1,,13,"void ch_est::chEstFilterNoDftSOfdmDispatchKernel<float, __half, float, (unsigned int)2>(ch_est::puschRxChEstStatDescr_t *, ch_est::puschRxChEstDynDescr_t *)"
2530145890,2656,103261,103,1,1,128,1,1,16,0.000,0.000,,,,,NVIDIA A100-SXM4-40GB MIG 4g.20gb (0),1,,13,cupy_copy__complex64_complex64
2530163330,12672,103271,1434,1,1,128,1,1,16,0.000,0.000,,,,,NVIDIA A100-SXM4-40GB MIG 4g.20gb (0),1,,13,cupy_copy__complex64_complex64
2530186946,2560,103278,103,1,1,128,1,1,16,0.000,0.000,,,,,NVIDIA A100-SXM4-40GB MIG 4g.20gb (0),1,,13,cupy_copy__complex64_complex64
2530210305,92447,103285,1,1,1,32,32,1,30,0.000,0.000,,,,,NVIDIA A100-SXM4-40GB MIG 4g.20gb (0),1,,13,"void convert_kernel<__half2, float2>(tensor_layout_any, T1 *, tensor_layout_any, const T2 *)"
2530337824,27647,103288,,,,,,,,,,0.094,3388.984,Pinned,Device,NVIDIA A100-SXM4-40GB MIG 4g.20gb (0),1,,13,[CUDA memcpy Host-to-Device]
2530390655,46880,103289,,,,,,,,,,35.810,763861.404,Device,,NVIDIA A100-SXM4-40GB MIG 4g.20gb (0),1,,13,[CUDA memset]
2530447166,8320,103291,,,,,,,,,,0.000,9.615,Pinned,Device,NVIDIA A100-SXM4-40GB MIG 4g.20gb (0),1,,13,[CUDA memcpy Host-to-Device]
2530465214,22272,103292,,,,,,,,,,0.197,8827.503,Pinned,Device,NVIDIA A100-SXM4-40GB MIG 4g.20gb (0),1,,13,[CUDA memcpy Host-to-Device]
2530506718,9248,103293,273,1,1,48,1,1,40,0.000,0.001,,,,,NVIDIA A100-SXM4-40GB MIG 4g.20gb (0),1,,13,"void pusch_noise_intf_est::noiseIntfEstNoDftSOfdmKernel<float, __half, float, float, (unsigned int)2, (unsigned int)1, (unsigned char)4, (unsigned char)4>(pusch_noise_intf_est::puschRxNoiseIntfEstDynDescr)"
2530523646,2783,103304,35,1,1,128,1,1,16,0.000,0.000,,,,,NVIDIA A100-SXM4-40GB MIG 4g.20gb (0),1,,13,cupy_copy__complex64_complex64
2530539965,1728,103313,1,1,1,1,1,1,18,0.000,0.000,,,,,NVIDIA A100-SXM4-40GB MIG 4g.20gb (0),1,,13,cupy_copy__float32_float32
2530546077,5920,103319,,,,,,,,,,0.000,0.676,Device,Pageable,NVIDIA A100-SXM4-40GB MIG 4g.20gb (0),1,,7,[CUDA memcpy Device-to-Host]
2530642716,12896,103330,1434,1,1,128,1,1,16,0.000,0.000,,,,,NVIDIA A100-SXM4-40GB MIG 4g.20gb (0),1,,13,cupy_copy__complex64_complex64
2530661372,3488,103337,103,1,1,128,1,1,16,0.000,0.000,,,,,NVIDIA A100-SXM4-40GB MIG 4g.20gb (0),1,,13,cupy_copy__complex64_complex64
2530685884,2527,103344,35,1,1,128,1,1,16,0.000,0.000,,,,,NVIDIA A100-SXM4-40GB MIG 4g.20gb (0),1,,13,cupy_copy__complex64_complex64
2530699387,2016,103351,1,1,1,1,1,1,18,0.000,0.000,,,,,NVIDIA A100-SXM4-40GB MIG 4g.20gb (0),1,,13,cupy_copy__float32_float32
2530832506,87967,103362,1,1,1,32,32,1,30,0.000,0.000,,,,,NVIDIA A100-SXM4-40GB MIG 4g.20gb (0),1,,13,"void convert_kernel<__half2, float2>(tensor_layout_any, T1 *, tensor_layout_any, const T2 *)"
2530951416,6112,103365,,,,,,,,,,0.094,15329.790,Pinned,Device,NVIDIA A100-SXM4-40GB MIG 4g.20gb (0),1,,13,[CUDA memcpy Host-to-Device]
2530966072,3360,103366,,,,,,,,,,1.547,460304.688,Device,,NVIDIA A100-SXM4-40GB MIG 4g.20gb (0),1,,13,[CUDA memset]
2530973272,3360,103371,,,,,,,,,,0.031,9314.284,Pinned,Device,NVIDIA A100-SXM4-40GB MIG 4g.20gb (0),1,,13,[CUDA memcpy Host-to-Device]
2530980312,9760,103372,,,,,,,,,,0.197,20144.259,Pinned,Device,NVIDIA A100-SXM4-40GB MIG 4g.20gb (0),1,,13,[CUDA memcpy Host-to-Device]
2530995832,8096,103373,273,1,1,8,4,1,39,0.002,0.000,,,,,NVIDIA A100-SXM4-40GB MIG 4g.20gb (0),1,,13,"void channel_eq::eqMmseCoefCompLowMimoKernel<float, float, float, (unsigned int)4, (unsigned int)1, (unsigned int)4>(const channel_eq::_puschRxChEqStatDescr *, channel_eq::_puschRxChEqCoefCompDynDescr)"
2531005528,7807,103374,273,1,1,12,11,1,51,0.002,0.000,,,,,NVIDIA A100-SXM4-40GB MIG 4g.20gb (0),1,,13,"void channel_eq::eqMmseSoftDemapKernel<float, __half, __half, float, (unsigned int)4, (unsigned short)16383>(channel_eq::_puschRxChEqStatDescr *, channel_eq::_puschRxChEqSoftDemapDynDescr)"
2531014743,294845,103375,1,1,1,32,32,1,30,0.000,0.000,,,,,NVIDIA A100-SXM4-40GB MIG 4g.20gb (0),1,,13,"void convert_kernel<float2, __half2>(tensor_layout_any, T1 *, tensor_layout_any, const T2 *)"
2531312308,11136,103387,2253,1,1,128,1,1,16,0.000,0.000,,,,,NVIDIA A100-SXM4-40GB MIG 4g.20gb (0),1,,13,cupy_copy__float16_float16
2531325716,3616,103396,282,1,1,128,1,1,16,0.000,0.000,,,,,NVIDIA A100-SXM4-40GB MIG 4g.20gb (0),1,,13,cupy_copy__complex64_complex64
2531331188,2176,103405,26,1,1,128,1,1,16,0.000,0.000,,,,,NVIDIA A100-SXM4-40GB MIG 4g.20gb (0),1,,13,cupy_copy__float32_float32
2531334484,2975,103414,103,1,1,128,1,1,16,0.000,0.000,,,,,NVIDIA A100-SXM4-40GB MIG 4g.20gb (0),1,,13,cupy_copy__complex64_complex64
2531340787,12064,103424,1434,1,1,128,1,1,16,0.000,0.000,,,,,NVIDIA A100-SXM4-40GB MIG 4g.20gb (0),1,,13,cupy_copy__complex64_complex64
2531356435,86687,103429,1,1,1,32,32,1,30,0.000,0.000,,,,,NVIDIA A100-SXM4-40GB MIG 4g.20gb (0),1,,13,"void convert_kernel<__half2, float2>(tensor_layout_any, T1 *, tensor_layout_any, const T2 *)"
2531469970,5600,103432,,,,,,,,,,0.094,16731.388,Pinned,Device,NVIDIA A100-SXM4-40GB MIG 4g.20gb (0),1,,13,[CUDA memcpy Host-to-Device]
2531480082,599256,103433,,,,,,,,,,456.561,761544.482,Device,,NVIDIA A100-SXM4-40GB MIG 4g.20gb (0),1,,13,[CUDA memset]
2532086154,70559,103438,,,,,,,,,,1.235,17501.626,Pinned,Device,NVIDIA A100-SXM4-40GB MIG 4g.20gb (0),1,,13,[CUDA memcpy Host-to-Device]
2532165897,12736,103439,,,,,,,,,,0.197,15437.070,Pinned,Device,NVIDIA A100-SXM4-40GB MIG 4g.20gb (0),1,,13,[CUDA memcpy Host-to-Device]
2532191209,8672,103440,69,4,1,48,1,1,76,0.002,0.000,,,,,NVIDIA A100-SXM4-40GB MIG 4g.20gb (0),1,,13,"void ch_est::windowedChEstPreNoDftSOfdmKernel<float, __half, float, (unsigned int)2, (unsigned int)1, (unsigned short)4>(ch_est::puschRxChEstStatDescr_t *, ch_est::puschRxChEstDynDescr_t *)"
2532201801,7360,103441,137,2,1,24,2,1,44,0.001,0.001,,,,,NVIDIA A100-SXM4-40GB MIG 4g.20gb (0),1,,13,"void ch_est::chEstFilterNoDftSOfdmDispatchKernel<float, __half, float, (unsigned int)2>(ch_est::puschRxChEstStatDescr_t *, ch_est::puschRxChEstDynDescr_t *)"
2532213769,5152,103442,137,2,1,24,2,1,44,0.001,0.001,,,,,NVIDIA A100-SXM4-40GB MIG 4g.20gb (0),1,,13,"void ch_est::chEstFilterNoDftSOfdmDispatchKernel<float, __half, float, (unsigned int)2>(ch_est::puschRxChEstStatDescr_t *, ch_est::puschRxChEstDynDescr_t *)"
2532222537,2943,103453,103,1,1,128,1,1,16,0.000,0.000,,,,,NVIDIA A100-SXM4-40GB MIG 4g.20gb (0),1,,13,cupy_copy__complex64_complex64
2532227368,12544,103463,1434,1,1,128,1,1,16,0.000,0.000,,,,,NVIDIA A100-SXM4-40GB MIG 4g.20gb (0),1,,13,cupy_copy__complex64_complex64
2532243016,2560,103470,103,1,1,128,1,1,16,0.000,0.000,,,,,NVIDIA A100-SXM4-40GB MIG 4g.20gb (0),1,,13,cupy_copy__complex64_complex64
2532249320,81919,103477,1,1,1,32,32,1,30,0.000,0.000,,,,,NVIDIA A100-SXM4-40GB MIG 4g.20gb (0),1,,13,"void convert_kernel<__half2, float2>(tensor_layout_any, T1 *, tensor_layout_any, const T2 *)"
2532358919,5632,103480,,,,,,,,,,0.094,16636.287,Pinned,Device,NVIDIA A100-SXM4-40GB MIG 4g.20gb (0),1,,13,[CUDA memcpy Host-to-Device]
2532370471,46079,103481,,,,,,,,,,35.810,777111.074,Device,,NVIDIA A100-SXM4-40GB MIG 4g.20gb (0),1,,13,[CUDA memset]
2532422726,2336,103483,,,,,,,,,,0.000,34.247,Pinned,Device,NVIDIA A100-SXM4-40GB MIG 4g.20gb (0),1,,13,[CUDA memcpy Host-to-Device]
2532429670,12896,103484,,,,,,,,,,0.197,15245.574,Pinned,Device,NVIDIA A100-SXM4-40GB MIG 4g.20gb (0),1,,13,[CUDA memcpy Host-to-Device]
2532451270,12256,103485,273,1,1,48,1,1,40,0.000,0.001,,,,,NVIDIA A100-SXM4-40GB MIG 4g.20gb (0),1,,13,"void pusch_noise_intf_est::noiseIntfEstNoDftSOfdmKernel<float, __half, float, float, (unsigned int)2, (unsigned int)1, (unsigned char)4, (unsigned char)4>(pusch_noise_intf_est::puschRxNoiseIntfEstDynDescr)"
2532467557,3104,103496,35,1,1,128,1,1,16,0.000,0.000,,,,,NVIDIA A100-SXM4-40GB MIG 4g.20gb (0),1,,13,cupy_copy__complex64_complex64
2532479557,2176,103505,1,1,1,1,1,1,18,0.000,0.000,,,,,NVIDIA A100-SXM4-40GB MIG 4g.20gb (0),1,,13,cupy_copy__float32_float32
2532509157,1600,103511,,,,,,,,,,0.000,2.500,Device,Pageable,NVIDIA A100-SXM4-40GB MIG 4g.20gb (0),1,,7,[CUDA memcpy Device-to-Host]
2532570148,12960,103522,1434,1,1,128,1,1,16,0.000,0.000,,,,,NVIDIA A100-SXM4-40GB MIG 4g.20gb (0),1,,13,cupy_copy__complex64_complex64
2532596100,3104,103529,103,1,1,128,1,1,16,0.000,0.000,,,,,NVIDIA A100-SXM4-40GB MIG 4g.20gb (0),1,,13,cupy_copy__complex64_complex64
2532616484,2336,103536,35,1,1,128,1,1,16,0.000,0.000,,,,,NVIDIA A100-SXM4-40GB MIG 4g.20gb (0),1,,13,cupy_copy__complex64_complex64
2532634723,1792,103543,1,1,1,1,1,1,18,0.000,0.000,,,,,NVIDIA A100-SXM4-40GB MIG 4g.20gb (0),1,,13,cupy_copy__float32_float32
2532765410,81535,103554,1,1,1,32,32,1,30,0.000,0.000,,,,,NVIDIA A100-SXM4-40GB MIG 4g.20gb (0),1,,13,"void convert_kernel<__half2, float2>(tensor_layout_any, T1 *, tensor_layout_any, const T2 *)"
2532874784,5664,103557,,,,,,,,,,0.094,16542.310,Pinned,Device,NVIDIA A100-SXM4-40GB MIG 4g.20gb (0),1,,13,[CUDA memcpy Host-to-Device]
2532889856,3488,103558,,,,,,,,,,1.547,443412.461,Device,,NVIDIA A100-SXM4-40GB MIG 4g.20gb (0),1,,13,[CUDA memset]
2532896224,3168,103563,,,,,,,,,,0.031,9878.770,Pinned,Device,NVIDIA A100-SXM4-40GB MIG 4g.20gb (0),1,,13,[CUDA memcpy Host-to-Device]
2532901792,9472,103564,,,,,,,,,,0.197,20756.693,Pinned,Device,NVIDIA A100-SXM4-40GB MIG 4g.20gb (0),1,,13,[CUDA memcpy Host-to-Device]
2532917376,6272,103565,273,1,1,8,4,1,39,0.002,0.000,,,,,NVIDIA A100-SXM4-40GB MIG 4g.20gb (0),1,,13,"void channel_eq::eqMmseCoefCompLowMimoKernel<float, float, float, (unsigned int)4, (unsigned int)1, (unsigned int)4>(const channel_eq::_puschRxChEqStatDescr *, channel_eq::_puschRxChEqCoefCompDynDescr)"
2532924928,5888,103566,273,1,1,12,11,1,51,0.002,0.000,,,,,NVIDIA A100-SXM4-40GB MIG 4g.20gb (0),1,,13,"void channel_eq::eqMmseSoftDemapKernel<float, __half, __half, float, (unsigned int)4, (unsigned short)16383>(channel_eq::_puschRxChEqStatDescr *, channel_eq::_puschRxChEqSoftDemapDynDescr)"
2532932736,294428,103567,1,1,1,32,32,1,30,0.000,0.000,,,,,NVIDIA A100-SXM4-40GB MIG 4g.20gb (0),1,,13,"void convert_kernel<float2, __half2>(tensor_layout_any, T1 *, tensor_layout_any, const T2 *)"
2533229948,11072,103579,2253,1,1,128,1,1,16,0.000,0.000,,,,,NVIDIA A100-SXM4-40GB MIG 4g.20gb (0),1,,13,cupy_copy__float16_float16
2533244636,3104,103588,282,1,1,128,1,1,16,0.000,0.000,,,,,NVIDIA A100-SXM4-40GB MIG 4g.20gb (0),1,,13,cupy_copy__complex64_complex64
2533248764,2144,103597,26,1,1,128,1,1,16,0.000,0.000,,,,,NVIDIA A100-SXM4-40GB MIG 4g.20gb (0),1,,13,cupy_copy__float32_float32
2533254460,3136,103606,103,1,1,128,1,1,16,0.000,0.000,,,,,NVIDIA A100-SXM4-40GB MIG 4g.20gb (0),1,,13,cupy_copy__complex64_complex64
2533260444,12160,103616,1434,1,1,128,1,1,16,0.000,0.000,,,,,NVIDIA A100-SXM4-40GB MIG 4g.20gb (0),1,,13,cupy_copy__complex64_complex64
2533278587,86463,103621,1,1,1,32,32,1,30,0.000,0.000,,,,,NVIDIA A100-SXM4-40GB MIG 4g.20gb (0),1,,13,"void convert_kernel<__half2, float2>(tensor_layout_any, T1 *, tensor_layout_any, const T2 *)"
2533392346,5504,103624,,,,,,,,,,0.094,17023.251,Pinned,Device,NVIDIA A100-SXM4-40GB MIG 4g.20gb (0),1,,13,[CUDA memcpy Host-to-Device]
2533403002,597593,103625,,,,,,,,,,456.561,763827.289,Device,,NVIDIA A100-SXM4-40GB MIG 4g.20gb (0),1,,13,[CUDA memset]
2534001555,155518,103630,,,,,,,,,,1.235,7940.690,Pinned,Device,NVIDIA A100-SXM4-40GB MIG 4g.20gb (0),1,,13,[CUDA memcpy Host-to-Device]
2534168560,35392,103631,,,,,,,,,,0.197,5554.962,Pinned,Device,NVIDIA A100-SXM4-40GB MIG 4g.20gb (0),1,,13,[CUDA memcpy Host-to-Device]
2534216944,8320,103632,69,4,1,48,1,1,76,0.002,0.000,,,,,NVIDIA A100-SXM4-40GB MIG 4g.20gb (0),1,,13,"void ch_est::windowedChEstPreNoDftSOfdmKernel<float, __half, float, (unsigned int)2, (unsigned int)1, (unsigned short)4>(ch_est::puschRxChEstStatDescr_t *, ch_est::puschRxChEstDynDescr_t *)"
2534232080,5856,103633,137,2,1,24,2,1,44,0.001,0.001,,,,,NVIDIA A100-SXM4-40GB MIG 4g.20gb (0),1,,13,"void ch_est::chEstFilterNoDftSOfdmDispatchKernel<float, __half, float, (unsigned int)2>(ch_est::puschRxChEstStatDescr_t *, ch_est::puschRxChEstDynDescr_t *)"
2534240912,5152,103634,137,2,1,24,2,1,44,0.001,0.001,,,,,NVIDIA A100-SXM4-40GB MIG 4g.20gb (0),1,,13,"void ch_est::chEstFilterNoDftSOfdmDispatchKernel<float, __half, float, (unsigned int)2>(ch_est::puschRxChEstStatDescr_t *, ch_est::puschRxChEstDynDescr_t *)"
2534249327,2720,103645,103,1,1,128,1,1,16,0.000,0.000,,,,,NVIDIA A100-SXM4-40GB MIG 4g.20gb (0),1,,13,cupy_copy__complex64_complex64
2534257583,12704,103655,1434,1,1,128,1,1,16,0.000,0.000,,,,,NVIDIA A100-SXM4-40GB MIG 4g.20gb (0),1,,13,cupy_copy__complex64_complex64
2534279087,2944,103662,103,1,1,128,1,1,16,0.000,0.000,,,,,NVIDIA A100-SXM4-40GB MIG 4g.20gb (0),1,,13,cupy_copy__complex64_complex64
2534294319,82303,103669,1,1,1,32,32,1,30,0.000,0.000,,,,,NVIDIA A100-SXM4-40GB MIG 4g.20gb (0),1,,13,"void convert_kernel<__half2, float2>(tensor_layout_any, T1 *, tensor_layout_any, const T2 *)"
2534405422,6527,103672,,,,,,,,,,0.094,14355.070,Pinned,Device,NVIDIA A100-SXM4-40GB MIG 4g.20gb (0),1,,13,[CUDA memcpy Host-to-Device]
2534419693,46944,103673,,,,,,,,,,35.810,762787.106,Device,,NVIDIA A100-SXM4-40GB MIG 4g.20gb (0),1,,13,[CUDA memset]
2534469709,4064,103675,,,,,,,,,,0.000,19.685,Pinned,Device,NVIDIA A100-SXM4-40GB MIG 4g.20gb (0),1,,13,[CUDA memcpy Host-to-Device]
2534477389,12319,103676,,,,,,,,,,0.197,15959.654,Pinned,Device,NVIDIA A100-SXM4-40GB MIG 4g.20gb (0),1,,13,[CUDA memcpy Host-to-Device]
2534496236,9408,103677,273,1,1,48,1,1,40,0.000,0.001,,,,,NVIDIA A100-SXM4-40GB MIG 4g.20gb (0),1,,13,"void pusch_noise_intf_est::noiseIntfEstNoDftSOfdmKernel<float, __half, float, float, (unsigned int)2, (unsigned int)1, (unsigned char)4, (unsigned char)4>(pusch_noise_intf_est::puschRxNoiseIntfEstDynDescr)"
2534508204,3104,103688,35,1,1,128,1,1,16,0.000,0.000,,,,,NVIDIA A100-SXM4-40GB MIG 4g.20gb (0),1,,13,cupy_copy__complex64_complex64
2534523564,2016,103697,1,1,1,1,1,1,18,0.000,0.000,,,,,NVIDIA A100-SXM4-40GB MIG 4g.20gb (0),1,,13,cupy_copy__float32_float32
2534555884,1600,103703,,,,,,,,,,0.000,2.500,Device,Pageable,NVIDIA A100-SXM4-40GB MIG 4g.20gb (0),1,,7,[CUDA memcpy Device-to-Host]
2534614923,12960,103714,1434,1,1,128,1,1,16,0.000,0.000,,,,,NVIDIA A100-SXM4-40GB MIG 4g.20gb (0),1,,13,cupy_copy__complex64_complex64
2534641771,2624,103721,103,1,1,128,1,1,16,0.000,0.000,,,,,NVIDIA A100-SXM4-40GB MIG 4g.20gb (0),1,,13,cupy_copy__complex64_complex64
2534662154,2624,103728,35,1,1,128,1,1,16,0.000,0.000,,,,,NVIDIA A100-SXM4-40GB MIG 4g.20gb (0),1,,13,cupy_copy__complex64_complex64
2534680330,1792,103735,1,1,1,1,1,1,18,0.000,0.000,,,,,NVIDIA A100-SXM4-40GB MIG 4g.20gb (0),1,,13,cupy_copy__float32_float32
2534814440,86879,103746,1,1,1,32,32,1,30,0.000,0.000,,,,,NVIDIA A100-SXM4-40GB MIG 4g.20gb (0),1,,13,"void convert_kernel<__half2, float2>(tensor_layout_any, T1 *, tensor_layout_any, const T2 *)"
2534930151,5792,103749,,,,,,,,,,0.094,16176.708,Pinned,Device,NVIDIA A100-SXM4-40GB MIG 4g.20gb (0),1,,13,[CUDA memcpy Host-to-Device]
2534944263,3392,103750,,,,,,,,,,1.547,455961.768,Device,,NVIDIA A100-SXM4-40GB MIG 4g.20gb (0),1,,13,[CUDA memset]
2534951303,3360,103755,,,,,,,,,,0.031,9314.284,Pinned,Device,NVIDIA A100-SXM4-40GB MIG 4g.20gb (0),1,,13,[CUDA memcpy Host-to-Device]
2534957735,9632,103756,,,,,,,,,,0.197,20411.843,Pinned,Device,NVIDIA A100-SXM4-40GB MIG 4g.20gb (0),1,,13,[CUDA memcpy Host-to-Device]
2534971143,5759,103757,273,1,1,8,4,1,39,0.002,0.000,,,,,NVIDIA A100-SXM4-40GB MIG 4g.20gb (0),1,,13,"void channel_eq::eqMmseCoefCompLowMimoKernel<float, float, float, (unsigned int)4, (unsigned int)1, (unsigned int)4>(const channel_eq::_puschRxChEqStatDescr *, channel_eq::_puschRxChEqCoefCompDynDescr)"
2534978918,7616,103758,273,1,1,12,11,1,51,0.002,0.000,,,,,NVIDIA A100-SXM4-40GB MIG 4g.20gb (0),1,,13,"void channel_eq::eqMmseSoftDemapKernel<float, __half, __half, float, (unsigned int)4, (unsigned short)16383>(channel_eq::_puschRxChEqStatDescr *, channel_eq::_puschRxChEqSoftDemapDynDescr)"
2534987558,282941,103759,1,1,1,32,32,1,30,0.000,0.000,,,,,NVIDIA A100-SXM4-40GB MIG 4g.20gb (0),1,,13,"void convert_kernel<float2, __half2>(tensor_layout_any, T1 *, tensor_layout_any, const T2 *)"
2535273699,10976,103771,2253,1,1,128,1,1,16,0.000,0.000,,,,,NVIDIA A100-SXM4-40GB MIG 4g.20gb (0),1,,13,cupy_copy__float16_float16
2535286755,2912,103780,282,1,1,128,1,1,16,0.000,0.000,,,,,NVIDIA A100-SXM4-40GB MIG 4g.20gb (0),1,,13,cupy_copy__complex64_complex64
2535290755,2048,103789,26,1,1,128,1,1,16,0.000,0.000,,,,,NVIDIA A100-SXM4-40GB MIG 4g.20gb (0),1,,13,cupy_copy__float32_float32
2535296515,2783,103798,103,1,1,128,1,1,16,0.000,0.000,,,,,NVIDIA A100-SXM4-40GB MIG 4g.20gb (0),1,,13,cupy_copy__complex64_complex64
2535300610,12512,103808,1434,1,1,128,1,1,16,0.000,0.000,,,,,NVIDIA A100-SXM4-40GB MIG 4g.20gb (0),1,,13,cupy_copy__complex64_complex64
2535318434,87295,103813,1,1,1,32,32,1,30,0.000,0.000,,,,,NVIDIA A100-SXM4-40GB MIG 4g.20gb (0),1,,13,"void convert_kernel<__half2, float2>(tensor_layout_any, T1 *, tensor_layout_any, const T2 *)"
2535432577,5376,103816,,,,,,,,,,0.094,17428.487,Pinned,Device,NVIDIA A100-SXM4-40GB MIG 4g.20gb (0),1,,13,[CUDA memcpy Host-to-Device]
2535443297,598968,103817,,,,,,,,,,456.561,762001.043,Device,,NVIDIA A100-SXM4-40GB MIG 4g.20gb (0),1,,13,[CUDA memset]
2536047577,126175,103822,,,,,,,,,,1.235,9786.931,Pinned,Device,NVIDIA A100-SXM4-40GB MIG 4g.20gb (0),1,,13,[CUDA memcpy Host-to-Device]
2536187384,39839,103823,,,,,,,,,,0.197,4935.057,Pinned,Device,NVIDIA A100-SXM4-40GB MIG 4g.20gb (0),1,,13,[CUDA memcpy Host-to-Device]
2536244567,8544,103824,69,4,1,48,1,1,76,0.002,0.000,,,,,NVIDIA A100-SXM4-40GB MIG 4g.20gb (0),1,,13,"void ch_est::windowedChEstPreNoDftSOfdmKernel<float, __half, float, (unsigned int)2, (unsigned int)1, (unsigned short)4>(ch_est::puschRxChEstStatDescr_t *, ch_est::puschRxChEstDynDescr_t *)"
2536262679,6719,103825,137,2,1,24,2,1,44,0.001,0.001,,,,,NVIDIA A100-SXM4-40GB MIG 4g.20gb (0),1,,13,"void ch_est::chEstFilterNoDftSOfdmDispatchKernel<float, __half, float, (unsigned int)2>(ch_est::puschRxChEstStatDescr_t *, ch_est::puschRxChEstDynDescr_t *)"
2536280054,4704,103826,137,2,1,24,2,1,44,0.001,0.001,,,,,NVIDIA A100-SXM4-40GB MIG 4g.20gb (0),1,,13,"void ch_est::chEstFilterNoDftSOfdmDispatchKernel<float, __half, float, (unsigned int)2>(ch_est::puschRxChEstStatDescr_t *, ch_est::puschRxChEstDynDescr_t *)"
2536296566,2496,103837,103,1,1,128,1,1,16,0.000,0.000,,,,,NVIDIA A100-SXM4-40GB MIG 4g.20gb (0),1,,13,cupy_copy__complex64_complex64
2536316630,12320,103847,1434,1,1,128,1,1,16,0.000,0.000,,,,,NVIDIA A100-SXM4-40GB MIG 4g.20gb (0),1,,13,cupy_copy__complex64_complex64
2536338614,2560,103854,103,1,1,128,1,1,16,0.000,0.000,,,,,NVIDIA A100-SXM4-40GB MIG 4g.20gb (0),1,,13,cupy_copy__complex64_complex64
2536360821,95263,103861,1,1,1,32,32,1,30,0.000,0.000,,,,,NVIDIA A100-SXM4-40GB MIG 4g.20gb (0),1,,13,"void convert_kernel<__half2, float2>(tensor_layout_any, T1 *, tensor_layout_any, const T2 *)"
2536485492,14624,103864,,,,,,,,,,0.094,6406.932,Pinned,Device,NVIDIA A100-SXM4-40GB MIG 4g.20gb (0),1,,13,[CUDA memcpy Host-to-Device]
2536513875,47552,103865,,,,,,,,,,35.810,753046.808,Device,,NVIDIA A100-SXM4-40GB MIG 4g.20gb (0),1,,13,[CUDA memset]
2536562099,6496,103867,,,,,,,,,,0.000,12.315,Pinned,Device,NVIDIA A100-SXM4-40GB MIG 4g.20gb (0),1,,13,[CUDA memcpy Host-to-Device]
2536571283,16672,103868,,,,,,,,,,0.197,11792.548,Pinned,Device,NVIDIA A100-SXM4-40GB MIG 4g.20gb (0),1,,13,[CUDA memcpy Host-to-Device]
2536606546,12768,103869,273,1,1,48,1,1,40,0.000,0.001,,,,,NVIDIA A100-SXM4-40GB MIG 4g.20gb (0),1,,13,"void pusch_noise_intf_est::noiseIntfEstNoDftSOfdmKernel<float, __half, float, float, (unsigned int)2, (unsigned int)1, (unsigned char)4, (unsigned char)4>(pusch_noise_intf_est::puschRxNoiseIntfEstDynDescr)"
2536622578,2816,103880,35,1,1,128,1,1,16,0.000,0.000,,,,,NVIDIA A100-SXM4-40GB MIG 4g.20gb (0),1,,13,cupy_copy__complex64_complex64
2536630514,1760,103889,1,1,1,1,1,1,18,0.000,0.000,,,,,NVIDIA A100-SXM4-40GB MIG 4g.20gb (0),1,,13,cupy_copy__float32_float32
2536636498,5856,103895,,,,,,,,,,0.000,0.683,Device,Pageable,NVIDIA A100-SXM4-40GB MIG 4g.20gb (0),1,,7,[CUDA memcpy Device-to-Host]
2536715921,12832,103906,1434,1,1,128,1,1,16,0.000,0.000,,,,,NVIDIA A100-SXM4-40GB MIG 4g.20gb (0),1,,13,cupy_copy__complex64_complex64
2536740209,3296,103913,103,1,1,128,1,1,16,0.000,0.000,,,,,NVIDIA A100-SXM4-40GB MIG 4g.20gb (0),1,,13,cupy_copy__complex64_complex64
2536763824,2592,103920,35,1,1,128,1,1,16,0.000,0.000,,,,,NVIDIA A100-SXM4-40GB MIG 4g.20gb (0),1,,13,cupy_copy__complex64_complex64
2536783504,1760,103927,1,1,1,1,1,1,18,0.000,0.000,,,,,NVIDIA A100-SXM4-40GB MIG 4g.20gb (0),1,,13,cupy_copy__float32_float32
2536909263,82719,103938,1,1,1,32,32,1,30,0.000,0.000,,,,,NVIDIA A100-SXM4-40GB MIG 4g.20gb (0),1,,13,"void convert_kernel<__half2, float2>(tensor_layout_any, T1 *, tensor_layout_any, const T2 *)"
2537019597,5632,103941,,,,,,,,,,0.094,16636.287,Pinned,Device,NVIDIA A100-SXM4-40GB MIG 4g.20gb (0),1,,13,[CUDA memcpy Host-to-Device]
2537033741,3328,103942,,,,,,,,,,1.547,464729.580,Device,,NVIDIA A100-SXM4-40GB MIG 4g.20gb (0),1,,13,[CUDA memset]
2537040685,3136,103947,,,,,,,,,,0.031,9979.575,Pinned,Device,NVIDIA A100-SXM4-40GB MIG 4g.20gb (0),1,,13,[CUDA memcpy Host-to-Device]
2537046317,9952,103948,,,,,,,,,,0.197,19755.565,Pinned,Device,NVIDIA A100-SXM4-40GB MIG 4g.20gb (0),1,,13,[CUDA memcpy Host-to-Device]
2537060365,6240,103949,273,1,1,8,4,1,39,0.002,0.000,,,,,NVIDIA A100-SXM4-40GB MIG 4g.20gb (0),1,,13,"void channel_eq::eqMmseCoefCompLowMimoKernel<float, float, float, (unsigned int)4, (unsigned int)1, (unsigned int)4>(const channel_eq::_puschRxChEqStatDescr *, channel_eq::_puschRxChEqCoefCompDynDescr)"
2537067693,6144,103950,273,1,1,12,11,1,51,0.002,0.000,,,,,NVIDIA A100-SXM4-40GB MIG 4g.20gb (0),1,,13,"void channel_eq::eqMmseSoftDemapKernel<float, __half, __half, float, (unsigned int)4, (unsigned short)16383>(channel_eq::_puschRxChEqStatDescr *, channel_eq::_puschRxChEqSoftDemapDynDescr)"
2537074765,282908,103951,1,1,1,32,32,1,30,0.000,0.000,,,,,NVIDIA A100-SXM4-40GB MIG 4g.20gb (0),1,,13,"void convert_kernel<float2, __half2>(tensor_layout_any, T1 *, tensor_layout_any, const T2 *)"
2537360809,10944,103963,2253,1,1,128,1,1,16,0.000,0.000,,,,,NVIDIA A100-SXM4-40GB MIG 4g.20gb (0),1,,13,cupy_copy__float16_float16
2537373705,3616,103972,282,1,1,128,1,1,16,0.000,0.000,,,,,NVIDIA A100-SXM4-40GB MIG 4g.20gb (0),1,,13,cupy_copy__complex64_complex64
2537380457,2112,103981,26,1,1,128,1,1,16,0.000,0.000,,,,,NVIDIA A100-SXM4-40GB MIG 4g.20gb (0),1,,13,cupy_copy__float32_float32
2537386025,4672,103990,103,1,1,128,1,1,16,0.000,0.000,,,,,NVIDIA A100-SXM4-40GB MIG 4g.20gb (0),1,,13,cupy_copy__complex64_complex64
2537391881,11935,104000,1434,1,1,128,1,1,16,0.000,0.000,,,,,NVIDIA A100-SXM4-40GB MIG 4g.20gb (0),1,,13,cupy_copy__complex64_complex64
2537408200,87199,104005,1,1,1,32,32,1,30,0.000,0.000,,,,,NVIDIA A100-SXM4-40GB MIG 4g.20gb (0),1,,13,"void convert_kernel<__half2, float2>(tensor_layout_any, T1 *, tensor_layout_any, const T2 *)"
2537522407,5408,104008,,,,,,,,,,0.094,17325.421,Pinned,Device,NVIDIA A100-SXM4-40GB MIG 4g.20gb (0),1,,13,[CUDA memcpy Host-to-Device]
2537532967,597464,104009,,,,,,,,,,456.561,763827.289,Device,,NVIDIA A100-SXM4-40GB MIG 4g.20gb (0),1,,13,[CUDA memset]
2538132287,136671,104014,,,,,,,,,,1.235,9034.850,Pinned,Device,NVIDIA A100-SXM4-40GB MIG 4g.20gb (0),1,,13,[CUDA memcpy Host-to-Device]
2538275262,33023,104015,,,,,,,,,,0.197,5953.487,Pinned,Device,NVIDIA A100-SXM4-40GB MIG 4g.20gb (0),1,,13,[CUDA memcpy Host-to-Device]
2538330525,7968,104016,69,4,1,48,1,1,76,0.002,0.000,,,,,NVIDIA A100-SXM4-40GB MIG 4g.20gb (0),1,,13,"void ch_est::windowedChEstPreNoDftSOfdmKernel<float, __half, float, (unsigned int)2, (unsigned int)1, (unsigned short)4>(ch_est::puschRxChEstStatDescr_t *, ch_est::puschRxChEstDynDescr_t *)"
2538346173,6784,104017,137,2,1,24,2,1,44,0.001,0.001,,,,,NVIDIA A100-SXM4-40GB MIG 4g.20gb (0),1,,13,"void ch_est::chEstFilterNoDftSOfdmDispatchKernel<float, __half, float, (unsigned int)2>(ch_est::puschRxChEstStatDescr_t *, ch_est::puschRxChEstDynDescr_t *)"
2538360285,4672,104018,137,2,1,24,2,1,44,0.001,0.001,,,,,NVIDIA A100-SXM4-40GB MIG 4g.20gb (0),1,,13,"void ch_est::chEstFilterNoDftSOfdmDispatchKernel<float, __half, float, (unsigned int)2>(ch_est::puschRxChEstStatDescr_t *, ch_est::puschRxChEstDynDescr_t *)"
2538374972,2624,104029,103,1,1,128,1,1,16,0.000,0.000,,,,,NVIDIA A100-SXM4-40GB MIG 4g.20gb (0),1,,13,cupy_copy__complex64_complex64
2538389500,12608,104039,1434,1,1,128,1,1,16,0.000,0.000,,,,,NVIDIA A100-SXM4-40GB MIG 4g.20gb (0),1,,13,cupy_copy__complex64_complex64
2538423548,2592,104046,103,1,1,128,1,1,16,0.000,0.000,,,,,NVIDIA A100-SXM4-40GB MIG 4g.20gb (0),1,,13,cupy_copy__complex64_complex64
2538438684,85215,104053,1,1,1,32,32,1,30,0.000,0.000,,,,,NVIDIA A100-SXM4-40GB MIG 4g.20gb (0),1,,13,"void convert_kernel<__half2, float2>(tensor_layout_any, T1 *, tensor_layout_any, const T2 *)"
2538556730,26080,104056,,,,,,,,,,0.094,3592.586,Pinned,Device,NVIDIA A100-SXM4-40GB MIG 4g.20gb (0),1,,13,[CUDA memcpy Host-to-Device]
2538598618,47839,104057,,,,,,,,,,35.810,748534.758,Device,,NVIDIA A100-SXM4-40GB MIG 4g.20gb (0),1,,13,[CUDA memset]
2538648761,11040,104059,,,,,,,,,,0.000,7.246,Pinned,Device,NVIDIA A100-SXM4-40GB MIG 4g.20gb (0),1,,13,[CUDA memcpy Host-to-Device]
2538669881,29343,104060,,,,,,,,,,0.197,6700.204,Pinned,Device,NVIDIA A100-SXM4-40GB MIG 4g.20gb (0),1,,13,[CUDA memcpy Host-to-Device]
2538724024,9920,104061,273,1,1,48,1,1,40,0.000,0.001,,,,,NVIDIA A100-SXM4-40GB MIG 4g.20gb (0),1,,13,"void pusch_noise_intf_est::noiseIntfEstNoDftSOfdmKernel<float, __half, float, float, (unsigned int)2, (unsigned int)1, (unsigned char)4, (unsigned char)4>(pusch_noise_intf_est::puschRxNoiseIntfEstDynDescr)"
2538740472,2816,104072,35,1,1,128,1,1,16,0.000,0.000,,,,,NVIDIA A100-SXM4-40GB MIG 4g.20gb (0),1,,13,cupy_copy__complex64_complex64
2538757656,1728,104081,1,1,1,1,1,1,18,0.000,0.000,,,,,NVIDIA A100-SXM4-40GB MIG 4g.20gb (0),1,,13,cupy_copy__float32_float32
2538760184,8576,104087,,,,,,,,,,0.000,0.466,Device,Pageable,NVIDIA A100-SXM4-40GB MIG 4g.20gb (0),1,,7,[CUDA memcpy Device-to-Host]
2538857175,12799,104098,1434,1,1,128,1,1,16,0.000,0.000,,,,,NVIDIA A100-SXM4-40GB MIG 4g.20gb (0),1,,13,cupy_copy__complex64_complex64
2538889366,3520,104105,103,1,1,128,1,1,16,0.000,0.000,,,,,NVIDIA A100-SXM4-40GB MIG 4g.20gb (0),1,,13,cupy_copy__complex64_complex64
2538914166,2560,104112,35,1,1,128,1,1,16,0.000,0.000,,,,,NVIDIA A100-SXM4-40GB MIG 4g.20gb (0),1,,13,cupy_copy__complex64_complex64
2538927926,1984,104119,1,1,1,1,1,1,18,0.000,0.000,,,,,NVIDIA A100-SXM4-40GB MIG 4g.20gb (0),1,,13,cupy_copy__float32_float32
2539050388,82175,104130,1,1,1,32,32,1,30,0.000,0.000,,,,,NVIDIA A100-SXM4-40GB MIG 4g.20gb (0),1,,13,"void convert_kernel<__half2, float2>(tensor_layout_any, T1 *, tensor_layout_any, const T2 *)"
2539165107,6272,104133,,,,,,,,,,0.094,14938.703,Pinned,Device,NVIDIA A100-SXM4-40GB MIG 4g.20gb (0),1,,13,[CUDA memcpy Host-to-Device]
2539184786,3360,104134,,,,,,,,,,1.547,460304.688,Device,,NVIDIA A100-SXM4-40GB MIG 4g.20gb (0),1,,13,[CUDA memset]
2539192306,6976,104139,,,,,,,,,,0.031,4486.219,Pinned,Device,NVIDIA A100-SXM4-40GB MIG 4g.20gb (0),1,,13,[CUDA memcpy Host-to-Device]
2539202898,19296,104140,,,,,,,,,,0.197,10189.013,Pinned,Device,NVIDIA A100-SXM4-40GB MIG 4g.20gb (0),1,,13,[CUDA memcpy Host-to-Device]
2539235314,6400,104141,273,1,1,8,4,1,39,0.002,0.000,,,,,NVIDIA A100-SXM4-40GB MIG 4g.20gb (0),1,,13,"void channel_eq::eqMmseCoefCompLowMimoKernel<float, float, float, (unsigned int)4, (unsigned int)1, (unsigned int)4>(const channel_eq::_puschRxChEqStatDescr *, channel_eq::_puschRxChEqCoefCompDynDescr)"
2539247826,5952,104142,273,1,1,12,11,1,51,0.002,0.000,,,,,NVIDIA A100-SXM4-40GB MIG 4g.20gb (0),1,,13,"void channel_eq::eqMmseSoftDemapKernel<float, __half, __half, float, (unsigned int)4, (unsigned short)16383>(channel_eq::_puschRxChEqStatDescr *, channel_eq::_puschRxChEqSoftDemapDynDescr)"
2539258802,290492,104143,1,1,1,32,32,1,30,0.000,0.000,,,,,NVIDIA A100-SXM4-40GB MIG 4g.20gb (0),1,,13,"void convert_kernel<float2, __half2>(tensor_layout_any, T1 *, tensor_layout_any, const T2 *)"
2539554126,10656,104155,2253,1,1,128,1,1,16,0.000,0.000,,,,,NVIDIA A100-SXM4-40GB MIG 4g.20gb (0),1,,13,cupy_copy__float16_float16
2539567278,3104,104164,282,1,1,128,1,1,16,0.000,0.000,,,,,NVIDIA A100-SXM4-40GB MIG 4g.20gb (0),1,,13,cupy_copy__complex64_complex64
2539573550,2080,104173,26,1,1,128,1,1,16,0.000,0.000,,,,,NVIDIA A100-SXM4-40GB MIG 4g.20gb (0),1,,13,cupy_copy__float32_float32
2539577774,3616,104182,103,1,1,128,1,1,16,0.000,0.000,,,,,NVIDIA A100-SXM4-40GB MIG 4g.20gb (0),1,,13,cupy_copy__complex64_complex64
2539582926,11839,104192,1434,1,1,128,1,1,16,0.000,0.000,,,,,NVIDIA A100-SXM4-40GB MIG 4g.20gb (0),1,,13,cupy_copy__complex64_complex64
2539600173,81951,104197,1,1,1,32,32,1,30,0.000,0.000,,,,,NVIDIA A100-SXM4-40GB MIG 4g.20gb (0),1,,13,"void convert_kernel<__half2, float2>(tensor_layout_any, T1 *, tensor_layout_any, const T2 *)"
2539710316,5536,104200,,,,,,,,,,0.094,16924.777,Pinned,Device,NVIDIA A100-SXM4-40GB MIG 4g.20gb (0),1,,13,[CUDA memcpy Host-to-Device]
2539722316,598200,104201,,,,,,,,,,456.561,762914.166,Device,,NVIDIA A100-SXM4-40GB MIG 4g.20gb (0),1,,13,[CUDA memset]
2540324068,97567,104206,,,,,,,,,,1.235,12656.941,Pinned,Device,NVIDIA A100-SXM4-40GB MIG 4g.20gb (0),1,,13,[CUDA memcpy Host-to-Device]
2540432771,28416,104207,,,,,,,,,,0.197,6918.832,Pinned,Device,NVIDIA A100-SXM4-40GB MIG 4g.20gb (0),1,,13,[CUDA memcpy Host-to-Device]
2540478402,8288,104208,69,4,1,48,1,1,76,0.002,0.000,,,,,NVIDIA A100-SXM4-40GB MIG 4g.20gb (0),1,,13,"void ch_est::windowedChEstPreNoDftSOfdmKernel<float, __half, float, (unsigned int)2, (unsigned int)1, (unsigned short)4>(ch_est::puschRxChEstStatDescr_t *, ch_est::puschRxChEstDynDescr_t *)"
2540490882,7136,104209,137,2,1,24,2,1,44,0.001,0.001,,,,,NVIDIA A100-SXM4-40GB MIG 4g.20gb (0),1,,13,"void ch_est::chEstFilterNoDftSOfdmDispatchKernel<float, __half, float, (unsigned int)2>(ch_est::puschRxChEstStatDescr_t *, ch_est::puschRxChEstDynDescr_t *)"
2540506210,5536,104210,137,2,1,24,2,1,44,0.001,0.001,,,,,NVIDIA A100-SXM4-40GB MIG 4g.20gb (0),1,,13,"void ch_est::chEstFilterNoDftSOfdmDispatchKernel<float, __half, float, (unsigned int)2>(ch_est::puschRxChEstStatDescr_t *, ch_est::puschRxChEstDynDescr_t *)"
2540519778,2816,104221,103,1,1,128,1,1,16,0.000,0.000,,,,,NVIDIA A100-SXM4-40GB MIG 4g.20gb (0),1,,13,cupy_copy__complex64_complex64
2540535970,12032,104231,1434,1,1,128,1,1,16,0.000,0.000,,,,,NVIDIA A100-SXM4-40GB MIG 4g.20gb (0),1,,13,cupy_copy__complex64_complex64
2540554594,2911,104238,103,1,1,128,1,1,16,0.000,0.000,,,,,NVIDIA A100-SXM4-40GB MIG 4g.20gb (0),1,,13,cupy_copy__complex64_complex64
2540576609,83391,104245,1,1,1,32,32,1,30,0.000,0.000,,,,,NVIDIA A100-SXM4-40GB MIG 4g.20gb (0),1,,13,"void convert_kernel<__half2, float2>(tensor_layout_any, T1 *, tensor_layout_any, const T2 *)"
2540695328,20544,104248,,,,,,,,,,0.094,4560.746,Pinned,Device,NVIDIA A100-SXM4-40GB MIG 4g.20gb (0),1,,13,[CUDA memcpy Host-to-Device]
2540731199,47136,104249,,,,,,,,,,35.810,759707.453,Device,,NVIDIA A100-SXM4-40GB MIG 4g.20gb (0),1,,13,[CUDA memset]
2540781375,16320,104251,,,,,,,,,,0.000,4.902,Pinned,Device,NVIDIA A100-SXM4-40GB MIG 4g.20gb (0),1,,13,[CUDA memcpy Host-to-Device]
2540810526,21248,104252,,,,,,,,,,0.197,9252.962,Pinned,Device,NVIDIA A100-SXM4-40GB MIG 4g.20gb (0),1,,13,[CUDA memcpy Host-to-Device]
2540851294,9856,104253,273,1,1,48,1,1,40,0.000,0.001,,,,,NVIDIA A100-SXM4-40GB MIG 4g.20gb (0),1,,13,"void pusch_noise_intf_est::noiseIntfEstNoDftSOfdmKernel<float, __half, float, float, (unsigned int)2, (unsigned int)1, (unsigned char)4, (unsigned char)4>(pusch_noise_intf_est::puschRxNoiseIntfEstDynDescr)"
2540877022,2751,104264,35,1,1,128,1,1,16,0.000,0.000,,,,,NVIDIA A100-SXM4-40GB MIG 4g.20gb (0),1,,13,cupy_copy__complex64_complex64
2540889757,1728,104273,1,1,1,1,1,1,18,0.000,0.000,,,,,NVIDIA A100-SXM4-40GB MIG 4g.20gb (0),1,,13,cupy_copy__float32_float32
2540895517,5760,104279,,,,,,,,,,0.000,0.694,Device,Pageable,NVIDIA A100-SXM4-40GB MIG 4g.20gb (0),1,,7,[CUDA memcpy Device-to-Host]
2540974588,12832,104290,1434,1,1,128,1,1,16,0.000,0.000,,,,,NVIDIA A100-SXM4-40GB MIG 4g.20gb (0),1,,13,cupy_copy__complex64_complex64
2541010332,3456,104297,103,1,1,128,1,1,16,0.000,0.000,,,,,NVIDIA A100-SXM4-40GB MIG 4g.20gb (0),1,,13,cupy_copy__complex64_complex64
2541027292,2528,104304,35,1,1,128,1,1,16,0.000,0.000,,,,,NVIDIA A100-SXM4-40GB MIG 4g.20gb (0),1,,13,cupy_copy__complex64_complex64
2541044859,1792,104311,1,1,1,1,1,1,18,0.000,0.000,,,,,NVIDIA A100-SXM4-40GB MIG 4g.20gb (0),1,,13,cupy_copy__float32_float32
2541178714,87455,104322,1,1,1,32,32,1,30,0.000,0.000,,,,,NVIDIA A100-SXM4-40GB MIG 4g.20gb (0),1,,13,"void convert_kernel<__half2, float2>(tensor_layout_any, T1 *, tensor_layout_any, const T2 *)"
2541294136,5376,104325,,,,,,,,,,0.094,17428.487,Pinned,Device,NVIDIA A100-SXM4-40GB MIG 4g.20gb (0),1,,13,[CUDA memcpy Host-to-Device]
2541311352,3328,104326,,,,,,,,,,1.547,464729.580,Device,,NVIDIA A100-SXM4-40GB MIG 4g.20gb (0),1,,13,[CUDA memset]
2541315544,3360,104331,,,,,,,,,,0.031,9314.284,Pinned,Device,NVIDIA A100-SXM4-40GB MIG 4g.20gb (0),1,,13,[CUDA memcpy Host-to-Device]
2541321592,10240,104332,,,,,,,,,,0.197,19199.951,Pinned,Device,NVIDIA A100-SXM4-40GB MIG 4g.20gb (0),1,,13,[CUDA memcpy Host-to-Device]
2541338680,6272,104333,273,1,1,8,4,1,39,0.002,0.000,,,,,NVIDIA A100-SXM4-40GB MIG 4g.20gb (0),1,,13,"void channel_eq::eqMmseCoefCompLowMimoKernel<float, float, float, (unsigned int)4, (unsigned int)1, (unsigned int)4>(const channel_eq::_puschRxChEqStatDescr *, channel_eq::_puschRxChEqCoefCompDynDescr)"
2541346680,6336,104334,273,1,1,12,11,1,51,0.002,0.000,,,,,NVIDIA A100-SXM4-40GB MIG 4g.20gb (0),1,,13,"void channel_eq::eqMmseSoftDemapKernel<float, __half, __half, float, (unsigned int)4, (unsigned short)16383>(channel_eq::_puschRxChEqStatDescr *, channel_eq::_puschRxChEqSoftDemapDynDescr)"
2541355128,290236,104335,1,1,1,32,32,1,30,0.000,0.000,,,,,NVIDIA A100-SXM4-40GB MIG 4g.20gb (0),1,,13,"void convert_kernel<float2, __half2>(tensor_layout_any, T1 *, tensor_layout_any, const T2 *)"
2541648692,10944,104347,2253,1,1,128,1,1,16,0.000,0.000,,,,,NVIDIA A100-SXM4-40GB MIG 4g.20gb (0),1,,13,cupy_copy__float16_float16
2541663476,3392,104356,282,1,1,128,1,1,16,0.000,0.000,,,,,NVIDIA A100-SXM4-40GB MIG 4g.20gb (0),1,,13,cupy_copy__complex64_complex64
2541669012,2336,104365,26,1,1,128,1,1,16,0.000,0.000,,,,,NVIDIA A100-SXM4-40GB MIG 4g.20gb (0),1,,13,cupy_copy__float32_float32
2541672340,2976,104374,103,1,1,128,1,1,16,0.000,0.000,,,,,NVIDIA A100-SXM4-40GB MIG 4g.20gb (0),1,,13,cupy_copy__complex64_complex64
2541677620,12063,104384,1434,1,1,128,1,1,16,0.000,0.000,,,,,NVIDIA A100-SXM4-40GB MIG 4g.20gb (0),1,,13,cupy_copy__complex64_complex64
2541691667,81567,104389,1,1,1,32,32,1,30,0.000,0.000,,,,,NVIDIA A100-SXM4-40GB MIG 4g.20gb (0),1,,13,"void convert_kernel<__half2, float2>(tensor_layout_any, T1 *, tensor_layout_any, const T2 *)"
2541800242,5376,104392,,,,,,,,,,0.094,17428.487,Pinned,Device,NVIDIA A100-SXM4-40GB MIG 4g.20gb (0),1,,13,[CUDA memcpy Host-to-Device]
2541810034,597721,104393,,,,,,,,,,456.561,763827.289,Device,,NVIDIA A100-SXM4-40GB MIG 4g.20gb (0),1,,13,[CUDA memset]
2542415819,156574,104398,,,,,,,,,,1.235,7886.352,Pinned,Device,NVIDIA A100-SXM4-40GB MIG 4g.20gb (0),1,,13,[CUDA memcpy Host-to-Device]
2542580136,28928,104399,,,,,,,,,,0.197,6796.345,Pinned,Device,NVIDIA A100-SXM4-40GB MIG 4g.20gb (0),1,,13,[CUDA memcpy Host-to-Device]
2542622984,8160,104400,69,4,1,48,1,1,76,0.002,0.000,,,,,NVIDIA A100-SXM4-40GB MIG 4g.20gb (0),1,,13,"void ch_est::windowedChEstPreNoDftSOfdmKernel<float, __half, float, (unsigned int)2, (unsigned int)1, (unsigned short)4>(ch_est::puschRxChEstStatDescr_t *, ch_est::puschRxChEstDynDescr_t *)"
2542633320,7328,104401,137,2,1,24,2,1,44,0.001,0.001,,,,,NVIDIA A100-SXM4-40GB MIG 4g.20gb (0),1,,13,"void ch_est::chEstFilterNoDftSOfdmDispatchKernel<float, __half, float, (unsigned int)2>(ch_est::puschRxChEstStatDescr_t *, ch_est::puschRxChEstDynDescr_t *)"
2542645928,5088,104402,137,2,1,24,2,1,44,0.001,0.001,,,,,NVIDIA A100-SXM4-40GB MIG 4g.20gb (0),1,,13,"void ch_est::chEstFilterNoDftSOfdmDispatchKernel<float, __half, float, (unsigned int)2>(ch_est::puschRxChEstStatDescr_t *, ch_est::puschRxChEstDynDescr_t *)"
2542655016,2368,104413,103,1,1,128,1,1,16,0.000,0.000,,,,,NVIDIA A100-SXM4-40GB MIG 4g.20gb (0),1,,13,cupy_copy__complex64_complex64
2542662855,12480,104423,1434,1,1,128,1,1,16,0.000,0.000,,,,,NVIDIA A100-SXM4-40GB MIG 4g.20gb (0),1,,13,cupy_copy__complex64_complex64
2542680359,2496,104430,103,1,1,128,1,1,16,0.000,0.000,,,,,NVIDIA A100-SXM4-40GB MIG 4g.20gb (0),1,,13,cupy_copy__complex64_complex64
2542689927,85119,104437,1,1,1,32,32,1,30,0.000,0.000,,,,,NVIDIA A100-SXM4-40GB MIG 4g.20gb (0),1,,13,"void convert_kernel<__half2, float2>(tensor_layout_any, T1 *, tensor_layout_any, const T2 *)"
2542802726,13216,104440,,,,,,,,,,0.094,7089.508,Pinned,Device,NVIDIA A100-SXM4-40GB MIG 4g.20gb (0),1,,13,[CUDA memcpy Host-to-Device]
2542820965,46880,104441,,,,,,,,,,35.810,763861.404,Device,,NVIDIA A100-SXM4-40GB MIG 4g.20gb (0),1,,13,[CUDA memset]
2542872613,6656,104443,,,,,,,,,,0.000,12.019,Pinned,Device,NVIDIA A100-SXM4-40GB MIG 4g.20gb (0),1,,13,[CUDA memcpy Host-to-Device]
2542887845,15167,104444,,,,,,,,,,0.197,12962.759,Pinned,Device,NVIDIA A100-SXM4-40GB MIG 4g.20gb (0),1,,13,[CUDA memcpy Host-to-Device]
2542918020,12544,104445,273,1,1,48,1,1,40,0.000,0.001,,,,,NVIDIA A100-SXM4-40GB MIG 4g.20gb (0),1,,13,"void pusch_noise_intf_est::noiseIntfEstNoDftSOfdmKernel<float, __half, float, float, (unsigned int)2, (unsigned int)1, (unsigned char)4, (unsigned char)4>(pusch_noise_intf_est::puschRxNoiseIntfEstDynDescr)"
2542935972,2816,104456,35,1,1,128,1,1,16,0.000,0.000,,,,,NVIDIA A100-SXM4-40GB MIG 4g.20gb (0),1,,13,cupy_copy__complex64_complex64
2542946244,1696,104465,1,1,1,1,1,1,18,0.000,0.000,,,,,NVIDIA A100-SXM4-40GB MIG 4g.20gb (0),1,,13,cupy_copy__float32_float32
2542966756,6080,104471,,,,,,,,,,0.000,0.658,Device,Pageable,NVIDIA A100-SXM4-40GB MIG 4g.20gb (0),1,,7,[CUDA memcpy Device-to-Host]
2543051907,13119,104482,1434,1,1,128,1,1,16,0.000,0.000,,,,,NVIDIA A100-SXM4-40GB MIG 4g.20gb (0),1,,13,cupy_copy__complex64_complex64
2543078242,2720,104489,103,1,1,128,1,1,16,0.000,0.000,,,,,NVIDIA A100-SXM4-40GB MIG 4g.20gb (0),1,,13,cupy_copy__complex64_complex64
2543100770,2560,104496,35,1,1,128,1,1,16,0.000,0.000,,,,,NVIDIA A100-SXM4-40GB MIG 4g.20gb (0),1,,13,cupy_copy__complex64_complex64
2543112738,2016,104503,1,1,1,1,1,1,18,0.000,0.000,,,,,NVIDIA A100-SXM4-40GB MIG 4g.20gb (0),1,,13,cupy_copy__float32_float32
2543240448,82495,104514,1,1,1,32,32,1,30,0.000,0.000,,,,,NVIDIA A100-SXM4-40GB MIG 4g.20gb (0),1,,13,"void convert_kernel<__half2, float2>(tensor_layout_any, T1 *, tensor_layout_any, const T2 *)"
2543350751,5696,104517,,,,,,,,,,0.094,16449.363,Pinned,Device,NVIDIA A100-SXM4-40GB MIG 4g.20gb (0),1,,13,[CUDA memcpy Host-to-Device]
2543365343,3168,104518,,,,,,,,,,1.547,488201.145,Device,,NVIDIA A100-SXM4-40GB MIG 4g.20gb (0),1,,13,[CUDA memset]
2543371839,3136,104523,,,,,,,,,,0.031,9979.575,Pinned,Device,NVIDIA A100-SXM4-40GB MIG 4g.20gb (0),1,,13,[CUDA memcpy Host-to-Device]
2543377407,9855,104524,,,,,,,,,,0.197,19950.010,Pinned,Device,NVIDIA A100-SXM4-40GB MIG 4g.20gb (0),1,,13,[CUDA memcpy Host-to-Device]
2543392062,6560,104525,273,1,1,8,4,1,39,0.002,0.000,,,,,NVIDIA A100-SXM4-40GB MIG 4g.20gb (0),1,,13,"void channel_eq::eqMmseCoefCompLowMimoKernel<float, float, float, (unsigned int)4, (unsigned int)1, (unsigned int)4>(const channel_eq::_puschRxChEqStatDescr *, channel_eq::_puschRxChEqCoefCompDynDescr)"
2543399710,6240,104526,273,1,1,12,11,1,51,0.002,0.000,,,,,NVIDIA A100-SXM4-40GB MIG 4g.20gb (0),1,,13,"void channel_eq::eqMmseSoftDemapKernel<float, __half, __half, float, (unsigned int)4, (unsigned short)16383>(channel_eq::_puschRxChEqStatDescr *, channel_eq::_puschRxChEqSoftDemapDynDescr)"
2543406910,281501,104527,1,1,1,32,32,1,30,0.000,0.000,,,,,NVIDIA A100-SXM4-40GB MIG 4g.20gb (0),1,,13,"void convert_kernel<float2, __half2>(tensor_layout_any, T1 *, tensor_layout_any, const T2 *)"
2543689403,11072,104539,2253,1,1,128,1,1,16,0.000,0.000,,,,,NVIDIA A100-SXM4-40GB MIG 4g.20gb (0),1,,13,cupy_copy__float16_float16
2543704859,3648,104548,282,1,1,128,1,1,16,0.000,0.000,,,,,NVIDIA A100-SXM4-40GB MIG 4g.20gb (0),1,,13,cupy_copy__complex64_complex64
2543710171,2015,104557,26,1,1,128,1,1,16,0.000,0.000,,,,,NVIDIA A100-SXM4-40GB MIG 4g.20gb (0),1,,13,cupy_copy__float32_float32
2543713722,4640,104566,103,1,1,128,1,1,16,0.000,0.000,,,,,NVIDIA A100-SXM4-40GB MIG 4g.20gb (0),1,,13,cupy_copy__complex64_complex64
2543720826,12032,104576,1434,1,1,128,1,1,16,0.000,0.000,,,,,NVIDIA A100-SXM4-40GB MIG 4g.20gb (0),1,,13,cupy_copy__complex64_complex64
2543742618,82207,104581,1,1,1,32,32,1,30,0.000,0.000,,,,,NVIDIA A100-SXM4-40GB MIG 4g.20gb (0),1,,13,"void convert_kernel<__half2, float2>(tensor_layout_any, T1 *, tensor_layout_any, const T2 *)"
2543852825,5440,104584,,,,,,,,,,0.094,17223.480,Pinned,Device,NVIDIA A100-SXM4-40GB MIG 4g.20gb (0),1,,13,[CUDA memcpy Host-to-Device]
2543863417,598968,104585,,,,,,,,,,456.561,762001.043,Device,,NVIDIA A100-SXM4-40GB MIG 4g.20gb (0),1,,13,[CUDA memset]
2544468689,149246,104590,,,,,,,,,,1.235,8274.125,Pinned,Device,NVIDIA A100-SXM4-40GB MIG 4g.20gb (0),1,,13,[CUDA memcpy Host-to-Device]
2544626735,31040,104591,,,,,,,,,,0.197,6333.923,Pinned,Device,NVIDIA A100-SXM4-40GB MIG 4g.20gb (0),1,,13,[CUDA memcpy Host-to-Device]
2544681838,7872,104592,69,4,1,48,1,1,76,0.002,0.000,,,,,NVIDIA A100-SXM4-40GB MIG 4g.20gb (0),1,,13,"void ch_est::windowedChEstPreNoDftSOfdmKernel<float, __half, float, (unsigned int)2, (unsigned int)1, (unsigned short)4>(ch_est::puschRxChEstStatDescr_t *, ch_est::puschRxChEstDynDescr_t *)"
2544697422,6432,104593,137,2,1,24,2,1,44,0.001,0.001,,,,,NVIDIA A100-SXM4-40GB MIG 4g.20gb (0),1,,13,"void ch_est::chEstFilterNoDftSOfdmDispatchKernel<float, __half, float, (unsigned int)2>(ch_est::puschRxChEstStatDescr_t *, ch_est::puschRxChEstDynDescr_t *)"
2544723022,4800,104594,137,2,1,24,2,1,44,0.001,0.001,,,,,NVIDIA A100-SXM4-40GB MIG 4g.20gb (0),1,,13,"void ch_est::chEstFilterNoDftSOfdmDispatchKernel<float, __half, float, (unsigned int)2>(ch_est::puschRxChEstStatDescr_t *, ch_est::puschRxChEstDynDescr_t *)"
2544739182,2528,104605,103,1,1,128,1,1,16,0.000,0.000,,,,,NVIDIA A100-SXM4-40GB MIG 4g.20gb (0),1,,13,cupy_copy__complex64_complex64
2544754126,12415,104615,1434,1,1,128,1,1,16,0.000,0.000,,,,,NVIDIA A100-SXM4-40GB MIG 4g.20gb (0),1,,13,cupy_copy__complex64_complex64
2544784557,2496,104622,103,1,1,128,1,1,16,0.000,0.000,,,,,NVIDIA A100-SXM4-40GB MIG 4g.20gb (0),1,,13,cupy_copy__complex64_complex64
2544799085,89343,104629,1,1,1,32,32,1,30,0.000,0.000,,,,,NVIDIA A100-SXM4-40GB MIG 4g.20gb (0),1,,13,"void convert_kernel<__half2, float2>(tensor_layout_any, T1 *, tensor_layout_any, const T2 *)"
2544916332,5664,104632,,,,,,,,,,0.094,16542.310,Pinned,Device,NVIDIA A100-SXM4-40GB MIG 4g.20gb (0),1,,13,[CUDA memcpy Host-to-Device]
2544928747,47552,104633,,,,,,,,,,35.810,753046.808,Device,,NVIDIA A100-SXM4-40GB MIG 4g.20gb (0),1,,13,[CUDA memset]
2544982955,3200,104635,,,,,,,,,,0.000,25.000,Pinned,Device,NVIDIA A100-SXM4-40GB MIG 4g.20gb (0),1,,13,[CUDA memcpy Host-to-Device]
2544991179,14495,104636,,,,,,,,,,0.197,13563.789,Pinned,Device,NVIDIA A100-SXM4-40GB MIG 4g.20gb (0),1,,13,[CUDA memcpy Host-to-Device]
2545012298,12704,104637,273,1,1,48,1,1,40,0.000,0.001,,,,,NVIDIA A100-SXM4-40GB MIG 4g.20gb (0),1,,13,"void pusch_noise_intf_est::noiseIntfEstNoDftSOfdmKernel<float, __half, float, float, (unsigned int)2, (unsigned int)1, (unsigned char)4, (unsigned char)4>(pusch_noise_intf_est::puschRxNoiseIntfEstDynDescr)"
2545029098,2848,104648,35,1,1,128,1,1,16,0.000,0.000,,,,,NVIDIA A100-SXM4-40GB MIG 4g.20gb (0),1,,13,cupy_copy__complex64_complex64
2545035370,2080,104657,1,1,1,1,1,1,18,0.000,0.000,,,,,NVIDIA A100-SXM4-40GB MIG 4g.20gb (0),1,,13,cupy_copy__float32_float32
2545069770,1696,104663,,,,,,,,,,0.000,2.358,Device,Pageable,NVIDIA A100-SXM4-40GB MIG 4g.20gb (0),1,,7,[CUDA memcpy Device-to-Host]
2545130121,13120,104674,1434,1,1,128,1,1,16,0.000,0.000,,,,,NVIDIA A100-SXM4-40GB MIG 4g.20gb (0),1,,13,cupy_copy__complex64_complex64
2545156393,3424,104681,103,1,1,128,1,1,16,0.000,0.000,,,,,NVIDIA A100-SXM4-40GB MIG 4g.20gb (0),1,,13,cupy_copy__complex64_complex64
2545177000,2592,104688,35,1,1,128,1,1,16,0.000,0.000,,,,,NVIDIA A100-SXM4-40GB MIG 4g.20gb (0),1,,13,cupy_copy__complex64_complex64
2545195976,1792,104695,1,1,1,1,1,1,18,0.000,0.000,,,,,NVIDIA A100-SXM4-40GB MIG 4g.20gb (0),1,,13,cupy_copy__float32_float32
2545328007,82590,104706,1,1,1,32,32,1,30,0.000,0.000,,,,,NVIDIA A100-SXM4-40GB MIG 4g.20gb (0),1,,13,"void convert_kernel<__half2, float2>(tensor_layout_any, T1 *, tensor_layout_any, const T2 *)"
2545438245,5632,104709,,,,,,,,,,0.094,16636.287,Pinned,Device,NVIDIA A100-SXM4-40GB MIG 4g.20gb (0),1,,13,[CUDA memcpy Host-to-Device]
2545451397,3360,104710,,,,,,,,,,1.547,460304.688,Device,,NVIDIA A100-SXM4-40GB MIG 4g.20gb (0),1,,13,[CUDA memset]
2545458213,3424,104715,,,,,,,,,,0.031,9140.185,Pinned,Device,NVIDIA A100-SXM4-40GB MIG 4g.20gb (0),1,,13,[CUDA memcpy Host-to-Device]
2545464165,10080,104716,,,,,,,,,,0.197,19504.693,Pinned,Device,NVIDIA A100-SXM4-40GB MIG 4g.20gb (0),1,,13,[CUDA memcpy Host-to-Device]
2545479429,7200,104717,273,1,1,8,4,1,39,0.002,0.000,,,,,NVIDIA A100-SXM4-40GB MIG 4g.20gb (0),1,,13,"void channel_eq::eqMmseCoefCompLowMimoKernel<float, float, float, (unsigned int)4, (unsigned int)1, (unsigned int)4>(const channel_eq::_puschRxChEqStatDescr *, channel_eq::_puschRxChEqCoefCompDynDescr)"
2545488325,6015,104718,273,1,1,12,11,1,51,0.002,0.000,,,,,NVIDIA A100-SXM4-40GB MIG 4g.20gb (0),1,,13,"void channel_eq::eqMmseSoftDemapKernel<float, __half, __half, float, (unsigned int)4, (unsigned short)16383>(channel_eq::_puschRxChEqStatDescr *, channel_eq::_puschRxChEqSoftDemapDynDescr)"
2545495748,294429,104719,1,1,1,32,32,1,30,0.000,0.000,,,,,NVIDIA A100-SXM4-40GB MIG 4g.20gb (0),1,,13,"void convert_kernel<float2, __half2>(tensor_layout_any, T1 *, tensor_layout_any, const T2 *)"
2545792481,10944,104731,2253,1,1,128,1,1,16,0.000,0.000,,,,,NVIDIA A100-SXM4-40GB MIG 4g.20gb (0),1,,13,cupy_copy__float16_float16
2545808769,2624,104740,282,1,1,128,1,1,16,0.000,0.000,,,,,NVIDIA A100-SXM4-40GB MIG 4g.20gb (0),1,,13,cupy_copy__complex64_complex64
2545814240,2336,104749,26,1,1,128,1,1,16,0.000,0.000,,,,,NVIDIA A100-SXM4-40GB MIG 4g.20gb (0),1,,13,cupy_copy__float32_float32
2545817632,2912,104758,103,1,1,128,1,1,16,0.000,0.000,,,,,NVIDIA A100-SXM4-40GB MIG 4g.20gb (0),1,,13,cupy_copy__complex64_complex64
2545823040,12192,104768,1434,1,1,128,1,1,16,0.000,0.000,,,,,NVIDIA A100-SXM4-40GB MIG 4g.20gb (0),1,,13,cupy_copy__complex64_complex64
2545838400,85631,104773,1,1,1,32,32,1,30,0.000,0.000,,,,,NVIDIA A100-SXM4-40GB MIG 4g.20gb (0),1,,13,"void convert_kernel<__half2, float2>(tensor_layout_any, T1 *, tensor_layout_any, const T2 *)"
2545950527,5312,104776,,,,,,,,,,0.094,17638.553,Pinned,Device,NVIDIA A100-SXM4-40GB MIG 4g.20gb (0),1,,13,[CUDA memcpy Host-to-Device]
2545960479,597080,104777,,,,,,,,,,456.561,764283.851,Device,,NVIDIA A100-SXM4-40GB MIG 4g.20gb (0),1,,13,[CUDA memset]
2546560375,134847,104782,,,,,,,,,,1.235,9157.110,Pinned,Device,NVIDIA A100-SXM4-40GB MIG 4g.20gb (0),1,,13,[CUDA memcpy Host-to-Device]
2546708021,40032,104783,,,,,,,,,,0.197,4911.268,Pinned,Device,NVIDIA A100-SXM4-40GB MIG 4g.20gb (0),1,,13,[CUDA memcpy Host-to-Device]
2546778581,8159,104784,69,4,1,48,1,1,76,0.002,0.000,,,,,NVIDIA A100-SXM4-40GB MIG 4g.20gb (0),1,,13,"void ch_est::windowedChEstPreNoDftSOfdmKernel<float, __half, float, (unsigned int)2, (unsigned int)1, (unsigned short)4>(ch_est::puschRxChEstStatDescr_t *, ch_est::puschRxChEstDynDescr_t *)"
2546797716,7008,104785,137,2,1,24,2,1,44,0.001,0.001,,,,,NVIDIA A100-SXM4-40GB MIG 4g.20gb (0),1,,13,"void ch_est::chEstFilterNoDftSOfdmDispatchKernel<float, __half, float, (unsigned int)2>(ch_est::puschRxChEstStatDescr_t *, ch_est::puschRxChEstDynDescr_t *)"
2546814676,4736,104786,137,2,1,24,2,1,44,0.001,0.001,,,,,NVIDIA A100-SXM4-40GB MIG 4g.20gb (0),1,,13,"void ch_est::chEstFilterNoDftSOfdmDispatchKernel<float, __half, float, (unsigned int)2>(ch_est::puschRxChEstStatDescr_t *, ch_est::puschRxChEstDynDescr_t *)"
2546831860,2656,104797,103,1,1,128,1,1,16,0.000,0.000,,,,,NVIDIA A100-SXM4-40GB MIG 4g.20gb (0),1,,13,cupy_copy__complex64_complex64
2546848884,12480,104807,1434,1,1,128,1,1,16,0.000,0.000,,,,,NVIDIA A100-SXM4-40GB MIG 4g.20gb (0),1,,13,cupy_copy__complex64_complex64
2546870643,2912,104814,103,1,1,128,1,1,16,0.000,0.000,,,,,NVIDIA A100-SXM4-40GB MIG 4g.20gb (0),1,,13,cupy_copy__complex64_complex64
2546893779,87807,104821,1,1,1,32,32,1,30,0.000,0.000,,,,,NVIDIA A100-SXM4-40GB MIG 4g.20gb (0),1,,13,"void convert_kernel<__half2, float2>(tensor_layout_any, T1 *, tensor_layout_any, const T2 *)"
2547014962,19071,104824,,,,,,,,,,0.094,4912.950,Pinned,Device,NVIDIA A100-SXM4-40GB MIG 4g.20gb (0),1,,13,[CUDA memcpy Host-to-Device]
2547051665,47712,104825,,,,,,,,,,35.810,750540.113,Device,,NVIDIA A100-SXM4-40GB MIG 4g.20gb (0),1,,13,[CUDA memset]
2547102833,8959,104827,,,,,,,,,,0.000,8.930,Pinned,Device,NVIDIA A100-SXM4-40GB MIG 4g.20gb (0),1,,13,[CUDA memcpy Host-to-Device]
2547120144,18784,104828,,,,,,,,,,0.197,10466.623,Pinned,Device,NVIDIA A100-SXM4-40GB MIG 4g.20gb (0),1,,13,[CUDA memcpy Host-to-Device]
2547150864,9536,104829,273,1,1,48,1,1,40,0.000,0.001,,,,,NVIDIA A100-SXM4-40GB MIG 4g.20gb (0),1,,13,"void pusch_noise_intf_est::noiseIntfEstNoDftSOfdmKernel<float, __half, float, float, (unsigned int)2, (unsigned int)1, (unsigned char)4, (unsigned char)4>(pusch_noise_intf_est::puschRxNoiseIntfEstDynDescr)"
2547166288,3104,104840,35,1,1,128,1,1,16,0.000,0.000,,,,,NVIDIA A100-SXM4-40GB MIG 4g.20gb (0),1,,13,cupy_copy__complex64_complex64
2547174096,1792,104849,1,1,1,1,1,1,18,0.000,0.000,,,,,NVIDIA A100-SXM4-40GB MIG 4g.20gb (0),1,,13,cupy_copy__float32_float32
2547179728,2432,104855,,,,,,,,,,0.000,1.645,Device,Pageable,NVIDIA A100-SXM4-40GB MIG 4g.20gb (0),1,,7,[CUDA memcpy Device-to-Host]
2547242607,12576,104866,1434,1,1,128,1,1,16,0.000,0.000,,,,,NVIDIA A100-SXM4-40GB MIG 4g.20gb (0),1,,13,cupy_copy__complex64_complex64
2547269007,2783,104873,103,1,1,128,1,1,16,0.000,0.000,,,,,NVIDIA A100-SXM4-40GB MIG 4g.20gb (0),1,,13,cupy_copy__complex64_complex64
2547289966,2784,104880,35,1,1,128,1,1,16,0.000,0.000,,,,,NVIDIA A100-SXM4-40GB MIG 4g.20gb (0),1,,13,cupy_copy__complex64_complex64
2547309230,1856,104887,1,1,1,1,1,1,18,0.000,0.000,,,,,NVIDIA A100-SXM4-40GB MIG 4g.20gb (0),1,,13,cupy_copy__float32_float32
2547439628,82271,104898,1,1,1,32,32,1,30,0.000,0.000,,,,,NVIDIA A100-SXM4-40GB MIG 4g.20gb (0),1,,13,"void convert_kernel<__half2, float2>(tensor_layout_any, T1 *, tensor_layout_any, const T2 *)"
2547549867,5600,104901,,,,,,,,,,0.094,16731.388,Pinned,Device,NVIDIA A100-SXM4-40GB MIG 4g.20gb (0),1,,13,[CUDA memcpy Host-to-Device]
2547563659,3264,104902,,,,,,,,,,1.547,473842.288,Device,,NVIDIA A100-SXM4-40GB MIG 4g.20gb (0),1,,13,[CUDA memset]
2547570027,3008,104907,,,,,,,,,,0.031,10404.230,Pinned,Device,NVIDIA A100-SXM4-40GB MIG 4g.20gb (0),1,,13,[CUDA memcpy Host-to-Device]
2547575819,9792,104908,,,,,,,,,,0.197,20078.395,Pinned,Device,NVIDIA A100-SXM4-40GB MIG 4g.20gb (0),1,,13,[CUDA memcpy Host-to-Device]
2547589675,6175,104909,273,1,1,8,4,1,39,0.002,0.000,,,,,NVIDIA A100-SXM4-40GB MIG 4g.20gb (0),1,,13,"void channel_eq::eqMmseCoefCompLowMimoKernel<float, float, float, (unsigned int)4, (unsigned int)1, (unsigned int)4>(const channel_eq::_puschRxChEqStatDescr *, channel_eq::_puschRxChEqCoefCompDynDescr)"
2547597642,7584,104910,273,1,1,12,11,1,51,0.002,0.000,,,,,NVIDIA A100-SXM4-40GB MIG 4g.20gb (0),1,,13,"void channel_eq::eqMmseSoftDemapKernel<float, __half, __half, float, (unsigned int)4, (unsigned short)16383>(channel_eq::_puschRxChEqStatDescr *, channel_eq::_puschRxChEqSoftDemapDynDescr)"
2547606218,282269,104911,1,1,1,32,32,1,30,0.000,0.000,,,,,NVIDIA A100-SXM4-40GB MIG 4g.20gb (0),1,,13,"void convert_kernel<float2, __half2>(tensor_layout_any, T1 *, tensor_layout_any, const T2 *)"
2547889607,11072,104923,2253,1,1,128,1,1,16,0.000,0.000,,,,,NVIDIA A100-SXM4-40GB MIG 4g.20gb (0),1,,13,cupy_copy__float16_float16
2547905639,3424,104932,282,1,1,128,1,1,16,0.000,0.000,,,,,NVIDIA A100-SXM4-40GB MIG 4g.20gb (0),1,,13,cupy_copy__complex64_complex64
2547911975,2368,104941,26,1,1,128,1,1,16,0.000,0.000,,,,,NVIDIA A100-SXM4-40GB MIG 4g.20gb (0),1,,13,cupy_copy__float32_float32
2547918694,3296,104950,103,1,1,128,1,1,16,0.000,0.000,,,,,NVIDIA A100-SXM4-40GB MIG 4g.20gb (0),1,,13,cupy_copy__complex64_complex64
2547923398,12000,104960,1434,1,1,128,1,1,16,0.000,0.000,,,,,NVIDIA A100-SXM4-40GB MIG 4g.20gb (0),1,,13,cupy_copy__complex64_complex64
2547940838,87295,104965,1,1,1,32,32,1,30,0.000,0.000,,,,,NVIDIA A100-SXM4-40GB MIG 4g.20gb (0),1,,13,"void convert_kernel<__half2, float2>(tensor_layout_any, T1 *, tensor_layout_any, const T2 *)"
2548054213,5536,104968,,,,,,,,,,0.094,16924.777,Pinned,Device,NVIDIA A100-SXM4-40GB MIG 4g.20gb (0),1,,13,[CUDA memcpy Host-to-Device]
2548065477,598776,104969,,,,,,,,,,456.561,762457.605,Device,,NVIDIA A100-SXM4-40GB MIG 4g.20gb (0),1,,13,[CUDA memset]
2548668989,134559,104974,,,,,,,,,,1.235,9176.869,Pinned,Device,NVIDIA A100-SXM4-40GB MIG 4g.20gb (0),1,,13,[CUDA memcpy Host-to-Device]
2548820379,38368,104975,,,,,,,,,,0.197,5124.194,Pinned,Device,NVIDIA A100-SXM4-40GB MIG 4g.20gb (0),1,,13,[CUDA memcpy Host-to-Device]
2548884667,8319,104976,69,4,1,48,1,1,76,0.002,0.000,,,,,NVIDIA A100-SXM4-40GB MIG 4g.20gb (0),1,,13,"void ch_est::windowedChEstPreNoDftSOfdmKernel<float, __half, float, (unsigned int)2, (unsigned int)1, (unsigned short)4>(ch_est::puschRxChEstStatDescr_t *, ch_est::puschRxChEstDynDescr_t *)"
2548902778,6656,104977,137,2,1,24,2,1,44,0.001,0.001,,,,,NVIDIA A100-SXM4-40GB MIG 4g.20gb (0),1,,13,"void ch_est::chEstFilterNoDftSOfdmDispatchKernel<float, __half, float, (unsigned int)2>(ch_est::puschRxChEstStatDescr_t *, ch_est::puschRxChEstDynDescr_t *)"
2548922938,4800,104978,137,2,1,24,2,1,44,0.001,0.001,,,,,NVIDIA A100-SXM4-40GB MIG 4g.20gb (0),1,,13,"void ch_est::chEstFilterNoDftSOfdmDispatchKernel<float, __half, float, (unsigned int)2>(ch_est::puschRxChEstStatDescr_t *, ch_est::puschRxChEstDynDescr_t *)"
2548943482,2720,104989,103,1,1,128,1,1,16,0.000,0.000,,,,,NVIDIA A100-SXM4-40GB MIG 4g.20gb (0),1,,13,cupy_copy__complex64_complex64
2548961114,12703,104999,1434,1,1,128,1,1,16,0.000,0.000,,,,,NVIDIA A100-SXM4-40GB MIG 4g.20gb (0),1,,13,cupy_copy__complex64_complex64
2548979833,2944,105006,103,1,1,128,1,1,16,0.000,0.000,,,,,NVIDIA A100-SXM4-40GB MIG 4g.20gb (0),1,,13,cupy_copy__complex64_complex64
2549006201,87839,105013,1,1,1,32,32,1,30,0.000,0.000,,,,,NVIDIA A100-SXM4-40GB MIG 4g.20gb (0),1,,13,"void convert_kernel<__half2, float2>(tensor_layout_any, T1 *, tensor_layout_any, const T2 *)"
2549126616,27583,105016,,,,,,,,,,0.094,3396.855,Pinned,Device,NVIDIA A100-SXM4-40GB MIG 4g.20gb (0),1,,13,[CUDA memcpy Host-to-Device]
2549186551,46335,105017,,,,,,,,,,35.810,772813.884,Device,,NVIDIA A100-SXM4-40GB MIG 4g.20gb (0),1,,13,[CUDA memset]
2549239990,12960,105019,,,,,,,,,,0.000,6.173,Pinned,Device,NVIDIA A100-SXM4-40GB MIG 4g.20gb (0),1,,13,[CUDA memcpy Host-to-Device]
2549262294,30463,105020,,,,,,,,,,0.197,6453.854,Pinned,Device,NVIDIA A100-SXM4-40GB MIG 4g.20gb (0),1,,13,[CUDA memcpy Host-to-Device]
2549329365,9568,105021,273,1,1,48,1,1,40,0.000,0.001,,,,,NVIDIA A100-SXM4-40GB MIG 4g.20gb (0),1,,13,"void pusch_noise_intf_est::noiseIntfEstNoDftSOfdmKernel<float, __half, float, float, (unsigned int)2, (unsigned int)1, (unsigned char)4, (unsigned char)4>(pusch_noise_intf_est::puschRxNoiseIntfEstDynDescr)"
2549346421,2720,105032,35,1,1,128,1,1,16,0.000,0.000,,,,,NVIDIA A100-SXM4-40GB MIG 4g.20gb (0),1,,13,cupy_copy__complex64_complex64
2549364053,1696,105041,1,1,1,1,1,1,18,0.000,0.000,,,,,NVIDIA A100-SXM4-40GB MIG 4g.20gb (0),1,,13,cupy_copy__float32_float32
2549372085,8031,105047,,,,,,,,,,0.000,0.498,Device,Pageable,NVIDIA A100-SXM4-40GB MIG 4g.20gb (0),1,,7,[CUDA memcpy Device-to-Host]
2549459859,12704,105058,1434,1,1,128,1,1,16,0.000,0.000,,,,,NVIDIA A100-SXM4-40GB MIG 4g.20gb (0),1,,13,cupy_copy__complex64_complex64
2549496819,3328,105065,103,1,1,128,1,1,16,0.000,0.000,,,,,NVIDIA A100-SXM4-40GB MIG 4g.20gb (0),1,,13,cupy_copy__complex64_complex64
2549516979,2368,105072,35,1,1,128,1,1,16,0.000,0.000,,,,,NVIDIA A100-SXM4-40GB MIG 4g.20gb (0),1,,13,cupy_copy__complex64_complex64
2549531667,1696,105079,1,1,1,1,1,1,18,0.000,0.000,,,,,NVIDIA A100-SXM4-40GB MIG 4g.20gb (0),1,,13,cupy_copy__float32_float32
2549647025,83039,105090,1,1,1,32,32,1,30,0.000,0.000,,,,,NVIDIA A100-SXM4-40GB MIG 4g.20gb (0),1,,13,"void convert_kernel<__half2, float2>(tensor_layout_any, T1 *, tensor_layout_any, const T2 *)"
2549757520,5504,105093,,,,,,,,,,0.094,17023.251,Pinned,Device,NVIDIA A100-SXM4-40GB MIG 4g.20gb (0),1,,13,[CUDA memcpy Host-to-Device]
2549772912,3104,105094,,,,,,,,,,1.547,498266.574,Device,,NVIDIA A100-SXM4-40GB MIG 4g.20gb (0),1,,13,[CUDA memset]
2549778639,3232,105099,,,,,,,,,,0.031,9683.139,Pinned,Device,NVIDIA A100-SXM4-40GB MIG 4g.20gb (0),1,,13,[CUDA memcpy Host-to-Device]
2549783951,9472,105100,,,,,,,,,,0.197,20756.693,Pinned,Device,NVIDIA A100-SXM4-40GB MIG 4g.20gb (0),1,,13,[CUDA memcpy Host-to-Device]
2549798799,6368,105101,273,1,1,8,4,1,39,0.002,0.000,,,,,NVIDIA A100-SXM4-40GB MIG 4g.20gb (0),1,,13,"void channel_eq::eqMmseCoefCompLowMimoKernel<float, float, float, (unsigned int)4, (unsigned int)1, (unsigned int)4>(const channel_eq::_puschRxChEqStatDescr *, channel_eq::_puschRxChEqCoefCompDynDescr)"
2549806159,5984,105102,273,1,1,12,11,1,51,0.002,0.000,,,,,NVIDIA A100-SXM4-40GB MIG 4g.20gb (0),1,,13,"void channel_eq::eqMmseSoftDemapKernel<float, __half, __half, float, (unsigned int)4, (unsigned short)16383>(channel_eq::_puschRxChEqStatDescr *, channel_eq::_puschRxChEqSoftDemapDynDescr)"
2549813263,281981,105103,1,1,1,32,32,1,30,0.000,0.000,,,,,NVIDIA A100-SXM4-40GB MIG 4g.20gb (0),1,,13,"void convert_kernel<float2, __half2>(tensor_layout_any, T1 *, tensor_layout_any, const T2 *)"
2550096364,10975,105115,2253,1,1,128,1,1,16,0.000,0.000,,,,,NVIDIA A100-SXM4-40GB MIG 4g.20gb (0),1,,13,cupy_copy__float16_float16
2550111403,3520,105124,282,1,1,128,1,1,16,0.000,0.000,,,,,NVIDIA A100-SXM4-40GB MIG 4g.20gb (0),1,,13,cupy_copy__complex64_complex64
2550117995,2176,105133,26,1,1,128,1,1,16,0.000,0.000,,,,,NVIDIA A100-SXM4-40GB MIG 4g.20gb (0),1,,13,cupy_copy__float32_float32
2550125643,3168,105142,103,1,1,128,1,1,16,0.000,0.000,,,,,NVIDIA A100-SXM4-40GB MIG 4g.20gb (0),1,,13,cupy_copy__complex64_complex64
2550133259,11904,105152,1434,1,1,128,1,1,16,0.000,0.000,,,,,NVIDIA A100-SXM4-40GB MIG 4g.20gb (0),1,,13,cupy_copy__complex64_complex64
2550150155,82271,105157,1,1,1,32,32,1,30,0.000,0.000,,,,,NVIDIA A100-SXM4-40GB MIG 4g.20gb (0),1,,13,"void convert_kernel<__half2, float2>(tensor_layout_any, T1 *, tensor_layout_any, const T2 *)"
2550259402,5727,105160,,,,,,,,,,0.094,16360.352,Pinned,Device,NVIDIA A100-SXM4-40GB MIG 4g.20gb (0),1,,13,[CUDA memcpy Host-to-Device]
2550269737,596729,105161,,,,,,,,,,456.561,764740.412,Device,,NVIDIA A100-SXM4-40GB MIG 4g.20gb (0),1,,13,[CUDA memset]
2550868930,116799,105166,,,,,,,,,,1.235,10572.356,Pinned,Device,NVIDIA A100-SXM4-40GB MIG 4g.20gb (0),1,,13,[CUDA memcpy Host-to-Device]
2550990880,14976,105167,,,,,,,,,,0.197,13128.106,Pinned,Device,NVIDIA A100-SXM4-40GB MIG 4g.20gb (0),1,,13,[CUDA memcpy Host-to-Device]
2551012800,7936,105168,69,4,1,48,1,1,76,0.002,0.000,,,,,NVIDIA A100-SXM4-40GB MIG 4g.20gb (0),1,,13,"void ch_est::windowedChEstPreNoDftSOfdmKernel<float, __half, float, (unsigned int)2, (unsigned int)1, (unsigned short)4>(ch_est::puschRxChEstStatDescr_t *, ch_est::puschRxChEstDynDescr_t *)"
2551025280,6784,105169,137,2,1,24,2,1,44,0.001,0.001,,,,,NVIDIA A100-SXM4-40GB MIG 4g.20gb (0),1,,13,"void ch_est::chEstFilterNoDftSOfdmDispatchKernel<float, __half, float, (unsigned int)2>(ch_est::puschRxChEstStatDescr_t *, ch_est::puschRxChEstDynDescr_t *)"
2551033664,5152,105170,137,2,1,24,2,1,44,0.001,0.001,,,,,NVIDIA A100-SXM4-40GB MIG 4g.20gb (0),1,,13,"void ch_est::chEstFilterNoDftSOfdmDispatchKernel<float, __half, float, (unsigned int)2>(ch_est::puschRxChEstStatDescr_t *, ch_est::puschRxChEstDynDescr_t *)"
2551039872,2400,105181,103,1,1,128,1,1,16,0.000,0.000,,,,,NVIDIA A100-SXM4-40GB MIG 4g.20gb (0),1,,13,cupy_copy__complex64_complex64
2551044768,13280,105191,1434,1,1,128,1,1,16,0.000,0.000,,,,,NVIDIA A100-SXM4-40GB MIG 4g.20gb (0),1,,13,cupy_copy__complex64_complex64
2551059968,2624,105198,103,1,1,128,1,1,16,0.000,0.000,,,,,NVIDIA A100-SXM4-40GB MIG 4g.20gb (0),1,,13,cupy_copy__complex64_complex64
2551064256,90078,105205,1,1,1,32,32,1,30,0.000,0.000,,,,,NVIDIA A100-SXM4-40GB MIG 4g.20gb (0),1,,13,"void convert_kernel<__half2, float2>(tensor_layout_any, T1 *, tensor_layout_any, const T2 *)"
2551183198,5504,105208,,,,,,,,,,0.094,17023.251,Pinned,Device,NVIDIA A100-SXM4-40GB MIG 4g.20gb (0),1,,13,[CUDA memcpy Host-to-Device]
2551195678,47647,105209,,,,,,,,,,35.810,751542.791,Device,,NVIDIA A100-SXM4-40GB MIG 4g.20gb (0),1,,13,[CUDA memset]
2551247709,4000,105211,,,,,,,,,,0.000,20.000,Pinned,Device,NVIDIA A100-SXM4-40GB MIG 4g.20gb (0),1,,13,[CUDA memcpy Host-to-Device]
2551256221,12640,105212,,,,,,,,,,0.197,15554.249,Pinned,Device,NVIDIA A100-SXM4-40GB MIG 4g.20gb (0),1,,13,[CUDA memcpy Host-to-Device]
2551279933,10080,105213,273,1,1,48,1,1,40,0.000,0.001,,,,,NVIDIA A100-SXM4-40GB MIG 4g.20gb (0),1,,13,"void pusch_noise_intf_est::noiseIntfEstNoDftSOfdmKernel<float, __half, float, float, (unsigned int)2, (unsigned int)1, (unsigned char)4, (unsigned char)4>(pusch_noise_intf_est::puschRxNoiseIntfEstDynDescr)"
2551294845,3648,105224,35,1,1,128,1,1,16,0.000,0.000,,,,,NVIDIA A100-SXM4-40GB MIG 4g.20gb (0),1,,13,cupy_copy__complex64_complex64
2551311645,1760,105233,1,1,1,1,1,1,18,0.000,0.000,,,,,NVIDIA A100-SXM4-40GB MIG 4g.20gb (0),1,,13,cupy_copy__float32_float32
2551339612,1568,105239,,,,,,,,,,0.000,2.551,Device,Pageable,NVIDIA A100-SXM4-40GB MIG 4g.20gb (0),1,,7,[CUDA memcpy Device-to-Host]
2551398875,13024,105250,1434,1,1,128,1,1,16,0.000,0.000,,,,,NVIDIA A100-SXM4-40GB MIG 4g.20gb (0),1,,13,cupy_copy__complex64_complex64
2551426235,2624,105257,103,1,1,128,1,1,16,0.000,0.000,,,,,NVIDIA A100-SXM4-40GB MIG 4g.20gb (0),1,,13,cupy_copy__complex64_complex64
2551447067,2816,105264,35,1,1,128,1,1,16,0.000,0.000,,,,,NVIDIA A100-SXM4-40GB MIG 4g.20gb (0),1,,13,cupy_copy__complex64_complex64
2551464699,1792,105271,1,1,1,1,1,1,18,0.000,0.000,,,,,NVIDIA A100-SXM4-40GB MIG 4g.20gb (0),1,,13,cupy_copy__float32_float32
2551594393,81983,105282,1,1,1,32,32,1,30,0.000,0.000,,,,,NVIDIA A100-SXM4-40GB MIG 4g.20gb (0),1,,13,"void convert_kernel<__half2, float2>(tensor_layout_any, T1 *, tensor_layout_any, const T2 *)"
2551703672,5536,105285,,,,,,,,,,0.094,16924.777,Pinned,Device,NVIDIA A100-SXM4-40GB MIG 4g.20gb (0),1,,13,[CUDA memcpy Host-to-Device]
2551717528,3295,105286,,,,,,,,,,1.547,469384.918,Device,,NVIDIA A100-SXM4-40GB MIG 4g.20gb (0),1,,13,[CUDA memset]
2551724471,3808,105291,,,,,,,,,,0.031,8218.486,Pinned,Device,NVIDIA A100-SXM4-40GB MIG 4g.20gb (0),1,,13,[CUDA memcpy Host-to-Device]
2551730615,9536,105292,,,,,,,,,,0.197,20617.298,Pinned,Device,NVIDIA A100-SXM4-40GB MIG 4g.20gb (0),1,,13,[CUDA memcpy Host-to-Device]
2551745783,6848,105293,273,1,1,8,4,1,39,0.002,0.000,,,,,NVIDIA A100-SXM4-40GB MIG 4g.20gb (0),1,,13,"void channel_eq::eqMmseCoefCompLowMimoKernel<float, float, float, (unsigned int)4, (unsigned int)1, (unsigned int)4>(const channel_eq::_puschRxChEqStatDescr *, channel_eq::_puschRxChEqCoefCompDynDescr)"
2551753655,5920,105294,273,1,1,12,11,1,51,0.002,0.000,,,,,NVIDIA A100-SXM4-40GB MIG 4g.20gb (0),1,,13,"void channel_eq::eqMmseSoftDemapKernel<float, __half, __half, float, (unsigned int)4, (unsigned short)16383>(channel_eq::_puschRxChEqStatDescr *, channel_eq::_puschRxChEqSoftDemapDynDescr)"
2551760663,283324,105295,1,1,1,32,32,1,30,0.000,0.000,,,,,NVIDIA A100-SXM4-40GB MIG 4g.20gb (0),1,,13,"void convert_kernel<float2, __half2>(tensor_layout_any, T1 *, tensor_layout_any, const T2 *)"
2552045683,11008,105307,2253,1,1,128,1,1,16,0.000,0.000,,,,,NVIDIA A100-SXM4-40GB MIG 4g.20gb (0),1,,13,cupy_copy__float16_float16
2552060371,3232,105316,282,1,1,128,1,1,16,0.000,0.000,,,,,NVIDIA A100-SXM4-40GB MIG 4g.20gb (0),1,,13,cupy_copy__complex64_complex64
2552065587,2016,105325,26,1,1,128,1,1,16,0.000,0.000,,,,,NVIDIA A100-SXM4-40GB MIG 4g.20gb (0),1,,13,cupy_copy__float32_float32
2552070355,2944,105334,103,1,1,128,1,1,16,0.000,0.000,,,,,NVIDIA A100-SXM4-40GB MIG 4g.20gb (0),1,,13,cupy_copy__complex64_complex64
2552075315,11904,105344,1434,1,1,128,1,1,16,0.000,0.000,,,,,NVIDIA A100-SXM4-40GB MIG 4g.20gb (0),1,,13,cupy_copy__complex64_complex64
2552091891,82367,105349,1,1,1,32,32,1,30,0.000,0.000,,,,,NVIDIA A100-SXM4-40GB MIG 4g.20gb (0),1,,13,"void convert_kernel<__half2, float2>(tensor_layout_any, T1 *, tensor_layout_any, const T2 *)"
2552201586,5887,105352,,,,,,,,,,0.094,15915.671,Pinned,Device,NVIDIA A100-SXM4-40GB MIG 4g.20gb (0),1,,13,[CUDA memcpy Host-to-Device]
2552212721,599801,105353,,,,,,,,,,456.561,761087.920,Device,,NVIDIA A100-SXM4-40GB MIG 4g.20gb (0),1,,13,[CUDA memset]
2552818826,153790,105358,,,,,,,,,,1.235,8029.606,Pinned,Device,NVIDIA A100-SXM4-40GB MIG 4g.20gb (0),1,,13,[CUDA memcpy Host-to-Device]
2552981320,40287,105359,,,,,,,,,,0.197,4880.007,Pinned,Device,NVIDIA A100-SXM4-40GB MIG 4g.20gb (0),1,,13,[CUDA memcpy Host-to-Device]
2553050919,8416,105360,69,4,1,48,1,1,76,0.002,0.000,,,,,NVIDIA A100-SXM4-40GB MIG 4g.20gb (0),1,,13,"void ch_est::windowedChEstPreNoDftSOfdmKernel<float, __half, float, (unsigned int)2, (unsigned int)1, (unsigned short)4>(ch_est::puschRxChEstStatDescr_t *, ch_est::puschRxChEstDynDescr_t *)"
2553070343,7008,105361,137,2,1,24,2,1,44,0.001,0.001,,,,,NVIDIA A100-SXM4-40GB MIG 4g.20gb (0),1,,13,"void ch_est::chEstFilterNoDftSOfdmDispatchKernel<float, __half, float, (unsigned int)2>(ch_est::puschRxChEstStatDescr_t *, ch_est::puschRxChEstDynDescr_t *)"
2553087175,4704,105362,137,2,1,24,2,1,44,0.001,0.001,,,,,NVIDIA A100-SXM4-40GB MIG 4g.20gb (0),1,,13,"void ch_est::chEstFilterNoDftSOfdmDispatchKernel<float, __half, float, (unsigned int)2>(ch_est::puschRxChEstStatDescr_t *, ch_est::puschRxChEstDynDescr_t *)"
2553104294,2528,105373,103,1,1,128,1,1,16,0.000,0.000,,,,,NVIDIA A100-SXM4-40GB MIG 4g.20gb (0),1,,13,cupy_copy__complex64_complex64
2553121958,12352,105383,1434,1,1,128,1,1,16,0.000,0.000,,,,,NVIDIA A100-SXM4-40GB MIG 4g.20gb (0),1,,13,cupy_copy__complex64_complex64
2553143526,2624,105390,103,1,1,128,1,1,16,0.000,0.000,,,,,NVIDIA A100-SXM4-40GB MIG 4g.20gb (0),1,,13,cupy_copy__complex64_complex64
2553162918,86431,105397,1,1,1,32,32,1,30,0.000,0.000,,,,,NVIDIA A100-SXM4-40GB MIG 4g.20gb (0),1,,13,"void convert_kernel<__half2, float2>(tensor_layout_any, T1 *, tensor_layout_any, const T2 *)"
2553278308,7584,105400,,,,,,,,,,0.094,12354.380,Pinned,Device,NVIDIA A100-SXM4-40GB MIG 4g.20gb (0),1,,13,[CUDA memcpy Host-to-Device]
2553291108,47359,105401,,,,,,,,,,35.810,756126.461,Device,,NVIDIA A100-SXM4-40GB MIG 4g.20gb (0),1,,13,[CUDA memset]
2553345859,2368,105403,,,,,,,,,,0.000,33.784,Pinned,Device,NVIDIA A100-SXM4-40GB MIG 4g.20gb (0),1,,13,[CUDA memcpy Host-to-Device]
2553353539,12416,105404,,,,,,,,,,0.197,15835.005,Pinned,Device,NVIDIA A100-SXM4-40GB MIG 4g.20gb (0),1,,13,[CUDA memcpy Host-to-Device]
2553375011,10016,105405,273,1,1,48,1,1,40,0.000,0.001,,,,,NVIDIA A100-SXM4-40GB MIG 4g.20gb (0),1,,13,"void pusch_noise_intf_est::noiseIntfEstNoDftSOfdmKernel<float, __half, float, float, (unsigned int)2, (unsigned int)1, (unsigned char)4, (unsigned char)4>(pusch_noise_intf_est::puschRxNoiseIntfEstDynDescr)"
2553387043,3072,105416,35,1,1,128,1,1,16,0.000,0.000,,,,,NVIDIA A100-SXM4-40GB MIG 4g.20gb (0),1,,13,cupy_copy__complex64_complex64
2553400963,1824,105425,1,1,1,1,1,1,18,0.000,0.000,,,,,NVIDIA A100-SXM4-40GB MIG 4g.20gb (0),1,,13,cupy_copy__float32_float32
2553433154,1568,105431,,,,,,,,,,0.000,2.551,Device,Pageable,NVIDIA A100-SXM4-40GB MIG 4g.20gb (0),1,,7,[CUDA memcpy Device-to-Host]
2553491746,13055,105442,1434,1,1,128,1,1,16,0.000,0.000,,,,,NVIDIA A100-SXM4-40GB MIG 4g.20gb (0),1,,13,cupy_copy__complex64_complex64
2553519713,2752,105449,103,1,1,128,1,1,16,0.000,0.000,,,,,NVIDIA A100-SXM4-40GB MIG 4g.20gb (0),1,,13,cupy_copy__complex64_complex64
2553540129,2784,105456,35,1,1,128,1,1,16,0.000,0.000,,,,,NVIDIA A100-SXM4-40GB MIG 4g.20gb (0),1,,13,cupy_copy__complex64_complex64
2553558401,1984,105463,1,1,1,1,1,1,18,0.000,0.000,,,,,NVIDIA A100-SXM4-40GB MIG 4g.20gb (0),1,,13,cupy_copy__float32_float32
2553689919,82911,105474,1,1,1,32,32,1,30,0.000,0.000,,,,,NVIDIA A100-SXM4-40GB MIG 4g.20gb (0),1,,13,"void convert_kernel<__half2, float2>(tensor_layout_any, T1 *, tensor_layout_any, const T2 *)"
2553800734,6112,105477,,,,,,,,,,0.094,15329.790,Pinned,Device,NVIDIA A100-SXM4-40GB MIG 4g.20gb (0),1,,13,[CUDA memcpy Host-to-Device]
2553815646,3104,105478,,,,,,,,,,1.547,498266.574,Device,,NVIDIA A100-SXM4-40GB MIG 4g.20gb (0),1,,13,[CUDA memset]
2553822109,3328,105483,,,,,,,,,,0.031,9403.822,Pinned,Device,NVIDIA A100-SXM4-40GB MIG 4g.20gb (0),1,,13,[CUDA memcpy Host-to-Device]
2553827965,9408,105484,,,,,,,,,,0.197,20897.858,Pinned,Device,NVIDIA A100-SXM4-40GB MIG 4g.20gb (0),1,,13,[CUDA memcpy Host-to-Device]
2553842429,6208,105485,273,1,1,8,4,1,39,0.002,0.000,,,,,NVIDIA A100-SXM4-40GB MIG 4g.20gb (0),1,,13,"void channel_eq::eqMmseCoefCompLowMimoKernel<float, float, float, (unsigned int)4, (unsigned int)1, (unsigned int)4>(const channel_eq::_puschRxChEqStatDescr *, channel_eq::_puschRxChEqCoefCompDynDescr)"
2553851773,6048,105486,273,1,1,12,11,1,51,0.002,0.000,,,,,NVIDIA A100-SXM4-40GB MIG 4g.20gb (0),1,,13,"void channel_eq::eqMmseSoftDemapKernel<float, __half, __half, float, (unsigned int)4, (unsigned short)16383>(channel_eq::_puschRxChEqStatDescr *, channel_eq::_puschRxChEqSoftDemapDynDescr)"
2553858845,281565,105487,1,1,1,32,32,1,30,0.000,0.000,,,,,NVIDIA A100-SXM4-40GB MIG 4g.20gb (0),1,,13,"void convert_kernel<float2, __half2>(tensor_layout_any, T1 *, tensor_layout_any, const T2 *)"
2554142138,10879,105499,2253,1,1,128,1,1,16,0.000,0.000,,,,,NVIDIA A100-SXM4-40GB MIG 4g.20gb (0),1,,13,cupy_copy__float16_float16
2554155641,3840,105508,282,1,1,128,1,1,16,0.000,0.000,,,,,NVIDIA A100-SXM4-40GB MIG 4g.20gb (0),1,,13,cupy_copy__complex64_complex64
2554161337,2272,105517,26,1,1,128,1,1,16,0.000,0.000,,,,,NVIDIA A100-SXM4-40GB MIG 4g.20gb (0),1,,13,cupy_copy__float32_float32
2554164665,3168,105526,103,1,1,128,1,1,16,0.000,0.000,,,,,NVIDIA A100-SXM4-40GB MIG 4g.20gb (0),1,,13,cupy_copy__complex64_complex64
2554168761,11936,105536,1434,1,1,128,1,1,16,0.000,0.000,,,,,NVIDIA A100-SXM4-40GB MIG 4g.20gb (0),1,,13,cupy_copy__complex64_complex64
2554192185,82143,105541,1,1,1,32,32,1,30,0.000,0.000,,,,,NVIDIA A100-SXM4-40GB MIG 4g.20gb (0),1,,13,"void convert_kernel<__half2, float2>(tensor_layout_any, T1 *, tensor_layout_any, const T2 *)"
2554301976,6207,105544,,,,,,,,,,0.094,15095.175,Pinned,Device,NVIDIA A100-SXM4-40GB MIG 4g.20gb (0),1,,13,[CUDA memcpy Host-to-Device]
2554312951,596217,105545,,,,,,,,,,456.561,765653.535,Device,,NVIDIA A100-SXM4-40GB MIG 4g.20gb (0),1,,13,[CUDA memset]
2554913648,119071,105550,,,,,,,,,,1.235,10371.060,Pinned,Device,NVIDIA A100-SXM4-40GB MIG 4g.20gb (0),1,,13,[CUDA memcpy Host-to-Device]
2555045134,40576,105551,,,,,,,,,,0.197,4845.404,Pinned,Device,NVIDIA A100-SXM4-40GB MIG 4g.20gb (0),1,,13,[CUDA memcpy Host-to-Device]
2555119757,8160,105552,69,4,1,48,1,1,76,0.002,0.000,,,,,NVIDIA A100-SXM4-40GB MIG 4g.20gb (0),1,,13,"void ch_est::windowedChEstPreNoDftSOfdmKernel<float, __half, float, (unsigned int)2, (unsigned int)1, (unsigned short)4>(ch_est::puschRxChEstStatDescr_t *, ch_est::puschRxChEstDynDescr_t *)"
2555138477,6848,105553,137,2,1,24,2,1,44,0.001,0.001,,,,,NVIDIA A100-SXM4-40GB MIG 4g.20gb (0),1,,13,"void ch_est::chEstFilterNoDftSOfdmDispatchKernel<float, __half, float, (unsigned int)2>(ch_est::puschRxChEstStatDescr_t *, ch_est::puschRxChEstDynDescr_t *)"
2555155597,4832,105554,137,2,1,24,2,1,44,0.001,0.001,,,,,NVIDIA A100-SXM4-40GB MIG 4g.20gb (0),1,,13,"void ch_est::chEstFilterNoDftSOfdmDispatchKernel<float, __half, float, (unsigned int)2>(ch_est::puschRxChEstStatDescr_t *, ch_est::puschRxChEstDynDescr_t *)"
2555172813,2592,105565,103,1,1,128,1,1,16,0.000,0.000,,,,,NVIDIA A100-SXM4-40GB MIG 4g.20gb (0),1,,13,cupy_copy__complex64_complex64
2555189517,12639,105575,1434,1,1,128,1,1,16,0.000,0.000,,,,,NVIDIA A100-SXM4-40GB MIG 4g.20gb (0),1,,13,cupy_copy__complex64_complex64
2555210988,2880,105582,103,1,1,128,1,1,16,0.000,0.000,,,,,NVIDIA A100-SXM4-40GB MIG 4g.20gb (0),1,,13,cupy_copy__complex64_complex64
2555234124,90271,105589,1,1,1,32,32,1,30,0.000,0.000,,,,,NVIDIA A100-SXM4-40GB MIG 4g.20gb (0),1,,13,"void convert_kernel<__half2, float2>(tensor_layout_any, T1 *, tensor_layout_any, const T2 *)"
2555360106,21760,105592,,,,,,,,,,0.094,4305.800,Pinned,Device,NVIDIA A100-SXM4-40GB MIG 4g.20gb (0),1,,13,[CUDA memcpy Host-to-Device]
2555409066,47071,105593,,,,,,,,,,35.810,760745.940,Device,,NVIDIA A100-SXM4-40GB MIG 4g.20gb (0),1,,13,[CUDA memset]
2555464297,12128,105595,,,,,,,,,,0.000,6.596,Pinned,Device,NVIDIA A100-SXM4-40GB MIG 4g.20gb (0),1,,13,[CUDA memcpy Host-to-Device]
2555488329,23200,105596,,,,,,,,,,0.197,8474.395,Pinned,Device,NVIDIA A100-SXM4-40GB MIG 4g.20gb (0),1,,13,[CUDA memcpy Host-to-Device]
2555528424,9728,105597,273,1,1,48,1,1,40,0.000,0.001,,,,,NVIDIA A100-SXM4-40GB MIG 4g.20gb (0),1,,13,"void pusch_noise_intf_est::noiseIntfEstNoDftSOfdmKernel<float, __half, float, float, (unsigned int)2, (unsigned int)1, (unsigned char)4, (unsigned char)4>(pusch_noise_intf_est::puschRxNoiseIntfEstDynDescr)"
2555541576,2688,105608,35,1,1,128,1,1,16,0.000,0.000,,,,,NVIDIA A100-SXM4-40GB MIG 4g.20gb (0),1,,13,cupy_copy__complex64_complex64
2555552264,1824,105617,1,1,1,1,1,1,18,0.000,0.000,,,,,NVIDIA A100-SXM4-40GB MIG 4g.20gb (0),1,,13,cupy_copy__float32_float32
2555561064,7680,105623,,,,,,,,,,0.000,0.521,Device,Pageable,NVIDIA A100-SXM4-40GB MIG 4g.20gb (0),1,,7,[CUDA memcpy Device-to-Host]
2555638663,12896,105634,1434,1,1,128,1,1,16,0.000,0.000,,,,,NVIDIA A100-SXM4-40GB MIG 4g.20gb (0),1,,13,cupy_copy__complex64_complex64
2555662119,3392,105641,103,1,1,128,1,1,16,0.000,0.000,,,,,NVIDIA A100-SXM4-40GB MIG 4g.20gb (0),1,,13,cupy_copy__complex64_complex64
2555690214,2720,105648,35,1,1,128,1,1,16,0.000,0.000,,,,,NVIDIA A100-SXM4-40GB MIG 4g.20gb (0),1,,13,cupy_copy__complex64_complex64
2555711910,1792,105655,1,1,1,1,1,1,18,0.000,0.000,,,,,NVIDIA A100-SXM4-40GB MIG 4g.20gb (0),1,,13,cupy_copy__float32_float32
2555831749,82623,105666,1,1,1,32,32,1,30,0.000,0.000,,,,,NVIDIA A100-SXM4-40GB MIG 4g.20gb (0),1,,13,"void convert_kernel<__half2, float2>(tensor_layout_any, T1 *, tensor_layout_any, const T2 *)"
2555942339,5408,105669,,,,,,,,,,0.094,17325.421,Pinned,Device,NVIDIA A100-SXM4-40GB MIG 4g.20gb (0),1,,13,[CUDA memcpy Host-to-Device]
2555956643,3200,105670,,,,,,,,,,1.547,483320.000,Device,,NVIDIA A100-SXM4-40GB MIG 4g.20gb (0),1,,13,[CUDA memset]
2555964131,3008,105675,,,,,,,,,,0.031,10404.230,Pinned,Device,NVIDIA A100-SXM4-40GB MIG 4g.20gb (0),1,,13,[CUDA memcpy Host-to-Device]
2555969827,9856,105676,,,,,,,,,,0.197,19948.044,Pinned,Device,NVIDIA A100-SXM4-40GB MIG 4g.20gb (0),1,,13,[CUDA memcpy Host-to-Device]
2555984931,6432,105677,273,1,1,8,4,1,39,0.002,0.000,,,,,NVIDIA A100-SXM4-40GB MIG 4g.20gb (0),1,,13,"void channel_eq::eqMmseCoefCompLowMimoKernel<float, float, float, (unsigned int)4, (unsigned int)1, (unsigned int)4>(const channel_eq::_puschRxChEqStatDescr *, channel_eq::_puschRxChEqCoefCompDynDescr)"
2555992355,7936,105678,273,1,1,12,11,1,51,0.002,0.000,,,,,NVIDIA A100-SXM4-40GB MIG 4g.20gb (0),1,,13,"void channel_eq::eqMmseSoftDemapKernel<float, __half, __half, float, (unsigned int)4, (unsigned short)16383>(channel_eq::_puschRxChEqStatDescr *, channel_eq::_puschRxChEqSoftDemapDynDescr)"
2556001251,282972,105679,1,1,1,32,32,1,30,0.000,0.000,,,,,NVIDIA A100-SXM4-40GB MIG 4g.20gb (0),1,,13,"void convert_kernel<float2, __half2>(tensor_layout_any, T1 *, tensor_layout_any, const T2 *)"
2556285695,10976,105691,2253,1,1,128,1,1,16,0.000,0.000,,,,,NVIDIA A100-SXM4-40GB MIG 4g.20gb (0),1,,13,cupy_copy__float16_float16
2556298271,3712,105700,282,1,1,128,1,1,16,0.000,0.000,,,,,NVIDIA A100-SXM4-40GB MIG 4g.20gb (0),1,,13,cupy_copy__complex64_complex64
2556305151,2208,105709,26,1,1,128,1,1,16,0.000,0.000,,,,,NVIDIA A100-SXM4-40GB MIG 4g.20gb (0),1,,13,cupy_copy__float32_float32
2556309887,2880,105718,103,1,1,128,1,1,16,0.000,0.000,,,,,NVIDIA A100-SXM4-40GB MIG 4g.20gb (0),1,,13,cupy_copy__complex64_complex64
2556314975,12128,105728,1434,1,1,128,1,1,16,0.000,0.000,,,,,NVIDIA A100-SXM4-40GB MIG 4g.20gb (0),1,,13,cupy_copy__complex64_complex64
2556332478,82623,105733,1,1,1,32,32,1,30,0.000,0.000,,,,,NVIDIA A100-SXM4-40GB MIG 4g.20gb (0),1,,13,"void convert_kernel<__half2, float2>(tensor_layout_any, T1 *, tensor_layout_any, const T2 *)"
2556441853,6240,105736,,,,,,,,,,0.094,15015.346,Pinned,Device,NVIDIA A100-SXM4-40GB MIG 4g.20gb (0),1,,13,[CUDA memcpy Host-to-Device]
2556452381,597529,105737,,,,,,,,,,456.561,763827.289,Device,,NVIDIA A100-SXM4-40GB MIG 4g.20gb (0),1,,13,[CUDA memset]
2557054742,146590,105742,,,,,,,,,,1.235,8423.553,Pinned,Device,NVIDIA A100-SXM4-40GB MIG 4g.20gb (0),1,,13,[CUDA memcpy Host-to-Device]
2557211060,33375,105743,,,,,,,,,,0.197,5890.769,Pinned,Device,NVIDIA A100-SXM4-40GB MIG 4g.20gb (0),1,,13,[CUDA memcpy Host-to-Device]
2557262195,7904,105744,69,4,1,48,1,1,76,0.002,0.000,,,,,NVIDIA A100-SXM4-40GB MIG 4g.20gb (0),1,,13,"void ch_est::windowedChEstPreNoDftSOfdmKernel<float, __half, float, (unsigned int)2, (unsigned int)1, (unsigned short)4>(ch_est::puschRxChEstStatDescr_t *, ch_est::puschRxChEstDynDescr_t *)"
2557277939,6848,105745,137,2,1,24,2,1,44,0.001,0.001,,,,,NVIDIA A100-SXM4-40GB MIG 4g.20gb (0),1,,13,"void ch_est::chEstFilterNoDftSOfdmDispatchKernel<float, __half, float, (unsigned int)2>(ch_est::puschRxChEstStatDescr_t *, ch_est::puschRxChEstDynDescr_t *)"
2557293779,4736,105746,137,2,1,24,2,1,44,0.001,0.001,,,,,NVIDIA A100-SXM4-40GB MIG 4g.20gb (0),1,,13,"void ch_est::chEstFilterNoDftSOfdmDispatchKernel<float, __half, float, (unsigned int)2>(ch_est::puschRxChEstStatDescr_t *, ch_est::puschRxChEstDynDescr_t *)"
2557318418,2656,105757,103,1,1,128,1,1,16,0.000,0.000,,,,,NVIDIA A100-SXM4-40GB MIG 4g.20gb (0),1,,13,cupy_copy__complex64_complex64
2557334546,12416,105767,1434,1,1,128,1,1,16,0.000,0.000,,,,,NVIDIA A100-SXM4-40GB MIG 4g.20gb (0),1,,13,cupy_copy__complex64_complex64
2557354290,2496,105774,103,1,1,128,1,1,16,0.000,0.000,,,,,NVIDIA A100-SXM4-40GB MIG 4g.20gb (0),1,,13,cupy_copy__complex64_complex64
2557369714,86943,105781,1,1,1,32,32,1,30,0.000,0.000,,,,,NVIDIA A100-SXM4-40GB MIG 4g.20gb (0),1,,13,"void convert_kernel<__half2, float2>(tensor_layout_any, T1 *, tensor_layout_any, const T2 *)"
2557487440,16224,105784,,,,,,,,,,0.094,5775.140,Pinned,Device,NVIDIA A100-SXM4-40GB MIG 4g.20gb (0),1,,13,[CUDA memcpy Host-to-Device]
2557527920,47039,105785,,,,,,,,,,35.810,761247.279,Device,,NVIDIA A100-SXM4-40GB MIG 4g.20gb (0),1,,13,[CUDA memset]
2557582095,12896,105787,,,,,,,,,,0.000,6.203,Pinned,Device,NVIDIA A100-SXM4-40GB MIG 4g.20gb (0),1,,13,[CUDA memcpy Host-to-Device]
2557603087,23167,105788,,,,,,,,,,0.197,8486.388,Pinned,Device,NVIDIA A100-SXM4-40GB MIG 4g.20gb (0),1,,13,[CUDA memcpy Host-to-Device]
2557648302,9600,105789,273,1,1,48,1,1,40,0.000,0.001,,,,,NVIDIA A100-SXM4-40GB MIG 4g.20gb (0),1,,13,"void pusch_noise_intf_est::noiseIntfEstNoDftSOfdmKernel<float, __half, float, float, (unsigned int)2, (unsigned int)1, (unsigned char)4, (unsigned char)4>(pusch_noise_intf_est::puschRxNoiseIntfEstDynDescr)"
2557664974,2656,105800,35,1,1,128,1,1,16,0.000,0.000,,,,,NVIDIA A100-SXM4-40GB MIG 4g.20gb (0),1,,13,cupy_copy__complex64_complex64
2557681422,1728,105809,1,1,1,1,1,1,18,0.000,0.000,,,,,NVIDIA A100-SXM4-40GB MIG 4g.20gb (0),1,,13,cupy_copy__float32_float32
2557688910,8832,105815,,,,,,,,,,0.000,0.453,Device,Pageable,NVIDIA A100-SXM4-40GB MIG 4g.20gb (0),1,,7,[CUDA memcpy Device-to-Host]
2557790124,12704,105826,1434,1,1,128,1,1,16,0.000,0.000,,,,,NVIDIA A100-SXM4-40GB MIG 4g.20gb (0),1,,13,cupy_copy__complex64_complex64
2557812588,3392,105833,103,1,1,128,1,1,16,0.000,0.000,,,,,NVIDIA A100-SXM4-40GB MIG 4g.20gb (0),1,,13,cupy_copy__complex64_complex64
2557836204,2528,105840,35,1,1,128,1,1,16,0.000,0.000,,,,,NVIDIA A100-SXM4-40GB MIG 4g.20gb (0),1,,13,cupy_copy__complex64_complex64
2557854412,1696,105847,1,1,1,1,1,1,18,0.000,0.000,,,,,NVIDIA A100-SXM4-40GB MIG 4g.20gb (0),1,,13,cupy_copy__float32_float32
2557977514,87071,105858,1,1,1,32,32,1,30,0.000,0.000,,,,,NVIDIA A100-SXM4-40GB MIG 4g.20gb (0),1,,13,"void convert_kernel<__half2, float2>(tensor_layout_any, T1 *, tensor_layout_any, const T2 *)"
2558097865,12319,105861,,,,,,,,,,0.094,7605.773,Pinned,Device,NVIDIA A100-SXM4-40GB MIG 4g.20gb (0),1,,13,[CUDA memcpy Host-to-Device]
2558121864,3680,105862,,,,,,,,,,1.547,420278.059,Device,,NVIDIA A100-SXM4-40GB MIG 4g.20gb (0),1,,13,[CUDA memset]
2558133000,6912,105867,,,,,,,,,,0.031,4527.749,Pinned,Device,NVIDIA A100-SXM4-40GB MIG 4g.20gb (0),1,,13,[CUDA memcpy Host-to-Device]
2558146824,16480,105868,,,,,,,,,,0.197,11929.977,Pinned,Device,NVIDIA A100-SXM4-40GB MIG 4g.20gb (0),1,,13,[CUDA memcpy Host-to-Device]
2558177512,6816,105869,273,1,1,8,4,1,39,0.002,0.000,,,,,NVIDIA A100-SXM4-40GB MIG 4g.20gb (0),1,,13,"void channel_eq::eqMmseCoefCompLowMimoKernel<float, float, float, (unsigned int)4, (unsigned int)1, (unsigned int)4>(const channel_eq::_puschRxChEqStatDescr *, channel_eq::_puschRxChEqCoefCompDynDescr)"
2558186120,7551,105870,273,1,1,12,11,1,51,0.002,0.000,,,,,NVIDIA A100-SXM4-40GB MIG 4g.20gb (0),1,,13,"void channel_eq::eqMmseSoftDemapKernel<float, __half, __half, float, (unsigned int)4, (unsigned short)16383>(channel_eq::_puschRxChEqStatDescr *, channel_eq::_puschRxChEqSoftDemapDynDescr)"
2558201479,282365,105871,1,1,1,32,32,1,30,0.000,0.000,,,,,NVIDIA A100-SXM4-40GB MIG 4g.20gb (0),1,,13,"void convert_kernel<float2, __half2>(tensor_layout_any, T1 *, tensor_layout_any, const T2 *)"
2558484772,11008,105883,2253,1,1,128,1,1,16,0.000,0.000,,,,,NVIDIA A100-SXM4-40GB MIG 4g.20gb (0),1,,13,cupy_copy__float16_float16
2558499268,3680,105892,282,1,1,128,1,1,16,0.000,0.000,,,,,NVIDIA A100-SXM4-40GB MIG 4g.20gb (0),1,,13,cupy_copy__complex64_complex64
2558505188,2112,105901,26,1,1,128,1,1,16,0.000,0.000,,,,,NVIDIA A100-SXM4-40GB MIG 4g.20gb (0),1,,13,cupy_copy__float32_float32
2558508356,3616,105910,103,1,1,128,1,1,16,0.000,0.000,,,,,NVIDIA A100-SXM4-40GB MIG 4g.20gb (0),1,,13,cupy_copy__complex64_complex64
2558564611,12288,105926,1434,1,1,128,1,1,16,0.000,0.000,,,,,NVIDIA A100-SXM4-40GB MIG 4g.20gb (0),1,,13,cupy_copy__complex64_complex64
2558679745,82271,105931,1,1,1,32,32,1,30,0.000,0.000,,,,,NVIDIA A100-SXM4-40GB MIG 4g.20gb (0),1,,13,"void convert_kernel<__half2, float2>(tensor_layout_any, T1 *, tensor_layout_any, const T2 *)"
2558789792,5664,105934,,,,,,,,,,0.094,16542.310,Pinned,Device,NVIDIA A100-SXM4-40GB MIG 4g.20gb (0),1,,13,[CUDA memcpy Host-to-Device]
2558799936,601145,105935,,,,,,,,,,456.561,759261.675,Device,,NVIDIA A100-SXM4-40GB MIG 4g.20gb (0),1,,13,[CUDA memset]
2559404664,74944,105940,,,,,,,,,,1.235,16477.858,Pinned,Device,NVIDIA A100-SXM4-40GB MIG 4g.20gb (0),1,,13,[CUDA memcpy Host-to-Device]
2559486455,21920,105941,,,,,,,,,,0.197,8969.257,Pinned,Device,NVIDIA A100-SXM4-40GB MIG 4g.20gb (0),1,,13,[CUDA memcpy Host-to-Device]
2559518199,8544,105942,69,4,1,48,1,1,76,0.002,0.000,,,,,NVIDIA A100-SXM4-40GB MIG 4g.20gb (0),1,,13,"void ch_est::windowedChEstPreNoDftSOfdmKernel<float, __half, float, (unsigned int)2, (unsigned int)1, (unsigned short)4>(ch_est::puschRxChEstStatDescr_t *, ch_est::puschRxChEstDynDescr_t *)"
2559534103,7680,105943,137,2,1,24,2,1,44,0.001,0.001,,,,,NVIDIA A100-SXM4-40GB MIG 4g.20gb (0),1,,13,"void ch_est::chEstFilterNoDftSOfdmDispatchKernel<float, __half, float, (unsigned int)2>(ch_est::puschRxChEstStatDescr_t *, ch_est::puschRxChEstDynDescr_t *)"
2559549207,6272,105944,137,2,1,24,2,1,44,0.001,0.001,,,,,NVIDIA A100-SXM4-40GB MIG 4g.20gb (0),1,,13,"void ch_est::chEstFilterNoDftSOfdmDispatchKernel<float, __half, float, (unsigned int)2>(ch_est::puschRxChEstStatDescr_t *, ch_est::puschRxChEstDynDescr_t *)"
2559557943,3232,105955,103,1,1,128,1,1,16,0.000,0.000,,,,,NVIDIA A100-SXM4-40GB MIG 4g.20gb (0),1,,13,cupy_copy__complex64_complex64
2559566550,12896,105965,1434,1,1,128,1,1,16,0.000,0.000,,,,,NVIDIA A100-SXM4-40GB MIG 4g.20gb (0),1,,13,cupy_copy__complex64_complex64
2559584534,2624,105972,103,1,1,128,1,1,16,0.000,0.000,,,,,NVIDIA A100-SXM4-40GB MIG 4g.20gb (0),1,,13,cupy_copy__complex64_complex64
2559593750,85183,105979,1,1,1,32,32,1,30,0.000,0.000,,,,,NVIDIA A100-SXM4-40GB MIG 4g.20gb (0),1,,13,"void convert_kernel<__half2, float2>(tensor_layout_any, T1 *, tensor_layout_any, const T2 *)"
2559705941,5792,105982,,,,,,,,,,0.094,16176.708,Pinned,Device,NVIDIA A100-SXM4-40GB MIG 4g.20gb (0),1,,13,[CUDA memcpy Host-to-Device]
2559718773,47071,105983,,,,,,,,,,35.810,760745.940,Device,,NVIDIA A100-SXM4-40GB MIG 4g.20gb (0),1,,13,[CUDA memset]
2559771700,3392,105985,,,,,,,,,,0.000,23.585,Pinned,Device,NVIDIA A100-SXM4-40GB MIG 4g.20gb (0),1,,13,[CUDA memcpy Host-to-Device]
2559778996,12352,105986,,,,,,,,,,0.197,15916.990,Pinned,Device,NVIDIA A100-SXM4-40GB MIG 4g.20gb (0),1,,13,[CUDA memcpy Host-to-Device]
2559803572,9119,105987,273,1,1,48,1,1,40,0.000,0.001,,,,,NVIDIA A100-SXM4-40GB MIG 4g.20gb (0),1,,13,"void pusch_noise_intf_est::noiseIntfEstNoDftSOfdmKernel<float, __half, float, float, (unsigned int)2, (unsigned int)1, (unsigned char)4, (unsigned char)4>(pusch_noise_intf_est::puschRxNoiseIntfEstDynDescr)"
2559815379,3040,105998,35,1,1,128,1,1,16,0.000,0.000,,,,,NVIDIA A100-SXM4-40GB MIG 4g.20gb (0),1,,13,cupy_copy__complex64_complex64
2559828819,1984,106007,1,1,1,1,1,1,18,0.000,0.000,,,,,NVIDIA A100-SXM4-40GB MIG 4g.20gb (0),1,,13,cupy_copy__float32_float32
2559857587,2176,106013,,,,,,,,,,0.000,1.838,Device,Pageable,NVIDIA A100-SXM4-40GB MIG 4g.20gb (0),1,,7,[CUDA memcpy Device-to-Host]
2559918930,12928,106024,1434,1,1,128,1,1,16,0.000,0.000,,,,,NVIDIA A100-SXM4-40GB MIG 4g.20gb (0),1,,13,cupy_copy__complex64_complex64
2559944338,2848,106031,103,1,1,128,1,1,16,0.000,0.000,,,,,NVIDIA A100-SXM4-40GB MIG 4g.20gb (0),1,,13,cupy_copy__complex64_complex64
2559964690,2176,106038,35,1,1,128,1,1,16,0.000,0.000,,,,,NVIDIA A100-SXM4-40GB MIG 4g.20gb (0),1,,13,cupy_copy__complex64_complex64
2559983345,1792,106045,1,1,1,1,1,1,18,0.000,0.000,,,,,NVIDIA A100-SXM4-40GB MIG 4g.20gb (0),1,,13,cupy_copy__float32_float32
2560113040,82367,106056,1,1,1,32,32,1,30,0.000,0.000,,,,,NVIDIA A100-SXM4-40GB MIG 4g.20gb (0),1,,13,"void convert_kernel<__half2, float2>(tensor_layout_any, T1 *, tensor_layout_any, const T2 *)"
2560222158,5504,106059,,,,,,,,,,0.094,17023.251,Pinned,Device,NVIDIA A100-SXM4-40GB MIG 4g.20gb (0),1,,13,[CUDA memcpy Host-to-Device]
2560238318,3328,106060,,,,,,,,,,1.547,464729.580,Device,,NVIDIA A100-SXM4-40GB MIG 4g.20gb (0),1,,13,[CUDA memset]
2560243118,3232,106065,,,,,,,,,,0.031,9683.139,Pinned,Device,NVIDIA A100-SXM4-40GB MIG 4g.20gb (0),1,,13,[CUDA memcpy Host-to-Device]
2560249134,10304,106066,,,,,,,,,,0.197,19080.610,Pinned,Device,NVIDIA A100-SXM4-40GB MIG 4g.20gb (0),1,,13,[CUDA memcpy Host-to-Device]
2560263726,5984,106067,273,1,1,8,4,1,39,0.002,0.000,,,,,NVIDIA A100-SXM4-40GB MIG 4g.20gb (0),1,,13,"void channel_eq::eqMmseCoefCompLowMimoKernel<float, float, float, (unsigned int)4, (unsigned int)1, (unsigned int)4>(const channel_eq::_puschRxChEqStatDescr *, channel_eq::_puschRxChEqCoefCompDynDescr)"
2560271310,6080,106068,273,1,1,12,11,1,51,0.002,0.000,,,,,NVIDIA A100-SXM4-40GB MIG 4g.20gb (0),1,,13,"void channel_eq::eqMmseSoftDemapKernel<float, __half, __half, float, (unsigned int)4, (unsigned short)16383>(channel_eq::_puschRxChEqStatDescr *, channel_eq::_puschRxChEqSoftDemapDynDescr)"
2560279214,282780,106069,1,1,1,32,32,1,30,0.000,0.000,,,,,NVIDIA A100-SXM4-40GB MIG 4g.20gb (0),1,,13,"void convert_kernel<float2, __half2>(tensor_layout_any, T1 *, tensor_layout_any, const T2 *)"
2560564810,10848,106081,2253,1,1,128,1,1,16,0.000,0.000,,,,,NVIDIA A100-SXM4-40GB MIG 4g.20gb (0),1,,13,cupy_copy__float16_float16
2560577834,2912,106090,282,1,1,128,1,1,16,0.000,0.000,,,,,NVIDIA A100-SXM4-40GB MIG 4g.20gb (0),1,,13,cupy_copy__complex64_complex64
2560584170,2112,106099,26,1,1,128,1,1,16,0.000,0.000,,,,,NVIDIA A100-SXM4-40GB MIG 4g.20gb (0),1,,13,cupy_copy__float32_float32
2560590058,2816,106108,103,1,1,128,1,1,16,0.000,0.000,,,,,NVIDIA A100-SXM4-40GB MIG 4g.20gb (0),1,,13,cupy_copy__complex64_complex64
2560595626,11968,106118,1434,1,1,128,1,1,16,0.000,0.000,,,,,NVIDIA A100-SXM4-40GB MIG 4g.20gb (0),1,,13,cupy_copy__complex64_complex64
2560614122,82527,106123,1,1,1,32,32,1,30,0.000,0.000,,,,,NVIDIA A100-SXM4-40GB MIG 4g.20gb (0),1,,13,"void convert_kernel<__half2, float2>(tensor_layout_any, T1 *, tensor_layout_any, const T2 *)"
2560723240,5536,106126,,,,,,,,,,0.094,16924.777,Pinned,Device,NVIDIA A100-SXM4-40GB MIG 4g.20gb (0),1,,13,[CUDA memcpy Host-to-Device]
2560733352,598905,106127,,,,,,,,,,456.561,762001.043,Device,,NVIDIA A100-SXM4-40GB MIG 4g.20gb (0),1,,13,[CUDA memset]
2561336705,161822,106132,,,,,,,,,,1.235,7630.719,Pinned,Device,NVIDIA A100-SXM4-40GB MIG 4g.20gb (0),1,,13,[CUDA memcpy Host-to-Device]
2561511678,22144,106133,,,,,,,,,,0.197,8878.424,Pinned,Device,NVIDIA A100-SXM4-40GB MIG 4g.20gb (0),1,,13,[CUDA memcpy Host-to-Device]
2561551582,8000,106134,69,4,1,48,1,1,76,0.002,0.000,,,,,NVIDIA A100-SXM4-40GB MIG 4g.20gb (0),1,,13,"void ch_est::windowedChEstPreNoDftSOfdmKernel<float, __half, float, (unsigned int)2, (unsigned int)1, (unsigned short)4>(ch_est::puschRxChEstStatDescr_t *, ch_est::puschRxChEstDynDescr_t *)"
2561568478,6784,106135,137,2,1,24,2,1,44,0.001,0.001,,,,,NVIDIA A100-SXM4-40GB MIG 4g.20gb (0),1,,13,"void ch_est::chEstFilterNoDftSOfdmDispatchKernel<float, __half, float, (unsigned int)2>(ch_est::puschRxChEstStatDescr_t *, ch_est::puschRxChEstDynDescr_t *)"
2561582142,4832,106136,137,2,1,24,2,1,44,0.001,0.001,,,,,NVIDIA A100-SXM4-40GB MIG 4g.20gb (0),1,,13,"void ch_est::chEstFilterNoDftSOfdmDispatchKernel<float, __half, float, (unsigned int)2>(ch_est::puschRxChEstStatDescr_t *, ch_est::puschRxChEstDynDescr_t *)"
2561594653,2560,106147,103,1,1,128,1,1,16,0.000,0.000,,,,,NVIDIA A100-SXM4-40GB MIG 4g.20gb (0),1,,13,cupy_copy__complex64_complex64
2561603709,12640,106157,1434,1,1,128,1,1,16,0.000,0.000,,,,,NVIDIA A100-SXM4-40GB MIG 4g.20gb (0),1,,13,cupy_copy__complex64_complex64
2561618813,3072,106164,103,1,1,128,1,1,16,0.000,0.000,,,,,NVIDIA A100-SXM4-40GB MIG 4g.20gb (0),1,,13,cupy_copy__complex64_complex64
2561627069,87071,106171,1,1,1,32,32,1,30,0.000,0.000,,,,,NVIDIA A100-SXM4-40GB MIG 4g.20gb (0),1,,13,"void convert_kernel<__half2, float2>(tensor_layout_any, T1 *, tensor_layout_any, const T2 *)"
2561742972,13119,106174,,,,,,,,,,0.094,7141.978,Pinned,Device,NVIDIA A100-SXM4-40GB MIG 4g.20gb (0),1,,13,[CUDA memcpy Host-to-Device]
2561769179,46976,106175,,,,,,,,,,35.810,762285.767,Device,,NVIDIA A100-SXM4-40GB MIG 4g.20gb (0),1,,13,[CUDA memset]
2561820187,8672,106177,,,,,,,,,,0.000,9.225,Pinned,Device,NVIDIA A100-SXM4-40GB MIG 4g.20gb (0),1,,13,[CUDA memcpy Host-to-Device]
2561834394,22176,106178,,,,,,,,,,0.197,8865.645,Pinned,Device,NVIDIA A100-SXM4-40GB MIG 4g.20gb (0),1,,13,[CUDA memcpy Host-to-Device]
2561865114,9792,106179,273,1,1,48,1,1,40,0.000,0.001,,,,,NVIDIA A100-SXM4-40GB MIG 4g.20gb (0),1,,13,"void pusch_noise_intf_est::noiseIntfEstNoDftSOfdmKernel<float, __half, float, float, (unsigned int)2, (unsigned int)1, (unsigned char)4, (unsigned char)4>(pusch_noise_intf_est::puschRxNoiseIntfEstDynDescr)"
2561879450,2848,106190,35,1,1,128,1,1,16,0.000,0.000,,,,,NVIDIA A100-SXM4-40GB MIG 4g.20gb (0),1,,13,cupy_copy__complex64_complex64
2561888122,1696,106199,1,1,1,1,1,1,18,0.000,0.000,,,,,NVIDIA A100-SXM4-40GB MIG 4g.20gb (0),1,,13,cupy_copy__float32_float32
2561894490,2464,106205,,,,,,,,,,0.000,1.623,Device,Pageable,NVIDIA A100-SXM4-40GB MIG 4g.20gb (0),1,,7,[CUDA memcpy Device-to-Host]
2561958905,12992,106216,1434,1,1,128,1,1,16,0.000,0.000,,,,,NVIDIA A100-SXM4-40GB MIG 4g.20gb (0),1,,13,cupy_copy__complex64_complex64
2561983385,2848,106223,103,1,1,128,1,1,16,0.000,0.000,,,,,NVIDIA A100-SXM4-40GB MIG 4g.20gb (0),1,,13,cupy_copy__complex64_complex64
2562005208,2496,106230,35,1,1,128,1,1,16,0.000,0.000,,,,,NVIDIA A100-SXM4-40GB MIG 4g.20gb (0),1,,13,cupy_copy__complex64_complex64
2562023192,1920,106237,1,1,1,1,1,1,18,0.000,0.000,,,,,NVIDIA A100-SXM4-40GB MIG 4g.20gb (0),1,,13,cupy_copy__float32_float32
2562152055,82430,106248,1,1,1,32,32,1,30,0.000,0.000,,,,,NVIDIA A100-SXM4-40GB MIG 4g.20gb (0),1,,13,"void convert_kernel<__half2, float2>(tensor_layout_any, T1 *, tensor_layout_any, const T2 *)"
2562262837,5408,106251,,,,,,,,,,0.094,17325.421,Pinned,Device,NVIDIA A100-SXM4-40GB MIG 4g.20gb (0),1,,13,[CUDA memcpy Host-to-Device]
2562277205,3488,106252,,,,,,,,,,1.547,443412.461,Device,,NVIDIA A100-SXM4-40GB MIG 4g.20gb (0),1,,13,[CUDA memset]
2562286357,3104,106257,,,,,,,,,,0.031,10082.445,Pinned,Device,NVIDIA A100-SXM4-40GB MIG 4g.20gb (0),1,,13,[CUDA memcpy Host-to-Device]
2562291989,9632,106258,,,,,,,,,,0.197,20411.843,Pinned,Device,NVIDIA A100-SXM4-40GB MIG 4g.20gb (0),1,,13,[CUDA memcpy Host-to-Device]
2562307637,9055,106259,273,1,1,8,4,1,39,0.002,0.000,,,,,NVIDIA A100-SXM4-40GB MIG 4g.20gb (0),1,,13,"void channel_eq::eqMmseCoefCompLowMimoKernel<float, float, float, (unsigned int)4, (unsigned int)1, (unsigned int)4>(const channel_eq::_puschRxChEqStatDescr *, channel_eq::_puschRxChEqCoefCompDynDescr)"
2562317972,5856,106260,273,1,1,12,11,1,51,0.002,0.000,,,,,NVIDIA A100-SXM4-40GB MIG 4g.20gb (0),1,,13,"void channel_eq::eqMmseSoftDemapKernel<float, __half, __half, float, (unsigned int)4, (unsigned short)16383>(channel_eq::_puschRxChEqStatDescr *, channel_eq::_puschRxChEqSoftDemapDynDescr)"
2562326900,282269,106261,1,1,1,32,32,1,30,0.000,0.000,,,,,NVIDIA A100-SXM4-40GB MIG 4g.20gb (0),1,,13,"void convert_kernel<float2, __half2>(tensor_layout_any, T1 *, tensor_layout_any, const T2 *)"
2562610193,10880,106273,2253,1,1,128,1,1,16,0.000,0.000,,,,,NVIDIA A100-SXM4-40GB MIG 4g.20gb (0),1,,13,cupy_copy__float16_float16
2562623217,4160,106282,282,1,1,128,1,1,16,0.000,0.000,,,,,NVIDIA A100-SXM4-40GB MIG 4g.20gb (0),1,,13,cupy_copy__complex64_complex64
2562630321,2144,106291,26,1,1,128,1,1,16,0.000,0.000,,,,,NVIDIA A100-SXM4-40GB MIG 4g.20gb (0),1,,13,cupy_copy__float32_float32
2562634961,5759,106300,103,1,1,128,1,1,16,0.000,0.000,,,,,NVIDIA A100-SXM4-40GB MIG 4g.20gb (0),1,,13,cupy_copy__complex64_complex64
2562641712,12256,106310,1434,1,1,128,1,1,16,0.000,0.000,,,,,NVIDIA A100-SXM4-40GB MIG 4g.20gb (0),1,,13,cupy_copy__complex64_complex64
2562658544,80959,106315,1,1,1,32,32,1,30,0.000,0.000,,,,,NVIDIA A100-SXM4-40GB MIG 4g.20gb (0),1,,13,"void convert_kernel<__half2, float2>(tensor_layout_any, T1 *, tensor_layout_any, const T2 *)"
2562765871,6080,106318,,,,,,,,,,0.094,15410.462,Pinned,Device,NVIDIA A100-SXM4-40GB MIG 4g.20gb (0),1,,13,[CUDA memcpy Host-to-Device]
2562778383,597592,106319,,,,,,,,,,456.561,763827.289,Device,,NVIDIA A100-SXM4-40GB MIG 4g.20gb (0),1,,13,[CUDA memset]
2563382279,165822,106324,,,,,,,,,,1.235,7446.712,Pinned,Device,NVIDIA A100-SXM4-40GB MIG 4g.20gb (0),1,,13,[CUDA memcpy Host-to-Device]
2563558501,40128,106325,,,,,,,,,,0.197,4899.471,Pinned,Device,NVIDIA A100-SXM4-40GB MIG 4g.20gb (0),1,,13,[CUDA memcpy Host-to-Device]
2563627012,8352,106326,69,4,1,48,1,1,76,0.002,0.000,,,,,NVIDIA A100-SXM4-40GB MIG 4g.20gb (0),1,,13,"void ch_est::windowedChEstPreNoDftSOfdmKernel<float, __half, float, (unsigned int)2, (unsigned int)1, (unsigned short)4>(ch_est::puschRxChEstStatDescr_t *, ch_est::puschRxChEstDynDescr_t *)"
2563645252,6464,106327,137,2,1,24,2,1,44,0.001,0.001,,,,,NVIDIA A100-SXM4-40GB MIG 4g.20gb (0),1,,13,"void ch_est::chEstFilterNoDftSOfdmDispatchKernel<float, __half, float, (unsigned int)2>(ch_est::puschRxChEstStatDescr_t *, ch_est::puschRxChEstDynDescr_t *)"
2563662340,4768,106328,137,2,1,24,2,1,44,0.001,0.001,,,,,NVIDIA A100-SXM4-40GB MIG 4g.20gb (0),1,,13,"void ch_est::chEstFilterNoDftSOfdmDispatchKernel<float, __half, float, (unsigned int)2>(ch_est::puschRxChEstStatDescr_t *, ch_est::puschRxChEstDynDescr_t *)"
2563678660,2752,106339,103,1,1,128,1,1,16,0.000,0.000,,,,,NVIDIA A100-SXM4-40GB MIG 4g.20gb (0),1,,13,cupy_copy__complex64_complex64
2563695491,12352,106349,1434,1,1,128,1,1,16,0.000,0.000,,,,,NVIDIA A100-SXM4-40GB MIG 4g.20gb (0),1,,13,cupy_copy__complex64_complex64
2563714723,2880,106356,103,1,1,128,1,1,16,0.000,0.000,,,,,NVIDIA A100-SXM4-40GB MIG 4g.20gb (0),1,,13,cupy_copy__complex64_complex64
2563732227,86239,106363,1,1,1,32,32,1,30,0.000,0.000,,,,,NVIDIA A100-SXM4-40GB MIG 4g.20gb (0),1,,13,"void convert_kernel<__half2, float2>(tensor_layout_any, T1 *, tensor_layout_any, const T2 *)"
2563847042,10783,106366,,,,,,,,,,0.094,8689.180,Pinned,Device,NVIDIA A100-SXM4-40GB MIG 4g.20gb (0),1,,13,[CUDA memcpy Host-to-Device]
2563865761,47328,106367,,,,,,,,,,35.810,756627.800,Device,,NVIDIA A100-SXM4-40GB MIG 4g.20gb (0),1,,13,[CUDA memset]
2563918529,6912,106369,,,,,,,,,,0.000,11.574,Pinned,Device,NVIDIA A100-SXM4-40GB MIG 4g.20gb (0),1,,13,[CUDA memcpy Host-to-Device]
2563934656,18656,106370,,,,,,,,,,0.197,10538.582,Pinned,Device,NVIDIA A100-SXM4-40GB MIG 4g.20gb (0),1,,13,[CUDA memcpy Host-to-Device]
2563968064,9952,106371,273,1,1,48,1,1,40,0.000,0.001,,,,,NVIDIA A100-SXM4-40GB MIG 4g.20gb (0),1,,13,"void pusch_noise_intf_est::noiseIntfEstNoDftSOfdmKernel<float, __half, float, float, (unsigned int)2, (unsigned int)1, (unsigned char)4, (unsigned char)4>(pusch_noise_intf_est::puschRxNoiseIntfEstDynDescr)"
2563987008,2592,106382,35,1,1,128,1,1,16,0.000,0.000,,,,,NVIDIA A100-SXM4-40GB MIG 4g.20gb (0),1,,13,cupy_copy__complex64_complex64
2563996672,1696,106391,1,1,1,1,1,1,18,0.000,0.000,,,,,NVIDIA A100-SXM4-40GB MIG 4g.20gb (0),1,,13,cupy_copy__float32_float32
2564006816,6208,106397,,,,,,,,,,0.000,0.644,Device,Pageable,NVIDIA A100-SXM4-40GB MIG 4g.20gb (0),1,,7,[CUDA memcpy Device-to-Host]
2564090463,13023,106408,1434,1,1,128,1,1,16,0.000,0.000,,,,,NVIDIA A100-SXM4-40GB MIG 4g.20gb (0),1,,13,cupy_copy__complex64_complex64
2564117406,2944,106415,103,1,1,128,1,1,16,0.000,0.000,,,,,NVIDIA A100-SXM4-40GB MIG 4g.20gb (0),1,,13,cupy_copy__complex64_complex64
2564134910,2336,106422,35,1,1,128,1,1,16,0.000,0.000,,,,,NVIDIA A100-SXM4-40GB MIG 4g.20gb (0),1,,13,cupy_copy__complex64_complex64
2564151230,1856,106429,1,1,1,1,1,1,18,0.000,0.000,,,,,NVIDIA A100-SXM4-40GB MIG 4g.20gb (0),1,,13,cupy_copy__float32_float32
2564276860,83231,106440,1,1,1,32,32,1,30,0.000,0.000,,,,,NVIDIA A100-SXM4-40GB MIG 4g.20gb (0),1,,13,"void convert_kernel<__half2, float2>(tensor_layout_any, T1 *, tensor_layout_any, const T2 *)"
2564387675,5632,106443,,,,,,,,,,0.094,16636.287,Pinned,Device,NVIDIA A100-SXM4-40GB MIG 4g.20gb (0),1,,13,[CUDA memcpy Host-to-Device]
2564404987,3296,106444,,,,,,,,,,1.547,469242.628,Device,,NVIDIA A100-SXM4-40GB MIG 4g.20gb (0),1,,13,[CUDA memset]
2564411899,3040,106449,,,,,,,,,,0.031,10294.725,Pinned,Device,NVIDIA A100-SXM4-40GB MIG 4g.20gb (0),1,,13,[CUDA memcpy Host-to-Device]
2564417435,9791,106450,,,,,,,,,,0.197,20080.361,Pinned,Device,NVIDIA A100-SXM4-40GB MIG 4g.20gb (0),1,,13,[CUDA memcpy Host-to-Device]
2564433210,5952,106451,273,1,1,8,4,1,39,0.002,0.000,,,,,NVIDIA A100-SXM4-40GB MIG 4g.20gb (0),1,,13,"void channel_eq::eqMmseCoefCompLowMimoKernel<float, float, float, (unsigned int)4, (unsigned int)1, (unsigned int)4>(const channel_eq::_puschRxChEqStatDescr *, channel_eq::_puschRxChEqCoefCompDynDescr)"
2564443738,6144,106452,273,1,1,12,11,1,51,0.002,0.000,,,,,NVIDIA A100-SXM4-40GB MIG 4g.20gb (0),1,,13,"void channel_eq::eqMmseSoftDemapKernel<float, __half, __half, float, (unsigned int)4, (unsigned short)16383>(channel_eq::_puschRxChEqStatDescr *, channel_eq::_puschRxChEqSoftDemapDynDescr)"
2564451290,294396,106453,1,1,1,32,32,1,30,0.000,0.000,,,,,NVIDIA A100-SXM4-40GB MIG 4g.20gb (0),1,,13,"void convert_kernel<float2, __half2>(tensor_layout_any, T1 *, tensor_layout_any, const T2 *)"
2564746838,10848,106465,2253,1,1,128,1,1,16,0.000,0.000,,,,,NVIDIA A100-SXM4-40GB MIG 4g.20gb (0),1,,13,cupy_copy__float16_float16
2564762358,2656,106474,282,1,1,128,1,1,16,0.000,0.000,,,,,NVIDIA A100-SXM4-40GB MIG 4g.20gb (0),1,,13,cupy_copy__complex64_complex64
2564767158,3264,106483,26,1,1,128,1,1,16,0.000,0.000,,,,,NVIDIA A100-SXM4-40GB MIG 4g.20gb (0),1,,13,cupy_copy__float32_float32
2564774006,3008,106492,103,1,1,128,1,1,16,0.000,0.000,,,,,NVIDIA A100-SXM4-40GB MIG 4g.20gb (0),1,,13,cupy_copy__complex64_complex64
2564778230,11872,106502,1434,1,1,128,1,1,16,0.000,0.000,,,,,NVIDIA A100-SXM4-40GB MIG 4g.20gb (0),1,,13,cupy_copy__complex64_complex64
2564792406,86399,106507,1,1,1,32,32,1,30,0.000,0.000,,,,,NVIDIA A100-SXM4-40GB MIG 4g.20gb (0),1,,13,"void convert_kernel<__half2, float2>(tensor_layout_any, T1 *, tensor_layout_any, const T2 *)"
2564905268,5760,106510,,,,,,,,,,0.094,16266.656,Pinned,Device,NVIDIA A100-SXM4-40GB MIG 4g.20gb (0),1,,13,[CUDA memcpy Host-to-Device]
2564915188,599897,106511,,,,,,,,,,456.561,760631.359,Device,,NVIDIA A100-SXM4-40GB MIG 4g.20gb (0),1,,13,[CUDA memset]
2565516813,148734,106516,,,,,,,,,,1.235,8302.529,Pinned,Device,NVIDIA A100-SXM4-40GB MIG 4g.20gb (0),1,,13,[CUDA memcpy Host-to-Device]
2565674315,29984,106517,,,,,,,,,,0.197,6557.073,Pinned,Device,NVIDIA A100-SXM4-40GB MIG 4g.20gb (0),1,,13,[CUDA memcpy Host-to-Device]
2565721258,8448,106518,69,4,1,48,1,1,76,0.002,0.000,,,,,NVIDIA A100-SXM4-40GB MIG 4g.20gb (0),1,,13,"void ch_est::windowedChEstPreNoDftSOfdmKernel<float, __half, float, (unsigned int)2, (unsigned int)1, (unsigned short)4>(ch_est::puschRxChEstStatDescr_t *, ch_est::puschRxChEstDynDescr_t *)"
2565745610,6752,106519,137,2,1,24,2,1,44,0.001,0.001,,,,,NVIDIA A100-SXM4-40GB MIG 4g.20gb (0),1,,13,"void ch_est::chEstFilterNoDftSOfdmDispatchKernel<float, __half, float, (unsigned int)2>(ch_est::puschRxChEstStatDescr_t *, ch_est::puschRxChEstDynDescr_t *)"
2565761578,4704,106520,137,2,1,24,2,1,44,0.001,0.001,,,,,NVIDIA A100-SXM4-40GB MIG 4g.20gb (0),1,,13,"void ch_est::chEstFilterNoDftSOfdmDispatchKernel<float, __half, float, (unsigned int)2>(ch_est::puschRxChEstStatDescr_t *, ch_est::puschRxChEstDynDescr_t *)"
2565774570,2656,106531,103,1,1,128,1,1,16,0.000,0.000,,,,,NVIDIA A100-SXM4-40GB MIG 4g.20gb (0),1,,13,cupy_copy__complex64_complex64
2565788042,12319,106541,1434,1,1,128,1,1,16,0.000,0.000,,,,,NVIDIA A100-SXM4-40GB MIG 4g.20gb (0),1,,13,cupy_copy__complex64_complex64
2565817353,2496,106548,103,1,1,128,1,1,16,0.000,0.000,,,,,NVIDIA A100-SXM4-40GB MIG 4g.20gb (0),1,,13,cupy_copy__complex64_complex64
2565835465,88863,106555,1,1,1,32,32,1,30,0.000,0.000,,,,,NVIDIA A100-SXM4-40GB MIG 4g.20gb (0),1,,13,"void convert_kernel<__half2, float2>(tensor_layout_any, T1 *, tensor_layout_any, const T2 *)"
2565956839,18720,106558,,,,,,,,,,0.094,5005.053,Pinned,Device,NVIDIA A100-SXM4-40GB MIG 4g.20gb (0),1,,13,[CUDA memcpy Host-to-Device]
2565987847,47328,106559,,,,,,,,,,35.810,756627.800,Device,,NVIDIA A100-SXM4-40GB MIG 4g.20gb (0),1,,13,[CUDA memset]
2566042438,9312,106561,,,,,,,,,,0.000,8.591,Pinned,Device,NVIDIA A100-SXM4-40GB MIG 4g.20gb (0),1,,13,[CUDA memcpy Host-to-Device]
2566062918,18752,106562,,,,,,,,,,0.197,10484.515,Pinned,Device,NVIDIA A100-SXM4-40GB MIG 4g.20gb (0),1,,13,[CUDA memcpy Host-to-Device]
2566098982,9824,106563,273,1,1,48,1,1,40,0.000,0.001,,,,,NVIDIA A100-SXM4-40GB MIG 4g.20gb (0),1,,13,"void pusch_noise_intf_est::noiseIntfEstNoDftSOfdmKernel<float, __half, float, float, (unsigned int)2, (unsigned int)1, (unsigned char)4, (unsigned char)4>(pusch_noise_intf_est::puschRxNoiseIntfEstDynDescr)"
2566114918,2911,106574,35,1,1,128,1,1,16,0.000,0.000,,,,,NVIDIA A100-SXM4-40GB MIG 4g.20gb (0),1,,13,cupy_copy__complex64_complex64
2566123493,2016,106583,1,1,1,1,1,1,18,0.000,0.000,,,,,NVIDIA A100-SXM4-40GB MIG 4g.20gb (0),1,,13,cupy_copy__float32_float32
2566132389,3616,106589,,,,,,,,,,0.000,1.106,Device,Pageable,NVIDIA A100-SXM4-40GB MIG 4g.20gb (0),1,,7,[CUDA memcpy Device-to-Host]
2566208964,12864,106600,1434,1,1,128,1,1,16,0.000,0.000,,,,,NVIDIA A100-SXM4-40GB MIG 4g.20gb (0),1,,13,cupy_copy__complex64_complex64
2566233860,3008,106607,103,1,1,128,1,1,16,0.000,0.000,,,,,NVIDIA A100-SXM4-40GB MIG 4g.20gb (0),1,,13,cupy_copy__complex64_complex64
2566258628,2496,106614,35,1,1,128,1,1,16,0.000,0.000,,,,,NVIDIA A100-SXM4-40GB MIG 4g.20gb (0),1,,13,cupy_copy__complex64_complex64
2566273572,1856,106621,1,1,1,1,1,1,18,0.000,0.000,,,,,NVIDIA A100-SXM4-40GB MIG 4g.20gb (0),1,,13,cupy_copy__float32_float32
2566405634,81983,106632,1,1,1,32,32,1,30,0.000,0.000,,,,,NVIDIA A100-SXM4-40GB MIG 4g.20gb (0),1,,13,"void convert_kernel<__half2, float2>(tensor_layout_any, T1 *, tensor_layout_any, const T2 *)"
2566518593,9375,106635,,,,,,,,,,0.094,9994.178,Pinned,Device,NVIDIA A100-SXM4-40GB MIG 4g.20gb (0),1,,13,[CUDA memcpy Host-to-Device]
2566533952,3520,106636,,,,,,,,,,1.547,439380.412,Device,,NVIDIA A100-SXM4-40GB MIG 4g.20gb (0),1,,13,[CUDA memset]
2566537792,4896,106641,,,,,,,,,,0.031,6392.145,Pinned,Device,NVIDIA A100-SXM4-40GB MIG 4g.20gb (0),1,,13,[CUDA memcpy Host-to-Device]
2566545216,10720,106642,,,,,,,,,,0.197,18340.184,Pinned,Device,NVIDIA A100-SXM4-40GB MIG 4g.20gb (0),1,,13,[CUDA memcpy Host-to-Device]
2566561792,6400,106643,273,1,1,8,4,1,39,0.002,0.000,,,,,NVIDIA A100-SXM4-40GB MIG 4g.20gb (0),1,,13,"void channel_eq::eqMmseCoefCompLowMimoKernel<float, float, float, (unsigned int)4, (unsigned int)1, (unsigned int)4>(const channel_eq::_puschRxChEqStatDescr *, channel_eq::_puschRxChEqCoefCompDynDescr)"
2566570752,5984,106644,273,1,1,12,11,1,51,0.002,0.000,,,,,NVIDIA A100-SXM4-40GB MIG 4g.20gb (0),1,,13,"void channel_eq::eqMmseSoftDemapKernel<float, __half, __half, float, (unsigned int)4, (unsigned short)16383>(channel_eq::_puschRxChEqStatDescr *, channel_eq::_puschRxChEqSoftDemapDynDescr)"
2566579456,282268,106645,1,1,1,32,32,1,30,0.000,0.000,,,,,NVIDIA A100-SXM4-40GB MIG 4g.20gb (0),1,,13,"void convert_kernel<float2, __half2>(tensor_layout_any, T1 *, tensor_layout_any, const T2 *)"
2566864508,10944,106657,2253,1,1,128,1,1,16,0.000,0.000,,,,,NVIDIA A100-SXM4-40GB MIG 4g.20gb (0),1,,13,cupy_copy__float16_float16
2566877660,2912,106666,282,1,1,128,1,1,16,0.000,0.000,,,,,NVIDIA A100-SXM4-40GB MIG 4g.20gb (0),1,,13,cupy_copy__complex64_complex64
2566883324,2048,106675,26,1,1,128,1,1,16,0.000,0.000,,,,,NVIDIA A100-SXM4-40GB MIG 4g.20gb (0),1,,13,cupy_copy__float32_float32
2566887452,6752,106684,103,1,1,128,1,1,16,0.000,0.000,,,,,NVIDIA A100-SXM4-40GB MIG 4g.20gb (0),1,,13,cupy_copy__complex64_complex64
2566897532,11904,106694,1434,1,1,128,1,1,16,0.000,0.000,,,,,NVIDIA A100-SXM4-40GB MIG 4g.20gb (0),1,,13,cupy_copy__complex64_complex64
2566914972,81471,106699,1,1,1,32,32,1,30,0.000,0.000,,,,,NVIDIA A100-SXM4-40GB MIG 4g.20gb (0),1,,13,"void convert_kernel<__half2, float2>(tensor_layout_any, T1 *, tensor_layout_any, const T2 *)"
2567023354,5600,106702,,,,,,,,,,0.094,16731.388,Pinned,Device,NVIDIA A100-SXM4-40GB MIG 4g.20gb (0),1,,13,[CUDA memcpy Host-to-Device]
2567033210,596377,106703,,,,,,,,,,456.561,765196.973,Device,,NVIDIA A100-SXM4-40GB MIG 4g.20gb (0),1,,13,[CUDA memset]
2567637651,143326,106708,,,,,,,,,,1.235,8616.204,Pinned,Device,NVIDIA A100-SXM4-40GB MIG 4g.20gb (0),1,,13,[CUDA memcpy Host-to-Device]
2567793777,36863,106709,,,,,,,,,,0.197,5333.385,Pinned,Device,NVIDIA A100-SXM4-40GB MIG 4g.20gb (0),1,,13,[CUDA memcpy Host-to-Device]
2567857040,8064,106710,69,4,1,48,1,1,76,0.002,0.000,,,,,NVIDIA A100-SXM4-40GB MIG 4g.20gb (0),1,,13,"void ch_est::windowedChEstPreNoDftSOfdmKernel<float, __half, float, (unsigned int)2, (unsigned int)1, (unsigned short)4>(ch_est::puschRxChEstStatDescr_t *, ch_est::puschRxChEstDynDescr_t *)"
2567876592,6528,106711,137,2,1,24,2,1,44,0.001,0.001,,,,,NVIDIA A100-SXM4-40GB MIG 4g.20gb (0),1,,13,"void ch_est::chEstFilterNoDftSOfdmDispatchKernel<float, __half, float, (unsigned int)2>(ch_est::puschRxChEstStatDescr_t *, ch_est::puschRxChEstDynDescr_t *)"
2567893520,4703,106712,137,2,1,24,2,1,44,0.001,0.001,,,,,NVIDIA A100-SXM4-40GB MIG 4g.20gb (0),1,,13,"void ch_est::chEstFilterNoDftSOfdmDispatchKernel<float, __half, float, (unsigned int)2>(ch_est::puschRxChEstStatDescr_t *, ch_est::puschRxChEstDynDescr_t *)"
2567912943,2592,106723,103,1,1,128,1,1,16,0.000,0.000,,,,,NVIDIA A100-SXM4-40GB MIG 4g.20gb (0),1,,13,cupy_copy__complex64_complex64
2567929455,12480,106733,1434,1,1,128,1,1,16,0.000,0.000,,,,,NVIDIA A100-SXM4-40GB MIG 4g.20gb (0),1,,13,cupy_copy__complex64_complex64
2567948335,2912,106740,103,1,1,128,1,1,16,0.000,0.000,,,,,NVIDIA A100-SXM4-40GB MIG 4g.20gb (0),1,,13,cupy_copy__complex64_complex64
2567972431,90366,106747,1,1,1,32,32,1,30,0.000,0.000,,,,,NVIDIA A100-SXM4-40GB MIG 4g.20gb (0),1,,13,"void convert_kernel<__half2, float2>(tensor_layout_any, T1 *, tensor_layout_any, const T2 *)"
2568094765,22848,106750,,,,,,,,,,0.094,4100.793,Pinned,Device,NVIDIA A100-SXM4-40GB MIG 4g.20gb (0),1,,13,[CUDA memcpy Host-to-Device]
2568139724,47168,106751,,,,,,,,,,35.810,759170.304,Device,,NVIDIA A100-SXM4-40GB MIG 4g.20gb (0),1,,13,[CUDA memset]
2568195020,9344,106753,,,,,,,,,,0.000,8.562,Pinned,Device,NVIDIA A100-SXM4-40GB MIG 4g.20gb (0),1,,13,[CUDA memcpy Host-to-Device]
2568211852,21375,106754,,,,,,,,,,0.197,9197.912,Pinned,Device,NVIDIA A100-SXM4-40GB MIG 4g.20gb (0),1,,13,[CUDA memcpy Host-to-Device]
2568251371,9440,106755,273,1,1,48,1,1,40,0.000,0.001,,,,,NVIDIA A100-SXM4-40GB MIG 4g.20gb (0),1,,13,"void pusch_noise_intf_est::noiseIntfEstNoDftSOfdmKernel<float, __half, float, float, (unsigned int)2, (unsigned int)1, (unsigned char)4, (unsigned char)4>(pusch_noise_intf_est::puschRxNoiseIntfEstDynDescr)"
2568266795,2784,106766,35,1,1,128,1,1,16,0.000,0.000,,,,,NVIDIA A100-SXM4-40GB MIG 4g.20gb (0),1,,13,cupy_copy__complex64_complex64
2568275275,1792,106775,1,1,1,1,1,1,18,0.000,0.000,,,,,NVIDIA A100-SXM4-40GB MIG 4g.20gb (0),1,,13,cupy_copy__float32_float32
2568283083,7552,106781,,,,,,,,,,0.000,0.530,Device,Pageable,NVIDIA A100-SXM4-40GB MIG 4g.20gb (0),1,,7,[CUDA memcpy Device-to-Host]
2568363498,13216,106792,1434,1,1,128,1,1,16,0.000,0.000,,,,,NVIDIA A100-SXM4-40GB MIG 4g.20gb (0),1,,13,cupy_copy__complex64_complex64
2568395849,2944,106799,103,1,1,128,1,1,16,0.000,0.000,,,,,NVIDIA A100-SXM4-40GB MIG 4g.20gb (0),1,,13,cupy_copy__complex64_complex64
2568410825,2688,106806,35,1,1,128,1,1,16,0.000,0.000,,,,,NVIDIA A100-SXM4-40GB MIG 4g.20gb (0),1,,13,cupy_copy__complex64_complex64
2568425385,1760,106813,1,1,1,1,1,1,18,0.000,0.000,,,,,NVIDIA A100-SXM4-40GB MIG 4g.20gb (0),1,,13,cupy_copy__float32_float32
2568554599,82463,106824,1,1,1,32,32,1,30,0.000,0.000,,,,,NVIDIA A100-SXM4-40GB MIG 4g.20gb (0),1,,13,"void convert_kernel<__half2, float2>(tensor_layout_any, T1 *, tensor_layout_any, const T2 *)"
2568664550,5792,106827,,,,,,,,,,0.094,16176.708,Pinned,Device,NVIDIA A100-SXM4-40GB MIG 4g.20gb (0),1,,13,[CUDA memcpy Host-to-Device]
2568678374,3232,106828,,,,,,,,,,1.547,478533.199,Device,,NVIDIA A100-SXM4-40GB MIG 4g.20gb (0),1,,13,[CUDA memset]
2568685254,3040,106833,,,,,,,,,,0.031,10294.725,Pinned,Device,NVIDIA A100-SXM4-40GB MIG 4g.20gb (0),1,,13,[CUDA memcpy Host-to-Device]
2568691142,9664,106834,,,,,,,,,,0.197,20344.209,Pinned,Device,NVIDIA A100-SXM4-40GB MIG 4g.20gb (0),1,,13,[CUDA memcpy Host-to-Device]
2568706245,6176,106835,273,1,1,8,4,1,39,0.002,0.000,,,,,NVIDIA A100-SXM4-40GB MIG 4g.20gb (0),1,,13,"void channel_eq::eqMmseCoefCompLowMimoKernel<float, float, float, (unsigned int)4, (unsigned int)1, (unsigned int)4>(const channel_eq::_puschRxChEqStatDescr *, channel_eq::_puschRxChEqCoefCompDynDescr)"
2568713541,8128,106836,273,1,1,12,11,1,51,0.002,0.000,,,,,NVIDIA A100-SXM4-40GB MIG 4g.20gb (0),1,,13,"void channel_eq::eqMmseSoftDemapKernel<float, __half, __half, float, (unsigned int)4, (unsigned short)16383>(channel_eq::_puschRxChEqStatDescr *, channel_eq::_puschRxChEqSoftDemapDynDescr)"
2568723557,289949,106837,1,1,1,32,32,1,30,0.000,0.000,,,,,NVIDIA A100-SXM4-40GB MIG 4g.20gb (0),1,,13,"void convert_kernel<float2, __half2>(tensor_layout_any, T1 *, tensor_layout_any, const T2 *)"
2569014562,10976,106849,2253,1,1,128,1,1,16,0.000,0.000,,,,,NVIDIA A100-SXM4-40GB MIG 4g.20gb (0),1,,13,cupy_copy__float16_float16
2569029185,3296,106858,282,1,1,128,1,1,16,0.000,0.000,,,,,NVIDIA A100-SXM4-40GB MIG 4g.20gb (0),1,,13,cupy_copy__complex64_complex64
2569035361,2272,106867,26,1,1,128,1,1,16,0.000,0.000,,,,,NVIDIA A100-SXM4-40GB MIG 4g.20gb (0),1,,13,cupy_copy__float32_float32
2569040097,2912,106876,103,1,1,128,1,1,16,0.000,0.000,,,,,NVIDIA A100-SXM4-40GB MIG 4g.20gb (0),1,,13,cupy_copy__complex64_complex64
2569044001,12128,106886,1434,1,1,128,1,1,16,0.000,0.000,,,,,NVIDIA A100-SXM4-40GB MIG 4g.20gb (0),1,,13,cupy_copy__complex64_complex64
2569059905,85791,106891,1,1,1,32,32,1,30,0.000,0.000,,,,,NVIDIA A100-SXM4-40GB MIG 4g.20gb (0),1,,13,"void convert_kernel<__half2, float2>(tensor_layout_any, T1 *, tensor_layout_any, const T2 *)"
2569173280,5472,106894,,,,,,,,,,0.094,17122.757,Pinned,Device,NVIDIA A100-SXM4-40GB MIG 4g.20gb (0),1,,13,[CUDA memcpy Host-to-Device]
2569183168,599512,106895,,,,,,,,,,456.561,761544.482,Device,,NVIDIA A100-SXM4-40GB MIG 4g.20gb (0),1,,13,[CUDA memset]
2569787320,68319,106900,,,,,,,,,,1.235,18075.875,Pinned,Device,NVIDIA A100-SXM4-40GB MIG 4g.20gb (0),1,,13,[CUDA memcpy Host-to-Device]
2569862199,17664,106901,,,,,,,,,,0.197,11130.372,Pinned,Device,NVIDIA A100-SXM4-40GB MIG 4g.20gb (0),1,,13,[CUDA memcpy Host-to-Device]
2569894359,8704,106902,69,4,1,48,1,1,76,0.002,0.000,,,,,NVIDIA A100-SXM4-40GB MIG 4g.20gb (0),1,,13,"void ch_est::windowedChEstPreNoDftSOfdmKernel<float, __half, float, (unsigned int)2, (unsigned int)1, (unsigned short)4>(ch_est::puschRxChEstStatDescr_t *, ch_est::puschRxChEstDynDescr_t *)"
2569910071,7264,106903,137,2,1,24,2,1,44,0.001,0.001,,,,,NVIDIA A100-SXM4-40GB MIG 4g.20gb (0),1,,13,"void ch_est::chEstFilterNoDftSOfdmDispatchKernel<float, __half, float, (unsigned int)2>(ch_est::puschRxChEstStatDescr_t *, ch_est::puschRxChEstDynDescr_t *)"
2569924886,6304,106904,137,2,1,24,2,1,44,0.001,0.001,,,,,NVIDIA A100-SXM4-40GB MIG 4g.20gb (0),1,,13,"void ch_est::chEstFilterNoDftSOfdmDispatchKernel<float, __half, float, (unsigned int)2>(ch_est::puschRxChEstStatDescr_t *, ch_est::puschRxChEstDynDescr_t *)"
2569932438,3168,106915,103,1,1,128,1,1,16,0.000,0.000,,,,,NVIDIA A100-SXM4-40GB MIG 4g.20gb (0),1,,13,cupy_copy__complex64_complex64
2569940982,12608,106925,1434,1,1,128,1,1,16,0.000,0.000,,,,,NVIDIA A100-SXM4-40GB MIG 4g.20gb (0),1,,13,cupy_copy__complex64_complex64
2569956854,2848,106932,103,1,1,128,1,1,16,0.000,0.000,,,,,NVIDIA A100-SXM4-40GB MIG 4g.20gb (0),1,,13,cupy_copy__complex64_complex64
2569964950,87487,106939,1,1,1,32,32,1,30,0.000,0.000,,,,,NVIDIA A100-SXM4-40GB MIG 4g.20gb (0),1,,13,"void convert_kernel<__half2, float2>(tensor_layout_any, T1 *, tensor_layout_any, const T2 *)"
2570080468,12992,106942,,,,,,,,,,0.094,7211.781,Pinned,Device,NVIDIA A100-SXM4-40GB MIG 4g.20gb (0),1,,13,[CUDA memcpy Host-to-Device]
2570098036,47008,106943,,,,,,,,,,35.810,761748.618,Device,,NVIDIA A100-SXM4-40GB MIG 4g.20gb (0),1,,13,[CUDA memset]
2570149748,7296,106945,,,,,,,,,,0.000,10.965,Pinned,Device,NVIDIA A100-SXM4-40GB MIG 4g.20gb (0),1,,13,[CUDA memcpy Host-to-Device]
2570162259,26240,106946,,,,,,,,,,0.197,7492.534,Pinned,Device,NVIDIA A100-SXM4-40GB MIG 4g.20gb (0),1,,13,[CUDA memcpy Host-to-Device]
2570200627,9600,106947,273,1,1,48,1,1,40,0.000,0.001,,,,,NVIDIA A100-SXM4-40GB MIG 4g.20gb (0),1,,13,"void pusch_noise_intf_est::noiseIntfEstNoDftSOfdmKernel<float, __half, float, float, (unsigned int)2, (unsigned int)1, (unsigned char)4, (unsigned char)4>(pusch_noise_intf_est::puschRxNoiseIntfEstDynDescr)"
2570220147,2592,106958,35,1,1,128,1,1,16,0.000,0.000,,,,,NVIDIA A100-SXM4-40GB MIG 4g.20gb (0),1,,13,cupy_copy__complex64_complex64
2570230963,1728,106967,1,1,1,1,1,1,18,0.000,0.000,,,,,NVIDIA A100-SXM4-40GB MIG 4g.20gb (0),1,,13,cupy_copy__float32_float32
2570237459,6239,106973,,,,,,,,,,0.000,0.641,Device,Pageable,NVIDIA A100-SXM4-40GB MIG 4g.20gb (0),1,,7,[CUDA memcpy Device-to-Host]
2570312626,13055,106984,1434,1,1,128,1,1,16,0.000,0.000,,,,,NVIDIA A100-SXM4-40GB MIG 4g.20gb (0),1,,13,cupy_copy__complex64_complex64
2570338577,2944,106991,103,1,1,128,1,1,16,0.000,0.000,,,,,NVIDIA A100-SXM4-40GB MIG 4g.20gb (0),1,,13,cupy_copy__complex64_complex64
2570360465,2496,106998,35,1,1,128,1,1,16,0.000,0.000,,,,,NVIDIA A100-SXM4-40GB MIG 4g.20gb (0),1,,13,cupy_copy__complex64_complex64
2570390001,2048,107005,1,1,1,1,1,1,18,0.000,0.000,,,,,NVIDIA A100-SXM4-40GB MIG 4g.20gb (0),1,,13,cupy_copy__float32_float32
2570513327,82591,107016,1,1,1,32,32,1,30,0.000,0.000,,,,,NVIDIA A100-SXM4-40GB MIG 4g.20gb (0),1,,13,"void convert_kernel<__half2, float2>(tensor_layout_any, T1 *, tensor_layout_any, const T2 *)"
2570623470,5984,107019,,,,,,,,,,0.094,15657.726,Pinned,Device,NVIDIA A100-SXM4-40GB MIG 4g.20gb (0),1,,13,[CUDA memcpy Host-to-Device]
2570637614,3232,107020,,,,,,,,,,1.547,478533.199,Device,,NVIDIA A100-SXM4-40GB MIG 4g.20gb (0),1,,13,[CUDA memset]
2570644590,3199,107025,,,,,,,,,,0.031,9783.036,Pinned,Device,NVIDIA A100-SXM4-40GB MIG 4g.20gb (0),1,,13,[CUDA memcpy Host-to-Device]
2570650765,9760,107026,,,,,,,,,,0.197,20144.259,Pinned,Device,NVIDIA A100-SXM4-40GB MIG 4g.20gb (0),1,,13,[CUDA memcpy Host-to-Device]
2570665453,6144,107027,273,1,1,8,4,1,39,0.002,0.000,,,,,NVIDIA A100-SXM4-40GB MIG 4g.20gb (0),1,,13,"void channel_eq::eqMmseCoefCompLowMimoKernel<float, float, float, (unsigned int)4, (unsigned int)1, (unsigned int)4>(const channel_eq::_puschRxChEqStatDescr *, channel_eq::_puschRxChEqCoefCompDynDescr)"
2570672621,6144,107028,273,1,1,12,11,1,51,0.002,0.000,,,,,NVIDIA A100-SXM4-40GB MIG 4g.20gb (0),1,,13,"void channel_eq::eqMmseSoftDemapKernel<float, __half, __half, float, (unsigned int)4, (unsigned short)16383>(channel_eq::_puschRxChEqStatDescr *, channel_eq::_puschRxChEqSoftDemapDynDescr)"
2570681869,283837,107029,1,1,1,32,32,1,30,0.000,0.000,,,,,NVIDIA A100-SXM4-40GB MIG 4g.20gb (0),1,,13,"void convert_kernel<float2, __half2>(tensor_layout_any, T1 *, tensor_layout_any, const T2 *)"
2570966666,11007,107041,2253,1,1,128,1,1,16,0.000,0.000,,,,,NVIDIA A100-SXM4-40GB MIG 4g.20gb (0),1,,13,cupy_copy__float16_float16
2570981097,3616,107050,282,1,1,128,1,1,16,0.000,0.000,,,,,NVIDIA A100-SXM4-40GB MIG 4g.20gb (0),1,,13,cupy_copy__complex64_complex64
2570986569,2176,107059,26,1,1,128,1,1,16,0.000,0.000,,,,,NVIDIA A100-SXM4-40GB MIG 4g.20gb (0),1,,13,cupy_copy__float32_float32
2570991305,3072,107068,103,1,1,128,1,1,16,0.000,0.000,,,,,NVIDIA A100-SXM4-40GB MIG 4g.20gb (0),1,,13,cupy_copy__complex64_complex64
2570995465,11776,107078,1434,1,1,128,1,1,16,0.000,0.000,,,,,NVIDIA A100-SXM4-40GB MIG 4g.20gb (0),1,,13,cupy_copy__complex64_complex64
2571021385,82239,107083,1,1,1,32,32,1,30,0.000,0.000,,,,,NVIDIA A100-SXM4-40GB MIG 4g.20gb (0),1,,13,"void convert_kernel<__half2, float2>(tensor_layout_any, T1 *, tensor_layout_any, const T2 *)"
2571130408,5567,107086,,,,,,,,,,0.094,16830.519,Pinned,Device,NVIDIA A100-SXM4-40GB MIG 4g.20gb (0),1,,13,[CUDA memcpy Host-to-Device]
2571140551,598041,107087,,,,,,,,,,456.561,763370.728,Device,,NVIDIA A100-SXM4-40GB MIG 4g.20gb (0),1,,13,[CUDA memset]
2571743168,153278,107092,,,,,,,,,,1.235,8056.775,Pinned,Device,NVIDIA A100-SXM4-40GB MIG 4g.20gb (0),1,,13,[CUDA memcpy Host-to-Device]
2571905982,32800,107093,,,,,,,,,,0.197,5993.988,Pinned,Device,NVIDIA A100-SXM4-40GB MIG 4g.20gb (0),1,,13,[CUDA memcpy Host-to-Device]
2571951197,8032,107094,69,4,1,48,1,1,76,0.002,0.000,,,,,NVIDIA A100-SXM4-40GB MIG 4g.20gb (0),1,,13,"void ch_est::windowedChEstPreNoDftSOfdmKernel<float, __half, float, (unsigned int)2, (unsigned int)1, (unsigned short)4>(ch_est::puschRxChEstStatDescr_t *, ch_est::puschRxChEstDynDescr_t *)"
2571973117,7104,107095,137,2,1,24,2,1,44,0.001,0.001,,,,,NVIDIA A100-SXM4-40GB MIG 4g.20gb (0),1,,13,"void ch_est::chEstFilterNoDftSOfdmDispatchKernel<float, __half, float, (unsigned int)2>(ch_est::puschRxChEstStatDescr_t *, ch_est::puschRxChEstDynDescr_t *)"
2571990397,4992,107096,137,2,1,24,2,1,44,0.001,0.001,,,,,NVIDIA A100-SXM4-40GB MIG 4g.20gb (0),1,,13,"void ch_est::chEstFilterNoDftSOfdmDispatchKernel<float, __half, float, (unsigned int)2>(ch_est::puschRxChEstStatDescr_t *, ch_est::puschRxChEstDynDescr_t *)"
2572005725,2592,107107,103,1,1,128,1,1,16,0.000,0.000,,,,,NVIDIA A100-SXM4-40GB MIG 4g.20gb (0),1,,13,cupy_copy__complex64_complex64
2572013789,12543,107117,1434,1,1,128,1,1,16,0.000,0.000,,,,,NVIDIA A100-SXM4-40GB MIG 4g.20gb (0),1,,13,cupy_copy__complex64_complex64
2572027612,2688,107124,103,1,1,128,1,1,16,0.000,0.000,,,,,NVIDIA A100-SXM4-40GB MIG 4g.20gb (0),1,,13,cupy_copy__complex64_complex64
2572037084,82559,107131,1,1,1,32,32,1,30,0.000,0.000,,,,,NVIDIA A100-SXM4-40GB MIG 4g.20gb (0),1,,13,"void convert_kernel<__half2, float2>(tensor_layout_any, T1 *, tensor_layout_any, const T2 *)"
2572147675,5728,107134,,,,,,,,,,0.094,16357.541,Pinned,Device,NVIDIA A100-SXM4-40GB MIG 4g.20gb (0),1,,13,[CUDA memcpy Host-to-Device]
2572160347,47103,107135,,,,,,,,,,35.810,760244.602,Device,,NVIDIA A100-SXM4-40GB MIG 4g.20gb (0),1,,13,[CUDA memset]
2572212826,3872,107137,,,,,,,,,,0.000,20.661,Pinned,Device,NVIDIA A100-SXM4-40GB MIG 4g.20gb (0),1,,13,[CUDA memcpy Host-to-Device]
2572220922,14144,107138,,,,,,,,,,0.197,13900.382,Pinned,Device,NVIDIA A100-SXM4-40GB MIG 4g.20gb (0),1,,13,[CUDA memcpy Host-to-Device]
2572243610,11008,107139,273,1,1,48,1,1,40,0.000,0.001,,,,,NVIDIA A100-SXM4-40GB MIG 4g.20gb (0),1,,13,"void pusch_noise_intf_est::noiseIntfEstNoDftSOfdmKernel<float, __half, float, float, (unsigned int)2, (unsigned int)1, (unsigned char)4, (unsigned char)4>(pusch_noise_intf_est::puschRxNoiseIntfEstDynDescr)"
2572258298,3072,107150,35,1,1,128,1,1,16,0.000,0.000,,,,,NVIDIA A100-SXM4-40GB MIG 4g.20gb (0),1,,13,cupy_copy__complex64_complex64
2572265401,1984,107159,1,1,1,1,1,1,18,0.000,0.000,,,,,NVIDIA A100-SXM4-40GB MIG 4g.20gb (0),1,,13,cupy_copy__float32_float32
2572297497,1696,107165,,,,,,,,,,0.000,2.358,Device,Pageable,NVIDIA A100-SXM4-40GB MIG 4g.20gb (0),1,,7,[CUDA memcpy Device-to-Host]
2572358776,12864,107176,1434,1,1,128,1,1,16,0.000,0.000,,,,,NVIDIA A100-SXM4-40GB MIG 4g.20gb (0),1,,13,cupy_copy__complex64_complex64
2572383768,2944,107183,103,1,1,128,1,1,16,0.000,0.000,,,,,NVIDIA A100-SXM4-40GB MIG 4g.20gb (0),1,,13,cupy_copy__complex64_complex64
2572407608,2304,107190,35,1,1,128,1,1,16,0.000,0.000,,,,,NVIDIA A100-SXM4-40GB MIG 4g.20gb (0),1,,13,cupy_copy__complex64_complex64
2572427063,1824,107197,1,1,1,1,1,1,18,0.000,0.000,,,,,NVIDIA A100-SXM4-40GB MIG 4g.20gb (0),1,,13,cupy_copy__float32_float32
2572556662,82111,107208,1,1,1,32,32,1,30,0.000,0.000,,,,,NVIDIA A100-SXM4-40GB MIG 4g.20gb (0),1,,13,"void convert_kernel<__half2, float2>(tensor_layout_any, T1 *, tensor_layout_any, const T2 *)"
2572666453,6207,107211,,,,,,,,,,0.094,15095.175,Pinned,Device,NVIDIA A100-SXM4-40GB MIG 4g.20gb (0),1,,13,[CUDA memcpy Host-to-Device]
2572680980,3072,107212,,,,,,,,,,1.547,503457.044,Device,,NVIDIA A100-SXM4-40GB MIG 4g.20gb (0),1,,13,[CUDA memset]
2572687540,3008,107217,,,,,,,,,,0.031,10404.230,Pinned,Device,NVIDIA A100-SXM4-40GB MIG 4g.20gb (0),1,,13,[CUDA memcpy Host-to-Device]
2572693364,9408,107218,,,,,,,,,,0.197,20897.858,Pinned,Device,NVIDIA A100-SXM4-40GB MIG 4g.20gb (0),1,,13,[CUDA memcpy Host-to-Device]
2572708916,6176,107219,273,1,1,8,4,1,39,0.002,0.000,,,,,NVIDIA A100-SXM4-40GB MIG 4g.20gb (0),1,,13,"void channel_eq::eqMmseCoefCompLowMimoKernel<float, float, float, (unsigned int)4, (unsigned int)1, (unsigned int)4>(const channel_eq::_puschRxChEqStatDescr *, channel_eq::_puschRxChEqCoefCompDynDescr)"
2572718100,6176,107220,273,1,1,12,11,1,51,0.002,0.000,,,,,NVIDIA A100-SXM4-40GB MIG 4g.20gb (0),1,,13,"void channel_eq::eqMmseSoftDemapKernel<float, __half, __half, float, (unsigned int)4, (unsigned short)16383>(channel_eq::_puschRxChEqStatDescr *, channel_eq::_puschRxChEqSoftDemapDynDescr)"
2572725236,281788,107221,1,1,1,32,32,1,30,0.000,0.000,,,,,NVIDIA A100-SXM4-40GB MIG 4g.20gb (0),1,,13,"void convert_kernel<float2, __half2>(tensor_layout_any, T1 *, tensor_layout_any, const T2 *)"
2573009872,11392,107233,2253,1,1,128,1,1,16,0.000,0.000,,,,,NVIDIA A100-SXM4-40GB MIG 4g.20gb (0),1,,13,cupy_copy__float16_float16
2573024688,3392,107242,282,1,1,128,1,1,16,0.000,0.000,,,,,NVIDIA A100-SXM4-40GB MIG 4g.20gb (0),1,,13,cupy_copy__complex64_complex64
2573029776,2656,107251,26,1,1,128,1,1,16,0.000,0.000,,,,,NVIDIA A100-SXM4-40GB MIG 4g.20gb (0),1,,13,cupy_copy__float32_float32
2573036016,3232,107260,103,1,1,128,1,1,16,0.000,0.000,,,,,NVIDIA A100-SXM4-40GB MIG 4g.20gb (0),1,,13,cupy_copy__complex64_complex64
2573041232,12000,107270,1434,1,1,128,1,1,16,0.000,0.000,,,,,NVIDIA A100-SXM4-40GB MIG 4g.20gb (0),1,,13,cupy_copy__complex64_complex64
2573058160,82527,107275,1,1,1,32,32,1,30,0.000,0.000,,,,,NVIDIA A100-SXM4-40GB MIG 4g.20gb (0),1,,13,"void convert_kernel<__half2, float2>(tensor_layout_any, T1 *, tensor_layout_any, const T2 *)"
2573169518,5376,107278,,,,,,,,,,0.094,17428.487,Pinned,Device,NVIDIA A100-SXM4-40GB MIG 4g.20gb (0),1,,13,[CUDA memcpy Host-to-Device]
2573178990,600153,107279,,,,,,,,,,456.561,760631.359,Device,,NVIDIA A100-SXM4-40GB MIG 4g.20gb (0),1,,13,[CUDA memset]
2573784967,131102,107284,,,,,,,,,,1.235,9418.918,Pinned,Device,NVIDIA A100-SXM4-40GB MIG 4g.20gb (0),1,,13,[CUDA memcpy Host-to-Device]
2573928837,38719,107285,,,,,,,,,,0.197,5077.795,Pinned,Device,NVIDIA A100-SXM4-40GB MIG 4g.20gb (0),1,,13,[CUDA memcpy Host-to-Device]
2573990308,8160,107286,69,4,1,48,1,1,76,0.002,0.000,,,,,NVIDIA A100-SXM4-40GB MIG 4g.20gb (0),1,,13,"void ch_est::windowedChEstPreNoDftSOfdmKernel<float, __half, float, (unsigned int)2, (unsigned int)1, (unsigned short)4>(ch_est::puschRxChEstStatDescr_t *, ch_est::puschRxChEstDynDescr_t *)"
2574008260,6752,107287,137,2,1,24,2,1,44,0.001,0.001,,,,,NVIDIA A100-SXM4-40GB MIG 4g.20gb (0),1,,13,"void ch_est::chEstFilterNoDftSOfdmDispatchKernel<float, __half, float, (unsigned int)2>(ch_est::puschRxChEstStatDescr_t *, ch_est::puschRxChEstDynDescr_t *)"
2574027492,4704,107288,137,2,1,24,2,1,44,0.001,0.001,,,,,NVIDIA A100-SXM4-40GB MIG 4g.20gb (0),1,,13,"void ch_est::chEstFilterNoDftSOfdmDispatchKernel<float, __half, float, (unsigned int)2>(ch_est::puschRxChEstStatDescr_t *, ch_est::puschRxChEstDynDescr_t *)"
2574044515,2656,107299,103,1,1,128,1,1,16,0.000,0.000,,,,,NVIDIA A100-SXM4-40GB MIG 4g.20gb (0),1,,13,cupy_copy__complex64_complex64
2574061827,12384,107309,1434,1,1,128,1,1,16,0.000,0.000,,,,,NVIDIA A100-SXM4-40GB MIG 4g.20gb (0),1,,13,cupy_copy__complex64_complex64
2574080483,2912,107316,103,1,1,128,1,1,16,0.000,0.000,,,,,NVIDIA A100-SXM4-40GB MIG 4g.20gb (0),1,,13,cupy_copy__complex64_complex64
2574099971,84991,107323,1,1,1,32,32,1,30,0.000,0.000,,,,,NVIDIA A100-SXM4-40GB MIG 4g.20gb (0),1,,13,"void convert_kernel<__half2, float2>(tensor_layout_any, T1 *, tensor_layout_any, const T2 *)"
2574219745,18816,107326,,,,,,,,,,0.094,4979.568,Pinned,Device,NVIDIA A100-SXM4-40GB MIG 4g.20gb (0),1,,13,[CUDA memcpy Host-to-Device]
2574260321,47263,107327,,,,,,,,,,35.810,757666.287,Device,,NVIDIA A100-SXM4-40GB MIG 4g.20gb (0),1,,13,[CUDA memset]
2574312320,7456,107329,,,,,,,,,,0.000,10.730,Pinned,Device,NVIDIA A100-SXM4-40GB MIG 4g.20gb (0),1,,13,[CUDA memcpy Host-to-Device]
2574325888,13920,107330,,,,,,,,,,0.197,14124.122,Pinned,Device,NVIDIA A100-SXM4-40GB MIG 4g.20gb (0),1,,13,[CUDA memcpy Host-to-Device]
2574350592,13152,107331,273,1,1,48,1,1,40,0.000,0.001,,,,,NVIDIA A100-SXM4-40GB MIG 4g.20gb (0),1,,13,"void pusch_noise_intf_est::noiseIntfEstNoDftSOfdmKernel<float, __half, float, float, (unsigned int)2, (unsigned int)1, (unsigned char)4, (unsigned char)4>(pusch_noise_intf_est::puschRxNoiseIntfEstDynDescr)"
2574366656,2591,107342,35,1,1,128,1,1,16,0.000,0.000,,,,,NVIDIA A100-SXM4-40GB MIG 4g.20gb (0),1,,13,cupy_copy__complex64_complex64
2574371103,1792,107351,1,1,1,1,1,1,18,0.000,0.000,,,,,NVIDIA A100-SXM4-40GB MIG 4g.20gb (0),1,,13,cupy_copy__float32_float32
2574373439,1568,107357,,,,,,,,,,0.000,2.551,Device,Pageable,NVIDIA A100-SXM4-40GB MIG 4g.20gb (0),1,,7,[CUDA memcpy Device-to-Host]
2574433727,12800,107368,1434,1,1,128,1,1,16,0.000,0.000,,,,,NVIDIA A100-SXM4-40GB MIG 4g.20gb (0),1,,13,cupy_copy__complex64_complex64
2574465438,3520,107375,103,1,1,128,1,1,16,0.000,0.000,,,,,NVIDIA A100-SXM4-40GB MIG 4g.20gb (0),1,,13,cupy_copy__complex64_complex64
2574485758,2176,107382,35,1,1,128,1,1,16,0.000,0.000,,,,,NVIDIA A100-SXM4-40GB MIG 4g.20gb (0),1,,13,cupy_copy__complex64_complex64
2574505374,1760,107389,1,1,1,1,1,1,18,0.000,0.000,,,,,NVIDIA A100-SXM4-40GB MIG 4g.20gb (0),1,,13,cupy_copy__float32_float32
2574636028,82623,107400,1,1,1,32,32,1,30,0.000,0.000,,,,,NVIDIA A100-SXM4-40GB MIG 4g.20gb (0),1,,13,"void convert_kernel<__half2, float2>(tensor_layout_any, T1 *, tensor_layout_any, const T2 *)"
2574745883,5408,107403,,,,,,,,,,0.094,17325.421,Pinned,Device,NVIDIA A100-SXM4-40GB MIG 4g.20gb (0),1,,13,[CUDA memcpy Host-to-Device]
2574762395,3264,107404,,,,,,,,,,1.547,473842.288,Device,,NVIDIA A100-SXM4-40GB MIG 4g.20gb (0),1,,13,[CUDA memset]
2574767675,3200,107409,,,,,,,,,,0.031,9780.000,Pinned,Device,NVIDIA A100-SXM4-40GB MIG 4g.20gb (0),1,,13,[CUDA memcpy Host-to-Device]
2574773434,9536,107410,,,,,,,,,,0.197,20617.298,Pinned,Device,NVIDIA A100-SXM4-40GB MIG 4g.20gb (0),1,,13,[CUDA memcpy Host-to-Device]
2574787930,6496,107411,273,1,1,8,4,1,39,0.002,0.000,,,,,NVIDIA A100-SXM4-40GB MIG 4g.20gb (0),1,,13,"void channel_eq::eqMmseCoefCompLowMimoKernel<float, float, float, (unsigned int)4, (unsigned int)1, (unsigned int)4>(const channel_eq::_puschRxChEqStatDescr *, channel_eq::_puschRxChEqCoefCompDynDescr)"
2574795738,6208,107412,273,1,1,12,11,1,51,0.002,0.000,,,,,NVIDIA A100-SXM4-40GB MIG 4g.20gb (0),1,,13,"void channel_eq::eqMmseSoftDemapKernel<float, __half, __half, float, (unsigned int)4, (unsigned short)16383>(channel_eq::_puschRxChEqStatDescr *, channel_eq::_puschRxChEqSoftDemapDynDescr)"
2574802906,282749,107413,1,1,1,32,32,1,30,0.000,0.000,,,,,NVIDIA A100-SXM4-40GB MIG 4g.20gb (0),1,,13,"void convert_kernel<float2, __half2>(tensor_layout_any, T1 *, tensor_layout_any, const T2 *)"
2575086871,10943,107425,2253,1,1,128,1,1,16,0.000,0.000,,,,,NVIDIA A100-SXM4-40GB MIG 4g.20gb (0),1,,13,cupy_copy__float16_float16
2575100470,3200,107434,282,1,1,128,1,1,16,0.000,0.000,,,,,NVIDIA A100-SXM4-40GB MIG 4g.20gb (0),1,,13,cupy_copy__complex64_complex64
2575105782,1984,107443,26,1,1,128,1,1,16,0.000,0.000,,,,,NVIDIA A100-SXM4-40GB MIG 4g.20gb (0),1,,13,cupy_copy__float32_float32
2575109494,5472,107452,103,1,1,128,1,1,16,0.000,0.000,,,,,NVIDIA A100-SXM4-40GB MIG 4g.20gb (0),1,,13,cupy_copy__complex64_complex64
2575116118,11968,107462,1434,1,1,128,1,1,16,0.000,0.000,,,,,NVIDIA A100-SXM4-40GB MIG 4g.20gb (0),1,,13,cupy_copy__complex64_complex64
2575142614,82399,107467,1,1,1,32,32,1,30,0.000,0.000,,,,,NVIDIA A100-SXM4-40GB MIG 4g.20gb (0),1,,13,"void convert_kernel<__half2, float2>(tensor_layout_any, T1 *, tensor_layout_any, const T2 *)"
2575255093,5887,107470,,,,,,,,,,0.094,15915.671,Pinned,Device,NVIDIA A100-SXM4-40GB MIG 4g.20gb (0),1,,13,[CUDA memcpy Host-to-Device]
2575266836,596761,107471,,,,,,,,,,456.561,764740.412,Device,,NVIDIA A100-SXM4-40GB MIG 4g.20gb (0),1,,13,[CUDA memset]
2575865197,126366,107476,,,,,,,,,,1.235,9772.112,Pinned,Device,NVIDIA A100-SXM4-40GB MIG 4g.20gb (0),1,,13,[CUDA memcpy Host-to-Device]
2576008715,38752,107477,,,,,,,,,,0.197,5073.469,Pinned,Device,NVIDIA A100-SXM4-40GB MIG 4g.20gb (0),1,,13,[CUDA memcpy Host-to-Device]
2576070570,8032,107478,69,4,1,48,1,1,76,0.002,0.000,,,,,NVIDIA A100-SXM4-40GB MIG 4g.20gb (0),1,,13,"void ch_est::windowedChEstPreNoDftSOfdmKernel<float, __half, float, (unsigned int)2, (unsigned int)1, (unsigned short)4>(ch_est::puschRxChEstStatDescr_t *, ch_est::puschRxChEstDynDescr_t *)"
2576088298,6432,107479,137,2,1,24,2,1,44,0.001,0.001,,,,,NVIDIA A100-SXM4-40GB MIG 4g.20gb (0),1,,13,"void ch_est::chEstFilterNoDftSOfdmDispatchKernel<float, __half, float, (unsigned int)2>(ch_est::puschRxChEstStatDescr_t *, ch_est::puschRxChEstDynDescr_t *)"
2576105386,4704,107480,137,2,1,24,2,1,44,0.001,0.001,,,,,NVIDIA A100-SXM4-40GB MIG 4g.20gb (0),1,,13,"void ch_est::chEstFilterNoDftSOfdmDispatchKernel<float, __half, float, (unsigned int)2>(ch_est::puschRxChEstStatDescr_t *, ch_est::puschRxChEstDynDescr_t *)"
2576123306,2720,107491,103,1,1,128,1,1,16,0.000,0.000,,,,,NVIDIA A100-SXM4-40GB MIG 4g.20gb (0),1,,13,cupy_copy__complex64_complex64
2576140586,12575,107501,1434,1,1,128,1,1,16,0.000,0.000,,,,,NVIDIA A100-SXM4-40GB MIG 4g.20gb (0),1,,13,cupy_copy__complex64_complex64
2576159017,2912,107508,103,1,1,128,1,1,16,0.000,0.000,,,,,NVIDIA A100-SXM4-40GB MIG 4g.20gb (0),1,,13,cupy_copy__complex64_complex64
2576182441,92415,107515,1,1,1,32,32,1,30,0.000,0.000,,,,,NVIDIA A100-SXM4-40GB MIG 4g.20gb (0),1,,13,"void convert_kernel<__half2, float2>(tensor_layout_any, T1 *, tensor_layout_any, const T2 *)"
2576309703,27552,107518,,,,,,,,,,0.094,3400.696,Pinned,Device,NVIDIA A100-SXM4-40GB MIG 4g.20gb (0),1,,13,[CUDA memcpy Host-to-Device]
2576362855,47455,107519,,,,,,,,,,35.810,754586.634,Device,,NVIDIA A100-SXM4-40GB MIG 4g.20gb (0),1,,13,[CUDA memset]
2576414502,10400,107521,,,,,,,,,,0.000,7.692,Pinned,Device,NVIDIA A100-SXM4-40GB MIG 4g.20gb (0),1,,13,[CUDA memcpy Host-to-Device]
2576435238,24448,107522,,,,,,,,,,0.197,8041.857,Pinned,Device,NVIDIA A100-SXM4-40GB MIG 4g.20gb (0),1,,13,[CUDA memcpy Host-to-Device]
2576488869,9696,107523,273,1,1,48,1,1,40,0.000,0.001,,,,,NVIDIA A100-SXM4-40GB MIG 4g.20gb (0),1,,13,"void pusch_noise_intf_est::noiseIntfEstNoDftSOfdmKernel<float, __half, float, float, (unsigned int)2, (unsigned int)1, (unsigned char)4, (unsigned char)4>(pusch_noise_intf_est::puschRxNoiseIntfEstDynDescr)"
2576505253,2560,107534,35,1,1,128,1,1,16,0.000,0.000,,,,,NVIDIA A100-SXM4-40GB MIG 4g.20gb (0),1,,13,cupy_copy__complex64_complex64
2576521957,1696,107543,1,1,1,1,1,1,18,0.000,0.000,,,,,NVIDIA A100-SXM4-40GB MIG 4g.20gb (0),1,,13,cupy_copy__float32_float32
2576526181,7264,107549,,,,,,,,,,0.000,0.551,Device,Pageable,NVIDIA A100-SXM4-40GB MIG 4g.20gb (0),1,,7,[CUDA memcpy Device-to-Host]
2576625860,12767,107560,1434,1,1,128,1,1,16,0.000,0.000,,,,,NVIDIA A100-SXM4-40GB MIG 4g.20gb (0),1,,13,cupy_copy__complex64_complex64
2576648419,3008,107567,103,1,1,128,1,1,16,0.000,0.000,,,,,NVIDIA A100-SXM4-40GB MIG 4g.20gb (0),1,,13,cupy_copy__complex64_complex64
2576681923,2560,107574,35,1,1,128,1,1,16,0.000,0.000,,,,,NVIDIA A100-SXM4-40GB MIG 4g.20gb (0),1,,13,cupy_copy__complex64_complex64
2576700259,1664,107581,1,1,1,1,1,1,18,0.000,0.000,,,,,NVIDIA A100-SXM4-40GB MIG 4g.20gb (0),1,,13,cupy_copy__float32_float32
2576815873,82399,107592,1,1,1,32,32,1,30,0.000,0.000,,,,,NVIDIA A100-SXM4-40GB MIG 4g.20gb (0),1,,13,"void convert_kernel<__half2, float2>(tensor_layout_any, T1 *, tensor_layout_any, const T2 *)"
2576925184,5792,107595,,,,,,,,,,0.094,16176.708,Pinned,Device,NVIDIA A100-SXM4-40GB MIG 4g.20gb (0),1,,13,[CUDA memcpy Host-to-Device]
2576939808,3264,107596,,,,,,,,,,1.547,473842.288,Device,,NVIDIA A100-SXM4-40GB MIG 4g.20gb (0),1,,13,[CUDA memset]
2576946944,3712,107601,,,,,,,,,,0.031,8431.017,Pinned,Device,NVIDIA A100-SXM4-40GB MIG 4g.20gb (0),1,,13,[CUDA memcpy Host-to-Device]
2576953280,9695,107602,,,,,,,,,,0.197,20279.132,Pinned,Device,NVIDIA A100-SXM4-40GB MIG 4g.20gb (0),1,,13,[CUDA memcpy Host-to-Device]
2576966751,6752,107603,273,1,1,8,4,1,39,0.002,0.000,,,,,NVIDIA A100-SXM4-40GB MIG 4g.20gb (0),1,,13,"void channel_eq::eqMmseCoefCompLowMimoKernel<float, float, float, (unsigned int)4, (unsigned int)1, (unsigned int)4>(const channel_eq::_puschRxChEqStatDescr *, channel_eq::_puschRxChEqCoefCompDynDescr)"
2576975199,5824,107604,273,1,1,12,11,1,51,0.002,0.000,,,,,NVIDIA A100-SXM4-40GB MIG 4g.20gb (0),1,,13,"void channel_eq::eqMmseSoftDemapKernel<float, __half, __half, float, (unsigned int)4, (unsigned short)16383>(channel_eq::_puschRxChEqStatDescr *, channel_eq::_puschRxChEqSoftDemapDynDescr)"
2576982655,294973,107605,1,1,1,32,32,1,30,0.000,0.000,,,,,NVIDIA A100-SXM4-40GB MIG 4g.20gb (0),1,,13,"void convert_kernel<float2, __half2>(tensor_layout_any, T1 *, tensor_layout_any, const T2 *)"
2577279515,10880,107617,2253,1,1,128,1,1,16,0.000,0.000,,,,,NVIDIA A100-SXM4-40GB MIG 4g.20gb (0),1,,13,cupy_copy__float16_float16
2577291643,2848,107626,282,1,1,128,1,1,16,0.000,0.000,,,,,NVIDIA A100-SXM4-40GB MIG 4g.20gb (0),1,,13,cupy_copy__complex64_complex64
2577296507,2208,107635,26,1,1,128,1,1,16,0.000,0.000,,,,,NVIDIA A100-SXM4-40GB MIG 4g.20gb (0),1,,13,cupy_copy__float32_float32
2577302203,2784,107644,103,1,1,128,1,1,16,0.000,0.000,,,,,NVIDIA A100-SXM4-40GB MIG 4g.20gb (0),1,,13,cupy_copy__complex64_complex64
2577306075,12192,107654,1434,1,1,128,1,1,16,0.000,0.000,,,,,NVIDIA A100-SXM4-40GB MIG 4g.20gb (0),1,,13,cupy_copy__complex64_complex64
2577322907,81855,107659,1,1,1,32,32,1,30,0.000,0.000,,,,,NVIDIA A100-SXM4-40GB MIG 4g.20gb (0),1,,13,"void convert_kernel<__half2, float2>(tensor_layout_any, T1 *, tensor_layout_any, const T2 *)"
2577431354,5728,107662,,,,,,,,,,0.094,16357.541,Pinned,Device,NVIDIA A100-SXM4-40GB MIG 4g.20gb (0),1,,13,[CUDA memcpy Host-to-Device]
2577443449,596409,107663,,,,,,,,,,456.561,765196.973,Device,,NVIDIA A100-SXM4-40GB MIG 4g.20gb (0),1,,13,[CUDA memset]
2578044434,115775,107668,,,,,,,,,,1.235,10666.211,Pinned,Device,NVIDIA A100-SXM4-40GB MIG 4g.20gb (0),1,,13,[CUDA memcpy Host-to-Device]
2578167441,17407,107669,,,,,,,,,,0.197,11294.736,Pinned,Device,NVIDIA A100-SXM4-40GB MIG 4g.20gb (0),1,,13,[CUDA memcpy Host-to-Device]
2578197328,8480,107670,69,4,1,48,1,1,76,0.002,0.000,,,,,NVIDIA A100-SXM4-40GB MIG 4g.20gb (0),1,,13,"void ch_est::windowedChEstPreNoDftSOfdmKernel<float, __half, float, (unsigned int)2, (unsigned int)1, (unsigned short)4>(ch_est::puschRxChEstStatDescr_t *, ch_est::puschRxChEstDynDescr_t *)"
2578211056,6624,107671,137,2,1,24,2,1,44,0.001,0.001,,,,,NVIDIA A100-SXM4-40GB MIG 4g.20gb (0),1,,13,"void ch_est::chEstFilterNoDftSOfdmDispatchKernel<float, __half, float, (unsigned int)2>(ch_est::puschRxChEstStatDescr_t *, ch_est::puschRxChEstDynDescr_t *)"
2578222288,6144,107672,137,2,1,24,2,1,44,0.001,0.001,,,,,NVIDIA A100-SXM4-40GB MIG 4g.20gb (0),1,,13,"void ch_est::chEstFilterNoDftSOfdmDispatchKernel<float, __half, float, (unsigned int)2>(ch_est::puschRxChEstStatDescr_t *, ch_est::puschRxChEstDynDescr_t *)"
2578232784,2496,107683,103,1,1,128,1,1,16,0.000,0.000,,,,,NVIDIA A100-SXM4-40GB MIG 4g.20gb (0),1,,13,cupy_copy__complex64_complex64
2578238320,12479,107693,1434,1,1,128,1,1,16,0.000,0.000,,,,,NVIDIA A100-SXM4-40GB MIG 4g.20gb (0),1,,13,cupy_copy__complex64_complex64
2578252783,3104,107700,103,1,1,128,1,1,16,0.000,0.000,,,,,NVIDIA A100-SXM4-40GB MIG 4g.20gb (0),1,,13,cupy_copy__complex64_complex64
2578257999,88767,107707,1,1,1,32,32,1,30,0.000,0.000,,,,,NVIDIA A100-SXM4-40GB MIG 4g.20gb (0),1,,13,"void convert_kernel<__half2, float2>(tensor_layout_any, T1 *, tensor_layout_any, const T2 *)"
2578374638,5920,107710,,,,,,,,,,0.094,15826.941,Pinned,Device,NVIDIA A100-SXM4-40GB MIG 4g.20gb (0),1,,13,[CUDA memcpy Host-to-Device]
2578386670,47903,107711,,,,,,,,,,35.810,747532.080,Device,,NVIDIA A100-SXM4-40GB MIG 4g.20gb (0),1,,13,[CUDA memset]
2578438989,3776,107713,,,,,,,,,,0.000,21.186,Pinned,Device,NVIDIA A100-SXM4-40GB MIG 4g.20gb (0),1,,13,[CUDA memcpy Host-to-Device]
2578447181,14784,107714,,,,,,,,,,0.197,13298.565,Pinned,Device,NVIDIA A100-SXM4-40GB MIG 4g.20gb (0),1,,13,[CUDA memcpy Host-to-Device]
2578469037,9344,107715,273,1,1,48,1,1,40,0.000,0.001,,,,,NVIDIA A100-SXM4-40GB MIG 4g.20gb (0),1,,13,"void pusch_noise_intf_est::noiseIntfEstNoDftSOfdmKernel<float, __half, float, float, (unsigned int)2, (unsigned int)1, (unsigned char)4, (unsigned char)4>(pusch_noise_intf_est::puschRxNoiseIntfEstDynDescr)"
2578485037,2784,107726,35,1,1,128,1,1,16,0.000,0.000,,,,,NVIDIA A100-SXM4-40GB MIG 4g.20gb (0),1,,13,cupy_copy__complex64_complex64
2578496268,1824,107735,1,1,1,1,1,1,18,0.000,0.000,,,,,NVIDIA A100-SXM4-40GB MIG 4g.20gb (0),1,,13,cupy_copy__float32_float32
2578528620,2016,107741,,,,,,,,,,0.000,1.984,Device,Pageable,NVIDIA A100-SXM4-40GB MIG 4g.20gb (0),1,,7,[CUDA memcpy Device-to-Host]
2578592331,12960,107752,1434,1,1,128,1,1,16,0.000,0.000,,,,,NVIDIA A100-SXM4-40GB MIG 4g.20gb (0),1,,13,cupy_copy__complex64_complex64
2578616587,2944,107759,103,1,1,128,1,1,16,0.000,0.000,,,,,NVIDIA A100-SXM4-40GB MIG 4g.20gb (0),1,,13,cupy_copy__complex64_complex64
2578637291,2752,107766,35,1,1,128,1,1,16,0.000,0.000,,,,,NVIDIA A100-SXM4-40GB MIG 4g.20gb (0),1,,13,cupy_copy__complex64_complex64
2578655882,1792,107773,1,1,1,1,1,1,18,0.000,0.000,,,,,NVIDIA A100-SXM4-40GB MIG 4g.20gb (0),1,,13,cupy_copy__float32_float32
2578787369,88095,107784,1,1,1,32,32,1,30,0.000,0.000,,,,,NVIDIA A100-SXM4-40GB MIG 4g.20gb (0),1,,13,"void convert_kernel<__half2, float2>(tensor_layout_any, T1 *, tensor_layout_any, const T2 *)"
2578903655,5408,107787,,,,,,,,,,0.094,17325.421,Pinned,Device,NVIDIA A100-SXM4-40GB MIG 4g.20gb (0),1,,13,[CUDA memcpy Host-to-Device]
2578918119,3520,107788,,,,,,,,,,1.547,439380.412,Device,,NVIDIA A100-SXM4-40GB MIG 4g.20gb (0),1,,13,[CUDA memset]
2578925415,3456,107793,,,,,,,,,,0.031,9055.529,Pinned,Device,NVIDIA A100-SXM4-40GB MIG 4g.20gb (0),1,,13,[CUDA memcpy Host-to-Device]
2578931495,10080,107794,,,,,,,,,,0.197,19504.693,Pinned,Device,NVIDIA A100-SXM4-40GB MIG 4g.20gb (0),1,,13,[CUDA memcpy Host-to-Device]
2578946215,5856,107795,273,1,1,8,4,1,39,0.002,0.000,,,,,NVIDIA A100-SXM4-40GB MIG 4g.20gb (0),1,,13,"void channel_eq::eqMmseCoefCompLowMimoKernel<float, float, float, (unsigned int)4, (unsigned int)1, (unsigned int)4>(const channel_eq::_puschRxChEqStatDescr *, channel_eq::_puschRxChEqCoefCompDynDescr)"
2578953351,5824,107796,273,1,1,12,11,1,51,0.002,0.000,,,,,NVIDIA A100-SXM4-40GB MIG 4g.20gb (0),1,,13,"void channel_eq::eqMmseSoftDemapKernel<float, __half, __half, float, (unsigned int)4, (unsigned short)16383>(channel_eq::_puschRxChEqStatDescr *, channel_eq::_puschRxChEqSoftDemapDynDescr)"
2578963271,280188,107797,1,1,1,32,32,1,30,0.000,0.000,,,,,NVIDIA A100-SXM4-40GB MIG 4g.20gb (0),1,,13,"void convert_kernel<float2, __half2>(tensor_layout_any, T1 *, tensor_layout_any, const T2 *)"
2579244515,10880,107809,2253,1,1,128,1,1,16,0.000,0.000,,,,,NVIDIA A100-SXM4-40GB MIG 4g.20gb (0),1,,13,cupy_copy__float16_float16
2579260163,2784,107818,282,1,1,128,1,1,16,0.000,0.000,,,,,NVIDIA A100-SXM4-40GB MIG 4g.20gb (0),1,,13,cupy_copy__complex64_complex64
2579265347,2240,107827,26,1,1,128,1,1,16,0.000,0.000,,,,,NVIDIA A100-SXM4-40GB MIG 4g.20gb (0),1,,13,cupy_copy__float32_float32
2579268675,2912,107836,103,1,1,128,1,1,16,0.000,0.000,,,,,NVIDIA A100-SXM4-40GB MIG 4g.20gb (0),1,,13,cupy_copy__complex64_complex64
2579273571,12192,107846,1434,1,1,128,1,1,16,0.000,0.000,,,,,NVIDIA A100-SXM4-40GB MIG 4g.20gb (0),1,,13,cupy_copy__complex64_complex64
2579298467,82495,107851,1,1,1,32,32,1,30,0.000,0.000,,,,,NVIDIA A100-SXM4-40GB MIG 4g.20gb (0),1,,13,"void convert_kernel<__half2, float2>(tensor_layout_any, T1 *, tensor_layout_any, const T2 *)"
2579408289,5760,107854,,,,,,,,,,0.094,16266.656,Pinned,Device,NVIDIA A100-SXM4-40GB MIG 4g.20gb (0),1,,13,[CUDA memcpy Host-to-Device]
2579420129,596345,107855,,,,,,,,,,456.561,765196.973,Device,,NVIDIA A100-SXM4-40GB MIG 4g.20gb (0),1,,13,[CUDA memset]
2580019610,157246,107860,,,,,,,,,,1.235,7853.009,Pinned,Device,NVIDIA A100-SXM4-40GB MIG 4g.20gb (0),1,,13,[CUDA memcpy Host-to-Device]
2580192055,36288,107861,,,,,,,,,,0.197,5417.927,Pinned,Device,NVIDIA A100-SXM4-40GB MIG 4g.20gb (0),1,,13,[CUDA memcpy Host-to-Device]
2580254103,7936,107862,69,4,1,48,1,1,76,0.002,0.000,,,,,NVIDIA A100-SXM4-40GB MIG 4g.20gb (0),1,,13,"void ch_est::windowedChEstPreNoDftSOfdmKernel<float, __half, float, (unsigned int)2, (unsigned int)1, (unsigned short)4>(ch_est::puschRxChEstStatDescr_t *, ch_est::puschRxChEstDynDescr_t *)"
2580271831,7039,107863,137,2,1,24,2,1,44,0.001,0.001,,,,,NVIDIA A100-SXM4-40GB MIG 4g.20gb (0),1,,13,"void ch_est::chEstFilterNoDftSOfdmDispatchKernel<float, __half, float, (unsigned int)2>(ch_est::puschRxChEstStatDescr_t *, ch_est::puschRxChEstDynDescr_t *)"
2580289558,4864,107864,137,2,1,24,2,1,44,0.001,0.001,,,,,NVIDIA A100-SXM4-40GB MIG 4g.20gb (0),1,,13,"void ch_est::chEstFilterNoDftSOfdmDispatchKernel<float, __half, float, (unsigned int)2>(ch_est::puschRxChEstStatDescr_t *, ch_est::puschRxChEstDynDescr_t *)"
2580304566,2656,107875,103,1,1,128,1,1,16,0.000,0.000,,,,,NVIDIA A100-SXM4-40GB MIG 4g.20gb (0),1,,13,cupy_copy__complex64_complex64
2580319030,12384,107885,1434,1,1,128,1,1,16,0.000,0.000,,,,,NVIDIA A100-SXM4-40GB MIG 4g.20gb (0),1,,13,cupy_copy__complex64_complex64
2580337334,3008,107892,103,1,1,128,1,1,16,0.000,0.000,,,,,NVIDIA A100-SXM4-40GB MIG 4g.20gb (0),1,,13,cupy_copy__complex64_complex64
2580351830,82846,107899,1,1,1,32,32,1,30,0.000,0.000,,,,,NVIDIA A100-SXM4-40GB MIG 4g.20gb (0),1,,13,"void convert_kernel<__half2, float2>(tensor_layout_any, T1 *, tensor_layout_any, const T2 *)"
2580463860,9760,107902,,,,,,,,,,0.094,9599.998,Pinned,Device,NVIDIA A100-SXM4-40GB MIG 4g.20gb (0),1,,13,[CUDA memcpy Host-to-Device]
2580479124,47679,107903,,,,,,,,,,35.810,751041.452,Device,,NVIDIA A100-SXM4-40GB MIG 4g.20gb (0),1,,13,[CUDA memset]
2580528019,3936,107905,,,,,,,,,,0.000,20.325,Pinned,Device,NVIDIA A100-SXM4-40GB MIG 4g.20gb (0),1,,13,[CUDA memcpy Host-to-Device]
2580536243,14368,107906,,,,,,,,,,0.197,13683.720,Pinned,Device,NVIDIA A100-SXM4-40GB MIG 4g.20gb (0),1,,13,[CUDA memcpy Host-to-Device]
2580561299,11488,107907,273,1,1,48,1,1,40,0.000,0.001,,,,,NVIDIA A100-SXM4-40GB MIG 4g.20gb (0),1,,13,"void pusch_noise_intf_est::noiseIntfEstNoDftSOfdmKernel<float, __half, float, float, (unsigned int)2, (unsigned int)1, (unsigned char)4, (unsigned char)4>(pusch_noise_intf_est::puschRxNoiseIntfEstDynDescr)"
2580576371,3392,107918,35,1,1,128,1,1,16,0.000,0.000,,,,,NVIDIA A100-SXM4-40GB MIG 4g.20gb (0),1,,13,cupy_copy__complex64_complex64
2580584659,1824,107927,1,1,1,1,1,1,18,0.000,0.000,,,,,NVIDIA A100-SXM4-40GB MIG 4g.20gb (0),1,,13,cupy_copy__float32_float32
2580618066,2048,107933,,,,,,,,,,0.000,1.953,Device,Pageable,NVIDIA A100-SXM4-40GB MIG 4g.20gb (0),1,,7,[CUDA memcpy Device-to-Host]
2580679441,13056,107944,1434,1,1,128,1,1,16,0.000,0.000,,,,,NVIDIA A100-SXM4-40GB MIG 4g.20gb (0),1,,13,cupy_copy__complex64_complex64
2580706961,2944,107951,103,1,1,128,1,1,16,0.000,0.000,,,,,NVIDIA A100-SXM4-40GB MIG 4g.20gb (0),1,,13,cupy_copy__complex64_complex64
2580729361,2496,107958,35,1,1,128,1,1,16,0.000,0.000,,,,,NVIDIA A100-SXM4-40GB MIG 4g.20gb (0),1,,13,cupy_copy__complex64_complex64
2580744689,2016,107965,1,1,1,1,1,1,18,0.000,0.000,,,,,NVIDIA A100-SXM4-40GB MIG 4g.20gb (0),1,,13,cupy_copy__float32_float32
2580875311,82655,107976,1,1,1,32,32,1,30,0.000,0.000,,,,,NVIDIA A100-SXM4-40GB MIG 4g.20gb (0),1,,13,"void convert_kernel<__half2, float2>(tensor_layout_any, T1 *, tensor_layout_any, const T2 *)"
2580985294,5568,107979,,,,,,,,,,0.094,16827.521,Pinned,Device,NVIDIA A100-SXM4-40GB MIG 4g.20gb (0),1,,13,[CUDA memcpy Host-to-Device]
2581000429,3296,107980,,,,,,,,,,1.547,469242.628,Device,,NVIDIA A100-SXM4-40GB MIG 4g.20gb (0),1,,13,[CUDA memset]
2581007149,3488,107985,,,,,,,,,,0.031,8972.469,Pinned,Device,NVIDIA A100-SXM4-40GB MIG 4g.20gb (0),1,,13,[CUDA memcpy Host-to-Device]
2581013069,9440,107986,,,,,,,,,,0.197,20827.079,Pinned,Device,NVIDIA A100-SXM4-40GB MIG 4g.20gb (0),1,,13,[CUDA memcpy Host-to-Device]
2581027373,6720,107987,273,1,1,8,4,1,39,0.002,0.000,,,,,NVIDIA A100-SXM4-40GB MIG 4g.20gb (0),1,,13,"void channel_eq::eqMmseCoefCompLowMimoKernel<float, float, float, (unsigned int)4, (unsigned int)1, (unsigned int)4>(const channel_eq::_puschRxChEqStatDescr *, channel_eq::_puschRxChEqCoefCompDynDescr)"
2581035213,5952,107988,273,1,1,12,11,1,51,0.002,0.000,,,,,NVIDIA A100-SXM4-40GB MIG 4g.20gb (0),1,,13,"void channel_eq::eqMmseSoftDemapKernel<float, __half, __half, float, (unsigned int)4, (unsigned short)16383>(channel_eq::_puschRxChEqStatDescr *, channel_eq::_puschRxChEqSoftDemapDynDescr)"
2581042221,294652,107989,1,1,1,32,32,1,30,0.000,0.000,,,,,NVIDIA A100-SXM4-40GB MIG 4g.20gb (0),1,,13,"void convert_kernel<float2, __half2>(tensor_layout_any, T1 *, tensor_layout_any, const T2 *)"
2581337961,10720,108001,2253,1,1,128,1,1,16,0.000,0.000,,,,,NVIDIA A100-SXM4-40GB MIG 4g.20gb (0),1,,13,cupy_copy__float16_float16
2581350057,3616,108010,282,1,1,128,1,1,16,0.000,0.000,,,,,NVIDIA A100-SXM4-40GB MIG 4g.20gb (0),1,,13,cupy_copy__complex64_complex64
2581355977,2176,108019,26,1,1,128,1,1,16,0.000,0.000,,,,,NVIDIA A100-SXM4-40GB MIG 4g.20gb (0),1,,13,cupy_copy__float32_float32
2581361033,2816,108028,103,1,1,128,1,1,16,0.000,0.000,,,,,NVIDIA A100-SXM4-40GB MIG 4g.20gb (0),1,,13,cupy_copy__complex64_complex64
2581364905,12384,108038,1434,1,1,128,1,1,16,0.000,0.000,,,,,NVIDIA A100-SXM4-40GB MIG 4g.20gb (0),1,,13,cupy_copy__complex64_complex64
2581378665,81375,108043,1,1,1,32,32,1,30,0.000,0.000,,,,,NVIDIA A100-SXM4-40GB MIG 4g.20gb (0),1,,13,"void convert_kernel<__half2, float2>(tensor_layout_any, T1 *, tensor_layout_any, const T2 *)"
2581487751,5536,108046,,,,,,,,,,0.094,16924.777,Pinned,Device,NVIDIA A100-SXM4-40GB MIG 4g.20gb (0),1,,13,[CUDA memcpy Host-to-Device]
2581498311,597145,108047,,,,,,,,,,456.561,764283.851,Device,,NVIDIA A100-SXM4-40GB MIG 4g.20gb (0),1,,13,[CUDA memset]
2582100896,147006,108052,,,,,,,,,,1.235,8400.089,Pinned,Device,NVIDIA A100-SXM4-40GB MIG 4g.20gb (0),1,,13,[CUDA memcpy Host-to-Device]
2582259198,41279,108053,,,,,,,,,,0.197,4762.829,Pinned,Device,NVIDIA A100-SXM4-40GB MIG 4g.20gb (0),1,,13,[CUDA memcpy Host-to-Device]
2582322077,7712,108054,69,4,1,48,1,1,76,0.002,0.000,,,,,NVIDIA A100-SXM4-40GB MIG 4g.20gb (0),1,,13,"void ch_est::windowedChEstPreNoDftSOfdmKernel<float, __half, float, (unsigned int)2, (unsigned int)1, (unsigned short)4>(ch_est::puschRxChEstStatDescr_t *, ch_est::puschRxChEstDynDescr_t *)"
2582341437,6656,108055,137,2,1,24,2,1,44,0.001,0.001,,,,,NVIDIA A100-SXM4-40GB MIG 4g.20gb (0),1,,13,"void ch_est::chEstFilterNoDftSOfdmDispatchKernel<float, __half, float, (unsigned int)2>(ch_est::puschRxChEstStatDescr_t *, ch_est::puschRxChEstDynDescr_t *)"
2582359645,4800,108056,137,2,1,24,2,1,44,0.001,0.001,,,,,NVIDIA A100-SXM4-40GB MIG 4g.20gb (0),1,,13,"void ch_est::chEstFilterNoDftSOfdmDispatchKernel<float, __half, float, (unsigned int)2>(ch_est::puschRxChEstStatDescr_t *, ch_est::puschRxChEstDynDescr_t *)"
2582376604,2752,108067,103,1,1,128,1,1,16,0.000,0.000,,,,,NVIDIA A100-SXM4-40GB MIG 4g.20gb (0),1,,13,cupy_copy__complex64_complex64
2582393436,12352,108077,1434,1,1,128,1,1,16,0.000,0.000,,,,,NVIDIA A100-SXM4-40GB MIG 4g.20gb (0),1,,13,cupy_copy__complex64_complex64
2582416572,2560,108084,103,1,1,128,1,1,16,0.000,0.000,,,,,NVIDIA A100-SXM4-40GB MIG 4g.20gb (0),1,,13,cupy_copy__complex64_complex64
2582438268,91359,108091,1,1,1,32,32,1,30,0.000,0.000,,,,,NVIDIA A100-SXM4-40GB MIG 4g.20gb (0),1,,13,"void convert_kernel<__half2, float2>(tensor_layout_any, T1 *, tensor_layout_any, const T2 *)"
2582563130,25344,108094,,,,,,,,,,0.094,3696.963,Pinned,Device,NVIDIA A100-SXM4-40GB MIG 4g.20gb (0),1,,13,[CUDA memcpy Host-to-Device]
2582606042,47295,108095,,,,,,,,,,35.810,757129.139,Device,,NVIDIA A100-SXM4-40GB MIG 4g.20gb (0),1,,13,[CUDA memset]
2582658649,7424,108097,,,,,,,,,,0.000,10.776,Pinned,Device,NVIDIA A100-SXM4-40GB MIG 4g.20gb (0),1,,13,[CUDA memcpy Host-to-Device]
2582674969,16352,108098,,,,,,,,,,0.197,12023.366,Pinned,Device,NVIDIA A100-SXM4-40GB MIG 4g.20gb (0),1,,13,[CUDA memcpy Host-to-Device]
2582708248,9696,108099,273,1,1,48,1,1,40,0.000,0.001,,,,,NVIDIA A100-SXM4-40GB MIG 4g.20gb (0),1,,13,"void pusch_noise_intf_est::noiseIntfEstNoDftSOfdmKernel<float, __half, float, float, (unsigned int)2, (unsigned int)1, (unsigned char)4, (unsigned char)4>(pusch_noise_intf_est::puschRxNoiseIntfEstDynDescr)"
2582722936,2944,108110,35,1,1,128,1,1,16,0.000,0.000,,,,,NVIDIA A100-SXM4-40GB MIG 4g.20gb (0),1,,13,cupy_copy__complex64_complex64
2582731128,1856,108119,1,1,1,1,1,1,18,0.000,0.000,,,,,NVIDIA A100-SXM4-40GB MIG 4g.20gb (0),1,,13,cupy_copy__float32_float32
2582740440,3104,108125,,,,,,,,,,0.000,1.289,Device,Pageable,NVIDIA A100-SXM4-40GB MIG 4g.20gb (0),1,,7,[CUDA memcpy Device-to-Host]
2582815191,12768,108136,1434,1,1,128,1,1,16,0.000,0.000,,,,,NVIDIA A100-SXM4-40GB MIG 4g.20gb (0),1,,13,cupy_copy__complex64_complex64
2582845111,3360,108143,103,1,1,128,1,1,16,0.000,0.000,,,,,NVIDIA A100-SXM4-40GB MIG 4g.20gb (0),1,,13,cupy_copy__complex64_complex64
2582867158,2720,108150,35,1,1,128,1,1,16,0.000,0.000,,,,,NVIDIA A100-SXM4-40GB MIG 4g.20gb (0),1,,13,cupy_copy__complex64_complex64
2582886998,1952,108157,1,1,1,1,1,1,18,0.000,0.000,,,,,NVIDIA A100-SXM4-40GB MIG 4g.20gb (0),1,,13,cupy_copy__float32_float32
2583014805,81887,108168,1,1,1,32,32,1,30,0.000,0.000,,,,,NVIDIA A100-SXM4-40GB MIG 4g.20gb (0),1,,13,"void convert_kernel<__half2, float2>(tensor_layout_any, T1 *, tensor_layout_any, const T2 *)"
2583124019,5664,108171,,,,,,,,,,0.094,16542.310,Pinned,Device,NVIDIA A100-SXM4-40GB MIG 4g.20gb (0),1,,13,[CUDA memcpy Host-to-Device]
2583139699,3232,108172,,,,,,,,,,1.547,478533.199,Device,,NVIDIA A100-SXM4-40GB MIG 4g.20gb (0),1,,13,[CUDA memset]
2583145427,3008,108177,,,,,,,,,,0.031,10404.230,Pinned,Device,NVIDIA A100-SXM4-40GB MIG 4g.20gb (0),1,,13,[CUDA memcpy Host-to-Device]
2583151187,10240,108178,,,,,,,,,,0.197,19199.951,Pinned,Device,NVIDIA A100-SXM4-40GB MIG 4g.20gb (0),1,,13,[CUDA memcpy Host-to-Device]
2583167827,8288,108179,273,1,1,8,4,1,39,0.002,0.000,,,,,NVIDIA A100-SXM4-40GB MIG 4g.20gb (0),1,,13,"void channel_eq::eqMmseCoefCompLowMimoKernel<float, float, float, (unsigned int)4, (unsigned int)1, (unsigned int)4>(const channel_eq::_puschRxChEqStatDescr *, channel_eq::_puschRxChEqCoefCompDynDescr)"
2583177267,5440,108180,273,1,1,12,11,1,51,0.002,0.000,,,,,NVIDIA A100-SXM4-40GB MIG 4g.20gb (0),1,,13,"void channel_eq::eqMmseSoftDemapKernel<float, __half, __half, float, (unsigned int)4, (unsigned short)16383>(channel_eq::_puschRxChEqStatDescr *, channel_eq::_puschRxChEqSoftDemapDynDescr)"
2583185202,282269,108181,1,1,1,32,32,1,30,0.000,0.000,,,,,NVIDIA A100-SXM4-40GB MIG 4g.20gb (0),1,,13,"void convert_kernel<float2, __half2>(tensor_layout_any, T1 *, tensor_layout_any, const T2 *)"
2583468975,10976,108193,2253,1,1,128,1,1,16,0.000,0.000,,,,,NVIDIA A100-SXM4-40GB MIG 4g.20gb (0),1,,13,cupy_copy__float16_float16
2583483183,3424,108202,282,1,1,128,1,1,16,0.000,0.000,,,,,NVIDIA A100-SXM4-40GB MIG 4g.20gb (0),1,,13,cupy_copy__complex64_complex64
2583489551,2016,108211,26,1,1,128,1,1,16,0.000,0.000,,,,,NVIDIA A100-SXM4-40GB MIG 4g.20gb (0),1,,13,cupy_copy__float32_float32
2583492719,2912,108220,103,1,1,128,1,1,16,0.000,0.000,,,,,NVIDIA A100-SXM4-40GB MIG 4g.20gb (0),1,,13,cupy_copy__complex64_complex64
2583499663,11839,108230,1434,1,1,128,1,1,16,0.000,0.000,,,,,NVIDIA A100-SXM4-40GB MIG 4g.20gb (0),1,,13,cupy_copy__complex64_complex64
2583517998,82815,108235,1,1,1,32,32,1,30,0.000,0.000,,,,,NVIDIA A100-SXM4-40GB MIG 4g.20gb (0),1,,13,"void convert_kernel<__half2, float2>(tensor_layout_any, T1 *, tensor_layout_any, const T2 *)"
2583627661,5856,108238,,,,,,,,,,0.094,15999.997,Pinned,Device,NVIDIA A100-SXM4-40GB MIG 4g.20gb (0),1,,13,[CUDA memcpy Host-to-Device]
2583637805,596345,108239,,,,,,,,,,456.561,765196.973,Device,,NVIDIA A100-SXM4-40GB MIG 4g.20gb (0),1,,13,[CUDA memset]
2584238885,132287,108244,,,,,,,,,,1.235,9334.942,Pinned,Device,NVIDIA A100-SXM4-40GB MIG 4g.20gb (0),1,,13,[CUDA memcpy Host-to-Device]
2584379684,31711,108245,,,,,,,,,,0.197,6199.837,Pinned,Device,NVIDIA A100-SXM4-40GB MIG 4g.20gb (0),1,,13,[CUDA memcpy Host-to-Device]
2584432195,8192,108246,69,4,1,48,1,1,76,0.002,0.000,,,,,NVIDIA A100-SXM4-40GB MIG 4g.20gb (0),1,,13,"void ch_est::windowedChEstPreNoDftSOfdmKernel<float, __half, float, (unsigned int)2, (unsigned int)1, (unsigned short)4>(ch_est::puschRxChEstStatDescr_t *, ch_est::puschRxChEstDynDescr_t *)"
2584453443,6912,108247,137,2,1,24,2,1,44,0.001,0.001,,,,,NVIDIA A100-SXM4-40GB MIG 4g.20gb (0),1,,13,"void ch_est::chEstFilterNoDftSOfdmDispatchKernel<float, __half, float, (unsigned int)2>(ch_est::puschRxChEstStatDescr_t *, ch_est::puschRxChEstDynDescr_t *)"
2584466499,4768,108248,137,2,1,24,2,1,44,0.001,0.001,,,,,NVIDIA A100-SXM4-40GB MIG 4g.20gb (0),1,,13,"void ch_est::chEstFilterNoDftSOfdmDispatchKernel<float, __half, float, (unsigned int)2>(ch_est::puschRxChEstStatDescr_t *, ch_est::puschRxChEstDynDescr_t *)"
2584481090,2656,108259,103,1,1,128,1,1,16,0.000,0.000,,,,,NVIDIA A100-SXM4-40GB MIG 4g.20gb (0),1,,13,cupy_copy__complex64_complex64
2584494370,12352,108269,1434,1,1,128,1,1,16,0.000,0.000,,,,,NVIDIA A100-SXM4-40GB MIG 4g.20gb (0),1,,13,cupy_copy__complex64_complex64
2584531746,2624,108276,103,1,1,128,1,1,16,0.000,0.000,,,,,NVIDIA A100-SXM4-40GB MIG 4g.20gb (0),1,,13,cupy_copy__complex64_complex64
2584546146,83807,108283,1,1,1,32,32,1,30,0.000,0.000,,,,,NVIDIA A100-SXM4-40GB MIG 4g.20gb (0),1,,13,"void convert_kernel<__half2, float2>(tensor_layout_any, T1 *, tensor_layout_any, const T2 *)"
2584660832,25024,108286,,,,,,,,,,0.094,3744.186,Pinned,Device,NVIDIA A100-SXM4-40GB MIG 4g.20gb (0),1,,13,[CUDA memcpy Host-to-Device]
2584715616,46783,108287,,,,,,,,,,35.810,765437.040,Device,,NVIDIA A100-SXM4-40GB MIG 4g.20gb (0),1,,13,[CUDA memset]
2584769215,11584,108289,,,,,,,,,,0.000,6.906,Pinned,Device,NVIDIA A100-SXM4-40GB MIG 4g.20gb (0),1,,13,[CUDA memcpy Host-to-Device]
2584792863,33023,108290,,,,,,,,,,0.197,5953.487,Pinned,Device,NVIDIA A100-SXM4-40GB MIG 4g.20gb (0),1,,13,[CUDA memcpy Host-to-Device]
2584856638,9344,108291,273,1,1,48,1,1,40,0.000,0.001,,,,,NVIDIA A100-SXM4-40GB MIG 4g.20gb (0),1,,13,"void pusch_noise_intf_est::noiseIntfEstNoDftSOfdmKernel<float, __half, float, float, (unsigned int)2, (unsigned int)1, (unsigned char)4, (unsigned char)4>(pusch_noise_intf_est::puschRxNoiseIntfEstDynDescr)"
2584873630,2752,108302,35,1,1,128,1,1,16,0.000,0.000,,,,,NVIDIA A100-SXM4-40GB MIG 4g.20gb (0),1,,13,cupy_copy__complex64_complex64
2584890237,1792,108311,1,1,1,1,1,1,18,0.000,0.000,,,,,NVIDIA A100-SXM4-40GB MIG 4g.20gb (0),1,,13,cupy_copy__float32_float32
2584900029,6304,108317,,,,,,,,,,0.000,0.635,Device,Pageable,NVIDIA A100-SXM4-40GB MIG 4g.20gb (0),1,,7,[CUDA memcpy Device-to-Host]
2584999164,12704,108328,1434,1,1,128,1,1,16,0.000,0.000,,,,,NVIDIA A100-SXM4-40GB MIG 4g.20gb (0),1,,13,cupy_copy__complex64_complex64
2585022076,3008,108335,103,1,1,128,1,1,16,0.000,0.000,,,,,NVIDIA A100-SXM4-40GB MIG 4g.20gb (0),1,,13,cupy_copy__complex64_complex64
2585038140,2560,108342,35,1,1,128,1,1,16,0.000,0.000,,,,,NVIDIA A100-SXM4-40GB MIG 4g.20gb (0),1,,13,cupy_copy__complex64_complex64
2585053691,1792,108349,1,1,1,1,1,1,18,0.000,0.000,,,,,NVIDIA A100-SXM4-40GB MIG 4g.20gb (0),1,,13,cupy_copy__float32_float32
2585180858,84479,108360,1,1,1,32,32,1,30,0.000,0.000,,,,,NVIDIA A100-SXM4-40GB MIG 4g.20gb (0),1,,13,"void convert_kernel<__half2, float2>(tensor_layout_any, T1 *, tensor_layout_any, const T2 *)"
2585298168,9408,108363,,,,,,,,,,0.094,9959.135,Pinned,Device,NVIDIA A100-SXM4-40GB MIG 4g.20gb (0),1,,13,[CUDA memcpy Host-to-Device]
2585317432,3456,108364,,,,,,,,,,1.547,447517.201,Device,,NVIDIA A100-SXM4-40GB MIG 4g.20gb (0),1,,13,[CUDA memset]
2585324984,7040,108369,,,,,,,,,,0.031,4445.440,Pinned,Device,NVIDIA A100-SXM4-40GB MIG 4g.20gb (0),1,,13,[CUDA memcpy Host-to-Device]
2585334520,16448,108370,,,,,,,,,,0.197,11953.177,Pinned,Device,NVIDIA A100-SXM4-40GB MIG 4g.20gb (0),1,,13,[CUDA memcpy Host-to-Device]
2585361784,6240,108371,273,1,1,8,4,1,39,0.002,0.000,,,,,NVIDIA A100-SXM4-40GB MIG 4g.20gb (0),1,,13,"void channel_eq::eqMmseCoefCompLowMimoKernel<float, float, float, (unsigned int)4, (unsigned int)1, (unsigned int)4>(const channel_eq::_puschRxChEqStatDescr *, channel_eq::_puschRxChEqCoefCompDynDescr)"
2585374007,5728,108372,273,1,1,12,11,1,51,0.002,0.000,,,,,NVIDIA A100-SXM4-40GB MIG 4g.20gb (0),1,,13,"void channel_eq::eqMmseSoftDemapKernel<float, __half, __half, float, (unsigned int)4, (unsigned short)16383>(channel_eq::_puschRxChEqStatDescr *, channel_eq::_puschRxChEqSoftDemapDynDescr)"
2585384951,282013,108373,1,1,1,32,32,1,30,0.000,0.000,,,,,NVIDIA A100-SXM4-40GB MIG 4g.20gb (0),1,,13,"void convert_kernel<float2, __half2>(tensor_layout_any, T1 *, tensor_layout_any, const T2 *)"
2585668980,11168,108385,2253,1,1,128,1,1,16,0.000,0.000,,,,,NVIDIA A100-SXM4-40GB MIG 4g.20gb (0),1,,13,cupy_copy__float16_float16
2585684788,3648,108394,282,1,1,128,1,1,16,0.000,0.000,,,,,NVIDIA A100-SXM4-40GB MIG 4g.20gb (0),1,,13,cupy_copy__complex64_complex64
2585690772,2175,108403,26,1,1,128,1,1,16,0.000,0.000,,,,,NVIDIA A100-SXM4-40GB MIG 4g.20gb (0),1,,13,cupy_copy__float32_float32
2585694547,2816,108412,103,1,1,128,1,1,16,0.000,0.000,,,,,NVIDIA A100-SXM4-40GB MIG 4g.20gb (0),1,,13,cupy_copy__complex64_complex64
2585699539,12032,108422,1434,1,1,128,1,1,16,0.000,0.000,,,,,NVIDIA A100-SXM4-40GB MIG 4g.20gb (0),1,,13,cupy_copy__complex64_complex64
2585717299,82239,108427,1,1,1,32,32,1,30,0.000,0.000,,,,,NVIDIA A100-SXM4-40GB MIG 4g.20gb (0),1,,13,"void convert_kernel<__half2, float2>(tensor_layout_any, T1 *, tensor_layout_any, const T2 *)"
2585826546,5824,108430,,,,,,,,,,0.094,16087.884,Pinned,Device,NVIDIA A100-SXM4-40GB MIG 4g.20gb (0),1,,13,[CUDA memcpy Host-to-Device]
2585838354,596600,108431,,,,,,,,,,456.561,765196.973,Device,,NVIDIA A100-SXM4-40GB MIG 4g.20gb (0),1,,13,[CUDA memset]
2586440426,85695,108436,,,,,,,,,,1.235,14410.562,Pinned,Device,NVIDIA A100-SXM4-40GB MIG 4g.20gb (0),1,,13,[CUDA memcpy Host-to-Device]
2586532713,16224,108437,,,,,,,,,,0.197,12118.327,Pinned,Device,NVIDIA A100-SXM4-40GB MIG 4g.20gb (0),1,,13,[CUDA memcpy Host-to-Device]
2586558537,8800,108438,69,4,1,48,1,1,76,0.002,0.000,,,,,NVIDIA A100-SXM4-40GB MIG 4g.20gb (0),1,,13,"void ch_est::windowedChEstPreNoDftSOfdmKernel<float, __half, float, (unsigned int)2, (unsigned int)1, (unsigned short)4>(ch_est::puschRxChEstStatDescr_t *, ch_est::puschRxChEstDynDescr_t *)"
2586575593,6751,108439,137,2,1,24,2,1,44,0.001,0.001,,,,,NVIDIA A100-SXM4-40GB MIG 4g.20gb (0),1,,13,"void ch_est::chEstFilterNoDftSOfdmDispatchKernel<float, __half, float, (unsigned int)2>(ch_est::puschRxChEstStatDescr_t *, ch_est::puschRxChEstDynDescr_t *)"
2586590472,6272,108440,137,2,1,24,2,1,44,0.001,0.001,,,,,NVIDIA A100-SXM4-40GB MIG 4g.20gb (0),1,,13,"void ch_est::chEstFilterNoDftSOfdmDispatchKernel<float, __half, float, (unsigned int)2>(ch_est::puschRxChEstStatDescr_t *, ch_est::puschRxChEstDynDescr_t *)"
2586598376,3168,108451,103,1,1,128,1,1,16,0.000,0.000,,,,,NVIDIA A100-SXM4-40GB MIG 4g.20gb (0),1,,13,cupy_copy__complex64_complex64
2586607624,12768,108461,1434,1,1,128,1,1,16,0.000,0.000,,,,,NVIDIA A100-SXM4-40GB MIG 4g.20gb (0),1,,13,cupy_copy__complex64_complex64
2586625736,2528,108468,103,1,1,128,1,1,16,0.000,0.000,,,,,NVIDIA A100-SXM4-40GB MIG 4g.20gb (0),1,,13,cupy_copy__complex64_complex64
2586635912,84703,108475,1,1,1,32,32,1,30,0.000,0.000,,,,,NVIDIA A100-SXM4-40GB MIG 4g.20gb (0),1,,13,"void convert_kernel<__half2, float2>(tensor_layout_any, T1 *, tensor_layout_any, const T2 *)"
2586749510,6816,108478,,,,,,,,,,0.094,13746.421,Pinned,Device,NVIDIA A100-SXM4-40GB MIG 4g.20gb (0),1,,13,[CUDA memcpy Host-to-Device]
2586762470,46752,108479,,,,,,,,,,35.810,765938.379,Device,,NVIDIA A100-SXM4-40GB MIG 4g.20gb (0),1,,13,[CUDA memset]
2586816934,2656,108481,,,,,,,,,,0.000,30.120,Pinned,Device,NVIDIA A100-SXM4-40GB MIG 4g.20gb (0),1,,13,[CUDA memcpy Host-to-Device]
2586824741,12800,108482,,,,,,,,,,0.197,15360.000,Pinned,Device,NVIDIA A100-SXM4-40GB MIG 4g.20gb (0),1,,13,[CUDA memcpy Host-to-Device]
2586844421,9792,108483,273,1,1,48,1,1,40,0.000,0.001,,,,,NVIDIA A100-SXM4-40GB MIG 4g.20gb (0),1,,13,"void pusch_noise_intf_est::noiseIntfEstNoDftSOfdmKernel<float, __half, float, float, (unsigned int)2, (unsigned int)1, (unsigned char)4, (unsigned char)4>(pusch_noise_intf_est::puschRxNoiseIntfEstDynDescr)"
2586855941,2944,108494,35,1,1,128,1,1,16,0.000,0.000,,,,,NVIDIA A100-SXM4-40GB MIG 4g.20gb (0),1,,13,cupy_copy__complex64_complex64
2586880133,1760,108503,1,1,1,1,1,1,18,0.000,0.000,,,,,NVIDIA A100-SXM4-40GB MIG 4g.20gb (0),1,,13,cupy_copy__float32_float32
2586913476,1568,108509,,,,,,,,,,0.000,2.551,Device,Pageable,NVIDIA A100-SXM4-40GB MIG 4g.20gb (0),1,,7,[CUDA memcpy Device-to-Host]
2586973124,13151,108520,1434,1,1,128,1,1,16,0.000,0.000,,,,,NVIDIA A100-SXM4-40GB MIG 4g.20gb (0),1,,13,cupy_copy__complex64_complex64
2587000355,2848,108527,103,1,1,128,1,1,16,0.000,0.000,,,,,NVIDIA A100-SXM4-40GB MIG 4g.20gb (0),1,,13,cupy_copy__complex64_complex64
2587021379,2752,108534,35,1,1,128,1,1,16,0.000,0.000,,,,,NVIDIA A100-SXM4-40GB MIG 4g.20gb (0),1,,13,cupy_copy__complex64_complex64
2587038531,1760,108541,1,1,1,1,1,1,18,0.000,0.000,,,,,NVIDIA A100-SXM4-40GB MIG 4g.20gb (0),1,,13,cupy_copy__float32_float32
2587169473,86367,108552,1,1,1,32,32,1,30,0.000,0.000,,,,,NVIDIA A100-SXM4-40GB MIG 4g.20gb (0),1,,13,"void convert_kernel<__half2, float2>(tensor_layout_any, T1 *, tensor_layout_any, const T2 *)"
2587283520,6144,108555,,,,,,,,,,0.094,15249.961,Pinned,Device,NVIDIA A100-SXM4-40GB MIG 4g.20gb (0),1,,13,[CUDA memcpy Host-to-Device]
2587298432,3168,108556,,,,,,,,,,1.547,488201.145,Device,,NVIDIA A100-SXM4-40GB MIG 4g.20gb (0),1,,13,[CUDA memset]
2587304608,3168,108561,,,,,,,,,,0.031,9878.770,Pinned,Device,NVIDIA A100-SXM4-40GB MIG 4g.20gb (0),1,,13,[CUDA memcpy Host-to-Device]
2587310719,9888,108562,,,,,,,,,,0.197,19883.360,Pinned,Device,NVIDIA A100-SXM4-40GB MIG 4g.20gb (0),1,,13,[CUDA memcpy Host-to-Device]
2587325151,6400,108563,273,1,1,8,4,1,39,0.002,0.000,,,,,NVIDIA A100-SXM4-40GB MIG 4g.20gb (0),1,,13,"void channel_eq::eqMmseCoefCompLowMimoKernel<float, float, float, (unsigned int)4, (unsigned int)1, (unsigned int)4>(const channel_eq::_puschRxChEqStatDescr *, channel_eq::_puschRxChEqCoefCompDynDescr)"
2587332575,5824,108564,273,1,1,12,11,1,51,0.002,0.000,,,,,NVIDIA A100-SXM4-40GB MIG 4g.20gb (0),1,,13,"void channel_eq::eqMmseSoftDemapKernel<float, __half, __half, float, (unsigned int)4, (unsigned short)16383>(channel_eq::_puschRxChEqStatDescr *, channel_eq::_puschRxChEqSoftDemapDynDescr)"
2587339487,294844,108565,1,1,1,32,32,1,30,0.000,0.000,,,,,NVIDIA A100-SXM4-40GB MIG 4g.20gb (0),1,,13,"void convert_kernel<float2, __half2>(tensor_layout_any, T1 *, tensor_layout_any, const T2 *)"
2587636251,11168,108577,2253,1,1,128,1,1,16,0.000,0.000,,,,,NVIDIA A100-SXM4-40GB MIG 4g.20gb (0),1,,13,cupy_copy__float16_float16
2587651291,3392,108586,282,1,1,128,1,1,16,0.000,0.000,,,,,NVIDIA A100-SXM4-40GB MIG 4g.20gb (0),1,,13,cupy_copy__complex64_complex64
2587656827,2784,108595,26,1,1,128,1,1,16,0.000,0.000,,,,,NVIDIA A100-SXM4-40GB MIG 4g.20gb (0),1,,13,cupy_copy__float32_float32
2587660635,3008,108604,103,1,1,128,1,1,16,0.000,0.000,,,,,NVIDIA A100-SXM4-40GB MIG 4g.20gb (0),1,,13,cupy_copy__complex64_complex64
2587666107,11776,108614,1434,1,1,128,1,1,16,0.000,0.000,,,,,NVIDIA A100-SXM4-40GB MIG 4g.20gb (0),1,,13,cupy_copy__complex64_complex64
2587681947,82815,108619,1,1,1,32,32,1,30,0.000,0.000,,,,,NVIDIA A100-SXM4-40GB MIG 4g.20gb (0),1,,13,"void convert_kernel<__half2, float2>(tensor_layout_any, T1 *, tensor_layout_any, const T2 *)"
2587792378,5823,108622,,,,,,,,,,0.094,16090.601,Pinned,Device,NVIDIA A100-SXM4-40GB MIG 4g.20gb (0),1,,13,[CUDA memcpy Host-to-Device]
2587803449,599321,108623,,,,,,,,,,456.561,761544.482,Device,,NVIDIA A100-SXM4-40GB MIG 4g.20gb (0),1,,13,[CUDA memset]
2588410418,133246,108628,,,,,,,,,,1.235,9267.020,Pinned,Device,NVIDIA A100-SXM4-40GB MIG 4g.20gb (0),1,,13,[CUDA memcpy Host-to-Device]
2588554864,39968,108629,,,,,,,,,,0.197,4919.132,Pinned,Device,NVIDIA A100-SXM4-40GB MIG 4g.20gb (0),1,,13,[CUDA memcpy Host-to-Device]
2588617583,8128,108630,69,4,1,48,1,1,76,0.002,0.000,,,,,NVIDIA A100-SXM4-40GB MIG 4g.20gb (0),1,,13,"void ch_est::windowedChEstPreNoDftSOfdmKernel<float, __half, float, (unsigned int)2, (unsigned int)1, (unsigned short)4>(ch_est::puschRxChEstStatDescr_t *, ch_est::puschRxChEstDynDescr_t *)"
2588636911,6528,108631,137,2,1,24,2,1,44,0.001,0.001,,,,,NVIDIA A100-SXM4-40GB MIG 4g.20gb (0),1,,13,"void ch_est::chEstFilterNoDftSOfdmDispatchKernel<float, __half, float, (unsigned int)2>(ch_est::puschRxChEstStatDescr_t *, ch_est::puschRxChEstDynDescr_t *)"
2588650927,4928,108632,137,2,1,24,2,1,44,0.001,0.001,,,,,NVIDIA A100-SXM4-40GB MIG 4g.20gb (0),1,,13,"void ch_est::chEstFilterNoDftSOfdmDispatchKernel<float, __half, float, (unsigned int)2>(ch_est::puschRxChEstStatDescr_t *, ch_est::puschRxChEstDynDescr_t *)"
2588665327,2624,108643,103,1,1,128,1,1,16,0.000,0.000,,,,,NVIDIA A100-SXM4-40GB MIG 4g.20gb (0),1,,13,cupy_copy__complex64_complex64
2588676335,12767,108653,1434,1,1,128,1,1,16,0.000,0.000,,,,,NVIDIA A100-SXM4-40GB MIG 4g.20gb (0),1,,13,cupy_copy__complex64_complex64
2588693934,2528,108660,103,1,1,128,1,1,16,0.000,0.000,,,,,NVIDIA A100-SXM4-40GB MIG 4g.20gb (0),1,,13,cupy_copy__complex64_complex64
2588708270,83935,108667,1,1,1,32,32,1,30,0.000,0.000,,,,,NVIDIA A100-SXM4-40GB MIG 4g.20gb (0),1,,13,"void convert_kernel<__half2, float2>(tensor_layout_any, T1 *, tensor_layout_any, const T2 *)"
2588819213,9088,108670,,,,,,,,,,0.094,10309.839,Pinned,Device,NVIDIA A100-SXM4-40GB MIG 4g.20gb (0),1,,13,[CUDA memcpy Host-to-Device]
2588841773,47775,108671,,,,,,,,,,35.810,749537.436,Device,,NVIDIA A100-SXM4-40GB MIG 4g.20gb (0),1,,13,[CUDA memset]
2588896972,4352,108673,,,,,,,,,,0.000,18.382,Pinned,Device,NVIDIA A100-SXM4-40GB MIG 4g.20gb (0),1,,13,[CUDA memcpy Host-to-Device]
2588911308,24671,108674,,,,,,,,,,0.197,7969.112,Pinned,Device,NVIDIA A100-SXM4-40GB MIG 4g.20gb (0),1,,13,[CUDA memcpy Host-to-Device]
2588948427,9856,108675,273,1,1,48,1,1,40,0.000,0.001,,,,,NVIDIA A100-SXM4-40GB MIG 4g.20gb (0),1,,13,"void pusch_noise_intf_est::noiseIntfEstNoDftSOfdmKernel<float, __half, float, float, (unsigned int)2, (unsigned int)1, (unsigned char)4, (unsigned char)4>(pusch_noise_intf_est::puschRxNoiseIntfEstDynDescr)"
2588970123,2880,108686,35,1,1,128,1,1,16,0.000,0.000,,,,,NVIDIA A100-SXM4-40GB MIG 4g.20gb (0),1,,13,cupy_copy__complex64_complex64
2588979691,1760,108695,1,1,1,1,1,1,18,0.000,0.000,,,,,NVIDIA A100-SXM4-40GB MIG 4g.20gb (0),1,,13,cupy_copy__float32_float32
2588985739,3520,108701,,,,,,,,,,0.000,1.136,Device,Pageable,NVIDIA A100-SXM4-40GB MIG 4g.20gb (0),1,,7,[CUDA memcpy Device-to-Host]
2589068586,13152,108712,1434,1,1,128,1,1,16,0.000,0.000,,,,,NVIDIA A100-SXM4-40GB MIG 4g.20gb (0),1,,13,cupy_copy__complex64_complex64
2589095465,2976,108719,103,1,1,128,1,1,16,0.000,0.000,,,,,NVIDIA A100-SXM4-40GB MIG 4g.20gb (0),1,,13,cupy_copy__complex64_complex64
2589114249,2336,108726,35,1,1,128,1,1,16,0.000,0.000,,,,,NVIDIA A100-SXM4-40GB MIG 4g.20gb (0),1,,13,cupy_copy__complex64_complex64
2589128169,1760,108733,1,1,1,1,1,1,18,0.000,0.000,,,,,NVIDIA A100-SXM4-40GB MIG 4g.20gb (0),1,,13,cupy_copy__float32_float32
2589257671,82847,108744,1,1,1,32,32,1,30,0.000,0.000,,,,,NVIDIA A100-SXM4-40GB MIG 4g.20gb (0),1,,13,"void convert_kernel<__half2, float2>(tensor_layout_any, T1 *, tensor_layout_any, const T2 *)"
2589367974,5600,108747,,,,,,,,,,0.094,16731.388,Pinned,Device,NVIDIA A100-SXM4-40GB MIG 4g.20gb (0),1,,13,[CUDA memcpy Host-to-Device]
2589382502,3136,108748,,,,,,,,,,1.547,493182.821,Device,,NVIDIA A100-SXM4-40GB MIG 4g.20gb (0),1,,13,[CUDA memset]
2589389094,3008,108753,,,,,,,,,,0.031,10404.230,Pinned,Device,NVIDIA A100-SXM4-40GB MIG 4g.20gb (0),1,,13,[CUDA memcpy Host-to-Device]
2589394502,9792,108754,,,,,,,,,,0.197,20078.395,Pinned,Device,NVIDIA A100-SXM4-40GB MIG 4g.20gb (0),1,,13,[CUDA memcpy Host-to-Device]
2589408006,6303,108755,273,1,1,8,4,1,39,0.002,0.000,,,,,NVIDIA A100-SXM4-40GB MIG 4g.20gb (0),1,,13,"void channel_eq::eqMmseCoefCompLowMimoKernel<float, float, float, (unsigned int)4, (unsigned int)1, (unsigned int)4>(const channel_eq::_puschRxChEqStatDescr *, channel_eq::_puschRxChEqCoefCompDynDescr)"
2589415813,6208,108756,273,1,1,12,11,1,51,0.002,0.000,,,,,NVIDIA A100-SXM4-40GB MIG 4g.20gb (0),1,,13,"void channel_eq::eqMmseSoftDemapKernel<float, __half, __half, float, (unsigned int)4, (unsigned short)16383>(channel_eq::_puschRxChEqStatDescr *, channel_eq::_puschRxChEqSoftDemapDynDescr)"
2589423461,294301,108757,1,1,1,32,32,1,30,0.000,0.000,,,,,NVIDIA A100-SXM4-40GB MIG 4g.20gb (0),1,,13,"void convert_kernel<float2, __half2>(tensor_layout_any, T1 *, tensor_layout_any, const T2 *)"
2589720130,11072,108769,2253,1,1,128,1,1,16,0.000,0.000,,,,,NVIDIA A100-SXM4-40GB MIG 4g.20gb (0),1,,13,cupy_copy__float16_float16
2589732802,3168,108778,282,1,1,128,1,1,16,0.000,0.000,,,,,NVIDIA A100-SXM4-40GB MIG 4g.20gb (0),1,,13,cupy_copy__complex64_complex64
2589738209,2272,108787,26,1,1,128,1,1,16,0.000,0.000,,,,,NVIDIA A100-SXM4-40GB MIG 4g.20gb (0),1,,13,cupy_copy__float32_float32
2589742785,3520,108796,103,1,1,128,1,1,16,0.000,0.000,,,,,NVIDIA A100-SXM4-40GB MIG 4g.20gb (0),1,,13,cupy_copy__complex64_complex64
2589747329,11904,108806,1434,1,1,128,1,1,16,0.000,0.000,,,,,NVIDIA A100-SXM4-40GB MIG 4g.20gb (0),1,,13,cupy_copy__complex64_complex64
2589762785,81183,108811,1,1,1,32,32,1,30,0.000,0.000,,,,,NVIDIA A100-SXM4-40GB MIG 4g.20gb (0),1,,13,"void convert_kernel<__half2, float2>(tensor_layout_any, T1 *, tensor_layout_any, const T2 *)"
2589871488,5824,108814,,,,,,,,,,0.094,16087.884,Pinned,Device,NVIDIA A100-SXM4-40GB MIG 4g.20gb (0),1,,13,[CUDA memcpy Host-to-Device]
2589882336,597784,108815,,,,,,,,,,456.561,763370.728,Device,,NVIDIA A100-SXM4-40GB MIG 4g.20gb (0),1,,13,[CUDA memset]
2590489272,121343,108820,,,,,,,,,,1.235,10177.174,Pinned,Device,NVIDIA A100-SXM4-40GB MIG 4g.20gb (0),1,,13,[CUDA memcpy Host-to-Device]
2590621687,36575,108821,,,,,,,,,,0.197,5375.459,Pinned,Device,NVIDIA A100-SXM4-40GB MIG 4g.20gb (0),1,,13,[CUDA memcpy Host-to-Device]
2590681206,8288,108822,69,4,1,48,1,1,76,0.002,0.000,,,,,NVIDIA A100-SXM4-40GB MIG 4g.20gb (0),1,,13,"void ch_est::windowedChEstPreNoDftSOfdmKernel<float, __half, float, (unsigned int)2, (unsigned int)1, (unsigned short)4>(ch_est::puschRxChEstStatDescr_t *, ch_est::puschRxChEstDynDescr_t *)"
2590696758,6880,108823,137,2,1,24,2,1,44,0.001,0.001,,,,,NVIDIA A100-SXM4-40GB MIG 4g.20gb (0),1,,13,"void ch_est::chEstFilterNoDftSOfdmDispatchKernel<float, __half, float, (unsigned int)2>(ch_est::puschRxChEstStatDescr_t *, ch_est::puschRxChEstDynDescr_t *)"
2590713141,4704,108824,137,2,1,24,2,1,44,0.001,0.001,,,,,NVIDIA A100-SXM4-40GB MIG 4g.20gb (0),1,,13,"void ch_est::chEstFilterNoDftSOfdmDispatchKernel<float, __half, float, (unsigned int)2>(ch_est::puschRxChEstStatDescr_t *, ch_est::puschRxChEstDynDescr_t *)"
2590727061,2624,108835,103,1,1,128,1,1,16,0.000,0.000,,,,,NVIDIA A100-SXM4-40GB MIG 4g.20gb (0),1,,13,cupy_copy__complex64_complex64
2590741397,12544,108845,1434,1,1,128,1,1,16,0.000,0.000,,,,,NVIDIA A100-SXM4-40GB MIG 4g.20gb (0),1,,13,cupy_copy__complex64_complex64
2590776853,2528,108852,103,1,1,128,1,1,16,0.000,0.000,,,,,NVIDIA A100-SXM4-40GB MIG 4g.20gb (0),1,,13,cupy_copy__complex64_complex64
2590797556,83455,108859,1,1,1,32,32,1,30,0.000,0.000,,,,,NVIDIA A100-SXM4-40GB MIG 4g.20gb (0),1,,13,"void convert_kernel<__half2, float2>(tensor_layout_any, T1 *, tensor_layout_any, const T2 *)"
2590917683,23904,108862,,,,,,,,,,0.094,3919.678,Pinned,Device,NVIDIA A100-SXM4-40GB MIG 4g.20gb (0),1,,13,[CUDA memcpy Host-to-Device]
2590954322,47008,108863,,,,,,,,,,35.810,761748.618,Device,,NVIDIA A100-SXM4-40GB MIG 4g.20gb (0),1,,13,[CUDA memset]
2591005778,4352,108865,,,,,,,,,,0.000,18.382,Pinned,Device,NVIDIA A100-SXM4-40GB MIG 4g.20gb (0),1,,13,[CUDA memcpy Host-to-Device]
2591017490,23583,108866,,,,,,,,,,0.197,8336.769,Pinned,Device,NVIDIA A100-SXM4-40GB MIG 4g.20gb (0),1,,13,[CUDA memcpy Host-to-Device]
2591052945,9856,108867,273,1,1,48,1,1,40,0.000,0.001,,,,,NVIDIA A100-SXM4-40GB MIG 4g.20gb (0),1,,13,"void pusch_noise_intf_est::noiseIntfEstNoDftSOfdmKernel<float, __half, float, float, (unsigned int)2, (unsigned int)1, (unsigned char)4, (unsigned char)4>(pusch_noise_intf_est::puschRxNoiseIntfEstDynDescr)"
2591068977,2816,108878,35,1,1,128,1,1,16,0.000,0.000,,,,,NVIDIA A100-SXM4-40GB MIG 4g.20gb (0),1,,13,cupy_copy__complex64_complex64
2591077393,2048,108887,1,1,1,1,1,1,18,0.000,0.000,,,,,NVIDIA A100-SXM4-40GB MIG 4g.20gb (0),1,,13,cupy_copy__float32_float32
2591084913,4768,108893,,,,,,,,,,0.000,0.839,Device,Pageable,NVIDIA A100-SXM4-40GB MIG 4g.20gb (0),1,,7,[CUDA memcpy Device-to-Host]
2591163248,12704,108904,1434,1,1,128,1,1,16,0.000,0.000,,,,,NVIDIA A100-SXM4-40GB MIG 4g.20gb (0),1,,13,cupy_copy__complex64_complex64
2591187632,2912,108911,103,1,1,128,1,1,16,0.000,0.000,,,,,NVIDIA A100-SXM4-40GB MIG 4g.20gb (0),1,,13,cupy_copy__complex64_complex64
2591211951,2688,108918,35,1,1,128,1,1,16,0.000,0.000,,,,,NVIDIA A100-SXM4-40GB MIG 4g.20gb (0),1,,13,cupy_copy__complex64_complex64
2591234735,1760,108925,1,1,1,1,1,1,18,0.000,0.000,,,,,NVIDIA A100-SXM4-40GB MIG 4g.20gb (0),1,,13,cupy_copy__float32_float32
2591362381,86591,108936,1,1,1,32,32,1,30,0.000,0.000,,,,,NVIDIA A100-SXM4-40GB MIG 4g.20gb (0),1,,13,"void convert_kernel<__half2, float2>(tensor_layout_any, T1 *, tensor_layout_any, const T2 *)"
2591479436,12576,108939,,,,,,,,,,0.094,7450.331,Pinned,Device,NVIDIA A100-SXM4-40GB MIG 4g.20gb (0),1,,13,[CUDA memcpy Host-to-Device]
2591501420,3584,108940,,,,,,,,,,1.547,431534.389,Device,,NVIDIA A100-SXM4-40GB MIG 4g.20gb (0),1,,13,[CUDA memset]
2591508844,3296,108945,,,,,,,,,,0.031,9495.144,Pinned,Device,NVIDIA A100-SXM4-40GB MIG 4g.20gb (0),1,,13,[CUDA memcpy Host-to-Device]
2591516427,10816,108946,,,,,,,,,,0.197,18177.393,Pinned,Device,NVIDIA A100-SXM4-40GB MIG 4g.20gb (0),1,,13,[CUDA memcpy Host-to-Device]
2591534475,6880,108947,273,1,1,8,4,1,39,0.002,0.000,,,,,NVIDIA A100-SXM4-40GB MIG 4g.20gb (0),1,,13,"void channel_eq::eqMmseCoefCompLowMimoKernel<float, float, float, (unsigned int)4, (unsigned int)1, (unsigned int)4>(const channel_eq::_puschRxChEqStatDescr *, channel_eq::_puschRxChEqCoefCompDynDescr)"
2591542955,6240,108948,273,1,1,12,11,1,51,0.002,0.000,,,,,NVIDIA A100-SXM4-40GB MIG 4g.20gb (0),1,,13,"void channel_eq::eqMmseSoftDemapKernel<float, __half, __half, float, (unsigned int)4, (unsigned short)16383>(channel_eq::_puschRxChEqStatDescr *, channel_eq::_puschRxChEqSoftDemapDynDescr)"
2591550219,282749,108949,1,1,1,32,32,1,30,0.000,0.000,,,,,NVIDIA A100-SXM4-40GB MIG 4g.20gb (0),1,,13,"void convert_kernel<float2, __half2>(tensor_layout_any, T1 *, tensor_layout_any, const T2 *)"
2591836296,10943,108961,2253,1,1,128,1,1,16,0.000,0.000,,,,,NVIDIA A100-SXM4-40GB MIG 4g.20gb (0),1,,13,cupy_copy__float16_float16
2591849415,2880,108970,282,1,1,128,1,1,16,0.000,0.000,,,,,NVIDIA A100-SXM4-40GB MIG 4g.20gb (0),1,,13,cupy_copy__complex64_complex64
2591855911,2112,108979,26,1,1,128,1,1,16,0.000,0.000,,,,,NVIDIA A100-SXM4-40GB MIG 4g.20gb (0),1,,13,cupy_copy__float32_float32
2591861223,2880,108988,103,1,1,128,1,1,16,0.000,0.000,,,,,NVIDIA A100-SXM4-40GB MIG 4g.20gb (0),1,,13,cupy_copy__complex64_complex64
2591867207,11904,108998,1434,1,1,128,1,1,16,0.000,0.000,,,,,NVIDIA A100-SXM4-40GB MIG 4g.20gb (0),1,,13,cupy_copy__complex64_complex64
2591881479,82271,109003,1,1,1,32,32,1,30,0.000,0.000,,,,,NVIDIA A100-SXM4-40GB MIG 4g.20gb (0),1,,13,"void convert_kernel<__half2, float2>(tensor_layout_any, T1 *, tensor_layout_any, const T2 *)"
2591991590,5856,109006,,,,,,,,,,0.094,15999.997,Pinned,Device,NVIDIA A100-SXM4-40GB MIG 4g.20gb (0),1,,13,[CUDA memcpy Host-to-Device]
2592003301,596569,109007,,,,,,,,,,456.561,765196.973,Device,,NVIDIA A100-SXM4-40GB MIG 4g.20gb (0),1,,13,[CUDA memset]
2592607902,148702,109012,,,,,,,,,,1.235,8303.763,Pinned,Device,NVIDIA A100-SXM4-40GB MIG 4g.20gb (0),1,,13,[CUDA memcpy Host-to-Device]
2592772700,43135,109013,,,,,,,,,,0.197,4557.963,Pinned,Device,NVIDIA A100-SXM4-40GB MIG 4g.20gb (0),1,,13,[CUDA memcpy Host-to-Device]
2592843099,8480,109014,69,4,1,48,1,1,76,0.002,0.000,,,,,NVIDIA A100-SXM4-40GB MIG 4g.20gb (0),1,,13,"void ch_est::windowedChEstPreNoDftSOfdmKernel<float, __half, float, (unsigned int)2, (unsigned int)1, (unsigned short)4>(ch_est::puschRxChEstStatDescr_t *, ch_est::puschRxChEstDynDescr_t *)"
2592860763,6752,109015,137,2,1,24,2,1,44,0.001,0.001,,,,,NVIDIA A100-SXM4-40GB MIG 4g.20gb (0),1,,13,"void ch_est::chEstFilterNoDftSOfdmDispatchKernel<float, __half, float, (unsigned int)2>(ch_est::puschRxChEstStatDescr_t *, ch_est::puschRxChEstDynDescr_t *)"
2592878203,4736,109016,137,2,1,24,2,1,44,0.001,0.001,,,,,NVIDIA A100-SXM4-40GB MIG 4g.20gb (0),1,,13,"void ch_est::chEstFilterNoDftSOfdmDispatchKernel<float, __half, float, (unsigned int)2>(ch_est::puschRxChEstStatDescr_t *, ch_est::puschRxChEstDynDescr_t *)"
2592895994,2624,109027,103,1,1,128,1,1,16,0.000,0.000,,,,,NVIDIA A100-SXM4-40GB MIG 4g.20gb (0),1,,13,cupy_copy__complex64_complex64
2592912986,12608,109037,1434,1,1,128,1,1,16,0.000,0.000,,,,,NVIDIA A100-SXM4-40GB MIG 4g.20gb (0),1,,13,cupy_copy__complex64_complex64
2592931834,2944,109044,103,1,1,128,1,1,16,0.000,0.000,,,,,NVIDIA A100-SXM4-40GB MIG 4g.20gb (0),1,,13,cupy_copy__complex64_complex64
2592956794,89503,109051,1,1,1,32,32,1,30,0.000,0.000,,,,,NVIDIA A100-SXM4-40GB MIG 4g.20gb (0),1,,13,"void convert_kernel<__half2, float2>(tensor_layout_any, T1 *, tensor_layout_any, const T2 *)"
2593079448,15840,109054,,,,,,,,,,0.094,5915.122,Pinned,Device,NVIDIA A100-SXM4-40GB MIG 4g.20gb (0),1,,13,[CUDA memcpy Host-to-Device]
2593120024,46303,109055,,,,,,,,,,35.810,773351.032,Device,,NVIDIA A100-SXM4-40GB MIG 4g.20gb (0),1,,13,[CUDA memset]
2593174167,9664,109057,,,,,,,,,,0.000,8.278,Pinned,Device,NVIDIA A100-SXM4-40GB MIG 4g.20gb (0),1,,13,[CUDA memcpy Host-to-Device]
2593191127,18336,109058,,,,,,,,,,0.197,10722.410,Pinned,Device,NVIDIA A100-SXM4-40GB MIG 4g.20gb (0),1,,13,[CUDA memcpy Host-to-Device]
2593226870,9376,109059,273,1,1,48,1,1,40,0.000,0.001,,,,,NVIDIA A100-SXM4-40GB MIG 4g.20gb (0),1,,13,"void pusch_noise_intf_est::noiseIntfEstNoDftSOfdmKernel<float, __half, float, float, (unsigned int)2, (unsigned int)1, (unsigned char)4, (unsigned char)4>(pusch_noise_intf_est::puschRxNoiseIntfEstDynDescr)"
2593251350,2784,109070,35,1,1,128,1,1,16,0.000,0.000,,,,,NVIDIA A100-SXM4-40GB MIG 4g.20gb (0),1,,13,cupy_copy__complex64_complex64
2593264246,1696,109079,1,1,1,1,1,1,18,0.000,0.000,,,,,NVIDIA A100-SXM4-40GB MIG 4g.20gb (0),1,,13,cupy_copy__float32_float32
2593268214,4640,109085,,,,,,,,,,0.000,0.862,Device,Pageable,NVIDIA A100-SXM4-40GB MIG 4g.20gb (0),1,,7,[CUDA memcpy Device-to-Host]
2593350261,13216,109096,1434,1,1,128,1,1,16,0.000,0.000,,,,,NVIDIA A100-SXM4-40GB MIG 4g.20gb (0),1,,13,cupy_copy__complex64_complex64
2593375221,3359,109103,103,1,1,128,1,1,16,0.000,0.000,,,,,NVIDIA A100-SXM4-40GB MIG 4g.20gb (0),1,,13,cupy_copy__complex64_complex64
2593397108,2528,109110,35,1,1,128,1,1,16,0.000,0.000,,,,,NVIDIA A100-SXM4-40GB MIG 4g.20gb (0),1,,13,cupy_copy__complex64_complex64
2593413972,1792,109117,1,1,1,1,1,1,18,0.000,0.000,,,,,NVIDIA A100-SXM4-40GB MIG 4g.20gb (0),1,,13,cupy_copy__float32_float32
2593537683,82014,109128,1,1,1,32,32,1,30,0.000,0.000,,,,,NVIDIA A100-SXM4-40GB MIG 4g.20gb (0),1,,13,"void convert_kernel<__half2, float2>(tensor_layout_any, T1 *, tensor_layout_any, const T2 *)"
2593647633,5600,109131,,,,,,,,,,0.094,16731.388,Pinned,Device,NVIDIA A100-SXM4-40GB MIG 4g.20gb (0),1,,13,[CUDA memcpy Host-to-Device]
2593661937,3232,109132,,,,,,,,,,1.547,478533.199,Device,,NVIDIA A100-SXM4-40GB MIG 4g.20gb (0),1,,13,[CUDA memset]
2593669297,3232,109137,,,,,,,,,,0.031,9683.139,Pinned,Device,NVIDIA A100-SXM4-40GB MIG 4g.20gb (0),1,,13,[CUDA memcpy Host-to-Device]
2593675217,9760,109138,,,,,,,,,,0.197,20144.259,Pinned,Device,NVIDIA A100-SXM4-40GB MIG 4g.20gb (0),1,,13,[CUDA memcpy Host-to-Device]
2593690257,6336,109139,273,1,1,8,4,1,39,0.002,0.000,,,,,NVIDIA A100-SXM4-40GB MIG 4g.20gb (0),1,,13,"void channel_eq::eqMmseCoefCompLowMimoKernel<float, float, float, (unsigned int)4, (unsigned int)1, (unsigned int)4>(const channel_eq::_puschRxChEqStatDescr *, channel_eq::_puschRxChEqCoefCompDynDescr)"
2593697873,6207,109140,273,1,1,12,11,1,51,0.002,0.000,,,,,NVIDIA A100-SXM4-40GB MIG 4g.20gb (0),1,,13,"void channel_eq::eqMmseSoftDemapKernel<float, __half, __half, float, (unsigned int)4, (unsigned short)16383>(channel_eq::_puschRxChEqStatDescr *, channel_eq::_puschRxChEqSoftDemapDynDescr)"
2593705072,282333,109141,1,1,1,32,32,1,30,0.000,0.000,,,,,NVIDIA A100-SXM4-40GB MIG 4g.20gb (0),1,,13,"void convert_kernel<float2, __half2>(tensor_layout_any, T1 *, tensor_layout_any, const T2 *)"
2593990285,11072,109153,2253,1,1,128,1,1,16,0.000,0.000,,,,,NVIDIA A100-SXM4-40GB MIG 4g.20gb (0),1,,13,cupy_copy__float16_float16
2594005549,3616,109162,282,1,1,128,1,1,16,0.000,0.000,,,,,NVIDIA A100-SXM4-40GB MIG 4g.20gb (0),1,,13,cupy_copy__complex64_complex64
2594011341,2176,109171,26,1,1,128,1,1,16,0.000,0.000,,,,,NVIDIA A100-SXM4-40GB MIG 4g.20gb (0),1,,13,cupy_copy__float32_float32
2594016173,4704,109180,103,1,1,128,1,1,16,0.000,0.000,,,,,NVIDIA A100-SXM4-40GB MIG 4g.20gb (0),1,,13,cupy_copy__complex64_complex64
2594025772,12000,109190,1434,1,1,128,1,1,16,0.000,0.000,,,,,NVIDIA A100-SXM4-40GB MIG 4g.20gb (0),1,,13,cupy_copy__complex64_complex64
2594042668,82687,109195,1,1,1,32,32,1,30,0.000,0.000,,,,,NVIDIA A100-SXM4-40GB MIG 4g.20gb (0),1,,13,"void convert_kernel<__half2, float2>(tensor_layout_any, T1 *, tensor_layout_any, const T2 *)"
2594152619,6176,109198,,,,,,,,,,0.094,15170.975,Pinned,Device,NVIDIA A100-SXM4-40GB MIG 4g.20gb (0),1,,13,[CUDA memcpy Host-to-Device]
2594162507,599672,109199,,,,,,,,,,456.561,761087.920,Device,,NVIDIA A100-SXM4-40GB MIG 4g.20gb (0),1,,13,[CUDA memset]
2594767491,75167,109204,,,,,,,,,,1.235,16428.460,Pinned,Device,NVIDIA A100-SXM4-40GB MIG 4g.20gb (0),1,,13,[CUDA memcpy Host-to-Device]
2594849602,16448,109205,,,,,,,,,,0.197,11953.177,Pinned,Device,NVIDIA A100-SXM4-40GB MIG 4g.20gb (0),1,,13,[CUDA memcpy Host-to-Device]
2594874754,7616,109206,69,4,1,48,1,1,76,0.002,0.000,,,,,NVIDIA A100-SXM4-40GB MIG 4g.20gb (0),1,,13,"void ch_est::windowedChEstPreNoDftSOfdmKernel<float, __half, float, (unsigned int)2, (unsigned int)1, (unsigned short)4>(ch_est::puschRxChEstStatDescr_t *, ch_est::puschRxChEstDynDescr_t *)"
2594890402,7296,109207,137,2,1,24,2,1,44,0.001,0.001,,,,,NVIDIA A100-SXM4-40GB MIG 4g.20gb (0),1,,13,"void ch_est::chEstFilterNoDftSOfdmDispatchKernel<float, __half, float, (unsigned int)2>(ch_est::puschRxChEstStatDescr_t *, ch_est::puschRxChEstDynDescr_t *)"
2594899170,6272,109208,137,2,1,24,2,1,44,0.001,0.001,,,,,NVIDIA A100-SXM4-40GB MIG 4g.20gb (0),1,,13,"void ch_est::chEstFilterNoDftSOfdmDispatchKernel<float, __half, float, (unsigned int)2>(ch_est::puschRxChEstStatDescr_t *, ch_est::puschRxChEstDynDescr_t *)"
2594908290,2496,109219,103,1,1,128,1,1,16,0.000,0.000,,,,,NVIDIA A100-SXM4-40GB MIG 4g.20gb (0),1,,13,cupy_copy__complex64_complex64
2594917953,12928,109229,1434,1,1,128,1,1,16,0.000,0.000,,,,,NVIDIA A100-SXM4-40GB MIG 4g.20gb (0),1,,13,cupy_copy__complex64_complex64
2594936673,2528,109236,103,1,1,128,1,1,16,0.000,0.000,,,,,NVIDIA A100-SXM4-40GB MIG 4g.20gb (0),1,,13,cupy_copy__complex64_complex64
2594947873,89119,109243,1,1,1,32,32,1,30,0.000,0.000,,,,,NVIDIA A100-SXM4-40GB MIG 4g.20gb (0),1,,13,"void convert_kernel<__half2, float2>(tensor_layout_any, T1 *, tensor_layout_any, const T2 *)"
2595134271,10112,109246,,,,,,,,,,0.094,9265.785,Pinned,Device,NVIDIA A100-SXM4-40GB MIG 4g.20gb (0),1,,13,[CUDA memcpy Host-to-Device]
2595155295,46687,109247,,,,,,,,,,35.810,767012.676,Device,,NVIDIA A100-SXM4-40GB MIG 4g.20gb (0),1,,13,[CUDA memset]
2595209534,7168,109249,,,,,,,,,,0.000,11.161,Pinned,Device,NVIDIA A100-SXM4-40GB MIG 4g.20gb (0),1,,13,[CUDA memcpy Host-to-Device]
2595224606,19999,109250,,,,,,,,,,0.197,9830.793,Pinned,Device,NVIDIA A100-SXM4-40GB MIG 4g.20gb (0),1,,13,[CUDA memcpy Host-to-Device]
2595260861,8384,109251,273,1,1,48,1,1,40,0.000,0.001,,,,,NVIDIA A100-SXM4-40GB MIG 4g.20gb (0),1,,13,"void pusch_noise_intf_est::noiseIntfEstNoDftSOfdmKernel<float, __half, float, float, (unsigned int)2, (unsigned int)1, (unsigned char)4, (unsigned char)4>(pusch_noise_intf_est::puschRxNoiseIntfEstDynDescr)"
2595286493,3008,109262,35,1,1,128,1,1,16,0.000,0.000,,,,,NVIDIA A100-SXM4-40GB MIG 4g.20gb (0),1,,13,cupy_copy__complex64_complex64
2595318812,1984,109271,1,1,1,1,1,1,18,0.000,0.000,,,,,NVIDIA A100-SXM4-40GB MIG 4g.20gb (0),1,,13,cupy_copy__float32_float32
2595373276,2048,109277,,,,,,,,,,0.000,1.953,Device,Pageable,NVIDIA A100-SXM4-40GB MIG 4g.20gb (0),1,,7,[CUDA memcpy Device-to-Host]
2595464859,13152,109288,1434,1,1,128,1,1,16,0.000,0.000,,,,,NVIDIA A100-SXM4-40GB MIG 4g.20gb (0),1,,13,cupy_copy__complex64_complex64
2595493530,3456,109295,103,1,1,128,1,1,16,0.000,0.000,,,,,NVIDIA A100-SXM4-40GB MIG 4g.20gb (0),1,,13,cupy_copy__complex64_complex64
2595512890,2496,109302,35,1,1,128,1,1,16,0.000,0.000,,,,,NVIDIA A100-SXM4-40GB MIG 4g.20gb (0),1,,13,cupy_copy__complex64_complex64
2595530618,1760,109309,1,1,1,1,1,1,18,0.000,0.000,,,,,NVIDIA A100-SXM4-40GB MIG 4g.20gb (0),1,,13,cupy_copy__float32_float32
2595690456,87231,109320,1,1,1,32,32,1,30,0.000,0.000,,,,,NVIDIA A100-SXM4-40GB MIG 4g.20gb (0),1,,13,"void convert_kernel<__half2, float2>(tensor_layout_any, T1 *, tensor_layout_any, const T2 *)"
2595805846,5632,109323,,,,,,,,,,0.094,16636.287,Pinned,Device,NVIDIA A100-SXM4-40GB MIG 4g.20gb (0),1,,13,[CUDA memcpy Host-to-Device]
2595823510,3520,109324,,,,,,,,,,1.547,439380.412,Device,,NVIDIA A100-SXM4-40GB MIG 4g.20gb (0),1,,13,[CUDA memset]
2595829398,3072,109329,,,,,,,,,,0.031,10187.474,Pinned,Device,NVIDIA A100-SXM4-40GB MIG 4g.20gb (0),1,,13,[CUDA memcpy Host-to-Device]
2595835190,9824,109330,,,,,,,,,,0.197,20012.925,Pinned,Device,NVIDIA A100-SXM4-40GB MIG 4g.20gb (0),1,,13,[CUDA memcpy Host-to-Device]
2595850518,6208,109331,273,1,1,8,4,1,39,0.002,0.000,,,,,NVIDIA A100-SXM4-40GB MIG 4g.20gb (0),1,,13,"void channel_eq::eqMmseCoefCompLowMimoKernel<float, float, float, (unsigned int)4, (unsigned int)1, (unsigned int)4>(const channel_eq::_puschRxChEqStatDescr *, channel_eq::_puschRxChEqCoefCompDynDescr)"
2595859638,5792,109332,273,1,1,12,11,1,51,0.002,0.000,,,,,NVIDIA A100-SXM4-40GB MIG 4g.20gb (0),1,,13,"void channel_eq::eqMmseSoftDemapKernel<float, __half, __half, float, (unsigned int)4, (unsigned short)16383>(channel_eq::_puschRxChEqStatDescr *, channel_eq::_puschRxChEqSoftDemapDynDescr)"
2595866998,282332,109333,1,1,1,32,32,1,30,0.000,0.000,,,,,NVIDIA A100-SXM4-40GB MIG 4g.20gb (0),1,,13,"void convert_kernel<float2, __half2>(tensor_layout_any, T1 *, tensor_layout_any, const T2 *)"
2596151378,10880,109345,2253,1,1,128,1,1,16,0.000,0.000,,,,,NVIDIA A100-SXM4-40GB MIG 4g.20gb (0),1,,13,cupy_copy__float16_float16
2596164466,3136,109354,282,1,1,128,1,1,16,0.000,0.000,,,,,NVIDIA A100-SXM4-40GB MIG 4g.20gb (0),1,,13,cupy_copy__complex64_complex64
2596171634,2336,109363,26,1,1,128,1,1,16,0.000,0.000,,,,,NVIDIA A100-SXM4-40GB MIG 4g.20gb (0),1,,13,cupy_copy__float32_float32
2596176370,2944,109372,103,1,1,128,1,1,16,0.000,0.000,,,,,NVIDIA A100-SXM4-40GB MIG 4g.20gb (0),1,,13,cupy_copy__complex64_complex64
2596180306,12320,109382,1434,1,1,128,1,1,16,0.000,0.000,,,,,NVIDIA A100-SXM4-40GB MIG 4g.20gb (0),1,,13,cupy_copy__complex64_complex64
2596206162,82494,109387,1,1,1,32,32,1,30,0.000,0.000,,,,,NVIDIA A100-SXM4-40GB MIG 4g.20gb (0),1,,13,"void convert_kernel<__half2, float2>(tensor_layout_any, T1 *, tensor_layout_any, const T2 *)"
2596315504,5440,109390,,,,,,,,,,0.094,17223.480,Pinned,Device,NVIDIA A100-SXM4-40GB MIG 4g.20gb (0),1,,13,[CUDA memcpy Host-to-Device]
2596326064,599097,109391,,,,,,,,,,456.561,762001.043,Device,,NVIDIA A100-SXM4-40GB MIG 4g.20gb (0),1,,13,[CUDA memset]
2596932905,76159,109396,,,,,,,,,,1.235,16214.815,Pinned,Device,NVIDIA A100-SXM4-40GB MIG 4g.20gb (0),1,,13,[CUDA memcpy Host-to-Device]
2597015304,16863,109397,,,,,,,,,,0.197,11659.051,Pinned,Device,NVIDIA A100-SXM4-40GB MIG 4g.20gb (0),1,,13,[CUDA memcpy Host-to-Device]
2597045895,8448,109398,69,4,1,48,1,1,76,0.002,0.000,,,,,NVIDIA A100-SXM4-40GB MIG 4g.20gb (0),1,,13,"void ch_est::windowedChEstPreNoDftSOfdmKernel<float, __half, float, (unsigned int)2, (unsigned int)1, (unsigned short)4>(ch_est::puschRxChEstStatDescr_t *, ch_est::puschRxChEstDynDescr_t *)"
2597061735,7200,109399,137,2,1,24,2,1,44,0.001,0.001,,,,,NVIDIA A100-SXM4-40GB MIG 4g.20gb (0),1,,13,"void ch_est::chEstFilterNoDftSOfdmDispatchKernel<float, __half, float, (unsigned int)2>(ch_est::puschRxChEstStatDescr_t *, ch_est::puschRxChEstDynDescr_t *)"
2597076999,5120,109400,137,2,1,24,2,1,44,0.001,0.001,,,,,NVIDIA A100-SXM4-40GB MIG 4g.20gb (0),1,,13,"void ch_est::chEstFilterNoDftSOfdmDispatchKernel<float, __half, float, (unsigned int)2>(ch_est::puschRxChEstStatDescr_t *, ch_est::puschRxChEstDynDescr_t *)"
2597085255,3072,109411,103,1,1,128,1,1,16,0.000,0.000,,,,,NVIDIA A100-SXM4-40GB MIG 4g.20gb (0),1,,13,cupy_copy__complex64_complex64
2597093255,13375,109421,1434,1,1,128,1,1,16,0.000,0.000,,,,,NVIDIA A100-SXM4-40GB MIG 4g.20gb (0),1,,13,cupy_copy__complex64_complex64
2597109798,2912,109428,103,1,1,128,1,1,16,0.000,0.000,,,,,NVIDIA A100-SXM4-40GB MIG 4g.20gb (0),1,,13,cupy_copy__complex64_complex64
2597117894,84831,109435,1,1,1,32,32,1,30,0.000,0.000,,,,,NVIDIA A100-SXM4-40GB MIG 4g.20gb (0),1,,13,"void convert_kernel<__half2, float2>(tensor_layout_any, T1 *, tensor_layout_any, const T2 *)"
2597232517,13184,109438,,,,,,,,,,0.094,7106.748,Pinned,Device,NVIDIA A100-SXM4-40GB MIG 4g.20gb (0),1,,13,[CUDA memcpy Host-to-Device]
2597256997,46975,109439,,,,,,,,,,35.810,762285.767,Device,,NVIDIA A100-SXM4-40GB MIG 4g.20gb (0),1,,13,[CUDA memset]
2597311780,3872,109441,,,,,,,,,,0.000,20.661,Pinned,Device,NVIDIA A100-SXM4-40GB MIG 4g.20gb (0),1,,13,[CUDA memcpy Host-to-Device]
2597323684,22495,109442,,,,,,,,,,0.197,8740.012,Pinned,Device,NVIDIA A100-SXM4-40GB MIG 4g.20gb (0),1,,13,[CUDA memcpy Host-to-Device]
2597359939,8896,109443,273,1,1,48,1,1,40,0.000,0.001,,,,,NVIDIA A100-SXM4-40GB MIG 4g.20gb (0),1,,13,"void pusch_noise_intf_est::noiseIntfEstNoDftSOfdmKernel<float, __half, float, float, (unsigned int)2, (unsigned int)1, (unsigned char)4, (unsigned char)4>(pusch_noise_intf_est::puschRxNoiseIntfEstDynDescr)"
2597373059,2656,109454,35,1,1,128,1,1,16,0.000,0.000,,,,,NVIDIA A100-SXM4-40GB MIG 4g.20gb (0),1,,13,cupy_copy__complex64_complex64
2597381603,1696,109463,1,1,1,1,1,1,18,0.000,0.000,,,,,NVIDIA A100-SXM4-40GB MIG 4g.20gb (0),1,,13,cupy_copy__float32_float32
2597388643,3040,109469,,,,,,,,,,0.000,1.316,Device,Pageable,NVIDIA A100-SXM4-40GB MIG 4g.20gb (0),1,,7,[CUDA memcpy Device-to-Host]
2597463042,13152,109480,1434,1,1,128,1,1,16,0.000,0.000,,,,,NVIDIA A100-SXM4-40GB MIG 4g.20gb (0),1,,13,cupy_copy__complex64_complex64
2597491810,2848,109487,103,1,1,128,1,1,16,0.000,0.000,,,,,NVIDIA A100-SXM4-40GB MIG 4g.20gb (0),1,,13,cupy_copy__complex64_complex64
2597509793,2560,109494,35,1,1,128,1,1,16,0.000,0.000,,,,,NVIDIA A100-SXM4-40GB MIG 4g.20gb (0),1,,13,cupy_copy__complex64_complex64
2597533825,1856,109501,1,1,1,1,1,1,18,0.000,0.000,,,,,NVIDIA A100-SXM4-40GB MIG 4g.20gb (0),1,,13,cupy_copy__float32_float32
2597659680,82143,109512,1,1,1,32,32,1,30,0.000,0.000,,,,,NVIDIA A100-SXM4-40GB MIG 4g.20gb (0),1,,13,"void convert_kernel<__half2, float2>(tensor_layout_any, T1 *, tensor_layout_any, const T2 *)"
2597769214,5440,109515,,,,,,,,,,0.094,17223.480,Pinned,Device,NVIDIA A100-SXM4-40GB MIG 4g.20gb (0),1,,13,[CUDA memcpy Host-to-Device]
2597783966,3296,109516,,,,,,,,,,1.547,469242.628,Device,,NVIDIA A100-SXM4-40GB MIG 4g.20gb (0),1,,13,[CUDA memset]
2597793150,3008,109521,,,,,,,,,,0.031,10404.230,Pinned,Device,NVIDIA A100-SXM4-40GB MIG 4g.20gb (0),1,,13,[CUDA memcpy Host-to-Device]
2597798590,9536,109522,,,,,,,,,,0.197,20617.298,Pinned,Device,NVIDIA A100-SXM4-40GB MIG 4g.20gb (0),1,,13,[CUDA memcpy Host-to-Device]
2597814430,8192,109523,273,1,1,8,4,1,39,0.002,0.000,,,,,NVIDIA A100-SXM4-40GB MIG 4g.20gb (0),1,,13,"void channel_eq::eqMmseCoefCompLowMimoKernel<float, float, float, (unsigned int)4, (unsigned int)1, (unsigned int)4>(const channel_eq::_puschRxChEqStatDescr *, channel_eq::_puschRxChEqCoefCompDynDescr)"
2597824158,6111,109524,273,1,1,12,11,1,51,0.002,0.000,,,,,NVIDIA A100-SXM4-40GB MIG 4g.20gb (0),1,,13,"void channel_eq::eqMmseSoftDemapKernel<float, __half, __half, float, (unsigned int)4, (unsigned short)16383>(channel_eq::_puschRxChEqStatDescr *, channel_eq::_puschRxChEqSoftDemapDynDescr)"
2597831997,294589,109525,1,1,1,32,32,1,30,0.000,0.000,,,,,NVIDIA A100-SXM4-40GB MIG 4g.20gb (0),1,,13,"void convert_kernel<float2, __half2>(tensor_layout_any, T1 *, tensor_layout_any, const T2 *)"
2598132122,11040,109537,2253,1,1,128,1,1,16,0.000,0.000,,,,,NVIDIA A100-SXM4-40GB MIG 4g.20gb (0),1,,13,cupy_copy__float16_float16
2598145530,3040,109546,282,1,1,128,1,1,16,0.000,0.000,,,,,NVIDIA A100-SXM4-40GB MIG 4g.20gb (0),1,,13,cupy_copy__complex64_complex64
2598149625,2048,109555,26,1,1,128,1,1,16,0.000,0.000,,,,,NVIDIA A100-SXM4-40GB MIG 4g.20gb (0),1,,13,cupy_copy__float32_float32
2598154457,3232,109564,103,1,1,128,1,1,16,0.000,0.000,,,,,NVIDIA A100-SXM4-40GB MIG 4g.20gb (0),1,,13,cupy_copy__complex64_complex64
2598161817,12160,109574,1434,1,1,128,1,1,16,0.000,0.000,,,,,NVIDIA A100-SXM4-40GB MIG 4g.20gb (0),1,,13,cupy_copy__complex64_complex64
2598177945,86175,109579,1,1,1,32,32,1,30,0.000,0.000,,,,,NVIDIA A100-SXM4-40GB MIG 4g.20gb (0),1,,13,"void convert_kernel<__half2, float2>(tensor_layout_any, T1 *, tensor_layout_any, const T2 *)"
2598290872,5504,109582,,,,,,,,,,0.094,17023.251,Pinned,Device,NVIDIA A100-SXM4-40GB MIG 4g.20gb (0),1,,13,[CUDA memcpy Host-to-Device]
2598300792,597144,109583,,,,,,,,,,456.561,764283.851,Device,,NVIDIA A100-SXM4-40GB MIG 4g.20gb (0),1,,13,[CUDA memset]
2598902352,132991,109588,,,,,,,,,,1.235,9285.544,Pinned,Device,NVIDIA A100-SXM4-40GB MIG 4g.20gb (0),1,,13,[CUDA memcpy Host-to-Device]
2599043694,29792,109589,,,,,,,,,,0.197,6599.344,Pinned,Device,NVIDIA A100-SXM4-40GB MIG 4g.20gb (0),1,,13,[CUDA memcpy Host-to-Device]
2599088238,8352,109590,69,4,1,48,1,1,76,0.002,0.000,,,,,NVIDIA A100-SXM4-40GB MIG 4g.20gb (0),1,,13,"void ch_est::windowedChEstPreNoDftSOfdmKernel<float, __half, float, (unsigned int)2, (unsigned int)1, (unsigned short)4>(ch_est::puschRxChEstStatDescr_t *, ch_est::puschRxChEstDynDescr_t *)"
2599104110,6272,109591,137,2,1,24,2,1,44,0.001,0.001,,,,,NVIDIA A100-SXM4-40GB MIG 4g.20gb (0),1,,13,"void ch_est::chEstFilterNoDftSOfdmDispatchKernel<float, __half, float, (unsigned int)2>(ch_est::puschRxChEstStatDescr_t *, ch_est::puschRxChEstDynDescr_t *)"
2599117486,5727,109592,137,2,1,24,2,1,44,0.001,0.001,,,,,NVIDIA A100-SXM4-40GB MIG 4g.20gb (0),1,,13,"void ch_est::chEstFilterNoDftSOfdmDispatchKernel<float, __half, float, (unsigned int)2>(ch_est::puschRxChEstStatDescr_t *, ch_est::puschRxChEstDynDescr_t *)"
2599128781,2592,109603,103,1,1,128,1,1,16,0.000,0.000,,,,,NVIDIA A100-SXM4-40GB MIG 4g.20gb (0),1,,13,cupy_copy__complex64_complex64
2599133197,12544,109613,1434,1,1,128,1,1,16,0.000,0.000,,,,,NVIDIA A100-SXM4-40GB MIG 4g.20gb (0),1,,13,cupy_copy__complex64_complex64
2599148973,2528,109620,103,1,1,128,1,1,16,0.000,0.000,,,,,NVIDIA A100-SXM4-40GB MIG 4g.20gb (0),1,,13,cupy_copy__complex64_complex64
2599153773,83391,109627,1,1,1,32,32,1,30,0.000,0.000,,,,,NVIDIA A100-SXM4-40GB MIG 4g.20gb (0),1,,13,"void convert_kernel<__half2, float2>(tensor_layout_any, T1 *, tensor_layout_any, const T2 *)"
2599265996,6304,109630,,,,,,,,,,0.094,14862.903,Pinned,Device,NVIDIA A100-SXM4-40GB MIG 4g.20gb (0),1,,13,[CUDA memcpy Host-to-Device]
2599280748,46687,109631,,,,,,,,,,35.810,767012.676,Device,,NVIDIA A100-SXM4-40GB MIG 4g.20gb (0),1,,13,[CUDA memset]
2599331755,4320,109633,,,,,,,,,,0.000,18.518,Pinned,Device,NVIDIA A100-SXM4-40GB MIG 4g.20gb (0),1,,13,[CUDA memcpy Host-to-Device]
2599340523,12384,109634,,,,,,,,,,0.197,15875.899,Pinned,Device,NVIDIA A100-SXM4-40GB MIG 4g.20gb (0),1,,13,[CUDA memcpy Host-to-Device]
2599364170,11360,109635,273,1,1,48,1,1,40,0.000,0.001,,,,,NVIDIA A100-SXM4-40GB MIG 4g.20gb (0),1,,13,"void pusch_noise_intf_est::noiseIntfEstNoDftSOfdmKernel<float, __half, float, float, (unsigned int)2, (unsigned int)1, (unsigned char)4, (unsigned char)4>(pusch_noise_intf_est::puschRxNoiseIntfEstDynDescr)"
2599377642,3136,109646,35,1,1,128,1,1,16,0.000,0.000,,,,,NVIDIA A100-SXM4-40GB MIG 4g.20gb (0),1,,13,cupy_copy__complex64_complex64
2599386794,1888,109655,1,1,1,1,1,1,18,0.000,0.000,,,,,NVIDIA A100-SXM4-40GB MIG 4g.20gb (0),1,,13,cupy_copy__float32_float32
2599419370,1568,109661,,,,,,,,,,0.000,2.551,Device,Pageable,NVIDIA A100-SXM4-40GB MIG 4g.20gb (0),1,,7,[CUDA memcpy Device-to-Host]
2599478409,13120,109672,1434,1,1,128,1,1,16,0.000,0.000,,,,,NVIDIA A100-SXM4-40GB MIG 4g.20gb (0),1,,13,cupy_copy__complex64_complex64
2599505513,2752,109679,103,1,1,128,1,1,16,0.000,0.000,,,,,NVIDIA A100-SXM4-40GB MIG 4g.20gb (0),1,,13,cupy_copy__complex64_complex64
2599525480,2304,109686,35,1,1,128,1,1,16,0.000,0.000,,,,,NVIDIA A100-SXM4-40GB MIG 4g.20gb (0),1,,13,cupy_copy__complex64_complex64
2599542600,1760,109693,1,1,1,1,1,1,18,0.000,0.000,,,,,NVIDIA A100-SXM4-40GB MIG 4g.20gb (0),1,,13,cupy_copy__float32_float32
2599674439,81663,109704,1,1,1,32,32,1,30,0.000,0.000,,,,,NVIDIA A100-SXM4-40GB MIG 4g.20gb (0),1,,13,"void convert_kernel<__half2, float2>(tensor_layout_any, T1 *, tensor_layout_any, const T2 *)"
2599783621,5600,109707,,,,,,,,,,0.094,16731.388,Pinned,Device,NVIDIA A100-SXM4-40GB MIG 4g.20gb (0),1,,13,[CUDA memcpy Host-to-Device]
2599801157,3040,109708,,,,,,,,,,1.547,508757.325,Device,,NVIDIA A100-SXM4-40GB MIG 4g.20gb (0),1,,13,[CUDA memset]
2599808005,3168,109713,,,,,,,,,,0.031,9878.770,Pinned,Device,NVIDIA A100-SXM4-40GB MIG 4g.20gb (0),1,,13,[CUDA memcpy Host-to-Device]
2599814629,10112,109714,,,,,,,,,,0.197,19442.958,Pinned,Device,NVIDIA A100-SXM4-40GB MIG 4g.20gb (0),1,,13,[CUDA memcpy Host-to-Device]
2599830373,8384,109715,273,1,1,8,4,1,39,0.002,0.000,,,,,NVIDIA A100-SXM4-40GB MIG 4g.20gb (0),1,,13,"void channel_eq::eqMmseCoefCompLowMimoKernel<float, float, float, (unsigned int)4, (unsigned int)1, (unsigned int)4>(const channel_eq::_puschRxChEqStatDescr *, channel_eq::_puschRxChEqCoefCompDynDescr)"
2599840645,5824,109716,273,1,1,12,11,1,51,0.002,0.000,,,,,NVIDIA A100-SXM4-40GB MIG 4g.20gb (0),1,,13,"void channel_eq::eqMmseSoftDemapKernel<float, __half, __half, float, (unsigned int)4, (unsigned short)16383>(channel_eq::_puschRxChEqStatDescr *, channel_eq::_puschRxChEqSoftDemapDynDescr)"
2599848452,282397,109717,1,1,1,32,32,1,30,0.000,0.000,,,,,NVIDIA A100-SXM4-40GB MIG 4g.20gb (0),1,,13,"void convert_kernel<float2, __half2>(tensor_layout_any, T1 *, tensor_layout_any, const T2 *)"
2600131809,10880,109729,2253,1,1,128,1,1,16,0.000,0.000,,,,,NVIDIA A100-SXM4-40GB MIG 4g.20gb (0),1,,13,cupy_copy__float16_float16
2600146721,3616,109738,282,1,1,128,1,1,16,0.000,0.000,,,,,NVIDIA A100-SXM4-40GB MIG 4g.20gb (0),1,,13,cupy_copy__complex64_complex64
2600152097,2144,109747,26,1,1,128,1,1,16,0.000,0.000,,,,,NVIDIA A100-SXM4-40GB MIG 4g.20gb (0),1,,13,cupy_copy__float32_float32
2600155489,4544,109756,103,1,1,128,1,1,16,0.000,0.000,,,,,NVIDIA A100-SXM4-40GB MIG 4g.20gb (0),1,,13,cupy_copy__complex64_complex64
2600215808,12032,109772,1434,1,1,128,1,1,16,0.000,0.000,,,,,NVIDIA A100-SXM4-40GB MIG 4g.20gb (0),1,,13,cupy_copy__complex64_complex64
2600331199,82430,109777,1,1,1,32,32,1,30,0.000,0.000,,,,,NVIDIA A100-SXM4-40GB MIG 4g.20gb (0),1,,13,"void convert_kernel<__half2, float2>(tensor_layout_any, T1 *, tensor_layout_any, const T2 *)"
2600440733,5696,109780,,,,,,,,,,0.094,16449.363,Pinned,Device,NVIDIA A100-SXM4-40GB MIG 4g.20gb (0),1,,13,[CUDA memcpy Host-to-Device]
2600450333,599481,109781,,,,,,,,,,456.561,761544.482,Device,,NVIDIA A100-SXM4-40GB MIG 4g.20gb (0),1,,13,[CUDA memset]
2601054774,145374,109786,,,,,,,,,,1.235,8493.945,Pinned,Device,NVIDIA A100-SXM4-40GB MIG 4g.20gb (0),1,,13,[CUDA memcpy Host-to-Device]
2601211508,26047,109787,,,,,,,,,,0.197,7548.174,Pinned,Device,NVIDIA A100-SXM4-40GB MIG 4g.20gb (0),1,,13,[CUDA memcpy Host-to-Device]
2601251315,7936,109788,69,4,1,48,1,1,76,0.002,0.000,,,,,NVIDIA A100-SXM4-40GB MIG 4g.20gb (0),1,,13,"void ch_est::windowedChEstPreNoDftSOfdmKernel<float, __half, float, (unsigned int)2, (unsigned int)1, (unsigned short)4>(ch_est::puschRxChEstStatDescr_t *, ch_est::puschRxChEstDynDescr_t *)"
2601266323,6976,109789,137,2,1,24,2,1,44,0.001,0.001,,,,,NVIDIA A100-SXM4-40GB MIG 4g.20gb (0),1,,13,"void ch_est::chEstFilterNoDftSOfdmDispatchKernel<float, __half, float, (unsigned int)2>(ch_est::puschRxChEstStatDescr_t *, ch_est::puschRxChEstDynDescr_t *)"
2601280979,5312,109790,137,2,1,24,2,1,44,0.001,0.001,,,,,NVIDIA A100-SXM4-40GB MIG 4g.20gb (0),1,,13,"void ch_est::chEstFilterNoDftSOfdmDispatchKernel<float, __half, float, (unsigned int)2>(ch_est::puschRxChEstStatDescr_t *, ch_est::puschRxChEstDynDescr_t *)"
2601291347,3008,109801,103,1,1,128,1,1,16,0.000,0.000,,,,,NVIDIA A100-SXM4-40GB MIG 4g.20gb (0),1,,13,cupy_copy__complex64_complex64
2601297491,12319,109811,1434,1,1,128,1,1,16,0.000,0.000,,,,,NVIDIA A100-SXM4-40GB MIG 4g.20gb (0),1,,13,cupy_copy__complex64_complex64
2601311538,2528,109818,103,1,1,128,1,1,16,0.000,0.000,,,,,NVIDIA A100-SXM4-40GB MIG 4g.20gb (0),1,,13,cupy_copy__complex64_complex64
2601315538,83103,109825,1,1,1,32,32,1,30,0.000,0.000,,,,,NVIDIA A100-SXM4-40GB MIG 4g.20gb (0),1,,13,"void convert_kernel<__half2, float2>(tensor_layout_any, T1 *, tensor_layout_any, const T2 *)"
2601426417,5472,109828,,,,,,,,,,0.094,17122.757,Pinned,Device,NVIDIA A100-SXM4-40GB MIG 4g.20gb (0),1,,13,[CUDA memcpy Host-to-Device]
2601438161,48159,109829,,,,,,,,,,35.810,743557.179,Device,,NVIDIA A100-SXM4-40GB MIG 4g.20gb (0),1,,13,[CUDA memset]
2601492720,3104,109831,,,,,,,,,,0.000,25.773,Pinned,Device,NVIDIA A100-SXM4-40GB MIG 4g.20gb (0),1,,13,[CUDA memcpy Host-to-Device]
2601501360,11840,109832,,,,,,,,,,0.197,16605.315,Pinned,Device,NVIDIA A100-SXM4-40GB MIG 4g.20gb (0),1,,13,[CUDA memcpy Host-to-Device]
2601521616,9984,109833,273,1,1,48,1,1,40,0.000,0.001,,,,,NVIDIA A100-SXM4-40GB MIG 4g.20gb (0),1,,13,"void pusch_noise_intf_est::noiseIntfEstNoDftSOfdmKernel<float, __half, float, float, (unsigned int)2, (unsigned int)1, (unsigned char)4, (unsigned char)4>(pusch_noise_intf_est::puschRxNoiseIntfEstDynDescr)"
2601534864,2912,109844,35,1,1,128,1,1,16,0.000,0.000,,,,,NVIDIA A100-SXM4-40GB MIG 4g.20gb (0),1,,13,cupy_copy__complex64_complex64
2601547503,2144,109853,1,1,1,1,1,1,18,0.000,0.000,,,,,NVIDIA A100-SXM4-40GB MIG 4g.20gb (0),1,,13,cupy_copy__float32_float32
2601578383,1600,109859,,,,,,,,,,0.000,2.500,Device,Pageable,NVIDIA A100-SXM4-40GB MIG 4g.20gb (0),1,,7,[CUDA memcpy Device-to-Host]
2601639534,12800,109870,1434,1,1,128,1,1,16,0.000,0.000,,,,,NVIDIA A100-SXM4-40GB MIG 4g.20gb (0),1,,13,cupy_copy__complex64_complex64
2601665262,2976,109877,103,1,1,128,1,1,16,0.000,0.000,,,,,NVIDIA A100-SXM4-40GB MIG 4g.20gb (0),1,,13,cupy_copy__complex64_complex64
2601686478,2176,109884,35,1,1,128,1,1,16,0.000,0.000,,,,,NVIDIA A100-SXM4-40GB MIG 4g.20gb (0),1,,13,cupy_copy__complex64_complex64
2601703118,1792,109891,1,1,1,1,1,1,18,0.000,0.000,,,,,NVIDIA A100-SXM4-40GB MIG 4g.20gb (0),1,,13,cupy_copy__float32_float32
2601838156,87551,109902,1,1,1,32,32,1,30,0.000,0.000,,,,,NVIDIA A100-SXM4-40GB MIG 4g.20gb (0),1,,13,"void convert_kernel<__half2, float2>(tensor_layout_any, T1 *, tensor_layout_any, const T2 *)"
2601953642,5664,109905,,,,,,,,,,0.094,16542.310,Pinned,Device,NVIDIA A100-SXM4-40GB MIG 4g.20gb (0),1,,13,[CUDA memcpy Host-to-Device]
2601968778,3456,109906,,,,,,,,,,1.547,447517.201,Device,,NVIDIA A100-SXM4-40GB MIG 4g.20gb (0),1,,13,[CUDA memset]
2601975786,3552,109911,,,,,,,,,,0.031,8810.794,Pinned,Device,NVIDIA A100-SXM4-40GB MIG 4g.20gb (0),1,,13,[CUDA memcpy Host-to-Device]
2601981770,9760,109912,,,,,,,,,,0.197,20144.259,Pinned,Device,NVIDIA A100-SXM4-40GB MIG 4g.20gb (0),1,,13,[CUDA memcpy Host-to-Device]
2601996874,6336,109913,273,1,1,8,4,1,39,0.002,0.000,,,,,NVIDIA A100-SXM4-40GB MIG 4g.20gb (0),1,,13,"void channel_eq::eqMmseCoefCompLowMimoKernel<float, float, float, (unsigned int)4, (unsigned int)1, (unsigned int)4>(const channel_eq::_puschRxChEqStatDescr *, channel_eq::_puschRxChEqCoefCompDynDescr)"
2602004202,6336,109914,273,1,1,12,11,1,51,0.002,0.000,,,,,NVIDIA A100-SXM4-40GB MIG 4g.20gb (0),1,,13,"void channel_eq::eqMmseSoftDemapKernel<float, __half, __half, float, (unsigned int)4, (unsigned short)16383>(channel_eq::_puschRxChEqStatDescr *, channel_eq::_puschRxChEqSoftDemapDynDescr)"
2602011626,282908,109915,1,1,1,32,32,1,30,0.000,0.000,,,,,NVIDIA A100-SXM4-40GB MIG 4g.20gb (0),1,,13,"void convert_kernel<float2, __half2>(tensor_layout_any, T1 *, tensor_layout_any, const T2 *)"
2602297766,11232,109927,2253,1,1,128,1,1,16,0.000,0.000,,,,,NVIDIA A100-SXM4-40GB MIG 4g.20gb (0),1,,13,cupy_copy__float16_float16
2602311174,2944,109936,282,1,1,128,1,1,16,0.000,0.000,,,,,NVIDIA A100-SXM4-40GB MIG 4g.20gb (0),1,,13,cupy_copy__complex64_complex64
2602317478,2112,109945,26,1,1,128,1,1,16,0.000,0.000,,,,,NVIDIA A100-SXM4-40GB MIG 4g.20gb (0),1,,13,cupy_copy__float32_float32
2602321478,3296,109954,103,1,1,128,1,1,16,0.000,0.000,,,,,NVIDIA A100-SXM4-40GB MIG 4g.20gb (0),1,,13,cupy_copy__complex64_complex64
2602325734,11904,109964,1434,1,1,128,1,1,16,0.000,0.000,,,,,NVIDIA A100-SXM4-40GB MIG 4g.20gb (0),1,,13,cupy_copy__complex64_complex64
2602345894,87487,109969,1,1,1,32,32,1,30,0.000,0.000,,,,,NVIDIA A100-SXM4-40GB MIG 4g.20gb (0),1,,13,"void convert_kernel<__half2, float2>(tensor_layout_any, T1 *, tensor_layout_any, const T2 *)"
2602460644,5632,109972,,,,,,,,,,0.094,16636.287,Pinned,Device,NVIDIA A100-SXM4-40GB MIG 4g.20gb (0),1,,13,[CUDA memcpy Host-to-Device]
2602470980,599353,109973,,,,,,,,,,456.561,761544.482,Device,,NVIDIA A100-SXM4-40GB MIG 4g.20gb (0),1,,13,[CUDA memset]
2603078301,147134,109978,,,,,,,,,,1.235,8392.679,Pinned,Device,NVIDIA A100-SXM4-40GB MIG 4g.20gb (0),1,,13,[CUDA memcpy Host-to-Device]
2603238587,39775,109979,,,,,,,,,,0.197,4942.922,Pinned,Device,NVIDIA A100-SXM4-40GB MIG 4g.20gb (0),1,,13,[CUDA memcpy Host-to-Device]
2603307962,8320,109980,69,4,1,48,1,1,76,0.002,0.000,,,,,NVIDIA A100-SXM4-40GB MIG 4g.20gb (0),1,,13,"void ch_est::windowedChEstPreNoDftSOfdmKernel<float, __half, float, (unsigned int)2, (unsigned int)1, (unsigned short)4>(ch_est::puschRxChEstStatDescr_t *, ch_est::puschRxChEstDynDescr_t *)"
2603325753,6688,109981,137,2,1,24,2,1,44,0.001,0.001,,,,,NVIDIA A100-SXM4-40GB MIG 4g.20gb (0),1,,13,"void ch_est::chEstFilterNoDftSOfdmDispatchKernel<float, __half, float, (unsigned int)2>(ch_est::puschRxChEstStatDescr_t *, ch_est::puschRxChEstDynDescr_t *)"
2603343193,4704,109982,137,2,1,24,2,1,44,0.001,0.001,,,,,NVIDIA A100-SXM4-40GB MIG 4g.20gb (0),1,,13,"void ch_est::chEstFilterNoDftSOfdmDispatchKernel<float, __half, float, (unsigned int)2>(ch_est::puschRxChEstStatDescr_t *, ch_est::puschRxChEstDynDescr_t *)"
2603359993,2528,109993,103,1,1,128,1,1,16,0.000,0.000,,,,,NVIDIA A100-SXM4-40GB MIG 4g.20gb (0),1,,13,cupy_copy__complex64_complex64
2603379289,12256,110003,1434,1,1,128,1,1,16,0.000,0.000,,,,,NVIDIA A100-SXM4-40GB MIG 4g.20gb (0),1,,13,cupy_copy__complex64_complex64
2603397817,2912,110010,103,1,1,128,1,1,16,0.000,0.000,,,,,NVIDIA A100-SXM4-40GB MIG 4g.20gb (0),1,,13,cupy_copy__complex64_complex64
2603420920,89695,110017,1,1,1,32,32,1,30,0.000,0.000,,,,,NVIDIA A100-SXM4-40GB MIG 4g.20gb (0),1,,13,"void convert_kernel<__half2, float2>(tensor_layout_any, T1 *, tensor_layout_any, const T2 *)"
2603540631,7072,110020,,,,,,,,,,0.094,13248.802,Pinned,Device,NVIDIA A100-SXM4-40GB MIG 4g.20gb (0),1,,13,[CUDA memcpy Host-to-Device]
2603556439,46783,110021,,,,,,,,,,35.810,765437.040,Device,,NVIDIA A100-SXM4-40GB MIG 4g.20gb (0),1,,13,[CUDA memset]
2603606262,4032,110023,,,,,,,,,,0.000,19.841,Pinned,Device,NVIDIA A100-SXM4-40GB MIG 4g.20gb (0),1,,13,[CUDA memcpy Host-to-Device]
2603615062,10976,110024,,,,,,,,,,0.197,17912.365,Pinned,Device,NVIDIA A100-SXM4-40GB MIG 4g.20gb (0),1,,13,[CUDA memcpy Host-to-Device]
2603631126,10496,110025,273,1,1,48,1,1,40,0.000,0.001,,,,,NVIDIA A100-SXM4-40GB MIG 4g.20gb (0),1,,13,"void pusch_noise_intf_est::noiseIntfEstNoDftSOfdmKernel<float, __half, float, float, (unsigned int)2, (unsigned int)1, (unsigned char)4, (unsigned char)4>(pusch_noise_intf_est::puschRxNoiseIntfEstDynDescr)"
2603644598,2784,110036,35,1,1,128,1,1,16,0.000,0.000,,,,,NVIDIA A100-SXM4-40GB MIG 4g.20gb (0),1,,13,cupy_copy__complex64_complex64
2603660693,1920,110045,1,1,1,1,1,1,18,0.000,0.000,,,,,NVIDIA A100-SXM4-40GB MIG 4g.20gb (0),1,,13,cupy_copy__float32_float32
2603694261,1600,110051,,,,,,,,,,0.000,2.500,Device,Pageable,NVIDIA A100-SXM4-40GB MIG 4g.20gb (0),1,,7,[CUDA memcpy Device-to-Host]
2603754292,12832,110062,1434,1,1,128,1,1,16,0.000,0.000,,,,,NVIDIA A100-SXM4-40GB MIG 4g.20gb (0),1,,13,cupy_copy__complex64_complex64
2603780820,2880,110069,103,1,1,128,1,1,16,0.000,0.000,,,,,NVIDIA A100-SXM4-40GB MIG 4g.20gb (0),1,,13,cupy_copy__complex64_complex64
2603802260,2432,110076,35,1,1,128,1,1,16,0.000,0.000,,,,,NVIDIA A100-SXM4-40GB MIG 4g.20gb (0),1,,13,cupy_copy__complex64_complex64
2603819187,1760,110083,1,1,1,1,1,1,18,0.000,0.000,,,,,NVIDIA A100-SXM4-40GB MIG 4g.20gb (0),1,,13,cupy_copy__float32_float32
2603956146,87167,110094,1,1,1,32,32,1,30,0.000,0.000,,,,,NVIDIA A100-SXM4-40GB MIG 4g.20gb (0),1,,13,"void convert_kernel<__half2, float2>(tensor_layout_any, T1 *, tensor_layout_any, const T2 *)"
2604070736,6240,110097,,,,,,,,,,0.094,15015.346,Pinned,Device,NVIDIA A100-SXM4-40GB MIG 4g.20gb (0),1,,13,[CUDA memcpy Host-to-Device]
2604085232,3232,110098,,,,,,,,,,1.547,478533.199,Device,,NVIDIA A100-SXM4-40GB MIG 4g.20gb (0),1,,13,[CUDA memset]
2604092016,3008,110103,,,,,,,,,,0.031,10404.230,Pinned,Device,NVIDIA A100-SXM4-40GB MIG 4g.20gb (0),1,,13,[CUDA memcpy Host-to-Device]
2604097936,9856,110104,,,,,,,,,,0.197,19948.044,Pinned,Device,NVIDIA A100-SXM4-40GB MIG 4g.20gb (0),1,,13,[CUDA memcpy Host-to-Device]
2604112752,9280,110105,273,1,1,8,4,1,39,0.002,0.000,,,,,NVIDIA A100-SXM4-40GB MIG 4g.20gb (0),1,,13,"void channel_eq::eqMmseCoefCompLowMimoKernel<float, float, float, (unsigned int)4, (unsigned int)1, (unsigned int)4>(const channel_eq::_puschRxChEqStatDescr *, channel_eq::_puschRxChEqCoefCompDynDescr)"
2604122992,6304,110106,273,1,1,12,11,1,51,0.002,0.000,,,,,NVIDIA A100-SXM4-40GB MIG 4g.20gb (0),1,,13,"void channel_eq::eqMmseSoftDemapKernel<float, __half, __half, float, (unsigned int)4, (unsigned short)16383>(channel_eq::_puschRxChEqStatDescr *, channel_eq::_puschRxChEqSoftDemapDynDescr)"
2604130224,282524,110107,1,1,1,32,32,1,30,0.000,0.000,,,,,NVIDIA A100-SXM4-40GB MIG 4g.20gb (0),1,,13,"void convert_kernel<float2, __half2>(tensor_layout_any, T1 *, tensor_layout_any, const T2 *)"
2604416492,10912,110119,2253,1,1,128,1,1,16,0.000,0.000,,,,,NVIDIA A100-SXM4-40GB MIG 4g.20gb (0),1,,13,cupy_copy__float16_float16
2604430444,4096,110128,282,1,1,128,1,1,16,0.000,0.000,,,,,NVIDIA A100-SXM4-40GB MIG 4g.20gb (0),1,,13,cupy_copy__complex64_complex64
2604437068,2368,110137,26,1,1,128,1,1,16,0.000,0.000,,,,,NVIDIA A100-SXM4-40GB MIG 4g.20gb (0),1,,13,cupy_copy__float32_float32
2604441228,3008,110146,103,1,1,128,1,1,16,0.000,0.000,,,,,NVIDIA A100-SXM4-40GB MIG 4g.20gb (0),1,,13,cupy_copy__complex64_complex64
2604447596,12223,110156,1434,1,1,128,1,1,16,0.000,0.000,,,,,NVIDIA A100-SXM4-40GB MIG 4g.20gb (0),1,,13,cupy_copy__complex64_complex64
2604464619,82911,110161,1,1,1,32,32,1,30,0.000,0.000,,,,,NVIDIA A100-SXM4-40GB MIG 4g.20gb (0),1,,13,"void convert_kernel<__half2, float2>(tensor_layout_any, T1 *, tensor_layout_any, const T2 *)"
2604575018,5376,110164,,,,,,,,,,0.094,17428.487,Pinned,Device,NVIDIA A100-SXM4-40GB MIG 4g.20gb (0),1,,13,[CUDA memcpy Host-to-Device]
2604584746,596857,110165,,,,,,,,,,456.561,764740.412,Device,,NVIDIA A100-SXM4-40GB MIG 4g.20gb (0),1,,13,[CUDA memset]
2605184515,143358,110170,,,,,,,,,,1.235,8613.734,Pinned,Device,NVIDIA A100-SXM4-40GB MIG 4g.20gb (0),1,,13,[CUDA memcpy Host-to-Device]
2605344865,40159,110171,,,,,,,,,,0.197,4895.736,Pinned,Device,NVIDIA A100-SXM4-40GB MIG 4g.20gb (0),1,,13,[CUDA memcpy Host-to-Device]
2605415680,7936,110172,69,4,1,48,1,1,76,0.002,0.000,,,,,NVIDIA A100-SXM4-40GB MIG 4g.20gb (0),1,,13,"void ch_est::windowedChEstPreNoDftSOfdmKernel<float, __half, float, (unsigned int)2, (unsigned int)1, (unsigned short)4>(ch_est::puschRxChEstStatDescr_t *, ch_est::puschRxChEstDynDescr_t *)"
2605434943,6432,110173,137,2,1,24,2,1,44,0.001,0.001,,,,,NVIDIA A100-SXM4-40GB MIG 4g.20gb (0),1,,13,"void ch_est::chEstFilterNoDftSOfdmDispatchKernel<float, __half, float, (unsigned int)2>(ch_est::puschRxChEstStatDescr_t *, ch_est::puschRxChEstDynDescr_t *)"
2605451711,4736,110174,137,2,1,24,2,1,44,0.001,0.001,,,,,NVIDIA A100-SXM4-40GB MIG 4g.20gb (0),1,,13,"void ch_est::chEstFilterNoDftSOfdmDispatchKernel<float, __half, float, (unsigned int)2>(ch_est::puschRxChEstStatDescr_t *, ch_est::puschRxChEstDynDescr_t *)"
2605468959,2560,110185,103,1,1,128,1,1,16,0.000,0.000,,,,,NVIDIA A100-SXM4-40GB MIG 4g.20gb (0),1,,13,cupy_copy__complex64_complex64
2605485567,12544,110195,1434,1,1,128,1,1,16,0.000,0.000,,,,,NVIDIA A100-SXM4-40GB MIG 4g.20gb (0),1,,13,cupy_copy__complex64_complex64
2605510590,2592,110202,103,1,1,128,1,1,16,0.000,0.000,,,,,NVIDIA A100-SXM4-40GB MIG 4g.20gb (0),1,,13,cupy_copy__complex64_complex64
2605532926,87423,110209,1,1,1,32,32,1,30,0.000,0.000,,,,,NVIDIA A100-SXM4-40GB MIG 4g.20gb (0),1,,13,"void convert_kernel<__half2, float2>(tensor_layout_any, T1 *, tensor_layout_any, const T2 *)"
2605653277,25599,110212,,,,,,,,,,0.094,3660.141,Pinned,Device,NVIDIA A100-SXM4-40GB MIG 4g.20gb (0),1,,13,[CUDA memcpy Host-to-Device]
2605702172,47328,110213,,,,,,,,,,35.810,756627.800,Device,,NVIDIA A100-SXM4-40GB MIG 4g.20gb (0),1,,13,[CUDA memset]
2605758139,10272,110215,,,,,,,,,,0.000,7.788,Pinned,Device,NVIDIA A100-SXM4-40GB MIG 4g.20gb (0),1,,13,[CUDA memcpy Host-to-Device]
2605778555,33216,110216,,,,,,,,,,0.197,5918.884,Pinned,Device,NVIDIA A100-SXM4-40GB MIG 4g.20gb (0),1,,13,[CUDA memcpy Host-to-Device]
2605829659,10111,110217,273,1,1,48,1,1,40,0.000,0.001,,,,,NVIDIA A100-SXM4-40GB MIG 4g.20gb (0),1,,13,"void pusch_noise_intf_est::noiseIntfEstNoDftSOfdmKernel<float, __half, float, float, (unsigned int)2, (unsigned int)1, (unsigned char)4, (unsigned char)4>(pusch_noise_intf_est::puschRxNoiseIntfEstDynDescr)"
2605851194,2720,110228,35,1,1,128,1,1,16,0.000,0.000,,,,,NVIDIA A100-SXM4-40GB MIG 4g.20gb (0),1,,13,cupy_copy__complex64_complex64
2605861146,1824,110237,1,1,1,1,1,1,18,0.000,0.000,,,,,NVIDIA A100-SXM4-40GB MIG 4g.20gb (0),1,,13,cupy_copy__float32_float32
2605869562,6688,110243,,,,,,,,,,0.000,0.598,Device,Pageable,NVIDIA A100-SXM4-40GB MIG 4g.20gb (0),1,,7,[CUDA memcpy Device-to-Host]
2605947257,12768,110254,1434,1,1,128,1,1,16,0.000,0.000,,,,,NVIDIA A100-SXM4-40GB MIG 4g.20gb (0),1,,13,cupy_copy__complex64_complex64
2605972665,3008,110261,103,1,1,128,1,1,16,0.000,0.000,,,,,NVIDIA A100-SXM4-40GB MIG 4g.20gb (0),1,,13,cupy_copy__complex64_complex64
2605994809,2815,110268,35,1,1,128,1,1,16,0.000,0.000,,,,,NVIDIA A100-SXM4-40GB MIG 4g.20gb (0),1,,13,cupy_copy__complex64_complex64
2606014264,1856,110275,1,1,1,1,1,1,18,0.000,0.000,,,,,NVIDIA A100-SXM4-40GB MIG 4g.20gb (0),1,,13,cupy_copy__float32_float32
2606142903,81887,110286,1,1,1,32,32,1,30,0.000,0.000,,,,,NVIDIA A100-SXM4-40GB MIG 4g.20gb (0),1,,13,"void convert_kernel<__half2, float2>(tensor_layout_any, T1 *, tensor_layout_any, const T2 *)"
2606252917,5408,110289,,,,,,,,,,0.094,17325.421,Pinned,Device,NVIDIA A100-SXM4-40GB MIG 4g.20gb (0),1,,13,[CUDA memcpy Host-to-Device]
2606268661,3072,110290,,,,,,,,,,1.547,503457.044,Device,,NVIDIA A100-SXM4-40GB MIG 4g.20gb (0),1,,13,[CUDA memset]
2606274581,3296,110295,,,,,,,,,,0.031,9495.144,Pinned,Device,NVIDIA A100-SXM4-40GB MIG 4g.20gb (0),1,,13,[CUDA memcpy Host-to-Device]
2606279989,9568,110296,,,,,,,,,,0.197,20548.485,Pinned,Device,NVIDIA A100-SXM4-40GB MIG 4g.20gb (0),1,,13,[CUDA memcpy Host-to-Device]
2606294357,6368,110297,273,1,1,8,4,1,39,0.002,0.000,,,,,NVIDIA A100-SXM4-40GB MIG 4g.20gb (0),1,,13,"void channel_eq::eqMmseCoefCompLowMimoKernel<float, float, float, (unsigned int)4, (unsigned int)1, (unsigned int)4>(const channel_eq::_puschRxChEqStatDescr *, channel_eq::_puschRxChEqCoefCompDynDescr)"
2606301717,6272,110298,273,1,1,12,11,1,51,0.002,0.000,,,,,NVIDIA A100-SXM4-40GB MIG 4g.20gb (0),1,,13,"void channel_eq::eqMmseSoftDemapKernel<float, __half, __half, float, (unsigned int)4, (unsigned short)16383>(channel_eq::_puschRxChEqStatDescr *, channel_eq::_puschRxChEqSoftDemapDynDescr)"
2606309077,282140,110299,1,1,1,32,32,1,30,0.000,0.000,,,,,NVIDIA A100-SXM4-40GB MIG 4g.20gb (0),1,,13,"void convert_kernel<float2, __half2>(tensor_layout_any, T1 *, tensor_layout_any, const T2 *)"
2606594161,11072,110311,2253,1,1,128,1,1,16,0.000,0.000,,,,,NVIDIA A100-SXM4-40GB MIG 4g.20gb (0),1,,13,cupy_copy__float16_float16
2606606513,3040,110320,282,1,1,128,1,1,16,0.000,0.000,,,,,NVIDIA A100-SXM4-40GB MIG 4g.20gb (0),1,,13,cupy_copy__complex64_complex64
2606611185,2016,110329,26,1,1,128,1,1,16,0.000,0.000,,,,,NVIDIA A100-SXM4-40GB MIG 4g.20gb (0),1,,13,cupy_copy__float32_float32
2606614801,3008,110338,103,1,1,128,1,1,16,0.000,0.000,,,,,NVIDIA A100-SXM4-40GB MIG 4g.20gb (0),1,,13,cupy_copy__complex64_complex64
2606619825,11872,110348,1434,1,1,128,1,1,16,0.000,0.000,,,,,NVIDIA A100-SXM4-40GB MIG 4g.20gb (0),1,,13,cupy_copy__complex64_complex64
2606641873,81950,110353,1,1,1,32,32,1,30,0.000,0.000,,,,,NVIDIA A100-SXM4-40GB MIG 4g.20gb (0),1,,13,"void convert_kernel<__half2, float2>(tensor_layout_any, T1 *, tensor_layout_any, const T2 *)"
2606751055,5664,110356,,,,,,,,,,0.094,16542.310,Pinned,Device,NVIDIA A100-SXM4-40GB MIG 4g.20gb (0),1,,13,[CUDA memcpy Host-to-Device]
2606761327,598809,110357,,,,,,,,,,456.561,762001.043,Device,,NVIDIA A100-SXM4-40GB MIG 4g.20gb (0),1,,13,[CUDA memset]
2607362472,123582,110362,,,,,,,,,,1.235,9991.932,Pinned,Device,NVIDIA A100-SXM4-40GB MIG 4g.20gb (0),1,,13,[CUDA memcpy Host-to-Device]
2607494950,33664,110363,,,,,,,,,,0.197,5840.241,Pinned,Device,NVIDIA A100-SXM4-40GB MIG 4g.20gb (0),1,,13,[CUDA memcpy Host-to-Device]
2607542885,8000,110364,69,4,1,48,1,1,76,0.002,0.000,,,,,NVIDIA A100-SXM4-40GB MIG 4g.20gb (0),1,,13,"void ch_est::windowedChEstPreNoDftSOfdmKernel<float, __half, float, (unsigned int)2, (unsigned int)1, (unsigned short)4>(ch_est::puschRxChEstStatDescr_t *, ch_est::puschRxChEstDynDescr_t *)"
2607559045,6976,110365,137,2,1,24,2,1,44,0.001,0.001,,,,,NVIDIA A100-SXM4-40GB MIG 4g.20gb (0),1,,13,"void ch_est::chEstFilterNoDftSOfdmDispatchKernel<float, __half, float, (unsigned int)2>(ch_est::puschRxChEstStatDescr_t *, ch_est::puschRxChEstDynDescr_t *)"
2607574789,4768,110366,137,2,1,24,2,1,44,0.001,0.001,,,,,NVIDIA A100-SXM4-40GB MIG 4g.20gb (0),1,,13,"void ch_est::chEstFilterNoDftSOfdmDispatchKernel<float, __half, float, (unsigned int)2>(ch_est::puschRxChEstStatDescr_t *, ch_est::puschRxChEstDynDescr_t *)"
2607588869,2784,110377,103,1,1,128,1,1,16,0.000,0.000,,,,,NVIDIA A100-SXM4-40GB MIG 4g.20gb (0),1,,13,cupy_copy__complex64_complex64
2607603493,12575,110387,1434,1,1,128,1,1,16,0.000,0.000,,,,,NVIDIA A100-SXM4-40GB MIG 4g.20gb (0),1,,13,cupy_copy__complex64_complex64
2607638692,2400,110394,103,1,1,128,1,1,16,0.000,0.000,,,,,NVIDIA A100-SXM4-40GB MIG 4g.20gb (0),1,,13,cupy_copy__complex64_complex64
2607658788,84799,110401,1,1,1,32,32,1,30,0.000,0.000,,,,,NVIDIA A100-SXM4-40GB MIG 4g.20gb (0),1,,13,"void convert_kernel<__half2, float2>(tensor_layout_any, T1 *, tensor_layout_any, const T2 *)"
2607775106,28320,110404,,,,,,,,,,0.094,3308.406,Pinned,Device,NVIDIA A100-SXM4-40GB MIG 4g.20gb (0),1,,13,[CUDA memcpy Host-to-Device]
2607825218,47359,110405,,,,,,,,,,35.810,756126.461,Device,,NVIDIA A100-SXM4-40GB MIG 4g.20gb (0),1,,13,[CUDA memset]
2607878113,12000,110407,,,,,,,,,,0.000,6.667,Pinned,Device,NVIDIA A100-SXM4-40GB MIG 4g.20gb (0),1,,13,[CUDA memcpy Host-to-Device]
2607901473,23232,110408,,,,,,,,,,0.197,8462.795,Pinned,Device,NVIDIA A100-SXM4-40GB MIG 4g.20gb (0),1,,13,[CUDA memcpy Host-to-Device]
2607953056,10080,110409,273,1,1,48,1,1,40,0.000,0.001,,,,,NVIDIA A100-SXM4-40GB MIG 4g.20gb (0),1,,13,"void pusch_noise_intf_est::noiseIntfEstNoDftSOfdmKernel<float, __half, float, float, (unsigned int)2, (unsigned int)1, (unsigned char)4, (unsigned char)4>(pusch_noise_intf_est::puschRxNoiseIntfEstDynDescr)"
2607969888,2752,110420,35,1,1,128,1,1,16,0.000,0.000,,,,,NVIDIA A100-SXM4-40GB MIG 4g.20gb (0),1,,13,cupy_copy__complex64_complex64
2607986496,1792,110429,1,1,1,1,1,1,18,0.000,0.000,,,,,NVIDIA A100-SXM4-40GB MIG 4g.20gb (0),1,,13,cupy_copy__float32_float32
2607990944,7392,110435,,,,,,,,,,0.000,0.541,Device,Pageable,NVIDIA A100-SXM4-40GB MIG 4g.20gb (0),1,,7,[CUDA memcpy Device-to-Host]
2608093823,12511,110446,1434,1,1,128,1,1,16,0.000,0.000,,,,,NVIDIA A100-SXM4-40GB MIG 4g.20gb (0),1,,13,cupy_copy__complex64_complex64
2608117054,3040,110453,103,1,1,128,1,1,16,0.000,0.000,,,,,NVIDIA A100-SXM4-40GB MIG 4g.20gb (0),1,,13,cupy_copy__complex64_complex64
2608138174,2528,110460,35,1,1,128,1,1,16,0.000,0.000,,,,,NVIDIA A100-SXM4-40GB MIG 4g.20gb (0),1,,13,cupy_copy__complex64_complex64
2608158110,1792,110467,1,1,1,1,1,1,18,0.000,0.000,,,,,NVIDIA A100-SXM4-40GB MIG 4g.20gb (0),1,,13,cupy_copy__float32_float32
2608289724,86623,110478,1,1,1,32,32,1,30,0.000,0.000,,,,,NVIDIA A100-SXM4-40GB MIG 4g.20gb (0),1,,13,"void convert_kernel<__half2, float2>(tensor_layout_any, T1 *, tensor_layout_any, const T2 *)"
2608408155,13631,110481,,,,,,,,,,0.094,6873.726,Pinned,Device,NVIDIA A100-SXM4-40GB MIG 4g.20gb (0),1,,13,[CUDA memcpy Host-to-Device]
2608434330,3456,110482,,,,,,,,,,1.547,447517.201,Device,,NVIDIA A100-SXM4-40GB MIG 4g.20gb (0),1,,13,[CUDA memset]
2608444890,7168,110487,,,,,,,,,,0.031,4366.042,Pinned,Device,NVIDIA A100-SXM4-40GB MIG 4g.20gb (0),1,,13,[CUDA memcpy Host-to-Device]
2608459354,18208,110488,,,,,,,,,,0.197,10797.711,Pinned,Device,NVIDIA A100-SXM4-40GB MIG 4g.20gb (0),1,,13,[CUDA memcpy Host-to-Device]
2608489178,8160,110489,273,1,1,8,4,1,39,0.002,0.000,,,,,NVIDIA A100-SXM4-40GB MIG 4g.20gb (0),1,,13,"void channel_eq::eqMmseCoefCompLowMimoKernel<float, float, float, (unsigned int)4, (unsigned int)1, (unsigned int)4>(const channel_eq::_puschRxChEqStatDescr *, channel_eq::_puschRxChEqCoefCompDynDescr)"
2608504697,8160,110490,273,1,1,12,11,1,51,0.002,0.000,,,,,NVIDIA A100-SXM4-40GB MIG 4g.20gb (0),1,,13,"void channel_eq::eqMmseSoftDemapKernel<float, __half, __half, float, (unsigned int)4, (unsigned short)16383>(channel_eq::_puschRxChEqStatDescr *, channel_eq::_puschRxChEqSoftDemapDynDescr)"
2608521657,282493,110491,1,1,1,32,32,1,30,0.000,0.000,,,,,NVIDIA A100-SXM4-40GB MIG 4g.20gb (0),1,,13,"void convert_kernel<float2, __half2>(tensor_layout_any, T1 *, tensor_layout_any, const T2 *)"
2608805142,10912,110503,2253,1,1,128,1,1,16,0.000,0.000,,,,,NVIDIA A100-SXM4-40GB MIG 4g.20gb (0),1,,13,cupy_copy__float16_float16
2608819190,3040,110512,282,1,1,128,1,1,16,0.000,0.000,,,,,NVIDIA A100-SXM4-40GB MIG 4g.20gb (0),1,,13,cupy_copy__complex64_complex64
2608823990,1984,110521,26,1,1,128,1,1,16,0.000,0.000,,,,,NVIDIA A100-SXM4-40GB MIG 4g.20gb (0),1,,13,cupy_copy__float32_float32
2608830005,3168,110530,103,1,1,128,1,1,16,0.000,0.000,,,,,NVIDIA A100-SXM4-40GB MIG 4g.20gb (0),1,,13,cupy_copy__complex64_complex64
2608835893,12160,110540,1434,1,1,128,1,1,16,0.000,0.000,,,,,NVIDIA A100-SXM4-40GB MIG 4g.20gb (0),1,,13,cupy_copy__complex64_complex64
2608850389,86719,110545,1,1,1,32,32,1,30,0.000,0.000,,,,,NVIDIA A100-SXM4-40GB MIG 4g.20gb (0),1,,13,"void convert_kernel<__half2, float2>(tensor_layout_any, T1 *, tensor_layout_any, const T2 *)"
2608964532,5888,110548,,,,,,,,,,0.094,15912.954,Pinned,Device,NVIDIA A100-SXM4-40GB MIG 4g.20gb (0),1,,13,[CUDA memcpy Host-to-Device]
2608976916,597656,110549,,,,,,,,,,456.561,763827.289,Device,,NVIDIA A100-SXM4-40GB MIG 4g.20gb (0),1,,13,[CUDA memset]
2609580492,133567,110554,,,,,,,,,,1.235,9244.791,Pinned,Device,NVIDIA A100-SXM4-40GB MIG 4g.20gb (0),1,,13,[CUDA memcpy Host-to-Device]
2609722378,22656,110555,,,,,,,,,,0.197,8677.884,Pinned,Device,NVIDIA A100-SXM4-40GB MIG 4g.20gb (0),1,,13,[CUDA memcpy Host-to-Device]
2609755818,8192,110556,69,4,1,48,1,1,76,0.002,0.000,,,,,NVIDIA A100-SXM4-40GB MIG 4g.20gb (0),1,,13,"void ch_est::windowedChEstPreNoDftSOfdmKernel<float, __half, float, (unsigned int)2, (unsigned int)1, (unsigned short)4>(ch_est::puschRxChEstStatDescr_t *, ch_est::puschRxChEstDynDescr_t *)"
2609765386,7456,110557,137,2,1,24,2,1,44,0.001,0.001,,,,,NVIDIA A100-SXM4-40GB MIG 4g.20gb (0),1,,13,"void ch_est::chEstFilterNoDftSOfdmDispatchKernel<float, __half, float, (unsigned int)2>(ch_est::puschRxChEstStatDescr_t *, ch_est::puschRxChEstDynDescr_t *)"
2609780234,5088,110558,137,2,1,24,2,1,44,0.001,0.001,,,,,NVIDIA A100-SXM4-40GB MIG 4g.20gb (0),1,,13,"void ch_est::chEstFilterNoDftSOfdmDispatchKernel<float, __half, float, (unsigned int)2>(ch_est::puschRxChEstStatDescr_t *, ch_est::puschRxChEstDynDescr_t *)"
2609788522,3104,110569,103,1,1,128,1,1,16,0.000,0.000,,,,,NVIDIA A100-SXM4-40GB MIG 4g.20gb (0),1,,13,cupy_copy__complex64_complex64
2609796330,13215,110579,1434,1,1,128,1,1,16,0.000,0.000,,,,,NVIDIA A100-SXM4-40GB MIG 4g.20gb (0),1,,13,cupy_copy__complex64_complex64
2609811849,2752,110586,103,1,1,128,1,1,16,0.000,0.000,,,,,NVIDIA A100-SXM4-40GB MIG 4g.20gb (0),1,,13,cupy_copy__complex64_complex64
2609821545,87935,110593,1,1,1,32,32,1,30,0.000,0.000,,,,,NVIDIA A100-SXM4-40GB MIG 4g.20gb (0),1,,13,"void convert_kernel<__half2, float2>(tensor_layout_any, T1 *, tensor_layout_any, const T2 *)"
2609936424,13472,110596,,,,,,,,,,0.094,6954.867,Pinned,Device,NVIDIA A100-SXM4-40GB MIG 4g.20gb (0),1,,13,[CUDA memcpy Host-to-Device]
2609955656,47359,110597,,,,,,,,,,35.810,756126.461,Device,,NVIDIA A100-SXM4-40GB MIG 4g.20gb (0),1,,13,[CUDA memset]
2610010247,2656,110599,,,,,,,,,,0.000,30.120,Pinned,Device,NVIDIA A100-SXM4-40GB MIG 4g.20gb (0),1,,13,[CUDA memcpy Host-to-Device]
2610019591,21023,110600,,,,,,,,,,0.197,9351.856,Pinned,Device,NVIDIA A100-SXM4-40GB MIG 4g.20gb (0),1,,13,[CUDA memcpy Host-to-Device]
2610055718,9120,110601,273,1,1,48,1,1,40,0.000,0.001,,,,,NVIDIA A100-SXM4-40GB MIG 4g.20gb (0),1,,13,"void pusch_noise_intf_est::noiseIntfEstNoDftSOfdmKernel<float, __half, float, float, (unsigned int)2, (unsigned int)1, (unsigned char)4, (unsigned char)4>(pusch_noise_intf_est::puschRxNoiseIntfEstDynDescr)"
2610068806,2848,110612,35,1,1,128,1,1,16,0.000,0.000,,,,,NVIDIA A100-SXM4-40GB MIG 4g.20gb (0),1,,13,cupy_copy__complex64_complex64
2610077158,1696,110621,1,1,1,1,1,1,18,0.000,0.000,,,,,NVIDIA A100-SXM4-40GB MIG 4g.20gb (0),1,,13,cupy_copy__float32_float32
2610089190,1952,110627,,,,,,,,,,0.000,2.049,Device,Pageable,NVIDIA A100-SXM4-40GB MIG 4g.20gb (0),1,,7,[CUDA memcpy Device-to-Host]
2610150213,12704,110638,1434,1,1,128,1,1,16,0.000,0.000,,,,,NVIDIA A100-SXM4-40GB MIG 4g.20gb (0),1,,13,cupy_copy__complex64_complex64
2610180901,2912,110645,103,1,1,128,1,1,16,0.000,0.000,,,,,NVIDIA A100-SXM4-40GB MIG 4g.20gb (0),1,,13,cupy_copy__complex64_complex64
2610201796,2304,110652,35,1,1,128,1,1,16,0.000,0.000,,,,,NVIDIA A100-SXM4-40GB MIG 4g.20gb (0),1,,13,cupy_copy__complex64_complex64
2610220164,1760,110659,1,1,1,1,1,1,18,0.000,0.000,,,,,NVIDIA A100-SXM4-40GB MIG 4g.20gb (0),1,,13,cupy_copy__float32_float32
2610353987,82975,110670,1,1,1,32,32,1,30,0.000,0.000,,,,,NVIDIA A100-SXM4-40GB MIG 4g.20gb (0),1,,13,"void convert_kernel<__half2, float2>(tensor_layout_any, T1 *, tensor_layout_any, const T2 *)"
2610464993,5376,110673,,,,,,,,,,0.094,17428.487,Pinned,Device,NVIDIA A100-SXM4-40GB MIG 4g.20gb (0),1,,13,[CUDA memcpy Host-to-Device]
2610479233,3200,110674,,,,,,,,,,1.547,483320.000,Device,,NVIDIA A100-SXM4-40GB MIG 4g.20gb (0),1,,13,[CUDA memset]
2610485953,3392,110679,,,,,,,,,,0.031,9226.405,Pinned,Device,NVIDIA A100-SXM4-40GB MIG 4g.20gb (0),1,,13,[CUDA memcpy Host-to-Device]
2610491425,9440,110680,,,,,,,,,,0.197,20827.079,Pinned,Device,NVIDIA A100-SXM4-40GB MIG 4g.20gb (0),1,,13,[CUDA memcpy Host-to-Device]
2610507297,6592,110681,273,1,1,8,4,1,39,0.002,0.000,,,,,NVIDIA A100-SXM4-40GB MIG 4g.20gb (0),1,,13,"void channel_eq::eqMmseCoefCompLowMimoKernel<float, float, float, (unsigned int)4, (unsigned int)1, (unsigned int)4>(const channel_eq::_puschRxChEqStatDescr *, channel_eq::_puschRxChEqCoefCompDynDescr)"
2610515105,6208,110682,273,1,1,12,11,1,51,0.002,0.000,,,,,NVIDIA A100-SXM4-40GB MIG 4g.20gb (0),1,,13,"void channel_eq::eqMmseSoftDemapKernel<float, __half, __half, float, (unsigned int)4, (unsigned short)16383>(channel_eq::_puschRxChEqStatDescr *, channel_eq::_puschRxChEqSoftDemapDynDescr)"
2610522273,282332,110683,1,1,1,32,32,1,30,0.000,0.000,,,,,NVIDIA A100-SXM4-40GB MIG 4g.20gb (0),1,,13,"void convert_kernel<float2, __half2>(tensor_layout_any, T1 *, tensor_layout_any, const T2 *)"
2610806045,11168,110695,2253,1,1,128,1,1,16,0.000,0.000,,,,,NVIDIA A100-SXM4-40GB MIG 4g.20gb (0),1,,13,cupy_copy__float16_float16
2610820701,3712,110704,282,1,1,128,1,1,16,0.000,0.000,,,,,NVIDIA A100-SXM4-40GB MIG 4g.20gb (0),1,,13,cupy_copy__complex64_complex64
2610827069,2208,110713,26,1,1,128,1,1,16,0.000,0.000,,,,,NVIDIA A100-SXM4-40GB MIG 4g.20gb (0),1,,13,cupy_copy__float32_float32
2610831165,2912,110722,103,1,1,128,1,1,16,0.000,0.000,,,,,NVIDIA A100-SXM4-40GB MIG 4g.20gb (0),1,,13,cupy_copy__complex64_complex64
2610837725,11871,110732,1434,1,1,128,1,1,16,0.000,0.000,,,,,NVIDIA A100-SXM4-40GB MIG 4g.20gb (0),1,,13,cupy_copy__complex64_complex64
2610861276,82591,110737,1,1,1,32,32,1,30,0.000,0.000,,,,,NVIDIA A100-SXM4-40GB MIG 4g.20gb (0),1,,13,"void convert_kernel<__half2, float2>(tensor_layout_any, T1 *, tensor_layout_any, const T2 *)"
2610972379,5824,110740,,,,,,,,,,0.094,16087.884,Pinned,Device,NVIDIA A100-SXM4-40GB MIG 4g.20gb (0),1,,13,[CUDA memcpy Host-to-Device]
2610984219,597080,110741,,,,,,,,,,456.561,764283.851,Device,,NVIDIA A100-SXM4-40GB MIG 4g.20gb (0),1,,13,[CUDA memset]
2611587187,141631,110746,,,,,,,,,,1.235,8718.705,Pinned,Device,NVIDIA A100-SXM4-40GB MIG 4g.20gb (0),1,,13,[CUDA memcpy Host-to-Device]
2611741809,40352,110747,,,,,,,,,,0.197,4872.143,Pinned,Device,NVIDIA A100-SXM4-40GB MIG 4g.20gb (0),1,,13,[CUDA memcpy Host-to-Device]
2611811729,8095,110748,69,4,1,48,1,1,76,0.002,0.000,,,,,NVIDIA A100-SXM4-40GB MIG 4g.20gb (0),1,,13,"void ch_est::windowedChEstPreNoDftSOfdmKernel<float, __half, float, (unsigned int)2, (unsigned int)1, (unsigned short)4>(ch_est::puschRxChEstStatDescr_t *, ch_est::puschRxChEstDynDescr_t *)"
2611829264,6848,110749,137,2,1,24,2,1,44,0.001,0.001,,,,,NVIDIA A100-SXM4-40GB MIG 4g.20gb (0),1,,13,"void ch_est::chEstFilterNoDftSOfdmDispatchKernel<float, __half, float, (unsigned int)2>(ch_est::puschRxChEstStatDescr_t *, ch_est::puschRxChEstDynDescr_t *)"
2611846704,4736,110750,137,2,1,24,2,1,44,0.001,0.001,,,,,NVIDIA A100-SXM4-40GB MIG 4g.20gb (0),1,,13,"void ch_est::chEstFilterNoDftSOfdmDispatchKernel<float, __half, float, (unsigned int)2>(ch_est::puschRxChEstStatDescr_t *, ch_est::puschRxChEstDynDescr_t *)"
2611863472,2464,110761,103,1,1,128,1,1,16,0.000,0.000,,,,,NVIDIA A100-SXM4-40GB MIG 4g.20gb (0),1,,13,cupy_copy__complex64_complex64
2611882480,12416,110771,1434,1,1,128,1,1,16,0.000,0.000,,,,,NVIDIA A100-SXM4-40GB MIG 4g.20gb (0),1,,13,cupy_copy__complex64_complex64
2611916975,2592,110778,103,1,1,128,1,1,16,0.000,0.000,,,,,NVIDIA A100-SXM4-40GB MIG 4g.20gb (0),1,,13,cupy_copy__complex64_complex64
2611930127,82111,110785,1,1,1,32,32,1,30,0.000,0.000,,,,,NVIDIA A100-SXM4-40GB MIG 4g.20gb (0),1,,13,"void convert_kernel<__half2, float2>(tensor_layout_any, T1 *, tensor_layout_any, const T2 *)"
2612042894,13408,110788,,,,,,,,,,0.094,6988.035,Pinned,Device,NVIDIA A100-SXM4-40GB MIG 4g.20gb (0),1,,13,[CUDA memcpy Host-to-Device]
2612062285,47520,110789,,,,,,,,,,35.810,753548.147,Device,,NVIDIA A100-SXM4-40GB MIG 4g.20gb (0),1,,13,[CUDA memset]
2612112813,8640,110791,,,,,,,,,,0.000,9.259,Pinned,Device,NVIDIA A100-SXM4-40GB MIG 4g.20gb (0),1,,13,[CUDA memcpy Host-to-Device]
2612125869,16160,110792,,,,,,,,,,0.197,12166.300,Pinned,Device,NVIDIA A100-SXM4-40GB MIG 4g.20gb (0),1,,13,[CUDA memcpy Host-to-Device]
2612151596,9664,110793,273,1,1,48,1,1,40,0.000,0.001,,,,,NVIDIA A100-SXM4-40GB MIG 4g.20gb (0),1,,13,"void pusch_noise_intf_est::noiseIntfEstNoDftSOfdmKernel<float, __half, float, float, (unsigned int)2, (unsigned int)1, (unsigned char)4, (unsigned char)4>(pusch_noise_intf_est::puschRxNoiseIntfEstDynDescr)"
2612169004,2720,110804,35,1,1,128,1,1,16,0.000,0.000,,,,,NVIDIA A100-SXM4-40GB MIG 4g.20gb (0),1,,13,cupy_copy__complex64_complex64
2612178988,1696,110813,1,1,1,1,1,1,18,0.000,0.000,,,,,NVIDIA A100-SXM4-40GB MIG 4g.20gb (0),1,,13,cupy_copy__float32_float32
2612195148,6784,110819,,,,,,,,,,0.000,0.590,Device,Pageable,NVIDIA A100-SXM4-40GB MIG 4g.20gb (0),1,,7,[CUDA memcpy Device-to-Host]
2612283243,13088,110830,1434,1,1,128,1,1,16,0.000,0.000,,,,,NVIDIA A100-SXM4-40GB MIG 4g.20gb (0),1,,13,cupy_copy__complex64_complex64
2612313130,2944,110837,103,1,1,128,1,1,16,0.000,0.000,,,,,NVIDIA A100-SXM4-40GB MIG 4g.20gb (0),1,,13,cupy_copy__complex64_complex64
2612326346,2720,110844,35,1,1,128,1,1,16,0.000,0.000,,,,,NVIDIA A100-SXM4-40GB MIG 4g.20gb (0),1,,13,cupy_copy__complex64_complex64
2612349514,1824,110851,1,1,1,1,1,1,18,0.000,0.000,,,,,NVIDIA A100-SXM4-40GB MIG 4g.20gb (0),1,,13,cupy_copy__float32_float32
2612476552,87615,110862,1,1,1,32,32,1,30,0.000,0.000,,,,,NVIDIA A100-SXM4-40GB MIG 4g.20gb (0),1,,13,"void convert_kernel<__half2, float2>(tensor_layout_any, T1 *, tensor_layout_any, const T2 *)"
2612591943,5632,110865,,,,,,,,,,0.094,16636.287,Pinned,Device,NVIDIA A100-SXM4-40GB MIG 4g.20gb (0),1,,13,[CUDA memcpy Host-to-Device]
2612606375,3424,110866,,,,,,,,,,1.547,451700.819,Device,,NVIDIA A100-SXM4-40GB MIG 4g.20gb (0),1,,13,[CUDA memset]
2612613383,3552,110871,,,,,,,,,,0.031,8810.794,Pinned,Device,NVIDIA A100-SXM4-40GB MIG 4g.20gb (0),1,,13,[CUDA memcpy Host-to-Device]
2612619367,10047,110872,,,,,,,,,,0.197,19568.787,Pinned,Device,NVIDIA A100-SXM4-40GB MIG 4g.20gb (0),1,,13,[CUDA memcpy Host-to-Device]
2612634662,6528,110873,273,1,1,8,4,1,39,0.002,0.000,,,,,NVIDIA A100-SXM4-40GB MIG 4g.20gb (0),1,,13,"void channel_eq::eqMmseCoefCompLowMimoKernel<float, float, float, (unsigned int)4, (unsigned int)1, (unsigned int)4>(const channel_eq::_puschRxChEqStatDescr *, channel_eq::_puschRxChEqCoefCompDynDescr)"
2612642150,6240,110874,273,1,1,12,11,1,51,0.002,0.000,,,,,NVIDIA A100-SXM4-40GB MIG 4g.20gb (0),1,,13,"void channel_eq::eqMmseSoftDemapKernel<float, __half, __half, float, (unsigned int)4, (unsigned short)16383>(channel_eq::_puschRxChEqStatDescr *, channel_eq::_puschRxChEqSoftDemapDynDescr)"
2612649382,282237,110875,1,1,1,32,32,1,30,0.000,0.000,,,,,NVIDIA A100-SXM4-40GB MIG 4g.20gb (0),1,,13,"void convert_kernel<float2, __half2>(tensor_layout_any, T1 *, tensor_layout_any, const T2 *)"
2612932771,11168,110887,2253,1,1,128,1,1,16,0.000,0.000,,,,,NVIDIA A100-SXM4-40GB MIG 4g.20gb (0),1,,13,cupy_copy__float16_float16
2612948387,3551,110896,282,1,1,128,1,1,16,0.000,0.000,,,,,NVIDIA A100-SXM4-40GB MIG 4g.20gb (0),1,,13,cupy_copy__complex64_complex64
2612953890,2176,110905,26,1,1,128,1,1,16,0.000,0.000,,,,,NVIDIA A100-SXM4-40GB MIG 4g.20gb (0),1,,13,cupy_copy__float32_float32
2612957474,4512,110914,103,1,1,128,1,1,16,0.000,0.000,,,,,NVIDIA A100-SXM4-40GB MIG 4g.20gb (0),1,,13,cupy_copy__complex64_complex64
2612964226,12096,110924,1434,1,1,128,1,1,16,0.000,0.000,,,,,NVIDIA A100-SXM4-40GB MIG 4g.20gb (0),1,,13,cupy_copy__complex64_complex64
2612986210,85567,110929,1,1,1,32,32,1,30,0.000,0.000,,,,,NVIDIA A100-SXM4-40GB MIG 4g.20gb (0),1,,13,"void convert_kernel<__half2, float2>(tensor_layout_any, T1 *, tensor_layout_any, const T2 *)"
2613098689,5632,110932,,,,,,,,,,0.094,16636.287,Pinned,Device,NVIDIA A100-SXM4-40GB MIG 4g.20gb (0),1,,13,[CUDA memcpy Host-to-Device]
2613109185,596888,110933,,,,,,,,,,456.561,764740.412,Device,,NVIDIA A100-SXM4-40GB MIG 4g.20gb (0),1,,13,[CUDA memset]
2613712217,143006,110938,,,,,,,,,,1.235,8634.728,Pinned,Device,NVIDIA A100-SXM4-40GB MIG 4g.20gb (0),1,,13,[CUDA memcpy Host-to-Device]
2613868023,35488,110939,,,,,,,,,,0.197,5540.020,Pinned,Device,NVIDIA A100-SXM4-40GB MIG 4g.20gb (0),1,,13,[CUDA memcpy Host-to-Device]
2613921111,8223,110940,69,4,1,48,1,1,76,0.002,0.000,,,,,NVIDIA A100-SXM4-40GB MIG 4g.20gb (0),1,,13,"void ch_est::windowedChEstPreNoDftSOfdmKernel<float, __half, float, (unsigned int)2, (unsigned int)1, (unsigned short)4>(ch_est::puschRxChEstStatDescr_t *, ch_est::puschRxChEstDynDescr_t *)"
2613936086,6784,110941,137,2,1,24,2,1,44,0.001,0.001,,,,,NVIDIA A100-SXM4-40GB MIG 4g.20gb (0),1,,13,"void ch_est::chEstFilterNoDftSOfdmDispatchKernel<float, __half, float, (unsigned int)2>(ch_est::puschRxChEstStatDescr_t *, ch_est::puschRxChEstDynDescr_t *)"
2613948758,4832,110942,137,2,1,24,2,1,44,0.001,0.001,,,,,NVIDIA A100-SXM4-40GB MIG 4g.20gb (0),1,,13,"void ch_est::chEstFilterNoDftSOfdmDispatchKernel<float, __half, float, (unsigned int)2>(ch_est::puschRxChEstStatDescr_t *, ch_est::puschRxChEstDynDescr_t *)"
2613961078,2656,110953,103,1,1,128,1,1,16,0.000,0.000,,,,,NVIDIA A100-SXM4-40GB MIG 4g.20gb (0),1,,13,cupy_copy__complex64_complex64
2613973046,12416,110963,1434,1,1,128,1,1,16,0.000,0.000,,,,,NVIDIA A100-SXM4-40GB MIG 4g.20gb (0),1,,13,cupy_copy__complex64_complex64
2613996758,2624,110970,103,1,1,128,1,1,16,0.000,0.000,,,,,NVIDIA A100-SXM4-40GB MIG 4g.20gb (0),1,,13,cupy_copy__complex64_complex64
2614012661,85023,110977,1,1,1,32,32,1,30,0.000,0.000,,,,,NVIDIA A100-SXM4-40GB MIG 4g.20gb (0),1,,13,"void convert_kernel<__half2, float2>(tensor_layout_any, T1 *, tensor_layout_any, const T2 *)"
2614127924,20288,110980,,,,,,,,,,0.094,4618.276,Pinned,Device,NVIDIA A100-SXM4-40GB MIG 4g.20gb (0),1,,13,[CUDA memcpy Host-to-Device]
2614159732,47391,110981,,,,,,,,,,35.810,755625.122,Device,,NVIDIA A100-SXM4-40GB MIG 4g.20gb (0),1,,13,[CUDA memset]
2614207667,10400,110983,,,,,,,,,,0.000,7.692,Pinned,Device,NVIDIA A100-SXM4-40GB MIG 4g.20gb (0),1,,13,[CUDA memcpy Host-to-Device]
2614231507,27647,110984,,,,,,,,,,0.197,7111.311,Pinned,Device,NVIDIA A100-SXM4-40GB MIG 4g.20gb (0),1,,13,[CUDA memcpy Host-to-Device]
2614272914,9728,110985,273,1,1,48,1,1,40,0.000,0.001,,,,,NVIDIA A100-SXM4-40GB MIG 4g.20gb (0),1,,13,"void pusch_noise_intf_est::noiseIntfEstNoDftSOfdmKernel<float, __half, float, float, (unsigned int)2, (unsigned int)1, (unsigned char)4, (unsigned char)4>(pusch_noise_intf_est::puschRxNoiseIntfEstDynDescr)"
2614287026,3008,110996,35,1,1,128,1,1,16,0.000,0.000,,,,,NVIDIA A100-SXM4-40GB MIG 4g.20gb (0),1,,13,cupy_copy__complex64_complex64
2614297074,2016,111005,1,1,1,1,1,1,18,0.000,0.000,,,,,NVIDIA A100-SXM4-40GB MIG 4g.20gb (0),1,,13,cupy_copy__float32_float32
2614300754,5952,111011,,,,,,,,,,0.000,0.672,Device,Pageable,NVIDIA A100-SXM4-40GB MIG 4g.20gb (0),1,,7,[CUDA memcpy Device-to-Host]
2614382225,13056,111022,1434,1,1,128,1,1,16,0.000,0.000,,,,,NVIDIA A100-SXM4-40GB MIG 4g.20gb (0),1,,13,cupy_copy__complex64_complex64
2614406961,3071,111029,103,1,1,128,1,1,16,0.000,0.000,,,,,NVIDIA A100-SXM4-40GB MIG 4g.20gb (0),1,,13,cupy_copy__complex64_complex64
2614433072,2624,111036,35,1,1,128,1,1,16,0.000,0.000,,,,,NVIDIA A100-SXM4-40GB MIG 4g.20gb (0),1,,13,cupy_copy__complex64_complex64
2614446960,1984,111043,1,1,1,1,1,1,18,0.000,0.000,,,,,NVIDIA A100-SXM4-40GB MIG 4g.20gb (0),1,,13,cupy_copy__float32_float32
2614575918,82975,111054,1,1,1,32,32,1,30,0.000,0.000,,,,,NVIDIA A100-SXM4-40GB MIG 4g.20gb (0),1,,13,"void convert_kernel<__half2, float2>(tensor_layout_any, T1 *, tensor_layout_any, const T2 *)"
2614687565,7552,111057,,,,,,,,,,0.094,12406.756,Pinned,Device,NVIDIA A100-SXM4-40GB MIG 4g.20gb (0),1,,13,[CUDA memcpy Host-to-Device]
2614705325,3488,111058,,,,,,,,,,1.547,443412.461,Device,,NVIDIA A100-SXM4-40GB MIG 4g.20gb (0),1,,13,[CUDA memset]
2614709421,4320,111063,,,,,,,,,,0.031,7244.429,Pinned,Device,NVIDIA A100-SXM4-40GB MIG 4g.20gb (0),1,,13,[CUDA memcpy Host-to-Device]
2614716685,9920,111064,,,,,,,,,,0.197,19819.266,Pinned,Device,NVIDIA A100-SXM4-40GB MIG 4g.20gb (0),1,,13,[CUDA memcpy Host-to-Device]
2614732716,6656,111065,273,1,1,8,4,1,39,0.002,0.000,,,,,NVIDIA A100-SXM4-40GB MIG 4g.20gb (0),1,,13,"void channel_eq::eqMmseCoefCompLowMimoKernel<float, float, float, (unsigned int)4, (unsigned int)1, (unsigned int)4>(const channel_eq::_puschRxChEqStatDescr *, channel_eq::_puschRxChEqCoefCompDynDescr)"
2614740716,6240,111066,273,1,1,12,11,1,51,0.002,0.000,,,,,NVIDIA A100-SXM4-40GB MIG 4g.20gb (0),1,,13,"void channel_eq::eqMmseSoftDemapKernel<float, __half, __half, float, (unsigned int)4, (unsigned short)16383>(channel_eq::_puschRxChEqStatDescr *, channel_eq::_puschRxChEqSoftDemapDynDescr)"
2614750732,294365,111067,1,1,1,32,32,1,30,0.000,0.000,,,,,NVIDIA A100-SXM4-40GB MIG 4g.20gb (0),1,,13,"void convert_kernel<float2, __half2>(tensor_layout_any, T1 *, tensor_layout_any, const T2 *)"
2615046409,11071,111079,2253,1,1,128,1,1,16,0.000,0.000,,,,,NVIDIA A100-SXM4-40GB MIG 4g.20gb (0),1,,13,cupy_copy__float16_float16
2615062184,3456,111088,282,1,1,128,1,1,16,0.000,0.000,,,,,NVIDIA A100-SXM4-40GB MIG 4g.20gb (0),1,,13,cupy_copy__complex64_complex64
2615067240,2144,111097,26,1,1,128,1,1,16,0.000,0.000,,,,,NVIDIA A100-SXM4-40GB MIG 4g.20gb (0),1,,13,cupy_copy__float32_float32
2615071656,3328,111106,103,1,1,128,1,1,16,0.000,0.000,,,,,NVIDIA A100-SXM4-40GB MIG 4g.20gb (0),1,,13,cupy_copy__complex64_complex64
2615077928,11968,111116,1434,1,1,128,1,1,16,0.000,0.000,,,,,NVIDIA A100-SXM4-40GB MIG 4g.20gb (0),1,,13,cupy_copy__complex64_complex64
2615094376,81919,111121,1,1,1,32,32,1,30,0.000,0.000,,,,,NVIDIA A100-SXM4-40GB MIG 4g.20gb (0),1,,13,"void convert_kernel<__half2, float2>(tensor_layout_any, T1 *, tensor_layout_any, const T2 *)"
2615203719,5696,111124,,,,,,,,,,0.094,16449.363,Pinned,Device,NVIDIA A100-SXM4-40GB MIG 4g.20gb (0),1,,13,[CUDA memcpy Host-to-Device]
2615213479,597816,111125,,,,,,,,,,456.561,763370.728,Device,,NVIDIA A100-SXM4-40GB MIG 4g.20gb (0),1,,13,[CUDA memset]
2615819135,141438,111130,,,,,,,,,,1.235,8731.054,Pinned,Device,NVIDIA A100-SXM4-40GB MIG 4g.20gb (0),1,,13,[CUDA memcpy Host-to-Device]
2615971453,36544,111131,,,,,,,,,,0.197,5379.981,Pinned,Device,NVIDIA A100-SXM4-40GB MIG 4g.20gb (0),1,,13,[CUDA memcpy Host-to-Device]
2616033724,8128,111132,69,4,1,48,1,1,76,0.002,0.000,,,,,NVIDIA A100-SXM4-40GB MIG 4g.20gb (0),1,,13,"void ch_est::windowedChEstPreNoDftSOfdmKernel<float, __half, float, (unsigned int)2, (unsigned int)1, (unsigned short)4>(ch_est::puschRxChEstStatDescr_t *, ch_est::puschRxChEstDynDescr_t *)"
2616051356,6880,111133,137,2,1,24,2,1,44,0.001,0.001,,,,,NVIDIA A100-SXM4-40GB MIG 4g.20gb (0),1,,13,"void ch_est::chEstFilterNoDftSOfdmDispatchKernel<float, __half, float, (unsigned int)2>(ch_est::puschRxChEstStatDescr_t *, ch_est::puschRxChEstDynDescr_t *)"
2616070908,4704,111134,137,2,1,24,2,1,44,0.001,0.001,,,,,NVIDIA A100-SXM4-40GB MIG 4g.20gb (0),1,,13,"void ch_est::chEstFilterNoDftSOfdmDispatchKernel<float, __half, float, (unsigned int)2>(ch_est::puschRxChEstStatDescr_t *, ch_est::puschRxChEstDynDescr_t *)"
2616087836,2624,111145,103,1,1,128,1,1,16,0.000,0.000,,,,,NVIDIA A100-SXM4-40GB MIG 4g.20gb (0),1,,13,cupy_copy__complex64_complex64
2616105276,12543,111155,1434,1,1,128,1,1,16,0.000,0.000,,,,,NVIDIA A100-SXM4-40GB MIG 4g.20gb (0),1,,13,cupy_copy__complex64_complex64
2616123771,2912,111162,103,1,1,128,1,1,16,0.000,0.000,,,,,NVIDIA A100-SXM4-40GB MIG 4g.20gb (0),1,,13,cupy_copy__complex64_complex64
2616143835,90399,111169,1,1,1,32,32,1,30,0.000,0.000,,,,,NVIDIA A100-SXM4-40GB MIG 4g.20gb (0),1,,13,"void convert_kernel<__half2, float2>(tensor_layout_any, T1 *, tensor_layout_any, const T2 *)"
2616267993,20064,111172,,,,,,,,,,0.094,4669.809,Pinned,Device,NVIDIA A100-SXM4-40GB MIG 4g.20gb (0),1,,13,[CUDA memcpy Host-to-Device]
2616302617,47007,111173,,,,,,,,,,35.810,761784.428,Device,,NVIDIA A100-SXM4-40GB MIG 4g.20gb (0),1,,13,[CUDA memset]
2616350744,12928,111175,,,,,,,,,,0.000,6.188,Pinned,Device,NVIDIA A100-SXM4-40GB MIG 4g.20gb (0),1,,13,[CUDA memcpy Host-to-Device]
2616372920,25280,111176,,,,,,,,,,0.197,7777.026,Pinned,Device,NVIDIA A100-SXM4-40GB MIG 4g.20gb (0),1,,13,[CUDA memcpy Host-to-Device]
2616421080,9503,111177,273,1,1,48,1,1,40,0.000,0.001,,,,,NVIDIA A100-SXM4-40GB MIG 4g.20gb (0),1,,13,"void pusch_noise_intf_est::noiseIntfEstNoDftSOfdmKernel<float, __half, float, float, (unsigned int)2, (unsigned int)1, (unsigned char)4, (unsigned char)4>(pusch_noise_intf_est::puschRxNoiseIntfEstDynDescr)"
2616440439,2912,111188,35,1,1,128,1,1,16,0.000,0.000,,,,,NVIDIA A100-SXM4-40GB MIG 4g.20gb (0),1,,13,cupy_copy__complex64_complex64
2616462807,1664,111197,1,1,1,1,1,1,18,0.000,0.000,,,,,NVIDIA A100-SXM4-40GB MIG 4g.20gb (0),1,,13,cupy_copy__float32_float32
2616469559,4640,111203,,,,,,,,,,0.000,0.862,Device,Pageable,NVIDIA A100-SXM4-40GB MIG 4g.20gb (0),1,,7,[CUDA memcpy Device-to-Host]
2616554422,13184,111214,1434,1,1,128,1,1,16,0.000,0.000,,,,,NVIDIA A100-SXM4-40GB MIG 4g.20gb (0),1,,13,cupy_copy__complex64_complex64
2616588310,2592,111221,103,1,1,128,1,1,16,0.000,0.000,,,,,NVIDIA A100-SXM4-40GB MIG 4g.20gb (0),1,,13,cupy_copy__complex64_complex64
2616594293,2528,111228,35,1,1,128,1,1,16,0.000,0.000,,,,,NVIDIA A100-SXM4-40GB MIG 4g.20gb (0),1,,13,cupy_copy__complex64_complex64
2616615861,1824,111235,1,1,1,1,1,1,18,0.000,0.000,,,,,NVIDIA A100-SXM4-40GB MIG 4g.20gb (0),1,,13,cupy_copy__float32_float32
2616739892,82591,111246,1,1,1,32,32,1,30,0.000,0.000,,,,,NVIDIA A100-SXM4-40GB MIG 4g.20gb (0),1,,13,"void convert_kernel<__half2, float2>(tensor_layout_any, T1 *, tensor_layout_any, const T2 *)"
2616851570,6112,111249,,,,,,,,,,0.094,15329.790,Pinned,Device,NVIDIA A100-SXM4-40GB MIG 4g.20gb (0),1,,13,[CUDA memcpy Host-to-Device]
2616865746,3264,111250,,,,,,,,,,1.547,473842.288,Device,,NVIDIA A100-SXM4-40GB MIG 4g.20gb (0),1,,13,[CUDA memset]
2616873170,3328,111255,,,,,,,,,,0.031,9403.822,Pinned,Device,NVIDIA A100-SXM4-40GB MIG 4g.20gb (0),1,,13,[CUDA memcpy Host-to-Device]
2616879314,9536,111256,,,,,,,,,,0.197,20617.298,Pinned,Device,NVIDIA A100-SXM4-40GB MIG 4g.20gb (0),1,,13,[CUDA memcpy Host-to-Device]
2616894386,6144,111257,273,1,1,8,4,1,39,0.002,0.000,,,,,NVIDIA A100-SXM4-40GB MIG 4g.20gb (0),1,,13,"void channel_eq::eqMmseCoefCompLowMimoKernel<float, float, float, (unsigned int)4, (unsigned int)1, (unsigned int)4>(const channel_eq::_puschRxChEqStatDescr *, channel_eq::_puschRxChEqCoefCompDynDescr)"
2616901746,7840,111258,273,1,1,12,11,1,51,0.002,0.000,,,,,NVIDIA A100-SXM4-40GB MIG 4g.20gb (0),1,,13,"void channel_eq::eqMmseSoftDemapKernel<float, __half, __half, float, (unsigned int)4, (unsigned short)16383>(channel_eq::_puschRxChEqStatDescr *, channel_eq::_puschRxChEqSoftDemapDynDescr)"
2616910546,282364,111259,1,1,1,32,32,1,30,0.000,0.000,,,,,NVIDIA A100-SXM4-40GB MIG 4g.20gb (0),1,,13,"void convert_kernel<float2, __half2>(tensor_layout_any, T1 *, tensor_layout_any, const T2 *)"
2617195278,10944,111271,2253,1,1,128,1,1,16,0.000,0.000,,,,,NVIDIA A100-SXM4-40GB MIG 4g.20gb (0),1,,13,cupy_copy__float16_float16
2617210414,2656,111280,282,1,1,128,1,1,16,0.000,0.000,,,,,NVIDIA A100-SXM4-40GB MIG 4g.20gb (0),1,,13,cupy_copy__complex64_complex64
2617215822,2048,111289,26,1,1,128,1,1,16,0.000,0.000,,,,,NVIDIA A100-SXM4-40GB MIG 4g.20gb (0),1,,13,cupy_copy__float32_float32
2617218990,3168,111298,103,1,1,128,1,1,16,0.000,0.000,,,,,NVIDIA A100-SXM4-40GB MIG 4g.20gb (0),1,,13,cupy_copy__complex64_complex64
2617223246,11744,111308,1434,1,1,128,1,1,16,0.000,0.000,,,,,NVIDIA A100-SXM4-40GB MIG 4g.20gb (0),1,,13,cupy_copy__complex64_complex64
2617243629,86623,111313,1,1,1,32,32,1,30,0.000,0.000,,,,,NVIDIA A100-SXM4-40GB MIG 4g.20gb (0),1,,13,"void convert_kernel<__half2, float2>(tensor_layout_any, T1 *, tensor_layout_any, const T2 *)"
2617357164,5952,111316,,,,,,,,,,0.094,15741.865,Pinned,Device,NVIDIA A100-SXM4-40GB MIG 4g.20gb (0),1,,13,[CUDA memcpy Host-to-Device]
2617368172,597209,111317,,,,,,,,,,456.561,764283.851,Device,,NVIDIA A100-SXM4-40GB MIG 4g.20gb (0),1,,13,[CUDA memset]
2617966916,116767,111322,,,,,,,,,,1.235,10576.060,Pinned,Device,NVIDIA A100-SXM4-40GB MIG 4g.20gb (0),1,,13,[CUDA memcpy Host-to-Device]
2618088163,18720,111323,,,,,,,,,,0.197,10502.406,Pinned,Device,NVIDIA A100-SXM4-40GB MIG 4g.20gb (0),1,,13,[CUDA memcpy Host-to-Device]
2618115715,8896,111324,69,4,1,48,1,1,76,0.002,0.000,,,,,NVIDIA A100-SXM4-40GB MIG 4g.20gb (0),1,,13,"void ch_est::windowedChEstPreNoDftSOfdmKernel<float, __half, float, (unsigned int)2, (unsigned int)1, (unsigned short)4>(ch_est::puschRxChEstStatDescr_t *, ch_est::puschRxChEstDynDescr_t *)"
2618130850,7680,111325,137,2,1,24,2,1,44,0.001,0.001,,,,,NVIDIA A100-SXM4-40GB MIG 4g.20gb (0),1,,13,"void ch_est::chEstFilterNoDftSOfdmDispatchKernel<float, __half, float, (unsigned int)2>(ch_est::puschRxChEstStatDescr_t *, ch_est::puschRxChEstDynDescr_t *)"
2618146114,5344,111326,137,2,1,24,2,1,44,0.001,0.001,,,,,NVIDIA A100-SXM4-40GB MIG 4g.20gb (0),1,,13,"void ch_est::chEstFilterNoDftSOfdmDispatchKernel<float, __half, float, (unsigned int)2>(ch_est::puschRxChEstStatDescr_t *, ch_est::puschRxChEstDynDescr_t *)"
2618155394,2528,111337,103,1,1,128,1,1,16,0.000,0.000,,,,,NVIDIA A100-SXM4-40GB MIG 4g.20gb (0),1,,13,cupy_copy__complex64_complex64
2618163426,12992,111347,1434,1,1,128,1,1,16,0.000,0.000,,,,,NVIDIA A100-SXM4-40GB MIG 4g.20gb (0),1,,13,cupy_copy__complex64_complex64
2618181730,3104,111354,103,1,1,128,1,1,16,0.000,0.000,,,,,NVIDIA A100-SXM4-40GB MIG 4g.20gb (0),1,,13,cupy_copy__complex64_complex64
2618191042,91807,111361,1,1,1,32,32,1,30,0.000,0.000,,,,,NVIDIA A100-SXM4-40GB MIG 4g.20gb (0),1,,13,"void convert_kernel<__half2, float2>(tensor_layout_any, T1 *, tensor_layout_any, const T2 *)"
2618312800,13472,111364,,,,,,,,,,0.094,6954.867,Pinned,Device,NVIDIA A100-SXM4-40GB MIG 4g.20gb (0),1,,13,[CUDA memcpy Host-to-Device]
2618330976,48607,111365,,,,,,,,,,35.810,736717.484,Device,,NVIDIA A100-SXM4-40GB MIG 4g.20gb (0),1,,13,[CUDA memset]
2618384031,8864,111367,,,,,,,,,,0.000,9.025,Pinned,Device,NVIDIA A100-SXM4-40GB MIG 4g.20gb (0),1,,13,[CUDA memcpy Host-to-Device]
2618402623,16832,111368,,,,,,,,,,0.197,11680.481,Pinned,Device,NVIDIA A100-SXM4-40GB MIG 4g.20gb (0),1,,13,[CUDA memcpy Host-to-Device]
2618431679,9504,111369,273,1,1,48,1,1,40,0.000,0.001,,,,,NVIDIA A100-SXM4-40GB MIG 4g.20gb (0),1,,13,"void pusch_noise_intf_est::noiseIntfEstNoDftSOfdmKernel<float, __half, float, float, (unsigned int)2, (unsigned int)1, (unsigned char)4, (unsigned char)4>(pusch_noise_intf_est::puschRxNoiseIntfEstDynDescr)"
2618450015,2783,111380,35,1,1,128,1,1,16,0.000,0.000,,,,,NVIDIA A100-SXM4-40GB MIG 4g.20gb (0),1,,13,cupy_copy__complex64_complex64
2618460862,1696,111389,1,1,1,1,1,1,18,0.000,0.000,,,,,NVIDIA A100-SXM4-40GB MIG 4g.20gb (0),1,,13,cupy_copy__float32_float32
2618469630,5248,111395,,,,,,,,,,0.000,0.762,Device,Pageable,NVIDIA A100-SXM4-40GB MIG 4g.20gb (0),1,,7,[CUDA memcpy Device-to-Host]
2618549437,13056,111406,1434,1,1,128,1,1,16,0.000,0.000,,,,,NVIDIA A100-SXM4-40GB MIG 4g.20gb (0),1,,13,cupy_copy__complex64_complex64
2618579005,2688,111413,103,1,1,128,1,1,16,0.000,0.000,,,,,NVIDIA A100-SXM4-40GB MIG 4g.20gb (0),1,,13,cupy_copy__complex64_complex64
2618598269,2688,111420,35,1,1,128,1,1,16,0.000,0.000,,,,,NVIDIA A100-SXM4-40GB MIG 4g.20gb (0),1,,13,cupy_copy__complex64_complex64
2618613628,1856,111427,1,1,1,1,1,1,18,0.000,0.000,,,,,NVIDIA A100-SXM4-40GB MIG 4g.20gb (0),1,,13,cupy_copy__float32_float32
2618739195,82623,111438,1,1,1,32,32,1,30,0.000,0.000,,,,,NVIDIA A100-SXM4-40GB MIG 4g.20gb (0),1,,13,"void convert_kernel<__half2, float2>(tensor_layout_any, T1 *, tensor_layout_any, const T2 *)"
2618857273,5568,111441,,,,,,,,,,0.094,16827.521,Pinned,Device,NVIDIA A100-SXM4-40GB MIG 4g.20gb (0),1,,13,[CUDA memcpy Host-to-Device]
2618873753,3200,111442,,,,,,,,,,1.547,483320.000,Device,,NVIDIA A100-SXM4-40GB MIG 4g.20gb (0),1,,13,[CUDA memset]
2618879065,3680,111447,,,,,,,,,,0.031,8504.344,Pinned,Device,NVIDIA A100-SXM4-40GB MIG 4g.20gb (0),1,,13,[CUDA memcpy Host-to-Device]
2618885305,9440,111448,,,,,,,,,,0.197,20827.079,Pinned,Device,NVIDIA A100-SXM4-40GB MIG 4g.20gb (0),1,,13,[CUDA memcpy Host-to-Device]
2618899609,6592,111449,273,1,1,8,4,1,39,0.002,0.000,,,,,NVIDIA A100-SXM4-40GB MIG 4g.20gb (0),1,,13,"void channel_eq::eqMmseCoefCompLowMimoKernel<float, float, float, (unsigned int)4, (unsigned int)1, (unsigned int)4>(const channel_eq::_puschRxChEqStatDescr *, channel_eq::_puschRxChEqCoefCompDynDescr)"
2618907225,7744,111450,273,1,1,12,11,1,51,0.002,0.000,,,,,NVIDIA A100-SXM4-40GB MIG 4g.20gb (0),1,,13,"void channel_eq::eqMmseSoftDemapKernel<float, __half, __half, float, (unsigned int)4, (unsigned short)16383>(channel_eq::_puschRxChEqStatDescr *, channel_eq::_puschRxChEqSoftDemapDynDescr)"
2618916089,294716,111451,1,1,1,32,32,1,30,0.000,0.000,,,,,NVIDIA A100-SXM4-40GB MIG 4g.20gb (0),1,,13,"void convert_kernel<float2, __half2>(tensor_layout_any, T1 *, tensor_layout_any, const T2 *)"
2619211829,11040,111463,2253,1,1,128,1,1,16,0.000,0.000,,,,,NVIDIA A100-SXM4-40GB MIG 4g.20gb (0),1,,13,cupy_copy__float16_float16
2619225013,3616,111472,282,1,1,128,1,1,16,0.000,0.000,,,,,NVIDIA A100-SXM4-40GB MIG 4g.20gb (0),1,,13,cupy_copy__complex64_complex64
2619230869,2048,111481,26,1,1,128,1,1,16,0.000,0.000,,,,,NVIDIA A100-SXM4-40GB MIG 4g.20gb (0),1,,13,cupy_copy__float32_float32
2619234069,3072,111490,103,1,1,128,1,1,16,0.000,0.000,,,,,NVIDIA A100-SXM4-40GB MIG 4g.20gb (0),1,,13,cupy_copy__complex64_complex64
2619240213,12000,111500,1434,1,1,128,1,1,16,0.000,0.000,,,,,NVIDIA A100-SXM4-40GB MIG 4g.20gb (0),1,,13,cupy_copy__complex64_complex64
2619256725,82591,111505,1,1,1,32,32,1,30,0.000,0.000,,,,,NVIDIA A100-SXM4-40GB MIG 4g.20gb (0),1,,13,"void convert_kernel<__half2, float2>(tensor_layout_any, T1 *, tensor_layout_any, const T2 *)"
2619366611,5664,111508,,,,,,,,,,0.094,16542.310,Pinned,Device,NVIDIA A100-SXM4-40GB MIG 4g.20gb (0),1,,13,[CUDA memcpy Host-to-Device]
2619377395,596857,111509,,,,,,,,,,456.561,764740.412,Device,,NVIDIA A100-SXM4-40GB MIG 4g.20gb (0),1,,13,[CUDA memset]
2619976140,114206,111514,,,,,,,,,,1.235,10813.170,Pinned,Device,NVIDIA A100-SXM4-40GB MIG 4g.20gb (0),1,,13,[CUDA memcpy Host-to-Device]
2620099370,32544,111515,,,,,,,,,,0.197,6041.174,Pinned,Device,NVIDIA A100-SXM4-40GB MIG 4g.20gb (0),1,,13,[CUDA memcpy Host-to-Device]
2620151913,8096,111516,69,4,1,48,1,1,76,0.002,0.000,,,,,NVIDIA A100-SXM4-40GB MIG 4g.20gb (0),1,,13,"void ch_est::windowedChEstPreNoDftSOfdmKernel<float, __half, float, (unsigned int)2, (unsigned int)1, (unsigned short)4>(ch_est::puschRxChEstStatDescr_t *, ch_est::puschRxChEstDynDescr_t *)"
2620167433,6656,111517,137,2,1,24,2,1,44,0.001,0.001,,,,,NVIDIA A100-SXM4-40GB MIG 4g.20gb (0),1,,13,"void ch_est::chEstFilterNoDftSOfdmDispatchKernel<float, __half, float, (unsigned int)2>(ch_est::puschRxChEstStatDescr_t *, ch_est::puschRxChEstDynDescr_t *)"
2620181609,4672,111518,137,2,1,24,2,1,44,0.001,0.001,,,,,NVIDIA A100-SXM4-40GB MIG 4g.20gb (0),1,,13,"void ch_est::chEstFilterNoDftSOfdmDispatchKernel<float, __half, float, (unsigned int)2>(ch_est::puschRxChEstStatDescr_t *, ch_est::puschRxChEstDynDescr_t *)"
2620196169,2336,111529,103,1,1,128,1,1,16,0.000,0.000,,,,,NVIDIA A100-SXM4-40GB MIG 4g.20gb (0),1,,13,cupy_copy__complex64_complex64
2620213001,12416,111539,1434,1,1,128,1,1,16,0.000,0.000,,,,,NVIDIA A100-SXM4-40GB MIG 4g.20gb (0),1,,13,cupy_copy__complex64_complex64
2620236264,2624,111546,103,1,1,128,1,1,16,0.000,0.000,,,,,NVIDIA A100-SXM4-40GB MIG 4g.20gb (0),1,,13,cupy_copy__complex64_complex64
2620246856,83871,111553,1,1,1,32,32,1,30,0.000,0.000,,,,,NVIDIA A100-SXM4-40GB MIG 4g.20gb (0),1,,13,"void convert_kernel<__half2, float2>(tensor_layout_any, T1 *, tensor_layout_any, const T2 *)"
2620359143,6048,111556,,,,,,,,,,0.094,15491.978,Pinned,Device,NVIDIA A100-SXM4-40GB MIG 4g.20gb (0),1,,13,[CUDA memcpy Host-to-Device]
2620371303,46879,111557,,,,,,,,,,35.810,763861.404,Device,,NVIDIA A100-SXM4-40GB MIG 4g.20gb (0),1,,13,[CUDA memset]
2620425542,4608,111559,,,,,,,,,,0.000,17.361,Pinned,Device,NVIDIA A100-SXM4-40GB MIG 4g.20gb (0),1,,13,[CUDA memcpy Host-to-Device]
2620436166,11488,111560,,,,,,,,,,0.197,17114.137,Pinned,Device,NVIDIA A100-SXM4-40GB MIG 4g.20gb (0),1,,13,[CUDA memcpy Host-to-Device]
2620457030,10048,111561,273,1,1,48,1,1,40,0.000,0.001,,,,,NVIDIA A100-SXM4-40GB MIG 4g.20gb (0),1,,13,"void pusch_noise_intf_est::noiseIntfEstNoDftSOfdmKernel<float, __half, float, float, (unsigned int)2, (unsigned int)1, (unsigned char)4, (unsigned char)4>(pusch_noise_intf_est::puschRxNoiseIntfEstDynDescr)"
2620474373,2784,111572,35,1,1,128,1,1,16,0.000,0.000,,,,,NVIDIA A100-SXM4-40GB MIG 4g.20gb (0),1,,13,cupy_copy__complex64_complex64
2620483685,2112,111581,1,1,1,1,1,1,18,0.000,0.000,,,,,NVIDIA A100-SXM4-40GB MIG 4g.20gb (0),1,,13,cupy_copy__float32_float32
2620513733,1568,111587,,,,,,,,,,0.000,2.551,Device,Pageable,NVIDIA A100-SXM4-40GB MIG 4g.20gb (0),1,,7,[CUDA memcpy Device-to-Host]
2620573188,12736,111598,1434,1,1,128,1,1,16,0.000,0.000,,,,,NVIDIA A100-SXM4-40GB MIG 4g.20gb (0),1,,13,cupy_copy__complex64_complex64
2620599076,2656,111605,103,1,1,128,1,1,16,0.000,0.000,,,,,NVIDIA A100-SXM4-40GB MIG 4g.20gb (0),1,,13,cupy_copy__complex64_complex64
2620620004,2464,111612,35,1,1,128,1,1,16,0.000,0.000,,,,,NVIDIA A100-SXM4-40GB MIG 4g.20gb (0),1,,13,cupy_copy__complex64_complex64
2620639331,1760,111619,1,1,1,1,1,1,18,0.000,0.000,,,,,NVIDIA A100-SXM4-40GB MIG 4g.20gb (0),1,,13,cupy_copy__float32_float32
2620770018,82271,111630,1,1,1,32,32,1,30,0.000,0.000,,,,,NVIDIA A100-SXM4-40GB MIG 4g.20gb (0),1,,13,"void convert_kernel<__half2, float2>(tensor_layout_any, T1 *, tensor_layout_any, const T2 *)"
2620879712,5408,111633,,,,,,,,,,0.094,17325.421,Pinned,Device,NVIDIA A100-SXM4-40GB MIG 4g.20gb (0),1,,13,[CUDA memcpy Host-to-Device]
2620896544,3104,111634,,,,,,,,,,1.547,498266.574,Device,,NVIDIA A100-SXM4-40GB MIG 4g.20gb (0),1,,13,[CUDA memset]
2620901376,3776,111639,,,,,,,,,,0.031,8288.120,Pinned,Device,NVIDIA A100-SXM4-40GB MIG 4g.20gb (0),1,,13,[CUDA memcpy Host-to-Device]
2620907552,10144,111640,,,,,,,,,,0.197,19381.617,Pinned,Device,NVIDIA A100-SXM4-40GB MIG 4g.20gb (0),1,,13,[CUDA memcpy Host-to-Device]
2620922976,6336,111641,273,1,1,8,4,1,39,0.002,0.000,,,,,NVIDIA A100-SXM4-40GB MIG 4g.20gb (0),1,,13,"void channel_eq::eqMmseCoefCompLowMimoKernel<float, float, float, (unsigned int)4, (unsigned int)1, (unsigned int)4>(const channel_eq::_puschRxChEqStatDescr *, channel_eq::_puschRxChEqCoefCompDynDescr)"
2620930400,6240,111642,273,1,1,12,11,1,51,0.002,0.000,,,,,NVIDIA A100-SXM4-40GB MIG 4g.20gb (0),1,,13,"void channel_eq::eqMmseSoftDemapKernel<float, __half, __half, float, (unsigned int)4, (unsigned short)16383>(channel_eq::_puschRxChEqStatDescr *, channel_eq::_puschRxChEqSoftDemapDynDescr)"
2620940128,293884,111643,1,1,1,32,32,1,30,0.000,0.000,,,,,NVIDIA A100-SXM4-40GB MIG 4g.20gb (0),1,,13,"void convert_kernel<float2, __half2>(tensor_layout_any, T1 *, tensor_layout_any, const T2 *)"
2621235196,11040,111655,2253,1,1,128,1,1,16,0.000,0.000,,,,,NVIDIA A100-SXM4-40GB MIG 4g.20gb (0),1,,13,cupy_copy__float16_float16
2621250172,3616,111664,282,1,1,128,1,1,16,0.000,0.000,,,,,NVIDIA A100-SXM4-40GB MIG 4g.20gb (0),1,,13,cupy_copy__complex64_complex64
2621255612,2208,111673,26,1,1,128,1,1,16,0.000,0.000,,,,,NVIDIA A100-SXM4-40GB MIG 4g.20gb (0),1,,13,cupy_copy__float32_float32
2621259708,3776,111682,103,1,1,128,1,1,16,0.000,0.000,,,,,NVIDIA A100-SXM4-40GB MIG 4g.20gb (0),1,,13,cupy_copy__complex64_complex64
2621264636,12288,111692,1434,1,1,128,1,1,16,0.000,0.000,,,,,NVIDIA A100-SXM4-40GB MIG 4g.20gb (0),1,,13,cupy_copy__complex64_complex64
2621280764,87518,111697,1,1,1,32,32,1,30,0.000,0.000,,,,,NVIDIA A100-SXM4-40GB MIG 4g.20gb (0),1,,13,"void convert_kernel<__half2, float2>(tensor_layout_any, T1 *, tensor_layout_any, const T2 *)"
2621394970,5728,111700,,,,,,,,,,0.094,16357.541,Pinned,Device,NVIDIA A100-SXM4-40GB MIG 4g.20gb (0),1,,13,[CUDA memcpy Host-to-Device]
2621405370,599673,111701,,,,,,,,,,456.561,761087.920,Device,,NVIDIA A100-SXM4-40GB MIG 4g.20gb (0),1,,13,[CUDA memset]
2622011122,131167,111706,,,,,,,,,,1.235,9413.978,Pinned,Device,NVIDIA A100-SXM4-40GB MIG 4g.20gb (0),1,,13,[CUDA memcpy Host-to-Device]
2622155089,40127,111707,,,,,,,,,,0.197,4899.471,Pinned,Device,NVIDIA A100-SXM4-40GB MIG 4g.20gb (0),1,,13,[CUDA memcpy Host-to-Device]
2622218576,8480,111708,69,4,1,48,1,1,76,0.002,0.000,,,,,NVIDIA A100-SXM4-40GB MIG 4g.20gb (0),1,,13,"void ch_est::windowedChEstPreNoDftSOfdmKernel<float, __half, float, (unsigned int)2, (unsigned int)1, (unsigned short)4>(ch_est::puschRxChEstStatDescr_t *, ch_est::puschRxChEstDynDescr_t *)"
2622236016,6880,111709,137,2,1,24,2,1,44,0.001,0.001,,,,,NVIDIA A100-SXM4-40GB MIG 4g.20gb (0),1,,13,"void ch_est::chEstFilterNoDftSOfdmDispatchKernel<float, __half, float, (unsigned int)2>(ch_est::puschRxChEstStatDescr_t *, ch_est::puschRxChEstDynDescr_t *)"
2622252560,4671,111710,137,2,1,24,2,1,44,0.001,0.001,,,,,NVIDIA A100-SXM4-40GB MIG 4g.20gb (0),1,,13,"void ch_est::chEstFilterNoDftSOfdmDispatchKernel<float, __half, float, (unsigned int)2>(ch_est::puschRxChEstStatDescr_t *, ch_est::puschRxChEstDynDescr_t *)"
2622270447,2592,111721,103,1,1,128,1,1,16,0.000,0.000,,,,,NVIDIA A100-SXM4-40GB MIG 4g.20gb (0),1,,13,cupy_copy__complex64_complex64
2622285455,12768,111731,1434,1,1,128,1,1,16,0.000,0.000,,,,,NVIDIA A100-SXM4-40GB MIG 4g.20gb (0),1,,13,cupy_copy__complex64_complex64
2622300943,2944,111738,103,1,1,128,1,1,16,0.000,0.000,,,,,NVIDIA A100-SXM4-40GB MIG 4g.20gb (0),1,,13,cupy_copy__complex64_complex64
2622321455,89663,111745,1,1,1,32,32,1,30,0.000,0.000,,,,,NVIDIA A100-SXM4-40GB MIG 4g.20gb (0),1,,13,"void convert_kernel<__half2, float2>(tensor_layout_any, T1 *, tensor_layout_any, const T2 *)"
2622444397,17920,111748,,,,,,,,,,0.094,5228.518,Pinned,Device,NVIDIA A100-SXM4-40GB MIG 4g.20gb (0),1,,13,[CUDA memcpy Host-to-Device]
2622473581,46399,111749,,,,,,,,,,35.810,771775.396,Device,,NVIDIA A100-SXM4-40GB MIG 4g.20gb (0),1,,13,[CUDA memset]
2622524300,7776,111751,,,,,,,,,,0.000,10.288,Pinned,Device,NVIDIA A100-SXM4-40GB MIG 4g.20gb (0),1,,13,[CUDA memcpy Host-to-Device]
2622538572,19872,111752,,,,,,,,,,0.197,9893.708,Pinned,Device,NVIDIA A100-SXM4-40GB MIG 4g.20gb (0),1,,13,[CUDA memcpy Host-to-Device]
2622568940,10047,111753,273,1,1,48,1,1,40,0.000,0.001,,,,,NVIDIA A100-SXM4-40GB MIG 4g.20gb (0),1,,13,"void pusch_noise_intf_est::noiseIntfEstNoDftSOfdmKernel<float, __half, float, float, (unsigned int)2, (unsigned int)1, (unsigned char)4, (unsigned char)4>(pusch_noise_intf_est::puschRxNoiseIntfEstDynDescr)"
2622584139,2656,111764,35,1,1,128,1,1,16,0.000,0.000,,,,,NVIDIA A100-SXM4-40GB MIG 4g.20gb (0),1,,13,cupy_copy__complex64_complex64
2622591659,1696,111773,1,1,1,1,1,1,18,0.000,0.000,,,,,NVIDIA A100-SXM4-40GB MIG 4g.20gb (0),1,,13,cupy_copy__float32_float32
2622596747,3040,111779,,,,,,,,,,0.000,1.316,Device,Pageable,NVIDIA A100-SXM4-40GB MIG 4g.20gb (0),1,,7,[CUDA memcpy Device-to-Host]
2622663754,12992,111790,1434,1,1,128,1,1,16,0.000,0.000,,,,,NVIDIA A100-SXM4-40GB MIG 4g.20gb (0),1,,13,cupy_copy__complex64_complex64
2622688490,3072,111797,103,1,1,128,1,1,16,0.000,0.000,,,,,NVIDIA A100-SXM4-40GB MIG 4g.20gb (0),1,,13,cupy_copy__complex64_complex64
2622707338,2368,111804,35,1,1,128,1,1,16,0.000,0.000,,,,,NVIDIA A100-SXM4-40GB MIG 4g.20gb (0),1,,13,cupy_copy__complex64_complex64
2622725802,1888,111811,1,1,1,1,1,1,18,0.000,0.000,,,,,NVIDIA A100-SXM4-40GB MIG 4g.20gb (0),1,,13,cupy_copy__float32_float32
2622865480,81215,111822,1,1,1,32,32,1,30,0.000,0.000,,,,,NVIDIA A100-SXM4-40GB MIG 4g.20gb (0),1,,13,"void convert_kernel<__half2, float2>(tensor_layout_any, T1 *, tensor_layout_any, const T2 *)"
2622974887,5472,111825,,,,,,,,,,0.094,17122.757,Pinned,Device,NVIDIA A100-SXM4-40GB MIG 4g.20gb (0),1,,13,[CUDA memcpy Host-to-Device]
2622989446,3360,111826,,,,,,,,,,1.547,460304.688,Device,,NVIDIA A100-SXM4-40GB MIG 4g.20gb (0),1,,13,[CUDA memset]
2622996774,3392,111831,,,,,,,,,,0.031,9226.405,Pinned,Device,NVIDIA A100-SXM4-40GB MIG 4g.20gb (0),1,,13,[CUDA memcpy Host-to-Device]
2623002758,9728,111832,,,,,,,,,,0.197,20210.516,Pinned,Device,NVIDIA A100-SXM4-40GB MIG 4g.20gb (0),1,,13,[CUDA memcpy Host-to-Device]
2623017734,8224,111833,273,1,1,8,4,1,39,0.002,0.000,,,,,NVIDIA A100-SXM4-40GB MIG 4g.20gb (0),1,,13,"void channel_eq::eqMmseCoefCompLowMimoKernel<float, float, float, (unsigned int)4, (unsigned int)1, (unsigned int)4>(const channel_eq::_puschRxChEqStatDescr *, channel_eq::_puschRxChEqCoefCompDynDescr)"
2623027558,5504,111834,273,1,1,12,11,1,51,0.002,0.000,,,,,NVIDIA A100-SXM4-40GB MIG 4g.20gb (0),1,,13,"void channel_eq::eqMmseSoftDemapKernel<float, __half, __half, float, (unsigned int)4, (unsigned short)16383>(channel_eq::_puschRxChEqStatDescr *, channel_eq::_puschRxChEqSoftDemapDynDescr)"
2623034246,294108,111835,1,1,1,32,32,1,30,0.000,0.000,,,,,NVIDIA A100-SXM4-40GB MIG 4g.20gb (0),1,,13,"void convert_kernel<float2, __half2>(tensor_layout_any, T1 *, tensor_layout_any, const T2 *)"
2623330690,10880,111847,2253,1,1,128,1,1,16,0.000,0.000,,,,,NVIDIA A100-SXM4-40GB MIG 4g.20gb (0),1,,13,cupy_copy__float16_float16
2623346210,2784,111856,282,1,1,128,1,1,16,0.000,0.000,,,,,NVIDIA A100-SXM4-40GB MIG 4g.20gb (0),1,,13,cupy_copy__complex64_complex64
2623350498,2272,111865,26,1,1,128,1,1,16,0.000,0.000,,,,,NVIDIA A100-SXM4-40GB MIG 4g.20gb (0),1,,13,cupy_copy__float32_float32
2623353826,2912,111874,103,1,1,128,1,1,16,0.000,0.000,,,,,NVIDIA A100-SXM4-40GB MIG 4g.20gb (0),1,,13,cupy_copy__complex64_complex64
2623360002,11936,111884,1434,1,1,128,1,1,16,0.000,0.000,,,,,NVIDIA A100-SXM4-40GB MIG 4g.20gb (0),1,,13,cupy_copy__complex64_complex64
2623375618,81567,111889,1,1,1,32,32,1,30,0.000,0.000,,,,,NVIDIA A100-SXM4-40GB MIG 4g.20gb (0),1,,13,"void convert_kernel<__half2, float2>(tensor_layout_any, T1 *, tensor_layout_any, const T2 *)"
2623485216,6080,111892,,,,,,,,,,0.094,15410.462,Pinned,Device,NVIDIA A100-SXM4-40GB MIG 4g.20gb (0),1,,13,[CUDA memcpy Host-to-Device]
2623496896,600345,111893,,,,,,,,,,456.561,760174.798,Device,,NVIDIA A100-SXM4-40GB MIG 4g.20gb (0),1,,13,[CUDA memset]
2624104505,125246,111898,,,,,,,,,,1.235,9859.793,Pinned,Device,NVIDIA A100-SXM4-40GB MIG 4g.20gb (0),1,,13,[CUDA memcpy Host-to-Device]
2624242871,40863,111899,,,,,,,,,,0.197,4811.391,Pinned,Device,NVIDIA A100-SXM4-40GB MIG 4g.20gb (0),1,,13,[CUDA memcpy Host-to-Device]
2624305046,8448,111900,69,4,1,48,1,1,76,0.002,0.000,,,,,NVIDIA A100-SXM4-40GB MIG 4g.20gb (0),1,,13,"void ch_est::windowedChEstPreNoDftSOfdmKernel<float, __half, float, (unsigned int)2, (unsigned int)1, (unsigned short)4>(ch_est::puschRxChEstStatDescr_t *, ch_est::puschRxChEstDynDescr_t *)"
2624322742,7072,111901,137,2,1,24,2,1,44,0.001,0.001,,,,,NVIDIA A100-SXM4-40GB MIG 4g.20gb (0),1,,13,"void ch_est::chEstFilterNoDftSOfdmDispatchKernel<float, __half, float, (unsigned int)2>(ch_est::puschRxChEstStatDescr_t *, ch_est::puschRxChEstDynDescr_t *)"
2624342102,4736,111902,137,2,1,24,2,1,44,0.001,0.001,,,,,NVIDIA A100-SXM4-40GB MIG 4g.20gb (0),1,,13,"void ch_est::chEstFilterNoDftSOfdmDispatchKernel<float, __half, float, (unsigned int)2>(ch_est::puschRxChEstStatDescr_t *, ch_est::puschRxChEstDynDescr_t *)"
2624357077,2720,111913,103,1,1,128,1,1,16,0.000,0.000,,,,,NVIDIA A100-SXM4-40GB MIG 4g.20gb (0),1,,13,cupy_copy__complex64_complex64
2624374293,12512,111923,1434,1,1,128,1,1,16,0.000,0.000,,,,,NVIDIA A100-SXM4-40GB MIG 4g.20gb (0),1,,13,cupy_copy__complex64_complex64
2624396565,2528,111930,103,1,1,128,1,1,16,0.000,0.000,,,,,NVIDIA A100-SXM4-40GB MIG 4g.20gb (0),1,,13,cupy_copy__complex64_complex64
2624417749,90111,111937,1,1,1,32,32,1,30,0.000,0.000,,,,,NVIDIA A100-SXM4-40GB MIG 4g.20gb (0),1,,13,"void convert_kernel<__half2, float2>(tensor_layout_any, T1 *, tensor_layout_any, const T2 *)"
2624539411,30336,111940,,,,,,,,,,0.094,3088.595,Pinned,Device,NVIDIA A100-SXM4-40GB MIG 4g.20gb (0),1,,13,[CUDA memcpy Host-to-Device]
2624593299,47167,111941,,,,,,,,,,35.810,759206.114,Device,,NVIDIA A100-SXM4-40GB MIG 4g.20gb (0),1,,13,[CUDA memset]
2624643218,11904,111943,,,,,,,,,,0.000,6.720,Pinned,Device,NVIDIA A100-SXM4-40GB MIG 4g.20gb (0),1,,13,[CUDA memcpy Host-to-Device]
2624662066,35039,111944,,,,,,,,,,0.197,5610.996,Pinned,Device,NVIDIA A100-SXM4-40GB MIG 4g.20gb (0),1,,13,[CUDA memcpy Host-to-Device]
2624719665,9664,111945,273,1,1,48,1,1,40,0.000,0.001,,,,,NVIDIA A100-SXM4-40GB MIG 4g.20gb (0),1,,13,"void pusch_noise_intf_est::noiseIntfEstNoDftSOfdmKernel<float, __half, float, float, (unsigned int)2, (unsigned int)1, (unsigned char)4, (unsigned char)4>(pusch_noise_intf_est::puschRxNoiseIntfEstDynDescr)"
2624736689,2624,111956,35,1,1,128,1,1,16,0.000,0.000,,,,,NVIDIA A100-SXM4-40GB MIG 4g.20gb (0),1,,13,cupy_copy__complex64_complex64
2624752945,1760,111965,1,1,1,1,1,1,18,0.000,0.000,,,,,NVIDIA A100-SXM4-40GB MIG 4g.20gb (0),1,,13,cupy_copy__float32_float32
2624755377,8927,111971,,,,,,,,,,0.000,0.448,Device,Pageable,NVIDIA A100-SXM4-40GB MIG 4g.20gb (0),1,,7,[CUDA memcpy Device-to-Host]
2624844463,13056,111982,1434,1,1,128,1,1,16,0.000,0.000,,,,,NVIDIA A100-SXM4-40GB MIG 4g.20gb (0),1,,13,cupy_copy__complex64_complex64
2624879311,3424,111989,103,1,1,128,1,1,16,0.000,0.000,,,,,NVIDIA A100-SXM4-40GB MIG 4g.20gb (0),1,,13,cupy_copy__complex64_complex64
2624897487,2560,111996,35,1,1,128,1,1,16,0.000,0.000,,,,,NVIDIA A100-SXM4-40GB MIG 4g.20gb (0),1,,13,cupy_copy__complex64_complex64
2624915055,1792,112003,1,1,1,1,1,1,18,0.000,0.000,,,,,NVIDIA A100-SXM4-40GB MIG 4g.20gb (0),1,,13,cupy_copy__float32_float32
2625034605,88927,112014,1,1,1,32,32,1,30,0.000,0.000,,,,,NVIDIA A100-SXM4-40GB MIG 4g.20gb (0),1,,13,"void convert_kernel<__half2, float2>(tensor_layout_any, T1 *, tensor_layout_any, const T2 *)"
2625150764,5600,112017,,,,,,,,,,0.094,16731.388,Pinned,Device,NVIDIA A100-SXM4-40GB MIG 4g.20gb (0),1,,13,[CUDA memcpy Host-to-Device]
2625166411,3456,112018,,,,,,,,,,1.547,447517.201,Device,,NVIDIA A100-SXM4-40GB MIG 4g.20gb (0),1,,13,[CUDA memset]
2625172171,3136,112023,,,,,,,,,,0.031,9979.575,Pinned,Device,NVIDIA A100-SXM4-40GB MIG 4g.20gb (0),1,,13,[CUDA memcpy Host-to-Device]
2625177707,9792,112024,,,,,,,,,,0.197,20078.395,Pinned,Device,NVIDIA A100-SXM4-40GB MIG 4g.20gb (0),1,,13,[CUDA memcpy Host-to-Device]
2625193963,6176,112025,273,1,1,8,4,1,39,0.002,0.000,,,,,NVIDIA A100-SXM4-40GB MIG 4g.20gb (0),1,,13,"void channel_eq::eqMmseCoefCompLowMimoKernel<float, float, float, (unsigned int)4, (unsigned int)1, (unsigned int)4>(const channel_eq::_puschRxChEqStatDescr *, channel_eq::_puschRxChEqCoefCompDynDescr)"
2625202315,6592,112026,273,1,1,12,11,1,51,0.002,0.000,,,,,NVIDIA A100-SXM4-40GB MIG 4g.20gb (0),1,,13,"void channel_eq::eqMmseSoftDemapKernel<float, __half, __half, float, (unsigned int)4, (unsigned short)16383>(channel_eq::_puschRxChEqStatDescr *, channel_eq::_puschRxChEqSoftDemapDynDescr)"
2625210059,279676,112027,1,1,1,32,32,1,30,0.000,0.000,,,,,NVIDIA A100-SXM4-40GB MIG 4g.20gb (0),1,,13,"void convert_kernel<float2, __half2>(tensor_layout_any, T1 *, tensor_layout_any, const T2 *)"
2625491271,11008,112039,2253,1,1,128,1,1,16,0.000,0.000,,,,,NVIDIA A100-SXM4-40GB MIG 4g.20gb (0),1,,13,cupy_copy__float16_float16
2625503911,3520,112048,282,1,1,128,1,1,16,0.000,0.000,,,,,NVIDIA A100-SXM4-40GB MIG 4g.20gb (0),1,,13,cupy_copy__complex64_complex64
2625510119,2112,112057,26,1,1,128,1,1,16,0.000,0.000,,,,,NVIDIA A100-SXM4-40GB MIG 4g.20gb (0),1,,13,cupy_copy__float32_float32
2625513767,3840,112066,103,1,1,128,1,1,16,0.000,0.000,,,,,NVIDIA A100-SXM4-40GB MIG 4g.20gb (0),1,,13,cupy_copy__complex64_complex64
2625519591,12064,112076,1434,1,1,128,1,1,16,0.000,0.000,,,,,NVIDIA A100-SXM4-40GB MIG 4g.20gb (0),1,,13,cupy_copy__complex64_complex64
2625542055,83455,112081,1,1,1,32,32,1,30,0.000,0.000,,,,,NVIDIA A100-SXM4-40GB MIG 4g.20gb (0),1,,13,"void convert_kernel<__half2, float2>(tensor_layout_any, T1 *, tensor_layout_any, const T2 *)"
2625652709,5472,112084,,,,,,,,,,0.094,17122.757,Pinned,Device,NVIDIA A100-SXM4-40GB MIG 4g.20gb (0),1,,13,[CUDA memcpy Host-to-Device]
2625662885,599705,112085,,,,,,,,,,456.561,761087.920,Device,,NVIDIA A100-SXM4-40GB MIG 4g.20gb (0),1,,13,[CUDA memset]
2626267614,80703,112090,,,,,,,,,,1.235,15302.191,Pinned,Device,NVIDIA A100-SXM4-40GB MIG 4g.20gb (0),1,,13,[CUDA memcpy Host-to-Device]
2626351709,12544,112091,,,,,,,,,,0.197,15673.393,Pinned,Device,NVIDIA A100-SXM4-40GB MIG 4g.20gb (0),1,,13,[CUDA memcpy Host-to-Device]
2626368829,8640,112092,69,4,1,48,1,1,76,0.002,0.000,,,,,NVIDIA A100-SXM4-40GB MIG 4g.20gb (0),1,,13,"void ch_est::windowedChEstPreNoDftSOfdmKernel<float, __half, float, (unsigned int)2, (unsigned int)1, (unsigned short)4>(ch_est::puschRxChEstStatDescr_t *, ch_est::puschRxChEstDynDescr_t *)"
2626380956,6976,112093,137,2,1,24,2,1,44,0.001,0.001,,,,,NVIDIA A100-SXM4-40GB MIG 4g.20gb (0),1,,13,"void ch_est::chEstFilterNoDftSOfdmDispatchKernel<float, __half, float, (unsigned int)2>(ch_est::puschRxChEstStatDescr_t *, ch_est::puschRxChEstDynDescr_t *)"
2626389212,4992,112094,137,2,1,24,2,1,44,0.001,0.001,,,,,NVIDIA A100-SXM4-40GB MIG 4g.20gb (0),1,,13,"void ch_est::chEstFilterNoDftSOfdmDispatchKernel<float, __half, float, (unsigned int)2>(ch_est::puschRxChEstStatDescr_t *, ch_est::puschRxChEstDynDescr_t *)"
2626397564,2624,112105,103,1,1,128,1,1,16,0.000,0.000,,,,,NVIDIA A100-SXM4-40GB MIG 4g.20gb (0),1,,13,cupy_copy__complex64_complex64
2626405148,12768,112115,1434,1,1,128,1,1,16,0.000,0.000,,,,,NVIDIA A100-SXM4-40GB MIG 4g.20gb (0),1,,13,cupy_copy__complex64_complex64
2626422844,2432,112122,103,1,1,128,1,1,16,0.000,0.000,,,,,NVIDIA A100-SXM4-40GB MIG 4g.20gb (0),1,,13,cupy_copy__complex64_complex64
2626429404,82815,112129,1,1,1,32,32,1,30,0.000,0.000,,,,,NVIDIA A100-SXM4-40GB MIG 4g.20gb (0),1,,13,"void convert_kernel<__half2, float2>(tensor_layout_any, T1 *, tensor_layout_any, const T2 *)"
2626539291,5407,112132,,,,,,,,,,0.094,17328.607,Pinned,Device,NVIDIA A100-SXM4-40GB MIG 4g.20gb (0),1,,13,[CUDA memcpy Host-to-Device]
2626551002,46592,112133,,,,,,,,,,35.810,768552.503,Device,,NVIDIA A100-SXM4-40GB MIG 4g.20gb (0),1,,13,[CUDA memset]
2626598202,5440,112135,,,,,,,,,,0.000,14.706,Pinned,Device,NVIDIA A100-SXM4-40GB MIG 4g.20gb (0),1,,13,[CUDA memcpy Host-to-Device]
2626609178,14175,112136,,,,,,,,,,0.197,13869.908,Pinned,Device,NVIDIA A100-SXM4-40GB MIG 4g.20gb (0),1,,13,[CUDA memcpy Host-to-Device]
2626631801,9184,112137,273,1,1,48,1,1,40,0.000,0.001,,,,,NVIDIA A100-SXM4-40GB MIG 4g.20gb (0),1,,13,"void pusch_noise_intf_est::noiseIntfEstNoDftSOfdmKernel<float, __half, float, float, (unsigned int)2, (unsigned int)1, (unsigned char)4, (unsigned char)4>(pusch_noise_intf_est::puschRxNoiseIntfEstDynDescr)"
2626643129,2912,112148,35,1,1,128,1,1,16,0.000,0.000,,,,,NVIDIA A100-SXM4-40GB MIG 4g.20gb (0),1,,13,cupy_copy__complex64_complex64
2626660217,1920,112157,1,1,1,1,1,1,18,0.000,0.000,,,,,NVIDIA A100-SXM4-40GB MIG 4g.20gb (0),1,,13,cupy_copy__float32_float32
2626691385,1792,112163,,,,,,,,,,0.000,2.232,Device,Pageable,NVIDIA A100-SXM4-40GB MIG 4g.20gb (0),1,,7,[CUDA memcpy Device-to-Host]
2626752952,12896,112174,1434,1,1,128,1,1,16,0.000,0.000,,,,,NVIDIA A100-SXM4-40GB MIG 4g.20gb (0),1,,13,cupy_copy__complex64_complex64
2626777944,2880,112181,103,1,1,128,1,1,16,0.000,0.000,,,,,NVIDIA A100-SXM4-40GB MIG 4g.20gb (0),1,,13,cupy_copy__complex64_complex64
2626798199,2592,112188,35,1,1,128,1,1,16,0.000,0.000,,,,,NVIDIA A100-SXM4-40GB MIG 4g.20gb (0),1,,13,cupy_copy__complex64_complex64
2626818103,1952,112195,1,1,1,1,1,1,18,0.000,0.000,,,,,NVIDIA A100-SXM4-40GB MIG 4g.20gb (0),1,,13,cupy_copy__float32_float32
2626957109,86015,112206,1,1,1,32,32,1,30,0.000,0.000,,,,,NVIDIA A100-SXM4-40GB MIG 4g.20gb (0),1,,13,"void convert_kernel<__half2, float2>(tensor_layout_any, T1 *, tensor_layout_any, const T2 *)"
2627070836,5728,112209,,,,,,,,,,0.094,16357.541,Pinned,Device,NVIDIA A100-SXM4-40GB MIG 4g.20gb (0),1,,13,[CUDA memcpy Host-to-Device]
2627085396,3232,112210,,,,,,,,,,1.547,478533.199,Device,,NVIDIA A100-SXM4-40GB MIG 4g.20gb (0),1,,13,[CUDA memset]
2627092020,3264,112215,,,,,,,,,,0.031,9588.218,Pinned,Device,NVIDIA A100-SXM4-40GB MIG 4g.20gb (0),1,,13,[CUDA memcpy Host-to-Device]
2627098388,9919,112216,,,,,,,,,,0.197,19821.232,Pinned,Device,NVIDIA A100-SXM4-40GB MIG 4g.20gb (0),1,,13,[CUDA memcpy Host-to-Device]
2627114035,8672,112217,273,1,1,8,4,1,39,0.002,0.000,,,,,NVIDIA A100-SXM4-40GB MIG 4g.20gb (0),1,,13,"void channel_eq::eqMmseCoefCompLowMimoKernel<float, float, float, (unsigned int)4, (unsigned int)1, (unsigned int)4>(const channel_eq::_puschRxChEqStatDescr *, channel_eq::_puschRxChEqCoefCompDynDescr)"
2627123827,5344,112218,273,1,1,12,11,1,51,0.002,0.000,,,,,NVIDIA A100-SXM4-40GB MIG 4g.20gb (0),1,,13,"void channel_eq::eqMmseSoftDemapKernel<float, __half, __half, float, (unsigned int)4, (unsigned short)16383>(channel_eq::_puschRxChEqStatDescr *, channel_eq::_puschRxChEqSoftDemapDynDescr)"
2627130707,290365,112219,1,1,1,32,32,1,30,0.000,0.000,,,,,NVIDIA A100-SXM4-40GB MIG 4g.20gb (0),1,,13,"void convert_kernel<float2, __half2>(tensor_layout_any, T1 *, tensor_layout_any, const T2 *)"
2627422032,11007,112231,2253,1,1,128,1,1,16,0.000,0.000,,,,,NVIDIA A100-SXM4-40GB MIG 4g.20gb (0),1,,13,cupy_copy__float16_float16
2627436719,3648,112240,282,1,1,128,1,1,16,0.000,0.000,,,,,NVIDIA A100-SXM4-40GB MIG 4g.20gb (0),1,,13,cupy_copy__complex64_complex64
2627442671,2720,112249,26,1,1,128,1,1,16,0.000,0.000,,,,,NVIDIA A100-SXM4-40GB MIG 4g.20gb (0),1,,13,cupy_copy__float32_float32
2627447503,3296,112258,103,1,1,128,1,1,16,0.000,0.000,,,,,NVIDIA A100-SXM4-40GB MIG 4g.20gb (0),1,,13,cupy_copy__complex64_complex64
2627451919,11776,112268,1434,1,1,128,1,1,16,0.000,0.000,,,,,NVIDIA A100-SXM4-40GB MIG 4g.20gb (0),1,,13,cupy_copy__complex64_complex64
2627468047,82303,112273,1,1,1,32,32,1,30,0.000,0.000,,,,,NVIDIA A100-SXM4-40GB MIG 4g.20gb (0),1,,13,"void convert_kernel<__half2, float2>(tensor_layout_any, T1 *, tensor_layout_any, const T2 *)"
2627577518,5632,112276,,,,,,,,,,0.094,16636.287,Pinned,Device,NVIDIA A100-SXM4-40GB MIG 4g.20gb (0),1,,13,[CUDA memcpy Host-to-Device]
2627588878,597912,112277,,,,,,,,,,456.561,763370.728,Device,,NVIDIA A100-SXM4-40GB MIG 4g.20gb (0),1,,13,[CUDA memset]
2628191494,141662,112282,,,,,,,,,,1.235,8717.470,Pinned,Device,NVIDIA A100-SXM4-40GB MIG 4g.20gb (0),1,,13,[CUDA memcpy Host-to-Device]
2628346308,31744,112283,,,,,,,,,,0.197,6193.545,Pinned,Device,NVIDIA A100-SXM4-40GB MIG 4g.20gb (0),1,,13,[CUDA memcpy Host-to-Device]
2628408899,7872,112284,69,4,1,48,1,1,76,0.002,0.000,,,,,NVIDIA A100-SXM4-40GB MIG 4g.20gb (0),1,,13,"void ch_est::windowedChEstPreNoDftSOfdmKernel<float, __half, float, (unsigned int)2, (unsigned int)1, (unsigned short)4>(ch_est::puschRxChEstStatDescr_t *, ch_est::puschRxChEstDynDescr_t *)"
2628426915,7232,112285,137,2,1,24,2,1,44,0.001,0.001,,,,,NVIDIA A100-SXM4-40GB MIG 4g.20gb (0),1,,13,"void ch_est::chEstFilterNoDftSOfdmDispatchKernel<float, __half, float, (unsigned int)2>(ch_est::puschRxChEstStatDescr_t *, ch_est::puschRxChEstDynDescr_t *)"
2628444451,4736,112286,137,2,1,24,2,1,44,0.001,0.001,,,,,NVIDIA A100-SXM4-40GB MIG 4g.20gb (0),1,,13,"void ch_est::chEstFilterNoDftSOfdmDispatchKernel<float, __half, float, (unsigned int)2>(ch_est::puschRxChEstStatDescr_t *, ch_est::puschRxChEstDynDescr_t *)"
2628461059,2528,112297,103,1,1,128,1,1,16,0.000,0.000,,,,,NVIDIA A100-SXM4-40GB MIG 4g.20gb (0),1,,13,cupy_copy__complex64_complex64
2628480579,12639,112307,1434,1,1,128,1,1,16,0.000,0.000,,,,,NVIDIA A100-SXM4-40GB MIG 4g.20gb (0),1,,13,cupy_copy__complex64_complex64
2628498754,2912,112314,103,1,1,128,1,1,16,0.000,0.000,,,,,NVIDIA A100-SXM4-40GB MIG 4g.20gb (0),1,,13,cupy_copy__complex64_complex64
2628522370,88255,112321,1,1,1,32,32,1,30,0.000,0.000,,,,,NVIDIA A100-SXM4-40GB MIG 4g.20gb (0),1,,13,"void convert_kernel<__half2, float2>(tensor_layout_any, T1 *, tensor_layout_any, const T2 *)"
2628638977,6335,112324,,,,,,,,,,0.094,14790.195,Pinned,Device,NVIDIA A100-SXM4-40GB MIG 4g.20gb (0),1,,13,[CUDA memcpy Host-to-Device]
2628652000,46464,112325,,,,,,,,,,35.810,770701.098,Device,,NVIDIA A100-SXM4-40GB MIG 4g.20gb (0),1,,13,[CUDA memset]
2628703232,2240,112327,,,,,,,,,,0.000,35.714,Pinned,Device,NVIDIA A100-SXM4-40GB MIG 4g.20gb (0),1,,13,[CUDA memcpy Host-to-Device]
2628709184,10560,112328,,,,,,,,,,0.197,18617.991,Pinned,Device,NVIDIA A100-SXM4-40GB MIG 4g.20gb (0),1,,13,[CUDA memcpy Host-to-Device]
2628726463,10560,112329,273,1,1,48,1,1,40,0.000,0.001,,,,,NVIDIA A100-SXM4-40GB MIG 4g.20gb (0),1,,13,"void pusch_noise_intf_est::noiseIntfEstNoDftSOfdmKernel<float, __half, float, float, (unsigned int)2, (unsigned int)1, (unsigned char)4, (unsigned char)4>(pusch_noise_intf_est::puschRxNoiseIntfEstDynDescr)"
2628740255,3104,112340,35,1,1,128,1,1,16,0.000,0.000,,,,,NVIDIA A100-SXM4-40GB MIG 4g.20gb (0),1,,13,cupy_copy__complex64_complex64
2628756575,1920,112349,1,1,1,1,1,1,18,0.000,0.000,,,,,NVIDIA A100-SXM4-40GB MIG 4g.20gb (0),1,,13,cupy_copy__float32_float32
2628791039,2048,112355,,,,,,,,,,0.000,1.953,Device,Pageable,NVIDIA A100-SXM4-40GB MIG 4g.20gb (0),1,,7,[CUDA memcpy Device-to-Host]
2628851166,12800,112366,1434,1,1,128,1,1,16,0.000,0.000,,,,,NVIDIA A100-SXM4-40GB MIG 4g.20gb (0),1,,13,cupy_copy__complex64_complex64
2628876990,3360,112373,103,1,1,128,1,1,16,0.000,0.000,,,,,NVIDIA A100-SXM4-40GB MIG 4g.20gb (0),1,,13,cupy_copy__complex64_complex64
2628899581,2624,112380,35,1,1,128,1,1,16,0.000,0.000,,,,,NVIDIA A100-SXM4-40GB MIG 4g.20gb (0),1,,13,cupy_copy__complex64_complex64
2628915933,1920,112387,1,1,1,1,1,1,18,0.000,0.000,,,,,NVIDIA A100-SXM4-40GB MIG 4g.20gb (0),1,,13,cupy_copy__float32_float32
2629048955,82975,112398,1,1,1,32,32,1,30,0.000,0.000,,,,,NVIDIA A100-SXM4-40GB MIG 4g.20gb (0),1,,13,"void convert_kernel<__half2, float2>(tensor_layout_any, T1 *, tensor_layout_any, const T2 *)"
2629159322,5568,112401,,,,,,,,,,0.094,16827.521,Pinned,Device,NVIDIA A100-SXM4-40GB MIG 4g.20gb (0),1,,13,[CUDA memcpy Host-to-Device]
2629174522,3392,112402,,,,,,,,,,1.547,455961.768,Device,,NVIDIA A100-SXM4-40GB MIG 4g.20gb (0),1,,13,[CUDA memset]
2629180602,3232,112407,,,,,,,,,,0.031,9683.139,Pinned,Device,NVIDIA A100-SXM4-40GB MIG 4g.20gb (0),1,,13,[CUDA memcpy Host-to-Device]
2629186266,9408,112408,,,,,,,,,,0.197,20897.858,Pinned,Device,NVIDIA A100-SXM4-40GB MIG 4g.20gb (0),1,,13,[CUDA memcpy Host-to-Device]
2629200826,8256,112409,273,1,1,8,4,1,39,0.002,0.000,,,,,NVIDIA A100-SXM4-40GB MIG 4g.20gb (0),1,,13,"void channel_eq::eqMmseCoefCompLowMimoKernel<float, float, float, (unsigned int)4, (unsigned int)1, (unsigned int)4>(const channel_eq::_puschRxChEqStatDescr *, channel_eq::_puschRxChEqCoefCompDynDescr)"
2629210201,6080,112410,273,1,1,12,11,1,51,0.002,0.000,,,,,NVIDIA A100-SXM4-40GB MIG 4g.20gb (0),1,,13,"void channel_eq::eqMmseSoftDemapKernel<float, __half, __half, float, (unsigned int)4, (unsigned short)16383>(channel_eq::_puschRxChEqStatDescr *, channel_eq::_puschRxChEqSoftDemapDynDescr)"
2629217305,282493,112411,1,1,1,32,32,1,30,0.000,0.000,,,,,NVIDIA A100-SXM4-40GB MIG 4g.20gb (0),1,,13,"void convert_kernel<float2, __half2>(tensor_layout_any, T1 *, tensor_layout_any, const T2 *)"
2629503286,10976,112423,2253,1,1,128,1,1,16,0.000,0.000,,,,,NVIDIA A100-SXM4-40GB MIG 4g.20gb (0),1,,13,cupy_copy__float16_float16
2629516502,3168,112432,282,1,1,128,1,1,16,0.000,0.000,,,,,NVIDIA A100-SXM4-40GB MIG 4g.20gb (0),1,,13,cupy_copy__complex64_complex64
2629521270,2016,112441,26,1,1,128,1,1,16,0.000,0.000,,,,,NVIDIA A100-SXM4-40GB MIG 4g.20gb (0),1,,13,cupy_copy__float32_float32
2629525558,3840,112450,103,1,1,128,1,1,16,0.000,0.000,,,,,NVIDIA A100-SXM4-40GB MIG 4g.20gb (0),1,,13,cupy_copy__complex64_complex64
2629532182,11967,112460,1434,1,1,128,1,1,16,0.000,0.000,,,,,NVIDIA A100-SXM4-40GB MIG 4g.20gb (0),1,,13,cupy_copy__complex64_complex64
2629553653,82879,112465,1,1,1,32,32,1,30,0.000,0.000,,,,,NVIDIA A100-SXM4-40GB MIG 4g.20gb (0),1,,13,"void convert_kernel<__half2, float2>(tensor_layout_any, T1 *, tensor_layout_any, const T2 *)"
2629663476,5472,112468,,,,,,,,,,0.094,17122.757,Pinned,Device,NVIDIA A100-SXM4-40GB MIG 4g.20gb (0),1,,13,[CUDA memcpy Host-to-Device]
2629673716,598488,112469,,,,,,,,,,456.561,762457.605,Device,,NVIDIA A100-SXM4-40GB MIG 4g.20gb (0),1,,13,[CUDA memset]
2630275500,135775,112474,,,,,,,,,,1.235,9095.363,Pinned,Device,NVIDIA A100-SXM4-40GB MIG 4g.20gb (0),1,,13,[CUDA memcpy Host-to-Device]
2630425738,40000,112475,,,,,,,,,,0.197,4915.200,Pinned,Device,NVIDIA A100-SXM4-40GB MIG 4g.20gb (0),1,,13,[CUDA memcpy Host-to-Device]
2630495946,8000,112476,69,4,1,48,1,1,76,0.002,0.000,,,,,NVIDIA A100-SXM4-40GB MIG 4g.20gb (0),1,,13,"void ch_est::windowedChEstPreNoDftSOfdmKernel<float, __half, float, (unsigned int)2, (unsigned int)1, (unsigned short)4>(ch_est::puschRxChEstStatDescr_t *, ch_est::puschRxChEstDynDescr_t *)"
2630515241,6752,112477,137,2,1,24,2,1,44,0.001,0.001,,,,,NVIDIA A100-SXM4-40GB MIG 4g.20gb (0),1,,13,"void ch_est::chEstFilterNoDftSOfdmDispatchKernel<float, __half, float, (unsigned int)2>(ch_est::puschRxChEstStatDescr_t *, ch_est::puschRxChEstDynDescr_t *)"
2630532233,4736,112478,137,2,1,24,2,1,44,0.001,0.001,,,,,NVIDIA A100-SXM4-40GB MIG 4g.20gb (0),1,,13,"void ch_est::chEstFilterNoDftSOfdmDispatchKernel<float, __half, float, (unsigned int)2>(ch_est::puschRxChEstStatDescr_t *, ch_est::puschRxChEstDynDescr_t *)"
2630549353,2656,112489,103,1,1,128,1,1,16,0.000,0.000,,,,,NVIDIA A100-SXM4-40GB MIG 4g.20gb (0),1,,13,cupy_copy__complex64_complex64
2630566249,12608,112499,1434,1,1,128,1,1,16,0.000,0.000,,,,,NVIDIA A100-SXM4-40GB MIG 4g.20gb (0),1,,13,cupy_copy__complex64_complex64
2630587912,2880,112506,103,1,1,128,1,1,16,0.000,0.000,,,,,NVIDIA A100-SXM4-40GB MIG 4g.20gb (0),1,,13,cupy_copy__complex64_complex64
2630614152,93983,112513,1,1,1,32,32,1,30,0.000,0.000,,,,,NVIDIA A100-SXM4-40GB MIG 4g.20gb (0),1,,13,"void convert_kernel<__half2, float2>(tensor_layout_any, T1 *, tensor_layout_any, const T2 *)"
2630745351,25951,112516,,,,,,,,,,0.094,3610.482,Pinned,Device,NVIDIA A100-SXM4-40GB MIG 4g.20gb (0),1,,13,[CUDA memcpy Host-to-Device]
2630785606,47295,112517,,,,,,,,,,35.810,757129.139,Device,,NVIDIA A100-SXM4-40GB MIG 4g.20gb (0),1,,13,[CUDA memset]
2630840837,15328,112519,,,,,,,,,,0.000,5.219,Pinned,Device,NVIDIA A100-SXM4-40GB MIG 4g.20gb (0),1,,13,[CUDA memcpy Host-to-Device]
2630870437,33184,112520,,,,,,,,,,0.197,5924.782,Pinned,Device,NVIDIA A100-SXM4-40GB MIG 4g.20gb (0),1,,13,[CUDA memcpy Host-to-Device]
2630923012,9792,112521,273,1,1,48,1,1,40,0.000,0.001,,,,,NVIDIA A100-SXM4-40GB MIG 4g.20gb (0),1,,13,"void pusch_noise_intf_est::noiseIntfEstNoDftSOfdmKernel<float, __half, float, float, (unsigned int)2, (unsigned int)1, (unsigned char)4, (unsigned char)4>(pusch_noise_intf_est::puschRxNoiseIntfEstDynDescr)"
2630943140,2912,112532,35,1,1,128,1,1,16,0.000,0.000,,,,,NVIDIA A100-SXM4-40GB MIG 4g.20gb (0),1,,13,cupy_copy__complex64_complex64
2630953380,1952,112541,1,1,1,1,1,1,18,0.000,0.000,,,,,NVIDIA A100-SXM4-40GB MIG 4g.20gb (0),1,,13,cupy_copy__float32_float32
2630963396,3488,112547,,,,,,,,,,0.000,1.147,Device,Pageable,NVIDIA A100-SXM4-40GB MIG 4g.20gb (0),1,,7,[CUDA memcpy Device-to-Host]
2631037603,13056,112558,1434,1,1,128,1,1,16,0.000,0.000,,,,,NVIDIA A100-SXM4-40GB MIG 4g.20gb (0),1,,13,cupy_copy__complex64_complex64
2631064227,3392,112565,103,1,1,128,1,1,16,0.000,0.000,,,,,NVIDIA A100-SXM4-40GB MIG 4g.20gb (0),1,,13,cupy_copy__complex64_complex64
2631084578,2432,112572,35,1,1,128,1,1,16,0.000,0.000,,,,,NVIDIA A100-SXM4-40GB MIG 4g.20gb (0),1,,13,cupy_copy__complex64_complex64
2631099810,1728,112579,1,1,1,1,1,1,18,0.000,0.000,,,,,NVIDIA A100-SXM4-40GB MIG 4g.20gb (0),1,,13,cupy_copy__float32_float32
2631230305,81951,112590,1,1,1,32,32,1,30,0.000,0.000,,,,,NVIDIA A100-SXM4-40GB MIG 4g.20gb (0),1,,13,"void convert_kernel<__half2, float2>(tensor_layout_any, T1 *, tensor_layout_any, const T2 *)"
2631340479,5568,112593,,,,,,,,,,0.094,16827.521,Pinned,Device,NVIDIA A100-SXM4-40GB MIG 4g.20gb (0),1,,13,[CUDA memcpy Host-to-Device]
2631354239,3328,112594,,,,,,,,,,1.547,464729.580,Device,,NVIDIA A100-SXM4-40GB MIG 4g.20gb (0),1,,13,[CUDA memset]
2631363231,3456,112599,,,,,,,,,,0.031,9055.529,Pinned,Device,NVIDIA A100-SXM4-40GB MIG 4g.20gb (0),1,,13,[CUDA memcpy Host-to-Device]
2631369247,9632,112600,,,,,,,,,,0.197,20411.843,Pinned,Device,NVIDIA A100-SXM4-40GB MIG 4g.20gb (0),1,,13,[CUDA memcpy Host-to-Device]
2631384351,7040,112601,273,1,1,8,4,1,39,0.002,0.000,,,,,NVIDIA A100-SXM4-40GB MIG 4g.20gb (0),1,,13,"void channel_eq::eqMmseCoefCompLowMimoKernel<float, float, float, (unsigned int)4, (unsigned int)1, (unsigned int)4>(const channel_eq::_puschRxChEqStatDescr *, channel_eq::_puschRxChEqCoefCompDynDescr)"
2631392447,6335,112602,273,1,1,12,11,1,51,0.002,0.000,,,,,NVIDIA A100-SXM4-40GB MIG 4g.20gb (0),1,,13,"void channel_eq::eqMmseSoftDemapKernel<float, __half, __half, float, (unsigned int)4, (unsigned short)16383>(channel_eq::_puschRxChEqStatDescr *, channel_eq::_puschRxChEqSoftDemapDynDescr)"
2631399870,282781,112603,1,1,1,32,32,1,30,0.000,0.000,,,,,NVIDIA A100-SXM4-40GB MIG 4g.20gb (0),1,,13,"void convert_kernel<float2, __half2>(tensor_layout_any, T1 *, tensor_layout_any, const T2 *)"
2631683707,10976,112615,2253,1,1,128,1,1,16,0.000,0.000,,,,,NVIDIA A100-SXM4-40GB MIG 4g.20gb (0),1,,13,cupy_copy__float16_float16
2631699611,2976,112624,282,1,1,128,1,1,16,0.000,0.000,,,,,NVIDIA A100-SXM4-40GB MIG 4g.20gb (0),1,,13,cupy_copy__complex64_complex64
2631703867,2016,112633,26,1,1,128,1,1,16,0.000,0.000,,,,,NVIDIA A100-SXM4-40GB MIG 4g.20gb (0),1,,13,cupy_copy__float32_float32
2631709051,7232,112642,103,1,1,128,1,1,16,0.000,0.000,,,,,NVIDIA A100-SXM4-40GB MIG 4g.20gb (0),1,,13,cupy_copy__complex64_complex64
2631717339,12031,112652,1434,1,1,128,1,1,16,0.000,0.000,,,,,NVIDIA A100-SXM4-40GB MIG 4g.20gb (0),1,,13,cupy_copy__complex64_complex64
2631734714,83103,112657,1,1,1,32,32,1,30,0.000,0.000,,,,,NVIDIA A100-SXM4-40GB MIG 4g.20gb (0),1,,13,"void convert_kernel<__half2, float2>(tensor_layout_any, T1 *, tensor_layout_any, const T2 *)"
2631845369,5568,112660,,,,,,,,,,0.094,16827.521,Pinned,Device,NVIDIA A100-SXM4-40GB MIG 4g.20gb (0),1,,13,[CUDA memcpy Host-to-Device]
2631855033,600248,112661,,,,,,,,,,456.561,760174.798,Device,,NVIDIA A100-SXM4-40GB MIG 4g.20gb (0),1,,13,[CUDA memset]
2632462033,128447,112666,,,,,,,,,,1.235,9614.039,Pinned,Device,NVIDIA A100-SXM4-40GB MIG 4g.20gb (0),1,,13,[CUDA memcpy Host-to-Device]
2632599568,32895,112667,,,,,,,,,,0.197,5976.687,Pinned,Device,NVIDIA A100-SXM4-40GB MIG 4g.20gb (0),1,,13,[CUDA memcpy Host-to-Device]
2632650639,8192,112668,69,4,1,48,1,1,76,0.002,0.000,,,,,NVIDIA A100-SXM4-40GB MIG 4g.20gb (0),1,,13,"void ch_est::windowedChEstPreNoDftSOfdmKernel<float, __half, float, (unsigned int)2, (unsigned int)1, (unsigned short)4>(ch_est::puschRxChEstStatDescr_t *, ch_est::puschRxChEstDynDescr_t *)"
2632665871,7072,112669,137,2,1,24,2,1,44,0.001,0.001,,,,,NVIDIA A100-SXM4-40GB MIG 4g.20gb (0),1,,13,"void ch_est::chEstFilterNoDftSOfdmDispatchKernel<float, __half, float, (unsigned int)2>(ch_est::puschRxChEstStatDescr_t *, ch_est::puschRxChEstDynDescr_t *)"
2632681967,4704,112670,137,2,1,24,2,1,44,0.001,0.001,,,,,NVIDIA A100-SXM4-40GB MIG 4g.20gb (0),1,,13,"void ch_est::chEstFilterNoDftSOfdmDispatchKernel<float, __half, float, (unsigned int)2>(ch_est::puschRxChEstStatDescr_t *, ch_est::puschRxChEstDynDescr_t *)"
2632695918,2720,112681,103,1,1,128,1,1,16,0.000,0.000,,,,,NVIDIA A100-SXM4-40GB MIG 4g.20gb (0),1,,13,cupy_copy__complex64_complex64
2632710158,12320,112691,1434,1,1,128,1,1,16,0.000,0.000,,,,,NVIDIA A100-SXM4-40GB MIG 4g.20gb (0),1,,13,cupy_copy__complex64_complex64
2632746574,2368,112698,103,1,1,128,1,1,16,0.000,0.000,,,,,NVIDIA A100-SXM4-40GB MIG 4g.20gb (0),1,,13,cupy_copy__complex64_complex64
2632764206,87294,112705,1,1,1,32,32,1,30,0.000,0.000,,,,,NVIDIA A100-SXM4-40GB MIG 4g.20gb (0),1,,13,"void convert_kernel<__half2, float2>(tensor_layout_any, T1 *, tensor_layout_any, const T2 *)"
2632887724,23712,112708,,,,,,,,,,0.094,3951.348,Pinned,Device,NVIDIA A100-SXM4-40GB MIG 4g.20gb (0),1,,13,[CUDA memcpy Host-to-Device]
2632928972,45855,112709,,,,,,,,,,35.810,780906.925,Device,,NVIDIA A100-SXM4-40GB MIG 4g.20gb (0),1,,13,[CUDA memset]
2632981867,9312,112711,,,,,,,,,,0.000,8.591,Pinned,Device,NVIDIA A100-SXM4-40GB MIG 4g.20gb (0),1,,13,[CUDA memcpy Host-to-Device]
2633001547,31007,112712,,,,,,,,,,0.197,6340.608,Pinned,Device,NVIDIA A100-SXM4-40GB MIG 4g.20gb (0),1,,13,[CUDA memcpy Host-to-Device]
2633052010,9536,112713,273,1,1,48,1,1,40,0.000,0.001,,,,,NVIDIA A100-SXM4-40GB MIG 4g.20gb (0),1,,13,"void pusch_noise_intf_est::noiseIntfEstNoDftSOfdmKernel<float, __half, float, float, (unsigned int)2, (unsigned int)1, (unsigned char)4, (unsigned char)4>(pusch_noise_intf_est::puschRxNoiseIntfEstDynDescr)"
2633068554,2688,112724,35,1,1,128,1,1,16,0.000,0.000,,,,,NVIDIA A100-SXM4-40GB MIG 4g.20gb (0),1,,13,cupy_copy__complex64_complex64
2633085450,1728,112733,1,1,1,1,1,1,18,0.000,0.000,,,,,NVIDIA A100-SXM4-40GB MIG 4g.20gb (0),1,,13,cupy_copy__float32_float32
2633091242,6047,112739,,,,,,,,,,0.000,0.661,Device,Pageable,NVIDIA A100-SXM4-40GB MIG 4g.20gb (0),1,,7,[CUDA memcpy Device-to-Host]
2633191880,12512,112750,1434,1,1,128,1,1,16,0.000,0.000,,,,,NVIDIA A100-SXM4-40GB MIG 4g.20gb (0),1,,13,cupy_copy__complex64_complex64
2633215176,3008,112757,103,1,1,128,1,1,16,0.000,0.000,,,,,NVIDIA A100-SXM4-40GB MIG 4g.20gb (0),1,,13,cupy_copy__complex64_complex64
2633234376,2560,112764,35,1,1,128,1,1,16,0.000,0.000,,,,,NVIDIA A100-SXM4-40GB MIG 4g.20gb (0),1,,13,cupy_copy__complex64_complex64
2633254503,1824,112771,1,1,1,1,1,1,18,0.000,0.000,,,,,NVIDIA A100-SXM4-40GB MIG 4g.20gb (0),1,,13,cupy_copy__float32_float32
2633383302,86815,112782,1,1,1,32,32,1,30,0.000,0.000,,,,,NVIDIA A100-SXM4-40GB MIG 4g.20gb (0),1,,13,"void convert_kernel<__half2, float2>(tensor_layout_any, T1 *, tensor_layout_any, const T2 *)"
2633500580,12992,112785,,,,,,,,,,0.094,7211.781,Pinned,Device,NVIDIA A100-SXM4-40GB MIG 4g.20gb (0),1,,13,[CUDA memcpy Host-to-Device]
2633526788,3520,112786,,,,,,,,,,1.547,439380.412,Device,,NVIDIA A100-SXM4-40GB MIG 4g.20gb (0),1,,13,[CUDA memset]
2633531236,3040,112791,,,,,,,,,,0.031,10294.725,Pinned,Device,NVIDIA A100-SXM4-40GB MIG 4g.20gb (0),1,,13,[CUDA memcpy Host-to-Device]
2633536932,16672,112792,,,,,,,,,,0.197,11792.548,Pinned,Device,NVIDIA A100-SXM4-40GB MIG 4g.20gb (0),1,,13,[CUDA memcpy Host-to-Device]
2633566180,8448,112793,273,1,1,8,4,1,39,0.002,0.000,,,,,NVIDIA A100-SXM4-40GB MIG 4g.20gb (0),1,,13,"void channel_eq::eqMmseCoefCompLowMimoKernel<float, float, float, (unsigned int)4, (unsigned int)1, (unsigned int)4>(const channel_eq::_puschRxChEqStatDescr *, channel_eq::_puschRxChEqCoefCompDynDescr)"
2633580675,7488,112794,273,1,1,12,11,1,51,0.002,0.000,,,,,NVIDIA A100-SXM4-40GB MIG 4g.20gb (0),1,,13,"void channel_eq::eqMmseSoftDemapKernel<float, __half, __half, float, (unsigned int)4, (unsigned short)16383>(channel_eq::_puschRxChEqStatDescr *, channel_eq::_puschRxChEqSoftDemapDynDescr)"
2633594659,282461,112795,1,1,1,32,32,1,30,0.000,0.000,,,,,NVIDIA A100-SXM4-40GB MIG 4g.20gb (0),1,,13,"void convert_kernel<float2, __half2>(tensor_layout_any, T1 *, tensor_layout_any, const T2 *)"
2633878208,11072,112807,2253,1,1,128,1,1,16,0.000,0.000,,,,,NVIDIA A100-SXM4-40GB MIG 4g.20gb (0),1,,13,cupy_copy__float16_float16
2633893248,3168,112816,282,1,1,128,1,1,16,0.000,0.000,,,,,NVIDIA A100-SXM4-40GB MIG 4g.20gb (0),1,,13,cupy_copy__complex64_complex64
2633899232,2112,112825,26,1,1,128,1,1,16,0.000,0.000,,,,,NVIDIA A100-SXM4-40GB MIG 4g.20gb (0),1,,13,cupy_copy__float32_float32
2633903295,2912,112834,103,1,1,128,1,1,16,0.000,0.000,,,,,NVIDIA A100-SXM4-40GB MIG 4g.20gb (0),1,,13,cupy_copy__complex64_complex64
2633908927,12192,112844,1434,1,1,128,1,1,16,0.000,0.000,,,,,NVIDIA A100-SXM4-40GB MIG 4g.20gb (0),1,,13,cupy_copy__complex64_complex64
2633926207,82303,112849,1,1,1,32,32,1,30,0.000,0.000,,,,,NVIDIA A100-SXM4-40GB MIG 4g.20gb (0),1,,13,"void convert_kernel<__half2, float2>(tensor_layout_any, T1 *, tensor_layout_any, const T2 *)"
2634035806,5760,112852,,,,,,,,,,0.094,16266.656,Pinned,Device,NVIDIA A100-SXM4-40GB MIG 4g.20gb (0),1,,13,[CUDA memcpy Host-to-Device]
2634047678,599928,112853,,,,,,,,,,456.561,760631.359,Device,,NVIDIA A100-SXM4-40GB MIG 4g.20gb (0),1,,13,[CUDA memset]
2634658806,125983,112858,,,,,,,,,,1.235,9801.751,Pinned,Device,NVIDIA A100-SXM4-40GB MIG 4g.20gb (0),1,,13,[CUDA memcpy Host-to-Device]
2634792404,18784,112859,,,,,,,,,,0.197,10466.623,Pinned,Device,NVIDIA A100-SXM4-40GB MIG 4g.20gb (0),1,,13,[CUDA memcpy Host-to-Device]
2634819572,8768,112860,69,4,1,48,1,1,76,0.002,0.000,,,,,NVIDIA A100-SXM4-40GB MIG 4g.20gb (0),1,,13,"void ch_est::windowedChEstPreNoDftSOfdmKernel<float, __half, float, (unsigned int)2, (unsigned int)1, (unsigned short)4>(ch_est::puschRxChEstStatDescr_t *, ch_est::puschRxChEstDynDescr_t *)"
2634834932,6432,112861,137,2,1,24,2,1,44,0.001,0.001,,,,,NVIDIA A100-SXM4-40GB MIG 4g.20gb (0),1,,13,"void ch_est::chEstFilterNoDftSOfdmDispatchKernel<float, __half, float, (unsigned int)2>(ch_est::puschRxChEstStatDescr_t *, ch_est::puschRxChEstDynDescr_t *)"
2634849364,5024,112862,137,2,1,24,2,1,44,0.001,0.001,,,,,NVIDIA A100-SXM4-40GB MIG 4g.20gb (0),1,,13,"void ch_est::chEstFilterNoDftSOfdmDispatchKernel<float, __half, float, (unsigned int)2>(ch_est::puschRxChEstStatDescr_t *, ch_est::puschRxChEstDynDescr_t *)"
2634857812,2656,112873,103,1,1,128,1,1,16,0.000,0.000,,,,,NVIDIA A100-SXM4-40GB MIG 4g.20gb (0),1,,13,cupy_copy__complex64_complex64
2634865460,13279,112883,1434,1,1,128,1,1,16,0.000,0.000,,,,,NVIDIA A100-SXM4-40GB MIG 4g.20gb (0),1,,13,cupy_copy__complex64_complex64
2634881491,2816,112890,103,1,1,128,1,1,16,0.000,0.000,,,,,NVIDIA A100-SXM4-40GB MIG 4g.20gb (0),1,,13,cupy_copy__complex64_complex64
2634891539,87743,112897,1,1,1,32,32,1,30,0.000,0.000,,,,,NVIDIA A100-SXM4-40GB MIG 4g.20gb (0),1,,13,"void convert_kernel<__half2, float2>(tensor_layout_any, T1 *, tensor_layout_any, const T2 *)"
2635010354,10656,112900,,,,,,,,,,0.094,8792.714,Pinned,Device,NVIDIA A100-SXM4-40GB MIG 4g.20gb (0),1,,13,[CUDA memcpy Host-to-Device]
2635029298,48799,112901,,,,,,,,,,35.810,733816.881,Device,,NVIDIA A100-SXM4-40GB MIG 4g.20gb (0),1,,13,[CUDA memset]
2635082577,2528,112903,,,,,,,,,,0.000,31.646,Pinned,Device,NVIDIA A100-SXM4-40GB MIG 4g.20gb (0),1,,13,[CUDA memcpy Host-to-Device]
2635088369,12640,112904,,,,,,,,,,0.197,15554.249,Pinned,Device,NVIDIA A100-SXM4-40GB MIG 4g.20gb (0),1,,13,[CUDA memcpy Host-to-Device]
2635110321,10463,112905,273,1,1,48,1,1,40,0.000,0.001,,,,,NVIDIA A100-SXM4-40GB MIG 4g.20gb (0),1,,13,"void pusch_noise_intf_est::noiseIntfEstNoDftSOfdmKernel<float, __half, float, float, (unsigned int)2, (unsigned int)1, (unsigned char)4, (unsigned char)4>(pusch_noise_intf_est::puschRxNoiseIntfEstDynDescr)"
2635124944,2784,112916,35,1,1,128,1,1,16,0.000,0.000,,,,,NVIDIA A100-SXM4-40GB MIG 4g.20gb (0),1,,13,cupy_copy__complex64_complex64
2635130832,2080,112925,1,1,1,1,1,1,18,0.000,0.000,,,,,NVIDIA A100-SXM4-40GB MIG 4g.20gb (0),1,,13,cupy_copy__float32_float32
2635163216,1568,112931,,,,,,,,,,0.000,2.551,Device,Pageable,NVIDIA A100-SXM4-40GB MIG 4g.20gb (0),1,,7,[CUDA memcpy Device-to-Host]
2635222799,12800,112942,1434,1,1,128,1,1,16,0.000,0.000,,,,,NVIDIA A100-SXM4-40GB MIG 4g.20gb (0),1,,13,cupy_copy__complex64_complex64
2635249103,3552,112949,103,1,1,128,1,1,16,0.000,0.000,,,,,NVIDIA A100-SXM4-40GB MIG 4g.20gb (0),1,,13,cupy_copy__complex64_complex64
2635271055,2304,112956,35,1,1,128,1,1,16,0.000,0.000,,,,,NVIDIA A100-SXM4-40GB MIG 4g.20gb (0),1,,13,cupy_copy__complex64_complex64
2635289934,1824,112963,1,1,1,1,1,1,18,0.000,0.000,,,,,NVIDIA A100-SXM4-40GB MIG 4g.20gb (0),1,,13,cupy_copy__float32_float32
2635421965,82623,112974,1,1,1,32,32,1,30,0.000,0.000,,,,,NVIDIA A100-SXM4-40GB MIG 4g.20gb (0),1,,13,"void convert_kernel<__half2, float2>(tensor_layout_any, T1 *, tensor_layout_any, const T2 *)"
2635532715,5440,112977,,,,,,,,,,0.094,17223.480,Pinned,Device,NVIDIA A100-SXM4-40GB MIG 4g.20gb (0),1,,13,[CUDA memcpy Host-to-Device]
2635547179,3392,112978,,,,,,,,,,1.547,455961.768,Device,,NVIDIA A100-SXM4-40GB MIG 4g.20gb (0),1,,13,[CUDA memset]
2635554187,3072,112983,,,,,,,,,,0.031,10187.474,Pinned,Device,NVIDIA A100-SXM4-40GB MIG 4g.20gb (0),1,,13,[CUDA memcpy Host-to-Device]
2635559659,9984,112984,,,,,,,,,,0.197,19692.257,Pinned,Device,NVIDIA A100-SXM4-40GB MIG 4g.20gb (0),1,,13,[CUDA memcpy Host-to-Device]
2635574571,8448,112985,273,1,1,8,4,1,39,0.002,0.000,,,,,NVIDIA A100-SXM4-40GB MIG 4g.20gb (0),1,,13,"void channel_eq::eqMmseCoefCompLowMimoKernel<float, float, float, (unsigned int)4, (unsigned int)1, (unsigned int)4>(const channel_eq::_puschRxChEqStatDescr *, channel_eq::_puschRxChEqCoefCompDynDescr)"
2635584363,5920,112986,273,1,1,12,11,1,51,0.002,0.000,,,,,NVIDIA A100-SXM4-40GB MIG 4g.20gb (0),1,,13,"void channel_eq::eqMmseSoftDemapKernel<float, __half, __half, float, (unsigned int)4, (unsigned short)16383>(channel_eq::_puschRxChEqStatDescr *, channel_eq::_puschRxChEqSoftDemapDynDescr)"
2635591723,294460,112987,1,1,1,32,32,1,30,0.000,0.000,,,,,NVIDIA A100-SXM4-40GB MIG 4g.20gb (0),1,,13,"void convert_kernel<float2, __half2>(tensor_layout_any, T1 *, tensor_layout_any, const T2 *)"
2635888231,10976,112999,2253,1,1,128,1,1,16,0.000,0.000,,,,,NVIDIA A100-SXM4-40GB MIG 4g.20gb (0),1,,13,cupy_copy__float16_float16
2635903687,2880,113008,282,1,1,128,1,1,16,0.000,0.000,,,,,NVIDIA A100-SXM4-40GB MIG 4g.20gb (0),1,,13,cupy_copy__complex64_complex64
2635910375,1984,113017,26,1,1,128,1,1,16,0.000,0.000,,,,,NVIDIA A100-SXM4-40GB MIG 4g.20gb (0),1,,13,cupy_copy__float32_float32
2635914119,2976,113026,103,1,1,128,1,1,16,0.000,0.000,,,,,NVIDIA A100-SXM4-40GB MIG 4g.20gb (0),1,,13,cupy_copy__complex64_complex64
2635918023,11903,113036,1434,1,1,128,1,1,16,0.000,0.000,,,,,NVIDIA A100-SXM4-40GB MIG 4g.20gb (0),1,,13,cupy_copy__complex64_complex64
2635932230,85951,113041,1,1,1,32,32,1,30,0.000,0.000,,,,,NVIDIA A100-SXM4-40GB MIG 4g.20gb (0),1,,13,"void convert_kernel<__half2, float2>(tensor_layout_any, T1 *, tensor_layout_any, const T2 *)"
2636045253,5664,113044,,,,,,,,,,0.094,16542.310,Pinned,Device,NVIDIA A100-SXM4-40GB MIG 4g.20gb (0),1,,13,[CUDA memcpy Host-to-Device]
2636055909,598936,113045,,,,,,,,,,456.561,762001.043,Device,,NVIDIA A100-SXM4-40GB MIG 4g.20gb (0),1,,13,[CUDA memset]
2636661885,142303,113050,,,,,,,,,,1.235,8677.951,Pinned,Device,NVIDIA A100-SXM4-40GB MIG 4g.20gb (0),1,,13,[CUDA memcpy Host-to-Device]
2636820219,39360,113051,,,,,,,,,,0.197,4995.023,Pinned,Device,NVIDIA A100-SXM4-40GB MIG 4g.20gb (0),1,,13,[CUDA memcpy Host-to-Device]
2636889915,7967,113052,69,4,1,48,1,1,76,0.002,0.000,,,,,NVIDIA A100-SXM4-40GB MIG 4g.20gb (0),1,,13,"void ch_est::windowedChEstPreNoDftSOfdmKernel<float, __half, float, (unsigned int)2, (unsigned int)1, (unsigned short)4>(ch_est::puschRxChEstStatDescr_t *, ch_est::puschRxChEstDynDescr_t *)"
2636909242,6784,113053,137,2,1,24,2,1,44,0.001,0.001,,,,,NVIDIA A100-SXM4-40GB MIG 4g.20gb (0),1,,13,"void ch_est::chEstFilterNoDftSOfdmDispatchKernel<float, __half, float, (unsigned int)2>(ch_est::puschRxChEstStatDescr_t *, ch_est::puschRxChEstDynDescr_t *)"
2636926074,4768,113054,137,2,1,24,2,1,44,0.001,0.001,,,,,NVIDIA A100-SXM4-40GB MIG 4g.20gb (0),1,,13,"void ch_est::chEstFilterNoDftSOfdmDispatchKernel<float, __half, float, (unsigned int)2>(ch_est::puschRxChEstStatDescr_t *, ch_est::puschRxChEstDynDescr_t *)"
2636943162,2528,113065,103,1,1,128,1,1,16,0.000,0.000,,,,,NVIDIA A100-SXM4-40GB MIG 4g.20gb (0),1,,13,cupy_copy__complex64_complex64
2636961242,12544,113075,1434,1,1,128,1,1,16,0.000,0.000,,,,,NVIDIA A100-SXM4-40GB MIG 4g.20gb (0),1,,13,cupy_copy__complex64_complex64
2636979993,2912,113082,103,1,1,128,1,1,16,0.000,0.000,,,,,NVIDIA A100-SXM4-40GB MIG 4g.20gb (0),1,,13,cupy_copy__complex64_complex64
2637000345,95423,113089,1,1,1,32,32,1,30,0.000,0.000,,,,,NVIDIA A100-SXM4-40GB MIG 4g.20gb (0),1,,13,"void convert_kernel<__half2, float2>(tensor_layout_any, T1 *, tensor_layout_any, const T2 *)"
2637124568,13119,113092,,,,,,,,,,0.094,7141.978,Pinned,Device,NVIDIA A100-SXM4-40GB MIG 4g.20gb (0),1,,13,[CUDA memcpy Host-to-Device]
2637142871,46720,113093,,,,,,,,,,35.810,766475.528,Device,,NVIDIA A100-SXM4-40GB MIG 4g.20gb (0),1,,13,[CUDA memset]
2637191959,7104,113095,,,,,,,,,,0.000,11.261,Pinned,Device,NVIDIA A100-SXM4-40GB MIG 4g.20gb (0),1,,13,[CUDA memcpy Host-to-Device]
2637203383,19423,113096,,,,,,,,,,0.197,10122.363,Pinned,Device,NVIDIA A100-SXM4-40GB MIG 4g.20gb (0),1,,13,[CUDA memcpy Host-to-Device]
2637236406,9920,113097,273,1,1,48,1,1,40,0.000,0.001,,,,,NVIDIA A100-SXM4-40GB MIG 4g.20gb (0),1,,13,"void pusch_noise_intf_est::noiseIntfEstNoDftSOfdmKernel<float, __half, float, float, (unsigned int)2, (unsigned int)1, (unsigned char)4, (unsigned char)4>(pusch_noise_intf_est::puschRxNoiseIntfEstDynDescr)"
2637253526,2880,113108,35,1,1,128,1,1,16,0.000,0.000,,,,,NVIDIA A100-SXM4-40GB MIG 4g.20gb (0),1,,13,cupy_copy__complex64_complex64
2637263158,1696,113117,1,1,1,1,1,1,18,0.000,0.000,,,,,NVIDIA A100-SXM4-40GB MIG 4g.20gb (0),1,,13,cupy_copy__float32_float32
2637277942,6368,113123,,,,,,,,,,0.000,0.628,Device,Pageable,NVIDIA A100-SXM4-40GB MIG 4g.20gb (0),1,,7,[CUDA memcpy Device-to-Host]
2637357301,12960,113134,1434,1,1,128,1,1,16,0.000,0.000,,,,,NVIDIA A100-SXM4-40GB MIG 4g.20gb (0),1,,13,cupy_copy__complex64_complex64
2637383796,3392,113141,103,1,1,128,1,1,16,0.000,0.000,,,,,NVIDIA A100-SXM4-40GB MIG 4g.20gb (0),1,,13,cupy_copy__complex64_complex64
2637404756,2496,113148,35,1,1,128,1,1,16,0.000,0.000,,,,,NVIDIA A100-SXM4-40GB MIG 4g.20gb (0),1,,13,cupy_copy__complex64_complex64
2637420948,2016,113155,1,1,1,1,1,1,18,0.000,0.000,,,,,NVIDIA A100-SXM4-40GB MIG 4g.20gb (0),1,,13,cupy_copy__float32_float32
2637550162,82527,113166,1,1,1,32,32,1,30,0.000,0.000,,,,,NVIDIA A100-SXM4-40GB MIG 4g.20gb (0),1,,13,"void convert_kernel<__half2, float2>(tensor_layout_any, T1 *, tensor_layout_any, const T2 *)"
2637660977,5632,113169,,,,,,,,,,0.094,16636.287,Pinned,Device,NVIDIA A100-SXM4-40GB MIG 4g.20gb (0),1,,13,[CUDA memcpy Host-to-Device]
2637675505,3456,113170,,,,,,,,,,1.547,447517.201,Device,,NVIDIA A100-SXM4-40GB MIG 4g.20gb (0),1,,13,[CUDA memset]
2637682449,3136,113175,,,,,,,,,,0.031,9979.575,Pinned,Device,NVIDIA A100-SXM4-40GB MIG 4g.20gb (0),1,,13,[CUDA memcpy Host-to-Device]
2637687985,9504,113176,,,,,,,,,,0.197,20686.701,Pinned,Device,NVIDIA A100-SXM4-40GB MIG 4g.20gb (0),1,,13,[CUDA memcpy Host-to-Device]
2637702577,8319,113177,273,1,1,8,4,1,39,0.002,0.000,,,,,NVIDIA A100-SXM4-40GB MIG 4g.20gb (0),1,,13,"void channel_eq::eqMmseCoefCompLowMimoKernel<float, float, float, (unsigned int)4, (unsigned int)1, (unsigned int)4>(const channel_eq::_puschRxChEqStatDescr *, channel_eq::_puschRxChEqCoefCompDynDescr)"
2637711920,7808,113178,273,1,1,12,11,1,51,0.002,0.000,,,,,NVIDIA A100-SXM4-40GB MIG 4g.20gb (0),1,,13,"void channel_eq::eqMmseSoftDemapKernel<float, __half, __half, float, (unsigned int)4, (unsigned short)16383>(channel_eq::_puschRxChEqStatDescr *, channel_eq::_puschRxChEqSoftDemapDynDescr)"
2637720752,282173,113179,1,1,1,32,32,1,30,0.000,0.000,,,,,NVIDIA A100-SXM4-40GB MIG 4g.20gb (0),1,,13,"void convert_kernel<float2, __half2>(tensor_layout_any, T1 *, tensor_layout_any, const T2 *)"
2638006029,10912,113191,2253,1,1,128,1,1,16,0.000,0.000,,,,,NVIDIA A100-SXM4-40GB MIG 4g.20gb (0),1,,13,cupy_copy__float16_float16
2638018925,3648,113200,282,1,1,128,1,1,16,0.000,0.000,,,,,NVIDIA A100-SXM4-40GB MIG 4g.20gb (0),1,,13,cupy_copy__complex64_complex64
2638026892,2112,113209,26,1,1,128,1,1,16,0.000,0.000,,,,,NVIDIA A100-SXM4-40GB MIG 4g.20gb (0),1,,13,cupy_copy__float32_float32
2638030444,3072,113218,103,1,1,128,1,1,16,0.000,0.000,,,,,NVIDIA A100-SXM4-40GB MIG 4g.20gb (0),1,,13,cupy_copy__complex64_complex64
2638036652,12032,113228,1434,1,1,128,1,1,16,0.000,0.000,,,,,NVIDIA A100-SXM4-40GB MIG 4g.20gb (0),1,,13,cupy_copy__complex64_complex64
2638054604,81599,113233,1,1,1,32,32,1,30,0.000,0.000,,,,,NVIDIA A100-SXM4-40GB MIG 4g.20gb (0),1,,13,"void convert_kernel<__half2, float2>(tensor_layout_any, T1 *, tensor_layout_any, const T2 *)"
2638163499,6112,113236,,,,,,,,,,0.094,15329.790,Pinned,Device,NVIDIA A100-SXM4-40GB MIG 4g.20gb (0),1,,13,[CUDA memcpy Host-to-Device]
2638175883,596408,113237,,,,,,,,,,456.561,765196.973,Device,,NVIDIA A100-SXM4-40GB MIG 4g.20gb (0),1,,13,[CUDA memset]
2638774819,130879,113242,,,,,,,,,,1.235,9434.972,Pinned,Device,NVIDIA A100-SXM4-40GB MIG 4g.20gb (0),1,,13,[CUDA memcpy Host-to-Device]
2638914210,34463,113243,,,,,,,,,,0.197,5704.778,Pinned,Device,NVIDIA A100-SXM4-40GB MIG 4g.20gb (0),1,,13,[CUDA memcpy Host-to-Device]
2638966753,8128,113244,69,4,1,48,1,1,76,0.002,0.000,,,,,NVIDIA A100-SXM4-40GB MIG 4g.20gb (0),1,,13,"void ch_est::windowedChEstPreNoDftSOfdmKernel<float, __half, float, (unsigned int)2, (unsigned int)1, (unsigned short)4>(ch_est::puschRxChEstStatDescr_t *, ch_est::puschRxChEstDynDescr_t *)"
2638982145,6624,113245,137,2,1,24,2,1,44,0.001,0.001,,,,,NVIDIA A100-SXM4-40GB MIG 4g.20gb (0),1,,13,"void ch_est::chEstFilterNoDftSOfdmDispatchKernel<float, __half, float, (unsigned int)2>(ch_est::puschRxChEstStatDescr_t *, ch_est::puschRxChEstDynDescr_t *)"
2638994753,4735,113246,137,2,1,24,2,1,44,0.001,0.001,,,,,NVIDIA A100-SXM4-40GB MIG 4g.20gb (0),1,,13,"void ch_est::chEstFilterNoDftSOfdmDispatchKernel<float, __half, float, (unsigned int)2>(ch_est::puschRxChEstStatDescr_t *, ch_est::puschRxChEstDynDescr_t *)"
2639007200,2656,113257,103,1,1,128,1,1,16,0.000,0.000,,,,,NVIDIA A100-SXM4-40GB MIG 4g.20gb (0),1,,13,cupy_copy__complex64_complex64
2639015808,12448,113267,1434,1,1,128,1,1,16,0.000,0.000,,,,,NVIDIA A100-SXM4-40GB MIG 4g.20gb (0),1,,13,cupy_copy__complex64_complex64
2639036512,2432,113274,103,1,1,128,1,1,16,0.000,0.000,,,,,NVIDIA A100-SXM4-40GB MIG 4g.20gb (0),1,,13,cupy_copy__complex64_complex64
2639051840,85439,113281,1,1,1,32,32,1,30,0.000,0.000,,,,,NVIDIA A100-SXM4-40GB MIG 4g.20gb (0),1,,13,"void convert_kernel<__half2, float2>(tensor_layout_any, T1 *, tensor_layout_any, const T2 *)"
2639172734,20128,113284,,,,,,,,,,0.094,4655.005,Pinned,Device,NVIDIA A100-SXM4-40GB MIG 4g.20gb (0),1,,13,[CUDA memcpy Host-to-Device]
2639208094,47231,113285,,,,,,,,,,35.810,758167.626,Device,,NVIDIA A100-SXM4-40GB MIG 4g.20gb (0),1,,13,[CUDA memset]
2639263229,14304,113287,,,,,,,,,,0.000,5.593,Pinned,Device,NVIDIA A100-SXM4-40GB MIG 4g.20gb (0),1,,13,[CUDA memcpy Host-to-Device]
2639290877,26560,113288,,,,,,,,,,0.197,7402.291,Pinned,Device,NVIDIA A100-SXM4-40GB MIG 4g.20gb (0),1,,13,[CUDA memcpy Host-to-Device]
2639338396,10016,113289,273,1,1,48,1,1,40,0.000,0.001,,,,,NVIDIA A100-SXM4-40GB MIG 4g.20gb (0),1,,13,"void pusch_noise_intf_est::noiseIntfEstNoDftSOfdmKernel<float, __half, float, float, (unsigned int)2, (unsigned int)1, (unsigned char)4, (unsigned char)4>(pusch_noise_intf_est::puschRxNoiseIntfEstDynDescr)"
2639362364,2880,113300,35,1,1,128,1,1,16,0.000,0.000,,,,,NVIDIA A100-SXM4-40GB MIG 4g.20gb (0),1,,13,cupy_copy__complex64_complex64
2639372092,1792,113309,1,1,1,1,1,1,18,0.000,0.000,,,,,NVIDIA A100-SXM4-40GB MIG 4g.20gb (0),1,,13,cupy_copy__float32_float32
2639381596,6464,113315,,,,,,,,,,0.000,0.619,Device,Pageable,NVIDIA A100-SXM4-40GB MIG 4g.20gb (0),1,,7,[CUDA memcpy Device-to-Host]
2639456379,12896,113326,1434,1,1,128,1,1,16,0.000,0.000,,,,,NVIDIA A100-SXM4-40GB MIG 4g.20gb (0),1,,13,cupy_copy__complex64_complex64
2639485178,3456,113333,103,1,1,128,1,1,16,0.000,0.000,,,,,NVIDIA A100-SXM4-40GB MIG 4g.20gb (0),1,,13,cupy_copy__complex64_complex64
2639507482,2336,113340,35,1,1,128,1,1,16,0.000,0.000,,,,,NVIDIA A100-SXM4-40GB MIG 4g.20gb (0),1,,13,cupy_copy__complex64_complex64
2639523162,1856,113347,1,1,1,1,1,1,18,0.000,0.000,,,,,NVIDIA A100-SXM4-40GB MIG 4g.20gb (0),1,,13,cupy_copy__float32_float32
2639659128,87455,113358,1,1,1,32,32,1,30,0.000,0.000,,,,,NVIDIA A100-SXM4-40GB MIG 4g.20gb (0),1,,13,"void convert_kernel<__half2, float2>(tensor_layout_any, T1 *, tensor_layout_any, const T2 *)"
2639777015,13024,113361,,,,,,,,,,0.094,7194.073,Pinned,Device,NVIDIA A100-SXM4-40GB MIG 4g.20gb (0),1,,13,[CUDA memcpy Host-to-Device]
2639799351,3456,113362,,,,,,,,,,1.547,447517.201,Device,,NVIDIA A100-SXM4-40GB MIG 4g.20gb (0),1,,13,[CUDA memset]
2639806231,7231,113367,,,,,,,,,,0.031,4328.018,Pinned,Device,NVIDIA A100-SXM4-40GB MIG 4g.20gb (0),1,,13,[CUDA memcpy Host-to-Device]
2639816534,15872,113368,,,,,,,,,,0.197,12387.090,Pinned,Device,NVIDIA A100-SXM4-40GB MIG 4g.20gb (0),1,,13,[CUDA memcpy Host-to-Device]
2639840822,8576,113369,273,1,1,8,4,1,39,0.002,0.000,,,,,NVIDIA A100-SXM4-40GB MIG 4g.20gb (0),1,,13,"void channel_eq::eqMmseCoefCompLowMimoKernel<float, float, float, (unsigned int)4, (unsigned int)1, (unsigned int)4>(const channel_eq::_puschRxChEqStatDescr *, channel_eq::_puschRxChEqCoefCompDynDescr)"
2639854358,6112,113370,273,1,1,12,11,1,51,0.002,0.000,,,,,NVIDIA A100-SXM4-40GB MIG 4g.20gb (0),1,,13,"void channel_eq::eqMmseSoftDemapKernel<float, __half, __half, float, (unsigned int)4, (unsigned short)16383>(channel_eq::_puschRxChEqStatDescr *, channel_eq::_puschRxChEqSoftDemapDynDescr)"
2639862806,282780,113371,1,1,1,32,32,1,30,0.000,0.000,,,,,NVIDIA A100-SXM4-40GB MIG 4g.20gb (0),1,,13,"void convert_kernel<float2, __half2>(tensor_layout_any, T1 *, tensor_layout_any, const T2 *)"
2640146994,11200,113383,2253,1,1,128,1,1,16,0.000,0.000,,,,,NVIDIA A100-SXM4-40GB MIG 4g.20gb (0),1,,13,cupy_copy__float16_float16
2640161298,3456,113392,282,1,1,128,1,1,16,0.000,0.000,,,,,NVIDIA A100-SXM4-40GB MIG 4g.20gb (0),1,,13,cupy_copy__complex64_complex64
2640167826,2016,113401,26,1,1,128,1,1,16,0.000,0.000,,,,,NVIDIA A100-SXM4-40GB MIG 4g.20gb (0),1,,13,cupy_copy__float32_float32
2640173650,3104,113410,103,1,1,128,1,1,16,0.000,0.000,,,,,NVIDIA A100-SXM4-40GB MIG 4g.20gb (0),1,,13,cupy_copy__complex64_complex64
2640177842,11904,113420,1434,1,1,128,1,1,16,0.000,0.000,,,,,NVIDIA A100-SXM4-40GB MIG 4g.20gb (0),1,,13,cupy_copy__complex64_complex64
2640191602,82751,113425,1,1,1,32,32,1,30,0.000,0.000,,,,,NVIDIA A100-SXM4-40GB MIG 4g.20gb (0),1,,13,"void convert_kernel<__half2, float2>(tensor_layout_any, T1 *, tensor_layout_any, const T2 *)"
2640301360,5792,113428,,,,,,,,,,0.094,16176.708,Pinned,Device,NVIDIA A100-SXM4-40GB MIG 4g.20gb (0),1,,13,[CUDA memcpy Host-to-Device]
2640313360,600057,113429,,,,,,,,,,456.561,760631.359,Device,,NVIDIA A100-SXM4-40GB MIG 4g.20gb (0),1,,13,[CUDA memset]
2640921353,150526,113434,,,,,,,,,,1.235,8203.733,Pinned,Device,NVIDIA A100-SXM4-40GB MIG 4g.20gb (0),1,,13,[CUDA memcpy Host-to-Device]
2641080391,39871,113435,,,,,,,,,,0.197,4930.929,Pinned,Device,NVIDIA A100-SXM4-40GB MIG 4g.20gb (0),1,,13,[CUDA memcpy Host-to-Device]
2641150438,8448,113436,69,4,1,48,1,1,76,0.002,0.000,,,,,NVIDIA A100-SXM4-40GB MIG 4g.20gb (0),1,,13,"void ch_est::windowedChEstPreNoDftSOfdmKernel<float, __half, float, (unsigned int)2, (unsigned int)1, (unsigned short)4>(ch_est::puschRxChEstStatDescr_t *, ch_est::puschRxChEstDynDescr_t *)"
2641169734,6592,113437,137,2,1,24,2,1,44,0.001,0.001,,,,,NVIDIA A100-SXM4-40GB MIG 4g.20gb (0),1,,13,"void ch_est::chEstFilterNoDftSOfdmDispatchKernel<float, __half, float, (unsigned int)2>(ch_est::puschRxChEstStatDescr_t *, ch_est::puschRxChEstDynDescr_t *)"
2641188229,4768,113438,137,2,1,24,2,1,44,0.001,0.001,,,,,NVIDIA A100-SXM4-40GB MIG 4g.20gb (0),1,,13,"void ch_est::chEstFilterNoDftSOfdmDispatchKernel<float, __half, float, (unsigned int)2>(ch_est::puschRxChEstStatDescr_t *, ch_est::puschRxChEstDynDescr_t *)"
2641205029,2720,113449,103,1,1,128,1,1,16,0.000,0.000,,,,,NVIDIA A100-SXM4-40GB MIG 4g.20gb (0),1,,13,cupy_copy__complex64_complex64
2641221253,12416,113459,1434,1,1,128,1,1,16,0.000,0.000,,,,,NVIDIA A100-SXM4-40GB MIG 4g.20gb (0),1,,13,cupy_copy__complex64_complex64
2641241573,2944,113466,103,1,1,128,1,1,16,0.000,0.000,,,,,NVIDIA A100-SXM4-40GB MIG 4g.20gb (0),1,,13,cupy_copy__complex64_complex64
2641261285,83774,113473,1,1,1,32,32,1,30,0.000,0.000,,,,,NVIDIA A100-SXM4-40GB MIG 4g.20gb (0),1,,13,"void convert_kernel<__half2, float2>(tensor_layout_any, T1 *, tensor_layout_any, const T2 *)"
2641376451,23072,113476,,,,,,,,,,0.094,4060.972,Pinned,Device,NVIDIA A100-SXM4-40GB MIG 4g.20gb (0),1,,13,[CUDA memcpy Host-to-Device]
2641423139,46815,113477,,,,,,,,,,35.810,764899.891,Device,,NVIDIA A100-SXM4-40GB MIG 4g.20gb (0),1,,13,[CUDA memset]
2641475522,12224,113479,,,,,,,,,,0.000,6.544,Pinned,Device,NVIDIA A100-SXM4-40GB MIG 4g.20gb (0),1,,13,[CUDA memcpy Host-to-Device]
2641496290,22111,113480,,,,,,,,,,0.197,8891.793,Pinned,Device,NVIDIA A100-SXM4-40GB MIG 4g.20gb (0),1,,13,[CUDA memcpy Host-to-Device]
2641536641,9568,113481,273,1,1,48,1,1,40,0.000,0.001,,,,,NVIDIA A100-SXM4-40GB MIG 4g.20gb (0),1,,13,"void pusch_noise_intf_est::noiseIntfEstNoDftSOfdmKernel<float, __half, float, float, (unsigned int)2, (unsigned int)1, (unsigned char)4, (unsigned char)4>(pusch_noise_intf_est::puschRxNoiseIntfEstDynDescr)"
2641551425,2784,113492,35,1,1,128,1,1,16,0.000,0.000,,,,,NVIDIA A100-SXM4-40GB MIG 4g.20gb (0),1,,13,cupy_copy__complex64_complex64
2641563841,1696,113501,1,1,1,1,1,1,18,0.000,0.000,,,,,NVIDIA A100-SXM4-40GB MIG 4g.20gb (0),1,,13,cupy_copy__float32_float32
2641565889,5504,113507,,,,,,,,,,0.000,0.727,Device,Pageable,NVIDIA A100-SXM4-40GB MIG 4g.20gb (0),1,,7,[CUDA memcpy Device-to-Host]
2641646496,12608,113518,1434,1,1,128,1,1,16,0.000,0.000,,,,,NVIDIA A100-SXM4-40GB MIG 4g.20gb (0),1,,13,cupy_copy__complex64_complex64
2641677599,3392,113525,103,1,1,128,1,1,16,0.000,0.000,,,,,NVIDIA A100-SXM4-40GB MIG 4g.20gb (0),1,,13,cupy_copy__complex64_complex64
2641694527,2560,113532,35,1,1,128,1,1,16,0.000,0.000,,,,,NVIDIA A100-SXM4-40GB MIG 4g.20gb (0),1,,13,cupy_copy__complex64_complex64
2641714463,1792,113539,1,1,1,1,1,1,18,0.000,0.000,,,,,NVIDIA A100-SXM4-40GB MIG 4g.20gb (0),1,,13,cupy_copy__float32_float32
2641839485,86783,113550,1,1,1,32,32,1,30,0.000,0.000,,,,,NVIDIA A100-SXM4-40GB MIG 4g.20gb (0),1,,13,"void convert_kernel<__half2, float2>(tensor_layout_any, T1 *, tensor_layout_any, const T2 *)"
2641954172,5664,113553,,,,,,,,,,0.094,16542.310,Pinned,Device,NVIDIA A100-SXM4-40GB MIG 4g.20gb (0),1,,13,[CUDA memcpy Host-to-Device]
2641969244,3392,113554,,,,,,,,,,1.547,455961.768,Device,,NVIDIA A100-SXM4-40GB MIG 4g.20gb (0),1,,13,[CUDA memset]
2641975196,3264,113559,,,,,,,,,,0.031,9588.218,Pinned,Device,NVIDIA A100-SXM4-40GB MIG 4g.20gb (0),1,,13,[CUDA memcpy Host-to-Device]
2641981020,9791,113560,,,,,,,,,,0.197,20080.361,Pinned,Device,NVIDIA A100-SXM4-40GB MIG 4g.20gb (0),1,,13,[CUDA memcpy Host-to-Device]
2641996475,6272,113561,273,1,1,8,4,1,39,0.002,0.000,,,,,NVIDIA A100-SXM4-40GB MIG 4g.20gb (0),1,,13,"void channel_eq::eqMmseCoefCompLowMimoKernel<float, float, float, (unsigned int)4, (unsigned int)1, (unsigned int)4>(const channel_eq::_puschRxChEqStatDescr *, channel_eq::_puschRxChEqCoefCompDynDescr)"
2642005595,6464,113562,273,1,1,12,11,1,51,0.002,0.000,,,,,NVIDIA A100-SXM4-40GB MIG 4g.20gb (0),1,,13,"void channel_eq::eqMmseSoftDemapKernel<float, __half, __half, float, (unsigned int)4, (unsigned short)16383>(channel_eq::_puschRxChEqStatDescr *, channel_eq::_puschRxChEqSoftDemapDynDescr)"
2642013051,282845,113563,1,1,1,32,32,1,30,0.000,0.000,,,,,NVIDIA A100-SXM4-40GB MIG 4g.20gb (0),1,,13,"void convert_kernel<float2, __half2>(tensor_layout_any, T1 *, tensor_layout_any, const T2 *)"
2642297272,11040,113575,2253,1,1,128,1,1,16,0.000,0.000,,,,,NVIDIA A100-SXM4-40GB MIG 4g.20gb (0),1,,13,cupy_copy__float16_float16
2642312664,3615,113584,282,1,1,128,1,1,16,0.000,0.000,,,,,NVIDIA A100-SXM4-40GB MIG 4g.20gb (0),1,,13,cupy_copy__complex64_complex64
2642318615,2048,113593,26,1,1,128,1,1,16,0.000,0.000,,,,,NVIDIA A100-SXM4-40GB MIG 4g.20gb (0),1,,13,cupy_copy__float32_float32
2642321623,2880,113602,103,1,1,128,1,1,16,0.000,0.000,,,,,NVIDIA A100-SXM4-40GB MIG 4g.20gb (0),1,,13,cupy_copy__complex64_complex64
2642374743,12000,113618,1434,1,1,128,1,1,16,0.000,0.000,,,,,NVIDIA A100-SXM4-40GB MIG 4g.20gb (0),1,,13,cupy_copy__complex64_complex64
2642488949,82751,113623,1,1,1,32,32,1,30,0.000,0.000,,,,,NVIDIA A100-SXM4-40GB MIG 4g.20gb (0),1,,13,"void convert_kernel<__half2, float2>(tensor_layout_any, T1 *, tensor_layout_any, const T2 *)"
2642598548,5760,113626,,,,,,,,,,0.094,16266.656,Pinned,Device,NVIDIA A100-SXM4-40GB MIG 4g.20gb (0),1,,13,[CUDA memcpy Host-to-Device]
2642611348,598456,113627,,,,,,,,,,456.561,762457.605,Device,,NVIDIA A100-SXM4-40GB MIG 4g.20gb (0),1,,13,[CUDA memset]
2643219980,155966,113632,,,,,,,,,,1.235,7917.226,Pinned,Device,NVIDIA A100-SXM4-40GB MIG 4g.20gb (0),1,,13,[CUDA memcpy Host-to-Device]
2643391146,36864,113633,,,,,,,,,,0.197,5333.189,Pinned,Device,NVIDIA A100-SXM4-40GB MIG 4g.20gb (0),1,,13,[CUDA memcpy Host-to-Device]
2643453257,8064,113634,69,4,1,48,1,1,76,0.002,0.000,,,,,NVIDIA A100-SXM4-40GB MIG 4g.20gb (0),1,,13,"void ch_est::windowedChEstPreNoDftSOfdmKernel<float, __half, float, (unsigned int)2, (unsigned int)1, (unsigned short)4>(ch_est::puschRxChEstStatDescr_t *, ch_est::puschRxChEstDynDescr_t *)"
2643471113,6976,113635,137,2,1,24,2,1,44,0.001,0.001,,,,,NVIDIA A100-SXM4-40GB MIG 4g.20gb (0),1,,13,"void ch_est::chEstFilterNoDftSOfdmDispatchKernel<float, __half, float, (unsigned int)2>(ch_est::puschRxChEstStatDescr_t *, ch_est::puschRxChEstDynDescr_t *)"
2643488233,4768,113636,137,2,1,24,2,1,44,0.001,0.001,,,,,NVIDIA A100-SXM4-40GB MIG 4g.20gb (0),1,,13,"void ch_est::chEstFilterNoDftSOfdmDispatchKernel<float, __half, float, (unsigned int)2>(ch_est::puschRxChEstStatDescr_t *, ch_est::puschRxChEstDynDescr_t *)"
2643505993,2688,113647,103,1,1,128,1,1,16,0.000,0.000,,,,,NVIDIA A100-SXM4-40GB MIG 4g.20gb (0),1,,13,cupy_copy__complex64_complex64
2643523497,12351,113657,1434,1,1,128,1,1,16,0.000,0.000,,,,,NVIDIA A100-SXM4-40GB MIG 4g.20gb (0),1,,13,cupy_copy__complex64_complex64
2643541832,2912,113664,103,1,1,128,1,1,16,0.000,0.000,,,,,NVIDIA A100-SXM4-40GB MIG 4g.20gb (0),1,,13,cupy_copy__complex64_complex64
2643562344,93759,113671,1,1,1,32,32,1,30,0.000,0.000,,,,,NVIDIA A100-SXM4-40GB MIG 4g.20gb (0),1,,13,"void convert_kernel<__half2, float2>(tensor_layout_any, T1 *, tensor_layout_any, const T2 *)"
2643691270,26784,113674,,,,,,,,,,0.094,3498.140,Pinned,Device,NVIDIA A100-SXM4-40GB MIG 4g.20gb (0),1,,13,[CUDA memcpy Host-to-Device]
2643743462,47295,113675,,,,,,,,,,35.810,757129.139,Device,,NVIDIA A100-SXM4-40GB MIG 4g.20gb (0),1,,13,[CUDA memset]
2643792965,13920,113677,,,,,,,,,,0.000,5.747,Pinned,Device,NVIDIA A100-SXM4-40GB MIG 4g.20gb (0),1,,13,[CUDA memcpy Host-to-Device]
2643820741,23168,113678,,,,,,,,,,0.197,8485.994,Pinned,Device,NVIDIA A100-SXM4-40GB MIG 4g.20gb (0),1,,13,[CUDA memcpy Host-to-Device]
2643876452,9568,113679,273,1,1,48,1,1,40,0.000,0.001,,,,,NVIDIA A100-SXM4-40GB MIG 4g.20gb (0),1,,13,"void pusch_noise_intf_est::noiseIntfEstNoDftSOfdmKernel<float, __half, float, float, (unsigned int)2, (unsigned int)1, (unsigned char)4, (unsigned char)4>(pusch_noise_intf_est::puschRxNoiseIntfEstDynDescr)"
2643892708,2688,113690,35,1,1,128,1,1,16,0.000,0.000,,,,,NVIDIA A100-SXM4-40GB MIG 4g.20gb (0),1,,13,cupy_copy__complex64_complex64
2643904516,1920,113699,1,1,1,1,1,1,18,0.000,0.000,,,,,NVIDIA A100-SXM4-40GB MIG 4g.20gb (0),1,,13,cupy_copy__float32_float32
2643913764,6464,113705,,,,,,,,,,0.000,0.619,Device,Pageable,NVIDIA A100-SXM4-40GB MIG 4g.20gb (0),1,,7,[CUDA memcpy Device-to-Host]
2644006915,12799,113716,1434,1,1,128,1,1,16,0.000,0.000,,,,,NVIDIA A100-SXM4-40GB MIG 4g.20gb (0),1,,13,cupy_copy__complex64_complex64
2644040130,3392,113723,103,1,1,128,1,1,16,0.000,0.000,,,,,NVIDIA A100-SXM4-40GB MIG 4g.20gb (0),1,,13,cupy_copy__complex64_complex64
2644057538,2560,113730,35,1,1,128,1,1,16,0.000,0.000,,,,,NVIDIA A100-SXM4-40GB MIG 4g.20gb (0),1,,13,cupy_copy__complex64_complex64
2644075522,1792,113737,1,1,1,1,1,1,18,0.000,0.000,,,,,NVIDIA A100-SXM4-40GB MIG 4g.20gb (0),1,,13,cupy_copy__float32_float32
2644198432,81567,113748,1,1,1,32,32,1,30,0.000,0.000,,,,,NVIDIA A100-SXM4-40GB MIG 4g.20gb (0),1,,13,"void convert_kernel<__half2, float2>(tensor_layout_any, T1 *, tensor_layout_any, const T2 *)"
2644308575,5600,113751,,,,,,,,,,0.094,16731.388,Pinned,Device,NVIDIA A100-SXM4-40GB MIG 4g.20gb (0),1,,13,[CUDA memcpy Host-to-Device]
2644322783,3200,113752,,,,,,,,,,1.547,483320.000,Device,,NVIDIA A100-SXM4-40GB MIG 4g.20gb (0),1,,13,[CUDA memset]
2644329823,3168,113757,,,,,,,,,,0.031,9878.770,Pinned,Device,NVIDIA A100-SXM4-40GB MIG 4g.20gb (0),1,,13,[CUDA memcpy Host-to-Device]
2644335807,9631,113758,,,,,,,,,,0.197,20414.005,Pinned,Device,NVIDIA A100-SXM4-40GB MIG 4g.20gb (0),1,,13,[CUDA memcpy Host-to-Device]
2644351390,6656,113759,273,1,1,8,4,1,39,0.002,0.000,,,,,NVIDIA A100-SXM4-40GB MIG 4g.20gb (0),1,,13,"void channel_eq::eqMmseCoefCompLowMimoKernel<float, float, float, (unsigned int)4, (unsigned int)1, (unsigned int)4>(const channel_eq::_puschRxChEqStatDescr *, channel_eq::_puschRxChEqCoefCompDynDescr)"
2644359102,6368,113760,273,1,1,12,11,1,51,0.002,0.000,,,,,NVIDIA A100-SXM4-40GB MIG 4g.20gb (0),1,,13,"void channel_eq::eqMmseSoftDemapKernel<float, __half, __half, float, (unsigned int)4, (unsigned short)16383>(channel_eq::_puschRxChEqStatDescr *, channel_eq::_puschRxChEqSoftDemapDynDescr)"
2644366398,282397,113761,1,1,1,32,32,1,30,0.000,0.000,,,,,NVIDIA A100-SXM4-40GB MIG 4g.20gb (0),1,,13,"void convert_kernel<float2, __half2>(tensor_layout_any, T1 *, tensor_layout_any, const T2 *)"
2644649787,10975,113773,2253,1,1,128,1,1,16,0.000,0.000,,,,,NVIDIA A100-SXM4-40GB MIG 4g.20gb (0),1,,13,cupy_copy__float16_float16
2644664858,2720,113782,282,1,1,128,1,1,16,0.000,0.000,,,,,NVIDIA A100-SXM4-40GB MIG 4g.20gb (0),1,,13,cupy_copy__complex64_complex64
2644669690,2048,113791,26,1,1,128,1,1,16,0.000,0.000,,,,,NVIDIA A100-SXM4-40GB MIG 4g.20gb (0),1,,13,cupy_copy__float32_float32
2644674970,4704,113800,103,1,1,128,1,1,16,0.000,0.000,,,,,NVIDIA A100-SXM4-40GB MIG 4g.20gb (0),1,,13,cupy_copy__complex64_complex64
2644680762,12064,113810,1434,1,1,128,1,1,16,0.000,0.000,,,,,NVIDIA A100-SXM4-40GB MIG 4g.20gb (0),1,,13,cupy_copy__complex64_complex64
2644698394,86975,113815,1,1,1,32,32,1,30,0.000,0.000,,,,,NVIDIA A100-SXM4-40GB MIG 4g.20gb (0),1,,13,"void convert_kernel<__half2, float2>(tensor_layout_any, T1 *, tensor_layout_any, const T2 *)"
2644813529,5504,113818,,,,,,,,,,0.094,17023.251,Pinned,Device,NVIDIA A100-SXM4-40GB MIG 4g.20gb (0),1,,13,[CUDA memcpy Host-to-Device]
2644824184,597113,113819,,,,,,,,,,456.561,764283.851,Device,,NVIDIA A100-SXM4-40GB MIG 4g.20gb (0),1,,13,[CUDA memset]
2645427217,68447,113824,,,,,,,,,,1.235,18041.297,Pinned,Device,NVIDIA A100-SXM4-40GB MIG 4g.20gb (0),1,,13,[CUDA memcpy Host-to-Device]
2645499568,10688,113825,,,,,,,,,,0.197,18395.038,Pinned,Device,NVIDIA A100-SXM4-40GB MIG 4g.20gb (0),1,,13,[CUDA memcpy Host-to-Device]
2645514992,9216,113826,69,4,1,48,1,1,76,0.002,0.000,,,,,NVIDIA A100-SXM4-40GB MIG 4g.20gb (0),1,,13,"void ch_est::windowedChEstPreNoDftSOfdmKernel<float, __half, float, (unsigned int)2, (unsigned int)1, (unsigned short)4>(ch_est::puschRxChEstStatDescr_t *, ch_est::puschRxChEstDynDescr_t *)"
2645529328,6592,113827,137,2,1,24,2,1,44,0.001,0.001,,,,,NVIDIA A100-SXM4-40GB MIG 4g.20gb (0),1,,13,"void ch_est::chEstFilterNoDftSOfdmDispatchKernel<float, __half, float, (unsigned int)2>(ch_est::puschRxChEstStatDescr_t *, ch_est::puschRxChEstDynDescr_t *)"
2645538576,5024,113828,137,2,1,24,2,1,44,0.001,0.001,,,,,NVIDIA A100-SXM4-40GB MIG 4g.20gb (0),1,,13,"void ch_est::chEstFilterNoDftSOfdmDispatchKernel<float, __half, float, (unsigned int)2>(ch_est::puschRxChEstStatDescr_t *, ch_est::puschRxChEstDynDescr_t *)"
2645546576,2528,113839,103,1,1,128,1,1,16,0.000,0.000,,,,,NVIDIA A100-SXM4-40GB MIG 4g.20gb (0),1,,13,cupy_copy__complex64_complex64
2645551919,12992,113849,1434,1,1,128,1,1,16,0.000,0.000,,,,,NVIDIA A100-SXM4-40GB MIG 4g.20gb (0),1,,13,cupy_copy__complex64_complex64
2645567599,3008,113856,103,1,1,128,1,1,16,0.000,0.000,,,,,NVIDIA A100-SXM4-40GB MIG 4g.20gb (0),1,,13,cupy_copy__complex64_complex64
2645572943,87423,113863,1,1,1,32,32,1,30,0.000,0.000,,,,,NVIDIA A100-SXM4-40GB MIG 4g.20gb (0),1,,13,"void convert_kernel<__half2, float2>(tensor_layout_any, T1 *, tensor_layout_any, const T2 *)"
2645688014,5632,113866,,,,,,,,,,0.094,16636.287,Pinned,Device,NVIDIA A100-SXM4-40GB MIG 4g.20gb (0),1,,13,[CUDA memcpy Host-to-Device]
2645700174,46943,113867,,,,,,,,,,35.810,762822.916,Device,,NVIDIA A100-SXM4-40GB MIG 4g.20gb (0),1,,13,[CUDA memset]
2645752525,2304,113869,,,,,,,,,,0.000,34.722,Pinned,Device,NVIDIA A100-SXM4-40GB MIG 4g.20gb (0),1,,13,[CUDA memcpy Host-to-Device]
2645759853,14144,113870,,,,,,,,,,0.197,13900.382,Pinned,Device,NVIDIA A100-SXM4-40GB MIG 4g.20gb (0),1,,13,[CUDA memcpy Host-to-Device]
2645784813,8959,113871,273,1,1,48,1,1,40,0.000,0.001,,,,,NVIDIA A100-SXM4-40GB MIG 4g.20gb (0),1,,13,"void pusch_noise_intf_est::noiseIntfEstNoDftSOfdmKernel<float, __half, float, float, (unsigned int)2, (unsigned int)1, (unsigned char)4, (unsigned char)4>(pusch_noise_intf_est::puschRxNoiseIntfEstDynDescr)"
2645795692,3744,113882,35,1,1,128,1,1,16,0.000,0.000,,,,,NVIDIA A100-SXM4-40GB MIG 4g.20gb (0),1,,13,cupy_copy__complex64_complex64
2645810508,2080,113891,1,1,1,1,1,1,18,0.000,0.000,,,,,NVIDIA A100-SXM4-40GB MIG 4g.20gb (0),1,,13,cupy_copy__float32_float32
2645841068,1600,113897,,,,,,,,,,0.000,2.500,Device,Pageable,NVIDIA A100-SXM4-40GB MIG 4g.20gb (0),1,,7,[CUDA memcpy Device-to-Host]
2645904939,12928,113908,1434,1,1,128,1,1,16,0.000,0.000,,,,,NVIDIA A100-SXM4-40GB MIG 4g.20gb (0),1,,13,cupy_copy__complex64_complex64
2645932747,3392,113915,103,1,1,128,1,1,16,0.000,0.000,,,,,NVIDIA A100-SXM4-40GB MIG 4g.20gb (0),1,,13,cupy_copy__complex64_complex64
2645951787,2271,113922,35,1,1,128,1,1,16,0.000,0.000,,,,,NVIDIA A100-SXM4-40GB MIG 4g.20gb (0),1,,13,cupy_copy__complex64_complex64
2645971562,1888,113929,1,1,1,1,1,1,18,0.000,0.000,,,,,NVIDIA A100-SXM4-40GB MIG 4g.20gb (0),1,,13,cupy_copy__float32_float32
2646102217,81791,113940,1,1,1,32,32,1,30,0.000,0.000,,,,,NVIDIA A100-SXM4-40GB MIG 4g.20gb (0),1,,13,"void convert_kernel<__half2, float2>(tensor_layout_any, T1 *, tensor_layout_any, const T2 *)"
2646211879,5888,113943,,,,,,,,,,0.094,15912.954,Pinned,Device,NVIDIA A100-SXM4-40GB MIG 4g.20gb (0),1,,13,[CUDA memcpy Host-to-Device]
2646225895,3296,113944,,,,,,,,,,1.547,469242.628,Device,,NVIDIA A100-SXM4-40GB MIG 4g.20gb (0),1,,13,[CUDA memset]
2646233095,3168,113949,,,,,,,,,,0.031,9878.770,Pinned,Device,NVIDIA A100-SXM4-40GB MIG 4g.20gb (0),1,,13,[CUDA memcpy Host-to-Device]
2646238695,9504,113950,,,,,,,,,,0.197,20686.701,Pinned,Device,NVIDIA A100-SXM4-40GB MIG 4g.20gb (0),1,,13,[CUDA memcpy Host-to-Device]
2646252391,5856,113951,273,1,1,8,4,1,39,0.002,0.000,,,,,NVIDIA A100-SXM4-40GB MIG 4g.20gb (0),1,,13,"void channel_eq::eqMmseCoefCompLowMimoKernel<float, float, float, (unsigned int)4, (unsigned int)1, (unsigned int)4>(const channel_eq::_puschRxChEqStatDescr *, channel_eq::_puschRxChEqCoefCompDynDescr)"
2646259591,5632,113952,273,1,1,12,11,1,51,0.002,0.000,,,,,NVIDIA A100-SXM4-40GB MIG 4g.20gb (0),1,,13,"void channel_eq::eqMmseSoftDemapKernel<float, __half, __half, float, (unsigned int)4, (unsigned short)16383>(channel_eq::_puschRxChEqStatDescr *, channel_eq::_puschRxChEqSoftDemapDynDescr)"
2646266375,282076,113953,1,1,1,32,32,1,30,0.000,0.000,,,,,NVIDIA A100-SXM4-40GB MIG 4g.20gb (0),1,,13,"void convert_kernel<float2, __half2>(tensor_layout_any, T1 *, tensor_layout_any, const T2 *)"
2646549539,11008,113965,2253,1,1,128,1,1,16,0.000,0.000,,,,,NVIDIA A100-SXM4-40GB MIG 4g.20gb (0),1,,13,cupy_copy__float16_float16
2646563491,3456,113974,282,1,1,128,1,1,16,0.000,0.000,,,,,NVIDIA A100-SXM4-40GB MIG 4g.20gb (0),1,,13,cupy_copy__complex64_complex64
2646571075,2016,113983,26,1,1,128,1,1,16,0.000,0.000,,,,,NVIDIA A100-SXM4-40GB MIG 4g.20gb (0),1,,13,cupy_copy__float32_float32
2646576643,2944,113992,103,1,1,128,1,1,16,0.000,0.000,,,,,NVIDIA A100-SXM4-40GB MIG 4g.20gb (0),1,,13,cupy_copy__complex64_complex64
2646581251,12224,114002,1434,1,1,128,1,1,16,0.000,0.000,,,,,NVIDIA A100-SXM4-40GB MIG 4g.20gb (0),1,,13,cupy_copy__complex64_complex64
2646600483,87006,114007,1,1,1,32,32,1,30,0.000,0.000,,,,,NVIDIA A100-SXM4-40GB MIG 4g.20gb (0),1,,13,"void convert_kernel<__half2, float2>(tensor_layout_any, T1 *, tensor_layout_any, const T2 *)"
2646714049,5504,114010,,,,,,,,,,0.094,17023.251,Pinned,Device,NVIDIA A100-SXM4-40GB MIG 4g.20gb (0),1,,13,[CUDA memcpy Host-to-Device]
2646725377,599513,114011,,,,,,,,,,456.561,761544.482,Device,,NVIDIA A100-SXM4-40GB MIG 4g.20gb (0),1,,13,[CUDA memset]
2647331321,170974,114016,,,,,,,,,,1.235,7221.953,Pinned,Device,NVIDIA A100-SXM4-40GB MIG 4g.20gb (0),1,,13,[CUDA memcpy Host-to-Device]
2647513303,42272,114017,,,,,,,,,,0.197,4650.959,Pinned,Device,NVIDIA A100-SXM4-40GB MIG 4g.20gb (0),1,,13,[CUDA memcpy Host-to-Device]
2647577462,8288,114018,69,4,1,48,1,1,76,0.002,0.000,,,,,NVIDIA A100-SXM4-40GB MIG 4g.20gb (0),1,,13,"void ch_est::windowedChEstPreNoDftSOfdmKernel<float, __half, float, (unsigned int)2, (unsigned int)1, (unsigned short)4>(ch_est::puschRxChEstStatDescr_t *, ch_est::puschRxChEstDynDescr_t *)"
2647597046,6816,114019,137,2,1,24,2,1,44,0.001,0.001,,,,,NVIDIA A100-SXM4-40GB MIG 4g.20gb (0),1,,13,"void ch_est::chEstFilterNoDftSOfdmDispatchKernel<float, __half, float, (unsigned int)2>(ch_est::puschRxChEstStatDescr_t *, ch_est::puschRxChEstDynDescr_t *)"
2647611286,4800,114020,137,2,1,24,2,1,44,0.001,0.001,,,,,NVIDIA A100-SXM4-40GB MIG 4g.20gb (0),1,,13,"void ch_est::chEstFilterNoDftSOfdmDispatchKernel<float, __half, float, (unsigned int)2>(ch_est::puschRxChEstStatDescr_t *, ch_est::puschRxChEstDynDescr_t *)"
2647627222,2624,114031,103,1,1,128,1,1,16,0.000,0.000,,,,,NVIDIA A100-SXM4-40GB MIG 4g.20gb (0),1,,13,cupy_copy__complex64_complex64
2647639382,12672,114041,1434,1,1,128,1,1,16,0.000,0.000,,,,,NVIDIA A100-SXM4-40GB MIG 4g.20gb (0),1,,13,cupy_copy__complex64_complex64
2647657621,2752,114048,103,1,1,128,1,1,16,0.000,0.000,,,,,NVIDIA A100-SXM4-40GB MIG 4g.20gb (0),1,,13,cupy_copy__complex64_complex64
2647671829,83231,114055,1,1,1,32,32,1,30,0.000,0.000,,,,,NVIDIA A100-SXM4-40GB MIG 4g.20gb (0),1,,13,"void convert_kernel<__half2, float2>(tensor_layout_any, T1 *, tensor_layout_any, const T2 *)"
2647782516,5696,114058,,,,,,,,,,0.094,16449.363,Pinned,Device,NVIDIA A100-SXM4-40GB MIG 4g.20gb (0),1,,13,[CUDA memcpy Host-to-Device]
2647795028,47871,114059,,,,,,,,,,35.810,748033.419,Device,,NVIDIA A100-SXM4-40GB MIG 4g.20gb (0),1,,13,[CUDA memset]
2647848627,2656,114061,,,,,,,,,,0.000,30.120,Pinned,Device,NVIDIA A100-SXM4-40GB MIG 4g.20gb (0),1,,13,[CUDA memcpy Host-to-Device]
2647856499,14368,114062,,,,,,,,,,0.197,13683.720,Pinned,Device,NVIDIA A100-SXM4-40GB MIG 4g.20gb (0),1,,13,[CUDA memcpy Host-to-Device]
2647879539,10400,114063,273,1,1,48,1,1,40,0.000,0.001,,,,,NVIDIA A100-SXM4-40GB MIG 4g.20gb (0),1,,13,"void pusch_noise_intf_est::noiseIntfEstNoDftSOfdmKernel<float, __half, float, float, (unsigned int)2, (unsigned int)1, (unsigned char)4, (unsigned char)4>(pusch_noise_intf_est::puschRxNoiseIntfEstDynDescr)"
2647895506,3104,114074,35,1,1,128,1,1,16,0.000,0.000,,,,,NVIDIA A100-SXM4-40GB MIG 4g.20gb (0),1,,13,cupy_copy__complex64_complex64
2647903858,1984,114083,1,1,1,1,1,1,18,0.000,0.000,,,,,NVIDIA A100-SXM4-40GB MIG 4g.20gb (0),1,,13,cupy_copy__float32_float32
2647938162,1568,114089,,,,,,,,,,0.000,2.551,Device,Pageable,NVIDIA A100-SXM4-40GB MIG 4g.20gb (0),1,,7,[CUDA memcpy Device-to-Host]
2647998673,13248,114100,1434,1,1,128,1,1,16,0.000,0.000,,,,,NVIDIA A100-SXM4-40GB MIG 4g.20gb (0),1,,13,cupy_copy__complex64_complex64
2648025649,3488,114107,103,1,1,128,1,1,16,0.000,0.000,,,,,NVIDIA A100-SXM4-40GB MIG 4g.20gb (0),1,,13,cupy_copy__complex64_complex64
2648046161,2304,114114,35,1,1,128,1,1,16,0.000,0.000,,,,,NVIDIA A100-SXM4-40GB MIG 4g.20gb (0),1,,13,cupy_copy__complex64_complex64
2648063792,1728,114121,1,1,1,1,1,1,18,0.000,0.000,,,,,NVIDIA A100-SXM4-40GB MIG 4g.20gb (0),1,,13,cupy_copy__float32_float32
2648197007,82719,114132,1,1,1,32,32,1,30,0.000,0.000,,,,,NVIDIA A100-SXM4-40GB MIG 4g.20gb (0),1,,13,"void convert_kernel<__half2, float2>(tensor_layout_any, T1 *, tensor_layout_any, const T2 *)"
2648307949,5536,114135,,,,,,,,,,0.094,16924.777,Pinned,Device,NVIDIA A100-SXM4-40GB MIG 4g.20gb (0),1,,13,[CUDA memcpy Host-to-Device]
2648322701,3584,114136,,,,,,,,,,1.547,431534.389,Device,,NVIDIA A100-SXM4-40GB MIG 4g.20gb (0),1,,13,[CUDA memset]
2648328941,3680,114141,,,,,,,,,,0.031,8504.344,Pinned,Device,NVIDIA A100-SXM4-40GB MIG 4g.20gb (0),1,,13,[CUDA memcpy Host-to-Device]
2648335245,9536,114142,,,,,,,,,,0.197,20617.298,Pinned,Device,NVIDIA A100-SXM4-40GB MIG 4g.20gb (0),1,,13,[CUDA memcpy Host-to-Device]
2648348941,8480,114143,273,1,1,8,4,1,39,0.002,0.000,,,,,NVIDIA A100-SXM4-40GB MIG 4g.20gb (0),1,,13,"void channel_eq::eqMmseCoefCompLowMimoKernel<float, float, float, (unsigned int)4, (unsigned int)1, (unsigned int)4>(const channel_eq::_puschRxChEqStatDescr *, channel_eq::_puschRxChEqCoefCompDynDescr)"
2648358445,6432,114144,273,1,1,12,11,1,51,0.002,0.000,,,,,NVIDIA A100-SXM4-40GB MIG 4g.20gb (0),1,,13,"void channel_eq::eqMmseSoftDemapKernel<float, __half, __half, float, (unsigned int)4, (unsigned short)16383>(channel_eq::_puschRxChEqStatDescr *, channel_eq::_puschRxChEqSoftDemapDynDescr)"
2648365837,282524,114145,1,1,1,32,32,1,30,0.000,0.000,,,,,NVIDIA A100-SXM4-40GB MIG 4g.20gb (0),1,,13,"void convert_kernel<float2, __half2>(tensor_layout_any, T1 *, tensor_layout_any, const T2 *)"
2648649417,10944,114157,2253,1,1,128,1,1,16,0.000,0.000,,,,,NVIDIA A100-SXM4-40GB MIG 4g.20gb (0),1,,13,cupy_copy__float16_float16
2648662985,3744,114166,282,1,1,128,1,1,16,0.000,0.000,,,,,NVIDIA A100-SXM4-40GB MIG 4g.20gb (0),1,,13,cupy_copy__complex64_complex64
2648668457,2336,114175,26,1,1,128,1,1,16,0.000,0.000,,,,,NVIDIA A100-SXM4-40GB MIG 4g.20gb (0),1,,13,cupy_copy__float32_float32
2648671817,4320,114184,103,1,1,128,1,1,16,0.000,0.000,,,,,NVIDIA A100-SXM4-40GB MIG 4g.20gb (0),1,,13,cupy_copy__complex64_complex64
2648677161,11904,114194,1434,1,1,128,1,1,16,0.000,0.000,,,,,NVIDIA A100-SXM4-40GB MIG 4g.20gb (0),1,,13,cupy_copy__complex64_complex64
2648701705,83135,114199,1,1,1,32,32,1,30,0.000,0.000,,,,,NVIDIA A100-SXM4-40GB MIG 4g.20gb (0),1,,13,"void convert_kernel<__half2, float2>(tensor_layout_any, T1 *, tensor_layout_any, const T2 *)"
2648811751,5600,114202,,,,,,,,,,0.094,16731.388,Pinned,Device,NVIDIA A100-SXM4-40GB MIG 4g.20gb (0),1,,13,[CUDA memcpy Host-to-Device]
2648822375,596857,114203,,,,,,,,,,456.561,764740.412,Device,,NVIDIA A100-SXM4-40GB MIG 4g.20gb (0),1,,13,[CUDA memset]
2649427936,167453,114208,,,,,,,,,,1.235,7373.851,Pinned,Device,NVIDIA A100-SXM4-40GB MIG 4g.20gb (0),1,,13,[CUDA memcpy Host-to-Device]
2649608093,39808,114209,,,,,,,,,,0.197,4938.793,Pinned,Device,NVIDIA A100-SXM4-40GB MIG 4g.20gb (0),1,,13,[CUDA memcpy Host-to-Device]
2649665629,8480,114210,69,4,1,48,1,1,76,0.002,0.000,,,,,NVIDIA A100-SXM4-40GB MIG 4g.20gb (0),1,,13,"void ch_est::windowedChEstPreNoDftSOfdmKernel<float, __half, float, (unsigned int)2, (unsigned int)1, (unsigned short)4>(ch_est::puschRxChEstStatDescr_t *, ch_est::puschRxChEstDynDescr_t *)"
2649683836,6848,114211,137,2,1,24,2,1,44,0.001,0.001,,,,,NVIDIA A100-SXM4-40GB MIG 4g.20gb (0),1,,13,"void ch_est::chEstFilterNoDftSOfdmDispatchKernel<float, __half, float, (unsigned int)2>(ch_est::puschRxChEstStatDescr_t *, ch_est::puschRxChEstDynDescr_t *)"
2649703580,4768,114212,137,2,1,24,2,1,44,0.001,0.001,,,,,NVIDIA A100-SXM4-40GB MIG 4g.20gb (0),1,,13,"void ch_est::chEstFilterNoDftSOfdmDispatchKernel<float, __half, float, (unsigned int)2>(ch_est::puschRxChEstStatDescr_t *, ch_est::puschRxChEstDynDescr_t *)"
2649720412,2656,114223,103,1,1,128,1,1,16,0.000,0.000,,,,,NVIDIA A100-SXM4-40GB MIG 4g.20gb (0),1,,13,cupy_copy__complex64_complex64
2649737340,12256,114233,1434,1,1,128,1,1,16,0.000,0.000,,,,,NVIDIA A100-SXM4-40GB MIG 4g.20gb (0),1,,13,cupy_copy__complex64_complex64
2649756923,2912,114240,103,1,1,128,1,1,16,0.000,0.000,,,,,NVIDIA A100-SXM4-40GB MIG 4g.20gb (0),1,,13,cupy_copy__complex64_complex64
2649778683,91519,114247,1,1,1,32,32,1,30,0.000,0.000,,,,,NVIDIA A100-SXM4-40GB MIG 4g.20gb (0),1,,13,"void convert_kernel<__half2, float2>(tensor_layout_any, T1 *, tensor_layout_any, const T2 *)"
2649904922,17343,114250,,,,,,,,,,0.094,5402.511,Pinned,Device,NVIDIA A100-SXM4-40GB MIG 4g.20gb (0),1,,13,[CUDA memcpy Host-to-Device]
2649932281,47232,114251,,,,,,,,,,35.810,758167.626,Device,,NVIDIA A100-SXM4-40GB MIG 4g.20gb (0),1,,13,[CUDA memset]
2649986553,6944,114253,,,,,,,,,,0.000,11.521,Pinned,Device,NVIDIA A100-SXM4-40GB MIG 4g.20gb (0),1,,13,[CUDA memcpy Host-to-Device]
2650000216,12832,114254,,,,,,,,,,0.197,15321.661,Pinned,Device,NVIDIA A100-SXM4-40GB MIG 4g.20gb (0),1,,13,[CUDA memcpy Host-to-Device]
2650022232,9888,114255,273,1,1,48,1,1,40,0.000,0.001,,,,,NVIDIA A100-SXM4-40GB MIG 4g.20gb (0),1,,13,"void pusch_noise_intf_est::noiseIntfEstNoDftSOfdmKernel<float, __half, float, float, (unsigned int)2, (unsigned int)1, (unsigned char)4, (unsigned char)4>(pusch_noise_intf_est::puschRxNoiseIntfEstDynDescr)"
2650037048,3104,114266,35,1,1,128,1,1,16,0.000,0.000,,,,,NVIDIA A100-SXM4-40GB MIG 4g.20gb (0),1,,13,cupy_copy__complex64_complex64
2650045912,2144,114275,1,1,1,1,1,1,18,0.000,0.000,,,,,NVIDIA A100-SXM4-40GB MIG 4g.20gb (0),1,,13,cupy_copy__float32_float32
2650057624,4960,114281,,,,,,,,,,0.000,0.806,Device,Pageable,NVIDIA A100-SXM4-40GB MIG 4g.20gb (0),1,,7,[CUDA memcpy Device-to-Host]
2650125751,12832,114292,1434,1,1,128,1,1,16,0.000,0.000,,,,,NVIDIA A100-SXM4-40GB MIG 4g.20gb (0),1,,13,cupy_copy__complex64_complex64
2650154711,2976,114299,103,1,1,128,1,1,16,0.000,0.000,,,,,NVIDIA A100-SXM4-40GB MIG 4g.20gb (0),1,,13,cupy_copy__complex64_complex64
2650173238,2336,114306,35,1,1,128,1,1,16,0.000,0.000,,,,,NVIDIA A100-SXM4-40GB MIG 4g.20gb (0),1,,13,cupy_copy__complex64_complex64
2650190422,1792,114313,1,1,1,1,1,1,18,0.000,0.000,,,,,NVIDIA A100-SXM4-40GB MIG 4g.20gb (0),1,,13,cupy_copy__float32_float32
2650322356,82591,114324,1,1,1,32,32,1,30,0.000,0.000,,,,,NVIDIA A100-SXM4-40GB MIG 4g.20gb (0),1,,13,"void convert_kernel<__half2, float2>(tensor_layout_any, T1 *, tensor_layout_any, const T2 *)"
2650432883,5632,114327,,,,,,,,,,0.094,16636.287,Pinned,Device,NVIDIA A100-SXM4-40GB MIG 4g.20gb (0),1,,13,[CUDA memcpy Host-to-Device]
2650449491,3520,114328,,,,,,,,,,1.547,439380.412,Device,,NVIDIA A100-SXM4-40GB MIG 4g.20gb (0),1,,13,[CUDA memset]
2650454771,3168,114333,,,,,,,,,,0.031,9878.770,Pinned,Device,NVIDIA A100-SXM4-40GB MIG 4g.20gb (0),1,,13,[CUDA memcpy Host-to-Device]
2650460403,9472,114334,,,,,,,,,,0.197,20756.693,Pinned,Device,NVIDIA A100-SXM4-40GB MIG 4g.20gb (0),1,,13,[CUDA memcpy Host-to-Device]
2650475059,6560,114335,273,1,1,8,4,1,39,0.002,0.000,,,,,NVIDIA A100-SXM4-40GB MIG 4g.20gb (0),1,,13,"void channel_eq::eqMmseCoefCompLowMimoKernel<float, float, float, (unsigned int)4, (unsigned int)1, (unsigned int)4>(const channel_eq::_puschRxChEqStatDescr *, channel_eq::_puschRxChEqCoefCompDynDescr)"
2650482707,6495,114336,273,1,1,12,11,1,51,0.002,0.000,,,,,NVIDIA A100-SXM4-40GB MIG 4g.20gb (0),1,,13,"void channel_eq::eqMmseSoftDemapKernel<float, __half, __half, float, (unsigned int)4, (unsigned short)16383>(channel_eq::_puschRxChEqStatDescr *, channel_eq::_puschRxChEqSoftDemapDynDescr)"
2650490130,294621,114337,1,1,1,32,32,1,30,0.000,0.000,,,,,NVIDIA A100-SXM4-40GB MIG 4g.20gb (0),1,,13,"void convert_kernel<float2, __half2>(tensor_layout_any, T1 *, tensor_layout_any, const T2 *)"
2650786031,10912,114349,2253,1,1,128,1,1,16,0.000,0.000,,,,,NVIDIA A100-SXM4-40GB MIG 4g.20gb (0),1,,13,cupy_copy__float16_float16
2650801775,2688,114358,282,1,1,128,1,1,16,0.000,0.000,,,,,NVIDIA A100-SXM4-40GB MIG 4g.20gb (0),1,,13,cupy_copy__complex64_complex64
2650808046,2272,114367,26,1,1,128,1,1,16,0.000,0.000,,,,,NVIDIA A100-SXM4-40GB MIG 4g.20gb (0),1,,13,cupy_copy__float32_float32
2650811374,2816,114376,103,1,1,128,1,1,16,0.000,0.000,,,,,NVIDIA A100-SXM4-40GB MIG 4g.20gb (0),1,,13,cupy_copy__complex64_complex64
2650817294,11872,114386,1434,1,1,128,1,1,16,0.000,0.000,,,,,NVIDIA A100-SXM4-40GB MIG 4g.20gb (0),1,,13,cupy_copy__complex64_complex64
2650833902,81727,114391,1,1,1,32,32,1,30,0.000,0.000,,,,,NVIDIA A100-SXM4-40GB MIG 4g.20gb (0),1,,13,"void convert_kernel<__half2, float2>(tensor_layout_any, T1 *, tensor_layout_any, const T2 *)"
2650943757,5376,114394,,,,,,,,,,0.094,17428.487,Pinned,Device,NVIDIA A100-SXM4-40GB MIG 4g.20gb (0),1,,13,[CUDA memcpy Host-to-Device]
2650954061,597272,114395,,,,,,,,,,456.561,764283.851,Device,,NVIDIA A100-SXM4-40GB MIG 4g.20gb (0),1,,13,[CUDA memset]
2651558853,156830,114400,,,,,,,,,,1.235,7874.003,Pinned,Device,NVIDIA A100-SXM4-40GB MIG 4g.20gb (0),1,,13,[CUDA memcpy Host-to-Device]
2651728451,38112,114401,,,,,,,,,,0.197,5158.601,Pinned,Device,NVIDIA A100-SXM4-40GB MIG 4g.20gb (0),1,,13,[CUDA memcpy Host-to-Device]
2651790338,8352,114402,69,4,1,48,1,1,76,0.002,0.000,,,,,NVIDIA A100-SXM4-40GB MIG 4g.20gb (0),1,,13,"void ch_est::windowedChEstPreNoDftSOfdmKernel<float, __half, float, (unsigned int)2, (unsigned int)1, (unsigned short)4>(ch_est::puschRxChEstStatDescr_t *, ch_est::puschRxChEstDynDescr_t *)"
2651808290,6816,114403,137,2,1,24,2,1,44,0.001,0.001,,,,,NVIDIA A100-SXM4-40GB MIG 4g.20gb (0),1,,13,"void ch_est::chEstFilterNoDftSOfdmDispatchKernel<float, __half, float, (unsigned int)2>(ch_est::puschRxChEstStatDescr_t *, ch_est::puschRxChEstDynDescr_t *)"
2651825602,4640,114404,137,2,1,24,2,1,44,0.001,0.001,,,,,NVIDIA A100-SXM4-40GB MIG 4g.20gb (0),1,,13,"void ch_est::chEstFilterNoDftSOfdmDispatchKernel<float, __half, float, (unsigned int)2>(ch_est::puschRxChEstStatDescr_t *, ch_est::puschRxChEstDynDescr_t *)"
2651843618,2688,114415,103,1,1,128,1,1,16,0.000,0.000,,,,,NVIDIA A100-SXM4-40GB MIG 4g.20gb (0),1,,13,cupy_copy__complex64_complex64
2651861057,12320,114425,1434,1,1,128,1,1,16,0.000,0.000,,,,,NVIDIA A100-SXM4-40GB MIG 4g.20gb (0),1,,13,cupy_copy__complex64_complex64
2651879425,2912,114432,103,1,1,128,1,1,16,0.000,0.000,,,,,NVIDIA A100-SXM4-40GB MIG 4g.20gb (0),1,,13,cupy_copy__complex64_complex64
2651902721,88351,114439,1,1,1,32,32,1,30,0.000,0.000,,,,,NVIDIA A100-SXM4-40GB MIG 4g.20gb (0),1,,13,"void convert_kernel<__half2, float2>(tensor_layout_any, T1 *, tensor_layout_any, const T2 *)"
2652023487,26752,114442,,,,,,,,,,0.094,3502.356,Pinned,Device,NVIDIA A100-SXM4-40GB MIG 4g.20gb (0),1,,13,[CUDA memcpy Host-to-Device]
2652080735,47295,114443,,,,,,,,,,35.810,757129.139,Device,,NVIDIA A100-SXM4-40GB MIG 4g.20gb (0),1,,13,[CUDA memset]
2652141598,9280,114445,,,,,,,,,,0.000,8.621,Pinned,Device,NVIDIA A100-SXM4-40GB MIG 4g.20gb (0),1,,13,[CUDA memcpy Host-to-Device]
2652160830,34367,114446,,,,,,,,,,0.197,5720.703,Pinned,Device,NVIDIA A100-SXM4-40GB MIG 4g.20gb (0),1,,13,[CUDA memcpy Host-to-Device]
2652219197,10016,114447,273,1,1,48,1,1,40,0.000,0.001,,,,,NVIDIA A100-SXM4-40GB MIG 4g.20gb (0),1,,13,"void pusch_noise_intf_est::noiseIntfEstNoDftSOfdmKernel<float, __half, float, float, (unsigned int)2, (unsigned int)1, (unsigned char)4, (unsigned char)4>(pusch_noise_intf_est::puschRxNoiseIntfEstDynDescr)"
2652235901,2944,114458,35,1,1,128,1,1,16,0.000,0.000,,,,,NVIDIA A100-SXM4-40GB MIG 4g.20gb (0),1,,13,cupy_copy__complex64_complex64
2652252765,1728,114467,1,1,1,1,1,1,18,0.000,0.000,,,,,NVIDIA A100-SXM4-40GB MIG 4g.20gb (0),1,,13,cupy_copy__float32_float32
2652256189,8415,114473,,,,,,,,,,0.000,0.475,Device,Pageable,NVIDIA A100-SXM4-40GB MIG 4g.20gb (0),1,,7,[CUDA memcpy Device-to-Host]
2652360411,12736,114484,1434,1,1,128,1,1,16,0.000,0.000,,,,,NVIDIA A100-SXM4-40GB MIG 4g.20gb (0),1,,13,cupy_copy__complex64_complex64
2652380091,3488,114491,103,1,1,128,1,1,16,0.000,0.000,,,,,NVIDIA A100-SXM4-40GB MIG 4g.20gb (0),1,,13,cupy_copy__complex64_complex64
2652394587,2560,114498,35,1,1,128,1,1,16,0.000,0.000,,,,,NVIDIA A100-SXM4-40GB MIG 4g.20gb (0),1,,13,cupy_copy__complex64_complex64
2652419259,1760,114505,1,1,1,1,1,1,18,0.000,0.000,,,,,NVIDIA A100-SXM4-40GB MIG 4g.20gb (0),1,,13,cupy_copy__float32_float32
2652541369,89055,114516,1,1,1,32,32,1,30,0.000,0.000,,,,,NVIDIA A100-SXM4-40GB MIG 4g.20gb (0),1,,13,"void convert_kernel<__half2, float2>(tensor_layout_any, T1 *, tensor_layout_any, const T2 *)"
2652657784,5952,114519,,,,,,,,,,0.094,15741.865,Pinned,Device,NVIDIA A100-SXM4-40GB MIG 4g.20gb (0),1,,13,[CUDA memcpy Host-to-Device]
2652672471,3200,114520,,,,,,,,,,1.547,483320.000,Device,,NVIDIA A100-SXM4-40GB MIG 4g.20gb (0),1,,13,[CUDA memset]
2652679479,3168,114525,,,,,,,,,,0.031,9878.770,Pinned,Device,NVIDIA A100-SXM4-40GB MIG 4g.20gb (0),1,,13,[CUDA memcpy Host-to-Device]
2652685335,9920,114526,,,,,,,,,,0.197,19819.266,Pinned,Device,NVIDIA A100-SXM4-40GB MIG 4g.20gb (0),1,,13,[CUDA memcpy Host-to-Device]
2652699255,6208,114527,273,1,1,8,4,1,39,0.002,0.000,,,,,NVIDIA A100-SXM4-40GB MIG 4g.20gb (0),1,,13,"void channel_eq::eqMmseCoefCompLowMimoKernel<float, float, float, (unsigned int)4, (unsigned int)1, (unsigned int)4>(const channel_eq::_puschRxChEqStatDescr *, channel_eq::_puschRxChEqCoefCompDynDescr)"
2652706519,6144,114528,273,1,1,12,11,1,51,0.002,0.000,,,,,NVIDIA A100-SXM4-40GB MIG 4g.20gb (0),1,,13,"void channel_eq::eqMmseSoftDemapKernel<float, __half, __half, float, (unsigned int)4, (unsigned short)16383>(channel_eq::_puschRxChEqStatDescr *, channel_eq::_puschRxChEqSoftDemapDynDescr)"
2652713751,282908,114529,1,1,1,32,32,1,30,0.000,0.000,,,,,NVIDIA A100-SXM4-40GB MIG 4g.20gb (0),1,,13,"void convert_kernel<float2, __half2>(tensor_layout_any, T1 *, tensor_layout_any, const T2 *)"
2652998195,11136,114541,2253,1,1,128,1,1,16,0.000,0.000,,,,,NVIDIA A100-SXM4-40GB MIG 4g.20gb (0),1,,13,cupy_copy__float16_float16
2653011987,3264,114550,282,1,1,128,1,1,16,0.000,0.000,,,,,NVIDIA A100-SXM4-40GB MIG 4g.20gb (0),1,,13,cupy_copy__complex64_complex64
2653019379,2112,114559,26,1,1,128,1,1,16,0.000,0.000,,,,,NVIDIA A100-SXM4-40GB MIG 4g.20gb (0),1,,13,cupy_copy__float32_float32
2653024243,2912,114568,103,1,1,128,1,1,16,0.000,0.000,,,,,NVIDIA A100-SXM4-40GB MIG 4g.20gb (0),1,,13,cupy_copy__complex64_complex64
2653028243,12224,114578,1434,1,1,128,1,1,16,0.000,0.000,,,,,NVIDIA A100-SXM4-40GB MIG 4g.20gb (0),1,,13,cupy_copy__complex64_complex64
2653051475,82143,114583,1,1,1,32,32,1,30,0.000,0.000,,,,,NVIDIA A100-SXM4-40GB MIG 4g.20gb (0),1,,13,"void convert_kernel<__half2, float2>(tensor_layout_any, T1 *, tensor_layout_any, const T2 *)"
2653160241,5632,114586,,,,,,,,,,0.094,16636.287,Pinned,Device,NVIDIA A100-SXM4-40GB MIG 4g.20gb (0),1,,13,[CUDA memcpy Host-to-Device]
2653171569,600729,114587,,,,,,,,,,456.561,759718.236,Device,,NVIDIA A100-SXM4-40GB MIG 4g.20gb (0),1,,13,[CUDA memset]
2653776842,76255,114592,,,,,,,,,,1.235,16193.821,Pinned,Device,NVIDIA A100-SXM4-40GB MIG 4g.20gb (0),1,,13,[CUDA memcpy Host-to-Device]
2653859785,17344,114593,,,,,,,,,,0.197,11335.631,Pinned,Device,NVIDIA A100-SXM4-40GB MIG 4g.20gb (0),1,,13,[CUDA memcpy Host-to-Device]
2653890792,8160,114594,69,4,1,48,1,1,76,0.002,0.000,,,,,NVIDIA A100-SXM4-40GB MIG 4g.20gb (0),1,,13,"void ch_est::windowedChEstPreNoDftSOfdmKernel<float, __half, float, (unsigned int)2, (unsigned int)1, (unsigned short)4>(ch_est::puschRxChEstStatDescr_t *, ch_est::puschRxChEstDynDescr_t *)"
2653906248,7584,114595,137,2,1,24,2,1,44,0.001,0.001,,,,,NVIDIA A100-SXM4-40GB MIG 4g.20gb (0),1,,13,"void ch_est::chEstFilterNoDftSOfdmDispatchKernel<float, __half, float, (unsigned int)2>(ch_est::puschRxChEstStatDescr_t *, ch_est::puschRxChEstDynDescr_t *)"
2653921192,5344,114596,137,2,1,24,2,1,44,0.001,0.001,,,,,NVIDIA A100-SXM4-40GB MIG 4g.20gb (0),1,,13,"void ch_est::chEstFilterNoDftSOfdmDispatchKernel<float, __half, float, (unsigned int)2>(ch_est::puschRxChEstStatDescr_t *, ch_est::puschRxChEstDynDescr_t *)"
2653928808,3136,114607,103,1,1,128,1,1,16,0.000,0.000,,,,,NVIDIA A100-SXM4-40GB MIG 4g.20gb (0),1,,13,cupy_copy__complex64_complex64
2653936936,12672,114617,1434,1,1,128,1,1,16,0.000,0.000,,,,,NVIDIA A100-SXM4-40GB MIG 4g.20gb (0),1,,13,cupy_copy__complex64_complex64
2653951144,2592,114624,103,1,1,128,1,1,16,0.000,0.000,,,,,NVIDIA A100-SXM4-40GB MIG 4g.20gb (0),1,,13,cupy_copy__complex64_complex64
2653959048,88606,114631,1,1,1,32,32,1,30,0.000,0.000,,,,,NVIDIA A100-SXM4-40GB MIG 4g.20gb (0),1,,13,"void convert_kernel<__half2, float2>(tensor_layout_any, T1 *, tensor_layout_any, const T2 *)"
2654075142,5760,114634,,,,,,,,,,0.094,16266.656,Pinned,Device,NVIDIA A100-SXM4-40GB MIG 4g.20gb (0),1,,13,[CUDA memcpy Host-to-Device]
2654087270,47071,114635,,,,,,,,,,35.810,760745.940,Device,,NVIDIA A100-SXM4-40GB MIG 4g.20gb (0),1,,13,[CUDA memset]
2654140005,4000,114637,,,,,,,,,,0.000,20.000,Pinned,Device,NVIDIA A100-SXM4-40GB MIG 4g.20gb (0),1,,13,[CUDA memcpy Host-to-Device]
2654149157,13440,114638,,,,,,,,,,0.197,14628.422,Pinned,Device,NVIDIA A100-SXM4-40GB MIG 4g.20gb (0),1,,13,[CUDA memcpy Host-to-Device]
2654172965,10912,114639,273,1,1,48,1,1,40,0.000,0.001,,,,,NVIDIA A100-SXM4-40GB MIG 4g.20gb (0),1,,13,"void pusch_noise_intf_est::noiseIntfEstNoDftSOfdmKernel<float, __half, float, float, (unsigned int)2, (unsigned int)1, (unsigned char)4, (unsigned char)4>(pusch_noise_intf_est::puschRxNoiseIntfEstDynDescr)"
2654186885,3008,114650,35,1,1,128,1,1,16,0.000,0.000,,,,,NVIDIA A100-SXM4-40GB MIG 4g.20gb (0),1,,13,cupy_copy__complex64_complex64
2654200165,1984,114659,1,1,1,1,1,1,18,0.000,0.000,,,,,NVIDIA A100-SXM4-40GB MIG 4g.20gb (0),1,,13,cupy_copy__float32_float32
2654231012,1856,114665,,,,,,,,,,0.000,2.155,Device,Pageable,NVIDIA A100-SXM4-40GB MIG 4g.20gb (0),1,,7,[CUDA memcpy Device-to-Host]
2654291715,12768,114676,1434,1,1,128,1,1,16,0.000,0.000,,,,,NVIDIA A100-SXM4-40GB MIG 4g.20gb (0),1,,13,cupy_copy__complex64_complex64
2654320419,3392,114683,103,1,1,128,1,1,16,0.000,0.000,,,,,NVIDIA A100-SXM4-40GB MIG 4g.20gb (0),1,,13,cupy_copy__complex64_complex64
2654340483,2304,114690,35,1,1,128,1,1,16,0.000,0.000,,,,,NVIDIA A100-SXM4-40GB MIG 4g.20gb (0),1,,13,cupy_copy__complex64_complex64
2654359427,1760,114697,1,1,1,1,1,1,18,0.000,0.000,,,,,NVIDIA A100-SXM4-40GB MIG 4g.20gb (0),1,,13,cupy_copy__float32_float32
2654488289,86783,114708,1,1,1,32,32,1,30,0.000,0.000,,,,,NVIDIA A100-SXM4-40GB MIG 4g.20gb (0),1,,13,"void convert_kernel<__half2, float2>(tensor_layout_any, T1 *, tensor_layout_any, const T2 *)"
2654602464,5600,114711,,,,,,,,,,0.094,16731.388,Pinned,Device,NVIDIA A100-SXM4-40GB MIG 4g.20gb (0),1,,13,[CUDA memcpy Host-to-Device]
2654616575,3200,114712,,,,,,,,,,1.547,483320.000,Device,,NVIDIA A100-SXM4-40GB MIG 4g.20gb (0),1,,13,[CUDA memset]
2654623807,3616,114717,,,,,,,,,,0.031,8654.846,Pinned,Device,NVIDIA A100-SXM4-40GB MIG 4g.20gb (0),1,,13,[CUDA memcpy Host-to-Device]
2654630175,9376,114718,,,,,,,,,,0.197,20969.226,Pinned,Device,NVIDIA A100-SXM4-40GB MIG 4g.20gb (0),1,,13,[CUDA memcpy Host-to-Device]
2654644351,6240,114719,273,1,1,8,4,1,39,0.002,0.000,,,,,NVIDIA A100-SXM4-40GB MIG 4g.20gb (0),1,,13,"void channel_eq::eqMmseCoefCompLowMimoKernel<float, float, float, (unsigned int)4, (unsigned int)1, (unsigned int)4>(const channel_eq::_puschRxChEqStatDescr *, channel_eq::_puschRxChEqCoefCompDynDescr)"
2654651903,6304,114720,273,1,1,12,11,1,51,0.002,0.000,,,,,NVIDIA A100-SXM4-40GB MIG 4g.20gb (0),1,,13,"void channel_eq::eqMmseSoftDemapKernel<float, __half, __half, float, (unsigned int)4, (unsigned short)16383>(channel_eq::_puschRxChEqStatDescr *, channel_eq::_puschRxChEqSoftDemapDynDescr)"
2654661663,281916,114721,1,1,1,32,32,1,30,0.000,0.000,,,,,NVIDIA A100-SXM4-40GB MIG 4g.20gb (0),1,,13,"void convert_kernel<float2, __half2>(tensor_layout_any, T1 *, tensor_layout_any, const T2 *)"
2654945083,11072,114733,2253,1,1,128,1,1,16,0.000,0.000,,,,,NVIDIA A100-SXM4-40GB MIG 4g.20gb (0),1,,13,cupy_copy__float16_float16
2654960251,3488,114742,282,1,1,128,1,1,16,0.000,0.000,,,,,NVIDIA A100-SXM4-40GB MIG 4g.20gb (0),1,,13,cupy_copy__complex64_complex64
2654965947,2016,114751,26,1,1,128,1,1,16,0.000,0.000,,,,,NVIDIA A100-SXM4-40GB MIG 4g.20gb (0),1,,13,cupy_copy__float32_float32
2654969147,4608,114760,103,1,1,128,1,1,16,0.000,0.000,,,,,NVIDIA A100-SXM4-40GB MIG 4g.20gb (0),1,,13,cupy_copy__complex64_complex64
2654974875,11936,114770,1434,1,1,128,1,1,16,0.000,0.000,,,,,NVIDIA A100-SXM4-40GB MIG 4g.20gb (0),1,,13,cupy_copy__complex64_complex64
2655005627,82655,114775,1,1,1,32,32,1,30,0.000,0.000,,,,,NVIDIA A100-SXM4-40GB MIG 4g.20gb (0),1,,13,"void convert_kernel<__half2, float2>(tensor_layout_any, T1 *, tensor_layout_any, const T2 *)"
2655115289,5504,114778,,,,,,,,,,0.094,17023.251,Pinned,Device,NVIDIA A100-SXM4-40GB MIG 4g.20gb (0),1,,13,[CUDA memcpy Host-to-Device]
2655124985,596057,114779,,,,,,,,,,456.561,765653.535,Device,,NVIDIA A100-SXM4-40GB MIG 4g.20gb (0),1,,13,[CUDA memset]
2655727506,159966,114784,,,,,,,,,,1.235,7719.635,Pinned,Device,NVIDIA A100-SXM4-40GB MIG 4g.20gb (0),1,,13,[CUDA memcpy Host-to-Device]
2655898992,38623,114785,,,,,,,,,,0.197,5090.378,Pinned,Device,NVIDIA A100-SXM4-40GB MIG 4g.20gb (0),1,,13,[CUDA memcpy Host-to-Device]
2655961039,7840,114786,69,4,1,48,1,1,76,0.002,0.000,,,,,NVIDIA A100-SXM4-40GB MIG 4g.20gb (0),1,,13,"void ch_est::windowedChEstPreNoDftSOfdmKernel<float, __half, float, (unsigned int)2, (unsigned int)1, (unsigned short)4>(ch_est::puschRxChEstStatDescr_t *, ch_est::puschRxChEstDynDescr_t *)"
2655979087,7071,114787,137,2,1,24,2,1,44,0.001,0.001,,,,,NVIDIA A100-SXM4-40GB MIG 4g.20gb (0),1,,13,"void ch_est::chEstFilterNoDftSOfdmDispatchKernel<float, __half, float, (unsigned int)2>(ch_est::puschRxChEstStatDescr_t *, ch_est::puschRxChEstDynDescr_t *)"
2655991246,5120,114788,137,2,1,24,2,1,44,0.001,0.001,,,,,NVIDIA A100-SXM4-40GB MIG 4g.20gb (0),1,,13,"void ch_est::chEstFilterNoDftSOfdmDispatchKernel<float, __half, float, (unsigned int)2>(ch_est::puschRxChEstStatDescr_t *, ch_est::puschRxChEstDynDescr_t *)"
2656004270,2720,114799,103,1,1,128,1,1,16,0.000,0.000,,,,,NVIDIA A100-SXM4-40GB MIG 4g.20gb (0),1,,13,cupy_copy__complex64_complex64
2656013870,12288,114809,1434,1,1,128,1,1,16,0.000,0.000,,,,,NVIDIA A100-SXM4-40GB MIG 4g.20gb (0),1,,13,cupy_copy__complex64_complex64
2656031566,2976,114816,103,1,1,128,1,1,16,0.000,0.000,,,,,NVIDIA A100-SXM4-40GB MIG 4g.20gb (0),1,,13,cupy_copy__complex64_complex64
2656043278,85407,114823,1,1,1,32,32,1,30,0.000,0.000,,,,,NVIDIA A100-SXM4-40GB MIG 4g.20gb (0),1,,13,"void convert_kernel<__half2, float2>(tensor_layout_any, T1 *, tensor_layout_any, const T2 *)"
2656160300,12192,114826,,,,,,,,,,0.094,7684.946,Pinned,Device,NVIDIA A100-SXM4-40GB MIG 4g.20gb (0),1,,13,[CUDA memcpy Host-to-Device]
2656185516,47231,114827,,,,,,,,,,35.810,758167.626,Device,,NVIDIA A100-SXM4-40GB MIG 4g.20gb (0),1,,13,[CUDA memset]
2656239435,6176,114829,,,,,,,,,,0.000,12.953,Pinned,Device,NVIDIA A100-SXM4-40GB MIG 4g.20gb (0),1,,13,[CUDA memcpy Host-to-Device]
2656252811,15520,114830,,,,,,,,,,0.197,12667.847,Pinned,Device,NVIDIA A100-SXM4-40GB MIG 4g.20gb (0),1,,13,[CUDA memcpy Host-to-Device]
2656277003,10176,114831,273,1,1,48,1,1,40,0.000,0.001,,,,,NVIDIA A100-SXM4-40GB MIG 4g.20gb (0),1,,13,"void pusch_noise_intf_est::noiseIntfEstNoDftSOfdmKernel<float, __half, float, float, (unsigned int)2, (unsigned int)1, (unsigned char)4, (unsigned char)4>(pusch_noise_intf_est::puschRxNoiseIntfEstDynDescr)"
2656294283,2784,114842,35,1,1,128,1,1,16,0.000,0.000,,,,,NVIDIA A100-SXM4-40GB MIG 4g.20gb (0),1,,13,cupy_copy__complex64_complex64
2656300459,1856,114851,1,1,1,1,1,1,18,0.000,0.000,,,,,NVIDIA A100-SXM4-40GB MIG 4g.20gb (0),1,,13,cupy_copy__float32_float32
2656310794,1856,114857,,,,,,,,,,0.000,2.155,Device,Pageable,NVIDIA A100-SXM4-40GB MIG 4g.20gb (0),1,,7,[CUDA memcpy Device-to-Host]
2656372874,13280,114868,1434,1,1,128,1,1,16,0.000,0.000,,,,,NVIDIA A100-SXM4-40GB MIG 4g.20gb (0),1,,13,cupy_copy__complex64_complex64
2656397545,2848,114875,103,1,1,128,1,1,16,0.000,0.000,,,,,NVIDIA A100-SXM4-40GB MIG 4g.20gb (0),1,,13,cupy_copy__complex64_complex64
2656421065,2592,114882,35,1,1,128,1,1,16,0.000,0.000,,,,,NVIDIA A100-SXM4-40GB MIG 4g.20gb (0),1,,13,cupy_copy__complex64_complex64
2656436457,1760,114889,1,1,1,1,1,1,18,0.000,0.000,,,,,NVIDIA A100-SXM4-40GB MIG 4g.20gb (0),1,,13,cupy_copy__float32_float32
2656569095,82623,114900,1,1,1,32,32,1,30,0.000,0.000,,,,,NVIDIA A100-SXM4-40GB MIG 4g.20gb (0),1,,13,"void convert_kernel<__half2, float2>(tensor_layout_any, T1 *, tensor_layout_any, const T2 *)"
2656679462,5856,114903,,,,,,,,,,0.094,15999.997,Pinned,Device,NVIDIA A100-SXM4-40GB MIG 4g.20gb (0),1,,13,[CUDA memcpy Host-to-Device]
2656694310,3200,114904,,,,,,,,,,1.547,483320.000,Device,,NVIDIA A100-SXM4-40GB MIG 4g.20gb (0),1,,13,[CUDA memset]
2656700774,3072,114909,,,,,,,,,,0.031,10187.474,Pinned,Device,NVIDIA A100-SXM4-40GB MIG 4g.20gb (0),1,,13,[CUDA memcpy Host-to-Device]
2656706470,10207,114910,,,,,,,,,,0.197,19261.882,Pinned,Device,NVIDIA A100-SXM4-40GB MIG 4g.20gb (0),1,,13,[CUDA memcpy Host-to-Device]
2656720581,6272,114911,273,1,1,8,4,1,39,0.002,0.000,,,,,NVIDIA A100-SXM4-40GB MIG 4g.20gb (0),1,,13,"void channel_eq::eqMmseCoefCompLowMimoKernel<float, float, float, (unsigned int)4, (unsigned int)1, (unsigned int)4>(const channel_eq::_puschRxChEqStatDescr *, channel_eq::_puschRxChEqCoefCompDynDescr)"
2656727781,6368,114912,273,1,1,12,11,1,51,0.002,0.000,,,,,NVIDIA A100-SXM4-40GB MIG 4g.20gb (0),1,,13,"void channel_eq::eqMmseSoftDemapKernel<float, __half, __half, float, (unsigned int)4, (unsigned short)16383>(channel_eq::_puschRxChEqStatDescr *, channel_eq::_puschRxChEqSoftDemapDynDescr)"
2656735141,282909,114913,1,1,1,32,32,1,30,0.000,0.000,,,,,NVIDIA A100-SXM4-40GB MIG 4g.20gb (0),1,,13,"void convert_kernel<float2, __half2>(tensor_layout_any, T1 *, tensor_layout_any, const T2 *)"
2657020866,10912,114925,2253,1,1,128,1,1,16,0.000,0.000,,,,,NVIDIA A100-SXM4-40GB MIG 4g.20gb (0),1,,13,cupy_copy__float16_float16
2657033634,2783,114934,282,1,1,128,1,1,16,0.000,0.000,,,,,NVIDIA A100-SXM4-40GB MIG 4g.20gb (0),1,,13,cupy_copy__complex64_complex64
2657040097,1984,114943,26,1,1,128,1,1,16,0.000,0.000,,,,,NVIDIA A100-SXM4-40GB MIG 4g.20gb (0),1,,13,cupy_copy__float32_float32
2657044961,3168,114952,103,1,1,128,1,1,16,0.000,0.000,,,,,NVIDIA A100-SXM4-40GB MIG 4g.20gb (0),1,,13,cupy_copy__complex64_complex64
2657051777,11936,114962,1434,1,1,128,1,1,16,0.000,0.000,,,,,NVIDIA A100-SXM4-40GB MIG 4g.20gb (0),1,,13,cupy_copy__complex64_complex64
2657070433,88447,114967,1,1,1,32,32,1,30,0.000,0.000,,,,,NVIDIA A100-SXM4-40GB MIG 4g.20gb (0),1,,13,"void convert_kernel<__half2, float2>(tensor_layout_any, T1 *, tensor_layout_any, const T2 *)"
2657186144,6016,114970,,,,,,,,,,0.094,15574.430,Pinned,Device,NVIDIA A100-SXM4-40GB MIG 4g.20gb (0),1,,13,[CUDA memcpy Host-to-Device]
2657197248,602200,114971,,,,,,,,,,456.561,757891.990,Device,,NVIDIA A100-SXM4-40GB MIG 4g.20gb (0),1,,13,[CUDA memset]
2657804312,146462,114976,,,,,,,,,,1.235,8430.963,Pinned,Device,NVIDIA A100-SXM4-40GB MIG 4g.20gb (0),1,,13,[CUDA memcpy Host-to-Device]
2657963190,40352,114977,,,,,,,,,,0.197,4872.143,Pinned,Device,NVIDIA A100-SXM4-40GB MIG 4g.20gb (0),1,,13,[CUDA memcpy Host-to-Device]
2658024725,8224,114978,69,4,1,48,1,1,76,0.002,0.000,,,,,NVIDIA A100-SXM4-40GB MIG 4g.20gb (0),1,,13,"void ch_est::windowedChEstPreNoDftSOfdmKernel<float, __half, float, (unsigned int)2, (unsigned int)1, (unsigned short)4>(ch_est::puschRxChEstStatDescr_t *, ch_est::puschRxChEstDynDescr_t *)"
2658043893,6720,114979,137,2,1,24,2,1,44,0.001,0.001,,,,,NVIDIA A100-SXM4-40GB MIG 4g.20gb (0),1,,13,"void ch_est::chEstFilterNoDftSOfdmDispatchKernel<float, __half, float, (unsigned int)2>(ch_est::puschRxChEstStatDescr_t *, ch_est::puschRxChEstDynDescr_t *)"
2658061653,4768,114980,137,2,1,24,2,1,44,0.001,0.001,,,,,NVIDIA A100-SXM4-40GB MIG 4g.20gb (0),1,,13,"void ch_est::chEstFilterNoDftSOfdmDispatchKernel<float, __half, float, (unsigned int)2>(ch_est::puschRxChEstStatDescr_t *, ch_est::puschRxChEstDynDescr_t *)"
2658078613,2656,114991,103,1,1,128,1,1,16,0.000,0.000,,,,,NVIDIA A100-SXM4-40GB MIG 4g.20gb (0),1,,13,cupy_copy__complex64_complex64
2658095508,12480,115001,1434,1,1,128,1,1,16,0.000,0.000,,,,,NVIDIA A100-SXM4-40GB MIG 4g.20gb (0),1,,13,cupy_copy__complex64_complex64
2658115060,2944,115008,103,1,1,128,1,1,16,0.000,0.000,,,,,NVIDIA A100-SXM4-40GB MIG 4g.20gb (0),1,,13,cupy_copy__complex64_complex64
2658133556,87775,115015,1,1,1,32,32,1,30,0.000,0.000,,,,,NVIDIA A100-SXM4-40GB MIG 4g.20gb (0),1,,13,"void convert_kernel<__half2, float2>(tensor_layout_any, T1 *, tensor_layout_any, const T2 *)"
2658252114,23008,115018,,,,,,,,,,0.094,4072.309,Pinned,Device,NVIDIA A100-SXM4-40GB MIG 4g.20gb (0),1,,13,[CUDA memcpy Host-to-Device]
2658293458,46367,115019,,,,,,,,,,35.810,772312.545,Device,,NVIDIA A100-SXM4-40GB MIG 4g.20gb (0),1,,13,[CUDA memset]
2658340849,7456,115021,,,,,,,,,,0.000,10.730,Pinned,Device,NVIDIA A100-SXM4-40GB MIG 4g.20gb (0),1,,13,[CUDA memcpy Host-to-Device]
2658354321,20320,115022,,,,,,,,,,0.197,9675.473,Pinned,Device,NVIDIA A100-SXM4-40GB MIG 4g.20gb (0),1,,13,[CUDA memcpy Host-to-Device]
2658390161,12736,115023,273,1,1,48,1,1,40,0.000,0.001,,,,,NVIDIA A100-SXM4-40GB MIG 4g.20gb (0),1,,13,"void pusch_noise_intf_est::noiseIntfEstNoDftSOfdmKernel<float, __half, float, float, (unsigned int)2, (unsigned int)1, (unsigned char)4, (unsigned char)4>(pusch_noise_intf_est::puschRxNoiseIntfEstDynDescr)"
2658405009,2592,115034,35,1,1,128,1,1,16,0.000,0.000,,,,,NVIDIA A100-SXM4-40GB MIG 4g.20gb (0),1,,13,cupy_copy__complex64_complex64
2658413360,1728,115043,1,1,1,1,1,1,18,0.000,0.000,,,,,NVIDIA A100-SXM4-40GB MIG 4g.20gb (0),1,,13,cupy_copy__float32_float32
2658422640,3264,115049,,,,,,,,,,0.000,1.225,Device,Pageable,NVIDIA A100-SXM4-40GB MIG 4g.20gb (0),1,,7,[CUDA memcpy Device-to-Host]
2658498287,12864,115060,1434,1,1,128,1,1,16,0.000,0.000,,,,,NVIDIA A100-SXM4-40GB MIG 4g.20gb (0),1,,13,cupy_copy__complex64_complex64
2658522351,2944,115067,103,1,1,128,1,1,16,0.000,0.000,,,,,NVIDIA A100-SXM4-40GB MIG 4g.20gb (0),1,,13,cupy_copy__complex64_complex64
2658545775,2592,115074,35,1,1,128,1,1,16,0.000,0.000,,,,,NVIDIA A100-SXM4-40GB MIG 4g.20gb (0),1,,13,cupy_copy__complex64_complex64
2658561295,1888,115081,1,1,1,1,1,1,18,0.000,0.000,,,,,NVIDIA A100-SXM4-40GB MIG 4g.20gb (0),1,,13,cupy_copy__float32_float32
2658687469,82271,115092,1,1,1,32,32,1,30,0.000,0.000,,,,,NVIDIA A100-SXM4-40GB MIG 4g.20gb (0),1,,13,"void convert_kernel<__half2, float2>(tensor_layout_any, T1 *, tensor_layout_any, const T2 *)"
2658797548,5696,115095,,,,,,,,,,0.094,16449.363,Pinned,Device,NVIDIA A100-SXM4-40GB MIG 4g.20gb (0),1,,13,[CUDA memcpy Host-to-Device]
2658811308,3296,115096,,,,,,,,,,1.547,469242.628,Device,,NVIDIA A100-SXM4-40GB MIG 4g.20gb (0),1,,13,[CUDA memset]
2658818251,3456,115101,,,,,,,,,,0.031,9055.529,Pinned,Device,NVIDIA A100-SXM4-40GB MIG 4g.20gb (0),1,,13,[CUDA memcpy Host-to-Device]
2658825131,9472,115102,,,,,,,,,,0.197,20756.693,Pinned,Device,NVIDIA A100-SXM4-40GB MIG 4g.20gb (0),1,,13,[CUDA memcpy Host-to-Device]
2658839563,8128,115103,273,1,1,8,4,1,39,0.002,0.000,,,,,NVIDIA A100-SXM4-40GB MIG 4g.20gb (0),1,,13,"void channel_eq::eqMmseCoefCompLowMimoKernel<float, float, float, (unsigned int)4, (unsigned int)1, (unsigned int)4>(const channel_eq::_puschRxChEqStatDescr *, channel_eq::_puschRxChEqCoefCompDynDescr)"
2658848619,6272,115104,273,1,1,12,11,1,51,0.002,0.000,,,,,NVIDIA A100-SXM4-40GB MIG 4g.20gb (0),1,,13,"void channel_eq::eqMmseSoftDemapKernel<float, __half, __half, float, (unsigned int)4, (unsigned short)16383>(channel_eq::_puschRxChEqStatDescr *, channel_eq::_puschRxChEqSoftDemapDynDescr)"
2658855947,282876,115105,1,1,1,32,32,1,30,0.000,0.000,,,,,NVIDIA A100-SXM4-40GB MIG 4g.20gb (0),1,,13,"void convert_kernel<float2, __half2>(tensor_layout_any, T1 *, tensor_layout_any, const T2 *)"
2659142983,11136,115117,2253,1,1,128,1,1,16,0.000,0.000,,,,,NVIDIA A100-SXM4-40GB MIG 4g.20gb (0),1,,13,cupy_copy__float16_float16
2659155687,3680,115126,282,1,1,128,1,1,16,0.000,0.000,,,,,NVIDIA A100-SXM4-40GB MIG 4g.20gb (0),1,,13,cupy_copy__complex64_complex64
2659163431,2208,115135,26,1,1,128,1,1,16,0.000,0.000,,,,,NVIDIA A100-SXM4-40GB MIG 4g.20gb (0),1,,13,cupy_copy__float32_float32
2659166759,3232,115144,103,1,1,128,1,1,16,0.000,0.000,,,,,NVIDIA A100-SXM4-40GB MIG 4g.20gb (0),1,,13,cupy_copy__complex64_complex64
2659172263,12160,115154,1434,1,1,128,1,1,16,0.000,0.000,,,,,NVIDIA A100-SXM4-40GB MIG 4g.20gb (0),1,,13,cupy_copy__complex64_complex64
2659197127,81695,115159,1,1,1,32,32,1,30,0.000,0.000,,,,,NVIDIA A100-SXM4-40GB MIG 4g.20gb (0),1,,13,"void convert_kernel<__half2, float2>(tensor_layout_any, T1 *, tensor_layout_any, const T2 *)"
2659306277,5920,115162,,,,,,,,,,0.094,15826.941,Pinned,Device,NVIDIA A100-SXM4-40GB MIG 4g.20gb (0),1,,13,[CUDA memcpy Host-to-Device]
2659316805,597305,115163,,,,,,,,,,456.561,764283.851,Device,,NVIDIA A100-SXM4-40GB MIG 4g.20gb (0),1,,13,[CUDA memset]
2659918558,142462,115168,,,,,,,,,,1.235,8668.072,Pinned,Device,NVIDIA A100-SXM4-40GB MIG 4g.20gb (0),1,,13,[CUDA memcpy Host-to-Device]
2660069404,32288,115169,,,,,,,,,,0.197,6089.146,Pinned,Device,NVIDIA A100-SXM4-40GB MIG 4g.20gb (0),1,,13,[CUDA memcpy Host-to-Device]
2660116091,8064,115170,69,4,1,48,1,1,76,0.002,0.000,,,,,NVIDIA A100-SXM4-40GB MIG 4g.20gb (0),1,,13,"void ch_est::windowedChEstPreNoDftSOfdmKernel<float, __half, float, (unsigned int)2, (unsigned int)1, (unsigned short)4>(ch_est::puschRxChEstStatDescr_t *, ch_est::puschRxChEstDynDescr_t *)"
2660142651,6688,115171,137,2,1,24,2,1,44,0.001,0.001,,,,,NVIDIA A100-SXM4-40GB MIG 4g.20gb (0),1,,13,"void ch_est::chEstFilterNoDftSOfdmDispatchKernel<float, __half, float, (unsigned int)2>(ch_est::puschRxChEstStatDescr_t *, ch_est::puschRxChEstDynDescr_t *)"
2660159003,4736,115172,137,2,1,24,2,1,44,0.001,0.001,,,,,NVIDIA A100-SXM4-40GB MIG 4g.20gb (0),1,,13,"void ch_est::chEstFilterNoDftSOfdmDispatchKernel<float, __half, float, (unsigned int)2>(ch_est::puschRxChEstStatDescr_t *, ch_est::puschRxChEstDynDescr_t *)"
2660177787,2656,115183,103,1,1,128,1,1,16,0.000,0.000,,,,,NVIDIA A100-SXM4-40GB MIG 4g.20gb (0),1,,13,cupy_copy__complex64_complex64
2660190330,12576,115193,1434,1,1,128,1,1,16,0.000,0.000,,,,,NVIDIA A100-SXM4-40GB MIG 4g.20gb (0),1,,13,cupy_copy__complex64_complex64
2660218746,2592,115200,103,1,1,128,1,1,16,0.000,0.000,,,,,NVIDIA A100-SXM4-40GB MIG 4g.20gb (0),1,,13,cupy_copy__complex64_complex64
2660234874,87231,115207,1,1,1,32,32,1,30,0.000,0.000,,,,,NVIDIA A100-SXM4-40GB MIG 4g.20gb (0),1,,13,"void convert_kernel<__half2, float2>(tensor_layout_any, T1 *, tensor_layout_any, const T2 *)"
2660354168,23360,115210,,,,,,,,,,0.094,4010.938,Pinned,Device,NVIDIA A100-SXM4-40GB MIG 4g.20gb (0),1,,13,[CUDA memcpy Host-to-Device]
2660406392,47935,115211,,,,,,,,,,35.810,747030.741,Device,,NVIDIA A100-SXM4-40GB MIG 4g.20gb (0),1,,13,[CUDA memset]
2660460375,10720,115213,,,,,,,,,,0.000,7.463,Pinned,Device,NVIDIA A100-SXM4-40GB MIG 4g.20gb (0),1,,13,[CUDA memcpy Host-to-Device]
2660478455,32864,115214,,,,,,,,,,0.197,5982.388,Pinned,Device,NVIDIA A100-SXM4-40GB MIG 4g.20gb (0),1,,13,[CUDA memcpy Host-to-Device]
2660532822,9568,115215,273,1,1,48,1,1,40,0.000,0.001,,,,,NVIDIA A100-SXM4-40GB MIG 4g.20gb (0),1,,13,"void pusch_noise_intf_est::noiseIntfEstNoDftSOfdmKernel<float, __half, float, float, (unsigned int)2, (unsigned int)1, (unsigned char)4, (unsigned char)4>(pusch_noise_intf_est::puschRxNoiseIntfEstDynDescr)"
2660549334,2816,115226,35,1,1,128,1,1,16,0.000,0.000,,,,,NVIDIA A100-SXM4-40GB MIG 4g.20gb (0),1,,13,cupy_copy__complex64_complex64
2660566294,1760,115235,1,1,1,1,1,1,18,0.000,0.000,,,,,NVIDIA A100-SXM4-40GB MIG 4g.20gb (0),1,,13,cupy_copy__float32_float32
2660570646,7424,115241,,,,,,,,,,0.000,0.539,Device,Pageable,NVIDIA A100-SXM4-40GB MIG 4g.20gb (0),1,,7,[CUDA memcpy Device-to-Host]
2660672533,12927,115252,1434,1,1,128,1,1,16,0.000,0.000,,,,,NVIDIA A100-SXM4-40GB MIG 4g.20gb (0),1,,13,cupy_copy__complex64_complex64
2660695636,3072,115259,103,1,1,128,1,1,16,0.000,0.000,,,,,NVIDIA A100-SXM4-40GB MIG 4g.20gb (0),1,,13,cupy_copy__complex64_complex64
2660714196,2560,115266,35,1,1,128,1,1,16,0.000,0.000,,,,,NVIDIA A100-SXM4-40GB MIG 4g.20gb (0),1,,13,cupy_copy__complex64_complex64
2660734388,1792,115273,1,1,1,1,1,1,18,0.000,0.000,,,,,NVIDIA A100-SXM4-40GB MIG 4g.20gb (0),1,,13,cupy_copy__float32_float32
2660858738,87487,115284,1,1,1,32,32,1,30,0.000,0.000,,,,,NVIDIA A100-SXM4-40GB MIG 4g.20gb (0),1,,13,"void convert_kernel<__half2, float2>(tensor_layout_any, T1 *, tensor_layout_any, const T2 *)"
2660979537,13824,115287,,,,,,,,,,0.094,6777.688,Pinned,Device,NVIDIA A100-SXM4-40GB MIG 4g.20gb (0),1,,13,[CUDA memcpy Host-to-Device]
2661005168,3200,115288,,,,,,,,,,1.547,483320.000,Device,,NVIDIA A100-SXM4-40GB MIG 4g.20gb (0),1,,13,[CUDA memset]
2661015056,3648,115293,,,,,,,,,,0.031,8578.922,Pinned,Device,NVIDIA A100-SXM4-40GB MIG 4g.20gb (0),1,,13,[CUDA memcpy Host-to-Device]
2661024208,16544,115294,,,,,,,,,,0.197,11883.774,Pinned,Device,NVIDIA A100-SXM4-40GB MIG 4g.20gb (0),1,,13,[CUDA memcpy Host-to-Device]
2661050288,8320,115295,273,1,1,8,4,1,39,0.002,0.000,,,,,NVIDIA A100-SXM4-40GB MIG 4g.20gb (0),1,,13,"void channel_eq::eqMmseCoefCompLowMimoKernel<float, float, float, (unsigned int)4, (unsigned int)1, (unsigned int)4>(const channel_eq::_puschRxChEqStatDescr *, channel_eq::_puschRxChEqCoefCompDynDescr)"
2661064880,7872,115296,273,1,1,12,11,1,51,0.002,0.000,,,,,NVIDIA A100-SXM4-40GB MIG 4g.20gb (0),1,,13,"void channel_eq::eqMmseSoftDemapKernel<float, __half, __half, float, (unsigned int)4, (unsigned short)16383>(channel_eq::_puschRxChEqStatDescr *, channel_eq::_puschRxChEqSoftDemapDynDescr)"
2661078352,290396,115297,1,1,1,32,32,1,30,0.000,0.000,,,,,NVIDIA A100-SXM4-40GB MIG 4g.20gb (0),1,,13,"void convert_kernel<float2, __half2>(tensor_layout_any, T1 *, tensor_layout_any, const T2 *)"
2661371340,10944,115309,2253,1,1,128,1,1,16,0.000,0.000,,,,,NVIDIA A100-SXM4-40GB MIG 4g.20gb (0),1,,13,cupy_copy__float16_float16
2661385388,3616,115318,282,1,1,128,1,1,16,0.000,0.000,,,,,NVIDIA A100-SXM4-40GB MIG 4g.20gb (0),1,,13,cupy_copy__complex64_complex64
2661391180,2240,115327,26,1,1,128,1,1,16,0.000,0.000,,,,,NVIDIA A100-SXM4-40GB MIG 4g.20gb (0),1,,13,cupy_copy__float32_float32
2661394476,3744,115336,103,1,1,128,1,1,16,0.000,0.000,,,,,NVIDIA A100-SXM4-40GB MIG 4g.20gb (0),1,,13,cupy_copy__complex64_complex64
2661399340,12319,115346,1434,1,1,128,1,1,16,0.000,0.000,,,,,NVIDIA A100-SXM4-40GB MIG 4g.20gb (0),1,,13,cupy_copy__complex64_complex64
2661416363,81695,115351,1,1,1,32,32,1,30,0.000,0.000,,,,,NVIDIA A100-SXM4-40GB MIG 4g.20gb (0),1,,13,"void convert_kernel<__half2, float2>(tensor_layout_any, T1 *, tensor_layout_any, const T2 *)"
2661525418,5376,115354,,,,,,,,,,0.094,17428.487,Pinned,Device,NVIDIA A100-SXM4-40GB MIG 4g.20gb (0),1,,13,[CUDA memcpy Host-to-Device]
2661535850,600184,115355,,,,,,,,,,456.561,760631.359,Device,,NVIDIA A100-SXM4-40GB MIG 4g.20gb (0),1,,13,[CUDA memset]
2662141538,85567,115360,,,,,,,,,,1.235,14431.556,Pinned,Device,NVIDIA A100-SXM4-40GB MIG 4g.20gb (0),1,,13,[CUDA memcpy Host-to-Device]
2662233889,16672,115361,,,,,,,,,,0.197,11792.548,Pinned,Device,NVIDIA A100-SXM4-40GB MIG 4g.20gb (0),1,,13,[CUDA memcpy Host-to-Device]
2662259521,8736,115362,69,4,1,48,1,1,76,0.002,0.000,,,,,NVIDIA A100-SXM4-40GB MIG 4g.20gb (0),1,,13,"void ch_est::windowedChEstPreNoDftSOfdmKernel<float, __half, float, (unsigned int)2, (unsigned int)1, (unsigned short)4>(ch_est::puschRxChEstStatDescr_t *, ch_est::puschRxChEstDynDescr_t *)"
2662275169,7104,115363,137,2,1,24,2,1,44,0.001,0.001,,,,,NVIDIA A100-SXM4-40GB MIG 4g.20gb (0),1,,13,"void ch_est::chEstFilterNoDftSOfdmDispatchKernel<float, __half, float, (unsigned int)2>(ch_est::puschRxChEstStatDescr_t *, ch_est::puschRxChEstDynDescr_t *)"
2662290497,6271,115364,137,2,1,24,2,1,44,0.001,0.001,,,,,NVIDIA A100-SXM4-40GB MIG 4g.20gb (0),1,,13,"void ch_est::chEstFilterNoDftSOfdmDispatchKernel<float, __half, float, (unsigned int)2>(ch_est::puschRxChEstStatDescr_t *, ch_est::puschRxChEstDynDescr_t *)"
2662298400,2944,115375,103,1,1,128,1,1,16,0.000,0.000,,,,,NVIDIA A100-SXM4-40GB MIG 4g.20gb (0),1,,13,cupy_copy__complex64_complex64
2662307520,12416,115385,1434,1,1,128,1,1,16,0.000,0.000,,,,,NVIDIA A100-SXM4-40GB MIG 4g.20gb (0),1,,13,cupy_copy__complex64_complex64
2662325088,3136,115392,103,1,1,128,1,1,16,0.000,0.000,,,,,NVIDIA A100-SXM4-40GB MIG 4g.20gb (0),1,,13,cupy_copy__complex64_complex64
2662333824,89951,115399,1,1,1,32,32,1,30,0.000,0.000,,,,,NVIDIA A100-SXM4-40GB MIG 4g.20gb (0),1,,13,"void convert_kernel<__half2, float2>(tensor_layout_any, T1 *, tensor_layout_any, const T2 *)"
2662452415,10335,115402,,,,,,,,,,0.094,9065.838,Pinned,Device,NVIDIA A100-SXM4-40GB MIG 4g.20gb (0),1,,13,[CUDA memcpy Host-to-Device]
2662471070,47648,115403,,,,,,,,,,35.810,751542.791,Device,,NVIDIA A100-SXM4-40GB MIG 4g.20gb (0),1,,13,[CUDA memset]
2662519358,4896,115405,,,,,,,,,,0.000,16.340,Pinned,Device,NVIDIA A100-SXM4-40GB MIG 4g.20gb (0),1,,13,[CUDA memcpy Host-to-Device]
2662527614,12927,115406,,,,,,,,,,0.197,15209.005,Pinned,Device,NVIDIA A100-SXM4-40GB MIG 4g.20gb (0),1,,13,[CUDA memcpy Host-to-Device]
2662549917,9376,115407,273,1,1,48,1,1,40,0.000,0.001,,,,,NVIDIA A100-SXM4-40GB MIG 4g.20gb (0),1,,13,"void pusch_noise_intf_est::noiseIntfEstNoDftSOfdmKernel<float, __half, float, float, (unsigned int)2, (unsigned int)1, (unsigned char)4, (unsigned char)4>(pusch_noise_intf_est::puschRxNoiseIntfEstDynDescr)"
2662563837,2720,115418,35,1,1,128,1,1,16,0.000,0.000,,,,,NVIDIA A100-SXM4-40GB MIG 4g.20gb (0),1,,13,cupy_copy__complex64_complex64
2662569597,1984,115427,1,1,1,1,1,1,18,0.000,0.000,,,,,NVIDIA A100-SXM4-40GB MIG 4g.20gb (0),1,,13,cupy_copy__float32_float32
2662601949,1568,115433,,,,,,,,,,0.000,2.551,Device,Pageable,NVIDIA A100-SXM4-40GB MIG 4g.20gb (0),1,,7,[CUDA memcpy Device-to-Host]
2662661372,13024,115444,1434,1,1,128,1,1,16,0.000,0.000,,,,,NVIDIA A100-SXM4-40GB MIG 4g.20gb (0),1,,13,cupy_copy__complex64_complex64
2662686428,2624,115451,103,1,1,128,1,1,16,0.000,0.000,,,,,NVIDIA A100-SXM4-40GB MIG 4g.20gb (0),1,,13,cupy_copy__complex64_complex64
2662707803,2624,115458,35,1,1,128,1,1,16,0.000,0.000,,,,,NVIDIA A100-SXM4-40GB MIG 4g.20gb (0),1,,13,cupy_copy__complex64_complex64
2662726971,1760,115465,1,1,1,1,1,1,18,0.000,0.000,,,,,NVIDIA A100-SXM4-40GB MIG 4g.20gb (0),1,,13,cupy_copy__float32_float32
2662865497,82367,115476,1,1,1,32,32,1,30,0.000,0.000,,,,,NVIDIA A100-SXM4-40GB MIG 4g.20gb (0),1,,13,"void convert_kernel<__half2, float2>(tensor_layout_any, T1 *, tensor_layout_any, const T2 *)"
2662975608,5760,115479,,,,,,,,,,0.094,16266.656,Pinned,Device,NVIDIA A100-SXM4-40GB MIG 4g.20gb (0),1,,13,[CUDA memcpy Host-to-Device]
2662990296,3360,115480,,,,,,,,,,1.547,460304.688,Device,,NVIDIA A100-SXM4-40GB MIG 4g.20gb (0),1,,13,[CUDA memset]
2662996984,3776,115485,,,,,,,,,,0.031,8288.120,Pinned,Device,NVIDIA A100-SXM4-40GB MIG 4g.20gb (0),1,,13,[CUDA memcpy Host-to-Device]
2663003352,9728,115486,,,,,,,,,,0.197,20210.516,Pinned,Device,NVIDIA A100-SXM4-40GB MIG 4g.20gb (0),1,,13,[CUDA memcpy Host-to-Device]
2663017912,7071,115487,273,1,1,8,4,1,39,0.002,0.000,,,,,NVIDIA A100-SXM4-40GB MIG 4g.20gb (0),1,,13,"void channel_eq::eqMmseCoefCompLowMimoKernel<float, float, float, (unsigned int)4, (unsigned int)1, (unsigned int)4>(const channel_eq::_puschRxChEqStatDescr *, channel_eq::_puschRxChEqCoefCompDynDescr)"
2663026519,6048,115488,273,1,1,12,11,1,51,0.002,0.000,,,,,NVIDIA A100-SXM4-40GB MIG 4g.20gb (0),1,,13,"void channel_eq::eqMmseSoftDemapKernel<float, __half, __half, float, (unsigned int)4, (unsigned short)16383>(channel_eq::_puschRxChEqStatDescr *, channel_eq::_puschRxChEqSoftDemapDynDescr)"
2663034327,282653,115489,1,1,1,32,32,1,30,0.000,0.000,,,,,NVIDIA A100-SXM4-40GB MIG 4g.20gb (0),1,,13,"void convert_kernel<float2, __half2>(tensor_layout_any, T1 *, tensor_layout_any, const T2 *)"
2663318004,11008,115501,2253,1,1,128,1,1,16,0.000,0.000,,,,,NVIDIA A100-SXM4-40GB MIG 4g.20gb (0),1,,13,cupy_copy__float16_float16
2663332820,3584,115510,282,1,1,128,1,1,16,0.000,0.000,,,,,NVIDIA A100-SXM4-40GB MIG 4g.20gb (0),1,,13,cupy_copy__complex64_complex64
2663338132,2144,115519,26,1,1,128,1,1,16,0.000,0.000,,,,,NVIDIA A100-SXM4-40GB MIG 4g.20gb (0),1,,13,cupy_copy__float32_float32
2663342260,3359,115528,103,1,1,128,1,1,16,0.000,0.000,,,,,NVIDIA A100-SXM4-40GB MIG 4g.20gb (0),1,,13,cupy_copy__complex64_complex64
2663346707,11936,115538,1434,1,1,128,1,1,16,0.000,0.000,,,,,NVIDIA A100-SXM4-40GB MIG 4g.20gb (0),1,,13,cupy_copy__complex64_complex64
2663365811,82015,115543,1,1,1,32,32,1,30,0.000,0.000,,,,,NVIDIA A100-SXM4-40GB MIG 4g.20gb (0),1,,13,"void convert_kernel<__half2, float2>(tensor_layout_any, T1 *, tensor_layout_any, const T2 *)"
2663475058,5696,115546,,,,,,,,,,0.094,16449.363,Pinned,Device,NVIDIA A100-SXM4-40GB MIG 4g.20gb (0),1,,13,[CUDA memcpy Host-to-Device]
2663485810,597016,115547,,,,,,,,,,456.561,764283.851,Device,,NVIDIA A100-SXM4-40GB MIG 4g.20gb (0),1,,13,[CUDA memset]
2664089418,162238,115552,,,,,,,,,,1.235,7610.960,Pinned,Device,NVIDIA A100-SXM4-40GB MIG 4g.20gb (0),1,,13,[CUDA memcpy Host-to-Device]
2664263656,41472,115553,,,,,,,,,,0.197,4740.612,Pinned,Device,NVIDIA A100-SXM4-40GB MIG 4g.20gb (0),1,,13,[CUDA memcpy Host-to-Device]
2664326055,8128,115554,69,4,1,48,1,1,76,0.002,0.000,,,,,NVIDIA A100-SXM4-40GB MIG 4g.20gb (0),1,,13,"void ch_est::windowedChEstPreNoDftSOfdmKernel<float, __half, float, (unsigned int)2, (unsigned int)1, (unsigned short)4>(ch_est::puschRxChEstStatDescr_t *, ch_est::puschRxChEstDynDescr_t *)"
2664343847,6208,115555,137,2,1,24,2,1,44,0.001,0.001,,,,,NVIDIA A100-SXM4-40GB MIG 4g.20gb (0),1,,13,"void ch_est::chEstFilterNoDftSOfdmDispatchKernel<float, __half, float, (unsigned int)2>(ch_est::puschRxChEstStatDescr_t *, ch_est::puschRxChEstDynDescr_t *)"
2664356935,5184,115556,137,2,1,24,2,1,44,0.001,0.001,,,,,NVIDIA A100-SXM4-40GB MIG 4g.20gb (0),1,,13,"void ch_est::chEstFilterNoDftSOfdmDispatchKernel<float, __half, float, (unsigned int)2>(ch_est::puschRxChEstStatDescr_t *, ch_est::puschRxChEstDynDescr_t *)"
2664369575,2592,115567,103,1,1,128,1,1,16,0.000,0.000,,,,,NVIDIA A100-SXM4-40GB MIG 4g.20gb (0),1,,13,cupy_copy__complex64_complex64
2664379687,12512,115577,1434,1,1,128,1,1,16,0.000,0.000,,,,,NVIDIA A100-SXM4-40GB MIG 4g.20gb (0),1,,13,cupy_copy__complex64_complex64
2664404646,2624,115584,103,1,1,128,1,1,16,0.000,0.000,,,,,NVIDIA A100-SXM4-40GB MIG 4g.20gb (0),1,,13,cupy_copy__complex64_complex64
2664413766,82207,115591,1,1,1,32,32,1,30,0.000,0.000,,,,,NVIDIA A100-SXM4-40GB MIG 4g.20gb (0),1,,13,"void convert_kernel<__half2, float2>(tensor_layout_any, T1 *, tensor_layout_any, const T2 *)"
2664527941,13696,115594,,,,,,,,,,0.094,6841.120,Pinned,Device,NVIDIA A100-SXM4-40GB MIG 4g.20gb (0),1,,13,[CUDA memcpy Host-to-Device]
2664554853,47167,115595,,,,,,,,,,35.810,759206.114,Device,,NVIDIA A100-SXM4-40GB MIG 4g.20gb (0),1,,13,[CUDA memset]
2664603332,8224,115597,,,,,,,,,,0.000,9.728,Pinned,Device,NVIDIA A100-SXM4-40GB MIG 4g.20gb (0),1,,13,[CUDA memcpy Host-to-Device]
2664620068,17056,115598,,,,,,,,,,0.197,11527.127,Pinned,Device,NVIDIA A100-SXM4-40GB MIG 4g.20gb (0),1,,13,[CUDA memcpy Host-to-Device]
2664649347,9600,115599,273,1,1,48,1,1,40,0.000,0.001,,,,,NVIDIA A100-SXM4-40GB MIG 4g.20gb (0),1,,13,"void pusch_noise_intf_est::noiseIntfEstNoDftSOfdmKernel<float, __half, float, float, (unsigned int)2, (unsigned int)1, (unsigned char)4, (unsigned char)4>(pusch_noise_intf_est::puschRxNoiseIntfEstDynDescr)"
2664662339,2816,115610,35,1,1,128,1,1,16,0.000,0.000,,,,,NVIDIA A100-SXM4-40GB MIG 4g.20gb (0),1,,13,cupy_copy__complex64_complex64
2664672515,1696,115619,1,1,1,1,1,1,18,0.000,0.000,,,,,NVIDIA A100-SXM4-40GB MIG 4g.20gb (0),1,,13,cupy_copy__float32_float32
2664680483,7552,115625,,,,,,,,,,0.000,0.530,Device,Pageable,NVIDIA A100-SXM4-40GB MIG 4g.20gb (0),1,,7,[CUDA memcpy Device-to-Host]
2664765698,13120,115636,1434,1,1,128,1,1,16,0.000,0.000,,,,,NVIDIA A100-SXM4-40GB MIG 4g.20gb (0),1,,13,cupy_copy__complex64_complex64
2664787330,3424,115643,103,1,1,128,1,1,16,0.000,0.000,,,,,NVIDIA A100-SXM4-40GB MIG 4g.20gb (0),1,,13,cupy_copy__complex64_complex64
2664808865,2592,115650,35,1,1,128,1,1,16,0.000,0.000,,,,,NVIDIA A100-SXM4-40GB MIG 4g.20gb (0),1,,13,cupy_copy__complex64_complex64
2664828225,2112,115657,1,1,1,1,1,1,18,0.000,0.000,,,,,NVIDIA A100-SXM4-40GB MIG 4g.20gb (0),1,,13,cupy_copy__float32_float32
2664951104,82015,115668,1,1,1,32,32,1,30,0.000,0.000,,,,,NVIDIA A100-SXM4-40GB MIG 4g.20gb (0),1,,13,"void convert_kernel<__half2, float2>(tensor_layout_any, T1 *, tensor_layout_any, const T2 *)"
2665060926,5984,115671,,,,,,,,,,0.094,15657.726,Pinned,Device,NVIDIA A100-SXM4-40GB MIG 4g.20gb (0),1,,13,[CUDA memcpy Host-to-Device]
2665076990,3232,115672,,,,,,,,,,1.547,478533.199,Device,,NVIDIA A100-SXM4-40GB MIG 4g.20gb (0),1,,13,[CUDA memset]
2665082622,3008,115677,,,,,,,,,,0.031,10404.230,Pinned,Device,NVIDIA A100-SXM4-40GB MIG 4g.20gb (0),1,,13,[CUDA memcpy Host-to-Device]
2665088350,9472,115678,,,,,,,,,,0.197,20756.693,Pinned,Device,NVIDIA A100-SXM4-40GB MIG 4g.20gb (0),1,,13,[CUDA memcpy Host-to-Device]
2665101918,6144,115679,273,1,1,8,4,1,39,0.002,0.000,,,,,NVIDIA A100-SXM4-40GB MIG 4g.20gb (0),1,,13,"void channel_eq::eqMmseCoefCompLowMimoKernel<float, float, float, (unsigned int)4, (unsigned int)1, (unsigned int)4>(const channel_eq::_puschRxChEqStatDescr *, channel_eq::_puschRxChEqCoefCompDynDescr)"
2665111262,7840,115680,273,1,1,12,11,1,51,0.002,0.000,,,,,NVIDIA A100-SXM4-40GB MIG 4g.20gb (0),1,,13,"void channel_eq::eqMmseSoftDemapKernel<float, __half, __half, float, (unsigned int)4, (unsigned short)16383>(channel_eq::_puschRxChEqStatDescr *, channel_eq::_puschRxChEqSoftDemapDynDescr)"
2665120126,282556,115681,1,1,1,32,32,1,30,0.000,0.000,,,,,NVIDIA A100-SXM4-40GB MIG 4g.20gb (0),1,,13,"void convert_kernel<float2, __half2>(tensor_layout_any, T1 *, tensor_layout_any, const T2 *)"
2665403706,10976,115693,2253,1,1,128,1,1,16,0.000,0.000,,,,,NVIDIA A100-SXM4-40GB MIG 4g.20gb (0),1,,13,cupy_copy__float16_float16
2665416378,3232,115702,282,1,1,128,1,1,16,0.000,0.000,,,,,NVIDIA A100-SXM4-40GB MIG 4g.20gb (0),1,,13,cupy_copy__complex64_complex64
2665421530,2432,115711,26,1,1,128,1,1,16,0.000,0.000,,,,,NVIDIA A100-SXM4-40GB MIG 4g.20gb (0),1,,13,cupy_copy__float32_float32
2665426138,3232,115720,103,1,1,128,1,1,16,0.000,0.000,,,,,NVIDIA A100-SXM4-40GB MIG 4g.20gb (0),1,,13,cupy_copy__complex64_complex64
2665430426,12064,115730,1434,1,1,128,1,1,16,0.000,0.000,,,,,NVIDIA A100-SXM4-40GB MIG 4g.20gb (0),1,,13,cupy_copy__complex64_complex64
2665457113,82207,115735,1,1,1,32,32,1,30,0.000,0.000,,,,,NVIDIA A100-SXM4-40GB MIG 4g.20gb (0),1,,13,"void convert_kernel<__half2, float2>(tensor_layout_any, T1 *, tensor_layout_any, const T2 *)"
2665566552,5440,115738,,,,,,,,,,0.094,17223.480,Pinned,Device,NVIDIA A100-SXM4-40GB MIG 4g.20gb (0),1,,13,[CUDA memcpy Host-to-Device]
2665577560,599096,115739,,,,,,,,,,456.561,762001.043,Device,,NVIDIA A100-SXM4-40GB MIG 4g.20gb (0),1,,13,[CUDA memset]
2666183120,149887,115744,,,,,,,,,,1.235,8238.311,Pinned,Device,NVIDIA A100-SXM4-40GB MIG 4g.20gb (0),1,,13,[CUDA memcpy Host-to-Device]
2666342254,29600,115745,,,,,,,,,,0.197,6642.008,Pinned,Device,NVIDIA A100-SXM4-40GB MIG 4g.20gb (0),1,,13,[CUDA memcpy Host-to-Device]
2666388846,8352,115746,69,4,1,48,1,1,76,0.002,0.000,,,,,NVIDIA A100-SXM4-40GB MIG 4g.20gb (0),1,,13,"void ch_est::windowedChEstPreNoDftSOfdmKernel<float, __half, float, (unsigned int)2, (unsigned int)1, (unsigned short)4>(ch_est::puschRxChEstStatDescr_t *, ch_est::puschRxChEstDynDescr_t *)"
2666408494,6528,115747,137,2,1,24,2,1,44,0.001,0.001,,,,,NVIDIA A100-SXM4-40GB MIG 4g.20gb (0),1,,13,"void ch_est::chEstFilterNoDftSOfdmDispatchKernel<float, __half, float, (unsigned int)2>(ch_est::puschRxChEstStatDescr_t *, ch_est::puschRxChEstDynDescr_t *)"
2666424141,4768,115748,137,2,1,24,2,1,44,0.001,0.001,,,,,NVIDIA A100-SXM4-40GB MIG 4g.20gb (0),1,,13,"void ch_est::chEstFilterNoDftSOfdmDispatchKernel<float, __half, float, (unsigned int)2>(ch_est::puschRxChEstStatDescr_t *, ch_est::puschRxChEstDynDescr_t *)"
2666437677,2720,115759,103,1,1,128,1,1,16,0.000,0.000,,,,,NVIDIA A100-SXM4-40GB MIG 4g.20gb (0),1,,13,cupy_copy__complex64_complex64
2666451277,12704,115769,1434,1,1,128,1,1,16,0.000,0.000,,,,,NVIDIA A100-SXM4-40GB MIG 4g.20gb (0),1,,13,cupy_copy__complex64_complex64
2666486605,2496,115776,103,1,1,128,1,1,16,0.000,0.000,,,,,NVIDIA A100-SXM4-40GB MIG 4g.20gb (0),1,,13,cupy_copy__complex64_complex64
2666503788,86079,115783,1,1,1,32,32,1,30,0.000,0.000,,,,,NVIDIA A100-SXM4-40GB MIG 4g.20gb (0),1,,13,"void convert_kernel<__half2, float2>(tensor_layout_any, T1 *, tensor_layout_any, const T2 *)"
2666618315,19136,115786,,,,,,,,,,0.094,4896.272,Pinned,Device,NVIDIA A100-SXM4-40GB MIG 4g.20gb (0),1,,13,[CUDA memcpy Host-to-Device]
2666649899,47647,115787,,,,,,,,,,35.810,751542.791,Device,,NVIDIA A100-SXM4-40GB MIG 4g.20gb (0),1,,13,[CUDA memset]
2666699274,5408,115789,,,,,,,,,,0.000,14.793,Pinned,Device,NVIDIA A100-SXM4-40GB MIG 4g.20gb (0),1,,13,[CUDA memcpy Host-to-Device]
2666709514,17408,115790,,,,,,,,,,0.197,11293.950,Pinned,Device,NVIDIA A100-SXM4-40GB MIG 4g.20gb (0),1,,13,[CUDA memcpy Host-to-Device]
2666735466,13055,115791,273,1,1,48,1,1,40,0.000,0.001,,,,,NVIDIA A100-SXM4-40GB MIG 4g.20gb (0),1,,13,"void pusch_noise_intf_est::noiseIntfEstNoDftSOfdmKernel<float, __half, float, float, (unsigned int)2, (unsigned int)1, (unsigned char)4, (unsigned char)4>(pusch_noise_intf_est::puschRxNoiseIntfEstDynDescr)"
2666750441,3104,115802,35,1,1,128,1,1,16,0.000,0.000,,,,,NVIDIA A100-SXM4-40GB MIG 4g.20gb (0),1,,13,cupy_copy__complex64_complex64
2666759433,1888,115811,1,1,1,1,1,1,18,0.000,0.000,,,,,NVIDIA A100-SXM4-40GB MIG 4g.20gb (0),1,,13,cupy_copy__float32_float32
2666777545,4672,115817,,,,,,,,,,0.000,0.856,Device,Pageable,NVIDIA A100-SXM4-40GB MIG 4g.20gb (0),1,,7,[CUDA memcpy Device-to-Host]
2666860968,12992,115828,1434,1,1,128,1,1,16,0.000,0.000,,,,,NVIDIA A100-SXM4-40GB MIG 4g.20gb (0),1,,13,cupy_copy__complex64_complex64
2666891720,3520,115835,103,1,1,128,1,1,16,0.000,0.000,,,,,NVIDIA A100-SXM4-40GB MIG 4g.20gb (0),1,,13,cupy_copy__complex64_complex64
2666913479,2464,115842,35,1,1,128,1,1,16,0.000,0.000,,,,,NVIDIA A100-SXM4-40GB MIG 4g.20gb (0),1,,13,cupy_copy__complex64_complex64
2666927047,1760,115849,1,1,1,1,1,1,18,0.000,0.000,,,,,NVIDIA A100-SXM4-40GB MIG 4g.20gb (0),1,,13,cupy_copy__float32_float32
2667064038,89886,115860,1,1,1,32,32,1,30,0.000,0.000,,,,,NVIDIA A100-SXM4-40GB MIG 4g.20gb (0),1,,13,"void convert_kernel<__half2, float2>(tensor_layout_any, T1 *, tensor_layout_any, const T2 *)"
2667182820,8928,115863,,,,,,,,,,0.094,10494.608,Pinned,Device,NVIDIA A100-SXM4-40GB MIG 4g.20gb (0),1,,13,[CUDA memcpy Host-to-Device]
2667198980,3520,115864,,,,,,,,,,1.547,439380.412,Device,,NVIDIA A100-SXM4-40GB MIG 4g.20gb (0),1,,13,[CUDA memset]
2667206020,3424,115869,,,,,,,,,,0.031,9140.185,Pinned,Device,NVIDIA A100-SXM4-40GB MIG 4g.20gb (0),1,,13,[CUDA memcpy Host-to-Device]
2667211972,9472,115870,,,,,,,,,,0.197,20756.693,Pinned,Device,NVIDIA A100-SXM4-40GB MIG 4g.20gb (0),1,,13,[CUDA memcpy Host-to-Device]
2667227076,6239,115871,273,1,1,8,4,1,39,0.002,0.000,,,,,NVIDIA A100-SXM4-40GB MIG 4g.20gb (0),1,,13,"void channel_eq::eqMmseCoefCompLowMimoKernel<float, float, float, (unsigned int)4, (unsigned int)1, (unsigned int)4>(const channel_eq::_puschRxChEqStatDescr *, channel_eq::_puschRxChEqCoefCompDynDescr)"
2667236355,5824,115872,273,1,1,12,11,1,51,0.002,0.000,,,,,NVIDIA A100-SXM4-40GB MIG 4g.20gb (0),1,,13,"void channel_eq::eqMmseSoftDemapKernel<float, __half, __half, float, (unsigned int)4, (unsigned short)16383>(channel_eq::_puschRxChEqStatDescr *, channel_eq::_puschRxChEqSoftDemapDynDescr)"
2667244259,290045,115873,1,1,1,32,32,1,30,0.000,0.000,,,,,NVIDIA A100-SXM4-40GB MIG 4g.20gb (0),1,,13,"void convert_kernel<float2, __half2>(tensor_layout_any, T1 *, tensor_layout_any, const T2 *)"
2667536032,10944,115885,2253,1,1,128,1,1,16,0.000,0.000,,,,,NVIDIA A100-SXM4-40GB MIG 4g.20gb (0),1,,13,cupy_copy__float16_float16
2667551615,3104,115894,282,1,1,128,1,1,16,0.000,0.000,,,,,NVIDIA A100-SXM4-40GB MIG 4g.20gb (0),1,,13,cupy_copy__complex64_complex64
2667557631,1984,115903,26,1,1,128,1,1,16,0.000,0.000,,,,,NVIDIA A100-SXM4-40GB MIG 4g.20gb (0),1,,13,cupy_copy__float32_float32
2667562111,3168,115912,103,1,1,128,1,1,16,0.000,0.000,,,,,NVIDIA A100-SXM4-40GB MIG 4g.20gb (0),1,,13,cupy_copy__complex64_complex64
2667566367,12032,115922,1434,1,1,128,1,1,16,0.000,0.000,,,,,NVIDIA A100-SXM4-40GB MIG 4g.20gb (0),1,,13,cupy_copy__complex64_complex64
2667582431,86079,115927,1,1,1,32,32,1,30,0.000,0.000,,,,,NVIDIA A100-SXM4-40GB MIG 4g.20gb (0),1,,13,"void convert_kernel<__half2, float2>(tensor_layout_any, T1 *, tensor_layout_any, const T2 *)"
2667695390,5600,115930,,,,,,,,,,0.094,16731.388,Pinned,Device,NVIDIA A100-SXM4-40GB MIG 4g.20gb (0),1,,13,[CUDA memcpy Host-to-Device]
2667705854,597176,115931,,,,,,,,,,456.561,764283.851,Device,,NVIDIA A100-SXM4-40GB MIG 4g.20gb (0),1,,13,[CUDA memset]
2668307190,145502,115936,,,,,,,,,,1.235,8486.535,Pinned,Device,NVIDIA A100-SXM4-40GB MIG 4g.20gb (0),1,,13,[CUDA memcpy Host-to-Device]
2668464820,40576,115937,,,,,,,,,,0.197,4845.404,Pinned,Device,NVIDIA A100-SXM4-40GB MIG 4g.20gb (0),1,,13,[CUDA memcpy Host-to-Device]
2668522835,8064,115938,69,4,1,48,1,1,76,0.002,0.000,,,,,NVIDIA A100-SXM4-40GB MIG 4g.20gb (0),1,,13,"void ch_est::windowedChEstPreNoDftSOfdmKernel<float, __half, float, (unsigned int)2, (unsigned int)1, (unsigned short)4>(ch_est::puschRxChEstStatDescr_t *, ch_est::puschRxChEstDynDescr_t *)"
2668540371,7168,115939,137,2,1,24,2,1,44,0.001,0.001,,,,,NVIDIA A100-SXM4-40GB MIG 4g.20gb (0),1,,13,"void ch_est::chEstFilterNoDftSOfdmDispatchKernel<float, __half, float, (unsigned int)2>(ch_est::puschRxChEstStatDescr_t *, ch_est::puschRxChEstDynDescr_t *)"
2668557779,4768,115940,137,2,1,24,2,1,44,0.001,0.001,,,,,NVIDIA A100-SXM4-40GB MIG 4g.20gb (0),1,,13,"void ch_est::chEstFilterNoDftSOfdmDispatchKernel<float, __half, float, (unsigned int)2>(ch_est::puschRxChEstStatDescr_t *, ch_est::puschRxChEstDynDescr_t *)"
2668576147,2592,115951,103,1,1,128,1,1,16,0.000,0.000,,,,,NVIDIA A100-SXM4-40GB MIG 4g.20gb (0),1,,13,cupy_copy__complex64_complex64
2668592947,12703,115961,1434,1,1,128,1,1,16,0.000,0.000,,,,,NVIDIA A100-SXM4-40GB MIG 4g.20gb (0),1,,13,cupy_copy__complex64_complex64
2668611986,2944,115968,103,1,1,128,1,1,16,0.000,0.000,,,,,NVIDIA A100-SXM4-40GB MIG 4g.20gb (0),1,,13,cupy_copy__complex64_complex64
2668634706,87231,115975,1,1,1,32,32,1,30,0.000,0.000,,,,,NVIDIA A100-SXM4-40GB MIG 4g.20gb (0),1,,13,"void convert_kernel<__half2, float2>(tensor_layout_any, T1 *, tensor_layout_any, const T2 *)"
2668753265,17151,115978,,,,,,,,,,0.094,5462.945,Pinned,Device,NVIDIA A100-SXM4-40GB MIG 4g.20gb (0),1,,13,[CUDA memcpy Host-to-Device]
2668788464,47488,115979,,,,,,,,,,35.810,754049.485,Device,,NVIDIA A100-SXM4-40GB MIG 4g.20gb (0),1,,13,[CUDA memset]
2668843760,7711,115981,,,,,,,,,,0.000,10.375,Pinned,Device,NVIDIA A100-SXM4-40GB MIG 4g.20gb (0),1,,13,[CUDA memcpy Host-to-Device]
2668861935,25056,115982,,,,,,,,,,0.197,7846.625,Pinned,Device,NVIDIA A100-SXM4-40GB MIG 4g.20gb (0),1,,13,[CUDA memcpy Host-to-Device]
2668912047,9504,115983,273,1,1,48,1,1,40,0.000,0.001,,,,,NVIDIA A100-SXM4-40GB MIG 4g.20gb (0),1,,13,"void pusch_noise_intf_est::noiseIntfEstNoDftSOfdmKernel<float, __half, float, float, (unsigned int)2, (unsigned int)1, (unsigned char)4, (unsigned char)4>(pusch_noise_intf_est::puschRxNoiseIntfEstDynDescr)"
2668927278,2816,115994,35,1,1,128,1,1,16,0.000,0.000,,,,,NVIDIA A100-SXM4-40GB MIG 4g.20gb (0),1,,13,cupy_copy__complex64_complex64
2668942990,1664,116003,1,1,1,1,1,1,18,0.000,0.000,,,,,NVIDIA A100-SXM4-40GB MIG 4g.20gb (0),1,,13,cupy_copy__float32_float32
2668945262,8096,116009,,,,,,,,,,0.000,0.494,Device,Pageable,NVIDIA A100-SXM4-40GB MIG 4g.20gb (0),1,,7,[CUDA memcpy Device-to-Host]
2669032557,13344,116020,1434,1,1,128,1,1,16,0.000,0.000,,,,,NVIDIA A100-SXM4-40GB MIG 4g.20gb (0),1,,13,cupy_copy__complex64_complex64
2669050221,2848,116027,103,1,1,128,1,1,16,0.000,0.000,,,,,NVIDIA A100-SXM4-40GB MIG 4g.20gb (0),1,,13,cupy_copy__complex64_complex64
2669075277,2336,116034,35,1,1,128,1,1,16,0.000,0.000,,,,,NVIDIA A100-SXM4-40GB MIG 4g.20gb (0),1,,13,cupy_copy__complex64_complex64
2669095404,1888,116041,1,1,1,1,1,1,18,0.000,0.000,,,,,NVIDIA A100-SXM4-40GB MIG 4g.20gb (0),1,,13,cupy_copy__float32_float32
2669223403,87551,116052,1,1,1,32,32,1,30,0.000,0.000,,,,,NVIDIA A100-SXM4-40GB MIG 4g.20gb (0),1,,13,"void convert_kernel<__half2, float2>(tensor_layout_any, T1 *, tensor_layout_any, const T2 *)"
2669341225,7360,116055,,,,,,,,,,0.094,12730.382,Pinned,Device,NVIDIA A100-SXM4-40GB MIG 4g.20gb (0),1,,13,[CUDA memcpy Host-to-Device]
2669360681,3392,116056,,,,,,,,,,1.547,455961.768,Device,,NVIDIA A100-SXM4-40GB MIG 4g.20gb (0),1,,13,[CUDA memset]
2669364873,3840,116061,,,,,,,,,,0.031,8149.979,Pinned,Device,NVIDIA A100-SXM4-40GB MIG 4g.20gb (0),1,,13,[CUDA memcpy Host-to-Device]
2669371561,10432,116062,,,,,,,,,,0.197,18846.450,Pinned,Device,NVIDIA A100-SXM4-40GB MIG 4g.20gb (0),1,,13,[CUDA memcpy Host-to-Device]
2669389289,7072,116063,273,1,1,8,4,1,39,0.002,0.000,,,,,NVIDIA A100-SXM4-40GB MIG 4g.20gb (0),1,,13,"void channel_eq::eqMmseCoefCompLowMimoKernel<float, float, float, (unsigned int)4, (unsigned int)1, (unsigned int)4>(const channel_eq::_puschRxChEqStatDescr *, channel_eq::_puschRxChEqCoefCompDynDescr)"
2669401609,5984,116064,273,1,1,12,11,1,51,0.002,0.000,,,,,NVIDIA A100-SXM4-40GB MIG 4g.20gb (0),1,,13,"void channel_eq::eqMmseSoftDemapKernel<float, __half, __half, float, (unsigned int)4, (unsigned short)16383>(channel_eq::_puschRxChEqStatDescr *, channel_eq::_puschRxChEqSoftDemapDynDescr)"
2669409609,282748,116065,1,1,1,32,32,1,30,0.000,0.000,,,,,NVIDIA A100-SXM4-40GB MIG 4g.20gb (0),1,,13,"void convert_kernel<float2, __half2>(tensor_layout_any, T1 *, tensor_layout_any, const T2 *)"
2669693509,10912,116077,2253,1,1,128,1,1,16,0.000,0.000,,,,,NVIDIA A100-SXM4-40GB MIG 4g.20gb (0),1,,13,cupy_copy__float16_float16
2669707141,3104,116086,282,1,1,128,1,1,16,0.000,0.000,,,,,NVIDIA A100-SXM4-40GB MIG 4g.20gb (0),1,,13,cupy_copy__complex64_complex64
2669711365,2016,116095,26,1,1,128,1,1,16,0.000,0.000,,,,,NVIDIA A100-SXM4-40GB MIG 4g.20gb (0),1,,13,cupy_copy__float32_float32
2669715941,3168,116104,103,1,1,128,1,1,16,0.000,0.000,,,,,NVIDIA A100-SXM4-40GB MIG 4g.20gb (0),1,,13,cupy_copy__complex64_complex64
2669720869,11904,116114,1434,1,1,128,1,1,16,0.000,0.000,,,,,NVIDIA A100-SXM4-40GB MIG 4g.20gb (0),1,,13,cupy_copy__complex64_complex64
2669735428,87007,116119,1,1,1,32,32,1,30,0.000,0.000,,,,,NVIDIA A100-SXM4-40GB MIG 4g.20gb (0),1,,13,"void convert_kernel<__half2, float2>(tensor_layout_any, T1 *, tensor_layout_any, const T2 *)"
2669849827,5568,116122,,,,,,,,,,0.094,16827.521,Pinned,Device,NVIDIA A100-SXM4-40GB MIG 4g.20gb (0),1,,13,[CUDA memcpy Host-to-Device]
2669860291,595897,116123,,,,,,,,,,456.561,766110.096,Device,,NVIDIA A100-SXM4-40GB MIG 4g.20gb (0),1,,13,[CUDA memset]
2670465531,102015,116128,,,,,,,,,,1.235,12104.921,Pinned,Device,NVIDIA A100-SXM4-40GB MIG 4g.20gb (0),1,,13,[CUDA memcpy Host-to-Device]
2670582170,31392,116129,,,,,,,,,,0.197,6262.948,Pinned,Device,NVIDIA A100-SXM4-40GB MIG 4g.20gb (0),1,,13,[CUDA memcpy Host-to-Device]
2670640377,8192,116130,69,4,1,48,1,1,76,0.002,0.000,,,,,NVIDIA A100-SXM4-40GB MIG 4g.20gb (0),1,,13,"void ch_est::windowedChEstPreNoDftSOfdmKernel<float, __half, float, (unsigned int)2, (unsigned int)1, (unsigned short)4>(ch_est::puschRxChEstStatDescr_t *, ch_est::puschRxChEstDynDescr_t *)"
2670656857,6720,116131,137,2,1,24,2,1,44,0.001,0.001,,,,,NVIDIA A100-SXM4-40GB MIG 4g.20gb (0),1,,13,"void ch_est::chEstFilterNoDftSOfdmDispatchKernel<float, __half, float, (unsigned int)2>(ch_est::puschRxChEstStatDescr_t *, ch_est::puschRxChEstDynDescr_t *)"
2670670393,4800,116132,137,2,1,24,2,1,44,0.001,0.001,,,,,NVIDIA A100-SXM4-40GB MIG 4g.20gb (0),1,,13,"void ch_est::chEstFilterNoDftSOfdmDispatchKernel<float, __half, float, (unsigned int)2>(ch_est::puschRxChEstStatDescr_t *, ch_est::puschRxChEstDynDescr_t *)"
2670685561,2560,116143,103,1,1,128,1,1,16,0.000,0.000,,,,,NVIDIA A100-SXM4-40GB MIG 4g.20gb (0),1,,13,cupy_copy__complex64_complex64
2670700089,12671,116153,1434,1,1,128,1,1,16,0.000,0.000,,,,,NVIDIA A100-SXM4-40GB MIG 4g.20gb (0),1,,13,cupy_copy__complex64_complex64
2670735992,2560,116160,103,1,1,128,1,1,16,0.000,0.000,,,,,NVIDIA A100-SXM4-40GB MIG 4g.20gb (0),1,,13,cupy_copy__complex64_complex64
2670755288,85055,116167,1,1,1,32,32,1,30,0.000,0.000,,,,,NVIDIA A100-SXM4-40GB MIG 4g.20gb (0),1,,13,"void convert_kernel<__half2, float2>(tensor_layout_any, T1 *, tensor_layout_any, const T2 *)"
2670897686,23968,116170,,,,,,,,,,0.094,3909.185,Pinned,Device,NVIDIA A100-SXM4-40GB MIG 4g.20gb (0),1,,13,[CUDA memcpy Host-to-Device]
2670939702,47935,116171,,,,,,,,,,35.810,747030.741,Device,,NVIDIA A100-SXM4-40GB MIG 4g.20gb (0),1,,13,[CUDA memset]
2670990517,14272,116173,,,,,,,,,,0.000,5.605,Pinned,Device,NVIDIA A100-SXM4-40GB MIG 4g.20gb (0),1,,13,[CUDA memcpy Host-to-Device]
2671013429,21471,116174,,,,,,,,,,0.197,9156.821,Pinned,Device,NVIDIA A100-SXM4-40GB MIG 4g.20gb (0),1,,13,[CUDA memcpy Host-to-Device]
2671063188,9696,116175,273,1,1,48,1,1,40,0.000,0.001,,,,,NVIDIA A100-SXM4-40GB MIG 4g.20gb (0),1,,13,"void pusch_noise_intf_est::noiseIntfEstNoDftSOfdmKernel<float, __half, float, float, (unsigned int)2, (unsigned int)1, (unsigned char)4, (unsigned char)4>(pusch_noise_intf_est::puschRxNoiseIntfEstDynDescr)"
2671079668,2784,116186,35,1,1,128,1,1,16,0.000,0.000,,,,,NVIDIA A100-SXM4-40GB MIG 4g.20gb (0),1,,13,cupy_copy__complex64_complex64
2671096308,1696,116195,1,1,1,1,1,1,18,0.000,0.000,,,,,NVIDIA A100-SXM4-40GB MIG 4g.20gb (0),1,,13,cupy_copy__float32_float32
2671104724,7295,116201,,,,,,,,,,0.000,0.548,Device,Pageable,NVIDIA A100-SXM4-40GB MIG 4g.20gb (0),1,,7,[CUDA memcpy Device-to-Host]
2671185395,13183,116212,1434,1,1,128,1,1,16,0.000,0.000,,,,,NVIDIA A100-SXM4-40GB MIG 4g.20gb (0),1,,13,cupy_copy__complex64_complex64
2671215346,3424,116219,103,1,1,128,1,1,16,0.000,0.000,,,,,NVIDIA A100-SXM4-40GB MIG 4g.20gb (0),1,,13,cupy_copy__complex64_complex64
2671234130,2496,116226,35,1,1,128,1,1,16,0.000,0.000,,,,,NVIDIA A100-SXM4-40GB MIG 4g.20gb (0),1,,13,cupy_copy__complex64_complex64
2671257714,1792,116233,1,1,1,1,1,1,18,0.000,0.000,,,,,NVIDIA A100-SXM4-40GB MIG 4g.20gb (0),1,,13,cupy_copy__float32_float32
2671385936,88575,116244,1,1,1,32,32,1,30,0.000,0.000,,,,,NVIDIA A100-SXM4-40GB MIG 4g.20gb (0),1,,13,"void convert_kernel<__half2, float2>(tensor_layout_any, T1 *, tensor_layout_any, const T2 *)"
2671502223,5920,116247,,,,,,,,,,0.094,15826.941,Pinned,Device,NVIDIA A100-SXM4-40GB MIG 4g.20gb (0),1,,13,[CUDA memcpy Host-to-Device]
2671516526,3360,116248,,,,,,,,,,1.547,460304.688,Device,,NVIDIA A100-SXM4-40GB MIG 4g.20gb (0),1,,13,[CUDA memset]
2671523662,3008,116253,,,,,,,,,,0.031,10404.230,Pinned,Device,NVIDIA A100-SXM4-40GB MIG 4g.20gb (0),1,,13,[CUDA memcpy Host-to-Device]
2671529774,9504,116254,,,,,,,,,,0.197,20686.701,Pinned,Device,NVIDIA A100-SXM4-40GB MIG 4g.20gb (0),1,,13,[CUDA memcpy Host-to-Device]
2671543470,8512,116255,273,1,1,8,4,1,39,0.002,0.000,,,,,NVIDIA A100-SXM4-40GB MIG 4g.20gb (0),1,,13,"void channel_eq::eqMmseCoefCompLowMimoKernel<float, float, float, (unsigned int)4, (unsigned int)1, (unsigned int)4>(const channel_eq::_puschRxChEqStatDescr *, channel_eq::_puschRxChEqCoefCompDynDescr)"
2671553742,5792,116256,273,1,1,12,11,1,51,0.002,0.000,,,,,NVIDIA A100-SXM4-40GB MIG 4g.20gb (0),1,,13,"void channel_eq::eqMmseSoftDemapKernel<float, __half, __half, float, (unsigned int)4, (unsigned short)16383>(channel_eq::_puschRxChEqStatDescr *, channel_eq::_puschRxChEqSoftDemapDynDescr)"
2671563054,281948,116257,1,1,1,32,32,1,30,0.000,0.000,,,,,NVIDIA A100-SXM4-40GB MIG 4g.20gb (0),1,,13,"void convert_kernel<float2, __half2>(tensor_layout_any, T1 *, tensor_layout_any, const T2 *)"
2671847402,10912,116269,2253,1,1,128,1,1,16,0.000,0.000,,,,,NVIDIA A100-SXM4-40GB MIG 4g.20gb (0),1,,13,cupy_copy__float16_float16
2671861386,3648,116278,282,1,1,128,1,1,16,0.000,0.000,,,,,NVIDIA A100-SXM4-40GB MIG 4g.20gb (0),1,,13,cupy_copy__complex64_complex64
2671866602,2368,116287,26,1,1,128,1,1,16,0.000,0.000,,,,,NVIDIA A100-SXM4-40GB MIG 4g.20gb (0),1,,13,cupy_copy__float32_float32
2671870186,4480,116296,103,1,1,128,1,1,16,0.000,0.000,,,,,NVIDIA A100-SXM4-40GB MIG 4g.20gb (0),1,,13,cupy_copy__complex64_complex64
2671877578,12032,116306,1434,1,1,128,1,1,16,0.000,0.000,,,,,NVIDIA A100-SXM4-40GB MIG 4g.20gb (0),1,,13,cupy_copy__complex64_complex64
2671891562,82559,116311,1,1,1,32,32,1,30,0.000,0.000,,,,,NVIDIA A100-SXM4-40GB MIG 4g.20gb (0),1,,13,"void convert_kernel<__half2, float2>(tensor_layout_any, T1 *, tensor_layout_any, const T2 *)"
2672001832,5824,116314,,,,,,,,,,0.094,16087.884,Pinned,Device,NVIDIA A100-SXM4-40GB MIG 4g.20gb (0),1,,13,[CUDA memcpy Host-to-Device]
2672011592,598841,116315,,,,,,,,,,456.561,762001.043,Device,,NVIDIA A100-SXM4-40GB MIG 4g.20gb (0),1,,13,[CUDA memset]
2672614337,119038,116320,,,,,,,,,,1.235,10373.530,Pinned,Device,NVIDIA A100-SXM4-40GB MIG 4g.20gb (0),1,,13,[CUDA memcpy Host-to-Device]
2672745119,28128,116321,,,,,,,,,,0.197,6989.611,Pinned,Device,NVIDIA A100-SXM4-40GB MIG 4g.20gb (0),1,,13,[CUDA memcpy Host-to-Device]
2672785599,7712,116322,69,4,1,48,1,1,76,0.002,0.000,,,,,NVIDIA A100-SXM4-40GB MIG 4g.20gb (0),1,,13,"void ch_est::windowedChEstPreNoDftSOfdmKernel<float, __half, float, (unsigned int)2, (unsigned int)1, (unsigned short)4>(ch_est::puschRxChEstStatDescr_t *, ch_est::puschRxChEstDynDescr_t *)"
2672803039,6911,116323,137,2,1,24,2,1,44,0.001,0.001,,,,,NVIDIA A100-SXM4-40GB MIG 4g.20gb (0),1,,13,"void ch_est::chEstFilterNoDftSOfdmDispatchKernel<float, __half, float, (unsigned int)2>(ch_est::puschRxChEstStatDescr_t *, ch_est::puschRxChEstDynDescr_t *)"
2672814782,5408,116324,137,2,1,24,2,1,44,0.001,0.001,,,,,NVIDIA A100-SXM4-40GB MIG 4g.20gb (0),1,,13,"void ch_est::chEstFilterNoDftSOfdmDispatchKernel<float, __half, float, (unsigned int)2>(ch_est::puschRxChEstStatDescr_t *, ch_est::puschRxChEstDynDescr_t *)"
2672825246,3104,116335,103,1,1,128,1,1,16,0.000,0.000,,,,,NVIDIA A100-SXM4-40GB MIG 4g.20gb (0),1,,13,cupy_copy__complex64_complex64
2672830590,12544,116345,1434,1,1,128,1,1,16,0.000,0.000,,,,,NVIDIA A100-SXM4-40GB MIG 4g.20gb (0),1,,13,cupy_copy__complex64_complex64
2672845086,3008,116352,103,1,1,128,1,1,16,0.000,0.000,,,,,NVIDIA A100-SXM4-40GB MIG 4g.20gb (0),1,,13,cupy_copy__complex64_complex64
2672850558,87615,116359,1,1,1,32,32,1,30,0.000,0.000,,,,,NVIDIA A100-SXM4-40GB MIG 4g.20gb (0),1,,13,"void convert_kernel<__half2, float2>(tensor_layout_any, T1 *, tensor_layout_any, const T2 *)"
2672965661,5791,116362,,,,,,,,,,0.094,16179.519,Pinned,Device,NVIDIA A100-SXM4-40GB MIG 4g.20gb (0),1,,13,[CUDA memcpy Host-to-Device]
2672977948,47296,116363,,,,,,,,,,35.810,757129.139,Device,,NVIDIA A100-SXM4-40GB MIG 4g.20gb (0),1,,13,[CUDA memset]
2673031548,3456,116365,,,,,,,,,,0.000,23.148,Pinned,Device,NVIDIA A100-SXM4-40GB MIG 4g.20gb (0),1,,13,[CUDA memcpy Host-to-Device]
2673039836,13471,116366,,,,,,,,,,0.197,14594.802,Pinned,Device,NVIDIA A100-SXM4-40GB MIG 4g.20gb (0),1,,13,[CUDA memcpy Host-to-Device]
2673063163,10976,116367,273,1,1,48,1,1,40,0.000,0.001,,,,,NVIDIA A100-SXM4-40GB MIG 4g.20gb (0),1,,13,"void pusch_noise_intf_est::noiseIntfEstNoDftSOfdmKernel<float, __half, float, float, (unsigned int)2, (unsigned int)1, (unsigned char)4, (unsigned char)4>(pusch_noise_intf_est::puschRxNoiseIntfEstDynDescr)"
2673078779,3040,116378,35,1,1,128,1,1,16,0.000,0.000,,,,,NVIDIA A100-SXM4-40GB MIG 4g.20gb (0),1,,13,cupy_copy__complex64_complex64
2673086843,2016,116387,1,1,1,1,1,1,18,0.000,0.000,,,,,NVIDIA A100-SXM4-40GB MIG 4g.20gb (0),1,,13,cupy_copy__float32_float32
2673118555,1568,116393,,,,,,,,,,0.000,2.551,Device,Pageable,NVIDIA A100-SXM4-40GB MIG 4g.20gb (0),1,,7,[CUDA memcpy Device-to-Host]
2673179194,12704,116404,1434,1,1,128,1,1,16,0.000,0.000,,,,,NVIDIA A100-SXM4-40GB MIG 4g.20gb (0),1,,13,cupy_copy__complex64_complex64
2673207194,2624,116411,103,1,1,128,1,1,16,0.000,0.000,,,,,NVIDIA A100-SXM4-40GB MIG 4g.20gb (0),1,,13,cupy_copy__complex64_complex64
2673227769,2176,116418,35,1,1,128,1,1,16,0.000,0.000,,,,,NVIDIA A100-SXM4-40GB MIG 4g.20gb (0),1,,13,cupy_copy__complex64_complex64
2673244313,1792,116425,1,1,1,1,1,1,18,0.000,0.000,,,,,NVIDIA A100-SXM4-40GB MIG 4g.20gb (0),1,,13,cupy_copy__float32_float32
2673380151,82495,116436,1,1,1,32,32,1,30,0.000,0.000,,,,,NVIDIA A100-SXM4-40GB MIG 4g.20gb (0),1,,13,"void convert_kernel<__half2, float2>(tensor_layout_any, T1 *, tensor_layout_any, const T2 *)"
2673491542,5792,116439,,,,,,,,,,0.094,16176.708,Pinned,Device,NVIDIA A100-SXM4-40GB MIG 4g.20gb (0),1,,13,[CUDA memcpy Host-to-Device]
2673505974,3584,116440,,,,,,,,,,1.547,431534.389,Device,,NVIDIA A100-SXM4-40GB MIG 4g.20gb (0),1,,13,[CUDA memset]
2673512470,3424,116445,,,,,,,,,,0.031,9140.185,Pinned,Device,NVIDIA A100-SXM4-40GB MIG 4g.20gb (0),1,,13,[CUDA memcpy Host-to-Device]
2673518390,9728,116446,,,,,,,,,,0.197,20210.516,Pinned,Device,NVIDIA A100-SXM4-40GB MIG 4g.20gb (0),1,,13,[CUDA memcpy Host-to-Device]
2673533814,6559,116447,273,1,1,8,4,1,39,0.002,0.000,,,,,NVIDIA A100-SXM4-40GB MIG 4g.20gb (0),1,,13,"void channel_eq::eqMmseCoefCompLowMimoKernel<float, float, float, (unsigned int)4, (unsigned int)1, (unsigned int)4>(const channel_eq::_puschRxChEqStatDescr *, channel_eq::_puschRxChEqCoefCompDynDescr)"
2673541429,6496,116448,273,1,1,12,11,1,51,0.002,0.000,,,,,NVIDIA A100-SXM4-40GB MIG 4g.20gb (0),1,,13,"void channel_eq::eqMmseSoftDemapKernel<float, __half, __half, float, (unsigned int)4, (unsigned short)16383>(channel_eq::_puschRxChEqStatDescr *, channel_eq::_puschRxChEqSoftDemapDynDescr)"
2673549141,282461,116449,1,1,1,32,32,1,30,0.000,0.000,,,,,NVIDIA A100-SXM4-40GB MIG 4g.20gb (0),1,,13,"void convert_kernel<float2, __half2>(tensor_layout_any, T1 *, tensor_layout_any, const T2 *)"
2673832562,11008,116461,2253,1,1,128,1,1,16,0.000,0.000,,,,,NVIDIA A100-SXM4-40GB MIG 4g.20gb (0),1,,13,cupy_copy__float16_float16
2673846354,3712,116470,282,1,1,128,1,1,16,0.000,0.000,,,,,NVIDIA A100-SXM4-40GB MIG 4g.20gb (0),1,,13,cupy_copy__complex64_complex64
2673853330,2208,116479,26,1,1,128,1,1,16,0.000,0.000,,,,,NVIDIA A100-SXM4-40GB MIG 4g.20gb (0),1,,13,cupy_copy__float32_float32
2673856658,2976,116488,103,1,1,128,1,1,16,0.000,0.000,,,,,NVIDIA A100-SXM4-40GB MIG 4g.20gb (0),1,,13,cupy_copy__complex64_complex64
2673863153,12000,116498,1434,1,1,128,1,1,16,0.000,0.000,,,,,NVIDIA A100-SXM4-40GB MIG 4g.20gb (0),1,,13,cupy_copy__complex64_complex64
2673878705,82239,116503,1,1,1,32,32,1,30,0.000,0.000,,,,,NVIDIA A100-SXM4-40GB MIG 4g.20gb (0),1,,13,"void convert_kernel<__half2, float2>(tensor_layout_any, T1 *, tensor_layout_any, const T2 *)"
2673988208,5664,116506,,,,,,,,,,0.094,16542.310,Pinned,Device,NVIDIA A100-SXM4-40GB MIG 4g.20gb (0),1,,13,[CUDA memcpy Host-to-Device]
2673999152,597272,116507,,,,,,,,,,456.561,764283.851,Device,,NVIDIA A100-SXM4-40GB MIG 4g.20gb (0),1,,13,[CUDA memset]
2674604776,118367,116512,,,,,,,,,,1.235,10432.807,Pinned,Device,NVIDIA A100-SXM4-40GB MIG 4g.20gb (0),1,,13,[CUDA memcpy Host-to-Device]
2674735687,40735,116513,,,,,,,,,,0.197,4826.333,Pinned,Device,NVIDIA A100-SXM4-40GB MIG 4g.20gb (0),1,,13,[CUDA memcpy Host-to-Device]
2674808326,7968,116514,69,4,1,48,1,1,76,0.002,0.000,,,,,NVIDIA A100-SXM4-40GB MIG 4g.20gb (0),1,,13,"void ch_est::windowedChEstPreNoDftSOfdmKernel<float, __half, float, (unsigned int)2, (unsigned int)1, (unsigned short)4>(ch_est::puschRxChEstStatDescr_t *, ch_est::puschRxChEstDynDescr_t *)"
2674826822,6559,116515,137,2,1,24,2,1,44,0.001,0.001,,,,,NVIDIA A100-SXM4-40GB MIG 4g.20gb (0),1,,13,"void ch_est::chEstFilterNoDftSOfdmDispatchKernel<float, __half, float, (unsigned int)2>(ch_est::puschRxChEstStatDescr_t *, ch_est::puschRxChEstDynDescr_t *)"
2674843301,4704,116516,137,2,1,24,2,1,44,0.001,0.001,,,,,NVIDIA A100-SXM4-40GB MIG 4g.20gb (0),1,,13,"void ch_est::chEstFilterNoDftSOfdmDispatchKernel<float, __half, float, (unsigned int)2>(ch_est::puschRxChEstStatDescr_t *, ch_est::puschRxChEstDynDescr_t *)"
2674859109,2528,116527,103,1,1,128,1,1,16,0.000,0.000,,,,,NVIDIA A100-SXM4-40GB MIG 4g.20gb (0),1,,13,cupy_copy__complex64_complex64
2674873701,12608,116537,1434,1,1,128,1,1,16,0.000,0.000,,,,,NVIDIA A100-SXM4-40GB MIG 4g.20gb (0),1,,13,cupy_copy__complex64_complex64
2674910597,2463,116544,103,1,1,128,1,1,16,0.000,0.000,,,,,NVIDIA A100-SXM4-40GB MIG 4g.20gb (0),1,,13,cupy_copy__complex64_complex64
2674930404,85727,116551,1,1,1,32,32,1,30,0.000,0.000,,,,,NVIDIA A100-SXM4-40GB MIG 4g.20gb (0),1,,13,"void convert_kernel<__half2, float2>(tensor_layout_any, T1 *, tensor_layout_any, const T2 *)"
2675045027,5856,116554,,,,,,,,,,0.094,15999.997,Pinned,Device,NVIDIA A100-SXM4-40GB MIG 4g.20gb (0),1,,13,[CUDA memcpy Host-to-Device]
2675059587,47007,116555,,,,,,,,,,35.810,761784.428,Device,,NVIDIA A100-SXM4-40GB MIG 4g.20gb (0),1,,13,[CUDA memset]
2675110466,2208,116557,,,,,,,,,,0.000,36.232,Pinned,Device,NVIDIA A100-SXM4-40GB MIG 4g.20gb (0),1,,13,[CUDA memcpy Host-to-Device]
2675116642,14400,116558,,,,,,,,,,0.197,13653.246,Pinned,Device,NVIDIA A100-SXM4-40GB MIG 4g.20gb (0),1,,13,[CUDA memcpy Host-to-Device]
2675140866,12800,116559,273,1,1,48,1,1,40,0.000,0.001,,,,,NVIDIA A100-SXM4-40GB MIG 4g.20gb (0),1,,13,"void pusch_noise_intf_est::noiseIntfEstNoDftSOfdmKernel<float, __half, float, float, (unsigned int)2, (unsigned int)1, (unsigned char)4, (unsigned char)4>(pusch_noise_intf_est::puschRxNoiseIntfEstDynDescr)"
2675155457,2816,116570,35,1,1,128,1,1,16,0.000,0.000,,,,,NVIDIA A100-SXM4-40GB MIG 4g.20gb (0),1,,13,cupy_copy__complex64_complex64
2675167617,1888,116579,1,1,1,1,1,1,18,0.000,0.000,,,,,NVIDIA A100-SXM4-40GB MIG 4g.20gb (0),1,,13,cupy_copy__float32_float32
2675197729,1792,116585,,,,,,,,,,0.000,2.232,Device,Pageable,NVIDIA A100-SXM4-40GB MIG 4g.20gb (0),1,,7,[CUDA memcpy Device-to-Host]
2675258752,12960,116596,1434,1,1,128,1,1,16,0.000,0.000,,,,,NVIDIA A100-SXM4-40GB MIG 4g.20gb (0),1,,13,cupy_copy__complex64_complex64
2675285696,2944,116603,103,1,1,128,1,1,16,0.000,0.000,,,,,NVIDIA A100-SXM4-40GB MIG 4g.20gb (0),1,,13,cupy_copy__complex64_complex64
2675306944,2176,116610,35,1,1,128,1,1,16,0.000,0.000,,,,,NVIDIA A100-SXM4-40GB MIG 4g.20gb (0),1,,13,cupy_copy__complex64_complex64
2675329375,1760,116617,1,1,1,1,1,1,18,0.000,0.000,,,,,NVIDIA A100-SXM4-40GB MIG 4g.20gb (0),1,,13,cupy_copy__float32_float32
2675460862,87775,116628,1,1,1,32,32,1,30,0.000,0.000,,,,,NVIDIA A100-SXM4-40GB MIG 4g.20gb (0),1,,13,"void convert_kernel<__half2, float2>(tensor_layout_any, T1 *, tensor_layout_any, const T2 *)"
2675575932,5376,116631,,,,,,,,,,0.094,17428.487,Pinned,Device,NVIDIA A100-SXM4-40GB MIG 4g.20gb (0),1,,13,[CUDA memcpy Host-to-Device]
2675590396,3264,116632,,,,,,,,,,1.547,473842.288,Device,,NVIDIA A100-SXM4-40GB MIG 4g.20gb (0),1,,13,[CUDA memset]
2675597468,3488,116637,,,,,,,,,,0.031,8972.469,Pinned,Device,NVIDIA A100-SXM4-40GB MIG 4g.20gb (0),1,,13,[CUDA memcpy Host-to-Device]
2675603036,9824,116638,,,,,,,,,,0.197,20012.925,Pinned,Device,NVIDIA A100-SXM4-40GB MIG 4g.20gb (0),1,,13,[CUDA memcpy Host-to-Device]
2675617724,6176,116639,273,1,1,8,4,1,39,0.002,0.000,,,,,NVIDIA A100-SXM4-40GB MIG 4g.20gb (0),1,,13,"void channel_eq::eqMmseCoefCompLowMimoKernel<float, float, float, (unsigned int)4, (unsigned int)1, (unsigned int)4>(const channel_eq::_puschRxChEqStatDescr *, channel_eq::_puschRxChEqCoefCompDynDescr)"
2675627260,7360,116640,273,1,1,12,11,1,51,0.002,0.000,,,,,NVIDIA A100-SXM4-40GB MIG 4g.20gb (0),1,,13,"void channel_eq::eqMmseSoftDemapKernel<float, __half, __half, float, (unsigned int)4, (unsigned short)16383>(channel_eq::_puschRxChEqStatDescr *, channel_eq::_puschRxChEqSoftDemapDynDescr)"
2675636828,282396,116641,1,1,1,32,32,1,30,0.000,0.000,,,,,NVIDIA A100-SXM4-40GB MIG 4g.20gb (0),1,,13,"void convert_kernel<float2, __half2>(tensor_layout_any, T1 *, tensor_layout_any, const T2 *)"
2675921848,11040,116653,2253,1,1,128,1,1,16,0.000,0.000,,,,,NVIDIA A100-SXM4-40GB MIG 4g.20gb (0),1,,13,cupy_copy__float16_float16
2675939256,3104,116662,282,1,1,128,1,1,16,0.000,0.000,,,,,NVIDIA A100-SXM4-40GB MIG 4g.20gb (0),1,,13,cupy_copy__complex64_complex64
2675944376,2240,116671,26,1,1,128,1,1,16,0.000,0.000,,,,,NVIDIA A100-SXM4-40GB MIG 4g.20gb (0),1,,13,cupy_copy__float32_float32
2675949432,2912,116680,103,1,1,128,1,1,16,0.000,0.000,,,,,NVIDIA A100-SXM4-40GB MIG 4g.20gb (0),1,,13,cupy_copy__complex64_complex64
2675954328,12447,116690,1434,1,1,128,1,1,16,0.000,0.000,,,,,NVIDIA A100-SXM4-40GB MIG 4g.20gb (0),1,,13,cupy_copy__complex64_complex64
2675969591,82655,116695,1,1,1,32,32,1,30,0.000,0.000,,,,,NVIDIA A100-SXM4-40GB MIG 4g.20gb (0),1,,13,"void convert_kernel<__half2, float2>(tensor_layout_any, T1 *, tensor_layout_any, const T2 *)"
2676079158,5984,116698,,,,,,,,,,0.094,15657.726,Pinned,Device,NVIDIA A100-SXM4-40GB MIG 4g.20gb (0),1,,13,[CUDA memcpy Host-to-Device]
2676090550,596313,116699,,,,,,,,,,456.561,765196.973,Device,,NVIDIA A100-SXM4-40GB MIG 4g.20gb (0),1,,13,[CUDA memset]
2676696782,132543,116704,,,,,,,,,,1.235,9316.418,Pinned,Device,NVIDIA A100-SXM4-40GB MIG 4g.20gb (0),1,,13,[CUDA memcpy Host-to-Device]
2676841709,40479,116705,,,,,,,,,,0.197,4857.004,Pinned,Device,NVIDIA A100-SXM4-40GB MIG 4g.20gb (0),1,,13,[CUDA memcpy Host-to-Device]
2676911212,8224,116706,69,4,1,48,1,1,76,0.002,0.000,,,,,NVIDIA A100-SXM4-40GB MIG 4g.20gb (0),1,,13,"void ch_est::windowedChEstPreNoDftSOfdmKernel<float, __half, float, (unsigned int)2, (unsigned int)1, (unsigned short)4>(ch_est::puschRxChEstStatDescr_t *, ch_est::puschRxChEstDynDescr_t *)"
2676928908,6751,116707,137,2,1,24,2,1,44,0.001,0.001,,,,,NVIDIA A100-SXM4-40GB MIG 4g.20gb (0),1,,13,"void ch_est::chEstFilterNoDftSOfdmDispatchKernel<float, __half, float, (unsigned int)2>(ch_est::puschRxChEstStatDescr_t *, ch_est::puschRxChEstDynDescr_t *)"
2676946347,4704,116708,137,2,1,24,2,1,44,0.001,0.001,,,,,NVIDIA A100-SXM4-40GB MIG 4g.20gb (0),1,,13,"void ch_est::chEstFilterNoDftSOfdmDispatchKernel<float, __half, float, (unsigned int)2>(ch_est::puschRxChEstStatDescr_t *, ch_est::puschRxChEstDynDescr_t *)"
2676964683,2720,116719,103,1,1,128,1,1,16,0.000,0.000,,,,,NVIDIA A100-SXM4-40GB MIG 4g.20gb (0),1,,13,cupy_copy__complex64_complex64
2676981931,12736,116729,1434,1,1,128,1,1,16,0.000,0.000,,,,,NVIDIA A100-SXM4-40GB MIG 4g.20gb (0),1,,13,cupy_copy__complex64_complex64
2677020298,2560,116736,103,1,1,128,1,1,16,0.000,0.000,,,,,NVIDIA A100-SXM4-40GB MIG 4g.20gb (0),1,,13,cupy_copy__complex64_complex64
2677040074,83519,116743,1,1,1,32,32,1,30,0.000,0.000,,,,,NVIDIA A100-SXM4-40GB MIG 4g.20gb (0),1,,13,"void convert_kernel<__half2, float2>(tensor_layout_any, T1 *, tensor_layout_any, const T2 *)"
2677158377,27519,116746,,,,,,,,,,0.094,3404.725,Pinned,Device,NVIDIA A100-SXM4-40GB MIG 4g.20gb (0),1,,13,[CUDA memcpy Host-to-Device]
2677207432,46688,116747,,,,,,,,,,35.810,766976.867,Device,,NVIDIA A100-SXM4-40GB MIG 4g.20gb (0),1,,13,[CUDA memset]
2677258919,14240,116749,,,,,,,,,,0.000,5.618,Pinned,Device,NVIDIA A100-SXM4-40GB MIG 4g.20gb (0),1,,13,[CUDA memcpy Host-to-Device]
2677284967,32288,116750,,,,,,,,,,0.197,6089.146,Pinned,Device,NVIDIA A100-SXM4-40GB MIG 4g.20gb (0),1,,13,[CUDA memcpy Host-to-Device]
2677337191,10175,116751,273,1,1,48,1,1,40,0.000,0.001,,,,,NVIDIA A100-SXM4-40GB MIG 4g.20gb (0),1,,13,"void pusch_noise_intf_est::noiseIntfEstNoDftSOfdmKernel<float, __half, float, float, (unsigned int)2, (unsigned int)1, (unsigned char)4, (unsigned char)4>(pusch_noise_intf_est::puschRxNoiseIntfEstDynDescr)"
2677358310,2656,116762,35,1,1,128,1,1,16,0.000,0.000,,,,,NVIDIA A100-SXM4-40GB MIG 4g.20gb (0),1,,13,cupy_copy__complex64_complex64
2677367142,1728,116771,1,1,1,1,1,1,18,0.000,0.000,,,,,NVIDIA A100-SXM4-40GB MIG 4g.20gb (0),1,,13,cupy_copy__float32_float32
2677373574,4832,116777,,,,,,,,,,0.000,0.828,Device,Pageable,NVIDIA A100-SXM4-40GB MIG 4g.20gb (0),1,,7,[CUDA memcpy Device-to-Host]
2677441093,13248,116788,1434,1,1,128,1,1,16,0.000,0.000,,,,,NVIDIA A100-SXM4-40GB MIG 4g.20gb (0),1,,13,cupy_copy__complex64_complex64
2677470661,3360,116795,103,1,1,128,1,1,16,0.000,0.000,,,,,NVIDIA A100-SXM4-40GB MIG 4g.20gb (0),1,,13,cupy_copy__complex64_complex64
2677493477,2592,116802,35,1,1,128,1,1,16,0.000,0.000,,,,,NVIDIA A100-SXM4-40GB MIG 4g.20gb (0),1,,13,cupy_copy__complex64_complex64
2677511396,1792,116809,1,1,1,1,1,1,18,0.000,0.000,,,,,NVIDIA A100-SXM4-40GB MIG 4g.20gb (0),1,,13,cupy_copy__float32_float32
2677643811,81599,116820,1,1,1,32,32,1,30,0.000,0.000,,,,,NVIDIA A100-SXM4-40GB MIG 4g.20gb (0),1,,13,"void convert_kernel<__half2, float2>(tensor_layout_any, T1 *, tensor_layout_any, const T2 *)"
2677753441,5952,116823,,,,,,,,,,0.094,15741.865,Pinned,Device,NVIDIA A100-SXM4-40GB MIG 4g.20gb (0),1,,13,[CUDA memcpy Host-to-Device]
2677768257,3264,116824,,,,,,,,,,1.547,473842.288,Device,,NVIDIA A100-SXM4-40GB MIG 4g.20gb (0),1,,13,[CUDA memset]
2677775073,3424,116829,,,,,,,,,,0.031,9140.185,Pinned,Device,NVIDIA A100-SXM4-40GB MIG 4g.20gb (0),1,,13,[CUDA memcpy Host-to-Device]
2677780897,10048,116830,,,,,,,,,,0.197,19566.821,Pinned,Device,NVIDIA A100-SXM4-40GB MIG 4g.20gb (0),1,,13,[CUDA memcpy Host-to-Device]
2677796289,6336,116831,273,1,1,8,4,1,39,0.002,0.000,,,,,NVIDIA A100-SXM4-40GB MIG 4g.20gb (0),1,,13,"void channel_eq::eqMmseCoefCompLowMimoKernel<float, float, float, (unsigned int)4, (unsigned int)1, (unsigned int)4>(const channel_eq::_puschRxChEqStatDescr *, channel_eq::_puschRxChEqCoefCompDynDescr)"
2677805345,7936,116832,273,1,1,12,11,1,51,0.002,0.000,,,,,NVIDIA A100-SXM4-40GB MIG 4g.20gb (0),1,,13,"void channel_eq::eqMmseSoftDemapKernel<float, __half, __half, float, (unsigned int)4, (unsigned short)16383>(channel_eq::_puschRxChEqStatDescr *, channel_eq::_puschRxChEqSoftDemapDynDescr)"
2677817153,282844,116833,1,1,1,32,32,1,30,0.000,0.000,,,,,NVIDIA A100-SXM4-40GB MIG 4g.20gb (0),1,,13,"void convert_kernel<float2, __half2>(tensor_layout_any, T1 *, tensor_layout_any, const T2 *)"
2678103741,10976,116845,2253,1,1,128,1,1,16,0.000,0.000,,,,,NVIDIA A100-SXM4-40GB MIG 4g.20gb (0),1,,13,cupy_copy__float16_float16
2678116061,3584,116854,282,1,1,128,1,1,16,0.000,0.000,,,,,NVIDIA A100-SXM4-40GB MIG 4g.20gb (0),1,,13,cupy_copy__complex64_complex64
2678123357,2048,116863,26,1,1,128,1,1,16,0.000,0.000,,,,,NVIDIA A100-SXM4-40GB MIG 4g.20gb (0),1,,13,cupy_copy__float32_float32
2678128477,3776,116872,103,1,1,128,1,1,16,0.000,0.000,,,,,NVIDIA A100-SXM4-40GB MIG 4g.20gb (0),1,,13,cupy_copy__complex64_complex64
2678135357,12128,116882,1434,1,1,128,1,1,16,0.000,0.000,,,,,NVIDIA A100-SXM4-40GB MIG 4g.20gb (0),1,,13,cupy_copy__complex64_complex64
2678150780,80639,116887,1,1,1,32,32,1,30,0.000,0.000,,,,,NVIDIA A100-SXM4-40GB MIG 4g.20gb (0),1,,13,"void convert_kernel<__half2, float2>(tensor_layout_any, T1 *, tensor_layout_any, const T2 *)"
2678258651,5440,116890,,,,,,,,,,0.094,17223.480,Pinned,Device,NVIDIA A100-SXM4-40GB MIG 4g.20gb (0),1,,13,[CUDA memcpy Host-to-Device]
2678269147,597849,116891,,,,,,,,,,456.561,763370.728,Device,,NVIDIA A100-SXM4-40GB MIG 4g.20gb (0),1,,13,[CUDA memset]
2678874420,167389,116896,,,,,,,,,,1.235,7377.555,Pinned,Device,NVIDIA A100-SXM4-40GB MIG 4g.20gb (0),1,,13,[CUDA memcpy Host-to-Device]
2679054705,39008,116897,,,,,,,,,,0.197,5040.046,Pinned,Device,NVIDIA A100-SXM4-40GB MIG 4g.20gb (0),1,,13,[CUDA memcpy Host-to-Device]
2679116657,8479,116898,69,4,1,48,1,1,76,0.002,0.000,,,,,NVIDIA A100-SXM4-40GB MIG 4g.20gb (0),1,,13,"void ch_est::windowedChEstPreNoDftSOfdmKernel<float, __half, float, (unsigned int)2, (unsigned int)1, (unsigned short)4>(ch_est::puschRxChEstStatDescr_t *, ch_est::puschRxChEstDynDescr_t *)"
2679134704,7104,116899,137,2,1,24,2,1,44,0.001,0.001,,,,,NVIDIA A100-SXM4-40GB MIG 4g.20gb (0),1,,13,"void ch_est::chEstFilterNoDftSOfdmDispatchKernel<float, __half, float, (unsigned int)2>(ch_est::puschRxChEstStatDescr_t *, ch_est::puschRxChEstDynDescr_t *)"
2679151984,4768,116900,137,2,1,24,2,1,44,0.001,0.001,,,,,NVIDIA A100-SXM4-40GB MIG 4g.20gb (0),1,,13,"void ch_est::chEstFilterNoDftSOfdmDispatchKernel<float, __half, float, (unsigned int)2>(ch_est::puschRxChEstStatDescr_t *, ch_est::puschRxChEstDynDescr_t *)"
2679168880,2496,116911,103,1,1,128,1,1,16,0.000,0.000,,,,,NVIDIA A100-SXM4-40GB MIG 4g.20gb (0),1,,13,cupy_copy__complex64_complex64
2679188336,12447,116921,1434,1,1,128,1,1,16,0.000,0.000,,,,,NVIDIA A100-SXM4-40GB MIG 4g.20gb (0),1,,13,cupy_copy__complex64_complex64
2679206959,2912,116928,103,1,1,128,1,1,16,0.000,0.000,,,,,NVIDIA A100-SXM4-40GB MIG 4g.20gb (0),1,,13,cupy_copy__complex64_complex64
2679228751,91807,116935,1,1,1,32,32,1,30,0.000,0.000,,,,,NVIDIA A100-SXM4-40GB MIG 4g.20gb (0),1,,13,"void convert_kernel<__half2, float2>(tensor_layout_any, T1 *, tensor_layout_any, const T2 *)"
2679355150,26559,116938,,,,,,,,,,0.094,3527.842,Pinned,Device,NVIDIA A100-SXM4-40GB MIG 4g.20gb (0),1,,13,[CUDA memcpy Host-to-Device]
2679412141,47359,116939,,,,,,,,,,35.810,756126.461,Device,,NVIDIA A100-SXM4-40GB MIG 4g.20gb (0),1,,13,[CUDA memset]
2679462220,14176,116941,,,,,,,,,,0.000,5.643,Pinned,Device,NVIDIA A100-SXM4-40GB MIG 4g.20gb (0),1,,13,[CUDA memcpy Host-to-Device]
2679489932,35807,116942,,,,,,,,,,0.197,5490.672,Pinned,Device,NVIDIA A100-SXM4-40GB MIG 4g.20gb (0),1,,13,[CUDA memcpy Host-to-Device]
2679536235,9024,116943,273,1,1,48,1,1,40,0.000,0.001,,,,,NVIDIA A100-SXM4-40GB MIG 4g.20gb (0),1,,13,"void pusch_noise_intf_est::noiseIntfEstNoDftSOfdmKernel<float, __half, float, float, (unsigned int)2, (unsigned int)1, (unsigned char)4, (unsigned char)4>(pusch_noise_intf_est::puschRxNoiseIntfEstDynDescr)"
2679553579,2752,116954,35,1,1,128,1,1,16,0.000,0.000,,,,,NVIDIA A100-SXM4-40GB MIG 4g.20gb (0),1,,13,cupy_copy__complex64_complex64
2679570187,1728,116963,1,1,1,1,1,1,18,0.000,0.000,,,,,NVIDIA A100-SXM4-40GB MIG 4g.20gb (0),1,,13,cupy_copy__float32_float32
2679578219,7776,116969,,,,,,,,,,0.000,0.514,Device,Pageable,NVIDIA A100-SXM4-40GB MIG 4g.20gb (0),1,,7,[CUDA memcpy Device-to-Host]
2679675626,13183,116980,1434,1,1,128,1,1,16,0.000,0.000,,,,,NVIDIA A100-SXM4-40GB MIG 4g.20gb (0),1,,13,cupy_copy__complex64_complex64
2679702153,2720,116987,103,1,1,128,1,1,16,0.000,0.000,,,,,NVIDIA A100-SXM4-40GB MIG 4g.20gb (0),1,,13,cupy_copy__complex64_complex64
2679720169,2560,116994,35,1,1,128,1,1,16,0.000,0.000,,,,,NVIDIA A100-SXM4-40GB MIG 4g.20gb (0),1,,13,cupy_copy__complex64_complex64
2679740105,1792,117001,1,1,1,1,1,1,18,0.000,0.000,,,,,NVIDIA A100-SXM4-40GB MIG 4g.20gb (0),1,,13,cupy_copy__float32_float32
2679862791,83295,117012,1,1,1,32,32,1,30,0.000,0.000,,,,,NVIDIA A100-SXM4-40GB MIG 4g.20gb (0),1,,13,"void convert_kernel<__half2, float2>(tensor_layout_any, T1 *, tensor_layout_any, const T2 *)"
2679973926,5760,117015,,,,,,,,,,0.094,16266.656,Pinned,Device,NVIDIA A100-SXM4-40GB MIG 4g.20gb (0),1,,13,[CUDA memcpy Host-to-Device]
2679990342,3520,117016,,,,,,,,,,1.547,439380.412,Device,,NVIDIA A100-SXM4-40GB MIG 4g.20gb (0),1,,13,[CUDA memset]
2679995558,3008,117021,,,,,,,,,,0.031,10404.230,Pinned,Device,NVIDIA A100-SXM4-40GB MIG 4g.20gb (0),1,,13,[CUDA memcpy Host-to-Device]
2680001030,9695,117022,,,,,,,,,,0.197,20279.132,Pinned,Device,NVIDIA A100-SXM4-40GB MIG 4g.20gb (0),1,,13,[CUDA memcpy Host-to-Device]
2680014277,5984,117023,273,1,1,8,4,1,39,0.002,0.000,,,,,NVIDIA A100-SXM4-40GB MIG 4g.20gb (0),1,,13,"void channel_eq::eqMmseCoefCompLowMimoKernel<float, float, float, (unsigned int)4, (unsigned int)1, (unsigned int)4>(const channel_eq::_puschRxChEqStatDescr *, channel_eq::_puschRxChEqCoefCompDynDescr)"
2680021221,6240,117024,273,1,1,12,11,1,51,0.002,0.000,,,,,NVIDIA A100-SXM4-40GB MIG 4g.20gb (0),1,,13,"void channel_eq::eqMmseSoftDemapKernel<float, __half, __half, float, (unsigned int)4, (unsigned short)16383>(channel_eq::_puschRxChEqStatDescr *, channel_eq::_puschRxChEqSoftDemapDynDescr)"
2680028549,281661,117025,1,1,1,32,32,1,30,0.000,0.000,,,,,NVIDIA A100-SXM4-40GB MIG 4g.20gb (0),1,,13,"void convert_kernel<float2, __half2>(tensor_layout_any, T1 *, tensor_layout_any, const T2 *)"
2680311234,10912,117037,2253,1,1,128,1,1,16,0.000,0.000,,,,,NVIDIA A100-SXM4-40GB MIG 4g.20gb (0),1,,13,cupy_copy__float16_float16
2680326274,2816,117046,282,1,1,128,1,1,16,0.000,0.000,,,,,NVIDIA A100-SXM4-40GB MIG 4g.20gb (0),1,,13,cupy_copy__complex64_complex64
2680331585,1984,117055,26,1,1,128,1,1,16,0.000,0.000,,,,,NVIDIA A100-SXM4-40GB MIG 4g.20gb (0),1,,13,cupy_copy__float32_float32
2680337153,2944,117064,103,1,1,128,1,1,16,0.000,0.000,,,,,NVIDIA A100-SXM4-40GB MIG 4g.20gb (0),1,,13,cupy_copy__complex64_complex64
2680341217,12000,117074,1434,1,1,128,1,1,16,0.000,0.000,,,,,NVIDIA A100-SXM4-40GB MIG 4g.20gb (0),1,,13,cupy_copy__complex64_complex64
2680362849,82015,117079,1,1,1,32,32,1,30,0.000,0.000,,,,,NVIDIA A100-SXM4-40GB MIG 4g.20gb (0),1,,13,"void convert_kernel<__half2, float2>(tensor_layout_any, T1 *, tensor_layout_any, const T2 *)"
2680472032,5440,117082,,,,,,,,,,0.094,17223.480,Pinned,Device,NVIDIA A100-SXM4-40GB MIG 4g.20gb (0),1,,13,[CUDA memcpy Host-to-Device]
2680482016,596440,117083,,,,,,,,,,456.561,765196.973,Device,,NVIDIA A100-SXM4-40GB MIG 4g.20gb (0),1,,13,[CUDA memset]
2681084504,104799,117088,,,,,,,,,,1.235,11783.836,Pinned,Device,NVIDIA A100-SXM4-40GB MIG 4g.20gb (0),1,,13,[CUDA memcpy Host-to-Device]
2681197431,21248,117089,,,,,,,,,,0.197,9252.962,Pinned,Device,NVIDIA A100-SXM4-40GB MIG 4g.20gb (0),1,,13,[CUDA memcpy Host-to-Device]
2681228662,7936,117090,69,4,1,48,1,1,76,0.002,0.000,,,,,NVIDIA A100-SXM4-40GB MIG 4g.20gb (0),1,,13,"void ch_est::windowedChEstPreNoDftSOfdmKernel<float, __half, float, (unsigned int)2, (unsigned int)1, (unsigned short)4>(ch_est::puschRxChEstStatDescr_t *, ch_est::puschRxChEstDynDescr_t *)"
2681244278,6080,117091,137,2,1,24,2,1,44,0.001,0.001,,,,,NVIDIA A100-SXM4-40GB MIG 4g.20gb (0),1,,13,"void ch_est::chEstFilterNoDftSOfdmDispatchKernel<float, __half, float, (unsigned int)2>(ch_est::puschRxChEstStatDescr_t *, ch_est::puschRxChEstDynDescr_t *)"
2681252726,6464,117092,137,2,1,24,2,1,44,0.001,0.001,,,,,NVIDIA A100-SXM4-40GB MIG 4g.20gb (0),1,,13,"void ch_est::chEstFilterNoDftSOfdmDispatchKernel<float, __half, float, (unsigned int)2>(ch_est::puschRxChEstStatDescr_t *, ch_est::puschRxChEstDynDescr_t *)"
2681267638,3200,117103,103,1,1,128,1,1,16,0.000,0.000,,,,,NVIDIA A100-SXM4-40GB MIG 4g.20gb (0),1,,13,cupy_copy__complex64_complex64
2681275830,12960,117113,1434,1,1,128,1,1,16,0.000,0.000,,,,,NVIDIA A100-SXM4-40GB MIG 4g.20gb (0),1,,13,cupy_copy__complex64_complex64
2681291798,2624,117120,103,1,1,128,1,1,16,0.000,0.000,,,,,NVIDIA A100-SXM4-40GB MIG 4g.20gb (0),1,,13,cupy_copy__complex64_complex64
2681299414,88926,117127,1,1,1,32,32,1,30,0.000,0.000,,,,,NVIDIA A100-SXM4-40GB MIG 4g.20gb (0),1,,13,"void convert_kernel<__half2, float2>(tensor_layout_any, T1 *, tensor_layout_any, const T2 *)"
2681415732,6080,117130,,,,,,,,,,0.094,15410.462,Pinned,Device,NVIDIA A100-SXM4-40GB MIG 4g.20gb (0),1,,13,[CUDA memcpy Host-to-Device]
2681427572,47487,117131,,,,,,,,,,35.810,754085.295,Device,,NVIDIA A100-SXM4-40GB MIG 4g.20gb (0),1,,13,[CUDA memset]
2681480627,3200,117133,,,,,,,,,,0.000,25.000,Pinned,Device,NVIDIA A100-SXM4-40GB MIG 4g.20gb (0),1,,13,[CUDA memcpy Host-to-Device]
2681488019,11936,117134,,,,,,,,,,0.197,16471.818,Pinned,Device,NVIDIA A100-SXM4-40GB MIG 4g.20gb (0),1,,13,[CUDA memcpy Host-to-Device]
2681508019,12576,117135,273,1,1,48,1,1,40,0.000,0.001,,,,,NVIDIA A100-SXM4-40GB MIG 4g.20gb (0),1,,13,"void pusch_noise_intf_est::noiseIntfEstNoDftSOfdmKernel<float, __half, float, float, (unsigned int)2, (unsigned int)1, (unsigned char)4, (unsigned char)4>(pusch_noise_intf_est::puschRxNoiseIntfEstDynDescr)"
2681523379,3328,117146,35,1,1,128,1,1,16,0.000,0.000,,,,,NVIDIA A100-SXM4-40GB MIG 4g.20gb (0),1,,13,cupy_copy__complex64_complex64
2681535091,1792,117155,1,1,1,1,1,1,18,0.000,0.000,,,,,NVIDIA A100-SXM4-40GB MIG 4g.20gb (0),1,,13,cupy_copy__float32_float32
2681568274,1856,117161,,,,,,,,,,0.000,2.155,Device,Pageable,NVIDIA A100-SXM4-40GB MIG 4g.20gb (0),1,,7,[CUDA memcpy Device-to-Host]
2681632177,12800,117172,1434,1,1,128,1,1,16,0.000,0.000,,,,,NVIDIA A100-SXM4-40GB MIG 4g.20gb (0),1,,13,cupy_copy__complex64_complex64
2681659537,3456,117179,103,1,1,128,1,1,16,0.000,0.000,,,,,NVIDIA A100-SXM4-40GB MIG 4g.20gb (0),1,,13,cupy_copy__complex64_complex64
2681678993,2400,117186,35,1,1,128,1,1,16,0.000,0.000,,,,,NVIDIA A100-SXM4-40GB MIG 4g.20gb (0),1,,13,cupy_copy__complex64_complex64
2681695633,1920,117193,1,1,1,1,1,1,18,0.000,0.000,,,,,NVIDIA A100-SXM4-40GB MIG 4g.20gb (0),1,,13,cupy_copy__float32_float32
2681827951,87775,117204,1,1,1,32,32,1,30,0.000,0.000,,,,,NVIDIA A100-SXM4-40GB MIG 4g.20gb (0),1,,13,"void convert_kernel<__half2, float2>(tensor_layout_any, T1 *, tensor_layout_any, const T2 *)"
2681943182,5536,117207,,,,,,,,,,0.094,16924.777,Pinned,Device,NVIDIA A100-SXM4-40GB MIG 4g.20gb (0),1,,13,[CUDA memcpy Host-to-Device]
2681957869,3264,117208,,,,,,,,,,1.547,473842.288,Device,,NVIDIA A100-SXM4-40GB MIG 4g.20gb (0),1,,13,[CUDA memset]
2681964909,3040,117213,,,,,,,,,,0.031,10294.725,Pinned,Device,NVIDIA A100-SXM4-40GB MIG 4g.20gb (0),1,,13,[CUDA memcpy Host-to-Device]
2681970669,9824,117214,,,,,,,,,,0.197,20012.925,Pinned,Device,NVIDIA A100-SXM4-40GB MIG 4g.20gb (0),1,,13,[CUDA memcpy Host-to-Device]
2681986445,6752,117215,273,1,1,8,4,1,39,0.002,0.000,,,,,NVIDIA A100-SXM4-40GB MIG 4g.20gb (0),1,,13,"void channel_eq::eqMmseCoefCompLowMimoKernel<float, float, float, (unsigned int)4, (unsigned int)1, (unsigned int)4>(const channel_eq::_puschRxChEqStatDescr *, channel_eq::_puschRxChEqCoefCompDynDescr)"
2681996013,6080,117216,273,1,1,12,11,1,51,0.002,0.000,,,,,NVIDIA A100-SXM4-40GB MIG 4g.20gb (0),1,,13,"void channel_eq::eqMmseSoftDemapKernel<float, __half, __half, float, (unsigned int)4, (unsigned short)16383>(channel_eq::_puschRxChEqStatDescr *, channel_eq::_puschRxChEqSoftDemapDynDescr)"
2682003245,282140,117217,1,1,1,32,32,1,30,0.000,0.000,,,,,NVIDIA A100-SXM4-40GB MIG 4g.20gb (0),1,,13,"void convert_kernel<float2, __half2>(tensor_layout_any, T1 *, tensor_layout_any, const T2 *)"
2682288073,10976,117229,2253,1,1,128,1,1,16,0.000,0.000,,,,,NVIDIA A100-SXM4-40GB MIG 4g.20gb (0),1,,13,cupy_copy__float16_float16
2682301001,3648,117238,282,1,1,128,1,1,16,0.000,0.000,,,,,NVIDIA A100-SXM4-40GB MIG 4g.20gb (0),1,,13,cupy_copy__complex64_complex64
2682306217,2336,117247,26,1,1,128,1,1,16,0.000,0.000,,,,,NVIDIA A100-SXM4-40GB MIG 4g.20gb (0),1,,13,cupy_copy__float32_float32
2682313097,2912,117256,103,1,1,128,1,1,16,0.000,0.000,,,,,NVIDIA A100-SXM4-40GB MIG 4g.20gb (0),1,,13,cupy_copy__complex64_complex64
2682320201,11936,117266,1434,1,1,128,1,1,16,0.000,0.000,,,,,NVIDIA A100-SXM4-40GB MIG 4g.20gb (0),1,,13,cupy_copy__complex64_complex64
2682336841,87007,117271,1,1,1,32,32,1,30,0.000,0.000,,,,,NVIDIA A100-SXM4-40GB MIG 4g.20gb (0),1,,13,"void convert_kernel<__half2, float2>(tensor_layout_any, T1 *, tensor_layout_any, const T2 *)"
2682451367,5792,117274,,,,,,,,,,0.094,16176.708,Pinned,Device,NVIDIA A100-SXM4-40GB MIG 4g.20gb (0),1,,13,[CUDA memcpy Host-to-Device]
2682461415,599353,117275,,,,,,,,,,456.561,761544.482,Device,,NVIDIA A100-SXM4-40GB MIG 4g.20gb (0),1,,13,[CUDA memset]
2683066944,150014,117280,,,,,,,,,,1.235,8232.137,Pinned,Device,NVIDIA A100-SXM4-40GB MIG 4g.20gb (0),1,,13,[CUDA memcpy Host-to-Device]
2683229886,39871,117281,,,,,,,,,,0.197,4930.929,Pinned,Device,NVIDIA A100-SXM4-40GB MIG 4g.20gb (0),1,,13,[CUDA memcpy Host-to-Device]
2683291165,8096,117282,69,4,1,48,1,1,76,0.002,0.000,,,,,NVIDIA A100-SXM4-40GB MIG 4g.20gb (0),1,,13,"void ch_est::windowedChEstPreNoDftSOfdmKernel<float, __half, float, (unsigned int)2, (unsigned int)1, (unsigned short)4>(ch_est::puschRxChEstStatDescr_t *, ch_est::puschRxChEstDynDescr_t *)"
2683310589,6496,117283,137,2,1,24,2,1,44,0.001,0.001,,,,,NVIDIA A100-SXM4-40GB MIG 4g.20gb (0),1,,13,"void ch_est::chEstFilterNoDftSOfdmDispatchKernel<float, __half, float, (unsigned int)2>(ch_est::puschRxChEstStatDescr_t *, ch_est::puschRxChEstDynDescr_t *)"
2683328156,4704,117284,137,2,1,24,2,1,44,0.001,0.001,,,,,NVIDIA A100-SXM4-40GB MIG 4g.20gb (0),1,,13,"void ch_est::chEstFilterNoDftSOfdmDispatchKernel<float, __half, float, (unsigned int)2>(ch_est::puschRxChEstStatDescr_t *, ch_est::puschRxChEstDynDescr_t *)"
2683344220,2656,117295,103,1,1,128,1,1,16,0.000,0.000,,,,,NVIDIA A100-SXM4-40GB MIG 4g.20gb (0),1,,13,cupy_copy__complex64_complex64
2683357404,12448,117305,1434,1,1,128,1,1,16,0.000,0.000,,,,,NVIDIA A100-SXM4-40GB MIG 4g.20gb (0),1,,13,cupy_copy__complex64_complex64
2683388828,2560,117312,103,1,1,128,1,1,16,0.000,0.000,,,,,NVIDIA A100-SXM4-40GB MIG 4g.20gb (0),1,,13,cupy_copy__complex64_complex64
2683399676,83039,117319,1,1,1,32,32,1,30,0.000,0.000,,,,,NVIDIA A100-SXM4-40GB MIG 4g.20gb (0),1,,13,"void convert_kernel<__half2, float2>(tensor_layout_any, T1 *, tensor_layout_any, const T2 *)"
2683514746,9184,117322,,,,,,,,,,0.094,10202.089,Pinned,Device,NVIDIA A100-SXM4-40GB MIG 4g.20gb (0),1,,13,[CUDA memcpy Host-to-Device]
2683532666,47423,117323,,,,,,,,,,35.810,755087.973,Device,,NVIDIA A100-SXM4-40GB MIG 4g.20gb (0),1,,13,[CUDA memset]
2683585785,5664,117325,,,,,,,,,,0.000,14.124,Pinned,Device,NVIDIA A100-SXM4-40GB MIG 4g.20gb (0),1,,13,[CUDA memcpy Host-to-Device]
2683598073,17472,117326,,,,,,,,,,0.197,11252.662,Pinned,Device,NVIDIA A100-SXM4-40GB MIG 4g.20gb (0),1,,13,[CUDA memcpy Host-to-Device]
2683626041,12544,117327,273,1,1,48,1,1,40,0.000,0.001,,,,,NVIDIA A100-SXM4-40GB MIG 4g.20gb (0),1,,13,"void pusch_noise_intf_est::noiseIntfEstNoDftSOfdmKernel<float, __half, float, float, (unsigned int)2, (unsigned int)1, (unsigned char)4, (unsigned char)4>(pusch_noise_intf_est::puschRxNoiseIntfEstDynDescr)"
2683642713,2688,117338,35,1,1,128,1,1,16,0.000,0.000,,,,,NVIDIA A100-SXM4-40GB MIG 4g.20gb (0),1,,13,cupy_copy__complex64_complex64
2683650520,2112,117347,1,1,1,1,1,1,18,0.000,0.000,,,,,NVIDIA A100-SXM4-40GB MIG 4g.20gb (0),1,,13,cupy_copy__float32_float32
2683669464,1696,117353,,,,,,,,,,0.000,2.358,Device,Pageable,NVIDIA A100-SXM4-40GB MIG 4g.20gb (0),1,,7,[CUDA memcpy Device-to-Host]
2683730167,12864,117364,1434,1,1,128,1,1,16,0.000,0.000,,,,,NVIDIA A100-SXM4-40GB MIG 4g.20gb (0),1,,13,cupy_copy__complex64_complex64
2683757111,3552,117371,103,1,1,128,1,1,16,0.000,0.000,,,,,NVIDIA A100-SXM4-40GB MIG 4g.20gb (0),1,,13,cupy_copy__complex64_complex64
2683778775,2496,117378,35,1,1,128,1,1,16,0.000,0.000,,,,,NVIDIA A100-SXM4-40GB MIG 4g.20gb (0),1,,13,cupy_copy__complex64_complex64
2683796791,1792,117385,1,1,1,1,1,1,18,0.000,0.000,,,,,NVIDIA A100-SXM4-40GB MIG 4g.20gb (0),1,,13,cupy_copy__float32_float32
2683930517,82847,117396,1,1,1,32,32,1,30,0.000,0.000,,,,,NVIDIA A100-SXM4-40GB MIG 4g.20gb (0),1,,13,"void convert_kernel<__half2, float2>(tensor_layout_any, T1 *, tensor_layout_any, const T2 *)"
2684041844,5792,117399,,,,,,,,,,0.094,16176.708,Pinned,Device,NVIDIA A100-SXM4-40GB MIG 4g.20gb (0),1,,13,[CUDA memcpy Host-to-Device]
2684056275,3296,117400,,,,,,,,,,1.547,469242.628,Device,,NVIDIA A100-SXM4-40GB MIG 4g.20gb (0),1,,13,[CUDA memset]
2684063059,3008,117405,,,,,,,,,,0.031,10404.230,Pinned,Device,NVIDIA A100-SXM4-40GB MIG 4g.20gb (0),1,,13,[CUDA memcpy Host-to-Device]
2684068883,9632,117406,,,,,,,,,,0.197,20411.843,Pinned,Device,NVIDIA A100-SXM4-40GB MIG 4g.20gb (0),1,,13,[CUDA memcpy Host-to-Device]
2684082387,6400,117407,273,1,1,8,4,1,39,0.002,0.000,,,,,NVIDIA A100-SXM4-40GB MIG 4g.20gb (0),1,,13,"void channel_eq::eqMmseCoefCompLowMimoKernel<float, float, float, (unsigned int)4, (unsigned int)1, (unsigned int)4>(const channel_eq::_puschRxChEqStatDescr *, channel_eq::_puschRxChEqCoefCompDynDescr)"
2684089843,6592,117408,273,1,1,12,11,1,51,0.002,0.000,,,,,NVIDIA A100-SXM4-40GB MIG 4g.20gb (0),1,,13,"void channel_eq::eqMmseSoftDemapKernel<float, __half, __half, float, (unsigned int)4, (unsigned short)16383>(channel_eq::_puschRxChEqStatDescr *, channel_eq::_puschRxChEqSoftDemapDynDescr)"
2684097523,281980,117409,1,1,1,32,32,1,30,0.000,0.000,,,,,NVIDIA A100-SXM4-40GB MIG 4g.20gb (0),1,,13,"void convert_kernel<float2, __half2>(tensor_layout_any, T1 *, tensor_layout_any, const T2 *)"
2684381487,10848,117421,2253,1,1,128,1,1,16,0.000,0.000,,,,,NVIDIA A100-SXM4-40GB MIG 4g.20gb (0),1,,13,cupy_copy__float16_float16
2684393967,3200,117430,282,1,1,128,1,1,16,0.000,0.000,,,,,NVIDIA A100-SXM4-40GB MIG 4g.20gb (0),1,,13,cupy_copy__complex64_complex64
2684400879,2144,117439,26,1,1,128,1,1,16,0.000,0.000,,,,,NVIDIA A100-SXM4-40GB MIG 4g.20gb (0),1,,13,cupy_copy__float32_float32
2684406895,3104,117448,103,1,1,128,1,1,16,0.000,0.000,,,,,NVIDIA A100-SXM4-40GB MIG 4g.20gb (0),1,,13,cupy_copy__complex64_complex64
2684460206,12544,117464,1434,1,1,128,1,1,16,0.000,0.000,,,,,NVIDIA A100-SXM4-40GB MIG 4g.20gb (0),1,,13,cupy_copy__complex64_complex64
2684574509,82719,117469,1,1,1,32,32,1,30,0.000,0.000,,,,,NVIDIA A100-SXM4-40GB MIG 4g.20gb (0),1,,13,"void convert_kernel<__half2, float2>(tensor_layout_any, T1 *, tensor_layout_any, const T2 *)"
2684683692,5728,117472,,,,,,,,,,0.094,16357.541,Pinned,Device,NVIDIA A100-SXM4-40GB MIG 4g.20gb (0),1,,13,[CUDA memcpy Host-to-Device]
2684693868,597208,117473,,,,,,,,,,456.561,764283.851,Device,,NVIDIA A100-SXM4-40GB MIG 4g.20gb (0),1,,13,[CUDA memset]
2685295140,135614,117478,,,,,,,,,,1.235,9105.242,Pinned,Device,NVIDIA A100-SXM4-40GB MIG 4g.20gb (0),1,,13,[CUDA memcpy Host-to-Device]
2685441794,41024,117479,,,,,,,,,,0.197,4792.320,Pinned,Device,NVIDIA A100-SXM4-40GB MIG 4g.20gb (0),1,,13,[CUDA memcpy Host-to-Device]
2685510625,8576,117480,69,4,1,48,1,1,76,0.002,0.000,,,,,NVIDIA A100-SXM4-40GB MIG 4g.20gb (0),1,,13,"void ch_est::windowedChEstPreNoDftSOfdmKernel<float, __half, float, (unsigned int)2, (unsigned int)1, (unsigned short)4>(ch_est::puschRxChEstStatDescr_t *, ch_est::puschRxChEstDynDescr_t *)"
2685530273,6560,117481,137,2,1,24,2,1,44,0.001,0.001,,,,,NVIDIA A100-SXM4-40GB MIG 4g.20gb (0),1,,13,"void ch_est::chEstFilterNoDftSOfdmDispatchKernel<float, __half, float, (unsigned int)2>(ch_est::puschRxChEstStatDescr_t *, ch_est::puschRxChEstDynDescr_t *)"
2685547201,4960,117482,137,2,1,24,2,1,44,0.001,0.001,,,,,NVIDIA A100-SXM4-40GB MIG 4g.20gb (0),1,,13,"void ch_est::chEstFilterNoDftSOfdmDispatchKernel<float, __half, float, (unsigned int)2>(ch_est::puschRxChEstStatDescr_t *, ch_est::puschRxChEstDynDescr_t *)"
2685566689,2656,117493,103,1,1,128,1,1,16,0.000,0.000,,,,,NVIDIA A100-SXM4-40GB MIG 4g.20gb (0),1,,13,cupy_copy__complex64_complex64
2685581313,12703,117503,1434,1,1,128,1,1,16,0.000,0.000,,,,,NVIDIA A100-SXM4-40GB MIG 4g.20gb (0),1,,13,cupy_copy__complex64_complex64
2685616448,2624,117510,103,1,1,128,1,1,16,0.000,0.000,,,,,NVIDIA A100-SXM4-40GB MIG 4g.20gb (0),1,,13,cupy_copy__complex64_complex64
2685629440,81951,117517,1,1,1,32,32,1,30,0.000,0.000,,,,,NVIDIA A100-SXM4-40GB MIG 4g.20gb (0),1,,13,"void convert_kernel<__half2, float2>(tensor_layout_any, T1 *, tensor_layout_any, const T2 *)"
2685738495,13119,117520,,,,,,,,,,0.094,7141.978,Pinned,Device,NVIDIA A100-SXM4-40GB MIG 4g.20gb (0),1,,13,[CUDA memcpy Host-to-Device]
2685764254,47552,117521,,,,,,,,,,35.810,753046.808,Device,,NVIDIA A100-SXM4-40GB MIG 4g.20gb (0),1,,13,[CUDA memset]
2685817086,7776,117523,,,,,,,,,,0.000,10.288,Pinned,Device,NVIDIA A100-SXM4-40GB MIG 4g.20gb (0),1,,13,[CUDA memcpy Host-to-Device]
2685834493,16992,117524,,,,,,,,,,0.197,11570.577,Pinned,Device,NVIDIA A100-SXM4-40GB MIG 4g.20gb (0),1,,13,[CUDA memcpy Host-to-Device]
2685864861,9984,117525,273,1,1,48,1,1,40,0.000,0.001,,,,,NVIDIA A100-SXM4-40GB MIG 4g.20gb (0),1,,13,"void pusch_noise_intf_est::noiseIntfEstNoDftSOfdmKernel<float, __half, float, float, (unsigned int)2, (unsigned int)1, (unsigned char)4, (unsigned char)4>(pusch_noise_intf_est::puschRxNoiseIntfEstDynDescr)"
2685885021,2784,117536,35,1,1,128,1,1,16,0.000,0.000,,,,,NVIDIA A100-SXM4-40GB MIG 4g.20gb (0),1,,13,cupy_copy__complex64_complex64
2685895933,1760,117545,1,1,1,1,1,1,18,0.000,0.000,,,,,NVIDIA A100-SXM4-40GB MIG 4g.20gb (0),1,,13,cupy_copy__float32_float32
2685902301,6528,117551,,,,,,,,,,0.000,0.613,Device,Pageable,NVIDIA A100-SXM4-40GB MIG 4g.20gb (0),1,,7,[CUDA memcpy Device-to-Host]
2685973788,12832,117562,1434,1,1,128,1,1,16,0.000,0.000,,,,,NVIDIA A100-SXM4-40GB MIG 4g.20gb (0),1,,13,cupy_copy__complex64_complex64
2686001755,2848,117569,103,1,1,128,1,1,16,0.000,0.000,,,,,NVIDIA A100-SXM4-40GB MIG 4g.20gb (0),1,,13,cupy_copy__complex64_complex64
2686020347,2336,117576,35,1,1,128,1,1,16,0.000,0.000,,,,,NVIDIA A100-SXM4-40GB MIG 4g.20gb (0),1,,13,cupy_copy__complex64_complex64
2686039387,1792,117583,1,1,1,1,1,1,18,0.000,0.000,,,,,NVIDIA A100-SXM4-40GB MIG 4g.20gb (0),1,,13,cupy_copy__float32_float32
2686170841,86879,117594,1,1,1,32,32,1,30,0.000,0.000,,,,,NVIDIA A100-SXM4-40GB MIG 4g.20gb (0),1,,13,"void convert_kernel<__half2, float2>(tensor_layout_any, T1 *, tensor_layout_any, const T2 *)"
2686285624,5568,117597,,,,,,,,,,0.094,16827.521,Pinned,Device,NVIDIA A100-SXM4-40GB MIG 4g.20gb (0),1,,13,[CUDA memcpy Host-to-Device]
2686299768,3104,117598,,,,,,,,,,1.547,498266.574,Device,,NVIDIA A100-SXM4-40GB MIG 4g.20gb (0),1,,13,[CUDA memset]
2686306520,3744,117603,,,,,,,,,,0.031,8358.974,Pinned,Device,NVIDIA A100-SXM4-40GB MIG 4g.20gb (0),1,,13,[CUDA memcpy Host-to-Device]
2686312696,9919,117604,,,,,,,,,,0.197,19821.232,Pinned,Device,NVIDIA A100-SXM4-40GB MIG 4g.20gb (0),1,,13,[CUDA memcpy Host-to-Device]
2686326679,6304,117605,273,1,1,8,4,1,39,0.002,0.000,,,,,NVIDIA A100-SXM4-40GB MIG 4g.20gb (0),1,,13,"void channel_eq::eqMmseCoefCompLowMimoKernel<float, float, float, (unsigned int)4, (unsigned int)1, (unsigned int)4>(const channel_eq::_puschRxChEqStatDescr *, channel_eq::_puschRxChEqCoefCompDynDescr)"
2686334071,6368,117606,273,1,1,12,11,1,51,0.002,0.000,,,,,NVIDIA A100-SXM4-40GB MIG 4g.20gb (0),1,,13,"void channel_eq::eqMmseSoftDemapKernel<float, __half, __half, float, (unsigned int)4, (unsigned short)16383>(channel_eq::_puschRxChEqStatDescr *, channel_eq::_puschRxChEqSoftDemapDynDescr)"
2686341399,282237,117607,1,1,1,32,32,1,30,0.000,0.000,,,,,NVIDIA A100-SXM4-40GB MIG 4g.20gb (0),1,,13,"void convert_kernel<float2, __half2>(tensor_layout_any, T1 *, tensor_layout_any, const T2 *)"
2686624660,10944,117619,2253,1,1,128,1,1,16,0.000,0.000,,,,,NVIDIA A100-SXM4-40GB MIG 4g.20gb (0),1,,13,cupy_copy__float16_float16
2686637460,3839,117628,282,1,1,128,1,1,16,0.000,0.000,,,,,NVIDIA A100-SXM4-40GB MIG 4g.20gb (0),1,,13,cupy_copy__complex64_complex64
2686642259,2272,117637,26,1,1,128,1,1,16,0.000,0.000,,,,,NVIDIA A100-SXM4-40GB MIG 4g.20gb (0),1,,13,cupy_copy__float32_float32
2686646067,4512,117646,103,1,1,128,1,1,16,0.000,0.000,,,,,NVIDIA A100-SXM4-40GB MIG 4g.20gb (0),1,,13,cupy_copy__complex64_complex64
2686653331,12384,117656,1434,1,1,128,1,1,16,0.000,0.000,,,,,NVIDIA A100-SXM4-40GB MIG 4g.20gb (0),1,,13,cupy_copy__complex64_complex64
2686677651,82623,117661,1,1,1,32,32,1,30,0.000,0.000,,,,,NVIDIA A100-SXM4-40GB MIG 4g.20gb (0),1,,13,"void convert_kernel<__half2, float2>(tensor_layout_any, T1 *, tensor_layout_any, const T2 *)"
2686787378,5760,117664,,,,,,,,,,0.094,16266.656,Pinned,Device,NVIDIA A100-SXM4-40GB MIG 4g.20gb (0),1,,13,[CUDA memcpy Host-to-Device]
2686797458,596920,117665,,,,,,,,,,456.561,764740.412,Device,,NVIDIA A100-SXM4-40GB MIG 4g.20gb (0),1,,13,[CUDA memset]
2687402506,150750,117670,,,,,,,,,,1.235,8191.384,Pinned,Device,NVIDIA A100-SXM4-40GB MIG 4g.20gb (0),1,,13,[CUDA memcpy Host-to-Device]
2687566280,41024,117671,,,,,,,,,,0.197,4792.320,Pinned,Device,NVIDIA A100-SXM4-40GB MIG 4g.20gb (0),1,,13,[CUDA memcpy Host-to-Device]
2687625159,8576,117672,69,4,1,48,1,1,76,0.002,0.000,,,,,NVIDIA A100-SXM4-40GB MIG 4g.20gb (0),1,,13,"void ch_est::windowedChEstPreNoDftSOfdmKernel<float, __half, float, (unsigned int)2, (unsigned int)1, (unsigned short)4>(ch_est::puschRxChEstStatDescr_t *, ch_est::puschRxChEstDynDescr_t *)"
2687644359,6848,117673,137,2,1,24,2,1,44,0.001,0.001,,,,,NVIDIA A100-SXM4-40GB MIG 4g.20gb (0),1,,13,"void ch_est::chEstFilterNoDftSOfdmDispatchKernel<float, __half, float, (unsigned int)2>(ch_est::puschRxChEstStatDescr_t *, ch_est::puschRxChEstDynDescr_t *)"
2687661255,4768,117674,137,2,1,24,2,1,44,0.001,0.001,,,,,NVIDIA A100-SXM4-40GB MIG 4g.20gb (0),1,,13,"void ch_est::chEstFilterNoDftSOfdmDispatchKernel<float, __half, float, (unsigned int)2>(ch_est::puschRxChEstStatDescr_t *, ch_est::puschRxChEstDynDescr_t *)"
2687678439,2528,117685,103,1,1,128,1,1,16,0.000,0.000,,,,,NVIDIA A100-SXM4-40GB MIG 4g.20gb (0),1,,13,cupy_copy__complex64_complex64
2687696230,12480,117695,1434,1,1,128,1,1,16,0.000,0.000,,,,,NVIDIA A100-SXM4-40GB MIG 4g.20gb (0),1,,13,cupy_copy__complex64_complex64
2687715334,2560,117702,103,1,1,128,1,1,16,0.000,0.000,,,,,NVIDIA A100-SXM4-40GB MIG 4g.20gb (0),1,,13,cupy_copy__complex64_complex64
2687736582,89503,117709,1,1,1,32,32,1,30,0.000,0.000,,,,,NVIDIA A100-SXM4-40GB MIG 4g.20gb (0),1,,13,"void convert_kernel<__half2, float2>(tensor_layout_any, T1 *, tensor_layout_any, const T2 *)"
2687859620,23712,117712,,,,,,,,,,0.094,3951.348,Pinned,Device,NVIDIA A100-SXM4-40GB MIG 4g.20gb (0),1,,13,[CUDA memcpy Host-to-Device]
2687897444,47071,117713,,,,,,,,,,35.810,760745.940,Device,,NVIDIA A100-SXM4-40GB MIG 4g.20gb (0),1,,13,[CUDA memset]
2687950275,9056,117715,,,,,,,,,,0.000,8.834,Pinned,Device,NVIDIA A100-SXM4-40GB MIG 4g.20gb (0),1,,13,[CUDA memcpy Host-to-Device]
2687964323,23584,117716,,,,,,,,,,0.197,8336.376,Pinned,Device,NVIDIA A100-SXM4-40GB MIG 4g.20gb (0),1,,13,[CUDA memcpy Host-to-Device]
2688001123,9248,117717,273,1,1,48,1,1,40,0.000,0.001,,,,,NVIDIA A100-SXM4-40GB MIG 4g.20gb (0),1,,13,"void pusch_noise_intf_est::noiseIntfEstNoDftSOfdmKernel<float, __half, float, float, (unsigned int)2, (unsigned int)1, (unsigned char)4, (unsigned char)4>(pusch_noise_intf_est::puschRxNoiseIntfEstDynDescr)"
2688017378,3328,117728,35,1,1,128,1,1,16,0.000,0.000,,,,,NVIDIA A100-SXM4-40GB MIG 4g.20gb (0),1,,13,cupy_copy__complex64_complex64
2688025922,1952,117737,1,1,1,1,1,1,18,0.000,0.000,,,,,NVIDIA A100-SXM4-40GB MIG 4g.20gb (0),1,,13,cupy_copy__float32_float32
2688030210,2432,117743,,,,,,,,,,0.000,1.645,Device,Pageable,NVIDIA A100-SXM4-40GB MIG 4g.20gb (0),1,,7,[CUDA memcpy Device-to-Host]
2688104033,12896,117754,1434,1,1,128,1,1,16,0.000,0.000,,,,,NVIDIA A100-SXM4-40GB MIG 4g.20gb (0),1,,13,cupy_copy__complex64_complex64
2688130945,2784,117761,103,1,1,128,1,1,16,0.000,0.000,,,,,NVIDIA A100-SXM4-40GB MIG 4g.20gb (0),1,,13,cupy_copy__complex64_complex64
2688152097,2592,117768,35,1,1,128,1,1,16,0.000,0.000,,,,,NVIDIA A100-SXM4-40GB MIG 4g.20gb (0),1,,13,cupy_copy__complex64_complex64
2688167809,1952,117775,1,1,1,1,1,1,18,0.000,0.000,,,,,NVIDIA A100-SXM4-40GB MIG 4g.20gb (0),1,,13,cupy_copy__float32_float32
2688305119,88127,117786,1,1,1,32,32,1,30,0.000,0.000,,,,,NVIDIA A100-SXM4-40GB MIG 4g.20gb (0),1,,13,"void convert_kernel<__half2, float2>(tensor_layout_any, T1 *, tensor_layout_any, const T2 *)"
2688420829,5408,117789,,,,,,,,,,0.094,17325.421,Pinned,Device,NVIDIA A100-SXM4-40GB MIG 4g.20gb (0),1,,13,[CUDA memcpy Host-to-Device]
2688435901,3296,117790,,,,,,,,,,1.547,469242.628,Device,,NVIDIA A100-SXM4-40GB MIG 4g.20gb (0),1,,13,[CUDA memset]
2688441725,3040,117795,,,,,,,,,,0.031,10294.725,Pinned,Device,NVIDIA A100-SXM4-40GB MIG 4g.20gb (0),1,,13,[CUDA memcpy Host-to-Device]
2688447261,9472,117796,,,,,,,,,,0.197,20756.693,Pinned,Device,NVIDIA A100-SXM4-40GB MIG 4g.20gb (0),1,,13,[CUDA memcpy Host-to-Device]
2688461501,8416,117797,273,1,1,8,4,1,39,0.002,0.000,,,,,NVIDIA A100-SXM4-40GB MIG 4g.20gb (0),1,,13,"void channel_eq::eqMmseCoefCompLowMimoKernel<float, float, float, (unsigned int)4, (unsigned int)1, (unsigned int)4>(const channel_eq::_puschRxChEqStatDescr *, channel_eq::_puschRxChEqCoefCompDynDescr)"
2688471837,7360,117798,273,1,1,12,11,1,51,0.002,0.000,,,,,NVIDIA A100-SXM4-40GB MIG 4g.20gb (0),1,,13,"void channel_eq::eqMmseSoftDemapKernel<float, __half, __half, float, (unsigned int)4, (unsigned short)16383>(channel_eq::_puschRxChEqStatDescr *, channel_eq::_puschRxChEqSoftDemapDynDescr)"
2688481565,294812,117799,1,1,1,32,32,1,30,0.000,0.000,,,,,NVIDIA A100-SXM4-40GB MIG 4g.20gb (0),1,,13,"void convert_kernel<float2, __half2>(tensor_layout_any, T1 *, tensor_layout_any, const T2 *)"
2688777593,11104,117811,2253,1,1,128,1,1,16,0.000,0.000,,,,,NVIDIA A100-SXM4-40GB MIG 4g.20gb (0),1,,13,cupy_copy__float16_float16
2688793849,2912,117820,282,1,1,128,1,1,16,0.000,0.000,,,,,NVIDIA A100-SXM4-40GB MIG 4g.20gb (0),1,,13,cupy_copy__complex64_complex64
2688799161,2144,117829,26,1,1,128,1,1,16,0.000,0.000,,,,,NVIDIA A100-SXM4-40GB MIG 4g.20gb (0),1,,13,cupy_copy__float32_float32
2688802937,4608,117838,103,1,1,128,1,1,16,0.000,0.000,,,,,NVIDIA A100-SXM4-40GB MIG 4g.20gb (0),1,,13,cupy_copy__complex64_complex64
2688809401,11968,117848,1434,1,1,128,1,1,16,0.000,0.000,,,,,NVIDIA A100-SXM4-40GB MIG 4g.20gb (0),1,,13,cupy_copy__complex64_complex64
2688825432,81919,117853,1,1,1,32,32,1,30,0.000,0.000,,,,,NVIDIA A100-SXM4-40GB MIG 4g.20gb (0),1,,13,"void convert_kernel<__half2, float2>(tensor_layout_any, T1 *, tensor_layout_any, const T2 *)"
2688934295,5696,117856,,,,,,,,,,0.094,16449.363,Pinned,Device,NVIDIA A100-SXM4-40GB MIG 4g.20gb (0),1,,13,[CUDA memcpy Host-to-Device]
2688944151,596857,117857,,,,,,,,,,456.561,764740.412,Device,,NVIDIA A100-SXM4-40GB MIG 4g.20gb (0),1,,13,[CUDA memset]
2689546736,150750,117862,,,,,,,,,,1.235,8191.384,Pinned,Device,NVIDIA A100-SXM4-40GB MIG 4g.20gb (0),1,,13,[CUDA memcpy Host-to-Device]
2689713070,42623,117863,,,,,,,,,,0.197,4612.620,Pinned,Device,NVIDIA A100-SXM4-40GB MIG 4g.20gb (0),1,,13,[CUDA memcpy Host-to-Device]
2689778413,8320,117864,69,4,1,48,1,1,76,0.002,0.000,,,,,NVIDIA A100-SXM4-40GB MIG 4g.20gb (0),1,,13,"void ch_est::windowedChEstPreNoDftSOfdmKernel<float, __half, float, (unsigned int)2, (unsigned int)1, (unsigned short)4>(ch_est::puschRxChEstStatDescr_t *, ch_est::puschRxChEstDynDescr_t *)"
2689793165,6623,117865,137,2,1,24,2,1,44,0.001,0.001,,,,,NVIDIA A100-SXM4-40GB MIG 4g.20gb (0),1,,13,"void ch_est::chEstFilterNoDftSOfdmDispatchKernel<float, __half, float, (unsigned int)2>(ch_est::puschRxChEstStatDescr_t *, ch_est::puschRxChEstDynDescr_t *)"
2689805932,4704,117866,137,2,1,24,2,1,44,0.001,0.001,,,,,NVIDIA A100-SXM4-40GB MIG 4g.20gb (0),1,,13,"void ch_est::chEstFilterNoDftSOfdmDispatchKernel<float, __half, float, (unsigned int)2>(ch_est::puschRxChEstStatDescr_t *, ch_est::puschRxChEstDynDescr_t *)"
2689820716,2624,117877,103,1,1,128,1,1,16,0.000,0.000,,,,,NVIDIA A100-SXM4-40GB MIG 4g.20gb (0),1,,13,cupy_copy__complex64_complex64
2689833676,12640,117887,1434,1,1,128,1,1,16,0.000,0.000,,,,,NVIDIA A100-SXM4-40GB MIG 4g.20gb (0),1,,13,cupy_copy__complex64_complex64
2689850060,2496,117894,103,1,1,128,1,1,16,0.000,0.000,,,,,NVIDIA A100-SXM4-40GB MIG 4g.20gb (0),1,,13,cupy_copy__complex64_complex64
2689860972,86399,117901,1,1,1,32,32,1,30,0.000,0.000,,,,,NVIDIA A100-SXM4-40GB MIG 4g.20gb (0),1,,13,"void convert_kernel<__half2, float2>(tensor_layout_any, T1 *, tensor_layout_any, const T2 *)"
2689977738,17760,117904,,,,,,,,,,0.094,5275.647,Pinned,Device,NVIDIA A100-SXM4-40GB MIG 4g.20gb (0),1,,13,[CUDA memcpy Host-to-Device]
2690019114,47359,117905,,,,,,,,,,35.810,756126.461,Device,,NVIDIA A100-SXM4-40GB MIG 4g.20gb (0),1,,13,[CUDA memset]
2690073769,9664,117907,,,,,,,,,,0.000,8.278,Pinned,Device,NVIDIA A100-SXM4-40GB MIG 4g.20gb (0),1,,13,[CUDA memcpy Host-to-Device]
2690094569,25727,117908,,,,,,,,,,0.197,7641.956,Pinned,Device,NVIDIA A100-SXM4-40GB MIG 4g.20gb (0),1,,13,[CUDA memcpy Host-to-Device]
2690144712,9792,117909,273,1,1,48,1,1,40,0.000,0.001,,,,,NVIDIA A100-SXM4-40GB MIG 4g.20gb (0),1,,13,"void pusch_noise_intf_est::noiseIntfEstNoDftSOfdmKernel<float, __half, float, float, (unsigned int)2, (unsigned int)1, (unsigned char)4, (unsigned char)4>(pusch_noise_intf_est::puschRxNoiseIntfEstDynDescr)"
2690160744,2784,117920,35,1,1,128,1,1,16,0.000,0.000,,,,,NVIDIA A100-SXM4-40GB MIG 4g.20gb (0),1,,13,cupy_copy__complex64_complex64
2690176232,1696,117929,1,1,1,1,1,1,18,0.000,0.000,,,,,NVIDIA A100-SXM4-40GB MIG 4g.20gb (0),1,,13,cupy_copy__float32_float32
2690185384,6560,117935,,,,,,,,,,0.000,0.610,Device,Pageable,NVIDIA A100-SXM4-40GB MIG 4g.20gb (0),1,,7,[CUDA memcpy Device-to-Host]
2690282374,12768,117946,1434,1,1,128,1,1,16,0.000,0.000,,,,,NVIDIA A100-SXM4-40GB MIG 4g.20gb (0),1,,13,cupy_copy__complex64_complex64
2690301382,3552,117953,103,1,1,128,1,1,16,0.000,0.000,,,,,NVIDIA A100-SXM4-40GB MIG 4g.20gb (0),1,,13,cupy_copy__complex64_complex64
2690316038,2560,117960,35,1,1,128,1,1,16,0.000,0.000,,,,,NVIDIA A100-SXM4-40GB MIG 4g.20gb (0),1,,13,cupy_copy__complex64_complex64
2690339782,1760,117967,1,1,1,1,1,1,18,0.000,0.000,,,,,NVIDIA A100-SXM4-40GB MIG 4g.20gb (0),1,,13,cupy_copy__float32_float32
2690470852,89983,117978,1,1,1,32,32,1,30,0.000,0.000,,,,,NVIDIA A100-SXM4-40GB MIG 4g.20gb (0),1,,13,"void convert_kernel<__half2, float2>(tensor_layout_any, T1 *, tensor_layout_any, const T2 *)"
2690589443,6112,117981,,,,,,,,,,0.094,15329.790,Pinned,Device,NVIDIA A100-SXM4-40GB MIG 4g.20gb (0),1,,13,[CUDA memcpy Host-to-Device]
2690608994,3392,117982,,,,,,,,,,1.547,455961.768,Device,,NVIDIA A100-SXM4-40GB MIG 4g.20gb (0),1,,13,[CUDA memset]
2690618530,6016,117987,,,,,,,,,,0.031,5202.115,Pinned,Device,NVIDIA A100-SXM4-40GB MIG 4g.20gb (0),1,,13,[CUDA memcpy Host-to-Device]
2690631586,13792,117988,,,,,,,,,,0.197,14255.063,Pinned,Device,NVIDIA A100-SXM4-40GB MIG 4g.20gb (0),1,,13,[CUDA memcpy Host-to-Device]
2690657058,7136,117989,273,1,1,8,4,1,39,0.002,0.000,,,,,NVIDIA A100-SXM4-40GB MIG 4g.20gb (0),1,,13,"void channel_eq::eqMmseCoefCompLowMimoKernel<float, float, float, (unsigned int)4, (unsigned int)1, (unsigned int)4>(const channel_eq::_puschRxChEqStatDescr *, channel_eq::_puschRxChEqCoefCompDynDescr)"
2690674050,6016,117990,273,1,1,12,11,1,51,0.002,0.000,,,,,NVIDIA A100-SXM4-40GB MIG 4g.20gb (0),1,,13,"void channel_eq::eqMmseSoftDemapKernel<float, __half, __half, float, (unsigned int)4, (unsigned short)16383>(channel_eq::_puschRxChEqStatDescr *, channel_eq::_puschRxChEqSoftDemapDynDescr)"
2690683362,282844,117991,1,1,1,32,32,1,30,0.000,0.000,,,,,NVIDIA A100-SXM4-40GB MIG 4g.20gb (0),1,,13,"void convert_kernel<float2, __half2>(tensor_layout_any, T1 *, tensor_layout_any, const T2 *)"
2690967166,10944,118003,2253,1,1,128,1,1,16,0.000,0.000,,,,,NVIDIA A100-SXM4-40GB MIG 4g.20gb (0),1,,13,cupy_copy__float16_float16
2690980286,3328,118012,282,1,1,128,1,1,16,0.000,0.000,,,,,NVIDIA A100-SXM4-40GB MIG 4g.20gb (0),1,,13,cupy_copy__complex64_complex64
2690985374,2112,118021,26,1,1,128,1,1,16,0.000,0.000,,,,,NVIDIA A100-SXM4-40GB MIG 4g.20gb (0),1,,13,cupy_copy__float32_float32
2690989886,3488,118030,103,1,1,128,1,1,16,0.000,0.000,,,,,NVIDIA A100-SXM4-40GB MIG 4g.20gb (0),1,,13,cupy_copy__complex64_complex64
2690997086,12223,118040,1434,1,1,128,1,1,16,0.000,0.000,,,,,NVIDIA A100-SXM4-40GB MIG 4g.20gb (0),1,,13,cupy_copy__complex64_complex64
2691013373,84767,118045,1,1,1,32,32,1,30,0.000,0.000,,,,,NVIDIA A100-SXM4-40GB MIG 4g.20gb (0),1,,13,"void convert_kernel<__half2, float2>(tensor_layout_any, T1 *, tensor_layout_any, const T2 *)"
2691125980,5952,118048,,,,,,,,,,0.094,15741.865,Pinned,Device,NVIDIA A100-SXM4-40GB MIG 4g.20gb (0),1,,13,[CUDA memcpy Host-to-Device]
2691135612,600761,118049,,,,,,,,,,456.561,759718.236,Device,,NVIDIA A100-SXM4-40GB MIG 4g.20gb (0),1,,13,[CUDA memset]
2691737140,71552,118054,,,,,,,,,,1.235,17258.342,Pinned,Device,NVIDIA A100-SXM4-40GB MIG 4g.20gb (0),1,,13,[CUDA memcpy Host-to-Device]
2691815252,16991,118055,,,,,,,,,,0.197,11571.167,Pinned,Device,NVIDIA A100-SXM4-40GB MIG 4g.20gb (0),1,,13,[CUDA memcpy Host-to-Device]
2691845587,8160,118056,69,4,1,48,1,1,76,0.002,0.000,,,,,NVIDIA A100-SXM4-40GB MIG 4g.20gb (0),1,,13,"void ch_est::windowedChEstPreNoDftSOfdmKernel<float, __half, float, (unsigned int)2, (unsigned int)1, (unsigned short)4>(ch_est::puschRxChEstStatDescr_t *, ch_est::puschRxChEstDynDescr_t *)"
2691861171,6720,118057,137,2,1,24,2,1,44,0.001,0.001,,,,,NVIDIA A100-SXM4-40GB MIG 4g.20gb (0),1,,13,"void ch_est::chEstFilterNoDftSOfdmDispatchKernel<float, __half, float, (unsigned int)2>(ch_est::puschRxChEstStatDescr_t *, ch_est::puschRxChEstDynDescr_t *)"
2691870419,5024,118058,137,2,1,24,2,1,44,0.001,0.001,,,,,NVIDIA A100-SXM4-40GB MIG 4g.20gb (0),1,,13,"void ch_est::chEstFilterNoDftSOfdmDispatchKernel<float, __half, float, (unsigned int)2>(ch_est::puschRxChEstStatDescr_t *, ch_est::puschRxChEstDynDescr_t *)"
2691877939,3200,118069,103,1,1,128,1,1,16,0.000,0.000,,,,,NVIDIA A100-SXM4-40GB MIG 4g.20gb (0),1,,13,cupy_copy__complex64_complex64
2691885619,12576,118079,1434,1,1,128,1,1,16,0.000,0.000,,,,,NVIDIA A100-SXM4-40GB MIG 4g.20gb (0),1,,13,cupy_copy__complex64_complex64
2691900946,2656,118086,103,1,1,128,1,1,16,0.000,0.000,,,,,NVIDIA A100-SXM4-40GB MIG 4g.20gb (0),1,,13,cupy_copy__complex64_complex64
2691910802,83647,118093,1,1,1,32,32,1,30,0.000,0.000,,,,,NVIDIA A100-SXM4-40GB MIG 4g.20gb (0),1,,13,"void convert_kernel<__half2, float2>(tensor_layout_any, T1 *, tensor_layout_any, const T2 *)"
2692021745,10528,118096,,,,,,,,,,0.094,8899.621,Pinned,Device,NVIDIA A100-SXM4-40GB MIG 4g.20gb (0),1,,13,[CUDA memcpy Host-to-Device]
2692041521,47711,118097,,,,,,,,,,35.810,750540.113,Device,,NVIDIA A100-SXM4-40GB MIG 4g.20gb (0),1,,13,[CUDA memset]
2692096144,3456,118099,,,,,,,,,,0.000,23.148,Pinned,Device,NVIDIA A100-SXM4-40GB MIG 4g.20gb (0),1,,13,[CUDA memcpy Host-to-Device]
2692105584,25184,118100,,,,,,,,,,0.197,7806.714,Pinned,Device,NVIDIA A100-SXM4-40GB MIG 4g.20gb (0),1,,13,[CUDA memcpy Host-to-Device]
2692141327,9184,118101,273,1,1,48,1,1,40,0.000,0.001,,,,,NVIDIA A100-SXM4-40GB MIG 4g.20gb (0),1,,13,"void pusch_noise_intf_est::noiseIntfEstNoDftSOfdmKernel<float, __half, float, float, (unsigned int)2, (unsigned int)1, (unsigned char)4, (unsigned char)4>(pusch_noise_intf_est::puschRxNoiseIntfEstDynDescr)"
2692160463,2592,118112,35,1,1,128,1,1,16,0.000,0.000,,,,,NVIDIA A100-SXM4-40GB MIG 4g.20gb (0),1,,13,cupy_copy__complex64_complex64
2692170095,1760,118121,1,1,1,1,1,1,18,0.000,0.000,,,,,NVIDIA A100-SXM4-40GB MIG 4g.20gb (0),1,,13,cupy_copy__float32_float32
2692181199,2176,118127,,,,,,,,,,0.000,1.838,Device,Pageable,NVIDIA A100-SXM4-40GB MIG 4g.20gb (0),1,,7,[CUDA memcpy Device-to-Host]
2692248654,12672,118138,1434,1,1,128,1,1,16,0.000,0.000,,,,,NVIDIA A100-SXM4-40GB MIG 4g.20gb (0),1,,13,cupy_copy__complex64_complex64
2692273102,3040,118145,103,1,1,128,1,1,16,0.000,0.000,,,,,NVIDIA A100-SXM4-40GB MIG 4g.20gb (0),1,,13,cupy_copy__complex64_complex64
2692294446,2176,118152,35,1,1,128,1,1,16,0.000,0.000,,,,,NVIDIA A100-SXM4-40GB MIG 4g.20gb (0),1,,13,cupy_copy__complex64_complex64
2692312781,1888,118159,1,1,1,1,1,1,18,0.000,0.000,,,,,NVIDIA A100-SXM4-40GB MIG 4g.20gb (0),1,,13,cupy_copy__float32_float32
2692444236,86303,118170,1,1,1,32,32,1,30,0.000,0.000,,,,,NVIDIA A100-SXM4-40GB MIG 4g.20gb (0),1,,13,"void convert_kernel<__half2, float2>(tensor_layout_any, T1 *, tensor_layout_any, const T2 *)"
2692558538,5760,118173,,,,,,,,,,0.094,16266.656,Pinned,Device,NVIDIA A100-SXM4-40GB MIG 4g.20gb (0),1,,13,[CUDA memcpy Host-to-Device]
2692574602,3232,118174,,,,,,,,,,1.547,478533.199,Device,,NVIDIA A100-SXM4-40GB MIG 4g.20gb (0),1,,13,[CUDA memset]
2692580010,3360,118179,,,,,,,,,,0.031,9314.284,Pinned,Device,NVIDIA A100-SXM4-40GB MIG 4g.20gb (0),1,,13,[CUDA memcpy Host-to-Device]
2692586250,10304,118180,,,,,,,,,,0.197,19080.610,Pinned,Device,NVIDIA A100-SXM4-40GB MIG 4g.20gb (0),1,,13,[CUDA memcpy Host-to-Device]
2692603946,5952,118181,273,1,1,8,4,1,39,0.002,0.000,,,,,NVIDIA A100-SXM4-40GB MIG 4g.20gb (0),1,,13,"void channel_eq::eqMmseCoefCompLowMimoKernel<float, float, float, (unsigned int)4, (unsigned int)1, (unsigned int)4>(const channel_eq::_puschRxChEqStatDescr *, channel_eq::_puschRxChEqCoefCompDynDescr)"
2692611498,6816,118182,273,1,1,12,11,1,51,0.002,0.000,,,,,NVIDIA A100-SXM4-40GB MIG 4g.20gb (0),1,,13,"void channel_eq::eqMmseSoftDemapKernel<float, __half, __half, float, (unsigned int)4, (unsigned short)16383>(channel_eq::_puschRxChEqStatDescr *, channel_eq::_puschRxChEqSoftDemapDynDescr)"
2692619402,294428,118183,1,1,1,32,32,1,30,0.000,0.000,,,,,NVIDIA A100-SXM4-40GB MIG 4g.20gb (0),1,,13,"void convert_kernel<float2, __half2>(tensor_layout_any, T1 *, tensor_layout_any, const T2 *)"
2692914854,10912,118195,2253,1,1,128,1,1,16,0.000,0.000,,,,,NVIDIA A100-SXM4-40GB MIG 4g.20gb (0),1,,13,cupy_copy__float16_float16
2692928358,3680,118204,282,1,1,128,1,1,16,0.000,0.000,,,,,NVIDIA A100-SXM4-40GB MIG 4g.20gb (0),1,,13,cupy_copy__complex64_complex64
2692935174,1984,118213,26,1,1,128,1,1,16,0.000,0.000,,,,,NVIDIA A100-SXM4-40GB MIG 4g.20gb (0),1,,13,cupy_copy__float32_float32
2692939974,2976,118222,103,1,1,128,1,1,16,0.000,0.000,,,,,NVIDIA A100-SXM4-40GB MIG 4g.20gb (0),1,,13,cupy_copy__complex64_complex64
2692944038,12159,118232,1434,1,1,128,1,1,16,0.000,0.000,,,,,NVIDIA A100-SXM4-40GB MIG 4g.20gb (0),1,,13,cupy_copy__complex64_complex64
2692960677,87967,118237,1,1,1,32,32,1,30,0.000,0.000,,,,,NVIDIA A100-SXM4-40GB MIG 4g.20gb (0),1,,13,"void convert_kernel<__half2, float2>(tensor_layout_any, T1 *, tensor_layout_any, const T2 *)"
2693076100,5888,118240,,,,,,,,,,0.094,15912.954,Pinned,Device,NVIDIA A100-SXM4-40GB MIG 4g.20gb (0),1,,13,[CUDA memcpy Host-to-Device]
2693086116,598968,118241,,,,,,,,,,456.561,762001.043,Device,,NVIDIA A100-SXM4-40GB MIG 4g.20gb (0),1,,13,[CUDA memset]
2693691260,175422,118246,,,,,,,,,,1.235,7039.181,Pinned,Device,NVIDIA A100-SXM4-40GB MIG 4g.20gb (0),1,,13,[CUDA memcpy Host-to-Device]
2693877082,29088,118247,,,,,,,,,,0.197,6758.990,Pinned,Device,NVIDIA A100-SXM4-40GB MIG 4g.20gb (0),1,,13,[CUDA memcpy Host-to-Device]
2693925049,8224,118248,69,4,1,48,1,1,76,0.002,0.000,,,,,NVIDIA A100-SXM4-40GB MIG 4g.20gb (0),1,,13,"void ch_est::windowedChEstPreNoDftSOfdmKernel<float, __half, float, (unsigned int)2, (unsigned int)1, (unsigned short)4>(ch_est::puschRxChEstStatDescr_t *, ch_est::puschRxChEstDynDescr_t *)"
2693935193,6368,118249,137,2,1,24,2,1,44,0.001,0.001,,,,,NVIDIA A100-SXM4-40GB MIG 4g.20gb (0),1,,13,"void ch_est::chEstFilterNoDftSOfdmDispatchKernel<float, __half, float, (unsigned int)2>(ch_est::puschRxChEstStatDescr_t *, ch_est::puschRxChEstDynDescr_t *)"
2693943353,5248,118250,137,2,1,24,2,1,44,0.001,0.001,,,,,NVIDIA A100-SXM4-40GB MIG 4g.20gb (0),1,,13,"void ch_est::chEstFilterNoDftSOfdmDispatchKernel<float, __half, float, (unsigned int)2>(ch_est::puschRxChEstStatDescr_t *, ch_est::puschRxChEstDynDescr_t *)"
2693953273,3040,118261,103,1,1,128,1,1,16,0.000,0.000,,,,,NVIDIA A100-SXM4-40GB MIG 4g.20gb (0),1,,13,cupy_copy__complex64_complex64
2693961273,12928,118271,1434,1,1,128,1,1,16,0.000,0.000,,,,,NVIDIA A100-SXM4-40GB MIG 4g.20gb (0),1,,13,cupy_copy__complex64_complex64
2693976153,2528,118278,103,1,1,128,1,1,16,0.000,0.000,,,,,NVIDIA A100-SXM4-40GB MIG 4g.20gb (0),1,,13,cupy_copy__complex64_complex64
2693983897,83967,118285,1,1,1,32,32,1,30,0.000,0.000,,,,,NVIDIA A100-SXM4-40GB MIG 4g.20gb (0),1,,13,"void convert_kernel<__half2, float2>(tensor_layout_any, T1 *, tensor_layout_any, const T2 *)"
2694096023,10272,118288,,,,,,,,,,0.094,9121.493,Pinned,Device,NVIDIA A100-SXM4-40GB MIG 4g.20gb (0),1,,13,[CUDA memcpy Host-to-Device]
2694114679,48064,118289,,,,,,,,,,35.810,745025.386,Device,,NVIDIA A100-SXM4-40GB MIG 4g.20gb (0),1,,13,[CUDA memset]
2694164022,9216,118291,,,,,,,,,,0.000,8.680,Pinned,Device,NVIDIA A100-SXM4-40GB MIG 4g.20gb (0),1,,13,[CUDA memcpy Host-to-Device]
2694178518,18784,118292,,,,,,,,,,0.197,10466.623,Pinned,Device,NVIDIA A100-SXM4-40GB MIG 4g.20gb (0),1,,13,[CUDA memcpy Host-to-Device]
2694215190,9728,118293,273,1,1,48,1,1,40,0.000,0.001,,,,,NVIDIA A100-SXM4-40GB MIG 4g.20gb (0),1,,13,"void pusch_noise_intf_est::noiseIntfEstNoDftSOfdmKernel<float, __half, float, float, (unsigned int)2, (unsigned int)1, (unsigned char)4, (unsigned char)4>(pusch_noise_intf_est::puschRxNoiseIntfEstDynDescr)"
2694235542,2784,118304,35,1,1,128,1,1,16,0.000,0.000,,,,,NVIDIA A100-SXM4-40GB MIG 4g.20gb (0),1,,13,cupy_copy__complex64_complex64
2694246165,1696,118313,1,1,1,1,1,1,18,0.000,0.000,,,,,NVIDIA A100-SXM4-40GB MIG 4g.20gb (0),1,,13,cupy_copy__float32_float32
2694255413,5632,118319,,,,,,,,,,0.000,0.710,Device,Pageable,NVIDIA A100-SXM4-40GB MIG 4g.20gb (0),1,,7,[CUDA memcpy Device-to-Host]
2694334516,13216,118330,1434,1,1,128,1,1,16,0.000,0.000,,,,,NVIDIA A100-SXM4-40GB MIG 4g.20gb (0),1,,13,cupy_copy__complex64_complex64
2694359732,3040,118337,103,1,1,128,1,1,16,0.000,0.000,,,,,NVIDIA A100-SXM4-40GB MIG 4g.20gb (0),1,,13,cupy_copy__complex64_complex64
2694381940,2304,118344,35,1,1,128,1,1,16,0.000,0.000,,,,,NVIDIA A100-SXM4-40GB MIG 4g.20gb (0),1,,13,cupy_copy__complex64_complex64
2694403892,1760,118351,1,1,1,1,1,1,18,0.000,0.000,,,,,NVIDIA A100-SXM4-40GB MIG 4g.20gb (0),1,,13,cupy_copy__float32_float32
2694524690,87711,118362,1,1,1,32,32,1,30,0.000,0.000,,,,,NVIDIA A100-SXM4-40GB MIG 4g.20gb (0),1,,13,"void convert_kernel<__half2, float2>(tensor_layout_any, T1 *, tensor_layout_any, const T2 *)"
2694640721,5440,118365,,,,,,,,,,0.094,17223.480,Pinned,Device,NVIDIA A100-SXM4-40GB MIG 4g.20gb (0),1,,13,[CUDA memcpy Host-to-Device]
2694655376,3328,118366,,,,,,,,,,1.547,464729.580,Device,,NVIDIA A100-SXM4-40GB MIG 4g.20gb (0),1,,13,[CUDA memset]
2694662192,3008,118371,,,,,,,,,,0.031,10404.230,Pinned,Device,NVIDIA A100-SXM4-40GB MIG 4g.20gb (0),1,,13,[CUDA memcpy Host-to-Device]
2694668432,9376,118372,,,,,,,,,,0.197,20969.226,Pinned,Device,NVIDIA A100-SXM4-40GB MIG 4g.20gb (0),1,,13,[CUDA memcpy Host-to-Device]
2694683504,5824,118373,273,1,1,8,4,1,39,0.002,0.000,,,,,NVIDIA A100-SXM4-40GB MIG 4g.20gb (0),1,,13,"void channel_eq::eqMmseCoefCompLowMimoKernel<float, float, float, (unsigned int)4, (unsigned int)1, (unsigned int)4>(const channel_eq::_puschRxChEqStatDescr *, channel_eq::_puschRxChEqCoefCompDynDescr)"
2694693040,6176,118374,273,1,1,12,11,1,51,0.002,0.000,,,,,NVIDIA A100-SXM4-40GB MIG 4g.20gb (0),1,,13,"void channel_eq::eqMmseSoftDemapKernel<float, __half, __half, float, (unsigned int)4, (unsigned short)16383>(channel_eq::_puschRxChEqStatDescr *, channel_eq::_puschRxChEqSoftDemapDynDescr)"
2694700208,282620,118375,1,1,1,32,32,1,30,0.000,0.000,,,,,NVIDIA A100-SXM4-40GB MIG 4g.20gb (0),1,,13,"void convert_kernel<float2, __half2>(tensor_layout_any, T1 *, tensor_layout_any, const T2 *)"
2694985068,11136,118387,2253,1,1,128,1,1,16,0.000,0.000,,,,,NVIDIA A100-SXM4-40GB MIG 4g.20gb (0),1,,13,cupy_copy__float16_float16
2694999724,3072,118396,282,1,1,128,1,1,16,0.000,0.000,,,,,NVIDIA A100-SXM4-40GB MIG 4g.20gb (0),1,,13,cupy_copy__complex64_complex64
2695004076,2112,118405,26,1,1,128,1,1,16,0.000,0.000,,,,,NVIDIA A100-SXM4-40GB MIG 4g.20gb (0),1,,13,cupy_copy__float32_float32
2695009100,3296,118414,103,1,1,128,1,1,16,0.000,0.000,,,,,NVIDIA A100-SXM4-40GB MIG 4g.20gb (0),1,,13,cupy_copy__complex64_complex64
2695015564,12224,118424,1434,1,1,128,1,1,16,0.000,0.000,,,,,NVIDIA A100-SXM4-40GB MIG 4g.20gb (0),1,,13,cupy_copy__complex64_complex64
2695042188,86783,118429,1,1,1,32,32,1,30,0.000,0.000,,,,,NVIDIA A100-SXM4-40GB MIG 4g.20gb (0),1,,13,"void convert_kernel<__half2, float2>(tensor_layout_any, T1 *, tensor_layout_any, const T2 *)"
2695156170,5664,118432,,,,,,,,,,0.094,16542.310,Pinned,Device,NVIDIA A100-SXM4-40GB MIG 4g.20gb (0),1,,13,[CUDA memcpy Host-to-Device]
2695166218,597625,118433,,,,,,,,,,456.561,763827.289,Device,,NVIDIA A100-SXM4-40GB MIG 4g.20gb (0),1,,13,[CUDA memset]
2695772963,144734,118438,,,,,,,,,,1.235,8532.228,Pinned,Device,NVIDIA A100-SXM4-40GB MIG 4g.20gb (0),1,,13,[CUDA memcpy Host-to-Device]
2695925217,32703,118439,,,,,,,,,,0.197,6011.879,Pinned,Device,NVIDIA A100-SXM4-40GB MIG 4g.20gb (0),1,,13,[CUDA memcpy Host-to-Device]
2695973408,8000,118440,69,4,1,48,1,1,76,0.002,0.000,,,,,NVIDIA A100-SXM4-40GB MIG 4g.20gb (0),1,,13,"void ch_est::windowedChEstPreNoDftSOfdmKernel<float, __half, float, (unsigned int)2, (unsigned int)1, (unsigned short)4>(ch_est::puschRxChEstStatDescr_t *, ch_est::puschRxChEstDynDescr_t *)"
2695991680,6976,118441,137,2,1,24,2,1,44,0.001,0.001,,,,,NVIDIA A100-SXM4-40GB MIG 4g.20gb (0),1,,13,"void ch_est::chEstFilterNoDftSOfdmDispatchKernel<float, __half, float, (unsigned int)2>(ch_est::puschRxChEstStatDescr_t *, ch_est::puschRxChEstDynDescr_t *)"
2696004256,4736,118442,137,2,1,24,2,1,44,0.001,0.001,,,,,NVIDIA A100-SXM4-40GB MIG 4g.20gb (0),1,,13,"void ch_est::chEstFilterNoDftSOfdmDispatchKernel<float, __half, float, (unsigned int)2>(ch_est::puschRxChEstStatDescr_t *, ch_est::puschRxChEstDynDescr_t *)"
2696017088,2528,118453,103,1,1,128,1,1,16,0.000,0.000,,,,,NVIDIA A100-SXM4-40GB MIG 4g.20gb (0),1,,13,cupy_copy__complex64_complex64
2696032767,12608,118463,1434,1,1,128,1,1,16,0.000,0.000,,,,,NVIDIA A100-SXM4-40GB MIG 4g.20gb (0),1,,13,cupy_copy__complex64_complex64
2696066847,2528,118470,103,1,1,128,1,1,16,0.000,0.000,,,,,NVIDIA A100-SXM4-40GB MIG 4g.20gb (0),1,,13,cupy_copy__complex64_complex64
2696081663,85183,118477,1,1,1,32,32,1,30,0.000,0.000,,,,,NVIDIA A100-SXM4-40GB MIG 4g.20gb (0),1,,13,"void convert_kernel<__half2, float2>(tensor_layout_any, T1 *, tensor_layout_any, const T2 *)"
2696195293,5792,118480,,,,,,,,,,0.094,16176.708,Pinned,Device,NVIDIA A100-SXM4-40GB MIG 4g.20gb (0),1,,13,[CUDA memcpy Host-to-Device]
2696207997,48096,118481,,,,,,,,,,35.810,744524.047,Device,,NVIDIA A100-SXM4-40GB MIG 4g.20gb (0),1,,13,[CUDA memset]
2696261725,4000,118483,,,,,,,,,,0.000,20.000,Pinned,Device,NVIDIA A100-SXM4-40GB MIG 4g.20gb (0),1,,13,[CUDA memcpy Host-to-Device]
2696271004,13536,118484,,,,,,,,,,0.197,14524.809,Pinned,Device,NVIDIA A100-SXM4-40GB MIG 4g.20gb (0),1,,13,[CUDA memcpy Host-to-Device]
2696295964,10688,118485,273,1,1,48,1,1,40,0.000,0.001,,,,,NVIDIA A100-SXM4-40GB MIG 4g.20gb (0),1,,13,"void pusch_noise_intf_est::noiseIntfEstNoDftSOfdmKernel<float, __half, float, float, (unsigned int)2, (unsigned int)1, (unsigned char)4, (unsigned char)4>(pusch_noise_intf_est::puschRxNoiseIntfEstDynDescr)"
2696311324,3008,118496,35,1,1,128,1,1,16,0.000,0.000,,,,,NVIDIA A100-SXM4-40GB MIG 4g.20gb (0),1,,13,cupy_copy__complex64_complex64
2696317020,1856,118505,1,1,1,1,1,1,18,0.000,0.000,,,,,NVIDIA A100-SXM4-40GB MIG 4g.20gb (0),1,,13,cupy_copy__float32_float32
2696346588,1631,118511,,,,,,,,,,0.000,2.452,Device,Pageable,NVIDIA A100-SXM4-40GB MIG 4g.20gb (0),1,,7,[CUDA memcpy Device-to-Host]
2696407259,13024,118522,1434,1,1,128,1,1,16,0.000,0.000,,,,,NVIDIA A100-SXM4-40GB MIG 4g.20gb (0),1,,13,cupy_copy__complex64_complex64
2696433370,2944,118529,103,1,1,128,1,1,16,0.000,0.000,,,,,NVIDIA A100-SXM4-40GB MIG 4g.20gb (0),1,,13,cupy_copy__complex64_complex64
2696453434,2144,118536,35,1,1,128,1,1,16,0.000,0.000,,,,,NVIDIA A100-SXM4-40GB MIG 4g.20gb (0),1,,13,cupy_copy__complex64_complex64
2696470842,1760,118543,1,1,1,1,1,1,18,0.000,0.000,,,,,NVIDIA A100-SXM4-40GB MIG 4g.20gb (0),1,,13,cupy_copy__float32_float32
2696603160,87743,118554,1,1,1,32,32,1,30,0.000,0.000,,,,,NVIDIA A100-SXM4-40GB MIG 4g.20gb (0),1,,13,"void convert_kernel<__half2, float2>(tensor_layout_any, T1 *, tensor_layout_any, const T2 *)"
2696718359,5600,118557,,,,,,,,,,0.094,16731.388,Pinned,Device,NVIDIA A100-SXM4-40GB MIG 4g.20gb (0),1,,13,[CUDA memcpy Host-to-Device]
2696732503,3296,118558,,,,,,,,,,1.547,469242.628,Device,,NVIDIA A100-SXM4-40GB MIG 4g.20gb (0),1,,13,[CUDA memset]
2696739831,3040,118563,,,,,,,,,,0.031,10294.725,Pinned,Device,NVIDIA A100-SXM4-40GB MIG 4g.20gb (0),1,,13,[CUDA memcpy Host-to-Device]
2696745303,9727,118564,,,,,,,,,,0.197,20212.482,Pinned,Device,NVIDIA A100-SXM4-40GB MIG 4g.20gb (0),1,,13,[CUDA memcpy Host-to-Device]
2696761174,6528,118565,273,1,1,8,4,1,39,0.002,0.000,,,,,NVIDIA A100-SXM4-40GB MIG 4g.20gb (0),1,,13,"void channel_eq::eqMmseCoefCompLowMimoKernel<float, float, float, (unsigned int)4, (unsigned int)1, (unsigned int)4>(const channel_eq::_puschRxChEqStatDescr *, channel_eq::_puschRxChEqCoefCompDynDescr)"
2696769078,5792,118566,273,1,1,12,11,1,51,0.002,0.000,,,,,NVIDIA A100-SXM4-40GB MIG 4g.20gb (0),1,,13,"void channel_eq::eqMmseSoftDemapKernel<float, __half, __half, float, (unsigned int)4, (unsigned short)16383>(channel_eq::_puschRxChEqStatDescr *, channel_eq::_puschRxChEqSoftDemapDynDescr)"
2696775830,294877,118567,1,1,1,32,32,1,30,0.000,0.000,,,,,NVIDIA A100-SXM4-40GB MIG 4g.20gb (0),1,,13,"void convert_kernel<float2, __half2>(tensor_layout_any, T1 *, tensor_layout_any, const T2 *)"
2697071827,11071,118579,2253,1,1,128,1,1,16,0.000,0.000,,,,,NVIDIA A100-SXM4-40GB MIG 4g.20gb (0),1,,13,cupy_copy__float16_float16
2697086834,3520,118588,282,1,1,128,1,1,16,0.000,0.000,,,,,NVIDIA A100-SXM4-40GB MIG 4g.20gb (0),1,,13,cupy_copy__complex64_complex64
2697093362,2304,118597,26,1,1,128,1,1,16,0.000,0.000,,,,,NVIDIA A100-SXM4-40GB MIG 4g.20gb (0),1,,13,cupy_copy__float32_float32
2697097266,2880,118606,103,1,1,128,1,1,16,0.000,0.000,,,,,NVIDIA A100-SXM4-40GB MIG 4g.20gb (0),1,,13,cupy_copy__complex64_complex64
2697101298,12288,118616,1434,1,1,128,1,1,16,0.000,0.000,,,,,NVIDIA A100-SXM4-40GB MIG 4g.20gb (0),1,,13,cupy_copy__complex64_complex64
2697118098,82495,118621,1,1,1,32,32,1,30,0.000,0.000,,,,,NVIDIA A100-SXM4-40GB MIG 4g.20gb (0),1,,13,"void convert_kernel<__half2, float2>(tensor_layout_any, T1 *, tensor_layout_any, const T2 *)"
2697227249,5504,118624,,,,,,,,,,0.094,17023.251,Pinned,Device,NVIDIA A100-SXM4-40GB MIG 4g.20gb (0),1,,13,[CUDA memcpy Host-to-Device]
2697237169,597144,118625,,,,,,,,,,456.561,764283.851,Device,,NVIDIA A100-SXM4-40GB MIG 4g.20gb (0),1,,13,[CUDA memset]
2697835145,167838,118630,,,,,,,,,,1.235,7357.796,Pinned,Device,NVIDIA A100-SXM4-40GB MIG 4g.20gb (0),1,,13,[CUDA memcpy Host-to-Device]
2698017543,38719,118631,,,,,,,,,,0.197,5077.795,Pinned,Device,NVIDIA A100-SXM4-40GB MIG 4g.20gb (0),1,,13,[CUDA memcpy Host-to-Device]
2698081990,8192,118632,69,4,1,48,1,1,76,0.002,0.000,,,,,NVIDIA A100-SXM4-40GB MIG 4g.20gb (0),1,,13,"void ch_est::windowedChEstPreNoDftSOfdmKernel<float, __half, float, (unsigned int)2, (unsigned int)1, (unsigned short)4>(ch_est::puschRxChEstStatDescr_t *, ch_est::puschRxChEstDynDescr_t *)"
2698098822,6560,118633,137,2,1,24,2,1,44,0.001,0.001,,,,,NVIDIA A100-SXM4-40GB MIG 4g.20gb (0),1,,13,"void ch_est::chEstFilterNoDftSOfdmDispatchKernel<float, __half, float, (unsigned int)2>(ch_est::puschRxChEstStatDescr_t *, ch_est::puschRxChEstDynDescr_t *)"
2698114182,4832,118634,137,2,1,24,2,1,44,0.001,0.001,,,,,NVIDIA A100-SXM4-40GB MIG 4g.20gb (0),1,,13,"void ch_est::chEstFilterNoDftSOfdmDispatchKernel<float, __half, float, (unsigned int)2>(ch_est::puschRxChEstStatDescr_t *, ch_est::puschRxChEstDynDescr_t *)"
2698129541,2656,118645,103,1,1,128,1,1,16,0.000,0.000,,,,,NVIDIA A100-SXM4-40GB MIG 4g.20gb (0),1,,13,cupy_copy__complex64_complex64
2698144325,12608,118655,1434,1,1,128,1,1,16,0.000,0.000,,,,,NVIDIA A100-SXM4-40GB MIG 4g.20gb (0),1,,13,cupy_copy__complex64_complex64
2698172997,2560,118662,103,1,1,128,1,1,16,0.000,0.000,,,,,NVIDIA A100-SXM4-40GB MIG 4g.20gb (0),1,,13,cupy_copy__complex64_complex64
2698188485,86527,118669,1,1,1,32,32,1,30,0.000,0.000,,,,,NVIDIA A100-SXM4-40GB MIG 4g.20gb (0),1,,13,"void convert_kernel<__half2, float2>(tensor_layout_any, T1 *, tensor_layout_any, const T2 *)"
2698308803,18144,118672,,,,,,,,,,0.094,5163.961,Pinned,Device,NVIDIA A100-SXM4-40GB MIG 4g.20gb (0),1,,13,[CUDA memcpy Host-to-Device]
2698338243,47167,118673,,,,,,,,,,35.810,759206.114,Device,,NVIDIA A100-SXM4-40GB MIG 4g.20gb (0),1,,13,[CUDA memset]
2698388034,11712,118675,,,,,,,,,,0.000,6.831,Pinned,Device,NVIDIA A100-SXM4-40GB MIG 4g.20gb (0),1,,13,[CUDA memcpy Host-to-Device]
2698407810,15680,118676,,,,,,,,,,0.197,12538.675,Pinned,Device,NVIDIA A100-SXM4-40GB MIG 4g.20gb (0),1,,13,[CUDA memcpy Host-to-Device]
2698441602,10015,118677,273,1,1,48,1,1,40,0.000,0.001,,,,,NVIDIA A100-SXM4-40GB MIG 4g.20gb (0),1,,13,"void pusch_noise_intf_est::noiseIntfEstNoDftSOfdmKernel<float, __half, float, float, (unsigned int)2, (unsigned int)1, (unsigned char)4, (unsigned char)4>(pusch_noise_intf_est::puschRxNoiseIntfEstDynDescr)"
2698458017,2784,118688,35,1,1,128,1,1,16,0.000,0.000,,,,,NVIDIA A100-SXM4-40GB MIG 4g.20gb (0),1,,13,cupy_copy__complex64_complex64
2698466401,1920,118697,1,1,1,1,1,1,18,0.000,0.000,,,,,NVIDIA A100-SXM4-40GB MIG 4g.20gb (0),1,,13,cupy_copy__float32_float32
2698473537,2048,118703,,,,,,,,,,0.000,1.953,Device,Pageable,NVIDIA A100-SXM4-40GB MIG 4g.20gb (0),1,,7,[CUDA memcpy Device-to-Host]
2698538816,12768,118714,1434,1,1,128,1,1,16,0.000,0.000,,,,,NVIDIA A100-SXM4-40GB MIG 4g.20gb (0),1,,13,cupy_copy__complex64_complex64
2698568928,2880,118721,103,1,1,128,1,1,16,0.000,0.000,,,,,NVIDIA A100-SXM4-40GB MIG 4g.20gb (0),1,,13,cupy_copy__complex64_complex64
2698585920,2528,118728,35,1,1,128,1,1,16,0.000,0.000,,,,,NVIDIA A100-SXM4-40GB MIG 4g.20gb (0),1,,13,cupy_copy__complex64_complex64
2698608032,2048,118735,1,1,1,1,1,1,18,0.000,0.000,,,,,NVIDIA A100-SXM4-40GB MIG 4g.20gb (0),1,,13,cupy_copy__float32_float32
2698736094,82239,118746,1,1,1,32,32,1,30,0.000,0.000,,,,,NVIDIA A100-SXM4-40GB MIG 4g.20gb (0),1,,13,"void convert_kernel<__half2, float2>(tensor_layout_any, T1 *, tensor_layout_any, const T2 *)"
2698852573,5759,118749,,,,,,,,,,0.094,16269.467,Pinned,Device,NVIDIA A100-SXM4-40GB MIG 4g.20gb (0),1,,13,[CUDA memcpy Host-to-Device]
2698869436,3392,118750,,,,,,,,,,1.547,455961.768,Device,,NVIDIA A100-SXM4-40GB MIG 4g.20gb (0),1,,13,[CUDA memset]
2698874620,3616,118755,,,,,,,,,,0.031,8654.846,Pinned,Device,NVIDIA A100-SXM4-40GB MIG 4g.20gb (0),1,,13,[CUDA memcpy Host-to-Device]
2698880764,9888,118756,,,,,,,,,,0.197,19883.360,Pinned,Device,NVIDIA A100-SXM4-40GB MIG 4g.20gb (0),1,,13,[CUDA memcpy Host-to-Device]
2698896220,6528,118757,273,1,1,8,4,1,39,0.002,0.000,,,,,NVIDIA A100-SXM4-40GB MIG 4g.20gb (0),1,,13,"void channel_eq::eqMmseCoefCompLowMimoKernel<float, float, float, (unsigned int)4, (unsigned int)1, (unsigned int)4>(const channel_eq::_puschRxChEqStatDescr *, channel_eq::_puschRxChEqCoefCompDynDescr)"
2698906012,5856,118758,273,1,1,12,11,1,51,0.002,0.000,,,,,NVIDIA A100-SXM4-40GB MIG 4g.20gb (0),1,,13,"void channel_eq::eqMmseSoftDemapKernel<float, __half, __half, float, (unsigned int)4, (unsigned short)16383>(channel_eq::_puschRxChEqStatDescr *, channel_eq::_puschRxChEqSoftDemapDynDescr)"
2698913980,282972,118759,1,1,1,32,32,1,30,0.000,0.000,,,,,NVIDIA A100-SXM4-40GB MIG 4g.20gb (0),1,,13,"void convert_kernel<float2, __half2>(tensor_layout_any, T1 *, tensor_layout_any, const T2 *)"
2699198168,10944,118771,2253,1,1,128,1,1,16,0.000,0.000,,,,,NVIDIA A100-SXM4-40GB MIG 4g.20gb (0),1,,13,cupy_copy__float16_float16
2699213592,2816,118780,282,1,1,128,1,1,16,0.000,0.000,,,,,NVIDIA A100-SXM4-40GB MIG 4g.20gb (0),1,,13,cupy_copy__complex64_complex64
2699219032,2496,118789,26,1,1,128,1,1,16,0.000,0.000,,,,,NVIDIA A100-SXM4-40GB MIG 4g.20gb (0),1,,13,cupy_copy__float32_float32
2699223224,3104,118798,103,1,1,128,1,1,16,0.000,0.000,,,,,NVIDIA A100-SXM4-40GB MIG 4g.20gb (0),1,,13,cupy_copy__complex64_complex64
2699227512,12096,118808,1434,1,1,128,1,1,16,0.000,0.000,,,,,NVIDIA A100-SXM4-40GB MIG 4g.20gb (0),1,,13,cupy_copy__complex64_complex64
2699244728,82047,118813,1,1,1,32,32,1,30,0.000,0.000,,,,,NVIDIA A100-SXM4-40GB MIG 4g.20gb (0),1,,13,"void convert_kernel<__half2, float2>(tensor_layout_any, T1 *, tensor_layout_any, const T2 *)"
2699353910,5600,118816,,,,,,,,,,0.094,16731.388,Pinned,Device,NVIDIA A100-SXM4-40GB MIG 4g.20gb (0),1,,13,[CUDA memcpy Host-to-Device]
2699363382,597049,118817,,,,,,,,,,456.561,764283.851,Device,,NVIDIA A100-SXM4-40GB MIG 4g.20gb (0),1,,13,[CUDA memset]
2699964527,165630,118822,,,,,,,,,,1.235,7455.357,Pinned,Device,NVIDIA A100-SXM4-40GB MIG 4g.20gb (0),1,,13,[CUDA memcpy Host-to-Device]
2700146477,45471,118823,,,,,,,,,,0.197,4323.803,Pinned,Device,NVIDIA A100-SXM4-40GB MIG 4g.20gb (0),1,,13,[CUDA memcpy Host-to-Device]
2700218860,8288,118824,69,4,1,48,1,1,76,0.002,0.000,,,,,NVIDIA A100-SXM4-40GB MIG 4g.20gb (0),1,,13,"void ch_est::windowedChEstPreNoDftSOfdmKernel<float, __half, float, (unsigned int)2, (unsigned int)1, (unsigned short)4>(ch_est::puschRxChEstStatDescr_t *, ch_est::puschRxChEstDynDescr_t *)"
2700236651,6976,118825,137,2,1,24,2,1,44,0.001,0.001,,,,,NVIDIA A100-SXM4-40GB MIG 4g.20gb (0),1,,13,"void ch_est::chEstFilterNoDftSOfdmDispatchKernel<float, __half, float, (unsigned int)2>(ch_est::puschRxChEstStatDescr_t *, ch_est::puschRxChEstDynDescr_t *)"
2700256331,4704,118826,137,2,1,24,2,1,44,0.001,0.001,,,,,NVIDIA A100-SXM4-40GB MIG 4g.20gb (0),1,,13,"void ch_est::chEstFilterNoDftSOfdmDispatchKernel<float, __half, float, (unsigned int)2>(ch_est::puschRxChEstStatDescr_t *, ch_est::puschRxChEstDynDescr_t *)"
2700273387,2784,118837,103,1,1,128,1,1,16,0.000,0.000,,,,,NVIDIA A100-SXM4-40GB MIG 4g.20gb (0),1,,13,cupy_copy__complex64_complex64
2700290571,12224,118847,1434,1,1,128,1,1,16,0.000,0.000,,,,,NVIDIA A100-SXM4-40GB MIG 4g.20gb (0),1,,13,cupy_copy__complex64_complex64
2700310123,2911,118854,103,1,1,128,1,1,16,0.000,0.000,,,,,NVIDIA A100-SXM4-40GB MIG 4g.20gb (0),1,,13,cupy_copy__complex64_complex64
2700328426,88767,118861,1,1,1,32,32,1,30,0.000,0.000,,,,,NVIDIA A100-SXM4-40GB MIG 4g.20gb (0),1,,13,"void convert_kernel<__half2, float2>(tensor_layout_any, T1 *, tensor_layout_any, const T2 *)"
2700452137,27071,118864,,,,,,,,,,0.094,3461.037,Pinned,Device,NVIDIA A100-SXM4-40GB MIG 4g.20gb (0),1,,13,[CUDA memcpy Host-to-Device]
2700495048,47296,118865,,,,,,,,,,35.810,757129.139,Device,,NVIDIA A100-SXM4-40GB MIG 4g.20gb (0),1,,13,[CUDA memset]
2700548136,11711,118867,,,,,,,,,,0.000,6.831,Pinned,Device,NVIDIA A100-SXM4-40GB MIG 4g.20gb (0),1,,13,[CUDA memcpy Host-to-Device]
2700571815,30880,118868,,,,,,,,,,0.197,6366.757,Pinned,Device,NVIDIA A100-SXM4-40GB MIG 4g.20gb (0),1,,13,[CUDA memcpy Host-to-Device]
2700634311,9695,118869,273,1,1,48,1,1,40,0.000,0.001,,,,,NVIDIA A100-SXM4-40GB MIG 4g.20gb (0),1,,13,"void pusch_noise_intf_est::noiseIntfEstNoDftSOfdmKernel<float, __half, float, float, (unsigned int)2, (unsigned int)1, (unsigned char)4, (unsigned char)4>(pusch_noise_intf_est::puschRxNoiseIntfEstDynDescr)"
2700650150,2592,118880,35,1,1,128,1,1,16,0.000,0.000,,,,,NVIDIA A100-SXM4-40GB MIG 4g.20gb (0),1,,13,cupy_copy__complex64_complex64
2700665606,1696,118889,1,1,1,1,1,1,18,0.000,0.000,,,,,NVIDIA A100-SXM4-40GB MIG 4g.20gb (0),1,,13,cupy_copy__float32_float32
2700671014,4928,118895,,,,,,,,,,0.000,0.812,Device,Pageable,NVIDIA A100-SXM4-40GB MIG 4g.20gb (0),1,,7,[CUDA memcpy Device-to-Host]
2700762341,12896,118906,1434,1,1,128,1,1,16,0.000,0.000,,,,,NVIDIA A100-SXM4-40GB MIG 4g.20gb (0),1,,13,cupy_copy__complex64_complex64
2700782437,2976,118913,103,1,1,128,1,1,16,0.000,0.000,,,,,NVIDIA A100-SXM4-40GB MIG 4g.20gb (0),1,,13,cupy_copy__complex64_complex64
2700799428,2528,118920,35,1,1,128,1,1,16,0.000,0.000,,,,,NVIDIA A100-SXM4-40GB MIG 4g.20gb (0),1,,13,cupy_copy__complex64_complex64
2700815972,1984,118927,1,1,1,1,1,1,18,0.000,0.000,,,,,NVIDIA A100-SXM4-40GB MIG 4g.20gb (0),1,,13,cupy_copy__float32_float32
2700947555,82815,118938,1,1,1,32,32,1,30,0.000,0.000,,,,,NVIDIA A100-SXM4-40GB MIG 4g.20gb (0),1,,13,"void convert_kernel<__half2, float2>(tensor_layout_any, T1 *, tensor_layout_any, const T2 *)"
2701057441,5408,118941,,,,,,,,,,0.094,17325.421,Pinned,Device,NVIDIA A100-SXM4-40GB MIG 4g.20gb (0),1,,13,[CUDA memcpy Host-to-Device]
2701072417,3136,118942,,,,,,,,,,1.547,493182.821,Device,,NVIDIA A100-SXM4-40GB MIG 4g.20gb (0),1,,13,[CUDA memset]
2701081217,3296,118947,,,,,,,,,,0.031,9495.144,Pinned,Device,NVIDIA A100-SXM4-40GB MIG 4g.20gb (0),1,,13,[CUDA memcpy Host-to-Device]
2701087009,9760,118948,,,,,,,,,,0.197,20144.259,Pinned,Device,NVIDIA A100-SXM4-40GB MIG 4g.20gb (0),1,,13,[CUDA memcpy Host-to-Device]
2701103489,6560,118949,273,1,1,8,4,1,39,0.002,0.000,,,,,NVIDIA A100-SXM4-40GB MIG 4g.20gb (0),1,,13,"void channel_eq::eqMmseCoefCompLowMimoKernel<float, float, float, (unsigned int)4, (unsigned int)1, (unsigned int)4>(const channel_eq::_puschRxChEqStatDescr *, channel_eq::_puschRxChEqCoefCompDynDescr)"
2701111841,6240,118950,273,1,1,12,11,1,51,0.002,0.000,,,,,NVIDIA A100-SXM4-40GB MIG 4g.20gb (0),1,,13,"void channel_eq::eqMmseSoftDemapKernel<float, __half, __half, float, (unsigned int)4, (unsigned short)16383>(channel_eq::_puschRxChEqStatDescr *, channel_eq::_puschRxChEqSoftDemapDynDescr)"
2701119713,282364,118951,1,1,1,32,32,1,30,0.000,0.000,,,,,NVIDIA A100-SXM4-40GB MIG 4g.20gb (0),1,,13,"void convert_kernel<float2, __half2>(tensor_layout_any, T1 *, tensor_layout_any, const T2 *)"
2701404605,10816,118963,2253,1,1,128,1,1,16,0.000,0.000,,,,,NVIDIA A100-SXM4-40GB MIG 4g.20gb (0),1,,13,cupy_copy__float16_float16
2701419389,3456,118972,282,1,1,128,1,1,16,0.000,0.000,,,,,NVIDIA A100-SXM4-40GB MIG 4g.20gb (0),1,,13,cupy_copy__complex64_complex64
2701425661,2336,118981,26,1,1,128,1,1,16,0.000,0.000,,,,,NVIDIA A100-SXM4-40GB MIG 4g.20gb (0),1,,13,cupy_copy__float32_float32
2701429053,2784,118990,103,1,1,128,1,1,16,0.000,0.000,,,,,NVIDIA A100-SXM4-40GB MIG 4g.20gb (0),1,,13,cupy_copy__complex64_complex64
2701434941,12031,119000,1434,1,1,128,1,1,16,0.000,0.000,,,,,NVIDIA A100-SXM4-40GB MIG 4g.20gb (0),1,,13,cupy_copy__complex64_complex64
2701452924,81631,119005,1,1,1,32,32,1,30,0.000,0.000,,,,,NVIDIA A100-SXM4-40GB MIG 4g.20gb (0),1,,13,"void convert_kernel<__half2, float2>(tensor_layout_any, T1 *, tensor_layout_any, const T2 *)"
2701561563,5696,119008,,,,,,,,,,0.094,16449.363,Pinned,Device,NVIDIA A100-SXM4-40GB MIG 4g.20gb (0),1,,13,[CUDA memcpy Host-to-Device]
2701571291,600984,119009,,,,,,,,,,456.561,759261.675,Device,,NVIDIA A100-SXM4-40GB MIG 4g.20gb (0),1,,13,[CUDA memset]
2702178643,72672,119014,,,,,,,,,,1.235,16992.829,Pinned,Device,NVIDIA A100-SXM4-40GB MIG 4g.20gb (0),1,,13,[CUDA memcpy Host-to-Device]
2702258418,18784,119015,,,,,,,,,,0.197,10466.623,Pinned,Device,NVIDIA A100-SXM4-40GB MIG 4g.20gb (0),1,,13,[CUDA memcpy Host-to-Device]
2702291954,9408,119016,69,4,1,48,1,1,76,0.002,0.000,,,,,NVIDIA A100-SXM4-40GB MIG 4g.20gb (0),1,,13,"void ch_est::windowedChEstPreNoDftSOfdmKernel<float, __half, float, (unsigned int)2, (unsigned int)1, (unsigned short)4>(ch_est::puschRxChEstStatDescr_t *, ch_est::puschRxChEstDynDescr_t *)"
2702312146,6912,119017,137,2,1,24,2,1,44,0.001,0.001,,,,,NVIDIA A100-SXM4-40GB MIG 4g.20gb (0),1,,13,"void ch_est::chEstFilterNoDftSOfdmDispatchKernel<float, __half, float, (unsigned int)2>(ch_est::puschRxChEstStatDescr_t *, ch_est::puschRxChEstDynDescr_t *)"
2702327058,4960,119018,137,2,1,24,2,1,44,0.001,0.001,,,,,NVIDIA A100-SXM4-40GB MIG 4g.20gb (0),1,,13,"void ch_est::chEstFilterNoDftSOfdmDispatchKernel<float, __half, float, (unsigned int)2>(ch_est::puschRxChEstStatDescr_t *, ch_est::puschRxChEstDynDescr_t *)"
2702335505,2976,119029,103,1,1,128,1,1,16,0.000,0.000,,,,,NVIDIA A100-SXM4-40GB MIG 4g.20gb (0),1,,13,cupy_copy__complex64_complex64
2702343697,12640,119039,1434,1,1,128,1,1,16,0.000,0.000,,,,,NVIDIA A100-SXM4-40GB MIG 4g.20gb (0),1,,13,cupy_copy__complex64_complex64
2702359313,2688,119046,103,1,1,128,1,1,16,0.000,0.000,,,,,NVIDIA A100-SXM4-40GB MIG 4g.20gb (0),1,,13,cupy_copy__complex64_complex64
2702368401,87391,119053,1,1,1,32,32,1,30,0.000,0.000,,,,,NVIDIA A100-SXM4-40GB MIG 4g.20gb (0),1,,13,"void convert_kernel<__half2, float2>(tensor_layout_any, T1 *, tensor_layout_any, const T2 *)"
2702488176,9439,119056,,,,,,,,,,0.094,9926.435,Pinned,Device,NVIDIA A100-SXM4-40GB MIG 4g.20gb (0),1,,13,[CUDA memcpy Host-to-Device]
2702502863,46976,119057,,,,,,,,,,35.810,762285.767,Device,,NVIDIA A100-SXM4-40GB MIG 4g.20gb (0),1,,13,[CUDA memset]
2702552047,9504,119059,,,,,,,,,,0.000,8.417,Pinned,Device,NVIDIA A100-SXM4-40GB MIG 4g.20gb (0),1,,13,[CUDA memcpy Host-to-Device]
2702566159,21215,119060,,,,,,,,,,0.197,9267.315,Pinned,Device,NVIDIA A100-SXM4-40GB MIG 4g.20gb (0),1,,13,[CUDA memcpy Host-to-Device]
2702604302,8896,119061,273,1,1,48,1,1,40,0.000,0.001,,,,,NVIDIA A100-SXM4-40GB MIG 4g.20gb (0),1,,13,"void pusch_noise_intf_est::noiseIntfEstNoDftSOfdmKernel<float, __half, float, float, (unsigned int)2, (unsigned int)1, (unsigned char)4, (unsigned char)4>(pusch_noise_intf_est::puschRxNoiseIntfEstDynDescr)"
2702625390,2784,119072,35,1,1,128,1,1,16,0.000,0.000,,,,,NVIDIA A100-SXM4-40GB MIG 4g.20gb (0),1,,13,cupy_copy__complex64_complex64
2702636398,1728,119081,1,1,1,1,1,1,18,0.000,0.000,,,,,NVIDIA A100-SXM4-40GB MIG 4g.20gb (0),1,,13,cupy_copy__float32_float32
2702642126,2912,119087,,,,,,,,,,0.000,1.374,Device,Pageable,NVIDIA A100-SXM4-40GB MIG 4g.20gb (0),1,,7,[CUDA memcpy Device-to-Host]
2702721901,12736,119098,1434,1,1,128,1,1,16,0.000,0.000,,,,,NVIDIA A100-SXM4-40GB MIG 4g.20gb (0),1,,13,cupy_copy__complex64_complex64
2702749420,3488,119105,103,1,1,128,1,1,16,0.000,0.000,,,,,NVIDIA A100-SXM4-40GB MIG 4g.20gb (0),1,,13,cupy_copy__complex64_complex64
2702769132,2688,119112,35,1,1,128,1,1,16,0.000,0.000,,,,,NVIDIA A100-SXM4-40GB MIG 4g.20gb (0),1,,13,cupy_copy__complex64_complex64
2702788428,1792,119119,1,1,1,1,1,1,18,0.000,0.000,,,,,NVIDIA A100-SXM4-40GB MIG 4g.20gb (0),1,,13,cupy_copy__float32_float32
2702929162,89119,119130,1,1,1,32,32,1,30,0.000,0.000,,,,,NVIDIA A100-SXM4-40GB MIG 4g.20gb (0),1,,13,"void convert_kernel<__half2, float2>(tensor_layout_any, T1 *, tensor_layout_any, const T2 *)"
2703046569,5696,119133,,,,,,,,,,0.094,16449.363,Pinned,Device,NVIDIA A100-SXM4-40GB MIG 4g.20gb (0),1,,13,[CUDA memcpy Host-to-Device]
2703064008,3168,119134,,,,,,,,,,1.547,488201.145,Device,,NVIDIA A100-SXM4-40GB MIG 4g.20gb (0),1,,13,[CUDA memset]
2703070376,3808,119139,,,,,,,,,,0.031,8218.486,Pinned,Device,NVIDIA A100-SXM4-40GB MIG 4g.20gb (0),1,,13,[CUDA memcpy Host-to-Device]
2703076616,9664,119140,,,,,,,,,,0.197,20344.209,Pinned,Device,NVIDIA A100-SXM4-40GB MIG 4g.20gb (0),1,,13,[CUDA memcpy Host-to-Device]
2703091112,6592,119141,273,1,1,8,4,1,39,0.002,0.000,,,,,NVIDIA A100-SXM4-40GB MIG 4g.20gb (0),1,,13,"void channel_eq::eqMmseCoefCompLowMimoKernel<float, float, float, (unsigned int)4, (unsigned int)1, (unsigned int)4>(const channel_eq::_puschRxChEqStatDescr *, channel_eq::_puschRxChEqCoefCompDynDescr)"
2703098824,5760,119142,273,1,1,12,11,1,51,0.002,0.000,,,,,NVIDIA A100-SXM4-40GB MIG 4g.20gb (0),1,,13,"void channel_eq::eqMmseSoftDemapKernel<float, __half, __half, float, (unsigned int)4, (unsigned short)16383>(channel_eq::_puschRxChEqStatDescr *, channel_eq::_puschRxChEqSoftDemapDynDescr)"
2703105608,282364,119143,1,1,1,32,32,1,30,0.000,0.000,,,,,NVIDIA A100-SXM4-40GB MIG 4g.20gb (0),1,,13,"void convert_kernel<float2, __half2>(tensor_layout_any, T1 *, tensor_layout_any, const T2 *)"
2703390948,10912,119155,2253,1,1,128,1,1,16,0.000,0.000,,,,,NVIDIA A100-SXM4-40GB MIG 4g.20gb (0),1,,13,cupy_copy__float16_float16
2703404900,2944,119164,282,1,1,128,1,1,16,0.000,0.000,,,,,NVIDIA A100-SXM4-40GB MIG 4g.20gb (0),1,,13,cupy_copy__complex64_complex64
2703409860,3360,119173,26,1,1,128,1,1,16,0.000,0.000,,,,,NVIDIA A100-SXM4-40GB MIG 4g.20gb (0),1,,13,cupy_copy__float32_float32
2703416196,3168,119182,103,1,1,128,1,1,16,0.000,0.000,,,,,NVIDIA A100-SXM4-40GB MIG 4g.20gb (0),1,,13,cupy_copy__complex64_complex64
2703422948,11936,119192,1434,1,1,128,1,1,16,0.000,0.000,,,,,NVIDIA A100-SXM4-40GB MIG 4g.20gb (0),1,,13,cupy_copy__complex64_complex64
2703440868,87327,119197,1,1,1,32,32,1,30,0.000,0.000,,,,,NVIDIA A100-SXM4-40GB MIG 4g.20gb (0),1,,13,"void convert_kernel<__half2, float2>(tensor_layout_any, T1 *, tensor_layout_any, const T2 *)"
2703558882,5696,119200,,,,,,,,,,0.094,16449.363,Pinned,Device,NVIDIA A100-SXM4-40GB MIG 4g.20gb (0),1,,13,[CUDA memcpy Host-to-Device]
2703568738,598297,119201,,,,,,,,,,456.561,762914.166,Device,,NVIDIA A100-SXM4-40GB MIG 4g.20gb (0),1,,13,[CUDA memset]
2704174075,162558,119206,,,,,,,,,,1.235,7596.141,Pinned,Device,NVIDIA A100-SXM4-40GB MIG 4g.20gb (0),1,,13,[CUDA memcpy Host-to-Device]
2704345721,23775,119207,,,,,,,,,,0.197,8269.332,Pinned,Device,NVIDIA A100-SXM4-40GB MIG 4g.20gb (0),1,,13,[CUDA memcpy Host-to-Device]
2704379992,8352,119208,69,4,1,48,1,1,76,0.002,0.000,,,,,NVIDIA A100-SXM4-40GB MIG 4g.20gb (0),1,,13,"void ch_est::windowedChEstPreNoDftSOfdmKernel<float, __half, float, (unsigned int)2, (unsigned int)1, (unsigned short)4>(ch_est::puschRxChEstStatDescr_t *, ch_est::puschRxChEstDynDescr_t *)"
2704393592,7264,119209,137,2,1,24,2,1,44,0.001,0.001,,,,,NVIDIA A100-SXM4-40GB MIG 4g.20gb (0),1,,13,"void ch_est::chEstFilterNoDftSOfdmDispatchKernel<float, __half, float, (unsigned int)2>(ch_est::puschRxChEstStatDescr_t *, ch_est::puschRxChEstDynDescr_t *)"
2704404504,6624,119210,137,2,1,24,2,1,44,0.001,0.001,,,,,NVIDIA A100-SXM4-40GB MIG 4g.20gb (0),1,,13,"void ch_est::chEstFilterNoDftSOfdmDispatchKernel<float, __half, float, (unsigned int)2>(ch_est::puschRxChEstStatDescr_t *, ch_est::puschRxChEstDynDescr_t *)"
2704413304,2560,119221,103,1,1,128,1,1,16,0.000,0.000,,,,,NVIDIA A100-SXM4-40GB MIG 4g.20gb (0),1,,13,cupy_copy__complex64_complex64
2704418264,12800,119231,1434,1,1,128,1,1,16,0.000,0.000,,,,,NVIDIA A100-SXM4-40GB MIG 4g.20gb (0),1,,13,cupy_copy__complex64_complex64
2704433016,3104,119238,103,1,1,128,1,1,16,0.000,0.000,,,,,NVIDIA A100-SXM4-40GB MIG 4g.20gb (0),1,,13,cupy_copy__complex64_complex64
2704442039,83071,119245,1,1,1,32,32,1,30,0.000,0.000,,,,,NVIDIA A100-SXM4-40GB MIG 4g.20gb (0),1,,13,"void convert_kernel<__half2, float2>(tensor_layout_any, T1 *, tensor_layout_any, const T2 *)"
2704552662,5536,119248,,,,,,,,,,0.094,16924.777,Pinned,Device,NVIDIA A100-SXM4-40GB MIG 4g.20gb (0),1,,13,[CUDA memcpy Host-to-Device]
2704564694,45535,119249,,,,,,,,,,35.810,786421.653,Device,,NVIDIA A100-SXM4-40GB MIG 4g.20gb (0),1,,13,[CUDA memset]
2704617461,5216,119251,,,,,,,,,,0.000,15.337,Pinned,Device,NVIDIA A100-SXM4-40GB MIG 4g.20gb (0),1,,13,[CUDA memcpy Host-to-Device]
2704626901,13152,119252,,,,,,,,,,0.197,14948.893,Pinned,Device,NVIDIA A100-SXM4-40GB MIG 4g.20gb (0),1,,13,[CUDA memcpy Host-to-Device]
2704649717,10112,119253,273,1,1,48,1,1,40,0.000,0.001,,,,,NVIDIA A100-SXM4-40GB MIG 4g.20gb (0),1,,13,"void pusch_noise_intf_est::noiseIntfEstNoDftSOfdmKernel<float, __half, float, float, (unsigned int)2, (unsigned int)1, (unsigned char)4, (unsigned char)4>(pusch_noise_intf_est::puschRxNoiseIntfEstDynDescr)"
2704662485,2848,119264,35,1,1,128,1,1,16,0.000,0.000,,,,,NVIDIA A100-SXM4-40GB MIG 4g.20gb (0),1,,13,cupy_copy__complex64_complex64
2704672149,2048,119273,1,1,1,1,1,1,18,0.000,0.000,,,,,NVIDIA A100-SXM4-40GB MIG 4g.20gb (0),1,,13,cupy_copy__float32_float32
2704703892,1856,119279,,,,,,,,,,0.000,2.155,Device,Pageable,NVIDIA A100-SXM4-40GB MIG 4g.20gb (0),1,,7,[CUDA memcpy Device-to-Host]
2704764051,12704,119290,1434,1,1,128,1,1,16,0.000,0.000,,,,,NVIDIA A100-SXM4-40GB MIG 4g.20gb (0),1,,13,cupy_copy__complex64_complex64
2704790547,2592,119297,103,1,1,128,1,1,16,0.000,0.000,,,,,NVIDIA A100-SXM4-40GB MIG 4g.20gb (0),1,,13,cupy_copy__complex64_complex64
2704813139,2720,119304,35,1,1,128,1,1,16,0.000,0.000,,,,,NVIDIA A100-SXM4-40GB MIG 4g.20gb (0),1,,13,cupy_copy__complex64_complex64
2704829971,1760,119311,1,1,1,1,1,1,18,0.000,0.000,,,,,NVIDIA A100-SXM4-40GB MIG 4g.20gb (0),1,,13,cupy_copy__float32_float32
2704962353,83135,119322,1,1,1,32,32,1,30,0.000,0.000,,,,,NVIDIA A100-SXM4-40GB MIG 4g.20gb (0),1,,13,"void convert_kernel<__half2, float2>(tensor_layout_any, T1 *, tensor_layout_any, const T2 *)"
2705072752,5696,119325,,,,,,,,,,0.094,16449.363,Pinned,Device,NVIDIA A100-SXM4-40GB MIG 4g.20gb (0),1,,13,[CUDA memcpy Host-to-Device]
2705088111,3456,119326,,,,,,,,,,1.547,447517.201,Device,,NVIDIA A100-SXM4-40GB MIG 4g.20gb (0),1,,13,[CUDA memset]
2705094607,3008,119331,,,,,,,,,,0.031,10404.230,Pinned,Device,NVIDIA A100-SXM4-40GB MIG 4g.20gb (0),1,,13,[CUDA memcpy Host-to-Device]
2705100559,9536,119332,,,,,,,,,,0.197,20617.298,Pinned,Device,NVIDIA A100-SXM4-40GB MIG 4g.20gb (0),1,,13,[CUDA memcpy Host-to-Device]
2705114351,6144,119333,273,1,1,8,4,1,39,0.002,0.000,,,,,NVIDIA A100-SXM4-40GB MIG 4g.20gb (0),1,,13,"void channel_eq::eqMmseCoefCompLowMimoKernel<float, float, float, (unsigned int)4, (unsigned int)1, (unsigned int)4>(const channel_eq::_puschRxChEqStatDescr *, channel_eq::_puschRxChEqCoefCompDynDescr)"
2705122191,5856,119334,273,1,1,12,11,1,51,0.002,0.000,,,,,NVIDIA A100-SXM4-40GB MIG 4g.20gb (0),1,,13,"void channel_eq::eqMmseSoftDemapKernel<float, __half, __half, float, (unsigned int)4, (unsigned short)16383>(channel_eq::_puschRxChEqStatDescr *, channel_eq::_puschRxChEqSoftDemapDynDescr)"
2705130607,294812,119335,1,1,1,32,32,1,30,0.000,0.000,,,,,NVIDIA A100-SXM4-40GB MIG 4g.20gb (0),1,,13,"void convert_kernel<float2, __half2>(tensor_layout_any, T1 *, tensor_layout_any, const T2 *)"
2705427275,10848,119347,2253,1,1,128,1,1,16,0.000,0.000,,,,,NVIDIA A100-SXM4-40GB MIG 4g.20gb (0),1,,13,cupy_copy__float16_float16
2705440939,3616,119356,282,1,1,128,1,1,16,0.000,0.000,,,,,NVIDIA A100-SXM4-40GB MIG 4g.20gb (0),1,,13,cupy_copy__complex64_complex64
2705447531,1984,119365,26,1,1,128,1,1,16,0.000,0.000,,,,,NVIDIA A100-SXM4-40GB MIG 4g.20gb (0),1,,13,cupy_copy__float32_float32
2705450955,3200,119374,103,1,1,128,1,1,16,0.000,0.000,,,,,NVIDIA A100-SXM4-40GB MIG 4g.20gb (0),1,,13,cupy_copy__complex64_complex64
2705455243,11904,119384,1434,1,1,128,1,1,16,0.000,0.000,,,,,NVIDIA A100-SXM4-40GB MIG 4g.20gb (0),1,,13,cupy_copy__complex64_complex64
2705470251,80447,119389,1,1,1,32,32,1,30,0.000,0.000,,,,,NVIDIA A100-SXM4-40GB MIG 4g.20gb (0),1,,13,"void convert_kernel<__half2, float2>(tensor_layout_any, T1 *, tensor_layout_any, const T2 *)"
2705577961,5568,119392,,,,,,,,,,0.094,16827.521,Pinned,Device,NVIDIA A100-SXM4-40GB MIG 4g.20gb (0),1,,13,[CUDA memcpy Host-to-Device]
2705588361,601785,119393,,,,,,,,,,456.561,758348.552,Device,,NVIDIA A100-SXM4-40GB MIG 4g.20gb (0),1,,13,[CUDA memset]
2706196770,138366,119398,,,,,,,,,,1.235,8924.940,Pinned,Device,NVIDIA A100-SXM4-40GB MIG 4g.20gb (0),1,,13,[CUDA memcpy Host-to-Device]
2706351744,36895,119399,,,,,,,,,,0.197,5328.667,Pinned,Device,NVIDIA A100-SXM4-40GB MIG 4g.20gb (0),1,,13,[CUDA memcpy Host-to-Device]
2706413887,8096,119400,69,4,1,48,1,1,76,0.002,0.000,,,,,NVIDIA A100-SXM4-40GB MIG 4g.20gb (0),1,,13,"void ch_est::windowedChEstPreNoDftSOfdmKernel<float, __half, float, (unsigned int)2, (unsigned int)1, (unsigned short)4>(ch_est::puschRxChEstStatDescr_t *, ch_est::puschRxChEstDynDescr_t *)"
2706432031,6880,119401,137,2,1,24,2,1,44,0.001,0.001,,,,,NVIDIA A100-SXM4-40GB MIG 4g.20gb (0),1,,13,"void ch_est::chEstFilterNoDftSOfdmDispatchKernel<float, __half, float, (unsigned int)2>(ch_est::puschRxChEstStatDescr_t *, ch_est::puschRxChEstDynDescr_t *)"
2706448991,4800,119402,137,2,1,24,2,1,44,0.001,0.001,,,,,NVIDIA A100-SXM4-40GB MIG 4g.20gb (0),1,,13,"void ch_est::chEstFilterNoDftSOfdmDispatchKernel<float, __half, float, (unsigned int)2>(ch_est::puschRxChEstStatDescr_t *, ch_est::puschRxChEstDynDescr_t *)"
2706465790,2720,119413,103,1,1,128,1,1,16,0.000,0.000,,,,,NVIDIA A100-SXM4-40GB MIG 4g.20gb (0),1,,13,cupy_copy__complex64_complex64
2706483134,12416,119423,1434,1,1,128,1,1,16,0.000,0.000,,,,,NVIDIA A100-SXM4-40GB MIG 4g.20gb (0),1,,13,cupy_copy__complex64_complex64
2706505822,2624,119430,103,1,1,128,1,1,16,0.000,0.000,,,,,NVIDIA A100-SXM4-40GB MIG 4g.20gb (0),1,,13,cupy_copy__complex64_complex64
2706525726,86495,119437,1,1,1,32,32,1,30,0.000,0.000,,,,,NVIDIA A100-SXM4-40GB MIG 4g.20gb (0),1,,13,"void convert_kernel<__half2, float2>(tensor_layout_any, T1 *, tensor_layout_any, const T2 *)"
2706642364,8704,119440,,,,,,,,,,0.094,10764.640,Pinned,Device,NVIDIA A100-SXM4-40GB MIG 4g.20gb (0),1,,13,[CUDA memcpy Host-to-Device]
2706662940,47071,119441,,,,,,,,,,35.810,760745.940,Device,,NVIDIA A100-SXM4-40GB MIG 4g.20gb (0),1,,13,[CUDA memset]
2706715611,3744,119443,,,,,,,,,,0.000,21.368,Pinned,Device,NVIDIA A100-SXM4-40GB MIG 4g.20gb (0),1,,13,[CUDA memcpy Host-to-Device]
2706725211,11776,119444,,,,,,,,,,0.197,16695.558,Pinned,Device,NVIDIA A100-SXM4-40GB MIG 4g.20gb (0),1,,13,[CUDA memcpy Host-to-Device]
2706743611,12736,119445,273,1,1,48,1,1,40,0.000,0.001,,,,,NVIDIA A100-SXM4-40GB MIG 4g.20gb (0),1,,13,"void pusch_noise_intf_est::noiseIntfEstNoDftSOfdmKernel<float, __half, float, float, (unsigned int)2, (unsigned int)1, (unsigned char)4, (unsigned char)4>(pusch_noise_intf_est::puschRxNoiseIntfEstDynDescr)"
2706758203,3232,119456,35,1,1,128,1,1,16,0.000,0.000,,,,,NVIDIA A100-SXM4-40GB MIG 4g.20gb (0),1,,13,cupy_copy__complex64_complex64
2706764411,1888,119465,1,1,1,1,1,1,18,0.000,0.000,,,,,NVIDIA A100-SXM4-40GB MIG 4g.20gb (0),1,,13,cupy_copy__float32_float32
2706791258,1952,119471,,,,,,,,,,0.000,2.049,Device,Pageable,NVIDIA A100-SXM4-40GB MIG 4g.20gb (0),1,,7,[CUDA memcpy Device-to-Host]
2706859002,12991,119482,1434,1,1,128,1,1,16,0.000,0.000,,,,,NVIDIA A100-SXM4-40GB MIG 4g.20gb (0),1,,13,cupy_copy__complex64_complex64
2706888057,2592,119489,103,1,1,128,1,1,16,0.000,0.000,,,,,NVIDIA A100-SXM4-40GB MIG 4g.20gb (0),1,,13,cupy_copy__complex64_complex64
2706909081,2560,119496,35,1,1,128,1,1,16,0.000,0.000,,,,,NVIDIA A100-SXM4-40GB MIG 4g.20gb (0),1,,13,cupy_copy__complex64_complex64
2706925785,1792,119503,1,1,1,1,1,1,18,0.000,0.000,,,,,NVIDIA A100-SXM4-40GB MIG 4g.20gb (0),1,,13,cupy_copy__float32_float32
2707061751,82495,119514,1,1,1,32,32,1,30,0.000,0.000,,,,,NVIDIA A100-SXM4-40GB MIG 4g.20gb (0),1,,13,"void convert_kernel<__half2, float2>(tensor_layout_any, T1 *, tensor_layout_any, const T2 *)"
2707171446,5664,119517,,,,,,,,,,0.094,16542.310,Pinned,Device,NVIDIA A100-SXM4-40GB MIG 4g.20gb (0),1,,13,[CUDA memcpy Host-to-Device]
2707186773,3456,119518,,,,,,,,,,1.547,447517.201,Device,,NVIDIA A100-SXM4-40GB MIG 4g.20gb (0),1,,13,[CUDA memset]
2707192981,3232,119523,,,,,,,,,,0.031,9683.139,Pinned,Device,NVIDIA A100-SXM4-40GB MIG 4g.20gb (0),1,,13,[CUDA memcpy Host-to-Device]
2707199061,10080,119524,,,,,,,,,,0.197,19504.693,Pinned,Device,NVIDIA A100-SXM4-40GB MIG 4g.20gb (0),1,,13,[CUDA memcpy Host-to-Device]
2707213589,6592,119525,273,1,1,8,4,1,39,0.002,0.000,,,,,NVIDIA A100-SXM4-40GB MIG 4g.20gb (0),1,,13,"void channel_eq::eqMmseCoefCompLowMimoKernel<float, float, float, (unsigned int)4, (unsigned int)1, (unsigned int)4>(const channel_eq::_puschRxChEqStatDescr *, channel_eq::_puschRxChEqCoefCompDynDescr)"
2707221301,6368,119526,273,1,1,12,11,1,51,0.002,0.000,,,,,NVIDIA A100-SXM4-40GB MIG 4g.20gb (0),1,,13,"void channel_eq::eqMmseSoftDemapKernel<float, __half, __half, float, (unsigned int)4, (unsigned short)16383>(channel_eq::_puschRxChEqStatDescr *, channel_eq::_puschRxChEqSoftDemapDynDescr)"
2707228629,283036,119527,1,1,1,32,32,1,30,0.000,0.000,,,,,NVIDIA A100-SXM4-40GB MIG 4g.20gb (0),1,,13,"void convert_kernel<float2, __half2>(tensor_layout_any, T1 *, tensor_layout_any, const T2 *)"
2707512625,10912,119539,2253,1,1,128,1,1,16,0.000,0.000,,,,,NVIDIA A100-SXM4-40GB MIG 4g.20gb (0),1,,13,cupy_copy__float16_float16
2707525521,3296,119548,282,1,1,128,1,1,16,0.000,0.000,,,,,NVIDIA A100-SXM4-40GB MIG 4g.20gb (0),1,,13,cupy_copy__complex64_complex64
2707529937,2240,119557,26,1,1,128,1,1,16,0.000,0.000,,,,,NVIDIA A100-SXM4-40GB MIG 4g.20gb (0),1,,13,cupy_copy__float32_float32
2707535281,2816,119566,103,1,1,128,1,1,16,0.000,0.000,,,,,NVIDIA A100-SXM4-40GB MIG 4g.20gb (0),1,,13,cupy_copy__complex64_complex64
2707541937,12384,119576,1434,1,1,128,1,1,16,0.000,0.000,,,,,NVIDIA A100-SXM4-40GB MIG 4g.20gb (0),1,,13,cupy_copy__complex64_complex64
2707559217,82271,119581,1,1,1,32,32,1,30,0.000,0.000,,,,,NVIDIA A100-SXM4-40GB MIG 4g.20gb (0),1,,13,"void convert_kernel<__half2, float2>(tensor_layout_any, T1 *, tensor_layout_any, const T2 *)"
2707667984,5343,119584,,,,,,,,,,0.094,17536.143,Pinned,Device,NVIDIA A100-SXM4-40GB MIG 4g.20gb (0),1,,13,[CUDA memcpy Host-to-Device]
2707678543,598585,119585,,,,,,,,,,456.561,762457.605,Device,,NVIDIA A100-SXM4-40GB MIG 4g.20gb (0),1,,13,[CUDA memset]
2708284520,116638,119590,,,,,,,,,,1.235,10587.175,Pinned,Device,NVIDIA A100-SXM4-40GB MIG 4g.20gb (0),1,,13,[CUDA memcpy Host-to-Device]
2708413606,40672,119591,,,,,,,,,,0.197,4833.804,Pinned,Device,NVIDIA A100-SXM4-40GB MIG 4g.20gb (0),1,,13,[CUDA memcpy Host-to-Device]
2708488197,8096,119592,69,4,1,48,1,1,76,0.002,0.000,,,,,NVIDIA A100-SXM4-40GB MIG 4g.20gb (0),1,,13,"void ch_est::windowedChEstPreNoDftSOfdmKernel<float, __half, float, (unsigned int)2, (unsigned int)1, (unsigned short)4>(ch_est::puschRxChEstStatDescr_t *, ch_est::puschRxChEstDynDescr_t *)"
2708507589,6816,119593,137,2,1,24,2,1,44,0.001,0.001,,,,,NVIDIA A100-SXM4-40GB MIG 4g.20gb (0),1,,13,"void ch_est::chEstFilterNoDftSOfdmDispatchKernel<float, __half, float, (unsigned int)2>(ch_est::puschRxChEstStatDescr_t *, ch_est::puschRxChEstDynDescr_t *)"
2708525925,4704,119594,137,2,1,24,2,1,44,0.001,0.001,,,,,NVIDIA A100-SXM4-40GB MIG 4g.20gb (0),1,,13,"void ch_est::chEstFilterNoDftSOfdmDispatchKernel<float, __half, float, (unsigned int)2>(ch_est::puschRxChEstStatDescr_t *, ch_est::puschRxChEstDynDescr_t *)"
2708544165,2688,119605,103,1,1,128,1,1,16,0.000,0.000,,,,,NVIDIA A100-SXM4-40GB MIG 4g.20gb (0),1,,13,cupy_copy__complex64_complex64
2708560741,12415,119615,1434,1,1,128,1,1,16,0.000,0.000,,,,,NVIDIA A100-SXM4-40GB MIG 4g.20gb (0),1,,13,cupy_copy__complex64_complex64
2708580292,2912,119622,103,1,1,128,1,1,16,0.000,0.000,,,,,NVIDIA A100-SXM4-40GB MIG 4g.20gb (0),1,,13,cupy_copy__complex64_complex64
2708601316,87615,119629,1,1,1,32,32,1,30,0.000,0.000,,,,,NVIDIA A100-SXM4-40GB MIG 4g.20gb (0),1,,13,"void convert_kernel<__half2, float2>(tensor_layout_any, T1 *, tensor_layout_any, const T2 *)"
2708720547,29567,119632,,,,,,,,,,0.094,3168.892,Pinned,Device,NVIDIA A100-SXM4-40GB MIG 4g.20gb (0),1,,13,[CUDA memcpy Host-to-Device]
2708777378,47167,119633,,,,,,,,,,35.810,759206.114,Device,,NVIDIA A100-SXM4-40GB MIG 4g.20gb (0),1,,13,[CUDA memset]
2708831361,14784,119635,,,,,,,,,,0.000,5.411,Pinned,Device,NVIDIA A100-SXM4-40GB MIG 4g.20gb (0),1,,13,[CUDA memcpy Host-to-Device]
2708859137,20064,119636,,,,,,,,,,0.197,9798.943,Pinned,Device,NVIDIA A100-SXM4-40GB MIG 4g.20gb (0),1,,13,[CUDA memcpy Host-to-Device]
2708904096,9792,119637,273,1,1,48,1,1,40,0.000,0.001,,,,,NVIDIA A100-SXM4-40GB MIG 4g.20gb (0),1,,13,"void pusch_noise_intf_est::noiseIntfEstNoDftSOfdmKernel<float, __half, float, float, (unsigned int)2, (unsigned int)1, (unsigned char)4, (unsigned char)4>(pusch_noise_intf_est::puschRxNoiseIntfEstDynDescr)"
2708919328,2784,119648,35,1,1,128,1,1,16,0.000,0.000,,,,,NVIDIA A100-SXM4-40GB MIG 4g.20gb (0),1,,13,cupy_copy__complex64_complex64
2708931872,1760,119657,1,1,1,1,1,1,18,0.000,0.000,,,,,NVIDIA A100-SXM4-40GB MIG 4g.20gb (0),1,,13,cupy_copy__float32_float32
2708936960,3872,119663,,,,,,,,,,0.000,1.033,Device,Pageable,NVIDIA A100-SXM4-40GB MIG 4g.20gb (0),1,,7,[CUDA memcpy Device-to-Host]
2709013439,12832,119674,1434,1,1,128,1,1,16,0.000,0.000,,,,,NVIDIA A100-SXM4-40GB MIG 4g.20gb (0),1,,13,cupy_copy__complex64_complex64
2709039967,2848,119681,103,1,1,128,1,1,16,0.000,0.000,,,,,NVIDIA A100-SXM4-40GB MIG 4g.20gb (0),1,,13,cupy_copy__complex64_complex64
2709061758,2816,119688,35,1,1,128,1,1,16,0.000,0.000,,,,,NVIDIA A100-SXM4-40GB MIG 4g.20gb (0),1,,13,cupy_copy__complex64_complex64
2709083870,1824,119695,1,1,1,1,1,1,18,0.000,0.000,,,,,NVIDIA A100-SXM4-40GB MIG 4g.20gb (0),1,,13,cupy_copy__float32_float32
2709209372,82815,119706,1,1,1,32,32,1,30,0.000,0.000,,,,,NVIDIA A100-SXM4-40GB MIG 4g.20gb (0),1,,13,"void convert_kernel<__half2, float2>(tensor_layout_any, T1 *, tensor_layout_any, const T2 *)"
2709319387,5760,119709,,,,,,,,,,0.094,16266.656,Pinned,Device,NVIDIA A100-SXM4-40GB MIG 4g.20gb (0),1,,13,[CUDA memcpy Host-to-Device]
2709335003,3264,119710,,,,,,,,,,1.547,473842.288,Device,,NVIDIA A100-SXM4-40GB MIG 4g.20gb (0),1,,13,[CUDA memset]
2709340187,3392,119715,,,,,,,,,,0.031,9226.405,Pinned,Device,NVIDIA A100-SXM4-40GB MIG 4g.20gb (0),1,,13,[CUDA memcpy Host-to-Device]
2709346171,9632,119716,,,,,,,,,,0.197,20411.843,Pinned,Device,NVIDIA A100-SXM4-40GB MIG 4g.20gb (0),1,,13,[CUDA memcpy Host-to-Device]
2709359579,8352,119717,273,1,1,8,4,1,39,0.002,0.000,,,,,NVIDIA A100-SXM4-40GB MIG 4g.20gb (0),1,,13,"void channel_eq::eqMmseCoefCompLowMimoKernel<float, float, float, (unsigned int)4, (unsigned int)1, (unsigned int)4>(const channel_eq::_puschRxChEqStatDescr *, channel_eq::_puschRxChEqCoefCompDynDescr)"
2709371194,6176,119718,273,1,1,12,11,1,51,0.002,0.000,,,,,NVIDIA A100-SXM4-40GB MIG 4g.20gb (0),1,,13,"void channel_eq::eqMmseSoftDemapKernel<float, __half, __half, float, (unsigned int)4, (unsigned short)16383>(channel_eq::_puschRxChEqStatDescr *, channel_eq::_puschRxChEqSoftDemapDynDescr)"
2709379226,290109,119719,1,1,1,32,32,1,30,0.000,0.000,,,,,NVIDIA A100-SXM4-40GB MIG 4g.20gb (0),1,,13,"void convert_kernel<float2, __half2>(tensor_layout_any, T1 *, tensor_layout_any, const T2 *)"
2709671799,10592,119731,2253,1,1,128,1,1,16,0.000,0.000,,,,,NVIDIA A100-SXM4-40GB MIG 4g.20gb (0),1,,13,cupy_copy__float16_float16
2709687831,2656,119740,282,1,1,128,1,1,16,0.000,0.000,,,,,NVIDIA A100-SXM4-40GB MIG 4g.20gb (0),1,,13,cupy_copy__complex64_complex64
2709692439,2335,119749,26,1,1,128,1,1,16,0.000,0.000,,,,,NVIDIA A100-SXM4-40GB MIG 4g.20gb (0),1,,13,cupy_copy__float32_float32
2709695830,2880,119758,103,1,1,128,1,1,16,0.000,0.000,,,,,NVIDIA A100-SXM4-40GB MIG 4g.20gb (0),1,,13,cupy_copy__complex64_complex64
2709702102,12064,119768,1434,1,1,128,1,1,16,0.000,0.000,,,,,NVIDIA A100-SXM4-40GB MIG 4g.20gb (0),1,,13,cupy_copy__complex64_complex64
2709717942,82047,119773,1,1,1,32,32,1,30,0.000,0.000,,,,,NVIDIA A100-SXM4-40GB MIG 4g.20gb (0),1,,13,"void convert_kernel<__half2, float2>(tensor_layout_any, T1 *, tensor_layout_any, const T2 *)"
2709827509,6208,119776,,,,,,,,,,0.094,15092.739,Pinned,Device,NVIDIA A100-SXM4-40GB MIG 4g.20gb (0),1,,13,[CUDA memcpy Host-to-Device]
2709837301,596472,119777,,,,,,,,,,456.561,765196.973,Device,,NVIDIA A100-SXM4-40GB MIG 4g.20gb (0),1,,13,[CUDA memset]
2710439853,166814,119782,,,,,,,,,,1.235,7402.254,Pinned,Device,NVIDIA A100-SXM4-40GB MIG 4g.20gb (0),1,,13,[CUDA memcpy Host-to-Device]
2710618059,34784,119783,,,,,,,,,,0.197,5652.087,Pinned,Device,NVIDIA A100-SXM4-40GB MIG 4g.20gb (0),1,,13,[CUDA memcpy Host-to-Device]
2710678026,7936,119784,69,4,1,48,1,1,76,0.002,0.000,,,,,NVIDIA A100-SXM4-40GB MIG 4g.20gb (0),1,,13,"void ch_est::windowedChEstPreNoDftSOfdmKernel<float, __half, float, (unsigned int)2, (unsigned int)1, (unsigned short)4>(ch_est::puschRxChEstStatDescr_t *, ch_est::puschRxChEstDynDescr_t *)"
2710698602,6848,119785,137,2,1,24,2,1,44,0.001,0.001,,,,,NVIDIA A100-SXM4-40GB MIG 4g.20gb (0),1,,13,"void ch_est::chEstFilterNoDftSOfdmDispatchKernel<float, __half, float, (unsigned int)2>(ch_est::puschRxChEstStatDescr_t *, ch_est::puschRxChEstDynDescr_t *)"
2710714826,4768,119786,137,2,1,24,2,1,44,0.001,0.001,,,,,NVIDIA A100-SXM4-40GB MIG 4g.20gb (0),1,,13,"void ch_est::chEstFilterNoDftSOfdmDispatchKernel<float, __half, float, (unsigned int)2>(ch_est::puschRxChEstStatDescr_t *, ch_est::puschRxChEstDynDescr_t *)"
2710730538,2624,119797,103,1,1,128,1,1,16,0.000,0.000,,,,,NVIDIA A100-SXM4-40GB MIG 4g.20gb (0),1,,13,cupy_copy__complex64_complex64
2710743786,12415,119807,1434,1,1,128,1,1,16,0.000,0.000,,,,,NVIDIA A100-SXM4-40GB MIG 4g.20gb (0),1,,13,cupy_copy__complex64_complex64
2710781161,2528,119814,103,1,1,128,1,1,16,0.000,0.000,,,,,NVIDIA A100-SXM4-40GB MIG 4g.20gb (0),1,,13,cupy_copy__complex64_complex64
2710797769,82431,119821,1,1,1,32,32,1,30,0.000,0.000,,,,,NVIDIA A100-SXM4-40GB MIG 4g.20gb (0),1,,13,"void convert_kernel<__half2, float2>(tensor_layout_any, T1 *, tensor_layout_any, const T2 *)"
2710912871,23264,119824,,,,,,,,,,0.094,4027.429,Pinned,Device,NVIDIA A100-SXM4-40GB MIG 4g.20gb (0),1,,13,[CUDA memcpy Host-to-Device]
2710950471,46623,119825,,,,,,,,,,35.810,768051.164,Device,,NVIDIA A100-SXM4-40GB MIG 4g.20gb (0),1,,13,[CUDA memset]
2711003014,11584,119827,,,,,,,,,,0.000,6.906,Pinned,Device,NVIDIA A100-SXM4-40GB MIG 4g.20gb (0),1,,13,[CUDA memcpy Host-to-Device]
2711022566,32608,119828,,,,,,,,,,0.197,6029.378,Pinned,Device,NVIDIA A100-SXM4-40GB MIG 4g.20gb (0),1,,13,[CUDA memcpy Host-to-Device]
2711073477,9312,119829,273,1,1,48,1,1,40,0.000,0.001,,,,,NVIDIA A100-SXM4-40GB MIG 4g.20gb (0),1,,13,"void pusch_noise_intf_est::noiseIntfEstNoDftSOfdmKernel<float, __half, float, float, (unsigned int)2, (unsigned int)1, (unsigned char)4, (unsigned char)4>(pusch_noise_intf_est::puschRxNoiseIntfEstDynDescr)"
2711090533,2752,119840,35,1,1,128,1,1,16,0.000,0.000,,,,,NVIDIA A100-SXM4-40GB MIG 4g.20gb (0),1,,13,cupy_copy__complex64_complex64
2711107141,1760,119849,1,1,1,1,1,1,18,0.000,0.000,,,,,NVIDIA A100-SXM4-40GB MIG 4g.20gb (0),1,,13,cupy_copy__float32_float32
2711113637,5248,119855,,,,,,,,,,0.000,0.762,Device,Pageable,NVIDIA A100-SXM4-40GB MIG 4g.20gb (0),1,,7,[CUDA memcpy Device-to-Host]
2711214052,12608,119866,1434,1,1,128,1,1,16,0.000,0.000,,,,,NVIDIA A100-SXM4-40GB MIG 4g.20gb (0),1,,13,cupy_copy__complex64_complex64
2711237155,3328,119873,103,1,1,128,1,1,16,0.000,0.000,,,,,NVIDIA A100-SXM4-40GB MIG 4g.20gb (0),1,,13,cupy_copy__complex64_complex64
2711258851,2464,119880,35,1,1,128,1,1,16,0.000,0.000,,,,,NVIDIA A100-SXM4-40GB MIG 4g.20gb (0),1,,13,cupy_copy__complex64_complex64
2711278179,1792,119887,1,1,1,1,1,1,18,0.000,0.000,,,,,NVIDIA A100-SXM4-40GB MIG 4g.20gb (0),1,,13,cupy_copy__float32_float32
2711406945,89663,119898,1,1,1,32,32,1,30,0.000,0.000,,,,,NVIDIA A100-SXM4-40GB MIG 4g.20gb (0),1,,13,"void convert_kernel<__half2, float2>(tensor_layout_any, T1 *, tensor_layout_any, const T2 *)"
2711524480,13504,119901,,,,,,,,,,0.094,6938.376,Pinned,Device,NVIDIA A100-SXM4-40GB MIG 4g.20gb (0),1,,13,[CUDA memcpy Host-to-Device]
2711547168,3488,119902,,,,,,,,,,1.547,443412.461,Device,,NVIDIA A100-SXM4-40GB MIG 4g.20gb (0),1,,13,[CUDA memset]
2711555999,8000,119907,,,,,,,,,,0.031,3912.000,Pinned,Device,NVIDIA A100-SXM4-40GB MIG 4g.20gb (0),1,,13,[CUDA memcpy Host-to-Device]
2711566527,16960,119908,,,,,,,,,,0.197,11592.401,Pinned,Device,NVIDIA A100-SXM4-40GB MIG 4g.20gb (0),1,,13,[CUDA memcpy Host-to-Device]
2711594495,8224,119909,273,1,1,8,4,1,39,0.002,0.000,,,,,NVIDIA A100-SXM4-40GB MIG 4g.20gb (0),1,,13,"void channel_eq::eqMmseCoefCompLowMimoKernel<float, float, float, (unsigned int)4, (unsigned int)1, (unsigned int)4>(const channel_eq::_puschRxChEqStatDescr *, channel_eq::_puschRxChEqCoefCompDynDescr)"
2711611295,5344,119910,273,1,1,12,11,1,51,0.002,0.000,,,,,NVIDIA A100-SXM4-40GB MIG 4g.20gb (0),1,,13,"void channel_eq::eqMmseSoftDemapKernel<float, __half, __half, float, (unsigned int)4, (unsigned short)16383>(channel_eq::_puschRxChEqStatDescr *, channel_eq::_puschRxChEqSoftDemapDynDescr)"
2711619711,282492,119911,1,1,1,32,32,1,30,0.000,0.000,,,,,NVIDIA A100-SXM4-40GB MIG 4g.20gb (0),1,,13,"void convert_kernel<float2, __half2>(tensor_layout_any, T1 *, tensor_layout_any, const T2 *)"
2711903163,10944,119923,2253,1,1,128,1,1,16,0.000,0.000,,,,,NVIDIA A100-SXM4-40GB MIG 4g.20gb (0),1,,13,cupy_copy__float16_float16
2711917755,3104,119932,282,1,1,128,1,1,16,0.000,0.000,,,,,NVIDIA A100-SXM4-40GB MIG 4g.20gb (0),1,,13,cupy_copy__complex64_complex64
2711923227,2144,119941,26,1,1,128,1,1,16,0.000,0.000,,,,,NVIDIA A100-SXM4-40GB MIG 4g.20gb (0),1,,13,cupy_copy__float32_float32
2711927355,2912,119950,103,1,1,128,1,1,16,0.000,0.000,,,,,NVIDIA A100-SXM4-40GB MIG 4g.20gb (0),1,,13,cupy_copy__complex64_complex64
2711931387,12224,119960,1434,1,1,128,1,1,16,0.000,0.000,,,,,NVIDIA A100-SXM4-40GB MIG 4g.20gb (0),1,,13,cupy_copy__complex64_complex64
2711948379,82495,119965,1,1,1,32,32,1,30,0.000,0.000,,,,,NVIDIA A100-SXM4-40GB MIG 4g.20gb (0),1,,13,"void convert_kernel<__half2, float2>(tensor_layout_any, T1 *, tensor_layout_any, const T2 *)"
2712058297,5664,119968,,,,,,,,,,0.094,16542.310,Pinned,Device,NVIDIA A100-SXM4-40GB MIG 4g.20gb (0),1,,13,[CUDA memcpy Host-to-Device]
2712069401,597177,119969,,,,,,,,,,456.561,764283.851,Device,,NVIDIA A100-SXM4-40GB MIG 4g.20gb (0),1,,13,[CUDA memset]
2712674514,143614,119974,,,,,,,,,,1.235,8598.915,Pinned,Device,NVIDIA A100-SXM4-40GB MIG 4g.20gb (0),1,,13,[CUDA memcpy Host-to-Device]
2712827504,25759,119975,,,,,,,,,,0.197,7632.519,Pinned,Device,NVIDIA A100-SXM4-40GB MIG 4g.20gb (0),1,,13,[CUDA memcpy Host-to-Device]
2712863471,8064,119976,69,4,1,48,1,1,76,0.002,0.000,,,,,NVIDIA A100-SXM4-40GB MIG 4g.20gb (0),1,,13,"void ch_est::windowedChEstPreNoDftSOfdmKernel<float, __half, float, (unsigned int)2, (unsigned int)1, (unsigned short)4>(ch_est::puschRxChEstStatDescr_t *, ch_est::puschRxChEstDynDescr_t *)"
2712880399,6144,119977,137,2,1,24,2,1,44,0.001,0.001,,,,,NVIDIA A100-SXM4-40GB MIG 4g.20gb (0),1,,13,"void ch_est::chEstFilterNoDftSOfdmDispatchKernel<float, __half, float, (unsigned int)2>(ch_est::puschRxChEstStatDescr_t *, ch_est::puschRxChEstDynDescr_t *)"
2712888335,6592,119978,137,2,1,24,2,1,44,0.001,0.001,,,,,NVIDIA A100-SXM4-40GB MIG 4g.20gb (0),1,,13,"void ch_est::chEstFilterNoDftSOfdmDispatchKernel<float, __half, float, (unsigned int)2>(ch_est::puschRxChEstStatDescr_t *, ch_est::puschRxChEstDynDescr_t *)"
2712896367,2464,119989,103,1,1,128,1,1,16,0.000,0.000,,,,,NVIDIA A100-SXM4-40GB MIG 4g.20gb (0),1,,13,cupy_copy__complex64_complex64
2712905487,12640,119999,1434,1,1,128,1,1,16,0.000,0.000,,,,,NVIDIA A100-SXM4-40GB MIG 4g.20gb (0),1,,13,cupy_copy__complex64_complex64
2712920783,2624,120006,103,1,1,128,1,1,16,0.000,0.000,,,,,NVIDIA A100-SXM4-40GB MIG 4g.20gb (0),1,,13,cupy_copy__complex64_complex64
2712930126,82015,120013,1,1,1,32,32,1,30,0.000,0.000,,,,,NVIDIA A100-SXM4-40GB MIG 4g.20gb (0),1,,13,"void convert_kernel<__half2, float2>(tensor_layout_any, T1 *, tensor_layout_any, const T2 *)"
2713044493,10112,120016,,,,,,,,,,0.094,9265.785,Pinned,Device,NVIDIA A100-SXM4-40GB MIG 4g.20gb (0),1,,13,[CUDA memcpy Host-to-Device]
2713063661,47551,120017,,,,,,,,,,35.810,753082.618,Device,,NVIDIA A100-SXM4-40GB MIG 4g.20gb (0),1,,13,[CUDA memset]
2713113996,7904,120019,,,,,,,,,,0.000,10.121,Pinned,Device,NVIDIA A100-SXM4-40GB MIG 4g.20gb (0),1,,13,[CUDA memcpy Host-to-Device]
2713125900,21600,120020,,,,,,,,,,0.197,9102.164,Pinned,Device,NVIDIA A100-SXM4-40GB MIG 4g.20gb (0),1,,13,[CUDA memcpy Host-to-Device]
2713159756,9632,120021,273,1,1,48,1,1,40,0.000,0.001,,,,,NVIDIA A100-SXM4-40GB MIG 4g.20gb (0),1,,13,"void pusch_noise_intf_est::noiseIntfEstNoDftSOfdmKernel<float, __half, float, float, (unsigned int)2, (unsigned int)1, (unsigned char)4, (unsigned char)4>(pusch_noise_intf_est::puschRxNoiseIntfEstDynDescr)"
2713177067,2912,120032,35,1,1,128,1,1,16,0.000,0.000,,,,,NVIDIA A100-SXM4-40GB MIG 4g.20gb (0),1,,13,cupy_copy__complex64_complex64
2713184971,1760,120041,1,1,1,1,1,1,18,0.000,0.000,,,,,NVIDIA A100-SXM4-40GB MIG 4g.20gb (0),1,,13,cupy_copy__float32_float32
2713194923,3072,120047,,,,,,,,,,0.000,1.302,Device,Pageable,NVIDIA A100-SXM4-40GB MIG 4g.20gb (0),1,,7,[CUDA memcpy Device-to-Host]
2713260874,12960,120058,1434,1,1,128,1,1,16,0.000,0.000,,,,,NVIDIA A100-SXM4-40GB MIG 4g.20gb (0),1,,13,cupy_copy__complex64_complex64
2713290698,2944,120065,103,1,1,128,1,1,16,0.000,0.000,,,,,NVIDIA A100-SXM4-40GB MIG 4g.20gb (0),1,,13,cupy_copy__complex64_complex64
2713312746,2176,120072,35,1,1,128,1,1,16,0.000,0.000,,,,,NVIDIA A100-SXM4-40GB MIG 4g.20gb (0),1,,13,cupy_copy__complex64_complex64
2713329450,1984,120079,1,1,1,1,1,1,18,0.000,0.000,,,,,NVIDIA A100-SXM4-40GB MIG 4g.20gb (0),1,,13,cupy_copy__float32_float32
2713462920,81695,120090,1,1,1,32,32,1,30,0.000,0.000,,,,,NVIDIA A100-SXM4-40GB MIG 4g.20gb (0),1,,13,"void convert_kernel<__half2, float2>(tensor_layout_any, T1 *, tensor_layout_any, const T2 *)"
2713572103,5823,120093,,,,,,,,,,0.094,16090.601,Pinned,Device,NVIDIA A100-SXM4-40GB MIG 4g.20gb (0),1,,13,[CUDA memcpy Host-to-Device]
2713585670,3392,120094,,,,,,,,,,1.547,455961.768,Device,,NVIDIA A100-SXM4-40GB MIG 4g.20gb (0),1,,13,[CUDA memset]
2713592710,3360,120099,,,,,,,,,,0.031,9314.284,Pinned,Device,NVIDIA A100-SXM4-40GB MIG 4g.20gb (0),1,,13,[CUDA memcpy Host-to-Device]
2713598502,9504,120100,,,,,,,,,,0.197,20686.701,Pinned,Device,NVIDIA A100-SXM4-40GB MIG 4g.20gb (0),1,,13,[CUDA memcpy Host-to-Device]
2713611686,6432,120101,273,1,1,8,4,1,39,0.002,0.000,,,,,NVIDIA A100-SXM4-40GB MIG 4g.20gb (0),1,,13,"void channel_eq::eqMmseCoefCompLowMimoKernel<float, float, float, (unsigned int)4, (unsigned int)1, (unsigned int)4>(const channel_eq::_puschRxChEqStatDescr *, channel_eq::_puschRxChEqCoefCompDynDescr)"
2713620102,6240,120102,273,1,1,12,11,1,51,0.002,0.000,,,,,NVIDIA A100-SXM4-40GB MIG 4g.20gb (0),1,,13,"void channel_eq::eqMmseSoftDemapKernel<float, __half, __half, float, (unsigned int)4, (unsigned short)16383>(channel_eq::_puschRxChEqStatDescr *, channel_eq::_puschRxChEqSoftDemapDynDescr)"
2713627430,282652,120103,1,1,1,32,32,1,30,0.000,0.000,,,,,NVIDIA A100-SXM4-40GB MIG 4g.20gb (0),1,,13,"void convert_kernel<float2, __half2>(tensor_layout_any, T1 *, tensor_layout_any, const T2 *)"
2713911042,10976,120115,2253,1,1,128,1,1,16,0.000,0.000,,,,,NVIDIA A100-SXM4-40GB MIG 4g.20gb (0),1,,13,cupy_copy__float16_float16
2713925794,3712,120124,282,1,1,128,1,1,16,0.000,0.000,,,,,NVIDIA A100-SXM4-40GB MIG 4g.20gb (0),1,,13,cupy_copy__complex64_complex64
2713930690,2144,120133,26,1,1,128,1,1,16,0.000,0.000,,,,,NVIDIA A100-SXM4-40GB MIG 4g.20gb (0),1,,13,cupy_copy__float32_float32
2713933858,2784,120142,103,1,1,128,1,1,16,0.000,0.000,,,,,NVIDIA A100-SXM4-40GB MIG 4g.20gb (0),1,,13,cupy_copy__complex64_complex64
2713939906,11968,120152,1434,1,1,128,1,1,16,0.000,0.000,,,,,NVIDIA A100-SXM4-40GB MIG 4g.20gb (0),1,,13,cupy_copy__complex64_complex64
2713957410,82623,120157,1,1,1,32,32,1,30,0.000,0.000,,,,,NVIDIA A100-SXM4-40GB MIG 4g.20gb (0),1,,13,"void convert_kernel<__half2, float2>(tensor_layout_any, T1 *, tensor_layout_any, const T2 *)"
2714069152,5696,120160,,,,,,,,,,0.094,16449.363,Pinned,Device,NVIDIA A100-SXM4-40GB MIG 4g.20gb (0),1,,13,[CUDA memcpy Host-to-Device]
2714079616,597497,120161,,,,,,,,,,456.561,763827.289,Device,,NVIDIA A100-SXM4-40GB MIG 4g.20gb (0),1,,13,[CUDA memset]
2714683993,161758,120166,,,,,,,,,,1.235,7634.424,Pinned,Device,NVIDIA A100-SXM4-40GB MIG 4g.20gb (0),1,,13,[CUDA memcpy Host-to-Device]
2714859095,40639,120167,,,,,,,,,,0.197,4837.736,Pinned,Device,NVIDIA A100-SXM4-40GB MIG 4g.20gb (0),1,,13,[CUDA memcpy Host-to-Device]
2714929430,8160,120168,69,4,1,48,1,1,76,0.002,0.000,,,,,NVIDIA A100-SXM4-40GB MIG 4g.20gb (0),1,,13,"void ch_est::windowedChEstPreNoDftSOfdmKernel<float, __half, float, (unsigned int)2, (unsigned int)1, (unsigned short)4>(ch_est::puschRxChEstStatDescr_t *, ch_est::puschRxChEstDynDescr_t *)"
2714946774,6879,120169,137,2,1,24,2,1,44,0.001,0.001,,,,,NVIDIA A100-SXM4-40GB MIG 4g.20gb (0),1,,13,"void ch_est::chEstFilterNoDftSOfdmDispatchKernel<float, __half, float, (unsigned int)2>(ch_est::puschRxChEstStatDescr_t *, ch_est::puschRxChEstDynDescr_t *)"
2714964021,4768,120170,137,2,1,24,2,1,44,0.001,0.001,,,,,NVIDIA A100-SXM4-40GB MIG 4g.20gb (0),1,,13,"void ch_est::chEstFilterNoDftSOfdmDispatchKernel<float, __half, float, (unsigned int)2>(ch_est::puschRxChEstStatDescr_t *, ch_est::puschRxChEstDynDescr_t *)"
2714980597,2720,120181,103,1,1,128,1,1,16,0.000,0.000,,,,,NVIDIA A100-SXM4-40GB MIG 4g.20gb (0),1,,13,cupy_copy__complex64_complex64
2714997493,12544,120191,1434,1,1,128,1,1,16,0.000,0.000,,,,,NVIDIA A100-SXM4-40GB MIG 4g.20gb (0),1,,13,cupy_copy__complex64_complex64
2715018357,3008,120198,103,1,1,128,1,1,16,0.000,0.000,,,,,NVIDIA A100-SXM4-40GB MIG 4g.20gb (0),1,,13,cupy_copy__complex64_complex64
2715037556,81823,120205,1,1,1,32,32,1,30,0.000,0.000,,,,,NVIDIA A100-SXM4-40GB MIG 4g.20gb (0),1,,13,"void convert_kernel<__half2, float2>(tensor_layout_any, T1 *, tensor_layout_any, const T2 *)"
2715152307,13024,120208,,,,,,,,,,0.094,7194.073,Pinned,Device,NVIDIA A100-SXM4-40GB MIG 4g.20gb (0),1,,13,[CUDA memcpy Host-to-Device]
2715170739,46335,120209,,,,,,,,,,35.810,772813.884,Device,,NVIDIA A100-SXM4-40GB MIG 4g.20gb (0),1,,13,[CUDA memset]
2715221426,6880,120211,,,,,,,,,,0.000,11.628,Pinned,Device,NVIDIA A100-SXM4-40GB MIG 4g.20gb (0),1,,13,[CUDA memcpy Host-to-Device]
2715232114,15328,120212,,,,,,,,,,0.197,12826.706,Pinned,Device,NVIDIA A100-SXM4-40GB MIG 4g.20gb (0),1,,13,[CUDA memcpy Host-to-Device]
2715258226,12800,120213,273,1,1,48,1,1,40,0.000,0.001,,,,,NVIDIA A100-SXM4-40GB MIG 4g.20gb (0),1,,13,"void pusch_noise_intf_est::noiseIntfEstNoDftSOfdmKernel<float, __half, float, float, (unsigned int)2, (unsigned int)1, (unsigned char)4, (unsigned char)4>(pusch_noise_intf_est::puschRxNoiseIntfEstDynDescr)"
2715277969,2592,120224,35,1,1,128,1,1,16,0.000,0.000,,,,,NVIDIA A100-SXM4-40GB MIG 4g.20gb (0),1,,13,cupy_copy__complex64_complex64
2715287985,1728,120233,1,1,1,1,1,1,18,0.000,0.000,,,,,NVIDIA A100-SXM4-40GB MIG 4g.20gb (0),1,,13,cupy_copy__float32_float32
2715304593,6880,120239,,,,,,,,,,0.000,0.581,Device,Pageable,NVIDIA A100-SXM4-40GB MIG 4g.20gb (0),1,,7,[CUDA memcpy Device-to-Host]
2715392272,13120,120250,1434,1,1,128,1,1,16,0.000,0.000,,,,,NVIDIA A100-SXM4-40GB MIG 4g.20gb (0),1,,13,cupy_copy__complex64_complex64
2715410768,3456,120257,103,1,1,128,1,1,16,0.000,0.000,,,,,NVIDIA A100-SXM4-40GB MIG 4g.20gb (0),1,,13,cupy_copy__complex64_complex64
2715442639,2624,120264,35,1,1,128,1,1,16,0.000,0.000,,,,,NVIDIA A100-SXM4-40GB MIG 4g.20gb (0),1,,13,cupy_copy__complex64_complex64
2715454479,1792,120271,1,1,1,1,1,1,18,0.000,0.000,,,,,NVIDIA A100-SXM4-40GB MIG 4g.20gb (0),1,,13,cupy_copy__float32_float32
2715587854,89055,120282,1,1,1,32,32,1,30,0.000,0.000,,,,,NVIDIA A100-SXM4-40GB MIG 4g.20gb (0),1,,13,"void convert_kernel<__half2, float2>(tensor_layout_any, T1 *, tensor_layout_any, const T2 *)"
2715704364,5792,120285,,,,,,,,,,0.094,16176.708,Pinned,Device,NVIDIA A100-SXM4-40GB MIG 4g.20gb (0),1,,13,[CUDA memcpy Host-to-Device]
2715719340,3584,120286,,,,,,,,,,1.547,431534.389,Device,,NVIDIA A100-SXM4-40GB MIG 4g.20gb (0),1,,13,[CUDA memset]
2715726252,3776,120291,,,,,,,,,,0.031,8288.120,Pinned,Device,NVIDIA A100-SXM4-40GB MIG 4g.20gb (0),1,,13,[CUDA memcpy Host-to-Device]
2715732652,9792,120292,,,,,,,,,,0.197,20078.395,Pinned,Device,NVIDIA A100-SXM4-40GB MIG 4g.20gb (0),1,,13,[CUDA memcpy Host-to-Device]
2715746540,6208,120293,273,1,1,8,4,1,39,0.002,0.000,,,,,NVIDIA A100-SXM4-40GB MIG 4g.20gb (0),1,,13,"void channel_eq::eqMmseCoefCompLowMimoKernel<float, float, float, (unsigned int)4, (unsigned int)1, (unsigned int)4>(const channel_eq::_puschRxChEqStatDescr *, channel_eq::_puschRxChEqCoefCompDynDescr)"
2715755180,5887,120294,273,1,1,12,11,1,51,0.002,0.000,,,,,NVIDIA A100-SXM4-40GB MIG 4g.20gb (0),1,,13,"void channel_eq::eqMmseSoftDemapKernel<float, __half, __half, float, (unsigned int)4, (unsigned short)16383>(channel_eq::_puschRxChEqStatDescr *, channel_eq::_puschRxChEqSoftDemapDynDescr)"
2715762155,294973,120295,1,1,1,32,32,1,30,0.000,0.000,,,,,NVIDIA A100-SXM4-40GB MIG 4g.20gb (0),1,,13,"void convert_kernel<float2, __half2>(tensor_layout_any, T1 *, tensor_layout_any, const T2 *)"
2716059816,10976,120307,2253,1,1,128,1,1,16,0.000,0.000,,,,,NVIDIA A100-SXM4-40GB MIG 4g.20gb (0),1,,13,cupy_copy__float16_float16
2716072712,3616,120316,282,1,1,128,1,1,16,0.000,0.000,,,,,NVIDIA A100-SXM4-40GB MIG 4g.20gb (0),1,,13,cupy_copy__complex64_complex64
2716077320,2016,120325,26,1,1,128,1,1,16,0.000,0.000,,,,,NVIDIA A100-SXM4-40GB MIG 4g.20gb (0),1,,13,cupy_copy__float32_float32
2716082632,2783,120334,103,1,1,128,1,1,16,0.000,0.000,,,,,NVIDIA A100-SXM4-40GB MIG 4g.20gb (0),1,,13,cupy_copy__complex64_complex64
2716087847,12256,120344,1434,1,1,128,1,1,16,0.000,0.000,,,,,NVIDIA A100-SXM4-40GB MIG 4g.20gb (0),1,,13,cupy_copy__complex64_complex64
2716103527,82495,120349,1,1,1,32,32,1,30,0.000,0.000,,,,,NVIDIA A100-SXM4-40GB MIG 4g.20gb (0),1,,13,"void convert_kernel<__half2, float2>(tensor_layout_any, T1 *, tensor_layout_any, const T2 *)"
2716213638,5632,120352,,,,,,,,,,0.094,16636.287,Pinned,Device,NVIDIA A100-SXM4-40GB MIG 4g.20gb (0),1,,13,[CUDA memcpy Host-to-Device]
2716223366,597464,120353,,,,,,,,,,456.561,763827.289,Device,,NVIDIA A100-SXM4-40GB MIG 4g.20gb (0),1,,13,[CUDA memset]
2716823198,162526,120358,,,,,,,,,,1.235,7597.375,Pinned,Device,NVIDIA A100-SXM4-40GB MIG 4g.20gb (0),1,,13,[CUDA memcpy Host-to-Device]
2716994652,34976,120359,,,,,,,,,,0.197,5621.219,Pinned,Device,NVIDIA A100-SXM4-40GB MIG 4g.20gb (0),1,,13,[CUDA memcpy Host-to-Device]
2717051420,8031,120360,69,4,1,48,1,1,76,0.002,0.000,,,,,NVIDIA A100-SXM4-40GB MIG 4g.20gb (0),1,,13,"void ch_est::windowedChEstPreNoDftSOfdmKernel<float, __half, float, (unsigned int)2, (unsigned int)1, (unsigned short)4>(ch_est::puschRxChEstStatDescr_t *, ch_est::puschRxChEstDynDescr_t *)"
2717066107,6912,120361,137,2,1,24,2,1,44,0.001,0.001,,,,,NVIDIA A100-SXM4-40GB MIG 4g.20gb (0),1,,13,"void ch_est::chEstFilterNoDftSOfdmDispatchKernel<float, __half, float, (unsigned int)2>(ch_est::puschRxChEstStatDescr_t *, ch_est::puschRxChEstDynDescr_t *)"
2717082331,4768,120362,137,2,1,24,2,1,44,0.001,0.001,,,,,NVIDIA A100-SXM4-40GB MIG 4g.20gb (0),1,,13,"void ch_est::chEstFilterNoDftSOfdmDispatchKernel<float, __half, float, (unsigned int)2>(ch_est::puschRxChEstStatDescr_t *, ch_est::puschRxChEstDynDescr_t *)"
2717094619,2720,120373,103,1,1,128,1,1,16,0.000,0.000,,,,,NVIDIA A100-SXM4-40GB MIG 4g.20gb (0),1,,13,cupy_copy__complex64_complex64
2717106427,12704,120383,1434,1,1,128,1,1,16,0.000,0.000,,,,,NVIDIA A100-SXM4-40GB MIG 4g.20gb (0),1,,13,cupy_copy__complex64_complex64
2717136666,2496,120390,103,1,1,128,1,1,16,0.000,0.000,,,,,NVIDIA A100-SXM4-40GB MIG 4g.20gb (0),1,,13,cupy_copy__complex64_complex64
2717151770,87263,120397,1,1,1,32,32,1,30,0.000,0.000,,,,,NVIDIA A100-SXM4-40GB MIG 4g.20gb (0),1,,13,"void convert_kernel<__half2, float2>(tensor_layout_any, T1 *, tensor_layout_any, const T2 *)"
2717272057,17344,120400,,,,,,,,,,0.094,5402.137,Pinned,Device,NVIDIA A100-SXM4-40GB MIG 4g.20gb (0),1,,13,[CUDA memcpy Host-to-Device]
2717300344,47200,120401,,,,,,,,,,35.810,758668.965,Device,,NVIDIA A100-SXM4-40GB MIG 4g.20gb (0),1,,13,[CUDA memset]
2717353816,5760,120403,,,,,,,,,,0.000,13.889,Pinned,Device,NVIDIA A100-SXM4-40GB MIG 4g.20gb (0),1,,13,[CUDA memcpy Host-to-Device]
2717363832,17215,120404,,,,,,,,,,0.197,11420.566,Pinned,Device,NVIDIA A100-SXM4-40GB MIG 4g.20gb (0),1,,13,[CUDA memcpy Host-to-Device]
2717391895,9504,120405,273,1,1,48,1,1,40,0.000,0.001,,,,,NVIDIA A100-SXM4-40GB MIG 4g.20gb (0),1,,13,"void pusch_noise_intf_est::noiseIntfEstNoDftSOfdmKernel<float, __half, float, float, (unsigned int)2, (unsigned int)1, (unsigned char)4, (unsigned char)4>(pusch_noise_intf_est::puschRxNoiseIntfEstDynDescr)"
2717404919,3136,120416,35,1,1,128,1,1,16,0.000,0.000,,,,,NVIDIA A100-SXM4-40GB MIG 4g.20gb (0),1,,13,cupy_copy__complex64_complex64
2717412631,2176,120425,1,1,1,1,1,1,18,0.000,0.000,,,,,NVIDIA A100-SXM4-40GB MIG 4g.20gb (0),1,,13,cupy_copy__float32_float32
2717421239,4224,120431,,,,,,,,,,0.000,0.947,Device,Pageable,NVIDIA A100-SXM4-40GB MIG 4g.20gb (0),1,,7,[CUDA memcpy Device-to-Host]
2717490262,12640,120442,1434,1,1,128,1,1,16,0.000,0.000,,,,,NVIDIA A100-SXM4-40GB MIG 4g.20gb (0),1,,13,cupy_copy__complex64_complex64
2717518998,3648,120449,103,1,1,128,1,1,16,0.000,0.000,,,,,NVIDIA A100-SXM4-40GB MIG 4g.20gb (0),1,,13,cupy_copy__complex64_complex64
2717535638,2624,120456,35,1,1,128,1,1,16,0.000,0.000,,,,,NVIDIA A100-SXM4-40GB MIG 4g.20gb (0),1,,13,cupy_copy__complex64_complex64
2717554453,1952,120463,1,1,1,1,1,1,18,0.000,0.000,,,,,NVIDIA A100-SXM4-40GB MIG 4g.20gb (0),1,,13,cupy_copy__float32_float32
2717683828,86879,120474,1,1,1,32,32,1,30,0.000,0.000,,,,,NVIDIA A100-SXM4-40GB MIG 4g.20gb (0),1,,13,"void convert_kernel<__half2, float2>(tensor_layout_any, T1 *, tensor_layout_any, const T2 *)"
2717798802,5664,120477,,,,,,,,,,0.094,16542.310,Pinned,Device,NVIDIA A100-SXM4-40GB MIG 4g.20gb (0),1,,13,[CUDA memcpy Host-to-Device]
2717812306,3328,120478,,,,,,,,,,1.547,464729.580,Device,,NVIDIA A100-SXM4-40GB MIG 4g.20gb (0),1,,13,[CUDA memset]
2717819346,3360,120483,,,,,,,,,,0.031,9314.284,Pinned,Device,NVIDIA A100-SXM4-40GB MIG 4g.20gb (0),1,,13,[CUDA memcpy Host-to-Device]
2717825298,9568,120484,,,,,,,,,,0.197,20548.485,Pinned,Device,NVIDIA A100-SXM4-40GB MIG 4g.20gb (0),1,,13,[CUDA memcpy Host-to-Device]
2717839314,6432,120485,273,1,1,8,4,1,39,0.002,0.000,,,,,NVIDIA A100-SXM4-40GB MIG 4g.20gb (0),1,,13,"void channel_eq::eqMmseCoefCompLowMimoKernel<float, float, float, (unsigned int)4, (unsigned int)1, (unsigned int)4>(const channel_eq::_puschRxChEqStatDescr *, channel_eq::_puschRxChEqCoefCompDynDescr)"
2717848018,5888,120486,273,1,1,12,11,1,51,0.002,0.000,,,,,NVIDIA A100-SXM4-40GB MIG 4g.20gb (0),1,,13,"void channel_eq::eqMmseSoftDemapKernel<float, __half, __half, float, (unsigned int)4, (unsigned short)16383>(channel_eq::_puschRxChEqStatDescr *, channel_eq::_puschRxChEqSoftDemapDynDescr)"
2717857394,279132,120487,1,1,1,32,32,1,30,0.000,0.000,,,,,NVIDIA A100-SXM4-40GB MIG 4g.20gb (0),1,,13,"void convert_kernel<float2, __half2>(tensor_layout_any, T1 *, tensor_layout_any, const T2 *)"
2718137550,10976,120499,2253,1,1,128,1,1,16,0.000,0.000,,,,,NVIDIA A100-SXM4-40GB MIG 4g.20gb (0),1,,13,cupy_copy__float16_float16
2718152558,3424,120508,282,1,1,128,1,1,16,0.000,0.000,,,,,NVIDIA A100-SXM4-40GB MIG 4g.20gb (0),1,,13,cupy_copy__complex64_complex64
2718159406,2048,120517,26,1,1,128,1,1,16,0.000,0.000,,,,,NVIDIA A100-SXM4-40GB MIG 4g.20gb (0),1,,13,cupy_copy__float32_float32
2718162862,3584,120526,103,1,1,128,1,1,16,0.000,0.000,,,,,NVIDIA A100-SXM4-40GB MIG 4g.20gb (0),1,,13,cupy_copy__complex64_complex64
2718167502,11872,120536,1434,1,1,128,1,1,16,0.000,0.000,,,,,NVIDIA A100-SXM4-40GB MIG 4g.20gb (0),1,,13,cupy_copy__complex64_complex64
2718190445,81791,120541,1,1,1,32,32,1,30,0.000,0.000,,,,,NVIDIA A100-SXM4-40GB MIG 4g.20gb (0),1,,13,"void convert_kernel<__half2, float2>(tensor_layout_any, T1 *, tensor_layout_any, const T2 *)"
2718299852,5824,120544,,,,,,,,,,0.094,16087.884,Pinned,Device,NVIDIA A100-SXM4-40GB MIG 4g.20gb (0),1,,13,[CUDA memcpy Host-to-Device]
2718310220,601529,120545,,,,,,,,,,456.561,758805.113,Device,,NVIDIA A100-SXM4-40GB MIG 4g.20gb (0),1,,13,[CUDA memset]
2718918788,130783,120550,,,,,,,,,,1.235,9442.382,Pinned,Device,NVIDIA A100-SXM4-40GB MIG 4g.20gb (0),1,,13,[CUDA memcpy Host-to-Device]
2719062947,39807,120551,,,,,,,,,,0.197,4938.990,Pinned,Device,NVIDIA A100-SXM4-40GB MIG 4g.20gb (0),1,,13,[CUDA memcpy Host-to-Device]
2719126306,8128,120552,69,4,1,48,1,1,76,0.002,0.000,,,,,NVIDIA A100-SXM4-40GB MIG 4g.20gb (0),1,,13,"void ch_est::windowedChEstPreNoDftSOfdmKernel<float, __half, float, (unsigned int)2, (unsigned int)1, (unsigned short)4>(ch_est::puschRxChEstStatDescr_t *, ch_est::puschRxChEstDynDescr_t *)"
2719145218,6752,120553,137,2,1,24,2,1,44,0.001,0.001,,,,,NVIDIA A100-SXM4-40GB MIG 4g.20gb (0),1,,13,"void ch_est::chEstFilterNoDftSOfdmDispatchKernel<float, __half, float, (unsigned int)2>(ch_est::puschRxChEstStatDescr_t *, ch_est::puschRxChEstDynDescr_t *)"
2719161441,4736,120554,137,2,1,24,2,1,44,0.001,0.001,,,,,NVIDIA A100-SXM4-40GB MIG 4g.20gb (0),1,,13,"void ch_est::chEstFilterNoDftSOfdmDispatchKernel<float, __half, float, (unsigned int)2>(ch_est::puschRxChEstStatDescr_t *, ch_est::puschRxChEstDynDescr_t *)"
2719180609,2688,120565,103,1,1,128,1,1,16,0.000,0.000,,,,,NVIDIA A100-SXM4-40GB MIG 4g.20gb (0),1,,13,cupy_copy__complex64_complex64
2719197441,12352,120575,1434,1,1,128,1,1,16,0.000,0.000,,,,,NVIDIA A100-SXM4-40GB MIG 4g.20gb (0),1,,13,cupy_copy__complex64_complex64
2719217217,2912,120582,103,1,1,128,1,1,16,0.000,0.000,,,,,NVIDIA A100-SXM4-40GB MIG 4g.20gb (0),1,,13,cupy_copy__complex64_complex64
2719237857,87806,120589,1,1,1,32,32,1,30,0.000,0.000,,,,,NVIDIA A100-SXM4-40GB MIG 4g.20gb (0),1,,13,"void convert_kernel<__half2, float2>(tensor_layout_any, T1 *, tensor_layout_any, const T2 *)"
2719359967,22816,120592,,,,,,,,,,0.094,4106.508,Pinned,Device,NVIDIA A100-SXM4-40GB MIG 4g.20gb (0),1,,13,[CUDA memcpy Host-to-Device]
2719395807,48095,120593,,,,,,,,,,35.810,744559.857,Device,,NVIDIA A100-SXM4-40GB MIG 4g.20gb (0),1,,13,[CUDA memset]
2719453822,8800,120595,,,,,,,,,,0.000,9.091,Pinned,Device,NVIDIA A100-SXM4-40GB MIG 4g.20gb (0),1,,13,[CUDA memcpy Host-to-Device]
2719469982,23615,120596,,,,,,,,,,0.197,8325.366,Pinned,Device,NVIDIA A100-SXM4-40GB MIG 4g.20gb (0),1,,13,[CUDA memcpy Host-to-Device]
2719509437,9536,120597,273,1,1,48,1,1,40,0.000,0.001,,,,,NVIDIA A100-SXM4-40GB MIG 4g.20gb (0),1,,13,"void pusch_noise_intf_est::noiseIntfEstNoDftSOfdmKernel<float, __half, float, float, (unsigned int)2, (unsigned int)1, (unsigned char)4, (unsigned char)4>(pusch_noise_intf_est::puschRxNoiseIntfEstDynDescr)"
2719533853,2592,120608,35,1,1,128,1,1,16,0.000,0.000,,,,,NVIDIA A100-SXM4-40GB MIG 4g.20gb (0),1,,13,cupy_copy__complex64_complex64
2719542237,1664,120617,1,1,1,1,1,1,18,0.000,0.000,,,,,NVIDIA A100-SXM4-40GB MIG 4g.20gb (0),1,,13,cupy_copy__float32_float32
2719550589,7136,120623,,,,,,,,,,0.000,0.561,Device,Pageable,NVIDIA A100-SXM4-40GB MIG 4g.20gb (0),1,,7,[CUDA memcpy Device-to-Host]
2719637308,12895,120634,1434,1,1,128,1,1,16,0.000,0.000,,,,,NVIDIA A100-SXM4-40GB MIG 4g.20gb (0),1,,13,cupy_copy__complex64_complex64
2719672219,3424,120641,103,1,1,128,1,1,16,0.000,0.000,,,,,NVIDIA A100-SXM4-40GB MIG 4g.20gb (0),1,,13,cupy_copy__complex64_complex64
2719688027,2176,120648,35,1,1,128,1,1,16,0.000,0.000,,,,,NVIDIA A100-SXM4-40GB MIG 4g.20gb (0),1,,13,cupy_copy__complex64_complex64
2719701659,1760,120655,1,1,1,1,1,1,18,0.000,0.000,,,,,NVIDIA A100-SXM4-40GB MIG 4g.20gb (0),1,,13,cupy_copy__float32_float32
2719822105,82815,120666,1,1,1,32,32,1,30,0.000,0.000,,,,,NVIDIA A100-SXM4-40GB MIG 4g.20gb (0),1,,13,"void convert_kernel<__half2, float2>(tensor_layout_any, T1 *, tensor_layout_any, const T2 *)"
2719933080,6080,120669,,,,,,,,,,0.094,15410.462,Pinned,Device,NVIDIA A100-SXM4-40GB MIG 4g.20gb (0),1,,13,[CUDA memcpy Host-to-Device]
2719949272,3264,120670,,,,,,,,,,1.547,473842.288,Device,,NVIDIA A100-SXM4-40GB MIG 4g.20gb (0),1,,13,[CUDA memset]
2719954392,3584,120675,,,,,,,,,,0.031,8732.116,Pinned,Device,NVIDIA A100-SXM4-40GB MIG 4g.20gb (0),1,,13,[CUDA memcpy Host-to-Device]
2719960408,10143,120676,,,,,,,,,,0.197,19383.583,Pinned,Device,NVIDIA A100-SXM4-40GB MIG 4g.20gb (0),1,,13,[CUDA memcpy Host-to-Device]
2719975159,6048,120677,273,1,1,8,4,1,39,0.002,0.000,,,,,NVIDIA A100-SXM4-40GB MIG 4g.20gb (0),1,,13,"void channel_eq::eqMmseCoefCompLowMimoKernel<float, float, float, (unsigned int)4, (unsigned int)1, (unsigned int)4>(const channel_eq::_puschRxChEqStatDescr *, channel_eq::_puschRxChEqCoefCompDynDescr)"
2719983831,6496,120678,273,1,1,12,11,1,51,0.002,0.000,,,,,NVIDIA A100-SXM4-40GB MIG 4g.20gb (0),1,,13,"void channel_eq::eqMmseSoftDemapKernel<float, __half, __half, float, (unsigned int)4, (unsigned short)16383>(channel_eq::_puschRxChEqStatDescr *, channel_eq::_puschRxChEqSoftDemapDynDescr)"
2719991383,294909,120679,1,1,1,32,32,1,30,0.000,0.000,,,,,NVIDIA A100-SXM4-40GB MIG 4g.20gb (0),1,,13,"void convert_kernel<float2, __half2>(tensor_layout_any, T1 *, tensor_layout_any, const T2 *)"
2720287828,11039,120691,2253,1,1,128,1,1,16,0.000,0.000,,,,,NVIDIA A100-SXM4-40GB MIG 4g.20gb (0),1,,13,cupy_copy__float16_float16
2720303411,2688,120700,282,1,1,128,1,1,16,0.000,0.000,,,,,NVIDIA A100-SXM4-40GB MIG 4g.20gb (0),1,,13,cupy_copy__complex64_complex64
2720309459,2112,120709,26,1,1,128,1,1,16,0.000,0.000,,,,,NVIDIA A100-SXM4-40GB MIG 4g.20gb (0),1,,13,cupy_copy__float32_float32
2720314675,3232,120718,103,1,1,128,1,1,16,0.000,0.000,,,,,NVIDIA A100-SXM4-40GB MIG 4g.20gb (0),1,,13,cupy_copy__complex64_complex64
2720321107,12320,120728,1434,1,1,128,1,1,16,0.000,0.000,,,,,NVIDIA A100-SXM4-40GB MIG 4g.20gb (0),1,,13,cupy_copy__complex64_complex64
2720338195,87647,120733,1,1,1,32,32,1,30,0.000,0.000,,,,,NVIDIA A100-SXM4-40GB MIG 4g.20gb (0),1,,13,"void convert_kernel<__half2, float2>(tensor_layout_any, T1 *, tensor_layout_any, const T2 *)"
2720454033,5568,120736,,,,,,,,,,0.094,16827.521,Pinned,Device,NVIDIA A100-SXM4-40GB MIG 4g.20gb (0),1,,13,[CUDA memcpy Host-to-Device]
2720464241,600857,120737,,,,,,,,,,456.561,759718.236,Device,,NVIDIA A100-SXM4-40GB MIG 4g.20gb (0),1,,13,[CUDA memset]
2721072234,78207,120742,,,,,,,,,,1.235,15789.994,Pinned,Device,NVIDIA A100-SXM4-40GB MIG 4g.20gb (0),1,,13,[CUDA memcpy Host-to-Device]
2721156553,21152,120743,,,,,,,,,,0.197,9294.840,Pinned,Device,NVIDIA A100-SXM4-40GB MIG 4g.20gb (0),1,,13,[CUDA memcpy Host-to-Device]
2721186952,7744,120744,69,4,1,48,1,1,76,0.002,0.000,,,,,NVIDIA A100-SXM4-40GB MIG 4g.20gb (0),1,,13,"void ch_est::windowedChEstPreNoDftSOfdmKernel<float, __half, float, (unsigned int)2, (unsigned int)1, (unsigned short)4>(ch_est::puschRxChEstStatDescr_t *, ch_est::puschRxChEstDynDescr_t *)"
2721202792,6848,120745,137,2,1,24,2,1,44,0.001,0.001,,,,,NVIDIA A100-SXM4-40GB MIG 4g.20gb (0),1,,13,"void ch_est::chEstFilterNoDftSOfdmDispatchKernel<float, __half, float, (unsigned int)2>(ch_est::puschRxChEstStatDescr_t *, ch_est::puschRxChEstDynDescr_t *)"
2721217352,6368,120746,137,2,1,24,2,1,44,0.001,0.001,,,,,NVIDIA A100-SXM4-40GB MIG 4g.20gb (0),1,,13,"void ch_est::chEstFilterNoDftSOfdmDispatchKernel<float, __half, float, (unsigned int)2>(ch_est::puschRxChEstStatDescr_t *, ch_est::puschRxChEstDynDescr_t *)"
2721225672,3200,120757,103,1,1,128,1,1,16,0.000,0.000,,,,,NVIDIA A100-SXM4-40GB MIG 4g.20gb (0),1,,13,cupy_copy__complex64_complex64
2721234632,12608,120767,1434,1,1,128,1,1,16,0.000,0.000,,,,,NVIDIA A100-SXM4-40GB MIG 4g.20gb (0),1,,13,cupy_copy__complex64_complex64
2721250024,2720,120774,103,1,1,128,1,1,16,0.000,0.000,,,,,NVIDIA A100-SXM4-40GB MIG 4g.20gb (0),1,,13,cupy_copy__complex64_complex64
2721257800,88766,120781,1,1,1,32,32,1,30,0.000,0.000,,,,,NVIDIA A100-SXM4-40GB MIG 4g.20gb (0),1,,13,"void convert_kernel<__half2, float2>(tensor_layout_any, T1 *, tensor_layout_any, const T2 *)"
2721377958,9088,120784,,,,,,,,,,0.094,10309.839,Pinned,Device,NVIDIA A100-SXM4-40GB MIG 4g.20gb (0),1,,13,[CUDA memcpy Host-to-Device]
2721391814,47007,120785,,,,,,,,,,35.810,761784.428,Device,,NVIDIA A100-SXM4-40GB MIG 4g.20gb (0),1,,13,[CUDA memset]
2721445669,2080,120787,,,,,,,,,,0.000,38.462,Pinned,Device,NVIDIA A100-SXM4-40GB MIG 4g.20gb (0),1,,13,[CUDA memcpy Host-to-Device]
2721456101,15616,120788,,,,,,,,,,0.197,12589.990,Pinned,Device,NVIDIA A100-SXM4-40GB MIG 4g.20gb (0),1,,13,[CUDA memcpy Host-to-Device]
2721491877,9056,120789,273,1,1,48,1,1,40,0.000,0.001,,,,,NVIDIA A100-SXM4-40GB MIG 4g.20gb (0),1,,13,"void pusch_noise_intf_est::noiseIntfEstNoDftSOfdmKernel<float, __half, float, float, (unsigned int)2, (unsigned int)1, (unsigned char)4, (unsigned char)4>(pusch_noise_intf_est::puschRxNoiseIntfEstDynDescr)"
2721511044,2752,120800,35,1,1,128,1,1,16,0.000,0.000,,,,,NVIDIA A100-SXM4-40GB MIG 4g.20gb (0),1,,13,cupy_copy__complex64_complex64
2721523108,1760,120809,1,1,1,1,1,1,18,0.000,0.000,,,,,NVIDIA A100-SXM4-40GB MIG 4g.20gb (0),1,,13,cupy_copy__float32_float32
2721539876,6656,120815,,,,,,,,,,0.000,0.601,Device,Pageable,NVIDIA A100-SXM4-40GB MIG 4g.20gb (0),1,,7,[CUDA memcpy Device-to-Host]
2721622243,12832,120826,1434,1,1,128,1,1,16,0.000,0.000,,,,,NVIDIA A100-SXM4-40GB MIG 4g.20gb (0),1,,13,cupy_copy__complex64_complex64
2721655715,2976,120833,103,1,1,128,1,1,16,0.000,0.000,,,,,NVIDIA A100-SXM4-40GB MIG 4g.20gb (0),1,,13,cupy_copy__complex64_complex64
2721675778,2560,120840,35,1,1,128,1,1,16,0.000,0.000,,,,,NVIDIA A100-SXM4-40GB MIG 4g.20gb (0),1,,13,cupy_copy__complex64_complex64
2721688354,1824,120847,1,1,1,1,1,1,18,0.000,0.000,,,,,NVIDIA A100-SXM4-40GB MIG 4g.20gb (0),1,,13,cupy_copy__float32_float32
2721813921,82879,120858,1,1,1,32,32,1,30,0.000,0.000,,,,,NVIDIA A100-SXM4-40GB MIG 4g.20gb (0),1,,13,"void convert_kernel<__half2, float2>(tensor_layout_any, T1 *, tensor_layout_any, const T2 *)"
2721924767,5504,120861,,,,,,,,,,0.094,17023.251,Pinned,Device,NVIDIA A100-SXM4-40GB MIG 4g.20gb (0),1,,13,[CUDA memcpy Host-to-Device]
2721939295,3328,120862,,,,,,,,,,1.547,464729.580,Device,,NVIDIA A100-SXM4-40GB MIG 4g.20gb (0),1,,13,[CUDA memset]
2721946175,3296,120867,,,,,,,,,,0.031,9495.144,Pinned,Device,NVIDIA A100-SXM4-40GB MIG 4g.20gb (0),1,,13,[CUDA memcpy Host-to-Device]
2721951935,9440,120868,,,,,,,,,,0.197,20827.079,Pinned,Device,NVIDIA A100-SXM4-40GB MIG 4g.20gb (0),1,,13,[CUDA memcpy Host-to-Device]
2721965759,8640,120869,273,1,1,8,4,1,39,0.002,0.000,,,,,NVIDIA A100-SXM4-40GB MIG 4g.20gb (0),1,,13,"void channel_eq::eqMmseCoefCompLowMimoKernel<float, float, float, (unsigned int)4, (unsigned int)1, (unsigned int)4>(const channel_eq::_puschRxChEqStatDescr *, channel_eq::_puschRxChEqCoefCompDynDescr)"
2721975519,5984,120870,273,1,1,12,11,1,51,0.002,0.000,,,,,NVIDIA A100-SXM4-40GB MIG 4g.20gb (0),1,,13,"void channel_eq::eqMmseSoftDemapKernel<float, __half, __half, float, (unsigned int)4, (unsigned short)16383>(channel_eq::_puschRxChEqStatDescr *, channel_eq::_puschRxChEqSoftDemapDynDescr)"
2721982559,283004,120871,1,1,1,32,32,1,30,0.000,0.000,,,,,NVIDIA A100-SXM4-40GB MIG 4g.20gb (0),1,,13,"void convert_kernel<float2, __half2>(tensor_layout_any, T1 *, tensor_layout_any, const T2 *)"
2722270011,11104,120883,2253,1,1,128,1,1,16,0.000,0.000,,,,,NVIDIA A100-SXM4-40GB MIG 4g.20gb (0),1,,13,cupy_copy__float16_float16
2722283003,3680,120892,282,1,1,128,1,1,16,0.000,0.000,,,,,NVIDIA A100-SXM4-40GB MIG 4g.20gb (0),1,,13,cupy_copy__complex64_complex64
2722287675,2240,120901,26,1,1,128,1,1,16,0.000,0.000,,,,,NVIDIA A100-SXM4-40GB MIG 4g.20gb (0),1,,13,cupy_copy__float32_float32
2722293691,3008,120910,103,1,1,128,1,1,16,0.000,0.000,,,,,NVIDIA A100-SXM4-40GB MIG 4g.20gb (0),1,,13,cupy_copy__complex64_complex64
2722299451,12032,120920,1434,1,1,128,1,1,16,0.000,0.000,,,,,NVIDIA A100-SXM4-40GB MIG 4g.20gb (0),1,,13,cupy_copy__complex64_complex64
2722317498,82815,120925,1,1,1,32,32,1,30,0.000,0.000,,,,,NVIDIA A100-SXM4-40GB MIG 4g.20gb (0),1,,13,"void convert_kernel<__half2, float2>(tensor_layout_any, T1 *, tensor_layout_any, const T2 *)"
2722427801,5600,120928,,,,,,,,,,0.094,16731.388,Pinned,Device,NVIDIA A100-SXM4-40GB MIG 4g.20gb (0),1,,13,[CUDA memcpy Host-to-Device]
2722438457,597049,120929,,,,,,,,,,456.561,764283.851,Device,,NVIDIA A100-SXM4-40GB MIG 4g.20gb (0),1,,13,[CUDA memset]
2723039474,147678,120934,,,,,,,,,,1.235,8361.806,Pinned,Device,NVIDIA A100-SXM4-40GB MIG 4g.20gb (0),1,,13,[CUDA memcpy Host-to-Device]
2723195824,28863,120935,,,,,,,,,,0.197,6811.681,Pinned,Device,NVIDIA A100-SXM4-40GB MIG 4g.20gb (0),1,,13,[CUDA memcpy Host-to-Device]
2723237775,8384,120936,69,4,1,48,1,1,76,0.002,0.000,,,,,NVIDIA A100-SXM4-40GB MIG 4g.20gb (0),1,,13,"void ch_est::windowedChEstPreNoDftSOfdmKernel<float, __half, float, (unsigned int)2, (unsigned int)1, (unsigned short)4>(ch_est::puschRxChEstStatDescr_t *, ch_est::puschRxChEstDynDescr_t *)"
2723250447,7424,120937,137,2,1,24,2,1,44,0.001,0.001,,,,,NVIDIA A100-SXM4-40GB MIG 4g.20gb (0),1,,13,"void ch_est::chEstFilterNoDftSOfdmDispatchKernel<float, __half, float, (unsigned int)2>(ch_est::puschRxChEstStatDescr_t *, ch_est::puschRxChEstDynDescr_t *)"
2723266095,4992,120938,137,2,1,24,2,1,44,0.001,0.001,,,,,NVIDIA A100-SXM4-40GB MIG 4g.20gb (0),1,,13,"void ch_est::chEstFilterNoDftSOfdmDispatchKernel<float, __half, float, (unsigned int)2>(ch_est::puschRxChEstStatDescr_t *, ch_est::puschRxChEstDynDescr_t *)"
2723278767,2752,120949,103,1,1,128,1,1,16,0.000,0.000,,,,,NVIDIA A100-SXM4-40GB MIG 4g.20gb (0),1,,13,cupy_copy__complex64_complex64
2723286446,12352,120959,1434,1,1,128,1,1,16,0.000,0.000,,,,,NVIDIA A100-SXM4-40GB MIG 4g.20gb (0),1,,13,cupy_copy__complex64_complex64
2723301614,3264,120966,103,1,1,128,1,1,16,0.000,0.000,,,,,NVIDIA A100-SXM4-40GB MIG 4g.20gb (0),1,,13,cupy_copy__complex64_complex64
2723307342,82271,120973,1,1,1,32,32,1,30,0.000,0.000,,,,,NVIDIA A100-SXM4-40GB MIG 4g.20gb (0),1,,13,"void convert_kernel<__half2, float2>(tensor_layout_any, T1 *, tensor_layout_any, const T2 *)"
2723417037,5408,120976,,,,,,,,,,0.094,17325.421,Pinned,Device,NVIDIA A100-SXM4-40GB MIG 4g.20gb (0),1,,13,[CUDA memcpy Host-to-Device]
2723429613,48319,120977,,,,,,,,,,35.810,741086.294,Device,,NVIDIA A100-SXM4-40GB MIG 4g.20gb (0),1,,13,[CUDA memset]
2723483404,2528,120979,,,,,,,,,,0.000,31.646,Pinned,Device,NVIDIA A100-SXM4-40GB MIG 4g.20gb (0),1,,13,[CUDA memcpy Host-to-Device]
2723491340,12288,120980,,,,,,,,,,0.197,15999.959,Pinned,Device,NVIDIA A100-SXM4-40GB MIG 4g.20gb (0),1,,13,[CUDA memcpy Host-to-Device]
2723516140,11423,120981,273,1,1,48,1,1,40,0.000,0.001,,,,,NVIDIA A100-SXM4-40GB MIG 4g.20gb (0),1,,13,"void pusch_noise_intf_est::noiseIntfEstNoDftSOfdmKernel<float, __half, float, float, (unsigned int)2, (unsigned int)1, (unsigned char)4, (unsigned char)4>(pusch_noise_intf_est::puschRxNoiseIntfEstDynDescr)"
2723532651,3008,120992,35,1,1,128,1,1,16,0.000,0.000,,,,,NVIDIA A100-SXM4-40GB MIG 4g.20gb (0),1,,13,cupy_copy__complex64_complex64
2723541611,1760,121001,1,1,1,1,1,1,18,0.000,0.000,,,,,NVIDIA A100-SXM4-40GB MIG 4g.20gb (0),1,,13,cupy_copy__float32_float32
2723573611,1568,121007,,,,,,,,,,0.000,2.551,Device,Pageable,NVIDIA A100-SXM4-40GB MIG 4g.20gb (0),1,,7,[CUDA memcpy Device-to-Host]
2723633130,12960,121018,1434,1,1,128,1,1,16,0.000,0.000,,,,,NVIDIA A100-SXM4-40GB MIG 4g.20gb (0),1,,13,cupy_copy__complex64_complex64
2723660394,3552,121025,103,1,1,128,1,1,16,0.000,0.000,,,,,NVIDIA A100-SXM4-40GB MIG 4g.20gb (0),1,,13,cupy_copy__complex64_complex64
2723680330,2176,121032,35,1,1,128,1,1,16,0.000,0.000,,,,,NVIDIA A100-SXM4-40GB MIG 4g.20gb (0),1,,13,cupy_copy__complex64_complex64
2723698441,1760,121039,1,1,1,1,1,1,18,0.000,0.000,,,,,NVIDIA A100-SXM4-40GB MIG 4g.20gb (0),1,,13,cupy_copy__float32_float32
2723831272,81375,121050,1,1,1,32,32,1,30,0.000,0.000,,,,,NVIDIA A100-SXM4-40GB MIG 4g.20gb (0),1,,13,"void convert_kernel<__half2, float2>(tensor_layout_any, T1 *, tensor_layout_any, const T2 *)"
2723940294,5664,121053,,,,,,,,,,0.094,16542.310,Pinned,Device,NVIDIA A100-SXM4-40GB MIG 4g.20gb (0),1,,13,[CUDA memcpy Host-to-Device]
2723954150,3360,121054,,,,,,,,,,1.547,460304.688,Device,,NVIDIA A100-SXM4-40GB MIG 4g.20gb (0),1,,13,[CUDA memset]
2723960838,3584,121059,,,,,,,,,,0.031,8732.116,Pinned,Device,NVIDIA A100-SXM4-40GB MIG 4g.20gb (0),1,,13,[CUDA memcpy Host-to-Device]
2723966822,10112,121060,,,,,,,,,,0.197,19442.958,Pinned,Device,NVIDIA A100-SXM4-40GB MIG 4g.20gb (0),1,,13,[CUDA memcpy Host-to-Device]
2723982822,6688,121061,273,1,1,8,4,1,39,0.002,0.000,,,,,NVIDIA A100-SXM4-40GB MIG 4g.20gb (0),1,,13,"void channel_eq::eqMmseCoefCompLowMimoKernel<float, float, float, (unsigned int)4, (unsigned int)1, (unsigned int)4>(const channel_eq::_puschRxChEqStatDescr *, channel_eq::_puschRxChEqCoefCompDynDescr)"
2723990566,6240,121062,273,1,1,12,11,1,51,0.002,0.000,,,,,NVIDIA A100-SXM4-40GB MIG 4g.20gb (0),1,,13,"void channel_eq::eqMmseSoftDemapKernel<float, __half, __half, float, (unsigned int)4, (unsigned short)16383>(channel_eq::_puschRxChEqStatDescr *, channel_eq::_puschRxChEqSoftDemapDynDescr)"
2723997862,282812,121063,1,1,1,32,32,1,30,0.000,0.000,,,,,NVIDIA A100-SXM4-40GB MIG 4g.20gb (0),1,,13,"void convert_kernel<float2, __half2>(tensor_layout_any, T1 *, tensor_layout_any, const T2 *)"
2724281762,10944,121075,2253,1,1,128,1,1,16,0.000,0.000,,,,,NVIDIA A100-SXM4-40GB MIG 4g.20gb (0),1,,13,cupy_copy__float16_float16
2724295842,3648,121084,282,1,1,128,1,1,16,0.000,0.000,,,,,NVIDIA A100-SXM4-40GB MIG 4g.20gb (0),1,,13,cupy_copy__complex64_complex64
2724301474,2048,121093,26,1,1,128,1,1,16,0.000,0.000,,,,,NVIDIA A100-SXM4-40GB MIG 4g.20gb (0),1,,13,cupy_copy__float32_float32
2724305442,3264,121102,103,1,1,128,1,1,16,0.000,0.000,,,,,NVIDIA A100-SXM4-40GB MIG 4g.20gb (0),1,,13,cupy_copy__complex64_complex64
2724309666,12000,121112,1434,1,1,128,1,1,16,0.000,0.000,,,,,NVIDIA A100-SXM4-40GB MIG 4g.20gb (0),1,,13,cupy_copy__complex64_complex64
2724333026,82846,121117,1,1,1,32,32,1,30,0.000,0.000,,,,,NVIDIA A100-SXM4-40GB MIG 4g.20gb (0),1,,13,"void convert_kernel<__half2, float2>(tensor_layout_any, T1 *, tensor_layout_any, const T2 *)"
2724443680,5952,121120,,,,,,,,,,0.094,15741.865,Pinned,Device,NVIDIA A100-SXM4-40GB MIG 4g.20gb (0),1,,13,[CUDA memcpy Host-to-Device]
2724453536,596697,121121,,,,,,,,,,456.561,764740.412,Device,,NVIDIA A100-SXM4-40GB MIG 4g.20gb (0),1,,13,[CUDA memset]
2725057593,146302,121126,,,,,,,,,,1.235,8440.842,Pinned,Device,NVIDIA A100-SXM4-40GB MIG 4g.20gb (0),1,,13,[CUDA memcpy Host-to-Device]
2725216663,40639,121127,,,,,,,,,,0.197,4837.736,Pinned,Device,NVIDIA A100-SXM4-40GB MIG 4g.20gb (0),1,,13,[CUDA memcpy Host-to-Device]
2725274774,8256,121128,69,4,1,48,1,1,76,0.002,0.000,,,,,NVIDIA A100-SXM4-40GB MIG 4g.20gb (0),1,,13,"void ch_est::windowedChEstPreNoDftSOfdmKernel<float, __half, float, (unsigned int)2, (unsigned int)1, (unsigned short)4>(ch_est::puschRxChEstStatDescr_t *, ch_est::puschRxChEstDynDescr_t *)"
2725294198,6784,121129,137,2,1,24,2,1,44,0.001,0.001,,,,,NVIDIA A100-SXM4-40GB MIG 4g.20gb (0),1,,13,"void ch_est::chEstFilterNoDftSOfdmDispatchKernel<float, __half, float, (unsigned int)2>(ch_est::puschRxChEstStatDescr_t *, ch_est::puschRxChEstDynDescr_t *)"
2725312469,4768,121130,137,2,1,24,2,1,44,0.001,0.001,,,,,NVIDIA A100-SXM4-40GB MIG 4g.20gb (0),1,,13,"void ch_est::chEstFilterNoDftSOfdmDispatchKernel<float, __half, float, (unsigned int)2>(ch_est::puschRxChEstStatDescr_t *, ch_est::puschRxChEstDynDescr_t *)"
2725329717,2720,121141,103,1,1,128,1,1,16,0.000,0.000,,,,,NVIDIA A100-SXM4-40GB MIG 4g.20gb (0),1,,13,cupy_copy__complex64_complex64
2725346933,12384,121151,1434,1,1,128,1,1,16,0.000,0.000,,,,,NVIDIA A100-SXM4-40GB MIG 4g.20gb (0),1,,13,cupy_copy__complex64_complex64
2725366421,2944,121158,103,1,1,128,1,1,16,0.000,0.000,,,,,NVIDIA A100-SXM4-40GB MIG 4g.20gb (0),1,,13,cupy_copy__complex64_complex64
2725386293,88414,121165,1,1,1,32,32,1,30,0.000,0.000,,,,,NVIDIA A100-SXM4-40GB MIG 4g.20gb (0),1,,13,"void convert_kernel<__half2, float2>(tensor_layout_any, T1 *, tensor_layout_any, const T2 *)"
2725506707,13568,121168,,,,,,,,,,0.094,6905.583,Pinned,Device,NVIDIA A100-SXM4-40GB MIG 4g.20gb (0),1,,13,[CUDA memcpy Host-to-Device]
2725531443,47231,121169,,,,,,,,,,35.810,758167.626,Device,,NVIDIA A100-SXM4-40GB MIG 4g.20gb (0),1,,13,[CUDA memset]
2725579954,4384,121171,,,,,,,,,,0.000,18.248,Pinned,Device,NVIDIA A100-SXM4-40GB MIG 4g.20gb (0),1,,13,[CUDA memcpy Host-to-Device]
2725587826,11776,121172,,,,,,,,,,0.197,16695.558,Pinned,Device,NVIDIA A100-SXM4-40GB MIG 4g.20gb (0),1,,13,[CUDA memcpy Host-to-Device]
2725604658,9632,121173,273,1,1,48,1,1,40,0.000,0.001,,,,,NVIDIA A100-SXM4-40GB MIG 4g.20gb (0),1,,13,"void pusch_noise_intf_est::noiseIntfEstNoDftSOfdmKernel<float, __half, float, float, (unsigned int)2, (unsigned int)1, (unsigned char)4, (unsigned char)4>(pusch_noise_intf_est::puschRxNoiseIntfEstDynDescr)"
2725616914,2816,121184,35,1,1,128,1,1,16,0.000,0.000,,,,,NVIDIA A100-SXM4-40GB MIG 4g.20gb (0),1,,13,cupy_copy__complex64_complex64
2725623634,1792,121193,1,1,1,1,1,1,18,0.000,0.000,,,,,NVIDIA A100-SXM4-40GB MIG 4g.20gb (0),1,,13,cupy_copy__float32_float32
2725656497,1632,121199,,,,,,,,,,0.000,2.451,Device,Pageable,NVIDIA A100-SXM4-40GB MIG 4g.20gb (0),1,,7,[CUDA memcpy Device-to-Host]
2725716880,12960,121210,1434,1,1,128,1,1,16,0.000,0.000,,,,,NVIDIA A100-SXM4-40GB MIG 4g.20gb (0),1,,13,cupy_copy__complex64_complex64
2725744112,2848,121217,103,1,1,128,1,1,16,0.000,0.000,,,,,NVIDIA A100-SXM4-40GB MIG 4g.20gb (0),1,,13,cupy_copy__complex64_complex64
2725764304,2144,121224,35,1,1,128,1,1,16,0.000,0.000,,,,,NVIDIA A100-SXM4-40GB MIG 4g.20gb (0),1,,13,cupy_copy__complex64_complex64
2725782160,1728,121231,1,1,1,1,1,1,18,0.000,0.000,,,,,NVIDIA A100-SXM4-40GB MIG 4g.20gb (0),1,,13,cupy_copy__float32_float32
2725913390,87583,121242,1,1,1,32,32,1,30,0.000,0.000,,,,,NVIDIA A100-SXM4-40GB MIG 4g.20gb (0),1,,13,"void convert_kernel<__half2, float2>(tensor_layout_any, T1 *, tensor_layout_any, const T2 *)"
2726028205,5759,121245,,,,,,,,,,0.094,16269.467,Pinned,Device,NVIDIA A100-SXM4-40GB MIG 4g.20gb (0),1,,13,[CUDA memcpy Host-to-Device]
2726042348,3168,121246,,,,,,,,,,1.547,488201.145,Device,,NVIDIA A100-SXM4-40GB MIG 4g.20gb (0),1,,13,[CUDA memset]
2726049004,3008,121251,,,,,,,,,,0.031,10404.230,Pinned,Device,NVIDIA A100-SXM4-40GB MIG 4g.20gb (0),1,,13,[CUDA memcpy Host-to-Device]
2726054764,9824,121252,,,,,,,,,,0.197,20012.925,Pinned,Device,NVIDIA A100-SXM4-40GB MIG 4g.20gb (0),1,,13,[CUDA memcpy Host-to-Device]
2726068940,6176,121253,273,1,1,8,4,1,39,0.002,0.000,,,,,NVIDIA A100-SXM4-40GB MIG 4g.20gb (0),1,,13,"void channel_eq::eqMmseCoefCompLowMimoKernel<float, float, float, (unsigned int)4, (unsigned int)1, (unsigned int)4>(const channel_eq::_puschRxChEqStatDescr *, channel_eq::_puschRxChEqCoefCompDynDescr)"
2726076204,6304,121254,273,1,1,12,11,1,51,0.002,0.000,,,,,NVIDIA A100-SXM4-40GB MIG 4g.20gb (0),1,,13,"void channel_eq::eqMmseSoftDemapKernel<float, __half, __half, float, (unsigned int)4, (unsigned short)16383>(channel_eq::_puschRxChEqStatDescr *, channel_eq::_puschRxChEqSoftDemapDynDescr)"
2726083532,283068,121255,1,1,1,32,32,1,30,0.000,0.000,,,,,NVIDIA A100-SXM4-40GB MIG 4g.20gb (0),1,,13,"void convert_kernel<float2, __half2>(tensor_layout_any, T1 *, tensor_layout_any, const T2 *)"
2726367784,11008,121267,2253,1,1,128,1,1,16,0.000,0.000,,,,,NVIDIA A100-SXM4-40GB MIG 4g.20gb (0),1,,13,cupy_copy__float16_float16
2726381032,2880,121276,282,1,1,128,1,1,16,0.000,0.000,,,,,NVIDIA A100-SXM4-40GB MIG 4g.20gb (0),1,,13,cupy_copy__complex64_complex64
2726386184,1984,121285,26,1,1,128,1,1,16,0.000,0.000,,,,,NVIDIA A100-SXM4-40GB MIG 4g.20gb (0),1,,13,cupy_copy__float32_float32
2726389128,2784,121294,103,1,1,128,1,1,16,0.000,0.000,,,,,NVIDIA A100-SXM4-40GB MIG 4g.20gb (0),1,,13,cupy_copy__complex64_complex64
2726439911,12576,121310,1434,1,1,128,1,1,16,0.000,0.000,,,,,NVIDIA A100-SXM4-40GB MIG 4g.20gb (0),1,,13,cupy_copy__complex64_complex64
2726554470,81759,121315,1,1,1,32,32,1,30,0.000,0.000,,,,,NVIDIA A100-SXM4-40GB MIG 4g.20gb (0),1,,13,"void convert_kernel<__half2, float2>(tensor_layout_any, T1 *, tensor_layout_any, const T2 *)"
2726662693,5824,121318,,,,,,,,,,0.094,16087.884,Pinned,Device,NVIDIA A100-SXM4-40GB MIG 4g.20gb (0),1,,13,[CUDA memcpy Host-to-Device]
2726672581,598360,121319,,,,,,,,,,456.561,762914.166,Device,,NVIDIA A100-SXM4-40GB MIG 4g.20gb (0),1,,13,[CUDA memset]
2727282653,166142,121324,,,,,,,,,,1.235,7431.893,Pinned,Device,NVIDIA A100-SXM4-40GB MIG 4g.20gb (0),1,,13,[CUDA memcpy Host-to-Device]
2727461595,38975,121325,,,,,,,,,,0.197,5044.371,Pinned,Device,NVIDIA A100-SXM4-40GB MIG 4g.20gb (0),1,,13,[CUDA memcpy Host-to-Device]
2727523290,8064,121326,69,4,1,48,1,1,76,0.002,0.000,,,,,NVIDIA A100-SXM4-40GB MIG 4g.20gb (0),1,,13,"void ch_est::windowedChEstPreNoDftSOfdmKernel<float, __half, float, (unsigned int)2, (unsigned int)1, (unsigned short)4>(ch_est::puschRxChEstStatDescr_t *, ch_est::puschRxChEstDynDescr_t *)"
2727541146,6816,121327,137,2,1,24,2,1,44,0.001,0.001,,,,,NVIDIA A100-SXM4-40GB MIG 4g.20gb (0),1,,13,"void ch_est::chEstFilterNoDftSOfdmDispatchKernel<float, __half, float, (unsigned int)2>(ch_est::puschRxChEstStatDescr_t *, ch_est::puschRxChEstDynDescr_t *)"
2727558746,4736,121328,137,2,1,24,2,1,44,0.001,0.001,,,,,NVIDIA A100-SXM4-40GB MIG 4g.20gb (0),1,,13,"void ch_est::chEstFilterNoDftSOfdmDispatchKernel<float, __half, float, (unsigned int)2>(ch_est::puschRxChEstStatDescr_t *, ch_est::puschRxChEstDynDescr_t *)"
2727576409,2752,121339,103,1,1,128,1,1,16,0.000,0.000,,,,,NVIDIA A100-SXM4-40GB MIG 4g.20gb (0),1,,13,cupy_copy__complex64_complex64
2727593561,12544,121349,1434,1,1,128,1,1,16,0.000,0.000,,,,,NVIDIA A100-SXM4-40GB MIG 4g.20gb (0),1,,13,cupy_copy__complex64_complex64
2727612409,2944,121356,103,1,1,128,1,1,16,0.000,0.000,,,,,NVIDIA A100-SXM4-40GB MIG 4g.20gb (0),1,,13,cupy_copy__complex64_complex64
2727633241,93471,121363,1,1,1,32,32,1,30,0.000,0.000,,,,,NVIDIA A100-SXM4-40GB MIG 4g.20gb (0),1,,13,"void convert_kernel<__half2, float2>(tensor_layout_any, T1 *, tensor_layout_any, const T2 *)"
2727762359,26208,121366,,,,,,,,,,0.094,3575.065,Pinned,Device,NVIDIA A100-SXM4-40GB MIG 4g.20gb (0),1,,13,[CUDA memcpy Host-to-Device]
2727808631,46911,121367,,,,,,,,,,35.810,763324.255,Device,,NVIDIA A100-SXM4-40GB MIG 4g.20gb (0),1,,13,[CUDA memset]
2727862294,4416,121369,,,,,,,,,,0.000,18.116,Pinned,Device,NVIDIA A100-SXM4-40GB MIG 4g.20gb (0),1,,13,[CUDA memcpy Host-to-Device]
2727875414,20799,121370,,,,,,,,,,0.197,9452.716,Pinned,Device,NVIDIA A100-SXM4-40GB MIG 4g.20gb (0),1,,13,[CUDA memcpy Host-to-Device]
2727909269,9344,121371,273,1,1,48,1,1,40,0.000,0.001,,,,,NVIDIA A100-SXM4-40GB MIG 4g.20gb (0),1,,13,"void pusch_noise_intf_est::noiseIntfEstNoDftSOfdmKernel<float, __half, float, float, (unsigned int)2, (unsigned int)1, (unsigned char)4, (unsigned char)4>(pusch_noise_intf_est::puschRxNoiseIntfEstDynDescr)"
2727925045,2976,121382,35,1,1,128,1,1,16,0.000,0.000,,,,,NVIDIA A100-SXM4-40GB MIG 4g.20gb (0),1,,13,cupy_copy__complex64_complex64
2727933493,1952,121391,1,1,1,1,1,1,18,0.000,0.000,,,,,NVIDIA A100-SXM4-40GB MIG 4g.20gb (0),1,,13,cupy_copy__float32_float32
2727942165,3488,121397,,,,,,,,,,0.000,1.147,Device,Pageable,NVIDIA A100-SXM4-40GB MIG 4g.20gb (0),1,,7,[CUDA memcpy Device-to-Host]
2728009812,12960,121408,1434,1,1,128,1,1,16,0.000,0.000,,,,,NVIDIA A100-SXM4-40GB MIG 4g.20gb (0),1,,13,cupy_copy__complex64_complex64
2728035060,3328,121415,103,1,1,128,1,1,16,0.000,0.000,,,,,NVIDIA A100-SXM4-40GB MIG 4g.20gb (0),1,,13,cupy_copy__complex64_complex64
2728056691,2848,121422,35,1,1,128,1,1,16,0.000,0.000,,,,,NVIDIA A100-SXM4-40GB MIG 4g.20gb (0),1,,13,cupy_copy__complex64_complex64
2728075635,1760,121429,1,1,1,1,1,1,18,0.000,0.000,,,,,NVIDIA A100-SXM4-40GB MIG 4g.20gb (0),1,,13,cupy_copy__float32_float32
2728208274,83103,121440,1,1,1,32,32,1,30,0.000,0.000,,,,,NVIDIA A100-SXM4-40GB MIG 4g.20gb (0),1,,13,"void convert_kernel<__half2, float2>(tensor_layout_any, T1 *, tensor_layout_any, const T2 *)"
2728318288,5664,121443,,,,,,,,,,0.094,16542.310,Pinned,Device,NVIDIA A100-SXM4-40GB MIG 4g.20gb (0),1,,13,[CUDA memcpy Host-to-Device]
2728332336,3200,121444,,,,,,,,,,1.547,483320.000,Device,,NVIDIA A100-SXM4-40GB MIG 4g.20gb (0),1,,13,[CUDA memset]
2728339440,3424,121449,,,,,,,,,,0.031,9140.185,Pinned,Device,NVIDIA A100-SXM4-40GB MIG 4g.20gb (0),1,,13,[CUDA memcpy Host-to-Device]
2728345328,9728,121450,,,,,,,,,,0.197,20210.516,Pinned,Device,NVIDIA A100-SXM4-40GB MIG 4g.20gb (0),1,,13,[CUDA memcpy Host-to-Device]
2728361168,6240,121451,273,1,1,8,4,1,39,0.002,0.000,,,,,NVIDIA A100-SXM4-40GB MIG 4g.20gb (0),1,,13,"void channel_eq::eqMmseCoefCompLowMimoKernel<float, float, float, (unsigned int)4, (unsigned int)1, (unsigned int)4>(const channel_eq::_puschRxChEqStatDescr *, channel_eq::_puschRxChEqCoefCompDynDescr)"
2728368496,6432,121452,273,1,1,12,11,1,51,0.002,0.000,,,,,NVIDIA A100-SXM4-40GB MIG 4g.20gb (0),1,,13,"void channel_eq::eqMmseSoftDemapKernel<float, __half, __half, float, (unsigned int)4, (unsigned short)16383>(channel_eq::_puschRxChEqStatDescr *, channel_eq::_puschRxChEqSoftDemapDynDescr)"
2728376016,282076,121453,1,1,1,32,32,1,30,0.000,0.000,,,,,NVIDIA A100-SXM4-40GB MIG 4g.20gb (0),1,,13,"void convert_kernel<float2, __half2>(tensor_layout_any, T1 *, tensor_layout_any, const T2 *)"
2728661292,11040,121465,2253,1,1,128,1,1,16,0.000,0.000,,,,,NVIDIA A100-SXM4-40GB MIG 4g.20gb (0),1,,13,cupy_copy__float16_float16
2728674860,3712,121474,282,1,1,128,1,1,16,0.000,0.000,,,,,NVIDIA A100-SXM4-40GB MIG 4g.20gb (0),1,,13,cupy_copy__complex64_complex64
2728679500,2176,121483,26,1,1,128,1,1,16,0.000,0.000,,,,,NVIDIA A100-SXM4-40GB MIG 4g.20gb (0),1,,13,cupy_copy__float32_float32
2728684684,2976,121492,103,1,1,128,1,1,16,0.000,0.000,,,,,NVIDIA A100-SXM4-40GB MIG 4g.20gb (0),1,,13,cupy_copy__complex64_complex64
2728688780,12192,121502,1434,1,1,128,1,1,16,0.000,0.000,,,,,NVIDIA A100-SXM4-40GB MIG 4g.20gb (0),1,,13,cupy_copy__complex64_complex64
2728706731,82175,121507,1,1,1,32,32,1,30,0.000,0.000,,,,,NVIDIA A100-SXM4-40GB MIG 4g.20gb (0),1,,13,"void convert_kernel<__half2, float2>(tensor_layout_any, T1 *, tensor_layout_any, const T2 *)"
2728815818,5472,121510,,,,,,,,,,0.094,17122.757,Pinned,Device,NVIDIA A100-SXM4-40GB MIG 4g.20gb (0),1,,13,[CUDA memcpy Host-to-Device]
2728826954,598841,121511,,,,,,,,,,456.561,762001.043,Device,,NVIDIA A100-SXM4-40GB MIG 4g.20gb (0),1,,13,[CUDA memset]
2729427043,167869,121516,,,,,,,,,,1.235,7356.561,Pinned,Device,NVIDIA A100-SXM4-40GB MIG 4g.20gb (0),1,,13,[CUDA memcpy Host-to-Device]
2729607616,40032,121517,,,,,,,,,,0.197,4911.268,Pinned,Device,NVIDIA A100-SXM4-40GB MIG 4g.20gb (0),1,,13,[CUDA memcpy Host-to-Device]
2729670752,8031,121518,69,4,1,48,1,1,76,0.002,0.000,,,,,NVIDIA A100-SXM4-40GB MIG 4g.20gb (0),1,,13,"void ch_est::windowedChEstPreNoDftSOfdmKernel<float, __half, float, (unsigned int)2, (unsigned int)1, (unsigned short)4>(ch_est::puschRxChEstStatDescr_t *, ch_est::puschRxChEstDynDescr_t *)"
2729689791,6752,121519,137,2,1,24,2,1,44,0.001,0.001,,,,,NVIDIA A100-SXM4-40GB MIG 4g.20gb (0),1,,13,"void ch_est::chEstFilterNoDftSOfdmDispatchKernel<float, __half, float, (unsigned int)2>(ch_est::puschRxChEstStatDescr_t *, ch_est::puschRxChEstDynDescr_t *)"
2729706975,5056,121520,137,2,1,24,2,1,44,0.001,0.001,,,,,NVIDIA A100-SXM4-40GB MIG 4g.20gb (0),1,,13,"void ch_est::chEstFilterNoDftSOfdmDispatchKernel<float, __half, float, (unsigned int)2>(ch_est::puschRxChEstStatDescr_t *, ch_est::puschRxChEstDynDescr_t *)"
2729723775,2496,121531,103,1,1,128,1,1,16,0.000,0.000,,,,,NVIDIA A100-SXM4-40GB MIG 4g.20gb (0),1,,13,cupy_copy__complex64_complex64
2729741663,12288,121541,1434,1,1,128,1,1,16,0.000,0.000,,,,,NVIDIA A100-SXM4-40GB MIG 4g.20gb (0),1,,13,cupy_copy__complex64_complex64
2729761118,2528,121548,103,1,1,128,1,1,16,0.000,0.000,,,,,NVIDIA A100-SXM4-40GB MIG 4g.20gb (0),1,,13,cupy_copy__complex64_complex64
2729782270,88831,121555,1,1,1,32,32,1,30,0.000,0.000,,,,,NVIDIA A100-SXM4-40GB MIG 4g.20gb (0),1,,13,"void convert_kernel<__half2, float2>(tensor_layout_any, T1 *, tensor_layout_any, const T2 *)"
2729904413,26815,121558,,,,,,,,,,0.094,3494.111,Pinned,Device,NVIDIA A100-SXM4-40GB MIG 4g.20gb (0),1,,13,[CUDA memcpy Host-to-Device]
2729947228,46848,121559,,,,,,,,,,35.810,764362.742,Device,,NVIDIA A100-SXM4-40GB MIG 4g.20gb (0),1,,13,[CUDA memset]
2730002427,8928,121561,,,,,,,,,,0.000,8.961,Pinned,Device,NVIDIA A100-SXM4-40GB MIG 4g.20gb (0),1,,13,[CUDA memcpy Host-to-Device]
2730021179,44160,121562,,,,,,,,,,0.197,4451.992,Pinned,Device,NVIDIA A100-SXM4-40GB MIG 4g.20gb (0),1,,13,[CUDA memcpy Host-to-Device]
2730088698,9952,121563,273,1,1,48,1,1,40,0.000,0.001,,,,,NVIDIA A100-SXM4-40GB MIG 4g.20gb (0),1,,13,"void pusch_noise_intf_est::noiseIntfEstNoDftSOfdmKernel<float, __half, float, float, (unsigned int)2, (unsigned int)1, (unsigned char)4, (unsigned char)4>(pusch_noise_intf_est::puschRxNoiseIntfEstDynDescr)"
2730105114,2656,121574,35,1,1,128,1,1,16,0.000,0.000,,,,,NVIDIA A100-SXM4-40GB MIG 4g.20gb (0),1,,13,cupy_copy__complex64_complex64
2730122234,1664,121583,1,1,1,1,1,1,18,0.000,0.000,,,,,NVIDIA A100-SXM4-40GB MIG 4g.20gb (0),1,,13,cupy_copy__float32_float32
2730124730,8768,121589,,,,,,,,,,0.000,0.456,Device,Pageable,NVIDIA A100-SXM4-40GB MIG 4g.20gb (0),1,,7,[CUDA memcpy Device-to-Host]
2730215705,12544,121600,1434,1,1,128,1,1,16,0.000,0.000,,,,,NVIDIA A100-SXM4-40GB MIG 4g.20gb (0),1,,13,cupy_copy__complex64_complex64
2730238105,2719,121607,103,1,1,128,1,1,16,0.000,0.000,,,,,NVIDIA A100-SXM4-40GB MIG 4g.20gb (0),1,,13,cupy_copy__complex64_complex64
2730257944,2528,121614,35,1,1,128,1,1,16,0.000,0.000,,,,,NVIDIA A100-SXM4-40GB MIG 4g.20gb (0),1,,13,cupy_copy__complex64_complex64
2730285176,1824,121621,1,1,1,1,1,1,18,0.000,0.000,,,,,NVIDIA A100-SXM4-40GB MIG 4g.20gb (0),1,,13,cupy_copy__float32_float32
2730404406,82431,121632,1,1,1,32,32,1,30,0.000,0.000,,,,,NVIDIA A100-SXM4-40GB MIG 4g.20gb (0),1,,13,"void convert_kernel<__half2, float2>(tensor_layout_any, T1 *, tensor_layout_any, const T2 *)"
2730514485,5824,121635,,,,,,,,,,0.094,16087.884,Pinned,Device,NVIDIA A100-SXM4-40GB MIG 4g.20gb (0),1,,13,[CUDA memcpy Host-to-Device]
2730528661,3200,121636,,,,,,,,,,1.547,483320.000,Device,,NVIDIA A100-SXM4-40GB MIG 4g.20gb (0),1,,13,[CUDA memset]
2730535253,3104,121641,,,,,,,,,,0.031,10082.445,Pinned,Device,NVIDIA A100-SXM4-40GB MIG 4g.20gb (0),1,,13,[CUDA memcpy Host-to-Device]
2730540789,9376,121642,,,,,,,,,,0.197,20969.226,Pinned,Device,NVIDIA A100-SXM4-40GB MIG 4g.20gb (0),1,,13,[CUDA memcpy Host-to-Device]
2730555733,6368,121643,273,1,1,8,4,1,39,0.002,0.000,,,,,NVIDIA A100-SXM4-40GB MIG 4g.20gb (0),1,,13,"void channel_eq::eqMmseCoefCompLowMimoKernel<float, float, float, (unsigned int)4, (unsigned int)1, (unsigned int)4>(const channel_eq::_puschRxChEqStatDescr *, channel_eq::_puschRxChEqCoefCompDynDescr)"
2730563636,5568,121644,273,1,1,12,11,1,51,0.002,0.000,,,,,NVIDIA A100-SXM4-40GB MIG 4g.20gb (0),1,,13,"void channel_eq::eqMmseSoftDemapKernel<float, __half, __half, float, (unsigned int)4, (unsigned short)16383>(channel_eq::_puschRxChEqStatDescr *, channel_eq::_puschRxChEqSoftDemapDynDescr)"
2730571124,282877,121645,1,1,1,32,32,1,30,0.000,0.000,,,,,NVIDIA A100-SXM4-40GB MIG 4g.20gb (0),1,,13,"void convert_kernel<float2, __half2>(tensor_layout_any, T1 *, tensor_layout_any, const T2 *)"
2730854929,11168,121657,2253,1,1,128,1,1,16,0.000,0.000,,,,,NVIDIA A100-SXM4-40GB MIG 4g.20gb (0),1,,13,cupy_copy__float16_float16
2730870961,3584,121666,282,1,1,128,1,1,16,0.000,0.000,,,,,NVIDIA A100-SXM4-40GB MIG 4g.20gb (0),1,,13,cupy_copy__complex64_complex64
2730877297,2304,121675,26,1,1,128,1,1,16,0.000,0.000,,,,,NVIDIA A100-SXM4-40GB MIG 4g.20gb (0),1,,13,cupy_copy__float32_float32
2730880593,2976,121684,103,1,1,128,1,1,16,0.000,0.000,,,,,NVIDIA A100-SXM4-40GB MIG 4g.20gb (0),1,,13,cupy_copy__complex64_complex64
2730886769,11967,121694,1434,1,1,128,1,1,16,0.000,0.000,,,,,NVIDIA A100-SXM4-40GB MIG 4g.20gb (0),1,,13,cupy_copy__complex64_complex64
2730914672,81567,121699,1,1,1,32,32,1,30,0.000,0.000,,,,,NVIDIA A100-SXM4-40GB MIG 4g.20gb (0),1,,13,"void convert_kernel<__half2, float2>(tensor_layout_any, T1 *, tensor_layout_any, const T2 *)"
2731023247,5696,121702,,,,,,,,,,0.094,16449.363,Pinned,Device,NVIDIA A100-SXM4-40GB MIG 4g.20gb (0),1,,13,[CUDA memcpy Host-to-Device]
2731033359,597432,121703,,,,,,,,,,456.561,763827.289,Device,,NVIDIA A100-SXM4-40GB MIG 4g.20gb (0),1,,13,[CUDA memset]
2731638759,109119,121708,,,,,,,,,,1.235,11317.027,Pinned,Device,NVIDIA A100-SXM4-40GB MIG 4g.20gb (0),1,,13,[CUDA memcpy Host-to-Device]
2731754758,19680,121709,,,,,,,,,,0.197,9990.242,Pinned,Device,NVIDIA A100-SXM4-40GB MIG 4g.20gb (0),1,,13,[CUDA memcpy Host-to-Device]
2731785573,9280,121710,69,4,1,48,1,1,76,0.002,0.000,,,,,NVIDIA A100-SXM4-40GB MIG 4g.20gb (0),1,,13,"void ch_est::windowedChEstPreNoDftSOfdmKernel<float, __half, float, (unsigned int)2, (unsigned int)1, (unsigned short)4>(ch_est::puschRxChEstStatDescr_t *, ch_est::puschRxChEstDynDescr_t *)"
2731801029,6592,121711,137,2,1,24,2,1,44,0.001,0.001,,,,,NVIDIA A100-SXM4-40GB MIG 4g.20gb (0),1,,13,"void ch_est::chEstFilterNoDftSOfdmDispatchKernel<float, __half, float, (unsigned int)2>(ch_est::puschRxChEstStatDescr_t *, ch_est::puschRxChEstDynDescr_t *)"
2731815397,6432,121712,137,2,1,24,2,1,44,0.001,0.001,,,,,NVIDIA A100-SXM4-40GB MIG 4g.20gb (0),1,,13,"void ch_est::chEstFilterNoDftSOfdmDispatchKernel<float, __half, float, (unsigned int)2>(ch_est::puschRxChEstStatDescr_t *, ch_est::puschRxChEstDynDescr_t *)"
2731829285,2816,121723,103,1,1,128,1,1,16,0.000,0.000,,,,,NVIDIA A100-SXM4-40GB MIG 4g.20gb (0),1,,13,cupy_copy__complex64_complex64
2731836293,12384,121733,1434,1,1,128,1,1,16,0.000,0.000,,,,,NVIDIA A100-SXM4-40GB MIG 4g.20gb (0),1,,13,cupy_copy__complex64_complex64
2731851589,3008,121740,103,1,1,128,1,1,16,0.000,0.000,,,,,NVIDIA A100-SXM4-40GB MIG 4g.20gb (0),1,,13,cupy_copy__complex64_complex64
2731858116,87679,121747,1,1,1,32,32,1,30,0.000,0.000,,,,,NVIDIA A100-SXM4-40GB MIG 4g.20gb (0),1,,13,"void convert_kernel<__half2, float2>(tensor_layout_any, T1 *, tensor_layout_any, const T2 *)"
2731972387,5856,121750,,,,,,,,,,0.094,15999.997,Pinned,Device,NVIDIA A100-SXM4-40GB MIG 4g.20gb (0),1,,13,[CUDA memcpy Host-to-Device]
2731984931,47935,121751,,,,,,,,,,35.810,747030.741,Device,,NVIDIA A100-SXM4-40GB MIG 4g.20gb (0),1,,13,[CUDA memset]
2732037794,4224,121753,,,,,,,,,,0.000,18.939,Pinned,Device,NVIDIA A100-SXM4-40GB MIG 4g.20gb (0),1,,13,[CUDA memcpy Host-to-Device]
2732046274,12576,121754,,,,,,,,,,0.197,15633.482,Pinned,Device,NVIDIA A100-SXM4-40GB MIG 4g.20gb (0),1,,13,[CUDA memcpy Host-to-Device]
2732064898,9088,121755,273,1,1,48,1,1,40,0.000,0.001,,,,,NVIDIA A100-SXM4-40GB MIG 4g.20gb (0),1,,13,"void pusch_noise_intf_est::noiseIntfEstNoDftSOfdmKernel<float, __half, float, float, (unsigned int)2, (unsigned int)1, (unsigned char)4, (unsigned char)4>(pusch_noise_intf_est::puschRxNoiseIntfEstDynDescr)"
2732077986,2912,121766,35,1,1,128,1,1,16,0.000,0.000,,,,,NVIDIA A100-SXM4-40GB MIG 4g.20gb (0),1,,13,cupy_copy__complex64_complex64
2732094754,1856,121775,1,1,1,1,1,1,18,0.000,0.000,,,,,NVIDIA A100-SXM4-40GB MIG 4g.20gb (0),1,,13,cupy_copy__float32_float32
2732123457,1632,121781,,,,,,,,,,0.000,2.451,Device,Pageable,NVIDIA A100-SXM4-40GB MIG 4g.20gb (0),1,,7,[CUDA memcpy Device-to-Host]
2732182784,12928,121792,1434,1,1,128,1,1,16,0.000,0.000,,,,,NVIDIA A100-SXM4-40GB MIG 4g.20gb (0),1,,13,cupy_copy__complex64_complex64
2732210240,2592,121799,103,1,1,128,1,1,16,0.000,0.000,,,,,NVIDIA A100-SXM4-40GB MIG 4g.20gb (0),1,,13,cupy_copy__complex64_complex64
2732229408,2528,121806,35,1,1,128,1,1,16,0.000,0.000,,,,,NVIDIA A100-SXM4-40GB MIG 4g.20gb (0),1,,13,cupy_copy__complex64_complex64
2732249440,1760,121813,1,1,1,1,1,1,18,0.000,0.000,,,,,NVIDIA A100-SXM4-40GB MIG 4g.20gb (0),1,,13,cupy_copy__float32_float32
2732378558,82559,121824,1,1,1,32,32,1,30,0.000,0.000,,,,,NVIDIA A100-SXM4-40GB MIG 4g.20gb (0),1,,13,"void convert_kernel<__half2, float2>(tensor_layout_any, T1 *, tensor_layout_any, const T2 *)"
2732487901,5888,121827,,,,,,,,,,0.094,15912.954,Pinned,Device,NVIDIA A100-SXM4-40GB MIG 4g.20gb (0),1,,13,[CUDA memcpy Host-to-Device]
2732502813,3391,121828,,,,,,,,,,1.547,456096.324,Device,,NVIDIA A100-SXM4-40GB MIG 4g.20gb (0),1,,13,[CUDA memset]
2732510012,3328,121833,,,,,,,,,,0.031,9403.822,Pinned,Device,NVIDIA A100-SXM4-40GB MIG 4g.20gb (0),1,,13,[CUDA memcpy Host-to-Device]
2732515996,9664,121834,,,,,,,,,,0.197,20344.209,Pinned,Device,NVIDIA A100-SXM4-40GB MIG 4g.20gb (0),1,,13,[CUDA memcpy Host-to-Device]
2732531164,8160,121835,273,1,1,8,4,1,39,0.002,0.000,,,,,NVIDIA A100-SXM4-40GB MIG 4g.20gb (0),1,,13,"void channel_eq::eqMmseCoefCompLowMimoKernel<float, float, float, (unsigned int)4, (unsigned int)1, (unsigned int)4>(const channel_eq::_puschRxChEqStatDescr *, channel_eq::_puschRxChEqCoefCompDynDescr)"
2732540412,5632,121836,273,1,1,12,11,1,51,0.002,0.000,,,,,NVIDIA A100-SXM4-40GB MIG 4g.20gb (0),1,,13,"void channel_eq::eqMmseSoftDemapKernel<float, __half, __half, float, (unsigned int)4, (unsigned short)16383>(channel_eq::_puschRxChEqStatDescr *, channel_eq::_puschRxChEqSoftDemapDynDescr)"
2732547164,282428,121837,1,1,1,32,32,1,30,0.000,0.000,,,,,NVIDIA A100-SXM4-40GB MIG 4g.20gb (0),1,,13,"void convert_kernel<float2, __half2>(tensor_layout_any, T1 *, tensor_layout_any, const T2 *)"
2732830552,10848,121849,2253,1,1,128,1,1,16,0.000,0.000,,,,,NVIDIA A100-SXM4-40GB MIG 4g.20gb (0),1,,13,cupy_copy__float16_float16
2732845336,3360,121858,282,1,1,128,1,1,16,0.000,0.000,,,,,NVIDIA A100-SXM4-40GB MIG 4g.20gb (0),1,,13,cupy_copy__complex64_complex64
2732851704,2016,121867,26,1,1,128,1,1,16,0.000,0.000,,,,,NVIDIA A100-SXM4-40GB MIG 4g.20gb (0),1,,13,cupy_copy__float32_float32
2732857272,4544,121876,103,1,1,128,1,1,16,0.000,0.000,,,,,NVIDIA A100-SXM4-40GB MIG 4g.20gb (0),1,,13,cupy_copy__complex64_complex64
2732864248,11936,121886,1434,1,1,128,1,1,16,0.000,0.000,,,,,NVIDIA A100-SXM4-40GB MIG 4g.20gb (0),1,,13,cupy_copy__complex64_complex64
2732878648,82495,121891,1,1,1,32,32,1,30,0.000,0.000,,,,,NVIDIA A100-SXM4-40GB MIG 4g.20gb (0),1,,13,"void convert_kernel<__half2, float2>(tensor_layout_any, T1 *, tensor_layout_any, const T2 *)"
2732988119,5567,121894,,,,,,,,,,0.094,16830.519,Pinned,Device,NVIDIA A100-SXM4-40GB MIG 4g.20gb (0),1,,13,[CUDA memcpy Host-to-Device]
2732998422,599129,121895,,,,,,,,,,456.561,762001.043,Device,,NVIDIA A100-SXM4-40GB MIG 4g.20gb (0),1,,13,[CUDA memset]
2733607823,148190,121900,,,,,,,,,,1.235,8333.402,Pinned,Device,NVIDIA A100-SXM4-40GB MIG 4g.20gb (0),1,,13,[CUDA memcpy Host-to-Device]
2733770445,41599,121901,,,,,,,,,,0.197,4726.260,Pinned,Device,NVIDIA A100-SXM4-40GB MIG 4g.20gb (0),1,,13,[CUDA memcpy Host-to-Device]
2733829580,8224,121902,69,4,1,48,1,1,76,0.002,0.000,,,,,NVIDIA A100-SXM4-40GB MIG 4g.20gb (0),1,,13,"void ch_est::windowedChEstPreNoDftSOfdmKernel<float, __half, float, (unsigned int)2, (unsigned int)1, (unsigned short)4>(ch_est::puschRxChEstStatDescr_t *, ch_est::puschRxChEstDynDescr_t *)"
2733848812,6464,121903,137,2,1,24,2,1,44,0.001,0.001,,,,,NVIDIA A100-SXM4-40GB MIG 4g.20gb (0),1,,13,"void ch_est::chEstFilterNoDftSOfdmDispatchKernel<float, __half, float, (unsigned int)2>(ch_est::puschRxChEstStatDescr_t *, ch_est::puschRxChEstDynDescr_t *)"
2733866572,5088,121904,137,2,1,24,2,1,44,0.001,0.001,,,,,NVIDIA A100-SXM4-40GB MIG 4g.20gb (0),1,,13,"void ch_est::chEstFilterNoDftSOfdmDispatchKernel<float, __half, float, (unsigned int)2>(ch_est::puschRxChEstStatDescr_t *, ch_est::puschRxChEstDynDescr_t *)"
2733882827,2752,121915,103,1,1,128,1,1,16,0.000,0.000,,,,,NVIDIA A100-SXM4-40GB MIG 4g.20gb (0),1,,13,cupy_copy__complex64_complex64
2733896619,12512,121925,1434,1,1,128,1,1,16,0.000,0.000,,,,,NVIDIA A100-SXM4-40GB MIG 4g.20gb (0),1,,13,cupy_copy__complex64_complex64
2733922059,2496,121932,103,1,1,128,1,1,16,0.000,0.000,,,,,NVIDIA A100-SXM4-40GB MIG 4g.20gb (0),1,,13,cupy_copy__complex64_complex64
2733935339,83839,121939,1,1,1,32,32,1,30,0.000,0.000,,,,,NVIDIA A100-SXM4-40GB MIG 4g.20gb (0),1,,13,"void convert_kernel<__half2, float2>(tensor_layout_any, T1 *, tensor_layout_any, const T2 *)"
2734051497,13504,121942,,,,,,,,,,0.094,6938.376,Pinned,Device,NVIDIA A100-SXM4-40GB MIG 4g.20gb (0),1,,13,[CUDA memcpy Host-to-Device]
2734070793,47104,121943,,,,,,,,,,35.810,760208.792,Device,,NVIDIA A100-SXM4-40GB MIG 4g.20gb (0),1,,13,[CUDA memset]
2734118857,8799,121945,,,,,,,,,,0.000,9.092,Pinned,Device,NVIDIA A100-SXM4-40GB MIG 4g.20gb (0),1,,13,[CUDA memcpy Host-to-Device]
2734131144,18656,121946,,,,,,,,,,0.197,10538.582,Pinned,Device,NVIDIA A100-SXM4-40GB MIG 4g.20gb (0),1,,13,[CUDA memcpy Host-to-Device]
2734156680,9632,121947,273,1,1,48,1,1,40,0.000,0.001,,,,,NVIDIA A100-SXM4-40GB MIG 4g.20gb (0),1,,13,"void pusch_noise_intf_est::noiseIntfEstNoDftSOfdmKernel<float, __half, float, float, (unsigned int)2, (unsigned int)1, (unsigned char)4, (unsigned char)4>(pusch_noise_intf_est::puschRxNoiseIntfEstDynDescr)"
2734172520,2560,121958,35,1,1,128,1,1,16,0.000,0.000,,,,,NVIDIA A100-SXM4-40GB MIG 4g.20gb (0),1,,13,cupy_copy__complex64_complex64
2734184360,1728,121967,1,1,1,1,1,1,18,0.000,0.000,,,,,NVIDIA A100-SXM4-40GB MIG 4g.20gb (0),1,,13,cupy_copy__float32_float32
2734200232,3647,121973,,,,,,,,,,0.000,1.097,Device,Pageable,NVIDIA A100-SXM4-40GB MIG 4g.20gb (0),1,,7,[CUDA memcpy Device-to-Host]
2734265415,12992,121984,1434,1,1,128,1,1,16,0.000,0.000,,,,,NVIDIA A100-SXM4-40GB MIG 4g.20gb (0),1,,13,cupy_copy__complex64_complex64
2734291238,2784,121991,103,1,1,128,1,1,16,0.000,0.000,,,,,NVIDIA A100-SXM4-40GB MIG 4g.20gb (0),1,,13,cupy_copy__complex64_complex64
2734312198,2400,121998,35,1,1,128,1,1,16,0.000,0.000,,,,,NVIDIA A100-SXM4-40GB MIG 4g.20gb (0),1,,13,cupy_copy__complex64_complex64
2734329478,1760,122005,1,1,1,1,1,1,18,0.000,0.000,,,,,NVIDIA A100-SXM4-40GB MIG 4g.20gb (0),1,,13,cupy_copy__float32_float32
2734461764,87839,122016,1,1,1,32,32,1,30,0.000,0.000,,,,,NVIDIA A100-SXM4-40GB MIG 4g.20gb (0),1,,13,"void convert_kernel<__half2, float2>(tensor_layout_any, T1 *, tensor_layout_any, const T2 *)"
2734576867,5408,122019,,,,,,,,,,0.094,17325.421,Pinned,Device,NVIDIA A100-SXM4-40GB MIG 4g.20gb (0),1,,13,[CUDA memcpy Host-to-Device]
2734590851,3360,122020,,,,,,,,,,1.547,460304.688,Device,,NVIDIA A100-SXM4-40GB MIG 4g.20gb (0),1,,13,[CUDA memset]
2734599395,3328,122025,,,,,,,,,,0.031,9403.822,Pinned,Device,NVIDIA A100-SXM4-40GB MIG 4g.20gb (0),1,,13,[CUDA memcpy Host-to-Device]
2734605123,9791,122026,,,,,,,,,,0.197,20080.361,Pinned,Device,NVIDIA A100-SXM4-40GB MIG 4g.20gb (0),1,,13,[CUDA memcpy Host-to-Device]
2734619874,6208,122027,273,1,1,8,4,1,39,0.002,0.000,,,,,NVIDIA A100-SXM4-40GB MIG 4g.20gb (0),1,,13,"void channel_eq::eqMmseCoefCompLowMimoKernel<float, float, float, (unsigned int)4, (unsigned int)1, (unsigned int)4>(const channel_eq::_puschRxChEqStatDescr *, channel_eq::_puschRxChEqCoefCompDynDescr)"
2734629058,5536,122028,273,1,1,12,11,1,51,0.002,0.000,,,,,NVIDIA A100-SXM4-40GB MIG 4g.20gb (0),1,,13,"void channel_eq::eqMmseSoftDemapKernel<float, __half, __half, float, (unsigned int)4, (unsigned short)16383>(channel_eq::_puschRxChEqStatDescr *, channel_eq::_puschRxChEqSoftDemapDynDescr)"
2734636514,282685,122029,1,1,1,32,32,1,30,0.000,0.000,,,,,NVIDIA A100-SXM4-40GB MIG 4g.20gb (0),1,,13,"void convert_kernel<float2, __half2>(tensor_layout_any, T1 *, tensor_layout_any, const T2 *)"
2734921727,10879,122041,2253,1,1,128,1,1,16,0.000,0.000,,,,,NVIDIA A100-SXM4-40GB MIG 4g.20gb (0),1,,13,cupy_copy__float16_float16
2734934590,3520,122050,282,1,1,128,1,1,16,0.000,0.000,,,,,NVIDIA A100-SXM4-40GB MIG 4g.20gb (0),1,,13,cupy_copy__complex64_complex64
2734940734,2240,122059,26,1,1,128,1,1,16,0.000,0.000,,,,,NVIDIA A100-SXM4-40GB MIG 4g.20gb (0),1,,13,cupy_copy__float32_float32
2734944606,4800,122068,103,1,1,128,1,1,16,0.000,0.000,,,,,NVIDIA A100-SXM4-40GB MIG 4g.20gb (0),1,,13,cupy_copy__complex64_complex64
2734951038,12096,122078,1434,1,1,128,1,1,16,0.000,0.000,,,,,NVIDIA A100-SXM4-40GB MIG 4g.20gb (0),1,,13,cupy_copy__complex64_complex64
2734976894,82719,122083,1,1,1,32,32,1,30,0.000,0.000,,,,,NVIDIA A100-SXM4-40GB MIG 4g.20gb (0),1,,13,"void convert_kernel<__half2, float2>(tensor_layout_any, T1 *, tensor_layout_any, const T2 *)"
2735086941,5952,122086,,,,,,,,,,0.094,15741.865,Pinned,Device,NVIDIA A100-SXM4-40GB MIG 4g.20gb (0),1,,13,[CUDA memcpy Host-to-Device]
2735098300,597337,122087,,,,,,,,,,456.561,764283.851,Device,,NVIDIA A100-SXM4-40GB MIG 4g.20gb (0),1,,13,[CUDA memset]
2735698869,152414,122092,,,,,,,,,,1.235,8102.468,Pinned,Device,NVIDIA A100-SXM4-40GB MIG 4g.20gb (0),1,,13,[CUDA memcpy Host-to-Device]
2735861107,40544,122093,,,,,,,,,,0.197,4849.140,Pinned,Device,NVIDIA A100-SXM4-40GB MIG 4g.20gb (0),1,,13,[CUDA memcpy Host-to-Device]
2735930738,8544,122094,69,4,1,48,1,1,76,0.002,0.000,,,,,NVIDIA A100-SXM4-40GB MIG 4g.20gb (0),1,,13,"void ch_est::windowedChEstPreNoDftSOfdmKernel<float, __half, float, (unsigned int)2, (unsigned int)1, (unsigned short)4>(ch_est::puschRxChEstStatDescr_t *, ch_est::puschRxChEstDynDescr_t *)"
2735950130,7040,122095,137,2,1,24,2,1,44,0.001,0.001,,,,,NVIDIA A100-SXM4-40GB MIG 4g.20gb (0),1,,13,"void ch_est::chEstFilterNoDftSOfdmDispatchKernel<float, __half, float, (unsigned int)2>(ch_est::puschRxChEstStatDescr_t *, ch_est::puschRxChEstDynDescr_t *)"
2735967122,4704,122096,137,2,1,24,2,1,44,0.001,0.001,,,,,NVIDIA A100-SXM4-40GB MIG 4g.20gb (0),1,,13,"void ch_est::chEstFilterNoDftSOfdmDispatchKernel<float, __half, float, (unsigned int)2>(ch_est::puschRxChEstStatDescr_t *, ch_est::puschRxChEstDynDescr_t *)"
2735986737,2624,122107,103,1,1,128,1,1,16,0.000,0.000,,,,,NVIDIA A100-SXM4-40GB MIG 4g.20gb (0),1,,13,cupy_copy__complex64_complex64
2736003697,12384,122117,1434,1,1,128,1,1,16,0.000,0.000,,,,,NVIDIA A100-SXM4-40GB MIG 4g.20gb (0),1,,13,cupy_copy__complex64_complex64
2736026769,2560,122124,103,1,1,128,1,1,16,0.000,0.000,,,,,NVIDIA A100-SXM4-40GB MIG 4g.20gb (0),1,,13,cupy_copy__complex64_complex64
2736049265,85695,122131,1,1,1,32,32,1,30,0.000,0.000,,,,,NVIDIA A100-SXM4-40GB MIG 4g.20gb (0),1,,13,"void convert_kernel<__half2, float2>(tensor_layout_any, T1 *, tensor_layout_any, const T2 *)"
2736169647,26016,122134,,,,,,,,,,0.094,3601.393,Pinned,Device,NVIDIA A100-SXM4-40GB MIG 4g.20gb (0),1,,13,[CUDA memcpy Host-to-Device]
2736210639,46399,122135,,,,,,,,,,35.810,771775.396,Device,,NVIDIA A100-SXM4-40GB MIG 4g.20gb (0),1,,13,[CUDA memset]
2736259182,12512,122137,,,,,,,,,,0.000,6.394,Pinned,Device,NVIDIA A100-SXM4-40GB MIG 4g.20gb (0),1,,13,[CUDA memcpy Host-to-Device]
2736277294,20896,122138,,,,,,,,,,0.197,9408.872,Pinned,Device,NVIDIA A100-SXM4-40GB MIG 4g.20gb (0),1,,13,[CUDA memcpy Host-to-Device]
2736312205,9472,122139,273,1,1,48,1,1,40,0.000,0.001,,,,,NVIDIA A100-SXM4-40GB MIG 4g.20gb (0),1,,13,"void pusch_noise_intf_est::noiseIntfEstNoDftSOfdmKernel<float, __half, float, float, (unsigned int)2, (unsigned int)1, (unsigned char)4, (unsigned char)4>(pusch_noise_intf_est::puschRxNoiseIntfEstDynDescr)"
2736328589,3072,122150,35,1,1,128,1,1,16,0.000,0.000,,,,,NVIDIA A100-SXM4-40GB MIG 4g.20gb (0),1,,13,cupy_copy__complex64_complex64
2736337453,2016,122159,1,1,1,1,1,1,18,0.000,0.000,,,,,NVIDIA A100-SXM4-40GB MIG 4g.20gb (0),1,,13,cupy_copy__float32_float32
2736343981,5792,122165,,,,,,,,,,0.000,0.691,Device,Pageable,NVIDIA A100-SXM4-40GB MIG 4g.20gb (0),1,,7,[CUDA memcpy Device-to-Host]
2736421996,13248,122176,1434,1,1,128,1,1,16,0.000,0.000,,,,,NVIDIA A100-SXM4-40GB MIG 4g.20gb (0),1,,13,cupy_copy__complex64_complex64
2736453036,5792,122183,103,1,1,128,1,1,16,0.000,0.000,,,,,NVIDIA A100-SXM4-40GB MIG 4g.20gb (0),1,,13,cupy_copy__complex64_complex64
2736470635,2464,122190,35,1,1,128,1,1,16,0.000,0.000,,,,,NVIDIA A100-SXM4-40GB MIG 4g.20gb (0),1,,13,cupy_copy__complex64_complex64
2736486699,1888,122197,1,1,1,1,1,1,18,0.000,0.000,,,,,NVIDIA A100-SXM4-40GB MIG 4g.20gb (0),1,,13,cupy_copy__float32_float32
2736613386,81631,122208,1,1,1,32,32,1,30,0.000,0.000,,,,,NVIDIA A100-SXM4-40GB MIG 4g.20gb (0),1,,13,"void convert_kernel<__half2, float2>(tensor_layout_any, T1 *, tensor_layout_any, const T2 *)"
2736722440,5760,122211,,,,,,,,,,0.094,16266.656,Pinned,Device,NVIDIA A100-SXM4-40GB MIG 4g.20gb (0),1,,13,[CUDA memcpy Host-to-Device]
2736739496,3232,122212,,,,,,,,,,1.547,478533.199,Device,,NVIDIA A100-SXM4-40GB MIG 4g.20gb (0),1,,13,[CUDA memset]
2736745832,3552,122217,,,,,,,,,,0.031,8810.794,Pinned,Device,NVIDIA A100-SXM4-40GB MIG 4g.20gb (0),1,,13,[CUDA memcpy Host-to-Device]
2736751816,10144,122218,,,,,,,,,,0.197,19381.617,Pinned,Device,NVIDIA A100-SXM4-40GB MIG 4g.20gb (0),1,,13,[CUDA memcpy Host-to-Device]
2736766216,6432,122219,273,1,1,8,4,1,39,0.002,0.000,,,,,NVIDIA A100-SXM4-40GB MIG 4g.20gb (0),1,,13,"void channel_eq::eqMmseCoefCompLowMimoKernel<float, float, float, (unsigned int)4, (unsigned int)1, (unsigned int)4>(const channel_eq::_puschRxChEqStatDescr *, channel_eq::_puschRxChEqCoefCompDynDescr)"
2736775624,6080,122220,273,1,1,12,11,1,51,0.002,0.000,,,,,NVIDIA A100-SXM4-40GB MIG 4g.20gb (0),1,,13,"void channel_eq::eqMmseSoftDemapKernel<float, __half, __half, float, (unsigned int)4, (unsigned short)16383>(channel_eq::_puschRxChEqStatDescr *, channel_eq::_puschRxChEqSoftDemapDynDescr)"
2736783336,290300,122221,1,1,1,32,32,1,30,0.000,0.000,,,,,NVIDIA A100-SXM4-40GB MIG 4g.20gb (0),1,,13,"void convert_kernel<float2, __half2>(tensor_layout_any, T1 *, tensor_layout_any, const T2 *)"
2737075556,10944,122233,2253,1,1,128,1,1,16,0.000,0.000,,,,,NVIDIA A100-SXM4-40GB MIG 4g.20gb (0),1,,13,cupy_copy__float16_float16
2737089348,3616,122242,282,1,1,128,1,1,16,0.000,0.000,,,,,NVIDIA A100-SXM4-40GB MIG 4g.20gb (0),1,,13,cupy_copy__complex64_complex64
2737094468,2304,122251,26,1,1,128,1,1,16,0.000,0.000,,,,,NVIDIA A100-SXM4-40GB MIG 4g.20gb (0),1,,13,cupy_copy__float32_float32
2737098884,2816,122260,103,1,1,128,1,1,16,0.000,0.000,,,,,NVIDIA A100-SXM4-40GB MIG 4g.20gb (0),1,,13,cupy_copy__complex64_complex64
2737103716,12159,122270,1434,1,1,128,1,1,16,0.000,0.000,,,,,NVIDIA A100-SXM4-40GB MIG 4g.20gb (0),1,,13,cupy_copy__complex64_complex64
2737118435,82079,122275,1,1,1,32,32,1,30,0.000,0.000,,,,,NVIDIA A100-SXM4-40GB MIG 4g.20gb (0),1,,13,"void convert_kernel<__half2, float2>(tensor_layout_any, T1 *, tensor_layout_any, const T2 *)"
2737227874,5472,122278,,,,,,,,,,0.094,17122.757,Pinned,Device,NVIDIA A100-SXM4-40GB MIG 4g.20gb (0),1,,13,[CUDA memcpy Host-to-Device]
2737238050,596697,122279,,,,,,,,,,456.561,764740.412,Device,,NVIDIA A100-SXM4-40GB MIG 4g.20gb (0),1,,13,[CUDA memset]
2737842779,141566,122284,,,,,,,,,,1.235,8722.409,Pinned,Device,NVIDIA A100-SXM4-40GB MIG 4g.20gb (0),1,,13,[CUDA memcpy Host-to-Device]
2737992729,31679,122285,,,,,,,,,,0.197,6206.128,Pinned,Device,NVIDIA A100-SXM4-40GB MIG 4g.20gb (0),1,,13,[CUDA memcpy Host-to-Device]
2738040696,8096,122286,69,4,1,48,1,1,76,0.002,0.000,,,,,NVIDIA A100-SXM4-40GB MIG 4g.20gb (0),1,,13,"void ch_est::windowedChEstPreNoDftSOfdmKernel<float, __half, float, (unsigned int)2, (unsigned int)1, (unsigned short)4>(ch_est::puschRxChEstStatDescr_t *, ch_est::puschRxChEstDynDescr_t *)"
2738059448,7040,122287,137,2,1,24,2,1,44,0.001,0.001,,,,,NVIDIA A100-SXM4-40GB MIG 4g.20gb (0),1,,13,"void ch_est::chEstFilterNoDftSOfdmDispatchKernel<float, __half, float, (unsigned int)2>(ch_est::puschRxChEstStatDescr_t *, ch_est::puschRxChEstDynDescr_t *)"
2738075544,4736,122288,137,2,1,24,2,1,44,0.001,0.001,,,,,NVIDIA A100-SXM4-40GB MIG 4g.20gb (0),1,,13,"void ch_est::chEstFilterNoDftSOfdmDispatchKernel<float, __half, float, (unsigned int)2>(ch_est::puschRxChEstStatDescr_t *, ch_est::puschRxChEstDynDescr_t *)"
2738088215,2496,122299,103,1,1,128,1,1,16,0.000,0.000,,,,,NVIDIA A100-SXM4-40GB MIG 4g.20gb (0),1,,13,cupy_copy__complex64_complex64
2738103223,12480,122309,1434,1,1,128,1,1,16,0.000,0.000,,,,,NVIDIA A100-SXM4-40GB MIG 4g.20gb (0),1,,13,cupy_copy__complex64_complex64
2738130007,2496,122316,103,1,1,128,1,1,16,0.000,0.000,,,,,NVIDIA A100-SXM4-40GB MIG 4g.20gb (0),1,,13,cupy_copy__complex64_complex64
2738147031,84959,122323,1,1,1,32,32,1,30,0.000,0.000,,,,,NVIDIA A100-SXM4-40GB MIG 4g.20gb (0),1,,13,"void convert_kernel<__half2, float2>(tensor_layout_any, T1 *, tensor_layout_any, const T2 *)"
2738268437,22656,122326,,,,,,,,,,0.094,4135.554,Pinned,Device,NVIDIA A100-SXM4-40GB MIG 4g.20gb (0),1,,13,[CUDA memcpy Host-to-Device]
2738307797,47839,122327,,,,,,,,,,35.810,748534.758,Device,,NVIDIA A100-SXM4-40GB MIG 4g.20gb (0),1,,13,[CUDA memset]
2738363988,11776,122329,,,,,,,,,,0.000,6.793,Pinned,Device,NVIDIA A100-SXM4-40GB MIG 4g.20gb (0),1,,13,[CUDA memcpy Host-to-Device]
2738382324,45855,122330,,,,,,,,,,0.197,4287.431,Pinned,Device,NVIDIA A100-SXM4-40GB MIG 4g.20gb (0),1,,13,[CUDA memcpy Host-to-Device]
2738451539,9696,122331,273,1,1,48,1,1,40,0.000,0.001,,,,,NVIDIA A100-SXM4-40GB MIG 4g.20gb (0),1,,13,"void pusch_noise_intf_est::noiseIntfEstNoDftSOfdmKernel<float, __half, float, float, (unsigned int)2, (unsigned int)1, (unsigned char)4, (unsigned char)4>(pusch_noise_intf_est::puschRxNoiseIntfEstDynDescr)"
2738468755,2624,122342,35,1,1,128,1,1,16,0.000,0.000,,,,,NVIDIA A100-SXM4-40GB MIG 4g.20gb (0),1,,13,cupy_copy__complex64_complex64
2738485459,1728,122351,1,1,1,1,1,1,18,0.000,0.000,,,,,NVIDIA A100-SXM4-40GB MIG 4g.20gb (0),1,,13,cupy_copy__float32_float32
2738490962,6496,122357,,,,,,,,,,0.000,0.616,Device,Pageable,NVIDIA A100-SXM4-40GB MIG 4g.20gb (0),1,,7,[CUDA memcpy Device-to-Host]
2738594801,12864,122368,1434,1,1,128,1,1,16,0.000,0.000,,,,,NVIDIA A100-SXM4-40GB MIG 4g.20gb (0),1,,13,cupy_copy__complex64_complex64
2738620369,2656,122375,103,1,1,128,1,1,16,0.000,0.000,,,,,NVIDIA A100-SXM4-40GB MIG 4g.20gb (0),1,,13,cupy_copy__complex64_complex64
2738637425,2208,122382,35,1,1,128,1,1,16,0.000,0.000,,,,,NVIDIA A100-SXM4-40GB MIG 4g.20gb (0),1,,13,cupy_copy__complex64_complex64
2738641137,1728,122389,1,1,1,1,1,1,18,0.000,0.000,,,,,NVIDIA A100-SXM4-40GB MIG 4g.20gb (0),1,,13,cupy_copy__float32_float32
2738778319,87423,122400,1,1,1,32,32,1,30,0.000,0.000,,,,,NVIDIA A100-SXM4-40GB MIG 4g.20gb (0),1,,13,"void convert_kernel<__half2, float2>(tensor_layout_any, T1 *, tensor_layout_any, const T2 *)"
2738896493,13984,122403,,,,,,,,,,0.094,6700.201,Pinned,Device,NVIDIA A100-SXM4-40GB MIG 4g.20gb (0),1,,13,[CUDA memcpy Host-to-Device]
2738919501,3456,122404,,,,,,,,,,1.547,447517.201,Device,,NVIDIA A100-SXM4-40GB MIG 4g.20gb (0),1,,13,[CUDA memset]
2738927181,7648,122409,,,,,,,,,,0.031,4092.046,Pinned,Device,NVIDIA A100-SXM4-40GB MIG 4g.20gb (0),1,,13,[CUDA memcpy Host-to-Device]
2738937901,14304,122410,,,,,,,,,,0.197,13744.865,Pinned,Device,NVIDIA A100-SXM4-40GB MIG 4g.20gb (0),1,,13,[CUDA memcpy Host-to-Device]
2738962829,6464,122411,273,1,1,8,4,1,39,0.002,0.000,,,,,NVIDIA A100-SXM4-40GB MIG 4g.20gb (0),1,,13,"void channel_eq::eqMmseCoefCompLowMimoKernel<float, float, float, (unsigned int)4, (unsigned int)1, (unsigned int)4>(const channel_eq::_puschRxChEqStatDescr *, channel_eq::_puschRxChEqCoefCompDynDescr)"
2738971565,7935,122412,273,1,1,12,11,1,51,0.002,0.000,,,,,NVIDIA A100-SXM4-40GB MIG 4g.20gb (0),1,,13,"void channel_eq::eqMmseSoftDemapKernel<float, __half, __half, float, (unsigned int)4, (unsigned short)16383>(channel_eq::_puschRxChEqStatDescr *, channel_eq::_puschRxChEqSoftDemapDynDescr)"
2738987244,282621,122413,1,1,1,32,32,1,30,0.000,0.000,,,,,NVIDIA A100-SXM4-40GB MIG 4g.20gb (0),1,,13,"void convert_kernel<float2, __half2>(tensor_layout_any, T1 *, tensor_layout_any, const T2 *)"
2739272809,11200,122425,2253,1,1,128,1,1,16,0.000,0.000,,,,,NVIDIA A100-SXM4-40GB MIG 4g.20gb (0),1,,13,cupy_copy__float16_float16
2739288457,3200,122434,282,1,1,128,1,1,16,0.000,0.000,,,,,NVIDIA A100-SXM4-40GB MIG 4g.20gb (0),1,,13,cupy_copy__complex64_complex64
2739293769,2240,122443,26,1,1,128,1,1,16,0.000,0.000,,,,,NVIDIA A100-SXM4-40GB MIG 4g.20gb (0),1,,13,cupy_copy__float32_float32
2739298537,2943,122452,103,1,1,128,1,1,16,0.000,0.000,,,,,NVIDIA A100-SXM4-40GB MIG 4g.20gb (0),1,,13,cupy_copy__complex64_complex64
2739302824,12096,122462,1434,1,1,128,1,1,16,0.000,0.000,,,,,NVIDIA A100-SXM4-40GB MIG 4g.20gb (0),1,,13,cupy_copy__complex64_complex64
2739316296,81375,122467,1,1,1,32,32,1,30,0.000,0.000,,,,,NVIDIA A100-SXM4-40GB MIG 4g.20gb (0),1,,13,"void convert_kernel<__half2, float2>(tensor_layout_any, T1 *, tensor_layout_any, const T2 *)"
2739425063,5984,122470,,,,,,,,,,0.094,15657.726,Pinned,Device,NVIDIA A100-SXM4-40GB MIG 4g.20gb (0),1,,13,[CUDA memcpy Host-to-Device]
2739436487,599704,122471,,,,,,,,,,456.561,761087.920,Device,,NVIDIA A100-SXM4-40GB MIG 4g.20gb (0),1,,13,[CUDA memset]
2740042623,122303,122476,,,,,,,,,,1.235,10096.902,Pinned,Device,NVIDIA A100-SXM4-40GB MIG 4g.20gb (0),1,,13,[CUDA memcpy Host-to-Device]
2740174430,22943,122477,,,,,,,,,,0.197,8569.356,Pinned,Device,NVIDIA A100-SXM4-40GB MIG 4g.20gb (0),1,,13,[CUDA memcpy Host-to-Device]
2740212829,8544,122478,69,4,1,48,1,1,76,0.002,0.000,,,,,NVIDIA A100-SXM4-40GB MIG 4g.20gb (0),1,,13,"void ch_est::windowedChEstPreNoDftSOfdmKernel<float, __half, float, (unsigned int)2, (unsigned int)1, (unsigned short)4>(ch_est::puschRxChEstStatDescr_t *, ch_est::puschRxChEstDynDescr_t *)"
2740229309,7424,122479,137,2,1,24,2,1,44,0.001,0.001,,,,,NVIDIA A100-SXM4-40GB MIG 4g.20gb (0),1,,13,"void ch_est::chEstFilterNoDftSOfdmDispatchKernel<float, __half, float, (unsigned int)2>(ch_est::puschRxChEstStatDescr_t *, ch_est::puschRxChEstDynDescr_t *)"
2740243709,4928,122480,137,2,1,24,2,1,44,0.001,0.001,,,,,NVIDIA A100-SXM4-40GB MIG 4g.20gb (0),1,,13,"void ch_est::chEstFilterNoDftSOfdmDispatchKernel<float, __half, float, (unsigned int)2>(ch_est::puschRxChEstStatDescr_t *, ch_est::puschRxChEstDynDescr_t *)"
2740251549,2784,122491,103,1,1,128,1,1,16,0.000,0.000,,,,,NVIDIA A100-SXM4-40GB MIG 4g.20gb (0),1,,13,cupy_copy__complex64_complex64
2740259101,12607,122501,1434,1,1,128,1,1,16,0.000,0.000,,,,,NVIDIA A100-SXM4-40GB MIG 4g.20gb (0),1,,13,cupy_copy__complex64_complex64
2740275164,2592,122508,103,1,1,128,1,1,16,0.000,0.000,,,,,NVIDIA A100-SXM4-40GB MIG 4g.20gb (0),1,,13,cupy_copy__complex64_complex64
2740282972,86495,122515,1,1,1,32,32,1,30,0.000,0.000,,,,,NVIDIA A100-SXM4-40GB MIG 4g.20gb (0),1,,13,"void convert_kernel<__half2, float2>(tensor_layout_any, T1 *, tensor_layout_any, const T2 *)"
2740397211,13120,122518,,,,,,,,,,0.094,7141.415,Pinned,Device,NVIDIA A100-SXM4-40GB MIG 4g.20gb (0),1,,13,[CUDA memcpy Host-to-Device]
2740415355,47199,122519,,,,,,,,,,35.810,758668.965,Device,,NVIDIA A100-SXM4-40GB MIG 4g.20gb (0),1,,13,[CUDA memset]
2740468282,3456,122521,,,,,,,,,,0.000,23.148,Pinned,Device,NVIDIA A100-SXM4-40GB MIG 4g.20gb (0),1,,13,[CUDA memcpy Host-to-Device]
2740479674,20576,122522,,,,,,,,,,0.197,9555.149,Pinned,Device,NVIDIA A100-SXM4-40GB MIG 4g.20gb (0),1,,13,[CUDA memcpy Host-to-Device]
2740510586,9887,122523,273,1,1,48,1,1,40,0.000,0.001,,,,,NVIDIA A100-SXM4-40GB MIG 4g.20gb (0),1,,13,"void pusch_noise_intf_est::noiseIntfEstNoDftSOfdmKernel<float, __half, float, float, (unsigned int)2, (unsigned int)1, (unsigned char)4, (unsigned char)4>(pusch_noise_intf_est::puschRxNoiseIntfEstDynDescr)"
2740528985,2784,122534,35,1,1,128,1,1,16,0.000,0.000,,,,,NVIDIA A100-SXM4-40GB MIG 4g.20gb (0),1,,13,cupy_copy__complex64_complex64
2740536889,1824,122543,1,1,1,1,1,1,18,0.000,0.000,,,,,NVIDIA A100-SXM4-40GB MIG 4g.20gb (0),1,,13,cupy_copy__float32_float32
2740550873,3712,122549,,,,,,,,,,0.000,1.078,Device,Pageable,NVIDIA A100-SXM4-40GB MIG 4g.20gb (0),1,,7,[CUDA memcpy Device-to-Host]
2740615128,12672,122560,1434,1,1,128,1,1,16,0.000,0.000,,,,,NVIDIA A100-SXM4-40GB MIG 4g.20gb (0),1,,13,cupy_copy__complex64_complex64
2740644888,2624,122567,103,1,1,128,1,1,16,0.000,0.000,,,,,NVIDIA A100-SXM4-40GB MIG 4g.20gb (0),1,,13,cupy_copy__complex64_complex64
2740663288,2656,122574,35,1,1,128,1,1,16,0.000,0.000,,,,,NVIDIA A100-SXM4-40GB MIG 4g.20gb (0),1,,13,cupy_copy__complex64_complex64
2740681239,1760,122581,1,1,1,1,1,1,18,0.000,0.000,,,,,NVIDIA A100-SXM4-40GB MIG 4g.20gb (0),1,,13,cupy_copy__float32_float32
2740816086,82175,122592,1,1,1,32,32,1,30,0.000,0.000,,,,,NVIDIA A100-SXM4-40GB MIG 4g.20gb (0),1,,13,"void convert_kernel<__half2, float2>(tensor_layout_any, T1 *, tensor_layout_any, const T2 *)"
2740926164,5632,122595,,,,,,,,,,0.094,16636.287,Pinned,Device,NVIDIA A100-SXM4-40GB MIG 4g.20gb (0),1,,13,[CUDA memcpy Host-to-Device]
2740940948,3328,122596,,,,,,,,,,1.547,464729.580,Device,,NVIDIA A100-SXM4-40GB MIG 4g.20gb (0),1,,13,[CUDA memset]
2740947668,3648,122601,,,,,,,,,,0.031,8578.922,Pinned,Device,NVIDIA A100-SXM4-40GB MIG 4g.20gb (0),1,,13,[CUDA memcpy Host-to-Device]
2740953876,10560,122602,,,,,,,,,,0.197,18617.991,Pinned,Device,NVIDIA A100-SXM4-40GB MIG 4g.20gb (0),1,,13,[CUDA memcpy Host-to-Device]
2740968884,6208,122603,273,1,1,8,4,1,39,0.002,0.000,,,,,NVIDIA A100-SXM4-40GB MIG 4g.20gb (0),1,,13,"void channel_eq::eqMmseCoefCompLowMimoKernel<float, float, float, (unsigned int)4, (unsigned int)1, (unsigned int)4>(const channel_eq::_puschRxChEqStatDescr *, channel_eq::_puschRxChEqCoefCompDynDescr)"
2740977940,6080,122604,273,1,1,12,11,1,51,0.002,0.000,,,,,NVIDIA A100-SXM4-40GB MIG 4g.20gb (0),1,,13,"void channel_eq::eqMmseSoftDemapKernel<float, __half, __half, float, (unsigned int)4, (unsigned short)16383>(channel_eq::_puschRxChEqStatDescr *, channel_eq::_puschRxChEqSoftDemapDynDescr)"
2740985140,283004,122605,1,1,1,32,32,1,30,0.000,0.000,,,,,NVIDIA A100-SXM4-40GB MIG 4g.20gb (0),1,,13,"void convert_kernel<float2, __half2>(tensor_layout_any, T1 *, tensor_layout_any, const T2 *)"
2741269168,10880,122617,2253,1,1,128,1,1,16,0.000,0.000,,,,,NVIDIA A100-SXM4-40GB MIG 4g.20gb (0),1,,13,cupy_copy__float16_float16
2741282992,3136,122626,282,1,1,128,1,1,16,0.000,0.000,,,,,NVIDIA A100-SXM4-40GB MIG 4g.20gb (0),1,,13,cupy_copy__complex64_complex64
2741287056,2048,122635,26,1,1,128,1,1,16,0.000,0.000,,,,,NVIDIA A100-SXM4-40GB MIG 4g.20gb (0),1,,13,cupy_copy__float32_float32
2741291632,4544,122644,103,1,1,128,1,1,16,0.000,0.000,,,,,NVIDIA A100-SXM4-40GB MIG 4g.20gb (0),1,,13,cupy_copy__complex64_complex64
2741299088,12224,122654,1434,1,1,128,1,1,16,0.000,0.000,,,,,NVIDIA A100-SXM4-40GB MIG 4g.20gb (0),1,,13,cupy_copy__complex64_complex64
2741316560,82015,122659,1,1,1,32,32,1,30,0.000,0.000,,,,,NVIDIA A100-SXM4-40GB MIG 4g.20gb (0),1,,13,"void convert_kernel<__half2, float2>(tensor_layout_any, T1 *, tensor_layout_any, const T2 *)"
2741425774,5440,122662,,,,,,,,,,0.094,17223.480,Pinned,Device,NVIDIA A100-SXM4-40GB MIG 4g.20gb (0),1,,13,[CUDA memcpy Host-to-Device]
2741436430,600793,122663,,,,,,,,,,456.561,759718.236,Device,,NVIDIA A100-SXM4-40GB MIG 4g.20gb (0),1,,13,[CUDA memset]
2742044807,166526,122668,,,,,,,,,,1.235,7415.839,Pinned,Device,NVIDIA A100-SXM4-40GB MIG 4g.20gb (0),1,,13,[CUDA memcpy Host-to-Device]
2742227396,39456,122669,,,,,,,,,,0.197,4982.833,Pinned,Device,NVIDIA A100-SXM4-40GB MIG 4g.20gb (0),1,,13,[CUDA memcpy Host-to-Device]
2742297283,8160,122670,69,4,1,48,1,1,76,0.002,0.000,,,,,NVIDIA A100-SXM4-40GB MIG 4g.20gb (0),1,,13,"void ch_est::windowedChEstPreNoDftSOfdmKernel<float, __half, float, (unsigned int)2, (unsigned int)1, (unsigned short)4>(ch_est::puschRxChEstStatDescr_t *, ch_est::puschRxChEstDynDescr_t *)"
2742316739,6880,122671,137,2,1,24,2,1,44,0.001,0.001,,,,,NVIDIA A100-SXM4-40GB MIG 4g.20gb (0),1,,13,"void ch_est::chEstFilterNoDftSOfdmDispatchKernel<float, __half, float, (unsigned int)2>(ch_est::puschRxChEstStatDescr_t *, ch_est::puschRxChEstDynDescr_t *)"
2742334339,4736,122672,137,2,1,24,2,1,44,0.001,0.001,,,,,NVIDIA A100-SXM4-40GB MIG 4g.20gb (0),1,,13,"void ch_est::chEstFilterNoDftSOfdmDispatchKernel<float, __half, float, (unsigned int)2>(ch_est::puschRxChEstStatDescr_t *, ch_est::puschRxChEstDynDescr_t *)"
2742350275,2688,122683,103,1,1,128,1,1,16,0.000,0.000,,,,,NVIDIA A100-SXM4-40GB MIG 4g.20gb (0),1,,13,cupy_copy__complex64_complex64
2742362947,12511,122693,1434,1,1,128,1,1,16,0.000,0.000,,,,,NVIDIA A100-SXM4-40GB MIG 4g.20gb (0),1,,13,cupy_copy__complex64_complex64
2742392674,2496,122700,103,1,1,128,1,1,16,0.000,0.000,,,,,NVIDIA A100-SXM4-40GB MIG 4g.20gb (0),1,,13,cupy_copy__complex64_complex64
2742408194,82015,122707,1,1,1,32,32,1,30,0.000,0.000,,,,,NVIDIA A100-SXM4-40GB MIG 4g.20gb (0),1,,13,"void convert_kernel<__half2, float2>(tensor_layout_any, T1 *, tensor_layout_any, const T2 *)"
2742517473,13152,122710,,,,,,,,,,0.094,7124.082,Pinned,Device,NVIDIA A100-SXM4-40GB MIG 4g.20gb (0),1,,13,[CUDA memcpy Host-to-Device]
2742535552,46912,122711,,,,,,,,,,35.810,763324.255,Device,,NVIDIA A100-SXM4-40GB MIG 4g.20gb (0),1,,13,[CUDA memset]
2742586816,10752,122713,,,,,,,,,,0.000,7.440,Pinned,Device,NVIDIA A100-SXM4-40GB MIG 4g.20gb (0),1,,13,[CUDA memcpy Host-to-Device]
2742607200,22271,122714,,,,,,,,,,0.197,8827.896,Pinned,Device,NVIDIA A100-SXM4-40GB MIG 4g.20gb (0),1,,13,[CUDA memcpy Host-to-Device]
2742647039,10176,122715,273,1,1,48,1,1,40,0.000,0.001,,,,,NVIDIA A100-SXM4-40GB MIG 4g.20gb (0),1,,13,"void pusch_noise_intf_est::noiseIntfEstNoDftSOfdmKernel<float, __half, float, float, (unsigned int)2, (unsigned int)1, (unsigned char)4, (unsigned char)4>(pusch_noise_intf_est::puschRxNoiseIntfEstDynDescr)"
2742669567,2560,122726,35,1,1,128,1,1,16,0.000,0.000,,,,,NVIDIA A100-SXM4-40GB MIG 4g.20gb (0),1,,13,cupy_copy__complex64_complex64
2742681055,1856,122735,1,1,1,1,1,1,18,0.000,0.000,,,,,NVIDIA A100-SXM4-40GB MIG 4g.20gb (0),1,,13,cupy_copy__float32_float32
2742687263,4288,122741,,,,,,,,,,0.000,0.933,Device,Pageable,NVIDIA A100-SXM4-40GB MIG 4g.20gb (0),1,,7,[CUDA memcpy Device-to-Host]
2742769406,12863,122752,1434,1,1,128,1,1,16,0.000,0.000,,,,,NVIDIA A100-SXM4-40GB MIG 4g.20gb (0),1,,13,cupy_copy__complex64_complex64
2742798173,6688,122759,103,1,1,128,1,1,16,0.000,0.000,,,,,NVIDIA A100-SXM4-40GB MIG 4g.20gb (0),1,,13,cupy_copy__complex64_complex64
2742822333,2592,122766,35,1,1,128,1,1,16,0.000,0.000,,,,,NVIDIA A100-SXM4-40GB MIG 4g.20gb (0),1,,13,cupy_copy__complex64_complex64
2742837533,2016,122773,1,1,1,1,1,1,18,0.000,0.000,,,,,NVIDIA A100-SXM4-40GB MIG 4g.20gb (0),1,,13,cupy_copy__float32_float32
2742971067,86783,122784,1,1,1,32,32,1,30,0.000,0.000,,,,,NVIDIA A100-SXM4-40GB MIG 4g.20gb (0),1,,13,"void convert_kernel<__half2, float2>(tensor_layout_any, T1 *, tensor_layout_any, const T2 *)"
2743084634,5888,122787,,,,,,,,,,0.094,15912.954,Pinned,Device,NVIDIA A100-SXM4-40GB MIG 4g.20gb (0),1,,13,[CUDA memcpy Host-to-Device]
2743099002,3455,122788,,,,,,,,,,1.547,447647.117,Device,,NVIDIA A100-SXM4-40GB MIG 4g.20gb (0),1,,13,[CUDA memset]
2743105849,3232,122793,,,,,,,,,,0.031,9683.139,Pinned,Device,NVIDIA A100-SXM4-40GB MIG 4g.20gb (0),1,,13,[CUDA memcpy Host-to-Device]
2743111929,9408,122794,,,,,,,,,,0.197,20897.858,Pinned,Device,NVIDIA A100-SXM4-40GB MIG 4g.20gb (0),1,,13,[CUDA memcpy Host-to-Device]
2743125497,8352,122795,273,1,1,8,4,1,39,0.002,0.000,,,,,NVIDIA A100-SXM4-40GB MIG 4g.20gb (0),1,,13,"void channel_eq::eqMmseCoefCompLowMimoKernel<float, float, float, (unsigned int)4, (unsigned int)1, (unsigned int)4>(const channel_eq::_puschRxChEqStatDescr *, channel_eq::_puschRxChEqCoefCompDynDescr)"
2743136889,6112,122796,273,1,1,12,11,1,51,0.002,0.000,,,,,NVIDIA A100-SXM4-40GB MIG 4g.20gb (0),1,,13,"void channel_eq::eqMmseSoftDemapKernel<float, __half, __half, float, (unsigned int)4, (unsigned short)16383>(channel_eq::_puschRxChEqStatDescr *, channel_eq::_puschRxChEqSoftDemapDynDescr)"
2743143961,282620,122797,1,1,1,32,32,1,30,0.000,0.000,,,,,NVIDIA A100-SXM4-40GB MIG 4g.20gb (0),1,,13,"void convert_kernel<float2, __half2>(tensor_layout_any, T1 *, tensor_layout_any, const T2 *)"
2743429909,11200,122809,2253,1,1,128,1,1,16,0.000,0.000,,,,,NVIDIA A100-SXM4-40GB MIG 4g.20gb (0),1,,13,cupy_copy__float16_float16
2743443157,3200,122818,282,1,1,128,1,1,16,0.000,0.000,,,,,NVIDIA A100-SXM4-40GB MIG 4g.20gb (0),1,,13,cupy_copy__complex64_complex64
2743448245,2176,122827,26,1,1,128,1,1,16,0.000,0.000,,,,,NVIDIA A100-SXM4-40GB MIG 4g.20gb (0),1,,13,cupy_copy__float32_float32
2743453845,3232,122836,103,1,1,128,1,1,16,0.000,0.000,,,,,NVIDIA A100-SXM4-40GB MIG 4g.20gb (0),1,,13,cupy_copy__complex64_complex64
2743460405,11840,122846,1434,1,1,128,1,1,16,0.000,0.000,,,,,NVIDIA A100-SXM4-40GB MIG 4g.20gb (0),1,,13,cupy_copy__complex64_complex64
2743490293,87551,122851,1,1,1,32,32,1,30,0.000,0.000,,,,,NVIDIA A100-SXM4-40GB MIG 4g.20gb (0),1,,13,"void convert_kernel<__half2, float2>(tensor_layout_any, T1 *, tensor_layout_any, const T2 *)"
2743605267,5504,122854,,,,,,,,,,0.094,17023.251,Pinned,Device,NVIDIA A100-SXM4-40GB MIG 4g.20gb (0),1,,13,[CUDA memcpy Host-to-Device]
2743614931,598521,122855,,,,,,,,,,456.561,762457.605,Device,,NVIDIA A100-SXM4-40GB MIG 4g.20gb (0),1,,13,[CUDA memset]
2744220172,121278,122860,,,,,,,,,,1.235,10182.113,Pinned,Device,NVIDIA A100-SXM4-40GB MIG 4g.20gb (0),1,,13,[CUDA memcpy Host-to-Device]
2744349578,30944,122861,,,,,,,,,,0.197,6353.584,Pinned,Device,NVIDIA A100-SXM4-40GB MIG 4g.20gb (0),1,,13,[CUDA memcpy Host-to-Device]
2744401417,8064,122862,69,4,1,48,1,1,76,0.002,0.000,,,,,NVIDIA A100-SXM4-40GB MIG 4g.20gb (0),1,,13,"void ch_est::windowedChEstPreNoDftSOfdmKernel<float, __half, float, (unsigned int)2, (unsigned int)1, (unsigned short)4>(ch_est::puschRxChEstStatDescr_t *, ch_est::puschRxChEstDynDescr_t *)"
2744420169,6784,122863,137,2,1,24,2,1,44,0.001,0.001,,,,,NVIDIA A100-SXM4-40GB MIG 4g.20gb (0),1,,13,"void ch_est::chEstFilterNoDftSOfdmDispatchKernel<float, __half, float, (unsigned int)2>(ch_est::puschRxChEstStatDescr_t *, ch_est::puschRxChEstDynDescr_t *)"
2744432841,4800,122864,137,2,1,24,2,1,44,0.001,0.001,,,,,NVIDIA A100-SXM4-40GB MIG 4g.20gb (0),1,,13,"void ch_est::chEstFilterNoDftSOfdmDispatchKernel<float, __half, float, (unsigned int)2>(ch_est::puschRxChEstStatDescr_t *, ch_est::puschRxChEstDynDescr_t *)"
2744448233,2688,122875,103,1,1,128,1,1,16,0.000,0.000,,,,,NVIDIA A100-SXM4-40GB MIG 4g.20gb (0),1,,13,cupy_copy__complex64_complex64
2744461577,12416,122885,1434,1,1,128,1,1,16,0.000,0.000,,,,,NVIDIA A100-SXM4-40GB MIG 4g.20gb (0),1,,13,cupy_copy__complex64_complex64
2744498056,2592,122892,103,1,1,128,1,1,16,0.000,0.000,,,,,NVIDIA A100-SXM4-40GB MIG 4g.20gb (0),1,,13,cupy_copy__complex64_complex64
2744512680,84031,122899,1,1,1,32,32,1,30,0.000,0.000,,,,,NVIDIA A100-SXM4-40GB MIG 4g.20gb (0),1,,13,"void convert_kernel<__half2, float2>(tensor_layout_any, T1 *, tensor_layout_any, const T2 *)"
2744630919,16415,122902,,,,,,,,,,0.094,5707.867,Pinned,Device,NVIDIA A100-SXM4-40GB MIG 4g.20gb (0),1,,13,[CUDA memcpy Host-to-Device]
2744658086,47072,122903,,,,,,,,,,35.810,760745.940,Device,,NVIDIA A100-SXM4-40GB MIG 4g.20gb (0),1,,13,[CUDA memset]
2744710502,7232,122905,,,,,,,,,,0.000,11.062,Pinned,Device,NVIDIA A100-SXM4-40GB MIG 4g.20gb (0),1,,13,[CUDA memcpy Host-to-Device]
2744721925,18304,122906,,,,,,,,,,0.197,10741.088,Pinned,Device,NVIDIA A100-SXM4-40GB MIG 4g.20gb (0),1,,13,[CUDA memcpy Host-to-Device]
2744756165,9792,122907,273,1,1,48,1,1,40,0.000,0.001,,,,,NVIDIA A100-SXM4-40GB MIG 4g.20gb (0),1,,13,"void pusch_noise_intf_est::noiseIntfEstNoDftSOfdmKernel<float, __half, float, float, (unsigned int)2, (unsigned int)1, (unsigned char)4, (unsigned char)4>(pusch_noise_intf_est::puschRxNoiseIntfEstDynDescr)"
2744770885,3040,122918,35,1,1,128,1,1,16,0.000,0.000,,,,,NVIDIA A100-SXM4-40GB MIG 4g.20gb (0),1,,13,cupy_copy__complex64_complex64
2744778501,2208,122927,1,1,1,1,1,1,18,0.000,0.000,,,,,NVIDIA A100-SXM4-40GB MIG 4g.20gb (0),1,,13,cupy_copy__float32_float32
2744786757,4192,122933,,,,,,,,,,0.000,0.954,Device,Pageable,NVIDIA A100-SXM4-40GB MIG 4g.20gb (0),1,,7,[CUDA memcpy Device-to-Host]
2744861156,12800,122944,1434,1,1,128,1,1,16,0.000,0.000,,,,,NVIDIA A100-SXM4-40GB MIG 4g.20gb (0),1,,13,cupy_copy__complex64_complex64
2744890691,3424,122951,103,1,1,128,1,1,16,0.000,0.000,,,,,NVIDIA A100-SXM4-40GB MIG 4g.20gb (0),1,,13,cupy_copy__complex64_complex64
2744912611,2720,122958,35,1,1,128,1,1,16,0.000,0.000,,,,,NVIDIA A100-SXM4-40GB MIG 4g.20gb (0),1,,13,cupy_copy__complex64_complex64
2744935235,1920,122965,1,1,1,1,1,1,18,0.000,0.000,,,,,NVIDIA A100-SXM4-40GB MIG 4g.20gb (0),1,,13,cupy_copy__float32_float32
2745056961,87519,122976,1,1,1,32,32,1,30,0.000,0.000,,,,,NVIDIA A100-SXM4-40GB MIG 4g.20gb (0),1,,13,"void convert_kernel<__half2, float2>(tensor_layout_any, T1 *, tensor_layout_any, const T2 *)"
2745173888,8512,122979,,,,,,,,,,0.094,11007.500,Pinned,Device,NVIDIA A100-SXM4-40GB MIG 4g.20gb (0),1,,13,[CUDA memcpy Host-to-Device]
2745195072,3456,122980,,,,,,,,,,1.547,447517.201,Device,,NVIDIA A100-SXM4-40GB MIG 4g.20gb (0),1,,13,[CUDA memset]
2745204224,3007,122985,,,,,,,,,,0.031,10407.704,Pinned,Device,NVIDIA A100-SXM4-40GB MIG 4g.20gb (0),1,,13,[CUDA memcpy Host-to-Device]
2745211743,11456,122986,,,,,,,,,,0.197,17161.912,Pinned,Device,NVIDIA A100-SXM4-40GB MIG 4g.20gb (0),1,,13,[CUDA memcpy Host-to-Device]
2745229791,8608,122987,273,1,1,8,4,1,39,0.002,0.000,,,,,NVIDIA A100-SXM4-40GB MIG 4g.20gb (0),1,,13,"void channel_eq::eqMmseCoefCompLowMimoKernel<float, float, float, (unsigned int)4, (unsigned int)1, (unsigned int)4>(const channel_eq::_puschRxChEqStatDescr *, channel_eq::_puschRxChEqCoefCompDynDescr)"
2745240063,7712,122988,273,1,1,12,11,1,51,0.002,0.000,,,,,NVIDIA A100-SXM4-40GB MIG 4g.20gb (0),1,,13,"void channel_eq::eqMmseSoftDemapKernel<float, __half, __half, float, (unsigned int)4, (unsigned short)16383>(channel_eq::_puschRxChEqStatDescr *, channel_eq::_puschRxChEqSoftDemapDynDescr)"
2745249791,282364,122989,1,1,1,32,32,1,30,0.000,0.000,,,,,NVIDIA A100-SXM4-40GB MIG 4g.20gb (0),1,,13,"void convert_kernel<float2, __half2>(tensor_layout_any, T1 *, tensor_layout_any, const T2 *)"
2745534555,10912,123001,2253,1,1,128,1,1,16,0.000,0.000,,,,,NVIDIA A100-SXM4-40GB MIG 4g.20gb (0),1,,13,cupy_copy__float16_float16
2745547227,3584,123010,282,1,1,128,1,1,16,0.000,0.000,,,,,NVIDIA A100-SXM4-40GB MIG 4g.20gb (0),1,,13,cupy_copy__complex64_complex64
2745554331,2368,123019,26,1,1,128,1,1,16,0.000,0.000,,,,,NVIDIA A100-SXM4-40GB MIG 4g.20gb (0),1,,13,cupy_copy__float32_float32
2745559643,3488,123028,103,1,1,128,1,1,16,0.000,0.000,,,,,NVIDIA A100-SXM4-40GB MIG 4g.20gb (0),1,,13,cupy_copy__complex64_complex64
2745564667,12512,123038,1434,1,1,128,1,1,16,0.000,0.000,,,,,NVIDIA A100-SXM4-40GB MIG 4g.20gb (0),1,,13,cupy_copy__complex64_complex64
2745580731,80319,123043,1,1,1,32,32,1,30,0.000,0.000,,,,,NVIDIA A100-SXM4-40GB MIG 4g.20gb (0),1,,13,"void convert_kernel<__half2, float2>(tensor_layout_any, T1 *, tensor_layout_any, const T2 *)"
2745688538,5407,123046,,,,,,,,,,0.094,17328.607,Pinned,Device,NVIDIA A100-SXM4-40GB MIG 4g.20gb (0),1,,13,[CUDA memcpy Host-to-Device]
2745698425,596153,123047,,,,,,,,,,456.561,765653.535,Device,,NVIDIA A100-SXM4-40GB MIG 4g.20gb (0),1,,13,[CUDA memset]
2746301202,142206,123052,,,,,,,,,,1.235,8684.126,Pinned,Device,NVIDIA A100-SXM4-40GB MIG 4g.20gb (0),1,,13,[CUDA memcpy Host-to-Device]
2746456144,40480,123053,,,,,,,,,,0.197,4856.807,Pinned,Device,NVIDIA A100-SXM4-40GB MIG 4g.20gb (0),1,,13,[CUDA memcpy Host-to-Device]
2746514063,8000,123054,69,4,1,48,1,1,76,0.002,0.000,,,,,NVIDIA A100-SXM4-40GB MIG 4g.20gb (0),1,,13,"void ch_est::windowedChEstPreNoDftSOfdmKernel<float, __half, float, (unsigned int)2, (unsigned int)1, (unsigned short)4>(ch_est::puschRxChEstStatDescr_t *, ch_est::puschRxChEstDynDescr_t *)"
2746533231,6720,123055,137,2,1,24,2,1,44,0.001,0.001,,,,,NVIDIA A100-SXM4-40GB MIG 4g.20gb (0),1,,13,"void ch_est::chEstFilterNoDftSOfdmDispatchKernel<float, __half, float, (unsigned int)2>(ch_est::puschRxChEstStatDescr_t *, ch_est::puschRxChEstDynDescr_t *)"
2746550095,4768,123056,137,2,1,24,2,1,44,0.001,0.001,,,,,NVIDIA A100-SXM4-40GB MIG 4g.20gb (0),1,,13,"void ch_est::chEstFilterNoDftSOfdmDispatchKernel<float, __half, float, (unsigned int)2>(ch_est::puschRxChEstStatDescr_t *, ch_est::puschRxChEstDynDescr_t *)"
2746567439,2496,123067,103,1,1,128,1,1,16,0.000,0.000,,,,,NVIDIA A100-SXM4-40GB MIG 4g.20gb (0),1,,13,cupy_copy__complex64_complex64
2746585038,12640,123077,1434,1,1,128,1,1,16,0.000,0.000,,,,,NVIDIA A100-SXM4-40GB MIG 4g.20gb (0),1,,13,cupy_copy__complex64_complex64
2746604398,2944,123084,103,1,1,128,1,1,16,0.000,0.000,,,,,NVIDIA A100-SXM4-40GB MIG 4g.20gb (0),1,,13,cupy_copy__complex64_complex64
2746629390,86751,123091,1,1,1,32,32,1,30,0.000,0.000,,,,,NVIDIA A100-SXM4-40GB MIG 4g.20gb (0),1,,13,"void convert_kernel<__half2, float2>(tensor_layout_any, T1 *, tensor_layout_any, const T2 *)"
2746749164,23168,123094,,,,,,,,,,0.094,4044.107,Pinned,Device,NVIDIA A100-SXM4-40GB MIG 4g.20gb (0),1,,13,[CUDA memcpy Host-to-Device]
2746786892,47455,123095,,,,,,,,,,35.810,754586.634,Device,,NVIDIA A100-SXM4-40GB MIG 4g.20gb (0),1,,13,[CUDA memset]
2746835115,11424,123097,,,,,,,,,,0.000,7.003,Pinned,Device,NVIDIA A100-SXM4-40GB MIG 4g.20gb (0),1,,13,[CUDA memcpy Host-to-Device]
2746852875,25120,123098,,,,,,,,,,0.197,7826.571,Pinned,Device,NVIDIA A100-SXM4-40GB MIG 4g.20gb (0),1,,13,[CUDA memcpy Host-to-Device]
2746897355,10079,123099,273,1,1,48,1,1,40,0.000,0.001,,,,,NVIDIA A100-SXM4-40GB MIG 4g.20gb (0),1,,13,"void pusch_noise_intf_est::noiseIntfEstNoDftSOfdmKernel<float, __half, float, float, (unsigned int)2, (unsigned int)1, (unsigned char)4, (unsigned char)4>(pusch_noise_intf_est::puschRxNoiseIntfEstDynDescr)"
2746912138,2528,123110,35,1,1,128,1,1,16,0.000,0.000,,,,,NVIDIA A100-SXM4-40GB MIG 4g.20gb (0),1,,13,cupy_copy__complex64_complex64
2746927210,1696,123119,1,1,1,1,1,1,18,0.000,0.000,,,,,NVIDIA A100-SXM4-40GB MIG 4g.20gb (0),1,,13,cupy_copy__float32_float32
2746936810,5696,123125,,,,,,,,,,0.000,0.702,Device,Pageable,NVIDIA A100-SXM4-40GB MIG 4g.20gb (0),1,,7,[CUDA memcpy Device-to-Host]
2747015081,12832,123136,1434,1,1,128,1,1,16,0.000,0.000,,,,,NVIDIA A100-SXM4-40GB MIG 4g.20gb (0),1,,13,cupy_copy__complex64_complex64
2747040809,2880,123143,103,1,1,128,1,1,16,0.000,0.000,,,,,NVIDIA A100-SXM4-40GB MIG 4g.20gb (0),1,,13,cupy_copy__complex64_complex64
2747063369,2591,123150,35,1,1,128,1,1,16,0.000,0.000,,,,,NVIDIA A100-SXM4-40GB MIG 4g.20gb (0),1,,13,cupy_copy__complex64_complex64
2747081160,1888,123157,1,1,1,1,1,1,18,0.000,0.000,,,,,NVIDIA A100-SXM4-40GB MIG 4g.20gb (0),1,,13,cupy_copy__float32_float32
2747209095,82239,123168,1,1,1,32,32,1,30,0.000,0.000,,,,,NVIDIA A100-SXM4-40GB MIG 4g.20gb (0),1,,13,"void convert_kernel<__half2, float2>(tensor_layout_any, T1 *, tensor_layout_any, const T2 *)"
2747318597,5856,123171,,,,,,,,,,0.094,15999.997,Pinned,Device,NVIDIA A100-SXM4-40GB MIG 4g.20gb (0),1,,13,[CUDA memcpy Host-to-Device]
2747333733,3296,123172,,,,,,,,,,1.547,469242.628,Device,,NVIDIA A100-SXM4-40GB MIG 4g.20gb (0),1,,13,[CUDA memset]
2747340517,3200,123177,,,,,,,,,,0.031,9780.000,Pinned,Device,NVIDIA A100-SXM4-40GB MIG 4g.20gb (0),1,,13,[CUDA memcpy Host-to-Device]
2747346437,9632,123178,,,,,,,,,,0.197,20411.843,Pinned,Device,NVIDIA A100-SXM4-40GB MIG 4g.20gb (0),1,,13,[CUDA memcpy Host-to-Device]
2747360453,6176,123179,273,1,1,8,4,1,39,0.002,0.000,,,,,NVIDIA A100-SXM4-40GB MIG 4g.20gb (0),1,,13,"void channel_eq::eqMmseCoefCompLowMimoKernel<float, float, float, (unsigned int)4, (unsigned int)1, (unsigned int)4>(const channel_eq::_puschRxChEqStatDescr *, channel_eq::_puschRxChEqCoefCompDynDescr)"
2747367781,6304,123180,273,1,1,12,11,1,51,0.002,0.000,,,,,NVIDIA A100-SXM4-40GB MIG 4g.20gb (0),1,,13,"void channel_eq::eqMmseSoftDemapKernel<float, __half, __half, float, (unsigned int)4, (unsigned short)16383>(channel_eq::_puschRxChEqStatDescr *, channel_eq::_puschRxChEqSoftDemapDynDescr)"
2747375077,294780,123181,1,1,1,32,32,1,30,0.000,0.000,,,,,NVIDIA A100-SXM4-40GB MIG 4g.20gb (0),1,,13,"void convert_kernel<float2, __half2>(tensor_layout_any, T1 *, tensor_layout_any, const T2 *)"
2747671041,10976,123193,2253,1,1,128,1,1,16,0.000,0.000,,,,,NVIDIA A100-SXM4-40GB MIG 4g.20gb (0),1,,13,cupy_copy__float16_float16
2747683585,3264,123202,282,1,1,128,1,1,16,0.000,0.000,,,,,NVIDIA A100-SXM4-40GB MIG 4g.20gb (0),1,,13,cupy_copy__complex64_complex64
2747688769,2400,123211,26,1,1,128,1,1,16,0.000,0.000,,,,,NVIDIA A100-SXM4-40GB MIG 4g.20gb (0),1,,13,cupy_copy__float32_float32
2747693441,2976,123220,103,1,1,128,1,1,16,0.000,0.000,,,,,NVIDIA A100-SXM4-40GB MIG 4g.20gb (0),1,,13,cupy_copy__complex64_complex64
2747700673,11775,123230,1434,1,1,128,1,1,16,0.000,0.000,,,,,NVIDIA A100-SXM4-40GB MIG 4g.20gb (0),1,,13,cupy_copy__complex64_complex64
2747715584,87423,123235,1,1,1,32,32,1,30,0.000,0.000,,,,,NVIDIA A100-SXM4-40GB MIG 4g.20gb (0),1,,13,"void convert_kernel<__half2, float2>(tensor_layout_any, T1 *, tensor_layout_any, const T2 *)"
2747830463,5504,123238,,,,,,,,,,0.094,17023.251,Pinned,Device,NVIDIA A100-SXM4-40GB MIG 4g.20gb (0),1,,13,[CUDA memcpy Host-to-Device]
2747843679,599384,123239,,,,,,,,,,456.561,761544.482,Device,,NVIDIA A100-SXM4-40GB MIG 4g.20gb (0),1,,13,[CUDA memset]
2748451607,98559,123244,,,,,,,,,,1.235,12529.742,Pinned,Device,NVIDIA A100-SXM4-40GB MIG 4g.20gb (0),1,,13,[CUDA memcpy Host-to-Device]
2748560790,32256,123245,,,,,,,,,,0.197,6095.045,Pinned,Device,NVIDIA A100-SXM4-40GB MIG 4g.20gb (0),1,,13,[CUDA memcpy Host-to-Device]
2748609877,8160,123246,69,4,1,48,1,1,76,0.002,0.000,,,,,NVIDIA A100-SXM4-40GB MIG 4g.20gb (0),1,,13,"void ch_est::windowedChEstPreNoDftSOfdmKernel<float, __half, float, (unsigned int)2, (unsigned int)1, (unsigned short)4>(ch_est::puschRxChEstStatDescr_t *, ch_est::puschRxChEstDynDescr_t *)"
2748623957,6752,123247,137,2,1,24,2,1,44,0.001,0.001,,,,,NVIDIA A100-SXM4-40GB MIG 4g.20gb (0),1,,13,"void ch_est::chEstFilterNoDftSOfdmDispatchKernel<float, __half, float, (unsigned int)2>(ch_est::puschRxChEstStatDescr_t *, ch_est::puschRxChEstDynDescr_t *)"
2748640629,5728,123248,137,2,1,24,2,1,44,0.001,0.001,,,,,NVIDIA A100-SXM4-40GB MIG 4g.20gb (0),1,,13,"void ch_est::chEstFilterNoDftSOfdmDispatchKernel<float, __half, float, (unsigned int)2>(ch_est::puschRxChEstStatDescr_t *, ch_est::puschRxChEstDynDescr_t *)"
2748656053,2432,123259,103,1,1,128,1,1,16,0.000,0.000,,,,,NVIDIA A100-SXM4-40GB MIG 4g.20gb (0),1,,13,cupy_copy__complex64_complex64
2748670325,12447,123269,1434,1,1,128,1,1,16,0.000,0.000,,,,,NVIDIA A100-SXM4-40GB MIG 4g.20gb (0),1,,13,cupy_copy__complex64_complex64
2748703764,2656,123276,103,1,1,128,1,1,16,0.000,0.000,,,,,NVIDIA A100-SXM4-40GB MIG 4g.20gb (0),1,,13,cupy_copy__complex64_complex64
2748720052,81279,123283,1,1,1,32,32,1,30,0.000,0.000,,,,,NVIDIA A100-SXM4-40GB MIG 4g.20gb (0),1,,13,"void convert_kernel<__half2, float2>(tensor_layout_any, T1 *, tensor_layout_any, const T2 *)"
2748833235,30847,123286,,,,,,,,,,0.094,3037.437,Pinned,Device,NVIDIA A100-SXM4-40GB MIG 4g.20gb (0),1,,13,[CUDA memcpy Host-to-Device]
2748884722,46719,123287,,,,,,,,,,35.810,766475.528,Device,,NVIDIA A100-SXM4-40GB MIG 4g.20gb (0),1,,13,[CUDA memset]
2748938001,11328,123289,,,,,,,,,,0.000,7.062,Pinned,Device,NVIDIA A100-SXM4-40GB MIG 4g.20gb (0),1,,13,[CUDA memcpy Host-to-Device]
2748955889,27936,123290,,,,,,,,,,0.197,7037.780,Pinned,Device,NVIDIA A100-SXM4-40GB MIG 4g.20gb (0),1,,13,[CUDA memcpy Host-to-Device]
2749017744,9856,123291,273,1,1,48,1,1,40,0.000,0.001,,,,,NVIDIA A100-SXM4-40GB MIG 4g.20gb (0),1,,13,"void pusch_noise_intf_est::noiseIntfEstNoDftSOfdmKernel<float, __half, float, float, (unsigned int)2, (unsigned int)1, (unsigned char)4, (unsigned char)4>(pusch_noise_intf_est::puschRxNoiseIntfEstDynDescr)"
2749035440,2816,123302,35,1,1,128,1,1,16,0.000,0.000,,,,,NVIDIA A100-SXM4-40GB MIG 4g.20gb (0),1,,13,cupy_copy__complex64_complex64
2749051824,1728,123311,1,1,1,1,1,1,18,0.000,0.000,,,,,NVIDIA A100-SXM4-40GB MIG 4g.20gb (0),1,,13,cupy_copy__float32_float32
2749054736,8576,123317,,,,,,,,,,0.000,0.466,Device,Pageable,NVIDIA A100-SXM4-40GB MIG 4g.20gb (0),1,,7,[CUDA memcpy Device-to-Host]
2749147023,12608,123328,1434,1,1,128,1,1,16,0.000,0.000,,,,,NVIDIA A100-SXM4-40GB MIG 4g.20gb (0),1,,13,cupy_copy__complex64_complex64
2749182734,3360,123335,103,1,1,128,1,1,16,0.000,0.000,,,,,NVIDIA A100-SXM4-40GB MIG 4g.20gb (0),1,,13,cupy_copy__complex64_complex64
2749202798,2176,123342,35,1,1,128,1,1,16,0.000,0.000,,,,,NVIDIA A100-SXM4-40GB MIG 4g.20gb (0),1,,13,cupy_copy__complex64_complex64
2749222702,1728,123349,1,1,1,1,1,1,18,0.000,0.000,,,,,NVIDIA A100-SXM4-40GB MIG 4g.20gb (0),1,,13,cupy_copy__float32_float32
2749351500,87455,123360,1,1,1,32,32,1,30,0.000,0.000,,,,,NVIDIA A100-SXM4-40GB MIG 4g.20gb (0),1,,13,"void convert_kernel<__half2, float2>(tensor_layout_any, T1 *, tensor_layout_any, const T2 *)"
2749467211,11488,123363,,,,,,,,,,0.094,8155.956,Pinned,Device,NVIDIA A100-SXM4-40GB MIG 4g.20gb (0),1,,13,[CUDA memcpy Host-to-Device]
2749491147,3487,123364,,,,,,,,,,1.547,443539.284,Device,,NVIDIA A100-SXM4-40GB MIG 4g.20gb (0),1,,13,[CUDA memset]
2749498122,3616,123369,,,,,,,,,,0.031,8654.846,Pinned,Device,NVIDIA A100-SXM4-40GB MIG 4g.20gb (0),1,,13,[CUDA memcpy Host-to-Device]
2749505226,9440,123370,,,,,,,,,,0.197,20827.079,Pinned,Device,NVIDIA A100-SXM4-40GB MIG 4g.20gb (0),1,,13,[CUDA memcpy Host-to-Device]
2749523594,5888,123371,273,1,1,8,4,1,39,0.002,0.000,,,,,NVIDIA A100-SXM4-40GB MIG 4g.20gb (0),1,,13,"void channel_eq::eqMmseCoefCompLowMimoKernel<float, float, float, (unsigned int)4, (unsigned int)1, (unsigned int)4>(const channel_eq::_puschRxChEqStatDescr *, channel_eq::_puschRxChEqCoefCompDynDescr)"
2749530890,6464,123372,273,1,1,12,11,1,51,0.002,0.000,,,,,NVIDIA A100-SXM4-40GB MIG 4g.20gb (0),1,,13,"void channel_eq::eqMmseSoftDemapKernel<float, __half, __half, float, (unsigned int)4, (unsigned short)16383>(channel_eq::_puschRxChEqStatDescr *, channel_eq::_puschRxChEqSoftDemapDynDescr)"
2749538410,282844,123373,1,1,1,32,32,1,30,0.000,0.000,,,,,NVIDIA A100-SXM4-40GB MIG 4g.20gb (0),1,,13,"void convert_kernel<float2, __half2>(tensor_layout_any, T1 *, tensor_layout_any, const T2 *)"
2749822342,11136,123385,2253,1,1,128,1,1,16,0.000,0.000,,,,,NVIDIA A100-SXM4-40GB MIG 4g.20gb (0),1,,13,cupy_copy__float16_float16
2749837030,3648,123394,282,1,1,128,1,1,16,0.000,0.000,,,,,NVIDIA A100-SXM4-40GB MIG 4g.20gb (0),1,,13,cupy_copy__complex64_complex64
2749842822,3136,123403,26,1,1,128,1,1,16,0.000,0.000,,,,,NVIDIA A100-SXM4-40GB MIG 4g.20gb (0),1,,13,cupy_copy__float32_float32
2749846982,2784,123412,103,1,1,128,1,1,16,0.000,0.000,,,,,NVIDIA A100-SXM4-40GB MIG 4g.20gb (0),1,,13,cupy_copy__complex64_complex64
2749851174,12032,123422,1434,1,1,128,1,1,16,0.000,0.000,,,,,NVIDIA A100-SXM4-40GB MIG 4g.20gb (0),1,,13,cupy_copy__complex64_complex64
2749867878,82911,123427,1,1,1,32,32,1,30,0.000,0.000,,,,,NVIDIA A100-SXM4-40GB MIG 4g.20gb (0),1,,13,"void convert_kernel<__half2, float2>(tensor_layout_any, T1 *, tensor_layout_any, const T2 *)"
2749978180,5376,123430,,,,,,,,,,0.094,17428.487,Pinned,Device,NVIDIA A100-SXM4-40GB MIG 4g.20gb (0),1,,13,[CUDA memcpy Host-to-Device]
2749988868,597593,123431,,,,,,,,,,456.561,763827.289,Device,,NVIDIA A100-SXM4-40GB MIG 4g.20gb (0),1,,13,[CUDA memset]
2750591421,156094,123436,,,,,,,,,,1.235,7911.051,Pinned,Device,NVIDIA A100-SXM4-40GB MIG 4g.20gb (0),1,,13,[CUDA memcpy Host-to-Device]
2750762299,44031,123437,,,,,,,,,,0.197,4465.164,Pinned,Device,NVIDIA A100-SXM4-40GB MIG 4g.20gb (0),1,,13,[CUDA memcpy Host-to-Device]
2750833562,8160,123438,69,4,1,48,1,1,76,0.002,0.000,,,,,NVIDIA A100-SXM4-40GB MIG 4g.20gb (0),1,,13,"void ch_est::windowedChEstPreNoDftSOfdmKernel<float, __half, float, (unsigned int)2, (unsigned int)1, (unsigned short)4>(ch_est::puschRxChEstStatDescr_t *, ch_est::puschRxChEstDynDescr_t *)"
2750848538,6752,123439,137,2,1,24,2,1,44,0.001,0.001,,,,,NVIDIA A100-SXM4-40GB MIG 4g.20gb (0),1,,13,"void ch_est::chEstFilterNoDftSOfdmDispatchKernel<float, __half, float, (unsigned int)2>(ch_est::puschRxChEstStatDescr_t *, ch_est::puschRxChEstDynDescr_t *)"
2750862202,4991,123440,137,2,1,24,2,1,44,0.001,0.001,,,,,NVIDIA A100-SXM4-40GB MIG 4g.20gb (0),1,,13,"void ch_est::chEstFilterNoDftSOfdmDispatchKernel<float, __half, float, (unsigned int)2>(ch_est::puschRxChEstStatDescr_t *, ch_est::puschRxChEstDynDescr_t *)"
2750873113,2784,123451,103,1,1,128,1,1,16,0.000,0.000,,,,,NVIDIA A100-SXM4-40GB MIG 4g.20gb (0),1,,13,cupy_copy__complex64_complex64
2750882681,12576,123461,1434,1,1,128,1,1,16,0.000,0.000,,,,,NVIDIA A100-SXM4-40GB MIG 4g.20gb (0),1,,13,cupy_copy__complex64_complex64
2750902873,2592,123468,103,1,1,128,1,1,16,0.000,0.000,,,,,NVIDIA A100-SXM4-40GB MIG 4g.20gb (0),1,,13,cupy_copy__complex64_complex64
2750912217,88095,123475,1,1,1,32,32,1,30,0.000,0.000,,,,,NVIDIA A100-SXM4-40GB MIG 4g.20gb (0),1,,13,"void convert_kernel<__half2, float2>(tensor_layout_any, T1 *, tensor_layout_any, const T2 *)"
2751028567,5920,123478,,,,,,,,,,0.094,15826.941,Pinned,Device,NVIDIA A100-SXM4-40GB MIG 4g.20gb (0),1,,13,[CUDA memcpy Host-to-Device]
2751042583,46016,123479,,,,,,,,,,35.810,778185.372,Device,,NVIDIA A100-SXM4-40GB MIG 4g.20gb (0),1,,13,[CUDA memset]
2751094583,3232,123481,,,,,,,,,,0.000,24.752,Pinned,Device,NVIDIA A100-SXM4-40GB MIG 4g.20gb (0),1,,13,[CUDA memcpy Host-to-Device]
2751103319,13151,123482,,,,,,,,,,0.197,14949.876,Pinned,Device,NVIDIA A100-SXM4-40GB MIG 4g.20gb (0),1,,13,[CUDA memcpy Host-to-Device]
2751123350,9728,123483,273,1,1,48,1,1,40,0.000,0.001,,,,,NVIDIA A100-SXM4-40GB MIG 4g.20gb (0),1,,13,"void pusch_noise_intf_est::noiseIntfEstNoDftSOfdmKernel<float, __half, float, float, (unsigned int)2, (unsigned int)1, (unsigned char)4, (unsigned char)4>(pusch_noise_intf_est::puschRxNoiseIntfEstDynDescr)"
2751136630,3072,123494,35,1,1,128,1,1,16,0.000,0.000,,,,,NVIDIA A100-SXM4-40GB MIG 4g.20gb (0),1,,13,cupy_copy__complex64_complex64
2751151862,1984,123503,1,1,1,1,1,1,18,0.000,0.000,,,,,NVIDIA A100-SXM4-40GB MIG 4g.20gb (0),1,,13,cupy_copy__float32_float32
2751182326,2016,123509,,,,,,,,,,0.000,1.984,Device,Pageable,NVIDIA A100-SXM4-40GB MIG 4g.20gb (0),1,,7,[CUDA memcpy Device-to-Host]
2751246453,12736,123520,1434,1,1,128,1,1,16,0.000,0.000,,,,,NVIDIA A100-SXM4-40GB MIG 4g.20gb (0),1,,13,cupy_copy__complex64_complex64
2751271764,2784,123527,103,1,1,128,1,1,16,0.000,0.000,,,,,NVIDIA A100-SXM4-40GB MIG 4g.20gb (0),1,,13,cupy_copy__complex64_complex64
2751291956,2752,123534,35,1,1,128,1,1,16,0.000,0.000,,,,,NVIDIA A100-SXM4-40GB MIG 4g.20gb (0),1,,13,cupy_copy__complex64_complex64
2751310868,1792,123541,1,1,1,1,1,1,18,0.000,0.000,,,,,NVIDIA A100-SXM4-40GB MIG 4g.20gb (0),1,,13,cupy_copy__float32_float32
2751442770,82079,123552,1,1,1,32,32,1,30,0.000,0.000,,,,,NVIDIA A100-SXM4-40GB MIG 4g.20gb (0),1,,13,"void convert_kernel<__half2, float2>(tensor_layout_any, T1 *, tensor_layout_any, const T2 *)"
2751552977,6272,123555,,,,,,,,,,0.094,14938.703,Pinned,Device,NVIDIA A100-SXM4-40GB MIG 4g.20gb (0),1,,13,[CUDA memcpy Host-to-Device]
2751567089,3360,123556,,,,,,,,,,1.547,460304.688,Device,,NVIDIA A100-SXM4-40GB MIG 4g.20gb (0),1,,13,[CUDA memset]
2751573969,3008,123561,,,,,,,,,,0.031,10404.230,Pinned,Device,NVIDIA A100-SXM4-40GB MIG 4g.20gb (0),1,,13,[CUDA memcpy Host-to-Device]
2751579761,9408,123562,,,,,,,,,,0.197,20897.858,Pinned,Device,NVIDIA A100-SXM4-40GB MIG 4g.20gb (0),1,,13,[CUDA memcpy Host-to-Device]
2751593585,9727,123563,273,1,1,8,4,1,39,0.002,0.000,,,,,NVIDIA A100-SXM4-40GB MIG 4g.20gb (0),1,,13,"void channel_eq::eqMmseCoefCompLowMimoKernel<float, float, float, (unsigned int)4, (unsigned int)1, (unsigned int)4>(const channel_eq::_puschRxChEqStatDescr *, channel_eq::_puschRxChEqCoefCompDynDescr)"
2751604304,7904,123564,273,1,1,12,11,1,51,0.002,0.000,,,,,NVIDIA A100-SXM4-40GB MIG 4g.20gb (0),1,,13,"void channel_eq::eqMmseSoftDemapKernel<float, __half, __half, float, (unsigned int)4, (unsigned short)16383>(channel_eq::_puschRxChEqStatDescr *, channel_eq::_puschRxChEqSoftDemapDynDescr)"
2751615792,290077,123565,1,1,1,32,32,1,30,0.000,0.000,,,,,NVIDIA A100-SXM4-40GB MIG 4g.20gb (0),1,,13,"void convert_kernel<float2, __half2>(tensor_layout_any, T1 *, tensor_layout_any, const T2 *)"
2751906925,11199,123577,2253,1,1,128,1,1,16,0.000,0.000,,,,,NVIDIA A100-SXM4-40GB MIG 4g.20gb (0),1,,13,cupy_copy__float16_float16
2751921356,3392,123586,282,1,1,128,1,1,16,0.000,0.000,,,,,NVIDIA A100-SXM4-40GB MIG 4g.20gb (0),1,,13,cupy_copy__complex64_complex64
2751929676,2016,123595,26,1,1,128,1,1,16,0.000,0.000,,,,,NVIDIA A100-SXM4-40GB MIG 4g.20gb (0),1,,13,cupy_copy__float32_float32
2751935084,4832,123604,103,1,1,128,1,1,16,0.000,0.000,,,,,NVIDIA A100-SXM4-40GB MIG 4g.20gb (0),1,,13,cupy_copy__complex64_complex64
2751941932,12064,123614,1434,1,1,128,1,1,16,0.000,0.000,,,,,NVIDIA A100-SXM4-40GB MIG 4g.20gb (0),1,,13,cupy_copy__complex64_complex64
2751957612,86463,123619,1,1,1,32,32,1,30,0.000,0.000,,,,,NVIDIA A100-SXM4-40GB MIG 4g.20gb (0),1,,13,"void convert_kernel<__half2, float2>(tensor_layout_any, T1 *, tensor_layout_any, const T2 *)"
2752071179,5664,123622,,,,,,,,,,0.094,16542.310,Pinned,Device,NVIDIA A100-SXM4-40GB MIG 4g.20gb (0),1,,13,[CUDA memcpy Host-to-Device]
2752081386,596825,123623,,,,,,,,,,456.561,764740.412,Device,,NVIDIA A100-SXM4-40GB MIG 4g.20gb (0),1,,13,[CUDA memset]
2752683747,153246,123628,,,,,,,,,,1.235,8058.010,Pinned,Device,NVIDIA A100-SXM4-40GB MIG 4g.20gb (0),1,,13,[CUDA memcpy Host-to-Device]
2752849633,41983,123629,,,,,,,,,,0.197,4683.006,Pinned,Device,NVIDIA A100-SXM4-40GB MIG 4g.20gb (0),1,,13,[CUDA memcpy Host-to-Device]
2752919968,7872,123630,69,4,1,48,1,1,76,0.002,0.000,,,,,NVIDIA A100-SXM4-40GB MIG 4g.20gb (0),1,,13,"void ch_est::windowedChEstPreNoDftSOfdmKernel<float, __half, float, (unsigned int)2, (unsigned int)1, (unsigned short)4>(ch_est::puschRxChEstStatDescr_t *, ch_est::puschRxChEstDynDescr_t *)"
2752939296,6784,123631,137,2,1,24,2,1,44,0.001,0.001,,,,,NVIDIA A100-SXM4-40GB MIG 4g.20gb (0),1,,13,"void ch_est::chEstFilterNoDftSOfdmDispatchKernel<float, __half, float, (unsigned int)2>(ch_est::puschRxChEstStatDescr_t *, ch_est::puschRxChEstDynDescr_t *)"
2752956128,4768,123632,137,2,1,24,2,1,44,0.001,0.001,,,,,NVIDIA A100-SXM4-40GB MIG 4g.20gb (0),1,,13,"void ch_est::chEstFilterNoDftSOfdmDispatchKernel<float, __half, float, (unsigned int)2>(ch_est::puschRxChEstStatDescr_t *, ch_est::puschRxChEstDynDescr_t *)"
2752975711,2688,123643,103,1,1,128,1,1,16,0.000,0.000,,,,,NVIDIA A100-SXM4-40GB MIG 4g.20gb (0),1,,13,cupy_copy__complex64_complex64
2752992383,12192,123653,1434,1,1,128,1,1,16,0.000,0.000,,,,,NVIDIA A100-SXM4-40GB MIG 4g.20gb (0),1,,13,cupy_copy__complex64_complex64
2753015231,2624,123660,103,1,1,128,1,1,16,0.000,0.000,,,,,NVIDIA A100-SXM4-40GB MIG 4g.20gb (0),1,,13,cupy_copy__complex64_complex64
2753035615,88127,123667,1,1,1,32,32,1,30,0.000,0.000,,,,,NVIDIA A100-SXM4-40GB MIG 4g.20gb (0),1,,13,"void convert_kernel<__half2, float2>(tensor_layout_any, T1 *, tensor_layout_any, const T2 *)"
2753150589,14112,123670,,,,,,,,,,0.094,6639.392,Pinned,Device,NVIDIA A100-SXM4-40GB MIG 4g.20gb (0),1,,13,[CUDA memcpy Host-to-Device]
2753174941,48063,123671,,,,,,,,,,35.810,745061.196,Device,,NVIDIA A100-SXM4-40GB MIG 4g.20gb (0),1,,13,[CUDA memset]
2753229500,3008,123673,,,,,,,,,,0.000,26.596,Pinned,Device,NVIDIA A100-SXM4-40GB MIG 4g.20gb (0),1,,13,[CUDA memcpy Host-to-Device]
2753237756,14464,123674,,,,,,,,,,0.197,13592.887,Pinned,Device,NVIDIA A100-SXM4-40GB MIG 4g.20gb (0),1,,13,[CUDA memcpy Host-to-Device]
2753260380,10880,123675,273,1,1,48,1,1,40,0.000,0.001,,,,,NVIDIA A100-SXM4-40GB MIG 4g.20gb (0),1,,13,"void pusch_noise_intf_est::noiseIntfEstNoDftSOfdmKernel<float, __half, float, float, (unsigned int)2, (unsigned int)1, (unsigned char)4, (unsigned char)4>(pusch_noise_intf_est::puschRxNoiseIntfEstDynDescr)"
2753273980,2848,123686,35,1,1,128,1,1,16,0.000,0.000,,,,,NVIDIA A100-SXM4-40GB MIG 4g.20gb (0),1,,13,cupy_copy__complex64_complex64
2753278940,1920,123695,1,1,1,1,1,1,18,0.000,0.000,,,,,NVIDIA A100-SXM4-40GB MIG 4g.20gb (0),1,,13,cupy_copy__float32_float32
2753306971,1600,123701,,,,,,,,,,0.000,2.500,Device,Pageable,NVIDIA A100-SXM4-40GB MIG 4g.20gb (0),1,,7,[CUDA memcpy Device-to-Host]
2753366715,12991,123712,1434,1,1,128,1,1,16,0.000,0.000,,,,,NVIDIA A100-SXM4-40GB MIG 4g.20gb (0),1,,13,cupy_copy__complex64_complex64
2753393466,2816,123719,103,1,1,128,1,1,16,0.000,0.000,,,,,NVIDIA A100-SXM4-40GB MIG 4g.20gb (0),1,,13,cupy_copy__complex64_complex64
2753416122,2752,123726,35,1,1,128,1,1,16,0.000,0.000,,,,,NVIDIA A100-SXM4-40GB MIG 4g.20gb (0),1,,13,cupy_copy__complex64_complex64
2753432762,1792,123733,1,1,1,1,1,1,18,0.000,0.000,,,,,NVIDIA A100-SXM4-40GB MIG 4g.20gb (0),1,,13,cupy_copy__float32_float32
2753564440,81951,123744,1,1,1,32,32,1,30,0.000,0.000,,,,,NVIDIA A100-SXM4-40GB MIG 4g.20gb (0),1,,13,"void convert_kernel<__half2, float2>(tensor_layout_any, T1 *, tensor_layout_any, const T2 *)"
2753674071,5696,123747,,,,,,,,,,0.094,16449.363,Pinned,Device,NVIDIA A100-SXM4-40GB MIG 4g.20gb (0),1,,13,[CUDA memcpy Host-to-Device]
2753688023,3456,123748,,,,,,,,,,1.547,447517.201,Device,,NVIDIA A100-SXM4-40GB MIG 4g.20gb (0),1,,13,[CUDA memset]
2753694839,3391,123753,,,,,,,,,,0.031,9229.128,Pinned,Device,NVIDIA A100-SXM4-40GB MIG 4g.20gb (0),1,,13,[CUDA memcpy Host-to-Device]
2753700662,10432,123754,,,,,,,,,,0.197,18846.450,Pinned,Device,NVIDIA A100-SXM4-40GB MIG 4g.20gb (0),1,,13,[CUDA memcpy Host-to-Device]
2753715190,6240,123755,273,1,1,8,4,1,39,0.002,0.000,,,,,NVIDIA A100-SXM4-40GB MIG 4g.20gb (0),1,,13,"void channel_eq::eqMmseCoefCompLowMimoKernel<float, float, float, (unsigned int)4, (unsigned int)1, (unsigned int)4>(const channel_eq::_puschRxChEqStatDescr *, channel_eq::_puschRxChEqCoefCompDynDescr)"
2753724310,6240,123756,273,1,1,12,11,1,51,0.002,0.000,,,,,NVIDIA A100-SXM4-40GB MIG 4g.20gb (0),1,,13,"void channel_eq::eqMmseSoftDemapKernel<float, __half, __half, float, (unsigned int)4, (unsigned short)16383>(channel_eq::_puschRxChEqStatDescr *, channel_eq::_puschRxChEqSoftDemapDynDescr)"
2753732950,282301,123757,1,1,1,32,32,1,30,0.000,0.000,,,,,NVIDIA A100-SXM4-40GB MIG 4g.20gb (0),1,,13,"void convert_kernel<float2, __half2>(tensor_layout_any, T1 *, tensor_layout_any, const T2 *)"
2754017555,10911,123769,2253,1,1,128,1,1,16,0.000,0.000,,,,,NVIDIA A100-SXM4-40GB MIG 4g.20gb (0),1,,13,cupy_copy__float16_float16
2754032658,2880,123778,282,1,1,128,1,1,16,0.000,0.000,,,,,NVIDIA A100-SXM4-40GB MIG 4g.20gb (0),1,,13,cupy_copy__complex64_complex64
2754037618,2144,123787,26,1,1,128,1,1,16,0.000,0.000,,,,,NVIDIA A100-SXM4-40GB MIG 4g.20gb (0),1,,13,cupy_copy__float32_float32
2754040754,2944,123796,103,1,1,128,1,1,16,0.000,0.000,,,,,NVIDIA A100-SXM4-40GB MIG 4g.20gb (0),1,,13,cupy_copy__complex64_complex64
2754045778,12032,123806,1434,1,1,128,1,1,16,0.000,0.000,,,,,NVIDIA A100-SXM4-40GB MIG 4g.20gb (0),1,,13,cupy_copy__complex64_complex64
2754066034,87711,123811,1,1,1,32,32,1,30,0.000,0.000,,,,,NVIDIA A100-SXM4-40GB MIG 4g.20gb (0),1,,13,"void convert_kernel<__half2, float2>(tensor_layout_any, T1 *, tensor_layout_any, const T2 *)"
2754180721,5695,123814,,,,,,,,,,0.094,16452.268,Pinned,Device,NVIDIA A100-SXM4-40GB MIG 4g.20gb (0),1,,13,[CUDA memcpy Host-to-Device]
2754190224,597497,123815,,,,,,,,,,456.561,763827.289,Device,,NVIDIA A100-SXM4-40GB MIG 4g.20gb (0),1,,13,[CUDA memset]
2754796009,137662,123820,,,,,,,,,,1.235,8970.633,Pinned,Device,NVIDIA A100-SXM4-40GB MIG 4g.20gb (0),1,,13,[CUDA memcpy Host-to-Device]
2754946503,41664,123821,,,,,,,,,,0.197,4718.789,Pinned,Device,NVIDIA A100-SXM4-40GB MIG 4g.20gb (0),1,,13,[CUDA memcpy Host-to-Device]
2755005798,8288,123822,69,4,1,48,1,1,76,0.002,0.000,,,,,NVIDIA A100-SXM4-40GB MIG 4g.20gb (0),1,,13,"void ch_est::windowedChEstPreNoDftSOfdmKernel<float, __half, float, (unsigned int)2, (unsigned int)1, (unsigned short)4>(ch_est::puschRxChEstStatDescr_t *, ch_est::puschRxChEstDynDescr_t *)"
2755025222,6784,123823,137,2,1,24,2,1,44,0.001,0.001,,,,,NVIDIA A100-SXM4-40GB MIG 4g.20gb (0),1,,13,"void ch_est::chEstFilterNoDftSOfdmDispatchKernel<float, __half, float, (unsigned int)2>(ch_est::puschRxChEstStatDescr_t *, ch_est::puschRxChEstDynDescr_t *)"
2755042310,4672,123824,137,2,1,24,2,1,44,0.001,0.001,,,,,NVIDIA A100-SXM4-40GB MIG 4g.20gb (0),1,,13,"void ch_est::chEstFilterNoDftSOfdmDispatchKernel<float, __half, float, (unsigned int)2>(ch_est::puschRxChEstStatDescr_t *, ch_est::puschRxChEstDynDescr_t *)"
2755059910,2528,123835,103,1,1,128,1,1,16,0.000,0.000,,,,,NVIDIA A100-SXM4-40GB MIG 4g.20gb (0),1,,13,cupy_copy__complex64_complex64
2755077573,12448,123845,1434,1,1,128,1,1,16,0.000,0.000,,,,,NVIDIA A100-SXM4-40GB MIG 4g.20gb (0),1,,13,cupy_copy__complex64_complex64
2755100677,2624,123852,103,1,1,128,1,1,16,0.000,0.000,,,,,NVIDIA A100-SXM4-40GB MIG 4g.20gb (0),1,,13,cupy_copy__complex64_complex64
2755121605,85503,123859,1,1,1,32,32,1,30,0.000,0.000,,,,,NVIDIA A100-SXM4-40GB MIG 4g.20gb (0),1,,13,"void convert_kernel<__half2, float2>(tensor_layout_any, T1 *, tensor_layout_any, const T2 *)"
2755238371,31200,123862,,,,,,,,,,0.094,3003.050,Pinned,Device,NVIDIA A100-SXM4-40GB MIG 4g.20gb (0),1,,13,[CUDA memcpy Host-to-Device]
2755293763,47391,123863,,,,,,,,,,35.810,755625.122,Device,,NVIDIA A100-SXM4-40GB MIG 4g.20gb (0),1,,13,[CUDA memset]
2755348162,12544,123865,,,,,,,,,,0.000,6.378,Pinned,Device,NVIDIA A100-SXM4-40GB MIG 4g.20gb (0),1,,13,[CUDA memcpy Host-to-Device]
2755371714,23520,123866,,,,,,,,,,0.197,8359.182,Pinned,Device,NVIDIA A100-SXM4-40GB MIG 4g.20gb (0),1,,13,[CUDA memcpy Host-to-Device]
2755412545,9312,123867,273,1,1,48,1,1,40,0.000,0.001,,,,,NVIDIA A100-SXM4-40GB MIG 4g.20gb (0),1,,13,"void pusch_noise_intf_est::noiseIntfEstNoDftSOfdmKernel<float, __half, float, float, (unsigned int)2, (unsigned int)1, (unsigned char)4, (unsigned char)4>(pusch_noise_intf_est::puschRxNoiseIntfEstDynDescr)"
2755429185,2592,123878,35,1,1,128,1,1,16,0.000,0.000,,,,,NVIDIA A100-SXM4-40GB MIG 4g.20gb (0),1,,13,cupy_copy__complex64_complex64
2755442689,1664,123887,1,1,1,1,1,1,18,0.000,0.000,,,,,NVIDIA A100-SXM4-40GB MIG 4g.20gb (0),1,,13,cupy_copy__float32_float32
2755452609,8160,123893,,,,,,,,,,0.000,0.490,Device,Pageable,NVIDIA A100-SXM4-40GB MIG 4g.20gb (0),1,,7,[CUDA memcpy Device-to-Host]
2755538304,13312,123904,1434,1,1,128,1,1,16,0.000,0.000,,,,,NVIDIA A100-SXM4-40GB MIG 4g.20gb (0),1,,13,cupy_copy__complex64_complex64
2755563807,3488,123911,103,1,1,128,1,1,16,0.000,0.000,,,,,NVIDIA A100-SXM4-40GB MIG 4g.20gb (0),1,,13,cupy_copy__complex64_complex64
2755578591,2688,123918,35,1,1,128,1,1,16,0.000,0.000,,,,,NVIDIA A100-SXM4-40GB MIG 4g.20gb (0),1,,13,cupy_copy__complex64_complex64
2755606399,1856,123925,1,1,1,1,1,1,18,0.000,0.000,,,,,NVIDIA A100-SXM4-40GB MIG 4g.20gb (0),1,,13,cupy_copy__float32_float32
2755731197,81151,123936,1,1,1,32,32,1,30,0.000,0.000,,,,,NVIDIA A100-SXM4-40GB MIG 4g.20gb (0),1,,13,"void convert_kernel<__half2, float2>(tensor_layout_any, T1 *, tensor_layout_any, const T2 *)"
2755840508,5696,123939,,,,,,,,,,0.094,16449.363,Pinned,Device,NVIDIA A100-SXM4-40GB MIG 4g.20gb (0),1,,13,[CUDA memcpy Host-to-Device]
2755854620,3360,123940,,,,,,,,,,1.547,460304.688,Device,,NVIDIA A100-SXM4-40GB MIG 4g.20gb (0),1,,13,[CUDA memset]
2755861468,3552,123945,,,,,,,,,,0.031,8810.794,Pinned,Device,NVIDIA A100-SXM4-40GB MIG 4g.20gb (0),1,,13,[CUDA memcpy Host-to-Device]
2755867452,9696,123946,,,,,,,,,,0.197,20277.166,Pinned,Device,NVIDIA A100-SXM4-40GB MIG 4g.20gb (0),1,,13,[CUDA memcpy Host-to-Device]
2755882331,6336,123947,273,1,1,8,4,1,39,0.002,0.000,,,,,NVIDIA A100-SXM4-40GB MIG 4g.20gb (0),1,,13,"void channel_eq::eqMmseCoefCompLowMimoKernel<float, float, float, (unsigned int)4, (unsigned int)1, (unsigned int)4>(const channel_eq::_puschRxChEqStatDescr *, channel_eq::_puschRxChEqCoefCompDynDescr)"
2755889691,6016,123948,273,1,1,12,11,1,51,0.002,0.000,,,,,NVIDIA A100-SXM4-40GB MIG 4g.20gb (0),1,,13,"void channel_eq::eqMmseSoftDemapKernel<float, __half, __half, float, (unsigned int)4, (unsigned short)16383>(channel_eq::_puschRxChEqStatDescr *, channel_eq::_puschRxChEqSoftDemapDynDescr)"
2755896699,282621,123949,1,1,1,32,32,1,30,0.000,0.000,,,,,NVIDIA A100-SXM4-40GB MIG 4g.20gb (0),1,,13,"void convert_kernel<float2, __half2>(tensor_layout_any, T1 *, tensor_layout_any, const T2 *)"
2756180440,10944,123961,2253,1,1,128,1,1,16,0.000,0.000,,,,,NVIDIA A100-SXM4-40GB MIG 4g.20gb (0),1,,13,cupy_copy__float16_float16
2756195480,3712,123970,282,1,1,128,1,1,16,0.000,0.000,,,,,NVIDIA A100-SXM4-40GB MIG 4g.20gb (0),1,,13,cupy_copy__complex64_complex64
2756200760,1984,123979,26,1,1,128,1,1,16,0.000,0.000,,,,,NVIDIA A100-SXM4-40GB MIG 4g.20gb (0),1,,13,cupy_copy__float32_float32
2756205048,4543,123988,103,1,1,128,1,1,16,0.000,0.000,,,,,NVIDIA A100-SXM4-40GB MIG 4g.20gb (0),1,,13,cupy_copy__complex64_complex64
2756212087,12224,123998,1434,1,1,128,1,1,16,0.000,0.000,,,,,NVIDIA A100-SXM4-40GB MIG 4g.20gb (0),1,,13,cupy_copy__complex64_complex64
2756234615,82271,124003,1,1,1,32,32,1,30,0.000,0.000,,,,,NVIDIA A100-SXM4-40GB MIG 4g.20gb (0),1,,13,"void convert_kernel<__half2, float2>(tensor_layout_any, T1 *, tensor_layout_any, const T2 *)"
2756344118,5632,124006,,,,,,,,,,0.094,16636.287,Pinned,Device,NVIDIA A100-SXM4-40GB MIG 4g.20gb (0),1,,13,[CUDA memcpy Host-to-Device]
2756354358,599832,124007,,,,,,,,,,456.561,761087.920,Device,,NVIDIA A100-SXM4-40GB MIG 4g.20gb (0),1,,13,[CUDA memset]
2756958574,95583,124012,,,,,,,,,,1.235,12919.984,Pinned,Device,NVIDIA A100-SXM4-40GB MIG 4g.20gb (0),1,,13,[CUDA memcpy Host-to-Device]
2757061421,21952,124013,,,,,,,,,,0.197,8956.084,Pinned,Device,NVIDIA A100-SXM4-40GB MIG 4g.20gb (0),1,,13,[CUDA memcpy Host-to-Device]
2757097644,8000,124014,69,4,1,48,1,1,76,0.002,0.000,,,,,NVIDIA A100-SXM4-40GB MIG 4g.20gb (0),1,,13,"void ch_est::windowedChEstPreNoDftSOfdmKernel<float, __half, float, (unsigned int)2, (unsigned int)1, (unsigned short)4>(ch_est::puschRxChEstStatDescr_t *, ch_est::puschRxChEstDynDescr_t *)"
2757111020,7104,124015,137,2,1,24,2,1,44,0.001,0.001,,,,,NVIDIA A100-SXM4-40GB MIG 4g.20gb (0),1,,13,"void ch_est::chEstFilterNoDftSOfdmDispatchKernel<float, __half, float, (unsigned int)2>(ch_est::puschRxChEstStatDescr_t *, ch_est::puschRxChEstDynDescr_t *)"
2757130188,6880,124016,137,2,1,24,2,1,44,0.001,0.001,,,,,NVIDIA A100-SXM4-40GB MIG 4g.20gb (0),1,,13,"void ch_est::chEstFilterNoDftSOfdmDispatchKernel<float, __half, float, (unsigned int)2>(ch_est::puschRxChEstStatDescr_t *, ch_est::puschRxChEstDynDescr_t *)"
2757142796,2752,124027,103,1,1,128,1,1,16,0.000,0.000,,,,,NVIDIA A100-SXM4-40GB MIG 4g.20gb (0),1,,13,cupy_copy__complex64_complex64
2757155500,12640,124037,1434,1,1,128,1,1,16,0.000,0.000,,,,,NVIDIA A100-SXM4-40GB MIG 4g.20gb (0),1,,13,cupy_copy__complex64_complex64
2757169420,2720,124044,103,1,1,128,1,1,16,0.000,0.000,,,,,NVIDIA A100-SXM4-40GB MIG 4g.20gb (0),1,,13,cupy_copy__complex64_complex64
2757178571,84063,124051,1,1,1,32,32,1,30,0.000,0.000,,,,,NVIDIA A100-SXM4-40GB MIG 4g.20gb (0),1,,13,"void convert_kernel<__half2, float2>(tensor_layout_any, T1 *, tensor_layout_any, const T2 *)"
2757295114,14816,124054,,,,,,,,,,0.094,6323.918,Pinned,Device,NVIDIA A100-SXM4-40GB MIG 4g.20gb (0),1,,13,[CUDA memcpy Host-to-Device]
2757327402,46527,124055,,,,,,,,,,35.810,769626.801,Device,,NVIDIA A100-SXM4-40GB MIG 4g.20gb (0),1,,13,[CUDA memset]
2757381481,11040,124057,,,,,,,,,,0.000,7.246,Pinned,Device,NVIDIA A100-SXM4-40GB MIG 4g.20gb (0),1,,13,[CUDA memcpy Host-to-Device]
2757403337,24863,124058,,,,,,,,,,0.197,7907.574,Pinned,Device,NVIDIA A100-SXM4-40GB MIG 4g.20gb (0),1,,13,[CUDA memcpy Host-to-Device]
2757454792,9536,124059,273,1,1,48,1,1,40,0.000,0.001,,,,,NVIDIA A100-SXM4-40GB MIG 4g.20gb (0),1,,13,"void pusch_noise_intf_est::noiseIntfEstNoDftSOfdmKernel<float, __half, float, float, (unsigned int)2, (unsigned int)1, (unsigned char)4, (unsigned char)4>(pusch_noise_intf_est::puschRxNoiseIntfEstDynDescr)"
2757482248,2784,124070,35,1,1,128,1,1,16,0.000,0.000,,,,,NVIDIA A100-SXM4-40GB MIG 4g.20gb (0),1,,13,cupy_copy__complex64_complex64
2757498056,1695,124079,1,1,1,1,1,1,18,0.000,0.000,,,,,NVIDIA A100-SXM4-40GB MIG 4g.20gb (0),1,,13,cupy_copy__float32_float32
2757504679,7168,124085,,,,,,,,,,0.000,0.558,Device,Pageable,NVIDIA A100-SXM4-40GB MIG 4g.20gb (0),1,,7,[CUDA memcpy Device-to-Host]
2757601414,12768,124096,1434,1,1,128,1,1,16,0.000,0.000,,,,,NVIDIA A100-SXM4-40GB MIG 4g.20gb (0),1,,13,cupy_copy__complex64_complex64
2757623814,3360,124103,103,1,1,128,1,1,16,0.000,0.000,,,,,NVIDIA A100-SXM4-40GB MIG 4g.20gb (0),1,,13,cupy_copy__complex64_complex64
2757647014,2528,124110,35,1,1,128,1,1,16,0.000,0.000,,,,,NVIDIA A100-SXM4-40GB MIG 4g.20gb (0),1,,13,cupy_copy__complex64_complex64
2757665957,1696,124117,1,1,1,1,1,1,18,0.000,0.000,,,,,NVIDIA A100-SXM4-40GB MIG 4g.20gb (0),1,,13,cupy_copy__float32_float32
2757789796,94239,124128,1,1,1,32,32,1,30,0.000,0.000,,,,,NVIDIA A100-SXM4-40GB MIG 4g.20gb (0),1,,13,"void convert_kernel<__half2, float2>(tensor_layout_any, T1 *, tensor_layout_any, const T2 *)"
2757913698,13216,124131,,,,,,,,,,0.094,7089.508,Pinned,Device,NVIDIA A100-SXM4-40GB MIG 4g.20gb (0),1,,13,[CUDA memcpy Host-to-Device]
2757936418,3360,124132,,,,,,,,,,1.547,460304.688,Device,,NVIDIA A100-SXM4-40GB MIG 4g.20gb (0),1,,13,[CUDA memset]
2757943650,7200,124137,,,,,,,,,,0.031,4346.639,Pinned,Device,NVIDIA A100-SXM4-40GB MIG 4g.20gb (0),1,,13,[CUDA memcpy Host-to-Device]
2757953954,16544,124138,,,,,,,,,,0.197,11883.774,Pinned,Device,NVIDIA A100-SXM4-40GB MIG 4g.20gb (0),1,,13,[CUDA memcpy Host-to-Device]
2757979970,6079,124139,273,1,1,8,4,1,39,0.002,0.000,,,,,NVIDIA A100-SXM4-40GB MIG 4g.20gb (0),1,,13,"void channel_eq::eqMmseCoefCompLowMimoKernel<float, float, float, (unsigned int)4, (unsigned int)1, (unsigned int)4>(const channel_eq::_puschRxChEqStatDescr *, channel_eq::_puschRxChEqCoefCompDynDescr)"
2757987425,6112,124140,273,1,1,12,11,1,51,0.002,0.000,,,,,NVIDIA A100-SXM4-40GB MIG 4g.20gb (0),1,,13,"void channel_eq::eqMmseSoftDemapKernel<float, __half, __half, float, (unsigned int)4, (unsigned short)16383>(channel_eq::_puschRxChEqStatDescr *, channel_eq::_puschRxChEqSoftDemapDynDescr)"
2758000385,294877,124141,1,1,1,32,32,1,30,0.000,0.000,,,,,NVIDIA A100-SXM4-40GB MIG 4g.20gb (0),1,,13,"void convert_kernel<float2, __half2>(tensor_layout_any, T1 *, tensor_layout_any, const T2 *)"
2758298110,11007,124153,2253,1,1,128,1,1,16,0.000,0.000,,,,,NVIDIA A100-SXM4-40GB MIG 4g.20gb (0),1,,13,cupy_copy__float16_float16
2758311261,3680,124162,282,1,1,128,1,1,16,0.000,0.000,,,,,NVIDIA A100-SXM4-40GB MIG 4g.20gb (0),1,,13,cupy_copy__complex64_complex64
2758315901,2112,124171,26,1,1,128,1,1,16,0.000,0.000,,,,,NVIDIA A100-SXM4-40GB MIG 4g.20gb (0),1,,13,cupy_copy__float32_float32
2758320797,4704,124180,103,1,1,128,1,1,16,0.000,0.000,,,,,NVIDIA A100-SXM4-40GB MIG 4g.20gb (0),1,,13,cupy_copy__complex64_complex64
2758327805,12128,124190,1434,1,1,128,1,1,16,0.000,0.000,,,,,NVIDIA A100-SXM4-40GB MIG 4g.20gb (0),1,,13,cupy_copy__complex64_complex64
2758342429,82783,124195,1,1,1,32,32,1,30,0.000,0.000,,,,,NVIDIA A100-SXM4-40GB MIG 4g.20gb (0),1,,13,"void convert_kernel<__half2, float2>(tensor_layout_any, T1 *, tensor_layout_any, const T2 *)"
2758451804,6240,124198,,,,,,,,,,0.094,15015.346,Pinned,Device,NVIDIA A100-SXM4-40GB MIG 4g.20gb (0),1,,13,[CUDA memcpy Host-to-Device]
2758465020,597496,124199,,,,,,,,,,456.561,763827.289,Device,,NVIDIA A100-SXM4-40GB MIG 4g.20gb (0),1,,13,[CUDA memset]
2759063700,116831,124204,,,,,,,,,,1.235,10569.886,Pinned,Device,NVIDIA A100-SXM4-40GB MIG 4g.20gb (0),1,,13,[CUDA memcpy Host-to-Device]
2759188883,26527,124205,,,,,,,,,,0.197,7411.532,Pinned,Device,NVIDIA A100-SXM4-40GB MIG 4g.20gb (0),1,,13,[CUDA memcpy Host-to-Device]
2759228466,9216,124206,69,4,1,48,1,1,76,0.002,0.000,,,,,NVIDIA A100-SXM4-40GB MIG 4g.20gb (0),1,,13,"void ch_est::windowedChEstPreNoDftSOfdmKernel<float, __half, float, (unsigned int)2, (unsigned int)1, (unsigned short)4>(ch_est::puschRxChEstStatDescr_t *, ch_est::puschRxChEstDynDescr_t *)"
2759239506,6848,124207,137,2,1,24,2,1,44,0.001,0.001,,,,,NVIDIA A100-SXM4-40GB MIG 4g.20gb (0),1,,13,"void ch_est::chEstFilterNoDftSOfdmDispatchKernel<float, __half, float, (unsigned int)2>(ch_est::puschRxChEstStatDescr_t *, ch_est::puschRxChEstDynDescr_t *)"
2759249938,6208,124208,137,2,1,24,2,1,44,0.001,0.001,,,,,NVIDIA A100-SXM4-40GB MIG 4g.20gb (0),1,,13,"void ch_est::chEstFilterNoDftSOfdmDispatchKernel<float, __half, float, (unsigned int)2>(ch_est::puschRxChEstStatDescr_t *, ch_est::puschRxChEstDynDescr_t *)"
2759258866,3040,124219,103,1,1,128,1,1,16,0.000,0.000,,,,,NVIDIA A100-SXM4-40GB MIG 4g.20gb (0),1,,13,cupy_copy__complex64_complex64
2759269074,12511,124229,1434,1,1,128,1,1,16,0.000,0.000,,,,,NVIDIA A100-SXM4-40GB MIG 4g.20gb (0),1,,13,cupy_copy__complex64_complex64
2759285425,2592,124236,103,1,1,128,1,1,16,0.000,0.000,,,,,NVIDIA A100-SXM4-40GB MIG 4g.20gb (0),1,,13,cupy_copy__complex64_complex64
2759296369,86111,124243,1,1,1,32,32,1,30,0.000,0.000,,,,,NVIDIA A100-SXM4-40GB MIG 4g.20gb (0),1,,13,"void convert_kernel<__half2, float2>(tensor_layout_any, T1 *, tensor_layout_any, const T2 *)"
2759414032,8352,124246,,,,,,,,,,0.094,11218.316,Pinned,Device,NVIDIA A100-SXM4-40GB MIG 4g.20gb (0),1,,13,[CUDA memcpy Host-to-Device]
2759427536,47711,124247,,,,,,,,,,35.810,750540.113,Device,,NVIDIA A100-SXM4-40GB MIG 4g.20gb (0),1,,13,[CUDA memset]
2759480655,5056,124249,,,,,,,,,,0.000,15.823,Pinned,Device,NVIDIA A100-SXM4-40GB MIG 4g.20gb (0),1,,13,[CUDA memcpy Host-to-Device]
2759490959,12512,124250,,,,,,,,,,0.197,15713.501,Pinned,Device,NVIDIA A100-SXM4-40GB MIG 4g.20gb (0),1,,13,[CUDA memcpy Host-to-Device]
2759510543,9120,124251,273,1,1,48,1,1,40,0.000,0.001,,,,,NVIDIA A100-SXM4-40GB MIG 4g.20gb (0),1,,13,"void pusch_noise_intf_est::noiseIntfEstNoDftSOfdmKernel<float, __half, float, float, (unsigned int)2, (unsigned int)1, (unsigned char)4, (unsigned char)4>(pusch_noise_intf_est::puschRxNoiseIntfEstDynDescr)"
2759526734,2816,124262,35,1,1,128,1,1,16,0.000,0.000,,,,,NVIDIA A100-SXM4-40GB MIG 4g.20gb (0),1,,13,cupy_copy__complex64_complex64
2759537646,2016,124271,1,1,1,1,1,1,18,0.000,0.000,,,,,NVIDIA A100-SXM4-40GB MIG 4g.20gb (0),1,,13,cupy_copy__float32_float32
2759569006,1632,124277,,,,,,,,,,0.000,2.451,Device,Pageable,NVIDIA A100-SXM4-40GB MIG 4g.20gb (0),1,,7,[CUDA memcpy Device-to-Host]
2759630061,13280,124288,1434,1,1,128,1,1,16,0.000,0.000,,,,,NVIDIA A100-SXM4-40GB MIG 4g.20gb (0),1,,13,cupy_copy__complex64_complex64
2759655789,2784,124295,103,1,1,128,1,1,16,0.000,0.000,,,,,NVIDIA A100-SXM4-40GB MIG 4g.20gb (0),1,,13,cupy_copy__complex64_complex64
2759676077,2656,124302,35,1,1,128,1,1,16,0.000,0.000,,,,,NVIDIA A100-SXM4-40GB MIG 4g.20gb (0),1,,13,cupy_copy__complex64_complex64
2759694220,1792,124309,1,1,1,1,1,1,18,0.000,0.000,,,,,NVIDIA A100-SXM4-40GB MIG 4g.20gb (0),1,,13,cupy_copy__float32_float32
2759849738,82495,124320,1,1,1,32,32,1,30,0.000,0.000,,,,,NVIDIA A100-SXM4-40GB MIG 4g.20gb (0),1,,13,"void convert_kernel<__half2, float2>(tensor_layout_any, T1 *, tensor_layout_any, const T2 *)"
2759959465,5760,124323,,,,,,,,,,0.094,16266.656,Pinned,Device,NVIDIA A100-SXM4-40GB MIG 4g.20gb (0),1,,13,[CUDA memcpy Host-to-Device]
2759975529,3392,124324,,,,,,,,,,1.547,455961.768,Device,,NVIDIA A100-SXM4-40GB MIG 4g.20gb (0),1,,13,[CUDA memset]
2759981033,3008,124329,,,,,,,,,,0.031,10404.230,Pinned,Device,NVIDIA A100-SXM4-40GB MIG 4g.20gb (0),1,,13,[CUDA memcpy Host-to-Device]
2759986921,9760,124330,,,,,,,,,,0.197,20144.259,Pinned,Device,NVIDIA A100-SXM4-40GB MIG 4g.20gb (0),1,,13,[CUDA memcpy Host-to-Device]
2760001225,6303,124331,273,1,1,8,4,1,39,0.002,0.000,,,,,NVIDIA A100-SXM4-40GB MIG 4g.20gb (0),1,,13,"void channel_eq::eqMmseCoefCompLowMimoKernel<float, float, float, (unsigned int)4, (unsigned int)1, (unsigned int)4>(const channel_eq::_puschRxChEqStatDescr *, channel_eq::_puschRxChEqCoefCompDynDescr)"
2760008584,5696,124332,273,1,1,12,11,1,51,0.002,0.000,,,,,NVIDIA A100-SXM4-40GB MIG 4g.20gb (0),1,,13,"void channel_eq::eqMmseSoftDemapKernel<float, __half, __half, float, (unsigned int)4, (unsigned short)16383>(channel_eq::_puschRxChEqStatDescr *, channel_eq::_puschRxChEqSoftDemapDynDescr)"
2760015624,294589,124333,1,1,1,32,32,1,30,0.000,0.000,,,,,NVIDIA A100-SXM4-40GB MIG 4g.20gb (0),1,,13,"void convert_kernel<float2, __half2>(tensor_layout_any, T1 *, tensor_layout_any, const T2 *)"
2760311173,10880,124345,2253,1,1,128,1,1,16,0.000,0.000,,,,,NVIDIA A100-SXM4-40GB MIG 4g.20gb (0),1,,13,cupy_copy__float16_float16
2760325989,3520,124354,282,1,1,128,1,1,16,0.000,0.000,,,,,NVIDIA A100-SXM4-40GB MIG 4g.20gb (0),1,,13,cupy_copy__complex64_complex64
2760332484,2336,124363,26,1,1,128,1,1,16,0.000,0.000,,,,,NVIDIA A100-SXM4-40GB MIG 4g.20gb (0),1,,13,cupy_copy__float32_float32
2760336964,2976,124372,103,1,1,128,1,1,16,0.000,0.000,,,,,NVIDIA A100-SXM4-40GB MIG 4g.20gb (0),1,,13,cupy_copy__complex64_complex64
2760340868,12064,124382,1434,1,1,128,1,1,16,0.000,0.000,,,,,NVIDIA A100-SXM4-40GB MIG 4g.20gb (0),1,,13,cupy_copy__complex64_complex64
2760357092,87103,124387,1,1,1,32,32,1,30,0.000,0.000,,,,,NVIDIA A100-SXM4-40GB MIG 4g.20gb (0),1,,13,"void convert_kernel<__half2, float2>(tensor_layout_any, T1 *, tensor_layout_any, const T2 *)"
2760472067,6208,124390,,,,,,,,,,0.094,15092.739,Pinned,Device,NVIDIA A100-SXM4-40GB MIG 4g.20gb (0),1,,13,[CUDA memcpy Host-to-Device]
2760483587,596600,124391,,,,,,,,,,456.561,765196.973,Device,,NVIDIA A100-SXM4-40GB MIG 4g.20gb (0),1,,13,[CUDA memset]
2761084539,138014,124396,,,,,,,,,,1.235,8947.169,Pinned,Device,NVIDIA A100-SXM4-40GB MIG 4g.20gb (0),1,,13,[CUDA memcpy Host-to-Device]
2761235097,40832,124397,,,,,,,,,,0.197,4814.930,Pinned,Device,NVIDIA A100-SXM4-40GB MIG 4g.20gb (0),1,,13,[CUDA memcpy Host-to-Device]
2761304568,8160,124398,69,4,1,48,1,1,76,0.002,0.000,,,,,NVIDIA A100-SXM4-40GB MIG 4g.20gb (0),1,,13,"void ch_est::windowedChEstPreNoDftSOfdmKernel<float, __half, float, (unsigned int)2, (unsigned int)1, (unsigned short)4>(ch_est::puschRxChEstStatDescr_t *, ch_est::puschRxChEstDynDescr_t *)"
2761323224,6720,124399,137,2,1,24,2,1,44,0.001,0.001,,,,,NVIDIA A100-SXM4-40GB MIG 4g.20gb (0),1,,13,"void ch_est::chEstFilterNoDftSOfdmDispatchKernel<float, __half, float, (unsigned int)2>(ch_est::puschRxChEstStatDescr_t *, ch_est::puschRxChEstDynDescr_t *)"
2761336664,4736,124400,137,2,1,24,2,1,44,0.001,0.001,,,,,NVIDIA A100-SXM4-40GB MIG 4g.20gb (0),1,,13,"void ch_est::chEstFilterNoDftSOfdmDispatchKernel<float, __half, float, (unsigned int)2>(ch_est::puschRxChEstStatDescr_t *, ch_est::puschRxChEstDynDescr_t *)"
2761353848,2592,124411,103,1,1,128,1,1,16,0.000,0.000,,,,,NVIDIA A100-SXM4-40GB MIG 4g.20gb (0),1,,13,cupy_copy__complex64_complex64
2761365592,12640,124421,1434,1,1,128,1,1,16,0.000,0.000,,,,,NVIDIA A100-SXM4-40GB MIG 4g.20gb (0),1,,13,cupy_copy__complex64_complex64
2761394519,2688,124428,103,1,1,128,1,1,16,0.000,0.000,,,,,NVIDIA A100-SXM4-40GB MIG 4g.20gb (0),1,,13,cupy_copy__complex64_complex64
2761406711,82111,124435,1,1,1,32,32,1,30,0.000,0.000,,,,,NVIDIA A100-SXM4-40GB MIG 4g.20gb (0),1,,13,"void convert_kernel<__half2, float2>(tensor_layout_any, T1 *, tensor_layout_any, const T2 *)"
2761517302,13344,124438,,,,,,,,,,0.094,7021.578,Pinned,Device,NVIDIA A100-SXM4-40GB MIG 4g.20gb (0),1,,13,[CUDA memcpy Host-to-Device]
2761535702,46687,124439,,,,,,,,,,35.810,767012.676,Device,,NVIDIA A100-SXM4-40GB MIG 4g.20gb (0),1,,13,[CUDA memset]
2761589365,6016,124441,,,,,,,,,,0.000,13.298,Pinned,Device,NVIDIA A100-SXM4-40GB MIG 4g.20gb (0),1,,13,[CUDA memcpy Host-to-Device]
2761599413,21408,124442,,,,,,,,,,0.197,9183.756,Pinned,Device,NVIDIA A100-SXM4-40GB MIG 4g.20gb (0),1,,13,[CUDA memcpy Host-to-Device]
2761641716,9664,124443,273,1,1,48,1,1,40,0.000,0.001,,,,,NVIDIA A100-SXM4-40GB MIG 4g.20gb (0),1,,13,"void pusch_noise_intf_est::noiseIntfEstNoDftSOfdmKernel<float, __half, float, float, (unsigned int)2, (unsigned int)1, (unsigned char)4, (unsigned char)4>(pusch_noise_intf_est::puschRxNoiseIntfEstDynDescr)"
2761661236,2656,124454,35,1,1,128,1,1,16,0.000,0.000,,,,,NVIDIA A100-SXM4-40GB MIG 4g.20gb (0),1,,13,cupy_copy__complex64_complex64
2761671860,1760,124463,1,1,1,1,1,1,18,0.000,0.000,,,,,NVIDIA A100-SXM4-40GB MIG 4g.20gb (0),1,,13,cupy_copy__float32_float32
2761680084,2272,124469,,,,,,,,,,0.000,1.761,Device,Pageable,NVIDIA A100-SXM4-40GB MIG 4g.20gb (0),1,,7,[CUDA memcpy Device-to-Host]
2761755507,13120,124480,1434,1,1,128,1,1,16,0.000,0.000,,,,,NVIDIA A100-SXM4-40GB MIG 4g.20gb (0),1,,13,cupy_copy__complex64_complex64
2761784115,2751,124487,103,1,1,128,1,1,16,0.000,0.000,,,,,NVIDIA A100-SXM4-40GB MIG 4g.20gb (0),1,,13,cupy_copy__complex64_complex64
2761804882,2752,124494,35,1,1,128,1,1,16,0.000,0.000,,,,,NVIDIA A100-SXM4-40GB MIG 4g.20gb (0),1,,13,cupy_copy__complex64_complex64
2761816402,1824,124501,1,1,1,1,1,1,18,0.000,0.000,,,,,NVIDIA A100-SXM4-40GB MIG 4g.20gb (0),1,,13,cupy_copy__float32_float32
2761947697,81630,124512,1,1,1,32,32,1,30,0.000,0.000,,,,,NVIDIA A100-SXM4-40GB MIG 4g.20gb (0),1,,13,"void convert_kernel<__half2, float2>(tensor_layout_any, T1 *, tensor_layout_any, const T2 *)"
2762056879,5856,124515,,,,,,,,,,0.094,15999.997,Pinned,Device,NVIDIA A100-SXM4-40GB MIG 4g.20gb (0),1,,13,[CUDA memcpy Host-to-Device]
2762071375,3392,124516,,,,,,,,,,1.547,455961.768,Device,,NVIDIA A100-SXM4-40GB MIG 4g.20gb (0),1,,13,[CUDA memset]
2762078447,3392,124521,,,,,,,,,,0.031,9226.405,Pinned,Device,NVIDIA A100-SXM4-40GB MIG 4g.20gb (0),1,,13,[CUDA memcpy Host-to-Device]
2762084303,9440,124522,,,,,,,,,,0.197,20827.079,Pinned,Device,NVIDIA A100-SXM4-40GB MIG 4g.20gb (0),1,,13,[CUDA memcpy Host-to-Device]
2762098095,8192,124523,273,1,1,8,4,1,39,0.002,0.000,,,,,NVIDIA A100-SXM4-40GB MIG 4g.20gb (0),1,,13,"void channel_eq::eqMmseCoefCompLowMimoKernel<float, float, float, (unsigned int)4, (unsigned int)1, (unsigned int)4>(const channel_eq::_puschRxChEqStatDescr *, channel_eq::_puschRxChEqCoefCompDynDescr)"
2762107407,6271,124524,273,1,1,12,11,1,51,0.002,0.000,,,,,NVIDIA A100-SXM4-40GB MIG 4g.20gb (0),1,,13,"void channel_eq::eqMmseSoftDemapKernel<float, __half, __half, float, (unsigned int)4, (unsigned short)16383>(channel_eq::_puschRxChEqStatDescr *, channel_eq::_puschRxChEqSoftDemapDynDescr)"
2762114734,282813,124525,1,1,1,32,32,1,30,0.000,0.000,,,,,NVIDIA A100-SXM4-40GB MIG 4g.20gb (0),1,,13,"void convert_kernel<float2, __half2>(tensor_layout_any, T1 *, tensor_layout_any, const T2 *)"
2762400011,11200,124537,2253,1,1,128,1,1,16,0.000,0.000,,,,,NVIDIA A100-SXM4-40GB MIG 4g.20gb (0),1,,13,cupy_copy__float16_float16
2762414635,3584,124546,282,1,1,128,1,1,16,0.000,0.000,,,,,NVIDIA A100-SXM4-40GB MIG 4g.20gb (0),1,,13,cupy_copy__complex64_complex64
2762419243,2016,124555,26,1,1,128,1,1,16,0.000,0.000,,,,,NVIDIA A100-SXM4-40GB MIG 4g.20gb (0),1,,13,cupy_copy__float32_float32
2762422891,3136,124564,103,1,1,128,1,1,16,0.000,0.000,,,,,NVIDIA A100-SXM4-40GB MIG 4g.20gb (0),1,,13,cupy_copy__complex64_complex64
2762427051,11839,124574,1434,1,1,128,1,1,16,0.000,0.000,,,,,NVIDIA A100-SXM4-40GB MIG 4g.20gb (0),1,,13,cupy_copy__complex64_complex64
2762452266,87135,124579,1,1,1,32,32,1,30,0.000,0.000,,,,,NVIDIA A100-SXM4-40GB MIG 4g.20gb (0),1,,13,"void convert_kernel<__half2, float2>(tensor_layout_any, T1 *, tensor_layout_any, const T2 *)"
2762566441,5440,124582,,,,,,,,,,0.094,17223.480,Pinned,Device,NVIDIA A100-SXM4-40GB MIG 4g.20gb (0),1,,13,[CUDA memcpy Host-to-Device]
2762578185,599192,124583,,,,,,,,,,456.561,761544.482,Device,,NVIDIA A100-SXM4-40GB MIG 4g.20gb (0),1,,13,[CUDA memset]
2763184737,110143,124588,,,,,,,,,,1.235,11212.057,Pinned,Device,NVIDIA A100-SXM4-40GB MIG 4g.20gb (0),1,,13,[CUDA memcpy Host-to-Device]
2763304064,31391,124589,,,,,,,,,,0.197,6263.144,Pinned,Device,NVIDIA A100-SXM4-40GB MIG 4g.20gb (0),1,,13,[CUDA memcpy Host-to-Device]
2763363039,8160,124590,69,4,1,48,1,1,76,0.002,0.000,,,,,NVIDIA A100-SXM4-40GB MIG 4g.20gb (0),1,,13,"void ch_est::windowedChEstPreNoDftSOfdmKernel<float, __half, float, (unsigned int)2, (unsigned int)1, (unsigned short)4>(ch_est::puschRxChEstStatDescr_t *, ch_est::puschRxChEstDynDescr_t *)"
2763379295,6688,124591,137,2,1,24,2,1,44,0.001,0.001,,,,,NVIDIA A100-SXM4-40GB MIG 4g.20gb (0),1,,13,"void ch_est::chEstFilterNoDftSOfdmDispatchKernel<float, __half, float, (unsigned int)2>(ch_est::puschRxChEstStatDescr_t *, ch_est::puschRxChEstDynDescr_t *)"
2763392959,4736,124592,137,2,1,24,2,1,44,0.001,0.001,,,,,NVIDIA A100-SXM4-40GB MIG 4g.20gb (0),1,,13,"void ch_est::chEstFilterNoDftSOfdmDispatchKernel<float, __half, float, (unsigned int)2>(ch_est::puschRxChEstStatDescr_t *, ch_est::puschRxChEstDynDescr_t *)"
2763406686,2528,124603,103,1,1,128,1,1,16,0.000,0.000,,,,,NVIDIA A100-SXM4-40GB MIG 4g.20gb (0),1,,13,cupy_copy__complex64_complex64
2763421918,12736,124613,1434,1,1,128,1,1,16,0.000,0.000,,,,,NVIDIA A100-SXM4-40GB MIG 4g.20gb (0),1,,13,cupy_copy__complex64_complex64
2763456446,2656,124620,103,1,1,128,1,1,16,0.000,0.000,,,,,NVIDIA A100-SXM4-40GB MIG 4g.20gb (0),1,,13,cupy_copy__complex64_complex64
2763471294,94367,124627,1,1,1,32,32,1,30,0.000,0.000,,,,,NVIDIA A100-SXM4-40GB MIG 4g.20gb (0),1,,13,"void convert_kernel<__half2, float2>(tensor_layout_any, T1 *, tensor_layout_any, const T2 *)"
2763603356,21024,124630,,,,,,,,,,0.094,4456.557,Pinned,Device,NVIDIA A100-SXM4-40GB MIG 4g.20gb (0),1,,13,[CUDA memcpy Host-to-Device]
2763640060,47711,124631,,,,,,,,,,35.810,750540.113,Device,,NVIDIA A100-SXM4-40GB MIG 4g.20gb (0),1,,13,[CUDA memset]
2763693179,11168,124633,,,,,,,,,,0.000,7.163,Pinned,Device,NVIDIA A100-SXM4-40GB MIG 4g.20gb (0),1,,13,[CUDA memcpy Host-to-Device]
2763711227,26527,124634,,,,,,,,,,0.197,7411.532,Pinned,Device,NVIDIA A100-SXM4-40GB MIG 4g.20gb (0),1,,13,[CUDA memcpy Host-to-Device]
2763751706,12480,124635,273,1,1,48,1,1,40,0.000,0.001,,,,,NVIDIA A100-SXM4-40GB MIG 4g.20gb (0),1,,13,"void pusch_noise_intf_est::noiseIntfEstNoDftSOfdmKernel<float, __half, float, float, (unsigned int)2, (unsigned int)1, (unsigned char)4, (unsigned char)4>(pusch_noise_intf_est::puschRxNoiseIntfEstDynDescr)"
2763769146,2976,124646,35,1,1,128,1,1,16,0.000,0.000,,,,,NVIDIA A100-SXM4-40GB MIG 4g.20gb (0),1,,13,cupy_copy__complex64_complex64
2763777018,1792,124655,1,1,1,1,1,1,18,0.000,0.000,,,,,NVIDIA A100-SXM4-40GB MIG 4g.20gb (0),1,,13,cupy_copy__float32_float32
2763784474,5120,124661,,,,,,,,,,0.000,0.781,Device,Pageable,NVIDIA A100-SXM4-40GB MIG 4g.20gb (0),1,,7,[CUDA memcpy Device-to-Host]
2763858521,12928,124672,1434,1,1,128,1,1,16,0.000,0.000,,,,,NVIDIA A100-SXM4-40GB MIG 4g.20gb (0),1,,13,cupy_copy__complex64_complex64
2763890648,3456,124679,103,1,1,128,1,1,16,0.000,0.000,,,,,NVIDIA A100-SXM4-40GB MIG 4g.20gb (0),1,,13,cupy_copy__complex64_complex64
2763907640,2560,124686,35,1,1,128,1,1,16,0.000,0.000,,,,,NVIDIA A100-SXM4-40GB MIG 4g.20gb (0),1,,13,cupy_copy__complex64_complex64
2763929144,1888,124693,1,1,1,1,1,1,18,0.000,0.000,,,,,NVIDIA A100-SXM4-40GB MIG 4g.20gb (0),1,,13,cupy_copy__float32_float32
2764058006,83007,124704,1,1,1,32,32,1,30,0.000,0.000,,,,,NVIDIA A100-SXM4-40GB MIG 4g.20gb (0),1,,13,"void convert_kernel<__half2, float2>(tensor_layout_any, T1 *, tensor_layout_any, const T2 *)"
2764170709,5760,124707,,,,,,,,,,0.094,16266.656,Pinned,Device,NVIDIA A100-SXM4-40GB MIG 4g.20gb (0),1,,13,[CUDA memcpy Host-to-Device]
2764184341,3360,124708,,,,,,,,,,1.547,460304.688,Device,,NVIDIA A100-SXM4-40GB MIG 4g.20gb (0),1,,13,[CUDA memset]
2764191189,3168,124713,,,,,,,,,,0.031,9878.770,Pinned,Device,NVIDIA A100-SXM4-40GB MIG 4g.20gb (0),1,,13,[CUDA memcpy Host-to-Device]
2764196917,9984,124714,,,,,,,,,,0.197,19692.257,Pinned,Device,NVIDIA A100-SXM4-40GB MIG 4g.20gb (0),1,,13,[CUDA memcpy Host-to-Device]
2764211349,7999,124715,273,1,1,8,4,1,39,0.002,0.000,,,,,NVIDIA A100-SXM4-40GB MIG 4g.20gb (0),1,,13,"void channel_eq::eqMmseCoefCompLowMimoKernel<float, float, float, (unsigned int)4, (unsigned int)1, (unsigned int)4>(const channel_eq::_puschRxChEqStatDescr *, channel_eq::_puschRxChEqCoefCompDynDescr)"
2764221236,5856,124716,273,1,1,12,11,1,51,0.002,0.000,,,,,NVIDIA A100-SXM4-40GB MIG 4g.20gb (0),1,,13,"void channel_eq::eqMmseSoftDemapKernel<float, __half, __half, float, (unsigned int)4, (unsigned short)16383>(channel_eq::_puschRxChEqStatDescr *, channel_eq::_puschRxChEqSoftDemapDynDescr)"
2764229140,282781,124717,1,1,1,32,32,1,30,0.000,0.000,,,,,NVIDIA A100-SXM4-40GB MIG 4g.20gb (0),1,,13,"void convert_kernel<float2, __half2>(tensor_layout_any, T1 *, tensor_layout_any, const T2 *)"
2764515217,11008,124729,2253,1,1,128,1,1,16,0.000,0.000,,,,,NVIDIA A100-SXM4-40GB MIG 4g.20gb (0),1,,13,cupy_copy__float16_float16
2764528401,2912,124738,282,1,1,128,1,1,16,0.000,0.000,,,,,NVIDIA A100-SXM4-40GB MIG 4g.20gb (0),1,,13,cupy_copy__complex64_complex64
2764532945,2176,124747,26,1,1,128,1,1,16,0.000,0.000,,,,,NVIDIA A100-SXM4-40GB MIG 4g.20gb (0),1,,13,cupy_copy__float32_float32
2764538416,3232,124756,103,1,1,128,1,1,16,0.000,0.000,,,,,NVIDIA A100-SXM4-40GB MIG 4g.20gb (0),1,,13,cupy_copy__complex64_complex64
2764542672,11904,124766,1434,1,1,128,1,1,16,0.000,0.000,,,,,NVIDIA A100-SXM4-40GB MIG 4g.20gb (0),1,,13,cupy_copy__complex64_complex64
2764564112,81695,124771,1,1,1,32,32,1,30,0.000,0.000,,,,,NVIDIA A100-SXM4-40GB MIG 4g.20gb (0),1,,13,"void convert_kernel<__half2, float2>(tensor_layout_any, T1 *, tensor_layout_any, const T2 *)"
2764673487,5696,124774,,,,,,,,,,0.094,16449.363,Pinned,Device,NVIDIA A100-SXM4-40GB MIG 4g.20gb (0),1,,13,[CUDA memcpy Host-to-Device]
2764685455,598424,124775,,,,,,,,,,456.561,762914.166,Device,,NVIDIA A100-SXM4-40GB MIG 4g.20gb (0),1,,13,[CUDA memset]
2765291815,164766,124780,,,,,,,,,,1.235,7494.875,Pinned,Device,NVIDIA A100-SXM4-40GB MIG 4g.20gb (0),1,,13,[CUDA memcpy Host-to-Device]
2765467557,38048,124781,,,,,,,,,,0.197,5167.251,Pinned,Device,NVIDIA A100-SXM4-40GB MIG 4g.20gb (0),1,,13,[CUDA memcpy Host-to-Device]
2765535556,8160,124782,69,4,1,48,1,1,76,0.002,0.000,,,,,NVIDIA A100-SXM4-40GB MIG 4g.20gb (0),1,,13,"void ch_est::windowedChEstPreNoDftSOfdmKernel<float, __half, float, (unsigned int)2, (unsigned int)1, (unsigned short)4>(ch_est::puschRxChEstStatDescr_t *, ch_est::puschRxChEstDynDescr_t *)"
2765552036,6400,124783,137,2,1,24,2,1,44,0.001,0.001,,,,,NVIDIA A100-SXM4-40GB MIG 4g.20gb (0),1,,13,"void ch_est::chEstFilterNoDftSOfdmDispatchKernel<float, __half, float, (unsigned int)2>(ch_est::puschRxChEstStatDescr_t *, ch_est::puschRxChEstDynDescr_t *)"
2765566948,4736,124784,137,2,1,24,2,1,44,0.001,0.001,,,,,NVIDIA A100-SXM4-40GB MIG 4g.20gb (0),1,,13,"void ch_est::chEstFilterNoDftSOfdmDispatchKernel<float, __half, float, (unsigned int)2>(ch_est::puschRxChEstStatDescr_t *, ch_est::puschRxChEstDynDescr_t *)"
2765581700,2688,124795,103,1,1,128,1,1,16,0.000,0.000,,,,,NVIDIA A100-SXM4-40GB MIG 4g.20gb (0),1,,13,cupy_copy__complex64_complex64
2765596323,12320,124805,1434,1,1,128,1,1,16,0.000,0.000,,,,,NVIDIA A100-SXM4-40GB MIG 4g.20gb (0),1,,13,cupy_copy__complex64_complex64
2765624611,2560,124812,103,1,1,128,1,1,16,0.000,0.000,,,,,NVIDIA A100-SXM4-40GB MIG 4g.20gb (0),1,,13,cupy_copy__complex64_complex64
2765639971,89727,124819,1,1,1,32,32,1,30,0.000,0.000,,,,,NVIDIA A100-SXM4-40GB MIG 4g.20gb (0),1,,13,"void convert_kernel<__half2, float2>(tensor_layout_any, T1 *, tensor_layout_any, const T2 *)"
2765761953,21376,124822,,,,,,,,,,0.094,4383.193,Pinned,Device,NVIDIA A100-SXM4-40GB MIG 4g.20gb (0),1,,13,[CUDA memcpy Host-to-Device]
2765798753,46399,124823,,,,,,,,,,35.810,771775.396,Device,,NVIDIA A100-SXM4-40GB MIG 4g.20gb (0),1,,13,[CUDA memset]
2765857728,8096,124825,,,,,,,,,,0.000,9.881,Pinned,Device,NVIDIA A100-SXM4-40GB MIG 4g.20gb (0),1,,13,[CUDA memcpy Host-to-Device]
2765874080,32064,124826,,,,,,,,,,0.197,6131.614,Pinned,Device,NVIDIA A100-SXM4-40GB MIG 4g.20gb (0),1,,13,[CUDA memcpy Host-to-Device]
2765927007,10400,124827,273,1,1,48,1,1,40,0.000,0.001,,,,,NVIDIA A100-SXM4-40GB MIG 4g.20gb (0),1,,13,"void pusch_noise_intf_est::noiseIntfEstNoDftSOfdmKernel<float, __half, float, float, (unsigned int)2, (unsigned int)1, (unsigned char)4, (unsigned char)4>(pusch_noise_intf_est::puschRxNoiseIntfEstDynDescr)"
2765958239,2752,124838,35,1,1,128,1,1,16,0.000,0.000,,,,,NVIDIA A100-SXM4-40GB MIG 4g.20gb (0),1,,13,cupy_copy__complex64_complex64
2765974591,1728,124847,1,1,1,1,1,1,18,0.000,0.000,,,,,NVIDIA A100-SXM4-40GB MIG 4g.20gb (0),1,,13,cupy_copy__float32_float32
2765979903,6560,124853,,,,,,,,,,0.000,0.610,Device,Pageable,NVIDIA A100-SXM4-40GB MIG 4g.20gb (0),1,,7,[CUDA memcpy Device-to-Host]
2766080509,12800,124864,1434,1,1,128,1,1,16,0.000,0.000,,,,,NVIDIA A100-SXM4-40GB MIG 4g.20gb (0),1,,13,cupy_copy__complex64_complex64
2766101277,3424,124871,103,1,1,128,1,1,16,0.000,0.000,,,,,NVIDIA A100-SXM4-40GB MIG 4g.20gb (0),1,,13,cupy_copy__complex64_complex64
2766117661,2624,124878,35,1,1,128,1,1,16,0.000,0.000,,,,,NVIDIA A100-SXM4-40GB MIG 4g.20gb (0),1,,13,cupy_copy__complex64_complex64
2766135197,1920,124885,1,1,1,1,1,1,18,0.000,0.000,,,,,NVIDIA A100-SXM4-40GB MIG 4g.20gb (0),1,,13,cupy_copy__float32_float32
2766270235,82079,124896,1,1,1,32,32,1,30,0.000,0.000,,,,,NVIDIA A100-SXM4-40GB MIG 4g.20gb (0),1,,13,"void convert_kernel<__half2, float2>(tensor_layout_any, T1 *, tensor_layout_any, const T2 *)"
2766382650,13600,124899,,,,,,,,,,0.094,6889.373,Pinned,Device,NVIDIA A100-SXM4-40GB MIG 4g.20gb (0),1,,13,[CUDA memcpy Host-to-Device]
2766407161,3552,124900,,,,,,,,,,1.547,435422.601,Device,,NVIDIA A100-SXM4-40GB MIG 4g.20gb (0),1,,13,[CUDA memset]
2766413369,3872,124905,,,,,,,,,,0.031,8082.630,Pinned,Device,NVIDIA A100-SXM4-40GB MIG 4g.20gb (0),1,,13,[CUDA memcpy Host-to-Device]
2766424473,13600,124906,,,,,,,,,,0.197,14456.390,Pinned,Device,NVIDIA A100-SXM4-40GB MIG 4g.20gb (0),1,,13,[CUDA memcpy Host-to-Device]
2766454137,5952,124907,273,1,1,8,4,1,39,0.002,0.000,,,,,NVIDIA A100-SXM4-40GB MIG 4g.20gb (0),1,,13,"void channel_eq::eqMmseCoefCompLowMimoKernel<float, float, float, (unsigned int)4, (unsigned int)1, (unsigned int)4>(const channel_eq::_puschRxChEqStatDescr *, channel_eq::_puschRxChEqCoefCompDynDescr)"
2766462105,8384,124908,273,1,1,12,11,1,51,0.002,0.000,,,,,NVIDIA A100-SXM4-40GB MIG 4g.20gb (0),1,,13,"void channel_eq::eqMmseSoftDemapKernel<float, __half, __half, float, (unsigned int)4, (unsigned short)16383>(channel_eq::_puschRxChEqStatDescr *, channel_eq::_puschRxChEqSoftDemapDynDescr)"
2766476761,282780,124909,1,1,1,32,32,1,30,0.000,0.000,,,,,NVIDIA A100-SXM4-40GB MIG 4g.20gb (0),1,,13,"void convert_kernel<float2, __half2>(tensor_layout_any, T1 *, tensor_layout_any, const T2 *)"
2766761205,11008,124921,2253,1,1,128,1,1,16,0.000,0.000,,,,,NVIDIA A100-SXM4-40GB MIG 4g.20gb (0),1,,13,cupy_copy__float16_float16
2766776373,2720,124930,282,1,1,128,1,1,16,0.000,0.000,,,,,NVIDIA A100-SXM4-40GB MIG 4g.20gb (0),1,,13,cupy_copy__complex64_complex64
2766781173,2272,124939,26,1,1,128,1,1,16,0.000,0.000,,,,,NVIDIA A100-SXM4-40GB MIG 4g.20gb (0),1,,13,cupy_copy__float32_float32
2766784405,2912,124948,103,1,1,128,1,1,16,0.000,0.000,,,,,NVIDIA A100-SXM4-40GB MIG 4g.20gb (0),1,,13,cupy_copy__complex64_complex64
2766790325,11871,124958,1434,1,1,128,1,1,16,0.000,0.000,,,,,NVIDIA A100-SXM4-40GB MIG 4g.20gb (0),1,,13,cupy_copy__complex64_complex64
2766806740,81823,124963,1,1,1,32,32,1,30,0.000,0.000,,,,,NVIDIA A100-SXM4-40GB MIG 4g.20gb (0),1,,13,"void convert_kernel<__half2, float2>(tensor_layout_any, T1 *, tensor_layout_any, const T2 *)"
2766916883,5600,124966,,,,,,,,,,0.094,16731.388,Pinned,Device,NVIDIA A100-SXM4-40GB MIG 4g.20gb (0),1,,13,[CUDA memcpy Host-to-Device]
2766927187,598457,124967,,,,,,,,,,456.561,762457.605,Device,,NVIDIA A100-SXM4-40GB MIG 4g.20gb (0),1,,13,[CUDA memset]
2767526860,72287,124972,,,,,,,,,,1.235,17082.980,Pinned,Device,NVIDIA A100-SXM4-40GB MIG 4g.20gb (0),1,,13,[CUDA memcpy Host-to-Device]
2767605675,17471,124973,,,,,,,,,,0.197,11253.252,Pinned,Device,NVIDIA A100-SXM4-40GB MIG 4g.20gb (0),1,,13,[CUDA memcpy Host-to-Device]
2767637610,9376,124974,69,4,1,48,1,1,76,0.002,0.000,,,,,NVIDIA A100-SXM4-40GB MIG 4g.20gb (0),1,,13,"void ch_est::windowedChEstPreNoDftSOfdmKernel<float, __half, float, (unsigned int)2, (unsigned int)1, (unsigned short)4>(ch_est::puschRxChEstStatDescr_t *, ch_est::puschRxChEstDynDescr_t *)"
2767652970,7360,124975,137,2,1,24,2,1,44,0.001,0.001,,,,,NVIDIA A100-SXM4-40GB MIG 4g.20gb (0),1,,13,"void ch_est::chEstFilterNoDftSOfdmDispatchKernel<float, __half, float, (unsigned int)2>(ch_est::puschRxChEstStatDescr_t *, ch_est::puschRxChEstDynDescr_t *)"
2767661866,6208,124976,137,2,1,24,2,1,44,0.001,0.001,,,,,NVIDIA A100-SXM4-40GB MIG 4g.20gb (0),1,,13,"void ch_est::chEstFilterNoDftSOfdmDispatchKernel<float, __half, float, (unsigned int)2>(ch_est::puschRxChEstStatDescr_t *, ch_est::puschRxChEstDynDescr_t *)"
2767669450,3136,124987,103,1,1,128,1,1,16,0.000,0.000,,,,,NVIDIA A100-SXM4-40GB MIG 4g.20gb (0),1,,13,cupy_copy__complex64_complex64
2767677130,12896,124997,1434,1,1,128,1,1,16,0.000,0.000,,,,,NVIDIA A100-SXM4-40GB MIG 4g.20gb (0),1,,13,cupy_copy__complex64_complex64
2767699433,2592,125004,103,1,1,128,1,1,16,0.000,0.000,,,,,NVIDIA A100-SXM4-40GB MIG 4g.20gb (0),1,,13,cupy_copy__complex64_complex64
2767709097,83647,125011,1,1,1,32,32,1,30,0.000,0.000,,,,,NVIDIA A100-SXM4-40GB MIG 4g.20gb (0),1,,13,"void convert_kernel<__half2, float2>(tensor_layout_any, T1 *, tensor_layout_any, const T2 *)"
2767826184,13152,125014,,,,,,,,,,0.094,7124.082,Pinned,Device,NVIDIA A100-SXM4-40GB MIG 4g.20gb (0),1,,13,[CUDA memcpy Host-to-Device]
2767844264,47743,125015,,,,,,,,,,35.810,750038.774,Device,,NVIDIA A100-SXM4-40GB MIG 4g.20gb (0),1,,13,[CUDA memset]
2767895591,9216,125017,,,,,,,,,,0.000,8.680,Pinned,Device,NVIDIA A100-SXM4-40GB MIG 4g.20gb (0),1,,13,[CUDA memcpy Host-to-Device]
2767908999,16768,125018,,,,,,,,,,0.197,11725.111,Pinned,Device,NVIDIA A100-SXM4-40GB MIG 4g.20gb (0),1,,13,[CUDA memcpy Host-to-Device]
2767938022,9344,125019,273,1,1,48,1,1,40,0.000,0.001,,,,,NVIDIA A100-SXM4-40GB MIG 4g.20gb (0),1,,13,"void pusch_noise_intf_est::noiseIntfEstNoDftSOfdmKernel<float, __half, float, float, (unsigned int)2, (unsigned int)1, (unsigned char)4, (unsigned char)4>(pusch_noise_intf_est::puschRxNoiseIntfEstDynDescr)"
2767957542,2656,125030,35,1,1,128,1,1,16,0.000,0.000,,,,,NVIDIA A100-SXM4-40GB MIG 4g.20gb (0),1,,13,cupy_copy__complex64_complex64
2767968902,1696,125039,1,1,1,1,1,1,18,0.000,0.000,,,,,NVIDIA A100-SXM4-40GB MIG 4g.20gb (0),1,,13,cupy_copy__float32_float32
2767976198,6912,125045,,,,,,,,,,0.000,0.579,Device,Pageable,NVIDIA A100-SXM4-40GB MIG 4g.20gb (0),1,,7,[CUDA memcpy Device-to-Host]
2768047781,12704,125056,1434,1,1,128,1,1,16,0.000,0.000,,,,,NVIDIA A100-SXM4-40GB MIG 4g.20gb (0),1,,13,cupy_copy__complex64_complex64
2768076837,3360,125063,103,1,1,128,1,1,16,0.000,0.000,,,,,NVIDIA A100-SXM4-40GB MIG 4g.20gb (0),1,,13,cupy_copy__complex64_complex64
2768095045,2495,125070,35,1,1,128,1,1,16,0.000,0.000,,,,,NVIDIA A100-SXM4-40GB MIG 4g.20gb (0),1,,13,cupy_copy__complex64_complex64
2768112548,2048,125077,1,1,1,1,1,1,18,0.000,0.000,,,,,NVIDIA A100-SXM4-40GB MIG 4g.20gb (0),1,,13,cupy_copy__float32_float32
2768243587,83103,125088,1,1,1,32,32,1,30,0.000,0.000,,,,,NVIDIA A100-SXM4-40GB MIG 4g.20gb (0),1,,13,"void convert_kernel<__half2, float2>(tensor_layout_any, T1 *, tensor_layout_any, const T2 *)"
2768354625,5472,125091,,,,,,,,,,0.094,17122.757,Pinned,Device,NVIDIA A100-SXM4-40GB MIG 4g.20gb (0),1,,13,[CUDA memcpy Host-to-Device]
2768368705,3680,125092,,,,,,,,,,1.547,420278.059,Device,,NVIDIA A100-SXM4-40GB MIG 4g.20gb (0),1,,13,[CUDA memset]
2768375201,3328,125097,,,,,,,,,,0.031,9403.822,Pinned,Device,NVIDIA A100-SXM4-40GB MIG 4g.20gb (0),1,,13,[CUDA memcpy Host-to-Device]
2768380929,9504,125098,,,,,,,,,,0.197,20686.701,Pinned,Device,NVIDIA A100-SXM4-40GB MIG 4g.20gb (0),1,,13,[CUDA memcpy Host-to-Device]
2768395521,6304,125099,273,1,1,8,4,1,39,0.002,0.000,,,,,NVIDIA A100-SXM4-40GB MIG 4g.20gb (0),1,,13,"void channel_eq::eqMmseCoefCompLowMimoKernel<float, float, float, (unsigned int)4, (unsigned int)1, (unsigned int)4>(const channel_eq::_puschRxChEqStatDescr *, channel_eq::_puschRxChEqCoefCompDynDescr)"
2768403393,5632,125100,273,1,1,12,11,1,51,0.002,0.000,,,,,NVIDIA A100-SXM4-40GB MIG 4g.20gb (0),1,,13,"void channel_eq::eqMmseSoftDemapKernel<float, __half, __half, float, (unsigned int)4, (unsigned short)16383>(channel_eq::_puschRxChEqStatDescr *, channel_eq::_puschRxChEqSoftDemapDynDescr)"
2768410881,294364,125101,1,1,1,32,32,1,30,0.000,0.000,,,,,NVIDIA A100-SXM4-40GB MIG 4g.20gb (0),1,,13,"void convert_kernel<float2, __half2>(tensor_layout_any, T1 *, tensor_layout_any, const T2 *)"
2768706173,11072,125113,2253,1,1,128,1,1,16,0.000,0.000,,,,,NVIDIA A100-SXM4-40GB MIG 4g.20gb (0),1,,13,cupy_copy__float16_float16
2768719101,3104,125122,282,1,1,128,1,1,16,0.000,0.000,,,,,NVIDIA A100-SXM4-40GB MIG 4g.20gb (0),1,,13,cupy_copy__complex64_complex64
2768723645,2176,125131,26,1,1,128,1,1,16,0.000,0.000,,,,,NVIDIA A100-SXM4-40GB MIG 4g.20gb (0),1,,13,cupy_copy__float32_float32
2768729565,4864,125140,103,1,1,128,1,1,16,0.000,0.000,,,,,NVIDIA A100-SXM4-40GB MIG 4g.20gb (0),1,,13,cupy_copy__complex64_complex64
2768791932,12064,125156,1434,1,1,128,1,1,16,0.000,0.000,,,,,NVIDIA A100-SXM4-40GB MIG 4g.20gb (0),1,,13,cupy_copy__complex64_complex64
2768909178,81695,125161,1,1,1,32,32,1,30,0.000,0.000,,,,,NVIDIA A100-SXM4-40GB MIG 4g.20gb (0),1,,13,"void convert_kernel<__half2, float2>(tensor_layout_any, T1 *, tensor_layout_any, const T2 *)"
2769018169,5536,125164,,,,,,,,,,0.094,16924.777,Pinned,Device,NVIDIA A100-SXM4-40GB MIG 4g.20gb (0),1,,13,[CUDA memcpy Host-to-Device]
2769028217,598393,125165,,,,,,,,,,456.561,762914.166,Device,,NVIDIA A100-SXM4-40GB MIG 4g.20gb (0),1,,13,[CUDA memset]
2769634289,89247,125170,,,,,,,,,,1.235,13836.313,Pinned,Device,NVIDIA A100-SXM4-40GB MIG 4g.20gb (0),1,,13,[CUDA memcpy Host-to-Device]
2769729744,16928,125171,,,,,,,,,,0.197,11614.224,Pinned,Device,NVIDIA A100-SXM4-40GB MIG 4g.20gb (0),1,,13,[CUDA memcpy Host-to-Device]
2769759984,8224,125172,69,4,1,48,1,1,76,0.002,0.000,,,,,NVIDIA A100-SXM4-40GB MIG 4g.20gb (0),1,,13,"void ch_est::windowedChEstPreNoDftSOfdmKernel<float, __half, float, (unsigned int)2, (unsigned int)1, (unsigned short)4>(ch_est::puschRxChEstStatDescr_t *, ch_est::puschRxChEstDynDescr_t *)"
2769775536,6208,125173,137,2,1,24,2,1,44,0.001,0.001,,,,,NVIDIA A100-SXM4-40GB MIG 4g.20gb (0),1,,13,"void ch_est::chEstFilterNoDftSOfdmDispatchKernel<float, __half, float, (unsigned int)2>(ch_est::puschRxChEstStatDescr_t *, ch_est::puschRxChEstDynDescr_t *)"
2769784144,4960,125174,137,2,1,24,2,1,44,0.001,0.001,,,,,NVIDIA A100-SXM4-40GB MIG 4g.20gb (0),1,,13,"void ch_est::chEstFilterNoDftSOfdmDispatchKernel<float, __half, float, (unsigned int)2>(ch_est::puschRxChEstStatDescr_t *, ch_est::puschRxChEstDynDescr_t *)"
2769793936,3039,125185,103,1,1,128,1,1,16,0.000,0.000,,,,,NVIDIA A100-SXM4-40GB MIG 4g.20gb (0),1,,13,cupy_copy__complex64_complex64
2769802383,12928,125195,1434,1,1,128,1,1,16,0.000,0.000,,,,,NVIDIA A100-SXM4-40GB MIG 4g.20gb (0),1,,13,cupy_copy__complex64_complex64
2769819983,3040,125202,103,1,1,128,1,1,16,0.000,0.000,,,,,NVIDIA A100-SXM4-40GB MIG 4g.20gb (0),1,,13,cupy_copy__complex64_complex64
2769828559,90111,125209,1,1,1,32,32,1,30,0.000,0.000,,,,,NVIDIA A100-SXM4-40GB MIG 4g.20gb (0),1,,13,"void convert_kernel<__half2, float2>(tensor_layout_any, T1 *, tensor_layout_any, const T2 *)"
2769949614,12831,125212,,,,,,,,,,0.094,7302.291,Pinned,Device,NVIDIA A100-SXM4-40GB MIG 4g.20gb (0),1,,13,[CUDA memcpy Host-to-Device]
2769975053,46688,125213,,,,,,,,,,35.810,766976.867,Device,,NVIDIA A100-SXM4-40GB MIG 4g.20gb (0),1,,13,[CUDA memset]
2770023693,7712,125215,,,,,,,,,,0.000,10.373,Pinned,Device,NVIDIA A100-SXM4-40GB MIG 4g.20gb (0),1,,13,[CUDA memcpy Host-to-Device]
2770036173,23007,125216,,,,,,,,,,0.197,8545.567,Pinned,Device,NVIDIA A100-SXM4-40GB MIG 4g.20gb (0),1,,13,[CUDA memcpy Host-to-Device]
2770076908,9600,125217,273,1,1,48,1,1,40,0.000,0.001,,,,,NVIDIA A100-SXM4-40GB MIG 4g.20gb (0),1,,13,"void pusch_noise_intf_est::noiseIntfEstNoDftSOfdmKernel<float, __half, float, float, (unsigned int)2, (unsigned int)1, (unsigned char)4, (unsigned char)4>(pusch_noise_intf_est::puschRxNoiseIntfEstDynDescr)"
2770099692,2592,125228,35,1,1,128,1,1,16,0.000,0.000,,,,,NVIDIA A100-SXM4-40GB MIG 4g.20gb (0),1,,13,cupy_copy__complex64_complex64
2770109644,1984,125237,1,1,1,1,1,1,18,0.000,0.000,,,,,NVIDIA A100-SXM4-40GB MIG 4g.20gb (0),1,,13,cupy_copy__float32_float32
2770115788,3391,125243,,,,,,,,,,0.000,1.180,Device,Pageable,NVIDIA A100-SXM4-40GB MIG 4g.20gb (0),1,,7,[CUDA memcpy Device-to-Host]
2770194731,12959,125254,1434,1,1,128,1,1,16,0.000,0.000,,,,,NVIDIA A100-SXM4-40GB MIG 4g.20gb (0),1,,13,cupy_copy__complex64_complex64
2770223242,2912,125261,103,1,1,128,1,1,16,0.000,0.000,,,,,NVIDIA A100-SXM4-40GB MIG 4g.20gb (0),1,,13,cupy_copy__complex64_complex64
2770241546,2752,125268,35,1,1,128,1,1,16,0.000,0.000,,,,,NVIDIA A100-SXM4-40GB MIG 4g.20gb (0),1,,13,cupy_copy__complex64_complex64
2770258122,1760,125275,1,1,1,1,1,1,18,0.000,0.000,,,,,NVIDIA A100-SXM4-40GB MIG 4g.20gb (0),1,,13,cupy_copy__float32_float32
2770386696,86367,125286,1,1,1,32,32,1,30,0.000,0.000,,,,,NVIDIA A100-SXM4-40GB MIG 4g.20gb (0),1,,13,"void convert_kernel<__half2, float2>(tensor_layout_any, T1 *, tensor_layout_any, const T2 *)"
2770500295,6464,125289,,,,,,,,,,0.094,14494.959,Pinned,Device,NVIDIA A100-SXM4-40GB MIG 4g.20gb (0),1,,13,[CUDA memcpy Host-to-Device]
2770514951,3232,125290,,,,,,,,,,1.547,478533.199,Device,,NVIDIA A100-SXM4-40GB MIG 4g.20gb (0),1,,13,[CUDA memset]
2770522534,3040,125295,,,,,,,,,,0.031,10294.725,Pinned,Device,NVIDIA A100-SXM4-40GB MIG 4g.20gb (0),1,,13,[CUDA memcpy Host-to-Device]
2770527974,9856,125296,,,,,,,,,,0.197,19948.044,Pinned,Device,NVIDIA A100-SXM4-40GB MIG 4g.20gb (0),1,,13,[CUDA memcpy Host-to-Device]
2770544806,6848,125297,273,1,1,8,4,1,39,0.002,0.000,,,,,NVIDIA A100-SXM4-40GB MIG 4g.20gb (0),1,,13,"void channel_eq::eqMmseCoefCompLowMimoKernel<float, float, float, (unsigned int)4, (unsigned int)1, (unsigned int)4>(const channel_eq::_puschRxChEqStatDescr *, channel_eq::_puschRxChEqCoefCompDynDescr)"
2770554566,5536,125298,273,1,1,12,11,1,51,0.002,0.000,,,,,NVIDIA A100-SXM4-40GB MIG 4g.20gb (0),1,,13,"void channel_eq::eqMmseSoftDemapKernel<float, __half, __half, float, (unsigned int)4, (unsigned short)16383>(channel_eq::_puschRxChEqStatDescr *, channel_eq::_puschRxChEqSoftDemapDynDescr)"
2770561702,282909,125299,1,1,1,32,32,1,30,0.000,0.000,,,,,NVIDIA A100-SXM4-40GB MIG 4g.20gb (0),1,,13,"void convert_kernel<float2, __half2>(tensor_layout_any, T1 *, tensor_layout_any, const T2 *)"
2770846210,11008,125311,2253,1,1,128,1,1,16,0.000,0.000,,,,,NVIDIA A100-SXM4-40GB MIG 4g.20gb (0),1,,13,cupy_copy__float16_float16
2770859426,3072,125320,282,1,1,128,1,1,16,0.000,0.000,,,,,NVIDIA A100-SXM4-40GB MIG 4g.20gb (0),1,,13,cupy_copy__complex64_complex64
2770863554,2048,125329,26,1,1,128,1,1,16,0.000,0.000,,,,,NVIDIA A100-SXM4-40GB MIG 4g.20gb (0),1,,13,cupy_copy__float32_float32
2770869858,4704,125338,103,1,1,128,1,1,16,0.000,0.000,,,,,NVIDIA A100-SXM4-40GB MIG 4g.20gb (0),1,,13,cupy_copy__complex64_complex64
2770875874,12576,125348,1434,1,1,128,1,1,16,0.000,0.000,,,,,NVIDIA A100-SXM4-40GB MIG 4g.20gb (0),1,,13,cupy_copy__complex64_complex64
2770896386,81887,125353,1,1,1,32,32,1,30,0.000,0.000,,,,,NVIDIA A100-SXM4-40GB MIG 4g.20gb (0),1,,13,"void convert_kernel<__half2, float2>(tensor_layout_any, T1 *, tensor_layout_any, const T2 *)"
2771005505,5407,125356,,,,,,,,,,0.094,17328.607,Pinned,Device,NVIDIA A100-SXM4-40GB MIG 4g.20gb (0),1,,13,[CUDA memcpy Host-to-Device]
2771017568,598073,125357,,,,,,,,,,456.561,763370.728,Device,,NVIDIA A100-SXM4-40GB MIG 4g.20gb (0),1,,13,[CUDA memset]
2771622073,137758,125362,,,,,,,,,,1.235,8964.458,Pinned,Device,NVIDIA A100-SXM4-40GB MIG 4g.20gb (0),1,,13,[CUDA memcpy Host-to-Device]
2771769975,30272,125363,,,,,,,,,,0.197,6494.552,Pinned,Device,NVIDIA A100-SXM4-40GB MIG 4g.20gb (0),1,,13,[CUDA memcpy Host-to-Device]
2771825206,8064,125364,69,4,1,48,1,1,76,0.002,0.000,,,,,NVIDIA A100-SXM4-40GB MIG 4g.20gb (0),1,,13,"void ch_est::windowedChEstPreNoDftSOfdmKernel<float, __half, float, (unsigned int)2, (unsigned int)1, (unsigned short)4>(ch_est::puschRxChEstStatDescr_t *, ch_est::puschRxChEstDynDescr_t *)"
2771837846,6464,125365,137,2,1,24,2,1,44,0.001,0.001,,,,,NVIDIA A100-SXM4-40GB MIG 4g.20gb (0),1,,13,"void ch_est::chEstFilterNoDftSOfdmDispatchKernel<float, __half, float, (unsigned int)2>(ch_est::puschRxChEstStatDescr_t *, ch_est::puschRxChEstDynDescr_t *)"
2771848150,5216,125366,137,2,1,24,2,1,44,0.001,0.001,,,,,NVIDIA A100-SXM4-40GB MIG 4g.20gb (0),1,,13,"void ch_est::chEstFilterNoDftSOfdmDispatchKernel<float, __half, float, (unsigned int)2>(ch_est::puschRxChEstStatDescr_t *, ch_est::puschRxChEstDynDescr_t *)"
2771857046,2528,125377,103,1,1,128,1,1,16,0.000,0.000,,,,,NVIDIA A100-SXM4-40GB MIG 4g.20gb (0),1,,13,cupy_copy__complex64_complex64
2771867158,12544,125387,1434,1,1,128,1,1,16,0.000,0.000,,,,,NVIDIA A100-SXM4-40GB MIG 4g.20gb (0),1,,13,cupy_copy__complex64_complex64
2771887382,2656,125394,103,1,1,128,1,1,16,0.000,0.000,,,,,NVIDIA A100-SXM4-40GB MIG 4g.20gb (0),1,,13,cupy_copy__complex64_complex64
2771895222,82239,125401,1,1,1,32,32,1,30,0.000,0.000,,,,,NVIDIA A100-SXM4-40GB MIG 4g.20gb (0),1,,13,"void convert_kernel<__half2, float2>(tensor_layout_any, T1 *, tensor_layout_any, const T2 *)"
2772005716,6368,125404,,,,,,,,,,0.094,14713.551,Pinned,Device,NVIDIA A100-SXM4-40GB MIG 4g.20gb (0),1,,13,[CUDA memcpy Host-to-Device]
2772018836,47807,125405,,,,,,,,,,35.810,749036.097,Device,,NVIDIA A100-SXM4-40GB MIG 4g.20gb (0),1,,13,[CUDA memset]
2772073651,4992,125407,,,,,,,,,,0.000,16.026,Pinned,Device,NVIDIA A100-SXM4-40GB MIG 4g.20gb (0),1,,13,[CUDA memcpy Host-to-Device]
2772083539,14208,125408,,,,,,,,,,0.197,13837.664,Pinned,Device,NVIDIA A100-SXM4-40GB MIG 4g.20gb (0),1,,13,[CUDA memcpy Host-to-Device]
2772102931,10048,125409,273,1,1,48,1,1,40,0.000,0.001,,,,,NVIDIA A100-SXM4-40GB MIG 4g.20gb (0),1,,13,"void pusch_noise_intf_est::noiseIntfEstNoDftSOfdmKernel<float, __half, float, float, (unsigned int)2, (unsigned int)1, (unsigned char)4, (unsigned char)4>(pusch_noise_intf_est::puschRxNoiseIntfEstDynDescr)"
2772117171,2816,125420,35,1,1,128,1,1,16,0.000,0.000,,,,,NVIDIA A100-SXM4-40GB MIG 4g.20gb (0),1,,13,cupy_copy__complex64_complex64
2772126483,2016,125429,1,1,1,1,1,1,18,0.000,0.000,,,,,NVIDIA A100-SXM4-40GB MIG 4g.20gb (0),1,,13,cupy_copy__float32_float32
2772157490,1600,125435,,,,,,,,,,0.000,2.500,Device,Pageable,NVIDIA A100-SXM4-40GB MIG 4g.20gb (0),1,,7,[CUDA memcpy Device-to-Host]
2772217394,13055,125446,1434,1,1,128,1,1,16,0.000,0.000,,,,,NVIDIA A100-SXM4-40GB MIG 4g.20gb (0),1,,13,cupy_copy__complex64_complex64
2772244337,3392,125453,103,1,1,128,1,1,16,0.000,0.000,,,,,NVIDIA A100-SXM4-40GB MIG 4g.20gb (0),1,,13,cupy_copy__complex64_complex64
2772266417,2784,125460,35,1,1,128,1,1,16,0.000,0.000,,,,,NVIDIA A100-SXM4-40GB MIG 4g.20gb (0),1,,13,cupy_copy__complex64_complex64
2772283345,1760,125467,1,1,1,1,1,1,18,0.000,0.000,,,,,NVIDIA A100-SXM4-40GB MIG 4g.20gb (0),1,,13,cupy_copy__float32_float32
2772418287,81983,125478,1,1,1,32,32,1,30,0.000,0.000,,,,,NVIDIA A100-SXM4-40GB MIG 4g.20gb (0),1,,13,"void convert_kernel<__half2, float2>(tensor_layout_any, T1 *, tensor_layout_any, const T2 *)"
2772528398,5760,125481,,,,,,,,,,0.094,16266.656,Pinned,Device,NVIDIA A100-SXM4-40GB MIG 4g.20gb (0),1,,13,[CUDA memcpy Host-to-Device]
2772545965,3456,125482,,,,,,,,,,1.547,447517.201,Device,,NVIDIA A100-SXM4-40GB MIG 4g.20gb (0),1,,13,[CUDA memset]
2772552013,3040,125487,,,,,,,,,,0.031,10294.725,Pinned,Device,NVIDIA A100-SXM4-40GB MIG 4g.20gb (0),1,,13,[CUDA memcpy Host-to-Device]
2772557549,10176,125488,,,,,,,,,,0.197,19320.668,Pinned,Device,NVIDIA A100-SXM4-40GB MIG 4g.20gb (0),1,,13,[CUDA memcpy Host-to-Device]
2772573165,7776,125489,273,1,1,8,4,1,39,0.002,0.000,,,,,NVIDIA A100-SXM4-40GB MIG 4g.20gb (0),1,,13,"void channel_eq::eqMmseCoefCompLowMimoKernel<float, float, float, (unsigned int)4, (unsigned int)1, (unsigned int)4>(const channel_eq::_puschRxChEqStatDescr *, channel_eq::_puschRxChEqCoefCompDynDescr)"
2772584301,6176,125490,273,1,1,12,11,1,51,0.002,0.000,,,,,NVIDIA A100-SXM4-40GB MIG 4g.20gb (0),1,,13,"void channel_eq::eqMmseSoftDemapKernel<float, __half, __half, float, (unsigned int)4, (unsigned short)16383>(channel_eq::_puschRxChEqStatDescr *, channel_eq::_puschRxChEqSoftDemapDynDescr)"
2772591597,283036,125491,1,1,1,32,32,1,30,0.000,0.000,,,,,NVIDIA A100-SXM4-40GB MIG 4g.20gb (0),1,,13,"void convert_kernel<float2, __half2>(tensor_layout_any, T1 *, tensor_layout_any, const T2 *)"
2772876425,11104,125503,2253,1,1,128,1,1,16,0.000,0.000,,,,,NVIDIA A100-SXM4-40GB MIG 4g.20gb (0),1,,13,cupy_copy__float16_float16
2772893385,3072,125512,282,1,1,128,1,1,16,0.000,0.000,,,,,NVIDIA A100-SXM4-40GB MIG 4g.20gb (0),1,,13,cupy_copy__complex64_complex64
2772899145,2272,125521,26,1,1,128,1,1,16,0.000,0.000,,,,,NVIDIA A100-SXM4-40GB MIG 4g.20gb (0),1,,13,cupy_copy__float32_float32
2772904809,2912,125530,103,1,1,128,1,1,16,0.000,0.000,,,,,NVIDIA A100-SXM4-40GB MIG 4g.20gb (0),1,,13,cupy_copy__complex64_complex64
2772910537,12032,125540,1434,1,1,128,1,1,16,0.000,0.000,,,,,NVIDIA A100-SXM4-40GB MIG 4g.20gb (0),1,,13,cupy_copy__complex64_complex64
2772925193,82591,125545,1,1,1,32,32,1,30,0.000,0.000,,,,,NVIDIA A100-SXM4-40GB MIG 4g.20gb (0),1,,13,"void convert_kernel<__half2, float2>(tensor_layout_any, T1 *, tensor_layout_any, const T2 *)"
2773034983,6048,125548,,,,,,,,,,0.094,15491.978,Pinned,Device,NVIDIA A100-SXM4-40GB MIG 4g.20gb (0),1,,13,[CUDA memcpy Host-to-Device]
2773045703,596409,125549,,,,,,,,,,456.561,765196.973,Device,,NVIDIA A100-SXM4-40GB MIG 4g.20gb (0),1,,13,[CUDA memset]
2773644224,133214,125554,,,,,,,,,,1.235,9269.490,Pinned,Device,NVIDIA A100-SXM4-40GB MIG 4g.20gb (0),1,,13,[CUDA memcpy Host-to-Device]
2773791198,41472,125555,,,,,,,,,,0.197,4740.612,Pinned,Device,NVIDIA A100-SXM4-40GB MIG 4g.20gb (0),1,,13,[CUDA memcpy Host-to-Device]
2773859901,7968,125556,69,4,1,48,1,1,76,0.002,0.000,,,,,NVIDIA A100-SXM4-40GB MIG 4g.20gb (0),1,,13,"void ch_est::windowedChEstPreNoDftSOfdmKernel<float, __half, float, (unsigned int)2, (unsigned int)1, (unsigned short)4>(ch_est::puschRxChEstStatDescr_t *, ch_est::puschRxChEstDynDescr_t *)"
2773878269,6592,125557,137,2,1,24,2,1,44,0.001,0.001,,,,,NVIDIA A100-SXM4-40GB MIG 4g.20gb (0),1,,13,"void ch_est::chEstFilterNoDftSOfdmDispatchKernel<float, __half, float, (unsigned int)2>(ch_est::puschRxChEstStatDescr_t *, ch_est::puschRxChEstDynDescr_t *)"
2773893853,4800,125558,137,2,1,24,2,1,44,0.001,0.001,,,,,NVIDIA A100-SXM4-40GB MIG 4g.20gb (0),1,,13,"void ch_est::chEstFilterNoDftSOfdmDispatchKernel<float, __half, float, (unsigned int)2>(ch_est::puschRxChEstStatDescr_t *, ch_est::puschRxChEstDynDescr_t *)"
2773909021,2624,125569,103,1,1,128,1,1,16,0.000,0.000,,,,,NVIDIA A100-SXM4-40GB MIG 4g.20gb (0),1,,13,cupy_copy__complex64_complex64
2773923804,12832,125579,1434,1,1,128,1,1,16,0.000,0.000,,,,,NVIDIA A100-SXM4-40GB MIG 4g.20gb (0),1,,13,cupy_copy__complex64_complex64
2773939100,2880,125586,103,1,1,128,1,1,16,0.000,0.000,,,,,NVIDIA A100-SXM4-40GB MIG 4g.20gb (0),1,,13,cupy_copy__complex64_complex64
2773958876,92223,125593,1,1,1,32,32,1,30,0.000,0.000,,,,,NVIDIA A100-SXM4-40GB MIG 4g.20gb (0),1,,13,"void convert_kernel<__half2, float2>(tensor_layout_any, T1 *, tensor_layout_any, const T2 *)"
2774080411,9983,125596,,,,,,,,,,0.094,9385.528,Pinned,Device,NVIDIA A100-SXM4-40GB MIG 4g.20gb (0),1,,13,[CUDA memcpy Host-to-Device]
2774102682,47552,125597,,,,,,,,,,35.810,753046.808,Device,,NVIDIA A100-SXM4-40GB MIG 4g.20gb (0),1,,13,[CUDA memset]
2774151994,4800,125599,,,,,,,,,,0.000,16.667,Pinned,Device,NVIDIA A100-SXM4-40GB MIG 4g.20gb (0),1,,13,[CUDA memcpy Host-to-Device]
2774160058,12351,125600,,,,,,,,,,0.197,15918.367,Pinned,Device,NVIDIA A100-SXM4-40GB MIG 4g.20gb (0),1,,13,[CUDA memcpy Host-to-Device]
2774177945,12800,125601,273,1,1,48,1,1,40,0.000,0.001,,,,,NVIDIA A100-SXM4-40GB MIG 4g.20gb (0),1,,13,"void pusch_noise_intf_est::noiseIntfEstNoDftSOfdmKernel<float, __half, float, float, (unsigned int)2, (unsigned int)1, (unsigned char)4, (unsigned char)4>(pusch_noise_intf_est::puschRxNoiseIntfEstDynDescr)"
2774192921,3040,125612,35,1,1,128,1,1,16,0.000,0.000,,,,,NVIDIA A100-SXM4-40GB MIG 4g.20gb (0),1,,13,cupy_copy__complex64_complex64
2774198553,1856,125621,1,1,1,1,1,1,18,0.000,0.000,,,,,NVIDIA A100-SXM4-40GB MIG 4g.20gb (0),1,,13,cupy_copy__float32_float32
2774229849,1600,125627,,,,,,,,,,0.000,2.500,Device,Pageable,NVIDIA A100-SXM4-40GB MIG 4g.20gb (0),1,,7,[CUDA memcpy Device-to-Host]
2774290296,12992,125638,1434,1,1,128,1,1,16,0.000,0.000,,,,,NVIDIA A100-SXM4-40GB MIG 4g.20gb (0),1,,13,cupy_copy__complex64_complex64
2774315768,2784,125645,103,1,1,128,1,1,16,0.000,0.000,,,,,NVIDIA A100-SXM4-40GB MIG 4g.20gb (0),1,,13,cupy_copy__complex64_complex64
2774336855,2496,125652,35,1,1,128,1,1,16,0.000,0.000,,,,,NVIDIA A100-SXM4-40GB MIG 4g.20gb (0),1,,13,cupy_copy__complex64_complex64
2774354615,1792,125659,1,1,1,1,1,1,18,0.000,0.000,,,,,NVIDIA A100-SXM4-40GB MIG 4g.20gb (0),1,,13,cupy_copy__float32_float32
2774487477,82047,125670,1,1,1,32,32,1,30,0.000,0.000,,,,,NVIDIA A100-SXM4-40GB MIG 4g.20gb (0),1,,13,"void convert_kernel<__half2, float2>(tensor_layout_any, T1 *, tensor_layout_any, const T2 *)"
2774597428,6112,125673,,,,,,,,,,0.094,15329.790,Pinned,Device,NVIDIA A100-SXM4-40GB MIG 4g.20gb (0),1,,13,[CUDA memcpy Host-to-Device]
2774613588,3328,125674,,,,,,,,,,1.547,464729.580,Device,,NVIDIA A100-SXM4-40GB MIG 4g.20gb (0),1,,13,[CUDA memset]
2774619252,3008,125679,,,,,,,,,,0.031,10404.230,Pinned,Device,NVIDIA A100-SXM4-40GB MIG 4g.20gb (0),1,,13,[CUDA memcpy Host-to-Device]
2774624884,10016,125680,,,,,,,,,,0.197,19629.343,Pinned,Device,NVIDIA A100-SXM4-40GB MIG 4g.20gb (0),1,,13,[CUDA memcpy Host-to-Device]
2774639764,5920,125681,273,1,1,8,4,1,39,0.002,0.000,,,,,NVIDIA A100-SXM4-40GB MIG 4g.20gb (0),1,,13,"void channel_eq::eqMmseCoefCompLowMimoKernel<float, float, float, (unsigned int)4, (unsigned int)1, (unsigned int)4>(const channel_eq::_puschRxChEqStatDescr *, channel_eq::_puschRxChEqCoefCompDynDescr)"
2774648531,5632,125682,273,1,1,12,11,1,51,0.002,0.000,,,,,NVIDIA A100-SXM4-40GB MIG 4g.20gb (0),1,,13,"void channel_eq::eqMmseSoftDemapKernel<float, __half, __half, float, (unsigned int)4, (unsigned short)16383>(channel_eq::_puschRxChEqStatDescr *, channel_eq::_puschRxChEqSoftDemapDynDescr)"
2774655987,283133,125683,1,1,1,32,32,1,30,0.000,0.000,,,,,NVIDIA A100-SXM4-40GB MIG 4g.20gb (0),1,,13,"void convert_kernel<float2, __half2>(tensor_layout_any, T1 *, tensor_layout_any, const T2 *)"
2774940048,11136,125695,2253,1,1,128,1,1,16,0.000,0.000,,,,,NVIDIA A100-SXM4-40GB MIG 4g.20gb (0),1,,13,cupy_copy__float16_float16
2774952816,2688,125704,282,1,1,128,1,1,16,0.000,0.000,,,,,NVIDIA A100-SXM4-40GB MIG 4g.20gb (0),1,,13,cupy_copy__complex64_complex64
2774957488,2016,125713,26,1,1,128,1,1,16,0.000,0.000,,,,,NVIDIA A100-SXM4-40GB MIG 4g.20gb (0),1,,13,cupy_copy__float32_float32
2774962608,3040,125722,103,1,1,128,1,1,16,0.000,0.000,,,,,NVIDIA A100-SXM4-40GB MIG 4g.20gb (0),1,,13,cupy_copy__complex64_complex64
2774966672,11807,125732,1434,1,1,128,1,1,16,0.000,0.000,,,,,NVIDIA A100-SXM4-40GB MIG 4g.20gb (0),1,,13,cupy_copy__complex64_complex64
2774997455,81343,125737,1,1,1,32,32,1,30,0.000,0.000,,,,,NVIDIA A100-SXM4-40GB MIG 4g.20gb (0),1,,13,"void convert_kernel<__half2, float2>(tensor_layout_any, T1 *, tensor_layout_any, const T2 *)"
2775106030,6176,125740,,,,,,,,,,0.094,15170.975,Pinned,Device,NVIDIA A100-SXM4-40GB MIG 4g.20gb (0),1,,13,[CUDA memcpy Host-to-Device]
2775117806,598968,125741,,,,,,,,,,456.561,762001.043,Device,,NVIDIA A100-SXM4-40GB MIG 4g.20gb (0),1,,13,[CUDA memset]
2775719302,126431,125746,,,,,,,,,,1.235,9767.172,Pinned,Device,NVIDIA A100-SXM4-40GB MIG 4g.20gb (0),1,,13,[CUDA memcpy Host-to-Device]
2775855173,39647,125747,,,,,,,,,,0.197,4958.847,Pinned,Device,NVIDIA A100-SXM4-40GB MIG 4g.20gb (0),1,,13,[CUDA memcpy Host-to-Device]
2775924196,8544,125748,69,4,1,48,1,1,76,0.002,0.000,,,,,NVIDIA A100-SXM4-40GB MIG 4g.20gb (0),1,,13,"void ch_est::windowedChEstPreNoDftSOfdmKernel<float, __half, float, (unsigned int)2, (unsigned int)1, (unsigned short)4>(ch_est::puschRxChEstStatDescr_t *, ch_est::puschRxChEstDynDescr_t *)"
2775942019,6656,125749,137,2,1,24,2,1,44,0.001,0.001,,,,,NVIDIA A100-SXM4-40GB MIG 4g.20gb (0),1,,13,"void ch_est::chEstFilterNoDftSOfdmDispatchKernel<float, __half, float, (unsigned int)2>(ch_est::puschRxChEstStatDescr_t *, ch_est::puschRxChEstDynDescr_t *)"
2775961763,4768,125750,137,2,1,24,2,1,44,0.001,0.001,,,,,NVIDIA A100-SXM4-40GB MIG 4g.20gb (0),1,,13,"void ch_est::chEstFilterNoDftSOfdmDispatchKernel<float, __half, float, (unsigned int)2>(ch_est::puschRxChEstStatDescr_t *, ch_est::puschRxChEstDynDescr_t *)"
2775978435,2656,125761,103,1,1,128,1,1,16,0.000,0.000,,,,,NVIDIA A100-SXM4-40GB MIG 4g.20gb (0),1,,13,cupy_copy__complex64_complex64
2775995683,12448,125771,1434,1,1,128,1,1,16,0.000,0.000,,,,,NVIDIA A100-SXM4-40GB MIG 4g.20gb (0),1,,13,cupy_copy__complex64_complex64
2776014211,2912,125778,103,1,1,128,1,1,16,0.000,0.000,,,,,NVIDIA A100-SXM4-40GB MIG 4g.20gb (0),1,,13,cupy_copy__complex64_complex64
2776038946,94783,125785,1,1,1,32,32,1,30,0.000,0.000,,,,,NVIDIA A100-SXM4-40GB MIG 4g.20gb (0),1,,13,"void convert_kernel<__half2, float2>(tensor_layout_any, T1 *, tensor_layout_any, const T2 *)"
2776171425,16607,125788,,,,,,,,,,0.094,5641.905,Pinned,Device,NVIDIA A100-SXM4-40GB MIG 4g.20gb (0),1,,13,[CUDA memcpy Host-to-Device]
2776218272,47455,125789,,,,,,,,,,35.810,754586.634,Device,,NVIDIA A100-SXM4-40GB MIG 4g.20gb (0),1,,13,[CUDA memset]
2776267391,10432,125791,,,,,,,,,,0.000,7.669,Pinned,Device,NVIDIA A100-SXM4-40GB MIG 4g.20gb (0),1,,13,[CUDA memcpy Host-to-Device]
2776284767,34176,125792,,,,,,,,,,0.197,5752.750,Pinned,Device,NVIDIA A100-SXM4-40GB MIG 4g.20gb (0),1,,13,[CUDA memcpy Host-to-Device]
2776342751,9215,125793,273,1,1,48,1,1,40,0.000,0.001,,,,,NVIDIA A100-SXM4-40GB MIG 4g.20gb (0),1,,13,"void pusch_noise_intf_est::noiseIntfEstNoDftSOfdmKernel<float, __half, float, float, (unsigned int)2, (unsigned int)1, (unsigned char)4, (unsigned char)4>(pusch_noise_intf_est::puschRxNoiseIntfEstDynDescr)"
2776362558,2752,125804,35,1,1,128,1,1,16,0.000,0.000,,,,,NVIDIA A100-SXM4-40GB MIG 4g.20gb (0),1,,13,cupy_copy__complex64_complex64
2776378974,1728,125813,1,1,1,1,1,1,18,0.000,0.000,,,,,NVIDIA A100-SXM4-40GB MIG 4g.20gb (0),1,,13,cupy_copy__float32_float32
2776382910,7904,125819,,,,,,,,,,0.000,0.506,Device,Pageable,NVIDIA A100-SXM4-40GB MIG 4g.20gb (0),1,,7,[CUDA memcpy Device-to-Host]
2776481149,12896,125830,1434,1,1,128,1,1,16,0.000,0.000,,,,,NVIDIA A100-SXM4-40GB MIG 4g.20gb (0),1,,13,cupy_copy__complex64_complex64
2776497021,2752,125837,103,1,1,128,1,1,16,0.000,0.000,,,,,NVIDIA A100-SXM4-40GB MIG 4g.20gb (0),1,,13,cupy_copy__complex64_complex64
2776522012,2528,125844,35,1,1,128,1,1,16,0.000,0.000,,,,,NVIDIA A100-SXM4-40GB MIG 4g.20gb (0),1,,13,cupy_copy__complex64_complex64
2776534300,2016,125851,1,1,1,1,1,1,18,0.000,0.000,,,,,NVIDIA A100-SXM4-40GB MIG 4g.20gb (0),1,,13,cupy_copy__float32_float32
2776665723,86878,125862,1,1,1,32,32,1,30,0.000,0.000,,,,,NVIDIA A100-SXM4-40GB MIG 4g.20gb (0),1,,13,"void convert_kernel<__half2, float2>(tensor_layout_any, T1 *, tensor_layout_any, const T2 *)"
2776779897,5600,125865,,,,,,,,,,0.094,16731.388,Pinned,Device,NVIDIA A100-SXM4-40GB MIG 4g.20gb (0),1,,13,[CUDA memcpy Host-to-Device]
2776794553,3360,125866,,,,,,,,,,1.547,460304.688,Device,,NVIDIA A100-SXM4-40GB MIG 4g.20gb (0),1,,13,[CUDA memset]
2776800953,3168,125871,,,,,,,,,,0.031,9878.770,Pinned,Device,NVIDIA A100-SXM4-40GB MIG 4g.20gb (0),1,,13,[CUDA memcpy Host-to-Device]
2776806649,9376,125872,,,,,,,,,,0.197,20969.226,Pinned,Device,NVIDIA A100-SXM4-40GB MIG 4g.20gb (0),1,,13,[CUDA memcpy Host-to-Device]
2776822393,6144,125873,273,1,1,8,4,1,39,0.002,0.000,,,,,NVIDIA A100-SXM4-40GB MIG 4g.20gb (0),1,,13,"void channel_eq::eqMmseCoefCompLowMimoKernel<float, float, float, (unsigned int)4, (unsigned int)1, (unsigned int)4>(const channel_eq::_puschRxChEqStatDescr *, channel_eq::_puschRxChEqCoefCompDynDescr)"
2776829625,7807,125874,273,1,1,12,11,1,51,0.002,0.000,,,,,NVIDIA A100-SXM4-40GB MIG 4g.20gb (0),1,,13,"void channel_eq::eqMmseSoftDemapKernel<float, __half, __half, float, (unsigned int)4, (unsigned short)16383>(channel_eq::_puschRxChEqStatDescr *, channel_eq::_puschRxChEqSoftDemapDynDescr)"
2776838648,282909,125875,1,1,1,32,32,1,30,0.000,0.000,,,,,NVIDIA A100-SXM4-40GB MIG 4g.20gb (0),1,,13,"void convert_kernel<float2, __half2>(tensor_layout_any, T1 *, tensor_layout_any, const T2 *)"
2777122677,10912,125887,2253,1,1,128,1,1,16,0.000,0.000,,,,,NVIDIA A100-SXM4-40GB MIG 4g.20gb (0),1,,13,cupy_copy__float16_float16
2777136853,3232,125896,282,1,1,128,1,1,16,0.000,0.000,,,,,NVIDIA A100-SXM4-40GB MIG 4g.20gb (0),1,,13,cupy_copy__complex64_complex64
2777143285,2112,125905,26,1,1,128,1,1,16,0.000,0.000,,,,,NVIDIA A100-SXM4-40GB MIG 4g.20gb (0),1,,13,cupy_copy__float32_float32
2777148533,3008,125914,103,1,1,128,1,1,16,0.000,0.000,,,,,NVIDIA A100-SXM4-40GB MIG 4g.20gb (0),1,,13,cupy_copy__complex64_complex64
2777153525,12671,125924,1434,1,1,128,1,1,16,0.000,0.000,,,,,NVIDIA A100-SXM4-40GB MIG 4g.20gb (0),1,,13,cupy_copy__complex64_complex64
2777168596,87519,125929,1,1,1,32,32,1,30,0.000,0.000,,,,,NVIDIA A100-SXM4-40GB MIG 4g.20gb (0),1,,13,"void convert_kernel<__half2, float2>(tensor_layout_any, T1 *, tensor_layout_any, const T2 *)"
2777282899,6176,125932,,,,,,,,,,0.094,15170.975,Pinned,Device,NVIDIA A100-SXM4-40GB MIG 4g.20gb (0),1,,13,[CUDA memcpy Host-to-Device]
2777293363,599224,125933,,,,,,,,,,456.561,761544.482,Device,,NVIDIA A100-SXM4-40GB MIG 4g.20gb (0),1,,13,[CUDA memset]
2777900459,50848,125938,,,,,,,,,,1.235,24286.409,Pinned,Device,NVIDIA A100-SXM4-40GB MIG 4g.20gb (0),1,,13,[CUDA memcpy Host-to-Device]
2777954507,10207,125939,,,,,,,,,,0.197,19261.882,Pinned,Device,NVIDIA A100-SXM4-40GB MIG 4g.20gb (0),1,,13,[CUDA memcpy Host-to-Device]
2777970378,8192,125940,69,4,1,48,1,1,76,0.002,0.000,,,,,NVIDIA A100-SXM4-40GB MIG 4g.20gb (0),1,,13,"void ch_est::windowedChEstPreNoDftSOfdmKernel<float, __half, float, (unsigned int)2, (unsigned int)1, (unsigned short)4>(ch_est::puschRxChEstStatDescr_t *, ch_est::puschRxChEstDynDescr_t *)"
2777981706,6272,125941,137,2,1,24,2,1,44,0.001,0.001,,,,,NVIDIA A100-SXM4-40GB MIG 4g.20gb (0),1,,13,"void ch_est::chEstFilterNoDftSOfdmDispatchKernel<float, __half, float, (unsigned int)2>(ch_est::puschRxChEstStatDescr_t *, ch_est::puschRxChEstDynDescr_t *)"
2777989098,4896,125942,137,2,1,24,2,1,44,0.001,0.001,,,,,NVIDIA A100-SXM4-40GB MIG 4g.20gb (0),1,,13,"void ch_est::chEstFilterNoDftSOfdmDispatchKernel<float, __half, float, (unsigned int)2>(ch_est::puschRxChEstStatDescr_t *, ch_est::puschRxChEstDynDescr_t *)"
2777996426,2592,125953,103,1,1,128,1,1,16,0.000,0.000,,,,,NVIDIA A100-SXM4-40GB MIG 4g.20gb (0),1,,13,cupy_copy__complex64_complex64
2778000074,12928,125963,1434,1,1,128,1,1,16,0.000,0.000,,,,,NVIDIA A100-SXM4-40GB MIG 4g.20gb (0),1,,13,cupy_copy__complex64_complex64
2778016938,3712,125970,103,1,1,128,1,1,16,0.000,0.000,,,,,NVIDIA A100-SXM4-40GB MIG 4g.20gb (0),1,,13,cupy_copy__complex64_complex64
2778023178,82303,125977,1,1,1,32,32,1,30,0.000,0.000,,,,,NVIDIA A100-SXM4-40GB MIG 4g.20gb (0),1,,13,"void convert_kernel<__half2, float2>(tensor_layout_any, T1 *, tensor_layout_any, const T2 *)"
2778132168,5440,125980,,,,,,,,,,0.094,17223.480,Pinned,Device,NVIDIA A100-SXM4-40GB MIG 4g.20gb (0),1,,13,[CUDA memcpy Host-to-Device]
2778144456,47712,125981,,,,,,,,,,35.810,750540.113,Device,,NVIDIA A100-SXM4-40GB MIG 4g.20gb (0),1,,13,[CUDA memset]
2778197096,3552,125983,,,,,,,,,,0.000,22.522,Pinned,Device,NVIDIA A100-SXM4-40GB MIG 4g.20gb (0),1,,13,[CUDA memcpy Host-to-Device]
2778205192,12159,125984,,,,,,,,,,0.197,16169.632,Pinned,Device,NVIDIA A100-SXM4-40GB MIG 4g.20gb (0),1,,13,[CUDA memcpy Host-to-Device]
2778224711,11008,125985,273,1,1,48,1,1,40,0.000,0.001,,,,,NVIDIA A100-SXM4-40GB MIG 4g.20gb (0),1,,13,"void pusch_noise_intf_est::noiseIntfEstNoDftSOfdmKernel<float, __half, float, float, (unsigned int)2, (unsigned int)1, (unsigned char)4, (unsigned char)4>(pusch_noise_intf_est::puschRxNoiseIntfEstDynDescr)"
2778241383,3008,125996,35,1,1,128,1,1,16,0.000,0.000,,,,,NVIDIA A100-SXM4-40GB MIG 4g.20gb (0),1,,13,cupy_copy__complex64_complex64
2778254535,1888,126005,1,1,1,1,1,1,18,0.000,0.000,,,,,NVIDIA A100-SXM4-40GB MIG 4g.20gb (0),1,,13,cupy_copy__float32_float32
2778284935,1920,126011,,,,,,,,,,0.000,2.083,Device,Pageable,NVIDIA A100-SXM4-40GB MIG 4g.20gb (0),1,,7,[CUDA memcpy Device-to-Host]
2778345158,13056,126022,1434,1,1,128,1,1,16,0.000,0.000,,,,,NVIDIA A100-SXM4-40GB MIG 4g.20gb (0),1,,13,cupy_copy__complex64_complex64
2778373253,3360,126029,103,1,1,128,1,1,16,0.000,0.000,,,,,NVIDIA A100-SXM4-40GB MIG 4g.20gb (0),1,,13,cupy_copy__complex64_complex64
2778393765,2176,126036,35,1,1,128,1,1,16,0.000,0.000,,,,,NVIDIA A100-SXM4-40GB MIG 4g.20gb (0),1,,13,cupy_copy__complex64_complex64
2778416325,1792,126043,1,1,1,1,1,1,18,0.000,0.000,,,,,NVIDIA A100-SXM4-40GB MIG 4g.20gb (0),1,,13,cupy_copy__float32_float32
2778547011,82047,126054,1,1,1,32,32,1,30,0.000,0.000,,,,,NVIDIA A100-SXM4-40GB MIG 4g.20gb (0),1,,13,"void convert_kernel<__half2, float2>(tensor_layout_any, T1 *, tensor_layout_any, const T2 *)"
2778656578,6176,126057,,,,,,,,,,0.094,15170.975,Pinned,Device,NVIDIA A100-SXM4-40GB MIG 4g.20gb (0),1,,13,[CUDA memcpy Host-to-Device]
2778671202,3584,126058,,,,,,,,,,1.547,431534.389,Device,,NVIDIA A100-SXM4-40GB MIG 4g.20gb (0),1,,13,[CUDA memset]
2778677122,3040,126063,,,,,,,,,,0.031,10294.725,Pinned,Device,NVIDIA A100-SXM4-40GB MIG 4g.20gb (0),1,,13,[CUDA memcpy Host-to-Device]
2778682690,9599,126064,,,,,,,,,,0.197,20482.032,Pinned,Device,NVIDIA A100-SXM4-40GB MIG 4g.20gb (0),1,,13,[CUDA memcpy Host-to-Device]
2778696129,7552,126065,273,1,1,8,4,1,39,0.002,0.000,,,,,NVIDIA A100-SXM4-40GB MIG 4g.20gb (0),1,,13,"void channel_eq::eqMmseCoefCompLowMimoKernel<float, float, float, (unsigned int)4, (unsigned int)1, (unsigned int)4>(const channel_eq::_puschRxChEqStatDescr *, channel_eq::_puschRxChEqCoefCompDynDescr)"
2778704609,5952,126066,273,1,1,12,11,1,51,0.002,0.000,,,,,NVIDIA A100-SXM4-40GB MIG 4g.20gb (0),1,,13,"void channel_eq::eqMmseSoftDemapKernel<float, __half, __half, float, (unsigned int)4, (unsigned short)16383>(channel_eq::_puschRxChEqStatDescr *, channel_eq::_puschRxChEqSoftDemapDynDescr)"
2778711681,282301,126067,1,1,1,32,32,1,30,0.000,0.000,,,,,NVIDIA A100-SXM4-40GB MIG 4g.20gb (0),1,,13,"void convert_kernel<float2, __half2>(tensor_layout_any, T1 *, tensor_layout_any, const T2 *)"
2778995518,10944,126079,2253,1,1,128,1,1,16,0.000,0.000,,,,,NVIDIA A100-SXM4-40GB MIG 4g.20gb (0),1,,13,cupy_copy__float16_float16
2779008062,3488,126088,282,1,1,128,1,1,16,0.000,0.000,,,,,NVIDIA A100-SXM4-40GB MIG 4g.20gb (0),1,,13,cupy_copy__complex64_complex64
2779014782,2047,126097,26,1,1,128,1,1,16,0.000,0.000,,,,,NVIDIA A100-SXM4-40GB MIG 4g.20gb (0),1,,13,cupy_copy__float32_float32
2779018557,4736,126106,103,1,1,128,1,1,16,0.000,0.000,,,,,NVIDIA A100-SXM4-40GB MIG 4g.20gb (0),1,,13,cupy_copy__complex64_complex64
2779026141,12352,126116,1434,1,1,128,1,1,16,0.000,0.000,,,,,NVIDIA A100-SXM4-40GB MIG 4g.20gb (0),1,,13,cupy_copy__complex64_complex64
2779052221,87583,126121,1,1,1,32,32,1,30,0.000,0.000,,,,,NVIDIA A100-SXM4-40GB MIG 4g.20gb (0),1,,13,"void convert_kernel<__half2, float2>(tensor_layout_any, T1 *, tensor_layout_any, const T2 *)"
2779167452,6016,126124,,,,,,,,,,0.094,15574.430,Pinned,Device,NVIDIA A100-SXM4-40GB MIG 4g.20gb (0),1,,13,[CUDA memcpy Host-to-Device]
2779178651,601849,126125,,,,,,,,,,456.561,758348.552,Device,,NVIDIA A100-SXM4-40GB MIG 4g.20gb (0),1,,13,[CUDA memset]
2779794516,145790,126130,,,,,,,,,,1.235,8470.481,Pinned,Device,NVIDIA A100-SXM4-40GB MIG 4g.20gb (0),1,,13,[CUDA memcpy Host-to-Device]
2779956562,42623,126131,,,,,,,,,,0.197,4612.620,Pinned,Device,NVIDIA A100-SXM4-40GB MIG 4g.20gb (0),1,,13,[CUDA memcpy Host-to-Device]
2780016945,8384,126132,69,4,1,48,1,1,76,0.002,0.000,,,,,NVIDIA A100-SXM4-40GB MIG 4g.20gb (0),1,,13,"void ch_est::windowedChEstPreNoDftSOfdmKernel<float, __half, float, (unsigned int)2, (unsigned int)1, (unsigned short)4>(ch_est::puschRxChEstStatDescr_t *, ch_est::puschRxChEstDynDescr_t *)"
2780036241,6560,126133,137,2,1,24,2,1,44,0.001,0.001,,,,,NVIDIA A100-SXM4-40GB MIG 4g.20gb (0),1,,13,"void ch_est::chEstFilterNoDftSOfdmDispatchKernel<float, __half, float, (unsigned int)2>(ch_est::puschRxChEstStatDescr_t *, ch_est::puschRxChEstDynDescr_t *)"
2780051025,4864,126134,137,2,1,24,2,1,44,0.001,0.001,,,,,NVIDIA A100-SXM4-40GB MIG 4g.20gb (0),1,,13,"void ch_est::chEstFilterNoDftSOfdmDispatchKernel<float, __half, float, (unsigned int)2>(ch_est::puschRxChEstStatDescr_t *, ch_est::puschRxChEstDynDescr_t *)"
2780065585,2495,126145,103,1,1,128,1,1,16,0.000,0.000,,,,,NVIDIA A100-SXM4-40GB MIG 4g.20gb (0),1,,13,cupy_copy__complex64_complex64
2780078224,12672,126155,1434,1,1,128,1,1,16,0.000,0.000,,,,,NVIDIA A100-SXM4-40GB MIG 4g.20gb (0),1,,13,cupy_copy__complex64_complex64
2780099344,2528,126162,103,1,1,128,1,1,16,0.000,0.000,,,,,NVIDIA A100-SXM4-40GB MIG 4g.20gb (0),1,,13,cupy_copy__complex64_complex64
2780111376,86847,126169,1,1,1,32,32,1,30,0.000,0.000,,,,,NVIDIA A100-SXM4-40GB MIG 4g.20gb (0),1,,13,"void convert_kernel<__half2, float2>(tensor_layout_any, T1 *, tensor_layout_any, const T2 *)"
2780226511,5727,126172,,,,,,,,,,0.094,16360.352,Pinned,Device,NVIDIA A100-SXM4-40GB MIG 4g.20gb (0),1,,13,[CUDA memcpy Host-to-Device]
2780238574,47136,126173,,,,,,,,,,35.810,759707.453,Device,,NVIDIA A100-SXM4-40GB MIG 4g.20gb (0),1,,13,[CUDA memset]
2780291502,3040,126175,,,,,,,,,,0.000,26.316,Pinned,Device,NVIDIA A100-SXM4-40GB MIG 4g.20gb (0),1,,13,[CUDA memcpy Host-to-Device]
2780299022,13343,126176,,,,,,,,,,0.197,14734.787,Pinned,Device,NVIDIA A100-SXM4-40GB MIG 4g.20gb (0),1,,13,[CUDA memcpy Host-to-Device]
2780321709,13120,126177,273,1,1,48,1,1,40,0.000,0.001,,,,,NVIDIA A100-SXM4-40GB MIG 4g.20gb (0),1,,13,"void pusch_noise_intf_est::noiseIntfEstNoDftSOfdmKernel<float, __half, float, float, (unsigned int)2, (unsigned int)1, (unsigned char)4, (unsigned char)4>(pusch_noise_intf_est::puschRxNoiseIntfEstDynDescr)"
2780338477,3200,126188,35,1,1,128,1,1,16,0.000,0.000,,,,,NVIDIA A100-SXM4-40GB MIG 4g.20gb (0),1,,13,cupy_copy__complex64_complex64
2780347597,1824,126197,1,1,1,1,1,1,18,0.000,0.000,,,,,NVIDIA A100-SXM4-40GB MIG 4g.20gb (0),1,,13,cupy_copy__float32_float32
2780379501,1792,126203,,,,,,,,,,0.000,2.232,Device,Pageable,NVIDIA A100-SXM4-40GB MIG 4g.20gb (0),1,,7,[CUDA memcpy Device-to-Host]
2780439532,12960,126214,1434,1,1,128,1,1,16,0.000,0.000,,,,,NVIDIA A100-SXM4-40GB MIG 4g.20gb (0),1,,13,cupy_copy__complex64_complex64
2780466892,3264,126221,103,1,1,128,1,1,16,0.000,0.000,,,,,NVIDIA A100-SXM4-40GB MIG 4g.20gb (0),1,,13,cupy_copy__complex64_complex64
2780491019,2208,126228,35,1,1,128,1,1,16,0.000,0.000,,,,,NVIDIA A100-SXM4-40GB MIG 4g.20gb (0),1,,13,cupy_copy__complex64_complex64
2780509867,1760,126235,1,1,1,1,1,1,18,0.000,0.000,,,,,NVIDIA A100-SXM4-40GB MIG 4g.20gb (0),1,,13,cupy_copy__float32_float32
2780642793,82335,126246,1,1,1,32,32,1,30,0.000,0.000,,,,,NVIDIA A100-SXM4-40GB MIG 4g.20gb (0),1,,13,"void convert_kernel<__half2, float2>(tensor_layout_any, T1 *, tensor_layout_any, const T2 *)"
2780752328,5920,126249,,,,,,,,,,0.094,15826.941,Pinned,Device,NVIDIA A100-SXM4-40GB MIG 4g.20gb (0),1,,13,[CUDA memcpy Host-to-Device]
2780767336,3296,126250,,,,,,,,,,1.547,469242.628,Device,,NVIDIA A100-SXM4-40GB MIG 4g.20gb (0),1,,13,[CUDA memset]
2780773160,3040,126255,,,,,,,,,,0.031,10294.725,Pinned,Device,NVIDIA A100-SXM4-40GB MIG 4g.20gb (0),1,,13,[CUDA memcpy Host-to-Device]
2780778920,9504,126256,,,,,,,,,,0.197,20686.701,Pinned,Device,NVIDIA A100-SXM4-40GB MIG 4g.20gb (0),1,,13,[CUDA memcpy Host-to-Device]
2780794440,6015,126257,273,1,1,8,4,1,39,0.002,0.000,,,,,NVIDIA A100-SXM4-40GB MIG 4g.20gb (0),1,,13,"void channel_eq::eqMmseCoefCompLowMimoKernel<float, float, float, (unsigned int)4, (unsigned int)1, (unsigned int)4>(const channel_eq::_puschRxChEqStatDescr *, channel_eq::_puschRxChEqCoefCompDynDescr)"
2780803463,6144,126258,273,1,1,12,11,1,51,0.002,0.000,,,,,NVIDIA A100-SXM4-40GB MIG 4g.20gb (0),1,,13,"void channel_eq::eqMmseSoftDemapKernel<float, __half, __half, float, (unsigned int)4, (unsigned short)16383>(channel_eq::_puschRxChEqStatDescr *, channel_eq::_puschRxChEqSoftDemapDynDescr)"
2780811559,282205,126259,1,1,1,32,32,1,30,0.000,0.000,,,,,NVIDIA A100-SXM4-40GB MIG 4g.20gb (0),1,,13,"void convert_kernel<float2, __half2>(tensor_layout_any, T1 *, tensor_layout_any, const T2 *)"
2781096548,10912,126271,2253,1,1,128,1,1,16,0.000,0.000,,,,,NVIDIA A100-SXM4-40GB MIG 4g.20gb (0),1,,13,cupy_copy__float16_float16
2781110852,3616,126280,282,1,1,128,1,1,16,0.000,0.000,,,,,NVIDIA A100-SXM4-40GB MIG 4g.20gb (0),1,,13,cupy_copy__complex64_complex64
2781116196,2112,126289,26,1,1,128,1,1,16,0.000,0.000,,,,,NVIDIA A100-SXM4-40GB MIG 4g.20gb (0),1,,13,cupy_copy__float32_float32
2781119363,4544,126298,103,1,1,128,1,1,16,0.000,0.000,,,,,NVIDIA A100-SXM4-40GB MIG 4g.20gb (0),1,,13,cupy_copy__complex64_complex64
2781126179,12128,126308,1434,1,1,128,1,1,16,0.000,0.000,,,,,NVIDIA A100-SXM4-40GB MIG 4g.20gb (0),1,,13,cupy_copy__complex64_complex64
2781144003,82143,126313,1,1,1,32,32,1,30,0.000,0.000,,,,,NVIDIA A100-SXM4-40GB MIG 4g.20gb (0),1,,13,"void convert_kernel<__half2, float2>(tensor_layout_any, T1 *, tensor_layout_any, const T2 *)"
2781254434,5344,126316,,,,,,,,,,0.094,17532.864,Pinned,Device,NVIDIA A100-SXM4-40GB MIG 4g.20gb (0),1,,13,[CUDA memcpy Host-to-Device]
2781264130,598584,126317,,,,,,,,,,456.561,762457.605,Device,,NVIDIA A100-SXM4-40GB MIG 4g.20gb (0),1,,13,[CUDA memset]
2781869818,173374,126322,,,,,,,,,,1.235,7121.922,Pinned,Device,NVIDIA A100-SXM4-40GB MIG 4g.20gb (0),1,,13,[CUDA memcpy Host-to-Device]
2782058584,40415,126323,,,,,,,,,,0.197,4864.672,Pinned,Device,NVIDIA A100-SXM4-40GB MIG 4g.20gb (0),1,,13,[CUDA memcpy Host-to-Device]
2782132855,7872,126324,69,4,1,48,1,1,76,0.002,0.000,,,,,NVIDIA A100-SXM4-40GB MIG 4g.20gb (0),1,,13,"void ch_est::windowedChEstPreNoDftSOfdmKernel<float, __half, float, (unsigned int)2, (unsigned int)1, (unsigned short)4>(ch_est::puschRxChEstStatDescr_t *, ch_est::puschRxChEstDynDescr_t *)"
2782152151,6624,126325,137,2,1,24,2,1,44,0.001,0.001,,,,,NVIDIA A100-SXM4-40GB MIG 4g.20gb (0),1,,13,"void ch_est::chEstFilterNoDftSOfdmDispatchKernel<float, __half, float, (unsigned int)2>(ch_est::puschRxChEstStatDescr_t *, ch_est::puschRxChEstDynDescr_t *)"
2782168791,4767,126326,137,2,1,24,2,1,44,0.001,0.001,,,,,NVIDIA A100-SXM4-40GB MIG 4g.20gb (0),1,,13,"void ch_est::chEstFilterNoDftSOfdmDispatchKernel<float, __half, float, (unsigned int)2>(ch_est::puschRxChEstStatDescr_t *, ch_est::puschRxChEstDynDescr_t *)"
2782186198,2592,126337,103,1,1,128,1,1,16,0.000,0.000,,,,,NVIDIA A100-SXM4-40GB MIG 4g.20gb (0),1,,13,cupy_copy__complex64_complex64
2782202838,12288,126347,1434,1,1,128,1,1,16,0.000,0.000,,,,,NVIDIA A100-SXM4-40GB MIG 4g.20gb (0),1,,13,cupy_copy__complex64_complex64
2782228182,2560,126354,103,1,1,128,1,1,16,0.000,0.000,,,,,NVIDIA A100-SXM4-40GB MIG 4g.20gb (0),1,,13,cupy_copy__complex64_complex64
2782250422,90238,126361,1,1,1,32,32,1,30,0.000,0.000,,,,,NVIDIA A100-SXM4-40GB MIG 4g.20gb (0),1,,13,"void convert_kernel<__half2, float2>(tensor_layout_any, T1 *, tensor_layout_any, const T2 *)"
2782371028,15136,126364,,,,,,,,,,0.094,6190.214,Pinned,Device,NVIDIA A100-SXM4-40GB MIG 4g.20gb (0),1,,13,[CUDA memcpy Host-to-Device]
2782398708,46559,126365,,,,,,,,,,35.810,769125.462,Device,,NVIDIA A100-SXM4-40GB MIG 4g.20gb (0),1,,13,[CUDA memset]
2782450739,3744,126367,,,,,,,,,,0.000,21.368,Pinned,Device,NVIDIA A100-SXM4-40GB MIG 4g.20gb (0),1,,13,[CUDA memcpy Host-to-Device]
2782460051,16320,126368,,,,,,,,,,0.197,12046.959,Pinned,Device,NVIDIA A100-SXM4-40GB MIG 4g.20gb (0),1,,13,[CUDA memcpy Host-to-Device]
2782484403,9983,126369,273,1,1,48,1,1,40,0.000,0.001,,,,,NVIDIA A100-SXM4-40GB MIG 4g.20gb (0),1,,13,"void pusch_noise_intf_est::noiseIntfEstNoDftSOfdmKernel<float, __half, float, float, (unsigned int)2, (unsigned int)1, (unsigned char)4, (unsigned char)4>(pusch_noise_intf_est::puschRxNoiseIntfEstDynDescr)"
2782496786,2848,126380,35,1,1,128,1,1,16,0.000,0.000,,,,,NVIDIA A100-SXM4-40GB MIG 4g.20gb (0),1,,13,cupy_copy__complex64_complex64
2782502482,1888,126389,1,1,1,1,1,1,18,0.000,0.000,,,,,NVIDIA A100-SXM4-40GB MIG 4g.20gb (0),1,,13,cupy_copy__float32_float32
2782520978,1600,126395,,,,,,,,,,0.000,2.500,Device,Pageable,NVIDIA A100-SXM4-40GB MIG 4g.20gb (0),1,,7,[CUDA memcpy Device-to-Host]
2782581585,12704,126406,1434,1,1,128,1,1,16,0.000,0.000,,,,,NVIDIA A100-SXM4-40GB MIG 4g.20gb (0),1,,13,cupy_copy__complex64_complex64
2782611121,2720,126413,103,1,1,128,1,1,16,0.000,0.000,,,,,NVIDIA A100-SXM4-40GB MIG 4g.20gb (0),1,,13,cupy_copy__complex64_complex64
2782631409,2784,126420,35,1,1,128,1,1,16,0.000,0.000,,,,,NVIDIA A100-SXM4-40GB MIG 4g.20gb (0),1,,13,cupy_copy__complex64_complex64
2782649905,1760,126427,1,1,1,1,1,1,18,0.000,0.000,,,,,NVIDIA A100-SXM4-40GB MIG 4g.20gb (0),1,,13,cupy_copy__float32_float32
2782782063,87839,126438,1,1,1,32,32,1,30,0.000,0.000,,,,,NVIDIA A100-SXM4-40GB MIG 4g.20gb (0),1,,13,"void convert_kernel<__half2, float2>(tensor_layout_any, T1 *, tensor_layout_any, const T2 *)"
2782898254,5663,126441,,,,,,,,,,0.094,16545.214,Pinned,Device,NVIDIA A100-SXM4-40GB MIG 4g.20gb (0),1,,13,[CUDA memcpy Host-to-Device]
2782913613,3136,126442,,,,,,,,,,1.547,493182.821,Device,,NVIDIA A100-SXM4-40GB MIG 4g.20gb (0),1,,13,[CUDA memset]
2782920397,3392,126447,,,,,,,,,,0.031,9226.405,Pinned,Device,NVIDIA A100-SXM4-40GB MIG 4g.20gb (0),1,,13,[CUDA memcpy Host-to-Device]
2782926189,9824,126448,,,,,,,,,,0.197,20012.925,Pinned,Device,NVIDIA A100-SXM4-40GB MIG 4g.20gb (0),1,,13,[CUDA memcpy Host-to-Device]
2782941837,6272,126449,273,1,1,8,4,1,39,0.002,0.000,,,,,NVIDIA A100-SXM4-40GB MIG 4g.20gb (0),1,,13,"void channel_eq::eqMmseCoefCompLowMimoKernel<float, float, float, (unsigned int)4, (unsigned int)1, (unsigned int)4>(const channel_eq::_puschRxChEqStatDescr *, channel_eq::_puschRxChEqCoefCompDynDescr)"
2782951533,5728,126450,273,1,1,12,11,1,51,0.002,0.000,,,,,NVIDIA A100-SXM4-40GB MIG 4g.20gb (0),1,,13,"void channel_eq::eqMmseSoftDemapKernel<float, __half, __half, float, (unsigned int)4, (unsigned short)16383>(channel_eq::_puschRxChEqStatDescr *, channel_eq::_puschRxChEqSoftDemapDynDescr)"
2782959277,282204,126451,1,1,1,32,32,1,30,0.000,0.000,,,,,NVIDIA A100-SXM4-40GB MIG 4g.20gb (0),1,,13,"void convert_kernel<float2, __half2>(tensor_layout_any, T1 *, tensor_layout_any, const T2 *)"
2783243305,10912,126463,2253,1,1,128,1,1,16,0.000,0.000,,,,,NVIDIA A100-SXM4-40GB MIG 4g.20gb (0),1,,13,cupy_copy__float16_float16
2783257673,3808,126472,282,1,1,128,1,1,16,0.000,0.000,,,,,NVIDIA A100-SXM4-40GB MIG 4g.20gb (0),1,,13,cupy_copy__complex64_complex64
2783262537,2944,126481,26,1,1,128,1,1,16,0.000,0.000,,,,,NVIDIA A100-SXM4-40GB MIG 4g.20gb (0),1,,13,cupy_copy__float32_float32
2783267049,3104,126490,103,1,1,128,1,1,16,0.000,0.000,,,,,NVIDIA A100-SXM4-40GB MIG 4g.20gb (0),1,,13,cupy_copy__complex64_complex64
2783271241,11936,126500,1434,1,1,128,1,1,16,0.000,0.000,,,,,NVIDIA A100-SXM4-40GB MIG 4g.20gb (0),1,,13,cupy_copy__complex64_complex64
2783292777,81983,126505,1,1,1,32,32,1,30,0.000,0.000,,,,,NVIDIA A100-SXM4-40GB MIG 4g.20gb (0),1,,13,"void convert_kernel<__half2, float2>(tensor_layout_any, T1 *, tensor_layout_any, const T2 *)"
2783402279,5952,126508,,,,,,,,,,0.094,15741.865,Pinned,Device,NVIDIA A100-SXM4-40GB MIG 4g.20gb (0),1,,13,[CUDA memcpy Host-to-Device]
2783414311,598297,126509,,,,,,,,,,456.561,762914.166,Device,,NVIDIA A100-SXM4-40GB MIG 4g.20gb (0),1,,13,[CUDA memset]
2784017760,157278,126514,,,,,,,,,,1.235,7851.774,Pinned,Device,NVIDIA A100-SXM4-40GB MIG 4g.20gb (0),1,,13,[CUDA memcpy Host-to-Device]
2784184542,40191,126515,,,,,,,,,,0.197,4891.804,Pinned,Device,NVIDIA A100-SXM4-40GB MIG 4g.20gb (0),1,,13,[CUDA memcpy Host-to-Device]
2784254205,8192,126516,69,4,1,48,1,1,76,0.002,0.000,,,,,NVIDIA A100-SXM4-40GB MIG 4g.20gb (0),1,,13,"void ch_est::windowedChEstPreNoDftSOfdmKernel<float, __half, float, (unsigned int)2, (unsigned int)1, (unsigned short)4>(ch_est::puschRxChEstStatDescr_t *, ch_est::puschRxChEstDynDescr_t *)"
2784271997,6815,126517,137,2,1,24,2,1,44,0.001,0.001,,,,,NVIDIA A100-SXM4-40GB MIG 4g.20gb (0),1,,13,"void ch_est::chEstFilterNoDftSOfdmDispatchKernel<float, __half, float, (unsigned int)2>(ch_est::puschRxChEstStatDescr_t *, ch_est::puschRxChEstDynDescr_t *)"
2784291932,4896,126518,137,2,1,24,2,1,44,0.001,0.001,,,,,NVIDIA A100-SXM4-40GB MIG 4g.20gb (0),1,,13,"void ch_est::chEstFilterNoDftSOfdmDispatchKernel<float, __half, float, (unsigned int)2>(ch_est::puschRxChEstStatDescr_t *, ch_est::puschRxChEstDynDescr_t *)"
2784308572,2752,126529,103,1,1,128,1,1,16,0.000,0.000,,,,,NVIDIA A100-SXM4-40GB MIG 4g.20gb (0),1,,13,cupy_copy__complex64_complex64
2784325788,12288,126539,1434,1,1,128,1,1,16,0.000,0.000,,,,,NVIDIA A100-SXM4-40GB MIG 4g.20gb (0),1,,13,cupy_copy__complex64_complex64
2784345468,2912,126546,103,1,1,128,1,1,16,0.000,0.000,,,,,NVIDIA A100-SXM4-40GB MIG 4g.20gb (0),1,,13,cupy_copy__complex64_complex64
2784365595,84991,126553,1,1,1,32,32,1,30,0.000,0.000,,,,,NVIDIA A100-SXM4-40GB MIG 4g.20gb (0),1,,13,"void convert_kernel<__half2, float2>(tensor_layout_any, T1 *, tensor_layout_any, const T2 *)"
2784483930,26176,126556,,,,,,,,,,0.094,3579.375,Pinned,Device,NVIDIA A100-SXM4-40GB MIG 4g.20gb (0),1,,13,[CUDA memcpy Host-to-Device]
2784526457,45888,126557,,,,,,,,,,35.810,780369.777,Device,,NVIDIA A100-SXM4-40GB MIG 4g.20gb (0),1,,13,[CUDA memset]
2784577337,13568,126559,,,,,,,,,,0.000,5.896,Pinned,Device,NVIDIA A100-SXM4-40GB MIG 4g.20gb (0),1,,13,[CUDA memcpy Host-to-Device]
2784601400,36032,126560,,,,,,,,,,0.197,5456.462,Pinned,Device,NVIDIA A100-SXM4-40GB MIG 4g.20gb (0),1,,13,[CUDA memcpy Host-to-Device]
2784667032,10016,126561,273,1,1,48,1,1,40,0.000,0.001,,,,,NVIDIA A100-SXM4-40GB MIG 4g.20gb (0),1,,13,"void pusch_noise_intf_est::noiseIntfEstNoDftSOfdmKernel<float, __half, float, float, (unsigned int)2, (unsigned int)1, (unsigned char)4, (unsigned char)4>(pusch_noise_intf_est::puschRxNoiseIntfEstDynDescr)"
2784683255,2816,126572,35,1,1,128,1,1,16,0.000,0.000,,,,,NVIDIA A100-SXM4-40GB MIG 4g.20gb (0),1,,13,cupy_copy__complex64_complex64
2784700471,1696,126581,1,1,1,1,1,1,18,0.000,0.000,,,,,NVIDIA A100-SXM4-40GB MIG 4g.20gb (0),1,,13,cupy_copy__float32_float32
2784702487,8672,126587,,,,,,,,,,0.000,0.461,Device,Pageable,NVIDIA A100-SXM4-40GB MIG 4g.20gb (0),1,,7,[CUDA memcpy Device-to-Host]
2784793686,13120,126598,1434,1,1,128,1,1,16,0.000,0.000,,,,,NVIDIA A100-SXM4-40GB MIG 4g.20gb (0),1,,13,cupy_copy__complex64_complex64
2784817846,2784,126605,103,1,1,128,1,1,16,0.000,0.000,,,,,NVIDIA A100-SXM4-40GB MIG 4g.20gb (0),1,,13,cupy_copy__complex64_complex64
2784835766,2880,126612,35,1,1,128,1,1,16,0.000,0.000,,,,,NVIDIA A100-SXM4-40GB MIG 4g.20gb (0),1,,13,cupy_copy__complex64_complex64
2784857749,1888,126619,1,1,1,1,1,1,18,0.000,0.000,,,,,NVIDIA A100-SXM4-40GB MIG 4g.20gb (0),1,,13,cupy_copy__float32_float32
2784980084,82847,126630,1,1,1,32,32,1,30,0.000,0.000,,,,,NVIDIA A100-SXM4-40GB MIG 4g.20gb (0),1,,13,"void convert_kernel<__half2, float2>(tensor_layout_any, T1 *, tensor_layout_any, const T2 *)"
2785090034,5568,126633,,,,,,,,,,0.094,16827.521,Pinned,Device,NVIDIA A100-SXM4-40GB MIG 4g.20gb (0),1,,13,[CUDA memcpy Host-to-Device]
2785106514,3200,126634,,,,,,,,,,1.547,483320.000,Device,,NVIDIA A100-SXM4-40GB MIG 4g.20gb (0),1,,13,[CUDA memset]
2785111922,3232,126639,,,,,,,,,,0.031,9683.139,Pinned,Device,NVIDIA A100-SXM4-40GB MIG 4g.20gb (0),1,,13,[CUDA memcpy Host-to-Device]
2785117234,9728,126640,,,,,,,,,,0.197,20210.516,Pinned,Device,NVIDIA A100-SXM4-40GB MIG 4g.20gb (0),1,,13,[CUDA memcpy Host-to-Device]
2785132562,6400,126641,273,1,1,8,4,1,39,0.002,0.000,,,,,NVIDIA A100-SXM4-40GB MIG 4g.20gb (0),1,,13,"void channel_eq::eqMmseCoefCompLowMimoKernel<float, float, float, (unsigned int)4, (unsigned int)1, (unsigned int)4>(const channel_eq::_puschRxChEqStatDescr *, channel_eq::_puschRxChEqCoefCompDynDescr)"
2785140018,6368,126642,273,1,1,12,11,1,51,0.002,0.000,,,,,NVIDIA A100-SXM4-40GB MIG 4g.20gb (0),1,,13,"void channel_eq::eqMmseSoftDemapKernel<float, __half, __half, float, (unsigned int)4, (unsigned short)16383>(channel_eq::_puschRxChEqStatDescr *, channel_eq::_puschRxChEqSoftDemapDynDescr)"
2785147442,282492,126643,1,1,1,32,32,1,30,0.000,0.000,,,,,NVIDIA A100-SXM4-40GB MIG 4g.20gb (0),1,,13,"void convert_kernel<float2, __half2>(tensor_layout_any, T1 *, tensor_layout_any, const T2 *)"
2785431694,11200,126655,2253,1,1,128,1,1,16,0.000,0.000,,,,,NVIDIA A100-SXM4-40GB MIG 4g.20gb (0),1,,13,cupy_copy__float16_float16
2785444238,3552,126664,282,1,1,128,1,1,16,0.000,0.000,,,,,NVIDIA A100-SXM4-40GB MIG 4g.20gb (0),1,,13,cupy_copy__complex64_complex64
2785448782,2080,126673,26,1,1,128,1,1,16,0.000,0.000,,,,,NVIDIA A100-SXM4-40GB MIG 4g.20gb (0),1,,13,cupy_copy__float32_float32
2785453550,3040,126682,103,1,1,128,1,1,16,0.000,0.000,,,,,NVIDIA A100-SXM4-40GB MIG 4g.20gb (0),1,,13,cupy_copy__complex64_complex64
2785457678,12064,126692,1434,1,1,128,1,1,16,0.000,0.000,,,,,NVIDIA A100-SXM4-40GB MIG 4g.20gb (0),1,,13,cupy_copy__complex64_complex64
2785483726,82751,126697,1,1,1,32,32,1,30,0.000,0.000,,,,,NVIDIA A100-SXM4-40GB MIG 4g.20gb (0),1,,13,"void convert_kernel<__half2, float2>(tensor_layout_any, T1 *, tensor_layout_any, const T2 *)"
2785593164,5984,126700,,,,,,,,,,0.094,15657.726,Pinned,Device,NVIDIA A100-SXM4-40GB MIG 4g.20gb (0),1,,13,[CUDA memcpy Host-to-Device]
2785603852,596345,126701,,,,,,,,,,456.561,765196.973,Device,,NVIDIA A100-SXM4-40GB MIG 4g.20gb (0),1,,13,[CUDA memset]
2786202917,69695,126706,,,,,,,,,,1.235,17718.977,Pinned,Device,NVIDIA A100-SXM4-40GB MIG 4g.20gb (0),1,,13,[CUDA memcpy Host-to-Device]
2786277892,12704,126707,,,,,,,,,,0.197,15475.999,Pinned,Device,NVIDIA A100-SXM4-40GB MIG 4g.20gb (0),1,,13,[CUDA memcpy Host-to-Device]
2786297251,9280,126708,69,4,1,48,1,1,76,0.002,0.000,,,,,NVIDIA A100-SXM4-40GB MIG 4g.20gb (0),1,,13,"void ch_est::windowedChEstPreNoDftSOfdmKernel<float, __half, float, (unsigned int)2, (unsigned int)1, (unsigned short)4>(ch_est::puschRxChEstStatDescr_t *, ch_est::puschRxChEstDynDescr_t *)"
2786311235,7520,126709,137,2,1,24,2,1,44,0.001,0.001,,,,,NVIDIA A100-SXM4-40GB MIG 4g.20gb (0),1,,13,"void ch_est::chEstFilterNoDftSOfdmDispatchKernel<float, __half, float, (unsigned int)2>(ch_est::puschRxChEstStatDescr_t *, ch_est::puschRxChEstDynDescr_t *)"
2786322051,5184,126710,137,2,1,24,2,1,44,0.001,0.001,,,,,NVIDIA A100-SXM4-40GB MIG 4g.20gb (0),1,,13,"void ch_est::chEstFilterNoDftSOfdmDispatchKernel<float, __half, float, (unsigned int)2>(ch_est::puschRxChEstStatDescr_t *, ch_est::puschRxChEstDynDescr_t *)"
2786328579,2592,126721,103,1,1,128,1,1,16,0.000,0.000,,,,,NVIDIA A100-SXM4-40GB MIG 4g.20gb (0),1,,13,cupy_copy__complex64_complex64
2786334115,12704,126731,1434,1,1,128,1,1,16,0.000,0.000,,,,,NVIDIA A100-SXM4-40GB MIG 4g.20gb (0),1,,13,cupy_copy__complex64_complex64
2786350499,3008,126738,103,1,1,128,1,1,16,0.000,0.000,,,,,NVIDIA A100-SXM4-40GB MIG 4g.20gb (0),1,,13,cupy_copy__complex64_complex64
2786355011,86719,126745,1,1,1,32,32,1,30,0.000,0.000,,,,,NVIDIA A100-SXM4-40GB MIG 4g.20gb (0),1,,13,"void convert_kernel<__half2, float2>(tensor_layout_any, T1 *, tensor_layout_any, const T2 *)"
2786468321,6176,126748,,,,,,,,,,0.094,15170.975,Pinned,Device,NVIDIA A100-SXM4-40GB MIG 4g.20gb (0),1,,13,[CUDA memcpy Host-to-Device]
2786482625,46368,126749,,,,,,,,,,35.810,772276.735,Device,,NVIDIA A100-SXM4-40GB MIG 4g.20gb (0),1,,13,[CUDA memset]
2786534209,4479,126751,,,,,,,,,,0.000,17.861,Pinned,Device,NVIDIA A100-SXM4-40GB MIG 4g.20gb (0),1,,13,[CUDA memcpy Host-to-Device]
2786544160,14176,126752,,,,,,,,,,0.197,13868.925,Pinned,Device,NVIDIA A100-SXM4-40GB MIG 4g.20gb (0),1,,13,[CUDA memcpy Host-to-Device]
2786564896,9600,126753,273,1,1,48,1,1,40,0.000,0.001,,,,,NVIDIA A100-SXM4-40GB MIG 4g.20gb (0),1,,13,"void pusch_noise_intf_est::noiseIntfEstNoDftSOfdmKernel<float, __half, float, float, (unsigned int)2, (unsigned int)1, (unsigned char)4, (unsigned char)4>(pusch_noise_intf_est::puschRxNoiseIntfEstDynDescr)"
2786579648,2880,126764,35,1,1,128,1,1,16,0.000,0.000,,,,,NVIDIA A100-SXM4-40GB MIG 4g.20gb (0),1,,13,cupy_copy__complex64_complex64
2786589024,1984,126773,1,1,1,1,1,1,18,0.000,0.000,,,,,NVIDIA A100-SXM4-40GB MIG 4g.20gb (0),1,,13,cupy_copy__float32_float32
2786623167,1664,126779,,,,,,,,,,0.000,2.404,Device,Pageable,NVIDIA A100-SXM4-40GB MIG 4g.20gb (0),1,,7,[CUDA memcpy Device-to-Host]
2786683711,12768,126790,1434,1,1,128,1,1,16,0.000,0.000,,,,,NVIDIA A100-SXM4-40GB MIG 4g.20gb (0),1,,13,cupy_copy__complex64_complex64
2786710302,2944,126797,103,1,1,128,1,1,16,0.000,0.000,,,,,NVIDIA A100-SXM4-40GB MIG 4g.20gb (0),1,,13,cupy_copy__complex64_complex64
2786731614,2176,126804,35,1,1,128,1,1,16,0.000,0.000,,,,,NVIDIA A100-SXM4-40GB MIG 4g.20gb (0),1,,13,cupy_copy__complex64_complex64
2786750622,1792,126811,1,1,1,1,1,1,18,0.000,0.000,,,,,NVIDIA A100-SXM4-40GB MIG 4g.20gb (0),1,,13,cupy_copy__float32_float32
2786889180,87807,126822,1,1,1,32,32,1,30,0.000,0.000,,,,,NVIDIA A100-SXM4-40GB MIG 4g.20gb (0),1,,13,"void convert_kernel<__half2, float2>(tensor_layout_any, T1 *, tensor_layout_any, const T2 *)"
2787005179,6144,126825,,,,,,,,,,0.094,15249.961,Pinned,Device,NVIDIA A100-SXM4-40GB MIG 4g.20gb (0),1,,13,[CUDA memcpy Host-to-Device]
2787019163,3392,126826,,,,,,,,,,1.547,455961.768,Device,,NVIDIA A100-SXM4-40GB MIG 4g.20gb (0),1,,13,[CUDA memset]
2787026330,3200,126831,,,,,,,,,,0.031,9780.000,Pinned,Device,NVIDIA A100-SXM4-40GB MIG 4g.20gb (0),1,,13,[CUDA memcpy Host-to-Device]
2787032250,9984,126832,,,,,,,,,,0.197,19692.257,Pinned,Device,NVIDIA A100-SXM4-40GB MIG 4g.20gb (0),1,,13,[CUDA memcpy Host-to-Device]
2787045946,8288,126833,273,1,1,8,4,1,39,0.002,0.000,,,,,NVIDIA A100-SXM4-40GB MIG 4g.20gb (0),1,,13,"void channel_eq::eqMmseCoefCompLowMimoKernel<float, float, float, (unsigned int)4, (unsigned int)1, (unsigned int)4>(const channel_eq::_puschRxChEqStatDescr *, channel_eq::_puschRxChEqCoefCompDynDescr)"
2787056122,6080,126834,273,1,1,12,11,1,51,0.002,0.000,,,,,NVIDIA A100-SXM4-40GB MIG 4g.20gb (0),1,,13,"void channel_eq::eqMmseSoftDemapKernel<float, __half, __half, float, (unsigned int)4, (unsigned short)16383>(channel_eq::_puschRxChEqStatDescr *, channel_eq::_puschRxChEqSoftDemapDynDescr)"
2787065658,283708,126835,1,1,1,32,32,1,30,0.000,0.000,,,,,NVIDIA A100-SXM4-40GB MIG 4g.20gb (0),1,,13,"void convert_kernel<float2, __half2>(tensor_layout_any, T1 *, tensor_layout_any, const T2 *)"
2787351350,10944,126847,2253,1,1,128,1,1,16,0.000,0.000,,,,,NVIDIA A100-SXM4-40GB MIG 4g.20gb (0),1,,13,cupy_copy__float16_float16
2787366038,3264,126856,282,1,1,128,1,1,16,0.000,0.000,,,,,NVIDIA A100-SXM4-40GB MIG 4g.20gb (0),1,,13,cupy_copy__complex64_complex64
2787370774,2240,126865,26,1,1,128,1,1,16,0.000,0.000,,,,,NVIDIA A100-SXM4-40GB MIG 4g.20gb (0),1,,13,cupy_copy__float32_float32
2787374102,2816,126874,103,1,1,128,1,1,16,0.000,0.000,,,,,NVIDIA A100-SXM4-40GB MIG 4g.20gb (0),1,,13,cupy_copy__complex64_complex64
2787380054,12192,126884,1434,1,1,128,1,1,16,0.000,0.000,,,,,NVIDIA A100-SXM4-40GB MIG 4g.20gb (0),1,,13,cupy_copy__complex64_complex64
2787399190,82463,126889,1,1,1,32,32,1,30,0.000,0.000,,,,,NVIDIA A100-SXM4-40GB MIG 4g.20gb (0),1,,13,"void convert_kernel<__half2, float2>(tensor_layout_any, T1 *, tensor_layout_any, const T2 *)"
2787508693,5599,126892,,,,,,,,,,0.094,16734.387,Pinned,Device,NVIDIA A100-SXM4-40GB MIG 4g.20gb (0),1,,13,[CUDA memcpy Host-to-Device]
2787518420,597337,126893,,,,,,,,,,456.561,764283.851,Device,,NVIDIA A100-SXM4-40GB MIG 4g.20gb (0),1,,13,[CUDA memset]
2788126509,131678,126898,,,,,,,,,,1.235,9378.165,Pinned,Device,NVIDIA A100-SXM4-40GB MIG 4g.20gb (0),1,,13,[CUDA memcpy Host-to-Device]
2788267531,37056,126899,,,,,,,,,,0.197,5305.663,Pinned,Device,NVIDIA A100-SXM4-40GB MIG 4g.20gb (0),1,,13,[CUDA memcpy Host-to-Device]
2788326762,8416,126900,69,4,1,48,1,1,76,0.002,0.000,,,,,NVIDIA A100-SXM4-40GB MIG 4g.20gb (0),1,,13,"void ch_est::windowedChEstPreNoDftSOfdmKernel<float, __half, float, (unsigned int)2, (unsigned int)1, (unsigned short)4>(ch_est::puschRxChEstStatDescr_t *, ch_est::puschRxChEstDynDescr_t *)"
2788338890,6848,126901,137,2,1,24,2,1,44,0.001,0.001,,,,,NVIDIA A100-SXM4-40GB MIG 4g.20gb (0),1,,13,"void ch_est::chEstFilterNoDftSOfdmDispatchKernel<float, __half, float, (unsigned int)2>(ch_est::puschRxChEstStatDescr_t *, ch_est::puschRxChEstDynDescr_t *)"
2788349290,5056,126902,137,2,1,24,2,1,44,0.001,0.001,,,,,NVIDIA A100-SXM4-40GB MIG 4g.20gb (0),1,,13,"void ch_est::chEstFilterNoDftSOfdmDispatchKernel<float, __half, float, (unsigned int)2>(ch_est::puschRxChEstStatDescr_t *, ch_est::puschRxChEstDynDescr_t *)"
2788359050,2496,126913,103,1,1,128,1,1,16,0.000,0.000,,,,,NVIDIA A100-SXM4-40GB MIG 4g.20gb (0),1,,13,cupy_copy__complex64_complex64
2788369194,12864,126923,1434,1,1,128,1,1,16,0.000,0.000,,,,,NVIDIA A100-SXM4-40GB MIG 4g.20gb (0),1,,13,cupy_copy__complex64_complex64
2788385738,2880,126930,103,1,1,128,1,1,16,0.000,0.000,,,,,NVIDIA A100-SXM4-40GB MIG 4g.20gb (0),1,,13,cupy_copy__complex64_complex64
2788394858,84383,126937,1,1,1,32,32,1,30,0.000,0.000,,,,,NVIDIA A100-SXM4-40GB MIG 4g.20gb (0),1,,13,"void convert_kernel<__half2, float2>(tensor_layout_any, T1 *, tensor_layout_any, const T2 *)"
2788509896,7808,126940,,,,,,,,,,0.094,11999.928,Pinned,Device,NVIDIA A100-SXM4-40GB MIG 4g.20gb (0),1,,13,[CUDA memcpy Host-to-Device]
2788523144,47903,126941,,,,,,,,,,35.810,747532.080,Device,,NVIDIA A100-SXM4-40GB MIG 4g.20gb (0),1,,13,[CUDA memset]
2788575495,3552,126943,,,,,,,,,,0.000,22.522,Pinned,Device,NVIDIA A100-SXM4-40GB MIG 4g.20gb (0),1,,13,[CUDA memcpy Host-to-Device]
2788583271,12320,126944,,,,,,,,,,0.197,15958.278,Pinned,Device,NVIDIA A100-SXM4-40GB MIG 4g.20gb (0),1,,13,[CUDA memcpy Host-to-Device]
2788605063,12288,126945,273,1,1,48,1,1,40,0.000,0.001,,,,,NVIDIA A100-SXM4-40GB MIG 4g.20gb (0),1,,13,"void pusch_noise_intf_est::noiseIntfEstNoDftSOfdmKernel<float, __half, float, float, (unsigned int)2, (unsigned int)1, (unsigned char)4, (unsigned char)4>(pusch_noise_intf_est::puschRxNoiseIntfEstDynDescr)"
2788622247,3360,126956,35,1,1,128,1,1,16,0.000,0.000,,,,,NVIDIA A100-SXM4-40GB MIG 4g.20gb (0),1,,13,cupy_copy__complex64_complex64
2788629991,1792,126965,1,1,1,1,1,1,18,0.000,0.000,,,,,NVIDIA A100-SXM4-40GB MIG 4g.20gb (0),1,,13,cupy_copy__float32_float32
2788662630,1632,126971,,,,,,,,,,0.000,2.451,Device,Pageable,NVIDIA A100-SXM4-40GB MIG 4g.20gb (0),1,,7,[CUDA memcpy Device-to-Host]
2788725637,13056,126982,1434,1,1,128,1,1,16,0.000,0.000,,,,,NVIDIA A100-SXM4-40GB MIG 4g.20gb (0),1,,13,cupy_copy__complex64_complex64
2788748965,3424,126989,103,1,1,128,1,1,16,0.000,0.000,,,,,NVIDIA A100-SXM4-40GB MIG 4g.20gb (0),1,,13,cupy_copy__complex64_complex64
2788769765,2304,126996,35,1,1,128,1,1,16,0.000,0.000,,,,,NVIDIA A100-SXM4-40GB MIG 4g.20gb (0),1,,13,cupy_copy__complex64_complex64
2788787845,1792,127003,1,1,1,1,1,1,18,0.000,0.000,,,,,NVIDIA A100-SXM4-40GB MIG 4g.20gb (0),1,,13,cupy_copy__float32_float32
2788919747,83295,127014,1,1,1,32,32,1,30,0.000,0.000,,,,,NVIDIA A100-SXM4-40GB MIG 4g.20gb (0),1,,13,"void convert_kernel<__half2, float2>(tensor_layout_any, T1 *, tensor_layout_any, const T2 *)"
2789029794,5632,127017,,,,,,,,,,0.094,16636.287,Pinned,Device,NVIDIA A100-SXM4-40GB MIG 4g.20gb (0),1,,13,[CUDA memcpy Host-to-Device]
2789044482,3135,127018,,,,,,,,,,1.547,493340.577,Device,,NVIDIA A100-SXM4-40GB MIG 4g.20gb (0),1,,13,[CUDA memset]
2789051073,3360,127023,,,,,,,,,,0.031,9314.284,Pinned,Device,NVIDIA A100-SXM4-40GB MIG 4g.20gb (0),1,,13,[CUDA memcpy Host-to-Device]
2789057025,9824,127024,,,,,,,,,,0.197,20012.925,Pinned,Device,NVIDIA A100-SXM4-40GB MIG 4g.20gb (0),1,,13,[CUDA memcpy Host-to-Device]
2789072865,8288,127025,273,1,1,8,4,1,39,0.002,0.000,,,,,NVIDIA A100-SXM4-40GB MIG 4g.20gb (0),1,,13,"void channel_eq::eqMmseCoefCompLowMimoKernel<float, float, float, (unsigned int)4, (unsigned int)1, (unsigned int)4>(const channel_eq::_puschRxChEqStatDescr *, channel_eq::_puschRxChEqCoefCompDynDescr)"
2789082273,7136,127026,273,1,1,12,11,1,51,0.002,0.000,,,,,NVIDIA A100-SXM4-40GB MIG 4g.20gb (0),1,,13,"void channel_eq::eqMmseSoftDemapKernel<float, __half, __half, float, (unsigned int)4, (unsigned short)16383>(channel_eq::_puschRxChEqStatDescr *, channel_eq::_puschRxChEqSoftDemapDynDescr)"
2789090497,283036,127027,1,1,1,32,32,1,30,0.000,0.000,,,,,NVIDIA A100-SXM4-40GB MIG 4g.20gb (0),1,,13,"void convert_kernel<float2, __half2>(tensor_layout_any, T1 *, tensor_layout_any, const T2 *)"
2789374621,10944,127039,2253,1,1,128,1,1,16,0.000,0.000,,,,,NVIDIA A100-SXM4-40GB MIG 4g.20gb (0),1,,13,cupy_copy__float16_float16
2789387773,3328,127048,282,1,1,128,1,1,16,0.000,0.000,,,,,NVIDIA A100-SXM4-40GB MIG 4g.20gb (0),1,,13,cupy_copy__complex64_complex64
2789395613,2112,127057,26,1,1,128,1,1,16,0.000,0.000,,,,,NVIDIA A100-SXM4-40GB MIG 4g.20gb (0),1,,13,cupy_copy__float32_float32
2789400989,3136,127066,103,1,1,128,1,1,16,0.000,0.000,,,,,NVIDIA A100-SXM4-40GB MIG 4g.20gb (0),1,,13,cupy_copy__complex64_complex64
2789405085,11840,127076,1434,1,1,128,1,1,16,0.000,0.000,,,,,NVIDIA A100-SXM4-40GB MIG 4g.20gb (0),1,,13,cupy_copy__complex64_complex64
2789423453,82719,127081,1,1,1,32,32,1,30,0.000,0.000,,,,,NVIDIA A100-SXM4-40GB MIG 4g.20gb (0),1,,13,"void convert_kernel<__half2, float2>(tensor_layout_any, T1 *, tensor_layout_any, const T2 *)"
2789533211,5952,127084,,,,,,,,,,0.094,15741.865,Pinned,Device,NVIDIA A100-SXM4-40GB MIG 4g.20gb (0),1,,13,[CUDA memcpy Host-to-Device]
2789543643,596793,127085,,,,,,,,,,456.561,764740.412,Device,,NVIDIA A100-SXM4-40GB MIG 4g.20gb (0),1,,13,[CUDA memset]
2790145524,161886,127090,,,,,,,,,,1.235,7628.249,Pinned,Device,NVIDIA A100-SXM4-40GB MIG 4g.20gb (0),1,,13,[CUDA memcpy Host-to-Device]
2790321010,40351,127091,,,,,,,,,,0.197,4872.339,Pinned,Device,NVIDIA A100-SXM4-40GB MIG 4g.20gb (0),1,,13,[CUDA memcpy Host-to-Device]
2790378801,7744,127092,69,4,1,48,1,1,76,0.002,0.000,,,,,NVIDIA A100-SXM4-40GB MIG 4g.20gb (0),1,,13,"void ch_est::windowedChEstPreNoDftSOfdmKernel<float, __half, float, (unsigned int)2, (unsigned int)1, (unsigned short)4>(ch_est::puschRxChEstStatDescr_t *, ch_est::puschRxChEstDynDescr_t *)"
2790397169,6880,127093,137,2,1,24,2,1,44,0.001,0.001,,,,,NVIDIA A100-SXM4-40GB MIG 4g.20gb (0),1,,13,"void ch_est::chEstFilterNoDftSOfdmDispatchKernel<float, __half, float, (unsigned int)2>(ch_est::puschRxChEstStatDescr_t *, ch_est::puschRxChEstDynDescr_t *)"
2790414097,4800,127094,137,2,1,24,2,1,44,0.001,0.001,,,,,NVIDIA A100-SXM4-40GB MIG 4g.20gb (0),1,,13,"void ch_est::chEstFilterNoDftSOfdmDispatchKernel<float, __half, float, (unsigned int)2>(ch_est::puschRxChEstStatDescr_t *, ch_est::puschRxChEstDynDescr_t *)"
2790430864,2688,127105,103,1,1,128,1,1,16,0.000,0.000,,,,,NVIDIA A100-SXM4-40GB MIG 4g.20gb (0),1,,13,cupy_copy__complex64_complex64
2790447952,12416,127115,1434,1,1,128,1,1,16,0.000,0.000,,,,,NVIDIA A100-SXM4-40GB MIG 4g.20gb (0),1,,13,cupy_copy__complex64_complex64
2790468656,2912,127122,103,1,1,128,1,1,16,0.000,0.000,,,,,NVIDIA A100-SXM4-40GB MIG 4g.20gb (0),1,,13,cupy_copy__complex64_complex64
2790492880,87231,127129,1,1,1,32,32,1,30,0.000,0.000,,,,,NVIDIA A100-SXM4-40GB MIG 4g.20gb (0),1,,13,"void convert_kernel<__half2, float2>(tensor_layout_any, T1 *, tensor_layout_any, const T2 *)"
2790613486,15488,127132,,,,,,,,,,0.094,6049.576,Pinned,Device,NVIDIA A100-SXM4-40GB MIG 4g.20gb (0),1,,13,[CUDA memcpy Host-to-Device]
2790634734,46623,127133,,,,,,,,,,35.810,768051.164,Device,,NVIDIA A100-SXM4-40GB MIG 4g.20gb (0),1,,13,[CUDA memset]
2790688013,6176,127135,,,,,,,,,,0.000,12.953,Pinned,Device,NVIDIA A100-SXM4-40GB MIG 4g.20gb (0),1,,13,[CUDA memcpy Host-to-Device]
2790697325,19232,127136,,,,,,,,,,0.197,10222.830,Pinned,Device,NVIDIA A100-SXM4-40GB MIG 4g.20gb (0),1,,13,[CUDA memcpy Host-to-Device]
2790721741,9472,127137,273,1,1,48,1,1,40,0.000,0.001,,,,,NVIDIA A100-SXM4-40GB MIG 4g.20gb (0),1,,13,"void pusch_noise_intf_est::noiseIntfEstNoDftSOfdmKernel<float, __half, float, float, (unsigned int)2, (unsigned int)1, (unsigned char)4, (unsigned char)4>(pusch_noise_intf_est::puschRxNoiseIntfEstDynDescr)"
2790736877,3136,127148,35,1,1,128,1,1,16,0.000,0.000,,,,,NVIDIA A100-SXM4-40GB MIG 4g.20gb (0),1,,13,cupy_copy__complex64_complex64
2790744748,1888,127157,1,1,1,1,1,1,18,0.000,0.000,,,,,NVIDIA A100-SXM4-40GB MIG 4g.20gb (0),1,,13,cupy_copy__float32_float32
2790763148,5888,127163,,,,,,,,,,0.000,0.679,Device,Pageable,NVIDIA A100-SXM4-40GB MIG 4g.20gb (0),1,,7,[CUDA memcpy Device-to-Host]
2790837323,12704,127174,1434,1,1,128,1,1,16,0.000,0.000,,,,,NVIDIA A100-SXM4-40GB MIG 4g.20gb (0),1,,13,cupy_copy__complex64_complex64
2790877739,3456,127181,103,1,1,128,1,1,16,0.000,0.000,,,,,NVIDIA A100-SXM4-40GB MIG 4g.20gb (0),1,,13,cupy_copy__complex64_complex64
2790898091,2560,127188,35,1,1,128,1,1,16,0.000,0.000,,,,,NVIDIA A100-SXM4-40GB MIG 4g.20gb (0),1,,13,cupy_copy__complex64_complex64
2790915306,1952,127195,1,1,1,1,1,1,18,0.000,0.000,,,,,NVIDIA A100-SXM4-40GB MIG 4g.20gb (0),1,,13,cupy_copy__float32_float32
2791041641,87711,127206,1,1,1,32,32,1,30,0.000,0.000,,,,,NVIDIA A100-SXM4-40GB MIG 4g.20gb (0),1,,13,"void convert_kernel<__half2, float2>(tensor_layout_any, T1 *, tensor_layout_any, const T2 *)"
2791156711,6016,127209,,,,,,,,,,0.094,15574.430,Pinned,Device,NVIDIA A100-SXM4-40GB MIG 4g.20gb (0),1,,13,[CUDA memcpy Host-to-Device]
2791172167,3488,127210,,,,,,,,,,1.547,443412.461,Device,,NVIDIA A100-SXM4-40GB MIG 4g.20gb (0),1,,13,[CUDA memset]
2791178183,3360,127215,,,,,,,,,,0.031,9314.284,Pinned,Device,NVIDIA A100-SXM4-40GB MIG 4g.20gb (0),1,,13,[CUDA memcpy Host-to-Device]
2791184103,9440,127216,,,,,,,,,,0.197,20827.079,Pinned,Device,NVIDIA A100-SXM4-40GB MIG 4g.20gb (0),1,,13,[CUDA memcpy Host-to-Device]
2791197671,6400,127217,273,1,1,8,4,1,39,0.002,0.000,,,,,NVIDIA A100-SXM4-40GB MIG 4g.20gb (0),1,,13,"void channel_eq::eqMmseCoefCompLowMimoKernel<float, float, float, (unsigned int)4, (unsigned int)1, (unsigned int)4>(const channel_eq::_puschRxChEqStatDescr *, channel_eq::_puschRxChEqCoefCompDynDescr)"
2791205191,5568,127218,273,1,1,12,11,1,51,0.002,0.000,,,,,NVIDIA A100-SXM4-40GB MIG 4g.20gb (0),1,,13,"void channel_eq::eqMmseSoftDemapKernel<float, __half, __half, float, (unsigned int)4, (unsigned short)16383>(channel_eq::_puschRxChEqStatDescr *, channel_eq::_puschRxChEqSoftDemapDynDescr)"
2791211719,282172,127219,1,1,1,32,32,1,30,0.000,0.000,,,,,NVIDIA A100-SXM4-40GB MIG 4g.20gb (0),1,,13,"void convert_kernel<float2, __half2>(tensor_layout_any, T1 *, tensor_layout_any, const T2 *)"
2791495011,10784,127231,2253,1,1,128,1,1,16,0.000,0.000,,,,,NVIDIA A100-SXM4-40GB MIG 4g.20gb (0),1,,13,cupy_copy__float16_float16
2791507011,3168,127240,282,1,1,128,1,1,16,0.000,0.000,,,,,NVIDIA A100-SXM4-40GB MIG 4g.20gb (0),1,,13,cupy_copy__complex64_complex64
2791511203,2144,127249,26,1,1,128,1,1,16,0.000,0.000,,,,,NVIDIA A100-SXM4-40GB MIG 4g.20gb (0),1,,13,cupy_copy__float32_float32
2791514947,3072,127258,103,1,1,128,1,1,16,0.000,0.000,,,,,NVIDIA A100-SXM4-40GB MIG 4g.20gb (0),1,,13,cupy_copy__complex64_complex64
2791519139,11904,127268,1434,1,1,128,1,1,16,0.000,0.000,,,,,NVIDIA A100-SXM4-40GB MIG 4g.20gb (0),1,,13,cupy_copy__complex64_complex64
2791545923,81951,127273,1,1,1,32,32,1,30,0.000,0.000,,,,,NVIDIA A100-SXM4-40GB MIG 4g.20gb (0),1,,13,"void convert_kernel<__half2, float2>(tensor_layout_any, T1 *, tensor_layout_any, const T2 *)"
2791655521,5824,127276,,,,,,,,,,0.094,16087.884,Pinned,Device,NVIDIA A100-SXM4-40GB MIG 4g.20gb (0),1,,13,[CUDA memcpy Host-to-Device]
2791665409,597849,127277,,,,,,,,,,456.561,763370.728,Device,,NVIDIA A100-SXM4-40GB MIG 4g.20gb (0),1,,13,[CUDA memset]
2792268506,121662,127282,,,,,,,,,,1.235,10150.005,Pinned,Device,NVIDIA A100-SXM4-40GB MIG 4g.20gb (0),1,,13,[CUDA memcpy Host-to-Device]
2792396760,32832,127283,,,,,,,,,,0.197,5988.286,Pinned,Device,NVIDIA A100-SXM4-40GB MIG 4g.20gb (0),1,,13,[CUDA memcpy Host-to-Device]
2792451127,8192,127284,69,4,1,48,1,1,76,0.002,0.000,,,,,NVIDIA A100-SXM4-40GB MIG 4g.20gb (0),1,,13,"void ch_est::windowedChEstPreNoDftSOfdmKernel<float, __half, float, (unsigned int)2, (unsigned int)1, (unsigned short)4>(ch_est::puschRxChEstStatDescr_t *, ch_est::puschRxChEstDynDescr_t *)"
2792466615,6720,127285,137,2,1,24,2,1,44,0.001,0.001,,,,,NVIDIA A100-SXM4-40GB MIG 4g.20gb (0),1,,13,"void ch_est::chEstFilterNoDftSOfdmDispatchKernel<float, __half, float, (unsigned int)2>(ch_est::puschRxChEstStatDescr_t *, ch_est::puschRxChEstDynDescr_t *)"
2792481719,4704,127286,137,2,1,24,2,1,44,0.001,0.001,,,,,NVIDIA A100-SXM4-40GB MIG 4g.20gb (0),1,,13,"void ch_est::chEstFilterNoDftSOfdmDispatchKernel<float, __half, float, (unsigned int)2>(ch_est::puschRxChEstStatDescr_t *, ch_est::puschRxChEstDynDescr_t *)"
2792495383,2656,127297,103,1,1,128,1,1,16,0.000,0.000,,,,,NVIDIA A100-SXM4-40GB MIG 4g.20gb (0),1,,13,cupy_copy__complex64_complex64
2792509047,12352,127307,1434,1,1,128,1,1,16,0.000,0.000,,,,,NVIDIA A100-SXM4-40GB MIG 4g.20gb (0),1,,13,cupy_copy__complex64_complex64
2792544566,2496,127314,103,1,1,128,1,1,16,0.000,0.000,,,,,NVIDIA A100-SXM4-40GB MIG 4g.20gb (0),1,,13,cupy_copy__complex64_complex64
2792564278,80895,127321,1,1,1,32,32,1,30,0.000,0.000,,,,,NVIDIA A100-SXM4-40GB MIG 4g.20gb (0),1,,13,"void convert_kernel<__half2, float2>(tensor_layout_any, T1 *, tensor_layout_any, const T2 *)"
2792676021,31135,127324,,,,,,,,,,0.094,3009.328,Pinned,Device,NVIDIA A100-SXM4-40GB MIG 4g.20gb (0),1,,13,[CUDA memcpy Host-to-Device]
2792732692,48063,127325,,,,,,,,,,35.810,745061.196,Device,,NVIDIA A100-SXM4-40GB MIG 4g.20gb (0),1,,13,[CUDA memset]
2792785843,19328,127327,,,,,,,,,,0.000,4.139,Pinned,Device,NVIDIA A100-SXM4-40GB MIG 4g.20gb (0),1,,13,[CUDA memcpy Host-to-Device]
2792811667,35040,127328,,,,,,,,,,0.197,5610.799,Pinned,Device,NVIDIA A100-SXM4-40GB MIG 4g.20gb (0),1,,13,[CUDA memcpy Host-to-Device]
2792871570,9504,127329,273,1,1,48,1,1,40,0.000,0.001,,,,,NVIDIA A100-SXM4-40GB MIG 4g.20gb (0),1,,13,"void pusch_noise_intf_est::noiseIntfEstNoDftSOfdmKernel<float, __half, float, float, (unsigned int)2, (unsigned int)1, (unsigned char)4, (unsigned char)4>(pusch_noise_intf_est::puschRxNoiseIntfEstDynDescr)"
2792888562,2784,127340,35,1,1,128,1,1,16,0.000,0.000,,,,,NVIDIA A100-SXM4-40GB MIG 4g.20gb (0),1,,13,cupy_copy__complex64_complex64
2792905234,1696,127349,1,1,1,1,1,1,18,0.000,0.000,,,,,NVIDIA A100-SXM4-40GB MIG 4g.20gb (0),1,,13,cupy_copy__float32_float32
2792914866,6624,127355,,,,,,,,,,0.000,0.604,Device,Pageable,NVIDIA A100-SXM4-40GB MIG 4g.20gb (0),1,,7,[CUDA memcpy Device-to-Host]
2793012464,13056,127366,1434,1,1,128,1,1,16,0.000,0.000,,,,,NVIDIA A100-SXM4-40GB MIG 4g.20gb (0),1,,13,cupy_copy__complex64_complex64
2793032528,3456,127373,103,1,1,128,1,1,16,0.000,0.000,,,,,NVIDIA A100-SXM4-40GB MIG 4g.20gb (0),1,,13,cupy_copy__complex64_complex64
2793049456,2560,127380,35,1,1,128,1,1,16,0.000,0.000,,,,,NVIDIA A100-SXM4-40GB MIG 4g.20gb (0),1,,13,cupy_copy__complex64_complex64
2793063472,1984,127387,1,1,1,1,1,1,18,0.000,0.000,,,,,NVIDIA A100-SXM4-40GB MIG 4g.20gb (0),1,,13,cupy_copy__float32_float32
2793193806,86335,127398,1,1,1,32,32,1,30,0.000,0.000,,,,,NVIDIA A100-SXM4-40GB MIG 4g.20gb (0),1,,13,"void convert_kernel<__half2, float2>(tensor_layout_any, T1 *, tensor_layout_any, const T2 *)"
2793310445,13824,127401,,,,,,,,,,0.094,6777.688,Pinned,Device,NVIDIA A100-SXM4-40GB MIG 4g.20gb (0),1,,13,[CUDA memcpy Host-to-Device]
2793333196,3456,127402,,,,,,,,,,1.547,447517.201,Device,,NVIDIA A100-SXM4-40GB MIG 4g.20gb (0),1,,13,[CUDA memset]
2793339820,7584,127407,,,,,,,,,,0.031,4126.565,Pinned,Device,NVIDIA A100-SXM4-40GB MIG 4g.20gb (0),1,,13,[CUDA memcpy Host-to-Device]
2793350508,15168,127408,,,,,,,,,,0.197,12961.972,Pinned,Device,NVIDIA A100-SXM4-40GB MIG 4g.20gb (0),1,,13,[CUDA memcpy Host-to-Device]
2793374380,8320,127409,273,1,1,8,4,1,39,0.002,0.000,,,,,NVIDIA A100-SXM4-40GB MIG 4g.20gb (0),1,,13,"void channel_eq::eqMmseCoefCompLowMimoKernel<float, float, float, (unsigned int)4, (unsigned int)1, (unsigned int)4>(const channel_eq::_puschRxChEqStatDescr *, channel_eq::_puschRxChEqCoefCompDynDescr)"
2793385708,5888,127410,273,1,1,12,11,1,51,0.002,0.000,,,,,NVIDIA A100-SXM4-40GB MIG 4g.20gb (0),1,,13,"void channel_eq::eqMmseSoftDemapKernel<float, __half, __half, float, (unsigned int)4, (unsigned short)16383>(channel_eq::_puschRxChEqStatDescr *, channel_eq::_puschRxChEqSoftDemapDynDescr)"
2793395404,290044,127411,1,1,1,32,32,1,30,0.000,0.000,,,,,NVIDIA A100-SXM4-40GB MIG 4g.20gb (0),1,,13,"void convert_kernel<float2, __half2>(tensor_layout_any, T1 *, tensor_layout_any, const T2 *)"
2793686472,11040,127423,2253,1,1,128,1,1,16,0.000,0.000,,,,,NVIDIA A100-SXM4-40GB MIG 4g.20gb (0),1,,13,cupy_copy__float16_float16
2793702824,2656,127432,282,1,1,128,1,1,16,0.000,0.000,,,,,NVIDIA A100-SXM4-40GB MIG 4g.20gb (0),1,,13,cupy_copy__complex64_complex64
2793707240,2304,127441,26,1,1,128,1,1,16,0.000,0.000,,,,,NVIDIA A100-SXM4-40GB MIG 4g.20gb (0),1,,13,cupy_copy__float32_float32
2793710664,2944,127450,103,1,1,128,1,1,16,0.000,0.000,,,,,NVIDIA A100-SXM4-40GB MIG 4g.20gb (0),1,,13,cupy_copy__complex64_complex64
2793716200,12128,127460,1434,1,1,128,1,1,16,0.000,0.000,,,,,NVIDIA A100-SXM4-40GB MIG 4g.20gb (0),1,,13,cupy_copy__complex64_complex64
2793729928,87967,127465,1,1,1,32,32,1,30,0.000,0.000,,,,,NVIDIA A100-SXM4-40GB MIG 4g.20gb (0),1,,13,"void convert_kernel<__half2, float2>(tensor_layout_any, T1 *, tensor_layout_any, const T2 *)"
2793845446,6176,127468,,,,,,,,,,0.094,15170.975,Pinned,Device,NVIDIA A100-SXM4-40GB MIG 4g.20gb (0),1,,13,[CUDA memcpy Host-to-Device]
2793855398,600153,127469,,,,,,,,,,456.561,760631.359,Device,,NVIDIA A100-SXM4-40GB MIG 4g.20gb (0),1,,13,[CUDA memset]
2794459359,86047,127474,,,,,,,,,,1.235,14351.284,Pinned,Device,NVIDIA A100-SXM4-40GB MIG 4g.20gb (0),1,,13,[CUDA memcpy Host-to-Device]
2794552573,16864,127475,,,,,,,,,,0.197,11658.265,Pinned,Device,NVIDIA A100-SXM4-40GB MIG 4g.20gb (0),1,,13,[CUDA memcpy Host-to-Device]
2794579389,8320,127476,69,4,1,48,1,1,76,0.002,0.000,,,,,NVIDIA A100-SXM4-40GB MIG 4g.20gb (0),1,,13,"void ch_est::windowedChEstPreNoDftSOfdmKernel<float, __half, float, (unsigned int)2, (unsigned int)1, (unsigned short)4>(ch_est::puschRxChEstStatDescr_t *, ch_est::puschRxChEstDynDescr_t *)"
2794595229,7424,127477,137,2,1,24,2,1,44,0.001,0.001,,,,,NVIDIA A100-SXM4-40GB MIG 4g.20gb (0),1,,13,"void ch_est::chEstFilterNoDftSOfdmDispatchKernel<float, __half, float, (unsigned int)2>(ch_est::puschRxChEstStatDescr_t *, ch_est::puschRxChEstDynDescr_t *)"
2794609885,6304,127478,137,2,1,24,2,1,44,0.001,0.001,,,,,NVIDIA A100-SXM4-40GB MIG 4g.20gb (0),1,,13,"void ch_est::chEstFilterNoDftSOfdmDispatchKernel<float, __half, float, (unsigned int)2>(ch_est::puschRxChEstStatDescr_t *, ch_est::puschRxChEstDynDescr_t *)"
2794618237,3168,127489,103,1,1,128,1,1,16,0.000,0.000,,,,,NVIDIA A100-SXM4-40GB MIG 4g.20gb (0),1,,13,cupy_copy__complex64_complex64
2794625917,12575,127499,1434,1,1,128,1,1,16,0.000,0.000,,,,,NVIDIA A100-SXM4-40GB MIG 4g.20gb (0),1,,13,cupy_copy__complex64_complex64
2794640988,2752,127506,103,1,1,128,1,1,16,0.000,0.000,,,,,NVIDIA A100-SXM4-40GB MIG 4g.20gb (0),1,,13,cupy_copy__complex64_complex64
2794649564,91583,127513,1,1,1,32,32,1,30,0.000,0.000,,,,,NVIDIA A100-SXM4-40GB MIG 4g.20gb (0),1,,13,"void convert_kernel<__half2, float2>(tensor_layout_any, T1 *, tensor_layout_any, const T2 *)"
2794768987,5664,127516,,,,,,,,,,0.094,16542.310,Pinned,Device,NVIDIA A100-SXM4-40GB MIG 4g.20gb (0),1,,13,[CUDA memcpy Host-to-Device]
2794781211,46271,127517,,,,,,,,,,35.810,773888.181,Device,,NVIDIA A100-SXM4-40GB MIG 4g.20gb (0),1,,13,[CUDA memset]
2794829306,4064,127519,,,,,,,,,,0.000,19.685,Pinned,Device,NVIDIA A100-SXM4-40GB MIG 4g.20gb (0),1,,13,[CUDA memcpy Host-to-Device]
2794837786,12480,127520,,,,,,,,,,0.197,15753.806,Pinned,Device,NVIDIA A100-SXM4-40GB MIG 4g.20gb (0),1,,13,[CUDA memcpy Host-to-Device]
2794858586,10304,127521,273,1,1,48,1,1,40,0.000,0.001,,,,,NVIDIA A100-SXM4-40GB MIG 4g.20gb (0),1,,13,"void pusch_noise_intf_est::noiseIntfEstNoDftSOfdmKernel<float, __half, float, float, (unsigned int)2, (unsigned int)1, (unsigned char)4, (unsigned char)4>(pusch_noise_intf_est::puschRxNoiseIntfEstDynDescr)"
2794873241,3040,127532,35,1,1,128,1,1,16,0.000,0.000,,,,,NVIDIA A100-SXM4-40GB MIG 4g.20gb (0),1,,13,cupy_copy__complex64_complex64
2794901145,1920,127541,1,1,1,1,1,1,18,0.000,0.000,,,,,NVIDIA A100-SXM4-40GB MIG 4g.20gb (0),1,,13,cupy_copy__float32_float32
2794934393,1600,127547,,,,,,,,,,0.000,2.500,Device,Pageable,NVIDIA A100-SXM4-40GB MIG 4g.20gb (0),1,,7,[CUDA memcpy Device-to-Host]
2794993272,12640,127558,1434,1,1,128,1,1,16,0.000,0.000,,,,,NVIDIA A100-SXM4-40GB MIG 4g.20gb (0),1,,13,cupy_copy__complex64_complex64
2795019352,2752,127565,103,1,1,128,1,1,16,0.000,0.000,,,,,NVIDIA A100-SXM4-40GB MIG 4g.20gb (0),1,,13,cupy_copy__complex64_complex64
2795040247,2592,127572,35,1,1,128,1,1,16,0.000,0.000,,,,,NVIDIA A100-SXM4-40GB MIG 4g.20gb (0),1,,13,cupy_copy__complex64_complex64
2795061143,1792,127579,1,1,1,1,1,1,18,0.000,0.000,,,,,NVIDIA A100-SXM4-40GB MIG 4g.20gb (0),1,,13,cupy_copy__float32_float32
2795190230,86846,127590,1,1,1,32,32,1,30,0.000,0.000,,,,,NVIDIA A100-SXM4-40GB MIG 4g.20gb (0),1,,13,"void convert_kernel<__half2, float2>(tensor_layout_any, T1 *, tensor_layout_any, const T2 *)"
2795304372,5920,127593,,,,,,,,,,0.094,15826.941,Pinned,Device,NVIDIA A100-SXM4-40GB MIG 4g.20gb (0),1,,13,[CUDA memcpy Host-to-Device]
2795320692,3200,127594,,,,,,,,,,1.547,483320.000,Device,,NVIDIA A100-SXM4-40GB MIG 4g.20gb (0),1,,13,[CUDA memset]
2795325780,3072,127599,,,,,,,,,,0.031,10187.474,Pinned,Device,NVIDIA A100-SXM4-40GB MIG 4g.20gb (0),1,,13,[CUDA memcpy Host-to-Device]
2795331380,9696,127600,,,,,,,,,,0.197,20277.166,Pinned,Device,NVIDIA A100-SXM4-40GB MIG 4g.20gb (0),1,,13,[CUDA memcpy Host-to-Device]
2795347284,6624,127601,273,1,1,8,4,1,39,0.002,0.000,,,,,NVIDIA A100-SXM4-40GB MIG 4g.20gb (0),1,,13,"void channel_eq::eqMmseCoefCompLowMimoKernel<float, float, float, (unsigned int)4, (unsigned int)1, (unsigned int)4>(const channel_eq::_puschRxChEqStatDescr *, channel_eq::_puschRxChEqCoefCompDynDescr)"
2795354836,6367,127602,273,1,1,12,11,1,51,0.002,0.000,,,,,NVIDIA A100-SXM4-40GB MIG 4g.20gb (0),1,,13,"void channel_eq::eqMmseSoftDemapKernel<float, __half, __half, float, (unsigned int)4, (unsigned short)16383>(channel_eq::_puschRxChEqStatDescr *, channel_eq::_puschRxChEqSoftDemapDynDescr)"
2795362323,282717,127603,1,1,1,32,32,1,30,0.000,0.000,,,,,NVIDIA A100-SXM4-40GB MIG 4g.20gb (0),1,,13,"void convert_kernel<float2, __half2>(tensor_layout_any, T1 *, tensor_layout_any, const T2 *)"
2795646128,10976,127615,2253,1,1,128,1,1,16,0.000,0.000,,,,,NVIDIA A100-SXM4-40GB MIG 4g.20gb (0),1,,13,cupy_copy__float16_float16
2795658384,2976,127624,282,1,1,128,1,1,16,0.000,0.000,,,,,NVIDIA A100-SXM4-40GB MIG 4g.20gb (0),1,,13,cupy_copy__complex64_complex64
2795663312,2368,127633,26,1,1,128,1,1,16,0.000,0.000,,,,,NVIDIA A100-SXM4-40GB MIG 4g.20gb (0),1,,13,cupy_copy__float32_float32
2795667536,2944,127642,103,1,1,128,1,1,16,0.000,0.000,,,,,NVIDIA A100-SXM4-40GB MIG 4g.20gb (0),1,,13,cupy_copy__complex64_complex64
2795672688,12223,127652,1434,1,1,128,1,1,16,0.000,0.000,,,,,NVIDIA A100-SXM4-40GB MIG 4g.20gb (0),1,,13,cupy_copy__complex64_complex64
2795695983,87199,127657,1,1,1,32,32,1,30,0.000,0.000,,,,,NVIDIA A100-SXM4-40GB MIG 4g.20gb (0),1,,13,"void convert_kernel<__half2, float2>(tensor_layout_any, T1 *, tensor_layout_any, const T2 *)"
2795810030,5632,127660,,,,,,,,,,0.094,16636.287,Pinned,Device,NVIDIA A100-SXM4-40GB MIG 4g.20gb (0),1,,13,[CUDA memcpy Host-to-Device]
2795820078,598808,127661,,,,,,,,,,456.561,762001.043,Device,,NVIDIA A100-SXM4-40GB MIG 4g.20gb (0),1,,13,[CUDA memset]
2796420326,137855,127666,,,,,,,,,,1.235,8957.049,Pinned,Device,NVIDIA A100-SXM4-40GB MIG 4g.20gb (0),1,,13,[CUDA memcpy Host-to-Device]
2796571044,36416,127667,,,,,,,,,,0.197,5398.856,Pinned,Device,NVIDIA A100-SXM4-40GB MIG 4g.20gb (0),1,,13,[CUDA memcpy Host-to-Device]
2796622084,7872,127668,69,4,1,48,1,1,76,0.002,0.000,,,,,NVIDIA A100-SXM4-40GB MIG 4g.20gb (0),1,,13,"void ch_est::windowedChEstPreNoDftSOfdmKernel<float, __half, float, (unsigned int)2, (unsigned int)1, (unsigned short)4>(ch_est::puschRxChEstStatDescr_t *, ch_est::puschRxChEstDynDescr_t *)"
2796634372,6432,127669,137,2,1,24,2,1,44,0.001,0.001,,,,,NVIDIA A100-SXM4-40GB MIG 4g.20gb (0),1,,13,"void ch_est::chEstFilterNoDftSOfdmDispatchKernel<float, __half, float, (unsigned int)2>(ch_est::puschRxChEstStatDescr_t *, ch_est::puschRxChEstDynDescr_t *)"
2796646820,5215,127670,137,2,1,24,2,1,44,0.001,0.001,,,,,NVIDIA A100-SXM4-40GB MIG 4g.20gb (0),1,,13,"void ch_est::chEstFilterNoDftSOfdmDispatchKernel<float, __half, float, (unsigned int)2>(ch_est::puschRxChEstStatDescr_t *, ch_est::puschRxChEstDynDescr_t *)"
2796655267,2496,127681,103,1,1,128,1,1,16,0.000,0.000,,,,,NVIDIA A100-SXM4-40GB MIG 4g.20gb (0),1,,13,cupy_copy__complex64_complex64
2796668067,12544,127691,1434,1,1,128,1,1,16,0.000,0.000,,,,,NVIDIA A100-SXM4-40GB MIG 4g.20gb (0),1,,13,cupy_copy__complex64_complex64
2796683683,2816,127698,103,1,1,128,1,1,16,0.000,0.000,,,,,NVIDIA A100-SXM4-40GB MIG 4g.20gb (0),1,,13,cupy_copy__complex64_complex64
2796691843,87999,127705,1,1,1,32,32,1,30,0.000,0.000,,,,,NVIDIA A100-SXM4-40GB MIG 4g.20gb (0),1,,13,"void convert_kernel<__half2, float2>(tensor_layout_any, T1 *, tensor_layout_any, const T2 *)"
2796811010,9151,127708,,,,,,,,,,0.094,10238.818,Pinned,Device,NVIDIA A100-SXM4-40GB MIG 4g.20gb (0),1,,13,[CUDA memcpy Host-to-Device]
2796832929,47680,127709,,,,,,,,,,35.810,751041.452,Device,,NVIDIA A100-SXM4-40GB MIG 4g.20gb (0),1,,13,[CUDA memset]
2796888961,2976,127711,,,,,,,,,,0.000,26.882,Pinned,Device,NVIDIA A100-SXM4-40GB MIG 4g.20gb (0),1,,13,[CUDA memcpy Host-to-Device]
2796900480,17888,127712,,,,,,,,,,0.197,10990.977,Pinned,Device,NVIDIA A100-SXM4-40GB MIG 4g.20gb (0),1,,13,[CUDA memcpy Host-to-Device]
2796932896,9984,127713,273,1,1,48,1,1,40,0.000,0.001,,,,,NVIDIA A100-SXM4-40GB MIG 4g.20gb (0),1,,13,"void pusch_noise_intf_est::noiseIntfEstNoDftSOfdmKernel<float, __half, float, float, (unsigned int)2, (unsigned int)1, (unsigned char)4, (unsigned char)4>(pusch_noise_intf_est::puschRxNoiseIntfEstDynDescr)"
2796953312,2752,127724,35,1,1,128,1,1,16,0.000,0.000,,,,,NVIDIA A100-SXM4-40GB MIG 4g.20gb (0),1,,13,cupy_copy__complex64_complex64
2796963808,1792,127733,1,1,1,1,1,1,18,0.000,0.000,,,,,NVIDIA A100-SXM4-40GB MIG 4g.20gb (0),1,,13,cupy_copy__float32_float32
2796971904,5983,127739,,,,,,,,,,0.000,0.669,Device,Pageable,NVIDIA A100-SXM4-40GB MIG 4g.20gb (0),1,,7,[CUDA memcpy Device-to-Host]
2797042719,12767,127750,1434,1,1,128,1,1,16,0.000,0.000,,,,,NVIDIA A100-SXM4-40GB MIG 4g.20gb (0),1,,13,cupy_copy__complex64_complex64
2797072862,3456,127757,103,1,1,128,1,1,16,0.000,0.000,,,,,NVIDIA A100-SXM4-40GB MIG 4g.20gb (0),1,,13,cupy_copy__complex64_complex64
2797089406,2752,127764,35,1,1,128,1,1,16,0.000,0.000,,,,,NVIDIA A100-SXM4-40GB MIG 4g.20gb (0),1,,13,cupy_copy__complex64_complex64
2797107710,1760,127771,1,1,1,1,1,1,18,0.000,0.000,,,,,NVIDIA A100-SXM4-40GB MIG 4g.20gb (0),1,,13,cupy_copy__float32_float32
2797239484,82015,127782,1,1,1,32,32,1,30,0.000,0.000,,,,,NVIDIA A100-SXM4-40GB MIG 4g.20gb (0),1,,13,"void convert_kernel<__half2, float2>(tensor_layout_any, T1 *, tensor_layout_any, const T2 *)"
2797348571,5376,127785,,,,,,,,,,0.094,17428.487,Pinned,Device,NVIDIA A100-SXM4-40GB MIG 4g.20gb (0),1,,13,[CUDA memcpy Host-to-Device]
2797364955,3200,127786,,,,,,,,,,1.547,483320.000,Device,,NVIDIA A100-SXM4-40GB MIG 4g.20gb (0),1,,13,[CUDA memset]
2797369691,3616,127791,,,,,,,,,,0.031,8654.846,Pinned,Device,NVIDIA A100-SXM4-40GB MIG 4g.20gb (0),1,,13,[CUDA memcpy Host-to-Device]
2797375387,10431,127792,,,,,,,,,,0.197,18848.416,Pinned,Device,NVIDIA A100-SXM4-40GB MIG 4g.20gb (0),1,,13,[CUDA memcpy Host-to-Device]
2797390490,6240,127793,273,1,1,8,4,1,39,0.002,0.000,,,,,NVIDIA A100-SXM4-40GB MIG 4g.20gb (0),1,,13,"void channel_eq::eqMmseCoefCompLowMimoKernel<float, float, float, (unsigned int)4, (unsigned int)1, (unsigned int)4>(const channel_eq::_puschRxChEqStatDescr *, channel_eq::_puschRxChEqCoefCompDynDescr)"
2797399066,5888,127794,273,1,1,12,11,1,51,0.002,0.000,,,,,NVIDIA A100-SXM4-40GB MIG 4g.20gb (0),1,,13,"void channel_eq::eqMmseSoftDemapKernel<float, __half, __half, float, (unsigned int)4, (unsigned short)16383>(channel_eq::_puschRxChEqStatDescr *, channel_eq::_puschRxChEqSoftDemapDynDescr)"
2797406010,282621,127795,1,1,1,32,32,1,30,0.000,0.000,,,,,NVIDIA A100-SXM4-40GB MIG 4g.20gb (0),1,,13,"void convert_kernel<float2, __half2>(tensor_layout_any, T1 *, tensor_layout_any, const T2 *)"
2797690743,11071,127807,2253,1,1,128,1,1,16,0.000,0.000,,,,,NVIDIA A100-SXM4-40GB MIG 4g.20gb (0),1,,13,cupy_copy__float16_float16
2797703446,3200,127816,282,1,1,128,1,1,16,0.000,0.000,,,,,NVIDIA A100-SXM4-40GB MIG 4g.20gb (0),1,,13,cupy_copy__complex64_complex64
2797709718,2080,127825,26,1,1,128,1,1,16,0.000,0.000,,,,,NVIDIA A100-SXM4-40GB MIG 4g.20gb (0),1,,13,cupy_copy__float32_float32
2797713686,2880,127834,103,1,1,128,1,1,16,0.000,0.000,,,,,NVIDIA A100-SXM4-40GB MIG 4g.20gb (0),1,,13,cupy_copy__complex64_complex64
2797717654,11936,127844,1434,1,1,128,1,1,16,0.000,0.000,,,,,NVIDIA A100-SXM4-40GB MIG 4g.20gb (0),1,,13,cupy_copy__complex64_complex64
2797740726,82559,127849,1,1,1,32,32,1,30,0.000,0.000,,,,,NVIDIA A100-SXM4-40GB MIG 4g.20gb (0),1,,13,"void convert_kernel<__half2, float2>(tensor_layout_any, T1 *, tensor_layout_any, const T2 *)"
2797849589,5344,127852,,,,,,,,,,0.094,17532.864,Pinned,Device,NVIDIA A100-SXM4-40GB MIG 4g.20gb (0),1,,13,[CUDA memcpy Host-to-Device]
2797860085,596856,127853,,,,,,,,,,456.561,764740.412,Device,,NVIDIA A100-SXM4-40GB MIG 4g.20gb (0),1,,13,[CUDA memset]
2798458189,159102,127858,,,,,,,,,,1.235,7761.623,Pinned,Device,NVIDIA A100-SXM4-40GB MIG 4g.20gb (0),1,,13,[CUDA memcpy Host-to-Device]
2798629771,41216,127859,,,,,,,,,,0.197,4770.103,Pinned,Device,NVIDIA A100-SXM4-40GB MIG 4g.20gb (0),1,,13,[CUDA memcpy Host-to-Device]
2798688938,8096,127860,69,4,1,48,1,1,76,0.002,0.000,,,,,NVIDIA A100-SXM4-40GB MIG 4g.20gb (0),1,,13,"void ch_est::windowedChEstPreNoDftSOfdmKernel<float, __half, float, (unsigned int)2, (unsigned int)1, (unsigned short)4>(ch_est::puschRxChEstStatDescr_t *, ch_est::puschRxChEstDynDescr_t *)"
2798708138,6816,127861,137,2,1,24,2,1,44,0.001,0.001,,,,,NVIDIA A100-SXM4-40GB MIG 4g.20gb (0),1,,13,"void ch_est::chEstFilterNoDftSOfdmDispatchKernel<float, __half, float, (unsigned int)2>(ch_est::puschRxChEstStatDescr_t *, ch_est::puschRxChEstDynDescr_t *)"
2798725066,4768,127862,137,2,1,24,2,1,44,0.001,0.001,,,,,NVIDIA A100-SXM4-40GB MIG 4g.20gb (0),1,,13,"void ch_est::chEstFilterNoDftSOfdmDispatchKernel<float, __half, float, (unsigned int)2>(ch_est::puschRxChEstStatDescr_t *, ch_est::puschRxChEstDynDescr_t *)"
2798742346,2592,127873,103,1,1,128,1,1,16,0.000,0.000,,,,,NVIDIA A100-SXM4-40GB MIG 4g.20gb (0),1,,13,cupy_copy__complex64_complex64
2798758825,12352,127883,1434,1,1,128,1,1,16,0.000,0.000,,,,,NVIDIA A100-SXM4-40GB MIG 4g.20gb (0),1,,13,cupy_copy__complex64_complex64
2798780457,2880,127890,103,1,1,128,1,1,16,0.000,0.000,,,,,NVIDIA A100-SXM4-40GB MIG 4g.20gb (0),1,,13,cupy_copy__complex64_complex64
2798804841,88383,127897,1,1,1,32,32,1,30,0.000,0.000,,,,,NVIDIA A100-SXM4-40GB MIG 4g.20gb (0),1,,13,"void convert_kernel<__half2, float2>(tensor_layout_any, T1 *, tensor_layout_any, const T2 *)"
2798924455,14816,127900,,,,,,,,,,0.094,6323.918,Pinned,Device,NVIDIA A100-SXM4-40GB MIG 4g.20gb (0),1,,13,[CUDA memcpy Host-to-Device]
2798952359,48351,127901,,,,,,,,,,35.810,740620.765,Device,,NVIDIA A100-SXM4-40GB MIG 4g.20gb (0),1,,13,[CUDA memset]
2799004518,4512,127903,,,,,,,,,,0.000,17.730,Pinned,Device,NVIDIA A100-SXM4-40GB MIG 4g.20gb (0),1,,13,[CUDA memcpy Host-to-Device]
2799015942,17216,127904,,,,,,,,,,0.197,11419.976,Pinned,Device,NVIDIA A100-SXM4-40GB MIG 4g.20gb (0),1,,13,[CUDA memcpy Host-to-Device]
2799039526,12928,127905,273,1,1,48,1,1,40,0.000,0.001,,,,,NVIDIA A100-SXM4-40GB MIG 4g.20gb (0),1,,13,"void pusch_noise_intf_est::noiseIntfEstNoDftSOfdmKernel<float, __half, float, float, (unsigned int)2, (unsigned int)1, (unsigned char)4, (unsigned char)4>(pusch_noise_intf_est::puschRxNoiseIntfEstDynDescr)"
2799055270,3328,127916,35,1,1,128,1,1,16,0.000,0.000,,,,,NVIDIA A100-SXM4-40GB MIG 4g.20gb (0),1,,13,cupy_copy__complex64_complex64
2799064870,2080,127925,1,1,1,1,1,1,18,0.000,0.000,,,,,NVIDIA A100-SXM4-40GB MIG 4g.20gb (0),1,,13,cupy_copy__float32_float32
2799077701,5824,127931,,,,,,,,,,0.000,0.687,Device,Pageable,NVIDIA A100-SXM4-40GB MIG 4g.20gb (0),1,,7,[CUDA memcpy Device-to-Host]
2799152453,12895,127942,1434,1,1,128,1,1,16,0.000,0.000,,,,,NVIDIA A100-SXM4-40GB MIG 4g.20gb (0),1,,13,cupy_copy__complex64_complex64
2799182692,3520,127949,103,1,1,128,1,1,16,0.000,0.000,,,,,NVIDIA A100-SXM4-40GB MIG 4g.20gb (0),1,,13,cupy_copy__complex64_complex64
2799207684,2528,127956,35,1,1,128,1,1,16,0.000,0.000,,,,,NVIDIA A100-SXM4-40GB MIG 4g.20gb (0),1,,13,cupy_copy__complex64_complex64
2799217924,2208,127963,1,1,1,1,1,1,18,0.000,0.000,,,,,NVIDIA A100-SXM4-40GB MIG 4g.20gb (0),1,,13,cupy_copy__float32_float32
2799348834,87935,127974,1,1,1,32,32,1,30,0.000,0.000,,,,,NVIDIA A100-SXM4-40GB MIG 4g.20gb (0),1,,13,"void convert_kernel<__half2, float2>(tensor_layout_any, T1 *, tensor_layout_any, const T2 *)"
2799463617,5632,127977,,,,,,,,,,0.094,16636.287,Pinned,Device,NVIDIA A100-SXM4-40GB MIG 4g.20gb (0),1,,13,[CUDA memcpy Host-to-Device]
2799479617,3359,127978,,,,,,,,,,1.547,460440.791,Device,,NVIDIA A100-SXM4-40GB MIG 4g.20gb (0),1,,13,[CUDA memset]
2799485216,3264,127983,,,,,,,,,,0.031,9588.218,Pinned,Device,NVIDIA A100-SXM4-40GB MIG 4g.20gb (0),1,,13,[CUDA memcpy Host-to-Device]
2799490880,10464,127984,,,,,,,,,,0.197,18788.844,Pinned,Device,NVIDIA A100-SXM4-40GB MIG 4g.20gb (0),1,,13,[CUDA memcpy Host-to-Device]
2799505792,6176,127985,273,1,1,8,4,1,39,0.002,0.000,,,,,NVIDIA A100-SXM4-40GB MIG 4g.20gb (0),1,,13,"void channel_eq::eqMmseCoefCompLowMimoKernel<float, float, float, (unsigned int)4, (unsigned int)1, (unsigned int)4>(const channel_eq::_puschRxChEqStatDescr *, channel_eq::_puschRxChEqCoefCompDynDescr)"
2799513184,6144,127986,273,1,1,12,11,1,51,0.002,0.000,,,,,NVIDIA A100-SXM4-40GB MIG 4g.20gb (0),1,,13,"void channel_eq::eqMmseSoftDemapKernel<float, __half, __half, float, (unsigned int)4, (unsigned short)16383>(channel_eq::_puschRxChEqStatDescr *, channel_eq::_puschRxChEqSoftDemapDynDescr)"
2799520384,282845,127987,1,1,1,32,32,1,30,0.000,0.000,,,,,NVIDIA A100-SXM4-40GB MIG 4g.20gb (0),1,,13,"void convert_kernel<float2, __half2>(tensor_layout_any, T1 *, tensor_layout_any, const T2 *)"
2799804572,10880,127999,2253,1,1,128,1,1,16,0.000,0.000,,,,,NVIDIA A100-SXM4-40GB MIG 4g.20gb (0),1,,13,cupy_copy__float16_float16
2799818812,3680,128008,282,1,1,128,1,1,16,0.000,0.000,,,,,NVIDIA A100-SXM4-40GB MIG 4g.20gb (0),1,,13,cupy_copy__complex64_complex64
2799824540,2304,128017,26,1,1,128,1,1,16,0.000,0.000,,,,,NVIDIA A100-SXM4-40GB MIG 4g.20gb (0),1,,13,cupy_copy__float32_float32
2799829980,3072,128026,103,1,1,128,1,1,16,0.000,0.000,,,,,NVIDIA A100-SXM4-40GB MIG 4g.20gb (0),1,,13,cupy_copy__complex64_complex64
2799835484,12032,128036,1434,1,1,128,1,1,16,0.000,0.000,,,,,NVIDIA A100-SXM4-40GB MIG 4g.20gb (0),1,,13,cupy_copy__complex64_complex64
2799854204,81855,128041,1,1,1,32,32,1,30,0.000,0.000,,,,,NVIDIA A100-SXM4-40GB MIG 4g.20gb (0),1,,13,"void convert_kernel<__half2, float2>(tensor_layout_any, T1 *, tensor_layout_any, const T2 *)"
2799963579,5407,128044,,,,,,,,,,0.094,17328.607,Pinned,Device,NVIDIA A100-SXM4-40GB MIG 4g.20gb (0),1,,13,[CUDA memcpy Host-to-Device]
2799973562,596857,128045,,,,,,,,,,456.561,764740.412,Device,,NVIDIA A100-SXM4-40GB MIG 4g.20gb (0),1,,13,[CUDA memset]
2800578099,149726,128050,,,,,,,,,,1.235,8246.956,Pinned,Device,NVIDIA A100-SXM4-40GB MIG 4g.20gb (0),1,,13,[CUDA memcpy Host-to-Device]
2800740497,40575,128051,,,,,,,,,,0.197,4845.404,Pinned,Device,NVIDIA A100-SXM4-40GB MIG 4g.20gb (0),1,,13,[CUDA memcpy Host-to-Device]
2800805008,8320,128052,69,4,1,48,1,1,76,0.002,0.000,,,,,NVIDIA A100-SXM4-40GB MIG 4g.20gb (0),1,,13,"void ch_est::windowedChEstPreNoDftSOfdmKernel<float, __half, float, (unsigned int)2, (unsigned int)1, (unsigned short)4>(ch_est::puschRxChEstStatDescr_t *, ch_est::puschRxChEstDynDescr_t *)"
2800821264,6688,128053,137,2,1,24,2,1,44,0.001,0.001,,,,,NVIDIA A100-SXM4-40GB MIG 4g.20gb (0),1,,13,"void ch_est::chEstFilterNoDftSOfdmDispatchKernel<float, __half, float, (unsigned int)2>(ch_est::puschRxChEstStatDescr_t *, ch_est::puschRxChEstDynDescr_t *)"
2800835824,5184,128054,137,2,1,24,2,1,44,0.001,0.001,,,,,NVIDIA A100-SXM4-40GB MIG 4g.20gb (0),1,,13,"void ch_est::chEstFilterNoDftSOfdmDispatchKernel<float, __half, float, (unsigned int)2>(ch_est::puschRxChEstStatDescr_t *, ch_est::puschRxChEstDynDescr_t *)"
2800850192,2624,128065,103,1,1,128,1,1,16,0.000,0.000,,,,,NVIDIA A100-SXM4-40GB MIG 4g.20gb (0),1,,13,cupy_copy__complex64_complex64
2800864175,12576,128075,1434,1,1,128,1,1,16,0.000,0.000,,,,,NVIDIA A100-SXM4-40GB MIG 4g.20gb (0),1,,13,cupy_copy__complex64_complex64
2800898639,2592,128082,103,1,1,128,1,1,16,0.000,0.000,,,,,NVIDIA A100-SXM4-40GB MIG 4g.20gb (0),1,,13,cupy_copy__complex64_complex64
2800915183,85151,128089,1,1,1,32,32,1,30,0.000,0.000,,,,,NVIDIA A100-SXM4-40GB MIG 4g.20gb (0),1,,13,"void convert_kernel<__half2, float2>(tensor_layout_any, T1 *, tensor_layout_any, const T2 *)"
2801033613,11904,128092,,,,,,,,,,0.094,7870.932,Pinned,Device,NVIDIA A100-SXM4-40GB MIG 4g.20gb (0),1,,13,[CUDA memcpy Host-to-Device]
2801066957,47423,128093,,,,,,,,,,35.810,755087.973,Device,,NVIDIA A100-SXM4-40GB MIG 4g.20gb (0),1,,13,[CUDA memset]
2801115148,9120,128095,,,,,,,,,,0.000,8.772,Pinned,Device,NVIDIA A100-SXM4-40GB MIG 4g.20gb (0),1,,13,[CUDA memcpy Host-to-Device]
2801135596,29952,128096,,,,,,,,,,0.197,6563.955,Pinned,Device,NVIDIA A100-SXM4-40GB MIG 4g.20gb (0),1,,13,[CUDA memcpy Host-to-Device]
2801188075,9792,128097,273,1,1,48,1,1,40,0.000,0.001,,,,,NVIDIA A100-SXM4-40GB MIG 4g.20gb (0),1,,13,"void pusch_noise_intf_est::noiseIntfEstNoDftSOfdmKernel<float, __half, float, float, (unsigned int)2, (unsigned int)1, (unsigned char)4, (unsigned char)4>(pusch_noise_intf_est::puschRxNoiseIntfEstDynDescr)"
2801204267,2880,128108,35,1,1,128,1,1,16,0.000,0.000,,,,,NVIDIA A100-SXM4-40GB MIG 4g.20gb (0),1,,13,cupy_copy__complex64_complex64
2801216651,1696,128117,1,1,1,1,1,1,18,0.000,0.000,,,,,NVIDIA A100-SXM4-40GB MIG 4g.20gb (0),1,,13,cupy_copy__float32_float32
2801222795,3904,128123,,,,,,,,,,0.000,1.025,Device,Pageable,NVIDIA A100-SXM4-40GB MIG 4g.20gb (0),1,,7,[CUDA memcpy Device-to-Host]
2801306410,12608,128134,1434,1,1,128,1,1,16,0.000,0.000,,,,,NVIDIA A100-SXM4-40GB MIG 4g.20gb (0),1,,13,cupy_copy__complex64_complex64
2801334474,6176,128141,103,1,1,128,1,1,16,0.000,0.000,,,,,NVIDIA A100-SXM4-40GB MIG 4g.20gb (0),1,,13,cupy_copy__complex64_complex64
2801351625,2560,128148,35,1,1,128,1,1,16,0.000,0.000,,,,,NVIDIA A100-SXM4-40GB MIG 4g.20gb (0),1,,13,cupy_copy__complex64_complex64
2801369929,1920,128155,1,1,1,1,1,1,18,0.000,0.000,,,,,NVIDIA A100-SXM4-40GB MIG 4g.20gb (0),1,,13,cupy_copy__float32_float32
2801503623,82495,128166,1,1,1,32,32,1,30,0.000,0.000,,,,,NVIDIA A100-SXM4-40GB MIG 4g.20gb (0),1,,13,"void convert_kernel<__half2, float2>(tensor_layout_any, T1 *, tensor_layout_any, const T2 *)"
2801614854,13152,128169,,,,,,,,,,0.094,7124.082,Pinned,Device,NVIDIA A100-SXM4-40GB MIG 4g.20gb (0),1,,13,[CUDA memcpy Host-to-Device]
2801636614,3424,128170,,,,,,,,,,1.547,451700.819,Device,,NVIDIA A100-SXM4-40GB MIG 4g.20gb (0),1,,13,[CUDA memset]
2801644358,5600,128175,,,,,,,,,,0.031,5588.558,Pinned,Device,NVIDIA A100-SXM4-40GB MIG 4g.20gb (0),1,,13,[CUDA memcpy Host-to-Device]
2801656326,13695,128176,,,,,,,,,,0.197,14356.120,Pinned,Device,NVIDIA A100-SXM4-40GB MIG 4g.20gb (0),1,,13,[CUDA memcpy Host-to-Device]
2801679045,6208,128177,273,1,1,8,4,1,39,0.002,0.000,,,,,NVIDIA A100-SXM4-40GB MIG 4g.20gb (0),1,,13,"void channel_eq::eqMmseCoefCompLowMimoKernel<float, float, float, (unsigned int)4, (unsigned int)1, (unsigned int)4>(const channel_eq::_puschRxChEqStatDescr *, channel_eq::_puschRxChEqCoefCompDynDescr)"
2801686725,5760,128178,273,1,1,12,11,1,51,0.002,0.000,,,,,NVIDIA A100-SXM4-40GB MIG 4g.20gb (0),1,,13,"void channel_eq::eqMmseSoftDemapKernel<float, __half, __half, float, (unsigned int)4, (unsigned short)16383>(channel_eq::_puschRxChEqStatDescr *, channel_eq::_puschRxChEqSoftDemapDynDescr)"
2801694469,282877,128179,1,1,1,32,32,1,30,0.000,0.000,,,,,NVIDIA A100-SXM4-40GB MIG 4g.20gb (0),1,,13,"void convert_kernel<float2, __half2>(tensor_layout_any, T1 *, tensor_layout_any, const T2 *)"
2801978434,10847,128191,2253,1,1,128,1,1,16,0.000,0.000,,,,,NVIDIA A100-SXM4-40GB MIG 4g.20gb (0),1,,13,cupy_copy__float16_float16
2801991905,3712,128200,282,1,1,128,1,1,16,0.000,0.000,,,,,NVIDIA A100-SXM4-40GB MIG 4g.20gb (0),1,,13,cupy_copy__complex64_complex64
2801996737,2432,128209,26,1,1,128,1,1,16,0.000,0.000,,,,,NVIDIA A100-SXM4-40GB MIG 4g.20gb (0),1,,13,cupy_copy__float32_float32
2802000417,3744,128218,103,1,1,128,1,1,16,0.000,0.000,,,,,NVIDIA A100-SXM4-40GB MIG 4g.20gb (0),1,,13,cupy_copy__complex64_complex64
2802005185,12896,128228,1434,1,1,128,1,1,16,0.000,0.000,,,,,NVIDIA A100-SXM4-40GB MIG 4g.20gb (0),1,,13,cupy_copy__complex64_complex64
2802020769,82175,128233,1,1,1,32,32,1,30,0.000,0.000,,,,,NVIDIA A100-SXM4-40GB MIG 4g.20gb (0),1,,13,"void convert_kernel<__half2, float2>(tensor_layout_any, T1 *, tensor_layout_any, const T2 *)"
2802129824,5568,128236,,,,,,,,,,0.094,16827.521,Pinned,Device,NVIDIA A100-SXM4-40GB MIG 4g.20gb (0),1,,13,[CUDA memcpy Host-to-Device]
2802139744,600376,128237,,,,,,,,,,456.561,760174.798,Device,,NVIDIA A100-SXM4-40GB MIG 4g.20gb (0),1,,13,[CUDA memset]
2802744760,98239,128242,,,,,,,,,,1.235,12570.495,Pinned,Device,NVIDIA A100-SXM4-40GB MIG 4g.20gb (0),1,,13,[CUDA memcpy Host-to-Device]
2802851863,31199,128243,,,,,,,,,,0.197,6301.680,Pinned,Device,NVIDIA A100-SXM4-40GB MIG 4g.20gb (0),1,,13,[CUDA memcpy Host-to-Device]
2802899766,8640,128244,69,4,1,48,1,1,76,0.002,0.000,,,,,NVIDIA A100-SXM4-40GB MIG 4g.20gb (0),1,,13,"void ch_est::windowedChEstPreNoDftSOfdmKernel<float, __half, float, (unsigned int)2, (unsigned int)1, (unsigned short)4>(ch_est::puschRxChEstStatDescr_t *, ch_est::puschRxChEstDynDescr_t *)"
2802912918,7136,128245,137,2,1,24,2,1,44,0.001,0.001,,,,,NVIDIA A100-SXM4-40GB MIG 4g.20gb (0),1,,13,"void ch_est::chEstFilterNoDftSOfdmDispatchKernel<float, __half, float, (unsigned int)2>(ch_est::puschRxChEstStatDescr_t *, ch_est::puschRxChEstDynDescr_t *)"
2802928086,5536,128246,137,2,1,24,2,1,44,0.001,0.001,,,,,NVIDIA A100-SXM4-40GB MIG 4g.20gb (0),1,,13,"void ch_est::chEstFilterNoDftSOfdmDispatchKernel<float, __half, float, (unsigned int)2>(ch_est::puschRxChEstStatDescr_t *, ch_est::puschRxChEstDynDescr_t *)"
2802941974,2656,128257,103,1,1,128,1,1,16,0.000,0.000,,,,,NVIDIA A100-SXM4-40GB MIG 4g.20gb (0),1,,13,cupy_copy__complex64_complex64
2802956342,12287,128267,1434,1,1,128,1,1,16,0.000,0.000,,,,,NVIDIA A100-SXM4-40GB MIG 4g.20gb (0),1,,13,cupy_copy__complex64_complex64
2802977653,2912,128274,103,1,1,128,1,1,16,0.000,0.000,,,,,NVIDIA A100-SXM4-40GB MIG 4g.20gb (0),1,,13,cupy_copy__complex64_complex64
2802994133,93375,128281,1,1,1,32,32,1,30,0.000,0.000,,,,,NVIDIA A100-SXM4-40GB MIG 4g.20gb (0),1,,13,"void convert_kernel<__half2, float2>(tensor_layout_any, T1 *, tensor_layout_any, const T2 *)"
2803122931,22432,128284,,,,,,,,,,0.094,4176.874,Pinned,Device,NVIDIA A100-SXM4-40GB MIG 4g.20gb (0),1,,13,[CUDA memcpy Host-to-Device]
2803161971,47359,128285,,,,,,,,,,35.810,756126.461,Device,,NVIDIA A100-SXM4-40GB MIG 4g.20gb (0),1,,13,[CUDA memset]
2803216274,11712,128287,,,,,,,,,,0.000,6.831,Pinned,Device,NVIDIA A100-SXM4-40GB MIG 4g.20gb (0),1,,13,[CUDA memcpy Host-to-Device]
2803237874,23328,128288,,,,,,,,,,0.197,8427.799,Pinned,Device,NVIDIA A100-SXM4-40GB MIG 4g.20gb (0),1,,13,[CUDA memcpy Host-to-Device]
2803283121,9856,128289,273,1,1,48,1,1,40,0.000,0.001,,,,,NVIDIA A100-SXM4-40GB MIG 4g.20gb (0),1,,13,"void pusch_noise_intf_est::noiseIntfEstNoDftSOfdmKernel<float, __half, float, float, (unsigned int)2, (unsigned int)1, (unsigned char)4, (unsigned char)4>(pusch_noise_intf_est::puschRxNoiseIntfEstDynDescr)"
2803299985,2784,128300,35,1,1,128,1,1,16,0.000,0.000,,,,,NVIDIA A100-SXM4-40GB MIG 4g.20gb (0),1,,13,cupy_copy__complex64_complex64
2803315985,1760,128309,1,1,1,1,1,1,18,0.000,0.000,,,,,NVIDIA A100-SXM4-40GB MIG 4g.20gb (0),1,,13,cupy_copy__float32_float32
2803323697,7424,128315,,,,,,,,,,0.000,0.539,Device,Pageable,NVIDIA A100-SXM4-40GB MIG 4g.20gb (0),1,,7,[CUDA memcpy Device-to-Host]
2803416112,12928,128326,1434,1,1,128,1,1,16,0.000,0.000,,,,,NVIDIA A100-SXM4-40GB MIG 4g.20gb (0),1,,13,cupy_copy__complex64_complex64
2803436432,3328,128333,103,1,1,128,1,1,16,0.000,0.000,,,,,NVIDIA A100-SXM4-40GB MIG 4g.20gb (0),1,,13,cupy_copy__complex64_complex64
2803461711,2560,128340,35,1,1,128,1,1,16,0.000,0.000,,,,,NVIDIA A100-SXM4-40GB MIG 4g.20gb (0),1,,13,cupy_copy__complex64_complex64
2803484015,1792,128347,1,1,1,1,1,1,18,0.000,0.000,,,,,NVIDIA A100-SXM4-40GB MIG 4g.20gb (0),1,,13,cupy_copy__float32_float32
2803610029,88415,128358,1,1,1,32,32,1,30,0.000,0.000,,,,,NVIDIA A100-SXM4-40GB MIG 4g.20gb (0),1,,13,"void convert_kernel<__half2, float2>(tensor_layout_any, T1 *, tensor_layout_any, const T2 *)"
2803726732,6144,128361,,,,,,,,,,0.094,15249.961,Pinned,Device,NVIDIA A100-SXM4-40GB MIG 4g.20gb (0),1,,13,[CUDA memcpy Host-to-Device]
2803740876,3328,128362,,,,,,,,,,1.547,464729.580,Device,,NVIDIA A100-SXM4-40GB MIG 4g.20gb (0),1,,13,[CUDA memset]
2803746924,3040,128367,,,,,,,,,,0.031,10294.725,Pinned,Device,NVIDIA A100-SXM4-40GB MIG 4g.20gb (0),1,,13,[CUDA memcpy Host-to-Device]
2803752844,9952,128368,,,,,,,,,,0.197,19755.565,Pinned,Device,NVIDIA A100-SXM4-40GB MIG 4g.20gb (0),1,,13,[CUDA memcpy Host-to-Device]
2803768651,6592,128369,273,1,1,8,4,1,39,0.002,0.000,,,,,NVIDIA A100-SXM4-40GB MIG 4g.20gb (0),1,,13,"void channel_eq::eqMmseCoefCompLowMimoKernel<float, float, float, (unsigned int)4, (unsigned int)1, (unsigned int)4>(const channel_eq::_puschRxChEqStatDescr *, channel_eq::_puschRxChEqCoefCompDynDescr)"
2803777835,6144,128370,273,1,1,12,11,1,51,0.002,0.000,,,,,NVIDIA A100-SXM4-40GB MIG 4g.20gb (0),1,,13,"void channel_eq::eqMmseSoftDemapKernel<float, __half, __half, float, (unsigned int)4, (unsigned short)16383>(channel_eq::_puschRxChEqStatDescr *, channel_eq::_puschRxChEqSoftDemapDynDescr)"
2803785099,282813,128371,1,1,1,32,32,1,30,0.000,0.000,,,,,NVIDIA A100-SXM4-40GB MIG 4g.20gb (0),1,,13,"void convert_kernel<float2, __half2>(tensor_layout_any, T1 *, tensor_layout_any, const T2 *)"
2804068968,11008,128383,2253,1,1,128,1,1,16,0.000,0.000,,,,,NVIDIA A100-SXM4-40GB MIG 4g.20gb (0),1,,13,cupy_copy__float16_float16
2804083144,2784,128392,282,1,1,128,1,1,16,0.000,0.000,,,,,NVIDIA A100-SXM4-40GB MIG 4g.20gb (0),1,,13,cupy_copy__complex64_complex64
2804087080,2176,128401,26,1,1,128,1,1,16,0.000,0.000,,,,,NVIDIA A100-SXM4-40GB MIG 4g.20gb (0),1,,13,cupy_copy__float32_float32
2804090248,2975,128410,103,1,1,128,1,1,16,0.000,0.000,,,,,NVIDIA A100-SXM4-40GB MIG 4g.20gb (0),1,,13,cupy_copy__complex64_complex64
2804094343,12096,128420,1434,1,1,128,1,1,16,0.000,0.000,,,,,NVIDIA A100-SXM4-40GB MIG 4g.20gb (0),1,,13,cupy_copy__complex64_complex64
2804116103,82399,128425,1,1,1,32,32,1,30,0.000,0.000,,,,,NVIDIA A100-SXM4-40GB MIG 4g.20gb (0),1,,13,"void convert_kernel<__half2, float2>(tensor_layout_any, T1 *, tensor_layout_any, const T2 *)"
2804226118,5664,128428,,,,,,,,,,0.094,16542.310,Pinned,Device,NVIDIA A100-SXM4-40GB MIG 4g.20gb (0),1,,13,[CUDA memcpy Host-to-Device]
2804236166,597848,128429,,,,,,,,,,456.561,763370.728,Device,,NVIDIA A100-SXM4-40GB MIG 4g.20gb (0),1,,13,[CUDA memset]
2804839198,103807,128434,,,,,,,,,,1.235,11896.216,Pinned,Device,NVIDIA A100-SXM4-40GB MIG 4g.20gb (0),1,,13,[CUDA memcpy Host-to-Device]
2804953245,28511,128435,,,,,,,,,,0.197,6895.829,Pinned,Device,NVIDIA A100-SXM4-40GB MIG 4g.20gb (0),1,,13,[CUDA memcpy Host-to-Device]
2804992220,8256,128436,69,4,1,48,1,1,76,0.002,0.000,,,,,NVIDIA A100-SXM4-40GB MIG 4g.20gb (0),1,,13,"void ch_est::windowedChEstPreNoDftSOfdmKernel<float, __half, float, (unsigned int)2, (unsigned int)1, (unsigned short)4>(ch_est::puschRxChEstStatDescr_t *, ch_est::puschRxChEstDynDescr_t *)"
2805005468,7264,128437,137,2,1,24,2,1,44,0.001,0.001,,,,,NVIDIA A100-SXM4-40GB MIG 4g.20gb (0),1,,13,"void ch_est::chEstFilterNoDftSOfdmDispatchKernel<float, __half, float, (unsigned int)2>(ch_est::puschRxChEstStatDescr_t *, ch_est::puschRxChEstDynDescr_t *)"
2805022684,4800,128438,137,2,1,24,2,1,44,0.001,0.001,,,,,NVIDIA A100-SXM4-40GB MIG 4g.20gb (0),1,,13,"void ch_est::chEstFilterNoDftSOfdmDispatchKernel<float, __half, float, (unsigned int)2>(ch_est::puschRxChEstStatDescr_t *, ch_est::puschRxChEstDynDescr_t *)"
2805031132,2592,128449,103,1,1,128,1,1,16,0.000,0.000,,,,,NVIDIA A100-SXM4-40GB MIG 4g.20gb (0),1,,13,cupy_copy__complex64_complex64
2805038076,12672,128459,1434,1,1,128,1,1,16,0.000,0.000,,,,,NVIDIA A100-SXM4-40GB MIG 4g.20gb (0),1,,13,cupy_copy__complex64_complex64
2805053980,2976,128466,103,1,1,128,1,1,16,0.000,0.000,,,,,NVIDIA A100-SXM4-40GB MIG 4g.20gb (0),1,,13,cupy_copy__complex64_complex64
2805059964,83006,128473,1,1,1,32,32,1,30,0.000,0.000,,,,,NVIDIA A100-SXM4-40GB MIG 4g.20gb (0),1,,13,"void convert_kernel<__half2, float2>(tensor_layout_any, T1 *, tensor_layout_any, const T2 *)"
2805170170,5920,128476,,,,,,,,,,0.094,15826.941,Pinned,Device,NVIDIA A100-SXM4-40GB MIG 4g.20gb (0),1,,13,[CUDA memcpy Host-to-Device]
2805182874,48383,128477,,,,,,,,,,35.810,740119.427,Device,,NVIDIA A100-SXM4-40GB MIG 4g.20gb (0),1,,13,[CUDA memset]
2805234777,3680,128479,,,,,,,,,,0.000,21.739,Pinned,Device,NVIDIA A100-SXM4-40GB MIG 4g.20gb (0),1,,13,[CUDA memcpy Host-to-Device]
2805245337,15040,128480,,,,,,,,,,0.197,13072.269,Pinned,Device,NVIDIA A100-SXM4-40GB MIG 4g.20gb (0),1,,13,[CUDA memcpy Host-to-Device]
2805269945,10880,128481,273,1,1,48,1,1,40,0.000,0.001,,,,,NVIDIA A100-SXM4-40GB MIG 4g.20gb (0),1,,13,"void pusch_noise_intf_est::noiseIntfEstNoDftSOfdmKernel<float, __half, float, float, (unsigned int)2, (unsigned int)1, (unsigned char)4, (unsigned char)4>(pusch_noise_intf_est::puschRxNoiseIntfEstDynDescr)"
2805286169,2944,128492,35,1,1,128,1,1,16,0.000,0.000,,,,,NVIDIA A100-SXM4-40GB MIG 4g.20gb (0),1,,13,cupy_copy__complex64_complex64
2805292409,2080,128501,1,1,1,1,1,1,18,0.000,0.000,,,,,NVIDIA A100-SXM4-40GB MIG 4g.20gb (0),1,,13,cupy_copy__float32_float32
2805321912,1760,128507,,,,,,,,,,0.000,2.273,Device,Pageable,NVIDIA A100-SXM4-40GB MIG 4g.20gb (0),1,,7,[CUDA memcpy Device-to-Host]
2805381976,13279,128518,1434,1,1,128,1,1,16,0.000,0.000,,,,,NVIDIA A100-SXM4-40GB MIG 4g.20gb (0),1,,13,cupy_copy__complex64_complex64
2805408567,2656,128525,103,1,1,128,1,1,16,0.000,0.000,,,,,NVIDIA A100-SXM4-40GB MIG 4g.20gb (0),1,,13,cupy_copy__complex64_complex64
2805429047,2752,128532,35,1,1,128,1,1,16,0.000,0.000,,,,,NVIDIA A100-SXM4-40GB MIG 4g.20gb (0),1,,13,cupy_copy__complex64_complex64
2805448311,1760,128539,1,1,1,1,1,1,18,0.000,0.000,,,,,NVIDIA A100-SXM4-40GB MIG 4g.20gb (0),1,,13,cupy_copy__float32_float32
2805578453,88255,128550,1,1,1,32,32,1,30,0.000,0.000,,,,,NVIDIA A100-SXM4-40GB MIG 4g.20gb (0),1,,13,"void convert_kernel<__half2, float2>(tensor_layout_any, T1 *, tensor_layout_any, const T2 *)"
2805694196,5760,128553,,,,,,,,,,0.094,16266.656,Pinned,Device,NVIDIA A100-SXM4-40GB MIG 4g.20gb (0),1,,13,[CUDA memcpy Host-to-Device]
2805708564,3551,128554,,,,,,,,,,1.547,435544.785,Device,,NVIDIA A100-SXM4-40GB MIG 4g.20gb (0),1,,13,[CUDA memset]
2805716339,3136,128559,,,,,,,,,,0.031,9979.575,Pinned,Device,NVIDIA A100-SXM4-40GB MIG 4g.20gb (0),1,,13,[CUDA memcpy Host-to-Device]
2805721907,10176,128560,,,,,,,,,,0.197,19320.668,Pinned,Device,NVIDIA A100-SXM4-40GB MIG 4g.20gb (0),1,,13,[CUDA memcpy Host-to-Device]
2805736499,6528,128561,273,1,1,8,4,1,39,0.002,0.000,,,,,NVIDIA A100-SXM4-40GB MIG 4g.20gb (0),1,,13,"void channel_eq::eqMmseCoefCompLowMimoKernel<float, float, float, (unsigned int)4, (unsigned int)1, (unsigned int)4>(const channel_eq::_puschRxChEqStatDescr *, channel_eq::_puschRxChEqCoefCompDynDescr)"
2805743987,5920,128562,273,1,1,12,11,1,51,0.002,0.000,,,,,NVIDIA A100-SXM4-40GB MIG 4g.20gb (0),1,,13,"void channel_eq::eqMmseSoftDemapKernel<float, __half, __half, float, (unsigned int)4, (unsigned short)16383>(channel_eq::_puschRxChEqStatDescr *, channel_eq::_puschRxChEqSoftDemapDynDescr)"
2805750963,282876,128563,1,1,1,32,32,1,30,0.000,0.000,,,,,NVIDIA A100-SXM4-40GB MIG 4g.20gb (0),1,,13,"void convert_kernel<float2, __half2>(tensor_layout_any, T1 *, tensor_layout_any, const T2 *)"
2806035375,11200,128575,2253,1,1,128,1,1,16,0.000,0.000,,,,,NVIDIA A100-SXM4-40GB MIG 4g.20gb (0),1,,13,cupy_copy__float16_float16
2806049103,3040,128584,282,1,1,128,1,1,16,0.000,0.000,,,,,NVIDIA A100-SXM4-40GB MIG 4g.20gb (0),1,,13,cupy_copy__complex64_complex64
2806055535,2048,128593,26,1,1,128,1,1,16,0.000,0.000,,,,,NVIDIA A100-SXM4-40GB MIG 4g.20gb (0),1,,13,cupy_copy__float32_float32
2806059855,3040,128602,103,1,1,128,1,1,16,0.000,0.000,,,,,NVIDIA A100-SXM4-40GB MIG 4g.20gb (0),1,,13,cupy_copy__complex64_complex64
2806063823,11936,128612,1434,1,1,128,1,1,16,0.000,0.000,,,,,NVIDIA A100-SXM4-40GB MIG 4g.20gb (0),1,,13,cupy_copy__complex64_complex64
2806085967,81311,128617,1,1,1,32,32,1,30,0.000,0.000,,,,,NVIDIA A100-SXM4-40GB MIG 4g.20gb (0),1,,13,"void convert_kernel<__half2, float2>(tensor_layout_any, T1 *, tensor_layout_any, const T2 *)"
2806195437,5472,128620,,,,,,,,,,0.094,17122.757,Pinned,Device,NVIDIA A100-SXM4-40GB MIG 4g.20gb (0),1,,13,[CUDA memcpy Host-to-Device]
2806205133,599609,128621,,,,,,,,,,456.561,761087.920,Device,,NVIDIA A100-SXM4-40GB MIG 4g.20gb (0),1,,13,[CUDA memset]
2806808646,146078,128626,,,,,,,,,,1.235,8453.192,Pinned,Device,NVIDIA A100-SXM4-40GB MIG 4g.20gb (0),1,,13,[CUDA memcpy Host-to-Device]
2806967492,38335,128627,,,,,,,,,,0.197,5128.520,Pinned,Device,NVIDIA A100-SXM4-40GB MIG 4g.20gb (0),1,,13,[CUDA memcpy Host-to-Device]
2807029379,8640,128628,69,4,1,48,1,1,76,0.002,0.000,,,,,NVIDIA A100-SXM4-40GB MIG 4g.20gb (0),1,,13,"void ch_est::windowedChEstPreNoDftSOfdmKernel<float, __half, float, (unsigned int)2, (unsigned int)1, (unsigned short)4>(ch_est::puschRxChEstStatDescr_t *, ch_est::puschRxChEstDynDescr_t *)"
2807046947,6944,128629,137,2,1,24,2,1,44,0.001,0.001,,,,,NVIDIA A100-SXM4-40GB MIG 4g.20gb (0),1,,13,"void ch_est::chEstFilterNoDftSOfdmDispatchKernel<float, __half, float, (unsigned int)2>(ch_est::puschRxChEstStatDescr_t *, ch_est::puschRxChEstDynDescr_t *)"
2807063363,4704,128630,137,2,1,24,2,1,44,0.001,0.001,,,,,NVIDIA A100-SXM4-40GB MIG 4g.20gb (0),1,,13,"void ch_est::chEstFilterNoDftSOfdmDispatchKernel<float, __half, float, (unsigned int)2>(ch_est::puschRxChEstStatDescr_t *, ch_est::puschRxChEstDynDescr_t *)"
2807079523,2688,128641,103,1,1,128,1,1,16,0.000,0.000,,,,,NVIDIA A100-SXM4-40GB MIG 4g.20gb (0),1,,13,cupy_copy__complex64_complex64
2807095170,12384,128651,1434,1,1,128,1,1,16,0.000,0.000,,,,,NVIDIA A100-SXM4-40GB MIG 4g.20gb (0),1,,13,cupy_copy__complex64_complex64
2807125794,2624,128658,103,1,1,128,1,1,16,0.000,0.000,,,,,NVIDIA A100-SXM4-40GB MIG 4g.20gb (0),1,,13,cupy_copy__complex64_complex64
2807140482,83295,128665,1,1,1,32,32,1,30,0.000,0.000,,,,,NVIDIA A100-SXM4-40GB MIG 4g.20gb (0),1,,13,"void convert_kernel<__half2, float2>(tensor_layout_any, T1 *, tensor_layout_any, const T2 *)"
2807253056,7136,128668,,,,,,,,,,0.094,13129.995,Pinned,Device,NVIDIA A100-SXM4-40GB MIG 4g.20gb (0),1,,13,[CUDA memcpy Host-to-Device]
2807266976,46336,128669,,,,,,,,,,35.810,772813.884,Device,,NVIDIA A100-SXM4-40GB MIG 4g.20gb (0),1,,13,[CUDA memset]
2807317984,3232,128671,,,,,,,,,,0.000,24.752,Pinned,Device,NVIDIA A100-SXM4-40GB MIG 4g.20gb (0),1,,13,[CUDA memcpy Host-to-Device]
2807323872,10847,128672,,,,,,,,,,0.197,18125.488,Pinned,Device,NVIDIA A100-SXM4-40GB MIG 4g.20gb (0),1,,13,[CUDA memcpy Host-to-Device]
2807341119,12416,128673,273,1,1,48,1,1,40,0.000,0.001,,,,,NVIDIA A100-SXM4-40GB MIG 4g.20gb (0),1,,13,"void pusch_noise_intf_est::noiseIntfEstNoDftSOfdmKernel<float, __half, float, float, (unsigned int)2, (unsigned int)1, (unsigned char)4, (unsigned char)4>(pusch_noise_intf_est::puschRxNoiseIntfEstDynDescr)"
2807357855,3200,128684,35,1,1,128,1,1,16,0.000,0.000,,,,,NVIDIA A100-SXM4-40GB MIG 4g.20gb (0),1,,13,cupy_copy__complex64_complex64
2807375935,1888,128693,1,1,1,1,1,1,18,0.000,0.000,,,,,NVIDIA A100-SXM4-40GB MIG 4g.20gb (0),1,,13,cupy_copy__float32_float32
2807405759,1600,128699,,,,,,,,,,0.000,2.500,Device,Pageable,NVIDIA A100-SXM4-40GB MIG 4g.20gb (0),1,,7,[CUDA memcpy Device-to-Host]
2807466878,12928,128710,1434,1,1,128,1,1,16,0.000,0.000,,,,,NVIDIA A100-SXM4-40GB MIG 4g.20gb (0),1,,13,cupy_copy__complex64_complex64
2807492189,3104,128717,103,1,1,128,1,1,16,0.000,0.000,,,,,NVIDIA A100-SXM4-40GB MIG 4g.20gb (0),1,,13,cupy_copy__complex64_complex64
2807512925,2528,128724,35,1,1,128,1,1,16,0.000,0.000,,,,,NVIDIA A100-SXM4-40GB MIG 4g.20gb (0),1,,13,cupy_copy__complex64_complex64
2807529597,1856,128731,1,1,1,1,1,1,18,0.000,0.000,,,,,NVIDIA A100-SXM4-40GB MIG 4g.20gb (0),1,,13,cupy_copy__float32_float32
2807661883,83423,128742,1,1,1,32,32,1,30,0.000,0.000,,,,,NVIDIA A100-SXM4-40GB MIG 4g.20gb (0),1,,13,"void convert_kernel<__half2, float2>(tensor_layout_any, T1 *, tensor_layout_any, const T2 *)"
2807772538,5760,128745,,,,,,,,,,0.094,16266.656,Pinned,Device,NVIDIA A100-SXM4-40GB MIG 4g.20gb (0),1,,13,[CUDA memcpy Host-to-Device]
2807789626,3456,128746,,,,,,,,,,1.547,447517.201,Device,,NVIDIA A100-SXM4-40GB MIG 4g.20gb (0),1,,13,[CUDA memset]
2807796762,3520,128751,,,,,,,,,,0.031,8890.881,Pinned,Device,NVIDIA A100-SXM4-40GB MIG 4g.20gb (0),1,,13,[CUDA memcpy Host-to-Device]
2807803066,9407,128752,,,,,,,,,,0.197,20900.020,Pinned,Device,NVIDIA A100-SXM4-40GB MIG 4g.20gb (0),1,,13,[CUDA memcpy Host-to-Device]
2807816281,6592,128753,273,1,1,8,4,1,39,0.002,0.000,,,,,NVIDIA A100-SXM4-40GB MIG 4g.20gb (0),1,,13,"void channel_eq::eqMmseCoefCompLowMimoKernel<float, float, float, (unsigned int)4, (unsigned int)1, (unsigned int)4>(const channel_eq::_puschRxChEqStatDescr *, channel_eq::_puschRxChEqCoefCompDynDescr)"
2807823897,6080,128754,273,1,1,12,11,1,51,0.002,0.000,,,,,NVIDIA A100-SXM4-40GB MIG 4g.20gb (0),1,,13,"void channel_eq::eqMmseSoftDemapKernel<float, __half, __half, float, (unsigned int)4, (unsigned short)16383>(channel_eq::_puschRxChEqStatDescr *, channel_eq::_puschRxChEqSoftDemapDynDescr)"
2807830969,282461,128755,1,1,1,32,32,1,30,0.000,0.000,,,,,NVIDIA A100-SXM4-40GB MIG 4g.20gb (0),1,,13,"void convert_kernel<float2, __half2>(tensor_layout_any, T1 *, tensor_layout_any, const T2 *)"
2808114742,10944,128767,2253,1,1,128,1,1,16,0.000,0.000,,,,,NVIDIA A100-SXM4-40GB MIG 4g.20gb (0),1,,13,cupy_copy__float16_float16
2808128150,3168,128776,282,1,1,128,1,1,16,0.000,0.000,,,,,NVIDIA A100-SXM4-40GB MIG 4g.20gb (0),1,,13,cupy_copy__complex64_complex64
2808135030,2367,128785,26,1,1,128,1,1,16,0.000,0.000,,,,,NVIDIA A100-SXM4-40GB MIG 4g.20gb (0),1,,13,cupy_copy__float32_float32
2808139893,6176,128794,103,1,1,128,1,1,16,0.000,0.000,,,,,NVIDIA A100-SXM4-40GB MIG 4g.20gb (0),1,,13,cupy_copy__complex64_complex64
2808147413,12512,128804,1434,1,1,128,1,1,16,0.000,0.000,,,,,NVIDIA A100-SXM4-40GB MIG 4g.20gb (0),1,,13,cupy_copy__complex64_complex64
2808162069,82463,128809,1,1,1,32,32,1,30,0.000,0.000,,,,,NVIDIA A100-SXM4-40GB MIG 4g.20gb (0),1,,13,"void convert_kernel<__half2, float2>(tensor_layout_any, T1 *, tensor_layout_any, const T2 *)"
2808271508,5920,128812,,,,,,,,,,0.094,15826.941,Pinned,Device,NVIDIA A100-SXM4-40GB MIG 4g.20gb (0),1,,13,[CUDA memcpy Host-to-Device]
2808283636,597848,128813,,,,,,,,,,456.561,763370.728,Device,,NVIDIA A100-SXM4-40GB MIG 4g.20gb (0),1,,13,[CUDA memset]
2808882668,166238,128818,,,,,,,,,,1.235,7428.188,Pinned,Device,NVIDIA A100-SXM4-40GB MIG 4g.20gb (0),1,,13,[CUDA memcpy Host-to-Device]
2809064426,41024,128819,,,,,,,,,,0.197,4792.320,Pinned,Device,NVIDIA A100-SXM4-40GB MIG 4g.20gb (0),1,,13,[CUDA memcpy Host-to-Device]
2809122857,8288,128820,69,4,1,48,1,1,76,0.002,0.000,,,,,NVIDIA A100-SXM4-40GB MIG 4g.20gb (0),1,,13,"void ch_est::windowedChEstPreNoDftSOfdmKernel<float, __half, float, (unsigned int)2, (unsigned int)1, (unsigned short)4>(ch_est::puschRxChEstStatDescr_t *, ch_est::puschRxChEstDynDescr_t *)"
2809140681,6944,128821,137,2,1,24,2,1,44,0.001,0.001,,,,,NVIDIA A100-SXM4-40GB MIG 4g.20gb (0),1,,13,"void ch_est::chEstFilterNoDftSOfdmDispatchKernel<float, __half, float, (unsigned int)2>(ch_est::puschRxChEstStatDescr_t *, ch_est::puschRxChEstDynDescr_t *)"
2809160745,4992,128822,137,2,1,24,2,1,44,0.001,0.001,,,,,NVIDIA A100-SXM4-40GB MIG 4g.20gb (0),1,,13,"void ch_est::chEstFilterNoDftSOfdmDispatchKernel<float, __half, float, (unsigned int)2>(ch_est::puschRxChEstStatDescr_t *, ch_est::puschRxChEstDynDescr_t *)"
2809179625,2560,128833,103,1,1,128,1,1,16,0.000,0.000,,,,,NVIDIA A100-SXM4-40GB MIG 4g.20gb (0),1,,13,cupy_copy__complex64_complex64
2809197960,12672,128843,1434,1,1,128,1,1,16,0.000,0.000,,,,,NVIDIA A100-SXM4-40GB MIG 4g.20gb (0),1,,13,cupy_copy__complex64_complex64
2809217160,2944,128850,103,1,1,128,1,1,16,0.000,0.000,,,,,NVIDIA A100-SXM4-40GB MIG 4g.20gb (0),1,,13,cupy_copy__complex64_complex64
2809239912,83711,128857,1,1,1,32,32,1,30,0.000,0.000,,,,,NVIDIA A100-SXM4-40GB MIG 4g.20gb (0),1,,13,"void convert_kernel<__half2, float2>(tensor_layout_any, T1 *, tensor_layout_any, const T2 *)"
2809356166,27040,128860,,,,,,,,,,0.094,3465.065,Pinned,Device,NVIDIA A100-SXM4-40GB MIG 4g.20gb (0),1,,13,[CUDA memcpy Host-to-Device]
2809414310,46303,128861,,,,,,,,,,35.810,773351.032,Device,,NVIDIA A100-SXM4-40GB MIG 4g.20gb (0),1,,13,[CUDA memset]
2809466949,5856,128863,,,,,,,,,,0.000,13.661,Pinned,Device,NVIDIA A100-SXM4-40GB MIG 4g.20gb (0),1,,13,[CUDA memcpy Host-to-Device]
2809486245,26335,128864,,,,,,,,,,0.197,7465.599,Pinned,Device,NVIDIA A100-SXM4-40GB MIG 4g.20gb (0),1,,13,[CUDA memcpy Host-to-Device]
2809531748,10080,128865,273,1,1,48,1,1,40,0.000,0.001,,,,,NVIDIA A100-SXM4-40GB MIG 4g.20gb (0),1,,13,"void pusch_noise_intf_est::noiseIntfEstNoDftSOfdmKernel<float, __half, float, float, (unsigned int)2, (unsigned int)1, (unsigned char)4, (unsigned char)4>(pusch_noise_intf_est::puschRxNoiseIntfEstDynDescr)"
2809548260,2560,128876,35,1,1,128,1,1,16,0.000,0.000,,,,,NVIDIA A100-SXM4-40GB MIG 4g.20gb (0),1,,13,cupy_copy__complex64_complex64
2809563908,1696,128885,1,1,1,1,1,1,18,0.000,0.000,,,,,NVIDIA A100-SXM4-40GB MIG 4g.20gb (0),1,,13,cupy_copy__float32_float32
2809567268,7200,128891,,,,,,,,,,0.000,0.556,Device,Pageable,NVIDIA A100-SXM4-40GB MIG 4g.20gb (0),1,,7,[CUDA memcpy Device-to-Host]
2809650691,13024,128902,1434,1,1,128,1,1,16,0.000,0.000,,,,,NVIDIA A100-SXM4-40GB MIG 4g.20gb (0),1,,13,cupy_copy__complex64_complex64
2809674114,2912,128909,103,1,1,128,1,1,16,0.000,0.000,,,,,NVIDIA A100-SXM4-40GB MIG 4g.20gb (0),1,,13,cupy_copy__complex64_complex64
2809692738,2464,128916,35,1,1,128,1,1,16,0.000,0.000,,,,,NVIDIA A100-SXM4-40GB MIG 4g.20gb (0),1,,13,cupy_copy__complex64_complex64
2809710306,2016,128923,1,1,1,1,1,1,18,0.000,0.000,,,,,NVIDIA A100-SXM4-40GB MIG 4g.20gb (0),1,,13,cupy_copy__float32_float32
2809842912,82335,128934,1,1,1,32,32,1,30,0.000,0.000,,,,,NVIDIA A100-SXM4-40GB MIG 4g.20gb (0),1,,13,"void convert_kernel<__half2, float2>(tensor_layout_any, T1 *, tensor_layout_any, const T2 *)"
2809953631,5568,128937,,,,,,,,,,0.094,16827.521,Pinned,Device,NVIDIA A100-SXM4-40GB MIG 4g.20gb (0),1,,13,[CUDA memcpy Host-to-Device]
2809967839,3616,128938,,,,,,,,,,1.547,427715.774,Device,,NVIDIA A100-SXM4-40GB MIG 4g.20gb (0),1,,13,[CUDA memset]
2809974975,3392,128943,,,,,,,,,,0.031,9226.405,Pinned,Device,NVIDIA A100-SXM4-40GB MIG 4g.20gb (0),1,,13,[CUDA memcpy Host-to-Device]
2809980767,9824,128944,,,,,,,,,,0.197,20012.925,Pinned,Device,NVIDIA A100-SXM4-40GB MIG 4g.20gb (0),1,,13,[CUDA memcpy Host-to-Device]
2809995839,6303,128945,273,1,1,8,4,1,39,0.002,0.000,,,,,NVIDIA A100-SXM4-40GB MIG 4g.20gb (0),1,,13,"void channel_eq::eqMmseCoefCompLowMimoKernel<float, float, float, (unsigned int)4, (unsigned int)1, (unsigned int)4>(const channel_eq::_puschRxChEqStatDescr *, channel_eq::_puschRxChEqCoefCompDynDescr)"
2810003230,6208,128946,273,1,1,12,11,1,51,0.002,0.000,,,,,NVIDIA A100-SXM4-40GB MIG 4g.20gb (0),1,,13,"void channel_eq::eqMmseSoftDemapKernel<float, __half, __half, float, (unsigned int)4, (unsigned short)16383>(channel_eq::_puschRxChEqStatDescr *, channel_eq::_puschRxChEqSoftDemapDynDescr)"
2810010398,283261,128947,1,1,1,32,32,1,30,0.000,0.000,,,,,NVIDIA A100-SXM4-40GB MIG 4g.20gb (0),1,,13,"void convert_kernel<float2, __half2>(tensor_layout_any, T1 *, tensor_layout_any, const T2 *)"
2810295291,11232,128959,2253,1,1,128,1,1,16,0.000,0.000,,,,,NVIDIA A100-SXM4-40GB MIG 4g.20gb (0),1,,13,cupy_copy__float16_float16
2810307931,2688,128968,282,1,1,128,1,1,16,0.000,0.000,,,,,NVIDIA A100-SXM4-40GB MIG 4g.20gb (0),1,,13,cupy_copy__complex64_complex64
2810313211,2144,128977,26,1,1,128,1,1,16,0.000,0.000,,,,,NVIDIA A100-SXM4-40GB MIG 4g.20gb (0),1,,13,cupy_copy__float32_float32
2810318107,2975,128986,103,1,1,128,1,1,16,0.000,0.000,,,,,NVIDIA A100-SXM4-40GB MIG 4g.20gb (0),1,,13,cupy_copy__complex64_complex64
2810375930,12224,129002,1434,1,1,128,1,1,16,0.000,0.000,,,,,NVIDIA A100-SXM4-40GB MIG 4g.20gb (0),1,,13,cupy_copy__complex64_complex64
2810491736,82143,129007,1,1,1,32,32,1,30,0.000,0.000,,,,,NVIDIA A100-SXM4-40GB MIG 4g.20gb (0),1,,13,"void convert_kernel<__half2, float2>(tensor_layout_any, T1 *, tensor_layout_any, const T2 *)"
2810600695,5792,129010,,,,,,,,,,0.094,16176.708,Pinned,Device,NVIDIA A100-SXM4-40GB MIG 4g.20gb (0),1,,13,[CUDA memcpy Host-to-Device]
2810611415,596409,129011,,,,,,,,,,456.561,765196.973,Device,,NVIDIA A100-SXM4-40GB MIG 4g.20gb (0),1,,13,[CUDA memset]
2811212559,165790,129016,,,,,,,,,,1.235,7447.947,Pinned,Device,NVIDIA A100-SXM4-40GB MIG 4g.20gb (0),1,,13,[CUDA memcpy Host-to-Device]
2811391021,40160,129017,,,,,,,,,,0.197,4895.539,Pinned,Device,NVIDIA A100-SXM4-40GB MIG 4g.20gb (0),1,,13,[CUDA memcpy Host-to-Device]
2811465004,8064,129018,69,4,1,48,1,1,76,0.002,0.000,,,,,NVIDIA A100-SXM4-40GB MIG 4g.20gb (0),1,,13,"void ch_est::windowedChEstPreNoDftSOfdmKernel<float, __half, float, (unsigned int)2, (unsigned int)1, (unsigned short)4>(ch_est::puschRxChEstStatDescr_t *, ch_est::puschRxChEstDynDescr_t *)"
2811484588,7008,129019,137,2,1,24,2,1,44,0.001,0.001,,,,,NVIDIA A100-SXM4-40GB MIG 4g.20gb (0),1,,13,"void ch_est::chEstFilterNoDftSOfdmDispatchKernel<float, __half, float, (unsigned int)2>(ch_est::puschRxChEstStatDescr_t *, ch_est::puschRxChEstDynDescr_t *)"
2811501068,4768,129020,137,2,1,24,2,1,44,0.001,0.001,,,,,NVIDIA A100-SXM4-40GB MIG 4g.20gb (0),1,,13,"void ch_est::chEstFilterNoDftSOfdmDispatchKernel<float, __half, float, (unsigned int)2>(ch_est::puschRxChEstStatDescr_t *, ch_est::puschRxChEstDynDescr_t *)"
2811520524,2656,129031,103,1,1,128,1,1,16,0.000,0.000,,,,,NVIDIA A100-SXM4-40GB MIG 4g.20gb (0),1,,13,cupy_copy__complex64_complex64
2811537451,12448,129041,1434,1,1,128,1,1,16,0.000,0.000,,,,,NVIDIA A100-SXM4-40GB MIG 4g.20gb (0),1,,13,cupy_copy__complex64_complex64
2811556971,2912,129048,103,1,1,128,1,1,16,0.000,0.000,,,,,NVIDIA A100-SXM4-40GB MIG 4g.20gb (0),1,,13,cupy_copy__complex64_complex64
2811580267,86335,129055,1,1,1,32,32,1,30,0.000,0.000,,,,,NVIDIA A100-SXM4-40GB MIG 4g.20gb (0),1,,13,"void convert_kernel<__half2, float2>(tensor_layout_any, T1 *, tensor_layout_any, const T2 *)"
2811698761,25824,129058,,,,,,,,,,0.094,3628.190,Pinned,Device,NVIDIA A100-SXM4-40GB MIG 4g.20gb (0),1,,13,[CUDA memcpy Host-to-Device]
2811748585,46879,129059,,,,,,,,,,35.810,763861.404,Device,,NVIDIA A100-SXM4-40GB MIG 4g.20gb (0),1,,13,[CUDA memset]
2811799144,6720,129061,,,,,,,,,,0.000,11.905,Pinned,Device,NVIDIA A100-SXM4-40GB MIG 4g.20gb (0),1,,13,[CUDA memcpy Host-to-Device]
2811813384,35584,129062,,,,,,,,,,0.197,5525.078,Pinned,Device,NVIDIA A100-SXM4-40GB MIG 4g.20gb (0),1,,13,[CUDA memcpy Host-to-Device]
2811867367,9216,129063,273,1,1,48,1,1,40,0.000,0.001,,,,,NVIDIA A100-SXM4-40GB MIG 4g.20gb (0),1,,13,"void pusch_noise_intf_est::noiseIntfEstNoDftSOfdmKernel<float, __half, float, float, (unsigned int)2, (unsigned int)1, (unsigned char)4, (unsigned char)4>(pusch_noise_intf_est::puschRxNoiseIntfEstDynDescr)"
2811884615,2624,129074,35,1,1,128,1,1,16,0.000,0.000,,,,,NVIDIA A100-SXM4-40GB MIG 4g.20gb (0),1,,13,cupy_copy__complex64_complex64
2811901735,1760,129083,1,1,1,1,1,1,18,0.000,0.000,,,,,NVIDIA A100-SXM4-40GB MIG 4g.20gb (0),1,,13,cupy_copy__float32_float32
2811911175,6208,129089,,,,,,,,,,0.000,0.644,Device,Pageable,NVIDIA A100-SXM4-40GB MIG 4g.20gb (0),1,,7,[CUDA memcpy Device-to-Host]
2812000102,13056,129100,1434,1,1,128,1,1,16,0.000,0.000,,,,,NVIDIA A100-SXM4-40GB MIG 4g.20gb (0),1,,13,cupy_copy__complex64_complex64
2812020325,2976,129107,103,1,1,128,1,1,16,0.000,0.000,,,,,NVIDIA A100-SXM4-40GB MIG 4g.20gb (0),1,,13,cupy_copy__complex64_complex64
2812042789,2304,129114,35,1,1,128,1,1,16,0.000,0.000,,,,,NVIDIA A100-SXM4-40GB MIG 4g.20gb (0),1,,13,cupy_copy__complex64_complex64
2812070245,1792,129121,1,1,1,1,1,1,18,0.000,0.000,,,,,NVIDIA A100-SXM4-40GB MIG 4g.20gb (0),1,,13,cupy_copy__float32_float32
2812191971,83775,129132,1,1,1,32,32,1,30,0.000,0.000,,,,,NVIDIA A100-SXM4-40GB MIG 4g.20gb (0),1,,13,"void convert_kernel<__half2, float2>(tensor_layout_any, T1 *, tensor_layout_any, const T2 *)"
2812303490,5504,129135,,,,,,,,,,0.094,17023.251,Pinned,Device,NVIDIA A100-SXM4-40GB MIG 4g.20gb (0),1,,13,[CUDA memcpy Host-to-Device]
2812317986,3424,129136,,,,,,,,,,1.547,451700.819,Device,,NVIDIA A100-SXM4-40GB MIG 4g.20gb (0),1,,13,[CUDA memset]
2812325506,3136,129141,,,,,,,,,,0.031,9979.575,Pinned,Device,NVIDIA A100-SXM4-40GB MIG 4g.20gb (0),1,,13,[CUDA memcpy Host-to-Device]
2812331170,9568,129142,,,,,,,,,,0.197,20548.485,Pinned,Device,NVIDIA A100-SXM4-40GB MIG 4g.20gb (0),1,,13,[CUDA memcpy Host-to-Device]
2812345825,7648,129143,273,1,1,8,4,1,39,0.002,0.000,,,,,NVIDIA A100-SXM4-40GB MIG 4g.20gb (0),1,,13,"void channel_eq::eqMmseCoefCompLowMimoKernel<float, float, float, (unsigned int)4, (unsigned int)1, (unsigned int)4>(const channel_eq::_puschRxChEqStatDescr *, channel_eq::_puschRxChEqCoefCompDynDescr)"
2812355137,5696,129144,273,1,1,12,11,1,51,0.002,0.000,,,,,NVIDIA A100-SXM4-40GB MIG 4g.20gb (0),1,,13,"void channel_eq::eqMmseSoftDemapKernel<float, __half, __half, float, (unsigned int)4, (unsigned short)16383>(channel_eq::_puschRxChEqStatDescr *, channel_eq::_puschRxChEqSoftDemapDynDescr)"
2812362497,282621,129145,1,1,1,32,32,1,30,0.000,0.000,,,,,NVIDIA A100-SXM4-40GB MIG 4g.20gb (0),1,,13,"void convert_kernel<float2, __half2>(tensor_layout_any, T1 *, tensor_layout_any, const T2 *)"
2812646206,10976,129157,2253,1,1,128,1,1,16,0.000,0.000,,,,,NVIDIA A100-SXM4-40GB MIG 4g.20gb (0),1,,13,cupy_copy__float16_float16
2812660446,3776,129166,282,1,1,128,1,1,16,0.000,0.000,,,,,NVIDIA A100-SXM4-40GB MIG 4g.20gb (0),1,,13,cupy_copy__complex64_complex64
2812666589,2272,129175,26,1,1,128,1,1,16,0.000,0.000,,,,,NVIDIA A100-SXM4-40GB MIG 4g.20gb (0),1,,13,cupy_copy__float32_float32
2812669949,2912,129184,103,1,1,128,1,1,16,0.000,0.000,,,,,NVIDIA A100-SXM4-40GB MIG 4g.20gb (0),1,,13,cupy_copy__complex64_complex64
2812674429,12800,129194,1434,1,1,128,1,1,16,0.000,0.000,,,,,NVIDIA A100-SXM4-40GB MIG 4g.20gb (0),1,,13,cupy_copy__complex64_complex64
2812696029,82143,129199,1,1,1,32,32,1,30,0.000,0.000,,,,,NVIDIA A100-SXM4-40GB MIG 4g.20gb (0),1,,13,"void convert_kernel<__half2, float2>(tensor_layout_any, T1 *, tensor_layout_any, const T2 *)"
2812804764,5696,129202,,,,,,,,,,0.094,16449.363,Pinned,Device,NVIDIA A100-SXM4-40GB MIG 4g.20gb (0),1,,13,[CUDA memcpy Host-to-Device]
2812814972,598712,129203,,,,,,,,,,456.561,762457.605,Device,,NVIDIA A100-SXM4-40GB MIG 4g.20gb (0),1,,13,[CUDA memset]
2813414932,66623,129208,,,,,,,,,,1.235,18535.274,Pinned,Device,NVIDIA A100-SXM4-40GB MIG 4g.20gb (0),1,,13,[CUDA memcpy Host-to-Device]
2813486035,12704,129209,,,,,,,,,,0.197,15475.999,Pinned,Device,NVIDIA A100-SXM4-40GB MIG 4g.20gb (0),1,,13,[CUDA memcpy Host-to-Device]
2813508531,9120,129210,69,4,1,48,1,1,76,0.002,0.000,,,,,NVIDIA A100-SXM4-40GB MIG 4g.20gb (0),1,,13,"void ch_est::windowedChEstPreNoDftSOfdmKernel<float, __half, float, (unsigned int)2, (unsigned int)1, (unsigned short)4>(ch_est::puschRxChEstStatDescr_t *, ch_est::puschRxChEstDynDescr_t *)"
2813521747,6816,129211,137,2,1,24,2,1,44,0.001,0.001,,,,,NVIDIA A100-SXM4-40GB MIG 4g.20gb (0),1,,13,"void ch_est::chEstFilterNoDftSOfdmDispatchKernel<float, __half, float, (unsigned int)2>(ch_est::puschRxChEstStatDescr_t *, ch_est::puschRxChEstDynDescr_t *)"
2813531347,4832,129212,137,2,1,24,2,1,44,0.001,0.001,,,,,NVIDIA A100-SXM4-40GB MIG 4g.20gb (0),1,,13,"void ch_est::chEstFilterNoDftSOfdmDispatchKernel<float, __half, float, (unsigned int)2>(ch_est::puschRxChEstStatDescr_t *, ch_est::puschRxChEstDynDescr_t *)"
2813537555,3072,129223,103,1,1,128,1,1,16,0.000,0.000,,,,,NVIDIA A100-SXM4-40GB MIG 4g.20gb (0),1,,13,cupy_copy__complex64_complex64
2813541683,12768,129233,1434,1,1,128,1,1,16,0.000,0.000,,,,,NVIDIA A100-SXM4-40GB MIG 4g.20gb (0),1,,13,cupy_copy__complex64_complex64
2813556562,2848,129240,103,1,1,128,1,1,16,0.000,0.000,,,,,NVIDIA A100-SXM4-40GB MIG 4g.20gb (0),1,,13,cupy_copy__complex64_complex64
2813560626,82815,129247,1,1,1,32,32,1,30,0.000,0.000,,,,,NVIDIA A100-SXM4-40GB MIG 4g.20gb (0),1,,13,"void convert_kernel<__half2, float2>(tensor_layout_any, T1 *, tensor_layout_any, const T2 *)"
2813670801,5760,129250,,,,,,,,,,0.094,16266.656,Pinned,Device,NVIDIA A100-SXM4-40GB MIG 4g.20gb (0),1,,13,[CUDA memcpy Host-to-Device]
2813682865,47711,129251,,,,,,,,,,35.810,750540.113,Device,,NVIDIA A100-SXM4-40GB MIG 4g.20gb (0),1,,13,[CUDA memset]
2813736624,4192,129253,,,,,,,,,,0.000,19.084,Pinned,Device,NVIDIA A100-SXM4-40GB MIG 4g.20gb (0),1,,13,[CUDA memcpy Host-to-Device]
2813745744,13344,129254,,,,,,,,,,0.197,14733.804,Pinned,Device,NVIDIA A100-SXM4-40GB MIG 4g.20gb (0),1,,13,[CUDA memcpy Host-to-Device]
2813769392,9440,129255,273,1,1,48,1,1,40,0.000,0.001,,,,,NVIDIA A100-SXM4-40GB MIG 4g.20gb (0),1,,13,"void pusch_noise_intf_est::noiseIntfEstNoDftSOfdmKernel<float, __half, float, float, (unsigned int)2, (unsigned int)1, (unsigned char)4, (unsigned char)4>(pusch_noise_intf_est::puschRxNoiseIntfEstDynDescr)"
2813784816,2848,129266,35,1,1,128,1,1,16,0.000,0.000,,,,,NVIDIA A100-SXM4-40GB MIG 4g.20gb (0),1,,13,cupy_copy__complex64_complex64
2813794384,2048,129275,1,1,1,1,1,1,18,0.000,0.000,,,,,NVIDIA A100-SXM4-40GB MIG 4g.20gb (0),1,,13,cupy_copy__float32_float32
2813823055,1568,129281,,,,,,,,,,0.000,2.551,Device,Pageable,NVIDIA A100-SXM4-40GB MIG 4g.20gb (0),1,,7,[CUDA memcpy Device-to-Host]
2813883086,12736,129292,1434,1,1,128,1,1,16,0.000,0.000,,,,,NVIDIA A100-SXM4-40GB MIG 4g.20gb (0),1,,13,cupy_copy__complex64_complex64
2813909390,2752,129299,103,1,1,128,1,1,16,0.000,0.000,,,,,NVIDIA A100-SXM4-40GB MIG 4g.20gb (0),1,,13,cupy_copy__complex64_complex64
2813934222,2176,129306,35,1,1,128,1,1,16,0.000,0.000,,,,,NVIDIA A100-SXM4-40GB MIG 4g.20gb (0),1,,13,cupy_copy__complex64_complex64
2813953134,1920,129313,1,1,1,1,1,1,18,0.000,0.000,,,,,NVIDIA A100-SXM4-40GB MIG 4g.20gb (0),1,,13,cupy_copy__float32_float32
2814084300,82047,129324,1,1,1,32,32,1,30,0.000,0.000,,,,,NVIDIA A100-SXM4-40GB MIG 4g.20gb (0),1,,13,"void convert_kernel<__half2, float2>(tensor_layout_any, T1 *, tensor_layout_any, const T2 *)"
2814193963,5760,129327,,,,,,,,,,0.094,16266.656,Pinned,Device,NVIDIA A100-SXM4-40GB MIG 4g.20gb (0),1,,13,[CUDA memcpy Host-to-Device]
2814209578,3232,129328,,,,,,,,,,1.547,478533.199,Device,,NVIDIA A100-SXM4-40GB MIG 4g.20gb (0),1,,13,[CUDA memset]
2814214986,3008,129333,,,,,,,,,,0.031,10404.230,Pinned,Device,NVIDIA A100-SXM4-40GB MIG 4g.20gb (0),1,,13,[CUDA memcpy Host-to-Device]
2814220394,10112,129334,,,,,,,,,,0.197,19442.958,Pinned,Device,NVIDIA A100-SXM4-40GB MIG 4g.20gb (0),1,,13,[CUDA memcpy Host-to-Device]
2814235434,6368,129335,273,1,1,8,4,1,39,0.002,0.000,,,,,NVIDIA A100-SXM4-40GB MIG 4g.20gb (0),1,,13,"void channel_eq::eqMmseCoefCompLowMimoKernel<float, float, float, (unsigned int)4, (unsigned int)1, (unsigned int)4>(const channel_eq::_puschRxChEqStatDescr *, channel_eq::_puschRxChEqCoefCompDynDescr)"
2814242922,5760,129336,273,1,1,12,11,1,51,0.002,0.000,,,,,NVIDIA A100-SXM4-40GB MIG 4g.20gb (0),1,,13,"void channel_eq::eqMmseSoftDemapKernel<float, __half, __half, float, (unsigned int)4, (unsigned short)16383>(channel_eq::_puschRxChEqStatDescr *, channel_eq::_puschRxChEqSoftDemapDynDescr)"
2814249674,282716,129337,1,1,1,32,32,1,30,0.000,0.000,,,,,NVIDIA A100-SXM4-40GB MIG 4g.20gb (0),1,,13,"void convert_kernel<float2, __half2>(tensor_layout_any, T1 *, tensor_layout_any, const T2 *)"
2814533542,10880,129349,2253,1,1,128,1,1,16,0.000,0.000,,,,,NVIDIA A100-SXM4-40GB MIG 4g.20gb (0),1,,13,cupy_copy__float16_float16
2814546406,3200,129358,282,1,1,128,1,1,16,0.000,0.000,,,,,NVIDIA A100-SXM4-40GB MIG 4g.20gb (0),1,,13,cupy_copy__complex64_complex64
2814553318,2208,129367,26,1,1,128,1,1,16,0.000,0.000,,,,,NVIDIA A100-SXM4-40GB MIG 4g.20gb (0),1,,13,cupy_copy__float32_float32
2814558662,2912,129376,103,1,1,128,1,1,16,0.000,0.000,,,,,NVIDIA A100-SXM4-40GB MIG 4g.20gb (0),1,,13,cupy_copy__complex64_complex64
2814563526,11968,129386,1434,1,1,128,1,1,16,0.000,0.000,,,,,NVIDIA A100-SXM4-40GB MIG 4g.20gb (0),1,,13,cupy_copy__complex64_complex64
2814581702,87071,129391,1,1,1,32,32,1,30,0.000,0.000,,,,,NVIDIA A100-SXM4-40GB MIG 4g.20gb (0),1,,13,"void convert_kernel<__half2, float2>(tensor_layout_any, T1 *, tensor_layout_any, const T2 *)"
2814696132,5760,129394,,,,,,,,,,0.094,16266.656,Pinned,Device,NVIDIA A100-SXM4-40GB MIG 4g.20gb (0),1,,13,[CUDA memcpy Host-to-Device]
2814705700,601625,129395,,,,,,,,,,456.561,758805.113,Device,,NVIDIA A100-SXM4-40GB MIG 4g.20gb (0),1,,13,[CUDA memset]
2815310269,151326,129400,,,,,,,,,,1.235,8160.510,Pinned,Device,NVIDIA A100-SXM4-40GB MIG 4g.20gb (0),1,,13,[CUDA memcpy Host-to-Device]
2815473947,42879,129401,,,,,,,,,,0.197,4585.095,Pinned,Device,NVIDIA A100-SXM4-40GB MIG 4g.20gb (0),1,,13,[CUDA memcpy Host-to-Device]
2815543034,8256,129402,69,4,1,48,1,1,76,0.002,0.000,,,,,NVIDIA A100-SXM4-40GB MIG 4g.20gb (0),1,,13,"void ch_est::windowedChEstPreNoDftSOfdmKernel<float, __half, float, (unsigned int)2, (unsigned int)1, (unsigned short)4>(ch_est::puschRxChEstStatDescr_t *, ch_est::puschRxChEstDynDescr_t *)"
2815561434,6880,129403,137,2,1,24,2,1,44,0.001,0.001,,,,,NVIDIA A100-SXM4-40GB MIG 4g.20gb (0),1,,13,"void ch_est::chEstFilterNoDftSOfdmDispatchKernel<float, __half, float, (unsigned int)2>(ch_est::puschRxChEstStatDescr_t *, ch_est::puschRxChEstDynDescr_t *)"
2815574170,4735,129404,137,2,1,24,2,1,44,0.001,0.001,,,,,NVIDIA A100-SXM4-40GB MIG 4g.20gb (0),1,,13,"void ch_est::chEstFilterNoDftSOfdmDispatchKernel<float, __half, float, (unsigned int)2>(ch_est::puschRxChEstStatDescr_t *, ch_est::puschRxChEstDynDescr_t *)"
2815587897,2560,129415,103,1,1,128,1,1,16,0.000,0.000,,,,,NVIDIA A100-SXM4-40GB MIG 4g.20gb (0),1,,13,cupy_copy__complex64_complex64
2815597561,12448,129425,1434,1,1,128,1,1,16,0.000,0.000,,,,,NVIDIA A100-SXM4-40GB MIG 4g.20gb (0),1,,13,cupy_copy__complex64_complex64
2815612377,2912,129432,103,1,1,128,1,1,16,0.000,0.000,,,,,NVIDIA A100-SXM4-40GB MIG 4g.20gb (0),1,,13,cupy_copy__complex64_complex64
2815621945,92607,129439,1,1,1,32,32,1,30,0.000,0.000,,,,,NVIDIA A100-SXM4-40GB MIG 4g.20gb (0),1,,13,"void convert_kernel<__half2, float2>(tensor_layout_any, T1 *, tensor_layout_any, const T2 *)"
2815742711,5792,129442,,,,,,,,,,0.094,16176.708,Pinned,Device,NVIDIA A100-SXM4-40GB MIG 4g.20gb (0),1,,13,[CUDA memcpy Host-to-Device]
2815754551,46784,129443,,,,,,,,,,35.810,765401.230,Device,,NVIDIA A100-SXM4-40GB MIG 4g.20gb (0),1,,13,[CUDA memset]
2815808471,3392,129445,,,,,,,,,,0.000,23.585,Pinned,Device,NVIDIA A100-SXM4-40GB MIG 4g.20gb (0),1,,13,[CUDA memcpy Host-to-Device]
2815815255,12479,129446,,,,,,,,,,0.197,15754.985,Pinned,Device,NVIDIA A100-SXM4-40GB MIG 4g.20gb (0),1,,13,[CUDA memcpy Host-to-Device]
2815834742,10144,129447,273,1,1,48,1,1,40,0.000,0.001,,,,,NVIDIA A100-SXM4-40GB MIG 4g.20gb (0),1,,13,"void pusch_noise_intf_est::noiseIntfEstNoDftSOfdmKernel<float, __half, float, float, (unsigned int)2, (unsigned int)1, (unsigned char)4, (unsigned char)4>(pusch_noise_intf_est::puschRxNoiseIntfEstDynDescr)"
2815849782,3232,129458,35,1,1,128,1,1,16,0.000,0.000,,,,,NVIDIA A100-SXM4-40GB MIG 4g.20gb (0),1,,13,cupy_copy__complex64_complex64
2815863318,1920,129467,1,1,1,1,1,1,18,0.000,0.000,,,,,NVIDIA A100-SXM4-40GB MIG 4g.20gb (0),1,,13,cupy_copy__float32_float32
2815895062,1600,129473,,,,,,,,,,0.000,2.500,Device,Pageable,NVIDIA A100-SXM4-40GB MIG 4g.20gb (0),1,,7,[CUDA memcpy Device-to-Host]
2815955381,12992,129484,1434,1,1,128,1,1,16,0.000,0.000,,,,,NVIDIA A100-SXM4-40GB MIG 4g.20gb (0),1,,13,cupy_copy__complex64_complex64
2815985524,2592,129491,103,1,1,128,1,1,16,0.000,0.000,,,,,NVIDIA A100-SXM4-40GB MIG 4g.20gb (0),1,,13,cupy_copy__complex64_complex64
2816007316,2176,129498,35,1,1,128,1,1,16,0.000,0.000,,,,,NVIDIA A100-SXM4-40GB MIG 4g.20gb (0),1,,13,cupy_copy__complex64_complex64
2816024180,1824,129505,1,1,1,1,1,1,18,0.000,0.000,,,,,NVIDIA A100-SXM4-40GB MIG 4g.20gb (0),1,,13,cupy_copy__float32_float32
2816156882,81791,129516,1,1,1,32,32,1,30,0.000,0.000,,,,,NVIDIA A100-SXM4-40GB MIG 4g.20gb (0),1,,13,"void convert_kernel<__half2, float2>(tensor_layout_any, T1 *, tensor_layout_any, const T2 *)"
2816265905,5856,129519,,,,,,,,,,0.094,15999.997,Pinned,Device,NVIDIA A100-SXM4-40GB MIG 4g.20gb (0),1,,13,[CUDA memcpy Host-to-Device]
2816281873,3264,129520,,,,,,,,,,1.547,473842.288,Device,,NVIDIA A100-SXM4-40GB MIG 4g.20gb (0),1,,13,[CUDA memset]
2816287921,3008,129525,,,,,,,,,,0.031,10404.230,Pinned,Device,NVIDIA A100-SXM4-40GB MIG 4g.20gb (0),1,,13,[CUDA memcpy Host-to-Device]
2816294417,9568,129526,,,,,,,,,,0.197,20548.485,Pinned,Device,NVIDIA A100-SXM4-40GB MIG 4g.20gb (0),1,,13,[CUDA memcpy Host-to-Device]
2816308304,8128,129527,273,1,1,8,4,1,39,0.002,0.000,,,,,NVIDIA A100-SXM4-40GB MIG 4g.20gb (0),1,,13,"void channel_eq::eqMmseCoefCompLowMimoKernel<float, float, float, (unsigned int)4, (unsigned int)1, (unsigned int)4>(const channel_eq::_puschRxChEqStatDescr *, channel_eq::_puschRxChEqCoefCompDynDescr)"
2816318672,6080,129528,273,1,1,12,11,1,51,0.002,0.000,,,,,NVIDIA A100-SXM4-40GB MIG 4g.20gb (0),1,,13,"void channel_eq::eqMmseSoftDemapKernel<float, __half, __half, float, (unsigned int)4, (unsigned short)16383>(channel_eq::_puschRxChEqStatDescr *, channel_eq::_puschRxChEqSoftDemapDynDescr)"
2816326416,294717,129529,1,1,1,32,32,1,30,0.000,0.000,,,,,NVIDIA A100-SXM4-40GB MIG 4g.20gb (0),1,,13,"void convert_kernel<float2, __half2>(tensor_layout_any, T1 *, tensor_layout_any, const T2 *)"
2816622125,11071,129541,2253,1,1,128,1,1,16,0.000,0.000,,,,,NVIDIA A100-SXM4-40GB MIG 4g.20gb (0),1,,13,cupy_copy__float16_float16
2816637100,3488,129550,282,1,1,128,1,1,16,0.000,0.000,,,,,NVIDIA A100-SXM4-40GB MIG 4g.20gb (0),1,,13,cupy_copy__complex64_complex64
2816642508,2176,129559,26,1,1,128,1,1,16,0.000,0.000,,,,,NVIDIA A100-SXM4-40GB MIG 4g.20gb (0),1,,13,cupy_copy__float32_float32
2816646604,4512,129568,103,1,1,128,1,1,16,0.000,0.000,,,,,NVIDIA A100-SXM4-40GB MIG 4g.20gb (0),1,,13,cupy_copy__complex64_complex64
2816654028,11968,129578,1434,1,1,128,1,1,16,0.000,0.000,,,,,NVIDIA A100-SXM4-40GB MIG 4g.20gb (0),1,,13,cupy_copy__complex64_complex64
2816670284,86847,129583,1,1,1,32,32,1,30,0.000,0.000,,,,,NVIDIA A100-SXM4-40GB MIG 4g.20gb (0),1,,13,"void convert_kernel<__half2, float2>(tensor_layout_any, T1 *, tensor_layout_any, const T2 *)"
2816786987,5503,129586,,,,,,,,,,0.094,17026.343,Pinned,Device,NVIDIA A100-SXM4-40GB MIG 4g.20gb (0),1,,13,[CUDA memcpy Host-to-Device]
2816797770,597433,129587,,,,,,,,,,456.561,763827.289,Device,,NVIDIA A100-SXM4-40GB MIG 4g.20gb (0),1,,13,[CUDA memset]
2817404227,157950,129592,,,,,,,,,,1.235,7818.430,Pinned,Device,NVIDIA A100-SXM4-40GB MIG 4g.20gb (0),1,,13,[CUDA memcpy Host-to-Device]
2817573537,41503,129593,,,,,,,,,,0.197,4737.073,Pinned,Device,NVIDIA A100-SXM4-40GB MIG 4g.20gb (0),1,,13,[CUDA memcpy Host-to-Device]
2817636992,8160,129594,69,4,1,48,1,1,76,0.002,0.000,,,,,NVIDIA A100-SXM4-40GB MIG 4g.20gb (0),1,,13,"void ch_est::windowedChEstPreNoDftSOfdmKernel<float, __half, float, (unsigned int)2, (unsigned int)1, (unsigned short)4>(ch_est::puschRxChEstStatDescr_t *, ch_est::puschRxChEstDynDescr_t *)"
2817656256,6688,129595,137,2,1,24,2,1,44,0.001,0.001,,,,,NVIDIA A100-SXM4-40GB MIG 4g.20gb (0),1,,13,"void ch_est::chEstFilterNoDftSOfdmDispatchKernel<float, __half, float, (unsigned int)2>(ch_est::puschRxChEstStatDescr_t *, ch_est::puschRxChEstDynDescr_t *)"
2817674144,4736,129596,137,2,1,24,2,1,44,0.001,0.001,,,,,NVIDIA A100-SXM4-40GB MIG 4g.20gb (0),1,,13,"void ch_est::chEstFilterNoDftSOfdmDispatchKernel<float, __half, float, (unsigned int)2>(ch_est::puschRxChEstStatDescr_t *, ch_est::puschRxChEstDynDescr_t *)"
2817691359,2688,129607,103,1,1,128,1,1,16,0.000,0.000,,,,,NVIDIA A100-SXM4-40GB MIG 4g.20gb (0),1,,13,cupy_copy__complex64_complex64
2817708351,12512,129617,1434,1,1,128,1,1,16,0.000,0.000,,,,,NVIDIA A100-SXM4-40GB MIG 4g.20gb (0),1,,13,cupy_copy__complex64_complex64
2817727999,2944,129624,103,1,1,128,1,1,16,0.000,0.000,,,,,NVIDIA A100-SXM4-40GB MIG 4g.20gb (0),1,,13,cupy_copy__complex64_complex64
2817747455,87455,129631,1,1,1,32,32,1,30,0.000,0.000,,,,,NVIDIA A100-SXM4-40GB MIG 4g.20gb (0),1,,13,"void convert_kernel<__half2, float2>(tensor_layout_any, T1 *, tensor_layout_any, const T2 *)"
2817868029,12672,129634,,,,,,,,,,0.094,7393.926,Pinned,Device,NVIDIA A100-SXM4-40GB MIG 4g.20gb (0),1,,13,[CUDA memcpy Host-to-Device]
2817891645,48127,129635,,,,,,,,,,35.810,744058.518,Device,,NVIDIA A100-SXM4-40GB MIG 4g.20gb (0),1,,13,[CUDA memset]
2817945532,4608,129637,,,,,,,,,,0.000,17.361,Pinned,Device,NVIDIA A100-SXM4-40GB MIG 4g.20gb (0),1,,13,[CUDA memcpy Host-to-Device]
2817957052,15264,129638,,,,,,,,,,0.197,12880.380,Pinned,Device,NVIDIA A100-SXM4-40GB MIG 4g.20gb (0),1,,13,[CUDA memcpy Host-to-Device]
2817988508,12320,129639,273,1,1,48,1,1,40,0.000,0.001,,,,,NVIDIA A100-SXM4-40GB MIG 4g.20gb (0),1,,13,"void pusch_noise_intf_est::noiseIntfEstNoDftSOfdmKernel<float, __half, float, float, (unsigned int)2, (unsigned int)1, (unsigned char)4, (unsigned char)4>(pusch_noise_intf_est::puschRxNoiseIntfEstDynDescr)"
2818004059,3328,129650,35,1,1,128,1,1,16,0.000,0.000,,,,,NVIDIA A100-SXM4-40GB MIG 4g.20gb (0),1,,13,cupy_copy__complex64_complex64
2818013403,2016,129659,1,1,1,1,1,1,18,0.000,0.000,,,,,NVIDIA A100-SXM4-40GB MIG 4g.20gb (0),1,,13,cupy_copy__float32_float32
2818022331,3072,129665,,,,,,,,,,0.000,1.302,Device,Pageable,NVIDIA A100-SXM4-40GB MIG 4g.20gb (0),1,,7,[CUDA memcpy Device-to-Host]
2818091706,12736,129676,1434,1,1,128,1,1,16,0.000,0.000,,,,,NVIDIA A100-SXM4-40GB MIG 4g.20gb (0),1,,13,cupy_copy__complex64_complex64
2818119354,3584,129683,103,1,1,128,1,1,16,0.000,0.000,,,,,NVIDIA A100-SXM4-40GB MIG 4g.20gb (0),1,,13,cupy_copy__complex64_complex64
2818139162,2176,129690,35,1,1,128,1,1,16,0.000,0.000,,,,,NVIDIA A100-SXM4-40GB MIG 4g.20gb (0),1,,13,cupy_copy__complex64_complex64
2818157114,1760,129697,1,1,1,1,1,1,18,0.000,0.000,,,,,NVIDIA A100-SXM4-40GB MIG 4g.20gb (0),1,,13,cupy_copy__float32_float32
2818290616,82623,129708,1,1,1,32,32,1,30,0.000,0.000,,,,,NVIDIA A100-SXM4-40GB MIG 4g.20gb (0),1,,13,"void convert_kernel<__half2, float2>(tensor_layout_any, T1 *, tensor_layout_any, const T2 *)"
2818400535,6112,129711,,,,,,,,,,0.094,15329.790,Pinned,Device,NVIDIA A100-SXM4-40GB MIG 4g.20gb (0),1,,13,[CUDA memcpy Host-to-Device]
2818415126,3328,129712,,,,,,,,,,1.547,464729.580,Device,,NVIDIA A100-SXM4-40GB MIG 4g.20gb (0),1,,13,[CUDA memset]
2818421782,3392,129717,,,,,,,,,,0.031,9226.405,Pinned,Device,NVIDIA A100-SXM4-40GB MIG 4g.20gb (0),1,,13,[CUDA memcpy Host-to-Device]
2818427894,9888,129718,,,,,,,,,,0.197,19883.360,Pinned,Device,NVIDIA A100-SXM4-40GB MIG 4g.20gb (0),1,,13,[CUDA memcpy Host-to-Device]
2818442902,6560,129719,273,1,1,8,4,1,39,0.002,0.000,,,,,NVIDIA A100-SXM4-40GB MIG 4g.20gb (0),1,,13,"void channel_eq::eqMmseCoefCompLowMimoKernel<float, float, float, (unsigned int)4, (unsigned int)1, (unsigned int)4>(const channel_eq::_puschRxChEqStatDescr *, channel_eq::_puschRxChEqCoefCompDynDescr)"
2818452502,6080,129720,273,1,1,12,11,1,51,0.002,0.000,,,,,NVIDIA A100-SXM4-40GB MIG 4g.20gb (0),1,,13,"void channel_eq::eqMmseSoftDemapKernel<float, __half, __half, float, (unsigned int)4, (unsigned short)16383>(channel_eq::_puschRxChEqStatDescr *, channel_eq::_puschRxChEqSoftDemapDynDescr)"
2818461654,289596,129721,1,1,1,32,32,1,30,0.000,0.000,,,,,NVIDIA A100-SXM4-40GB MIG 4g.20gb (0),1,,13,"void convert_kernel<float2, __half2>(tensor_layout_any, T1 *, tensor_layout_any, const T2 *)"
2818752210,11104,129733,2253,1,1,128,1,1,16,0.000,0.000,,,,,NVIDIA A100-SXM4-40GB MIG 4g.20gb (0),1,,13,cupy_copy__float16_float16
2818766578,2816,129742,282,1,1,128,1,1,16,0.000,0.000,,,,,NVIDIA A100-SXM4-40GB MIG 4g.20gb (0),1,,13,cupy_copy__complex64_complex64
2818772274,1984,129751,26,1,1,128,1,1,16,0.000,0.000,,,,,NVIDIA A100-SXM4-40GB MIG 4g.20gb (0),1,,13,cupy_copy__float32_float32
2818776466,4032,129760,103,1,1,128,1,1,16,0.000,0.000,,,,,NVIDIA A100-SXM4-40GB MIG 4g.20gb (0),1,,13,cupy_copy__complex64_complex64
2818781586,11808,129770,1434,1,1,128,1,1,16,0.000,0.000,,,,,NVIDIA A100-SXM4-40GB MIG 4g.20gb (0),1,,13,cupy_copy__complex64_complex64
2818794674,82431,129775,1,1,1,32,32,1,30,0.000,0.000,,,,,NVIDIA A100-SXM4-40GB MIG 4g.20gb (0),1,,13,"void convert_kernel<__half2, float2>(tensor_layout_any, T1 *, tensor_layout_any, const T2 *)"
2818905936,5536,129778,,,,,,,,,,0.094,16924.777,Pinned,Device,NVIDIA A100-SXM4-40GB MIG 4g.20gb (0),1,,13,[CUDA memcpy Host-to-Device]
2818916752,598681,129779,,,,,,,,,,456.561,762457.605,Device,,NVIDIA A100-SXM4-40GB MIG 4g.20gb (0),1,,13,[CUDA memset]
2819522473,132862,129784,,,,,,,,,,1.235,9294.189,Pinned,Device,NVIDIA A100-SXM4-40GB MIG 4g.20gb (0),1,,13,[CUDA memcpy Host-to-Device]
2819668615,39871,129785,,,,,,,,,,0.197,4930.929,Pinned,Device,NVIDIA A100-SXM4-40GB MIG 4g.20gb (0),1,,13,[CUDA memcpy Host-to-Device]
2819725734,7712,129786,69,4,1,48,1,1,76,0.002,0.000,,,,,NVIDIA A100-SXM4-40GB MIG 4g.20gb (0),1,,13,"void ch_est::windowedChEstPreNoDftSOfdmKernel<float, __half, float, (unsigned int)2, (unsigned int)1, (unsigned short)4>(ch_est::puschRxChEstStatDescr_t *, ch_est::puschRxChEstDynDescr_t *)"
2819743654,6720,129787,137,2,1,24,2,1,44,0.001,0.001,,,,,NVIDIA A100-SXM4-40GB MIG 4g.20gb (0),1,,13,"void ch_est::chEstFilterNoDftSOfdmDispatchKernel<float, __half, float, (unsigned int)2>(ch_est::puschRxChEstStatDescr_t *, ch_est::puschRxChEstDynDescr_t *)"
2819761670,4704,129788,137,2,1,24,2,1,44,0.001,0.001,,,,,NVIDIA A100-SXM4-40GB MIG 4g.20gb (0),1,,13,"void ch_est::chEstFilterNoDftSOfdmDispatchKernel<float, __half, float, (unsigned int)2>(ch_est::puschRxChEstStatDescr_t *, ch_est::puschRxChEstDynDescr_t *)"
2819779430,2688,129799,103,1,1,128,1,1,16,0.000,0.000,,,,,NVIDIA A100-SXM4-40GB MIG 4g.20gb (0),1,,13,cupy_copy__complex64_complex64
2819796325,12384,129809,1434,1,1,128,1,1,16,0.000,0.000,,,,,NVIDIA A100-SXM4-40GB MIG 4g.20gb (0),1,,13,cupy_copy__complex64_complex64
2819815077,2944,129816,103,1,1,128,1,1,16,0.000,0.000,,,,,NVIDIA A100-SXM4-40GB MIG 4g.20gb (0),1,,13,cupy_copy__complex64_complex64
2819838373,88991,129823,1,1,1,32,32,1,30,0.000,0.000,,,,,NVIDIA A100-SXM4-40GB MIG 4g.20gb (0),1,,13,"void convert_kernel<__half2, float2>(tensor_layout_any, T1 *, tensor_layout_any, const T2 *)"
2819961219,25184,129826,,,,,,,,,,0.094,3720.387,Pinned,Device,NVIDIA A100-SXM4-40GB MIG 4g.20gb (0),1,,13,[CUDA memcpy Host-to-Device]
2820010147,47263,129827,,,,,,,,,,35.810,757666.287,Device,,NVIDIA A100-SXM4-40GB MIG 4g.20gb (0),1,,13,[CUDA memset]
2820063522,10336,129829,,,,,,,,,,0.000,7.740,Pinned,Device,NVIDIA A100-SXM4-40GB MIG 4g.20gb (0),1,,13,[CUDA memcpy Host-to-Device]
2820083426,24799,129830,,,,,,,,,,0.197,7928.021,Pinned,Device,NVIDIA A100-SXM4-40GB MIG 4g.20gb (0),1,,13,[CUDA memcpy Host-to-Device]
2820127713,9984,129831,273,1,1,48,1,1,40,0.000,0.001,,,,,NVIDIA A100-SXM4-40GB MIG 4g.20gb (0),1,,13,"void pusch_noise_intf_est::noiseIntfEstNoDftSOfdmKernel<float, __half, float, float, (unsigned int)2, (unsigned int)1, (unsigned char)4, (unsigned char)4>(pusch_noise_intf_est::puschRxNoiseIntfEstDynDescr)"
2820144545,2624,129842,35,1,1,128,1,1,16,0.000,0.000,,,,,NVIDIA A100-SXM4-40GB MIG 4g.20gb (0),1,,13,cupy_copy__complex64_complex64
2820161185,1696,129851,1,1,1,1,1,1,18,0.000,0.000,,,,,NVIDIA A100-SXM4-40GB MIG 4g.20gb (0),1,,13,cupy_copy__float32_float32
2820170657,6272,129857,,,,,,,,,,0.000,0.638,Device,Pageable,NVIDIA A100-SXM4-40GB MIG 4g.20gb (0),1,,7,[CUDA memcpy Device-to-Host]
2820265312,13183,129868,1434,1,1,128,1,1,16,0.000,0.000,,,,,NVIDIA A100-SXM4-40GB MIG 4g.20gb (0),1,,13,cupy_copy__complex64_complex64
2820286943,3456,129875,103,1,1,128,1,1,16,0.000,0.000,,,,,NVIDIA A100-SXM4-40GB MIG 4g.20gb (0),1,,13,cupy_copy__complex64_complex64
2820312095,2336,129882,35,1,1,128,1,1,16,0.000,0.000,,,,,NVIDIA A100-SXM4-40GB MIG 4g.20gb (0),1,,13,cupy_copy__complex64_complex64
2820326271,1920,129889,1,1,1,1,1,1,18,0.000,0.000,,,,,NVIDIA A100-SXM4-40GB MIG 4g.20gb (0),1,,13,cupy_copy__float32_float32
2820451741,86335,129900,1,1,1,32,32,1,30,0.000,0.000,,,,,NVIDIA A100-SXM4-40GB MIG 4g.20gb (0),1,,13,"void convert_kernel<__half2, float2>(tensor_layout_any, T1 *, tensor_layout_any, const T2 *)"
2820566428,5696,129903,,,,,,,,,,0.094,16449.363,Pinned,Device,NVIDIA A100-SXM4-40GB MIG 4g.20gb (0),1,,13,[CUDA memcpy Host-to-Device]
2820580668,3520,129904,,,,,,,,,,1.547,439380.412,Device,,NVIDIA A100-SXM4-40GB MIG 4g.20gb (0),1,,13,[CUDA memset]
2820587548,3072,129909,,,,,,,,,,0.031,10187.474,Pinned,Device,NVIDIA A100-SXM4-40GB MIG 4g.20gb (0),1,,13,[CUDA memcpy Host-to-Device]
2820593595,9696,129910,,,,,,,,,,0.197,20277.166,Pinned,Device,NVIDIA A100-SXM4-40GB MIG 4g.20gb (0),1,,13,[CUDA memcpy Host-to-Device]
2820609531,6016,129911,273,1,1,8,4,1,39,0.002,0.000,,,,,NVIDIA A100-SXM4-40GB MIG 4g.20gb (0),1,,13,"void channel_eq::eqMmseCoefCompLowMimoKernel<float, float, float, (unsigned int)4, (unsigned int)1, (unsigned int)4>(const channel_eq::_puschRxChEqStatDescr *, channel_eq::_puschRxChEqCoefCompDynDescr)"
2820616859,8160,129912,273,1,1,12,11,1,51,0.002,0.000,,,,,NVIDIA A100-SXM4-40GB MIG 4g.20gb (0),1,,13,"void channel_eq::eqMmseSoftDemapKernel<float, __half, __half, float, (unsigned int)4, (unsigned short)16383>(channel_eq::_puschRxChEqStatDescr *, channel_eq::_puschRxChEqSoftDemapDynDescr)"
2820626619,282589,129913,1,1,1,32,32,1,30,0.000,0.000,,,,,NVIDIA A100-SXM4-40GB MIG 4g.20gb (0),1,,13,"void convert_kernel<float2, __half2>(tensor_layout_any, T1 *, tensor_layout_any, const T2 *)"
2820910552,10879,129925,2253,1,1,128,1,1,16,0.000,0.000,,,,,NVIDIA A100-SXM4-40GB MIG 4g.20gb (0),1,,13,cupy_copy__float16_float16
2820924663,3264,129934,282,1,1,128,1,1,16,0.000,0.000,,,,,NVIDIA A100-SXM4-40GB MIG 4g.20gb (0),1,,13,cupy_copy__complex64_complex64
2820930167,2304,129943,26,1,1,128,1,1,16,0.000,0.000,,,,,NVIDIA A100-SXM4-40GB MIG 4g.20gb (0),1,,13,cupy_copy__float32_float32
2820934135,2784,129952,103,1,1,128,1,1,16,0.000,0.000,,,,,NVIDIA A100-SXM4-40GB MIG 4g.20gb (0),1,,13,cupy_copy__complex64_complex64
2820940023,12160,129962,1434,1,1,128,1,1,16,0.000,0.000,,,,,NVIDIA A100-SXM4-40GB MIG 4g.20gb (0),1,,13,cupy_copy__complex64_complex64
2820959607,86815,129967,1,1,1,32,32,1,30,0.000,0.000,,,,,NVIDIA A100-SXM4-40GB MIG 4g.20gb (0),1,,13,"void convert_kernel<__half2, float2>(tensor_layout_any, T1 *, tensor_layout_any, const T2 *)"
2821074038,5599,129970,,,,,,,,,,0.094,16734.387,Pinned,Device,NVIDIA A100-SXM4-40GB MIG 4g.20gb (0),1,,13,[CUDA memcpy Host-to-Device]
2821083925,598905,129971,,,,,,,,,,456.561,762001.043,Device,,NVIDIA A100-SXM4-40GB MIG 4g.20gb (0),1,,13,[CUDA memset]
2821686894,74207,129976,,,,,,,,,,1.235,16640.870,Pinned,Device,NVIDIA A100-SXM4-40GB MIG 4g.20gb (0),1,,13,[CUDA memcpy Host-to-Device]
2821767533,16800,129977,,,,,,,,,,0.197,11702.698,Pinned,Device,NVIDIA A100-SXM4-40GB MIG 4g.20gb (0),1,,13,[CUDA memcpy Host-to-Device]
2821798093,8319,129978,69,4,1,48,1,1,76,0.002,0.000,,,,,NVIDIA A100-SXM4-40GB MIG 4g.20gb (0),1,,13,"void ch_est::windowedChEstPreNoDftSOfdmKernel<float, __half, float, (unsigned int)2, (unsigned int)1, (unsigned short)4>(ch_est::puschRxChEstStatDescr_t *, ch_est::puschRxChEstDynDescr_t *)"
2821813868,7072,129979,137,2,1,24,2,1,44,0.001,0.001,,,,,NVIDIA A100-SXM4-40GB MIG 4g.20gb (0),1,,13,"void ch_est::chEstFilterNoDftSOfdmDispatchKernel<float, __half, float, (unsigned int)2>(ch_est::puschRxChEstStatDescr_t *, ch_est::puschRxChEstDynDescr_t *)"
2821828908,5088,129980,137,2,1,24,2,1,44,0.001,0.001,,,,,NVIDIA A100-SXM4-40GB MIG 4g.20gb (0),1,,13,"void ch_est::chEstFilterNoDftSOfdmDispatchKernel<float, __half, float, (unsigned int)2>(ch_est::puschRxChEstStatDescr_t *, ch_est::puschRxChEstDynDescr_t *)"
2821836620,3168,129991,103,1,1,128,1,1,16,0.000,0.000,,,,,NVIDIA A100-SXM4-40GB MIG 4g.20gb (0),1,,13,cupy_copy__complex64_complex64
2821845836,12576,130001,1434,1,1,128,1,1,16,0.000,0.000,,,,,NVIDIA A100-SXM4-40GB MIG 4g.20gb (0),1,,13,cupy_copy__complex64_complex64
2821866444,2976,130008,103,1,1,128,1,1,16,0.000,0.000,,,,,NVIDIA A100-SXM4-40GB MIG 4g.20gb (0),1,,13,cupy_copy__complex64_complex64
2821874028,88351,130015,1,1,1,32,32,1,30,0.000,0.000,,,,,NVIDIA A100-SXM4-40GB MIG 4g.20gb (0),1,,13,"void convert_kernel<__half2, float2>(tensor_layout_any, T1 *, tensor_layout_any, const T2 *)"
2821992426,5792,130018,,,,,,,,,,0.094,16176.708,Pinned,Device,NVIDIA A100-SXM4-40GB MIG 4g.20gb (0),1,,13,[CUDA memcpy Host-to-Device]
2822004842,48511,130019,,,,,,,,,,35.810,738149.881,Device,,NVIDIA A100-SXM4-40GB MIG 4g.20gb (0),1,,13,[CUDA memset]
2822058569,3232,130021,,,,,,,,,,0.000,24.752,Pinned,Device,NVIDIA A100-SXM4-40GB MIG 4g.20gb (0),1,,13,[CUDA memcpy Host-to-Device]
2822066985,12960,130022,,,,,,,,,,0.197,15170.273,Pinned,Device,NVIDIA A100-SXM4-40GB MIG 4g.20gb (0),1,,13,[CUDA memcpy Host-to-Device]
2822090985,9184,130023,273,1,1,48,1,1,40,0.000,0.001,,,,,NVIDIA A100-SXM4-40GB MIG 4g.20gb (0),1,,13,"void pusch_noise_intf_est::noiseIntfEstNoDftSOfdmKernel<float, __half, float, float, (unsigned int)2, (unsigned int)1, (unsigned char)4, (unsigned char)4>(pusch_noise_intf_est::puschRxNoiseIntfEstDynDescr)"
2822101833,2880,130034,35,1,1,128,1,1,16,0.000,0.000,,,,,NVIDIA A100-SXM4-40GB MIG 4g.20gb (0),1,,13,cupy_copy__complex64_complex64
2822112585,1888,130043,1,1,1,1,1,1,18,0.000,0.000,,,,,NVIDIA A100-SXM4-40GB MIG 4g.20gb (0),1,,13,cupy_copy__float32_float32
2822146152,1568,130049,,,,,,,,,,0.000,2.551,Device,Pageable,NVIDIA A100-SXM4-40GB MIG 4g.20gb (0),1,,7,[CUDA memcpy Device-to-Host]
2822206056,13087,130060,1434,1,1,128,1,1,16,0.000,0.000,,,,,NVIDIA A100-SXM4-40GB MIG 4g.20gb (0),1,,13,cupy_copy__complex64_complex64
2822232999,2848,130067,103,1,1,128,1,1,16,0.000,0.000,,,,,NVIDIA A100-SXM4-40GB MIG 4g.20gb (0),1,,13,cupy_copy__complex64_complex64
2822253223,2336,130074,35,1,1,128,1,1,16,0.000,0.000,,,,,NVIDIA A100-SXM4-40GB MIG 4g.20gb (0),1,,13,cupy_copy__complex64_complex64
2822271079,1824,130081,1,1,1,1,1,1,18,0.000,0.000,,,,,NVIDIA A100-SXM4-40GB MIG 4g.20gb (0),1,,13,cupy_copy__float32_float32
2822402597,82367,130092,1,1,1,32,32,1,30,0.000,0.000,,,,,NVIDIA A100-SXM4-40GB MIG 4g.20gb (0),1,,13,"void convert_kernel<__half2, float2>(tensor_layout_any, T1 *, tensor_layout_any, const T2 *)"
2822512036,5408,130095,,,,,,,,,,0.094,17325.421,Pinned,Device,NVIDIA A100-SXM4-40GB MIG 4g.20gb (0),1,,13,[CUDA memcpy Host-to-Device]
2822526500,3136,130096,,,,,,,,,,1.547,493182.821,Device,,NVIDIA A100-SXM4-40GB MIG 4g.20gb (0),1,,13,[CUDA memset]
2822533476,3423,130101,,,,,,,,,,0.031,9142.845,Pinned,Device,NVIDIA A100-SXM4-40GB MIG 4g.20gb (0),1,,13,[CUDA memcpy Host-to-Device]
2822539171,9824,130102,,,,,,,,,,0.197,20012.925,Pinned,Device,NVIDIA A100-SXM4-40GB MIG 4g.20gb (0),1,,13,[CUDA memcpy Host-to-Device]
2822557603,5920,130103,273,1,1,8,4,1,39,0.002,0.000,,,,,NVIDIA A100-SXM4-40GB MIG 4g.20gb (0),1,,13,"void channel_eq::eqMmseCoefCompLowMimoKernel<float, float, float, (unsigned int)4, (unsigned int)1, (unsigned int)4>(const channel_eq::_puschRxChEqStatDescr *, channel_eq::_puschRxChEqCoefCompDynDescr)"
2822566659,6272,130104,273,1,1,12,11,1,51,0.002,0.000,,,,,NVIDIA A100-SXM4-40GB MIG 4g.20gb (0),1,,13,"void channel_eq::eqMmseSoftDemapKernel<float, __half, __half, float, (unsigned int)4, (unsigned short)16383>(channel_eq::_puschRxChEqStatDescr *, channel_eq::_puschRxChEqSoftDemapDynDescr)"
2822573987,294108,130105,1,1,1,32,32,1,30,0.000,0.000,,,,,NVIDIA A100-SXM4-40GB MIG 4g.20gb (0),1,,13,"void convert_kernel<float2, __half2>(tensor_layout_any, T1 *, tensor_layout_any, const T2 *)"
2822870975,11040,130117,2253,1,1,128,1,1,16,0.000,0.000,,,,,NVIDIA A100-SXM4-40GB MIG 4g.20gb (0),1,,13,cupy_copy__float16_float16
2822884639,2848,130126,282,1,1,128,1,1,16,0.000,0.000,,,,,NVIDIA A100-SXM4-40GB MIG 4g.20gb (0),1,,13,cupy_copy__complex64_complex64
2822891487,2304,130135,26,1,1,128,1,1,16,0.000,0.000,,,,,NVIDIA A100-SXM4-40GB MIG 4g.20gb (0),1,,13,cupy_copy__float32_float32
2822896191,2976,130144,103,1,1,128,1,1,16,0.000,0.000,,,,,NVIDIA A100-SXM4-40GB MIG 4g.20gb (0),1,,13,cupy_copy__complex64_complex64
2822901343,12160,130154,1434,1,1,128,1,1,16,0.000,0.000,,,,,NVIDIA A100-SXM4-40GB MIG 4g.20gb (0),1,,13,cupy_copy__complex64_complex64
2822915103,82047,130159,1,1,1,32,32,1,30,0.000,0.000,,,,,NVIDIA A100-SXM4-40GB MIG 4g.20gb (0),1,,13,"void convert_kernel<__half2, float2>(tensor_layout_any, T1 *, tensor_layout_any, const T2 *)"
2823024285,5536,130162,,,,,,,,,,0.094,16924.777,Pinned,Device,NVIDIA A100-SXM4-40GB MIG 4g.20gb (0),1,,13,[CUDA memcpy Host-to-Device]
2823035229,597081,130163,,,,,,,,,,456.561,764283.851,Device,,NVIDIA A100-SXM4-40GB MIG 4g.20gb (0),1,,13,[CUDA memset]
2823637878,115326,130168,,,,,,,,,,1.235,10708.199,Pinned,Device,NVIDIA A100-SXM4-40GB MIG 4g.20gb (0),1,,13,[CUDA memcpy Host-to-Device]
2823768052,36512,130169,,,,,,,,,,0.197,5384.700,Pinned,Device,NVIDIA A100-SXM4-40GB MIG 4g.20gb (0),1,,13,[CUDA memcpy Host-to-Device]
2823830451,8192,130170,69,4,1,48,1,1,76,0.002,0.000,,,,,NVIDIA A100-SXM4-40GB MIG 4g.20gb (0),1,,13,"void ch_est::windowedChEstPreNoDftSOfdmKernel<float, __half, float, (unsigned int)2, (unsigned int)1, (unsigned short)4>(ch_est::puschRxChEstStatDescr_t *, ch_est::puschRxChEstDynDescr_t *)"
2823843507,6592,130171,137,2,1,24,2,1,44,0.001,0.001,,,,,NVIDIA A100-SXM4-40GB MIG 4g.20gb (0),1,,13,"void ch_est::chEstFilterNoDftSOfdmDispatchKernel<float, __half, float, (unsigned int)2>(ch_est::puschRxChEstStatDescr_t *, ch_est::puschRxChEstDynDescr_t *)"
2823858131,5120,130172,137,2,1,24,2,1,44,0.001,0.001,,,,,NVIDIA A100-SXM4-40GB MIG 4g.20gb (0),1,,13,"void ch_est::chEstFilterNoDftSOfdmDispatchKernel<float, __half, float, (unsigned int)2>(ch_est::puschRxChEstStatDescr_t *, ch_est::puschRxChEstDynDescr_t *)"
2823868787,2752,130183,103,1,1,128,1,1,16,0.000,0.000,,,,,NVIDIA A100-SXM4-40GB MIG 4g.20gb (0),1,,13,cupy_copy__complex64_complex64
2823881747,12608,130193,1434,1,1,128,1,1,16,0.000,0.000,,,,,NVIDIA A100-SXM4-40GB MIG 4g.20gb (0),1,,13,cupy_copy__complex64_complex64
2823900627,2944,130200,103,1,1,128,1,1,16,0.000,0.000,,,,,NVIDIA A100-SXM4-40GB MIG 4g.20gb (0),1,,13,cupy_copy__complex64_complex64
2823913202,85407,130207,1,1,1,32,32,1,30,0.000,0.000,,,,,NVIDIA A100-SXM4-40GB MIG 4g.20gb (0),1,,13,"void convert_kernel<__half2, float2>(tensor_layout_any, T1 *, tensor_layout_any, const T2 *)"
2824028081,13376,130210,,,,,,,,,,0.094,7004.713,Pinned,Device,NVIDIA A100-SXM4-40GB MIG 4g.20gb (0),1,,13,[CUDA memcpy Host-to-Device]
2824047505,47263,130211,,,,,,,,,,35.810,757666.287,Device,,NVIDIA A100-SXM4-40GB MIG 4g.20gb (0),1,,13,[CUDA memset]
2824097040,7712,130213,,,,,,,,,,0.000,10.373,Pinned,Device,NVIDIA A100-SXM4-40GB MIG 4g.20gb (0),1,,13,[CUDA memcpy Host-to-Device]
2824110096,18368,130214,,,,,,,,,,0.197,10703.733,Pinned,Device,NVIDIA A100-SXM4-40GB MIG 4g.20gb (0),1,,13,[CUDA memcpy Host-to-Device]
2824141136,9728,130215,273,1,1,48,1,1,40,0.000,0.001,,,,,NVIDIA A100-SXM4-40GB MIG 4g.20gb (0),1,,13,"void pusch_noise_intf_est::noiseIntfEstNoDftSOfdmKernel<float, __half, float, float, (unsigned int)2, (unsigned int)1, (unsigned char)4, (unsigned char)4>(pusch_noise_intf_est::puschRxNoiseIntfEstDynDescr)"
2824161263,3104,130226,35,1,1,128,1,1,16,0.000,0.000,,,,,NVIDIA A100-SXM4-40GB MIG 4g.20gb (0),1,,13,cupy_copy__complex64_complex64
2824170159,1696,130235,1,1,1,1,1,1,18,0.000,0.000,,,,,NVIDIA A100-SXM4-40GB MIG 4g.20gb (0),1,,13,cupy_copy__float32_float32
2824184975,3616,130241,,,,,,,,,,0.000,1.106,Device,Pageable,NVIDIA A100-SXM4-40GB MIG 4g.20gb (0),1,,7,[CUDA memcpy Device-to-Host]
2824250318,12672,130252,1434,1,1,128,1,1,16,0.000,0.000,,,,,NVIDIA A100-SXM4-40GB MIG 4g.20gb (0),1,,13,cupy_copy__complex64_complex64
2824277390,3424,130259,103,1,1,128,1,1,16,0.000,0.000,,,,,NVIDIA A100-SXM4-40GB MIG 4g.20gb (0),1,,13,cupy_copy__complex64_complex64
2824298446,2688,130266,35,1,1,128,1,1,16,0.000,0.000,,,,,NVIDIA A100-SXM4-40GB MIG 4g.20gb (0),1,,13,cupy_copy__complex64_complex64
2824317325,1920,130273,1,1,1,1,1,1,18,0.000,0.000,,,,,NVIDIA A100-SXM4-40GB MIG 4g.20gb (0),1,,13,cupy_copy__float32_float32
2824448748,82719,130284,1,1,1,32,32,1,30,0.000,0.000,,,,,NVIDIA A100-SXM4-40GB MIG 4g.20gb (0),1,,13,"void convert_kernel<__half2, float2>(tensor_layout_any, T1 *, tensor_layout_any, const T2 *)"
2824559786,5664,130287,,,,,,,,,,0.094,16542.310,Pinned,Device,NVIDIA A100-SXM4-40GB MIG 4g.20gb (0),1,,13,[CUDA memcpy Host-to-Device]
2824575114,3392,130288,,,,,,,,,,1.547,455961.768,Device,,NVIDIA A100-SXM4-40GB MIG 4g.20gb (0),1,,13,[CUDA memset]
2824581066,3680,130293,,,,,,,,,,0.031,8504.344,Pinned,Device,NVIDIA A100-SXM4-40GB MIG 4g.20gb (0),1,,13,[CUDA memcpy Host-to-Device]
2824587306,10112,130294,,,,,,,,,,0.197,19442.958,Pinned,Device,NVIDIA A100-SXM4-40GB MIG 4g.20gb (0),1,,13,[CUDA memcpy Host-to-Device]
2824601386,6752,130295,273,1,1,8,4,1,39,0.002,0.000,,,,,NVIDIA A100-SXM4-40GB MIG 4g.20gb (0),1,,13,"void channel_eq::eqMmseCoefCompLowMimoKernel<float, float, float, (unsigned int)4, (unsigned int)1, (unsigned int)4>(const channel_eq::_puschRxChEqStatDescr *, channel_eq::_puschRxChEqCoefCompDynDescr)"
2824611210,6240,130296,273,1,1,12,11,1,51,0.002,0.000,,,,,NVIDIA A100-SXM4-40GB MIG 4g.20gb (0),1,,13,"void channel_eq::eqMmseSoftDemapKernel<float, __half, __half, float, (unsigned int)4, (unsigned short)16383>(channel_eq::_puschRxChEqStatDescr *, channel_eq::_puschRxChEqSoftDemapDynDescr)"
2824619562,299868,130297,1,1,1,32,32,1,30,0.000,0.000,,,,,NVIDIA A100-SXM4-40GB MIG 4g.20gb (0),1,,13,"void convert_kernel<float2, __half2>(tensor_layout_any, T1 *, tensor_layout_any, const T2 *)"
2824920422,10880,130309,2253,1,1,128,1,1,16,0.000,0.000,,,,,NVIDIA A100-SXM4-40GB MIG 4g.20gb (0),1,,13,cupy_copy__float16_float16
2824934278,3520,130318,282,1,1,128,1,1,16,0.000,0.000,,,,,NVIDIA A100-SXM4-40GB MIG 4g.20gb (0),1,,13,cupy_copy__complex64_complex64
2824942598,2016,130327,26,1,1,128,1,1,16,0.000,0.000,,,,,NVIDIA A100-SXM4-40GB MIG 4g.20gb (0),1,,13,cupy_copy__float32_float32
2824947558,3040,130336,103,1,1,128,1,1,16,0.000,0.000,,,,,NVIDIA A100-SXM4-40GB MIG 4g.20gb (0),1,,13,cupy_copy__complex64_complex64
2824953734,12447,130346,1434,1,1,128,1,1,16,0.000,0.000,,,,,NVIDIA A100-SXM4-40GB MIG 4g.20gb (0),1,,13,cupy_copy__complex64_complex64
2824972133,82047,130351,1,1,1,32,32,1,30,0.000,0.000,,,,,NVIDIA A100-SXM4-40GB MIG 4g.20gb (0),1,,13,"void convert_kernel<__half2, float2>(tensor_layout_any, T1 *, tensor_layout_any, const T2 *)"
2825081732,5888,130354,,,,,,,,,,0.094,15912.954,Pinned,Device,NVIDIA A100-SXM4-40GB MIG 4g.20gb (0),1,,13,[CUDA memcpy Host-to-Device]
2825092260,595705,130355,,,,,,,,,,456.561,766110.096,Device,,NVIDIA A100-SXM4-40GB MIG 4g.20gb (0),1,,13,[CUDA memset]
2825691868,169374,130360,,,,,,,,,,1.235,7291.109,Pinned,Device,NVIDIA A100-SXM4-40GB MIG 4g.20gb (0),1,,13,[CUDA memcpy Host-to-Device]
2825872826,41472,130361,,,,,,,,,,0.197,4740.612,Pinned,Device,NVIDIA A100-SXM4-40GB MIG 4g.20gb (0),1,,13,[CUDA memcpy Host-to-Device]
2825935673,8320,130362,69,4,1,48,1,1,76,0.002,0.000,,,,,NVIDIA A100-SXM4-40GB MIG 4g.20gb (0),1,,13,"void ch_est::windowedChEstPreNoDftSOfdmKernel<float, __half, float, (unsigned int)2, (unsigned int)1, (unsigned short)4>(ch_est::puschRxChEstStatDescr_t *, ch_est::puschRxChEstDynDescr_t *)"
2825955065,6944,130363,137,2,1,24,2,1,44,0.001,0.001,,,,,NVIDIA A100-SXM4-40GB MIG 4g.20gb (0),1,,13,"void ch_est::chEstFilterNoDftSOfdmDispatchKernel<float, __half, float, (unsigned int)2>(ch_est::puschRxChEstStatDescr_t *, ch_est::puschRxChEstDynDescr_t *)"
2825972729,4832,130364,137,2,1,24,2,1,44,0.001,0.001,,,,,NVIDIA A100-SXM4-40GB MIG 4g.20gb (0),1,,13,"void ch_est::chEstFilterNoDftSOfdmDispatchKernel<float, __half, float, (unsigned int)2>(ch_est::puschRxChEstStatDescr_t *, ch_est::puschRxChEstDynDescr_t *)"
2825990169,2592,130375,103,1,1,128,1,1,16,0.000,0.000,,,,,NVIDIA A100-SXM4-40GB MIG 4g.20gb (0),1,,13,cupy_copy__complex64_complex64
2826006809,12383,130385,1434,1,1,128,1,1,16,0.000,0.000,,,,,NVIDIA A100-SXM4-40GB MIG 4g.20gb (0),1,,13,cupy_copy__complex64_complex64
2826025880,2912,130392,103,1,1,128,1,1,16,0.000,0.000,,,,,NVIDIA A100-SXM4-40GB MIG 4g.20gb (0),1,,13,cupy_copy__complex64_complex64
2826046936,86335,130399,1,1,1,32,32,1,30,0.000,0.000,,,,,NVIDIA A100-SXM4-40GB MIG 4g.20gb (0),1,,13,"void convert_kernel<__half2, float2>(tensor_layout_any, T1 *, tensor_layout_any, const T2 *)"
2826162391,13151,130402,,,,,,,,,,0.094,7124.550,Pinned,Device,NVIDIA A100-SXM4-40GB MIG 4g.20gb (0),1,,13,[CUDA memcpy Host-to-Device]
2826187062,46944,130403,,,,,,,,,,35.810,762787.106,Device,,NVIDIA A100-SXM4-40GB MIG 4g.20gb (0),1,,13,[CUDA memset]
2826235766,6464,130405,,,,,,,,,,0.000,12.376,Pinned,Device,NVIDIA A100-SXM4-40GB MIG 4g.20gb (0),1,,13,[CUDA memcpy Host-to-Device]
2826246422,23007,130406,,,,,,,,,,0.197,8545.567,Pinned,Device,NVIDIA A100-SXM4-40GB MIG 4g.20gb (0),1,,13,[CUDA memcpy Host-to-Device]
2826287445,9248,130407,273,1,1,48,1,1,40,0.000,0.001,,,,,NVIDIA A100-SXM4-40GB MIG 4g.20gb (0),1,,13,"void pusch_noise_intf_est::noiseIntfEstNoDftSOfdmKernel<float, __half, float, float, (unsigned int)2, (unsigned int)1, (unsigned char)4, (unsigned char)4>(pusch_noise_intf_est::puschRxNoiseIntfEstDynDescr)"
2826305269,2912,130418,35,1,1,128,1,1,16,0.000,0.000,,,,,NVIDIA A100-SXM4-40GB MIG 4g.20gb (0),1,,13,cupy_copy__complex64_complex64
2826316725,1888,130427,1,1,1,1,1,1,18,0.000,0.000,,,,,NVIDIA A100-SXM4-40GB MIG 4g.20gb (0),1,,13,cupy_copy__float32_float32
2826321365,2336,130433,,,,,,,,,,0.000,1.712,Device,Pageable,NVIDIA A100-SXM4-40GB MIG 4g.20gb (0),1,,7,[CUDA memcpy Device-to-Host]
2826393684,12864,130444,1434,1,1,128,1,1,16,0.000,0.000,,,,,NVIDIA A100-SXM4-40GB MIG 4g.20gb (0),1,,13,cupy_copy__complex64_complex64
2826419731,2688,130451,103,1,1,128,1,1,16,0.000,0.000,,,,,NVIDIA A100-SXM4-40GB MIG 4g.20gb (0),1,,13,cupy_copy__complex64_complex64
2826444659,2752,130458,35,1,1,128,1,1,16,0.000,0.000,,,,,NVIDIA A100-SXM4-40GB MIG 4g.20gb (0),1,,13,cupy_copy__complex64_complex64
2826455379,1888,130465,1,1,1,1,1,1,18,0.000,0.000,,,,,NVIDIA A100-SXM4-40GB MIG 4g.20gb (0),1,,13,cupy_copy__float32_float32
2826587761,81631,130476,1,1,1,32,32,1,30,0.000,0.000,,,,,NVIDIA A100-SXM4-40GB MIG 4g.20gb (0),1,,13,"void convert_kernel<__half2, float2>(tensor_layout_any, T1 *, tensor_layout_any, const T2 *)"
2826697360,5856,130479,,,,,,,,,,0.094,15999.997,Pinned,Device,NVIDIA A100-SXM4-40GB MIG 4g.20gb (0),1,,13,[CUDA memcpy Host-to-Device]
2826711088,3328,130480,,,,,,,,,,1.547,464729.580,Device,,NVIDIA A100-SXM4-40GB MIG 4g.20gb (0),1,,13,[CUDA memset]
2826717904,3360,130485,,,,,,,,,,0.031,9314.284,Pinned,Device,NVIDIA A100-SXM4-40GB MIG 4g.20gb (0),1,,13,[CUDA memcpy Host-to-Device]
2826723792,9312,130486,,,,,,,,,,0.197,21113.340,Pinned,Device,NVIDIA A100-SXM4-40GB MIG 4g.20gb (0),1,,13,[CUDA memcpy Host-to-Device]
2826737744,6751,130487,273,1,1,8,4,1,39,0.002,0.000,,,,,NVIDIA A100-SXM4-40GB MIG 4g.20gb (0),1,,13,"void channel_eq::eqMmseCoefCompLowMimoKernel<float, float, float, (unsigned int)4, (unsigned int)1, (unsigned int)4>(const channel_eq::_puschRxChEqStatDescr *, channel_eq::_puschRxChEqCoefCompDynDescr)"
2826745935,5760,130488,273,1,1,12,11,1,51,0.002,0.000,,,,,NVIDIA A100-SXM4-40GB MIG 4g.20gb (0),1,,13,"void channel_eq::eqMmseSoftDemapKernel<float, __half, __half, float, (unsigned int)4, (unsigned short)16383>(channel_eq::_puschRxChEqStatDescr *, channel_eq::_puschRxChEqSoftDemapDynDescr)"
2826753039,289181,130489,1,1,1,32,32,1,30,0.000,0.000,,,,,NVIDIA A100-SXM4-40GB MIG 4g.20gb (0),1,,13,"void convert_kernel<float2, __half2>(tensor_layout_any, T1 *, tensor_layout_any, const T2 *)"
2827043308,10976,130501,2253,1,1,128,1,1,16,0.000,0.000,,,,,NVIDIA A100-SXM4-40GB MIG 4g.20gb (0),1,,13,cupy_copy__float16_float16
2827059212,2688,130510,282,1,1,128,1,1,16,0.000,0.000,,,,,NVIDIA A100-SXM4-40GB MIG 4g.20gb (0),1,,13,cupy_copy__complex64_complex64
2827064843,2048,130519,26,1,1,128,1,1,16,0.000,0.000,,,,,NVIDIA A100-SXM4-40GB MIG 4g.20gb (0),1,,13,cupy_copy__float32_float32
2827069099,4672,130528,103,1,1,128,1,1,16,0.000,0.000,,,,,NVIDIA A100-SXM4-40GB MIG 4g.20gb (0),1,,13,cupy_copy__complex64_complex64
2827076107,12608,130538,1434,1,1,128,1,1,16,0.000,0.000,,,,,NVIDIA A100-SXM4-40GB MIG 4g.20gb (0),1,,13,cupy_copy__complex64_complex64
2827098315,82527,130543,1,1,1,32,32,1,30,0.000,0.000,,,,,NVIDIA A100-SXM4-40GB MIG 4g.20gb (0),1,,13,"void convert_kernel<__half2, float2>(tensor_layout_any, T1 *, tensor_layout_any, const T2 *)"
2827208138,5760,130546,,,,,,,,,,0.094,16266.656,Pinned,Device,NVIDIA A100-SXM4-40GB MIG 4g.20gb (0),1,,13,[CUDA memcpy Host-to-Device]
2827218122,602488,130547,,,,,,,,,,456.561,757435.429,Device,,NVIDIA A100-SXM4-40GB MIG 4g.20gb (0),1,,13,[CUDA memset]
2827827266,153950,130552,,,,,,,,,,1.235,8020.961,Pinned,Device,NVIDIA A100-SXM4-40GB MIG 4g.20gb (0),1,,13,[CUDA memcpy Host-to-Device]
2827992224,33344,130553,,,,,,,,,,0.197,5896.274,Pinned,Device,NVIDIA A100-SXM4-40GB MIG 4g.20gb (0),1,,13,[CUDA memcpy Host-to-Device]
2828040383,8064,130554,69,4,1,48,1,1,76,0.002,0.000,,,,,NVIDIA A100-SXM4-40GB MIG 4g.20gb (0),1,,13,"void ch_est::windowedChEstPreNoDftSOfdmKernel<float, __half, float, (unsigned int)2, (unsigned int)1, (unsigned short)4>(ch_est::puschRxChEstStatDescr_t *, ch_est::puschRxChEstDynDescr_t *)"
2828055743,6752,130555,137,2,1,24,2,1,44,0.001,0.001,,,,,NVIDIA A100-SXM4-40GB MIG 4g.20gb (0),1,,13,"void ch_est::chEstFilterNoDftSOfdmDispatchKernel<float, __half, float, (unsigned int)2>(ch_est::puschRxChEstStatDescr_t *, ch_est::puschRxChEstDynDescr_t *)"
2828068543,4736,130556,137,2,1,24,2,1,44,0.001,0.001,,,,,NVIDIA A100-SXM4-40GB MIG 4g.20gb (0),1,,13,"void ch_est::chEstFilterNoDftSOfdmDispatchKernel<float, __half, float, (unsigned int)2>(ch_est::puschRxChEstStatDescr_t *, ch_est::puschRxChEstDynDescr_t *)"
2828084127,2656,130567,103,1,1,128,1,1,16,0.000,0.000,,,,,NVIDIA A100-SXM4-40GB MIG 4g.20gb (0),1,,13,cupy_copy__complex64_complex64
2828096575,12512,130577,1434,1,1,128,1,1,16,0.000,0.000,,,,,NVIDIA A100-SXM4-40GB MIG 4g.20gb (0),1,,13,cupy_copy__complex64_complex64
2828123358,2400,130584,103,1,1,128,1,1,16,0.000,0.000,,,,,NVIDIA A100-SXM4-40GB MIG 4g.20gb (0),1,,13,cupy_copy__complex64_complex64
2828139038,87199,130591,1,1,1,32,32,1,30,0.000,0.000,,,,,NVIDIA A100-SXM4-40GB MIG 4g.20gb (0),1,,13,"void convert_kernel<__half2, float2>(tensor_layout_any, T1 *, tensor_layout_any, const T2 *)"
2828258141,21791,130594,,,,,,,,,,0.094,4299.709,Pinned,Device,NVIDIA A100-SXM4-40GB MIG 4g.20gb (0),1,,13,[CUDA memcpy Host-to-Device]
2828291612,47200,130595,,,,,,,,,,35.810,758668.965,Device,,NVIDIA A100-SXM4-40GB MIG 4g.20gb (0),1,,13,[CUDA memset]
2828345852,9536,130597,,,,,,,,,,0.000,8.389,Pinned,Device,NVIDIA A100-SXM4-40GB MIG 4g.20gb (0),1,,13,[CUDA memcpy Host-to-Device]
2828367003,24032,130598,,,,,,,,,,0.197,8181.055,Pinned,Device,NVIDIA A100-SXM4-40GB MIG 4g.20gb (0),1,,13,[CUDA memcpy Host-to-Device]
2828416379,9824,130599,273,1,1,48,1,1,40,0.000,0.001,,,,,NVIDIA A100-SXM4-40GB MIG 4g.20gb (0),1,,13,"void pusch_noise_intf_est::noiseIntfEstNoDftSOfdmKernel<float, __half, float, float, (unsigned int)2, (unsigned int)1, (unsigned char)4, (unsigned char)4>(pusch_noise_intf_est::puschRxNoiseIntfEstDynDescr)"
2828431067,3008,130610,35,1,1,128,1,1,16,0.000,0.000,,,,,NVIDIA A100-SXM4-40GB MIG 4g.20gb (0),1,,13,cupy_copy__complex64_complex64
2828442042,1696,130619,1,1,1,1,1,1,18,0.000,0.000,,,,,NVIDIA A100-SXM4-40GB MIG 4g.20gb (0),1,,13,cupy_copy__float32_float32
2828449594,3648,130625,,,,,,,,,,0.000,1.096,Device,Pageable,NVIDIA A100-SXM4-40GB MIG 4g.20gb (0),1,,7,[CUDA memcpy Device-to-Host]
2828527033,13024,130636,1434,1,1,128,1,1,16,0.000,0.000,,,,,NVIDIA A100-SXM4-40GB MIG 4g.20gb (0),1,,13,cupy_copy__complex64_complex64
2828555193,3328,130643,103,1,1,128,1,1,16,0.000,0.000,,,,,NVIDIA A100-SXM4-40GB MIG 4g.20gb (0),1,,13,cupy_copy__complex64_complex64
2828576409,2912,130650,35,1,1,128,1,1,16,0.000,0.000,,,,,NVIDIA A100-SXM4-40GB MIG 4g.20gb (0),1,,13,cupy_copy__complex64_complex64
2828592505,1792,130657,1,1,1,1,1,1,18,0.000,0.000,,,,,NVIDIA A100-SXM4-40GB MIG 4g.20gb (0),1,,13,cupy_copy__float32_float32
2828724375,85535,130668,1,1,1,32,32,1,30,0.000,0.000,,,,,NVIDIA A100-SXM4-40GB MIG 4g.20gb (0),1,,13,"void convert_kernel<__half2, float2>(tensor_layout_any, T1 *, tensor_layout_any, const T2 *)"
2828838486,11551,130671,,,,,,,,,,0.094,8111.450,Pinned,Device,NVIDIA A100-SXM4-40GB MIG 4g.20gb (0),1,,13,[CUDA memcpy Host-to-Device]
2828858645,3424,130672,,,,,,,,,,1.547,451700.819,Device,,NVIDIA A100-SXM4-40GB MIG 4g.20gb (0),1,,13,[CUDA memset]
2828869109,3136,130677,,,,,,,,,,0.031,9979.575,Pinned,Device,NVIDIA A100-SXM4-40GB MIG 4g.20gb (0),1,,13,[CUDA memcpy Host-to-Device]
2828876661,10528,130678,,,,,,,,,,0.197,18674.614,Pinned,Device,NVIDIA A100-SXM4-40GB MIG 4g.20gb (0),1,,13,[CUDA memcpy Host-to-Device]
2828895061,6240,130679,273,1,1,8,4,1,39,0.002,0.000,,,,,NVIDIA A100-SXM4-40GB MIG 4g.20gb (0),1,,13,"void channel_eq::eqMmseCoefCompLowMimoKernel<float, float, float, (unsigned int)4, (unsigned int)1, (unsigned int)4>(const channel_eq::_puschRxChEqStatDescr *, channel_eq::_puschRxChEqCoefCompDynDescr)"
2828905525,6304,130680,273,1,1,12,11,1,51,0.002,0.000,,,,,NVIDIA A100-SXM4-40GB MIG 4g.20gb (0),1,,13,"void channel_eq::eqMmseSoftDemapKernel<float, __half, __half, float, (unsigned int)4, (unsigned short)16383>(channel_eq::_puschRxChEqStatDescr *, channel_eq::_puschRxChEqSoftDemapDynDescr)"
2828915669,279996,130681,1,1,1,32,32,1,30,0.000,0.000,,,,,NVIDIA A100-SXM4-40GB MIG 4g.20gb (0),1,,13,"void convert_kernel<float2, __half2>(tensor_layout_any, T1 *, tensor_layout_any, const T2 *)"
2829197969,11008,130693,2253,1,1,128,1,1,16,0.000,0.000,,,,,NVIDIA A100-SXM4-40GB MIG 4g.20gb (0),1,,13,cupy_copy__float16_float16
2829212273,3648,130702,282,1,1,128,1,1,16,0.000,0.000,,,,,NVIDIA A100-SXM4-40GB MIG 4g.20gb (0),1,,13,cupy_copy__complex64_complex64
2829217713,2016,130711,26,1,1,128,1,1,16,0.000,0.000,,,,,NVIDIA A100-SXM4-40GB MIG 4g.20gb (0),1,,13,cupy_copy__float32_float32
2829221361,4576,130720,103,1,1,128,1,1,16,0.000,0.000,,,,,NVIDIA A100-SXM4-40GB MIG 4g.20gb (0),1,,13,cupy_copy__complex64_complex64
2829228657,12224,130730,1434,1,1,128,1,1,16,0.000,0.000,,,,,NVIDIA A100-SXM4-40GB MIG 4g.20gb (0),1,,13,cupy_copy__complex64_complex64
2829242545,83199,130735,1,1,1,32,32,1,30,0.000,0.000,,,,,NVIDIA A100-SXM4-40GB MIG 4g.20gb (0),1,,13,"void convert_kernel<__half2, float2>(tensor_layout_any, T1 *, tensor_layout_any, const T2 *)"
2829353359,5728,130738,,,,,,,,,,0.094,16357.541,Pinned,Device,NVIDIA A100-SXM4-40GB MIG 4g.20gb (0),1,,13,[CUDA memcpy Host-to-Device]
2829365487,598361,130739,,,,,,,,,,456.561,762914.166,Device,,NVIDIA A100-SXM4-40GB MIG 4g.20gb (0),1,,13,[CUDA memset]
2829966248,171741,130744,,,,,,,,,,1.235,7189.844,Pinned,Device,NVIDIA A100-SXM4-40GB MIG 4g.20gb (0),1,,13,[CUDA memcpy Host-to-Device]
2830150885,41088,130745,,,,,,,,,,0.197,4785.046,Pinned,Device,NVIDIA A100-SXM4-40GB MIG 4g.20gb (0),1,,13,[CUDA memcpy Host-to-Device]
2830222468,8512,130746,69,4,1,48,1,1,76,0.002,0.000,,,,,NVIDIA A100-SXM4-40GB MIG 4g.20gb (0),1,,13,"void ch_est::windowedChEstPreNoDftSOfdmKernel<float, __half, float, (unsigned int)2, (unsigned int)1, (unsigned short)4>(ch_est::puschRxChEstStatDescr_t *, ch_est::puschRxChEstDynDescr_t *)"
2830241636,6912,130747,137,2,1,24,2,1,44,0.001,0.001,,,,,NVIDIA A100-SXM4-40GB MIG 4g.20gb (0),1,,13,"void ch_est::chEstFilterNoDftSOfdmDispatchKernel<float, __half, float, (unsigned int)2>(ch_est::puschRxChEstStatDescr_t *, ch_est::puschRxChEstDynDescr_t *)"
2830258116,4704,130748,137,2,1,24,2,1,44,0.001,0.001,,,,,NVIDIA A100-SXM4-40GB MIG 4g.20gb (0),1,,13,"void ch_est::chEstFilterNoDftSOfdmDispatchKernel<float, __half, float, (unsigned int)2>(ch_est::puschRxChEstStatDescr_t *, ch_est::puschRxChEstDynDescr_t *)"
2830275236,2496,130759,103,1,1,128,1,1,16,0.000,0.000,,,,,NVIDIA A100-SXM4-40GB MIG 4g.20gb (0),1,,13,cupy_copy__complex64_complex64
2830292804,12383,130769,1434,1,1,128,1,1,16,0.000,0.000,,,,,NVIDIA A100-SXM4-40GB MIG 4g.20gb (0),1,,13,cupy_copy__complex64_complex64
2830312355,2944,130776,103,1,1,128,1,1,16,0.000,0.000,,,,,NVIDIA A100-SXM4-40GB MIG 4g.20gb (0),1,,13,cupy_copy__complex64_complex64
2830334851,84767,130783,1,1,1,32,32,1,30,0.000,0.000,,,,,NVIDIA A100-SXM4-40GB MIG 4g.20gb (0),1,,13,"void convert_kernel<__half2, float2>(tensor_layout_any, T1 *, tensor_layout_any, const T2 *)"
2830451074,15135,130786,,,,,,,,,,0.094,6190.682,Pinned,Device,NVIDIA A100-SXM4-40GB MIG 4g.20gb (0),1,,13,[CUDA memcpy Host-to-Device]
2830488257,47136,130787,,,,,,,,,,35.810,759707.453,Device,,NVIDIA A100-SXM4-40GB MIG 4g.20gb (0),1,,13,[CUDA memset]
2830538593,9759,130789,,,,,,,,,,0.000,8.198,Pinned,Device,NVIDIA A100-SXM4-40GB MIG 4g.20gb (0),1,,13,[CUDA memcpy Host-to-Device]
2830555872,17824,130790,,,,,,,,,,0.197,11030.495,Pinned,Device,NVIDIA A100-SXM4-40GB MIG 4g.20gb (0),1,,13,[CUDA memcpy Host-to-Device]
2830591584,9728,130791,273,1,1,48,1,1,40,0.000,0.001,,,,,NVIDIA A100-SXM4-40GB MIG 4g.20gb (0),1,,13,"void pusch_noise_intf_est::noiseIntfEstNoDftSOfdmKernel<float, __half, float, float, (unsigned int)2, (unsigned int)1, (unsigned char)4, (unsigned char)4>(pusch_noise_intf_est::puschRxNoiseIntfEstDynDescr)"
2830606976,2592,130802,35,1,1,128,1,1,16,0.000,0.000,,,,,NVIDIA A100-SXM4-40GB MIG 4g.20gb (0),1,,13,cupy_copy__complex64_complex64
2830620480,1664,130811,1,1,1,1,1,1,18,0.000,0.000,,,,,NVIDIA A100-SXM4-40GB MIG 4g.20gb (0),1,,13,cupy_copy__float32_float32
2830623199,5536,130817,,,,,,,,,,0.000,0.723,Device,Pageable,NVIDIA A100-SXM4-40GB MIG 4g.20gb (0),1,,7,[CUDA memcpy Device-to-Host]
2830704222,13440,130828,1434,1,1,128,1,1,16,0.000,0.000,,,,,NVIDIA A100-SXM4-40GB MIG 4g.20gb (0),1,,13,cupy_copy__complex64_complex64
2830742462,2720,130835,103,1,1,128,1,1,16,0.000,0.000,,,,,NVIDIA A100-SXM4-40GB MIG 4g.20gb (0),1,,13,cupy_copy__complex64_complex64
2830757822,2304,130842,35,1,1,128,1,1,16,0.000,0.000,,,,,NVIDIA A100-SXM4-40GB MIG 4g.20gb (0),1,,13,cupy_copy__complex64_complex64
2830770814,1792,130849,1,1,1,1,1,1,18,0.000,0.000,,,,,NVIDIA A100-SXM4-40GB MIG 4g.20gb (0),1,,13,cupy_copy__float32_float32
2830907004,83199,130860,1,1,1,32,32,1,30,0.000,0.000,,,,,NVIDIA A100-SXM4-40GB MIG 4g.20gb (0),1,,13,"void convert_kernel<__half2, float2>(tensor_layout_any, T1 *, tensor_layout_any, const T2 *)"
2831017339,5792,130863,,,,,,,,,,0.094,16176.708,Pinned,Device,NVIDIA A100-SXM4-40GB MIG 4g.20gb (0),1,,13,[CUDA memcpy Host-to-Device]
2831033690,3520,130864,,,,,,,,,,1.547,439380.412,Device,,NVIDIA A100-SXM4-40GB MIG 4g.20gb (0),1,,13,[CUDA memset]
2831038426,3456,130869,,,,,,,,,,0.031,9055.529,Pinned,Device,NVIDIA A100-SXM4-40GB MIG 4g.20gb (0),1,,13,[CUDA memcpy Host-to-Device]
2831044346,9824,130870,,,,,,,,,,0.197,20012.925,Pinned,Device,NVIDIA A100-SXM4-40GB MIG 4g.20gb (0),1,,13,[CUDA memcpy Host-to-Device]
2831059514,6784,130871,273,1,1,8,4,1,39,0.002,0.000,,,,,NVIDIA A100-SXM4-40GB MIG 4g.20gb (0),1,,13,"void channel_eq::eqMmseCoefCompLowMimoKernel<float, float, float, (unsigned int)4, (unsigned int)1, (unsigned int)4>(const channel_eq::_puschRxChEqStatDescr *, channel_eq::_puschRxChEqCoefCompDynDescr)"
2831067642,6304,130872,273,1,1,12,11,1,51,0.002,0.000,,,,,NVIDIA A100-SXM4-40GB MIG 4g.20gb (0),1,,13,"void channel_eq::eqMmseSoftDemapKernel<float, __half, __half, float, (unsigned int)4, (unsigned short)16383>(channel_eq::_puschRxChEqStatDescr *, channel_eq::_puschRxChEqSoftDemapDynDescr)"
2831075034,283196,130873,1,1,1,32,32,1,30,0.000,0.000,,,,,NVIDIA A100-SXM4-40GB MIG 4g.20gb (0),1,,13,"void convert_kernel<float2, __half2>(tensor_layout_any, T1 *, tensor_layout_any, const T2 *)"
2831359766,11040,130885,2253,1,1,128,1,1,16,0.000,0.000,,,,,NVIDIA A100-SXM4-40GB MIG 4g.20gb (0),1,,13,cupy_copy__float16_float16
2831373558,3136,130894,282,1,1,128,1,1,16,0.000,0.000,,,,,NVIDIA A100-SXM4-40GB MIG 4g.20gb (0),1,,13,cupy_copy__complex64_complex64
2831377686,2240,130903,26,1,1,128,1,1,16,0.000,0.000,,,,,NVIDIA A100-SXM4-40GB MIG 4g.20gb (0),1,,13,cupy_copy__float32_float32
2831382646,2752,130912,103,1,1,128,1,1,16,0.000,0.000,,,,,NVIDIA A100-SXM4-40GB MIG 4g.20gb (0),1,,13,cupy_copy__complex64_complex64
2831389078,12128,130922,1434,1,1,128,1,1,16,0.000,0.000,,,,,NVIDIA A100-SXM4-40GB MIG 4g.20gb (0),1,,13,cupy_copy__complex64_complex64
2831407926,83039,130927,1,1,1,32,32,1,30,0.000,0.000,,,,,NVIDIA A100-SXM4-40GB MIG 4g.20gb (0),1,,13,"void convert_kernel<__half2, float2>(tensor_layout_any, T1 *, tensor_layout_any, const T2 *)"
2831518164,5408,130930,,,,,,,,,,0.094,17325.421,Pinned,Device,NVIDIA A100-SXM4-40GB MIG 4g.20gb (0),1,,13,[CUDA memcpy Host-to-Device]
2831528532,598361,130931,,,,,,,,,,456.561,762914.166,Device,,NVIDIA A100-SXM4-40GB MIG 4g.20gb (0),1,,13,[CUDA memset]
2832132045,88991,130936,,,,,,,,,,1.235,13877.066,Pinned,Device,NVIDIA A100-SXM4-40GB MIG 4g.20gb (0),1,,13,[CUDA memcpy Host-to-Device]
2832223692,19871,130937,,,,,,,,,,0.197,9894.101,Pinned,Device,NVIDIA A100-SXM4-40GB MIG 4g.20gb (0),1,,13,[CUDA memcpy Host-to-Device]
2832252779,9216,130938,69,4,1,48,1,1,76,0.002,0.000,,,,,NVIDIA A100-SXM4-40GB MIG 4g.20gb (0),1,,13,"void ch_est::windowedChEstPreNoDftSOfdmKernel<float, __half, float, (unsigned int)2, (unsigned int)1, (unsigned short)4>(ch_est::puschRxChEstStatDescr_t *, ch_est::puschRxChEstDynDescr_t *)"
2832268619,6560,130939,137,2,1,24,2,1,44,0.001,0.001,,,,,NVIDIA A100-SXM4-40GB MIG 4g.20gb (0),1,,13,"void ch_est::chEstFilterNoDftSOfdmDispatchKernel<float, __half, float, (unsigned int)2>(ch_est::puschRxChEstStatDescr_t *, ch_est::puschRxChEstDynDescr_t *)"
2832276651,6240,130940,137,2,1,24,2,1,44,0.001,0.001,,,,,NVIDIA A100-SXM4-40GB MIG 4g.20gb (0),1,,13,"void ch_est::chEstFilterNoDftSOfdmDispatchKernel<float, __half, float, (unsigned int)2>(ch_est::puschRxChEstStatDescr_t *, ch_est::puschRxChEstDynDescr_t *)"
2832285803,2528,130951,103,1,1,128,1,1,16,0.000,0.000,,,,,NVIDIA A100-SXM4-40GB MIG 4g.20gb (0),1,,13,cupy_copy__complex64_complex64
2832295179,12832,130961,1434,1,1,128,1,1,16,0.000,0.000,,,,,NVIDIA A100-SXM4-40GB MIG 4g.20gb (0),1,,13,cupy_copy__complex64_complex64
2832311819,3104,130968,103,1,1,128,1,1,16,0.000,0.000,,,,,NVIDIA A100-SXM4-40GB MIG 4g.20gb (0),1,,13,cupy_copy__complex64_complex64
2832320939,86078,130975,1,1,1,32,32,1,30,0.000,0.000,,,,,NVIDIA A100-SXM4-40GB MIG 4g.20gb (0),1,,13,"void convert_kernel<__half2, float2>(tensor_layout_any, T1 *, tensor_layout_any, const T2 *)"
2832439945,13632,130978,,,,,,,,,,0.094,6873.164,Pinned,Device,NVIDIA A100-SXM4-40GB MIG 4g.20gb (0),1,,13,[CUDA memcpy Host-to-Device]
2832466121,47903,130979,,,,,,,,,,35.810,747532.080,Device,,NVIDIA A100-SXM4-40GB MIG 4g.20gb (0),1,,13,[CUDA memset]
2832517736,7264,130981,,,,,,,,,,0.000,11.013,Pinned,Device,NVIDIA A100-SXM4-40GB MIG 4g.20gb (0),1,,13,[CUDA memcpy Host-to-Device]
2832534440,13664,130982,,,,,,,,,,0.197,14388.756,Pinned,Device,NVIDIA A100-SXM4-40GB MIG 4g.20gb (0),1,,13,[CUDA memcpy Host-to-Device]
2832560392,9119,130983,273,1,1,48,1,1,40,0.000,0.001,,,,,NVIDIA A100-SXM4-40GB MIG 4g.20gb (0),1,,13,"void pusch_noise_intf_est::noiseIntfEstNoDftSOfdmKernel<float, __half, float, float, (unsigned int)2, (unsigned int)1, (unsigned char)4, (unsigned char)4>(pusch_noise_intf_est::puschRxNoiseIntfEstDynDescr)"
2832581383,2848,130994,35,1,1,128,1,1,16,0.000,0.000,,,,,NVIDIA A100-SXM4-40GB MIG 4g.20gb (0),1,,13,cupy_copy__complex64_complex64
2832592647,1728,131003,1,1,1,1,1,1,18,0.000,0.000,,,,,NVIDIA A100-SXM4-40GB MIG 4g.20gb (0),1,,13,cupy_copy__float32_float32
2832597447,3456,131009,,,,,,,,,,0.000,1.157,Device,Pageable,NVIDIA A100-SXM4-40GB MIG 4g.20gb (0),1,,7,[CUDA memcpy Device-to-Host]
2832677158,12960,131020,1434,1,1,128,1,1,16,0.000,0.000,,,,,NVIDIA A100-SXM4-40GB MIG 4g.20gb (0),1,,13,cupy_copy__complex64_complex64
2832706982,3008,131027,103,1,1,128,1,1,16,0.000,0.000,,,,,NVIDIA A100-SXM4-40GB MIG 4g.20gb (0),1,,13,cupy_copy__complex64_complex64
2832718822,2592,131034,35,1,1,128,1,1,16,0.000,0.000,,,,,NVIDIA A100-SXM4-40GB MIG 4g.20gb (0),1,,13,cupy_copy__complex64_complex64
2832742085,1888,131041,1,1,1,1,1,1,18,0.000,0.000,,,,,NVIDIA A100-SXM4-40GB MIG 4g.20gb (0),1,,13,cupy_copy__float32_float32
2832865316,81535,131052,1,1,1,32,32,1,30,0.000,0.000,,,,,NVIDIA A100-SXM4-40GB MIG 4g.20gb (0),1,,13,"void convert_kernel<__half2, float2>(tensor_layout_any, T1 *, tensor_layout_any, const T2 *)"
2832974594,5792,131055,,,,,,,,,,0.094,16176.708,Pinned,Device,NVIDIA A100-SXM4-40GB MIG 4g.20gb (0),1,,13,[CUDA memcpy Host-to-Device]
2832989186,3232,131056,,,,,,,,,,1.547,478533.199,Device,,NVIDIA A100-SXM4-40GB MIG 4g.20gb (0),1,,13,[CUDA memset]
2832996098,3392,131061,,,,,,,,,,0.031,9226.405,Pinned,Device,NVIDIA A100-SXM4-40GB MIG 4g.20gb (0),1,,13,[CUDA memcpy Host-to-Device]
2833002050,9632,131062,,,,,,,,,,0.197,20411.843,Pinned,Device,NVIDIA A100-SXM4-40GB MIG 4g.20gb (0),1,,13,[CUDA memcpy Host-to-Device]
2833017026,6016,131063,273,1,1,8,4,1,39,0.002,0.000,,,,,NVIDIA A100-SXM4-40GB MIG 4g.20gb (0),1,,13,"void channel_eq::eqMmseCoefCompLowMimoKernel<float, float, float, (unsigned int)4, (unsigned int)1, (unsigned int)4>(const channel_eq::_puschRxChEqStatDescr *, channel_eq::_puschRxChEqCoefCompDynDescr)"
2833024130,6368,131064,273,1,1,12,11,1,51,0.002,0.000,,,,,NVIDIA A100-SXM4-40GB MIG 4g.20gb (0),1,,13,"void channel_eq::eqMmseSoftDemapKernel<float, __half, __half, float, (unsigned int)4, (unsigned short)16383>(channel_eq::_puschRxChEqStatDescr *, channel_eq::_puschRxChEqSoftDemapDynDescr)"
2833031522,295036,131065,1,1,1,32,32,1,30,0.000,0.000,,,,,NVIDIA A100-SXM4-40GB MIG 4g.20gb (0),1,,13,"void convert_kernel<float2, __half2>(tensor_layout_any, T1 *, tensor_layout_any, const T2 *)"
2833327582,11072,131077,2253,1,1,128,1,1,16,0.000,0.000,,,,,NVIDIA A100-SXM4-40GB MIG 4g.20gb (0),1,,13,cupy_copy__float16_float16
2833340862,3040,131086,282,1,1,128,1,1,16,0.000,0.000,,,,,NVIDIA A100-SXM4-40GB MIG 4g.20gb (0),1,,13,cupy_copy__complex64_complex64
2833347294,2080,131095,26,1,1,128,1,1,16,0.000,0.000,,,,,NVIDIA A100-SXM4-40GB MIG 4g.20gb (0),1,,13,cupy_copy__float32_float32
2833353374,2816,131104,103,1,1,128,1,1,16,0.000,0.000,,,,,NVIDIA A100-SXM4-40GB MIG 4g.20gb (0),1,,13,cupy_copy__complex64_complex64
2833358046,12448,131114,1434,1,1,128,1,1,16,0.000,0.000,,,,,NVIDIA A100-SXM4-40GB MIG 4g.20gb (0),1,,13,cupy_copy__complex64_complex64
2833375709,86879,131119,1,1,1,32,32,1,30,0.000,0.000,,,,,NVIDIA A100-SXM4-40GB MIG 4g.20gb (0),1,,13,"void convert_kernel<__half2, float2>(tensor_layout_any, T1 *, tensor_layout_any, const T2 *)"
2833489692,5440,131122,,,,,,,,,,0.094,17223.480,Pinned,Device,NVIDIA A100-SXM4-40GB MIG 4g.20gb (0),1,,13,[CUDA memcpy Host-to-Device]
2833499836,598617,131123,,,,,,,,,,456.561,762457.605,Device,,NVIDIA A100-SXM4-40GB MIG 4g.20gb (0),1,,13,[CUDA memset]
2834104052,137887,131128,,,,,,,,,,1.235,8955.814,Pinned,Device,NVIDIA A100-SXM4-40GB MIG 4g.20gb (0),1,,13,[CUDA memcpy Host-to-Device]
2834252851,33311,131129,,,,,,,,,,0.197,5902.172,Pinned,Device,NVIDIA A100-SXM4-40GB MIG 4g.20gb (0),1,,13,[CUDA memcpy Host-to-Device]
2834304914,8224,131130,69,4,1,48,1,1,76,0.002,0.000,,,,,NVIDIA A100-SXM4-40GB MIG 4g.20gb (0),1,,13,"void ch_est::windowedChEstPreNoDftSOfdmKernel<float, __half, float, (unsigned int)2, (unsigned int)1, (unsigned short)4>(ch_est::puschRxChEstStatDescr_t *, ch_est::puschRxChEstDynDescr_t *)"
2834317522,6592,131131,137,2,1,24,2,1,44,0.001,0.001,,,,,NVIDIA A100-SXM4-40GB MIG 4g.20gb (0),1,,13,"void ch_est::chEstFilterNoDftSOfdmDispatchKernel<float, __half, float, (unsigned int)2>(ch_est::puschRxChEstStatDescr_t *, ch_est::puschRxChEstDynDescr_t *)"
2834327378,4992,131132,137,2,1,24,2,1,44,0.001,0.001,,,,,NVIDIA A100-SXM4-40GB MIG 4g.20gb (0),1,,13,"void ch_est::chEstFilterNoDftSOfdmDispatchKernel<float, __half, float, (unsigned int)2>(ch_est::puschRxChEstStatDescr_t *, ch_est::puschRxChEstDynDescr_t *)"
2834335250,2784,131143,103,1,1,128,1,1,16,0.000,0.000,,,,,NVIDIA A100-SXM4-40GB MIG 4g.20gb (0),1,,13,cupy_copy__complex64_complex64
2834343122,12799,131153,1434,1,1,128,1,1,16,0.000,0.000,,,,,NVIDIA A100-SXM4-40GB MIG 4g.20gb (0),1,,13,cupy_copy__complex64_complex64
2834357169,2464,131160,103,1,1,128,1,1,16,0.000,0.000,,,,,NVIDIA A100-SXM4-40GB MIG 4g.20gb (0),1,,13,cupy_copy__complex64_complex64
2834365841,83071,131167,1,1,1,32,32,1,30,0.000,0.000,,,,,NVIDIA A100-SXM4-40GB MIG 4g.20gb (0),1,,13,"void convert_kernel<__half2, float2>(tensor_layout_any, T1 *, tensor_layout_any, const T2 *)"
2834476176,6496,131170,,,,,,,,,,0.094,14423.562,Pinned,Device,NVIDIA A100-SXM4-40GB MIG 4g.20gb (0),1,,13,[CUDA memcpy Host-to-Device]
2834490032,46399,131171,,,,,,,,,,35.810,771775.396,Device,,NVIDIA A100-SXM4-40GB MIG 4g.20gb (0),1,,13,[CUDA memset]
2834542319,3712,131173,,,,,,,,,,0.000,21.552,Pinned,Device,NVIDIA A100-SXM4-40GB MIG 4g.20gb (0),1,,13,[CUDA memcpy Host-to-Device]
2834550991,14368,131174,,,,,,,,,,0.197,13683.720,Pinned,Device,NVIDIA A100-SXM4-40GB MIG 4g.20gb (0),1,,13,[CUDA memcpy Host-to-Device]
2834575823,9664,131175,273,1,1,48,1,1,40,0.000,0.001,,,,,NVIDIA A100-SXM4-40GB MIG 4g.20gb (0),1,,13,"void pusch_noise_intf_est::noiseIntfEstNoDftSOfdmKernel<float, __half, float, float, (unsigned int)2, (unsigned int)1, (unsigned char)4, (unsigned char)4>(pusch_noise_intf_est::puschRxNoiseIntfEstDynDescr)"
2834587598,2880,131186,35,1,1,128,1,1,16,0.000,0.000,,,,,NVIDIA A100-SXM4-40GB MIG 4g.20gb (0),1,,13,cupy_copy__complex64_complex64
2834595374,1728,131195,1,1,1,1,1,1,18,0.000,0.000,,,,,NVIDIA A100-SXM4-40GB MIG 4g.20gb (0),1,,13,cupy_copy__float32_float32
2834627118,1696,131201,,,,,,,,,,0.000,2.358,Device,Pageable,NVIDIA A100-SXM4-40GB MIG 4g.20gb (0),1,,7,[CUDA memcpy Device-to-Host]
2834686861,12896,131212,1434,1,1,128,1,1,16,0.000,0.000,,,,,NVIDIA A100-SXM4-40GB MIG 4g.20gb (0),1,,13,cupy_copy__complex64_complex64
2834714573,2912,131219,103,1,1,128,1,1,16,0.000,0.000,,,,,NVIDIA A100-SXM4-40GB MIG 4g.20gb (0),1,,13,cupy_copy__complex64_complex64
2834734925,2464,131226,35,1,1,128,1,1,16,0.000,0.000,,,,,NVIDIA A100-SXM4-40GB MIG 4g.20gb (0),1,,13,cupy_copy__complex64_complex64
2834752172,1824,131233,1,1,1,1,1,1,18,0.000,0.000,,,,,NVIDIA A100-SXM4-40GB MIG 4g.20gb (0),1,,13,cupy_copy__float32_float32
2834893483,87423,131244,1,1,1,32,32,1,30,0.000,0.000,,,,,NVIDIA A100-SXM4-40GB MIG 4g.20gb (0),1,,13,"void convert_kernel<__half2, float2>(tensor_layout_any, T1 *, tensor_layout_any, const T2 *)"
2835008393,5440,131247,,,,,,,,,,0.094,17223.480,Pinned,Device,NVIDIA A100-SXM4-40GB MIG 4g.20gb (0),1,,13,[CUDA memcpy Host-to-Device]
2835022825,3488,131248,,,,,,,,,,1.547,443412.461,Device,,NVIDIA A100-SXM4-40GB MIG 4g.20gb (0),1,,13,[CUDA memset]
2835029673,3392,131253,,,,,,,,,,0.031,9226.405,Pinned,Device,NVIDIA A100-SXM4-40GB MIG 4g.20gb (0),1,,13,[CUDA memcpy Host-to-Device]
2835035945,9408,131254,,,,,,,,,,0.197,20897.858,Pinned,Device,NVIDIA A100-SXM4-40GB MIG 4g.20gb (0),1,,13,[CUDA memcpy Host-to-Device]
2835051657,6112,131255,273,1,1,8,4,1,39,0.002,0.000,,,,,NVIDIA A100-SXM4-40GB MIG 4g.20gb (0),1,,13,"void channel_eq::eqMmseCoefCompLowMimoKernel<float, float, float, (unsigned int)4, (unsigned int)1, (unsigned int)4>(const channel_eq::_puschRxChEqStatDescr *, channel_eq::_puschRxChEqCoefCompDynDescr)"
2835058889,5824,131256,273,1,1,12,11,1,51,0.002,0.000,,,,,NVIDIA A100-SXM4-40GB MIG 4g.20gb (0),1,,13,"void channel_eq::eqMmseSoftDemapKernel<float, __half, __half, float, (unsigned int)4, (unsigned short)16383>(channel_eq::_puschRxChEqStatDescr *, channel_eq::_puschRxChEqSoftDemapDynDescr)"
2835065801,294972,131257,1,1,1,32,32,1,30,0.000,0.000,,,,,NVIDIA A100-SXM4-40GB MIG 4g.20gb (0),1,,13,"void convert_kernel<float2, __half2>(tensor_layout_any, T1 *, tensor_layout_any, const T2 *)"
2835362693,10976,131269,2253,1,1,128,1,1,16,0.000,0.000,,,,,NVIDIA A100-SXM4-40GB MIG 4g.20gb (0),1,,13,cupy_copy__float16_float16
2835378181,3008,131278,282,1,1,128,1,1,16,0.000,0.000,,,,,NVIDIA A100-SXM4-40GB MIG 4g.20gb (0),1,,13,cupy_copy__complex64_complex64
2835384069,2112,131287,26,1,1,128,1,1,16,0.000,0.000,,,,,NVIDIA A100-SXM4-40GB MIG 4g.20gb (0),1,,13,cupy_copy__float32_float32
2835387237,2784,131296,103,1,1,128,1,1,16,0.000,0.000,,,,,NVIDIA A100-SXM4-40GB MIG 4g.20gb (0),1,,13,cupy_copy__complex64_complex64
2835391781,12127,131306,1434,1,1,128,1,1,16,0.000,0.000,,,,,NVIDIA A100-SXM4-40GB MIG 4g.20gb (0),1,,13,cupy_copy__complex64_complex64
2835405316,82463,131311,1,1,1,32,32,1,30,0.000,0.000,,,,,NVIDIA A100-SXM4-40GB MIG 4g.20gb (0),1,,13,"void convert_kernel<__half2, float2>(tensor_layout_any, T1 *, tensor_layout_any, const T2 *)"
2835514883,5856,131314,,,,,,,,,,0.094,15999.997,Pinned,Device,NVIDIA A100-SXM4-40GB MIG 4g.20gb (0),1,,13,[CUDA memcpy Host-to-Device]
2835524963,596729,131315,,,,,,,,,,456.561,764740.412,Device,,NVIDIA A100-SXM4-40GB MIG 4g.20gb (0),1,,13,[CUDA memset]
2836123483,159007,131320,,,,,,,,,,1.235,7766.563,Pinned,Device,NVIDIA A100-SXM4-40GB MIG 4g.20gb (0),1,,13,[CUDA memcpy Host-to-Device]
2836295929,41024,131321,,,,,,,,,,0.197,4792.320,Pinned,Device,NVIDIA A100-SXM4-40GB MIG 4g.20gb (0),1,,13,[CUDA memcpy Host-to-Device]
2836358681,8607,131322,69,4,1,48,1,1,76,0.002,0.000,,,,,NVIDIA A100-SXM4-40GB MIG 4g.20gb (0),1,,13,"void ch_est::windowedChEstPreNoDftSOfdmKernel<float, __half, float, (unsigned int)2, (unsigned int)1, (unsigned short)4>(ch_est::puschRxChEstStatDescr_t *, ch_est::puschRxChEstDynDescr_t *)"
2836377592,6688,131323,137,2,1,24,2,1,44,0.001,0.001,,,,,NVIDIA A100-SXM4-40GB MIG 4g.20gb (0),1,,13,"void ch_est::chEstFilterNoDftSOfdmDispatchKernel<float, __half, float, (unsigned int)2>(ch_est::puschRxChEstStatDescr_t *, ch_est::puschRxChEstDynDescr_t *)"
2836393784,4736,131324,137,2,1,24,2,1,44,0.001,0.001,,,,,NVIDIA A100-SXM4-40GB MIG 4g.20gb (0),1,,13,"void ch_est::chEstFilterNoDftSOfdmDispatchKernel<float, __half, float, (unsigned int)2>(ch_est::puschRxChEstStatDescr_t *, ch_est::puschRxChEstDynDescr_t *)"
2836411864,2656,131335,103,1,1,128,1,1,16,0.000,0.000,,,,,NVIDIA A100-SXM4-40GB MIG 4g.20gb (0),1,,13,cupy_copy__complex64_complex64
2836427480,12640,131345,1434,1,1,128,1,1,16,0.000,0.000,,,,,NVIDIA A100-SXM4-40GB MIG 4g.20gb (0),1,,13,cupy_copy__complex64_complex64
2836465271,2592,131352,103,1,1,128,1,1,16,0.000,0.000,,,,,NVIDIA A100-SXM4-40GB MIG 4g.20gb (0),1,,13,cupy_copy__complex64_complex64
2836481591,83359,131359,1,1,1,32,32,1,30,0.000,0.000,,,,,NVIDIA A100-SXM4-40GB MIG 4g.20gb (0),1,,13,"void convert_kernel<__half2, float2>(tensor_layout_any, T1 *, tensor_layout_any, const T2 *)"
2836593718,7648,131362,,,,,,,,,,0.094,12251.033,Pinned,Device,NVIDIA A100-SXM4-40GB MIG 4g.20gb (0),1,,13,[CUDA memcpy Host-to-Device]
2836607926,47071,131363,,,,,,,,,,35.810,760745.940,Device,,NVIDIA A100-SXM4-40GB MIG 4g.20gb (0),1,,13,[CUDA memset]
2836659221,4160,131365,,,,,,,,,,0.000,19.231,Pinned,Device,NVIDIA A100-SXM4-40GB MIG 4g.20gb (0),1,,13,[CUDA memcpy Host-to-Device]
2836668053,12576,131366,,,,,,,,,,0.197,15633.482,Pinned,Device,NVIDIA A100-SXM4-40GB MIG 4g.20gb (0),1,,13,[CUDA memcpy Host-to-Device]
2836692532,10208,131367,273,1,1,48,1,1,40,0.000,0.001,,,,,NVIDIA A100-SXM4-40GB MIG 4g.20gb (0),1,,13,"void pusch_noise_intf_est::noiseIntfEstNoDftSOfdmKernel<float, __half, float, float, (unsigned int)2, (unsigned int)1, (unsigned char)4, (unsigned char)4>(pusch_noise_intf_est::puschRxNoiseIntfEstDynDescr)"
2836706036,3104,131378,35,1,1,128,1,1,16,0.000,0.000,,,,,NVIDIA A100-SXM4-40GB MIG 4g.20gb (0),1,,13,cupy_copy__complex64_complex64
2836716596,2176,131387,1,1,1,1,1,1,18,0.000,0.000,,,,,NVIDIA A100-SXM4-40GB MIG 4g.20gb (0),1,,13,cupy_copy__float32_float32
2836744180,1920,131393,,,,,,,,,,0.000,2.083,Device,Pageable,NVIDIA A100-SXM4-40GB MIG 4g.20gb (0),1,,7,[CUDA memcpy Device-to-Host]
2836805139,12832,131404,1434,1,1,128,1,1,16,0.000,0.000,,,,,NVIDIA A100-SXM4-40GB MIG 4g.20gb (0),1,,13,cupy_copy__complex64_complex64
2836832947,2816,131411,103,1,1,128,1,1,16,0.000,0.000,,,,,NVIDIA A100-SXM4-40GB MIG 4g.20gb (0),1,,13,cupy_copy__complex64_complex64
2836853650,2784,131418,35,1,1,128,1,1,16,0.000,0.000,,,,,NVIDIA A100-SXM4-40GB MIG 4g.20gb (0),1,,13,cupy_copy__complex64_complex64
2836871410,1792,131425,1,1,1,1,1,1,18,0.000,0.000,,,,,NVIDIA A100-SXM4-40GB MIG 4g.20gb (0),1,,13,cupy_copy__float32_float32
2837002993,83327,131436,1,1,1,32,32,1,30,0.000,0.000,,,,,NVIDIA A100-SXM4-40GB MIG 4g.20gb (0),1,,13,"void convert_kernel<__half2, float2>(tensor_layout_any, T1 *, tensor_layout_any, const T2 *)"
2837114607,6080,131439,,,,,,,,,,0.094,15410.462,Pinned,Device,NVIDIA A100-SXM4-40GB MIG 4g.20gb (0),1,,13,[CUDA memcpy Host-to-Device]
2837128751,3328,131440,,,,,,,,,,1.547,464729.580,Device,,NVIDIA A100-SXM4-40GB MIG 4g.20gb (0),1,,13,[CUDA memset]
2837135791,3328,131445,,,,,,,,,,0.031,9403.822,Pinned,Device,NVIDIA A100-SXM4-40GB MIG 4g.20gb (0),1,,13,[CUDA memcpy Host-to-Device]
2837142159,9600,131446,,,,,,,,,,0.197,20479.869,Pinned,Device,NVIDIA A100-SXM4-40GB MIG 4g.20gb (0),1,,13,[CUDA memcpy Host-to-Device]
2837155567,6176,131447,273,1,1,8,4,1,39,0.002,0.000,,,,,NVIDIA A100-SXM4-40GB MIG 4g.20gb (0),1,,13,"void channel_eq::eqMmseCoefCompLowMimoKernel<float, float, float, (unsigned int)4, (unsigned int)1, (unsigned int)4>(const channel_eq::_puschRxChEqStatDescr *, channel_eq::_puschRxChEqCoefCompDynDescr)"
2837162863,6688,131448,273,1,1,12,11,1,51,0.002,0.000,,,,,NVIDIA A100-SXM4-40GB MIG 4g.20gb (0),1,,13,"void channel_eq::eqMmseSoftDemapKernel<float, __half, __half, float, (unsigned int)4, (unsigned short)16383>(channel_eq::_puschRxChEqStatDescr *, channel_eq::_puschRxChEqSoftDemapDynDescr)"
2837172207,295388,131449,1,1,1,32,32,1,30,0.000,0.000,,,,,NVIDIA A100-SXM4-40GB MIG 4g.20gb (0),1,,13,"void convert_kernel<float2, __half2>(tensor_layout_any, T1 *, tensor_layout_any, const T2 *)"
2837469803,10912,131461,2253,1,1,128,1,1,16,0.000,0.000,,,,,NVIDIA A100-SXM4-40GB MIG 4g.20gb (0),1,,13,cupy_copy__float16_float16
2837484043,3520,131470,282,1,1,128,1,1,16,0.000,0.000,,,,,NVIDIA A100-SXM4-40GB MIG 4g.20gb (0),1,,13,cupy_copy__complex64_complex64
2837489291,2144,131479,26,1,1,128,1,1,16,0.000,0.000,,,,,NVIDIA A100-SXM4-40GB MIG 4g.20gb (0),1,,13,cupy_copy__float32_float32
2837494635,4959,131488,103,1,1,128,1,1,16,0.000,0.000,,,,,NVIDIA A100-SXM4-40GB MIG 4g.20gb (0),1,,13,cupy_copy__complex64_complex64
2837501162,12416,131498,1434,1,1,128,1,1,16,0.000,0.000,,,,,NVIDIA A100-SXM4-40GB MIG 4g.20gb (0),1,,13,cupy_copy__complex64_complex64
2837517834,79967,131503,1,1,1,32,32,1,30,0.000,0.000,,,,,NVIDIA A100-SXM4-40GB MIG 4g.20gb (0),1,,13,"void convert_kernel<__half2, float2>(tensor_layout_any, T1 *, tensor_layout_any, const T2 *)"
2837624905,5600,131506,,,,,,,,,,0.094,16731.388,Pinned,Device,NVIDIA A100-SXM4-40GB MIG 4g.20gb (0),1,,13,[CUDA memcpy Host-to-Device]
2837635017,597368,131507,,,,,,,,,,456.561,764283.851,Device,,NVIDIA A100-SXM4-40GB MIG 4g.20gb (0),1,,13,[CUDA memset]
2838244033,158686,131512,,,,,,,,,,1.235,7781.382,Pinned,Device,NVIDIA A100-SXM4-40GB MIG 4g.20gb (0),1,,13,[CUDA memcpy Host-to-Device]
2838419903,39520,131513,,,,,,,,,,0.197,4974.772,Pinned,Device,NVIDIA A100-SXM4-40GB MIG 4g.20gb (0),1,,13,[CUDA memcpy Host-to-Device]
2838482110,8480,131514,69,4,1,48,1,1,76,0.002,0.000,,,,,NVIDIA A100-SXM4-40GB MIG 4g.20gb (0),1,,13,"void ch_est::windowedChEstPreNoDftSOfdmKernel<float, __half, float, (unsigned int)2, (unsigned int)1, (unsigned short)4>(ch_est::puschRxChEstStatDescr_t *, ch_est::puschRxChEstDynDescr_t *)"
2838499838,7008,131515,137,2,1,24,2,1,44,0.001,0.001,,,,,NVIDIA A100-SXM4-40GB MIG 4g.20gb (0),1,,13,"void ch_est::chEstFilterNoDftSOfdmDispatchKernel<float, __half, float, (unsigned int)2>(ch_est::puschRxChEstStatDescr_t *, ch_est::puschRxChEstDynDescr_t *)"
2838516990,4736,131516,137,2,1,24,2,1,44,0.001,0.001,,,,,NVIDIA A100-SXM4-40GB MIG 4g.20gb (0),1,,13,"void ch_est::chEstFilterNoDftSOfdmDispatchKernel<float, __half, float, (unsigned int)2>(ch_est::puschRxChEstStatDescr_t *, ch_est::puschRxChEstDynDescr_t *)"
2838533726,2528,131527,103,1,1,128,1,1,16,0.000,0.000,,,,,NVIDIA A100-SXM4-40GB MIG 4g.20gb (0),1,,13,cupy_copy__complex64_complex64
2838553053,12480,131537,1434,1,1,128,1,1,16,0.000,0.000,,,,,NVIDIA A100-SXM4-40GB MIG 4g.20gb (0),1,,13,cupy_copy__complex64_complex64
2838574973,2560,131544,103,1,1,128,1,1,16,0.000,0.000,,,,,NVIDIA A100-SXM4-40GB MIG 4g.20gb (0),1,,13,cupy_copy__complex64_complex64
2838596125,91999,131551,1,1,1,32,32,1,30,0.000,0.000,,,,,NVIDIA A100-SXM4-40GB MIG 4g.20gb (0),1,,13,"void convert_kernel<__half2, float2>(tensor_layout_any, T1 *, tensor_layout_any, const T2 *)"
2838720123,26592,131554,,,,,,,,,,0.094,3523.438,Pinned,Device,NVIDIA A100-SXM4-40GB MIG 4g.20gb (0),1,,13,[CUDA memcpy Host-to-Device]
2838776315,46335,131555,,,,,,,,,,35.810,772813.884,Device,,NVIDIA A100-SXM4-40GB MIG 4g.20gb (0),1,,13,[CUDA memset]
2838827066,13632,131557,,,,,,,,,,0.000,5.868,Pinned,Device,NVIDIA A100-SXM4-40GB MIG 4g.20gb (0),1,,13,[CUDA memcpy Host-to-Device]
2838848154,19712,131558,,,,,,,,,,0.197,9973.924,Pinned,Device,NVIDIA A100-SXM4-40GB MIG 4g.20gb (0),1,,13,[CUDA memcpy Host-to-Device]
2838880537,14144,131559,273,1,1,48,1,1,40,0.000,0.001,,,,,NVIDIA A100-SXM4-40GB MIG 4g.20gb (0),1,,13,"void pusch_noise_intf_est::noiseIntfEstNoDftSOfdmKernel<float, __half, float, float, (unsigned int)2, (unsigned int)1, (unsigned char)4, (unsigned char)4>(pusch_noise_intf_est::puschRxNoiseIntfEstDynDescr)"
2838904025,2880,131570,35,1,1,128,1,1,16,0.000,0.000,,,,,NVIDIA A100-SXM4-40GB MIG 4g.20gb (0),1,,13,cupy_copy__complex64_complex64
2838915673,1760,131579,1,1,1,1,1,1,18,0.000,0.000,,,,,NVIDIA A100-SXM4-40GB MIG 4g.20gb (0),1,,13,cupy_copy__float32_float32
2838921913,1760,131585,,,,,,,,,,0.000,2.273,Device,Pageable,NVIDIA A100-SXM4-40GB MIG 4g.20gb (0),1,,7,[CUDA memcpy Device-to-Host]
2838990648,12928,131596,1434,1,1,128,1,1,16,0.000,0.000,,,,,NVIDIA A100-SXM4-40GB MIG 4g.20gb (0),1,,13,cupy_copy__complex64_complex64
2839017464,2976,131603,103,1,1,128,1,1,16,0.000,0.000,,,,,NVIDIA A100-SXM4-40GB MIG 4g.20gb (0),1,,13,cupy_copy__complex64_complex64
2839038487,2464,131610,35,1,1,128,1,1,16,0.000,0.000,,,,,NVIDIA A100-SXM4-40GB MIG 4g.20gb (0),1,,13,cupy_copy__complex64_complex64
2839056855,1984,131617,1,1,1,1,1,1,18,0.000,0.000,,,,,NVIDIA A100-SXM4-40GB MIG 4g.20gb (0),1,,13,cupy_copy__float32_float32
2839188022,80927,131628,1,1,1,32,32,1,30,0.000,0.000,,,,,NVIDIA A100-SXM4-40GB MIG 4g.20gb (0),1,,13,"void convert_kernel<__half2, float2>(tensor_layout_any, T1 *, tensor_layout_any, const T2 *)"
2839297140,5728,131631,,,,,,,,,,0.094,16357.541,Pinned,Device,NVIDIA A100-SXM4-40GB MIG 4g.20gb (0),1,,13,[CUDA memcpy Host-to-Device]
2839311316,3296,131632,,,,,,,,,,1.547,469242.628,Device,,NVIDIA A100-SXM4-40GB MIG 4g.20gb (0),1,,13,[CUDA memset]
2839320084,3360,131637,,,,,,,,,,0.031,9314.284,Pinned,Device,NVIDIA A100-SXM4-40GB MIG 4g.20gb (0),1,,13,[CUDA memcpy Host-to-Device]
2839326356,9440,131638,,,,,,,,,,0.197,20827.079,Pinned,Device,NVIDIA A100-SXM4-40GB MIG 4g.20gb (0),1,,13,[CUDA memcpy Host-to-Device]
2839339700,8544,131639,273,1,1,8,4,1,39,0.002,0.000,,,,,NVIDIA A100-SXM4-40GB MIG 4g.20gb (0),1,,13,"void channel_eq::eqMmseCoefCompLowMimoKernel<float, float, float, (unsigned int)4, (unsigned int)1, (unsigned int)4>(const channel_eq::_puschRxChEqStatDescr *, channel_eq::_puschRxChEqCoefCompDynDescr)"
2839349300,6112,131640,273,1,1,12,11,1,51,0.002,0.000,,,,,NVIDIA A100-SXM4-40GB MIG 4g.20gb (0),1,,13,"void channel_eq::eqMmseSoftDemapKernel<float, __half, __half, float, (unsigned int)4, (unsigned short)16383>(channel_eq::_puschRxChEqStatDescr *, channel_eq::_puschRxChEqSoftDemapDynDescr)"
2839356756,295196,131641,1,1,1,32,32,1,30,0.000,0.000,,,,,NVIDIA A100-SXM4-40GB MIG 4g.20gb (0),1,,13,"void convert_kernel<float2, __half2>(tensor_layout_any, T1 *, tensor_layout_any, const T2 *)"
2839652976,10880,131653,2253,1,1,128,1,1,16,0.000,0.000,,,,,NVIDIA A100-SXM4-40GB MIG 4g.20gb (0),1,,13,cupy_copy__float16_float16
2839666384,3168,131662,282,1,1,128,1,1,16,0.000,0.000,,,,,NVIDIA A100-SXM4-40GB MIG 4g.20gb (0),1,,13,cupy_copy__complex64_complex64
2839671408,2016,131671,26,1,1,128,1,1,16,0.000,0.000,,,,,NVIDIA A100-SXM4-40GB MIG 4g.20gb (0),1,,13,cupy_copy__float32_float32
2839675760,3200,131680,103,1,1,128,1,1,16,0.000,0.000,,,,,NVIDIA A100-SXM4-40GB MIG 4g.20gb (0),1,,13,cupy_copy__complex64_complex64
2839680592,11967,131690,1434,1,1,128,1,1,16,0.000,0.000,,,,,NVIDIA A100-SXM4-40GB MIG 4g.20gb (0),1,,13,cupy_copy__complex64_complex64
2839695951,84959,131695,1,1,1,32,32,1,30,0.000,0.000,,,,,NVIDIA A100-SXM4-40GB MIG 4g.20gb (0),1,,13,"void convert_kernel<__half2, float2>(tensor_layout_any, T1 *, tensor_layout_any, const T2 *)"
2839808302,5408,131698,,,,,,,,,,0.094,17325.421,Pinned,Device,NVIDIA A100-SXM4-40GB MIG 4g.20gb (0),1,,13,[CUDA memcpy Host-to-Device]
2839818446,599576,131699,,,,,,,,,,456.561,761087.920,Device,,NVIDIA A100-SXM4-40GB MIG 4g.20gb (0),1,,13,[CUDA memset]
2840425126,150750,131704,,,,,,,,,,1.235,8191.384,Pinned,Device,NVIDIA A100-SXM4-40GB MIG 4g.20gb (0),1,,13,[CUDA memcpy Host-to-Device]
2840587332,39552,131705,,,,,,,,,,0.197,4970.840,Pinned,Device,NVIDIA A100-SXM4-40GB MIG 4g.20gb (0),1,,13,[CUDA memcpy Host-to-Device]
2840656835,8192,131706,69,4,1,48,1,1,76,0.002,0.000,,,,,NVIDIA A100-SXM4-40GB MIG 4g.20gb (0),1,,13,"void ch_est::windowedChEstPreNoDftSOfdmKernel<float, __half, float, (unsigned int)2, (unsigned int)1, (unsigned short)4>(ch_est::puschRxChEstStatDescr_t *, ch_est::puschRxChEstDynDescr_t *)"
2840676291,7104,131707,137,2,1,24,2,1,44,0.001,0.001,,,,,NVIDIA A100-SXM4-40GB MIG 4g.20gb (0),1,,13,"void ch_est::chEstFilterNoDftSOfdmDispatchKernel<float, __half, float, (unsigned int)2>(ch_est::puschRxChEstStatDescr_t *, ch_est::puschRxChEstDynDescr_t *)"
2840693315,4768,131708,137,2,1,24,2,1,44,0.001,0.001,,,,,NVIDIA A100-SXM4-40GB MIG 4g.20gb (0),1,,13,"void ch_est::chEstFilterNoDftSOfdmDispatchKernel<float, __half, float, (unsigned int)2>(ch_est::puschRxChEstStatDescr_t *, ch_est::puschRxChEstDynDescr_t *)"
2840710755,2656,131719,103,1,1,128,1,1,16,0.000,0.000,,,,,NVIDIA A100-SXM4-40GB MIG 4g.20gb (0),1,,13,cupy_copy__complex64_complex64
2840727363,12415,131729,1434,1,1,128,1,1,16,0.000,0.000,,,,,NVIDIA A100-SXM4-40GB MIG 4g.20gb (0),1,,13,cupy_copy__complex64_complex64
2840748770,2880,131736,103,1,1,128,1,1,16,0.000,0.000,,,,,NVIDIA A100-SXM4-40GB MIG 4g.20gb (0),1,,13,cupy_copy__complex64_complex64
2840772514,92671,131743,1,1,1,32,32,1,30,0.000,0.000,,,,,NVIDIA A100-SXM4-40GB MIG 4g.20gb (0),1,,13,"void convert_kernel<__half2, float2>(tensor_layout_any, T1 *, tensor_layout_any, const T2 *)"
2840896992,27744,131746,,,,,,,,,,0.094,3377.085,Pinned,Device,NVIDIA A100-SXM4-40GB MIG 4g.20gb (0),1,,13,[CUDA memcpy Host-to-Device]
2840946144,47295,131747,,,,,,,,,,35.810,757129.139,Device,,NVIDIA A100-SXM4-40GB MIG 4g.20gb (0),1,,13,[CUDA memset]
2841000895,7040,131749,,,,,,,,,,0.000,11.364,Pinned,Device,NVIDIA A100-SXM4-40GB MIG 4g.20gb (0),1,,13,[CUDA memcpy Host-to-Device]
2841019007,24128,131750,,,,,,,,,,0.197,8148.419,Pinned,Device,NVIDIA A100-SXM4-40GB MIG 4g.20gb (0),1,,13,[CUDA memcpy Host-to-Device]
2841078206,10336,131751,273,1,1,48,1,1,40,0.000,0.001,,,,,NVIDIA A100-SXM4-40GB MIG 4g.20gb (0),1,,13,"void pusch_noise_intf_est::noiseIntfEstNoDftSOfdmKernel<float, __half, float, float, (unsigned int)2, (unsigned int)1, (unsigned char)4, (unsigned char)4>(pusch_noise_intf_est::puschRxNoiseIntfEstDynDescr)"
2841094974,2784,131762,35,1,1,128,1,1,16,0.000,0.000,,,,,NVIDIA A100-SXM4-40GB MIG 4g.20gb (0),1,,13,cupy_copy__complex64_complex64
2841111166,1760,131771,1,1,1,1,1,1,18,0.000,0.000,,,,,NVIDIA A100-SXM4-40GB MIG 4g.20gb (0),1,,13,cupy_copy__float32_float32
2841115294,7904,131777,,,,,,,,,,0.000,0.506,Device,Pageable,NVIDIA A100-SXM4-40GB MIG 4g.20gb (0),1,,7,[CUDA memcpy Device-to-Host]
2841219932,12736,131788,1434,1,1,128,1,1,16,0.000,0.000,,,,,NVIDIA A100-SXM4-40GB MIG 4g.20gb (0),1,,13,cupy_copy__complex64_complex64
2841241564,3328,131795,103,1,1,128,1,1,16,0.000,0.000,,,,,NVIDIA A100-SXM4-40GB MIG 4g.20gb (0),1,,13,cupy_copy__complex64_complex64
2841263900,2496,131802,35,1,1,128,1,1,16,0.000,0.000,,,,,NVIDIA A100-SXM4-40GB MIG 4g.20gb (0),1,,13,cupy_copy__complex64_complex64
2841279676,1696,131809,1,1,1,1,1,1,18,0.000,0.000,,,,,NVIDIA A100-SXM4-40GB MIG 4g.20gb (0),1,,13,cupy_copy__float32_float32
2841403322,88127,131820,1,1,1,32,32,1,30,0.000,0.000,,,,,NVIDIA A100-SXM4-40GB MIG 4g.20gb (0),1,,13,"void convert_kernel<__half2, float2>(tensor_layout_any, T1 *, tensor_layout_any, const T2 *)"
2841519289,5920,131823,,,,,,,,,,0.094,15826.941,Pinned,Device,NVIDIA A100-SXM4-40GB MIG 4g.20gb (0),1,,13,[CUDA memcpy Host-to-Device]
2841536921,3264,131824,,,,,,,,,,1.547,473842.288,Device,,NVIDIA A100-SXM4-40GB MIG 4g.20gb (0),1,,13,[CUDA memset]
2841543832,3328,131829,,,,,,,,,,0.031,9403.822,Pinned,Device,NVIDIA A100-SXM4-40GB MIG 4g.20gb (0),1,,13,[CUDA memcpy Host-to-Device]
2841550200,10368,131830,,,,,,,,,,0.197,18962.842,Pinned,Device,NVIDIA A100-SXM4-40GB MIG 4g.20gb (0),1,,13,[CUDA memcpy Host-to-Device]
2841565656,7104,131831,273,1,1,8,4,1,39,0.002,0.000,,,,,NVIDIA A100-SXM4-40GB MIG 4g.20gb (0),1,,13,"void channel_eq::eqMmseCoefCompLowMimoKernel<float, float, float, (unsigned int)4, (unsigned int)1, (unsigned int)4>(const channel_eq::_puschRxChEqStatDescr *, channel_eq::_puschRxChEqCoefCompDynDescr)"
2841573816,6432,131832,273,1,1,12,11,1,51,0.002,0.000,,,,,NVIDIA A100-SXM4-40GB MIG 4g.20gb (0),1,,13,"void channel_eq::eqMmseSoftDemapKernel<float, __half, __half, float, (unsigned int)4, (unsigned short)16383>(channel_eq::_puschRxChEqStatDescr *, channel_eq::_puschRxChEqSoftDemapDynDescr)"
2841581272,282781,131833,1,1,1,32,32,1,30,0.000,0.000,,,,,NVIDIA A100-SXM4-40GB MIG 4g.20gb (0),1,,13,"void convert_kernel<float2, __half2>(tensor_layout_any, T1 *, tensor_layout_any, const T2 *)"
2841867220,11072,131845,2253,1,1,128,1,1,16,0.000,0.000,,,,,NVIDIA A100-SXM4-40GB MIG 4g.20gb (0),1,,13,cupy_copy__float16_float16
2841883380,2656,131854,282,1,1,128,1,1,16,0.000,0.000,,,,,NVIDIA A100-SXM4-40GB MIG 4g.20gb (0),1,,13,cupy_copy__complex64_complex64
2841888340,3392,131863,26,1,1,128,1,1,16,0.000,0.000,,,,,NVIDIA A100-SXM4-40GB MIG 4g.20gb (0),1,,13,cupy_copy__float32_float32
2841894612,3200,131872,103,1,1,128,1,1,16,0.000,0.000,,,,,NVIDIA A100-SXM4-40GB MIG 4g.20gb (0),1,,13,cupy_copy__complex64_complex64
2841900212,12064,131882,1434,1,1,128,1,1,16,0.000,0.000,,,,,NVIDIA A100-SXM4-40GB MIG 4g.20gb (0),1,,13,cupy_copy__complex64_complex64
2841913556,82559,131887,1,1,1,32,32,1,30,0.000,0.000,,,,,NVIDIA A100-SXM4-40GB MIG 4g.20gb (0),1,,13,"void convert_kernel<__half2, float2>(tensor_layout_any, T1 *, tensor_layout_any, const T2 *)"
2842023059,5663,131890,,,,,,,,,,0.094,16545.214,Pinned,Device,NVIDIA A100-SXM4-40GB MIG 4g.20gb (0),1,,13,[CUDA memcpy Host-to-Device]
2842033234,598521,131891,,,,,,,,,,456.561,762457.605,Device,,NVIDIA A100-SXM4-40GB MIG 4g.20gb (0),1,,13,[CUDA memset]
2842641739,103231,131896,,,,,,,,,,1.235,11962.903,Pinned,Device,NVIDIA A100-SXM4-40GB MIG 4g.20gb (0),1,,13,[CUDA memcpy Host-to-Device]
2842751402,17855,131897,,,,,,,,,,0.197,11011.228,Pinned,Device,NVIDIA A100-SXM4-40GB MIG 4g.20gb (0),1,,13,[CUDA memcpy Host-to-Device]
2842783849,8832,131898,69,4,1,48,1,1,76,0.002,0.000,,,,,NVIDIA A100-SXM4-40GB MIG 4g.20gb (0),1,,13,"void ch_est::windowedChEstPreNoDftSOfdmKernel<float, __half, float, (unsigned int)2, (unsigned int)1, (unsigned short)4>(ch_est::puschRxChEstStatDescr_t *, ch_est::puschRxChEstDynDescr_t *)"
2842798825,7488,131899,137,2,1,24,2,1,44,0.001,0.001,,,,,NVIDIA A100-SXM4-40GB MIG 4g.20gb (0),1,,13,"void ch_est::chEstFilterNoDftSOfdmDispatchKernel<float, __half, float, (unsigned int)2>(ch_est::puschRxChEstStatDescr_t *, ch_est::puschRxChEstDynDescr_t *)"
2842814345,5376,131900,137,2,1,24,2,1,44,0.001,0.001,,,,,NVIDIA A100-SXM4-40GB MIG 4g.20gb (0),1,,13,"void ch_est::chEstFilterNoDftSOfdmDispatchKernel<float, __half, float, (unsigned int)2>(ch_est::puschRxChEstStatDescr_t *, ch_est::puschRxChEstDynDescr_t *)"
2842821801,3008,131911,103,1,1,128,1,1,16,0.000,0.000,,,,,NVIDIA A100-SXM4-40GB MIG 4g.20gb (0),1,,13,cupy_copy__complex64_complex64
2842828937,12383,131921,1434,1,1,128,1,1,16,0.000,0.000,,,,,NVIDIA A100-SXM4-40GB MIG 4g.20gb (0),1,,13,cupy_copy__complex64_complex64
2842842856,2400,131928,103,1,1,128,1,1,16,0.000,0.000,,,,,NVIDIA A100-SXM4-40GB MIG 4g.20gb (0),1,,13,cupy_copy__complex64_complex64
2842851816,83871,131935,1,1,1,32,32,1,30,0.000,0.000,,,,,NVIDIA A100-SXM4-40GB MIG 4g.20gb (0),1,,13,"void convert_kernel<__half2, float2>(tensor_layout_any, T1 *, tensor_layout_any, const T2 *)"
2842964295,5632,131938,,,,,,,,,,0.094,16636.287,Pinned,Device,NVIDIA A100-SXM4-40GB MIG 4g.20gb (0),1,,13,[CUDA memcpy Host-to-Device]
2842976167,47135,131939,,,,,,,,,,35.810,759707.453,Device,,NVIDIA A100-SXM4-40GB MIG 4g.20gb (0),1,,13,[CUDA memset]
2843030150,2816,131941,,,,,,,,,,0.000,28.409,Pinned,Device,NVIDIA A100-SXM4-40GB MIG 4g.20gb (0),1,,13,[CUDA memcpy Host-to-Device]
2843037734,13504,131942,,,,,,,,,,0.197,14559.216,Pinned,Device,NVIDIA A100-SXM4-40GB MIG 4g.20gb (0),1,,13,[CUDA memcpy Host-to-Device]
2843062502,10752,131943,273,1,1,48,1,1,40,0.000,0.001,,,,,NVIDIA A100-SXM4-40GB MIG 4g.20gb (0),1,,13,"void pusch_noise_intf_est::noiseIntfEstNoDftSOfdmKernel<float, __half, float, float, (unsigned int)2, (unsigned int)1, (unsigned char)4, (unsigned char)4>(pusch_noise_intf_est::puschRxNoiseIntfEstDynDescr)"
2843078342,3135,131954,35,1,1,128,1,1,16,0.000,0.000,,,,,NVIDIA A100-SXM4-40GB MIG 4g.20gb (0),1,,13,cupy_copy__complex64_complex64
2843089125,1728,131963,1,1,1,1,1,1,18,0.000,0.000,,,,,NVIDIA A100-SXM4-40GB MIG 4g.20gb (0),1,,13,cupy_copy__float32_float32
2843116709,2080,131969,,,,,,,,,,0.000,1.923,Device,Pageable,NVIDIA A100-SXM4-40GB MIG 4g.20gb (0),1,,7,[CUDA memcpy Device-to-Host]
2843175812,12800,131980,1434,1,1,128,1,1,16,0.000,0.000,,,,,NVIDIA A100-SXM4-40GB MIG 4g.20gb (0),1,,13,cupy_copy__complex64_complex64
2843202436,3552,131987,103,1,1,128,1,1,16,0.000,0.000,,,,,NVIDIA A100-SXM4-40GB MIG 4g.20gb (0),1,,13,cupy_copy__complex64_complex64
2843222564,2560,131994,35,1,1,128,1,1,16,0.000,0.000,,,,,NVIDIA A100-SXM4-40GB MIG 4g.20gb (0),1,,13,cupy_copy__complex64_complex64
2843240740,1791,132001,1,1,1,1,1,1,18,0.000,0.000,,,,,NVIDIA A100-SXM4-40GB MIG 4g.20gb (0),1,,13,cupy_copy__float32_float32
2843374434,81567,132012,1,1,1,32,32,1,30,0.000,0.000,,,,,NVIDIA A100-SXM4-40GB MIG 4g.20gb (0),1,,13,"void convert_kernel<__half2, float2>(tensor_layout_any, T1 *, tensor_layout_any, const T2 *)"
2843484192,5696,132015,,,,,,,,,,0.094,16449.363,Pinned,Device,NVIDIA A100-SXM4-40GB MIG 4g.20gb (0),1,,13,[CUDA memcpy Host-to-Device]
2843498976,3264,132016,,,,,,,,,,1.547,473842.288,Device,,NVIDIA A100-SXM4-40GB MIG 4g.20gb (0),1,,13,[CUDA memset]
2843505472,3424,132021,,,,,,,,,,0.031,9140.185,Pinned,Device,NVIDIA A100-SXM4-40GB MIG 4g.20gb (0),1,,13,[CUDA memcpy Host-to-Device]
2843511552,9536,132022,,,,,,,,,,0.197,20617.298,Pinned,Device,NVIDIA A100-SXM4-40GB MIG 4g.20gb (0),1,,13,[CUDA memcpy Host-to-Device]
2843527040,6624,132023,273,1,1,8,4,1,39,0.002,0.000,,,,,NVIDIA A100-SXM4-40GB MIG 4g.20gb (0),1,,13,"void channel_eq::eqMmseCoefCompLowMimoKernel<float, float, float, (unsigned int)4, (unsigned int)1, (unsigned int)4>(const channel_eq::_puschRxChEqStatDescr *, channel_eq::_puschRxChEqCoefCompDynDescr)"
2843534752,5312,132024,273,1,1,12,11,1,51,0.002,0.000,,,,,NVIDIA A100-SXM4-40GB MIG 4g.20gb (0),1,,13,"void channel_eq::eqMmseSoftDemapKernel<float, __half, __half, float, (unsigned int)4, (unsigned short)16383>(channel_eq::_puschRxChEqStatDescr *, channel_eq::_puschRxChEqSoftDemapDynDescr)"
2843541696,282908,132025,1,1,1,32,32,1,30,0.000,0.000,,,,,NVIDIA A100-SXM4-40GB MIG 4g.20gb (0),1,,13,"void convert_kernel<float2, __half2>(tensor_layout_any, T1 *, tensor_layout_any, const T2 *)"
2843827260,11264,132037,2253,1,1,128,1,1,16,0.000,0.000,,,,,NVIDIA A100-SXM4-40GB MIG 4g.20gb (0),1,,13,cupy_copy__float16_float16
2843840732,3456,132046,282,1,1,128,1,1,16,0.000,0.000,,,,,NVIDIA A100-SXM4-40GB MIG 4g.20gb (0),1,,13,cupy_copy__complex64_complex64
2843845308,2080,132055,26,1,1,128,1,1,16,0.000,0.000,,,,,NVIDIA A100-SXM4-40GB MIG 4g.20gb (0),1,,13,cupy_copy__float32_float32
2843849916,4512,132064,103,1,1,128,1,1,16,0.000,0.000,,,,,NVIDIA A100-SXM4-40GB MIG 4g.20gb (0),1,,13,cupy_copy__complex64_complex64
2843857500,12256,132074,1434,1,1,128,1,1,16,0.000,0.000,,,,,NVIDIA A100-SXM4-40GB MIG 4g.20gb (0),1,,13,cupy_copy__complex64_complex64
2843872956,82143,132079,1,1,1,32,32,1,30,0.000,0.000,,,,,NVIDIA A100-SXM4-40GB MIG 4g.20gb (0),1,,13,"void convert_kernel<__half2, float2>(tensor_layout_any, T1 *, tensor_layout_any, const T2 *)"
2843981530,5632,132082,,,,,,,,,,0.094,16636.287,Pinned,Device,NVIDIA A100-SXM4-40GB MIG 4g.20gb (0),1,,13,[CUDA memcpy Host-to-Device]
2843992602,597881,132083,,,,,,,,,,456.561,763370.728,Device,,NVIDIA A100-SXM4-40GB MIG 4g.20gb (0),1,,13,[CUDA memset]
2844594291,155806,132088,,,,,,,,,,1.235,7925.871,Pinned,Device,NVIDIA A100-SXM4-40GB MIG 4g.20gb (0),1,,13,[CUDA memcpy Host-to-Device]
2844763377,41311,132089,,,,,,,,,,0.197,4759.093,Pinned,Device,NVIDIA A100-SXM4-40GB MIG 4g.20gb (0),1,,13,[CUDA memcpy Host-to-Device]
2844833296,8192,132090,69,4,1,48,1,1,76,0.002,0.000,,,,,NVIDIA A100-SXM4-40GB MIG 4g.20gb (0),1,,13,"void ch_est::windowedChEstPreNoDftSOfdmKernel<float, __half, float, (unsigned int)2, (unsigned int)1, (unsigned short)4>(ch_est::puschRxChEstStatDescr_t *, ch_est::puschRxChEstDynDescr_t *)"
2844851024,6848,132091,137,2,1,24,2,1,44,0.001,0.001,,,,,NVIDIA A100-SXM4-40GB MIG 4g.20gb (0),1,,13,"void ch_est::chEstFilterNoDftSOfdmDispatchKernel<float, __half, float, (unsigned int)2>(ch_est::puschRxChEstStatDescr_t *, ch_est::puschRxChEstDynDescr_t *)"
2844868175,4704,132092,137,2,1,24,2,1,44,0.001,0.001,,,,,NVIDIA A100-SXM4-40GB MIG 4g.20gb (0),1,,13,"void ch_est::chEstFilterNoDftSOfdmDispatchKernel<float, __half, float, (unsigned int)2>(ch_est::puschRxChEstStatDescr_t *, ch_est::puschRxChEstDynDescr_t *)"
2844885295,2688,132103,103,1,1,128,1,1,16,0.000,0.000,,,,,NVIDIA A100-SXM4-40GB MIG 4g.20gb (0),1,,13,cupy_copy__complex64_complex64
2844899951,12800,132113,1434,1,1,128,1,1,16,0.000,0.000,,,,,NVIDIA A100-SXM4-40GB MIG 4g.20gb (0),1,,13,cupy_copy__complex64_complex64
2844929455,2720,132120,103,1,1,128,1,1,16,0.000,0.000,,,,,NVIDIA A100-SXM4-40GB MIG 4g.20gb (0),1,,13,cupy_copy__complex64_complex64
2844940942,82143,132127,1,1,1,32,32,1,30,0.000,0.000,,,,,NVIDIA A100-SXM4-40GB MIG 4g.20gb (0),1,,13,"void convert_kernel<__half2, float2>(tensor_layout_any, T1 *, tensor_layout_any, const T2 *)"
2845053197,12992,132130,,,,,,,,,,0.094,7211.781,Pinned,Device,NVIDIA A100-SXM4-40GB MIG 4g.20gb (0),1,,13,[CUDA memcpy Host-to-Device]
2845078765,47967,132131,,,,,,,,,,35.810,746529.402,Device,,NVIDIA A100-SXM4-40GB MIG 4g.20gb (0),1,,13,[CUDA memset]
2845133100,3616,132133,,,,,,,,,,0.000,22.124,Pinned,Device,NVIDIA A100-SXM4-40GB MIG 4g.20gb (0),1,,13,[CUDA memcpy Host-to-Device]
2845142924,15424,132134,,,,,,,,,,0.197,12746.883,Pinned,Device,NVIDIA A100-SXM4-40GB MIG 4g.20gb (0),1,,13,[CUDA memcpy Host-to-Device]
2845173388,10367,132135,273,1,1,48,1,1,40,0.000,0.001,,,,,NVIDIA A100-SXM4-40GB MIG 4g.20gb (0),1,,13,"void pusch_noise_intf_est::noiseIntfEstNoDftSOfdmKernel<float, __half, float, float, (unsigned int)2, (unsigned int)1, (unsigned char)4, (unsigned char)4>(pusch_noise_intf_est::puschRxNoiseIntfEstDynDescr)"
2845190891,2848,132146,35,1,1,128,1,1,16,0.000,0.000,,,,,NVIDIA A100-SXM4-40GB MIG 4g.20gb (0),1,,13,cupy_copy__complex64_complex64
2845198955,1760,132155,1,1,1,1,1,1,18,0.000,0.000,,,,,NVIDIA A100-SXM4-40GB MIG 4g.20gb (0),1,,13,cupy_copy__float32_float32
2845208043,1824,132161,,,,,,,,,,0.000,2.193,Device,Pageable,NVIDIA A100-SXM4-40GB MIG 4g.20gb (0),1,,7,[CUDA memcpy Device-to-Host]
2845272170,13056,132172,1434,1,1,128,1,1,16,0.000,0.000,,,,,NVIDIA A100-SXM4-40GB MIG 4g.20gb (0),1,,13,cupy_copy__complex64_complex64
2845298058,2880,132179,103,1,1,128,1,1,16,0.000,0.000,,,,,NVIDIA A100-SXM4-40GB MIG 4g.20gb (0),1,,13,cupy_copy__complex64_complex64
2845319242,2688,132186,35,1,1,128,1,1,16,0.000,0.000,,,,,NVIDIA A100-SXM4-40GB MIG 4g.20gb (0),1,,13,cupy_copy__complex64_complex64
2845338570,1792,132193,1,1,1,1,1,1,18,0.000,0.000,,,,,NVIDIA A100-SXM4-40GB MIG 4g.20gb (0),1,,13,cupy_copy__float32_float32
2845469960,82367,132204,1,1,1,32,32,1,30,0.000,0.000,,,,,NVIDIA A100-SXM4-40GB MIG 4g.20gb (0),1,,13,"void convert_kernel<__half2, float2>(tensor_layout_any, T1 *, tensor_layout_any, const T2 *)"
2845580007,5888,132207,,,,,,,,,,0.094,15912.954,Pinned,Device,NVIDIA A100-SXM4-40GB MIG 4g.20gb (0),1,,13,[CUDA memcpy Host-to-Device]
2845595238,3328,132208,,,,,,,,,,1.547,464729.580,Device,,NVIDIA A100-SXM4-40GB MIG 4g.20gb (0),1,,13,[CUDA memset]
2845601414,3008,132213,,,,,,,,,,0.031,10404.230,Pinned,Device,NVIDIA A100-SXM4-40GB MIG 4g.20gb (0),1,,13,[CUDA memcpy Host-to-Device]
2845606854,10112,132214,,,,,,,,,,0.197,19442.958,Pinned,Device,NVIDIA A100-SXM4-40GB MIG 4g.20gb (0),1,,13,[CUDA memcpy Host-to-Device]
2845622726,6144,132215,273,1,1,8,4,1,39,0.002,0.000,,,,,NVIDIA A100-SXM4-40GB MIG 4g.20gb (0),1,,13,"void channel_eq::eqMmseCoefCompLowMimoKernel<float, float, float, (unsigned int)4, (unsigned int)1, (unsigned int)4>(const channel_eq::_puschRxChEqStatDescr *, channel_eq::_puschRxChEqCoefCompDynDescr)"
2845632262,6016,132216,273,1,1,12,11,1,51,0.002,0.000,,,,,NVIDIA A100-SXM4-40GB MIG 4g.20gb (0),1,,13,"void channel_eq::eqMmseSoftDemapKernel<float, __half, __half, float, (unsigned int)4, (unsigned short)16383>(channel_eq::_puschRxChEqStatDescr *, channel_eq::_puschRxChEqSoftDemapDynDescr)"
2845639462,282812,132217,1,1,1,32,32,1,30,0.000,0.000,,,,,NVIDIA A100-SXM4-40GB MIG 4g.20gb (0),1,,13,"void convert_kernel<float2, __half2>(tensor_layout_any, T1 *, tensor_layout_any, const T2 *)"
2845923202,11008,132229,2253,1,1,128,1,1,16,0.000,0.000,,,,,NVIDIA A100-SXM4-40GB MIG 4g.20gb (0),1,,13,cupy_copy__float16_float16
2845937666,3648,132238,282,1,1,128,1,1,16,0.000,0.000,,,,,NVIDIA A100-SXM4-40GB MIG 4g.20gb (0),1,,13,cupy_copy__complex64_complex64
2845944354,2176,132247,26,1,1,128,1,1,16,0.000,0.000,,,,,NVIDIA A100-SXM4-40GB MIG 4g.20gb (0),1,,13,cupy_copy__float32_float32
2845947458,2912,132256,103,1,1,128,1,1,16,0.000,0.000,,,,,NVIDIA A100-SXM4-40GB MIG 4g.20gb (0),1,,13,cupy_copy__complex64_complex64
2845951650,12096,132266,1434,1,1,128,1,1,16,0.000,0.000,,,,,NVIDIA A100-SXM4-40GB MIG 4g.20gb (0),1,,13,cupy_copy__complex64_complex64
2845969186,82879,132271,1,1,1,32,32,1,30,0.000,0.000,,,,,NVIDIA A100-SXM4-40GB MIG 4g.20gb (0),1,,13,"void convert_kernel<__half2, float2>(tensor_layout_any, T1 *, tensor_layout_any, const T2 *)"
2846078720,5472,132274,,,,,,,,,,0.094,17122.757,Pinned,Device,NVIDIA A100-SXM4-40GB MIG 4g.20gb (0),1,,13,[CUDA memcpy Host-to-Device]
2846088800,596217,132275,,,,,,,,,,456.561,765653.535,Device,,NVIDIA A100-SXM4-40GB MIG 4g.20gb (0),1,,13,[CUDA memset]
2846692217,140446,132280,,,,,,,,,,1.235,8792.801,Pinned,Device,NVIDIA A100-SXM4-40GB MIG 4g.20gb (0),1,,13,[CUDA memcpy Host-to-Device]
2846847639,36479,132281,,,,,,,,,,0.197,5389.615,Pinned,Device,NVIDIA A100-SXM4-40GB MIG 4g.20gb (0),1,,13,[CUDA memcpy Host-to-Device]
2846910678,8384,132282,69,4,1,48,1,1,76,0.002,0.000,,,,,NVIDIA A100-SXM4-40GB MIG 4g.20gb (0),1,,13,"void ch_est::windowedChEstPreNoDftSOfdmKernel<float, __half, float, (unsigned int)2, (unsigned int)1, (unsigned short)4>(ch_est::puschRxChEstStatDescr_t *, ch_est::puschRxChEstDynDescr_t *)"
2846928694,6656,132283,137,2,1,24,2,1,44,0.001,0.001,,,,,NVIDIA A100-SXM4-40GB MIG 4g.20gb (0),1,,13,"void ch_est::chEstFilterNoDftSOfdmDispatchKernel<float, __half, float, (unsigned int)2>(ch_est::puschRxChEstStatDescr_t *, ch_est::puschRxChEstDynDescr_t *)"
2846946038,4832,132284,137,2,1,24,2,1,44,0.001,0.001,,,,,NVIDIA A100-SXM4-40GB MIG 4g.20gb (0),1,,13,"void ch_est::chEstFilterNoDftSOfdmDispatchKernel<float, __half, float, (unsigned int)2>(ch_est::puschRxChEstStatDescr_t *, ch_est::puschRxChEstDynDescr_t *)"
2846962997,2496,132295,103,1,1,128,1,1,16,0.000,0.000,,,,,NVIDIA A100-SXM4-40GB MIG 4g.20gb (0),1,,13,cupy_copy__complex64_complex64
2846982357,12384,132305,1434,1,1,128,1,1,16,0.000,0.000,,,,,NVIDIA A100-SXM4-40GB MIG 4g.20gb (0),1,,13,cupy_copy__complex64_complex64
2847000789,2912,132312,103,1,1,128,1,1,16,0.000,0.000,,,,,NVIDIA A100-SXM4-40GB MIG 4g.20gb (0),1,,13,cupy_copy__complex64_complex64
2847021109,86559,132319,1,1,1,32,32,1,30,0.000,0.000,,,,,NVIDIA A100-SXM4-40GB MIG 4g.20gb (0),1,,13,"void convert_kernel<__half2, float2>(tensor_layout_any, T1 *, tensor_layout_any, const T2 *)"
2847139539,27040,132322,,,,,,,,,,0.094,3465.065,Pinned,Device,NVIDIA A100-SXM4-40GB MIG 4g.20gb (0),1,,13,[CUDA memcpy Host-to-Device]
2847180019,47167,132323,,,,,,,,,,35.810,759206.114,Device,,NVIDIA A100-SXM4-40GB MIG 4g.20gb (0),1,,13,[CUDA memset]
2847233490,12800,132325,,,,,,,,,,0.000,6.250,Pinned,Device,NVIDIA A100-SXM4-40GB MIG 4g.20gb (0),1,,13,[CUDA memcpy Host-to-Device]
2847254962,21408,132326,,,,,,,,,,0.197,9183.756,Pinned,Device,NVIDIA A100-SXM4-40GB MIG 4g.20gb (0),1,,13,[CUDA memcpy Host-to-Device]
2847295281,9568,132327,273,1,1,48,1,1,40,0.000,0.001,,,,,NVIDIA A100-SXM4-40GB MIG 4g.20gb (0),1,,13,"void pusch_noise_intf_est::noiseIntfEstNoDftSOfdmKernel<float, __half, float, float, (unsigned int)2, (unsigned int)1, (unsigned char)4, (unsigned char)4>(pusch_noise_intf_est::puschRxNoiseIntfEstDynDescr)"
2847311825,2688,132338,35,1,1,128,1,1,16,0.000,0.000,,,,,NVIDIA A100-SXM4-40GB MIG 4g.20gb (0),1,,13,cupy_copy__complex64_complex64
2847320465,1760,132347,1,1,1,1,1,1,18,0.000,0.000,,,,,NVIDIA A100-SXM4-40GB MIG 4g.20gb (0),1,,13,cupy_copy__float32_float32
2847325777,2464,132353,,,,,,,,,,0.000,1.623,Device,Pageable,NVIDIA A100-SXM4-40GB MIG 4g.20gb (0),1,,7,[CUDA memcpy Device-to-Host]
2847402384,12992,132364,1434,1,1,128,1,1,16,0.000,0.000,,,,,NVIDIA A100-SXM4-40GB MIG 4g.20gb (0),1,,13,cupy_copy__complex64_complex64
2847435120,3424,132371,103,1,1,128,1,1,16,0.000,0.000,,,,,NVIDIA A100-SXM4-40GB MIG 4g.20gb (0),1,,13,cupy_copy__complex64_complex64
2847449967,2336,132378,35,1,1,128,1,1,16,0.000,0.000,,,,,NVIDIA A100-SXM4-40GB MIG 4g.20gb (0),1,,13,cupy_copy__complex64_complex64
2847469775,1888,132385,1,1,1,1,1,1,18,0.000,0.000,,,,,NVIDIA A100-SXM4-40GB MIG 4g.20gb (0),1,,13,cupy_copy__float32_float32
2847599374,81695,132396,1,1,1,32,32,1,30,0.000,0.000,,,,,NVIDIA A100-SXM4-40GB MIG 4g.20gb (0),1,,13,"void convert_kernel<__half2, float2>(tensor_layout_any, T1 *, tensor_layout_any, const T2 *)"
2847708460,5824,132399,,,,,,,,,,0.094,16087.884,Pinned,Device,NVIDIA A100-SXM4-40GB MIG 4g.20gb (0),1,,13,[CUDA memcpy Host-to-Device]
2847723756,3360,132400,,,,,,,,,,1.547,460304.688,Device,,NVIDIA A100-SXM4-40GB MIG 4g.20gb (0),1,,13,[CUDA memset]
2847729804,3392,132405,,,,,,,,,,0.031,9226.405,Pinned,Device,NVIDIA A100-SXM4-40GB MIG 4g.20gb (0),1,,13,[CUDA memcpy Host-to-Device]
2847735628,9568,132406,,,,,,,,,,0.197,20548.485,Pinned,Device,NVIDIA A100-SXM4-40GB MIG 4g.20gb (0),1,,13,[CUDA memcpy Host-to-Device]
2847749164,6176,132407,273,1,1,8,4,1,39,0.002,0.000,,,,,NVIDIA A100-SXM4-40GB MIG 4g.20gb (0),1,,13,"void channel_eq::eqMmseCoefCompLowMimoKernel<float, float, float, (unsigned int)4, (unsigned int)1, (unsigned int)4>(const channel_eq::_puschRxChEqStatDescr *, channel_eq::_puschRxChEqCoefCompDynDescr)"
2847758508,5920,132408,273,1,1,12,11,1,51,0.002,0.000,,,,,NVIDIA A100-SXM4-40GB MIG 4g.20gb (0),1,,13,"void channel_eq::eqMmseSoftDemapKernel<float, __half, __half, float, (unsigned int)4, (unsigned short)16383>(channel_eq::_puschRxChEqStatDescr *, channel_eq::_puschRxChEqSoftDemapDynDescr)"
2847767500,282684,132409,1,1,1,32,32,1,30,0.000,0.000,,,,,NVIDIA A100-SXM4-40GB MIG 4g.20gb (0),1,,13,"void convert_kernel<float2, __half2>(tensor_layout_any, T1 *, tensor_layout_any, const T2 *)"
2848054376,10912,132421,2253,1,1,128,1,1,16,0.000,0.000,,,,,NVIDIA A100-SXM4-40GB MIG 4g.20gb (0),1,,13,cupy_copy__float16_float16
2848067304,3264,132430,282,1,1,128,1,1,16,0.000,0.000,,,,,NVIDIA A100-SXM4-40GB MIG 4g.20gb (0),1,,13,cupy_copy__complex64_complex64
2848071688,2240,132439,26,1,1,128,1,1,16,0.000,0.000,,,,,NVIDIA A100-SXM4-40GB MIG 4g.20gb (0),1,,13,cupy_copy__float32_float32
2848076456,3296,132448,103,1,1,128,1,1,16,0.000,0.000,,,,,NVIDIA A100-SXM4-40GB MIG 4g.20gb (0),1,,13,cupy_copy__complex64_complex64
2848082952,11871,132458,1434,1,1,128,1,1,16,0.000,0.000,,,,,NVIDIA A100-SXM4-40GB MIG 4g.20gb (0),1,,13,cupy_copy__complex64_complex64
2848100871,81983,132463,1,1,1,32,32,1,30,0.000,0.000,,,,,NVIDIA A100-SXM4-40GB MIG 4g.20gb (0),1,,13,"void convert_kernel<__half2, float2>(tensor_layout_any, T1 *, tensor_layout_any, const T2 *)"
2848210310,6176,132466,,,,,,,,,,0.094,15170.975,Pinned,Device,NVIDIA A100-SXM4-40GB MIG 4g.20gb (0),1,,13,[CUDA memcpy Host-to-Device]
2848221286,597369,132467,,,,,,,,,,456.561,764283.851,Device,,NVIDIA A100-SXM4-40GB MIG 4g.20gb (0),1,,13,[CUDA memset]
2848826302,130527,132472,,,,,,,,,,1.235,9460.906,Pinned,Device,NVIDIA A100-SXM4-40GB MIG 4g.20gb (0),1,,13,[CUDA memcpy Host-to-Device]
2848967549,31455,132473,,,,,,,,,,0.197,6250.365,Pinned,Device,NVIDIA A100-SXM4-40GB MIG 4g.20gb (0),1,,13,[CUDA memcpy Host-to-Device]
2849011356,7808,132474,69,4,1,48,1,1,76,0.002,0.000,,,,,NVIDIA A100-SXM4-40GB MIG 4g.20gb (0),1,,13,"void ch_est::windowedChEstPreNoDftSOfdmKernel<float, __half, float, (unsigned int)2, (unsigned int)1, (unsigned short)4>(ch_est::puschRxChEstStatDescr_t *, ch_est::puschRxChEstDynDescr_t *)"
2849027324,7008,132475,137,2,1,24,2,1,44,0.001,0.001,,,,,NVIDIA A100-SXM4-40GB MIG 4g.20gb (0),1,,13,"void ch_est::chEstFilterNoDftSOfdmDispatchKernel<float, __half, float, (unsigned int)2>(ch_est::puschRxChEstStatDescr_t *, ch_est::puschRxChEstDynDescr_t *)"
2849050748,4704,132476,137,2,1,24,2,1,44,0.001,0.001,,,,,NVIDIA A100-SXM4-40GB MIG 4g.20gb (0),1,,13,"void ch_est::chEstFilterNoDftSOfdmDispatchKernel<float, __half, float, (unsigned int)2>(ch_est::puschRxChEstStatDescr_t *, ch_est::puschRxChEstDynDescr_t *)"
2849066779,2720,132487,103,1,1,128,1,1,16,0.000,0.000,,,,,NVIDIA A100-SXM4-40GB MIG 4g.20gb (0),1,,13,cupy_copy__complex64_complex64
2849074747,12576,132497,1434,1,1,128,1,1,16,0.000,0.000,,,,,NVIDIA A100-SXM4-40GB MIG 4g.20gb (0),1,,13,cupy_copy__complex64_complex64
2849103707,2624,132504,103,1,1,128,1,1,16,0.000,0.000,,,,,NVIDIA A100-SXM4-40GB MIG 4g.20gb (0),1,,13,cupy_copy__complex64_complex64
2849118907,86975,132511,1,1,1,32,32,1,30,0.000,0.000,,,,,NVIDIA A100-SXM4-40GB MIG 4g.20gb (0),1,,13,"void convert_kernel<__half2, float2>(tensor_layout_any, T1 *, tensor_layout_any, const T2 *)"
2849239545,20864,132514,,,,,,,,,,0.094,4490.756,Pinned,Device,NVIDIA A100-SXM4-40GB MIG 4g.20gb (0),1,,13,[CUDA memcpy Host-to-Device]
2849275577,47135,132515,,,,,,,,,,35.810,759707.453,Device,,NVIDIA A100-SXM4-40GB MIG 4g.20gb (0),1,,13,[CUDA memset]
2849323256,15872,132517,,,,,,,,,,0.000,5.040,Pinned,Device,NVIDIA A100-SXM4-40GB MIG 4g.20gb (0),1,,13,[CUDA memcpy Host-to-Device]
2849346008,27264,132518,,,,,,,,,,0.197,7211.188,Pinned,Device,NVIDIA A100-SXM4-40GB MIG 4g.20gb (0),1,,13,[CUDA memcpy Host-to-Device]
2849389303,9344,132519,273,1,1,48,1,1,40,0.000,0.001,,,,,NVIDIA A100-SXM4-40GB MIG 4g.20gb (0),1,,13,"void pusch_noise_intf_est::noiseIntfEstNoDftSOfdmKernel<float, __half, float, float, (unsigned int)2, (unsigned int)1, (unsigned char)4, (unsigned char)4>(pusch_noise_intf_est::puschRxNoiseIntfEstDynDescr)"
2849406583,2784,132530,35,1,1,128,1,1,16,0.000,0.000,,,,,NVIDIA A100-SXM4-40GB MIG 4g.20gb (0),1,,13,cupy_copy__complex64_complex64
2849423543,1760,132539,1,1,1,1,1,1,18,0.000,0.000,,,,,NVIDIA A100-SXM4-40GB MIG 4g.20gb (0),1,,13,cupy_copy__float32_float32
2849430007,5152,132545,,,,,,,,,,0.000,0.776,Device,Pageable,NVIDIA A100-SXM4-40GB MIG 4g.20gb (0),1,,7,[CUDA memcpy Device-to-Host]
2849529750,12480,132556,1434,1,1,128,1,1,16,0.000,0.000,,,,,NVIDIA A100-SXM4-40GB MIG 4g.20gb (0),1,,13,cupy_copy__complex64_complex64
2849553173,3296,132563,103,1,1,128,1,1,16,0.000,0.000,,,,,NVIDIA A100-SXM4-40GB MIG 4g.20gb (0),1,,13,cupy_copy__complex64_complex64
2849575829,2464,132570,35,1,1,128,1,1,16,0.000,0.000,,,,,NVIDIA A100-SXM4-40GB MIG 4g.20gb (0),1,,13,cupy_copy__complex64_complex64
2849594805,1792,132577,1,1,1,1,1,1,18,0.000,0.000,,,,,NVIDIA A100-SXM4-40GB MIG 4g.20gb (0),1,,13,cupy_copy__float32_float32
2849723699,87807,132588,1,1,1,32,32,1,30,0.000,0.000,,,,,NVIDIA A100-SXM4-40GB MIG 4g.20gb (0),1,,13,"void convert_kernel<__half2, float2>(tensor_layout_any, T1 *, tensor_layout_any, const T2 *)"
2849842514,13408,132591,,,,,,,,,,0.094,6988.035,Pinned,Device,NVIDIA A100-SXM4-40GB MIG 4g.20gb (0),1,,13,[CUDA memcpy Host-to-Device]
2849865426,3424,132592,,,,,,,,,,1.547,451700.819,Device,,NVIDIA A100-SXM4-40GB MIG 4g.20gb (0),1,,13,[CUDA memset]
2849871090,3871,132597,,,,,,,,,,0.031,8084.727,Pinned,Device,NVIDIA A100-SXM4-40GB MIG 4g.20gb (0),1,,13,[CUDA memcpy Host-to-Device]
2849878033,16448,132598,,,,,,,,,,0.197,11953.177,Pinned,Device,NVIDIA A100-SXM4-40GB MIG 4g.20gb (0),1,,13,[CUDA memcpy Host-to-Device]
2849906193,6752,132599,273,1,1,8,4,1,39,0.002,0.000,,,,,NVIDIA A100-SXM4-40GB MIG 4g.20gb (0),1,,13,"void channel_eq::eqMmseCoefCompLowMimoKernel<float, float, float, (unsigned int)4, (unsigned int)1, (unsigned int)4>(const channel_eq::_puschRxChEqStatDescr *, channel_eq::_puschRxChEqCoefCompDynDescr)"
2849916337,5472,132600,273,1,1,12,11,1,51,0.002,0.000,,,,,NVIDIA A100-SXM4-40GB MIG 4g.20gb (0),1,,13,"void channel_eq::eqMmseSoftDemapKernel<float, __half, __half, float, (unsigned int)4, (unsigned short)16383>(channel_eq::_puschRxChEqStatDescr *, channel_eq::_puschRxChEqSoftDemapDynDescr)"
2849925393,282716,132601,1,1,1,32,32,1,30,0.000,0.000,,,,,NVIDIA A100-SXM4-40GB MIG 4g.20gb (0),1,,13,"void convert_kernel<float2, __half2>(tensor_layout_any, T1 *, tensor_layout_any, const T2 *)"
2850210157,10912,132613,2253,1,1,128,1,1,16,0.000,0.000,,,,,NVIDIA A100-SXM4-40GB MIG 4g.20gb (0),1,,13,cupy_copy__float16_float16
2850224333,3104,132622,282,1,1,128,1,1,16,0.000,0.000,,,,,NVIDIA A100-SXM4-40GB MIG 4g.20gb (0),1,,13,cupy_copy__complex64_complex64
2850230093,3648,132631,26,1,1,128,1,1,16,0.000,0.000,,,,,NVIDIA A100-SXM4-40GB MIG 4g.20gb (0),1,,13,cupy_copy__float32_float32
2850236877,4672,132640,103,1,1,128,1,1,16,0.000,0.000,,,,,NVIDIA A100-SXM4-40GB MIG 4g.20gb (0),1,,13,cupy_copy__complex64_complex64
2850244077,12096,132650,1434,1,1,128,1,1,16,0.000,0.000,,,,,NVIDIA A100-SXM4-40GB MIG 4g.20gb (0),1,,13,cupy_copy__complex64_complex64
2850260237,91455,132655,1,1,1,32,32,1,30,0.000,0.000,,,,,NVIDIA A100-SXM4-40GB MIG 4g.20gb (0),1,,13,"void convert_kernel<__half2, float2>(tensor_layout_any, T1 *, tensor_layout_any, const T2 *)"
2850378827,5440,132658,,,,,,,,,,0.094,17223.480,Pinned,Device,NVIDIA A100-SXM4-40GB MIG 4g.20gb (0),1,,13,[CUDA memcpy Host-to-Device]
2850388459,598457,132659,,,,,,,,,,456.561,762457.605,Device,,NVIDIA A100-SXM4-40GB MIG 4g.20gb (0),1,,13,[CUDA memset]
2850997956,131326,132664,,,,,,,,,,1.235,9402.864,Pinned,Device,NVIDIA A100-SXM4-40GB MIG 4g.20gb (0),1,,13,[CUDA memcpy Host-to-Device]
2851138754,25120,132665,,,,,,,,,,0.197,7826.571,Pinned,Device,NVIDIA A100-SXM4-40GB MIG 4g.20gb (0),1,,13,[CUDA memcpy Host-to-Device]
2851176705,8480,132666,69,4,1,48,1,1,76,0.002,0.000,,,,,NVIDIA A100-SXM4-40GB MIG 4g.20gb (0),1,,13,"void ch_est::windowedChEstPreNoDftSOfdmKernel<float, __half, float, (unsigned int)2, (unsigned int)1, (unsigned short)4>(ch_est::puschRxChEstStatDescr_t *, ch_est::puschRxChEstDynDescr_t *)"
2851186945,7264,132667,137,2,1,24,2,1,44,0.001,0.001,,,,,NVIDIA A100-SXM4-40GB MIG 4g.20gb (0),1,,13,"void ch_est::chEstFilterNoDftSOfdmDispatchKernel<float, __half, float, (unsigned int)2>(ch_est::puschRxChEstStatDescr_t *, ch_est::puschRxChEstDynDescr_t *)"
2851197793,5120,132668,137,2,1,24,2,1,44,0.001,0.001,,,,,NVIDIA A100-SXM4-40GB MIG 4g.20gb (0),1,,13,"void ch_est::chEstFilterNoDftSOfdmDispatchKernel<float, __half, float, (unsigned int)2>(ch_est::puschRxChEstStatDescr_t *, ch_est::puschRxChEstDynDescr_t *)"
2851205441,2720,132679,103,1,1,128,1,1,16,0.000,0.000,,,,,NVIDIA A100-SXM4-40GB MIG 4g.20gb (0),1,,13,cupy_copy__complex64_complex64
2851213121,12704,132689,1434,1,1,128,1,1,16,0.000,0.000,,,,,NVIDIA A100-SXM4-40GB MIG 4g.20gb (0),1,,13,cupy_copy__complex64_complex64
2851228609,2656,132696,103,1,1,128,1,1,16,0.000,0.000,,,,,NVIDIA A100-SXM4-40GB MIG 4g.20gb (0),1,,13,cupy_copy__complex64_complex64
2851237793,92255,132703,1,1,1,32,32,1,30,0.000,0.000,,,,,NVIDIA A100-SXM4-40GB MIG 4g.20gb (0),1,,13,"void convert_kernel<__half2, float2>(tensor_layout_any, T1 *, tensor_layout_any, const T2 *)"
2851360863,13568,132706,,,,,,,,,,0.094,6905.583,Pinned,Device,NVIDIA A100-SXM4-40GB MIG 4g.20gb (0),1,,13,[CUDA memcpy Host-to-Device]
2851386367,47519,132707,,,,,,,,,,35.810,753583.956,Device,,NVIDIA A100-SXM4-40GB MIG 4g.20gb (0),1,,13,[CUDA memset]
2851436318,6272,132709,,,,,,,,,,0.000,12.755,Pinned,Device,NVIDIA A100-SXM4-40GB MIG 4g.20gb (0),1,,13,[CUDA memcpy Host-to-Device]
2851449662,17376,132710,,,,,,,,,,0.197,11314.790,Pinned,Device,NVIDIA A100-SXM4-40GB MIG 4g.20gb (0),1,,13,[CUDA memcpy Host-to-Device]
2851480094,9856,132711,273,1,1,48,1,1,40,0.000,0.001,,,,,NVIDIA A100-SXM4-40GB MIG 4g.20gb (0),1,,13,"void pusch_noise_intf_est::noiseIntfEstNoDftSOfdmKernel<float, __half, float, float, (unsigned int)2, (unsigned int)1, (unsigned char)4, (unsigned char)4>(pusch_noise_intf_est::puschRxNoiseIntfEstDynDescr)"
2851494685,2720,132722,35,1,1,128,1,1,16,0.000,0.000,,,,,NVIDIA A100-SXM4-40GB MIG 4g.20gb (0),1,,13,cupy_copy__complex64_complex64
2851502525,1760,132731,1,1,1,1,1,1,18,0.000,0.000,,,,,NVIDIA A100-SXM4-40GB MIG 4g.20gb (0),1,,13,cupy_copy__float32_float32
2851516029,2176,132737,,,,,,,,,,0.000,1.838,Device,Pageable,NVIDIA A100-SXM4-40GB MIG 4g.20gb (0),1,,7,[CUDA memcpy Device-to-Host]
2851578236,12384,132748,1434,1,1,128,1,1,16,0.000,0.000,,,,,NVIDIA A100-SXM4-40GB MIG 4g.20gb (0),1,,13,cupy_copy__complex64_complex64
2851608860,2784,132755,103,1,1,128,1,1,16,0.000,0.000,,,,,NVIDIA A100-SXM4-40GB MIG 4g.20gb (0),1,,13,cupy_copy__complex64_complex64
2851629724,2752,132762,35,1,1,128,1,1,16,0.000,0.000,,,,,NVIDIA A100-SXM4-40GB MIG 4g.20gb (0),1,,13,cupy_copy__complex64_complex64
2851647676,1760,132769,1,1,1,1,1,1,18,0.000,0.000,,,,,NVIDIA A100-SXM4-40GB MIG 4g.20gb (0),1,,13,cupy_copy__float32_float32
2851780058,81823,132780,1,1,1,32,32,1,30,0.000,0.000,,,,,NVIDIA A100-SXM4-40GB MIG 4g.20gb (0),1,,13,"void convert_kernel<__half2, float2>(tensor_layout_any, T1 *, tensor_layout_any, const T2 *)"
2851889849,5792,132783,,,,,,,,,,0.094,16176.708,Pinned,Device,NVIDIA A100-SXM4-40GB MIG 4g.20gb (0),1,,13,[CUDA memcpy Host-to-Device]
2851904152,3392,132784,,,,,,,,,,1.547,455961.768,Device,,NVIDIA A100-SXM4-40GB MIG 4g.20gb (0),1,,13,[CUDA memset]
2851912152,3168,132789,,,,,,,,,,0.031,9878.770,Pinned,Device,NVIDIA A100-SXM4-40GB MIG 4g.20gb (0),1,,13,[CUDA memcpy Host-to-Device]
2851917976,9344,132790,,,,,,,,,,0.197,21040.988,Pinned,Device,NVIDIA A100-SXM4-40GB MIG 4g.20gb (0),1,,13,[CUDA memcpy Host-to-Device]
2851933240,6336,132791,273,1,1,8,4,1,39,0.002,0.000,,,,,NVIDIA A100-SXM4-40GB MIG 4g.20gb (0),1,,13,"void channel_eq::eqMmseCoefCompLowMimoKernel<float, float, float, (unsigned int)4, (unsigned int)1, (unsigned int)4>(const channel_eq::_puschRxChEqStatDescr *, channel_eq::_puschRxChEqCoefCompDynDescr)"
2851942392,5888,132792,273,1,1,12,11,1,51,0.002,0.000,,,,,NVIDIA A100-SXM4-40GB MIG 4g.20gb (0),1,,13,"void channel_eq::eqMmseSoftDemapKernel<float, __half, __half, float, (unsigned int)4, (unsigned short)16383>(channel_eq::_puschRxChEqStatDescr *, channel_eq::_puschRxChEqSoftDemapDynDescr)"
2851949688,294556,132793,1,1,1,32,32,1,30,0.000,0.000,,,,,NVIDIA A100-SXM4-40GB MIG 4g.20gb (0),1,,13,"void convert_kernel<float2, __half2>(tensor_layout_any, T1 *, tensor_layout_any, const T2 *)"
2852245268,11040,132805,2253,1,1,128,1,1,16,0.000,0.000,,,,,NVIDIA A100-SXM4-40GB MIG 4g.20gb (0),1,,13,cupy_copy__float16_float16
2852259892,3808,132814,282,1,1,128,1,1,16,0.000,0.000,,,,,NVIDIA A100-SXM4-40GB MIG 4g.20gb (0),1,,13,cupy_copy__complex64_complex64
2852265748,2304,132823,26,1,1,128,1,1,16,0.000,0.000,,,,,NVIDIA A100-SXM4-40GB MIG 4g.20gb (0),1,,13,cupy_copy__float32_float32
2852270612,2976,132832,103,1,1,128,1,1,16,0.000,0.000,,,,,NVIDIA A100-SXM4-40GB MIG 4g.20gb (0),1,,13,cupy_copy__complex64_complex64
2852327699,12704,132848,1434,1,1,128,1,1,16,0.000,0.000,,,,,NVIDIA A100-SXM4-40GB MIG 4g.20gb (0),1,,13,cupy_copy__complex64_complex64
2852439762,83263,132853,1,1,1,32,32,1,30,0.000,0.000,,,,,NVIDIA A100-SXM4-40GB MIG 4g.20gb (0),1,,13,"void convert_kernel<__half2, float2>(tensor_layout_any, T1 *, tensor_layout_any, const T2 *)"
2852550864,5536,132856,,,,,,,,,,0.094,16924.777,Pinned,Device,NVIDIA A100-SXM4-40GB MIG 4g.20gb (0),1,,13,[CUDA memcpy Host-to-Device]
2852561168,596985,132857,,,,,,,,,,456.561,764740.412,Device,,NVIDIA A100-SXM4-40GB MIG 4g.20gb (0),1,,13,[CUDA memset]
2853165897,158910,132862,,,,,,,,,,1.235,7770.268,Pinned,Device,NVIDIA A100-SXM4-40GB MIG 4g.20gb (0),1,,13,[CUDA memcpy Host-to-Device]
2853332935,20095,132863,,,,,,,,,,0.197,9783.804,Pinned,Device,NVIDIA A100-SXM4-40GB MIG 4g.20gb (0),1,,13,[CUDA memcpy Host-to-Device]
2853364102,8384,132864,69,4,1,48,1,1,76,0.002,0.000,,,,,NVIDIA A100-SXM4-40GB MIG 4g.20gb (0),1,,13,"void ch_est::windowedChEstPreNoDftSOfdmKernel<float, __half, float, (unsigned int)2, (unsigned int)1, (unsigned short)4>(ch_est::puschRxChEstStatDescr_t *, ch_est::puschRxChEstDynDescr_t *)"
2853380806,7008,132865,137,2,1,24,2,1,44,0.001,0.001,,,,,NVIDIA A100-SXM4-40GB MIG 4g.20gb (0),1,,13,"void ch_est::chEstFilterNoDftSOfdmDispatchKernel<float, __half, float, (unsigned int)2>(ch_est::puschRxChEstStatDescr_t *, ch_est::puschRxChEstDynDescr_t *)"
2853395430,5280,132866,137,2,1,24,2,1,44,0.001,0.001,,,,,NVIDIA A100-SXM4-40GB MIG 4g.20gb (0),1,,13,"void ch_est::chEstFilterNoDftSOfdmDispatchKernel<float, __half, float, (unsigned int)2>(ch_est::puschRxChEstStatDescr_t *, ch_est::puschRxChEstDynDescr_t *)"
2853403782,2528,132877,103,1,1,128,1,1,16,0.000,0.000,,,,,NVIDIA A100-SXM4-40GB MIG 4g.20gb (0),1,,13,cupy_copy__complex64_complex64
2853411910,12416,132887,1434,1,1,128,1,1,16,0.000,0.000,,,,,NVIDIA A100-SXM4-40GB MIG 4g.20gb (0),1,,13,cupy_copy__complex64_complex64
2853427398,2464,132894,103,1,1,128,1,1,16,0.000,0.000,,,,,NVIDIA A100-SXM4-40GB MIG 4g.20gb (0),1,,13,cupy_copy__complex64_complex64
2853436997,87551,132901,1,1,1,32,32,1,30,0.000,0.000,,,,,NVIDIA A100-SXM4-40GB MIG 4g.20gb (0),1,,13,"void convert_kernel<__half2, float2>(tensor_layout_any, T1 *, tensor_layout_any, const T2 *)"
2853555108,12736,132904,,,,,,,,,,0.094,7356.729,Pinned,Device,NVIDIA A100-SXM4-40GB MIG 4g.20gb (0),1,,13,[CUDA memcpy Host-to-Device]
2853582084,47743,132905,,,,,,,,,,35.810,750038.774,Device,,NVIDIA A100-SXM4-40GB MIG 4g.20gb (0),1,,13,[CUDA memset]
2853639363,3232,132907,,,,,,,,,,0.000,24.752,Pinned,Device,NVIDIA A100-SXM4-40GB MIG 4g.20gb (0),1,,13,[CUDA memcpy Host-to-Device]
2853649667,19456,132908,,,,,,,,,,0.197,10105.258,Pinned,Device,NVIDIA A100-SXM4-40GB MIG 4g.20gb (0),1,,13,[CUDA memcpy Host-to-Device]
2853684418,9728,132909,273,1,1,48,1,1,40,0.000,0.001,,,,,NVIDIA A100-SXM4-40GB MIG 4g.20gb (0),1,,13,"void pusch_noise_intf_est::noiseIntfEstNoDftSOfdmKernel<float, __half, float, float, (unsigned int)2, (unsigned int)1, (unsigned char)4, (unsigned char)4>(pusch_noise_intf_est::puschRxNoiseIntfEstDynDescr)"
2853703490,2912,132920,35,1,1,128,1,1,16,0.000,0.000,,,,,NVIDIA A100-SXM4-40GB MIG 4g.20gb (0),1,,13,cupy_copy__complex64_complex64
2853713378,1760,132929,1,1,1,1,1,1,18,0.000,0.000,,,,,NVIDIA A100-SXM4-40GB MIG 4g.20gb (0),1,,13,cupy_copy__float32_float32
2853721602,6720,132935,,,,,,,,,,0.000,0.595,Device,Pageable,NVIDIA A100-SXM4-40GB MIG 4g.20gb (0),1,,7,[CUDA memcpy Device-to-Host]
2853797697,12896,132946,1434,1,1,128,1,1,16,0.000,0.000,,,,,NVIDIA A100-SXM4-40GB MIG 4g.20gb (0),1,,13,cupy_copy__complex64_complex64
2853822337,2784,132953,103,1,1,128,1,1,16,0.000,0.000,,,,,NVIDIA A100-SXM4-40GB MIG 4g.20gb (0),1,,13,cupy_copy__complex64_complex64
2853844992,2176,132960,35,1,1,128,1,1,16,0.000,0.000,,,,,NVIDIA A100-SXM4-40GB MIG 4g.20gb (0),1,,13,cupy_copy__complex64_complex64
2853862880,1728,132967,1,1,1,1,1,1,18,0.000,0.000,,,,,NVIDIA A100-SXM4-40GB MIG 4g.20gb (0),1,,13,cupy_copy__float32_float32
2853995231,81951,132978,1,1,1,32,32,1,30,0.000,0.000,,,,,NVIDIA A100-SXM4-40GB MIG 4g.20gb (0),1,,13,"void convert_kernel<__half2, float2>(tensor_layout_any, T1 *, tensor_layout_any, const T2 *)"
2854105725,5792,132981,,,,,,,,,,0.094,16176.708,Pinned,Device,NVIDIA A100-SXM4-40GB MIG 4g.20gb (0),1,,13,[CUDA memcpy Host-to-Device]
2854119837,3104,132982,,,,,,,,,,1.547,498266.574,Device,,NVIDIA A100-SXM4-40GB MIG 4g.20gb (0),1,,13,[CUDA memset]
2854126525,3168,132987,,,,,,,,,,0.031,9878.770,Pinned,Device,NVIDIA A100-SXM4-40GB MIG 4g.20gb (0),1,,13,[CUDA memcpy Host-to-Device]
2854132221,9728,132988,,,,,,,,,,0.197,20210.516,Pinned,Device,NVIDIA A100-SXM4-40GB MIG 4g.20gb (0),1,,13,[CUDA memcpy Host-to-Device]
2854148157,6656,132989,273,1,1,8,4,1,39,0.002,0.000,,,,,NVIDIA A100-SXM4-40GB MIG 4g.20gb (0),1,,13,"void channel_eq::eqMmseCoefCompLowMimoKernel<float, float, float, (unsigned int)4, (unsigned int)1, (unsigned int)4>(const channel_eq::_puschRxChEqStatDescr *, channel_eq::_puschRxChEqCoefCompDynDescr)"
2854156477,6047,132990,273,1,1,12,11,1,51,0.002,0.000,,,,,NVIDIA A100-SXM4-40GB MIG 4g.20gb (0),1,,13,"void channel_eq::eqMmseSoftDemapKernel<float, __half, __half, float, (unsigned int)4, (unsigned short)16383>(channel_eq::_puschRxChEqStatDescr *, channel_eq::_puschRxChEqSoftDemapDynDescr)"
2854163484,282397,132991,1,1,1,32,32,1,30,0.000,0.000,,,,,NVIDIA A100-SXM4-40GB MIG 4g.20gb (0),1,,13,"void convert_kernel<float2, __half2>(tensor_layout_any, T1 *, tensor_layout_any, const T2 *)"
2854449945,10752,133003,2253,1,1,128,1,1,16,0.000,0.000,,,,,NVIDIA A100-SXM4-40GB MIG 4g.20gb (0),1,,13,cupy_copy__float16_float16
2854462169,3520,133012,282,1,1,128,1,1,16,0.000,0.000,,,,,NVIDIA A100-SXM4-40GB MIG 4g.20gb (0),1,,13,cupy_copy__complex64_complex64
2854467929,2016,133021,26,1,1,128,1,1,16,0.000,0.000,,,,,NVIDIA A100-SXM4-40GB MIG 4g.20gb (0),1,,13,cupy_copy__float32_float32
2854471321,3200,133030,103,1,1,128,1,1,16,0.000,0.000,,,,,NVIDIA A100-SXM4-40GB MIG 4g.20gb (0),1,,13,cupy_copy__complex64_complex64
2854475577,11807,133040,1434,1,1,128,1,1,16,0.000,0.000,,,,,NVIDIA A100-SXM4-40GB MIG 4g.20gb (0),1,,13,cupy_copy__complex64_complex64
2854498552,82495,133045,1,1,1,32,32,1,30,0.000,0.000,,,,,NVIDIA A100-SXM4-40GB MIG 4g.20gb (0),1,,13,"void convert_kernel<__half2, float2>(tensor_layout_any, T1 *, tensor_layout_any, const T2 *)"
2854608247,5568,133048,,,,,,,,,,0.094,16827.521,Pinned,Device,NVIDIA A100-SXM4-40GB MIG 4g.20gb (0),1,,13,[CUDA memcpy Host-to-Device]
2854618455,596568,133049,,,,,,,,,,456.561,765196.973,Device,,NVIDIA A100-SXM4-40GB MIG 4g.20gb (0),1,,13,[CUDA memset]
2855217647,159998,133054,,,,,,,,,,1.235,7718.400,Pinned,Device,NVIDIA A100-SXM4-40GB MIG 4g.20gb (0),1,,13,[CUDA memcpy Host-to-Device]
2855390445,41088,133055,,,,,,,,,,0.197,4785.046,Pinned,Device,NVIDIA A100-SXM4-40GB MIG 4g.20gb (0),1,,13,[CUDA memcpy Host-to-Device]
2855449485,8543,133056,69,4,1,48,1,1,76,0.002,0.000,,,,,NVIDIA A100-SXM4-40GB MIG 4g.20gb (0),1,,13,"void ch_est::windowedChEstPreNoDftSOfdmKernel<float, __half, float, (unsigned int)2, (unsigned int)1, (unsigned short)4>(ch_est::puschRxChEstStatDescr_t *, ch_est::puschRxChEstDynDescr_t *)"
2855468460,6912,133057,137,2,1,24,2,1,44,0.001,0.001,,,,,NVIDIA A100-SXM4-40GB MIG 4g.20gb (0),1,,13,"void ch_est::chEstFilterNoDftSOfdmDispatchKernel<float, __half, float, (unsigned int)2>(ch_est::puschRxChEstStatDescr_t *, ch_est::puschRxChEstDynDescr_t *)"
2855484940,4896,133058,137,2,1,24,2,1,44,0.001,0.001,,,,,NVIDIA A100-SXM4-40GB MIG 4g.20gb (0),1,,13,"void ch_est::chEstFilterNoDftSOfdmDispatchKernel<float, __half, float, (unsigned int)2>(ch_est::puschRxChEstStatDescr_t *, ch_est::puschRxChEstDynDescr_t *)"
2855499660,2528,133069,103,1,1,128,1,1,16,0.000,0.000,,,,,NVIDIA A100-SXM4-40GB MIG 4g.20gb (0),1,,13,cupy_copy__complex64_complex64
2855513996,12288,133079,1434,1,1,128,1,1,16,0.000,0.000,,,,,NVIDIA A100-SXM4-40GB MIG 4g.20gb (0),1,,13,cupy_copy__complex64_complex64
2855544107,2720,133086,103,1,1,128,1,1,16,0.000,0.000,,,,,NVIDIA A100-SXM4-40GB MIG 4g.20gb (0),1,,13,cupy_copy__complex64_complex64
2855554571,85503,133093,1,1,1,32,32,1,30,0.000,0.000,,,,,NVIDIA A100-SXM4-40GB MIG 4g.20gb (0),1,,13,"void convert_kernel<__half2, float2>(tensor_layout_any, T1 *, tensor_layout_any, const T2 *)"
2855669354,13312,133096,,,,,,,,,,0.094,7038.444,Pinned,Device,NVIDIA A100-SXM4-40GB MIG 4g.20gb (0),1,,13,[CUDA memcpy Host-to-Device]
2855688426,47935,133097,,,,,,,,,,35.810,747030.741,Device,,NVIDIA A100-SXM4-40GB MIG 4g.20gb (0),1,,13,[CUDA memset]
2855738121,10464,133099,,,,,,,,,,0.000,7.645,Pinned,Device,NVIDIA A100-SXM4-40GB MIG 4g.20gb (0),1,,13,[CUDA memcpy Host-to-Device]
2855752201,20032,133100,,,,,,,,,,0.197,9814.671,Pinned,Device,NVIDIA A100-SXM4-40GB MIG 4g.20gb (0),1,,13,[CUDA memcpy Host-to-Device]
2855786888,9632,133101,273,1,1,48,1,1,40,0.000,0.001,,,,,NVIDIA A100-SXM4-40GB MIG 4g.20gb (0),1,,13,"void pusch_noise_intf_est::noiseIntfEstNoDftSOfdmKernel<float, __half, float, float, (unsigned int)2, (unsigned int)1, (unsigned char)4, (unsigned char)4>(pusch_noise_intf_est::puschRxNoiseIntfEstDynDescr)"
2855804328,2784,133112,35,1,1,128,1,1,16,0.000,0.000,,,,,NVIDIA A100-SXM4-40GB MIG 4g.20gb (0),1,,13,cupy_copy__complex64_complex64
2855815176,1696,133121,1,1,1,1,1,1,18,0.000,0.000,,,,,NVIDIA A100-SXM4-40GB MIG 4g.20gb (0),1,,13,cupy_copy__float32_float32
2855830376,3040,133127,,,,,,,,,,0.000,1.316,Device,Pageable,NVIDIA A100-SXM4-40GB MIG 4g.20gb (0),1,,7,[CUDA memcpy Device-to-Host]
2855916487,12736,133138,1434,1,1,128,1,1,16,0.000,0.000,,,,,NVIDIA A100-SXM4-40GB MIG 4g.20gb (0),1,,13,cupy_copy__complex64_complex64
2855939399,2943,133145,103,1,1,128,1,1,16,0.000,0.000,,,,,NVIDIA A100-SXM4-40GB MIG 4g.20gb (0),1,,13,cupy_copy__complex64_complex64
2855957894,2336,133152,35,1,1,128,1,1,16,0.000,0.000,,,,,NVIDIA A100-SXM4-40GB MIG 4g.20gb (0),1,,13,cupy_copy__complex64_complex64
2855977414,1792,133159,1,1,1,1,1,1,18,0.000,0.000,,,,,NVIDIA A100-SXM4-40GB MIG 4g.20gb (0),1,,13,cupy_copy__float32_float32
2856108324,87935,133170,1,1,1,32,32,1,30,0.000,0.000,,,,,NVIDIA A100-SXM4-40GB MIG 4g.20gb (0),1,,13,"void convert_kernel<__half2, float2>(tensor_layout_any, T1 *, tensor_layout_any, const T2 *)"
2856223395,5856,133173,,,,,,,,,,0.094,15999.997,Pinned,Device,NVIDIA A100-SXM4-40GB MIG 4g.20gb (0),1,,13,[CUDA memcpy Host-to-Device]
2856238019,3296,133174,,,,,,,,,,1.547,469242.628,Device,,NVIDIA A100-SXM4-40GB MIG 4g.20gb (0),1,,13,[CUDA memset]
2856244835,3136,133179,,,,,,,,,,0.031,9979.575,Pinned,Device,NVIDIA A100-SXM4-40GB MIG 4g.20gb (0),1,,13,[CUDA memcpy Host-to-Device]
2856250915,9568,133180,,,,,,,,,,0.197,20548.485,Pinned,Device,NVIDIA A100-SXM4-40GB MIG 4g.20gb (0),1,,13,[CUDA memcpy Host-to-Device]
2856265634,5984,133181,273,1,1,8,4,1,39,0.002,0.000,,,,,NVIDIA A100-SXM4-40GB MIG 4g.20gb (0),1,,13,"void channel_eq::eqMmseCoefCompLowMimoKernel<float, float, float, (unsigned int)4, (unsigned int)1, (unsigned int)4>(const channel_eq::_puschRxChEqStatDescr *, channel_eq::_puschRxChEqCoefCompDynDescr)"
2856273058,6176,133182,273,1,1,12,11,1,51,0.002,0.000,,,,,NVIDIA A100-SXM4-40GB MIG 4g.20gb (0),1,,13,"void channel_eq::eqMmseSoftDemapKernel<float, __half, __half, float, (unsigned int)4, (unsigned short)16383>(channel_eq::_puschRxChEqStatDescr *, channel_eq::_puschRxChEqSoftDemapDynDescr)"
2856280226,292605,133183,1,1,1,32,32,1,30,0.000,0.000,,,,,NVIDIA A100-SXM4-40GB MIG 4g.20gb (0),1,,13,"void convert_kernel<float2, __half2>(tensor_layout_any, T1 *, tensor_layout_any, const T2 *)"
2856576511,11040,133195,2253,1,1,128,1,1,16,0.000,0.000,,,,,NVIDIA A100-SXM4-40GB MIG 4g.20gb (0),1,,13,cupy_copy__float16_float16
2856592158,3744,133204,282,1,1,128,1,1,16,0.000,0.000,,,,,NVIDIA A100-SXM4-40GB MIG 4g.20gb (0),1,,13,cupy_copy__complex64_complex64
2856597758,2368,133213,26,1,1,128,1,1,16,0.000,0.000,,,,,NVIDIA A100-SXM4-40GB MIG 4g.20gb (0),1,,13,cupy_copy__float32_float32
2856602174,2816,133222,103,1,1,128,1,1,16,0.000,0.000,,,,,NVIDIA A100-SXM4-40GB MIG 4g.20gb (0),1,,13,cupy_copy__complex64_complex64
2856606334,12576,133232,1434,1,1,128,1,1,16,0.000,0.000,,,,,NVIDIA A100-SXM4-40GB MIG 4g.20gb (0),1,,13,cupy_copy__complex64_complex64
2856623230,86239,133237,1,1,1,32,32,1,30,0.000,0.000,,,,,NVIDIA A100-SXM4-40GB MIG 4g.20gb (0),1,,13,"void convert_kernel<__half2, float2>(tensor_layout_any, T1 *, tensor_layout_any, const T2 *)"
2856736189,5632,133240,,,,,,,,,,0.094,16636.287,Pinned,Device,NVIDIA A100-SXM4-40GB MIG 4g.20gb (0),1,,13,[CUDA memcpy Host-to-Device]
2856746173,596056,133241,,,,,,,,,,456.561,765653.535,Device,,NVIDIA A100-SXM4-40GB MIG 4g.20gb (0),1,,13,[CUDA memset]
2857352757,149854,133246,,,,,,,,,,1.235,8240.781,Pinned,Device,NVIDIA A100-SXM4-40GB MIG 4g.20gb (0),1,,13,[CUDA memcpy Host-to-Device]
2857513363,36608,133247,,,,,,,,,,0.197,5370.544,Pinned,Device,NVIDIA A100-SXM4-40GB MIG 4g.20gb (0),1,,13,[CUDA memcpy Host-to-Device]
2857564498,8064,133248,69,4,1,48,1,1,76,0.002,0.000,,,,,NVIDIA A100-SXM4-40GB MIG 4g.20gb (0),1,,13,"void ch_est::windowedChEstPreNoDftSOfdmKernel<float, __half, float, (unsigned int)2, (unsigned int)1, (unsigned short)4>(ch_est::puschRxChEstStatDescr_t *, ch_est::puschRxChEstDynDescr_t *)"
2857579378,6592,133249,137,2,1,24,2,1,44,0.001,0.001,,,,,NVIDIA A100-SXM4-40GB MIG 4g.20gb (0),1,,13,"void ch_est::chEstFilterNoDftSOfdmDispatchKernel<float, __half, float, (unsigned int)2>(ch_est::puschRxChEstStatDescr_t *, ch_est::puschRxChEstDynDescr_t *)"
2857591794,4800,133250,137,2,1,24,2,1,44,0.001,0.001,,,,,NVIDIA A100-SXM4-40GB MIG 4g.20gb (0),1,,13,"void ch_est::chEstFilterNoDftSOfdmDispatchKernel<float, __half, float, (unsigned int)2>(ch_est::puschRxChEstStatDescr_t *, ch_est::puschRxChEstDynDescr_t *)"
2857604434,2592,133261,103,1,1,128,1,1,16,0.000,0.000,,,,,NVIDIA A100-SXM4-40GB MIG 4g.20gb (0),1,,13,cupy_copy__complex64_complex64
2857616722,12672,133271,1434,1,1,128,1,1,16,0.000,0.000,,,,,NVIDIA A100-SXM4-40GB MIG 4g.20gb (0),1,,13,cupy_copy__complex64_complex64
2857630706,2688,133278,103,1,1,128,1,1,16,0.000,0.000,,,,,NVIDIA A100-SXM4-40GB MIG 4g.20gb (0),1,,13,cupy_copy__complex64_complex64
2857651313,86303,133285,1,1,1,32,32,1,30,0.000,0.000,,,,,NVIDIA A100-SXM4-40GB MIG 4g.20gb (0),1,,13,"void convert_kernel<__half2, float2>(tensor_layout_any, T1 *, tensor_layout_any, const T2 *)"
2857767184,12352,133288,,,,,,,,,,0.094,7585.441,Pinned,Device,NVIDIA A100-SXM4-40GB MIG 4g.20gb (0),1,,13,[CUDA memcpy Host-to-Device]
2857791408,46207,133289,,,,,,,,,,35.810,774962.479,Device,,NVIDIA A100-SXM4-40GB MIG 4g.20gb (0),1,,13,[CUDA memset]
2857843375,6048,133291,,,,,,,,,,0.000,13.227,Pinned,Device,NVIDIA A100-SXM4-40GB MIG 4g.20gb (0),1,,13,[CUDA memcpy Host-to-Device]
2857854575,11520,133292,,,,,,,,,,0.197,17066.557,Pinned,Device,NVIDIA A100-SXM4-40GB MIG 4g.20gb (0),1,,13,[CUDA memcpy Host-to-Device]
2857871279,12447,133293,273,1,1,48,1,1,40,0.000,0.001,,,,,NVIDIA A100-SXM4-40GB MIG 4g.20gb (0),1,,13,"void pusch_noise_intf_est::noiseIntfEstNoDftSOfdmKernel<float, __half, float, float, (unsigned int)2, (unsigned int)1, (unsigned char)4, (unsigned char)4>(pusch_noise_intf_est::puschRxNoiseIntfEstDynDescr)"
2857885614,3040,133304,35,1,1,128,1,1,16,0.000,0.000,,,,,NVIDIA A100-SXM4-40GB MIG 4g.20gb (0),1,,13,cupy_copy__complex64_complex64
2857890254,1792,133313,1,1,1,1,1,1,18,0.000,0.000,,,,,NVIDIA A100-SXM4-40GB MIG 4g.20gb (0),1,,13,cupy_copy__float32_float32
2857921358,1760,133319,,,,,,,,,,0.000,2.273,Device,Pageable,NVIDIA A100-SXM4-40GB MIG 4g.20gb (0),1,,7,[CUDA memcpy Device-to-Host]
2857981197,12864,133330,1434,1,1,128,1,1,16,0.000,0.000,,,,,NVIDIA A100-SXM4-40GB MIG 4g.20gb (0),1,,13,cupy_copy__complex64_complex64
2858009357,2944,133337,103,1,1,128,1,1,16,0.000,0.000,,,,,NVIDIA A100-SXM4-40GB MIG 4g.20gb (0),1,,13,cupy_copy__complex64_complex64
2858027853,2592,133344,35,1,1,128,1,1,16,0.000,0.000,,,,,NVIDIA A100-SXM4-40GB MIG 4g.20gb (0),1,,13,cupy_copy__complex64_complex64
2858045708,1792,133351,1,1,1,1,1,1,18,0.000,0.000,,,,,NVIDIA A100-SXM4-40GB MIG 4g.20gb (0),1,,13,cupy_copy__float32_float32
2858177323,82431,133362,1,1,1,32,32,1,30,0.000,0.000,,,,,NVIDIA A100-SXM4-40GB MIG 4g.20gb (0),1,,13,"void convert_kernel<__half2, float2>(tensor_layout_any, T1 *, tensor_layout_any, const T2 *)"
2858287561,5440,133365,,,,,,,,,,0.094,17223.480,Pinned,Device,NVIDIA A100-SXM4-40GB MIG 4g.20gb (0),1,,13,[CUDA memcpy Host-to-Device]
2858302217,3328,133366,,,,,,,,,,1.547,464729.580,Device,,NVIDIA A100-SXM4-40GB MIG 4g.20gb (0),1,,13,[CUDA memset]
2858309225,3776,133371,,,,,,,,,,0.031,8288.120,Pinned,Device,NVIDIA A100-SXM4-40GB MIG 4g.20gb (0),1,,13,[CUDA memcpy Host-to-Device]
2858315593,9856,133372,,,,,,,,,,0.197,19948.044,Pinned,Device,NVIDIA A100-SXM4-40GB MIG 4g.20gb (0),1,,13,[CUDA memcpy Host-to-Device]
2858330537,6336,133373,273,1,1,8,4,1,39,0.002,0.000,,,,,NVIDIA A100-SXM4-40GB MIG 4g.20gb (0),1,,13,"void channel_eq::eqMmseCoefCompLowMimoKernel<float, float, float, (unsigned int)4, (unsigned int)1, (unsigned int)4>(const channel_eq::_puschRxChEqStatDescr *, channel_eq::_puschRxChEqCoefCompDynDescr)"
2858337961,6048,133374,273,1,1,12,11,1,51,0.002,0.000,,,,,NVIDIA A100-SXM4-40GB MIG 4g.20gb (0),1,,13,"void channel_eq::eqMmseSoftDemapKernel<float, __half, __half, float, (unsigned int)4, (unsigned short)16383>(channel_eq::_puschRxChEqStatDescr *, channel_eq::_puschRxChEqSoftDemapDynDescr)"
2858345129,282716,133375,1,1,1,32,32,1,30,0.000,0.000,,,,,NVIDIA A100-SXM4-40GB MIG 4g.20gb (0),1,,13,"void convert_kernel<float2, __half2>(tensor_layout_any, T1 *, tensor_layout_any, const T2 *)"
2858630277,11008,133387,2253,1,1,128,1,1,16,0.000,0.000,,,,,NVIDIA A100-SXM4-40GB MIG 4g.20gb (0),1,,13,cupy_copy__float16_float16
2858644645,3840,133396,282,1,1,128,1,1,16,0.000,0.000,,,,,NVIDIA A100-SXM4-40GB MIG 4g.20gb (0),1,,13,cupy_copy__complex64_complex64
2858651301,2112,133405,26,1,1,128,1,1,16,0.000,0.000,,,,,NVIDIA A100-SXM4-40GB MIG 4g.20gb (0),1,,13,cupy_copy__float32_float32
2858655141,2944,133414,103,1,1,128,1,1,16,0.000,0.000,,,,,NVIDIA A100-SXM4-40GB MIG 4g.20gb (0),1,,13,cupy_copy__complex64_complex64
2858659109,12256,133424,1434,1,1,128,1,1,16,0.000,0.000,,,,,NVIDIA A100-SXM4-40GB MIG 4g.20gb (0),1,,13,cupy_copy__complex64_complex64
2858680485,81695,133429,1,1,1,32,32,1,30,0.000,0.000,,,,,NVIDIA A100-SXM4-40GB MIG 4g.20gb (0),1,,13,"void convert_kernel<__half2, float2>(tensor_layout_any, T1 *, tensor_layout_any, const T2 *)"
2858789859,5888,133432,,,,,,,,,,0.094,15912.954,Pinned,Device,NVIDIA A100-SXM4-40GB MIG 4g.20gb (0),1,,13,[CUDA memcpy Host-to-Device]
2858799555,597113,133433,,,,,,,,,,456.561,764283.851,Device,,NVIDIA A100-SXM4-40GB MIG 4g.20gb (0),1,,13,[CUDA memset]
2859404188,139614,133438,,,,,,,,,,1.235,8844.669,Pinned,Device,NVIDIA A100-SXM4-40GB MIG 4g.20gb (0),1,,13,[CUDA memcpy Host-to-Device]
2859551098,42559,133439,,,,,,,,,,0.197,4619.502,Pinned,Device,NVIDIA A100-SXM4-40GB MIG 4g.20gb (0),1,,13,[CUDA memcpy Host-to-Device]
2859622457,7872,133440,69,4,1,48,1,1,76,0.002,0.000,,,,,NVIDIA A100-SXM4-40GB MIG 4g.20gb (0),1,,13,"void ch_est::windowedChEstPreNoDftSOfdmKernel<float, __half, float, (unsigned int)2, (unsigned int)1, (unsigned short)4>(ch_est::puschRxChEstStatDescr_t *, ch_est::puschRxChEstDynDescr_t *)"
2859641977,6560,133441,137,2,1,24,2,1,44,0.001,0.001,,,,,NVIDIA A100-SXM4-40GB MIG 4g.20gb (0),1,,13,"void ch_est::chEstFilterNoDftSOfdmDispatchKernel<float, __half, float, (unsigned int)2>(ch_est::puschRxChEstStatDescr_t *, ch_est::puschRxChEstDynDescr_t *)"
2859659577,4735,133442,137,2,1,24,2,1,44,0.001,0.001,,,,,NVIDIA A100-SXM4-40GB MIG 4g.20gb (0),1,,13,"void ch_est::chEstFilterNoDftSOfdmDispatchKernel<float, __half, float, (unsigned int)2>(ch_est::puschRxChEstStatDescr_t *, ch_est::puschRxChEstDynDescr_t *)"
2859676184,2624,133453,103,1,1,128,1,1,16,0.000,0.000,,,,,NVIDIA A100-SXM4-40GB MIG 4g.20gb (0),1,,13,cupy_copy__complex64_complex64
2859692248,12512,133463,1434,1,1,128,1,1,16,0.000,0.000,,,,,NVIDIA A100-SXM4-40GB MIG 4g.20gb (0),1,,13,cupy_copy__complex64_complex64
2859711544,2880,133470,103,1,1,128,1,1,16,0.000,0.000,,,,,NVIDIA A100-SXM4-40GB MIG 4g.20gb (0),1,,13,cupy_copy__complex64_complex64
2859735064,92542,133477,1,1,1,32,32,1,30,0.000,0.000,,,,,NVIDIA A100-SXM4-40GB MIG 4g.20gb (0),1,,13,"void convert_kernel<__half2, float2>(tensor_layout_any, T1 *, tensor_layout_any, const T2 *)"
2859860022,25824,133480,,,,,,,,,,0.094,3628.190,Pinned,Device,NVIDIA A100-SXM4-40GB MIG 4g.20gb (0),1,,13,[CUDA memcpy Host-to-Device]
2859900950,46879,133481,,,,,,,,,,35.810,763861.404,Device,,NVIDIA A100-SXM4-40GB MIG 4g.20gb (0),1,,13,[CUDA memset]
2859954293,8128,133483,,,,,,,,,,0.000,9.842,Pinned,Device,NVIDIA A100-SXM4-40GB MIG 4g.20gb (0),1,,13,[CUDA memcpy Host-to-Device]
2859973333,37599,133484,,,,,,,,,,0.197,5228.986,Pinned,Device,NVIDIA A100-SXM4-40GB MIG 4g.20gb (0),1,,13,[CUDA memcpy Host-to-Device]
2860039028,9856,133485,273,1,1,48,1,1,40,0.000,0.001,,,,,NVIDIA A100-SXM4-40GB MIG 4g.20gb (0),1,,13,"void pusch_noise_intf_est::noiseIntfEstNoDftSOfdmKernel<float, __half, float, float, (unsigned int)2, (unsigned int)1, (unsigned char)4, (unsigned char)4>(pusch_noise_intf_est::puschRxNoiseIntfEstDynDescr)"
2860065364,2623,133496,35,1,1,128,1,1,16,0.000,0.000,,,,,NVIDIA A100-SXM4-40GB MIG 4g.20gb (0),1,,13,cupy_copy__complex64_complex64
2860078003,1728,133505,1,1,1,1,1,1,18,0.000,0.000,,,,,NVIDIA A100-SXM4-40GB MIG 4g.20gb (0),1,,13,cupy_copy__float32_float32
2860086387,7008,133511,,,,,,,,,,0.000,0.571,Device,Pageable,NVIDIA A100-SXM4-40GB MIG 4g.20gb (0),1,,7,[CUDA memcpy Device-to-Host]
2860163762,12896,133522,1434,1,1,128,1,1,16,0.000,0.000,,,,,NVIDIA A100-SXM4-40GB MIG 4g.20gb (0),1,,13,cupy_copy__complex64_complex64
2860194834,3040,133529,103,1,1,128,1,1,16,0.000,0.000,,,,,NVIDIA A100-SXM4-40GB MIG 4g.20gb (0),1,,13,cupy_copy__complex64_complex64
2860212946,2720,133536,35,1,1,128,1,1,16,0.000,0.000,,,,,NVIDIA A100-SXM4-40GB MIG 4g.20gb (0),1,,13,cupy_copy__complex64_complex64
2860226962,1855,133543,1,1,1,1,1,1,18,0.000,0.000,,,,,NVIDIA A100-SXM4-40GB MIG 4g.20gb (0),1,,13,cupy_copy__float32_float32
2860357328,82271,133554,1,1,1,32,32,1,30,0.000,0.000,,,,,NVIDIA A100-SXM4-40GB MIG 4g.20gb (0),1,,13,"void convert_kernel<__half2, float2>(tensor_layout_any, T1 *, tensor_layout_any, const T2 *)"
2860467727,5951,133557,,,,,,,,,,0.094,15744.488,Pinned,Device,NVIDIA A100-SXM4-40GB MIG 4g.20gb (0),1,,13,[CUDA memcpy Host-to-Device]
2860482094,3200,133558,,,,,,,,,,1.547,483320.000,Device,,NVIDIA A100-SXM4-40GB MIG 4g.20gb (0),1,,13,[CUDA memset]
2860489038,3264,133563,,,,,,,,,,0.031,9588.218,Pinned,Device,NVIDIA A100-SXM4-40GB MIG 4g.20gb (0),1,,13,[CUDA memcpy Host-to-Device]
2860494894,9632,133564,,,,,,,,,,0.197,20411.843,Pinned,Device,NVIDIA A100-SXM4-40GB MIG 4g.20gb (0),1,,13,[CUDA memcpy Host-to-Device]
2860510286,6496,133565,273,1,1,8,4,1,39,0.002,0.000,,,,,NVIDIA A100-SXM4-40GB MIG 4g.20gb (0),1,,13,"void channel_eq::eqMmseCoefCompLowMimoKernel<float, float, float, (unsigned int)4, (unsigned int)1, (unsigned int)4>(const channel_eq::_puschRxChEqStatDescr *, channel_eq::_puschRxChEqCoefCompDynDescr)"
2860517806,5952,133566,273,1,1,12,11,1,51,0.002,0.000,,,,,NVIDIA A100-SXM4-40GB MIG 4g.20gb (0),1,,13,"void channel_eq::eqMmseSoftDemapKernel<float, __half, __half, float, (unsigned int)4, (unsigned short)16383>(channel_eq::_puschRxChEqStatDescr *, channel_eq::_puschRxChEqSoftDemapDynDescr)"
2860524814,282972,133567,1,1,1,32,32,1,30,0.000,0.000,,,,,NVIDIA A100-SXM4-40GB MIG 4g.20gb (0),1,,13,"void convert_kernel<float2, __half2>(tensor_layout_any, T1 *, tensor_layout_any, const T2 *)"
2860810442,11008,133579,2253,1,1,128,1,1,16,0.000,0.000,,,,,NVIDIA A100-SXM4-40GB MIG 4g.20gb (0),1,,13,cupy_copy__float16_float16
2860825130,3456,133588,282,1,1,128,1,1,16,0.000,0.000,,,,,NVIDIA A100-SXM4-40GB MIG 4g.20gb (0),1,,13,cupy_copy__complex64_complex64
2860832330,2048,133597,26,1,1,128,1,1,16,0.000,0.000,,,,,NVIDIA A100-SXM4-40GB MIG 4g.20gb (0),1,,13,cupy_copy__float32_float32
2860836842,3072,133606,103,1,1,128,1,1,16,0.000,0.000,,,,,NVIDIA A100-SXM4-40GB MIG 4g.20gb (0),1,,13,cupy_copy__complex64_complex64
2860841002,12160,133616,1434,1,1,128,1,1,16,0.000,0.000,,,,,NVIDIA A100-SXM4-40GB MIG 4g.20gb (0),1,,13,cupy_copy__complex64_complex64
2860862186,82623,133621,1,1,1,32,32,1,30,0.000,0.000,,,,,NVIDIA A100-SXM4-40GB MIG 4g.20gb (0),1,,13,"void convert_kernel<__half2, float2>(tensor_layout_any, T1 *, tensor_layout_any, const T2 *)"
2860971848,6144,133624,,,,,,,,,,0.094,15249.961,Pinned,Device,NVIDIA A100-SXM4-40GB MIG 4g.20gb (0),1,,13,[CUDA memcpy Host-to-Device]
2860984680,597049,133625,,,,,,,,,,456.561,764283.851,Device,,NVIDIA A100-SXM4-40GB MIG 4g.20gb (0),1,,13,[CUDA memset]
2861583329,74815,133630,,,,,,,,,,1.235,16506.262,Pinned,Device,NVIDIA A100-SXM4-40GB MIG 4g.20gb (0),1,,13,[CUDA memcpy Host-to-Device]
2861664224,17152,133631,,,,,,,,,,0.197,11462.640,Pinned,Device,NVIDIA A100-SXM4-40GB MIG 4g.20gb (0),1,,13,[CUDA memcpy Host-to-Device]
2861694879,7840,133632,69,4,1,48,1,1,76,0.002,0.000,,,,,NVIDIA A100-SXM4-40GB MIG 4g.20gb (0),1,,13,"void ch_est::windowedChEstPreNoDftSOfdmKernel<float, __half, float, (unsigned int)2, (unsigned int)1, (unsigned short)4>(ch_est::puschRxChEstStatDescr_t *, ch_est::puschRxChEstDynDescr_t *)"
2861709119,6368,133633,137,2,1,24,2,1,44,0.001,0.001,,,,,NVIDIA A100-SXM4-40GB MIG 4g.20gb (0),1,,13,"void ch_est::chEstFilterNoDftSOfdmDispatchKernel<float, __half, float, (unsigned int)2>(ch_est::puschRxChEstStatDescr_t *, ch_est::puschRxChEstDynDescr_t *)"
2861721791,4992,133634,137,2,1,24,2,1,44,0.001,0.001,,,,,NVIDIA A100-SXM4-40GB MIG 4g.20gb (0),1,,13,"void ch_est::chEstFilterNoDftSOfdmDispatchKernel<float, __half, float, (unsigned int)2>(ch_est::puschRxChEstStatDescr_t *, ch_est::puschRxChEstDynDescr_t *)"
2861730687,2720,133645,103,1,1,128,1,1,16,0.000,0.000,,,,,NVIDIA A100-SXM4-40GB MIG 4g.20gb (0),1,,13,cupy_copy__complex64_complex64
2861739391,12896,133655,1434,1,1,128,1,1,16,0.000,0.000,,,,,NVIDIA A100-SXM4-40GB MIG 4g.20gb (0),1,,13,cupy_copy__complex64_complex64
2861756671,2880,133662,103,1,1,128,1,1,16,0.000,0.000,,,,,NVIDIA A100-SXM4-40GB MIG 4g.20gb (0),1,,13,cupy_copy__complex64_complex64
2861765598,91679,133669,1,1,1,32,32,1,30,0.000,0.000,,,,,NVIDIA A100-SXM4-40GB MIG 4g.20gb (0),1,,13,"void convert_kernel<__half2, float2>(tensor_layout_any, T1 *, tensor_layout_any, const T2 *)"
2861886077,13280,133672,,,,,,,,,,0.094,7055.402,Pinned,Device,NVIDIA A100-SXM4-40GB MIG 4g.20gb (0),1,,13,[CUDA memcpy Host-to-Device]
2861912989,47231,133673,,,,,,,,,,35.810,758167.626,Device,,NVIDIA A100-SXM4-40GB MIG 4g.20gb (0),1,,13,[CUDA memset]
2861966780,9344,133675,,,,,,,,,,0.000,8.562,Pinned,Device,NVIDIA A100-SXM4-40GB MIG 4g.20gb (0),1,,13,[CUDA memcpy Host-to-Device]
2861984892,21120,133676,,,,,,,,,,0.197,9308.996,Pinned,Device,NVIDIA A100-SXM4-40GB MIG 4g.20gb (0),1,,13,[CUDA memcpy Host-to-Device]
2862021595,10080,133677,273,1,1,48,1,1,40,0.000,0.001,,,,,NVIDIA A100-SXM4-40GB MIG 4g.20gb (0),1,,13,"void pusch_noise_intf_est::noiseIntfEstNoDftSOfdmKernel<float, __half, float, float, (unsigned int)2, (unsigned int)1, (unsigned char)4, (unsigned char)4>(pusch_noise_intf_est::puschRxNoiseIntfEstDynDescr)"
2862041339,2816,133688,35,1,1,128,1,1,16,0.000,0.000,,,,,NVIDIA A100-SXM4-40GB MIG 4g.20gb (0),1,,13,cupy_copy__complex64_complex64
2862054459,1696,133697,1,1,1,1,1,1,18,0.000,0.000,,,,,NVIDIA A100-SXM4-40GB MIG 4g.20gb (0),1,,13,cupy_copy__float32_float32
2862057563,4896,133703,,,,,,,,,,0.000,0.817,Device,Pageable,NVIDIA A100-SXM4-40GB MIG 4g.20gb (0),1,,7,[CUDA memcpy Device-to-Host]
2862144058,13312,133714,1434,1,1,128,1,1,16,0.000,0.000,,,,,NVIDIA A100-SXM4-40GB MIG 4g.20gb (0),1,,13,cupy_copy__complex64_complex64
2862163194,3360,133721,103,1,1,128,1,1,16,0.000,0.000,,,,,NVIDIA A100-SXM4-40GB MIG 4g.20gb (0),1,,13,cupy_copy__complex64_complex64
2862184537,2784,133728,35,1,1,128,1,1,16,0.000,0.000,,,,,NVIDIA A100-SXM4-40GB MIG 4g.20gb (0),1,,13,cupy_copy__complex64_complex64
2862204409,1760,133735,1,1,1,1,1,1,18,0.000,0.000,,,,,NVIDIA A100-SXM4-40GB MIG 4g.20gb (0),1,,13,cupy_copy__float32_float32
2862327480,82463,133746,1,1,1,32,32,1,30,0.000,0.000,,,,,NVIDIA A100-SXM4-40GB MIG 4g.20gb (0),1,,13,"void convert_kernel<__half2, float2>(tensor_layout_any, T1 *, tensor_layout_any, const T2 *)"
2862437238,5760,133749,,,,,,,,,,0.094,16266.656,Pinned,Device,NVIDIA A100-SXM4-40GB MIG 4g.20gb (0),1,,13,[CUDA memcpy Host-to-Device]
2862454294,3200,133750,,,,,,,,,,1.547,483320.000,Device,,NVIDIA A100-SXM4-40GB MIG 4g.20gb (0),1,,13,[CUDA memset]
2862457910,3616,133755,,,,,,,,,,0.031,8654.846,Pinned,Device,NVIDIA A100-SXM4-40GB MIG 4g.20gb (0),1,,13,[CUDA memcpy Host-to-Device]
2862464246,9824,133756,,,,,,,,,,0.197,20012.925,Pinned,Device,NVIDIA A100-SXM4-40GB MIG 4g.20gb (0),1,,13,[CUDA memcpy Host-to-Device]
2862481014,6400,133757,273,1,1,8,4,1,39,0.002,0.000,,,,,NVIDIA A100-SXM4-40GB MIG 4g.20gb (0),1,,13,"void channel_eq::eqMmseCoefCompLowMimoKernel<float, float, float, (unsigned int)4, (unsigned int)1, (unsigned int)4>(const channel_eq::_puschRxChEqStatDescr *, channel_eq::_puschRxChEqCoefCompDynDescr)"
2862488886,6143,133758,273,1,1,12,11,1,51,0.002,0.000,,,,,NVIDIA A100-SXM4-40GB MIG 4g.20gb (0),1,,13,"void channel_eq::eqMmseSoftDemapKernel<float, __half, __half, float, (unsigned int)4, (unsigned short)16383>(channel_eq::_puschRxChEqStatDescr *, channel_eq::_puschRxChEqSoftDemapDynDescr)"
2862496245,294685,133759,1,1,1,32,32,1,30,0.000,0.000,,,,,NVIDIA A100-SXM4-40GB MIG 4g.20gb (0),1,,13,"void convert_kernel<float2, __half2>(tensor_layout_any, T1 *, tensor_layout_any, const T2 *)"
2862791890,10944,133771,2253,1,1,128,1,1,16,0.000,0.000,,,,,NVIDIA A100-SXM4-40GB MIG 4g.20gb (0),1,,13,cupy_copy__float16_float16
2862804626,3648,133780,282,1,1,128,1,1,16,0.000,0.000,,,,,NVIDIA A100-SXM4-40GB MIG 4g.20gb (0),1,,13,cupy_copy__complex64_complex64
2862809330,2144,133789,26,1,1,128,1,1,16,0.000,0.000,,,,,NVIDIA A100-SXM4-40GB MIG 4g.20gb (0),1,,13,cupy_copy__float32_float32
2862812722,4767,133798,103,1,1,128,1,1,16,0.000,0.000,,,,,NVIDIA A100-SXM4-40GB MIG 4g.20gb (0),1,,13,cupy_copy__complex64_complex64
2862820785,12064,133808,1434,1,1,128,1,1,16,0.000,0.000,,,,,NVIDIA A100-SXM4-40GB MIG 4g.20gb (0),1,,13,cupy_copy__complex64_complex64
2862834545,82559,133813,1,1,1,32,32,1,30,0.000,0.000,,,,,NVIDIA A100-SXM4-40GB MIG 4g.20gb (0),1,,13,"void convert_kernel<__half2, float2>(tensor_layout_any, T1 *, tensor_layout_any, const T2 *)"
2862945616,5504,133816,,,,,,,,,,0.094,17023.251,Pinned,Device,NVIDIA A100-SXM4-40GB MIG 4g.20gb (0),1,,13,[CUDA memcpy Host-to-Device]
2862956304,602200,133817,,,,,,,,,,456.561,757891.990,Device,,NVIDIA A100-SXM4-40GB MIG 4g.20gb (0),1,,13,[CUDA memset]
2863566984,155230,133822,,,,,,,,,,1.235,7955.509,Pinned,Device,NVIDIA A100-SXM4-40GB MIG 4g.20gb (0),1,,13,[CUDA memcpy Host-to-Device]
2863727782,15712,133823,,,,,,,,,,0.197,12513.116,Pinned,Device,NVIDIA A100-SXM4-40GB MIG 4g.20gb (0),1,,13,[CUDA memcpy Host-to-Device]
2863751270,8704,133824,69,4,1,48,1,1,76,0.002,0.000,,,,,NVIDIA A100-SXM4-40GB MIG 4g.20gb (0),1,,13,"void ch_est::windowedChEstPreNoDftSOfdmKernel<float, __half, float, (unsigned int)2, (unsigned int)1, (unsigned short)4>(ch_est::puschRxChEstStatDescr_t *, ch_est::puschRxChEstDynDescr_t *)"
2863762918,7616,133825,137,2,1,24,2,1,44,0.001,0.001,,,,,NVIDIA A100-SXM4-40GB MIG 4g.20gb (0),1,,13,"void ch_est::chEstFilterNoDftSOfdmDispatchKernel<float, __half, float, (unsigned int)2>(ch_est::puschRxChEstStatDescr_t *, ch_est::puschRxChEstDynDescr_t *)"
2863773830,4864,133826,137,2,1,24,2,1,44,0.001,0.001,,,,,NVIDIA A100-SXM4-40GB MIG 4g.20gb (0),1,,13,"void ch_est::chEstFilterNoDftSOfdmDispatchKernel<float, __half, float, (unsigned int)2>(ch_est::puschRxChEstStatDescr_t *, ch_est::puschRxChEstDynDescr_t *)"
2863781766,2432,133837,103,1,1,128,1,1,16,0.000,0.000,,,,,NVIDIA A100-SXM4-40GB MIG 4g.20gb (0),1,,13,cupy_copy__complex64_complex64
2863786214,12735,133847,1434,1,1,128,1,1,16,0.000,0.000,,,,,NVIDIA A100-SXM4-40GB MIG 4g.20gb (0),1,,13,cupy_copy__complex64_complex64
2863804773,3072,133854,103,1,1,128,1,1,16,0.000,0.000,,,,,NVIDIA A100-SXM4-40GB MIG 4g.20gb (0),1,,13,cupy_copy__complex64_complex64
2863812709,82911,133861,1,1,1,32,32,1,30,0.000,0.000,,,,,NVIDIA A100-SXM4-40GB MIG 4g.20gb (0),1,,13,"void convert_kernel<__half2, float2>(tensor_layout_any, T1 *, tensor_layout_any, const T2 *)"
2863922628,5440,133864,,,,,,,,,,0.094,17223.480,Pinned,Device,NVIDIA A100-SXM4-40GB MIG 4g.20gb (0),1,,13,[CUDA memcpy Host-to-Device]
2863936164,47775,133865,,,,,,,,,,35.810,749537.436,Device,,NVIDIA A100-SXM4-40GB MIG 4g.20gb (0),1,,13,[CUDA memset]
2863991875,3776,133867,,,,,,,,,,0.000,21.186,Pinned,Device,NVIDIA A100-SXM4-40GB MIG 4g.20gb (0),1,,13,[CUDA memcpy Host-to-Device]
2864000163,12384,133868,,,,,,,,,,0.197,15875.899,Pinned,Device,NVIDIA A100-SXM4-40GB MIG 4g.20gb (0),1,,13,[CUDA memcpy Host-to-Device]
2864020035,12191,133869,273,1,1,48,1,1,40,0.000,0.001,,,,,NVIDIA A100-SXM4-40GB MIG 4g.20gb (0),1,,13,"void pusch_noise_intf_est::noiseIntfEstNoDftSOfdmKernel<float, __half, float, float, (unsigned int)2, (unsigned int)1, (unsigned char)4, (unsigned char)4>(pusch_noise_intf_est::puschRxNoiseIntfEstDynDescr)"
2864034498,3200,133880,35,1,1,128,1,1,16,0.000,0.000,,,,,NVIDIA A100-SXM4-40GB MIG 4g.20gb (0),1,,13,cupy_copy__complex64_complex64
2864048482,1888,133889,1,1,1,1,1,1,18,0.000,0.000,,,,,NVIDIA A100-SXM4-40GB MIG 4g.20gb (0),1,,13,cupy_copy__float32_float32
2864079778,1856,133895,,,,,,,,,,0.000,2.155,Device,Pageable,NVIDIA A100-SXM4-40GB MIG 4g.20gb (0),1,,7,[CUDA memcpy Device-to-Host]
2864139009,12928,133906,1434,1,1,128,1,1,16,0.000,0.000,,,,,NVIDIA A100-SXM4-40GB MIG 4g.20gb (0),1,,13,cupy_copy__complex64_complex64
2864166113,2752,133913,103,1,1,128,1,1,16,0.000,0.000,,,,,NVIDIA A100-SXM4-40GB MIG 4g.20gb (0),1,,13,cupy_copy__complex64_complex64
2864188609,2144,133920,35,1,1,128,1,1,16,0.000,0.000,,,,,NVIDIA A100-SXM4-40GB MIG 4g.20gb (0),1,,13,cupy_copy__complex64_complex64
2864204768,1824,133927,1,1,1,1,1,1,18,0.000,0.000,,,,,NVIDIA A100-SXM4-40GB MIG 4g.20gb (0),1,,13,cupy_copy__float32_float32
2864336063,82015,133938,1,1,1,32,32,1,30,0.000,0.000,,,,,NVIDIA A100-SXM4-40GB MIG 4g.20gb (0),1,,13,"void convert_kernel<__half2, float2>(tensor_layout_any, T1 *, tensor_layout_any, const T2 *)"
2864445789,5696,133941,,,,,,,,,,0.094,16449.363,Pinned,Device,NVIDIA A100-SXM4-40GB MIG 4g.20gb (0),1,,13,[CUDA memcpy Host-to-Device]
2864459997,3456,133942,,,,,,,,,,1.547,447517.201,Device,,NVIDIA A100-SXM4-40GB MIG 4g.20gb (0),1,,13,[CUDA memset]
2864466909,3232,133947,,,,,,,,,,0.031,9683.139,Pinned,Device,NVIDIA A100-SXM4-40GB MIG 4g.20gb (0),1,,13,[CUDA memcpy Host-to-Device]
2864472669,9472,133948,,,,,,,,,,0.197,20756.693,Pinned,Device,NVIDIA A100-SXM4-40GB MIG 4g.20gb (0),1,,13,[CUDA memcpy Host-to-Device]
2864485821,6592,133949,273,1,1,8,4,1,39,0.002,0.000,,,,,NVIDIA A100-SXM4-40GB MIG 4g.20gb (0),1,,13,"void channel_eq::eqMmseCoefCompLowMimoKernel<float, float, float, (unsigned int)4, (unsigned int)1, (unsigned int)4>(const channel_eq::_puschRxChEqStatDescr *, channel_eq::_puschRxChEqCoefCompDynDescr)"
2864493469,6336,133950,273,1,1,12,11,1,51,0.002,0.000,,,,,NVIDIA A100-SXM4-40GB MIG 4g.20gb (0),1,,13,"void channel_eq::eqMmseSoftDemapKernel<float, __half, __half, float, (unsigned int)4, (unsigned short)16383>(channel_eq::_puschRxChEqStatDescr *, channel_eq::_puschRxChEqSoftDemapDynDescr)"
2864500797,282332,133951,1,1,1,32,32,1,30,0.000,0.000,,,,,NVIDIA A100-SXM4-40GB MIG 4g.20gb (0),1,,13,"void convert_kernel<float2, __half2>(tensor_layout_any, T1 *, tensor_layout_any, const T2 *)"
2864785369,10848,133963,2253,1,1,128,1,1,16,0.000,0.000,,,,,NVIDIA A100-SXM4-40GB MIG 4g.20gb (0),1,,13,cupy_copy__float16_float16
2864800025,3648,133972,282,1,1,128,1,1,16,0.000,0.000,,,,,NVIDIA A100-SXM4-40GB MIG 4g.20gb (0),1,,13,cupy_copy__complex64_complex64
2864807257,2016,133981,26,1,1,128,1,1,16,0.000,0.000,,,,,NVIDIA A100-SXM4-40GB MIG 4g.20gb (0),1,,13,cupy_copy__float32_float32
2864811417,3104,133990,103,1,1,128,1,1,16,0.000,0.000,,,,,NVIDIA A100-SXM4-40GB MIG 4g.20gb (0),1,,13,cupy_copy__complex64_complex64
2864815577,12000,134000,1434,1,1,128,1,1,16,0.000,0.000,,,,,NVIDIA A100-SXM4-40GB MIG 4g.20gb (0),1,,13,cupy_copy__complex64_complex64
2864836345,85918,134005,1,1,1,32,32,1,30,0.000,0.000,,,,,NVIDIA A100-SXM4-40GB MIG 4g.20gb (0),1,,13,"void convert_kernel<__half2, float2>(tensor_layout_any, T1 *, tensor_layout_any, const T2 *)"
2864950903,5536,134008,,,,,,,,,,0.094,16924.777,Pinned,Device,NVIDIA A100-SXM4-40GB MIG 4g.20gb (0),1,,13,[CUDA memcpy Host-to-Device]
2864961111,596793,134009,,,,,,,,,,456.561,764740.412,Device,,NVIDIA A100-SXM4-40GB MIG 4g.20gb (0),1,,13,[CUDA memset]
2865562672,126942,134014,,,,,,,,,,1.235,9727.654,Pinned,Device,NVIDIA A100-SXM4-40GB MIG 4g.20gb (0),1,,13,[CUDA memcpy Host-to-Device]
2865702158,40575,134015,,,,,,,,,,0.197,4845.404,Pinned,Device,NVIDIA A100-SXM4-40GB MIG 4g.20gb (0),1,,13,[CUDA memcpy Host-to-Device]
2865760045,8128,134016,69,4,1,48,1,1,76,0.002,0.000,,,,,NVIDIA A100-SXM4-40GB MIG 4g.20gb (0),1,,13,"void ch_est::windowedChEstPreNoDftSOfdmKernel<float, __half, float, (unsigned int)2, (unsigned int)1, (unsigned short)4>(ch_est::puschRxChEstStatDescr_t *, ch_est::puschRxChEstDynDescr_t *)"
2865779661,6784,134017,137,2,1,24,2,1,44,0.001,0.001,,,,,NVIDIA A100-SXM4-40GB MIG 4g.20gb (0),1,,13,"void ch_est::chEstFilterNoDftSOfdmDispatchKernel<float, __half, float, (unsigned int)2>(ch_est::puschRxChEstStatDescr_t *, ch_est::puschRxChEstDynDescr_t *)"
2865796269,4832,134018,137,2,1,24,2,1,44,0.001,0.001,,,,,NVIDIA A100-SXM4-40GB MIG 4g.20gb (0),1,,13,"void ch_est::chEstFilterNoDftSOfdmDispatchKernel<float, __half, float, (unsigned int)2>(ch_est::puschRxChEstStatDescr_t *, ch_est::puschRxChEstDynDescr_t *)"
2865813260,2720,134029,103,1,1,128,1,1,16,0.000,0.000,,,,,NVIDIA A100-SXM4-40GB MIG 4g.20gb (0),1,,13,cupy_copy__complex64_complex64
2865829836,12544,134039,1434,1,1,128,1,1,16,0.000,0.000,,,,,NVIDIA A100-SXM4-40GB MIG 4g.20gb (0),1,,13,cupy_copy__complex64_complex64
2865851372,2912,134046,103,1,1,128,1,1,16,0.000,0.000,,,,,NVIDIA A100-SXM4-40GB MIG 4g.20gb (0),1,,13,cupy_copy__complex64_complex64
2865874668,88543,134053,1,1,1,32,32,1,30,0.000,0.000,,,,,NVIDIA A100-SXM4-40GB MIG 4g.20gb (0),1,,13,"void convert_kernel<__half2, float2>(tensor_layout_any, T1 *, tensor_layout_any, const T2 *)"
2865998474,12512,134056,,,,,,,,,,0.094,7488.465,Pinned,Device,NVIDIA A100-SXM4-40GB MIG 4g.20gb (0),1,,13,[CUDA memcpy Host-to-Device]
2866019114,47711,134057,,,,,,,,,,35.810,750540.113,Device,,NVIDIA A100-SXM4-40GB MIG 4g.20gb (0),1,,13,[CUDA memset]
2866072617,6016,134059,,,,,,,,,,0.000,13.298,Pinned,Device,NVIDIA A100-SXM4-40GB MIG 4g.20gb (0),1,,13,[CUDA memcpy Host-to-Device]
2866081257,14944,134060,,,,,,,,,,0.197,13156.221,Pinned,Device,NVIDIA A100-SXM4-40GB MIG 4g.20gb (0),1,,13,[CUDA memcpy Host-to-Device]
2866103529,12384,134061,273,1,1,48,1,1,40,0.000,0.001,,,,,NVIDIA A100-SXM4-40GB MIG 4g.20gb (0),1,,13,"void pusch_noise_intf_est::noiseIntfEstNoDftSOfdmKernel<float, __half, float, float, (unsigned int)2, (unsigned int)1, (unsigned char)4, (unsigned char)4>(pusch_noise_intf_est::puschRxNoiseIntfEstDynDescr)"
2866118409,2848,134072,35,1,1,128,1,1,16,0.000,0.000,,,,,NVIDIA A100-SXM4-40GB MIG 4g.20gb (0),1,,13,cupy_copy__complex64_complex64
2866124233,2048,134081,1,1,1,1,1,1,18,0.000,0.000,,,,,NVIDIA A100-SXM4-40GB MIG 4g.20gb (0),1,,13,cupy_copy__float32_float32
2866145288,1632,134087,,,,,,,,,,0.000,2.451,Device,Pageable,NVIDIA A100-SXM4-40GB MIG 4g.20gb (0),1,,7,[CUDA memcpy Device-to-Host]
2866205224,13311,134098,1434,1,1,128,1,1,16,0.000,0.000,,,,,NVIDIA A100-SXM4-40GB MIG 4g.20gb (0),1,,13,cupy_copy__complex64_complex64
2866232423,2976,134105,103,1,1,128,1,1,16,0.000,0.000,,,,,NVIDIA A100-SXM4-40GB MIG 4g.20gb (0),1,,13,cupy_copy__complex64_complex64
2866252647,2208,134112,35,1,1,128,1,1,16,0.000,0.000,,,,,NVIDIA A100-SXM4-40GB MIG 4g.20gb (0),1,,13,cupy_copy__complex64_complex64
2866271239,2016,134119,1,1,1,1,1,1,18,0.000,0.000,,,,,NVIDIA A100-SXM4-40GB MIG 4g.20gb (0),1,,13,cupy_copy__float32_float32
2866401157,82111,134130,1,1,1,32,32,1,30,0.000,0.000,,,,,NVIDIA A100-SXM4-40GB MIG 4g.20gb (0),1,,13,"void convert_kernel<__half2, float2>(tensor_layout_any, T1 *, tensor_layout_any, const T2 *)"
2866512196,5760,134133,,,,,,,,,,0.094,16266.656,Pinned,Device,NVIDIA A100-SXM4-40GB MIG 4g.20gb (0),1,,13,[CUDA memcpy Host-to-Device]
2866526436,3552,134134,,,,,,,,,,1.547,435422.601,Device,,NVIDIA A100-SXM4-40GB MIG 4g.20gb (0),1,,13,[CUDA memset]
2866533508,3616,134139,,,,,,,,,,0.031,8654.846,Pinned,Device,NVIDIA A100-SXM4-40GB MIG 4g.20gb (0),1,,13,[CUDA memcpy Host-to-Device]
2866539555,9664,134140,,,,,,,,,,0.197,20344.209,Pinned,Device,NVIDIA A100-SXM4-40GB MIG 4g.20gb (0),1,,13,[CUDA memcpy Host-to-Device]
2866554371,6912,134141,273,1,1,8,4,1,39,0.002,0.000,,,,,NVIDIA A100-SXM4-40GB MIG 4g.20gb (0),1,,13,"void channel_eq::eqMmseCoefCompLowMimoKernel<float, float, float, (unsigned int)4, (unsigned int)1, (unsigned int)4>(const channel_eq::_puschRxChEqStatDescr *, channel_eq::_puschRxChEqCoefCompDynDescr)"
2866562915,6048,134142,273,1,1,12,11,1,51,0.002,0.000,,,,,NVIDIA A100-SXM4-40GB MIG 4g.20gb (0),1,,13,"void channel_eq::eqMmseSoftDemapKernel<float, __half, __half, float, (unsigned int)4, (unsigned short)16383>(channel_eq::_puschRxChEqStatDescr *, channel_eq::_puschRxChEqSoftDemapDynDescr)"
2866570179,281629,134143,1,1,1,32,32,1,30,0.000,0.000,,,,,NVIDIA A100-SXM4-40GB MIG 4g.20gb (0),1,,13,"void convert_kernel<float2, __half2>(tensor_layout_any, T1 *, tensor_layout_any, const T2 *)"
2866853664,11007,134155,2253,1,1,128,1,1,16,0.000,0.000,,,,,NVIDIA A100-SXM4-40GB MIG 4g.20gb (0),1,,13,cupy_copy__float16_float16
2866869279,2944,134164,282,1,1,128,1,1,16,0.000,0.000,,,,,NVIDIA A100-SXM4-40GB MIG 4g.20gb (0),1,,13,cupy_copy__complex64_complex64
2866873855,2528,134173,26,1,1,128,1,1,16,0.000,0.000,,,,,NVIDIA A100-SXM4-40GB MIG 4g.20gb (0),1,,13,cupy_copy__float32_float32
2866877375,3104,134182,103,1,1,128,1,1,16,0.000,0.000,,,,,NVIDIA A100-SXM4-40GB MIG 4g.20gb (0),1,,13,cupy_copy__complex64_complex64
2866882591,12096,134192,1434,1,1,128,1,1,16,0.000,0.000,,,,,NVIDIA A100-SXM4-40GB MIG 4g.20gb (0),1,,13,cupy_copy__complex64_complex64
2866910687,81823,134197,1,1,1,32,32,1,30,0.000,0.000,,,,,NVIDIA A100-SXM4-40GB MIG 4g.20gb (0),1,,13,"void convert_kernel<__half2, float2>(tensor_layout_any, T1 *, tensor_layout_any, const T2 *)"
2867020030,5759,134200,,,,,,,,,,0.094,16269.467,Pinned,Device,NVIDIA A100-SXM4-40GB MIG 4g.20gb (0),1,,13,[CUDA memcpy Host-to-Device]
2867029821,596889,134201,,,,,,,,,,456.561,764740.412,Device,,NVIDIA A100-SXM4-40GB MIG 4g.20gb (0),1,,13,[CUDA memset]
2867631350,159582,134206,,,,,,,,,,1.235,7738.159,Pinned,Device,NVIDIA A100-SXM4-40GB MIG 4g.20gb (0),1,,13,[CUDA memcpy Host-to-Device]
2867803252,39775,134207,,,,,,,,,,0.197,4942.922,Pinned,Device,NVIDIA A100-SXM4-40GB MIG 4g.20gb (0),1,,13,[CUDA memcpy Host-to-Device]
2867860371,8416,134208,69,4,1,48,1,1,76,0.002,0.000,,,,,NVIDIA A100-SXM4-40GB MIG 4g.20gb (0),1,,13,"void ch_est::windowedChEstPreNoDftSOfdmKernel<float, __half, float, (unsigned int)2, (unsigned int)1, (unsigned short)4>(ch_est::puschRxChEstStatDescr_t *, ch_est::puschRxChEstDynDescr_t *)"
2867878579,6816,134209,137,2,1,24,2,1,44,0.001,0.001,,,,,NVIDIA A100-SXM4-40GB MIG 4g.20gb (0),1,,13,"void ch_est::chEstFilterNoDftSOfdmDispatchKernel<float, __half, float, (unsigned int)2>(ch_est::puschRxChEstStatDescr_t *, ch_est::puschRxChEstDynDescr_t *)"
2867897907,4640,134210,137,2,1,24,2,1,44,0.001,0.001,,,,,NVIDIA A100-SXM4-40GB MIG 4g.20gb (0),1,,13,"void ch_est::chEstFilterNoDftSOfdmDispatchKernel<float, __half, float, (unsigned int)2>(ch_est::puschRxChEstStatDescr_t *, ch_est::puschRxChEstDynDescr_t *)"
2867914930,2688,134221,103,1,1,128,1,1,16,0.000,0.000,,,,,NVIDIA A100-SXM4-40GB MIG 4g.20gb (0),1,,13,cupy_copy__complex64_complex64
2867932082,12448,134231,1434,1,1,128,1,1,16,0.000,0.000,,,,,NVIDIA A100-SXM4-40GB MIG 4g.20gb (0),1,,13,cupy_copy__complex64_complex64
2867954450,2496,134238,103,1,1,128,1,1,16,0.000,0.000,,,,,NVIDIA A100-SXM4-40GB MIG 4g.20gb (0),1,,13,cupy_copy__complex64_complex64
2867973234,89183,134245,1,1,1,32,32,1,30,0.000,0.000,,,,,NVIDIA A100-SXM4-40GB MIG 4g.20gb (0),1,,13,"void convert_kernel<__half2, float2>(tensor_layout_any, T1 *, tensor_layout_any, const T2 *)"
2868097552,27744,134248,,,,,,,,,,0.094,3377.085,Pinned,Device,NVIDIA A100-SXM4-40GB MIG 4g.20gb (0),1,,13,[CUDA memcpy Host-to-Device]
2868150448,46879,134249,,,,,,,,,,35.810,763861.404,Device,,NVIDIA A100-SXM4-40GB MIG 4g.20gb (0),1,,13,[CUDA memset]
2868199215,12384,134251,,,,,,,,,,0.000,6.460,Pinned,Device,NVIDIA A100-SXM4-40GB MIG 4g.20gb (0),1,,13,[CUDA memcpy Host-to-Device]
2868219087,30591,134252,,,,,,,,,,0.197,6426.919,Pinned,Device,NVIDIA A100-SXM4-40GB MIG 4g.20gb (0),1,,13,[CUDA memcpy Host-to-Device]
2868266638,9664,134253,273,1,1,48,1,1,40,0.000,0.001,,,,,NVIDIA A100-SXM4-40GB MIG 4g.20gb (0),1,,13,"void pusch_noise_intf_est::noiseIntfEstNoDftSOfdmKernel<float, __half, float, float, (unsigned int)2, (unsigned int)1, (unsigned char)4, (unsigned char)4>(pusch_noise_intf_est::puschRxNoiseIntfEstDynDescr)"
2868281742,3104,134264,35,1,1,128,1,1,16,0.000,0.000,,,,,NVIDIA A100-SXM4-40GB MIG 4g.20gb (0),1,,13,cupy_copy__complex64_complex64
2868292526,1888,134273,1,1,1,1,1,1,18,0.000,0.000,,,,,NVIDIA A100-SXM4-40GB MIG 4g.20gb (0),1,,13,cupy_copy__float32_float32
2868300110,2496,134279,,,,,,,,,,0.000,1.603,Device,Pageable,NVIDIA A100-SXM4-40GB MIG 4g.20gb (0),1,,7,[CUDA memcpy Device-to-Host]
2868383501,12928,134290,1434,1,1,128,1,1,16,0.000,0.000,,,,,NVIDIA A100-SXM4-40GB MIG 4g.20gb (0),1,,13,cupy_copy__complex64_complex64
2868407436,3008,134297,103,1,1,128,1,1,16,0.000,0.000,,,,,NVIDIA A100-SXM4-40GB MIG 4g.20gb (0),1,,13,cupy_copy__complex64_complex64
2868427628,2560,134304,35,1,1,128,1,1,16,0.000,0.000,,,,,NVIDIA A100-SXM4-40GB MIG 4g.20gb (0),1,,13,cupy_copy__complex64_complex64
2868446508,1888,134311,1,1,1,1,1,1,18,0.000,0.000,,,,,NVIDIA A100-SXM4-40GB MIG 4g.20gb (0),1,,13,cupy_copy__float32_float32
2868570058,87455,134322,1,1,1,32,32,1,30,0.000,0.000,,,,,NVIDIA A100-SXM4-40GB MIG 4g.20gb (0),1,,13,"void convert_kernel<__half2, float2>(tensor_layout_any, T1 *, tensor_layout_any, const T2 *)"
2868685353,6304,134325,,,,,,,,,,0.094,14862.903,Pinned,Device,NVIDIA A100-SXM4-40GB MIG 4g.20gb (0),1,,13,[CUDA memcpy Host-to-Device]
2868699817,3360,134326,,,,,,,,,,1.547,460304.688,Device,,NVIDIA A100-SXM4-40GB MIG 4g.20gb (0),1,,13,[CUDA memset]
2868705961,3200,134331,,,,,,,,,,0.031,9780.000,Pinned,Device,NVIDIA A100-SXM4-40GB MIG 4g.20gb (0),1,,13,[CUDA memcpy Host-to-Device]
2868711945,10175,134332,,,,,,,,,,0.197,19322.634,Pinned,Device,NVIDIA A100-SXM4-40GB MIG 4g.20gb (0),1,,13,[CUDA memcpy Host-to-Device]
2868726888,6112,134333,273,1,1,8,4,1,39,0.002,0.000,,,,,NVIDIA A100-SXM4-40GB MIG 4g.20gb (0),1,,13,"void channel_eq::eqMmseCoefCompLowMimoKernel<float, float, float, (unsigned int)4, (unsigned int)1, (unsigned int)4>(const channel_eq::_puschRxChEqStatDescr *, channel_eq::_puschRxChEqCoefCompDynDescr)"
2868733928,6240,134334,273,1,1,12,11,1,51,0.002,0.000,,,,,NVIDIA A100-SXM4-40GB MIG 4g.20gb (0),1,,13,"void channel_eq::eqMmseSoftDemapKernel<float, __half, __half, float, (unsigned int)4, (unsigned short)16383>(channel_eq::_puschRxChEqStatDescr *, channel_eq::_puschRxChEqSoftDemapDynDescr)"
2868741224,295645,134335,1,1,1,32,32,1,30,0.000,0.000,,,,,NVIDIA A100-SXM4-40GB MIG 4g.20gb (0),1,,13,"void convert_kernel<float2, __half2>(tensor_layout_any, T1 *, tensor_layout_any, const T2 *)"
2869038917,11007,134347,2253,1,1,128,1,1,16,0.000,0.000,,,,,NVIDIA A100-SXM4-40GB MIG 4g.20gb (0),1,,13,cupy_copy__float16_float16
2869054308,3392,134356,282,1,1,128,1,1,16,0.000,0.000,,,,,NVIDIA A100-SXM4-40GB MIG 4g.20gb (0),1,,13,cupy_copy__complex64_complex64
2869059972,2336,134365,26,1,1,128,1,1,16,0.000,0.000,,,,,NVIDIA A100-SXM4-40GB MIG 4g.20gb (0),1,,13,cupy_copy__float32_float32
2869063364,2944,134374,103,1,1,128,1,1,16,0.000,0.000,,,,,NVIDIA A100-SXM4-40GB MIG 4g.20gb (0),1,,13,cupy_copy__complex64_complex64
2869068132,12320,134384,1434,1,1,128,1,1,16,0.000,0.000,,,,,NVIDIA A100-SXM4-40GB MIG 4g.20gb (0),1,,13,cupy_copy__complex64_complex64
2869084004,81727,134389,1,1,1,32,32,1,30,0.000,0.000,,,,,NVIDIA A100-SXM4-40GB MIG 4g.20gb (0),1,,13,"void convert_kernel<__half2, float2>(tensor_layout_any, T1 *, tensor_layout_any, const T2 *)"
2869193667,5696,134392,,,,,,,,,,0.094,16449.363,Pinned,Device,NVIDIA A100-SXM4-40GB MIG 4g.20gb (0),1,,13,[CUDA memcpy Host-to-Device]
2869204387,599800,134393,,,,,,,,,,456.561,761087.920,Device,,NVIDIA A100-SXM4-40GB MIG 4g.20gb (0),1,,13,[CUDA memset]
2869808059,86655,134398,,,,,,,,,,1.235,14251.254,Pinned,Device,NVIDIA A100-SXM4-40GB MIG 4g.20gb (0),1,,13,[CUDA memcpy Host-to-Device]
2869903162,18528,134399,,,,,,,,,,0.197,10611.327,Pinned,Device,NVIDIA A100-SXM4-40GB MIG 4g.20gb (0),1,,13,[CUDA memcpy Host-to-Device]
2869936665,8160,134400,69,4,1,48,1,1,76,0.002,0.000,,,,,NVIDIA A100-SXM4-40GB MIG 4g.20gb (0),1,,13,"void ch_est::windowedChEstPreNoDftSOfdmKernel<float, __half, float, (unsigned int)2, (unsigned int)1, (unsigned short)4>(ch_est::puschRxChEstStatDescr_t *, ch_est::puschRxChEstDynDescr_t *)"
2869946873,6720,134401,137,2,1,24,2,1,44,0.001,0.001,,,,,NVIDIA A100-SXM4-40GB MIG 4g.20gb (0),1,,13,"void ch_est::chEstFilterNoDftSOfdmDispatchKernel<float, __half, float, (unsigned int)2>(ch_est::puschRxChEstStatDescr_t *, ch_est::puschRxChEstDynDescr_t *)"
2869958969,5088,134402,137,2,1,24,2,1,44,0.001,0.001,,,,,NVIDIA A100-SXM4-40GB MIG 4g.20gb (0),1,,13,"void ch_est::chEstFilterNoDftSOfdmDispatchKernel<float, __half, float, (unsigned int)2>(ch_est::puschRxChEstStatDescr_t *, ch_est::puschRxChEstDynDescr_t *)"
2869969561,2624,134413,103,1,1,128,1,1,16,0.000,0.000,,,,,NVIDIA A100-SXM4-40GB MIG 4g.20gb (0),1,,13,cupy_copy__complex64_complex64
2869981497,12960,134423,1434,1,1,128,1,1,16,0.000,0.000,,,,,NVIDIA A100-SXM4-40GB MIG 4g.20gb (0),1,,13,cupy_copy__complex64_complex64
2870002681,2720,134430,103,1,1,128,1,1,16,0.000,0.000,,,,,NVIDIA A100-SXM4-40GB MIG 4g.20gb (0),1,,13,cupy_copy__complex64_complex64
2870009977,85599,134437,1,1,1,32,32,1,30,0.000,0.000,,,,,NVIDIA A100-SXM4-40GB MIG 4g.20gb (0),1,,13,"void convert_kernel<__half2, float2>(tensor_layout_any, T1 *, tensor_layout_any, const T2 *)"
2870127671,9344,134440,,,,,,,,,,0.094,10027.346,Pinned,Device,NVIDIA A100-SXM4-40GB MIG 4g.20gb (0),1,,13,[CUDA memcpy Host-to-Device]
2870146551,46847,134441,,,,,,,,,,35.810,764398.552,Device,,NVIDIA A100-SXM4-40GB MIG 4g.20gb (0),1,,13,[CUDA memset]
2870201334,10272,134443,,,,,,,,,,0.000,7.788,Pinned,Device,NVIDIA A100-SXM4-40GB MIG 4g.20gb (0),1,,13,[CUDA memcpy Host-to-Device]
2870222166,26720,134444,,,,,,,,,,0.197,7358.054,Pinned,Device,NVIDIA A100-SXM4-40GB MIG 4g.20gb (0),1,,13,[CUDA memcpy Host-to-Device]
2870273621,9376,134445,273,1,1,48,1,1,40,0.000,0.001,,,,,NVIDIA A100-SXM4-40GB MIG 4g.20gb (0),1,,13,"void pusch_noise_intf_est::noiseIntfEstNoDftSOfdmKernel<float, __half, float, float, (unsigned int)2, (unsigned int)1, (unsigned char)4, (unsigned char)4>(pusch_noise_intf_est::puschRxNoiseIntfEstDynDescr)"
2870297813,2656,134456,35,1,1,128,1,1,16,0.000,0.000,,,,,NVIDIA A100-SXM4-40GB MIG 4g.20gb (0),1,,13,cupy_copy__complex64_complex64
2870310677,1728,134465,1,1,1,1,1,1,18,0.000,0.000,,,,,NVIDIA A100-SXM4-40GB MIG 4g.20gb (0),1,,13,cupy_copy__float32_float32
2870320117,5088,134471,,,,,,,,,,0.000,0.786,Device,Pageable,NVIDIA A100-SXM4-40GB MIG 4g.20gb (0),1,,7,[CUDA memcpy Device-to-Host]
2870406292,12544,134482,1434,1,1,128,1,1,16,0.000,0.000,,,,,NVIDIA A100-SXM4-40GB MIG 4g.20gb (0),1,,13,cupy_copy__complex64_complex64
2870445107,3040,134489,103,1,1,128,1,1,16,0.000,0.000,,,,,NVIDIA A100-SXM4-40GB MIG 4g.20gb (0),1,,13,cupy_copy__complex64_complex64
2870463315,2176,134496,35,1,1,128,1,1,16,0.000,0.000,,,,,NVIDIA A100-SXM4-40GB MIG 4g.20gb (0),1,,13,cupy_copy__complex64_complex64
2870467059,1696,134503,1,1,1,1,1,1,18,0.000,0.000,,,,,NVIDIA A100-SXM4-40GB MIG 4g.20gb (0),1,,13,cupy_copy__float32_float32
2870600433,86655,134514,1,1,1,32,32,1,30,0.000,0.000,,,,,NVIDIA A100-SXM4-40GB MIG 4g.20gb (0),1,,13,"void convert_kernel<__half2, float2>(tensor_layout_any, T1 *, tensor_layout_any, const T2 *)"
2870720368,20000,134517,,,,,,,,,,0.094,4684.800,Pinned,Device,NVIDIA A100-SXM4-40GB MIG 4g.20gb (0),1,,13,[CUDA memcpy Host-to-Device]
2870759183,3392,134518,,,,,,,,,,1.547,455961.768,Device,,NVIDIA A100-SXM4-40GB MIG 4g.20gb (0),1,,13,[CUDA memset]
2870765871,3776,134523,,,,,,,,,,0.031,8288.120,Pinned,Device,NVIDIA A100-SXM4-40GB MIG 4g.20gb (0),1,,13,[CUDA memcpy Host-to-Device]
2870778159,14560,134524,,,,,,,,,,0.197,13503.234,Pinned,Device,NVIDIA A100-SXM4-40GB MIG 4g.20gb (0),1,,13,[CUDA memcpy Host-to-Device]
2870805103,8576,134525,273,1,1,8,4,1,39,0.002,0.000,,,,,NVIDIA A100-SXM4-40GB MIG 4g.20gb (0),1,,13,"void channel_eq::eqMmseCoefCompLowMimoKernel<float, float, float, (unsigned int)4, (unsigned int)1, (unsigned int)4>(const channel_eq::_puschRxChEqStatDescr *, channel_eq::_puschRxChEqCoefCompDynDescr)"
2870822831,5503,134526,273,1,1,12,11,1,51,0.002,0.000,,,,,NVIDIA A100-SXM4-40GB MIG 4g.20gb (0),1,,13,"void channel_eq::eqMmseSoftDemapKernel<float, __half, __half, float, (unsigned int)4, (unsigned short)16383>(channel_eq::_puschRxChEqStatDescr *, channel_eq::_puschRxChEqSoftDemapDynDescr)"
2870830670,290109,134527,1,1,1,32,32,1,30,0.000,0.000,,,,,NVIDIA A100-SXM4-40GB MIG 4g.20gb (0),1,,13,"void convert_kernel<float2, __half2>(tensor_layout_any, T1 *, tensor_layout_any, const T2 *)"
2871124235,11072,134539,2253,1,1,128,1,1,16,0.000,0.000,,,,,NVIDIA A100-SXM4-40GB MIG 4g.20gb (0),1,,13,cupy_copy__float16_float16
2871139595,2656,134548,282,1,1,128,1,1,16,0.000,0.000,,,,,NVIDIA A100-SXM4-40GB MIG 4g.20gb (0),1,,13,cupy_copy__complex64_complex64
2871144107,2016,134557,26,1,1,128,1,1,16,0.000,0.000,,,,,NVIDIA A100-SXM4-40GB MIG 4g.20gb (0),1,,13,cupy_copy__float32_float32
2871147818,4640,134566,103,1,1,128,1,1,16,0.000,0.000,,,,,NVIDIA A100-SXM4-40GB MIG 4g.20gb (0),1,,13,cupy_copy__complex64_complex64
2871153482,11904,134576,1434,1,1,128,1,1,16,0.000,0.000,,,,,NVIDIA A100-SXM4-40GB MIG 4g.20gb (0),1,,13,cupy_copy__complex64_complex64
2871170090,82047,134581,1,1,1,32,32,1,30,0.000,0.000,,,,,NVIDIA A100-SXM4-40GB MIG 4g.20gb (0),1,,13,"void convert_kernel<__half2, float2>(tensor_layout_any, T1 *, tensor_layout_any, const T2 *)"
2871278857,5632,134584,,,,,,,,,,0.094,16636.287,Pinned,Device,NVIDIA A100-SXM4-40GB MIG 4g.20gb (0),1,,13,[CUDA memcpy Host-to-Device]
2871289129,598744,134585,,,,,,,,,,456.561,762457.605,Device,,NVIDIA A100-SXM4-40GB MIG 4g.20gb (0),1,,13,[CUDA memset]
2871895329,129087,134590,,,,,,,,,,1.235,9565.876,Pinned,Device,NVIDIA A100-SXM4-40GB MIG 4g.20gb (0),1,,13,[CUDA memcpy Host-to-Device]
2872033472,26911,134591,,,,,,,,,,0.197,7305.757,Pinned,Device,NVIDIA A100-SXM4-40GB MIG 4g.20gb (0),1,,13,[CUDA memcpy Host-to-Device]
2872077471,8960,134592,69,4,1,48,1,1,76,0.002,0.000,,,,,NVIDIA A100-SXM4-40GB MIG 4g.20gb (0),1,,13,"void ch_est::windowedChEstPreNoDftSOfdmKernel<float, __half, float, (unsigned int)2, (unsigned int)1, (unsigned short)4>(ch_est::puschRxChEstStatDescr_t *, ch_est::puschRxChEstDynDescr_t *)"
2872090239,6880,134593,137,2,1,24,2,1,44,0.001,0.001,,,,,NVIDIA A100-SXM4-40GB MIG 4g.20gb (0),1,,13,"void ch_est::chEstFilterNoDftSOfdmDispatchKernel<float, __half, float, (unsigned int)2>(ch_est::puschRxChEstStatDescr_t *, ch_est::puschRxChEstDynDescr_t *)"
2872100831,6688,134594,137,2,1,24,2,1,44,0.001,0.001,,,,,NVIDIA A100-SXM4-40GB MIG 4g.20gb (0),1,,13,"void ch_est::chEstFilterNoDftSOfdmDispatchKernel<float, __half, float, (unsigned int)2>(ch_est::puschRxChEstStatDescr_t *, ch_est::puschRxChEstDynDescr_t *)"
2872114463,2912,134605,103,1,1,128,1,1,16,0.000,0.000,,,,,NVIDIA A100-SXM4-40GB MIG 4g.20gb (0),1,,13,cupy_copy__complex64_complex64
2872132062,12640,134615,1434,1,1,128,1,1,16,0.000,0.000,,,,,NVIDIA A100-SXM4-40GB MIG 4g.20gb (0),1,,13,cupy_copy__complex64_complex64
2872154494,2592,134622,103,1,1,128,1,1,16,0.000,0.000,,,,,NVIDIA A100-SXM4-40GB MIG 4g.20gb (0),1,,13,cupy_copy__complex64_complex64
2872164766,86879,134629,1,1,1,32,32,1,30,0.000,0.000,,,,,NVIDIA A100-SXM4-40GB MIG 4g.20gb (0),1,,13,"void convert_kernel<__half2, float2>(tensor_layout_any, T1 *, tensor_layout_any, const T2 *)"
2872282396,13344,134632,,,,,,,,,,0.094,7021.578,Pinned,Device,NVIDIA A100-SXM4-40GB MIG 4g.20gb (0),1,,13,[CUDA memcpy Host-to-Device]
2872309180,46944,134633,,,,,,,,,,35.810,762787.106,Device,,NVIDIA A100-SXM4-40GB MIG 4g.20gb (0),1,,13,[CUDA memset]
2872358300,6751,134635,,,,,,,,,,0.000,11.850,Pinned,Device,NVIDIA A100-SXM4-40GB MIG 4g.20gb (0),1,,13,[CUDA memcpy Host-to-Device]
2872368699,20736,134636,,,,,,,,,,0.197,9481.421,Pinned,Device,NVIDIA A100-SXM4-40GB MIG 4g.20gb (0),1,,13,[CUDA memcpy Host-to-Device]
2872402971,10208,134637,273,1,1,48,1,1,40,0.000,0.001,,,,,NVIDIA A100-SXM4-40GB MIG 4g.20gb (0),1,,13,"void pusch_noise_intf_est::noiseIntfEstNoDftSOfdmKernel<float, __half, float, float, (unsigned int)2, (unsigned int)1, (unsigned char)4, (unsigned char)4>(pusch_noise_intf_est::puschRxNoiseIntfEstDynDescr)"
2872421435,2592,134648,35,1,1,128,1,1,16,0.000,0.000,,,,,NVIDIA A100-SXM4-40GB MIG 4g.20gb (0),1,,13,cupy_copy__complex64_complex64
2872430843,1696,134657,1,1,1,1,1,1,18,0.000,0.000,,,,,NVIDIA A100-SXM4-40GB MIG 4g.20gb (0),1,,13,cupy_copy__float32_float32
2872440795,4607,134663,,,,,,,,,,0.000,0.868,Device,Pageable,NVIDIA A100-SXM4-40GB MIG 4g.20gb (0),1,,7,[CUDA memcpy Device-to-Host]
2872509722,13056,134674,1434,1,1,128,1,1,16,0.000,0.000,,,,,NVIDIA A100-SXM4-40GB MIG 4g.20gb (0),1,,13,cupy_copy__complex64_complex64
2872536825,3488,134681,103,1,1,128,1,1,16,0.000,0.000,,,,,NVIDIA A100-SXM4-40GB MIG 4g.20gb (0),1,,13,cupy_copy__complex64_complex64
2872557561,2176,134688,35,1,1,128,1,1,16,0.000,0.000,,,,,NVIDIA A100-SXM4-40GB MIG 4g.20gb (0),1,,13,cupy_copy__complex64_complex64
2872576409,1760,134695,1,1,1,1,1,1,18,0.000,0.000,,,,,NVIDIA A100-SXM4-40GB MIG 4g.20gb (0),1,,13,cupy_copy__float32_float32
2872706423,81983,134706,1,1,1,32,32,1,30,0.000,0.000,,,,,NVIDIA A100-SXM4-40GB MIG 4g.20gb (0),1,,13,"void convert_kernel<__half2, float2>(tensor_layout_any, T1 *, tensor_layout_any, const T2 *)"
2872815958,6144,134709,,,,,,,,,,0.094,15249.961,Pinned,Device,NVIDIA A100-SXM4-40GB MIG 4g.20gb (0),1,,13,[CUDA memcpy Host-to-Device]
2872830582,3264,134710,,,,,,,,,,1.547,473842.288,Device,,NVIDIA A100-SXM4-40GB MIG 4g.20gb (0),1,,13,[CUDA memset]
2872836726,3488,134715,,,,,,,,,,0.031,8972.469,Pinned,Device,NVIDIA A100-SXM4-40GB MIG 4g.20gb (0),1,,13,[CUDA memcpy Host-to-Device]
2872842902,9567,134716,,,,,,,,,,0.197,20550.451,Pinned,Device,NVIDIA A100-SXM4-40GB MIG 4g.20gb (0),1,,13,[CUDA memcpy Host-to-Device]
2872859061,6016,134717,273,1,1,8,4,1,39,0.002,0.000,,,,,NVIDIA A100-SXM4-40GB MIG 4g.20gb (0),1,,13,"void channel_eq::eqMmseCoefCompLowMimoKernel<float, float, float, (unsigned int)4, (unsigned int)1, (unsigned int)4>(const channel_eq::_puschRxChEqStatDescr *, channel_eq::_puschRxChEqCoefCompDynDescr)"
2872866037,5728,134718,273,1,1,12,11,1,51,0.002,0.000,,,,,NVIDIA A100-SXM4-40GB MIG 4g.20gb (0),1,,13,"void channel_eq::eqMmseSoftDemapKernel<float, __half, __half, float, (unsigned int)4, (unsigned short)16383>(channel_eq::_puschRxChEqStatDescr *, channel_eq::_puschRxChEqSoftDemapDynDescr)"
2872872789,282877,134719,1,1,1,32,32,1,30,0.000,0.000,,,,,NVIDIA A100-SXM4-40GB MIG 4g.20gb (0),1,,13,"void convert_kernel<float2, __half2>(tensor_layout_any, T1 *, tensor_layout_any, const T2 *)"
2873157810,10848,134731,2253,1,1,128,1,1,16,0.000,0.000,,,,,NVIDIA A100-SXM4-40GB MIG 4g.20gb (0),1,,13,cupy_copy__float16_float16
2873175121,3168,134740,282,1,1,128,1,1,16,0.000,0.000,,,,,NVIDIA A100-SXM4-40GB MIG 4g.20gb (0),1,,13,cupy_copy__complex64_complex64
2873180273,1984,134749,26,1,1,128,1,1,16,0.000,0.000,,,,,NVIDIA A100-SXM4-40GB MIG 4g.20gb (0),1,,13,cupy_copy__float32_float32
2873186065,2912,134758,103,1,1,128,1,1,16,0.000,0.000,,,,,NVIDIA A100-SXM4-40GB MIG 4g.20gb (0),1,,13,cupy_copy__complex64_complex64
2873190257,11936,134768,1434,1,1,128,1,1,16,0.000,0.000,,,,,NVIDIA A100-SXM4-40GB MIG 4g.20gb (0),1,,13,cupy_copy__complex64_complex64
2873208113,86975,134773,1,1,1,32,32,1,30,0.000,0.000,,,,,NVIDIA A100-SXM4-40GB MIG 4g.20gb (0),1,,13,"void convert_kernel<__half2, float2>(tensor_layout_any, T1 *, tensor_layout_any, const T2 *)"
2873322128,5600,134776,,,,,,,,,,0.094,16731.388,Pinned,Device,NVIDIA A100-SXM4-40GB MIG 4g.20gb (0),1,,13,[CUDA memcpy Host-to-Device]
2873333071,596889,134777,,,,,,,,,,456.561,764740.412,Device,,NVIDIA A100-SXM4-40GB MIG 4g.20gb (0),1,,13,[CUDA memset]
2873931848,156990,134782,,,,,,,,,,1.235,7865.358,Pinned,Device,NVIDIA A100-SXM4-40GB MIG 4g.20gb (0),1,,13,[CUDA memcpy Host-to-Device]
2874101126,39935,134783,,,,,,,,,,0.197,4923.064,Pinned,Device,NVIDIA A100-SXM4-40GB MIG 4g.20gb (0),1,,13,[CUDA memcpy Host-to-Device]
2874158469,8480,134784,69,4,1,48,1,1,76,0.002,0.000,,,,,NVIDIA A100-SXM4-40GB MIG 4g.20gb (0),1,,13,"void ch_est::windowedChEstPreNoDftSOfdmKernel<float, __half, float, (unsigned int)2, (unsigned int)1, (unsigned short)4>(ch_est::puschRxChEstStatDescr_t *, ch_est::puschRxChEstDynDescr_t *)"
2874175173,6752,134785,137,2,1,24,2,1,44,0.001,0.001,,,,,NVIDIA A100-SXM4-40GB MIG 4g.20gb (0),1,,13,"void ch_est::chEstFilterNoDftSOfdmDispatchKernel<float, __half, float, (unsigned int)2>(ch_est::puschRxChEstStatDescr_t *, ch_est::puschRxChEstDynDescr_t *)"
2874191109,4992,134786,137,2,1,24,2,1,44,0.001,0.001,,,,,NVIDIA A100-SXM4-40GB MIG 4g.20gb (0),1,,13,"void ch_est::chEstFilterNoDftSOfdmDispatchKernel<float, __half, float, (unsigned int)2>(ch_est::puschRxChEstStatDescr_t *, ch_est::puschRxChEstDynDescr_t *)"
2874204229,2624,134797,103,1,1,128,1,1,16,0.000,0.000,,,,,NVIDIA A100-SXM4-40GB MIG 4g.20gb (0),1,,13,cupy_copy__complex64_complex64
2874219749,12671,134807,1434,1,1,128,1,1,16,0.000,0.000,,,,,NVIDIA A100-SXM4-40GB MIG 4g.20gb (0),1,,13,cupy_copy__complex64_complex64
2874248228,2720,134814,103,1,1,128,1,1,16,0.000,0.000,,,,,NVIDIA A100-SXM4-40GB MIG 4g.20gb (0),1,,13,cupy_copy__complex64_complex64
2874262724,92799,134821,1,1,1,32,32,1,30,0.000,0.000,,,,,NVIDIA A100-SXM4-40GB MIG 4g.20gb (0),1,,13,"void convert_kernel<__half2, float2>(tensor_layout_any, T1 *, tensor_layout_any, const T2 *)"
2874386946,16736,134824,,,,,,,,,,0.094,5598.430,Pinned,Device,NVIDIA A100-SXM4-40GB MIG 4g.20gb (0),1,,13,[CUDA memcpy Host-to-Device]
2874420066,47103,134825,,,,,,,,,,35.810,760244.602,Device,,NVIDIA A100-SXM4-40GB MIG 4g.20gb (0),1,,13,[CUDA memset]
2874474433,6496,134827,,,,,,,,,,0.000,12.315,Pinned,Device,NVIDIA A100-SXM4-40GB MIG 4g.20gb (0),1,,13,[CUDA memcpy Host-to-Device]
2874490369,18208,134828,,,,,,,,,,0.197,10797.711,Pinned,Device,NVIDIA A100-SXM4-40GB MIG 4g.20gb (0),1,,13,[CUDA memcpy Host-to-Device]
2874518497,9888,134829,273,1,1,48,1,1,40,0.000,0.001,,,,,NVIDIA A100-SXM4-40GB MIG 4g.20gb (0),1,,13,"void pusch_noise_intf_est::noiseIntfEstNoDftSOfdmKernel<float, __half, float, float, (unsigned int)2, (unsigned int)1, (unsigned char)4, (unsigned char)4>(pusch_noise_intf_est::puschRxNoiseIntfEstDynDescr)"
2874540289,2784,134840,35,1,1,128,1,1,16,0.000,0.000,,,,,NVIDIA A100-SXM4-40GB MIG 4g.20gb (0),1,,13,cupy_copy__complex64_complex64
2874550400,1984,134849,1,1,1,1,1,1,18,0.000,0.000,,,,,NVIDIA A100-SXM4-40GB MIG 4g.20gb (0),1,,13,cupy_copy__float32_float32
2874555328,1568,134855,,,,,,,,,,0.000,2.551,Device,Pageable,NVIDIA A100-SXM4-40GB MIG 4g.20gb (0),1,,7,[CUDA memcpy Device-to-Host]
2874632223,13152,134866,1434,1,1,128,1,1,16,0.000,0.000,,,,,NVIDIA A100-SXM4-40GB MIG 4g.20gb (0),1,,13,cupy_copy__complex64_complex64
2874658335,3392,134873,103,1,1,128,1,1,16,0.000,0.000,,,,,NVIDIA A100-SXM4-40GB MIG 4g.20gb (0),1,,13,cupy_copy__complex64_complex64
2874679295,2592,134880,35,1,1,128,1,1,16,0.000,0.000,,,,,NVIDIA A100-SXM4-40GB MIG 4g.20gb (0),1,,13,cupy_copy__complex64_complex64
2874699359,1984,134887,1,1,1,1,1,1,18,0.000,0.000,,,,,NVIDIA A100-SXM4-40GB MIG 4g.20gb (0),1,,13,cupy_copy__float32_float32
2874823421,82591,134898,1,1,1,32,32,1,30,0.000,0.000,,,,,NVIDIA A100-SXM4-40GB MIG 4g.20gb (0),1,,13,"void convert_kernel<__half2, float2>(tensor_layout_any, T1 *, tensor_layout_any, const T2 *)"
2874935260,6048,134901,,,,,,,,,,0.094,15491.978,Pinned,Device,NVIDIA A100-SXM4-40GB MIG 4g.20gb (0),1,,13,[CUDA memcpy Host-to-Device]
2874949563,3456,134902,,,,,,,,,,1.547,447517.201,Device,,NVIDIA A100-SXM4-40GB MIG 4g.20gb (0),1,,13,[CUDA memset]
2874958843,3200,134907,,,,,,,,,,0.031,9780.000,Pinned,Device,NVIDIA A100-SXM4-40GB MIG 4g.20gb (0),1,,13,[CUDA memcpy Host-to-Device]
2874964987,10368,134908,,,,,,,,,,0.197,18962.842,Pinned,Device,NVIDIA A100-SXM4-40GB MIG 4g.20gb (0),1,,13,[CUDA memcpy Host-to-Device]
2874981371,9568,134909,273,1,1,8,4,1,39,0.002,0.000,,,,,NVIDIA A100-SXM4-40GB MIG 4g.20gb (0),1,,13,"void channel_eq::eqMmseCoefCompLowMimoKernel<float, float, float, (unsigned int)4, (unsigned int)1, (unsigned int)4>(const channel_eq::_puschRxChEqStatDescr *, channel_eq::_puschRxChEqCoefCompDynDescr)"
2874992379,5984,134910,273,1,1,12,11,1,51,0.002,0.000,,,,,NVIDIA A100-SXM4-40GB MIG 4g.20gb (0),1,,13,"void channel_eq::eqMmseSoftDemapKernel<float, __half, __half, float, (unsigned int)4, (unsigned short)16383>(channel_eq::_puschRxChEqStatDescr *, channel_eq::_puschRxChEqSoftDemapDynDescr)"
2875001659,279356,134911,1,1,1,32,32,1,30,0.000,0.000,,,,,NVIDIA A100-SXM4-40GB MIG 4g.20gb (0),1,,13,"void convert_kernel<float2, __half2>(tensor_layout_any, T1 *, tensor_layout_any, const T2 *)"
2875281975,10944,134923,2253,1,1,128,1,1,16,0.000,0.000,,,,,NVIDIA A100-SXM4-40GB MIG 4g.20gb (0),1,,13,cupy_copy__float16_float16
2875297367,3104,134932,282,1,1,128,1,1,16,0.000,0.000,,,,,NVIDIA A100-SXM4-40GB MIG 4g.20gb (0),1,,13,cupy_copy__complex64_complex64
2875302775,2144,134941,26,1,1,128,1,1,16,0.000,0.000,,,,,NVIDIA A100-SXM4-40GB MIG 4g.20gb (0),1,,13,cupy_copy__float32_float32
2875305911,2976,134950,103,1,1,128,1,1,16,0.000,0.000,,,,,NVIDIA A100-SXM4-40GB MIG 4g.20gb (0),1,,13,cupy_copy__complex64_complex64
2875311159,12576,134960,1434,1,1,128,1,1,16,0.000,0.000,,,,,NVIDIA A100-SXM4-40GB MIG 4g.20gb (0),1,,13,cupy_copy__complex64_complex64
2875326295,82399,134965,1,1,1,32,32,1,30,0.000,0.000,,,,,NVIDIA A100-SXM4-40GB MIG 4g.20gb (0),1,,13,"void convert_kernel<__half2, float2>(tensor_layout_any, T1 *, tensor_layout_any, const T2 *)"
2875436405,5952,134968,,,,,,,,,,0.094,15741.865,Pinned,Device,NVIDIA A100-SXM4-40GB MIG 4g.20gb (0),1,,13,[CUDA memcpy Host-to-Device]
2875447765,602393,134969,,,,,,,,,,456.561,757891.990,Device,,NVIDIA A100-SXM4-40GB MIG 4g.20gb (0),1,,13,[CUDA memset]
2876051278,148318,134974,,,,,,,,,,1.235,8325.992,Pinned,Device,NVIDIA A100-SXM4-40GB MIG 4g.20gb (0),1,,13,[CUDA memcpy Host-to-Device]
2876210828,36319,134975,,,,,,,,,,0.197,5413.208,Pinned,Device,NVIDIA A100-SXM4-40GB MIG 4g.20gb (0),1,,13,[CUDA memcpy Host-to-Device]
2876269131,8064,134976,69,4,1,48,1,1,76,0.002,0.000,,,,,NVIDIA A100-SXM4-40GB MIG 4g.20gb (0),1,,13,"void ch_est::windowedChEstPreNoDftSOfdmKernel<float, __half, float, (unsigned int)2, (unsigned int)1, (unsigned short)4>(ch_est::puschRxChEstStatDescr_t *, ch_est::puschRxChEstDynDescr_t *)"
2876283563,6752,134977,137,2,1,24,2,1,44,0.001,0.001,,,,,NVIDIA A100-SXM4-40GB MIG 4g.20gb (0),1,,13,"void ch_est::chEstFilterNoDftSOfdmDispatchKernel<float, __half, float, (unsigned int)2>(ch_est::puschRxChEstStatDescr_t *, ch_est::puschRxChEstDynDescr_t *)"
2876295723,6304,134978,137,2,1,24,2,1,44,0.001,0.001,,,,,NVIDIA A100-SXM4-40GB MIG 4g.20gb (0),1,,13,"void ch_est::chEstFilterNoDftSOfdmDispatchKernel<float, __half, float, (unsigned int)2>(ch_est::puschRxChEstStatDescr_t *, ch_est::puschRxChEstDynDescr_t *)"
2876307339,2688,134989,103,1,1,128,1,1,16,0.000,0.000,,,,,NVIDIA A100-SXM4-40GB MIG 4g.20gb (0),1,,13,cupy_copy__complex64_complex64
2876322507,12767,134999,1434,1,1,128,1,1,16,0.000,0.000,,,,,NVIDIA A100-SXM4-40GB MIG 4g.20gb (0),1,,13,cupy_copy__complex64_complex64
2876353482,2496,135006,103,1,1,128,1,1,16,0.000,0.000,,,,,NVIDIA A100-SXM4-40GB MIG 4g.20gb (0),1,,13,cupy_copy__complex64_complex64
2876371274,83167,135013,1,1,1,32,32,1,30,0.000,0.000,,,,,NVIDIA A100-SXM4-40GB MIG 4g.20gb (0),1,,13,"void convert_kernel<__half2, float2>(tensor_layout_any, T1 *, tensor_layout_any, const T2 *)"
2876488136,14592,135016,,,,,,,,,,0.094,6420.987,Pinned,Device,NVIDIA A100-SXM4-40GB MIG 4g.20gb (0),1,,13,[CUDA memcpy Host-to-Device]
2876513576,47616,135017,,,,,,,,,,35.810,752044.130,Device,,NVIDIA A100-SXM4-40GB MIG 4g.20gb (0),1,,13,[CUDA memset]
2876565960,6207,135019,,,,,,,,,,0.000,12.889,Pinned,Device,NVIDIA A100-SXM4-40GB MIG 4g.20gb (0),1,,13,[CUDA memcpy Host-to-Device]
2876581095,21664,135020,,,,,,,,,,0.197,9075.229,Pinned,Device,NVIDIA A100-SXM4-40GB MIG 4g.20gb (0),1,,13,[CUDA memcpy Host-to-Device]
2876616071,10080,135021,273,1,1,48,1,1,40,0.000,0.001,,,,,NVIDIA A100-SXM4-40GB MIG 4g.20gb (0),1,,13,"void pusch_noise_intf_est::noiseIntfEstNoDftSOfdmKernel<float, __half, float, float, (unsigned int)2, (unsigned int)1, (unsigned char)4, (unsigned char)4>(pusch_noise_intf_est::puschRxNoiseIntfEstDynDescr)"
2876629287,2560,135032,35,1,1,128,1,1,16,0.000,0.000,,,,,NVIDIA A100-SXM4-40GB MIG 4g.20gb (0),1,,13,cupy_copy__complex64_complex64
2876636967,2048,135041,1,1,1,1,1,1,18,0.000,0.000,,,,,NVIDIA A100-SXM4-40GB MIG 4g.20gb (0),1,,13,cupy_copy__float32_float32
2876644583,1664,135047,,,,,,,,,,0.000,2.404,Device,Pageable,NVIDIA A100-SXM4-40GB MIG 4g.20gb (0),1,,7,[CUDA memcpy Device-to-Host]
2876719718,12863,135058,1434,1,1,128,1,1,16,0.000,0.000,,,,,NVIDIA A100-SXM4-40GB MIG 4g.20gb (0),1,,13,cupy_copy__complex64_complex64
2876752421,2784,135065,103,1,1,128,1,1,16,0.000,0.000,,,,,NVIDIA A100-SXM4-40GB MIG 4g.20gb (0),1,,13,cupy_copy__complex64_complex64
2876768901,2656,135072,35,1,1,128,1,1,16,0.000,0.000,,,,,NVIDIA A100-SXM4-40GB MIG 4g.20gb (0),1,,13,cupy_copy__complex64_complex64
2876783557,1984,135079,1,1,1,1,1,1,18,0.000,0.000,,,,,NVIDIA A100-SXM4-40GB MIG 4g.20gb (0),1,,13,cupy_copy__float32_float32
2876916515,87487,135090,1,1,1,32,32,1,30,0.000,0.000,,,,,NVIDIA A100-SXM4-40GB MIG 4g.20gb (0),1,,13,"void convert_kernel<__half2, float2>(tensor_layout_any, T1 *, tensor_layout_any, const T2 *)"
2877032802,10368,135093,,,,,,,,,,0.094,9036.979,Pinned,Device,NVIDIA A100-SXM4-40GB MIG 4g.20gb (0),1,,13,[CUDA memcpy Host-to-Device]
2877051970,3519,135094,,,,,,,,,,1.547,439505.689,Device,,NVIDIA A100-SXM4-40GB MIG 4g.20gb (0),1,,13,[CUDA memset]
2877057697,3168,135099,,,,,,,,,,0.031,9878.770,Pinned,Device,NVIDIA A100-SXM4-40GB MIG 4g.20gb (0),1,,13,[CUDA memcpy Host-to-Device]
2877068449,14176,135100,,,,,,,,,,0.197,13868.925,Pinned,Device,NVIDIA A100-SXM4-40GB MIG 4g.20gb (0),1,,13,[CUDA memcpy Host-to-Device]
2877092865,8160,135101,273,1,1,8,4,1,39,0.002,0.000,,,,,NVIDIA A100-SXM4-40GB MIG 4g.20gb (0),1,,13,"void channel_eq::eqMmseCoefCompLowMimoKernel<float, float, float, (unsigned int)4, (unsigned int)1, (unsigned int)4>(const channel_eq::_puschRxChEqStatDescr *, channel_eq::_puschRxChEqCoefCompDynDescr)"
2877108513,7712,135102,273,1,1,12,11,1,51,0.002,0.000,,,,,NVIDIA A100-SXM4-40GB MIG 4g.20gb (0),1,,13,"void channel_eq::eqMmseSoftDemapKernel<float, __half, __half, float, (unsigned int)4, (unsigned short)16383>(channel_eq::_puschRxChEqStatDescr *, channel_eq::_puschRxChEqSoftDemapDynDescr)"
2877124321,294780,135103,1,1,1,32,32,1,30,0.000,0.000,,,,,NVIDIA A100-SXM4-40GB MIG 4g.20gb (0),1,,13,"void convert_kernel<float2, __half2>(tensor_layout_any, T1 *, tensor_layout_any, const T2 *)"
2877420125,11040,135115,2253,1,1,128,1,1,16,0.000,0.000,,,,,NVIDIA A100-SXM4-40GB MIG 4g.20gb (0),1,,13,cupy_copy__float16_float16
2877433181,3616,135124,282,1,1,128,1,1,16,0.000,0.000,,,,,NVIDIA A100-SXM4-40GB MIG 4g.20gb (0),1,,13,cupy_copy__complex64_complex64
2877437725,2496,135133,26,1,1,128,1,1,16,0.000,0.000,,,,,NVIDIA A100-SXM4-40GB MIG 4g.20gb (0),1,,13,cupy_copy__float32_float32
2877443421,2912,135142,103,1,1,128,1,1,16,0.000,0.000,,,,,NVIDIA A100-SXM4-40GB MIG 4g.20gb (0),1,,13,cupy_copy__complex64_complex64
2877448093,12351,135152,1434,1,1,128,1,1,16,0.000,0.000,,,,,NVIDIA A100-SXM4-40GB MIG 4g.20gb (0),1,,13,cupy_copy__complex64_complex64
2877465084,84479,135157,1,1,1,32,32,1,30,0.000,0.000,,,,,NVIDIA A100-SXM4-40GB MIG 4g.20gb (0),1,,13,"void convert_kernel<__half2, float2>(tensor_layout_any, T1 *, tensor_layout_any, const T2 *)"
2877576827,5760,135160,,,,,,,,,,0.094,16266.656,Pinned,Device,NVIDIA A100-SXM4-40GB MIG 4g.20gb (0),1,,13,[CUDA memcpy Host-to-Device]
2877586491,598808,135161,,,,,,,,,,456.561,762001.043,Device,,NVIDIA A100-SXM4-40GB MIG 4g.20gb (0),1,,13,[CUDA memset]
2878192851,102367,135166,,,,,,,,,,1.235,12062.933,Pinned,Device,NVIDIA A100-SXM4-40GB MIG 4g.20gb (0),1,,13,[CUDA memcpy Host-to-Device]
2878302162,25280,135167,,,,,,,,,,0.197,7777.026,Pinned,Device,NVIDIA A100-SXM4-40GB MIG 4g.20gb (0),1,,13,[CUDA memcpy Host-to-Device]
2878341778,8319,135168,69,4,1,48,1,1,76,0.002,0.000,,,,,NVIDIA A100-SXM4-40GB MIG 4g.20gb (0),1,,13,"void ch_est::windowedChEstPreNoDftSOfdmKernel<float, __half, float, (unsigned int)2, (unsigned int)1, (unsigned short)4>(ch_est::puschRxChEstStatDescr_t *, ch_est::puschRxChEstDynDescr_t *)"
2878356785,7040,135169,137,2,1,24,2,1,44,0.001,0.001,,,,,NVIDIA A100-SXM4-40GB MIG 4g.20gb (0),1,,13,"void ch_est::chEstFilterNoDftSOfdmDispatchKernel<float, __half, float, (unsigned int)2>(ch_est::puschRxChEstStatDescr_t *, ch_est::puschRxChEstDynDescr_t *)"
2878371921,5376,135170,137,2,1,24,2,1,44,0.001,0.001,,,,,NVIDIA A100-SXM4-40GB MIG 4g.20gb (0),1,,13,"void ch_est::chEstFilterNoDftSOfdmDispatchKernel<float, __half, float, (unsigned int)2>(ch_est::puschRxChEstStatDescr_t *, ch_est::puschRxChEstDynDescr_t *)"
2878385777,3072,135181,103,1,1,128,1,1,16,0.000,0.000,,,,,NVIDIA A100-SXM4-40GB MIG 4g.20gb (0),1,,13,cupy_copy__complex64_complex64
2878400689,12672,135191,1434,1,1,128,1,1,16,0.000,0.000,,,,,NVIDIA A100-SXM4-40GB MIG 4g.20gb (0),1,,13,cupy_copy__complex64_complex64
2878416625,2912,135198,103,1,1,128,1,1,16,0.000,0.000,,,,,NVIDIA A100-SXM4-40GB MIG 4g.20gb (0),1,,13,cupy_copy__complex64_complex64
2878433872,88671,135205,1,1,1,32,32,1,30,0.000,0.000,,,,,NVIDIA A100-SXM4-40GB MIG 4g.20gb (0),1,,13,"void convert_kernel<__half2, float2>(tensor_layout_any, T1 *, tensor_layout_any, const T2 *)"
2878556815,23136,135208,,,,,,,,,,0.094,4049.729,Pinned,Device,NVIDIA A100-SXM4-40GB MIG 4g.20gb (0),1,,13,[CUDA memcpy Host-to-Device]
2878594862,47744,135209,,,,,,,,,,35.810,750038.774,Device,,NVIDIA A100-SXM4-40GB MIG 4g.20gb (0),1,,13,[CUDA memset]
2878649102,8192,135211,,,,,,,,,,0.000,9.766,Pinned,Device,NVIDIA A100-SXM4-40GB MIG 4g.20gb (0),1,,13,[CUDA memcpy Host-to-Device]
2878666126,22655,135212,,,,,,,,,,0.197,8678.277,Pinned,Device,NVIDIA A100-SXM4-40GB MIG 4g.20gb (0),1,,13,[CUDA memcpy Host-to-Device]
2878717389,9472,135213,273,1,1,48,1,1,40,0.000,0.001,,,,,NVIDIA A100-SXM4-40GB MIG 4g.20gb (0),1,,13,"void pusch_noise_intf_est::noiseIntfEstNoDftSOfdmKernel<float, __half, float, float, (unsigned int)2, (unsigned int)1, (unsigned char)4, (unsigned char)4>(pusch_noise_intf_est::puschRxNoiseIntfEstDynDescr)"
2878732685,2784,135224,35,1,1,128,1,1,16,0.000,0.000,,,,,NVIDIA A100-SXM4-40GB MIG 4g.20gb (0),1,,13,cupy_copy__complex64_complex64
2878747693,1664,135233,1,1,1,1,1,1,18,0.000,0.000,,,,,NVIDIA A100-SXM4-40GB MIG 4g.20gb (0),1,,13,cupy_copy__float32_float32
2878753996,7520,135239,,,,,,,,,,0.000,0.532,Device,Pageable,NVIDIA A100-SXM4-40GB MIG 4g.20gb (0),1,,7,[CUDA memcpy Device-to-Host]
2878835147,12992,135250,1434,1,1,128,1,1,16,0.000,0.000,,,,,NVIDIA A100-SXM4-40GB MIG 4g.20gb (0),1,,13,cupy_copy__complex64_complex64
2878869995,3040,135257,103,1,1,128,1,1,16,0.000,0.000,,,,,NVIDIA A100-SXM4-40GB MIG 4g.20gb (0),1,,13,cupy_copy__complex64_complex64
2878896939,2720,135264,35,1,1,128,1,1,16,0.000,0.000,,,,,NVIDIA A100-SXM4-40GB MIG 4g.20gb (0),1,,13,cupy_copy__complex64_complex64
2878909739,1920,135271,1,1,1,1,1,1,18,0.000,0.000,,,,,NVIDIA A100-SXM4-40GB MIG 4g.20gb (0),1,,13,cupy_copy__float32_float32
2879043753,88223,135282,1,1,1,32,32,1,30,0.000,0.000,,,,,NVIDIA A100-SXM4-40GB MIG 4g.20gb (0),1,,13,"void convert_kernel<__half2, float2>(tensor_layout_any, T1 *, tensor_layout_any, const T2 *)"
2879159847,5472,135285,,,,,,,,,,0.094,17122.757,Pinned,Device,NVIDIA A100-SXM4-40GB MIG 4g.20gb (0),1,,13,[CUDA memcpy Host-to-Device]
2879174215,2944,135286,,,,,,,,,,1.547,525346.414,Device,,NVIDIA A100-SXM4-40GB MIG 4g.20gb (0),1,,13,[CUDA memset]
2879181255,3168,135291,,,,,,,,,,0.031,9878.770,Pinned,Device,NVIDIA A100-SXM4-40GB MIG 4g.20gb (0),1,,13,[CUDA memcpy Host-to-Device]
2879187047,9760,135292,,,,,,,,,,0.197,20144.259,Pinned,Device,NVIDIA A100-SXM4-40GB MIG 4g.20gb (0),1,,13,[CUDA memcpy Host-to-Device]
2879203079,6304,135293,273,1,1,8,4,1,39,0.002,0.000,,,,,NVIDIA A100-SXM4-40GB MIG 4g.20gb (0),1,,13,"void channel_eq::eqMmseCoefCompLowMimoKernel<float, float, float, (unsigned int)4, (unsigned int)1, (unsigned int)4>(const channel_eq::_puschRxChEqStatDescr *, channel_eq::_puschRxChEqCoefCompDynDescr)"
2879210599,6016,135294,273,1,1,12,11,1,51,0.002,0.000,,,,,NVIDIA A100-SXM4-40GB MIG 4g.20gb (0),1,,13,"void channel_eq::eqMmseSoftDemapKernel<float, __half, __half, float, (unsigned int)4, (unsigned short)16383>(channel_eq::_puschRxChEqStatDescr *, channel_eq::_puschRxChEqSoftDemapDynDescr)"
2879217607,282780,135295,1,1,1,32,32,1,30,0.000,0.000,,,,,NVIDIA A100-SXM4-40GB MIG 4g.20gb (0),1,,13,"void convert_kernel<float2, __half2>(tensor_layout_any, T1 *, tensor_layout_any, const T2 *)"
2879501443,11008,135307,2253,1,1,128,1,1,16,0.000,0.000,,,,,NVIDIA A100-SXM4-40GB MIG 4g.20gb (0),1,,13,cupy_copy__float16_float16
2879517475,3008,135316,282,1,1,128,1,1,16,0.000,0.000,,,,,NVIDIA A100-SXM4-40GB MIG 4g.20gb (0),1,,13,cupy_copy__complex64_complex64
2879523459,2048,135325,26,1,1,128,1,1,16,0.000,0.000,,,,,NVIDIA A100-SXM4-40GB MIG 4g.20gb (0),1,,13,cupy_copy__float32_float32
2879529059,3008,135334,103,1,1,128,1,1,16,0.000,0.000,,,,,NVIDIA A100-SXM4-40GB MIG 4g.20gb (0),1,,13,cupy_copy__complex64_complex64
2879533507,12352,135344,1434,1,1,128,1,1,16,0.000,0.000,,,,,NVIDIA A100-SXM4-40GB MIG 4g.20gb (0),1,,13,cupy_copy__complex64_complex64
2879548323,81599,135349,1,1,1,32,32,1,30,0.000,0.000,,,,,NVIDIA A100-SXM4-40GB MIG 4g.20gb (0),1,,13,"void convert_kernel<__half2, float2>(tensor_layout_any, T1 *, tensor_layout_any, const T2 *)"
2879657409,5600,135352,,,,,,,,,,0.094,16731.388,Pinned,Device,NVIDIA A100-SXM4-40GB MIG 4g.20gb (0),1,,13,[CUDA memcpy Host-to-Device]
2879668225,597241,135353,,,,,,,,,,456.561,764283.851,Device,,NVIDIA A100-SXM4-40GB MIG 4g.20gb (0),1,,13,[CUDA memset]
2880274746,98270,135358,,,,,,,,,,1.235,12566.790,Pinned,Device,NVIDIA A100-SXM4-40GB MIG 4g.20gb (0),1,,13,[CUDA memcpy Host-to-Device]
2880383416,19040,135359,,,,,,,,,,0.197,10326.049,Pinned,Device,NVIDIA A100-SXM4-40GB MIG 4g.20gb (0),1,,13,[CUDA memcpy Host-to-Device]
2880420152,7776,135360,69,4,1,48,1,1,76,0.002,0.000,,,,,NVIDIA A100-SXM4-40GB MIG 4g.20gb (0),1,,13,"void ch_est::windowedChEstPreNoDftSOfdmKernel<float, __half, float, (unsigned int)2, (unsigned int)1, (unsigned short)4>(ch_est::puschRxChEstStatDescr_t *, ch_est::puschRxChEstDynDescr_t *)"
2880429528,7520,135361,137,2,1,24,2,1,44,0.001,0.001,,,,,NVIDIA A100-SXM4-40GB MIG 4g.20gb (0),1,,13,"void ch_est::chEstFilterNoDftSOfdmDispatchKernel<float, __half, float, (unsigned int)2>(ch_est::puschRxChEstStatDescr_t *, ch_est::puschRxChEstDynDescr_t *)"
2880445624,6815,135362,137,2,1,24,2,1,44,0.001,0.001,,,,,NVIDIA A100-SXM4-40GB MIG 4g.20gb (0),1,,13,"void ch_est::chEstFilterNoDftSOfdmDispatchKernel<float, __half, float, (unsigned int)2>(ch_est::puschRxChEstStatDescr_t *, ch_est::puschRxChEstDynDescr_t *)"
2880461719,2528,135373,103,1,1,128,1,1,16,0.000,0.000,,,,,NVIDIA A100-SXM4-40GB MIG 4g.20gb (0),1,,13,cupy_copy__complex64_complex64
2880471383,13024,135383,1434,1,1,128,1,1,16,0.000,0.000,,,,,NVIDIA A100-SXM4-40GB MIG 4g.20gb (0),1,,13,cupy_copy__complex64_complex64
2880486551,2624,135390,103,1,1,128,1,1,16,0.000,0.000,,,,,NVIDIA A100-SXM4-40GB MIG 4g.20gb (0),1,,13,cupy_copy__complex64_complex64
2880495863,89343,135397,1,1,1,32,32,1,30,0.000,0.000,,,,,NVIDIA A100-SXM4-40GB MIG 4g.20gb (0),1,,13,"void convert_kernel<__half2, float2>(tensor_layout_any, T1 *, tensor_layout_any, const T2 *)"
2880614037,10112,135400,,,,,,,,,,0.094,9265.785,Pinned,Device,NVIDIA A100-SXM4-40GB MIG 4g.20gb (0),1,,13,[CUDA memcpy Host-to-Device]
2880636341,46816,135401,,,,,,,,,,35.810,764899.891,Device,,NVIDIA A100-SXM4-40GB MIG 4g.20gb (0),1,,13,[CUDA memset]
2880688469,7103,135403,,,,,,,,,,0.000,11.263,Pinned,Device,NVIDIA A100-SXM4-40GB MIG 4g.20gb (0),1,,13,[CUDA memcpy Host-to-Device]
2880703380,14720,135404,,,,,,,,,,0.197,13356.368,Pinned,Device,NVIDIA A100-SXM4-40GB MIG 4g.20gb (0),1,,13,[CUDA memcpy Host-to-Device]
2880730580,9632,135405,273,1,1,48,1,1,40,0.000,0.001,,,,,NVIDIA A100-SXM4-40GB MIG 4g.20gb (0),1,,13,"void pusch_noise_intf_est::noiseIntfEstNoDftSOfdmKernel<float, __half, float, float, (unsigned int)2, (unsigned int)1, (unsigned char)4, (unsigned char)4>(pusch_noise_intf_est::puschRxNoiseIntfEstDynDescr)"
2880747444,2912,135416,35,1,1,128,1,1,16,0.000,0.000,,,,,NVIDIA A100-SXM4-40GB MIG 4g.20gb (0),1,,13,cupy_copy__complex64_complex64
2880757492,1728,135425,1,1,1,1,1,1,18,0.000,0.000,,,,,NVIDIA A100-SXM4-40GB MIG 4g.20gb (0),1,,13,cupy_copy__float32_float32
2880766644,6304,135431,,,,,,,,,,0.000,0.635,Device,Pageable,NVIDIA A100-SXM4-40GB MIG 4g.20gb (0),1,,7,[CUDA memcpy Device-to-Host]
2880847347,13247,135442,1434,1,1,128,1,1,16,0.000,0.000,,,,,NVIDIA A100-SXM4-40GB MIG 4g.20gb (0),1,,13,cupy_copy__complex64_complex64
2880875090,2720,135449,103,1,1,128,1,1,16,0.000,0.000,,,,,NVIDIA A100-SXM4-40GB MIG 4g.20gb (0),1,,13,cupy_copy__complex64_complex64
2880895922,2656,135456,35,1,1,128,1,1,16,0.000,0.000,,,,,NVIDIA A100-SXM4-40GB MIG 4g.20gb (0),1,,13,cupy_copy__complex64_complex64
2880909554,1952,135463,1,1,1,1,1,1,18,0.000,0.000,,,,,NVIDIA A100-SXM4-40GB MIG 4g.20gb (0),1,,13,cupy_copy__float32_float32
2881045744,87583,135474,1,1,1,32,32,1,30,0.000,0.000,,,,,NVIDIA A100-SXM4-40GB MIG 4g.20gb (0),1,,13,"void convert_kernel<__half2, float2>(tensor_layout_any, T1 *, tensor_layout_any, const T2 *)"
2881159983,5568,135477,,,,,,,,,,0.094,16827.521,Pinned,Device,NVIDIA A100-SXM4-40GB MIG 4g.20gb (0),1,,13,[CUDA memcpy Host-to-Device]
2881173775,3328,135478,,,,,,,,,,1.547,464729.580,Device,,NVIDIA A100-SXM4-40GB MIG 4g.20gb (0),1,,13,[CUDA memset]
2881180782,3552,135483,,,,,,,,,,0.031,8810.794,Pinned,Device,NVIDIA A100-SXM4-40GB MIG 4g.20gb (0),1,,13,[CUDA memcpy Host-to-Device]
2881186734,9920,135484,,,,,,,,,,0.197,19819.266,Pinned,Device,NVIDIA A100-SXM4-40GB MIG 4g.20gb (0),1,,13,[CUDA memcpy Host-to-Device]
2881200782,6464,135485,273,1,1,8,4,1,39,0.002,0.000,,,,,NVIDIA A100-SXM4-40GB MIG 4g.20gb (0),1,,13,"void channel_eq::eqMmseCoefCompLowMimoKernel<float, float, float, (unsigned int)4, (unsigned int)1, (unsigned int)4>(const channel_eq::_puschRxChEqStatDescr *, channel_eq::_puschRxChEqCoefCompDynDescr)"
2881208398,5952,135486,273,1,1,12,11,1,51,0.002,0.000,,,,,NVIDIA A100-SXM4-40GB MIG 4g.20gb (0),1,,13,"void channel_eq::eqMmseSoftDemapKernel<float, __half, __half, float, (unsigned int)4, (unsigned short)16383>(channel_eq::_puschRxChEqStatDescr *, channel_eq::_puschRxChEqSoftDemapDynDescr)"
2881215502,283325,135487,1,1,1,32,32,1,30,0.000,0.000,,,,,NVIDIA A100-SXM4-40GB MIG 4g.20gb (0),1,,13,"void convert_kernel<float2, __half2>(tensor_layout_any, T1 *, tensor_layout_any, const T2 *)"
2881499947,10623,135499,2253,1,1,128,1,1,16,0.000,0.000,,,,,NVIDIA A100-SXM4-40GB MIG 4g.20gb (0),1,,13,cupy_copy__float16_float16
2881513386,3328,135508,282,1,1,128,1,1,16,0.000,0.000,,,,,NVIDIA A100-SXM4-40GB MIG 4g.20gb (0),1,,13,cupy_copy__complex64_complex64
2881518314,2400,135517,26,1,1,128,1,1,16,0.000,0.000,,,,,NVIDIA A100-SXM4-40GB MIG 4g.20gb (0),1,,13,cupy_copy__float32_float32
2881522410,2912,135526,103,1,1,128,1,1,16,0.000,0.000,,,,,NVIDIA A100-SXM4-40GB MIG 4g.20gb (0),1,,13,cupy_copy__complex64_complex64
2881528138,12032,135536,1434,1,1,128,1,1,16,0.000,0.000,,,,,NVIDIA A100-SXM4-40GB MIG 4g.20gb (0),1,,13,cupy_copy__complex64_complex64
2881546666,82303,135541,1,1,1,32,32,1,30,0.000,0.000,,,,,NVIDIA A100-SXM4-40GB MIG 4g.20gb (0),1,,13,"void convert_kernel<__half2, float2>(tensor_layout_any, T1 *, tensor_layout_any, const T2 *)"
2881655721,5472,135544,,,,,,,,,,0.094,17122.757,Pinned,Device,NVIDIA A100-SXM4-40GB MIG 4g.20gb (0),1,,13,[CUDA memcpy Host-to-Device]
2881666120,596473,135545,,,,,,,,,,456.561,765196.973,Device,,NVIDIA A100-SXM4-40GB MIG 4g.20gb (0),1,,13,[CUDA memset]
2882272001,153534,135550,,,,,,,,,,1.235,8043.190,Pinned,Device,NVIDIA A100-SXM4-40GB MIG 4g.20gb (0),1,,13,[CUDA memcpy Host-to-Device]
2882436863,36991,135551,,,,,,,,,,0.197,5314.904,Pinned,Device,NVIDIA A100-SXM4-40GB MIG 4g.20gb (0),1,,13,[CUDA memcpy Host-to-Device]
2882491262,8480,135552,69,4,1,48,1,1,76,0.002,0.000,,,,,NVIDIA A100-SXM4-40GB MIG 4g.20gb (0),1,,13,"void ch_est::windowedChEstPreNoDftSOfdmKernel<float, __half, float, (unsigned int)2, (unsigned int)1, (unsigned short)4>(ch_est::puschRxChEstStatDescr_t *, ch_est::puschRxChEstDynDescr_t *)"
2882505822,6496,135553,137,2,1,24,2,1,44,0.001,0.001,,,,,NVIDIA A100-SXM4-40GB MIG 4g.20gb (0),1,,13,"void ch_est::chEstFilterNoDftSOfdmDispatchKernel<float, __half, float, (unsigned int)2>(ch_est::puschRxChEstStatDescr_t *, ch_est::puschRxChEstDynDescr_t *)"
2882514366,4768,135554,137,2,1,24,2,1,44,0.001,0.001,,,,,NVIDIA A100-SXM4-40GB MIG 4g.20gb (0),1,,13,"void ch_est::chEstFilterNoDftSOfdmDispatchKernel<float, __half, float, (unsigned int)2>(ch_est::puschRxChEstStatDescr_t *, ch_est::puschRxChEstDynDescr_t *)"
2882526782,2752,135565,103,1,1,128,1,1,16,0.000,0.000,,,,,NVIDIA A100-SXM4-40GB MIG 4g.20gb (0),1,,13,cupy_copy__complex64_complex64
2882535006,12576,135575,1434,1,1,128,1,1,16,0.000,0.000,,,,,NVIDIA A100-SXM4-40GB MIG 4g.20gb (0),1,,13,cupy_copy__complex64_complex64
2882548894,2624,135582,103,1,1,128,1,1,16,0.000,0.000,,,,,NVIDIA A100-SXM4-40GB MIG 4g.20gb (0),1,,13,cupy_copy__complex64_complex64
2882561245,84063,135589,1,1,1,32,32,1,30,0.000,0.000,,,,,NVIDIA A100-SXM4-40GB MIG 4g.20gb (0),1,,13,"void convert_kernel<__half2, float2>(tensor_layout_any, T1 *, tensor_layout_any, const T2 *)"
2882671804,5856,135592,,,,,,,,,,0.094,15999.997,Pinned,Device,NVIDIA A100-SXM4-40GB MIG 4g.20gb (0),1,,13,[CUDA memcpy Host-to-Device]
2882684220,46559,135593,,,,,,,,,,35.810,769125.462,Device,,NVIDIA A100-SXM4-40GB MIG 4g.20gb (0),1,,13,[CUDA memset]
2882735963,3392,135595,,,,,,,,,,0.000,23.585,Pinned,Device,NVIDIA A100-SXM4-40GB MIG 4g.20gb (0),1,,13,[CUDA memcpy Host-to-Device]
2882743995,13344,135596,,,,,,,,,,0.197,14733.804,Pinned,Device,NVIDIA A100-SXM4-40GB MIG 4g.20gb (0),1,,13,[CUDA memcpy Host-to-Device]
2882766459,12128,135597,273,1,1,48,1,1,40,0.000,0.001,,,,,NVIDIA A100-SXM4-40GB MIG 4g.20gb (0),1,,13,"void pusch_noise_intf_est::noiseIntfEstNoDftSOfdmKernel<float, __half, float, float, (unsigned int)2, (unsigned int)1, (unsigned char)4, (unsigned char)4>(pusch_noise_intf_est::puschRxNoiseIntfEstDynDescr)"
2882785115,3264,135608,35,1,1,128,1,1,16,0.000,0.000,,,,,NVIDIA A100-SXM4-40GB MIG 4g.20gb (0),1,,13,cupy_copy__complex64_complex64
2882794235,2079,135617,1,1,1,1,1,1,18,0.000,0.000,,,,,NVIDIA A100-SXM4-40GB MIG 4g.20gb (0),1,,13,cupy_copy__float32_float32
2882822458,1568,135623,,,,,,,,,,0.000,2.551,Device,Pageable,NVIDIA A100-SXM4-40GB MIG 4g.20gb (0),1,,7,[CUDA memcpy Device-to-Host]
2882891289,13056,135634,1434,1,1,128,1,1,16,0.000,0.000,,,,,NVIDIA A100-SXM4-40GB MIG 4g.20gb (0),1,,13,cupy_copy__complex64_complex64
2882919289,3360,135641,103,1,1,128,1,1,16,0.000,0.000,,,,,NVIDIA A100-SXM4-40GB MIG 4g.20gb (0),1,,13,cupy_copy__complex64_complex64
2882940889,2336,135648,35,1,1,128,1,1,16,0.000,0.000,,,,,NVIDIA A100-SXM4-40GB MIG 4g.20gb (0),1,,13,cupy_copy__complex64_complex64
2882963416,1952,135655,1,1,1,1,1,1,18,0.000,0.000,,,,,NVIDIA A100-SXM4-40GB MIG 4g.20gb (0),1,,13,cupy_copy__float32_float32
2883094135,90815,135666,1,1,1,32,32,1,30,0.000,0.000,,,,,NVIDIA A100-SXM4-40GB MIG 4g.20gb (0),1,,13,"void convert_kernel<__half2, float2>(tensor_layout_any, T1 *, tensor_layout_any, const T2 *)"
2883213205,5632,135669,,,,,,,,,,0.094,16636.287,Pinned,Device,NVIDIA A100-SXM4-40GB MIG 4g.20gb (0),1,,13,[CUDA memcpy Host-to-Device]
2883227957,3360,135670,,,,,,,,,,1.547,460304.688,Device,,NVIDIA A100-SXM4-40GB MIG 4g.20gb (0),1,,13,[CUDA memset]
2883235221,3328,135675,,,,,,,,,,0.031,9403.822,Pinned,Device,NVIDIA A100-SXM4-40GB MIG 4g.20gb (0),1,,13,[CUDA memcpy Host-to-Device]
2883241013,9472,135676,,,,,,,,,,0.197,20756.693,Pinned,Device,NVIDIA A100-SXM4-40GB MIG 4g.20gb (0),1,,13,[CUDA memcpy Host-to-Device]
2883254613,6272,135677,273,1,1,8,4,1,39,0.002,0.000,,,,,NVIDIA A100-SXM4-40GB MIG 4g.20gb (0),1,,13,"void channel_eq::eqMmseCoefCompLowMimoKernel<float, float, float, (unsigned int)4, (unsigned int)1, (unsigned int)4>(const channel_eq::_puschRxChEqStatDescr *, channel_eq::_puschRxChEqCoefCompDynDescr)"
2883261877,6144,135678,273,1,1,12,11,1,51,0.002,0.000,,,,,NVIDIA A100-SXM4-40GB MIG 4g.20gb (0),1,,13,"void channel_eq::eqMmseSoftDemapKernel<float, __half, __half, float, (unsigned int)4, (unsigned short)16383>(channel_eq::_puschRxChEqStatDescr *, channel_eq::_puschRxChEqSoftDemapDynDescr)"
2883269141,282972,135679,1,1,1,32,32,1,30,0.000,0.000,,,,,NVIDIA A100-SXM4-40GB MIG 4g.20gb (0),1,,13,"void convert_kernel<float2, __half2>(tensor_layout_any, T1 *, tensor_layout_any, const T2 *)"
2883555473,10880,135691,2253,1,1,128,1,1,16,0.000,0.000,,,,,NVIDIA A100-SXM4-40GB MIG 4g.20gb (0),1,,13,cupy_copy__float16_float16
2883569937,2944,135700,282,1,1,128,1,1,16,0.000,0.000,,,,,NVIDIA A100-SXM4-40GB MIG 4g.20gb (0),1,,13,cupy_copy__complex64_complex64
2883576113,2016,135709,26,1,1,128,1,1,16,0.000,0.000,,,,,NVIDIA A100-SXM4-40GB MIG 4g.20gb (0),1,,13,cupy_copy__float32_float32
2883579953,4224,135718,103,1,1,128,1,1,16,0.000,0.000,,,,,NVIDIA A100-SXM4-40GB MIG 4g.20gb (0),1,,13,cupy_copy__complex64_complex64
2883587633,12320,135728,1434,1,1,128,1,1,16,0.000,0.000,,,,,NVIDIA A100-SXM4-40GB MIG 4g.20gb (0),1,,13,cupy_copy__complex64_complex64
2883604497,81630,135733,1,1,1,32,32,1,30,0.000,0.000,,,,,NVIDIA A100-SXM4-40GB MIG 4g.20gb (0),1,,13,"void convert_kernel<__half2, float2>(tensor_layout_any, T1 *, tensor_layout_any, const T2 *)"
2883712815,5472,135736,,,,,,,,,,0.094,17122.757,Pinned,Device,NVIDIA A100-SXM4-40GB MIG 4g.20gb (0),1,,13,[CUDA memcpy Host-to-Device]
2883722639,595705,135737,,,,,,,,,,456.561,766110.096,Device,,NVIDIA A100-SXM4-40GB MIG 4g.20gb (0),1,,13,[CUDA memset]
2884324360,155102,135742,,,,,,,,,,1.235,7961.684,Pinned,Device,NVIDIA A100-SXM4-40GB MIG 4g.20gb (0),1,,13,[CUDA memcpy Host-to-Device]
2884494565,42432,135743,,,,,,,,,,0.197,4633.461,Pinned,Device,NVIDIA A100-SXM4-40GB MIG 4g.20gb (0),1,,13,[CUDA memcpy Host-to-Device]
2884563109,7936,135744,69,4,1,48,1,1,76,0.002,0.000,,,,,NVIDIA A100-SXM4-40GB MIG 4g.20gb (0),1,,13,"void ch_est::windowedChEstPreNoDftSOfdmKernel<float, __half, float, (unsigned int)2, (unsigned int)1, (unsigned short)4>(ch_est::puschRxChEstStatDescr_t *, ch_est::puschRxChEstDynDescr_t *)"
2884582212,6560,135745,137,2,1,24,2,1,44,0.001,0.001,,,,,NVIDIA A100-SXM4-40GB MIG 4g.20gb (0),1,,13,"void ch_est::chEstFilterNoDftSOfdmDispatchKernel<float, __half, float, (unsigned int)2>(ch_est::puschRxChEstStatDescr_t *, ch_est::puschRxChEstDynDescr_t *)"
2884599812,4768,135746,137,2,1,24,2,1,44,0.001,0.001,,,,,NVIDIA A100-SXM4-40GB MIG 4g.20gb (0),1,,13,"void ch_est::chEstFilterNoDftSOfdmDispatchKernel<float, __half, float, (unsigned int)2>(ch_est::puschRxChEstStatDescr_t *, ch_est::puschRxChEstDynDescr_t *)"
2884616196,2624,135757,103,1,1,128,1,1,16,0.000,0.000,,,,,NVIDIA A100-SXM4-40GB MIG 4g.20gb (0),1,,13,cupy_copy__complex64_complex64
2884631812,12768,135767,1434,1,1,128,1,1,16,0.000,0.000,,,,,NVIDIA A100-SXM4-40GB MIG 4g.20gb (0),1,,13,cupy_copy__complex64_complex64
2884654180,2911,135774,103,1,1,128,1,1,16,0.000,0.000,,,,,NVIDIA A100-SXM4-40GB MIG 4g.20gb (0),1,,13,cupy_copy__complex64_complex64
2884677187,85919,135781,1,1,1,32,32,1,30,0.000,0.000,,,,,NVIDIA A100-SXM4-40GB MIG 4g.20gb (0),1,,13,"void convert_kernel<__half2, float2>(tensor_layout_any, T1 *, tensor_layout_any, const T2 *)"
2884791618,14592,135784,,,,,,,,,,0.094,6420.987,Pinned,Device,NVIDIA A100-SXM4-40GB MIG 4g.20gb (0),1,,13,[CUDA memcpy Host-to-Device]
2884817346,46975,135785,,,,,,,,,,35.810,762285.767,Device,,NVIDIA A100-SXM4-40GB MIG 4g.20gb (0),1,,13,[CUDA memset]
2884865409,4288,135787,,,,,,,,,,0.000,18.657,Pinned,Device,NVIDIA A100-SXM4-40GB MIG 4g.20gb (0),1,,13,[CUDA memcpy Host-to-Device]
2884873441,11680,135788,,,,,,,,,,0.197,16832.791,Pinned,Device,NVIDIA A100-SXM4-40GB MIG 4g.20gb (0),1,,13,[CUDA memcpy Host-to-Device]
2884893089,11007,135789,273,1,1,48,1,1,40,0.000,0.001,,,,,NVIDIA A100-SXM4-40GB MIG 4g.20gb (0),1,,13,"void pusch_noise_intf_est::noiseIntfEstNoDftSOfdmKernel<float, __half, float, float, (unsigned int)2, (unsigned int)1, (unsigned char)4, (unsigned char)4>(pusch_noise_intf_est::puschRxNoiseIntfEstDynDescr)"
2884906784,2784,135800,35,1,1,128,1,1,16,0.000,0.000,,,,,NVIDIA A100-SXM4-40GB MIG 4g.20gb (0),1,,13,cupy_copy__complex64_complex64
2884912064,1888,135809,1,1,1,1,1,1,18,0.000,0.000,,,,,NVIDIA A100-SXM4-40GB MIG 4g.20gb (0),1,,13,cupy_copy__float32_float32
2884942176,1568,135815,,,,,,,,,,0.000,2.551,Device,Pageable,NVIDIA A100-SXM4-40GB MIG 4g.20gb (0),1,,7,[CUDA memcpy Device-to-Host]
2885002367,12928,135826,1434,1,1,128,1,1,16,0.000,0.000,,,,,NVIDIA A100-SXM4-40GB MIG 4g.20gb (0),1,,13,cupy_copy__complex64_complex64
2885028863,2976,135833,103,1,1,128,1,1,16,0.000,0.000,,,,,NVIDIA A100-SXM4-40GB MIG 4g.20gb (0),1,,13,cupy_copy__complex64_complex64
2885055295,2720,135840,35,1,1,128,1,1,16,0.000,0.000,,,,,NVIDIA A100-SXM4-40GB MIG 4g.20gb (0),1,,13,cupy_copy__complex64_complex64
2885072030,1760,135847,1,1,1,1,1,1,18,0.000,0.000,,,,,NVIDIA A100-SXM4-40GB MIG 4g.20gb (0),1,,13,cupy_copy__float32_float32
2885205501,81663,135858,1,1,1,32,32,1,30,0.000,0.000,,,,,NVIDIA A100-SXM4-40GB MIG 4g.20gb (0),1,,13,"void convert_kernel<__half2, float2>(tensor_layout_any, T1 *, tensor_layout_any, const T2 *)"
2885315995,5856,135861,,,,,,,,,,0.094,15999.997,Pinned,Device,NVIDIA A100-SXM4-40GB MIG 4g.20gb (0),1,,13,[CUDA memcpy Host-to-Device]
2885330011,3296,135862,,,,,,,,,,1.547,469242.628,Device,,NVIDIA A100-SXM4-40GB MIG 4g.20gb (0),1,,13,[CUDA memset]
2885336443,3680,135867,,,,,,,,,,0.031,8504.344,Pinned,Device,NVIDIA A100-SXM4-40GB MIG 4g.20gb (0),1,,13,[CUDA memcpy Host-to-Device]
2885343035,9568,135868,,,,,,,,,,0.197,20548.485,Pinned,Device,NVIDIA A100-SXM4-40GB MIG 4g.20gb (0),1,,13,[CUDA memcpy Host-to-Device]
2885359355,6592,135869,273,1,1,8,4,1,39,0.002,0.000,,,,,NVIDIA A100-SXM4-40GB MIG 4g.20gb (0),1,,13,"void channel_eq::eqMmseCoefCompLowMimoKernel<float, float, float, (unsigned int)4, (unsigned int)1, (unsigned int)4>(const channel_eq::_puschRxChEqStatDescr *, channel_eq::_puschRxChEqCoefCompDynDescr)"
2885366907,6368,135870,273,1,1,12,11,1,51,0.002,0.000,,,,,NVIDIA A100-SXM4-40GB MIG 4g.20gb (0),1,,13,"void channel_eq::eqMmseSoftDemapKernel<float, __half, __half, float, (unsigned int)4, (unsigned short)16383>(channel_eq::_puschRxChEqStatDescr *, channel_eq::_puschRxChEqSoftDemapDynDescr)"
2885374299,282684,135871,1,1,1,32,32,1,30,0.000,0.000,,,,,NVIDIA A100-SXM4-40GB MIG 4g.20gb (0),1,,13,"void convert_kernel<float2, __half2>(tensor_layout_any, T1 *, tensor_layout_any, const T2 *)"
2885660247,10880,135883,2253,1,1,128,1,1,16,0.000,0.000,,,,,NVIDIA A100-SXM4-40GB MIG 4g.20gb (0),1,,13,cupy_copy__float16_float16
2885673399,2976,135892,282,1,1,128,1,1,16,0.000,0.000,,,,,NVIDIA A100-SXM4-40GB MIG 4g.20gb (0),1,,13,cupy_copy__complex64_complex64
2885678263,2368,135901,26,1,1,128,1,1,16,0.000,0.000,,,,,NVIDIA A100-SXM4-40GB MIG 4g.20gb (0),1,,13,cupy_copy__float32_float32
2885682231,2752,135910,103,1,1,128,1,1,16,0.000,0.000,,,,,NVIDIA A100-SXM4-40GB MIG 4g.20gb (0),1,,13,cupy_copy__complex64_complex64
2885687831,12128,135920,1434,1,1,128,1,1,16,0.000,0.000,,,,,NVIDIA A100-SXM4-40GB MIG 4g.20gb (0),1,,13,cupy_copy__complex64_complex64
2885706199,82654,135925,1,1,1,32,32,1,30,0.000,0.000,,,,,NVIDIA A100-SXM4-40GB MIG 4g.20gb (0),1,,13,"void convert_kernel<__half2, float2>(tensor_layout_any, T1 *, tensor_layout_any, const T2 *)"
2885815733,5824,135928,,,,,,,,,,0.094,16087.884,Pinned,Device,NVIDIA A100-SXM4-40GB MIG 4g.20gb (0),1,,13,[CUDA memcpy Host-to-Device]
2885827925,599097,135929,,,,,,,,,,456.561,762001.043,Device,,NVIDIA A100-SXM4-40GB MIG 4g.20gb (0),1,,13,[CUDA memset]
2886434062,155422,135934,,,,,,,,,,1.235,7945.630,Pinned,Device,NVIDIA A100-SXM4-40GB MIG 4g.20gb (0),1,,13,[CUDA memcpy Host-to-Device]
2886603019,41184,135935,,,,,,,,,,0.197,4773.839,Pinned,Device,NVIDIA A100-SXM4-40GB MIG 4g.20gb (0),1,,13,[CUDA memcpy Host-to-Device]
2886665931,7744,135936,69,4,1,48,1,1,76,0.002,0.000,,,,,NVIDIA A100-SXM4-40GB MIG 4g.20gb (0),1,,13,"void ch_est::windowedChEstPreNoDftSOfdmKernel<float, __half, float, (unsigned int)2, (unsigned int)1, (unsigned short)4>(ch_est::puschRxChEstStatDescr_t *, ch_est::puschRxChEstDynDescr_t *)"
2886685194,6752,135937,137,2,1,24,2,1,44,0.001,0.001,,,,,NVIDIA A100-SXM4-40GB MIG 4g.20gb (0),1,,13,"void ch_est::chEstFilterNoDftSOfdmDispatchKernel<float, __half, float, (unsigned int)2>(ch_est::puschRxChEstStatDescr_t *, ch_est::puschRxChEstDynDescr_t *)"
2886702538,4736,135938,137,2,1,24,2,1,44,0.001,0.001,,,,,NVIDIA A100-SXM4-40GB MIG 4g.20gb (0),1,,13,"void ch_est::chEstFilterNoDftSOfdmDispatchKernel<float, __half, float, (unsigned int)2>(ch_est::puschRxChEstStatDescr_t *, ch_est::puschRxChEstDynDescr_t *)"
2886721770,2656,135949,103,1,1,128,1,1,16,0.000,0.000,,,,,NVIDIA A100-SXM4-40GB MIG 4g.20gb (0),1,,13,cupy_copy__complex64_complex64
2886738122,12416,135959,1434,1,1,128,1,1,16,0.000,0.000,,,,,NVIDIA A100-SXM4-40GB MIG 4g.20gb (0),1,,13,cupy_copy__complex64_complex64
2886761097,2592,135966,103,1,1,128,1,1,16,0.000,0.000,,,,,NVIDIA A100-SXM4-40GB MIG 4g.20gb (0),1,,13,cupy_copy__complex64_complex64
2886780233,90815,135973,1,1,1,32,32,1,30,0.000,0.000,,,,,NVIDIA A100-SXM4-40GB MIG 4g.20gb (0),1,,13,"void convert_kernel<__half2, float2>(tensor_layout_any, T1 *, tensor_layout_any, const T2 *)"
2886903880,25791,135976,,,,,,,,,,0.094,3632.875,Pinned,Device,NVIDIA A100-SXM4-40GB MIG 4g.20gb (0),1,,13,[CUDA memcpy Host-to-Device]
2886946279,46784,135977,,,,,,,,,,35.810,765401.230,Device,,NVIDIA A100-SXM4-40GB MIG 4g.20gb (0),1,,13,[CUDA memset]
2886997415,17695,135979,,,,,,,,,,0.000,4.521,Pinned,Device,NVIDIA A100-SXM4-40GB MIG 4g.20gb (0),1,,13,[CUDA memcpy Host-to-Device]
2887025734,31424,135980,,,,,,,,,,0.197,6256.460,Pinned,Device,NVIDIA A100-SXM4-40GB MIG 4g.20gb (0),1,,13,[CUDA memcpy Host-to-Device]
2887090821,10080,135981,273,1,1,48,1,1,40,0.000,0.001,,,,,NVIDIA A100-SXM4-40GB MIG 4g.20gb (0),1,,13,"void pusch_noise_intf_est::noiseIntfEstNoDftSOfdmKernel<float, __half, float, float, (unsigned int)2, (unsigned int)1, (unsigned char)4, (unsigned char)4>(pusch_noise_intf_est::puschRxNoiseIntfEstDynDescr)"
2887107237,2720,135992,35,1,1,128,1,1,16,0.000,0.000,,,,,NVIDIA A100-SXM4-40GB MIG 4g.20gb (0),1,,13,cupy_copy__complex64_complex64
2887123173,1728,136001,1,1,1,1,1,1,18,0.000,0.000,,,,,NVIDIA A100-SXM4-40GB MIG 4g.20gb (0),1,,13,cupy_copy__float32_float32
2887126821,7872,136007,,,,,,,,,,0.000,0.508,Device,Pageable,NVIDIA A100-SXM4-40GB MIG 4g.20gb (0),1,,7,[CUDA memcpy Device-to-Host]
2887215364,12992,136018,1434,1,1,128,1,1,16,0.000,0.000,,,,,NVIDIA A100-SXM4-40GB MIG 4g.20gb (0),1,,13,cupy_copy__complex64_complex64
2887242980,3423,136025,103,1,1,128,1,1,16,0.000,0.000,,,,,NVIDIA A100-SXM4-40GB MIG 4g.20gb (0),1,,13,cupy_copy__complex64_complex64
2887266275,2432,136032,35,1,1,128,1,1,16,0.000,0.000,,,,,NVIDIA A100-SXM4-40GB MIG 4g.20gb (0),1,,13,cupy_copy__complex64_complex64
2887286531,2144,136039,1,1,1,1,1,1,18,0.000,0.000,,,,,NVIDIA A100-SXM4-40GB MIG 4g.20gb (0),1,,13,cupy_copy__float32_float32
2887410529,83103,136050,1,1,1,32,32,1,30,0.000,0.000,,,,,NVIDIA A100-SXM4-40GB MIG 4g.20gb (0),1,,13,"void convert_kernel<__half2, float2>(tensor_layout_any, T1 *, tensor_layout_any, const T2 *)"
2887521632,5824,136053,,,,,,,,,,0.094,16087.884,Pinned,Device,NVIDIA A100-SXM4-40GB MIG 4g.20gb (0),1,,13,[CUDA memcpy Host-to-Device]
2887538560,3392,136054,,,,,,,,,,1.547,455961.768,Device,,NVIDIA A100-SXM4-40GB MIG 4g.20gb (0),1,,13,[CUDA memset]
2887542304,3936,136059,,,,,,,,,,0.031,7951.218,Pinned,Device,NVIDIA A100-SXM4-40GB MIG 4g.20gb (0),1,,13,[CUDA memcpy Host-to-Device]
2887548672,9792,136060,,,,,,,,,,0.197,20078.395,Pinned,Device,NVIDIA A100-SXM4-40GB MIG 4g.20gb (0),1,,13,[CUDA memcpy Host-to-Device]
2887564128,6367,136061,273,1,1,8,4,1,39,0.002,0.000,,,,,NVIDIA A100-SXM4-40GB MIG 4g.20gb (0),1,,13,"void channel_eq::eqMmseCoefCompLowMimoKernel<float, float, float, (unsigned int)4, (unsigned int)1, (unsigned int)4>(const channel_eq::_puschRxChEqStatDescr *, channel_eq::_puschRxChEqCoefCompDynDescr)"
2887573439,5792,136062,273,1,1,12,11,1,51,0.002,0.000,,,,,NVIDIA A100-SXM4-40GB MIG 4g.20gb (0),1,,13,"void channel_eq::eqMmseSoftDemapKernel<float, __half, __half, float, (unsigned int)4, (unsigned short)16383>(channel_eq::_puschRxChEqStatDescr *, channel_eq::_puschRxChEqSoftDemapDynDescr)"
2887580895,300029,136063,1,1,1,32,32,1,30,0.000,0.000,,,,,NVIDIA A100-SXM4-40GB MIG 4g.20gb (0),1,,13,"void convert_kernel<float2, __half2>(tensor_layout_any, T1 *, tensor_layout_any, const T2 *)"
2887881884,11039,136075,2253,1,1,128,1,1,16,0.000,0.000,,,,,NVIDIA A100-SXM4-40GB MIG 4g.20gb (0),1,,13,cupy_copy__float16_float16
2887896923,2848,136084,282,1,1,128,1,1,16,0.000,0.000,,,,,NVIDIA A100-SXM4-40GB MIG 4g.20gb (0),1,,13,cupy_copy__complex64_complex64
2887903067,2016,136093,26,1,1,128,1,1,16,0.000,0.000,,,,,NVIDIA A100-SXM4-40GB MIG 4g.20gb (0),1,,13,cupy_copy__float32_float32
2887908411,3200,136102,103,1,1,128,1,1,16,0.000,0.000,,,,,NVIDIA A100-SXM4-40GB MIG 4g.20gb (0),1,,13,cupy_copy__complex64_complex64
2887914779,12704,136112,1434,1,1,128,1,1,16,0.000,0.000,,,,,NVIDIA A100-SXM4-40GB MIG 4g.20gb (0),1,,13,cupy_copy__complex64_complex64
2887932379,82687,136117,1,1,1,32,32,1,30,0.000,0.000,,,,,NVIDIA A100-SXM4-40GB MIG 4g.20gb (0),1,,13,"void convert_kernel<__half2, float2>(tensor_layout_any, T1 *, tensor_layout_any, const T2 *)"
2888043098,5440,136120,,,,,,,,,,0.094,17223.480,Pinned,Device,NVIDIA A100-SXM4-40GB MIG 4g.20gb (0),1,,13,[CUDA memcpy Host-to-Device]
2888052890,598264,136121,,,,,,,,,,456.561,762914.166,Device,,NVIDIA A100-SXM4-40GB MIG 4g.20gb (0),1,,13,[CUDA memset]
2888656978,159966,136126,,,,,,,,,,1.235,7719.635,Pinned,Device,NVIDIA A100-SXM4-40GB MIG 4g.20gb (0),1,,13,[CUDA memcpy Host-to-Device]
2888825328,33344,136127,,,,,,,,,,0.197,5896.274,Pinned,Device,NVIDIA A100-SXM4-40GB MIG 4g.20gb (0),1,,13,[CUDA memcpy Host-to-Device]
2888878383,8256,136128,69,4,1,48,1,1,76,0.002,0.000,,,,,NVIDIA A100-SXM4-40GB MIG 4g.20gb (0),1,,13,"void ch_est::windowedChEstPreNoDftSOfdmKernel<float, __half, float, (unsigned int)2, (unsigned int)1, (unsigned short)4>(ch_est::puschRxChEstStatDescr_t *, ch_est::puschRxChEstDynDescr_t *)"
2888894159,6944,136129,137,2,1,24,2,1,44,0.001,0.001,,,,,NVIDIA A100-SXM4-40GB MIG 4g.20gb (0),1,,13,"void ch_est::chEstFilterNoDftSOfdmDispatchKernel<float, __half, float, (unsigned int)2>(ch_est::puschRxChEstStatDescr_t *, ch_est::puschRxChEstDynDescr_t *)"
2888918671,4768,136130,137,2,1,24,2,1,44,0.001,0.001,,,,,NVIDIA A100-SXM4-40GB MIG 4g.20gb (0),1,,13,"void ch_est::chEstFilterNoDftSOfdmDispatchKernel<float, __half, float, (unsigned int)2>(ch_est::puschRxChEstStatDescr_t *, ch_est::puschRxChEstDynDescr_t *)"
2888935183,2528,136141,103,1,1,128,1,1,16,0.000,0.000,,,,,NVIDIA A100-SXM4-40GB MIG 4g.20gb (0),1,,13,cupy_copy__complex64_complex64
2888954030,12384,136151,1434,1,1,128,1,1,16,0.000,0.000,,,,,NVIDIA A100-SXM4-40GB MIG 4g.20gb (0),1,,13,cupy_copy__complex64_complex64
2888982286,2496,136158,103,1,1,128,1,1,16,0.000,0.000,,,,,NVIDIA A100-SXM4-40GB MIG 4g.20gb (0),1,,13,cupy_copy__complex64_complex64
2888999982,83647,136165,1,1,1,32,32,1,30,0.000,0.000,,,,,NVIDIA A100-SXM4-40GB MIG 4g.20gb (0),1,,13,"void convert_kernel<__half2, float2>(tensor_layout_any, T1 *, tensor_layout_any, const T2 *)"
2889115788,17312,136168,,,,,,,,,,0.094,5412.162,Pinned,Device,NVIDIA A100-SXM4-40GB MIG 4g.20gb (0),1,,13,[CUDA memcpy Host-to-Device]
2889160940,47551,136169,,,,,,,,,,35.810,753082.618,Device,,NVIDIA A100-SXM4-40GB MIG 4g.20gb (0),1,,13,[CUDA memset]
2889209803,12160,136171,,,,,,,,,,0.000,6.579,Pinned,Device,NVIDIA A100-SXM4-40GB MIG 4g.20gb (0),1,,13,[CUDA memcpy Host-to-Device]
2889229195,28928,136172,,,,,,,,,,0.197,6796.345,Pinned,Device,NVIDIA A100-SXM4-40GB MIG 4g.20gb (0),1,,13,[CUDA memcpy Host-to-Device]
2889278474,9504,136173,273,1,1,48,1,1,40,0.000,0.001,,,,,NVIDIA A100-SXM4-40GB MIG 4g.20gb (0),1,,13,"void pusch_noise_intf_est::noiseIntfEstNoDftSOfdmKernel<float, __half, float, float, (unsigned int)2, (unsigned int)1, (unsigned char)4, (unsigned char)4>(pusch_noise_intf_est::puschRxNoiseIntfEstDynDescr)"
2889295242,2816,136184,35,1,1,128,1,1,16,0.000,0.000,,,,,NVIDIA A100-SXM4-40GB MIG 4g.20gb (0),1,,13,cupy_copy__complex64_complex64
2889311882,1664,136193,1,1,1,1,1,1,18,0.000,0.000,,,,,NVIDIA A100-SXM4-40GB MIG 4g.20gb (0),1,,13,cupy_copy__float32_float32
2889314378,8608,136199,,,,,,,,,,0.000,0.465,Device,Pageable,NVIDIA A100-SXM4-40GB MIG 4g.20gb (0),1,,7,[CUDA memcpy Device-to-Host]
2889405065,12448,136210,1434,1,1,128,1,1,16,0.000,0.000,,,,,NVIDIA A100-SXM4-40GB MIG 4g.20gb (0),1,,13,cupy_copy__complex64_complex64
2889445096,2848,136217,103,1,1,128,1,1,16,0.000,0.000,,,,,NVIDIA A100-SXM4-40GB MIG 4g.20gb (0),1,,13,cupy_copy__complex64_complex64
2889461352,2144,136224,35,1,1,128,1,1,16,0.000,0.000,,,,,NVIDIA A100-SXM4-40GB MIG 4g.20gb (0),1,,13,cupy_copy__complex64_complex64
2889465192,1856,136231,1,1,1,1,1,1,18,0.000,0.000,,,,,NVIDIA A100-SXM4-40GB MIG 4g.20gb (0),1,,13,cupy_copy__float32_float32
2889608550,86431,136242,1,1,1,32,32,1,30,0.000,0.000,,,,,NVIDIA A100-SXM4-40GB MIG 4g.20gb (0),1,,13,"void convert_kernel<__half2, float2>(tensor_layout_any, T1 *, tensor_layout_any, const T2 *)"
2889723013,13472,136245,,,,,,,,,,0.094,6954.867,Pinned,Device,NVIDIA A100-SXM4-40GB MIG 4g.20gb (0),1,,13,[CUDA memcpy Host-to-Device]
2889744869,3520,136246,,,,,,,,,,1.547,439380.412,Device,,NVIDIA A100-SXM4-40GB MIG 4g.20gb (0),1,,13,[CUDA memset]
2889753540,7456,136251,,,,,,,,,,0.031,4197.420,Pinned,Device,NVIDIA A100-SXM4-40GB MIG 4g.20gb (0),1,,13,[CUDA memcpy Host-to-Device]
2889764164,16512,136252,,,,,,,,,,0.197,11906.974,Pinned,Device,NVIDIA A100-SXM4-40GB MIG 4g.20gb (0),1,,13,[CUDA memcpy Host-to-Device]
2889796932,8256,136253,273,1,1,8,4,1,39,0.002,0.000,,,,,NVIDIA A100-SXM4-40GB MIG 4g.20gb (0),1,,13,"void channel_eq::eqMmseCoefCompLowMimoKernel<float, float, float, (unsigned int)4, (unsigned int)1, (unsigned int)4>(const channel_eq::_puschRxChEqStatDescr *, channel_eq::_puschRxChEqCoefCompDynDescr)"
2889813796,5472,136254,273,1,1,12,11,1,51,0.002,0.000,,,,,NVIDIA A100-SXM4-40GB MIG 4g.20gb (0),1,,13,"void channel_eq::eqMmseSoftDemapKernel<float, __half, __half, float, (unsigned int)4, (unsigned short)16383>(channel_eq::_puschRxChEqStatDescr *, channel_eq::_puschRxChEqSoftDemapDynDescr)"
2889822372,282748,136255,1,1,1,32,32,1,30,0.000,0.000,,,,,NVIDIA A100-SXM4-40GB MIG 4g.20gb (0),1,,13,"void convert_kernel<float2, __half2>(tensor_layout_any, T1 *, tensor_layout_any, const T2 *)"
2890107360,10976,136267,2253,1,1,128,1,1,16,0.000,0.000,,,,,NVIDIA A100-SXM4-40GB MIG 4g.20gb (0),1,,13,cupy_copy__float16_float16
2890119744,3808,136276,282,1,1,128,1,1,16,0.000,0.000,,,,,NVIDIA A100-SXM4-40GB MIG 4g.20gb (0),1,,13,cupy_copy__complex64_complex64
2890127360,2016,136285,26,1,1,128,1,1,16,0.000,0.000,,,,,NVIDIA A100-SXM4-40GB MIG 4g.20gb (0),1,,13,cupy_copy__float32_float32
2890131200,3072,136294,103,1,1,128,1,1,16,0.000,0.000,,,,,NVIDIA A100-SXM4-40GB MIG 4g.20gb (0),1,,13,cupy_copy__complex64_complex64
2890135360,11840,136304,1434,1,1,128,1,1,16,0.000,0.000,,,,,NVIDIA A100-SXM4-40GB MIG 4g.20gb (0),1,,13,cupy_copy__complex64_complex64
2890151360,87294,136309,1,1,1,32,32,1,30,0.000,0.000,,,,,NVIDIA A100-SXM4-40GB MIG 4g.20gb (0),1,,13,"void convert_kernel<__half2, float2>(tensor_layout_any, T1 *, tensor_layout_any, const T2 *)"
2890265950,5632,136312,,,,,,,,,,0.094,16636.287,Pinned,Device,NVIDIA A100-SXM4-40GB MIG 4g.20gb (0),1,,13,[CUDA memcpy Host-to-Device]
2890276222,596985,136313,,,,,,,,,,456.561,764740.412,Device,,NVIDIA A100-SXM4-40GB MIG 4g.20gb (0),1,,13,[CUDA memset]
2890887030,125631,136318,,,,,,,,,,1.235,9828.919,Pinned,Device,NVIDIA A100-SXM4-40GB MIG 4g.20gb (0),1,,13,[CUDA memcpy Host-to-Device]
2891025749,36511,136319,,,,,,,,,,0.197,5384.897,Pinned,Device,NVIDIA A100-SXM4-40GB MIG 4g.20gb (0),1,,13,[CUDA memcpy Host-to-Device]
2891084852,8224,136320,69,4,1,48,1,1,76,0.002,0.000,,,,,NVIDIA A100-SXM4-40GB MIG 4g.20gb (0),1,,13,"void ch_est::windowedChEstPreNoDftSOfdmKernel<float, __half, float, (unsigned int)2, (unsigned int)1, (unsigned short)4>(ch_est::puschRxChEstStatDescr_t *, ch_est::puschRxChEstDynDescr_t *)"
2891096148,7104,136321,137,2,1,24,2,1,44,0.001,0.001,,,,,NVIDIA A100-SXM4-40GB MIG 4g.20gb (0),1,,13,"void ch_est::chEstFilterNoDftSOfdmDispatchKernel<float, __half, float, (unsigned int)2>(ch_est::puschRxChEstStatDescr_t *, ch_est::puschRxChEstDynDescr_t *)"
2891107380,5216,136322,137,2,1,24,2,1,44,0.001,0.001,,,,,NVIDIA A100-SXM4-40GB MIG 4g.20gb (0),1,,13,"void ch_est::chEstFilterNoDftSOfdmDispatchKernel<float, __half, float, (unsigned int)2>(ch_est::puschRxChEstStatDescr_t *, ch_est::puschRxChEstDynDescr_t *)"
2891115380,2656,136333,103,1,1,128,1,1,16,0.000,0.000,,,,,NVIDIA A100-SXM4-40GB MIG 4g.20gb (0),1,,13,cupy_copy__complex64_complex64
2891124980,12799,136343,1434,1,1,128,1,1,16,0.000,0.000,,,,,NVIDIA A100-SXM4-40GB MIG 4g.20gb (0),1,,13,cupy_copy__complex64_complex64
2891142515,2688,136350,103,1,1,128,1,1,16,0.000,0.000,,,,,NVIDIA A100-SXM4-40GB MIG 4g.20gb (0),1,,13,cupy_copy__complex64_complex64
2891151539,88735,136357,1,1,1,32,32,1,30,0.000,0.000,,,,,NVIDIA A100-SXM4-40GB MIG 4g.20gb (0),1,,13,"void convert_kernel<__half2, float2>(tensor_layout_any, T1 *, tensor_layout_any, const T2 *)"
2891272466,13600,136360,,,,,,,,,,0.094,6889.373,Pinned,Device,NVIDIA A100-SXM4-40GB MIG 4g.20gb (0),1,,13,[CUDA memcpy Host-to-Device]
2891298705,47360,136361,,,,,,,,,,35.810,756090.651,Device,,NVIDIA A100-SXM4-40GB MIG 4g.20gb (0),1,,13,[CUDA memset]
2891349649,8096,136363,,,,,,,,,,0.000,9.881,Pinned,Device,NVIDIA A100-SXM4-40GB MIG 4g.20gb (0),1,,13,[CUDA memcpy Host-to-Device]
2891366321,21055,136364,,,,,,,,,,0.197,9337.700,Pinned,Device,NVIDIA A100-SXM4-40GB MIG 4g.20gb (0),1,,13,[CUDA memcpy Host-to-Device]
2891399184,12352,136365,273,1,1,48,1,1,40,0.000,0.001,,,,,NVIDIA A100-SXM4-40GB MIG 4g.20gb (0),1,,13,"void pusch_noise_intf_est::noiseIntfEstNoDftSOfdmKernel<float, __half, float, float, (unsigned int)2, (unsigned int)1, (unsigned char)4, (unsigned char)4>(pusch_noise_intf_est::puschRxNoiseIntfEstDynDescr)"
2891417680,3040,136376,35,1,1,128,1,1,16,0.000,0.000,,,,,NVIDIA A100-SXM4-40GB MIG 4g.20gb (0),1,,13,cupy_copy__complex64_complex64
2891425840,1696,136385,1,1,1,1,1,1,18,0.000,0.000,,,,,NVIDIA A100-SXM4-40GB MIG 4g.20gb (0),1,,13,cupy_copy__float32_float32
2891429040,1760,136391,,,,,,,,,,0.000,2.273,Device,Pageable,NVIDIA A100-SXM4-40GB MIG 4g.20gb (0),1,,7,[CUDA memcpy Device-to-Host]
2891493647,12928,136402,1434,1,1,128,1,1,16,0.000,0.000,,,,,NVIDIA A100-SXM4-40GB MIG 4g.20gb (0),1,,13,cupy_copy__complex64_complex64
2891520847,2816,136409,103,1,1,128,1,1,16,0.000,0.000,,,,,NVIDIA A100-SXM4-40GB MIG 4g.20gb (0),1,,13,cupy_copy__complex64_complex64
2891542062,2336,136416,35,1,1,128,1,1,16,0.000,0.000,,,,,NVIDIA A100-SXM4-40GB MIG 4g.20gb (0),1,,13,cupy_copy__complex64_complex64
2891559950,1760,136423,1,1,1,1,1,1,18,0.000,0.000,,,,,NVIDIA A100-SXM4-40GB MIG 4g.20gb (0),1,,13,cupy_copy__float32_float32
2891690765,82271,136434,1,1,1,32,32,1,30,0.000,0.000,,,,,NVIDIA A100-SXM4-40GB MIG 4g.20gb (0),1,,13,"void convert_kernel<__half2, float2>(tensor_layout_any, T1 *, tensor_layout_any, const T2 *)"
2891800779,5760,136437,,,,,,,,,,0.094,16266.656,Pinned,Device,NVIDIA A100-SXM4-40GB MIG 4g.20gb (0),1,,13,[CUDA memcpy Host-to-Device]
2891816139,3360,136438,,,,,,,,,,1.547,460304.688,Device,,NVIDIA A100-SXM4-40GB MIG 4g.20gb (0),1,,13,[CUDA memset]
2891822219,3136,136443,,,,,,,,,,0.031,9979.575,Pinned,Device,NVIDIA A100-SXM4-40GB MIG 4g.20gb (0),1,,13,[CUDA memcpy Host-to-Device]
2891827787,9376,136444,,,,,,,,,,0.197,20969.226,Pinned,Device,NVIDIA A100-SXM4-40GB MIG 4g.20gb (0),1,,13,[CUDA memcpy Host-to-Device]
2891842923,6432,136445,273,1,1,8,4,1,39,0.002,0.000,,,,,NVIDIA A100-SXM4-40GB MIG 4g.20gb (0),1,,13,"void channel_eq::eqMmseCoefCompLowMimoKernel<float, float, float, (unsigned int)4, (unsigned int)1, (unsigned int)4>(const channel_eq::_puschRxChEqStatDescr *, channel_eq::_puschRxChEqCoefCompDynDescr)"
2891850795,5919,136446,273,1,1,12,11,1,51,0.002,0.000,,,,,NVIDIA A100-SXM4-40GB MIG 4g.20gb (0),1,,13,"void channel_eq::eqMmseSoftDemapKernel<float, __half, __half, float, (unsigned int)4, (unsigned short)16383>(channel_eq::_puschRxChEqStatDescr *, channel_eq::_puschRxChEqSoftDemapDynDescr)"
2891857738,283357,136447,1,1,1,32,32,1,30,0.000,0.000,,,,,NVIDIA A100-SXM4-40GB MIG 4g.20gb (0),1,,13,"void convert_kernel<float2, __half2>(tensor_layout_any, T1 *, tensor_layout_any, const T2 *)"
2892144519,10912,136459,2253,1,1,128,1,1,16,0.000,0.000,,,,,NVIDIA A100-SXM4-40GB MIG 4g.20gb (0),1,,13,cupy_copy__float16_float16
2892160519,2656,136468,282,1,1,128,1,1,16,0.000,0.000,,,,,NVIDIA A100-SXM4-40GB MIG 4g.20gb (0),1,,13,cupy_copy__complex64_complex64
2892166567,2048,136477,26,1,1,128,1,1,16,0.000,0.000,,,,,NVIDIA A100-SXM4-40GB MIG 4g.20gb (0),1,,13,cupy_copy__float32_float32
2892170023,3328,136486,103,1,1,128,1,1,16,0.000,0.000,,,,,NVIDIA A100-SXM4-40GB MIG 4g.20gb (0),1,,13,cupy_copy__complex64_complex64
2892174407,11871,136496,1434,1,1,128,1,1,16,0.000,0.000,,,,,NVIDIA A100-SXM4-40GB MIG 4g.20gb (0),1,,13,cupy_copy__complex64_complex64
2892197126,82815,136501,1,1,1,32,32,1,30,0.000,0.000,,,,,NVIDIA A100-SXM4-40GB MIG 4g.20gb (0),1,,13,"void convert_kernel<__half2, float2>(tensor_layout_any, T1 *, tensor_layout_any, const T2 *)"
2892306917,5440,136504,,,,,,,,,,0.094,17223.480,Pinned,Device,NVIDIA A100-SXM4-40GB MIG 4g.20gb (0),1,,13,[CUDA memcpy Host-to-Device]
2892316933,597592,136505,,,,,,,,,,456.561,763827.289,Device,,NVIDIA A100-SXM4-40GB MIG 4g.20gb (0),1,,13,[CUDA memset]
2892922141,141087,136510,,,,,,,,,,1.235,8752.048,Pinned,Device,NVIDIA A100-SXM4-40GB MIG 4g.20gb (0),1,,13,[CUDA memcpy Host-to-Device]
2893076091,39616,136511,,,,,,,,,,0.197,4962.779,Pinned,Device,NVIDIA A100-SXM4-40GB MIG 4g.20gb (0),1,,13,[CUDA memcpy Host-to-Device]
2893146075,8255,136512,69,4,1,48,1,1,76,0.002,0.000,,,,,NVIDIA A100-SXM4-40GB MIG 4g.20gb (0),1,,13,"void ch_est::windowedChEstPreNoDftSOfdmKernel<float, __half, float, (unsigned int)2, (unsigned int)1, (unsigned short)4>(ch_est::puschRxChEstStatDescr_t *, ch_est::puschRxChEstDynDescr_t *)"
2893165946,6560,136513,137,2,1,24,2,1,44,0.001,0.001,,,,,NVIDIA A100-SXM4-40GB MIG 4g.20gb (0),1,,13,"void ch_est::chEstFilterNoDftSOfdmDispatchKernel<float, __half, float, (unsigned int)2>(ch_est::puschRxChEstStatDescr_t *, ch_est::puschRxChEstDynDescr_t *)"
2893183994,4768,136514,137,2,1,24,2,1,44,0.001,0.001,,,,,NVIDIA A100-SXM4-40GB MIG 4g.20gb (0),1,,13,"void ch_est::chEstFilterNoDftSOfdmDispatchKernel<float, __half, float, (unsigned int)2>(ch_est::puschRxChEstStatDescr_t *, ch_est::puschRxChEstDynDescr_t *)"
2893200954,2624,136525,103,1,1,128,1,1,16,0.000,0.000,,,,,NVIDIA A100-SXM4-40GB MIG 4g.20gb (0),1,,13,cupy_copy__complex64_complex64
2893218042,12639,136535,1434,1,1,128,1,1,16,0.000,0.000,,,,,NVIDIA A100-SXM4-40GB MIG 4g.20gb (0),1,,13,cupy_copy__complex64_complex64
2893237273,2944,136542,103,1,1,128,1,1,16,0.000,0.000,,,,,NVIDIA A100-SXM4-40GB MIG 4g.20gb (0),1,,13,cupy_copy__complex64_complex64
2893261337,83967,136549,1,1,1,32,32,1,30,0.000,0.000,,,,,NVIDIA A100-SXM4-40GB MIG 4g.20gb (0),1,,13,"void convert_kernel<__half2, float2>(tensor_layout_any, T1 *, tensor_layout_any, const T2 *)"
2893373176,13568,136552,,,,,,,,,,0.094,6905.583,Pinned,Device,NVIDIA A100-SXM4-40GB MIG 4g.20gb (0),1,,13,[CUDA memcpy Host-to-Device]
2893398391,47104,136553,,,,,,,,,,35.810,760208.792,Device,,NVIDIA A100-SXM4-40GB MIG 4g.20gb (0),1,,13,[CUDA memset]
2893447767,7424,136555,,,,,,,,,,0.000,10.776,Pinned,Device,NVIDIA A100-SXM4-40GB MIG 4g.20gb (0),1,,13,[CUDA memcpy Host-to-Device]
2893459895,21215,136556,,,,,,,,,,0.197,9267.315,Pinned,Device,NVIDIA A100-SXM4-40GB MIG 4g.20gb (0),1,,13,[CUDA memcpy Host-to-Device]
2893492502,12544,136557,273,1,1,48,1,1,40,0.000,0.001,,,,,NVIDIA A100-SXM4-40GB MIG 4g.20gb (0),1,,13,"void pusch_noise_intf_est::noiseIntfEstNoDftSOfdmKernel<float, __half, float, float, (unsigned int)2, (unsigned int)1, (unsigned char)4, (unsigned char)4>(pusch_noise_intf_est::puschRxNoiseIntfEstDynDescr)"
2893508982,3008,136568,35,1,1,128,1,1,16,0.000,0.000,,,,,NVIDIA A100-SXM4-40GB MIG 4g.20gb (0),1,,13,cupy_copy__complex64_complex64
2893518326,1920,136577,1,1,1,1,1,1,18,0.000,0.000,,,,,NVIDIA A100-SXM4-40GB MIG 4g.20gb (0),1,,13,cupy_copy__float32_float32
2893531990,2080,136583,,,,,,,,,,0.000,1.923,Device,Pageable,NVIDIA A100-SXM4-40GB MIG 4g.20gb (0),1,,7,[CUDA memcpy Device-to-Host]
2893606453,13024,136594,1434,1,1,128,1,1,16,0.000,0.000,,,,,NVIDIA A100-SXM4-40GB MIG 4g.20gb (0),1,,13,cupy_copy__complex64_complex64
2893640916,3552,136601,103,1,1,128,1,1,16,0.000,0.000,,,,,NVIDIA A100-SXM4-40GB MIG 4g.20gb (0),1,,13,cupy_copy__complex64_complex64
2893658004,2240,136608,35,1,1,128,1,1,16,0.000,0.000,,,,,NVIDIA A100-SXM4-40GB MIG 4g.20gb (0),1,,13,cupy_copy__complex64_complex64
2893668244,2048,136615,1,1,1,1,1,1,18,0.000,0.000,,,,,NVIDIA A100-SXM4-40GB MIG 4g.20gb (0),1,,13,cupy_copy__float32_float32
2893801202,87711,136626,1,1,1,32,32,1,30,0.000,0.000,,,,,NVIDIA A100-SXM4-40GB MIG 4g.20gb (0),1,,13,"void convert_kernel<__half2, float2>(tensor_layout_any, T1 *, tensor_layout_any, const T2 *)"
2893916977,5440,136629,,,,,,,,,,0.094,17223.480,Pinned,Device,NVIDIA A100-SXM4-40GB MIG 4g.20gb (0),1,,13,[CUDA memcpy Host-to-Device]
2893931665,3232,136630,,,,,,,,,,1.547,478533.199,Device,,NVIDIA A100-SXM4-40GB MIG 4g.20gb (0),1,,13,[CUDA memset]
2893937809,3008,136635,,,,,,,,,,0.031,10404.230,Pinned,Device,NVIDIA A100-SXM4-40GB MIG 4g.20gb (0),1,,13,[CUDA memcpy Host-to-Device]
2893943377,9792,136636,,,,,,,,,,0.197,20078.395,Pinned,Device,NVIDIA A100-SXM4-40GB MIG 4g.20gb (0),1,,13,[CUDA memcpy Host-to-Device]
2893958672,6464,136637,273,1,1,8,4,1,39,0.002,0.000,,,,,NVIDIA A100-SXM4-40GB MIG 4g.20gb (0),1,,13,"void channel_eq::eqMmseCoefCompLowMimoKernel<float, float, float, (unsigned int)4, (unsigned int)1, (unsigned int)4>(const channel_eq::_puschRxChEqStatDescr *, channel_eq::_puschRxChEqCoefCompDynDescr)"
2893966224,6240,136638,273,1,1,12,11,1,51,0.002,0.000,,,,,NVIDIA A100-SXM4-40GB MIG 4g.20gb (0),1,,13,"void channel_eq::eqMmseSoftDemapKernel<float, __half, __half, float, (unsigned int)4, (unsigned short)16383>(channel_eq::_puschRxChEqStatDescr *, channel_eq::_puschRxChEqSoftDemapDynDescr)"
2893973392,282077,136639,1,1,1,32,32,1,30,0.000,0.000,,,,,NVIDIA A100-SXM4-40GB MIG 4g.20gb (0),1,,13,"void convert_kernel<float2, __half2>(tensor_layout_any, T1 *, tensor_layout_any, const T2 *)"
2894257741,10976,136651,2253,1,1,128,1,1,16,0.000,0.000,,,,,NVIDIA A100-SXM4-40GB MIG 4g.20gb (0),1,,13,cupy_copy__float16_float16
2894272269,3104,136660,282,1,1,128,1,1,16,0.000,0.000,,,,,NVIDIA A100-SXM4-40GB MIG 4g.20gb (0),1,,13,cupy_copy__complex64_complex64
2894278701,2048,136669,26,1,1,128,1,1,16,0.000,0.000,,,,,NVIDIA A100-SXM4-40GB MIG 4g.20gb (0),1,,13,cupy_copy__float32_float32
2894282540,4608,136678,103,1,1,128,1,1,16,0.000,0.000,,,,,NVIDIA A100-SXM4-40GB MIG 4g.20gb (0),1,,13,cupy_copy__complex64_complex64
2894341388,12704,136694,1434,1,1,128,1,1,16,0.000,0.000,,,,,NVIDIA A100-SXM4-40GB MIG 4g.20gb (0),1,,13,cupy_copy__complex64_complex64
2894455402,82015,136699,1,1,1,32,32,1,30,0.000,0.000,,,,,NVIDIA A100-SXM4-40GB MIG 4g.20gb (0),1,,13,"void convert_kernel<__half2, float2>(tensor_layout_any, T1 *, tensor_layout_any, const T2 *)"
2894564329,5856,136702,,,,,,,,,,0.094,15999.997,Pinned,Device,NVIDIA A100-SXM4-40GB MIG 4g.20gb (0),1,,13,[CUDA memcpy Host-to-Device]
2894574249,599384,136703,,,,,,,,,,456.561,761544.482,Device,,NVIDIA A100-SXM4-40GB MIG 4g.20gb (0),1,,13,[CUDA memset]
2895179777,150495,136708,,,,,,,,,,1.235,8204.968,Pinned,Device,NVIDIA A100-SXM4-40GB MIG 4g.20gb (0),1,,13,[CUDA memcpy Host-to-Device]
2895342751,39616,136709,,,,,,,,,,0.197,4962.779,Pinned,Device,NVIDIA A100-SXM4-40GB MIG 4g.20gb (0),1,,13,[CUDA memcpy Host-to-Device]
2895416094,7840,136710,69,4,1,48,1,1,76,0.002,0.000,,,,,NVIDIA A100-SXM4-40GB MIG 4g.20gb (0),1,,13,"void ch_est::windowedChEstPreNoDftSOfdmKernel<float, __half, float, (unsigned int)2, (unsigned int)1, (unsigned short)4>(ch_est::puschRxChEstStatDescr_t *, ch_est::puschRxChEstDynDescr_t *)"
2895436478,6208,136711,137,2,1,24,2,1,44,0.001,0.001,,,,,NVIDIA A100-SXM4-40GB MIG 4g.20gb (0),1,,13,"void ch_est::chEstFilterNoDftSOfdmDispatchKernel<float, __half, float, (unsigned int)2>(ch_est::puschRxChEstStatDescr_t *, ch_est::puschRxChEstDynDescr_t *)"
2895455934,4736,136712,137,2,1,24,2,1,44,0.001,0.001,,,,,NVIDIA A100-SXM4-40GB MIG 4g.20gb (0),1,,13,"void ch_est::chEstFilterNoDftSOfdmDispatchKernel<float, __half, float, (unsigned int)2>(ch_est::puschRxChEstStatDescr_t *, ch_est::puschRxChEstDynDescr_t *)"
2895473470,2688,136723,103,1,1,128,1,1,16,0.000,0.000,,,,,NVIDIA A100-SXM4-40GB MIG 4g.20gb (0),1,,13,cupy_copy__complex64_complex64
2895490622,12191,136733,1434,1,1,128,1,1,16,0.000,0.000,,,,,NVIDIA A100-SXM4-40GB MIG 4g.20gb (0),1,,13,cupy_copy__complex64_complex64
2895508733,2912,136740,103,1,1,128,1,1,16,0.000,0.000,,,,,NVIDIA A100-SXM4-40GB MIG 4g.20gb (0),1,,13,cupy_copy__complex64_complex64
2895529149,85631,136747,1,1,1,32,32,1,30,0.000,0.000,,,,,NVIDIA A100-SXM4-40GB MIG 4g.20gb (0),1,,13,"void convert_kernel<__half2, float2>(tensor_layout_any, T1 *, tensor_layout_any, const T2 *)"
2895645052,18463,136750,,,,,,,,,,0.094,5074.763,Pinned,Device,NVIDIA A100-SXM4-40GB MIG 4g.20gb (0),1,,13,[CUDA memcpy Host-to-Device]
2895676859,47936,136751,,,,,,,,,,35.810,747030.741,Device,,NVIDIA A100-SXM4-40GB MIG 4g.20gb (0),1,,13,[CUDA memset]
2895732411,4160,136753,,,,,,,,,,0.000,19.231,Pinned,Device,NVIDIA A100-SXM4-40GB MIG 4g.20gb (0),1,,13,[CUDA memcpy Host-to-Device]
2895745050,16768,136754,,,,,,,,,,0.197,11725.111,Pinned,Device,NVIDIA A100-SXM4-40GB MIG 4g.20gb (0),1,,13,[CUDA memcpy Host-to-Device]
2895779194,10208,136755,273,1,1,48,1,1,40,0.000,0.001,,,,,NVIDIA A100-SXM4-40GB MIG 4g.20gb (0),1,,13,"void pusch_noise_intf_est::noiseIntfEstNoDftSOfdmKernel<float, __half, float, float, (unsigned int)2, (unsigned int)1, (unsigned char)4, (unsigned char)4>(pusch_noise_intf_est::puschRxNoiseIntfEstDynDescr)"
2895797498,2944,136766,35,1,1,128,1,1,16,0.000,0.000,,,,,NVIDIA A100-SXM4-40GB MIG 4g.20gb (0),1,,13,cupy_copy__complex64_complex64
2895806042,1888,136775,1,1,1,1,1,1,18,0.000,0.000,,,,,NVIDIA A100-SXM4-40GB MIG 4g.20gb (0),1,,13,cupy_copy__float32_float32
2895814650,3328,136781,,,,,,,,,,0.000,1.202,Device,Pageable,NVIDIA A100-SXM4-40GB MIG 4g.20gb (0),1,,7,[CUDA memcpy Device-to-Host]
2895888889,13119,136792,1434,1,1,128,1,1,16,0.000,0.000,,,,,NVIDIA A100-SXM4-40GB MIG 4g.20gb (0),1,,13,cupy_copy__complex64_complex64
2895916152,3584,136799,103,1,1,128,1,1,16,0.000,0.000,,,,,NVIDIA A100-SXM4-40GB MIG 4g.20gb (0),1,,13,cupy_copy__complex64_complex64
2895933976,2592,136806,35,1,1,128,1,1,16,0.000,0.000,,,,,NVIDIA A100-SXM4-40GB MIG 4g.20gb (0),1,,13,cupy_copy__complex64_complex64
2895957688,1888,136813,1,1,1,1,1,1,18,0.000,0.000,,,,,NVIDIA A100-SXM4-40GB MIG 4g.20gb (0),1,,13,cupy_copy__float32_float32
2896093142,89279,136824,1,1,1,32,32,1,30,0.000,0.000,,,,,NVIDIA A100-SXM4-40GB MIG 4g.20gb (0),1,,13,"void convert_kernel<__half2, float2>(tensor_layout_any, T1 *, tensor_layout_any, const T2 *)"
2896210837,6336,136827,,,,,,,,,,0.094,14787.852,Pinned,Device,NVIDIA A100-SXM4-40GB MIG 4g.20gb (0),1,,13,[CUDA memcpy Host-to-Device]
2896224980,3296,136828,,,,,,,,,,1.547,469242.628,Device,,NVIDIA A100-SXM4-40GB MIG 4g.20gb (0),1,,13,[CUDA memset]
2896232052,3296,136833,,,,,,,,,,0.031,9495.144,Pinned,Device,NVIDIA A100-SXM4-40GB MIG 4g.20gb (0),1,,13,[CUDA memcpy Host-to-Device]
2896237940,9856,136834,,,,,,,,,,0.197,19948.044,Pinned,Device,NVIDIA A100-SXM4-40GB MIG 4g.20gb (0),1,,13,[CUDA memcpy Host-to-Device]
2896252084,8352,136835,273,1,1,8,4,1,39,0.002,0.000,,,,,NVIDIA A100-SXM4-40GB MIG 4g.20gb (0),1,,13,"void channel_eq::eqMmseCoefCompLowMimoKernel<float, float, float, (unsigned int)4, (unsigned int)1, (unsigned int)4>(const channel_eq::_puschRxChEqStatDescr *, channel_eq::_puschRxChEqCoefCompDynDescr)"
2896261524,8000,136836,273,1,1,12,11,1,51,0.002,0.000,,,,,NVIDIA A100-SXM4-40GB MIG 4g.20gb (0),1,,13,"void channel_eq::eqMmseSoftDemapKernel<float, __half, __half, float, (unsigned int)4, (unsigned short)16383>(channel_eq::_puschRxChEqStatDescr *, channel_eq::_puschRxChEqSoftDemapDynDescr)"
2896270644,294588,136837,1,1,1,32,32,1,30,0.000,0.000,,,,,NVIDIA A100-SXM4-40GB MIG 4g.20gb (0),1,,13,"void convert_kernel<float2, __half2>(tensor_layout_any, T1 *, tensor_layout_any, const T2 *)"
2896566160,11136,136849,2253,1,1,128,1,1,16,0.000,0.000,,,,,NVIDIA A100-SXM4-40GB MIG 4g.20gb (0),1,,13,cupy_copy__float16_float16
2896580528,3424,136858,282,1,1,128,1,1,16,0.000,0.000,,,,,NVIDIA A100-SXM4-40GB MIG 4g.20gb (0),1,,13,cupy_copy__complex64_complex64
2896586800,2336,136867,26,1,1,128,1,1,16,0.000,0.000,,,,,NVIDIA A100-SXM4-40GB MIG 4g.20gb (0),1,,13,cupy_copy__float32_float32
2896592400,2784,136876,103,1,1,128,1,1,16,0.000,0.000,,,,,NVIDIA A100-SXM4-40GB MIG 4g.20gb (0),1,,13,cupy_copy__complex64_complex64
2896596368,12096,136886,1434,1,1,128,1,1,16,0.000,0.000,,,,,NVIDIA A100-SXM4-40GB MIG 4g.20gb (0),1,,13,cupy_copy__complex64_complex64
2896610736,87007,136891,1,1,1,32,32,1,30,0.000,0.000,,,,,NVIDIA A100-SXM4-40GB MIG 4g.20gb (0),1,,13,"void convert_kernel<__half2, float2>(tensor_layout_any, T1 *, tensor_layout_any, const T2 *)"
2896725262,5984,136894,,,,,,,,,,0.094,15657.726,Pinned,Device,NVIDIA A100-SXM4-40GB MIG 4g.20gb (0),1,,13,[CUDA memcpy Host-to-Device]
2896735022,596697,136895,,,,,,,,,,456.561,764740.412,Device,,NVIDIA A100-SXM4-40GB MIG 4g.20gb (0),1,,13,[CUDA memset]
2897333831,134526,136900,,,,,,,,,,1.235,9179.339,Pinned,Device,NVIDIA A100-SXM4-40GB MIG 4g.20gb (0),1,,13,[CUDA memcpy Host-to-Device]
2897480645,44127,136901,,,,,,,,,,0.197,4455.334,Pinned,Device,NVIDIA A100-SXM4-40GB MIG 4g.20gb (0),1,,13,[CUDA memcpy Host-to-Device]
2897542052,8160,136902,69,4,1,48,1,1,76,0.002,0.000,,,,,NVIDIA A100-SXM4-40GB MIG 4g.20gb (0),1,,13,"void ch_est::windowedChEstPreNoDftSOfdmKernel<float, __half, float, (unsigned int)2, (unsigned int)1, (unsigned short)4>(ch_est::puschRxChEstStatDescr_t *, ch_est::puschRxChEstDynDescr_t *)"
2897558756,6528,136903,137,2,1,24,2,1,44,0.001,0.001,,,,,NVIDIA A100-SXM4-40GB MIG 4g.20gb (0),1,,13,"void ch_est::chEstFilterNoDftSOfdmDispatchKernel<float, __half, float, (unsigned int)2>(ch_est::puschRxChEstStatDescr_t *, ch_est::puschRxChEstDynDescr_t *)"
2897574116,4736,136904,137,2,1,24,2,1,44,0.001,0.001,,,,,NVIDIA A100-SXM4-40GB MIG 4g.20gb (0),1,,13,"void ch_est::chEstFilterNoDftSOfdmDispatchKernel<float, __half, float, (unsigned int)2>(ch_est::puschRxChEstStatDescr_t *, ch_est::puschRxChEstDynDescr_t *)"
2897586404,2528,136915,103,1,1,128,1,1,16,0.000,0.000,,,,,NVIDIA A100-SXM4-40GB MIG 4g.20gb (0),1,,13,cupy_copy__complex64_complex64
2897603011,12448,136925,1434,1,1,128,1,1,16,0.000,0.000,,,,,NVIDIA A100-SXM4-40GB MIG 4g.20gb (0),1,,13,cupy_copy__complex64_complex64
2897637219,2656,136932,103,1,1,128,1,1,16,0.000,0.000,,,,,NVIDIA A100-SXM4-40GB MIG 4g.20gb (0),1,,13,cupy_copy__complex64_complex64
2897651907,92255,136939,1,1,1,32,32,1,30,0.000,0.000,,,,,NVIDIA A100-SXM4-40GB MIG 4g.20gb (0),1,,13,"void convert_kernel<__half2, float2>(tensor_layout_any, T1 *, tensor_layout_any, const T2 *)"
2897777793,14624,136942,,,,,,,,,,0.094,6406.932,Pinned,Device,NVIDIA A100-SXM4-40GB MIG 4g.20gb (0),1,,13,[CUDA memcpy Host-to-Device]
2897805793,47391,136943,,,,,,,,,,35.810,755625.122,Device,,NVIDIA A100-SXM4-40GB MIG 4g.20gb (0),1,,13,[CUDA memset]
2897857408,9184,136945,,,,,,,,,,0.000,8.711,Pinned,Device,NVIDIA A100-SXM4-40GB MIG 4g.20gb (0),1,,13,[CUDA memcpy Host-to-Device]
2897873024,27968,136946,,,,,,,,,,0.197,7029.719,Pinned,Device,NVIDIA A100-SXM4-40GB MIG 4g.20gb (0),1,,13,[CUDA memcpy Host-to-Device]
2897914976,9727,136947,273,1,1,48,1,1,40,0.000,0.001,,,,,NVIDIA A100-SXM4-40GB MIG 4g.20gb (0),1,,13,"void pusch_noise_intf_est::noiseIntfEstNoDftSOfdmKernel<float, __half, float, float, (unsigned int)2, (unsigned int)1, (unsigned char)4, (unsigned char)4>(pusch_noise_intf_est::puschRxNoiseIntfEstDynDescr)"
2897927807,2720,136958,35,1,1,128,1,1,16,0.000,0.000,,,,,NVIDIA A100-SXM4-40GB MIG 4g.20gb (0),1,,13,cupy_copy__complex64_complex64
2897940639,1760,136967,1,1,1,1,1,1,18,0.000,0.000,,,,,NVIDIA A100-SXM4-40GB MIG 4g.20gb (0),1,,13,cupy_copy__float32_float32
2897944543,4096,136973,,,,,,,,,,0.000,0.977,Device,Pageable,NVIDIA A100-SXM4-40GB MIG 4g.20gb (0),1,,7,[CUDA memcpy Device-to-Host]
2898019934,13088,136984,1434,1,1,128,1,1,16,0.000,0.000,,,,,NVIDIA A100-SXM4-40GB MIG 4g.20gb (0),1,,13,cupy_copy__complex64_complex64
2898051614,3040,136991,103,1,1,128,1,1,16,0.000,0.000,,,,,NVIDIA A100-SXM4-40GB MIG 4g.20gb (0),1,,13,cupy_copy__complex64_complex64
2898070046,2560,136998,35,1,1,128,1,1,16,0.000,0.000,,,,,NVIDIA A100-SXM4-40GB MIG 4g.20gb (0),1,,13,cupy_copy__complex64_complex64
2898083326,1855,137005,1,1,1,1,1,1,18,0.000,0.000,,,,,NVIDIA A100-SXM4-40GB MIG 4g.20gb (0),1,,13,cupy_copy__float32_float32
2898212412,87775,137016,1,1,1,32,32,1,30,0.000,0.000,,,,,NVIDIA A100-SXM4-40GB MIG 4g.20gb (0),1,,13,"void convert_kernel<__half2, float2>(tensor_layout_any, T1 *, tensor_layout_any, const T2 *)"
2898327546,5664,137019,,,,,,,,,,0.094,16542.310,Pinned,Device,NVIDIA A100-SXM4-40GB MIG 4g.20gb (0),1,,13,[CUDA memcpy Host-to-Device]
2898341978,3392,137020,,,,,,,,,,1.547,455961.768,Device,,NVIDIA A100-SXM4-40GB MIG 4g.20gb (0),1,,13,[CUDA memset]
2898348762,3552,137025,,,,,,,,,,0.031,8810.794,Pinned,Device,NVIDIA A100-SXM4-40GB MIG 4g.20gb (0),1,,13,[CUDA memcpy Host-to-Device]
2898354970,9568,137026,,,,,,,,,,0.197,20548.485,Pinned,Device,NVIDIA A100-SXM4-40GB MIG 4g.20gb (0),1,,13,[CUDA memcpy Host-to-Device]
2898368282,6592,137027,273,1,1,8,4,1,39,0.002,0.000,,,,,NVIDIA A100-SXM4-40GB MIG 4g.20gb (0),1,,13,"void channel_eq::eqMmseCoefCompLowMimoKernel<float, float, float, (unsigned int)4, (unsigned int)1, (unsigned int)4>(const channel_eq::_puschRxChEqStatDescr *, channel_eq::_puschRxChEqCoefCompDynDescr)"
2898378170,7712,137028,273,1,1,12,11,1,51,0.002,0.000,,,,,NVIDIA A100-SXM4-40GB MIG 4g.20gb (0),1,,13,"void channel_eq::eqMmseSoftDemapKernel<float, __half, __half, float, (unsigned int)4, (unsigned short)16383>(channel_eq::_puschRxChEqStatDescr *, channel_eq::_puschRxChEqSoftDemapDynDescr)"
2898386938,282812,137029,1,1,1,32,32,1,30,0.000,0.000,,,,,NVIDIA A100-SXM4-40GB MIG 4g.20gb (0),1,,13,"void convert_kernel<float2, __half2>(tensor_layout_any, T1 *, tensor_layout_any, const T2 *)"
2898671094,10848,137041,2253,1,1,128,1,1,16,0.000,0.000,,,,,NVIDIA A100-SXM4-40GB MIG 4g.20gb (0),1,,13,cupy_copy__float16_float16
2898685622,3584,137050,282,1,1,128,1,1,16,0.000,0.000,,,,,NVIDIA A100-SXM4-40GB MIG 4g.20gb (0),1,,13,cupy_copy__complex64_complex64
2898692406,2272,137059,26,1,1,128,1,1,16,0.000,0.000,,,,,NVIDIA A100-SXM4-40GB MIG 4g.20gb (0),1,,13,cupy_copy__float32_float32
2898696214,4576,137068,103,1,1,128,1,1,16,0.000,0.000,,,,,NVIDIA A100-SXM4-40GB MIG 4g.20gb (0),1,,13,cupy_copy__complex64_complex64
2898701814,12128,137078,1434,1,1,128,1,1,16,0.000,0.000,,,,,NVIDIA A100-SXM4-40GB MIG 4g.20gb (0),1,,13,cupy_copy__complex64_complex64
2898719990,82623,137083,1,1,1,32,32,1,30,0.000,0.000,,,,,NVIDIA A100-SXM4-40GB MIG 4g.20gb (0),1,,13,"void convert_kernel<__half2, float2>(tensor_layout_any, T1 *, tensor_layout_any, const T2 *)"
2898829460,5664,137086,,,,,,,,,,0.094,16542.310,Pinned,Device,NVIDIA A100-SXM4-40GB MIG 4g.20gb (0),1,,13,[CUDA memcpy Host-to-Device]
2898840020,601113,137087,,,,,,,,,,456.561,759261.675,Device,,NVIDIA A100-SXM4-40GB MIG 4g.20gb (0),1,,13,[CUDA memset]
2899449805,103230,137092,,,,,,,,,,1.235,11962.903,Pinned,Device,NVIDIA A100-SXM4-40GB MIG 4g.20gb (0),1,,13,[CUDA memcpy Host-to-Device]
2899563915,25856,137093,,,,,,,,,,0.197,7603.814,Pinned,Device,NVIDIA A100-SXM4-40GB MIG 4g.20gb (0),1,,13,[CUDA memcpy Host-to-Device]
2899615595,7935,137094,69,4,1,48,1,1,76,0.002,0.000,,,,,NVIDIA A100-SXM4-40GB MIG 4g.20gb (0),1,,13,"void ch_est::windowedChEstPreNoDftSOfdmKernel<float, __half, float, (unsigned int)2, (unsigned int)1, (unsigned short)4>(ch_est::puschRxChEstStatDescr_t *, ch_est::puschRxChEstDynDescr_t *)"
2899629706,7136,137095,137,2,1,24,2,1,44,0.001,0.001,,,,,NVIDIA A100-SXM4-40GB MIG 4g.20gb (0),1,,13,"void ch_est::chEstFilterNoDftSOfdmDispatchKernel<float, __half, float, (unsigned int)2>(ch_est::puschRxChEstStatDescr_t *, ch_est::puschRxChEstDynDescr_t *)"
2899644554,5184,137096,137,2,1,24,2,1,44,0.001,0.001,,,,,NVIDIA A100-SXM4-40GB MIG 4g.20gb (0),1,,13,"void ch_est::chEstFilterNoDftSOfdmDispatchKernel<float, __half, float, (unsigned int)2>(ch_est::puschRxChEstStatDescr_t *, ch_est::puschRxChEstDynDescr_t *)"
2899662826,2688,137107,103,1,1,128,1,1,16,0.000,0.000,,,,,NVIDIA A100-SXM4-40GB MIG 4g.20gb (0),1,,13,cupy_copy__complex64_complex64
2899679210,12224,137117,1434,1,1,128,1,1,16,0.000,0.000,,,,,NVIDIA A100-SXM4-40GB MIG 4g.20gb (0),1,,13,cupy_copy__complex64_complex64
2899697194,2944,137124,103,1,1,128,1,1,16,0.000,0.000,,,,,NVIDIA A100-SXM4-40GB MIG 4g.20gb (0),1,,13,cupy_copy__complex64_complex64
2899715497,88799,137131,1,1,1,32,32,1,30,0.000,0.000,,,,,NVIDIA A100-SXM4-40GB MIG 4g.20gb (0),1,,13,"void convert_kernel<__half2, float2>(tensor_layout_any, T1 *, tensor_layout_any, const T2 *)"
2899837192,22240,137134,,,,,,,,,,0.094,4212.947,Pinned,Device,NVIDIA A100-SXM4-40GB MIG 4g.20gb (0),1,,13,[CUDA memcpy Host-to-Device]
2899881447,47328,137135,,,,,,,,,,35.810,756627.800,Device,,NVIDIA A100-SXM4-40GB MIG 4g.20gb (0),1,,13,[CUDA memset]
2899935879,10271,137137,,,,,,,,,,0.000,7.789,Pinned,Device,NVIDIA A100-SXM4-40GB MIG 4g.20gb (0),1,,13,[CUDA memcpy Host-to-Device]
2899955622,32768,137138,,,,,,,,,,0.197,5999.886,Pinned,Device,NVIDIA A100-SXM4-40GB MIG 4g.20gb (0),1,,13,[CUDA memcpy Host-to-Device]
2900018374,9535,137139,273,1,1,48,1,1,40,0.000,0.001,,,,,NVIDIA A100-SXM4-40GB MIG 4g.20gb (0),1,,13,"void pusch_noise_intf_est::noiseIntfEstNoDftSOfdmKernel<float, __half, float, float, (unsigned int)2, (unsigned int)1, (unsigned char)4, (unsigned char)4>(pusch_noise_intf_est::puschRxNoiseIntfEstDynDescr)"
2900033125,2592,137150,35,1,1,128,1,1,16,0.000,0.000,,,,,NVIDIA A100-SXM4-40GB MIG 4g.20gb (0),1,,13,cupy_copy__complex64_complex64
2900047013,1696,137159,1,1,1,1,1,1,18,0.000,0.000,,,,,NVIDIA A100-SXM4-40GB MIG 4g.20gb (0),1,,13,cupy_copy__float32_float32
2900057029,8192,137165,,,,,,,,,,0.000,0.488,Device,Pageable,NVIDIA A100-SXM4-40GB MIG 4g.20gb (0),1,,7,[CUDA memcpy Device-to-Host]
2900138564,13216,137176,1434,1,1,128,1,1,16,0.000,0.000,,,,,NVIDIA A100-SXM4-40GB MIG 4g.20gb (0),1,,13,cupy_copy__complex64_complex64
2900171780,3392,137183,103,1,1,128,1,1,16,0.000,0.000,,,,,NVIDIA A100-SXM4-40GB MIG 4g.20gb (0),1,,13,cupy_copy__complex64_complex64
2900188451,2592,137190,35,1,1,128,1,1,16,0.000,0.000,,,,,NVIDIA A100-SXM4-40GB MIG 4g.20gb (0),1,,13,cupy_copy__complex64_complex64
2900204899,1760,137197,1,1,1,1,1,1,18,0.000,0.000,,,,,NVIDIA A100-SXM4-40GB MIG 4g.20gb (0),1,,13,cupy_copy__float32_float32
2900334978,88287,137208,1,1,1,32,32,1,30,0.000,0.000,,,,,NVIDIA A100-SXM4-40GB MIG 4g.20gb (0),1,,13,"void convert_kernel<__half2, float2>(tensor_layout_any, T1 *, tensor_layout_any, const T2 *)"
2900450944,5856,137211,,,,,,,,,,0.094,15999.997,Pinned,Device,NVIDIA A100-SXM4-40GB MIG 4g.20gb (0),1,,13,[CUDA memcpy Host-to-Device]
2900468384,3488,137212,,,,,,,,,,1.547,443412.461,Device,,NVIDIA A100-SXM4-40GB MIG 4g.20gb (0),1,,13,[CUDA memset]
2900472512,3168,137217,,,,,,,,,,0.031,9878.770,Pinned,Device,NVIDIA A100-SXM4-40GB MIG 4g.20gb (0),1,,13,[CUDA memcpy Host-to-Device]
2900478464,9664,137218,,,,,,,,,,0.197,20344.209,Pinned,Device,NVIDIA A100-SXM4-40GB MIG 4g.20gb (0),1,,13,[CUDA memcpy Host-to-Device]
2900492992,6336,137219,273,1,1,8,4,1,39,0.002,0.000,,,,,NVIDIA A100-SXM4-40GB MIG 4g.20gb (0),1,,13,"void channel_eq::eqMmseCoefCompLowMimoKernel<float, float, float, (unsigned int)4, (unsigned int)1, (unsigned int)4>(const channel_eq::_puschRxChEqStatDescr *, channel_eq::_puschRxChEqCoefCompDynDescr)"
2900502176,8064,137220,273,1,1,12,11,1,51,0.002,0.000,,,,,NVIDIA A100-SXM4-40GB MIG 4g.20gb (0),1,,13,"void channel_eq::eqMmseSoftDemapKernel<float, __half, __half, float, (unsigned int)4, (unsigned short)16383>(channel_eq::_puschRxChEqStatDescr *, channel_eq::_puschRxChEqSoftDemapDynDescr)"
2900514015,289469,137221,1,1,1,32,32,1,30,0.000,0.000,,,,,NVIDIA A100-SXM4-40GB MIG 4g.20gb (0),1,,13,"void convert_kernel<float2, __half2>(tensor_layout_any, T1 *, tensor_layout_any, const T2 *)"
2900804636,10880,137233,2253,1,1,128,1,1,16,0.000,0.000,,,,,NVIDIA A100-SXM4-40GB MIG 4g.20gb (0),1,,13,cupy_copy__float16_float16
2900820540,2656,137242,282,1,1,128,1,1,16,0.000,0.000,,,,,NVIDIA A100-SXM4-40GB MIG 4g.20gb (0),1,,13,cupy_copy__complex64_complex64
2900826108,2208,137251,26,1,1,128,1,1,16,0.000,0.000,,,,,NVIDIA A100-SXM4-40GB MIG 4g.20gb (0),1,,13,cupy_copy__float32_float32
2900830908,2912,137260,103,1,1,128,1,1,16,0.000,0.000,,,,,NVIDIA A100-SXM4-40GB MIG 4g.20gb (0),1,,13,cupy_copy__complex64_complex64
2900837275,11968,137270,1434,1,1,128,1,1,16,0.000,0.000,,,,,NVIDIA A100-SXM4-40GB MIG 4g.20gb (0),1,,13,cupy_copy__complex64_complex64
2900853147,82495,137275,1,1,1,32,32,1,30,0.000,0.000,,,,,NVIDIA A100-SXM4-40GB MIG 4g.20gb (0),1,,13,"void convert_kernel<__half2, float2>(tensor_layout_any, T1 *, tensor_layout_any, const T2 *)"
2900962714,5600,137278,,,,,,,,,,0.094,16731.388,Pinned,Device,NVIDIA A100-SXM4-40GB MIG 4g.20gb (0),1,,13,[CUDA memcpy Host-to-Device]
2900972922,597368,137279,,,,,,,,,,456.561,764283.851,Device,,NVIDIA A100-SXM4-40GB MIG 4g.20gb (0),1,,13,[CUDA memset]
2901574034,108959,137284,,,,,,,,,,1.235,11333.081,Pinned,Device,NVIDIA A100-SXM4-40GB MIG 4g.20gb (0),1,,13,[CUDA memcpy Host-to-Device]
2901691249,18784,137285,,,,,,,,,,0.197,10466.623,Pinned,Device,NVIDIA A100-SXM4-40GB MIG 4g.20gb (0),1,,13,[CUDA memcpy Host-to-Device]
2901723473,8639,137286,69,4,1,48,1,1,76,0.002,0.000,,,,,NVIDIA A100-SXM4-40GB MIG 4g.20gb (0),1,,13,"void ch_est::windowedChEstPreNoDftSOfdmKernel<float, __half, float, (unsigned int)2, (unsigned int)1, (unsigned short)4>(ch_est::puschRxChEstStatDescr_t *, ch_est::puschRxChEstDynDescr_t *)"
2901739824,7424,137287,137,2,1,24,2,1,44,0.001,0.001,,,,,NVIDIA A100-SXM4-40GB MIG 4g.20gb (0),1,,13,"void ch_est::chEstFilterNoDftSOfdmDispatchKernel<float, __half, float, (unsigned int)2>(ch_est::puschRxChEstStatDescr_t *, ch_est::puschRxChEstDynDescr_t *)"
2901749200,6272,137288,137,2,1,24,2,1,44,0.001,0.001,,,,,NVIDIA A100-SXM4-40GB MIG 4g.20gb (0),1,,13,"void ch_est::chEstFilterNoDftSOfdmDispatchKernel<float, __half, float, (unsigned int)2>(ch_est::puschRxChEstStatDescr_t *, ch_est::puschRxChEstDynDescr_t *)"
2901757200,3040,137299,103,1,1,128,1,1,16,0.000,0.000,,,,,NVIDIA A100-SXM4-40GB MIG 4g.20gb (0),1,,13,cupy_copy__complex64_complex64
2901766064,12960,137309,1434,1,1,128,1,1,16,0.000,0.000,,,,,NVIDIA A100-SXM4-40GB MIG 4g.20gb (0),1,,13,cupy_copy__complex64_complex64
2901781776,2528,137316,103,1,1,128,1,1,16,0.000,0.000,,,,,NVIDIA A100-SXM4-40GB MIG 4g.20gb (0),1,,13,cupy_copy__complex64_complex64
2901790512,93311,137323,1,1,1,32,32,1,30,0.000,0.000,,,,,NVIDIA A100-SXM4-40GB MIG 4g.20gb (0),1,,13,"void convert_kernel<__half2, float2>(tensor_layout_any, T1 *, tensor_layout_any, const T2 *)"
2901915758,13824,137326,,,,,,,,,,0.094,6777.688,Pinned,Device,NVIDIA A100-SXM4-40GB MIG 4g.20gb (0),1,,13,[CUDA memcpy Host-to-Device]
2901935150,48159,137327,,,,,,,,,,35.810,743557.179,Device,,NVIDIA A100-SXM4-40GB MIG 4g.20gb (0),1,,13,[CUDA memset]
2901991021,5184,137329,,,,,,,,,,0.000,15.432,Pinned,Device,NVIDIA A100-SXM4-40GB MIG 4g.20gb (0),1,,13,[CUDA memcpy Host-to-Device]
2902004493,18720,137330,,,,,,,,,,0.197,10502.406,Pinned,Device,NVIDIA A100-SXM4-40GB MIG 4g.20gb (0),1,,13,[CUDA memcpy Host-to-Device]
2902033293,9344,137331,273,1,1,48,1,1,40,0.000,0.001,,,,,NVIDIA A100-SXM4-40GB MIG 4g.20gb (0),1,,13,"void pusch_noise_intf_est::noiseIntfEstNoDftSOfdmKernel<float, __half, float, float, (unsigned int)2, (unsigned int)1, (unsigned char)4, (unsigned char)4>(pusch_noise_intf_est::puschRxNoiseIntfEstDynDescr)"
2902053164,2592,137342,35,1,1,128,1,1,16,0.000,0.000,,,,,NVIDIA A100-SXM4-40GB MIG 4g.20gb (0),1,,13,cupy_copy__complex64_complex64
2902063532,1696,137351,1,1,1,1,1,1,18,0.000,0.000,,,,,NVIDIA A100-SXM4-40GB MIG 4g.20gb (0),1,,13,cupy_copy__float32_float32
2902069356,4320,137357,,,,,,,,,,0.000,0.926,Device,Pageable,NVIDIA A100-SXM4-40GB MIG 4g.20gb (0),1,,7,[CUDA memcpy Device-to-Host]
2902148203,12832,137368,1434,1,1,128,1,1,16,0.000,0.000,,,,,NVIDIA A100-SXM4-40GB MIG 4g.20gb (0),1,,13,cupy_copy__complex64_complex64
2902173515,3136,137375,103,1,1,128,1,1,16,0.000,0.000,,,,,NVIDIA A100-SXM4-40GB MIG 4g.20gb (0),1,,13,cupy_copy__complex64_complex64
2902194443,2528,137382,35,1,1,128,1,1,16,0.000,0.000,,,,,NVIDIA A100-SXM4-40GB MIG 4g.20gb (0),1,,13,cupy_copy__complex64_complex64
2902215018,1792,137389,1,1,1,1,1,1,18,0.000,0.000,,,,,NVIDIA A100-SXM4-40GB MIG 4g.20gb (0),1,,13,cupy_copy__float32_float32
2902339145,88671,137400,1,1,1,32,32,1,30,0.000,0.000,,,,,NVIDIA A100-SXM4-40GB MIG 4g.20gb (0),1,,13,"void convert_kernel<__half2, float2>(tensor_layout_any, T1 *, tensor_layout_any, const T2 *)"
2902455367,5472,137403,,,,,,,,,,0.094,17122.757,Pinned,Device,NVIDIA A100-SXM4-40GB MIG 4g.20gb (0),1,,13,[CUDA memcpy Host-to-Device]
2902469767,3328,137404,,,,,,,,,,1.547,464729.580,Device,,NVIDIA A100-SXM4-40GB MIG 4g.20gb (0),1,,13,[CUDA memset]
2902476583,3328,137409,,,,,,,,,,0.031,9403.822,Pinned,Device,NVIDIA A100-SXM4-40GB MIG 4g.20gb (0),1,,13,[CUDA memcpy Host-to-Device]
2902482631,9760,137410,,,,,,,,,,0.197,20144.259,Pinned,Device,NVIDIA A100-SXM4-40GB MIG 4g.20gb (0),1,,13,[CUDA memcpy Host-to-Device]
2902497255,6272,137411,273,1,1,8,4,1,39,0.002,0.000,,,,,NVIDIA A100-SXM4-40GB MIG 4g.20gb (0),1,,13,"void channel_eq::eqMmseCoefCompLowMimoKernel<float, float, float, (unsigned int)4, (unsigned int)1, (unsigned int)4>(const channel_eq::_puschRxChEqStatDescr *, channel_eq::_puschRxChEqCoefCompDynDescr)"
2902505639,6112,137412,273,1,1,12,11,1,51,0.002,0.000,,,,,NVIDIA A100-SXM4-40GB MIG 4g.20gb (0),1,,13,"void channel_eq::eqMmseSoftDemapKernel<float, __half, __half, float, (unsigned int)4, (unsigned short)16383>(channel_eq::_puschRxChEqStatDescr *, channel_eq::_puschRxChEqSoftDemapDynDescr)"
2902513447,282428,137413,1,1,1,32,32,1,30,0.000,0.000,,,,,NVIDIA A100-SXM4-40GB MIG 4g.20gb (0),1,,13,"void convert_kernel<float2, __half2>(tensor_layout_any, T1 *, tensor_layout_any, const T2 *)"
2902798211,10944,137425,2253,1,1,128,1,1,16,0.000,0.000,,,,,NVIDIA A100-SXM4-40GB MIG 4g.20gb (0),1,,13,cupy_copy__float16_float16
2902812483,3648,137434,282,1,1,128,1,1,16,0.000,0.000,,,,,NVIDIA A100-SXM4-40GB MIG 4g.20gb (0),1,,13,cupy_copy__complex64_complex64
2902819043,2112,137443,26,1,1,128,1,1,16,0.000,0.000,,,,,NVIDIA A100-SXM4-40GB MIG 4g.20gb (0),1,,13,cupy_copy__float32_float32
2902823043,3200,137452,103,1,1,128,1,1,16,0.000,0.000,,,,,NVIDIA A100-SXM4-40GB MIG 4g.20gb (0),1,,13,cupy_copy__complex64_complex64
2902827299,11840,137462,1434,1,1,128,1,1,16,0.000,0.000,,,,,NVIDIA A100-SXM4-40GB MIG 4g.20gb (0),1,,13,cupy_copy__complex64_complex64
2902855267,87422,137467,1,1,1,32,32,1,30,0.000,0.000,,,,,NVIDIA A100-SXM4-40GB MIG 4g.20gb (0),1,,13,"void convert_kernel<__half2, float2>(tensor_layout_any, T1 *, tensor_layout_any, const T2 *)"
2902970977,5824,137470,,,,,,,,,,0.094,16087.884,Pinned,Device,NVIDIA A100-SXM4-40GB MIG 4g.20gb (0),1,,13,[CUDA memcpy Host-to-Device]
2902981313,599353,137471,,,,,,,,,,456.561,761544.482,Device,,NVIDIA A100-SXM4-40GB MIG 4g.20gb (0),1,,13,[CUDA memset]
2903586201,147295,137476,,,,,,,,,,1.235,8384.035,Pinned,Device,NVIDIA A100-SXM4-40GB MIG 4g.20gb (0),1,,13,[CUDA memcpy Host-to-Device]
2903743672,36959,137477,,,,,,,,,,0.197,5319.623,Pinned,Device,NVIDIA A100-SXM4-40GB MIG 4g.20gb (0),1,,13,[CUDA memcpy Host-to-Device]
2903793527,8096,137478,69,4,1,48,1,1,76,0.002,0.000,,,,,NVIDIA A100-SXM4-40GB MIG 4g.20gb (0),1,,13,"void ch_est::windowedChEstPreNoDftSOfdmKernel<float, __half, float, (unsigned int)2, (unsigned int)1, (unsigned short)4>(ch_est::puschRxChEstStatDescr_t *, ch_est::puschRxChEstDynDescr_t *)"
2903808663,6688,137479,137,2,1,24,2,1,44,0.001,0.001,,,,,NVIDIA A100-SXM4-40GB MIG 4g.20gb (0),1,,13,"void ch_est::chEstFilterNoDftSOfdmDispatchKernel<float, __half, float, (unsigned int)2>(ch_est::puschRxChEstStatDescr_t *, ch_est::puschRxChEstDynDescr_t *)"
2903818455,4736,137480,137,2,1,24,2,1,44,0.001,0.001,,,,,NVIDIA A100-SXM4-40GB MIG 4g.20gb (0),1,,13,"void ch_est::chEstFilterNoDftSOfdmDispatchKernel<float, __half, float, (unsigned int)2>(ch_est::puschRxChEstStatDescr_t *, ch_est::puschRxChEstDynDescr_t *)"
2903832278,2720,137491,103,1,1,128,1,1,16,0.000,0.000,,,,,NVIDIA A100-SXM4-40GB MIG 4g.20gb (0),1,,13,cupy_copy__complex64_complex64
2903844566,12512,137501,1434,1,1,128,1,1,16,0.000,0.000,,,,,NVIDIA A100-SXM4-40GB MIG 4g.20gb (0),1,,13,cupy_copy__complex64_complex64
2903862934,2368,137508,103,1,1,128,1,1,16,0.000,0.000,,,,,NVIDIA A100-SXM4-40GB MIG 4g.20gb (0),1,,13,cupy_copy__complex64_complex64
2903873334,90527,137515,1,1,1,32,32,1,30,0.000,0.000,,,,,NVIDIA A100-SXM4-40GB MIG 4g.20gb (0),1,,13,"void convert_kernel<__half2, float2>(tensor_layout_any, T1 *, tensor_layout_any, const T2 *)"
2903991252,6240,137518,,,,,,,,,,0.094,15015.346,Pinned,Device,NVIDIA A100-SXM4-40GB MIG 4g.20gb (0),1,,13,[CUDA memcpy Host-to-Device]
2904003604,47680,137519,,,,,,,,,,35.810,751041.452,Device,,NVIDIA A100-SXM4-40GB MIG 4g.20gb (0),1,,13,[CUDA memset]
2904055700,3264,137521,,,,,,,,,,0.000,24.510,Pinned,Device,NVIDIA A100-SXM4-40GB MIG 4g.20gb (0),1,,13,[CUDA memcpy Host-to-Device]
2904063572,10591,137522,,,,,,,,,,0.197,18563.531,Pinned,Device,NVIDIA A100-SXM4-40GB MIG 4g.20gb (0),1,,13,[CUDA memcpy Host-to-Device]
2904084243,10208,137523,273,1,1,48,1,1,40,0.000,0.001,,,,,NVIDIA A100-SXM4-40GB MIG 4g.20gb (0),1,,13,"void pusch_noise_intf_est::noiseIntfEstNoDftSOfdmKernel<float, __half, float, float, (unsigned int)2, (unsigned int)1, (unsigned char)4, (unsigned char)4>(pusch_noise_intf_est::puschRxNoiseIntfEstDynDescr)"
2904098547,2848,137534,35,1,1,128,1,1,16,0.000,0.000,,,,,NVIDIA A100-SXM4-40GB MIG 4g.20gb (0),1,,13,cupy_copy__complex64_complex64
2904111123,2048,137543,1,1,1,1,1,1,18,0.000,0.000,,,,,NVIDIA A100-SXM4-40GB MIG 4g.20gb (0),1,,13,cupy_copy__float32_float32
2904143955,1600,137549,,,,,,,,,,0.000,2.500,Device,Pageable,NVIDIA A100-SXM4-40GB MIG 4g.20gb (0),1,,7,[CUDA memcpy Device-to-Host]
2904203826,12672,137560,1434,1,1,128,1,1,16,0.000,0.000,,,,,NVIDIA A100-SXM4-40GB MIG 4g.20gb (0),1,,13,cupy_copy__complex64_complex64
2904230610,3359,137567,103,1,1,128,1,1,16,0.000,0.000,,,,,NVIDIA A100-SXM4-40GB MIG 4g.20gb (0),1,,13,cupy_copy__complex64_complex64
2904250961,2592,137574,35,1,1,128,1,1,16,0.000,0.000,,,,,NVIDIA A100-SXM4-40GB MIG 4g.20gb (0),1,,13,cupy_copy__complex64_complex64
2904270961,1760,137581,1,1,1,1,1,1,18,0.000,0.000,,,,,NVIDIA A100-SXM4-40GB MIG 4g.20gb (0),1,,13,cupy_copy__float32_float32
2904400047,81663,137592,1,1,1,32,32,1,30,0.000,0.000,,,,,NVIDIA A100-SXM4-40GB MIG 4g.20gb (0),1,,13,"void convert_kernel<__half2, float2>(tensor_layout_any, T1 *, tensor_layout_any, const T2 *)"
2904509614,5760,137595,,,,,,,,,,0.094,16266.656,Pinned,Device,NVIDIA A100-SXM4-40GB MIG 4g.20gb (0),1,,13,[CUDA memcpy Host-to-Device]
2904523950,3328,137596,,,,,,,,,,1.547,464729.580,Device,,NVIDIA A100-SXM4-40GB MIG 4g.20gb (0),1,,13,[CUDA memset]
2904531086,3104,137601,,,,,,,,,,0.031,10082.445,Pinned,Device,NVIDIA A100-SXM4-40GB MIG 4g.20gb (0),1,,13,[CUDA memcpy Host-to-Device]
2904536942,9408,137602,,,,,,,,,,0.197,20897.858,Pinned,Device,NVIDIA A100-SXM4-40GB MIG 4g.20gb (0),1,,13,[CUDA memcpy Host-to-Device]
2904552142,8543,137603,273,1,1,8,4,1,39,0.002,0.000,,,,,NVIDIA A100-SXM4-40GB MIG 4g.20gb (0),1,,13,"void channel_eq::eqMmseCoefCompLowMimoKernel<float, float, float, (unsigned int)4, (unsigned int)1, (unsigned int)4>(const channel_eq::_puschRxChEqStatDescr *, channel_eq::_puschRxChEqCoefCompDynDescr)"
2904565549,5472,137604,273,1,1,12,11,1,51,0.002,0.000,,,,,NVIDIA A100-SXM4-40GB MIG 4g.20gb (0),1,,13,"void channel_eq::eqMmseSoftDemapKernel<float, __half, __half, float, (unsigned int)4, (unsigned short)16383>(channel_eq::_puschRxChEqStatDescr *, channel_eq::_puschRxChEqSoftDemapDynDescr)"
2904573357,279197,137605,1,1,1,32,32,1,30,0.000,0.000,,,,,NVIDIA A100-SXM4-40GB MIG 4g.20gb (0),1,,13,"void convert_kernel<float2, __half2>(tensor_layout_any, T1 *, tensor_layout_any, const T2 *)"
2904853482,10752,137617,2253,1,1,128,1,1,16,0.000,0.000,,,,,NVIDIA A100-SXM4-40GB MIG 4g.20gb (0),1,,13,cupy_copy__float16_float16
2904868266,3648,137626,282,1,1,128,1,1,16,0.000,0.000,,,,,NVIDIA A100-SXM4-40GB MIG 4g.20gb (0),1,,13,cupy_copy__complex64_complex64
2904873898,2176,137635,26,1,1,128,1,1,16,0.000,0.000,,,,,NVIDIA A100-SXM4-40GB MIG 4g.20gb (0),1,,13,cupy_copy__float32_float32
2904878218,3103,137644,103,1,1,128,1,1,16,0.000,0.000,,,,,NVIDIA A100-SXM4-40GB MIG 4g.20gb (0),1,,13,cupy_copy__complex64_complex64
2904882345,11968,137654,1434,1,1,128,1,1,16,0.000,0.000,,,,,NVIDIA A100-SXM4-40GB MIG 4g.20gb (0),1,,13,cupy_copy__complex64_complex64
2904905737,83039,137659,1,1,1,32,32,1,30,0.000,0.000,,,,,NVIDIA A100-SXM4-40GB MIG 4g.20gb (0),1,,13,"void convert_kernel<__half2, float2>(tensor_layout_any, T1 *, tensor_layout_any, const T2 *)"
2905015944,5792,137662,,,,,,,,,,0.094,16176.708,Pinned,Device,NVIDIA A100-SXM4-40GB MIG 4g.20gb (0),1,,13,[CUDA memcpy Host-to-Device]
2905026664,597944,137663,,,,,,,,,,456.561,763370.728,Device,,NVIDIA A100-SXM4-40GB MIG 4g.20gb (0),1,,13,[CUDA memset]
2905631296,149406,137668,,,,,,,,,,1.235,8265.480,Pinned,Device,NVIDIA A100-SXM4-40GB MIG 4g.20gb (0),1,,13,[CUDA memcpy Host-to-Device]
2905793182,41856,137669,,,,,,,,,,0.197,4697.162,Pinned,Device,NVIDIA A100-SXM4-40GB MIG 4g.20gb (0),1,,13,[CUDA memcpy Host-to-Device]
2905852413,8096,137670,69,4,1,48,1,1,76,0.002,0.000,,,,,NVIDIA A100-SXM4-40GB MIG 4g.20gb (0),1,,13,"void ch_est::windowedChEstPreNoDftSOfdmKernel<float, __half, float, (unsigned int)2, (unsigned int)1, (unsigned short)4>(ch_est::puschRxChEstStatDescr_t *, ch_est::puschRxChEstDynDescr_t *)"
2905872029,6624,137671,137,2,1,24,2,1,44,0.001,0.001,,,,,NVIDIA A100-SXM4-40GB MIG 4g.20gb (0),1,,13,"void ch_est::chEstFilterNoDftSOfdmDispatchKernel<float, __half, float, (unsigned int)2>(ch_est::puschRxChEstStatDescr_t *, ch_est::puschRxChEstDynDescr_t *)"
2905889085,4736,137672,137,2,1,24,2,1,44,0.001,0.001,,,,,NVIDIA A100-SXM4-40GB MIG 4g.20gb (0),1,,13,"void ch_est::chEstFilterNoDftSOfdmDispatchKernel<float, __half, float, (unsigned int)2>(ch_est::puschRxChEstStatDescr_t *, ch_est::puschRxChEstDynDescr_t *)"
2905906109,2496,137683,103,1,1,128,1,1,16,0.000,0.000,,,,,NVIDIA A100-SXM4-40GB MIG 4g.20gb (0),1,,13,cupy_copy__complex64_complex64
2905923997,12767,137693,1434,1,1,128,1,1,16,0.000,0.000,,,,,NVIDIA A100-SXM4-40GB MIG 4g.20gb (0),1,,13,cupy_copy__complex64_complex64
2905943260,2944,137700,103,1,1,128,1,1,16,0.000,0.000,,,,,NVIDIA A100-SXM4-40GB MIG 4g.20gb (0),1,,13,cupy_copy__complex64_complex64
2905963644,99231,137707,1,1,1,32,32,1,30,0.000,0.000,,,,,NVIDIA A100-SXM4-40GB MIG 4g.20gb (0),1,,13,"void convert_kernel<__half2, float2>(tensor_layout_any, T1 *, tensor_layout_any, const T2 *)"
2906098426,17280,137710,,,,,,,,,,0.094,5422.188,Pinned,Device,NVIDIA A100-SXM4-40GB MIG 4g.20gb (0),1,,13,[CUDA memcpy Host-to-Device]
2906126330,47807,137711,,,,,,,,,,35.810,749036.097,Device,,NVIDIA A100-SXM4-40GB MIG 4g.20gb (0),1,,13,[CUDA memset]
2906180473,5568,137713,,,,,,,,,,0.000,14.368,Pinned,Device,NVIDIA A100-SXM4-40GB MIG 4g.20gb (0),1,,13,[CUDA memcpy Host-to-Device]
2906190137,19648,137714,,,,,,,,,,0.197,10006.364,Pinned,Device,NVIDIA A100-SXM4-40GB MIG 4g.20gb (0),1,,13,[CUDA memcpy Host-to-Device]
2906217433,10336,137715,273,1,1,48,1,1,40,0.000,0.001,,,,,NVIDIA A100-SXM4-40GB MIG 4g.20gb (0),1,,13,"void pusch_noise_intf_est::noiseIntfEstNoDftSOfdmKernel<float, __half, float, float, (unsigned int)2, (unsigned int)1, (unsigned char)4, (unsigned char)4>(pusch_noise_intf_est::puschRxNoiseIntfEstDynDescr)"
2906232409,3104,137726,35,1,1,128,1,1,16,0.000,0.000,,,,,NVIDIA A100-SXM4-40GB MIG 4g.20gb (0),1,,13,cupy_copy__complex64_complex64
2906237433,1952,137735,1,1,1,1,1,1,18,0.000,0.000,,,,,NVIDIA A100-SXM4-40GB MIG 4g.20gb (0),1,,13,cupy_copy__float32_float32
2906243481,1696,137741,,,,,,,,,,0.000,2.358,Device,Pageable,NVIDIA A100-SXM4-40GB MIG 4g.20gb (0),1,,7,[CUDA memcpy Device-to-Host]
2906304472,13024,137752,1434,1,1,128,1,1,16,0.000,0.000,,,,,NVIDIA A100-SXM4-40GB MIG 4g.20gb (0),1,,13,cupy_copy__complex64_complex64
2906333496,2591,137759,103,1,1,128,1,1,16,0.000,0.000,,,,,NVIDIA A100-SXM4-40GB MIG 4g.20gb (0),1,,13,cupy_copy__complex64_complex64
2906351479,2912,137766,35,1,1,128,1,1,16,0.000,0.000,,,,,NVIDIA A100-SXM4-40GB MIG 4g.20gb (0),1,,13,cupy_copy__complex64_complex64
2906369943,1728,137773,1,1,1,1,1,1,18,0.000,0.000,,,,,NVIDIA A100-SXM4-40GB MIG 4g.20gb (0),1,,13,cupy_copy__float32_float32
2906502357,82335,137784,1,1,1,32,32,1,30,0.000,0.000,,,,,NVIDIA A100-SXM4-40GB MIG 4g.20gb (0),1,,13,"void convert_kernel<__half2, float2>(tensor_layout_any, T1 *, tensor_layout_any, const T2 *)"
2906612244,5664,137787,,,,,,,,,,0.094,16542.310,Pinned,Device,NVIDIA A100-SXM4-40GB MIG 4g.20gb (0),1,,13,[CUDA memcpy Host-to-Device]
2906625812,3264,137788,,,,,,,,,,1.547,473842.288,Device,,NVIDIA A100-SXM4-40GB MIG 4g.20gb (0),1,,13,[CUDA memset]
2906632884,3008,137793,,,,,,,,,,0.031,10404.230,Pinned,Device,NVIDIA A100-SXM4-40GB MIG 4g.20gb (0),1,,13,[CUDA memcpy Host-to-Device]
2906638484,9920,137794,,,,,,,,,,0.197,19819.266,Pinned,Device,NVIDIA A100-SXM4-40GB MIG 4g.20gb (0),1,,13,[CUDA memcpy Host-to-Device]
2906652372,8319,137795,273,1,1,8,4,1,39,0.002,0.000,,,,,NVIDIA A100-SXM4-40GB MIG 4g.20gb (0),1,,13,"void channel_eq::eqMmseCoefCompLowMimoKernel<float, float, float, (unsigned int)4, (unsigned int)1, (unsigned int)4>(const channel_eq::_puschRxChEqStatDescr *, channel_eq::_puschRxChEqCoefCompDynDescr)"
2906664115,5632,137796,273,1,1,12,11,1,51,0.002,0.000,,,,,NVIDIA A100-SXM4-40GB MIG 4g.20gb (0),1,,13,"void channel_eq::eqMmseSoftDemapKernel<float, __half, __half, float, (unsigned int)4, (unsigned short)16383>(channel_eq::_puschRxChEqStatDescr *, channel_eq::_puschRxChEqSoftDemapDynDescr)"
2906671443,282493,137797,1,1,1,32,32,1,30,0.000,0.000,,,,,NVIDIA A100-SXM4-40GB MIG 4g.20gb (0),1,,13,"void convert_kernel<float2, __half2>(tensor_layout_any, T1 *, tensor_layout_any, const T2 *)"
2906956592,11040,137809,2253,1,1,128,1,1,16,0.000,0.000,,,,,NVIDIA A100-SXM4-40GB MIG 4g.20gb (0),1,,13,cupy_copy__float16_float16
2906972560,2656,137818,282,1,1,128,1,1,16,0.000,0.000,,,,,NVIDIA A100-SXM4-40GB MIG 4g.20gb (0),1,,13,cupy_copy__complex64_complex64
2906978096,1984,137827,26,1,1,128,1,1,16,0.000,0.000,,,,,NVIDIA A100-SXM4-40GB MIG 4g.20gb (0),1,,13,cupy_copy__float32_float32
2906981168,3231,137836,103,1,1,128,1,1,16,0.000,0.000,,,,,NVIDIA A100-SXM4-40GB MIG 4g.20gb (0),1,,13,cupy_copy__complex64_complex64
2906985551,11904,137846,1434,1,1,128,1,1,16,0.000,0.000,,,,,NVIDIA A100-SXM4-40GB MIG 4g.20gb (0),1,,13,cupy_copy__complex64_complex64
2907015119,86687,137851,1,1,1,32,32,1,30,0.000,0.000,,,,,NVIDIA A100-SXM4-40GB MIG 4g.20gb (0),1,,13,"void convert_kernel<__half2, float2>(tensor_layout_any, T1 *, tensor_layout_any, const T2 *)"
2907128526,5888,137854,,,,,,,,,,0.094,15912.954,Pinned,Device,NVIDIA A100-SXM4-40GB MIG 4g.20gb (0),1,,13,[CUDA memcpy Host-to-Device]
2907138478,599896,137855,,,,,,,,,,456.561,760631.359,Device,,NVIDIA A100-SXM4-40GB MIG 4g.20gb (0),1,,13,[CUDA memset]
2907741766,170334,137860,,,,,,,,,,1.235,7249.121,Pinned,Device,NVIDIA A100-SXM4-40GB MIG 4g.20gb (0),1,,13,[CUDA memcpy Host-to-Device]
2907925508,40671,137861,,,,,,,,,,0.197,4834.001,Pinned,Device,NVIDIA A100-SXM4-40GB MIG 4g.20gb (0),1,,13,[CUDA memcpy Host-to-Device]
2907987587,7936,137862,69,4,1,48,1,1,76,0.002,0.000,,,,,NVIDIA A100-SXM4-40GB MIG 4g.20gb (0),1,,13,"void ch_est::windowedChEstPreNoDftSOfdmKernel<float, __half, float, (unsigned int)2, (unsigned int)1, (unsigned short)4>(ch_est::puschRxChEstStatDescr_t *, ch_est::puschRxChEstDynDescr_t *)"
2908005539,6656,137863,137,2,1,24,2,1,44,0.001,0.001,,,,,NVIDIA A100-SXM4-40GB MIG 4g.20gb (0),1,,13,"void ch_est::chEstFilterNoDftSOfdmDispatchKernel<float, __half, float, (unsigned int)2>(ch_est::puschRxChEstStatDescr_t *, ch_est::puschRxChEstDynDescr_t *)"
2908022947,4736,137864,137,2,1,24,2,1,44,0.001,0.001,,,,,NVIDIA A100-SXM4-40GB MIG 4g.20gb (0),1,,13,"void ch_est::chEstFilterNoDftSOfdmDispatchKernel<float, __half, float, (unsigned int)2>(ch_est::puschRxChEstStatDescr_t *, ch_est::puschRxChEstDynDescr_t *)"
2908039362,2784,137875,103,1,1,128,1,1,16,0.000,0.000,,,,,NVIDIA A100-SXM4-40GB MIG 4g.20gb (0),1,,13,cupy_copy__complex64_complex64
2908056322,12544,137885,1434,1,1,128,1,1,16,0.000,0.000,,,,,NVIDIA A100-SXM4-40GB MIG 4g.20gb (0),1,,13,cupy_copy__complex64_complex64
2908079906,2560,137892,103,1,1,128,1,1,16,0.000,0.000,,,,,NVIDIA A100-SXM4-40GB MIG 4g.20gb (0),1,,13,cupy_copy__complex64_complex64
2908103234,90943,137899,1,1,1,32,32,1,30,0.000,0.000,,,,,NVIDIA A100-SXM4-40GB MIG 4g.20gb (0),1,,13,"void convert_kernel<__half2, float2>(tensor_layout_any, T1 *, tensor_layout_any, const T2 *)"
2908230368,24736,137902,,,,,,,,,,0.094,3787.754,Pinned,Device,NVIDIA A100-SXM4-40GB MIG 4g.20gb (0),1,,13,[CUDA memcpy Host-to-Device]
2908272800,47167,137903,,,,,,,,,,35.810,759206.114,Device,,NVIDIA A100-SXM4-40GB MIG 4g.20gb (0),1,,13,[CUDA memset]
2908323455,14848,137905,,,,,,,,,,0.000,5.388,Pinned,Device,NVIDIA A100-SXM4-40GB MIG 4g.20gb (0),1,,13,[CUDA memcpy Host-to-Device]
2908347583,21503,137906,,,,,,,,,,0.197,9143.255,Pinned,Device,NVIDIA A100-SXM4-40GB MIG 4g.20gb (0),1,,13,[CUDA memcpy Host-to-Device]
2908400062,9440,137907,273,1,1,48,1,1,40,0.000,0.001,,,,,NVIDIA A100-SXM4-40GB MIG 4g.20gb (0),1,,13,"void pusch_noise_intf_est::noiseIntfEstNoDftSOfdmKernel<float, __half, float, float, (unsigned int)2, (unsigned int)1, (unsigned char)4, (unsigned char)4>(pusch_noise_intf_est::puschRxNoiseIntfEstDynDescr)"
2908416926,2848,137918,35,1,1,128,1,1,16,0.000,0.000,,,,,NVIDIA A100-SXM4-40GB MIG 4g.20gb (0),1,,13,cupy_copy__complex64_complex64
2908433182,1728,137927,1,1,1,1,1,1,18,0.000,0.000,,,,,NVIDIA A100-SXM4-40GB MIG 4g.20gb (0),1,,13,cupy_copy__float32_float32
2908436318,8479,137933,,,,,,,,,,0.000,0.472,Device,Pageable,NVIDIA A100-SXM4-40GB MIG 4g.20gb (0),1,,7,[CUDA memcpy Device-to-Host]
2908525692,12928,137944,1434,1,1,128,1,1,16,0.000,0.000,,,,,NVIDIA A100-SXM4-40GB MIG 4g.20gb (0),1,,13,cupy_copy__complex64_complex64
2908550716,3488,137951,103,1,1,128,1,1,16,0.000,0.000,,,,,NVIDIA A100-SXM4-40GB MIG 4g.20gb (0),1,,13,cupy_copy__complex64_complex64
2908573724,2336,137958,35,1,1,128,1,1,16,0.000,0.000,,,,,NVIDIA A100-SXM4-40GB MIG 4g.20gb (0),1,,13,cupy_copy__complex64_complex64
2908593628,1920,137965,1,1,1,1,1,1,18,0.000,0.000,,,,,NVIDIA A100-SXM4-40GB MIG 4g.20gb (0),1,,13,cupy_copy__float32_float32
2908721114,87871,137976,1,1,1,32,32,1,30,0.000,0.000,,,,,NVIDIA A100-SXM4-40GB MIG 4g.20gb (0),1,,13,"void convert_kernel<__half2, float2>(tensor_layout_any, T1 *, tensor_layout_any, const T2 *)"
2908837689,5631,137979,,,,,,,,,,0.094,16639.285,Pinned,Device,NVIDIA A100-SXM4-40GB MIG 4g.20gb (0),1,,13,[CUDA memcpy Host-to-Device]
2908851672,3328,137980,,,,,,,,,,1.547,464729.580,Device,,NVIDIA A100-SXM4-40GB MIG 4g.20gb (0),1,,13,[CUDA memset]
2908860312,3488,137985,,,,,,,,,,0.031,8972.469,Pinned,Device,NVIDIA A100-SXM4-40GB MIG 4g.20gb (0),1,,13,[CUDA memcpy Host-to-Device]
2908866200,9824,137986,,,,,,,,,,0.197,20012.925,Pinned,Device,NVIDIA A100-SXM4-40GB MIG 4g.20gb (0),1,,13,[CUDA memcpy Host-to-Device]
2908881560,6240,137987,273,1,1,8,4,1,39,0.002,0.000,,,,,NVIDIA A100-SXM4-40GB MIG 4g.20gb (0),1,,13,"void channel_eq::eqMmseCoefCompLowMimoKernel<float, float, float, (unsigned int)4, (unsigned int)1, (unsigned int)4>(const channel_eq::_puschRxChEqStatDescr *, channel_eq::_puschRxChEqCoefCompDynDescr)"
2908888888,6336,137988,273,1,1,12,11,1,51,0.002,0.000,,,,,NVIDIA A100-SXM4-40GB MIG 4g.20gb (0),1,,13,"void channel_eq::eqMmseSoftDemapKernel<float, __half, __half, float, (unsigned int)4, (unsigned short)16383>(channel_eq::_puschRxChEqStatDescr *, channel_eq::_puschRxChEqSoftDemapDynDescr)"
2908896312,282652,137989,1,1,1,32,32,1,30,0.000,0.000,,,,,NVIDIA A100-SXM4-40GB MIG 4g.20gb (0),1,,13,"void convert_kernel<float2, __half2>(tensor_layout_any, T1 *, tensor_layout_any, const T2 *)"
2909181108,10880,138001,2253,1,1,128,1,1,16,0.000,0.000,,,,,NVIDIA A100-SXM4-40GB MIG 4g.20gb (0),1,,13,cupy_copy__float16_float16
2909193620,3776,138010,282,1,1,128,1,1,16,0.000,0.000,,,,,NVIDIA A100-SXM4-40GB MIG 4g.20gb (0),1,,13,cupy_copy__complex64_complex64
2909200660,2048,138019,26,1,1,128,1,1,16,0.000,0.000,,,,,NVIDIA A100-SXM4-40GB MIG 4g.20gb (0),1,,13,cupy_copy__float32_float32
2909206420,4640,138028,103,1,1,128,1,1,16,0.000,0.000,,,,,NVIDIA A100-SXM4-40GB MIG 4g.20gb (0),1,,13,cupy_copy__complex64_complex64
2909212116,11968,138038,1434,1,1,128,1,1,16,0.000,0.000,,,,,NVIDIA A100-SXM4-40GB MIG 4g.20gb (0),1,,13,cupy_copy__complex64_complex64
2909231476,83167,138043,1,1,1,32,32,1,30,0.000,0.000,,,,,NVIDIA A100-SXM4-40GB MIG 4g.20gb (0),1,,13,"void convert_kernel<__half2, float2>(tensor_layout_any, T1 *, tensor_layout_any, const T2 *)"
2909341490,5632,138046,,,,,,,,,,0.094,16636.287,Pinned,Device,NVIDIA A100-SXM4-40GB MIG 4g.20gb (0),1,,13,[CUDA memcpy Host-to-Device]
2909351730,599289,138047,,,,,,,,,,456.561,761544.482,Device,,NVIDIA A100-SXM4-40GB MIG 4g.20gb (0),1,,13,[CUDA memset]
2909958987,73727,138052,,,,,,,,,,1.235,16749.545,Pinned,Device,NVIDIA A100-SXM4-40GB MIG 4g.20gb (0),1,,13,[CUDA memcpy Host-to-Device]
2910039018,15488,138053,,,,,,,,,,0.197,12694.192,Pinned,Device,NVIDIA A100-SXM4-40GB MIG 4g.20gb (0),1,,13,[CUDA memcpy Host-to-Device]
2910062697,9504,138054,69,4,1,48,1,1,76,0.002,0.000,,,,,NVIDIA A100-SXM4-40GB MIG 4g.20gb (0),1,,13,"void ch_est::windowedChEstPreNoDftSOfdmKernel<float, __half, float, (unsigned int)2, (unsigned int)1, (unsigned short)4>(ch_est::puschRxChEstStatDescr_t *, ch_est::puschRxChEstDynDescr_t *)"
2910075241,7744,138055,137,2,1,24,2,1,44,0.001,0.001,,,,,NVIDIA A100-SXM4-40GB MIG 4g.20gb (0),1,,13,"void ch_est::chEstFilterNoDftSOfdmDispatchKernel<float, __half, float, (unsigned int)2>(ch_est::puschRxChEstStatDescr_t *, ch_est::puschRxChEstDynDescr_t *)"
2910086601,4832,138056,137,2,1,24,2,1,44,0.001,0.001,,,,,NVIDIA A100-SXM4-40GB MIG 4g.20gb (0),1,,13,"void ch_est::chEstFilterNoDftSOfdmDispatchKernel<float, __half, float, (unsigned int)2>(ch_est::puschRxChEstStatDescr_t *, ch_est::puschRxChEstDynDescr_t *)"
2910095433,2528,138067,103,1,1,128,1,1,16,0.000,0.000,,,,,NVIDIA A100-SXM4-40GB MIG 4g.20gb (0),1,,13,cupy_copy__complex64_complex64
2910100073,12416,138077,1434,1,1,128,1,1,16,0.000,0.000,,,,,NVIDIA A100-SXM4-40GB MIG 4g.20gb (0),1,,13,cupy_copy__complex64_complex64
2910115945,3104,138084,103,1,1,128,1,1,16,0.000,0.000,,,,,NVIDIA A100-SXM4-40GB MIG 4g.20gb (0),1,,13,cupy_copy__complex64_complex64
2910122121,87871,138091,1,1,1,32,32,1,30,0.000,0.000,,,,,NVIDIA A100-SXM4-40GB MIG 4g.20gb (0),1,,13,"void convert_kernel<__half2, float2>(tensor_layout_any, T1 *, tensor_layout_any, const T2 *)"
2910238023,6080,138094,,,,,,,,,,0.094,15410.462,Pinned,Device,NVIDIA A100-SXM4-40GB MIG 4g.20gb (0),1,,13,[CUDA memcpy Host-to-Device]
2910249991,47232,138095,,,,,,,,,,35.810,758167.626,Device,,NVIDIA A100-SXM4-40GB MIG 4g.20gb (0),1,,13,[CUDA memset]
2910304774,5536,138097,,,,,,,,,,0.000,14.451,Pinned,Device,NVIDIA A100-SXM4-40GB MIG 4g.20gb (0),1,,13,[CUDA memcpy Host-to-Device]
2910314886,11552,138098,,,,,,,,,,0.197,17019.372,Pinned,Device,NVIDIA A100-SXM4-40GB MIG 4g.20gb (0),1,,13,[CUDA memcpy Host-to-Device]
2910334822,9152,138099,273,1,1,48,1,1,40,0.000,0.001,,,,,NVIDIA A100-SXM4-40GB MIG 4g.20gb (0),1,,13,"void pusch_noise_intf_est::noiseIntfEstNoDftSOfdmKernel<float, __half, float, float, (unsigned int)2, (unsigned int)1, (unsigned char)4, (unsigned char)4>(pusch_noise_intf_est::puschRxNoiseIntfEstDynDescr)"
2910349126,2816,138110,35,1,1,128,1,1,16,0.000,0.000,,,,,NVIDIA A100-SXM4-40GB MIG 4g.20gb (0),1,,13,cupy_copy__complex64_complex64
2910357670,1696,138119,1,1,1,1,1,1,18,0.000,0.000,,,,,NVIDIA A100-SXM4-40GB MIG 4g.20gb (0),1,,13,cupy_copy__float32_float32
2910389157,1568,138125,,,,,,,,,,0.000,2.551,Device,Pageable,NVIDIA A100-SXM4-40GB MIG 4g.20gb (0),1,,7,[CUDA memcpy Device-to-Host]
2910449573,12927,138136,1434,1,1,128,1,1,16,0.000,0.000,,,,,NVIDIA A100-SXM4-40GB MIG 4g.20gb (0),1,,13,cupy_copy__complex64_complex64
2910475876,2784,138143,103,1,1,128,1,1,16,0.000,0.000,,,,,NVIDIA A100-SXM4-40GB MIG 4g.20gb (0),1,,13,cupy_copy__complex64_complex64
2910496836,2304,138150,35,1,1,128,1,1,16,0.000,0.000,,,,,NVIDIA A100-SXM4-40GB MIG 4g.20gb (0),1,,13,cupy_copy__complex64_complex64
2910515716,1760,138157,1,1,1,1,1,1,18,0.000,0.000,,,,,NVIDIA A100-SXM4-40GB MIG 4g.20gb (0),1,,13,cupy_copy__float32_float32
2910645698,82335,138168,1,1,1,32,32,1,30,0.000,0.000,,,,,NVIDIA A100-SXM4-40GB MIG 4g.20gb (0),1,,13,"void convert_kernel<__half2, float2>(tensor_layout_any, T1 *, tensor_layout_any, const T2 *)"
2910755745,5760,138171,,,,,,,,,,0.094,16266.656,Pinned,Device,NVIDIA A100-SXM4-40GB MIG 4g.20gb (0),1,,13,[CUDA memcpy Host-to-Device]
2910772385,3552,138172,,,,,,,,,,1.547,435422.601,Device,,NVIDIA A100-SXM4-40GB MIG 4g.20gb (0),1,,13,[CUDA memset]
2910779457,3168,138177,,,,,,,,,,0.031,9878.770,Pinned,Device,NVIDIA A100-SXM4-40GB MIG 4g.20gb (0),1,,13,[CUDA memcpy Host-to-Device]
2910785248,9792,138178,,,,,,,,,,0.197,20078.395,Pinned,Device,NVIDIA A100-SXM4-40GB MIG 4g.20gb (0),1,,13,[CUDA memcpy Host-to-Device]
2910799360,6368,138179,273,1,1,8,4,1,39,0.002,0.000,,,,,NVIDIA A100-SXM4-40GB MIG 4g.20gb (0),1,,13,"void channel_eq::eqMmseCoefCompLowMimoKernel<float, float, float, (unsigned int)4, (unsigned int)1, (unsigned int)4>(const channel_eq::_puschRxChEqStatDescr *, channel_eq::_puschRxChEqCoefCompDynDescr)"
2910806688,5760,138180,273,1,1,12,11,1,51,0.002,0.000,,,,,NVIDIA A100-SXM4-40GB MIG 4g.20gb (0),1,,13,"void channel_eq::eqMmseSoftDemapKernel<float, __half, __half, float, (unsigned int)4, (unsigned short)16383>(channel_eq::_puschRxChEqStatDescr *, channel_eq::_puschRxChEqSoftDemapDynDescr)"
2910813408,282781,138181,1,1,1,32,32,1,30,0.000,0.000,,,,,NVIDIA A100-SXM4-40GB MIG 4g.20gb (0),1,,13,"void convert_kernel<float2, __half2>(tensor_layout_any, T1 *, tensor_layout_any, const T2 *)"
2911098525,11007,138193,2253,1,1,128,1,1,16,0.000,0.000,,,,,NVIDIA A100-SXM4-40GB MIG 4g.20gb (0),1,,13,cupy_copy__float16_float16
2911115548,3104,138202,282,1,1,128,1,1,16,0.000,0.000,,,,,NVIDIA A100-SXM4-40GB MIG 4g.20gb (0),1,,13,cupy_copy__complex64_complex64
2911120572,2080,138211,26,1,1,128,1,1,16,0.000,0.000,,,,,NVIDIA A100-SXM4-40GB MIG 4g.20gb (0),1,,13,cupy_copy__float32_float32
2911124348,4832,138220,103,1,1,128,1,1,16,0.000,0.000,,,,,NVIDIA A100-SXM4-40GB MIG 4g.20gb (0),1,,13,cupy_copy__complex64_complex64
2911131740,11840,138230,1434,1,1,128,1,1,16,0.000,0.000,,,,,NVIDIA A100-SXM4-40GB MIG 4g.20gb (0),1,,13,cupy_copy__complex64_complex64
2911158844,83423,138235,1,1,1,32,32,1,30,0.000,0.000,,,,,NVIDIA A100-SXM4-40GB MIG 4g.20gb (0),1,,13,"void convert_kernel<__half2, float2>(tensor_layout_any, T1 *, tensor_layout_any, const T2 *)"
2911269466,5728,138238,,,,,,,,,,0.094,16357.541,Pinned,Device,NVIDIA A100-SXM4-40GB MIG 4g.20gb (0),1,,13,[CUDA memcpy Host-to-Device]
2911279194,599513,138239,,,,,,,,,,456.561,761544.482,Device,,NVIDIA A100-SXM4-40GB MIG 4g.20gb (0),1,,13,[CUDA memset]
2911886579,142110,138244,,,,,,,,,,1.235,8689.066,Pinned,Device,NVIDIA A100-SXM4-40GB MIG 4g.20gb (0),1,,13,[CUDA memcpy Host-to-Device]
2912045329,43711,138245,,,,,,,,,,0.197,4497.801,Pinned,Device,NVIDIA A100-SXM4-40GB MIG 4g.20gb (0),1,,13,[CUDA memcpy Host-to-Device]
2912114832,8128,138246,69,4,1,48,1,1,76,0.002,0.000,,,,,NVIDIA A100-SXM4-40GB MIG 4g.20gb (0),1,,13,"void ch_est::windowedChEstPreNoDftSOfdmKernel<float, __half, float, (unsigned int)2, (unsigned int)1, (unsigned short)4>(ch_est::puschRxChEstStatDescr_t *, ch_est::puschRxChEstDynDescr_t *)"
2912132048,6688,138247,137,2,1,24,2,1,44,0.001,0.001,,,,,NVIDIA A100-SXM4-40GB MIG 4g.20gb (0),1,,13,"void ch_est::chEstFilterNoDftSOfdmDispatchKernel<float, __half, float, (unsigned int)2>(ch_est::puschRxChEstStatDescr_t *, ch_est::puschRxChEstDynDescr_t *)"
2912143856,4832,138248,137,2,1,24,2,1,44,0.001,0.001,,,,,NVIDIA A100-SXM4-40GB MIG 4g.20gb (0),1,,13,"void ch_est::chEstFilterNoDftSOfdmDispatchKernel<float, __half, float, (unsigned int)2>(ch_est::puschRxChEstStatDescr_t *, ch_est::puschRxChEstDynDescr_t *)"
2912157776,2719,138259,103,1,1,128,1,1,16,0.000,0.000,,,,,NVIDIA A100-SXM4-40GB MIG 4g.20gb (0),1,,13,cupy_copy__complex64_complex64
2912166735,12544,138269,1434,1,1,128,1,1,16,0.000,0.000,,,,,NVIDIA A100-SXM4-40GB MIG 4g.20gb (0),1,,13,cupy_copy__complex64_complex64
2912184399,5856,138276,103,1,1,128,1,1,16,0.000,0.000,,,,,NVIDIA A100-SXM4-40GB MIG 4g.20gb (0),1,,13,cupy_copy__complex64_complex64
2912195471,83519,138283,1,1,1,32,32,1,30,0.000,0.000,,,,,NVIDIA A100-SXM4-40GB MIG 4g.20gb (0),1,,13,"void convert_kernel<__half2, float2>(tensor_layout_any, T1 *, tensor_layout_any, const T2 *)"
2912308686,6016,138286,,,,,,,,,,0.094,15574.430,Pinned,Device,NVIDIA A100-SXM4-40GB MIG 4g.20gb (0),1,,13,[CUDA memcpy Host-to-Device]
2912321421,47776,138287,,,,,,,,,,35.810,749537.436,Device,,NVIDIA A100-SXM4-40GB MIG 4g.20gb (0),1,,13,[CUDA memset]
2912374893,3680,138289,,,,,,,,,,0.000,21.739,Pinned,Device,NVIDIA A100-SXM4-40GB MIG 4g.20gb (0),1,,13,[CUDA memcpy Host-to-Device]
2912382349,13632,138290,,,,,,,,,,0.197,14422.376,Pinned,Device,NVIDIA A100-SXM4-40GB MIG 4g.20gb (0),1,,13,[CUDA memcpy Host-to-Device]
2912408012,11680,138291,273,1,1,48,1,1,40,0.000,0.001,,,,,NVIDIA A100-SXM4-40GB MIG 4g.20gb (0),1,,13,"void pusch_noise_intf_est::noiseIntfEstNoDftSOfdmKernel<float, __half, float, float, (unsigned int)2, (unsigned int)1, (unsigned char)4, (unsigned char)4>(pusch_noise_intf_est::puschRxNoiseIntfEstDynDescr)"
2912424300,3136,138302,35,1,1,128,1,1,16,0.000,0.000,,,,,NVIDIA A100-SXM4-40GB MIG 4g.20gb (0),1,,13,cupy_copy__complex64_complex64
2912430796,2048,138311,1,1,1,1,1,1,18,0.000,0.000,,,,,NVIDIA A100-SXM4-40GB MIG 4g.20gb (0),1,,13,cupy_copy__float32_float32
2912457164,1696,138317,,,,,,,,,,0.000,2.358,Device,Pageable,NVIDIA A100-SXM4-40GB MIG 4g.20gb (0),1,,7,[CUDA memcpy Device-to-Host]
2912518763,12800,138328,1434,1,1,128,1,1,16,0.000,0.000,,,,,NVIDIA A100-SXM4-40GB MIG 4g.20gb (0),1,,13,cupy_copy__complex64_complex64
2912544299,2848,138335,103,1,1,128,1,1,16,0.000,0.000,,,,,NVIDIA A100-SXM4-40GB MIG 4g.20gb (0),1,,13,cupy_copy__complex64_complex64
2912564714,2336,138342,35,1,1,128,1,1,16,0.000,0.000,,,,,NVIDIA A100-SXM4-40GB MIG 4g.20gb (0),1,,13,cupy_copy__complex64_complex64
2912583082,2016,138349,1,1,1,1,1,1,18,0.000,0.000,,,,,NVIDIA A100-SXM4-40GB MIG 4g.20gb (0),1,,13,cupy_copy__float32_float32
2912715081,90047,138360,1,1,1,32,32,1,30,0.000,0.000,,,,,NVIDIA A100-SXM4-40GB MIG 4g.20gb (0),1,,13,"void convert_kernel<__half2, float2>(tensor_layout_any, T1 *, tensor_layout_any, const T2 *)"
2912833575,5984,138363,,,,,,,,,,0.094,15657.726,Pinned,Device,NVIDIA A100-SXM4-40GB MIG 4g.20gb (0),1,,13,[CUDA memcpy Host-to-Device]
2912847783,3392,138364,,,,,,,,,,1.547,455961.768,Device,,NVIDIA A100-SXM4-40GB MIG 4g.20gb (0),1,,13,[CUDA memset]
2912854695,3328,138369,,,,,,,,,,0.031,9403.822,Pinned,Device,NVIDIA A100-SXM4-40GB MIG 4g.20gb (0),1,,13,[CUDA memcpy Host-to-Device]
2912860519,9472,138370,,,,,,,,,,0.197,20756.693,Pinned,Device,NVIDIA A100-SXM4-40GB MIG 4g.20gb (0),1,,13,[CUDA memcpy Host-to-Device]
2912875911,6304,138371,273,1,1,8,4,1,39,0.002,0.000,,,,,NVIDIA A100-SXM4-40GB MIG 4g.20gb (0),1,,13,"void channel_eq::eqMmseCoefCompLowMimoKernel<float, float, float, (unsigned int)4, (unsigned int)1, (unsigned int)4>(const channel_eq::_puschRxChEqStatDescr *, channel_eq::_puschRxChEqCoefCompDynDescr)"
2912885159,5823,138372,273,1,1,12,11,1,51,0.002,0.000,,,,,NVIDIA A100-SXM4-40GB MIG 4g.20gb (0),1,,13,"void channel_eq::eqMmseSoftDemapKernel<float, __half, __half, float, (unsigned int)4, (unsigned short)16383>(channel_eq::_puschRxChEqStatDescr *, channel_eq::_puschRxChEqSoftDemapDynDescr)"
2912892102,292477,138373,1,1,1,32,32,1,30,0.000,0.000,,,,,NVIDIA A100-SXM4-40GB MIG 4g.20gb (0),1,,13,"void convert_kernel<float2, __half2>(tensor_layout_any, T1 *, tensor_layout_any, const T2 *)"
2913186979,10624,138385,2253,1,1,128,1,1,16,0.000,0.000,,,,,NVIDIA A100-SXM4-40GB MIG 4g.20gb (0),1,,13,cupy_copy__float16_float16
2913199011,3136,138394,282,1,1,128,1,1,16,0.000,0.000,,,,,NVIDIA A100-SXM4-40GB MIG 4g.20gb (0),1,,13,cupy_copy__complex64_complex64
2913205923,2144,138403,26,1,1,128,1,1,16,0.000,0.000,,,,,NVIDIA A100-SXM4-40GB MIG 4g.20gb (0),1,,13,cupy_copy__float32_float32
2913209155,2815,138412,103,1,1,128,1,1,16,0.000,0.000,,,,,NVIDIA A100-SXM4-40GB MIG 4g.20gb (0),1,,13,cupy_copy__complex64_complex64
2913214562,12096,138422,1434,1,1,128,1,1,16,0.000,0.000,,,,,NVIDIA A100-SXM4-40GB MIG 4g.20gb (0),1,,13,cupy_copy__complex64_complex64
2913229922,85279,138427,1,1,1,32,32,1,30,0.000,0.000,,,,,NVIDIA A100-SXM4-40GB MIG 4g.20gb (0),1,,13,"void convert_kernel<__half2, float2>(tensor_layout_any, T1 *, tensor_layout_any, const T2 *)"
2913342369,5632,138430,,,,,,,,,,0.094,16636.287,Pinned,Device,NVIDIA A100-SXM4-40GB MIG 4g.20gb (0),1,,13,[CUDA memcpy Host-to-Device]
2913352193,596984,138431,,,,,,,,,,456.561,764740.412,Device,,NVIDIA A100-SXM4-40GB MIG 4g.20gb (0),1,,13,[CUDA memset]
2913954329,154174,138436,,,,,,,,,,1.235,8009.847,Pinned,Device,NVIDIA A100-SXM4-40GB MIG 4g.20gb (0),1,,13,[CUDA memcpy Host-to-Device]
2914121367,39904,138437,,,,,,,,,,0.197,4926.996,Pinned,Device,NVIDIA A100-SXM4-40GB MIG 4g.20gb (0),1,,13,[CUDA memcpy Host-to-Device]
2914190838,8192,138438,69,4,1,48,1,1,76,0.002,0.000,,,,,NVIDIA A100-SXM4-40GB MIG 4g.20gb (0),1,,13,"void ch_est::windowedChEstPreNoDftSOfdmKernel<float, __half, float, (unsigned int)2, (unsigned int)1, (unsigned short)4>(ch_est::puschRxChEstStatDescr_t *, ch_est::puschRxChEstDynDescr_t *)"
2914208470,6624,138439,137,2,1,24,2,1,44,0.001,0.001,,,,,NVIDIA A100-SXM4-40GB MIG 4g.20gb (0),1,,13,"void ch_est::chEstFilterNoDftSOfdmDispatchKernel<float, __half, float, (unsigned int)2>(ch_est::puschRxChEstStatDescr_t *, ch_est::puschRxChEstDynDescr_t *)"
2914226102,4768,138440,137,2,1,24,2,1,44,0.001,0.001,,,,,NVIDIA A100-SXM4-40GB MIG 4g.20gb (0),1,,13,"void ch_est::chEstFilterNoDftSOfdmDispatchKernel<float, __half, float, (unsigned int)2>(ch_est::puschRxChEstStatDescr_t *, ch_est::puschRxChEstDynDescr_t *)"
2914242870,2496,138451,103,1,1,128,1,1,16,0.000,0.000,,,,,NVIDIA A100-SXM4-40GB MIG 4g.20gb (0),1,,13,cupy_copy__complex64_complex64
2914262005,12416,138461,1434,1,1,128,1,1,16,0.000,0.000,,,,,NVIDIA A100-SXM4-40GB MIG 4g.20gb (0),1,,13,cupy_copy__complex64_complex64
2914280949,2912,138468,103,1,1,128,1,1,16,0.000,0.000,,,,,NVIDIA A100-SXM4-40GB MIG 4g.20gb (0),1,,13,cupy_copy__complex64_complex64
2914302101,89055,138475,1,1,1,32,32,1,30,0.000,0.000,,,,,NVIDIA A100-SXM4-40GB MIG 4g.20gb (0),1,,13,"void convert_kernel<__half2, float2>(tensor_layout_any, T1 *, tensor_layout_any, const T2 *)"
2914423795,19296,138478,,,,,,,,,,0.094,4855.702,Pinned,Device,NVIDIA A100-SXM4-40GB MIG 4g.20gb (0),1,,13,[CUDA memcpy Host-to-Device]
2914462227,47807,138479,,,,,,,,,,35.810,749036.097,Device,,NVIDIA A100-SXM4-40GB MIG 4g.20gb (0),1,,13,[CUDA memset]
2914515378,5504,138481,,,,,,,,,,0.000,14.535,Pinned,Device,NVIDIA A100-SXM4-40GB MIG 4g.20gb (0),1,,13,[CUDA memcpy Host-to-Device]
2914525682,18272,138482,,,,,,,,,,0.197,10759.963,Pinned,Device,NVIDIA A100-SXM4-40GB MIG 4g.20gb (0),1,,13,[CUDA memcpy Host-to-Device]
2914554162,12448,138483,273,1,1,48,1,1,40,0.000,0.001,,,,,NVIDIA A100-SXM4-40GB MIG 4g.20gb (0),1,,13,"void pusch_noise_intf_est::noiseIntfEstNoDftSOfdmKernel<float, __half, float, float, (unsigned int)2, (unsigned int)1, (unsigned char)4, (unsigned char)4>(pusch_noise_intf_est::puschRxNoiseIntfEstDynDescr)"
2914568722,3008,138494,35,1,1,128,1,1,16,0.000,0.000,,,,,NVIDIA A100-SXM4-40GB MIG 4g.20gb (0),1,,13,cupy_copy__complex64_complex64
2914576434,1760,138503,1,1,1,1,1,1,18,0.000,0.000,,,,,NVIDIA A100-SXM4-40GB MIG 4g.20gb (0),1,,13,cupy_copy__float32_float32
2914583090,5343,138509,,,,,,,,,,0.000,0.749,Device,Pageable,NVIDIA A100-SXM4-40GB MIG 4g.20gb (0),1,,7,[CUDA memcpy Device-to-Host]
2914654321,13279,138520,1434,1,1,128,1,1,16,0.000,0.000,,,,,NVIDIA A100-SXM4-40GB MIG 4g.20gb (0),1,,13,cupy_copy__complex64_complex64
2914684208,3136,138527,103,1,1,128,1,1,16,0.000,0.000,,,,,NVIDIA A100-SXM4-40GB MIG 4g.20gb (0),1,,13,cupy_copy__complex64_complex64
2914706128,2592,138534,35,1,1,128,1,1,16,0.000,0.000,,,,,NVIDIA A100-SXM4-40GB MIG 4g.20gb (0),1,,13,cupy_copy__complex64_complex64
2914723344,1760,138541,1,1,1,1,1,1,18,0.000,0.000,,,,,NVIDIA A100-SXM4-40GB MIG 4g.20gb (0),1,,13,cupy_copy__float32_float32
2914859854,82847,138552,1,1,1,32,32,1,30,0.000,0.000,,,,,NVIDIA A100-SXM4-40GB MIG 4g.20gb (0),1,,13,"void convert_kernel<__half2, float2>(tensor_layout_any, T1 *, tensor_layout_any, const T2 *)"
2914970733,5632,138555,,,,,,,,,,0.094,16636.287,Pinned,Device,NVIDIA A100-SXM4-40GB MIG 4g.20gb (0),1,,13,[CUDA memcpy Host-to-Device]
2914985165,3424,138556,,,,,,,,,,1.547,451700.819,Device,,NVIDIA A100-SXM4-40GB MIG 4g.20gb (0),1,,13,[CUDA memset]
2914992428,3168,138561,,,,,,,,,,0.031,9878.770,Pinned,Device,NVIDIA A100-SXM4-40GB MIG 4g.20gb (0),1,,13,[CUDA memcpy Host-to-Device]
2914998604,9664,138562,,,,,,,,,,0.197,20344.209,Pinned,Device,NVIDIA A100-SXM4-40GB MIG 4g.20gb (0),1,,13,[CUDA memcpy Host-to-Device]
2915012012,6240,138563,273,1,1,8,4,1,39,0.002,0.000,,,,,NVIDIA A100-SXM4-40GB MIG 4g.20gb (0),1,,13,"void channel_eq::eqMmseCoefCompLowMimoKernel<float, float, float, (unsigned int)4, (unsigned int)1, (unsigned int)4>(const channel_eq::_puschRxChEqStatDescr *, channel_eq::_puschRxChEqCoefCompDynDescr)"
2915019500,6464,138564,273,1,1,12,11,1,51,0.002,0.000,,,,,NVIDIA A100-SXM4-40GB MIG 4g.20gb (0),1,,13,"void channel_eq::eqMmseSoftDemapKernel<float, __half, __half, float, (unsigned int)4, (unsigned short)16383>(channel_eq::_puschRxChEqStatDescr *, channel_eq::_puschRxChEqSoftDemapDynDescr)"
2915026988,282365,138565,1,1,1,32,32,1,30,0.000,0.000,,,,,NVIDIA A100-SXM4-40GB MIG 4g.20gb (0),1,,13,"void convert_kernel<float2, __half2>(tensor_layout_any, T1 *, tensor_layout_any, const T2 *)"
2915312329,10975,138577,2253,1,1,128,1,1,16,0.000,0.000,,,,,NVIDIA A100-SXM4-40GB MIG 4g.20gb (0),1,,13,cupy_copy__float16_float16
2915328488,2912,138586,282,1,1,128,1,1,16,0.000,0.000,,,,,NVIDIA A100-SXM4-40GB MIG 4g.20gb (0),1,,13,cupy_copy__complex64_complex64
2915334120,2080,138595,26,1,1,128,1,1,16,0.000,0.000,,,,,NVIDIA A100-SXM4-40GB MIG 4g.20gb (0),1,,13,cupy_copy__float32_float32
2915337960,3168,138604,103,1,1,128,1,1,16,0.000,0.000,,,,,NVIDIA A100-SXM4-40GB MIG 4g.20gb (0),1,,13,cupy_copy__complex64_complex64
2915342184,11904,138614,1434,1,1,128,1,1,16,0.000,0.000,,,,,NVIDIA A100-SXM4-40GB MIG 4g.20gb (0),1,,13,cupy_copy__complex64_complex64
2915359944,87583,138619,1,1,1,32,32,1,30,0.000,0.000,,,,,NVIDIA A100-SXM4-40GB MIG 4g.20gb (0),1,,13,"void convert_kernel<__half2, float2>(tensor_layout_any, T1 *, tensor_layout_any, const T2 *)"
2915474503,6239,138622,,,,,,,,,,0.094,15017.782,Pinned,Device,NVIDIA A100-SXM4-40GB MIG 4g.20gb (0),1,,13,[CUDA memcpy Host-to-Device]
2915487782,597689,138623,,,,,,,,,,456.561,763827.289,Device,,NVIDIA A100-SXM4-40GB MIG 4g.20gb (0),1,,13,[CUDA memset]
2916092671,107103,138628,,,,,,,,,,1.235,11529.437,Pinned,Device,NVIDIA A100-SXM4-40GB MIG 4g.20gb (0),1,,13,[CUDA memcpy Host-to-Device]
2916207133,32352,138629,,,,,,,,,,0.197,6076.957,Pinned,Device,NVIDIA A100-SXM4-40GB MIG 4g.20gb (0),1,,13,[CUDA memcpy Host-to-Device]
2916252797,8192,138630,69,4,1,48,1,1,76,0.002,0.000,,,,,NVIDIA A100-SXM4-40GB MIG 4g.20gb (0),1,,13,"void ch_est::windowedChEstPreNoDftSOfdmKernel<float, __half, float, (unsigned int)2, (unsigned int)1, (unsigned short)4>(ch_est::puschRxChEstStatDescr_t *, ch_est::puschRxChEstDynDescr_t *)"
2916279773,6751,138631,137,2,1,24,2,1,44,0.001,0.001,,,,,NVIDIA A100-SXM4-40GB MIG 4g.20gb (0),1,,13,"void ch_est::chEstFilterNoDftSOfdmDispatchKernel<float, __half, float, (unsigned int)2>(ch_est::puschRxChEstStatDescr_t *, ch_est::puschRxChEstDynDescr_t *)"
2916293660,4768,138632,137,2,1,24,2,1,44,0.001,0.001,,,,,NVIDIA A100-SXM4-40GB MIG 4g.20gb (0),1,,13,"void ch_est::chEstFilterNoDftSOfdmDispatchKernel<float, __half, float, (unsigned int)2>(ch_est::puschRxChEstStatDescr_t *, ch_est::puschRxChEstDynDescr_t *)"
2916307452,2688,138643,103,1,1,128,1,1,16,0.000,0.000,,,,,NVIDIA A100-SXM4-40GB MIG 4g.20gb (0),1,,13,cupy_copy__complex64_complex64
2916320956,12576,138653,1434,1,1,128,1,1,16,0.000,0.000,,,,,NVIDIA A100-SXM4-40GB MIG 4g.20gb (0),1,,13,cupy_copy__complex64_complex64
2916340732,2560,138660,103,1,1,128,1,1,16,0.000,0.000,,,,,NVIDIA A100-SXM4-40GB MIG 4g.20gb (0),1,,13,cupy_copy__complex64_complex64
2916356892,87103,138667,1,1,1,32,32,1,30,0.000,0.000,,,,,NVIDIA A100-SXM4-40GB MIG 4g.20gb (0),1,,13,"void convert_kernel<__half2, float2>(tensor_layout_any, T1 *, tensor_layout_any, const T2 *)"
2916479066,25248,138670,,,,,,,,,,0.094,3711.017,Pinned,Device,NVIDIA A100-SXM4-40GB MIG 4g.20gb (0),1,,13,[CUDA memcpy Host-to-Device]
2916518330,46975,138671,,,,,,,,,,35.810,762285.767,Device,,NVIDIA A100-SXM4-40GB MIG 4g.20gb (0),1,,13,[CUDA memset]
2916572153,13056,138673,,,,,,,,,,0.000,6.127,Pinned,Device,NVIDIA A100-SXM4-40GB MIG 4g.20gb (0),1,,13,[CUDA memcpy Host-to-Device]
2916593305,24095,138674,,,,,,,,,,0.197,8159.625,Pinned,Device,NVIDIA A100-SXM4-40GB MIG 4g.20gb (0),1,,13,[CUDA memcpy Host-to-Device]
2916640280,9216,138675,273,1,1,48,1,1,40,0.000,0.001,,,,,NVIDIA A100-SXM4-40GB MIG 4g.20gb (0),1,,13,"void pusch_noise_intf_est::noiseIntfEstNoDftSOfdmKernel<float, __half, float, float, (unsigned int)2, (unsigned int)1, (unsigned char)4, (unsigned char)4>(pusch_noise_intf_est::puschRxNoiseIntfEstDynDescr)"
2916657752,2624,138686,35,1,1,128,1,1,16,0.000,0.000,,,,,NVIDIA A100-SXM4-40GB MIG 4g.20gb (0),1,,13,cupy_copy__complex64_complex64
2916674584,1696,138695,1,1,1,1,1,1,18,0.000,0.000,,,,,NVIDIA A100-SXM4-40GB MIG 4g.20gb (0),1,,13,cupy_copy__float32_float32
2916680120,5952,138701,,,,,,,,,,0.000,0.672,Device,Pageable,NVIDIA A100-SXM4-40GB MIG 4g.20gb (0),1,,7,[CUDA memcpy Device-to-Host]
2916780662,12896,138712,1434,1,1,128,1,1,16,0.000,0.000,,,,,NVIDIA A100-SXM4-40GB MIG 4g.20gb (0),1,,13,cupy_copy__complex64_complex64
2916804054,3360,138719,103,1,1,128,1,1,16,0.000,0.000,,,,,NVIDIA A100-SXM4-40GB MIG 4g.20gb (0),1,,13,cupy_copy__complex64_complex64
2916824054,2560,138726,35,1,1,128,1,1,16,0.000,0.000,,,,,NVIDIA A100-SXM4-40GB MIG 4g.20gb (0),1,,13,cupy_copy__complex64_complex64
2916846614,1792,138733,1,1,1,1,1,1,18,0.000,0.000,,,,,NVIDIA A100-SXM4-40GB MIG 4g.20gb (0),1,,13,cupy_copy__float32_float32
2916973300,91871,138744,1,1,1,32,32,1,30,0.000,0.000,,,,,NVIDIA A100-SXM4-40GB MIG 4g.20gb (0),1,,13,"void convert_kernel<__half2, float2>(tensor_layout_any, T1 *, tensor_layout_any, const T2 *)"
2917096338,13408,138747,,,,,,,,,,0.094,6988.035,Pinned,Device,NVIDIA A100-SXM4-40GB MIG 4g.20gb (0),1,,13,[CUDA memcpy Host-to-Device]
2917119186,3488,138748,,,,,,,,,,1.547,443412.461,Device,,NVIDIA A100-SXM4-40GB MIG 4g.20gb (0),1,,13,[CUDA memset]
2917124530,3744,138753,,,,,,,,,,0.031,8358.974,Pinned,Device,NVIDIA A100-SXM4-40GB MIG 4g.20gb (0),1,,13,[CUDA memcpy Host-to-Device]
2917131026,17600,138754,,,,,,,,,,0.197,11170.873,Pinned,Device,NVIDIA A100-SXM4-40GB MIG 4g.20gb (0),1,,13,[CUDA memcpy Host-to-Device]
2917160274,8480,138755,273,1,1,8,4,1,39,0.002,0.000,,,,,NVIDIA A100-SXM4-40GB MIG 4g.20gb (0),1,,13,"void channel_eq::eqMmseCoefCompLowMimoKernel<float, float, float, (unsigned int)4, (unsigned int)1, (unsigned int)4>(const channel_eq::_puschRxChEqStatDescr *, channel_eq::_puschRxChEqCoefCompDynDescr)"
2917177073,6048,138756,273,1,1,12,11,1,51,0.002,0.000,,,,,NVIDIA A100-SXM4-40GB MIG 4g.20gb (0),1,,13,"void channel_eq::eqMmseSoftDemapKernel<float, __half, __half, float, (unsigned int)4, (unsigned short)16383>(channel_eq::_puschRxChEqStatDescr *, channel_eq::_puschRxChEqSoftDemapDynDescr)"
2917184369,279613,138757,1,1,1,32,32,1,30,0.000,0.000,,,,,NVIDIA A100-SXM4-40GB MIG 4g.20gb (0),1,,13,"void convert_kernel<float2, __half2>(tensor_layout_any, T1 *, tensor_layout_any, const T2 *)"
2917464974,10944,138769,2253,1,1,128,1,1,16,0.000,0.000,,,,,NVIDIA A100-SXM4-40GB MIG 4g.20gb (0),1,,13,cupy_copy__float16_float16
2917478382,3456,138778,282,1,1,128,1,1,16,0.000,0.000,,,,,NVIDIA A100-SXM4-40GB MIG 4g.20gb (0),1,,13,cupy_copy__complex64_complex64
2917485294,2272,138787,26,1,1,128,1,1,16,0.000,0.000,,,,,NVIDIA A100-SXM4-40GB MIG 4g.20gb (0),1,,13,cupy_copy__float32_float32
2917489134,2784,138796,103,1,1,128,1,1,16,0.000,0.000,,,,,NVIDIA A100-SXM4-40GB MIG 4g.20gb (0),1,,13,cupy_copy__complex64_complex64
2917493486,12671,138806,1434,1,1,128,1,1,16,0.000,0.000,,,,,NVIDIA A100-SXM4-40GB MIG 4g.20gb (0),1,,13,cupy_copy__complex64_complex64
2917510797,86719,138811,1,1,1,32,32,1,30,0.000,0.000,,,,,NVIDIA A100-SXM4-40GB MIG 4g.20gb (0),1,,13,"void convert_kernel<__half2, float2>(tensor_layout_any, T1 *, tensor_layout_any, const T2 *)"
2917624684,5568,138814,,,,,,,,,,0.094,16827.521,Pinned,Device,NVIDIA A100-SXM4-40GB MIG 4g.20gb (0),1,,13,[CUDA memcpy Host-to-Device]
2917635692,596984,138815,,,,,,,,,,456.561,764740.412,Device,,NVIDIA A100-SXM4-40GB MIG 4g.20gb (0),1,,13,[CUDA memset]
2918241092,118207,138820,,,,,,,,,,1.235,10446.391,Pinned,Device,NVIDIA A100-SXM4-40GB MIG 4g.20gb (0),1,,13,[CUDA memcpy Host-to-Device]
2918366403,19072,138821,,,,,,,,,,0.197,10308.551,Pinned,Device,NVIDIA A100-SXM4-40GB MIG 4g.20gb (0),1,,13,[CUDA memcpy Host-to-Device]
2918395298,8576,138822,69,4,1,48,1,1,76,0.002,0.000,,,,,NVIDIA A100-SXM4-40GB MIG 4g.20gb (0),1,,13,"void ch_est::windowedChEstPreNoDftSOfdmKernel<float, __half, float, (unsigned int)2, (unsigned int)1, (unsigned short)4>(ch_est::puschRxChEstStatDescr_t *, ch_est::puschRxChEstDynDescr_t *)"
2918410402,6336,138823,137,2,1,24,2,1,44,0.001,0.001,,,,,NVIDIA A100-SXM4-40GB MIG 4g.20gb (0),1,,13,"void ch_est::chEstFilterNoDftSOfdmDispatchKernel<float, __half, float, (unsigned int)2>(ch_est::puschRxChEstStatDescr_t *, ch_est::puschRxChEstDynDescr_t *)"
2918419298,4864,138824,137,2,1,24,2,1,44,0.001,0.001,,,,,NVIDIA A100-SXM4-40GB MIG 4g.20gb (0),1,,13,"void ch_est::chEstFilterNoDftSOfdmDispatchKernel<float, __half, float, (unsigned int)2>(ch_est::puschRxChEstStatDescr_t *, ch_est::puschRxChEstDynDescr_t *)"
2918427106,2560,138835,103,1,1,128,1,1,16,0.000,0.000,,,,,NVIDIA A100-SXM4-40GB MIG 4g.20gb (0),1,,13,cupy_copy__complex64_complex64
2918434882,13088,138845,1434,1,1,128,1,1,16,0.000,0.000,,,,,NVIDIA A100-SXM4-40GB MIG 4g.20gb (0),1,,13,cupy_copy__complex64_complex64
2918451074,3168,138852,103,1,1,128,1,1,16,0.000,0.000,,,,,NVIDIA A100-SXM4-40GB MIG 4g.20gb (0),1,,13,cupy_copy__complex64_complex64
2918459554,88895,138859,1,1,1,32,32,1,30,0.000,0.000,,,,,NVIDIA A100-SXM4-40GB MIG 4g.20gb (0),1,,13,"void convert_kernel<__half2, float2>(tensor_layout_any, T1 *, tensor_layout_any, const T2 *)"
2918577792,12000,138862,,,,,,,,,,0.094,7807.969,Pinned,Device,NVIDIA A100-SXM4-40GB MIG 4g.20gb (0),1,,13,[CUDA memcpy Host-to-Device]
2918595232,47359,138863,,,,,,,,,,35.810,756126.461,Device,,NVIDIA A100-SXM4-40GB MIG 4g.20gb (0),1,,13,[CUDA memset]
2918649567,4768,138865,,,,,,,,,,0.000,16.778,Pinned,Device,NVIDIA A100-SXM4-40GB MIG 4g.20gb (0),1,,13,[CUDA memcpy Host-to-Device]
2918659551,22720,138866,,,,,,,,,,0.197,8653.505,Pinned,Device,NVIDIA A100-SXM4-40GB MIG 4g.20gb (0),1,,13,[CUDA memcpy Host-to-Device]
2918693791,9120,138867,273,1,1,48,1,1,40,0.000,0.001,,,,,NVIDIA A100-SXM4-40GB MIG 4g.20gb (0),1,,13,"void pusch_noise_intf_est::noiseIntfEstNoDftSOfdmKernel<float, __half, float, float, (unsigned int)2, (unsigned int)1, (unsigned char)4, (unsigned char)4>(pusch_noise_intf_est::puschRxNoiseIntfEstDynDescr)"
2918707551,2783,138878,35,1,1,128,1,1,16,0.000,0.000,,,,,NVIDIA A100-SXM4-40GB MIG 4g.20gb (0),1,,13,cupy_copy__complex64_complex64
2918717118,1728,138887,1,1,1,1,1,1,18,0.000,0.000,,,,,NVIDIA A100-SXM4-40GB MIG 4g.20gb (0),1,,13,cupy_copy__float32_float32
2918731230,2048,138893,,,,,,,,,,0.000,1.953,Device,Pageable,NVIDIA A100-SXM4-40GB MIG 4g.20gb (0),1,,7,[CUDA memcpy Device-to-Host]
2918794781,12992,138904,1434,1,1,128,1,1,16,0.000,0.000,,,,,NVIDIA A100-SXM4-40GB MIG 4g.20gb (0),1,,13,cupy_copy__complex64_complex64
2918821533,2912,138911,103,1,1,128,1,1,16,0.000,0.000,,,,,NVIDIA A100-SXM4-40GB MIG 4g.20gb (0),1,,13,cupy_copy__complex64_complex64
2918856285,2176,138918,35,1,1,128,1,1,16,0.000,0.000,,,,,NVIDIA A100-SXM4-40GB MIG 4g.20gb (0),1,,13,cupy_copy__complex64_complex64
2918877596,1792,138925,1,1,1,1,1,1,18,0.000,0.000,,,,,NVIDIA A100-SXM4-40GB MIG 4g.20gb (0),1,,13,cupy_copy__float32_float32
2919013627,87231,138936,1,1,1,32,32,1,30,0.000,0.000,,,,,NVIDIA A100-SXM4-40GB MIG 4g.20gb (0),1,,13,"void convert_kernel<__half2, float2>(tensor_layout_any, T1 *, tensor_layout_any, const T2 *)"
2919128985,5760,138939,,,,,,,,,,0.094,16266.656,Pinned,Device,NVIDIA A100-SXM4-40GB MIG 4g.20gb (0),1,,13,[CUDA memcpy Host-to-Device]
2919143161,3296,138940,,,,,,,,,,1.547,469242.628,Device,,NVIDIA A100-SXM4-40GB MIG 4g.20gb (0),1,,13,[CUDA memset]
2919150169,3520,138945,,,,,,,,,,0.031,8890.881,Pinned,Device,NVIDIA A100-SXM4-40GB MIG 4g.20gb (0),1,,13,[CUDA memcpy Host-to-Device]
2919156409,9664,138946,,,,,,,,,,0.197,20344.209,Pinned,Device,NVIDIA A100-SXM4-40GB MIG 4g.20gb (0),1,,13,[CUDA memcpy Host-to-Device]
2919173209,8224,138947,273,1,1,8,4,1,39,0.002,0.000,,,,,NVIDIA A100-SXM4-40GB MIG 4g.20gb (0),1,,13,"void channel_eq::eqMmseCoefCompLowMimoKernel<float, float, float, (unsigned int)4, (unsigned int)1, (unsigned int)4>(const channel_eq::_puschRxChEqStatDescr *, channel_eq::_puschRxChEqCoefCompDynDescr)"
2919183097,5568,138948,273,1,1,12,11,1,51,0.002,0.000,,,,,NVIDIA A100-SXM4-40GB MIG 4g.20gb (0),1,,13,"void channel_eq::eqMmseSoftDemapKernel<float, __half, __half, float, (unsigned int)4, (unsigned short)16383>(channel_eq::_puschRxChEqStatDescr *, channel_eq::_puschRxChEqSoftDemapDynDescr)"
2919189657,282396,138949,1,1,1,32,32,1,30,0.000,0.000,,,,,NVIDIA A100-SXM4-40GB MIG 4g.20gb (0),1,,13,"void convert_kernel<float2, __half2>(tensor_layout_any, T1 *, tensor_layout_any, const T2 *)"
2919473397,11040,138961,2253,1,1,128,1,1,16,0.000,0.000,,,,,NVIDIA A100-SXM4-40GB MIG 4g.20gb (0),1,,13,cupy_copy__float16_float16
2919490837,3424,138970,282,1,1,128,1,1,16,0.000,0.000,,,,,NVIDIA A100-SXM4-40GB MIG 4g.20gb (0),1,,13,cupy_copy__complex64_complex64
2919497845,2240,138979,26,1,1,128,1,1,16,0.000,0.000,,,,,NVIDIA A100-SXM4-40GB MIG 4g.20gb (0),1,,13,cupy_copy__float32_float32
2919501141,2848,138988,103,1,1,128,1,1,16,0.000,0.000,,,,,NVIDIA A100-SXM4-40GB MIG 4g.20gb (0),1,,13,cupy_copy__complex64_complex64
2919505013,11872,138998,1434,1,1,128,1,1,16,0.000,0.000,,,,,NVIDIA A100-SXM4-40GB MIG 4g.20gb (0),1,,13,cupy_copy__complex64_complex64
2919519125,82718,139003,1,1,1,32,32,1,30,0.000,0.000,,,,,NVIDIA A100-SXM4-40GB MIG 4g.20gb (0),1,,13,"void convert_kernel<__half2, float2>(tensor_layout_any, T1 *, tensor_layout_any, const T2 *)"
2919629203,5696,139006,,,,,,,,,,0.094,16449.363,Pinned,Device,NVIDIA A100-SXM4-40GB MIG 4g.20gb (0),1,,13,[CUDA memcpy Host-to-Device]
2919638803,599097,139007,,,,,,,,,,456.561,762001.043,Device,,NVIDIA A100-SXM4-40GB MIG 4g.20gb (0),1,,13,[CUDA memset]
2920240876,147550,139012,,,,,,,,,,1.235,8369.215,Pinned,Device,NVIDIA A100-SXM4-40GB MIG 4g.20gb (0),1,,13,[CUDA memcpy Host-to-Device]
2920400138,40895,139013,,,,,,,,,,0.197,4807.459,Pinned,Device,NVIDIA A100-SXM4-40GB MIG 4g.20gb (0),1,,13,[CUDA memcpy Host-to-Device]
2920462665,7808,139014,69,4,1,48,1,1,76,0.002,0.000,,,,,NVIDIA A100-SXM4-40GB MIG 4g.20gb (0),1,,13,"void ch_est::windowedChEstPreNoDftSOfdmKernel<float, __half, float, (unsigned int)2, (unsigned int)1, (unsigned short)4>(ch_est::puschRxChEstStatDescr_t *, ch_est::puschRxChEstDynDescr_t *)"
2920482505,6848,139015,137,2,1,24,2,1,44,0.001,0.001,,,,,NVIDIA A100-SXM4-40GB MIG 4g.20gb (0),1,,13,"void ch_est::chEstFilterNoDftSOfdmDispatchKernel<float, __half, float, (unsigned int)2>(ch_est::puschRxChEstStatDescr_t *, ch_est::puschRxChEstDynDescr_t *)"
2920499720,4800,139016,137,2,1,24,2,1,44,0.001,0.001,,,,,NVIDIA A100-SXM4-40GB MIG 4g.20gb (0),1,,13,"void ch_est::chEstFilterNoDftSOfdmDispatchKernel<float, __half, float, (unsigned int)2>(ch_est::puschRxChEstStatDescr_t *, ch_est::puschRxChEstDynDescr_t *)"
2920518984,2592,139027,103,1,1,128,1,1,16,0.000,0.000,,,,,NVIDIA A100-SXM4-40GB MIG 4g.20gb (0),1,,13,cupy_copy__complex64_complex64
2920534760,12512,139037,1434,1,1,128,1,1,16,0.000,0.000,,,,,NVIDIA A100-SXM4-40GB MIG 4g.20gb (0),1,,13,cupy_copy__complex64_complex64
2920567304,2368,139044,103,1,1,128,1,1,16,0.000,0.000,,,,,NVIDIA A100-SXM4-40GB MIG 4g.20gb (0),1,,13,cupy_copy__complex64_complex64
2920582919,81919,139051,1,1,1,32,32,1,30,0.000,0.000,,,,,NVIDIA A100-SXM4-40GB MIG 4g.20gb (0),1,,13,"void convert_kernel<__half2, float2>(tensor_layout_any, T1 *, tensor_layout_any, const T2 *)"
2920693638,13056,139054,,,,,,,,,,0.094,7176.458,Pinned,Device,NVIDIA A100-SXM4-40GB MIG 4g.20gb (0),1,,13,[CUDA memcpy Host-to-Device]
2920717990,47839,139055,,,,,,,,,,35.810,748534.758,Device,,NVIDIA A100-SXM4-40GB MIG 4g.20gb (0),1,,13,[CUDA memset]
2920772997,3744,139057,,,,,,,,,,0.000,21.368,Pinned,Device,NVIDIA A100-SXM4-40GB MIG 4g.20gb (0),1,,13,[CUDA memcpy Host-to-Device]
2920785221,18880,139058,,,,,,,,,,0.197,10413.539,Pinned,Device,NVIDIA A100-SXM4-40GB MIG 4g.20gb (0),1,,13,[CUDA memcpy Host-to-Device]
2920818564,10048,139059,273,1,1,48,1,1,40,0.000,0.001,,,,,NVIDIA A100-SXM4-40GB MIG 4g.20gb (0),1,,13,"void pusch_noise_intf_est::noiseIntfEstNoDftSOfdmKernel<float, __half, float, float, (unsigned int)2, (unsigned int)1, (unsigned char)4, (unsigned char)4>(pusch_noise_intf_est::puschRxNoiseIntfEstDynDescr)"
2920837892,2752,139070,35,1,1,128,1,1,16,0.000,0.000,,,,,NVIDIA A100-SXM4-40GB MIG 4g.20gb (0),1,,13,cupy_copy__complex64_complex64
2920848004,1952,139079,1,1,1,1,1,1,18,0.000,0.000,,,,,NVIDIA A100-SXM4-40GB MIG 4g.20gb (0),1,,13,cupy_copy__float32_float32
2920856164,5664,139085,,,,,,,,,,0.000,0.706,Device,Pageable,NVIDIA A100-SXM4-40GB MIG 4g.20gb (0),1,,7,[CUDA memcpy Device-to-Host]
2920933219,12960,139096,1434,1,1,128,1,1,16,0.000,0.000,,,,,NVIDIA A100-SXM4-40GB MIG 4g.20gb (0),1,,13,cupy_copy__complex64_complex64
2920963363,2784,139103,103,1,1,128,1,1,16,0.000,0.000,,,,,NVIDIA A100-SXM4-40GB MIG 4g.20gb (0),1,,13,cupy_copy__complex64_complex64
2920984898,2304,139110,35,1,1,128,1,1,16,0.000,0.000,,,,,NVIDIA A100-SXM4-40GB MIG 4g.20gb (0),1,,13,cupy_copy__complex64_complex64
2921005282,1952,139117,1,1,1,1,1,1,18,0.000,0.000,,,,,NVIDIA A100-SXM4-40GB MIG 4g.20gb (0),1,,13,cupy_copy__float32_float32
2921128001,88287,139128,1,1,1,32,32,1,30,0.000,0.000,,,,,NVIDIA A100-SXM4-40GB MIG 4g.20gb (0),1,,13,"void convert_kernel<__half2, float2>(tensor_layout_any, T1 *, tensor_layout_any, const T2 *)"
2921243935,6016,139131,,,,,,,,,,0.094,15574.430,Pinned,Device,NVIDIA A100-SXM4-40GB MIG 4g.20gb (0),1,,13,[CUDA memcpy Host-to-Device]
2921258623,3136,139132,,,,,,,,,,1.547,493182.821,Device,,NVIDIA A100-SXM4-40GB MIG 4g.20gb (0),1,,13,[CUDA memset]
2921265599,3136,139137,,,,,,,,,,0.031,9979.575,Pinned,Device,NVIDIA A100-SXM4-40GB MIG 4g.20gb (0),1,,13,[CUDA memcpy Host-to-Device]
2921271423,11232,139138,,,,,,,,,,0.197,17504.207,Pinned,Device,NVIDIA A100-SXM4-40GB MIG 4g.20gb (0),1,,13,[CUDA memcpy Host-to-Device]
2921287295,8320,139139,273,1,1,8,4,1,39,0.002,0.000,,,,,NVIDIA A100-SXM4-40GB MIG 4g.20gb (0),1,,13,"void channel_eq::eqMmseCoefCompLowMimoKernel<float, float, float, (unsigned int)4, (unsigned int)1, (unsigned int)4>(const channel_eq::_puschRxChEqStatDescr *, channel_eq::_puschRxChEqCoefCompDynDescr)"
2921297439,6207,139140,273,1,1,12,11,1,51,0.002,0.000,,,,,NVIDIA A100-SXM4-40GB MIG 4g.20gb (0),1,,13,"void channel_eq::eqMmseSoftDemapKernel<float, __half, __half, float, (unsigned int)4, (unsigned short)16383>(channel_eq::_puschRxChEqStatDescr *, channel_eq::_puschRxChEqSoftDemapDynDescr)"
2921304606,283165,139141,1,1,1,32,32,1,30,0.000,0.000,,,,,NVIDIA A100-SXM4-40GB MIG 4g.20gb (0),1,,13,"void convert_kernel<float2, __half2>(tensor_layout_any, T1 *, tensor_layout_any, const T2 *)"
2921588699,11200,139153,2253,1,1,128,1,1,16,0.000,0.000,,,,,NVIDIA A100-SXM4-40GB MIG 4g.20gb (0),1,,13,cupy_copy__float16_float16
2921602747,3744,139162,282,1,1,128,1,1,16,0.000,0.000,,,,,NVIDIA A100-SXM4-40GB MIG 4g.20gb (0),1,,13,cupy_copy__complex64_complex64
2921608219,2176,139171,26,1,1,128,1,1,16,0.000,0.000,,,,,NVIDIA A100-SXM4-40GB MIG 4g.20gb (0),1,,13,cupy_copy__float32_float32
2921612891,2880,139180,103,1,1,128,1,1,16,0.000,0.000,,,,,NVIDIA A100-SXM4-40GB MIG 4g.20gb (0),1,,13,cupy_copy__complex64_complex64
2921619355,11807,139190,1434,1,1,128,1,1,16,0.000,0.000,,,,,NVIDIA A100-SXM4-40GB MIG 4g.20gb (0),1,,13,cupy_copy__complex64_complex64
2921640026,87071,139195,1,1,1,32,32,1,30,0.000,0.000,,,,,NVIDIA A100-SXM4-40GB MIG 4g.20gb (0),1,,13,"void convert_kernel<__half2, float2>(tensor_layout_any, T1 *, tensor_layout_any, const T2 *)"
2921754745,5504,139198,,,,,,,,,,0.094,17023.251,Pinned,Device,NVIDIA A100-SXM4-40GB MIG 4g.20gb (0),1,,13,[CUDA memcpy Host-to-Device]
2921764857,597400,139199,,,,,,,,,,456.561,763827.289,Device,,NVIDIA A100-SXM4-40GB MIG 4g.20gb (0),1,,13,[CUDA memset]
2922370737,138655,139204,,,,,,,,,,1.235,8906.416,Pinned,Device,NVIDIA A100-SXM4-40GB MIG 4g.20gb (0),1,,13,[CUDA memcpy Host-to-Device]
2922520367,30464,139205,,,,,,,,,,0.197,6453.658,Pinned,Device,NVIDIA A100-SXM4-40GB MIG 4g.20gb (0),1,,13,[CUDA memcpy Host-to-Device]
2922575119,8064,139206,69,4,1,48,1,1,76,0.002,0.000,,,,,NVIDIA A100-SXM4-40GB MIG 4g.20gb (0),1,,13,"void ch_est::windowedChEstPreNoDftSOfdmKernel<float, __half, float, (unsigned int)2, (unsigned int)1, (unsigned short)4>(ch_est::puschRxChEstStatDescr_t *, ch_est::puschRxChEstDynDescr_t *)"
2922602030,6784,139207,137,2,1,24,2,1,44,0.001,0.001,,,,,NVIDIA A100-SXM4-40GB MIG 4g.20gb (0),1,,13,"void ch_est::chEstFilterNoDftSOfdmDispatchKernel<float, __half, float, (unsigned int)2>(ch_est::puschRxChEstStatDescr_t *, ch_est::puschRxChEstDynDescr_t *)"
2922618702,4768,139208,137,2,1,24,2,1,44,0.001,0.001,,,,,NVIDIA A100-SXM4-40GB MIG 4g.20gb (0),1,,13,"void ch_est::chEstFilterNoDftSOfdmDispatchKernel<float, __half, float, (unsigned int)2>(ch_est::puschRxChEstStatDescr_t *, ch_est::puschRxChEstDynDescr_t *)"
2922635118,2496,139219,103,1,1,128,1,1,16,0.000,0.000,,,,,NVIDIA A100-SXM4-40GB MIG 4g.20gb (0),1,,13,cupy_copy__complex64_complex64
2922650702,12352,139229,1434,1,1,128,1,1,16,0.000,0.000,,,,,NVIDIA A100-SXM4-40GB MIG 4g.20gb (0),1,,13,cupy_copy__complex64_complex64
2922685485,2464,139236,103,1,1,128,1,1,16,0.000,0.000,,,,,NVIDIA A100-SXM4-40GB MIG 4g.20gb (0),1,,13,cupy_copy__complex64_complex64
2922702605,90719,139243,1,1,1,32,32,1,30,0.000,0.000,,,,,NVIDIA A100-SXM4-40GB MIG 4g.20gb (0),1,,13,"void convert_kernel<__half2, float2>(tensor_layout_any, T1 *, tensor_layout_any, const T2 *)"
2922827564,18943,139246,,,,,,,,,,0.094,4946.118,Pinned,Device,NVIDIA A100-SXM4-40GB MIG 4g.20gb (0),1,,13,[CUDA memcpy Host-to-Device]
2922858443,47424,139247,,,,,,,,,,35.810,755087.973,Device,,NVIDIA A100-SXM4-40GB MIG 4g.20gb (0),1,,13,[CUDA memset]
2922910059,10079,139249,,,,,,,,,,0.000,7.937,Pinned,Device,NVIDIA A100-SXM4-40GB MIG 4g.20gb (0),1,,13,[CUDA memcpy Host-to-Device]
2922930474,17088,139250,,,,,,,,,,0.197,11505.500,Pinned,Device,NVIDIA A100-SXM4-40GB MIG 4g.20gb (0),1,,13,[CUDA memcpy Host-to-Device]
2922962378,11968,139251,273,1,1,48,1,1,40,0.000,0.001,,,,,NVIDIA A100-SXM4-40GB MIG 4g.20gb (0),1,,13,"void pusch_noise_intf_est::noiseIntfEstNoDftSOfdmKernel<float, __half, float, float, (unsigned int)2, (unsigned int)1, (unsigned char)4, (unsigned char)4>(pusch_noise_intf_est::puschRxNoiseIntfEstDynDescr)"
2922976970,2720,139262,35,1,1,128,1,1,16,0.000,0.000,,,,,NVIDIA A100-SXM4-40GB MIG 4g.20gb (0),1,,13,cupy_copy__complex64_complex64
2922984458,1920,139271,1,1,1,1,1,1,18,0.000,0.000,,,,,NVIDIA A100-SXM4-40GB MIG 4g.20gb (0),1,,13,cupy_copy__float32_float32
2922990730,5760,139277,,,,,,,,,,0.000,0.694,Device,Pageable,NVIDIA A100-SXM4-40GB MIG 4g.20gb (0),1,,7,[CUDA memcpy Device-to-Host]
2923072873,12895,139288,1434,1,1,128,1,1,16,0.000,0.000,,,,,NVIDIA A100-SXM4-40GB MIG 4g.20gb (0),1,,13,cupy_copy__complex64_complex64
2923101928,2752,139295,103,1,1,128,1,1,16,0.000,0.000,,,,,NVIDIA A100-SXM4-40GB MIG 4g.20gb (0),1,,13,cupy_copy__complex64_complex64
2923124232,2304,139302,35,1,1,128,1,1,16,0.000,0.000,,,,,NVIDIA A100-SXM4-40GB MIG 4g.20gb (0),1,,13,cupy_copy__complex64_complex64
2923138440,1856,139309,1,1,1,1,1,1,18,0.000,0.000,,,,,NVIDIA A100-SXM4-40GB MIG 4g.20gb (0),1,,13,cupy_copy__float32_float32
2923267782,82303,139320,1,1,1,32,32,1,30,0.000,0.000,,,,,NVIDIA A100-SXM4-40GB MIG 4g.20gb (0),1,,13,"void convert_kernel<__half2, float2>(tensor_layout_any, T1 *, tensor_layout_any, const T2 *)"
2923379173,11200,139323,,,,,,,,,,0.094,8365.647,Pinned,Device,NVIDIA A100-SXM4-40GB MIG 4g.20gb (0),1,,13,[CUDA memcpy Host-to-Device]
2923399205,3423,139324,,,,,,,,,,1.547,451832.282,Device,,NVIDIA A100-SXM4-40GB MIG 4g.20gb (0),1,,13,[CUDA memset]
2923403204,5120,139329,,,,,,,,,,0.031,6112.484,Pinned,Device,NVIDIA A100-SXM4-40GB MIG 4g.20gb (0),1,,13,[CUDA memcpy Host-to-Device]
2923412260,10336,139330,,,,,,,,,,0.197,19021.627,Pinned,Device,NVIDIA A100-SXM4-40GB MIG 4g.20gb (0),1,,13,[CUDA memcpy Host-to-Device]
2923428388,6720,139331,273,1,1,8,4,1,39,0.002,0.000,,,,,NVIDIA A100-SXM4-40GB MIG 4g.20gb (0),1,,13,"void channel_eq::eqMmseCoefCompLowMimoKernel<float, float, float, (unsigned int)4, (unsigned int)1, (unsigned int)4>(const channel_eq::_puschRxChEqStatDescr *, channel_eq::_puschRxChEqCoefCompDynDescr)"
2923438276,6336,139332,273,1,1,12,11,1,51,0.002,0.000,,,,,NVIDIA A100-SXM4-40GB MIG 4g.20gb (0),1,,13,"void channel_eq::eqMmseSoftDemapKernel<float, __half, __half, float, (unsigned int)4, (unsigned short)16383>(channel_eq::_puschRxChEqStatDescr *, channel_eq::_puschRxChEqSoftDemapDynDescr)"
2923445540,282172,139333,1,1,1,32,32,1,30,0.000,0.000,,,,,NVIDIA A100-SXM4-40GB MIG 4g.20gb (0),1,,13,"void convert_kernel<float2, __half2>(tensor_layout_any, T1 *, tensor_layout_any, const T2 *)"
2923730528,11008,139345,2253,1,1,128,1,1,16,0.000,0.000,,,,,NVIDIA A100-SXM4-40GB MIG 4g.20gb (0),1,,13,cupy_copy__float16_float16
2923743616,2688,139354,282,1,1,128,1,1,16,0.000,0.000,,,,,NVIDIA A100-SXM4-40GB MIG 4g.20gb (0),1,,13,cupy_copy__complex64_complex64
2923747616,2304,139363,26,1,1,128,1,1,16,0.000,0.000,,,,,NVIDIA A100-SXM4-40GB MIG 4g.20gb (0),1,,13,cupy_copy__float32_float32
2923752384,3072,139372,103,1,1,128,1,1,16,0.000,0.000,,,,,NVIDIA A100-SXM4-40GB MIG 4g.20gb (0),1,,13,cupy_copy__complex64_complex64
2923758720,12032,139382,1434,1,1,128,1,1,16,0.000,0.000,,,,,NVIDIA A100-SXM4-40GB MIG 4g.20gb (0),1,,13,cupy_copy__complex64_complex64
2923775552,83199,139387,1,1,1,32,32,1,30,0.000,0.000,,,,,NVIDIA A100-SXM4-40GB MIG 4g.20gb (0),1,,13,"void convert_kernel<__half2, float2>(tensor_layout_any, T1 *, tensor_layout_any, const T2 *)"
2923886239,6079,139390,,,,,,,,,,0.094,15412.992,Pinned,Device,NVIDIA A100-SXM4-40GB MIG 4g.20gb (0),1,,13,[CUDA memcpy Host-to-Device]
2923897790,598585,139391,,,,,,,,,,456.561,762457.605,Device,,NVIDIA A100-SXM4-40GB MIG 4g.20gb (0),1,,13,[CUDA memset]
2924496887,142238,139396,,,,,,,,,,1.235,8681.656,Pinned,Device,NVIDIA A100-SXM4-40GB MIG 4g.20gb (0),1,,13,[CUDA memcpy Host-to-Device]
2924651765,39872,139397,,,,,,,,,,0.197,4930.929,Pinned,Device,NVIDIA A100-SXM4-40GB MIG 4g.20gb (0),1,,13,[CUDA memcpy Host-to-Device]
2924721908,7776,139398,69,4,1,48,1,1,76,0.002,0.000,,,,,NVIDIA A100-SXM4-40GB MIG 4g.20gb (0),1,,13,"void ch_est::windowedChEstPreNoDftSOfdmKernel<float, __half, float, (unsigned int)2, (unsigned int)1, (unsigned short)4>(ch_est::puschRxChEstStatDescr_t *, ch_est::puschRxChEstDynDescr_t *)"
2924741300,6816,139399,137,2,1,24,2,1,44,0.001,0.001,,,,,NVIDIA A100-SXM4-40GB MIG 4g.20gb (0),1,,13,"void ch_est::chEstFilterNoDftSOfdmDispatchKernel<float, __half, float, (unsigned int)2>(ch_est::puschRxChEstStatDescr_t *, ch_est::puschRxChEstDynDescr_t *)"
2924758484,4768,139400,137,2,1,24,2,1,44,0.001,0.001,,,,,NVIDIA A100-SXM4-40GB MIG 4g.20gb (0),1,,13,"void ch_est::chEstFilterNoDftSOfdmDispatchKernel<float, __half, float, (unsigned int)2>(ch_est::puschRxChEstStatDescr_t *, ch_est::puschRxChEstDynDescr_t *)"
2924775412,2687,139411,103,1,1,128,1,1,16,0.000,0.000,,,,,NVIDIA A100-SXM4-40GB MIG 4g.20gb (0),1,,13,cupy_copy__complex64_complex64
2924792307,12672,139421,1434,1,1,128,1,1,16,0.000,0.000,,,,,NVIDIA A100-SXM4-40GB MIG 4g.20gb (0),1,,13,cupy_copy__complex64_complex64
2924813715,2912,139428,103,1,1,128,1,1,16,0.000,0.000,,,,,NVIDIA A100-SXM4-40GB MIG 4g.20gb (0),1,,13,cupy_copy__complex64_complex64
2924840147,91455,139435,1,1,1,32,32,1,30,0.000,0.000,,,,,NVIDIA A100-SXM4-40GB MIG 4g.20gb (0),1,,13,"void convert_kernel<__half2, float2>(tensor_layout_any, T1 *, tensor_layout_any, const T2 *)"
2924964977,21728,139438,,,,,,,,,,0.094,4312.171,Pinned,Device,NVIDIA A100-SXM4-40GB MIG 4g.20gb (0),1,,13,[CUDA memcpy Host-to-Device]
2925006961,48351,139439,,,,,,,,,,35.810,740620.765,Device,,NVIDIA A100-SXM4-40GB MIG 4g.20gb (0),1,,13,[CUDA memset]
2925057072,11200,139441,,,,,,,,,,0.000,7.143,Pinned,Device,NVIDIA A100-SXM4-40GB MIG 4g.20gb (0),1,,13,[CUDA memcpy Host-to-Device]
2925077456,24159,139442,,,,,,,,,,0.197,8137.998,Pinned,Device,NVIDIA A100-SXM4-40GB MIG 4g.20gb (0),1,,13,[CUDA memcpy Host-to-Device]
2925121391,9728,139443,273,1,1,48,1,1,40,0.000,0.001,,,,,NVIDIA A100-SXM4-40GB MIG 4g.20gb (0),1,,13,"void pusch_noise_intf_est::noiseIntfEstNoDftSOfdmKernel<float, __half, float, float, (unsigned int)2, (unsigned int)1, (unsigned char)4, (unsigned char)4>(pusch_noise_intf_est::puschRxNoiseIntfEstDynDescr)"
2925136463,2720,139454,35,1,1,128,1,1,16,0.000,0.000,,,,,NVIDIA A100-SXM4-40GB MIG 4g.20gb (0),1,,13,cupy_copy__complex64_complex64
2925144655,1760,139463,1,1,1,1,1,1,18,0.000,0.000,,,,,NVIDIA A100-SXM4-40GB MIG 4g.20gb (0),1,,13,cupy_copy__float32_float32
2925148495,7104,139469,,,,,,,,,,0.000,0.563,Device,Pageable,NVIDIA A100-SXM4-40GB MIG 4g.20gb (0),1,,7,[CUDA memcpy Device-to-Host]
2925227182,12960,139480,1434,1,1,128,1,1,16,0.000,0.000,,,,,NVIDIA A100-SXM4-40GB MIG 4g.20gb (0),1,,13,cupy_copy__complex64_complex64
2925254798,2784,139487,103,1,1,128,1,1,16,0.000,0.000,,,,,NVIDIA A100-SXM4-40GB MIG 4g.20gb (0),1,,13,cupy_copy__complex64_complex64
2925271373,2752,139494,35,1,1,128,1,1,16,0.000,0.000,,,,,NVIDIA A100-SXM4-40GB MIG 4g.20gb (0),1,,13,cupy_copy__complex64_complex64
2925289197,1888,139501,1,1,1,1,1,1,18,0.000,0.000,,,,,NVIDIA A100-SXM4-40GB MIG 4g.20gb (0),1,,13,cupy_copy__float32_float32
2925446283,81759,139512,1,1,1,32,32,1,30,0.000,0.000,,,,,NVIDIA A100-SXM4-40GB MIG 4g.20gb (0),1,,13,"void convert_kernel<__half2, float2>(tensor_layout_any, T1 *, tensor_layout_any, const T2 *)"
2925556010,5824,139515,,,,,,,,,,0.094,16087.884,Pinned,Device,NVIDIA A100-SXM4-40GB MIG 4g.20gb (0),1,,13,[CUDA memcpy Host-to-Device]
2925572842,3200,139516,,,,,,,,,,1.547,483320.000,Device,,NVIDIA A100-SXM4-40GB MIG 4g.20gb (0),1,,13,[CUDA memset]
2925578826,3584,139521,,,,,,,,,,0.031,8732.116,Pinned,Device,NVIDIA A100-SXM4-40GB MIG 4g.20gb (0),1,,13,[CUDA memcpy Host-to-Device]
2925585290,10143,139522,,,,,,,,,,0.197,19383.583,Pinned,Device,NVIDIA A100-SXM4-40GB MIG 4g.20gb (0),1,,13,[CUDA memcpy Host-to-Device]
2925599177,6336,139523,273,1,1,8,4,1,39,0.002,0.000,,,,,NVIDIA A100-SXM4-40GB MIG 4g.20gb (0),1,,13,"void channel_eq::eqMmseCoefCompLowMimoKernel<float, float, float, (unsigned int)4, (unsigned int)1, (unsigned int)4>(const channel_eq::_puschRxChEqStatDescr *, channel_eq::_puschRxChEqCoefCompDynDescr)"
2925608649,6016,139524,273,1,1,12,11,1,51,0.002,0.000,,,,,NVIDIA A100-SXM4-40GB MIG 4g.20gb (0),1,,13,"void channel_eq::eqMmseSoftDemapKernel<float, __half, __half, float, (unsigned int)4, (unsigned short)16383>(channel_eq::_puschRxChEqStatDescr *, channel_eq::_puschRxChEqSoftDemapDynDescr)"
2925617161,282077,139525,1,1,1,32,32,1,30,0.000,0.000,,,,,NVIDIA A100-SXM4-40GB MIG 4g.20gb (0),1,,13,"void convert_kernel<float2, __half2>(tensor_layout_any, T1 *, tensor_layout_any, const T2 *)"
2925901062,10847,139537,2253,1,1,128,1,1,16,0.000,0.000,,,,,NVIDIA A100-SXM4-40GB MIG 4g.20gb (0),1,,13,cupy_copy__float16_float16
2925914053,3136,139546,282,1,1,128,1,1,16,0.000,0.000,,,,,NVIDIA A100-SXM4-40GB MIG 4g.20gb (0),1,,13,cupy_copy__complex64_complex64
2925918149,2432,139555,26,1,1,128,1,1,16,0.000,0.000,,,,,NVIDIA A100-SXM4-40GB MIG 4g.20gb (0),1,,13,cupy_copy__float32_float32
2925924037,3040,139564,103,1,1,128,1,1,16,0.000,0.000,,,,,NVIDIA A100-SXM4-40GB MIG 4g.20gb (0),1,,13,cupy_copy__complex64_complex64
2925929381,12096,139574,1434,1,1,128,1,1,16,0.000,0.000,,,,,NVIDIA A100-SXM4-40GB MIG 4g.20gb (0),1,,13,cupy_copy__complex64_complex64
2925950117,87647,139579,1,1,1,32,32,1,30,0.000,0.000,,,,,NVIDIA A100-SXM4-40GB MIG 4g.20gb (0),1,,13,"void convert_kernel<__half2, float2>(tensor_layout_any, T1 *, tensor_layout_any, const T2 *)"
2926066308,5343,139582,,,,,,,,,,0.094,17536.143,Pinned,Device,NVIDIA A100-SXM4-40GB MIG 4g.20gb (0),1,,13,[CUDA memcpy Host-to-Device]
2926076323,596953,139583,,,,,,,,,,456.561,764740.412,Device,,NVIDIA A100-SXM4-40GB MIG 4g.20gb (0),1,,13,[CUDA memset]
2926679868,135294,139588,,,,,,,,,,1.235,9127.471,Pinned,Device,NVIDIA A100-SXM4-40GB MIG 4g.20gb (0),1,,13,[CUDA memcpy Host-to-Device]
2926826586,42848,139589,,,,,,,,,,0.197,4588.438,Pinned,Device,NVIDIA A100-SXM4-40GB MIG 4g.20gb (0),1,,13,[CUDA memcpy Host-to-Device]
2926891481,8032,139590,69,4,1,48,1,1,76,0.002,0.000,,,,,NVIDIA A100-SXM4-40GB MIG 4g.20gb (0),1,,13,"void ch_est::windowedChEstPreNoDftSOfdmKernel<float, __half, float, (unsigned int)2, (unsigned int)1, (unsigned short)4>(ch_est::puschRxChEstStatDescr_t *, ch_est::puschRxChEstDynDescr_t *)"
2926911065,7264,139591,137,2,1,24,2,1,44,0.001,0.001,,,,,NVIDIA A100-SXM4-40GB MIG 4g.20gb (0),1,,13,"void ch_est::chEstFilterNoDftSOfdmDispatchKernel<float, __half, float, (unsigned int)2>(ch_est::puschRxChEstStatDescr_t *, ch_est::puschRxChEstDynDescr_t *)"
2926929369,4800,139592,137,2,1,24,2,1,44,0.001,0.001,,,,,NVIDIA A100-SXM4-40GB MIG 4g.20gb (0),1,,13,"void ch_est::chEstFilterNoDftSOfdmDispatchKernel<float, __half, float, (unsigned int)2>(ch_est::puschRxChEstStatDescr_t *, ch_est::puschRxChEstDynDescr_t *)"
2926946521,2528,139603,103,1,1,128,1,1,16,0.000,0.000,,,,,NVIDIA A100-SXM4-40GB MIG 4g.20gb (0),1,,13,cupy_copy__complex64_complex64
2926963000,12480,139613,1434,1,1,128,1,1,16,0.000,0.000,,,,,NVIDIA A100-SXM4-40GB MIG 4g.20gb (0),1,,13,cupy_copy__complex64_complex64
2926982360,2912,139620,103,1,1,128,1,1,16,0.000,0.000,,,,,NVIDIA A100-SXM4-40GB MIG 4g.20gb (0),1,,13,cupy_copy__complex64_complex64
2927008408,93279,139627,1,1,1,32,32,1,30,0.000,0.000,,,,,NVIDIA A100-SXM4-40GB MIG 4g.20gb (0),1,,13,"void convert_kernel<__half2, float2>(tensor_layout_any, T1 *, tensor_layout_any, const T2 *)"
2928826465,5440,139630,,,,,,,,,,0.094,17223.480,Pinned,Device,NVIDIA A100-SXM4-40GB MIG 4g.20gb (0),1,,13,[CUDA memcpy Host-to-Device]
2928886849,47487,139631,,,,,,,,,,35.810,754085.295,Device,,NVIDIA A100-SXM4-40GB MIG 4g.20gb (0),1,,13,[CUDA memset]
2928942368,3968,139633,,,,,,,,,,0.000,20.161,Pinned,Device,NVIDIA A100-SXM4-40GB MIG 4g.20gb (0),1,,13,[CUDA memcpy Host-to-Device]
2928951680,12640,139634,,,,,,,,,,0.197,15554.249,Pinned,Device,NVIDIA A100-SXM4-40GB MIG 4g.20gb (0),1,,13,[CUDA memcpy Host-to-Device]
2928971104,10048,139635,273,1,1,48,1,1,40,0.000,0.001,,,,,NVIDIA A100-SXM4-40GB MIG 4g.20gb (0),1,,13,"void pusch_noise_intf_est::noiseIntfEstNoDftSOfdmKernel<float, __half, float, float, (unsigned int)2, (unsigned int)1, (unsigned char)4, (unsigned char)4>(pusch_noise_intf_est::puschRxNoiseIntfEstDynDescr)"
2929060511,2752,139646,35,1,1,128,1,1,16,0.000,0.000,,,,,NVIDIA A100-SXM4-40GB MIG 4g.20gb (0),1,,13,cupy_copy__complex64_complex64
2929108382,1952,139655,1,1,1,1,1,1,18,0.000,0.000,,,,,NVIDIA A100-SXM4-40GB MIG 4g.20gb (0),1,,13,cupy_copy__float32_float32
2929187485,1664,139661,,,,,,,,,,0.000,2.404,Device,Pageable,NVIDIA A100-SXM4-40GB MIG 4g.20gb (0),1,,7,[CUDA memcpy Device-to-Host]
2929255196,12768,139672,1434,1,1,128,1,1,16,0.000,0.000,,,,,NVIDIA A100-SXM4-40GB MIG 4g.20gb (0),1,,13,cupy_copy__complex64_complex64
2929290716,2816,139679,103,1,1,128,1,1,16,0.000,0.000,,,,,NVIDIA A100-SXM4-40GB MIG 4g.20gb (0),1,,13,cupy_copy__complex64_complex64
2929314043,2496,139686,35,1,1,128,1,1,16,0.000,0.000,,,,,NVIDIA A100-SXM4-40GB MIG 4g.20gb (0),1,,13,cupy_copy__complex64_complex64
2929332059,1888,139693,1,1,1,1,1,1,18,0.000,0.000,,,,,NVIDIA A100-SXM4-40GB MIG 4g.20gb (0),1,,13,cupy_copy__float32_float32
2929543577,82719,139704,1,1,1,32,32,1,30,0.000,0.000,,,,,NVIDIA A100-SXM4-40GB MIG 4g.20gb (0),1,,13,"void convert_kernel<__half2, float2>(tensor_layout_any, T1 *, tensor_layout_any, const T2 *)"
2929663287,6368,139707,,,,,,,,,,0.094,14713.551,Pinned,Device,NVIDIA A100-SXM4-40GB MIG 4g.20gb (0),1,,13,[CUDA memcpy Host-to-Device]
2929693719,3552,139708,,,,,,,,,,1.547,435422.601,Device,,NVIDIA A100-SXM4-40GB MIG 4g.20gb (0),1,,13,[CUDA memset]
2929712086,3136,139713,,,,,,,,,,0.031,9979.575,Pinned,Device,NVIDIA A100-SXM4-40GB MIG 4g.20gb (0),1,,13,[CUDA memcpy Host-to-Device]
2929717782,10016,139714,,,,,,,,,,0.197,19629.343,Pinned,Device,NVIDIA A100-SXM4-40GB MIG 4g.20gb (0),1,,13,[CUDA memcpy Host-to-Device]
2929732822,7360,139715,273,1,1,8,4,1,39,0.002,0.000,,,,,NVIDIA A100-SXM4-40GB MIG 4g.20gb (0),1,,13,"void channel_eq::eqMmseCoefCompLowMimoKernel<float, float, float, (unsigned int)4, (unsigned int)1, (unsigned int)4>(const channel_eq::_puschRxChEqStatDescr *, channel_eq::_puschRxChEqCoefCompDynDescr)"
2929742006,5920,139716,273,1,1,12,11,1,51,0.002,0.000,,,,,NVIDIA A100-SXM4-40GB MIG 4g.20gb (0),1,,13,"void channel_eq::eqMmseSoftDemapKernel<float, __half, __half, float, (unsigned int)4, (unsigned short)16383>(channel_eq::_puschRxChEqStatDescr *, channel_eq::_puschRxChEqSoftDemapDynDescr)"
2929751094,295004,139717,1,1,1,32,32,1,30,0.000,0.000,,,,,NVIDIA A100-SXM4-40GB MIG 4g.20gb (0),1,,13,"void convert_kernel<float2, __half2>(tensor_layout_any, T1 *, tensor_layout_any, const T2 *)"
2930048658,10912,139729,2253,1,1,128,1,1,16,0.000,0.000,,,,,NVIDIA A100-SXM4-40GB MIG 4g.20gb (0),1,,13,cupy_copy__float16_float16
2930064594,2784,139738,282,1,1,128,1,1,16,0.000,0.000,,,,,NVIDIA A100-SXM4-40GB MIG 4g.20gb (0),1,,13,cupy_copy__complex64_complex64
2930070834,2304,139747,26,1,1,128,1,1,16,0.000,0.000,,,,,NVIDIA A100-SXM4-40GB MIG 4g.20gb (0),1,,13,cupy_copy__float32_float32
2930074194,2912,139756,103,1,1,128,1,1,16,0.000,0.000,,,,,NVIDIA A100-SXM4-40GB MIG 4g.20gb (0),1,,13,cupy_copy__complex64_complex64
2930080018,11840,139766,1434,1,1,128,1,1,16,0.000,0.000,,,,,NVIDIA A100-SXM4-40GB MIG 4g.20gb (0),1,,13,cupy_copy__complex64_complex64
2930162705,87999,139771,1,1,1,32,32,1,30,0.000,0.000,,,,,NVIDIA A100-SXM4-40GB MIG 4g.20gb (0),1,,13,"void convert_kernel<__half2, float2>(tensor_layout_any, T1 *, tensor_layout_any, const T2 *)"
2930281295,5600,139774,,,,,,,,,,0.094,16731.388,Pinned,Device,NVIDIA A100-SXM4-40GB MIG 4g.20gb (0),1,,13,[CUDA memcpy Host-to-Device]
2930303567,597369,139775,,,,,,,,,,456.561,764283.851,Device,,NVIDIA A100-SXM4-40GB MIG 4g.20gb (0),1,,13,[CUDA memset]
2930911048,143070,139780,,,,,,,,,,1.235,8631.024,Pinned,Device,NVIDIA A100-SXM4-40GB MIG 4g.20gb (0),1,,13,[CUDA memcpy Host-to-Device]
2931070246,39295,139781,,,,,,,,,,0.197,5003.280,Pinned,Device,NVIDIA A100-SXM4-40GB MIG 4g.20gb (0),1,,13,[CUDA memcpy Host-to-Device]
2931139333,8096,139782,69,4,1,48,1,1,76,0.002,0.000,,,,,NVIDIA A100-SXM4-40GB MIG 4g.20gb (0),1,,13,"void ch_est::windowedChEstPreNoDftSOfdmKernel<float, __half, float, (unsigned int)2, (unsigned int)1, (unsigned short)4>(ch_est::puschRxChEstStatDescr_t *, ch_est::puschRxChEstDynDescr_t *)"
2931156805,7008,139783,137,2,1,24,2,1,44,0.001,0.001,,,,,NVIDIA A100-SXM4-40GB MIG 4g.20gb (0),1,,13,"void ch_est::chEstFilterNoDftSOfdmDispatchKernel<float, __half, float, (unsigned int)2>(ch_est::puschRxChEstStatDescr_t *, ch_est::puschRxChEstDynDescr_t *)"
2931174276,4704,139784,137,2,1,24,2,1,44,0.001,0.001,,,,,NVIDIA A100-SXM4-40GB MIG 4g.20gb (0),1,,13,"void ch_est::chEstFilterNoDftSOfdmDispatchKernel<float, __half, float, (unsigned int)2>(ch_est::puschRxChEstStatDescr_t *, ch_est::puschRxChEstDynDescr_t *)"
2931192004,2752,139795,103,1,1,128,1,1,16,0.000,0.000,,,,,NVIDIA A100-SXM4-40GB MIG 4g.20gb (0),1,,13,cupy_copy__complex64_complex64
2931209124,12672,139805,1434,1,1,128,1,1,16,0.000,0.000,,,,,NVIDIA A100-SXM4-40GB MIG 4g.20gb (0),1,,13,cupy_copy__complex64_complex64
2931227780,2848,139812,103,1,1,128,1,1,16,0.000,0.000,,,,,NVIDIA A100-SXM4-40GB MIG 4g.20gb (0),1,,13,cupy_copy__complex64_complex64
2931251299,99263,139819,1,1,1,32,32,1,30,0.000,0.000,,,,,NVIDIA A100-SXM4-40GB MIG 4g.20gb (0),1,,13,"void convert_kernel<__half2, float2>(tensor_layout_any, T1 *, tensor_layout_any, const T2 *)"
2931383778,30655,139822,,,,,,,,,,0.094,3056.457,Pinned,Device,NVIDIA A100-SXM4-40GB MIG 4g.20gb (0),1,,13,[CUDA memcpy Host-to-Device]
2931440289,46816,139823,,,,,,,,,,35.810,764899.891,Device,,NVIDIA A100-SXM4-40GB MIG 4g.20gb (0),1,,13,[CUDA memset]
2931491584,8960,139825,,,,,,,,,,0.000,8.929,Pinned,Device,NVIDIA A100-SXM4-40GB MIG 4g.20gb (0),1,,13,[CUDA memcpy Host-to-Device]
2931510208,19488,139826,,,,,,,,,,0.197,10088.546,Pinned,Device,NVIDIA A100-SXM4-40GB MIG 4g.20gb (0),1,,13,[CUDA memcpy Host-to-Device]
2931541344,9312,139827,273,1,1,48,1,1,40,0.000,0.001,,,,,NVIDIA A100-SXM4-40GB MIG 4g.20gb (0),1,,13,"void pusch_noise_intf_est::noiseIntfEstNoDftSOfdmKernel<float, __half, float, float, (unsigned int)2, (unsigned int)1, (unsigned char)4, (unsigned char)4>(pusch_noise_intf_est::puschRxNoiseIntfEstDynDescr)"
2931559808,2912,139838,35,1,1,128,1,1,16,0.000,0.000,,,,,NVIDIA A100-SXM4-40GB MIG 4g.20gb (0),1,,13,cupy_copy__complex64_complex64
2931568192,1984,139847,1,1,1,1,1,1,18,0.000,0.000,,,,,NVIDIA A100-SXM4-40GB MIG 4g.20gb (0),1,,13,cupy_copy__float32_float32
2931573311,4736,139853,,,,,,,,,,0.000,0.845,Device,Pageable,NVIDIA A100-SXM4-40GB MIG 4g.20gb (0),1,,7,[CUDA memcpy Device-to-Host]
2931643359,13311,139864,1434,1,1,128,1,1,16,0.000,0.000,,,,,NVIDIA A100-SXM4-40GB MIG 4g.20gb (0),1,,13,cupy_copy__complex64_complex64
2931668606,2912,139871,103,1,1,128,1,1,16,0.000,0.000,,,,,NVIDIA A100-SXM4-40GB MIG 4g.20gb (0),1,,13,cupy_copy__complex64_complex64
2931690270,2560,139878,35,1,1,128,1,1,16,0.000,0.000,,,,,NVIDIA A100-SXM4-40GB MIG 4g.20gb (0),1,,13,cupy_copy__complex64_complex64
2931708414,2112,139885,1,1,1,1,1,1,18,0.000,0.000,,,,,NVIDIA A100-SXM4-40GB MIG 4g.20gb (0),1,,13,cupy_copy__float32_float32
2931853372,86719,139896,1,1,1,32,32,1,30,0.000,0.000,,,,,NVIDIA A100-SXM4-40GB MIG 4g.20gb (0),1,,13,"void convert_kernel<__half2, float2>(tensor_layout_any, T1 *, tensor_layout_any, const T2 *)"
2931968571,5920,139899,,,,,,,,,,0.094,15826.941,Pinned,Device,NVIDIA A100-SXM4-40GB MIG 4g.20gb (0),1,,13,[CUDA memcpy Host-to-Device]
2931984826,3072,139900,,,,,,,,,,1.547,503457.044,Device,,NVIDIA A100-SXM4-40GB MIG 4g.20gb (0),1,,13,[CUDA memset]
2931989914,3392,139905,,,,,,,,,,0.031,9226.405,Pinned,Device,NVIDIA A100-SXM4-40GB MIG 4g.20gb (0),1,,13,[CUDA memcpy Host-to-Device]
2931995706,9856,139906,,,,,,,,,,0.197,19948.044,Pinned,Device,NVIDIA A100-SXM4-40GB MIG 4g.20gb (0),1,,13,[CUDA memcpy Host-to-Device]
2932011482,6272,139907,273,1,1,8,4,1,39,0.002,0.000,,,,,NVIDIA A100-SXM4-40GB MIG 4g.20gb (0),1,,13,"void channel_eq::eqMmseCoefCompLowMimoKernel<float, float, float, (unsigned int)4, (unsigned int)1, (unsigned int)4>(const channel_eq::_puschRxChEqStatDescr *, channel_eq::_puschRxChEqCoefCompDynDescr)"
2932018778,6400,139908,273,1,1,12,11,1,51,0.002,0.000,,,,,NVIDIA A100-SXM4-40GB MIG 4g.20gb (0),1,,13,"void channel_eq::eqMmseSoftDemapKernel<float, __half, __half, float, (unsigned int)4, (unsigned short)16383>(channel_eq::_puschRxChEqStatDescr *, channel_eq::_puschRxChEqSoftDemapDynDescr)"
2932026266,282652,139909,1,1,1,32,32,1,30,0.000,0.000,,,,,NVIDIA A100-SXM4-40GB MIG 4g.20gb (0),1,,13,"void convert_kernel<float2, __half2>(tensor_layout_any, T1 *, tensor_layout_any, const T2 *)"
2932312342,10976,139921,2253,1,1,128,1,1,16,0.000,0.000,,,,,NVIDIA A100-SXM4-40GB MIG 4g.20gb (0),1,,13,cupy_copy__float16_float16
2932325238,2912,139930,282,1,1,128,1,1,16,0.000,0.000,,,,,NVIDIA A100-SXM4-40GB MIG 4g.20gb (0),1,,13,cupy_copy__complex64_complex64
2932331894,2048,139939,26,1,1,128,1,1,16,0.000,0.000,,,,,NVIDIA A100-SXM4-40GB MIG 4g.20gb (0),1,,13,cupy_copy__float32_float32
2932337110,4352,139948,103,1,1,128,1,1,16,0.000,0.000,,,,,NVIDIA A100-SXM4-40GB MIG 4g.20gb (0),1,,13,cupy_copy__complex64_complex64
2932342774,12192,139958,1434,1,1,128,1,1,16,0.000,0.000,,,,,NVIDIA A100-SXM4-40GB MIG 4g.20gb (0),1,,13,cupy_copy__complex64_complex64
2932361462,82271,139963,1,1,1,32,32,1,30,0.000,0.000,,,,,NVIDIA A100-SXM4-40GB MIG 4g.20gb (0),1,,13,"void convert_kernel<__half2, float2>(tensor_layout_any, T1 *, tensor_layout_any, const T2 *)"
2932471316,5376,139966,,,,,,,,,,0.094,17428.487,Pinned,Device,NVIDIA A100-SXM4-40GB MIG 4g.20gb (0),1,,13,[CUDA memcpy Host-to-Device]
2932481812,600601,139967,,,,,,,,,,456.561,759718.236,Device,,NVIDIA A100-SXM4-40GB MIG 4g.20gb (0),1,,13,[CUDA memset]
2933088493,141342,139972,,,,,,,,,,1.235,8737.229,Pinned,Device,NVIDIA A100-SXM4-40GB MIG 4g.20gb (0),1,,13,[CUDA memcpy Host-to-Device]
2933238507,40543,139973,,,,,,,,,,0.197,4849.336,Pinned,Device,NVIDIA A100-SXM4-40GB MIG 4g.20gb (0),1,,13,[CUDA memcpy Host-to-Device]
2933309098,8096,139974,69,4,1,48,1,1,76,0.002,0.000,,,,,NVIDIA A100-SXM4-40GB MIG 4g.20gb (0),1,,13,"void ch_est::windowedChEstPreNoDftSOfdmKernel<float, __half, float, (unsigned int)2, (unsigned int)1, (unsigned short)4>(ch_est::puschRxChEstStatDescr_t *, ch_est::puschRxChEstDynDescr_t *)"
2933328266,6688,139975,137,2,1,24,2,1,44,0.001,0.001,,,,,NVIDIA A100-SXM4-40GB MIG 4g.20gb (0),1,,13,"void ch_est::chEstFilterNoDftSOfdmDispatchKernel<float, __half, float, (unsigned int)2>(ch_est::puschRxChEstStatDescr_t *, ch_est::puschRxChEstDynDescr_t *)"
2933345194,4800,139976,137,2,1,24,2,1,44,0.001,0.001,,,,,NVIDIA A100-SXM4-40GB MIG 4g.20gb (0),1,,13,"void ch_est::chEstFilterNoDftSOfdmDispatchKernel<float, __half, float, (unsigned int)2>(ch_est::puschRxChEstStatDescr_t *, ch_est::puschRxChEstDynDescr_t *)"
2933362473,2496,139987,103,1,1,128,1,1,16,0.000,0.000,,,,,NVIDIA A100-SXM4-40GB MIG 4g.20gb (0),1,,13,cupy_copy__complex64_complex64
2933380873,12384,139997,1434,1,1,128,1,1,16,0.000,0.000,,,,,NVIDIA A100-SXM4-40GB MIG 4g.20gb (0),1,,13,cupy_copy__complex64_complex64
2933400297,2912,140004,103,1,1,128,1,1,16,0.000,0.000,,,,,NVIDIA A100-SXM4-40GB MIG 4g.20gb (0),1,,13,cupy_copy__complex64_complex64
2933423849,106174,140011,1,1,1,32,32,1,30,0.000,0.000,,,,,NVIDIA A100-SXM4-40GB MIG 4g.20gb (0),1,,13,"void convert_kernel<__half2, float2>(tensor_layout_any, T1 *, tensor_layout_any, const T2 *)"
2933565319,27104,140014,,,,,,,,,,0.094,3456.820,Pinned,Device,NVIDIA A100-SXM4-40GB MIG 4g.20gb (0),1,,13,[CUDA memcpy Host-to-Device]
2933606726,46400,140015,,,,,,,,,,35.810,771739.586,Device,,NVIDIA A100-SXM4-40GB MIG 4g.20gb (0),1,,13,[CUDA memset]
2933656678,14784,140017,,,,,,,,,,0.000,5.411,Pinned,Device,NVIDIA A100-SXM4-40GB MIG 4g.20gb (0),1,,13,[CUDA memcpy Host-to-Device]
2933682597,35296,140018,,,,,,,,,,0.197,5570.101,Pinned,Device,NVIDIA A100-SXM4-40GB MIG 4g.20gb (0),1,,13,[CUDA memcpy Host-to-Device]
2933737381,9888,140019,273,1,1,48,1,1,40,0.000,0.001,,,,,NVIDIA A100-SXM4-40GB MIG 4g.20gb (0),1,,13,"void pusch_noise_intf_est::noiseIntfEstNoDftSOfdmKernel<float, __half, float, float, (unsigned int)2, (unsigned int)1, (unsigned char)4, (unsigned char)4>(pusch_noise_intf_est::puschRxNoiseIntfEstDynDescr)"
2933753445,2687,140030,35,1,1,128,1,1,16,0.000,0.000,,,,,NVIDIA A100-SXM4-40GB MIG 4g.20gb (0),1,,13,cupy_copy__complex64_complex64
2933770404,1696,140039,1,1,1,1,1,1,18,0.000,0.000,,,,,NVIDIA A100-SXM4-40GB MIG 4g.20gb (0),1,,13,cupy_copy__float32_float32
2933774884,7104,140045,,,,,,,,,,0.000,0.563,Device,Pageable,NVIDIA A100-SXM4-40GB MIG 4g.20gb (0),1,,7,[CUDA memcpy Device-to-Host]
2933876131,12736,140056,1434,1,1,128,1,1,16,0.000,0.000,,,,,NVIDIA A100-SXM4-40GB MIG 4g.20gb (0),1,,13,cupy_copy__complex64_complex64
2933898723,2752,140063,103,1,1,128,1,1,16,0.000,0.000,,,,,NVIDIA A100-SXM4-40GB MIG 4g.20gb (0),1,,13,cupy_copy__complex64_complex64
2933916707,2527,140070,35,1,1,128,1,1,16,0.000,0.000,,,,,NVIDIA A100-SXM4-40GB MIG 4g.20gb (0),1,,13,cupy_copy__complex64_complex64
2933936514,1792,140077,1,1,1,1,1,1,18,0.000,0.000,,,,,NVIDIA A100-SXM4-40GB MIG 4g.20gb (0),1,,13,cupy_copy__float32_float32
2934062465,89631,140088,1,1,1,32,32,1,30,0.000,0.000,,,,,NVIDIA A100-SXM4-40GB MIG 4g.20gb (0),1,,13,"void convert_kernel<__half2, float2>(tensor_layout_any, T1 *, tensor_layout_any, const T2 *)"
2934179455,5920,140091,,,,,,,,,,0.094,15826.941,Pinned,Device,NVIDIA A100-SXM4-40GB MIG 4g.20gb (0),1,,13,[CUDA memcpy Host-to-Device]
2934194239,3488,140092,,,,,,,,,,1.547,443412.461,Device,,NVIDIA A100-SXM4-40GB MIG 4g.20gb (0),1,,13,[CUDA memset]
2934201183,3168,140097,,,,,,,,,,0.031,9878.770,Pinned,Device,NVIDIA A100-SXM4-40GB MIG 4g.20gb (0),1,,13,[CUDA memcpy Host-to-Device]
2934206847,9952,140098,,,,,,,,,,0.197,19755.565,Pinned,Device,NVIDIA A100-SXM4-40GB MIG 4g.20gb (0),1,,13,[CUDA memcpy Host-to-Device]
2934222975,6336,140099,273,1,1,8,4,1,39,0.002,0.000,,,,,NVIDIA A100-SXM4-40GB MIG 4g.20gb (0),1,,13,"void channel_eq::eqMmseCoefCompLowMimoKernel<float, float, float, (unsigned int)4, (unsigned int)1, (unsigned int)4>(const channel_eq::_puschRxChEqStatDescr *, channel_eq::_puschRxChEqCoefCompDynDescr)"
2934230335,6400,140100,273,1,1,12,11,1,51,0.002,0.000,,,,,NVIDIA A100-SXM4-40GB MIG 4g.20gb (0),1,,13,"void channel_eq::eqMmseSoftDemapKernel<float, __half, __half, float, (unsigned int)4, (unsigned short)16383>(channel_eq::_puschRxChEqStatDescr *, channel_eq::_puschRxChEqSoftDemapDynDescr)"
2934237759,282236,140101,1,1,1,32,32,1,30,0.000,0.000,,,,,NVIDIA A100-SXM4-40GB MIG 4g.20gb (0),1,,13,"void convert_kernel<float2, __half2>(tensor_layout_any, T1 *, tensor_layout_any, const T2 *)"
2934522139,11168,140113,2253,1,1,128,1,1,16,0.000,0.000,,,,,NVIDIA A100-SXM4-40GB MIG 4g.20gb (0),1,,13,cupy_copy__float16_float16
2934538139,2688,140122,282,1,1,128,1,1,16,0.000,0.000,,,,,NVIDIA A100-SXM4-40GB MIG 4g.20gb (0),1,,13,cupy_copy__complex64_complex64
2934544315,2336,140131,26,1,1,128,1,1,16,0.000,0.000,,,,,NVIDIA A100-SXM4-40GB MIG 4g.20gb (0),1,,13,cupy_copy__float32_float32
2934550555,3296,140140,103,1,1,128,1,1,16,0.000,0.000,,,,,NVIDIA A100-SXM4-40GB MIG 4g.20gb (0),1,,13,cupy_copy__complex64_complex64
2934556507,12639,140150,1434,1,1,128,1,1,16,0.000,0.000,,,,,NVIDIA A100-SXM4-40GB MIG 4g.20gb (0),1,,13,cupy_copy__complex64_complex64
2934579578,86911,140155,1,1,1,32,32,1,30,0.000,0.000,,,,,NVIDIA A100-SXM4-40GB MIG 4g.20gb (0),1,,13,"void convert_kernel<__half2, float2>(tensor_layout_any, T1 *, tensor_layout_any, const T2 *)"
2934693913,5408,140158,,,,,,,,,,0.094,17325.421,Pinned,Device,NVIDIA A100-SXM4-40GB MIG 4g.20gb (0),1,,13,[CUDA memcpy Host-to-Device]
2934704281,597048,140159,,,,,,,,,,456.561,764283.851,Device,,NVIDIA A100-SXM4-40GB MIG 4g.20gb (0),1,,13,[CUDA memset]
2935309169,94591,140164,,,,,,,,,,1.235,13054.593,Pinned,Device,NVIDIA A100-SXM4-40GB MIG 4g.20gb (0),1,,13,[CUDA memcpy Host-to-Device]
2935410960,17248,140165,,,,,,,,,,0.197,11398.742,Pinned,Device,NVIDIA A100-SXM4-40GB MIG 4g.20gb (0),1,,13,[CUDA memcpy Host-to-Device]
2935443408,8352,140166,69,4,1,48,1,1,76,0.002,0.000,,,,,NVIDIA A100-SXM4-40GB MIG 4g.20gb (0),1,,13,"void ch_est::windowedChEstPreNoDftSOfdmKernel<float, __half, float, (unsigned int)2, (unsigned int)1, (unsigned short)4>(ch_est::puschRxChEstStatDescr_t *, ch_est::puschRxChEstDynDescr_t *)"
2935458511,7712,140167,137,2,1,24,2,1,44,0.001,0.001,,,,,NVIDIA A100-SXM4-40GB MIG 4g.20gb (0),1,,13,"void ch_est::chEstFilterNoDftSOfdmDispatchKernel<float, __half, float, (unsigned int)2>(ch_est::puschRxChEstStatDescr_t *, ch_est::puschRxChEstDynDescr_t *)"
2935471983,5088,140168,137,2,1,24,2,1,44,0.001,0.001,,,,,NVIDIA A100-SXM4-40GB MIG 4g.20gb (0),1,,13,"void ch_est::chEstFilterNoDftSOfdmDispatchKernel<float, __half, float, (unsigned int)2>(ch_est::puschRxChEstStatDescr_t *, ch_est::puschRxChEstDynDescr_t *)"
2935478831,3200,140179,103,1,1,128,1,1,16,0.000,0.000,,,,,NVIDIA A100-SXM4-40GB MIG 4g.20gb (0),1,,13,cupy_copy__complex64_complex64
2935485039,12928,140189,1434,1,1,128,1,1,16,0.000,0.000,,,,,NVIDIA A100-SXM4-40GB MIG 4g.20gb (0),1,,13,cupy_copy__complex64_complex64
2935505263,2528,140196,103,1,1,128,1,1,16,0.000,0.000,,,,,NVIDIA A100-SXM4-40GB MIG 4g.20gb (0),1,,13,cupy_copy__complex64_complex64
2935511055,81887,140203,1,1,1,32,32,1,30,0.000,0.000,,,,,NVIDIA A100-SXM4-40GB MIG 4g.20gb (0),1,,13,"void convert_kernel<__half2, float2>(tensor_layout_any, T1 *, tensor_layout_any, const T2 *)"
2935620749,5600,140206,,,,,,,,,,0.094,16731.388,Pinned,Device,NVIDIA A100-SXM4-40GB MIG 4g.20gb (0),1,,13,[CUDA memcpy Host-to-Device]
2935633069,48096,140207,,,,,,,,,,35.810,744524.047,Device,,NVIDIA A100-SXM4-40GB MIG 4g.20gb (0),1,,13,[CUDA memset]
2935688397,4192,140209,,,,,,,,,,0.000,19.084,Pinned,Device,NVIDIA A100-SXM4-40GB MIG 4g.20gb (0),1,,13,[CUDA memcpy Host-to-Device]
2935698092,12416,140210,,,,,,,,,,0.197,15835.005,Pinned,Device,NVIDIA A100-SXM4-40GB MIG 4g.20gb (0),1,,13,[CUDA memcpy Host-to-Device]
2935717644,10560,140211,273,1,1,48,1,1,40,0.000,0.001,,,,,NVIDIA A100-SXM4-40GB MIG 4g.20gb (0),1,,13,"void pusch_noise_intf_est::noiseIntfEstNoDftSOfdmKernel<float, __half, float, float, (unsigned int)2, (unsigned int)1, (unsigned char)4, (unsigned char)4>(pusch_noise_intf_est::puschRxNoiseIntfEstDynDescr)"
2935734636,2880,140222,35,1,1,128,1,1,16,0.000,0.000,,,,,NVIDIA A100-SXM4-40GB MIG 4g.20gb (0),1,,13,cupy_copy__complex64_complex64
2935745260,1888,140231,1,1,1,1,1,1,18,0.000,0.000,,,,,NVIDIA A100-SXM4-40GB MIG 4g.20gb (0),1,,13,cupy_copy__float32_float32
2935776300,1631,140237,,,,,,,,,,0.000,2.452,Device,Pageable,NVIDIA A100-SXM4-40GB MIG 4g.20gb (0),1,,7,[CUDA memcpy Device-to-Host]
2935835755,12864,140248,1434,1,1,128,1,1,16,0.000,0.000,,,,,NVIDIA A100-SXM4-40GB MIG 4g.20gb (0),1,,13,cupy_copy__complex64_complex64
2935863370,2848,140255,103,1,1,128,1,1,16,0.000,0.000,,,,,NVIDIA A100-SXM4-40GB MIG 4g.20gb (0),1,,13,cupy_copy__complex64_complex64
2935884202,2272,140262,35,1,1,128,1,1,16,0.000,0.000,,,,,NVIDIA A100-SXM4-40GB MIG 4g.20gb (0),1,,13,cupy_copy__complex64_complex64
2935901674,2016,140269,1,1,1,1,1,1,18,0.000,0.000,,,,,NVIDIA A100-SXM4-40GB MIG 4g.20gb (0),1,,13,cupy_copy__float32_float32
2936032904,82687,140280,1,1,1,32,32,1,30,0.000,0.000,,,,,NVIDIA A100-SXM4-40GB MIG 4g.20gb (0),1,,13,"void convert_kernel<__half2, float2>(tensor_layout_any, T1 *, tensor_layout_any, const T2 *)"
2936142727,5440,140283,,,,,,,,,,0.094,17223.480,Pinned,Device,NVIDIA A100-SXM4-40GB MIG 4g.20gb (0),1,,13,[CUDA memcpy Host-to-Device]
2936157927,3488,140284,,,,,,,,,,1.547,443412.461,Device,,NVIDIA A100-SXM4-40GB MIG 4g.20gb (0),1,,13,[CUDA memset]
2936164871,3200,140289,,,,,,,,,,0.031,9780.000,Pinned,Device,NVIDIA A100-SXM4-40GB MIG 4g.20gb (0),1,,13,[CUDA memcpy Host-to-Device]
2936170823,9760,140290,,,,,,,,,,0.197,20144.259,Pinned,Device,NVIDIA A100-SXM4-40GB MIG 4g.20gb (0),1,,13,[CUDA memcpy Host-to-Device]
2936185190,6048,140291,273,1,1,8,4,1,39,0.002,0.000,,,,,NVIDIA A100-SXM4-40GB MIG 4g.20gb (0),1,,13,"void channel_eq::eqMmseCoefCompLowMimoKernel<float, float, float, (unsigned int)4, (unsigned int)1, (unsigned int)4>(const channel_eq::_puschRxChEqStatDescr *, channel_eq::_puschRxChEqCoefCompDynDescr)"
2936192326,6400,140292,273,1,1,12,11,1,51,0.002,0.000,,,,,NVIDIA A100-SXM4-40GB MIG 4g.20gb (0),1,,13,"void channel_eq::eqMmseSoftDemapKernel<float, __half, __half, float, (unsigned int)4, (unsigned short)16383>(channel_eq::_puschRxChEqStatDescr *, channel_eq::_puschRxChEqSoftDemapDynDescr)"
2936199782,282205,140293,1,1,1,32,32,1,30,0.000,0.000,,,,,NVIDIA A100-SXM4-40GB MIG 4g.20gb (0),1,,13,"void convert_kernel<float2, __half2>(tensor_layout_any, T1 *, tensor_layout_any, const T2 *)"
2936485763,10816,140305,2253,1,1,128,1,1,16,0.000,0.000,,,,,NVIDIA A100-SXM4-40GB MIG 4g.20gb (0),1,,13,cupy_copy__float16_float16
2936498659,3552,140314,282,1,1,128,1,1,16,0.000,0.000,,,,,NVIDIA A100-SXM4-40GB MIG 4g.20gb (0),1,,13,cupy_copy__complex64_complex64
2936503267,2016,140323,26,1,1,128,1,1,16,0.000,0.000,,,,,NVIDIA A100-SXM4-40GB MIG 4g.20gb (0),1,,13,cupy_copy__float32_float32
2936508930,2880,140332,103,1,1,128,1,1,16,0.000,0.000,,,,,NVIDIA A100-SXM4-40GB MIG 4g.20gb (0),1,,13,cupy_copy__complex64_complex64
2936512962,12512,140342,1434,1,1,128,1,1,16,0.000,0.000,,,,,NVIDIA A100-SXM4-40GB MIG 4g.20gb (0),1,,13,cupy_copy__complex64_complex64
2936536322,87231,140347,1,1,1,32,32,1,30,0.000,0.000,,,,,NVIDIA A100-SXM4-40GB MIG 4g.20gb (0),1,,13,"void convert_kernel<__half2, float2>(tensor_layout_any, T1 *, tensor_layout_any, const T2 *)"
2936650561,5824,140350,,,,,,,,,,0.094,16087.884,Pinned,Device,NVIDIA A100-SXM4-40GB MIG 4g.20gb (0),1,,13,[CUDA memcpy Host-to-Device]
2936660513,598200,140351,,,,,,,,,,456.561,762914.166,Device,,NVIDIA A100-SXM4-40GB MIG 4g.20gb (0),1,,13,[CUDA memset]
2937259385,142590,140356,,,,,,,,,,1.235,8660.662,Pinned,Device,NVIDIA A100-SXM4-40GB MIG 4g.20gb (0),1,,13,[CUDA memcpy Host-to-Device]
2937415799,40768,140357,,,,,,,,,,0.197,4822.598,Pinned,Device,NVIDIA A100-SXM4-40GB MIG 4g.20gb (0),1,,13,[CUDA memcpy Host-to-Device]
2937484022,8096,140358,69,4,1,48,1,1,76,0.002,0.000,,,,,NVIDIA A100-SXM4-40GB MIG 4g.20gb (0),1,,13,"void ch_est::windowedChEstPreNoDftSOfdmKernel<float, __half, float, (unsigned int)2, (unsigned int)1, (unsigned short)4>(ch_est::puschRxChEstStatDescr_t *, ch_est::puschRxChEstDynDescr_t *)"
2937503094,6656,140359,137,2,1,24,2,1,44,0.001,0.001,,,,,NVIDIA A100-SXM4-40GB MIG 4g.20gb (0),1,,13,"void ch_est::chEstFilterNoDftSOfdmDispatchKernel<float, __half, float, (unsigned int)2>(ch_est::puschRxChEstStatDescr_t *, ch_est::puschRxChEstDynDescr_t *)"
2937517878,4768,140360,137,2,1,24,2,1,44,0.001,0.001,,,,,NVIDIA A100-SXM4-40GB MIG 4g.20gb (0),1,,13,"void ch_est::chEstFilterNoDftSOfdmDispatchKernel<float, __half, float, (unsigned int)2>(ch_est::puschRxChEstStatDescr_t *, ch_est::puschRxChEstDynDescr_t *)"
2937532790,2784,140371,103,1,1,128,1,1,16,0.000,0.000,,,,,NVIDIA A100-SXM4-40GB MIG 4g.20gb (0),1,,13,cupy_copy__complex64_complex64
2937544054,12320,140381,1434,1,1,128,1,1,16,0.000,0.000,,,,,NVIDIA A100-SXM4-40GB MIG 4g.20gb (0),1,,13,cupy_copy__complex64_complex64
2937576149,2496,140388,103,1,1,128,1,1,16,0.000,0.000,,,,,NVIDIA A100-SXM4-40GB MIG 4g.20gb (0),1,,13,cupy_copy__complex64_complex64
2937586197,87551,140395,1,1,1,32,32,1,30,0.000,0.000,,,,,NVIDIA A100-SXM4-40GB MIG 4g.20gb (0),1,,13,"void convert_kernel<__half2, float2>(tensor_layout_any, T1 *, tensor_layout_any, const T2 *)"
2937701748,11872,140398,,,,,,,,,,0.094,7892.108,Pinned,Device,NVIDIA A100-SXM4-40GB MIG 4g.20gb (0),1,,13,[CUDA memcpy Host-to-Device]
2937719443,47104,140399,,,,,,,,,,35.810,760208.792,Device,,NVIDIA A100-SXM4-40GB MIG 4g.20gb (0),1,,13,[CUDA memset]
2937775315,4288,140401,,,,,,,,,,0.000,18.657,Pinned,Device,NVIDIA A100-SXM4-40GB MIG 4g.20gb (0),1,,13,[CUDA memcpy Host-to-Device]
2937785875,18527,140402,,,,,,,,,,0.197,10611.917,Pinned,Device,NVIDIA A100-SXM4-40GB MIG 4g.20gb (0),1,,13,[CUDA memcpy Host-to-Device]
2937815538,9856,140403,273,1,1,48,1,1,40,0.000,0.001,,,,,NVIDIA A100-SXM4-40GB MIG 4g.20gb (0),1,,13,"void pusch_noise_intf_est::noiseIntfEstNoDftSOfdmKernel<float, __half, float, float, (unsigned int)2, (unsigned int)1, (unsigned char)4, (unsigned char)4>(pusch_noise_intf_est::puschRxNoiseIntfEstDynDescr)"
2937829234,2560,140414,35,1,1,128,1,1,16,0.000,0.000,,,,,NVIDIA A100-SXM4-40GB MIG 4g.20gb (0),1,,13,cupy_copy__complex64_complex64
2937833842,2016,140423,1,1,1,1,1,1,18,0.000,0.000,,,,,NVIDIA A100-SXM4-40GB MIG 4g.20gb (0),1,,13,cupy_copy__float32_float32
2937856050,1568,140429,,,,,,,,,,0.000,2.551,Device,Pageable,NVIDIA A100-SXM4-40GB MIG 4g.20gb (0),1,,7,[CUDA memcpy Device-to-Host]
2937917329,12736,140440,1434,1,1,128,1,1,16,0.000,0.000,,,,,NVIDIA A100-SXM4-40GB MIG 4g.20gb (0),1,,13,cupy_copy__complex64_complex64
2937942481,2944,140447,103,1,1,128,1,1,16,0.000,0.000,,,,,NVIDIA A100-SXM4-40GB MIG 4g.20gb (0),1,,13,cupy_copy__complex64_complex64
2937963632,2624,140454,35,1,1,128,1,1,16,0.000,0.000,,,,,NVIDIA A100-SXM4-40GB MIG 4g.20gb (0),1,,13,cupy_copy__complex64_complex64
2937982512,1792,140461,1,1,1,1,1,1,18,0.000,0.000,,,,,NVIDIA A100-SXM4-40GB MIG 4g.20gb (0),1,,13,cupy_copy__float32_float32
2938118639,80767,140472,1,1,1,32,32,1,30,0.000,0.000,,,,,NVIDIA A100-SXM4-40GB MIG 4g.20gb (0),1,,13,"void convert_kernel<__half2, float2>(tensor_layout_any, T1 *, tensor_layout_any, const T2 *)"
2938226989,5728,140475,,,,,,,,,,0.094,16357.541,Pinned,Device,NVIDIA A100-SXM4-40GB MIG 4g.20gb (0),1,,13,[CUDA memcpy Host-to-Device]
2938241613,3520,140476,,,,,,,,,,1.547,439380.412,Device,,NVIDIA A100-SXM4-40GB MIG 4g.20gb (0),1,,13,[CUDA memset]
2938248493,3424,140481,,,,,,,,,,0.031,9140.185,Pinned,Device,NVIDIA A100-SXM4-40GB MIG 4g.20gb (0),1,,13,[CUDA memcpy Host-to-Device]
2938255149,9696,140482,,,,,,,,,,0.197,20277.166,Pinned,Device,NVIDIA A100-SXM4-40GB MIG 4g.20gb (0),1,,13,[CUDA memcpy Host-to-Device]
2938269741,6112,140483,273,1,1,8,4,1,39,0.002,0.000,,,,,NVIDIA A100-SXM4-40GB MIG 4g.20gb (0),1,,13,"void channel_eq::eqMmseCoefCompLowMimoKernel<float, float, float, (unsigned int)4, (unsigned int)1, (unsigned int)4>(const channel_eq::_puschRxChEqStatDescr *, channel_eq::_puschRxChEqCoefCompDynDescr)"
2938276845,6624,140484,273,1,1,12,11,1,51,0.002,0.000,,,,,NVIDIA A100-SXM4-40GB MIG 4g.20gb (0),1,,13,"void channel_eq::eqMmseSoftDemapKernel<float, __half, __half, float, (unsigned int)4, (unsigned short)16383>(channel_eq::_puschRxChEqStatDescr *, channel_eq::_puschRxChEqSoftDemapDynDescr)"
2938284845,281820,140485,1,1,1,32,32,1,30,0.000,0.000,,,,,NVIDIA A100-SXM4-40GB MIG 4g.20gb (0),1,,13,"void convert_kernel<float2, __half2>(tensor_layout_any, T1 *, tensor_layout_any, const T2 *)"
2938567689,11104,140497,2253,1,1,128,1,1,16,0.000,0.000,,,,,NVIDIA A100-SXM4-40GB MIG 4g.20gb (0),1,,13,cupy_copy__float16_float16
2938581225,3232,140506,282,1,1,128,1,1,16,0.000,0.000,,,,,NVIDIA A100-SXM4-40GB MIG 4g.20gb (0),1,,13,cupy_copy__complex64_complex64
2938588201,2272,140515,26,1,1,128,1,1,16,0.000,0.000,,,,,NVIDIA A100-SXM4-40GB MIG 4g.20gb (0),1,,13,cupy_copy__float32_float32
2938591433,3008,140524,103,1,1,128,1,1,16,0.000,0.000,,,,,NVIDIA A100-SXM4-40GB MIG 4g.20gb (0),1,,13,cupy_copy__complex64_complex64
2938655240,12160,140540,1434,1,1,128,1,1,16,0.000,0.000,,,,,NVIDIA A100-SXM4-40GB MIG 4g.20gb (0),1,,13,cupy_copy__complex64_complex64
2938769255,87518,140545,1,1,1,32,32,1,30,0.000,0.000,,,,,NVIDIA A100-SXM4-40GB MIG 4g.20gb (0),1,,13,"void convert_kernel<__half2, float2>(tensor_layout_any, T1 *, tensor_layout_any, const T2 *)"
2938884933,5504,140548,,,,,,,,,,0.094,17023.251,Pinned,Device,NVIDIA A100-SXM4-40GB MIG 4g.20gb (0),1,,13,[CUDA memcpy Host-to-Device]
2938895653,598425,140549,,,,,,,,,,456.561,762914.166,Device,,NVIDIA A100-SXM4-40GB MIG 4g.20gb (0),1,,13,[CUDA memset]
2939507869,147775,140554,,,,,,,,,,1.235,8356.866,Pinned,Device,NVIDIA A100-SXM4-40GB MIG 4g.20gb (0),1,,13,[CUDA memcpy Host-to-Device]
2939668475,41120,140555,,,,,,,,,,0.197,4781.310,Pinned,Device,NVIDIA A100-SXM4-40GB MIG 4g.20gb (0),1,,13,[CUDA memcpy Host-to-Device]
2939726235,8608,140556,69,4,1,48,1,1,76,0.002,0.000,,,,,NVIDIA A100-SXM4-40GB MIG 4g.20gb (0),1,,13,"void ch_est::windowedChEstPreNoDftSOfdmKernel<float, __half, float, (unsigned int)2, (unsigned int)1, (unsigned short)4>(ch_est::puschRxChEstStatDescr_t *, ch_est::puschRxChEstDynDescr_t *)"
2939744730,6912,140557,137,2,1,24,2,1,44,0.001,0.001,,,,,NVIDIA A100-SXM4-40GB MIG 4g.20gb (0),1,,13,"void ch_est::chEstFilterNoDftSOfdmDispatchKernel<float, __half, float, (unsigned int)2>(ch_est::puschRxChEstStatDescr_t *, ch_est::puschRxChEstDynDescr_t *)"
2939757722,4832,140558,137,2,1,24,2,1,44,0.001,0.001,,,,,NVIDIA A100-SXM4-40GB MIG 4g.20gb (0),1,,13,"void ch_est::chEstFilterNoDftSOfdmDispatchKernel<float, __half, float, (unsigned int)2>(ch_est::puschRxChEstStatDescr_t *, ch_est::puschRxChEstDynDescr_t *)"
2939773466,2560,140569,103,1,1,128,1,1,16,0.000,0.000,,,,,NVIDIA A100-SXM4-40GB MIG 4g.20gb (0),1,,13,cupy_copy__complex64_complex64
2939783290,12640,140579,1434,1,1,128,1,1,16,0.000,0.000,,,,,NVIDIA A100-SXM4-40GB MIG 4g.20gb (0),1,,13,cupy_copy__complex64_complex64
2939803034,2720,140586,103,1,1,128,1,1,16,0.000,0.000,,,,,NVIDIA A100-SXM4-40GB MIG 4g.20gb (0),1,,13,cupy_copy__complex64_complex64
2939811450,89663,140593,1,1,1,32,32,1,30,0.000,0.000,,,,,NVIDIA A100-SXM4-40GB MIG 4g.20gb (0),1,,13,"void convert_kernel<__half2, float2>(tensor_layout_any, T1 *, tensor_layout_any, const T2 *)"
2939928344,14464,140596,,,,,,,,,,0.094,6477.860,Pinned,Device,NVIDIA A100-SXM4-40GB MIG 4g.20gb (0),1,,13,[CUDA memcpy Host-to-Device]
2939953016,47295,140597,,,,,,,,,,35.810,757129.139,Device,,NVIDIA A100-SXM4-40GB MIG 4g.20gb (0),1,,13,[CUDA memset]
2940007895,6656,140599,,,,,,,,,,0.000,12.019,Pinned,Device,NVIDIA A100-SXM4-40GB MIG 4g.20gb (0),1,,13,[CUDA memcpy Host-to-Device]
2940022295,17920,140600,,,,,,,,,,0.197,10971.316,Pinned,Device,NVIDIA A100-SXM4-40GB MIG 4g.20gb (0),1,,13,[CUDA memcpy Host-to-Device]
2940055223,12287,140601,273,1,1,48,1,1,40,0.000,0.001,,,,,NVIDIA A100-SXM4-40GB MIG 4g.20gb (0),1,,13,"void pusch_noise_intf_est::noiseIntfEstNoDftSOfdmKernel<float, __half, float, float, (unsigned int)2, (unsigned int)1, (unsigned char)4, (unsigned char)4>(pusch_noise_intf_est::puschRxNoiseIntfEstDynDescr)"
2940073622,2784,140612,35,1,1,128,1,1,16,0.000,0.000,,,,,NVIDIA A100-SXM4-40GB MIG 4g.20gb (0),1,,13,cupy_copy__complex64_complex64
2940083958,1984,140621,1,1,1,1,1,1,18,0.000,0.000,,,,,NVIDIA A100-SXM4-40GB MIG 4g.20gb (0),1,,13,cupy_copy__float32_float32
2940088982,3424,140627,,,,,,,,,,0.000,1.168,Device,Pageable,NVIDIA A100-SXM4-40GB MIG 4g.20gb (0),1,,7,[CUDA memcpy Device-to-Host]
2940162005,12704,140638,1434,1,1,128,1,1,16,0.000,0.000,,,,,NVIDIA A100-SXM4-40GB MIG 4g.20gb (0),1,,13,cupy_copy__complex64_complex64
2940190709,3072,140645,103,1,1,128,1,1,16,0.000,0.000,,,,,NVIDIA A100-SXM4-40GB MIG 4g.20gb (0),1,,13,cupy_copy__complex64_complex64
2940208469,2336,140652,35,1,1,128,1,1,16,0.000,0.000,,,,,NVIDIA A100-SXM4-40GB MIG 4g.20gb (0),1,,13,cupy_copy__complex64_complex64
2940227028,1824,140659,1,1,1,1,1,1,18,0.000,0.000,,,,,NVIDIA A100-SXM4-40GB MIG 4g.20gb (0),1,,13,cupy_copy__float32_float32
2940359571,81919,140670,1,1,1,32,32,1,30,0.000,0.000,,,,,NVIDIA A100-SXM4-40GB MIG 4g.20gb (0),1,,13,"void convert_kernel<__half2, float2>(tensor_layout_any, T1 *, tensor_layout_any, const T2 *)"
2940468754,5631,140673,,,,,,,,,,0.094,16639.285,Pinned,Device,NVIDIA A100-SXM4-40GB MIG 4g.20gb (0),1,,13,[CUDA memcpy Host-to-Device]
2940482833,3104,140674,,,,,,,,,,1.547,498266.574,Device,,NVIDIA A100-SXM4-40GB MIG 4g.20gb (0),1,,13,[CUDA memset]
2940489777,3360,140679,,,,,,,,,,0.031,9314.284,Pinned,Device,NVIDIA A100-SXM4-40GB MIG 4g.20gb (0),1,,13,[CUDA memcpy Host-to-Device]
2940495537,9312,140680,,,,,,,,,,0.197,21113.340,Pinned,Device,NVIDIA A100-SXM4-40GB MIG 4g.20gb (0),1,,13,[CUDA memcpy Host-to-Device]
2940512305,6816,140681,273,1,1,8,4,1,39,0.002,0.000,,,,,NVIDIA A100-SXM4-40GB MIG 4g.20gb (0),1,,13,"void channel_eq::eqMmseCoefCompLowMimoKernel<float, float, float, (unsigned int)4, (unsigned int)1, (unsigned int)4>(const channel_eq::_puschRxChEqStatDescr *, channel_eq::_puschRxChEqCoefCompDynDescr)"
2940520209,6080,140682,273,1,1,12,11,1,51,0.002,0.000,,,,,NVIDIA A100-SXM4-40GB MIG 4g.20gb (0),1,,13,"void channel_eq::eqMmseSoftDemapKernel<float, __half, __half, float, (unsigned int)4, (unsigned short)16383>(channel_eq::_puschRxChEqStatDescr *, channel_eq::_puschRxChEqSoftDemapDynDescr)"
2940527377,281724,140683,1,1,1,32,32,1,30,0.000,0.000,,,,,NVIDIA A100-SXM4-40GB MIG 4g.20gb (0),1,,13,"void convert_kernel<float2, __half2>(tensor_layout_any, T1 *, tensor_layout_any, const T2 *)"
2940811277,10976,140695,2253,1,1,128,1,1,16,0.000,0.000,,,,,NVIDIA A100-SXM4-40GB MIG 4g.20gb (0),1,,13,cupy_copy__float16_float16
2940826509,2880,140704,282,1,1,128,1,1,16,0.000,0.000,,,,,NVIDIA A100-SXM4-40GB MIG 4g.20gb (0),1,,13,cupy_copy__complex64_complex64
2940833645,2304,140713,26,1,1,128,1,1,16,0.000,0.000,,,,,NVIDIA A100-SXM4-40GB MIG 4g.20gb (0),1,,13,cupy_copy__float32_float32
2940837197,3232,140722,103,1,1,128,1,1,16,0.000,0.000,,,,,NVIDIA A100-SXM4-40GB MIG 4g.20gb (0),1,,13,cupy_copy__complex64_complex64
2940841421,12032,140732,1434,1,1,128,1,1,16,0.000,0.000,,,,,NVIDIA A100-SXM4-40GB MIG 4g.20gb (0),1,,13,cupy_copy__complex64_complex64
2940860877,82399,140737,1,1,1,32,32,1,30,0.000,0.000,,,,,NVIDIA A100-SXM4-40GB MIG 4g.20gb (0),1,,13,"void convert_kernel<__half2, float2>(tensor_layout_any, T1 *, tensor_layout_any, const T2 *)"
2940970763,5632,140740,,,,,,,,,,0.094,16636.287,Pinned,Device,NVIDIA A100-SXM4-40GB MIG 4g.20gb (0),1,,13,[CUDA memcpy Host-to-Device]
2940980843,595705,140741,,,,,,,,,,456.561,766110.096,Device,,NVIDIA A100-SXM4-40GB MIG 4g.20gb (0),1,,13,[CUDA memset]
2941581828,144062,140746,,,,,,,,,,1.235,8571.746,Pinned,Device,NVIDIA A100-SXM4-40GB MIG 4g.20gb (0),1,,13,[CUDA memcpy Host-to-Device]
2941739618,41375,140747,,,,,,,,,,0.197,4751.819,Pinned,Device,NVIDIA A100-SXM4-40GB MIG 4g.20gb (0),1,,13,[CUDA memcpy Host-to-Device]
2941809089,8288,140748,69,4,1,48,1,1,76,0.002,0.000,,,,,NVIDIA A100-SXM4-40GB MIG 4g.20gb (0),1,,13,"void ch_est::windowedChEstPreNoDftSOfdmKernel<float, __half, float, (unsigned int)2, (unsigned int)1, (unsigned short)4>(ch_est::puschRxChEstStatDescr_t *, ch_est::puschRxChEstDynDescr_t *)"
2941828257,6656,140749,137,2,1,24,2,1,44,0.001,0.001,,,,,NVIDIA A100-SXM4-40GB MIG 4g.20gb (0),1,,13,"void ch_est::chEstFilterNoDftSOfdmDispatchKernel<float, __half, float, (unsigned int)2>(ch_est::puschRxChEstStatDescr_t *, ch_est::puschRxChEstDynDescr_t *)"
2941845312,4768,140750,137,2,1,24,2,1,44,0.001,0.001,,,,,NVIDIA A100-SXM4-40GB MIG 4g.20gb (0),1,,13,"void ch_est::chEstFilterNoDftSOfdmDispatchKernel<float, __half, float, (unsigned int)2>(ch_est::puschRxChEstStatDescr_t *, ch_est::puschRxChEstDynDescr_t *)"
2941862336,2528,140761,103,1,1,128,1,1,16,0.000,0.000,,,,,NVIDIA A100-SXM4-40GB MIG 4g.20gb (0),1,,13,cupy_copy__complex64_complex64
2941880352,12256,140771,1434,1,1,128,1,1,16,0.000,0.000,,,,,NVIDIA A100-SXM4-40GB MIG 4g.20gb (0),1,,13,cupy_copy__complex64_complex64
2941900128,2912,140778,103,1,1,128,1,1,16,0.000,0.000,,,,,NVIDIA A100-SXM4-40GB MIG 4g.20gb (0),1,,13,cupy_copy__complex64_complex64
2941923520,99326,140785,1,1,1,32,32,1,30,0.000,0.000,,,,,NVIDIA A100-SXM4-40GB MIG 4g.20gb (0),1,,13,"void convert_kernel<__half2, float2>(tensor_layout_any, T1 *, tensor_layout_any, const T2 *)"
2942052638,16768,140788,,,,,,,,,,0.094,5587.748,Pinned,Device,NVIDIA A100-SXM4-40GB MIG 4g.20gb (0),1,,13,[CUDA memcpy Host-to-Device]
2942076766,46719,140789,,,,,,,,,,35.810,766475.528,Device,,NVIDIA A100-SXM4-40GB MIG 4g.20gb (0),1,,13,[CUDA memset]
2942125533,3360,140791,,,,,,,,,,0.000,23.810,Pinned,Device,NVIDIA A100-SXM4-40GB MIG 4g.20gb (0),1,,13,[CUDA memcpy Host-to-Device]
2942136317,15552,140792,,,,,,,,,,0.197,12641.894,Pinned,Device,NVIDIA A100-SXM4-40GB MIG 4g.20gb (0),1,,13,[CUDA memcpy Host-to-Device]
2942164733,10239,140793,273,1,1,48,1,1,40,0.000,0.001,,,,,NVIDIA A100-SXM4-40GB MIG 4g.20gb (0),1,,13,"void pusch_noise_intf_est::noiseIntfEstNoDftSOfdmKernel<float, __half, float, float, (unsigned int)2, (unsigned int)1, (unsigned char)4, (unsigned char)4>(pusch_noise_intf_est::puschRxNoiseIntfEstDynDescr)"
2942180028,2720,140804,35,1,1,128,1,1,16,0.000,0.000,,,,,NVIDIA A100-SXM4-40GB MIG 4g.20gb (0),1,,13,cupy_copy__complex64_complex64
2942187804,1920,140813,1,1,1,1,1,1,18,0.000,0.000,,,,,NVIDIA A100-SXM4-40GB MIG 4g.20gb (0),1,,13,cupy_copy__float32_float32
2942206876,5664,140819,,,,,,,,,,0.000,0.706,Device,Pageable,NVIDIA A100-SXM4-40GB MIG 4g.20gb (0),1,,7,[CUDA memcpy Device-to-Host]
2942289339,12800,140830,1434,1,1,128,1,1,16,0.000,0.000,,,,,NVIDIA A100-SXM4-40GB MIG 4g.20gb (0),1,,13,cupy_copy__complex64_complex64
2942313819,2944,140837,103,1,1,128,1,1,16,0.000,0.000,,,,,NVIDIA A100-SXM4-40GB MIG 4g.20gb (0),1,,13,cupy_copy__complex64_complex64
2942338010,2624,140844,35,1,1,128,1,1,16,0.000,0.000,,,,,NVIDIA A100-SXM4-40GB MIG 4g.20gb (0),1,,13,cupy_copy__complex64_complex64
2942352666,1760,140851,1,1,1,1,1,1,18,0.000,0.000,,,,,NVIDIA A100-SXM4-40GB MIG 4g.20gb (0),1,,13,cupy_copy__float32_float32
2942480281,83071,140862,1,1,1,32,32,1,30,0.000,0.000,,,,,NVIDIA A100-SXM4-40GB MIG 4g.20gb (0),1,,13,"void convert_kernel<__half2, float2>(tensor_layout_any, T1 *, tensor_layout_any, const T2 *)"
2942590999,5408,140865,,,,,,,,,,0.094,17325.421,Pinned,Device,NVIDIA A100-SXM4-40GB MIG 4g.20gb (0),1,,13,[CUDA memcpy Host-to-Device]
2942605015,3136,140866,,,,,,,,,,1.547,493182.821,Device,,NVIDIA A100-SXM4-40GB MIG 4g.20gb (0),1,,13,[CUDA memset]
2942611991,3008,140871,,,,,,,,,,0.031,10404.230,Pinned,Device,NVIDIA A100-SXM4-40GB MIG 4g.20gb (0),1,,13,[CUDA memcpy Host-to-Device]
2942617879,9984,140872,,,,,,,,,,0.197,19692.257,Pinned,Device,NVIDIA A100-SXM4-40GB MIG 4g.20gb (0),1,,13,[CUDA memcpy Host-to-Device]
2942633175,6432,140873,273,1,1,8,4,1,39,0.002,0.000,,,,,NVIDIA A100-SXM4-40GB MIG 4g.20gb (0),1,,13,"void channel_eq::eqMmseCoefCompLowMimoKernel<float, float, float, (unsigned int)4, (unsigned int)1, (unsigned int)4>(const channel_eq::_puschRxChEqStatDescr *, channel_eq::_puschRxChEqCoefCompDynDescr)"
2942642295,5856,140874,273,1,1,12,11,1,51,0.002,0.000,,,,,NVIDIA A100-SXM4-40GB MIG 4g.20gb (0),1,,13,"void channel_eq::eqMmseSoftDemapKernel<float, __half, __half, float, (unsigned int)4, (unsigned short)16383>(channel_eq::_puschRxChEqStatDescr *, channel_eq::_puschRxChEqSoftDemapDynDescr)"
2942649207,283324,140875,1,1,1,32,32,1,30,0.000,0.000,,,,,NVIDIA A100-SXM4-40GB MIG 4g.20gb (0),1,,13,"void convert_kernel<float2, __half2>(tensor_layout_any, T1 *, tensor_layout_any, const T2 *)"
2942934771,10976,140887,2253,1,1,128,1,1,16,0.000,0.000,,,,,NVIDIA A100-SXM4-40GB MIG 4g.20gb (0),1,,13,cupy_copy__float16_float16
2942947635,3168,140896,282,1,1,128,1,1,16,0.000,0.000,,,,,NVIDIA A100-SXM4-40GB MIG 4g.20gb (0),1,,13,cupy_copy__complex64_complex64
2942954547,2272,140905,26,1,1,128,1,1,16,0.000,0.000,,,,,NVIDIA A100-SXM4-40GB MIG 4g.20gb (0),1,,13,cupy_copy__float32_float32
2942960563,2944,140914,103,1,1,128,1,1,16,0.000,0.000,,,,,NVIDIA A100-SXM4-40GB MIG 4g.20gb (0),1,,13,cupy_copy__complex64_complex64
2942965939,12191,140924,1434,1,1,128,1,1,16,0.000,0.000,,,,,NVIDIA A100-SXM4-40GB MIG 4g.20gb (0),1,,13,cupy_copy__complex64_complex64
2942994674,82367,140929,1,1,1,32,32,1,30,0.000,0.000,,,,,NVIDIA A100-SXM4-40GB MIG 4g.20gb (0),1,,13,"void convert_kernel<__half2, float2>(tensor_layout_any, T1 *, tensor_layout_any, const T2 *)"
2943103377,5664,140932,,,,,,,,,,0.094,16542.310,Pinned,Device,NVIDIA A100-SXM4-40GB MIG 4g.20gb (0),1,,13,[CUDA memcpy Host-to-Device]
2943114033,597592,140933,,,,,,,,,,456.561,763827.289,Device,,NVIDIA A100-SXM4-40GB MIG 4g.20gb (0),1,,13,[CUDA memset]
2943716553,141823,140938,,,,,,,,,,1.235,8707.590,Pinned,Device,NVIDIA A100-SXM4-40GB MIG 4g.20gb (0),1,,13,[CUDA memcpy Host-to-Device]
2943866887,38976,140939,,,,,,,,,,0.197,5044.175,Pinned,Device,NVIDIA A100-SXM4-40GB MIG 4g.20gb (0),1,,13,[CUDA memcpy Host-to-Device]
2943923207,8256,140940,69,4,1,48,1,1,76,0.002,0.000,,,,,NVIDIA A100-SXM4-40GB MIG 4g.20gb (0),1,,13,"void ch_est::windowedChEstPreNoDftSOfdmKernel<float, __half, float, (unsigned int)2, (unsigned int)1, (unsigned short)4>(ch_est::puschRxChEstStatDescr_t *, ch_est::puschRxChEstDynDescr_t *)"
2943937863,6976,140941,137,2,1,24,2,1,44,0.001,0.001,,,,,NVIDIA A100-SXM4-40GB MIG 4g.20gb (0),1,,13,"void ch_est::chEstFilterNoDftSOfdmDispatchKernel<float, __half, float, (unsigned int)2>(ch_est::puschRxChEstStatDescr_t *, ch_est::puschRxChEstDynDescr_t *)"
2943950886,4768,140942,137,2,1,24,2,1,44,0.001,0.001,,,,,NVIDIA A100-SXM4-40GB MIG 4g.20gb (0),1,,13,"void ch_est::chEstFilterNoDftSOfdmDispatchKernel<float, __half, float, (unsigned int)2>(ch_est::puschRxChEstStatDescr_t *, ch_est::puschRxChEstDynDescr_t *)"
2943963942,2656,140953,103,1,1,128,1,1,16,0.000,0.000,,,,,NVIDIA A100-SXM4-40GB MIG 4g.20gb (0),1,,13,cupy_copy__complex64_complex64
2943976646,12352,140963,1434,1,1,128,1,1,16,0.000,0.000,,,,,NVIDIA A100-SXM4-40GB MIG 4g.20gb (0),1,,13,cupy_copy__complex64_complex64
2944003718,2592,140970,103,1,1,128,1,1,16,0.000,0.000,,,,,NVIDIA A100-SXM4-40GB MIG 4g.20gb (0),1,,13,cupy_copy__complex64_complex64
2944011718,84831,140977,1,1,1,32,32,1,30,0.000,0.000,,,,,NVIDIA A100-SXM4-40GB MIG 4g.20gb (0),1,,13,"void convert_kernel<__half2, float2>(tensor_layout_any, T1 *, tensor_layout_any, const T2 *)"
2944126468,15136,140980,,,,,,,,,,0.094,6190.214,Pinned,Device,NVIDIA A100-SXM4-40GB MIG 4g.20gb (0),1,,13,[CUDA memcpy Host-to-Device]
2944153316,47135,140981,,,,,,,,,,35.810,759707.453,Device,,NVIDIA A100-SXM4-40GB MIG 4g.20gb (0),1,,13,[CUDA memset]
2944204899,9696,140983,,,,,,,,,,0.000,8.251,Pinned,Device,NVIDIA A100-SXM4-40GB MIG 4g.20gb (0),1,,13,[CUDA memcpy Host-to-Device]
2944226211,28352,140984,,,,,,,,,,0.197,6934.364,Pinned,Device,NVIDIA A100-SXM4-40GB MIG 4g.20gb (0),1,,13,[CUDA memcpy Host-to-Device]
2944275906,9888,140985,273,1,1,48,1,1,40,0.000,0.001,,,,,NVIDIA A100-SXM4-40GB MIG 4g.20gb (0),1,,13,"void pusch_noise_intf_est::noiseIntfEstNoDftSOfdmKernel<float, __half, float, float, (unsigned int)2, (unsigned int)1, (unsigned char)4, (unsigned char)4>(pusch_noise_intf_est::puschRxNoiseIntfEstDynDescr)"
2944291426,2816,140996,35,1,1,128,1,1,16,0.000,0.000,,,,,NVIDIA A100-SXM4-40GB MIG 4g.20gb (0),1,,13,cupy_copy__complex64_complex64
2944308194,1696,141005,1,1,1,1,1,1,18,0.000,0.000,,,,,NVIDIA A100-SXM4-40GB MIG 4g.20gb (0),1,,13,cupy_copy__float32_float32
2944312418,7328,141011,,,,,,,,,,0.000,0.546,Device,Pageable,NVIDIA A100-SXM4-40GB MIG 4g.20gb (0),1,,7,[CUDA memcpy Device-to-Host]
2944415009,12640,141022,1434,1,1,128,1,1,16,0.000,0.000,,,,,NVIDIA A100-SXM4-40GB MIG 4g.20gb (0),1,,13,cupy_copy__complex64_complex64
2944441376,3360,141029,103,1,1,128,1,1,16,0.000,0.000,,,,,NVIDIA A100-SXM4-40GB MIG 4g.20gb (0),1,,13,cupy_copy__complex64_complex64
2944459200,2176,141036,35,1,1,128,1,1,16,0.000,0.000,,,,,NVIDIA A100-SXM4-40GB MIG 4g.20gb (0),1,,13,cupy_copy__complex64_complex64
2944464064,1728,141043,1,1,1,1,1,1,18,0.000,0.000,,,,,NVIDIA A100-SXM4-40GB MIG 4g.20gb (0),1,,13,cupy_copy__float32_float32
2944595070,87519,141054,1,1,1,32,32,1,30,0.000,0.000,,,,,NVIDIA A100-SXM4-40GB MIG 4g.20gb (0),1,,13,"void convert_kernel<__half2, float2>(tensor_layout_any, T1 *, tensor_layout_any, const T2 *)"
2944712733,14144,141057,,,,,,,,,,0.094,6624.401,Pinned,Device,NVIDIA A100-SXM4-40GB MIG 4g.20gb (0),1,,13,[CUDA memcpy Host-to-Device]
2944737629,3520,141058,,,,,,,,,,1.547,439380.412,Device,,NVIDIA A100-SXM4-40GB MIG 4g.20gb (0),1,,13,[CUDA memset]
2944745565,7328,141063,,,,,,,,,,0.031,4270.715,Pinned,Device,NVIDIA A100-SXM4-40GB MIG 4g.20gb (0),1,,13,[CUDA memcpy Host-to-Device]
2944755549,16927,141064,,,,,,,,,,0.197,11615.011,Pinned,Device,NVIDIA A100-SXM4-40GB MIG 4g.20gb (0),1,,13,[CUDA memcpy Host-to-Device]
2944782172,6272,141065,273,1,1,8,4,1,39,0.002,0.000,,,,,NVIDIA A100-SXM4-40GB MIG 4g.20gb (0),1,,13,"void channel_eq::eqMmseCoefCompLowMimoKernel<float, float, float, (unsigned int)4, (unsigned int)1, (unsigned int)4>(const channel_eq::_puschRxChEqStatDescr *, channel_eq::_puschRxChEqCoefCompDynDescr)"
2944791004,7872,141066,273,1,1,12,11,1,51,0.002,0.000,,,,,NVIDIA A100-SXM4-40GB MIG 4g.20gb (0),1,,13,"void channel_eq::eqMmseSoftDemapKernel<float, __half, __half, float, (unsigned int)4, (unsigned short)16383>(channel_eq::_puschRxChEqStatDescr *, channel_eq::_puschRxChEqSoftDemapDynDescr)"
2944805564,290172,141067,1,1,1,32,32,1,30,0.000,0.000,,,,,NVIDIA A100-SXM4-40GB MIG 4g.20gb (0),1,,13,"void convert_kernel<float2, __half2>(tensor_layout_any, T1 *, tensor_layout_any, const T2 *)"
2945100088,10816,141079,2253,1,1,128,1,1,16,0.000,0.000,,,,,NVIDIA A100-SXM4-40GB MIG 4g.20gb (0),1,,13,cupy_copy__float16_float16
2945113144,3072,141088,282,1,1,128,1,1,16,0.000,0.000,,,,,NVIDIA A100-SXM4-40GB MIG 4g.20gb (0),1,,13,cupy_copy__complex64_complex64
2945117336,2048,141097,26,1,1,128,1,1,16,0.000,0.000,,,,,NVIDIA A100-SXM4-40GB MIG 4g.20gb (0),1,,13,cupy_copy__float32_float32
2945122648,4544,141106,103,1,1,128,1,1,16,0.000,0.000,,,,,NVIDIA A100-SXM4-40GB MIG 4g.20gb (0),1,,13,cupy_copy__complex64_complex64
2945128568,12192,141116,1434,1,1,128,1,1,16,0.000,0.000,,,,,NVIDIA A100-SXM4-40GB MIG 4g.20gb (0),1,,13,cupy_copy__complex64_complex64
2945143352,83455,141121,1,1,1,32,32,1,30,0.000,0.000,,,,,NVIDIA A100-SXM4-40GB MIG 4g.20gb (0),1,,13,"void convert_kernel<__half2, float2>(tensor_layout_any, T1 *, tensor_layout_any, const T2 *)"
2945253654,6208,141124,,,,,,,,,,0.094,15092.739,Pinned,Device,NVIDIA A100-SXM4-40GB MIG 4g.20gb (0),1,,13,[CUDA memcpy Host-to-Device]
2945266294,601177,141125,,,,,,,,,,456.561,759261.675,Device,,NVIDIA A100-SXM4-40GB MIG 4g.20gb (0),1,,13,[CUDA memset]
2945871951,85983,141130,,,,,,,,,,1.235,14362.399,Pinned,Device,NVIDIA A100-SXM4-40GB MIG 4g.20gb (0),1,,13,[CUDA memcpy Host-to-Device]
2945960366,19871,141131,,,,,,,,,,0.197,9894.101,Pinned,Device,NVIDIA A100-SXM4-40GB MIG 4g.20gb (0),1,,13,[CUDA memcpy Host-to-Device]
2945989709,8032,141132,69,4,1,48,1,1,76,0.002,0.000,,,,,NVIDIA A100-SXM4-40GB MIG 4g.20gb (0),1,,13,"void ch_est::windowedChEstPreNoDftSOfdmKernel<float, __half, float, (unsigned int)2, (unsigned int)1, (unsigned short)4>(ch_est::puschRxChEstStatDescr_t *, ch_est::puschRxChEstDynDescr_t *)"
2946005261,7360,141133,137,2,1,24,2,1,44,0.001,0.001,,,,,NVIDIA A100-SXM4-40GB MIG 4g.20gb (0),1,,13,"void ch_est::chEstFilterNoDftSOfdmDispatchKernel<float, __half, float, (unsigned int)2>(ch_est::puschRxChEstStatDescr_t *, ch_est::puschRxChEstDynDescr_t *)"
2946014253,6304,141134,137,2,1,24,2,1,44,0.001,0.001,,,,,NVIDIA A100-SXM4-40GB MIG 4g.20gb (0),1,,13,"void ch_est::chEstFilterNoDftSOfdmDispatchKernel<float, __half, float, (unsigned int)2>(ch_est::puschRxChEstStatDescr_t *, ch_est::puschRxChEstDynDescr_t *)"
2946022221,3168,141145,103,1,1,128,1,1,16,0.000,0.000,,,,,NVIDIA A100-SXM4-40GB MIG 4g.20gb (0),1,,13,cupy_copy__complex64_complex64
2946030221,12960,141155,1434,1,1,128,1,1,16,0.000,0.000,,,,,NVIDIA A100-SXM4-40GB MIG 4g.20gb (0),1,,13,cupy_copy__complex64_complex64
2946047181,3072,141162,103,1,1,128,1,1,16,0.000,0.000,,,,,NVIDIA A100-SXM4-40GB MIG 4g.20gb (0),1,,13,cupy_copy__complex64_complex64
2946057836,85343,141169,1,1,1,32,32,1,30,0.000,0.000,,,,,NVIDIA A100-SXM4-40GB MIG 4g.20gb (0),1,,13,"void convert_kernel<__half2, float2>(tensor_layout_any, T1 *, tensor_layout_any, const T2 *)"
2946173131,13632,141172,,,,,,,,,,0.094,6873.164,Pinned,Device,NVIDIA A100-SXM4-40GB MIG 4g.20gb (0),1,,13,[CUDA memcpy Host-to-Device]
2946198411,47135,141173,,,,,,,,,,35.810,759707.453,Device,,NVIDIA A100-SXM4-40GB MIG 4g.20gb (0),1,,13,[CUDA memset]
2946249802,5760,141175,,,,,,,,,,0.000,13.889,Pinned,Device,NVIDIA A100-SXM4-40GB MIG 4g.20gb (0),1,,13,[CUDA memcpy Host-to-Device]
2946263914,16256,141176,,,,,,,,,,0.197,12094.341,Pinned,Device,NVIDIA A100-SXM4-40GB MIG 4g.20gb (0),1,,13,[CUDA memcpy Host-to-Device]
2946293194,9151,141177,273,1,1,48,1,1,40,0.000,0.001,,,,,NVIDIA A100-SXM4-40GB MIG 4g.20gb (0),1,,13,"void pusch_noise_intf_est::noiseIntfEstNoDftSOfdmKernel<float, __half, float, float, (unsigned int)2, (unsigned int)1, (unsigned char)4, (unsigned char)4>(pusch_noise_intf_est::puschRxNoiseIntfEstDynDescr)"
2946310089,2784,141188,35,1,1,128,1,1,16,0.000,0.000,,,,,NVIDIA A100-SXM4-40GB MIG 4g.20gb (0),1,,13,cupy_copy__complex64_complex64
2946318825,1696,141197,1,1,1,1,1,1,18,0.000,0.000,,,,,NVIDIA A100-SXM4-40GB MIG 4g.20gb (0),1,,13,cupy_copy__float32_float32
2946330409,4960,141203,,,,,,,,,,0.000,0.806,Device,Pageable,NVIDIA A100-SXM4-40GB MIG 4g.20gb (0),1,,7,[CUDA memcpy Device-to-Host]
2946395368,12736,141214,1434,1,1,128,1,1,16,0.000,0.000,,,,,NVIDIA A100-SXM4-40GB MIG 4g.20gb (0),1,,13,cupy_copy__complex64_complex64
2946422536,2592,141221,103,1,1,128,1,1,16,0.000,0.000,,,,,NVIDIA A100-SXM4-40GB MIG 4g.20gb (0),1,,13,cupy_copy__complex64_complex64
2946444808,2144,141228,35,1,1,128,1,1,16,0.000,0.000,,,,,NVIDIA A100-SXM4-40GB MIG 4g.20gb (0),1,,13,cupy_copy__complex64_complex64
2946462119,1760,141235,1,1,1,1,1,1,18,0.000,0.000,,,,,NVIDIA A100-SXM4-40GB MIG 4g.20gb (0),1,,13,cupy_copy__float32_float32
2946594214,81759,141246,1,1,1,32,32,1,30,0.000,0.000,,,,,NVIDIA A100-SXM4-40GB MIG 4g.20gb (0),1,,13,"void convert_kernel<__half2, float2>(tensor_layout_any, T1 *, tensor_layout_any, const T2 *)"
2946703204,6176,141249,,,,,,,,,,0.094,15170.975,Pinned,Device,NVIDIA A100-SXM4-40GB MIG 4g.20gb (0),1,,13,[CUDA memcpy Host-to-Device]
2946720036,3168,141250,,,,,,,,,,1.547,488201.145,Device,,NVIDIA A100-SXM4-40GB MIG 4g.20gb (0),1,,13,[CUDA memset]
2946726948,3264,141255,,,,,,,,,,0.031,9588.218,Pinned,Device,NVIDIA A100-SXM4-40GB MIG 4g.20gb (0),1,,13,[CUDA memcpy Host-to-Device]
2946732868,9888,141256,,,,,,,,,,0.197,19883.360,Pinned,Device,NVIDIA A100-SXM4-40GB MIG 4g.20gb (0),1,,13,[CUDA memcpy Host-to-Device]
2946749188,6304,141257,273,1,1,8,4,1,39,0.002,0.000,,,,,NVIDIA A100-SXM4-40GB MIG 4g.20gb (0),1,,13,"void channel_eq::eqMmseCoefCompLowMimoKernel<float, float, float, (unsigned int)4, (unsigned int)1, (unsigned int)4>(const channel_eq::_puschRxChEqStatDescr *, channel_eq::_puschRxChEqCoefCompDynDescr)"
2946758052,6176,141258,273,1,1,12,11,1,51,0.002,0.000,,,,,NVIDIA A100-SXM4-40GB MIG 4g.20gb (0),1,,13,"void channel_eq::eqMmseSoftDemapKernel<float, __half, __half, float, (unsigned int)4, (unsigned short)16383>(channel_eq::_puschRxChEqStatDescr *, channel_eq::_puschRxChEqSoftDemapDynDescr)"
2946765252,282908,141259,1,1,1,32,32,1,30,0.000,0.000,,,,,NVIDIA A100-SXM4-40GB MIG 4g.20gb (0),1,,13,"void convert_kernel<float2, __half2>(tensor_layout_any, T1 *, tensor_layout_any, const T2 *)"
2947049312,11136,141271,2253,1,1,128,1,1,16,0.000,0.000,,,,,NVIDIA A100-SXM4-40GB MIG 4g.20gb (0),1,,13,cupy_copy__float16_float16
2947061664,3168,141280,282,1,1,128,1,1,16,0.000,0.000,,,,,NVIDIA A100-SXM4-40GB MIG 4g.20gb (0),1,,13,cupy_copy__complex64_complex64
2947066592,2144,141289,26,1,1,128,1,1,16,0.000,0.000,,,,,NVIDIA A100-SXM4-40GB MIG 4g.20gb (0),1,,13,cupy_copy__float32_float32
2947070496,2912,141298,103,1,1,128,1,1,16,0.000,0.000,,,,,NVIDIA A100-SXM4-40GB MIG 4g.20gb (0),1,,13,cupy_copy__complex64_complex64
2947074528,12672,141308,1434,1,1,128,1,1,16,0.000,0.000,,,,,NVIDIA A100-SXM4-40GB MIG 4g.20gb (0),1,,13,cupy_copy__complex64_complex64
2947109791,83071,141313,1,1,1,32,32,1,30,0.000,0.000,,,,,NVIDIA A100-SXM4-40GB MIG 4g.20gb (0),1,,13,"void convert_kernel<__half2, float2>(tensor_layout_any, T1 *, tensor_layout_any, const T2 *)"
2947220798,5632,141316,,,,,,,,,,0.094,16636.287,Pinned,Device,NVIDIA A100-SXM4-40GB MIG 4g.20gb (0),1,,13,[CUDA memcpy Host-to-Device]
2947231102,598137,141317,,,,,,,,,,456.561,762914.166,Device,,NVIDIA A100-SXM4-40GB MIG 4g.20gb (0),1,,13,[CUDA memset]
2947830039,138654,141322,,,,,,,,,,1.235,8906.416,Pinned,Device,NVIDIA A100-SXM4-40GB MIG 4g.20gb (0),1,,13,[CUDA memcpy Host-to-Device]
2947980565,43839,141323,,,,,,,,,,0.197,4484.628,Pinned,Device,NVIDIA A100-SXM4-40GB MIG 4g.20gb (0),1,,13,[CUDA memcpy Host-to-Device]
2948046868,8160,141324,69,4,1,48,1,1,76,0.002,0.000,,,,,NVIDIA A100-SXM4-40GB MIG 4g.20gb (0),1,,13,"void ch_est::windowedChEstPreNoDftSOfdmKernel<float, __half, float, (unsigned int)2, (unsigned int)1, (unsigned short)4>(ch_est::puschRxChEstStatDescr_t *, ch_est::puschRxChEstDynDescr_t *)"
2948066548,6527,141325,137,2,1,24,2,1,44,0.001,0.001,,,,,NVIDIA A100-SXM4-40GB MIG 4g.20gb (0),1,,13,"void ch_est::chEstFilterNoDftSOfdmDispatchKernel<float, __half, float, (unsigned int)2>(ch_est::puschRxChEstStatDescr_t *, ch_est::puschRxChEstDynDescr_t *)"
2948080883,4768,141326,137,2,1,24,2,1,44,0.001,0.001,,,,,NVIDIA A100-SXM4-40GB MIG 4g.20gb (0),1,,13,"void ch_est::chEstFilterNoDftSOfdmDispatchKernel<float, __half, float, (unsigned int)2>(ch_est::puschRxChEstStatDescr_t *, ch_est::puschRxChEstDynDescr_t *)"
2948097875,2624,141337,103,1,1,128,1,1,16,0.000,0.000,,,,,NVIDIA A100-SXM4-40GB MIG 4g.20gb (0),1,,13,cupy_copy__complex64_complex64
2948108819,12576,141347,1434,1,1,128,1,1,16,0.000,0.000,,,,,NVIDIA A100-SXM4-40GB MIG 4g.20gb (0),1,,13,cupy_copy__complex64_complex64
2948132595,2784,141354,103,1,1,128,1,1,16,0.000,0.000,,,,,NVIDIA A100-SXM4-40GB MIG 4g.20gb (0),1,,13,cupy_copy__complex64_complex64
2948142835,85823,141361,1,1,1,32,32,1,30,0.000,0.000,,,,,NVIDIA A100-SXM4-40GB MIG 4g.20gb (0),1,,13,"void convert_kernel<__half2, float2>(tensor_layout_any, T1 *, tensor_layout_any, const T2 *)"
2948260017,12832,141364,,,,,,,,,,0.094,7301.729,Pinned,Device,NVIDIA A100-SXM4-40GB MIG 4g.20gb (0),1,,13,[CUDA memcpy Host-to-Device]
2948278481,45983,141365,,,,,,,,,,35.810,778758.330,Device,,NVIDIA A100-SXM4-40GB MIG 4g.20gb (0),1,,13,[CUDA memset]
2948331568,5696,141367,,,,,,,,,,0.000,14.045,Pinned,Device,NVIDIA A100-SXM4-40GB MIG 4g.20gb (0),1,,13,[CUDA memcpy Host-to-Device]
2948346768,21152,141368,,,,,,,,,,0.197,9294.840,Pinned,Device,NVIDIA A100-SXM4-40GB MIG 4g.20gb (0),1,,13,[CUDA memcpy Host-to-Device]
2948382320,10720,141369,273,1,1,48,1,1,40,0.000,0.001,,,,,NVIDIA A100-SXM4-40GB MIG 4g.20gb (0),1,,13,"void pusch_noise_intf_est::noiseIntfEstNoDftSOfdmKernel<float, __half, float, float, (unsigned int)2, (unsigned int)1, (unsigned char)4, (unsigned char)4>(pusch_noise_intf_est::puschRxNoiseIntfEstDynDescr)"
2948404335,2880,141380,35,1,1,128,1,1,16,0.000,0.000,,,,,NVIDIA A100-SXM4-40GB MIG 4g.20gb (0),1,,13,cupy_copy__complex64_complex64
2948414159,1728,141389,1,1,1,1,1,1,18,0.000,0.000,,,,,NVIDIA A100-SXM4-40GB MIG 4g.20gb (0),1,,13,cupy_copy__float32_float32
2948422703,7680,141395,,,,,,,,,,0.000,0.521,Device,Pageable,NVIDIA A100-SXM4-40GB MIG 4g.20gb (0),1,,7,[CUDA memcpy Device-to-Host]
2948506414,13024,141406,1434,1,1,128,1,1,16,0.000,0.000,,,,,NVIDIA A100-SXM4-40GB MIG 4g.20gb (0),1,,13,cupy_copy__complex64_complex64
2948526318,3040,141413,103,1,1,128,1,1,16,0.000,0.000,,,,,NVIDIA A100-SXM4-40GB MIG 4g.20gb (0),1,,13,cupy_copy__complex64_complex64
2948556238,2591,141420,35,1,1,128,1,1,16,0.000,0.000,,,,,NVIDIA A100-SXM4-40GB MIG 4g.20gb (0),1,,13,cupy_copy__complex64_complex64
2948567821,1888,141427,1,1,1,1,1,1,18,0.000,0.000,,,,,NVIDIA A100-SXM4-40GB MIG 4g.20gb (0),1,,13,cupy_copy__float32_float32
2948694316,87967,141438,1,1,1,32,32,1,30,0.000,0.000,,,,,NVIDIA A100-SXM4-40GB MIG 4g.20gb (0),1,,13,"void convert_kernel<__half2, float2>(tensor_layout_any, T1 *, tensor_layout_any, const T2 *)"
2948809898,5824,141441,,,,,,,,,,0.094,16087.884,Pinned,Device,NVIDIA A100-SXM4-40GB MIG 4g.20gb (0),1,,13,[CUDA memcpy Host-to-Device]
2948824778,3008,141442,,,,,,,,,,1.547,514168.962,Device,,NVIDIA A100-SXM4-40GB MIG 4g.20gb (0),1,,13,[CUDA memset]
2948831946,3008,141447,,,,,,,,,,0.031,10404.230,Pinned,Device,NVIDIA A100-SXM4-40GB MIG 4g.20gb (0),1,,13,[CUDA memcpy Host-to-Device]
2948837386,9568,141448,,,,,,,,,,0.197,20548.485,Pinned,Device,NVIDIA A100-SXM4-40GB MIG 4g.20gb (0),1,,13,[CUDA memcpy Host-to-Device]
2948852586,7584,141449,273,1,1,8,4,1,39,0.002,0.000,,,,,NVIDIA A100-SXM4-40GB MIG 4g.20gb (0),1,,13,"void channel_eq::eqMmseCoefCompLowMimoKernel<float, float, float, (unsigned int)4, (unsigned int)1, (unsigned int)4>(const channel_eq::_puschRxChEqStatDescr *, channel_eq::_puschRxChEqCoefCompDynDescr)"
2948861354,6304,141450,273,1,1,12,11,1,51,0.002,0.000,,,,,NVIDIA A100-SXM4-40GB MIG 4g.20gb (0),1,,13,"void channel_eq::eqMmseSoftDemapKernel<float, __half, __half, float, (unsigned int)4, (unsigned short)16383>(channel_eq::_puschRxChEqStatDescr *, channel_eq::_puschRxChEqSoftDemapDynDescr)"
2948868714,282236,141451,1,1,1,32,32,1,30,0.000,0.000,,,,,NVIDIA A100-SXM4-40GB MIG 4g.20gb (0),1,,13,"void convert_kernel<float2, __half2>(tensor_layout_any, T1 *, tensor_layout_any, const T2 *)"
2949153830,10816,141463,2253,1,1,128,1,1,16,0.000,0.000,,,,,NVIDIA A100-SXM4-40GB MIG 4g.20gb (0),1,,13,cupy_copy__float16_float16
2949165926,3104,141472,282,1,1,128,1,1,16,0.000,0.000,,,,,NVIDIA A100-SXM4-40GB MIG 4g.20gb (0),1,,13,cupy_copy__complex64_complex64
2949173350,2016,141481,26,1,1,128,1,1,16,0.000,0.000,,,,,NVIDIA A100-SXM4-40GB MIG 4g.20gb (0),1,,13,cupy_copy__float32_float32
2949178950,2816,141490,103,1,1,128,1,1,16,0.000,0.000,,,,,NVIDIA A100-SXM4-40GB MIG 4g.20gb (0),1,,13,cupy_copy__complex64_complex64
2949184934,11872,141500,1434,1,1,128,1,1,16,0.000,0.000,,,,,NVIDIA A100-SXM4-40GB MIG 4g.20gb (0),1,,13,cupy_copy__complex64_complex64
2949202790,86910,141505,1,1,1,32,32,1,30,0.000,0.000,,,,,NVIDIA A100-SXM4-40GB MIG 4g.20gb (0),1,,13,"void convert_kernel<__half2, float2>(tensor_layout_any, T1 *, tensor_layout_any, const T2 *)"
2949317540,5536,141508,,,,,,,,,,0.094,16924.777,Pinned,Device,NVIDIA A100-SXM4-40GB MIG 4g.20gb (0),1,,13,[CUDA memcpy Host-to-Device]
2949328356,598521,141509,,,,,,,,,,456.561,762457.605,Device,,NVIDIA A100-SXM4-40GB MIG 4g.20gb (0),1,,13,[CUDA memset]
2949934428,116351,141514,,,,,,,,,,1.235,10613.109,Pinned,Device,NVIDIA A100-SXM4-40GB MIG 4g.20gb (0),1,,13,[CUDA memcpy Host-to-Device]
2950061403,33344,141515,,,,,,,,,,0.197,5896.274,Pinned,Device,NVIDIA A100-SXM4-40GB MIG 4g.20gb (0),1,,13,[CUDA memcpy Host-to-Device]
2950116346,8128,141516,69,4,1,48,1,1,76,0.002,0.000,,,,,NVIDIA A100-SXM4-40GB MIG 4g.20gb (0),1,,13,"void ch_est::windowedChEstPreNoDftSOfdmKernel<float, __half, float, (unsigned int)2, (unsigned int)1, (unsigned short)4>(ch_est::puschRxChEstStatDescr_t *, ch_est::puschRxChEstDynDescr_t *)"
2950132282,6720,141517,137,2,1,24,2,1,44,0.001,0.001,,,,,NVIDIA A100-SXM4-40GB MIG 4g.20gb (0),1,,13,"void ch_est::chEstFilterNoDftSOfdmDispatchKernel<float, __half, float, (unsigned int)2>(ch_est::puschRxChEstStatDescr_t *, ch_est::puschRxChEstDynDescr_t *)"
2950144634,4800,141518,137,2,1,24,2,1,44,0.001,0.001,,,,,NVIDIA A100-SXM4-40GB MIG 4g.20gb (0),1,,13,"void ch_est::chEstFilterNoDftSOfdmDispatchKernel<float, __half, float, (unsigned int)2>(ch_est::puschRxChEstStatDescr_t *, ch_est::puschRxChEstDynDescr_t *)"
2950156570,2496,141529,103,1,1,128,1,1,16,0.000,0.000,,,,,NVIDIA A100-SXM4-40GB MIG 4g.20gb (0),1,,13,cupy_copy__complex64_complex64
2950166874,12511,141539,1434,1,1,128,1,1,16,0.000,0.000,,,,,NVIDIA A100-SXM4-40GB MIG 4g.20gb (0),1,,13,cupy_copy__complex64_complex64
2950196057,2880,141546,103,1,1,128,1,1,16,0.000,0.000,,,,,NVIDIA A100-SXM4-40GB MIG 4g.20gb (0),1,,13,cupy_copy__complex64_complex64
2950214777,85247,141553,1,1,1,32,32,1,30,0.000,0.000,,,,,NVIDIA A100-SXM4-40GB MIG 4g.20gb (0),1,,13,"void convert_kernel<__half2, float2>(tensor_layout_any, T1 *, tensor_layout_any, const T2 *)"
2950331000,18239,141556,,,,,,,,,,0.094,5137.071,Pinned,Device,NVIDIA A100-SXM4-40GB MIG 4g.20gb (0),1,,13,[CUDA memcpy Host-to-Device]
2950357623,46432,141557,,,,,,,,,,35.810,771202.437,Device,,NVIDIA A100-SXM4-40GB MIG 4g.20gb (0),1,,13,[CUDA memset]
2950410263,6880,141559,,,,,,,,,,0.000,11.628,Pinned,Device,NVIDIA A100-SXM4-40GB MIG 4g.20gb (0),1,,13,[CUDA memcpy Host-to-Device]
2950426486,18528,141560,,,,,,,,,,0.197,10611.327,Pinned,Device,NVIDIA A100-SXM4-40GB MIG 4g.20gb (0),1,,13,[CUDA memcpy Host-to-Device]
2950456758,12608,141561,273,1,1,48,1,1,40,0.000,0.001,,,,,NVIDIA A100-SXM4-40GB MIG 4g.20gb (0),1,,13,"void pusch_noise_intf_est::noiseIntfEstNoDftSOfdmKernel<float, __half, float, float, (unsigned int)2, (unsigned int)1, (unsigned char)4, (unsigned char)4>(pusch_noise_intf_est::puschRxNoiseIntfEstDynDescr)"
2950471990,3040,141572,35,1,1,128,1,1,16,0.000,0.000,,,,,NVIDIA A100-SXM4-40GB MIG 4g.20gb (0),1,,13,cupy_copy__complex64_complex64
2950478998,1888,141581,1,1,1,1,1,1,18,0.000,0.000,,,,,NVIDIA A100-SXM4-40GB MIG 4g.20gb (0),1,,13,cupy_copy__float32_float32
2950487062,3232,141587,,,,,,,,,,0.000,1.238,Device,Pageable,NVIDIA A100-SXM4-40GB MIG 4g.20gb (0),1,,7,[CUDA memcpy Device-to-Host]
2950563029,13184,141598,1434,1,1,128,1,1,16,0.000,0.000,,,,,NVIDIA A100-SXM4-40GB MIG 4g.20gb (0),1,,13,cupy_copy__complex64_complex64
2950588628,3584,141605,103,1,1,128,1,1,16,0.000,0.000,,,,,NVIDIA A100-SXM4-40GB MIG 4g.20gb (0),1,,13,cupy_copy__complex64_complex64
2950605972,2560,141612,35,1,1,128,1,1,16,0.000,0.000,,,,,NVIDIA A100-SXM4-40GB MIG 4g.20gb (0),1,,13,cupy_copy__complex64_complex64
2950625876,1792,141619,1,1,1,1,1,1,18,0.000,0.000,,,,,NVIDIA A100-SXM4-40GB MIG 4g.20gb (0),1,,13,cupy_copy__float32_float32
2950756466,82143,141630,1,1,1,32,32,1,30,0.000,0.000,,,,,NVIDIA A100-SXM4-40GB MIG 4g.20gb (0),1,,13,"void convert_kernel<__half2, float2>(tensor_layout_any, T1 *, tensor_layout_any, const T2 *)"
2950876177,6080,141633,,,,,,,,,,0.094,15410.462,Pinned,Device,NVIDIA A100-SXM4-40GB MIG 4g.20gb (0),1,,13,[CUDA memcpy Host-to-Device]
2950891921,3360,141634,,,,,,,,,,1.547,460304.688,Device,,NVIDIA A100-SXM4-40GB MIG 4g.20gb (0),1,,13,[CUDA memset]
2950897745,3456,141639,,,,,,,,,,0.031,9055.529,Pinned,Device,NVIDIA A100-SXM4-40GB MIG 4g.20gb (0),1,,13,[CUDA memcpy Host-to-Device]
2950904304,10112,141640,,,,,,,,,,0.197,19442.958,Pinned,Device,NVIDIA A100-SXM4-40GB MIG 4g.20gb (0),1,,13,[CUDA memcpy Host-to-Device]
2950920464,6432,141641,273,1,1,8,4,1,39,0.002,0.000,,,,,NVIDIA A100-SXM4-40GB MIG 4g.20gb (0),1,,13,"void channel_eq::eqMmseCoefCompLowMimoKernel<float, float, float, (unsigned int)4, (unsigned int)1, (unsigned int)4>(const channel_eq::_puschRxChEqStatDescr *, channel_eq::_puschRxChEqCoefCompDynDescr)"
2950927984,6112,141642,273,1,1,12,11,1,51,0.002,0.000,,,,,NVIDIA A100-SXM4-40GB MIG 4g.20gb (0),1,,13,"void channel_eq::eqMmseSoftDemapKernel<float, __half, __half, float, (unsigned int)4, (unsigned short)16383>(channel_eq::_puschRxChEqStatDescr *, channel_eq::_puschRxChEqSoftDemapDynDescr)"
2950935184,301884,141643,1,1,1,32,32,1,30,0.000,0.000,,,,,NVIDIA A100-SXM4-40GB MIG 4g.20gb (0),1,,13,"void convert_kernel<float2, __half2>(tensor_layout_any, T1 *, tensor_layout_any, const T2 *)"
2951238156,10912,141655,2253,1,1,128,1,1,16,0.000,0.000,,,,,NVIDIA A100-SXM4-40GB MIG 4g.20gb (0),1,,13,cupy_copy__float16_float16
2951252556,3424,141664,282,1,1,128,1,1,16,0.000,0.000,,,,,NVIDIA A100-SXM4-40GB MIG 4g.20gb (0),1,,13,cupy_copy__complex64_complex64
2951258444,2016,141673,26,1,1,128,1,1,16,0.000,0.000,,,,,NVIDIA A100-SXM4-40GB MIG 4g.20gb (0),1,,13,cupy_copy__float32_float32
2951263212,3072,141682,103,1,1,128,1,1,16,0.000,0.000,,,,,NVIDIA A100-SXM4-40GB MIG 4g.20gb (0),1,,13,cupy_copy__complex64_complex64
2951267244,11968,141692,1434,1,1,128,1,1,16,0.000,0.000,,,,,NVIDIA A100-SXM4-40GB MIG 4g.20gb (0),1,,13,cupy_copy__complex64_complex64
2951282860,87135,141697,1,1,1,32,32,1,30,0.000,0.000,,,,,NVIDIA A100-SXM4-40GB MIG 4g.20gb (0),1,,13,"void convert_kernel<__half2, float2>(tensor_layout_any, T1 *, tensor_layout_any, const T2 *)"
2951396874,5568,141700,,,,,,,,,,0.094,16827.521,Pinned,Device,NVIDIA A100-SXM4-40GB MIG 4g.20gb (0),1,,13,[CUDA memcpy Host-to-Device]
2951407786,598745,141701,,,,,,,,,,456.561,762457.605,Device,,NVIDIA A100-SXM4-40GB MIG 4g.20gb (0),1,,13,[CUDA memset]
2952011075,150654,141706,,,,,,,,,,1.235,8196.323,Pinned,Device,NVIDIA A100-SXM4-40GB MIG 4g.20gb (0),1,,13,[CUDA memcpy Host-to-Device]
2952174753,42431,141707,,,,,,,,,,0.197,4633.461,Pinned,Device,NVIDIA A100-SXM4-40GB MIG 4g.20gb (0),1,,13,[CUDA memcpy Host-to-Device]
2952243552,8128,141708,69,4,1,48,1,1,76,0.002,0.000,,,,,NVIDIA A100-SXM4-40GB MIG 4g.20gb (0),1,,13,"void ch_est::windowedChEstPreNoDftSOfdmKernel<float, __half, float, (unsigned int)2, (unsigned int)1, (unsigned short)4>(ch_est::puschRxChEstStatDescr_t *, ch_est::puschRxChEstDynDescr_t *)"
2952260960,6880,141709,137,2,1,24,2,1,44,0.001,0.001,,,,,NVIDIA A100-SXM4-40GB MIG 4g.20gb (0),1,,13,"void ch_est::chEstFilterNoDftSOfdmDispatchKernel<float, __half, float, (unsigned int)2>(ch_est::puschRxChEstStatDescr_t *, ch_est::puschRxChEstDynDescr_t *)"
2952278336,4831,141710,137,2,1,24,2,1,44,0.001,0.001,,,,,NVIDIA A100-SXM4-40GB MIG 4g.20gb (0),1,,13,"void ch_est::chEstFilterNoDftSOfdmDispatchKernel<float, __half, float, (unsigned int)2>(ch_est::puschRxChEstStatDescr_t *, ch_est::puschRxChEstDynDescr_t *)"
2952294655,2784,141721,103,1,1,128,1,1,16,0.000,0.000,,,,,NVIDIA A100-SXM4-40GB MIG 4g.20gb (0),1,,13,cupy_copy__complex64_complex64
2952311647,12384,141731,1434,1,1,128,1,1,16,0.000,0.000,,,,,NVIDIA A100-SXM4-40GB MIG 4g.20gb (0),1,,13,cupy_copy__complex64_complex64
2952331839,2880,141738,103,1,1,128,1,1,16,0.000,0.000,,,,,NVIDIA A100-SXM4-40GB MIG 4g.20gb (0),1,,13,cupy_copy__complex64_complex64
2952356287,88062,141745,1,1,1,32,32,1,30,0.000,0.000,,,,,NVIDIA A100-SXM4-40GB MIG 4g.20gb (0),1,,13,"void convert_kernel<__half2, float2>(tensor_layout_any, T1 *, tensor_layout_any, const T2 *)"
2952476029,20992,141748,,,,,,,,,,0.094,4463.396,Pinned,Device,NVIDIA A100-SXM4-40GB MIG 4g.20gb (0),1,,13,[CUDA memcpy Host-to-Device]
2952514621,47231,141749,,,,,,,,,,35.810,758167.626,Device,,NVIDIA A100-SXM4-40GB MIG 4g.20gb (0),1,,13,[CUDA memset]
2952566684,10528,141751,,,,,,,,,,0.000,7.599,Pinned,Device,NVIDIA A100-SXM4-40GB MIG 4g.20gb (0),1,,13,[CUDA memcpy Host-to-Device]
2952585180,23967,141752,,,,,,,,,,0.197,8203.272,Pinned,Device,NVIDIA A100-SXM4-40GB MIG 4g.20gb (0),1,,13,[CUDA memcpy Host-to-Device]
2952621691,9568,141753,273,1,1,48,1,1,40,0.000,0.001,,,,,NVIDIA A100-SXM4-40GB MIG 4g.20gb (0),1,,13,"void pusch_noise_intf_est::noiseIntfEstNoDftSOfdmKernel<float, __half, float, float, (unsigned int)2, (unsigned int)1, (unsigned char)4, (unsigned char)4>(pusch_noise_intf_est::puschRxNoiseIntfEstDynDescr)"
2952639131,2752,141764,35,1,1,128,1,1,16,0.000,0.000,,,,,NVIDIA A100-SXM4-40GB MIG 4g.20gb (0),1,,13,cupy_copy__complex64_complex64
2952652187,1696,141773,1,1,1,1,1,1,18,0.000,0.000,,,,,NVIDIA A100-SXM4-40GB MIG 4g.20gb (0),1,,13,cupy_copy__float32_float32
2952657915,6752,141779,,,,,,,,,,0.000,0.592,Device,Pageable,NVIDIA A100-SXM4-40GB MIG 4g.20gb (0),1,,7,[CUDA memcpy Device-to-Host]
2952742522,12576,141790,1434,1,1,128,1,1,16,0.000,0.000,,,,,NVIDIA A100-SXM4-40GB MIG 4g.20gb (0),1,,13,cupy_copy__complex64_complex64
2952769785,3328,141797,103,1,1,128,1,1,16,0.000,0.000,,,,,NVIDIA A100-SXM4-40GB MIG 4g.20gb (0),1,,13,cupy_copy__complex64_complex64
2952790713,2592,141804,35,1,1,128,1,1,16,0.000,0.000,,,,,NVIDIA A100-SXM4-40GB MIG 4g.20gb (0),1,,13,cupy_copy__complex64_complex64
2952810489,1760,141811,1,1,1,1,1,1,18,0.000,0.000,,,,,NVIDIA A100-SXM4-40GB MIG 4g.20gb (0),1,,13,cupy_copy__float32_float32
2952933751,83295,141822,1,1,1,32,32,1,30,0.000,0.000,,,,,NVIDIA A100-SXM4-40GB MIG 4g.20gb (0),1,,13,"void convert_kernel<__half2, float2>(tensor_layout_any, T1 *, tensor_layout_any, const T2 *)"
2953044630,5568,141825,,,,,,,,,,0.094,16827.521,Pinned,Device,NVIDIA A100-SXM4-40GB MIG 4g.20gb (0),1,,13,[CUDA memcpy Host-to-Device]
2953059478,3392,141826,,,,,,,,,,1.547,455961.768,Device,,NVIDIA A100-SXM4-40GB MIG 4g.20gb (0),1,,13,[CUDA memset]
2953066742,3296,141831,,,,,,,,,,0.031,9495.144,Pinned,Device,NVIDIA A100-SXM4-40GB MIG 4g.20gb (0),1,,13,[CUDA memcpy Host-to-Device]
2953072662,9792,141832,,,,,,,,,,0.197,20078.395,Pinned,Device,NVIDIA A100-SXM4-40GB MIG 4g.20gb (0),1,,13,[CUDA memcpy Host-to-Device]
2953086038,6687,141833,273,1,1,8,4,1,39,0.002,0.000,,,,,NVIDIA A100-SXM4-40GB MIG 4g.20gb (0),1,,13,"void channel_eq::eqMmseCoefCompLowMimoKernel<float, float, float, (unsigned int)4, (unsigned int)1, (unsigned int)4>(const channel_eq::_puschRxChEqStatDescr *, channel_eq::_puschRxChEqCoefCompDynDescr)"
2953093813,6080,141834,273,1,1,12,11,1,51,0.002,0.000,,,,,NVIDIA A100-SXM4-40GB MIG 4g.20gb (0),1,,13,"void channel_eq::eqMmseSoftDemapKernel<float, __half, __half, float, (unsigned int)4, (unsigned short)16383>(channel_eq::_puschRxChEqStatDescr *, channel_eq::_puschRxChEqSoftDemapDynDescr)"
2953101013,282845,141835,1,1,1,32,32,1,30,0.000,0.000,,,,,NVIDIA A100-SXM4-40GB MIG 4g.20gb (0),1,,13,"void convert_kernel<float2, __half2>(tensor_layout_any, T1 *, tensor_layout_any, const T2 *)"
2953385426,11040,141847,2253,1,1,128,1,1,16,0.000,0.000,,,,,NVIDIA A100-SXM4-40GB MIG 4g.20gb (0),1,,13,cupy_copy__float16_float16
2953398482,3136,141856,282,1,1,128,1,1,16,0.000,0.000,,,,,NVIDIA A100-SXM4-40GB MIG 4g.20gb (0),1,,13,cupy_copy__complex64_complex64
2953402866,2016,141865,26,1,1,128,1,1,16,0.000,0.000,,,,,NVIDIA A100-SXM4-40GB MIG 4g.20gb (0),1,,13,cupy_copy__float32_float32
2953410066,2783,141874,103,1,1,128,1,1,16,0.000,0.000,,,,,NVIDIA A100-SXM4-40GB MIG 4g.20gb (0),1,,13,cupy_copy__complex64_complex64
2953416017,11936,141884,1434,1,1,128,1,1,16,0.000,0.000,,,,,NVIDIA A100-SXM4-40GB MIG 4g.20gb (0),1,,13,cupy_copy__complex64_complex64
2953437105,87711,141889,1,1,1,32,32,1,30,0.000,0.000,,,,,NVIDIA A100-SXM4-40GB MIG 4g.20gb (0),1,,13,"void convert_kernel<__half2, float2>(tensor_layout_any, T1 *, tensor_layout_any, const T2 *)"
2953551888,5760,141892,,,,,,,,,,0.094,16266.656,Pinned,Device,NVIDIA A100-SXM4-40GB MIG 4g.20gb (0),1,,13,[CUDA memcpy Host-to-Device]
2953561520,597496,141893,,,,,,,,,,456.561,763827.289,Device,,NVIDIA A100-SXM4-40GB MIG 4g.20gb (0),1,,13,[CUDA memset]
2954166568,76063,141898,,,,,,,,,,1.235,16234.574,Pinned,Device,NVIDIA A100-SXM4-40GB MIG 4g.20gb (0),1,,13,[CUDA memcpy Host-to-Device]
2954248999,18016,141899,,,,,,,,,,0.197,10912.924,Pinned,Device,NVIDIA A100-SXM4-40GB MIG 4g.20gb (0),1,,13,[CUDA memcpy Host-to-Device]
2954276775,8608,141900,69,4,1,48,1,1,76,0.002,0.000,,,,,NVIDIA A100-SXM4-40GB MIG 4g.20gb (0),1,,13,"void ch_est::windowedChEstPreNoDftSOfdmKernel<float, __half, float, (unsigned int)2, (unsigned int)1, (unsigned short)4>(ch_est::puschRxChEstStatDescr_t *, ch_est::puschRxChEstDynDescr_t *)"
2954293031,7360,141901,137,2,1,24,2,1,44,0.001,0.001,,,,,NVIDIA A100-SXM4-40GB MIG 4g.20gb (0),1,,13,"void ch_est::chEstFilterNoDftSOfdmDispatchKernel<float, __half, float, (unsigned int)2>(ch_est::puschRxChEstStatDescr_t *, ch_est::puschRxChEstDynDescr_t *)"
2954302342,4928,141902,137,2,1,24,2,1,44,0.001,0.001,,,,,NVIDIA A100-SXM4-40GB MIG 4g.20gb (0),1,,13,"void ch_est::chEstFilterNoDftSOfdmDispatchKernel<float, __half, float, (unsigned int)2>(ch_est::puschRxChEstStatDescr_t *, ch_est::puschRxChEstDynDescr_t *)"
2954310374,3168,141913,103,1,1,128,1,1,16,0.000,0.000,,,,,NVIDIA A100-SXM4-40GB MIG 4g.20gb (0),1,,13,cupy_copy__complex64_complex64
2954318758,13056,141923,1434,1,1,128,1,1,16,0.000,0.000,,,,,NVIDIA A100-SXM4-40GB MIG 4g.20gb (0),1,,13,cupy_copy__complex64_complex64
2954334470,2592,141930,103,1,1,128,1,1,16,0.000,0.000,,,,,NVIDIA A100-SXM4-40GB MIG 4g.20gb (0),1,,13,cupy_copy__complex64_complex64
2954345382,87615,141937,1,1,1,32,32,1,30,0.000,0.000,,,,,NVIDIA A100-SXM4-40GB MIG 4g.20gb (0),1,,13,"void convert_kernel<__half2, float2>(tensor_layout_any, T1 *, tensor_layout_any, const T2 *)"
2954459941,9695,141940,,,,,,,,,,0.094,9664.274,Pinned,Device,NVIDIA A100-SXM4-40GB MIG 4g.20gb (0),1,,13,[CUDA memcpy Host-to-Device]
2954478116,47200,141941,,,,,,,,,,35.810,758668.965,Device,,NVIDIA A100-SXM4-40GB MIG 4g.20gb (0),1,,13,[CUDA memset]
2954530596,7168,141943,,,,,,,,,,0.000,11.161,Pinned,Device,NVIDIA A100-SXM4-40GB MIG 4g.20gb (0),1,,13,[CUDA memcpy Host-to-Device]
2954545187,14560,141944,,,,,,,,,,0.197,13503.234,Pinned,Device,NVIDIA A100-SXM4-40GB MIG 4g.20gb (0),1,,13,[CUDA memcpy Host-to-Device]
2954572707,11936,141945,273,1,1,48,1,1,40,0.000,0.001,,,,,NVIDIA A100-SXM4-40GB MIG 4g.20gb (0),1,,13,"void pusch_noise_intf_est::noiseIntfEstNoDftSOfdmKernel<float, __half, float, float, (unsigned int)2, (unsigned int)1, (unsigned char)4, (unsigned char)4>(pusch_noise_intf_est::puschRxNoiseIntfEstDynDescr)"
2954589891,2880,141956,35,1,1,128,1,1,16,0.000,0.000,,,,,NVIDIA A100-SXM4-40GB MIG 4g.20gb (0),1,,13,cupy_copy__complex64_complex64
2954600547,1728,141965,1,1,1,1,1,1,18,0.000,0.000,,,,,NVIDIA A100-SXM4-40GB MIG 4g.20gb (0),1,,13,cupy_copy__float32_float32
2954614307,6912,141971,,,,,,,,,,0.000,0.579,Device,Pageable,NVIDIA A100-SXM4-40GB MIG 4g.20gb (0),1,,7,[CUDA memcpy Device-to-Host]
2954692738,12896,141982,1434,1,1,128,1,1,16,0.000,0.000,,,,,NVIDIA A100-SXM4-40GB MIG 4g.20gb (0),1,,13,cupy_copy__complex64_complex64
2954715329,3296,141989,103,1,1,128,1,1,16,0.000,0.000,,,,,NVIDIA A100-SXM4-40GB MIG 4g.20gb (0),1,,13,cupy_copy__complex64_complex64
2954740641,2848,141996,35,1,1,128,1,1,16,0.000,0.000,,,,,NVIDIA A100-SXM4-40GB MIG 4g.20gb (0),1,,13,cupy_copy__complex64_complex64
2954753825,1952,142003,1,1,1,1,1,1,18,0.000,0.000,,,,,NVIDIA A100-SXM4-40GB MIG 4g.20gb (0),1,,13,cupy_copy__float32_float32
2954898335,87231,142014,1,1,1,32,32,1,30,0.000,0.000,,,,,NVIDIA A100-SXM4-40GB MIG 4g.20gb (0),1,,13,"void convert_kernel<__half2, float2>(tensor_layout_any, T1 *, tensor_layout_any, const T2 *)"
2955013854,6048,142017,,,,,,,,,,0.094,15491.978,Pinned,Device,NVIDIA A100-SXM4-40GB MIG 4g.20gb (0),1,,13,[CUDA memcpy Host-to-Device]
2955028222,3359,142018,,,,,,,,,,1.547,460440.791,Device,,NVIDIA A100-SXM4-40GB MIG 4g.20gb (0),1,,13,[CUDA memset]
2955034173,3008,142023,,,,,,,,,,0.031,10404.230,Pinned,Device,NVIDIA A100-SXM4-40GB MIG 4g.20gb (0),1,,13,[CUDA memcpy Host-to-Device]
2955039997,9664,142024,,,,,,,,,,0.197,20344.209,Pinned,Device,NVIDIA A100-SXM4-40GB MIG 4g.20gb (0),1,,13,[CUDA memcpy Host-to-Device]
2955054461,6016,142025,273,1,1,8,4,1,39,0.002,0.000,,,,,NVIDIA A100-SXM4-40GB MIG 4g.20gb (0),1,,13,"void channel_eq::eqMmseCoefCompLowMimoKernel<float, float, float, (unsigned int)4, (unsigned int)1, (unsigned int)4>(const channel_eq::_puschRxChEqStatDescr *, channel_eq::_puschRxChEqCoefCompDynDescr)"
2955062269,7328,142026,273,1,1,12,11,1,51,0.002,0.000,,,,,NVIDIA A100-SXM4-40GB MIG 4g.20gb (0),1,,13,"void channel_eq::eqMmseSoftDemapKernel<float, __half, __half, float, (unsigned int)4, (unsigned short)16383>(channel_eq::_puschRxChEqStatDescr *, channel_eq::_puschRxChEqSoftDemapDynDescr)"
2955071357,280509,142027,1,1,1,32,32,1,30,0.000,0.000,,,,,NVIDIA A100-SXM4-40GB MIG 4g.20gb (0),1,,13,"void convert_kernel<float2, __half2>(tensor_layout_any, T1 *, tensor_layout_any, const T2 *)"
2955352953,11104,142039,2253,1,1,128,1,1,16,0.000,0.000,,,,,NVIDIA A100-SXM4-40GB MIG 4g.20gb (0),1,,13,cupy_copy__float16_float16
2955369145,2848,142048,282,1,1,128,1,1,16,0.000,0.000,,,,,NVIDIA A100-SXM4-40GB MIG 4g.20gb (0),1,,13,cupy_copy__complex64_complex64
2955374105,2656,142057,26,1,1,128,1,1,16,0.000,0.000,,,,,NVIDIA A100-SXM4-40GB MIG 4g.20gb (0),1,,13,cupy_copy__float32_float32
2955379289,4576,142066,103,1,1,128,1,1,16,0.000,0.000,,,,,NVIDIA A100-SXM4-40GB MIG 4g.20gb (0),1,,13,cupy_copy__complex64_complex64
2955386297,12832,142076,1434,1,1,128,1,1,16,0.000,0.000,,,,,NVIDIA A100-SXM4-40GB MIG 4g.20gb (0),1,,13,cupy_copy__complex64_complex64
2955404281,82975,142081,1,1,1,32,32,1,30,0.000,0.000,,,,,NVIDIA A100-SXM4-40GB MIG 4g.20gb (0),1,,13,"void convert_kernel<__half2, float2>(tensor_layout_any, T1 *, tensor_layout_any, const T2 *)"
2955514775,5664,142084,,,,,,,,,,0.094,16542.310,Pinned,Device,NVIDIA A100-SXM4-40GB MIG 4g.20gb (0),1,,13,[CUDA memcpy Host-to-Device]
2955524087,597401,142085,,,,,,,,,,456.561,763827.289,Device,,NVIDIA A100-SXM4-40GB MIG 4g.20gb (0),1,,13,[CUDA memset]
2956125424,137438,142090,,,,,,,,,,1.235,8985.453,Pinned,Device,NVIDIA A100-SXM4-40GB MIG 4g.20gb (0),1,,13,[CUDA memcpy Host-to-Device]
2956275406,40224,142091,,,,,,,,,,0.197,4887.675,Pinned,Device,NVIDIA A100-SXM4-40GB MIG 4g.20gb (0),1,,13,[CUDA memcpy Host-to-Device]
2956330573,8064,142092,69,4,1,48,1,1,76,0.002,0.000,,,,,NVIDIA A100-SXM4-40GB MIG 4g.20gb (0),1,,13,"void ch_est::windowedChEstPreNoDftSOfdmKernel<float, __half, float, (unsigned int)2, (unsigned int)1, (unsigned short)4>(ch_est::puschRxChEstStatDescr_t *, ch_est::puschRxChEstDynDescr_t *)"
2956345389,6784,142093,137,2,1,24,2,1,44,0.001,0.001,,,,,NVIDIA A100-SXM4-40GB MIG 4g.20gb (0),1,,13,"void ch_est::chEstFilterNoDftSOfdmDispatchKernel<float, __half, float, (unsigned int)2>(ch_est::puschRxChEstStatDescr_t *, ch_est::puschRxChEstDynDescr_t *)"
2956357165,4864,142094,137,2,1,24,2,1,44,0.001,0.001,,,,,NVIDIA A100-SXM4-40GB MIG 4g.20gb (0),1,,13,"void ch_est::chEstFilterNoDftSOfdmDispatchKernel<float, __half, float, (unsigned int)2>(ch_est::puschRxChEstStatDescr_t *, ch_est::puschRxChEstDynDescr_t *)"
2956370285,2688,142105,103,1,1,128,1,1,16,0.000,0.000,,,,,NVIDIA A100-SXM4-40GB MIG 4g.20gb (0),1,,13,cupy_copy__complex64_complex64
2956381741,12640,142115,1434,1,1,128,1,1,16,0.000,0.000,,,,,NVIDIA A100-SXM4-40GB MIG 4g.20gb (0),1,,13,cupy_copy__complex64_complex64
2956400557,2656,142122,103,1,1,128,1,1,16,0.000,0.000,,,,,NVIDIA A100-SXM4-40GB MIG 4g.20gb (0),1,,13,cupy_copy__complex64_complex64
2956411052,85247,142129,1,1,1,32,32,1,30,0.000,0.000,,,,,NVIDIA A100-SXM4-40GB MIG 4g.20gb (0),1,,13,"void convert_kernel<__half2, float2>(tensor_layout_any, T1 *, tensor_layout_any, const T2 *)"
2956523435,13120,142132,,,,,,,,,,0.094,7141.415,Pinned,Device,NVIDIA A100-SXM4-40GB MIG 4g.20gb (0),1,,13,[CUDA memcpy Host-to-Device]
2956547979,47231,142133,,,,,,,,,,35.810,758167.626,Device,,NVIDIA A100-SXM4-40GB MIG 4g.20gb (0),1,,13,[CUDA memset]
2956597418,11104,142135,,,,,,,,,,0.000,7.205,Pinned,Device,NVIDIA A100-SXM4-40GB MIG 4g.20gb (0),1,,13,[CUDA memcpy Host-to-Device]
2956618890,20384,142136,,,,,,,,,,0.197,9645.195,Pinned,Device,NVIDIA A100-SXM4-40GB MIG 4g.20gb (0),1,,13,[CUDA memcpy Host-to-Device]
2956654057,9952,142137,273,1,1,48,1,1,40,0.000,0.001,,,,,NVIDIA A100-SXM4-40GB MIG 4g.20gb (0),1,,13,"void pusch_noise_intf_est::noiseIntfEstNoDftSOfdmKernel<float, __half, float, float, (unsigned int)2, (unsigned int)1, (unsigned char)4, (unsigned char)4>(pusch_noise_intf_est::puschRxNoiseIntfEstDynDescr)"
2956676105,2784,142148,35,1,1,128,1,1,16,0.000,0.000,,,,,NVIDIA A100-SXM4-40GB MIG 4g.20gb (0),1,,13,cupy_copy__complex64_complex64
2956685449,1888,142157,1,1,1,1,1,1,18,0.000,0.000,,,,,NVIDIA A100-SXM4-40GB MIG 4g.20gb (0),1,,13,cupy_copy__float32_float32
2956693449,7488,142163,,,,,,,,,,0.000,0.534,Device,Pageable,NVIDIA A100-SXM4-40GB MIG 4g.20gb (0),1,,7,[CUDA memcpy Device-to-Host]
2956772744,12992,142174,1434,1,1,128,1,1,16,0.000,0.000,,,,,NVIDIA A100-SXM4-40GB MIG 4g.20gb (0),1,,13,cupy_copy__complex64_complex64
2956802376,3552,142181,103,1,1,128,1,1,16,0.000,0.000,,,,,NVIDIA A100-SXM4-40GB MIG 4g.20gb (0),1,,13,cupy_copy__complex64_complex64
2956829831,2688,142188,35,1,1,128,1,1,16,0.000,0.000,,,,,NVIDIA A100-SXM4-40GB MIG 4g.20gb (0),1,,13,cupy_copy__complex64_complex64
2956840807,1760,142195,1,1,1,1,1,1,18,0.000,0.000,,,,,NVIDIA A100-SXM4-40GB MIG 4g.20gb (0),1,,13,cupy_copy__float32_float32
2956977285,82591,142206,1,1,1,32,32,1,30,0.000,0.000,,,,,NVIDIA A100-SXM4-40GB MIG 4g.20gb (0),1,,13,"void convert_kernel<__half2, float2>(tensor_layout_any, T1 *, tensor_layout_any, const T2 *)"
2957087588,5568,142209,,,,,,,,,,0.094,16827.521,Pinned,Device,NVIDIA A100-SXM4-40GB MIG 4g.20gb (0),1,,13,[CUDA memcpy Host-to-Device]
2957104356,3328,142210,,,,,,,,,,1.547,464729.580,Device,,NVIDIA A100-SXM4-40GB MIG 4g.20gb (0),1,,13,[CUDA memset]
2957108804,3456,142215,,,,,,,,,,0.031,9055.529,Pinned,Device,NVIDIA A100-SXM4-40GB MIG 4g.20gb (0),1,,13,[CUDA memcpy Host-to-Device]
2957114884,10208,142216,,,,,,,,,,0.197,19260.113,Pinned,Device,NVIDIA A100-SXM4-40GB MIG 4g.20gb (0),1,,13,[CUDA memcpy Host-to-Device]
2957131908,6367,142217,273,1,1,8,4,1,39,0.002,0.000,,,,,NVIDIA A100-SXM4-40GB MIG 4g.20gb (0),1,,13,"void channel_eq::eqMmseCoefCompLowMimoKernel<float, float, float, (unsigned int)4, (unsigned int)1, (unsigned int)4>(const channel_eq::_puschRxChEqStatDescr *, channel_eq::_puschRxChEqCoefCompDynDescr)"
2957139907,6240,142218,273,1,1,12,11,1,51,0.002,0.000,,,,,NVIDIA A100-SXM4-40GB MIG 4g.20gb (0),1,,13,"void channel_eq::eqMmseSoftDemapKernel<float, __half, __half, float, (unsigned int)4, (unsigned short)16383>(channel_eq::_puschRxChEqStatDescr *, channel_eq::_puschRxChEqSoftDemapDynDescr)"
2957150851,294525,142219,1,1,1,32,32,1,30,0.000,0.000,,,,,NVIDIA A100-SXM4-40GB MIG 4g.20gb (0),1,,13,"void convert_kernel<float2, __half2>(tensor_layout_any, T1 *, tensor_layout_any, const T2 *)"
2957446496,10943,142231,2253,1,1,128,1,1,16,0.000,0.000,,,,,NVIDIA A100-SXM4-40GB MIG 4g.20gb (0),1,,13,cupy_copy__float16_float16
2957462143,2688,142240,282,1,1,128,1,1,16,0.000,0.000,,,,,NVIDIA A100-SXM4-40GB MIG 4g.20gb (0),1,,13,cupy_copy__complex64_complex64
2957468639,2176,142249,26,1,1,128,1,1,16,0.000,0.000,,,,,NVIDIA A100-SXM4-40GB MIG 4g.20gb (0),1,,13,cupy_copy__float32_float32
2957473343,3168,142258,103,1,1,128,1,1,16,0.000,0.000,,,,,NVIDIA A100-SXM4-40GB MIG 4g.20gb (0),1,,13,cupy_copy__complex64_complex64
2957477599,11776,142268,1434,1,1,128,1,1,16,0.000,0.000,,,,,NVIDIA A100-SXM4-40GB MIG 4g.20gb (0),1,,13,cupy_copy__complex64_complex64
2957492191,87199,142273,1,1,1,32,32,1,30,0.000,0.000,,,,,NVIDIA A100-SXM4-40GB MIG 4g.20gb (0),1,,13,"void convert_kernel<__half2, float2>(tensor_layout_any, T1 *, tensor_layout_any, const T2 *)"
2957609182,5824,142276,,,,,,,,,,0.094,16087.884,Pinned,Device,NVIDIA A100-SXM4-40GB MIG 4g.20gb (0),1,,13,[CUDA memcpy Host-to-Device]
2957619709,596345,142277,,,,,,,,,,456.561,765196.973,Device,,NVIDIA A100-SXM4-40GB MIG 4g.20gb (0),1,,13,[CUDA memset]
2958219510,153982,142282,,,,,,,,,,1.235,8019.726,Pinned,Device,NVIDIA A100-SXM4-40GB MIG 4g.20gb (0),1,,13,[CUDA memcpy Host-to-Device]
2958388724,41183,142283,,,,,,,,,,0.197,4773.839,Pinned,Device,NVIDIA A100-SXM4-40GB MIG 4g.20gb (0),1,,13,[CUDA memcpy Host-to-Device]
2958452499,8224,142284,69,4,1,48,1,1,76,0.002,0.000,,,,,NVIDIA A100-SXM4-40GB MIG 4g.20gb (0),1,,13,"void ch_est::windowedChEstPreNoDftSOfdmKernel<float, __half, float, (unsigned int)2, (unsigned int)1, (unsigned short)4>(ch_est::puschRxChEstStatDescr_t *, ch_est::puschRxChEstDynDescr_t *)"
2958468243,6656,142285,137,2,1,24,2,1,44,0.001,0.001,,,,,NVIDIA A100-SXM4-40GB MIG 4g.20gb (0),1,,13,"void ch_est::chEstFilterNoDftSOfdmDispatchKernel<float, __half, float, (unsigned int)2>(ch_est::puschRxChEstStatDescr_t *, ch_est::puschRxChEstDynDescr_t *)"
2958482643,4736,142286,137,2,1,24,2,1,44,0.001,0.001,,,,,NVIDIA A100-SXM4-40GB MIG 4g.20gb (0),1,,13,"void ch_est::chEstFilterNoDftSOfdmDispatchKernel<float, __half, float, (unsigned int)2>(ch_est::puschRxChEstStatDescr_t *, ch_est::puschRxChEstDynDescr_t *)"
2958496563,2528,142297,103,1,1,128,1,1,16,0.000,0.000,,,,,NVIDIA A100-SXM4-40GB MIG 4g.20gb (0),1,,13,cupy_copy__complex64_complex64
2958512242,12768,142307,1434,1,1,128,1,1,16,0.000,0.000,,,,,NVIDIA A100-SXM4-40GB MIG 4g.20gb (0),1,,13,cupy_copy__complex64_complex64
2958543250,2464,142314,103,1,1,128,1,1,16,0.000,0.000,,,,,NVIDIA A100-SXM4-40GB MIG 4g.20gb (0),1,,13,cupy_copy__complex64_complex64
2958560402,84543,142321,1,1,1,32,32,1,30,0.000,0.000,,,,,NVIDIA A100-SXM4-40GB MIG 4g.20gb (0),1,,13,"void convert_kernel<__half2, float2>(tensor_layout_any, T1 *, tensor_layout_any, const T2 *)"
2958672368,6016,142324,,,,,,,,,,0.094,15574.430,Pinned,Device,NVIDIA A100-SXM4-40GB MIG 4g.20gb (0),1,,13,[CUDA memcpy Host-to-Device]
2958685008,46688,142325,,,,,,,,,,35.810,766976.867,Device,,NVIDIA A100-SXM4-40GB MIG 4g.20gb (0),1,,13,[CUDA memset]
2958737584,3616,142327,,,,,,,,,,0.000,22.124,Pinned,Device,NVIDIA A100-SXM4-40GB MIG 4g.20gb (0),1,,13,[CUDA memcpy Host-to-Device]
2958745968,11807,142328,,,,,,,,,,0.197,16651.715,Pinned,Device,NVIDIA A100-SXM4-40GB MIG 4g.20gb (0),1,,13,[CUDA memcpy Host-to-Device]
2958766319,12768,142329,273,1,1,48,1,1,40,0.000,0.001,,,,,NVIDIA A100-SXM4-40GB MIG 4g.20gb (0),1,,13,"void pusch_noise_intf_est::noiseIntfEstNoDftSOfdmKernel<float, __half, float, float, (unsigned int)2, (unsigned int)1, (unsigned char)4, (unsigned char)4>(pusch_noise_intf_est::puschRxNoiseIntfEstDynDescr)"
2958784143,3104,142340,35,1,1,128,1,1,16,0.000,0.000,,,,,NVIDIA A100-SXM4-40GB MIG 4g.20gb (0),1,,13,cupy_copy__complex64_complex64
2958793775,1952,142349,1,1,1,1,1,1,18,0.000,0.000,,,,,NVIDIA A100-SXM4-40GB MIG 4g.20gb (0),1,,13,cupy_copy__float32_float32
2958824751,1664,142355,,,,,,,,,,0.000,2.404,Device,Pageable,NVIDIA A100-SXM4-40GB MIG 4g.20gb (0),1,,7,[CUDA memcpy Device-to-Host]
2958897454,12928,142366,1434,1,1,128,1,1,16,0.000,0.000,,,,,NVIDIA A100-SXM4-40GB MIG 4g.20gb (0),1,,13,cupy_copy__complex64_complex64
2958925197,3488,142373,103,1,1,128,1,1,16,0.000,0.000,,,,,NVIDIA A100-SXM4-40GB MIG 4g.20gb (0),1,,13,cupy_copy__complex64_complex64
2958947885,2752,142380,35,1,1,128,1,1,16,0.000,0.000,,,,,NVIDIA A100-SXM4-40GB MIG 4g.20gb (0),1,,13,cupy_copy__complex64_complex64
2958964589,1760,142387,1,1,1,1,1,1,18,0.000,0.000,,,,,NVIDIA A100-SXM4-40GB MIG 4g.20gb (0),1,,13,cupy_copy__float32_float32
2959098795,82431,142398,1,1,1,32,32,1,30,0.000,0.000,,,,,NVIDIA A100-SXM4-40GB MIG 4g.20gb (0),1,,13,"void convert_kernel<__half2, float2>(tensor_layout_any, T1 *, tensor_layout_any, const T2 *)"
2959208714,5760,142401,,,,,,,,,,0.094,16266.656,Pinned,Device,NVIDIA A100-SXM4-40GB MIG 4g.20gb (0),1,,13,[CUDA memcpy Host-to-Device]
2959222506,3552,142402,,,,,,,,,,1.547,435422.601,Device,,NVIDIA A100-SXM4-40GB MIG 4g.20gb (0),1,,13,[CUDA memset]
2959229578,3264,142407,,,,,,,,,,0.031,9588.218,Pinned,Device,NVIDIA A100-SXM4-40GB MIG 4g.20gb (0),1,,13,[CUDA memcpy Host-to-Device]
2959235242,9663,142408,,,,,,,,,,0.197,20346.372,Pinned,Device,NVIDIA A100-SXM4-40GB MIG 4g.20gb (0),1,,13,[CUDA memcpy Host-to-Device]
2959250377,6304,142409,273,1,1,8,4,1,39,0.002,0.000,,,,,NVIDIA A100-SXM4-40GB MIG 4g.20gb (0),1,,13,"void channel_eq::eqMmseCoefCompLowMimoKernel<float, float, float, (unsigned int)4, (unsigned int)1, (unsigned int)4>(const channel_eq::_puschRxChEqStatDescr *, channel_eq::_puschRxChEqCoefCompDynDescr)"
2959258121,6368,142410,273,1,1,12,11,1,51,0.002,0.000,,,,,NVIDIA A100-SXM4-40GB MIG 4g.20gb (0),1,,13,"void channel_eq::eqMmseSoftDemapKernel<float, __half, __half, float, (unsigned int)4, (unsigned short)16383>(channel_eq::_puschRxChEqStatDescr *, channel_eq::_puschRxChEqSoftDemapDynDescr)"
2959265609,282653,142411,1,1,1,32,32,1,30,0.000,0.000,,,,,NVIDIA A100-SXM4-40GB MIG 4g.20gb (0),1,,13,"void convert_kernel<float2, __half2>(tensor_layout_any, T1 *, tensor_layout_any, const T2 *)"
2959549894,10975,142423,2253,1,1,128,1,1,16,0.000,0.000,,,,,NVIDIA A100-SXM4-40GB MIG 4g.20gb (0),1,,13,cupy_copy__float16_float16
2959562885,3392,142432,282,1,1,128,1,1,16,0.000,0.000,,,,,NVIDIA A100-SXM4-40GB MIG 4g.20gb (0),1,,13,cupy_copy__complex64_complex64
2959569733,2112,142441,26,1,1,128,1,1,16,0.000,0.000,,,,,NVIDIA A100-SXM4-40GB MIG 4g.20gb (0),1,,13,cupy_copy__float32_float32
2959574629,3296,142450,103,1,1,128,1,1,16,0.000,0.000,,,,,NVIDIA A100-SXM4-40GB MIG 4g.20gb (0),1,,13,cupy_copy__complex64_complex64
2959581637,12096,142460,1434,1,1,128,1,1,16,0.000,0.000,,,,,NVIDIA A100-SXM4-40GB MIG 4g.20gb (0),1,,13,cupy_copy__complex64_complex64
2959600933,82303,142465,1,1,1,32,32,1,30,0.000,0.000,,,,,NVIDIA A100-SXM4-40GB MIG 4g.20gb (0),1,,13,"void convert_kernel<__half2, float2>(tensor_layout_any, T1 *, tensor_layout_any, const T2 *)"
2959710820,5632,142468,,,,,,,,,,0.094,16636.287,Pinned,Device,NVIDIA A100-SXM4-40GB MIG 4g.20gb (0),1,,13,[CUDA memcpy Host-to-Device]
2959721475,596857,142469,,,,,,,,,,456.561,764740.412,Device,,NVIDIA A100-SXM4-40GB MIG 4g.20gb (0),1,,13,[CUDA memset]
2960326876,123902,142474,,,,,,,,,,1.235,9965.998,Pinned,Device,NVIDIA A100-SXM4-40GB MIG 4g.20gb (0),1,,13,[CUDA memcpy Host-to-Device]
2960462650,36736,142475,,,,,,,,,,0.197,5351.866,Pinned,Device,NVIDIA A100-SXM4-40GB MIG 4g.20gb (0),1,,13,[CUDA memcpy Host-to-Device]
2960525946,8255,142476,69,4,1,48,1,1,76,0.002,0.000,,,,,NVIDIA A100-SXM4-40GB MIG 4g.20gb (0),1,,13,"void ch_est::windowedChEstPreNoDftSOfdmKernel<float, __half, float, (unsigned int)2, (unsigned int)1, (unsigned short)4>(ch_est::puschRxChEstStatDescr_t *, ch_est::puschRxChEstDynDescr_t *)"
2960545209,6784,142477,137,2,1,24,2,1,44,0.001,0.001,,,,,NVIDIA A100-SXM4-40GB MIG 4g.20gb (0),1,,13,"void ch_est::chEstFilterNoDftSOfdmDispatchKernel<float, __half, float, (unsigned int)2>(ch_est::puschRxChEstStatDescr_t *, ch_est::puschRxChEstDynDescr_t *)"
2960561817,4800,142478,137,2,1,24,2,1,44,0.001,0.001,,,,,NVIDIA A100-SXM4-40GB MIG 4g.20gb (0),1,,13,"void ch_est::chEstFilterNoDftSOfdmDispatchKernel<float, __half, float, (unsigned int)2>(ch_est::puschRxChEstStatDescr_t *, ch_est::puschRxChEstDynDescr_t *)"
2960579257,2624,142489,103,1,1,128,1,1,16,0.000,0.000,,,,,NVIDIA A100-SXM4-40GB MIG 4g.20gb (0),1,,13,cupy_copy__complex64_complex64
2960595577,12160,142499,1434,1,1,128,1,1,16,0.000,0.000,,,,,NVIDIA A100-SXM4-40GB MIG 4g.20gb (0),1,,13,cupy_copy__complex64_complex64
2960620568,2560,142506,103,1,1,128,1,1,16,0.000,0.000,,,,,NVIDIA A100-SXM4-40GB MIG 4g.20gb (0),1,,13,cupy_copy__complex64_complex64
2960642872,90527,142513,1,1,1,32,32,1,30,0.000,0.000,,,,,NVIDIA A100-SXM4-40GB MIG 4g.20gb (0),1,,13,"void convert_kernel<__half2, float2>(tensor_layout_any, T1 *, tensor_layout_any, const T2 *)"
2960765911,25343,142516,,,,,,,,,,0.094,3697.057,Pinned,Device,NVIDIA A100-SXM4-40GB MIG 4g.20gb (0),1,,13,[CUDA memcpy Host-to-Device]
2960813526,46975,142517,,,,,,,,,,35.810,762285.767,Device,,NVIDIA A100-SXM4-40GB MIG 4g.20gb (0),1,,13,[CUDA memset]
2960861461,17280,142519,,,,,,,,,,0.000,4.630,Pinned,Device,NVIDIA A100-SXM4-40GB MIG 4g.20gb (0),1,,13,[CUDA memcpy Host-to-Device]
2960887765,19584,142520,,,,,,,,,,0.197,10039.198,Pinned,Device,NVIDIA A100-SXM4-40GB MIG 4g.20gb (0),1,,13,[CUDA memcpy Host-to-Device]
2960924245,10303,142521,273,1,1,48,1,1,40,0.000,0.001,,,,,NVIDIA A100-SXM4-40GB MIG 4g.20gb (0),1,,13,"void pusch_noise_intf_est::noiseIntfEstNoDftSOfdmKernel<float, __half, float, float, (unsigned int)2, (unsigned int)1, (unsigned char)4, (unsigned char)4>(pusch_noise_intf_est::puschRxNoiseIntfEstDynDescr)"
2960945108,2784,142532,35,1,1,128,1,1,16,0.000,0.000,,,,,NVIDIA A100-SXM4-40GB MIG 4g.20gb (0),1,,13,cupy_copy__complex64_complex64
2960955988,1760,142541,1,1,1,1,1,1,18,0.000,0.000,,,,,NVIDIA A100-SXM4-40GB MIG 4g.20gb (0),1,,13,cupy_copy__float32_float32
2960965844,4160,142547,,,,,,,,,,0.000,0.962,Device,Pageable,NVIDIA A100-SXM4-40GB MIG 4g.20gb (0),1,,7,[CUDA memcpy Device-to-Host]
2961032947,13152,142558,1434,1,1,128,1,1,16,0.000,0.000,,,,,NVIDIA A100-SXM4-40GB MIG 4g.20gb (0),1,,13,cupy_copy__complex64_complex64
2961058931,3392,142565,103,1,1,128,1,1,16,0.000,0.000,,,,,NVIDIA A100-SXM4-40GB MIG 4g.20gb (0),1,,13,cupy_copy__complex64_complex64
2961080339,2496,142572,35,1,1,128,1,1,16,0.000,0.000,,,,,NVIDIA A100-SXM4-40GB MIG 4g.20gb (0),1,,13,cupy_copy__complex64_complex64
2961098322,1792,142579,1,1,1,1,1,1,18,0.000,0.000,,,,,NVIDIA A100-SXM4-40GB MIG 4g.20gb (0),1,,13,cupy_copy__float32_float32
2961233777,82463,142590,1,1,1,32,32,1,30,0.000,0.000,,,,,NVIDIA A100-SXM4-40GB MIG 4g.20gb (0),1,,13,"void convert_kernel<__half2, float2>(tensor_layout_any, T1 *, tensor_layout_any, const T2 *)"
2961344271,5600,142593,,,,,,,,,,0.094,16731.388,Pinned,Device,NVIDIA A100-SXM4-40GB MIG 4g.20gb (0),1,,13,[CUDA memcpy Host-to-Device]
2961358319,3424,142594,,,,,,,,,,1.547,451700.819,Device,,NVIDIA A100-SXM4-40GB MIG 4g.20gb (0),1,,13,[CUDA memset]
2961365615,3232,142599,,,,,,,,,,0.031,9683.139,Pinned,Device,NVIDIA A100-SXM4-40GB MIG 4g.20gb (0),1,,13,[CUDA memcpy Host-to-Device]
2961371279,9440,142600,,,,,,,,,,0.197,20827.079,Pinned,Device,NVIDIA A100-SXM4-40GB MIG 4g.20gb (0),1,,13,[CUDA memcpy Host-to-Device]
2961386415,6656,142601,273,1,1,8,4,1,39,0.002,0.000,,,,,NVIDIA A100-SXM4-40GB MIG 4g.20gb (0),1,,13,"void channel_eq::eqMmseCoefCompLowMimoKernel<float, float, float, (unsigned int)4, (unsigned int)1, (unsigned int)4>(const channel_eq::_puschRxChEqStatDescr *, channel_eq::_puschRxChEqCoefCompDynDescr)"
2961394255,7616,142602,273,1,1,12,11,1,51,0.002,0.000,,,,,NVIDIA A100-SXM4-40GB MIG 4g.20gb (0),1,,13,"void channel_eq::eqMmseSoftDemapKernel<float, __half, __half, float, (unsigned int)4, (unsigned short)16383>(channel_eq::_puschRxChEqStatDescr *, channel_eq::_puschRxChEqSoftDemapDynDescr)"
2961402831,282908,142603,1,1,1,32,32,1,30,0.000,0.000,,,,,NVIDIA A100-SXM4-40GB MIG 4g.20gb (0),1,,13,"void convert_kernel<float2, __half2>(tensor_layout_any, T1 *, tensor_layout_any, const T2 *)"
2961689131,10944,142615,2253,1,1,128,1,1,16,0.000,0.000,,,,,NVIDIA A100-SXM4-40GB MIG 4g.20gb (0),1,,13,cupy_copy__float16_float16
2961704747,2688,142624,282,1,1,128,1,1,16,0.000,0.000,,,,,NVIDIA A100-SXM4-40GB MIG 4g.20gb (0),1,,13,cupy_copy__complex64_complex64
2961710699,2304,142633,26,1,1,128,1,1,16,0.000,0.000,,,,,NVIDIA A100-SXM4-40GB MIG 4g.20gb (0),1,,13,cupy_copy__float32_float32
2961714219,2880,142642,103,1,1,128,1,1,16,0.000,0.000,,,,,NVIDIA A100-SXM4-40GB MIG 4g.20gb (0),1,,13,cupy_copy__complex64_complex64
2961718283,12224,142652,1434,1,1,128,1,1,16,0.000,0.000,,,,,NVIDIA A100-SXM4-40GB MIG 4g.20gb (0),1,,13,cupy_copy__complex64_complex64
2961740299,87134,142657,1,1,1,32,32,1,30,0.000,0.000,,,,,NVIDIA A100-SXM4-40GB MIG 4g.20gb (0),1,,13,"void convert_kernel<__half2, float2>(tensor_layout_any, T1 *, tensor_layout_any, const T2 *)"
2961854953,5728,142660,,,,,,,,,,0.094,16357.541,Pinned,Device,NVIDIA A100-SXM4-40GB MIG 4g.20gb (0),1,,13,[CUDA memcpy Host-to-Device]
2961864969,597561,142661,,,,,,,,,,456.561,763827.289,Device,,NVIDIA A100-SXM4-40GB MIG 4g.20gb (0),1,,13,[CUDA memset]
2962465730,157790,142666,,,,,,,,,,1.235,7825.840,Pinned,Device,NVIDIA A100-SXM4-40GB MIG 4g.20gb (0),1,,13,[CUDA memcpy Host-to-Device]
2962637887,41792,142667,,,,,,,,,,0.197,4704.436,Pinned,Device,NVIDIA A100-SXM4-40GB MIG 4g.20gb (0),1,,13,[CUDA memcpy Host-to-Device]
2962701535,7840,142668,69,4,1,48,1,1,76,0.002,0.000,,,,,NVIDIA A100-SXM4-40GB MIG 4g.20gb (0),1,,13,"void ch_est::windowedChEstPreNoDftSOfdmKernel<float, __half, float, (unsigned int)2, (unsigned int)1, (unsigned short)4>(ch_est::puschRxChEstStatDescr_t *, ch_est::puschRxChEstDynDescr_t *)"
2962720862,6688,142669,137,2,1,24,2,1,44,0.001,0.001,,,,,NVIDIA A100-SXM4-40GB MIG 4g.20gb (0),1,,13,"void ch_est::chEstFilterNoDftSOfdmDispatchKernel<float, __half, float, (unsigned int)2>(ch_est::puschRxChEstStatDescr_t *, ch_est::puschRxChEstDynDescr_t *)"
2962738878,4672,142670,137,2,1,24,2,1,44,0.001,0.001,,,,,NVIDIA A100-SXM4-40GB MIG 4g.20gb (0),1,,13,"void ch_est::chEstFilterNoDftSOfdmDispatchKernel<float, __half, float, (unsigned int)2>(ch_est::puschRxChEstStatDescr_t *, ch_est::puschRxChEstDynDescr_t *)"
2962756062,2624,142681,103,1,1,128,1,1,16,0.000,0.000,,,,,NVIDIA A100-SXM4-40GB MIG 4g.20gb (0),1,,13,cupy_copy__complex64_complex64
2962772926,12448,142691,1434,1,1,128,1,1,16,0.000,0.000,,,,,NVIDIA A100-SXM4-40GB MIG 4g.20gb (0),1,,13,cupy_copy__complex64_complex64
2962792318,2911,142698,103,1,1,128,1,1,16,0.000,0.000,,,,,NVIDIA A100-SXM4-40GB MIG 4g.20gb (0),1,,13,cupy_copy__complex64_complex64
2962818141,84031,142705,1,1,1,32,32,1,30,0.000,0.000,,,,,NVIDIA A100-SXM4-40GB MIG 4g.20gb (0),1,,13,"void convert_kernel<__half2, float2>(tensor_layout_any, T1 *, tensor_layout_any, const T2 *)"
2962938396,25087,142708,,,,,,,,,,0.094,3734.816,Pinned,Device,NVIDIA A100-SXM4-40GB MIG 4g.20gb (0),1,,13,[CUDA memcpy Host-to-Device]
2962991483,47519,142709,,,,,,,,,,35.810,753583.956,Device,,NVIDIA A100-SXM4-40GB MIG 4g.20gb (0),1,,13,[CUDA memset]
2963043866,15264,142711,,,,,,,,,,0.000,5.241,Pinned,Device,NVIDIA A100-SXM4-40GB MIG 4g.20gb (0),1,,13,[CUDA memcpy Host-to-Device]
2963072730,26240,142712,,,,,,,,,,0.197,7492.534,Pinned,Device,NVIDIA A100-SXM4-40GB MIG 4g.20gb (0),1,,13,[CUDA memcpy Host-to-Device]
2963121369,8992,142713,273,1,1,48,1,1,40,0.000,0.001,,,,,NVIDIA A100-SXM4-40GB MIG 4g.20gb (0),1,,13,"void pusch_noise_intf_est::noiseIntfEstNoDftSOfdmKernel<float, __half, float, float, (unsigned int)2, (unsigned int)1, (unsigned char)4, (unsigned char)4>(pusch_noise_intf_est::puschRxNoiseIntfEstDynDescr)"
2963138201,2880,142724,35,1,1,128,1,1,16,0.000,0.000,,,,,NVIDIA A100-SXM4-40GB MIG 4g.20gb (0),1,,13,cupy_copy__complex64_complex64
2963154809,1728,142733,1,1,1,1,1,1,18,0.000,0.000,,,,,NVIDIA A100-SXM4-40GB MIG 4g.20gb (0),1,,13,cupy_copy__float32_float32
2963157593,8704,142739,,,,,,,,,,0.000,0.460,Device,Pageable,NVIDIA A100-SXM4-40GB MIG 4g.20gb (0),1,,7,[CUDA memcpy Device-to-Host]
2963248056,12704,142750,1434,1,1,128,1,1,16,0.000,0.000,,,,,NVIDIA A100-SXM4-40GB MIG 4g.20gb (0),1,,13,cupy_copy__complex64_complex64
2963271064,3360,142757,103,1,1,128,1,1,16,0.000,0.000,,,,,NVIDIA A100-SXM4-40GB MIG 4g.20gb (0),1,,13,cupy_copy__complex64_complex64
2963302359,2336,142764,35,1,1,128,1,1,16,0.000,0.000,,,,,NVIDIA A100-SXM4-40GB MIG 4g.20gb (0),1,,13,cupy_copy__complex64_complex64
2963320887,1664,142771,1,1,1,1,1,1,18,0.000,0.000,,,,,NVIDIA A100-SXM4-40GB MIG 4g.20gb (0),1,,13,cupy_copy__float32_float32
2963442869,84447,142782,1,1,1,32,32,1,30,0.000,0.000,,,,,NVIDIA A100-SXM4-40GB MIG 4g.20gb (0),1,,13,"void convert_kernel<__half2, float2>(tensor_layout_any, T1 *, tensor_layout_any, const T2 *)"
2963554708,5696,142785,,,,,,,,,,0.094,16449.363,Pinned,Device,NVIDIA A100-SXM4-40GB MIG 4g.20gb (0),1,,13,[CUDA memcpy Host-to-Device]
2963569044,3648,142786,,,,,,,,,,1.547,423963.664,Device,,NVIDIA A100-SXM4-40GB MIG 4g.20gb (0),1,,13,[CUDA memset]
2963575892,3136,142791,,,,,,,,,,0.031,9979.575,Pinned,Device,NVIDIA A100-SXM4-40GB MIG 4g.20gb (0),1,,13,[CUDA memcpy Host-to-Device]
2963581524,9440,142792,,,,,,,,,,0.197,20827.079,Pinned,Device,NVIDIA A100-SXM4-40GB MIG 4g.20gb (0),1,,13,[CUDA memcpy Host-to-Device]
2963597364,6527,142793,273,1,1,8,4,1,39,0.002,0.000,,,,,NVIDIA A100-SXM4-40GB MIG 4g.20gb (0),1,,13,"void channel_eq::eqMmseCoefCompLowMimoKernel<float, float, float, (unsigned int)4, (unsigned int)1, (unsigned int)4>(const channel_eq::_puschRxChEqStatDescr *, channel_eq::_puschRxChEqCoefCompDynDescr)"
2963604915,5888,142794,273,1,1,12,11,1,51,0.002,0.000,,,,,NVIDIA A100-SXM4-40GB MIG 4g.20gb (0),1,,13,"void channel_eq::eqMmseSoftDemapKernel<float, __half, __half, float, (unsigned int)4, (unsigned short)16383>(channel_eq::_puschRxChEqStatDescr *, channel_eq::_puschRxChEqSoftDemapDynDescr)"
2963612915,283133,142795,1,1,1,32,32,1,30,0.000,0.000,,,,,NVIDIA A100-SXM4-40GB MIG 4g.20gb (0),1,,13,"void convert_kernel<float2, __half2>(tensor_layout_any, T1 *, tensor_layout_any, const T2 *)"
2963900528,11136,142807,2253,1,1,128,1,1,16,0.000,0.000,,,,,NVIDIA A100-SXM4-40GB MIG 4g.20gb (0),1,,13,cupy_copy__float16_float16
2963916176,3040,142816,282,1,1,128,1,1,16,0.000,0.000,,,,,NVIDIA A100-SXM4-40GB MIG 4g.20gb (0),1,,13,cupy_copy__complex64_complex64
2963921552,1984,142825,26,1,1,128,1,1,16,0.000,0.000,,,,,NVIDIA A100-SXM4-40GB MIG 4g.20gb (0),1,,13,cupy_copy__float32_float32
2963924560,3967,142834,103,1,1,128,1,1,16,0.000,0.000,,,,,NVIDIA A100-SXM4-40GB MIG 4g.20gb (0),1,,13,cupy_copy__complex64_complex64
2963929615,11936,142844,1434,1,1,128,1,1,16,0.000,0.000,,,,,NVIDIA A100-SXM4-40GB MIG 4g.20gb (0),1,,13,cupy_copy__complex64_complex64
2963952591,82591,142849,1,1,1,32,32,1,30,0.000,0.000,,,,,NVIDIA A100-SXM4-40GB MIG 4g.20gb (0),1,,13,"void convert_kernel<__half2, float2>(tensor_layout_any, T1 *, tensor_layout_any, const T2 *)"
2964062670,5696,142852,,,,,,,,,,0.094,16449.363,Pinned,Device,NVIDIA A100-SXM4-40GB MIG 4g.20gb (0),1,,13,[CUDA memcpy Host-to-Device]
2964072206,597048,142853,,,,,,,,,,456.561,764283.851,Device,,NVIDIA A100-SXM4-40GB MIG 4g.20gb (0),1,,13,[CUDA memset]
2964674726,117087,142858,,,,,,,,,,1.235,10546.422,Pinned,Device,NVIDIA A100-SXM4-40GB MIG 4g.20gb (0),1,,13,[CUDA memcpy Host-to-Device]
2964799397,18623,142859,,,,,,,,,,0.197,10557.260,Pinned,Device,NVIDIA A100-SXM4-40GB MIG 4g.20gb (0),1,,13,[CUDA memcpy Host-to-Device]
2964831428,7968,142860,69,4,1,48,1,1,76,0.002,0.000,,,,,NVIDIA A100-SXM4-40GB MIG 4g.20gb (0),1,,13,"void ch_est::windowedChEstPreNoDftSOfdmKernel<float, __half, float, (unsigned int)2, (unsigned int)1, (unsigned short)4>(ch_est::puschRxChEstStatDescr_t *, ch_est::puschRxChEstDynDescr_t *)"
2964846436,6848,142861,137,2,1,24,2,1,44,0.001,0.001,,,,,NVIDIA A100-SXM4-40GB MIG 4g.20gb (0),1,,13,"void ch_est::chEstFilterNoDftSOfdmDispatchKernel<float, __half, float, (unsigned int)2>(ch_est::puschRxChEstStatDescr_t *, ch_est::puschRxChEstDynDescr_t *)"
2964860548,5280,142862,137,2,1,24,2,1,44,0.001,0.001,,,,,NVIDIA A100-SXM4-40GB MIG 4g.20gb (0),1,,13,"void ch_est::chEstFilterNoDftSOfdmDispatchKernel<float, __half, float, (unsigned int)2>(ch_est::puschRxChEstStatDescr_t *, ch_est::puschRxChEstDynDescr_t *)"
2964868420,3264,142873,103,1,1,128,1,1,16,0.000,0.000,,,,,NVIDIA A100-SXM4-40GB MIG 4g.20gb (0),1,,13,cupy_copy__complex64_complex64
2964875236,12800,142883,1434,1,1,128,1,1,16,0.000,0.000,,,,,NVIDIA A100-SXM4-40GB MIG 4g.20gb (0),1,,13,cupy_copy__complex64_complex64
2964892196,2912,142890,103,1,1,128,1,1,16,0.000,0.000,,,,,NVIDIA A100-SXM4-40GB MIG 4g.20gb (0),1,,13,cupy_copy__complex64_complex64
2964899843,81951,142897,1,1,1,32,32,1,30,0.000,0.000,,,,,NVIDIA A100-SXM4-40GB MIG 4g.20gb (0),1,,13,"void convert_kernel<__half2, float2>(tensor_layout_any, T1 *, tensor_layout_any, const T2 *)"
2965009346,5696,142900,,,,,,,,,,0.094,16449.363,Pinned,Device,NVIDIA A100-SXM4-40GB MIG 4g.20gb (0),1,,13,[CUDA memcpy Host-to-Device]
2965024290,47391,142901,,,,,,,,,,35.810,755625.122,Device,,NVIDIA A100-SXM4-40GB MIG 4g.20gb (0),1,,13,[CUDA memset]
2965075809,3744,142903,,,,,,,,,,0.000,21.368,Pinned,Device,NVIDIA A100-SXM4-40GB MIG 4g.20gb (0),1,,13,[CUDA memcpy Host-to-Device]
2965084449,11264,142904,,,,,,,,,,0.197,17454.465,Pinned,Device,NVIDIA A100-SXM4-40GB MIG 4g.20gb (0),1,,13,[CUDA memcpy Host-to-Device]
2965103873,11584,142905,273,1,1,48,1,1,40,0.000,0.001,,,,,NVIDIA A100-SXM4-40GB MIG 4g.20gb (0),1,,13,"void pusch_noise_intf_est::noiseIntfEstNoDftSOfdmKernel<float, __half, float, float, (unsigned int)2, (unsigned int)1, (unsigned char)4, (unsigned char)4>(pusch_noise_intf_est::puschRxNoiseIntfEstDynDescr)"
2965119073,3360,142916,35,1,1,128,1,1,16,0.000,0.000,,,,,NVIDIA A100-SXM4-40GB MIG 4g.20gb (0),1,,13,cupy_copy__complex64_complex64
2965137057,1952,142925,1,1,1,1,1,1,18,0.000,0.000,,,,,NVIDIA A100-SXM4-40GB MIG 4g.20gb (0),1,,13,cupy_copy__float32_float32
2965166240,1568,142931,,,,,,,,,,0.000,2.551,Device,Pageable,NVIDIA A100-SXM4-40GB MIG 4g.20gb (0),1,,7,[CUDA memcpy Device-to-Host]
2965227199,13120,142942,1434,1,1,128,1,1,16,0.000,0.000,,,,,NVIDIA A100-SXM4-40GB MIG 4g.20gb (0),1,,13,cupy_copy__complex64_complex64
2965253791,3136,142949,103,1,1,128,1,1,16,0.000,0.000,,,,,NVIDIA A100-SXM4-40GB MIG 4g.20gb (0),1,,13,cupy_copy__complex64_complex64
2965274367,2176,142956,35,1,1,128,1,1,16,0.000,0.000,,,,,NVIDIA A100-SXM4-40GB MIG 4g.20gb (0),1,,13,cupy_copy__complex64_complex64
2965291455,1792,142963,1,1,1,1,1,1,18,0.000,0.000,,,,,NVIDIA A100-SXM4-40GB MIG 4g.20gb (0),1,,13,cupy_copy__float32_float32
2965425181,82335,142974,1,1,1,32,32,1,30,0.000,0.000,,,,,NVIDIA A100-SXM4-40GB MIG 4g.20gb (0),1,,13,"void convert_kernel<__half2, float2>(tensor_layout_any, T1 *, tensor_layout_any, const T2 *)"
2965536348,5568,142977,,,,,,,,,,0.094,16827.521,Pinned,Device,NVIDIA A100-SXM4-40GB MIG 4g.20gb (0),1,,13,[CUDA memcpy Host-to-Device]
2965551035,3520,142978,,,,,,,,,,1.547,439380.412,Device,,NVIDIA A100-SXM4-40GB MIG 4g.20gb (0),1,,13,[CUDA memset]
2965556859,3232,142983,,,,,,,,,,0.031,9683.139,Pinned,Device,NVIDIA A100-SXM4-40GB MIG 4g.20gb (0),1,,13,[CUDA memcpy Host-to-Device]
2965562555,9472,142984,,,,,,,,,,0.197,20756.693,Pinned,Device,NVIDIA A100-SXM4-40GB MIG 4g.20gb (0),1,,13,[CUDA memcpy Host-to-Device]
2965576475,6496,142985,273,1,1,8,4,1,39,0.002,0.000,,,,,NVIDIA A100-SXM4-40GB MIG 4g.20gb (0),1,,13,"void channel_eq::eqMmseCoefCompLowMimoKernel<float, float, float, (unsigned int)4, (unsigned int)1, (unsigned int)4>(const channel_eq::_puschRxChEqStatDescr *, channel_eq::_puschRxChEqCoefCompDynDescr)"
2965584859,5632,142986,273,1,1,12,11,1,51,0.002,0.000,,,,,NVIDIA A100-SXM4-40GB MIG 4g.20gb (0),1,,13,"void channel_eq::eqMmseSoftDemapKernel<float, __half, __half, float, (unsigned int)4, (unsigned short)16383>(channel_eq::_puschRxChEqStatDescr *, channel_eq::_puschRxChEqSoftDemapDynDescr)"
2965592667,282364,142987,1,1,1,32,32,1,30,0.000,0.000,,,,,NVIDIA A100-SXM4-40GB MIG 4g.20gb (0),1,,13,"void convert_kernel<float2, __half2>(tensor_layout_any, T1 *, tensor_layout_any, const T2 *)"
2965877815,10816,142999,2253,1,1,128,1,1,16,0.000,0.000,,,,,NVIDIA A100-SXM4-40GB MIG 4g.20gb (0),1,,13,cupy_copy__float16_float16
2965893879,2816,143008,282,1,1,128,1,1,16,0.000,0.000,,,,,NVIDIA A100-SXM4-40GB MIG 4g.20gb (0),1,,13,cupy_copy__complex64_complex64
2965899607,2048,143017,26,1,1,128,1,1,16,0.000,0.000,,,,,NVIDIA A100-SXM4-40GB MIG 4g.20gb (0),1,,13,cupy_copy__float32_float32
2965902999,4576,143026,103,1,1,128,1,1,16,0.000,0.000,,,,,NVIDIA A100-SXM4-40GB MIG 4g.20gb (0),1,,13,cupy_copy__complex64_complex64
2965910519,12608,143036,1434,1,1,128,1,1,16,0.000,0.000,,,,,NVIDIA A100-SXM4-40GB MIG 4g.20gb (0),1,,13,cupy_copy__complex64_complex64
2965928727,87231,143041,1,1,1,32,32,1,30,0.000,0.000,,,,,NVIDIA A100-SXM4-40GB MIG 4g.20gb (0),1,,13,"void convert_kernel<__half2, float2>(tensor_layout_any, T1 *, tensor_layout_any, const T2 *)"
2966044053,5792,143044,,,,,,,,,,0.094,16176.708,Pinned,Device,NVIDIA A100-SXM4-40GB MIG 4g.20gb (0),1,,13,[CUDA memcpy Host-to-Device]
2966053909,597881,143045,,,,,,,,,,456.561,763370.728,Device,,NVIDIA A100-SXM4-40GB MIG 4g.20gb (0),1,,13,[CUDA memset]
2966654638,157054,143050,,,,,,,,,,1.235,7862.888,Pinned,Device,NVIDIA A100-SXM4-40GB MIG 4g.20gb (0),1,,13,[CUDA memcpy Host-to-Device]
2966820140,43455,143051,,,,,,,,,,0.197,4524.343,Pinned,Device,NVIDIA A100-SXM4-40GB MIG 4g.20gb (0),1,,13,[CUDA memcpy Host-to-Device]
2966892331,8480,143052,69,4,1,48,1,1,76,0.002,0.000,,,,,NVIDIA A100-SXM4-40GB MIG 4g.20gb (0),1,,13,"void ch_est::windowedChEstPreNoDftSOfdmKernel<float, __half, float, (unsigned int)2, (unsigned int)1, (unsigned short)4>(ch_est::puschRxChEstStatDescr_t *, ch_est::puschRxChEstDynDescr_t *)"
2966912203,6432,143053,137,2,1,24,2,1,44,0.001,0.001,,,,,NVIDIA A100-SXM4-40GB MIG 4g.20gb (0),1,,13,"void ch_est::chEstFilterNoDftSOfdmDispatchKernel<float, __half, float, (unsigned int)2>(ch_est::puschRxChEstStatDescr_t *, ch_est::puschRxChEstDynDescr_t *)"
2966928490,4768,143054,137,2,1,24,2,1,44,0.001,0.001,,,,,NVIDIA A100-SXM4-40GB MIG 4g.20gb (0),1,,13,"void ch_est::chEstFilterNoDftSOfdmDispatchKernel<float, __half, float, (unsigned int)2>(ch_est::puschRxChEstStatDescr_t *, ch_est::puschRxChEstDynDescr_t *)"
2966944266,2528,143065,103,1,1,128,1,1,16,0.000,0.000,,,,,NVIDIA A100-SXM4-40GB MIG 4g.20gb (0),1,,13,cupy_copy__complex64_complex64
2966958122,12416,143075,1434,1,1,128,1,1,16,0.000,0.000,,,,,NVIDIA A100-SXM4-40GB MIG 4g.20gb (0),1,,13,cupy_copy__complex64_complex64
2966988234,2752,143082,103,1,1,128,1,1,16,0.000,0.000,,,,,NVIDIA A100-SXM4-40GB MIG 4g.20gb (0),1,,13,cupy_copy__complex64_complex64
2967001385,82079,143089,1,1,1,32,32,1,30,0.000,0.000,,,,,NVIDIA A100-SXM4-40GB MIG 4g.20gb (0),1,,13,"void convert_kernel<__half2, float2>(tensor_layout_any, T1 *, tensor_layout_any, const T2 *)"
2967111880,10784,143092,,,,,,,,,,0.094,8688.336,Pinned,Device,NVIDIA A100-SXM4-40GB MIG 4g.20gb (0),1,,13,[CUDA memcpy Host-to-Device]
2967127688,47295,143093,,,,,,,,,,35.810,757129.139,Device,,NVIDIA A100-SXM4-40GB MIG 4g.20gb (0),1,,13,[CUDA memset]
2967180103,4576,143095,,,,,,,,,,0.000,17.482,Pinned,Device,NVIDIA A100-SXM4-40GB MIG 4g.20gb (0),1,,13,[CUDA memcpy Host-to-Device]
2967189511,16448,143096,,,,,,,,,,0.197,11953.177,Pinned,Device,NVIDIA A100-SXM4-40GB MIG 4g.20gb (0),1,,13,[CUDA memcpy Host-to-Device]
2967213351,10144,143097,273,1,1,48,1,1,40,0.000,0.001,,,,,NVIDIA A100-SXM4-40GB MIG 4g.20gb (0),1,,13,"void pusch_noise_intf_est::noiseIntfEstNoDftSOfdmKernel<float, __half, float, float, (unsigned int)2, (unsigned int)1, (unsigned char)4, (unsigned char)4>(pusch_noise_intf_est::puschRxNoiseIntfEstDynDescr)"
2967229543,2656,143108,35,1,1,128,1,1,16,0.000,0.000,,,,,NVIDIA A100-SXM4-40GB MIG 4g.20gb (0),1,,13,cupy_copy__complex64_complex64
2967236007,1760,143117,1,1,1,1,1,1,18,0.000,0.000,,,,,NVIDIA A100-SXM4-40GB MIG 4g.20gb (0),1,,13,cupy_copy__float32_float32
2967268518,1984,143123,,,,,,,,,,0.000,2.016,Device,Pageable,NVIDIA A100-SXM4-40GB MIG 4g.20gb (0),1,,7,[CUDA memcpy Device-to-Host]
2967328805,13024,143134,1434,1,1,128,1,1,16,0.000,0.000,,,,,NVIDIA A100-SXM4-40GB MIG 4g.20gb (0),1,,13,cupy_copy__complex64_complex64
2967355365,3072,143141,103,1,1,128,1,1,16,0.000,0.000,,,,,NVIDIA A100-SXM4-40GB MIG 4g.20gb (0),1,,13,cupy_copy__complex64_complex64
2967376229,2560,143148,35,1,1,128,1,1,16,0.000,0.000,,,,,NVIDIA A100-SXM4-40GB MIG 4g.20gb (0),1,,13,cupy_copy__complex64_complex64
2967396165,1824,143155,1,1,1,1,1,1,18,0.000,0.000,,,,,NVIDIA A100-SXM4-40GB MIG 4g.20gb (0),1,,13,cupy_copy__float32_float32
2967527299,86687,143166,1,1,1,32,32,1,30,0.000,0.000,,,,,NVIDIA A100-SXM4-40GB MIG 4g.20gb (0),1,,13,"void convert_kernel<__half2, float2>(tensor_layout_any, T1 *, tensor_layout_any, const T2 *)"
2967641346,5952,143169,,,,,,,,,,0.094,15741.865,Pinned,Device,NVIDIA A100-SXM4-40GB MIG 4g.20gb (0),1,,13,[CUDA memcpy Host-to-Device]
2967655585,3168,143170,,,,,,,,,,1.547,488201.145,Device,,NVIDIA A100-SXM4-40GB MIG 4g.20gb (0),1,,13,[CUDA memset]
2967662369,3200,143175,,,,,,,,,,0.031,9780.000,Pinned,Device,NVIDIA A100-SXM4-40GB MIG 4g.20gb (0),1,,13,[CUDA memcpy Host-to-Device]
2967668001,9792,143176,,,,,,,,,,0.197,20078.395,Pinned,Device,NVIDIA A100-SXM4-40GB MIG 4g.20gb (0),1,,13,[CUDA memcpy Host-to-Device]
2967682305,6080,143177,273,1,1,8,4,1,39,0.002,0.000,,,,,NVIDIA A100-SXM4-40GB MIG 4g.20gb (0),1,,13,"void channel_eq::eqMmseCoefCompLowMimoKernel<float, float, float, (unsigned int)4, (unsigned int)1, (unsigned int)4>(const channel_eq::_puschRxChEqStatDescr *, channel_eq::_puschRxChEqCoefCompDynDescr)"
2967691233,6848,143178,273,1,1,12,11,1,51,0.002,0.000,,,,,NVIDIA A100-SXM4-40GB MIG 4g.20gb (0),1,,13,"void channel_eq::eqMmseSoftDemapKernel<float, __half, __half, float, (unsigned int)4, (unsigned short)16383>(channel_eq::_puschRxChEqStatDescr *, channel_eq::_puschRxChEqSoftDemapDynDescr)"
2967699265,294236,143179,1,1,1,32,32,1,30,0.000,0.000,,,,,NVIDIA A100-SXM4-40GB MIG 4g.20gb (0),1,,13,"void convert_kernel<float2, __half2>(tensor_layout_any, T1 *, tensor_layout_any, const T2 *)"
2967995805,11168,143191,2253,1,1,128,1,1,16,0.000,0.000,,,,,NVIDIA A100-SXM4-40GB MIG 4g.20gb (0),1,,13,cupy_copy__float16_float16
2968012541,3104,143200,282,1,1,128,1,1,16,0.000,0.000,,,,,NVIDIA A100-SXM4-40GB MIG 4g.20gb (0),1,,13,cupy_copy__complex64_complex64
2968016765,2016,143209,26,1,1,128,1,1,16,0.000,0.000,,,,,NVIDIA A100-SXM4-40GB MIG 4g.20gb (0),1,,13,cupy_copy__float32_float32
2968021661,2880,143218,103,1,1,128,1,1,16,0.000,0.000,,,,,NVIDIA A100-SXM4-40GB MIG 4g.20gb (0),1,,13,cupy_copy__complex64_complex64
2968026013,12608,143228,1434,1,1,128,1,1,16,0.000,0.000,,,,,NVIDIA A100-SXM4-40GB MIG 4g.20gb (0),1,,13,cupy_copy__complex64_complex64
2968044381,82751,143233,1,1,1,32,32,1,30,0.000,0.000,,,,,NVIDIA A100-SXM4-40GB MIG 4g.20gb (0),1,,13,"void convert_kernel<__half2, float2>(tensor_layout_any, T1 *, tensor_layout_any, const T2 *)"
2968153883,5472,143236,,,,,,,,,,0.094,17122.757,Pinned,Device,NVIDIA A100-SXM4-40GB MIG 4g.20gb (0),1,,13,[CUDA memcpy Host-to-Device]
2968164091,595129,143237,,,,,,,,,,456.561,767023.219,Device,,NVIDIA A100-SXM4-40GB MIG 4g.20gb (0),1,,13,[CUDA memset]
2968765172,156670,143242,,,,,,,,,,1.235,7881.413,Pinned,Device,NVIDIA A100-SXM4-40GB MIG 4g.20gb (0),1,,13,[CUDA memcpy Host-to-Device]
2968930226,41215,143243,,,,,,,,,,0.197,4770.300,Pinned,Device,NVIDIA A100-SXM4-40GB MIG 4g.20gb (0),1,,13,[CUDA memcpy Host-to-Device]
2969001105,8032,143244,69,4,1,48,1,1,76,0.002,0.000,,,,,NVIDIA A100-SXM4-40GB MIG 4g.20gb (0),1,,13,"void ch_est::windowedChEstPreNoDftSOfdmKernel<float, __half, float, (unsigned int)2, (unsigned int)1, (unsigned short)4>(ch_est::puschRxChEstStatDescr_t *, ch_est::puschRxChEstDynDescr_t *)"
2969020081,6751,143245,137,2,1,24,2,1,44,0.001,0.001,,,,,NVIDIA A100-SXM4-40GB MIG 4g.20gb (0),1,,13,"void ch_est::chEstFilterNoDftSOfdmDispatchKernel<float, __half, float, (unsigned int)2>(ch_est::puschRxChEstStatDescr_t *, ch_est::puschRxChEstDynDescr_t *)"
2969037104,4800,143246,137,2,1,24,2,1,44,0.001,0.001,,,,,NVIDIA A100-SXM4-40GB MIG 4g.20gb (0),1,,13,"void ch_est::chEstFilterNoDftSOfdmDispatchKernel<float, __half, float, (unsigned int)2>(ch_est::puschRxChEstStatDescr_t *, ch_est::puschRxChEstDynDescr_t *)"
2969054288,2624,143257,103,1,1,128,1,1,16,0.000,0.000,,,,,NVIDIA A100-SXM4-40GB MIG 4g.20gb (0),1,,13,cupy_copy__complex64_complex64
2969070928,12288,143267,1434,1,1,128,1,1,16,0.000,0.000,,,,,NVIDIA A100-SXM4-40GB MIG 4g.20gb (0),1,,13,cupy_copy__complex64_complex64
2969092432,2880,143274,103,1,1,128,1,1,16,0.000,0.000,,,,,NVIDIA A100-SXM4-40GB MIG 4g.20gb (0),1,,13,cupy_copy__complex64_complex64
2969115759,85759,143281,1,1,1,32,32,1,30,0.000,0.000,,,,,NVIDIA A100-SXM4-40GB MIG 4g.20gb (0),1,,13,"void convert_kernel<__half2, float2>(tensor_layout_any, T1 *, tensor_layout_any, const T2 *)"
2969236782,16128,143284,,,,,,,,,,0.094,5809.433,Pinned,Device,NVIDIA A100-SXM4-40GB MIG 4g.20gb (0),1,,13,[CUDA memcpy Host-to-Device]
2969263598,47807,143285,,,,,,,,,,35.810,749036.097,Device,,NVIDIA A100-SXM4-40GB MIG 4g.20gb (0),1,,13,[CUDA memset]
2969314765,8192,143287,,,,,,,,,,0.000,9.766,Pinned,Device,NVIDIA A100-SXM4-40GB MIG 4g.20gb (0),1,,13,[CUDA memcpy Host-to-Device]
2969330701,14400,143288,,,,,,,,,,0.197,13653.246,Pinned,Device,NVIDIA A100-SXM4-40GB MIG 4g.20gb (0),1,,13,[CUDA memcpy Host-to-Device]
2969357036,12608,143289,273,1,1,48,1,1,40,0.000,0.001,,,,,NVIDIA A100-SXM4-40GB MIG 4g.20gb (0),1,,13,"void pusch_noise_intf_est::noiseIntfEstNoDftSOfdmKernel<float, __half, float, float, (unsigned int)2, (unsigned int)1, (unsigned char)4, (unsigned char)4>(pusch_noise_intf_est::puschRxNoiseIntfEstDynDescr)"
2969372396,2944,143300,35,1,1,128,1,1,16,0.000,0.000,,,,,NVIDIA A100-SXM4-40GB MIG 4g.20gb (0),1,,13,cupy_copy__complex64_complex64
2969380364,2336,143309,1,1,1,1,1,1,18,0.000,0.000,,,,,NVIDIA A100-SXM4-40GB MIG 4g.20gb (0),1,,13,cupy_copy__float32_float32
2969386412,6016,143315,,,,,,,,,,0.000,0.665,Device,Pageable,NVIDIA A100-SXM4-40GB MIG 4g.20gb (0),1,,7,[CUDA memcpy Device-to-Host]
2969465003,12896,143326,1434,1,1,128,1,1,16,0.000,0.000,,,,,NVIDIA A100-SXM4-40GB MIG 4g.20gb (0),1,,13,cupy_copy__complex64_complex64
2969492587,2944,143333,103,1,1,128,1,1,16,0.000,0.000,,,,,NVIDIA A100-SXM4-40GB MIG 4g.20gb (0),1,,13,cupy_copy__complex64_complex64
2969509738,2720,143340,35,1,1,128,1,1,16,0.000,0.000,,,,,NVIDIA A100-SXM4-40GB MIG 4g.20gb (0),1,,13,cupy_copy__complex64_complex64
2969522282,2080,143347,1,1,1,1,1,1,18,0.000,0.000,,,,,NVIDIA A100-SXM4-40GB MIG 4g.20gb (0),1,,13,cupy_copy__float32_float32
2969652521,82623,143358,1,1,1,32,32,1,30,0.000,0.000,,,,,NVIDIA A100-SXM4-40GB MIG 4g.20gb (0),1,,13,"void convert_kernel<__half2, float2>(tensor_layout_any, T1 *, tensor_layout_any, const T2 *)"
2969762951,5792,143361,,,,,,,,,,0.094,16176.708,Pinned,Device,NVIDIA A100-SXM4-40GB MIG 4g.20gb (0),1,,13,[CUDA memcpy Host-to-Device]
2969778471,3328,143362,,,,,,,,,,1.547,464729.580,Device,,NVIDIA A100-SXM4-40GB MIG 4g.20gb (0),1,,13,[CUDA memset]
2969783495,3456,143367,,,,,,,,,,0.031,9055.529,Pinned,Device,NVIDIA A100-SXM4-40GB MIG 4g.20gb (0),1,,13,[CUDA memcpy Host-to-Device]
2969789383,9440,143368,,,,,,,,,,0.197,20827.079,Pinned,Device,NVIDIA A100-SXM4-40GB MIG 4g.20gb (0),1,,13,[CUDA memcpy Host-to-Device]
2969803111,8480,143369,273,1,1,8,4,1,39,0.002,0.000,,,,,NVIDIA A100-SXM4-40GB MIG 4g.20gb (0),1,,13,"void channel_eq::eqMmseCoefCompLowMimoKernel<float, float, float, (unsigned int)4, (unsigned int)1, (unsigned int)4>(const channel_eq::_puschRxChEqStatDescr *, channel_eq::_puschRxChEqCoefCompDynDescr)"
2969814247,6496,143370,273,1,1,12,11,1,51,0.002,0.000,,,,,NVIDIA A100-SXM4-40GB MIG 4g.20gb (0),1,,13,"void channel_eq::eqMmseSoftDemapKernel<float, __half, __half, float, (unsigned int)4, (unsigned short)16383>(channel_eq::_puschRxChEqStatDescr *, channel_eq::_puschRxChEqSoftDemapDynDescr)"
2969821927,281276,143371,1,1,1,32,32,1,30,0.000,0.000,,,,,NVIDIA A100-SXM4-40GB MIG 4g.20gb (0),1,,13,"void convert_kernel<float2, __half2>(tensor_layout_any, T1 *, tensor_layout_any, const T2 *)"
2970104355,10944,143383,2253,1,1,128,1,1,16,0.000,0.000,,,,,NVIDIA A100-SXM4-40GB MIG 4g.20gb (0),1,,13,cupy_copy__float16_float16
2970120323,3072,143392,282,1,1,128,1,1,16,0.000,0.000,,,,,NVIDIA A100-SXM4-40GB MIG 4g.20gb (0),1,,13,cupy_copy__complex64_complex64
2970125827,2112,143401,26,1,1,128,1,1,16,0.000,0.000,,,,,NVIDIA A100-SXM4-40GB MIG 4g.20gb (0),1,,13,cupy_copy__float32_float32
2970129731,6720,143410,103,1,1,128,1,1,16,0.000,0.000,,,,,NVIDIA A100-SXM4-40GB MIG 4g.20gb (0),1,,13,cupy_copy__complex64_complex64
2970137411,12000,143420,1434,1,1,128,1,1,16,0.000,0.000,,,,,NVIDIA A100-SXM4-40GB MIG 4g.20gb (0),1,,13,cupy_copy__complex64_complex64
2970155267,87262,143425,1,1,1,32,32,1,30,0.000,0.000,,,,,NVIDIA A100-SXM4-40GB MIG 4g.20gb (0),1,,13,"void convert_kernel<__half2, float2>(tensor_layout_any, T1 *, tensor_layout_any, const T2 *)"
2970268609,5472,143428,,,,,,,,,,0.094,17122.757,Pinned,Device,NVIDIA A100-SXM4-40GB MIG 4g.20gb (0),1,,13,[CUDA memcpy Host-to-Device]
2970278273,600057,143429,,,,,,,,,,456.561,760631.359,Device,,NVIDIA A100-SXM4-40GB MIG 4g.20gb (0),1,,13,[CUDA memset]
2970883066,134558,143434,,,,,,,,,,1.235,9176.869,Pinned,Device,NVIDIA A100-SXM4-40GB MIG 4g.20gb (0),1,,13,[CUDA memcpy Host-to-Device]
2971026552,33119,143435,,,,,,,,,,0.197,5936.382,Pinned,Device,NVIDIA A100-SXM4-40GB MIG 4g.20gb (0),1,,13,[CUDA memcpy Host-to-Device]
2971082295,8032,143436,69,4,1,48,1,1,76,0.002,0.000,,,,,NVIDIA A100-SXM4-40GB MIG 4g.20gb (0),1,,13,"void ch_est::windowedChEstPreNoDftSOfdmKernel<float, __half, float, (unsigned int)2, (unsigned int)1, (unsigned short)4>(ch_est::puschRxChEstStatDescr_t *, ch_est::puschRxChEstDynDescr_t *)"
2971098295,6496,143437,137,2,1,24,2,1,44,0.001,0.001,,,,,NVIDIA A100-SXM4-40GB MIG 4g.20gb (0),1,,13,"void ch_est::chEstFilterNoDftSOfdmDispatchKernel<float, __half, float, (unsigned int)2>(ch_est::puschRxChEstStatDescr_t *, ch_est::puschRxChEstDynDescr_t *)"
2971113815,4736,143438,137,2,1,24,2,1,44,0.001,0.001,,,,,NVIDIA A100-SXM4-40GB MIG 4g.20gb (0),1,,13,"void ch_est::chEstFilterNoDftSOfdmDispatchKernel<float, __half, float, (unsigned int)2>(ch_est::puschRxChEstStatDescr_t *, ch_est::puschRxChEstDynDescr_t *)"
2971127638,2592,143449,103,1,1,128,1,1,16,0.000,0.000,,,,,NVIDIA A100-SXM4-40GB MIG 4g.20gb (0),1,,13,cupy_copy__complex64_complex64
2971141750,12480,143459,1434,1,1,128,1,1,16,0.000,0.000,,,,,NVIDIA A100-SXM4-40GB MIG 4g.20gb (0),1,,13,cupy_copy__complex64_complex64
2971176118,2464,143466,103,1,1,128,1,1,16,0.000,0.000,,,,,NVIDIA A100-SXM4-40GB MIG 4g.20gb (0),1,,13,cupy_copy__complex64_complex64
2971193526,90687,143473,1,1,1,32,32,1,30,0.000,0.000,,,,,NVIDIA A100-SXM4-40GB MIG 4g.20gb (0),1,,13,"void convert_kernel<__half2, float2>(tensor_layout_any, T1 *, tensor_layout_any, const T2 *)"
2971320756,27296,143476,,,,,,,,,,0.094,3432.553,Pinned,Device,NVIDIA A100-SXM4-40GB MIG 4g.20gb (0),1,,13,[CUDA memcpy Host-to-Device]
2971364660,46815,143477,,,,,,,,,,35.810,764899.891,Device,,NVIDIA A100-SXM4-40GB MIG 4g.20gb (0),1,,13,[CUDA memset]
2971417235,15616,143479,,,,,,,,,,0.000,5.123,Pinned,Device,NVIDIA A100-SXM4-40GB MIG 4g.20gb (0),1,,13,[CUDA memcpy Host-to-Device]
2971445651,29087,143480,,,,,,,,,,0.197,6759.186,Pinned,Device,NVIDIA A100-SXM4-40GB MIG 4g.20gb (0),1,,13,[CUDA memcpy Host-to-Device]
2971491730,9888,143481,273,1,1,48,1,1,40,0.000,0.001,,,,,NVIDIA A100-SXM4-40GB MIG 4g.20gb (0),1,,13,"void pusch_noise_intf_est::noiseIntfEstNoDftSOfdmKernel<float, __half, float, float, (unsigned int)2, (unsigned int)1, (unsigned char)4, (unsigned char)4>(pusch_noise_intf_est::puschRxNoiseIntfEstDynDescr)"
2971508210,2752,143492,35,1,1,128,1,1,16,0.000,0.000,,,,,NVIDIA A100-SXM4-40GB MIG 4g.20gb (0),1,,13,cupy_copy__complex64_complex64
2971525042,1696,143501,1,1,1,1,1,1,18,0.000,0.000,,,,,NVIDIA A100-SXM4-40GB MIG 4g.20gb (0),1,,13,cupy_copy__float32_float32
2971534097,7104,143507,,,,,,,,,,0.000,0.563,Device,Pageable,NVIDIA A100-SXM4-40GB MIG 4g.20gb (0),1,,7,[CUDA memcpy Device-to-Host]
2971632112,12800,143518,1434,1,1,128,1,1,16,0.000,0.000,,,,,NVIDIA A100-SXM4-40GB MIG 4g.20gb (0),1,,13,cupy_copy__complex64_complex64
2971655568,3488,143525,103,1,1,128,1,1,16,0.000,0.000,,,,,NVIDIA A100-SXM4-40GB MIG 4g.20gb (0),1,,13,cupy_copy__complex64_complex64
2971675120,2752,143532,35,1,1,128,1,1,16,0.000,0.000,,,,,NVIDIA A100-SXM4-40GB MIG 4g.20gb (0),1,,13,cupy_copy__complex64_complex64
2971692591,1920,143539,1,1,1,1,1,1,18,0.000,0.000,,,,,NVIDIA A100-SXM4-40GB MIG 4g.20gb (0),1,,13,cupy_copy__float32_float32
2971811214,90175,143550,1,1,1,32,32,1,30,0.000,0.000,,,,,NVIDIA A100-SXM4-40GB MIG 4g.20gb (0),1,,13,"void convert_kernel<__half2, float2>(tensor_layout_any, T1 *, tensor_layout_any, const T2 *)"
2971934189,9663,143553,,,,,,,,,,0.094,9696.318,Pinned,Device,NVIDIA A100-SXM4-40GB MIG 4g.20gb (0),1,,13,[CUDA memcpy Host-to-Device]
2971954028,3488,143554,,,,,,,,,,1.547,443412.461,Device,,NVIDIA A100-SXM4-40GB MIG 4g.20gb (0),1,,13,[CUDA memset]
2971961100,7616,143559,,,,,,,,,,0.031,4109.227,Pinned,Device,NVIDIA A100-SXM4-40GB MIG 4g.20gb (0),1,,13,[CUDA memcpy Host-to-Device]
2971971340,12576,143560,,,,,,,,,,0.197,15633.482,Pinned,Device,NVIDIA A100-SXM4-40GB MIG 4g.20gb (0),1,,13,[CUDA memcpy Host-to-Device]
2971992588,6624,143561,273,1,1,8,4,1,39,0.002,0.000,,,,,NVIDIA A100-SXM4-40GB MIG 4g.20gb (0),1,,13,"void channel_eq::eqMmseCoefCompLowMimoKernel<float, float, float, (unsigned int)4, (unsigned int)1, (unsigned int)4>(const channel_eq::_puschRxChEqStatDescr *, channel_eq::_puschRxChEqCoefCompDynDescr)"
2972000524,7936,143562,273,1,1,12,11,1,51,0.002,0.000,,,,,NVIDIA A100-SXM4-40GB MIG 4g.20gb (0),1,,13,"void channel_eq::eqMmseSoftDemapKernel<float, __half, __half, float, (unsigned int)4, (unsigned short)16383>(channel_eq::_puschRxChEqStatDescr *, channel_eq::_puschRxChEqSoftDemapDynDescr)"
2972016715,281981,143563,1,1,1,32,32,1,30,0.000,0.000,,,,,NVIDIA A100-SXM4-40GB MIG 4g.20gb (0),1,,13,"void convert_kernel<float2, __half2>(tensor_layout_any, T1 *, tensor_layout_any, const T2 *)"
2972300296,10976,143575,2253,1,1,128,1,1,16,0.000,0.000,,,,,NVIDIA A100-SXM4-40GB MIG 4g.20gb (0),1,,13,cupy_copy__float16_float16
2972315944,2784,143584,282,1,1,128,1,1,16,0.000,0.000,,,,,NVIDIA A100-SXM4-40GB MIG 4g.20gb (0),1,,13,cupy_copy__complex64_complex64
2972322984,2336,143593,26,1,1,128,1,1,16,0.000,0.000,,,,,NVIDIA A100-SXM4-40GB MIG 4g.20gb (0),1,,13,cupy_copy__float32_float32
2972327400,2912,143602,103,1,1,128,1,1,16,0.000,0.000,,,,,NVIDIA A100-SXM4-40GB MIG 4g.20gb (0),1,,13,cupy_copy__complex64_complex64
2972331848,12639,143612,1434,1,1,128,1,1,16,0.000,0.000,,,,,NVIDIA A100-SXM4-40GB MIG 4g.20gb (0),1,,13,cupy_copy__complex64_complex64
2972349383,79807,143617,1,1,1,32,32,1,30,0.000,0.000,,,,,NVIDIA A100-SXM4-40GB MIG 4g.20gb (0),1,,13,"void convert_kernel<__half2, float2>(tensor_layout_any, T1 *, tensor_layout_any, const T2 *)"
2972456870,5632,143620,,,,,,,,,,0.094,16636.287,Pinned,Device,NVIDIA A100-SXM4-40GB MIG 4g.20gb (0),1,,13,[CUDA memcpy Host-to-Device]
2972467174,598713,143621,,,,,,,,,,456.561,762457.605,Device,,NVIDIA A100-SXM4-40GB MIG 4g.20gb (0),1,,13,[CUDA memset]
2973068094,83071,143626,,,,,,,,,,1.235,14865.021,Pinned,Device,NVIDIA A100-SXM4-40GB MIG 4g.20gb (0),1,,13,[CUDA memcpy Host-to-Device]
2973156061,18688,143627,,,,,,,,,,0.197,10520.494,Pinned,Device,NVIDIA A100-SXM4-40GB MIG 4g.20gb (0),1,,13,[CUDA memcpy Host-to-Device]
2973185693,8416,143628,69,4,1,48,1,1,76,0.002,0.000,,,,,NVIDIA A100-SXM4-40GB MIG 4g.20gb (0),1,,13,"void ch_est::windowedChEstPreNoDftSOfdmKernel<float, __half, float, (unsigned int)2, (unsigned int)1, (unsigned short)4>(ch_est::puschRxChEstStatDescr_t *, ch_est::puschRxChEstDynDescr_t *)"
2973201117,7008,143629,137,2,1,24,2,1,44,0.001,0.001,,,,,NVIDIA A100-SXM4-40GB MIG 4g.20gb (0),1,,13,"void ch_est::chEstFilterNoDftSOfdmDispatchKernel<float, __half, float, (unsigned int)2>(ch_est::puschRxChEstStatDescr_t *, ch_est::puschRxChEstDynDescr_t *)"
2973215997,5120,143630,137,2,1,24,2,1,44,0.001,0.001,,,,,NVIDIA A100-SXM4-40GB MIG 4g.20gb (0),1,,13,"void ch_est::chEstFilterNoDftSOfdmDispatchKernel<float, __half, float, (unsigned int)2>(ch_est::puschRxChEstStatDescr_t *, ch_est::puschRxChEstDynDescr_t *)"
2973224413,3200,143641,103,1,1,128,1,1,16,0.000,0.000,,,,,NVIDIA A100-SXM4-40GB MIG 4g.20gb (0),1,,13,cupy_copy__complex64_complex64
2973232060,12576,143651,1434,1,1,128,1,1,16,0.000,0.000,,,,,NVIDIA A100-SXM4-40GB MIG 4g.20gb (0),1,,13,cupy_copy__complex64_complex64
2973249148,2592,143658,103,1,1,128,1,1,16,0.000,0.000,,,,,NVIDIA A100-SXM4-40GB MIG 4g.20gb (0),1,,13,cupy_copy__complex64_complex64
2973258524,86559,143665,1,1,1,32,32,1,30,0.000,0.000,,,,,NVIDIA A100-SXM4-40GB MIG 4g.20gb (0),1,,13,"void convert_kernel<__half2, float2>(tensor_layout_any, T1 *, tensor_layout_any, const T2 *)"
2973373467,10368,143668,,,,,,,,,,0.094,9036.979,Pinned,Device,NVIDIA A100-SXM4-40GB MIG 4g.20gb (0),1,,13,[CUDA memcpy Host-to-Device]
2973392730,46656,143669,,,,,,,,,,35.810,767514.015,Device,,NVIDIA A100-SXM4-40GB MIG 4g.20gb (0),1,,13,[CUDA memset]
2973444954,3968,143671,,,,,,,,,,0.000,20.161,Pinned,Device,NVIDIA A100-SXM4-40GB MIG 4g.20gb (0),1,,13,[CUDA memcpy Host-to-Device]
2973454266,13024,143672,,,,,,,,,,0.197,15095.759,Pinned,Device,NVIDIA A100-SXM4-40GB MIG 4g.20gb (0),1,,13,[CUDA memcpy Host-to-Device]
2973475609,9280,143673,273,1,1,48,1,1,40,0.000,0.001,,,,,NVIDIA A100-SXM4-40GB MIG 4g.20gb (0),1,,13,"void pusch_noise_intf_est::noiseIntfEstNoDftSOfdmKernel<float, __half, float, float, (unsigned int)2, (unsigned int)1, (unsigned char)4, (unsigned char)4>(pusch_noise_intf_est::puschRxNoiseIntfEstDynDescr)"
2973488409,2688,143684,35,1,1,128,1,1,16,0.000,0.000,,,,,NVIDIA A100-SXM4-40GB MIG 4g.20gb (0),1,,13,cupy_copy__complex64_complex64
2973493657,1760,143693,1,1,1,1,1,1,18,0.000,0.000,,,,,NVIDIA A100-SXM4-40GB MIG 4g.20gb (0),1,,13,cupy_copy__float32_float32
2973524025,2080,143699,,,,,,,,,,0.000,1.923,Device,Pageable,NVIDIA A100-SXM4-40GB MIG 4g.20gb (0),1,,7,[CUDA memcpy Device-to-Host]
2973584472,12768,143710,1434,1,1,128,1,1,16,0.000,0.000,,,,,NVIDIA A100-SXM4-40GB MIG 4g.20gb (0),1,,13,cupy_copy__complex64_complex64
2973610104,2752,143717,103,1,1,128,1,1,16,0.000,0.000,,,,,NVIDIA A100-SXM4-40GB MIG 4g.20gb (0),1,,13,cupy_copy__complex64_complex64
2973631000,2751,143724,35,1,1,128,1,1,16,0.000,0.000,,,,,NVIDIA A100-SXM4-40GB MIG 4g.20gb (0),1,,13,cupy_copy__complex64_complex64
2973650647,1760,143731,1,1,1,1,1,1,18,0.000,0.000,,,,,NVIDIA A100-SXM4-40GB MIG 4g.20gb (0),1,,13,cupy_copy__float32_float32
2973780694,82239,143742,1,1,1,32,32,1,30,0.000,0.000,,,,,NVIDIA A100-SXM4-40GB MIG 4g.20gb (0),1,,13,"void convert_kernel<__half2, float2>(tensor_layout_any, T1 *, tensor_layout_any, const T2 *)"
2973891188,5760,143745,,,,,,,,,,0.094,16266.656,Pinned,Device,NVIDIA A100-SXM4-40GB MIG 4g.20gb (0),1,,13,[CUDA memcpy Host-to-Device]
2973905332,3392,143746,,,,,,,,,,1.547,455961.768,Device,,NVIDIA A100-SXM4-40GB MIG 4g.20gb (0),1,,13,[CUDA memset]
2973912948,3584,143751,,,,,,,,,,0.031,8732.116,Pinned,Device,NVIDIA A100-SXM4-40GB MIG 4g.20gb (0),1,,13,[CUDA memcpy Host-to-Device]
2973919028,9376,143752,,,,,,,,,,0.197,20969.226,Pinned,Device,NVIDIA A100-SXM4-40GB MIG 4g.20gb (0),1,,13,[CUDA memcpy Host-to-Device]
2973932756,6624,143753,273,1,1,8,4,1,39,0.002,0.000,,,,,NVIDIA A100-SXM4-40GB MIG 4g.20gb (0),1,,13,"void channel_eq::eqMmseCoefCompLowMimoKernel<float, float, float, (unsigned int)4, (unsigned int)1, (unsigned int)4>(const channel_eq::_puschRxChEqStatDescr *, channel_eq::_puschRxChEqCoefCompDynDescr)"
2973940372,6176,143754,273,1,1,12,11,1,51,0.002,0.000,,,,,NVIDIA A100-SXM4-40GB MIG 4g.20gb (0),1,,13,"void channel_eq::eqMmseSoftDemapKernel<float, __half, __half, float, (unsigned int)4, (unsigned short)16383>(channel_eq::_puschRxChEqStatDescr *, channel_eq::_puschRxChEqSoftDemapDynDescr)"
2973947604,294812,143755,1,1,1,32,32,1,30,0.000,0.000,,,,,NVIDIA A100-SXM4-40GB MIG 4g.20gb (0),1,,13,"void convert_kernel<float2, __half2>(tensor_layout_any, T1 *, tensor_layout_any, const T2 *)"
2974243536,11040,143767,2253,1,1,128,1,1,16,0.000,0.000,,,,,NVIDIA A100-SXM4-40GB MIG 4g.20gb (0),1,,13,cupy_copy__float16_float16
2974259024,3392,143776,282,1,1,128,1,1,16,0.000,0.000,,,,,NVIDIA A100-SXM4-40GB MIG 4g.20gb (0),1,,13,cupy_copy__complex64_complex64
2974265104,2304,143785,26,1,1,128,1,1,16,0.000,0.000,,,,,NVIDIA A100-SXM4-40GB MIG 4g.20gb (0),1,,13,cupy_copy__float32_float32
2974268464,2912,143794,103,1,1,128,1,1,16,0.000,0.000,,,,,NVIDIA A100-SXM4-40GB MIG 4g.20gb (0),1,,13,cupy_copy__complex64_complex64
2974273136,12255,143804,1434,1,1,128,1,1,16,0.000,0.000,,,,,NVIDIA A100-SXM4-40GB MIG 4g.20gb (0),1,,13,cupy_copy__complex64_complex64
2974289167,86463,143809,1,1,1,32,32,1,30,0.000,0.000,,,,,NVIDIA A100-SXM4-40GB MIG 4g.20gb (0),1,,13,"void convert_kernel<__half2, float2>(tensor_layout_any, T1 *, tensor_layout_any, const T2 *)"
2974402382,5760,143812,,,,,,,,,,0.094,16266.656,Pinned,Device,NVIDIA A100-SXM4-40GB MIG 4g.20gb (0),1,,13,[CUDA memcpy Host-to-Device]
2974412110,598104,143813,,,,,,,,,,456.561,762914.166,Device,,NVIDIA A100-SXM4-40GB MIG 4g.20gb (0),1,,13,[CUDA memset]
2975017062,131359,143818,,,,,,,,,,1.235,9400.394,Pinned,Device,NVIDIA A100-SXM4-40GB MIG 4g.20gb (0),1,,13,[CUDA memcpy Host-to-Device]
2975163973,40287,143819,,,,,,,,,,0.197,4880.007,Pinned,Device,NVIDIA A100-SXM4-40GB MIG 4g.20gb (0),1,,13,[CUDA memcpy Host-to-Device]
2975223044,8224,143820,69,4,1,48,1,1,76,0.002,0.000,,,,,NVIDIA A100-SXM4-40GB MIG 4g.20gb (0),1,,13,"void ch_est::windowedChEstPreNoDftSOfdmKernel<float, __half, float, (unsigned int)2, (unsigned int)1, (unsigned short)4>(ch_est::puschRxChEstStatDescr_t *, ch_est::puschRxChEstDynDescr_t *)"
2975242564,6528,143821,137,2,1,24,2,1,44,0.001,0.001,,,,,NVIDIA A100-SXM4-40GB MIG 4g.20gb (0),1,,13,"void ch_est::chEstFilterNoDftSOfdmDispatchKernel<float, __half, float, (unsigned int)2>(ch_est::puschRxChEstStatDescr_t *, ch_est::puschRxChEstDynDescr_t *)"
2975259491,4736,143822,137,2,1,24,2,1,44,0.001,0.001,,,,,NVIDIA A100-SXM4-40GB MIG 4g.20gb (0),1,,13,"void ch_est::chEstFilterNoDftSOfdmDispatchKernel<float, __half, float, (unsigned int)2>(ch_est::puschRxChEstStatDescr_t *, ch_est::puschRxChEstDynDescr_t *)"
2975275747,2528,143833,103,1,1,128,1,1,16,0.000,0.000,,,,,NVIDIA A100-SXM4-40GB MIG 4g.20gb (0),1,,13,cupy_copy__complex64_complex64
2975290755,12288,143843,1434,1,1,128,1,1,16,0.000,0.000,,,,,NVIDIA A100-SXM4-40GB MIG 4g.20gb (0),1,,13,cupy_copy__complex64_complex64
2975324643,2528,143850,103,1,1,128,1,1,16,0.000,0.000,,,,,NVIDIA A100-SXM4-40GB MIG 4g.20gb (0),1,,13,cupy_copy__complex64_complex64
2975339458,86719,143857,1,1,1,32,32,1,30,0.000,0.000,,,,,NVIDIA A100-SXM4-40GB MIG 4g.20gb (0),1,,13,"void convert_kernel<__half2, float2>(tensor_layout_any, T1 *, tensor_layout_any, const T2 *)"
2975459361,13376,143860,,,,,,,,,,0.094,7004.713,Pinned,Device,NVIDIA A100-SXM4-40GB MIG 4g.20gb (0),1,,13,[CUDA memcpy Host-to-Device]
2975484801,46303,143861,,,,,,,,,,35.810,773351.032,Device,,NVIDIA A100-SXM4-40GB MIG 4g.20gb (0),1,,13,[CUDA memset]
2975537888,4864,143863,,,,,,,,,,0.000,16.447,Pinned,Device,NVIDIA A100-SXM4-40GB MIG 4g.20gb (0),1,,13,[CUDA memcpy Host-to-Device]
2975550656,15392,143864,,,,,,,,,,0.197,12773.229,Pinned,Device,NVIDIA A100-SXM4-40GB MIG 4g.20gb (0),1,,13,[CUDA memcpy Host-to-Device]
2975583679,9536,143865,273,1,1,48,1,1,40,0.000,0.001,,,,,NVIDIA A100-SXM4-40GB MIG 4g.20gb (0),1,,13,"void pusch_noise_intf_est::noiseIntfEstNoDftSOfdmKernel<float, __half, float, float, (unsigned int)2, (unsigned int)1, (unsigned char)4, (unsigned char)4>(pusch_noise_intf_est::puschRxNoiseIntfEstDynDescr)"
2975600863,2720,143876,35,1,1,128,1,1,16,0.000,0.000,,,,,NVIDIA A100-SXM4-40GB MIG 4g.20gb (0),1,,13,cupy_copy__complex64_complex64
2975610847,1728,143885,1,1,1,1,1,1,18,0.000,0.000,,,,,NVIDIA A100-SXM4-40GB MIG 4g.20gb (0),1,,13,cupy_copy__float32_float32
2975619103,7680,143891,,,,,,,,,,0.000,0.521,Device,Pageable,NVIDIA A100-SXM4-40GB MIG 4g.20gb (0),1,,7,[CUDA memcpy Device-to-Host]
2975698590,13216,143902,1434,1,1,128,1,1,16,0.000,0.000,,,,,NVIDIA A100-SXM4-40GB MIG 4g.20gb (0),1,,13,cupy_copy__complex64_complex64
2975721566,2880,143909,103,1,1,128,1,1,16,0.000,0.000,,,,,NVIDIA A100-SXM4-40GB MIG 4g.20gb (0),1,,13,cupy_copy__complex64_complex64
2975744445,2624,143916,35,1,1,128,1,1,16,0.000,0.000,,,,,NVIDIA A100-SXM4-40GB MIG 4g.20gb (0),1,,13,cupy_copy__complex64_complex64
2975765757,1856,143923,1,1,1,1,1,1,18,0.000,0.000,,,,,NVIDIA A100-SXM4-40GB MIG 4g.20gb (0),1,,13,cupy_copy__float32_float32
2975891484,82271,143934,1,1,1,32,32,1,30,0.000,0.000,,,,,NVIDIA A100-SXM4-40GB MIG 4g.20gb (0),1,,13,"void convert_kernel<__half2, float2>(tensor_layout_any, T1 *, tensor_layout_any, const T2 *)"
2976002010,5792,143937,,,,,,,,,,0.094,16176.708,Pinned,Device,NVIDIA A100-SXM4-40GB MIG 4g.20gb (0),1,,13,[CUDA memcpy Host-to-Device]
2976016634,3104,143938,,,,,,,,,,1.547,498266.574,Device,,NVIDIA A100-SXM4-40GB MIG 4g.20gb (0),1,,13,[CUDA memset]
2976023642,3872,143943,,,,,,,,,,0.031,8082.630,Pinned,Device,NVIDIA A100-SXM4-40GB MIG 4g.20gb (0),1,,13,[CUDA memcpy Host-to-Device]
2976029914,10048,143944,,,,,,,,,,0.197,19566.821,Pinned,Device,NVIDIA A100-SXM4-40GB MIG 4g.20gb (0),1,,13,[CUDA memcpy Host-to-Device]
2976043706,6304,143945,273,1,1,8,4,1,39,0.002,0.000,,,,,NVIDIA A100-SXM4-40GB MIG 4g.20gb (0),1,,13,"void channel_eq::eqMmseCoefCompLowMimoKernel<float, float, float, (unsigned int)4, (unsigned int)1, (unsigned int)4>(const channel_eq::_puschRxChEqStatDescr *, channel_eq::_puschRxChEqCoefCompDynDescr)"
2976051610,6240,143946,273,1,1,12,11,1,51,0.002,0.000,,,,,NVIDIA A100-SXM4-40GB MIG 4g.20gb (0),1,,13,"void channel_eq::eqMmseSoftDemapKernel<float, __half, __half, float, (unsigned int)4, (unsigned short)16383>(channel_eq::_puschRxChEqStatDescr *, channel_eq::_puschRxChEqSoftDemapDynDescr)"
2976058874,282108,143947,1,1,1,32,32,1,30,0.000,0.000,,,,,NVIDIA A100-SXM4-40GB MIG 4g.20gb (0),1,,13,"void convert_kernel<float2, __half2>(tensor_layout_any, T1 *, tensor_layout_any, const T2 *)"
2976342326,10976,143959,2253,1,1,128,1,1,16,0.000,0.000,,,,,NVIDIA A100-SXM4-40GB MIG 4g.20gb (0),1,,13,cupy_copy__float16_float16
2976355446,3328,143968,282,1,1,128,1,1,16,0.000,0.000,,,,,NVIDIA A100-SXM4-40GB MIG 4g.20gb (0),1,,13,cupy_copy__complex64_complex64
2976362198,2240,143977,26,1,1,128,1,1,16,0.000,0.000,,,,,NVIDIA A100-SXM4-40GB MIG 4g.20gb (0),1,,13,cupy_copy__float32_float32
2976367446,4704,143986,103,1,1,128,1,1,16,0.000,0.000,,,,,NVIDIA A100-SXM4-40GB MIG 4g.20gb (0),1,,13,cupy_copy__complex64_complex64
2976374838,12543,143996,1434,1,1,128,1,1,16,0.000,0.000,,,,,NVIDIA A100-SXM4-40GB MIG 4g.20gb (0),1,,13,cupy_copy__complex64_complex64
2976392949,86783,144001,1,1,1,32,32,1,30,0.000,0.000,,,,,NVIDIA A100-SXM4-40GB MIG 4g.20gb (0),1,,13,"void convert_kernel<__half2, float2>(tensor_layout_any, T1 *, tensor_layout_any, const T2 *)"
2976506740,5568,144004,,,,,,,,,,0.094,16827.521,Pinned,Device,NVIDIA A100-SXM4-40GB MIG 4g.20gb (0),1,,13,[CUDA memcpy Host-to-Device]
2976519060,597368,144005,,,,,,,,,,456.561,764283.851,Device,,NVIDIA A100-SXM4-40GB MIG 4g.20gb (0),1,,13,[CUDA memset]
2977119404,131199,144010,,,,,,,,,,1.235,9412.743,Pinned,Device,NVIDIA A100-SXM4-40GB MIG 4g.20gb (0),1,,13,[CUDA memcpy Host-to-Device]
2977262059,34079,144011,,,,,,,,,,0.197,5769.069,Pinned,Device,NVIDIA A100-SXM4-40GB MIG 4g.20gb (0),1,,13,[CUDA memcpy Host-to-Device]
2977311562,8640,144012,69,4,1,48,1,1,76,0.002,0.000,,,,,NVIDIA A100-SXM4-40GB MIG 4g.20gb (0),1,,13,"void ch_est::windowedChEstPreNoDftSOfdmKernel<float, __half, float, (unsigned int)2, (unsigned int)1, (unsigned short)4>(ch_est::puschRxChEstStatDescr_t *, ch_est::puschRxChEstDynDescr_t *)"
2977327306,7040,144013,137,2,1,24,2,1,44,0.001,0.001,,,,,NVIDIA A100-SXM4-40GB MIG 4g.20gb (0),1,,13,"void ch_est::chEstFilterNoDftSOfdmDispatchKernel<float, __half, float, (unsigned int)2>(ch_est::puschRxChEstStatDescr_t *, ch_est::puschRxChEstDynDescr_t *)"
2977341482,4800,144014,137,2,1,24,2,1,44,0.001,0.001,,,,,NVIDIA A100-SXM4-40GB MIG 4g.20gb (0),1,,13,"void ch_est::chEstFilterNoDftSOfdmDispatchKernel<float, __half, float, (unsigned int)2>(ch_est::puschRxChEstStatDescr_t *, ch_est::puschRxChEstDynDescr_t *)"
2977356329,2560,144025,103,1,1,128,1,1,16,0.000,0.000,,,,,NVIDIA A100-SXM4-40GB MIG 4g.20gb (0),1,,13,cupy_copy__complex64_complex64
2977372777,12704,144035,1434,1,1,128,1,1,16,0.000,0.000,,,,,NVIDIA A100-SXM4-40GB MIG 4g.20gb (0),1,,13,cupy_copy__complex64_complex64
2977398121,2368,144042,103,1,1,128,1,1,16,0.000,0.000,,,,,NVIDIA A100-SXM4-40GB MIG 4g.20gb (0),1,,13,cupy_copy__complex64_complex64
2977416457,90431,144049,1,1,1,32,32,1,30,0.000,0.000,,,,,NVIDIA A100-SXM4-40GB MIG 4g.20gb (0),1,,13,"void convert_kernel<__half2, float2>(tensor_layout_any, T1 *, tensor_layout_any, const T2 *)"
2977539783,20960,144052,,,,,,,,,,0.094,4470.142,Pinned,Device,NVIDIA A100-SXM4-40GB MIG 4g.20gb (0),1,,13,[CUDA memcpy Host-to-Device]
2977584615,47359,144053,,,,,,,,,,35.810,756126.461,Device,,NVIDIA A100-SXM4-40GB MIG 4g.20gb (0),1,,13,[CUDA memset]
2977641478,9376,144055,,,,,,,,,,0.000,8.532,Pinned,Device,NVIDIA A100-SXM4-40GB MIG 4g.20gb (0),1,,13,[CUDA memcpy Host-to-Device]
2977659558,18112,144056,,,,,,,,,,0.197,10855.121,Pinned,Device,NVIDIA A100-SXM4-40GB MIG 4g.20gb (0),1,,13,[CUDA memcpy Host-to-Device]
2977687077,12256,144057,273,1,1,48,1,1,40,0.000,0.001,,,,,NVIDIA A100-SXM4-40GB MIG 4g.20gb (0),1,,13,"void pusch_noise_intf_est::noiseIntfEstNoDftSOfdmKernel<float, __half, float, float, (unsigned int)2, (unsigned int)1, (unsigned char)4, (unsigned char)4>(pusch_noise_intf_est::puschRxNoiseIntfEstDynDescr)"
2977705285,3232,144068,35,1,1,128,1,1,16,0.000,0.000,,,,,NVIDIA A100-SXM4-40GB MIG 4g.20gb (0),1,,13,cupy_copy__complex64_complex64
2977712965,1952,144077,1,1,1,1,1,1,18,0.000,0.000,,,,,NVIDIA A100-SXM4-40GB MIG 4g.20gb (0),1,,13,cupy_copy__float32_float32
2977715333,3840,144083,,,,,,,,,,0.000,1.042,Device,Pageable,NVIDIA A100-SXM4-40GB MIG 4g.20gb (0),1,,7,[CUDA memcpy Device-to-Host]
2977790724,12960,144094,1434,1,1,128,1,1,16,0.000,0.000,,,,,NVIDIA A100-SXM4-40GB MIG 4g.20gb (0),1,,13,cupy_copy__complex64_complex64
2977815076,3456,144101,103,1,1,128,1,1,16,0.000,0.000,,,,,NVIDIA A100-SXM4-40GB MIG 4g.20gb (0),1,,13,cupy_copy__complex64_complex64
2977839684,2495,144108,35,1,1,128,1,1,16,0.000,0.000,,,,,NVIDIA A100-SXM4-40GB MIG 4g.20gb (0),1,,13,cupy_copy__complex64_complex64
2977856963,1920,144115,1,1,1,1,1,1,18,0.000,0.000,,,,,NVIDIA A100-SXM4-40GB MIG 4g.20gb (0),1,,13,cupy_copy__float32_float32
2977985154,86431,144126,1,1,1,32,32,1,30,0.000,0.000,,,,,NVIDIA A100-SXM4-40GB MIG 4g.20gb (0),1,,13,"void convert_kernel<__half2, float2>(tensor_layout_any, T1 *, tensor_layout_any, const T2 *)"
2978100864,8096,144129,,,,,,,,,,0.094,11573.049,Pinned,Device,NVIDIA A100-SXM4-40GB MIG 4g.20gb (0),1,,13,[CUDA memcpy Host-to-Device]
2978118304,3520,144130,,,,,,,,,,1.547,439380.412,Device,,NVIDIA A100-SXM4-40GB MIG 4g.20gb (0),1,,13,[CUDA memset]
2978122368,3168,144135,,,,,,,,,,0.031,9878.770,Pinned,Device,NVIDIA A100-SXM4-40GB MIG 4g.20gb (0),1,,13,[CUDA memcpy Host-to-Device]
2978128544,10080,144136,,,,,,,,,,0.197,19504.693,Pinned,Device,NVIDIA A100-SXM4-40GB MIG 4g.20gb (0),1,,13,[CUDA memcpy Host-to-Device]
2978145248,8224,144137,273,1,1,8,4,1,39,0.002,0.000,,,,,NVIDIA A100-SXM4-40GB MIG 4g.20gb (0),1,,13,"void channel_eq::eqMmseCoefCompLowMimoKernel<float, float, float, (unsigned int)4, (unsigned int)1, (unsigned int)4>(const channel_eq::_puschRxChEqStatDescr *, channel_eq::_puschRxChEqCoefCompDynDescr)"
2978156736,7871,144138,273,1,1,12,11,1,51,0.002,0.000,,,,,NVIDIA A100-SXM4-40GB MIG 4g.20gb (0),1,,13,"void channel_eq::eqMmseSoftDemapKernel<float, __half, __half, float, (unsigned int)4, (unsigned short)16383>(channel_eq::_puschRxChEqStatDescr *, channel_eq::_puschRxChEqSoftDemapDynDescr)"
2978165695,294749,144139,1,1,1,32,32,1,30,0.000,0.000,,,,,NVIDIA A100-SXM4-40GB MIG 4g.20gb (0),1,,13,"void convert_kernel<float2, __half2>(tensor_layout_any, T1 *, tensor_layout_any, const T2 *)"
2978461564,11168,144151,2253,1,1,128,1,1,16,0.000,0.000,,,,,NVIDIA A100-SXM4-40GB MIG 4g.20gb (0),1,,13,cupy_copy__float16_float16
2978477372,3520,144160,282,1,1,128,1,1,16,0.000,0.000,,,,,NVIDIA A100-SXM4-40GB MIG 4g.20gb (0),1,,13,cupy_copy__complex64_complex64
2978483708,2272,144169,26,1,1,128,1,1,16,0.000,0.000,,,,,NVIDIA A100-SXM4-40GB MIG 4g.20gb (0),1,,13,cupy_copy__float32_float32
2978487067,2880,144178,103,1,1,128,1,1,16,0.000,0.000,,,,,NVIDIA A100-SXM4-40GB MIG 4g.20gb (0),1,,13,cupy_copy__complex64_complex64
2978491515,12000,144188,1434,1,1,128,1,1,16,0.000,0.000,,,,,NVIDIA A100-SXM4-40GB MIG 4g.20gb (0),1,,13,cupy_copy__complex64_complex64
2978508507,87167,144193,1,1,1,32,32,1,30,0.000,0.000,,,,,NVIDIA A100-SXM4-40GB MIG 4g.20gb (0),1,,13,"void convert_kernel<__half2, float2>(tensor_layout_any, T1 *, tensor_layout_any, const T2 *)"
2978624634,5664,144196,,,,,,,,,,0.094,16542.310,Pinned,Device,NVIDIA A100-SXM4-40GB MIG 4g.20gb (0),1,,13,[CUDA memcpy Host-to-Device]
2978635930,598232,144197,,,,,,,,,,456.561,762914.166,Device,,NVIDIA A100-SXM4-40GB MIG 4g.20gb (0),1,,13,[CUDA memset]
2979239186,136799,144202,,,,,,,,,,1.235,9026.206,Pinned,Device,NVIDIA A100-SXM4-40GB MIG 4g.20gb (0),1,,13,[CUDA memcpy Host-to-Device]
2979388208,39648,144203,,,,,,,,,,0.197,4958.650,Pinned,Device,NVIDIA A100-SXM4-40GB MIG 4g.20gb (0),1,,13,[CUDA memcpy Host-to-Device]
2979453296,8127,144204,69,4,1,48,1,1,76,0.002,0.000,,,,,NVIDIA A100-SXM4-40GB MIG 4g.20gb (0),1,,13,"void ch_est::windowedChEstPreNoDftSOfdmKernel<float, __half, float, (unsigned int)2, (unsigned int)1, (unsigned short)4>(ch_est::puschRxChEstStatDescr_t *, ch_est::puschRxChEstDynDescr_t *)"
2979472239,6368,144205,137,2,1,24,2,1,44,0.001,0.001,,,,,NVIDIA A100-SXM4-40GB MIG 4g.20gb (0),1,,13,"void ch_est::chEstFilterNoDftSOfdmDispatchKernel<float, __half, float, (unsigned int)2>(ch_est::puschRxChEstStatDescr_t *, ch_est::puschRxChEstDynDescr_t *)"
2979489903,4992,144206,137,2,1,24,2,1,44,0.001,0.001,,,,,NVIDIA A100-SXM4-40GB MIG 4g.20gb (0),1,,13,"void ch_est::chEstFilterNoDftSOfdmDispatchKernel<float, __half, float, (unsigned int)2>(ch_est::puschRxChEstStatDescr_t *, ch_est::puschRxChEstDynDescr_t *)"
2979506767,2720,144217,103,1,1,128,1,1,16,0.000,0.000,,,,,NVIDIA A100-SXM4-40GB MIG 4g.20gb (0),1,,13,cupy_copy__complex64_complex64
2979522927,12416,144227,1434,1,1,128,1,1,16,0.000,0.000,,,,,NVIDIA A100-SXM4-40GB MIG 4g.20gb (0),1,,13,cupy_copy__complex64_complex64
2979546510,2528,144234,103,1,1,128,1,1,16,0.000,0.000,,,,,NVIDIA A100-SXM4-40GB MIG 4g.20gb (0),1,,13,cupy_copy__complex64_complex64
2979564878,89055,144241,1,1,1,32,32,1,30,0.000,0.000,,,,,NVIDIA A100-SXM4-40GB MIG 4g.20gb (0),1,,13,"void convert_kernel<__half2, float2>(tensor_layout_any, T1 *, tensor_layout_any, const T2 *)"
2979684205,21215,144244,,,,,,,,,,0.094,4416.455,Pinned,Device,NVIDIA A100-SXM4-40GB MIG 4g.20gb (0),1,,13,[CUDA memcpy Host-to-Device]
2979724812,47200,144245,,,,,,,,,,35.810,758668.965,Device,,NVIDIA A100-SXM4-40GB MIG 4g.20gb (0),1,,13,[CUDA memset]
2979776108,10847,144247,,,,,,,,,,0.000,7.375,Pinned,Device,NVIDIA A100-SXM4-40GB MIG 4g.20gb (0),1,,13,[CUDA memcpy Host-to-Device]
2979797035,23744,144248,,,,,,,,,,0.197,8280.146,Pinned,Device,NVIDIA A100-SXM4-40GB MIG 4g.20gb (0),1,,13,[CUDA memcpy Host-to-Device]
2979837899,10016,144249,273,1,1,48,1,1,40,0.000,0.001,,,,,NVIDIA A100-SXM4-40GB MIG 4g.20gb (0),1,,13,"void pusch_noise_intf_est::noiseIntfEstNoDftSOfdmKernel<float, __half, float, float, (unsigned int)2, (unsigned int)1, (unsigned char)4, (unsigned char)4>(pusch_noise_intf_est::puschRxNoiseIntfEstDynDescr)"
2979854027,2560,144260,35,1,1,128,1,1,16,0.000,0.000,,,,,NVIDIA A100-SXM4-40GB MIG 4g.20gb (0),1,,13,cupy_copy__complex64_complex64
2979866538,1728,144269,1,1,1,1,1,1,18,0.000,0.000,,,,,NVIDIA A100-SXM4-40GB MIG 4g.20gb (0),1,,13,cupy_copy__float32_float32
2979870698,4288,144275,,,,,,,,,,0.000,0.933,Device,Pageable,NVIDIA A100-SXM4-40GB MIG 4g.20gb (0),1,,7,[CUDA memcpy Device-to-Host]
2979951657,12864,144286,1434,1,1,128,1,1,16,0.000,0.000,,,,,NVIDIA A100-SXM4-40GB MIG 4g.20gb (0),1,,13,cupy_copy__complex64_complex64
2979980841,3424,144293,103,1,1,128,1,1,16,0.000,0.000,,,,,NVIDIA A100-SXM4-40GB MIG 4g.20gb (0),1,,13,cupy_copy__complex64_complex64
2979999209,2528,144300,35,1,1,128,1,1,16,0.000,0.000,,,,,NVIDIA A100-SXM4-40GB MIG 4g.20gb (0),1,,13,cupy_copy__complex64_complex64
2980016041,1792,144307,1,1,1,1,1,1,18,0.000,0.000,,,,,NVIDIA A100-SXM4-40GB MIG 4g.20gb (0),1,,13,cupy_copy__float32_float32
2980146215,82559,144318,1,1,1,32,32,1,30,0.000,0.000,,,,,NVIDIA A100-SXM4-40GB MIG 4g.20gb (0),1,,13,"void convert_kernel<__half2, float2>(tensor_layout_any, T1 *, tensor_layout_any, const T2 *)"
2980256390,5376,144321,,,,,,,,,,0.094,17428.487,Pinned,Device,NVIDIA A100-SXM4-40GB MIG 4g.20gb (0),1,,13,[CUDA memcpy Host-to-Device]
2980273669,3200,144322,,,,,,,,,,1.547,483320.000,Device,,NVIDIA A100-SXM4-40GB MIG 4g.20gb (0),1,,13,[CUDA memset]
2980280805,3168,144327,,,,,,,,,,0.031,9878.770,Pinned,Device,NVIDIA A100-SXM4-40GB MIG 4g.20gb (0),1,,13,[CUDA memcpy Host-to-Device]
2980286565,9920,144328,,,,,,,,,,0.197,19819.266,Pinned,Device,NVIDIA A100-SXM4-40GB MIG 4g.20gb (0),1,,13,[CUDA memcpy Host-to-Device]
2980301093,6016,144329,273,1,1,8,4,1,39,0.002,0.000,,,,,NVIDIA A100-SXM4-40GB MIG 4g.20gb (0),1,,13,"void channel_eq::eqMmseCoefCompLowMimoKernel<float, float, float, (unsigned int)4, (unsigned int)1, (unsigned int)4>(const channel_eq::_puschRxChEqStatDescr *, channel_eq::_puschRxChEqCoefCompDynDescr)"
2980310373,6688,144330,273,1,1,12,11,1,51,0.002,0.000,,,,,NVIDIA A100-SXM4-40GB MIG 4g.20gb (0),1,,13,"void channel_eq::eqMmseSoftDemapKernel<float, __half, __half, float, (unsigned int)4, (unsigned short)16383>(channel_eq::_puschRxChEqStatDescr *, channel_eq::_puschRxChEqSoftDemapDynDescr)"
2980318149,294332,144331,1,1,1,32,32,1,30,0.000,0.000,,,,,NVIDIA A100-SXM4-40GB MIG 4g.20gb (0),1,,13,"void convert_kernel<float2, __half2>(tensor_layout_any, T1 *, tensor_layout_any, const T2 *)"
2980615329,11232,144343,2253,1,1,128,1,1,16,0.000,0.000,,,,,NVIDIA A100-SXM4-40GB MIG 4g.20gb (0),1,,13,cupy_copy__float16_float16
2980631041,3616,144352,282,1,1,128,1,1,16,0.000,0.000,,,,,NVIDIA A100-SXM4-40GB MIG 4g.20gb (0),1,,13,cupy_copy__complex64_complex64
2980636609,1984,144361,26,1,1,128,1,1,16,0.000,0.000,,,,,NVIDIA A100-SXM4-40GB MIG 4g.20gb (0),1,,13,cupy_copy__float32_float32
2980640417,4512,144370,103,1,1,128,1,1,16,0.000,0.000,,,,,NVIDIA A100-SXM4-40GB MIG 4g.20gb (0),1,,13,cupy_copy__complex64_complex64
2980698176,12160,144386,1434,1,1,128,1,1,16,0.000,0.000,,,,,NVIDIA A100-SXM4-40GB MIG 4g.20gb (0),1,,13,cupy_copy__complex64_complex64
2980817023,82751,144391,1,1,1,32,32,1,30,0.000,0.000,,,,,NVIDIA A100-SXM4-40GB MIG 4g.20gb (0),1,,13,"void convert_kernel<__half2, float2>(tensor_layout_any, T1 *, tensor_layout_any, const T2 *)"
2980927517,5536,144394,,,,,,,,,,0.094,16924.777,Pinned,Device,NVIDIA A100-SXM4-40GB MIG 4g.20gb (0),1,,13,[CUDA memcpy Host-to-Device]
2980938237,597945,144395,,,,,,,,,,456.561,763370.728,Device,,NVIDIA A100-SXM4-40GB MIG 4g.20gb (0),1,,13,[CUDA memset]
2981539222,139134,144400,,,,,,,,,,1.235,8875.543,Pinned,Device,NVIDIA A100-SXM4-40GB MIG 4g.20gb (0),1,,13,[CUDA memcpy Host-to-Device]
2981690452,41023,144401,,,,,,,,,,0.197,4792.517,Pinned,Device,NVIDIA A100-SXM4-40GB MIG 4g.20gb (0),1,,13,[CUDA memcpy Host-to-Device]
2981750387,8224,144402,69,4,1,48,1,1,76,0.002,0.000,,,,,NVIDIA A100-SXM4-40GB MIG 4g.20gb (0),1,,13,"void ch_est::windowedChEstPreNoDftSOfdmKernel<float, __half, float, (unsigned int)2, (unsigned int)1, (unsigned short)4>(ch_est::puschRxChEstStatDescr_t *, ch_est::puschRxChEstDynDescr_t *)"
2981767635,6848,144403,137,2,1,24,2,1,44,0.001,0.001,,,,,NVIDIA A100-SXM4-40GB MIG 4g.20gb (0),1,,13,"void ch_est::chEstFilterNoDftSOfdmDispatchKernel<float, __half, float, (unsigned int)2>(ch_est::puschRxChEstStatDescr_t *, ch_est::puschRxChEstDynDescr_t *)"
2981784819,4768,144404,137,2,1,24,2,1,44,0.001,0.001,,,,,NVIDIA A100-SXM4-40GB MIG 4g.20gb (0),1,,13,"void ch_est::chEstFilterNoDftSOfdmDispatchKernel<float, __half, float, (unsigned int)2>(ch_est::puschRxChEstStatDescr_t *, ch_est::puschRxChEstDynDescr_t *)"
2981802163,2687,144415,103,1,1,128,1,1,16,0.000,0.000,,,,,NVIDIA A100-SXM4-40GB MIG 4g.20gb (0),1,,13,cupy_copy__complex64_complex64
2981819378,12416,144425,1434,1,1,128,1,1,16,0.000,0.000,,,,,NVIDIA A100-SXM4-40GB MIG 4g.20gb (0),1,,13,cupy_copy__complex64_complex64
2981837682,2944,144432,103,1,1,128,1,1,16,0.000,0.000,,,,,NVIDIA A100-SXM4-40GB MIG 4g.20gb (0),1,,13,cupy_copy__complex64_complex64
2981861266,96959,144439,1,1,1,32,32,1,30,0.000,0.000,,,,,NVIDIA A100-SXM4-40GB MIG 4g.20gb (0),1,,13,"void convert_kernel<__half2, float2>(tensor_layout_any, T1 *, tensor_layout_any, const T2 *)"
2981992368,26304,144442,,,,,,,,,,0.094,3562.041,Pinned,Device,NVIDIA A100-SXM4-40GB MIG 4g.20gb (0),1,,13,[CUDA memcpy Host-to-Device]
2982032848,46975,144443,,,,,,,,,,35.810,762285.767,Device,,NVIDIA A100-SXM4-40GB MIG 4g.20gb (0),1,,13,[CUDA memset]
2982083663,15552,144445,,,,,,,,,,0.000,5.144,Pinned,Device,NVIDIA A100-SXM4-40GB MIG 4g.20gb (0),1,,13,[CUDA memcpy Host-to-Device]
2982109679,38303,144446,,,,,,,,,,0.197,5132.845,Pinned,Device,NVIDIA A100-SXM4-40GB MIG 4g.20gb (0),1,,13,[CUDA memcpy Host-to-Device]
2982176366,9376,144447,273,1,1,48,1,1,40,0.000,0.001,,,,,NVIDIA A100-SXM4-40GB MIG 4g.20gb (0),1,,13,"void pusch_noise_intf_est::noiseIntfEstNoDftSOfdmKernel<float, __half, float, float, (unsigned int)2, (unsigned int)1, (unsigned char)4, (unsigned char)4>(pusch_noise_intf_est::puschRxNoiseIntfEstDynDescr)"
2982191758,2720,144458,35,1,1,128,1,1,16,0.000,0.000,,,,,NVIDIA A100-SXM4-40GB MIG 4g.20gb (0),1,,13,cupy_copy__complex64_complex64
2982207182,1695,144467,1,1,1,1,1,1,18,0.000,0.000,,,,,NVIDIA A100-SXM4-40GB MIG 4g.20gb (0),1,,13,cupy_copy__float32_float32
2982216653,7712,144473,,,,,,,,,,0.000,0.519,Device,Pageable,NVIDIA A100-SXM4-40GB MIG 4g.20gb (0),1,,7,[CUDA memcpy Device-to-Host]
2982308588,12832,144484,1434,1,1,128,1,1,16,0.000,0.000,,,,,NVIDIA A100-SXM4-40GB MIG 4g.20gb (0),1,,13,cupy_copy__complex64_complex64
2982325580,2624,144491,103,1,1,128,1,1,16,0.000,0.000,,,,,NVIDIA A100-SXM4-40GB MIG 4g.20gb (0),1,,13,cupy_copy__complex64_complex64
2982348204,2656,144498,35,1,1,128,1,1,16,0.000,0.000,,,,,NVIDIA A100-SXM4-40GB MIG 4g.20gb (0),1,,13,cupy_copy__complex64_complex64
2982363820,1760,144505,1,1,1,1,1,1,18,0.000,0.000,,,,,NVIDIA A100-SXM4-40GB MIG 4g.20gb (0),1,,13,cupy_copy__float32_float32
2982497578,83359,144516,1,1,1,32,32,1,30,0.000,0.000,,,,,NVIDIA A100-SXM4-40GB MIG 4g.20gb (0),1,,13,"void convert_kernel<__half2, float2>(tensor_layout_any, T1 *, tensor_layout_any, const T2 *)"
2982608777,5727,144519,,,,,,,,,,0.094,16360.352,Pinned,Device,NVIDIA A100-SXM4-40GB MIG 4g.20gb (0),1,,13,[CUDA memcpy Host-to-Device]
2982624136,3200,144520,,,,,,,,,,1.547,483320.000,Device,,NVIDIA A100-SXM4-40GB MIG 4g.20gb (0),1,,13,[CUDA memset]
2982630600,3712,144525,,,,,,,,,,0.031,8431.017,Pinned,Device,NVIDIA A100-SXM4-40GB MIG 4g.20gb (0),1,,13,[CUDA memcpy Host-to-Device]
2982636904,9472,144526,,,,,,,,,,0.197,20756.693,Pinned,Device,NVIDIA A100-SXM4-40GB MIG 4g.20gb (0),1,,13,[CUDA memcpy Host-to-Device]
2982650216,6432,144527,273,1,1,8,4,1,39,0.002,0.000,,,,,NVIDIA A100-SXM4-40GB MIG 4g.20gb (0),1,,13,"void channel_eq::eqMmseCoefCompLowMimoKernel<float, float, float, (unsigned int)4, (unsigned int)1, (unsigned int)4>(const channel_eq::_puschRxChEqStatDescr *, channel_eq::_puschRxChEqCoefCompDynDescr)"
2982657800,6176,144528,273,1,1,12,11,1,51,0.002,0.000,,,,,NVIDIA A100-SXM4-40GB MIG 4g.20gb (0),1,,13,"void channel_eq::eqMmseSoftDemapKernel<float, __half, __half, float, (unsigned int)4, (unsigned short)16383>(channel_eq::_puschRxChEqStatDescr *, channel_eq::_puschRxChEqSoftDemapDynDescr)"
2982665000,282812,144529,1,1,1,32,32,1,30,0.000,0.000,,,,,NVIDIA A100-SXM4-40GB MIG 4g.20gb (0),1,,13,"void convert_kernel<float2, __half2>(tensor_layout_any, T1 *, tensor_layout_any, const T2 *)"
2982950852,10880,144541,2253,1,1,128,1,1,16,0.000,0.000,,,,,NVIDIA A100-SXM4-40GB MIG 4g.20gb (0),1,,13,cupy_copy__float16_float16
2982964324,3808,144550,282,1,1,128,1,1,16,0.000,0.000,,,,,NVIDIA A100-SXM4-40GB MIG 4g.20gb (0),1,,13,cupy_copy__complex64_complex64
2982969476,2336,144559,26,1,1,128,1,1,16,0.000,0.000,,,,,NVIDIA A100-SXM4-40GB MIG 4g.20gb (0),1,,13,cupy_copy__float32_float32
2982973412,3520,144568,103,1,1,128,1,1,16,0.000,0.000,,,,,NVIDIA A100-SXM4-40GB MIG 4g.20gb (0),1,,13,cupy_copy__complex64_complex64
2982977956,12192,144578,1434,1,1,128,1,1,16,0.000,0.000,,,,,NVIDIA A100-SXM4-40GB MIG 4g.20gb (0),1,,13,cupy_copy__complex64_complex64
2983011364,82015,144583,1,1,1,32,32,1,30,0.000,0.000,,,,,NVIDIA A100-SXM4-40GB MIG 4g.20gb (0),1,,13,"void convert_kernel<__half2, float2>(tensor_layout_any, T1 *, tensor_layout_any, const T2 *)"
2983120706,6048,144586,,,,,,,,,,0.094,15491.978,Pinned,Device,NVIDIA A100-SXM4-40GB MIG 4g.20gb (0),1,,13,[CUDA memcpy Host-to-Device]
2983134114,603929,144587,,,,,,,,,,456.561,755609.183,Device,,NVIDIA A100-SXM4-40GB MIG 4g.20gb (0),1,,13,[CUDA memset]
2983744443,74559,144592,,,,,,,,,,1.235,16563.069,Pinned,Device,NVIDIA A100-SXM4-40GB MIG 4g.20gb (0),1,,13,[CUDA memcpy Host-to-Device]
2983824538,20927,144593,,,,,,,,,,0.197,9394.913,Pinned,Device,NVIDIA A100-SXM4-40GB MIG 4g.20gb (0),1,,13,[CUDA memcpy Host-to-Device]
2983855961,8160,144594,69,4,1,48,1,1,76,0.002,0.000,,,,,NVIDIA A100-SXM4-40GB MIG 4g.20gb (0),1,,13,"void ch_est::windowedChEstPreNoDftSOfdmKernel<float, __half, float, (unsigned int)2, (unsigned int)1, (unsigned short)4>(ch_est::puschRxChEstStatDescr_t *, ch_est::puschRxChEstDynDescr_t *)"
2983872345,6336,144595,137,2,1,24,2,1,44,0.001,0.001,,,,,NVIDIA A100-SXM4-40GB MIG 4g.20gb (0),1,,13,"void ch_est::chEstFilterNoDftSOfdmDispatchKernel<float, __half, float, (unsigned int)2>(ch_est::puschRxChEstStatDescr_t *, ch_est::puschRxChEstDynDescr_t *)"
2983885401,6528,144596,137,2,1,24,2,1,44,0.001,0.001,,,,,NVIDIA A100-SXM4-40GB MIG 4g.20gb (0),1,,13,"void ch_est::chEstFilterNoDftSOfdmDispatchKernel<float, __half, float, (unsigned int)2>(ch_est::puschRxChEstStatDescr_t *, ch_est::puschRxChEstDynDescr_t *)"
2983898233,2560,144607,103,1,1,128,1,1,16,0.000,0.000,,,,,NVIDIA A100-SXM4-40GB MIG 4g.20gb (0),1,,13,cupy_copy__complex64_complex64
2983907992,12800,144617,1434,1,1,128,1,1,16,0.000,0.000,,,,,NVIDIA A100-SXM4-40GB MIG 4g.20gb (0),1,,13,cupy_copy__complex64_complex64
2983925240,2720,144624,103,1,1,128,1,1,16,0.000,0.000,,,,,NVIDIA A100-SXM4-40GB MIG 4g.20gb (0),1,,13,cupy_copy__complex64_complex64
2983934968,94975,144631,1,1,1,32,32,1,30,0.000,0.000,,,,,NVIDIA A100-SXM4-40GB MIG 4g.20gb (0),1,,13,"void convert_kernel<__half2, float2>(tensor_layout_any, T1 *, tensor_layout_any, const T2 *)"
2984061143,13407,144634,,,,,,,,,,0.094,6988.504,Pinned,Device,NVIDIA A100-SXM4-40GB MIG 4g.20gb (0),1,,13,[CUDA memcpy Host-to-Device]
2984079510,47808,144635,,,,,,,,,,35.810,749036.097,Device,,NVIDIA A100-SXM4-40GB MIG 4g.20gb (0),1,,13,[CUDA memset]
2984128278,8512,144637,,,,,,,,,,0.000,9.398,Pinned,Device,NVIDIA A100-SXM4-40GB MIG 4g.20gb (0),1,,13,[CUDA memcpy Host-to-Device]
2984140342,19807,144638,,,,,,,,,,0.197,9926.148,Pinned,Device,NVIDIA A100-SXM4-40GB MIG 4g.20gb (0),1,,13,[CUDA memcpy Host-to-Device]
2984176053,10016,144639,273,1,1,48,1,1,40,0.000,0.001,,,,,NVIDIA A100-SXM4-40GB MIG 4g.20gb (0),1,,13,"void pusch_noise_intf_est::noiseIntfEstNoDftSOfdmKernel<float, __half, float, float, (unsigned int)2, (unsigned int)1, (unsigned char)4, (unsigned char)4>(pusch_noise_intf_est::puschRxNoiseIntfEstDynDescr)"
2984196405,2816,144650,35,1,1,128,1,1,16,0.000,0.000,,,,,NVIDIA A100-SXM4-40GB MIG 4g.20gb (0),1,,13,cupy_copy__complex64_complex64
2984206805,1728,144659,1,1,1,1,1,1,18,0.000,0.000,,,,,NVIDIA A100-SXM4-40GB MIG 4g.20gb (0),1,,13,cupy_copy__float32_float32
2984213941,6528,144665,,,,,,,,,,0.000,0.613,Device,Pageable,NVIDIA A100-SXM4-40GB MIG 4g.20gb (0),1,,7,[CUDA memcpy Device-to-Host]
2984295540,13120,144676,1434,1,1,128,1,1,16,0.000,0.000,,,,,NVIDIA A100-SXM4-40GB MIG 4g.20gb (0),1,,13,cupy_copy__complex64_complex64
2984325299,2912,144683,103,1,1,128,1,1,16,0.000,0.000,,,,,NVIDIA A100-SXM4-40GB MIG 4g.20gb (0),1,,13,cupy_copy__complex64_complex64
2984345715,2816,144690,35,1,1,128,1,1,16,0.000,0.000,,,,,NVIDIA A100-SXM4-40GB MIG 4g.20gb (0),1,,13,cupy_copy__complex64_complex64
2984359091,1984,144697,1,1,1,1,1,1,18,0.000,0.000,,,,,NVIDIA A100-SXM4-40GB MIG 4g.20gb (0),1,,13,cupy_copy__float32_float32
2984492177,88319,144708,1,1,1,32,32,1,30,0.000,0.000,,,,,NVIDIA A100-SXM4-40GB MIG 4g.20gb (0),1,,13,"void convert_kernel<__half2, float2>(tensor_layout_any, T1 *, tensor_layout_any, const T2 *)"
2984608080,5600,144711,,,,,,,,,,0.094,16731.388,Pinned,Device,NVIDIA A100-SXM4-40GB MIG 4g.20gb (0),1,,13,[CUDA memcpy Host-to-Device]
2984624272,3168,144712,,,,,,,,,,1.547,488201.145,Device,,NVIDIA A100-SXM4-40GB MIG 4g.20gb (0),1,,13,[CUDA memset]
2984629488,3232,144717,,,,,,,,,,0.031,9683.139,Pinned,Device,NVIDIA A100-SXM4-40GB MIG 4g.20gb (0),1,,13,[CUDA memcpy Host-to-Device]
2984635695,9984,144718,,,,,,,,,,0.197,19692.257,Pinned,Device,NVIDIA A100-SXM4-40GB MIG 4g.20gb (0),1,,13,[CUDA memcpy Host-to-Device]
2984655279,8416,144719,273,1,1,8,4,1,39,0.002,0.000,,,,,NVIDIA A100-SXM4-40GB MIG 4g.20gb (0),1,,13,"void channel_eq::eqMmseCoefCompLowMimoKernel<float, float, float, (unsigned int)4, (unsigned int)1, (unsigned int)4>(const channel_eq::_puschRxChEqStatDescr *, channel_eq::_puschRxChEqCoefCompDynDescr)"
2984665871,6176,144720,273,1,1,12,11,1,51,0.002,0.000,,,,,NVIDIA A100-SXM4-40GB MIG 4g.20gb (0),1,,13,"void channel_eq::eqMmseSoftDemapKernel<float, __half, __half, float, (unsigned int)4, (unsigned short)16383>(channel_eq::_puschRxChEqStatDescr *, channel_eq::_puschRxChEqSoftDemapDynDescr)"
2984673135,282717,144721,1,1,1,32,32,1,30,0.000,0.000,,,,,NVIDIA A100-SXM4-40GB MIG 4g.20gb (0),1,,13,"void convert_kernel<float2, __half2>(tensor_layout_any, T1 *, tensor_layout_any, const T2 *)"
2984956908,10943,144733,2253,1,1,128,1,1,16,0.000,0.000,,,,,NVIDIA A100-SXM4-40GB MIG 4g.20gb (0),1,,13,cupy_copy__float16_float16
2984971563,3456,144742,282,1,1,128,1,1,16,0.000,0.000,,,,,NVIDIA A100-SXM4-40GB MIG 4g.20gb (0),1,,13,cupy_copy__complex64_complex64
2984977739,2304,144751,26,1,1,128,1,1,16,0.000,0.000,,,,,NVIDIA A100-SXM4-40GB MIG 4g.20gb (0),1,,13,cupy_copy__float32_float32
2984981803,2912,144760,103,1,1,128,1,1,16,0.000,0.000,,,,,NVIDIA A100-SXM4-40GB MIG 4g.20gb (0),1,,13,cupy_copy__complex64_complex64
2984985771,12608,144770,1434,1,1,128,1,1,16,0.000,0.000,,,,,NVIDIA A100-SXM4-40GB MIG 4g.20gb (0),1,,13,cupy_copy__complex64_complex64
2985002443,87295,144775,1,1,1,32,32,1,30,0.000,0.000,,,,,NVIDIA A100-SXM4-40GB MIG 4g.20gb (0),1,,13,"void convert_kernel<__half2, float2>(tensor_layout_any, T1 *, tensor_layout_any, const T2 *)"
2985116682,5535,144778,,,,,,,,,,0.094,16927.869,Pinned,Device,NVIDIA A100-SXM4-40GB MIG 4g.20gb (0),1,,13,[CUDA memcpy Host-to-Device]
2985128105,598777,144779,,,,,,,,,,456.561,762457.605,Device,,NVIDIA A100-SXM4-40GB MIG 4g.20gb (0),1,,13,[CUDA memset]
2985731682,142302,144784,,,,,,,,,,1.235,8677.951,Pinned,Device,NVIDIA A100-SXM4-40GB MIG 4g.20gb (0),1,,13,[CUDA memcpy Host-to-Device]
2985882048,30048,144785,,,,,,,,,,0.197,6543.114,Pinned,Device,NVIDIA A100-SXM4-40GB MIG 4g.20gb (0),1,,13,[CUDA memcpy Host-to-Device]
2985930335,8096,144786,69,4,1,48,1,1,76,0.002,0.000,,,,,NVIDIA A100-SXM4-40GB MIG 4g.20gb (0),1,,13,"void ch_est::windowedChEstPreNoDftSOfdmKernel<float, __half, float, (unsigned int)2, (unsigned int)1, (unsigned short)4>(ch_est::puschRxChEstStatDescr_t *, ch_est::puschRxChEstDynDescr_t *)"
2985940415,6304,144787,137,2,1,24,2,1,44,0.001,0.001,,,,,NVIDIA A100-SXM4-40GB MIG 4g.20gb (0),1,,13,"void ch_est::chEstFilterNoDftSOfdmDispatchKernel<float, __half, float, (unsigned int)2>(ch_est::puschRxChEstStatDescr_t *, ch_est::puschRxChEstDynDescr_t *)"
2985954367,4896,144788,137,2,1,24,2,1,44,0.001,0.001,,,,,NVIDIA A100-SXM4-40GB MIG 4g.20gb (0),1,,13,"void ch_est::chEstFilterNoDftSOfdmDispatchKernel<float, __half, float, (unsigned int)2>(ch_est::puschRxChEstStatDescr_t *, ch_est::puschRxChEstDynDescr_t *)"
2985961311,3104,144799,103,1,1,128,1,1,16,0.000,0.000,,,,,NVIDIA A100-SXM4-40GB MIG 4g.20gb (0),1,,13,cupy_copy__complex64_complex64
2985967615,12416,144809,1434,1,1,128,1,1,16,0.000,0.000,,,,,NVIDIA A100-SXM4-40GB MIG 4g.20gb (0),1,,13,cupy_copy__complex64_complex64
2985981983,2752,144816,103,1,1,128,1,1,16,0.000,0.000,,,,,NVIDIA A100-SXM4-40GB MIG 4g.20gb (0),1,,13,cupy_copy__complex64_complex64
2985987199,82815,144823,1,1,1,32,32,1,30,0.000,0.000,,,,,NVIDIA A100-SXM4-40GB MIG 4g.20gb (0),1,,13,"void convert_kernel<__half2, float2>(tensor_layout_any, T1 *, tensor_layout_any, const T2 *)"
2986097757,5792,144826,,,,,,,,,,0.094,16176.708,Pinned,Device,NVIDIA A100-SXM4-40GB MIG 4g.20gb (0),1,,13,[CUDA memcpy Host-to-Device]
2986111357,48512,144827,,,,,,,,,,35.810,738149.881,Device,,NVIDIA A100-SXM4-40GB MIG 4g.20gb (0),1,,13,[CUDA memset]
2986166269,4800,144829,,,,,,,,,,0.000,16.667,Pinned,Device,NVIDIA A100-SXM4-40GB MIG 4g.20gb (0),1,,13,[CUDA memcpy Host-to-Device]
2986176796,12992,144830,,,,,,,,,,0.197,15132.918,Pinned,Device,NVIDIA A100-SXM4-40GB MIG 4g.20gb (0),1,,13,[CUDA memcpy Host-to-Device]
2986198044,9376,144831,273,1,1,48,1,1,40,0.000,0.001,,,,,NVIDIA A100-SXM4-40GB MIG 4g.20gb (0),1,,13,"void pusch_noise_intf_est::noiseIntfEstNoDftSOfdmKernel<float, __half, float, float, (unsigned int)2, (unsigned int)1, (unsigned char)4, (unsigned char)4>(pusch_noise_intf_est::puschRxNoiseIntfEstDynDescr)"
2986211388,2880,144842,35,1,1,128,1,1,16,0.000,0.000,,,,,NVIDIA A100-SXM4-40GB MIG 4g.20gb (0),1,,13,cupy_copy__complex64_complex64
2986221596,1728,144851,1,1,1,1,1,1,18,0.000,0.000,,,,,NVIDIA A100-SXM4-40GB MIG 4g.20gb (0),1,,13,cupy_copy__float32_float32
2986250012,1600,144857,,,,,,,,,,0.000,2.500,Device,Pageable,NVIDIA A100-SXM4-40GB MIG 4g.20gb (0),1,,7,[CUDA memcpy Device-to-Host]
2986309595,12928,144868,1434,1,1,128,1,1,16,0.000,0.000,,,,,NVIDIA A100-SXM4-40GB MIG 4g.20gb (0),1,,13,cupy_copy__complex64_complex64
2986336378,2752,144875,103,1,1,128,1,1,16,0.000,0.000,,,,,NVIDIA A100-SXM4-40GB MIG 4g.20gb (0),1,,13,cupy_copy__complex64_complex64
2986356538,2432,144882,35,1,1,128,1,1,16,0.000,0.000,,,,,NVIDIA A100-SXM4-40GB MIG 4g.20gb (0),1,,13,cupy_copy__complex64_complex64
2986375738,1888,144889,1,1,1,1,1,1,18,0.000,0.000,,,,,NVIDIA A100-SXM4-40GB MIG 4g.20gb (0),1,,13,cupy_copy__float32_float32
2986512632,87199,144900,1,1,1,32,32,1,30,0.000,0.000,,,,,NVIDIA A100-SXM4-40GB MIG 4g.20gb (0),1,,13,"void convert_kernel<__half2, float2>(tensor_layout_any, T1 *, tensor_layout_any, const T2 *)"
2986626807,6080,144903,,,,,,,,,,0.094,15410.462,Pinned,Device,NVIDIA A100-SXM4-40GB MIG 4g.20gb (0),1,,13,[CUDA memcpy Host-to-Device]
2986640983,3424,144904,,,,,,,,,,1.547,451700.819,Device,,NVIDIA A100-SXM4-40GB MIG 4g.20gb (0),1,,13,[CUDA memset]
2986648183,3232,144909,,,,,,,,,,0.031,9683.139,Pinned,Device,NVIDIA A100-SXM4-40GB MIG 4g.20gb (0),1,,13,[CUDA memcpy Host-to-Device]
2986654039,11071,144910,,,,,,,,,,0.197,17758.814,Pinned,Device,NVIDIA A100-SXM4-40GB MIG 4g.20gb (0),1,,13,[CUDA memcpy Host-to-Device]
2986669334,6208,144911,273,1,1,8,4,1,39,0.002,0.000,,,,,NVIDIA A100-SXM4-40GB MIG 4g.20gb (0),1,,13,"void channel_eq::eqMmseCoefCompLowMimoKernel<float, float, float, (unsigned int)4, (unsigned int)1, (unsigned int)4>(const channel_eq::_puschRxChEqStatDescr *, channel_eq::_puschRxChEqCoefCompDynDescr)"
2986676598,6336,144912,273,1,1,12,11,1,51,0.002,0.000,,,,,NVIDIA A100-SXM4-40GB MIG 4g.20gb (0),1,,13,"void channel_eq::eqMmseSoftDemapKernel<float, __half, __half, float, (unsigned int)4, (unsigned short)16383>(channel_eq::_puschRxChEqStatDescr *, channel_eq::_puschRxChEqSoftDemapDynDescr)"
2986683958,281981,144913,1,1,1,32,32,1,30,0.000,0.000,,,,,NVIDIA A100-SXM4-40GB MIG 4g.20gb (0),1,,13,"void convert_kernel<float2, __half2>(tensor_layout_any, T1 *, tensor_layout_any, const T2 *)"
2986967219,11104,144925,2253,1,1,128,1,1,16,0.000,0.000,,,,,NVIDIA A100-SXM4-40GB MIG 4g.20gb (0),1,,13,cupy_copy__float16_float16
2986981362,3040,144934,282,1,1,128,1,1,16,0.000,0.000,,,,,NVIDIA A100-SXM4-40GB MIG 4g.20gb (0),1,,13,cupy_copy__complex64_complex64
2986985938,2144,144943,26,1,1,128,1,1,16,0.000,0.000,,,,,NVIDIA A100-SXM4-40GB MIG 4g.20gb (0),1,,13,cupy_copy__float32_float32
2986989266,3488,144952,103,1,1,128,1,1,16,0.000,0.000,,,,,NVIDIA A100-SXM4-40GB MIG 4g.20gb (0),1,,13,cupy_copy__complex64_complex64
2986995378,12160,144962,1434,1,1,128,1,1,16,0.000,0.000,,,,,NVIDIA A100-SXM4-40GB MIG 4g.20gb (0),1,,13,cupy_copy__complex64_complex64
2987029234,87263,144967,1,1,1,32,32,1,30,0.000,0.000,,,,,NVIDIA A100-SXM4-40GB MIG 4g.20gb (0),1,,13,"void convert_kernel<__half2, float2>(tensor_layout_any, T1 *, tensor_layout_any, const T2 *)"
2987143824,5472,144970,,,,,,,,,,0.094,17122.757,Pinned,Device,NVIDIA A100-SXM4-40GB MIG 4g.20gb (0),1,,13,[CUDA memcpy Host-to-Device]
2987153456,598457,144971,,,,,,,,,,456.561,762457.605,Device,,NVIDIA A100-SXM4-40GB MIG 4g.20gb (0),1,,13,[CUDA memset]
2987752809,143614,144976,,,,,,,,,,1.235,8598.915,Pinned,Device,NVIDIA A100-SXM4-40GB MIG 4g.20gb (0),1,,13,[CUDA memcpy Host-to-Device]
2987908935,40096,144977,,,,,,,,,,0.197,4903.404,Pinned,Device,NVIDIA A100-SXM4-40GB MIG 4g.20gb (0),1,,13,[CUDA memcpy Host-to-Device]
2987966694,8288,144978,69,4,1,48,1,1,76,0.002,0.000,,,,,NVIDIA A100-SXM4-40GB MIG 4g.20gb (0),1,,13,"void ch_est::windowedChEstPreNoDftSOfdmKernel<float, __half, float, (unsigned int)2, (unsigned int)1, (unsigned short)4>(ch_est::puschRxChEstStatDescr_t *, ch_est::puschRxChEstDynDescr_t *)"
2987984486,6688,144979,137,2,1,24,2,1,44,0.001,0.001,,,,,NVIDIA A100-SXM4-40GB MIG 4g.20gb (0),1,,13,"void ch_est::chEstFilterNoDftSOfdmDispatchKernel<float, __half, float, (unsigned int)2>(ch_est::puschRxChEstStatDescr_t *, ch_est::puschRxChEstDynDescr_t *)"
2988003558,4704,144980,137,2,1,24,2,1,44,0.001,0.001,,,,,NVIDIA A100-SXM4-40GB MIG 4g.20gb (0),1,,13,"void ch_est::chEstFilterNoDftSOfdmDispatchKernel<float, __half, float, (unsigned int)2>(ch_est::puschRxChEstStatDescr_t *, ch_est::puschRxChEstDynDescr_t *)"
2988020230,2720,144991,103,1,1,128,1,1,16,0.000,0.000,,,,,NVIDIA A100-SXM4-40GB MIG 4g.20gb (0),1,,13,cupy_copy__complex64_complex64
2988037253,12640,145001,1434,1,1,128,1,1,16,0.000,0.000,,,,,NVIDIA A100-SXM4-40GB MIG 4g.20gb (0),1,,13,cupy_copy__complex64_complex64
2988055717,2912,145008,103,1,1,128,1,1,16,0.000,0.000,,,,,NVIDIA A100-SXM4-40GB MIG 4g.20gb (0),1,,13,cupy_copy__complex64_complex64
2988075813,90399,145015,1,1,1,32,32,1,30,0.000,0.000,,,,,NVIDIA A100-SXM4-40GB MIG 4g.20gb (0),1,,13,"void convert_kernel<__half2, float2>(tensor_layout_any, T1 *, tensor_layout_any, const T2 *)"
2988197411,14656,145018,,,,,,,,,,0.094,6392.972,Pinned,Device,NVIDIA A100-SXM4-40GB MIG 4g.20gb (0),1,,13,[CUDA memcpy Host-to-Device]
2988217859,47360,145019,,,,,,,,,,35.810,756090.651,Device,,NVIDIA A100-SXM4-40GB MIG 4g.20gb (0),1,,13,[CUDA memset]
2988273539,6111,145021,,,,,,,,,,0.000,13.091,Pinned,Device,NVIDIA A100-SXM4-40GB MIG 4g.20gb (0),1,,13,[CUDA memcpy Host-to-Device]
2988282722,15552,145022,,,,,,,,,,0.197,12641.894,Pinned,Device,NVIDIA A100-SXM4-40GB MIG 4g.20gb (0),1,,13,[CUDA memcpy Host-to-Device]
2988306562,12800,145023,273,1,1,48,1,1,40,0.000,0.001,,,,,NVIDIA A100-SXM4-40GB MIG 4g.20gb (0),1,,13,"void pusch_noise_intf_est::noiseIntfEstNoDftSOfdmKernel<float, __half, float, float, (unsigned int)2, (unsigned int)1, (unsigned char)4, (unsigned char)4>(pusch_noise_intf_est::puschRxNoiseIntfEstDynDescr)"
2988322626,2944,145034,35,1,1,128,1,1,16,0.000,0.000,,,,,NVIDIA A100-SXM4-40GB MIG 4g.20gb (0),1,,13,cupy_copy__complex64_complex64
2988328930,1856,145043,1,1,1,1,1,1,18,0.000,0.000,,,,,NVIDIA A100-SXM4-40GB MIG 4g.20gb (0),1,,13,cupy_copy__float32_float32
2988344930,1760,145049,,,,,,,,,,0.000,2.273,Device,Pageable,NVIDIA A100-SXM4-40GB MIG 4g.20gb (0),1,,7,[CUDA memcpy Device-to-Host]
2988405121,12768,145060,1434,1,1,128,1,1,16,0.000,0.000,,,,,NVIDIA A100-SXM4-40GB MIG 4g.20gb (0),1,,13,cupy_copy__complex64_complex64
2988430689,2624,145067,103,1,1,128,1,1,16,0.000,0.000,,,,,NVIDIA A100-SXM4-40GB MIG 4g.20gb (0),1,,13,cupy_copy__complex64_complex64
2988450848,2368,145074,35,1,1,128,1,1,16,0.000,0.000,,,,,NVIDIA A100-SXM4-40GB MIG 4g.20gb (0),1,,13,cupy_copy__complex64_complex64
2988472320,1824,145081,1,1,1,1,1,1,18,0.000,0.000,,,,,NVIDIA A100-SXM4-40GB MIG 4g.20gb (0),1,,13,cupy_copy__float32_float32
2988603646,82463,145092,1,1,1,32,32,1,30,0.000,0.000,,,,,NVIDIA A100-SXM4-40GB MIG 4g.20gb (0),1,,13,"void convert_kernel<__half2, float2>(tensor_layout_any, T1 *, tensor_layout_any, const T2 *)"
2988713917,6016,145095,,,,,,,,,,0.094,15574.430,Pinned,Device,NVIDIA A100-SXM4-40GB MIG 4g.20gb (0),1,,13,[CUDA memcpy Host-to-Device]
2988728029,3328,145096,,,,,,,,,,1.547,464729.580,Device,,NVIDIA A100-SXM4-40GB MIG 4g.20gb (0),1,,13,[CUDA memset]
2988734909,3232,145101,,,,,,,,,,0.031,9683.139,Pinned,Device,NVIDIA A100-SXM4-40GB MIG 4g.20gb (0),1,,13,[CUDA memcpy Host-to-Device]
2988740573,9536,145102,,,,,,,,,,0.197,20617.298,Pinned,Device,NVIDIA A100-SXM4-40GB MIG 4g.20gb (0),1,,13,[CUDA memcpy Host-to-Device]
2988755293,6815,145103,273,1,1,8,4,1,39,0.002,0.000,,,,,NVIDIA A100-SXM4-40GB MIG 4g.20gb (0),1,,13,"void channel_eq::eqMmseCoefCompLowMimoKernel<float, float, float, (unsigned int)4, (unsigned int)1, (unsigned int)4>(const channel_eq::_puschRxChEqStatDescr *, channel_eq::_puschRxChEqCoefCompDynDescr)"
2988763164,5600,145104,273,1,1,12,11,1,51,0.002,0.000,,,,,NVIDIA A100-SXM4-40GB MIG 4g.20gb (0),1,,13,"void channel_eq::eqMmseSoftDemapKernel<float, __half, __half, float, (unsigned int)4, (unsigned short)16383>(channel_eq::_puschRxChEqStatDescr *, channel_eq::_puschRxChEqSoftDemapDynDescr)"
2988769756,294717,145105,1,1,1,32,32,1,30,0.000,0.000,,,,,NVIDIA A100-SXM4-40GB MIG 4g.20gb (0),1,,13,"void convert_kernel<float2, __half2>(tensor_layout_any, T1 *, tensor_layout_any, const T2 *)"
2989066265,11328,145117,2253,1,1,128,1,1,16,0.000,0.000,,,,,NVIDIA A100-SXM4-40GB MIG 4g.20gb (0),1,,13,cupy_copy__float16_float16
2989080633,3615,145126,282,1,1,128,1,1,16,0.000,0.000,,,,,NVIDIA A100-SXM4-40GB MIG 4g.20gb (0),1,,13,cupy_copy__complex64_complex64
2989086776,2240,145135,26,1,1,128,1,1,16,0.000,0.000,,,,,NVIDIA A100-SXM4-40GB MIG 4g.20gb (0),1,,13,cupy_copy__float32_float32
2989090808,2912,145144,103,1,1,128,1,1,16,0.000,0.000,,,,,NVIDIA A100-SXM4-40GB MIG 4g.20gb (0),1,,13,cupy_copy__complex64_complex64
2989094808,12128,145154,1434,1,1,128,1,1,16,0.000,0.000,,,,,NVIDIA A100-SXM4-40GB MIG 4g.20gb (0),1,,13,cupy_copy__complex64_complex64
2989108504,81663,145159,1,1,1,32,32,1,30,0.000,0.000,,,,,NVIDIA A100-SXM4-40GB MIG 4g.20gb (0),1,,13,"void convert_kernel<__half2, float2>(tensor_layout_any, T1 *, tensor_layout_any, const T2 *)"
2989216791,5824,145162,,,,,,,,,,0.094,16087.884,Pinned,Device,NVIDIA A100-SXM4-40GB MIG 4g.20gb (0),1,,13,[CUDA memcpy Host-to-Device]
2989227639,596952,145163,,,,,,,,,,456.561,764740.412,Device,,NVIDIA A100-SXM4-40GB MIG 4g.20gb (0),1,,13,[CUDA memset]
2989828495,166270,145168,,,,,,,,,,1.235,7426.953,Pinned,Device,NVIDIA A100-SXM4-40GB MIG 4g.20gb (0),1,,13,[CUDA memcpy Host-to-Device]
2990007757,42080,145169,,,,,,,,,,0.197,4672.193,Pinned,Device,NVIDIA A100-SXM4-40GB MIG 4g.20gb (0),1,,13,[CUDA memcpy Host-to-Device]
2990077708,8320,145170,69,4,1,48,1,1,76,0.002,0.000,,,,,NVIDIA A100-SXM4-40GB MIG 4g.20gb (0),1,,13,"void ch_est::windowedChEstPreNoDftSOfdmKernel<float, __half, float, (unsigned int)2, (unsigned int)1, (unsigned short)4>(ch_est::puschRxChEstStatDescr_t *, ch_est::puschRxChEstDynDescr_t *)"
2990095500,7072,145171,137,2,1,24,2,1,44,0.001,0.001,,,,,NVIDIA A100-SXM4-40GB MIG 4g.20gb (0),1,,13,"void ch_est::chEstFilterNoDftSOfdmDispatchKernel<float, __half, float, (unsigned int)2>(ch_est::puschRxChEstStatDescr_t *, ch_est::puschRxChEstDynDescr_t *)"
2990113036,4736,145172,137,2,1,24,2,1,44,0.001,0.001,,,,,NVIDIA A100-SXM4-40GB MIG 4g.20gb (0),1,,13,"void ch_est::chEstFilterNoDftSOfdmDispatchKernel<float, __half, float, (unsigned int)2>(ch_est::puschRxChEstStatDescr_t *, ch_est::puschRxChEstDynDescr_t *)"
2990130572,2720,145183,103,1,1,128,1,1,16,0.000,0.000,,,,,NVIDIA A100-SXM4-40GB MIG 4g.20gb (0),1,,13,cupy_copy__complex64_complex64
2990147563,12704,145193,1434,1,1,128,1,1,16,0.000,0.000,,,,,NVIDIA A100-SXM4-40GB MIG 4g.20gb (0),1,,13,cupy_copy__complex64_complex64
2990166059,2912,145200,103,1,1,128,1,1,16,0.000,0.000,,,,,NVIDIA A100-SXM4-40GB MIG 4g.20gb (0),1,,13,cupy_copy__complex64_complex64
2990187595,82719,145207,1,1,1,32,32,1,30,0.000,0.000,,,,,NVIDIA A100-SXM4-40GB MIG 4g.20gb (0),1,,13,"void convert_kernel<__half2, float2>(tensor_layout_any, T1 *, tensor_layout_any, const T2 *)"
2990305929,26656,145210,,,,,,,,,,0.094,3515.005,Pinned,Device,NVIDIA A100-SXM4-40GB MIG 4g.20gb (0),1,,13,[CUDA memcpy Host-to-Device]
2990348553,46815,145211,,,,,,,,,,35.810,764899.891,Device,,NVIDIA A100-SXM4-40GB MIG 4g.20gb (0),1,,13,[CUDA memset]
2990398952,10880,145213,,,,,,,,,,0.000,7.353,Pinned,Device,NVIDIA A100-SXM4-40GB MIG 4g.20gb (0),1,,13,[CUDA memcpy Host-to-Device]
2990420040,31360,145214,,,,,,,,,,0.197,6269.239,Pinned,Device,NVIDIA A100-SXM4-40GB MIG 4g.20gb (0),1,,13,[CUDA memcpy Host-to-Device]
2990479975,9952,145215,273,1,1,48,1,1,40,0.000,0.001,,,,,NVIDIA A100-SXM4-40GB MIG 4g.20gb (0),1,,13,"void pusch_noise_intf_est::noiseIntfEstNoDftSOfdmKernel<float, __half, float, float, (unsigned int)2, (unsigned int)1, (unsigned char)4, (unsigned char)4>(pusch_noise_intf_est::puschRxNoiseIntfEstDynDescr)"
2990496839,2720,145226,35,1,1,128,1,1,16,0.000,0.000,,,,,NVIDIA A100-SXM4-40GB MIG 4g.20gb (0),1,,13,cupy_copy__complex64_complex64
2990513191,1728,145235,1,1,1,1,1,1,18,0.000,0.000,,,,,NVIDIA A100-SXM4-40GB MIG 4g.20gb (0),1,,13,cupy_copy__float32_float32
2990519143,6176,145241,,,,,,,,,,0.000,0.648,Device,Pageable,NVIDIA A100-SXM4-40GB MIG 4g.20gb (0),1,,7,[CUDA memcpy Device-to-Host]
2990602566,13056,145252,1434,1,1,128,1,1,16,0.000,0.000,,,,,NVIDIA A100-SXM4-40GB MIG 4g.20gb (0),1,,13,cupy_copy__complex64_complex64
2990631077,3360,145259,103,1,1,128,1,1,16,0.000,0.000,,,,,NVIDIA A100-SXM4-40GB MIG 4g.20gb (0),1,,13,cupy_copy__complex64_complex64
2990651909,2752,145266,35,1,1,128,1,1,16,0.000,0.000,,,,,NVIDIA A100-SXM4-40GB MIG 4g.20gb (0),1,,13,cupy_copy__complex64_complex64
2990674853,1760,145273,1,1,1,1,1,1,18,0.000,0.000,,,,,NVIDIA A100-SXM4-40GB MIG 4g.20gb (0),1,,13,cupy_copy__float32_float32
2990802435,87583,145284,1,1,1,32,32,1,30,0.000,0.000,,,,,NVIDIA A100-SXM4-40GB MIG 4g.20gb (0),1,,13,"void convert_kernel<__half2, float2>(tensor_layout_any, T1 *, tensor_layout_any, const T2 *)"
2990919618,5792,145287,,,,,,,,,,0.094,16176.708,Pinned,Device,NVIDIA A100-SXM4-40GB MIG 4g.20gb (0),1,,13,[CUDA memcpy Host-to-Device]
2990934210,3392,145288,,,,,,,,,,1.547,455961.768,Device,,NVIDIA A100-SXM4-40GB MIG 4g.20gb (0),1,,13,[CUDA memset]
2990941090,3231,145293,,,,,,,,,,0.031,9686.143,Pinned,Device,NVIDIA A100-SXM4-40GB MIG 4g.20gb (0),1,,13,[CUDA memcpy Host-to-Device]
2990946881,9440,145294,,,,,,,,,,0.197,20827.079,Pinned,Device,NVIDIA A100-SXM4-40GB MIG 4g.20gb (0),1,,13,[CUDA memcpy Host-to-Device]
2990962657,7616,145295,273,1,1,8,4,1,39,0.002,0.000,,,,,NVIDIA A100-SXM4-40GB MIG 4g.20gb (0),1,,13,"void channel_eq::eqMmseCoefCompLowMimoKernel<float, float, float, (unsigned int)4, (unsigned int)1, (unsigned int)4>(const channel_eq::_puschRxChEqStatDescr *, channel_eq::_puschRxChEqCoefCompDynDescr)"
2990972289,5728,145296,273,1,1,12,11,1,51,0.002,0.000,,,,,NVIDIA A100-SXM4-40GB MIG 4g.20gb (0),1,,13,"void channel_eq::eqMmseSoftDemapKernel<float, __half, __half, float, (unsigned int)4, (unsigned short)16383>(channel_eq::_puschRxChEqStatDescr *, channel_eq::_puschRxChEqSoftDemapDynDescr)"
2990981313,279997,145297,1,1,1,32,32,1,30,0.000,0.000,,,,,NVIDIA A100-SXM4-40GB MIG 4g.20gb (0),1,,13,"void convert_kernel<float2, __half2>(tensor_layout_any, T1 *, tensor_layout_any, const T2 *)"
2991262238,11007,145309,2253,1,1,128,1,1,16,0.000,0.000,,,,,NVIDIA A100-SXM4-40GB MIG 4g.20gb (0),1,,13,cupy_copy__float16_float16
2991277085,3808,145318,282,1,1,128,1,1,16,0.000,0.000,,,,,NVIDIA A100-SXM4-40GB MIG 4g.20gb (0),1,,13,cupy_copy__complex64_complex64
2991282173,2240,145327,26,1,1,128,1,1,16,0.000,0.000,,,,,NVIDIA A100-SXM4-40GB MIG 4g.20gb (0),1,,13,cupy_copy__float32_float32
2991286237,3296,145336,103,1,1,128,1,1,16,0.000,0.000,,,,,NVIDIA A100-SXM4-40GB MIG 4g.20gb (0),1,,13,cupy_copy__complex64_complex64
2991291101,12320,145346,1434,1,1,128,1,1,16,0.000,0.000,,,,,NVIDIA A100-SXM4-40GB MIG 4g.20gb (0),1,,13,cupy_copy__complex64_complex64
2991313949,86559,145351,1,1,1,32,32,1,30,0.000,0.000,,,,,NVIDIA A100-SXM4-40GB MIG 4g.20gb (0),1,,13,"void convert_kernel<__half2, float2>(tensor_layout_any, T1 *, tensor_layout_any, const T2 *)"
2991427964,5695,145354,,,,,,,,,,0.094,16452.268,Pinned,Device,NVIDIA A100-SXM4-40GB MIG 4g.20gb (0),1,,13,[CUDA memcpy Host-to-Device]
2991441467,596345,145355,,,,,,,,,,456.561,765196.973,Device,,NVIDIA A100-SXM4-40GB MIG 4g.20gb (0),1,,13,[CUDA memset]
2992045588,74975,145360,,,,,,,,,,1.235,16470.448,Pinned,Device,NVIDIA A100-SXM4-40GB MIG 4g.20gb (0),1,,13,[CUDA memcpy Host-to-Device]
2992126515,17440,145361,,,,,,,,,,0.197,11273.306,Pinned,Device,NVIDIA A100-SXM4-40GB MIG 4g.20gb (0),1,,13,[CUDA memcpy Host-to-Device]
2992153235,8511,145362,69,4,1,48,1,1,76,0.002,0.000,,,,,NVIDIA A100-SXM4-40GB MIG 4g.20gb (0),1,,13,"void ch_est::windowedChEstPreNoDftSOfdmKernel<float, __half, float, (unsigned int)2, (unsigned int)1, (unsigned short)4>(ch_est::puschRxChEstStatDescr_t *, ch_est::puschRxChEstDynDescr_t *)"
2992164178,6400,145363,137,2,1,24,2,1,44,0.001,0.001,,,,,NVIDIA A100-SXM4-40GB MIG 4g.20gb (0),1,,13,"void ch_est::chEstFilterNoDftSOfdmDispatchKernel<float, __half, float, (unsigned int)2>(ch_est::puschRxChEstStatDescr_t *, ch_est::puschRxChEstDynDescr_t *)"
2992172466,5024,145364,137,2,1,24,2,1,44,0.001,0.001,,,,,NVIDIA A100-SXM4-40GB MIG 4g.20gb (0),1,,13,"void ch_est::chEstFilterNoDftSOfdmDispatchKernel<float, __half, float, (unsigned int)2>(ch_est::puschRxChEstStatDescr_t *, ch_est::puschRxChEstDynDescr_t *)"
2992180466,2528,145375,103,1,1,128,1,1,16,0.000,0.000,,,,,NVIDIA A100-SXM4-40GB MIG 4g.20gb (0),1,,13,cupy_copy__complex64_complex64
2992184242,12544,145385,1434,1,1,128,1,1,16,0.000,0.000,,,,,NVIDIA A100-SXM4-40GB MIG 4g.20gb (0),1,,13,cupy_copy__complex64_complex64
2992198258,2752,145392,103,1,1,128,1,1,16,0.000,0.000,,,,,NVIDIA A100-SXM4-40GB MIG 4g.20gb (0),1,,13,cupy_copy__complex64_complex64
2992205234,87711,145399,1,1,1,32,32,1,30,0.000,0.000,,,,,NVIDIA A100-SXM4-40GB MIG 4g.20gb (0),1,,13,"void convert_kernel<__half2, float2>(tensor_layout_any, T1 *, tensor_layout_any, const T2 *)"
2992320368,5760,145402,,,,,,,,,,0.094,16266.656,Pinned,Device,NVIDIA A100-SXM4-40GB MIG 4g.20gb (0),1,,13,[CUDA memcpy Host-to-Device]
2992333872,46912,145403,,,,,,,,,,35.810,763324.255,Device,,NVIDIA A100-SXM4-40GB MIG 4g.20gb (0),1,,13,[CUDA memset]
2992386992,4768,145405,,,,,,,,,,0.000,16.778,Pinned,Device,NVIDIA A100-SXM4-40GB MIG 4g.20gb (0),1,,13,[CUDA memcpy Host-to-Device]
2992396304,10687,145406,,,,,,,,,,0.197,18396.807,Pinned,Device,NVIDIA A100-SXM4-40GB MIG 4g.20gb (0),1,,13,[CUDA memcpy Host-to-Device]
2992416623,11040,145407,273,1,1,48,1,1,40,0.000,0.001,,,,,NVIDIA A100-SXM4-40GB MIG 4g.20gb (0),1,,13,"void pusch_noise_intf_est::noiseIntfEstNoDftSOfdmKernel<float, __half, float, float, (unsigned int)2, (unsigned int)1, (unsigned char)4, (unsigned char)4>(pusch_noise_intf_est::puschRxNoiseIntfEstDynDescr)"
2992430799,2848,145418,35,1,1,128,1,1,16,0.000,0.000,,,,,NVIDIA A100-SXM4-40GB MIG 4g.20gb (0),1,,13,cupy_copy__complex64_complex64
2992441423,1824,145427,1,1,1,1,1,1,18,0.000,0.000,,,,,NVIDIA A100-SXM4-40GB MIG 4g.20gb (0),1,,13,cupy_copy__float32_float32
2992472399,1600,145433,,,,,,,,,,0.000,2.500,Device,Pageable,NVIDIA A100-SXM4-40GB MIG 4g.20gb (0),1,,7,[CUDA memcpy Device-to-Host]
2992532878,12992,145444,1434,1,1,128,1,1,16,0.000,0.000,,,,,NVIDIA A100-SXM4-40GB MIG 4g.20gb (0),1,,13,cupy_copy__complex64_complex64
2992562093,2976,145451,103,1,1,128,1,1,16,0.000,0.000,,,,,NVIDIA A100-SXM4-40GB MIG 4g.20gb (0),1,,13,cupy_copy__complex64_complex64
2992583533,2336,145458,35,1,1,128,1,1,16,0.000,0.000,,,,,NVIDIA A100-SXM4-40GB MIG 4g.20gb (0),1,,13,cupy_copy__complex64_complex64
2992601261,1792,145465,1,1,1,1,1,1,18,0.000,0.000,,,,,NVIDIA A100-SXM4-40GB MIG 4g.20gb (0),1,,13,cupy_copy__float32_float32
2992733355,82207,145476,1,1,1,32,32,1,30,0.000,0.000,,,,,NVIDIA A100-SXM4-40GB MIG 4g.20gb (0),1,,13,"void convert_kernel<__half2, float2>(tensor_layout_any, T1 *, tensor_layout_any, const T2 *)"
2992843690,5536,145479,,,,,,,,,,0.094,16924.777,Pinned,Device,NVIDIA A100-SXM4-40GB MIG 4g.20gb (0),1,,13,[CUDA memcpy Host-to-Device]
2992857866,3424,145480,,,,,,,,,,1.547,451700.819,Device,,NVIDIA A100-SXM4-40GB MIG 4g.20gb (0),1,,13,[CUDA memset]
2992865002,3552,145485,,,,,,,,,,0.031,8810.794,Pinned,Device,NVIDIA A100-SXM4-40GB MIG 4g.20gb (0),1,,13,[CUDA memcpy Host-to-Device]
2992871274,9472,145486,,,,,,,,,,0.197,20756.693,Pinned,Device,NVIDIA A100-SXM4-40GB MIG 4g.20gb (0),1,,13,[CUDA memcpy Host-to-Device]
2992885513,6528,145487,273,1,1,8,4,1,39,0.002,0.000,,,,,NVIDIA A100-SXM4-40GB MIG 4g.20gb (0),1,,13,"void channel_eq::eqMmseCoefCompLowMimoKernel<float, float, float, (unsigned int)4, (unsigned int)1, (unsigned int)4>(const channel_eq::_puschRxChEqStatDescr *, channel_eq::_puschRxChEqCoefCompDynDescr)"
2992894281,6240,145488,273,1,1,12,11,1,51,0.002,0.000,,,,,NVIDIA A100-SXM4-40GB MIG 4g.20gb (0),1,,13,"void channel_eq::eqMmseSoftDemapKernel<float, __half, __half, float, (unsigned int)4, (unsigned short)16383>(channel_eq::_puschRxChEqStatDescr *, channel_eq::_puschRxChEqSoftDemapDynDescr)"
2992901513,283293,145489,1,1,1,32,32,1,30,0.000,0.000,,,,,NVIDIA A100-SXM4-40GB MIG 4g.20gb (0),1,,13,"void convert_kernel<float2, __half2>(tensor_layout_any, T1 *, tensor_layout_any, const T2 *)"
2993187750,11008,145501,2253,1,1,128,1,1,16,0.000,0.000,,,,,NVIDIA A100-SXM4-40GB MIG 4g.20gb (0),1,,13,cupy_copy__float16_float16
2993200358,3712,145510,282,1,1,128,1,1,16,0.000,0.000,,,,,NVIDIA A100-SXM4-40GB MIG 4g.20gb (0),1,,13,cupy_copy__complex64_complex64
2993207046,2111,145519,26,1,1,128,1,1,16,0.000,0.000,,,,,NVIDIA A100-SXM4-40GB MIG 4g.20gb (0),1,,13,cupy_copy__float32_float32
2993210981,3136,145528,103,1,1,128,1,1,16,0.000,0.000,,,,,NVIDIA A100-SXM4-40GB MIG 4g.20gb (0),1,,13,cupy_copy__complex64_complex64
2993217061,12032,145538,1434,1,1,128,1,1,16,0.000,0.000,,,,,NVIDIA A100-SXM4-40GB MIG 4g.20gb (0),1,,13,cupy_copy__complex64_complex64
2993233029,85567,145543,1,1,1,32,32,1,30,0.000,0.000,,,,,NVIDIA A100-SXM4-40GB MIG 4g.20gb (0),1,,13,"void convert_kernel<__half2, float2>(tensor_layout_any, T1 *, tensor_layout_any, const T2 *)"
2993346628,5792,145546,,,,,,,,,,0.094,16176.708,Pinned,Device,NVIDIA A100-SXM4-40GB MIG 4g.20gb (0),1,,13,[CUDA memcpy Host-to-Device]
2993357156,597912,145547,,,,,,,,,,456.561,763370.728,Device,,NVIDIA A100-SXM4-40GB MIG 4g.20gb (0),1,,13,[CUDA memset]
2993963868,149726,145552,,,,,,,,,,1.235,8246.956,Pinned,Device,NVIDIA A100-SXM4-40GB MIG 4g.20gb (0),1,,13,[CUDA memcpy Host-to-Device]
2994124090,36800,145553,,,,,,,,,,0.197,5342.429,Pinned,Device,NVIDIA A100-SXM4-40GB MIG 4g.20gb (0),1,,13,[CUDA memcpy Host-to-Device]
2994173338,7935,145554,69,4,1,48,1,1,76,0.002,0.000,,,,,NVIDIA A100-SXM4-40GB MIG 4g.20gb (0),1,,13,"void ch_est::windowedChEstPreNoDftSOfdmKernel<float, __half, float, (unsigned int)2, (unsigned int)1, (unsigned short)4>(ch_est::puschRxChEstStatDescr_t *, ch_est::puschRxChEstDynDescr_t *)"
2994182649,7040,145555,137,2,1,24,2,1,44,0.001,0.001,,,,,NVIDIA A100-SXM4-40GB MIG 4g.20gb (0),1,,13,"void ch_est::chEstFilterNoDftSOfdmDispatchKernel<float, __half, float, (unsigned int)2>(ch_est::puschRxChEstStatDescr_t *, ch_est::puschRxChEstDynDescr_t *)"
2994192441,5216,145556,137,2,1,24,2,1,44,0.001,0.001,,,,,NVIDIA A100-SXM4-40GB MIG 4g.20gb (0),1,,13,"void ch_est::chEstFilterNoDftSOfdmDispatchKernel<float, __half, float, (unsigned int)2>(ch_est::puschRxChEstStatDescr_t *, ch_est::puschRxChEstDynDescr_t *)"
2994202585,2848,145567,103,1,1,128,1,1,16,0.000,0.000,,,,,NVIDIA A100-SXM4-40GB MIG 4g.20gb (0),1,,13,cupy_copy__complex64_complex64
2994210393,12736,145577,1434,1,1,128,1,1,16,0.000,0.000,,,,,NVIDIA A100-SXM4-40GB MIG 4g.20gb (0),1,,13,cupy_copy__complex64_complex64
2994225945,3168,145584,103,1,1,128,1,1,16,0.000,0.000,,,,,NVIDIA A100-SXM4-40GB MIG 4g.20gb (0),1,,13,cupy_copy__complex64_complex64
2994234105,89119,145591,1,1,1,32,32,1,30,0.000,0.000,,,,,NVIDIA A100-SXM4-40GB MIG 4g.20gb (0),1,,13,"void convert_kernel<__half2, float2>(tensor_layout_any, T1 *, tensor_layout_any, const T2 *)"
2994350423,5792,145594,,,,,,,,,,0.094,16176.708,Pinned,Device,NVIDIA A100-SXM4-40GB MIG 4g.20gb (0),1,,13,[CUDA memcpy Host-to-Device]
2994362647,48320,145595,,,,,,,,,,35.810,741086.294,Device,,NVIDIA A100-SXM4-40GB MIG 4g.20gb (0),1,,13,[CUDA memset]
2994416503,3712,145597,,,,,,,,,,0.000,21.552,Pinned,Device,NVIDIA A100-SXM4-40GB MIG 4g.20gb (0),1,,13,[CUDA memcpy Host-to-Device]
2994424918,13120,145598,,,,,,,,,,0.197,14985.265,Pinned,Device,NVIDIA A100-SXM4-40GB MIG 4g.20gb (0),1,,13,[CUDA memcpy Host-to-Device]
2994447446,9472,145599,273,1,1,48,1,1,40,0.000,0.001,,,,,NVIDIA A100-SXM4-40GB MIG 4g.20gb (0),1,,13,"void pusch_noise_intf_est::noiseIntfEstNoDftSOfdmKernel<float, __half, float, float, (unsigned int)2, (unsigned int)1, (unsigned char)4, (unsigned char)4>(pusch_noise_intf_est::puschRxNoiseIntfEstDynDescr)"
2994459894,2848,145610,35,1,1,128,1,1,16,0.000,0.000,,,,,NVIDIA A100-SXM4-40GB MIG 4g.20gb (0),1,,13,cupy_copy__complex64_complex64
2994472886,1984,145619,1,1,1,1,1,1,18,0.000,0.000,,,,,NVIDIA A100-SXM4-40GB MIG 4g.20gb (0),1,,13,cupy_copy__float32_float32
2994502582,1695,145625,,,,,,,,,,0.000,2.360,Device,Pageable,NVIDIA A100-SXM4-40GB MIG 4g.20gb (0),1,,7,[CUDA memcpy Device-to-Host]
2994564725,12640,145636,1434,1,1,128,1,1,16,0.000,0.000,,,,,NVIDIA A100-SXM4-40GB MIG 4g.20gb (0),1,,13,cupy_copy__complex64_complex64
2994591860,2784,145643,103,1,1,128,1,1,16,0.000,0.000,,,,,NVIDIA A100-SXM4-40GB MIG 4g.20gb (0),1,,13,cupy_copy__complex64_complex64
2994612724,2368,145650,35,1,1,128,1,1,16,0.000,0.000,,,,,NVIDIA A100-SXM4-40GB MIG 4g.20gb (0),1,,13,cupy_copy__complex64_complex64
2994632500,1824,145657,1,1,1,1,1,1,18,0.000,0.000,,,,,NVIDIA A100-SXM4-40GB MIG 4g.20gb (0),1,,13,cupy_copy__float32_float32
2994763314,86559,145668,1,1,1,32,32,1,30,0.000,0.000,,,,,NVIDIA A100-SXM4-40GB MIG 4g.20gb (0),1,,13,"void convert_kernel<__half2, float2>(tensor_layout_any, T1 *, tensor_layout_any, const T2 *)"
2994878865,5856,145671,,,,,,,,,,0.094,15999.997,Pinned,Device,NVIDIA A100-SXM4-40GB MIG 4g.20gb (0),1,,13,[CUDA memcpy Host-to-Device]
2994894513,3552,145672,,,,,,,,,,1.547,435422.601,Device,,NVIDIA A100-SXM4-40GB MIG 4g.20gb (0),1,,13,[CUDA memset]
2994901009,3488,145677,,,,,,,,,,0.031,8972.469,Pinned,Device,NVIDIA A100-SXM4-40GB MIG 4g.20gb (0),1,,13,[CUDA memcpy Host-to-Device]
2994906897,9599,145678,,,,,,,,,,0.197,20482.032,Pinned,Device,NVIDIA A100-SXM4-40GB MIG 4g.20gb (0),1,,13,[CUDA memcpy Host-to-Device]
2994922288,6240,145679,273,1,1,8,4,1,39,0.002,0.000,,,,,NVIDIA A100-SXM4-40GB MIG 4g.20gb (0),1,,13,"void channel_eq::eqMmseCoefCompLowMimoKernel<float, float, float, (unsigned int)4, (unsigned int)1, (unsigned int)4>(const channel_eq::_puschRxChEqStatDescr *, channel_eq::_puschRxChEqCoefCompDynDescr)"
2994931472,6208,145680,273,1,1,12,11,1,51,0.002,0.000,,,,,NVIDIA A100-SXM4-40GB MIG 4g.20gb (0),1,,13,"void channel_eq::eqMmseSoftDemapKernel<float, __half, __half, float, (unsigned int)4, (unsigned short)16383>(channel_eq::_puschRxChEqStatDescr *, channel_eq::_puschRxChEqSoftDemapDynDescr)"
2994938768,282525,145681,1,1,1,32,32,1,30,0.000,0.000,,,,,NVIDIA A100-SXM4-40GB MIG 4g.20gb (0),1,,13,"void convert_kernel<float2, __half2>(tensor_layout_any, T1 *, tensor_layout_any, const T2 *)"
2995223725,11071,145693,2253,1,1,128,1,1,16,0.000,0.000,,,,,NVIDIA A100-SXM4-40GB MIG 4g.20gb (0),1,,13,cupy_copy__float16_float16
2995238316,3520,145702,282,1,1,128,1,1,16,0.000,0.000,,,,,NVIDIA A100-SXM4-40GB MIG 4g.20gb (0),1,,13,cupy_copy__complex64_complex64
2995242796,2048,145711,26,1,1,128,1,1,16,0.000,0.000,,,,,NVIDIA A100-SXM4-40GB MIG 4g.20gb (0),1,,13,cupy_copy__float32_float32
2995248364,3168,145720,103,1,1,128,1,1,16,0.000,0.000,,,,,NVIDIA A100-SXM4-40GB MIG 4g.20gb (0),1,,13,cupy_copy__complex64_complex64
2995254732,11968,145730,1434,1,1,128,1,1,16,0.000,0.000,,,,,NVIDIA A100-SXM4-40GB MIG 4g.20gb (0),1,,13,cupy_copy__complex64_complex64
2995273388,82495,145735,1,1,1,32,32,1,30,0.000,0.000,,,,,NVIDIA A100-SXM4-40GB MIG 4g.20gb (0),1,,13,"void convert_kernel<__half2, float2>(tensor_layout_any, T1 *, tensor_layout_any, const T2 *)"
2995382955,5440,145738,,,,,,,,,,0.094,17223.480,Pinned,Device,NVIDIA A100-SXM4-40GB MIG 4g.20gb (0),1,,13,[CUDA memcpy Host-to-Device]
2995392874,603545,145739,,,,,,,,,,456.561,756065.745,Device,,NVIDIA A100-SXM4-40GB MIG 4g.20gb (0),1,,13,[CUDA memset]
2996001443,166622,145744,,,,,,,,,,1.235,7410.899,Pinned,Device,NVIDIA A100-SXM4-40GB MIG 4g.20gb (0),1,,13,[CUDA memcpy Host-to-Device]
2996180193,40671,145745,,,,,,,,,,0.197,4834.001,Pinned,Device,NVIDIA A100-SXM4-40GB MIG 4g.20gb (0),1,,13,[CUDA memcpy Host-to-Device]
2996239904,8032,145746,69,4,1,48,1,1,76,0.002,0.000,,,,,NVIDIA A100-SXM4-40GB MIG 4g.20gb (0),1,,13,"void ch_est::windowedChEstPreNoDftSOfdmKernel<float, __half, float, (unsigned int)2, (unsigned int)1, (unsigned short)4>(ch_est::puschRxChEstStatDescr_t *, ch_est::puschRxChEstDynDescr_t *)"
2996259360,6912,145747,137,2,1,24,2,1,44,0.001,0.001,,,,,NVIDIA A100-SXM4-40GB MIG 4g.20gb (0),1,,13,"void ch_est::chEstFilterNoDftSOfdmDispatchKernel<float, __half, float, (unsigned int)2>(ch_est::puschRxChEstStatDescr_t *, ch_est::puschRxChEstDynDescr_t *)"
2996277152,4672,145748,137,2,1,24,2,1,44,0.001,0.001,,,,,NVIDIA A100-SXM4-40GB MIG 4g.20gb (0),1,,13,"void ch_est::chEstFilterNoDftSOfdmDispatchKernel<float, __half, float, (unsigned int)2>(ch_est::puschRxChEstStatDescr_t *, ch_est::puschRxChEstDynDescr_t *)"
2996294751,2592,145759,103,1,1,128,1,1,16,0.000,0.000,,,,,NVIDIA A100-SXM4-40GB MIG 4g.20gb (0),1,,13,cupy_copy__complex64_complex64
2996309791,12320,145769,1434,1,1,128,1,1,16,0.000,0.000,,,,,NVIDIA A100-SXM4-40GB MIG 4g.20gb (0),1,,13,cupy_copy__complex64_complex64
2996324767,2880,145776,103,1,1,128,1,1,16,0.000,0.000,,,,,NVIDIA A100-SXM4-40GB MIG 4g.20gb (0),1,,13,cupy_copy__complex64_complex64
2996331231,85407,145783,1,1,1,32,32,1,30,0.000,0.000,,,,,NVIDIA A100-SXM4-40GB MIG 4g.20gb (0),1,,13,"void convert_kernel<__half2, float2>(tensor_layout_any, T1 *, tensor_layout_any, const T2 *)"
2996445245,14048,145786,,,,,,,,,,0.094,6669.656,Pinned,Device,NVIDIA A100-SXM4-40GB MIG 4g.20gb (0),1,,13,[CUDA memcpy Host-to-Device]
2996464797,47872,145787,,,,,,,,,,35.810,748033.419,Device,,NVIDIA A100-SXM4-40GB MIG 4g.20gb (0),1,,13,[CUDA memset]
2996518685,5600,145789,,,,,,,,,,0.000,14.286,Pinned,Device,NVIDIA A100-SXM4-40GB MIG 4g.20gb (0),1,,13,[CUDA memcpy Host-to-Device]
2996528508,19424,145790,,,,,,,,,,0.197,10121.773,Pinned,Device,NVIDIA A100-SXM4-40GB MIG 4g.20gb (0),1,,13,[CUDA memcpy Host-to-Device]
2996559100,9984,145791,273,1,1,48,1,1,40,0.000,0.001,,,,,NVIDIA A100-SXM4-40GB MIG 4g.20gb (0),1,,13,"void pusch_noise_intf_est::noiseIntfEstNoDftSOfdmKernel<float, __half, float, float, (unsigned int)2, (unsigned int)1, (unsigned char)4, (unsigned char)4>(pusch_noise_intf_est::puschRxNoiseIntfEstDynDescr)"
2996575836,4544,145802,35,1,1,128,1,1,16,0.000,0.000,,,,,NVIDIA A100-SXM4-40GB MIG 4g.20gb (0),1,,13,cupy_copy__complex64_complex64
2996591868,1792,145811,1,1,1,1,1,1,18,0.000,0.000,,,,,NVIDIA A100-SXM4-40GB MIG 4g.20gb (0),1,,13,cupy_copy__float32_float32
2996599676,3744,145817,,,,,,,,,,0.000,1.068,Device,Pageable,NVIDIA A100-SXM4-40GB MIG 4g.20gb (0),1,,7,[CUDA memcpy Device-to-Host]
2996668219,13024,145828,1434,1,1,128,1,1,16,0.000,0.000,,,,,NVIDIA A100-SXM4-40GB MIG 4g.20gb (0),1,,13,cupy_copy__complex64_complex64
2996697786,2912,145835,103,1,1,128,1,1,16,0.000,0.000,,,,,NVIDIA A100-SXM4-40GB MIG 4g.20gb (0),1,,13,cupy_copy__complex64_complex64
2996713210,2304,145842,35,1,1,128,1,1,16,0.000,0.000,,,,,NVIDIA A100-SXM4-40GB MIG 4g.20gb (0),1,,13,cupy_copy__complex64_complex64
2996731034,1760,145849,1,1,1,1,1,1,18,0.000,0.000,,,,,NVIDIA A100-SXM4-40GB MIG 4g.20gb (0),1,,13,cupy_copy__float32_float32
2996863480,82271,145860,1,1,1,32,32,1,30,0.000,0.000,,,,,NVIDIA A100-SXM4-40GB MIG 4g.20gb (0),1,,13,"void convert_kernel<__half2, float2>(tensor_layout_any, T1 *, tensor_layout_any, const T2 *)"
2996973111,5728,145863,,,,,,,,,,0.094,16357.541,Pinned,Device,NVIDIA A100-SXM4-40GB MIG 4g.20gb (0),1,,13,[CUDA memcpy Host-to-Device]
2996988919,3232,145864,,,,,,,,,,1.547,478533.199,Device,,NVIDIA A100-SXM4-40GB MIG 4g.20gb (0),1,,13,[CUDA memset]
2996994487,3008,145869,,,,,,,,,,0.031,10404.230,Pinned,Device,NVIDIA A100-SXM4-40GB MIG 4g.20gb (0),1,,13,[CUDA memcpy Host-to-Device]
2996999991,10911,145870,,,,,,,,,,0.197,18019.123,Pinned,Device,NVIDIA A100-SXM4-40GB MIG 4g.20gb (0),1,,13,[CUDA memcpy Host-to-Device]
2997017398,6592,145871,273,1,1,8,4,1,39,0.002,0.000,,,,,NVIDIA A100-SXM4-40GB MIG 4g.20gb (0),1,,13,"void channel_eq::eqMmseCoefCompLowMimoKernel<float, float, float, (unsigned int)4, (unsigned int)1, (unsigned int)4>(const channel_eq::_puschRxChEqStatDescr *, channel_eq::_puschRxChEqCoefCompDynDescr)"
2997025718,7872,145872,273,1,1,12,11,1,51,0.002,0.000,,,,,NVIDIA A100-SXM4-40GB MIG 4g.20gb (0),1,,13,"void channel_eq::eqMmseSoftDemapKernel<float, __half, __half, float, (unsigned int)4, (unsigned short)16383>(channel_eq::_puschRxChEqStatDescr *, channel_eq::_puschRxChEqSoftDemapDynDescr)"
2997036182,295133,145873,1,1,1,32,32,1,30,0.000,0.000,,,,,NVIDIA A100-SXM4-40GB MIG 4g.20gb (0),1,,13,"void convert_kernel<float2, __half2>(tensor_layout_any, T1 *, tensor_layout_any, const T2 *)"
2997332307,11103,145885,2253,1,1,128,1,1,16,0.000,0.000,,,,,NVIDIA A100-SXM4-40GB MIG 4g.20gb (0),1,,13,cupy_copy__float16_float16
2997345778,3808,145894,282,1,1,128,1,1,16,0.000,0.000,,,,,NVIDIA A100-SXM4-40GB MIG 4g.20gb (0),1,,13,cupy_copy__complex64_complex64
2997352530,2112,145903,26,1,1,128,1,1,16,0.000,0.000,,,,,NVIDIA A100-SXM4-40GB MIG 4g.20gb (0),1,,13,cupy_copy__float32_float32
2997357586,4672,145912,103,1,1,128,1,1,16,0.000,0.000,,,,,NVIDIA A100-SXM4-40GB MIG 4g.20gb (0),1,,13,cupy_copy__complex64_complex64
2997364946,12416,145922,1434,1,1,128,1,1,16,0.000,0.000,,,,,NVIDIA A100-SXM4-40GB MIG 4g.20gb (0),1,,13,cupy_copy__complex64_complex64
2997382002,86271,145927,1,1,1,32,32,1,30,0.000,0.000,,,,,NVIDIA A100-SXM4-40GB MIG 4g.20gb (0),1,,13,"void convert_kernel<__half2, float2>(tensor_layout_any, T1 *, tensor_layout_any, const T2 *)"
2997496272,5632,145930,,,,,,,,,,0.094,16636.287,Pinned,Device,NVIDIA A100-SXM4-40GB MIG 4g.20gb (0),1,,13,[CUDA memcpy Host-to-Device]
2997505872,596761,145931,,,,,,,,,,456.561,764740.412,Device,,NVIDIA A100-SXM4-40GB MIG 4g.20gb (0),1,,13,[CUDA memset]
2998106569,161662,145936,,,,,,,,,,1.235,7638.129,Pinned,Device,NVIDIA A100-SXM4-40GB MIG 4g.20gb (0),1,,13,[CUDA memcpy Host-to-Device]
2998282439,41567,145937,,,,,,,,,,0.197,4729.799,Pinned,Device,NVIDIA A100-SXM4-40GB MIG 4g.20gb (0),1,,13,[CUDA memcpy Host-to-Device]
2998345670,8000,145938,69,4,1,48,1,1,76,0.002,0.000,,,,,NVIDIA A100-SXM4-40GB MIG 4g.20gb (0),1,,13,"void ch_est::windowedChEstPreNoDftSOfdmKernel<float, __half, float, (unsigned int)2, (unsigned int)1, (unsigned short)4>(ch_est::puschRxChEstStatDescr_t *, ch_est::puschRxChEstDynDescr_t *)"
2998364998,6720,145939,137,2,1,24,2,1,44,0.001,0.001,,,,,NVIDIA A100-SXM4-40GB MIG 4g.20gb (0),1,,13,"void ch_est::chEstFilterNoDftSOfdmDispatchKernel<float, __half, float, (unsigned int)2>(ch_est::puschRxChEstStatDescr_t *, ch_est::puschRxChEstDynDescr_t *)"
2998382150,4703,145940,137,2,1,24,2,1,44,0.001,0.001,,,,,NVIDIA A100-SXM4-40GB MIG 4g.20gb (0),1,,13,"void ch_est::chEstFilterNoDftSOfdmDispatchKernel<float, __half, float, (unsigned int)2>(ch_est::puschRxChEstStatDescr_t *, ch_est::puschRxChEstDynDescr_t *)"
2998401765,2592,145951,103,1,1,128,1,1,16,0.000,0.000,,,,,NVIDIA A100-SXM4-40GB MIG 4g.20gb (0),1,,13,cupy_copy__complex64_complex64
2998418821,12384,145961,1434,1,1,128,1,1,16,0.000,0.000,,,,,NVIDIA A100-SXM4-40GB MIG 4g.20gb (0),1,,13,cupy_copy__complex64_complex64
2998437829,2560,145968,103,1,1,128,1,1,16,0.000,0.000,,,,,NVIDIA A100-SXM4-40GB MIG 4g.20gb (0),1,,13,cupy_copy__complex64_complex64
2998460101,89022,145975,1,1,1,32,32,1,30,0.000,0.000,,,,,NVIDIA A100-SXM4-40GB MIG 4g.20gb (0),1,,13,"void convert_kernel<__half2, float2>(tensor_layout_any, T1 *, tensor_layout_any, const T2 *)"
2998580707,25408,145978,,,,,,,,,,0.094,3687.593,Pinned,Device,NVIDIA A100-SXM4-40GB MIG 4g.20gb (0),1,,13,[CUDA memcpy Host-to-Device]
2998633058,47296,145979,,,,,,,,,,35.810,757129.139,Device,,NVIDIA A100-SXM4-40GB MIG 4g.20gb (0),1,,13,[CUDA memset]
2998688514,12736,145981,,,,,,,,,,0.000,6.281,Pinned,Device,NVIDIA A100-SXM4-40GB MIG 4g.20gb (0),1,,13,[CUDA memcpy Host-to-Device]
2998712801,22048,145982,,,,,,,,,,0.197,8917.156,Pinned,Device,NVIDIA A100-SXM4-40GB MIG 4g.20gb (0),1,,13,[CUDA memcpy Host-to-Device]
2998760097,9952,145983,273,1,1,48,1,1,40,0.000,0.001,,,,,NVIDIA A100-SXM4-40GB MIG 4g.20gb (0),1,,13,"void pusch_noise_intf_est::noiseIntfEstNoDftSOfdmKernel<float, __half, float, float, (unsigned int)2, (unsigned int)1, (unsigned char)4, (unsigned char)4>(pusch_noise_intf_est::puschRxNoiseIntfEstDynDescr)"
2998773057,3168,145994,35,1,1,128,1,1,16,0.000,0.000,,,,,NVIDIA A100-SXM4-40GB MIG 4g.20gb (0),1,,13,cupy_copy__complex64_complex64
2998786113,1728,146003,1,1,1,1,1,1,18,0.000,0.000,,,,,NVIDIA A100-SXM4-40GB MIG 4g.20gb (0),1,,13,cupy_copy__float32_float32
2998792960,1760,146009,,,,,,,,,,0.000,2.273,Device,Pageable,NVIDIA A100-SXM4-40GB MIG 4g.20gb (0),1,,7,[CUDA memcpy Device-to-Host]
2998875999,13184,146020,1434,1,1,128,1,1,16,0.000,0.000,,,,,NVIDIA A100-SXM4-40GB MIG 4g.20gb (0),1,,13,cupy_copy__complex64_complex64
2998910655,3392,146027,103,1,1,128,1,1,16,0.000,0.000,,,,,NVIDIA A100-SXM4-40GB MIG 4g.20gb (0),1,,13,cupy_copy__complex64_complex64
2998925919,2368,146034,35,1,1,128,1,1,16,0.000,0.000,,,,,NVIDIA A100-SXM4-40GB MIG 4g.20gb (0),1,,13,cupy_copy__complex64_complex64
2998947167,1920,146041,1,1,1,1,1,1,18,0.000,0.000,,,,,NVIDIA A100-SXM4-40GB MIG 4g.20gb (0),1,,13,cupy_copy__float32_float32
2999073149,82367,146052,1,1,1,32,32,1,30,0.000,0.000,,,,,NVIDIA A100-SXM4-40GB MIG 4g.20gb (0),1,,13,"void convert_kernel<__half2, float2>(tensor_layout_any, T1 *, tensor_layout_any, const T2 *)"
2999183100,5760,146055,,,,,,,,,,0.094,16266.656,Pinned,Device,NVIDIA A100-SXM4-40GB MIG 4g.20gb (0),1,,13,[CUDA memcpy Host-to-Device]
2999199803,3232,146056,,,,,,,,,,1.547,478533.199,Device,,NVIDIA A100-SXM4-40GB MIG 4g.20gb (0),1,,13,[CUDA memset]
2999204443,3008,146061,,,,,,,,,,0.031,10404.230,Pinned,Device,NVIDIA A100-SXM4-40GB MIG 4g.20gb (0),1,,13,[CUDA memcpy Host-to-Device]
2999209883,9728,146062,,,,,,,,,,0.197,20210.516,Pinned,Device,NVIDIA A100-SXM4-40GB MIG 4g.20gb (0),1,,13,[CUDA memcpy Host-to-Device]
2999225883,6560,146063,273,1,1,8,4,1,39,0.002,0.000,,,,,NVIDIA A100-SXM4-40GB MIG 4g.20gb (0),1,,13,"void channel_eq::eqMmseCoefCompLowMimoKernel<float, float, float, (unsigned int)4, (unsigned int)1, (unsigned int)4>(const channel_eq::_puschRxChEqStatDescr *, channel_eq::_puschRxChEqCoefCompDynDescr)"
2999233499,6368,146064,273,1,1,12,11,1,51,0.002,0.000,,,,,NVIDIA A100-SXM4-40GB MIG 4g.20gb (0),1,,13,"void channel_eq::eqMmseSoftDemapKernel<float, __half, __half, float, (unsigned int)4, (unsigned short)16383>(channel_eq::_puschRxChEqStatDescr *, channel_eq::_puschRxChEqSoftDemapDynDescr)"
2999240891,283036,146065,1,1,1,32,32,1,30,0.000,0.000,,,,,NVIDIA A100-SXM4-40GB MIG 4g.20gb (0),1,,13,"void convert_kernel<float2, __half2>(tensor_layout_any, T1 *, tensor_layout_any, const T2 *)"
2999524951,11072,146077,2253,1,1,128,1,1,16,0.000,0.000,,,,,NVIDIA A100-SXM4-40GB MIG 4g.20gb (0),1,,13,cupy_copy__float16_float16
2999538199,2944,146086,282,1,1,128,1,1,16,0.000,0.000,,,,,NVIDIA A100-SXM4-40GB MIG 4g.20gb (0),1,,13,cupy_copy__complex64_complex64
2999542743,2208,146095,26,1,1,128,1,1,16,0.000,0.000,,,,,NVIDIA A100-SXM4-40GB MIG 4g.20gb (0),1,,13,cupy_copy__float32_float32
2999547575,7264,146104,103,1,1,128,1,1,16,0.000,0.000,,,,,NVIDIA A100-SXM4-40GB MIG 4g.20gb (0),1,,13,cupy_copy__complex64_complex64
2999556727,12192,146114,1434,1,1,128,1,1,16,0.000,0.000,,,,,NVIDIA A100-SXM4-40GB MIG 4g.20gb (0),1,,13,cupy_copy__complex64_complex64
2999574103,81055,146119,1,1,1,32,32,1,30,0.000,0.000,,,,,NVIDIA A100-SXM4-40GB MIG 4g.20gb (0),1,,13,"void convert_kernel<__half2, float2>(tensor_layout_any, T1 *, tensor_layout_any, const T2 *)"
2999682005,6048,146122,,,,,,,,,,0.094,15491.978,Pinned,Device,NVIDIA A100-SXM4-40GB MIG 4g.20gb (0),1,,13,[CUDA memcpy Host-to-Device]
2999692853,597721,146123,,,,,,,,,,456.561,763827.289,Device,,NVIDIA A100-SXM4-40GB MIG 4g.20gb (0),1,,13,[CUDA memset]
3000295854,168862,146128,,,,,,,,,,1.235,7312.103,Pinned,Device,NVIDIA A100-SXM4-40GB MIG 4g.20gb (0),1,,13,[CUDA memcpy Host-to-Device]
3000474540,34207,146129,,,,,,,,,,0.197,5747.442,Pinned,Device,NVIDIA A100-SXM4-40GB MIG 4g.20gb (0),1,,13,[CUDA memcpy Host-to-Device]
3000522155,7744,146130,69,4,1,48,1,1,76,0.002,0.000,,,,,NVIDIA A100-SXM4-40GB MIG 4g.20gb (0),1,,13,"void ch_est::windowedChEstPreNoDftSOfdmKernel<float, __half, float, (unsigned int)2, (unsigned int)1, (unsigned short)4>(ch_est::puschRxChEstStatDescr_t *, ch_est::puschRxChEstDynDescr_t *)"
3000538251,6240,146131,137,2,1,24,2,1,44,0.001,0.001,,,,,NVIDIA A100-SXM4-40GB MIG 4g.20gb (0),1,,13,"void ch_est::chEstFilterNoDftSOfdmDispatchKernel<float, __half, float, (unsigned int)2>(ch_est::puschRxChEstStatDescr_t *, ch_est::puschRxChEstDynDescr_t *)"
3000550859,4672,146132,137,2,1,24,2,1,44,0.001,0.001,,,,,NVIDIA A100-SXM4-40GB MIG 4g.20gb (0),1,,13,"void ch_est::chEstFilterNoDftSOfdmDispatchKernel<float, __half, float, (unsigned int)2>(ch_est::puschRxChEstStatDescr_t *, ch_est::puschRxChEstDynDescr_t *)"
3000562987,2496,146143,103,1,1,128,1,1,16,0.000,0.000,,,,,NVIDIA A100-SXM4-40GB MIG 4g.20gb (0),1,,13,cupy_copy__complex64_complex64
3000573130,12448,146153,1434,1,1,128,1,1,16,0.000,0.000,,,,,NVIDIA A100-SXM4-40GB MIG 4g.20gb (0),1,,13,cupy_copy__complex64_complex64
3000593706,2880,146160,103,1,1,128,1,1,16,0.000,0.000,,,,,NVIDIA A100-SXM4-40GB MIG 4g.20gb (0),1,,13,cupy_copy__complex64_complex64
3000611274,86495,146167,1,1,1,32,32,1,30,0.000,0.000,,,,,NVIDIA A100-SXM4-40GB MIG 4g.20gb (0),1,,13,"void convert_kernel<__half2, float2>(tensor_layout_any, T1 *, tensor_layout_any, const T2 *)"
3000731528,18272,146170,,,,,,,,,,0.094,5127.795,Pinned,Device,NVIDIA A100-SXM4-40GB MIG 4g.20gb (0),1,,13,[CUDA memcpy Host-to-Device]
3000774920,45919,146171,,,,,,,,,,35.810,779832.628,Device,,NVIDIA A100-SXM4-40GB MIG 4g.20gb (0),1,,13,[CUDA memset]
3000827175,10720,146173,,,,,,,,,,0.000,7.463,Pinned,Device,NVIDIA A100-SXM4-40GB MIG 4g.20gb (0),1,,13,[CUDA memcpy Host-to-Device]
3000850439,29696,146174,,,,,,,,,,0.197,6620.578,Pinned,Device,NVIDIA A100-SXM4-40GB MIG 4g.20gb (0),1,,13,[CUDA memcpy Host-to-Device]
3000904614,9760,146175,273,1,1,48,1,1,40,0.000,0.001,,,,,NVIDIA A100-SXM4-40GB MIG 4g.20gb (0),1,,13,"void pusch_noise_intf_est::noiseIntfEstNoDftSOfdmKernel<float, __half, float, float, (unsigned int)2, (unsigned int)1, (unsigned char)4, (unsigned char)4>(pusch_noise_intf_est::puschRxNoiseIntfEstDynDescr)"
3000921510,2592,146186,35,1,1,128,1,1,16,0.000,0.000,,,,,NVIDIA A100-SXM4-40GB MIG 4g.20gb (0),1,,13,cupy_copy__complex64_complex64
3000938438,1696,146195,1,1,1,1,1,1,18,0.000,0.000,,,,,NVIDIA A100-SXM4-40GB MIG 4g.20gb (0),1,,13,cupy_copy__float32_float32
3000943014,6880,146201,,,,,,,,,,0.000,0.581,Device,Pageable,NVIDIA A100-SXM4-40GB MIG 4g.20gb (0),1,,7,[CUDA memcpy Device-to-Host]
3001044677,12671,146212,1434,1,1,128,1,1,16,0.000,0.000,,,,,NVIDIA A100-SXM4-40GB MIG 4g.20gb (0),1,,13,cupy_copy__complex64_complex64
3001071300,2624,146219,103,1,1,128,1,1,16,0.000,0.000,,,,,NVIDIA A100-SXM4-40GB MIG 4g.20gb (0),1,,13,cupy_copy__complex64_complex64
3001088708,2176,146226,35,1,1,128,1,1,16,0.000,0.000,,,,,NVIDIA A100-SXM4-40GB MIG 4g.20gb (0),1,,13,cupy_copy__complex64_complex64
3001092548,1728,146233,1,1,1,1,1,1,18,0.000,0.000,,,,,NVIDIA A100-SXM4-40GB MIG 4g.20gb (0),1,,13,cupy_copy__float32_float32
3001240322,88127,146244,1,1,1,32,32,1,30,0.000,0.000,,,,,NVIDIA A100-SXM4-40GB MIG 4g.20gb (0),1,,13,"void convert_kernel<__half2, float2>(tensor_layout_any, T1 *, tensor_layout_any, const T2 *)"
3001357313,13632,146247,,,,,,,,,,0.094,6873.164,Pinned,Device,NVIDIA A100-SXM4-40GB MIG 4g.20gb (0),1,,13,[CUDA memcpy Host-to-Device]
3001380224,3520,146248,,,,,,,,,,1.547,439380.412,Device,,NVIDIA A100-SXM4-40GB MIG 4g.20gb (0),1,,13,[CUDA memset]
3001386720,7744,146253,,,,,,,,,,0.031,4041.315,Pinned,Device,NVIDIA A100-SXM4-40GB MIG 4g.20gb (0),1,,13,[CUDA memcpy Host-to-Device]
3001397664,13248,146254,,,,,,,,,,0.197,14840.562,Pinned,Device,NVIDIA A100-SXM4-40GB MIG 4g.20gb (0),1,,13,[CUDA memcpy Host-to-Device]
3001419840,6272,146255,273,1,1,8,4,1,39,0.002,0.000,,,,,NVIDIA A100-SXM4-40GB MIG 4g.20gb (0),1,,13,"void channel_eq::eqMmseCoefCompLowMimoKernel<float, float, float, (unsigned int)4, (unsigned int)1, (unsigned int)4>(const channel_eq::_puschRxChEqStatDescr *, channel_eq::_puschRxChEqCoefCompDynDescr)"
3001429600,5536,146256,273,1,1,12,11,1,51,0.002,0.000,,,,,NVIDIA A100-SXM4-40GB MIG 4g.20gb (0),1,,13,"void channel_eq::eqMmseSoftDemapKernel<float, __half, __half, float, (unsigned int)4, (unsigned short)16383>(channel_eq::_puschRxChEqStatDescr *, channel_eq::_puschRxChEqSoftDemapDynDescr)"
3001438016,295772,146257,1,1,1,32,32,1,30,0.000,0.000,,,,,NVIDIA A100-SXM4-40GB MIG 4g.20gb (0),1,,13,"void convert_kernel<float2, __half2>(tensor_layout_any, T1 *, tensor_layout_any, const T2 *)"
3001736604,11008,146269,2253,1,1,128,1,1,16,0.000,0.000,,,,,NVIDIA A100-SXM4-40GB MIG 4g.20gb (0),1,,13,cupy_copy__float16_float16
3001750076,3040,146278,282,1,1,128,1,1,16,0.000,0.000,,,,,NVIDIA A100-SXM4-40GB MIG 4g.20gb (0),1,,13,cupy_copy__complex64_complex64
3001755068,2048,146287,26,1,1,128,1,1,16,0.000,0.000,,,,,NVIDIA A100-SXM4-40GB MIG 4g.20gb (0),1,,13,cupy_copy__float32_float32
3001759836,4576,146296,103,1,1,128,1,1,16,0.000,0.000,,,,,NVIDIA A100-SXM4-40GB MIG 4g.20gb (0),1,,13,cupy_copy__complex64_complex64
3001766940,12256,146306,1434,1,1,128,1,1,16,0.000,0.000,,,,,NVIDIA A100-SXM4-40GB MIG 4g.20gb (0),1,,13,cupy_copy__complex64_complex64
3001784955,88191,146311,1,1,1,32,32,1,30,0.000,0.000,,,,,NVIDIA A100-SXM4-40GB MIG 4g.20gb (0),1,,13,"void convert_kernel<__half2, float2>(tensor_layout_any, T1 *, tensor_layout_any, const T2 *)"
3001900186,5472,146314,,,,,,,,,,0.094,17122.757,Pinned,Device,NVIDIA A100-SXM4-40GB MIG 4g.20gb (0),1,,13,[CUDA memcpy Host-to-Device]
3001911450,597113,146315,,,,,,,,,,456.561,764283.851,Device,,NVIDIA A100-SXM4-40GB MIG 4g.20gb (0),1,,13,[CUDA memset]
3002514386,116639,146320,,,,,,,,,,1.235,10587.175,Pinned,Device,NVIDIA A100-SXM4-40GB MIG 4g.20gb (0),1,,13,[CUDA memcpy Host-to-Device]
3002643281,30207,146321,,,,,,,,,,0.197,6508.511,Pinned,Device,NVIDIA A100-SXM4-40GB MIG 4g.20gb (0),1,,13,[CUDA memcpy Host-to-Device]
3002683664,8800,146322,69,4,1,48,1,1,76,0.002,0.000,,,,,NVIDIA A100-SXM4-40GB MIG 4g.20gb (0),1,,13,"void ch_est::windowedChEstPreNoDftSOfdmKernel<float, __half, float, (unsigned int)2, (unsigned int)1, (unsigned short)4>(ch_est::puschRxChEstStatDescr_t *, ch_est::puschRxChEstDynDescr_t *)"
3002697456,6752,146323,137,2,1,24,2,1,44,0.001,0.001,,,,,NVIDIA A100-SXM4-40GB MIG 4g.20gb (0),1,,13,"void ch_est::chEstFilterNoDftSOfdmDispatchKernel<float, __half, float, (unsigned int)2>(ch_est::puschRxChEstStatDescr_t *, ch_est::puschRxChEstDynDescr_t *)"
3002712848,6304,146324,137,2,1,24,2,1,44,0.001,0.001,,,,,NVIDIA A100-SXM4-40GB MIG 4g.20gb (0),1,,13,"void ch_est::chEstFilterNoDftSOfdmDispatchKernel<float, __half, float, (unsigned int)2>(ch_est::puschRxChEstStatDescr_t *, ch_est::puschRxChEstDynDescr_t *)"
3002720912,2432,146335,103,1,1,128,1,1,16,0.000,0.000,,,,,NVIDIA A100-SXM4-40GB MIG 4g.20gb (0),1,,13,cupy_copy__complex64_complex64
3002728752,12768,146345,1434,1,1,128,1,1,16,0.000,0.000,,,,,NVIDIA A100-SXM4-40GB MIG 4g.20gb (0),1,,13,cupy_copy__complex64_complex64
3002746672,2784,146352,103,1,1,128,1,1,16,0.000,0.000,,,,,NVIDIA A100-SXM4-40GB MIG 4g.20gb (0),1,,13,cupy_copy__complex64_complex64
3002754639,88543,146359,1,1,1,32,32,1,30,0.000,0.000,,,,,NVIDIA A100-SXM4-40GB MIG 4g.20gb (0),1,,13,"void convert_kernel<__half2, float2>(tensor_layout_any, T1 *, tensor_layout_any, const T2 *)"
3002875566,10464,146362,,,,,,,,,,0.094,8954.058,Pinned,Device,NVIDIA A100-SXM4-40GB MIG 4g.20gb (0),1,,13,[CUDA memcpy Host-to-Device]
3002893806,46975,146363,,,,,,,,,,35.810,762285.767,Device,,NVIDIA A100-SXM4-40GB MIG 4g.20gb (0),1,,13,[CUDA memset]
3002946957,2720,146365,,,,,,,,,,0.000,29.412,Pinned,Device,NVIDIA A100-SXM4-40GB MIG 4g.20gb (0),1,,13,[CUDA memcpy Host-to-Device]
3002959309,21696,146366,,,,,,,,,,0.197,9061.859,Pinned,Device,NVIDIA A100-SXM4-40GB MIG 4g.20gb (0),1,,13,[CUDA memcpy Host-to-Device]
3002994925,9471,146367,273,1,1,48,1,1,40,0.000,0.001,,,,,NVIDIA A100-SXM4-40GB MIG 4g.20gb (0),1,,13,"void pusch_noise_intf_est::noiseIntfEstNoDftSOfdmKernel<float, __half, float, float, (unsigned int)2, (unsigned int)1, (unsigned char)4, (unsigned char)4>(pusch_noise_intf_est::puschRxNoiseIntfEstDynDescr)"
3003013356,2912,146378,35,1,1,128,1,1,16,0.000,0.000,,,,,NVIDIA A100-SXM4-40GB MIG 4g.20gb (0),1,,13,cupy_copy__complex64_complex64
3003022220,1696,146387,1,1,1,1,1,1,18,0.000,0.000,,,,,NVIDIA A100-SXM4-40GB MIG 4g.20gb (0),1,,13,cupy_copy__float32_float32
3003035148,6112,146393,,,,,,,,,,0.000,0.654,Device,Pageable,NVIDIA A100-SXM4-40GB MIG 4g.20gb (0),1,,7,[CUDA memcpy Device-to-Host]
3003103339,12832,146404,1434,1,1,128,1,1,16,0.000,0.000,,,,,NVIDIA A100-SXM4-40GB MIG 4g.20gb (0),1,,13,cupy_copy__complex64_complex64
3003130315,2784,146411,103,1,1,128,1,1,16,0.000,0.000,,,,,NVIDIA A100-SXM4-40GB MIG 4g.20gb (0),1,,13,cupy_copy__complex64_complex64
3003150763,2176,146418,35,1,1,128,1,1,16,0.000,0.000,,,,,NVIDIA A100-SXM4-40GB MIG 4g.20gb (0),1,,13,cupy_copy__complex64_complex64
3003169450,1792,146425,1,1,1,1,1,1,18,0.000,0.000,,,,,NVIDIA A100-SXM4-40GB MIG 4g.20gb (0),1,,13,cupy_copy__float32_float32
3003300553,82303,146436,1,1,1,32,32,1,30,0.000,0.000,,,,,NVIDIA A100-SXM4-40GB MIG 4g.20gb (0),1,,13,"void convert_kernel<__half2, float2>(tensor_layout_any, T1 *, tensor_layout_any, const T2 *)"
3003410983,5760,146439,,,,,,,,,,0.094,16266.656,Pinned,Device,NVIDIA A100-SXM4-40GB MIG 4g.20gb (0),1,,13,[CUDA memcpy Host-to-Device]
3003425191,3040,146440,,,,,,,,,,1.547,508757.325,Device,,NVIDIA A100-SXM4-40GB MIG 4g.20gb (0),1,,13,[CUDA memset]
3003432199,3008,146445,,,,,,,,,,0.031,10404.230,Pinned,Device,NVIDIA A100-SXM4-40GB MIG 4g.20gb (0),1,,13,[CUDA memcpy Host-to-Device]
3003437639,10016,146446,,,,,,,,,,0.197,19629.343,Pinned,Device,NVIDIA A100-SXM4-40GB MIG 4g.20gb (0),1,,13,[CUDA memcpy Host-to-Device]
3003451655,6208,146447,273,1,1,8,4,1,39,0.002,0.000,,,,,NVIDIA A100-SXM4-40GB MIG 4g.20gb (0),1,,13,"void channel_eq::eqMmseCoefCompLowMimoKernel<float, float, float, (unsigned int)4, (unsigned int)1, (unsigned int)4>(const channel_eq::_puschRxChEqStatDescr *, channel_eq::_puschRxChEqCoefCompDynDescr)"
3003458951,6432,146448,273,1,1,12,11,1,51,0.002,0.000,,,,,NVIDIA A100-SXM4-40GB MIG 4g.20gb (0),1,,13,"void channel_eq::eqMmseSoftDemapKernel<float, __half, __half, float, (unsigned int)4, (unsigned short)16383>(channel_eq::_puschRxChEqStatDescr *, channel_eq::_puschRxChEqSoftDemapDynDescr)"
3003466407,283036,146449,1,1,1,32,32,1,30,0.000,0.000,,,,,NVIDIA A100-SXM4-40GB MIG 4g.20gb (0),1,,13,"void convert_kernel<float2, __half2>(tensor_layout_any, T1 *, tensor_layout_any, const T2 *)"
3003752099,11008,146461,2253,1,1,128,1,1,16,0.000,0.000,,,,,NVIDIA A100-SXM4-40GB MIG 4g.20gb (0),1,,13,cupy_copy__float16_float16
3003766051,2688,146470,282,1,1,128,1,1,16,0.000,0.000,,,,,NVIDIA A100-SXM4-40GB MIG 4g.20gb (0),1,,13,cupy_copy__complex64_complex64
3003770787,2304,146479,26,1,1,128,1,1,16,0.000,0.000,,,,,NVIDIA A100-SXM4-40GB MIG 4g.20gb (0),1,,13,cupy_copy__float32_float32
3003774755,3072,146488,103,1,1,128,1,1,16,0.000,0.000,,,,,NVIDIA A100-SXM4-40GB MIG 4g.20gb (0),1,,13,cupy_copy__complex64_complex64
3003778915,11936,146498,1434,1,1,128,1,1,16,0.000,0.000,,,,,NVIDIA A100-SXM4-40GB MIG 4g.20gb (0),1,,13,cupy_copy__complex64_complex64
3003803907,82015,146503,1,1,1,32,32,1,30,0.000,0.000,,,,,NVIDIA A100-SXM4-40GB MIG 4g.20gb (0),1,,13,"void convert_kernel<__half2, float2>(tensor_layout_any, T1 *, tensor_layout_any, const T2 *)"
3003912865,5632,146506,,,,,,,,,,0.094,16636.287,Pinned,Device,NVIDIA A100-SXM4-40GB MIG 4g.20gb (0),1,,13,[CUDA memcpy Host-to-Device]
3003922561,596121,146507,,,,,,,,,,456.561,765653.535,Device,,NVIDIA A100-SXM4-40GB MIG 4g.20gb (0),1,,13,[CUDA memset]
3004526522,170493,146512,,,,,,,,,,1.235,7242.947,Pinned,Device,NVIDIA A100-SXM4-40GB MIG 4g.20gb (0),1,,13,[CUDA memcpy Host-to-Device]
3004709783,37248,146513,,,,,,,,,,0.197,5278.335,Pinned,Device,NVIDIA A100-SXM4-40GB MIG 4g.20gb (0),1,,13,[CUDA memcpy Host-to-Device]
3004772503,8191,146514,69,4,1,48,1,1,76,0.002,0.000,,,,,NVIDIA A100-SXM4-40GB MIG 4g.20gb (0),1,,13,"void ch_est::windowedChEstPreNoDftSOfdmKernel<float, __half, float, (unsigned int)2, (unsigned int)1, (unsigned short)4>(ch_est::puschRxChEstStatDescr_t *, ch_est::puschRxChEstDynDescr_t *)"
3004789750,6752,146515,137,2,1,24,2,1,44,0.001,0.001,,,,,NVIDIA A100-SXM4-40GB MIG 4g.20gb (0),1,,13,"void ch_est::chEstFilterNoDftSOfdmDispatchKernel<float, __half, float, (unsigned int)2>(ch_est::puschRxChEstStatDescr_t *, ch_est::puschRxChEstDynDescr_t *)"
3004808374,4864,146516,137,2,1,24,2,1,44,0.001,0.001,,,,,NVIDIA A100-SXM4-40GB MIG 4g.20gb (0),1,,13,"void ch_est::chEstFilterNoDftSOfdmDispatchKernel<float, __half, float, (unsigned int)2>(ch_est::puschRxChEstStatDescr_t *, ch_est::puschRxChEstDynDescr_t *)"
3004821558,2656,146527,103,1,1,128,1,1,16,0.000,0.000,,,,,NVIDIA A100-SXM4-40GB MIG 4g.20gb (0),1,,13,cupy_copy__complex64_complex64
3004836726,12576,146537,1434,1,1,128,1,1,16,0.000,0.000,,,,,NVIDIA A100-SXM4-40GB MIG 4g.20gb (0),1,,13,cupy_copy__complex64_complex64
3004860469,2496,146544,103,1,1,128,1,1,16,0.000,0.000,,,,,NVIDIA A100-SXM4-40GB MIG 4g.20gb (0),1,,13,cupy_copy__complex64_complex64
3004876117,81983,146551,1,1,1,32,32,1,30,0.000,0.000,,,,,NVIDIA A100-SXM4-40GB MIG 4g.20gb (0),1,,13,"void convert_kernel<__half2, float2>(tensor_layout_any, T1 *, tensor_layout_any, const T2 *)"
3004985524,13504,146554,,,,,,,,,,0.094,6938.376,Pinned,Device,NVIDIA A100-SXM4-40GB MIG 4g.20gb (0),1,,13,[CUDA memcpy Host-to-Device]
3005012500,47103,146555,,,,,,,,,,35.810,760244.602,Device,,NVIDIA A100-SXM4-40GB MIG 4g.20gb (0),1,,13,[CUDA memset]
3005061875,7840,146557,,,,,,,,,,0.000,10.204,Pinned,Device,NVIDIA A100-SXM4-40GB MIG 4g.20gb (0),1,,13,[CUDA memcpy Host-to-Device]
3005079443,15328,146558,,,,,,,,,,0.197,12826.706,Pinned,Device,NVIDIA A100-SXM4-40GB MIG 4g.20gb (0),1,,13,[CUDA memcpy Host-to-Device]
3005111090,10336,146559,273,1,1,48,1,1,40,0.000,0.001,,,,,NVIDIA A100-SXM4-40GB MIG 4g.20gb (0),1,,13,"void pusch_noise_intf_est::noiseIntfEstNoDftSOfdmKernel<float, __half, float, float, (unsigned int)2, (unsigned int)1, (unsigned char)4, (unsigned char)4>(pusch_noise_intf_est::puschRxNoiseIntfEstDynDescr)"
3005130770,2624,146570,35,1,1,128,1,1,16,0.000,0.000,,,,,NVIDIA A100-SXM4-40GB MIG 4g.20gb (0),1,,13,cupy_copy__complex64_complex64
3005142738,1792,146579,1,1,1,1,1,1,18,0.000,0.000,,,,,NVIDIA A100-SXM4-40GB MIG 4g.20gb (0),1,,13,cupy_copy__float32_float32
3005149874,6176,146585,,,,,,,,,,0.000,0.648,Device,Pageable,NVIDIA A100-SXM4-40GB MIG 4g.20gb (0),1,,7,[CUDA memcpy Device-to-Host]
3005228657,12896,146596,1434,1,1,128,1,1,16,0.000,0.000,,,,,NVIDIA A100-SXM4-40GB MIG 4g.20gb (0),1,,13,cupy_copy__complex64_complex64
3005258481,3327,146603,103,1,1,128,1,1,16,0.000,0.000,,,,,NVIDIA A100-SXM4-40GB MIG 4g.20gb (0),1,,13,cupy_copy__complex64_complex64
3005277520,2304,146610,35,1,1,128,1,1,16,0.000,0.000,,,,,NVIDIA A100-SXM4-40GB MIG 4g.20gb (0),1,,13,cupy_copy__complex64_complex64
3005295152,1856,146617,1,1,1,1,1,1,18,0.000,0.000,,,,,NVIDIA A100-SXM4-40GB MIG 4g.20gb (0),1,,13,cupy_copy__float32_float32
3005418127,82111,146628,1,1,1,32,32,1,30,0.000,0.000,,,,,NVIDIA A100-SXM4-40GB MIG 4g.20gb (0),1,,13,"void convert_kernel<__half2, float2>(tensor_layout_any, T1 *, tensor_layout_any, const T2 *)"
3005527405,6016,146631,,,,,,,,,,0.094,15574.430,Pinned,Device,NVIDIA A100-SXM4-40GB MIG 4g.20gb (0),1,,13,[CUDA memcpy Host-to-Device]
3005542029,3424,146632,,,,,,,,,,1.547,451700.819,Device,,NVIDIA A100-SXM4-40GB MIG 4g.20gb (0),1,,13,[CUDA memset]
3005549197,3552,146637,,,,,,,,,,0.031,8810.794,Pinned,Device,NVIDIA A100-SXM4-40GB MIG 4g.20gb (0),1,,13,[CUDA memcpy Host-to-Device]
3005554829,9760,146638,,,,,,,,,,0.197,20144.259,Pinned,Device,NVIDIA A100-SXM4-40GB MIG 4g.20gb (0),1,,13,[CUDA memcpy Host-to-Device]
3005569677,6496,146639,273,1,1,8,4,1,39,0.002,0.000,,,,,NVIDIA A100-SXM4-40GB MIG 4g.20gb (0),1,,13,"void channel_eq::eqMmseCoefCompLowMimoKernel<float, float, float, (unsigned int)4, (unsigned int)1, (unsigned int)4>(const channel_eq::_puschRxChEqStatDescr *, channel_eq::_puschRxChEqCoefCompDynDescr)"
3005577101,6208,146640,273,1,1,12,11,1,51,0.002,0.000,,,,,NVIDIA A100-SXM4-40GB MIG 4g.20gb (0),1,,13,"void channel_eq::eqMmseSoftDemapKernel<float, __half, __half, float, (unsigned int)4, (unsigned short)16383>(channel_eq::_puschRxChEqStatDescr *, channel_eq::_puschRxChEqSoftDemapDynDescr)"
3005584333,282300,146641,1,1,1,32,32,1,30,0.000,0.000,,,,,NVIDIA A100-SXM4-40GB MIG 4g.20gb (0),1,,13,"void convert_kernel<float2, __half2>(tensor_layout_any, T1 *, tensor_layout_any, const T2 *)"
3005867689,11008,146653,2253,1,1,128,1,1,16,0.000,0.000,,,,,NVIDIA A100-SXM4-40GB MIG 4g.20gb (0),1,,13,cupy_copy__float16_float16
3005880009,3072,146662,282,1,1,128,1,1,16,0.000,0.000,,,,,NVIDIA A100-SXM4-40GB MIG 4g.20gb (0),1,,13,cupy_copy__complex64_complex64
3005885001,2048,146671,26,1,1,128,1,1,16,0.000,0.000,,,,,NVIDIA A100-SXM4-40GB MIG 4g.20gb (0),1,,13,cupy_copy__float32_float32
3005889897,4576,146680,103,1,1,128,1,1,16,0.000,0.000,,,,,NVIDIA A100-SXM4-40GB MIG 4g.20gb (0),1,,13,cupy_copy__complex64_complex64
3005898953,11871,146690,1434,1,1,128,1,1,16,0.000,0.000,,,,,NVIDIA A100-SXM4-40GB MIG 4g.20gb (0),1,,13,cupy_copy__complex64_complex64
3005920008,82431,146695,1,1,1,32,32,1,30,0.000,0.000,,,,,NVIDIA A100-SXM4-40GB MIG 4g.20gb (0),1,,13,"void convert_kernel<__half2, float2>(tensor_layout_any, T1 *, tensor_layout_any, const T2 *)"
3006029351,6208,146698,,,,,,,,,,0.094,15092.739,Pinned,Device,NVIDIA A100-SXM4-40GB MIG 4g.20gb (0),1,,13,[CUDA memcpy Host-to-Device]
3006042631,599608,146699,,,,,,,,,,456.561,761087.920,Device,,NVIDIA A100-SXM4-40GB MIG 4g.20gb (0),1,,13,[CUDA memset]
3006647999,136031,146704,,,,,,,,,,1.235,9078.073,Pinned,Device,NVIDIA A100-SXM4-40GB MIG 4g.20gb (0),1,,13,[CUDA memcpy Host-to-Device]
3006793822,35167,146705,,,,,,,,,,0.197,5590.548,Pinned,Device,NVIDIA A100-SXM4-40GB MIG 4g.20gb (0),1,,13,[CUDA memcpy Host-to-Device]
3006850845,8032,146706,69,4,1,48,1,1,76,0.002,0.000,,,,,NVIDIA A100-SXM4-40GB MIG 4g.20gb (0),1,,13,"void ch_est::windowedChEstPreNoDftSOfdmKernel<float, __half, float, (unsigned int)2, (unsigned int)1, (unsigned short)4>(ch_est::puschRxChEstStatDescr_t *, ch_est::puschRxChEstDynDescr_t *)"
3006865501,7072,146707,137,2,1,24,2,1,44,0.001,0.001,,,,,NVIDIA A100-SXM4-40GB MIG 4g.20gb (0),1,,13,"void ch_est::chEstFilterNoDftSOfdmDispatchKernel<float, __half, float, (unsigned int)2>(ch_est::puschRxChEstStatDescr_t *, ch_est::puschRxChEstDynDescr_t *)"
3006878109,4735,146708,137,2,1,24,2,1,44,0.001,0.001,,,,,NVIDIA A100-SXM4-40GB MIG 4g.20gb (0),1,,13,"void ch_est::chEstFilterNoDftSOfdmDispatchKernel<float, __half, float, (unsigned int)2>(ch_est::puschRxChEstStatDescr_t *, ch_est::puschRxChEstDynDescr_t *)"
3006892764,2688,146719,103,1,1,128,1,1,16,0.000,0.000,,,,,NVIDIA A100-SXM4-40GB MIG 4g.20gb (0),1,,13,cupy_copy__complex64_complex64
3006904828,12576,146729,1434,1,1,128,1,1,16,0.000,0.000,,,,,NVIDIA A100-SXM4-40GB MIG 4g.20gb (0),1,,13,cupy_copy__complex64_complex64
3006932796,2592,146736,103,1,1,128,1,1,16,0.000,0.000,,,,,NVIDIA A100-SXM4-40GB MIG 4g.20gb (0),1,,13,cupy_copy__complex64_complex64
3006951868,85759,146743,1,1,1,32,32,1,30,0.000,0.000,,,,,NVIDIA A100-SXM4-40GB MIG 4g.20gb (0),1,,13,"void convert_kernel<__half2, float2>(tensor_layout_any, T1 *, tensor_layout_any, const T2 *)"
3007071066,18048,146746,,,,,,,,,,0.094,5191.414,Pinned,Device,NVIDIA A100-SXM4-40GB MIG 4g.20gb (0),1,,13,[CUDA memcpy Host-to-Device]
3007106106,46879,146747,,,,,,,,,,35.810,763861.404,Device,,NVIDIA A100-SXM4-40GB MIG 4g.20gb (0),1,,13,[CUDA memset]
3007159033,6304,146749,,,,,,,,,,0.000,12.690,Pinned,Device,NVIDIA A100-SXM4-40GB MIG 4g.20gb (0),1,,13,[CUDA memcpy Host-to-Device]
3007173497,16384,146750,,,,,,,,,,0.197,11999.969,Pinned,Device,NVIDIA A100-SXM4-40GB MIG 4g.20gb (0),1,,13,[CUDA memcpy Host-to-Device]
3007203192,9696,146751,273,1,1,48,1,1,40,0.000,0.001,,,,,NVIDIA A100-SXM4-40GB MIG 4g.20gb (0),1,,13,"void pusch_noise_intf_est::noiseIntfEstNoDftSOfdmKernel<float, __half, float, float, (unsigned int)2, (unsigned int)1, (unsigned char)4, (unsigned char)4>(pusch_noise_intf_est::puschRxNoiseIntfEstDynDescr)"
3007215864,3424,146762,35,1,1,128,1,1,16,0.000,0.000,,,,,NVIDIA A100-SXM4-40GB MIG 4g.20gb (0),1,,13,cupy_copy__complex64_complex64
3007222392,1984,146771,1,1,1,1,1,1,18,0.000,0.000,,,,,NVIDIA A100-SXM4-40GB MIG 4g.20gb (0),1,,13,cupy_copy__float32_float32
3007231640,3520,146777,,,,,,,,,,0.000,1.136,Device,Pageable,NVIDIA A100-SXM4-40GB MIG 4g.20gb (0),1,,7,[CUDA memcpy Device-to-Host]
3007298039,13024,146788,1434,1,1,128,1,1,16,0.000,0.000,,,,,NVIDIA A100-SXM4-40GB MIG 4g.20gb (0),1,,13,cupy_copy__complex64_complex64
3007325719,2848,146795,103,1,1,128,1,1,16,0.000,0.000,,,,,NVIDIA A100-SXM4-40GB MIG 4g.20gb (0),1,,13,cupy_copy__complex64_complex64
3007344183,2464,146802,35,1,1,128,1,1,16,0.000,0.000,,,,,NVIDIA A100-SXM4-40GB MIG 4g.20gb (0),1,,13,cupy_copy__complex64_complex64
3007361847,1792,146809,1,1,1,1,1,1,18,0.000,0.000,,,,,NVIDIA A100-SXM4-40GB MIG 4g.20gb (0),1,,13,cupy_copy__float32_float32
3007497685,82207,146820,1,1,1,32,32,1,30,0.000,0.000,,,,,NVIDIA A100-SXM4-40GB MIG 4g.20gb (0),1,,13,"void convert_kernel<__half2, float2>(tensor_layout_any, T1 *, tensor_layout_any, const T2 *)"
3007607987,5440,146823,,,,,,,,,,0.094,17223.480,Pinned,Device,NVIDIA A100-SXM4-40GB MIG 4g.20gb (0),1,,13,[CUDA memcpy Host-to-Device]
3007622099,3296,146824,,,,,,,,,,1.547,469242.628,Device,,NVIDIA A100-SXM4-40GB MIG 4g.20gb (0),1,,13,[CUDA memset]
3007628851,3040,146829,,,,,,,,,,0.031,10294.725,Pinned,Device,NVIDIA A100-SXM4-40GB MIG 4g.20gb (0),1,,13,[CUDA memcpy Host-to-Device]
3007634483,9440,146830,,,,,,,,,,0.197,20827.079,Pinned,Device,NVIDIA A100-SXM4-40GB MIG 4g.20gb (0),1,,13,[CUDA memcpy Host-to-Device]
3007649043,8320,146831,273,1,1,8,4,1,39,0.002,0.000,,,,,NVIDIA A100-SXM4-40GB MIG 4g.20gb (0),1,,13,"void channel_eq::eqMmseCoefCompLowMimoKernel<float, float, float, (unsigned int)4, (unsigned int)1, (unsigned int)4>(const channel_eq::_puschRxChEqStatDescr *, channel_eq::_puschRxChEqCoefCompDynDescr)"
3007658419,5984,146832,273,1,1,12,11,1,51,0.002,0.000,,,,,NVIDIA A100-SXM4-40GB MIG 4g.20gb (0),1,,13,"void channel_eq::eqMmseSoftDemapKernel<float, __half, __half, float, (unsigned int)4, (unsigned short)16383>(channel_eq::_puschRxChEqStatDescr *, channel_eq::_puschRxChEqSoftDemapDynDescr)"
3007665555,282364,146833,1,1,1,32,32,1,30,0.000,0.000,,,,,NVIDIA A100-SXM4-40GB MIG 4g.20gb (0),1,,13,"void convert_kernel<float2, __half2>(tensor_layout_any, T1 *, tensor_layout_any, const T2 *)"
3007950671,10848,146845,2253,1,1,128,1,1,16,0.000,0.000,,,,,NVIDIA A100-SXM4-40GB MIG 4g.20gb (0),1,,13,cupy_copy__float16_float16
3007963983,3008,146854,282,1,1,128,1,1,16,0.000,0.000,,,,,NVIDIA A100-SXM4-40GB MIG 4g.20gb (0),1,,13,cupy_copy__complex64_complex64
3007969519,2112,146863,26,1,1,128,1,1,16,0.000,0.000,,,,,NVIDIA A100-SXM4-40GB MIG 4g.20gb (0),1,,13,cupy_copy__float32_float32
3007973679,2944,146872,103,1,1,128,1,1,16,0.000,0.000,,,,,NVIDIA A100-SXM4-40GB MIG 4g.20gb (0),1,,13,cupy_copy__complex64_complex64
3007977615,11808,146882,1434,1,1,128,1,1,16,0.000,0.000,,,,,NVIDIA A100-SXM4-40GB MIG 4g.20gb (0),1,,13,cupy_copy__complex64_complex64
3007999279,81599,146887,1,1,1,32,32,1,30,0.000,0.000,,,,,NVIDIA A100-SXM4-40GB MIG 4g.20gb (0),1,,13,"void convert_kernel<__half2, float2>(tensor_layout_any, T1 *, tensor_layout_any, const T2 *)"
3008107661,5824,146890,,,,,,,,,,0.094,16087.884,Pinned,Device,NVIDIA A100-SXM4-40GB MIG 4g.20gb (0),1,,13,[CUDA memcpy Host-to-Device]
3008117709,600409,146891,,,,,,,,,,456.561,760174.798,Device,,NVIDIA A100-SXM4-40GB MIG 4g.20gb (0),1,,13,[CUDA memset]
3008726310,172478,146896,,,,,,,,,,1.235,7158.970,Pinned,Device,NVIDIA A100-SXM4-40GB MIG 4g.20gb (0),1,,13,[CUDA memcpy Host-to-Device]
3008912739,42048,146897,,,,,,,,,,0.197,4675.731,Pinned,Device,NVIDIA A100-SXM4-40GB MIG 4g.20gb (0),1,,13,[CUDA memcpy Host-to-Device]
3008987650,8256,146898,69,4,1,48,1,1,76,0.002,0.000,,,,,NVIDIA A100-SXM4-40GB MIG 4g.20gb (0),1,,13,"void ch_est::windowedChEstPreNoDftSOfdmKernel<float, __half, float, (unsigned int)2, (unsigned int)1, (unsigned short)4>(ch_est::puschRxChEstStatDescr_t *, ch_est::puschRxChEstDynDescr_t *)"
3009005154,7072,146899,137,2,1,24,2,1,44,0.001,0.001,,,,,NVIDIA A100-SXM4-40GB MIG 4g.20gb (0),1,,13,"void ch_est::chEstFilterNoDftSOfdmDispatchKernel<float, __half, float, (unsigned int)2>(ch_est::puschRxChEstStatDescr_t *, ch_est::puschRxChEstDynDescr_t *)"
3009022370,4800,146900,137,2,1,24,2,1,44,0.001,0.001,,,,,NVIDIA A100-SXM4-40GB MIG 4g.20gb (0),1,,13,"void ch_est::chEstFilterNoDftSOfdmDispatchKernel<float, __half, float, (unsigned int)2>(ch_est::puschRxChEstStatDescr_t *, ch_est::puschRxChEstDynDescr_t *)"
3009039042,2496,146911,103,1,1,128,1,1,16,0.000,0.000,,,,,NVIDIA A100-SXM4-40GB MIG 4g.20gb (0),1,,13,cupy_copy__complex64_complex64
3009058274,12415,146921,1434,1,1,128,1,1,16,0.000,0.000,,,,,NVIDIA A100-SXM4-40GB MIG 4g.20gb (0),1,,13,cupy_copy__complex64_complex64
3009076833,2912,146928,103,1,1,128,1,1,16,0.000,0.000,,,,,NVIDIA A100-SXM4-40GB MIG 4g.20gb (0),1,,13,cupy_copy__complex64_complex64
3009097793,89887,146935,1,1,1,32,32,1,30,0.000,0.000,,,,,NVIDIA A100-SXM4-40GB MIG 4g.20gb (0),1,,13,"void convert_kernel<__half2, float2>(tensor_layout_any, T1 *, tensor_layout_any, const T2 *)"
3009219840,20767,146938,,,,,,,,,,0.094,4511.743,Pinned,Device,NVIDIA A100-SXM4-40GB MIG 4g.20gb (0),1,,13,[CUDA memcpy Host-to-Device]
3009265375,47007,146939,,,,,,,,,,35.810,761784.428,Device,,NVIDIA A100-SXM4-40GB MIG 4g.20gb (0),1,,13,[CUDA memset]
3009315710,10368,146941,,,,,,,,,,0.000,7.716,Pinned,Device,NVIDIA A100-SXM4-40GB MIG 4g.20gb (0),1,,13,[CUDA memcpy Host-to-Device]
3009333502,19616,146942,,,,,,,,,,0.197,10022.683,Pinned,Device,NVIDIA A100-SXM4-40GB MIG 4g.20gb (0),1,,13,[CUDA memcpy Host-to-Device]
3009380350,10079,146943,273,1,1,48,1,1,40,0.000,0.001,,,,,NVIDIA A100-SXM4-40GB MIG 4g.20gb (0),1,,13,"void pusch_noise_intf_est::noiseIntfEstNoDftSOfdmKernel<float, __half, float, float, (unsigned int)2, (unsigned int)1, (unsigned char)4, (unsigned char)4>(pusch_noise_intf_est::puschRxNoiseIntfEstDynDescr)"
3009396477,2880,146954,35,1,1,128,1,1,16,0.000,0.000,,,,,NVIDIA A100-SXM4-40GB MIG 4g.20gb (0),1,,13,cupy_copy__complex64_complex64
3009409405,1696,146963,1,1,1,1,1,1,18,0.000,0.000,,,,,NVIDIA A100-SXM4-40GB MIG 4g.20gb (0),1,,13,cupy_copy__float32_float32
3009413757,8032,146969,,,,,,,,,,0.000,0.498,Device,Pageable,NVIDIA A100-SXM4-40GB MIG 4g.20gb (0),1,,7,[CUDA memcpy Device-to-Host]
3009496476,13408,146980,1434,1,1,128,1,1,16,0.000,0.000,,,,,NVIDIA A100-SXM4-40GB MIG 4g.20gb (0),1,,13,cupy_copy__complex64_complex64
3009527388,2944,146987,103,1,1,128,1,1,16,0.000,0.000,,,,,NVIDIA A100-SXM4-40GB MIG 4g.20gb (0),1,,13,cupy_copy__complex64_complex64
3009545180,2752,146994,35,1,1,128,1,1,16,0.000,0.000,,,,,NVIDIA A100-SXM4-40GB MIG 4g.20gb (0),1,,13,cupy_copy__complex64_complex64
3009558203,1920,147001,1,1,1,1,1,1,18,0.000,0.000,,,,,NVIDIA A100-SXM4-40GB MIG 4g.20gb (0),1,,13,cupy_copy__float32_float32
3009684282,82975,147012,1,1,1,32,32,1,30,0.000,0.000,,,,,NVIDIA A100-SXM4-40GB MIG 4g.20gb (0),1,,13,"void convert_kernel<__half2, float2>(tensor_layout_any, T1 *, tensor_layout_any, const T2 *)"
3009794488,5408,147015,,,,,,,,,,0.094,17325.421,Pinned,Device,NVIDIA A100-SXM4-40GB MIG 4g.20gb (0),1,,13,[CUDA memcpy Host-to-Device]
3009808312,3616,147016,,,,,,,,,,1.547,427715.774,Device,,NVIDIA A100-SXM4-40GB MIG 4g.20gb (0),1,,13,[CUDA memset]
3009815288,3040,147021,,,,,,,,,,0.031,10294.725,Pinned,Device,NVIDIA A100-SXM4-40GB MIG 4g.20gb (0),1,,13,[CUDA memcpy Host-to-Device]
3009820728,9568,147022,,,,,,,,,,0.197,20548.485,Pinned,Device,NVIDIA A100-SXM4-40GB MIG 4g.20gb (0),1,,13,[CUDA memcpy Host-to-Device]
3009835032,6304,147023,273,1,1,8,4,1,39,0.002,0.000,,,,,NVIDIA A100-SXM4-40GB MIG 4g.20gb (0),1,,13,"void channel_eq::eqMmseCoefCompLowMimoKernel<float, float, float, (unsigned int)4, (unsigned int)1, (unsigned int)4>(const channel_eq::_puschRxChEqStatDescr *, channel_eq::_puschRxChEqCoefCompDynDescr)"
3009844216,5760,147024,273,1,1,12,11,1,51,0.002,0.000,,,,,NVIDIA A100-SXM4-40GB MIG 4g.20gb (0),1,,13,"void channel_eq::eqMmseSoftDemapKernel<float, __half, __half, float, (unsigned int)4, (unsigned short)16383>(channel_eq::_puschRxChEqStatDescr *, channel_eq::_puschRxChEqSoftDemapDynDescr)"
3009851384,289564,147025,1,1,1,32,32,1,30,0.000,0.000,,,,,NVIDIA A100-SXM4-40GB MIG 4g.20gb (0),1,,13,"void convert_kernel<float2, __half2>(tensor_layout_any, T1 *, tensor_layout_any, const T2 *)"
3010144180,10976,147037,2253,1,1,128,1,1,16,0.000,0.000,,,,,NVIDIA A100-SXM4-40GB MIG 4g.20gb (0),1,,13,cupy_copy__float16_float16
3010161588,3904,147046,282,1,1,128,1,1,16,0.000,0.000,,,,,NVIDIA A100-SXM4-40GB MIG 4g.20gb (0),1,,13,cupy_copy__complex64_complex64
3010168212,2112,147055,26,1,1,128,1,1,16,0.000,0.000,,,,,NVIDIA A100-SXM4-40GB MIG 4g.20gb (0),1,,13,cupy_copy__float32_float32
3010172020,3296,147064,103,1,1,128,1,1,16,0.000,0.000,,,,,NVIDIA A100-SXM4-40GB MIG 4g.20gb (0),1,,13,cupy_copy__complex64_complex64
3010176244,12064,147074,1434,1,1,128,1,1,16,0.000,0.000,,,,,NVIDIA A100-SXM4-40GB MIG 4g.20gb (0),1,,13,cupy_copy__complex64_complex64
3010190132,83135,147079,1,1,1,32,32,1,30,0.000,0.000,,,,,NVIDIA A100-SXM4-40GB MIG 4g.20gb (0),1,,13,"void convert_kernel<__half2, float2>(tensor_layout_any, T1 *, tensor_layout_any, const T2 *)"
3010300594,5440,147082,,,,,,,,,,0.094,17223.480,Pinned,Device,NVIDIA A100-SXM4-40GB MIG 4g.20gb (0),1,,13,[CUDA memcpy Host-to-Device]
3010311474,598521,147083,,,,,,,,,,456.561,762457.605,Device,,NVIDIA A100-SXM4-40GB MIG 4g.20gb (0),1,,13,[CUDA memset]
3010911659,80031,147088,,,,,,,,,,1.235,15430.625,Pinned,Device,NVIDIA A100-SXM4-40GB MIG 4g.20gb (0),1,,13,[CUDA memcpy Host-to-Device]
3010997610,19391,147089,,,,,,,,,,0.197,10139.075,Pinned,Device,NVIDIA A100-SXM4-40GB MIG 4g.20gb (0),1,,13,[CUDA memcpy Host-to-Device]
3011030633,9760,147090,69,4,1,48,1,1,76,0.002,0.000,,,,,NVIDIA A100-SXM4-40GB MIG 4g.20gb (0),1,,13,"void ch_est::windowedChEstPreNoDftSOfdmKernel<float, __half, float, (unsigned int)2, (unsigned int)1, (unsigned short)4>(ch_est::puschRxChEstStatDescr_t *, ch_est::puschRxChEstDynDescr_t *)"
3011045385,7392,147091,137,2,1,24,2,1,44,0.001,0.001,,,,,NVIDIA A100-SXM4-40GB MIG 4g.20gb (0),1,,13,"void ch_est::chEstFilterNoDftSOfdmDispatchKernel<float, __half, float, (unsigned int)2>(ch_est::puschRxChEstStatDescr_t *, ch_est::puschRxChEstDynDescr_t *)"
3011059785,6272,147092,137,2,1,24,2,1,44,0.001,0.001,,,,,NVIDIA A100-SXM4-40GB MIG 4g.20gb (0),1,,13,"void ch_est::chEstFilterNoDftSOfdmDispatchKernel<float, __half, float, (unsigned int)2>(ch_est::puschRxChEstStatDescr_t *, ch_est::puschRxChEstDynDescr_t *)"
3011067753,3456,147103,103,1,1,128,1,1,16,0.000,0.000,,,,,NVIDIA A100-SXM4-40GB MIG 4g.20gb (0),1,,13,cupy_copy__complex64_complex64
3011080585,12799,147113,1434,1,1,128,1,1,16,0.000,0.000,,,,,NVIDIA A100-SXM4-40GB MIG 4g.20gb (0),1,,13,cupy_copy__complex64_complex64
3011096104,3136,147120,103,1,1,128,1,1,16,0.000,0.000,,,,,NVIDIA A100-SXM4-40GB MIG 4g.20gb (0),1,,13,cupy_copy__complex64_complex64
3011104744,85183,147127,1,1,1,32,32,1,30,0.000,0.000,,,,,NVIDIA A100-SXM4-40GB MIG 4g.20gb (0),1,,13,"void convert_kernel<__half2, float2>(tensor_layout_any, T1 *, tensor_layout_any, const T2 *)"
3011217927,10688,147130,,,,,,,,,,0.094,8766.385,Pinned,Device,NVIDIA A100-SXM4-40GB MIG 4g.20gb (0),1,,13,[CUDA memcpy Host-to-Device]
3011235559,47039,147131,,,,,,,,,,35.810,761247.279,Device,,NVIDIA A100-SXM4-40GB MIG 4g.20gb (0),1,,13,[CUDA memset]
3011290406,4384,147133,,,,,,,,,,0.000,18.248,Pinned,Device,NVIDIA A100-SXM4-40GB MIG 4g.20gb (0),1,,13,[CUDA memcpy Host-to-Device]
3011303558,23232,147134,,,,,,,,,,0.197,8462.795,Pinned,Device,NVIDIA A100-SXM4-40GB MIG 4g.20gb (0),1,,13,[CUDA memcpy Host-to-Device]
3011338373,9440,147135,273,1,1,48,1,1,40,0.000,0.001,,,,,NVIDIA A100-SXM4-40GB MIG 4g.20gb (0),1,,13,"void pusch_noise_intf_est::noiseIntfEstNoDftSOfdmKernel<float, __half, float, float, (unsigned int)2, (unsigned int)1, (unsigned char)4, (unsigned char)4>(pusch_noise_intf_est::puschRxNoiseIntfEstDynDescr)"
3011351045,3008,147146,35,1,1,128,1,1,16,0.000,0.000,,,,,NVIDIA A100-SXM4-40GB MIG 4g.20gb (0),1,,13,cupy_copy__complex64_complex64
3011359973,1760,147155,1,1,1,1,1,1,18,0.000,0.000,,,,,NVIDIA A100-SXM4-40GB MIG 4g.20gb (0),1,,13,cupy_copy__float32_float32
3011373957,7232,147161,,,,,,,,,,0.000,0.553,Device,Pageable,NVIDIA A100-SXM4-40GB MIG 4g.20gb (0),1,,7,[CUDA memcpy Device-to-Host]
3011453060,13120,147172,1434,1,1,128,1,1,16,0.000,0.000,,,,,NVIDIA A100-SXM4-40GB MIG 4g.20gb (0),1,,13,cupy_copy__complex64_complex64
3011483684,2912,147179,103,1,1,128,1,1,16,0.000,0.000,,,,,NVIDIA A100-SXM4-40GB MIG 4g.20gb (0),1,,13,cupy_copy__complex64_complex64
3011501123,2624,147186,35,1,1,128,1,1,16,0.000,0.000,,,,,NVIDIA A100-SXM4-40GB MIG 4g.20gb (0),1,,13,cupy_copy__complex64_complex64
3011518115,1760,147193,1,1,1,1,1,1,18,0.000,0.000,,,,,NVIDIA A100-SXM4-40GB MIG 4g.20gb (0),1,,13,cupy_copy__float32_float32
3011643170,87487,147204,1,1,1,32,32,1,30,0.000,0.000,,,,,NVIDIA A100-SXM4-40GB MIG 4g.20gb (0),1,,13,"void convert_kernel<__half2, float2>(tensor_layout_any, T1 *, tensor_layout_any, const T2 *)"
3011758880,5760,147207,,,,,,,,,,0.094,16266.656,Pinned,Device,NVIDIA A100-SXM4-40GB MIG 4g.20gb (0),1,,13,[CUDA memcpy Host-to-Device]
3011772896,3328,147208,,,,,,,,,,1.547,464729.580,Device,,NVIDIA A100-SXM4-40GB MIG 4g.20gb (0),1,,13,[CUDA memset]
3011780256,3264,147213,,,,,,,,,,0.031,9588.218,Pinned,Device,NVIDIA A100-SXM4-40GB MIG 4g.20gb (0),1,,13,[CUDA memcpy Host-to-Device]
3011786144,9440,147214,,,,,,,,,,0.197,20827.079,Pinned,Device,NVIDIA A100-SXM4-40GB MIG 4g.20gb (0),1,,13,[CUDA memcpy Host-to-Device]
3011801440,5952,147215,273,1,1,8,4,1,39,0.002,0.000,,,,,NVIDIA A100-SXM4-40GB MIG 4g.20gb (0),1,,13,"void channel_eq::eqMmseCoefCompLowMimoKernel<float, float, float, (unsigned int)4, (unsigned int)1, (unsigned int)4>(const channel_eq::_puschRxChEqStatDescr *, channel_eq::_puschRxChEqCoefCompDynDescr)"
3011810560,5503,147216,273,1,1,12,11,1,51,0.002,0.000,,,,,NVIDIA A100-SXM4-40GB MIG 4g.20gb (0),1,,13,"void channel_eq::eqMmseSoftDemapKernel<float, __half, __half, float, (unsigned int)4, (unsigned short)16383>(channel_eq::_puschRxChEqStatDescr *, channel_eq::_puschRxChEqSoftDemapDynDescr)"
3011818367,282045,147217,1,1,1,32,32,1,30,0.000,0.000,,,,,NVIDIA A100-SXM4-40GB MIG 4g.20gb (0),1,,13,"void convert_kernel<float2, __half2>(tensor_layout_any, T1 *, tensor_layout_any, const T2 *)"
3012101404,10912,147229,2253,1,1,128,1,1,16,0.000,0.000,,,,,NVIDIA A100-SXM4-40GB MIG 4g.20gb (0),1,,13,cupy_copy__float16_float16
3012114556,3680,147238,282,1,1,128,1,1,16,0.000,0.000,,,,,NVIDIA A100-SXM4-40GB MIG 4g.20gb (0),1,,13,cupy_copy__complex64_complex64
3012121724,2272,147247,26,1,1,128,1,1,16,0.000,0.000,,,,,NVIDIA A100-SXM4-40GB MIG 4g.20gb (0),1,,13,cupy_copy__float32_float32
3012129372,5312,147256,103,1,1,128,1,1,16,0.000,0.000,,,,,NVIDIA A100-SXM4-40GB MIG 4g.20gb (0),1,,13,cupy_copy__complex64_complex64
3012136380,12095,147266,1434,1,1,128,1,1,16,0.000,0.000,,,,,NVIDIA A100-SXM4-40GB MIG 4g.20gb (0),1,,13,cupy_copy__complex64_complex64
3012153275,81887,147271,1,1,1,32,32,1,30,0.000,0.000,,,,,NVIDIA A100-SXM4-40GB MIG 4g.20gb (0),1,,13,"void convert_kernel<__half2, float2>(tensor_layout_any, T1 *, tensor_layout_any, const T2 *)"
3012262170,5760,147274,,,,,,,,,,0.094,16266.656,Pinned,Device,NVIDIA A100-SXM4-40GB MIG 4g.20gb (0),1,,13,[CUDA memcpy Host-to-Device]
3012273594,599416,147275,,,,,,,,,,456.561,761544.482,Device,,NVIDIA A100-SXM4-40GB MIG 4g.20gb (0),1,,13,[CUDA memset]
3012879954,113055,147280,,,,,,,,,,1.235,10923.080,Pinned,Device,NVIDIA A100-SXM4-40GB MIG 4g.20gb (0),1,,13,[CUDA memcpy Host-to-Device]
3012999569,33663,147281,,,,,,,,,,0.197,5840.437,Pinned,Device,NVIDIA A100-SXM4-40GB MIG 4g.20gb (0),1,,13,[CUDA memcpy Host-to-Device]
3013050000,8320,147282,69,4,1,48,1,1,76,0.002,0.000,,,,,NVIDIA A100-SXM4-40GB MIG 4g.20gb (0),1,,13,"void ch_est::windowedChEstPreNoDftSOfdmKernel<float, __half, float, (unsigned int)2, (unsigned int)1, (unsigned short)4>(ch_est::puschRxChEstStatDescr_t *, ch_est::puschRxChEstDynDescr_t *)"
3013068336,6848,147283,137,2,1,24,2,1,44,0.001,0.001,,,,,NVIDIA A100-SXM4-40GB MIG 4g.20gb (0),1,,13,"void ch_est::chEstFilterNoDftSOfdmDispatchKernel<float, __half, float, (unsigned int)2>(ch_est::puschRxChEstStatDescr_t *, ch_est::puschRxChEstDynDescr_t *)"
3013078256,4960,147284,137,2,1,24,2,1,44,0.001,0.001,,,,,NVIDIA A100-SXM4-40GB MIG 4g.20gb (0),1,,13,"void ch_est::chEstFilterNoDftSOfdmDispatchKernel<float, __half, float, (unsigned int)2>(ch_est::puschRxChEstStatDescr_t *, ch_est::puschRxChEstDynDescr_t *)"
3013085264,2624,147295,103,1,1,128,1,1,16,0.000,0.000,,,,,NVIDIA A100-SXM4-40GB MIG 4g.20gb (0),1,,13,cupy_copy__complex64_complex64
3013091280,12512,147305,1434,1,1,128,1,1,16,0.000,0.000,,,,,NVIDIA A100-SXM4-40GB MIG 4g.20gb (0),1,,13,cupy_copy__complex64_complex64
3013112783,2624,147312,103,1,1,128,1,1,16,0.000,0.000,,,,,NVIDIA A100-SXM4-40GB MIG 4g.20gb (0),1,,13,cupy_copy__complex64_complex64
3013120751,82591,147319,1,1,1,32,32,1,30,0.000,0.000,,,,,NVIDIA A100-SXM4-40GB MIG 4g.20gb (0),1,,13,"void convert_kernel<__half2, float2>(tensor_layout_any, T1 *, tensor_layout_any, const T2 *)"
3013230830,5664,147322,,,,,,,,,,0.094,16542.310,Pinned,Device,NVIDIA A100-SXM4-40GB MIG 4g.20gb (0),1,,13,[CUDA memcpy Host-to-Device]
3013243278,46879,147323,,,,,,,,,,35.810,763861.404,Device,,NVIDIA A100-SXM4-40GB MIG 4g.20gb (0),1,,13,[CUDA memset]
3013295565,4672,147325,,,,,,,,,,0.000,17.123,Pinned,Device,NVIDIA A100-SXM4-40GB MIG 4g.20gb (0),1,,13,[CUDA memcpy Host-to-Device]
3013304365,11424,147326,,,,,,,,,,0.197,17210.081,Pinned,Device,NVIDIA A100-SXM4-40GB MIG 4g.20gb (0),1,,13,[CUDA memcpy Host-to-Device]
3013325837,10432,147327,273,1,1,48,1,1,40,0.000,0.001,,,,,NVIDIA A100-SXM4-40GB MIG 4g.20gb (0),1,,13,"void pusch_noise_intf_est::noiseIntfEstNoDftSOfdmKernel<float, __half, float, float, (unsigned int)2, (unsigned int)1, (unsigned char)4, (unsigned char)4>(pusch_noise_intf_est::puschRxNoiseIntfEstDynDescr)"
3013339821,2752,147338,35,1,1,128,1,1,16,0.000,0.000,,,,,NVIDIA A100-SXM4-40GB MIG 4g.20gb (0),1,,13,cupy_copy__complex64_complex64
3013350796,1952,147347,1,1,1,1,1,1,18,0.000,0.000,,,,,NVIDIA A100-SXM4-40GB MIG 4g.20gb (0),1,,13,cupy_copy__float32_float32
3013382380,1600,147353,,,,,,,,,,0.000,2.500,Device,Pageable,NVIDIA A100-SXM4-40GB MIG 4g.20gb (0),1,,7,[CUDA memcpy Device-to-Host]
3013441611,12768,147364,1434,1,1,128,1,1,16,0.000,0.000,,,,,NVIDIA A100-SXM4-40GB MIG 4g.20gb (0),1,,13,cupy_copy__complex64_complex64
3013470091,3264,147371,103,1,1,128,1,1,16,0.000,0.000,,,,,NVIDIA A100-SXM4-40GB MIG 4g.20gb (0),1,,13,cupy_copy__complex64_complex64
3013489003,2304,147378,35,1,1,128,1,1,16,0.000,0.000,,,,,NVIDIA A100-SXM4-40GB MIG 4g.20gb (0),1,,13,cupy_copy__complex64_complex64
3013507883,1792,147385,1,1,1,1,1,1,18,0.000,0.000,,,,,NVIDIA A100-SXM4-40GB MIG 4g.20gb (0),1,,13,cupy_copy__float32_float32
3013637897,86975,147396,1,1,1,32,32,1,30,0.000,0.000,,,,,NVIDIA A100-SXM4-40GB MIG 4g.20gb (0),1,,13,"void convert_kernel<__half2, float2>(tensor_layout_any, T1 *, tensor_layout_any, const T2 *)"
3013752712,5439,147399,,,,,,,,,,0.094,17226.665,Pinned,Device,NVIDIA A100-SXM4-40GB MIG 4g.20gb (0),1,,13,[CUDA memcpy Host-to-Device]
3013767591,3296,147400,,,,,,,,,,1.547,469242.628,Device,,NVIDIA A100-SXM4-40GB MIG 4g.20gb (0),1,,13,[CUDA memset]
3013774279,3040,147405,,,,,,,,,,0.031,10294.725,Pinned,Device,NVIDIA A100-SXM4-40GB MIG 4g.20gb (0),1,,13,[CUDA memcpy Host-to-Device]
3013780199,9792,147406,,,,,,,,,,0.197,20078.395,Pinned,Device,NVIDIA A100-SXM4-40GB MIG 4g.20gb (0),1,,13,[CUDA memcpy Host-to-Device]
3013795751,6560,147407,273,1,1,8,4,1,39,0.002,0.000,,,,,NVIDIA A100-SXM4-40GB MIG 4g.20gb (0),1,,13,"void channel_eq::eqMmseCoefCompLowMimoKernel<float, float, float, (unsigned int)4, (unsigned int)1, (unsigned int)4>(const channel_eq::_puschRxChEqStatDescr *, channel_eq::_puschRxChEqCoefCompDynDescr)"
3013804423,7776,147408,273,1,1,12,11,1,51,0.002,0.000,,,,,NVIDIA A100-SXM4-40GB MIG 4g.20gb (0),1,,13,"void channel_eq::eqMmseSoftDemapKernel<float, __half, __half, float, (unsigned int)4, (unsigned short)16383>(channel_eq::_puschRxChEqStatDescr *, channel_eq::_puschRxChEqSoftDemapDynDescr)"
3013813287,282716,147409,1,1,1,32,32,1,30,0.000,0.000,,,,,NVIDIA A100-SXM4-40GB MIG 4g.20gb (0),1,,13,"void convert_kernel<float2, __half2>(tensor_layout_any, T1 *, tensor_layout_any, const T2 *)"
3014099843,10976,147421,2253,1,1,128,1,1,16,0.000,0.000,,,,,NVIDIA A100-SXM4-40GB MIG 4g.20gb (0),1,,13,cupy_copy__float16_float16
3014115203,3648,147430,282,1,1,128,1,1,16,0.000,0.000,,,,,NVIDIA A100-SXM4-40GB MIG 4g.20gb (0),1,,13,cupy_copy__complex64_complex64
3014120611,2368,147439,26,1,1,128,1,1,16,0.000,0.000,,,,,NVIDIA A100-SXM4-40GB MIG 4g.20gb (0),1,,13,cupy_copy__float32_float32
3014124323,3712,147448,103,1,1,128,1,1,16,0.000,0.000,,,,,NVIDIA A100-SXM4-40GB MIG 4g.20gb (0),1,,13,cupy_copy__complex64_complex64
3014129123,12192,147458,1434,1,1,128,1,1,16,0.000,0.000,,,,,NVIDIA A100-SXM4-40GB MIG 4g.20gb (0),1,,13,cupy_copy__complex64_complex64
3014152803,86751,147463,1,1,1,32,32,1,30,0.000,0.000,,,,,NVIDIA A100-SXM4-40GB MIG 4g.20gb (0),1,,13,"void convert_kernel<__half2, float2>(tensor_layout_any, T1 *, tensor_layout_any, const T2 *)"
3014266497,5600,147466,,,,,,,,,,0.094,16731.388,Pinned,Device,NVIDIA A100-SXM4-40GB MIG 4g.20gb (0),1,,13,[CUDA memcpy Host-to-Device]
3014276385,597081,147467,,,,,,,,,,456.561,764283.851,Device,,NVIDIA A100-SXM4-40GB MIG 4g.20gb (0),1,,13,[CUDA memset]
3014875514,154558,147472,,,,,,,,,,1.235,7990.088,Pinned,Device,NVIDIA A100-SXM4-40GB MIG 4g.20gb (0),1,,13,[CUDA memcpy Host-to-Device]
3015042392,39807,147473,,,,,,,,,,0.197,4938.990,Pinned,Device,NVIDIA A100-SXM4-40GB MIG 4g.20gb (0),1,,13,[CUDA memcpy Host-to-Device]
3015107479,8544,147474,69,4,1,48,1,1,76,0.002,0.000,,,,,NVIDIA A100-SXM4-40GB MIG 4g.20gb (0),1,,13,"void ch_est::windowedChEstPreNoDftSOfdmKernel<float, __half, float, (unsigned int)2, (unsigned int)1, (unsigned short)4>(ch_est::puschRxChEstStatDescr_t *, ch_est::puschRxChEstDynDescr_t *)"
3015123767,6847,147475,137,2,1,24,2,1,44,0.001,0.001,,,,,NVIDIA A100-SXM4-40GB MIG 4g.20gb (0),1,,13,"void ch_est::chEstFilterNoDftSOfdmDispatchKernel<float, __half, float, (unsigned int)2>(ch_est::puschRxChEstStatDescr_t *, ch_est::puschRxChEstDynDescr_t *)"
3015138326,4768,147476,137,2,1,24,2,1,44,0.001,0.001,,,,,NVIDIA A100-SXM4-40GB MIG 4g.20gb (0),1,,13,"void ch_est::chEstFilterNoDftSOfdmDispatchKernel<float, __half, float, (unsigned int)2>(ch_est::puschRxChEstStatDescr_t *, ch_est::puschRxChEstDynDescr_t *)"
3015153814,2656,147487,103,1,1,128,1,1,16,0.000,0.000,,,,,NVIDIA A100-SXM4-40GB MIG 4g.20gb (0),1,,13,cupy_copy__complex64_complex64
3015167926,12544,147497,1434,1,1,128,1,1,16,0.000,0.000,,,,,NVIDIA A100-SXM4-40GB MIG 4g.20gb (0),1,,13,cupy_copy__complex64_complex64
3015200534,2368,147504,103,1,1,128,1,1,16,0.000,0.000,,,,,NVIDIA A100-SXM4-40GB MIG 4g.20gb (0),1,,13,cupy_copy__complex64_complex64
3015214933,85151,147511,1,1,1,32,32,1,30,0.000,0.000,,,,,NVIDIA A100-SXM4-40GB MIG 4g.20gb (0),1,,13,"void convert_kernel<__half2, float2>(tensor_layout_any, T1 *, tensor_layout_any, const T2 *)"
3015327892,6176,147514,,,,,,,,,,0.094,15170.975,Pinned,Device,NVIDIA A100-SXM4-40GB MIG 4g.20gb (0),1,,13,[CUDA memcpy Host-to-Device]
3015340404,47711,147515,,,,,,,,,,35.810,750540.113,Device,,NVIDIA A100-SXM4-40GB MIG 4g.20gb (0),1,,13,[CUDA memset]
3015393523,3264,147517,,,,,,,,,,0.000,24.510,Pinned,Device,NVIDIA A100-SXM4-40GB MIG 4g.20gb (0),1,,13,[CUDA memcpy Host-to-Device]
3015402067,10976,147518,,,,,,,,,,0.197,17912.365,Pinned,Device,NVIDIA A100-SXM4-40GB MIG 4g.20gb (0),1,,13,[CUDA memcpy Host-to-Device]
3015423827,10528,147519,273,1,1,48,1,1,40,0.000,0.001,,,,,NVIDIA A100-SXM4-40GB MIG 4g.20gb (0),1,,13,"void pusch_noise_intf_est::noiseIntfEstNoDftSOfdmKernel<float, __half, float, float, (unsigned int)2, (unsigned int)1, (unsigned char)4, (unsigned char)4>(pusch_noise_intf_est::puschRxNoiseIntfEstDynDescr)"
3015438131,2976,147530,35,1,1,128,1,1,16,0.000,0.000,,,,,NVIDIA A100-SXM4-40GB MIG 4g.20gb (0),1,,13,cupy_copy__complex64_complex64
3015451955,1887,147539,1,1,1,1,1,1,18,0.000,0.000,,,,,NVIDIA A100-SXM4-40GB MIG 4g.20gb (0),1,,13,cupy_copy__float32_float32
3015481266,1568,147545,,,,,,,,,,0.000,2.551,Device,Pageable,NVIDIA A100-SXM4-40GB MIG 4g.20gb (0),1,,7,[CUDA memcpy Device-to-Host]
3015542065,12704,147556,1434,1,1,128,1,1,16,0.000,0.000,,,,,NVIDIA A100-SXM4-40GB MIG 4g.20gb (0),1,,13,cupy_copy__complex64_complex64
3015568273,3552,147563,103,1,1,128,1,1,16,0.000,0.000,,,,,NVIDIA A100-SXM4-40GB MIG 4g.20gb (0),1,,13,cupy_copy__complex64_complex64
3015588369,2144,147570,35,1,1,128,1,1,16,0.000,0.000,,,,,NVIDIA A100-SXM4-40GB MIG 4g.20gb (0),1,,13,cupy_copy__complex64_complex64
3015606609,1760,147577,1,1,1,1,1,1,18,0.000,0.000,,,,,NVIDIA A100-SXM4-40GB MIG 4g.20gb (0),1,,13,cupy_copy__float32_float32
3015740143,81695,147588,1,1,1,32,32,1,30,0.000,0.000,,,,,NVIDIA A100-SXM4-40GB MIG 4g.20gb (0),1,,13,"void convert_kernel<__half2, float2>(tensor_layout_any, T1 *, tensor_layout_any, const T2 *)"
3015849710,5760,147591,,,,,,,,,,0.094,16266.656,Pinned,Device,NVIDIA A100-SXM4-40GB MIG 4g.20gb (0),1,,13,[CUDA memcpy Host-to-Device]
3015864109,3360,147592,,,,,,,,,,1.547,460304.688,Device,,NVIDIA A100-SXM4-40GB MIG 4g.20gb (0),1,,13,[CUDA memset]
3015872781,3424,147597,,,,,,,,,,0.031,9140.185,Pinned,Device,NVIDIA A100-SXM4-40GB MIG 4g.20gb (0),1,,13,[CUDA memcpy Host-to-Device]
3015878701,9536,147598,,,,,,,,,,0.197,20617.298,Pinned,Device,NVIDIA A100-SXM4-40GB MIG 4g.20gb (0),1,,13,[CUDA memcpy Host-to-Device]
3015892781,6496,147599,273,1,1,8,4,1,39,0.002,0.000,,,,,NVIDIA A100-SXM4-40GB MIG 4g.20gb (0),1,,13,"void channel_eq::eqMmseCoefCompLowMimoKernel<float, float, float, (unsigned int)4, (unsigned int)1, (unsigned int)4>(const channel_eq::_puschRxChEqStatDescr *, channel_eq::_puschRxChEqCoefCompDynDescr)"
3015900365,6336,147600,273,1,1,12,11,1,51,0.002,0.000,,,,,NVIDIA A100-SXM4-40GB MIG 4g.20gb (0),1,,13,"void channel_eq::eqMmseSoftDemapKernel<float, __half, __half, float, (unsigned int)4, (unsigned short)16383>(channel_eq::_puschRxChEqStatDescr *, channel_eq::_puschRxChEqSoftDemapDynDescr)"
3015907757,283036,147601,1,1,1,32,32,1,30,0.000,0.000,,,,,NVIDIA A100-SXM4-40GB MIG 4g.20gb (0),1,,13,"void convert_kernel<float2, __half2>(tensor_layout_any, T1 *, tensor_layout_any, const T2 *)"
3016193065,10976,147613,2253,1,1,128,1,1,16,0.000,0.000,,,,,NVIDIA A100-SXM4-40GB MIG 4g.20gb (0),1,,13,cupy_copy__float16_float16
3016207113,3648,147622,282,1,1,128,1,1,16,0.000,0.000,,,,,NVIDIA A100-SXM4-40GB MIG 4g.20gb (0),1,,13,cupy_copy__complex64_complex64
3016212585,2592,147631,26,1,1,128,1,1,16,0.000,0.000,,,,,NVIDIA A100-SXM4-40GB MIG 4g.20gb (0),1,,13,cupy_copy__float32_float32
3016216233,3008,147640,103,1,1,128,1,1,16,0.000,0.000,,,,,NVIDIA A100-SXM4-40GB MIG 4g.20gb (0),1,,13,cupy_copy__complex64_complex64
3016221321,12192,147650,1434,1,1,128,1,1,16,0.000,0.000,,,,,NVIDIA A100-SXM4-40GB MIG 4g.20gb (0),1,,13,cupy_copy__complex64_complex64
3016242793,87647,147655,1,1,1,32,32,1,30,0.000,0.000,,,,,NVIDIA A100-SXM4-40GB MIG 4g.20gb (0),1,,13,"void convert_kernel<__half2, float2>(tensor_layout_any, T1 *, tensor_layout_any, const T2 *)"
3016357735,5600,147658,,,,,,,,,,0.094,16731.388,Pinned,Device,NVIDIA A100-SXM4-40GB MIG 4g.20gb (0),1,,13,[CUDA memcpy Host-to-Device]
3016367815,596665,147659,,,,,,,,,,456.561,764740.412,Device,,NVIDIA A100-SXM4-40GB MIG 4g.20gb (0),1,,13,[CUDA memset]
3016966752,136318,147664,,,,,,,,,,1.235,9058.314,Pinned,Device,NVIDIA A100-SXM4-40GB MIG 4g.20gb (0),1,,13,[CUDA memcpy Host-to-Device]
3017117470,41887,147665,,,,,,,,,,0.197,4693.623,Pinned,Device,NVIDIA A100-SXM4-40GB MIG 4g.20gb (0),1,,13,[CUDA memcpy Host-to-Device]
3017193597,8192,147666,69,4,1,48,1,1,76,0.002,0.000,,,,,NVIDIA A100-SXM4-40GB MIG 4g.20gb (0),1,,13,"void ch_est::windowedChEstPreNoDftSOfdmKernel<float, __half, float, (unsigned int)2, (unsigned int)1, (unsigned short)4>(ch_est::puschRxChEstStatDescr_t *, ch_est::puschRxChEstDynDescr_t *)"
3017212765,6880,147667,137,2,1,24,2,1,44,0.001,0.001,,,,,NVIDIA A100-SXM4-40GB MIG 4g.20gb (0),1,,13,"void ch_est::chEstFilterNoDftSOfdmDispatchKernel<float, __half, float, (unsigned int)2>(ch_est::puschRxChEstStatDescr_t *, ch_est::puschRxChEstDynDescr_t *)"
3017230013,5087,147668,137,2,1,24,2,1,44,0.001,0.001,,,,,NVIDIA A100-SXM4-40GB MIG 4g.20gb (0),1,,13,"void ch_est::chEstFilterNoDftSOfdmDispatchKernel<float, __half, float, (unsigned int)2>(ch_est::puschRxChEstStatDescr_t *, ch_est::puschRxChEstDynDescr_t *)"
3017247132,2496,147679,103,1,1,128,1,1,16,0.000,0.000,,,,,NVIDIA A100-SXM4-40GB MIG 4g.20gb (0),1,,13,cupy_copy__complex64_complex64
3017264828,12288,147689,1434,1,1,128,1,1,16,0.000,0.000,,,,,NVIDIA A100-SXM4-40GB MIG 4g.20gb (0),1,,13,cupy_copy__complex64_complex64
3017284764,2912,147696,103,1,1,128,1,1,16,0.000,0.000,,,,,NVIDIA A100-SXM4-40GB MIG 4g.20gb (0),1,,13,cupy_copy__complex64_complex64
3017303932,85663,147703,1,1,1,32,32,1,30,0.000,0.000,,,,,NVIDIA A100-SXM4-40GB MIG 4g.20gb (0),1,,13,"void convert_kernel<__half2, float2>(tensor_layout_any, T1 *, tensor_layout_any, const T2 *)"
3017423930,24096,147706,,,,,,,,,,0.094,3888.384,Pinned,Device,NVIDIA A100-SXM4-40GB MIG 4g.20gb (0),1,,13,[CUDA memcpy Host-to-Device]
3017473402,46911,147707,,,,,,,,,,35.810,763324.255,Device,,NVIDIA A100-SXM4-40GB MIG 4g.20gb (0),1,,13,[CUDA memset]
3017521721,11488,147709,,,,,,,,,,0.000,6.964,Pinned,Device,NVIDIA A100-SXM4-40GB MIG 4g.20gb (0),1,,13,[CUDA memcpy Host-to-Device]
3017543225,23135,147710,,,,,,,,,,0.197,8498.184,Pinned,Device,NVIDIA A100-SXM4-40GB MIG 4g.20gb (0),1,,13,[CUDA memcpy Host-to-Device]
3017582840,9536,147711,273,1,1,48,1,1,40,0.000,0.001,,,,,NVIDIA A100-SXM4-40GB MIG 4g.20gb (0),1,,13,"void pusch_noise_intf_est::noiseIntfEstNoDftSOfdmKernel<float, __half, float, float, (unsigned int)2, (unsigned int)1, (unsigned char)4, (unsigned char)4>(pusch_noise_intf_est::puschRxNoiseIntfEstDynDescr)"
3017595480,2592,147722,35,1,1,128,1,1,16,0.000,0.000,,,,,NVIDIA A100-SXM4-40GB MIG 4g.20gb (0),1,,13,cupy_copy__complex64_complex64
3017605528,1792,147731,1,1,1,1,1,1,18,0.000,0.000,,,,,NVIDIA A100-SXM4-40GB MIG 4g.20gb (0),1,,13,cupy_copy__float32_float32
3017610776,2688,147737,,,,,,,,,,0.000,1.488,Device,Pageable,NVIDIA A100-SXM4-40GB MIG 4g.20gb (0),1,,7,[CUDA memcpy Device-to-Host]
3017680375,12640,147748,1434,1,1,128,1,1,16,0.000,0.000,,,,,NVIDIA A100-SXM4-40GB MIG 4g.20gb (0),1,,13,cupy_copy__complex64_complex64
3017705367,2848,147755,103,1,1,128,1,1,16,0.000,0.000,,,,,NVIDIA A100-SXM4-40GB MIG 4g.20gb (0),1,,13,cupy_copy__complex64_complex64
3017726422,2400,147762,35,1,1,128,1,1,16,0.000,0.000,,,,,NVIDIA A100-SXM4-40GB MIG 4g.20gb (0),1,,13,cupy_copy__complex64_complex64
3017744694,1984,147769,1,1,1,1,1,1,18,0.000,0.000,,,,,NVIDIA A100-SXM4-40GB MIG 4g.20gb (0),1,,13,cupy_copy__float32_float32
3017876853,82559,147780,1,1,1,32,32,1,30,0.000,0.000,,,,,NVIDIA A100-SXM4-40GB MIG 4g.20gb (0),1,,13,"void convert_kernel<__half2, float2>(tensor_layout_any, T1 *, tensor_layout_any, const T2 *)"
3017989651,5856,147783,,,,,,,,,,0.094,15999.997,Pinned,Device,NVIDIA A100-SXM4-40GB MIG 4g.20gb (0),1,,13,[CUDA memcpy Host-to-Device]
3018004595,3360,147784,,,,,,,,,,1.547,460304.688,Device,,NVIDIA A100-SXM4-40GB MIG 4g.20gb (0),1,,13,[CUDA memset]
3018012051,3520,147789,,,,,,,,,,0.031,8890.881,Pinned,Device,NVIDIA A100-SXM4-40GB MIG 4g.20gb (0),1,,13,[CUDA memcpy Host-to-Device]
3018018451,10048,147790,,,,,,,,,,0.197,19566.821,Pinned,Device,NVIDIA A100-SXM4-40GB MIG 4g.20gb (0),1,,13,[CUDA memcpy Host-to-Device]
3018033907,6304,147791,273,1,1,8,4,1,39,0.002,0.000,,,,,NVIDIA A100-SXM4-40GB MIG 4g.20gb (0),1,,13,"void channel_eq::eqMmseCoefCompLowMimoKernel<float, float, float, (unsigned int)4, (unsigned int)1, (unsigned int)4>(const channel_eq::_puschRxChEqStatDescr *, channel_eq::_puschRxChEqCoefCompDynDescr)"
3018042866,6304,147792,273,1,1,12,11,1,51,0.002,0.000,,,,,NVIDIA A100-SXM4-40GB MIG 4g.20gb (0),1,,13,"void channel_eq::eqMmseSoftDemapKernel<float, __half, __half, float, (unsigned int)4, (unsigned short)16383>(channel_eq::_puschRxChEqStatDescr *, channel_eq::_puschRxChEqSoftDemapDynDescr)"
3018052562,281309,147793,1,1,1,32,32,1,30,0.000,0.000,,,,,NVIDIA A100-SXM4-40GB MIG 4g.20gb (0),1,,13,"void convert_kernel<float2, __half2>(tensor_layout_any, T1 *, tensor_layout_any, const T2 *)"
3018336367,11040,147805,2253,1,1,128,1,1,16,0.000,0.000,,,,,NVIDIA A100-SXM4-40GB MIG 4g.20gb (0),1,,13,cupy_copy__float16_float16
3018350607,3584,147814,282,1,1,128,1,1,16,0.000,0.000,,,,,NVIDIA A100-SXM4-40GB MIG 4g.20gb (0),1,,13,cupy_copy__complex64_complex64
3018355503,2048,147823,26,1,1,128,1,1,16,0.000,0.000,,,,,NVIDIA A100-SXM4-40GB MIG 4g.20gb (0),1,,13,cupy_copy__float32_float32
3018360015,2976,147832,103,1,1,128,1,1,16,0.000,0.000,,,,,NVIDIA A100-SXM4-40GB MIG 4g.20gb (0),1,,13,cupy_copy__complex64_complex64
3018364015,11935,147842,1434,1,1,128,1,1,16,0.000,0.000,,,,,NVIDIA A100-SXM4-40GB MIG 4g.20gb (0),1,,13,cupy_copy__complex64_complex64
3018380462,82815,147847,1,1,1,32,32,1,30,0.000,0.000,,,,,NVIDIA A100-SXM4-40GB MIG 4g.20gb (0),1,,13,"void convert_kernel<__half2, float2>(tensor_layout_any, T1 *, tensor_layout_any, const T2 *)"
3018490541,5792,147850,,,,,,,,,,0.094,16176.708,Pinned,Device,NVIDIA A100-SXM4-40GB MIG 4g.20gb (0),1,,13,[CUDA memcpy Host-to-Device]
3018500749,599288,147851,,,,,,,,,,456.561,761544.482,Device,,NVIDIA A100-SXM4-40GB MIG 4g.20gb (0),1,,13,[CUDA memset]
3019104677,144351,147856,,,,,,,,,,1.235,8554.457,Pinned,Device,NVIDIA A100-SXM4-40GB MIG 4g.20gb (0),1,,13,[CUDA memcpy Host-to-Device]
3019261635,41184,147857,,,,,,,,,,0.197,4773.839,Pinned,Device,NVIDIA A100-SXM4-40GB MIG 4g.20gb (0),1,,13,[CUDA memcpy Host-to-Device]
3019320323,8544,147858,69,4,1,48,1,1,76,0.002,0.000,,,,,NVIDIA A100-SXM4-40GB MIG 4g.20gb (0),1,,13,"void ch_est::windowedChEstPreNoDftSOfdmKernel<float, __half, float, (unsigned int)2, (unsigned int)1, (unsigned short)4>(ch_est::puschRxChEstStatDescr_t *, ch_est::puschRxChEstDynDescr_t *)"
3019339906,6592,147859,137,2,1,24,2,1,44,0.001,0.001,,,,,NVIDIA A100-SXM4-40GB MIG 4g.20gb (0),1,,13,"void ch_est::chEstFilterNoDftSOfdmDispatchKernel<float, __half, float, (unsigned int)2>(ch_est::puschRxChEstStatDescr_t *, ch_est::puschRxChEstDynDescr_t *)"
3019356674,4800,147860,137,2,1,24,2,1,44,0.001,0.001,,,,,NVIDIA A100-SXM4-40GB MIG 4g.20gb (0),1,,13,"void ch_est::chEstFilterNoDftSOfdmDispatchKernel<float, __half, float, (unsigned int)2>(ch_est::puschRxChEstStatDescr_t *, ch_est::puschRxChEstDynDescr_t *)"
3019374178,2656,147871,103,1,1,128,1,1,16,0.000,0.000,,,,,NVIDIA A100-SXM4-40GB MIG 4g.20gb (0),1,,13,cupy_copy__complex64_complex64
3019390530,12320,147881,1434,1,1,128,1,1,16,0.000,0.000,,,,,NVIDIA A100-SXM4-40GB MIG 4g.20gb (0),1,,13,cupy_copy__complex64_complex64
3019411778,2880,147888,103,1,1,128,1,1,16,0.000,0.000,,,,,NVIDIA A100-SXM4-40GB MIG 4g.20gb (0),1,,13,cupy_copy__complex64_complex64
3019438657,86431,147895,1,1,1,32,32,1,30,0.000,0.000,,,,,NVIDIA A100-SXM4-40GB MIG 4g.20gb (0),1,,13,"void convert_kernel<__half2, float2>(tensor_layout_any, T1 *, tensor_layout_any, const T2 *)"
3019563360,24415,147898,,,,,,,,,,0.094,3837.601,Pinned,Device,NVIDIA A100-SXM4-40GB MIG 4g.20gb (0),1,,13,[CUDA memcpy Host-to-Device]
3019605375,47360,147899,,,,,,,,,,35.810,756090.651,Device,,NVIDIA A100-SXM4-40GB MIG 4g.20gb (0),1,,13,[CUDA memset]
3019656703,11519,147901,,,,,,,,,,0.000,6.945,Pinned,Device,NVIDIA A100-SXM4-40GB MIG 4g.20gb (0),1,,13,[CUDA memcpy Host-to-Device]
3019676638,36224,147902,,,,,,,,,,0.197,5427.560,Pinned,Device,NVIDIA A100-SXM4-40GB MIG 4g.20gb (0),1,,13,[CUDA memcpy Host-to-Device]
3019747069,9888,147903,273,1,1,48,1,1,40,0.000,0.001,,,,,NVIDIA A100-SXM4-40GB MIG 4g.20gb (0),1,,13,"void pusch_noise_intf_est::noiseIntfEstNoDftSOfdmKernel<float, __half, float, float, (unsigned int)2, (unsigned int)1, (unsigned char)4, (unsigned char)4>(pusch_noise_intf_est::puschRxNoiseIntfEstDynDescr)"
3019764189,2816,147914,35,1,1,128,1,1,16,0.000,0.000,,,,,NVIDIA A100-SXM4-40GB MIG 4g.20gb (0),1,,13,cupy_copy__complex64_complex64
3019780925,1696,147923,1,1,1,1,1,1,18,0.000,0.000,,,,,NVIDIA A100-SXM4-40GB MIG 4g.20gb (0),1,,13,cupy_copy__float32_float32
3019783677,8256,147929,,,,,,,,,,0.000,0.484,Device,Pageable,NVIDIA A100-SXM4-40GB MIG 4g.20gb (0),1,,7,[CUDA memcpy Device-to-Host]
3019874204,12704,147940,1434,1,1,128,1,1,16,0.000,0.000,,,,,NVIDIA A100-SXM4-40GB MIG 4g.20gb (0),1,,13,cupy_copy__complex64_complex64
3019897244,3328,147947,103,1,1,128,1,1,16,0.000,0.000,,,,,NVIDIA A100-SXM4-40GB MIG 4g.20gb (0),1,,13,cupy_copy__complex64_complex64
3019919867,2560,147954,35,1,1,128,1,1,16,0.000,0.000,,,,,NVIDIA A100-SXM4-40GB MIG 4g.20gb (0),1,,13,cupy_copy__complex64_complex64
3019939995,1792,147961,1,1,1,1,1,1,18,0.000,0.000,,,,,NVIDIA A100-SXM4-40GB MIG 4g.20gb (0),1,,13,cupy_copy__float32_float32
3020077817,87071,147972,1,1,1,32,32,1,30,0.000,0.000,,,,,NVIDIA A100-SXM4-40GB MIG 4g.20gb (0),1,,13,"void convert_kernel<__half2, float2>(tensor_layout_any, T1 *, tensor_layout_any, const T2 *)"
3020195960,9728,147975,,,,,,,,,,0.094,9631.574,Pinned,Device,NVIDIA A100-SXM4-40GB MIG 4g.20gb (0),1,,13,[CUDA memcpy Host-to-Device]
3020213400,3584,147976,,,,,,,,,,1.547,431534.389,Device,,NVIDIA A100-SXM4-40GB MIG 4g.20gb (0),1,,13,[CUDA memset]
3020217656,5152,147981,,,,,,,,,,0.031,6074.522,Pinned,Device,NVIDIA A100-SXM4-40GB MIG 4g.20gb (0),1,,13,[CUDA memcpy Host-to-Device]
3020225527,10656,147982,,,,,,,,,,0.197,18450.285,Pinned,Device,NVIDIA A100-SXM4-40GB MIG 4g.20gb (0),1,,13,[CUDA memcpy Host-to-Device]
3020242775,5888,147983,273,1,1,8,4,1,39,0.002,0.000,,,,,NVIDIA A100-SXM4-40GB MIG 4g.20gb (0),1,,13,"void channel_eq::eqMmseCoefCompLowMimoKernel<float, float, float, (unsigned int)4, (unsigned int)1, (unsigned int)4>(const channel_eq::_puschRxChEqStatDescr *, channel_eq::_puschRxChEqCoefCompDynDescr)"
3020250167,5888,147984,273,1,1,12,11,1,51,0.002,0.000,,,,,NVIDIA A100-SXM4-40GB MIG 4g.20gb (0),1,,13,"void channel_eq::eqMmseSoftDemapKernel<float, __half, __half, float, (unsigned int)4, (unsigned short)16383>(channel_eq::_puschRxChEqStatDescr *, channel_eq::_puschRxChEqSoftDemapDynDescr)"
3020257399,294780,147985,1,1,1,32,32,1,30,0.000,0.000,,,,,NVIDIA A100-SXM4-40GB MIG 4g.20gb (0),1,,13,"void convert_kernel<float2, __half2>(tensor_layout_any, T1 *, tensor_layout_any, const T2 *)"
3020553363,11040,147997,2253,1,1,128,1,1,16,0.000,0.000,,,,,NVIDIA A100-SXM4-40GB MIG 4g.20gb (0),1,,13,cupy_copy__float16_float16
3020565715,3008,148006,282,1,1,128,1,1,16,0.000,0.000,,,,,NVIDIA A100-SXM4-40GB MIG 4g.20gb (0),1,,13,cupy_copy__complex64_complex64
3020570739,2112,148015,26,1,1,128,1,1,16,0.000,0.000,,,,,NVIDIA A100-SXM4-40GB MIG 4g.20gb (0),1,,13,cupy_copy__float32_float32
3020575283,3104,148024,103,1,1,128,1,1,16,0.000,0.000,,,,,NVIDIA A100-SXM4-40GB MIG 4g.20gb (0),1,,13,cupy_copy__complex64_complex64
3020579475,12128,148034,1434,1,1,128,1,1,16,0.000,0.000,,,,,NVIDIA A100-SXM4-40GB MIG 4g.20gb (0),1,,13,cupy_copy__complex64_complex64
3020595923,87327,148039,1,1,1,32,32,1,30,0.000,0.000,,,,,NVIDIA A100-SXM4-40GB MIG 4g.20gb (0),1,,13,"void convert_kernel<__half2, float2>(tensor_layout_any, T1 *, tensor_layout_any, const T2 *)"
3020710162,5791,148042,,,,,,,,,,0.094,16179.519,Pinned,Device,NVIDIA A100-SXM4-40GB MIG 4g.20gb (0),1,,13,[CUDA memcpy Host-to-Device]
3020719825,603353,148043,,,,,,,,,,456.561,756522.306,Device,,NVIDIA A100-SXM4-40GB MIG 4g.20gb (0),1,,13,[CUDA memset]
3021326570,125502,148048,,,,,,,,,,1.235,9840.034,Pinned,Device,NVIDIA A100-SXM4-40GB MIG 4g.20gb (0),1,,13,[CUDA memcpy Host-to-Device]
3021464392,38208,148049,,,,,,,,,,0.197,5145.625,Pinned,Device,NVIDIA A100-SXM4-40GB MIG 4g.20gb (0),1,,13,[CUDA memcpy Host-to-Device]
3021525895,8032,148050,69,4,1,48,1,1,76,0.002,0.000,,,,,NVIDIA A100-SXM4-40GB MIG 4g.20gb (0),1,,13,"void ch_est::windowedChEstPreNoDftSOfdmKernel<float, __half, float, (unsigned int)2, (unsigned int)1, (unsigned short)4>(ch_est::puschRxChEstStatDescr_t *, ch_est::puschRxChEstDynDescr_t *)"
3021539847,6848,148051,137,2,1,24,2,1,44,0.001,0.001,,,,,NVIDIA A100-SXM4-40GB MIG 4g.20gb (0),1,,13,"void ch_est::chEstFilterNoDftSOfdmDispatchKernel<float, __half, float, (unsigned int)2>(ch_est::puschRxChEstStatDescr_t *, ch_est::puschRxChEstDynDescr_t *)"
3021550503,5376,148052,137,2,1,24,2,1,44,0.001,0.001,,,,,NVIDIA A100-SXM4-40GB MIG 4g.20gb (0),1,,13,"void ch_est::chEstFilterNoDftSOfdmDispatchKernel<float, __half, float, (unsigned int)2>(ch_est::puschRxChEstStatDescr_t *, ch_est::puschRxChEstDynDescr_t *)"
3021560615,2752,148063,103,1,1,128,1,1,16,0.000,0.000,,,,,NVIDIA A100-SXM4-40GB MIG 4g.20gb (0),1,,13,cupy_copy__complex64_complex64
3021569127,12480,148073,1434,1,1,128,1,1,16,0.000,0.000,,,,,NVIDIA A100-SXM4-40GB MIG 4g.20gb (0),1,,13,cupy_copy__complex64_complex64
3021587463,2528,148080,103,1,1,128,1,1,16,0.000,0.000,,,,,NVIDIA A100-SXM4-40GB MIG 4g.20gb (0),1,,13,cupy_copy__complex64_complex64
3021596519,94366,148087,1,1,1,32,32,1,30,0.000,0.000,,,,,NVIDIA A100-SXM4-40GB MIG 4g.20gb (0),1,,13,"void convert_kernel<__half2, float2>(tensor_layout_any, T1 *, tensor_layout_any, const T2 *)"
3021718405,5728,148090,,,,,,,,,,0.094,16357.541,Pinned,Device,NVIDIA A100-SXM4-40GB MIG 4g.20gb (0),1,,13,[CUDA memcpy Host-to-Device]
3021729925,46815,148091,,,,,,,,,,35.810,764899.891,Device,,NVIDIA A100-SXM4-40GB MIG 4g.20gb (0),1,,13,[CUDA memset]
3021784228,2976,148093,,,,,,,,,,0.000,26.882,Pinned,Device,NVIDIA A100-SXM4-40GB MIG 4g.20gb (0),1,,13,[CUDA memcpy Host-to-Device]
3021792100,13312,148094,,,,,,,,,,0.197,14769.193,Pinned,Device,NVIDIA A100-SXM4-40GB MIG 4g.20gb (0),1,,13,[CUDA memcpy Host-to-Device]
3021814084,12352,148095,273,1,1,48,1,1,40,0.000,0.001,,,,,NVIDIA A100-SXM4-40GB MIG 4g.20gb (0),1,,13,"void pusch_noise_intf_est::noiseIntfEstNoDftSOfdmKernel<float, __half, float, float, (unsigned int)2, (unsigned int)1, (unsigned char)4, (unsigned char)4>(pusch_noise_intf_est::puschRxNoiseIntfEstDynDescr)"
3021830692,3264,148106,35,1,1,128,1,1,16,0.000,0.000,,,,,NVIDIA A100-SXM4-40GB MIG 4g.20gb (0),1,,13,cupy_copy__complex64_complex64
3021840356,1760,148115,1,1,1,1,1,1,18,0.000,0.000,,,,,NVIDIA A100-SXM4-40GB MIG 4g.20gb (0),1,,13,cupy_copy__float32_float32
3021869219,1696,148121,,,,,,,,,,0.000,2.358,Device,Pageable,NVIDIA A100-SXM4-40GB MIG 4g.20gb (0),1,,7,[CUDA memcpy Device-to-Host]
3021929538,12992,148132,1434,1,1,128,1,1,16,0.000,0.000,,,,,NVIDIA A100-SXM4-40GB MIG 4g.20gb (0),1,,13,cupy_copy__complex64_complex64
3021955426,3360,148139,103,1,1,128,1,1,16,0.000,0.000,,,,,NVIDIA A100-SXM4-40GB MIG 4g.20gb (0),1,,13,cupy_copy__complex64_complex64
3021976226,2336,148146,35,1,1,128,1,1,16,0.000,0.000,,,,,NVIDIA A100-SXM4-40GB MIG 4g.20gb (0),1,,13,cupy_copy__complex64_complex64
3021993762,1792,148153,1,1,1,1,1,1,18,0.000,0.000,,,,,NVIDIA A100-SXM4-40GB MIG 4g.20gb (0),1,,13,cupy_copy__float32_float32
3022130592,82239,148164,1,1,1,32,32,1,30,0.000,0.000,,,,,NVIDIA A100-SXM4-40GB MIG 4g.20gb (0),1,,13,"void convert_kernel<__half2, float2>(tensor_layout_any, T1 *, tensor_layout_any, const T2 *)"
3022240095,5568,148167,,,,,,,,,,0.094,16827.521,Pinned,Device,NVIDIA A100-SXM4-40GB MIG 4g.20gb (0),1,,13,[CUDA memcpy Host-to-Device]
3022255070,3488,148168,,,,,,,,,,1.547,443412.461,Device,,NVIDIA A100-SXM4-40GB MIG 4g.20gb (0),1,,13,[CUDA memset]
3022262270,4192,148173,,,,,,,,,,0.031,7465.630,Pinned,Device,NVIDIA A100-SXM4-40GB MIG 4g.20gb (0),1,,13,[CUDA memcpy Host-to-Device]
3022268862,10144,148174,,,,,,,,,,0.197,19381.617,Pinned,Device,NVIDIA A100-SXM4-40GB MIG 4g.20gb (0),1,,13,[CUDA memcpy Host-to-Device]
3022283038,6304,148175,273,1,1,8,4,1,39,0.002,0.000,,,,,NVIDIA A100-SXM4-40GB MIG 4g.20gb (0),1,,13,"void channel_eq::eqMmseCoefCompLowMimoKernel<float, float, float, (unsigned int)4, (unsigned int)1, (unsigned int)4>(const channel_eq::_puschRxChEqStatDescr *, channel_eq::_puschRxChEqCoefCompDynDescr)"
3022291806,6112,148176,273,1,1,12,11,1,51,0.002,0.000,,,,,NVIDIA A100-SXM4-40GB MIG 4g.20gb (0),1,,13,"void channel_eq::eqMmseSoftDemapKernel<float, __half, __half, float, (unsigned int)4, (unsigned short)16383>(channel_eq::_puschRxChEqStatDescr *, channel_eq::_puschRxChEqSoftDemapDynDescr)"
3022298974,282780,148177,1,1,1,32,32,1,30,0.000,0.000,,,,,NVIDIA A100-SXM4-40GB MIG 4g.20gb (0),1,,13,"void convert_kernel<float2, __half2>(tensor_layout_any, T1 *, tensor_layout_any, const T2 *)"
3022583994,11104,148189,2253,1,1,128,1,1,16,0.000,0.000,,,,,NVIDIA A100-SXM4-40GB MIG 4g.20gb (0),1,,13,cupy_copy__float16_float16
3022597082,3200,148198,282,1,1,128,1,1,16,0.000,0.000,,,,,NVIDIA A100-SXM4-40GB MIG 4g.20gb (0),1,,13,cupy_copy__complex64_complex64
3022601882,2016,148207,26,1,1,128,1,1,16,0.000,0.000,,,,,NVIDIA A100-SXM4-40GB MIG 4g.20gb (0),1,,13,cupy_copy__float32_float32
3022607002,4512,148216,103,1,1,128,1,1,16,0.000,0.000,,,,,NVIDIA A100-SXM4-40GB MIG 4g.20gb (0),1,,13,cupy_copy__complex64_complex64
3022663065,11968,148232,1434,1,1,128,1,1,16,0.000,0.000,,,,,NVIDIA A100-SXM4-40GB MIG 4g.20gb (0),1,,13,cupy_copy__complex64_complex64
3022779704,81311,148237,1,1,1,32,32,1,30,0.000,0.000,,,,,NVIDIA A100-SXM4-40GB MIG 4g.20gb (0),1,,13,"void convert_kernel<__half2, float2>(tensor_layout_any, T1 *, tensor_layout_any, const T2 *)"
3022889367,5727,148240,,,,,,,,,,0.094,16360.352,Pinned,Device,NVIDIA A100-SXM4-40GB MIG 4g.20gb (0),1,,13,[CUDA memcpy Host-to-Device]
3022900790,597017,148241,,,,,,,,,,456.561,764283.851,Device,,NVIDIA A100-SXM4-40GB MIG 4g.20gb (0),1,,13,[CUDA memset]
3023506063,159454,148246,,,,,,,,,,1.235,7744.334,Pinned,Device,NVIDIA A100-SXM4-40GB MIG 4g.20gb (0),1,,13,[CUDA memcpy Host-to-Device]
3023679117,35295,148247,,,,,,,,,,0.197,5570.298,Pinned,Device,NVIDIA A100-SXM4-40GB MIG 4g.20gb (0),1,,13,[CUDA memcpy Host-to-Device]
3023728812,8288,148248,69,4,1,48,1,1,76,0.002,0.000,,,,,NVIDIA A100-SXM4-40GB MIG 4g.20gb (0),1,,13,"void ch_est::windowedChEstPreNoDftSOfdmKernel<float, __half, float, (unsigned int)2, (unsigned int)1, (unsigned short)4>(ch_est::puschRxChEstStatDescr_t *, ch_est::puschRxChEstDynDescr_t *)"
3023739788,6912,148249,137,2,1,24,2,1,44,0.001,0.001,,,,,NVIDIA A100-SXM4-40GB MIG 4g.20gb (0),1,,13,"void ch_est::chEstFilterNoDftSOfdmDispatchKernel<float, __half, float, (unsigned int)2>(ch_est::puschRxChEstStatDescr_t *, ch_est::puschRxChEstDynDescr_t *)"
3023749708,5152,148250,137,2,1,24,2,1,44,0.001,0.001,,,,,NVIDIA A100-SXM4-40GB MIG 4g.20gb (0),1,,13,"void ch_est::chEstFilterNoDftSOfdmDispatchKernel<float, __half, float, (unsigned int)2>(ch_est::puschRxChEstStatDescr_t *, ch_est::puschRxChEstDynDescr_t *)"
3023759692,2560,148261,103,1,1,128,1,1,16,0.000,0.000,,,,,NVIDIA A100-SXM4-40GB MIG 4g.20gb (0),1,,13,cupy_copy__complex64_complex64
3023768428,12416,148271,1434,1,1,128,1,1,16,0.000,0.000,,,,,NVIDIA A100-SXM4-40GB MIG 4g.20gb (0),1,,13,cupy_copy__complex64_complex64
3023784779,3136,148278,103,1,1,128,1,1,16,0.000,0.000,,,,,NVIDIA A100-SXM4-40GB MIG 4g.20gb (0),1,,13,cupy_copy__complex64_complex64
3023792203,84959,148285,1,1,1,32,32,1,30,0.000,0.000,,,,,NVIDIA A100-SXM4-40GB MIG 4g.20gb (0),1,,13,"void convert_kernel<__half2, float2>(tensor_layout_any, T1 *, tensor_layout_any, const T2 *)"
3023904138,5568,148288,,,,,,,,,,0.094,16827.521,Pinned,Device,NVIDIA A100-SXM4-40GB MIG 4g.20gb (0),1,,13,[CUDA memcpy Host-to-Device]
3023916650,47263,148289,,,,,,,,,,35.810,757666.287,Device,,NVIDIA A100-SXM4-40GB MIG 4g.20gb (0),1,,13,[CUDA memset]
3023970441,3840,148291,,,,,,,,,,0.000,20.833,Pinned,Device,NVIDIA A100-SXM4-40GB MIG 4g.20gb (0),1,,13,[CUDA memcpy Host-to-Device]
3023979689,13568,148292,,,,,,,,,,0.197,14490.403,Pinned,Device,NVIDIA A100-SXM4-40GB MIG 4g.20gb (0),1,,13,[CUDA memcpy Host-to-Device]
3024002089,11872,148293,273,1,1,48,1,1,40,0.000,0.001,,,,,NVIDIA A100-SXM4-40GB MIG 4g.20gb (0),1,,13,"void pusch_noise_intf_est::noiseIntfEstNoDftSOfdmKernel<float, __half, float, float, (unsigned int)2, (unsigned int)1, (unsigned char)4, (unsigned char)4>(pusch_noise_intf_est::puschRxNoiseIntfEstDynDescr)"
3024018601,2944,148304,35,1,1,128,1,1,16,0.000,0.000,,,,,NVIDIA A100-SXM4-40GB MIG 4g.20gb (0),1,,13,cupy_copy__complex64_complex64
3024028616,2112,148313,1,1,1,1,1,1,18,0.000,0.000,,,,,NVIDIA A100-SXM4-40GB MIG 4g.20gb (0),1,,13,cupy_copy__float32_float32
3024057416,1600,148319,,,,,,,,,,0.000,2.500,Device,Pageable,NVIDIA A100-SXM4-40GB MIG 4g.20gb (0),1,,7,[CUDA memcpy Device-to-Host]
3024118119,12928,148330,1434,1,1,128,1,1,16,0.000,0.000,,,,,NVIDIA A100-SXM4-40GB MIG 4g.20gb (0),1,,13,cupy_copy__complex64_complex64
3024145159,3360,148337,103,1,1,128,1,1,16,0.000,0.000,,,,,NVIDIA A100-SXM4-40GB MIG 4g.20gb (0),1,,13,cupy_copy__complex64_complex64
3024170183,2272,148344,35,1,1,128,1,1,16,0.000,0.000,,,,,NVIDIA A100-SXM4-40GB MIG 4g.20gb (0),1,,13,cupy_copy__complex64_complex64
3024187495,1791,148351,1,1,1,1,1,1,18,0.000,0.000,,,,,NVIDIA A100-SXM4-40GB MIG 4g.20gb (0),1,,13,cupy_copy__float32_float32
3024323077,81311,148362,1,1,1,32,32,1,30,0.000,0.000,,,,,NVIDIA A100-SXM4-40GB MIG 4g.20gb (0),1,,13,"void convert_kernel<__half2, float2>(tensor_layout_any, T1 *, tensor_layout_any, const T2 *)"
3024432163,5856,148365,,,,,,,,,,0.094,15999.997,Pinned,Device,NVIDIA A100-SXM4-40GB MIG 4g.20gb (0),1,,13,[CUDA memcpy Host-to-Device]
3024446531,3328,148366,,,,,,,,,,1.547,464729.580,Device,,NVIDIA A100-SXM4-40GB MIG 4g.20gb (0),1,,13,[CUDA memset]
3024453251,3040,148371,,,,,,,,,,0.031,10294.725,Pinned,Device,NVIDIA A100-SXM4-40GB MIG 4g.20gb (0),1,,13,[CUDA memcpy Host-to-Device]
3024458755,9824,148372,,,,,,,,,,0.197,20012.925,Pinned,Device,NVIDIA A100-SXM4-40GB MIG 4g.20gb (0),1,,13,[CUDA memcpy Host-to-Device]
3024474435,6816,148373,273,1,1,8,4,1,39,0.002,0.000,,,,,NVIDIA A100-SXM4-40GB MIG 4g.20gb (0),1,,13,"void channel_eq::eqMmseCoefCompLowMimoKernel<float, float, float, (unsigned int)4, (unsigned int)1, (unsigned int)4>(const channel_eq::_puschRxChEqStatDescr *, channel_eq::_puschRxChEqCoefCompDynDescr)"
3024483267,6016,148374,273,1,1,12,11,1,51,0.002,0.000,,,,,NVIDIA A100-SXM4-40GB MIG 4g.20gb (0),1,,13,"void channel_eq::eqMmseSoftDemapKernel<float, __half, __half, float, (unsigned int)4, (unsigned short)16383>(channel_eq::_puschRxChEqStatDescr *, channel_eq::_puschRxChEqSoftDemapDynDescr)"
3024491203,282108,148375,1,1,1,32,32,1,30,0.000,0.000,,,,,NVIDIA A100-SXM4-40GB MIG 4g.20gb (0),1,,13,"void convert_kernel<float2, __half2>(tensor_layout_any, T1 *, tensor_layout_any, const T2 *)"
3024775391,10944,148387,2253,1,1,128,1,1,16,0.000,0.000,,,,,NVIDIA A100-SXM4-40GB MIG 4g.20gb (0),1,,13,cupy_copy__float16_float16
3024788511,3680,148396,282,1,1,128,1,1,16,0.000,0.000,,,,,NVIDIA A100-SXM4-40GB MIG 4g.20gb (0),1,,13,cupy_copy__complex64_complex64
3024795295,2624,148405,26,1,1,128,1,1,16,0.000,0.000,,,,,NVIDIA A100-SXM4-40GB MIG 4g.20gb (0),1,,13,cupy_copy__float32_float32
3024801791,3104,148414,103,1,1,128,1,1,16,0.000,0.000,,,,,NVIDIA A100-SXM4-40GB MIG 4g.20gb (0),1,,13,cupy_copy__complex64_complex64
3024808415,12160,148424,1434,1,1,128,1,1,16,0.000,0.000,,,,,NVIDIA A100-SXM4-40GB MIG 4g.20gb (0),1,,13,cupy_copy__complex64_complex64
3024823135,86943,148429,1,1,1,32,32,1,30,0.000,0.000,,,,,NVIDIA A100-SXM4-40GB MIG 4g.20gb (0),1,,13,"void convert_kernel<__half2, float2>(tensor_layout_any, T1 *, tensor_layout_any, const T2 *)"
3024936957,5696,148432,,,,,,,,,,0.094,16449.363,Pinned,Device,NVIDIA A100-SXM4-40GB MIG 4g.20gb (0),1,,13,[CUDA memcpy Host-to-Device]
3024946813,596505,148433,,,,,,,,,,456.561,765196.973,Device,,NVIDIA A100-SXM4-40GB MIG 4g.20gb (0),1,,13,[CUDA memset]
3025551382,146174,148438,,,,,,,,,,1.235,8448.252,Pinned,Device,NVIDIA A100-SXM4-40GB MIG 4g.20gb (0),1,,13,[CUDA memcpy Host-to-Device]
3025708916,38879,148439,,,,,,,,,,0.197,5056.758,Pinned,Device,NVIDIA A100-SXM4-40GB MIG 4g.20gb (0),1,,13,[CUDA memcpy Host-to-Device]
3025773043,8128,148440,69,4,1,48,1,1,76,0.002,0.000,,,,,NVIDIA A100-SXM4-40GB MIG 4g.20gb (0),1,,13,"void ch_est::windowedChEstPreNoDftSOfdmKernel<float, __half, float, (unsigned int)2, (unsigned int)1, (unsigned short)4>(ch_est::puschRxChEstStatDescr_t *, ch_est::puschRxChEstDynDescr_t *)"
3025793075,6592,148441,137,2,1,24,2,1,44,0.001,0.001,,,,,NVIDIA A100-SXM4-40GB MIG 4g.20gb (0),1,,13,"void ch_est::chEstFilterNoDftSOfdmDispatchKernel<float, __half, float, (unsigned int)2>(ch_est::puschRxChEstStatDescr_t *, ch_est::puschRxChEstDynDescr_t *)"
3025810034,4864,148442,137,2,1,24,2,1,44,0.001,0.001,,,,,NVIDIA A100-SXM4-40GB MIG 4g.20gb (0),1,,13,"void ch_est::chEstFilterNoDftSOfdmDispatchKernel<float, __half, float, (unsigned int)2>(ch_est::puschRxChEstStatDescr_t *, ch_est::puschRxChEstDynDescr_t *)"
3025826994,2464,148453,103,1,1,128,1,1,16,0.000,0.000,,,,,NVIDIA A100-SXM4-40GB MIG 4g.20gb (0),1,,13,cupy_copy__complex64_complex64
3025845042,12480,148463,1434,1,1,128,1,1,16,0.000,0.000,,,,,NVIDIA A100-SXM4-40GB MIG 4g.20gb (0),1,,13,cupy_copy__complex64_complex64
3025863890,2880,148470,103,1,1,128,1,1,16,0.000,0.000,,,,,NVIDIA A100-SXM4-40GB MIG 4g.20gb (0),1,,13,cupy_copy__complex64_complex64
3025888049,94271,148477,1,1,1,32,32,1,30,0.000,0.000,,,,,NVIDIA A100-SXM4-40GB MIG 4g.20gb (0),1,,13,"void convert_kernel<__half2, float2>(tensor_layout_any, T1 *, tensor_layout_any, const T2 *)"
3026011312,14592,148480,,,,,,,,,,0.094,6420.987,Pinned,Device,NVIDIA A100-SXM4-40GB MIG 4g.20gb (0),1,,13,[CUDA memcpy Host-to-Device]
3026031632,47391,148481,,,,,,,,,,35.810,755625.122,Device,,NVIDIA A100-SXM4-40GB MIG 4g.20gb (0),1,,13,[CUDA memset]
3026084975,4384,148483,,,,,,,,,,0.000,18.248,Pinned,Device,NVIDIA A100-SXM4-40GB MIG 4g.20gb (0),1,,13,[CUDA memcpy Host-to-Device]
3026096463,17952,148484,,,,,,,,,,0.197,10951.852,Pinned,Device,NVIDIA A100-SXM4-40GB MIG 4g.20gb (0),1,,13,[CUDA memcpy Host-to-Device]
3026123599,12735,148485,273,1,1,48,1,1,40,0.000,0.001,,,,,NVIDIA A100-SXM4-40GB MIG 4g.20gb (0),1,,13,"void pusch_noise_intf_est::noiseIntfEstNoDftSOfdmKernel<float, __half, float, float, (unsigned int)2, (unsigned int)1, (unsigned char)4, (unsigned char)4>(pusch_noise_intf_est::puschRxNoiseIntfEstDynDescr)"
3026144238,3008,148496,35,1,1,128,1,1,16,0.000,0.000,,,,,NVIDIA A100-SXM4-40GB MIG 4g.20gb (0),1,,13,cupy_copy__complex64_complex64
3026153518,1696,148505,1,1,1,1,1,1,18,0.000,0.000,,,,,NVIDIA A100-SXM4-40GB MIG 4g.20gb (0),1,,13,cupy_copy__float32_float32
3026166382,3072,148511,,,,,,,,,,0.000,1.302,Device,Pageable,NVIDIA A100-SXM4-40GB MIG 4g.20gb (0),1,,7,[CUDA memcpy Device-to-Host]
3026230765,12928,148522,1434,1,1,128,1,1,16,0.000,0.000,,,,,NVIDIA A100-SXM4-40GB MIG 4g.20gb (0),1,,13,cupy_copy__complex64_complex64
3026261325,3392,148529,103,1,1,128,1,1,16,0.000,0.000,,,,,NVIDIA A100-SXM4-40GB MIG 4g.20gb (0),1,,13,cupy_copy__complex64_complex64
3026281133,2592,148536,35,1,1,128,1,1,16,0.000,0.000,,,,,NVIDIA A100-SXM4-40GB MIG 4g.20gb (0),1,,13,cupy_copy__complex64_complex64
3026300428,1760,148543,1,1,1,1,1,1,18,0.000,0.000,,,,,NVIDIA A100-SXM4-40GB MIG 4g.20gb (0),1,,13,cupy_copy__float32_float32
3026431883,82815,148554,1,1,1,32,32,1,30,0.000,0.000,,,,,NVIDIA A100-SXM4-40GB MIG 4g.20gb (0),1,,13,"void convert_kernel<__half2, float2>(tensor_layout_any, T1 *, tensor_layout_any, const T2 *)"
3026543273,5504,148557,,,,,,,,,,0.094,17023.251,Pinned,Device,NVIDIA A100-SXM4-40GB MIG 4g.20gb (0),1,,13,[CUDA memcpy Host-to-Device]
3026557577,3424,148558,,,,,,,,,,1.547,451700.819,Device,,NVIDIA A100-SXM4-40GB MIG 4g.20gb (0),1,,13,[CUDA memset]
3026563849,3872,148563,,,,,,,,,,0.031,8082.630,Pinned,Device,NVIDIA A100-SXM4-40GB MIG 4g.20gb (0),1,,13,[CUDA memcpy Host-to-Device]
3026570121,9792,148564,,,,,,,,,,0.197,20078.395,Pinned,Device,NVIDIA A100-SXM4-40GB MIG 4g.20gb (0),1,,13,[CUDA memcpy Host-to-Device]
3026585577,5984,148565,273,1,1,8,4,1,39,0.002,0.000,,,,,NVIDIA A100-SXM4-40GB MIG 4g.20gb (0),1,,13,"void channel_eq::eqMmseCoefCompLowMimoKernel<float, float, float, (unsigned int)4, (unsigned int)1, (unsigned int)4>(const channel_eq::_puschRxChEqStatDescr *, channel_eq::_puschRxChEqCoefCompDynDescr)"
3026595209,5504,148566,273,1,1,12,11,1,51,0.002,0.000,,,,,NVIDIA A100-SXM4-40GB MIG 4g.20gb (0),1,,13,"void channel_eq::eqMmseSoftDemapKernel<float, __half, __half, float, (unsigned int)4, (unsigned short)16383>(channel_eq::_puschRxChEqStatDescr *, channel_eq::_puschRxChEqSoftDemapDynDescr)"
3026602313,282780,148567,1,1,1,32,32,1,30,0.000,0.000,,,,,NVIDIA A100-SXM4-40GB MIG 4g.20gb (0),1,,13,"void convert_kernel<float2, __half2>(tensor_layout_any, T1 *, tensor_layout_any, const T2 *)"
3026887685,10912,148579,2253,1,1,128,1,1,16,0.000,0.000,,,,,NVIDIA A100-SXM4-40GB MIG 4g.20gb (0),1,,13,cupy_copy__float16_float16
3026900805,3584,148588,282,1,1,128,1,1,16,0.000,0.000,,,,,NVIDIA A100-SXM4-40GB MIG 4g.20gb (0),1,,13,cupy_copy__complex64_complex64
3026907781,2272,148597,26,1,1,128,1,1,16,0.000,0.000,,,,,NVIDIA A100-SXM4-40GB MIG 4g.20gb (0),1,,13,cupy_copy__float32_float32
3026912197,2816,148606,103,1,1,128,1,1,16,0.000,0.000,,,,,NVIDIA A100-SXM4-40GB MIG 4g.20gb (0),1,,13,cupy_copy__complex64_complex64
3026918309,12416,148616,1434,1,1,128,1,1,16,0.000,0.000,,,,,NVIDIA A100-SXM4-40GB MIG 4g.20gb (0),1,,13,cupy_copy__complex64_complex64
3026942596,82399,148621,1,1,1,32,32,1,30,0.000,0.000,,,,,NVIDIA A100-SXM4-40GB MIG 4g.20gb (0),1,,13,"void convert_kernel<__half2, float2>(tensor_layout_any, T1 *, tensor_layout_any, const T2 *)"
3027052803,5472,148624,,,,,,,,,,0.094,17122.757,Pinned,Device,NVIDIA A100-SXM4-40GB MIG 4g.20gb (0),1,,13,[CUDA memcpy Host-to-Device]
3027062819,596697,148625,,,,,,,,,,456.561,764740.412,Device,,NVIDIA A100-SXM4-40GB MIG 4g.20gb (0),1,,13,[CUDA memset]
3027668091,147711,148630,,,,,,,,,,1.235,8359.336,Pinned,Device,NVIDIA A100-SXM4-40GB MIG 4g.20gb (0),1,,13,[CUDA memcpy Host-to-Device]
3027828442,43999,148631,,,,,,,,,,0.197,4468.310,Pinned,Device,NVIDIA A100-SXM4-40GB MIG 4g.20gb (0),1,,13,[CUDA memcpy Host-to-Device]
3027906073,8031,148632,69,4,1,48,1,1,76,0.002,0.000,,,,,NVIDIA A100-SXM4-40GB MIG 4g.20gb (0),1,,13,"void ch_est::windowedChEstPreNoDftSOfdmKernel<float, __half, float, (unsigned int)2, (unsigned int)1, (unsigned short)4>(ch_est::puschRxChEstStatDescr_t *, ch_est::puschRxChEstDynDescr_t *)"
3027926776,6784,148633,137,2,1,24,2,1,44,0.001,0.001,,,,,NVIDIA A100-SXM4-40GB MIG 4g.20gb (0),1,,13,"void ch_est::chEstFilterNoDftSOfdmDispatchKernel<float, __half, float, (unsigned int)2>(ch_est::puschRxChEstStatDescr_t *, ch_est::puschRxChEstDynDescr_t *)"
3027945336,4768,148634,137,2,1,24,2,1,44,0.001,0.001,,,,,NVIDIA A100-SXM4-40GB MIG 4g.20gb (0),1,,13,"void ch_est::chEstFilterNoDftSOfdmDispatchKernel<float, __half, float, (unsigned int)2>(ch_est::puschRxChEstStatDescr_t *, ch_est::puschRxChEstDynDescr_t *)"
3027964152,2656,148645,103,1,1,128,1,1,16,0.000,0.000,,,,,NVIDIA A100-SXM4-40GB MIG 4g.20gb (0),1,,13,cupy_copy__complex64_complex64
3027981432,12415,148655,1434,1,1,128,1,1,16,0.000,0.000,,,,,NVIDIA A100-SXM4-40GB MIG 4g.20gb (0),1,,13,cupy_copy__complex64_complex64
3028003415,2880,148662,103,1,1,128,1,1,16,0.000,0.000,,,,,NVIDIA A100-SXM4-40GB MIG 4g.20gb (0),1,,13,cupy_copy__complex64_complex64
3028029143,84575,148669,1,1,1,32,32,1,30,0.000,0.000,,,,,NVIDIA A100-SXM4-40GB MIG 4g.20gb (0),1,,13,"void convert_kernel<__half2, float2>(tensor_layout_any, T1 *, tensor_layout_any, const T2 *)"
3028150390,32799,148672,,,,,,,,,,0.094,2856.604,Pinned,Device,NVIDIA A100-SXM4-40GB MIG 4g.20gb (0),1,,13,[CUDA memcpy Host-to-Device]
3028199381,47583,148673,,,,,,,,,,35.810,752545.469,Device,,NVIDIA A100-SXM4-40GB MIG 4g.20gb (0),1,,13,[CUDA memset]
3028252340,13984,148675,,,,,,,,,,0.000,5.721,Pinned,Device,NVIDIA A100-SXM4-40GB MIG 4g.20gb (0),1,,13,[CUDA memcpy Host-to-Device]
3028279988,26848,148676,,,,,,,,,,0.197,7322.862,Pinned,Device,NVIDIA A100-SXM4-40GB MIG 4g.20gb (0),1,,13,[CUDA memcpy Host-to-Device]
3028333267,9696,148677,273,1,1,48,1,1,40,0.000,0.001,,,,,NVIDIA A100-SXM4-40GB MIG 4g.20gb (0),1,,13,"void pusch_noise_intf_est::noiseIntfEstNoDftSOfdmKernel<float, __half, float, float, (unsigned int)2, (unsigned int)1, (unsigned char)4, (unsigned char)4>(pusch_noise_intf_est::puschRxNoiseIntfEstDynDescr)"
3028352627,2752,148688,35,1,1,128,1,1,16,0.000,0.000,,,,,NVIDIA A100-SXM4-40GB MIG 4g.20gb (0),1,,13,cupy_copy__complex64_complex64
3028366867,1760,148697,1,1,1,1,1,1,18,0.000,0.000,,,,,NVIDIA A100-SXM4-40GB MIG 4g.20gb (0),1,,13,cupy_copy__float32_float32
3028375955,8256,148703,,,,,,,,,,0.000,0.484,Device,Pageable,NVIDIA A100-SXM4-40GB MIG 4g.20gb (0),1,,7,[CUDA memcpy Device-to-Host]
3028473330,12767,148714,1434,1,1,128,1,1,16,0.000,0.000,,,,,NVIDIA A100-SXM4-40GB MIG 4g.20gb (0),1,,13,cupy_copy__complex64_complex64
3028493553,2848,148721,103,1,1,128,1,1,16,0.000,0.000,,,,,NVIDIA A100-SXM4-40GB MIG 4g.20gb (0),1,,13,cupy_copy__complex64_complex64
3028523665,2624,148728,35,1,1,128,1,1,16,0.000,0.000,,,,,NVIDIA A100-SXM4-40GB MIG 4g.20gb (0),1,,13,cupy_copy__complex64_complex64
3028533841,1760,148735,1,1,1,1,1,1,18,0.000,0.000,,,,,NVIDIA A100-SXM4-40GB MIG 4g.20gb (0),1,,13,cupy_copy__float32_float32
3028659055,87263,148746,1,1,1,32,32,1,30,0.000,0.000,,,,,NVIDIA A100-SXM4-40GB MIG 4g.20gb (0),1,,13,"void convert_kernel<__half2, float2>(tensor_layout_any, T1 *, tensor_layout_any, const T2 *)"
3028773710,5760,148749,,,,,,,,,,0.094,16266.656,Pinned,Device,NVIDIA A100-SXM4-40GB MIG 4g.20gb (0),1,,13,[CUDA memcpy Host-to-Device]
3028788558,3328,148750,,,,,,,,,,1.547,464729.580,Device,,NVIDIA A100-SXM4-40GB MIG 4g.20gb (0),1,,13,[CUDA memset]
3028795118,3264,148755,,,,,,,,,,0.031,9588.218,Pinned,Device,NVIDIA A100-SXM4-40GB MIG 4g.20gb (0),1,,13,[CUDA memcpy Host-to-Device]
3028800813,9504,148756,,,,,,,,,,0.197,20686.701,Pinned,Device,NVIDIA A100-SXM4-40GB MIG 4g.20gb (0),1,,13,[CUDA memcpy Host-to-Device]
3028815789,6240,148757,273,1,1,8,4,1,39,0.002,0.000,,,,,NVIDIA A100-SXM4-40GB MIG 4g.20gb (0),1,,13,"void channel_eq::eqMmseCoefCompLowMimoKernel<float, float, float, (unsigned int)4, (unsigned int)1, (unsigned int)4>(const channel_eq::_puschRxChEqStatDescr *, channel_eq::_puschRxChEqCoefCompDynDescr)"
3028823149,6176,148758,273,1,1,12,11,1,51,0.002,0.000,,,,,NVIDIA A100-SXM4-40GB MIG 4g.20gb (0),1,,13,"void channel_eq::eqMmseSoftDemapKernel<float, __half, __half, float, (unsigned int)4, (unsigned short)16383>(channel_eq::_puschRxChEqStatDescr *, channel_eq::_puschRxChEqSoftDemapDynDescr)"
3028830381,282461,148759,1,1,1,32,32,1,30,0.000,0.000,,,,,NVIDIA A100-SXM4-40GB MIG 4g.20gb (0),1,,13,"void convert_kernel<float2, __half2>(tensor_layout_any, T1 *, tensor_layout_any, const T2 *)"
3029115562,10943,148771,2253,1,1,128,1,1,16,0.000,0.000,,,,,NVIDIA A100-SXM4-40GB MIG 4g.20gb (0),1,,13,cupy_copy__float16_float16
3029129417,3168,148780,282,1,1,128,1,1,16,0.000,0.000,,,,,NVIDIA A100-SXM4-40GB MIG 4g.20gb (0),1,,13,cupy_copy__complex64_complex64
3029134185,2112,148789,26,1,1,128,1,1,16,0.000,0.000,,,,,NVIDIA A100-SXM4-40GB MIG 4g.20gb (0),1,,13,cupy_copy__float32_float32
3029138921,2912,148798,103,1,1,128,1,1,16,0.000,0.000,,,,,NVIDIA A100-SXM4-40GB MIG 4g.20gb (0),1,,13,cupy_copy__complex64_complex64
3029143273,12096,148808,1434,1,1,128,1,1,16,0.000,0.000,,,,,NVIDIA A100-SXM4-40GB MIG 4g.20gb (0),1,,13,cupy_copy__complex64_complex64
3029164617,88287,148813,1,1,1,32,32,1,30,0.000,0.000,,,,,NVIDIA A100-SXM4-40GB MIG 4g.20gb (0),1,,13,"void convert_kernel<__half2, float2>(tensor_layout_any, T1 *, tensor_layout_any, const T2 *)"
3029280616,5695,148816,,,,,,,,,,0.094,16452.268,Pinned,Device,NVIDIA A100-SXM4-40GB MIG 4g.20gb (0),1,,13,[CUDA memcpy Host-to-Device]
3029291399,596377,148817,,,,,,,,,,456.561,765196.973,Device,,NVIDIA A100-SXM4-40GB MIG 4g.20gb (0),1,,13,[CUDA memset]
3029891296,114303,148822,,,,,,,,,,1.235,10803.290,Pinned,Device,NVIDIA A100-SXM4-40GB MIG 4g.20gb (0),1,,13,[CUDA memcpy Host-to-Device]
3030016062,24512,148823,,,,,,,,,,0.197,8020.820,Pinned,Device,NVIDIA A100-SXM4-40GB MIG 4g.20gb (0),1,,13,[CUDA memcpy Host-to-Device]
3030052286,8384,148824,69,4,1,48,1,1,76,0.002,0.000,,,,,NVIDIA A100-SXM4-40GB MIG 4g.20gb (0),1,,13,"void ch_est::windowedChEstPreNoDftSOfdmKernel<float, __half, float, (unsigned int)2, (unsigned int)1, (unsigned short)4>(ch_est::puschRxChEstStatDescr_t *, ch_est::puschRxChEstDynDescr_t *)"
3030069182,6432,148825,137,2,1,24,2,1,44,0.001,0.001,,,,,NVIDIA A100-SXM4-40GB MIG 4g.20gb (0),1,,13,"void ch_est::chEstFilterNoDftSOfdmDispatchKernel<float, __half, float, (unsigned int)2>(ch_est::puschRxChEstStatDescr_t *, ch_est::puschRxChEstDynDescr_t *)"
3030080990,4736,148826,137,2,1,24,2,1,44,0.001,0.001,,,,,NVIDIA A100-SXM4-40GB MIG 4g.20gb (0),1,,13,"void ch_est::chEstFilterNoDftSOfdmDispatchKernel<float, __half, float, (unsigned int)2>(ch_est::puschRxChEstStatDescr_t *, ch_est::puschRxChEstDynDescr_t *)"
3030091166,2560,148837,103,1,1,128,1,1,16,0.000,0.000,,,,,NVIDIA A100-SXM4-40GB MIG 4g.20gb (0),1,,13,cupy_copy__complex64_complex64
3030103517,12672,148847,1434,1,1,128,1,1,16,0.000,0.000,,,,,NVIDIA A100-SXM4-40GB MIG 4g.20gb (0),1,,13,cupy_copy__complex64_complex64
3030119197,2880,148854,103,1,1,128,1,1,16,0.000,0.000,,,,,NVIDIA A100-SXM4-40GB MIG 4g.20gb (0),1,,13,cupy_copy__complex64_complex64
3030137885,87103,148861,1,1,1,32,32,1,30,0.000,0.000,,,,,NVIDIA A100-SXM4-40GB MIG 4g.20gb (0),1,,13,"void convert_kernel<__half2, float2>(tensor_layout_any, T1 *, tensor_layout_any, const T2 *)"
3030259707,13376,148864,,,,,,,,,,0.094,7004.713,Pinned,Device,NVIDIA A100-SXM4-40GB MIG 4g.20gb (0),1,,13,[CUDA memcpy Host-to-Device]
3030292059,47231,148865,,,,,,,,,,35.810,758167.626,Device,,NVIDIA A100-SXM4-40GB MIG 4g.20gb (0),1,,13,[CUDA memset]
3030345786,12768,148867,,,,,,,,,,0.000,6.266,Pinned,Device,NVIDIA A100-SXM4-40GB MIG 4g.20gb (0),1,,13,[CUDA memcpy Host-to-Device]
3030365978,32832,148868,,,,,,,,,,0.197,5988.286,Pinned,Device,NVIDIA A100-SXM4-40GB MIG 4g.20gb (0),1,,13,[CUDA memcpy Host-to-Device]
3030421977,9568,148869,273,1,1,48,1,1,40,0.000,0.001,,,,,NVIDIA A100-SXM4-40GB MIG 4g.20gb (0),1,,13,"void pusch_noise_intf_est::noiseIntfEstNoDftSOfdmKernel<float, __half, float, float, (unsigned int)2, (unsigned int)1, (unsigned char)4, (unsigned char)4>(pusch_noise_intf_est::puschRxNoiseIntfEstDynDescr)"
3030436313,2560,148880,35,1,1,128,1,1,16,0.000,0.000,,,,,NVIDIA A100-SXM4-40GB MIG 4g.20gb (0),1,,13,cupy_copy__complex64_complex64
3030454745,1728,148889,1,1,1,1,1,1,18,0.000,0.000,,,,,NVIDIA A100-SXM4-40GB MIG 4g.20gb (0),1,,13,cupy_copy__float32_float32
3030462521,7072,148895,,,,,,,,,,0.000,0.566,Device,Pageable,NVIDIA A100-SXM4-40GB MIG 4g.20gb (0),1,,7,[CUDA memcpy Device-to-Host]
3030563288,12832,148906,1434,1,1,128,1,1,16,0.000,0.000,,,,,NVIDIA A100-SXM4-40GB MIG 4g.20gb (0),1,,13,cupy_copy__complex64_complex64
3030585719,3392,148913,103,1,1,128,1,1,16,0.000,0.000,,,,,NVIDIA A100-SXM4-40GB MIG 4g.20gb (0),1,,13,cupy_copy__complex64_complex64
3030617143,2432,148920,35,1,1,128,1,1,16,0.000,0.000,,,,,NVIDIA A100-SXM4-40GB MIG 4g.20gb (0),1,,13,cupy_copy__complex64_complex64
3030637623,1792,148927,1,1,1,1,1,1,18,0.000,0.000,,,,,NVIDIA A100-SXM4-40GB MIG 4g.20gb (0),1,,13,cupy_copy__float32_float32
3030766133,86175,148938,1,1,1,32,32,1,30,0.000,0.000,,,,,NVIDIA A100-SXM4-40GB MIG 4g.20gb (0),1,,13,"void convert_kernel<__half2, float2>(tensor_layout_any, T1 *, tensor_layout_any, const T2 *)"
3030893556,22783,148941,,,,,,,,,,0.094,4112.505,Pinned,Device,NVIDIA A100-SXM4-40GB MIG 4g.20gb (0),1,,13,[CUDA memcpy Host-to-Device]
3030937587,3456,148942,,,,,,,,,,1.547,447517.201,Device,,NVIDIA A100-SXM4-40GB MIG 4g.20gb (0),1,,13,[CUDA memset]
3030949107,7168,148947,,,,,,,,,,0.031,4366.042,Pinned,Device,NVIDIA A100-SXM4-40GB MIG 4g.20gb (0),1,,13,[CUDA memcpy Host-to-Device]
3030970707,30399,148948,,,,,,,,,,0.197,6467.420,Pinned,Device,NVIDIA A100-SXM4-40GB MIG 4g.20gb (0),1,,13,[CUDA memcpy Host-to-Device]
3031018290,5952,148949,273,1,1,8,4,1,39,0.002,0.000,,,,,NVIDIA A100-SXM4-40GB MIG 4g.20gb (0),1,,13,"void channel_eq::eqMmseCoefCompLowMimoKernel<float, float, float, (unsigned int)4, (unsigned int)1, (unsigned int)4>(const channel_eq::_puschRxChEqStatDescr *, channel_eq::_puschRxChEqCoefCompDynDescr)"
3031038482,5920,148950,273,1,1,12,11,1,51,0.002,0.000,,,,,NVIDIA A100-SXM4-40GB MIG 4g.20gb (0),1,,13,"void channel_eq::eqMmseSoftDemapKernel<float, __half, __half, float, (unsigned int)4, (unsigned short)16383>(channel_eq::_puschRxChEqStatDescr *, channel_eq::_puschRxChEqSoftDemapDynDescr)"
3031055698,282364,148951,1,1,1,32,32,1,30,0.000,0.000,,,,,NVIDIA A100-SXM4-40GB MIG 4g.20gb (0),1,,13,"void convert_kernel<float2, __half2>(tensor_layout_any, T1 *, tensor_layout_any, const T2 *)"
3031347278,10944,148963,2253,1,1,128,1,1,16,0.000,0.000,,,,,NVIDIA A100-SXM4-40GB MIG 4g.20gb (0),1,,13,cupy_copy__float16_float16
3031360430,3168,148972,282,1,1,128,1,1,16,0.000,0.000,,,,,NVIDIA A100-SXM4-40GB MIG 4g.20gb (0),1,,13,cupy_copy__complex64_complex64
3031369518,2528,148981,26,1,1,128,1,1,16,0.000,0.000,,,,,NVIDIA A100-SXM4-40GB MIG 4g.20gb (0),1,,13,cupy_copy__float32_float32
3031377454,4736,148990,103,1,1,128,1,1,16,0.000,0.000,,,,,NVIDIA A100-SXM4-40GB MIG 4g.20gb (0),1,,13,cupy_copy__complex64_complex64
3031391405,12288,149000,1434,1,1,128,1,1,16,0.000,0.000,,,,,NVIDIA A100-SXM4-40GB MIG 4g.20gb (0),1,,13,cupy_copy__complex64_complex64
3031405101,83679,149005,1,1,1,32,32,1,30,0.000,0.000,,,,,NVIDIA A100-SXM4-40GB MIG 4g.20gb (0),1,,13,"void convert_kernel<__half2, float2>(tensor_layout_any, T1 *, tensor_layout_any, const T2 *)"
3031517644,7520,149008,,,,,,,,,,0.094,12459.507,Pinned,Device,NVIDIA A100-SXM4-40GB MIG 4g.20gb (0),1,,13,[CUDA memcpy Host-to-Device]
3031532108,597784,149009,,,,,,,,,,456.561,763370.728,Device,,NVIDIA A100-SXM4-40GB MIG 4g.20gb (0),1,,13,[CUDA memset]
3032140580,304732,149014,,,,,,,,,,1.235,4051.851,Pinned,Device,NVIDIA A100-SXM4-40GB MIG 4g.20gb (0),1,,13,[CUDA memcpy Host-to-Device]
3032449824,14976,149015,,,,,,,,,,0.197,13128.106,Pinned,Device,NVIDIA A100-SXM4-40GB MIG 4g.20gb (0),1,,13,[CUDA memcpy Host-to-Device]
3032474208,8448,149016,69,4,1,48,1,1,76,0.002,0.000,,,,,NVIDIA A100-SXM4-40GB MIG 4g.20gb (0),1,,13,"void ch_est::windowedChEstPreNoDftSOfdmKernel<float, __half, float, (unsigned int)2, (unsigned int)1, (unsigned short)4>(ch_est::puschRxChEstStatDescr_t *, ch_est::puschRxChEstDynDescr_t *)"
3032484736,8000,149017,137,2,1,24,2,1,44,0.001,0.001,,,,,NVIDIA A100-SXM4-40GB MIG 4g.20gb (0),1,,13,"void ch_est::chEstFilterNoDftSOfdmDispatchKernel<float, __half, float, (unsigned int)2>(ch_est::puschRxChEstStatDescr_t *, ch_est::puschRxChEstDynDescr_t *)"
3032495232,7360,149018,137,2,1,24,2,1,44,0.001,0.001,,,,,NVIDIA A100-SXM4-40GB MIG 4g.20gb (0),1,,13,"void ch_est::chEstFilterNoDftSOfdmDispatchKernel<float, __half, float, (unsigned int)2>(ch_est::puschRxChEstStatDescr_t *, ch_est::puschRxChEstDynDescr_t *)"
3032506624,2592,149029,103,1,1,128,1,1,16,0.000,0.000,,,,,NVIDIA A100-SXM4-40GB MIG 4g.20gb (0),1,,13,cupy_copy__complex64_complex64
3032512032,12799,149039,1434,1,1,128,1,1,16,0.000,0.000,,,,,NVIDIA A100-SXM4-40GB MIG 4g.20gb (0),1,,13,cupy_copy__complex64_complex64
3032527103,2688,149046,103,1,1,128,1,1,16,0.000,0.000,,,,,NVIDIA A100-SXM4-40GB MIG 4g.20gb (0),1,,13,cupy_copy__complex64_complex64
3032532063,84127,149053,1,1,1,32,32,1,30,0.000,0.000,,,,,NVIDIA A100-SXM4-40GB MIG 4g.20gb (0),1,,13,"void convert_kernel<__half2, float2>(tensor_layout_any, T1 *, tensor_layout_any, const T2 *)"
3032645086,6304,149056,,,,,,,,,,0.094,14862.903,Pinned,Device,NVIDIA A100-SXM4-40GB MIG 4g.20gb (0),1,,13,[CUDA memcpy Host-to-Device]
3032658270,47455,149057,,,,,,,,,,35.810,754586.634,Device,,NVIDIA A100-SXM4-40GB MIG 4g.20gb (0),1,,13,[CUDA memset]
3032709853,3648,149059,,,,,,,,,,0.000,21.930,Pinned,Device,NVIDIA A100-SXM4-40GB MIG 4g.20gb (0),1,,13,[CUDA memcpy Host-to-Device]
3032716605,11968,149060,,,,,,,,,,0.197,16427.778,Pinned,Device,NVIDIA A100-SXM4-40GB MIG 4g.20gb (0),1,,13,[CUDA memcpy Host-to-Device]
3032736893,12320,149061,273,1,1,48,1,1,40,0.000,0.001,,,,,NVIDIA A100-SXM4-40GB MIG 4g.20gb (0),1,,13,"void pusch_noise_intf_est::noiseIntfEstNoDftSOfdmKernel<float, __half, float, float, (unsigned int)2, (unsigned int)1, (unsigned char)4, (unsigned char)4>(pusch_noise_intf_est::puschRxNoiseIntfEstDynDescr)"
3032752221,2880,149072,35,1,1,128,1,1,16,0.000,0.000,,,,,NVIDIA A100-SXM4-40GB MIG 4g.20gb (0),1,,13,cupy_copy__complex64_complex64
3032769980,2080,149081,1,1,1,1,1,1,18,0.000,0.000,,,,,NVIDIA A100-SXM4-40GB MIG 4g.20gb (0),1,,13,cupy_copy__float32_float32
3032802044,1600,149087,,,,,,,,,,0.000,2.500,Device,Pageable,NVIDIA A100-SXM4-40GB MIG 4g.20gb (0),1,,7,[CUDA memcpy Device-to-Host]
3032861723,13056,149098,1434,1,1,128,1,1,16,0.000,0.000,,,,,NVIDIA A100-SXM4-40GB MIG 4g.20gb (0),1,,13,cupy_copy__complex64_complex64
3032888315,3264,149105,103,1,1,128,1,1,16,0.000,0.000,,,,,NVIDIA A100-SXM4-40GB MIG 4g.20gb (0),1,,13,cupy_copy__complex64_complex64
3032910491,2848,149112,35,1,1,128,1,1,16,0.000,0.000,,,,,NVIDIA A100-SXM4-40GB MIG 4g.20gb (0),1,,13,cupy_copy__complex64_complex64
3032927610,1760,149119,1,1,1,1,1,1,18,0.000,0.000,,,,,NVIDIA A100-SXM4-40GB MIG 4g.20gb (0),1,,13,cupy_copy__float32_float32
3033063033,87871,149130,1,1,1,32,32,1,30,0.000,0.000,,,,,NVIDIA A100-SXM4-40GB MIG 4g.20gb (0),1,,13,"void convert_kernel<__half2, float2>(tensor_layout_any, T1 *, tensor_layout_any, const T2 *)"
3033178391,5440,149133,,,,,,,,,,0.094,17223.480,Pinned,Device,NVIDIA A100-SXM4-40GB MIG 4g.20gb (0),1,,13,[CUDA memcpy Host-to-Device]
3033192727,3264,149134,,,,,,,,,,1.547,473842.288,Device,,NVIDIA A100-SXM4-40GB MIG 4g.20gb (0),1,,13,[CUDA memset]
3033199383,3040,149139,,,,,,,,,,0.031,10294.725,Pinned,Device,NVIDIA A100-SXM4-40GB MIG 4g.20gb (0),1,,13,[CUDA memcpy Host-to-Device]
3033204823,9760,149140,,,,,,,,,,0.197,20144.259,Pinned,Device,NVIDIA A100-SXM4-40GB MIG 4g.20gb (0),1,,13,[CUDA memcpy Host-to-Device]
3033218199,5984,149141,273,1,1,8,4,1,39,0.002,0.000,,,,,NVIDIA A100-SXM4-40GB MIG 4g.20gb (0),1,,13,"void channel_eq::eqMmseCoefCompLowMimoKernel<float, float, float, (unsigned int)4, (unsigned int)1, (unsigned int)4>(const channel_eq::_puschRxChEqStatDescr *, channel_eq::_puschRxChEqCoefCompDynDescr)"
3033227735,6592,149142,273,1,1,12,11,1,51,0.002,0.000,,,,,NVIDIA A100-SXM4-40GB MIG 4g.20gb (0),1,,13,"void channel_eq::eqMmseSoftDemapKernel<float, __half, __half, float, (unsigned int)4, (unsigned short)16383>(channel_eq::_puschRxChEqStatDescr *, channel_eq::_puschRxChEqSoftDemapDynDescr)"
3033237239,290684,149143,1,1,1,32,32,1,30,0.000,0.000,,,,,NVIDIA A100-SXM4-40GB MIG 4g.20gb (0),1,,13,"void convert_kernel<float2, __half2>(tensor_layout_any, T1 *, tensor_layout_any, const T2 *)"
3033530195,10912,149155,2253,1,1,128,1,1,16,0.000,0.000,,,,,NVIDIA A100-SXM4-40GB MIG 4g.20gb (0),1,,13,cupy_copy__float16_float16
3033544019,3168,149164,282,1,1,128,1,1,16,0.000,0.000,,,,,NVIDIA A100-SXM4-40GB MIG 4g.20gb (0),1,,13,cupy_copy__complex64_complex64
3033549075,1984,149173,26,1,1,128,1,1,16,0.000,0.000,,,,,NVIDIA A100-SXM4-40GB MIG 4g.20gb (0),1,,13,cupy_copy__float32_float32
3033552499,6944,149182,103,1,1,128,1,1,16,0.000,0.000,,,,,NVIDIA A100-SXM4-40GB MIG 4g.20gb (0),1,,13,cupy_copy__complex64_complex64
3033561907,11807,149192,1434,1,1,128,1,1,16,0.000,0.000,,,,,NVIDIA A100-SXM4-40GB MIG 4g.20gb (0),1,,13,cupy_copy__complex64_complex64
3033575154,82111,149197,1,1,1,32,32,1,30,0.000,0.000,,,,,NVIDIA A100-SXM4-40GB MIG 4g.20gb (0),1,,13,"void convert_kernel<__half2, float2>(tensor_layout_any, T1 *, tensor_layout_any, const T2 *)"
3033684305,5408,149200,,,,,,,,,,0.094,17325.421,Pinned,Device,NVIDIA A100-SXM4-40GB MIG 4g.20gb (0),1,,13,[CUDA memcpy Host-to-Device]
3033694705,604889,149201,,,,,,,,,,456.561,754696.060,Device,,NVIDIA A100-SXM4-40GB MIG 4g.20gb (0),1,,13,[CUDA memset]
3034300553,70400,149206,,,,,,,,,,1.235,17541.145,Pinned,Device,NVIDIA A100-SXM4-40GB MIG 4g.20gb (0),1,,13,[CUDA memcpy Host-to-Device]
3034374857,14559,149207,,,,,,,,,,0.197,13504.217,Pinned,Device,NVIDIA A100-SXM4-40GB MIG 4g.20gb (0),1,,13,[CUDA memcpy Host-to-Device]
3034396296,7808,149208,69,4,1,48,1,1,76,0.002,0.000,,,,,NVIDIA A100-SXM4-40GB MIG 4g.20gb (0),1,,13,"void ch_est::windowedChEstPreNoDftSOfdmKernel<float, __half, float, (unsigned int)2, (unsigned int)1, (unsigned short)4>(ch_est::puschRxChEstStatDescr_t *, ch_est::puschRxChEstDynDescr_t *)"
3034408328,6336,149209,137,2,1,24,2,1,44,0.001,0.001,,,,,NVIDIA A100-SXM4-40GB MIG 4g.20gb (0),1,,13,"void ch_est::chEstFilterNoDftSOfdmDispatchKernel<float, __half, float, (unsigned int)2>(ch_est::puschRxChEstStatDescr_t *, ch_est::puschRxChEstDynDescr_t *)"
3034419016,5440,149210,137,2,1,24,2,1,44,0.001,0.001,,,,,NVIDIA A100-SXM4-40GB MIG 4g.20gb (0),1,,13,"void ch_est::chEstFilterNoDftSOfdmDispatchKernel<float, __half, float, (unsigned int)2>(ch_est::puschRxChEstStatDescr_t *, ch_est::puschRxChEstDynDescr_t *)"
3034429896,2496,149221,103,1,1,128,1,1,16,0.000,0.000,,,,,NVIDIA A100-SXM4-40GB MIG 4g.20gb (0),1,,13,cupy_copy__complex64_complex64
3034436968,12576,149231,1434,1,1,128,1,1,16,0.000,0.000,,,,,NVIDIA A100-SXM4-40GB MIG 4g.20gb (0),1,,13,cupy_copy__complex64_complex64
3034450920,2528,149238,103,1,1,128,1,1,16,0.000,0.000,,,,,NVIDIA A100-SXM4-40GB MIG 4g.20gb (0),1,,13,cupy_copy__complex64_complex64
3034457480,90462,149245,1,1,1,32,32,1,30,0.000,0.000,,,,,NVIDIA A100-SXM4-40GB MIG 4g.20gb (0),1,,13,"void convert_kernel<__half2, float2>(tensor_layout_any, T1 *, tensor_layout_any, const T2 *)"
3034576390,6624,149248,,,,,,,,,,0.094,14144.910,Pinned,Device,NVIDIA A100-SXM4-40GB MIG 4g.20gb (0),1,,13,[CUDA memcpy Host-to-Device]
3034588902,47903,149249,,,,,,,,,,35.810,747532.080,Device,,NVIDIA A100-SXM4-40GB MIG 4g.20gb (0),1,,13,[CUDA memset]
3034641413,2176,149251,,,,,,,,,,0.000,36.765,Pinned,Device,NVIDIA A100-SXM4-40GB MIG 4g.20gb (0),1,,13,[CUDA memcpy Host-to-Device]
3034646373,10976,149252,,,,,,,,,,0.197,17912.365,Pinned,Device,NVIDIA A100-SXM4-40GB MIG 4g.20gb (0),1,,13,[CUDA memcpy Host-to-Device]
3034664165,13184,149253,273,1,1,48,1,1,40,0.000,0.001,,,,,NVIDIA A100-SXM4-40GB MIG 4g.20gb (0),1,,13,"void pusch_noise_intf_est::noiseIntfEstNoDftSOfdmKernel<float, __half, float, float, (unsigned int)2, (unsigned int)1, (unsigned char)4, (unsigned char)4>(pusch_noise_intf_est::puschRxNoiseIntfEstDynDescr)"
3034682309,3328,149264,35,1,1,128,1,1,16,0.000,0.000,,,,,NVIDIA A100-SXM4-40GB MIG 4g.20gb (0),1,,13,cupy_copy__complex64_complex64
3034698309,2048,149273,1,1,1,1,1,1,18,0.000,0.000,,,,,NVIDIA A100-SXM4-40GB MIG 4g.20gb (0),1,,13,cupy_copy__float32_float32
3034731396,1632,149279,,,,,,,,,,0.000,2.451,Device,Pageable,NVIDIA A100-SXM4-40GB MIG 4g.20gb (0),1,,7,[CUDA memcpy Device-to-Host]
3034791203,12768,149290,1434,1,1,128,1,1,16,0.000,0.000,,,,,NVIDIA A100-SXM4-40GB MIG 4g.20gb (0),1,,13,cupy_copy__complex64_complex64
3034817251,2880,149297,103,1,1,128,1,1,16,0.000,0.000,,,,,NVIDIA A100-SXM4-40GB MIG 4g.20gb (0),1,,13,cupy_copy__complex64_complex64
3034837187,2176,149304,35,1,1,128,1,1,16,0.000,0.000,,,,,NVIDIA A100-SXM4-40GB MIG 4g.20gb (0),1,,13,cupy_copy__complex64_complex64
3034866019,1759,149311,1,1,1,1,1,1,18,0.000,0.000,,,,,NVIDIA A100-SXM4-40GB MIG 4g.20gb (0),1,,13,cupy_copy__float32_float32
3034999361,82207,149322,1,1,1,32,32,1,30,0.000,0.000,,,,,NVIDIA A100-SXM4-40GB MIG 4g.20gb (0),1,,13,"void convert_kernel<__half2, float2>(tensor_layout_any, T1 *, tensor_layout_any, const T2 *)"
3035108896,5407,149325,,,,,,,,,,0.094,17328.607,Pinned,Device,NVIDIA A100-SXM4-40GB MIG 4g.20gb (0),1,,13,[CUDA memcpy Host-to-Device]
3035123231,3360,149326,,,,,,,,,,1.547,460304.688,Device,,NVIDIA A100-SXM4-40GB MIG 4g.20gb (0),1,,13,[CUDA memset]
3035129983,3040,149331,,,,,,,,,,0.031,10294.725,Pinned,Device,NVIDIA A100-SXM4-40GB MIG 4g.20gb (0),1,,13,[CUDA memcpy Host-to-Device]
3035135455,9472,149332,,,,,,,,,,0.197,20756.693,Pinned,Device,NVIDIA A100-SXM4-40GB MIG 4g.20gb (0),1,,13,[CUDA memcpy Host-to-Device]
3035150399,6112,149333,273,1,1,8,4,1,39,0.002,0.000,,,,,NVIDIA A100-SXM4-40GB MIG 4g.20gb (0),1,,13,"void channel_eq::eqMmseCoefCompLowMimoKernel<float, float, float, (unsigned int)4, (unsigned int)1, (unsigned int)4>(const channel_eq::_puschRxChEqStatDescr *, channel_eq::_puschRxChEqCoefCompDynDescr)"
3035159967,5760,149334,273,1,1,12,11,1,51,0.002,0.000,,,,,NVIDIA A100-SXM4-40GB MIG 4g.20gb (0),1,,13,"void channel_eq::eqMmseSoftDemapKernel<float, __half, __half, float, (unsigned int)4, (unsigned short)16383>(channel_eq::_puschRxChEqStatDescr *, channel_eq::_puschRxChEqSoftDemapDynDescr)"
3035166783,282908,149335,1,1,1,32,32,1,30,0.000,0.000,,,,,NVIDIA A100-SXM4-40GB MIG 4g.20gb (0),1,,13,"void convert_kernel<float2, __half2>(tensor_layout_any, T1 *, tensor_layout_any, const T2 *)"
3035450747,10912,149347,2253,1,1,128,1,1,16,0.000,0.000,,,,,NVIDIA A100-SXM4-40GB MIG 4g.20gb (0),1,,13,cupy_copy__float16_float16
3035462875,2976,149356,282,1,1,128,1,1,16,0.000,0.000,,,,,NVIDIA A100-SXM4-40GB MIG 4g.20gb (0),1,,13,cupy_copy__complex64_complex64
3035467099,2432,149365,26,1,1,128,1,1,16,0.000,0.000,,,,,NVIDIA A100-SXM4-40GB MIG 4g.20gb (0),1,,13,cupy_copy__float32_float32
3035472603,3200,149374,103,1,1,128,1,1,16,0.000,0.000,,,,,NVIDIA A100-SXM4-40GB MIG 4g.20gb (0),1,,13,cupy_copy__complex64_complex64
3035476923,12160,149384,1434,1,1,128,1,1,16,0.000,0.000,,,,,NVIDIA A100-SXM4-40GB MIG 4g.20gb (0),1,,13,cupy_copy__complex64_complex64
3035505115,83007,149389,1,1,1,32,32,1,30,0.000,0.000,,,,,NVIDIA A100-SXM4-40GB MIG 4g.20gb (0),1,,13,"void convert_kernel<__half2, float2>(tensor_layout_any, T1 *, tensor_layout_any, const T2 *)"
3035614809,5696,149392,,,,,,,,,,0.094,16449.363,Pinned,Device,NVIDIA A100-SXM4-40GB MIG 4g.20gb (0),1,,13,[CUDA memcpy Host-to-Device]
3035625753,604537,149393,,,,,,,,,,456.561,755152.622,Device,,NVIDIA A100-SXM4-40GB MIG 4g.20gb (0),1,,13,[CUDA memset]
3036234034,73823,149398,,,,,,,,,,1.235,16727.316,Pinned,Device,NVIDIA A100-SXM4-40GB MIG 4g.20gb (0),1,,13,[CUDA memcpy Host-to-Device]
3036312657,16223,149399,,,,,,,,,,0.197,12118.917,Pinned,Device,NVIDIA A100-SXM4-40GB MIG 4g.20gb (0),1,,13,[CUDA memcpy Host-to-Device]
3036339152,8224,149400,69,4,1,48,1,1,76,0.002,0.000,,,,,NVIDIA A100-SXM4-40GB MIG 4g.20gb (0),1,,13,"void ch_est::windowedChEstPreNoDftSOfdmKernel<float, __half, float, (unsigned int)2, (unsigned int)1, (unsigned short)4>(ch_est::puschRxChEstStatDescr_t *, ch_est::puschRxChEstDynDescr_t *)"
3036349488,7680,149401,137,2,1,24,2,1,44,0.001,0.001,,,,,NVIDIA A100-SXM4-40GB MIG 4g.20gb (0),1,,13,"void ch_est::chEstFilterNoDftSOfdmDispatchKernel<float, __half, float, (unsigned int)2>(ch_est::puschRxChEstStatDescr_t *, ch_est::puschRxChEstDynDescr_t *)"
3036359568,5248,149402,137,2,1,24,2,1,44,0.001,0.001,,,,,NVIDIA A100-SXM4-40GB MIG 4g.20gb (0),1,,13,"void ch_est::chEstFilterNoDftSOfdmDispatchKernel<float, __half, float, (unsigned int)2>(ch_est::puschRxChEstStatDescr_t *, ch_est::puschRxChEstDynDescr_t *)"
3036370608,2752,149413,103,1,1,128,1,1,16,0.000,0.000,,,,,NVIDIA A100-SXM4-40GB MIG 4g.20gb (0),1,,13,cupy_copy__complex64_complex64
3036376624,12640,149423,1434,1,1,128,1,1,16,0.000,0.000,,,,,NVIDIA A100-SXM4-40GB MIG 4g.20gb (0),1,,13,cupy_copy__complex64_complex64
3036392752,2624,149430,103,1,1,128,1,1,16,0.000,0.000,,,,,NVIDIA A100-SXM4-40GB MIG 4g.20gb (0),1,,13,cupy_copy__complex64_complex64
3036400656,84286,149437,1,1,1,32,32,1,30,0.000,0.000,,,,,NVIDIA A100-SXM4-40GB MIG 4g.20gb (0),1,,13,"void convert_kernel<__half2, float2>(tensor_layout_any, T1 *, tensor_layout_any, const T2 *)"
3036512718,6528,149440,,,,,,,,,,0.094,14352.915,Pinned,Device,NVIDIA A100-SXM4-40GB MIG 4g.20gb (0),1,,13,[CUDA memcpy Host-to-Device]
3036526286,47903,149441,,,,,,,,,,35.810,747532.080,Device,,NVIDIA A100-SXM4-40GB MIG 4g.20gb (0),1,,13,[CUDA memset]
3036579373,1984,149443,,,,,,,,,,0.000,40.323,Pinned,Device,NVIDIA A100-SXM4-40GB MIG 4g.20gb (0),1,,13,[CUDA memcpy Host-to-Device]
3036584685,10880,149444,,,,,,,,,,0.197,18070.438,Pinned,Device,NVIDIA A100-SXM4-40GB MIG 4g.20gb (0),1,,13,[CUDA memcpy Host-to-Device]
3036602925,12576,149445,273,1,1,48,1,1,40,0.000,0.001,,,,,NVIDIA A100-SXM4-40GB MIG 4g.20gb (0),1,,13,"void pusch_noise_intf_est::noiseIntfEstNoDftSOfdmKernel<float, __half, float, float, (unsigned int)2, (unsigned int)1, (unsigned char)4, (unsigned char)4>(pusch_noise_intf_est::puschRxNoiseIntfEstDynDescr)"
3036619917,3264,149456,35,1,1,128,1,1,16,0.000,0.000,,,,,NVIDIA A100-SXM4-40GB MIG 4g.20gb (0),1,,13,cupy_copy__complex64_complex64
3036635693,2016,149465,1,1,1,1,1,1,18,0.000,0.000,,,,,NVIDIA A100-SXM4-40GB MIG 4g.20gb (0),1,,13,cupy_copy__float32_float32
3036668300,1600,149471,,,,,,,,,,0.000,2.500,Device,Pageable,NVIDIA A100-SXM4-40GB MIG 4g.20gb (0),1,,7,[CUDA memcpy Device-to-Host]
3036730699,12736,149482,1434,1,1,128,1,1,16,0.000,0.000,,,,,NVIDIA A100-SXM4-40GB MIG 4g.20gb (0),1,,13,cupy_copy__complex64_complex64
3036756779,2752,149489,103,1,1,128,1,1,16,0.000,0.000,,,,,NVIDIA A100-SXM4-40GB MIG 4g.20gb (0),1,,13,cupy_copy__complex64_complex64
3036776939,2176,149496,35,1,1,128,1,1,16,0.000,0.000,,,,,NVIDIA A100-SXM4-40GB MIG 4g.20gb (0),1,,13,cupy_copy__complex64_complex64
3036796235,1760,149503,1,1,1,1,1,1,18,0.000,0.000,,,,,NVIDIA A100-SXM4-40GB MIG 4g.20gb (0),1,,13,cupy_copy__float32_float32
3036929289,82431,149514,1,1,1,32,32,1,30,0.000,0.000,,,,,NVIDIA A100-SXM4-40GB MIG 4g.20gb (0),1,,13,"void convert_kernel<__half2, float2>(tensor_layout_any, T1 *, tensor_layout_any, const T2 *)"
3037039784,5440,149517,,,,,,,,,,0.094,17223.480,Pinned,Device,NVIDIA A100-SXM4-40GB MIG 4g.20gb (0),1,,13,[CUDA memcpy Host-to-Device]
3037054631,3328,149518,,,,,,,,,,1.547,464729.580,Device,,NVIDIA A100-SXM4-40GB MIG 4g.20gb (0),1,,13,[CUDA memset]
3037061863,3008,149523,,,,,,,,,,0.031,10404.230,Pinned,Device,NVIDIA A100-SXM4-40GB MIG 4g.20gb (0),1,,13,[CUDA memcpy Host-to-Device]
3037067431,9376,149524,,,,,,,,,,0.197,20969.226,Pinned,Device,NVIDIA A100-SXM4-40GB MIG 4g.20gb (0),1,,13,[CUDA memcpy Host-to-Device]
3037082407,6368,149525,273,1,1,8,4,1,39,0.002,0.000,,,,,NVIDIA A100-SXM4-40GB MIG 4g.20gb (0),1,,13,"void channel_eq::eqMmseCoefCompLowMimoKernel<float, float, float, (unsigned int)4, (unsigned int)1, (unsigned int)4>(const channel_eq::_puschRxChEqStatDescr *, channel_eq::_puschRxChEqCoefCompDynDescr)"
3037089831,5728,149526,273,1,1,12,11,1,51,0.002,0.000,,,,,NVIDIA A100-SXM4-40GB MIG 4g.20gb (0),1,,13,"void channel_eq::eqMmseSoftDemapKernel<float, __half, __half, float, (unsigned int)4, (unsigned short)16383>(channel_eq::_puschRxChEqStatDescr *, channel_eq::_puschRxChEqSoftDemapDynDescr)"
3037096679,281948,149527,1,1,1,32,32,1,30,0.000,0.000,,,,,NVIDIA A100-SXM4-40GB MIG 4g.20gb (0),1,,13,"void convert_kernel<float2, __half2>(tensor_layout_any, T1 *, tensor_layout_any, const T2 *)"
3037380643,11008,149539,2253,1,1,128,1,1,16,0.000,0.000,,,,,NVIDIA A100-SXM4-40GB MIG 4g.20gb (0),1,,13,cupy_copy__float16_float16
3037392771,3136,149548,282,1,1,128,1,1,16,0.000,0.000,,,,,NVIDIA A100-SXM4-40GB MIG 4g.20gb (0),1,,13,cupy_copy__complex64_complex64
3037397571,2144,149557,26,1,1,128,1,1,16,0.000,0.000,,,,,NVIDIA A100-SXM4-40GB MIG 4g.20gb (0),1,,13,cupy_copy__float32_float32
3037400771,4768,149566,103,1,1,128,1,1,16,0.000,0.000,,,,,NVIDIA A100-SXM4-40GB MIG 4g.20gb (0),1,,13,cupy_copy__complex64_complex64
3037406563,12384,149576,1434,1,1,128,1,1,16,0.000,0.000,,,,,NVIDIA A100-SXM4-40GB MIG 4g.20gb (0),1,,13,cupy_copy__complex64_complex64
3037436163,87039,149581,1,1,1,32,32,1,30,0.000,0.000,,,,,NVIDIA A100-SXM4-40GB MIG 4g.20gb (0),1,,13,"void convert_kernel<__half2, float2>(tensor_layout_any, T1 *, tensor_layout_any, const T2 *)"
3037550369,5664,149584,,,,,,,,,,0.094,16542.310,Pinned,Device,NVIDIA A100-SXM4-40GB MIG 4g.20gb (0),1,,13,[CUDA memcpy Host-to-Device]
3037560289,601049,149585,,,,,,,,,,456.561,759261.675,Device,,NVIDIA A100-SXM4-40GB MIG 4g.20gb (0),1,,13,[CUDA memset]
3038165210,67135,149590,,,,,,,,,,1.235,18394.491,Pinned,Device,NVIDIA A100-SXM4-40GB MIG 4g.20gb (0),1,,13,[CUDA memcpy Host-to-Device]
3038236569,15776,149591,,,,,,,,,,0.197,12462.391,Pinned,Device,NVIDIA A100-SXM4-40GB MIG 4g.20gb (0),1,,13,[CUDA memcpy Host-to-Device]
3038258873,8063,149592,69,4,1,48,1,1,76,0.002,0.000,,,,,NVIDIA A100-SXM4-40GB MIG 4g.20gb (0),1,,13,"void ch_est::windowedChEstPreNoDftSOfdmKernel<float, __half, float, (unsigned int)2, (unsigned int)1, (unsigned short)4>(ch_est::puschRxChEstStatDescr_t *, ch_est::puschRxChEstDynDescr_t *)"
3038270456,6880,149593,137,2,1,24,2,1,44,0.001,0.001,,,,,NVIDIA A100-SXM4-40GB MIG 4g.20gb (0),1,,13,"void ch_est::chEstFilterNoDftSOfdmDispatchKernel<float, __half, float, (unsigned int)2>(ch_est::puschRxChEstStatDescr_t *, ch_est::puschRxChEstDynDescr_t *)"
3038281080,5472,149594,137,2,1,24,2,1,44,0.001,0.001,,,,,NVIDIA A100-SXM4-40GB MIG 4g.20gb (0),1,,13,"void ch_est::chEstFilterNoDftSOfdmDispatchKernel<float, __half, float, (unsigned int)2>(ch_est::puschRxChEstStatDescr_t *, ch_est::puschRxChEstDynDescr_t *)"
3038291320,2880,149605,103,1,1,128,1,1,16,0.000,0.000,,,,,NVIDIA A100-SXM4-40GB MIG 4g.20gb (0),1,,13,cupy_copy__complex64_complex64
3038297080,12672,149615,1434,1,1,128,1,1,16,0.000,0.000,,,,,NVIDIA A100-SXM4-40GB MIG 4g.20gb (0),1,,13,cupy_copy__complex64_complex64
3038311320,2496,149622,103,1,1,128,1,1,16,0.000,0.000,,,,,NVIDIA A100-SXM4-40GB MIG 4g.20gb (0),1,,13,cupy_copy__complex64_complex64
3038319896,83903,149629,1,1,1,32,32,1,30,0.000,0.000,,,,,NVIDIA A100-SXM4-40GB MIG 4g.20gb (0),1,,13,"void convert_kernel<__half2, float2>(tensor_layout_any, T1 *, tensor_layout_any, const T2 *)"
3038431574,7808,149632,,,,,,,,,,0.094,11999.928,Pinned,Device,NVIDIA A100-SXM4-40GB MIG 4g.20gb (0),1,,13,[CUDA memcpy Host-to-Device]
3038445398,47168,149633,,,,,,,,,,35.810,759170.304,Device,,NVIDIA A100-SXM4-40GB MIG 4g.20gb (0),1,,13,[CUDA memset]
3038497910,2464,149635,,,,,,,,,,0.000,32.468,Pinned,Device,NVIDIA A100-SXM4-40GB MIG 4g.20gb (0),1,,13,[CUDA memcpy Host-to-Device]
3038503286,11871,149636,,,,,,,,,,0.197,16561.865,Pinned,Device,NVIDIA A100-SXM4-40GB MIG 4g.20gb (0),1,,13,[CUDA memcpy Host-to-Device]
3038522613,11712,149637,273,1,1,48,1,1,40,0.000,0.001,,,,,NVIDIA A100-SXM4-40GB MIG 4g.20gb (0),1,,13,"void pusch_noise_intf_est::noiseIntfEstNoDftSOfdmKernel<float, __half, float, float, (unsigned int)2, (unsigned int)1, (unsigned char)4, (unsigned char)4>(pusch_noise_intf_est::puschRxNoiseIntfEstDynDescr)"
3038538485,3200,149648,35,1,1,128,1,1,16,0.000,0.000,,,,,NVIDIA A100-SXM4-40GB MIG 4g.20gb (0),1,,13,cupy_copy__complex64_complex64
3038554421,1952,149657,1,1,1,1,1,1,18,0.000,0.000,,,,,NVIDIA A100-SXM4-40GB MIG 4g.20gb (0),1,,13,cupy_copy__float32_float32
3038587348,1696,149663,,,,,,,,,,0.000,2.358,Device,Pageable,NVIDIA A100-SXM4-40GB MIG 4g.20gb (0),1,,7,[CUDA memcpy Device-to-Host]
3038646676,12928,149674,1434,1,1,128,1,1,16,0.000,0.000,,,,,NVIDIA A100-SXM4-40GB MIG 4g.20gb (0),1,,13,cupy_copy__complex64_complex64
3038674195,2592,149681,103,1,1,128,1,1,16,0.000,0.000,,,,,NVIDIA A100-SXM4-40GB MIG 4g.20gb (0),1,,13,cupy_copy__complex64_complex64
3038695603,2176,149688,35,1,1,128,1,1,16,0.000,0.000,,,,,NVIDIA A100-SXM4-40GB MIG 4g.20gb (0),1,,13,cupy_copy__complex64_complex64
3038713427,1760,149695,1,1,1,1,1,1,18,0.000,0.000,,,,,NVIDIA A100-SXM4-40GB MIG 4g.20gb (0),1,,13,cupy_copy__float32_float32
3038852241,87711,149706,1,1,1,32,32,1,30,0.000,0.000,,,,,NVIDIA A100-SXM4-40GB MIG 4g.20gb (0),1,,13,"void convert_kernel<__half2, float2>(tensor_layout_any, T1 *, tensor_layout_any, const T2 *)"
3038968208,5440,149709,,,,,,,,,,0.094,17223.480,Pinned,Device,NVIDIA A100-SXM4-40GB MIG 4g.20gb (0),1,,13,[CUDA memcpy Host-to-Device]
3038983120,3488,149710,,,,,,,,,,1.547,443412.461,Device,,NVIDIA A100-SXM4-40GB MIG 4g.20gb (0),1,,13,[CUDA memset]
3038990032,3071,149715,,,,,,,,,,0.031,10190.791,Pinned,Device,NVIDIA A100-SXM4-40GB MIG 4g.20gb (0),1,,13,[CUDA memcpy Host-to-Device]
3038995535,9504,149716,,,,,,,,,,0.197,20686.701,Pinned,Device,NVIDIA A100-SXM4-40GB MIG 4g.20gb (0),1,,13,[CUDA memcpy Host-to-Device]
3039008687,7008,149717,273,1,1,8,4,1,39,0.002,0.000,,,,,NVIDIA A100-SXM4-40GB MIG 4g.20gb (0),1,,13,"void channel_eq::eqMmseCoefCompLowMimoKernel<float, float, float, (unsigned int)4, (unsigned int)1, (unsigned int)4>(const channel_eq::_puschRxChEqStatDescr *, channel_eq::_puschRxChEqCoefCompDynDescr)"
3039017935,5632,149718,273,1,1,12,11,1,51,0.002,0.000,,,,,NVIDIA A100-SXM4-40GB MIG 4g.20gb (0),1,,13,"void channel_eq::eqMmseSoftDemapKernel<float, __half, __half, float, (unsigned int)4, (unsigned short)16383>(channel_eq::_puschRxChEqStatDescr *, channel_eq::_puschRxChEqSoftDemapDynDescr)"
3039024879,281821,149719,1,1,1,32,32,1,30,0.000,0.000,,,,,NVIDIA A100-SXM4-40GB MIG 4g.20gb (0),1,,13,"void convert_kernel<float2, __half2>(tensor_layout_any, T1 *, tensor_layout_any, const T2 *)"
3039308300,10943,149731,2253,1,1,128,1,1,16,0.000,0.000,,,,,NVIDIA A100-SXM4-40GB MIG 4g.20gb (0),1,,13,cupy_copy__float16_float16
3039321131,3680,149740,282,1,1,128,1,1,16,0.000,0.000,,,,,NVIDIA A100-SXM4-40GB MIG 4g.20gb (0),1,,13,cupy_copy__complex64_complex64
3039326763,2336,149749,26,1,1,128,1,1,16,0.000,0.000,,,,,NVIDIA A100-SXM4-40GB MIG 4g.20gb (0),1,,13,cupy_copy__float32_float32
3039330571,3392,149758,103,1,1,128,1,1,16,0.000,0.000,,,,,NVIDIA A100-SXM4-40GB MIG 4g.20gb (0),1,,13,cupy_copy__complex64_complex64
3039334923,12032,149768,1434,1,1,128,1,1,16,0.000,0.000,,,,,NVIDIA A100-SXM4-40GB MIG 4g.20gb (0),1,,13,cupy_copy__complex64_complex64
3039362283,81631,149773,1,1,1,32,32,1,30,0.000,0.000,,,,,NVIDIA A100-SXM4-40GB MIG 4g.20gb (0),1,,13,"void convert_kernel<__half2, float2>(tensor_layout_any, T1 *, tensor_layout_any, const T2 *)"
3039470890,5440,149776,,,,,,,,,,0.094,17223.480,Pinned,Device,NVIDIA A100-SXM4-40GB MIG 4g.20gb (0),1,,13,[CUDA memcpy Host-to-Device]
3039481417,602041,149777,,,,,,,,,,456.561,758348.552,Device,,NVIDIA A100-SXM4-40GB MIG 4g.20gb (0),1,,13,[CUDA memset]
3040089026,71807,149782,,,,,,,,,,1.235,17197.830,Pinned,Device,NVIDIA A100-SXM4-40GB MIG 4g.20gb (0),1,,13,[CUDA memcpy Host-to-Device]
3040164225,14688,149783,,,,,,,,,,0.197,13385.466,Pinned,Device,NVIDIA A100-SXM4-40GB MIG 4g.20gb (0),1,,13,[CUDA memcpy Host-to-Device]
3040189057,7872,149784,69,4,1,48,1,1,76,0.002,0.000,,,,,NVIDIA A100-SXM4-40GB MIG 4g.20gb (0),1,,13,"void ch_est::windowedChEstPreNoDftSOfdmKernel<float, __half, float, (unsigned int)2, (unsigned int)1, (unsigned short)4>(ch_est::puschRxChEstStatDescr_t *, ch_est::puschRxChEstDynDescr_t *)"
3040200769,6399,149785,137,2,1,24,2,1,44,0.001,0.001,,,,,NVIDIA A100-SXM4-40GB MIG 4g.20gb (0),1,,13,"void ch_est::chEstFilterNoDftSOfdmDispatchKernel<float, __half, float, (unsigned int)2>(ch_est::puschRxChEstStatDescr_t *, ch_est::puschRxChEstDynDescr_t *)"
3040211712,5216,149786,137,2,1,24,2,1,44,0.001,0.001,,,,,NVIDIA A100-SXM4-40GB MIG 4g.20gb (0),1,,13,"void ch_est::chEstFilterNoDftSOfdmDispatchKernel<float, __half, float, (unsigned int)2>(ch_est::puschRxChEstStatDescr_t *, ch_est::puschRxChEstDynDescr_t *)"
3040222016,2816,149797,103,1,1,128,1,1,16,0.000,0.000,,,,,NVIDIA A100-SXM4-40GB MIG 4g.20gb (0),1,,13,cupy_copy__complex64_complex64
3040227808,12352,149807,1434,1,1,128,1,1,16,0.000,0.000,,,,,NVIDIA A100-SXM4-40GB MIG 4g.20gb (0),1,,13,cupy_copy__complex64_complex64
3040244128,2624,149814,103,1,1,128,1,1,16,0.000,0.000,,,,,NVIDIA A100-SXM4-40GB MIG 4g.20gb (0),1,,13,cupy_copy__complex64_complex64
3040251584,88703,149821,1,1,1,32,32,1,30,0.000,0.000,,,,,NVIDIA A100-SXM4-40GB MIG 4g.20gb (0),1,,13,"void convert_kernel<__half2, float2>(tensor_layout_any, T1 *, tensor_layout_any, const T2 *)"
3040368478,7872,149824,,,,,,,,,,0.094,11902.390,Pinned,Device,NVIDIA A100-SXM4-40GB MIG 4g.20gb (0),1,,13,[CUDA memcpy Host-to-Device]
3040387038,47904,149825,,,,,,,,,,35.810,747532.080,Device,,NVIDIA A100-SXM4-40GB MIG 4g.20gb (0),1,,13,[CUDA memset]
3040441598,2624,149827,,,,,,,,,,0.000,30.488,Pinned,Device,NVIDIA A100-SXM4-40GB MIG 4g.20gb (0),1,,13,[CUDA memcpy Host-to-Device]
3040448701,11104,149828,,,,,,,,,,0.197,17705.927,Pinned,Device,NVIDIA A100-SXM4-40GB MIG 4g.20gb (0),1,,13,[CUDA memcpy Host-to-Device]
3040467101,13024,149829,273,1,1,48,1,1,40,0.000,0.001,,,,,NVIDIA A100-SXM4-40GB MIG 4g.20gb (0),1,,13,"void pusch_noise_intf_est::noiseIntfEstNoDftSOfdmKernel<float, __half, float, float, (unsigned int)2, (unsigned int)1, (unsigned char)4, (unsigned char)4>(pusch_noise_intf_est::puschRxNoiseIntfEstDynDescr)"
3040483165,2944,149840,35,1,1,128,1,1,16,0.000,0.000,,,,,NVIDIA A100-SXM4-40GB MIG 4g.20gb (0),1,,13,cupy_copy__complex64_complex64
3040491421,1888,149849,1,1,1,1,1,1,18,0.000,0.000,,,,,NVIDIA A100-SXM4-40GB MIG 4g.20gb (0),1,,13,cupy_copy__float32_float32
3040522205,1568,149855,,,,,,,,,,0.000,2.551,Device,Pageable,NVIDIA A100-SXM4-40GB MIG 4g.20gb (0),1,,7,[CUDA memcpy Device-to-Host]
3040582588,12992,149866,1434,1,1,128,1,1,16,0.000,0.000,,,,,NVIDIA A100-SXM4-40GB MIG 4g.20gb (0),1,,13,cupy_copy__complex64_complex64
3040609180,2751,149873,103,1,1,128,1,1,16,0.000,0.000,,,,,NVIDIA A100-SXM4-40GB MIG 4g.20gb (0),1,,13,cupy_copy__complex64_complex64
3040628667,2208,149880,35,1,1,128,1,1,16,0.000,0.000,,,,,NVIDIA A100-SXM4-40GB MIG 4g.20gb (0),1,,13,cupy_copy__complex64_complex64
3040647163,2144,149887,1,1,1,1,1,1,18,0.000,0.000,,,,,NVIDIA A100-SXM4-40GB MIG 4g.20gb (0),1,,13,cupy_copy__float32_float32
3040779417,82815,149898,1,1,1,32,32,1,30,0.000,0.000,,,,,NVIDIA A100-SXM4-40GB MIG 4g.20gb (0),1,,13,"void convert_kernel<__half2, float2>(tensor_layout_any, T1 *, tensor_layout_any, const T2 *)"
3040889752,5440,149901,,,,,,,,,,0.094,17223.480,Pinned,Device,NVIDIA A100-SXM4-40GB MIG 4g.20gb (0),1,,13,[CUDA memcpy Host-to-Device]
3040903576,3232,149902,,,,,,,,,,1.547,478533.199,Device,,NVIDIA A100-SXM4-40GB MIG 4g.20gb (0),1,,13,[CUDA memset]
3040910808,3328,149907,,,,,,,,,,0.031,9403.822,Pinned,Device,NVIDIA A100-SXM4-40GB MIG 4g.20gb (0),1,,13,[CUDA memcpy Host-to-Device]
3040916600,9376,149908,,,,,,,,,,0.197,20969.226,Pinned,Device,NVIDIA A100-SXM4-40GB MIG 4g.20gb (0),1,,13,[CUDA memcpy Host-to-Device]
3040929752,5855,149909,273,1,1,8,4,1,39,0.002,0.000,,,,,NVIDIA A100-SXM4-40GB MIG 4g.20gb (0),1,,13,"void channel_eq::eqMmseCoefCompLowMimoKernel<float, float, float, (unsigned int)4, (unsigned int)1, (unsigned int)4>(const channel_eq::_puschRxChEqStatDescr *, channel_eq::_puschRxChEqCoefCompDynDescr)"
3040938615,5344,149910,273,1,1,12,11,1,51,0.002,0.000,,,,,NVIDIA A100-SXM4-40GB MIG 4g.20gb (0),1,,13,"void channel_eq::eqMmseSoftDemapKernel<float, __half, __half, float, (unsigned int)4, (unsigned short)16383>(channel_eq::_puschRxChEqStatDescr *, channel_eq::_puschRxChEqSoftDemapDynDescr)"
3040945239,293533,149911,1,1,1,32,32,1,30,0.000,0.000,,,,,NVIDIA A100-SXM4-40GB MIG 4g.20gb (0),1,,13,"void convert_kernel<float2, __half2>(tensor_layout_any, T1 *, tensor_layout_any, const T2 *)"
3041239892,11104,149923,2253,1,1,128,1,1,16,0.000,0.000,,,,,NVIDIA A100-SXM4-40GB MIG 4g.20gb (0),1,,13,cupy_copy__float16_float16
3041252916,3584,149932,282,1,1,128,1,1,16,0.000,0.000,,,,,NVIDIA A100-SXM4-40GB MIG 4g.20gb (0),1,,13,cupy_copy__complex64_complex64
3041260275,3264,149941,26,1,1,128,1,1,16,0.000,0.000,,,,,NVIDIA A100-SXM4-40GB MIG 4g.20gb (0),1,,13,cupy_copy__float32_float32
3041266643,3008,149950,103,1,1,128,1,1,16,0.000,0.000,,,,,NVIDIA A100-SXM4-40GB MIG 4g.20gb (0),1,,13,cupy_copy__complex64_complex64
3041270771,12096,149960,1434,1,1,128,1,1,16,0.000,0.000,,,,,NVIDIA A100-SXM4-40GB MIG 4g.20gb (0),1,,13,cupy_copy__complex64_complex64
3041287539,87263,149965,1,1,1,32,32,1,30,0.000,0.000,,,,,NVIDIA A100-SXM4-40GB MIG 4g.20gb (0),1,,13,"void convert_kernel<__half2, float2>(tensor_layout_any, T1 *, tensor_layout_any, const T2 *)"
3041401682,5376,149968,,,,,,,,,,0.094,17428.487,Pinned,Device,NVIDIA A100-SXM4-40GB MIG 4g.20gb (0),1,,13,[CUDA memcpy Host-to-Device]
3041411826,600088,149969,,,,,,,,,,456.561,760631.359,Device,,NVIDIA A100-SXM4-40GB MIG 4g.20gb (0),1,,13,[CUDA memset]
3042015146,70143,149974,,,,,,,,,,1.235,17605.362,Pinned,Device,NVIDIA A100-SXM4-40GB MIG 4g.20gb (0),1,,13,[CUDA memcpy Host-to-Device]
3042088873,15328,149975,,,,,,,,,,0.197,12826.706,Pinned,Device,NVIDIA A100-SXM4-40GB MIG 4g.20gb (0),1,,13,[CUDA memcpy Host-to-Device]
3042108745,8000,149976,69,4,1,48,1,1,76,0.002,0.000,,,,,NVIDIA A100-SXM4-40GB MIG 4g.20gb (0),1,,13,"void ch_est::windowedChEstPreNoDftSOfdmKernel<float, __half, float, (unsigned int)2, (unsigned int)1, (unsigned short)4>(ch_est::puschRxChEstStatDescr_t *, ch_est::puschRxChEstDynDescr_t *)"
3042120905,6656,149977,137,2,1,24,2,1,44,0.001,0.001,,,,,NVIDIA A100-SXM4-40GB MIG 4g.20gb (0),1,,13,"void ch_est::chEstFilterNoDftSOfdmDispatchKernel<float, __half, float, (unsigned int)2>(ch_est::puschRxChEstStatDescr_t *, ch_est::puschRxChEstDynDescr_t *)"
3042129577,5504,149978,137,2,1,24,2,1,44,0.001,0.001,,,,,NVIDIA A100-SXM4-40GB MIG 4g.20gb (0),1,,13,"void ch_est::chEstFilterNoDftSOfdmDispatchKernel<float, __half, float, (unsigned int)2>(ch_est::puschRxChEstStatDescr_t *, ch_est::puschRxChEstDynDescr_t *)"
3042139945,2528,149989,103,1,1,128,1,1,16,0.000,0.000,,,,,NVIDIA A100-SXM4-40GB MIG 4g.20gb (0),1,,13,cupy_copy__complex64_complex64
3042146792,12448,149999,1434,1,1,128,1,1,16,0.000,0.000,,,,,NVIDIA A100-SXM4-40GB MIG 4g.20gb (0),1,,13,cupy_copy__complex64_complex64
3042164936,2592,150006,103,1,1,128,1,1,16,0.000,0.000,,,,,NVIDIA A100-SXM4-40GB MIG 4g.20gb (0),1,,13,cupy_copy__complex64_complex64
3042171080,85855,150013,1,1,1,32,32,1,30,0.000,0.000,,,,,NVIDIA A100-SXM4-40GB MIG 4g.20gb (0),1,,13,"void convert_kernel<__half2, float2>(tensor_layout_any, T1 *, tensor_layout_any, const T2 *)"
3042284711,8320,150016,,,,,,,,,,0.094,11261.510,Pinned,Device,NVIDIA A100-SXM4-40GB MIG 4g.20gb (0),1,,13,[CUDA memcpy Host-to-Device]
3042299527,47583,150017,,,,,,,,,,35.810,752545.469,Device,,NVIDIA A100-SXM4-40GB MIG 4g.20gb (0),1,,13,[CUDA memset]
3042351334,2976,150019,,,,,,,,,,0.000,26.882,Pinned,Device,NVIDIA A100-SXM4-40GB MIG 4g.20gb (0),1,,13,[CUDA memcpy Host-to-Device]
3042357574,12128,150020,,,,,,,,,,0.197,16210.919,Pinned,Device,NVIDIA A100-SXM4-40GB MIG 4g.20gb (0),1,,13,[CUDA memcpy Host-to-Device]
3042374886,11040,150021,273,1,1,48,1,1,40,0.000,0.001,,,,,NVIDIA A100-SXM4-40GB MIG 4g.20gb (0),1,,13,"void pusch_noise_intf_est::noiseIntfEstNoDftSOfdmKernel<float, __half, float, float, (unsigned int)2, (unsigned int)1, (unsigned char)4, (unsigned char)4>(pusch_noise_intf_est::puschRxNoiseIntfEstDynDescr)"
3042387846,2943,150032,35,1,1,128,1,1,16,0.000,0.000,,,,,NVIDIA A100-SXM4-40GB MIG 4g.20gb (0),1,,13,cupy_copy__complex64_complex64
3042406917,2048,150041,1,1,1,1,1,1,18,0.000,0.000,,,,,NVIDIA A100-SXM4-40GB MIG 4g.20gb (0),1,,13,cupy_copy__float32_float32
3042436197,1600,150047,,,,,,,,,,0.000,2.500,Device,Pageable,NVIDIA A100-SXM4-40GB MIG 4g.20gb (0),1,,7,[CUDA memcpy Device-to-Host]
3042496356,12736,150058,1434,1,1,128,1,1,16,0.000,0.000,,,,,NVIDIA A100-SXM4-40GB MIG 4g.20gb (0),1,,13,cupy_copy__complex64_complex64
3042522052,3552,150065,103,1,1,128,1,1,16,0.000,0.000,,,,,NVIDIA A100-SXM4-40GB MIG 4g.20gb (0),1,,13,cupy_copy__complex64_complex64
3042542628,2432,150072,35,1,1,128,1,1,16,0.000,0.000,,,,,NVIDIA A100-SXM4-40GB MIG 4g.20gb (0),1,,13,cupy_copy__complex64_complex64
3042560451,1984,150079,1,1,1,1,1,1,18,0.000,0.000,,,,,NVIDIA A100-SXM4-40GB MIG 4g.20gb (0),1,,13,cupy_copy__float32_float32
3042689122,82335,150090,1,1,1,32,32,1,30,0.000,0.000,,,,,NVIDIA A100-SXM4-40GB MIG 4g.20gb (0),1,,13,"void convert_kernel<__half2, float2>(tensor_layout_any, T1 *, tensor_layout_any, const T2 *)"
3042798816,5440,150093,,,,,,,,,,0.094,17223.480,Pinned,Device,NVIDIA A100-SXM4-40GB MIG 4g.20gb (0),1,,13,[CUDA memcpy Host-to-Device]
3042813120,3456,150094,,,,,,,,,,1.547,447517.201,Device,,NVIDIA A100-SXM4-40GB MIG 4g.20gb (0),1,,13,[CUDA memset]
3042820128,3072,150099,,,,,,,,,,0.031,10187.474,Pinned,Device,NVIDIA A100-SXM4-40GB MIG 4g.20gb (0),1,,13,[CUDA memcpy Host-to-Device]
3042825600,9792,150100,,,,,,,,,,0.197,20078.395,Pinned,Device,NVIDIA A100-SXM4-40GB MIG 4g.20gb (0),1,,13,[CUDA memcpy Host-to-Device]
3042839520,5760,150101,273,1,1,8,4,1,39,0.002,0.000,,,,,NVIDIA A100-SXM4-40GB MIG 4g.20gb (0),1,,13,"void channel_eq::eqMmseCoefCompLowMimoKernel<float, float, float, (unsigned int)4, (unsigned int)1, (unsigned int)4>(const channel_eq::_puschRxChEqStatDescr *, channel_eq::_puschRxChEqCoefCompDynDescr)"
3042846304,5728,150102,273,1,1,12,11,1,51,0.002,0.000,,,,,NVIDIA A100-SXM4-40GB MIG 4g.20gb (0),1,,13,"void channel_eq::eqMmseSoftDemapKernel<float, __half, __half, float, (unsigned int)4, (unsigned short)16383>(channel_eq::_puschRxChEqStatDescr *, channel_eq::_puschRxChEqSoftDemapDynDescr)"
3042853088,283100,150103,1,1,1,32,32,1,30,0.000,0.000,,,,,NVIDIA A100-SXM4-40GB MIG 4g.20gb (0),1,,13,"void convert_kernel<float2, __half2>(tensor_layout_any, T1 *, tensor_layout_any, const T2 *)"
3043137244,10848,150115,2253,1,1,128,1,1,16,0.000,0.000,,,,,NVIDIA A100-SXM4-40GB MIG 4g.20gb (0),1,,13,cupy_copy__float16_float16
3043151132,3488,150124,282,1,1,128,1,1,16,0.000,0.000,,,,,NVIDIA A100-SXM4-40GB MIG 4g.20gb (0),1,,13,cupy_copy__complex64_complex64
3043155548,2176,150133,26,1,1,128,1,1,16,0.000,0.000,,,,,NVIDIA A100-SXM4-40GB MIG 4g.20gb (0),1,,13,cupy_copy__float32_float32
3043158716,3040,150142,103,1,1,128,1,1,16,0.000,0.000,,,,,NVIDIA A100-SXM4-40GB MIG 4g.20gb (0),1,,13,cupy_copy__complex64_complex64
3043162716,12064,150152,1434,1,1,128,1,1,16,0.000,0.000,,,,,NVIDIA A100-SXM4-40GB MIG 4g.20gb (0),1,,13,cupy_copy__complex64_complex64
3043198811,82367,150157,1,1,1,32,32,1,30,0.000,0.000,,,,,NVIDIA A100-SXM4-40GB MIG 4g.20gb (0),1,,13,"void convert_kernel<__half2, float2>(tensor_layout_any, T1 *, tensor_layout_any, const T2 *)"
3043307898,5376,150160,,,,,,,,,,0.094,17428.487,Pinned,Device,NVIDIA A100-SXM4-40GB MIG 4g.20gb (0),1,,13,[CUDA memcpy Host-to-Device]
3043318842,605529,150161,,,,,,,,,,456.561,753782.937,Device,,NVIDIA A100-SXM4-40GB MIG 4g.20gb (0),1,,13,[CUDA memset]
3043928978,67968,150166,,,,,,,,,,1.235,18168.496,Pinned,Device,NVIDIA A100-SXM4-40GB MIG 4g.20gb (0),1,,13,[CUDA memcpy Host-to-Device]
3044001906,14815,150167,,,,,,,,,,0.197,13270.843,Pinned,Device,NVIDIA A100-SXM4-40GB MIG 4g.20gb (0),1,,13,[CUDA memcpy Host-to-Device]
3044022801,8224,150168,69,4,1,48,1,1,76,0.002,0.000,,,,,NVIDIA A100-SXM4-40GB MIG 4g.20gb (0),1,,13,"void ch_est::windowedChEstPreNoDftSOfdmKernel<float, __half, float, (unsigned int)2, (unsigned int)1, (unsigned short)4>(ch_est::puschRxChEstStatDescr_t *, ch_est::puschRxChEstDynDescr_t *)"
3044034129,6560,150169,137,2,1,24,2,1,44,0.001,0.001,,,,,NVIDIA A100-SXM4-40GB MIG 4g.20gb (0),1,,13,"void ch_est::chEstFilterNoDftSOfdmDispatchKernel<float, __half, float, (unsigned int)2>(ch_est::puschRxChEstStatDescr_t *, ch_est::puschRxChEstDynDescr_t *)"
3044043665,5728,150170,137,2,1,24,2,1,44,0.001,0.001,,,,,NVIDIA A100-SXM4-40GB MIG 4g.20gb (0),1,,13,"void ch_est::chEstFilterNoDftSOfdmDispatchKernel<float, __half, float, (unsigned int)2>(ch_est::puschRxChEstStatDescr_t *, ch_est::puschRxChEstDynDescr_t *)"
3044053873,2720,150181,103,1,1,128,1,1,16,0.000,0.000,,,,,NVIDIA A100-SXM4-40GB MIG 4g.20gb (0),1,,13,cupy_copy__complex64_complex64
3044059377,12832,150191,1434,1,1,128,1,1,16,0.000,0.000,,,,,NVIDIA A100-SXM4-40GB MIG 4g.20gb (0),1,,13,cupy_copy__complex64_complex64
3044079025,2528,150198,103,1,1,128,1,1,16,0.000,0.000,,,,,NVIDIA A100-SXM4-40GB MIG 4g.20gb (0),1,,13,cupy_copy__complex64_complex64
3044086865,83646,150205,1,1,1,32,32,1,30,0.000,0.000,,,,,NVIDIA A100-SXM4-40GB MIG 4g.20gb (0),1,,13,"void convert_kernel<__half2, float2>(tensor_layout_any, T1 *, tensor_layout_any, const T2 *)"
3044197871,9280,150208,,,,,,,,,,0.094,10096.494,Pinned,Device,NVIDIA A100-SXM4-40GB MIG 4g.20gb (0),1,,13,[CUDA memcpy Host-to-Device]
3044214191,47647,150209,,,,,,,,,,35.810,751542.791,Device,,NVIDIA A100-SXM4-40GB MIG 4g.20gb (0),1,,13,[CUDA memset]
3044270286,3712,150211,,,,,,,,,,0.000,21.552,Pinned,Device,NVIDIA A100-SXM4-40GB MIG 4g.20gb (0),1,,13,[CUDA memcpy Host-to-Device]
3044277582,11744,150212,,,,,,,,,,0.197,16740.975,Pinned,Device,NVIDIA A100-SXM4-40GB MIG 4g.20gb (0),1,,13,[CUDA memcpy Host-to-Device]
3044293486,10048,150213,273,1,1,48,1,1,40,0.000,0.001,,,,,NVIDIA A100-SXM4-40GB MIG 4g.20gb (0),1,,13,"void pusch_noise_intf_est::noiseIntfEstNoDftSOfdmKernel<float, __half, float, float, (unsigned int)2, (unsigned int)1, (unsigned char)4, (unsigned char)4>(pusch_noise_intf_est::puschRxNoiseIntfEstDynDescr)"
3044306702,2944,150224,35,1,1,128,1,1,16,0.000,0.000,,,,,NVIDIA A100-SXM4-40GB MIG 4g.20gb (0),1,,13,cupy_copy__complex64_complex64
3044317678,2048,150233,1,1,1,1,1,1,18,0.000,0.000,,,,,NVIDIA A100-SXM4-40GB MIG 4g.20gb (0),1,,13,cupy_copy__float32_float32
3044348237,1696,150239,,,,,,,,,,0.000,2.358,Device,Pageable,NVIDIA A100-SXM4-40GB MIG 4g.20gb (0),1,,7,[CUDA memcpy Device-to-Host]
3044406893,12863,150250,1434,1,1,128,1,1,16,0.000,0.000,,,,,NVIDIA A100-SXM4-40GB MIG 4g.20gb (0),1,,13,cupy_copy__complex64_complex64
3044435148,2944,150257,103,1,1,128,1,1,16,0.000,0.000,,,,,NVIDIA A100-SXM4-40GB MIG 4g.20gb (0),1,,13,cupy_copy__complex64_complex64
3044453836,2336,150264,35,1,1,128,1,1,16,0.000,0.000,,,,,NVIDIA A100-SXM4-40GB MIG 4g.20gb (0),1,,13,cupy_copy__complex64_complex64
3044471852,1760,150271,1,1,1,1,1,1,18,0.000,0.000,,,,,NVIDIA A100-SXM4-40GB MIG 4g.20gb (0),1,,13,cupy_copy__float32_float32
3044602666,88127,150282,1,1,1,32,32,1,30,0.000,0.000,,,,,NVIDIA A100-SXM4-40GB MIG 4g.20gb (0),1,,13,"void convert_kernel<__half2, float2>(tensor_layout_any, T1 *, tensor_layout_any, const T2 *)"
3044717769,5376,150285,,,,,,,,,,0.094,17428.487,Pinned,Device,NVIDIA A100-SXM4-40GB MIG 4g.20gb (0),1,,13,[CUDA memcpy Host-to-Device]
3044732073,3263,150286,,,,,,,,,,1.547,473987.671,Device,,NVIDIA A100-SXM4-40GB MIG 4g.20gb (0),1,,13,[CUDA memset]
3044738984,3040,150291,,,,,,,,,,0.031,10294.725,Pinned,Device,NVIDIA A100-SXM4-40GB MIG 4g.20gb (0),1,,13,[CUDA memcpy Host-to-Device]
3044744584,9344,150292,,,,,,,,,,0.197,21040.988,Pinned,Device,NVIDIA A100-SXM4-40GB MIG 4g.20gb (0),1,,13,[CUDA memcpy Host-to-Device]
3044757864,6048,150293,273,1,1,8,4,1,39,0.002,0.000,,,,,NVIDIA A100-SXM4-40GB MIG 4g.20gb (0),1,,13,"void channel_eq::eqMmseCoefCompLowMimoKernel<float, float, float, (unsigned int)4, (unsigned int)1, (unsigned int)4>(const channel_eq::_puschRxChEqStatDescr *, channel_eq::_puschRxChEqCoefCompDynDescr)"
3044764872,5600,150294,273,1,1,12,11,1,51,0.002,0.000,,,,,NVIDIA A100-SXM4-40GB MIG 4g.20gb (0),1,,13,"void channel_eq::eqMmseSoftDemapKernel<float, __half, __half, float, (unsigned int)4, (unsigned short)16383>(channel_eq::_puschRxChEqStatDescr *, channel_eq::_puschRxChEqSoftDemapDynDescr)"
3044771400,289532,150295,1,1,1,32,32,1,30,0.000,0.000,,,,,NVIDIA A100-SXM4-40GB MIG 4g.20gb (0),1,,13,"void convert_kernel<float2, __half2>(tensor_layout_any, T1 *, tensor_layout_any, const T2 *)"
3045061988,10880,150307,2253,1,1,128,1,1,16,0.000,0.000,,,,,NVIDIA A100-SXM4-40GB MIG 4g.20gb (0),1,,13,cupy_copy__float16_float16
3045076932,3488,150316,282,1,1,128,1,1,16,0.000,0.000,,,,,NVIDIA A100-SXM4-40GB MIG 4g.20gb (0),1,,13,cupy_copy__complex64_complex64
3045082116,2048,150325,26,1,1,128,1,1,16,0.000,0.000,,,,,NVIDIA A100-SXM4-40GB MIG 4g.20gb (0),1,,13,cupy_copy__float32_float32
3045087140,6016,150334,103,1,1,128,1,1,16,0.000,0.000,,,,,NVIDIA A100-SXM4-40GB MIG 4g.20gb (0),1,,13,cupy_copy__complex64_complex64
3045095908,12000,150344,1434,1,1,128,1,1,16,0.000,0.000,,,,,NVIDIA A100-SXM4-40GB MIG 4g.20gb (0),1,,13,cupy_copy__complex64_complex64
3045111876,81023,150349,1,1,1,32,32,1,30,0.000,0.000,,,,,NVIDIA A100-SXM4-40GB MIG 4g.20gb (0),1,,13,"void convert_kernel<__half2, float2>(tensor_layout_any, T1 *, tensor_layout_any, const T2 *)"
3045219523,5343,150352,,,,,,,,,,0.094,17536.143,Pinned,Device,NVIDIA A100-SXM4-40GB MIG 4g.20gb (0),1,,13,[CUDA memcpy Host-to-Device]
3045229474,604441,150353,,,,,,,,,,456.561,755152.622,Device,,NVIDIA A100-SXM4-40GB MIG 4g.20gb (0),1,,13,[CUDA memset]
3045835195,69919,150358,,,,,,,,,,1.235,17662.169,Pinned,Device,NVIDIA A100-SXM4-40GB MIG 4g.20gb (0),1,,13,[CUDA memcpy Host-to-Device]
3045908506,14048,150359,,,,,,,,,,0.197,13995.344,Pinned,Device,NVIDIA A100-SXM4-40GB MIG 4g.20gb (0),1,,13,[CUDA memcpy Host-to-Device]
3045927962,8416,150360,69,4,1,48,1,1,76,0.002,0.000,,,,,NVIDIA A100-SXM4-40GB MIG 4g.20gb (0),1,,13,"void ch_est::windowedChEstPreNoDftSOfdmKernel<float, __half, float, (unsigned int)2, (unsigned int)1, (unsigned short)4>(ch_est::puschRxChEstStatDescr_t *, ch_est::puschRxChEstDynDescr_t *)"
3045942362,6751,150361,137,2,1,24,2,1,44,0.001,0.001,,,,,NVIDIA A100-SXM4-40GB MIG 4g.20gb (0),1,,13,"void ch_est::chEstFilterNoDftSOfdmDispatchKernel<float, __half, float, (unsigned int)2>(ch_est::puschRxChEstStatDescr_t *, ch_est::puschRxChEstDynDescr_t *)"
3045953401,5376,150362,137,2,1,24,2,1,44,0.001,0.001,,,,,NVIDIA A100-SXM4-40GB MIG 4g.20gb (0),1,,13,"void ch_est::chEstFilterNoDftSOfdmDispatchKernel<float, __half, float, (unsigned int)2>(ch_est::puschRxChEstStatDescr_t *, ch_est::puschRxChEstDynDescr_t *)"
3045964281,2720,150373,103,1,1,128,1,1,16,0.000,0.000,,,,,NVIDIA A100-SXM4-40GB MIG 4g.20gb (0),1,,13,cupy_copy__complex64_complex64
3045969849,12608,150383,1434,1,1,128,1,1,16,0.000,0.000,,,,,NVIDIA A100-SXM4-40GB MIG 4g.20gb (0),1,,13,cupy_copy__complex64_complex64
3045987065,2528,150390,103,1,1,128,1,1,16,0.000,0.000,,,,,NVIDIA A100-SXM4-40GB MIG 4g.20gb (0),1,,13,cupy_copy__complex64_complex64
3045994905,83679,150397,1,1,1,32,32,1,30,0.000,0.000,,,,,NVIDIA A100-SXM4-40GB MIG 4g.20gb (0),1,,13,"void convert_kernel<__half2, float2>(tensor_layout_any, T1 *, tensor_layout_any, const T2 *)"
3046106872,7839,150400,,,,,,,,,,0.094,11952.518,Pinned,Device,NVIDIA A100-SXM4-40GB MIG 4g.20gb (0),1,,13,[CUDA memcpy Host-to-Device]
3046123159,47936,150401,,,,,,,,,,35.810,747030.741,Device,,NVIDIA A100-SXM4-40GB MIG 4g.20gb (0),1,,13,[CUDA memset]
3046175607,3584,150403,,,,,,,,,,0.000,22.321,Pinned,Device,NVIDIA A100-SXM4-40GB MIG 4g.20gb (0),1,,13,[CUDA memcpy Host-to-Device]
3046183159,13471,150404,,,,,,,,,,0.197,14594.802,Pinned,Device,NVIDIA A100-SXM4-40GB MIG 4g.20gb (0),1,,13,[CUDA memcpy Host-to-Device]
3046203734,10464,150405,273,1,1,48,1,1,40,0.000,0.001,,,,,NVIDIA A100-SXM4-40GB MIG 4g.20gb (0),1,,13,"void pusch_noise_intf_est::noiseIntfEstNoDftSOfdmKernel<float, __half, float, float, (unsigned int)2, (unsigned int)1, (unsigned char)4, (unsigned char)4>(pusch_noise_intf_est::puschRxNoiseIntfEstDynDescr)"
3046217814,3200,150416,35,1,1,128,1,1,16,0.000,0.000,,,,,NVIDIA A100-SXM4-40GB MIG 4g.20gb (0),1,,13,cupy_copy__complex64_complex64
3046229398,2080,150425,1,1,1,1,1,1,18,0.000,0.000,,,,,NVIDIA A100-SXM4-40GB MIG 4g.20gb (0),1,,13,cupy_copy__float32_float32
3046259254,1696,150431,,,,,,,,,,0.000,2.358,Device,Pageable,NVIDIA A100-SXM4-40GB MIG 4g.20gb (0),1,,7,[CUDA memcpy Device-to-Host]
3046318645,12864,150442,1434,1,1,128,1,1,16,0.000,0.000,,,,,NVIDIA A100-SXM4-40GB MIG 4g.20gb (0),1,,13,cupy_copy__complex64_complex64
3046344437,2816,150449,103,1,1,128,1,1,16,0.000,0.000,,,,,NVIDIA A100-SXM4-40GB MIG 4g.20gb (0),1,,13,cupy_copy__complex64_complex64
3046365364,2496,150456,35,1,1,128,1,1,16,0.000,0.000,,,,,NVIDIA A100-SXM4-40GB MIG 4g.20gb (0),1,,13,cupy_copy__complex64_complex64
3046383892,1792,150463,1,1,1,1,1,1,18,0.000,0.000,,,,,NVIDIA A100-SXM4-40GB MIG 4g.20gb (0),1,,13,cupy_copy__float32_float32
3046518162,82687,150474,1,1,1,32,32,1,30,0.000,0.000,,,,,NVIDIA A100-SXM4-40GB MIG 4g.20gb (0),1,,13,"void convert_kernel<__half2, float2>(tensor_layout_any, T1 *, tensor_layout_any, const T2 *)"
3046629681,5408,150477,,,,,,,,,,0.094,17325.421,Pinned,Device,NVIDIA A100-SXM4-40GB MIG 4g.20gb (0),1,,13,[CUDA memcpy Host-to-Device]
3046643217,3456,150478,,,,,,,,,,1.547,447517.201,Device,,NVIDIA A100-SXM4-40GB MIG 4g.20gb (0),1,,13,[CUDA memset]
3046650001,3040,150483,,,,,,,,,,0.031,10294.725,Pinned,Device,NVIDIA A100-SXM4-40GB MIG 4g.20gb (0),1,,13,[CUDA memcpy Host-to-Device]
3046655473,9472,150484,,,,,,,,,,0.197,20756.693,Pinned,Device,NVIDIA A100-SXM4-40GB MIG 4g.20gb (0),1,,13,[CUDA memcpy Host-to-Device]
3046668593,8191,150485,273,1,1,8,4,1,39,0.002,0.000,,,,,NVIDIA A100-SXM4-40GB MIG 4g.20gb (0),1,,13,"void channel_eq::eqMmseCoefCompLowMimoKernel<float, float, float, (unsigned int)4, (unsigned int)1, (unsigned int)4>(const channel_eq::_puschRxChEqStatDescr *, channel_eq::_puschRxChEqCoefCompDynDescr)"
3046677776,6272,150486,273,1,1,12,11,1,51,0.002,0.000,,,,,NVIDIA A100-SXM4-40GB MIG 4g.20gb (0),1,,13,"void channel_eq::eqMmseSoftDemapKernel<float, __half, __half, float, (unsigned int)4, (unsigned short)16383>(channel_eq::_puschRxChEqStatDescr *, channel_eq::_puschRxChEqSoftDemapDynDescr)"
3046685040,282045,150487,1,1,1,32,32,1,30,0.000,0.000,,,,,NVIDIA A100-SXM4-40GB MIG 4g.20gb (0),1,,13,"void convert_kernel<float2, __half2>(tensor_layout_any, T1 *, tensor_layout_any, const T2 *)"
3046969933,11104,150499,2253,1,1,128,1,1,16,0.000,0.000,,,,,NVIDIA A100-SXM4-40GB MIG 4g.20gb (0),1,,13,cupy_copy__float16_float16
3046985229,3104,150508,282,1,1,128,1,1,16,0.000,0.000,,,,,NVIDIA A100-SXM4-40GB MIG 4g.20gb (0),1,,13,cupy_copy__complex64_complex64
3046990797,2400,150517,26,1,1,128,1,1,16,0.000,0.000,,,,,NVIDIA A100-SXM4-40GB MIG 4g.20gb (0),1,,13,cupy_copy__float32_float32
3046995309,3520,150526,103,1,1,128,1,1,16,0.000,0.000,,,,,NVIDIA A100-SXM4-40GB MIG 4g.20gb (0),1,,13,cupy_copy__complex64_complex64
3046999916,11936,150536,1434,1,1,128,1,1,16,0.000,0.000,,,,,NVIDIA A100-SXM4-40GB MIG 4g.20gb (0),1,,13,cupy_copy__complex64_complex64
3047026124,82015,150541,1,1,1,32,32,1,30,0.000,0.000,,,,,NVIDIA A100-SXM4-40GB MIG 4g.20gb (0),1,,13,"void convert_kernel<__half2, float2>(tensor_layout_any, T1 *, tensor_layout_any, const T2 *)"
3047134859,5504,150544,,,,,,,,,,0.094,17023.251,Pinned,Device,NVIDIA A100-SXM4-40GB MIG 4g.20gb (0),1,,13,[CUDA memcpy Host-to-Device]
3047144779,599160,150545,,,,,,,,,,456.561,762001.043,Device,,NVIDIA A100-SXM4-40GB MIG 4g.20gb (0),1,,13,[CUDA memset]
3047747619,71327,150550,,,,,,,,,,1.235,17312.680,Pinned,Device,NVIDIA A100-SXM4-40GB MIG 4g.20gb (0),1,,13,[CUDA memcpy Host-to-Device]
3047822434,13792,150551,,,,,,,,,,0.197,14255.063,Pinned,Device,NVIDIA A100-SXM4-40GB MIG 4g.20gb (0),1,,13,[CUDA memcpy Host-to-Device]
3047841922,8416,150552,69,4,1,48,1,1,76,0.002,0.000,,,,,NVIDIA A100-SXM4-40GB MIG 4g.20gb (0),1,,13,"void ch_est::windowedChEstPreNoDftSOfdmKernel<float, __half, float, (unsigned int)2, (unsigned int)1, (unsigned short)4>(ch_est::puschRxChEstStatDescr_t *, ch_est::puschRxChEstDynDescr_t *)"
3047853442,7040,150553,137,2,1,24,2,1,44,0.001,0.001,,,,,NVIDIA A100-SXM4-40GB MIG 4g.20gb (0),1,,13,"void ch_est::chEstFilterNoDftSOfdmDispatchKernel<float, __half, float, (unsigned int)2>(ch_est::puschRxChEstStatDescr_t *, ch_est::puschRxChEstDynDescr_t *)"
3047864066,5152,150554,137,2,1,24,2,1,44,0.001,0.001,,,,,NVIDIA A100-SXM4-40GB MIG 4g.20gb (0),1,,13,"void ch_est::chEstFilterNoDftSOfdmDispatchKernel<float, __half, float, (unsigned int)2>(ch_est::puschRxChEstStatDescr_t *, ch_est::puschRxChEstDynDescr_t *)"
3047876514,2624,150565,103,1,1,128,1,1,16,0.000,0.000,,,,,NVIDIA A100-SXM4-40GB MIG 4g.20gb (0),1,,13,cupy_copy__complex64_complex64
3047882210,12607,150575,1434,1,1,128,1,1,16,0.000,0.000,,,,,NVIDIA A100-SXM4-40GB MIG 4g.20gb (0),1,,13,cupy_copy__complex64_complex64
3047899393,2656,150582,103,1,1,128,1,1,16,0.000,0.000,,,,,NVIDIA A100-SXM4-40GB MIG 4g.20gb (0),1,,13,cupy_copy__complex64_complex64
3047905633,88703,150589,1,1,1,32,32,1,30,0.000,0.000,,,,,NVIDIA A100-SXM4-40GB MIG 4g.20gb (0),1,,13,"void convert_kernel<__half2, float2>(tensor_layout_any, T1 *, tensor_layout_any, const T2 *)"
3048022944,8224,150592,,,,,,,,,,0.094,11392.965,Pinned,Device,NVIDIA A100-SXM4-40GB MIG 4g.20gb (0),1,,13,[CUDA memcpy Host-to-Device]
3048036928,47967,150593,,,,,,,,,,35.810,746529.402,Device,,NVIDIA A100-SXM4-40GB MIG 4g.20gb (0),1,,13,[CUDA memset]
3048088863,2720,150595,,,,,,,,,,0.000,29.412,Pinned,Device,NVIDIA A100-SXM4-40GB MIG 4g.20gb (0),1,,13,[CUDA memcpy Host-to-Device]
3048095007,12960,150596,,,,,,,,,,0.197,15170.273,Pinned,Device,NVIDIA A100-SXM4-40GB MIG 4g.20gb (0),1,,13,[CUDA memcpy Host-to-Device]
3048113407,9664,150597,273,1,1,48,1,1,40,0.000,0.001,,,,,NVIDIA A100-SXM4-40GB MIG 4g.20gb (0),1,,13,"void pusch_noise_intf_est::noiseIntfEstNoDftSOfdmKernel<float, __half, float, float, (unsigned int)2, (unsigned int)1, (unsigned char)4, (unsigned char)4>(pusch_noise_intf_est::puschRxNoiseIntfEstDynDescr)"
3048128735,2976,150608,35,1,1,128,1,1,16,0.000,0.000,,,,,NVIDIA A100-SXM4-40GB MIG 4g.20gb (0),1,,13,cupy_copy__complex64_complex64
3048143966,1856,150617,1,1,1,1,1,1,18,0.000,0.000,,,,,NVIDIA A100-SXM4-40GB MIG 4g.20gb (0),1,,13,cupy_copy__float32_float32
3048173886,1760,150623,,,,,,,,,,0.000,2.273,Device,Pageable,NVIDIA A100-SXM4-40GB MIG 4g.20gb (0),1,,7,[CUDA memcpy Device-to-Host]
3048234749,12864,150634,1434,1,1,128,1,1,16,0.000,0.000,,,,,NVIDIA A100-SXM4-40GB MIG 4g.20gb (0),1,,13,cupy_copy__complex64_complex64
3048260797,2624,150641,103,1,1,128,1,1,16,0.000,0.000,,,,,NVIDIA A100-SXM4-40GB MIG 4g.20gb (0),1,,13,cupy_copy__complex64_complex64
3048283037,2144,150648,35,1,1,128,1,1,16,0.000,0.000,,,,,NVIDIA A100-SXM4-40GB MIG 4g.20gb (0),1,,13,cupy_copy__complex64_complex64
3048300284,1952,150655,1,1,1,1,1,1,18,0.000,0.000,,,,,NVIDIA A100-SXM4-40GB MIG 4g.20gb (0),1,,13,cupy_copy__float32_float32
3048431835,86559,150666,1,1,1,32,32,1,30,0.000,0.000,,,,,NVIDIA A100-SXM4-40GB MIG 4g.20gb (0),1,,13,"void convert_kernel<__half2, float2>(tensor_layout_any, T1 *, tensor_layout_any, const T2 *)"
3048545241,5536,150669,,,,,,,,,,0.094,16924.777,Pinned,Device,NVIDIA A100-SXM4-40GB MIG 4g.20gb (0),1,,13,[CUDA memcpy Host-to-Device]
3048559481,3232,150670,,,,,,,,,,1.547,478533.199,Device,,NVIDIA A100-SXM4-40GB MIG 4g.20gb (0),1,,13,[CUDA memset]
3048568409,3040,150675,,,,,,,,,,0.031,10294.725,Pinned,Device,NVIDIA A100-SXM4-40GB MIG 4g.20gb (0),1,,13,[CUDA memcpy Host-to-Device]
3048573849,9376,150676,,,,,,,,,,0.197,20969.226,Pinned,Device,NVIDIA A100-SXM4-40GB MIG 4g.20gb (0),1,,13,[CUDA memcpy Host-to-Device]
3048588025,6112,150677,273,1,1,8,4,1,39,0.002,0.000,,,,,NVIDIA A100-SXM4-40GB MIG 4g.20gb (0),1,,13,"void channel_eq::eqMmseCoefCompLowMimoKernel<float, float, float, (unsigned int)4, (unsigned int)1, (unsigned int)4>(const channel_eq::_puschRxChEqStatDescr *, channel_eq::_puschRxChEqCoefCompDynDescr)"
3048596665,7648,150678,273,1,1,12,11,1,51,0.002,0.000,,,,,NVIDIA A100-SXM4-40GB MIG 4g.20gb (0),1,,13,"void channel_eq::eqMmseSoftDemapKernel<float, __half, __half, float, (unsigned int)4, (unsigned short)16383>(channel_eq::_puschRxChEqStatDescr *, channel_eq::_puschRxChEqSoftDemapDynDescr)"
3048605273,281852,150679,1,1,1,32,32,1,30,0.000,0.000,,,,,NVIDIA A100-SXM4-40GB MIG 4g.20gb (0),1,,13,"void convert_kernel<float2, __half2>(tensor_layout_any, T1 *, tensor_layout_any, const T2 *)"
3048888117,10976,150691,2253,1,1,128,1,1,16,0.000,0.000,,,,,NVIDIA A100-SXM4-40GB MIG 4g.20gb (0),1,,13,cupy_copy__float16_float16
3048900981,2784,150700,282,1,1,128,1,1,16,0.000,0.000,,,,,NVIDIA A100-SXM4-40GB MIG 4g.20gb (0),1,,13,cupy_copy__complex64_complex64
3048905237,2272,150709,26,1,1,128,1,1,16,0.000,0.000,,,,,NVIDIA A100-SXM4-40GB MIG 4g.20gb (0),1,,13,cupy_copy__float32_float32
3048909141,3296,150718,103,1,1,128,1,1,16,0.000,0.000,,,,,NVIDIA A100-SXM4-40GB MIG 4g.20gb (0),1,,13,cupy_copy__complex64_complex64
3048914133,11936,150728,1434,1,1,128,1,1,16,0.000,0.000,,,,,NVIDIA A100-SXM4-40GB MIG 4g.20gb (0),1,,13,cupy_copy__complex64_complex64
3048936213,86302,150733,1,1,1,32,32,1,30,0.000,0.000,,,,,NVIDIA A100-SXM4-40GB MIG 4g.20gb (0),1,,13,"void convert_kernel<__half2, float2>(tensor_layout_any, T1 *, tensor_layout_any, const T2 *)"
3049049715,5408,150736,,,,,,,,,,0.094,17325.421,Pinned,Device,NVIDIA A100-SXM4-40GB MIG 4g.20gb (0),1,,13,[CUDA memcpy Host-to-Device]
3049059763,604441,150737,,,,,,,,,,456.561,755152.622,Device,,NVIDIA A100-SXM4-40GB MIG 4g.20gb (0),1,,13,[CUDA memset]
3049665356,67167,150742,,,,,,,,,,1.235,18385.846,Pinned,Device,NVIDIA A100-SXM4-40GB MIG 4g.20gb (0),1,,13,[CUDA memcpy Host-to-Device]
3049736235,14431,150743,,,,,,,,,,0.197,13623.951,Pinned,Device,NVIDIA A100-SXM4-40GB MIG 4g.20gb (0),1,,13,[CUDA memcpy Host-to-Device]
3049760458,8640,150744,69,4,1,48,1,1,76,0.002,0.000,,,,,NVIDIA A100-SXM4-40GB MIG 4g.20gb (0),1,,13,"void ch_est::windowedChEstPreNoDftSOfdmKernel<float, __half, float, (unsigned int)2, (unsigned int)1, (unsigned short)4>(ch_est::puschRxChEstStatDescr_t *, ch_est::puschRxChEstDynDescr_t *)"
3049771914,6592,150745,137,2,1,24,2,1,44,0.001,0.001,,,,,NVIDIA A100-SXM4-40GB MIG 4g.20gb (0),1,,13,"void ch_est::chEstFilterNoDftSOfdmDispatchKernel<float, __half, float, (unsigned int)2>(ch_est::puschRxChEstStatDescr_t *, ch_est::puschRxChEstDynDescr_t *)"
3049781290,5120,150746,137,2,1,24,2,1,44,0.001,0.001,,,,,NVIDIA A100-SXM4-40GB MIG 4g.20gb (0),1,,13,"void ch_est::chEstFilterNoDftSOfdmDispatchKernel<float, __half, float, (unsigned int)2>(ch_est::puschRxChEstStatDescr_t *, ch_est::puschRxChEstDynDescr_t *)"
3049792810,2528,150757,103,1,1,128,1,1,16,0.000,0.000,,,,,NVIDIA A100-SXM4-40GB MIG 4g.20gb (0),1,,13,cupy_copy__complex64_complex64
3049799338,12320,150767,1434,1,1,128,1,1,16,0.000,0.000,,,,,NVIDIA A100-SXM4-40GB MIG 4g.20gb (0),1,,13,cupy_copy__complex64_complex64
3049815210,2592,150774,103,1,1,128,1,1,16,0.000,0.000,,,,,NVIDIA A100-SXM4-40GB MIG 4g.20gb (0),1,,13,cupy_copy__complex64_complex64
3049822474,83327,150781,1,1,1,32,32,1,30,0.000,0.000,,,,,NVIDIA A100-SXM4-40GB MIG 4g.20gb (0),1,,13,"void convert_kernel<__half2, float2>(tensor_layout_any, T1 *, tensor_layout_any, const T2 *)"
3049935944,8640,150784,,,,,,,,,,0.094,10844.375,Pinned,Device,NVIDIA A100-SXM4-40GB MIG 4g.20gb (0),1,,13,[CUDA memcpy Host-to-Device]
3049949736,46911,150785,,,,,,,,,,35.810,763324.255,Device,,NVIDIA A100-SXM4-40GB MIG 4g.20gb (0),1,,13,[CUDA memset]
3050002247,3360,150787,,,,,,,,,,0.000,23.810,Pinned,Device,NVIDIA A100-SXM4-40GB MIG 4g.20gb (0),1,,13,[CUDA memcpy Host-to-Device]
3050009575,13088,150788,,,,,,,,,,0.197,15021.834,Pinned,Device,NVIDIA A100-SXM4-40GB MIG 4g.20gb (0),1,,13,[CUDA memcpy Host-to-Device]
3050031975,9952,150789,273,1,1,48,1,1,40,0.000,0.001,,,,,NVIDIA A100-SXM4-40GB MIG 4g.20gb (0),1,,13,"void pusch_noise_intf_est::noiseIntfEstNoDftSOfdmKernel<float, __half, float, float, (unsigned int)2, (unsigned int)1, (unsigned char)4, (unsigned char)4>(pusch_noise_intf_est::puschRxNoiseIntfEstDynDescr)"
3050047399,2816,150800,35,1,1,128,1,1,16,0.000,0.000,,,,,NVIDIA A100-SXM4-40GB MIG 4g.20gb (0),1,,13,cupy_copy__complex64_complex64
3050052711,1952,150809,1,1,1,1,1,1,18,0.000,0.000,,,,,NVIDIA A100-SXM4-40GB MIG 4g.20gb (0),1,,13,cupy_copy__float32_float32
3050086950,2400,150815,,,,,,,,,,0.000,1.667,Device,Pageable,NVIDIA A100-SXM4-40GB MIG 4g.20gb (0),1,,7,[CUDA memcpy Device-to-Host]
3050149638,12703,150826,1434,1,1,128,1,1,16,0.000,0.000,,,,,NVIDIA A100-SXM4-40GB MIG 4g.20gb (0),1,,13,cupy_copy__complex64_complex64
3050174949,3008,150833,103,1,1,128,1,1,16,0.000,0.000,,,,,NVIDIA A100-SXM4-40GB MIG 4g.20gb (0),1,,13,cupy_copy__complex64_complex64
3050196357,2752,150840,35,1,1,128,1,1,16,0.000,0.000,,,,,NVIDIA A100-SXM4-40GB MIG 4g.20gb (0),1,,13,cupy_copy__complex64_complex64
3050214373,1792,150847,1,1,1,1,1,1,18,0.000,0.000,,,,,NVIDIA A100-SXM4-40GB MIG 4g.20gb (0),1,,13,cupy_copy__float32_float32
3050345443,82207,150858,1,1,1,32,32,1,30,0.000,0.000,,,,,NVIDIA A100-SXM4-40GB MIG 4g.20gb (0),1,,13,"void convert_kernel<__half2, float2>(tensor_layout_any, T1 *, tensor_layout_any, const T2 *)"
3050454402,5792,150861,,,,,,,,,,0.094,16176.708,Pinned,Device,NVIDIA A100-SXM4-40GB MIG 4g.20gb (0),1,,13,[CUDA memcpy Host-to-Device]
3050471298,3136,150862,,,,,,,,,,1.547,493182.821,Device,,NVIDIA A100-SXM4-40GB MIG 4g.20gb (0),1,,13,[CUDA memset]
3050478433,3008,150867,,,,,,,,,,0.031,10404.230,Pinned,Device,NVIDIA A100-SXM4-40GB MIG 4g.20gb (0),1,,13,[CUDA memcpy Host-to-Device]
3050483873,9696,150868,,,,,,,,,,0.197,20277.166,Pinned,Device,NVIDIA A100-SXM4-40GB MIG 4g.20gb (0),1,,13,[CUDA memcpy Host-to-Device]
3050499105,5984,150869,273,1,1,8,4,1,39,0.002,0.000,,,,,NVIDIA A100-SXM4-40GB MIG 4g.20gb (0),1,,13,"void channel_eq::eqMmseCoefCompLowMimoKernel<float, float, float, (unsigned int)4, (unsigned int)1, (unsigned int)4>(const channel_eq::_puschRxChEqStatDescr *, channel_eq::_puschRxChEqCoefCompDynDescr)"
3050506081,5792,150870,273,1,1,12,11,1,51,0.002,0.000,,,,,NVIDIA A100-SXM4-40GB MIG 4g.20gb (0),1,,13,"void channel_eq::eqMmseSoftDemapKernel<float, __half, __half, float, (unsigned int)4, (unsigned short)16383>(channel_eq::_puschRxChEqStatDescr *, channel_eq::_puschRxChEqSoftDemapDynDescr)"
3050513473,295068,150871,1,1,1,32,32,1,30,0.000,0.000,,,,,NVIDIA A100-SXM4-40GB MIG 4g.20gb (0),1,,13,"void convert_kernel<float2, __half2>(tensor_layout_any, T1 *, tensor_layout_any, const T2 *)"
3050809597,10976,150883,2253,1,1,128,1,1,16,0.000,0.000,,,,,NVIDIA A100-SXM4-40GB MIG 4g.20gb (0),1,,13,cupy_copy__float16_float16
3050824413,2976,150892,282,1,1,128,1,1,16,0.000,0.000,,,,,NVIDIA A100-SXM4-40GB MIG 4g.20gb (0),1,,13,cupy_copy__complex64_complex64
3050828701,2464,150901,26,1,1,128,1,1,16,0.000,0.000,,,,,NVIDIA A100-SXM4-40GB MIG 4g.20gb (0),1,,13,cupy_copy__float32_float32
3050833501,4576,150910,103,1,1,128,1,1,16,0.000,0.000,,,,,NVIDIA A100-SXM4-40GB MIG 4g.20gb (0),1,,13,cupy_copy__complex64_complex64
3050839037,12096,150920,1434,1,1,128,1,1,16,0.000,0.000,,,,,NVIDIA A100-SXM4-40GB MIG 4g.20gb (0),1,,13,cupy_copy__complex64_complex64
3050854717,86367,150925,1,1,1,32,32,1,30,0.000,0.000,,,,,NVIDIA A100-SXM4-40GB MIG 4g.20gb (0),1,,13,"void convert_kernel<__half2, float2>(tensor_layout_any, T1 *, tensor_layout_any, const T2 *)"
3050968923,5344,150928,,,,,,,,,,0.094,17532.864,Pinned,Device,NVIDIA A100-SXM4-40GB MIG 4g.20gb (0),1,,13,[CUDA memcpy Host-to-Device]
3050978715,600217,150929,,,,,,,,,,456.561,760631.359,Device,,NVIDIA A100-SXM4-40GB MIG 4g.20gb (0),1,,13,[CUDA memset]
3051584628,67775,150934,,,,,,,,,,1.235,18220.364,Pinned,Device,NVIDIA A100-SXM4-40GB MIG 4g.20gb (0),1,,13,[CUDA memcpy Host-to-Device]
3051656115,13088,150935,,,,,,,,,,0.197,15021.834,Pinned,Device,NVIDIA A100-SXM4-40GB MIG 4g.20gb (0),1,,13,[CUDA memcpy Host-to-Device]
3051677907,8256,150936,69,4,1,48,1,1,76,0.002,0.000,,,,,NVIDIA A100-SXM4-40GB MIG 4g.20gb (0),1,,13,"void ch_est::windowedChEstPreNoDftSOfdmKernel<float, __half, float, (unsigned int)2, (unsigned int)1, (unsigned short)4>(ch_est::puschRxChEstStatDescr_t *, ch_est::puschRxChEstDynDescr_t *)"
3051689587,6591,150937,137,2,1,24,2,1,44,0.001,0.001,,,,,NVIDIA A100-SXM4-40GB MIG 4g.20gb (0),1,,13,"void ch_est::chEstFilterNoDftSOfdmDispatchKernel<float, __half, float, (unsigned int)2>(ch_est::puschRxChEstStatDescr_t *, ch_est::puschRxChEstDynDescr_t *)"
3051698258,5216,150938,137,2,1,24,2,1,44,0.001,0.001,,,,,NVIDIA A100-SXM4-40GB MIG 4g.20gb (0),1,,13,"void ch_est::chEstFilterNoDftSOfdmDispatchKernel<float, __half, float, (unsigned int)2>(ch_est::puschRxChEstStatDescr_t *, ch_est::puschRxChEstDynDescr_t *)"
3051708690,2656,150949,103,1,1,128,1,1,16,0.000,0.000,,,,,NVIDIA A100-SXM4-40GB MIG 4g.20gb (0),1,,13,cupy_copy__complex64_complex64
3051714578,12352,150959,1434,1,1,128,1,1,16,0.000,0.000,,,,,NVIDIA A100-SXM4-40GB MIG 4g.20gb (0),1,,13,cupy_copy__complex64_complex64
3051733330,2560,150966,103,1,1,128,1,1,16,0.000,0.000,,,,,NVIDIA A100-SXM4-40GB MIG 4g.20gb (0),1,,13,cupy_copy__complex64_complex64
3051740594,83871,150973,1,1,1,32,32,1,30,0.000,0.000,,,,,NVIDIA A100-SXM4-40GB MIG 4g.20gb (0),1,,13,"void convert_kernel<__half2, float2>(tensor_layout_any, T1 *, tensor_layout_any, const T2 *)"
3051853232,8608,150976,,,,,,,,,,0.094,10884.758,Pinned,Device,NVIDIA A100-SXM4-40GB MIG 4g.20gb (0),1,,13,[CUDA memcpy Host-to-Device]
3051867088,47968,150977,,,,,,,,,,35.810,746529.402,Device,,NVIDIA A100-SXM4-40GB MIG 4g.20gb (0),1,,13,[CUDA memset]
3051918384,3584,150979,,,,,,,,,,0.000,22.321,Pinned,Device,NVIDIA A100-SXM4-40GB MIG 4g.20gb (0),1,,13,[CUDA memcpy Host-to-Device]
3051926288,14911,150980,,,,,,,,,,0.197,13185.319,Pinned,Device,NVIDIA A100-SXM4-40GB MIG 4g.20gb (0),1,,13,[CUDA memcpy Host-to-Device]
3051948367,10528,150981,273,1,1,48,1,1,40,0.000,0.001,,,,,NVIDIA A100-SXM4-40GB MIG 4g.20gb (0),1,,13,"void pusch_noise_intf_est::noiseIntfEstNoDftSOfdmKernel<float, __half, float, float, (unsigned int)2, (unsigned int)1, (unsigned char)4, (unsigned char)4>(pusch_noise_intf_est::puschRxNoiseIntfEstDynDescr)"
3051962799,3552,150992,35,1,1,128,1,1,16,0.000,0.000,,,,,NVIDIA A100-SXM4-40GB MIG 4g.20gb (0),1,,13,cupy_copy__complex64_complex64
3051974895,2048,151001,1,1,1,1,1,1,18,0.000,0.000,,,,,NVIDIA A100-SXM4-40GB MIG 4g.20gb (0),1,,13,cupy_copy__float32_float32
3052003983,2656,151007,,,,,,,,,,0.000,1.506,Device,Pageable,NVIDIA A100-SXM4-40GB MIG 4g.20gb (0),1,,7,[CUDA memcpy Device-to-Host]
3052067182,12768,151018,1434,1,1,128,1,1,16,0.000,0.000,,,,,NVIDIA A100-SXM4-40GB MIG 4g.20gb (0),1,,13,cupy_copy__complex64_complex64
3052093998,3039,151025,103,1,1,128,1,1,16,0.000,0.000,,,,,NVIDIA A100-SXM4-40GB MIG 4g.20gb (0),1,,13,cupy_copy__complex64_complex64
3052113613,2368,151032,35,1,1,128,1,1,16,0.000,0.000,,,,,NVIDIA A100-SXM4-40GB MIG 4g.20gb (0),1,,13,cupy_copy__complex64_complex64
3052131757,2016,151039,1,1,1,1,1,1,18,0.000,0.000,,,,,NVIDIA A100-SXM4-40GB MIG 4g.20gb (0),1,,13,cupy_copy__float32_float32
3052264427,87903,151050,1,1,1,32,32,1,30,0.000,0.000,,,,,NVIDIA A100-SXM4-40GB MIG 4g.20gb (0),1,,13,"void convert_kernel<__half2, float2>(tensor_layout_any, T1 *, tensor_layout_any, const T2 *)"
3052380522,5504,151053,,,,,,,,,,0.094,17023.251,Pinned,Device,NVIDIA A100-SXM4-40GB MIG 4g.20gb (0),1,,13,[CUDA memcpy Host-to-Device]
3052395146,3552,151054,,,,,,,,,,1.547,435422.601,Device,,NVIDIA A100-SXM4-40GB MIG 4g.20gb (0),1,,13,[CUDA memset]
3052402026,3328,151059,,,,,,,,,,0.031,9403.822,Pinned,Device,NVIDIA A100-SXM4-40GB MIG 4g.20gb (0),1,,13,[CUDA memcpy Host-to-Device]
3052407850,9408,151060,,,,,,,,,,0.197,20897.858,Pinned,Device,NVIDIA A100-SXM4-40GB MIG 4g.20gb (0),1,,13,[CUDA memcpy Host-to-Device]
3052421737,6976,151061,273,1,1,8,4,1,39,0.002,0.000,,,,,NVIDIA A100-SXM4-40GB MIG 4g.20gb (0),1,,13,"void channel_eq::eqMmseCoefCompLowMimoKernel<float, float, float, (unsigned int)4, (unsigned int)1, (unsigned int)4>(const channel_eq::_puschRxChEqStatDescr *, channel_eq::_puschRxChEqCoefCompDynDescr)"
3052429705,5952,151062,273,1,1,12,11,1,51,0.002,0.000,,,,,NVIDIA A100-SXM4-40GB MIG 4g.20gb (0),1,,13,"void channel_eq::eqMmseSoftDemapKernel<float, __half, __half, float, (unsigned int)4, (unsigned short)16383>(channel_eq::_puschRxChEqStatDescr *, channel_eq::_puschRxChEqSoftDemapDynDescr)"
3052436681,283165,151063,1,1,1,32,32,1,30,0.000,0.000,,,,,NVIDIA A100-SXM4-40GB MIG 4g.20gb (0),1,,13,"void convert_kernel<float2, __half2>(tensor_layout_any, T1 *, tensor_layout_any, const T2 *)"
3052720838,11232,151075,2253,1,1,128,1,1,16,0.000,0.000,,,,,NVIDIA A100-SXM4-40GB MIG 4g.20gb (0),1,,13,cupy_copy__float16_float16
3052736390,2784,151084,282,1,1,128,1,1,16,0.000,0.000,,,,,NVIDIA A100-SXM4-40GB MIG 4g.20gb (0),1,,13,cupy_copy__complex64_complex64
3052740582,3071,151093,26,1,1,128,1,1,16,0.000,0.000,,,,,NVIDIA A100-SXM4-40GB MIG 4g.20gb (0),1,,13,cupy_copy__float32_float32
3052744741,2784,151102,103,1,1,128,1,1,16,0.000,0.000,,,,,NVIDIA A100-SXM4-40GB MIG 4g.20gb (0),1,,13,cupy_copy__complex64_complex64
3052750597,12096,151112,1434,1,1,128,1,1,16,0.000,0.000,,,,,NVIDIA A100-SXM4-40GB MIG 4g.20gb (0),1,,13,cupy_copy__complex64_complex64
3052767365,82015,151117,1,1,1,32,32,1,30,0.000,0.000,,,,,NVIDIA A100-SXM4-40GB MIG 4g.20gb (0),1,,13,"void convert_kernel<__half2, float2>(tensor_layout_any, T1 *, tensor_layout_any, const T2 *)"
3052876260,5536,151120,,,,,,,,,,0.094,16924.777,Pinned,Device,NVIDIA A100-SXM4-40GB MIG 4g.20gb (0),1,,13,[CUDA memcpy Host-to-Device]
3052885732,604920,151121,,,,,,,,,,456.561,754696.060,Device,,NVIDIA A100-SXM4-40GB MIG 4g.20gb (0),1,,13,[CUDA memset]
3053495836,67999,151126,,,,,,,,,,1.235,18161.086,Pinned,Device,NVIDIA A100-SXM4-40GB MIG 4g.20gb (0),1,,13,[CUDA memcpy Host-to-Device]
3053566971,14976,151127,,,,,,,,,,0.197,13128.106,Pinned,Device,NVIDIA A100-SXM4-40GB MIG 4g.20gb (0),1,,13,[CUDA memcpy Host-to-Device]
3053587803,8192,151128,69,4,1,48,1,1,76,0.002,0.000,,,,,NVIDIA A100-SXM4-40GB MIG 4g.20gb (0),1,,13,"void ch_est::windowedChEstPreNoDftSOfdmKernel<float, __half, float, (unsigned int)2, (unsigned int)1, (unsigned short)4>(ch_est::puschRxChEstStatDescr_t *, ch_est::puschRxChEstDynDescr_t *)"
3053602843,6624,151129,137,2,1,24,2,1,44,0.001,0.001,,,,,NVIDIA A100-SXM4-40GB MIG 4g.20gb (0),1,,13,"void ch_est::chEstFilterNoDftSOfdmDispatchKernel<float, __half, float, (unsigned int)2>(ch_est::puschRxChEstStatDescr_t *, ch_est::puschRxChEstDynDescr_t *)"
3053614331,5184,151130,137,2,1,24,2,1,44,0.001,0.001,,,,,NVIDIA A100-SXM4-40GB MIG 4g.20gb (0),1,,13,"void ch_est::chEstFilterNoDftSOfdmDispatchKernel<float, __half, float, (unsigned int)2>(ch_est::puschRxChEstStatDescr_t *, ch_est::puschRxChEstDynDescr_t *)"
3053624795,2816,151141,103,1,1,128,1,1,16,0.000,0.000,,,,,NVIDIA A100-SXM4-40GB MIG 4g.20gb (0),1,,13,cupy_copy__complex64_complex64
3053630683,12383,151151,1434,1,1,128,1,1,16,0.000,0.000,,,,,NVIDIA A100-SXM4-40GB MIG 4g.20gb (0),1,,13,cupy_copy__complex64_complex64
3053649594,2496,151158,103,1,1,128,1,1,16,0.000,0.000,,,,,NVIDIA A100-SXM4-40GB MIG 4g.20gb (0),1,,13,cupy_copy__complex64_complex64
3053657050,92127,151165,1,1,1,32,32,1,30,0.000,0.000,,,,,NVIDIA A100-SXM4-40GB MIG 4g.20gb (0),1,,13,"void convert_kernel<__half2, float2>(tensor_layout_any, T1 *, tensor_layout_any, const T2 *)"
3053777465,7424,151168,,,,,,,,,,0.094,12620.664,Pinned,Device,NVIDIA A100-SXM4-40GB MIG 4g.20gb (0),1,,13,[CUDA memcpy Host-to-Device]
3053791929,47839,151169,,,,,,,,,,35.810,748534.758,Device,,NVIDIA A100-SXM4-40GB MIG 4g.20gb (0),1,,13,[CUDA memset]
3053843704,3808,151171,,,,,,,,,,0.000,21.008,Pinned,Device,NVIDIA A100-SXM4-40GB MIG 4g.20gb (0),1,,13,[CUDA memcpy Host-to-Device]
3053852216,11488,151172,,,,,,,,,,0.197,17114.137,Pinned,Device,NVIDIA A100-SXM4-40GB MIG 4g.20gb (0),1,,13,[CUDA memcpy Host-to-Device]
3053869592,9247,151173,273,1,1,48,1,1,40,0.000,0.001,,,,,NVIDIA A100-SXM4-40GB MIG 4g.20gb (0),1,,13,"void pusch_noise_intf_est::noiseIntfEstNoDftSOfdmKernel<float, __half, float, float, (unsigned int)2, (unsigned int)1, (unsigned char)4, (unsigned char)4>(pusch_noise_intf_est::puschRxNoiseIntfEstDynDescr)"
3053883607,2752,151184,35,1,1,128,1,1,16,0.000,0.000,,,,,NVIDIA A100-SXM4-40GB MIG 4g.20gb (0),1,,13,cupy_copy__complex64_complex64
3053897655,2048,151193,1,1,1,1,1,1,18,0.000,0.000,,,,,NVIDIA A100-SXM4-40GB MIG 4g.20gb (0),1,,13,cupy_copy__float32_float32
3053927511,1856,151199,,,,,,,,,,0.000,2.155,Device,Pageable,NVIDIA A100-SXM4-40GB MIG 4g.20gb (0),1,,7,[CUDA memcpy Device-to-Host]
3053987958,12832,151210,1434,1,1,128,1,1,16,0.000,0.000,,,,,NVIDIA A100-SXM4-40GB MIG 4g.20gb (0),1,,13,cupy_copy__complex64_complex64
3054015318,2592,151217,103,1,1,128,1,1,16,0.000,0.000,,,,,NVIDIA A100-SXM4-40GB MIG 4g.20gb (0),1,,13,cupy_copy__complex64_complex64
3054035446,2495,151224,35,1,1,128,1,1,16,0.000,0.000,,,,,NVIDIA A100-SXM4-40GB MIG 4g.20gb (0),1,,13,cupy_copy__complex64_complex64
3054054005,1984,151231,1,1,1,1,1,1,18,0.000,0.000,,,,,NVIDIA A100-SXM4-40GB MIG 4g.20gb (0),1,,13,cupy_copy__float32_float32
3054188052,87519,151242,1,1,1,32,32,1,30,0.000,0.000,,,,,NVIDIA A100-SXM4-40GB MIG 4g.20gb (0),1,,13,"void convert_kernel<__half2, float2>(tensor_layout_any, T1 *, tensor_layout_any, const T2 *)"
3054303474,5408,151245,,,,,,,,,,0.094,17325.421,Pinned,Device,NVIDIA A100-SXM4-40GB MIG 4g.20gb (0),1,,13,[CUDA memcpy Host-to-Device]
3054318482,3456,151246,,,,,,,,,,1.547,447517.201,Device,,NVIDIA A100-SXM4-40GB MIG 4g.20gb (0),1,,13,[CUDA memset]
3054324882,3168,151251,,,,,,,,,,0.031,9878.770,Pinned,Device,NVIDIA A100-SXM4-40GB MIG 4g.20gb (0),1,,13,[CUDA memcpy Host-to-Device]
3054330578,9312,151252,,,,,,,,,,0.197,21113.340,Pinned,Device,NVIDIA A100-SXM4-40GB MIG 4g.20gb (0),1,,13,[CUDA memcpy Host-to-Device]
3054345842,6592,151253,273,1,1,8,4,1,39,0.002,0.000,,,,,NVIDIA A100-SXM4-40GB MIG 4g.20gb (0),1,,13,"void channel_eq::eqMmseCoefCompLowMimoKernel<float, float, float, (unsigned int)4, (unsigned int)1, (unsigned int)4>(const channel_eq::_puschRxChEqStatDescr *, channel_eq::_puschRxChEqCoefCompDynDescr)"
3054355634,7455,151254,273,1,1,12,11,1,51,0.002,0.000,,,,,NVIDIA A100-SXM4-40GB MIG 4g.20gb (0),1,,13,"void channel_eq::eqMmseSoftDemapKernel<float, __half, __half, float, (unsigned int)4, (unsigned short)16383>(channel_eq::_puschRxChEqStatDescr *, channel_eq::_puschRxChEqSoftDemapDynDescr)"
3054364369,282429,151255,1,1,1,32,32,1,30,0.000,0.000,,,,,NVIDIA A100-SXM4-40GB MIG 4g.20gb (0),1,,13,"void convert_kernel<float2, __half2>(tensor_layout_any, T1 *, tensor_layout_any, const T2 *)"
3054648750,10976,151267,2253,1,1,128,1,1,16,0.000,0.000,,,,,NVIDIA A100-SXM4-40GB MIG 4g.20gb (0),1,,13,cupy_copy__float16_float16
3054663630,2816,151276,282,1,1,128,1,1,16,0.000,0.000,,,,,NVIDIA A100-SXM4-40GB MIG 4g.20gb (0),1,,13,cupy_copy__complex64_complex64
3054669070,2272,151285,26,1,1,128,1,1,16,0.000,0.000,,,,,NVIDIA A100-SXM4-40GB MIG 4g.20gb (0),1,,13,cupy_copy__float32_float32
3054672334,5120,151294,103,1,1,128,1,1,16,0.000,0.000,,,,,NVIDIA A100-SXM4-40GB MIG 4g.20gb (0),1,,13,cupy_copy__complex64_complex64
3054678702,12223,151304,1434,1,1,128,1,1,16,0.000,0.000,,,,,NVIDIA A100-SXM4-40GB MIG 4g.20gb (0),1,,13,cupy_copy__complex64_complex64
3054695437,85951,151309,1,1,1,32,32,1,30,0.000,0.000,,,,,NVIDIA A100-SXM4-40GB MIG 4g.20gb (0),1,,13,"void convert_kernel<__half2, float2>(tensor_layout_any, T1 *, tensor_layout_any, const T2 *)"
3054808812,5472,151312,,,,,,,,,,0.094,17122.757,Pinned,Device,NVIDIA A100-SXM4-40GB MIG 4g.20gb (0),1,,13,[CUDA memcpy Host-to-Device]
3054820364,608120,151313,,,,,,,,,,456.561,750587.007,Device,,NVIDIA A100-SXM4-40GB MIG 4g.20gb (0),1,,13,[CUDA memset]
3055430532,72415,151318,,,,,,,,,,1.235,17053.342,Pinned,Device,NVIDIA A100-SXM4-40GB MIG 4g.20gb (0),1,,13,[CUDA memcpy Host-to-Device]
3055508067,14976,151319,,,,,,,,,,0.197,13128.106,Pinned,Device,NVIDIA A100-SXM4-40GB MIG 4g.20gb (0),1,,13,[CUDA memcpy Host-to-Device]
3055529859,8416,151320,69,4,1,48,1,1,76,0.002,0.000,,,,,NVIDIA A100-SXM4-40GB MIG 4g.20gb (0),1,,13,"void ch_est::windowedChEstPreNoDftSOfdmKernel<float, __half, float, (unsigned int)2, (unsigned int)1, (unsigned short)4>(ch_est::puschRxChEstStatDescr_t *, ch_est::puschRxChEstDynDescr_t *)"
3055544963,6496,151321,137,2,1,24,2,1,44,0.001,0.001,,,,,NVIDIA A100-SXM4-40GB MIG 4g.20gb (0),1,,13,"void ch_est::chEstFilterNoDftSOfdmDispatchKernel<float, __half, float, (unsigned int)2>(ch_est::puschRxChEstStatDescr_t *, ch_est::puschRxChEstDynDescr_t *)"
3055554371,5856,151322,137,2,1,24,2,1,44,0.001,0.001,,,,,NVIDIA A100-SXM4-40GB MIG 4g.20gb (0),1,,13,"void ch_est::chEstFilterNoDftSOfdmDispatchKernel<float, __half, float, (unsigned int)2>(ch_est::puschRxChEstStatDescr_t *, ch_est::puschRxChEstDynDescr_t *)"
3055565123,2560,151333,103,1,1,128,1,1,16,0.000,0.000,,,,,NVIDIA A100-SXM4-40GB MIG 4g.20gb (0),1,,13,cupy_copy__complex64_complex64
3055571523,12575,151343,1434,1,1,128,1,1,16,0.000,0.000,,,,,NVIDIA A100-SXM4-40GB MIG 4g.20gb (0),1,,13,cupy_copy__complex64_complex64
3055591554,2656,151350,103,1,1,128,1,1,16,0.000,0.000,,,,,NVIDIA A100-SXM4-40GB MIG 4g.20gb (0),1,,13,cupy_copy__complex64_complex64
3055600482,88319,151357,1,1,1,32,32,1,30,0.000,0.000,,,,,NVIDIA A100-SXM4-40GB MIG 4g.20gb (0),1,,13,"void convert_kernel<__half2, float2>(tensor_layout_any, T1 *, tensor_layout_any, const T2 *)"
3055717729,8096,151360,,,,,,,,,,0.094,11573.049,Pinned,Device,NVIDIA A100-SXM4-40GB MIG 4g.20gb (0),1,,13,[CUDA memcpy Host-to-Device]
3055730177,48287,151361,,,,,,,,,,35.810,741587.633,Device,,NVIDIA A100-SXM4-40GB MIG 4g.20gb (0),1,,13,[CUDA memset]
3055785024,3008,151363,,,,,,,,,,0.000,26.596,Pinned,Device,NVIDIA A100-SXM4-40GB MIG 4g.20gb (0),1,,13,[CUDA memcpy Host-to-Device]
3055793216,12928,151364,,,,,,,,,,0.197,15207.825,Pinned,Device,NVIDIA A100-SXM4-40GB MIG 4g.20gb (0),1,,13,[CUDA memcpy Host-to-Device]
3055814784,10143,151365,273,1,1,48,1,1,40,0.000,0.001,,,,,NVIDIA A100-SXM4-40GB MIG 4g.20gb (0),1,,13,"void pusch_noise_intf_est::noiseIntfEstNoDftSOfdmKernel<float, __half, float, float, (unsigned int)2, (unsigned int)1, (unsigned char)4, (unsigned char)4>(pusch_noise_intf_est::puschRxNoiseIntfEstDynDescr)"
3055828511,2976,151376,35,1,1,128,1,1,16,0.000,0.000,,,,,NVIDIA A100-SXM4-40GB MIG 4g.20gb (0),1,,13,cupy_copy__complex64_complex64
3055838911,2016,151385,1,1,1,1,1,1,18,0.000,0.000,,,,,NVIDIA A100-SXM4-40GB MIG 4g.20gb (0),1,,13,cupy_copy__float32_float32
3055869951,2400,151391,,,,,,,,,,0.000,1.667,Device,Pageable,NVIDIA A100-SXM4-40GB MIG 4g.20gb (0),1,,7,[CUDA memcpy Device-to-Host]
3055930974,12544,151402,1434,1,1,128,1,1,16,0.000,0.000,,,,,NVIDIA A100-SXM4-40GB MIG 4g.20gb (0),1,,13,cupy_copy__complex64_complex64
3055959454,3488,151409,103,1,1,128,1,1,16,0.000,0.000,,,,,NVIDIA A100-SXM4-40GB MIG 4g.20gb (0),1,,13,cupy_copy__complex64_complex64
3055979517,2400,151416,35,1,1,128,1,1,16,0.000,0.000,,,,,NVIDIA A100-SXM4-40GB MIG 4g.20gb (0),1,,13,cupy_copy__complex64_complex64
3056002237,2144,151423,1,1,1,1,1,1,18,0.000,0.000,,,,,NVIDIA A100-SXM4-40GB MIG 4g.20gb (0),1,,13,cupy_copy__float32_float32
3056135868,87998,151434,1,1,1,32,32,1,30,0.000,0.000,,,,,NVIDIA A100-SXM4-40GB MIG 4g.20gb (0),1,,13,"void convert_kernel<__half2, float2>(tensor_layout_any, T1 *, tensor_layout_any, const T2 *)"
3056251290,5696,151437,,,,,,,,,,0.094,16449.363,Pinned,Device,NVIDIA A100-SXM4-40GB MIG 4g.20gb (0),1,,13,[CUDA memcpy Host-to-Device]
3056265882,3392,151438,,,,,,,,,,1.547,455961.768,Device,,NVIDIA A100-SXM4-40GB MIG 4g.20gb (0),1,,13,[CUDA memset]
3056272154,3136,151443,,,,,,,,,,0.031,9979.575,Pinned,Device,NVIDIA A100-SXM4-40GB MIG 4g.20gb (0),1,,13,[CUDA memcpy Host-to-Device]
3056277690,9504,151444,,,,,,,,,,0.197,20686.701,Pinned,Device,NVIDIA A100-SXM4-40GB MIG 4g.20gb (0),1,,13,[CUDA memcpy Host-to-Device]
3056290906,6432,151445,273,1,1,8,4,1,39,0.002,0.000,,,,,NVIDIA A100-SXM4-40GB MIG 4g.20gb (0),1,,13,"void channel_eq::eqMmseCoefCompLowMimoKernel<float, float, float, (unsigned int)4, (unsigned int)1, (unsigned int)4>(const channel_eq::_puschRxChEqStatDescr *, channel_eq::_puschRxChEqCoefCompDynDescr)"
3056299034,5855,151446,273,1,1,12,11,1,51,0.002,0.000,,,,,NVIDIA A100-SXM4-40GB MIG 4g.20gb (0),1,,13,"void channel_eq::eqMmseSoftDemapKernel<float, __half, __half, float, (unsigned int)4, (unsigned short)16383>(channel_eq::_puschRxChEqStatDescr *, channel_eq::_puschRxChEqSoftDemapDynDescr)"
3056305881,282525,151447,1,1,1,32,32,1,30,0.000,0.000,,,,,NVIDIA A100-SXM4-40GB MIG 4g.20gb (0),1,,13,"void convert_kernel<float2, __half2>(tensor_layout_any, T1 *, tensor_layout_any, const T2 *)"
3056589462,10912,151459,2253,1,1,128,1,1,16,0.000,0.000,,,,,NVIDIA A100-SXM4-40GB MIG 4g.20gb (0),1,,13,cupy_copy__float16_float16
3056602326,2880,151468,282,1,1,128,1,1,16,0.000,0.000,,,,,NVIDIA A100-SXM4-40GB MIG 4g.20gb (0),1,,13,cupy_copy__complex64_complex64
3056606230,2048,151477,26,1,1,128,1,1,16,0.000,0.000,,,,,NVIDIA A100-SXM4-40GB MIG 4g.20gb (0),1,,13,cupy_copy__float32_float32
3056609558,3168,151486,103,1,1,128,1,1,16,0.000,0.000,,,,,NVIDIA A100-SXM4-40GB MIG 4g.20gb (0),1,,13,cupy_copy__complex64_complex64
3056614646,11839,151496,1434,1,1,128,1,1,16,0.000,0.000,,,,,NVIDIA A100-SXM4-40GB MIG 4g.20gb (0),1,,13,cupy_copy__complex64_complex64
3056640693,82111,151501,1,1,1,32,32,1,30,0.000,0.000,,,,,NVIDIA A100-SXM4-40GB MIG 4g.20gb (0),1,,13,"void convert_kernel<__half2, float2>(tensor_layout_any, T1 *, tensor_layout_any, const T2 *)"
3056750612,5344,151504,,,,,,,,,,0.094,17532.864,Pinned,Device,NVIDIA A100-SXM4-40GB MIG 4g.20gb (0),1,,13,[CUDA memcpy Host-to-Device]
3056760340,601336,151505,,,,,,,,,,456.561,758805.113,Device,,NVIDIA A100-SXM4-40GB MIG 4g.20gb (0),1,,13,[CUDA memset]
3057368812,69759,151510,,,,,,,,,,1.235,17702.922,Pinned,Device,NVIDIA A100-SXM4-40GB MIG 4g.20gb (0),1,,13,[CUDA memcpy Host-to-Device]
3057442475,14592,151511,,,,,,,,,,0.197,13473.546,Pinned,Device,NVIDIA A100-SXM4-40GB MIG 4g.20gb (0),1,,13,[CUDA memcpy Host-to-Device]
3057467499,9184,151512,69,4,1,48,1,1,76,0.002,0.000,,,,,NVIDIA A100-SXM4-40GB MIG 4g.20gb (0),1,,13,"void ch_est::windowedChEstPreNoDftSOfdmKernel<float, __half, float, (unsigned int)2, (unsigned int)1, (unsigned short)4>(ch_est::puschRxChEstStatDescr_t *, ch_est::puschRxChEstDynDescr_t *)"
3057478539,7456,151513,137,2,1,24,2,1,44,0.001,0.001,,,,,NVIDIA A100-SXM4-40GB MIG 4g.20gb (0),1,,13,"void ch_est::chEstFilterNoDftSOfdmDispatchKernel<float, __half, float, (unsigned int)2>(ch_est::puschRxChEstStatDescr_t *, ch_est::puschRxChEstDynDescr_t *)"
3057488043,5408,151514,137,2,1,24,2,1,44,0.001,0.001,,,,,NVIDIA A100-SXM4-40GB MIG 4g.20gb (0),1,,13,"void ch_est::chEstFilterNoDftSOfdmDispatchKernel<float, __half, float, (unsigned int)2>(ch_est::puschRxChEstStatDescr_t *, ch_est::puschRxChEstDynDescr_t *)"
3057498443,2464,151525,103,1,1,128,1,1,16,0.000,0.000,,,,,NVIDIA A100-SXM4-40GB MIG 4g.20gb (0),1,,13,cupy_copy__complex64_complex64
3057505419,13151,151535,1434,1,1,128,1,1,16,0.000,0.000,,,,,NVIDIA A100-SXM4-40GB MIG 4g.20gb (0),1,,13,cupy_copy__complex64_complex64
3057522474,2592,151542,103,1,1,128,1,1,16,0.000,0.000,,,,,NVIDIA A100-SXM4-40GB MIG 4g.20gb (0),1,,13,cupy_copy__complex64_complex64
3057528746,83583,151549,1,1,1,32,32,1,30,0.000,0.000,,,,,NVIDIA A100-SXM4-40GB MIG 4g.20gb (0),1,,13,"void convert_kernel<__half2, float2>(tensor_layout_any, T1 *, tensor_layout_any, const T2 *)"
3057640969,8672,151552,,,,,,,,,,0.094,10804.367,Pinned,Device,NVIDIA A100-SXM4-40GB MIG 4g.20gb (0),1,,13,[CUDA memcpy Host-to-Device]
3057656905,47679,151553,,,,,,,,,,35.810,751041.452,Device,,NVIDIA A100-SXM4-40GB MIG 4g.20gb (0),1,,13,[CUDA memset]
3057707304,4768,151555,,,,,,,,,,0.000,16.778,Pinned,Device,NVIDIA A100-SXM4-40GB MIG 4g.20gb (0),1,,13,[CUDA memcpy Host-to-Device]
3057716200,13216,151556,,,,,,,,,,0.197,14876.344,Pinned,Device,NVIDIA A100-SXM4-40GB MIG 4g.20gb (0),1,,13,[CUDA memcpy Host-to-Device]
3057735720,10560,151557,273,1,1,48,1,1,40,0.000,0.001,,,,,NVIDIA A100-SXM4-40GB MIG 4g.20gb (0),1,,13,"void pusch_noise_intf_est::noiseIntfEstNoDftSOfdmKernel<float, __half, float, float, (unsigned int)2, (unsigned int)1, (unsigned char)4, (unsigned char)4>(pusch_noise_intf_est::puschRxNoiseIntfEstDynDescr)"
3057748648,3104,151568,35,1,1,128,1,1,16,0.000,0.000,,,,,NVIDIA A100-SXM4-40GB MIG 4g.20gb (0),1,,13,cupy_copy__complex64_complex64
3057760231,2144,151577,1,1,1,1,1,1,18,0.000,0.000,,,,,NVIDIA A100-SXM4-40GB MIG 4g.20gb (0),1,,13,cupy_copy__float32_float32
3057792071,1952,151583,,,,,,,,,,0.000,2.049,Device,Pageable,NVIDIA A100-SXM4-40GB MIG 4g.20gb (0),1,,7,[CUDA memcpy Device-to-Host]
3057853126,12768,151594,1434,1,1,128,1,1,16,0.000,0.000,,,,,NVIDIA A100-SXM4-40GB MIG 4g.20gb (0),1,,13,cupy_copy__complex64_complex64
3057878790,3296,151601,103,1,1,128,1,1,16,0.000,0.000,,,,,NVIDIA A100-SXM4-40GB MIG 4g.20gb (0),1,,13,cupy_copy__complex64_complex64
3057904070,2336,151608,35,1,1,128,1,1,16,0.000,0.000,,,,,NVIDIA A100-SXM4-40GB MIG 4g.20gb (0),1,,13,cupy_copy__complex64_complex64
3057921221,1824,151615,1,1,1,1,1,1,18,0.000,0.000,,,,,NVIDIA A100-SXM4-40GB MIG 4g.20gb (0),1,,13,cupy_copy__float32_float32
3058054532,81823,151626,1,1,1,32,32,1,30,0.000,0.000,,,,,NVIDIA A100-SXM4-40GB MIG 4g.20gb (0),1,,13,"void convert_kernel<__half2, float2>(tensor_layout_any, T1 *, tensor_layout_any, const T2 *)"
3058163714,5472,151629,,,,,,,,,,0.094,17122.757,Pinned,Device,NVIDIA A100-SXM4-40GB MIG 4g.20gb (0),1,,13,[CUDA memcpy Host-to-Device]
3058178114,3360,151630,,,,,,,,,,1.547,460304.688,Device,,NVIDIA A100-SXM4-40GB MIG 4g.20gb (0),1,,13,[CUDA memset]
3058184994,3168,151635,,,,,,,,,,0.031,9878.770,Pinned,Device,NVIDIA A100-SXM4-40GB MIG 4g.20gb (0),1,,13,[CUDA memcpy Host-to-Device]
3058190690,9536,151636,,,,,,,,,,0.197,20617.298,Pinned,Device,NVIDIA A100-SXM4-40GB MIG 4g.20gb (0),1,,13,[CUDA memcpy Host-to-Device]
3058204354,6592,151637,273,1,1,8,4,1,39,0.002,0.000,,,,,NVIDIA A100-SXM4-40GB MIG 4g.20gb (0),1,,13,"void channel_eq::eqMmseCoefCompLowMimoKernel<float, float, float, (unsigned int)4, (unsigned int)1, (unsigned int)4>(const channel_eq::_puschRxChEqStatDescr *, channel_eq::_puschRxChEqCoefCompDynDescr)"
3058213858,7712,151638,273,1,1,12,11,1,51,0.002,0.000,,,,,NVIDIA A100-SXM4-40GB MIG 4g.20gb (0),1,,13,"void channel_eq::eqMmseSoftDemapKernel<float, __half, __half, float, (unsigned int)4, (unsigned short)16383>(channel_eq::_puschRxChEqStatDescr *, channel_eq::_puschRxChEqSoftDemapDynDescr)"
3058222594,282844,151639,1,1,1,32,32,1,30,0.000,0.000,,,,,NVIDIA A100-SXM4-40GB MIG 4g.20gb (0),1,,13,"void convert_kernel<float2, __half2>(tensor_layout_any, T1 *, tensor_layout_any, const T2 *)"
3058509534,11008,151651,2253,1,1,128,1,1,16,0.000,0.000,,,,,NVIDIA A100-SXM4-40GB MIG 4g.20gb (0),1,,13,cupy_copy__float16_float16
3058522782,3392,151660,282,1,1,128,1,1,16,0.000,0.000,,,,,NVIDIA A100-SXM4-40GB MIG 4g.20gb (0),1,,13,cupy_copy__complex64_complex64
3058527070,2048,151669,26,1,1,128,1,1,16,0.000,0.000,,,,,NVIDIA A100-SXM4-40GB MIG 4g.20gb (0),1,,13,cupy_copy__float32_float32
3058530238,3168,151678,103,1,1,128,1,1,16,0.000,0.000,,,,,NVIDIA A100-SXM4-40GB MIG 4g.20gb (0),1,,13,cupy_copy__complex64_complex64
3058534398,12128,151688,1434,1,1,128,1,1,16,0.000,0.000,,,,,NVIDIA A100-SXM4-40GB MIG 4g.20gb (0),1,,13,cupy_copy__complex64_complex64
3058554910,82239,151693,1,1,1,32,32,1,30,0.000,0.000,,,,,NVIDIA A100-SXM4-40GB MIG 4g.20gb (0),1,,13,"void convert_kernel<__half2, float2>(tensor_layout_any, T1 *, tensor_layout_any, const T2 *)"
3058663804,5408,151696,,,,,,,,,,0.094,17325.421,Pinned,Device,NVIDIA A100-SXM4-40GB MIG 4g.20gb (0),1,,13,[CUDA memcpy Host-to-Device]
3058673500,609273,151697,,,,,,,,,,456.561,749217.323,Device,,NVIDIA A100-SXM4-40GB MIG 4g.20gb (0),1,,13,[CUDA memset]
3059288085,70847,151702,,,,,,,,,,1.235,17430.000,Pinned,Device,NVIDIA A100-SXM4-40GB MIG 4g.20gb (0),1,,13,[CUDA memcpy Host-to-Device]
3059362772,14975,151703,,,,,,,,,,0.197,13128.892,Pinned,Device,NVIDIA A100-SXM4-40GB MIG 4g.20gb (0),1,,13,[CUDA memcpy Host-to-Device]
3059387859,8320,151704,69,4,1,48,1,1,76,0.002,0.000,,,,,NVIDIA A100-SXM4-40GB MIG 4g.20gb (0),1,,13,"void ch_est::windowedChEstPreNoDftSOfdmKernel<float, __half, float, (unsigned int)2, (unsigned int)1, (unsigned short)4>(ch_est::puschRxChEstStatDescr_t *, ch_est::puschRxChEstDynDescr_t *)"
3059399315,6336,151705,137,2,1,24,2,1,44,0.001,0.001,,,,,NVIDIA A100-SXM4-40GB MIG 4g.20gb (0),1,,13,"void ch_est::chEstFilterNoDftSOfdmDispatchKernel<float, __half, float, (unsigned int)2>(ch_est::puschRxChEstStatDescr_t *, ch_est::puschRxChEstDynDescr_t *)"
3059407539,6720,151706,137,2,1,24,2,1,44,0.001,0.001,,,,,NVIDIA A100-SXM4-40GB MIG 4g.20gb (0),1,,13,"void ch_est::chEstFilterNoDftSOfdmDispatchKernel<float, __half, float, (unsigned int)2>(ch_est::puschRxChEstStatDescr_t *, ch_est::puschRxChEstDynDescr_t *)"
3059418579,2624,151717,103,1,1,128,1,1,16,0.000,0.000,,,,,NVIDIA A100-SXM4-40GB MIG 4g.20gb (0),1,,13,cupy_copy__complex64_complex64
3059424787,12448,151727,1434,1,1,128,1,1,16,0.000,0.000,,,,,NVIDIA A100-SXM4-40GB MIG 4g.20gb (0),1,,13,cupy_copy__complex64_complex64
3059443891,3072,151734,103,1,1,128,1,1,16,0.000,0.000,,,,,NVIDIA A100-SXM4-40GB MIG 4g.20gb (0),1,,13,cupy_copy__complex64_complex64
3059449875,88990,151741,1,1,1,32,32,1,30,0.000,0.000,,,,,NVIDIA A100-SXM4-40GB MIG 4g.20gb (0),1,,13,"void convert_kernel<__half2, float2>(tensor_layout_any, T1 *, tensor_layout_any, const T2 *)"
3059566321,9248,151744,,,,,,,,,,0.094,10131.442,Pinned,Device,NVIDIA A100-SXM4-40GB MIG 4g.20gb (0),1,,13,[CUDA memcpy Host-to-Device]
3059580881,47583,151745,,,,,,,,,,35.810,752545.469,Device,,NVIDIA A100-SXM4-40GB MIG 4g.20gb (0),1,,13,[CUDA memset]
3059635216,4576,151747,,,,,,,,,,0.000,17.482,Pinned,Device,NVIDIA A100-SXM4-40GB MIG 4g.20gb (0),1,,13,[CUDA memcpy Host-to-Device]
3059644112,11712,151748,,,,,,,,,,0.197,16786.784,Pinned,Device,NVIDIA A100-SXM4-40GB MIG 4g.20gb (0),1,,13,[CUDA memcpy Host-to-Device]
3059661584,9344,151749,273,1,1,48,1,1,40,0.000,0.001,,,,,NVIDIA A100-SXM4-40GB MIG 4g.20gb (0),1,,13,"void pusch_noise_intf_est::noiseIntfEstNoDftSOfdmKernel<float, __half, float, float, (unsigned int)2, (unsigned int)1, (unsigned char)4, (unsigned char)4>(pusch_noise_intf_est::puschRxNoiseIntfEstDynDescr)"
3059676240,2944,151760,35,1,1,128,1,1,16,0.000,0.000,,,,,NVIDIA A100-SXM4-40GB MIG 4g.20gb (0),1,,13,cupy_copy__complex64_complex64
3059689264,1984,151769,1,1,1,1,1,1,18,0.000,0.000,,,,,NVIDIA A100-SXM4-40GB MIG 4g.20gb (0),1,,13,cupy_copy__float32_float32
3059720335,1664,151775,,,,,,,,,,0.000,2.404,Device,Pageable,NVIDIA A100-SXM4-40GB MIG 4g.20gb (0),1,,7,[CUDA memcpy Device-to-Host]
3059780430,12800,151786,1434,1,1,128,1,1,16,0.000,0.000,,,,,NVIDIA A100-SXM4-40GB MIG 4g.20gb (0),1,,13,cupy_copy__complex64_complex64
3059812462,3424,151793,103,1,1,128,1,1,16,0.000,0.000,,,,,NVIDIA A100-SXM4-40GB MIG 4g.20gb (0),1,,13,cupy_copy__complex64_complex64
3059833230,2592,151800,35,1,1,128,1,1,16,0.000,0.000,,,,,NVIDIA A100-SXM4-40GB MIG 4g.20gb (0),1,,13,cupy_copy__complex64_complex64
3059849806,1760,151807,1,1,1,1,1,1,18,0.000,0.000,,,,,NVIDIA A100-SXM4-40GB MIG 4g.20gb (0),1,,13,cupy_copy__float32_float32
3059980556,87583,151818,1,1,1,32,32,1,30,0.000,0.000,,,,,NVIDIA A100-SXM4-40GB MIG 4g.20gb (0),1,,13,"void convert_kernel<__half2, float2>(tensor_layout_any, T1 *, tensor_layout_any, const T2 *)"
3060095179,5568,151821,,,,,,,,,,0.094,16827.521,Pinned,Device,NVIDIA A100-SXM4-40GB MIG 4g.20gb (0),1,,13,[CUDA memcpy Host-to-Device]
3060109930,3424,151822,,,,,,,,,,1.547,451700.819,Device,,NVIDIA A100-SXM4-40GB MIG 4g.20gb (0),1,,13,[CUDA memset]
3060116906,3040,151827,,,,,,,,,,0.031,10294.725,Pinned,Device,NVIDIA A100-SXM4-40GB MIG 4g.20gb (0),1,,13,[CUDA memcpy Host-to-Device]
3060122506,9600,151828,,,,,,,,,,0.197,20479.869,Pinned,Device,NVIDIA A100-SXM4-40GB MIG 4g.20gb (0),1,,13,[CUDA memcpy Host-to-Device]
3060135978,6208,151829,273,1,1,8,4,1,39,0.002,0.000,,,,,NVIDIA A100-SXM4-40GB MIG 4g.20gb (0),1,,13,"void channel_eq::eqMmseCoefCompLowMimoKernel<float, float, float, (unsigned int)4, (unsigned int)1, (unsigned int)4>(const channel_eq::_puschRxChEqStatDescr *, channel_eq::_puschRxChEqCoefCompDynDescr)"
3060143274,6240,151830,273,1,1,12,11,1,51,0.002,0.000,,,,,NVIDIA A100-SXM4-40GB MIG 4g.20gb (0),1,,13,"void channel_eq::eqMmseSoftDemapKernel<float, __half, __half, float, (unsigned int)4, (unsigned short)16383>(channel_eq::_puschRxChEqStatDescr *, channel_eq::_puschRxChEqSoftDemapDynDescr)"
3060150634,282332,151831,1,1,1,32,32,1,30,0.000,0.000,,,,,NVIDIA A100-SXM4-40GB MIG 4g.20gb (0),1,,13,"void convert_kernel<float2, __half2>(tensor_layout_any, T1 *, tensor_layout_any, const T2 *)"
3060434214,11008,151843,2253,1,1,128,1,1,16,0.000,0.000,,,,,NVIDIA A100-SXM4-40GB MIG 4g.20gb (0),1,,13,cupy_copy__float16_float16
3060446214,3136,151852,282,1,1,128,1,1,16,0.000,0.000,,,,,NVIDIA A100-SXM4-40GB MIG 4g.20gb (0),1,,13,cupy_copy__complex64_complex64
3060450438,2048,151861,26,1,1,128,1,1,16,0.000,0.000,,,,,NVIDIA A100-SXM4-40GB MIG 4g.20gb (0),1,,13,cupy_copy__float32_float32
3060453478,3264,151870,103,1,1,128,1,1,16,0.000,0.000,,,,,NVIDIA A100-SXM4-40GB MIG 4g.20gb (0),1,,13,cupy_copy__complex64_complex64
3060458310,12096,151880,1434,1,1,128,1,1,16,0.000,0.000,,,,,NVIDIA A100-SXM4-40GB MIG 4g.20gb (0),1,,13,cupy_copy__complex64_complex64
3060487046,87103,151885,1,1,1,32,32,1,30,0.000,0.000,,,,,NVIDIA A100-SXM4-40GB MIG 4g.20gb (0),1,,13,"void convert_kernel<__half2, float2>(tensor_layout_any, T1 *, tensor_layout_any, const T2 *)"
3060601860,5472,151888,,,,,,,,,,0.094,17122.757,Pinned,Device,NVIDIA A100-SXM4-40GB MIG 4g.20gb (0),1,,13,[CUDA memcpy Host-to-Device]
3060611812,600537,151889,,,,,,,,,,456.561,760174.798,Device,,NVIDIA A100-SXM4-40GB MIG 4g.20gb (0),1,,13,[CUDA memset]
3061219325,72255,151894,,,,,,,,,,1.235,17090.390,Pinned,Device,NVIDIA A100-SXM4-40GB MIG 4g.20gb (0),1,,13,[CUDA memcpy Host-to-Device]
3061295932,15200,151895,,,,,,,,,,0.197,12934.644,Pinned,Device,NVIDIA A100-SXM4-40GB MIG 4g.20gb (0),1,,13,[CUDA memcpy Host-to-Device]
3061317851,8480,151896,69,4,1,48,1,1,76,0.002,0.000,,,,,NVIDIA A100-SXM4-40GB MIG 4g.20gb (0),1,,13,"void ch_est::windowedChEstPreNoDftSOfdmKernel<float, __half, float, (unsigned int)2, (unsigned int)1, (unsigned short)4>(ch_est::puschRxChEstStatDescr_t *, ch_est::puschRxChEstDynDescr_t *)"
3061329723,7072,151897,137,2,1,24,2,1,44,0.001,0.001,,,,,NVIDIA A100-SXM4-40GB MIG 4g.20gb (0),1,,13,"void ch_est::chEstFilterNoDftSOfdmDispatchKernel<float, __half, float, (unsigned int)2>(ch_est::puschRxChEstStatDescr_t *, ch_est::puschRxChEstDynDescr_t *)"
3061342395,5120,151898,137,2,1,24,2,1,44,0.001,0.001,,,,,NVIDIA A100-SXM4-40GB MIG 4g.20gb (0),1,,13,"void ch_est::chEstFilterNoDftSOfdmDispatchKernel<float, __half, float, (unsigned int)2>(ch_est::puschRxChEstStatDescr_t *, ch_est::puschRxChEstDynDescr_t *)"
3061353339,2688,151909,103,1,1,128,1,1,16,0.000,0.000,,,,,NVIDIA A100-SXM4-40GB MIG 4g.20gb (0),1,,13,cupy_copy__complex64_complex64
3061359227,12384,151919,1434,1,1,128,1,1,16,0.000,0.000,,,,,NVIDIA A100-SXM4-40GB MIG 4g.20gb (0),1,,13,cupy_copy__complex64_complex64
3061375323,2560,151926,103,1,1,128,1,1,16,0.000,0.000,,,,,NVIDIA A100-SXM4-40GB MIG 4g.20gb (0),1,,13,cupy_copy__complex64_complex64
3061381915,83935,151933,1,1,1,32,32,1,30,0.000,0.000,,,,,NVIDIA A100-SXM4-40GB MIG 4g.20gb (0),1,,13,"void convert_kernel<__half2, float2>(tensor_layout_any, T1 *, tensor_layout_any, const T2 *)"
3061494009,8768,151936,,,,,,,,,,0.094,10686.122,Pinned,Device,NVIDIA A100-SXM4-40GB MIG 4g.20gb (0),1,,13,[CUDA memcpy Host-to-Device]
3061509913,47136,151937,,,,,,,,,,35.810,759707.453,Device,,NVIDIA A100-SXM4-40GB MIG 4g.20gb (0),1,,13,[CUDA memset]
3061561976,3264,151939,,,,,,,,,,0.000,24.510,Pinned,Device,NVIDIA A100-SXM4-40GB MIG 4g.20gb (0),1,,13,[CUDA memcpy Host-to-Device]
3061569048,13152,151940,,,,,,,,,,0.197,14948.893,Pinned,Device,NVIDIA A100-SXM4-40GB MIG 4g.20gb (0),1,,13,[CUDA memcpy Host-to-Device]
3061588088,11168,151941,273,1,1,48,1,1,40,0.000,0.001,,,,,NVIDIA A100-SXM4-40GB MIG 4g.20gb (0),1,,13,"void pusch_noise_intf_est::noiseIntfEstNoDftSOfdmKernel<float, __half, float, float, (unsigned int)2, (unsigned int)1, (unsigned char)4, (unsigned char)4>(pusch_noise_intf_est::puschRxNoiseIntfEstDynDescr)"
3061602616,2976,151952,35,1,1,128,1,1,16,0.000,0.000,,,,,NVIDIA A100-SXM4-40GB MIG 4g.20gb (0),1,,13,cupy_copy__complex64_complex64
3061614552,1888,151961,1,1,1,1,1,1,18,0.000,0.000,,,,,NVIDIA A100-SXM4-40GB MIG 4g.20gb (0),1,,13,cupy_copy__float32_float32
3061646167,1696,151967,,,,,,,,,,0.000,2.358,Device,Pageable,NVIDIA A100-SXM4-40GB MIG 4g.20gb (0),1,,7,[CUDA memcpy Device-to-Host]
3061708887,12735,151978,1434,1,1,128,1,1,16,0.000,0.000,,,,,NVIDIA A100-SXM4-40GB MIG 4g.20gb (0),1,,13,cupy_copy__complex64_complex64
3061736214,3040,151985,103,1,1,128,1,1,16,0.000,0.000,,,,,NVIDIA A100-SXM4-40GB MIG 4g.20gb (0),1,,13,cupy_copy__complex64_complex64
3061757974,2528,151992,35,1,1,128,1,1,16,0.000,0.000,,,,,NVIDIA A100-SXM4-40GB MIG 4g.20gb (0),1,,13,cupy_copy__complex64_complex64
3061774358,1760,151999,1,1,1,1,1,1,18,0.000,0.000,,,,,NVIDIA A100-SXM4-40GB MIG 4g.20gb (0),1,,13,cupy_copy__float32_float32
3061906132,87103,152010,1,1,1,32,32,1,30,0.000,0.000,,,,,NVIDIA A100-SXM4-40GB MIG 4g.20gb (0),1,,13,"void convert_kernel<__half2, float2>(tensor_layout_any, T1 *, tensor_layout_any, const T2 *)"
3062022963,5600,152013,,,,,,,,,,0.094,16731.388,Pinned,Device,NVIDIA A100-SXM4-40GB MIG 4g.20gb (0),1,,13,[CUDA memcpy Host-to-Device]
3062038035,3584,152014,,,,,,,,,,1.547,431534.389,Device,,NVIDIA A100-SXM4-40GB MIG 4g.20gb (0),1,,13,[CUDA memset]
3062044211,3103,152019,,,,,,,,,,0.031,10085.699,Pinned,Device,NVIDIA A100-SXM4-40GB MIG 4g.20gb (0),1,,13,[CUDA memcpy Host-to-Device]
3062049746,9408,152020,,,,,,,,,,0.197,20897.858,Pinned,Device,NVIDIA A100-SXM4-40GB MIG 4g.20gb (0),1,,13,[CUDA memcpy Host-to-Device]
3062063058,6464,152021,273,1,1,8,4,1,39,0.002,0.000,,,,,NVIDIA A100-SXM4-40GB MIG 4g.20gb (0),1,,13,"void channel_eq::eqMmseCoefCompLowMimoKernel<float, float, float, (unsigned int)4, (unsigned int)1, (unsigned int)4>(const channel_eq::_puschRxChEqStatDescr *, channel_eq::_puschRxChEqCoefCompDynDescr)"
3062072082,6144,152022,273,1,1,12,11,1,51,0.002,0.000,,,,,NVIDIA A100-SXM4-40GB MIG 4g.20gb (0),1,,13,"void channel_eq::eqMmseSoftDemapKernel<float, __half, __half, float, (unsigned int)4, (unsigned short)16383>(channel_eq::_puschRxChEqStatDescr *, channel_eq::_puschRxChEqSoftDemapDynDescr)"
3062079314,282717,152023,1,1,1,32,32,1,30,0.000,0.000,,,,,NVIDIA A100-SXM4-40GB MIG 4g.20gb (0),1,,13,"void convert_kernel<float2, __half2>(tensor_layout_any, T1 *, tensor_layout_any, const T2 *)"
3062362991,10623,152035,2253,1,1,128,1,1,16,0.000,0.000,,,,,NVIDIA A100-SXM4-40GB MIG 4g.20gb (0),1,,13,cupy_copy__float16_float16
3062376366,3712,152044,282,1,1,128,1,1,16,0.000,0.000,,,,,NVIDIA A100-SXM4-40GB MIG 4g.20gb (0),1,,13,cupy_copy__complex64_complex64
3062382926,2112,152053,26,1,1,128,1,1,16,0.000,0.000,,,,,NVIDIA A100-SXM4-40GB MIG 4g.20gb (0),1,,13,cupy_copy__float32_float32
3062385998,2976,152062,103,1,1,128,1,1,16,0.000,0.000,,,,,NVIDIA A100-SXM4-40GB MIG 4g.20gb (0),1,,13,cupy_copy__complex64_complex64
3062436430,12256,152078,1434,1,1,128,1,1,16,0.000,0.000,,,,,NVIDIA A100-SXM4-40GB MIG 4g.20gb (0),1,,13,cupy_copy__complex64_complex64
3062556492,82047,152083,1,1,1,32,32,1,30,0.000,0.000,,,,,NVIDIA A100-SXM4-40GB MIG 4g.20gb (0),1,,13,"void convert_kernel<__half2, float2>(tensor_layout_any, T1 *, tensor_layout_any, const T2 *)"
3062665867,5376,152086,,,,,,,,,,0.094,17428.487,Pinned,Device,NVIDIA A100-SXM4-40GB MIG 4g.20gb (0),1,,13,[CUDA memcpy Host-to-Device]
3062676587,616632,152087,,,,,,,,,,456.561,740086.094,Device,,NVIDIA A100-SXM4-40GB MIG 4g.20gb (0),1,,13,[CUDA memset]
3063296899,71807,152092,,,,,,,,,,1.235,17197.830,Pinned,Device,NVIDIA A100-SXM4-40GB MIG 4g.20gb (0),1,,13,[CUDA memcpy Host-to-Device]
3063372610,14560,152093,,,,,,,,,,0.197,13503.234,Pinned,Device,NVIDIA A100-SXM4-40GB MIG 4g.20gb (0),1,,13,[CUDA memcpy Host-to-Device]
3063396258,8448,152094,69,4,1,48,1,1,76,0.002,0.000,,,,,NVIDIA A100-SXM4-40GB MIG 4g.20gb (0),1,,13,"void ch_est::windowedChEstPreNoDftSOfdmKernel<float, __half, float, (unsigned int)2, (unsigned int)1, (unsigned short)4>(ch_est::puschRxChEstStatDescr_t *, ch_est::puschRxChEstDynDescr_t *)"
3063407682,6688,152095,137,2,1,24,2,1,44,0.001,0.001,,,,,NVIDIA A100-SXM4-40GB MIG 4g.20gb (0),1,,13,"void ch_est::chEstFilterNoDftSOfdmDispatchKernel<float, __half, float, (unsigned int)2>(ch_est::puschRxChEstStatDescr_t *, ch_est::puschRxChEstDynDescr_t *)"
3063417090,5183,152096,137,2,1,24,2,1,44,0.001,0.001,,,,,NVIDIA A100-SXM4-40GB MIG 4g.20gb (0),1,,13,"void ch_est::chEstFilterNoDftSOfdmDispatchKernel<float, __half, float, (unsigned int)2>(ch_est::puschRxChEstStatDescr_t *, ch_est::puschRxChEstDynDescr_t *)"
3063428353,2688,152107,103,1,1,128,1,1,16,0.000,0.000,,,,,NVIDIA A100-SXM4-40GB MIG 4g.20gb (0),1,,13,cupy_copy__complex64_complex64
3063433569,12448,152117,1434,1,1,128,1,1,16,0.000,0.000,,,,,NVIDIA A100-SXM4-40GB MIG 4g.20gb (0),1,,13,cupy_copy__complex64_complex64
3063447265,2592,152124,103,1,1,128,1,1,16,0.000,0.000,,,,,NVIDIA A100-SXM4-40GB MIG 4g.20gb (0),1,,13,cupy_copy__complex64_complex64
3063455073,83775,152131,1,1,1,32,32,1,30,0.000,0.000,,,,,NVIDIA A100-SXM4-40GB MIG 4g.20gb (0),1,,13,"void convert_kernel<__half2, float2>(tensor_layout_any, T1 *, tensor_layout_any, const T2 *)"
3063567808,6816,152134,,,,,,,,,,0.094,13746.421,Pinned,Device,NVIDIA A100-SXM4-40GB MIG 4g.20gb (0),1,,13,[CUDA memcpy Host-to-Device]
3063580928,47903,152135,,,,,,,,,,35.810,747532.080,Device,,NVIDIA A100-SXM4-40GB MIG 4g.20gb (0),1,,13,[CUDA memset]
3063632095,2240,152137,,,,,,,,,,0.000,35.714,Pinned,Device,NVIDIA A100-SXM4-40GB MIG 4g.20gb (0),1,,13,[CUDA memcpy Host-to-Device]
3063636799,9888,152138,,,,,,,,,,0.197,19883.360,Pinned,Device,NVIDIA A100-SXM4-40GB MIG 4g.20gb (0),1,,13,[CUDA memcpy Host-to-Device]
3063652031,11263,152139,273,1,1,48,1,1,40,0.000,0.001,,,,,NVIDIA A100-SXM4-40GB MIG 4g.20gb (0),1,,13,"void pusch_noise_intf_est::noiseIntfEstNoDftSOfdmKernel<float, __half, float, float, (unsigned int)2, (unsigned int)1, (unsigned char)4, (unsigned char)4>(pusch_noise_intf_est::puschRxNoiseIntfEstDynDescr)"
3063666686,3264,152150,35,1,1,128,1,1,16,0.000,0.000,,,,,NVIDIA A100-SXM4-40GB MIG 4g.20gb (0),1,,13,cupy_copy__complex64_complex64
3063686206,2176,152159,1,1,1,1,1,1,18,0.000,0.000,,,,,NVIDIA A100-SXM4-40GB MIG 4g.20gb (0),1,,13,cupy_copy__float32_float32
3063722430,1568,152165,,,,,,,,,,0.000,2.551,Device,Pageable,NVIDIA A100-SXM4-40GB MIG 4g.20gb (0),1,,7,[CUDA memcpy Device-to-Host]
3063782525,12832,152176,1434,1,1,128,1,1,16,0.000,0.000,,,,,NVIDIA A100-SXM4-40GB MIG 4g.20gb (0),1,,13,cupy_copy__complex64_complex64
3063809853,2816,152183,103,1,1,128,1,1,16,0.000,0.000,,,,,NVIDIA A100-SXM4-40GB MIG 4g.20gb (0),1,,13,cupy_copy__complex64_complex64
3063831260,2560,152190,35,1,1,128,1,1,16,0.000,0.000,,,,,NVIDIA A100-SXM4-40GB MIG 4g.20gb (0),1,,13,cupy_copy__complex64_complex64
3063848508,1760,152197,1,1,1,1,1,1,18,0.000,0.000,,,,,NVIDIA A100-SXM4-40GB MIG 4g.20gb (0),1,,13,cupy_copy__float32_float32
3063980635,82271,152208,1,1,1,32,32,1,30,0.000,0.000,,,,,NVIDIA A100-SXM4-40GB MIG 4g.20gb (0),1,,13,"void convert_kernel<__half2, float2>(tensor_layout_any, T1 *, tensor_layout_any, const T2 *)"
3064089785,5632,152211,,,,,,,,,,0.094,16636.287,Pinned,Device,NVIDIA A100-SXM4-40GB MIG 4g.20gb (0),1,,13,[CUDA memcpy Host-to-Device]
3064103897,3264,152212,,,,,,,,,,1.547,473842.288,Device,,NVIDIA A100-SXM4-40GB MIG 4g.20gb (0),1,,13,[CUDA memset]
3064110457,3008,152217,,,,,,,,,,0.031,10404.230,Pinned,Device,NVIDIA A100-SXM4-40GB MIG 4g.20gb (0),1,,13,[CUDA memcpy Host-to-Device]
3064116121,9376,152218,,,,,,,,,,0.197,20969.226,Pinned,Device,NVIDIA A100-SXM4-40GB MIG 4g.20gb (0),1,,13,[CUDA memcpy Host-to-Device]
3064130681,6048,152219,273,1,1,8,4,1,39,0.002,0.000,,,,,NVIDIA A100-SXM4-40GB MIG 4g.20gb (0),1,,13,"void channel_eq::eqMmseCoefCompLowMimoKernel<float, float, float, (unsigned int)4, (unsigned int)1, (unsigned int)4>(const channel_eq::_puschRxChEqStatDescr *, channel_eq::_puschRxChEqCoefCompDynDescr)"
3064137849,6304,152220,273,1,1,12,11,1,51,0.002,0.000,,,,,NVIDIA A100-SXM4-40GB MIG 4g.20gb (0),1,,13,"void channel_eq::eqMmseSoftDemapKernel<float, __half, __half, float, (unsigned int)4, (unsigned short)16383>(channel_eq::_puschRxChEqStatDescr *, channel_eq::_puschRxChEqSoftDemapDynDescr)"
3064145241,282588,152221,1,1,1,32,32,1,30,0.000,0.000,,,,,NVIDIA A100-SXM4-40GB MIG 4g.20gb (0),1,,13,"void convert_kernel<float2, __half2>(tensor_layout_any, T1 *, tensor_layout_any, const T2 *)"
3064428789,11040,152233,2253,1,1,128,1,1,16,0.000,0.000,,,,,NVIDIA A100-SXM4-40GB MIG 4g.20gb (0),1,,13,cupy_copy__float16_float16
3064444213,2656,152242,282,1,1,128,1,1,16,0.000,0.000,,,,,NVIDIA A100-SXM4-40GB MIG 4g.20gb (0),1,,13,cupy_copy__complex64_complex64
3064449717,2016,152251,26,1,1,128,1,1,16,0.000,0.000,,,,,NVIDIA A100-SXM4-40GB MIG 4g.20gb (0),1,,13,cupy_copy__float32_float32
3064453973,3232,152260,103,1,1,128,1,1,16,0.000,0.000,,,,,NVIDIA A100-SXM4-40GB MIG 4g.20gb (0),1,,13,cupy_copy__complex64_complex64
3064458901,11872,152270,1434,1,1,128,1,1,16,0.000,0.000,,,,,NVIDIA A100-SXM4-40GB MIG 4g.20gb (0),1,,13,cupy_copy__complex64_complex64
3064488020,82271,152275,1,1,1,32,32,1,30,0.000,0.000,,,,,NVIDIA A100-SXM4-40GB MIG 4g.20gb (0),1,,13,"void convert_kernel<__half2, float2>(tensor_layout_any, T1 *, tensor_layout_any, const T2 *)"
3064597075,5440,152278,,,,,,,,,,0.094,17223.480,Pinned,Device,NVIDIA A100-SXM4-40GB MIG 4g.20gb (0),1,,13,[CUDA memcpy Host-to-Device]
3064607539,607096,152279,,,,,,,,,,456.561,751956.692,Device,,NVIDIA A100-SXM4-40GB MIG 4g.20gb (0),1,,13,[CUDA memset]
3065223115,70399,152284,,,,,,,,,,1.235,17541.145,Pinned,Device,NVIDIA A100-SXM4-40GB MIG 4g.20gb (0),1,,13,[CUDA memcpy Host-to-Device]
3065297066,15424,152285,,,,,,,,,,0.197,12746.883,Pinned,Device,NVIDIA A100-SXM4-40GB MIG 4g.20gb (0),1,,13,[CUDA memcpy Host-to-Device]
3065323274,7616,152286,69,4,1,48,1,1,76,0.002,0.000,,,,,NVIDIA A100-SXM4-40GB MIG 4g.20gb (0),1,,13,"void ch_est::windowedChEstPreNoDftSOfdmKernel<float, __half, float, (unsigned int)2, (unsigned int)1, (unsigned short)4>(ch_est::puschRxChEstStatDescr_t *, ch_est::puschRxChEstDynDescr_t *)"
3065335370,6688,152287,137,2,1,24,2,1,44,0.001,0.001,,,,,NVIDIA A100-SXM4-40GB MIG 4g.20gb (0),1,,13,"void ch_est::chEstFilterNoDftSOfdmDispatchKernel<float, __half, float, (unsigned int)2>(ch_est::puschRxChEstStatDescr_t *, ch_est::puschRxChEstDynDescr_t *)"
3065345738,5312,152288,137,2,1,24,2,1,44,0.001,0.001,,,,,NVIDIA A100-SXM4-40GB MIG 4g.20gb (0),1,,13,"void ch_est::chEstFilterNoDftSOfdmDispatchKernel<float, __half, float, (unsigned int)2>(ch_est::puschRxChEstStatDescr_t *, ch_est::puschRxChEstDynDescr_t *)"
3065356970,2592,152299,103,1,1,128,1,1,16,0.000,0.000,,,,,NVIDIA A100-SXM4-40GB MIG 4g.20gb (0),1,,13,cupy_copy__complex64_complex64
3065363561,12384,152309,1434,1,1,128,1,1,16,0.000,0.000,,,,,NVIDIA A100-SXM4-40GB MIG 4g.20gb (0),1,,13,cupy_copy__complex64_complex64
3065379657,2688,152316,103,1,1,128,1,1,16,0.000,0.000,,,,,NVIDIA A100-SXM4-40GB MIG 4g.20gb (0),1,,13,cupy_copy__complex64_complex64
3065385257,85663,152323,1,1,1,32,32,1,30,0.000,0.000,,,,,NVIDIA A100-SXM4-40GB MIG 4g.20gb (0),1,,13,"void convert_kernel<__half2, float2>(tensor_layout_any, T1 *, tensor_layout_any, const T2 *)"
3065498984,7936,152326,,,,,,,,,,0.094,11806.446,Pinned,Device,NVIDIA A100-SXM4-40GB MIG 4g.20gb (0),1,,13,[CUDA memcpy Host-to-Device]
3065515336,47807,152327,,,,,,,,,,35.810,749036.097,Device,,NVIDIA A100-SXM4-40GB MIG 4g.20gb (0),1,,13,[CUDA memset]
3065570247,2304,152329,,,,,,,,,,0.000,34.722,Pinned,Device,NVIDIA A100-SXM4-40GB MIG 4g.20gb (0),1,,13,[CUDA memcpy Host-to-Device]
3065575495,10656,152330,,,,,,,,,,0.197,18450.285,Pinned,Device,NVIDIA A100-SXM4-40GB MIG 4g.20gb (0),1,,13,[CUDA memcpy Host-to-Device]
3065591943,10592,152331,273,1,1,48,1,1,40,0.000,0.001,,,,,NVIDIA A100-SXM4-40GB MIG 4g.20gb (0),1,,13,"void pusch_noise_intf_est::noiseIntfEstNoDftSOfdmKernel<float, __half, float, float, (unsigned int)2, (unsigned int)1, (unsigned char)4, (unsigned char)4>(pusch_noise_intf_est::puschRxNoiseIntfEstDynDescr)"
3065605670,2912,152342,35,1,1,128,1,1,16,0.000,0.000,,,,,NVIDIA A100-SXM4-40GB MIG 4g.20gb (0),1,,13,cupy_copy__complex64_complex64
3065620582,2016,152351,1,1,1,1,1,1,18,0.000,0.000,,,,,NVIDIA A100-SXM4-40GB MIG 4g.20gb (0),1,,13,cupy_copy__float32_float32
3065657798,1600,152357,,,,,,,,,,0.000,2.500,Device,Pageable,NVIDIA A100-SXM4-40GB MIG 4g.20gb (0),1,,7,[CUDA memcpy Device-to-Host]
3065717029,12832,152368,1434,1,1,128,1,1,16,0.000,0.000,,,,,NVIDIA A100-SXM4-40GB MIG 4g.20gb (0),1,,13,cupy_copy__complex64_complex64
3065743461,2624,152375,103,1,1,128,1,1,16,0.000,0.000,,,,,NVIDIA A100-SXM4-40GB MIG 4g.20gb (0),1,,13,cupy_copy__complex64_complex64
3065763973,2175,152382,35,1,1,128,1,1,16,0.000,0.000,,,,,NVIDIA A100-SXM4-40GB MIG 4g.20gb (0),1,,13,cupy_copy__complex64_complex64
3065782052,1792,152389,1,1,1,1,1,1,18,0.000,0.000,,,,,NVIDIA A100-SXM4-40GB MIG 4g.20gb (0),1,,13,cupy_copy__float32_float32
3065913411,88159,152400,1,1,1,32,32,1,30,0.000,0.000,,,,,NVIDIA A100-SXM4-40GB MIG 4g.20gb (0),1,,13,"void convert_kernel<__half2, float2>(tensor_layout_any, T1 *, tensor_layout_any, const T2 *)"
3066029057,5472,152403,,,,,,,,,,0.094,17122.757,Pinned,Device,NVIDIA A100-SXM4-40GB MIG 4g.20gb (0),1,,13,[CUDA memcpy Host-to-Device]
3066043105,3232,152404,,,,,,,,,,1.547,478533.199,Device,,NVIDIA A100-SXM4-40GB MIG 4g.20gb (0),1,,13,[CUDA memset]
3066050273,3040,152409,,,,,,,,,,0.031,10294.725,Pinned,Device,NVIDIA A100-SXM4-40GB MIG 4g.20gb (0),1,,13,[CUDA memcpy Host-to-Device]
3066055745,9344,152410,,,,,,,,,,0.197,21040.988,Pinned,Device,NVIDIA A100-SXM4-40GB MIG 4g.20gb (0),1,,13,[CUDA memcpy Host-to-Device]
3066070689,6592,152411,273,1,1,8,4,1,39,0.002,0.000,,,,,NVIDIA A100-SXM4-40GB MIG 4g.20gb (0),1,,13,"void channel_eq::eqMmseCoefCompLowMimoKernel<float, float, float, (unsigned int)4, (unsigned int)1, (unsigned int)4>(const channel_eq::_puschRxChEqStatDescr *, channel_eq::_puschRxChEqCoefCompDynDescr)"
3066078273,6016,152412,273,1,1,12,11,1,51,0.002,0.000,,,,,NVIDIA A100-SXM4-40GB MIG 4g.20gb (0),1,,13,"void channel_eq::eqMmseSoftDemapKernel<float, __half, __half, float, (unsigned int)4, (unsigned short)16383>(channel_eq::_puschRxChEqStatDescr *, channel_eq::_puschRxChEqSoftDemapDynDescr)"
3066085249,282844,152413,1,1,1,32,32,1,30,0.000,0.000,,,,,NVIDIA A100-SXM4-40GB MIG 4g.20gb (0),1,,13,"void convert_kernel<float2, __half2>(tensor_layout_any, T1 *, tensor_layout_any, const T2 *)"
3066369213,11200,152425,2253,1,1,128,1,1,16,0.000,0.000,,,,,NVIDIA A100-SXM4-40GB MIG 4g.20gb (0),1,,13,cupy_copy__float16_float16
3066384157,3008,152434,282,1,1,128,1,1,16,0.000,0.000,,,,,NVIDIA A100-SXM4-40GB MIG 4g.20gb (0),1,,13,cupy_copy__complex64_complex64
3066388445,2144,152443,26,1,1,128,1,1,16,0.000,0.000,,,,,NVIDIA A100-SXM4-40GB MIG 4g.20gb (0),1,,13,cupy_copy__float32_float32
3066391645,2784,152452,103,1,1,128,1,1,16,0.000,0.000,,,,,NVIDIA A100-SXM4-40GB MIG 4g.20gb (0),1,,13,cupy_copy__complex64_complex64
3066397341,12128,152462,1434,1,1,128,1,1,16,0.000,0.000,,,,,NVIDIA A100-SXM4-40GB MIG 4g.20gb (0),1,,13,cupy_copy__complex64_complex64
3066419932,87807,152467,1,1,1,32,32,1,30,0.000,0.000,,,,,NVIDIA A100-SXM4-40GB MIG 4g.20gb (0),1,,13,"void convert_kernel<__half2, float2>(tensor_layout_any, T1 *, tensor_layout_any, const T2 *)"
3066535387,5376,152470,,,,,,,,,,0.094,17428.487,Pinned,Device,NVIDIA A100-SXM4-40GB MIG 4g.20gb (0),1,,13,[CUDA memcpy Host-to-Device]
3066545563,600920,152471,,,,,,,,,,456.561,759718.236,Device,,NVIDIA A100-SXM4-40GB MIG 4g.20gb (0),1,,13,[CUDA memset]
3067154035,68511,152476,,,,,,,,,,1.235,18025.243,Pinned,Device,NVIDIA A100-SXM4-40GB MIG 4g.20gb (0),1,,13,[CUDA memcpy Host-to-Device]
3067226386,13984,152477,,,,,,,,,,0.197,14059.438,Pinned,Device,NVIDIA A100-SXM4-40GB MIG 4g.20gb (0),1,,13,[CUDA memcpy Host-to-Device]
3067246642,8480,152478,69,4,1,48,1,1,76,0.002,0.000,,,,,NVIDIA A100-SXM4-40GB MIG 4g.20gb (0),1,,13,"void ch_est::windowedChEstPreNoDftSOfdmKernel<float, __half, float, (unsigned int)2, (unsigned int)1, (unsigned short)4>(ch_est::puschRxChEstStatDescr_t *, ch_est::puschRxChEstDynDescr_t *)"
3067257938,6176,152479,137,2,1,24,2,1,44,0.001,0.001,,,,,NVIDIA A100-SXM4-40GB MIG 4g.20gb (0),1,,13,"void ch_est::chEstFilterNoDftSOfdmDispatchKernel<float, __half, float, (unsigned int)2>(ch_est::puschRxChEstStatDescr_t *, ch_est::puschRxChEstDynDescr_t *)"
3067266674,6528,152480,137,2,1,24,2,1,44,0.001,0.001,,,,,NVIDIA A100-SXM4-40GB MIG 4g.20gb (0),1,,13,"void ch_est::chEstFilterNoDftSOfdmDispatchKernel<float, __half, float, (unsigned int)2>(ch_est::puschRxChEstStatDescr_t *, ch_est::puschRxChEstDynDescr_t *)"
3067277874,2624,152491,103,1,1,128,1,1,16,0.000,0.000,,,,,NVIDIA A100-SXM4-40GB MIG 4g.20gb (0),1,,13,cupy_copy__complex64_complex64
3067283442,12352,152501,1434,1,1,128,1,1,16,0.000,0.000,,,,,NVIDIA A100-SXM4-40GB MIG 4g.20gb (0),1,,13,cupy_copy__complex64_complex64
3067299282,2656,152508,103,1,1,128,1,1,16,0.000,0.000,,,,,NVIDIA A100-SXM4-40GB MIG 4g.20gb (0),1,,13,cupy_copy__complex64_complex64
3067305361,92607,152515,1,1,1,32,32,1,30,0.000,0.000,,,,,NVIDIA A100-SXM4-40GB MIG 4g.20gb (0),1,,13,"void convert_kernel<__half2, float2>(tensor_layout_any, T1 *, tensor_layout_any, const T2 *)"
3067426992,8448,152518,,,,,,,,,,0.094,11090.889,Pinned,Device,NVIDIA A100-SXM4-40GB MIG 4g.20gb (0),1,,13,[CUDA memcpy Host-to-Device]
3067443600,46975,152519,,,,,,,,,,35.810,762285.767,Device,,NVIDIA A100-SXM4-40GB MIG 4g.20gb (0),1,,13,[CUDA memset]
3067492815,2368,152521,,,,,,,,,,0.000,33.784,Pinned,Device,NVIDIA A100-SXM4-40GB MIG 4g.20gb (0),1,,13,[CUDA memcpy Host-to-Device]
3067498543,12192,152522,,,,,,,,,,0.197,16125.788,Pinned,Device,NVIDIA A100-SXM4-40GB MIG 4g.20gb (0),1,,13,[CUDA memcpy Host-to-Device]
3067515823,10784,152523,273,1,1,48,1,1,40,0.000,0.001,,,,,NVIDIA A100-SXM4-40GB MIG 4g.20gb (0),1,,13,"void pusch_noise_intf_est::noiseIntfEstNoDftSOfdmKernel<float, __half, float, float, (unsigned int)2, (unsigned int)1, (unsigned char)4, (unsigned char)4>(pusch_noise_intf_est::puschRxNoiseIntfEstDynDescr)"
3067528367,3104,152534,35,1,1,128,1,1,16,0.000,0.000,,,,,NVIDIA A100-SXM4-40GB MIG 4g.20gb (0),1,,13,cupy_copy__complex64_complex64
3067549518,1888,152543,1,1,1,1,1,1,18,0.000,0.000,,,,,NVIDIA A100-SXM4-40GB MIG 4g.20gb (0),1,,13,cupy_copy__float32_float32
3067581550,1792,152549,,,,,,,,,,0.000,2.232,Device,Pageable,NVIDIA A100-SXM4-40GB MIG 4g.20gb (0),1,,7,[CUDA memcpy Device-to-Host]
3067641805,13088,152560,1434,1,1,128,1,1,16,0.000,0.000,,,,,NVIDIA A100-SXM4-40GB MIG 4g.20gb (0),1,,13,cupy_copy__complex64_complex64
3067667213,2816,152567,103,1,1,128,1,1,16,0.000,0.000,,,,,NVIDIA A100-SXM4-40GB MIG 4g.20gb (0),1,,13,cupy_copy__complex64_complex64
3067687629,2208,152574,35,1,1,128,1,1,16,0.000,0.000,,,,,NVIDIA A100-SXM4-40GB MIG 4g.20gb (0),1,,13,cupy_copy__complex64_complex64
3067705453,1791,152581,1,1,1,1,1,1,18,0.000,0.000,,,,,NVIDIA A100-SXM4-40GB MIG 4g.20gb (0),1,,13,cupy_copy__float32_float32
3067836843,87647,152592,1,1,1,32,32,1,30,0.000,0.000,,,,,NVIDIA A100-SXM4-40GB MIG 4g.20gb (0),1,,13,"void convert_kernel<__half2, float2>(tensor_layout_any, T1 *, tensor_layout_any, const T2 *)"
3067951433,5600,152595,,,,,,,,,,0.094,16731.388,Pinned,Device,NVIDIA A100-SXM4-40GB MIG 4g.20gb (0),1,,13,[CUDA memcpy Host-to-Device]
3067965257,3392,152596,,,,,,,,,,1.547,455961.768,Device,,NVIDIA A100-SXM4-40GB MIG 4g.20gb (0),1,,13,[CUDA memset]
3067972201,3008,152601,,,,,,,,,,0.031,10404.230,Pinned,Device,NVIDIA A100-SXM4-40GB MIG 4g.20gb (0),1,,13,[CUDA memcpy Host-to-Device]
3067977609,9504,152602,,,,,,,,,,0.197,20686.701,Pinned,Device,NVIDIA A100-SXM4-40GB MIG 4g.20gb (0),1,,13,[CUDA memcpy Host-to-Device]
3067992425,6112,152603,273,1,1,8,4,1,39,0.002,0.000,,,,,NVIDIA A100-SXM4-40GB MIG 4g.20gb (0),1,,13,"void channel_eq::eqMmseCoefCompLowMimoKernel<float, float, float, (unsigned int)4, (unsigned int)1, (unsigned int)4>(const channel_eq::_puschRxChEqStatDescr *, channel_eq::_puschRxChEqCoefCompDynDescr)"
3067999625,7680,152604,273,1,1,12,11,1,51,0.002,0.000,,,,,NVIDIA A100-SXM4-40GB MIG 4g.20gb (0),1,,13,"void channel_eq::eqMmseSoftDemapKernel<float, __half, __half, float, (unsigned int)4, (unsigned short)16383>(channel_eq::_puschRxChEqStatDescr *, channel_eq::_puschRxChEqSoftDemapDynDescr)"
3068008649,279580,152605,1,1,1,32,32,1,30,0.000,0.000,,,,,NVIDIA A100-SXM4-40GB MIG 4g.20gb (0),1,,13,"void convert_kernel<float2, __half2>(tensor_layout_any, T1 *, tensor_layout_any, const T2 *)"
3068290405,10944,152617,2253,1,1,128,1,1,16,0.000,0.000,,,,,NVIDIA A100-SXM4-40GB MIG 4g.20gb (0),1,,13,cupy_copy__float16_float16
3068302533,3104,152626,282,1,1,128,1,1,16,0.000,0.000,,,,,NVIDIA A100-SXM4-40GB MIG 4g.20gb (0),1,,13,cupy_copy__complex64_complex64
3068306981,2176,152635,26,1,1,128,1,1,16,0.000,0.000,,,,,NVIDIA A100-SXM4-40GB MIG 4g.20gb (0),1,,13,cupy_copy__float32_float32
3068311045,3232,152644,103,1,1,128,1,1,16,0.000,0.000,,,,,NVIDIA A100-SXM4-40GB MIG 4g.20gb (0),1,,13,cupy_copy__complex64_complex64
3068315397,12288,152654,1434,1,1,128,1,1,16,0.000,0.000,,,,,NVIDIA A100-SXM4-40GB MIG 4g.20gb (0),1,,13,cupy_copy__complex64_complex64
3068342309,81567,152659,1,1,1,32,32,1,30,0.000,0.000,,,,,NVIDIA A100-SXM4-40GB MIG 4g.20gb (0),1,,13,"void convert_kernel<__half2, float2>(tensor_layout_any, T1 *, tensor_layout_any, const T2 *)"
3068450403,5376,152662,,,,,,,,,,0.094,17428.487,Pinned,Device,NVIDIA A100-SXM4-40GB MIG 4g.20gb (0),1,,13,[CUDA memcpy Host-to-Device]
3068460419,604345,152663,,,,,,,,,,456.561,755152.622,Device,,NVIDIA A100-SXM4-40GB MIG 4g.20gb (0),1,,13,[CUDA memset]
3069073308,67167,152668,,,,,,,,,,1.235,18385.846,Pinned,Device,NVIDIA A100-SXM4-40GB MIG 4g.20gb (0),1,,13,[CUDA memcpy Host-to-Device]
3069143995,14880,152669,,,,,,,,,,0.197,13212.844,Pinned,Device,NVIDIA A100-SXM4-40GB MIG 4g.20gb (0),1,,13,[CUDA memcpy Host-to-Device]
3069166266,8128,152670,69,4,1,48,1,1,76,0.002,0.000,,,,,NVIDIA A100-SXM4-40GB MIG 4g.20gb (0),1,,13,"void ch_est::windowedChEstPreNoDftSOfdmKernel<float, __half, float, (unsigned int)2, (unsigned int)1, (unsigned short)4>(ch_est::puschRxChEstStatDescr_t *, ch_est::puschRxChEstDynDescr_t *)"
3069177818,6528,152671,137,2,1,24,2,1,44,0.001,0.001,,,,,NVIDIA A100-SXM4-40GB MIG 4g.20gb (0),1,,13,"void ch_est::chEstFilterNoDftSOfdmDispatchKernel<float, __half, float, (unsigned int)2>(ch_est::puschRxChEstStatDescr_t *, ch_est::puschRxChEstDynDescr_t *)"
3069189338,5184,152672,137,2,1,24,2,1,44,0.001,0.001,,,,,NVIDIA A100-SXM4-40GB MIG 4g.20gb (0),1,,13,"void ch_est::chEstFilterNoDftSOfdmDispatchKernel<float, __half, float, (unsigned int)2>(ch_est::puschRxChEstStatDescr_t *, ch_est::puschRxChEstDynDescr_t *)"
3069199962,2592,152683,103,1,1,128,1,1,16,0.000,0.000,,,,,NVIDIA A100-SXM4-40GB MIG 4g.20gb (0),1,,13,cupy_copy__complex64_complex64
3069205658,12704,152693,1434,1,1,128,1,1,16,0.000,0.000,,,,,NVIDIA A100-SXM4-40GB MIG 4g.20gb (0),1,,13,cupy_copy__complex64_complex64
3069219610,2464,152700,103,1,1,128,1,1,16,0.000,0.000,,,,,NVIDIA A100-SXM4-40GB MIG 4g.20gb (0),1,,13,cupy_copy__complex64_complex64
3069226682,84863,152707,1,1,1,32,32,1,30,0.000,0.000,,,,,NVIDIA A100-SXM4-40GB MIG 4g.20gb (0),1,,13,"void convert_kernel<__half2, float2>(tensor_layout_any, T1 *, tensor_layout_any, const T2 *)"
3069339576,9312,152710,,,,,,,,,,0.094,10061.826,Pinned,Device,NVIDIA A100-SXM4-40GB MIG 4g.20gb (0),1,,13,[CUDA memcpy Host-to-Device]
3069355320,47488,152711,,,,,,,,,,35.810,754049.485,Device,,NVIDIA A100-SXM4-40GB MIG 4g.20gb (0),1,,13,[CUDA memset]
3069408375,4448,152713,,,,,,,,,,0.000,17.986,Pinned,Device,NVIDIA A100-SXM4-40GB MIG 4g.20gb (0),1,,13,[CUDA memcpy Host-to-Device]
3069416279,13472,152714,,,,,,,,,,0.197,14593.819,Pinned,Device,NVIDIA A100-SXM4-40GB MIG 4g.20gb (0),1,,13,[CUDA memcpy Host-to-Device]
3069435639,10112,152715,273,1,1,48,1,1,40,0.000,0.001,,,,,NVIDIA A100-SXM4-40GB MIG 4g.20gb (0),1,,13,"void pusch_noise_intf_est::noiseIntfEstNoDftSOfdmKernel<float, __half, float, float, (unsigned int)2, (unsigned int)1, (unsigned char)4, (unsigned char)4>(pusch_noise_intf_est::puschRxNoiseIntfEstDynDescr)"
3069447863,3264,152726,35,1,1,128,1,1,16,0.000,0.000,,,,,NVIDIA A100-SXM4-40GB MIG 4g.20gb (0),1,,13,cupy_copy__complex64_complex64
3069462583,2016,152735,1,1,1,1,1,1,18,0.000,0.000,,,,,NVIDIA A100-SXM4-40GB MIG 4g.20gb (0),1,,13,cupy_copy__float32_float32
3069494262,1600,152741,,,,,,,,,,0.000,2.500,Device,Pageable,NVIDIA A100-SXM4-40GB MIG 4g.20gb (0),1,,7,[CUDA memcpy Device-to-Host]
3069552918,12576,152752,1434,1,1,128,1,1,16,0.000,0.000,,,,,NVIDIA A100-SXM4-40GB MIG 4g.20gb (0),1,,13,cupy_copy__complex64_complex64
3069579445,3808,152759,103,1,1,128,1,1,16,0.000,0.000,,,,,NVIDIA A100-SXM4-40GB MIG 4g.20gb (0),1,,13,cupy_copy__complex64_complex64
3069600181,2496,152766,35,1,1,128,1,1,16,0.000,0.000,,,,,NVIDIA A100-SXM4-40GB MIG 4g.20gb (0),1,,13,cupy_copy__complex64_complex64
3069618389,1792,152773,1,1,1,1,1,1,18,0.000,0.000,,,,,NVIDIA A100-SXM4-40GB MIG 4g.20gb (0),1,,13,cupy_copy__float32_float32
3069750163,82975,152784,1,1,1,32,32,1,30,0.000,0.000,,,,,NVIDIA A100-SXM4-40GB MIG 4g.20gb (0),1,,13,"void convert_kernel<__half2, float2>(tensor_layout_any, T1 *, tensor_layout_any, const T2 *)"
3069860722,5568,152787,,,,,,,,,,0.094,16827.521,Pinned,Device,NVIDIA A100-SXM4-40GB MIG 4g.20gb (0),1,,13,[CUDA memcpy Host-to-Device]
3069874610,3328,152788,,,,,,,,,,1.547,464729.580,Device,,NVIDIA A100-SXM4-40GB MIG 4g.20gb (0),1,,13,[CUDA memset]
3069881490,3264,152793,,,,,,,,,,0.031,9588.218,Pinned,Device,NVIDIA A100-SXM4-40GB MIG 4g.20gb (0),1,,13,[CUDA memcpy Host-to-Device]
3069887186,9375,152794,,,,,,,,,,0.197,20971.389,Pinned,Device,NVIDIA A100-SXM4-40GB MIG 4g.20gb (0),1,,13,[CUDA memcpy Host-to-Device]
3069901841,6144,152795,273,1,1,8,4,1,39,0.002,0.000,,,,,NVIDIA A100-SXM4-40GB MIG 4g.20gb (0),1,,13,"void channel_eq::eqMmseCoefCompLowMimoKernel<float, float, float, (unsigned int)4, (unsigned int)1, (unsigned int)4>(const channel_eq::_puschRxChEqStatDescr *, channel_eq::_puschRxChEqCoefCompDynDescr)"
3069909073,6144,152796,273,1,1,12,11,1,51,0.002,0.000,,,,,NVIDIA A100-SXM4-40GB MIG 4g.20gb (0),1,,13,"void channel_eq::eqMmseSoftDemapKernel<float, __half, __half, float, (unsigned int)4, (unsigned short)16383>(channel_eq::_puschRxChEqStatDescr *, channel_eq::_puschRxChEqSoftDemapDynDescr)"
3069916273,282717,152797,1,1,1,32,32,1,30,0.000,0.000,,,,,NVIDIA A100-SXM4-40GB MIG 4g.20gb (0),1,,13,"void convert_kernel<float2, __half2>(tensor_layout_any, T1 *, tensor_layout_any, const T2 *)"
3070199982,10880,152809,2253,1,1,128,1,1,16,0.000,0.000,,,,,NVIDIA A100-SXM4-40GB MIG 4g.20gb (0),1,,13,cupy_copy__float16_float16
3070214701,2880,152818,282,1,1,128,1,1,16,0.000,0.000,,,,,NVIDIA A100-SXM4-40GB MIG 4g.20gb (0),1,,13,cupy_copy__complex64_complex64
3070221613,2112,152827,26,1,1,128,1,1,16,0.000,0.000,,,,,NVIDIA A100-SXM4-40GB MIG 4g.20gb (0),1,,13,cupy_copy__float32_float32
3070225037,4608,152836,103,1,1,128,1,1,16,0.000,0.000,,,,,NVIDIA A100-SXM4-40GB MIG 4g.20gb (0),1,,13,cupy_copy__complex64_complex64
3070231309,12320,152846,1434,1,1,128,1,1,16,0.000,0.000,,,,,NVIDIA A100-SXM4-40GB MIG 4g.20gb (0),1,,13,cupy_copy__complex64_complex64
3070253133,82047,152851,1,1,1,32,32,1,30,0.000,0.000,,,,,NVIDIA A100-SXM4-40GB MIG 4g.20gb (0),1,,13,"void convert_kernel<__half2, float2>(tensor_layout_any, T1 *, tensor_layout_any, const T2 *)"
3070361932,5472,152854,,,,,,,,,,0.094,17122.757,Pinned,Device,NVIDIA A100-SXM4-40GB MIG 4g.20gb (0),1,,13,[CUDA memcpy Host-to-Device]
3070371660,599384,152855,,,,,,,,,,456.561,761544.482,Device,,NVIDIA A100-SXM4-40GB MIG 4g.20gb (0),1,,13,[CUDA memset]
3070976900,67775,152860,,,,,,,,,,1.235,18220.364,Pinned,Device,NVIDIA A100-SXM4-40GB MIG 4g.20gb (0),1,,13,[CUDA memcpy Host-to-Device]
3071048227,14784,152861,,,,,,,,,,0.197,13298.565,Pinned,Device,NVIDIA A100-SXM4-40GB MIG 4g.20gb (0),1,,13,[CUDA memcpy Host-to-Device]
3071071395,8096,152862,69,4,1,48,1,1,76,0.002,0.000,,,,,NVIDIA A100-SXM4-40GB MIG 4g.20gb (0),1,,13,"void ch_est::windowedChEstPreNoDftSOfdmKernel<float, __half, float, (unsigned int)2, (unsigned int)1, (unsigned short)4>(ch_est::puschRxChEstStatDescr_t *, ch_est::puschRxChEstDynDescr_t *)"
3071083939,7392,152863,137,2,1,24,2,1,44,0.001,0.001,,,,,NVIDIA A100-SXM4-40GB MIG 4g.20gb (0),1,,13,"void ch_est::chEstFilterNoDftSOfdmDispatchKernel<float, __half, float, (unsigned int)2>(ch_est::puschRxChEstStatDescr_t *, ch_est::puschRxChEstDynDescr_t *)"
3071094915,6016,152864,137,2,1,24,2,1,44,0.001,0.001,,,,,NVIDIA A100-SXM4-40GB MIG 4g.20gb (0),1,,13,"void ch_est::chEstFilterNoDftSOfdmDispatchKernel<float, __half, float, (unsigned int)2>(ch_est::puschRxChEstStatDescr_t *, ch_est::puschRxChEstDynDescr_t *)"
3071106690,2656,152875,103,1,1,128,1,1,16,0.000,0.000,,,,,NVIDIA A100-SXM4-40GB MIG 4g.20gb (0),1,,13,cupy_copy__complex64_complex64
3071112418,12384,152885,1434,1,1,128,1,1,16,0.000,0.000,,,,,NVIDIA A100-SXM4-40GB MIG 4g.20gb (0),1,,13,cupy_copy__complex64_complex64
3071131074,2688,152892,103,1,1,128,1,1,16,0.000,0.000,,,,,NVIDIA A100-SXM4-40GB MIG 4g.20gb (0),1,,13,cupy_copy__complex64_complex64
3071136770,84287,152899,1,1,1,32,32,1,30,0.000,0.000,,,,,NVIDIA A100-SXM4-40GB MIG 4g.20gb (0),1,,13,"void convert_kernel<__half2, float2>(tensor_layout_any, T1 *, tensor_layout_any, const T2 *)"
3071249857,9440,152902,,,,,,,,,,0.094,9925.405,Pinned,Device,NVIDIA A100-SXM4-40GB MIG 4g.20gb (0),1,,13,[CUDA memcpy Host-to-Device]
3071265505,47679,152903,,,,,,,,,,35.810,751041.452,Device,,NVIDIA A100-SXM4-40GB MIG 4g.20gb (0),1,,13,[CUDA memset]
3071319936,3648,152905,,,,,,,,,,0.000,21.930,Pinned,Device,NVIDIA A100-SXM4-40GB MIG 4g.20gb (0),1,,13,[CUDA memcpy Host-to-Device]
3071328128,12288,152906,,,,,,,,,,0.197,15999.959,Pinned,Device,NVIDIA A100-SXM4-40GB MIG 4g.20gb (0),1,,13,[CUDA memcpy Host-to-Device]
3071346912,9855,152907,273,1,1,48,1,1,40,0.000,0.001,,,,,NVIDIA A100-SXM4-40GB MIG 4g.20gb (0),1,,13,"void pusch_noise_intf_est::noiseIntfEstNoDftSOfdmKernel<float, __half, float, float, (unsigned int)2, (unsigned int)1, (unsigned char)4, (unsigned char)4>(pusch_noise_intf_est::puschRxNoiseIntfEstDynDescr)"
3071360319,3040,152918,35,1,1,128,1,1,16,0.000,0.000,,,,,NVIDIA A100-SXM4-40GB MIG 4g.20gb (0),1,,13,cupy_copy__complex64_complex64
3071377119,1952,152927,1,1,1,1,1,1,18,0.000,0.000,,,,,NVIDIA A100-SXM4-40GB MIG 4g.20gb (0),1,,13,cupy_copy__float32_float32
3071405471,1568,152933,,,,,,,,,,0.000,2.551,Device,Pageable,NVIDIA A100-SXM4-40GB MIG 4g.20gb (0),1,,7,[CUDA memcpy Device-to-Host]
3071465502,12704,152944,1434,1,1,128,1,1,16,0.000,0.000,,,,,NVIDIA A100-SXM4-40GB MIG 4g.20gb (0),1,,13,cupy_copy__complex64_complex64
3071493406,2752,152951,103,1,1,128,1,1,16,0.000,0.000,,,,,NVIDIA A100-SXM4-40GB MIG 4g.20gb (0),1,,13,cupy_copy__complex64_complex64
3071513373,2304,152958,35,1,1,128,1,1,16,0.000,0.000,,,,,NVIDIA A100-SXM4-40GB MIG 4g.20gb (0),1,,13,cupy_copy__complex64_complex64
3071530333,1920,152965,1,1,1,1,1,1,18,0.000,0.000,,,,,NVIDIA A100-SXM4-40GB MIG 4g.20gb (0),1,,13,cupy_copy__float32_float32
3071661308,82303,152976,1,1,1,32,32,1,30,0.000,0.000,,,,,NVIDIA A100-SXM4-40GB MIG 4g.20gb (0),1,,13,"void convert_kernel<__half2, float2>(tensor_layout_any, T1 *, tensor_layout_any, const T2 *)"
3071770138,5408,152979,,,,,,,,,,0.094,17325.421,Pinned,Device,NVIDIA A100-SXM4-40GB MIG 4g.20gb (0),1,,13,[CUDA memcpy Host-to-Device]
3071784410,3232,152980,,,,,,,,,,1.547,478533.199,Device,,NVIDIA A100-SXM4-40GB MIG 4g.20gb (0),1,,13,[CUDA memset]
3071791162,3040,152985,,,,,,,,,,0.031,10294.725,Pinned,Device,NVIDIA A100-SXM4-40GB MIG 4g.20gb (0),1,,13,[CUDA memcpy Host-to-Device]
3071796602,9632,152986,,,,,,,,,,0.197,20411.843,Pinned,Device,NVIDIA A100-SXM4-40GB MIG 4g.20gb (0),1,,13,[CUDA memcpy Host-to-Device]
3071810618,6112,152987,273,1,1,8,4,1,39,0.002,0.000,,,,,NVIDIA A100-SXM4-40GB MIG 4g.20gb (0),1,,13,"void channel_eq::eqMmseCoefCompLowMimoKernel<float, float, float, (unsigned int)4, (unsigned int)1, (unsigned int)4>(const channel_eq::_puschRxChEqStatDescr *, channel_eq::_puschRxChEqCoefCompDynDescr)"
3071820282,5504,152988,273,1,1,12,11,1,51,0.002,0.000,,,,,NVIDIA A100-SXM4-40GB MIG 4g.20gb (0),1,,13,"void channel_eq::eqMmseSoftDemapKernel<float, __half, __half, float, (unsigned int)4, (unsigned short)16383>(channel_eq::_puschRxChEqStatDescr *, channel_eq::_puschRxChEqSoftDemapDynDescr)"
3071828442,280092,152989,1,1,1,32,32,1,30,0.000,0.000,,,,,NVIDIA A100-SXM4-40GB MIG 4g.20gb (0),1,,13,"void convert_kernel<float2, __half2>(tensor_layout_any, T1 *, tensor_layout_any, const T2 *)"
3072109558,10816,153001,2253,1,1,128,1,1,16,0.000,0.000,,,,,NVIDIA A100-SXM4-40GB MIG 4g.20gb (0),1,,13,cupy_copy__float16_float16
3072122486,3712,153010,282,1,1,128,1,1,16,0.000,0.000,,,,,NVIDIA A100-SXM4-40GB MIG 4g.20gb (0),1,,13,cupy_copy__complex64_complex64
3072129750,2112,153019,26,1,1,128,1,1,16,0.000,0.000,,,,,NVIDIA A100-SXM4-40GB MIG 4g.20gb (0),1,,13,cupy_copy__float32_float32
3072134006,3200,153028,103,1,1,128,1,1,16,0.000,0.000,,,,,NVIDIA A100-SXM4-40GB MIG 4g.20gb (0),1,,13,cupy_copy__complex64_complex64
3072138262,11904,153038,1434,1,1,128,1,1,16,0.000,0.000,,,,,NVIDIA A100-SXM4-40GB MIG 4g.20gb (0),1,,13,cupy_copy__complex64_complex64
3072159317,81983,153043,1,1,1,32,32,1,30,0.000,0.000,,,,,NVIDIA A100-SXM4-40GB MIG 4g.20gb (0),1,,13,"void convert_kernel<__half2, float2>(tensor_layout_any, T1 *, tensor_layout_any, const T2 *)"
3072267988,5408,153046,,,,,,,,,,0.094,17325.421,Pinned,Device,NVIDIA A100-SXM4-40GB MIG 4g.20gb (0),1,,13,[CUDA memcpy Host-to-Device]
3072278708,613016,153047,,,,,,,,,,456.561,744651.709,Device,,NVIDIA A100-SXM4-40GB MIG 4g.20gb (0),1,,13,[CUDA memset]
3072896876,68287,153052,,,,,,,,,,1.235,18084.520,Pinned,Device,NVIDIA A100-SXM4-40GB MIG 4g.20gb (0),1,,13,[CUDA memcpy Host-to-Device]
3072968843,14752,153053,,,,,,,,,,0.197,13327.466,Pinned,Device,NVIDIA A100-SXM4-40GB MIG 4g.20gb (0),1,,13,[CUDA memcpy Host-to-Device]
3072990891,8416,153054,69,4,1,48,1,1,76,0.002,0.000,,,,,NVIDIA A100-SXM4-40GB MIG 4g.20gb (0),1,,13,"void ch_est::windowedChEstPreNoDftSOfdmKernel<float, __half, float, (unsigned int)2, (unsigned int)1, (unsigned short)4>(ch_est::puschRxChEstStatDescr_t *, ch_est::puschRxChEstDynDescr_t *)"
3073001675,7168,153055,137,2,1,24,2,1,44,0.001,0.001,,,,,NVIDIA A100-SXM4-40GB MIG 4g.20gb (0),1,,13,"void ch_est::chEstFilterNoDftSOfdmDispatchKernel<float, __half, float, (unsigned int)2>(ch_est::puschRxChEstStatDescr_t *, ch_est::puschRxChEstDynDescr_t *)"
3073012811,5280,153056,137,2,1,24,2,1,44,0.001,0.001,,,,,NVIDIA A100-SXM4-40GB MIG 4g.20gb (0),1,,13,"void ch_est::chEstFilterNoDftSOfdmDispatchKernel<float, __half, float, (unsigned int)2>(ch_est::puschRxChEstStatDescr_t *, ch_est::puschRxChEstDynDescr_t *)"
3073023307,2528,153067,103,1,1,128,1,1,16,0.000,0.000,,,,,NVIDIA A100-SXM4-40GB MIG 4g.20gb (0),1,,13,cupy_copy__complex64_complex64
3073030027,12480,153077,1434,1,1,128,1,1,16,0.000,0.000,,,,,NVIDIA A100-SXM4-40GB MIG 4g.20gb (0),1,,13,cupy_copy__complex64_complex64
3073043755,2687,153084,103,1,1,128,1,1,16,0.000,0.000,,,,,NVIDIA A100-SXM4-40GB MIG 4g.20gb (0),1,,13,cupy_copy__complex64_complex64
3073050506,88735,153091,1,1,1,32,32,1,30,0.000,0.000,,,,,NVIDIA A100-SXM4-40GB MIG 4g.20gb (0),1,,13,"void convert_kernel<__half2, float2>(tensor_layout_any, T1 *, tensor_layout_any, const T2 *)"
3073167913,9216,153094,,,,,,,,,,0.094,10166.578,Pinned,Device,NVIDIA A100-SXM4-40GB MIG 4g.20gb (0),1,,13,[CUDA memcpy Host-to-Device]
3073186601,46655,153095,,,,,,,,,,35.810,767514.015,Device,,NVIDIA A100-SXM4-40GB MIG 4g.20gb (0),1,,13,[CUDA memset]
3073236296,4544,153097,,,,,,,,,,0.000,17.606,Pinned,Device,NVIDIA A100-SXM4-40GB MIG 4g.20gb (0),1,,13,[CUDA memcpy Host-to-Device]
3073244200,12480,153098,,,,,,,,,,0.197,15753.806,Pinned,Device,NVIDIA A100-SXM4-40GB MIG 4g.20gb (0),1,,13,[CUDA memcpy Host-to-Device]
3073263208,10560,153099,273,1,1,48,1,1,40,0.000,0.001,,,,,NVIDIA A100-SXM4-40GB MIG 4g.20gb (0),1,,13,"void pusch_noise_intf_est::noiseIntfEstNoDftSOfdmKernel<float, __half, float, float, (unsigned int)2, (unsigned int)1, (unsigned char)4, (unsigned char)4>(pusch_noise_intf_est::puschRxNoiseIntfEstDynDescr)"
3073279048,2816,153110,35,1,1,128,1,1,16,0.000,0.000,,,,,NVIDIA A100-SXM4-40GB MIG 4g.20gb (0),1,,13,cupy_copy__complex64_complex64
3073291271,2080,153119,1,1,1,1,1,1,18,0.000,0.000,,,,,NVIDIA A100-SXM4-40GB MIG 4g.20gb (0),1,,13,cupy_copy__float32_float32
3073320807,1856,153125,,,,,,,,,,0.000,2.155,Device,Pageable,NVIDIA A100-SXM4-40GB MIG 4g.20gb (0),1,,7,[CUDA memcpy Device-to-Host]
3073381510,12864,153136,1434,1,1,128,1,1,16,0.000,0.000,,,,,NVIDIA A100-SXM4-40GB MIG 4g.20gb (0),1,,13,cupy_copy__complex64_complex64
3073408678,2624,153143,103,1,1,128,1,1,16,0.000,0.000,,,,,NVIDIA A100-SXM4-40GB MIG 4g.20gb (0),1,,13,cupy_copy__complex64_complex64
3073430758,2368,153150,35,1,1,128,1,1,16,0.000,0.000,,,,,NVIDIA A100-SXM4-40GB MIG 4g.20gb (0),1,,13,cupy_copy__complex64_complex64
3073447142,1952,153157,1,1,1,1,1,1,18,0.000,0.000,,,,,NVIDIA A100-SXM4-40GB MIG 4g.20gb (0),1,,13,cupy_copy__float32_float32
3073581412,82623,153168,1,1,1,32,32,1,30,0.000,0.000,,,,,NVIDIA A100-SXM4-40GB MIG 4g.20gb (0),1,,13,"void convert_kernel<__half2, float2>(tensor_layout_any, T1 *, tensor_layout_any, const T2 *)"
3073691779,5407,153171,,,,,,,,,,0.094,17328.607,Pinned,Device,NVIDIA A100-SXM4-40GB MIG 4g.20gb (0),1,,13,[CUDA memcpy Host-to-Device]
3073708354,3040,153172,,,,,,,,,,1.547,508757.325,Device,,NVIDIA A100-SXM4-40GB MIG 4g.20gb (0),1,,13,[CUDA memset]
3073712642,3200,153177,,,,,,,,,,0.031,9780.000,Pinned,Device,NVIDIA A100-SXM4-40GB MIG 4g.20gb (0),1,,13,[CUDA memcpy Host-to-Device]
3073718242,9536,153178,,,,,,,,,,0.197,20617.298,Pinned,Device,NVIDIA A100-SXM4-40GB MIG 4g.20gb (0),1,,13,[CUDA memcpy Host-to-Device]
3073732866,6144,153179,273,1,1,8,4,1,39,0.002,0.000,,,,,NVIDIA A100-SXM4-40GB MIG 4g.20gb (0),1,,13,"void channel_eq::eqMmseCoefCompLowMimoKernel<float, float, float, (unsigned int)4, (unsigned int)1, (unsigned int)4>(const channel_eq::_puschRxChEqStatDescr *, channel_eq::_puschRxChEqCoefCompDynDescr)"
3073740226,6112,153180,273,1,1,12,11,1,51,0.002,0.000,,,,,NVIDIA A100-SXM4-40GB MIG 4g.20gb (0),1,,13,"void channel_eq::eqMmseSoftDemapKernel<float, __half, __half, float, (unsigned int)4, (unsigned short)16383>(channel_eq::_puschRxChEqStatDescr *, channel_eq::_puschRxChEqSoftDemapDynDescr)"
3073749154,294556,153181,1,1,1,32,32,1,30,0.000,0.000,,,,,NVIDIA A100-SXM4-40GB MIG 4g.20gb (0),1,,13,"void convert_kernel<float2, __half2>(tensor_layout_any, T1 *, tensor_layout_any, const T2 *)"
3074044990,11136,153193,2253,1,1,128,1,1,16,0.000,0.000,,,,,NVIDIA A100-SXM4-40GB MIG 4g.20gb (0),1,,13,cupy_copy__float16_float16
3074057406,3072,153202,282,1,1,128,1,1,16,0.000,0.000,,,,,NVIDIA A100-SXM4-40GB MIG 4g.20gb (0),1,,13,cupy_copy__complex64_complex64
3074061598,2016,153211,26,1,1,128,1,1,16,0.000,0.000,,,,,NVIDIA A100-SXM4-40GB MIG 4g.20gb (0),1,,13,cupy_copy__float32_float32
3074064926,3072,153220,103,1,1,128,1,1,16,0.000,0.000,,,,,NVIDIA A100-SXM4-40GB MIG 4g.20gb (0),1,,13,cupy_copy__complex64_complex64
3074069534,12064,153230,1434,1,1,128,1,1,16,0.000,0.000,,,,,NVIDIA A100-SXM4-40GB MIG 4g.20gb (0),1,,13,cupy_copy__complex64_complex64
3074084990,86687,153235,1,1,1,32,32,1,30,0.000,0.000,,,,,NVIDIA A100-SXM4-40GB MIG 4g.20gb (0),1,,13,"void convert_kernel<__half2, float2>(tensor_layout_any, T1 *, tensor_layout_any, const T2 *)"
3074198172,5408,153238,,,,,,,,,,0.094,17325.421,Pinned,Device,NVIDIA A100-SXM4-40GB MIG 4g.20gb (0),1,,13,[CUDA memcpy Host-to-Device]
3074208220,601625,153239,,,,,,,,,,456.561,758805.113,Device,,NVIDIA A100-SXM4-40GB MIG 4g.20gb (0),1,,13,[CUDA memset]
3074812341,71103,153244,,,,,,,,,,1.235,17368.252,Pinned,Device,NVIDIA A100-SXM4-40GB MIG 4g.20gb (0),1,,13,[CUDA memcpy Host-to-Device]
3074886836,14400,153245,,,,,,,,,,0.197,13653.246,Pinned,Device,NVIDIA A100-SXM4-40GB MIG 4g.20gb (0),1,,13,[CUDA memcpy Host-to-Device]
3074908595,8544,153246,69,4,1,48,1,1,76,0.002,0.000,,,,,NVIDIA A100-SXM4-40GB MIG 4g.20gb (0),1,,13,"void ch_est::windowedChEstPreNoDftSOfdmKernel<float, __half, float, (unsigned int)2, (unsigned int)1, (unsigned short)4>(ch_est::puschRxChEstStatDescr_t *, ch_est::puschRxChEstDynDescr_t *)"
3074920051,6112,153247,137,2,1,24,2,1,44,0.001,0.001,,,,,NVIDIA A100-SXM4-40GB MIG 4g.20gb (0),1,,13,"void ch_est::chEstFilterNoDftSOfdmDispatchKernel<float, __half, float, (unsigned int)2>(ch_est::puschRxChEstStatDescr_t *, ch_est::puschRxChEstDynDescr_t *)"
3074930579,5248,153248,137,2,1,24,2,1,44,0.001,0.001,,,,,NVIDIA A100-SXM4-40GB MIG 4g.20gb (0),1,,13,"void ch_est::chEstFilterNoDftSOfdmDispatchKernel<float, __half, float, (unsigned int)2>(ch_est::puschRxChEstStatDescr_t *, ch_est::puschRxChEstDynDescr_t *)"
3074941107,2592,153259,103,1,1,128,1,1,16,0.000,0.000,,,,,NVIDIA A100-SXM4-40GB MIG 4g.20gb (0),1,,13,cupy_copy__complex64_complex64
3074947379,12480,153269,1434,1,1,128,1,1,16,0.000,0.000,,,,,NVIDIA A100-SXM4-40GB MIG 4g.20gb (0),1,,13,cupy_copy__complex64_complex64
3074962995,2592,153276,103,1,1,128,1,1,16,0.000,0.000,,,,,NVIDIA A100-SXM4-40GB MIG 4g.20gb (0),1,,13,cupy_copy__complex64_complex64
3074968851,84127,153283,1,1,1,32,32,1,30,0.000,0.000,,,,,NVIDIA A100-SXM4-40GB MIG 4g.20gb (0),1,,13,"void convert_kernel<__half2, float2>(tensor_layout_any, T1 *, tensor_layout_any, const T2 *)"
3075082609,10112,153286,,,,,,,,,,0.094,9265.785,Pinned,Device,NVIDIA A100-SXM4-40GB MIG 4g.20gb (0),1,,13,[CUDA memcpy Host-to-Device]
3075102129,48607,153287,,,,,,,,,,35.810,736717.484,Device,,NVIDIA A100-SXM4-40GB MIG 4g.20gb (0),1,,13,[CUDA memset]
3075154768,1888,153289,,,,,,,,,,0.000,42.373,Pinned,Device,NVIDIA A100-SXM4-40GB MIG 4g.20gb (0),1,,13,[CUDA memcpy Host-to-Device]
3075160560,13536,153290,,,,,,,,,,0.197,14524.809,Pinned,Device,NVIDIA A100-SXM4-40GB MIG 4g.20gb (0),1,,13,[CUDA memcpy Host-to-Device]
3075179600,9472,153291,273,1,1,48,1,1,40,0.000,0.001,,,,,NVIDIA A100-SXM4-40GB MIG 4g.20gb (0),1,,13,"void pusch_noise_intf_est::noiseIntfEstNoDftSOfdmKernel<float, __half, float, float, (unsigned int)2, (unsigned int)1, (unsigned char)4, (unsigned char)4>(pusch_noise_intf_est::puschRxNoiseIntfEstDynDescr)"
3075195536,3104,153302,35,1,1,128,1,1,16,0.000,0.000,,,,,NVIDIA A100-SXM4-40GB MIG 4g.20gb (0),1,,13,cupy_copy__complex64_complex64
3075204080,1728,153311,1,1,1,1,1,1,18,0.000,0.000,,,,,NVIDIA A100-SXM4-40GB MIG 4g.20gb (0),1,,13,cupy_copy__float32_float32
3075236815,2016,153317,,,,,,,,,,0.000,1.984,Device,Pageable,NVIDIA A100-SXM4-40GB MIG 4g.20gb (0),1,,7,[CUDA memcpy Device-to-Host]
3075296975,12960,153328,1434,1,1,128,1,1,16,0.000,0.000,,,,,NVIDIA A100-SXM4-40GB MIG 4g.20gb (0),1,,13,cupy_copy__complex64_complex64
3075324174,2592,153335,103,1,1,128,1,1,16,0.000,0.000,,,,,NVIDIA A100-SXM4-40GB MIG 4g.20gb (0),1,,13,cupy_copy__complex64_complex64
3075343502,2304,153342,35,1,1,128,1,1,16,0.000,0.000,,,,,NVIDIA A100-SXM4-40GB MIG 4g.20gb (0),1,,13,cupy_copy__complex64_complex64
3075361326,2080,153349,1,1,1,1,1,1,18,0.000,0.000,,,,,NVIDIA A100-SXM4-40GB MIG 4g.20gb (0),1,,13,cupy_copy__float32_float32
3075492268,82463,153360,1,1,1,32,32,1,30,0.000,0.000,,,,,NVIDIA A100-SXM4-40GB MIG 4g.20gb (0),1,,13,"void convert_kernel<__half2, float2>(tensor_layout_any, T1 *, tensor_layout_any, const T2 *)"
3075602251,5632,153363,,,,,,,,,,0.094,16636.287,Pinned,Device,NVIDIA A100-SXM4-40GB MIG 4g.20gb (0),1,,13,[CUDA memcpy Host-to-Device]
3075617643,3328,153364,,,,,,,,,,1.547,464729.580,Device,,NVIDIA A100-SXM4-40GB MIG 4g.20gb (0),1,,13,[CUDA memset]
3075623275,3104,153369,,,,,,,,,,0.031,10082.445,Pinned,Device,NVIDIA A100-SXM4-40GB MIG 4g.20gb (0),1,,13,[CUDA memcpy Host-to-Device]
3075628939,9503,153370,,,,,,,,,,0.197,20688.863,Pinned,Device,NVIDIA A100-SXM4-40GB MIG 4g.20gb (0),1,,13,[CUDA memcpy Host-to-Device]
3075641866,8192,153371,273,1,1,8,4,1,39,0.002,0.000,,,,,NVIDIA A100-SXM4-40GB MIG 4g.20gb (0),1,,13,"void channel_eq::eqMmseCoefCompLowMimoKernel<float, float, float, (unsigned int)4, (unsigned int)1, (unsigned int)4>(const channel_eq::_puschRxChEqStatDescr *, channel_eq::_puschRxChEqCoefCompDynDescr)"
3075653034,7712,153372,273,1,1,12,11,1,51,0.002,0.000,,,,,NVIDIA A100-SXM4-40GB MIG 4g.20gb (0),1,,13,"void channel_eq::eqMmseSoftDemapKernel<float, __half, __half, float, (unsigned int)4, (unsigned short)16383>(channel_eq::_puschRxChEqStatDescr *, channel_eq::_puschRxChEqSoftDemapDynDescr)"
3075661706,282333,153373,1,1,1,32,32,1,30,0.000,0.000,,,,,NVIDIA A100-SXM4-40GB MIG 4g.20gb (0),1,,13,"void convert_kernel<float2, __half2>(tensor_layout_any, T1 *, tensor_layout_any, const T2 *)"
3075946119,10976,153385,2253,1,1,128,1,1,16,0.000,0.000,,,,,NVIDIA A100-SXM4-40GB MIG 4g.20gb (0),1,,13,cupy_copy__float16_float16
3075958342,3040,153394,282,1,1,128,1,1,16,0.000,0.000,,,,,NVIDIA A100-SXM4-40GB MIG 4g.20gb (0),1,,13,cupy_copy__complex64_complex64
3075963238,2432,153403,26,1,1,128,1,1,16,0.000,0.000,,,,,NVIDIA A100-SXM4-40GB MIG 4g.20gb (0),1,,13,cupy_copy__float32_float32
3075967974,3552,153412,103,1,1,128,1,1,16,0.000,0.000,,,,,NVIDIA A100-SXM4-40GB MIG 4g.20gb (0),1,,13,cupy_copy__complex64_complex64
3075973734,12032,153422,1434,1,1,128,1,1,16,0.000,0.000,,,,,NVIDIA A100-SXM4-40GB MIG 4g.20gb (0),1,,13,cupy_copy__complex64_complex64
3075992582,82463,153427,1,1,1,32,32,1,30,0.000,0.000,,,,,NVIDIA A100-SXM4-40GB MIG 4g.20gb (0),1,,13,"void convert_kernel<__half2, float2>(tensor_layout_any, T1 *, tensor_layout_any, const T2 *)"
3076101925,5376,153430,,,,,,,,,,0.094,17428.487,Pinned,Device,NVIDIA A100-SXM4-40GB MIG 4g.20gb (0),1,,13,[CUDA memcpy Host-to-Device]
3076112933,604184,153431,,,,,,,,,,456.561,755609.183,Device,,NVIDIA A100-SXM4-40GB MIG 4g.20gb (0),1,,13,[CUDA memset]
3076720733,69215,153436,,,,,,,,,,1.235,17841.236,Pinned,Device,NVIDIA A100-SXM4-40GB MIG 4g.20gb (0),1,,13,[CUDA memcpy Host-to-Device]
3076793276,14048,153437,,,,,,,,,,0.197,13995.344,Pinned,Device,NVIDIA A100-SXM4-40GB MIG 4g.20gb (0),1,,13,[CUDA memcpy Host-to-Device]
3076817724,8192,153438,69,4,1,48,1,1,76,0.002,0.000,,,,,NVIDIA A100-SXM4-40GB MIG 4g.20gb (0),1,,13,"void ch_est::windowedChEstPreNoDftSOfdmKernel<float, __half, float, (unsigned int)2, (unsigned int)1, (unsigned short)4>(ch_est::puschRxChEstStatDescr_t *, ch_est::puschRxChEstDynDescr_t *)"
3076830780,7968,153439,137,2,1,24,2,1,44,0.001,0.001,,,,,NVIDIA A100-SXM4-40GB MIG 4g.20gb (0),1,,13,"void ch_est::chEstFilterNoDftSOfdmDispatchKernel<float, __half, float, (unsigned int)2>(ch_est::puschRxChEstStatDescr_t *, ch_est::puschRxChEstDynDescr_t *)"
3076842780,5407,153440,137,2,1,24,2,1,44,0.001,0.001,,,,,NVIDIA A100-SXM4-40GB MIG 4g.20gb (0),1,,13,"void ch_est::chEstFilterNoDftSOfdmDispatchKernel<float, __half, float, (unsigned int)2>(ch_est::puschRxChEstStatDescr_t *, ch_est::puschRxChEstDynDescr_t *)"
3076853147,2848,153451,103,1,1,128,1,1,16,0.000,0.000,,,,,NVIDIA A100-SXM4-40GB MIG 4g.20gb (0),1,,13,cupy_copy__complex64_complex64
3076858011,12384,153461,1434,1,1,128,1,1,16,0.000,0.000,,,,,NVIDIA A100-SXM4-40GB MIG 4g.20gb (0),1,,13,cupy_copy__complex64_complex64
3076875419,2528,153468,103,1,1,128,1,1,16,0.000,0.000,,,,,NVIDIA A100-SXM4-40GB MIG 4g.20gb (0),1,,13,cupy_copy__complex64_complex64
3076881659,86591,153475,1,1,1,32,32,1,30,0.000,0.000,,,,,NVIDIA A100-SXM4-40GB MIG 4g.20gb (0),1,,13,"void convert_kernel<__half2, float2>(tensor_layout_any, T1 *, tensor_layout_any, const T2 *)"
3076996730,8800,153478,,,,,,,,,,0.094,10647.239,Pinned,Device,NVIDIA A100-SXM4-40GB MIG 4g.20gb (0),1,,13,[CUDA memcpy Host-to-Device]
3077012249,47392,153479,,,,,,,,,,35.810,755589.312,Device,,NVIDIA A100-SXM4-40GB MIG 4g.20gb (0),1,,13,[CUDA memset]
3077066809,3040,153481,,,,,,,,,,0.000,26.316,Pinned,Device,NVIDIA A100-SXM4-40GB MIG 4g.20gb (0),1,,13,[CUDA memcpy Host-to-Device]
3077073401,12736,153482,,,,,,,,,,0.197,15437.070,Pinned,Device,NVIDIA A100-SXM4-40GB MIG 4g.20gb (0),1,,13,[CUDA memcpy Host-to-Device]
3077095352,12768,153483,273,1,1,48,1,1,40,0.000,0.001,,,,,NVIDIA A100-SXM4-40GB MIG 4g.20gb (0),1,,13,"void pusch_noise_intf_est::noiseIntfEstNoDftSOfdmKernel<float, __half, float, float, (unsigned int)2, (unsigned int)1, (unsigned char)4, (unsigned char)4>(pusch_noise_intf_est::puschRxNoiseIntfEstDynDescr)"
3077114008,2720,153494,35,1,1,128,1,1,16,0.000,0.000,,,,,NVIDIA A100-SXM4-40GB MIG 4g.20gb (0),1,,13,cupy_copy__complex64_complex64
3077120312,1696,153503,1,1,1,1,1,1,18,0.000,0.000,,,,,NVIDIA A100-SXM4-40GB MIG 4g.20gb (0),1,,13,cupy_copy__float32_float32
3077147320,1600,153509,,,,,,,,,,0.000,2.500,Device,Pageable,NVIDIA A100-SXM4-40GB MIG 4g.20gb (0),1,,7,[CUDA memcpy Device-to-Host]
3077208631,12864,153520,1434,1,1,128,1,1,16,0.000,0.000,,,,,NVIDIA A100-SXM4-40GB MIG 4g.20gb (0),1,,13,cupy_copy__complex64_complex64
3077233719,2592,153527,103,1,1,128,1,1,16,0.000,0.000,,,,,NVIDIA A100-SXM4-40GB MIG 4g.20gb (0),1,,13,cupy_copy__complex64_complex64
3077256566,2176,153534,35,1,1,128,1,1,16,0.000,0.000,,,,,NVIDIA A100-SXM4-40GB MIG 4g.20gb (0),1,,13,cupy_copy__complex64_complex64
3077273366,2016,153541,1,1,1,1,1,1,18,0.000,0.000,,,,,NVIDIA A100-SXM4-40GB MIG 4g.20gb (0),1,,13,cupy_copy__float32_float32
3077403925,87967,153552,1,1,1,32,32,1,30,0.000,0.000,,,,,NVIDIA A100-SXM4-40GB MIG 4g.20gb (0),1,,13,"void convert_kernel<__half2, float2>(tensor_layout_any, T1 *, tensor_layout_any, const T2 *)"
3077519571,5600,153555,,,,,,,,,,0.094,16731.388,Pinned,Device,NVIDIA A100-SXM4-40GB MIG 4g.20gb (0),1,,13,[CUDA memcpy Host-to-Device]
3077534003,3488,153556,,,,,,,,,,1.547,443412.461,Device,,NVIDIA A100-SXM4-40GB MIG 4g.20gb (0),1,,13,[CUDA memset]
3077543315,3040,153561,,,,,,,,,,0.031,10294.725,Pinned,Device,NVIDIA A100-SXM4-40GB MIG 4g.20gb (0),1,,13,[CUDA memcpy Host-to-Device]
3077548787,9504,153562,,,,,,,,,,0.197,20686.701,Pinned,Device,NVIDIA A100-SXM4-40GB MIG 4g.20gb (0),1,,13,[CUDA memcpy Host-to-Device]
3077565299,6784,153563,273,1,1,8,4,1,39,0.002,0.000,,,,,NVIDIA A100-SXM4-40GB MIG 4g.20gb (0),1,,13,"void channel_eq::eqMmseCoefCompLowMimoKernel<float, float, float, (unsigned int)4, (unsigned int)1, (unsigned int)4>(const channel_eq::_puschRxChEqStatDescr *, channel_eq::_puschRxChEqCoefCompDynDescr)"
3077575027,5599,153564,273,1,1,12,11,1,51,0.002,0.000,,,,,NVIDIA A100-SXM4-40GB MIG 4g.20gb (0),1,,13,"void channel_eq::eqMmseSoftDemapKernel<float, __half, __half, float, (unsigned int)4, (unsigned short)16383>(channel_eq::_puschRxChEqStatDescr *, channel_eq::_puschRxChEqSoftDemapDynDescr)"
3077583602,280189,153565,1,1,1,32,32,1,30,0.000,0.000,,,,,NVIDIA A100-SXM4-40GB MIG 4g.20gb (0),1,,13,"void convert_kernel<float2, __half2>(tensor_layout_any, T1 *, tensor_layout_any, const T2 *)"
3077864751,11072,153577,2253,1,1,128,1,1,16,0.000,0.000,,,,,NVIDIA A100-SXM4-40GB MIG 4g.20gb (0),1,,13,cupy_copy__float16_float16
3077879247,3360,153586,282,1,1,128,1,1,16,0.000,0.000,,,,,NVIDIA A100-SXM4-40GB MIG 4g.20gb (0),1,,13,cupy_copy__complex64_complex64
3077886319,2112,153595,26,1,1,128,1,1,16,0.000,0.000,,,,,NVIDIA A100-SXM4-40GB MIG 4g.20gb (0),1,,13,cupy_copy__float32_float32
3077890767,7040,153604,103,1,1,128,1,1,16,0.000,0.000,,,,,NVIDIA A100-SXM4-40GB MIG 4g.20gb (0),1,,13,cupy_copy__complex64_complex64
3077900078,11872,153614,1434,1,1,128,1,1,16,0.000,0.000,,,,,NVIDIA A100-SXM4-40GB MIG 4g.20gb (0),1,,13,cupy_copy__complex64_complex64
3077916206,80575,153619,1,1,1,32,32,1,30,0.000,0.000,,,,,NVIDIA A100-SXM4-40GB MIG 4g.20gb (0),1,,13,"void convert_kernel<__half2, float2>(tensor_layout_any, T1 *, tensor_layout_any, const T2 *)"
3078023405,5408,153622,,,,,,,,,,0.094,17325.421,Pinned,Device,NVIDIA A100-SXM4-40GB MIG 4g.20gb (0),1,,13,[CUDA memcpy Host-to-Device]
3078033261,606328,153623,,,,,,,,,,456.561,752869.815,Device,,NVIDIA A100-SXM4-40GB MIG 4g.20gb (0),1,,13,[CUDA memset]
3078645381,70655,153628,,,,,,,,,,1.235,17478.162,Pinned,Device,NVIDIA A100-SXM4-40GB MIG 4g.20gb (0),1,,13,[CUDA memcpy Host-to-Device]
3078720228,14464,153629,,,,,,,,,,0.197,13592.887,Pinned,Device,NVIDIA A100-SXM4-40GB MIG 4g.20gb (0),1,,13,[CUDA memcpy Host-to-Device]
3078742404,8768,153630,69,4,1,48,1,1,76,0.002,0.000,,,,,NVIDIA A100-SXM4-40GB MIG 4g.20gb (0),1,,13,"void ch_est::windowedChEstPreNoDftSOfdmKernel<float, __half, float, (unsigned int)2, (unsigned int)1, (unsigned short)4>(ch_est::puschRxChEstStatDescr_t *, ch_est::puschRxChEstDynDescr_t *)"
3078753636,6144,153631,137,2,1,24,2,1,44,0.001,0.001,,,,,NVIDIA A100-SXM4-40GB MIG 4g.20gb (0),1,,13,"void ch_est::chEstFilterNoDftSOfdmDispatchKernel<float, __half, float, (unsigned int)2>(ch_est::puschRxChEstStatDescr_t *, ch_est::puschRxChEstDynDescr_t *)"
3078763172,5120,153632,137,2,1,24,2,1,44,0.001,0.001,,,,,NVIDIA A100-SXM4-40GB MIG 4g.20gb (0),1,,13,"void ch_est::chEstFilterNoDftSOfdmDispatchKernel<float, __half, float, (unsigned int)2>(ch_est::puschRxChEstStatDescr_t *, ch_est::puschRxChEstDynDescr_t *)"
3078774724,2816,153643,103,1,1,128,1,1,16,0.000,0.000,,,,,NVIDIA A100-SXM4-40GB MIG 4g.20gb (0),1,,13,cupy_copy__complex64_complex64
3078780708,12479,153653,1434,1,1,128,1,1,16,0.000,0.000,,,,,NVIDIA A100-SXM4-40GB MIG 4g.20gb (0),1,,13,cupy_copy__complex64_complex64
3078797827,2624,153660,103,1,1,128,1,1,16,0.000,0.000,,,,,NVIDIA A100-SXM4-40GB MIG 4g.20gb (0),1,,13,cupy_copy__complex64_complex64
3078804419,83423,153667,1,1,1,32,32,1,30,0.000,0.000,,,,,NVIDIA A100-SXM4-40GB MIG 4g.20gb (0),1,,13,"void convert_kernel<__half2, float2>(tensor_layout_any, T1 *, tensor_layout_any, const T2 *)"
3078917762,9856,153670,,,,,,,,,,0.094,9506.490,Pinned,Device,NVIDIA A100-SXM4-40GB MIG 4g.20gb (0),1,,13,[CUDA memcpy Host-to-Device]
3078934786,47519,153671,,,,,,,,,,35.810,753583.956,Device,,NVIDIA A100-SXM4-40GB MIG 4g.20gb (0),1,,13,[CUDA memset]
3078985633,2816,153673,,,,,,,,,,0.000,28.409,Pinned,Device,NVIDIA A100-SXM4-40GB MIG 4g.20gb (0),1,,13,[CUDA memcpy Host-to-Device]
3078991521,12992,153674,,,,,,,,,,0.197,15132.918,Pinned,Device,NVIDIA A100-SXM4-40GB MIG 4g.20gb (0),1,,13,[CUDA memcpy Host-to-Device]
3079011137,10272,153675,273,1,1,48,1,1,40,0.000,0.001,,,,,NVIDIA A100-SXM4-40GB MIG 4g.20gb (0),1,,13,"void pusch_noise_intf_est::noiseIntfEstNoDftSOfdmKernel<float, __half, float, float, (unsigned int)2, (unsigned int)1, (unsigned char)4, (unsigned char)4>(pusch_noise_intf_est::puschRxNoiseIntfEstDynDescr)"
3079025665,2880,153686,35,1,1,128,1,1,16,0.000,0.000,,,,,NVIDIA A100-SXM4-40GB MIG 4g.20gb (0),1,,13,cupy_copy__complex64_complex64
3079038784,2048,153695,1,1,1,1,1,1,18,0.000,0.000,,,,,NVIDIA A100-SXM4-40GB MIG 4g.20gb (0),1,,13,cupy_copy__float32_float32
3079069920,1888,153701,,,,,,,,,,0.000,2.119,Device,Pageable,NVIDIA A100-SXM4-40GB MIG 4g.20gb (0),1,,7,[CUDA memcpy Device-to-Host]
3079132415,12960,153712,1434,1,1,128,1,1,16,0.000,0.000,,,,,NVIDIA A100-SXM4-40GB MIG 4g.20gb (0),1,,13,cupy_copy__complex64_complex64
3079158335,2784,153719,103,1,1,128,1,1,16,0.000,0.000,,,,,NVIDIA A100-SXM4-40GB MIG 4g.20gb (0),1,,13,cupy_copy__complex64_complex64
3079178911,2304,153726,35,1,1,128,1,1,16,0.000,0.000,,,,,NVIDIA A100-SXM4-40GB MIG 4g.20gb (0),1,,13,cupy_copy__complex64_complex64
3079197630,1728,153733,1,1,1,1,1,1,18,0.000,0.000,,,,,NVIDIA A100-SXM4-40GB MIG 4g.20gb (0),1,,13,cupy_copy__float32_float32
3079331645,82431,153744,1,1,1,32,32,1,30,0.000,0.000,,,,,NVIDIA A100-SXM4-40GB MIG 4g.20gb (0),1,,13,"void convert_kernel<__half2, float2>(tensor_layout_any, T1 *, tensor_layout_any, const T2 *)"
3079441531,5440,153747,,,,,,,,,,0.094,17223.480,Pinned,Device,NVIDIA A100-SXM4-40GB MIG 4g.20gb (0),1,,13,[CUDA memcpy Host-to-Device]
3079455547,3232,153748,,,,,,,,,,1.547,478533.199,Device,,NVIDIA A100-SXM4-40GB MIG 4g.20gb (0),1,,13,[CUDA memset]
3079464251,3072,153753,,,,,,,,,,0.031,10187.474,Pinned,Device,NVIDIA A100-SXM4-40GB MIG 4g.20gb (0),1,,13,[CUDA memcpy Host-to-Device]
3079469819,9344,153754,,,,,,,,,,0.197,21040.988,Pinned,Device,NVIDIA A100-SXM4-40GB MIG 4g.20gb (0),1,,13,[CUDA memcpy Host-to-Device]
3079484859,6304,153755,273,1,1,8,4,1,39,0.002,0.000,,,,,NVIDIA A100-SXM4-40GB MIG 4g.20gb (0),1,,13,"void channel_eq::eqMmseCoefCompLowMimoKernel<float, float, float, (unsigned int)4, (unsigned int)1, (unsigned int)4>(const channel_eq::_puschRxChEqStatDescr *, channel_eq::_puschRxChEqCoefCompDynDescr)"
3079492219,5920,153756,273,1,1,12,11,1,51,0.002,0.000,,,,,NVIDIA A100-SXM4-40GB MIG 4g.20gb (0),1,,13,"void channel_eq::eqMmseSoftDemapKernel<float, __half, __half, float, (unsigned int)4, (unsigned short)16383>(channel_eq::_puschRxChEqStatDescr *, channel_eq::_puschRxChEqSoftDemapDynDescr)"
3079499131,283228,153757,1,1,1,32,32,1,30,0.000,0.000,,,,,NVIDIA A100-SXM4-40GB MIG 4g.20gb (0),1,,13,"void convert_kernel<float2, __half2>(tensor_layout_any, T1 *, tensor_layout_any, const T2 *)"
3079783479,11040,153769,2253,1,1,128,1,1,16,0.000,0.000,,,,,NVIDIA A100-SXM4-40GB MIG 4g.20gb (0),1,,13,cupy_copy__float16_float16
3079798615,3552,153778,282,1,1,128,1,1,16,0.000,0.000,,,,,NVIDIA A100-SXM4-40GB MIG 4g.20gb (0),1,,13,cupy_copy__complex64_complex64
3079804471,1952,153787,26,1,1,128,1,1,16,0.000,0.000,,,,,NVIDIA A100-SXM4-40GB MIG 4g.20gb (0),1,,13,cupy_copy__float32_float32
3079809719,3168,153796,103,1,1,128,1,1,16,0.000,0.000,,,,,NVIDIA A100-SXM4-40GB MIG 4g.20gb (0),1,,13,cupy_copy__complex64_complex64
3079813911,11776,153806,1434,1,1,128,1,1,16,0.000,0.000,,,,,NVIDIA A100-SXM4-40GB MIG 4g.20gb (0),1,,13,cupy_copy__complex64_complex64
3079832375,81887,153811,1,1,1,32,32,1,30,0.000,0.000,,,,,NVIDIA A100-SXM4-40GB MIG 4g.20gb (0),1,,13,"void convert_kernel<__half2, float2>(tensor_layout_any, T1 *, tensor_layout_any, const T2 *)"
3079941333,5472,153814,,,,,,,,,,0.094,17122.757,Pinned,Device,NVIDIA A100-SXM4-40GB MIG 4g.20gb (0),1,,13,[CUDA memcpy Host-to-Device]
3079951701,599961,153815,,,,,,,,,,456.561,760631.359,Device,,NVIDIA A100-SXM4-40GB MIG 4g.20gb (0),1,,13,[CUDA memset]
3080559054,68991,153820,,,,,,,,,,1.235,17899.278,Pinned,Device,NVIDIA A100-SXM4-40GB MIG 4g.20gb (0),1,,13,[CUDA memcpy Host-to-Device]
3080631757,15360,153821,,,,,,,,,,0.197,12799.967,Pinned,Device,NVIDIA A100-SXM4-40GB MIG 4g.20gb (0),1,,13,[CUDA memcpy Host-to-Device]
3080655980,8480,153822,69,4,1,48,1,1,76,0.002,0.000,,,,,NVIDIA A100-SXM4-40GB MIG 4g.20gb (0),1,,13,"void ch_est::windowedChEstPreNoDftSOfdmKernel<float, __half, float, (unsigned int)2, (unsigned int)1, (unsigned short)4>(ch_est::puschRxChEstStatDescr_t *, ch_est::puschRxChEstDynDescr_t *)"
3080667468,6112,153823,137,2,1,24,2,1,44,0.001,0.001,,,,,NVIDIA A100-SXM4-40GB MIG 4g.20gb (0),1,,13,"void ch_est::chEstFilterNoDftSOfdmDispatchKernel<float, __half, float, (unsigned int)2>(ch_est::puschRxChEstStatDescr_t *, ch_est::puschRxChEstDynDescr_t *)"
3080676780,5312,153824,137,2,1,24,2,1,44,0.001,0.001,,,,,NVIDIA A100-SXM4-40GB MIG 4g.20gb (0),1,,13,"void ch_est::chEstFilterNoDftSOfdmDispatchKernel<float, __half, float, (unsigned int)2>(ch_est::puschRxChEstStatDescr_t *, ch_est::puschRxChEstDynDescr_t *)"
3080687692,2528,153835,103,1,1,128,1,1,16,0.000,0.000,,,,,NVIDIA A100-SXM4-40GB MIG 4g.20gb (0),1,,13,cupy_copy__complex64_complex64
3080694412,12960,153845,1434,1,1,128,1,1,16,0.000,0.000,,,,,NVIDIA A100-SXM4-40GB MIG 4g.20gb (0),1,,13,cupy_copy__complex64_complex64
3080716492,2688,153852,103,1,1,128,1,1,16,0.000,0.000,,,,,NVIDIA A100-SXM4-40GB MIG 4g.20gb (0),1,,13,cupy_copy__complex64_complex64
3080722252,84575,153859,1,1,1,32,32,1,30,0.000,0.000,,,,,NVIDIA A100-SXM4-40GB MIG 4g.20gb (0),1,,13,"void convert_kernel<__half2, float2>(tensor_layout_any, T1 *, tensor_layout_any, const T2 *)"
3080835914,9696,153862,,,,,,,,,,0.094,9663.337,Pinned,Device,NVIDIA A100-SXM4-40GB MIG 4g.20gb (0),1,,13,[CUDA memcpy Host-to-Device]
3080855466,47583,153863,,,,,,,,,,35.810,752545.469,Device,,NVIDIA A100-SXM4-40GB MIG 4g.20gb (0),1,,13,[CUDA memset]
3080909577,2720,153865,,,,,,,,,,0.000,29.412,Pinned,Device,NVIDIA A100-SXM4-40GB MIG 4g.20gb (0),1,,13,[CUDA memcpy Host-to-Device]
3080915849,13216,153866,,,,,,,,,,0.197,14876.344,Pinned,Device,NVIDIA A100-SXM4-40GB MIG 4g.20gb (0),1,,13,[CUDA memcpy Host-to-Device]
3080934953,9248,153867,273,1,1,48,1,1,40,0.000,0.001,,,,,NVIDIA A100-SXM4-40GB MIG 4g.20gb (0),1,,13,"void pusch_noise_intf_est::noiseIntfEstNoDftSOfdmKernel<float, __half, float, float, (unsigned int)2, (unsigned int)1, (unsigned char)4, (unsigned char)4>(pusch_noise_intf_est::puschRxNoiseIntfEstDynDescr)"
3080949673,3008,153878,35,1,1,128,1,1,16,0.000,0.000,,,,,NVIDIA A100-SXM4-40GB MIG 4g.20gb (0),1,,13,cupy_copy__complex64_complex64
3080958569,1856,153887,1,1,1,1,1,1,18,0.000,0.000,,,,,NVIDIA A100-SXM4-40GB MIG 4g.20gb (0),1,,13,cupy_copy__float32_float32
3080987368,2336,153893,,,,,,,,,,0.000,1.712,Device,Pageable,NVIDIA A100-SXM4-40GB MIG 4g.20gb (0),1,,7,[CUDA memcpy Device-to-Host]
3081049064,12799,153904,1434,1,1,128,1,1,16,0.000,0.000,,,,,NVIDIA A100-SXM4-40GB MIG 4g.20gb (0),1,,13,cupy_copy__complex64_complex64
3081075207,3456,153911,103,1,1,128,1,1,16,0.000,0.000,,,,,NVIDIA A100-SXM4-40GB MIG 4g.20gb (0),1,,13,cupy_copy__complex64_complex64
3081095015,2176,153918,35,1,1,128,1,1,16,0.000,0.000,,,,,NVIDIA A100-SXM4-40GB MIG 4g.20gb (0),1,,13,cupy_copy__complex64_complex64
3081113479,1728,153925,1,1,1,1,1,1,18,0.000,0.000,,,,,NVIDIA A100-SXM4-40GB MIG 4g.20gb (0),1,,13,cupy_copy__float32_float32
3081244165,87135,153936,1,1,1,32,32,1,30,0.000,0.000,,,,,NVIDIA A100-SXM4-40GB MIG 4g.20gb (0),1,,13,"void convert_kernel<__half2, float2>(tensor_layout_any, T1 *, tensor_layout_any, const T2 *)"
3081358852,5472,153939,,,,,,,,,,0.094,17122.757,Pinned,Device,NVIDIA A100-SXM4-40GB MIG 4g.20gb (0),1,,13,[CUDA memcpy Host-to-Device]
3081375460,3551,153940,,,,,,,,,,1.547,435544.785,Device,,NVIDIA A100-SXM4-40GB MIG 4g.20gb (0),1,,13,[CUDA memset]
3081382563,3232,153945,,,,,,,,,,0.031,9683.139,Pinned,Device,NVIDIA A100-SXM4-40GB MIG 4g.20gb (0),1,,13,[CUDA memcpy Host-to-Device]
3081388227,9472,153946,,,,,,,,,,0.197,20756.693,Pinned,Device,NVIDIA A100-SXM4-40GB MIG 4g.20gb (0),1,,13,[CUDA memcpy Host-to-Device]
3081401795,6464,153947,273,1,1,8,4,1,39,0.002,0.000,,,,,NVIDIA A100-SXM4-40GB MIG 4g.20gb (0),1,,13,"void channel_eq::eqMmseCoefCompLowMimoKernel<float, float, float, (unsigned int)4, (unsigned int)1, (unsigned int)4>(const channel_eq::_puschRxChEqStatDescr *, channel_eq::_puschRxChEqCoefCompDynDescr)"
3081409411,5856,153948,273,1,1,12,11,1,51,0.002,0.000,,,,,NVIDIA A100-SXM4-40GB MIG 4g.20gb (0),1,,13,"void channel_eq::eqMmseSoftDemapKernel<float, __half, __half, float, (unsigned int)4, (unsigned short)16383>(channel_eq::_puschRxChEqStatDescr *, channel_eq::_puschRxChEqSoftDemapDynDescr)"
3081416483,294012,153949,1,1,1,32,32,1,30,0.000,0.000,,,,,NVIDIA A100-SXM4-40GB MIG 4g.20gb (0),1,,13,"void convert_kernel<float2, __half2>(tensor_layout_any, T1 *, tensor_layout_any, const T2 *)"
3081711679,11424,153961,2253,1,1,128,1,1,16,0.000,0.000,,,,,NVIDIA A100-SXM4-40GB MIG 4g.20gb (0),1,,13,cupy_copy__float16_float16
3081725407,3264,153970,282,1,1,128,1,1,16,0.000,0.000,,,,,NVIDIA A100-SXM4-40GB MIG 4g.20gb (0),1,,13,cupy_copy__complex64_complex64
3081730175,2016,153979,26,1,1,128,1,1,16,0.000,0.000,,,,,NVIDIA A100-SXM4-40GB MIG 4g.20gb (0),1,,13,cupy_copy__float32_float32
3081733215,3104,153988,103,1,1,128,1,1,16,0.000,0.000,,,,,NVIDIA A100-SXM4-40GB MIG 4g.20gb (0),1,,13,cupy_copy__complex64_complex64
3081737439,12128,153998,1434,1,1,128,1,1,16,0.000,0.000,,,,,NVIDIA A100-SXM4-40GB MIG 4g.20gb (0),1,,13,cupy_copy__complex64_complex64
3081753631,91103,154003,1,1,1,32,32,1,30,0.000,0.000,,,,,NVIDIA A100-SXM4-40GB MIG 4g.20gb (0),1,,13,"void convert_kernel<__half2, float2>(tensor_layout_any, T1 *, tensor_layout_any, const T2 *)"
3081871357,5472,154006,,,,,,,,,,0.094,17122.757,Pinned,Device,NVIDIA A100-SXM4-40GB MIG 4g.20gb (0),1,,13,[CUDA memcpy Host-to-Device]
3081880893,606041,154007,,,,,,,,,,456.561,753326.376,Device,,NVIDIA A100-SXM4-40GB MIG 4g.20gb (0),1,,13,[CUDA memset]
3082490166,68639,154012,,,,,,,,,,1.235,17990.664,Pinned,Device,NVIDIA A100-SXM4-40GB MIG 4g.20gb (0),1,,13,[CUDA memcpy Host-to-Device]
3082562485,15584,154013,,,,,,,,,,0.197,12615.942,Pinned,Device,NVIDIA A100-SXM4-40GB MIG 4g.20gb (0),1,,13,[CUDA memcpy Host-to-Device]
3082585589,9279,154014,69,4,1,48,1,1,76,0.002,0.000,,,,,NVIDIA A100-SXM4-40GB MIG 4g.20gb (0),1,,13,"void ch_est::windowedChEstPreNoDftSOfdmKernel<float, __half, float, (unsigned int)2, (unsigned int)1, (unsigned short)4>(ch_est::puschRxChEstStatDescr_t *, ch_est::puschRxChEstDynDescr_t *)"
3082596884,7776,154015,137,2,1,24,2,1,44,0.001,0.001,,,,,NVIDIA A100-SXM4-40GB MIG 4g.20gb (0),1,,13,"void ch_est::chEstFilterNoDftSOfdmDispatchKernel<float, __half, float, (unsigned int)2>(ch_est::puschRxChEstStatDescr_t *, ch_est::puschRxChEstDynDescr_t *)"
3082607252,5280,154016,137,2,1,24,2,1,44,0.001,0.001,,,,,NVIDIA A100-SXM4-40GB MIG 4g.20gb (0),1,,13,"void ch_est::chEstFilterNoDftSOfdmDispatchKernel<float, __half, float, (unsigned int)2>(ch_est::puschRxChEstStatDescr_t *, ch_est::puschRxChEstDynDescr_t *)"
3082617620,2688,154027,103,1,1,128,1,1,16,0.000,0.000,,,,,NVIDIA A100-SXM4-40GB MIG 4g.20gb (0),1,,13,cupy_copy__complex64_complex64
3082623540,12480,154037,1434,1,1,128,1,1,16,0.000,0.000,,,,,NVIDIA A100-SXM4-40GB MIG 4g.20gb (0),1,,13,cupy_copy__complex64_complex64
3082641908,2816,154044,103,1,1,128,1,1,16,0.000,0.000,,,,,NVIDIA A100-SXM4-40GB MIG 4g.20gb (0),1,,13,cupy_copy__complex64_complex64
3082647956,84095,154051,1,1,1,32,32,1,30,0.000,0.000,,,,,NVIDIA A100-SXM4-40GB MIG 4g.20gb (0),1,,13,"void convert_kernel<__half2, float2>(tensor_layout_any, T1 *, tensor_layout_any, const T2 *)"
3082760658,9760,154054,,,,,,,,,,0.094,9599.998,Pinned,Device,NVIDIA A100-SXM4-40GB MIG 4g.20gb (0),1,,13,[CUDA memcpy Host-to-Device]
3082780402,48512,154055,,,,,,,,,,35.810,738149.881,Device,,NVIDIA A100-SXM4-40GB MIG 4g.20gb (0),1,,13,[CUDA memset]
3082831250,4351,154057,,,,,,,,,,0.000,18.387,Pinned,Device,NVIDIA A100-SXM4-40GB MIG 4g.20gb (0),1,,13,[CUDA memcpy Host-to-Device]
3082840401,12512,154058,,,,,,,,,,0.197,15713.501,Pinned,Device,NVIDIA A100-SXM4-40GB MIG 4g.20gb (0),1,,13,[CUDA memcpy Host-to-Device]
3082858705,9152,154059,273,1,1,48,1,1,40,0.000,0.001,,,,,NVIDIA A100-SXM4-40GB MIG 4g.20gb (0),1,,13,"void pusch_noise_intf_est::noiseIntfEstNoDftSOfdmKernel<float, __half, float, float, (unsigned int)2, (unsigned int)1, (unsigned char)4, (unsigned char)4>(pusch_noise_intf_est::puschRxNoiseIntfEstDynDescr)"
3082870513,2912,154070,35,1,1,128,1,1,16,0.000,0.000,,,,,NVIDIA A100-SXM4-40GB MIG 4g.20gb (0),1,,13,cupy_copy__complex64_complex64
3082891665,1920,154079,1,1,1,1,1,1,18,0.000,0.000,,,,,NVIDIA A100-SXM4-40GB MIG 4g.20gb (0),1,,13,cupy_copy__float32_float32
3082921488,1888,154085,,,,,,,,,,0.000,2.119,Device,Pageable,NVIDIA A100-SXM4-40GB MIG 4g.20gb (0),1,,7,[CUDA memcpy Device-to-Host]
3082983152,12959,154096,1434,1,1,128,1,1,16,0.000,0.000,,,,,NVIDIA A100-SXM4-40GB MIG 4g.20gb (0),1,,13,cupy_copy__complex64_complex64
3083009231,2592,154103,103,1,1,128,1,1,16,0.000,0.000,,,,,NVIDIA A100-SXM4-40GB MIG 4g.20gb (0),1,,13,cupy_copy__complex64_complex64
3083030639,2848,154110,35,1,1,128,1,1,16,0.000,0.000,,,,,NVIDIA A100-SXM4-40GB MIG 4g.20gb (0),1,,13,cupy_copy__complex64_complex64
3083048175,1760,154117,1,1,1,1,1,1,18,0.000,0.000,,,,,NVIDIA A100-SXM4-40GB MIG 4g.20gb (0),1,,13,cupy_copy__float32_float32
3083179277,82079,154128,1,1,1,32,32,1,30,0.000,0.000,,,,,NVIDIA A100-SXM4-40GB MIG 4g.20gb (0),1,,13,"void convert_kernel<__half2, float2>(tensor_layout_any, T1 *, tensor_layout_any, const T2 *)"
3083289484,5472,154131,,,,,,,,,,0.094,17122.757,Pinned,Device,NVIDIA A100-SXM4-40GB MIG 4g.20gb (0),1,,13,[CUDA memcpy Host-to-Device]
3083304108,3520,154132,,,,,,,,,,1.547,439380.412,Device,,NVIDIA A100-SXM4-40GB MIG 4g.20gb (0),1,,13,[CUDA memset]
3083310956,3168,154137,,,,,,,,,,0.031,9878.770,Pinned,Device,NVIDIA A100-SXM4-40GB MIG 4g.20gb (0),1,,13,[CUDA memcpy Host-to-Device]
3083316684,9535,154138,,,,,,,,,,0.197,20619.461,Pinned,Device,NVIDIA A100-SXM4-40GB MIG 4g.20gb (0),1,,13,[CUDA memcpy Host-to-Device]
3083332043,6272,154139,273,1,1,8,4,1,39,0.002,0.000,,,,,NVIDIA A100-SXM4-40GB MIG 4g.20gb (0),1,,13,"void channel_eq::eqMmseCoefCompLowMimoKernel<float, float, float, (unsigned int)4, (unsigned int)1, (unsigned int)4>(const channel_eq::_puschRxChEqStatDescr *, channel_eq::_puschRxChEqCoefCompDynDescr)"
3083339339,6144,154140,273,1,1,12,11,1,51,0.002,0.000,,,,,NVIDIA A100-SXM4-40GB MIG 4g.20gb (0),1,,13,"void channel_eq::eqMmseSoftDemapKernel<float, __half, __half, float, (unsigned int)4, (unsigned short)16383>(channel_eq::_puschRxChEqStatDescr *, channel_eq::_puschRxChEqSoftDemapDynDescr)"
3083346539,282237,154141,1,1,1,32,32,1,30,0.000,0.000,,,,,NVIDIA A100-SXM4-40GB MIG 4g.20gb (0),1,,13,"void convert_kernel<float2, __half2>(tensor_layout_any, T1 *, tensor_layout_any, const T2 *)"
3083630280,10944,154153,2253,1,1,128,1,1,16,0.000,0.000,,,,,NVIDIA A100-SXM4-40GB MIG 4g.20gb (0),1,,13,cupy_copy__float16_float16
3083646055,2880,154162,282,1,1,128,1,1,16,0.000,0.000,,,,,NVIDIA A100-SXM4-40GB MIG 4g.20gb (0),1,,13,cupy_copy__complex64_complex64
3083650663,2016,154171,26,1,1,128,1,1,16,0.000,0.000,,,,,NVIDIA A100-SXM4-40GB MIG 4g.20gb (0),1,,13,cupy_copy__float32_float32
3083653799,4576,154180,103,1,1,128,1,1,16,0.000,0.000,,,,,NVIDIA A100-SXM4-40GB MIG 4g.20gb (0),1,,13,cupy_copy__complex64_complex64
3083659463,12000,154190,1434,1,1,128,1,1,16,0.000,0.000,,,,,NVIDIA A100-SXM4-40GB MIG 4g.20gb (0),1,,13,cupy_copy__complex64_complex64
3083682503,81727,154195,1,1,1,32,32,1,30,0.000,0.000,,,,,NVIDIA A100-SXM4-40GB MIG 4g.20gb (0),1,,13,"void convert_kernel<__half2, float2>(tensor_layout_any, T1 *, tensor_layout_any, const T2 *)"
3083791398,5472,154198,,,,,,,,,,0.094,17122.757,Pinned,Device,NVIDIA A100-SXM4-40GB MIG 4g.20gb (0),1,,13,[CUDA memcpy Host-to-Device]
3083801830,603640,154199,,,,,,,,,,456.561,756065.745,Device,,NVIDIA A100-SXM4-40GB MIG 4g.20gb (0),1,,13,[CUDA memset]
3084411294,71167,154204,,,,,,,,,,1.235,17352.198,Pinned,Device,NVIDIA A100-SXM4-40GB MIG 4g.20gb (0),1,,13,[CUDA memcpy Host-to-Device]
3084485885,14400,154205,,,,,,,,,,0.197,13653.246,Pinned,Device,NVIDIA A100-SXM4-40GB MIG 4g.20gb (0),1,,13,[CUDA memcpy Host-to-Device]
3084510269,8160,154206,69,4,1,48,1,1,76,0.002,0.000,,,,,NVIDIA A100-SXM4-40GB MIG 4g.20gb (0),1,,13,"void ch_est::windowedChEstPreNoDftSOfdmKernel<float, __half, float, (unsigned int)2, (unsigned int)1, (unsigned short)4>(ch_est::puschRxChEstStatDescr_t *, ch_est::puschRxChEstDynDescr_t *)"
3084521821,6432,154207,137,2,1,24,2,1,44,0.001,0.001,,,,,NVIDIA A100-SXM4-40GB MIG 4g.20gb (0),1,,13,"void ch_est::chEstFilterNoDftSOfdmDispatchKernel<float, __half, float, (unsigned int)2>(ch_est::puschRxChEstStatDescr_t *, ch_est::puschRxChEstDynDescr_t *)"
3084533500,5184,154208,137,2,1,24,2,1,44,0.001,0.001,,,,,NVIDIA A100-SXM4-40GB MIG 4g.20gb (0),1,,13,"void ch_est::chEstFilterNoDftSOfdmDispatchKernel<float, __half, float, (unsigned int)2>(ch_est::puschRxChEstStatDescr_t *, ch_est::puschRxChEstDynDescr_t *)"
3084543100,2880,154219,103,1,1,128,1,1,16,0.000,0.000,,,,,NVIDIA A100-SXM4-40GB MIG 4g.20gb (0),1,,13,cupy_copy__complex64_complex64
3084548796,12640,154229,1434,1,1,128,1,1,16,0.000,0.000,,,,,NVIDIA A100-SXM4-40GB MIG 4g.20gb (0),1,,13,cupy_copy__complex64_complex64
3084565276,2464,154236,103,1,1,128,1,1,16,0.000,0.000,,,,,NVIDIA A100-SXM4-40GB MIG 4g.20gb (0),1,,13,cupy_copy__complex64_complex64
3084573404,84159,154243,1,1,1,32,32,1,30,0.000,0.000,,,,,NVIDIA A100-SXM4-40GB MIG 4g.20gb (0),1,,13,"void convert_kernel<__half2, float2>(tensor_layout_any, T1 *, tensor_layout_any, const T2 *)"
3084686203,9599,154246,,,,,,,,,,0.094,9760.968,Pinned,Device,NVIDIA A100-SXM4-40GB MIG 4g.20gb (0),1,,13,[CUDA memcpy Host-to-Device]
3084702330,49344,154247,,,,,,,,,,35.810,725688.029,Device,,NVIDIA A100-SXM4-40GB MIG 4g.20gb (0),1,,13,[CUDA memset]
3084758746,4448,154249,,,,,,,,,,0.000,17.986,Pinned,Device,NVIDIA A100-SXM4-40GB MIG 4g.20gb (0),1,,13,[CUDA memcpy Host-to-Device]
3084768378,14623,154250,,,,,,,,,,0.197,13445.038,Pinned,Device,NVIDIA A100-SXM4-40GB MIG 4g.20gb (0),1,,13,[CUDA memcpy Host-to-Device]
3084788825,9600,154251,273,1,1,48,1,1,40,0.000,0.001,,,,,NVIDIA A100-SXM4-40GB MIG 4g.20gb (0),1,,13,"void pusch_noise_intf_est::noiseIntfEstNoDftSOfdmKernel<float, __half, float, float, (unsigned int)2, (unsigned int)1, (unsigned char)4, (unsigned char)4>(pusch_noise_intf_est::puschRxNoiseIntfEstDynDescr)"
3084802777,3040,154262,35,1,1,128,1,1,16,0.000,0.000,,,,,NVIDIA A100-SXM4-40GB MIG 4g.20gb (0),1,,13,cupy_copy__complex64_complex64
3084809081,1824,154271,1,1,1,1,1,1,18,0.000,0.000,,,,,NVIDIA A100-SXM4-40GB MIG 4g.20gb (0),1,,13,cupy_copy__float32_float32
3084836889,2112,154277,,,,,,,,,,0.000,1.894,Device,Pageable,NVIDIA A100-SXM4-40GB MIG 4g.20gb (0),1,,7,[CUDA memcpy Device-to-Host]
3084898232,13216,154288,1434,1,1,128,1,1,16,0.000,0.000,,,,,NVIDIA A100-SXM4-40GB MIG 4g.20gb (0),1,,13,cupy_copy__complex64_complex64
3084924696,2784,154295,103,1,1,128,1,1,16,0.000,0.000,,,,,NVIDIA A100-SXM4-40GB MIG 4g.20gb (0),1,,13,cupy_copy__complex64_complex64
3084946007,2432,154302,35,1,1,128,1,1,16,0.000,0.000,,,,,NVIDIA A100-SXM4-40GB MIG 4g.20gb (0),1,,13,cupy_copy__complex64_complex64
3084963639,1792,154309,1,1,1,1,1,1,18,0.000,0.000,,,,,NVIDIA A100-SXM4-40GB MIG 4g.20gb (0),1,,13,cupy_copy__float32_float32
3085096918,82750,154320,1,1,1,32,32,1,30,0.000,0.000,,,,,NVIDIA A100-SXM4-40GB MIG 4g.20gb (0),1,,13,"void convert_kernel<__half2, float2>(tensor_layout_any, T1 *, tensor_layout_any, const T2 *)"
3085206964,5504,154323,,,,,,,,,,0.094,17023.251,Pinned,Device,NVIDIA A100-SXM4-40GB MIG 4g.20gb (0),1,,13,[CUDA memcpy Host-to-Device]
3085221492,3616,154324,,,,,,,,,,1.547,427715.774,Device,,NVIDIA A100-SXM4-40GB MIG 4g.20gb (0),1,,13,[CUDA memset]
3085228052,3168,154329,,,,,,,,,,0.031,9878.770,Pinned,Device,NVIDIA A100-SXM4-40GB MIG 4g.20gb (0),1,,13,[CUDA memcpy Host-to-Device]
3085233652,9472,154330,,,,,,,,,,0.197,20756.693,Pinned,Device,NVIDIA A100-SXM4-40GB MIG 4g.20gb (0),1,,13,[CUDA memcpy Host-to-Device]
3085248692,6208,154331,273,1,1,8,4,1,39,0.002,0.000,,,,,NVIDIA A100-SXM4-40GB MIG 4g.20gb (0),1,,13,"void channel_eq::eqMmseCoefCompLowMimoKernel<float, float, float, (unsigned int)4, (unsigned int)1, (unsigned int)4>(const channel_eq::_puschRxChEqStatDescr *, channel_eq::_puschRxChEqCoefCompDynDescr)"
3085257684,5759,154332,273,1,1,12,11,1,51,0.002,0.000,,,,,NVIDIA A100-SXM4-40GB MIG 4g.20gb (0),1,,13,"void channel_eq::eqMmseSoftDemapKernel<float, __half, __half, float, (unsigned int)4, (unsigned short)16383>(channel_eq::_puschRxChEqStatDescr *, channel_eq::_puschRxChEqSoftDemapDynDescr)"
3085264403,282333,154333,1,1,1,32,32,1,30,0.000,0.000,,,,,NVIDIA A100-SXM4-40GB MIG 4g.20gb (0),1,,13,"void convert_kernel<float2, __half2>(tensor_layout_any, T1 *, tensor_layout_any, const T2 *)"
3085547728,11008,154345,2253,1,1,128,1,1,16,0.000,0.000,,,,,NVIDIA A100-SXM4-40GB MIG 4g.20gb (0),1,,13,cupy_copy__float16_float16
3085562384,2880,154354,282,1,1,128,1,1,16,0.000,0.000,,,,,NVIDIA A100-SXM4-40GB MIG 4g.20gb (0),1,,13,cupy_copy__complex64_complex64
3085567856,2080,154363,26,1,1,128,1,1,16,0.000,0.000,,,,,NVIDIA A100-SXM4-40GB MIG 4g.20gb (0),1,,13,cupy_copy__float32_float32
3085571056,2912,154372,103,1,1,128,1,1,16,0.000,0.000,,,,,NVIDIA A100-SXM4-40GB MIG 4g.20gb (0),1,,13,cupy_copy__complex64_complex64
3085575440,12095,154382,1434,1,1,128,1,1,16,0.000,0.000,,,,,NVIDIA A100-SXM4-40GB MIG 4g.20gb (0),1,,13,cupy_copy__complex64_complex64
3085591343,82143,154387,1,1,1,32,32,1,30,0.000,0.000,,,,,NVIDIA A100-SXM4-40GB MIG 4g.20gb (0),1,,13,"void convert_kernel<__half2, float2>(tensor_layout_any, T1 *, tensor_layout_any, const T2 *)"
3085700078,5728,154390,,,,,,,,,,0.094,16357.541,Pinned,Device,NVIDIA A100-SXM4-40GB MIG 4g.20gb (0),1,,13,[CUDA memcpy Host-to-Device]
3085710318,602104,154391,,,,,,,,,,456.561,757891.990,Device,,NVIDIA A100-SXM4-40GB MIG 4g.20gb (0),1,,13,[CUDA memset]
3086320006,72767,154396,,,,,,,,,,1.235,16970.600,Pinned,Device,NVIDIA A100-SXM4-40GB MIG 4g.20gb (0),1,,13,[CUDA memcpy Host-to-Device]
3086396357,14656,154397,,,,,,,,,,0.197,13414.760,Pinned,Device,NVIDIA A100-SXM4-40GB MIG 4g.20gb (0),1,,13,[CUDA memcpy Host-to-Device]
3086420357,8640,154398,69,4,1,48,1,1,76,0.002,0.000,,,,,NVIDIA A100-SXM4-40GB MIG 4g.20gb (0),1,,13,"void ch_est::windowedChEstPreNoDftSOfdmKernel<float, __half, float, (unsigned int)2, (unsigned int)1, (unsigned short)4>(ch_est::puschRxChEstStatDescr_t *, ch_est::puschRxChEstDynDescr_t *)"
3086431845,6624,154399,137,2,1,24,2,1,44,0.001,0.001,,,,,NVIDIA A100-SXM4-40GB MIG 4g.20gb (0),1,,13,"void ch_est::chEstFilterNoDftSOfdmDispatchKernel<float, __half, float, (unsigned int)2>(ch_est::puschRxChEstStatDescr_t *, ch_est::puschRxChEstDynDescr_t *)"
3086441093,5216,154400,137,2,1,24,2,1,44,0.001,0.001,,,,,NVIDIA A100-SXM4-40GB MIG 4g.20gb (0),1,,13,"void ch_est::chEstFilterNoDftSOfdmDispatchKernel<float, __half, float, (unsigned int)2>(ch_est::puschRxChEstStatDescr_t *, ch_est::puschRxChEstDynDescr_t *)"
3086452421,2624,154411,103,1,1,128,1,1,16,0.000,0.000,,,,,NVIDIA A100-SXM4-40GB MIG 4g.20gb (0),1,,13,cupy_copy__complex64_complex64
3086457893,12416,154421,1434,1,1,128,1,1,16,0.000,0.000,,,,,NVIDIA A100-SXM4-40GB MIG 4g.20gb (0),1,,13,cupy_copy__complex64_complex64
3086474116,2656,154428,103,1,1,128,1,1,16,0.000,0.000,,,,,NVIDIA A100-SXM4-40GB MIG 4g.20gb (0),1,,13,cupy_copy__complex64_complex64
3086481604,83455,154435,1,1,1,32,32,1,30,0.000,0.000,,,,,NVIDIA A100-SXM4-40GB MIG 4g.20gb (0),1,,13,"void convert_kernel<__half2, float2>(tensor_layout_any, T1 *, tensor_layout_any, const T2 *)"
3086592547,8576,154438,,,,,,,,,,0.094,10925.328,Pinned,Device,NVIDIA A100-SXM4-40GB MIG 4g.20gb (0),1,,13,[CUDA memcpy Host-to-Device]
3086610083,47775,154439,,,,,,,,,,35.810,749537.436,Device,,NVIDIA A100-SXM4-40GB MIG 4g.20gb (0),1,,13,[CUDA memset]
3086660002,4768,154441,,,,,,,,,,0.000,16.778,Pinned,Device,NVIDIA A100-SXM4-40GB MIG 4g.20gb (0),1,,13,[CUDA memcpy Host-to-Device]
3086667714,14304,154442,,,,,,,,,,0.197,13744.865,Pinned,Device,NVIDIA A100-SXM4-40GB MIG 4g.20gb (0),1,,13,[CUDA memcpy Host-to-Device]
3086691714,10080,154443,273,1,1,48,1,1,40,0.000,0.001,,,,,NVIDIA A100-SXM4-40GB MIG 4g.20gb (0),1,,13,"void pusch_noise_intf_est::noiseIntfEstNoDftSOfdmKernel<float, __half, float, float, (unsigned int)2, (unsigned int)1, (unsigned char)4, (unsigned char)4>(pusch_noise_intf_est::puschRxNoiseIntfEstDynDescr)"
3086705570,2976,154454,35,1,1,128,1,1,16,0.000,0.000,,,,,NVIDIA A100-SXM4-40GB MIG 4g.20gb (0),1,,13,cupy_copy__complex64_complex64
3086714114,1919,154463,1,1,1,1,1,1,18,0.000,0.000,,,,,NVIDIA A100-SXM4-40GB MIG 4g.20gb (0),1,,13,cupy_copy__float32_float32
3086743809,1760,154469,,,,,,,,,,0.000,2.273,Device,Pageable,NVIDIA A100-SXM4-40GB MIG 4g.20gb (0),1,,7,[CUDA memcpy Device-to-Host]
3086803936,12800,154480,1434,1,1,128,1,1,16,0.000,0.000,,,,,NVIDIA A100-SXM4-40GB MIG 4g.20gb (0),1,,13,cupy_copy__complex64_complex64
3086830496,2656,154487,103,1,1,128,1,1,16,0.000,0.000,,,,,NVIDIA A100-SXM4-40GB MIG 4g.20gb (0),1,,13,cupy_copy__complex64_complex64
3086859136,2432,154494,35,1,1,128,1,1,16,0.000,0.000,,,,,NVIDIA A100-SXM4-40GB MIG 4g.20gb (0),1,,13,cupy_copy__complex64_complex64
3086882143,1824,154501,1,1,1,1,1,1,18,0.000,0.000,,,,,NVIDIA A100-SXM4-40GB MIG 4g.20gb (0),1,,13,cupy_copy__float32_float32
3087012574,85823,154512,1,1,1,32,32,1,30,0.000,0.000,,,,,NVIDIA A100-SXM4-40GB MIG 4g.20gb (0),1,,13,"void convert_kernel<__half2, float2>(tensor_layout_any, T1 *, tensor_layout_any, const T2 *)"
3087126620,5568,154515,,,,,,,,,,0.094,16827.521,Pinned,Device,NVIDIA A100-SXM4-40GB MIG 4g.20gb (0),1,,13,[CUDA memcpy Host-to-Device]
3087141436,3392,154516,,,,,,,,,,1.547,455961.768,Device,,NVIDIA A100-SXM4-40GB MIG 4g.20gb (0),1,,13,[CUDA memset]
3087148316,3104,154521,,,,,,,,,,0.031,10082.445,Pinned,Device,NVIDIA A100-SXM4-40GB MIG 4g.20gb (0),1,,13,[CUDA memcpy Host-to-Device]
3087153980,9408,154522,,,,,,,,,,0.197,20897.858,Pinned,Device,NVIDIA A100-SXM4-40GB MIG 4g.20gb (0),1,,13,[CUDA memcpy Host-to-Device]
3087168636,6176,154523,273,1,1,8,4,1,39,0.002,0.000,,,,,NVIDIA A100-SXM4-40GB MIG 4g.20gb (0),1,,13,"void channel_eq::eqMmseCoefCompLowMimoKernel<float, float, float, (unsigned int)4, (unsigned int)1, (unsigned int)4>(const channel_eq::_puschRxChEqStatDescr *, channel_eq::_puschRxChEqCoefCompDynDescr)"
3087179612,5056,154524,273,1,1,12,11,1,51,0.002,0.000,,,,,NVIDIA A100-SXM4-40GB MIG 4g.20gb (0),1,,13,"void channel_eq::eqMmseSoftDemapKernel<float, __half, __half, float, (unsigned int)4, (unsigned short)16383>(channel_eq::_puschRxChEqStatDescr *, channel_eq::_puschRxChEqSoftDemapDynDescr)"
3087187644,290076,154525,1,1,1,32,32,1,30,0.000,0.000,,,,,NVIDIA A100-SXM4-40GB MIG 4g.20gb (0),1,,13,"void convert_kernel<float2, __half2>(tensor_layout_any, T1 *, tensor_layout_any, const T2 *)"
3087479320,10816,154537,2253,1,1,128,1,1,16,0.000,0.000,,,,,NVIDIA A100-SXM4-40GB MIG 4g.20gb (0),1,,13,cupy_copy__float16_float16
3087492408,3104,154546,282,1,1,128,1,1,16,0.000,0.000,,,,,NVIDIA A100-SXM4-40GB MIG 4g.20gb (0),1,,13,cupy_copy__complex64_complex64
3087496504,2048,154555,26,1,1,128,1,1,16,0.000,0.000,,,,,NVIDIA A100-SXM4-40GB MIG 4g.20gb (0),1,,13,cupy_copy__float32_float32
3087501464,2784,154564,103,1,1,128,1,1,16,0.000,0.000,,,,,NVIDIA A100-SXM4-40GB MIG 4g.20gb (0),1,,13,cupy_copy__complex64_complex64
3087508024,12256,154574,1434,1,1,128,1,1,16,0.000,0.000,,,,,NVIDIA A100-SXM4-40GB MIG 4g.20gb (0),1,,13,cupy_copy__complex64_complex64
3087524216,80127,154579,1,1,1,32,32,1,30,0.000,0.000,,,,,NVIDIA A100-SXM4-40GB MIG 4g.20gb (0),1,,13,"void convert_kernel<__half2, float2>(tensor_layout_any, T1 *, tensor_layout_any, const T2 *)"
3087631094,5632,154582,,,,,,,,,,0.094,16636.287,Pinned,Device,NVIDIA A100-SXM4-40GB MIG 4g.20gb (0),1,,13,[CUDA memcpy Host-to-Device]
3087640886,600057,154583,,,,,,,,,,456.561,760631.359,Device,,NVIDIA A100-SXM4-40GB MIG 4g.20gb (0),1,,13,[CUDA memset]
3088248495,67487,154588,,,,,,,,,,1.235,18298.165,Pinned,Device,NVIDIA A100-SXM4-40GB MIG 4g.20gb (0),1,,13,[CUDA memcpy Host-to-Device]
3088319534,15391,154589,,,,,,,,,,0.197,12774.212,Pinned,Device,NVIDIA A100-SXM4-40GB MIG 4g.20gb (0),1,,13,[CUDA memcpy Host-to-Device]
3088343341,8256,154590,69,4,1,48,1,1,76,0.002,0.000,,,,,NVIDIA A100-SXM4-40GB MIG 4g.20gb (0),1,,13,"void ch_est::windowedChEstPreNoDftSOfdmKernel<float, __half, float, (unsigned int)2, (unsigned int)1, (unsigned short)4>(ch_est::puschRxChEstStatDescr_t *, ch_est::puschRxChEstDynDescr_t *)"
3088355021,6752,154591,137,2,1,24,2,1,44,0.001,0.001,,,,,NVIDIA A100-SXM4-40GB MIG 4g.20gb (0),1,,13,"void ch_est::chEstFilterNoDftSOfdmDispatchKernel<float, __half, float, (unsigned int)2>(ch_est::puschRxChEstStatDescr_t *, ch_est::puschRxChEstDynDescr_t *)"
3088365133,5504,154592,137,2,1,24,2,1,44,0.001,0.001,,,,,NVIDIA A100-SXM4-40GB MIG 4g.20gb (0),1,,13,"void ch_est::chEstFilterNoDftSOfdmDispatchKernel<float, __half, float, (unsigned int)2>(ch_est::puschRxChEstStatDescr_t *, ch_est::puschRxChEstDynDescr_t *)"
3088375725,2560,154603,103,1,1,128,1,1,16,0.000,0.000,,,,,NVIDIA A100-SXM4-40GB MIG 4g.20gb (0),1,,13,cupy_copy__complex64_complex64
3088381965,12640,154613,1434,1,1,128,1,1,16,0.000,0.000,,,,,NVIDIA A100-SXM4-40GB MIG 4g.20gb (0),1,,13,cupy_copy__complex64_complex64
3088397869,2496,154620,103,1,1,128,1,1,16,0.000,0.000,,,,,NVIDIA A100-SXM4-40GB MIG 4g.20gb (0),1,,13,cupy_copy__complex64_complex64
3088404077,82591,154627,1,1,1,32,32,1,30,0.000,0.000,,,,,NVIDIA A100-SXM4-40GB MIG 4g.20gb (0),1,,13,"void convert_kernel<__half2, float2>(tensor_layout_any, T1 *, tensor_layout_any, const T2 *)"
3088514667,7968,154630,,,,,,,,,,0.094,11759.035,Pinned,Device,NVIDIA A100-SXM4-40GB MIG 4g.20gb (0),1,,13,[CUDA memcpy Host-to-Device]
3088530987,47263,154631,,,,,,,,,,35.810,757666.287,Device,,NVIDIA A100-SXM4-40GB MIG 4g.20gb (0),1,,13,[CUDA memset]
3088583850,2496,154633,,,,,,,,,,0.000,32.051,Pinned,Device,NVIDIA A100-SXM4-40GB MIG 4g.20gb (0),1,,13,[CUDA memcpy Host-to-Device]
3088590890,13056,154634,,,,,,,,,,0.197,15058.797,Pinned,Device,NVIDIA A100-SXM4-40GB MIG 4g.20gb (0),1,,13,[CUDA memcpy Host-to-Device]
3088610346,10400,154635,273,1,1,48,1,1,40,0.000,0.001,,,,,NVIDIA A100-SXM4-40GB MIG 4g.20gb (0),1,,13,"void pusch_noise_intf_est::noiseIntfEstNoDftSOfdmKernel<float, __half, float, float, (unsigned int)2, (unsigned int)1, (unsigned char)4, (unsigned char)4>(pusch_noise_intf_est::puschRxNoiseIntfEstDynDescr)"
3088625194,2912,154646,35,1,1,128,1,1,16,0.000,0.000,,,,,NVIDIA A100-SXM4-40GB MIG 4g.20gb (0),1,,13,cupy_copy__complex64_complex64
3088634186,1952,154655,1,1,1,1,1,1,18,0.000,0.000,,,,,NVIDIA A100-SXM4-40GB MIG 4g.20gb (0),1,,13,cupy_copy__float32_float32
3088665321,2048,154661,,,,,,,,,,0.000,1.953,Device,Pageable,NVIDIA A100-SXM4-40GB MIG 4g.20gb (0),1,,7,[CUDA memcpy Device-to-Host]
3088726377,13279,154672,1434,1,1,128,1,1,16,0.000,0.000,,,,,NVIDIA A100-SXM4-40GB MIG 4g.20gb (0),1,,13,cupy_copy__complex64_complex64
3088753832,2912,154679,103,1,1,128,1,1,16,0.000,0.000,,,,,NVIDIA A100-SXM4-40GB MIG 4g.20gb (0),1,,13,cupy_copy__complex64_complex64
3088776392,2400,154686,35,1,1,128,1,1,16,0.000,0.000,,,,,NVIDIA A100-SXM4-40GB MIG 4g.20gb (0),1,,13,cupy_copy__complex64_complex64
3088794664,1760,154693,1,1,1,1,1,1,18,0.000,0.000,,,,,NVIDIA A100-SXM4-40GB MIG 4g.20gb (0),1,,13,cupy_copy__float32_float32
3088924934,82303,154704,1,1,1,32,32,1,30,0.000,0.000,,,,,NVIDIA A100-SXM4-40GB MIG 4g.20gb (0),1,,13,"void convert_kernel<__half2, float2>(tensor_layout_any, T1 *, tensor_layout_any, const T2 *)"
3089034693,5440,154707,,,,,,,,,,0.094,17223.480,Pinned,Device,NVIDIA A100-SXM4-40GB MIG 4g.20gb (0),1,,13,[CUDA memcpy Host-to-Device]
3089048549,3200,154708,,,,,,,,,,1.547,483320.000,Device,,NVIDIA A100-SXM4-40GB MIG 4g.20gb (0),1,,13,[CUDA memset]
3089055397,3008,154713,,,,,,,,,,0.031,10404.230,Pinned,Device,NVIDIA A100-SXM4-40GB MIG 4g.20gb (0),1,,13,[CUDA memcpy Host-to-Device]
3089060997,9503,154714,,,,,,,,,,0.197,20688.863,Pinned,Device,NVIDIA A100-SXM4-40GB MIG 4g.20gb (0),1,,13,[CUDA memcpy Host-to-Device]
3089074500,9600,154715,273,1,1,8,4,1,39,0.002,0.000,,,,,NVIDIA A100-SXM4-40GB MIG 4g.20gb (0),1,,13,"void channel_eq::eqMmseCoefCompLowMimoKernel<float, float, float, (unsigned int)4, (unsigned int)1, (unsigned int)4>(const channel_eq::_puschRxChEqStatDescr *, channel_eq::_puschRxChEqCoefCompDynDescr)"
3089085060,6368,154716,273,1,1,12,11,1,51,0.002,0.000,,,,,NVIDIA A100-SXM4-40GB MIG 4g.20gb (0),1,,13,"void channel_eq::eqMmseSoftDemapKernel<float, __half, __half, float, (unsigned int)4, (unsigned short)16383>(channel_eq::_puschRxChEqStatDescr *, channel_eq::_puschRxChEqSoftDemapDynDescr)"
3089092516,283037,154717,1,1,1,32,32,1,30,0.000,0.000,,,,,NVIDIA A100-SXM4-40GB MIG 4g.20gb (0),1,,13,"void convert_kernel<float2, __half2>(tensor_layout_any, T1 *, tensor_layout_any, const T2 *)"
3089376705,10975,154729,2253,1,1,128,1,1,16,0.000,0.000,,,,,NVIDIA A100-SXM4-40GB MIG 4g.20gb (0),1,,13,cupy_copy__float16_float16
3089392000,3744,154738,282,1,1,128,1,1,16,0.000,0.000,,,,,NVIDIA A100-SXM4-40GB MIG 4g.20gb (0),1,,13,cupy_copy__complex64_complex64
3089397504,2080,154747,26,1,1,128,1,1,16,0.000,0.000,,,,,NVIDIA A100-SXM4-40GB MIG 4g.20gb (0),1,,13,cupy_copy__float32_float32
3089400736,3008,154756,103,1,1,128,1,1,16,0.000,0.000,,,,,NVIDIA A100-SXM4-40GB MIG 4g.20gb (0),1,,13,cupy_copy__complex64_complex64
3089404640,12192,154766,1434,1,1,128,1,1,16,0.000,0.000,,,,,NVIDIA A100-SXM4-40GB MIG 4g.20gb (0),1,,13,cupy_copy__complex64_complex64
3089420192,82879,154771,1,1,1,32,32,1,30,0.000,0.000,,,,,NVIDIA A100-SXM4-40GB MIG 4g.20gb (0),1,,13,"void convert_kernel<__half2, float2>(tensor_layout_any, T1 *, tensor_layout_any, const T2 *)"
3089529791,5536,154774,,,,,,,,,,0.094,16924.777,Pinned,Device,NVIDIA A100-SXM4-40GB MIG 4g.20gb (0),1,,13,[CUDA memcpy Host-to-Device]
3089539647,604056,154775,,,,,,,,,,456.561,755609.183,Device,,NVIDIA A100-SXM4-40GB MIG 4g.20gb (0),1,,13,[CUDA memset]
3090149719,69727,154780,,,,,,,,,,1.235,17710.332,Pinned,Device,NVIDIA A100-SXM4-40GB MIG 4g.20gb (0),1,,13,[CUDA memcpy Host-to-Device]
3090222806,14112,154781,,,,,,,,,,0.197,13931.839,Pinned,Device,NVIDIA A100-SXM4-40GB MIG 4g.20gb (0),1,,13,[CUDA memcpy Host-to-Device]
3090242550,9056,154782,69,4,1,48,1,1,76,0.002,0.000,,,,,NVIDIA A100-SXM4-40GB MIG 4g.20gb (0),1,,13,"void ch_est::windowedChEstPreNoDftSOfdmKernel<float, __half, float, (unsigned int)2, (unsigned int)1, (unsigned short)4>(ch_est::puschRxChEstStatDescr_t *, ch_est::puschRxChEstDynDescr_t *)"
3090257782,7744,154783,137,2,1,24,2,1,44,0.001,0.001,,,,,NVIDIA A100-SXM4-40GB MIG 4g.20gb (0),1,,13,"void ch_est::chEstFilterNoDftSOfdmDispatchKernel<float, __half, float, (unsigned int)2>(ch_est::puschRxChEstStatDescr_t *, ch_est::puschRxChEstDynDescr_t *)"
3090268182,5248,154784,137,2,1,24,2,1,44,0.001,0.001,,,,,NVIDIA A100-SXM4-40GB MIG 4g.20gb (0),1,,13,"void ch_est::chEstFilterNoDftSOfdmDispatchKernel<float, __half, float, (unsigned int)2>(ch_est::puschRxChEstStatDescr_t *, ch_est::puschRxChEstDynDescr_t *)"
3090278869,2688,154795,103,1,1,128,1,1,16,0.000,0.000,,,,,NVIDIA A100-SXM4-40GB MIG 4g.20gb (0),1,,13,cupy_copy__complex64_complex64
3090284437,12576,154805,1434,1,1,128,1,1,16,0.000,0.000,,,,,NVIDIA A100-SXM4-40GB MIG 4g.20gb (0),1,,13,cupy_copy__complex64_complex64
3090301717,2592,154812,103,1,1,128,1,1,16,0.000,0.000,,,,,NVIDIA A100-SXM4-40GB MIG 4g.20gb (0),1,,13,cupy_copy__complex64_complex64
3090308853,89983,154819,1,1,1,32,32,1,30,0.000,0.000,,,,,NVIDIA A100-SXM4-40GB MIG 4g.20gb (0),1,,13,"void convert_kernel<__half2, float2>(tensor_layout_any, T1 *, tensor_layout_any, const T2 *)"
3090426964,9216,154822,,,,,,,,,,0.094,10166.578,Pinned,Device,NVIDIA A100-SXM4-40GB MIG 4g.20gb (0),1,,13,[CUDA memcpy Host-to-Device]
3090441811,47072,154823,,,,,,,,,,35.810,760745.940,Device,,NVIDIA A100-SXM4-40GB MIG 4g.20gb (0),1,,13,[CUDA memset]
3090492755,1984,154825,,,,,,,,,,0.000,40.323,Pinned,Device,NVIDIA A100-SXM4-40GB MIG 4g.20gb (0),1,,13,[CUDA memcpy Host-to-Device]
3090499187,13120,154826,,,,,,,,,,0.197,14985.265,Pinned,Device,NVIDIA A100-SXM4-40GB MIG 4g.20gb (0),1,,13,[CUDA memcpy Host-to-Device]
3090520306,10400,154827,273,1,1,48,1,1,40,0.000,0.001,,,,,NVIDIA A100-SXM4-40GB MIG 4g.20gb (0),1,,13,"void pusch_noise_intf_est::noiseIntfEstNoDftSOfdmKernel<float, __half, float, float, (unsigned int)2, (unsigned int)1, (unsigned char)4, (unsigned char)4>(pusch_noise_intf_est::puschRxNoiseIntfEstDynDescr)"
3090535538,3264,154838,35,1,1,128,1,1,16,0.000,0.000,,,,,NVIDIA A100-SXM4-40GB MIG 4g.20gb (0),1,,13,cupy_copy__complex64_complex64
3090547794,2016,154847,1,1,1,1,1,1,18,0.000,0.000,,,,,NVIDIA A100-SXM4-40GB MIG 4g.20gb (0),1,,13,cupy_copy__float32_float32
3090577298,1984,154853,,,,,,,,,,0.000,2.016,Device,Pageable,NVIDIA A100-SXM4-40GB MIG 4g.20gb (0),1,,7,[CUDA memcpy Device-to-Host]
3090639025,12992,154864,1434,1,1,128,1,1,16,0.000,0.000,,,,,NVIDIA A100-SXM4-40GB MIG 4g.20gb (0),1,,13,cupy_copy__complex64_complex64
3090667953,2624,154871,103,1,1,128,1,1,16,0.000,0.000,,,,,NVIDIA A100-SXM4-40GB MIG 4g.20gb (0),1,,13,cupy_copy__complex64_complex64
3090688432,2528,154878,35,1,1,128,1,1,16,0.000,0.000,,,,,NVIDIA A100-SXM4-40GB MIG 4g.20gb (0),1,,13,cupy_copy__complex64_complex64
3090708208,1920,154885,1,1,1,1,1,1,18,0.000,0.000,,,,,NVIDIA A100-SXM4-40GB MIG 4g.20gb (0),1,,13,cupy_copy__float32_float32
3090890318,86975,154896,1,1,1,32,32,1,30,0.000,0.000,,,,,NVIDIA A100-SXM4-40GB MIG 4g.20gb (0),1,,13,"void convert_kernel<__half2, float2>(tensor_layout_any, T1 *, tensor_layout_any, const T2 *)"
3091004556,5408,154899,,,,,,,,,,0.094,17325.421,Pinned,Device,NVIDIA A100-SXM4-40GB MIG 4g.20gb (0),1,,13,[CUDA memcpy Host-to-Device]
3091019180,3520,154900,,,,,,,,,,1.547,439380.412,Device,,NVIDIA A100-SXM4-40GB MIG 4g.20gb (0),1,,13,[CUDA memset]
3091025996,3200,154905,,,,,,,,,,0.031,9780.000,Pinned,Device,NVIDIA A100-SXM4-40GB MIG 4g.20gb (0),1,,13,[CUDA memcpy Host-to-Device]
3091031628,9472,154906,,,,,,,,,,0.197,20756.693,Pinned,Device,NVIDIA A100-SXM4-40GB MIG 4g.20gb (0),1,,13,[CUDA memcpy Host-to-Device]
3091046188,6304,154907,273,1,1,8,4,1,39,0.002,0.000,,,,,NVIDIA A100-SXM4-40GB MIG 4g.20gb (0),1,,13,"void channel_eq::eqMmseCoefCompLowMimoKernel<float, float, float, (unsigned int)4, (unsigned int)1, (unsigned int)4>(const channel_eq::_puschRxChEqStatDescr *, channel_eq::_puschRxChEqCoefCompDynDescr)"
3091055020,6336,154908,273,1,1,12,11,1,51,0.002,0.000,,,,,NVIDIA A100-SXM4-40GB MIG 4g.20gb (0),1,,13,"void channel_eq::eqMmseSoftDemapKernel<float, __half, __half, float, (unsigned int)4, (unsigned short)16383>(channel_eq::_puschRxChEqStatDescr *, channel_eq::_puschRxChEqSoftDemapDynDescr)"
3091062476,283036,154909,1,1,1,32,32,1,30,0.000,0.000,,,,,NVIDIA A100-SXM4-40GB MIG 4g.20gb (0),1,,13,"void convert_kernel<float2, __half2>(tensor_layout_any, T1 *, tensor_layout_any, const T2 *)"
3091346504,10944,154921,2253,1,1,128,1,1,16,0.000,0.000,,,,,NVIDIA A100-SXM4-40GB MIG 4g.20gb (0),1,,13,cupy_copy__float16_float16
3091359080,3744,154930,282,1,1,128,1,1,16,0.000,0.000,,,,,NVIDIA A100-SXM4-40GB MIG 4g.20gb (0),1,,13,cupy_copy__complex64_complex64
3091366120,2080,154939,26,1,1,128,1,1,16,0.000,0.000,,,,,NVIDIA A100-SXM4-40GB MIG 4g.20gb (0),1,,13,cupy_copy__float32_float32
3091370280,2976,154948,103,1,1,128,1,1,16,0.000,0.000,,,,,NVIDIA A100-SXM4-40GB MIG 4g.20gb (0),1,,13,cupy_copy__complex64_complex64
3091374312,11776,154958,1434,1,1,128,1,1,16,0.000,0.000,,,,,NVIDIA A100-SXM4-40GB MIG 4g.20gb (0),1,,13,cupy_copy__complex64_complex64
3091394184,86207,154963,1,1,1,32,32,1,30,0.000,0.000,,,,,NVIDIA A100-SXM4-40GB MIG 4g.20gb (0),1,,13,"void convert_kernel<__half2, float2>(tensor_layout_any, T1 *, tensor_layout_any, const T2 *)"
3091507238,5472,154966,,,,,,,,,,0.094,17122.757,Pinned,Device,NVIDIA A100-SXM4-40GB MIG 4g.20gb (0),1,,13,[CUDA memcpy Host-to-Device]
3091520038,603609,154967,,,,,,,,,,456.561,756065.745,Device,,NVIDIA A100-SXM4-40GB MIG 4g.20gb (0),1,,13,[CUDA memset]
3092127359,65823,154972,,,,,,,,,,1.235,18761.269,Pinned,Device,NVIDIA A100-SXM4-40GB MIG 4g.20gb (0),1,,13,[CUDA memcpy Host-to-Device]
3092197214,14368,154973,,,,,,,,,,0.197,13683.720,Pinned,Device,NVIDIA A100-SXM4-40GB MIG 4g.20gb (0),1,,13,[CUDA memcpy Host-to-Device]
3092219133,8544,154974,69,4,1,48,1,1,76,0.002,0.000,,,,,NVIDIA A100-SXM4-40GB MIG 4g.20gb (0),1,,13,"void ch_est::windowedChEstPreNoDftSOfdmKernel<float, __half, float, (unsigned int)2, (unsigned int)1, (unsigned short)4>(ch_est::puschRxChEstStatDescr_t *, ch_est::puschRxChEstDynDescr_t *)"
3092230717,7456,154975,137,2,1,24,2,1,44,0.001,0.001,,,,,NVIDIA A100-SXM4-40GB MIG 4g.20gb (0),1,,13,"void ch_est::chEstFilterNoDftSOfdmDispatchKernel<float, __half, float, (unsigned int)2>(ch_est::puschRxChEstStatDescr_t *, ch_est::puschRxChEstDynDescr_t *)"
3092241981,5472,154976,137,2,1,24,2,1,44,0.001,0.001,,,,,NVIDIA A100-SXM4-40GB MIG 4g.20gb (0),1,,13,"void ch_est::chEstFilterNoDftSOfdmDispatchKernel<float, __half, float, (unsigned int)2>(ch_est::puschRxChEstStatDescr_t *, ch_est::puschRxChEstDynDescr_t *)"
3092252413,2816,154987,103,1,1,128,1,1,16,0.000,0.000,,,,,NVIDIA A100-SXM4-40GB MIG 4g.20gb (0),1,,13,cupy_copy__complex64_complex64
3092257885,12576,154997,1434,1,1,128,1,1,16,0.000,0.000,,,,,NVIDIA A100-SXM4-40GB MIG 4g.20gb (0),1,,13,cupy_copy__complex64_complex64
3092271773,2464,155004,103,1,1,128,1,1,16,0.000,0.000,,,,,NVIDIA A100-SXM4-40GB MIG 4g.20gb (0),1,,13,cupy_copy__complex64_complex64
3092278621,83679,155011,1,1,1,32,32,1,30,0.000,0.000,,,,,NVIDIA A100-SXM4-40GB MIG 4g.20gb (0),1,,13,"void convert_kernel<__half2, float2>(tensor_layout_any, T1 *, tensor_layout_any, const T2 *)"
3092390075,10176,155014,,,,,,,,,,0.094,9207.506,Pinned,Device,NVIDIA A100-SXM4-40GB MIG 4g.20gb (0),1,,13,[CUDA memcpy Host-to-Device]
3092406747,48160,155015,,,,,,,,,,35.810,743557.179,Device,,NVIDIA A100-SXM4-40GB MIG 4g.20gb (0),1,,13,[CUDA memset]
3092463226,3072,155017,,,,,,,,,,0.000,26.042,Pinned,Device,NVIDIA A100-SXM4-40GB MIG 4g.20gb (0),1,,13,[CUDA memcpy Host-to-Device]
3092471002,13184,155018,,,,,,,,,,0.197,14912.520,Pinned,Device,NVIDIA A100-SXM4-40GB MIG 4g.20gb (0),1,,13,[CUDA memcpy Host-to-Device]
3092490522,11296,155019,273,1,1,48,1,1,40,0.000,0.001,,,,,NVIDIA A100-SXM4-40GB MIG 4g.20gb (0),1,,13,"void pusch_noise_intf_est::noiseIntfEstNoDftSOfdmKernel<float, __half, float, float, (unsigned int)2, (unsigned int)1, (unsigned char)4, (unsigned char)4>(pusch_noise_intf_est::puschRxNoiseIntfEstDynDescr)"
3092503738,3136,155030,35,1,1,128,1,1,16,0.000,0.000,,,,,NVIDIA A100-SXM4-40GB MIG 4g.20gb (0),1,,13,cupy_copy__complex64_complex64
3092510522,1824,155039,1,1,1,1,1,1,18,0.000,0.000,,,,,NVIDIA A100-SXM4-40GB MIG 4g.20gb (0),1,,13,cupy_copy__float32_float32
3092541593,2112,155045,,,,,,,,,,0.000,1.894,Device,Pageable,NVIDIA A100-SXM4-40GB MIG 4g.20gb (0),1,,7,[CUDA memcpy Device-to-Host]
3092602361,12992,155056,1434,1,1,128,1,1,16,0.000,0.000,,,,,NVIDIA A100-SXM4-40GB MIG 4g.20gb (0),1,,13,cupy_copy__complex64_complex64
3092631960,2656,155063,103,1,1,128,1,1,16,0.000,0.000,,,,,NVIDIA A100-SXM4-40GB MIG 4g.20gb (0),1,,13,cupy_copy__complex64_complex64
3092653720,2208,155070,35,1,1,128,1,1,16,0.000,0.000,,,,,NVIDIA A100-SXM4-40GB MIG 4g.20gb (0),1,,13,cupy_copy__complex64_complex64
3092673016,1792,155077,1,1,1,1,1,1,18,0.000,0.000,,,,,NVIDIA A100-SXM4-40GB MIG 4g.20gb (0),1,,13,cupy_copy__float32_float32
3092803414,82239,155088,1,1,1,32,32,1,30,0.000,0.000,,,,,NVIDIA A100-SXM4-40GB MIG 4g.20gb (0),1,,13,"void convert_kernel<__half2, float2>(tensor_layout_any, T1 *, tensor_layout_any, const T2 *)"
3092912277,5824,155091,,,,,,,,,,0.094,16087.884,Pinned,Device,NVIDIA A100-SXM4-40GB MIG 4g.20gb (0),1,,13,[CUDA memcpy Host-to-Device]
3092926485,3264,155092,,,,,,,,,,1.547,473842.288,Device,,NVIDIA A100-SXM4-40GB MIG 4g.20gb (0),1,,13,[CUDA memset]
3092933653,3040,155097,,,,,,,,,,0.031,10294.725,Pinned,Device,NVIDIA A100-SXM4-40GB MIG 4g.20gb (0),1,,13,[CUDA memcpy Host-to-Device]
3092939253,9375,155098,,,,,,,,,,0.197,20971.389,Pinned,Device,NVIDIA A100-SXM4-40GB MIG 4g.20gb (0),1,,13,[CUDA memcpy Host-to-Device]
3092952308,6016,155099,273,1,1,8,4,1,39,0.002,0.000,,,,,NVIDIA A100-SXM4-40GB MIG 4g.20gb (0),1,,13,"void channel_eq::eqMmseCoefCompLowMimoKernel<float, float, float, (unsigned int)4, (unsigned int)1, (unsigned int)4>(const channel_eq::_puschRxChEqStatDescr *, channel_eq::_puschRxChEqCoefCompDynDescr)"
3092959380,5728,155100,273,1,1,12,11,1,51,0.002,0.000,,,,,NVIDIA A100-SXM4-40GB MIG 4g.20gb (0),1,,13,"void channel_eq::eqMmseSoftDemapKernel<float, __half, __half, float, (unsigned int)4, (unsigned short)16383>(channel_eq::_puschRxChEqStatDescr *, channel_eq::_puschRxChEqSoftDemapDynDescr)"
3092966068,294557,155101,1,1,1,32,32,1,30,0.000,0.000,,,,,NVIDIA A100-SXM4-40GB MIG 4g.20gb (0),1,,13,"void convert_kernel<float2, __half2>(tensor_layout_any, T1 *, tensor_layout_any, const T2 *)"
3093262577,10943,155113,2253,1,1,128,1,1,16,0.000,0.000,,,,,NVIDIA A100-SXM4-40GB MIG 4g.20gb (0),1,,13,cupy_copy__float16_float16
3093275056,3680,155122,282,1,1,128,1,1,16,0.000,0.000,,,,,NVIDIA A100-SXM4-40GB MIG 4g.20gb (0),1,,13,cupy_copy__complex64_complex64
3093281456,2496,155131,26,1,1,128,1,1,16,0.000,0.000,,,,,NVIDIA A100-SXM4-40GB MIG 4g.20gb (0),1,,13,cupy_copy__float32_float32
3093286800,3136,155140,103,1,1,128,1,1,16,0.000,0.000,,,,,NVIDIA A100-SXM4-40GB MIG 4g.20gb (0),1,,13,cupy_copy__complex64_complex64
3093291920,12096,155150,1434,1,1,128,1,1,16,0.000,0.000,,,,,NVIDIA A100-SXM4-40GB MIG 4g.20gb (0),1,,13,cupy_copy__complex64_complex64
3093309168,82527,155155,1,1,1,32,32,1,30,0.000,0.000,,,,,NVIDIA A100-SXM4-40GB MIG 4g.20gb (0),1,,13,"void convert_kernel<__half2, float2>(tensor_layout_any, T1 *, tensor_layout_any, const T2 *)"
3093418703,5472,155158,,,,,,,,,,0.094,17122.757,Pinned,Device,NVIDIA A100-SXM4-40GB MIG 4g.20gb (0),1,,13,[CUDA memcpy Host-to-Device]
3093429007,607256,155159,,,,,,,,,,456.561,751500.130,Device,,NVIDIA A100-SXM4-40GB MIG 4g.20gb (0),1,,13,[CUDA memset]
3094041895,69983,155164,,,,,,,,,,1.235,17646.115,Pinned,Device,NVIDIA A100-SXM4-40GB MIG 4g.20gb (0),1,,13,[CUDA memcpy Host-to-Device]
3094115910,15136,155165,,,,,,,,,,0.197,12989.301,Pinned,Device,NVIDIA A100-SXM4-40GB MIG 4g.20gb (0),1,,13,[CUDA memcpy Host-to-Device]
3094140326,8704,155166,69,4,1,48,1,1,76,0.002,0.000,,,,,NVIDIA A100-SXM4-40GB MIG 4g.20gb (0),1,,13,"void ch_est::windowedChEstPreNoDftSOfdmKernel<float, __half, float, (unsigned int)2, (unsigned int)1, (unsigned short)4>(ch_est::puschRxChEstStatDescr_t *, ch_est::puschRxChEstDynDescr_t *)"
3094151750,6943,155167,137,2,1,24,2,1,44,0.001,0.001,,,,,NVIDIA A100-SXM4-40GB MIG 4g.20gb (0),1,,13,"void ch_est::chEstFilterNoDftSOfdmDispatchKernel<float, __half, float, (unsigned int)2>(ch_est::puschRxChEstStatDescr_t *, ch_est::puschRxChEstDynDescr_t *)"
3094161189,5312,155168,137,2,1,24,2,1,44,0.001,0.001,,,,,NVIDIA A100-SXM4-40GB MIG 4g.20gb (0),1,,13,"void ch_est::chEstFilterNoDftSOfdmDispatchKernel<float, __half, float, (unsigned int)2>(ch_est::puschRxChEstStatDescr_t *, ch_est::puschRxChEstDynDescr_t *)"
3094173093,2688,155179,103,1,1,128,1,1,16,0.000,0.000,,,,,NVIDIA A100-SXM4-40GB MIG 4g.20gb (0),1,,13,cupy_copy__complex64_complex64
3094178917,12448,155189,1434,1,1,128,1,1,16,0.000,0.000,,,,,NVIDIA A100-SXM4-40GB MIG 4g.20gb (0),1,,13,cupy_copy__complex64_complex64
3094199589,2560,155196,103,1,1,128,1,1,16,0.000,0.000,,,,,NVIDIA A100-SXM4-40GB MIG 4g.20gb (0),1,,13,cupy_copy__complex64_complex64
3094205957,82847,155203,1,1,1,32,32,1,30,0.000,0.000,,,,,NVIDIA A100-SXM4-40GB MIG 4g.20gb (0),1,,13,"void convert_kernel<__half2, float2>(tensor_layout_any, T1 *, tensor_layout_any, const T2 *)"
3094317828,9055,155206,,,,,,,,,,0.094,10347.411,Pinned,Device,NVIDIA A100-SXM4-40GB MIG 4g.20gb (0),1,,13,[CUDA memcpy Host-to-Device]
3094334179,46784,155207,,,,,,,,,,35.810,765401.230,Device,,NVIDIA A100-SXM4-40GB MIG 4g.20gb (0),1,,13,[CUDA memset]
3094384035,3264,155209,,,,,,,,,,0.000,24.510,Pinned,Device,NVIDIA A100-SXM4-40GB MIG 4g.20gb (0),1,,13,[CUDA memcpy Host-to-Device]
3094391811,12895,155210,,,,,,,,,,0.197,15246.754,Pinned,Device,NVIDIA A100-SXM4-40GB MIG 4g.20gb (0),1,,13,[CUDA memcpy Host-to-Device]
3094413794,11040,155211,273,1,1,48,1,1,40,0.000,0.001,,,,,NVIDIA A100-SXM4-40GB MIG 4g.20gb (0),1,,13,"void pusch_noise_intf_est::noiseIntfEstNoDftSOfdmKernel<float, __half, float, float, (unsigned int)2, (unsigned int)1, (unsigned char)4, (unsigned char)4>(pusch_noise_intf_est::puschRxNoiseIntfEstDynDescr)"
3094429090,3104,155222,35,1,1,128,1,1,16,0.000,0.000,,,,,NVIDIA A100-SXM4-40GB MIG 4g.20gb (0),1,,13,cupy_copy__complex64_complex64
3094438818,1888,155231,1,1,1,1,1,1,18,0.000,0.000,,,,,NVIDIA A100-SXM4-40GB MIG 4g.20gb (0),1,,13,cupy_copy__float32_float32
3094471906,1728,155237,,,,,,,,,,0.000,2.315,Device,Pageable,NVIDIA A100-SXM4-40GB MIG 4g.20gb (0),1,,7,[CUDA memcpy Device-to-Host]
3094533505,12992,155248,1434,1,1,128,1,1,16,0.000,0.000,,,,,NVIDIA A100-SXM4-40GB MIG 4g.20gb (0),1,,13,cupy_copy__complex64_complex64
3094561025,2591,155255,103,1,1,128,1,1,16,0.000,0.000,,,,,NVIDIA A100-SXM4-40GB MIG 4g.20gb (0),1,,13,cupy_copy__complex64_complex64
3094580992,2624,155262,35,1,1,128,1,1,16,0.000,0.000,,,,,NVIDIA A100-SXM4-40GB MIG 4g.20gb (0),1,,13,cupy_copy__complex64_complex64
3094598016,1792,155269,1,1,1,1,1,1,18,0.000,0.000,,,,,NVIDIA A100-SXM4-40GB MIG 4g.20gb (0),1,,13,cupy_copy__float32_float32
3094729502,82143,155280,1,1,1,32,32,1,30,0.000,0.000,,,,,NVIDIA A100-SXM4-40GB MIG 4g.20gb (0),1,,13,"void convert_kernel<__half2, float2>(tensor_layout_any, T1 *, tensor_layout_any, const T2 *)"
3094839517,5408,155283,,,,,,,,,,0.094,17325.421,Pinned,Device,NVIDIA A100-SXM4-40GB MIG 4g.20gb (0),1,,13,[CUDA memcpy Host-to-Device]
3094861373,3072,155284,,,,,,,,,,1.547,503457.044,Device,,NVIDIA A100-SXM4-40GB MIG 4g.20gb (0),1,,13,[CUDA memset]
3094868285,3232,155289,,,,,,,,,,0.031,9683.139,Pinned,Device,NVIDIA A100-SXM4-40GB MIG 4g.20gb (0),1,,13,[CUDA memcpy Host-to-Device]
3094873597,9472,155290,,,,,,,,,,0.197,20756.693,Pinned,Device,NVIDIA A100-SXM4-40GB MIG 4g.20gb (0),1,,13,[CUDA memcpy Host-to-Device]
3094888732,6272,155291,273,1,1,8,4,1,39,0.002,0.000,,,,,NVIDIA A100-SXM4-40GB MIG 4g.20gb (0),1,,13,"void channel_eq::eqMmseCoefCompLowMimoKernel<float, float, float, (unsigned int)4, (unsigned int)1, (unsigned int)4>(const channel_eq::_puschRxChEqStatDescr *, channel_eq::_puschRxChEqCoefCompDynDescr)"
3094896124,6240,155292,273,1,1,12,11,1,51,0.002,0.000,,,,,NVIDIA A100-SXM4-40GB MIG 4g.20gb (0),1,,13,"void channel_eq::eqMmseSoftDemapKernel<float, __half, __half, float, (unsigned int)4, (unsigned short)16383>(channel_eq::_puschRxChEqStatDescr *, channel_eq::_puschRxChEqSoftDemapDynDescr)"
3094903452,282909,155293,1,1,1,32,32,1,30,0.000,0.000,,,,,NVIDIA A100-SXM4-40GB MIG 4g.20gb (0),1,,13,"void convert_kernel<float2, __half2>(tensor_layout_any, T1 *, tensor_layout_any, const T2 *)"
3095187353,10944,155305,2253,1,1,128,1,1,16,0.000,0.000,,,,,NVIDIA A100-SXM4-40GB MIG 4g.20gb (0),1,,13,cupy_copy__float16_float16
3095200505,3456,155314,282,1,1,128,1,1,16,0.000,0.000,,,,,NVIDIA A100-SXM4-40GB MIG 4g.20gb (0),1,,13,cupy_copy__complex64_complex64
3095205017,2016,155323,26,1,1,128,1,1,16,0.000,0.000,,,,,NVIDIA A100-SXM4-40GB MIG 4g.20gb (0),1,,13,cupy_copy__float32_float32
3095208121,2879,155332,103,1,1,128,1,1,16,0.000,0.000,,,,,NVIDIA A100-SXM4-40GB MIG 4g.20gb (0),1,,13,cupy_copy__complex64_complex64
3095212024,12000,155342,1434,1,1,128,1,1,16,0.000,0.000,,,,,NVIDIA A100-SXM4-40GB MIG 4g.20gb (0),1,,13,cupy_copy__complex64_complex64
3095241048,81567,155347,1,1,1,32,32,1,30,0.000,0.000,,,,,NVIDIA A100-SXM4-40GB MIG 4g.20gb (0),1,,13,"void convert_kernel<__half2, float2>(tensor_layout_any, T1 *, tensor_layout_any, const T2 *)"
3095350423,5472,155350,,,,,,,,,,0.094,17122.757,Pinned,Device,NVIDIA A100-SXM4-40GB MIG 4g.20gb (0),1,,13,[CUDA memcpy Host-to-Device]
3095359671,607736,155351,,,,,,,,,,456.561,751043.569,Device,,NVIDIA A100-SXM4-40GB MIG 4g.20gb (0),1,,13,[CUDA memset]
3095970831,71423,155356,,,,,,,,,,1.235,17290.451,Pinned,Device,NVIDIA A100-SXM4-40GB MIG 4g.20gb (0),1,,13,[CUDA memcpy Host-to-Device]
3096046574,15424,155357,,,,,,,,,,0.197,12746.883,Pinned,Device,NVIDIA A100-SXM4-40GB MIG 4g.20gb (0),1,,13,[CUDA memcpy Host-to-Device]
3096070414,8256,155358,69,4,1,48,1,1,76,0.002,0.000,,,,,NVIDIA A100-SXM4-40GB MIG 4g.20gb (0),1,,13,"void ch_est::windowedChEstPreNoDftSOfdmKernel<float, __half, float, (unsigned int)2, (unsigned int)1, (unsigned short)4>(ch_est::puschRxChEstStatDescr_t *, ch_est::puschRxChEstDynDescr_t *)"
3096082286,6976,155359,137,2,1,24,2,1,44,0.001,0.001,,,,,NVIDIA A100-SXM4-40GB MIG 4g.20gb (0),1,,13,"void ch_est::chEstFilterNoDftSOfdmDispatchKernel<float, __half, float, (unsigned int)2>(ch_est::puschRxChEstStatDescr_t *, ch_est::puschRxChEstDynDescr_t *)"
3096091214,5504,155360,137,2,1,24,2,1,44,0.001,0.001,,,,,NVIDIA A100-SXM4-40GB MIG 4g.20gb (0),1,,13,"void ch_est::chEstFilterNoDftSOfdmDispatchKernel<float, __half, float, (unsigned int)2>(ch_est::puschRxChEstStatDescr_t *, ch_est::puschRxChEstDynDescr_t *)"
3096101741,2624,155371,103,1,1,128,1,1,16,0.000,0.000,,,,,NVIDIA A100-SXM4-40GB MIG 4g.20gb (0),1,,13,cupy_copy__complex64_complex64
3096107981,12672,155381,1434,1,1,128,1,1,16,0.000,0.000,,,,,NVIDIA A100-SXM4-40GB MIG 4g.20gb (0),1,,13,cupy_copy__complex64_complex64
3096122989,2496,155388,103,1,1,128,1,1,16,0.000,0.000,,,,,NVIDIA A100-SXM4-40GB MIG 4g.20gb (0),1,,13,cupy_copy__complex64_complex64
3096129101,84735,155395,1,1,1,32,32,1,30,0.000,0.000,,,,,NVIDIA A100-SXM4-40GB MIG 4g.20gb (0),1,,13,"void convert_kernel<__half2, float2>(tensor_layout_any, T1 *, tensor_layout_any, const T2 *)"
3096243436,9024,155398,,,,,,,,,,0.094,10382.922,Pinned,Device,NVIDIA A100-SXM4-40GB MIG 4g.20gb (0),1,,13,[CUDA memcpy Host-to-Device]
3096258764,47647,155399,,,,,,,,,,35.810,751542.791,Device,,NVIDIA A100-SXM4-40GB MIG 4g.20gb (0),1,,13,[CUDA memset]
3096311659,3936,155401,,,,,,,,,,0.000,20.325,Pinned,Device,NVIDIA A100-SXM4-40GB MIG 4g.20gb (0),1,,13,[CUDA memcpy Host-to-Device]
3096319115,13024,155402,,,,,,,,,,0.197,15095.759,Pinned,Device,NVIDIA A100-SXM4-40GB MIG 4g.20gb (0),1,,13,[CUDA memcpy Host-to-Device]
3096340747,12799,155403,273,1,1,48,1,1,40,0.000,0.001,,,,,NVIDIA A100-SXM4-40GB MIG 4g.20gb (0),1,,13,"void pusch_noise_intf_est::noiseIntfEstNoDftSOfdmKernel<float, __half, float, float, (unsigned int)2, (unsigned int)1, (unsigned char)4, (unsigned char)4>(pusch_noise_intf_est::puschRxNoiseIntfEstDynDescr)"
3096355594,2976,155414,35,1,1,128,1,1,16,0.000,0.000,,,,,NVIDIA A100-SXM4-40GB MIG 4g.20gb (0),1,,13,cupy_copy__complex64_complex64
3096362890,1984,155423,1,1,1,1,1,1,18,0.000,0.000,,,,,NVIDIA A100-SXM4-40GB MIG 4g.20gb (0),1,,13,cupy_copy__float32_float32
3096394474,1696,155429,,,,,,,,,,0.000,2.358,Device,Pageable,NVIDIA A100-SXM4-40GB MIG 4g.20gb (0),1,,7,[CUDA memcpy Device-to-Host]
3096455689,12896,155440,1434,1,1,128,1,1,16,0.000,0.000,,,,,NVIDIA A100-SXM4-40GB MIG 4g.20gb (0),1,,13,cupy_copy__complex64_complex64
3096481705,3008,155447,103,1,1,128,1,1,16,0.000,0.000,,,,,NVIDIA A100-SXM4-40GB MIG 4g.20gb (0),1,,13,cupy_copy__complex64_complex64
3096501961,2719,155454,35,1,1,128,1,1,16,0.000,0.000,,,,,NVIDIA A100-SXM4-40GB MIG 4g.20gb (0),1,,13,cupy_copy__complex64_complex64
3096519944,1792,155461,1,1,1,1,1,1,18,0.000,0.000,,,,,NVIDIA A100-SXM4-40GB MIG 4g.20gb (0),1,,13,cupy_copy__float32_float32
3096652839,82943,155472,1,1,1,32,32,1,30,0.000,0.000,,,,,NVIDIA A100-SXM4-40GB MIG 4g.20gb (0),1,,13,"void convert_kernel<__half2, float2>(tensor_layout_any, T1 *, tensor_layout_any, const T2 *)"
3096763397,5440,155475,,,,,,,,,,0.094,17223.480,Pinned,Device,NVIDIA A100-SXM4-40GB MIG 4g.20gb (0),1,,13,[CUDA memcpy Host-to-Device]
3096777669,3616,155476,,,,,,,,,,1.547,427715.774,Device,,NVIDIA A100-SXM4-40GB MIG 4g.20gb (0),1,,13,[CUDA memset]
3096784517,3104,155481,,,,,,,,,,0.031,10082.445,Pinned,Device,NVIDIA A100-SXM4-40GB MIG 4g.20gb (0),1,,13,[CUDA memcpy Host-to-Device]
3096790149,9536,155482,,,,,,,,,,0.197,20617.298,Pinned,Device,NVIDIA A100-SXM4-40GB MIG 4g.20gb (0),1,,13,[CUDA memcpy Host-to-Device]
3096804517,6272,155483,273,1,1,8,4,1,39,0.002,0.000,,,,,NVIDIA A100-SXM4-40GB MIG 4g.20gb (0),1,,13,"void channel_eq::eqMmseCoefCompLowMimoKernel<float, float, float, (unsigned int)4, (unsigned int)1, (unsigned int)4>(const channel_eq::_puschRxChEqStatDescr *, channel_eq::_puschRxChEqCoefCompDynDescr)"
3096812677,6560,155484,273,1,1,12,11,1,51,0.002,0.000,,,,,NVIDIA A100-SXM4-40GB MIG 4g.20gb (0),1,,13,"void channel_eq::eqMmseSoftDemapKernel<float, __half, __half, float, (unsigned int)4, (unsigned short)16383>(channel_eq::_puschRxChEqStatDescr *, channel_eq::_puschRxChEqSoftDemapDynDescr)"
3096820293,283036,155485,1,1,1,32,32,1,30,0.000,0.000,,,,,NVIDIA A100-SXM4-40GB MIG 4g.20gb (0),1,,13,"void convert_kernel<float2, __half2>(tensor_layout_any, T1 *, tensor_layout_any, const T2 *)"
3097104737,11296,155497,2253,1,1,128,1,1,16,0.000,0.000,,,,,NVIDIA A100-SXM4-40GB MIG 4g.20gb (0),1,,13,cupy_copy__float16_float16
3097119297,3232,155506,282,1,1,128,1,1,16,0.000,0.000,,,,,NVIDIA A100-SXM4-40GB MIG 4g.20gb (0),1,,13,cupy_copy__complex64_complex64
3097124417,2048,155515,26,1,1,128,1,1,16,0.000,0.000,,,,,NVIDIA A100-SXM4-40GB MIG 4g.20gb (0),1,,13,cupy_copy__float32_float32
3097127425,2912,155524,103,1,1,128,1,1,16,0.000,0.000,,,,,NVIDIA A100-SXM4-40GB MIG 4g.20gb (0),1,,13,cupy_copy__complex64_complex64
3097131809,12192,155534,1434,1,1,128,1,1,16,0.000,0.000,,,,,NVIDIA A100-SXM4-40GB MIG 4g.20gb (0),1,,13,cupy_copy__complex64_complex64
3097153376,86143,155539,1,1,1,32,32,1,30,0.000,0.000,,,,,NVIDIA A100-SXM4-40GB MIG 4g.20gb (0),1,,13,"void convert_kernel<__half2, float2>(tensor_layout_any, T1 *, tensor_layout_any, const T2 *)"
3097266239,5408,155542,,,,,,,,,,0.094,17325.421,Pinned,Device,NVIDIA A100-SXM4-40GB MIG 4g.20gb (0),1,,13,[CUDA memcpy Host-to-Device]
3097276607,609624,155543,,,,,,,,,,456.561,748760.762,Device,,NVIDIA A100-SXM4-40GB MIG 4g.20gb (0),1,,13,[CUDA memset]
3097889335,69312,155548,,,,,,,,,,1.235,17816.537,Pinned,Device,NVIDIA A100-SXM4-40GB MIG 4g.20gb (0),1,,13,[CUDA memcpy Host-to-Device]
3097961686,14592,155549,,,,,,,,,,0.197,13473.546,Pinned,Device,NVIDIA A100-SXM4-40GB MIG 4g.20gb (0),1,,13,[CUDA memcpy Host-to-Device]
3097981846,8352,155550,69,4,1,48,1,1,76,0.002,0.000,,,,,NVIDIA A100-SXM4-40GB MIG 4g.20gb (0),1,,13,"void ch_est::windowedChEstPreNoDftSOfdmKernel<float, __half, float, (unsigned int)2, (unsigned int)1, (unsigned short)4>(ch_est::puschRxChEstStatDescr_t *, ch_est::puschRxChEstDynDescr_t *)"
3097993302,6848,155551,137,2,1,24,2,1,44,0.001,0.001,,,,,NVIDIA A100-SXM4-40GB MIG 4g.20gb (0),1,,13,"void ch_est::chEstFilterNoDftSOfdmDispatchKernel<float, __half, float, (unsigned int)2>(ch_est::puschRxChEstStatDescr_t *, ch_est::puschRxChEstDynDescr_t *)"
3098003446,5600,155552,137,2,1,24,2,1,44,0.001,0.001,,,,,NVIDIA A100-SXM4-40GB MIG 4g.20gb (0),1,,13,"void ch_est::chEstFilterNoDftSOfdmDispatchKernel<float, __half, float, (unsigned int)2>(ch_est::puschRxChEstStatDescr_t *, ch_est::puschRxChEstDynDescr_t *)"
3098013814,2624,155563,103,1,1,128,1,1,16,0.000,0.000,,,,,NVIDIA A100-SXM4-40GB MIG 4g.20gb (0),1,,13,cupy_copy__complex64_complex64
3098020278,12480,155573,1434,1,1,128,1,1,16,0.000,0.000,,,,,NVIDIA A100-SXM4-40GB MIG 4g.20gb (0),1,,13,cupy_copy__complex64_complex64
3098039254,2655,155580,103,1,1,128,1,1,16,0.000,0.000,,,,,NVIDIA A100-SXM4-40GB MIG 4g.20gb (0),1,,13,cupy_copy__complex64_complex64
3098045429,82943,155587,1,1,1,32,32,1,30,0.000,0.000,,,,,NVIDIA A100-SXM4-40GB MIG 4g.20gb (0),1,,13,"void convert_kernel<__half2, float2>(tensor_layout_any, T1 *, tensor_layout_any, const T2 *)"
3098156692,8256,155590,,,,,,,,,,0.094,11348.834,Pinned,Device,NVIDIA A100-SXM4-40GB MIG 4g.20gb (0),1,,13,[CUDA memcpy Host-to-Device]
3098170580,47199,155591,,,,,,,,,,35.810,758668.965,Device,,NVIDIA A100-SXM4-40GB MIG 4g.20gb (0),1,,13,[CUDA memset]
3098219955,3040,155593,,,,,,,,,,0.000,26.316,Pinned,Device,NVIDIA A100-SXM4-40GB MIG 4g.20gb (0),1,,13,[CUDA memcpy Host-to-Device]
3098226419,12960,155594,,,,,,,,,,0.197,15170.273,Pinned,Device,NVIDIA A100-SXM4-40GB MIG 4g.20gb (0),1,,13,[CUDA memcpy Host-to-Device]
3098246515,11424,155595,273,1,1,48,1,1,40,0.000,0.001,,,,,NVIDIA A100-SXM4-40GB MIG 4g.20gb (0),1,,13,"void pusch_noise_intf_est::noiseIntfEstNoDftSOfdmKernel<float, __half, float, float, (unsigned int)2, (unsigned int)1, (unsigned char)4, (unsigned char)4>(pusch_noise_intf_est::puschRxNoiseIntfEstDynDescr)"
3098262483,2784,155606,35,1,1,128,1,1,16,0.000,0.000,,,,,NVIDIA A100-SXM4-40GB MIG 4g.20gb (0),1,,13,cupy_copy__complex64_complex64
3098279283,2016,155615,1,1,1,1,1,1,18,0.000,0.000,,,,,NVIDIA A100-SXM4-40GB MIG 4g.20gb (0),1,,13,cupy_copy__float32_float32
3098311282,2144,155621,,,,,,,,,,0.000,1.866,Device,Pageable,NVIDIA A100-SXM4-40GB MIG 4g.20gb (0),1,,7,[CUDA memcpy Device-to-Host]
3098373169,12736,155632,1434,1,1,128,1,1,16,0.000,0.000,,,,,NVIDIA A100-SXM4-40GB MIG 4g.20gb (0),1,,13,cupy_copy__complex64_complex64
3098398513,2912,155639,103,1,1,128,1,1,16,0.000,0.000,,,,,NVIDIA A100-SXM4-40GB MIG 4g.20gb (0),1,,13,cupy_copy__complex64_complex64
3098419153,2528,155646,35,1,1,128,1,1,16,0.000,0.000,,,,,NVIDIA A100-SXM4-40GB MIG 4g.20gb (0),1,,13,cupy_copy__complex64_complex64
3098437169,1760,155653,1,1,1,1,1,1,18,0.000,0.000,,,,,NVIDIA A100-SXM4-40GB MIG 4g.20gb (0),1,,13,cupy_copy__float32_float32
3098567759,87551,155664,1,1,1,32,32,1,30,0.000,0.000,,,,,NVIDIA A100-SXM4-40GB MIG 4g.20gb (0),1,,13,"void convert_kernel<__half2, float2>(tensor_layout_any, T1 *, tensor_layout_any, const T2 *)"
3098683342,5535,155667,,,,,,,,,,0.094,16927.869,Pinned,Device,NVIDIA A100-SXM4-40GB MIG 4g.20gb (0),1,,13,[CUDA memcpy Host-to-Device]
3098697645,3584,155668,,,,,,,,,,1.547,431534.389,Device,,NVIDIA A100-SXM4-40GB MIG 4g.20gb (0),1,,13,[CUDA memset]
3098704461,3488,155673,,,,,,,,,,0.031,8972.469,Pinned,Device,NVIDIA A100-SXM4-40GB MIG 4g.20gb (0),1,,13,[CUDA memcpy Host-to-Device]
3098710413,9504,155674,,,,,,,,,,0.197,20686.701,Pinned,Device,NVIDIA A100-SXM4-40GB MIG 4g.20gb (0),1,,13,[CUDA memcpy Host-to-Device]
3098724589,6400,155675,273,1,1,8,4,1,39,0.002,0.000,,,,,NVIDIA A100-SXM4-40GB MIG 4g.20gb (0),1,,13,"void channel_eq::eqMmseCoefCompLowMimoKernel<float, float, float, (unsigned int)4, (unsigned int)1, (unsigned int)4>(const channel_eq::_puschRxChEqStatDescr *, channel_eq::_puschRxChEqCoefCompDynDescr)"
3098731917,6240,155676,273,1,1,12,11,1,51,0.002,0.000,,,,,NVIDIA A100-SXM4-40GB MIG 4g.20gb (0),1,,13,"void channel_eq::eqMmseSoftDemapKernel<float, __half, __half, float, (unsigned int)4, (unsigned short)16383>(channel_eq::_puschRxChEqStatDescr *, channel_eq::_puschRxChEqSoftDemapDynDescr)"
3098739373,282044,155677,1,1,1,32,32,1,30,0.000,0.000,,,,,NVIDIA A100-SXM4-40GB MIG 4g.20gb (0),1,,13,"void convert_kernel<float2, __half2>(tensor_layout_any, T1 *, tensor_layout_any, const T2 *)"
3099022633,11232,155689,2253,1,1,128,1,1,16,0.000,0.000,,,,,NVIDIA A100-SXM4-40GB MIG 4g.20gb (0),1,,13,cupy_copy__float16_float16
3099035657,3520,155698,282,1,1,128,1,1,16,0.000,0.000,,,,,NVIDIA A100-SXM4-40GB MIG 4g.20gb (0),1,,13,cupy_copy__complex64_complex64
3099041737,2080,155707,26,1,1,128,1,1,16,0.000,0.000,,,,,NVIDIA A100-SXM4-40GB MIG 4g.20gb (0),1,,13,cupy_copy__float32_float32
3099045673,3008,155716,103,1,1,128,1,1,16,0.000,0.000,,,,,NVIDIA A100-SXM4-40GB MIG 4g.20gb (0),1,,13,cupy_copy__complex64_complex64
3099050569,12320,155726,1434,1,1,128,1,1,16,0.000,0.000,,,,,NVIDIA A100-SXM4-40GB MIG 4g.20gb (0),1,,13,cupy_copy__complex64_complex64
3099088361,87454,155731,1,1,1,32,32,1,30,0.000,0.000,,,,,NVIDIA A100-SXM4-40GB MIG 4g.20gb (0),1,,13,"void convert_kernel<__half2, float2>(tensor_layout_any, T1 *, tensor_layout_any, const T2 *)"
3099203143,5600,155734,,,,,,,,,,0.094,16731.388,Pinned,Device,NVIDIA A100-SXM4-40GB MIG 4g.20gb (0),1,,13,[CUDA memcpy Host-to-Device]
3099213319,606489,155735,,,,,,,,,,456.561,752413.253,Device,,NVIDIA A100-SXM4-40GB MIG 4g.20gb (0),1,,13,[CUDA memset]
3099821247,70592,155740,,,,,,,,,,1.235,17492.982,Pinned,Device,NVIDIA A100-SXM4-40GB MIG 4g.20gb (0),1,,13,[CUDA memcpy Host-to-Device]
3099895999,14239,155741,,,,,,,,,,0.197,13807.583,Pinned,Device,NVIDIA A100-SXM4-40GB MIG 4g.20gb (0),1,,13,[CUDA memcpy Host-to-Device]
3099915838,8352,155742,69,4,1,48,1,1,76,0.002,0.000,,,,,NVIDIA A100-SXM4-40GB MIG 4g.20gb (0),1,,13,"void ch_est::windowedChEstPreNoDftSOfdmKernel<float, __half, float, (unsigned int)2, (unsigned int)1, (unsigned short)4>(ch_est::puschRxChEstStatDescr_t *, ch_est::puschRxChEstDynDescr_t *)"
3099929726,5760,155743,137,2,1,24,2,1,44,0.001,0.001,,,,,NVIDIA A100-SXM4-40GB MIG 4g.20gb (0),1,,13,"void ch_est::chEstFilterNoDftSOfdmDispatchKernel<float, __half, float, (unsigned int)2>(ch_est::puschRxChEstStatDescr_t *, ch_est::puschRxChEstDynDescr_t *)"
3099941342,5504,155744,137,2,1,24,2,1,44,0.001,0.001,,,,,NVIDIA A100-SXM4-40GB MIG 4g.20gb (0),1,,13,"void ch_est::chEstFilterNoDftSOfdmDispatchKernel<float, __half, float, (unsigned int)2>(ch_est::puschRxChEstStatDescr_t *, ch_est::puschRxChEstDynDescr_t *)"
3099951070,2752,155755,103,1,1,128,1,1,16,0.000,0.000,,,,,NVIDIA A100-SXM4-40GB MIG 4g.20gb (0),1,,13,cupy_copy__complex64_complex64
3099956766,13344,155765,1434,1,1,128,1,1,16,0.000,0.000,,,,,NVIDIA A100-SXM4-40GB MIG 4g.20gb (0),1,,13,cupy_copy__complex64_complex64
3099972382,3040,155772,103,1,1,128,1,1,16,0.000,0.000,,,,,NVIDIA A100-SXM4-40GB MIG 4g.20gb (0),1,,13,cupy_copy__complex64_complex64
3099980798,84382,155779,1,1,1,32,32,1,30,0.000,0.000,,,,,NVIDIA A100-SXM4-40GB MIG 4g.20gb (0),1,,13,"void convert_kernel<__half2, float2>(tensor_layout_any, T1 *, tensor_layout_any, const T2 *)"
3100094716,8736,155782,,,,,,,,,,0.094,10725.194,Pinned,Device,NVIDIA A100-SXM4-40GB MIG 4g.20gb (0),1,,13,[CUDA memcpy Host-to-Device]
3100108636,46655,155783,,,,,,,,,,35.810,767514.015,Device,,NVIDIA A100-SXM4-40GB MIG 4g.20gb (0),1,,13,[CUDA memset]
3100156507,3968,155785,,,,,,,,,,0.000,20.161,Pinned,Device,NVIDIA A100-SXM4-40GB MIG 4g.20gb (0),1,,13,[CUDA memcpy Host-to-Device]
3100163547,13408,155786,,,,,,,,,,0.197,14663.418,Pinned,Device,NVIDIA A100-SXM4-40GB MIG 4g.20gb (0),1,,13,[CUDA memcpy Host-to-Device]
3100185851,9632,155787,273,1,1,48,1,1,40,0.000,0.001,,,,,NVIDIA A100-SXM4-40GB MIG 4g.20gb (0),1,,13,"void pusch_noise_intf_est::noiseIntfEstNoDftSOfdmKernel<float, __half, float, float, (unsigned int)2, (unsigned int)1, (unsigned char)4, (unsigned char)4>(pusch_noise_intf_est::puschRxNoiseIntfEstDynDescr)"
3100199899,2944,155798,35,1,1,128,1,1,16,0.000,0.000,,,,,NVIDIA A100-SXM4-40GB MIG 4g.20gb (0),1,,13,cupy_copy__complex64_complex64
3100217147,1984,155807,1,1,1,1,1,1,18,0.000,0.000,,,,,NVIDIA A100-SXM4-40GB MIG 4g.20gb (0),1,,13,cupy_copy__float32_float32
3100247066,1600,155813,,,,,,,,,,0.000,2.500,Device,Pageable,NVIDIA A100-SXM4-40GB MIG 4g.20gb (0),1,,7,[CUDA memcpy Device-to-Host]
3100306681,13088,155824,1434,1,1,128,1,1,16,0.000,0.000,,,,,NVIDIA A100-SXM4-40GB MIG 4g.20gb (0),1,,13,cupy_copy__complex64_complex64
3100332345,2912,155831,103,1,1,128,1,1,16,0.000,0.000,,,,,NVIDIA A100-SXM4-40GB MIG 4g.20gb (0),1,,13,cupy_copy__complex64_complex64
3100352505,2208,155838,35,1,1,128,1,1,16,0.000,0.000,,,,,NVIDIA A100-SXM4-40GB MIG 4g.20gb (0),1,,13,cupy_copy__complex64_complex64
3100372345,1824,155845,1,1,1,1,1,1,18,0.000,0.000,,,,,NVIDIA A100-SXM4-40GB MIG 4g.20gb (0),1,,13,cupy_copy__float32_float32
3100500727,82719,155856,1,1,1,32,32,1,30,0.000,0.000,,,,,NVIDIA A100-SXM4-40GB MIG 4g.20gb (0),1,,13,"void convert_kernel<__half2, float2>(tensor_layout_any, T1 *, tensor_layout_any, const T2 *)"
3100610198,5376,155859,,,,,,,,,,0.094,17428.487,Pinned,Device,NVIDIA A100-SXM4-40GB MIG 4g.20gb (0),1,,13,[CUDA memcpy Host-to-Device]
3100624438,3392,155860,,,,,,,,,,1.547,455961.768,Device,,NVIDIA A100-SXM4-40GB MIG 4g.20gb (0),1,,13,[CUDA memset]
3100631125,3040,155865,,,,,,,,,,0.031,10294.725,Pinned,Device,NVIDIA A100-SXM4-40GB MIG 4g.20gb (0),1,,13,[CUDA memcpy Host-to-Device]
3100636821,9600,155866,,,,,,,,,,0.197,20479.869,Pinned,Device,NVIDIA A100-SXM4-40GB MIG 4g.20gb (0),1,,13,[CUDA memcpy Host-to-Device]
3100652213,5856,155867,273,1,1,8,4,1,39,0.002,0.000,,,,,NVIDIA A100-SXM4-40GB MIG 4g.20gb (0),1,,13,"void channel_eq::eqMmseCoefCompLowMimoKernel<float, float, float, (unsigned int)4, (unsigned int)1, (unsigned int)4>(const channel_eq::_puschRxChEqStatDescr *, channel_eq::_puschRxChEqCoefCompDynDescr)"
3100658997,7808,155868,273,1,1,12,11,1,51,0.002,0.000,,,,,NVIDIA A100-SXM4-40GB MIG 4g.20gb (0),1,,13,"void channel_eq::eqMmseSoftDemapKernel<float, __half, __half, float, (unsigned int)4, (unsigned short)16383>(channel_eq::_puschRxChEqStatDescr *, channel_eq::_puschRxChEqSoftDemapDynDescr)"
3100667861,294236,155869,1,1,1,32,32,1,30,0.000,0.000,,,,,NVIDIA A100-SXM4-40GB MIG 4g.20gb (0),1,,13,"void convert_kernel<float2, __half2>(tensor_layout_any, T1 *, tensor_layout_any, const T2 *)"
3100963089,10560,155881,2253,1,1,128,1,1,16,0.000,0.000,,,,,NVIDIA A100-SXM4-40GB MIG 4g.20gb (0),1,,13,cupy_copy__float16_float16
3100975633,3168,155890,282,1,1,128,1,1,16,0.000,0.000,,,,,NVIDIA A100-SXM4-40GB MIG 4g.20gb (0),1,,13,cupy_copy__complex64_complex64
3100980209,2336,155899,26,1,1,128,1,1,16,0.000,0.000,,,,,NVIDIA A100-SXM4-40GB MIG 4g.20gb (0),1,,13,cupy_copy__float32_float32
3100985553,2976,155908,103,1,1,128,1,1,16,0.000,0.000,,,,,NVIDIA A100-SXM4-40GB MIG 4g.20gb (0),1,,13,cupy_copy__complex64_complex64
3101039536,12256,155924,1434,1,1,128,1,1,16,0.000,0.000,,,,,NVIDIA A100-SXM4-40GB MIG 4g.20gb (0),1,,13,cupy_copy__complex64_complex64
3101153039,82687,155929,1,1,1,32,32,1,30,0.000,0.000,,,,,NVIDIA A100-SXM4-40GB MIG 4g.20gb (0),1,,13,"void convert_kernel<__half2, float2>(tensor_layout_any, T1 *, tensor_layout_any, const T2 *)"
3101262350,5440,155932,,,,,,,,,,0.094,17223.480,Pinned,Device,NVIDIA A100-SXM4-40GB MIG 4g.20gb (0),1,,13,[CUDA memcpy Host-to-Device]
3101272366,608216,155933,,,,,,,,,,456.561,750587.007,Device,,NVIDIA A100-SXM4-40GB MIG 4g.20gb (0),1,,13,[CUDA memset]
3101888006,69279,155938,,,,,,,,,,1.235,17825.182,Pinned,Device,NVIDIA A100-SXM4-40GB MIG 4g.20gb (0),1,,13,[CUDA memcpy Host-to-Device]
3101961317,15488,155939,,,,,,,,,,0.197,12694.192,Pinned,Device,NVIDIA A100-SXM4-40GB MIG 4g.20gb (0),1,,13,[CUDA memcpy Host-to-Device]
3101982917,8288,155940,69,4,1,48,1,1,76,0.002,0.000,,,,,NVIDIA A100-SXM4-40GB MIG 4g.20gb (0),1,,13,"void ch_est::windowedChEstPreNoDftSOfdmKernel<float, __half, float, (unsigned int)2, (unsigned int)1, (unsigned short)4>(ch_est::puschRxChEstStatDescr_t *, ch_est::puschRxChEstDynDescr_t *)"
3101994629,6400,155941,137,2,1,24,2,1,44,0.001,0.001,,,,,NVIDIA A100-SXM4-40GB MIG 4g.20gb (0),1,,13,"void ch_est::chEstFilterNoDftSOfdmDispatchKernel<float, __half, float, (unsigned int)2>(ch_est::puschRxChEstStatDescr_t *, ch_est::puschRxChEstDynDescr_t *)"
3102004228,5152,155942,137,2,1,24,2,1,44,0.001,0.001,,,,,NVIDIA A100-SXM4-40GB MIG 4g.20gb (0),1,,13,"void ch_est::chEstFilterNoDftSOfdmDispatchKernel<float, __half, float, (unsigned int)2>(ch_est::puschRxChEstStatDescr_t *, ch_est::puschRxChEstDynDescr_t *)"
3102015140,2688,155953,103,1,1,128,1,1,16,0.000,0.000,,,,,NVIDIA A100-SXM4-40GB MIG 4g.20gb (0),1,,13,cupy_copy__complex64_complex64
3102020548,12640,155963,1434,1,1,128,1,1,16,0.000,0.000,,,,,NVIDIA A100-SXM4-40GB MIG 4g.20gb (0),1,,13,cupy_copy__complex64_complex64
3102035684,3008,155970,103,1,1,128,1,1,16,0.000,0.000,,,,,NVIDIA A100-SXM4-40GB MIG 4g.20gb (0),1,,13,cupy_copy__complex64_complex64
3102041988,84319,155977,1,1,1,32,32,1,30,0.000,0.000,,,,,NVIDIA A100-SXM4-40GB MIG 4g.20gb (0),1,,13,"void convert_kernel<__half2, float2>(tensor_layout_any, T1 *, tensor_layout_any, const T2 *)"
3102153411,6816,155980,,,,,,,,,,0.094,13746.421,Pinned,Device,NVIDIA A100-SXM4-40GB MIG 4g.20gb (0),1,,13,[CUDA memcpy Host-to-Device]
3102169250,47520,155981,,,,,,,,,,35.810,753548.147,Device,,NVIDIA A100-SXM4-40GB MIG 4g.20gb (0),1,,13,[CUDA memset]
3102221346,3232,155983,,,,,,,,,,0.000,24.752,Pinned,Device,NVIDIA A100-SXM4-40GB MIG 4g.20gb (0),1,,13,[CUDA memcpy Host-to-Device]
3102227362,11072,155984,,,,,,,,,,0.197,17757.045,Pinned,Device,NVIDIA A100-SXM4-40GB MIG 4g.20gb (0),1,,13,[CUDA memcpy Host-to-Device]
3102243042,9599,155985,273,1,1,48,1,1,40,0.000,0.001,,,,,NVIDIA A100-SXM4-40GB MIG 4g.20gb (0),1,,13,"void pusch_noise_intf_est::noiseIntfEstNoDftSOfdmKernel<float, __half, float, float, (unsigned int)2, (unsigned int)1, (unsigned char)4, (unsigned char)4>(pusch_noise_intf_est::puschRxNoiseIntfEstDynDescr)"
3102254977,3008,155996,35,1,1,128,1,1,16,0.000,0.000,,,,,NVIDIA A100-SXM4-40GB MIG 4g.20gb (0),1,,13,cupy_copy__complex64_complex64
3102276161,1824,156005,1,1,1,1,1,1,18,0.000,0.000,,,,,NVIDIA A100-SXM4-40GB MIG 4g.20gb (0),1,,13,cupy_copy__float32_float32
3102308065,1600,156011,,,,,,,,,,0.000,2.500,Device,Pageable,NVIDIA A100-SXM4-40GB MIG 4g.20gb (0),1,,7,[CUDA memcpy Device-to-Host]
3102367296,12960,156022,1434,1,1,128,1,1,16,0.000,0.000,,,,,NVIDIA A100-SXM4-40GB MIG 4g.20gb (0),1,,13,cupy_copy__complex64_complex64
3102393760,2784,156029,103,1,1,128,1,1,16,0.000,0.000,,,,,NVIDIA A100-SXM4-40GB MIG 4g.20gb (0),1,,13,cupy_copy__complex64_complex64
3102414559,2560,156036,35,1,1,128,1,1,16,0.000,0.000,,,,,NVIDIA A100-SXM4-40GB MIG 4g.20gb (0),1,,13,cupy_copy__complex64_complex64
3102433535,2016,156043,1,1,1,1,1,1,18,0.000,0.000,,,,,NVIDIA A100-SXM4-40GB MIG 4g.20gb (0),1,,13,cupy_copy__float32_float32
3102563934,90622,156054,1,1,1,32,32,1,30,0.000,0.000,,,,,NVIDIA A100-SXM4-40GB MIG 4g.20gb (0),1,,13,"void convert_kernel<__half2, float2>(tensor_layout_any, T1 *, tensor_layout_any, const T2 *)"
3102681308,5440,156057,,,,,,,,,,0.094,17223.480,Pinned,Device,NVIDIA A100-SXM4-40GB MIG 4g.20gb (0),1,,13,[CUDA memcpy Host-to-Device]
3102695644,3200,156058,,,,,,,,,,1.547,483320.000,Device,,NVIDIA A100-SXM4-40GB MIG 4g.20gb (0),1,,13,[CUDA memset]
3102702844,3008,156063,,,,,,,,,,0.031,10404.230,Pinned,Device,NVIDIA A100-SXM4-40GB MIG 4g.20gb (0),1,,13,[CUDA memcpy Host-to-Device]
3102708380,9472,156064,,,,,,,,,,0.197,20756.693,Pinned,Device,NVIDIA A100-SXM4-40GB MIG 4g.20gb (0),1,,13,[CUDA memcpy Host-to-Device]
3102723932,7935,156065,273,1,1,8,4,1,39,0.002,0.000,,,,,NVIDIA A100-SXM4-40GB MIG 4g.20gb (0),1,,13,"void channel_eq::eqMmseCoefCompLowMimoKernel<float, float, float, (unsigned int)4, (unsigned int)1, (unsigned int)4>(const channel_eq::_puschRxChEqStatDescr *, channel_eq::_puschRxChEqCoefCompDynDescr)"
3102732923,6336,156066,273,1,1,12,11,1,51,0.002,0.000,,,,,NVIDIA A100-SXM4-40GB MIG 4g.20gb (0),1,,13,"void channel_eq::eqMmseSoftDemapKernel<float, __half, __half, float, (unsigned int)4, (unsigned short)16383>(channel_eq::_puschRxChEqStatDescr *, channel_eq::_puschRxChEqSoftDemapDynDescr)"
3102740347,283357,156067,1,1,1,32,32,1,30,0.000,0.000,,,,,NVIDIA A100-SXM4-40GB MIG 4g.20gb (0),1,,13,"void convert_kernel<float2, __half2>(tensor_layout_any, T1 *, tensor_layout_any, const T2 *)"
3103024728,11072,156079,2253,1,1,128,1,1,16,0.000,0.000,,,,,NVIDIA A100-SXM4-40GB MIG 4g.20gb (0),1,,13,cupy_copy__float16_float16
3103040152,3232,156088,282,1,1,128,1,1,16,0.000,0.000,,,,,NVIDIA A100-SXM4-40GB MIG 4g.20gb (0),1,,13,cupy_copy__complex64_complex64
3103044376,2272,156097,26,1,1,128,1,1,16,0.000,0.000,,,,,NVIDIA A100-SXM4-40GB MIG 4g.20gb (0),1,,13,cupy_copy__float32_float32
3103047672,2912,156106,103,1,1,128,1,1,16,0.000,0.000,,,,,NVIDIA A100-SXM4-40GB MIG 4g.20gb (0),1,,13,cupy_copy__complex64_complex64
3103051512,11935,156116,1434,1,1,128,1,1,16,0.000,0.000,,,,,NVIDIA A100-SXM4-40GB MIG 4g.20gb (0),1,,13,cupy_copy__complex64_complex64
3103084503,81855,156121,1,1,1,32,32,1,30,0.000,0.000,,,,,NVIDIA A100-SXM4-40GB MIG 4g.20gb (0),1,,13,"void convert_kernel<__half2, float2>(tensor_layout_any, T1 *, tensor_layout_any, const T2 *)"
3103192982,5440,156124,,,,,,,,,,0.094,17223.480,Pinned,Device,NVIDIA A100-SXM4-40GB MIG 4g.20gb (0),1,,13,[CUDA memcpy Host-to-Device]
3103203862,606488,156125,,,,,,,,,,456.561,752413.253,Device,,NVIDIA A100-SXM4-40GB MIG 4g.20gb (0),1,,13,[CUDA memset]
3103817198,67071,156130,,,,,,,,,,1.235,18411.780,Pinned,Device,NVIDIA A100-SXM4-40GB MIG 4g.20gb (0),1,,13,[CUDA memcpy Host-to-Device]
3103888109,15232,156131,,,,,,,,,,0.197,12907.512,Pinned,Device,NVIDIA A100-SXM4-40GB MIG 4g.20gb (0),1,,13,[CUDA memcpy Host-to-Device]
3103912973,8288,156132,69,4,1,48,1,1,76,0.002,0.000,,,,,NVIDIA A100-SXM4-40GB MIG 4g.20gb (0),1,,13,"void ch_est::windowedChEstPreNoDftSOfdmKernel<float, __half, float, (unsigned int)2, (unsigned int)1, (unsigned short)4>(ch_est::puschRxChEstStatDescr_t *, ch_est::puschRxChEstDynDescr_t *)"
3103924173,6560,156133,137,2,1,24,2,1,44,0.001,0.001,,,,,NVIDIA A100-SXM4-40GB MIG 4g.20gb (0),1,,13,"void ch_est::chEstFilterNoDftSOfdmDispatchKernel<float, __half, float, (unsigned int)2>(ch_est::puschRxChEstStatDescr_t *, ch_est::puschRxChEstDynDescr_t *)"
3103933581,5632,156134,137,2,1,24,2,1,44,0.001,0.001,,,,,NVIDIA A100-SXM4-40GB MIG 4g.20gb (0),1,,13,"void ch_est::chEstFilterNoDftSOfdmDispatchKernel<float, __half, float, (unsigned int)2>(ch_est::puschRxChEstStatDescr_t *, ch_est::puschRxChEstDynDescr_t *)"
3103944397,2559,156145,103,1,1,128,1,1,16,0.000,0.000,,,,,NVIDIA A100-SXM4-40GB MIG 4g.20gb (0),1,,13,cupy_copy__complex64_complex64
3103950956,12544,156155,1434,1,1,128,1,1,16,0.000,0.000,,,,,NVIDIA A100-SXM4-40GB MIG 4g.20gb (0),1,,13,cupy_copy__complex64_complex64
3103969996,2528,156162,103,1,1,128,1,1,16,0.000,0.000,,,,,NVIDIA A100-SXM4-40GB MIG 4g.20gb (0),1,,13,cupy_copy__complex64_complex64
3103976012,84063,156169,1,1,1,32,32,1,30,0.000,0.000,,,,,NVIDIA A100-SXM4-40GB MIG 4g.20gb (0),1,,13,"void convert_kernel<__half2, float2>(tensor_layout_any, T1 *, tensor_layout_any, const T2 *)"
3104092395,8288,156172,,,,,,,,,,0.094,11304.985,Pinned,Device,NVIDIA A100-SXM4-40GB MIG 4g.20gb (0),1,,13,[CUDA memcpy Host-to-Device]
3104105643,48511,156173,,,,,,,,,,35.810,738149.881,Device,,NVIDIA A100-SXM4-40GB MIG 4g.20gb (0),1,,13,[CUDA memset]
3104156746,3104,156175,,,,,,,,,,0.000,25.773,Pinned,Device,NVIDIA A100-SXM4-40GB MIG 4g.20gb (0),1,,13,[CUDA memcpy Host-to-Device]
3104163978,11904,156176,,,,,,,,,,0.197,16516.055,Pinned,Device,NVIDIA A100-SXM4-40GB MIG 4g.20gb (0),1,,13,[CUDA memcpy Host-to-Device]
3104183562,12799,156177,273,1,1,48,1,1,40,0.000,0.001,,,,,NVIDIA A100-SXM4-40GB MIG 4g.20gb (0),1,,13,"void pusch_noise_intf_est::noiseIntfEstNoDftSOfdmKernel<float, __half, float, float, (unsigned int)2, (unsigned int)1, (unsigned char)4, (unsigned char)4>(pusch_noise_intf_est::puschRxNoiseIntfEstDynDescr)"
3104198153,3008,156188,35,1,1,128,1,1,16,0.000,0.000,,,,,NVIDIA A100-SXM4-40GB MIG 4g.20gb (0),1,,13,cupy_copy__complex64_complex64
3104211273,2080,156197,1,1,1,1,1,1,18,0.000,0.000,,,,,NVIDIA A100-SXM4-40GB MIG 4g.20gb (0),1,,13,cupy_copy__float32_float32
3104243337,1600,156203,,,,,,,,,,0.000,2.500,Device,Pageable,NVIDIA A100-SXM4-40GB MIG 4g.20gb (0),1,,7,[CUDA memcpy Device-to-Host]
3104302568,12992,156214,1434,1,1,128,1,1,16,0.000,0.000,,,,,NVIDIA A100-SXM4-40GB MIG 4g.20gb (0),1,,13,cupy_copy__complex64_complex64
3104329032,3520,156221,103,1,1,128,1,1,16,0.000,0.000,,,,,NVIDIA A100-SXM4-40GB MIG 4g.20gb (0),1,,13,cupy_copy__complex64_complex64
3104349352,2335,156228,35,1,1,128,1,1,16,0.000,0.000,,,,,NVIDIA A100-SXM4-40GB MIG 4g.20gb (0),1,,13,cupy_copy__complex64_complex64
3104368167,1952,156235,1,1,1,1,1,1,18,0.000,0.000,,,,,NVIDIA A100-SXM4-40GB MIG 4g.20gb (0),1,,13,cupy_copy__float32_float32
3104498534,83071,156246,1,1,1,32,32,1,30,0.000,0.000,,,,,NVIDIA A100-SXM4-40GB MIG 4g.20gb (0),1,,13,"void convert_kernel<__half2, float2>(tensor_layout_any, T1 *, tensor_layout_any, const T2 *)"
3104608964,5568,156249,,,,,,,,,,0.094,16827.521,Pinned,Device,NVIDIA A100-SXM4-40GB MIG 4g.20gb (0),1,,13,[CUDA memcpy Host-to-Device]
3104623556,3520,156250,,,,,,,,,,1.547,439380.412,Device,,NVIDIA A100-SXM4-40GB MIG 4g.20gb (0),1,,13,[CUDA memset]
3104630660,3296,156255,,,,,,,,,,0.031,9495.144,Pinned,Device,NVIDIA A100-SXM4-40GB MIG 4g.20gb (0),1,,13,[CUDA memcpy Host-to-Device]
3104636388,9568,156256,,,,,,,,,,0.197,20548.485,Pinned,Device,NVIDIA A100-SXM4-40GB MIG 4g.20gb (0),1,,13,[CUDA memcpy Host-to-Device]
3104651044,6176,156257,273,1,1,8,4,1,39,0.002,0.000,,,,,NVIDIA A100-SXM4-40GB MIG 4g.20gb (0),1,,13,"void channel_eq::eqMmseCoefCompLowMimoKernel<float, float, float, (unsigned int)4, (unsigned int)1, (unsigned int)4>(const channel_eq::_puschRxChEqStatDescr *, channel_eq::_puschRxChEqCoefCompDynDescr)"
3104658244,6240,156258,273,1,1,12,11,1,51,0.002,0.000,,,,,NVIDIA A100-SXM4-40GB MIG 4g.20gb (0),1,,13,"void channel_eq::eqMmseSoftDemapKernel<float, __half, __half, float, (unsigned int)4, (unsigned short)16383>(channel_eq::_puschRxChEqStatDescr *, channel_eq::_puschRxChEqSoftDemapDynDescr)"
3104665540,282748,156259,1,1,1,32,32,1,30,0.000,0.000,,,,,NVIDIA A100-SXM4-40GB MIG 4g.20gb (0),1,,13,"void convert_kernel<float2, __half2>(tensor_layout_any, T1 *, tensor_layout_any, const T2 *)"
3104949248,11040,156271,2253,1,1,128,1,1,16,0.000,0.000,,,,,NVIDIA A100-SXM4-40GB MIG 4g.20gb (0),1,,13,cupy_copy__float16_float16
3104963328,3200,156280,282,1,1,128,1,1,16,0.000,0.000,,,,,NVIDIA A100-SXM4-40GB MIG 4g.20gb (0),1,,13,cupy_copy__complex64_complex64
3104970208,2144,156289,26,1,1,128,1,1,16,0.000,0.000,,,,,NVIDIA A100-SXM4-40GB MIG 4g.20gb (0),1,,13,cupy_copy__float32_float32
3104974944,3040,156298,103,1,1,128,1,1,16,0.000,0.000,,,,,NVIDIA A100-SXM4-40GB MIG 4g.20gb (0),1,,13,cupy_copy__complex64_complex64
3104979008,12032,156308,1434,1,1,128,1,1,16,0.000,0.000,,,,,NVIDIA A100-SXM4-40GB MIG 4g.20gb (0),1,,13,cupy_copy__complex64_complex64
3105000543,82367,156313,1,1,1,32,32,1,30,0.000,0.000,,,,,NVIDIA A100-SXM4-40GB MIG 4g.20gb (0),1,,13,"void convert_kernel<__half2, float2>(tensor_layout_any, T1 *, tensor_layout_any, const T2 *)"
3105109278,5408,156316,,,,,,,,,,0.094,17325.421,Pinned,Device,NVIDIA A100-SXM4-40GB MIG 4g.20gb (0),1,,13,[CUDA memcpy Host-to-Device]
3105120510,603001,156317,,,,,,,,,,456.561,756978.868,Device,,NVIDIA A100-SXM4-40GB MIG 4g.20gb (0),1,,13,[CUDA memset]
3105727958,70016,156322,,,,,,,,,,1.235,17637.470,Pinned,Device,NVIDIA A100-SXM4-40GB MIG 4g.20gb (0),1,,13,[CUDA memcpy Host-to-Device]
3105801430,14783,156323,,,,,,,,,,0.197,13299.548,Pinned,Device,NVIDIA A100-SXM4-40GB MIG 4g.20gb (0),1,,13,[CUDA memcpy Host-to-Device]
3105825941,7840,156324,69,4,1,48,1,1,76,0.002,0.000,,,,,NVIDIA A100-SXM4-40GB MIG 4g.20gb (0),1,,13,"void ch_est::windowedChEstPreNoDftSOfdmKernel<float, __half, float, (unsigned int)2, (unsigned int)1, (unsigned short)4>(ch_est::puschRxChEstStatDescr_t *, ch_est::puschRxChEstDynDescr_t *)"
3105837333,6976,156325,137,2,1,24,2,1,44,0.001,0.001,,,,,NVIDIA A100-SXM4-40GB MIG 4g.20gb (0),1,,13,"void ch_est::chEstFilterNoDftSOfdmDispatchKernel<float, __half, float, (unsigned int)2>(ch_est::puschRxChEstStatDescr_t *, ch_est::puschRxChEstDynDescr_t *)"
3105846485,5536,156326,137,2,1,24,2,1,44,0.001,0.001,,,,,NVIDIA A100-SXM4-40GB MIG 4g.20gb (0),1,,13,"void ch_est::chEstFilterNoDftSOfdmDispatchKernel<float, __half, float, (unsigned int)2>(ch_est::puschRxChEstStatDescr_t *, ch_est::puschRxChEstDynDescr_t *)"
3105856949,2528,156337,103,1,1,128,1,1,16,0.000,0.000,,,,,NVIDIA A100-SXM4-40GB MIG 4g.20gb (0),1,,13,cupy_copy__complex64_complex64
3105863221,12224,156347,1434,1,1,128,1,1,16,0.000,0.000,,,,,NVIDIA A100-SXM4-40GB MIG 4g.20gb (0),1,,13,cupy_copy__complex64_complex64
3105880373,2624,156354,103,1,1,128,1,1,16,0.000,0.000,,,,,NVIDIA A100-SXM4-40GB MIG 4g.20gb (0),1,,13,cupy_copy__complex64_complex64
3105886676,88703,156361,1,1,1,32,32,1,30,0.000,0.000,,,,,NVIDIA A100-SXM4-40GB MIG 4g.20gb (0),1,,13,"void convert_kernel<__half2, float2>(tensor_layout_any, T1 *, tensor_layout_any, const T2 *)"
3106004979,8672,156364,,,,,,,,,,0.094,10804.367,Pinned,Device,NVIDIA A100-SXM4-40GB MIG 4g.20gb (0),1,,13,[CUDA memcpy Host-to-Device]
3106018707,47071,156365,,,,,,,,,,35.810,760745.940,Device,,NVIDIA A100-SXM4-40GB MIG 4g.20gb (0),1,,13,[CUDA memset]
3106072018,3488,156367,,,,,,,,,,0.000,22.936,Pinned,Device,NVIDIA A100-SXM4-40GB MIG 4g.20gb (0),1,,13,[CUDA memcpy Host-to-Device]
3106079058,11360,156368,,,,,,,,,,0.197,17307.009,Pinned,Device,NVIDIA A100-SXM4-40GB MIG 4g.20gb (0),1,,13,[CUDA memcpy Host-to-Device]
3106095538,11328,156369,273,1,1,48,1,1,40,0.000,0.001,,,,,NVIDIA A100-SXM4-40GB MIG 4g.20gb (0),1,,13,"void pusch_noise_intf_est::noiseIntfEstNoDftSOfdmKernel<float, __half, float, float, (unsigned int)2, (unsigned int)1, (unsigned char)4, (unsigned char)4>(pusch_noise_intf_est::puschRxNoiseIntfEstDynDescr)"
3106111666,3040,156380,35,1,1,128,1,1,16,0.000,0.000,,,,,NVIDIA A100-SXM4-40GB MIG 4g.20gb (0),1,,13,cupy_copy__complex64_complex64
3106123858,2144,156389,1,1,1,1,1,1,18,0.000,0.000,,,,,NVIDIA A100-SXM4-40GB MIG 4g.20gb (0),1,,13,cupy_copy__float32_float32
3106156145,1568,156395,,,,,,,,,,0.000,2.551,Device,Pageable,NVIDIA A100-SXM4-40GB MIG 4g.20gb (0),1,,7,[CUDA memcpy Device-to-Host]
3106215312,12864,156406,1434,1,1,128,1,1,16,0.000,0.000,,,,,NVIDIA A100-SXM4-40GB MIG 4g.20gb (0),1,,13,cupy_copy__complex64_complex64
3106243472,3552,156413,103,1,1,128,1,1,16,0.000,0.000,,,,,NVIDIA A100-SXM4-40GB MIG 4g.20gb (0),1,,13,cupy_copy__complex64_complex64
3106263600,2592,156420,35,1,1,128,1,1,16,0.000,0.000,,,,,NVIDIA A100-SXM4-40GB MIG 4g.20gb (0),1,,13,cupy_copy__complex64_complex64
3106281520,1792,156427,1,1,1,1,1,1,18,0.000,0.000,,,,,NVIDIA A100-SXM4-40GB MIG 4g.20gb (0),1,,13,cupy_copy__float32_float32
3106411854,82335,156438,1,1,1,32,32,1,30,0.000,0.000,,,,,NVIDIA A100-SXM4-40GB MIG 4g.20gb (0),1,,13,"void convert_kernel<__half2, float2>(tensor_layout_any, T1 *, tensor_layout_any, const T2 *)"
3106522189,5408,156441,,,,,,,,,,0.094,17325.421,Pinned,Device,NVIDIA A100-SXM4-40GB MIG 4g.20gb (0),1,,13,[CUDA memcpy Host-to-Device]
3106536684,3488,156442,,,,,,,,,,1.547,443412.461,Device,,NVIDIA A100-SXM4-40GB MIG 4g.20gb (0),1,,13,[CUDA memset]
3106543756,3200,156447,,,,,,,,,,0.031,9780.000,Pinned,Device,NVIDIA A100-SXM4-40GB MIG 4g.20gb (0),1,,13,[CUDA memcpy Host-to-Device]
3106549452,9600,156448,,,,,,,,,,0.197,20479.869,Pinned,Device,NVIDIA A100-SXM4-40GB MIG 4g.20gb (0),1,,13,[CUDA memcpy Host-to-Device]
3106564012,6080,156449,273,1,1,8,4,1,39,0.002,0.000,,,,,NVIDIA A100-SXM4-40GB MIG 4g.20gb (0),1,,13,"void channel_eq::eqMmseCoefCompLowMimoKernel<float, float, float, (unsigned int)4, (unsigned int)1, (unsigned int)4>(const channel_eq::_puschRxChEqStatDescr *, channel_eq::_puschRxChEqCoefCompDynDescr)"
3106572940,5664,156450,273,1,1,12,11,1,51,0.002,0.000,,,,,NVIDIA A100-SXM4-40GB MIG 4g.20gb (0),1,,13,"void channel_eq::eqMmseSoftDemapKernel<float, __half, __half, float, (unsigned int)4, (unsigned short)16383>(channel_eq::_puschRxChEqStatDescr *, channel_eq::_puschRxChEqSoftDemapDynDescr)"
3106580524,294300,156451,1,1,1,32,32,1,30,0.000,0.000,,,,,NVIDIA A100-SXM4-40GB MIG 4g.20gb (0),1,,13,"void convert_kernel<float2, __half2>(tensor_layout_any, T1 *, tensor_layout_any, const T2 *)"
3106876104,11136,156463,2253,1,1,128,1,1,16,0.000,0.000,,,,,NVIDIA A100-SXM4-40GB MIG 4g.20gb (0),1,,13,cupy_copy__float16_float16
3106888904,3712,156472,282,1,1,128,1,1,16,0.000,0.000,,,,,NVIDIA A100-SXM4-40GB MIG 4g.20gb (0),1,,13,cupy_copy__complex64_complex64
3106895336,2048,156481,26,1,1,128,1,1,16,0.000,0.000,,,,,NVIDIA A100-SXM4-40GB MIG 4g.20gb (0),1,,13,cupy_copy__float32_float32
3106900296,3008,156490,103,1,1,128,1,1,16,0.000,0.000,,,,,NVIDIA A100-SXM4-40GB MIG 4g.20gb (0),1,,13,cupy_copy__complex64_complex64
3106904328,12032,156500,1434,1,1,128,1,1,16,0.000,0.000,,,,,NVIDIA A100-SXM4-40GB MIG 4g.20gb (0),1,,13,cupy_copy__complex64_complex64
3106923816,81407,156505,1,1,1,32,32,1,30,0.000,0.000,,,,,NVIDIA A100-SXM4-40GB MIG 4g.20gb (0),1,,13,"void convert_kernel<__half2, float2>(tensor_layout_any, T1 *, tensor_layout_any, const T2 *)"
3107033766,5376,156508,,,,,,,,,,0.094,17428.487,Pinned,Device,NVIDIA A100-SXM4-40GB MIG 4g.20gb (0),1,,13,[CUDA memcpy Host-to-Device]
3107043014,602745,156509,,,,,,,,,,456.561,757435.429,Device,,NVIDIA A100-SXM4-40GB MIG 4g.20gb (0),1,,13,[CUDA memset]
3107653055,69887,156514,,,,,,,,,,1.235,17669.579,Pinned,Device,NVIDIA A100-SXM4-40GB MIG 4g.20gb (0),1,,13,[CUDA memcpy Host-to-Device]
3107727614,14784,156515,,,,,,,,,,0.197,13298.565,Pinned,Device,NVIDIA A100-SXM4-40GB MIG 4g.20gb (0),1,,13,[CUDA memcpy Host-to-Device]
3107750141,8000,156516,69,4,1,48,1,1,76,0.002,0.000,,,,,NVIDIA A100-SXM4-40GB MIG 4g.20gb (0),1,,13,"void ch_est::windowedChEstPreNoDftSOfdmKernel<float, __half, float, (unsigned int)2, (unsigned int)1, (unsigned short)4>(ch_est::puschRxChEstStatDescr_t *, ch_est::puschRxChEstDynDescr_t *)"
3107763773,6528,156517,137,2,1,24,2,1,44,0.001,0.001,,,,,NVIDIA A100-SXM4-40GB MIG 4g.20gb (0),1,,13,"void ch_est::chEstFilterNoDftSOfdmDispatchKernel<float, __half, float, (unsigned int)2>(ch_est::puschRxChEstStatDescr_t *, ch_est::puschRxChEstDynDescr_t *)"
3107774781,5248,156518,137,2,1,24,2,1,44,0.001,0.001,,,,,NVIDIA A100-SXM4-40GB MIG 4g.20gb (0),1,,13,"void ch_est::chEstFilterNoDftSOfdmDispatchKernel<float, __half, float, (unsigned int)2>(ch_est::puschRxChEstStatDescr_t *, ch_est::puschRxChEstDynDescr_t *)"
3107785789,2592,156529,103,1,1,128,1,1,16,0.000,0.000,,,,,NVIDIA A100-SXM4-40GB MIG 4g.20gb (0),1,,13,cupy_copy__complex64_complex64
3107790525,12480,156539,1434,1,1,128,1,1,16,0.000,0.000,,,,,NVIDIA A100-SXM4-40GB MIG 4g.20gb (0),1,,13,cupy_copy__complex64_complex64
3107808989,2400,156546,103,1,1,128,1,1,16,0.000,0.000,,,,,NVIDIA A100-SXM4-40GB MIG 4g.20gb (0),1,,13,cupy_copy__complex64_complex64
3107816093,84671,156553,1,1,1,32,32,1,30,0.000,0.000,,,,,NVIDIA A100-SXM4-40GB MIG 4g.20gb (0),1,,13,"void convert_kernel<__half2, float2>(tensor_layout_any, T1 *, tensor_layout_any, const T2 *)"
3107930651,8640,156556,,,,,,,,,,0.094,10844.375,Pinned,Device,NVIDIA A100-SXM4-40GB MIG 4g.20gb (0),1,,13,[CUDA memcpy Host-to-Device]
3107944763,47167,156557,,,,,,,,,,35.810,759206.114,Device,,NVIDIA A100-SXM4-40GB MIG 4g.20gb (0),1,,13,[CUDA memset]
3107997114,4256,156559,,,,,,,,,,0.000,18.797,Pinned,Device,NVIDIA A100-SXM4-40GB MIG 4g.20gb (0),1,,13,[CUDA memcpy Host-to-Device]
3108005434,14304,156560,,,,,,,,,,0.197,13744.865,Pinned,Device,NVIDIA A100-SXM4-40GB MIG 4g.20gb (0),1,,13,[CUDA memcpy Host-to-Device]
3108024986,9888,156561,273,1,1,48,1,1,40,0.000,0.001,,,,,NVIDIA A100-SXM4-40GB MIG 4g.20gb (0),1,,13,"void pusch_noise_intf_est::noiseIntfEstNoDftSOfdmKernel<float, __half, float, float, (unsigned int)2, (unsigned int)1, (unsigned char)4, (unsigned char)4>(pusch_noise_intf_est::puschRxNoiseIntfEstDynDescr)"
3108038842,3008,156572,35,1,1,128,1,1,16,0.000,0.000,,,,,NVIDIA A100-SXM4-40GB MIG 4g.20gb (0),1,,13,cupy_copy__complex64_complex64
3108049914,2016,156581,1,1,1,1,1,1,18,0.000,0.000,,,,,NVIDIA A100-SXM4-40GB MIG 4g.20gb (0),1,,13,cupy_copy__float32_float32
3108082265,1600,156587,,,,,,,,,,0.000,2.500,Device,Pageable,NVIDIA A100-SXM4-40GB MIG 4g.20gb (0),1,,7,[CUDA memcpy Device-to-Host]
3108143033,12831,156598,1434,1,1,128,1,1,16,0.000,0.000,,,,,NVIDIA A100-SXM4-40GB MIG 4g.20gb (0),1,,13,cupy_copy__complex64_complex64
3108169400,2592,156605,103,1,1,128,1,1,16,0.000,0.000,,,,,NVIDIA A100-SXM4-40GB MIG 4g.20gb (0),1,,13,cupy_copy__complex64_complex64
3108191000,2336,156612,35,1,1,128,1,1,16,0.000,0.000,,,,,NVIDIA A100-SXM4-40GB MIG 4g.20gb (0),1,,13,cupy_copy__complex64_complex64
3108209112,1792,156619,1,1,1,1,1,1,18,0.000,0.000,,,,,NVIDIA A100-SXM4-40GB MIG 4g.20gb (0),1,,13,cupy_copy__float32_float32
3108341334,82367,156630,1,1,1,32,32,1,30,0.000,0.000,,,,,NVIDIA A100-SXM4-40GB MIG 4g.20gb (0),1,,13,"void convert_kernel<__half2, float2>(tensor_layout_any, T1 *, tensor_layout_any, const T2 *)"
3108451349,5536,156633,,,,,,,,,,0.094,16924.777,Pinned,Device,NVIDIA A100-SXM4-40GB MIG 4g.20gb (0),1,,13,[CUDA memcpy Host-to-Device]
3108466837,3200,156634,,,,,,,,,,1.547,483320.000,Device,,NVIDIA A100-SXM4-40GB MIG 4g.20gb (0),1,,13,[CUDA memset]
3108472469,3039,156639,,,,,,,,,,0.031,10298.105,Pinned,Device,NVIDIA A100-SXM4-40GB MIG 4g.20gb (0),1,,13,[CUDA memcpy Host-to-Device]
3108477940,9440,156640,,,,,,,,,,0.197,20827.079,Pinned,Device,NVIDIA A100-SXM4-40GB MIG 4g.20gb (0),1,,13,[CUDA memcpy Host-to-Device]
3108491380,6432,156641,273,1,1,8,4,1,39,0.002,0.000,,,,,NVIDIA A100-SXM4-40GB MIG 4g.20gb (0),1,,13,"void channel_eq::eqMmseCoefCompLowMimoKernel<float, float, float, (unsigned int)4, (unsigned int)1, (unsigned int)4>(const channel_eq::_puschRxChEqStatDescr *, channel_eq::_puschRxChEqCoefCompDynDescr)"
3108498740,6112,156642,273,1,1,12,11,1,51,0.002,0.000,,,,,NVIDIA A100-SXM4-40GB MIG 4g.20gb (0),1,,13,"void channel_eq::eqMmseSoftDemapKernel<float, __half, __half, float, (unsigned int)4, (unsigned short)16383>(channel_eq::_puschRxChEqStatDescr *, channel_eq::_puschRxChEqSoftDemapDynDescr)"
3108507604,294652,156643,1,1,1,32,32,1,30,0.000,0.000,,,,,NVIDIA A100-SXM4-40GB MIG 4g.20gb (0),1,,13,"void convert_kernel<float2, __half2>(tensor_layout_any, T1 *, tensor_layout_any, const T2 *)"
3108803248,10912,156655,2253,1,1,128,1,1,16,0.000,0.000,,,,,NVIDIA A100-SXM4-40GB MIG 4g.20gb (0),1,,13,cupy_copy__float16_float16
3108816464,2560,156664,282,1,1,128,1,1,16,0.000,0.000,,,,,NVIDIA A100-SXM4-40GB MIG 4g.20gb (0),1,,13,cupy_copy__complex64_complex64
3108820304,2144,156673,26,1,1,128,1,1,16,0.000,0.000,,,,,NVIDIA A100-SXM4-40GB MIG 4g.20gb (0),1,,13,cupy_copy__float32_float32
3108823504,2912,156682,103,1,1,128,1,1,16,0.000,0.000,,,,,NVIDIA A100-SXM4-40GB MIG 4g.20gb (0),1,,13,cupy_copy__complex64_complex64
3108828432,11936,156692,1434,1,1,128,1,1,16,0.000,0.000,,,,,NVIDIA A100-SXM4-40GB MIG 4g.20gb (0),1,,13,cupy_copy__complex64_complex64
3108846256,82111,156697,1,1,1,32,32,1,30,0.000,0.000,,,,,NVIDIA A100-SXM4-40GB MIG 4g.20gb (0),1,,13,"void convert_kernel<__half2, float2>(tensor_layout_any, T1 *, tensor_layout_any, const T2 *)"
3108956047,5407,156700,,,,,,,,,,0.094,17328.607,Pinned,Device,NVIDIA A100-SXM4-40GB MIG 4g.20gb (0),1,,13,[CUDA memcpy Host-to-Device]
3108965710,605465,156701,,,,,,,,,,456.561,753782.937,Device,,NVIDIA A100-SXM4-40GB MIG 4g.20gb (0),1,,13,[CUDA memset]
3109577127,68319,156706,,,,,,,,,,1.235,18075.875,Pinned,Device,NVIDIA A100-SXM4-40GB MIG 4g.20gb (0),1,,13,[CUDA memcpy Host-to-Device]
3109648742,14560,156707,,,,,,,,,,0.197,13503.234,Pinned,Device,NVIDIA A100-SXM4-40GB MIG 4g.20gb (0),1,,13,[CUDA memcpy Host-to-Device]
3109670758,8512,156708,69,4,1,48,1,1,76,0.002,0.000,,,,,NVIDIA A100-SXM4-40GB MIG 4g.20gb (0),1,,13,"void ch_est::windowedChEstPreNoDftSOfdmKernel<float, __half, float, (unsigned int)2, (unsigned int)1, (unsigned short)4>(ch_est::puschRxChEstStatDescr_t *, ch_est::puschRxChEstDynDescr_t *)"
3109682054,6367,156709,137,2,1,24,2,1,44,0.001,0.001,,,,,NVIDIA A100-SXM4-40GB MIG 4g.20gb (0),1,,13,"void ch_est::chEstFilterNoDftSOfdmDispatchKernel<float, __half, float, (unsigned int)2>(ch_est::puschRxChEstStatDescr_t *, ch_est::puschRxChEstDynDescr_t *)"
3109690949,5088,156710,137,2,1,24,2,1,44,0.001,0.001,,,,,NVIDIA A100-SXM4-40GB MIG 4g.20gb (0),1,,13,"void ch_est::chEstFilterNoDftSOfdmDispatchKernel<float, __half, float, (unsigned int)2>(ch_est::puschRxChEstStatDescr_t *, ch_est::puschRxChEstDynDescr_t *)"
3109702373,2688,156721,103,1,1,128,1,1,16,0.000,0.000,,,,,NVIDIA A100-SXM4-40GB MIG 4g.20gb (0),1,,13,cupy_copy__complex64_complex64
3109707909,12992,156731,1434,1,1,128,1,1,16,0.000,0.000,,,,,NVIDIA A100-SXM4-40GB MIG 4g.20gb (0),1,,13,cupy_copy__complex64_complex64
3109727173,2656,156738,103,1,1,128,1,1,16,0.000,0.000,,,,,NVIDIA A100-SXM4-40GB MIG 4g.20gb (0),1,,13,cupy_copy__complex64_complex64
3109733445,83455,156745,1,1,1,32,32,1,30,0.000,0.000,,,,,NVIDIA A100-SXM4-40GB MIG 4g.20gb (0),1,,13,"void convert_kernel<__half2, float2>(tensor_layout_any, T1 *, tensor_layout_any, const T2 *)"
3109845284,9599,156748,,,,,,,,,,0.094,9760.968,Pinned,Device,NVIDIA A100-SXM4-40GB MIG 4g.20gb (0),1,,13,[CUDA memcpy Host-to-Device]
3109864803,47200,156749,,,,,,,,,,35.810,758668.965,Device,,NVIDIA A100-SXM4-40GB MIG 4g.20gb (0),1,,13,[CUDA memset]
3109912675,3808,156751,,,,,,,,,,0.000,21.008,Pinned,Device,NVIDIA A100-SXM4-40GB MIG 4g.20gb (0),1,,13,[CUDA memcpy Host-to-Device]
3109920387,13151,156752,,,,,,,,,,0.197,14949.876,Pinned,Device,NVIDIA A100-SXM4-40GB MIG 4g.20gb (0),1,,13,[CUDA memcpy Host-to-Device]
3109942562,9632,156753,273,1,1,48,1,1,40,0.000,0.001,,,,,NVIDIA A100-SXM4-40GB MIG 4g.20gb (0),1,,13,"void pusch_noise_intf_est::noiseIntfEstNoDftSOfdmKernel<float, __half, float, float, (unsigned int)2, (unsigned int)1, (unsigned char)4, (unsigned char)4>(pusch_noise_intf_est::puschRxNoiseIntfEstDynDescr)"
3109956098,3360,156764,35,1,1,128,1,1,16,0.000,0.000,,,,,NVIDIA A100-SXM4-40GB MIG 4g.20gb (0),1,,13,cupy_copy__complex64_complex64
3109964066,1888,156773,1,1,1,1,1,1,18,0.000,0.000,,,,,NVIDIA A100-SXM4-40GB MIG 4g.20gb (0),1,,13,cupy_copy__float32_float32
3109995330,2464,156779,,,,,,,,,,0.000,1.623,Device,Pageable,NVIDIA A100-SXM4-40GB MIG 4g.20gb (0),1,,7,[CUDA memcpy Device-to-Host]
3110056865,12704,156790,1434,1,1,128,1,1,16,0.000,0.000,,,,,NVIDIA A100-SXM4-40GB MIG 4g.20gb (0),1,,13,cupy_copy__complex64_complex64
3110083361,3328,156797,103,1,1,128,1,1,16,0.000,0.000,,,,,NVIDIA A100-SXM4-40GB MIG 4g.20gb (0),1,,13,cupy_copy__complex64_complex64
3110104032,2496,156804,35,1,1,128,1,1,16,0.000,0.000,,,,,NVIDIA A100-SXM4-40GB MIG 4g.20gb (0),1,,13,cupy_copy__complex64_complex64
3110123360,1920,156811,1,1,1,1,1,1,18,0.000,0.000,,,,,NVIDIA A100-SXM4-40GB MIG 4g.20gb (0),1,,13,cupy_copy__float32_float32
3110253727,82366,156822,1,1,1,32,32,1,30,0.000,0.000,,,,,NVIDIA A100-SXM4-40GB MIG 4g.20gb (0),1,,13,"void convert_kernel<__half2, float2>(tensor_layout_any, T1 *, tensor_layout_any, const T2 *)"
3110363709,5472,156825,,,,,,,,,,0.094,17122.757,Pinned,Device,NVIDIA A100-SXM4-40GB MIG 4g.20gb (0),1,,13,[CUDA memcpy Host-to-Device]
3110378045,3424,156826,,,,,,,,,,1.547,451700.819,Device,,NVIDIA A100-SXM4-40GB MIG 4g.20gb (0),1,,13,[CUDA memset]
3110385341,3008,156831,,,,,,,,,,0.031,10404.230,Pinned,Device,NVIDIA A100-SXM4-40GB MIG 4g.20gb (0),1,,13,[CUDA memcpy Host-to-Device]
3110390909,9408,156832,,,,,,,,,,0.197,20897.858,Pinned,Device,NVIDIA A100-SXM4-40GB MIG 4g.20gb (0),1,,13,[CUDA memcpy Host-to-Device]
3110405277,6784,156833,273,1,1,8,4,1,39,0.002,0.000,,,,,NVIDIA A100-SXM4-40GB MIG 4g.20gb (0),1,,13,"void channel_eq::eqMmseCoefCompLowMimoKernel<float, float, float, (unsigned int)4, (unsigned int)1, (unsigned int)4>(const channel_eq::_puschRxChEqStatDescr *, channel_eq::_puschRxChEqCoefCompDynDescr)"
3110413021,5759,156834,273,1,1,12,11,1,51,0.002,0.000,,,,,NVIDIA A100-SXM4-40GB MIG 4g.20gb (0),1,,13,"void channel_eq::eqMmseSoftDemapKernel<float, __half, __half, float, (unsigned int)4, (unsigned short)16383>(channel_eq::_puschRxChEqStatDescr *, channel_eq::_puschRxChEqSoftDemapDynDescr)"
3110419836,282461,156835,1,1,1,32,32,1,30,0.000,0.000,,,,,NVIDIA A100-SXM4-40GB MIG 4g.20gb (0),1,,13,"void convert_kernel<float2, __half2>(tensor_layout_any, T1 *, tensor_layout_any, const T2 *)"
3110704697,11072,156847,2253,1,1,128,1,1,16,0.000,0.000,,,,,NVIDIA A100-SXM4-40GB MIG 4g.20gb (0),1,,13,cupy_copy__float16_float16
3110718937,3648,156856,282,1,1,128,1,1,16,0.000,0.000,,,,,NVIDIA A100-SXM4-40GB MIG 4g.20gb (0),1,,13,cupy_copy__complex64_complex64
3110726521,2560,156865,26,1,1,128,1,1,16,0.000,0.000,,,,,NVIDIA A100-SXM4-40GB MIG 4g.20gb (0),1,,13,cupy_copy__float32_float32
3110730905,3392,156874,103,1,1,128,1,1,16,0.000,0.000,,,,,NVIDIA A100-SXM4-40GB MIG 4g.20gb (0),1,,13,cupy_copy__complex64_complex64
3110735385,11775,156884,1434,1,1,128,1,1,16,0.000,0.000,,,,,NVIDIA A100-SXM4-40GB MIG 4g.20gb (0),1,,13,cupy_copy__complex64_complex64
3110755864,82047,156889,1,1,1,32,32,1,30,0.000,0.000,,,,,NVIDIA A100-SXM4-40GB MIG 4g.20gb (0),1,,13,"void convert_kernel<__half2, float2>(tensor_layout_any, T1 *, tensor_layout_any, const T2 *)"
3110872055,5632,156892,,,,,,,,,,0.094,16636.287,Pinned,Device,NVIDIA A100-SXM4-40GB MIG 4g.20gb (0),1,,13,[CUDA memcpy Host-to-Device]
3110882327,600696,156893,,,,,,,,,,456.561,759718.236,Device,,NVIDIA A100-SXM4-40GB MIG 4g.20gb (0),1,,13,[CUDA memset]
3111487567,72031,156898,,,,,,,,,,1.235,17143.493,Pinned,Device,NVIDIA A100-SXM4-40GB MIG 4g.20gb (0),1,,13,[CUDA memcpy Host-to-Device]
3111563406,14496,156899,,,,,,,,,,0.197,13562.806,Pinned,Device,NVIDIA A100-SXM4-40GB MIG 4g.20gb (0),1,,13,[CUDA memcpy Host-to-Device]
3111582446,7680,156900,69,4,1,48,1,1,76,0.002,0.000,,,,,NVIDIA A100-SXM4-40GB MIG 4g.20gb (0),1,,13,"void ch_est::windowedChEstPreNoDftSOfdmKernel<float, __half, float, (unsigned int)2, (unsigned int)1, (unsigned short)4>(ch_est::puschRxChEstStatDescr_t *, ch_est::puschRxChEstDynDescr_t *)"
3111594414,6560,156901,137,2,1,24,2,1,44,0.001,0.001,,,,,NVIDIA A100-SXM4-40GB MIG 4g.20gb (0),1,,13,"void ch_est::chEstFilterNoDftSOfdmDispatchKernel<float, __half, float, (unsigned int)2>(ch_est::puschRxChEstStatDescr_t *, ch_est::puschRxChEstDynDescr_t *)"
3111603118,5152,156902,137,2,1,24,2,1,44,0.001,0.001,,,,,NVIDIA A100-SXM4-40GB MIG 4g.20gb (0),1,,13,"void ch_est::chEstFilterNoDftSOfdmDispatchKernel<float, __half, float, (unsigned int)2>(ch_est::puschRxChEstStatDescr_t *, ch_est::puschRxChEstDynDescr_t *)"
3111614670,2528,156913,103,1,1,128,1,1,16,0.000,0.000,,,,,NVIDIA A100-SXM4-40GB MIG 4g.20gb (0),1,,13,cupy_copy__complex64_complex64
3111621102,12511,156923,1434,1,1,128,1,1,16,0.000,0.000,,,,,NVIDIA A100-SXM4-40GB MIG 4g.20gb (0),1,,13,cupy_copy__complex64_complex64
3111639309,2752,156930,103,1,1,128,1,1,16,0.000,0.000,,,,,NVIDIA A100-SXM4-40GB MIG 4g.20gb (0),1,,13,cupy_copy__complex64_complex64
3111644845,89375,156937,1,1,1,32,32,1,30,0.000,0.000,,,,,NVIDIA A100-SXM4-40GB MIG 4g.20gb (0),1,,13,"void convert_kernel<__half2, float2>(tensor_layout_any, T1 *, tensor_layout_any, const T2 *)"
3111762732,9408,156940,,,,,,,,,,0.094,9959.135,Pinned,Device,NVIDIA A100-SXM4-40GB MIG 4g.20gb (0),1,,13,[CUDA memcpy Host-to-Device]
3111779820,48575,156941,,,,,,,,,,35.810,737183.013,Device,,NVIDIA A100-SXM4-40GB MIG 4g.20gb (0),1,,13,[CUDA memset]
3111831019,2944,156943,,,,,,,,,,0.000,27.174,Pinned,Device,NVIDIA A100-SXM4-40GB MIG 4g.20gb (0),1,,13,[CUDA memcpy Host-to-Device]
3111837163,13632,156944,,,,,,,,,,0.197,14422.376,Pinned,Device,NVIDIA A100-SXM4-40GB MIG 4g.20gb (0),1,,13,[CUDA memcpy Host-to-Device]
3111857003,9568,156945,273,1,1,48,1,1,40,0.000,0.001,,,,,NVIDIA A100-SXM4-40GB MIG 4g.20gb (0),1,,13,"void pusch_noise_intf_est::noiseIntfEstNoDftSOfdmKernel<float, __half, float, float, (unsigned int)2, (unsigned int)1, (unsigned char)4, (unsigned char)4>(pusch_noise_intf_est::puschRxNoiseIntfEstDynDescr)"
3111872298,2880,156956,35,1,1,128,1,1,16,0.000,0.000,,,,,NVIDIA A100-SXM4-40GB MIG 4g.20gb (0),1,,13,cupy_copy__complex64_complex64
3111884362,1920,156965,1,1,1,1,1,1,18,0.000,0.000,,,,,NVIDIA A100-SXM4-40GB MIG 4g.20gb (0),1,,13,cupy_copy__float32_float32
3111917066,1696,156971,,,,,,,,,,0.000,2.358,Device,Pageable,NVIDIA A100-SXM4-40GB MIG 4g.20gb (0),1,,7,[CUDA memcpy Device-to-Host]
3111979401,12768,156982,1434,1,1,128,1,1,16,0.000,0.000,,,,,NVIDIA A100-SXM4-40GB MIG 4g.20gb (0),1,,13,cupy_copy__complex64_complex64
3112005001,2880,156989,103,1,1,128,1,1,16,0.000,0.000,,,,,NVIDIA A100-SXM4-40GB MIG 4g.20gb (0),1,,13,cupy_copy__complex64_complex64
3112025897,2208,156996,35,1,1,128,1,1,16,0.000,0.000,,,,,NVIDIA A100-SXM4-40GB MIG 4g.20gb (0),1,,13,cupy_copy__complex64_complex64
3112044232,1888,157003,1,1,1,1,1,1,18,0.000,0.000,,,,,NVIDIA A100-SXM4-40GB MIG 4g.20gb (0),1,,13,cupy_copy__float32_float32
3112175591,90271,157014,1,1,1,32,32,1,30,0.000,0.000,,,,,NVIDIA A100-SXM4-40GB MIG 4g.20gb (0),1,,13,"void convert_kernel<__half2, float2>(tensor_layout_any, T1 *, tensor_layout_any, const T2 *)"
3112293509,5440,157017,,,,,,,,,,0.094,17223.480,Pinned,Device,NVIDIA A100-SXM4-40GB MIG 4g.20gb (0),1,,13,[CUDA memcpy Host-to-Device]
3112307621,3488,157018,,,,,,,,,,1.547,443412.461,Device,,NVIDIA A100-SXM4-40GB MIG 4g.20gb (0),1,,13,[CUDA memset]
3112316933,3072,157023,,,,,,,,,,0.031,10187.474,Pinned,Device,NVIDIA A100-SXM4-40GB MIG 4g.20gb (0),1,,13,[CUDA memcpy Host-to-Device]
3112322501,9408,157024,,,,,,,,,,0.197,20897.858,Pinned,Device,NVIDIA A100-SXM4-40GB MIG 4g.20gb (0),1,,13,[CUDA memcpy Host-to-Device]
3112337061,8192,157025,273,1,1,8,4,1,39,0.002,0.000,,,,,NVIDIA A100-SXM4-40GB MIG 4g.20gb (0),1,,13,"void channel_eq::eqMmseCoefCompLowMimoKernel<float, float, float, (unsigned int)4, (unsigned int)1, (unsigned int)4>(const channel_eq::_puschRxChEqStatDescr *, channel_eq::_puschRxChEqCoefCompDynDescr)"
3112346277,5728,157026,273,1,1,12,11,1,51,0.002,0.000,,,,,NVIDIA A100-SXM4-40GB MIG 4g.20gb (0),1,,13,"void channel_eq::eqMmseSoftDemapKernel<float, __half, __half, float, (unsigned int)4, (unsigned short)16383>(channel_eq::_puschRxChEqStatDescr *, channel_eq::_puschRxChEqSoftDemapDynDescr)"
3112354693,294364,157027,1,1,1,32,32,1,30,0.000,0.000,,,,,NVIDIA A100-SXM4-40GB MIG 4g.20gb (0),1,,13,"void convert_kernel<float2, __half2>(tensor_layout_any, T1 *, tensor_layout_any, const T2 *)"
3112651009,11040,157039,2253,1,1,128,1,1,16,0.000,0.000,,,,,NVIDIA A100-SXM4-40GB MIG 4g.20gb (0),1,,13,cupy_copy__float16_float16
3112665633,2720,157048,282,1,1,128,1,1,16,0.000,0.000,,,,,NVIDIA A100-SXM4-40GB MIG 4g.20gb (0),1,,13,cupy_copy__complex64_complex64
3112672449,2112,157057,26,1,1,128,1,1,16,0.000,0.000,,,,,NVIDIA A100-SXM4-40GB MIG 4g.20gb (0),1,,13,cupy_copy__float32_float32
3112675489,4768,157066,103,1,1,128,1,1,16,0.000,0.000,,,,,NVIDIA A100-SXM4-40GB MIG 4g.20gb (0),1,,13,cupy_copy__complex64_complex64
3112681280,12096,157076,1434,1,1,128,1,1,16,0.000,0.000,,,,,NVIDIA A100-SXM4-40GB MIG 4g.20gb (0),1,,13,cupy_copy__complex64_complex64
3112697120,81695,157081,1,1,1,32,32,1,30,0.000,0.000,,,,,NVIDIA A100-SXM4-40GB MIG 4g.20gb (0),1,,13,"void convert_kernel<__half2, float2>(tensor_layout_any, T1 *, tensor_layout_any, const T2 *)"
3112805855,5504,157084,,,,,,,,,,0.094,17023.251,Pinned,Device,NVIDIA A100-SXM4-40GB MIG 4g.20gb (0),1,,13,[CUDA memcpy Host-to-Device]
3112815679,604888,157085,,,,,,,,,,456.561,754696.060,Device,,NVIDIA A100-SXM4-40GB MIG 4g.20gb (0),1,,13,[CUDA memset]
3113429047,67583,157090,,,,,,,,,,1.235,18272.231,Pinned,Device,NVIDIA A100-SXM4-40GB MIG 4g.20gb (0),1,,13,[CUDA memcpy Host-to-Device]
3113501430,13952,157091,,,,,,,,,,0.197,14091.682,Pinned,Device,NVIDIA A100-SXM4-40GB MIG 4g.20gb (0),1,,13,[CUDA memcpy Host-to-Device]
3113526550,8448,157092,69,4,1,48,1,1,76,0.002,0.000,,,,,NVIDIA A100-SXM4-40GB MIG 4g.20gb (0),1,,13,"void ch_est::windowedChEstPreNoDftSOfdmKernel<float, __half, float, (unsigned int)2, (unsigned int)1, (unsigned short)4>(ch_est::puschRxChEstStatDescr_t *, ch_est::puschRxChEstDynDescr_t *)"
3113540438,6464,157093,137,2,1,24,2,1,44,0.001,0.001,,,,,NVIDIA A100-SXM4-40GB MIG 4g.20gb (0),1,,13,"void ch_est::chEstFilterNoDftSOfdmDispatchKernel<float, __half, float, (unsigned int)2>(ch_est::puschRxChEstStatDescr_t *, ch_est::puschRxChEstDynDescr_t *)"
3113551094,5184,157094,137,2,1,24,2,1,44,0.001,0.001,,,,,NVIDIA A100-SXM4-40GB MIG 4g.20gb (0),1,,13,"void ch_est::chEstFilterNoDftSOfdmDispatchKernel<float, __half, float, (unsigned int)2>(ch_est::puschRxChEstStatDescr_t *, ch_est::puschRxChEstDynDescr_t *)"
3113562390,2528,157105,103,1,1,128,1,1,16,0.000,0.000,,,,,NVIDIA A100-SXM4-40GB MIG 4g.20gb (0),1,,13,cupy_copy__complex64_complex64
3113568214,12575,157115,1434,1,1,128,1,1,16,0.000,0.000,,,,,NVIDIA A100-SXM4-40GB MIG 4g.20gb (0),1,,13,cupy_copy__complex64_complex64
3113582453,2752,157122,103,1,1,128,1,1,16,0.000,0.000,,,,,NVIDIA A100-SXM4-40GB MIG 4g.20gb (0),1,,13,cupy_copy__complex64_complex64
3113588213,84767,157129,1,1,1,32,32,1,30,0.000,0.000,,,,,NVIDIA A100-SXM4-40GB MIG 4g.20gb (0),1,,13,"void convert_kernel<__half2, float2>(tensor_layout_any, T1 *, tensor_layout_any, const T2 *)"
3113701268,8864,157132,,,,,,,,,,0.094,10570.314,Pinned,Device,NVIDIA A100-SXM4-40GB MIG 4g.20gb (0),1,,13,[CUDA memcpy Host-to-Device]
3113715284,48063,157133,,,,,,,,,,35.810,745061.196,Device,,NVIDIA A100-SXM4-40GB MIG 4g.20gb (0),1,,13,[CUDA memset]
3113767283,3264,157135,,,,,,,,,,0.000,24.510,Pinned,Device,NVIDIA A100-SXM4-40GB MIG 4g.20gb (0),1,,13,[CUDA memcpy Host-to-Device]
3113774419,12608,157136,,,,,,,,,,0.197,15593.767,Pinned,Device,NVIDIA A100-SXM4-40GB MIG 4g.20gb (0),1,,13,[CUDA memcpy Host-to-Device]
3113794547,11008,157137,273,1,1,48,1,1,40,0.000,0.001,,,,,NVIDIA A100-SXM4-40GB MIG 4g.20gb (0),1,,13,"void pusch_noise_intf_est::noiseIntfEstNoDftSOfdmKernel<float, __half, float, float, (unsigned int)2, (unsigned int)1, (unsigned char)4, (unsigned char)4>(pusch_noise_intf_est::puschRxNoiseIntfEstDynDescr)"
3113809363,2976,157148,35,1,1,128,1,1,16,0.000,0.000,,,,,NVIDIA A100-SXM4-40GB MIG 4g.20gb (0),1,,13,cupy_copy__complex64_complex64
3113821906,2016,157157,1,1,1,1,1,1,18,0.000,0.000,,,,,NVIDIA A100-SXM4-40GB MIG 4g.20gb (0),1,,13,cupy_copy__float32_float32
3113851314,1600,157163,,,,,,,,,,0.000,2.500,Device,Pageable,NVIDIA A100-SXM4-40GB MIG 4g.20gb (0),1,,7,[CUDA memcpy Device-to-Host]
3113910033,12672,157174,1434,1,1,128,1,1,16,0.000,0.000,,,,,NVIDIA A100-SXM4-40GB MIG 4g.20gb (0),1,,13,cupy_copy__complex64_complex64
3113936305,2976,157181,103,1,1,128,1,1,16,0.000,0.000,,,,,NVIDIA A100-SXM4-40GB MIG 4g.20gb (0),1,,13,cupy_copy__complex64_complex64
3113956401,2400,157188,35,1,1,128,1,1,16,0.000,0.000,,,,,NVIDIA A100-SXM4-40GB MIG 4g.20gb (0),1,,13,cupy_copy__complex64_complex64
3113974129,1759,157195,1,1,1,1,1,1,18,0.000,0.000,,,,,NVIDIA A100-SXM4-40GB MIG 4g.20gb (0),1,,13,cupy_copy__float32_float32
3114103375,87263,157206,1,1,1,32,32,1,30,0.000,0.000,,,,,NVIDIA A100-SXM4-40GB MIG 4g.20gb (0),1,,13,"void convert_kernel<__half2, float2>(tensor_layout_any, T1 *, tensor_layout_any, const T2 *)"
3114220525,5472,157209,,,,,,,,,,0.094,17122.757,Pinned,Device,NVIDIA A100-SXM4-40GB MIG 4g.20gb (0),1,,13,[CUDA memcpy Host-to-Device]
3114237581,3296,157210,,,,,,,,,,1.547,469242.628,Device,,NVIDIA A100-SXM4-40GB MIG 4g.20gb (0),1,,13,[CUDA memset]
3114242477,3200,157215,,,,,,,,,,0.031,9780.000,Pinned,Device,NVIDIA A100-SXM4-40GB MIG 4g.20gb (0),1,,13,[CUDA memcpy Host-to-Device]
3114248269,9440,157216,,,,,,,,,,0.197,20827.079,Pinned,Device,NVIDIA A100-SXM4-40GB MIG 4g.20gb (0),1,,13,[CUDA memcpy Host-to-Device]
3114261677,9792,157217,273,1,1,8,4,1,39,0.002,0.000,,,,,NVIDIA A100-SXM4-40GB MIG 4g.20gb (0),1,,13,"void channel_eq::eqMmseCoefCompLowMimoKernel<float, float, float, (unsigned int)4, (unsigned int)1, (unsigned int)4>(const channel_eq::_puschRxChEqStatDescr *, channel_eq::_puschRxChEqCoefCompDynDescr)"
3114272813,5984,157218,273,1,1,12,11,1,51,0.002,0.000,,,,,NVIDIA A100-SXM4-40GB MIG 4g.20gb (0),1,,13,"void channel_eq::eqMmseSoftDemapKernel<float, __half, __half, float, (unsigned int)4, (unsigned short)16383>(channel_eq::_puschRxChEqStatDescr *, channel_eq::_puschRxChEqSoftDemapDynDescr)"
3114279949,294524,157219,1,1,1,32,32,1,30,0.000,0.000,,,,,NVIDIA A100-SXM4-40GB MIG 4g.20gb (0),1,,13,"void convert_kernel<float2, __half2>(tensor_layout_any, T1 *, tensor_layout_any, const T2 *)"
3114575881,10880,157231,2253,1,1,128,1,1,16,0.000,0.000,,,,,NVIDIA A100-SXM4-40GB MIG 4g.20gb (0),1,,13,cupy_copy__float16_float16
3114588457,3552,157240,282,1,1,128,1,1,16,0.000,0.000,,,,,NVIDIA A100-SXM4-40GB MIG 4g.20gb (0),1,,13,cupy_copy__complex64_complex64
3114594601,2240,157249,26,1,1,128,1,1,16,0.000,0.000,,,,,NVIDIA A100-SXM4-40GB MIG 4g.20gb (0),1,,13,cupy_copy__float32_float32
3114597897,3008,157258,103,1,1,128,1,1,16,0.000,0.000,,,,,NVIDIA A100-SXM4-40GB MIG 4g.20gb (0),1,,13,cupy_copy__complex64_complex64
3114602473,11840,157268,1434,1,1,128,1,1,16,0.000,0.000,,,,,NVIDIA A100-SXM4-40GB MIG 4g.20gb (0),1,,13,cupy_copy__complex64_complex64
3114617705,81087,157273,1,1,1,32,32,1,30,0.000,0.000,,,,,NVIDIA A100-SXM4-40GB MIG 4g.20gb (0),1,,13,"void convert_kernel<__half2, float2>(tensor_layout_any, T1 *, tensor_layout_any, const T2 *)"
3114725607,5408,157276,,,,,,,,,,0.094,17325.421,Pinned,Device,NVIDIA A100-SXM4-40GB MIG 4g.20gb (0),1,,13,[CUDA memcpy Host-to-Device]
3114735143,601273,157277,,,,,,,,,,456.561,759261.675,Device,,NVIDIA A100-SXM4-40GB MIG 4g.20gb (0),1,,13,[CUDA memset]
3115341152,67871,157282,,,,,,,,,,1.235,18194.430,Pinned,Device,NVIDIA A100-SXM4-40GB MIG 4g.20gb (0),1,,13,[CUDA memcpy Host-to-Device]
3115413183,15552,157283,,,,,,,,,,0.197,12641.894,Pinned,Device,NVIDIA A100-SXM4-40GB MIG 4g.20gb (0),1,,13,[CUDA memcpy Host-to-Device]
3115438846,8096,157284,69,4,1,48,1,1,76,0.002,0.000,,,,,NVIDIA A100-SXM4-40GB MIG 4g.20gb (0),1,,13,"void ch_est::windowedChEstPreNoDftSOfdmKernel<float, __half, float, (unsigned int)2, (unsigned int)1, (unsigned short)4>(ch_est::puschRxChEstStatDescr_t *, ch_est::puschRxChEstDynDescr_t *)"
3115450142,6976,157285,137,2,1,24,2,1,44,0.001,0.001,,,,,NVIDIA A100-SXM4-40GB MIG 4g.20gb (0),1,,13,"void ch_est::chEstFilterNoDftSOfdmDispatchKernel<float, __half, float, (unsigned int)2>(ch_est::puschRxChEstStatDescr_t *, ch_est::puschRxChEstDynDescr_t *)"
3115461374,5184,157286,137,2,1,24,2,1,44,0.001,0.001,,,,,NVIDIA A100-SXM4-40GB MIG 4g.20gb (0),1,,13,"void ch_est::chEstFilterNoDftSOfdmDispatchKernel<float, __half, float, (unsigned int)2>(ch_est::puschRxChEstStatDescr_t *, ch_est::puschRxChEstDynDescr_t *)"
3115470782,2688,157297,103,1,1,128,1,1,16,0.000,0.000,,,,,NVIDIA A100-SXM4-40GB MIG 4g.20gb (0),1,,13,cupy_copy__complex64_complex64
3115475710,12640,157307,1434,1,1,128,1,1,16,0.000,0.000,,,,,NVIDIA A100-SXM4-40GB MIG 4g.20gb (0),1,,13,cupy_copy__complex64_complex64
3115494590,2400,157314,103,1,1,128,1,1,16,0.000,0.000,,,,,NVIDIA A100-SXM4-40GB MIG 4g.20gb (0),1,,13,cupy_copy__complex64_complex64
3115502782,83711,157321,1,1,1,32,32,1,30,0.000,0.000,,,,,NVIDIA A100-SXM4-40GB MIG 4g.20gb (0),1,,13,"void convert_kernel<__half2, float2>(tensor_layout_any, T1 *, tensor_layout_any, const T2 *)"
3115615708,9056,157324,,,,,,,,,,0.094,10346.287,Pinned,Device,NVIDIA A100-SXM4-40GB MIG 4g.20gb (0),1,,13,[CUDA memcpy Host-to-Device]
3115630460,47647,157325,,,,,,,,,,35.810,751542.791,Device,,NVIDIA A100-SXM4-40GB MIG 4g.20gb (0),1,,13,[CUDA memset]
3115679195,3936,157327,,,,,,,,,,0.000,20.325,Pinned,Device,NVIDIA A100-SXM4-40GB MIG 4g.20gb (0),1,,13,[CUDA memcpy Host-to-Device]
3115686107,13632,157328,,,,,,,,,,0.197,14422.376,Pinned,Device,NVIDIA A100-SXM4-40GB MIG 4g.20gb (0),1,,13,[CUDA memcpy Host-to-Device]
3115708411,11456,157329,273,1,1,48,1,1,40,0.000,0.001,,,,,NVIDIA A100-SXM4-40GB MIG 4g.20gb (0),1,,13,"void pusch_noise_intf_est::noiseIntfEstNoDftSOfdmKernel<float, __half, float, float, (unsigned int)2, (unsigned int)1, (unsigned char)4, (unsigned char)4>(pusch_noise_intf_est::puschRxNoiseIntfEstDynDescr)"
3115723291,2816,157340,35,1,1,128,1,1,16,0.000,0.000,,,,,NVIDIA A100-SXM4-40GB MIG 4g.20gb (0),1,,13,cupy_copy__complex64_complex64
3115736731,2048,157349,1,1,1,1,1,1,18,0.000,0.000,,,,,NVIDIA A100-SXM4-40GB MIG 4g.20gb (0),1,,13,cupy_copy__float32_float32
3115765530,1824,157355,,,,,,,,,,0.000,2.193,Device,Pageable,NVIDIA A100-SXM4-40GB MIG 4g.20gb (0),1,,7,[CUDA memcpy Device-to-Host]
3115825978,13183,157366,1434,1,1,128,1,1,16,0.000,0.000,,,,,NVIDIA A100-SXM4-40GB MIG 4g.20gb (0),1,,13,cupy_copy__complex64_complex64
3115851993,2592,157373,103,1,1,128,1,1,16,0.000,0.000,,,,,NVIDIA A100-SXM4-40GB MIG 4g.20gb (0),1,,13,cupy_copy__complex64_complex64
3115872985,2304,157380,35,1,1,128,1,1,16,0.000,0.000,,,,,NVIDIA A100-SXM4-40GB MIG 4g.20gb (0),1,,13,cupy_copy__complex64_complex64
3115892281,1792,157387,1,1,1,1,1,1,18,0.000,0.000,,,,,NVIDIA A100-SXM4-40GB MIG 4g.20gb (0),1,,13,cupy_copy__float32_float32
3116021335,82655,157398,1,1,1,32,32,1,30,0.000,0.000,,,,,NVIDIA A100-SXM4-40GB MIG 4g.20gb (0),1,,13,"void convert_kernel<__half2, float2>(tensor_layout_any, T1 *, tensor_layout_any, const T2 *)"
3116131638,5568,157401,,,,,,,,,,0.094,16827.521,Pinned,Device,NVIDIA A100-SXM4-40GB MIG 4g.20gb (0),1,,13,[CUDA memcpy Host-to-Device]
3116146134,3296,157402,,,,,,,,,,1.547,469242.628,Device,,NVIDIA A100-SXM4-40GB MIG 4g.20gb (0),1,,13,[CUDA memset]
3116153078,3040,157407,,,,,,,,,,0.031,10294.725,Pinned,Device,NVIDIA A100-SXM4-40GB MIG 4g.20gb (0),1,,13,[CUDA memcpy Host-to-Device]
3116158678,9375,157408,,,,,,,,,,0.197,20971.389,Pinned,Device,NVIDIA A100-SXM4-40GB MIG 4g.20gb (0),1,,13,[CUDA memcpy Host-to-Device]
3116173301,6304,157409,273,1,1,8,4,1,39,0.002,0.000,,,,,NVIDIA A100-SXM4-40GB MIG 4g.20gb (0),1,,13,"void channel_eq::eqMmseCoefCompLowMimoKernel<float, float, float, (unsigned int)4, (unsigned int)1, (unsigned int)4>(const channel_eq::_puschRxChEqStatDescr *, channel_eq::_puschRxChEqCoefCompDynDescr)"
3116180725,5664,157410,273,1,1,12,11,1,51,0.002,0.000,,,,,NVIDIA A100-SXM4-40GB MIG 4g.20gb (0),1,,13,"void channel_eq::eqMmseSoftDemapKernel<float, __half, __half, float, (unsigned int)4, (unsigned short)16383>(channel_eq::_puschRxChEqStatDescr *, channel_eq::_puschRxChEqSoftDemapDynDescr)"
3116187605,300188,157411,1,1,1,32,32,1,30,0.000,0.000,,,,,NVIDIA A100-SXM4-40GB MIG 4g.20gb (0),1,,13,"void convert_kernel<float2, __half2>(tensor_layout_any, T1 *, tensor_layout_any, const T2 *)"
3116488785,11008,157423,2253,1,1,128,1,1,16,0.000,0.000,,,,,NVIDIA A100-SXM4-40GB MIG 4g.20gb (0),1,,13,cupy_copy__float16_float16
3116502993,3296,157432,282,1,1,128,1,1,16,0.000,0.000,,,,,NVIDIA A100-SXM4-40GB MIG 4g.20gb (0),1,,13,cupy_copy__complex64_complex64
3116508529,2304,157441,26,1,1,128,1,1,16,0.000,0.000,,,,,NVIDIA A100-SXM4-40GB MIG 4g.20gb (0),1,,13,cupy_copy__float32_float32
3116511857,2912,157450,103,1,1,128,1,1,16,0.000,0.000,,,,,NVIDIA A100-SXM4-40GB MIG 4g.20gb (0),1,,13,cupy_copy__complex64_complex64
3116517521,11936,157460,1434,1,1,128,1,1,16,0.000,0.000,,,,,NVIDIA A100-SXM4-40GB MIG 4g.20gb (0),1,,13,cupy_copy__complex64_complex64
3116532625,87871,157465,1,1,1,32,32,1,30,0.000,0.000,,,,,NVIDIA A100-SXM4-40GB MIG 4g.20gb (0),1,,13,"void convert_kernel<__half2, float2>(tensor_layout_any, T1 *, tensor_layout_any, const T2 *)"
3116646767,5376,157468,,,,,,,,,,0.094,17428.487,Pinned,Device,NVIDIA A100-SXM4-40GB MIG 4g.20gb (0),1,,13,[CUDA memcpy Host-to-Device]
3116656975,599673,157469,,,,,,,,,,456.561,761087.920,Device,,NVIDIA A100-SXM4-40GB MIG 4g.20gb (0),1,,13,[CUDA memset]
3117264904,71391,157474,,,,,,,,,,1.235,17297.861,Pinned,Device,NVIDIA A100-SXM4-40GB MIG 4g.20gb (0),1,,13,[CUDA memcpy Host-to-Device]
3117339687,15104,157475,,,,,,,,,,0.197,13016.826,Pinned,Device,NVIDIA A100-SXM4-40GB MIG 4g.20gb (0),1,,13,[CUDA memcpy Host-to-Device]
3117363719,8000,157476,69,4,1,48,1,1,76,0.002,0.000,,,,,NVIDIA A100-SXM4-40GB MIG 4g.20gb (0),1,,13,"void ch_est::windowedChEstPreNoDftSOfdmKernel<float, __half, float, (unsigned int)2, (unsigned int)1, (unsigned short)4>(ch_est::puschRxChEstStatDescr_t *, ch_est::puschRxChEstDynDescr_t *)"
3117374822,8000,157477,137,2,1,24,2,1,44,0.001,0.001,,,,,NVIDIA A100-SXM4-40GB MIG 4g.20gb (0),1,,13,"void ch_est::chEstFilterNoDftSOfdmDispatchKernel<float, __half, float, (unsigned int)2>(ch_est::puschRxChEstStatDescr_t *, ch_est::puschRxChEstDynDescr_t *)"
3117385926,5120,157478,137,2,1,24,2,1,44,0.001,0.001,,,,,NVIDIA A100-SXM4-40GB MIG 4g.20gb (0),1,,13,"void ch_est::chEstFilterNoDftSOfdmDispatchKernel<float, __half, float, (unsigned int)2>(ch_est::puschRxChEstStatDescr_t *, ch_est::puschRxChEstDynDescr_t *)"
3117397286,2720,157489,103,1,1,128,1,1,16,0.000,0.000,,,,,NVIDIA A100-SXM4-40GB MIG 4g.20gb (0),1,,13,cupy_copy__complex64_complex64
3117402982,12832,157499,1434,1,1,128,1,1,16,0.000,0.000,,,,,NVIDIA A100-SXM4-40GB MIG 4g.20gb (0),1,,13,cupy_copy__complex64_complex64
3117422214,2624,157506,103,1,1,128,1,1,16,0.000,0.000,,,,,NVIDIA A100-SXM4-40GB MIG 4g.20gb (0),1,,13,cupy_copy__complex64_complex64
3117429958,89311,157513,1,1,1,32,32,1,30,0.000,0.000,,,,,NVIDIA A100-SXM4-40GB MIG 4g.20gb (0),1,,13,"void convert_kernel<__half2, float2>(tensor_layout_any, T1 *, tensor_layout_any, const T2 *)"
3117546916,9728,157516,,,,,,,,,,0.094,9631.574,Pinned,Device,NVIDIA A100-SXM4-40GB MIG 4g.20gb (0),1,,13,[CUDA memcpy Host-to-Device]
3117564100,48352,157517,,,,,,,,,,35.810,740584.956,Device,,NVIDIA A100-SXM4-40GB MIG 4g.20gb (0),1,,13,[CUDA memset]
3117613476,3967,157519,,,,,,,,,,0.000,20.166,Pinned,Device,NVIDIA A100-SXM4-40GB MIG 4g.20gb (0),1,,13,[CUDA memcpy Host-to-Device]
3117620835,12320,157520,,,,,,,,,,0.197,15958.278,Pinned,Device,NVIDIA A100-SXM4-40GB MIG 4g.20gb (0),1,,13,[CUDA memcpy Host-to-Device]
3117639235,12064,157521,273,1,1,48,1,1,40,0.000,0.001,,,,,NVIDIA A100-SXM4-40GB MIG 4g.20gb (0),1,,13,"void pusch_noise_intf_est::noiseIntfEstNoDftSOfdmKernel<float, __half, float, float, (unsigned int)2, (unsigned int)1, (unsigned char)4, (unsigned char)4>(pusch_noise_intf_est::puschRxNoiseIntfEstDynDescr)"
3117655139,3008,157532,35,1,1,128,1,1,16,0.000,0.000,,,,,NVIDIA A100-SXM4-40GB MIG 4g.20gb (0),1,,13,cupy_copy__complex64_complex64
3117667939,2048,157541,1,1,1,1,1,1,18,0.000,0.000,,,,,NVIDIA A100-SXM4-40GB MIG 4g.20gb (0),1,,13,cupy_copy__float32_float32
3117696898,1728,157547,,,,,,,,,,0.000,2.315,Device,Pageable,NVIDIA A100-SXM4-40GB MIG 4g.20gb (0),1,,7,[CUDA memcpy Device-to-Host]
3117757122,12896,157558,1434,1,1,128,1,1,16,0.000,0.000,,,,,NVIDIA A100-SXM4-40GB MIG 4g.20gb (0),1,,13,cupy_copy__complex64_complex64
3117782753,2848,157565,103,1,1,128,1,1,16,0.000,0.000,,,,,NVIDIA A100-SXM4-40GB MIG 4g.20gb (0),1,,13,cupy_copy__complex64_complex64
3117803041,2784,157572,35,1,1,128,1,1,16,0.000,0.000,,,,,NVIDIA A100-SXM4-40GB MIG 4g.20gb (0),1,,13,cupy_copy__complex64_complex64
3117821057,1920,157579,1,1,1,1,1,1,18,0.000,0.000,,,,,NVIDIA A100-SXM4-40GB MIG 4g.20gb (0),1,,13,cupy_copy__float32_float32
3117956511,82975,157590,1,1,1,32,32,1,30,0.000,0.000,,,,,NVIDIA A100-SXM4-40GB MIG 4g.20gb (0),1,,13,"void convert_kernel<__half2, float2>(tensor_layout_any, T1 *, tensor_layout_any, const T2 *)"
3118067070,5440,157593,,,,,,,,,,0.094,17223.480,Pinned,Device,NVIDIA A100-SXM4-40GB MIG 4g.20gb (0),1,,13,[CUDA memcpy Host-to-Device]
3118080382,3200,157594,,,,,,,,,,1.547,483320.000,Device,,NVIDIA A100-SXM4-40GB MIG 4g.20gb (0),1,,13,[CUDA memset]
3118086814,3296,157599,,,,,,,,,,0.031,9495.144,Pinned,Device,NVIDIA A100-SXM4-40GB MIG 4g.20gb (0),1,,13,[CUDA memcpy Host-to-Device]
3118092798,9951,157600,,,,,,,,,,0.197,19757.531,Pinned,Device,NVIDIA A100-SXM4-40GB MIG 4g.20gb (0),1,,13,[CUDA memcpy Host-to-Device]
3118106717,6304,157601,273,1,1,8,4,1,39,0.002,0.000,,,,,NVIDIA A100-SXM4-40GB MIG 4g.20gb (0),1,,13,"void channel_eq::eqMmseCoefCompLowMimoKernel<float, float, float, (unsigned int)4, (unsigned int)1, (unsigned int)4>(const channel_eq::_puschRxChEqStatDescr *, channel_eq::_puschRxChEqCoefCompDynDescr)"
3118115389,5472,157602,273,1,1,12,11,1,51,0.002,0.000,,,,,NVIDIA A100-SXM4-40GB MIG 4g.20gb (0),1,,13,"void channel_eq::eqMmseSoftDemapKernel<float, __half, __half, float, (unsigned int)4, (unsigned short)16383>(channel_eq::_puschRxChEqStatDescr *, channel_eq::_puschRxChEqSoftDemapDynDescr)"
3118122493,279933,157603,1,1,1,32,32,1,30,0.000,0.000,,,,,NVIDIA A100-SXM4-40GB MIG 4g.20gb (0),1,,13,"void convert_kernel<float2, __half2>(tensor_layout_any, T1 *, tensor_layout_any, const T2 *)"
3118403386,10944,157615,2253,1,1,128,1,1,16,0.000,0.000,,,,,NVIDIA A100-SXM4-40GB MIG 4g.20gb (0),1,,13,cupy_copy__float16_float16
3118417146,3392,157624,282,1,1,128,1,1,16,0.000,0.000,,,,,NVIDIA A100-SXM4-40GB MIG 4g.20gb (0),1,,13,cupy_copy__complex64_complex64
3118424154,2047,157633,26,1,1,128,1,1,16,0.000,0.000,,,,,NVIDIA A100-SXM4-40GB MIG 4g.20gb (0),1,,13,cupy_copy__float32_float32
3118427161,4032,157642,103,1,1,128,1,1,16,0.000,0.000,,,,,NVIDIA A100-SXM4-40GB MIG 4g.20gb (0),1,,13,cupy_copy__complex64_complex64
3118432185,11808,157652,1434,1,1,128,1,1,16,0.000,0.000,,,,,NVIDIA A100-SXM4-40GB MIG 4g.20gb (0),1,,13,cupy_copy__complex64_complex64
3118453753,82623,157657,1,1,1,32,32,1,30,0.000,0.000,,,,,NVIDIA A100-SXM4-40GB MIG 4g.20gb (0),1,,13,"void convert_kernel<__half2, float2>(tensor_layout_any, T1 *, tensor_layout_any, const T2 *)"
3118563736,5664,157660,,,,,,,,,,0.094,16542.310,Pinned,Device,NVIDIA A100-SXM4-40GB MIG 4g.20gb (0),1,,13,[CUDA memcpy Host-to-Device]
3118573784,600792,157661,,,,,,,,,,456.561,759718.236,Device,,NVIDIA A100-SXM4-40GB MIG 4g.20gb (0),1,,13,[CUDA memset]
3119180080,70623,157666,,,,,,,,,,1.235,17485.572,Pinned,Device,NVIDIA A100-SXM4-40GB MIG 4g.20gb (0),1,,13,[CUDA memcpy Host-to-Device]
3119255055,15424,157667,,,,,,,,,,0.197,12746.883,Pinned,Device,NVIDIA A100-SXM4-40GB MIG 4g.20gb (0),1,,13,[CUDA memcpy Host-to-Device]
3119281071,8416,157668,69,4,1,48,1,1,76,0.002,0.000,,,,,NVIDIA A100-SXM4-40GB MIG 4g.20gb (0),1,,13,"void ch_est::windowedChEstPreNoDftSOfdmKernel<float, __half, float, (unsigned int)2, (unsigned int)1, (unsigned short)4>(ch_est::puschRxChEstStatDescr_t *, ch_est::puschRxChEstDynDescr_t *)"
3119296335,6432,157669,137,2,1,24,2,1,44,0.001,0.001,,,,,NVIDIA A100-SXM4-40GB MIG 4g.20gb (0),1,,13,"void ch_est::chEstFilterNoDftSOfdmDispatchKernel<float, __half, float, (unsigned int)2>(ch_est::puschRxChEstStatDescr_t *, ch_est::puschRxChEstDynDescr_t *)"
3119304239,5024,157670,137,2,1,24,2,1,44,0.001,0.001,,,,,NVIDIA A100-SXM4-40GB MIG 4g.20gb (0),1,,13,"void ch_est::chEstFilterNoDftSOfdmDispatchKernel<float, __half, float, (unsigned int)2>(ch_est::puschRxChEstStatDescr_t *, ch_est::puschRxChEstDynDescr_t *)"
3119314734,2528,157681,103,1,1,128,1,1,16,0.000,0.000,,,,,NVIDIA A100-SXM4-40GB MIG 4g.20gb (0),1,,13,cupy_copy__complex64_complex64
3119321038,12288,157691,1434,1,1,128,1,1,16,0.000,0.000,,,,,NVIDIA A100-SXM4-40GB MIG 4g.20gb (0),1,,13,cupy_copy__complex64_complex64
3119334702,2688,157698,103,1,1,128,1,1,16,0.000,0.000,,,,,NVIDIA A100-SXM4-40GB MIG 4g.20gb (0),1,,13,cupy_copy__complex64_complex64
3119341134,89759,157705,1,1,1,32,32,1,30,0.000,0.000,,,,,NVIDIA A100-SXM4-40GB MIG 4g.20gb (0),1,,13,"void convert_kernel<__half2, float2>(tensor_layout_any, T1 *, tensor_layout_any, const T2 *)"
3119460653,8416,157708,,,,,,,,,,0.094,11133.052,Pinned,Device,NVIDIA A100-SXM4-40GB MIG 4g.20gb (0),1,,13,[CUDA memcpy Host-to-Device]
3119474413,47199,157709,,,,,,,,,,35.810,758668.965,Device,,NVIDIA A100-SXM4-40GB MIG 4g.20gb (0),1,,13,[CUDA memset]
3119528300,3040,157711,,,,,,,,,,0.000,26.316,Pinned,Device,NVIDIA A100-SXM4-40GB MIG 4g.20gb (0),1,,13,[CUDA memcpy Host-to-Device]
3119536012,13024,157712,,,,,,,,,,0.197,15095.759,Pinned,Device,NVIDIA A100-SXM4-40GB MIG 4g.20gb (0),1,,13,[CUDA memcpy Host-to-Device]
3119558891,10176,157713,273,1,1,48,1,1,40,0.000,0.001,,,,,NVIDIA A100-SXM4-40GB MIG 4g.20gb (0),1,,13,"void pusch_noise_intf_est::noiseIntfEstNoDftSOfdmKernel<float, __half, float, float, (unsigned int)2, (unsigned int)1, (unsigned char)4, (unsigned char)4>(pusch_noise_intf_est::puschRxNoiseIntfEstDynDescr)"
3119571435,3232,157724,35,1,1,128,1,1,16,0.000,0.000,,,,,NVIDIA A100-SXM4-40GB MIG 4g.20gb (0),1,,13,cupy_copy__complex64_complex64
3119581451,1920,157733,1,1,1,1,1,1,18,0.000,0.000,,,,,NVIDIA A100-SXM4-40GB MIG 4g.20gb (0),1,,13,cupy_copy__float32_float32
3119613163,2208,157739,,,,,,,,,,0.000,1.812,Device,Pageable,NVIDIA A100-SXM4-40GB MIG 4g.20gb (0),1,,7,[CUDA memcpy Device-to-Host]
3119673578,12960,157750,1434,1,1,128,1,1,16,0.000,0.000,,,,,NVIDIA A100-SXM4-40GB MIG 4g.20gb (0),1,,13,cupy_copy__complex64_complex64
3119699626,3552,157757,103,1,1,128,1,1,16,0.000,0.000,,,,,NVIDIA A100-SXM4-40GB MIG 4g.20gb (0),1,,13,cupy_copy__complex64_complex64
3119720617,2336,157764,35,1,1,128,1,1,16,0.000,0.000,,,,,NVIDIA A100-SXM4-40GB MIG 4g.20gb (0),1,,13,cupy_copy__complex64_complex64
3119741673,1760,157771,1,1,1,1,1,1,18,0.000,0.000,,,,,NVIDIA A100-SXM4-40GB MIG 4g.20gb (0),1,,13,cupy_copy__float32_float32
3119873960,81951,157782,1,1,1,32,32,1,30,0.000,0.000,,,,,NVIDIA A100-SXM4-40GB MIG 4g.20gb (0),1,,13,"void convert_kernel<__half2, float2>(tensor_layout_any, T1 *, tensor_layout_any, const T2 *)"
3119983430,5504,157785,,,,,,,,,,0.094,17023.251,Pinned,Device,NVIDIA A100-SXM4-40GB MIG 4g.20gb (0),1,,13,[CUDA memcpy Host-to-Device]
3119997894,3232,157786,,,,,,,,,,1.547,478533.199,Device,,NVIDIA A100-SXM4-40GB MIG 4g.20gb (0),1,,13,[CUDA memset]
3120004934,3008,157791,,,,,,,,,,0.031,10404.230,Pinned,Device,NVIDIA A100-SXM4-40GB MIG 4g.20gb (0),1,,13,[CUDA memcpy Host-to-Device]
3120010470,9376,157792,,,,,,,,,,0.197,20969.226,Pinned,Device,NVIDIA A100-SXM4-40GB MIG 4g.20gb (0),1,,13,[CUDA memcpy Host-to-Device]
3120025574,6080,157793,273,1,1,8,4,1,39,0.002,0.000,,,,,NVIDIA A100-SXM4-40GB MIG 4g.20gb (0),1,,13,"void channel_eq::eqMmseCoefCompLowMimoKernel<float, float, float, (unsigned int)4, (unsigned int)1, (unsigned int)4>(const channel_eq::_puschRxChEqStatDescr *, channel_eq::_puschRxChEqCoefCompDynDescr)"
3120034214,5536,157794,273,1,1,12,11,1,51,0.002,0.000,,,,,NVIDIA A100-SXM4-40GB MIG 4g.20gb (0),1,,13,"void channel_eq::eqMmseSoftDemapKernel<float, __half, __half, float, (unsigned int)4, (unsigned short)16383>(channel_eq::_puschRxChEqStatDescr *, channel_eq::_puschRxChEqSoftDemapDynDescr)"
3120041606,294620,157795,1,1,1,32,32,1,30,0.000,0.000,,,,,NVIDIA A100-SXM4-40GB MIG 4g.20gb (0),1,,13,"void convert_kernel<float2, __half2>(tensor_layout_any, T1 *, tensor_layout_any, const T2 *)"
3120338146,11168,157807,2253,1,1,128,1,1,16,0.000,0.000,,,,,NVIDIA A100-SXM4-40GB MIG 4g.20gb (0),1,,13,cupy_copy__float16_float16
3120350242,3264,157816,282,1,1,128,1,1,16,0.000,0.000,,,,,NVIDIA A100-SXM4-40GB MIG 4g.20gb (0),1,,13,cupy_copy__complex64_complex64
3120354498,2016,157825,26,1,1,128,1,1,16,0.000,0.000,,,,,NVIDIA A100-SXM4-40GB MIG 4g.20gb (0),1,,13,cupy_copy__float32_float32
3120357602,3296,157834,103,1,1,128,1,1,16,0.000,0.000,,,,,NVIDIA A100-SXM4-40GB MIG 4g.20gb (0),1,,13,cupy_copy__complex64_complex64
3120362210,11967,157844,1434,1,1,128,1,1,16,0.000,0.000,,,,,NVIDIA A100-SXM4-40GB MIG 4g.20gb (0),1,,13,cupy_copy__complex64_complex64
3120378241,87487,157849,1,1,1,32,32,1,30,0.000,0.000,,,,,NVIDIA A100-SXM4-40GB MIG 4g.20gb (0),1,,13,"void convert_kernel<__half2, float2>(tensor_layout_any, T1 *, tensor_layout_any, const T2 *)"
3120492544,5344,157852,,,,,,,,,,0.094,17532.864,Pinned,Device,NVIDIA A100-SXM4-40GB MIG 4g.20gb (0),1,,13,[CUDA memcpy Host-to-Device]
3120502400,600600,157853,,,,,,,,,,456.561,760174.798,Device,,NVIDIA A100-SXM4-40GB MIG 4g.20gb (0),1,,13,[CUDA memset]
3121106200,70399,157858,,,,,,,,,,1.235,17541.145,Pinned,Device,NVIDIA A100-SXM4-40GB MIG 4g.20gb (0),1,,13,[CUDA memcpy Host-to-Device]
3121181015,15552,157859,,,,,,,,,,0.197,12641.894,Pinned,Device,NVIDIA A100-SXM4-40GB MIG 4g.20gb (0),1,,13,[CUDA memcpy Host-to-Device]
3121205591,8512,157860,69,4,1,48,1,1,76,0.002,0.000,,,,,NVIDIA A100-SXM4-40GB MIG 4g.20gb (0),1,,13,"void ch_est::windowedChEstPreNoDftSOfdmKernel<float, __half, float, (unsigned int)2, (unsigned int)1, (unsigned short)4>(ch_est::puschRxChEstStatDescr_t *, ch_est::puschRxChEstDynDescr_t *)"
3121216951,6464,157861,137,2,1,24,2,1,44,0.001,0.001,,,,,NVIDIA A100-SXM4-40GB MIG 4g.20gb (0),1,,13,"void ch_est::chEstFilterNoDftSOfdmDispatchKernel<float, __half, float, (unsigned int)2>(ch_est::puschRxChEstStatDescr_t *, ch_est::puschRxChEstDynDescr_t *)"
3121227703,5280,157862,137,2,1,24,2,1,44,0.001,0.001,,,,,NVIDIA A100-SXM4-40GB MIG 4g.20gb (0),1,,13,"void ch_est::chEstFilterNoDftSOfdmDispatchKernel<float, __half, float, (unsigned int)2>(ch_est::puschRxChEstStatDescr_t *, ch_est::puschRxChEstDynDescr_t *)"
3121238903,2528,157873,103,1,1,128,1,1,16,0.000,0.000,,,,,NVIDIA A100-SXM4-40GB MIG 4g.20gb (0),1,,13,cupy_copy__complex64_complex64
3121245463,12607,157883,1434,1,1,128,1,1,16,0.000,0.000,,,,,NVIDIA A100-SXM4-40GB MIG 4g.20gb (0),1,,13,cupy_copy__complex64_complex64
3121260342,3136,157890,103,1,1,128,1,1,16,0.000,0.000,,,,,NVIDIA A100-SXM4-40GB MIG 4g.20gb (0),1,,13,cupy_copy__complex64_complex64
3121268150,83551,157897,1,1,1,32,32,1,30,0.000,0.000,,,,,NVIDIA A100-SXM4-40GB MIG 4g.20gb (0),1,,13,"void convert_kernel<__half2, float2>(tensor_layout_any, T1 *, tensor_layout_any, const T2 *)"
3121379637,7904,157900,,,,,,,,,,0.094,11854.231,Pinned,Device,NVIDIA A100-SXM4-40GB MIG 4g.20gb (0),1,,13,[CUDA memcpy Host-to-Device]
3121394933,47615,157901,,,,,,,,,,35.810,752044.130,Device,,NVIDIA A100-SXM4-40GB MIG 4g.20gb (0),1,,13,[CUDA memset]
3121444692,4352,157903,,,,,,,,,,0.000,18.382,Pinned,Device,NVIDIA A100-SXM4-40GB MIG 4g.20gb (0),1,,13,[CUDA memcpy Host-to-Device]
3121453332,12960,157904,,,,,,,,,,0.197,15170.273,Pinned,Device,NVIDIA A100-SXM4-40GB MIG 4g.20gb (0),1,,13,[CUDA memcpy Host-to-Device]
3121472980,11584,157905,273,1,1,48,1,1,40,0.000,0.001,,,,,NVIDIA A100-SXM4-40GB MIG 4g.20gb (0),1,,13,"void pusch_noise_intf_est::noiseIntfEstNoDftSOfdmKernel<float, __half, float, float, (unsigned int)2, (unsigned int)1, (unsigned char)4, (unsigned char)4>(pusch_noise_intf_est::puschRxNoiseIntfEstDynDescr)"
3121488212,3040,157916,35,1,1,128,1,1,16,0.000,0.000,,,,,NVIDIA A100-SXM4-40GB MIG 4g.20gb (0),1,,13,cupy_copy__complex64_complex64
3121500403,2016,157925,1,1,1,1,1,1,18,0.000,0.000,,,,,NVIDIA A100-SXM4-40GB MIG 4g.20gb (0),1,,13,cupy_copy__float32_float32
3121530643,1760,157931,,,,,,,,,,0.000,2.273,Device,Pageable,NVIDIA A100-SXM4-40GB MIG 4g.20gb (0),1,,7,[CUDA memcpy Device-to-Host]
3121591410,12576,157942,1434,1,1,128,1,1,16,0.000,0.000,,,,,NVIDIA A100-SXM4-40GB MIG 4g.20gb (0),1,,13,cupy_copy__complex64_complex64
3121618098,2912,157949,103,1,1,128,1,1,16,0.000,0.000,,,,,NVIDIA A100-SXM4-40GB MIG 4g.20gb (0),1,,13,cupy_copy__complex64_complex64
3121642834,2208,157956,35,1,1,128,1,1,16,0.000,0.000,,,,,NVIDIA A100-SXM4-40GB MIG 4g.20gb (0),1,,13,cupy_copy__complex64_complex64
3121662993,1792,157963,1,1,1,1,1,1,18,0.000,0.000,,,,,NVIDIA A100-SXM4-40GB MIG 4g.20gb (0),1,,13,cupy_copy__float32_float32
3121791216,82623,157974,1,1,1,32,32,1,30,0.000,0.000,,,,,NVIDIA A100-SXM4-40GB MIG 4g.20gb (0),1,,13,"void convert_kernel<__half2, float2>(tensor_layout_any, T1 *, tensor_layout_any, const T2 *)"
3121901679,5407,157977,,,,,,,,,,0.094,17328.607,Pinned,Device,NVIDIA A100-SXM4-40GB MIG 4g.20gb (0),1,,13,[CUDA memcpy Host-to-Device]
3121916110,3328,157978,,,,,,,,,,1.547,464729.580,Device,,NVIDIA A100-SXM4-40GB MIG 4g.20gb (0),1,,13,[CUDA memset]
3121922798,3072,157983,,,,,,,,,,0.031,10187.474,Pinned,Device,NVIDIA A100-SXM4-40GB MIG 4g.20gb (0),1,,13,[CUDA memcpy Host-to-Device]
3121928366,9472,157984,,,,,,,,,,0.197,20756.693,Pinned,Device,NVIDIA A100-SXM4-40GB MIG 4g.20gb (0),1,,13,[CUDA memcpy Host-to-Device]
3121942926,6784,157985,273,1,1,8,4,1,39,0.002,0.000,,,,,NVIDIA A100-SXM4-40GB MIG 4g.20gb (0),1,,13,"void channel_eq::eqMmseCoefCompLowMimoKernel<float, float, float, (unsigned int)4, (unsigned int)1, (unsigned int)4>(const channel_eq::_puschRxChEqStatDescr *, channel_eq::_puschRxChEqCoefCompDynDescr)"
3121950926,6528,157986,273,1,1,12,11,1,51,0.002,0.000,,,,,NVIDIA A100-SXM4-40GB MIG 4g.20gb (0),1,,13,"void channel_eq::eqMmseSoftDemapKernel<float, __half, __half, float, (unsigned int)4, (unsigned short)16383>(channel_eq::_puschRxChEqStatDescr *, channel_eq::_puschRxChEqSoftDemapDynDescr)"
3121958414,282748,157987,1,1,1,32,32,1,30,0.000,0.000,,,,,NVIDIA A100-SXM4-40GB MIG 4g.20gb (0),1,,13,"void convert_kernel<float2, __half2>(tensor_layout_any, T1 *, tensor_layout_any, const T2 *)"
3122242314,10912,157999,2253,1,1,128,1,1,16,0.000,0.000,,,,,NVIDIA A100-SXM4-40GB MIG 4g.20gb (0),1,,13,cupy_copy__float16_float16
3122256746,3488,158008,282,1,1,128,1,1,16,0.000,0.000,,,,,NVIDIA A100-SXM4-40GB MIG 4g.20gb (0),1,,13,cupy_copy__complex64_complex64
3122263114,2208,158017,26,1,1,128,1,1,16,0.000,0.000,,,,,NVIDIA A100-SXM4-40GB MIG 4g.20gb (0),1,,13,cupy_copy__float32_float32
3122267562,3328,158026,103,1,1,128,1,1,16,0.000,0.000,,,,,NVIDIA A100-SXM4-40GB MIG 4g.20gb (0),1,,13,cupy_copy__complex64_complex64
3122271978,11840,158036,1434,1,1,128,1,1,16,0.000,0.000,,,,,NVIDIA A100-SXM4-40GB MIG 4g.20gb (0),1,,13,cupy_copy__complex64_complex64
3122285514,87135,158041,1,1,1,32,32,1,30,0.000,0.000,,,,,NVIDIA A100-SXM4-40GB MIG 4g.20gb (0),1,,13,"void convert_kernel<__half2, float2>(tensor_layout_any, T1 *, tensor_layout_any, const T2 *)"
3122399112,5472,158044,,,,,,,,,,0.094,17122.757,Pinned,Device,NVIDIA A100-SXM4-40GB MIG 4g.20gb (0),1,,13,[CUDA memcpy Host-to-Device]
3122412040,609529,158045,,,,,,,,,,456.561,748760.762,Device,,NVIDIA A100-SXM4-40GB MIG 4g.20gb (0),1,,13,[CUDA memset]
3123023937,71071,158050,,,,,,,,,,1.235,17375.662,Pinned,Device,NVIDIA A100-SXM4-40GB MIG 4g.20gb (0),1,,13,[CUDA memcpy Host-to-Device]
3123097600,14304,158051,,,,,,,,,,0.197,13744.865,Pinned,Device,NVIDIA A100-SXM4-40GB MIG 4g.20gb (0),1,,13,[CUDA memcpy Host-to-Device]
3123120863,8320,158052,69,4,1,48,1,1,76,0.002,0.000,,,,,NVIDIA A100-SXM4-40GB MIG 4g.20gb (0),1,,13,"void ch_est::windowedChEstPreNoDftSOfdmKernel<float, __half, float, (unsigned int)2, (unsigned int)1, (unsigned short)4>(ch_est::puschRxChEstStatDescr_t *, ch_est::puschRxChEstDynDescr_t *)"
3123131583,7520,158053,137,2,1,24,2,1,44,0.001,0.001,,,,,NVIDIA A100-SXM4-40GB MIG 4g.20gb (0),1,,13,"void ch_est::chEstFilterNoDftSOfdmDispatchKernel<float, __half, float, (unsigned int)2>(ch_est::puschRxChEstStatDescr_t *, ch_est::puschRxChEstDynDescr_t *)"
3123143487,5408,158054,137,2,1,24,2,1,44,0.001,0.001,,,,,NVIDIA A100-SXM4-40GB MIG 4g.20gb (0),1,,13,"void ch_est::chEstFilterNoDftSOfdmDispatchKernel<float, __half, float, (unsigned int)2>(ch_est::puschRxChEstStatDescr_t *, ch_est::puschRxChEstDynDescr_t *)"
3123153567,2816,158065,103,1,1,128,1,1,16,0.000,0.000,,,,,NVIDIA A100-SXM4-40GB MIG 4g.20gb (0),1,,13,cupy_copy__complex64_complex64
3123159231,12672,158075,1434,1,1,128,1,1,16,0.000,0.000,,,,,NVIDIA A100-SXM4-40GB MIG 4g.20gb (0),1,,13,cupy_copy__complex64_complex64
3123174367,2944,158082,103,1,1,128,1,1,16,0.000,0.000,,,,,NVIDIA A100-SXM4-40GB MIG 4g.20gb (0),1,,13,cupy_copy__complex64_complex64
3123181791,83231,158089,1,1,1,32,32,1,30,0.000,0.000,,,,,NVIDIA A100-SXM4-40GB MIG 4g.20gb (0),1,,13,"void convert_kernel<__half2, float2>(tensor_layout_any, T1 *, tensor_layout_any, const T2 *)"
3123295325,8704,158092,,,,,,,,,,0.094,10764.640,Pinned,Device,NVIDIA A100-SXM4-40GB MIG 4g.20gb (0),1,,13,[CUDA memcpy Host-to-Device]
3123309597,47040,158093,,,,,,,,,,35.810,761247.279,Device,,NVIDIA A100-SXM4-40GB MIG 4g.20gb (0),1,,13,[CUDA memset]
3123361020,2208,158095,,,,,,,,,,0.000,36.232,Pinned,Device,NVIDIA A100-SXM4-40GB MIG 4g.20gb (0),1,,13,[CUDA memcpy Host-to-Device]
3123368604,13888,158096,,,,,,,,,,0.197,14156.562,Pinned,Device,NVIDIA A100-SXM4-40GB MIG 4g.20gb (0),1,,13,[CUDA memcpy Host-to-Device]
3123389532,10784,158097,273,1,1,48,1,1,40,0.000,0.001,,,,,NVIDIA A100-SXM4-40GB MIG 4g.20gb (0),1,,13,"void pusch_noise_intf_est::noiseIntfEstNoDftSOfdmKernel<float, __half, float, float, (unsigned int)2, (unsigned int)1, (unsigned char)4, (unsigned char)4>(pusch_noise_intf_est::puschRxNoiseIntfEstDynDescr)"
3123404956,2784,158108,35,1,1,128,1,1,16,0.000,0.000,,,,,NVIDIA A100-SXM4-40GB MIG 4g.20gb (0),1,,13,cupy_copy__complex64_complex64
3123414908,1888,158117,1,1,1,1,1,1,18,0.000,0.000,,,,,NVIDIA A100-SXM4-40GB MIG 4g.20gb (0),1,,13,cupy_copy__float32_float32
3123445915,2208,158123,,,,,,,,,,0.000,1.812,Device,Pageable,NVIDIA A100-SXM4-40GB MIG 4g.20gb (0),1,,7,[CUDA memcpy Device-to-Host]
3123506683,12736,158134,1434,1,1,128,1,1,16,0.000,0.000,,,,,NVIDIA A100-SXM4-40GB MIG 4g.20gb (0),1,,13,cupy_copy__complex64_complex64
3123536730,2656,158141,103,1,1,128,1,1,16,0.000,0.000,,,,,NVIDIA A100-SXM4-40GB MIG 4g.20gb (0),1,,13,cupy_copy__complex64_complex64
3123557178,2208,158148,35,1,1,128,1,1,16,0.000,0.000,,,,,NVIDIA A100-SXM4-40GB MIG 4g.20gb (0),1,,13,cupy_copy__complex64_complex64
3123577178,1856,158155,1,1,1,1,1,1,18,0.000,0.000,,,,,NVIDIA A100-SXM4-40GB MIG 4g.20gb (0),1,,13,cupy_copy__float32_float32
3123706968,87519,158166,1,1,1,32,32,1,30,0.000,0.000,,,,,NVIDIA A100-SXM4-40GB MIG 4g.20gb (0),1,,13,"void convert_kernel<__half2, float2>(tensor_layout_any, T1 *, tensor_layout_any, const T2 *)"
3123821751,5440,158169,,,,,,,,,,0.094,17223.480,Pinned,Device,NVIDIA A100-SXM4-40GB MIG 4g.20gb (0),1,,13,[CUDA memcpy Host-to-Device]
3123835639,3552,158170,,,,,,,,,,1.547,435422.601,Device,,NVIDIA A100-SXM4-40GB MIG 4g.20gb (0),1,,13,[CUDA memset]
3123842551,3199,158175,,,,,,,,,,0.031,9783.036,Pinned,Device,NVIDIA A100-SXM4-40GB MIG 4g.20gb (0),1,,13,[CUDA memcpy Host-to-Device]
3123848150,9376,158176,,,,,,,,,,0.197,20969.226,Pinned,Device,NVIDIA A100-SXM4-40GB MIG 4g.20gb (0),1,,13,[CUDA memcpy Host-to-Device]
3123861718,6304,158177,273,1,1,8,4,1,39,0.002,0.000,,,,,NVIDIA A100-SXM4-40GB MIG 4g.20gb (0),1,,13,"void channel_eq::eqMmseCoefCompLowMimoKernel<float, float, float, (unsigned int)4, (unsigned int)1, (unsigned int)4>(const channel_eq::_puschRxChEqStatDescr *, channel_eq::_puschRxChEqCoefCompDynDescr)"
3123869526,5984,158178,273,1,1,12,11,1,51,0.002,0.000,,,,,NVIDIA A100-SXM4-40GB MIG 4g.20gb (0),1,,13,"void channel_eq::eqMmseSoftDemapKernel<float, __half, __half, float, (unsigned int)4, (unsigned short)16383>(channel_eq::_puschRxChEqStatDescr *, channel_eq::_puschRxChEqSoftDemapDynDescr)"
3123876502,282813,158179,1,1,1,32,32,1,30,0.000,0.000,,,,,NVIDIA A100-SXM4-40GB MIG 4g.20gb (0),1,,13,"void convert_kernel<float2, __half2>(tensor_layout_any, T1 *, tensor_layout_any, const T2 *)"
3124160339,10879,158191,2253,1,1,128,1,1,16,0.000,0.000,,,,,NVIDIA A100-SXM4-40GB MIG 4g.20gb (0),1,,13,cupy_copy__float16_float16
3124175346,3488,158200,282,1,1,128,1,1,16,0.000,0.000,,,,,NVIDIA A100-SXM4-40GB MIG 4g.20gb (0),1,,13,cupy_copy__complex64_complex64
3124181490,2336,158209,26,1,1,128,1,1,16,0.000,0.000,,,,,NVIDIA A100-SXM4-40GB MIG 4g.20gb (0),1,,13,cupy_copy__float32_float32
3124184850,2816,158218,103,1,1,128,1,1,16,0.000,0.000,,,,,NVIDIA A100-SXM4-40GB MIG 4g.20gb (0),1,,13,cupy_copy__complex64_complex64
3124189170,12384,158228,1434,1,1,128,1,1,16,0.000,0.000,,,,,NVIDIA A100-SXM4-40GB MIG 4g.20gb (0),1,,13,cupy_copy__complex64_complex64
3124204498,86655,158233,1,1,1,32,32,1,30,0.000,0.000,,,,,NVIDIA A100-SXM4-40GB MIG 4g.20gb (0),1,,13,"void convert_kernel<__half2, float2>(tensor_layout_any, T1 *, tensor_layout_any, const T2 *)"
3124318481,5472,158236,,,,,,,,,,0.094,17122.757,Pinned,Device,NVIDIA A100-SXM4-40GB MIG 4g.20gb (0),1,,13,[CUDA memcpy Host-to-Device]
3124328657,600248,158237,,,,,,,,,,456.561,760174.798,Device,,NVIDIA A100-SXM4-40GB MIG 4g.20gb (0),1,,13,[CUDA memset]
3124934857,70079,158242,,,,,,,,,,1.235,17621.416,Pinned,Device,NVIDIA A100-SXM4-40GB MIG 4g.20gb (0),1,,13,[CUDA memcpy Host-to-Device]
3125007656,14208,158243,,,,,,,,,,0.197,13837.664,Pinned,Device,NVIDIA A100-SXM4-40GB MIG 4g.20gb (0),1,,13,[CUDA memcpy Host-to-Device]
3125026632,9152,158244,69,4,1,48,1,1,76,0.002,0.000,,,,,NVIDIA A100-SXM4-40GB MIG 4g.20gb (0),1,,13,"void ch_est::windowedChEstPreNoDftSOfdmKernel<float, __half, float, (unsigned int)2, (unsigned int)1, (unsigned short)4>(ch_est::puschRxChEstStatDescr_t *, ch_est::puschRxChEstDynDescr_t *)"
3125038632,6528,158245,137,2,1,24,2,1,44,0.001,0.001,,,,,NVIDIA A100-SXM4-40GB MIG 4g.20gb (0),1,,13,"void ch_est::chEstFilterNoDftSOfdmDispatchKernel<float, __half, float, (unsigned int)2>(ch_est::puschRxChEstStatDescr_t *, ch_est::puschRxChEstDynDescr_t *)"
3125047976,5152,158246,137,2,1,24,2,1,44,0.001,0.001,,,,,NVIDIA A100-SXM4-40GB MIG 4g.20gb (0),1,,13,"void ch_est::chEstFilterNoDftSOfdmDispatchKernel<float, __half, float, (unsigned int)2>(ch_est::puschRxChEstStatDescr_t *, ch_est::puschRxChEstDynDescr_t *)"
3125059303,2752,158257,103,1,1,128,1,1,16,0.000,0.000,,,,,NVIDIA A100-SXM4-40GB MIG 4g.20gb (0),1,,13,cupy_copy__complex64_complex64
3125065159,12512,158267,1434,1,1,128,1,1,16,0.000,0.000,,,,,NVIDIA A100-SXM4-40GB MIG 4g.20gb (0),1,,13,cupy_copy__complex64_complex64
3125084999,2656,158274,103,1,1,128,1,1,16,0.000,0.000,,,,,NVIDIA A100-SXM4-40GB MIG 4g.20gb (0),1,,13,cupy_copy__complex64_complex64
3125091399,83775,158281,1,1,1,32,32,1,30,0.000,0.000,,,,,NVIDIA A100-SXM4-40GB MIG 4g.20gb (0),1,,13,"void convert_kernel<__half2, float2>(tensor_layout_any, T1 *, tensor_layout_any, const T2 *)"
3125203750,9472,158284,,,,,,,,,,0.094,9891.862,Pinned,Device,NVIDIA A100-SXM4-40GB MIG 4g.20gb (0),1,,13,[CUDA memcpy Host-to-Device]
3125219205,45824,158285,,,,,,,,,,35.810,781444.074,Device,,NVIDIA A100-SXM4-40GB MIG 4g.20gb (0),1,,13,[CUDA memset]
3125271717,2656,158287,,,,,,,,,,0.000,30.120,Pinned,Device,NVIDIA A100-SXM4-40GB MIG 4g.20gb (0),1,,13,[CUDA memcpy Host-to-Device]
3125278373,13664,158288,,,,,,,,,,0.197,14388.756,Pinned,Device,NVIDIA A100-SXM4-40GB MIG 4g.20gb (0),1,,13,[CUDA memcpy Host-to-Device]
3125301156,9664,158289,273,1,1,48,1,1,40,0.000,0.001,,,,,NVIDIA A100-SXM4-40GB MIG 4g.20gb (0),1,,13,"void pusch_noise_intf_est::noiseIntfEstNoDftSOfdmKernel<float, __half, float, float, (unsigned int)2, (unsigned int)1, (unsigned char)4, (unsigned char)4>(pusch_noise_intf_est::puschRxNoiseIntfEstDynDescr)"
3125316036,2848,158300,35,1,1,128,1,1,16,0.000,0.000,,,,,NVIDIA A100-SXM4-40GB MIG 4g.20gb (0),1,,13,cupy_copy__complex64_complex64
3125325188,1984,158309,1,1,1,1,1,1,18,0.000,0.000,,,,,NVIDIA A100-SXM4-40GB MIG 4g.20gb (0),1,,13,cupy_copy__float32_float32
3125353188,2752,158315,,,,,,,,,,0.000,1.453,Device,Pageable,NVIDIA A100-SXM4-40GB MIG 4g.20gb (0),1,,7,[CUDA memcpy Device-to-Host]
3125418787,12832,158326,1434,1,1,128,1,1,16,0.000,0.000,,,,,NVIDIA A100-SXM4-40GB MIG 4g.20gb (0),1,,13,cupy_copy__complex64_complex64
3125446819,3296,158333,103,1,1,128,1,1,16,0.000,0.000,,,,,NVIDIA A100-SXM4-40GB MIG 4g.20gb (0),1,,13,cupy_copy__complex64_complex64
3125465474,2624,158340,35,1,1,128,1,1,16,0.000,0.000,,,,,NVIDIA A100-SXM4-40GB MIG 4g.20gb (0),1,,13,cupy_copy__complex64_complex64
3125483970,1792,158347,1,1,1,1,1,1,18,0.000,0.000,,,,,NVIDIA A100-SXM4-40GB MIG 4g.20gb (0),1,,13,cupy_copy__float32_float32
3125615553,81567,158358,1,1,1,32,32,1,30,0.000,0.000,,,,,NVIDIA A100-SXM4-40GB MIG 4g.20gb (0),1,,13,"void convert_kernel<__half2, float2>(tensor_layout_any, T1 *, tensor_layout_any, const T2 *)"
3125724319,5408,158361,,,,,,,,,,0.094,17325.421,Pinned,Device,NVIDIA A100-SXM4-40GB MIG 4g.20gb (0),1,,13,[CUDA memcpy Host-to-Device]
3125738655,3360,158362,,,,,,,,,,1.547,460304.688,Device,,NVIDIA A100-SXM4-40GB MIG 4g.20gb (0),1,,13,[CUDA memset]
3125745375,3232,158367,,,,,,,,,,0.031,9683.139,Pinned,Device,NVIDIA A100-SXM4-40GB MIG 4g.20gb (0),1,,13,[CUDA memcpy Host-to-Device]
3125751071,9440,158368,,,,,,,,,,0.197,20827.079,Pinned,Device,NVIDIA A100-SXM4-40GB MIG 4g.20gb (0),1,,13,[CUDA memcpy Host-to-Device]
3125764959,6112,158369,273,1,1,8,4,1,39,0.002,0.000,,,,,NVIDIA A100-SXM4-40GB MIG 4g.20gb (0),1,,13,"void channel_eq::eqMmseCoefCompLowMimoKernel<float, float, float, (unsigned int)4, (unsigned int)1, (unsigned int)4>(const channel_eq::_puschRxChEqStatDescr *, channel_eq::_puschRxChEqCoefCompDynDescr)"
3125773695,7648,158370,273,1,1,12,11,1,51,0.002,0.000,,,,,NVIDIA A100-SXM4-40GB MIG 4g.20gb (0),1,,13,"void channel_eq::eqMmseSoftDemapKernel<float, __half, __half, float, (unsigned int)4, (unsigned short)16383>(channel_eq::_puschRxChEqStatDescr *, channel_eq::_puschRxChEqSoftDemapDynDescr)"
3125782271,295100,158371,1,1,1,32,32,1,30,0.000,0.000,,,,,NVIDIA A100-SXM4-40GB MIG 4g.20gb (0),1,,13,"void convert_kernel<float2, __half2>(tensor_layout_any, T1 *, tensor_layout_any, const T2 *)"
3126079003,10912,158383,2253,1,1,128,1,1,16,0.000,0.000,,,,,NVIDIA A100-SXM4-40GB MIG 4g.20gb (0),1,,13,cupy_copy__float16_float16
3126092027,3040,158392,282,1,1,128,1,1,16,0.000,0.000,,,,,NVIDIA A100-SXM4-40GB MIG 4g.20gb (0),1,,13,cupy_copy__complex64_complex64
3126097275,2656,158401,26,1,1,128,1,1,16,0.000,0.000,,,,,NVIDIA A100-SXM4-40GB MIG 4g.20gb (0),1,,13,cupy_copy__float32_float32
3126101019,3328,158410,103,1,1,128,1,1,16,0.000,0.000,,,,,NVIDIA A100-SXM4-40GB MIG 4g.20gb (0),1,,13,cupy_copy__complex64_complex64
3126105307,11743,158420,1434,1,1,128,1,1,16,0.000,0.000,,,,,NVIDIA A100-SXM4-40GB MIG 4g.20gb (0),1,,13,cupy_copy__complex64_complex64
3126119674,82079,158425,1,1,1,32,32,1,30,0.000,0.000,,,,,NVIDIA A100-SXM4-40GB MIG 4g.20gb (0),1,,13,"void convert_kernel<__half2, float2>(tensor_layout_any, T1 *, tensor_layout_any, const T2 *)"
3126228633,5344,158428,,,,,,,,,,0.094,17532.864,Pinned,Device,NVIDIA A100-SXM4-40GB MIG 4g.20gb (0),1,,13,[CUDA memcpy Host-to-Device]
3126238969,599640,158429,,,,,,,,,,456.561,761087.920,Device,,NVIDIA A100-SXM4-40GB MIG 4g.20gb (0),1,,13,[CUDA memset]
3126841457,68960,158434,,,,,,,,,,1.235,17907.923,Pinned,Device,NVIDIA A100-SXM4-40GB MIG 4g.20gb (0),1,,13,[CUDA memcpy Host-to-Device]
3126915121,14943,158435,,,,,,,,,,0.197,13157.007,Pinned,Device,NVIDIA A100-SXM4-40GB MIG 4g.20gb (0),1,,13,[CUDA memcpy Host-to-Device]
3126938832,8096,158436,69,4,1,48,1,1,76,0.002,0.000,,,,,NVIDIA A100-SXM4-40GB MIG 4g.20gb (0),1,,13,"void ch_est::windowedChEstPreNoDftSOfdmKernel<float, __half, float, (unsigned int)2, (unsigned int)1, (unsigned short)4>(ch_est::puschRxChEstStatDescr_t *, ch_est::puschRxChEstDynDescr_t *)"
3126950096,6272,158437,137,2,1,24,2,1,44,0.001,0.001,,,,,NVIDIA A100-SXM4-40GB MIG 4g.20gb (0),1,,13,"void ch_est::chEstFilterNoDftSOfdmDispatchKernel<float, __half, float, (unsigned int)2>(ch_est::puschRxChEstStatDescr_t *, ch_est::puschRxChEstDynDescr_t *)"
3126959376,5248,158438,137,2,1,24,2,1,44,0.001,0.001,,,,,NVIDIA A100-SXM4-40GB MIG 4g.20gb (0),1,,13,"void ch_est::chEstFilterNoDftSOfdmDispatchKernel<float, __half, float, (unsigned int)2>(ch_est::puschRxChEstStatDescr_t *, ch_est::puschRxChEstDynDescr_t *)"
3126970256,2528,158449,103,1,1,128,1,1,16,0.000,0.000,,,,,NVIDIA A100-SXM4-40GB MIG 4g.20gb (0),1,,13,cupy_copy__complex64_complex64
3126977072,12352,158459,1434,1,1,128,1,1,16,0.000,0.000,,,,,NVIDIA A100-SXM4-40GB MIG 4g.20gb (0),1,,13,cupy_copy__complex64_complex64
3126994832,2912,158466,103,1,1,128,1,1,16,0.000,0.000,,,,,NVIDIA A100-SXM4-40GB MIG 4g.20gb (0),1,,13,cupy_copy__complex64_complex64
3127001775,88287,158473,1,1,1,32,32,1,30,0.000,0.000,,,,,NVIDIA A100-SXM4-40GB MIG 4g.20gb (0),1,,13,"void convert_kernel<__half2, float2>(tensor_layout_any, T1 *, tensor_layout_any, const T2 *)"
3127120078,9152,158476,,,,,,,,,,0.094,10237.693,Pinned,Device,NVIDIA A100-SXM4-40GB MIG 4g.20gb (0),1,,13,[CUDA memcpy Host-to-Device]
3127137806,47551,158477,,,,,,,,,,35.810,753082.618,Device,,NVIDIA A100-SXM4-40GB MIG 4g.20gb (0),1,,13,[CUDA memset]
3127186701,3744,158479,,,,,,,,,,0.000,21.368,Pinned,Device,NVIDIA A100-SXM4-40GB MIG 4g.20gb (0),1,,13,[CUDA memcpy Host-to-Device]
3127194605,13760,158480,,,,,,,,,,0.197,14288.290,Pinned,Device,NVIDIA A100-SXM4-40GB MIG 4g.20gb (0),1,,13,[CUDA memcpy Host-to-Device]
3127216621,11296,158481,273,1,1,48,1,1,40,0.000,0.001,,,,,NVIDIA A100-SXM4-40GB MIG 4g.20gb (0),1,,13,"void pusch_noise_intf_est::noiseIntfEstNoDftSOfdmKernel<float, __half, float, float, (unsigned int)2, (unsigned int)1, (unsigned char)4, (unsigned char)4>(pusch_noise_intf_est::puschRxNoiseIntfEstDynDescr)"
3127233261,3232,158492,35,1,1,128,1,1,16,0.000,0.000,,,,,NVIDIA A100-SXM4-40GB MIG 4g.20gb (0),1,,13,cupy_copy__complex64_complex64
3127240365,1983,158501,1,1,1,1,1,1,18,0.000,0.000,,,,,NVIDIA A100-SXM4-40GB MIG 4g.20gb (0),1,,13,cupy_copy__float32_float32
3127274412,1760,158507,,,,,,,,,,0.000,2.273,Device,Pageable,NVIDIA A100-SXM4-40GB MIG 4g.20gb (0),1,,7,[CUDA memcpy Device-to-Host]
3127335883,12768,158518,1434,1,1,128,1,1,16,0.000,0.000,,,,,NVIDIA A100-SXM4-40GB MIG 4g.20gb (0),1,,13,cupy_copy__complex64_complex64
3127363083,3648,158525,103,1,1,128,1,1,16,0.000,0.000,,,,,NVIDIA A100-SXM4-40GB MIG 4g.20gb (0),1,,13,cupy_copy__complex64_complex64
3127382539,2816,158532,35,1,1,128,1,1,16,0.000,0.000,,,,,NVIDIA A100-SXM4-40GB MIG 4g.20gb (0),1,,13,cupy_copy__complex64_complex64
3127401259,1791,158539,1,1,1,1,1,1,18,0.000,0.000,,,,,NVIDIA A100-SXM4-40GB MIG 4g.20gb (0),1,,13,cupy_copy__float32_float32
3127532969,83103,158550,1,1,1,32,32,1,30,0.000,0.000,,,,,NVIDIA A100-SXM4-40GB MIG 4g.20gb (0),1,,13,"void convert_kernel<__half2, float2>(tensor_layout_any, T1 *, tensor_layout_any, const T2 *)"
3127644264,5439,158553,,,,,,,,,,0.094,17226.665,Pinned,Device,NVIDIA A100-SXM4-40GB MIG 4g.20gb (0),1,,13,[CUDA memcpy Host-to-Device]
3127658471,3328,158554,,,,,,,,,,1.547,464729.580,Device,,NVIDIA A100-SXM4-40GB MIG 4g.20gb (0),1,,13,[CUDA memset]
3127665383,3008,158559,,,,,,,,,,0.031,10404.230,Pinned,Device,NVIDIA A100-SXM4-40GB MIG 4g.20gb (0),1,,13,[CUDA memcpy Host-to-Device]
3127670951,9376,158560,,,,,,,,,,0.197,20969.226,Pinned,Device,NVIDIA A100-SXM4-40GB MIG 4g.20gb (0),1,,13,[CUDA memcpy Host-to-Device]
3127685095,8256,158561,273,1,1,8,4,1,39,0.002,0.000,,,,,NVIDIA A100-SXM4-40GB MIG 4g.20gb (0),1,,13,"void channel_eq::eqMmseCoefCompLowMimoKernel<float, float, float, (unsigned int)4, (unsigned int)1, (unsigned int)4>(const channel_eq::_puschRxChEqStatDescr *, channel_eq::_puschRxChEqCoefCompDynDescr)"
3127694535,5568,158562,273,1,1,12,11,1,51,0.002,0.000,,,,,NVIDIA A100-SXM4-40GB MIG 4g.20gb (0),1,,13,"void channel_eq::eqMmseSoftDemapKernel<float, __half, __half, float, (unsigned int)4, (unsigned short)16383>(channel_eq::_puschRxChEqStatDescr *, channel_eq::_puschRxChEqSoftDemapDynDescr)"
3127701895,294460,158563,1,1,1,32,32,1,30,0.000,0.000,,,,,NVIDIA A100-SXM4-40GB MIG 4g.20gb (0),1,,13,"void convert_kernel<float2, __half2>(tensor_layout_any, T1 *, tensor_layout_any, const T2 *)"
3127997987,10624,158575,2253,1,1,128,1,1,16,0.000,0.000,,,,,NVIDIA A100-SXM4-40GB MIG 4g.20gb (0),1,,13,cupy_copy__float16_float16
3128011043,3712,158584,282,1,1,128,1,1,16,0.000,0.000,,,,,NVIDIA A100-SXM4-40GB MIG 4g.20gb (0),1,,13,cupy_copy__complex64_complex64
3128016803,2304,158593,26,1,1,128,1,1,16,0.000,0.000,,,,,NVIDIA A100-SXM4-40GB MIG 4g.20gb (0),1,,13,cupy_copy__float32_float32
3128020771,3584,158602,103,1,1,128,1,1,16,0.000,0.000,,,,,NVIDIA A100-SXM4-40GB MIG 4g.20gb (0),1,,13,cupy_copy__complex64_complex64
3128025411,11904,158612,1434,1,1,128,1,1,16,0.000,0.000,,,,,NVIDIA A100-SXM4-40GB MIG 4g.20gb (0),1,,13,cupy_copy__complex64_complex64
3128038659,82879,158617,1,1,1,32,32,1,30,0.000,0.000,,,,,NVIDIA A100-SXM4-40GB MIG 4g.20gb (0),1,,13,"void convert_kernel<__half2, float2>(tensor_layout_any, T1 *, tensor_layout_any, const T2 *)"
3128148833,5376,158620,,,,,,,,,,0.094,17428.487,Pinned,Device,NVIDIA A100-SXM4-40GB MIG 4g.20gb (0),1,,13,[CUDA memcpy Host-to-Device]
3128159745,602681,158621,,,,,,,,,,456.561,757435.429,Device,,NVIDIA A100-SXM4-40GB MIG 4g.20gb (0),1,,13,[CUDA memset]
3128764666,67775,158626,,,,,,,,,,1.235,18220.364,Pinned,Device,NVIDIA A100-SXM4-40GB MIG 4g.20gb (0),1,,13,[CUDA memcpy Host-to-Device]
3128836729,14944,158627,,,,,,,,,,0.197,13156.221,Pinned,Device,NVIDIA A100-SXM4-40GB MIG 4g.20gb (0),1,,13,[CUDA memcpy Host-to-Device]
3128861944,7392,158628,69,4,1,48,1,1,76,0.002,0.000,,,,,NVIDIA A100-SXM4-40GB MIG 4g.20gb (0),1,,13,"void ch_est::windowedChEstPreNoDftSOfdmKernel<float, __half, float, (unsigned int)2, (unsigned int)1, (unsigned short)4>(ch_est::puschRxChEstStatDescr_t *, ch_est::puschRxChEstDynDescr_t *)"
3128873720,6560,158629,137,2,1,24,2,1,44,0.001,0.001,,,,,NVIDIA A100-SXM4-40GB MIG 4g.20gb (0),1,,13,"void ch_est::chEstFilterNoDftSOfdmDispatchKernel<float, __half, float, (unsigned int)2>(ch_est::puschRxChEstStatDescr_t *, ch_est::puschRxChEstDynDescr_t *)"
3128884184,5632,158630,137,2,1,24,2,1,44,0.001,0.001,,,,,NVIDIA A100-SXM4-40GB MIG 4g.20gb (0),1,,13,"void ch_est::chEstFilterNoDftSOfdmDispatchKernel<float, __half, float, (unsigned int)2>(ch_est::puschRxChEstStatDescr_t *, ch_est::puschRxChEstDynDescr_t *)"
3128894200,2560,158641,103,1,1,128,1,1,16,0.000,0.000,,,,,NVIDIA A100-SXM4-40GB MIG 4g.20gb (0),1,,13,cupy_copy__complex64_complex64
3128900440,12288,158651,1434,1,1,128,1,1,16,0.000,0.000,,,,,NVIDIA A100-SXM4-40GB MIG 4g.20gb (0),1,,13,cupy_copy__complex64_complex64
3128915384,3136,158658,103,1,1,128,1,1,16,0.000,0.000,,,,,NVIDIA A100-SXM4-40GB MIG 4g.20gb (0),1,,13,cupy_copy__complex64_complex64
3128921656,85087,158665,1,1,1,32,32,1,30,0.000,0.000,,,,,NVIDIA A100-SXM4-40GB MIG 4g.20gb (0),1,,13,"void convert_kernel<__half2, float2>(tensor_layout_any, T1 *, tensor_layout_any, const T2 *)"
3129034742,9344,158668,,,,,,,,,,0.094,10027.346,Pinned,Device,NVIDIA A100-SXM4-40GB MIG 4g.20gb (0),1,,13,[CUDA memcpy Host-to-Device]
3129049270,46944,158669,,,,,,,,,,35.810,762787.106,Device,,NVIDIA A100-SXM4-40GB MIG 4g.20gb (0),1,,13,[CUDA memset]
3129102517,3200,158671,,,,,,,,,,0.000,25.000,Pinned,Device,NVIDIA A100-SXM4-40GB MIG 4g.20gb (0),1,,13,[CUDA memcpy Host-to-Device]
3129110357,14144,158672,,,,,,,,,,0.197,13900.382,Pinned,Device,NVIDIA A100-SXM4-40GB MIG 4g.20gb (0),1,,13,[CUDA memcpy Host-to-Device]
3129133589,12064,158673,273,1,1,48,1,1,40,0.000,0.001,,,,,NVIDIA A100-SXM4-40GB MIG 4g.20gb (0),1,,13,"void pusch_noise_intf_est::noiseIntfEstNoDftSOfdmKernel<float, __half, float, float, (unsigned int)2, (unsigned int)1, (unsigned char)4, (unsigned char)4>(pusch_noise_intf_est::puschRxNoiseIntfEstDynDescr)"
3129148853,3008,158684,35,1,1,128,1,1,16,0.000,0.000,,,,,NVIDIA A100-SXM4-40GB MIG 4g.20gb (0),1,,13,cupy_copy__complex64_complex64
3129159285,1920,158693,1,1,1,1,1,1,18,0.000,0.000,,,,,NVIDIA A100-SXM4-40GB MIG 4g.20gb (0),1,,13,cupy_copy__float32_float32
3129189812,2016,158699,,,,,,,,,,0.000,1.984,Device,Pageable,NVIDIA A100-SXM4-40GB MIG 4g.20gb (0),1,,7,[CUDA memcpy Device-to-Host]
3129251764,12735,158710,1434,1,1,128,1,1,16,0.000,0.000,,,,,NVIDIA A100-SXM4-40GB MIG 4g.20gb (0),1,,13,cupy_copy__complex64_complex64
3129277971,2848,158717,103,1,1,128,1,1,16,0.000,0.000,,,,,NVIDIA A100-SXM4-40GB MIG 4g.20gb (0),1,,13,cupy_copy__complex64_complex64
3129298835,2720,158724,35,1,1,128,1,1,16,0.000,0.000,,,,,NVIDIA A100-SXM4-40GB MIG 4g.20gb (0),1,,13,cupy_copy__complex64_complex64
3129317235,1824,158731,1,1,1,1,1,1,18,0.000,0.000,,,,,NVIDIA A100-SXM4-40GB MIG 4g.20gb (0),1,,13,cupy_copy__float32_float32
3129446609,86687,158742,1,1,1,32,32,1,30,0.000,0.000,,,,,NVIDIA A100-SXM4-40GB MIG 4g.20gb (0),1,,13,"void convert_kernel<__half2, float2>(tensor_layout_any, T1 *, tensor_layout_any, const T2 *)"
3129560784,5504,158745,,,,,,,,,,0.094,17023.251,Pinned,Device,NVIDIA A100-SXM4-40GB MIG 4g.20gb (0),1,,13,[CUDA memcpy Host-to-Device]
3129575856,3360,158746,,,,,,,,,,1.547,460304.688,Device,,NVIDIA A100-SXM4-40GB MIG 4g.20gb (0),1,,13,[CUDA memset]
3129582128,3008,158751,,,,,,,,,,0.031,10404.230,Pinned,Device,NVIDIA A100-SXM4-40GB MIG 4g.20gb (0),1,,13,[CUDA memcpy Host-to-Device]
3129587599,9344,158752,,,,,,,,,,0.197,21040.988,Pinned,Device,NVIDIA A100-SXM4-40GB MIG 4g.20gb (0),1,,13,[CUDA memcpy Host-to-Device]
3129601359,5760,158753,273,1,1,8,4,1,39,0.002,0.000,,,,,NVIDIA A100-SXM4-40GB MIG 4g.20gb (0),1,,13,"void channel_eq::eqMmseCoefCompLowMimoKernel<float, float, float, (unsigned int)4, (unsigned int)1, (unsigned int)4>(const channel_eq::_puschRxChEqStatDescr *, channel_eq::_puschRxChEqCoefCompDynDescr)"
3129608367,5184,158754,273,1,1,12,11,1,51,0.002,0.000,,,,,NVIDIA A100-SXM4-40GB MIG 4g.20gb (0),1,,13,"void channel_eq::eqMmseSoftDemapKernel<float, __half, __half, float, (unsigned int)4, (unsigned short)16383>(channel_eq::_puschRxChEqStatDescr *, channel_eq::_puschRxChEqSoftDemapDynDescr)"
3129617551,281149,158755,1,1,1,32,32,1,30,0.000,0.000,,,,,NVIDIA A100-SXM4-40GB MIG 4g.20gb (0),1,,13,"void convert_kernel<float2, __half2>(tensor_layout_any, T1 *, tensor_layout_any, const T2 *)"
3129900652,10879,158767,2253,1,1,128,1,1,16,0.000,0.000,,,,,NVIDIA A100-SXM4-40GB MIG 4g.20gb (0),1,,13,cupy_copy__float16_float16
3129913259,3424,158776,282,1,1,128,1,1,16,0.000,0.000,,,,,NVIDIA A100-SXM4-40GB MIG 4g.20gb (0),1,,13,cupy_copy__complex64_complex64
3129918763,2336,158785,26,1,1,128,1,1,16,0.000,0.000,,,,,NVIDIA A100-SXM4-40GB MIG 4g.20gb (0),1,,13,cupy_copy__float32_float32
3129922763,2944,158794,103,1,1,128,1,1,16,0.000,0.000,,,,,NVIDIA A100-SXM4-40GB MIG 4g.20gb (0),1,,13,cupy_copy__complex64_complex64
3129926827,12000,158804,1434,1,1,128,1,1,16,0.000,0.000,,,,,NVIDIA A100-SXM4-40GB MIG 4g.20gb (0),1,,13,cupy_copy__complex64_complex64
3129946923,82431,158809,1,1,1,32,32,1,30,0.000,0.000,,,,,NVIDIA A100-SXM4-40GB MIG 4g.20gb (0),1,,13,"void convert_kernel<__half2, float2>(tensor_layout_any, T1 *, tensor_layout_any, const T2 *)"
3130055882,5408,158812,,,,,,,,,,0.094,17325.421,Pinned,Device,NVIDIA A100-SXM4-40GB MIG 4g.20gb (0),1,,13,[CUDA memcpy Host-to-Device]
3130065930,601048,158813,,,,,,,,,,456.561,759261.675,Device,,NVIDIA A100-SXM4-40GB MIG 4g.20gb (0),1,,13,[CUDA memset]
3130668002,69407,158818,,,,,,,,,,1.235,17791.838,Pinned,Device,NVIDIA A100-SXM4-40GB MIG 4g.20gb (0),1,,13,[CUDA memcpy Host-to-Device]
3130740225,14784,158819,,,,,,,,,,0.197,13298.565,Pinned,Device,NVIDIA A100-SXM4-40GB MIG 4g.20gb (0),1,,13,[CUDA memcpy Host-to-Device]
3130763265,7968,158820,69,4,1,48,1,1,76,0.002,0.000,,,,,NVIDIA A100-SXM4-40GB MIG 4g.20gb (0),1,,13,"void ch_est::windowedChEstPreNoDftSOfdmKernel<float, __half, float, (unsigned int)2, (unsigned int)1, (unsigned short)4>(ch_est::puschRxChEstStatDescr_t *, ch_est::puschRxChEstDynDescr_t *)"
3130774465,6976,158821,137,2,1,24,2,1,44,0.001,0.001,,,,,NVIDIA A100-SXM4-40GB MIG 4g.20gb (0),1,,13,"void ch_est::chEstFilterNoDftSOfdmDispatchKernel<float, __half, float, (unsigned int)2>(ch_est::puschRxChEstStatDescr_t *, ch_est::puschRxChEstDynDescr_t *)"
3130784769,6592,158822,137,2,1,24,2,1,44,0.001,0.001,,,,,NVIDIA A100-SXM4-40GB MIG 4g.20gb (0),1,,13,"void ch_est::chEstFilterNoDftSOfdmDispatchKernel<float, __half, float, (unsigned int)2>(ch_est::puschRxChEstStatDescr_t *, ch_est::puschRxChEstDynDescr_t *)"
3130795905,2688,158833,103,1,1,128,1,1,16,0.000,0.000,,,,,NVIDIA A100-SXM4-40GB MIG 4g.20gb (0),1,,13,cupy_copy__complex64_complex64
3130801984,12992,158843,1434,1,1,128,1,1,16,0.000,0.000,,,,,NVIDIA A100-SXM4-40GB MIG 4g.20gb (0),1,,13,cupy_copy__complex64_complex64
3130817408,2528,158850,103,1,1,128,1,1,16,0.000,0.000,,,,,NVIDIA A100-SXM4-40GB MIG 4g.20gb (0),1,,13,cupy_copy__complex64_complex64
3130826048,82783,158857,1,1,1,32,32,1,30,0.000,0.000,,,,,NVIDIA A100-SXM4-40GB MIG 4g.20gb (0),1,,13,"void convert_kernel<__half2, float2>(tensor_layout_any, T1 *, tensor_layout_any, const T2 *)"
3130938111,8000,158860,,,,,,,,,,0.094,11712.000,Pinned,Device,NVIDIA A100-SXM4-40GB MIG 4g.20gb (0),1,,13,[CUDA memcpy Host-to-Device]
3130954495,48415,158861,,,,,,,,,,35.810,739618.088,Device,,NVIDIA A100-SXM4-40GB MIG 4g.20gb (0),1,,13,[CUDA memset]
3131007134,3680,158863,,,,,,,,,,0.000,21.739,Pinned,Device,NVIDIA A100-SXM4-40GB MIG 4g.20gb (0),1,,13,[CUDA memcpy Host-to-Device]
3131015998,11456,158864,,,,,,,,,,0.197,17161.912,Pinned,Device,NVIDIA A100-SXM4-40GB MIG 4g.20gb (0),1,,13,[CUDA memcpy Host-to-Device]
3131038558,10879,158865,273,1,1,48,1,1,40,0.000,0.001,,,,,NVIDIA A100-SXM4-40GB MIG 4g.20gb (0),1,,13,"void pusch_noise_intf_est::noiseIntfEstNoDftSOfdmKernel<float, __half, float, float, (unsigned int)2, (unsigned int)1, (unsigned char)4, (unsigned char)4>(pusch_noise_intf_est::puschRxNoiseIntfEstDynDescr)"
3131055069,2976,158876,35,1,1,128,1,1,16,0.000,0.000,,,,,NVIDIA A100-SXM4-40GB MIG 4g.20gb (0),1,,13,cupy_copy__complex64_complex64
3131064509,1728,158885,1,1,1,1,1,1,18,0.000,0.000,,,,,NVIDIA A100-SXM4-40GB MIG 4g.20gb (0),1,,13,cupy_copy__float32_float32
3131094397,2240,158891,,,,,,,,,,0.000,1.786,Device,Pageable,NVIDIA A100-SXM4-40GB MIG 4g.20gb (0),1,,7,[CUDA memcpy Device-to-Host]
3131156412,13120,158902,1434,1,1,128,1,1,16,0.000,0.000,,,,,NVIDIA A100-SXM4-40GB MIG 4g.20gb (0),1,,13,cupy_copy__complex64_complex64
3131182204,3168,158909,103,1,1,128,1,1,16,0.000,0.000,,,,,NVIDIA A100-SXM4-40GB MIG 4g.20gb (0),1,,13,cupy_copy__complex64_complex64
3131202780,2175,158916,35,1,1,128,1,1,16,0.000,0.000,,,,,NVIDIA A100-SXM4-40GB MIG 4g.20gb (0),1,,13,cupy_copy__complex64_complex64
3131220795,1920,158923,1,1,1,1,1,1,18,0.000,0.000,,,,,NVIDIA A100-SXM4-40GB MIG 4g.20gb (0),1,,13,cupy_copy__float32_float32
3131352058,87007,158934,1,1,1,32,32,1,30,0.000,0.000,,,,,NVIDIA A100-SXM4-40GB MIG 4g.20gb (0),1,,13,"void convert_kernel<__half2, float2>(tensor_layout_any, T1 *, tensor_layout_any, const T2 *)"
3131466104,5472,158937,,,,,,,,,,0.094,17122.757,Pinned,Device,NVIDIA A100-SXM4-40GB MIG 4g.20gb (0),1,,13,[CUDA memcpy Host-to-Device]
3131481112,3520,158938,,,,,,,,,,1.547,439380.412,Device,,NVIDIA A100-SXM4-40GB MIG 4g.20gb (0),1,,13,[CUDA memset]
3131486936,3008,158943,,,,,,,,,,0.031,10404.230,Pinned,Device,NVIDIA A100-SXM4-40GB MIG 4g.20gb (0),1,,13,[CUDA memcpy Host-to-Device]
3131492568,9472,158944,,,,,,,,,,0.197,20756.693,Pinned,Device,NVIDIA A100-SXM4-40GB MIG 4g.20gb (0),1,,13,[CUDA memcpy Host-to-Device]
3131505912,8224,158945,273,1,1,8,4,1,39,0.002,0.000,,,,,NVIDIA A100-SXM4-40GB MIG 4g.20gb (0),1,,13,"void channel_eq::eqMmseCoefCompLowMimoKernel<float, float, float, (unsigned int)4, (unsigned int)1, (unsigned int)4>(const channel_eq::_puschRxChEqStatDescr *, channel_eq::_puschRxChEqCoefCompDynDescr)"
3131515320,5600,158946,273,1,1,12,11,1,51,0.002,0.000,,,,,NVIDIA A100-SXM4-40GB MIG 4g.20gb (0),1,,13,"void channel_eq::eqMmseSoftDemapKernel<float, __half, __half, float, (unsigned int)4, (unsigned short)16383>(channel_eq::_puschRxChEqStatDescr *, channel_eq::_puschRxChEqSoftDemapDynDescr)"
3131522200,282076,158947,1,1,1,32,32,1,30,0.000,0.000,,,,,NVIDIA A100-SXM4-40GB MIG 4g.20gb (0),1,,13,"void convert_kernel<float2, __half2>(tensor_layout_any, T1 *, tensor_layout_any, const T2 *)"
3131805268,10944,158959,2253,1,1,128,1,1,16,0.000,0.000,,,,,NVIDIA A100-SXM4-40GB MIG 4g.20gb (0),1,,13,cupy_copy__float16_float16
3131818004,3296,158968,282,1,1,128,1,1,16,0.000,0.000,,,,,NVIDIA A100-SXM4-40GB MIG 4g.20gb (0),1,,13,cupy_copy__complex64_complex64
3131822964,2272,158977,26,1,1,128,1,1,16,0.000,0.000,,,,,NVIDIA A100-SXM4-40GB MIG 4g.20gb (0),1,,13,cupy_copy__float32_float32
3131826900,2816,158986,103,1,1,128,1,1,16,0.000,0.000,,,,,NVIDIA A100-SXM4-40GB MIG 4g.20gb (0),1,,13,cupy_copy__complex64_complex64
3131831988,12160,158996,1434,1,1,128,1,1,16,0.000,0.000,,,,,NVIDIA A100-SXM4-40GB MIG 4g.20gb (0),1,,13,cupy_copy__complex64_complex64
3131857651,82207,159001,1,1,1,32,32,1,30,0.000,0.000,,,,,NVIDIA A100-SXM4-40GB MIG 4g.20gb (0),1,,13,"void convert_kernel<__half2, float2>(tensor_layout_any, T1 *, tensor_layout_any, const T2 *)"
3131967026,5728,159004,,,,,,,,,,0.094,16357.541,Pinned,Device,NVIDIA A100-SXM4-40GB MIG 4g.20gb (0),1,,13,[CUDA memcpy Host-to-Device]
3131977970,613656,159005,,,,,,,,,,456.561,743738.586,Device,,NVIDIA A100-SXM4-40GB MIG 4g.20gb (0),1,,13,[CUDA memset]
3132594058,71711,159010,,,,,,,,,,1.235,17220.059,Pinned,Device,NVIDIA A100-SXM4-40GB MIG 4g.20gb (0),1,,13,[CUDA memcpy Host-to-Device]
3132669353,14528,159011,,,,,,,,,,0.197,13532.922,Pinned,Device,NVIDIA A100-SXM4-40GB MIG 4g.20gb (0),1,,13,[CUDA memcpy Host-to-Device]
3132694121,8352,159012,69,4,1,48,1,1,76,0.002,0.000,,,,,NVIDIA A100-SXM4-40GB MIG 4g.20gb (0),1,,13,"void ch_est::windowedChEstPreNoDftSOfdmKernel<float, __half, float, (unsigned int)2, (unsigned int)1, (unsigned short)4>(ch_est::puschRxChEstStatDescr_t *, ch_est::puschRxChEstDynDescr_t *)"
3132705449,6560,159013,137,2,1,24,2,1,44,0.001,0.001,,,,,NVIDIA A100-SXM4-40GB MIG 4g.20gb (0),1,,13,"void ch_est::chEstFilterNoDftSOfdmDispatchKernel<float, __half, float, (unsigned int)2>(ch_est::puschRxChEstStatDescr_t *, ch_est::puschRxChEstDynDescr_t *)"
3132713289,5344,159014,137,2,1,24,2,1,44,0.001,0.001,,,,,NVIDIA A100-SXM4-40GB MIG 4g.20gb (0),1,,13,"void ch_est::chEstFilterNoDftSOfdmDispatchKernel<float, __half, float, (unsigned int)2>(ch_est::puschRxChEstStatDescr_t *, ch_est::puschRxChEstDynDescr_t *)"
3132720265,2592,159025,103,1,1,128,1,1,16,0.000,0.000,,,,,NVIDIA A100-SXM4-40GB MIG 4g.20gb (0),1,,13,cupy_copy__complex64_complex64
3132726089,12544,159035,1434,1,1,128,1,1,16,0.000,0.000,,,,,NVIDIA A100-SXM4-40GB MIG 4g.20gb (0),1,,13,cupy_copy__complex64_complex64
3132742184,2720,159042,103,1,1,128,1,1,16,0.000,0.000,,,,,NVIDIA A100-SXM4-40GB MIG 4g.20gb (0),1,,13,cupy_copy__complex64_complex64
3132748552,89919,159049,1,1,1,32,32,1,30,0.000,0.000,,,,,NVIDIA A100-SXM4-40GB MIG 4g.20gb (0),1,,13,"void convert_kernel<__half2, float2>(tensor_layout_any, T1 *, tensor_layout_any, const T2 *)"
3132867911,8416,159052,,,,,,,,,,0.094,11133.052,Pinned,Device,NVIDIA A100-SXM4-40GB MIG 4g.20gb (0),1,,13,[CUDA memcpy Host-to-Device]
3132883335,49279,159053,,,,,,,,,,35.810,726654.897,Device,,NVIDIA A100-SXM4-40GB MIG 4g.20gb (0),1,,13,[CUDA memset]
3132933958,4320,159055,,,,,,,,,,0.000,18.518,Pinned,Device,NVIDIA A100-SXM4-40GB MIG 4g.20gb (0),1,,13,[CUDA memcpy Host-to-Device]
3132942406,14144,159056,,,,,,,,,,0.197,13900.382,Pinned,Device,NVIDIA A100-SXM4-40GB MIG 4g.20gb (0),1,,13,[CUDA memcpy Host-to-Device]
3132964998,10112,159057,273,1,1,48,1,1,40,0.000,0.001,,,,,NVIDIA A100-SXM4-40GB MIG 4g.20gb (0),1,,13,"void pusch_noise_intf_est::noiseIntfEstNoDftSOfdmKernel<float, __half, float, float, (unsigned int)2, (unsigned int)1, (unsigned char)4, (unsigned char)4>(pusch_noise_intf_est::puschRxNoiseIntfEstDynDescr)"
3132980070,2816,159068,35,1,1,128,1,1,16,0.000,0.000,,,,,NVIDIA A100-SXM4-40GB MIG 4g.20gb (0),1,,13,cupy_copy__complex64_complex64
3132990181,2016,159077,1,1,1,1,1,1,18,0.000,0.000,,,,,NVIDIA A100-SXM4-40GB MIG 4g.20gb (0),1,,13,cupy_copy__float32_float32
3133022021,1728,159083,,,,,,,,,,0.000,2.315,Device,Pageable,NVIDIA A100-SXM4-40GB MIG 4g.20gb (0),1,,7,[CUDA memcpy Device-to-Host]
3133085604,12672,159094,1434,1,1,128,1,1,16,0.000,0.000,,,,,NVIDIA A100-SXM4-40GB MIG 4g.20gb (0),1,,13,cupy_copy__complex64_complex64
3133110308,3520,159101,103,1,1,128,1,1,16,0.000,0.000,,,,,NVIDIA A100-SXM4-40GB MIG 4g.20gb (0),1,,13,cupy_copy__complex64_complex64
3133130820,2336,159108,35,1,1,128,1,1,16,0.000,0.000,,,,,NVIDIA A100-SXM4-40GB MIG 4g.20gb (0),1,,13,cupy_copy__complex64_complex64
3133148323,1760,159115,1,1,1,1,1,1,18,0.000,0.000,,,,,NVIDIA A100-SXM4-40GB MIG 4g.20gb (0),1,,13,cupy_copy__float32_float32
3133280738,82239,159126,1,1,1,32,32,1,30,0.000,0.000,,,,,NVIDIA A100-SXM4-40GB MIG 4g.20gb (0),1,,13,"void convert_kernel<__half2, float2>(tensor_layout_any, T1 *, tensor_layout_any, const T2 *)"
3133390016,5696,159129,,,,,,,,,,0.094,16449.363,Pinned,Device,NVIDIA A100-SXM4-40GB MIG 4g.20gb (0),1,,13,[CUDA memcpy Host-to-Device]
3133404928,3232,159130,,,,,,,,,,1.547,478533.199,Device,,NVIDIA A100-SXM4-40GB MIG 4g.20gb (0),1,,13,[CUDA memset]
3133410880,3008,159135,,,,,,,,,,0.031,10404.230,Pinned,Device,NVIDIA A100-SXM4-40GB MIG 4g.20gb (0),1,,13,[CUDA memcpy Host-to-Device]
3133416384,9408,159136,,,,,,,,,,0.197,20897.858,Pinned,Device,NVIDIA A100-SXM4-40GB MIG 4g.20gb (0),1,,13,[CUDA memcpy Host-to-Device]
3133431072,7552,159137,273,1,1,8,4,1,39,0.002,0.000,,,,,NVIDIA A100-SXM4-40GB MIG 4g.20gb (0),1,,13,"void channel_eq::eqMmseCoefCompLowMimoKernel<float, float, float, (unsigned int)4, (unsigned int)1, (unsigned int)4>(const channel_eq::_puschRxChEqStatDescr *, channel_eq::_puschRxChEqCoefCompDynDescr)"
3133442208,5664,159138,273,1,1,12,11,1,51,0.002,0.000,,,,,NVIDIA A100-SXM4-40GB MIG 4g.20gb (0),1,,13,"void channel_eq::eqMmseSoftDemapKernel<float, __half, __half, float, (unsigned int)4, (unsigned short)16383>(channel_eq::_puschRxChEqStatDescr *, channel_eq::_puschRxChEqSoftDemapDynDescr)"
3133449504,294876,159139,1,1,1,32,32,1,30,0.000,0.000,,,,,NVIDIA A100-SXM4-40GB MIG 4g.20gb (0),1,,13,"void convert_kernel<float2, __half2>(tensor_layout_any, T1 *, tensor_layout_any, const T2 *)"
3133745468,10944,159151,2253,1,1,128,1,1,16,0.000,0.000,,,,,NVIDIA A100-SXM4-40GB MIG 4g.20gb (0),1,,13,cupy_copy__float16_float16
3133760060,2816,159160,282,1,1,128,1,1,16,0.000,0.000,,,,,NVIDIA A100-SXM4-40GB MIG 4g.20gb (0),1,,13,cupy_copy__complex64_complex64
3133764572,2304,159169,26,1,1,128,1,1,16,0.000,0.000,,,,,NVIDIA A100-SXM4-40GB MIG 4g.20gb (0),1,,13,cupy_copy__float32_float32
3133767836,2912,159178,103,1,1,128,1,1,16,0.000,0.000,,,,,NVIDIA A100-SXM4-40GB MIG 4g.20gb (0),1,,13,cupy_copy__complex64_complex64
3133772540,12064,159188,1434,1,1,128,1,1,16,0.000,0.000,,,,,NVIDIA A100-SXM4-40GB MIG 4g.20gb (0),1,,13,cupy_copy__complex64_complex64
3133786076,81343,159193,1,1,1,32,32,1,30,0.000,0.000,,,,,NVIDIA A100-SXM4-40GB MIG 4g.20gb (0),1,,13,"void convert_kernel<__half2, float2>(tensor_layout_any, T1 *, tensor_layout_any, const T2 *)"
3133894010,5824,159196,,,,,,,,,,0.094,16087.884,Pinned,Device,NVIDIA A100-SXM4-40GB MIG 4g.20gb (0),1,,13,[CUDA memcpy Host-to-Device]
3133904314,610745,159197,,,,,,,,,,456.561,747391.077,Device,,NVIDIA A100-SXM4-40GB MIG 4g.20gb (0),1,,13,[CUDA memset]
3134518387,66143,159202,,,,,,,,,,1.235,18669.883,Pinned,Device,NVIDIA A100-SXM4-40GB MIG 4g.20gb (0),1,,13,[CUDA memcpy Host-to-Device]
3134588722,15519,159203,,,,,,,,,,0.197,12668.830,Pinned,Device,NVIDIA A100-SXM4-40GB MIG 4g.20gb (0),1,,13,[CUDA memcpy Host-to-Device]
3134614097,7648,159204,69,4,1,48,1,1,76,0.002,0.000,,,,,NVIDIA A100-SXM4-40GB MIG 4g.20gb (0),1,,13,"void ch_est::windowedChEstPreNoDftSOfdmKernel<float, __half, float, (unsigned int)2, (unsigned int)1, (unsigned short)4>(ch_est::puschRxChEstStatDescr_t *, ch_est::puschRxChEstDynDescr_t *)"
3134626385,6688,159205,137,2,1,24,2,1,44,0.001,0.001,,,,,NVIDIA A100-SXM4-40GB MIG 4g.20gb (0),1,,13,"void ch_est::chEstFilterNoDftSOfdmDispatchKernel<float, __half, float, (unsigned int)2>(ch_est::puschRxChEstStatDescr_t *, ch_est::puschRxChEstDynDescr_t *)"
3134639249,5056,159206,137,2,1,24,2,1,44,0.001,0.001,,,,,NVIDIA A100-SXM4-40GB MIG 4g.20gb (0),1,,13,"void ch_est::chEstFilterNoDftSOfdmDispatchKernel<float, __half, float, (unsigned int)2>(ch_est::puschRxChEstStatDescr_t *, ch_est::puschRxChEstDynDescr_t *)"
3134650321,2400,159217,103,1,1,128,1,1,16,0.000,0.000,,,,,NVIDIA A100-SXM4-40GB MIG 4g.20gb (0),1,,13,cupy_copy__complex64_complex64
3134657457,12448,159227,1434,1,1,128,1,1,16,0.000,0.000,,,,,NVIDIA A100-SXM4-40GB MIG 4g.20gb (0),1,,13,cupy_copy__complex64_complex64
3134673617,2752,159234,103,1,1,128,1,1,16,0.000,0.000,,,,,NVIDIA A100-SXM4-40GB MIG 4g.20gb (0),1,,13,cupy_copy__complex64_complex64
3134680529,89662,159241,1,1,1,32,32,1,30,0.000,0.000,,,,,NVIDIA A100-SXM4-40GB MIG 4g.20gb (0),1,,13,"void convert_kernel<__half2, float2>(tensor_layout_any, T1 *, tensor_layout_any, const T2 *)"
3134797839,9920,159244,,,,,,,,,,0.094,9445.119,Pinned,Device,NVIDIA A100-SXM4-40GB MIG 4g.20gb (0),1,,13,[CUDA memcpy Host-to-Device]
3134813167,47903,159245,,,,,,,,,,35.810,747532.080,Device,,NVIDIA A100-SXM4-40GB MIG 4g.20gb (0),1,,13,[CUDA memset]
3134867566,2144,159247,,,,,,,,,,0.000,37.313,Pinned,Device,NVIDIA A100-SXM4-40GB MIG 4g.20gb (0),1,,13,[CUDA memcpy Host-to-Device]
3134873582,15232,159248,,,,,,,,,,0.197,12907.512,Pinned,Device,NVIDIA A100-SXM4-40GB MIG 4g.20gb (0),1,,13,[CUDA memcpy Host-to-Device]
3134895406,12064,159249,273,1,1,48,1,1,40,0.000,0.001,,,,,NVIDIA A100-SXM4-40GB MIG 4g.20gb (0),1,,13,"void pusch_noise_intf_est::noiseIntfEstNoDftSOfdmKernel<float, __half, float, float, (unsigned int)2, (unsigned int)1, (unsigned char)4, (unsigned char)4>(pusch_noise_intf_est::puschRxNoiseIntfEstDynDescr)"
3134909742,3136,159260,35,1,1,128,1,1,16,0.000,0.000,,,,,NVIDIA A100-SXM4-40GB MIG 4g.20gb (0),1,,13,cupy_copy__complex64_complex64
3134931021,1728,159269,1,1,1,1,1,1,18,0.000,0.000,,,,,NVIDIA A100-SXM4-40GB MIG 4g.20gb (0),1,,13,cupy_copy__float32_float32
3134960365,1792,159275,,,,,,,,,,0.000,2.232,Device,Pageable,NVIDIA A100-SXM4-40GB MIG 4g.20gb (0),1,,7,[CUDA memcpy Device-to-Host]
3135021132,13088,159286,1434,1,1,128,1,1,16,0.000,0.000,,,,,NVIDIA A100-SXM4-40GB MIG 4g.20gb (0),1,,13,cupy_copy__complex64_complex64
3135046892,2752,159293,103,1,1,128,1,1,16,0.000,0.000,,,,,NVIDIA A100-SXM4-40GB MIG 4g.20gb (0),1,,13,cupy_copy__complex64_complex64
3135068332,2688,159300,35,1,1,128,1,1,16,0.000,0.000,,,,,NVIDIA A100-SXM4-40GB MIG 4g.20gb (0),1,,13,cupy_copy__complex64_complex64
3135085548,1823,159307,1,1,1,1,1,1,18,0.000,0.000,,,,,NVIDIA A100-SXM4-40GB MIG 4g.20gb (0),1,,13,cupy_copy__float32_float32
3135216234,82559,159318,1,1,1,32,32,1,30,0.000,0.000,,,,,NVIDIA A100-SXM4-40GB MIG 4g.20gb (0),1,,13,"void convert_kernel<__half2, float2>(tensor_layout_any, T1 *, tensor_layout_any, const T2 *)"
3135325961,5375,159321,,,,,,,,,,0.094,17431.766,Pinned,Device,NVIDIA A100-SXM4-40GB MIG 4g.20gb (0),1,,13,[CUDA memcpy Host-to-Device]
3135341768,3552,159322,,,,,,,,,,1.547,435422.601,Device,,NVIDIA A100-SXM4-40GB MIG 4g.20gb (0),1,,13,[CUDA memset]
3135346728,3168,159327,,,,,,,,,,0.031,9878.770,Pinned,Device,NVIDIA A100-SXM4-40GB MIG 4g.20gb (0),1,,13,[CUDA memcpy Host-to-Device]
3135351976,9408,159328,,,,,,,,,,0.197,20897.858,Pinned,Device,NVIDIA A100-SXM4-40GB MIG 4g.20gb (0),1,,13,[CUDA memcpy Host-to-Device]
3135365640,6720,159329,273,1,1,8,4,1,39,0.002,0.000,,,,,NVIDIA A100-SXM4-40GB MIG 4g.20gb (0),1,,13,"void channel_eq::eqMmseCoefCompLowMimoKernel<float, float, float, (unsigned int)4, (unsigned int)1, (unsigned int)4>(const channel_eq::_puschRxChEqStatDescr *, channel_eq::_puschRxChEqCoefCompDynDescr)"
3135373480,6272,159330,273,1,1,12,11,1,51,0.002,0.000,,,,,NVIDIA A100-SXM4-40GB MIG 4g.20gb (0),1,,13,"void channel_eq::eqMmseSoftDemapKernel<float, __half, __half, float, (unsigned int)4, (unsigned short)16383>(channel_eq::_puschRxChEqStatDescr *, channel_eq::_puschRxChEqSoftDemapDynDescr)"
3135382568,295004,159331,1,1,1,32,32,1,30,0.000,0.000,,,,,NVIDIA A100-SXM4-40GB MIG 4g.20gb (0),1,,13,"void convert_kernel<float2, __half2>(tensor_layout_any, T1 *, tensor_layout_any, const T2 *)"
3135679012,11040,159343,2253,1,1,128,1,1,16,0.000,0.000,,,,,NVIDIA A100-SXM4-40GB MIG 4g.20gb (0),1,,13,cupy_copy__float16_float16
3135693316,3424,159352,282,1,1,128,1,1,16,0.000,0.000,,,,,NVIDIA A100-SXM4-40GB MIG 4g.20gb (0),1,,13,cupy_copy__complex64_complex64
3135698276,2272,159361,26,1,1,128,1,1,16,0.000,0.000,,,,,NVIDIA A100-SXM4-40GB MIG 4g.20gb (0),1,,13,cupy_copy__float32_float32
3135701668,2784,159370,103,1,1,128,1,1,16,0.000,0.000,,,,,NVIDIA A100-SXM4-40GB MIG 4g.20gb (0),1,,13,cupy_copy__complex64_complex64
3135707588,12000,159380,1434,1,1,128,1,1,16,0.000,0.000,,,,,NVIDIA A100-SXM4-40GB MIG 4g.20gb (0),1,,13,cupy_copy__complex64_complex64
3135721924,80415,159385,1,1,1,32,32,1,30,0.000,0.000,,,,,NVIDIA A100-SXM4-40GB MIG 4g.20gb (0),1,,13,"void convert_kernel<__half2, float2>(tensor_layout_any, T1 *, tensor_layout_any, const T2 *)"
3135828866,5344,159388,,,,,,,,,,0.094,17532.864,Pinned,Device,NVIDIA A100-SXM4-40GB MIG 4g.20gb (0),1,,13,[CUDA memcpy Host-to-Device]
3135838914,599097,159389,,,,,,,,,,456.561,762001.043,Device,,NVIDIA A100-SXM4-40GB MIG 4g.20gb (0),1,,13,[CUDA memset]
3136441595,68735,159394,,,,,,,,,,1.235,17965.965,Pinned,Device,NVIDIA A100-SXM4-40GB MIG 4g.20gb (0),1,,13,[CUDA memcpy Host-to-Device]
3136513978,14304,159395,,,,,,,,,,0.197,13744.865,Pinned,Device,NVIDIA A100-SXM4-40GB MIG 4g.20gb (0),1,,13,[CUDA memcpy Host-to-Device]
3136533498,7872,159396,69,4,1,48,1,1,76,0.002,0.000,,,,,NVIDIA A100-SXM4-40GB MIG 4g.20gb (0),1,,13,"void ch_est::windowedChEstPreNoDftSOfdmKernel<float, __half, float, (unsigned int)2, (unsigned int)1, (unsigned short)4>(ch_est::puschRxChEstStatDescr_t *, ch_est::puschRxChEstDynDescr_t *)"
3136544985,6368,159397,137,2,1,24,2,1,44,0.001,0.001,,,,,NVIDIA A100-SXM4-40GB MIG 4g.20gb (0),1,,13,"void ch_est::chEstFilterNoDftSOfdmDispatchKernel<float, __half, float, (unsigned int)2>(ch_est::puschRxChEstStatDescr_t *, ch_est::puschRxChEstDynDescr_t *)"
3136554681,5472,159398,137,2,1,24,2,1,44,0.001,0.001,,,,,NVIDIA A100-SXM4-40GB MIG 4g.20gb (0),1,,13,"void ch_est::chEstFilterNoDftSOfdmDispatchKernel<float, __half, float, (unsigned int)2>(ch_est::puschRxChEstStatDescr_t *, ch_est::puschRxChEstDynDescr_t *)"
3136565369,2720,159409,103,1,1,128,1,1,16,0.000,0.000,,,,,NVIDIA A100-SXM4-40GB MIG 4g.20gb (0),1,,13,cupy_copy__complex64_complex64
3136571417,12512,159419,1434,1,1,128,1,1,16,0.000,0.000,,,,,NVIDIA A100-SXM4-40GB MIG 4g.20gb (0),1,,13,cupy_copy__complex64_complex64
3136591033,2720,159426,103,1,1,128,1,1,16,0.000,0.000,,,,,NVIDIA A100-SXM4-40GB MIG 4g.20gb (0),1,,13,cupy_copy__complex64_complex64
3136596729,84319,159433,1,1,1,32,32,1,30,0.000,0.000,,,,,NVIDIA A100-SXM4-40GB MIG 4g.20gb (0),1,,13,"void convert_kernel<__half2, float2>(tensor_layout_any, T1 *, tensor_layout_any, const T2 *)"
3136712407,9824,159436,,,,,,,,,,0.094,9537.410,Pinned,Device,NVIDIA A100-SXM4-40GB MIG 4g.20gb (0),1,,13,[CUDA memcpy Host-to-Device]
3136729975,47328,159437,,,,,,,,,,35.810,756627.800,Device,,NVIDIA A100-SXM4-40GB MIG 4g.20gb (0),1,,13,[CUDA memset]
3136782423,4255,159439,,,,,,,,,,0.000,18.801,Pinned,Device,NVIDIA A100-SXM4-40GB MIG 4g.20gb (0),1,,13,[CUDA memcpy Host-to-Device]
3136790198,13184,159440,,,,,,,,,,0.197,14912.520,Pinned,Device,NVIDIA A100-SXM4-40GB MIG 4g.20gb (0),1,,13,[CUDA memcpy Host-to-Device]
3136807734,10400,159441,273,1,1,48,1,1,40,0.000,0.001,,,,,NVIDIA A100-SXM4-40GB MIG 4g.20gb (0),1,,13,"void pusch_noise_intf_est::noiseIntfEstNoDftSOfdmKernel<float, __half, float, float, (unsigned int)2, (unsigned int)1, (unsigned char)4, (unsigned char)4>(pusch_noise_intf_est::puschRxNoiseIntfEstDynDescr)"
3136822998,2944,159452,35,1,1,128,1,1,16,0.000,0.000,,,,,NVIDIA A100-SXM4-40GB MIG 4g.20gb (0),1,,13,cupy_copy__complex64_complex64
3136835382,1952,159461,1,1,1,1,1,1,18,0.000,0.000,,,,,NVIDIA A100-SXM4-40GB MIG 4g.20gb (0),1,,13,cupy_copy__float32_float32
3136864886,1664,159467,,,,,,,,,,0.000,2.404,Device,Pageable,NVIDIA A100-SXM4-40GB MIG 4g.20gb (0),1,,7,[CUDA memcpy Device-to-Host]
3136925557,12544,159478,1434,1,1,128,1,1,16,0.000,0.000,,,,,NVIDIA A100-SXM4-40GB MIG 4g.20gb (0),1,,13,cupy_copy__complex64_complex64
3136952596,3008,159485,103,1,1,128,1,1,16,0.000,0.000,,,,,NVIDIA A100-SXM4-40GB MIG 4g.20gb (0),1,,13,cupy_copy__complex64_complex64
3136973108,2464,159492,35,1,1,128,1,1,16,0.000,0.000,,,,,NVIDIA A100-SXM4-40GB MIG 4g.20gb (0),1,,13,cupy_copy__complex64_complex64
3136990932,1760,159499,1,1,1,1,1,1,18,0.000,0.000,,,,,NVIDIA A100-SXM4-40GB MIG 4g.20gb (0),1,,13,cupy_copy__float32_float32
3137123058,87455,159510,1,1,1,32,32,1,30,0.000,0.000,,,,,NVIDIA A100-SXM4-40GB MIG 4g.20gb (0),1,,13,"void convert_kernel<__half2, float2>(tensor_layout_any, T1 *, tensor_layout_any, const T2 *)"
3137239345,5536,159513,,,,,,,,,,0.094,16924.777,Pinned,Device,NVIDIA A100-SXM4-40GB MIG 4g.20gb (0),1,,13,[CUDA memcpy Host-to-Device]
3137253521,3712,159514,,,,,,,,,,1.547,416654.319,Device,,NVIDIA A100-SXM4-40GB MIG 4g.20gb (0),1,,13,[CUDA memset]
3137260401,3040,159519,,,,,,,,,,0.031,10294.725,Pinned,Device,NVIDIA A100-SXM4-40GB MIG 4g.20gb (0),1,,13,[CUDA memcpy Host-to-Device]
3137265873,9631,159520,,,,,,,,,,0.197,20414.005,Pinned,Device,NVIDIA A100-SXM4-40GB MIG 4g.20gb (0),1,,13,[CUDA memcpy Host-to-Device]
3137280272,6240,159521,273,1,1,8,4,1,39,0.002,0.000,,,,,NVIDIA A100-SXM4-40GB MIG 4g.20gb (0),1,,13,"void channel_eq::eqMmseCoefCompLowMimoKernel<float, float, float, (unsigned int)4, (unsigned int)1, (unsigned int)4>(const channel_eq::_puschRxChEqStatDescr *, channel_eq::_puschRxChEqCoefCompDynDescr)"
3137287504,6240,159522,273,1,1,12,11,1,51,0.002,0.000,,,,,NVIDIA A100-SXM4-40GB MIG 4g.20gb (0),1,,13,"void channel_eq::eqMmseSoftDemapKernel<float, __half, __half, float, (unsigned int)4, (unsigned short)16383>(channel_eq::_puschRxChEqStatDescr *, channel_eq::_puschRxChEqSoftDemapDynDescr)"
3137296464,294269,159523,1,1,1,32,32,1,30,0.000,0.000,,,,,NVIDIA A100-SXM4-40GB MIG 4g.20gb (0),1,,13,"void convert_kernel<float2, __half2>(tensor_layout_any, T1 *, tensor_layout_any, const T2 *)"
3137591725,11071,159535,2253,1,1,128,1,1,16,0.000,0.000,,,,,NVIDIA A100-SXM4-40GB MIG 4g.20gb (0),1,,13,cupy_copy__float16_float16
3137606668,3072,159544,282,1,1,128,1,1,16,0.000,0.000,,,,,NVIDIA A100-SXM4-40GB MIG 4g.20gb (0),1,,13,cupy_copy__complex64_complex64
3137611564,2080,159553,26,1,1,128,1,1,16,0.000,0.000,,,,,NVIDIA A100-SXM4-40GB MIG 4g.20gb (0),1,,13,cupy_copy__float32_float32
3137616652,6752,159562,103,1,1,128,1,1,16,0.000,0.000,,,,,NVIDIA A100-SXM4-40GB MIG 4g.20gb (0),1,,13,cupy_copy__complex64_complex64
3137625452,12160,159572,1434,1,1,128,1,1,16,0.000,0.000,,,,,NVIDIA A100-SXM4-40GB MIG 4g.20gb (0),1,,13,cupy_copy__complex64_complex64
3137640620,87359,159577,1,1,1,32,32,1,30,0.000,0.000,,,,,NVIDIA A100-SXM4-40GB MIG 4g.20gb (0),1,,13,"void convert_kernel<__half2, float2>(tensor_layout_any, T1 *, tensor_layout_any, const T2 *)"
3137754571,5439,159580,,,,,,,,,,0.094,17226.665,Pinned,Device,NVIDIA A100-SXM4-40GB MIG 4g.20gb (0),1,,13,[CUDA memcpy Host-to-Device]
3137764490,604217,159581,,,,,,,,,,456.561,755609.183,Device,,NVIDIA A100-SXM4-40GB MIG 4g.20gb (0),1,,13,[CUDA memset]
3138376771,71007,159586,,,,,,,,,,1.235,17391.716,Pinned,Device,NVIDIA A100-SXM4-40GB MIG 4g.20gb (0),1,,13,[CUDA memcpy Host-to-Device]
3138451650,13664,159587,,,,,,,,,,0.197,14388.756,Pinned,Device,NVIDIA A100-SXM4-40GB MIG 4g.20gb (0),1,,13,[CUDA memcpy Host-to-Device]
3138470946,8352,159588,69,4,1,48,1,1,76,0.002,0.000,,,,,NVIDIA A100-SXM4-40GB MIG 4g.20gb (0),1,,13,"void ch_est::windowedChEstPreNoDftSOfdmKernel<float, __half, float, (unsigned int)2, (unsigned int)1, (unsigned short)4>(ch_est::puschRxChEstStatDescr_t *, ch_est::puschRxChEstDynDescr_t *)"
3138482530,6751,159589,137,2,1,24,2,1,44,0.001,0.001,,,,,NVIDIA A100-SXM4-40GB MIG 4g.20gb (0),1,,13,"void ch_est::chEstFilterNoDftSOfdmDispatchKernel<float, __half, float, (unsigned int)2>(ch_est::puschRxChEstStatDescr_t *, ch_est::puschRxChEstDynDescr_t *)"
3138494241,5344,159590,137,2,1,24,2,1,44,0.001,0.001,,,,,NVIDIA A100-SXM4-40GB MIG 4g.20gb (0),1,,13,"void ch_est::chEstFilterNoDftSOfdmDispatchKernel<float, __half, float, (unsigned int)2>(ch_est::puschRxChEstStatDescr_t *, ch_est::puschRxChEstDynDescr_t *)"
3138504897,2720,159601,103,1,1,128,1,1,16,0.000,0.000,,,,,NVIDIA A100-SXM4-40GB MIG 4g.20gb (0),1,,13,cupy_copy__complex64_complex64
3138510753,12480,159611,1434,1,1,128,1,1,16,0.000,0.000,,,,,NVIDIA A100-SXM4-40GB MIG 4g.20gb (0),1,,13,cupy_copy__complex64_complex64
3138526753,2528,159618,103,1,1,128,1,1,16,0.000,0.000,,,,,NVIDIA A100-SXM4-40GB MIG 4g.20gb (0),1,,13,cupy_copy__complex64_complex64
3138534529,89215,159625,1,1,1,32,32,1,30,0.000,0.000,,,,,NVIDIA A100-SXM4-40GB MIG 4g.20gb (0),1,,13,"void convert_kernel<__half2, float2>(tensor_layout_any, T1 *, tensor_layout_any, const T2 *)"
3138653535,8736,159628,,,,,,,,,,0.094,10725.194,Pinned,Device,NVIDIA A100-SXM4-40GB MIG 4g.20gb (0),1,,13,[CUDA memcpy Host-to-Device]
3138667903,48096,159629,,,,,,,,,,35.810,744524.047,Device,,NVIDIA A100-SXM4-40GB MIG 4g.20gb (0),1,,13,[CUDA memset]
3138716863,4416,159631,,,,,,,,,,0.000,18.116,Pinned,Device,NVIDIA A100-SXM4-40GB MIG 4g.20gb (0),1,,13,[CUDA memcpy Host-to-Device]
3138725247,13695,159632,,,,,,,,,,0.197,14356.120,Pinned,Device,NVIDIA A100-SXM4-40GB MIG 4g.20gb (0),1,,13,[CUDA memcpy Host-to-Device]
3138745886,10112,159633,273,1,1,48,1,1,40,0.000,0.001,,,,,NVIDIA A100-SXM4-40GB MIG 4g.20gb (0),1,,13,"void pusch_noise_intf_est::noiseIntfEstNoDftSOfdmKernel<float, __half, float, float, (unsigned int)2, (unsigned int)1, (unsigned char)4, (unsigned char)4>(pusch_noise_intf_est::puschRxNoiseIntfEstDynDescr)"
3138759838,3008,159644,35,1,1,128,1,1,16,0.000,0.000,,,,,NVIDIA A100-SXM4-40GB MIG 4g.20gb (0),1,,13,cupy_copy__complex64_complex64
3138772734,1760,159653,1,1,1,1,1,1,18,0.000,0.000,,,,,NVIDIA A100-SXM4-40GB MIG 4g.20gb (0),1,,13,cupy_copy__float32_float32
3138802654,2080,159659,,,,,,,,,,0.000,1.923,Device,Pageable,NVIDIA A100-SXM4-40GB MIG 4g.20gb (0),1,,7,[CUDA memcpy Device-to-Host]
3138872157,12896,159670,1434,1,1,128,1,1,16,0.000,0.000,,,,,NVIDIA A100-SXM4-40GB MIG 4g.20gb (0),1,,13,cupy_copy__complex64_complex64
3138899996,3008,159677,103,1,1,128,1,1,16,0.000,0.000,,,,,NVIDIA A100-SXM4-40GB MIG 4g.20gb (0),1,,13,cupy_copy__complex64_complex64
3138920220,2432,159684,35,1,1,128,1,1,16,0.000,0.000,,,,,NVIDIA A100-SXM4-40GB MIG 4g.20gb (0),1,,13,cupy_copy__complex64_complex64
3138937724,1856,159691,1,1,1,1,1,1,18,0.000,0.000,,,,,NVIDIA A100-SXM4-40GB MIG 4g.20gb (0),1,,13,cupy_copy__float32_float32
3139070042,81407,159702,1,1,1,32,32,1,30,0.000,0.000,,,,,NVIDIA A100-SXM4-40GB MIG 4g.20gb (0),1,,13,"void convert_kernel<__half2, float2>(tensor_layout_any, T1 *, tensor_layout_any, const T2 *)"
3139179129,5600,159705,,,,,,,,,,0.094,16731.388,Pinned,Device,NVIDIA A100-SXM4-40GB MIG 4g.20gb (0),1,,13,[CUDA memcpy Host-to-Device]
3139193369,3360,159706,,,,,,,,,,1.547,460304.688,Device,,NVIDIA A100-SXM4-40GB MIG 4g.20gb (0),1,,13,[CUDA memset]
3139200217,3040,159711,,,,,,,,,,0.031,10294.725,Pinned,Device,NVIDIA A100-SXM4-40GB MIG 4g.20gb (0),1,,13,[CUDA memcpy Host-to-Device]
3139205689,9471,159712,,,,,,,,,,0.197,20758.856,Pinned,Device,NVIDIA A100-SXM4-40GB MIG 4g.20gb (0),1,,13,[CUDA memcpy Host-to-Device]
3139220408,8256,159713,273,1,1,8,4,1,39,0.002,0.000,,,,,NVIDIA A100-SXM4-40GB MIG 4g.20gb (0),1,,13,"void channel_eq::eqMmseCoefCompLowMimoKernel<float, float, float, (unsigned int)4, (unsigned int)1, (unsigned int)4>(const channel_eq::_puschRxChEqStatDescr *, channel_eq::_puschRxChEqCoefCompDynDescr)"
3139229784,8032,159714,273,1,1,12,11,1,51,0.002,0.000,,,,,NVIDIA A100-SXM4-40GB MIG 4g.20gb (0),1,,13,"void channel_eq::eqMmseSoftDemapKernel<float, __half, __half, float, (unsigned int)4, (unsigned short)16383>(channel_eq::_puschRxChEqStatDescr *, channel_eq::_puschRxChEqSoftDemapDynDescr)"
3139241688,281853,159715,1,1,1,32,32,1,30,0.000,0.000,,,,,NVIDIA A100-SXM4-40GB MIG 4g.20gb (0),1,,13,"void convert_kernel<float2, __half2>(tensor_layout_any, T1 *, tensor_layout_any, const T2 *)"
3139524501,11168,159727,2253,1,1,128,1,1,16,0.000,0.000,,,,,NVIDIA A100-SXM4-40GB MIG 4g.20gb (0),1,,13,cupy_copy__float16_float16
3139538100,2688,159736,282,1,1,128,1,1,16,0.000,0.000,,,,,NVIDIA A100-SXM4-40GB MIG 4g.20gb (0),1,,13,cupy_copy__complex64_complex64
3139541748,2016,159745,26,1,1,128,1,1,16,0.000,0.000,,,,,NVIDIA A100-SXM4-40GB MIG 4g.20gb (0),1,,13,cupy_copy__float32_float32
3139545236,2720,159754,103,1,1,128,1,1,16,0.000,0.000,,,,,NVIDIA A100-SXM4-40GB MIG 4g.20gb (0),1,,13,cupy_copy__complex64_complex64
3139596052,11840,159770,1434,1,1,128,1,1,16,0.000,0.000,,,,,NVIDIA A100-SXM4-40GB MIG 4g.20gb (0),1,,13,cupy_copy__complex64_complex64
3139709778,86591,159775,1,1,1,32,32,1,30,0.000,0.000,,,,,NVIDIA A100-SXM4-40GB MIG 4g.20gb (0),1,,13,"void convert_kernel<__half2, float2>(tensor_layout_any, T1 *, tensor_layout_any, const T2 *)"
3139823697,5536,159778,,,,,,,,,,0.094,16924.777,Pinned,Device,NVIDIA A100-SXM4-40GB MIG 4g.20gb (0),1,,13,[CUDA memcpy Host-to-Device]
3139833553,599512,159779,,,,,,,,,,456.561,761544.482,Device,,NVIDIA A100-SXM4-40GB MIG 4g.20gb (0),1,,13,[CUDA memset]
3140437321,72863,159784,,,,,,,,,,1.235,16948.371,Pinned,Device,NVIDIA A100-SXM4-40GB MIG 4g.20gb (0),1,,13,[CUDA memcpy Host-to-Device]
3140514024,14432,159785,,,,,,,,,,0.197,13622.968,Pinned,Device,NVIDIA A100-SXM4-40GB MIG 4g.20gb (0),1,,13,[CUDA memcpy Host-to-Device]
3140536648,8256,159786,69,4,1,48,1,1,76,0.002,0.000,,,,,NVIDIA A100-SXM4-40GB MIG 4g.20gb (0),1,,13,"void ch_est::windowedChEstPreNoDftSOfdmKernel<float, __half, float, (unsigned int)2, (unsigned int)1, (unsigned short)4>(ch_est::puschRxChEstStatDescr_t *, ch_est::puschRxChEstDynDescr_t *)"
3140548136,6976,159787,137,2,1,24,2,1,44,0.001,0.001,,,,,NVIDIA A100-SXM4-40GB MIG 4g.20gb (0),1,,13,"void ch_est::chEstFilterNoDftSOfdmDispatchKernel<float, __half, float, (unsigned int)2>(ch_est::puschRxChEstStatDescr_t *, ch_est::puschRxChEstDynDescr_t *)"
3140558824,5472,159788,137,2,1,24,2,1,44,0.001,0.001,,,,,NVIDIA A100-SXM4-40GB MIG 4g.20gb (0),1,,13,"void ch_est::chEstFilterNoDftSOfdmDispatchKernel<float, __half, float, (unsigned int)2>(ch_est::puschRxChEstStatDescr_t *, ch_est::puschRxChEstDynDescr_t *)"
3140570280,2752,159799,103,1,1,128,1,1,16,0.000,0.000,,,,,NVIDIA A100-SXM4-40GB MIG 4g.20gb (0),1,,13,cupy_copy__complex64_complex64
3140576040,12511,159809,1434,1,1,128,1,1,16,0.000,0.000,,,,,NVIDIA A100-SXM4-40GB MIG 4g.20gb (0),1,,13,cupy_copy__complex64_complex64
3140593991,2592,159816,103,1,1,128,1,1,16,0.000,0.000,,,,,NVIDIA A100-SXM4-40GB MIG 4g.20gb (0),1,,13,cupy_copy__complex64_complex64
3140601351,83647,159823,1,1,1,32,32,1,30,0.000,0.000,,,,,NVIDIA A100-SXM4-40GB MIG 4g.20gb (0),1,,13,"void convert_kernel<__half2, float2>(tensor_layout_any, T1 *, tensor_layout_any, const T2 *)"
3140712806,6144,159826,,,,,,,,,,0.094,15249.961,Pinned,Device,NVIDIA A100-SXM4-40GB MIG 4g.20gb (0),1,,13,[CUDA memcpy Host-to-Device]
3140727142,47231,159827,,,,,,,,,,35.810,758167.626,Device,,NVIDIA A100-SXM4-40GB MIG 4g.20gb (0),1,,13,[CUDA memset]
3140779077,1856,159829,,,,,,,,,,0.000,43.103,Pinned,Device,NVIDIA A100-SXM4-40GB MIG 4g.20gb (0),1,,13,[CUDA memcpy Host-to-Device]
3140783877,10272,159830,,,,,,,,,,0.197,19140.182,Pinned,Device,NVIDIA A100-SXM4-40GB MIG 4g.20gb (0),1,,13,[CUDA memcpy Host-to-Device]
3140800485,9952,159831,273,1,1,48,1,1,40,0.000,0.001,,,,,NVIDIA A100-SXM4-40GB MIG 4g.20gb (0),1,,13,"void pusch_noise_intf_est::noiseIntfEstNoDftSOfdmKernel<float, __half, float, float, (unsigned int)2, (unsigned int)1, (unsigned char)4, (unsigned char)4>(pusch_noise_intf_est::puschRxNoiseIntfEstDynDescr)"
3140814373,4000,159842,35,1,1,128,1,1,16,0.000,0.000,,,,,NVIDIA A100-SXM4-40GB MIG 4g.20gb (0),1,,13,cupy_copy__complex64_complex64
3140830660,2016,159851,1,1,1,1,1,1,18,0.000,0.000,,,,,NVIDIA A100-SXM4-40GB MIG 4g.20gb (0),1,,13,cupy_copy__float32_float32
3140863396,1632,159857,,,,,,,,,,0.000,2.451,Device,Pageable,NVIDIA A100-SXM4-40GB MIG 4g.20gb (0),1,,7,[CUDA memcpy Device-to-Host]
3140922211,12768,159868,1434,1,1,128,1,1,16,0.000,0.000,,,,,NVIDIA A100-SXM4-40GB MIG 4g.20gb (0),1,,13,cupy_copy__complex64_complex64
3140949091,2784,159875,103,1,1,128,1,1,16,0.000,0.000,,,,,NVIDIA A100-SXM4-40GB MIG 4g.20gb (0),1,,13,cupy_copy__complex64_complex64
3140969635,2176,159882,35,1,1,128,1,1,16,0.000,0.000,,,,,NVIDIA A100-SXM4-40GB MIG 4g.20gb (0),1,,13,cupy_copy__complex64_complex64
3140986883,1760,159889,1,1,1,1,1,1,18,0.000,0.000,,,,,NVIDIA A100-SXM4-40GB MIG 4g.20gb (0),1,,13,cupy_copy__float32_float32
3141116993,88319,159900,1,1,1,32,32,1,30,0.000,0.000,,,,,NVIDIA A100-SXM4-40GB MIG 4g.20gb (0),1,,13,"void convert_kernel<__half2, float2>(tensor_layout_any, T1 *, tensor_layout_any, const T2 *)"
3141232512,5407,159903,,,,,,,,,,0.094,17328.607,Pinned,Device,NVIDIA A100-SXM4-40GB MIG 4g.20gb (0),1,,13,[CUDA memcpy Host-to-Device]
3141246751,3424,159904,,,,,,,,,,1.547,451700.819,Device,,NVIDIA A100-SXM4-40GB MIG 4g.20gb (0),1,,13,[CUDA memset]
3141254335,3008,159909,,,,,,,,,,0.031,10404.230,Pinned,Device,NVIDIA A100-SXM4-40GB MIG 4g.20gb (0),1,,13,[CUDA memcpy Host-to-Device]
3141259775,9632,159910,,,,,,,,,,0.197,20411.843,Pinned,Device,NVIDIA A100-SXM4-40GB MIG 4g.20gb (0),1,,13,[CUDA memcpy Host-to-Device]
3141273023,6464,159911,273,1,1,8,4,1,39,0.002,0.000,,,,,NVIDIA A100-SXM4-40GB MIG 4g.20gb (0),1,,13,"void channel_eq::eqMmseCoefCompLowMimoKernel<float, float, float, (unsigned int)4, (unsigned int)1, (unsigned int)4>(const channel_eq::_puschRxChEqStatDescr *, channel_eq::_puschRxChEqCoefCompDynDescr)"
3141281855,5888,159912,273,1,1,12,11,1,51,0.002,0.000,,,,,NVIDIA A100-SXM4-40GB MIG 4g.20gb (0),1,,13,"void channel_eq::eqMmseSoftDemapKernel<float, __half, __half, float, (unsigned int)4, (unsigned short)16383>(channel_eq::_puschRxChEqStatDescr *, channel_eq::_puschRxChEqSoftDemapDynDescr)"
3141289343,294716,159913,1,1,1,32,32,1,30,0.000,0.000,,,,,NVIDIA A100-SXM4-40GB MIG 4g.20gb (0),1,,13,"void convert_kernel<float2, __half2>(tensor_layout_any, T1 *, tensor_layout_any, const T2 *)"
3141585243,11040,159925,2253,1,1,128,1,1,16,0.000,0.000,,,,,NVIDIA A100-SXM4-40GB MIG 4g.20gb (0),1,,13,cupy_copy__float16_float16
3141599579,3616,159934,282,1,1,128,1,1,16,0.000,0.000,,,,,NVIDIA A100-SXM4-40GB MIG 4g.20gb (0),1,,13,cupy_copy__complex64_complex64
3141606171,2112,159943,26,1,1,128,1,1,16,0.000,0.000,,,,,NVIDIA A100-SXM4-40GB MIG 4g.20gb (0),1,,13,cupy_copy__float32_float32
3141609979,3392,159952,103,1,1,128,1,1,16,0.000,0.000,,,,,NVIDIA A100-SXM4-40GB MIG 4g.20gb (0),1,,13,cupy_copy__complex64_complex64
3141614331,11936,159962,1434,1,1,128,1,1,16,0.000,0.000,,,,,NVIDIA A100-SXM4-40GB MIG 4g.20gb (0),1,,13,cupy_copy__complex64_complex64
3141630267,85951,159967,1,1,1,32,32,1,30,0.000,0.000,,,,,NVIDIA A100-SXM4-40GB MIG 4g.20gb (0),1,,13,"void convert_kernel<__half2, float2>(tensor_layout_any, T1 *, tensor_layout_any, const T2 *)"
3141743129,5536,159970,,,,,,,,,,0.094,16924.777,Pinned,Device,NVIDIA A100-SXM4-40GB MIG 4g.20gb (0),1,,13,[CUDA memcpy Host-to-Device]
3141753209,603353,159971,,,,,,,,,,456.561,756522.306,Device,,NVIDIA A100-SXM4-40GB MIG 4g.20gb (0),1,,13,[CUDA memset]
3142365202,68319,159976,,,,,,,,,,1.235,18075.875,Pinned,Device,NVIDIA A100-SXM4-40GB MIG 4g.20gb (0),1,,13,[CUDA memcpy Host-to-Device]
3142437553,14495,159977,,,,,,,,,,0.197,13563.789,Pinned,Device,NVIDIA A100-SXM4-40GB MIG 4g.20gb (0),1,,13,[CUDA memcpy Host-to-Device]
3142462192,8928,159978,69,4,1,48,1,1,76,0.002,0.000,,,,,NVIDIA A100-SXM4-40GB MIG 4g.20gb (0),1,,13,"void ch_est::windowedChEstPreNoDftSOfdmKernel<float, __half, float, (unsigned int)2, (unsigned int)1, (unsigned short)4>(ch_est::puschRxChEstStatDescr_t *, ch_est::puschRxChEstDynDescr_t *)"
3142473104,7776,159979,137,2,1,24,2,1,44,0.001,0.001,,,,,NVIDIA A100-SXM4-40GB MIG 4g.20gb (0),1,,13,"void ch_est::chEstFilterNoDftSOfdmDispatchKernel<float, __half, float, (unsigned int)2>(ch_est::puschRxChEstStatDescr_t *, ch_est::puschRxChEstDynDescr_t *)"
3142483952,5216,159980,137,2,1,24,2,1,44,0.001,0.001,,,,,NVIDIA A100-SXM4-40GB MIG 4g.20gb (0),1,,13,"void ch_est::chEstFilterNoDftSOfdmDispatchKernel<float, __half, float, (unsigned int)2>(ch_est::puschRxChEstStatDescr_t *, ch_est::puschRxChEstDynDescr_t *)"
3142494096,2528,159991,103,1,1,128,1,1,16,0.000,0.000,,,,,NVIDIA A100-SXM4-40GB MIG 4g.20gb (0),1,,13,cupy_copy__complex64_complex64
3142500784,12576,160001,1434,1,1,128,1,1,16,0.000,0.000,,,,,NVIDIA A100-SXM4-40GB MIG 4g.20gb (0),1,,13,cupy_copy__complex64_complex64
3142515344,2720,160008,103,1,1,128,1,1,16,0.000,0.000,,,,,NVIDIA A100-SXM4-40GB MIG 4g.20gb (0),1,,13,cupy_copy__complex64_complex64
3142520144,84351,160015,1,1,1,32,32,1,30,0.000,0.000,,,,,NVIDIA A100-SXM4-40GB MIG 4g.20gb (0),1,,13,"void convert_kernel<__half2, float2>(tensor_layout_any, T1 *, tensor_layout_any, const T2 *)"
3142632622,7264,160018,,,,,,,,,,0.094,12898.660,Pinned,Device,NVIDIA A100-SXM4-40GB MIG 4g.20gb (0),1,,13,[CUDA memcpy Host-to-Device]
3142648334,47967,160019,,,,,,,,,,35.810,746529.402,Device,,NVIDIA A100-SXM4-40GB MIG 4g.20gb (0),1,,13,[CUDA memset]
3142697965,3296,160021,,,,,,,,,,0.000,24.272,Pinned,Device,NVIDIA A100-SXM4-40GB MIG 4g.20gb (0),1,,13,[CUDA memcpy Host-to-Device]
3142704013,11584,160022,,,,,,,,,,0.197,16972.186,Pinned,Device,NVIDIA A100-SXM4-40GB MIG 4g.20gb (0),1,,13,[CUDA memcpy Host-to-Device]
3142721101,13536,160023,273,1,1,48,1,1,40,0.000,0.001,,,,,NVIDIA A100-SXM4-40GB MIG 4g.20gb (0),1,,13,"void pusch_noise_intf_est::noiseIntfEstNoDftSOfdmKernel<float, __half, float, float, (unsigned int)2, (unsigned int)1, (unsigned char)4, (unsigned char)4>(pusch_noise_intf_est::puschRxNoiseIntfEstDynDescr)"
3142738413,2816,160034,35,1,1,128,1,1,16,0.000,0.000,,,,,NVIDIA A100-SXM4-40GB MIG 4g.20gb (0),1,,13,cupy_copy__complex64_complex64
3142751981,1920,160043,1,1,1,1,1,1,18,0.000,0.000,,,,,NVIDIA A100-SXM4-40GB MIG 4g.20gb (0),1,,13,cupy_copy__float32_float32
3142783500,1600,160049,,,,,,,,,,0.000,2.500,Device,Pageable,NVIDIA A100-SXM4-40GB MIG 4g.20gb (0),1,,7,[CUDA memcpy Device-to-Host]
3142849132,12767,160060,1434,1,1,128,1,1,16,0.000,0.000,,,,,NVIDIA A100-SXM4-40GB MIG 4g.20gb (0),1,,13,cupy_copy__complex64_complex64
3142877643,2848,160067,103,1,1,128,1,1,16,0.000,0.000,,,,,NVIDIA A100-SXM4-40GB MIG 4g.20gb (0),1,,13,cupy_copy__complex64_complex64
3142898987,2336,160074,35,1,1,128,1,1,16,0.000,0.000,,,,,NVIDIA A100-SXM4-40GB MIG 4g.20gb (0),1,,13,cupy_copy__complex64_complex64
3142916011,1792,160081,1,1,1,1,1,1,18,0.000,0.000,,,,,NVIDIA A100-SXM4-40GB MIG 4g.20gb (0),1,,13,cupy_copy__float32_float32
3143046473,82655,160092,1,1,1,32,32,1,30,0.000,0.000,,,,,NVIDIA A100-SXM4-40GB MIG 4g.20gb (0),1,,13,"void convert_kernel<__half2, float2>(tensor_layout_any, T1 *, tensor_layout_any, const T2 *)"
3143156264,5408,160095,,,,,,,,,,0.094,17325.421,Pinned,Device,NVIDIA A100-SXM4-40GB MIG 4g.20gb (0),1,,13,[CUDA memcpy Host-to-Device]
3143170728,3424,160096,,,,,,,,,,1.547,451700.819,Device,,NVIDIA A100-SXM4-40GB MIG 4g.20gb (0),1,,13,[CUDA memset]
3143179399,3008,160101,,,,,,,,,,0.031,10404.230,Pinned,Device,NVIDIA A100-SXM4-40GB MIG 4g.20gb (0),1,,13,[CUDA memcpy Host-to-Device]
3143184551,9472,160102,,,,,,,,,,0.197,20756.693,Pinned,Device,NVIDIA A100-SXM4-40GB MIG 4g.20gb (0),1,,13,[CUDA memcpy Host-to-Device]
3143199687,6496,160103,273,1,1,8,4,1,39,0.002,0.000,,,,,NVIDIA A100-SXM4-40GB MIG 4g.20gb (0),1,,13,"void channel_eq::eqMmseCoefCompLowMimoKernel<float, float, float, (unsigned int)4, (unsigned int)1, (unsigned int)4>(const channel_eq::_puschRxChEqStatDescr *, channel_eq::_puschRxChEqCoefCompDynDescr)"
3143209575,5472,160104,273,1,1,12,11,1,51,0.002,0.000,,,,,NVIDIA A100-SXM4-40GB MIG 4g.20gb (0),1,,13,"void channel_eq::eqMmseSoftDemapKernel<float, __half, __half, float, (unsigned int)4, (unsigned short)16383>(channel_eq::_puschRxChEqStatDescr *, channel_eq::_puschRxChEqSoftDemapDynDescr)"
3143216135,289948,160105,1,1,1,32,32,1,30,0.000,0.000,,,,,NVIDIA A100-SXM4-40GB MIG 4g.20gb (0),1,,13,"void convert_kernel<float2, __half2>(tensor_layout_any, T1 *, tensor_layout_any, const T2 *)"
3143507075,10848,160117,2253,1,1,128,1,1,16,0.000,0.000,,,,,NVIDIA A100-SXM4-40GB MIG 4g.20gb (0),1,,13,cupy_copy__float16_float16
3143519747,3904,160126,282,1,1,128,1,1,16,0.000,0.000,,,,,NVIDIA A100-SXM4-40GB MIG 4g.20gb (0),1,,13,cupy_copy__complex64_complex64
3143526339,2624,160135,26,1,1,128,1,1,16,0.000,0.000,,,,,NVIDIA A100-SXM4-40GB MIG 4g.20gb (0),1,,13,cupy_copy__float32_float32
3143530947,2976,160144,103,1,1,128,1,1,16,0.000,0.000,,,,,NVIDIA A100-SXM4-40GB MIG 4g.20gb (0),1,,13,cupy_copy__complex64_complex64
3143535235,12256,160154,1434,1,1,128,1,1,16,0.000,0.000,,,,,NVIDIA A100-SXM4-40GB MIG 4g.20gb (0),1,,13,cupy_copy__complex64_complex64
3143548739,81791,160159,1,1,1,32,32,1,30,0.000,0.000,,,,,NVIDIA A100-SXM4-40GB MIG 4g.20gb (0),1,,13,"void convert_kernel<__half2, float2>(tensor_layout_any, T1 *, tensor_layout_any, const T2 *)"
3143657250,5375,160162,,,,,,,,,,0.094,17431.766,Pinned,Device,NVIDIA A100-SXM4-40GB MIG 4g.20gb (0),1,,13,[CUDA memcpy Host-to-Device]
3143667745,606489,160163,,,,,,,,,,456.561,752413.253,Device,,NVIDIA A100-SXM4-40GB MIG 4g.20gb (0),1,,13,[CUDA memset]
3144281082,72447,160168,,,,,,,,,,1.235,17045.932,Pinned,Device,NVIDIA A100-SXM4-40GB MIG 4g.20gb (0),1,,13,[CUDA memcpy Host-to-Device]
3144356569,14560,160169,,,,,,,,,,0.197,13503.234,Pinned,Device,NVIDIA A100-SXM4-40GB MIG 4g.20gb (0),1,,13,[CUDA memcpy Host-to-Device]
3144378713,8288,160170,69,4,1,48,1,1,76,0.002,0.000,,,,,NVIDIA A100-SXM4-40GB MIG 4g.20gb (0),1,,13,"void ch_est::windowedChEstPreNoDftSOfdmKernel<float, __half, float, (unsigned int)2, (unsigned int)1, (unsigned short)4>(ch_est::puschRxChEstStatDescr_t *, ch_est::puschRxChEstDynDescr_t *)"
3144389433,6527,160171,137,2,1,24,2,1,44,0.001,0.001,,,,,NVIDIA A100-SXM4-40GB MIG 4g.20gb (0),1,,13,"void ch_est::chEstFilterNoDftSOfdmDispatchKernel<float, __half, float, (unsigned int)2>(ch_est::puschRxChEstStatDescr_t *, ch_est::puschRxChEstDynDescr_t *)"
3144400600,5344,160172,137,2,1,24,2,1,44,0.001,0.001,,,,,NVIDIA A100-SXM4-40GB MIG 4g.20gb (0),1,,13,"void ch_est::chEstFilterNoDftSOfdmDispatchKernel<float, __half, float, (unsigned int)2>(ch_est::puschRxChEstStatDescr_t *, ch_est::puschRxChEstDynDescr_t *)"
3144412152,2752,160183,103,1,1,128,1,1,16,0.000,0.000,,,,,NVIDIA A100-SXM4-40GB MIG 4g.20gb (0),1,,13,cupy_copy__complex64_complex64
3144418168,12736,160193,1434,1,1,128,1,1,16,0.000,0.000,,,,,NVIDIA A100-SXM4-40GB MIG 4g.20gb (0),1,,13,cupy_copy__complex64_complex64
3144432568,2720,160200,103,1,1,128,1,1,16,0.000,0.000,,,,,NVIDIA A100-SXM4-40GB MIG 4g.20gb (0),1,,13,cupy_copy__complex64_complex64
3144438840,83551,160207,1,1,1,32,32,1,30,0.000,0.000,,,,,NVIDIA A100-SXM4-40GB MIG 4g.20gb (0),1,,13,"void convert_kernel<__half2, float2>(tensor_layout_any, T1 *, tensor_layout_any, const T2 *)"
3144551286,7456,160210,,,,,,,,,,0.094,12566.508,Pinned,Device,NVIDIA A100-SXM4-40GB MIG 4g.20gb (0),1,,13,[CUDA memcpy Host-to-Device]
3144565110,47744,160211,,,,,,,,,,35.810,750038.774,Device,,NVIDIA A100-SXM4-40GB MIG 4g.20gb (0),1,,13,[CUDA memset]
3144620022,2208,160213,,,,,,,,,,0.000,36.232,Pinned,Device,NVIDIA A100-SXM4-40GB MIG 4g.20gb (0),1,,13,[CUDA memcpy Host-to-Device]
3144625238,10847,160214,,,,,,,,,,0.197,18125.488,Pinned,Device,NVIDIA A100-SXM4-40GB MIG 4g.20gb (0),1,,13,[CUDA memcpy Host-to-Device]
3144643157,10016,160215,273,1,1,48,1,1,40,0.000,0.001,,,,,NVIDIA A100-SXM4-40GB MIG 4g.20gb (0),1,,13,"void pusch_noise_intf_est::noiseIntfEstNoDftSOfdmKernel<float, __half, float, float, (unsigned int)2, (unsigned int)1, (unsigned char)4, (unsigned char)4>(pusch_noise_intf_est::puschRxNoiseIntfEstDynDescr)"
3144656789,2976,160226,35,1,1,128,1,1,16,0.000,0.000,,,,,NVIDIA A100-SXM4-40GB MIG 4g.20gb (0),1,,13,cupy_copy__complex64_complex64
3144669557,2016,160235,1,1,1,1,1,1,18,0.000,0.000,,,,,NVIDIA A100-SXM4-40GB MIG 4g.20gb (0),1,,13,cupy_copy__float32_float32
3144704853,1568,160241,,,,,,,,,,0.000,2.551,Device,Pageable,NVIDIA A100-SXM4-40GB MIG 4g.20gb (0),1,,7,[CUDA memcpy Device-to-Host]
3144764596,12704,160252,1434,1,1,128,1,1,16,0.000,0.000,,,,,NVIDIA A100-SXM4-40GB MIG 4g.20gb (0),1,,13,cupy_copy__complex64_complex64
3144793300,2623,160259,103,1,1,128,1,1,16,0.000,0.000,,,,,NVIDIA A100-SXM4-40GB MIG 4g.20gb (0),1,,13,cupy_copy__complex64_complex64
3144812051,2560,160266,35,1,1,128,1,1,16,0.000,0.000,,,,,NVIDIA A100-SXM4-40GB MIG 4g.20gb (0),1,,13,cupy_copy__complex64_complex64
3144829907,1792,160273,1,1,1,1,1,1,18,0.000,0.000,,,,,NVIDIA A100-SXM4-40GB MIG 4g.20gb (0),1,,13,cupy_copy__float32_float32
3144961009,82815,160284,1,1,1,32,32,1,30,0.000,0.000,,,,,NVIDIA A100-SXM4-40GB MIG 4g.20gb (0),1,,13,"void convert_kernel<__half2, float2>(tensor_layout_any, T1 *, tensor_layout_any, const T2 *)"
3145071664,5440,160287,,,,,,,,,,0.094,17223.480,Pinned,Device,NVIDIA A100-SXM4-40GB MIG 4g.20gb (0),1,,13,[CUDA memcpy Host-to-Device]
3145089424,3072,160288,,,,,,,,,,1.547,503457.044,Device,,NVIDIA A100-SXM4-40GB MIG 4g.20gb (0),1,,13,[CUDA memset]
3145097392,3392,160293,,,,,,,,,,0.031,9226.405,Pinned,Device,NVIDIA A100-SXM4-40GB MIG 4g.20gb (0),1,,13,[CUDA memcpy Host-to-Device]
3145103216,9728,160294,,,,,,,,,,0.197,20210.516,Pinned,Device,NVIDIA A100-SXM4-40GB MIG 4g.20gb (0),1,,13,[CUDA memcpy Host-to-Device]
3145117360,6271,160295,273,1,1,8,4,1,39,0.002,0.000,,,,,NVIDIA A100-SXM4-40GB MIG 4g.20gb (0),1,,13,"void channel_eq::eqMmseCoefCompLowMimoKernel<float, float, float, (unsigned int)4, (unsigned int)1, (unsigned int)4>(const channel_eq::_puschRxChEqStatDescr *, channel_eq::_puschRxChEqCoefCompDynDescr)"
3145125615,5888,160296,273,1,1,12,11,1,51,0.002,0.000,,,,,NVIDIA A100-SXM4-40GB MIG 4g.20gb (0),1,,13,"void channel_eq::eqMmseSoftDemapKernel<float, __half, __half, float, (unsigned int)4, (unsigned short)16383>(channel_eq::_puschRxChEqStatDescr *, channel_eq::_puschRxChEqSoftDemapDynDescr)"
3145132527,282525,160297,1,1,1,32,32,1,30,0.000,0.000,,,,,NVIDIA A100-SXM4-40GB MIG 4g.20gb (0),1,,13,"void convert_kernel<float2, __half2>(tensor_layout_any, T1 *, tensor_layout_any, const T2 *)"
3145416044,10976,160309,2253,1,1,128,1,1,16,0.000,0.000,,,,,NVIDIA A100-SXM4-40GB MIG 4g.20gb (0),1,,13,cupy_copy__float16_float16
3145430252,3648,160318,282,1,1,128,1,1,16,0.000,0.000,,,,,NVIDIA A100-SXM4-40GB MIG 4g.20gb (0),1,,13,cupy_copy__complex64_complex64
3145435052,2080,160327,26,1,1,128,1,1,16,0.000,0.000,,,,,NVIDIA A100-SXM4-40GB MIG 4g.20gb (0),1,,13,cupy_copy__float32_float32
3145438284,3167,160336,103,1,1,128,1,1,16,0.000,0.000,,,,,NVIDIA A100-SXM4-40GB MIG 4g.20gb (0),1,,13,cupy_copy__complex64_complex64
3145444107,12128,160346,1434,1,1,128,1,1,16,0.000,0.000,,,,,NVIDIA A100-SXM4-40GB MIG 4g.20gb (0),1,,13,cupy_copy__complex64_complex64
3145461067,81951,160351,1,1,1,32,32,1,30,0.000,0.000,,,,,NVIDIA A100-SXM4-40GB MIG 4g.20gb (0),1,,13,"void convert_kernel<__half2, float2>(tensor_layout_any, T1 *, tensor_layout_any, const T2 *)"
3145569930,5536,160354,,,,,,,,,,0.094,16924.777,Pinned,Device,NVIDIA A100-SXM4-40GB MIG 4g.20gb (0),1,,13,[CUDA memcpy Host-to-Device]
3145579370,606904,160355,,,,,,,,,,456.561,751956.692,Device,,NVIDIA A100-SXM4-40GB MIG 4g.20gb (0),1,,13,[CUDA memset]
3146194626,71679,160360,,,,,,,,,,1.235,17228.704,Pinned,Device,NVIDIA A100-SXM4-40GB MIG 4g.20gb (0),1,,13,[CUDA memcpy Host-to-Device]
3146271745,15328,160361,,,,,,,,,,0.197,12826.706,Pinned,Device,NVIDIA A100-SXM4-40GB MIG 4g.20gb (0),1,,13,[CUDA memcpy Host-to-Device]
3146296033,7680,160362,69,4,1,48,1,1,76,0.002,0.000,,,,,NVIDIA A100-SXM4-40GB MIG 4g.20gb (0),1,,13,"void ch_est::windowedChEstPreNoDftSOfdmKernel<float, __half, float, (unsigned int)2, (unsigned int)1, (unsigned short)4>(ch_est::puschRxChEstStatDescr_t *, ch_est::puschRxChEstDynDescr_t *)"
3146307329,7520,160363,137,2,1,24,2,1,44,0.001,0.001,,,,,NVIDIA A100-SXM4-40GB MIG 4g.20gb (0),1,,13,"void ch_est::chEstFilterNoDftSOfdmDispatchKernel<float, __half, float, (unsigned int)2>(ch_est::puschRxChEstStatDescr_t *, ch_est::puschRxChEstDynDescr_t *)"
3146319649,6496,160364,137,2,1,24,2,1,44,0.001,0.001,,,,,NVIDIA A100-SXM4-40GB MIG 4g.20gb (0),1,,13,"void ch_est::chEstFilterNoDftSOfdmDispatchKernel<float, __half, float, (unsigned int)2>(ch_est::puschRxChEstStatDescr_t *, ch_est::puschRxChEstDynDescr_t *)"
3146331424,3008,160375,103,1,1,128,1,1,16,0.000,0.000,,,,,NVIDIA A100-SXM4-40GB MIG 4g.20gb (0),1,,13,cupy_copy__complex64_complex64
3146337248,12704,160385,1434,1,1,128,1,1,16,0.000,0.000,,,,,NVIDIA A100-SXM4-40GB MIG 4g.20gb (0),1,,13,cupy_copy__complex64_complex64
3146357312,2592,160392,103,1,1,128,1,1,16,0.000,0.000,,,,,NVIDIA A100-SXM4-40GB MIG 4g.20gb (0),1,,13,cupy_copy__complex64_complex64
3146363392,83359,160399,1,1,1,32,32,1,30,0.000,0.000,,,,,NVIDIA A100-SXM4-40GB MIG 4g.20gb (0),1,,13,"void convert_kernel<__half2, float2>(tensor_layout_any, T1 *, tensor_layout_any, const T2 *)"
3146474399,8576,160402,,,,,,,,,,0.094,10925.328,Pinned,Device,NVIDIA A100-SXM4-40GB MIG 4g.20gb (0),1,,13,[CUDA memcpy Host-to-Device]
3146488927,47007,160403,,,,,,,,,,35.810,761784.428,Device,,NVIDIA A100-SXM4-40GB MIG 4g.20gb (0),1,,13,[CUDA memset]
3146538046,3136,160405,,,,,,,,,,0.000,25.510,Pinned,Device,NVIDIA A100-SXM4-40GB MIG 4g.20gb (0),1,,13,[CUDA memcpy Host-to-Device]
3146544926,12448,160406,,,,,,,,,,0.197,15794.307,Pinned,Device,NVIDIA A100-SXM4-40GB MIG 4g.20gb (0),1,,13,[CUDA memcpy Host-to-Device]
3146565086,12735,160407,273,1,1,48,1,1,40,0.000,0.001,,,,,NVIDIA A100-SXM4-40GB MIG 4g.20gb (0),1,,13,"void pusch_noise_intf_est::noiseIntfEstNoDftSOfdmKernel<float, __half, float, float, (unsigned int)2, (unsigned int)1, (unsigned char)4, (unsigned char)4>(pusch_noise_intf_est::puschRxNoiseIntfEstDynDescr)"
3146579869,2912,160418,35,1,1,128,1,1,16,0.000,0.000,,,,,NVIDIA A100-SXM4-40GB MIG 4g.20gb (0),1,,13,cupy_copy__complex64_complex64
3146591837,1984,160427,1,1,1,1,1,1,18,0.000,0.000,,,,,NVIDIA A100-SXM4-40GB MIG 4g.20gb (0),1,,13,cupy_copy__float32_float32
3146623741,1888,160433,,,,,,,,,,0.000,2.119,Device,Pageable,NVIDIA A100-SXM4-40GB MIG 4g.20gb (0),1,,7,[CUDA memcpy Device-to-Host]
3146683100,13056,160444,1434,1,1,128,1,1,16,0.000,0.000,,,,,NVIDIA A100-SXM4-40GB MIG 4g.20gb (0),1,,13,cupy_copy__complex64_complex64
3146709468,3488,160451,103,1,1,128,1,1,16,0.000,0.000,,,,,NVIDIA A100-SXM4-40GB MIG 4g.20gb (0),1,,13,cupy_copy__complex64_complex64
3146730268,2272,160458,35,1,1,128,1,1,16,0.000,0.000,,,,,NVIDIA A100-SXM4-40GB MIG 4g.20gb (0),1,,13,cupy_copy__complex64_complex64
3146750203,1760,160465,1,1,1,1,1,1,18,0.000,0.000,,,,,NVIDIA A100-SXM4-40GB MIG 4g.20gb (0),1,,13,cupy_copy__float32_float32
3146885946,87103,160476,1,1,1,32,32,1,30,0.000,0.000,,,,,NVIDIA A100-SXM4-40GB MIG 4g.20gb (0),1,,13,"void convert_kernel<__half2, float2>(tensor_layout_any, T1 *, tensor_layout_any, const T2 *)"
3147001784,5408,160479,,,,,,,,,,0.094,17325.421,Pinned,Device,NVIDIA A100-SXM4-40GB MIG 4g.20gb (0),1,,13,[CUDA memcpy Host-to-Device]
3147015960,3264,160480,,,,,,,,,,1.547,473842.288,Device,,NVIDIA A100-SXM4-40GB MIG 4g.20gb (0),1,,13,[CUDA memset]
3147022808,3072,160485,,,,,,,,,,0.031,10187.474,Pinned,Device,NVIDIA A100-SXM4-40GB MIG 4g.20gb (0),1,,13,[CUDA memcpy Host-to-Device]
3147028312,9408,160486,,,,,,,,,,0.197,20897.858,Pinned,Device,NVIDIA A100-SXM4-40GB MIG 4g.20gb (0),1,,13,[CUDA memcpy Host-to-Device]
3147042840,6656,160487,273,1,1,8,4,1,39,0.002,0.000,,,,,NVIDIA A100-SXM4-40GB MIG 4g.20gb (0),1,,13,"void channel_eq::eqMmseCoefCompLowMimoKernel<float, float, float, (unsigned int)4, (unsigned int)1, (unsigned int)4>(const channel_eq::_puschRxChEqStatDescr *, channel_eq::_puschRxChEqCoefCompDynDescr)"
3147050584,5696,160488,273,1,1,12,11,1,51,0.002,0.000,,,,,NVIDIA A100-SXM4-40GB MIG 4g.20gb (0),1,,13,"void channel_eq::eqMmseSoftDemapKernel<float, __half, __half, float, (unsigned int)4, (unsigned short)16383>(channel_eq::_puschRxChEqStatDescr *, channel_eq::_puschRxChEqSoftDemapDynDescr)"
3147057304,282428,160489,1,1,1,32,32,1,30,0.000,0.000,,,,,NVIDIA A100-SXM4-40GB MIG 4g.20gb (0),1,,13,"void convert_kernel<float2, __half2>(tensor_layout_any, T1 *, tensor_layout_any, const T2 *)"
3147340852,10912,160501,2253,1,1,128,1,1,16,0.000,0.000,,,,,NVIDIA A100-SXM4-40GB MIG 4g.20gb (0),1,,13,cupy_copy__float16_float16
3147353684,3808,160510,282,1,1,128,1,1,16,0.000,0.000,,,,,NVIDIA A100-SXM4-40GB MIG 4g.20gb (0),1,,13,cupy_copy__complex64_complex64
3147359156,2144,160519,26,1,1,128,1,1,16,0.000,0.000,,,,,NVIDIA A100-SXM4-40GB MIG 4g.20gb (0),1,,13,cupy_copy__float32_float32
3147363284,3456,160528,103,1,1,128,1,1,16,0.000,0.000,,,,,NVIDIA A100-SXM4-40GB MIG 4g.20gb (0),1,,13,cupy_copy__complex64_complex64
3147369460,12064,160538,1434,1,1,128,1,1,16,0.000,0.000,,,,,NVIDIA A100-SXM4-40GB MIG 4g.20gb (0),1,,13,cupy_copy__complex64_complex64
3147389331,82175,160543,1,1,1,32,32,1,30,0.000,0.000,,,,,NVIDIA A100-SXM4-40GB MIG 4g.20gb (0),1,,13,"void convert_kernel<__half2, float2>(tensor_layout_any, T1 *, tensor_layout_any, const T2 *)"
3147498578,5536,160546,,,,,,,,,,0.094,16924.777,Pinned,Device,NVIDIA A100-SXM4-40GB MIG 4g.20gb (0),1,,13,[CUDA memcpy Host-to-Device]
3147509362,600249,160547,,,,,,,,,,456.561,760174.798,Device,,NVIDIA A100-SXM4-40GB MIG 4g.20gb (0),1,,13,[CUDA memset]
3148113866,67936,160552,,,,,,,,,,1.235,18177.141,Pinned,Device,NVIDIA A100-SXM4-40GB MIG 4g.20gb (0),1,,13,[CUDA memcpy Host-to-Device]
3148186602,14751,160553,,,,,,,,,,0.197,13328.450,Pinned,Device,NVIDIA A100-SXM4-40GB MIG 4g.20gb (0),1,,13,[CUDA memcpy Host-to-Device]
3148208649,8288,160554,69,4,1,48,1,1,76,0.002,0.000,,,,,NVIDIA A100-SXM4-40GB MIG 4g.20gb (0),1,,13,"void ch_est::windowedChEstPreNoDftSOfdmKernel<float, __half, float, (unsigned int)2, (unsigned int)1, (unsigned short)4>(ch_est::puschRxChEstStatDescr_t *, ch_est::puschRxChEstDynDescr_t *)"
3148219881,6560,160555,137,2,1,24,2,1,44,0.001,0.001,,,,,NVIDIA A100-SXM4-40GB MIG 4g.20gb (0),1,,13,"void ch_est::chEstFilterNoDftSOfdmDispatchKernel<float, __half, float, (unsigned int)2>(ch_est::puschRxChEstStatDescr_t *, ch_est::puschRxChEstDynDescr_t *)"
3148230441,5408,160556,137,2,1,24,2,1,44,0.001,0.001,,,,,NVIDIA A100-SXM4-40GB MIG 4g.20gb (0),1,,13,"void ch_est::chEstFilterNoDftSOfdmDispatchKernel<float, __half, float, (unsigned int)2>(ch_est::puschRxChEstStatDescr_t *, ch_est::puschRxChEstDynDescr_t *)"
3148242089,2784,160567,103,1,1,128,1,1,16,0.000,0.000,,,,,NVIDIA A100-SXM4-40GB MIG 4g.20gb (0),1,,13,cupy_copy__complex64_complex64
3148247689,12544,160577,1434,1,1,128,1,1,16,0.000,0.000,,,,,NVIDIA A100-SXM4-40GB MIG 4g.20gb (0),1,,13,cupy_copy__complex64_complex64
3148264137,2592,160584,103,1,1,128,1,1,16,0.000,0.000,,,,,NVIDIA A100-SXM4-40GB MIG 4g.20gb (0),1,,13,cupy_copy__complex64_complex64
3148270313,83198,160591,1,1,1,32,32,1,30,0.000,0.000,,,,,NVIDIA A100-SXM4-40GB MIG 4g.20gb (0),1,,13,"void convert_kernel<__half2, float2>(tensor_layout_any, T1 *, tensor_layout_any, const T2 *)"
3148382439,9152,160594,,,,,,,,,,0.094,10237.693,Pinned,Device,NVIDIA A100-SXM4-40GB MIG 4g.20gb (0),1,,13,[CUDA memcpy Host-to-Device]
3148397735,47583,160595,,,,,,,,,,35.810,752545.469,Device,,NVIDIA A100-SXM4-40GB MIG 4g.20gb (0),1,,13,[CUDA memset]
3148450022,3040,160597,,,,,,,,,,0.000,26.316,Pinned,Device,NVIDIA A100-SXM4-40GB MIG 4g.20gb (0),1,,13,[CUDA memcpy Host-to-Device]
3148456486,15392,160598,,,,,,,,,,0.197,12773.229,Pinned,Device,NVIDIA A100-SXM4-40GB MIG 4g.20gb (0),1,,13,[CUDA memcpy Host-to-Device]
3148477990,12352,160599,273,1,1,48,1,1,40,0.000,0.001,,,,,NVIDIA A100-SXM4-40GB MIG 4g.20gb (0),1,,13,"void pusch_noise_intf_est::noiseIntfEstNoDftSOfdmKernel<float, __half, float, float, (unsigned int)2, (unsigned int)1, (unsigned char)4, (unsigned char)4>(pusch_noise_intf_est::puschRxNoiseIntfEstDynDescr)"
3148493254,3008,160610,35,1,1,128,1,1,16,0.000,0.000,,,,,NVIDIA A100-SXM4-40GB MIG 4g.20gb (0),1,,13,cupy_copy__complex64_complex64
3148501958,2048,160619,1,1,1,1,1,1,18,0.000,0.000,,,,,NVIDIA A100-SXM4-40GB MIG 4g.20gb (0),1,,13,cupy_copy__float32_float32
3148531557,1984,160625,,,,,,,,,,0.000,2.016,Device,Pageable,NVIDIA A100-SXM4-40GB MIG 4g.20gb (0),1,,7,[CUDA memcpy Device-to-Host]
3148592709,12735,160636,1434,1,1,128,1,1,16,0.000,0.000,,,,,NVIDIA A100-SXM4-40GB MIG 4g.20gb (0),1,,13,cupy_copy__complex64_complex64
3148618788,3040,160643,103,1,1,128,1,1,16,0.000,0.000,,,,,NVIDIA A100-SXM4-40GB MIG 4g.20gb (0),1,,13,cupy_copy__complex64_complex64
3148638692,2624,160650,35,1,1,128,1,1,16,0.000,0.000,,,,,NVIDIA A100-SXM4-40GB MIG 4g.20gb (0),1,,13,cupy_copy__complex64_complex64
3148657316,1824,160657,1,1,1,1,1,1,18,0.000,0.000,,,,,NVIDIA A100-SXM4-40GB MIG 4g.20gb (0),1,,13,cupy_copy__float32_float32
3148791074,83295,160668,1,1,1,32,32,1,30,0.000,0.000,,,,,NVIDIA A100-SXM4-40GB MIG 4g.20gb (0),1,,13,"void convert_kernel<__half2, float2>(tensor_layout_any, T1 *, tensor_layout_any, const T2 *)"
3148901921,5440,160671,,,,,,,,,,0.094,17223.480,Pinned,Device,NVIDIA A100-SXM4-40GB MIG 4g.20gb (0),1,,13,[CUDA memcpy Host-to-Device]
3148918145,3167,160672,,,,,,,,,,1.547,488355.808,Device,,NVIDIA A100-SXM4-40GB MIG 4g.20gb (0),1,,13,[CUDA memset]
3148923392,3200,160677,,,,,,,,,,0.031,9780.000,Pinned,Device,NVIDIA A100-SXM4-40GB MIG 4g.20gb (0),1,,13,[CUDA memcpy Host-to-Device]
3148929024,9664,160678,,,,,,,,,,0.197,20344.209,Pinned,Device,NVIDIA A100-SXM4-40GB MIG 4g.20gb (0),1,,13,[CUDA memcpy Host-to-Device]
3148943328,6688,160679,273,1,1,8,4,1,39,0.002,0.000,,,,,NVIDIA A100-SXM4-40GB MIG 4g.20gb (0),1,,13,"void channel_eq::eqMmseCoefCompLowMimoKernel<float, float, float, (unsigned int)4, (unsigned int)1, (unsigned int)4>(const channel_eq::_puschRxChEqStatDescr *, channel_eq::_puschRxChEqCoefCompDynDescr)"
3148951008,7168,160680,273,1,1,12,11,1,51,0.002,0.000,,,,,NVIDIA A100-SXM4-40GB MIG 4g.20gb (0),1,,13,"void channel_eq::eqMmseSoftDemapKernel<float, __half, __half, float, (unsigned int)4, (unsigned short)16383>(channel_eq::_puschRxChEqStatDescr *, channel_eq::_puschRxChEqSoftDemapDynDescr)"
3148959136,282397,160681,1,1,1,32,32,1,30,0.000,0.000,,,,,NVIDIA A100-SXM4-40GB MIG 4g.20gb (0),1,,13,"void convert_kernel<float2, __half2>(tensor_layout_any, T1 *, tensor_layout_any, const T2 *)"
3149243836,10848,160693,2253,1,1,128,1,1,16,0.000,0.000,,,,,NVIDIA A100-SXM4-40GB MIG 4g.20gb (0),1,,13,cupy_copy__float16_float16
3149258492,3456,160702,282,1,1,128,1,1,16,0.000,0.000,,,,,NVIDIA A100-SXM4-40GB MIG 4g.20gb (0),1,,13,cupy_copy__complex64_complex64
3149264284,2080,160711,26,1,1,128,1,1,16,0.000,0.000,,,,,NVIDIA A100-SXM4-40GB MIG 4g.20gb (0),1,,13,cupy_copy__float32_float32
3149268284,3712,160720,103,1,1,128,1,1,16,0.000,0.000,,,,,NVIDIA A100-SXM4-40GB MIG 4g.20gb (0),1,,13,cupy_copy__complex64_complex64
3149273020,12032,160730,1434,1,1,128,1,1,16,0.000,0.000,,,,,NVIDIA A100-SXM4-40GB MIG 4g.20gb (0),1,,13,cupy_copy__complex64_complex64
3149289276,82847,160735,1,1,1,32,32,1,30,0.000,0.000,,,,,NVIDIA A100-SXM4-40GB MIG 4g.20gb (0),1,,13,"void convert_kernel<__half2, float2>(tensor_layout_any, T1 *, tensor_layout_any, const T2 *)"
3149398779,5344,160738,,,,,,,,,,0.094,17532.864,Pinned,Device,NVIDIA A100-SXM4-40GB MIG 4g.20gb (0),1,,13,[CUDA memcpy Host-to-Device]
3149408986,599801,160739,,,,,,,,,,456.561,761087.920,Device,,NVIDIA A100-SXM4-40GB MIG 4g.20gb (0),1,,13,[CUDA memset]
3150013043,69887,160744,,,,,,,,,,1.235,17669.579,Pinned,Device,NVIDIA A100-SXM4-40GB MIG 4g.20gb (0),1,,13,[CUDA memcpy Host-to-Device]
3150085906,14528,160745,,,,,,,,,,0.197,13532.922,Pinned,Device,NVIDIA A100-SXM4-40GB MIG 4g.20gb (0),1,,13,[CUDA memcpy Host-to-Device]
3150108114,8032,160746,69,4,1,48,1,1,76,0.002,0.000,,,,,NVIDIA A100-SXM4-40GB MIG 4g.20gb (0),1,,13,"void ch_est::windowedChEstPreNoDftSOfdmKernel<float, __half, float, (unsigned int)2, (unsigned int)1, (unsigned short)4>(ch_est::puschRxChEstStatDescr_t *, ch_est::puschRxChEstDynDescr_t *)"
3150119666,6848,160747,137,2,1,24,2,1,44,0.001,0.001,,,,,NVIDIA A100-SXM4-40GB MIG 4g.20gb (0),1,,13,"void ch_est::chEstFilterNoDftSOfdmDispatchKernel<float, __half, float, (unsigned int)2>(ch_est::puschRxChEstStatDescr_t *, ch_est::puschRxChEstDynDescr_t *)"
3150130834,5439,160748,137,2,1,24,2,1,44,0.001,0.001,,,,,NVIDIA A100-SXM4-40GB MIG 4g.20gb (0),1,,13,"void ch_est::chEstFilterNoDftSOfdmDispatchKernel<float, __half, float, (unsigned int)2>(ch_est::puschRxChEstStatDescr_t *, ch_est::puschRxChEstDynDescr_t *)"
3150141201,2560,160759,103,1,1,128,1,1,16,0.000,0.000,,,,,NVIDIA A100-SXM4-40GB MIG 4g.20gb (0),1,,13,cupy_copy__complex64_complex64
3150147633,12832,160769,1434,1,1,128,1,1,16,0.000,0.000,,,,,NVIDIA A100-SXM4-40GB MIG 4g.20gb (0),1,,13,cupy_copy__complex64_complex64
3150163057,2656,160776,103,1,1,128,1,1,16,0.000,0.000,,,,,NVIDIA A100-SXM4-40GB MIG 4g.20gb (0),1,,13,cupy_copy__complex64_complex64
3150170289,88415,160783,1,1,1,32,32,1,30,0.000,0.000,,,,,NVIDIA A100-SXM4-40GB MIG 4g.20gb (0),1,,13,"void convert_kernel<__half2, float2>(tensor_layout_any, T1 *, tensor_layout_any, const T2 *)"
3150288144,7391,160786,,,,,,,,,,0.094,12676.975,Pinned,Device,NVIDIA A100-SXM4-40GB MIG 4g.20gb (0),1,,13,[CUDA memcpy Host-to-Device]
3150302095,47104,160787,,,,,,,,,,35.810,760208.792,Device,,NVIDIA A100-SXM4-40GB MIG 4g.20gb (0),1,,13,[CUDA memset]
3150354703,4416,160789,,,,,,,,,,0.000,18.116,Pinned,Device,NVIDIA A100-SXM4-40GB MIG 4g.20gb (0),1,,13,[CUDA memcpy Host-to-Device]
3150363023,13311,160790,,,,,,,,,,0.197,14770.176,Pinned,Device,NVIDIA A100-SXM4-40GB MIG 4g.20gb (0),1,,13,[CUDA memcpy Host-to-Device]
3150382158,12896,160791,273,1,1,48,1,1,40,0.000,0.001,,,,,NVIDIA A100-SXM4-40GB MIG 4g.20gb (0),1,,13,"void pusch_noise_intf_est::noiseIntfEstNoDftSOfdmKernel<float, __half, float, float, (unsigned int)2, (unsigned int)1, (unsigned char)4, (unsigned char)4>(pusch_noise_intf_est::puschRxNoiseIntfEstDynDescr)"
3150400398,2880,160802,35,1,1,128,1,1,16,0.000,0.000,,,,,NVIDIA A100-SXM4-40GB MIG 4g.20gb (0),1,,13,cupy_copy__complex64_complex64
3150405902,1856,160811,1,1,1,1,1,1,18,0.000,0.000,,,,,NVIDIA A100-SXM4-40GB MIG 4g.20gb (0),1,,13,cupy_copy__float32_float32
3150437422,1600,160817,,,,,,,,,,0.000,2.500,Device,Pageable,NVIDIA A100-SXM4-40GB MIG 4g.20gb (0),1,,7,[CUDA memcpy Device-to-Host]
3150497197,13216,160828,1434,1,1,128,1,1,16,0.000,0.000,,,,,NVIDIA A100-SXM4-40GB MIG 4g.20gb (0),1,,13,cupy_copy__complex64_complex64
3150522701,3264,160835,103,1,1,128,1,1,16,0.000,0.000,,,,,NVIDIA A100-SXM4-40GB MIG 4g.20gb (0),1,,13,cupy_copy__complex64_complex64
3150543852,2656,160842,35,1,1,128,1,1,16,0.000,0.000,,,,,NVIDIA A100-SXM4-40GB MIG 4g.20gb (0),1,,13,cupy_copy__complex64_complex64
3150565900,1824,160849,1,1,1,1,1,1,18,0.000,0.000,,,,,NVIDIA A100-SXM4-40GB MIG 4g.20gb (0),1,,13,cupy_copy__float32_float32
3150695947,82815,160860,1,1,1,32,32,1,30,0.000,0.000,,,,,NVIDIA A100-SXM4-40GB MIG 4g.20gb (0),1,,13,"void convert_kernel<__half2, float2>(tensor_layout_any, T1 *, tensor_layout_any, const T2 *)"
3150806185,5600,160863,,,,,,,,,,0.094,16731.388,Pinned,Device,NVIDIA A100-SXM4-40GB MIG 4g.20gb (0),1,,13,[CUDA memcpy Host-to-Device]
3150819977,3456,160864,,,,,,,,,,1.547,447517.201,Device,,NVIDIA A100-SXM4-40GB MIG 4g.20gb (0),1,,13,[CUDA memset]
3150826889,3104,160869,,,,,,,,,,0.031,10082.445,Pinned,Device,NVIDIA A100-SXM4-40GB MIG 4g.20gb (0),1,,13,[CUDA memcpy Host-to-Device]
3150832393,9408,160870,,,,,,,,,,0.197,20897.858,Pinned,Device,NVIDIA A100-SXM4-40GB MIG 4g.20gb (0),1,,13,[CUDA memcpy Host-to-Device]
3150846121,6336,160871,273,1,1,8,4,1,39,0.002,0.000,,,,,NVIDIA A100-SXM4-40GB MIG 4g.20gb (0),1,,13,"void channel_eq::eqMmseCoefCompLowMimoKernel<float, float, float, (unsigned int)4, (unsigned int)1, (unsigned int)4>(const channel_eq::_puschRxChEqStatDescr *, channel_eq::_puschRxChEqCoefCompDynDescr)"
3150855145,6271,160872,273,1,1,12,11,1,51,0.002,0.000,,,,,NVIDIA A100-SXM4-40GB MIG 4g.20gb (0),1,,13,"void channel_eq::eqMmseSoftDemapKernel<float, __half, __half, float, (unsigned int)4, (unsigned short)16383>(channel_eq::_puschRxChEqStatDescr *, channel_eq::_puschRxChEqSoftDemapDynDescr)"
3150862344,283197,160873,1,1,1,32,32,1,30,0.000,0.000,,,,,NVIDIA A100-SXM4-40GB MIG 4g.20gb (0),1,,13,"void convert_kernel<float2, __half2>(tensor_layout_any, T1 *, tensor_layout_any, const T2 *)"
3151146629,10912,160885,2253,1,1,128,1,1,16,0.000,0.000,,,,,NVIDIA A100-SXM4-40GB MIG 4g.20gb (0),1,,13,cupy_copy__float16_float16
3151159845,3104,160894,282,1,1,128,1,1,16,0.000,0.000,,,,,NVIDIA A100-SXM4-40GB MIG 4g.20gb (0),1,,13,cupy_copy__complex64_complex64
3151165829,2304,160903,26,1,1,128,1,1,16,0.000,0.000,,,,,NVIDIA A100-SXM4-40GB MIG 4g.20gb (0),1,,13,cupy_copy__float32_float32
3151169125,3008,160912,103,1,1,128,1,1,16,0.000,0.000,,,,,NVIDIA A100-SXM4-40GB MIG 4g.20gb (0),1,,13,cupy_copy__complex64_complex64
3151173541,11871,160922,1434,1,1,128,1,1,16,0.000,0.000,,,,,NVIDIA A100-SXM4-40GB MIG 4g.20gb (0),1,,13,cupy_copy__complex64_complex64
3151206148,82559,160927,1,1,1,32,32,1,30,0.000,0.000,,,,,NVIDIA A100-SXM4-40GB MIG 4g.20gb (0),1,,13,"void convert_kernel<__half2, float2>(tensor_layout_any, T1 *, tensor_layout_any, const T2 *)"
3151315587,5408,160930,,,,,,,,,,0.094,17325.421,Pinned,Device,NVIDIA A100-SXM4-40GB MIG 4g.20gb (0),1,,13,[CUDA memcpy Host-to-Device]
3151326595,614936,160931,,,,,,,,,,456.561,742368.901,Device,,NVIDIA A100-SXM4-40GB MIG 4g.20gb (0),1,,13,[CUDA memset]
3151949723,70111,160936,,,,,,,,,,1.235,17614.006,Pinned,Device,NVIDIA A100-SXM4-40GB MIG 4g.20gb (0),1,,13,[CUDA memcpy Host-to-Device]
3152023706,14656,160937,,,,,,,,,,0.197,13414.760,Pinned,Device,NVIDIA A100-SXM4-40GB MIG 4g.20gb (0),1,,13,[CUDA memcpy Host-to-Device]
3152050426,8480,160938,69,4,1,48,1,1,76,0.002,0.000,,,,,NVIDIA A100-SXM4-40GB MIG 4g.20gb (0),1,,13,"void ch_est::windowedChEstPreNoDftSOfdmKernel<float, __half, float, (unsigned int)2, (unsigned int)1, (unsigned short)4>(ch_est::puschRxChEstStatDescr_t *, ch_est::puschRxChEstDynDescr_t *)"
3152061978,6240,160939,137,2,1,24,2,1,44,0.001,0.001,,,,,NVIDIA A100-SXM4-40GB MIG 4g.20gb (0),1,,13,"void ch_est::chEstFilterNoDftSOfdmDispatchKernel<float, __half, float, (unsigned int)2>(ch_est::puschRxChEstStatDescr_t *, ch_est::puschRxChEstDynDescr_t *)"
3152070682,5439,160940,137,2,1,24,2,1,44,0.001,0.001,,,,,NVIDIA A100-SXM4-40GB MIG 4g.20gb (0),1,,13,"void ch_est::chEstFilterNoDftSOfdmDispatchKernel<float, __half, float, (unsigned int)2>(ch_est::puschRxChEstStatDescr_t *, ch_est::puschRxChEstDynDescr_t *)"
3152081017,2656,160951,103,1,1,128,1,1,16,0.000,0.000,,,,,NVIDIA A100-SXM4-40GB MIG 4g.20gb (0),1,,13,cupy_copy__complex64_complex64
3152086681,12416,160961,1434,1,1,128,1,1,16,0.000,0.000,,,,,NVIDIA A100-SXM4-40GB MIG 4g.20gb (0),1,,13,cupy_copy__complex64_complex64
3152102681,2752,160968,103,1,1,128,1,1,16,0.000,0.000,,,,,NVIDIA A100-SXM4-40GB MIG 4g.20gb (0),1,,13,cupy_copy__complex64_complex64
3152107513,83967,160975,1,1,1,32,32,1,30,0.000,0.000,,,,,NVIDIA A100-SXM4-40GB MIG 4g.20gb (0),1,,13,"void convert_kernel<__half2, float2>(tensor_layout_any, T1 *, tensor_layout_any, const T2 *)"
3152220376,10048,160978,,,,,,,,,,0.094,9324.813,Pinned,Device,NVIDIA A100-SXM4-40GB MIG 4g.20gb (0),1,,13,[CUDA memcpy Host-to-Device]
3152236695,47936,160979,,,,,,,,,,35.810,747030.741,Device,,NVIDIA A100-SXM4-40GB MIG 4g.20gb (0),1,,13,[CUDA memset]
3152286743,4800,160981,,,,,,,,,,0.000,16.667,Pinned,Device,NVIDIA A100-SXM4-40GB MIG 4g.20gb (0),1,,13,[CUDA memcpy Host-to-Device]
3152294647,12320,160982,,,,,,,,,,0.197,15958.278,Pinned,Device,NVIDIA A100-SXM4-40GB MIG 4g.20gb (0),1,,13,[CUDA memcpy Host-to-Device]
3152314615,9759,160983,273,1,1,48,1,1,40,0.000,0.001,,,,,NVIDIA A100-SXM4-40GB MIG 4g.20gb (0),1,,13,"void pusch_noise_intf_est::noiseIntfEstNoDftSOfdmKernel<float, __half, float, float, (unsigned int)2, (unsigned int)1, (unsigned char)4, (unsigned char)4>(pusch_noise_intf_est::puschRxNoiseIntfEstDynDescr)"
3152329846,2944,160994,35,1,1,128,1,1,16,0.000,0.000,,,,,NVIDIA A100-SXM4-40GB MIG 4g.20gb (0),1,,13,cupy_copy__complex64_complex64
3152341686,1696,161003,1,1,1,1,1,1,18,0.000,0.000,,,,,NVIDIA A100-SXM4-40GB MIG 4g.20gb (0),1,,13,cupy_copy__float32_float32
3152370742,1760,161009,,,,,,,,,,0.000,2.273,Device,Pageable,NVIDIA A100-SXM4-40GB MIG 4g.20gb (0),1,,7,[CUDA memcpy Device-to-Host]
3152431861,12928,161020,1434,1,1,128,1,1,16,0.000,0.000,,,,,NVIDIA A100-SXM4-40GB MIG 4g.20gb (0),1,,13,cupy_copy__complex64_complex64
3152457813,2848,161027,103,1,1,128,1,1,16,0.000,0.000,,,,,NVIDIA A100-SXM4-40GB MIG 4g.20gb (0),1,,13,cupy_copy__complex64_complex64
3152482644,2592,161034,35,1,1,128,1,1,16,0.000,0.000,,,,,NVIDIA A100-SXM4-40GB MIG 4g.20gb (0),1,,13,cupy_copy__complex64_complex64
3152500500,1792,161041,1,1,1,1,1,1,18,0.000,0.000,,,,,NVIDIA A100-SXM4-40GB MIG 4g.20gb (0),1,,13,cupy_copy__float32_float32
3152631411,82591,161052,1,1,1,32,32,1,30,0.000,0.000,,,,,NVIDIA A100-SXM4-40GB MIG 4g.20gb (0),1,,13,"void convert_kernel<__half2, float2>(tensor_layout_any, T1 *, tensor_layout_any, const T2 *)"
3152741265,5408,161055,,,,,,,,,,0.094,17325.421,Pinned,Device,NVIDIA A100-SXM4-40GB MIG 4g.20gb (0),1,,13,[CUDA memcpy Host-to-Device]
3152756433,3488,161056,,,,,,,,,,1.547,443412.461,Device,,NVIDIA A100-SXM4-40GB MIG 4g.20gb (0),1,,13,[CUDA memset]
3152762737,3040,161061,,,,,,,,,,0.031,10294.725,Pinned,Device,NVIDIA A100-SXM4-40GB MIG 4g.20gb (0),1,,13,[CUDA memcpy Host-to-Device]
3152768241,9376,161062,,,,,,,,,,0.197,20969.226,Pinned,Device,NVIDIA A100-SXM4-40GB MIG 4g.20gb (0),1,,13,[CUDA memcpy Host-to-Device]
3152781905,6240,161063,273,1,1,8,4,1,39,0.002,0.000,,,,,NVIDIA A100-SXM4-40GB MIG 4g.20gb (0),1,,13,"void channel_eq::eqMmseCoefCompLowMimoKernel<float, float, float, (unsigned int)4, (unsigned int)1, (unsigned int)4>(const channel_eq::_puschRxChEqStatDescr *, channel_eq::_puschRxChEqCoefCompDynDescr)"
3152790033,5728,161064,273,1,1,12,11,1,51,0.002,0.000,,,,,NVIDIA A100-SXM4-40GB MIG 4g.20gb (0),1,,13,"void channel_eq::eqMmseSoftDemapKernel<float, __half, __half, float, (unsigned int)4, (unsigned short)16383>(channel_eq::_puschRxChEqStatDescr *, channel_eq::_puschRxChEqSoftDemapDynDescr)"
3152797457,290076,161065,1,1,1,32,32,1,30,0.000,0.000,,,,,NVIDIA A100-SXM4-40GB MIG 4g.20gb (0),1,,13,"void convert_kernel<float2, __half2>(tensor_layout_any, T1 *, tensor_layout_any, const T2 *)"
3153088685,11008,161077,2253,1,1,128,1,1,16,0.000,0.000,,,,,NVIDIA A100-SXM4-40GB MIG 4g.20gb (0),1,,13,cupy_copy__float16_float16
3153101037,3616,161086,282,1,1,128,1,1,16,0.000,0.000,,,,,NVIDIA A100-SXM4-40GB MIG 4g.20gb (0),1,,13,cupy_copy__complex64_complex64
3153105741,2048,161095,26,1,1,128,1,1,16,0.000,0.000,,,,,NVIDIA A100-SXM4-40GB MIG 4g.20gb (0),1,,13,cupy_copy__float32_float32
3153111053,3008,161104,103,1,1,128,1,1,16,0.000,0.000,,,,,NVIDIA A100-SXM4-40GB MIG 4g.20gb (0),1,,13,cupy_copy__complex64_complex64
3153115309,12639,161114,1434,1,1,128,1,1,16,0.000,0.000,,,,,NVIDIA A100-SXM4-40GB MIG 4g.20gb (0),1,,13,cupy_copy__complex64_complex64
3153130828,86975,161119,1,1,1,32,32,1,30,0.000,0.000,,,,,NVIDIA A100-SXM4-40GB MIG 4g.20gb (0),1,,13,"void convert_kernel<__half2, float2>(tensor_layout_any, T1 *, tensor_layout_any, const T2 *)"
3153244875,5504,161122,,,,,,,,,,0.094,17023.251,Pinned,Device,NVIDIA A100-SXM4-40GB MIG 4g.20gb (0),1,,13,[CUDA memcpy Host-to-Device]
3153254411,608216,161123,,,,,,,,,,456.561,750587.007,Device,,NVIDIA A100-SXM4-40GB MIG 4g.20gb (0),1,,13,[CUDA memset]
3153869699,73663,161128,,,,,,,,,,1.235,16764.365,Pinned,Device,NVIDIA A100-SXM4-40GB MIG 4g.20gb (0),1,,13,[CUDA memcpy Host-to-Device]
3153948098,15072,161129,,,,,,,,,,0.197,13044.548,Pinned,Device,NVIDIA A100-SXM4-40GB MIG 4g.20gb (0),1,,13,[CUDA memcpy Host-to-Device]
3153971554,8160,161130,69,4,1,48,1,1,76,0.002,0.000,,,,,NVIDIA A100-SXM4-40GB MIG 4g.20gb (0),1,,13,"void ch_est::windowedChEstPreNoDftSOfdmKernel<float, __half, float, (unsigned int)2, (unsigned int)1, (unsigned short)4>(ch_est::puschRxChEstStatDescr_t *, ch_est::puschRxChEstDynDescr_t *)"
3153985698,7072,161131,137,2,1,24,2,1,44,0.001,0.001,,,,,NVIDIA A100-SXM4-40GB MIG 4g.20gb (0),1,,13,"void ch_est::chEstFilterNoDftSOfdmDispatchKernel<float, __half, float, (unsigned int)2>(ch_est::puschRxChEstStatDescr_t *, ch_est::puschRxChEstDynDescr_t *)"
3153996866,5152,161132,137,2,1,24,2,1,44,0.001,0.001,,,,,NVIDIA A100-SXM4-40GB MIG 4g.20gb (0),1,,13,"void ch_est::chEstFilterNoDftSOfdmDispatchKernel<float, __half, float, (unsigned int)2>(ch_est::puschRxChEstStatDescr_t *, ch_est::puschRxChEstDynDescr_t *)"
3154007362,2784,161143,103,1,1,128,1,1,16,0.000,0.000,,,,,NVIDIA A100-SXM4-40GB MIG 4g.20gb (0),1,,13,cupy_copy__complex64_complex64
3154013250,12543,161153,1434,1,1,128,1,1,16,0.000,0.000,,,,,NVIDIA A100-SXM4-40GB MIG 4g.20gb (0),1,,13,cupy_copy__complex64_complex64
3154033121,2464,161160,103,1,1,128,1,1,16,0.000,0.000,,,,,NVIDIA A100-SXM4-40GB MIG 4g.20gb (0),1,,13,cupy_copy__complex64_complex64
3154039617,85983,161167,1,1,1,32,32,1,30,0.000,0.000,,,,,NVIDIA A100-SXM4-40GB MIG 4g.20gb (0),1,,13,"void convert_kernel<__half2, float2>(tensor_layout_any, T1 *, tensor_layout_any, const T2 *)"
3154154240,8800,161170,,,,,,,,,,0.094,10647.239,Pinned,Device,NVIDIA A100-SXM4-40GB MIG 4g.20gb (0),1,,13,[CUDA memcpy Host-to-Device]
3154171712,48287,161171,,,,,,,,,,35.810,741587.633,Device,,NVIDIA A100-SXM4-40GB MIG 4g.20gb (0),1,,13,[CUDA memset]
3154226719,3776,161173,,,,,,,,,,0.000,21.186,Pinned,Device,NVIDIA A100-SXM4-40GB MIG 4g.20gb (0),1,,13,[CUDA memcpy Host-to-Device]
3154234655,11840,161174,,,,,,,,,,0.197,16605.315,Pinned,Device,NVIDIA A100-SXM4-40GB MIG 4g.20gb (0),1,,13,[CUDA memcpy Host-to-Device]
3154252031,11359,161175,273,1,1,48,1,1,40,0.000,0.001,,,,,NVIDIA A100-SXM4-40GB MIG 4g.20gb (0),1,,13,"void pusch_noise_intf_est::noiseIntfEstNoDftSOfdmKernel<float, __half, float, float, (unsigned int)2, (unsigned int)1, (unsigned char)4, (unsigned char)4>(pusch_noise_intf_est::puschRxNoiseIntfEstDynDescr)"
3154267550,3072,161186,35,1,1,128,1,1,16,0.000,0.000,,,,,NVIDIA A100-SXM4-40GB MIG 4g.20gb (0),1,,13,cupy_copy__complex64_complex64
3154273118,1824,161195,1,1,1,1,1,1,18,0.000,0.000,,,,,NVIDIA A100-SXM4-40GB MIG 4g.20gb (0),1,,13,cupy_copy__float32_float32
3154304254,1824,161201,,,,,,,,,,0.000,2.193,Device,Pageable,NVIDIA A100-SXM4-40GB MIG 4g.20gb (0),1,,7,[CUDA memcpy Device-to-Host]
3154363357,12864,161212,1434,1,1,128,1,1,16,0.000,0.000,,,,,NVIDIA A100-SXM4-40GB MIG 4g.20gb (0),1,,13,cupy_copy__complex64_complex64
3154393533,2816,161219,103,1,1,128,1,1,16,0.000,0.000,,,,,NVIDIA A100-SXM4-40GB MIG 4g.20gb (0),1,,13,cupy_copy__complex64_complex64
3154415293,2176,161226,35,1,1,128,1,1,16,0.000,0.000,,,,,NVIDIA A100-SXM4-40GB MIG 4g.20gb (0),1,,13,cupy_copy__complex64_complex64
3154432924,1856,161233,1,1,1,1,1,1,18,0.000,0.000,,,,,NVIDIA A100-SXM4-40GB MIG 4g.20gb (0),1,,13,cupy_copy__float32_float32
3154564251,82079,161244,1,1,1,32,32,1,30,0.000,0.000,,,,,NVIDIA A100-SXM4-40GB MIG 4g.20gb (0),1,,13,"void convert_kernel<__half2, float2>(tensor_layout_any, T1 *, tensor_layout_any, const T2 *)"
3154674137,5504,161247,,,,,,,,,,0.094,17023.251,Pinned,Device,NVIDIA A100-SXM4-40GB MIG 4g.20gb (0),1,,13,[CUDA memcpy Host-to-Device]
3154689177,3360,161248,,,,,,,,,,1.547,460304.688,Device,,NVIDIA A100-SXM4-40GB MIG 4g.20gb (0),1,,13,[CUDA memset]
3154694841,3200,161253,,,,,,,,,,0.031,9780.000,Pinned,Device,NVIDIA A100-SXM4-40GB MIG 4g.20gb (0),1,,13,[CUDA memcpy Host-to-Device]
3154700505,9408,161254,,,,,,,,,,0.197,20897.858,Pinned,Device,NVIDIA A100-SXM4-40GB MIG 4g.20gb (0),1,,13,[CUDA memcpy Host-to-Device]
3154714105,8000,161255,273,1,1,8,4,1,39,0.002,0.000,,,,,NVIDIA A100-SXM4-40GB MIG 4g.20gb (0),1,,13,"void channel_eq::eqMmseCoefCompLowMimoKernel<float, float, float, (unsigned int)4, (unsigned int)1, (unsigned int)4>(const channel_eq::_puschRxChEqStatDescr *, channel_eq::_puschRxChEqCoefCompDynDescr)"
3154723321,6080,161256,273,1,1,12,11,1,51,0.002,0.000,,,,,NVIDIA A100-SXM4-40GB MIG 4g.20gb (0),1,,13,"void channel_eq::eqMmseSoftDemapKernel<float, __half, __half, float, (unsigned int)4, (unsigned short)16383>(channel_eq::_puschRxChEqStatDescr *, channel_eq::_puschRxChEqSoftDemapDynDescr)"
3154730681,282844,161257,1,1,1,32,32,1,30,0.000,0.000,,,,,NVIDIA A100-SXM4-40GB MIG 4g.20gb (0),1,,13,"void convert_kernel<float2, __half2>(tensor_layout_any, T1 *, tensor_layout_any, const T2 *)"
3155016309,11008,161269,2253,1,1,128,1,1,16,0.000,0.000,,,,,NVIDIA A100-SXM4-40GB MIG 4g.20gb (0),1,,13,cupy_copy__float16_float16
3155030229,3424,161278,282,1,1,128,1,1,16,0.000,0.000,,,,,NVIDIA A100-SXM4-40GB MIG 4g.20gb (0),1,,13,cupy_copy__complex64_complex64
3155035189,2016,161287,26,1,1,128,1,1,16,0.000,0.000,,,,,NVIDIA A100-SXM4-40GB MIG 4g.20gb (0),1,,13,cupy_copy__float32_float32
3155038805,4576,161296,103,1,1,128,1,1,16,0.000,0.000,,,,,NVIDIA A100-SXM4-40GB MIG 4g.20gb (0),1,,13,cupy_copy__complex64_complex64
3155046229,12128,161306,1434,1,1,128,1,1,16,0.000,0.000,,,,,NVIDIA A100-SXM4-40GB MIG 4g.20gb (0),1,,13,cupy_copy__complex64_complex64
3155070420,82207,161311,1,1,1,32,32,1,30,0.000,0.000,,,,,NVIDIA A100-SXM4-40GB MIG 4g.20gb (0),1,,13,"void convert_kernel<__half2, float2>(tensor_layout_any, T1 *, tensor_layout_any, const T2 *)"
3155179411,5472,161314,,,,,,,,,,0.094,17122.757,Pinned,Device,NVIDIA A100-SXM4-40GB MIG 4g.20gb (0),1,,13,[CUDA memcpy Host-to-Device]
3155189651,601977,161315,,,,,,,,,,456.561,758348.552,Device,,NVIDIA A100-SXM4-40GB MIG 4g.20gb (0),1,,13,[CUDA memset]
3155796843,68256,161320,,,,,,,,,,1.235,18091.930,Pinned,Device,NVIDIA A100-SXM4-40GB MIG 4g.20gb (0),1,,13,[CUDA memcpy Host-to-Device]
3155869291,15263,161321,,,,,,,,,,0.197,12881.166,Pinned,Device,NVIDIA A100-SXM4-40GB MIG 4g.20gb (0),1,,13,[CUDA memcpy Host-to-Device]
3155893674,7424,161322,69,4,1,48,1,1,76,0.002,0.000,,,,,NVIDIA A100-SXM4-40GB MIG 4g.20gb (0),1,,13,"void ch_est::windowedChEstPreNoDftSOfdmKernel<float, __half, float, (unsigned int)2, (unsigned int)1, (unsigned short)4>(ch_est::puschRxChEstStatDescr_t *, ch_est::puschRxChEstDynDescr_t *)"
3155904874,6496,161323,137,2,1,24,2,1,44,0.001,0.001,,,,,NVIDIA A100-SXM4-40GB MIG 4g.20gb (0),1,,13,"void ch_est::chEstFilterNoDftSOfdmDispatchKernel<float, __half, float, (unsigned int)2>(ch_est::puschRxChEstStatDescr_t *, ch_est::puschRxChEstDynDescr_t *)"
3155916586,5088,161324,137,2,1,24,2,1,44,0.001,0.001,,,,,NVIDIA A100-SXM4-40GB MIG 4g.20gb (0),1,,13,"void ch_est::chEstFilterNoDftSOfdmDispatchKernel<float, __half, float, (unsigned int)2>(ch_est::puschRxChEstStatDescr_t *, ch_est::puschRxChEstDynDescr_t *)"
3155927914,2752,161335,103,1,1,128,1,1,16,0.000,0.000,,,,,NVIDIA A100-SXM4-40GB MIG 4g.20gb (0),1,,13,cupy_copy__complex64_complex64
3155933514,12512,161345,1434,1,1,128,1,1,16,0.000,0.000,,,,,NVIDIA A100-SXM4-40GB MIG 4g.20gb (0),1,,13,cupy_copy__complex64_complex64
3155950474,3072,161352,103,1,1,128,1,1,16,0.000,0.000,,,,,NVIDIA A100-SXM4-40GB MIG 4g.20gb (0),1,,13,cupy_copy__complex64_complex64
3155956809,83903,161359,1,1,1,32,32,1,30,0.000,0.000,,,,,NVIDIA A100-SXM4-40GB MIG 4g.20gb (0),1,,13,"void convert_kernel<__half2, float2>(tensor_layout_any, T1 *, tensor_layout_any, const T2 *)"
3156068456,9184,161362,,,,,,,,,,0.094,10202.089,Pinned,Device,NVIDIA A100-SXM4-40GB MIG 4g.20gb (0),1,,13,[CUDA memcpy Host-to-Device]
3156085576,47583,161363,,,,,,,,,,35.810,752545.469,Device,,NVIDIA A100-SXM4-40GB MIG 4g.20gb (0),1,,13,[CUDA memset]
3156135847,2656,161365,,,,,,,,,,0.000,30.120,Pinned,Device,NVIDIA A100-SXM4-40GB MIG 4g.20gb (0),1,,13,[CUDA memcpy Host-to-Device]
3156142311,13120,161366,,,,,,,,,,0.197,14985.265,Pinned,Device,NVIDIA A100-SXM4-40GB MIG 4g.20gb (0),1,,13,[CUDA memcpy Host-to-Device]
3156163207,9280,161367,273,1,1,48,1,1,40,0.000,0.001,,,,,NVIDIA A100-SXM4-40GB MIG 4g.20gb (0),1,,13,"void pusch_noise_intf_est::noiseIntfEstNoDftSOfdmKernel<float, __half, float, float, (unsigned int)2, (unsigned int)1, (unsigned char)4, (unsigned char)4>(pusch_noise_intf_est::puschRxNoiseIntfEstDynDescr)"
3156178311,2912,161378,35,1,1,128,1,1,16,0.000,0.000,,,,,NVIDIA A100-SXM4-40GB MIG 4g.20gb (0),1,,13,cupy_copy__complex64_complex64
3156189415,1760,161387,1,1,1,1,1,1,18,0.000,0.000,,,,,NVIDIA A100-SXM4-40GB MIG 4g.20gb (0),1,,13,cupy_copy__float32_float32
3156219750,1984,161393,,,,,,,,,,0.000,2.016,Device,Pageable,NVIDIA A100-SXM4-40GB MIG 4g.20gb (0),1,,7,[CUDA memcpy Device-to-Host]
3156283589,12864,161404,1434,1,1,128,1,1,16,0.000,0.000,,,,,NVIDIA A100-SXM4-40GB MIG 4g.20gb (0),1,,13,cupy_copy__complex64_complex64
3156309541,2624,161411,103,1,1,128,1,1,16,0.000,0.000,,,,,NVIDIA A100-SXM4-40GB MIG 4g.20gb (0),1,,13,cupy_copy__complex64_complex64
3156329893,2336,161418,35,1,1,128,1,1,16,0.000,0.000,,,,,NVIDIA A100-SXM4-40GB MIG 4g.20gb (0),1,,13,cupy_copy__complex64_complex64
3156348421,1760,161425,1,1,1,1,1,1,18,0.000,0.000,,,,,NVIDIA A100-SXM4-40GB MIG 4g.20gb (0),1,,13,cupy_copy__float32_float32
3156479331,82175,161436,1,1,1,32,32,1,30,0.000,0.000,,,,,NVIDIA A100-SXM4-40GB MIG 4g.20gb (0),1,,13,"void convert_kernel<__half2, float2>(tensor_layout_any, T1 *, tensor_layout_any, const T2 *)"
3156589570,5632,161439,,,,,,,,,,0.094,16636.287,Pinned,Device,NVIDIA A100-SXM4-40GB MIG 4g.20gb (0),1,,13,[CUDA memcpy Host-to-Device]
3156603362,3391,161440,,,,,,,,,,1.547,456096.324,Device,,NVIDIA A100-SXM4-40GB MIG 4g.20gb (0),1,,13,[CUDA memset]
3156610209,3136,161445,,,,,,,,,,0.031,9979.575,Pinned,Device,NVIDIA A100-SXM4-40GB MIG 4g.20gb (0),1,,13,[CUDA memcpy Host-to-Device]
3156616097,9472,161446,,,,,,,,,,0.197,20756.693,Pinned,Device,NVIDIA A100-SXM4-40GB MIG 4g.20gb (0),1,,13,[CUDA memcpy Host-to-Device]
3156629249,6272,161447,273,1,1,8,4,1,39,0.002,0.000,,,,,NVIDIA A100-SXM4-40GB MIG 4g.20gb (0),1,,13,"void channel_eq::eqMmseCoefCompLowMimoKernel<float, float, float, (unsigned int)4, (unsigned int)1, (unsigned int)4>(const channel_eq::_puschRxChEqStatDescr *, channel_eq::_puschRxChEqCoefCompDynDescr)"
3156638337,7168,161448,273,1,1,12,11,1,51,0.002,0.000,,,,,NVIDIA A100-SXM4-40GB MIG 4g.20gb (0),1,,13,"void channel_eq::eqMmseSoftDemapKernel<float, __half, __half, float, (unsigned int)4, (unsigned short)16383>(channel_eq::_puschRxChEqStatDescr *, channel_eq::_puschRxChEqSoftDemapDynDescr)"
3156646497,282300,161449,1,1,1,32,32,1,30,0.000,0.000,,,,,NVIDIA A100-SXM4-40GB MIG 4g.20gb (0),1,,13,"void convert_kernel<float2, __half2>(tensor_layout_any, T1 *, tensor_layout_any, const T2 *)"
3156931485,11168,161461,2253,1,1,128,1,1,16,0.000,0.000,,,,,NVIDIA A100-SXM4-40GB MIG 4g.20gb (0),1,,13,cupy_copy__float16_float16
3156944893,3360,161470,282,1,1,128,1,1,16,0.000,0.000,,,,,NVIDIA A100-SXM4-40GB MIG 4g.20gb (0),1,,13,cupy_copy__complex64_complex64
3156949789,2048,161479,26,1,1,128,1,1,16,0.000,0.000,,,,,NVIDIA A100-SXM4-40GB MIG 4g.20gb (0),1,,13,cupy_copy__float32_float32
3156952893,4864,161488,103,1,1,128,1,1,16,0.000,0.000,,,,,NVIDIA A100-SXM4-40GB MIG 4g.20gb (0),1,,13,cupy_copy__complex64_complex64
3156959645,12096,161498,1434,1,1,128,1,1,16,0.000,0.000,,,,,NVIDIA A100-SXM4-40GB MIG 4g.20gb (0),1,,13,cupy_copy__complex64_complex64
3156976733,82527,161503,1,1,1,32,32,1,30,0.000,0.000,,,,,NVIDIA A100-SXM4-40GB MIG 4g.20gb (0),1,,13,"void convert_kernel<__half2, float2>(tensor_layout_any, T1 *, tensor_layout_any, const T2 *)"
3157086044,5439,161506,,,,,,,,,,0.094,17226.665,Pinned,Device,NVIDIA A100-SXM4-40GB MIG 4g.20gb (0),1,,13,[CUDA memcpy Host-to-Device]
3157096539,601625,161507,,,,,,,,,,456.561,758805.113,Device,,NVIDIA A100-SXM4-40GB MIG 4g.20gb (0),1,,13,[CUDA memset]
3157703188,67999,161512,,,,,,,,,,1.235,18161.086,Pinned,Device,NVIDIA A100-SXM4-40GB MIG 4g.20gb (0),1,,13,[CUDA memcpy Host-to-Device]
3157775731,14720,161513,,,,,,,,,,0.197,13356.368,Pinned,Device,NVIDIA A100-SXM4-40GB MIG 4g.20gb (0),1,,13,[CUDA memcpy Host-to-Device]
3157797875,8544,161514,69,4,1,48,1,1,76,0.002,0.000,,,,,NVIDIA A100-SXM4-40GB MIG 4g.20gb (0),1,,13,"void ch_est::windowedChEstPreNoDftSOfdmKernel<float, __half, float, (unsigned int)2, (unsigned int)1, (unsigned short)4>(ch_est::puschRxChEstStatDescr_t *, ch_est::puschRxChEstDynDescr_t *)"
3157809619,6624,161515,137,2,1,24,2,1,44,0.001,0.001,,,,,NVIDIA A100-SXM4-40GB MIG 4g.20gb (0),1,,13,"void ch_est::chEstFilterNoDftSOfdmDispatchKernel<float, __half, float, (unsigned int)2>(ch_est::puschRxChEstStatDescr_t *, ch_est::puschRxChEstDynDescr_t *)"
3157818866,4992,161516,137,2,1,24,2,1,44,0.001,0.001,,,,,NVIDIA A100-SXM4-40GB MIG 4g.20gb (0),1,,13,"void ch_est::chEstFilterNoDftSOfdmDispatchKernel<float, __half, float, (unsigned int)2>(ch_est::puschRxChEstStatDescr_t *, ch_est::puschRxChEstDynDescr_t *)"
3157828178,2656,161527,103,1,1,128,1,1,16,0.000,0.000,,,,,NVIDIA A100-SXM4-40GB MIG 4g.20gb (0),1,,13,cupy_copy__complex64_complex64
3157834834,12416,161537,1434,1,1,128,1,1,16,0.000,0.000,,,,,NVIDIA A100-SXM4-40GB MIG 4g.20gb (0),1,,13,cupy_copy__complex64_complex64
3157850930,2752,161544,103,1,1,128,1,1,16,0.000,0.000,,,,,NVIDIA A100-SXM4-40GB MIG 4g.20gb (0),1,,13,cupy_copy__complex64_complex64
3157856658,83359,161551,1,1,1,32,32,1,30,0.000,0.000,,,,,NVIDIA A100-SXM4-40GB MIG 4g.20gb (0),1,,13,"void convert_kernel<__half2, float2>(tensor_layout_any, T1 *, tensor_layout_any, const T2 *)"
3157969841,8512,161554,,,,,,,,,,0.094,11007.500,Pinned,Device,NVIDIA A100-SXM4-40GB MIG 4g.20gb (0),1,,13,[CUDA memcpy Host-to-Device]
3157984080,47520,161555,,,,,,,,,,35.810,753548.147,Device,,NVIDIA A100-SXM4-40GB MIG 4g.20gb (0),1,,13,[CUDA memset]
3158039024,3136,161557,,,,,,,,,,0.000,25.510,Pinned,Device,NVIDIA A100-SXM4-40GB MIG 4g.20gb (0),1,,13,[CUDA memcpy Host-to-Device]
3158046960,12895,161558,,,,,,,,,,0.197,15246.754,Pinned,Device,NVIDIA A100-SXM4-40GB MIG 4g.20gb (0),1,,13,[CUDA memcpy Host-to-Device]
3158065647,10752,161559,273,1,1,48,1,1,40,0.000,0.001,,,,,NVIDIA A100-SXM4-40GB MIG 4g.20gb (0),1,,13,"void pusch_noise_intf_est::noiseIntfEstNoDftSOfdmKernel<float, __half, float, float, (unsigned int)2, (unsigned int)1, (unsigned char)4, (unsigned char)4>(pusch_noise_intf_est::puschRxNoiseIntfEstDynDescr)"
3158081455,2784,161570,35,1,1,128,1,1,16,0.000,0.000,,,,,NVIDIA A100-SXM4-40GB MIG 4g.20gb (0),1,,13,cupy_copy__complex64_complex64
3158088111,1984,161579,1,1,1,1,1,1,18,0.000,0.000,,,,,NVIDIA A100-SXM4-40GB MIG 4g.20gb (0),1,,13,cupy_copy__float32_float32
3158122703,2368,161585,,,,,,,,,,0.000,1.689,Device,Pageable,NVIDIA A100-SXM4-40GB MIG 4g.20gb (0),1,,7,[CUDA memcpy Device-to-Host]
3158184686,13152,161596,1434,1,1,128,1,1,16,0.000,0.000,,,,,NVIDIA A100-SXM4-40GB MIG 4g.20gb (0),1,,13,cupy_copy__complex64_complex64
3158211182,3104,161603,103,1,1,128,1,1,16,0.000,0.000,,,,,NVIDIA A100-SXM4-40GB MIG 4g.20gb (0),1,,13,cupy_copy__complex64_complex64
3158231597,2368,161610,35,1,1,128,1,1,16,0.000,0.000,,,,,NVIDIA A100-SXM4-40GB MIG 4g.20gb (0),1,,13,cupy_copy__complex64_complex64
3158249613,1984,161617,1,1,1,1,1,1,18,0.000,0.000,,,,,NVIDIA A100-SXM4-40GB MIG 4g.20gb (0),1,,13,cupy_copy__float32_float32
3158379148,83167,161628,1,1,1,32,32,1,30,0.000,0.000,,,,,NVIDIA A100-SXM4-40GB MIG 4g.20gb (0),1,,13,"void convert_kernel<__half2, float2>(tensor_layout_any, T1 *, tensor_layout_any, const T2 *)"
3158489706,5440,161631,,,,,,,,,,0.094,17223.480,Pinned,Device,NVIDIA A100-SXM4-40GB MIG 4g.20gb (0),1,,13,[CUDA memcpy Host-to-Device]
3158503786,3200,161632,,,,,,,,,,1.547,483320.000,Device,,NVIDIA A100-SXM4-40GB MIG 4g.20gb (0),1,,13,[CUDA memset]
3158510698,3072,161637,,,,,,,,,,0.031,10187.474,Pinned,Device,NVIDIA A100-SXM4-40GB MIG 4g.20gb (0),1,,13,[CUDA memcpy Host-to-Device]
3158516202,9504,161638,,,,,,,,,,0.197,20686.701,Pinned,Device,NVIDIA A100-SXM4-40GB MIG 4g.20gb (0),1,,13,[CUDA memcpy Host-to-Device]
3158530890,7776,161639,273,1,1,8,4,1,39,0.002,0.000,,,,,NVIDIA A100-SXM4-40GB MIG 4g.20gb (0),1,,13,"void channel_eq::eqMmseCoefCompLowMimoKernel<float, float, float, (unsigned int)4, (unsigned int)1, (unsigned int)4>(const channel_eq::_puschRxChEqStatDescr *, channel_eq::_puschRxChEqCoefCompDynDescr)"
3158539690,5407,161640,273,1,1,12,11,1,51,0.002,0.000,,,,,NVIDIA A100-SXM4-40GB MIG 4g.20gb (0),1,,13,"void channel_eq::eqMmseSoftDemapKernel<float, __half, __half, float, (unsigned int)4, (unsigned short)16383>(channel_eq::_puschRxChEqStatDescr *, channel_eq::_puschRxChEqSoftDemapDynDescr)"
3158547017,291069,161641,1,1,1,32,32,1,30,0.000,0.000,,,,,NVIDIA A100-SXM4-40GB MIG 4g.20gb (0),1,,13,"void convert_kernel<float2, __half2>(tensor_layout_any, T1 *, tensor_layout_any, const T2 *)"
3158840102,10848,161653,2253,1,1,128,1,1,16,0.000,0.000,,,,,NVIDIA A100-SXM4-40GB MIG 4g.20gb (0),1,,13,cupy_copy__float16_float16
3158852038,2720,161662,282,1,1,128,1,1,16,0.000,0.000,,,,,NVIDIA A100-SXM4-40GB MIG 4g.20gb (0),1,,13,cupy_copy__complex64_complex64
3158856614,2240,161671,26,1,1,128,1,1,16,0.000,0.000,,,,,NVIDIA A100-SXM4-40GB MIG 4g.20gb (0),1,,13,cupy_copy__float32_float32
3158859974,2880,161680,103,1,1,128,1,1,16,0.000,0.000,,,,,NVIDIA A100-SXM4-40GB MIG 4g.20gb (0),1,,13,cupy_copy__complex64_complex64
3158864006,11999,161690,1434,1,1,128,1,1,16,0.000,0.000,,,,,NVIDIA A100-SXM4-40GB MIG 4g.20gb (0),1,,13,cupy_copy__complex64_complex64
3158887717,82015,161695,1,1,1,32,32,1,30,0.000,0.000,,,,,NVIDIA A100-SXM4-40GB MIG 4g.20gb (0),1,,13,"void convert_kernel<__half2, float2>(tensor_layout_any, T1 *, tensor_layout_any, const T2 *)"
3158996676,5920,161698,,,,,,,,,,0.094,15826.941,Pinned,Device,NVIDIA A100-SXM4-40GB MIG 4g.20gb (0),1,,13,[CUDA memcpy Host-to-Device]
3159007652,602584,161699,,,,,,,,,,456.561,757435.429,Device,,NVIDIA A100-SXM4-40GB MIG 4g.20gb (0),1,,13,[CUDA memset]
3159614972,71423,161704,,,,,,,,,,1.235,17290.451,Pinned,Device,NVIDIA A100-SXM4-40GB MIG 4g.20gb (0),1,,13,[CUDA memcpy Host-to-Device]
3159689787,15136,161705,,,,,,,,,,0.197,12989.301,Pinned,Device,NVIDIA A100-SXM4-40GB MIG 4g.20gb (0),1,,13,[CUDA memcpy Host-to-Device]
3159710587,8384,161706,69,4,1,48,1,1,76,0.002,0.000,,,,,NVIDIA A100-SXM4-40GB MIG 4g.20gb (0),1,,13,"void ch_est::windowedChEstPreNoDftSOfdmKernel<float, __half, float, (unsigned int)2, (unsigned int)1, (unsigned short)4>(ch_est::puschRxChEstStatDescr_t *, ch_est::puschRxChEstDynDescr_t *)"
3159724603,6816,161707,137,2,1,24,2,1,44,0.001,0.001,,,,,NVIDIA A100-SXM4-40GB MIG 4g.20gb (0),1,,13,"void ch_est::chEstFilterNoDftSOfdmDispatchKernel<float, __half, float, (unsigned int)2>(ch_est::puschRxChEstStatDescr_t *, ch_est::puschRxChEstDynDescr_t *)"
3159734779,5312,161708,137,2,1,24,2,1,44,0.001,0.001,,,,,NVIDIA A100-SXM4-40GB MIG 4g.20gb (0),1,,13,"void ch_est::chEstFilterNoDftSOfdmDispatchKernel<float, __half, float, (unsigned int)2>(ch_est::puschRxChEstStatDescr_t *, ch_est::puschRxChEstDynDescr_t *)"
3159744411,2720,161719,103,1,1,128,1,1,16,0.000,0.000,,,,,NVIDIA A100-SXM4-40GB MIG 4g.20gb (0),1,,13,cupy_copy__complex64_complex64
3159750203,12767,161729,1434,1,1,128,1,1,16,0.000,0.000,,,,,NVIDIA A100-SXM4-40GB MIG 4g.20gb (0),1,,13,cupy_copy__complex64_complex64
3159764698,2624,161736,103,1,1,128,1,1,16,0.000,0.000,,,,,NVIDIA A100-SXM4-40GB MIG 4g.20gb (0),1,,13,cupy_copy__complex64_complex64
3159771930,84127,161743,1,1,1,32,32,1,30,0.000,0.000,,,,,NVIDIA A100-SXM4-40GB MIG 4g.20gb (0),1,,13,"void convert_kernel<__half2, float2>(tensor_layout_any, T1 *, tensor_layout_any, const T2 *)"
3159883993,9120,161746,,,,,,,,,,0.094,10273.673,Pinned,Device,NVIDIA A100-SXM4-40GB MIG 4g.20gb (0),1,,13,[CUDA memcpy Host-to-Device]
3159899641,46943,161747,,,,,,,,,,35.810,762822.916,Device,,NVIDIA A100-SXM4-40GB MIG 4g.20gb (0),1,,13,[CUDA memset]
3159949688,3072,161749,,,,,,,,,,0.000,26.042,Pinned,Device,NVIDIA A100-SXM4-40GB MIG 4g.20gb (0),1,,13,[CUDA memcpy Host-to-Device]
3159955928,13632,161750,,,,,,,,,,0.197,14422.376,Pinned,Device,NVIDIA A100-SXM4-40GB MIG 4g.20gb (0),1,,13,[CUDA memcpy Host-to-Device]
3159978360,9792,161751,273,1,1,48,1,1,40,0.000,0.001,,,,,NVIDIA A100-SXM4-40GB MIG 4g.20gb (0),1,,13,"void pusch_noise_intf_est::noiseIntfEstNoDftSOfdmKernel<float, __half, float, float, (unsigned int)2, (unsigned int)1, (unsigned char)4, (unsigned char)4>(pusch_noise_intf_est::puschRxNoiseIntfEstDynDescr)"
3159994488,2880,161762,35,1,1,128,1,1,16,0.000,0.000,,,,,NVIDIA A100-SXM4-40GB MIG 4g.20gb (0),1,,13,cupy_copy__complex64_complex64
3160007639,2048,161771,1,1,1,1,1,1,18,0.000,0.000,,,,,NVIDIA A100-SXM4-40GB MIG 4g.20gb (0),1,,13,cupy_copy__float32_float32
3160038871,1920,161777,,,,,,,,,,0.000,2.083,Device,Pageable,NVIDIA A100-SXM4-40GB MIG 4g.20gb (0),1,,7,[CUDA memcpy Device-to-Host]
3160099958,13088,161788,1434,1,1,128,1,1,16,0.000,0.000,,,,,NVIDIA A100-SXM4-40GB MIG 4g.20gb (0),1,,13,cupy_copy__complex64_complex64
3160127766,2592,161795,103,1,1,128,1,1,16,0.000,0.000,,,,,NVIDIA A100-SXM4-40GB MIG 4g.20gb (0),1,,13,cupy_copy__complex64_complex64
3160147254,2624,161802,35,1,1,128,1,1,16,0.000,0.000,,,,,NVIDIA A100-SXM4-40GB MIG 4g.20gb (0),1,,13,cupy_copy__complex64_complex64
3160166229,1760,161809,1,1,1,1,1,1,18,0.000,0.000,,,,,NVIDIA A100-SXM4-40GB MIG 4g.20gb (0),1,,13,cupy_copy__float32_float32
3160297364,81599,161820,1,1,1,32,32,1,30,0.000,0.000,,,,,NVIDIA A100-SXM4-40GB MIG 4g.20gb (0),1,,13,"void convert_kernel<__half2, float2>(tensor_layout_any, T1 *, tensor_layout_any, const T2 *)"
3160406226,5440,161823,,,,,,,,,,0.094,17223.480,Pinned,Device,NVIDIA A100-SXM4-40GB MIG 4g.20gb (0),1,,13,[CUDA memcpy Host-to-Device]
3160421330,3200,161824,,,,,,,,,,1.547,483320.000,Device,,NVIDIA A100-SXM4-40GB MIG 4g.20gb (0),1,,13,[CUDA memset]
3160427922,3040,161829,,,,,,,,,,0.031,10294.725,Pinned,Device,NVIDIA A100-SXM4-40GB MIG 4g.20gb (0),1,,13,[CUDA memcpy Host-to-Device]
3160433426,9440,161830,,,,,,,,,,0.197,20827.079,Pinned,Device,NVIDIA A100-SXM4-40GB MIG 4g.20gb (0),1,,13,[CUDA memcpy Host-to-Device]
3160447634,8096,161831,273,1,1,8,4,1,39,0.002,0.000,,,,,NVIDIA A100-SXM4-40GB MIG 4g.20gb (0),1,,13,"void channel_eq::eqMmseCoefCompLowMimoKernel<float, float, float, (unsigned int)4, (unsigned int)1, (unsigned int)4>(const channel_eq::_puschRxChEqStatDescr *, channel_eq::_puschRxChEqCoefCompDynDescr)"
3160457618,6080,161832,273,1,1,12,11,1,51,0.002,0.000,,,,,NVIDIA A100-SXM4-40GB MIG 4g.20gb (0),1,,13,"void channel_eq::eqMmseSoftDemapKernel<float, __half, __half, float, (unsigned int)4, (unsigned short)16383>(channel_eq::_puschRxChEqStatDescr *, channel_eq::_puschRxChEqSoftDemapDynDescr)"
3160464754,295068,161833,1,1,1,32,32,1,30,0.000,0.000,,,,,NVIDIA A100-SXM4-40GB MIG 4g.20gb (0),1,,13,"void convert_kernel<float2, __half2>(tensor_layout_any, T1 *, tensor_layout_any, const T2 *)"
3160761038,10944,161845,2253,1,1,128,1,1,16,0.000,0.000,,,,,NVIDIA A100-SXM4-40GB MIG 4g.20gb (0),1,,13,cupy_copy__float16_float16
3160773454,3296,161854,282,1,1,128,1,1,16,0.000,0.000,,,,,NVIDIA A100-SXM4-40GB MIG 4g.20gb (0),1,,13,cupy_copy__complex64_complex64
3160779566,2080,161863,26,1,1,128,1,1,16,0.000,0.000,,,,,NVIDIA A100-SXM4-40GB MIG 4g.20gb (0),1,,13,cupy_copy__float32_float32
3160782606,2912,161872,103,1,1,128,1,1,16,0.000,0.000,,,,,NVIDIA A100-SXM4-40GB MIG 4g.20gb (0),1,,13,cupy_copy__complex64_complex64
3160786638,11840,161882,1434,1,1,128,1,1,16,0.000,0.000,,,,,NVIDIA A100-SXM4-40GB MIG 4g.20gb (0),1,,13,cupy_copy__complex64_complex64
3160801806,90206,161887,1,1,1,32,32,1,30,0.000,0.000,,,,,NVIDIA A100-SXM4-40GB MIG 4g.20gb (0),1,,13,"void convert_kernel<__half2, float2>(tensor_layout_any, T1 *, tensor_layout_any, const T2 *)"
3160918572,5472,161890,,,,,,,,,,0.094,17122.757,Pinned,Device,NVIDIA A100-SXM4-40GB MIG 4g.20gb (0),1,,13,[CUDA memcpy Host-to-Device]
3160928716,609528,161891,,,,,,,,,,456.561,748760.762,Device,,NVIDIA A100-SXM4-40GB MIG 4g.20gb (0),1,,13,[CUDA memset]
3161543460,66976,161896,,,,,,,,,,1.235,18437.714,Pinned,Device,NVIDIA A100-SXM4-40GB MIG 4g.20gb (0),1,,13,[CUDA memcpy Host-to-Device]
3161614628,13983,161897,,,,,,,,,,0.197,14060.421,Pinned,Device,NVIDIA A100-SXM4-40GB MIG 4g.20gb (0),1,,13,[CUDA memcpy Host-to-Device]
3161636931,7904,161898,69,4,1,48,1,1,76,0.002,0.000,,,,,NVIDIA A100-SXM4-40GB MIG 4g.20gb (0),1,,13,"void ch_est::windowedChEstPreNoDftSOfdmKernel<float, __half, float, (unsigned int)2, (unsigned int)1, (unsigned short)4>(ch_est::puschRxChEstStatDescr_t *, ch_est::puschRxChEstDynDescr_t *)"
3161651107,6752,161899,137,2,1,24,2,1,44,0.001,0.001,,,,,NVIDIA A100-SXM4-40GB MIG 4g.20gb (0),1,,13,"void ch_est::chEstFilterNoDftSOfdmDispatchKernel<float, __half, float, (unsigned int)2>(ch_est::puschRxChEstStatDescr_t *, ch_est::puschRxChEstDynDescr_t *)"
3161662083,5472,161900,137,2,1,24,2,1,44,0.001,0.001,,,,,NVIDIA A100-SXM4-40GB MIG 4g.20gb (0),1,,13,"void ch_est::chEstFilterNoDftSOfdmDispatchKernel<float, __half, float, (unsigned int)2>(ch_est::puschRxChEstStatDescr_t *, ch_est::puschRxChEstDynDescr_t *)"
3161672451,2560,161911,103,1,1,128,1,1,16,0.000,0.000,,,,,NVIDIA A100-SXM4-40GB MIG 4g.20gb (0),1,,13,cupy_copy__complex64_complex64
3161678883,12480,161921,1434,1,1,128,1,1,16,0.000,0.000,,,,,NVIDIA A100-SXM4-40GB MIG 4g.20gb (0),1,,13,cupy_copy__complex64_complex64
3161692611,2496,161928,103,1,1,128,1,1,16,0.000,0.000,,,,,NVIDIA A100-SXM4-40GB MIG 4g.20gb (0),1,,13,cupy_copy__complex64_complex64
3161701186,85215,161935,1,1,1,32,32,1,30,0.000,0.000,,,,,NVIDIA A100-SXM4-40GB MIG 4g.20gb (0),1,,13,"void convert_kernel<__half2, float2>(tensor_layout_any, T1 *, tensor_layout_any, const T2 *)"
3161814305,8224,161938,,,,,,,,,,0.094,11392.965,Pinned,Device,NVIDIA A100-SXM4-40GB MIG 4g.20gb (0),1,,13,[CUDA memcpy Host-to-Device]
3161828097,48735,161939,,,,,,,,,,35.810,734783.748,Device,,NVIDIA A100-SXM4-40GB MIG 4g.20gb (0),1,,13,[CUDA memset]
3161881024,2752,161941,,,,,,,,,,0.000,29.070,Pinned,Device,NVIDIA A100-SXM4-40GB MIG 4g.20gb (0),1,,13,[CUDA memcpy Host-to-Device]
3161887744,12000,161942,,,,,,,,,,0.197,16383.934,Pinned,Device,NVIDIA A100-SXM4-40GB MIG 4g.20gb (0),1,,13,[CUDA memcpy Host-to-Device]
3161905632,10688,161943,273,1,1,48,1,1,40,0.000,0.001,,,,,NVIDIA A100-SXM4-40GB MIG 4g.20gb (0),1,,13,"void pusch_noise_intf_est::noiseIntfEstNoDftSOfdmKernel<float, __half, float, float, (unsigned int)2, (unsigned int)1, (unsigned char)4, (unsigned char)4>(pusch_noise_intf_est::puschRxNoiseIntfEstDynDescr)"
3161920736,2816,161954,35,1,1,128,1,1,16,0.000,0.000,,,,,NVIDIA A100-SXM4-40GB MIG 4g.20gb (0),1,,13,cupy_copy__complex64_complex64
3161936672,2048,161963,1,1,1,1,1,1,18,0.000,0.000,,,,,NVIDIA A100-SXM4-40GB MIG 4g.20gb (0),1,,13,cupy_copy__float32_float32
3161968255,1664,161969,,,,,,,,,,0.000,2.404,Device,Pageable,NVIDIA A100-SXM4-40GB MIG 4g.20gb (0),1,,7,[CUDA memcpy Device-to-Host]
3162029598,12864,161980,1434,1,1,128,1,1,16,0.000,0.000,,,,,NVIDIA A100-SXM4-40GB MIG 4g.20gb (0),1,,13,cupy_copy__complex64_complex64
3162056478,2944,161987,103,1,1,128,1,1,16,0.000,0.000,,,,,NVIDIA A100-SXM4-40GB MIG 4g.20gb (0),1,,13,cupy_copy__complex64_complex64
3162077150,2176,161994,35,1,1,128,1,1,16,0.000,0.000,,,,,NVIDIA A100-SXM4-40GB MIG 4g.20gb (0),1,,13,cupy_copy__complex64_complex64
3162095870,2048,162001,1,1,1,1,1,1,18,0.000,0.000,,,,,NVIDIA A100-SXM4-40GB MIG 4g.20gb (0),1,,13,cupy_copy__float32_float32
3162227772,81631,162012,1,1,1,32,32,1,30,0.000,0.000,,,,,NVIDIA A100-SXM4-40GB MIG 4g.20gb (0),1,,13,"void convert_kernel<__half2, float2>(tensor_layout_any, T1 *, tensor_layout_any, const T2 *)"
3162336667,5376,162015,,,,,,,,,,0.094,17428.487,Pinned,Device,NVIDIA A100-SXM4-40GB MIG 4g.20gb (0),1,,13,[CUDA memcpy Host-to-Device]
3162350970,3456,162016,,,,,,,,,,1.547,447517.201,Device,,NVIDIA A100-SXM4-40GB MIG 4g.20gb (0),1,,13,[CUDA memset]
3162357786,3072,162021,,,,,,,,,,0.031,10187.474,Pinned,Device,NVIDIA A100-SXM4-40GB MIG 4g.20gb (0),1,,13,[CUDA memcpy Host-to-Device]
3162363354,9600,162022,,,,,,,,,,0.197,20479.869,Pinned,Device,NVIDIA A100-SXM4-40GB MIG 4g.20gb (0),1,,13,[CUDA memcpy Host-to-Device]
3162377082,5984,162023,273,1,1,8,4,1,39,0.002,0.000,,,,,NVIDIA A100-SXM4-40GB MIG 4g.20gb (0),1,,13,"void channel_eq::eqMmseCoefCompLowMimoKernel<float, float, float, (unsigned int)4, (unsigned int)1, (unsigned int)4>(const channel_eq::_puschRxChEqStatDescr *, channel_eq::_puschRxChEqCoefCompDynDescr)"
3162384122,8192,162024,273,1,1,12,11,1,51,0.002,0.000,,,,,NVIDIA A100-SXM4-40GB MIG 4g.20gb (0),1,,13,"void channel_eq::eqMmseSoftDemapKernel<float, __half, __half, float, (unsigned int)4, (unsigned short)16383>(channel_eq::_puschRxChEqStatDescr *, channel_eq::_puschRxChEqSoftDemapDynDescr)"
3162394266,294524,162025,1,1,1,32,32,1,30,0.000,0.000,,,,,NVIDIA A100-SXM4-40GB MIG 4g.20gb (0),1,,13,"void convert_kernel<float2, __half2>(tensor_layout_any, T1 *, tensor_layout_any, const T2 *)"
3162689878,11136,162037,2253,1,1,128,1,1,16,0.000,0.000,,,,,NVIDIA A100-SXM4-40GB MIG 4g.20gb (0),1,,13,cupy_copy__float16_float16
3162703062,3680,162046,282,1,1,128,1,1,16,0.000,0.000,,,,,NVIDIA A100-SXM4-40GB MIG 4g.20gb (0),1,,13,cupy_copy__complex64_complex64
3162707766,2016,162055,26,1,1,128,1,1,16,0.000,0.000,,,,,NVIDIA A100-SXM4-40GB MIG 4g.20gb (0),1,,13,cupy_copy__float32_float32
3162711158,4768,162064,103,1,1,128,1,1,16,0.000,0.000,,,,,NVIDIA A100-SXM4-40GB MIG 4g.20gb (0),1,,13,cupy_copy__complex64_complex64
3162718326,12256,162074,1434,1,1,128,1,1,16,0.000,0.000,,,,,NVIDIA A100-SXM4-40GB MIG 4g.20gb (0),1,,13,cupy_copy__complex64_complex64
3162734454,89439,162079,1,1,1,32,32,1,30,0.000,0.000,,,,,NVIDIA A100-SXM4-40GB MIG 4g.20gb (0),1,,13,"void convert_kernel<__half2, float2>(tensor_layout_any, T1 *, tensor_layout_any, const T2 *)"
3162857876,5472,162082,,,,,,,,,,0.094,17122.757,Pinned,Device,NVIDIA A100-SXM4-40GB MIG 4g.20gb (0),1,,13,[CUDA memcpy Host-to-Device]
3162867572,606425,162083,,,,,,,,,,456.561,752869.815,Device,,NVIDIA A100-SXM4-40GB MIG 4g.20gb (0),1,,13,[CUDA memset]
3163477453,67839,162088,,,,,,,,,,1.235,18203.075,Pinned,Device,NVIDIA A100-SXM4-40GB MIG 4g.20gb (0),1,,13,[CUDA memcpy Host-to-Device]
3163549292,13727,162089,,,,,,,,,,0.197,14322.696,Pinned,Device,NVIDIA A100-SXM4-40GB MIG 4g.20gb (0),1,,13,[CUDA memcpy Host-to-Device]
3163570603,9376,162090,69,4,1,48,1,1,76,0.002,0.000,,,,,NVIDIA A100-SXM4-40GB MIG 4g.20gb (0),1,,13,"void ch_est::windowedChEstPreNoDftSOfdmKernel<float, __half, float, (unsigned int)2, (unsigned int)1, (unsigned short)4>(ch_est::puschRxChEstStatDescr_t *, ch_est::puschRxChEstDynDescr_t *)"
3163581707,7712,162091,137,2,1,24,2,1,44,0.001,0.001,,,,,NVIDIA A100-SXM4-40GB MIG 4g.20gb (0),1,,13,"void ch_est::chEstFilterNoDftSOfdmDispatchKernel<float, __half, float, (unsigned int)2>(ch_est::puschRxChEstStatDescr_t *, ch_est::puschRxChEstDynDescr_t *)"
3163591595,5088,162092,137,2,1,24,2,1,44,0.001,0.001,,,,,NVIDIA A100-SXM4-40GB MIG 4g.20gb (0),1,,13,"void ch_est::chEstFilterNoDftSOfdmDispatchKernel<float, __half, float, (unsigned int)2>(ch_est::puschRxChEstStatDescr_t *, ch_est::puschRxChEstDynDescr_t *)"
3163602379,2752,162103,103,1,1,128,1,1,16,0.000,0.000,,,,,NVIDIA A100-SXM4-40GB MIG 4g.20gb (0),1,,13,cupy_copy__complex64_complex64
3163607979,12800,162113,1434,1,1,128,1,1,16,0.000,0.000,,,,,NVIDIA A100-SXM4-40GB MIG 4g.20gb (0),1,,13,cupy_copy__complex64_complex64
3163624811,2784,162120,103,1,1,128,1,1,16,0.000,0.000,,,,,NVIDIA A100-SXM4-40GB MIG 4g.20gb (0),1,,13,cupy_copy__complex64_complex64
3163632939,84543,162127,1,1,1,32,32,1,30,0.000,0.000,,,,,NVIDIA A100-SXM4-40GB MIG 4g.20gb (0),1,,13,"void convert_kernel<__half2, float2>(tensor_layout_any, T1 *, tensor_layout_any, const T2 *)"
3163745641,8896,162130,,,,,,,,,,0.094,10532.367,Pinned,Device,NVIDIA A100-SXM4-40GB MIG 4g.20gb (0),1,,13,[CUDA memcpy Host-to-Device]
3163762185,48447,162131,,,,,,,,,,35.810,739152.559,Device,,NVIDIA A100-SXM4-40GB MIG 4g.20gb (0),1,,13,[CUDA memset]
3163817736,3424,162133,,,,,,,,,,0.000,23.364,Pinned,Device,NVIDIA A100-SXM4-40GB MIG 4g.20gb (0),1,,13,[CUDA memcpy Host-to-Device]
3163824680,13760,162134,,,,,,,,,,0.197,14288.290,Pinned,Device,NVIDIA A100-SXM4-40GB MIG 4g.20gb (0),1,,13,[CUDA memcpy Host-to-Device]
3163846824,10496,162135,273,1,1,48,1,1,40,0.000,0.001,,,,,NVIDIA A100-SXM4-40GB MIG 4g.20gb (0),1,,13,"void pusch_noise_intf_est::noiseIntfEstNoDftSOfdmKernel<float, __half, float, float, (unsigned int)2, (unsigned int)1, (unsigned char)4, (unsigned char)4>(pusch_noise_intf_est::puschRxNoiseIntfEstDynDescr)"
3163861544,2944,162146,35,1,1,128,1,1,16,0.000,0.000,,,,,NVIDIA A100-SXM4-40GB MIG 4g.20gb (0),1,,13,cupy_copy__complex64_complex64
3163870920,2016,162155,1,1,1,1,1,1,18,0.000,0.000,,,,,NVIDIA A100-SXM4-40GB MIG 4g.20gb (0),1,,13,cupy_copy__float32_float32
3163900775,1728,162161,,,,,,,,,,0.000,2.315,Device,Pageable,NVIDIA A100-SXM4-40GB MIG 4g.20gb (0),1,,7,[CUDA memcpy Device-to-Host]
3163962727,12703,162172,1434,1,1,128,1,1,16,0.000,0.000,,,,,NVIDIA A100-SXM4-40GB MIG 4g.20gb (0),1,,13,cupy_copy__complex64_complex64
3163987494,2720,162179,103,1,1,128,1,1,16,0.000,0.000,,,,,NVIDIA A100-SXM4-40GB MIG 4g.20gb (0),1,,13,cupy_copy__complex64_complex64
3164009286,2592,162186,35,1,1,128,1,1,16,0.000,0.000,,,,,NVIDIA A100-SXM4-40GB MIG 4g.20gb (0),1,,13,cupy_copy__complex64_complex64
3164026502,1792,162193,1,1,1,1,1,1,18,0.000,0.000,,,,,NVIDIA A100-SXM4-40GB MIG 4g.20gb (0),1,,13,cupy_copy__float32_float32
3164157060,87231,162204,1,1,1,32,32,1,30,0.000,0.000,,,,,NVIDIA A100-SXM4-40GB MIG 4g.20gb (0),1,,13,"void convert_kernel<__half2, float2>(tensor_layout_any, T1 *, tensor_layout_any, const T2 *)"
3164271555,5408,162207,,,,,,,,,,0.094,17325.421,Pinned,Device,NVIDIA A100-SXM4-40GB MIG 4g.20gb (0),1,,13,[CUDA memcpy Host-to-Device]
3164286435,3359,162208,,,,,,,,,,1.547,460440.791,Device,,NVIDIA A100-SXM4-40GB MIG 4g.20gb (0),1,,13,[CUDA memset]
3164292482,3040,162213,,,,,,,,,,0.031,10294.725,Pinned,Device,NVIDIA A100-SXM4-40GB MIG 4g.20gb (0),1,,13,[CUDA memcpy Host-to-Device]
3164297954,9472,162214,,,,,,,,,,0.197,20756.693,Pinned,Device,NVIDIA A100-SXM4-40GB MIG 4g.20gb (0),1,,13,[CUDA memcpy Host-to-Device]
3164311874,6016,162215,273,1,1,8,4,1,39,0.002,0.000,,,,,NVIDIA A100-SXM4-40GB MIG 4g.20gb (0),1,,13,"void channel_eq::eqMmseCoefCompLowMimoKernel<float, float, float, (unsigned int)4, (unsigned int)1, (unsigned int)4>(const channel_eq::_puschRxChEqStatDescr *, channel_eq::_puschRxChEqCoefCompDynDescr)"
3164318978,7808,162216,273,1,1,12,11,1,51,0.002,0.000,,,,,NVIDIA A100-SXM4-40GB MIG 4g.20gb (0),1,,13,"void channel_eq::eqMmseSoftDemapKernel<float, __half, __half, float, (unsigned int)4, (unsigned short)16383>(channel_eq::_puschRxChEqStatDescr *, channel_eq::_puschRxChEqSoftDemapDynDescr)"
3164331298,279485,162217,1,1,1,32,32,1,30,0.000,0.000,,,,,NVIDIA A100-SXM4-40GB MIG 4g.20gb (0),1,,13,"void convert_kernel<float2, __half2>(tensor_layout_any, T1 *, tensor_layout_any, const T2 *)"
3164612478,10912,162229,2253,1,1,128,1,1,16,0.000,0.000,,,,,NVIDIA A100-SXM4-40GB MIG 4g.20gb (0),1,,13,cupy_copy__float16_float16
3164627166,2720,162238,282,1,1,128,1,1,16,0.000,0.000,,,,,NVIDIA A100-SXM4-40GB MIG 4g.20gb (0),1,,13,cupy_copy__complex64_complex64
3164633086,2080,162247,26,1,1,128,1,1,16,0.000,0.000,,,,,NVIDIA A100-SXM4-40GB MIG 4g.20gb (0),1,,13,cupy_copy__float32_float32
3164637534,3296,162256,103,1,1,128,1,1,16,0.000,0.000,,,,,NVIDIA A100-SXM4-40GB MIG 4g.20gb (0),1,,13,cupy_copy__complex64_complex64
3164641790,11968,162266,1434,1,1,128,1,1,16,0.000,0.000,,,,,NVIDIA A100-SXM4-40GB MIG 4g.20gb (0),1,,13,cupy_copy__complex64_complex64
3164664798,81695,162271,1,1,1,32,32,1,30,0.000,0.000,,,,,NVIDIA A100-SXM4-40GB MIG 4g.20gb (0),1,,13,"void convert_kernel<__half2, float2>(tensor_layout_any, T1 *, tensor_layout_any, const T2 *)"
3164773468,5376,162274,,,,,,,,,,0.094,17428.487,Pinned,Device,NVIDIA A100-SXM4-40GB MIG 4g.20gb (0),1,,13,[CUDA memcpy Host-to-Device]
3164784924,604793,162275,,,,,,,,,,456.561,754696.060,Device,,NVIDIA A100-SXM4-40GB MIG 4g.20gb (0),1,,13,[CUDA memset]
3165390485,71295,162280,,,,,,,,,,1.235,17321.325,Pinned,Device,NVIDIA A100-SXM4-40GB MIG 4g.20gb (0),1,,13,[CUDA memcpy Host-to-Device]
3165465908,14208,162281,,,,,,,,,,0.197,13837.664,Pinned,Device,NVIDIA A100-SXM4-40GB MIG 4g.20gb (0),1,,13,[CUDA memcpy Host-to-Device]
3165486100,9056,162282,69,4,1,48,1,1,76,0.002,0.000,,,,,NVIDIA A100-SXM4-40GB MIG 4g.20gb (0),1,,13,"void ch_est::windowedChEstPreNoDftSOfdmKernel<float, __half, float, (unsigned int)2, (unsigned int)1, (unsigned short)4>(ch_est::puschRxChEstStatDescr_t *, ch_est::puschRxChEstDynDescr_t *)"
3165497396,6207,162283,137,2,1,24,2,1,44,0.001,0.001,,,,,NVIDIA A100-SXM4-40GB MIG 4g.20gb (0),1,,13,"void ch_est::chEstFilterNoDftSOfdmDispatchKernel<float, __half, float, (unsigned int)2>(ch_est::puschRxChEstStatDescr_t *, ch_est::puschRxChEstDynDescr_t *)"
3165507251,6528,162284,137,2,1,24,2,1,44,0.001,0.001,,,,,NVIDIA A100-SXM4-40GB MIG 4g.20gb (0),1,,13,"void ch_est::chEstFilterNoDftSOfdmDispatchKernel<float, __half, float, (unsigned int)2>(ch_est::puschRxChEstStatDescr_t *, ch_est::puschRxChEstDynDescr_t *)"
3165518355,2496,162295,103,1,1,128,1,1,16,0.000,0.000,,,,,NVIDIA A100-SXM4-40GB MIG 4g.20gb (0),1,,13,cupy_copy__complex64_complex64
3165524979,12800,162305,1434,1,1,128,1,1,16,0.000,0.000,,,,,NVIDIA A100-SXM4-40GB MIG 4g.20gb (0),1,,13,cupy_copy__complex64_complex64
3165544435,2720,162312,103,1,1,128,1,1,16,0.000,0.000,,,,,NVIDIA A100-SXM4-40GB MIG 4g.20gb (0),1,,13,cupy_copy__complex64_complex64
3165550163,88127,162319,1,1,1,32,32,1,30,0.000,0.000,,,,,NVIDIA A100-SXM4-40GB MIG 4g.20gb (0),1,,13,"void convert_kernel<__half2, float2>(tensor_layout_any, T1 *, tensor_layout_any, const T2 *)"
3165667153,9216,162322,,,,,,,,,,0.094,10166.578,Pinned,Device,NVIDIA A100-SXM4-40GB MIG 4g.20gb (0),1,,13,[CUDA memcpy Host-to-Device]
3165683345,47136,162323,,,,,,,,,,35.810,759707.453,Device,,NVIDIA A100-SXM4-40GB MIG 4g.20gb (0),1,,13,[CUDA memset]
3165736369,4416,162325,,,,,,,,,,0.000,18.116,Pinned,Device,NVIDIA A100-SXM4-40GB MIG 4g.20gb (0),1,,13,[CUDA memcpy Host-to-Device]
3165744432,14240,162326,,,,,,,,,,0.197,13806.600,Pinned,Device,NVIDIA A100-SXM4-40GB MIG 4g.20gb (0),1,,13,[CUDA memcpy Host-to-Device]
3165765328,11456,162327,273,1,1,48,1,1,40,0.000,0.001,,,,,NVIDIA A100-SXM4-40GB MIG 4g.20gb (0),1,,13,"void pusch_noise_intf_est::noiseIntfEstNoDftSOfdmKernel<float, __half, float, float, (unsigned int)2, (unsigned int)1, (unsigned char)4, (unsigned char)4>(pusch_noise_intf_est::puschRxNoiseIntfEstDynDescr)"
3165782384,2976,162338,35,1,1,128,1,1,16,0.000,0.000,,,,,NVIDIA A100-SXM4-40GB MIG 4g.20gb (0),1,,13,cupy_copy__complex64_complex64
3165790832,1792,162347,1,1,1,1,1,1,18,0.000,0.000,,,,,NVIDIA A100-SXM4-40GB MIG 4g.20gb (0),1,,13,cupy_copy__float32_float32
3165821680,2208,162353,,,,,,,,,,0.000,1.812,Device,Pageable,NVIDIA A100-SXM4-40GB MIG 4g.20gb (0),1,,7,[CUDA memcpy Device-to-Host]
3165883087,12768,162364,1434,1,1,128,1,1,16,0.000,0.000,,,,,NVIDIA A100-SXM4-40GB MIG 4g.20gb (0),1,,13,cupy_copy__complex64_complex64
3165909614,2912,162371,103,1,1,128,1,1,16,0.000,0.000,,,,,NVIDIA A100-SXM4-40GB MIG 4g.20gb (0),1,,13,cupy_copy__complex64_complex64
3165930926,2784,162378,35,1,1,128,1,1,16,0.000,0.000,,,,,NVIDIA A100-SXM4-40GB MIG 4g.20gb (0),1,,13,cupy_copy__complex64_complex64
3165948974,1760,162385,1,1,1,1,1,1,18,0.000,0.000,,,,,NVIDIA A100-SXM4-40GB MIG 4g.20gb (0),1,,13,cupy_copy__float32_float32
3166080908,82911,162396,1,1,1,32,32,1,30,0.000,0.000,,,,,NVIDIA A100-SXM4-40GB MIG 4g.20gb (0),1,,13,"void convert_kernel<__half2, float2>(tensor_layout_any, T1 *, tensor_layout_any, const T2 *)"
3166191051,5760,162399,,,,,,,,,,0.094,16266.656,Pinned,Device,NVIDIA A100-SXM4-40GB MIG 4g.20gb (0),1,,13,[CUDA memcpy Host-to-Device]
3166205451,3232,162400,,,,,,,,,,1.547,478533.199,Device,,NVIDIA A100-SXM4-40GB MIG 4g.20gb (0),1,,13,[CUDA memset]
3166212331,3040,162405,,,,,,,,,,0.031,10294.725,Pinned,Device,NVIDIA A100-SXM4-40GB MIG 4g.20gb (0),1,,13,[CUDA memcpy Host-to-Device]
3166217931,9344,162406,,,,,,,,,,0.197,21040.988,Pinned,Device,NVIDIA A100-SXM4-40GB MIG 4g.20gb (0),1,,13,[CUDA memcpy Host-to-Device]
3166231146,5632,162407,273,1,1,8,4,1,39,0.002,0.000,,,,,NVIDIA A100-SXM4-40GB MIG 4g.20gb (0),1,,13,"void channel_eq::eqMmseCoefCompLowMimoKernel<float, float, float, (unsigned int)4, (unsigned int)1, (unsigned int)4>(const channel_eq::_puschRxChEqStatDescr *, channel_eq::_puschRxChEqCoefCompDynDescr)"
3166237770,6336,162408,273,1,1,12,11,1,51,0.002,0.000,,,,,NVIDIA A100-SXM4-40GB MIG 4g.20gb (0),1,,13,"void channel_eq::eqMmseSoftDemapKernel<float, __half, __half, float, (unsigned int)4, (unsigned short)16383>(channel_eq::_puschRxChEqStatDescr *, channel_eq::_puschRxChEqSoftDemapDynDescr)"
3166245066,282653,162409,1,1,1,32,32,1,30,0.000,0.000,,,,,NVIDIA A100-SXM4-40GB MIG 4g.20gb (0),1,,13,"void convert_kernel<float2, __half2>(tensor_layout_any, T1 *, tensor_layout_any, const T2 *)"
3166528807,10816,162421,2253,1,1,128,1,1,16,0.000,0.000,,,,,NVIDIA A100-SXM4-40GB MIG 4g.20gb (0),1,,13,cupy_copy__float16_float16
3166542663,3648,162430,282,1,1,128,1,1,16,0.000,0.000,,,,,NVIDIA A100-SXM4-40GB MIG 4g.20gb (0),1,,13,cupy_copy__complex64_complex64
3166548455,2240,162439,26,1,1,128,1,1,16,0.000,0.000,,,,,NVIDIA A100-SXM4-40GB MIG 4g.20gb (0),1,,13,cupy_copy__float32_float32
3166551847,2847,162448,103,1,1,128,1,1,16,0.000,0.000,,,,,NVIDIA A100-SXM4-40GB MIG 4g.20gb (0),1,,13,cupy_copy__complex64_complex64
3166555782,12128,162458,1434,1,1,128,1,1,16,0.000,0.000,,,,,NVIDIA A100-SXM4-40GB MIG 4g.20gb (0),1,,13,cupy_copy__complex64_complex64
3166582406,82783,162463,1,1,1,32,32,1,30,0.000,0.000,,,,,NVIDIA A100-SXM4-40GB MIG 4g.20gb (0),1,,13,"void convert_kernel<__half2, float2>(tensor_layout_any, T1 *, tensor_layout_any, const T2 *)"
3166692293,5536,162466,,,,,,,,,,0.094,16924.777,Pinned,Device,NVIDIA A100-SXM4-40GB MIG 4g.20gb (0),1,,13,[CUDA memcpy Host-to-Device]
3166702309,602168,162467,,,,,,,,,,456.561,757891.990,Device,,NVIDIA A100-SXM4-40GB MIG 4g.20gb (0),1,,13,[CUDA memset]
3167312605,69567,162472,,,,,,,,,,1.235,17751.085,Pinned,Device,NVIDIA A100-SXM4-40GB MIG 4g.20gb (0),1,,13,[CUDA memcpy Host-to-Device]
3167385692,15584,162473,,,,,,,,,,0.197,12615.942,Pinned,Device,NVIDIA A100-SXM4-40GB MIG 4g.20gb (0),1,,13,[CUDA memcpy Host-to-Device]
3167409948,7904,162474,69,4,1,48,1,1,76,0.002,0.000,,,,,NVIDIA A100-SXM4-40GB MIG 4g.20gb (0),1,,13,"void ch_est::windowedChEstPreNoDftSOfdmKernel<float, __half, float, (unsigned int)2, (unsigned int)1, (unsigned short)4>(ch_est::puschRxChEstStatDescr_t *, ch_est::puschRxChEstDynDescr_t *)"
3167421916,6400,162475,137,2,1,24,2,1,44,0.001,0.001,,,,,NVIDIA A100-SXM4-40GB MIG 4g.20gb (0),1,,13,"void ch_est::chEstFilterNoDftSOfdmDispatchKernel<float, __half, float, (unsigned int)2>(ch_est::puschRxChEstStatDescr_t *, ch_est::puschRxChEstDynDescr_t *)"
3167431708,5280,162476,137,2,1,24,2,1,44,0.001,0.001,,,,,NVIDIA A100-SXM4-40GB MIG 4g.20gb (0),1,,13,"void ch_est::chEstFilterNoDftSOfdmDispatchKernel<float, __half, float, (unsigned int)2>(ch_est::puschRxChEstStatDescr_t *, ch_est::puschRxChEstDynDescr_t *)"
3167442268,2559,162487,103,1,1,128,1,1,16,0.000,0.000,,,,,NVIDIA A100-SXM4-40GB MIG 4g.20gb (0),1,,13,cupy_copy__complex64_complex64
3167447771,12416,162497,1434,1,1,128,1,1,16,0.000,0.000,,,,,NVIDIA A100-SXM4-40GB MIG 4g.20gb (0),1,,13,cupy_copy__complex64_complex64
3167463707,2624,162504,103,1,1,128,1,1,16,0.000,0.000,,,,,NVIDIA A100-SXM4-40GB MIG 4g.20gb (0),1,,13,cupy_copy__complex64_complex64
3167471323,90047,162511,1,1,1,32,32,1,30,0.000,0.000,,,,,NVIDIA A100-SXM4-40GB MIG 4g.20gb (0),1,,13,"void convert_kernel<__half2, float2>(tensor_layout_any, T1 *, tensor_layout_any, const T2 *)"
3167590298,9088,162514,,,,,,,,,,0.094,10309.839,Pinned,Device,NVIDIA A100-SXM4-40GB MIG 4g.20gb (0),1,,13,[CUDA memcpy Host-to-Device]
3167607865,48512,162515,,,,,,,,,,35.810,738149.881,Device,,NVIDIA A100-SXM4-40GB MIG 4g.20gb (0),1,,13,[CUDA memset]
3167660889,2784,162517,,,,,,,,,,0.000,28.736,Pinned,Device,NVIDIA A100-SXM4-40GB MIG 4g.20gb (0),1,,13,[CUDA memcpy Host-to-Device]
3167668377,13600,162518,,,,,,,,,,0.197,14456.390,Pinned,Device,NVIDIA A100-SXM4-40GB MIG 4g.20gb (0),1,,13,[CUDA memcpy Host-to-Device]
3167689720,9472,162519,273,1,1,48,1,1,40,0.000,0.001,,,,,NVIDIA A100-SXM4-40GB MIG 4g.20gb (0),1,,13,"void pusch_noise_intf_est::noiseIntfEstNoDftSOfdmKernel<float, __half, float, float, (unsigned int)2, (unsigned int)1, (unsigned char)4, (unsigned char)4>(pusch_noise_intf_est::puschRxNoiseIntfEstDynDescr)"
3167703960,3008,162530,35,1,1,128,1,1,16,0.000,0.000,,,,,NVIDIA A100-SXM4-40GB MIG 4g.20gb (0),1,,13,cupy_copy__complex64_complex64
3167713048,1888,162539,1,1,1,1,1,1,18,0.000,0.000,,,,,NVIDIA A100-SXM4-40GB MIG 4g.20gb (0),1,,13,cupy_copy__float32_float32
3167744376,2144,162545,,,,,,,,,,0.000,1.866,Device,Pageable,NVIDIA A100-SXM4-40GB MIG 4g.20gb (0),1,,7,[CUDA memcpy Device-to-Host]
3167805367,12736,162556,1434,1,1,128,1,1,16,0.000,0.000,,,,,NVIDIA A100-SXM4-40GB MIG 4g.20gb (0),1,,13,cupy_copy__complex64_complex64
3167831543,2656,162563,103,1,1,128,1,1,16,0.000,0.000,,,,,NVIDIA A100-SXM4-40GB MIG 4g.20gb (0),1,,13,cupy_copy__complex64_complex64
3167851958,2176,162570,35,1,1,128,1,1,16,0.000,0.000,,,,,NVIDIA A100-SXM4-40GB MIG 4g.20gb (0),1,,13,cupy_copy__complex64_complex64
3167872214,1696,162577,1,1,1,1,1,1,18,0.000,0.000,,,,,NVIDIA A100-SXM4-40GB MIG 4g.20gb (0),1,,13,cupy_copy__float32_float32
3168002261,82879,162588,1,1,1,32,32,1,30,0.000,0.000,,,,,NVIDIA A100-SXM4-40GB MIG 4g.20gb (0),1,,13,"void convert_kernel<__half2, float2>(tensor_layout_any, T1 *, tensor_layout_any, const T2 *)"
3168112755,5600,162591,,,,,,,,,,0.094,16731.388,Pinned,Device,NVIDIA A100-SXM4-40GB MIG 4g.20gb (0),1,,13,[CUDA memcpy Host-to-Device]
3168128051,3488,162592,,,,,,,,,,1.547,443412.461,Device,,NVIDIA A100-SXM4-40GB MIG 4g.20gb (0),1,,13,[CUDA memset]
3168134515,3072,162597,,,,,,,,,,0.031,10187.474,Pinned,Device,NVIDIA A100-SXM4-40GB MIG 4g.20gb (0),1,,13,[CUDA memcpy Host-to-Device]
3168140019,9632,162598,,,,,,,,,,0.197,20411.843,Pinned,Device,NVIDIA A100-SXM4-40GB MIG 4g.20gb (0),1,,13,[CUDA memcpy Host-to-Device]
3168153619,6176,162599,273,1,1,8,4,1,39,0.002,0.000,,,,,NVIDIA A100-SXM4-40GB MIG 4g.20gb (0),1,,13,"void channel_eq::eqMmseCoefCompLowMimoKernel<float, float, float, (unsigned int)4, (unsigned int)1, (unsigned int)4>(const channel_eq::_puschRxChEqStatDescr *, channel_eq::_puschRxChEqCoefCompDynDescr)"
3168162835,5632,162600,273,1,1,12,11,1,51,0.002,0.000,,,,,NVIDIA A100-SXM4-40GB MIG 4g.20gb (0),1,,13,"void channel_eq::eqMmseSoftDemapKernel<float, __half, __half, float, (unsigned int)4, (unsigned short)16383>(channel_eq::_puschRxChEqStatDescr *, channel_eq::_puschRxChEqSoftDemapDynDescr)"
3168169523,282908,162601,1,1,1,32,32,1,30,0.000,0.000,,,,,NVIDIA A100-SXM4-40GB MIG 4g.20gb (0),1,,13,"void convert_kernel<float2, __half2>(tensor_layout_any, T1 *, tensor_layout_any, const T2 *)"
3168454255,10816,162613,2253,1,1,128,1,1,16,0.000,0.000,,,,,NVIDIA A100-SXM4-40GB MIG 4g.20gb (0),1,,13,cupy_copy__float16_float16
3168468335,3520,162622,282,1,1,128,1,1,16,0.000,0.000,,,,,NVIDIA A100-SXM4-40GB MIG 4g.20gb (0),1,,13,cupy_copy__complex64_complex64
3168474351,2048,162631,26,1,1,128,1,1,16,0.000,0.000,,,,,NVIDIA A100-SXM4-40GB MIG 4g.20gb (0),1,,13,cupy_copy__float32_float32
3168479343,6400,162640,103,1,1,128,1,1,16,0.000,0.000,,,,,NVIDIA A100-SXM4-40GB MIG 4g.20gb (0),1,,13,cupy_copy__complex64_complex64
3168487503,11935,162650,1434,1,1,128,1,1,16,0.000,0.000,,,,,NVIDIA A100-SXM4-40GB MIG 4g.20gb (0),1,,13,cupy_copy__complex64_complex64
3168502606,89599,162655,1,1,1,32,32,1,30,0.000,0.000,,,,,NVIDIA A100-SXM4-40GB MIG 4g.20gb (0),1,,13,"void convert_kernel<__half2, float2>(tensor_layout_any, T1 *, tensor_layout_any, const T2 *)"
3168618893,5344,162658,,,,,,,,,,0.094,17532.864,Pinned,Device,NVIDIA A100-SXM4-40GB MIG 4g.20gb (0),1,,13,[CUDA memcpy Host-to-Device]
3168629357,603928,162659,,,,,,,,,,456.561,755609.183,Device,,NVIDIA A100-SXM4-40GB MIG 4g.20gb (0),1,,13,[CUDA memset]
3169239749,67231,162664,,,,,,,,,,1.235,18368.557,Pinned,Device,NVIDIA A100-SXM4-40GB MIG 4g.20gb (0),1,,13,[CUDA memcpy Host-to-Device]
3169310180,14368,162665,,,,,,,,,,0.197,13683.720,Pinned,Device,NVIDIA A100-SXM4-40GB MIG 4g.20gb (0),1,,13,[CUDA memcpy Host-to-Device]
3169333284,8000,162666,69,4,1,48,1,1,76,0.002,0.000,,,,,NVIDIA A100-SXM4-40GB MIG 4g.20gb (0),1,,13,"void ch_est::windowedChEstPreNoDftSOfdmKernel<float, __half, float, (unsigned int)2, (unsigned int)1, (unsigned short)4>(ch_est::puschRxChEstStatDescr_t *, ch_est::puschRxChEstDynDescr_t *)"
3169345060,6496,162667,137,2,1,24,2,1,44,0.001,0.001,,,,,NVIDIA A100-SXM4-40GB MIG 4g.20gb (0),1,,13,"void ch_est::chEstFilterNoDftSOfdmDispatchKernel<float, __half, float, (unsigned int)2>(ch_est::puschRxChEstStatDescr_t *, ch_est::puschRxChEstDynDescr_t *)"
3169356644,5568,162668,137,2,1,24,2,1,44,0.001,0.001,,,,,NVIDIA A100-SXM4-40GB MIG 4g.20gb (0),1,,13,"void ch_est::chEstFilterNoDftSOfdmDispatchKernel<float, __half, float, (unsigned int)2>(ch_est::puschRxChEstStatDescr_t *, ch_est::puschRxChEstDynDescr_t *)"
3169367044,2752,162679,103,1,1,128,1,1,16,0.000,0.000,,,,,NVIDIA A100-SXM4-40GB MIG 4g.20gb (0),1,,13,cupy_copy__complex64_complex64
3169372772,13151,162689,1434,1,1,128,1,1,16,0.000,0.000,,,,,NVIDIA A100-SXM4-40GB MIG 4g.20gb (0),1,,13,cupy_copy__complex64_complex64
3169387171,2368,162696,103,1,1,128,1,1,16,0.000,0.000,,,,,NVIDIA A100-SXM4-40GB MIG 4g.20gb (0),1,,13,cupy_copy__complex64_complex64
3169393923,83743,162703,1,1,1,32,32,1,30,0.000,0.000,,,,,NVIDIA A100-SXM4-40GB MIG 4g.20gb (0),1,,13,"void convert_kernel<__half2, float2>(tensor_layout_any, T1 *, tensor_layout_any, const T2 *)"
3169506018,9184,162706,,,,,,,,,,0.094,10202.089,Pinned,Device,NVIDIA A100-SXM4-40GB MIG 4g.20gb (0),1,,13,[CUDA memcpy Host-to-Device]
3169522338,47519,162707,,,,,,,,,,35.810,753583.956,Device,,NVIDIA A100-SXM4-40GB MIG 4g.20gb (0),1,,13,[CUDA memset]
3169573601,2816,162709,,,,,,,,,,0.000,28.409,Pinned,Device,NVIDIA A100-SXM4-40GB MIG 4g.20gb (0),1,,13,[CUDA memcpy Host-to-Device]
3169579873,13312,162710,,,,,,,,,,0.197,14769.193,Pinned,Device,NVIDIA A100-SXM4-40GB MIG 4g.20gb (0),1,,13,[CUDA memcpy Host-to-Device]
3169603361,11232,162711,273,1,1,48,1,1,40,0.000,0.001,,,,,NVIDIA A100-SXM4-40GB MIG 4g.20gb (0),1,,13,"void pusch_noise_intf_est::noiseIntfEstNoDftSOfdmKernel<float, __half, float, float, (unsigned int)2, (unsigned int)1, (unsigned char)4, (unsigned char)4>(pusch_noise_intf_est::puschRxNoiseIntfEstDynDescr)"
3169619745,3296,162722,35,1,1,128,1,1,16,0.000,0.000,,,,,NVIDIA A100-SXM4-40GB MIG 4g.20gb (0),1,,13,cupy_copy__complex64_complex64
3169627648,1728,162731,1,1,1,1,1,1,18,0.000,0.000,,,,,NVIDIA A100-SXM4-40GB MIG 4g.20gb (0),1,,13,cupy_copy__float32_float32
3169657184,1984,162737,,,,,,,,,,0.000,2.016,Device,Pageable,NVIDIA A100-SXM4-40GB MIG 4g.20gb (0),1,,7,[CUDA memcpy Device-to-Host]
3169717599,12512,162748,1434,1,1,128,1,1,16,0.000,0.000,,,,,NVIDIA A100-SXM4-40GB MIG 4g.20gb (0),1,,13,cupy_copy__complex64_complex64
3169743647,3520,162755,103,1,1,128,1,1,16,0.000,0.000,,,,,NVIDIA A100-SXM4-40GB MIG 4g.20gb (0),1,,13,cupy_copy__complex64_complex64
3169765375,2304,162762,35,1,1,128,1,1,16,0.000,0.000,,,,,NVIDIA A100-SXM4-40GB MIG 4g.20gb (0),1,,13,cupy_copy__complex64_complex64
3169784639,1760,162769,1,1,1,1,1,1,18,0.000,0.000,,,,,NVIDIA A100-SXM4-40GB MIG 4g.20gb (0),1,,13,cupy_copy__float32_float32
3169916157,82815,162780,1,1,1,32,32,1,30,0.000,0.000,,,,,NVIDIA A100-SXM4-40GB MIG 4g.20gb (0),1,,13,"void convert_kernel<__half2, float2>(tensor_layout_any, T1 *, tensor_layout_any, const T2 *)"
3170025660,5567,162783,,,,,,,,,,0.094,16830.519,Pinned,Device,NVIDIA A100-SXM4-40GB MIG 4g.20gb (0),1,,13,[CUDA memcpy Host-to-Device]
3170040475,3488,162784,,,,,,,,,,1.547,443412.461,Device,,NVIDIA A100-SXM4-40GB MIG 4g.20gb (0),1,,13,[CUDA memset]
3170046491,3008,162789,,,,,,,,,,0.031,10404.230,Pinned,Device,NVIDIA A100-SXM4-40GB MIG 4g.20gb (0),1,,13,[CUDA memcpy Host-to-Device]
3170051995,9536,162790,,,,,,,,,,0.197,20617.298,Pinned,Device,NVIDIA A100-SXM4-40GB MIG 4g.20gb (0),1,,13,[CUDA memcpy Host-to-Device]
3170066171,6496,162791,273,1,1,8,4,1,39,0.002,0.000,,,,,NVIDIA A100-SXM4-40GB MIG 4g.20gb (0),1,,13,"void channel_eq::eqMmseCoefCompLowMimoKernel<float, float, float, (unsigned int)4, (unsigned int)1, (unsigned int)4>(const channel_eq::_puschRxChEqStatDescr *, channel_eq::_puschRxChEqCoefCompDynDescr)"
3170075291,5664,162792,273,1,1,12,11,1,51,0.002,0.000,,,,,NVIDIA A100-SXM4-40GB MIG 4g.20gb (0),1,,13,"void channel_eq::eqMmseSoftDemapKernel<float, __half, __half, float, (unsigned int)4, (unsigned short)16383>(channel_eq::_puschRxChEqStatDescr *, channel_eq::_puschRxChEqSoftDemapDynDescr)"
3170083259,291388,162793,1,1,1,32,32,1,30,0.000,0.000,,,,,NVIDIA A100-SXM4-40GB MIG 4g.20gb (0),1,,13,"void convert_kernel<float2, __half2>(tensor_layout_any, T1 *, tensor_layout_any, const T2 *)"
3170377463,11104,162805,2253,1,1,128,1,1,16,0.000,0.000,,,,,NVIDIA A100-SXM4-40GB MIG 4g.20gb (0),1,,13,cupy_copy__float16_float16
3170392311,3520,162814,282,1,1,128,1,1,16,0.000,0.000,,,,,NVIDIA A100-SXM4-40GB MIG 4g.20gb (0),1,,13,cupy_copy__complex64_complex64
3170398039,2304,162823,26,1,1,128,1,1,16,0.000,0.000,,,,,NVIDIA A100-SXM4-40GB MIG 4g.20gb (0),1,,13,cupy_copy__float32_float32
3170401303,2912,162832,103,1,1,128,1,1,16,0.000,0.000,,,,,NVIDIA A100-SXM4-40GB MIG 4g.20gb (0),1,,13,cupy_copy__complex64_complex64
3170406743,11904,162842,1434,1,1,128,1,1,16,0.000,0.000,,,,,NVIDIA A100-SXM4-40GB MIG 4g.20gb (0),1,,13,cupy_copy__complex64_complex64
3170421559,85855,162847,1,1,1,32,32,1,30,0.000,0.000,,,,,NVIDIA A100-SXM4-40GB MIG 4g.20gb (0),1,,13,"void convert_kernel<__half2, float2>(tensor_layout_any, T1 *, tensor_layout_any, const T2 *)"
3170534549,5696,162850,,,,,,,,,,0.094,16449.363,Pinned,Device,NVIDIA A100-SXM4-40GB MIG 4g.20gb (0),1,,13,[CUDA memcpy Host-to-Device]
3170545653,610553,162851,,,,,,,,,,456.561,747391.077,Device,,NVIDIA A100-SXM4-40GB MIG 4g.20gb (0),1,,13,[CUDA memset]
3171158702,70591,162856,,,,,,,,,,1.235,17494.217,Pinned,Device,NVIDIA A100-SXM4-40GB MIG 4g.20gb (0),1,,13,[CUDA memcpy Host-to-Device]
3171232941,14815,162857,,,,,,,,,,0.197,13270.843,Pinned,Device,NVIDIA A100-SXM4-40GB MIG 4g.20gb (0),1,,13,[CUDA memcpy Host-to-Device]
3171255148,8544,162858,69,4,1,48,1,1,76,0.002,0.000,,,,,NVIDIA A100-SXM4-40GB MIG 4g.20gb (0),1,,13,"void ch_est::windowedChEstPreNoDftSOfdmKernel<float, __half, float, (unsigned int)2, (unsigned int)1, (unsigned short)4>(ch_est::puschRxChEstStatDescr_t *, ch_est::puschRxChEstDynDescr_t *)"
3171266092,7296,162859,137,2,1,24,2,1,44,0.001,0.001,,,,,NVIDIA A100-SXM4-40GB MIG 4g.20gb (0),1,,13,"void ch_est::chEstFilterNoDftSOfdmDispatchKernel<float, __half, float, (unsigned int)2>(ch_est::puschRxChEstStatDescr_t *, ch_est::puschRxChEstDynDescr_t *)"
3171277452,5056,162860,137,2,1,24,2,1,44,0.001,0.001,,,,,NVIDIA A100-SXM4-40GB MIG 4g.20gb (0),1,,13,"void ch_est::chEstFilterNoDftSOfdmDispatchKernel<float, __half, float, (unsigned int)2>(ch_est::puschRxChEstStatDescr_t *, ch_est::puschRxChEstDynDescr_t *)"
3171289772,2560,162871,103,1,1,128,1,1,16,0.000,0.000,,,,,NVIDIA A100-SXM4-40GB MIG 4g.20gb (0),1,,13,cupy_copy__complex64_complex64
3171296300,12544,162881,1434,1,1,128,1,1,16,0.000,0.000,,,,,NVIDIA A100-SXM4-40GB MIG 4g.20gb (0),1,,13,cupy_copy__complex64_complex64
3171311532,2592,162888,103,1,1,128,1,1,16,0.000,0.000,,,,,NVIDIA A100-SXM4-40GB MIG 4g.20gb (0),1,,13,cupy_copy__complex64_complex64
3171317644,84319,162895,1,1,1,32,32,1,30,0.000,0.000,,,,,NVIDIA A100-SXM4-40GB MIG 4g.20gb (0),1,,13,"void convert_kernel<__half2, float2>(tensor_layout_any, T1 *, tensor_layout_any, const T2 *)"
3171430506,8672,162898,,,,,,,,,,0.094,10804.367,Pinned,Device,NVIDIA A100-SXM4-40GB MIG 4g.20gb (0),1,,13,[CUDA memcpy Host-to-Device]
3171446154,48191,162899,,,,,,,,,,35.810,743055.840,Device,,NVIDIA A100-SXM4-40GB MIG 4g.20gb (0),1,,13,[CUDA memset]
3171498505,2368,162901,,,,,,,,,,0.000,33.784,Pinned,Device,NVIDIA A100-SXM4-40GB MIG 4g.20gb (0),1,,13,[CUDA memcpy Host-to-Device]
3171504361,12672,162902,,,,,,,,,,0.197,15515.124,Pinned,Device,NVIDIA A100-SXM4-40GB MIG 4g.20gb (0),1,,13,[CUDA memcpy Host-to-Device]
3171523049,11264,162903,273,1,1,48,1,1,40,0.000,0.001,,,,,NVIDIA A100-SXM4-40GB MIG 4g.20gb (0),1,,13,"void pusch_noise_intf_est::noiseIntfEstNoDftSOfdmKernel<float, __half, float, float, (unsigned int)2, (unsigned int)1, (unsigned char)4, (unsigned char)4>(pusch_noise_intf_est::puschRxNoiseIntfEstDynDescr)"
3171536425,3072,162914,35,1,1,128,1,1,16,0.000,0.000,,,,,NVIDIA A100-SXM4-40GB MIG 4g.20gb (0),1,,13,cupy_copy__complex64_complex64
3171554793,1760,162923,1,1,1,1,1,1,18,0.000,0.000,,,,,NVIDIA A100-SXM4-40GB MIG 4g.20gb (0),1,,13,cupy_copy__float32_float32
3171582312,2688,162929,,,,,,,,,,0.000,1.488,Device,Pageable,NVIDIA A100-SXM4-40GB MIG 4g.20gb (0),1,,7,[CUDA memcpy Device-to-Host]
3171643560,12767,162940,1434,1,1,128,1,1,16,0.000,0.000,,,,,NVIDIA A100-SXM4-40GB MIG 4g.20gb (0),1,,13,cupy_copy__complex64_complex64
3171671175,3392,162947,103,1,1,128,1,1,16,0.000,0.000,,,,,NVIDIA A100-SXM4-40GB MIG 4g.20gb (0),1,,13,cupy_copy__complex64_complex64
3171690791,2944,162954,35,1,1,128,1,1,16,0.000,0.000,,,,,NVIDIA A100-SXM4-40GB MIG 4g.20gb (0),1,,13,cupy_copy__complex64_complex64
3171708615,1920,162961,1,1,1,1,1,1,18,0.000,0.000,,,,,NVIDIA A100-SXM4-40GB MIG 4g.20gb (0),1,,13,cupy_copy__float32_float32
3171840933,82207,162972,1,1,1,32,32,1,30,0.000,0.000,,,,,NVIDIA A100-SXM4-40GB MIG 4g.20gb (0),1,,13,"void convert_kernel<__half2, float2>(tensor_layout_any, T1 *, tensor_layout_any, const T2 *)"
3171950468,5632,162975,,,,,,,,,,0.094,16636.287,Pinned,Device,NVIDIA A100-SXM4-40GB MIG 4g.20gb (0),1,,13,[CUDA memcpy Host-to-Device]
3171964676,3296,162976,,,,,,,,,,1.547,469242.628,Device,,NVIDIA A100-SXM4-40GB MIG 4g.20gb (0),1,,13,[CUDA memset]
3171971940,3007,162981,,,,,,,,,,0.031,10407.704,Pinned,Device,NVIDIA A100-SXM4-40GB MIG 4g.20gb (0),1,,13,[CUDA memcpy Host-to-Device]
3171977539,9344,162982,,,,,,,,,,0.197,21040.988,Pinned,Device,NVIDIA A100-SXM4-40GB MIG 4g.20gb (0),1,,13,[CUDA memcpy Host-to-Device]
3171990659,6176,162983,273,1,1,8,4,1,39,0.002,0.000,,,,,NVIDIA A100-SXM4-40GB MIG 4g.20gb (0),1,,13,"void channel_eq::eqMmseCoefCompLowMimoKernel<float, float, float, (unsigned int)4, (unsigned int)1, (unsigned int)4>(const channel_eq::_puschRxChEqStatDescr *, channel_eq::_puschRxChEqCoefCompDynDescr)"
3171997923,6400,162984,273,1,1,12,11,1,51,0.002,0.000,,,,,NVIDIA A100-SXM4-40GB MIG 4g.20gb (0),1,,13,"void channel_eq::eqMmseSoftDemapKernel<float, __half, __half, float, (unsigned int)4, (unsigned short)16383>(channel_eq::_puschRxChEqStatDescr *, channel_eq::_puschRxChEqSoftDemapDynDescr)"
3172005635,294876,162985,1,1,1,32,32,1,30,0.000,0.000,,,,,NVIDIA A100-SXM4-40GB MIG 4g.20gb (0),1,,13,"void convert_kernel<float2, __half2>(tensor_layout_any, T1 *, tensor_layout_any, const T2 *)"
3172301599,10976,162997,2253,1,1,128,1,1,16,0.000,0.000,,,,,NVIDIA A100-SXM4-40GB MIG 4g.20gb (0),1,,13,cupy_copy__float16_float16
3172315679,3552,163006,282,1,1,128,1,1,16,0.000,0.000,,,,,NVIDIA A100-SXM4-40GB MIG 4g.20gb (0),1,,13,cupy_copy__complex64_complex64
3172321119,2176,163015,26,1,1,128,1,1,16,0.000,0.000,,,,,NVIDIA A100-SXM4-40GB MIG 4g.20gb (0),1,,13,cupy_copy__float32_float32
3172324191,2880,163024,103,1,1,128,1,1,16,0.000,0.000,,,,,NVIDIA A100-SXM4-40GB MIG 4g.20gb (0),1,,13,cupy_copy__complex64_complex64
3172330431,12064,163034,1434,1,1,128,1,1,16,0.000,0.000,,,,,NVIDIA A100-SXM4-40GB MIG 4g.20gb (0),1,,13,cupy_copy__complex64_complex64
3172344639,81311,163039,1,1,1,32,32,1,30,0.000,0.000,,,,,NVIDIA A100-SXM4-40GB MIG 4g.20gb (0),1,,13,"void convert_kernel<__half2, float2>(tensor_layout_any, T1 *, tensor_layout_any, const T2 *)"
3172452990,5311,163042,,,,,,,,,,0.094,17641.832,Pinned,Device,NVIDIA A100-SXM4-40GB MIG 4g.20gb (0),1,,13,[CUDA memcpy Host-to-Device]
3172463101,606329,163043,,,,,,,,,,456.561,752869.815,Device,,NVIDIA A100-SXM4-40GB MIG 4g.20gb (0),1,,13,[CUDA memset]
3173073526,65247,163048,,,,,,,,,,1.235,18926.752,Pinned,Device,NVIDIA A100-SXM4-40GB MIG 4g.20gb (0),1,,13,[CUDA memcpy Host-to-Device]
3173143509,14368,163049,,,,,,,,,,0.197,13683.720,Pinned,Device,NVIDIA A100-SXM4-40GB MIG 4g.20gb (0),1,,13,[CUDA memcpy Host-to-Device]
3173168565,8608,163050,69,4,1,48,1,1,76,0.002,0.000,,,,,NVIDIA A100-SXM4-40GB MIG 4g.20gb (0),1,,13,"void ch_est::windowedChEstPreNoDftSOfdmKernel<float, __half, float, (unsigned int)2, (unsigned int)1, (unsigned short)4>(ch_est::puschRxChEstStatDescr_t *, ch_est::puschRxChEstDynDescr_t *)"
3173179509,7519,163051,137,2,1,24,2,1,44,0.001,0.001,,,,,NVIDIA A100-SXM4-40GB MIG 4g.20gb (0),1,,13,"void ch_est::chEstFilterNoDftSOfdmDispatchKernel<float, __half, float, (unsigned int)2>(ch_est::puschRxChEstStatDescr_t *, ch_est::puschRxChEstDynDescr_t *)"
3173189780,5088,163052,137,2,1,24,2,1,44,0.001,0.001,,,,,NVIDIA A100-SXM4-40GB MIG 4g.20gb (0),1,,13,"void ch_est::chEstFilterNoDftSOfdmDispatchKernel<float, __half, float, (unsigned int)2>(ch_est::puschRxChEstStatDescr_t *, ch_est::puschRxChEstDynDescr_t *)"
3173201556,2496,163063,103,1,1,128,1,1,16,0.000,0.000,,,,,NVIDIA A100-SXM4-40GB MIG 4g.20gb (0),1,,13,cupy_copy__complex64_complex64
3173207892,12480,163073,1434,1,1,128,1,1,16,0.000,0.000,,,,,NVIDIA A100-SXM4-40GB MIG 4g.20gb (0),1,,13,cupy_copy__complex64_complex64
3173221876,2688,163080,103,1,1,128,1,1,16,0.000,0.000,,,,,NVIDIA A100-SXM4-40GB MIG 4g.20gb (0),1,,13,cupy_copy__complex64_complex64
3173229172,84319,163087,1,1,1,32,32,1,30,0.000,0.000,,,,,NVIDIA A100-SXM4-40GB MIG 4g.20gb (0),1,,13,"void convert_kernel<__half2, float2>(tensor_layout_any, T1 *, tensor_layout_any, const T2 *)"
3173342099,8767,163090,,,,,,,,,,0.094,10687.341,Pinned,Device,NVIDIA A100-SXM4-40GB MIG 4g.20gb (0),1,,13,[CUDA memcpy Host-to-Device]
3173357650,47680,163091,,,,,,,,,,35.810,751041.452,Device,,NVIDIA A100-SXM4-40GB MIG 4g.20gb (0),1,,13,[CUDA memset]
3173409554,2912,163093,,,,,,,,,,0.000,27.472,Pinned,Device,NVIDIA A100-SXM4-40GB MIG 4g.20gb (0),1,,13,[CUDA memcpy Host-to-Device]
3173416498,14175,163094,,,,,,,,,,0.197,13869.908,Pinned,Device,NVIDIA A100-SXM4-40GB MIG 4g.20gb (0),1,,13,[CUDA memcpy Host-to-Device]
3173437841,12384,163095,273,1,1,48,1,1,40,0.000,0.001,,,,,NVIDIA A100-SXM4-40GB MIG 4g.20gb (0),1,,13,"void pusch_noise_intf_est::noiseIntfEstNoDftSOfdmKernel<float, __half, float, float, (unsigned int)2, (unsigned int)1, (unsigned char)4, (unsigned char)4>(pusch_noise_intf_est::puschRxNoiseIntfEstDynDescr)"
3173453137,2816,163106,35,1,1,128,1,1,16,0.000,0.000,,,,,NVIDIA A100-SXM4-40GB MIG 4g.20gb (0),1,,13,cupy_copy__complex64_complex64
3173463121,1952,163115,1,1,1,1,1,1,18,0.000,0.000,,,,,NVIDIA A100-SXM4-40GB MIG 4g.20gb (0),1,,13,cupy_copy__float32_float32
3173493969,2752,163121,,,,,,,,,,0.000,1.453,Device,Pageable,NVIDIA A100-SXM4-40GB MIG 4g.20gb (0),1,,7,[CUDA memcpy Device-to-Host]
3173556400,13280,163132,1434,1,1,128,1,1,16,0.000,0.000,,,,,NVIDIA A100-SXM4-40GB MIG 4g.20gb (0),1,,13,cupy_copy__complex64_complex64
3173582448,2848,163139,103,1,1,128,1,1,16,0.000,0.000,,,,,NVIDIA A100-SXM4-40GB MIG 4g.20gb (0),1,,13,cupy_copy__complex64_complex64
3173602767,2176,163146,35,1,1,128,1,1,16,0.000,0.000,,,,,NVIDIA A100-SXM4-40GB MIG 4g.20gb (0),1,,13,cupy_copy__complex64_complex64
3173622479,1760,163153,1,1,1,1,1,1,18,0.000,0.000,,,,,NVIDIA A100-SXM4-40GB MIG 4g.20gb (0),1,,13,cupy_copy__float32_float32
3173752941,82527,163164,1,1,1,32,32,1,30,0.000,0.000,,,,,NVIDIA A100-SXM4-40GB MIG 4g.20gb (0),1,,13,"void convert_kernel<__half2, float2>(tensor_layout_any, T1 *, tensor_layout_any, const T2 *)"
3173863052,5408,163167,,,,,,,,,,0.094,17325.421,Pinned,Device,NVIDIA A100-SXM4-40GB MIG 4g.20gb (0),1,,13,[CUDA memcpy Host-to-Device]
3173877324,3424,163168,,,,,,,,,,1.547,451700.819,Device,,NVIDIA A100-SXM4-40GB MIG 4g.20gb (0),1,,13,[CUDA memset]
3173884108,3136,163173,,,,,,,,,,0.031,9979.575,Pinned,Device,NVIDIA A100-SXM4-40GB MIG 4g.20gb (0),1,,13,[CUDA memcpy Host-to-Device]
3173889676,9408,163174,,,,,,,,,,0.197,20897.858,Pinned,Device,NVIDIA A100-SXM4-40GB MIG 4g.20gb (0),1,,13,[CUDA memcpy Host-to-Device]
3173902796,6720,163175,273,1,1,8,4,1,39,0.002,0.000,,,,,NVIDIA A100-SXM4-40GB MIG 4g.20gb (0),1,,13,"void channel_eq::eqMmseCoefCompLowMimoKernel<float, float, float, (unsigned int)4, (unsigned int)1, (unsigned int)4>(const channel_eq::_puschRxChEqStatDescr *, channel_eq::_puschRxChEqCoefCompDynDescr)"
3173910636,6271,163176,273,1,1,12,11,1,51,0.002,0.000,,,,,NVIDIA A100-SXM4-40GB MIG 4g.20gb (0),1,,13,"void channel_eq::eqMmseSoftDemapKernel<float, __half, __half, float, (unsigned int)4, (unsigned short)16383>(channel_eq::_puschRxChEqStatDescr *, channel_eq::_puschRxChEqSoftDemapDynDescr)"
3173917995,281821,163177,1,1,1,32,32,1,30,0.000,0.000,,,,,NVIDIA A100-SXM4-40GB MIG 4g.20gb (0),1,,13,"void convert_kernel<float2, __half2>(tensor_layout_any, T1 *, tensor_layout_any, const T2 *)"
3174200776,11072,163189,2253,1,1,128,1,1,16,0.000,0.000,,,,,NVIDIA A100-SXM4-40GB MIG 4g.20gb (0),1,,13,cupy_copy__float16_float16
3174214952,3808,163198,282,1,1,128,1,1,16,0.000,0.000,,,,,NVIDIA A100-SXM4-40GB MIG 4g.20gb (0),1,,13,cupy_copy__complex64_complex64
3174221608,2048,163207,26,1,1,128,1,1,16,0.000,0.000,,,,,NVIDIA A100-SXM4-40GB MIG 4g.20gb (0),1,,13,cupy_copy__float32_float32
3174224712,5984,163216,103,1,1,128,1,1,16,0.000,0.000,,,,,NVIDIA A100-SXM4-40GB MIG 4g.20gb (0),1,,13,cupy_copy__complex64_complex64
3174231752,12159,163226,1434,1,1,128,1,1,16,0.000,0.000,,,,,NVIDIA A100-SXM4-40GB MIG 4g.20gb (0),1,,13,cupy_copy__complex64_complex64
3174253031,87135,163231,1,1,1,32,32,1,30,0.000,0.000,,,,,NVIDIA A100-SXM4-40GB MIG 4g.20gb (0),1,,13,"void convert_kernel<__half2, float2>(tensor_layout_any, T1 *, tensor_layout_any, const T2 *)"
3174367142,5536,163234,,,,,,,,,,0.094,16924.777,Pinned,Device,NVIDIA A100-SXM4-40GB MIG 4g.20gb (0),1,,13,[CUDA memcpy Host-to-Device]
3174378182,607256,163235,,,,,,,,,,456.561,751500.130,Device,,NVIDIA A100-SXM4-40GB MIG 4g.20gb (0),1,,13,[CUDA memset]
3174991166,69759,163240,,,,,,,,,,1.235,17702.922,Pinned,Device,NVIDIA A100-SXM4-40GB MIG 4g.20gb (0),1,,13,[CUDA memcpy Host-to-Device]
3175064477,14880,163241,,,,,,,,,,0.197,13212.844,Pinned,Device,NVIDIA A100-SXM4-40GB MIG 4g.20gb (0),1,,13,[CUDA memcpy Host-to-Device]
3175087773,8384,163242,69,4,1,48,1,1,76,0.002,0.000,,,,,NVIDIA A100-SXM4-40GB MIG 4g.20gb (0),1,,13,"void ch_est::windowedChEstPreNoDftSOfdmKernel<float, __half, float, (unsigned int)2, (unsigned int)1, (unsigned short)4>(ch_est::puschRxChEstStatDescr_t *, ch_est::puschRxChEstDynDescr_t *)"
3175099197,6848,163243,137,2,1,24,2,1,44,0.001,0.001,,,,,NVIDIA A100-SXM4-40GB MIG 4g.20gb (0),1,,13,"void ch_est::chEstFilterNoDftSOfdmDispatchKernel<float, __half, float, (unsigned int)2>(ch_est::puschRxChEstStatDescr_t *, ch_est::puschRxChEstDynDescr_t *)"
3175109021,5184,163244,137,2,1,24,2,1,44,0.001,0.001,,,,,NVIDIA A100-SXM4-40GB MIG 4g.20gb (0),1,,13,"void ch_est::chEstFilterNoDftSOfdmDispatchKernel<float, __half, float, (unsigned int)2>(ch_est::puschRxChEstStatDescr_t *, ch_est::puschRxChEstDynDescr_t *)"
3175119517,2688,163255,103,1,1,128,1,1,16,0.000,0.000,,,,,NVIDIA A100-SXM4-40GB MIG 4g.20gb (0),1,,13,cupy_copy__complex64_complex64
3175125341,12607,163265,1434,1,1,128,1,1,16,0.000,0.000,,,,,NVIDIA A100-SXM4-40GB MIG 4g.20gb (0),1,,13,cupy_copy__complex64_complex64
3175139740,2624,163272,103,1,1,128,1,1,16,0.000,0.000,,,,,NVIDIA A100-SXM4-40GB MIG 4g.20gb (0),1,,13,cupy_copy__complex64_complex64
3175146204,88831,163279,1,1,1,32,32,1,30,0.000,0.000,,,,,NVIDIA A100-SXM4-40GB MIG 4g.20gb (0),1,,13,"void convert_kernel<__half2, float2>(tensor_layout_any, T1 *, tensor_layout_any, const T2 *)"
3175263387,9216,163282,,,,,,,,,,0.094,10166.578,Pinned,Device,NVIDIA A100-SXM4-40GB MIG 4g.20gb (0),1,,13,[CUDA memcpy Host-to-Device]
3175279483,47455,163283,,,,,,,,,,35.810,754586.634,Device,,NVIDIA A100-SXM4-40GB MIG 4g.20gb (0),1,,13,[CUDA memset]
3175332858,4448,163285,,,,,,,,,,0.000,17.986,Pinned,Device,NVIDIA A100-SXM4-40GB MIG 4g.20gb (0),1,,13,[CUDA memcpy Host-to-Device]
3175341530,14400,163286,,,,,,,,,,0.197,13653.246,Pinned,Device,NVIDIA A100-SXM4-40GB MIG 4g.20gb (0),1,,13,[CUDA memcpy Host-to-Device]
3175365274,10655,163287,273,1,1,48,1,1,40,0.000,0.001,,,,,NVIDIA A100-SXM4-40GB MIG 4g.20gb (0),1,,13,"void pusch_noise_intf_est::noiseIntfEstNoDftSOfdmKernel<float, __half, float, float, (unsigned int)2, (unsigned int)1, (unsigned char)4, (unsigned char)4>(pusch_noise_intf_est::puschRxNoiseIntfEstDynDescr)"
3175380153,3008,163298,35,1,1,128,1,1,16,0.000,0.000,,,,,NVIDIA A100-SXM4-40GB MIG 4g.20gb (0),1,,13,cupy_copy__complex64_complex64
3175388857,1888,163307,1,1,1,1,1,1,18,0.000,0.000,,,,,NVIDIA A100-SXM4-40GB MIG 4g.20gb (0),1,,13,cupy_copy__float32_float32
3175417561,2592,163313,,,,,,,,,,0.000,1.543,Device,Pageable,NVIDIA A100-SXM4-40GB MIG 4g.20gb (0),1,,7,[CUDA memcpy Device-to-Host]
3175478264,12832,163324,1434,1,1,128,1,1,16,0.000,0.000,,,,,NVIDIA A100-SXM4-40GB MIG 4g.20gb (0),1,,13,cupy_copy__complex64_complex64
3175505368,3392,163331,103,1,1,128,1,1,16,0.000,0.000,,,,,NVIDIA A100-SXM4-40GB MIG 4g.20gb (0),1,,13,cupy_copy__complex64_complex64
3175525912,2400,163338,35,1,1,128,1,1,16,0.000,0.000,,,,,NVIDIA A100-SXM4-40GB MIG 4g.20gb (0),1,,13,cupy_copy__complex64_complex64
3175543799,1792,163345,1,1,1,1,1,1,18,0.000,0.000,,,,,NVIDIA A100-SXM4-40GB MIG 4g.20gb (0),1,,13,cupy_copy__float32_float32
3175676118,82367,163356,1,1,1,32,32,1,30,0.000,0.000,,,,,NVIDIA A100-SXM4-40GB MIG 4g.20gb (0),1,,13,"void convert_kernel<__half2, float2>(tensor_layout_any, T1 *, tensor_layout_any, const T2 *)"
3175786676,5760,163359,,,,,,,,,,0.094,16266.656,Pinned,Device,NVIDIA A100-SXM4-40GB MIG 4g.20gb (0),1,,13,[CUDA memcpy Host-to-Device]
3175801204,3584,163360,,,,,,,,,,1.547,431534.389,Device,,NVIDIA A100-SXM4-40GB MIG 4g.20gb (0),1,,13,[CUDA memset]
3175809556,3072,163365,,,,,,,,,,0.031,10187.474,Pinned,Device,NVIDIA A100-SXM4-40GB MIG 4g.20gb (0),1,,13,[CUDA memcpy Host-to-Device]
3175814708,9408,163366,,,,,,,,,,0.197,20897.858,Pinned,Device,NVIDIA A100-SXM4-40GB MIG 4g.20gb (0),1,,13,[CUDA memcpy Host-to-Device]
3175828756,6336,163367,273,1,1,8,4,1,39,0.002,0.000,,,,,NVIDIA A100-SXM4-40GB MIG 4g.20gb (0),1,,13,"void channel_eq::eqMmseCoefCompLowMimoKernel<float, float, float, (unsigned int)4, (unsigned int)1, (unsigned int)4>(const channel_eq::_puschRxChEqStatDescr *, channel_eq::_puschRxChEqCoefCompDynDescr)"
3175837812,6016,163368,273,1,1,12,11,1,51,0.002,0.000,,,,,NVIDIA A100-SXM4-40GB MIG 4g.20gb (0),1,,13,"void channel_eq::eqMmseSoftDemapKernel<float, __half, __half, float, (unsigned int)4, (unsigned short)16383>(channel_eq::_puschRxChEqStatDescr *, channel_eq::_puschRxChEqSoftDemapDynDescr)"
3175844852,282812,163369,1,1,1,32,32,1,30,0.000,0.000,,,,,NVIDIA A100-SXM4-40GB MIG 4g.20gb (0),1,,13,"void convert_kernel<float2, __half2>(tensor_layout_any, T1 *, tensor_layout_any, const T2 *)"
3176128784,11168,163381,2253,1,1,128,1,1,16,0.000,0.000,,,,,NVIDIA A100-SXM4-40GB MIG 4g.20gb (0),1,,13,cupy_copy__float16_float16
3176142672,3808,163390,282,1,1,128,1,1,16,0.000,0.000,,,,,NVIDIA A100-SXM4-40GB MIG 4g.20gb (0),1,,13,cupy_copy__complex64_complex64
3176149232,2144,163399,26,1,1,128,1,1,16,0.000,0.000,,,,,NVIDIA A100-SXM4-40GB MIG 4g.20gb (0),1,,13,cupy_copy__float32_float32
3176153168,4640,163408,103,1,1,128,1,1,16,0.000,0.000,,,,,NVIDIA A100-SXM4-40GB MIG 4g.20gb (0),1,,13,cupy_copy__complex64_complex64
3176159856,11840,163418,1434,1,1,128,1,1,16,0.000,0.000,,,,,NVIDIA A100-SXM4-40GB MIG 4g.20gb (0),1,,13,cupy_copy__complex64_complex64
3176175376,87006,163423,1,1,1,32,32,1,30,0.000,0.000,,,,,NVIDIA A100-SXM4-40GB MIG 4g.20gb (0),1,,13,"void convert_kernel<__half2, float2>(tensor_layout_any, T1 *, tensor_layout_any, const T2 *)"
3176289358,5472,163426,,,,,,,,,,0.094,17122.757,Pinned,Device,NVIDIA A100-SXM4-40GB MIG 4g.20gb (0),1,,13,[CUDA memcpy Host-to-Device]
3176299086,598905,163427,,,,,,,,,,456.561,762001.043,Device,,NVIDIA A100-SXM4-40GB MIG 4g.20gb (0),1,,13,[CUDA memset]
3176906023,67615,163432,,,,,,,,,,1.235,18263.587,Pinned,Device,NVIDIA A100-SXM4-40GB MIG 4g.20gb (0),1,,13,[CUDA memcpy Host-to-Device]
3176976678,14335,163433,,,,,,,,,,0.197,13715.177,Pinned,Device,NVIDIA A100-SXM4-40GB MIG 4g.20gb (0),1,,13,[CUDA memcpy Host-to-Device]
3176999397,8512,163434,69,4,1,48,1,1,76,0.002,0.000,,,,,NVIDIA A100-SXM4-40GB MIG 4g.20gb (0),1,,13,"void ch_est::windowedChEstPreNoDftSOfdmKernel<float, __half, float, (unsigned int)2, (unsigned int)1, (unsigned short)4>(ch_est::puschRxChEstStatDescr_t *, ch_est::puschRxChEstDynDescr_t *)"
3177010757,6080,163435,137,2,1,24,2,1,44,0.001,0.001,,,,,NVIDIA A100-SXM4-40GB MIG 4g.20gb (0),1,,13,"void ch_est::chEstFilterNoDftSOfdmDispatchKernel<float, __half, float, (unsigned int)2>(ch_est::puschRxChEstStatDescr_t *, ch_est::puschRxChEstDynDescr_t *)"
3177022597,5344,163436,137,2,1,24,2,1,44,0.001,0.001,,,,,NVIDIA A100-SXM4-40GB MIG 4g.20gb (0),1,,13,"void ch_est::chEstFilterNoDftSOfdmDispatchKernel<float, __half, float, (unsigned int)2>(ch_est::puschRxChEstStatDescr_t *, ch_est::puschRxChEstDynDescr_t *)"
3177032965,2560,163447,103,1,1,128,1,1,16,0.000,0.000,,,,,NVIDIA A100-SXM4-40GB MIG 4g.20gb (0),1,,13,cupy_copy__complex64_complex64
3177039365,12832,163457,1434,1,1,128,1,1,16,0.000,0.000,,,,,NVIDIA A100-SXM4-40GB MIG 4g.20gb (0),1,,13,cupy_copy__complex64_complex64
3177059781,2496,163464,103,1,1,128,1,1,16,0.000,0.000,,,,,NVIDIA A100-SXM4-40GB MIG 4g.20gb (0),1,,13,cupy_copy__complex64_complex64
3177066437,83454,163471,1,1,1,32,32,1,30,0.000,0.000,,,,,NVIDIA A100-SXM4-40GB MIG 4g.20gb (0),1,,13,"void convert_kernel<__half2, float2>(tensor_layout_any, T1 *, tensor_layout_any, const T2 *)"
3177179619,8736,163474,,,,,,,,,,0.094,10725.194,Pinned,Device,NVIDIA A100-SXM4-40GB MIG 4g.20gb (0),1,,13,[CUDA memcpy Host-to-Device]
3177199683,47935,163475,,,,,,,,,,35.810,747030.741,Device,,NVIDIA A100-SXM4-40GB MIG 4g.20gb (0),1,,13,[CUDA memset]
3177253890,4096,163477,,,,,,,,,,0.000,19.531,Pinned,Device,NVIDIA A100-SXM4-40GB MIG 4g.20gb (0),1,,13,[CUDA memcpy Host-to-Device]
3177261730,13728,163478,,,,,,,,,,0.197,14321.517,Pinned,Device,NVIDIA A100-SXM4-40GB MIG 4g.20gb (0),1,,13,[CUDA memcpy Host-to-Device]
3177284290,10016,163479,273,1,1,48,1,1,40,0.000,0.001,,,,,NVIDIA A100-SXM4-40GB MIG 4g.20gb (0),1,,13,"void pusch_noise_intf_est::noiseIntfEstNoDftSOfdmKernel<float, __half, float, float, (unsigned int)2, (unsigned int)1, (unsigned char)4, (unsigned char)4>(pusch_noise_intf_est::puschRxNoiseIntfEstDynDescr)"
3177299426,2816,163490,35,1,1,128,1,1,16,0.000,0.000,,,,,NVIDIA A100-SXM4-40GB MIG 4g.20gb (0),1,,13,cupy_copy__complex64_complex64
3177304962,2016,163499,1,1,1,1,1,1,18,0.000,0.000,,,,,NVIDIA A100-SXM4-40GB MIG 4g.20gb (0),1,,13,cupy_copy__float32_float32
3177328257,1600,163505,,,,,,,,,,0.000,2.500,Device,Pageable,NVIDIA A100-SXM4-40GB MIG 4g.20gb (0),1,,7,[CUDA memcpy Device-to-Host]
3177388193,12671,163516,1434,1,1,128,1,1,16,0.000,0.000,,,,,NVIDIA A100-SXM4-40GB MIG 4g.20gb (0),1,,13,cupy_copy__complex64_complex64
3177415008,3168,163523,103,1,1,128,1,1,16,0.000,0.000,,,,,NVIDIA A100-SXM4-40GB MIG 4g.20gb (0),1,,13,cupy_copy__complex64_complex64
3177435904,2432,163530,35,1,1,128,1,1,16,0.000,0.000,,,,,NVIDIA A100-SXM4-40GB MIG 4g.20gb (0),1,,13,cupy_copy__complex64_complex64
3177453792,1792,163537,1,1,1,1,1,1,18,0.000,0.000,,,,,NVIDIA A100-SXM4-40GB MIG 4g.20gb (0),1,,13,cupy_copy__float32_float32
3177586206,87551,163548,1,1,1,32,32,1,30,0.000,0.000,,,,,NVIDIA A100-SXM4-40GB MIG 4g.20gb (0),1,,13,"void convert_kernel<__half2, float2>(tensor_layout_any, T1 *, tensor_layout_any, const T2 *)"
3177700285,5504,163551,,,,,,,,,,0.094,17023.251,Pinned,Device,NVIDIA A100-SXM4-40GB MIG 4g.20gb (0),1,,13,[CUDA memcpy Host-to-Device]
3177718652,3232,163552,,,,,,,,,,1.547,478533.199,Device,,NVIDIA A100-SXM4-40GB MIG 4g.20gb (0),1,,13,[CUDA memset]
3177724124,3072,163557,,,,,,,,,,0.031,10187.474,Pinned,Device,NVIDIA A100-SXM4-40GB MIG 4g.20gb (0),1,,13,[CUDA memcpy Host-to-Device]
3177729628,9600,163558,,,,,,,,,,0.197,20479.869,Pinned,Device,NVIDIA A100-SXM4-40GB MIG 4g.20gb (0),1,,13,[CUDA memcpy Host-to-Device]
3177745116,9472,163559,273,1,1,8,4,1,39,0.002,0.000,,,,,NVIDIA A100-SXM4-40GB MIG 4g.20gb (0),1,,13,"void channel_eq::eqMmseCoefCompLowMimoKernel<float, float, float, (unsigned int)4, (unsigned int)1, (unsigned int)4>(const channel_eq::_puschRxChEqStatDescr *, channel_eq::_puschRxChEqCoefCompDynDescr)"
3177755676,6176,163560,273,1,1,12,11,1,51,0.002,0.000,,,,,NVIDIA A100-SXM4-40GB MIG 4g.20gb (0),1,,13,"void channel_eq::eqMmseSoftDemapKernel<float, __half, __half, float, (unsigned int)4, (unsigned short)16383>(channel_eq::_puschRxChEqStatDescr *, channel_eq::_puschRxChEqSoftDemapDynDescr)"
3177762780,282204,163561,1,1,1,32,32,1,30,0.000,0.000,,,,,NVIDIA A100-SXM4-40GB MIG 4g.20gb (0),1,,13,"void convert_kernel<float2, __half2>(tensor_layout_any, T1 *, tensor_layout_any, const T2 *)"
3178046360,10880,163573,2253,1,1,128,1,1,16,0.000,0.000,,,,,NVIDIA A100-SXM4-40GB MIG 4g.20gb (0),1,,13,cupy_copy__float16_float16
3178059032,3168,163582,282,1,1,128,1,1,16,0.000,0.000,,,,,NVIDIA A100-SXM4-40GB MIG 4g.20gb (0),1,,13,cupy_copy__complex64_complex64
3178065528,2080,163591,26,1,1,128,1,1,16,0.000,0.000,,,,,NVIDIA A100-SXM4-40GB MIG 4g.20gb (0),1,,13,cupy_copy__float32_float32
3178068696,3072,163600,103,1,1,128,1,1,16,0.000,0.000,,,,,NVIDIA A100-SXM4-40GB MIG 4g.20gb (0),1,,13,cupy_copy__complex64_complex64
3178129463,12352,163616,1434,1,1,128,1,1,16,0.000,0.000,,,,,NVIDIA A100-SXM4-40GB MIG 4g.20gb (0),1,,13,cupy_copy__complex64_complex64
3178244726,87103,163621,1,1,1,32,32,1,30,0.000,0.000,,,,,NVIDIA A100-SXM4-40GB MIG 4g.20gb (0),1,,13,"void convert_kernel<__half2, float2>(tensor_layout_any, T1 *, tensor_layout_any, const T2 *)"
3178358613,5567,163624,,,,,,,,,,0.094,16830.519,Pinned,Device,NVIDIA A100-SXM4-40GB MIG 4g.20gb (0),1,,13,[CUDA memcpy Host-to-Device]
3178368660,605465,163625,,,,,,,,,,456.561,753782.937,Device,,NVIDIA A100-SXM4-40GB MIG 4g.20gb (0),1,,13,[CUDA memset]
3178980941,68927,163630,,,,,,,,,,1.235,17916.568,Pinned,Device,NVIDIA A100-SXM4-40GB MIG 4g.20gb (0),1,,13,[CUDA memcpy Host-to-Device]
3179054284,14976,163631,,,,,,,,,,0.197,13128.106,Pinned,Device,NVIDIA A100-SXM4-40GB MIG 4g.20gb (0),1,,13,[CUDA memcpy Host-to-Device]
3179074988,8576,163632,69,4,1,48,1,1,76,0.002,0.000,,,,,NVIDIA A100-SXM4-40GB MIG 4g.20gb (0),1,,13,"void ch_est::windowedChEstPreNoDftSOfdmKernel<float, __half, float, (unsigned int)2, (unsigned int)1, (unsigned short)4>(ch_est::puschRxChEstStatDescr_t *, ch_est::puschRxChEstDynDescr_t *)"
3179087116,6943,163633,137,2,1,24,2,1,44,0.001,0.001,,,,,NVIDIA A100-SXM4-40GB MIG 4g.20gb (0),1,,13,"void ch_est::chEstFilterNoDftSOfdmDispatchKernel<float, __half, float, (unsigned int)2>(ch_est::puschRxChEstStatDescr_t *, ch_est::puschRxChEstDynDescr_t *)"
3179097643,5152,163634,137,2,1,24,2,1,44,0.001,0.001,,,,,NVIDIA A100-SXM4-40GB MIG 4g.20gb (0),1,,13,"void ch_est::chEstFilterNoDftSOfdmDispatchKernel<float, __half, float, (unsigned int)2>(ch_est::puschRxChEstStatDescr_t *, ch_est::puschRxChEstDynDescr_t *)"
3179109227,2688,163645,103,1,1,128,1,1,16,0.000,0.000,,,,,NVIDIA A100-SXM4-40GB MIG 4g.20gb (0),1,,13,cupy_copy__complex64_complex64
3179114763,12640,163655,1434,1,1,128,1,1,16,0.000,0.000,,,,,NVIDIA A100-SXM4-40GB MIG 4g.20gb (0),1,,13,cupy_copy__complex64_complex64
3179128715,2688,163662,103,1,1,128,1,1,16,0.000,0.000,,,,,NVIDIA A100-SXM4-40GB MIG 4g.20gb (0),1,,13,cupy_copy__complex64_complex64
3179136491,84255,163669,1,1,1,32,32,1,30,0.000,0.000,,,,,NVIDIA A100-SXM4-40GB MIG 4g.20gb (0),1,,13,"void convert_kernel<__half2, float2>(tensor_layout_any, T1 *, tensor_layout_any, const T2 *)"
3179249578,7007,163672,,,,,,,,,,0.094,13371.731,Pinned,Device,NVIDIA A100-SXM4-40GB MIG 4g.20gb (0),1,,13,[CUDA memcpy Host-to-Device]
3179262089,47648,163673,,,,,,,,,,35.810,751542.791,Device,,NVIDIA A100-SXM4-40GB MIG 4g.20gb (0),1,,13,[CUDA memset]
3179313417,1888,163675,,,,,,,,,,0.000,42.373,Pinned,Device,NVIDIA A100-SXM4-40GB MIG 4g.20gb (0),1,,13,[CUDA memcpy Host-to-Device]
3179318473,10496,163676,,,,,,,,,,0.197,18731.631,Pinned,Device,NVIDIA A100-SXM4-40GB MIG 4g.20gb (0),1,,13,[CUDA memcpy Host-to-Device]
3179333608,12736,163677,273,1,1,48,1,1,40,0.000,0.001,,,,,NVIDIA A100-SXM4-40GB MIG 4g.20gb (0),1,,13,"void pusch_noise_intf_est::noiseIntfEstNoDftSOfdmKernel<float, __half, float, float, (unsigned int)2, (unsigned int)1, (unsigned char)4, (unsigned char)4>(pusch_noise_intf_est::puschRxNoiseIntfEstDynDescr)"
3179347752,3488,163688,35,1,1,128,1,1,16,0.000,0.000,,,,,NVIDIA A100-SXM4-40GB MIG 4g.20gb (0),1,,13,cupy_copy__complex64_complex64
3179369448,1952,163697,1,1,1,1,1,1,18,0.000,0.000,,,,,NVIDIA A100-SXM4-40GB MIG 4g.20gb (0),1,,13,cupy_copy__float32_float32
3179402248,1600,163703,,,,,,,,,,0.000,2.500,Device,Pageable,NVIDIA A100-SXM4-40GB MIG 4g.20gb (0),1,,7,[CUDA memcpy Device-to-Host]
3179460935,12704,163714,1434,1,1,128,1,1,16,0.000,0.000,,,,,NVIDIA A100-SXM4-40GB MIG 4g.20gb (0),1,,13,cupy_copy__complex64_complex64
3179487079,3552,163721,103,1,1,128,1,1,16,0.000,0.000,,,,,NVIDIA A100-SXM4-40GB MIG 4g.20gb (0),1,,13,cupy_copy__complex64_complex64
3179507686,2560,163728,35,1,1,128,1,1,16,0.000,0.000,,,,,NVIDIA A100-SXM4-40GB MIG 4g.20gb (0),1,,13,cupy_copy__complex64_complex64
3179526278,1728,163735,1,1,1,1,1,1,18,0.000,0.000,,,,,NVIDIA A100-SXM4-40GB MIG 4g.20gb (0),1,,13,cupy_copy__float32_float32
3179659748,86911,163746,1,1,1,32,32,1,30,0.000,0.000,,,,,NVIDIA A100-SXM4-40GB MIG 4g.20gb (0),1,,13,"void convert_kernel<__half2, float2>(tensor_layout_any, T1 *, tensor_layout_any, const T2 *)"
3179773731,5536,163749,,,,,,,,,,0.094,16924.777,Pinned,Device,NVIDIA A100-SXM4-40GB MIG 4g.20gb (0),1,,13,[CUDA memcpy Host-to-Device]
3179788355,3360,163750,,,,,,,,,,1.547,460304.688,Device,,NVIDIA A100-SXM4-40GB MIG 4g.20gb (0),1,,13,[CUDA memset]
3179795043,3008,163755,,,,,,,,,,0.031,10404.230,Pinned,Device,NVIDIA A100-SXM4-40GB MIG 4g.20gb (0),1,,13,[CUDA memcpy Host-to-Device]
3179800483,9600,163756,,,,,,,,,,0.197,20479.869,Pinned,Device,NVIDIA A100-SXM4-40GB MIG 4g.20gb (0),1,,13,[CUDA memcpy Host-to-Device]
3179813827,6303,163757,273,1,1,8,4,1,39,0.002,0.000,,,,,NVIDIA A100-SXM4-40GB MIG 4g.20gb (0),1,,13,"void channel_eq::eqMmseCoefCompLowMimoKernel<float, float, float, (unsigned int)4, (unsigned int)1, (unsigned int)4>(const channel_eq::_puschRxChEqStatDescr *, channel_eq::_puschRxChEqCoefCompDynDescr)"
3179821794,5600,163758,273,1,1,12,11,1,51,0.002,0.000,,,,,NVIDIA A100-SXM4-40GB MIG 4g.20gb (0),1,,13,"void channel_eq::eqMmseSoftDemapKernel<float, __half, __half, float, (unsigned int)4, (unsigned short)16383>(channel_eq::_puschRxChEqStatDescr *, channel_eq::_puschRxChEqSoftDemapDynDescr)"
3179828386,281853,163759,1,1,1,32,32,1,30,0.000,0.000,,,,,NVIDIA A100-SXM4-40GB MIG 4g.20gb (0),1,,13,"void convert_kernel<float2, __half2>(tensor_layout_any, T1 *, tensor_layout_any, const T2 *)"
3180112863,10912,163771,2253,1,1,128,1,1,16,0.000,0.000,,,,,NVIDIA A100-SXM4-40GB MIG 4g.20gb (0),1,,13,cupy_copy__float16_float16
3180129151,3040,163780,282,1,1,128,1,1,16,0.000,0.000,,,,,NVIDIA A100-SXM4-40GB MIG 4g.20gb (0),1,,13,cupy_copy__complex64_complex64
3180133247,2080,163789,26,1,1,128,1,1,16,0.000,0.000,,,,,NVIDIA A100-SXM4-40GB MIG 4g.20gb (0),1,,13,cupy_copy__float32_float32
3180136319,4768,163798,103,1,1,128,1,1,16,0.000,0.000,,,,,NVIDIA A100-SXM4-40GB MIG 4g.20gb (0),1,,13,cupy_copy__complex64_complex64
3180142143,11903,163808,1434,1,1,128,1,1,16,0.000,0.000,,,,,NVIDIA A100-SXM4-40GB MIG 4g.20gb (0),1,,13,cupy_copy__complex64_complex64
3180161470,87039,163813,1,1,1,32,32,1,30,0.000,0.000,,,,,NVIDIA A100-SXM4-40GB MIG 4g.20gb (0),1,,13,"void convert_kernel<__half2, float2>(tensor_layout_any, T1 *, tensor_layout_any, const T2 *)"
3180275165,5600,163816,,,,,,,,,,0.094,16731.388,Pinned,Device,NVIDIA A100-SXM4-40GB MIG 4g.20gb (0),1,,13,[CUDA memcpy Host-to-Device]
3180285213,601752,163817,,,,,,,,,,456.561,758348.552,Device,,NVIDIA A100-SXM4-40GB MIG 4g.20gb (0),1,,13,[CUDA memset]
3180890229,68095,163822,,,,,,,,,,1.235,18135.153,Pinned,Device,NVIDIA A100-SXM4-40GB MIG 4g.20gb (0),1,,13,[CUDA memcpy Host-to-Device]
3180962708,14848,163823,,,,,,,,,,0.197,13241.352,Pinned,Device,NVIDIA A100-SXM4-40GB MIG 4g.20gb (0),1,,13,[CUDA memcpy Host-to-Device]
3180988724,8000,163824,69,4,1,48,1,1,76,0.002,0.000,,,,,NVIDIA A100-SXM4-40GB MIG 4g.20gb (0),1,,13,"void ch_est::windowedChEstPreNoDftSOfdmKernel<float, __half, float, (unsigned int)2, (unsigned int)1, (unsigned short)4>(ch_est::puschRxChEstStatDescr_t *, ch_est::puschRxChEstDynDescr_t *)"
3181003924,6624,163825,137,2,1,24,2,1,44,0.001,0.001,,,,,NVIDIA A100-SXM4-40GB MIG 4g.20gb (0),1,,13,"void ch_est::chEstFilterNoDftSOfdmDispatchKernel<float, __half, float, (unsigned int)2>(ch_est::puschRxChEstStatDescr_t *, ch_est::puschRxChEstDynDescr_t *)"
3181014772,5184,163826,137,2,1,24,2,1,44,0.001,0.001,,,,,NVIDIA A100-SXM4-40GB MIG 4g.20gb (0),1,,13,"void ch_est::chEstFilterNoDftSOfdmDispatchKernel<float, __half, float, (unsigned int)2>(ch_est::puschRxChEstStatDescr_t *, ch_est::puschRxChEstDynDescr_t *)"
3181025652,2592,163837,103,1,1,128,1,1,16,0.000,0.000,,,,,NVIDIA A100-SXM4-40GB MIG 4g.20gb (0),1,,13,cupy_copy__complex64_complex64
3181032307,12672,163847,1434,1,1,128,1,1,16,0.000,0.000,,,,,NVIDIA A100-SXM4-40GB MIG 4g.20gb (0),1,,13,cupy_copy__complex64_complex64
3181047187,3072,163854,103,1,1,128,1,1,16,0.000,0.000,,,,,NVIDIA A100-SXM4-40GB MIG 4g.20gb (0),1,,13,cupy_copy__complex64_complex64
3181053971,84191,163861,1,1,1,32,32,1,30,0.000,0.000,,,,,NVIDIA A100-SXM4-40GB MIG 4g.20gb (0),1,,13,"void convert_kernel<__half2, float2>(tensor_layout_any, T1 *, tensor_layout_any, const T2 *)"
3181166898,7296,163864,,,,,,,,,,0.094,12842.067,Pinned,Device,NVIDIA A100-SXM4-40GB MIG 4g.20gb (0),1,,13,[CUDA memcpy Host-to-Device]
3181184146,48351,163865,,,,,,,,,,35.810,740620.765,Device,,NVIDIA A100-SXM4-40GB MIG 4g.20gb (0),1,,13,[CUDA memset]
3181237809,2976,163867,,,,,,,,,,0.000,26.882,Pinned,Device,NVIDIA A100-SXM4-40GB MIG 4g.20gb (0),1,,13,[CUDA memcpy Host-to-Device]
3181244017,10976,163868,,,,,,,,,,0.197,17912.365,Pinned,Device,NVIDIA A100-SXM4-40GB MIG 4g.20gb (0),1,,13,[CUDA memcpy Host-to-Device]
3181261393,11392,163869,273,1,1,48,1,1,40,0.000,0.001,,,,,NVIDIA A100-SXM4-40GB MIG 4g.20gb (0),1,,13,"void pusch_noise_intf_est::noiseIntfEstNoDftSOfdmKernel<float, __half, float, float, (unsigned int)2, (unsigned int)1, (unsigned char)4, (unsigned char)4>(pusch_noise_intf_est::puschRxNoiseIntfEstDynDescr)"
3181274385,3007,163880,35,1,1,128,1,1,16,0.000,0.000,,,,,NVIDIA A100-SXM4-40GB MIG 4g.20gb (0),1,,13,cupy_copy__complex64_complex64
3181286352,2208,163889,1,1,1,1,1,1,18,0.000,0.000,,,,,NVIDIA A100-SXM4-40GB MIG 4g.20gb (0),1,,13,cupy_copy__float32_float32
3181316368,1792,163895,,,,,,,,,,0.000,2.232,Device,Pageable,NVIDIA A100-SXM4-40GB MIG 4g.20gb (0),1,,7,[CUDA memcpy Device-to-Host]
3181375791,13056,163906,1434,1,1,128,1,1,16,0.000,0.000,,,,,NVIDIA A100-SXM4-40GB MIG 4g.20gb (0),1,,13,cupy_copy__complex64_complex64
3181402543,2816,163913,103,1,1,128,1,1,16,0.000,0.000,,,,,NVIDIA A100-SXM4-40GB MIG 4g.20gb (0),1,,13,cupy_copy__complex64_complex64
3181423727,2432,163920,35,1,1,128,1,1,16,0.000,0.000,,,,,NVIDIA A100-SXM4-40GB MIG 4g.20gb (0),1,,13,cupy_copy__complex64_complex64
3181446990,1792,163927,1,1,1,1,1,1,18,0.000,0.000,,,,,NVIDIA A100-SXM4-40GB MIG 4g.20gb (0),1,,13,cupy_copy__float32_float32
3181577613,83039,163938,1,1,1,32,32,1,30,0.000,0.000,,,,,NVIDIA A100-SXM4-40GB MIG 4g.20gb (0),1,,13,"void convert_kernel<__half2, float2>(tensor_layout_any, T1 *, tensor_layout_any, const T2 *)"
3181688075,5728,163941,,,,,,,,,,0.094,16357.541,Pinned,Device,NVIDIA A100-SXM4-40GB MIG 4g.20gb (0),1,,13,[CUDA memcpy Host-to-Device]
3181702155,3168,163942,,,,,,,,,,1.547,488201.145,Device,,NVIDIA A100-SXM4-40GB MIG 4g.20gb (0),1,,13,[CUDA memset]
3181708747,3008,163947,,,,,,,,,,0.031,10404.230,Pinned,Device,NVIDIA A100-SXM4-40GB MIG 4g.20gb (0),1,,13,[CUDA memcpy Host-to-Device]
3181714379,9344,163948,,,,,,,,,,0.197,21040.988,Pinned,Device,NVIDIA A100-SXM4-40GB MIG 4g.20gb (0),1,,13,[CUDA memcpy Host-to-Device]
3181727275,6432,163949,273,1,1,8,4,1,39,0.002,0.000,,,,,NVIDIA A100-SXM4-40GB MIG 4g.20gb (0),1,,13,"void channel_eq::eqMmseCoefCompLowMimoKernel<float, float, float, (unsigned int)4, (unsigned int)1, (unsigned int)4>(const channel_eq::_puschRxChEqStatDescr *, channel_eq::_puschRxChEqCoefCompDynDescr)"
3181734699,7584,163950,273,1,1,12,11,1,51,0.002,0.000,,,,,NVIDIA A100-SXM4-40GB MIG 4g.20gb (0),1,,13,"void channel_eq::eqMmseSoftDemapKernel<float, __half, __half, float, (unsigned int)4, (unsigned short)16383>(channel_eq::_puschRxChEqStatDescr *, channel_eq::_puschRxChEqSoftDemapDynDescr)"
3181744139,289756,163951,1,1,1,32,32,1,30,0.000,0.000,,,,,NVIDIA A100-SXM4-40GB MIG 4g.20gb (0),1,,13,"void convert_kernel<float2, __half2>(tensor_layout_any, T1 *, tensor_layout_any, const T2 *)"
3182036647,10912,163963,2253,1,1,128,1,1,16,0.000,0.000,,,,,NVIDIA A100-SXM4-40GB MIG 4g.20gb (0),1,,13,cupy_copy__float16_float16
3182051367,2656,163972,282,1,1,128,1,1,16,0.000,0.000,,,,,NVIDIA A100-SXM4-40GB MIG 4g.20gb (0),1,,13,cupy_copy__complex64_complex64
3182056999,2144,163981,26,1,1,128,1,1,16,0.000,0.000,,,,,NVIDIA A100-SXM4-40GB MIG 4g.20gb (0),1,,13,cupy_copy__float32_float32
3182060167,3104,163990,103,1,1,128,1,1,16,0.000,0.000,,,,,NVIDIA A100-SXM4-40GB MIG 4g.20gb (0),1,,13,cupy_copy__complex64_complex64
3182064199,12000,164000,1434,1,1,128,1,1,16,0.000,0.000,,,,,NVIDIA A100-SXM4-40GB MIG 4g.20gb (0),1,,13,cupy_copy__complex64_complex64
3182077959,86942,164005,1,1,1,32,32,1,30,0.000,0.000,,,,,NVIDIA A100-SXM4-40GB MIG 4g.20gb (0),1,,13,"void convert_kernel<__half2, float2>(tensor_layout_any, T1 *, tensor_layout_any, const T2 *)"
3182192229,5536,164008,,,,,,,,,,0.094,16924.777,Pinned,Device,NVIDIA A100-SXM4-40GB MIG 4g.20gb (0),1,,13,[CUDA memcpy Host-to-Device]
3182201957,604025,164009,,,,,,,,,,456.561,755609.183,Device,,NVIDIA A100-SXM4-40GB MIG 4g.20gb (0),1,,13,[CUDA memset]
3182809630,68991,164014,,,,,,,,,,1.235,17899.278,Pinned,Device,NVIDIA A100-SXM4-40GB MIG 4g.20gb (0),1,,13,[CUDA memcpy Host-to-Device]
3182881981,15519,164015,,,,,,,,,,0.197,12668.830,Pinned,Device,NVIDIA A100-SXM4-40GB MIG 4g.20gb (0),1,,13,[CUDA memcpy Host-to-Device]
3182905276,8288,164016,69,4,1,48,1,1,76,0.002,0.000,,,,,NVIDIA A100-SXM4-40GB MIG 4g.20gb (0),1,,13,"void ch_est::windowedChEstPreNoDftSOfdmKernel<float, __half, float, (unsigned int)2, (unsigned int)1, (unsigned short)4>(ch_est::puschRxChEstStatDescr_t *, ch_est::puschRxChEstDynDescr_t *)"
3182916604,6240,164017,137,2,1,24,2,1,44,0.001,0.001,,,,,NVIDIA A100-SXM4-40GB MIG 4g.20gb (0),1,,13,"void ch_est::chEstFilterNoDftSOfdmDispatchKernel<float, __half, float, (unsigned int)2>(ch_est::puschRxChEstStatDescr_t *, ch_est::puschRxChEstDynDescr_t *)"
3182925372,5152,164018,137,2,1,24,2,1,44,0.001,0.001,,,,,NVIDIA A100-SXM4-40GB MIG 4g.20gb (0),1,,13,"void ch_est::chEstFilterNoDftSOfdmDispatchKernel<float, __half, float, (unsigned int)2>(ch_est::puschRxChEstStatDescr_t *, ch_est::puschRxChEstDynDescr_t *)"
3182935804,2624,164029,103,1,1,128,1,1,16,0.000,0.000,,,,,NVIDIA A100-SXM4-40GB MIG 4g.20gb (0),1,,13,cupy_copy__complex64_complex64
3182942012,12448,164039,1434,1,1,128,1,1,16,0.000,0.000,,,,,NVIDIA A100-SXM4-40GB MIG 4g.20gb (0),1,,13,cupy_copy__complex64_complex64
3182958012,2592,164046,103,1,1,128,1,1,16,0.000,0.000,,,,,NVIDIA A100-SXM4-40GB MIG 4g.20gb (0),1,,13,cupy_copy__complex64_complex64
3182966396,89278,164053,1,1,1,32,32,1,30,0.000,0.000,,,,,NVIDIA A100-SXM4-40GB MIG 4g.20gb (0),1,,13,"void convert_kernel<__half2, float2>(tensor_layout_any, T1 *, tensor_layout_any, const T2 *)"
3183084794,8896,164056,,,,,,,,,,0.094,10532.367,Pinned,Device,NVIDIA A100-SXM4-40GB MIG 4g.20gb (0),1,,13,[CUDA memcpy Host-to-Device]
3183102778,46335,164057,,,,,,,,,,35.810,772813.884,Device,,NVIDIA A100-SXM4-40GB MIG 4g.20gb (0),1,,13,[CUDA memset]
3183156761,2240,164059,,,,,,,,,,0.000,35.714,Pinned,Device,NVIDIA A100-SXM4-40GB MIG 4g.20gb (0),1,,13,[CUDA memcpy Host-to-Device]
3183162041,12896,164060,,,,,,,,,,0.197,15245.574,Pinned,Device,NVIDIA A100-SXM4-40GB MIG 4g.20gb (0),1,,13,[CUDA memcpy Host-to-Device]
3183182553,11584,164061,273,1,1,48,1,1,40,0.000,0.001,,,,,NVIDIA A100-SXM4-40GB MIG 4g.20gb (0),1,,13,"void pusch_noise_intf_est::noiseIntfEstNoDftSOfdmKernel<float, __half, float, float, (unsigned int)2, (unsigned int)1, (unsigned char)4, (unsigned char)4>(pusch_noise_intf_est::puschRxNoiseIntfEstDynDescr)"
3183196697,3232,164072,35,1,1,128,1,1,16,0.000,0.000,,,,,NVIDIA A100-SXM4-40GB MIG 4g.20gb (0),1,,13,cupy_copy__complex64_complex64
3183205433,1856,164081,1,1,1,1,1,1,18,0.000,0.000,,,,,NVIDIA A100-SXM4-40GB MIG 4g.20gb (0),1,,13,cupy_copy__float32_float32
3183236472,1824,164087,,,,,,,,,,0.000,2.193,Device,Pageable,NVIDIA A100-SXM4-40GB MIG 4g.20gb (0),1,,7,[CUDA memcpy Device-to-Host]
3183295736,12991,164098,1434,1,1,128,1,1,16,0.000,0.000,,,,,NVIDIA A100-SXM4-40GB MIG 4g.20gb (0),1,,13,cupy_copy__complex64_complex64
3183323831,2816,164105,103,1,1,128,1,1,16,0.000,0.000,,,,,NVIDIA A100-SXM4-40GB MIG 4g.20gb (0),1,,13,cupy_copy__complex64_complex64
3183347927,2624,164112,35,1,1,128,1,1,16,0.000,0.000,,,,,NVIDIA A100-SXM4-40GB MIG 4g.20gb (0),1,,13,cupy_copy__complex64_complex64
3183366103,1760,164119,1,1,1,1,1,1,18,0.000,0.000,,,,,NVIDIA A100-SXM4-40GB MIG 4g.20gb (0),1,,13,cupy_copy__float32_float32
3183500629,87871,164130,1,1,1,32,32,1,30,0.000,0.000,,,,,NVIDIA A100-SXM4-40GB MIG 4g.20gb (0),1,,13,"void convert_kernel<__half2, float2>(tensor_layout_any, T1 *, tensor_layout_any, const T2 *)"
3183616628,5567,164133,,,,,,,,,,0.094,16830.519,Pinned,Device,NVIDIA A100-SXM4-40GB MIG 4g.20gb (0),1,,13,[CUDA memcpy Host-to-Device]
3183630835,3328,164134,,,,,,,,,,1.547,464729.580,Device,,NVIDIA A100-SXM4-40GB MIG 4g.20gb (0),1,,13,[CUDA memset]
3183637971,3008,164139,,,,,,,,,,0.031,10404.230,Pinned,Device,NVIDIA A100-SXM4-40GB MIG 4g.20gb (0),1,,13,[CUDA memcpy Host-to-Device]
3183643411,9504,164140,,,,,,,,,,0.197,20686.701,Pinned,Device,NVIDIA A100-SXM4-40GB MIG 4g.20gb (0),1,,13,[CUDA memcpy Host-to-Device]
3183658355,6080,164141,273,1,1,8,4,1,39,0.002,0.000,,,,,NVIDIA A100-SXM4-40GB MIG 4g.20gb (0),1,,13,"void channel_eq::eqMmseCoefCompLowMimoKernel<float, float, float, (unsigned int)4, (unsigned int)1, (unsigned int)4>(const channel_eq::_puschRxChEqStatDescr *, channel_eq::_puschRxChEqCoefCompDynDescr)"
3183665459,6080,164142,273,1,1,12,11,1,51,0.002,0.000,,,,,NVIDIA A100-SXM4-40GB MIG 4g.20gb (0),1,,13,"void channel_eq::eqMmseSoftDemapKernel<float, __half, __half, float, (unsigned int)4, (unsigned short)16383>(channel_eq::_puschRxChEqStatDescr *, channel_eq::_puschRxChEqSoftDemapDynDescr)"
3183672563,283260,164143,1,1,1,32,32,1,30,0.000,0.000,,,,,NVIDIA A100-SXM4-40GB MIG 4g.20gb (0),1,,13,"void convert_kernel<float2, __half2>(tensor_layout_any, T1 *, tensor_layout_any, const T2 *)"
3183957551,10944,164155,2253,1,1,128,1,1,16,0.000,0.000,,,,,NVIDIA A100-SXM4-40GB MIG 4g.20gb (0),1,,13,cupy_copy__float16_float16
3183970735,3712,164164,282,1,1,128,1,1,16,0.000,0.000,,,,,NVIDIA A100-SXM4-40GB MIG 4g.20gb (0),1,,13,cupy_copy__complex64_complex64
3183975439,2080,164173,26,1,1,128,1,1,16,0.000,0.000,,,,,NVIDIA A100-SXM4-40GB MIG 4g.20gb (0),1,,13,cupy_copy__float32_float32
3183981519,6304,164182,103,1,1,128,1,1,16,0.000,0.000,,,,,NVIDIA A100-SXM4-40GB MIG 4g.20gb (0),1,,13,cupy_copy__complex64_complex64
3183988879,12064,164192,1434,1,1,128,1,1,16,0.000,0.000,,,,,NVIDIA A100-SXM4-40GB MIG 4g.20gb (0),1,,13,cupy_copy__complex64_complex64
3184004591,85759,164197,1,1,1,32,32,1,30,0.000,0.000,,,,,NVIDIA A100-SXM4-40GB MIG 4g.20gb (0),1,,13,"void convert_kernel<__half2, float2>(tensor_layout_any, T1 *, tensor_layout_any, const T2 *)"
3184117325,5504,164200,,,,,,,,,,0.094,17023.251,Pinned,Device,NVIDIA A100-SXM4-40GB MIG 4g.20gb (0),1,,13,[CUDA memcpy Host-to-Device]
3184126957,603801,164201,,,,,,,,,,456.561,756065.745,Device,,NVIDIA A100-SXM4-40GB MIG 4g.20gb (0),1,,13,[CUDA memset]
3184737798,69375,164206,,,,,,,,,,1.235,17800.483,Pinned,Device,NVIDIA A100-SXM4-40GB MIG 4g.20gb (0),1,,13,[CUDA memcpy Host-to-Device]
3184812037,14496,164207,,,,,,,,,,0.197,13562.806,Pinned,Device,NVIDIA A100-SXM4-40GB MIG 4g.20gb (0),1,,13,[CUDA memcpy Host-to-Device]
3184833189,8479,164208,69,4,1,48,1,1,76,0.002,0.000,,,,,NVIDIA A100-SXM4-40GB MIG 4g.20gb (0),1,,13,"void ch_est::windowedChEstPreNoDftSOfdmKernel<float, __half, float, (unsigned int)2, (unsigned int)1, (unsigned short)4>(ch_est::puschRxChEstStatDescr_t *, ch_est::puschRxChEstDynDescr_t *)"
3184847780,7104,164209,137,2,1,24,2,1,44,0.001,0.001,,,,,NVIDIA A100-SXM4-40GB MIG 4g.20gb (0),1,,13,"void ch_est::chEstFilterNoDftSOfdmDispatchKernel<float, __half, float, (unsigned int)2>(ch_est::puschRxChEstStatDescr_t *, ch_est::puschRxChEstDynDescr_t *)"
3184859044,5280,164210,137,2,1,24,2,1,44,0.001,0.001,,,,,NVIDIA A100-SXM4-40GB MIG 4g.20gb (0),1,,13,"void ch_est::chEstFilterNoDftSOfdmDispatchKernel<float, __half, float, (unsigned int)2>(ch_est::puschRxChEstStatDescr_t *, ch_est::puschRxChEstDynDescr_t *)"
3184869412,2656,164221,103,1,1,128,1,1,16,0.000,0.000,,,,,NVIDIA A100-SXM4-40GB MIG 4g.20gb (0),1,,13,cupy_copy__complex64_complex64
3184875460,12896,164231,1434,1,1,128,1,1,16,0.000,0.000,,,,,NVIDIA A100-SXM4-40GB MIG 4g.20gb (0),1,,13,cupy_copy__complex64_complex64
3184893124,2528,164238,103,1,1,128,1,1,16,0.000,0.000,,,,,NVIDIA A100-SXM4-40GB MIG 4g.20gb (0),1,,13,cupy_copy__complex64_complex64
3184900676,83359,164245,1,1,1,32,32,1,30,0.000,0.000,,,,,NVIDIA A100-SXM4-40GB MIG 4g.20gb (0),1,,13,"void convert_kernel<__half2, float2>(tensor_layout_any, T1 *, tensor_layout_any, const T2 *)"
3185013506,8032,164248,,,,,,,,,,0.094,11665.246,Pinned,Device,NVIDIA A100-SXM4-40GB MIG 4g.20gb (0),1,,13,[CUDA memcpy Host-to-Device]
3185030882,46655,164249,,,,,,,,,,35.810,767514.015,Device,,NVIDIA A100-SXM4-40GB MIG 4g.20gb (0),1,,13,[CUDA memset]
3185083457,3456,164251,,,,,,,,,,0.000,23.148,Pinned,Device,NVIDIA A100-SXM4-40GB MIG 4g.20gb (0),1,,13,[CUDA memcpy Host-to-Device]
3185091009,13120,164252,,,,,,,,,,0.197,14985.265,Pinned,Device,NVIDIA A100-SXM4-40GB MIG 4g.20gb (0),1,,13,[CUDA memcpy Host-to-Device]
3185109025,13344,164253,273,1,1,48,1,1,40,0.000,0.001,,,,,NVIDIA A100-SXM4-40GB MIG 4g.20gb (0),1,,13,"void pusch_noise_intf_est::noiseIntfEstNoDftSOfdmKernel<float, __half, float, float, (unsigned int)2, (unsigned int)1, (unsigned char)4, (unsigned char)4>(pusch_noise_intf_est::puschRxNoiseIntfEstDynDescr)"
3185127009,3200,164264,35,1,1,128,1,1,16,0.000,0.000,,,,,NVIDIA A100-SXM4-40GB MIG 4g.20gb (0),1,,13,cupy_copy__complex64_complex64
3185132001,1792,164273,1,1,1,1,1,1,18,0.000,0.000,,,,,NVIDIA A100-SXM4-40GB MIG 4g.20gb (0),1,,13,cupy_copy__float32_float32
3185162336,1984,164279,,,,,,,,,,0.000,2.016,Device,Pageable,NVIDIA A100-SXM4-40GB MIG 4g.20gb (0),1,,7,[CUDA memcpy Device-to-Host]
3185221376,12896,164290,1434,1,1,128,1,1,16,0.000,0.000,,,,,NVIDIA A100-SXM4-40GB MIG 4g.20gb (0),1,,13,cupy_copy__complex64_complex64
3185251391,2944,164297,103,1,1,128,1,1,16,0.000,0.000,,,,,NVIDIA A100-SXM4-40GB MIG 4g.20gb (0),1,,13,cupy_copy__complex64_complex64
3185272127,2368,164304,35,1,1,128,1,1,16,0.000,0.000,,,,,NVIDIA A100-SXM4-40GB MIG 4g.20gb (0),1,,13,cupy_copy__complex64_complex64
3185290719,1984,164311,1,1,1,1,1,1,18,0.000,0.000,,,,,NVIDIA A100-SXM4-40GB MIG 4g.20gb (0),1,,13,cupy_copy__float32_float32
3185421853,82751,164322,1,1,1,32,32,1,30,0.000,0.000,,,,,NVIDIA A100-SXM4-40GB MIG 4g.20gb (0),1,,13,"void convert_kernel<__half2, float2>(tensor_layout_any, T1 *, tensor_layout_any, const T2 *)"
3185532348,5472,164325,,,,,,,,,,0.094,17122.757,Pinned,Device,NVIDIA A100-SXM4-40GB MIG 4g.20gb (0),1,,13,[CUDA memcpy Host-to-Device]
3185547356,3136,164326,,,,,,,,,,1.547,493182.821,Device,,NVIDIA A100-SXM4-40GB MIG 4g.20gb (0),1,,13,[CUDA memset]
3185553500,3104,164331,,,,,,,,,,0.031,10082.445,Pinned,Device,NVIDIA A100-SXM4-40GB MIG 4g.20gb (0),1,,13,[CUDA memcpy Host-to-Device]
3185559100,9503,164332,,,,,,,,,,0.197,20688.863,Pinned,Device,NVIDIA A100-SXM4-40GB MIG 4g.20gb (0),1,,13,[CUDA memcpy Host-to-Device]
3185572315,8320,164333,273,1,1,8,4,1,39,0.002,0.000,,,,,NVIDIA A100-SXM4-40GB MIG 4g.20gb (0),1,,13,"void channel_eq::eqMmseCoefCompLowMimoKernel<float, float, float, (unsigned int)4, (unsigned int)1, (unsigned int)4>(const channel_eq::_puschRxChEqStatDescr *, channel_eq::_puschRxChEqCoefCompDynDescr)"
3185582811,6240,164334,273,1,1,12,11,1,51,0.002,0.000,,,,,NVIDIA A100-SXM4-40GB MIG 4g.20gb (0),1,,13,"void channel_eq::eqMmseSoftDemapKernel<float, __half, __half, float, (unsigned int)4, (unsigned short)16383>(channel_eq::_puschRxChEqStatDescr *, channel_eq::_puschRxChEqSoftDemapDynDescr)"
3185590075,281821,164335,1,1,1,32,32,1,30,0.000,0.000,,,,,NVIDIA A100-SXM4-40GB MIG 4g.20gb (0),1,,13,"void convert_kernel<float2, __half2>(tensor_layout_any, T1 *, tensor_layout_any, const T2 *)"
3185874840,10847,164347,2253,1,1,128,1,1,16,0.000,0.000,,,,,NVIDIA A100-SXM4-40GB MIG 4g.20gb (0),1,,13,cupy_copy__float16_float16
3185889015,3136,164356,282,1,1,128,1,1,16,0.000,0.000,,,,,NVIDIA A100-SXM4-40GB MIG 4g.20gb (0),1,,13,cupy_copy__complex64_complex64
3185893239,2048,164365,26,1,1,128,1,1,16,0.000,0.000,,,,,NVIDIA A100-SXM4-40GB MIG 4g.20gb (0),1,,13,cupy_copy__float32_float32
3185896471,3552,164374,103,1,1,128,1,1,16,0.000,0.000,,,,,NVIDIA A100-SXM4-40GB MIG 4g.20gb (0),1,,13,cupy_copy__complex64_complex64
3185902551,12288,164384,1434,1,1,128,1,1,16,0.000,0.000,,,,,NVIDIA A100-SXM4-40GB MIG 4g.20gb (0),1,,13,cupy_copy__complex64_complex64
3185919607,83103,164389,1,1,1,32,32,1,30,0.000,0.000,,,,,NVIDIA A100-SXM4-40GB MIG 4g.20gb (0),1,,13,"void convert_kernel<__half2, float2>(tensor_layout_any, T1 *, tensor_layout_any, const T2 *)"
3186030070,5536,164392,,,,,,,,,,0.094,16924.777,Pinned,Device,NVIDIA A100-SXM4-40GB MIG 4g.20gb (0),1,,13,[CUDA memcpy Host-to-Device]
3186042966,598520,164393,,,,,,,,,,456.561,762457.605,Device,,NVIDIA A100-SXM4-40GB MIG 4g.20gb (0),1,,13,[CUDA memset]
3186642958,72287,164398,,,,,,,,,,1.235,17082.980,Pinned,Device,NVIDIA A100-SXM4-40GB MIG 4g.20gb (0),1,,13,[CUDA memcpy Host-to-Device]
3186718573,14048,164399,,,,,,,,,,0.197,13995.344,Pinned,Device,NVIDIA A100-SXM4-40GB MIG 4g.20gb (0),1,,13,[CUDA memcpy Host-to-Device]
3186737997,8352,164400,69,4,1,48,1,1,76,0.002,0.000,,,,,NVIDIA A100-SXM4-40GB MIG 4g.20gb (0),1,,13,"void ch_est::windowedChEstPreNoDftSOfdmKernel<float, __half, float, (unsigned int)2, (unsigned int)1, (unsigned short)4>(ch_est::puschRxChEstStatDescr_t *, ch_est::puschRxChEstDynDescr_t *)"
3186748749,7648,164401,137,2,1,24,2,1,44,0.001,0.001,,,,,NVIDIA A100-SXM4-40GB MIG 4g.20gb (0),1,,13,"void ch_est::chEstFilterNoDftSOfdmDispatchKernel<float, __half, float, (unsigned int)2>(ch_est::puschRxChEstStatDescr_t *, ch_est::puschRxChEstDynDescr_t *)"
3186758573,5216,164402,137,2,1,24,2,1,44,0.001,0.001,,,,,NVIDIA A100-SXM4-40GB MIG 4g.20gb (0),1,,13,"void ch_est::chEstFilterNoDftSOfdmDispatchKernel<float, __half, float, (unsigned int)2>(ch_est::puschRxChEstStatDescr_t *, ch_est::puschRxChEstDynDescr_t *)"
3186765517,2624,164413,103,1,1,128,1,1,16,0.000,0.000,,,,,NVIDIA A100-SXM4-40GB MIG 4g.20gb (0),1,,13,cupy_copy__complex64_complex64
3186771437,12799,164423,1434,1,1,128,1,1,16,0.000,0.000,,,,,NVIDIA A100-SXM4-40GB MIG 4g.20gb (0),1,,13,cupy_copy__complex64_complex64
3186786732,2560,164430,103,1,1,128,1,1,16,0.000,0.000,,,,,NVIDIA A100-SXM4-40GB MIG 4g.20gb (0),1,,13,cupy_copy__complex64_complex64
3186793164,84095,164437,1,1,1,32,32,1,30,0.000,0.000,,,,,NVIDIA A100-SXM4-40GB MIG 4g.20gb (0),1,,13,"void convert_kernel<__half2, float2>(tensor_layout_any, T1 *, tensor_layout_any, const T2 *)"
3186906379,8512,164440,,,,,,,,,,0.094,11007.500,Pinned,Device,NVIDIA A100-SXM4-40GB MIG 4g.20gb (0),1,,13,[CUDA memcpy Host-to-Device]
3186925163,47135,164441,,,,,,,,,,35.810,759707.453,Device,,NVIDIA A100-SXM4-40GB MIG 4g.20gb (0),1,,13,[CUDA memset]
3186974698,4000,164443,,,,,,,,,,0.000,20.000,Pinned,Device,NVIDIA A100-SXM4-40GB MIG 4g.20gb (0),1,,13,[CUDA memcpy Host-to-Device]
3186983530,14080,164444,,,,,,,,,,0.197,13963.493,Pinned,Device,NVIDIA A100-SXM4-40GB MIG 4g.20gb (0),1,,13,[CUDA memcpy Host-to-Device]
3187005482,10176,164445,273,1,1,48,1,1,40,0.000,0.001,,,,,NVIDIA A100-SXM4-40GB MIG 4g.20gb (0),1,,13,"void pusch_noise_intf_est::noiseIntfEstNoDftSOfdmKernel<float, __half, float, float, (unsigned int)2, (unsigned int)1, (unsigned char)4, (unsigned char)4>(pusch_noise_intf_est::puschRxNoiseIntfEstDynDescr)"
3187021097,3040,164456,35,1,1,128,1,1,16,0.000,0.000,,,,,NVIDIA A100-SXM4-40GB MIG 4g.20gb (0),1,,13,cupy_copy__complex64_complex64
3187028425,1824,164465,1,1,1,1,1,1,18,0.000,0.000,,,,,NVIDIA A100-SXM4-40GB MIG 4g.20gb (0),1,,13,cupy_copy__float32_float32
3187058505,2272,164471,,,,,,,,,,0.000,1.761,Device,Pageable,NVIDIA A100-SXM4-40GB MIG 4g.20gb (0),1,,7,[CUDA memcpy Device-to-Host]
3187119400,12768,164482,1434,1,1,128,1,1,16,0.000,0.000,,,,,NVIDIA A100-SXM4-40GB MIG 4g.20gb (0),1,,13,cupy_copy__complex64_complex64
3187152584,2592,164489,103,1,1,128,1,1,16,0.000,0.000,,,,,NVIDIA A100-SXM4-40GB MIG 4g.20gb (0),1,,13,cupy_copy__complex64_complex64
3187174312,2176,164496,35,1,1,128,1,1,16,0.000,0.000,,,,,NVIDIA A100-SXM4-40GB MIG 4g.20gb (0),1,,13,cupy_copy__complex64_complex64
3187190087,1760,164503,1,1,1,1,1,1,18,0.000,0.000,,,,,NVIDIA A100-SXM4-40GB MIG 4g.20gb (0),1,,13,cupy_copy__float32_float32
3187322214,82623,164514,1,1,1,32,32,1,30,0.000,0.000,,,,,NVIDIA A100-SXM4-40GB MIG 4g.20gb (0),1,,13,"void convert_kernel<__half2, float2>(tensor_layout_any, T1 *, tensor_layout_any, const T2 *)"
3187432164,5600,164517,,,,,,,,,,0.094,16731.388,Pinned,Device,NVIDIA A100-SXM4-40GB MIG 4g.20gb (0),1,,13,[CUDA memcpy Host-to-Device]
3187446756,3200,164518,,,,,,,,,,1.547,483320.000,Device,,NVIDIA A100-SXM4-40GB MIG 4g.20gb (0),1,,13,[CUDA memset]
3187453572,3008,164523,,,,,,,,,,0.031,10404.230,Pinned,Device,NVIDIA A100-SXM4-40GB MIG 4g.20gb (0),1,,13,[CUDA memcpy Host-to-Device]
3187459108,9728,164524,,,,,,,,,,0.197,20210.516,Pinned,Device,NVIDIA A100-SXM4-40GB MIG 4g.20gb (0),1,,13,[CUDA memcpy Host-to-Device]
3187474404,6528,164525,273,1,1,8,4,1,39,0.002,0.000,,,,,NVIDIA A100-SXM4-40GB MIG 4g.20gb (0),1,,13,"void channel_eq::eqMmseCoefCompLowMimoKernel<float, float, float, (unsigned int)4, (unsigned int)1, (unsigned int)4>(const channel_eq::_puschRxChEqStatDescr *, channel_eq::_puschRxChEqCoefCompDynDescr)"
3187482692,5696,164526,273,1,1,12,11,1,51,0.002,0.000,,,,,NVIDIA A100-SXM4-40GB MIG 4g.20gb (0),1,,13,"void channel_eq::eqMmseSoftDemapKernel<float, __half, __half, float, (unsigned int)4, (unsigned short)16383>(channel_eq::_puschRxChEqStatDescr *, channel_eq::_puschRxChEqSoftDemapDynDescr)"
3187490116,282268,164527,1,1,1,32,32,1,30,0.000,0.000,,,,,NVIDIA A100-SXM4-40GB MIG 4g.20gb (0),1,,13,"void convert_kernel<float2, __half2>(tensor_layout_any, T1 *, tensor_layout_any, const T2 *)"
3187773472,10848,164539,2253,1,1,128,1,1,16,0.000,0.000,,,,,NVIDIA A100-SXM4-40GB MIG 4g.20gb (0),1,,13,cupy_copy__float16_float16
3187785280,3072,164548,282,1,1,128,1,1,16,0.000,0.000,,,,,NVIDIA A100-SXM4-40GB MIG 4g.20gb (0),1,,13,cupy_copy__complex64_complex64
3187789312,2176,164557,26,1,1,128,1,1,16,0.000,0.000,,,,,NVIDIA A100-SXM4-40GB MIG 4g.20gb (0),1,,13,cupy_copy__float32_float32
3187794432,4192,164566,103,1,1,128,1,1,16,0.000,0.000,,,,,NVIDIA A100-SXM4-40GB MIG 4g.20gb (0),1,,13,cupy_copy__complex64_complex64
3187799680,12000,164576,1434,1,1,128,1,1,16,0.000,0.000,,,,,NVIDIA A100-SXM4-40GB MIG 4g.20gb (0),1,,13,cupy_copy__complex64_complex64
3187820800,82815,164581,1,1,1,32,32,1,30,0.000,0.000,,,,,NVIDIA A100-SXM4-40GB MIG 4g.20gb (0),1,,13,"void convert_kernel<__half2, float2>(tensor_layout_any, T1 *, tensor_layout_any, const T2 *)"
3187931070,5440,164584,,,,,,,,,,0.094,17223.480,Pinned,Device,NVIDIA A100-SXM4-40GB MIG 4g.20gb (0),1,,13,[CUDA memcpy Host-to-Device]
3187941950,602105,164585,,,,,,,,,,456.561,757891.990,Device,,NVIDIA A100-SXM4-40GB MIG 4g.20gb (0),1,,13,[CUDA memset]
3188546455,67999,164590,,,,,,,,,,1.235,18161.086,Pinned,Device,NVIDIA A100-SXM4-40GB MIG 4g.20gb (0),1,,13,[CUDA memcpy Host-to-Device]
3188618486,15744,164591,,,,,,,,,,0.197,12487.754,Pinned,Device,NVIDIA A100-SXM4-40GB MIG 4g.20gb (0),1,,13,[CUDA memcpy Host-to-Device]
3188643349,8448,164592,69,4,1,48,1,1,76,0.002,0.000,,,,,NVIDIA A100-SXM4-40GB MIG 4g.20gb (0),1,,13,"void ch_est::windowedChEstPreNoDftSOfdmKernel<float, __half, float, (unsigned int)2, (unsigned int)1, (unsigned short)4>(ch_est::puschRxChEstStatDescr_t *, ch_est::puschRxChEstDynDescr_t *)"
3188654869,7104,164593,137,2,1,24,2,1,44,0.001,0.001,,,,,NVIDIA A100-SXM4-40GB MIG 4g.20gb (0),1,,13,"void ch_est::chEstFilterNoDftSOfdmDispatchKernel<float, __half, float, (unsigned int)2>(ch_est::puschRxChEstStatDescr_t *, ch_est::puschRxChEstDynDescr_t *)"
3188664533,5440,164594,137,2,1,24,2,1,44,0.001,0.001,,,,,NVIDIA A100-SXM4-40GB MIG 4g.20gb (0),1,,13,"void ch_est::chEstFilterNoDftSOfdmDispatchKernel<float, __half, float, (unsigned int)2>(ch_est::puschRxChEstStatDescr_t *, ch_est::puschRxChEstDynDescr_t *)"
3188675605,2528,164605,103,1,1,128,1,1,16,0.000,0.000,,,,,NVIDIA A100-SXM4-40GB MIG 4g.20gb (0),1,,13,cupy_copy__complex64_complex64
3188682453,12832,164615,1434,1,1,128,1,1,16,0.000,0.000,,,,,NVIDIA A100-SXM4-40GB MIG 4g.20gb (0),1,,13,cupy_copy__complex64_complex64
3188698901,2624,164622,103,1,1,128,1,1,16,0.000,0.000,,,,,NVIDIA A100-SXM4-40GB MIG 4g.20gb (0),1,,13,cupy_copy__complex64_complex64
3188705237,93086,164629,1,1,1,32,32,1,30,0.000,0.000,,,,,NVIDIA A100-SXM4-40GB MIG 4g.20gb (0),1,,13,"void convert_kernel<__half2, float2>(tensor_layout_any, T1 *, tensor_layout_any, const T2 *)"
3188827475,9568,164632,,,,,,,,,,0.094,9792.637,Pinned,Device,NVIDIA A100-SXM4-40GB MIG 4g.20gb (0),1,,13,[CUDA memcpy Host-to-Device]
3188843859,47583,164633,,,,,,,,,,35.810,752545.469,Device,,NVIDIA A100-SXM4-40GB MIG 4g.20gb (0),1,,13,[CUDA memset]
3188893906,4448,164635,,,,,,,,,,0.000,17.986,Pinned,Device,NVIDIA A100-SXM4-40GB MIG 4g.20gb (0),1,,13,[CUDA memcpy Host-to-Device]
3188902450,13216,164636,,,,,,,,,,0.197,14876.344,Pinned,Device,NVIDIA A100-SXM4-40GB MIG 4g.20gb (0),1,,13,[CUDA memcpy Host-to-Device]
3188925522,10560,164637,273,1,1,48,1,1,40,0.000,0.001,,,,,NVIDIA A100-SXM4-40GB MIG 4g.20gb (0),1,,13,"void pusch_noise_intf_est::noiseIntfEstNoDftSOfdmKernel<float, __half, float, float, (unsigned int)2, (unsigned int)1, (unsigned char)4, (unsigned char)4>(pusch_noise_intf_est::puschRxNoiseIntfEstDynDescr)"
3188939986,3008,164648,35,1,1,128,1,1,16,0.000,0.000,,,,,NVIDIA A100-SXM4-40GB MIG 4g.20gb (0),1,,13,cupy_copy__complex64_complex64
3188948594,1952,164657,1,1,1,1,1,1,18,0.000,0.000,,,,,NVIDIA A100-SXM4-40GB MIG 4g.20gb (0),1,,13,cupy_copy__float32_float32
3188980721,1824,164663,,,,,,,,,,0.000,2.193,Device,Pageable,NVIDIA A100-SXM4-40GB MIG 4g.20gb (0),1,,7,[CUDA memcpy Device-to-Host]
3189041680,12640,164674,1434,1,1,128,1,1,16,0.000,0.000,,,,,NVIDIA A100-SXM4-40GB MIG 4g.20gb (0),1,,13,cupy_copy__complex64_complex64
3189067856,3552,164681,103,1,1,128,1,1,16,0.000,0.000,,,,,NVIDIA A100-SXM4-40GB MIG 4g.20gb (0),1,,13,cupy_copy__complex64_complex64
3189088912,2560,164688,35,1,1,128,1,1,16,0.000,0.000,,,,,NVIDIA A100-SXM4-40GB MIG 4g.20gb (0),1,,13,cupy_copy__complex64_complex64
3189106960,1792,164695,1,1,1,1,1,1,18,0.000,0.000,,,,,NVIDIA A100-SXM4-40GB MIG 4g.20gb (0),1,,13,cupy_copy__float32_float32
3189237550,81439,164706,1,1,1,32,32,1,30,0.000,0.000,,,,,NVIDIA A100-SXM4-40GB MIG 4g.20gb (0),1,,13,"void convert_kernel<__half2, float2>(tensor_layout_any, T1 *, tensor_layout_any, const T2 *)"
3189345997,5440,164709,,,,,,,,,,0.094,17223.480,Pinned,Device,NVIDIA A100-SXM4-40GB MIG 4g.20gb (0),1,,13,[CUDA memcpy Host-to-Device]
3189361133,3199,164710,,,,,,,,,,1.547,483470.023,Device,,NVIDIA A100-SXM4-40GB MIG 4g.20gb (0),1,,13,[CUDA memset]
3189367692,3008,164715,,,,,,,,,,0.031,10404.230,Pinned,Device,NVIDIA A100-SXM4-40GB MIG 4g.20gb (0),1,,13,[CUDA memcpy Host-to-Device]
3189373260,9408,164716,,,,,,,,,,0.197,20897.858,Pinned,Device,NVIDIA A100-SXM4-40GB MIG 4g.20gb (0),1,,13,[CUDA memcpy Host-to-Device]
3189387532,6528,164717,273,1,1,8,4,1,39,0.002,0.000,,,,,NVIDIA A100-SXM4-40GB MIG 4g.20gb (0),1,,13,"void channel_eq::eqMmseCoefCompLowMimoKernel<float, float, float, (unsigned int)4, (unsigned int)1, (unsigned int)4>(const channel_eq::_puschRxChEqStatDescr *, channel_eq::_puschRxChEqCoefCompDynDescr)"
3189395084,6112,164718,273,1,1,12,11,1,51,0.002,0.000,,,,,NVIDIA A100-SXM4-40GB MIG 4g.20gb (0),1,,13,"void channel_eq::eqMmseSoftDemapKernel<float, __half, __half, float, (unsigned int)4, (unsigned short)16383>(channel_eq::_puschRxChEqStatDescr *, channel_eq::_puschRxChEqSoftDemapDynDescr)"
3189402220,283133,164719,1,1,1,32,32,1,30,0.000,0.000,,,,,NVIDIA A100-SXM4-40GB MIG 4g.20gb (0),1,,13,"void convert_kernel<float2, __half2>(tensor_layout_any, T1 *, tensor_layout_any, const T2 *)"
3189686793,10975,164731,2253,1,1,128,1,1,16,0.000,0.000,,,,,NVIDIA A100-SXM4-40GB MIG 4g.20gb (0),1,,13,cupy_copy__float16_float16
3189701032,3488,164740,282,1,1,128,1,1,16,0.000,0.000,,,,,NVIDIA A100-SXM4-40GB MIG 4g.20gb (0),1,,13,cupy_copy__complex64_complex64
3189708424,2144,164749,26,1,1,128,1,1,16,0.000,0.000,,,,,NVIDIA A100-SXM4-40GB MIG 4g.20gb (0),1,,13,cupy_copy__float32_float32
3189712744,2944,164758,103,1,1,128,1,1,16,0.000,0.000,,,,,NVIDIA A100-SXM4-40GB MIG 4g.20gb (0),1,,13,cupy_copy__complex64_complex64
3189716712,11968,164768,1434,1,1,128,1,1,16,0.000,0.000,,,,,NVIDIA A100-SXM4-40GB MIG 4g.20gb (0),1,,13,cupy_copy__complex64_complex64
3189736712,85567,164773,1,1,1,32,32,1,30,0.000,0.000,,,,,NVIDIA A100-SXM4-40GB MIG 4g.20gb (0),1,,13,"void convert_kernel<__half2, float2>(tensor_layout_any, T1 *, tensor_layout_any, const T2 *)"
3189849286,5632,164776,,,,,,,,,,0.094,16636.287,Pinned,Device,NVIDIA A100-SXM4-40GB MIG 4g.20gb (0),1,,13,[CUDA memcpy Host-to-Device]
3189861382,599705,164777,,,,,,,,,,456.561,761087.920,Device,,NVIDIA A100-SXM4-40GB MIG 4g.20gb (0),1,,13,[CUDA memset]
3190466687,68671,164782,,,,,,,,,,1.235,17983.255,Pinned,Device,NVIDIA A100-SXM4-40GB MIG 4g.20gb (0),1,,13,[CUDA memcpy Host-to-Device]
3190539646,15264,164783,,,,,,,,,,0.197,12880.380,Pinned,Device,NVIDIA A100-SXM4-40GB MIG 4g.20gb (0),1,,13,[CUDA memcpy Host-to-Device]
3190561918,8288,164784,69,4,1,48,1,1,76,0.002,0.000,,,,,NVIDIA A100-SXM4-40GB MIG 4g.20gb (0),1,,13,"void ch_est::windowedChEstPreNoDftSOfdmKernel<float, __half, float, (unsigned int)2, (unsigned int)1, (unsigned short)4>(ch_est::puschRxChEstStatDescr_t *, ch_est::puschRxChEstDynDescr_t *)"
3190576222,6623,164785,137,2,1,24,2,1,44,0.001,0.001,,,,,NVIDIA A100-SXM4-40GB MIG 4g.20gb (0),1,,13,"void ch_est::chEstFilterNoDftSOfdmDispatchKernel<float, __half, float, (unsigned int)2>(ch_est::puschRxChEstStatDescr_t *, ch_est::puschRxChEstDynDescr_t *)"
3190586397,5280,164786,137,2,1,24,2,1,44,0.001,0.001,,,,,NVIDIA A100-SXM4-40GB MIG 4g.20gb (0),1,,13,"void ch_est::chEstFilterNoDftSOfdmDispatchKernel<float, __half, float, (unsigned int)2>(ch_est::puschRxChEstStatDescr_t *, ch_est::puschRxChEstDynDescr_t *)"
3190597149,2688,164797,103,1,1,128,1,1,16,0.000,0.000,,,,,NVIDIA A100-SXM4-40GB MIG 4g.20gb (0),1,,13,cupy_copy__complex64_complex64
3190602013,12544,164807,1434,1,1,128,1,1,16,0.000,0.000,,,,,NVIDIA A100-SXM4-40GB MIG 4g.20gb (0),1,,13,cupy_copy__complex64_complex64
3190617789,2560,164814,103,1,1,128,1,1,16,0.000,0.000,,,,,NVIDIA A100-SXM4-40GB MIG 4g.20gb (0),1,,13,cupy_copy__complex64_complex64
3190625565,83487,164821,1,1,1,32,32,1,30,0.000,0.000,,,,,NVIDIA A100-SXM4-40GB MIG 4g.20gb (0),1,,13,"void convert_kernel<__half2, float2>(tensor_layout_any, T1 *, tensor_layout_any, const T2 *)"
3190736924,8575,164824,,,,,,,,,,0.094,10926.640,Pinned,Device,NVIDIA A100-SXM4-40GB MIG 4g.20gb (0),1,,13,[CUDA memcpy Host-to-Device]
3190752827,47936,164825,,,,,,,,,,35.810,747030.741,Device,,NVIDIA A100-SXM4-40GB MIG 4g.20gb (0),1,,13,[CUDA memset]
3190802939,3072,164827,,,,,,,,,,0.000,26.042,Pinned,Device,NVIDIA A100-SXM4-40GB MIG 4g.20gb (0),1,,13,[CUDA memcpy Host-to-Device]
3190809819,13183,164828,,,,,,,,,,0.197,14913.700,Pinned,Device,NVIDIA A100-SXM4-40GB MIG 4g.20gb (0),1,,13,[CUDA memcpy Host-to-Device]
3190830778,10048,164829,273,1,1,48,1,1,40,0.000,0.001,,,,,NVIDIA A100-SXM4-40GB MIG 4g.20gb (0),1,,13,"void pusch_noise_intf_est::noiseIntfEstNoDftSOfdmKernel<float, __half, float, float, (unsigned int)2, (unsigned int)1, (unsigned char)4, (unsigned char)4>(pusch_noise_intf_est::puschRxNoiseIntfEstDynDescr)"
3190845018,3008,164840,35,1,1,128,1,1,16,0.000,0.000,,,,,NVIDIA A100-SXM4-40GB MIG 4g.20gb (0),1,,13,cupy_copy__complex64_complex64
3190864090,1920,164849,1,1,1,1,1,1,18,0.000,0.000,,,,,NVIDIA A100-SXM4-40GB MIG 4g.20gb (0),1,,13,cupy_copy__float32_float32
3190897978,1824,164855,,,,,,,,,,0.000,2.193,Device,Pageable,NVIDIA A100-SXM4-40GB MIG 4g.20gb (0),1,,7,[CUDA memcpy Device-to-Host]
3190959609,13184,164866,1434,1,1,128,1,1,16,0.000,0.000,,,,,NVIDIA A100-SXM4-40GB MIG 4g.20gb (0),1,,13,cupy_copy__complex64_complex64
3190985848,3520,164873,103,1,1,128,1,1,16,0.000,0.000,,,,,NVIDIA A100-SXM4-40GB MIG 4g.20gb (0),1,,13,cupy_copy__complex64_complex64
3191005496,2336,164880,35,1,1,128,1,1,16,0.000,0.000,,,,,NVIDIA A100-SXM4-40GB MIG 4g.20gb (0),1,,13,cupy_copy__complex64_complex64
3191023128,1792,164887,1,1,1,1,1,1,18,0.000,0.000,,,,,NVIDIA A100-SXM4-40GB MIG 4g.20gb (0),1,,13,cupy_copy__float32_float32
3191156438,82207,164898,1,1,1,32,32,1,30,0.000,0.000,,,,,NVIDIA A100-SXM4-40GB MIG 4g.20gb (0),1,,13,"void convert_kernel<__half2, float2>(tensor_layout_any, T1 *, tensor_layout_any, const T2 *)"
3191265909,5408,164901,,,,,,,,,,0.094,17325.421,Pinned,Device,NVIDIA A100-SXM4-40GB MIG 4g.20gb (0),1,,13,[CUDA memcpy Host-to-Device]
3191281589,3296,164902,,,,,,,,,,1.547,469242.628,Device,,NVIDIA A100-SXM4-40GB MIG 4g.20gb (0),1,,13,[CUDA memset]
3191287317,3040,164907,,,,,,,,,,0.031,10294.725,Pinned,Device,NVIDIA A100-SXM4-40GB MIG 4g.20gb (0),1,,13,[CUDA memcpy Host-to-Device]
3191293045,9728,164908,,,,,,,,,,0.197,20210.516,Pinned,Device,NVIDIA A100-SXM4-40GB MIG 4g.20gb (0),1,,13,[CUDA memcpy Host-to-Device]
3191307604,7392,164909,273,1,1,8,4,1,39,0.002,0.000,,,,,NVIDIA A100-SXM4-40GB MIG 4g.20gb (0),1,,13,"void channel_eq::eqMmseCoefCompLowMimoKernel<float, float, float, (unsigned int)4, (unsigned int)1, (unsigned int)4>(const channel_eq::_puschRxChEqStatDescr *, channel_eq::_puschRxChEqCoefCompDynDescr)"
3191317364,5824,164910,273,1,1,12,11,1,51,0.002,0.000,,,,,NVIDIA A100-SXM4-40GB MIG 4g.20gb (0),1,,13,"void channel_eq::eqMmseSoftDemapKernel<float, __half, __half, float, (unsigned int)4, (unsigned short)16383>(channel_eq::_puschRxChEqStatDescr *, channel_eq::_puschRxChEqSoftDemapDynDescr)"
3191326132,294589,164911,1,1,1,32,32,1,30,0.000,0.000,,,,,NVIDIA A100-SXM4-40GB MIG 4g.20gb (0),1,,13,"void convert_kernel<float2, __half2>(tensor_layout_any, T1 *, tensor_layout_any, const T2 *)"
3191622065,11039,164923,2253,1,1,128,1,1,16,0.000,0.000,,,,,NVIDIA A100-SXM4-40GB MIG 4g.20gb (0),1,,13,cupy_copy__float16_float16
3191635600,3744,164932,282,1,1,128,1,1,16,0.000,0.000,,,,,NVIDIA A100-SXM4-40GB MIG 4g.20gb (0),1,,13,cupy_copy__complex64_complex64
3191642352,2240,164941,26,1,1,128,1,1,16,0.000,0.000,,,,,NVIDIA A100-SXM4-40GB MIG 4g.20gb (0),1,,13,cupy_copy__float32_float32
3191646288,5472,164950,103,1,1,128,1,1,16,0.000,0.000,,,,,NVIDIA A100-SXM4-40GB MIG 4g.20gb (0),1,,13,cupy_copy__complex64_complex64
3191652816,11968,164960,1434,1,1,128,1,1,16,0.000,0.000,,,,,NVIDIA A100-SXM4-40GB MIG 4g.20gb (0),1,,13,cupy_copy__complex64_complex64
3191668656,87423,164965,1,1,1,32,32,1,30,0.000,0.000,,,,,NVIDIA A100-SXM4-40GB MIG 4g.20gb (0),1,,13,"void convert_kernel<__half2, float2>(tensor_layout_any, T1 *, tensor_layout_any, const T2 *)"
3191783311,5312,164968,,,,,,,,,,0.094,17638.553,Pinned,Device,NVIDIA A100-SXM4-40GB MIG 4g.20gb (0),1,,13,[CUDA memcpy Host-to-Device]
3191793390,607385,164969,,,,,,,,,,456.561,751500.130,Device,,NVIDIA A100-SXM4-40GB MIG 4g.20gb (0),1,,13,[CUDA memset]
3192402279,65791,164974,,,,,,,,,,1.235,18769.914,Pinned,Device,NVIDIA A100-SXM4-40GB MIG 4g.20gb (0),1,,13,[CUDA memcpy Host-to-Device]
3192473414,15200,164975,,,,,,,,,,0.197,12934.644,Pinned,Device,NVIDIA A100-SXM4-40GB MIG 4g.20gb (0),1,,13,[CUDA memcpy Host-to-Device]
3192498694,8544,164976,69,4,1,48,1,1,76,0.002,0.000,,,,,NVIDIA A100-SXM4-40GB MIG 4g.20gb (0),1,,13,"void ch_est::windowedChEstPreNoDftSOfdmKernel<float, __half, float, (unsigned int)2, (unsigned int)1, (unsigned short)4>(ch_est::puschRxChEstStatDescr_t *, ch_est::puschRxChEstDynDescr_t *)"
3192511366,7487,164977,137,2,1,24,2,1,44,0.001,0.001,,,,,NVIDIA A100-SXM4-40GB MIG 4g.20gb (0),1,,13,"void ch_est::chEstFilterNoDftSOfdmDispatchKernel<float, __half, float, (unsigned int)2>(ch_est::puschRxChEstStatDescr_t *, ch_est::puschRxChEstDynDescr_t *)"
3192522885,5504,164978,137,2,1,24,2,1,44,0.001,0.001,,,,,NVIDIA A100-SXM4-40GB MIG 4g.20gb (0),1,,13,"void ch_est::chEstFilterNoDftSOfdmDispatchKernel<float, __half, float, (unsigned int)2>(ch_est::puschRxChEstStatDescr_t *, ch_est::puschRxChEstDynDescr_t *)"
3192533189,2688,164989,103,1,1,128,1,1,16,0.000,0.000,,,,,NVIDIA A100-SXM4-40GB MIG 4g.20gb (0),1,,13,cupy_copy__complex64_complex64
3192538981,12704,164999,1434,1,1,128,1,1,16,0.000,0.000,,,,,NVIDIA A100-SXM4-40GB MIG 4g.20gb (0),1,,13,cupy_copy__complex64_complex64
3192555237,2624,165006,103,1,1,128,1,1,16,0.000,0.000,,,,,NVIDIA A100-SXM4-40GB MIG 4g.20gb (0),1,,13,cupy_copy__complex64_complex64
3192562021,83487,165013,1,1,1,32,32,1,30,0.000,0.000,,,,,NVIDIA A100-SXM4-40GB MIG 4g.20gb (0),1,,13,"void convert_kernel<__half2, float2>(tensor_layout_any, T1 *, tensor_layout_any, const T2 *)"
3192673988,9567,165016,,,,,,,,,,0.094,9793.574,Pinned,Device,NVIDIA A100-SXM4-40GB MIG 4g.20gb (0),1,,13,[CUDA memcpy Host-to-Device]
3192691459,48032,165017,,,,,,,,,,35.810,745526.724,Device,,NVIDIA A100-SXM4-40GB MIG 4g.20gb (0),1,,13,[CUDA memset]
3192747427,2688,165019,,,,,,,,,,0.000,29.762,Pinned,Device,NVIDIA A100-SXM4-40GB MIG 4g.20gb (0),1,,13,[CUDA memcpy Host-to-Device]
3192754179,12799,165020,,,,,,,,,,0.197,15361.180,Pinned,Device,NVIDIA A100-SXM4-40GB MIG 4g.20gb (0),1,,13,[CUDA memcpy Host-to-Device]
3192776546,10432,165021,273,1,1,48,1,1,40,0.000,0.001,,,,,NVIDIA A100-SXM4-40GB MIG 4g.20gb (0),1,,13,"void pusch_noise_intf_est::noiseIntfEstNoDftSOfdmKernel<float, __half, float, float, (unsigned int)2, (unsigned int)1, (unsigned char)4, (unsigned char)4>(pusch_noise_intf_est::puschRxNoiseIntfEstDynDescr)"
3192790690,3008,165032,35,1,1,128,1,1,16,0.000,0.000,,,,,NVIDIA A100-SXM4-40GB MIG 4g.20gb (0),1,,13,cupy_copy__complex64_complex64
3192802690,1888,165041,1,1,1,1,1,1,18,0.000,0.000,,,,,NVIDIA A100-SXM4-40GB MIG 4g.20gb (0),1,,13,cupy_copy__float32_float32
3192834818,1760,165047,,,,,,,,,,0.000,2.273,Device,Pageable,NVIDIA A100-SXM4-40GB MIG 4g.20gb (0),1,,7,[CUDA memcpy Device-to-Host]
3192894817,12640,165058,1434,1,1,128,1,1,16,0.000,0.000,,,,,NVIDIA A100-SXM4-40GB MIG 4g.20gb (0),1,,13,cupy_copy__complex64_complex64
3192922337,2591,165065,103,1,1,128,1,1,16,0.000,0.000,,,,,NVIDIA A100-SXM4-40GB MIG 4g.20gb (0),1,,13,cupy_copy__complex64_complex64
3192941888,2176,165072,35,1,1,128,1,1,16,0.000,0.000,,,,,NVIDIA A100-SXM4-40GB MIG 4g.20gb (0),1,,13,cupy_copy__complex64_complex64
3192960352,1792,165079,1,1,1,1,1,1,18,0.000,0.000,,,,,NVIDIA A100-SXM4-40GB MIG 4g.20gb (0),1,,13,cupy_copy__float32_float32
3193092542,82975,165090,1,1,1,32,32,1,30,0.000,0.000,,,,,NVIDIA A100-SXM4-40GB MIG 4g.20gb (0),1,,13,"void convert_kernel<__half2, float2>(tensor_layout_any, T1 *, tensor_layout_any, const T2 *)"
3193203101,5408,165093,,,,,,,,,,0.094,17325.421,Pinned,Device,NVIDIA A100-SXM4-40GB MIG 4g.20gb (0),1,,13,[CUDA memcpy Host-to-Device]
3193217405,3360,165094,,,,,,,,,,1.547,460304.688,Device,,NVIDIA A100-SXM4-40GB MIG 4g.20gb (0),1,,13,[CUDA memset]
3193224285,3008,165099,,,,,,,,,,0.031,10404.230,Pinned,Device,NVIDIA A100-SXM4-40GB MIG 4g.20gb (0),1,,13,[CUDA memcpy Host-to-Device]
3193229853,9376,165100,,,,,,,,,,0.197,20969.226,Pinned,Device,NVIDIA A100-SXM4-40GB MIG 4g.20gb (0),1,,13,[CUDA memcpy Host-to-Device]
3193243645,5759,165101,273,1,1,8,4,1,39,0.002,0.000,,,,,NVIDIA A100-SXM4-40GB MIG 4g.20gb (0),1,,13,"void channel_eq::eqMmseCoefCompLowMimoKernel<float, float, float, (unsigned int)4, (unsigned int)1, (unsigned int)4>(const channel_eq::_puschRxChEqStatDescr *, channel_eq::_puschRxChEqCoefCompDynDescr)"
3193250812,7616,165102,273,1,1,12,11,1,51,0.002,0.000,,,,,NVIDIA A100-SXM4-40GB MIG 4g.20gb (0),1,,13,"void channel_eq::eqMmseSoftDemapKernel<float, __half, __half, float, (unsigned int)4, (unsigned short)16383>(channel_eq::_puschRxChEqStatDescr *, channel_eq::_puschRxChEqSoftDemapDynDescr)"
3193260028,294493,165103,1,1,1,32,32,1,30,0.000,0.000,,,,,NVIDIA A100-SXM4-40GB MIG 4g.20gb (0),1,,13,"void convert_kernel<float2, __half2>(tensor_layout_any, T1 *, tensor_layout_any, const T2 *)"
3193556409,10880,165115,2253,1,1,128,1,1,16,0.000,0.000,,,,,NVIDIA A100-SXM4-40GB MIG 4g.20gb (0),1,,13,cupy_copy__float16_float16
3193568665,3135,165124,282,1,1,128,1,1,16,0.000,0.000,,,,,NVIDIA A100-SXM4-40GB MIG 4g.20gb (0),1,,13,cupy_copy__complex64_complex64
3193573816,2048,165133,26,1,1,128,1,1,16,0.000,0.000,,,,,NVIDIA A100-SXM4-40GB MIG 4g.20gb (0),1,,13,cupy_copy__float32_float32
3193577784,2976,165142,103,1,1,128,1,1,16,0.000,0.000,,,,,NVIDIA A100-SXM4-40GB MIG 4g.20gb (0),1,,13,cupy_copy__complex64_complex64
3193581784,11744,165152,1434,1,1,128,1,1,16,0.000,0.000,,,,,NVIDIA A100-SXM4-40GB MIG 4g.20gb (0),1,,13,cupy_copy__complex64_complex64
3193594744,83039,165157,1,1,1,32,32,1,30,0.000,0.000,,,,,NVIDIA A100-SXM4-40GB MIG 4g.20gb (0),1,,13,"void convert_kernel<__half2, float2>(tensor_layout_any, T1 *, tensor_layout_any, const T2 *)"
3193704215,5408,165160,,,,,,,,,,0.094,17325.421,Pinned,Device,NVIDIA A100-SXM4-40GB MIG 4g.20gb (0),1,,13,[CUDA memcpy Host-to-Device]
3193714583,602616,165161,,,,,,,,,,456.561,757435.429,Device,,NVIDIA A100-SXM4-40GB MIG 4g.20gb (0),1,,13,[CUDA memset]
3194321615,69791,165166,,,,,,,,,,1.235,17694.278,Pinned,Device,NVIDIA A100-SXM4-40GB MIG 4g.20gb (0),1,,13,[CUDA memcpy Host-to-Device]
3194395406,14208,165167,,,,,,,,,,0.197,13837.664,Pinned,Device,NVIDIA A100-SXM4-40GB MIG 4g.20gb (0),1,,13,[CUDA memcpy Host-to-Device]
3194413838,8608,165168,69,4,1,48,1,1,76,0.002,0.000,,,,,NVIDIA A100-SXM4-40GB MIG 4g.20gb (0),1,,13,"void ch_est::windowedChEstPreNoDftSOfdmKernel<float, __half, float, (unsigned int)2, (unsigned int)1, (unsigned short)4>(ch_est::puschRxChEstStatDescr_t *, ch_est::puschRxChEstDynDescr_t *)"
3194425870,6528,165169,137,2,1,24,2,1,44,0.001,0.001,,,,,NVIDIA A100-SXM4-40GB MIG 4g.20gb (0),1,,13,"void ch_est::chEstFilterNoDftSOfdmDispatchKernel<float, __half, float, (unsigned int)2>(ch_est::puschRxChEstStatDescr_t *, ch_est::puschRxChEstDynDescr_t *)"
3194435790,5408,165170,137,2,1,24,2,1,44,0.001,0.001,,,,,NVIDIA A100-SXM4-40GB MIG 4g.20gb (0),1,,13,"void ch_est::chEstFilterNoDftSOfdmDispatchKernel<float, __half, float, (unsigned int)2>(ch_est::puschRxChEstStatDescr_t *, ch_est::puschRxChEstDynDescr_t *)"
3194447118,2624,165181,103,1,1,128,1,1,16,0.000,0.000,,,,,NVIDIA A100-SXM4-40GB MIG 4g.20gb (0),1,,13,cupy_copy__complex64_complex64
3194452814,12671,165191,1434,1,1,128,1,1,16,0.000,0.000,,,,,NVIDIA A100-SXM4-40GB MIG 4g.20gb (0),1,,13,cupy_copy__complex64_complex64
3194473581,2592,165198,103,1,1,128,1,1,16,0.000,0.000,,,,,NVIDIA A100-SXM4-40GB MIG 4g.20gb (0),1,,13,cupy_copy__complex64_complex64
3194480589,84383,165205,1,1,1,32,32,1,30,0.000,0.000,,,,,NVIDIA A100-SXM4-40GB MIG 4g.20gb (0),1,,13,"void convert_kernel<__half2, float2>(tensor_layout_any, T1 *, tensor_layout_any, const T2 *)"
3194592876,9216,165208,,,,,,,,,,0.094,10166.578,Pinned,Device,NVIDIA A100-SXM4-40GB MIG 4g.20gb (0),1,,13,[CUDA memcpy Host-to-Device]
3194609004,47263,165209,,,,,,,,,,35.810,757666.287,Device,,NVIDIA A100-SXM4-40GB MIG 4g.20gb (0),1,,13,[CUDA memset]
3194657867,4448,165211,,,,,,,,,,0.000,17.986,Pinned,Device,NVIDIA A100-SXM4-40GB MIG 4g.20gb (0),1,,13,[CUDA memcpy Host-to-Device]
3194666091,13248,165212,,,,,,,,,,0.197,14840.562,Pinned,Device,NVIDIA A100-SXM4-40GB MIG 4g.20gb (0),1,,13,[CUDA memcpy Host-to-Device]
3194684683,10304,165213,273,1,1,48,1,1,40,0.000,0.001,,,,,NVIDIA A100-SXM4-40GB MIG 4g.20gb (0),1,,13,"void pusch_noise_intf_est::noiseIntfEstNoDftSOfdmKernel<float, __half, float, float, (unsigned int)2, (unsigned int)1, (unsigned char)4, (unsigned char)4>(pusch_noise_intf_est::puschRxNoiseIntfEstDynDescr)"
3194700235,2975,165224,35,1,1,128,1,1,16,0.000,0.000,,,,,NVIDIA A100-SXM4-40GB MIG 4g.20gb (0),1,,13,cupy_copy__complex64_complex64
3194716554,1920,165233,1,1,1,1,1,1,18,0.000,0.000,,,,,NVIDIA A100-SXM4-40GB MIG 4g.20gb (0),1,,13,cupy_copy__float32_float32
3194746666,2304,165239,,,,,,,,,,0.000,1.736,Device,Pageable,NVIDIA A100-SXM4-40GB MIG 4g.20gb (0),1,,7,[CUDA memcpy Device-to-Host]
3194808745,12864,165250,1434,1,1,128,1,1,16,0.000,0.000,,,,,NVIDIA A100-SXM4-40GB MIG 4g.20gb (0),1,,13,cupy_copy__complex64_complex64
3194834601,2624,165257,103,1,1,128,1,1,16,0.000,0.000,,,,,NVIDIA A100-SXM4-40GB MIG 4g.20gb (0),1,,13,cupy_copy__complex64_complex64
3194863785,2271,165264,35,1,1,128,1,1,16,0.000,0.000,,,,,NVIDIA A100-SXM4-40GB MIG 4g.20gb (0),1,,13,cupy_copy__complex64_complex64
3194883144,2048,165271,1,1,1,1,1,1,18,0.000,0.000,,,,,NVIDIA A100-SXM4-40GB MIG 4g.20gb (0),1,,13,cupy_copy__float32_float32
3195015335,87391,165282,1,1,1,32,32,1,30,0.000,0.000,,,,,NVIDIA A100-SXM4-40GB MIG 4g.20gb (0),1,,13,"void convert_kernel<__half2, float2>(tensor_layout_any, T1 *, tensor_layout_any, const T2 *)"
3195129893,5504,165285,,,,,,,,,,0.094,17023.251,Pinned,Device,NVIDIA A100-SXM4-40GB MIG 4g.20gb (0),1,,13,[CUDA memcpy Host-to-Device]
3195144293,3360,165286,,,,,,,,,,1.547,460304.688,Device,,NVIDIA A100-SXM4-40GB MIG 4g.20gb (0),1,,13,[CUDA memset]
3195151173,3072,165291,,,,,,,,,,0.031,10187.474,Pinned,Device,NVIDIA A100-SXM4-40GB MIG 4g.20gb (0),1,,13,[CUDA memcpy Host-to-Device]
3195156677,9376,165292,,,,,,,,,,0.197,20969.226,Pinned,Device,NVIDIA A100-SXM4-40GB MIG 4g.20gb (0),1,,13,[CUDA memcpy Host-to-Device]
3195171269,7456,165293,273,1,1,8,4,1,39,0.002,0.000,,,,,NVIDIA A100-SXM4-40GB MIG 4g.20gb (0),1,,13,"void channel_eq::eqMmseCoefCompLowMimoKernel<float, float, float, (unsigned int)4, (unsigned int)1, (unsigned int)4>(const channel_eq::_puschRxChEqStatDescr *, channel_eq::_puschRxChEqCoefCompDynDescr)"
3195180005,6208,165294,273,1,1,12,11,1,51,0.002,0.000,,,,,NVIDIA A100-SXM4-40GB MIG 4g.20gb (0),1,,13,"void channel_eq::eqMmseSoftDemapKernel<float, __half, __half, float, (unsigned int)4, (unsigned short)16383>(channel_eq::_puschRxChEqStatDescr *, channel_eq::_puschRxChEqSoftDemapDynDescr)"
3195187205,282428,165295,1,1,1,32,32,1,30,0.000,0.000,,,,,NVIDIA A100-SXM4-40GB MIG 4g.20gb (0),1,,13,"void convert_kernel<float2, __half2>(tensor_layout_any, T1 *, tensor_layout_any, const T2 *)"
3195470625,10880,165307,2253,1,1,128,1,1,16,0.000,0.000,,,,,NVIDIA A100-SXM4-40GB MIG 4g.20gb (0),1,,13,cupy_copy__float16_float16
3195485729,2848,165316,282,1,1,128,1,1,16,0.000,0.000,,,,,NVIDIA A100-SXM4-40GB MIG 4g.20gb (0),1,,13,cupy_copy__complex64_complex64
3195491393,2560,165325,26,1,1,128,1,1,16,0.000,0.000,,,,,NVIDIA A100-SXM4-40GB MIG 4g.20gb (0),1,,13,cupy_copy__float32_float32
3195495009,2912,165334,103,1,1,128,1,1,16,0.000,0.000,,,,,NVIDIA A100-SXM4-40GB MIG 4g.20gb (0),1,,13,cupy_copy__complex64_complex64
3195498977,12096,165344,1434,1,1,128,1,1,16,0.000,0.000,,,,,NVIDIA A100-SXM4-40GB MIG 4g.20gb (0),1,,13,cupy_copy__complex64_complex64
3195525024,82143,165349,1,1,1,32,32,1,30,0.000,0.000,,,,,NVIDIA A100-SXM4-40GB MIG 4g.20gb (0),1,,13,"void convert_kernel<__half2, float2>(tensor_layout_any, T1 *, tensor_layout_any, const T2 *)"
3195634367,5504,165352,,,,,,,,,,0.094,17023.251,Pinned,Device,NVIDIA A100-SXM4-40GB MIG 4g.20gb (0),1,,13,[CUDA memcpy Host-to-Device]
3195645567,605144,165353,,,,,,,,,,456.561,754239.499,Device,,NVIDIA A100-SXM4-40GB MIG 4g.20gb (0),1,,13,[CUDA memset]
3196254263,71295,165358,,,,,,,,,,1.235,17321.325,Pinned,Device,NVIDIA A100-SXM4-40GB MIG 4g.20gb (0),1,,13,[CUDA memcpy Host-to-Device]
3196328822,14368,165359,,,,,,,,,,0.197,13683.720,Pinned,Device,NVIDIA A100-SXM4-40GB MIG 4g.20gb (0),1,,13,[CUDA memcpy Host-to-Device]
3196352374,9344,165360,69,4,1,48,1,1,76,0.002,0.000,,,,,NVIDIA A100-SXM4-40GB MIG 4g.20gb (0),1,,13,"void ch_est::windowedChEstPreNoDftSOfdmKernel<float, __half, float, (unsigned int)2, (unsigned int)1, (unsigned short)4>(ch_est::puschRxChEstStatDescr_t *, ch_est::puschRxChEstDynDescr_t *)"
3196368822,6720,165361,137,2,1,24,2,1,44,0.001,0.001,,,,,NVIDIA A100-SXM4-40GB MIG 4g.20gb (0),1,,13,"void ch_est::chEstFilterNoDftSOfdmDispatchKernel<float, __half, float, (unsigned int)2>(ch_est::puschRxChEstStatDescr_t *, ch_est::puschRxChEstDynDescr_t *)"
3196378454,5344,165362,137,2,1,24,2,1,44,0.001,0.001,,,,,NVIDIA A100-SXM4-40GB MIG 4g.20gb (0),1,,13,"void ch_est::chEstFilterNoDftSOfdmDispatchKernel<float, __half, float, (unsigned int)2>(ch_est::puschRxChEstStatDescr_t *, ch_est::puschRxChEstDynDescr_t *)"
3196389014,2496,165373,103,1,1,128,1,1,16,0.000,0.000,,,,,NVIDIA A100-SXM4-40GB MIG 4g.20gb (0),1,,13,cupy_copy__complex64_complex64
3196395862,12511,165383,1434,1,1,128,1,1,16,0.000,0.000,,,,,NVIDIA A100-SXM4-40GB MIG 4g.20gb (0),1,,13,cupy_copy__complex64_complex64
3196416245,2624,165390,103,1,1,128,1,1,16,0.000,0.000,,,,,NVIDIA A100-SXM4-40GB MIG 4g.20gb (0),1,,13,cupy_copy__complex64_complex64
3196423829,84895,165397,1,1,1,32,32,1,30,0.000,0.000,,,,,NVIDIA A100-SXM4-40GB MIG 4g.20gb (0),1,,13,"void convert_kernel<__half2, float2>(tensor_layout_any, T1 *, tensor_layout_any, const T2 *)"
3196538228,8672,165400,,,,,,,,,,0.094,10804.367,Pinned,Device,NVIDIA A100-SXM4-40GB MIG 4g.20gb (0),1,,13,[CUDA memcpy Host-to-Device]
3196554324,47807,165401,,,,,,,,,,35.810,749036.097,Device,,NVIDIA A100-SXM4-40GB MIG 4g.20gb (0),1,,13,[CUDA memset]
3196607859,3744,165403,,,,,,,,,,0.000,21.368,Pinned,Device,NVIDIA A100-SXM4-40GB MIG 4g.20gb (0),1,,13,[CUDA memcpy Host-to-Device]
3196615379,11744,165404,,,,,,,,,,0.197,16740.975,Pinned,Device,NVIDIA A100-SXM4-40GB MIG 4g.20gb (0),1,,13,[CUDA memcpy Host-to-Device]
3196632723,11455,165405,273,1,1,48,1,1,40,0.000,0.001,,,,,NVIDIA A100-SXM4-40GB MIG 4g.20gb (0),1,,13,"void pusch_noise_intf_est::noiseIntfEstNoDftSOfdmKernel<float, __half, float, float, (unsigned int)2, (unsigned int)1, (unsigned char)4, (unsigned char)4>(pusch_noise_intf_est::puschRxNoiseIntfEstDynDescr)"
3196645714,2944,165416,35,1,1,128,1,1,16,0.000,0.000,,,,,NVIDIA A100-SXM4-40GB MIG 4g.20gb (0),1,,13,cupy_copy__complex64_complex64
3196663346,2016,165425,1,1,1,1,1,1,18,0.000,0.000,,,,,NVIDIA A100-SXM4-40GB MIG 4g.20gb (0),1,,13,cupy_copy__float32_float32
3196692274,1632,165431,,,,,,,,,,0.000,2.451,Device,Pageable,NVIDIA A100-SXM4-40GB MIG 4g.20gb (0),1,,7,[CUDA memcpy Device-to-Host]
3196752305,13152,165442,1434,1,1,128,1,1,16,0.000,0.000,,,,,NVIDIA A100-SXM4-40GB MIG 4g.20gb (0),1,,13,cupy_copy__complex64_complex64
3196778865,2784,165449,103,1,1,128,1,1,16,0.000,0.000,,,,,NVIDIA A100-SXM4-40GB MIG 4g.20gb (0),1,,13,cupy_copy__complex64_complex64
3196799921,2336,165456,35,1,1,128,1,1,16,0.000,0.000,,,,,NVIDIA A100-SXM4-40GB MIG 4g.20gb (0),1,,13,cupy_copy__complex64_complex64
3196818192,1760,165463,1,1,1,1,1,1,18,0.000,0.000,,,,,NVIDIA A100-SXM4-40GB MIG 4g.20gb (0),1,,13,cupy_copy__float32_float32
3196949775,82463,165474,1,1,1,32,32,1,30,0.000,0.000,,,,,NVIDIA A100-SXM4-40GB MIG 4g.20gb (0),1,,13,"void convert_kernel<__half2, float2>(tensor_layout_any, T1 *, tensor_layout_any, const T2 *)"
3197059725,5504,165477,,,,,,,,,,0.094,17023.251,Pinned,Device,NVIDIA A100-SXM4-40GB MIG 4g.20gb (0),1,,13,[CUDA memcpy Host-to-Device]
3197074189,3552,165478,,,,,,,,,,1.547,435422.601,Device,,NVIDIA A100-SXM4-40GB MIG 4g.20gb (0),1,,13,[CUDA memset]
3197081261,3456,165483,,,,,,,,,,0.031,9055.529,Pinned,Device,NVIDIA A100-SXM4-40GB MIG 4g.20gb (0),1,,13,[CUDA memcpy Host-to-Device]
3197087181,9760,165484,,,,,,,,,,0.197,20144.259,Pinned,Device,NVIDIA A100-SXM4-40GB MIG 4g.20gb (0),1,,13,[CUDA memcpy Host-to-Device]
3197100653,6048,165485,273,1,1,8,4,1,39,0.002,0.000,,,,,NVIDIA A100-SXM4-40GB MIG 4g.20gb (0),1,,13,"void channel_eq::eqMmseCoefCompLowMimoKernel<float, float, float, (unsigned int)4, (unsigned int)1, (unsigned int)4>(const channel_eq::_puschRxChEqStatDescr *, channel_eq::_puschRxChEqCoefCompDynDescr)"
3197107661,5920,165486,273,1,1,12,11,1,51,0.002,0.000,,,,,NVIDIA A100-SXM4-40GB MIG 4g.20gb (0),1,,13,"void channel_eq::eqMmseSoftDemapKernel<float, __half, __half, float, (unsigned int)4, (unsigned short)16383>(channel_eq::_puschRxChEqStatDescr *, channel_eq::_puschRxChEqSoftDemapDynDescr)"
3197114605,282748,165487,1,1,1,32,32,1,30,0.000,0.000,,,,,NVIDIA A100-SXM4-40GB MIG 4g.20gb (0),1,,13,"void convert_kernel<float2, __half2>(tensor_layout_any, T1 *, tensor_layout_any, const T2 *)"
3197399817,11072,165499,2253,1,1,128,1,1,16,0.000,0.000,,,,,NVIDIA A100-SXM4-40GB MIG 4g.20gb (0),1,,13,cupy_copy__float16_float16
3197413065,3296,165508,282,1,1,128,1,1,16,0.000,0.000,,,,,NVIDIA A100-SXM4-40GB MIG 4g.20gb (0),1,,13,cupy_copy__complex64_complex64
3197417353,2048,165517,26,1,1,128,1,1,16,0.000,0.000,,,,,NVIDIA A100-SXM4-40GB MIG 4g.20gb (0),1,,13,cupy_copy__float32_float32
3197420425,2912,165526,103,1,1,128,1,1,16,0.000,0.000,,,,,NVIDIA A100-SXM4-40GB MIG 4g.20gb (0),1,,13,cupy_copy__complex64_complex64
3197424617,12288,165536,1434,1,1,128,1,1,16,0.000,0.000,,,,,NVIDIA A100-SXM4-40GB MIG 4g.20gb (0),1,,13,cupy_copy__complex64_complex64
3197452105,82718,165541,1,1,1,32,32,1,30,0.000,0.000,,,,,NVIDIA A100-SXM4-40GB MIG 4g.20gb (0),1,,13,"void convert_kernel<__half2, float2>(tensor_layout_any, T1 *, tensor_layout_any, const T2 *)"
3197561511,5568,165544,,,,,,,,,,0.094,16827.521,Pinned,Device,NVIDIA A100-SXM4-40GB MIG 4g.20gb (0),1,,13,[CUDA memcpy Host-to-Device]
3197571847,604281,165545,,,,,,,,,,456.561,755152.622,Device,,NVIDIA A100-SXM4-40GB MIG 4g.20gb (0),1,,13,[CUDA memset]
3198182751,69888,165550,,,,,,,,,,1.235,17669.579,Pinned,Device,NVIDIA A100-SXM4-40GB MIG 4g.20gb (0),1,,13,[CUDA memcpy Host-to-Device]
3198256863,14911,165551,,,,,,,,,,0.197,13185.319,Pinned,Device,NVIDIA A100-SXM4-40GB MIG 4g.20gb (0),1,,13,[CUDA memcpy Host-to-Device]
3198282462,8544,165552,69,4,1,48,1,1,76,0.002,0.000,,,,,NVIDIA A100-SXM4-40GB MIG 4g.20gb (0),1,,13,"void ch_est::windowedChEstPreNoDftSOfdmKernel<float, __half, float, (unsigned int)2, (unsigned int)1, (unsigned short)4>(ch_est::puschRxChEstStatDescr_t *, ch_est::puschRxChEstDynDescr_t *)"
3198295038,6816,165553,137,2,1,24,2,1,44,0.001,0.001,,,,,NVIDIA A100-SXM4-40GB MIG 4g.20gb (0),1,,13,"void ch_est::chEstFilterNoDftSOfdmDispatchKernel<float, __half, float, (unsigned int)2>(ch_est::puschRxChEstStatDescr_t *, ch_est::puschRxChEstDynDescr_t *)"
3198304798,5440,165554,137,2,1,24,2,1,44,0.001,0.001,,,,,NVIDIA A100-SXM4-40GB MIG 4g.20gb (0),1,,13,"void ch_est::chEstFilterNoDftSOfdmDispatchKernel<float, __half, float, (unsigned int)2>(ch_est::puschRxChEstStatDescr_t *, ch_est::puschRxChEstDynDescr_t *)"
3198315230,2784,165565,103,1,1,128,1,1,16,0.000,0.000,,,,,NVIDIA A100-SXM4-40GB MIG 4g.20gb (0),1,,13,cupy_copy__complex64_complex64
3198321502,12384,165575,1434,1,1,128,1,1,16,0.000,0.000,,,,,NVIDIA A100-SXM4-40GB MIG 4g.20gb (0),1,,13,cupy_copy__complex64_complex64
3198338718,2688,165582,103,1,1,128,1,1,16,0.000,0.000,,,,,NVIDIA A100-SXM4-40GB MIG 4g.20gb (0),1,,13,cupy_copy__complex64_complex64
3198344925,83583,165589,1,1,1,32,32,1,30,0.000,0.000,,,,,NVIDIA A100-SXM4-40GB MIG 4g.20gb (0),1,,13,"void convert_kernel<__half2, float2>(tensor_layout_any, T1 *, tensor_layout_any, const T2 *)"
3198459388,8128,165592,,,,,,,,,,0.094,11527.513,Pinned,Device,NVIDIA A100-SXM4-40GB MIG 4g.20gb (0),1,,13,[CUDA memcpy Host-to-Device]
3198476156,47903,165593,,,,,,,,,,35.810,747532.080,Device,,NVIDIA A100-SXM4-40GB MIG 4g.20gb (0),1,,13,[CUDA memset]
3198529883,3392,165595,,,,,,,,,,0.000,23.585,Pinned,Device,NVIDIA A100-SXM4-40GB MIG 4g.20gb (0),1,,13,[CUDA memcpy Host-to-Device]
3198537211,13696,165596,,,,,,,,,,0.197,14355.137,Pinned,Device,NVIDIA A100-SXM4-40GB MIG 4g.20gb (0),1,,13,[CUDA memcpy Host-to-Device]
3198556763,11968,165597,273,1,1,48,1,1,40,0.000,0.001,,,,,NVIDIA A100-SXM4-40GB MIG 4g.20gb (0),1,,13,"void pusch_noise_intf_est::noiseIntfEstNoDftSOfdmKernel<float, __half, float, float, (unsigned int)2, (unsigned int)1, (unsigned char)4, (unsigned char)4>(pusch_noise_intf_est::puschRxNoiseIntfEstDynDescr)"
3198570843,2976,165608,35,1,1,128,1,1,16,0.000,0.000,,,,,NVIDIA A100-SXM4-40GB MIG 4g.20gb (0),1,,13,cupy_copy__complex64_complex64
3198586042,1792,165617,1,1,1,1,1,1,18,0.000,0.000,,,,,NVIDIA A100-SXM4-40GB MIG 4g.20gb (0),1,,13,cupy_copy__float32_float32
3198617786,1728,165623,,,,,,,,,,0.000,2.315,Device,Pageable,NVIDIA A100-SXM4-40GB MIG 4g.20gb (0),1,,7,[CUDA memcpy Device-to-Host]
3198677305,12736,165634,1434,1,1,128,1,1,16,0.000,0.000,,,,,NVIDIA A100-SXM4-40GB MIG 4g.20gb (0),1,,13,cupy_copy__complex64_complex64
3198703417,2624,165641,103,1,1,128,1,1,16,0.000,0.000,,,,,NVIDIA A100-SXM4-40GB MIG 4g.20gb (0),1,,13,cupy_copy__complex64_complex64
3198722937,2816,165648,35,1,1,128,1,1,16,0.000,0.000,,,,,NVIDIA A100-SXM4-40GB MIG 4g.20gb (0),1,,13,cupy_copy__complex64_complex64
3198740857,1760,165655,1,1,1,1,1,1,18,0.000,0.000,,,,,NVIDIA A100-SXM4-40GB MIG 4g.20gb (0),1,,13,cupy_copy__float32_float32
3198879959,82207,165666,1,1,1,32,32,1,30,0.000,0.000,,,,,NVIDIA A100-SXM4-40GB MIG 4g.20gb (0),1,,13,"void convert_kernel<__half2, float2>(tensor_layout_any, T1 *, tensor_layout_any, const T2 *)"
3198989909,5472,165669,,,,,,,,,,0.094,17122.757,Pinned,Device,NVIDIA A100-SXM4-40GB MIG 4g.20gb (0),1,,13,[CUDA memcpy Host-to-Device]
3199003861,3456,165670,,,,,,,,,,1.547,447517.201,Device,,NVIDIA A100-SXM4-40GB MIG 4g.20gb (0),1,,13,[CUDA memset]
3199010965,3040,165675,,,,,,,,,,0.031,10294.725,Pinned,Device,NVIDIA A100-SXM4-40GB MIG 4g.20gb (0),1,,13,[CUDA memcpy Host-to-Device]
3199016437,9504,165676,,,,,,,,,,0.197,20686.701,Pinned,Device,NVIDIA A100-SXM4-40GB MIG 4g.20gb (0),1,,13,[CUDA memcpy Host-to-Device]
3199031605,6272,165677,273,1,1,8,4,1,39,0.002,0.000,,,,,NVIDIA A100-SXM4-40GB MIG 4g.20gb (0),1,,13,"void channel_eq::eqMmseCoefCompLowMimoKernel<float, float, float, (unsigned int)4, (unsigned int)1, (unsigned int)4>(const channel_eq::_puschRxChEqStatDescr *, channel_eq::_puschRxChEqCoefCompDynDescr)"
3199039349,5280,165678,273,1,1,12,11,1,51,0.002,0.000,,,,,NVIDIA A100-SXM4-40GB MIG 4g.20gb (0),1,,13,"void channel_eq::eqMmseSoftDemapKernel<float, __half, __half, float, (unsigned int)4, (unsigned short)16383>(channel_eq::_puschRxChEqStatDescr *, channel_eq::_puschRxChEqSoftDemapDynDescr)"
3199045557,282364,165679,1,1,1,32,32,1,30,0.000,0.000,,,,,NVIDIA A100-SXM4-40GB MIG 4g.20gb (0),1,,13,"void convert_kernel<float2, __half2>(tensor_layout_any, T1 *, tensor_layout_any, const T2 *)"
3199330929,10944,165691,2253,1,1,128,1,1,16,0.000,0.000,,,,,NVIDIA A100-SXM4-40GB MIG 4g.20gb (0),1,,13,cupy_copy__float16_float16
3199343345,3552,165700,282,1,1,128,1,1,16,0.000,0.000,,,,,NVIDIA A100-SXM4-40GB MIG 4g.20gb (0),1,,13,cupy_copy__complex64_complex64
3199349233,1984,165709,26,1,1,128,1,1,16,0.000,0.000,,,,,NVIDIA A100-SXM4-40GB MIG 4g.20gb (0),1,,13,cupy_copy__float32_float32
3199354609,4768,165718,103,1,1,128,1,1,16,0.000,0.000,,,,,NVIDIA A100-SXM4-40GB MIG 4g.20gb (0),1,,13,cupy_copy__complex64_complex64
3199360657,12288,165728,1434,1,1,128,1,1,16,0.000,0.000,,,,,NVIDIA A100-SXM4-40GB MIG 4g.20gb (0),1,,13,cupy_copy__complex64_complex64
3199379793,82111,165733,1,1,1,32,32,1,30,0.000,0.000,,,,,NVIDIA A100-SXM4-40GB MIG 4g.20gb (0),1,,13,"void convert_kernel<__half2, float2>(tensor_layout_any, T1 *, tensor_layout_any, const T2 *)"
3199488431,5408,165736,,,,,,,,,,0.094,17325.421,Pinned,Device,NVIDIA A100-SXM4-40GB MIG 4g.20gb (0),1,,13,[CUDA memcpy Host-to-Device]
3199499087,601081,165737,,,,,,,,,,456.561,759261.675,Device,,NVIDIA A100-SXM4-40GB MIG 4g.20gb (0),1,,13,[CUDA memset]
3200102632,67903,165742,,,,,,,,,,1.235,18185.785,Pinned,Device,NVIDIA A100-SXM4-40GB MIG 4g.20gb (0),1,,13,[CUDA memcpy Host-to-Device]
3200174215,15072,165743,,,,,,,,,,0.197,13044.548,Pinned,Device,NVIDIA A100-SXM4-40GB MIG 4g.20gb (0),1,,13,[CUDA memcpy Host-to-Device]
3200196295,8447,165744,69,4,1,48,1,1,76,0.002,0.000,,,,,NVIDIA A100-SXM4-40GB MIG 4g.20gb (0),1,,13,"void ch_est::windowedChEstPreNoDftSOfdmKernel<float, __half, float, (unsigned int)2, (unsigned int)1, (unsigned short)4>(ch_est::puschRxChEstStatDescr_t *, ch_est::puschRxChEstDynDescr_t *)"
3200207942,6400,165745,137,2,1,24,2,1,44,0.001,0.001,,,,,NVIDIA A100-SXM4-40GB MIG 4g.20gb (0),1,,13,"void ch_est::chEstFilterNoDftSOfdmDispatchKernel<float, __half, float, (unsigned int)2>(ch_est::puschRxChEstStatDescr_t *, ch_est::puschRxChEstDynDescr_t *)"
3200220902,5408,165746,137,2,1,24,2,1,44,0.001,0.001,,,,,NVIDIA A100-SXM4-40GB MIG 4g.20gb (0),1,,13,"void ch_est::chEstFilterNoDftSOfdmDispatchKernel<float, __half, float, (unsigned int)2>(ch_est::puschRxChEstStatDescr_t *, ch_est::puschRxChEstDynDescr_t *)"
3200231398,2784,165757,103,1,1,128,1,1,16,0.000,0.000,,,,,NVIDIA A100-SXM4-40GB MIG 4g.20gb (0),1,,13,cupy_copy__complex64_complex64
3200236390,12448,165767,1434,1,1,128,1,1,16,0.000,0.000,,,,,NVIDIA A100-SXM4-40GB MIG 4g.20gb (0),1,,13,cupy_copy__complex64_complex64
3200254886,2528,165774,103,1,1,128,1,1,16,0.000,0.000,,,,,NVIDIA A100-SXM4-40GB MIG 4g.20gb (0),1,,13,cupy_copy__complex64_complex64
3200262598,89279,165781,1,1,1,32,32,1,30,0.000,0.000,,,,,NVIDIA A100-SXM4-40GB MIG 4g.20gb (0),1,,13,"void convert_kernel<__half2, float2>(tensor_layout_any, T1 *, tensor_layout_any, const T2 *)"
3200380644,9248,165784,,,,,,,,,,0.094,10131.442,Pinned,Device,NVIDIA A100-SXM4-40GB MIG 4g.20gb (0),1,,13,[CUDA memcpy Host-to-Device]
3200395076,47936,165785,,,,,,,,,,35.810,747030.741,Device,,NVIDIA A100-SXM4-40GB MIG 4g.20gb (0),1,,13,[CUDA memset]
3200446787,3584,165787,,,,,,,,,,0.000,22.321,Pinned,Device,NVIDIA A100-SXM4-40GB MIG 4g.20gb (0),1,,13,[CUDA memcpy Host-to-Device]
3200454915,15232,165788,,,,,,,,,,0.197,12907.512,Pinned,Device,NVIDIA A100-SXM4-40GB MIG 4g.20gb (0),1,,13,[CUDA memcpy Host-to-Device]
3200479299,10560,165789,273,1,1,48,1,1,40,0.000,0.001,,,,,NVIDIA A100-SXM4-40GB MIG 4g.20gb (0),1,,13,"void pusch_noise_intf_est::noiseIntfEstNoDftSOfdmKernel<float, __half, float, float, (unsigned int)2, (unsigned int)1, (unsigned char)4, (unsigned char)4>(pusch_noise_intf_est::puschRxNoiseIntfEstDynDescr)"
3200494083,3104,165800,35,1,1,128,1,1,16,0.000,0.000,,,,,NVIDIA A100-SXM4-40GB MIG 4g.20gb (0),1,,13,cupy_copy__complex64_complex64
3200501347,1824,165809,1,1,1,1,1,1,18,0.000,0.000,,,,,NVIDIA A100-SXM4-40GB MIG 4g.20gb (0),1,,13,cupy_copy__float32_float32
3200532066,1600,165815,,,,,,,,,,0.000,2.500,Device,Pageable,NVIDIA A100-SXM4-40GB MIG 4g.20gb (0),1,,7,[CUDA memcpy Device-to-Host]
3200592130,13120,165826,1434,1,1,128,1,1,16,0.000,0.000,,,,,NVIDIA A100-SXM4-40GB MIG 4g.20gb (0),1,,13,cupy_copy__complex64_complex64
3200618561,2624,165833,103,1,1,128,1,1,16,0.000,0.000,,,,,NVIDIA A100-SXM4-40GB MIG 4g.20gb (0),1,,13,cupy_copy__complex64_complex64
3200639425,2144,165840,35,1,1,128,1,1,16,0.000,0.000,,,,,NVIDIA A100-SXM4-40GB MIG 4g.20gb (0),1,,13,cupy_copy__complex64_complex64
3200659201,2048,165847,1,1,1,1,1,1,18,0.000,0.000,,,,,NVIDIA A100-SXM4-40GB MIG 4g.20gb (0),1,,13,cupy_copy__float32_float32
3200791551,82495,165858,1,1,1,32,32,1,30,0.000,0.000,,,,,NVIDIA A100-SXM4-40GB MIG 4g.20gb (0),1,,13,"void convert_kernel<__half2, float2>(tensor_layout_any, T1 *, tensor_layout_any, const T2 *)"
3200900862,5440,165861,,,,,,,,,,0.094,17223.480,Pinned,Device,NVIDIA A100-SXM4-40GB MIG 4g.20gb (0),1,,13,[CUDA memcpy Host-to-Device]
3200915390,3296,165862,,,,,,,,,,1.547,469242.628,Device,,NVIDIA A100-SXM4-40GB MIG 4g.20gb (0),1,,13,[CUDA memset]
3200922174,3104,165867,,,,,,,,,,0.031,10082.445,Pinned,Device,NVIDIA A100-SXM4-40GB MIG 4g.20gb (0),1,,13,[CUDA memcpy Host-to-Device]
3200927710,9279,165868,,,,,,,,,,0.197,21188.444,Pinned,Device,NVIDIA A100-SXM4-40GB MIG 4g.20gb (0),1,,13,[CUDA memcpy Host-to-Device]
3200941021,6528,165869,273,1,1,8,4,1,39,0.002,0.000,,,,,NVIDIA A100-SXM4-40GB MIG 4g.20gb (0),1,,13,"void channel_eq::eqMmseCoefCompLowMimoKernel<float, float, float, (unsigned int)4, (unsigned int)1, (unsigned int)4>(const channel_eq::_puschRxChEqStatDescr *, channel_eq::_puschRxChEqCoefCompDynDescr)"
3200948477,6304,165870,273,1,1,12,11,1,51,0.002,0.000,,,,,NVIDIA A100-SXM4-40GB MIG 4g.20gb (0),1,,13,"void channel_eq::eqMmseSoftDemapKernel<float, __half, __half, float, (unsigned int)4, (unsigned short)16383>(channel_eq::_puschRxChEqStatDescr *, channel_eq::_puschRxChEqSoftDemapDynDescr)"
3200955869,283293,165871,1,1,1,32,32,1,30,0.000,0.000,,,,,NVIDIA A100-SXM4-40GB MIG 4g.20gb (0),1,,13,"void convert_kernel<float2, __half2>(tensor_layout_any, T1 *, tensor_layout_any, const T2 *)"
3201241082,11104,165883,2253,1,1,128,1,1,16,0.000,0.000,,,,,NVIDIA A100-SXM4-40GB MIG 4g.20gb (0),1,,13,cupy_copy__float16_float16
3201255449,3808,165892,282,1,1,128,1,1,16,0.000,0.000,,,,,NVIDIA A100-SXM4-40GB MIG 4g.20gb (0),1,,13,cupy_copy__complex64_complex64
3201261273,2272,165901,26,1,1,128,1,1,16,0.000,0.000,,,,,NVIDIA A100-SXM4-40GB MIG 4g.20gb (0),1,,13,cupy_copy__float32_float32
3201266009,5024,165910,103,1,1,128,1,1,16,0.000,0.000,,,,,NVIDIA A100-SXM4-40GB MIG 4g.20gb (0),1,,13,cupy_copy__complex64_complex64
3201272665,11968,165920,1434,1,1,128,1,1,16,0.000,0.000,,,,,NVIDIA A100-SXM4-40GB MIG 4g.20gb (0),1,,13,cupy_copy__complex64_complex64
3201291641,81695,165925,1,1,1,32,32,1,30,0.000,0.000,,,,,NVIDIA A100-SXM4-40GB MIG 4g.20gb (0),1,,13,"void convert_kernel<__half2, float2>(tensor_layout_any, T1 *, tensor_layout_any, const T2 *)"
3201400120,5632,165928,,,,,,,,,,0.094,16636.287,Pinned,Device,NVIDIA A100-SXM4-40GB MIG 4g.20gb (0),1,,13,[CUDA memcpy Host-to-Device]
3201410296,607960,165929,,,,,,,,,,456.561,750587.007,Device,,NVIDIA A100-SXM4-40GB MIG 4g.20gb (0),1,,13,[CUDA memset]
3202025584,64959,165934,,,,,,,,,,1.235,19010.728,Pinned,Device,NVIDIA A100-SXM4-40GB MIG 4g.20gb (0),1,,13,[CUDA memcpy Host-to-Device]
3202094607,14720,165935,,,,,,,,,,0.197,13356.368,Pinned,Device,NVIDIA A100-SXM4-40GB MIG 4g.20gb (0),1,,13,[CUDA memcpy Host-to-Device]
3202113775,8128,165936,69,4,1,48,1,1,76,0.002,0.000,,,,,NVIDIA A100-SXM4-40GB MIG 4g.20gb (0),1,,13,"void ch_est::windowedChEstPreNoDftSOfdmKernel<float, __half, float, (unsigned int)2, (unsigned int)1, (unsigned short)4>(ch_est::puschRxChEstStatDescr_t *, ch_est::puschRxChEstDynDescr_t *)"
3202125231,6080,165937,137,2,1,24,2,1,44,0.001,0.001,,,,,NVIDIA A100-SXM4-40GB MIG 4g.20gb (0),1,,13,"void ch_est::chEstFilterNoDftSOfdmDispatchKernel<float, __half, float, (unsigned int)2>(ch_est::puschRxChEstStatDescr_t *, ch_est::puschRxChEstDynDescr_t *)"
3202136303,5152,165938,137,2,1,24,2,1,44,0.001,0.001,,,,,NVIDIA A100-SXM4-40GB MIG 4g.20gb (0),1,,13,"void ch_est::chEstFilterNoDftSOfdmDispatchKernel<float, __half, float, (unsigned int)2>(ch_est::puschRxChEstStatDescr_t *, ch_est::puschRxChEstDynDescr_t *)"
3202146766,2784,165949,103,1,1,128,1,1,16,0.000,0.000,,,,,NVIDIA A100-SXM4-40GB MIG 4g.20gb (0),1,,13,cupy_copy__complex64_complex64
3202153038,13024,165959,1434,1,1,128,1,1,16,0.000,0.000,,,,,NVIDIA A100-SXM4-40GB MIG 4g.20gb (0),1,,13,cupy_copy__complex64_complex64
3202172526,2464,165966,103,1,1,128,1,1,16,0.000,0.000,,,,,NVIDIA A100-SXM4-40GB MIG 4g.20gb (0),1,,13,cupy_copy__complex64_complex64
3202180526,84127,165973,1,1,1,32,32,1,30,0.000,0.000,,,,,NVIDIA A100-SXM4-40GB MIG 4g.20gb (0),1,,13,"void convert_kernel<__half2, float2>(tensor_layout_any, T1 *, tensor_layout_any, const T2 *)"
3202294157,8096,165976,,,,,,,,,,0.094,11573.049,Pinned,Device,NVIDIA A100-SXM4-40GB MIG 4g.20gb (0),1,,13,[CUDA memcpy Host-to-Device]
3202307948,49472,165977,,,,,,,,,,35.810,723825.913,Device,,NVIDIA A100-SXM4-40GB MIG 4g.20gb (0),1,,13,[CUDA memset]
3202363692,4832,165979,,,,,,,,,,0.000,16.556,Pinned,Device,NVIDIA A100-SXM4-40GB MIG 4g.20gb (0),1,,13,[CUDA memcpy Host-to-Device]
3202371468,13440,165980,,,,,,,,,,0.197,14628.422,Pinned,Device,NVIDIA A100-SXM4-40GB MIG 4g.20gb (0),1,,13,[CUDA memcpy Host-to-Device]
3202390603,9504,165981,273,1,1,48,1,1,40,0.000,0.001,,,,,NVIDIA A100-SXM4-40GB MIG 4g.20gb (0),1,,13,"void pusch_noise_intf_est::noiseIntfEstNoDftSOfdmKernel<float, __half, float, float, (unsigned int)2, (unsigned int)1, (unsigned char)4, (unsigned char)4>(pusch_noise_intf_est::puschRxNoiseIntfEstDynDescr)"
3202405163,2944,165992,35,1,1,128,1,1,16,0.000,0.000,,,,,NVIDIA A100-SXM4-40GB MIG 4g.20gb (0),1,,13,cupy_copy__complex64_complex64
3202415563,1952,166001,1,1,1,1,1,1,18,0.000,0.000,,,,,NVIDIA A100-SXM4-40GB MIG 4g.20gb (0),1,,13,cupy_copy__float32_float32
3202446507,1920,166007,,,,,,,,,,0.000,2.083,Device,Pageable,NVIDIA A100-SXM4-40GB MIG 4g.20gb (0),1,,7,[CUDA memcpy Device-to-Host]
3202507178,13088,166018,1434,1,1,128,1,1,16,0.000,0.000,,,,,NVIDIA A100-SXM4-40GB MIG 4g.20gb (0),1,,13,cupy_copy__complex64_complex64
3202533610,3456,166025,103,1,1,128,1,1,16,0.000,0.000,,,,,NVIDIA A100-SXM4-40GB MIG 4g.20gb (0),1,,13,cupy_copy__complex64_complex64
3202553641,2400,166032,35,1,1,128,1,1,16,0.000,0.000,,,,,NVIDIA A100-SXM4-40GB MIG 4g.20gb (0),1,,13,cupy_copy__complex64_complex64
3202571977,1792,166039,1,1,1,1,1,1,18,0.000,0.000,,,,,NVIDIA A100-SXM4-40GB MIG 4g.20gb (0),1,,13,cupy_copy__float32_float32
3202705480,81663,166050,1,1,1,32,32,1,30,0.000,0.000,,,,,NVIDIA A100-SXM4-40GB MIG 4g.20gb (0),1,,13,"void convert_kernel<__half2, float2>(tensor_layout_any, T1 *, tensor_layout_any, const T2 *)"
3202814150,5440,166053,,,,,,,,,,0.094,17223.480,Pinned,Device,NVIDIA A100-SXM4-40GB MIG 4g.20gb (0),1,,13,[CUDA memcpy Host-to-Device]
3202828262,3328,166054,,,,,,,,,,1.547,464729.580,Device,,NVIDIA A100-SXM4-40GB MIG 4g.20gb (0),1,,13,[CUDA memset]
3202835110,3136,166059,,,,,,,,,,0.031,9979.575,Pinned,Device,NVIDIA A100-SXM4-40GB MIG 4g.20gb (0),1,,13,[CUDA memcpy Host-to-Device]
3202840454,9312,166060,,,,,,,,,,0.197,21113.340,Pinned,Device,NVIDIA A100-SXM4-40GB MIG 4g.20gb (0),1,,13,[CUDA memcpy Host-to-Device]
3202854374,6080,166061,273,1,1,8,4,1,39,0.002,0.000,,,,,NVIDIA A100-SXM4-40GB MIG 4g.20gb (0),1,,13,"void channel_eq::eqMmseCoefCompLowMimoKernel<float, float, float, (unsigned int)4, (unsigned int)1, (unsigned int)4>(const channel_eq::_puschRxChEqStatDescr *, channel_eq::_puschRxChEqCoefCompDynDescr)"
3202863686,5792,166062,273,1,1,12,11,1,51,0.002,0.000,,,,,NVIDIA A100-SXM4-40GB MIG 4g.20gb (0),1,,13,"void channel_eq::eqMmseSoftDemapKernel<float, __half, __half, float, (unsigned int)4, (unsigned short)16383>(channel_eq::_puschRxChEqStatDescr *, channel_eq::_puschRxChEqSoftDemapDynDescr)"
3202872613,282365,166063,1,1,1,32,32,1,30,0.000,0.000,,,,,NVIDIA A100-SXM4-40GB MIG 4g.20gb (0),1,,13,"void convert_kernel<float2, __half2>(tensor_layout_any, T1 *, tensor_layout_any, const T2 *)"
3203157762,10912,166075,2253,1,1,128,1,1,16,0.000,0.000,,,,,NVIDIA A100-SXM4-40GB MIG 4g.20gb (0),1,,13,cupy_copy__float16_float16
3203173410,2848,166084,282,1,1,128,1,1,16,0.000,0.000,,,,,NVIDIA A100-SXM4-40GB MIG 4g.20gb (0),1,,13,cupy_copy__complex64_complex64
3203178274,2144,166093,26,1,1,128,1,1,16,0.000,0.000,,,,,NVIDIA A100-SXM4-40GB MIG 4g.20gb (0),1,,13,cupy_copy__float32_float32
3203181410,2944,166102,103,1,1,128,1,1,16,0.000,0.000,,,,,NVIDIA A100-SXM4-40GB MIG 4g.20gb (0),1,,13,cupy_copy__complex64_complex64
3203186594,11935,166112,1434,1,1,128,1,1,16,0.000,0.000,,,,,NVIDIA A100-SXM4-40GB MIG 4g.20gb (0),1,,13,cupy_copy__complex64_complex64
3203210209,82527,166117,1,1,1,32,32,1,30,0.000,0.000,,,,,NVIDIA A100-SXM4-40GB MIG 4g.20gb (0),1,,13,"void convert_kernel<__half2, float2>(tensor_layout_any, T1 *, tensor_layout_any, const T2 *)"
3203319328,5376,166120,,,,,,,,,,0.094,17428.487,Pinned,Device,NVIDIA A100-SXM4-40GB MIG 4g.20gb (0),1,,13,[CUDA memcpy Host-to-Device]
3203329696,606680,166121,,,,,,,,,,456.561,752413.253,Device,,NVIDIA A100-SXM4-40GB MIG 4g.20gb (0),1,,13,[CUDA memset]
3203937144,69247,166126,,,,,,,,,,1.235,17833.826,Pinned,Device,NVIDIA A100-SXM4-40GB MIG 4g.20gb (0),1,,13,[CUDA memcpy Host-to-Device]
3204010007,14304,166127,,,,,,,,,,0.197,13744.865,Pinned,Device,NVIDIA A100-SXM4-40GB MIG 4g.20gb (0),1,,13,[CUDA memcpy Host-to-Device]
3204031575,8064,166128,69,4,1,48,1,1,76,0.002,0.000,,,,,NVIDIA A100-SXM4-40GB MIG 4g.20gb (0),1,,13,"void ch_est::windowedChEstPreNoDftSOfdmKernel<float, __half, float, (unsigned int)2, (unsigned int)1, (unsigned short)4>(ch_est::puschRxChEstStatDescr_t *, ch_est::puschRxChEstDynDescr_t *)"
3204043671,6336,166129,137,2,1,24,2,1,44,0.001,0.001,,,,,NVIDIA A100-SXM4-40GB MIG 4g.20gb (0),1,,13,"void ch_est::chEstFilterNoDftSOfdmDispatchKernel<float, __half, float, (unsigned int)2>(ch_est::puschRxChEstStatDescr_t *, ch_est::puschRxChEstDynDescr_t *)"
3204054583,5568,166130,137,2,1,24,2,1,44,0.001,0.001,,,,,NVIDIA A100-SXM4-40GB MIG 4g.20gb (0),1,,13,"void ch_est::chEstFilterNoDftSOfdmDispatchKernel<float, __half, float, (unsigned int)2>(ch_est::puschRxChEstStatDescr_t *, ch_est::puschRxChEstDynDescr_t *)"
3204065015,2688,166141,103,1,1,128,1,1,16,0.000,0.000,,,,,NVIDIA A100-SXM4-40GB MIG 4g.20gb (0),1,,13,cupy_copy__complex64_complex64
3204071415,12384,166151,1434,1,1,128,1,1,16,0.000,0.000,,,,,NVIDIA A100-SXM4-40GB MIG 4g.20gb (0),1,,13,cupy_copy__complex64_complex64
3204085526,2784,166158,103,1,1,128,1,1,16,0.000,0.000,,,,,NVIDIA A100-SXM4-40GB MIG 4g.20gb (0),1,,13,cupy_copy__complex64_complex64
3204091190,83711,166165,1,1,1,32,32,1,30,0.000,0.000,,,,,NVIDIA A100-SXM4-40GB MIG 4g.20gb (0),1,,13,"void convert_kernel<__half2, float2>(tensor_layout_any, T1 *, tensor_layout_any, const T2 *)"
3204204885,8640,166168,,,,,,,,,,0.094,10844.375,Pinned,Device,NVIDIA A100-SXM4-40GB MIG 4g.20gb (0),1,,13,[CUDA memcpy Host-to-Device]
3204219189,47199,166169,,,,,,,,,,35.810,758668.965,Device,,NVIDIA A100-SXM4-40GB MIG 4g.20gb (0),1,,13,[CUDA memset]
3204268852,4000,166171,,,,,,,,,,0.000,20.000,Pinned,Device,NVIDIA A100-SXM4-40GB MIG 4g.20gb (0),1,,13,[CUDA memcpy Host-to-Device]
3204278260,11264,166172,,,,,,,,,,0.197,17454.465,Pinned,Device,NVIDIA A100-SXM4-40GB MIG 4g.20gb (0),1,,13,[CUDA memcpy Host-to-Device]
3204297556,9536,166173,273,1,1,48,1,1,40,0.000,0.001,,,,,NVIDIA A100-SXM4-40GB MIG 4g.20gb (0),1,,13,"void pusch_noise_intf_est::noiseIntfEstNoDftSOfdmKernel<float, __half, float, float, (unsigned int)2, (unsigned int)1, (unsigned char)4, (unsigned char)4>(pusch_noise_intf_est::puschRxNoiseIntfEstDynDescr)"
3204313044,2976,166184,35,1,1,128,1,1,16,0.000,0.000,,,,,NVIDIA A100-SXM4-40GB MIG 4g.20gb (0),1,,13,cupy_copy__complex64_complex64
3204327955,1888,166193,1,1,1,1,1,1,18,0.000,0.000,,,,,NVIDIA A100-SXM4-40GB MIG 4g.20gb (0),1,,13,cupy_copy__float32_float32
3204355123,2240,166199,,,,,,,,,,0.000,1.786,Device,Pageable,NVIDIA A100-SXM4-40GB MIG 4g.20gb (0),1,,7,[CUDA memcpy Device-to-Host]
3204418642,12736,166210,1434,1,1,128,1,1,16,0.000,0.000,,,,,NVIDIA A100-SXM4-40GB MIG 4g.20gb (0),1,,13,cupy_copy__complex64_complex64
3204445362,3488,166217,103,1,1,128,1,1,16,0.000,0.000,,,,,NVIDIA A100-SXM4-40GB MIG 4g.20gb (0),1,,13,cupy_copy__complex64_complex64
3204465650,2688,166224,35,1,1,128,1,1,16,0.000,0.000,,,,,NVIDIA A100-SXM4-40GB MIG 4g.20gb (0),1,,13,cupy_copy__complex64_complex64
3204482770,1792,166231,1,1,1,1,1,1,18,0.000,0.000,,,,,NVIDIA A100-SXM4-40GB MIG 4g.20gb (0),1,,13,cupy_copy__float32_float32
3204615088,82751,166242,1,1,1,32,32,1,30,0.000,0.000,,,,,NVIDIA A100-SXM4-40GB MIG 4g.20gb (0),1,,13,"void convert_kernel<__half2, float2>(tensor_layout_any, T1 *, tensor_layout_any, const T2 *)"
3204725551,5472,166245,,,,,,,,,,0.094,17122.757,Pinned,Device,NVIDIA A100-SXM4-40GB MIG 4g.20gb (0),1,,13,[CUDA memcpy Host-to-Device]
3204739214,3232,166246,,,,,,,,,,1.547,478533.199,Device,,NVIDIA A100-SXM4-40GB MIG 4g.20gb (0),1,,13,[CUDA memset]
3204746030,2976,166251,,,,,,,,,,0.031,10516.113,Pinned,Device,NVIDIA A100-SXM4-40GB MIG 4g.20gb (0),1,,13,[CUDA memcpy Host-to-Device]
3204751790,9408,166252,,,,,,,,,,0.197,20897.858,Pinned,Device,NVIDIA A100-SXM4-40GB MIG 4g.20gb (0),1,,13,[CUDA memcpy Host-to-Device]
3204767054,6016,166253,273,1,1,8,4,1,39,0.002,0.000,,,,,NVIDIA A100-SXM4-40GB MIG 4g.20gb (0),1,,13,"void channel_eq::eqMmseCoefCompLowMimoKernel<float, float, float, (unsigned int)4, (unsigned int)1, (unsigned int)4>(const channel_eq::_puschRxChEqStatDescr *, channel_eq::_puschRxChEqCoefCompDynDescr)"
3204775982,5824,166254,273,1,1,12,11,1,51,0.002,0.000,,,,,NVIDIA A100-SXM4-40GB MIG 4g.20gb (0),1,,13,"void channel_eq::eqMmseSoftDemapKernel<float, __half, __half, float, (unsigned int)4, (unsigned short)16383>(channel_eq::_puschRxChEqStatDescr *, channel_eq::_puschRxChEqSoftDemapDynDescr)"
3204783438,282236,166255,1,1,1,32,32,1,30,0.000,0.000,,,,,NVIDIA A100-SXM4-40GB MIG 4g.20gb (0),1,,13,"void convert_kernel<float2, __half2>(tensor_layout_any, T1 *, tensor_layout_any, const T2 *)"
3205066634,10976,166267,2253,1,1,128,1,1,16,0.000,0.000,,,,,NVIDIA A100-SXM4-40GB MIG 4g.20gb (0),1,,13,cupy_copy__float16_float16
3205080362,3584,166276,282,1,1,128,1,1,16,0.000,0.000,,,,,NVIDIA A100-SXM4-40GB MIG 4g.20gb (0),1,,13,cupy_copy__complex64_complex64
3205087338,2112,166285,26,1,1,128,1,1,16,0.000,0.000,,,,,NVIDIA A100-SXM4-40GB MIG 4g.20gb (0),1,,13,cupy_copy__float32_float32
3205092362,4544,166294,103,1,1,128,1,1,16,0.000,0.000,,,,,NVIDIA A100-SXM4-40GB MIG 4g.20gb (0),1,,13,cupy_copy__complex64_complex64
3205101418,12000,166304,1434,1,1,128,1,1,16,0.000,0.000,,,,,NVIDIA A100-SXM4-40GB MIG 4g.20gb (0),1,,13,cupy_copy__complex64_complex64
3205117706,80799,166309,1,1,1,32,32,1,30,0.000,0.000,,,,,NVIDIA A100-SXM4-40GB MIG 4g.20gb (0),1,,13,"void convert_kernel<__half2, float2>(tensor_layout_any, T1 *, tensor_layout_any, const T2 *)"
3205225128,5376,166312,,,,,,,,,,0.094,17428.487,Pinned,Device,NVIDIA A100-SXM4-40GB MIG 4g.20gb (0),1,,13,[CUDA memcpy Host-to-Device]
3205235144,603417,166313,,,,,,,,,,456.561,756522.306,Device,,NVIDIA A100-SXM4-40GB MIG 4g.20gb (0),1,,13,[CUDA memset]
3205843233,68127,166318,,,,,,,,,,1.235,18126.508,Pinned,Device,NVIDIA A100-SXM4-40GB MIG 4g.20gb (0),1,,13,[CUDA memcpy Host-to-Device]
3205914400,15264,166319,,,,,,,,,,0.197,12880.380,Pinned,Device,NVIDIA A100-SXM4-40GB MIG 4g.20gb (0),1,,13,[CUDA memcpy Host-to-Device]
3205939072,8767,166320,69,4,1,48,1,1,76,0.002,0.000,,,,,NVIDIA A100-SXM4-40GB MIG 4g.20gb (0),1,,13,"void ch_est::windowedChEstPreNoDftSOfdmKernel<float, __half, float, (unsigned int)2, (unsigned int)1, (unsigned short)4>(ch_est::puschRxChEstStatDescr_t *, ch_est::puschRxChEstDynDescr_t *)"
3205950431,6240,166321,137,2,1,24,2,1,44,0.001,0.001,,,,,NVIDIA A100-SXM4-40GB MIG 4g.20gb (0),1,,13,"void ch_est::chEstFilterNoDftSOfdmDispatchKernel<float, __half, float, (unsigned int)2>(ch_est::puschRxChEstStatDescr_t *, ch_est::puschRxChEstDynDescr_t *)"
3205960863,5088,166322,137,2,1,24,2,1,44,0.001,0.001,,,,,NVIDIA A100-SXM4-40GB MIG 4g.20gb (0),1,,13,"void ch_est::chEstFilterNoDftSOfdmDispatchKernel<float, __half, float, (unsigned int)2>(ch_est::puschRxChEstStatDescr_t *, ch_est::puschRxChEstDynDescr_t *)"
3205971103,2560,166333,103,1,1,128,1,1,16,0.000,0.000,,,,,NVIDIA A100-SXM4-40GB MIG 4g.20gb (0),1,,13,cupy_copy__complex64_complex64
3205977535,12576,166343,1434,1,1,128,1,1,16,0.000,0.000,,,,,NVIDIA A100-SXM4-40GB MIG 4g.20gb (0),1,,13,cupy_copy__complex64_complex64
3205994751,2656,166350,103,1,1,128,1,1,16,0.000,0.000,,,,,NVIDIA A100-SXM4-40GB MIG 4g.20gb (0),1,,13,cupy_copy__complex64_complex64
3206000607,83583,166357,1,1,1,32,32,1,30,0.000,0.000,,,,,NVIDIA A100-SXM4-40GB MIG 4g.20gb (0),1,,13,"void convert_kernel<__half2, float2>(tensor_layout_any, T1 *, tensor_layout_any, const T2 *)"
3206112797,8416,166360,,,,,,,,,,0.094,11133.052,Pinned,Device,NVIDIA A100-SXM4-40GB MIG 4g.20gb (0),1,,13,[CUDA memcpy Host-to-Device]
3206126525,47680,166361,,,,,,,,,,35.810,751041.452,Device,,NVIDIA A100-SXM4-40GB MIG 4g.20gb (0),1,,13,[CUDA memset]
3206179965,3104,166363,,,,,,,,,,0.000,25.773,Pinned,Device,NVIDIA A100-SXM4-40GB MIG 4g.20gb (0),1,,13,[CUDA memcpy Host-to-Device]
3206186269,15103,166364,,,,,,,,,,0.197,13017.809,Pinned,Device,NVIDIA A100-SXM4-40GB MIG 4g.20gb (0),1,,13,[CUDA memcpy Host-to-Device]
3206209116,11072,166365,273,1,1,48,1,1,40,0.000,0.001,,,,,NVIDIA A100-SXM4-40GB MIG 4g.20gb (0),1,,13,"void pusch_noise_intf_est::noiseIntfEstNoDftSOfdmKernel<float, __half, float, float, (unsigned int)2, (unsigned int)1, (unsigned char)4, (unsigned char)4>(pusch_noise_intf_est::puschRxNoiseIntfEstDynDescr)"
3206225244,2816,166376,35,1,1,128,1,1,16,0.000,0.000,,,,,NVIDIA A100-SXM4-40GB MIG 4g.20gb (0),1,,13,cupy_copy__complex64_complex64
3206232060,2016,166385,1,1,1,1,1,1,18,0.000,0.000,,,,,NVIDIA A100-SXM4-40GB MIG 4g.20gb (0),1,,13,cupy_copy__float32_float32
3206263900,1920,166391,,,,,,,,,,0.000,2.083,Device,Pageable,NVIDIA A100-SXM4-40GB MIG 4g.20gb (0),1,,7,[CUDA memcpy Device-to-Host]
3206326715,13120,166402,1434,1,1,128,1,1,16,0.000,0.000,,,,,NVIDIA A100-SXM4-40GB MIG 4g.20gb (0),1,,13,cupy_copy__complex64_complex64
3206356090,3616,166409,103,1,1,128,1,1,16,0.000,0.000,,,,,NVIDIA A100-SXM4-40GB MIG 4g.20gb (0),1,,13,cupy_copy__complex64_complex64
3206374682,2592,166416,35,1,1,128,1,1,16,0.000,0.000,,,,,NVIDIA A100-SXM4-40GB MIG 4g.20gb (0),1,,13,cupy_copy__complex64_complex64
3206390618,1792,166423,1,1,1,1,1,1,18,0.000,0.000,,,,,NVIDIA A100-SXM4-40GB MIG 4g.20gb (0),1,,13,cupy_copy__float32_float32
3206523800,87135,166434,1,1,1,32,32,1,30,0.000,0.000,,,,,NVIDIA A100-SXM4-40GB MIG 4g.20gb (0),1,,13,"void convert_kernel<__half2, float2>(tensor_layout_any, T1 *, tensor_layout_any, const T2 *)"
3206638615,5376,166437,,,,,,,,,,0.094,17428.487,Pinned,Device,NVIDIA A100-SXM4-40GB MIG 4g.20gb (0),1,,13,[CUDA memcpy Host-to-Device]
3206653463,3520,166438,,,,,,,,,,1.547,439380.412,Device,,NVIDIA A100-SXM4-40GB MIG 4g.20gb (0),1,,13,[CUDA memset]
3206662167,3072,166443,,,,,,,,,,0.031,10187.474,Pinned,Device,NVIDIA A100-SXM4-40GB MIG 4g.20gb (0),1,,13,[CUDA memcpy Host-to-Device]
3206667639,9375,166444,,,,,,,,,,0.197,20971.389,Pinned,Device,NVIDIA A100-SXM4-40GB MIG 4g.20gb (0),1,,13,[CUDA memcpy Host-to-Device]
3206680630,6304,166445,273,1,1,8,4,1,39,0.002,0.000,,,,,NVIDIA A100-SXM4-40GB MIG 4g.20gb (0),1,,13,"void channel_eq::eqMmseCoefCompLowMimoKernel<float, float, float, (unsigned int)4, (unsigned int)1, (unsigned int)4>(const channel_eq::_puschRxChEqStatDescr *, channel_eq::_puschRxChEqCoefCompDynDescr)"
3206688022,5920,166446,273,1,1,12,11,1,51,0.002,0.000,,,,,NVIDIA A100-SXM4-40GB MIG 4g.20gb (0),1,,13,"void channel_eq::eqMmseSoftDemapKernel<float, __half, __half, float, (unsigned int)4, (unsigned short)16383>(channel_eq::_puschRxChEqStatDescr *, channel_eq::_puschRxChEqSoftDemapDynDescr)"
3206694934,282909,166447,1,1,1,32,32,1,30,0.000,0.000,,,,,NVIDIA A100-SXM4-40GB MIG 4g.20gb (0),1,,13,"void convert_kernel<float2, __half2>(tensor_layout_any, T1 *, tensor_layout_any, const T2 *)"
3206980435,11008,166459,2253,1,1,128,1,1,16,0.000,0.000,,,,,NVIDIA A100-SXM4-40GB MIG 4g.20gb (0),1,,13,cupy_copy__float16_float16
3206995923,3423,166468,282,1,1,128,1,1,16,0.000,0.000,,,,,NVIDIA A100-SXM4-40GB MIG 4g.20gb (0),1,,13,cupy_copy__complex64_complex64
3207001842,2304,166477,26,1,1,128,1,1,16,0.000,0.000,,,,,NVIDIA A100-SXM4-40GB MIG 4g.20gb (0),1,,13,cupy_copy__float32_float32
3207008530,3072,166486,103,1,1,128,1,1,16,0.000,0.000,,,,,NVIDIA A100-SXM4-40GB MIG 4g.20gb (0),1,,13,cupy_copy__complex64_complex64
3207014546,12096,166496,1434,1,1,128,1,1,16,0.000,0.000,,,,,NVIDIA A100-SXM4-40GB MIG 4g.20gb (0),1,,13,cupy_copy__complex64_complex64
3207040850,82559,166501,1,1,1,32,32,1,30,0.000,0.000,,,,,NVIDIA A100-SXM4-40GB MIG 4g.20gb (0),1,,13,"void convert_kernel<__half2, float2>(tensor_layout_any, T1 *, tensor_layout_any, const T2 *)"
3207151153,5376,166504,,,,,,,,,,0.094,17428.487,Pinned,Device,NVIDIA A100-SXM4-40GB MIG 4g.20gb (0),1,,13,[CUDA memcpy Host-to-Device]
3207160944,600025,166505,,,,,,,,,,456.561,760631.359,Device,,NVIDIA A100-SXM4-40GB MIG 4g.20gb (0),1,,13,[CUDA memset]
3207761865,70239,166510,,,,,,,,,,1.235,17581.898,Pinned,Device,NVIDIA A100-SXM4-40GB MIG 4g.20gb (0),1,,13,[CUDA memcpy Host-to-Device]
3207835112,14208,166511,,,,,,,,,,0.197,13837.664,Pinned,Device,NVIDIA A100-SXM4-40GB MIG 4g.20gb (0),1,,13,[CUDA memcpy Host-to-Device]
3207860136,8384,166512,69,4,1,48,1,1,76,0.002,0.000,,,,,NVIDIA A100-SXM4-40GB MIG 4g.20gb (0),1,,13,"void ch_est::windowedChEstPreNoDftSOfdmKernel<float, __half, float, (unsigned int)2, (unsigned int)1, (unsigned short)4>(ch_est::puschRxChEstStatDescr_t *, ch_est::puschRxChEstDynDescr_t *)"
3207874344,6752,166513,137,2,1,24,2,1,44,0.001,0.001,,,,,NVIDIA A100-SXM4-40GB MIG 4g.20gb (0),1,,13,"void ch_est::chEstFilterNoDftSOfdmDispatchKernel<float, __half, float, (unsigned int)2>(ch_est::puschRxChEstStatDescr_t *, ch_est::puschRxChEstDynDescr_t *)"
3207885704,5599,166514,137,2,1,24,2,1,44,0.001,0.001,,,,,NVIDIA A100-SXM4-40GB MIG 4g.20gb (0),1,,13,"void ch_est::chEstFilterNoDftSOfdmDispatchKernel<float, __half, float, (unsigned int)2>(ch_est::puschRxChEstStatDescr_t *, ch_est::puschRxChEstDynDescr_t *)"
3207896135,2752,166525,103,1,1,128,1,1,16,0.000,0.000,,,,,NVIDIA A100-SXM4-40GB MIG 4g.20gb (0),1,,13,cupy_copy__complex64_complex64
3207902055,12480,166535,1434,1,1,128,1,1,16,0.000,0.000,,,,,NVIDIA A100-SXM4-40GB MIG 4g.20gb (0),1,,13,cupy_copy__complex64_complex64
3207921511,2496,166542,103,1,1,128,1,1,16,0.000,0.000,,,,,NVIDIA A100-SXM4-40GB MIG 4g.20gb (0),1,,13,cupy_copy__complex64_complex64
3207927847,85567,166549,1,1,1,32,32,1,30,0.000,0.000,,,,,NVIDIA A100-SXM4-40GB MIG 4g.20gb (0),1,,13,"void convert_kernel<__half2, float2>(tensor_layout_any, T1 *, tensor_layout_any, const T2 *)"
3208042342,9151,166552,,,,,,,,,,0.094,10238.818,Pinned,Device,NVIDIA A100-SXM4-40GB MIG 4g.20gb (0),1,,13,[CUDA memcpy Host-to-Device]
3208058149,47552,166553,,,,,,,,,,35.810,753046.808,Device,,NVIDIA A100-SXM4-40GB MIG 4g.20gb (0),1,,13,[CUDA memset]
3208114085,2688,166555,,,,,,,,,,0.000,29.762,Pinned,Device,NVIDIA A100-SXM4-40GB MIG 4g.20gb (0),1,,13,[CUDA memcpy Host-to-Device]
3208120357,13887,166556,,,,,,,,,,0.197,14157.545,Pinned,Device,NVIDIA A100-SXM4-40GB MIG 4g.20gb (0),1,,13,[CUDA memcpy Host-to-Device]
3208141796,11552,166557,273,1,1,48,1,1,40,0.000,0.001,,,,,NVIDIA A100-SXM4-40GB MIG 4g.20gb (0),1,,13,"void pusch_noise_intf_est::noiseIntfEstNoDftSOfdmKernel<float, __half, float, float, (unsigned int)2, (unsigned int)1, (unsigned char)4, (unsigned char)4>(pusch_noise_intf_est::puschRxNoiseIntfEstDynDescr)"
3208156452,2912,166568,35,1,1,128,1,1,16,0.000,0.000,,,,,NVIDIA A100-SXM4-40GB MIG 4g.20gb (0),1,,13,cupy_copy__complex64_complex64
3208162916,1920,166577,1,1,1,1,1,1,18,0.000,0.000,,,,,NVIDIA A100-SXM4-40GB MIG 4g.20gb (0),1,,13,cupy_copy__float32_float32
3208193028,2336,166583,,,,,,,,,,0.000,1.712,Device,Pageable,NVIDIA A100-SXM4-40GB MIG 4g.20gb (0),1,,7,[CUDA memcpy Device-to-Host]
3208256323,13024,166594,1434,1,1,128,1,1,16,0.000,0.000,,,,,NVIDIA A100-SXM4-40GB MIG 4g.20gb (0),1,,13,cupy_copy__complex64_complex64
3208282275,3072,166601,103,1,1,128,1,1,16,0.000,0.000,,,,,NVIDIA A100-SXM4-40GB MIG 4g.20gb (0),1,,13,cupy_copy__complex64_complex64
3208303778,2304,166608,35,1,1,128,1,1,16,0.000,0.000,,,,,NVIDIA A100-SXM4-40GB MIG 4g.20gb (0),1,,13,cupy_copy__complex64_complex64
3208320258,1824,166615,1,1,1,1,1,1,18,0.000,0.000,,,,,NVIDIA A100-SXM4-40GB MIG 4g.20gb (0),1,,13,cupy_copy__float32_float32
3208452161,82814,166626,1,1,1,32,32,1,30,0.000,0.000,,,,,NVIDIA A100-SXM4-40GB MIG 4g.20gb (0),1,,13,"void convert_kernel<__half2, float2>(tensor_layout_any, T1 *, tensor_layout_any, const T2 *)"
3208562815,5472,166629,,,,,,,,,,0.094,17122.757,Pinned,Device,NVIDIA A100-SXM4-40GB MIG 4g.20gb (0),1,,13,[CUDA memcpy Host-to-Device]
3208577151,3296,166630,,,,,,,,,,1.547,469242.628,Device,,NVIDIA A100-SXM4-40GB MIG 4g.20gb (0),1,,13,[CUDA memset]
3208586303,3040,166635,,,,,,,,,,0.031,10294.725,Pinned,Device,NVIDIA A100-SXM4-40GB MIG 4g.20gb (0),1,,13,[CUDA memcpy Host-to-Device]
3208591775,9472,166636,,,,,,,,,,0.197,20756.693,Pinned,Device,NVIDIA A100-SXM4-40GB MIG 4g.20gb (0),1,,13,[CUDA memcpy Host-to-Device]
3208606687,6720,166637,273,1,1,8,4,1,39,0.002,0.000,,,,,NVIDIA A100-SXM4-40GB MIG 4g.20gb (0),1,,13,"void channel_eq::eqMmseCoefCompLowMimoKernel<float, float, float, (unsigned int)4, (unsigned int)1, (unsigned int)4>(const channel_eq::_puschRxChEqStatDescr *, channel_eq::_puschRxChEqCoefCompDynDescr)"
3208614495,6175,166638,273,1,1,12,11,1,51,0.002,0.000,,,,,NVIDIA A100-SXM4-40GB MIG 4g.20gb (0),1,,13,"void channel_eq::eqMmseSoftDemapKernel<float, __half, __half, float, (unsigned int)4, (unsigned short)16383>(channel_eq::_puschRxChEqStatDescr *, channel_eq::_puschRxChEqSoftDemapDynDescr)"
3208621630,282557,166639,1,1,1,32,32,1,30,0.000,0.000,,,,,NVIDIA A100-SXM4-40GB MIG 4g.20gb (0),1,,13,"void convert_kernel<float2, __half2>(tensor_layout_any, T1 *, tensor_layout_any, const T2 *)"
3208905211,10880,166651,2253,1,1,128,1,1,16,0.000,0.000,,,,,NVIDIA A100-SXM4-40GB MIG 4g.20gb (0),1,,13,cupy_copy__float16_float16
3208919387,3360,166660,282,1,1,128,1,1,16,0.000,0.000,,,,,NVIDIA A100-SXM4-40GB MIG 4g.20gb (0),1,,13,cupy_copy__complex64_complex64
3208926523,2016,166669,26,1,1,128,1,1,16,0.000,0.000,,,,,NVIDIA A100-SXM4-40GB MIG 4g.20gb (0),1,,13,cupy_copy__float32_float32
3208932315,3648,166678,103,1,1,128,1,1,16,0.000,0.000,,,,,NVIDIA A100-SXM4-40GB MIG 4g.20gb (0),1,,13,cupy_copy__complex64_complex64
3208939162,11872,166688,1434,1,1,128,1,1,16,0.000,0.000,,,,,NVIDIA A100-SXM4-40GB MIG 4g.20gb (0),1,,13,cupy_copy__complex64_complex64
3208955418,83071,166693,1,1,1,32,32,1,30,0.000,0.000,,,,,NVIDIA A100-SXM4-40GB MIG 4g.20gb (0),1,,13,"void convert_kernel<__half2, float2>(tensor_layout_any, T1 *, tensor_layout_any, const T2 *)"
3209065625,5664,166696,,,,,,,,,,0.094,16542.310,Pinned,Device,NVIDIA A100-SXM4-40GB MIG 4g.20gb (0),1,,13,[CUDA memcpy Host-to-Device]
3209075449,601464,166697,,,,,,,,,,456.561,758805.113,Device,,NVIDIA A100-SXM4-40GB MIG 4g.20gb (0),1,,13,[CUDA memset]
3209681809,67039,166702,,,,,,,,,,1.235,18420.425,Pinned,Device,NVIDIA A100-SXM4-40GB MIG 4g.20gb (0),1,,13,[CUDA memcpy Host-to-Device]
3209752048,14304,166703,,,,,,,,,,0.197,13744.865,Pinned,Device,NVIDIA A100-SXM4-40GB MIG 4g.20gb (0),1,,13,[CUDA memcpy Host-to-Device]
3209772080,8512,166704,69,4,1,48,1,1,76,0.002,0.000,,,,,NVIDIA A100-SXM4-40GB MIG 4g.20gb (0),1,,13,"void ch_est::windowedChEstPreNoDftSOfdmKernel<float, __half, float, (unsigned int)2, (unsigned int)1, (unsigned short)4>(ch_est::puschRxChEstStatDescr_t *, ch_est::puschRxChEstDynDescr_t *)"
3209786192,6464,166705,137,2,1,24,2,1,44,0.001,0.001,,,,,NVIDIA A100-SXM4-40GB MIG 4g.20gb (0),1,,13,"void ch_est::chEstFilterNoDftSOfdmDispatchKernel<float, __half, float, (unsigned int)2>(ch_est::puschRxChEstStatDescr_t *, ch_est::puschRxChEstDynDescr_t *)"
3209796912,5120,166706,137,2,1,24,2,1,44,0.001,0.001,,,,,NVIDIA A100-SXM4-40GB MIG 4g.20gb (0),1,,13,"void ch_est::chEstFilterNoDftSOfdmDispatchKernel<float, __half, float, (unsigned int)2>(ch_est::puschRxChEstStatDescr_t *, ch_est::puschRxChEstDynDescr_t *)"
3209808208,2720,166717,103,1,1,128,1,1,16,0.000,0.000,,,,,NVIDIA A100-SXM4-40GB MIG 4g.20gb (0),1,,13,cupy_copy__complex64_complex64
3209814064,12864,166727,1434,1,1,128,1,1,16,0.000,0.000,,,,,NVIDIA A100-SXM4-40GB MIG 4g.20gb (0),1,,13,cupy_copy__complex64_complex64
3209835055,2688,166734,103,1,1,128,1,1,16,0.000,0.000,,,,,NVIDIA A100-SXM4-40GB MIG 4g.20gb (0),1,,13,cupy_copy__complex64_complex64
3209842159,88767,166741,1,1,1,32,32,1,30,0.000,0.000,,,,,NVIDIA A100-SXM4-40GB MIG 4g.20gb (0),1,,13,"void convert_kernel<__half2, float2>(tensor_layout_any, T1 *, tensor_layout_any, const T2 *)"
3209959886,9184,166744,,,,,,,,,,0.094,10202.089,Pinned,Device,NVIDIA A100-SXM4-40GB MIG 4g.20gb (0),1,,13,[CUDA memcpy Host-to-Device]
3209974222,48095,166745,,,,,,,,,,35.810,744559.857,Device,,NVIDIA A100-SXM4-40GB MIG 4g.20gb (0),1,,13,[CUDA memset]
3210025901,4192,166747,,,,,,,,,,0.000,19.084,Pinned,Device,NVIDIA A100-SXM4-40GB MIG 4g.20gb (0),1,,13,[CUDA memcpy Host-to-Device]
3210033709,13632,166748,,,,,,,,,,0.197,14422.376,Pinned,Device,NVIDIA A100-SXM4-40GB MIG 4g.20gb (0),1,,13,[CUDA memcpy Host-to-Device]
3210056845,10144,166749,273,1,1,48,1,1,40,0.000,0.001,,,,,NVIDIA A100-SXM4-40GB MIG 4g.20gb (0),1,,13,"void pusch_noise_intf_est::noiseIntfEstNoDftSOfdmKernel<float, __half, float, float, (unsigned int)2, (unsigned int)1, (unsigned char)4, (unsigned char)4>(pusch_noise_intf_est::puschRxNoiseIntfEstDynDescr)"
3210072076,2784,166760,35,1,1,128,1,1,16,0.000,0.000,,,,,NVIDIA A100-SXM4-40GB MIG 4g.20gb (0),1,,13,cupy_copy__complex64_complex64
3210081068,2016,166769,1,1,1,1,1,1,18,0.000,0.000,,,,,NVIDIA A100-SXM4-40GB MIG 4g.20gb (0),1,,13,cupy_copy__float32_float32
3210110252,1856,166775,,,,,,,,,,0.000,2.155,Device,Pageable,NVIDIA A100-SXM4-40GB MIG 4g.20gb (0),1,,7,[CUDA memcpy Device-to-Host]
3210171563,12800,166786,1434,1,1,128,1,1,16,0.000,0.000,,,,,NVIDIA A100-SXM4-40GB MIG 4g.20gb (0),1,,13,cupy_copy__complex64_complex64
3210196011,3616,166793,103,1,1,128,1,1,16,0.000,0.000,,,,,NVIDIA A100-SXM4-40GB MIG 4g.20gb (0),1,,13,cupy_copy__complex64_complex64
3210216523,2240,166800,35,1,1,128,1,1,16,0.000,0.000,,,,,NVIDIA A100-SXM4-40GB MIG 4g.20gb (0),1,,13,cupy_copy__complex64_complex64
3210234442,1824,166807,1,1,1,1,1,1,18,0.000,0.000,,,,,NVIDIA A100-SXM4-40GB MIG 4g.20gb (0),1,,13,cupy_copy__float32_float32
3210366889,82879,166818,1,1,1,32,32,1,30,0.000,0.000,,,,,NVIDIA A100-SXM4-40GB MIG 4g.20gb (0),1,,13,"void convert_kernel<__half2, float2>(tensor_layout_any, T1 *, tensor_layout_any, const T2 *)"
3210477511,5376,166821,,,,,,,,,,0.094,17428.487,Pinned,Device,NVIDIA A100-SXM4-40GB MIG 4g.20gb (0),1,,13,[CUDA memcpy Host-to-Device]
3210492295,3200,166822,,,,,,,,,,1.547,483320.000,Device,,NVIDIA A100-SXM4-40GB MIG 4g.20gb (0),1,,13,[CUDA memset]
3210499079,3104,166827,,,,,,,,,,0.031,10082.445,Pinned,Device,NVIDIA A100-SXM4-40GB MIG 4g.20gb (0),1,,13,[CUDA memcpy Host-to-Device]
3210504711,9408,166828,,,,,,,,,,0.197,20897.858,Pinned,Device,NVIDIA A100-SXM4-40GB MIG 4g.20gb (0),1,,13,[CUDA memcpy Host-to-Device]
3210519719,6112,166829,273,1,1,8,4,1,39,0.002,0.000,,,,,NVIDIA A100-SXM4-40GB MIG 4g.20gb (0),1,,13,"void channel_eq::eqMmseCoefCompLowMimoKernel<float, float, float, (unsigned int)4, (unsigned int)1, (unsigned int)4>(const channel_eq::_puschRxChEqStatDescr *, channel_eq::_puschRxChEqCoefCompDynDescr)"
3210526887,6176,166830,273,1,1,12,11,1,51,0.002,0.000,,,,,NVIDIA A100-SXM4-40GB MIG 4g.20gb (0),1,,13,"void channel_eq::eqMmseSoftDemapKernel<float, __half, __half, float, (unsigned int)4, (unsigned short)16383>(channel_eq::_puschRxChEqStatDescr *, channel_eq::_puschRxChEqSoftDemapDynDescr)"
3210534183,282940,166831,1,1,1,32,32,1,30,0.000,0.000,,,,,NVIDIA A100-SXM4-40GB MIG 4g.20gb (0),1,,13,"void convert_kernel<float2, __half2>(tensor_layout_any, T1 *, tensor_layout_any, const T2 *)"
3210819299,10912,166843,2253,1,1,128,1,1,16,0.000,0.000,,,,,NVIDIA A100-SXM4-40GB MIG 4g.20gb (0),1,,13,cupy_copy__float16_float16
3210833571,3744,166852,282,1,1,128,1,1,16,0.000,0.000,,,,,NVIDIA A100-SXM4-40GB MIG 4g.20gb (0),1,,13,cupy_copy__complex64_complex64
3210840227,2176,166861,26,1,1,128,1,1,16,0.000,0.000,,,,,NVIDIA A100-SXM4-40GB MIG 4g.20gb (0),1,,13,cupy_copy__float32_float32
3210843619,2912,166870,103,1,1,128,1,1,16,0.000,0.000,,,,,NVIDIA A100-SXM4-40GB MIG 4g.20gb (0),1,,13,cupy_copy__complex64_complex64
3210848099,12416,166880,1434,1,1,128,1,1,16,0.000,0.000,,,,,NVIDIA A100-SXM4-40GB MIG 4g.20gb (0),1,,13,cupy_copy__complex64_complex64
3210876707,82623,166885,1,1,1,32,32,1,30,0.000,0.000,,,,,NVIDIA A100-SXM4-40GB MIG 4g.20gb (0),1,,13,"void convert_kernel<__half2, float2>(tensor_layout_any, T1 *, tensor_layout_any, const T2 *)"
3210986721,5376,166888,,,,,,,,,,0.094,17428.487,Pinned,Device,NVIDIA A100-SXM4-40GB MIG 4g.20gb (0),1,,13,[CUDA memcpy Host-to-Device]
3210998241,613432,166889,,,,,,,,,,456.561,744195.147,Device,,NVIDIA A100-SXM4-40GB MIG 4g.20gb (0),1,,13,[CUDA memset]
3211613113,70464,166894,,,,,,,,,,1.235,17525.090,Pinned,Device,NVIDIA A100-SXM4-40GB MIG 4g.20gb (0),1,,13,[CUDA memcpy Host-to-Device]
3211686233,14207,166895,,,,,,,,,,0.197,13838.647,Pinned,Device,NVIDIA A100-SXM4-40GB MIG 4g.20gb (0),1,,13,[CUDA memcpy Host-to-Device]
3211710168,8064,166896,69,4,1,48,1,1,76,0.002,0.000,,,,,NVIDIA A100-SXM4-40GB MIG 4g.20gb (0),1,,13,"void ch_est::windowedChEstPreNoDftSOfdmKernel<float, __half, float, (unsigned int)2, (unsigned int)1, (unsigned short)4>(ch_est::puschRxChEstStatDescr_t *, ch_est::puschRxChEstDynDescr_t *)"
3211721400,6720,166897,137,2,1,24,2,1,44,0.001,0.001,,,,,NVIDIA A100-SXM4-40GB MIG 4g.20gb (0),1,,13,"void ch_est::chEstFilterNoDftSOfdmDispatchKernel<float, __half, float, (unsigned int)2>(ch_est::puschRxChEstStatDescr_t *, ch_est::puschRxChEstDynDescr_t *)"
3211731992,5504,166898,137,2,1,24,2,1,44,0.001,0.001,,,,,NVIDIA A100-SXM4-40GB MIG 4g.20gb (0),1,,13,"void ch_est::chEstFilterNoDftSOfdmDispatchKernel<float, __half, float, (unsigned int)2>(ch_est::puschRxChEstStatDescr_t *, ch_est::puschRxChEstDynDescr_t *)"
3211741880,2496,166909,103,1,1,128,1,1,16,0.000,0.000,,,,,NVIDIA A100-SXM4-40GB MIG 4g.20gb (0),1,,13,cupy_copy__complex64_complex64
3211748760,12800,166919,1434,1,1,128,1,1,16,0.000,0.000,,,,,NVIDIA A100-SXM4-40GB MIG 4g.20gb (0),1,,13,cupy_copy__complex64_complex64
3211768216,2527,166926,103,1,1,128,1,1,16,0.000,0.000,,,,,NVIDIA A100-SXM4-40GB MIG 4g.20gb (0),1,,13,cupy_copy__complex64_complex64
3211777047,82559,166933,1,1,1,32,32,1,30,0.000,0.000,,,,,NVIDIA A100-SXM4-40GB MIG 4g.20gb (0),1,,13,"void convert_kernel<__half2, float2>(tensor_layout_any, T1 *, tensor_layout_any, const T2 *)"
3211888342,10016,166936,,,,,,,,,,0.094,9354.609,Pinned,Device,NVIDIA A100-SXM4-40GB MIG 4g.20gb (0),1,,13,[CUDA memcpy Host-to-Device]
3211907542,48895,166937,,,,,,,,,,35.810,732348.674,Device,,NVIDIA A100-SXM4-40GB MIG 4g.20gb (0),1,,13,[CUDA memset]
3211962549,3648,166939,,,,,,,,,,0.000,21.930,Pinned,Device,NVIDIA A100-SXM4-40GB MIG 4g.20gb (0),1,,13,[CUDA memcpy Host-to-Device]
3211970549,11808,166940,,,,,,,,,,0.197,16650.338,Pinned,Device,NVIDIA A100-SXM4-40GB MIG 4g.20gb (0),1,,13,[CUDA memcpy Host-to-Device]
3211987989,10208,166941,273,1,1,48,1,1,40,0.000,0.001,,,,,NVIDIA A100-SXM4-40GB MIG 4g.20gb (0),1,,13,"void pusch_noise_intf_est::noiseIntfEstNoDftSOfdmKernel<float, __half, float, float, (unsigned int)2, (unsigned int)1, (unsigned char)4, (unsigned char)4>(pusch_noise_intf_est::puschRxNoiseIntfEstDynDescr)"
3212002357,2816,166952,35,1,1,128,1,1,16,0.000,0.000,,,,,NVIDIA A100-SXM4-40GB MIG 4g.20gb (0),1,,13,cupy_copy__complex64_complex64
3212009685,1888,166961,1,1,1,1,1,1,18,0.000,0.000,,,,,NVIDIA A100-SXM4-40GB MIG 4g.20gb (0),1,,13,cupy_copy__float32_float32
3212039892,2624,166967,,,,,,,,,,0.000,1.524,Device,Pageable,NVIDIA A100-SXM4-40GB MIG 4g.20gb (0),1,,7,[CUDA memcpy Device-to-Host]
3212101875,13152,166978,1434,1,1,128,1,1,16,0.000,0.000,,,,,NVIDIA A100-SXM4-40GB MIG 4g.20gb (0),1,,13,cupy_copy__complex64_complex64
3212128883,3072,166985,103,1,1,128,1,1,16,0.000,0.000,,,,,NVIDIA A100-SXM4-40GB MIG 4g.20gb (0),1,,13,cupy_copy__complex64_complex64
3212149523,2560,166992,35,1,1,128,1,1,16,0.000,0.000,,,,,NVIDIA A100-SXM4-40GB MIG 4g.20gb (0),1,,13,cupy_copy__complex64_complex64
3212168243,1760,166999,1,1,1,1,1,1,18,0.000,0.000,,,,,NVIDIA A100-SXM4-40GB MIG 4g.20gb (0),1,,13,cupy_copy__float32_float32
3212302353,82911,167010,1,1,1,32,32,1,30,0.000,0.000,,,,,NVIDIA A100-SXM4-40GB MIG 4g.20gb (0),1,,13,"void convert_kernel<__half2, float2>(tensor_layout_any, T1 *, tensor_layout_any, const T2 *)"
3212411984,5535,167013,,,,,,,,,,0.094,16927.869,Pinned,Device,NVIDIA A100-SXM4-40GB MIG 4g.20gb (0),1,,13,[CUDA memcpy Host-to-Device]
3212427151,3296,167014,,,,,,,,,,1.547,469242.628,Device,,NVIDIA A100-SXM4-40GB MIG 4g.20gb (0),1,,13,[CUDA memset]
3212433167,3008,167019,,,,,,,,,,0.031,10404.230,Pinned,Device,NVIDIA A100-SXM4-40GB MIG 4g.20gb (0),1,,13,[CUDA memcpy Host-to-Device]
3212438735,9568,167020,,,,,,,,,,0.197,20548.485,Pinned,Device,NVIDIA A100-SXM4-40GB MIG 4g.20gb (0),1,,13,[CUDA memcpy Host-to-Device]
3212451791,8288,167021,273,1,1,8,4,1,39,0.002,0.000,,,,,NVIDIA A100-SXM4-40GB MIG 4g.20gb (0),1,,13,"void channel_eq::eqMmseCoefCompLowMimoKernel<float, float, float, (unsigned int)4, (unsigned int)1, (unsigned int)4>(const channel_eq::_puschRxChEqStatDescr *, channel_eq::_puschRxChEqCoefCompDynDescr)"
3212462863,6144,167022,273,1,1,12,11,1,51,0.002,0.000,,,,,NVIDIA A100-SXM4-40GB MIG 4g.20gb (0),1,,13,"void channel_eq::eqMmseSoftDemapKernel<float, __half, __half, float, (unsigned int)4, (unsigned short)16383>(channel_eq::_puschRxChEqStatDescr *, channel_eq::_puschRxChEqSoftDemapDynDescr)"
3212470575,294652,167023,1,1,1,32,32,1,30,0.000,0.000,,,,,NVIDIA A100-SXM4-40GB MIG 4g.20gb (0),1,,13,"void convert_kernel<float2, __half2>(tensor_layout_any, T1 *, tensor_layout_any, const T2 *)"
3212767915,10912,167035,2253,1,1,128,1,1,16,0.000,0.000,,,,,NVIDIA A100-SXM4-40GB MIG 4g.20gb (0),1,,13,cupy_copy__float16_float16
3212781611,2816,167044,282,1,1,128,1,1,16,0.000,0.000,,,,,NVIDIA A100-SXM4-40GB MIG 4g.20gb (0),1,,13,cupy_copy__complex64_complex64
3212787691,2304,167053,26,1,1,128,1,1,16,0.000,0.000,,,,,NVIDIA A100-SXM4-40GB MIG 4g.20gb (0),1,,13,cupy_copy__float32_float32
3212792651,3328,167062,103,1,1,128,1,1,16,0.000,0.000,,,,,NVIDIA A100-SXM4-40GB MIG 4g.20gb (0),1,,13,cupy_copy__complex64_complex64
3212797035,11968,167072,1434,1,1,128,1,1,16,0.000,0.000,,,,,NVIDIA A100-SXM4-40GB MIG 4g.20gb (0),1,,13,cupy_copy__complex64_complex64
3212813131,82367,167077,1,1,1,32,32,1,30,0.000,0.000,,,,,NVIDIA A100-SXM4-40GB MIG 4g.20gb (0),1,,13,"void convert_kernel<__half2, float2>(tensor_layout_any, T1 *, tensor_layout_any, const T2 *)"
3212922409,5408,167080,,,,,,,,,,0.094,17325.421,Pinned,Device,NVIDIA A100-SXM4-40GB MIG 4g.20gb (0),1,,13,[CUDA memcpy Host-to-Device]
3212933705,604825,167081,,,,,,,,,,456.561,754696.060,Device,,NVIDIA A100-SXM4-40GB MIG 4g.20gb (0),1,,13,[CUDA memset]
3213544610,68063,167086,,,,,,,,,,1.235,18143.797,Pinned,Device,NVIDIA A100-SXM4-40GB MIG 4g.20gb (0),1,,13,[CUDA memcpy Host-to-Device]
3213616385,14687,167087,,,,,,,,,,0.197,13386.449,Pinned,Device,NVIDIA A100-SXM4-40GB MIG 4g.20gb (0),1,,13,[CUDA memcpy Host-to-Device]
3213638496,8544,167088,69,4,1,48,1,1,76,0.002,0.000,,,,,NVIDIA A100-SXM4-40GB MIG 4g.20gb (0),1,,13,"void ch_est::windowedChEstPreNoDftSOfdmKernel<float, __half, float, (unsigned int)2, (unsigned int)1, (unsigned short)4>(ch_est::puschRxChEstStatDescr_t *, ch_est::puschRxChEstDynDescr_t *)"
3213650496,6816,167089,137,2,1,24,2,1,44,0.001,0.001,,,,,NVIDIA A100-SXM4-40GB MIG 4g.20gb (0),1,,13,"void ch_est::chEstFilterNoDftSOfdmDispatchKernel<float, __half, float, (unsigned int)2>(ch_est::puschRxChEstStatDescr_t *, ch_est::puschRxChEstDynDescr_t *)"
3213660256,5472,167090,137,2,1,24,2,1,44,0.001,0.001,,,,,NVIDIA A100-SXM4-40GB MIG 4g.20gb (0),1,,13,"void ch_est::chEstFilterNoDftSOfdmDispatchKernel<float, __half, float, (unsigned int)2>(ch_est::puschRxChEstStatDescr_t *, ch_est::puschRxChEstDynDescr_t *)"
3213670720,2592,167101,103,1,1,128,1,1,16,0.000,0.000,,,,,NVIDIA A100-SXM4-40GB MIG 4g.20gb (0),1,,13,cupy_copy__complex64_complex64
3213677312,12768,167111,1434,1,1,128,1,1,16,0.000,0.000,,,,,NVIDIA A100-SXM4-40GB MIG 4g.20gb (0),1,,13,cupy_copy__complex64_complex64
3213693472,2720,167118,103,1,1,128,1,1,16,0.000,0.000,,,,,NVIDIA A100-SXM4-40GB MIG 4g.20gb (0),1,,13,cupy_copy__complex64_complex64
3213699168,84415,167125,1,1,1,32,32,1,30,0.000,0.000,,,,,NVIDIA A100-SXM4-40GB MIG 4g.20gb (0),1,,13,"void convert_kernel<__half2, float2>(tensor_layout_any, T1 *, tensor_layout_any, const T2 *)"
3213811070,9600,167128,,,,,,,,,,0.094,9759.938,Pinned,Device,NVIDIA A100-SXM4-40GB MIG 4g.20gb (0),1,,13,[CUDA memcpy Host-to-Device]
3213825822,47551,167129,,,,,,,,,,35.810,753082.618,Device,,NVIDIA A100-SXM4-40GB MIG 4g.20gb (0),1,,13,[CUDA memset]
3213877437,3296,167131,,,,,,,,,,0.000,24.272,Pinned,Device,NVIDIA A100-SXM4-40GB MIG 4g.20gb (0),1,,13,[CUDA memcpy Host-to-Device]
3213886173,12800,167132,,,,,,,,,,0.197,15360.000,Pinned,Device,NVIDIA A100-SXM4-40GB MIG 4g.20gb (0),1,,13,[CUDA memcpy Host-to-Device]
3213907517,9952,167133,273,1,1,48,1,1,40,0.000,0.001,,,,,NVIDIA A100-SXM4-40GB MIG 4g.20gb (0),1,,13,"void pusch_noise_intf_est::noiseIntfEstNoDftSOfdmKernel<float, __half, float, float, (unsigned int)2, (unsigned int)1, (unsigned char)4, (unsigned char)4>(pusch_noise_intf_est::puschRxNoiseIntfEstDynDescr)"
3213923165,2944,167144,35,1,1,128,1,1,16,0.000,0.000,,,,,NVIDIA A100-SXM4-40GB MIG 4g.20gb (0),1,,13,cupy_copy__complex64_complex64
3213928669,1952,167153,1,1,1,1,1,1,18,0.000,0.000,,,,,NVIDIA A100-SXM4-40GB MIG 4g.20gb (0),1,,13,cupy_copy__float32_float32
3213964636,2176,167159,,,,,,,,,,0.000,1.838,Device,Pageable,NVIDIA A100-SXM4-40GB MIG 4g.20gb (0),1,,7,[CUDA memcpy Device-to-Host]
3214028700,13055,167170,1434,1,1,128,1,1,16,0.000,0.000,,,,,NVIDIA A100-SXM4-40GB MIG 4g.20gb (0),1,,13,cupy_copy__complex64_complex64
3214055163,2848,167177,103,1,1,128,1,1,16,0.000,0.000,,,,,NVIDIA A100-SXM4-40GB MIG 4g.20gb (0),1,,13,cupy_copy__complex64_complex64
3214074715,2688,167184,35,1,1,128,1,1,16,0.000,0.000,,,,,NVIDIA A100-SXM4-40GB MIG 4g.20gb (0),1,,13,cupy_copy__complex64_complex64
3214096251,1728,167191,1,1,1,1,1,1,18,0.000,0.000,,,,,NVIDIA A100-SXM4-40GB MIG 4g.20gb (0),1,,13,cupy_copy__float32_float32
3214227737,87263,167202,1,1,1,32,32,1,30,0.000,0.000,,,,,NVIDIA A100-SXM4-40GB MIG 4g.20gb (0),1,,13,"void convert_kernel<__half2, float2>(tensor_layout_any, T1 *, tensor_layout_any, const T2 *)"
3214341816,5408,167205,,,,,,,,,,0.094,17325.421,Pinned,Device,NVIDIA A100-SXM4-40GB MIG 4g.20gb (0),1,,13,[CUDA memcpy Host-to-Device]
3214357528,3423,167206,,,,,,,,,,1.547,451832.282,Device,,NVIDIA A100-SXM4-40GB MIG 4g.20gb (0),1,,13,[CUDA memset]
3214363159,3296,167211,,,,,,,,,,0.031,9495.144,Pinned,Device,NVIDIA A100-SXM4-40GB MIG 4g.20gb (0),1,,13,[CUDA memcpy Host-to-Device]
3214369207,9600,167212,,,,,,,,,,0.197,20479.869,Pinned,Device,NVIDIA A100-SXM4-40GB MIG 4g.20gb (0),1,,13,[CUDA memcpy Host-to-Device]
3214383031,6560,167213,273,1,1,8,4,1,39,0.002,0.000,,,,,NVIDIA A100-SXM4-40GB MIG 4g.20gb (0),1,,13,"void channel_eq::eqMmseCoefCompLowMimoKernel<float, float, float, (unsigned int)4, (unsigned int)1, (unsigned int)4>(const channel_eq::_puschRxChEqStatDescr *, channel_eq::_puschRxChEqCoefCompDynDescr)"
3214390519,7552,167214,273,1,1,12,11,1,51,0.002,0.000,,,,,NVIDIA A100-SXM4-40GB MIG 4g.20gb (0),1,,13,"void channel_eq::eqMmseSoftDemapKernel<float, __half, __half, float, (unsigned int)4, (unsigned short)16383>(channel_eq::_puschRxChEqStatDescr *, channel_eq::_puschRxChEqSoftDemapDynDescr)"
3214400791,295228,167215,1,1,1,32,32,1,30,0.000,0.000,,,,,NVIDIA A100-SXM4-40GB MIG 4g.20gb (0),1,,13,"void convert_kernel<float2, __half2>(tensor_layout_any, T1 *, tensor_layout_any, const T2 *)"
3214697011,10880,167227,2253,1,1,128,1,1,16,0.000,0.000,,,,,NVIDIA A100-SXM4-40GB MIG 4g.20gb (0),1,,13,cupy_copy__float16_float16
3214709235,3296,167236,282,1,1,128,1,1,16,0.000,0.000,,,,,NVIDIA A100-SXM4-40GB MIG 4g.20gb (0),1,,13,cupy_copy__complex64_complex64
3214713491,2016,167245,26,1,1,128,1,1,16,0.000,0.000,,,,,NVIDIA A100-SXM4-40GB MIG 4g.20gb (0),1,,13,cupy_copy__float32_float32
3214716915,4832,167254,103,1,1,128,1,1,16,0.000,0.000,,,,,NVIDIA A100-SXM4-40GB MIG 4g.20gb (0),1,,13,cupy_copy__complex64_complex64
3214723795,12000,167264,1434,1,1,128,1,1,16,0.000,0.000,,,,,NVIDIA A100-SXM4-40GB MIG 4g.20gb (0),1,,13,cupy_copy__complex64_complex64
3214737011,82783,167269,1,1,1,32,32,1,30,0.000,0.000,,,,,NVIDIA A100-SXM4-40GB MIG 4g.20gb (0),1,,13,"void convert_kernel<__half2, float2>(tensor_layout_any, T1 *, tensor_layout_any, const T2 *)"
3214852081,5376,167272,,,,,,,,,,0.094,17428.487,Pinned,Device,NVIDIA A100-SXM4-40GB MIG 4g.20gb (0),1,,13,[CUDA memcpy Host-to-Device]
3214863569,602713,167273,,,,,,,,,,456.561,757435.429,Device,,NVIDIA A100-SXM4-40GB MIG 4g.20gb (0),1,,13,[CUDA memset]
3215466602,70175,167278,,,,,,,,,,1.235,17597.952,Pinned,Device,NVIDIA A100-SXM4-40GB MIG 4g.20gb (0),1,,13,[CUDA memcpy Host-to-Device]
3215542025,14976,167279,,,,,,,,,,0.197,13128.106,Pinned,Device,NVIDIA A100-SXM4-40GB MIG 4g.20gb (0),1,,13,[CUDA memcpy Host-to-Device]
3215564521,8575,167280,69,4,1,48,1,1,76,0.002,0.000,,,,,NVIDIA A100-SXM4-40GB MIG 4g.20gb (0),1,,13,"void ch_est::windowedChEstPreNoDftSOfdmKernel<float, __half, float, (unsigned int)2, (unsigned int)1, (unsigned short)4>(ch_est::puschRxChEstStatDescr_t *, ch_est::puschRxChEstDynDescr_t *)"
3215575368,7456,167281,137,2,1,24,2,1,44,0.001,0.001,,,,,NVIDIA A100-SXM4-40GB MIG 4g.20gb (0),1,,13,"void ch_est::chEstFilterNoDftSOfdmDispatchKernel<float, __half, float, (unsigned int)2>(ch_est::puschRxChEstStatDescr_t *, ch_est::puschRxChEstDynDescr_t *)"
3215587464,5248,167282,137,2,1,24,2,1,44,0.001,0.001,,,,,NVIDIA A100-SXM4-40GB MIG 4g.20gb (0),1,,13,"void ch_est::chEstFilterNoDftSOfdmDispatchKernel<float, __half, float, (unsigned int)2>(ch_est::puschRxChEstStatDescr_t *, ch_est::puschRxChEstDynDescr_t *)"
3215597896,2656,167293,103,1,1,128,1,1,16,0.000,0.000,,,,,NVIDIA A100-SXM4-40GB MIG 4g.20gb (0),1,,13,cupy_copy__complex64_complex64
3215603080,12640,167303,1434,1,1,128,1,1,16,0.000,0.000,,,,,NVIDIA A100-SXM4-40GB MIG 4g.20gb (0),1,,13,cupy_copy__complex64_complex64
3215621928,2880,167310,103,1,1,128,1,1,16,0.000,0.000,,,,,NVIDIA A100-SXM4-40GB MIG 4g.20gb (0),1,,13,cupy_copy__complex64_complex64
3215629544,83007,167317,1,1,1,32,32,1,30,0.000,0.000,,,,,NVIDIA A100-SXM4-40GB MIG 4g.20gb (0),1,,13,"void convert_kernel<__half2, float2>(tensor_layout_any, T1 *, tensor_layout_any, const T2 *)"
3215741350,9632,167320,,,,,,,,,,0.094,9727.519,Pinned,Device,NVIDIA A100-SXM4-40GB MIG 4g.20gb (0),1,,13,[CUDA memcpy Host-to-Device]
3215760614,46944,167321,,,,,,,,,,35.810,762787.106,Device,,NVIDIA A100-SXM4-40GB MIG 4g.20gb (0),1,,13,[CUDA memset]
3215808966,5247,167323,,,,,,,,,,0.000,15.247,Pinned,Device,NVIDIA A100-SXM4-40GB MIG 4g.20gb (0),1,,13,[CUDA memcpy Host-to-Device]
3215817477,12768,167324,,,,,,,,,,0.197,15398.339,Pinned,Device,NVIDIA A100-SXM4-40GB MIG 4g.20gb (0),1,,13,[CUDA memcpy Host-to-Device]
3215837669,11840,167325,273,1,1,48,1,1,40,0.000,0.001,,,,,NVIDIA A100-SXM4-40GB MIG 4g.20gb (0),1,,13,"void pusch_noise_intf_est::noiseIntfEstNoDftSOfdmKernel<float, __half, float, float, (unsigned int)2, (unsigned int)1, (unsigned char)4, (unsigned char)4>(pusch_noise_intf_est::puschRxNoiseIntfEstDynDescr)"
3215852997,2944,167336,35,1,1,128,1,1,16,0.000,0.000,,,,,NVIDIA A100-SXM4-40GB MIG 4g.20gb (0),1,,13,cupy_copy__complex64_complex64
3215860997,1888,167345,1,1,1,1,1,1,18,0.000,0.000,,,,,NVIDIA A100-SXM4-40GB MIG 4g.20gb (0),1,,13,cupy_copy__float32_float32
3215892741,2208,167351,,,,,,,,,,0.000,1.812,Device,Pageable,NVIDIA A100-SXM4-40GB MIG 4g.20gb (0),1,,7,[CUDA memcpy Device-to-Host]
3215955044,12736,167362,1434,1,1,128,1,1,16,0.000,0.000,,,,,NVIDIA A100-SXM4-40GB MIG 4g.20gb (0),1,,13,cupy_copy__complex64_complex64
3215981635,3584,167369,103,1,1,128,1,1,16,0.000,0.000,,,,,NVIDIA A100-SXM4-40GB MIG 4g.20gb (0),1,,13,cupy_copy__complex64_complex64
3216002083,2272,167376,35,1,1,128,1,1,16,0.000,0.000,,,,,NVIDIA A100-SXM4-40GB MIG 4g.20gb (0),1,,13,cupy_copy__complex64_complex64
3216025283,1760,167383,1,1,1,1,1,1,18,0.000,0.000,,,,,NVIDIA A100-SXM4-40GB MIG 4g.20gb (0),1,,13,cupy_copy__float32_float32
3216157185,81951,167394,1,1,1,32,32,1,30,0.000,0.000,,,,,NVIDIA A100-SXM4-40GB MIG 4g.20gb (0),1,,13,"void convert_kernel<__half2, float2>(tensor_layout_any, T1 *, tensor_layout_any, const T2 *)"
3216266784,5440,167397,,,,,,,,,,0.094,17223.480,Pinned,Device,NVIDIA A100-SXM4-40GB MIG 4g.20gb (0),1,,13,[CUDA memcpy Host-to-Device]
3216280832,3232,167398,,,,,,,,,,1.547,478533.199,Device,,NVIDIA A100-SXM4-40GB MIG 4g.20gb (0),1,,13,[CUDA memset]
3216287488,3008,167403,,,,,,,,,,0.031,10404.230,Pinned,Device,NVIDIA A100-SXM4-40GB MIG 4g.20gb (0),1,,13,[CUDA memcpy Host-to-Device]
3216293088,9503,167404,,,,,,,,,,0.197,20688.863,Pinned,Device,NVIDIA A100-SXM4-40GB MIG 4g.20gb (0),1,,13,[CUDA memcpy Host-to-Device]
3216307327,7072,167405,273,1,1,8,4,1,39,0.002,0.000,,,,,NVIDIA A100-SXM4-40GB MIG 4g.20gb (0),1,,13,"void channel_eq::eqMmseCoefCompLowMimoKernel<float, float, float, (unsigned int)4, (unsigned int)1, (unsigned int)4>(const channel_eq::_puschRxChEqStatDescr *, channel_eq::_puschRxChEqCoefCompDynDescr)"
3216316927,5696,167406,273,1,1,12,11,1,51,0.002,0.000,,,,,NVIDIA A100-SXM4-40GB MIG 4g.20gb (0),1,,13,"void channel_eq::eqMmseSoftDemapKernel<float, __half, __half, float, (unsigned int)4, (unsigned short)16383>(channel_eq::_puschRxChEqStatDescr *, channel_eq::_puschRxChEqSoftDemapDynDescr)"
3216324575,294909,167407,1,1,1,32,32,1,30,0.000,0.000,,,,,NVIDIA A100-SXM4-40GB MIG 4g.20gb (0),1,,13,"void convert_kernel<float2, __half2>(tensor_layout_any, T1 *, tensor_layout_any, const T2 *)"
3216620988,10815,167419,2253,1,1,128,1,1,16,0.000,0.000,,,,,NVIDIA A100-SXM4-40GB MIG 4g.20gb (0),1,,13,cupy_copy__float16_float16
3216633947,2720,167428,282,1,1,128,1,1,16,0.000,0.000,,,,,NVIDIA A100-SXM4-40GB MIG 4g.20gb (0),1,,13,cupy_copy__complex64_complex64
3216637595,2048,167437,26,1,1,128,1,1,16,0.000,0.000,,,,,NVIDIA A100-SXM4-40GB MIG 4g.20gb (0),1,,13,cupy_copy__float32_float32
3216641275,2784,167446,103,1,1,128,1,1,16,0.000,0.000,,,,,NVIDIA A100-SXM4-40GB MIG 4g.20gb (0),1,,13,cupy_copy__complex64_complex64
3216696827,11999,167462,1434,1,1,128,1,1,16,0.000,0.000,,,,,NVIDIA A100-SXM4-40GB MIG 4g.20gb (0),1,,13,cupy_copy__complex64_complex64
3216811993,81407,167467,1,1,1,32,32,1,30,0.000,0.000,,,,,NVIDIA A100-SXM4-40GB MIG 4g.20gb (0),1,,13,"void convert_kernel<__half2, float2>(tensor_layout_any, T1 *, tensor_layout_any, const T2 *)"
3216919800,5600,167470,,,,,,,,,,0.094,16731.388,Pinned,Device,NVIDIA A100-SXM4-40GB MIG 4g.20gb (0),1,,13,[CUDA memcpy Host-to-Device]
3216932952,601976,167471,,,,,,,,,,456.561,758348.552,Device,,NVIDIA A100-SXM4-40GB MIG 4g.20gb (0),1,,13,[CUDA memset]
3217535728,68127,167476,,,,,,,,,,1.235,18126.508,Pinned,Device,NVIDIA A100-SXM4-40GB MIG 4g.20gb (0),1,,13,[CUDA memcpy Host-to-Device]
3217607151,14688,167477,,,,,,,,,,0.197,13385.466,Pinned,Device,NVIDIA A100-SXM4-40GB MIG 4g.20gb (0),1,,13,[CUDA memcpy Host-to-Device]
3217627631,8160,167478,69,4,1,48,1,1,76,0.002,0.000,,,,,NVIDIA A100-SXM4-40GB MIG 4g.20gb (0),1,,13,"void ch_est::windowedChEstPreNoDftSOfdmKernel<float, __half, float, (unsigned int)2, (unsigned int)1, (unsigned short)4>(ch_est::puschRxChEstStatDescr_t *, ch_est::puschRxChEstDynDescr_t *)"
3217639087,6624,167479,137,2,1,24,2,1,44,0.001,0.001,,,,,NVIDIA A100-SXM4-40GB MIG 4g.20gb (0),1,,13,"void ch_est::chEstFilterNoDftSOfdmDispatchKernel<float, __half, float, (unsigned int)2>(ch_est::puschRxChEstStatDescr_t *, ch_est::puschRxChEstDynDescr_t *)"
3217650287,4992,167480,137,2,1,24,2,1,44,0.001,0.001,,,,,NVIDIA A100-SXM4-40GB MIG 4g.20gb (0),1,,13,"void ch_est::chEstFilterNoDftSOfdmDispatchKernel<float, __half, float, (unsigned int)2>(ch_est::puschRxChEstStatDescr_t *, ch_est::puschRxChEstDynDescr_t *)"
3217661679,2880,167491,103,1,1,128,1,1,16,0.000,0.000,,,,,NVIDIA A100-SXM4-40GB MIG 4g.20gb (0),1,,13,cupy_copy__complex64_complex64
3217667503,12543,167501,1434,1,1,128,1,1,16,0.000,0.000,,,,,NVIDIA A100-SXM4-40GB MIG 4g.20gb (0),1,,13,cupy_copy__complex64_complex64
3217686926,2656,167508,103,1,1,128,1,1,16,0.000,0.000,,,,,NVIDIA A100-SXM4-40GB MIG 4g.20gb (0),1,,13,cupy_copy__complex64_complex64
3217693934,83775,167515,1,1,1,32,32,1,30,0.000,0.000,,,,,NVIDIA A100-SXM4-40GB MIG 4g.20gb (0),1,,13,"void convert_kernel<__half2, float2>(tensor_layout_any, T1 *, tensor_layout_any, const T2 *)"
3217806093,6368,167518,,,,,,,,,,0.094,14713.551,Pinned,Device,NVIDIA A100-SXM4-40GB MIG 4g.20gb (0),1,,13,[CUDA memcpy Host-to-Device]
3217818925,47039,167519,,,,,,,,,,35.810,761247.279,Device,,NVIDIA A100-SXM4-40GB MIG 4g.20gb (0),1,,13,[CUDA memset]
3217870220,2112,167521,,,,,,,,,,0.000,37.879,Pinned,Device,NVIDIA A100-SXM4-40GB MIG 4g.20gb (0),1,,13,[CUDA memcpy Host-to-Device]
3217875948,10720,167522,,,,,,,,,,0.197,18340.184,Pinned,Device,NVIDIA A100-SXM4-40GB MIG 4g.20gb (0),1,,13,[CUDA memcpy Host-to-Device]
3217893164,9600,167523,273,1,1,48,1,1,40,0.000,0.001,,,,,NVIDIA A100-SXM4-40GB MIG 4g.20gb (0),1,,13,"void pusch_noise_intf_est::noiseIntfEstNoDftSOfdmKernel<float, __half, float, float, (unsigned int)2, (unsigned int)1, (unsigned char)4, (unsigned char)4>(pusch_noise_intf_est::puschRxNoiseIntfEstDynDescr)"
3217906188,3040,167534,35,1,1,128,1,1,16,0.000,0.000,,,,,NVIDIA A100-SXM4-40GB MIG 4g.20gb (0),1,,13,cupy_copy__complex64_complex64
3217925259,2144,167543,1,1,1,1,1,1,18,0.000,0.000,,,,,NVIDIA A100-SXM4-40GB MIG 4g.20gb (0),1,,13,cupy_copy__float32_float32
3217957899,1600,167549,,,,,,,,,,0.000,2.500,Device,Pageable,NVIDIA A100-SXM4-40GB MIG 4g.20gb (0),1,,7,[CUDA memcpy Device-to-Host]
3218016650,12864,167560,1434,1,1,128,1,1,16,0.000,0.000,,,,,NVIDIA A100-SXM4-40GB MIG 4g.20gb (0),1,,13,cupy_copy__complex64_complex64
3218047562,2816,167567,103,1,1,128,1,1,16,0.000,0.000,,,,,NVIDIA A100-SXM4-40GB MIG 4g.20gb (0),1,,13,cupy_copy__complex64_complex64
3218068234,2400,167574,35,1,1,128,1,1,16,0.000,0.000,,,,,NVIDIA A100-SXM4-40GB MIG 4g.20gb (0),1,,13,cupy_copy__complex64_complex64
3218086601,1728,167581,1,1,1,1,1,1,18,0.000,0.000,,,,,NVIDIA A100-SXM4-40GB MIG 4g.20gb (0),1,,13,cupy_copy__float32_float32
3218218184,87903,167592,1,1,1,32,32,1,30,0.000,0.000,,,,,NVIDIA A100-SXM4-40GB MIG 4g.20gb (0),1,,13,"void convert_kernel<__half2, float2>(tensor_layout_any, T1 *, tensor_layout_any, const T2 *)"
3218334438,5760,167595,,,,,,,,,,0.094,16266.656,Pinned,Device,NVIDIA A100-SXM4-40GB MIG 4g.20gb (0),1,,13,[CUDA memcpy Host-to-Device]
3218348806,3552,167596,,,,,,,,,,1.547,435422.601,Device,,NVIDIA A100-SXM4-40GB MIG 4g.20gb (0),1,,13,[CUDA memset]
3218355686,3008,167601,,,,,,,,,,0.031,10404.230,Pinned,Device,NVIDIA A100-SXM4-40GB MIG 4g.20gb (0),1,,13,[CUDA memcpy Host-to-Device]
3218361382,9280,167602,,,,,,,,,,0.197,21186.085,Pinned,Device,NVIDIA A100-SXM4-40GB MIG 4g.20gb (0),1,,13,[CUDA memcpy Host-to-Device]
3218375942,6688,167603,273,1,1,8,4,1,39,0.002,0.000,,,,,NVIDIA A100-SXM4-40GB MIG 4g.20gb (0),1,,13,"void channel_eq::eqMmseCoefCompLowMimoKernel<float, float, float, (unsigned int)4, (unsigned int)1, (unsigned int)4>(const channel_eq::_puschRxChEqStatDescr *, channel_eq::_puschRxChEqCoefCompDynDescr)"
3218383590,8256,167604,273,1,1,12,11,1,51,0.002,0.000,,,,,NVIDIA A100-SXM4-40GB MIG 4g.20gb (0),1,,13,"void channel_eq::eqMmseSoftDemapKernel<float, __half, __half, float, (unsigned int)4, (unsigned short)16383>(channel_eq::_puschRxChEqStatDescr *, channel_eq::_puschRxChEqSoftDemapDynDescr)"
3218394022,290492,167605,1,1,1,32,32,1,30,0.000,0.000,,,,,NVIDIA A100-SXM4-40GB MIG 4g.20gb (0),1,,13,"void convert_kernel<float2, __half2>(tensor_layout_any, T1 *, tensor_layout_any, const T2 *)"
3218685442,10880,167617,2253,1,1,128,1,1,16,0.000,0.000,,,,,NVIDIA A100-SXM4-40GB MIG 4g.20gb (0),1,,13,cupy_copy__float16_float16
3218697666,3104,167626,282,1,1,128,1,1,16,0.000,0.000,,,,,NVIDIA A100-SXM4-40GB MIG 4g.20gb (0),1,,13,cupy_copy__complex64_complex64
3218702722,2208,167635,26,1,1,128,1,1,16,0.000,0.000,,,,,NVIDIA A100-SXM4-40GB MIG 4g.20gb (0),1,,13,cupy_copy__float32_float32
3218705986,4608,167644,103,1,1,128,1,1,16,0.000,0.000,,,,,NVIDIA A100-SXM4-40GB MIG 4g.20gb (0),1,,13,cupy_copy__complex64_complex64
3218711714,12160,167654,1434,1,1,128,1,1,16,0.000,0.000,,,,,NVIDIA A100-SXM4-40GB MIG 4g.20gb (0),1,,13,cupy_copy__complex64_complex64
3218728001,81151,167659,1,1,1,32,32,1,30,0.000,0.000,,,,,NVIDIA A100-SXM4-40GB MIG 4g.20gb (0),1,,13,"void convert_kernel<__half2, float2>(tensor_layout_any, T1 *, tensor_layout_any, const T2 *)"
3218836320,5504,167662,,,,,,,,,,0.094,17023.251,Pinned,Device,NVIDIA A100-SXM4-40GB MIG 4g.20gb (0),1,,13,[CUDA memcpy Host-to-Device]
3218852448,598169,167663,,,,,,,,,,456.561,762914.166,Device,,NVIDIA A100-SXM4-40GB MIG 4g.20gb (0),1,,13,[CUDA memset]
3219453881,69151,167668,,,,,,,,,,1.235,17858.525,Pinned,Device,NVIDIA A100-SXM4-40GB MIG 4g.20gb (0),1,,13,[CUDA memcpy Host-to-Device]
3219527384,14047,167669,,,,,,,,,,0.197,13996.327,Pinned,Device,NVIDIA A100-SXM4-40GB MIG 4g.20gb (0),1,,13,[CUDA memcpy Host-to-Device]
3219549431,8352,167670,69,4,1,48,1,1,76,0.002,0.000,,,,,NVIDIA A100-SXM4-40GB MIG 4g.20gb (0),1,,13,"void ch_est::windowedChEstPreNoDftSOfdmKernel<float, __half, float, (unsigned int)2, (unsigned int)1, (unsigned short)4>(ch_est::puschRxChEstStatDescr_t *, ch_est::puschRxChEstDynDescr_t *)"
3219561815,6496,167671,137,2,1,24,2,1,44,0.001,0.001,,,,,NVIDIA A100-SXM4-40GB MIG 4g.20gb (0),1,,13,"void ch_est::chEstFilterNoDftSOfdmDispatchKernel<float, __half, float, (unsigned int)2>(ch_est::puschRxChEstStatDescr_t *, ch_est::puschRxChEstDynDescr_t *)"
3219571543,5152,167672,137,2,1,24,2,1,44,0.001,0.001,,,,,NVIDIA A100-SXM4-40GB MIG 4g.20gb (0),1,,13,"void ch_est::chEstFilterNoDftSOfdmDispatchKernel<float, __half, float, (unsigned int)2>(ch_est::puschRxChEstStatDescr_t *, ch_est::puschRxChEstDynDescr_t *)"
3219582263,2528,167683,103,1,1,128,1,1,16,0.000,0.000,,,,,NVIDIA A100-SXM4-40GB MIG 4g.20gb (0),1,,13,cupy_copy__complex64_complex64
3219588887,12640,167693,1434,1,1,128,1,1,16,0.000,0.000,,,,,NVIDIA A100-SXM4-40GB MIG 4g.20gb (0),1,,13,cupy_copy__complex64_complex64
3219603223,2624,167700,103,1,1,128,1,1,16,0.000,0.000,,,,,NVIDIA A100-SXM4-40GB MIG 4g.20gb (0),1,,13,cupy_copy__complex64_complex64
3219608119,84767,167707,1,1,1,32,32,1,30,0.000,0.000,,,,,NVIDIA A100-SXM4-40GB MIG 4g.20gb (0),1,,13,"void convert_kernel<__half2, float2>(tensor_layout_any, T1 *, tensor_layout_any, const T2 *)"
3219721781,8032,167710,,,,,,,,,,0.094,11665.246,Pinned,Device,NVIDIA A100-SXM4-40GB MIG 4g.20gb (0),1,,13,[CUDA memcpy Host-to-Device]
3219738261,47647,167711,,,,,,,,,,35.810,751542.791,Device,,NVIDIA A100-SXM4-40GB MIG 4g.20gb (0),1,,13,[CUDA memset]
3219794004,3968,167713,,,,,,,,,,0.000,20.161,Pinned,Device,NVIDIA A100-SXM4-40GB MIG 4g.20gb (0),1,,13,[CUDA memcpy Host-to-Device]
3219801012,11456,167714,,,,,,,,,,0.197,17161.912,Pinned,Device,NVIDIA A100-SXM4-40GB MIG 4g.20gb (0),1,,13,[CUDA memcpy Host-to-Device]
3219820660,10560,167715,273,1,1,48,1,1,40,0.000,0.001,,,,,NVIDIA A100-SXM4-40GB MIG 4g.20gb (0),1,,13,"void pusch_noise_intf_est::noiseIntfEstNoDftSOfdmKernel<float, __half, float, float, (unsigned int)2, (unsigned int)1, (unsigned char)4, (unsigned char)4>(pusch_noise_intf_est::puschRxNoiseIntfEstDynDescr)"
3219834036,3104,167726,35,1,1,128,1,1,16,0.000,0.000,,,,,NVIDIA A100-SXM4-40GB MIG 4g.20gb (0),1,,13,cupy_copy__complex64_complex64
3219839252,1984,167735,1,1,1,1,1,1,18,0.000,0.000,,,,,NVIDIA A100-SXM4-40GB MIG 4g.20gb (0),1,,13,cupy_copy__float32_float32
3219871603,1600,167741,,,,,,,,,,0.000,2.500,Device,Pageable,NVIDIA A100-SXM4-40GB MIG 4g.20gb (0),1,,7,[CUDA memcpy Device-to-Host]
3219934483,12991,167752,1434,1,1,128,1,1,16,0.000,0.000,,,,,NVIDIA A100-SXM4-40GB MIG 4g.20gb (0),1,,13,cupy_copy__complex64_complex64
3219960434,2848,167759,103,1,1,128,1,1,16,0.000,0.000,,,,,NVIDIA A100-SXM4-40GB MIG 4g.20gb (0),1,,13,cupy_copy__complex64_complex64
3219982450,2400,167766,35,1,1,128,1,1,16,0.000,0.000,,,,,NVIDIA A100-SXM4-40GB MIG 4g.20gb (0),1,,13,cupy_copy__complex64_complex64
3220000114,1856,167773,1,1,1,1,1,1,18,0.000,0.000,,,,,NVIDIA A100-SXM4-40GB MIG 4g.20gb (0),1,,13,cupy_copy__float32_float32
3220131312,81919,167784,1,1,1,32,32,1,30,0.000,0.000,,,,,NVIDIA A100-SXM4-40GB MIG 4g.20gb (0),1,,13,"void convert_kernel<__half2, float2>(tensor_layout_any, T1 *, tensor_layout_any, const T2 *)"
3220240527,5408,167787,,,,,,,,,,0.094,17325.421,Pinned,Device,NVIDIA A100-SXM4-40GB MIG 4g.20gb (0),1,,13,[CUDA memcpy Host-to-Device]
3220256655,3328,167788,,,,,,,,,,1.547,464729.580,Device,,NVIDIA A100-SXM4-40GB MIG 4g.20gb (0),1,,13,[CUDA memset]
3220261871,3039,167793,,,,,,,,,,0.031,10298.105,Pinned,Device,NVIDIA A100-SXM4-40GB MIG 4g.20gb (0),1,,13,[CUDA memcpy Host-to-Device]
3220266958,9728,167794,,,,,,,,,,0.197,20210.516,Pinned,Device,NVIDIA A100-SXM4-40GB MIG 4g.20gb (0),1,,13,[CUDA memcpy Host-to-Device]
3220281006,6304,167795,273,1,1,8,4,1,39,0.002,0.000,,,,,NVIDIA A100-SXM4-40GB MIG 4g.20gb (0),1,,13,"void channel_eq::eqMmseCoefCompLowMimoKernel<float, float, float, (unsigned int)4, (unsigned int)1, (unsigned int)4>(const channel_eq::_puschRxChEqStatDescr *, channel_eq::_puschRxChEqCoefCompDynDescr)"
3220290030,5920,167796,273,1,1,12,11,1,51,0.002,0.000,,,,,NVIDIA A100-SXM4-40GB MIG 4g.20gb (0),1,,13,"void channel_eq::eqMmseSoftDemapKernel<float, __half, __half, float, (unsigned int)4, (unsigned short)16383>(channel_eq::_puschRxChEqStatDescr *, channel_eq::_puschRxChEqSoftDemapDynDescr)"
3220297006,282333,167797,1,1,1,32,32,1,30,0.000,0.000,,,,,NVIDIA A100-SXM4-40GB MIG 4g.20gb (0),1,,13,"void convert_kernel<float2, __half2>(tensor_layout_any, T1 *, tensor_layout_any, const T2 *)"
3220580715,11039,167809,2253,1,1,128,1,1,16,0.000,0.000,,,,,NVIDIA A100-SXM4-40GB MIG 4g.20gb (0),1,,13,cupy_copy__float16_float16
3220593450,3360,167818,282,1,1,128,1,1,16,0.000,0.000,,,,,NVIDIA A100-SXM4-40GB MIG 4g.20gb (0),1,,13,cupy_copy__complex64_complex64
3220599818,2176,167827,26,1,1,128,1,1,16,0.000,0.000,,,,,NVIDIA A100-SXM4-40GB MIG 4g.20gb (0),1,,13,cupy_copy__float32_float32
3220603114,2912,167836,103,1,1,128,1,1,16,0.000,0.000,,,,,NVIDIA A100-SXM4-40GB MIG 4g.20gb (0),1,,13,cupy_copy__complex64_complex64
3220607114,12128,167846,1434,1,1,128,1,1,16,0.000,0.000,,,,,NVIDIA A100-SXM4-40GB MIG 4g.20gb (0),1,,13,cupy_copy__complex64_complex64
3220634154,81887,167851,1,1,1,32,32,1,30,0.000,0.000,,,,,NVIDIA A100-SXM4-40GB MIG 4g.20gb (0),1,,13,"void convert_kernel<__half2, float2>(tensor_layout_any, T1 *, tensor_layout_any, const T2 *)"
3220742761,5344,167854,,,,,,,,,,0.094,17532.864,Pinned,Device,NVIDIA A100-SXM4-40GB MIG 4g.20gb (0),1,,13,[CUDA memcpy Host-to-Device]
3220752776,612057,167855,,,,,,,,,,456.561,745564.832,Device,,NVIDIA A100-SXM4-40GB MIG 4g.20gb (0),1,,13,[CUDA memset]
3221371969,70943,167860,,,,,,,,,,1.235,17406.536,Pinned,Device,NVIDIA A100-SXM4-40GB MIG 4g.20gb (0),1,,13,[CUDA memcpy Host-to-Device]
3221445600,15424,167861,,,,,,,,,,0.197,12746.883,Pinned,Device,NVIDIA A100-SXM4-40GB MIG 4g.20gb (0),1,,13,[CUDA memcpy Host-to-Device]
3221468928,8191,167862,69,4,1,48,1,1,76,0.002,0.000,,,,,NVIDIA A100-SXM4-40GB MIG 4g.20gb (0),1,,13,"void ch_est::windowedChEstPreNoDftSOfdmKernel<float, __half, float, (unsigned int)2, (unsigned int)1, (unsigned short)4>(ch_est::puschRxChEstStatDescr_t *, ch_est::puschRxChEstDynDescr_t *)"
3221480671,6528,167863,137,2,1,24,2,1,44,0.001,0.001,,,,,NVIDIA A100-SXM4-40GB MIG 4g.20gb (0),1,,13,"void ch_est::chEstFilterNoDftSOfdmDispatchKernel<float, __half, float, (unsigned int)2>(ch_est::puschRxChEstStatDescr_t *, ch_est::puschRxChEstDynDescr_t *)"
3221489535,5440,167864,137,2,1,24,2,1,44,0.001,0.001,,,,,NVIDIA A100-SXM4-40GB MIG 4g.20gb (0),1,,13,"void ch_est::chEstFilterNoDftSOfdmDispatchKernel<float, __half, float, (unsigned int)2>(ch_est::puschRxChEstStatDescr_t *, ch_est::puschRxChEstDynDescr_t *)"
3221499711,2688,167875,103,1,1,128,1,1,16,0.000,0.000,,,,,NVIDIA A100-SXM4-40GB MIG 4g.20gb (0),1,,13,cupy_copy__complex64_complex64
3221505215,12960,167885,1434,1,1,128,1,1,16,0.000,0.000,,,,,NVIDIA A100-SXM4-40GB MIG 4g.20gb (0),1,,13,cupy_copy__complex64_complex64
3221520511,3168,167892,103,1,1,128,1,1,16,0.000,0.000,,,,,NVIDIA A100-SXM4-40GB MIG 4g.20gb (0),1,,13,cupy_copy__complex64_complex64
3221526943,83263,167899,1,1,1,32,32,1,30,0.000,0.000,,,,,NVIDIA A100-SXM4-40GB MIG 4g.20gb (0),1,,13,"void convert_kernel<__half2, float2>(tensor_layout_any, T1 *, tensor_layout_any, const T2 *)"
3221639709,9984,167902,,,,,,,,,,0.094,9384.591,Pinned,Device,NVIDIA A100-SXM4-40GB MIG 4g.20gb (0),1,,13,[CUDA memcpy Host-to-Device]
3221658589,48704,167903,,,,,,,,,,35.810,735249.277,Device,,NVIDIA A100-SXM4-40GB MIG 4g.20gb (0),1,,13,[CUDA memset]
3221711933,3552,167905,,,,,,,,,,0.000,22.522,Pinned,Device,NVIDIA A100-SXM4-40GB MIG 4g.20gb (0),1,,13,[CUDA memcpy Host-to-Device]
3221719996,13088,167906,,,,,,,,,,0.197,15021.834,Pinned,Device,NVIDIA A100-SXM4-40GB MIG 4g.20gb (0),1,,13,[CUDA memcpy Host-to-Device]
3221740668,9312,167907,273,1,1,48,1,1,40,0.000,0.001,,,,,NVIDIA A100-SXM4-40GB MIG 4g.20gb (0),1,,13,"void pusch_noise_intf_est::noiseIntfEstNoDftSOfdmKernel<float, __half, float, float, (unsigned int)2, (unsigned int)1, (unsigned char)4, (unsigned char)4>(pusch_noise_intf_est::puschRxNoiseIntfEstDynDescr)"
3221754204,3264,167918,35,1,1,128,1,1,16,0.000,0.000,,,,,NVIDIA A100-SXM4-40GB MIG 4g.20gb (0),1,,13,cupy_copy__complex64_complex64
3221759228,1952,167927,1,1,1,1,1,1,18,0.000,0.000,,,,,NVIDIA A100-SXM4-40GB MIG 4g.20gb (0),1,,13,cupy_copy__float32_float32
3221791196,2560,167933,,,,,,,,,,0.000,1.562,Device,Pageable,NVIDIA A100-SXM4-40GB MIG 4g.20gb (0),1,,7,[CUDA memcpy Device-to-Host]
3221852411,12832,167944,1434,1,1,128,1,1,16,0.000,0.000,,,,,NVIDIA A100-SXM4-40GB MIG 4g.20gb (0),1,,13,cupy_copy__complex64_complex64
3221879195,2847,167951,103,1,1,128,1,1,16,0.000,0.000,,,,,NVIDIA A100-SXM4-40GB MIG 4g.20gb (0),1,,13,cupy_copy__complex64_complex64
3221900698,2368,167958,35,1,1,128,1,1,16,0.000,0.000,,,,,NVIDIA A100-SXM4-40GB MIG 4g.20gb (0),1,,13,cupy_copy__complex64_complex64
3221919034,1728,167965,1,1,1,1,1,1,18,0.000,0.000,,,,,NVIDIA A100-SXM4-40GB MIG 4g.20gb (0),1,,13,cupy_copy__float32_float32
3222051416,87135,167976,1,1,1,32,32,1,30,0.000,0.000,,,,,NVIDIA A100-SXM4-40GB MIG 4g.20gb (0),1,,13,"void convert_kernel<__half2, float2>(tensor_layout_any, T1 *, tensor_layout_any, const T2 *)"
3222166327,5472,167979,,,,,,,,,,0.094,17122.757,Pinned,Device,NVIDIA A100-SXM4-40GB MIG 4g.20gb (0),1,,13,[CUDA memcpy Host-to-Device]
3222180791,3552,167980,,,,,,,,,,1.547,435422.601,Device,,NVIDIA A100-SXM4-40GB MIG 4g.20gb (0),1,,13,[CUDA memset]
3222187575,3264,167985,,,,,,,,,,0.031,9588.218,Pinned,Device,NVIDIA A100-SXM4-40GB MIG 4g.20gb (0),1,,13,[CUDA memcpy Host-to-Device]
3222193271,9408,167986,,,,,,,,,,0.197,20897.858,Pinned,Device,NVIDIA A100-SXM4-40GB MIG 4g.20gb (0),1,,13,[CUDA memcpy Host-to-Device]
3222207958,6336,167987,273,1,1,8,4,1,39,0.002,0.000,,,,,NVIDIA A100-SXM4-40GB MIG 4g.20gb (0),1,,13,"void channel_eq::eqMmseCoefCompLowMimoKernel<float, float, float, (unsigned int)4, (unsigned int)1, (unsigned int)4>(const channel_eq::_puschRxChEqStatDescr *, channel_eq::_puschRxChEqCoefCompDynDescr)"
3222215350,6112,167988,273,1,1,12,11,1,51,0.002,0.000,,,,,NVIDIA A100-SXM4-40GB MIG 4g.20gb (0),1,,13,"void channel_eq::eqMmseSoftDemapKernel<float, __half, __half, float, (unsigned int)4, (unsigned short)16383>(channel_eq::_puschRxChEqStatDescr *, channel_eq::_puschRxChEqSoftDemapDynDescr)"
3222223990,294685,167989,1,1,1,32,32,1,30,0.000,0.000,,,,,NVIDIA A100-SXM4-40GB MIG 4g.20gb (0),1,,13,"void convert_kernel<float2, __half2>(tensor_layout_any, T1 *, tensor_layout_any, const T2 *)"
3222519827,10911,168001,2253,1,1,128,1,1,16,0.000,0.000,,,,,NVIDIA A100-SXM4-40GB MIG 4g.20gb (0),1,,13,cupy_copy__float16_float16
3222533074,2816,168010,282,1,1,128,1,1,16,0.000,0.000,,,,,NVIDIA A100-SXM4-40GB MIG 4g.20gb (0),1,,13,cupy_copy__complex64_complex64
3222537490,2016,168019,26,1,1,128,1,1,16,0.000,0.000,,,,,NVIDIA A100-SXM4-40GB MIG 4g.20gb (0),1,,13,cupy_copy__float32_float32
3222540850,3904,168028,103,1,1,128,1,1,16,0.000,0.000,,,,,NVIDIA A100-SXM4-40GB MIG 4g.20gb (0),1,,13,cupy_copy__complex64_complex64
3222546450,12096,168038,1434,1,1,128,1,1,16,0.000,0.000,,,,,NVIDIA A100-SXM4-40GB MIG 4g.20gb (0),1,,13,cupy_copy__complex64_complex64
3222560658,87103,168043,1,1,1,32,32,1,30,0.000,0.000,,,,,NVIDIA A100-SXM4-40GB MIG 4g.20gb (0),1,,13,"void convert_kernel<__half2, float2>(tensor_layout_any, T1 *, tensor_layout_any, const T2 *)"
3222674609,5312,168046,,,,,,,,,,0.094,17638.553,Pinned,Device,NVIDIA A100-SXM4-40GB MIG 4g.20gb (0),1,,13,[CUDA memcpy Host-to-Device]
3222684401,604312,168047,,,,,,,,,,456.561,755152.622,Device,,NVIDIA A100-SXM4-40GB MIG 4g.20gb (0),1,,13,[CUDA memset]
3223289993,67455,168052,,,,,,,,,,1.235,18306.810,Pinned,Device,NVIDIA A100-SXM4-40GB MIG 4g.20gb (0),1,,13,[CUDA memcpy Host-to-Device]
3223362440,14560,168053,,,,,,,,,,0.197,13503.234,Pinned,Device,NVIDIA A100-SXM4-40GB MIG 4g.20gb (0),1,,13,[CUDA memcpy Host-to-Device]
3223385320,8352,168054,69,4,1,48,1,1,76,0.002,0.000,,,,,NVIDIA A100-SXM4-40GB MIG 4g.20gb (0),1,,13,"void ch_est::windowedChEstPreNoDftSOfdmKernel<float, __half, float, (unsigned int)2, (unsigned int)1, (unsigned short)4>(ch_est::puschRxChEstStatDescr_t *, ch_est::puschRxChEstDynDescr_t *)"
3223396520,6176,168055,137,2,1,24,2,1,44,0.001,0.001,,,,,NVIDIA A100-SXM4-40GB MIG 4g.20gb (0),1,,13,"void ch_est::chEstFilterNoDftSOfdmDispatchKernel<float, __half, float, (unsigned int)2>(ch_est::puschRxChEstStatDescr_t *, ch_est::puschRxChEstDynDescr_t *)"
3223408552,5152,168056,137,2,1,24,2,1,44,0.001,0.001,,,,,NVIDIA A100-SXM4-40GB MIG 4g.20gb (0),1,,13,"void ch_est::chEstFilterNoDftSOfdmDispatchKernel<float, __half, float, (unsigned int)2>(ch_est::puschRxChEstStatDescr_t *, ch_est::puschRxChEstDynDescr_t *)"
3223419143,2752,168067,103,1,1,128,1,1,16,0.000,0.000,,,,,NVIDIA A100-SXM4-40GB MIG 4g.20gb (0),1,,13,cupy_copy__complex64_complex64
3223425031,12480,168077,1434,1,1,128,1,1,16,0.000,0.000,,,,,NVIDIA A100-SXM4-40GB MIG 4g.20gb (0),1,,13,cupy_copy__complex64_complex64
3223445927,2560,168084,103,1,1,128,1,1,16,0.000,0.000,,,,,NVIDIA A100-SXM4-40GB MIG 4g.20gb (0),1,,13,cupy_copy__complex64_complex64
3223452231,85087,168091,1,1,1,32,32,1,30,0.000,0.000,,,,,NVIDIA A100-SXM4-40GB MIG 4g.20gb (0),1,,13,"void convert_kernel<__half2, float2>(tensor_layout_any, T1 *, tensor_layout_any, const T2 *)"
3223565958,8544,168094,,,,,,,,,,0.094,10966.274,Pinned,Device,NVIDIA A100-SXM4-40GB MIG 4g.20gb (0),1,,13,[CUDA memcpy Host-to-Device]
3223581477,47712,168095,,,,,,,,,,35.810,750540.113,Device,,NVIDIA A100-SXM4-40GB MIG 4g.20gb (0),1,,13,[CUDA memset]
3223637029,3360,168097,,,,,,,,,,0.000,23.810,Pinned,Device,NVIDIA A100-SXM4-40GB MIG 4g.20gb (0),1,,13,[CUDA memcpy Host-to-Device]
3223644133,13312,168098,,,,,,,,,,0.197,14769.193,Pinned,Device,NVIDIA A100-SXM4-40GB MIG 4g.20gb (0),1,,13,[CUDA memcpy Host-to-Device]
3223664292,9376,168099,273,1,1,48,1,1,40,0.000,0.001,,,,,NVIDIA A100-SXM4-40GB MIG 4g.20gb (0),1,,13,"void pusch_noise_intf_est::noiseIntfEstNoDftSOfdmKernel<float, __half, float, float, (unsigned int)2, (unsigned int)1, (unsigned char)4, (unsigned char)4>(pusch_noise_intf_est::puschRxNoiseIntfEstDynDescr)"
3223678308,3008,168110,35,1,1,128,1,1,16,0.000,0.000,,,,,NVIDIA A100-SXM4-40GB MIG 4g.20gb (0),1,,13,cupy_copy__complex64_complex64
3223690052,2016,168119,1,1,1,1,1,1,18,0.000,0.000,,,,,NVIDIA A100-SXM4-40GB MIG 4g.20gb (0),1,,13,cupy_copy__float32_float32
3223720772,1920,168125,,,,,,,,,,0.000,2.083,Device,Pageable,NVIDIA A100-SXM4-40GB MIG 4g.20gb (0),1,,7,[CUDA memcpy Device-to-Host]
3223780899,12768,168136,1434,1,1,128,1,1,16,0.000,0.000,,,,,NVIDIA A100-SXM4-40GB MIG 4g.20gb (0),1,,13,cupy_copy__complex64_complex64
3223807811,3648,168143,103,1,1,128,1,1,16,0.000,0.000,,,,,NVIDIA A100-SXM4-40GB MIG 4g.20gb (0),1,,13,cupy_copy__complex64_complex64
3223828546,2304,168150,35,1,1,128,1,1,16,0.000,0.000,,,,,NVIDIA A100-SXM4-40GB MIG 4g.20gb (0),1,,13,cupy_copy__complex64_complex64
3223846658,1728,168157,1,1,1,1,1,1,18,0.000,0.000,,,,,NVIDIA A100-SXM4-40GB MIG 4g.20gb (0),1,,13,cupy_copy__float32_float32
3223978753,81279,168168,1,1,1,32,32,1,30,0.000,0.000,,,,,NVIDIA A100-SXM4-40GB MIG 4g.20gb (0),1,,13,"void convert_kernel<__half2, float2>(tensor_layout_any, T1 *, tensor_layout_any, const T2 *)"
3224087679,5472,168171,,,,,,,,,,0.094,17122.757,Pinned,Device,NVIDIA A100-SXM4-40GB MIG 4g.20gb (0),1,,13,[CUDA memcpy Host-to-Device]
3224103071,3360,168172,,,,,,,,,,1.547,460304.688,Device,,NVIDIA A100-SXM4-40GB MIG 4g.20gb (0),1,,13,[CUDA memset]
3224108831,3072,168177,,,,,,,,,,0.031,10187.474,Pinned,Device,NVIDIA A100-SXM4-40GB MIG 4g.20gb (0),1,,13,[CUDA memcpy Host-to-Device]
3224114335,9408,168178,,,,,,,,,,0.197,20897.858,Pinned,Device,NVIDIA A100-SXM4-40GB MIG 4g.20gb (0),1,,13,[CUDA memcpy Host-to-Device]
3224128095,6432,168179,273,1,1,8,4,1,39,0.002,0.000,,,,,NVIDIA A100-SXM4-40GB MIG 4g.20gb (0),1,,13,"void channel_eq::eqMmseCoefCompLowMimoKernel<float, float, float, (unsigned int)4, (unsigned int)1, (unsigned int)4>(const channel_eq::_puschRxChEqStatDescr *, channel_eq::_puschRxChEqCoefCompDynDescr)"
3224135903,6176,168180,273,1,1,12,11,1,51,0.002,0.000,,,,,NVIDIA A100-SXM4-40GB MIG 4g.20gb (0),1,,13,"void channel_eq::eqMmseSoftDemapKernel<float, __half, __half, float, (unsigned int)4, (unsigned short)16383>(channel_eq::_puschRxChEqStatDescr *, channel_eq::_puschRxChEqSoftDemapDynDescr)"
3224143135,294652,168181,1,1,1,32,32,1,30,0.000,0.000,,,,,NVIDIA A100-SXM4-40GB MIG 4g.20gb (0),1,,13,"void convert_kernel<float2, __half2>(tensor_layout_any, T1 *, tensor_layout_any, const T2 *)"
3224438779,10976,168193,2253,1,1,128,1,1,16,0.000,0.000,,,,,NVIDIA A100-SXM4-40GB MIG 4g.20gb (0),1,,13,cupy_copy__float16_float16
3224453019,2816,168202,282,1,1,128,1,1,16,0.000,0.000,,,,,NVIDIA A100-SXM4-40GB MIG 4g.20gb (0),1,,13,cupy_copy__complex64_complex64
3224458075,2112,168211,26,1,1,128,1,1,16,0.000,0.000,,,,,NVIDIA A100-SXM4-40GB MIG 4g.20gb (0),1,,13,cupy_copy__float32_float32
3224461179,3136,168220,103,1,1,128,1,1,16,0.000,0.000,,,,,NVIDIA A100-SXM4-40GB MIG 4g.20gb (0),1,,13,cupy_copy__complex64_complex64
3224465403,11807,168230,1434,1,1,128,1,1,16,0.000,0.000,,,,,NVIDIA A100-SXM4-40GB MIG 4g.20gb (0),1,,13,cupy_copy__complex64_complex64
3224481914,82815,168235,1,1,1,32,32,1,30,0.000,0.000,,,,,NVIDIA A100-SXM4-40GB MIG 4g.20gb (0),1,,13,"void convert_kernel<__half2, float2>(tensor_layout_any, T1 *, tensor_layout_any, const T2 *)"
3224591961,5568,168238,,,,,,,,,,0.094,16827.521,Pinned,Device,NVIDIA A100-SXM4-40GB MIG 4g.20gb (0),1,,13,[CUDA memcpy Host-to-Device]
3224602329,601432,168239,,,,,,,,,,456.561,758805.113,Device,,NVIDIA A100-SXM4-40GB MIG 4g.20gb (0),1,,13,[CUDA memset]
3225210577,68991,168244,,,,,,,,,,1.235,17899.278,Pinned,Device,NVIDIA A100-SXM4-40GB MIG 4g.20gb (0),1,,13,[CUDA memcpy Host-to-Device]
3225283248,15008,168245,,,,,,,,,,0.197,13100.188,Pinned,Device,NVIDIA A100-SXM4-40GB MIG 4g.20gb (0),1,,13,[CUDA memcpy Host-to-Device]
3225303792,7712,168246,69,4,1,48,1,1,76,0.002,0.000,,,,,NVIDIA A100-SXM4-40GB MIG 4g.20gb (0),1,,13,"void ch_est::windowedChEstPreNoDftSOfdmKernel<float, __half, float, (unsigned int)2, (unsigned int)1, (unsigned short)4>(ch_est::puschRxChEstStatDescr_t *, ch_est::puschRxChEstDynDescr_t *)"
3225313552,6944,168247,137,2,1,24,2,1,44,0.001,0.001,,,,,NVIDIA A100-SXM4-40GB MIG 4g.20gb (0),1,,13,"void ch_est::chEstFilterNoDftSOfdmDispatchKernel<float, __half, float, (unsigned int)2>(ch_est::puschRxChEstStatDescr_t *, ch_est::puschRxChEstDynDescr_t *)"
3225326544,5120,168248,137,2,1,24,2,1,44,0.001,0.001,,,,,NVIDIA A100-SXM4-40GB MIG 4g.20gb (0),1,,13,"void ch_est::chEstFilterNoDftSOfdmDispatchKernel<float, __half, float, (unsigned int)2>(ch_est::puschRxChEstStatDescr_t *, ch_est::puschRxChEstDynDescr_t *)"
3225333360,2784,168259,103,1,1,128,1,1,16,0.000,0.000,,,,,NVIDIA A100-SXM4-40GB MIG 4g.20gb (0),1,,13,cupy_copy__complex64_complex64
3225339184,12384,168269,1434,1,1,128,1,1,16,0.000,0.000,,,,,NVIDIA A100-SXM4-40GB MIG 4g.20gb (0),1,,13,cupy_copy__complex64_complex64
3225355056,2720,168276,103,1,1,128,1,1,16,0.000,0.000,,,,,NVIDIA A100-SXM4-40GB MIG 4g.20gb (0),1,,13,cupy_copy__complex64_complex64
3225363407,84127,168283,1,1,1,32,32,1,30,0.000,0.000,,,,,NVIDIA A100-SXM4-40GB MIG 4g.20gb (0),1,,13,"void convert_kernel<__half2, float2>(tensor_layout_any, T1 *, tensor_layout_any, const T2 *)"
3225475310,8992,168286,,,,,,,,,,0.094,10419.838,Pinned,Device,NVIDIA A100-SXM4-40GB MIG 4g.20gb (0),1,,13,[CUDA memcpy Host-to-Device]
3225492782,48255,168287,,,,,,,,,,35.810,742088.972,Device,,NVIDIA A100-SXM4-40GB MIG 4g.20gb (0),1,,13,[CUDA memset]
3225542669,3488,168289,,,,,,,,,,0.000,22.936,Pinned,Device,NVIDIA A100-SXM4-40GB MIG 4g.20gb (0),1,,13,[CUDA memcpy Host-to-Device]
3225550285,14464,168290,,,,,,,,,,0.197,13592.887,Pinned,Device,NVIDIA A100-SXM4-40GB MIG 4g.20gb (0),1,,13,[CUDA memcpy Host-to-Device]
3225571757,11552,168291,273,1,1,48,1,1,40,0.000,0.001,,,,,NVIDIA A100-SXM4-40GB MIG 4g.20gb (0),1,,13,"void pusch_noise_intf_est::noiseIntfEstNoDftSOfdmKernel<float, __half, float, float, (unsigned int)2, (unsigned int)1, (unsigned char)4, (unsigned char)4>(pusch_noise_intf_est::puschRxNoiseIntfEstDynDescr)"
3225586349,3168,168302,35,1,1,128,1,1,16,0.000,0.000,,,,,NVIDIA A100-SXM4-40GB MIG 4g.20gb (0),1,,13,cupy_copy__complex64_complex64
3225598989,1984,168311,1,1,1,1,1,1,18,0.000,0.000,,,,,NVIDIA A100-SXM4-40GB MIG 4g.20gb (0),1,,13,cupy_copy__float32_float32
3225629356,1664,168317,,,,,,,,,,0.000,2.404,Device,Pageable,NVIDIA A100-SXM4-40GB MIG 4g.20gb (0),1,,7,[CUDA memcpy Device-to-Host]
3225688939,12832,168328,1434,1,1,128,1,1,16,0.000,0.000,,,,,NVIDIA A100-SXM4-40GB MIG 4g.20gb (0),1,,13,cupy_copy__complex64_complex64
3225715083,3392,168335,103,1,1,128,1,1,16,0.000,0.000,,,,,NVIDIA A100-SXM4-40GB MIG 4g.20gb (0),1,,13,cupy_copy__complex64_complex64
3225737067,2560,168342,35,1,1,128,1,1,16,0.000,0.000,,,,,NVIDIA A100-SXM4-40GB MIG 4g.20gb (0),1,,13,cupy_copy__complex64_complex64
3225753515,1824,168349,1,1,1,1,1,1,18,0.000,0.000,,,,,NVIDIA A100-SXM4-40GB MIG 4g.20gb (0),1,,13,cupy_copy__float32_float32
3225885641,83007,168360,1,1,1,32,32,1,30,0.000,0.000,,,,,NVIDIA A100-SXM4-40GB MIG 4g.20gb (0),1,,13,"void convert_kernel<__half2, float2>(tensor_layout_any, T1 *, tensor_layout_any, const T2 *)"
3225996040,5440,168363,,,,,,,,,,0.094,17223.480,Pinned,Device,NVIDIA A100-SXM4-40GB MIG 4g.20gb (0),1,,13,[CUDA memcpy Host-to-Device]
3226010055,3040,168364,,,,,,,,,,1.547,508757.325,Device,,NVIDIA A100-SXM4-40GB MIG 4g.20gb (0),1,,13,[CUDA memset]
3226016743,3200,168369,,,,,,,,,,0.031,9780.000,Pinned,Device,NVIDIA A100-SXM4-40GB MIG 4g.20gb (0),1,,13,[CUDA memcpy Host-to-Device]
3226022439,9376,168370,,,,,,,,,,0.197,20969.226,Pinned,Device,NVIDIA A100-SXM4-40GB MIG 4g.20gb (0),1,,13,[CUDA memcpy Host-to-Device]
3226036007,8352,168371,273,1,1,8,4,1,39,0.002,0.000,,,,,NVIDIA A100-SXM4-40GB MIG 4g.20gb (0),1,,13,"void channel_eq::eqMmseCoefCompLowMimoKernel<float, float, float, (unsigned int)4, (unsigned int)1, (unsigned int)4>(const channel_eq::_puschRxChEqStatDescr *, channel_eq::_puschRxChEqCoefCompDynDescr)"
3226045575,6112,168372,273,1,1,12,11,1,51,0.002,0.000,,,,,NVIDIA A100-SXM4-40GB MIG 4g.20gb (0),1,,13,"void channel_eq::eqMmseSoftDemapKernel<float, __half, __half, float, (unsigned int)4, (unsigned short)16383>(channel_eq::_puschRxChEqStatDescr *, channel_eq::_puschRxChEqSoftDemapDynDescr)"
3226052871,294748,168373,1,1,1,32,32,1,30,0.000,0.000,,,,,NVIDIA A100-SXM4-40GB MIG 4g.20gb (0),1,,13,"void convert_kernel<float2, __half2>(tensor_layout_any, T1 *, tensor_layout_any, const T2 *)"
3226348643,10912,168385,2253,1,1,128,1,1,16,0.000,0.000,,,,,NVIDIA A100-SXM4-40GB MIG 4g.20gb (0),1,,13,cupy_copy__float16_float16
3226361347,3872,168394,282,1,1,128,1,1,16,0.000,0.000,,,,,NVIDIA A100-SXM4-40GB MIG 4g.20gb (0),1,,13,cupy_copy__complex64_complex64
3226366147,2112,168403,26,1,1,128,1,1,16,0.000,0.000,,,,,NVIDIA A100-SXM4-40GB MIG 4g.20gb (0),1,,13,cupy_copy__float32_float32
3226369347,3008,168412,103,1,1,128,1,1,16,0.000,0.000,,,,,NVIDIA A100-SXM4-40GB MIG 4g.20gb (0),1,,13,cupy_copy__complex64_complex64
3226373603,12352,168422,1434,1,1,128,1,1,16,0.000,0.000,,,,,NVIDIA A100-SXM4-40GB MIG 4g.20gb (0),1,,13,cupy_copy__complex64_complex64
3226387715,87583,168427,1,1,1,32,32,1,30,0.000,0.000,,,,,NVIDIA A100-SXM4-40GB MIG 4g.20gb (0),1,,13,"void convert_kernel<__half2, float2>(tensor_layout_any, T1 *, tensor_layout_any, const T2 *)"
3226502273,5664,168430,,,,,,,,,,0.094,16542.310,Pinned,Device,NVIDIA A100-SXM4-40GB MIG 4g.20gb (0),1,,13,[CUDA memcpy Host-to-Device]
3226512225,602233,168431,,,,,,,,,,456.561,757891.990,Device,,NVIDIA A100-SXM4-40GB MIG 4g.20gb (0),1,,13,[CUDA memset]
3227118106,71615,168436,,,,,,,,,,1.235,17243.523,Pinned,Device,NVIDIA A100-SXM4-40GB MIG 4g.20gb (0),1,,13,[CUDA memcpy Host-to-Device]
3227192921,15136,168437,,,,,,,,,,0.197,12989.301,Pinned,Device,NVIDIA A100-SXM4-40GB MIG 4g.20gb (0),1,,13,[CUDA memcpy Host-to-Device]
3227214521,9343,168438,69,4,1,48,1,1,76,0.002,0.000,,,,,NVIDIA A100-SXM4-40GB MIG 4g.20gb (0),1,,13,"void ch_est::windowedChEstPreNoDftSOfdmKernel<float, __half, float, (unsigned int)2, (unsigned int)1, (unsigned short)4>(ch_est::puschRxChEstStatDescr_t *, ch_est::puschRxChEstDynDescr_t *)"
3227225688,7520,168439,137,2,1,24,2,1,44,0.001,0.001,,,,,NVIDIA A100-SXM4-40GB MIG 4g.20gb (0),1,,13,"void ch_est::chEstFilterNoDftSOfdmDispatchKernel<float, __half, float, (unsigned int)2>(ch_est::puschRxChEstStatDescr_t *, ch_est::puschRxChEstDynDescr_t *)"
3227236024,5376,168440,137,2,1,24,2,1,44,0.001,0.001,,,,,NVIDIA A100-SXM4-40GB MIG 4g.20gb (0),1,,13,"void ch_est::chEstFilterNoDftSOfdmDispatchKernel<float, __half, float, (unsigned int)2>(ch_est::puschRxChEstStatDescr_t *, ch_est::puschRxChEstDynDescr_t *)"
3227245240,2560,168451,103,1,1,128,1,1,16,0.000,0.000,,,,,NVIDIA A100-SXM4-40GB MIG 4g.20gb (0),1,,13,cupy_copy__complex64_complex64
3227251672,12416,168461,1434,1,1,128,1,1,16,0.000,0.000,,,,,NVIDIA A100-SXM4-40GB MIG 4g.20gb (0),1,,13,cupy_copy__complex64_complex64
3227267704,2752,168468,103,1,1,128,1,1,16,0.000,0.000,,,,,NVIDIA A100-SXM4-40GB MIG 4g.20gb (0),1,,13,cupy_copy__complex64_complex64
3227274616,83423,168475,1,1,1,32,32,1,30,0.000,0.000,,,,,NVIDIA A100-SXM4-40GB MIG 4g.20gb (0),1,,13,"void convert_kernel<__half2, float2>(tensor_layout_any, T1 *, tensor_layout_any, const T2 *)"
3227387318,9248,168478,,,,,,,,,,0.094,10131.442,Pinned,Device,NVIDIA A100-SXM4-40GB MIG 4g.20gb (0),1,,13,[CUDA memcpy Host-to-Device]
3227401782,48192,168479,,,,,,,,,,35.810,743055.840,Device,,NVIDIA A100-SXM4-40GB MIG 4g.20gb (0),1,,13,[CUDA memset]
3227455478,2112,168481,,,,,,,,,,0.000,37.879,Pinned,Device,NVIDIA A100-SXM4-40GB MIG 4g.20gb (0),1,,13,[CUDA memcpy Host-to-Device]
3227462006,13695,168482,,,,,,,,,,0.197,14356.120,Pinned,Device,NVIDIA A100-SXM4-40GB MIG 4g.20gb (0),1,,13,[CUDA memcpy Host-to-Device]
3227481973,10656,168483,273,1,1,48,1,1,40,0.000,0.001,,,,,NVIDIA A100-SXM4-40GB MIG 4g.20gb (0),1,,13,"void pusch_noise_intf_est::noiseIntfEstNoDftSOfdmKernel<float, __half, float, float, (unsigned int)2, (unsigned int)1, (unsigned char)4, (unsigned char)4>(pusch_noise_intf_est::puschRxNoiseIntfEstDynDescr)"
3227496917,2976,168494,35,1,1,128,1,1,16,0.000,0.000,,,,,NVIDIA A100-SXM4-40GB MIG 4g.20gb (0),1,,13,cupy_copy__complex64_complex64
3227512565,2048,168503,1,1,1,1,1,1,18,0.000,0.000,,,,,NVIDIA A100-SXM4-40GB MIG 4g.20gb (0),1,,13,cupy_copy__float32_float32
3227543316,1600,168509,,,,,,,,,,0.000,2.500,Device,Pageable,NVIDIA A100-SXM4-40GB MIG 4g.20gb (0),1,,7,[CUDA memcpy Device-to-Host]
3227603220,12640,168520,1434,1,1,128,1,1,16,0.000,0.000,,,,,NVIDIA A100-SXM4-40GB MIG 4g.20gb (0),1,,13,cupy_copy__complex64_complex64
3227631507,2624,168527,103,1,1,128,1,1,16,0.000,0.000,,,,,NVIDIA A100-SXM4-40GB MIG 4g.20gb (0),1,,13,cupy_copy__complex64_complex64
3227650963,2816,168534,35,1,1,128,1,1,16,0.000,0.000,,,,,NVIDIA A100-SXM4-40GB MIG 4g.20gb (0),1,,13,cupy_copy__complex64_complex64
3227668595,1760,168541,1,1,1,1,1,1,18,0.000,0.000,,,,,NVIDIA A100-SXM4-40GB MIG 4g.20gb (0),1,,13,cupy_copy__float32_float32
3227801169,82623,168552,1,1,1,32,32,1,30,0.000,0.000,,,,,NVIDIA A100-SXM4-40GB MIG 4g.20gb (0),1,,13,"void convert_kernel<__half2, float2>(tensor_layout_any, T1 *, tensor_layout_any, const T2 *)"
3227911376,5472,168555,,,,,,,,,,0.094,17122.757,Pinned,Device,NVIDIA A100-SXM4-40GB MIG 4g.20gb (0),1,,13,[CUDA memcpy Host-to-Device]
3227925968,3520,168556,,,,,,,,,,1.547,439380.412,Device,,NVIDIA A100-SXM4-40GB MIG 4g.20gb (0),1,,13,[CUDA memset]
3227933552,3232,168561,,,,,,,,,,0.031,9683.139,Pinned,Device,NVIDIA A100-SXM4-40GB MIG 4g.20gb (0),1,,13,[CUDA memcpy Host-to-Device]
3227938864,9535,168562,,,,,,,,,,0.197,20619.461,Pinned,Device,NVIDIA A100-SXM4-40GB MIG 4g.20gb (0),1,,13,[CUDA memcpy Host-to-Device]
3227953615,6400,168563,273,1,1,8,4,1,39,0.002,0.000,,,,,NVIDIA A100-SXM4-40GB MIG 4g.20gb (0),1,,13,"void channel_eq::eqMmseCoefCompLowMimoKernel<float, float, float, (unsigned int)4, (unsigned int)1, (unsigned int)4>(const channel_eq::_puschRxChEqStatDescr *, channel_eq::_puschRxChEqCoefCompDynDescr)"
3227961071,6176,168564,273,1,1,12,11,1,51,0.002,0.000,,,,,NVIDIA A100-SXM4-40GB MIG 4g.20gb (0),1,,13,"void channel_eq::eqMmseSoftDemapKernel<float, __half, __half, float, (unsigned int)4, (unsigned short)16383>(channel_eq::_puschRxChEqStatDescr *, channel_eq::_puschRxChEqSoftDemapDynDescr)"
3227968207,282237,168565,1,1,1,32,32,1,30,0.000,0.000,,,,,NVIDIA A100-SXM4-40GB MIG 4g.20gb (0),1,,13,"void convert_kernel<float2, __half2>(tensor_layout_any, T1 *, tensor_layout_any, const T2 *)"
3228254540,10912,168577,2253,1,1,128,1,1,16,0.000,0.000,,,,,NVIDIA A100-SXM4-40GB MIG 4g.20gb (0),1,,13,cupy_copy__float16_float16
3228268428,3519,168586,282,1,1,128,1,1,16,0.000,0.000,,,,,NVIDIA A100-SXM4-40GB MIG 4g.20gb (0),1,,13,cupy_copy__complex64_complex64
3228273291,2144,168595,26,1,1,128,1,1,16,0.000,0.000,,,,,NVIDIA A100-SXM4-40GB MIG 4g.20gb (0),1,,13,cupy_copy__float32_float32
3228276555,3072,168604,103,1,1,128,1,1,16,0.000,0.000,,,,,NVIDIA A100-SXM4-40GB MIG 4g.20gb (0),1,,13,cupy_copy__complex64_complex64
3228282347,12096,168614,1434,1,1,128,1,1,16,0.000,0.000,,,,,NVIDIA A100-SXM4-40GB MIG 4g.20gb (0),1,,13,cupy_copy__complex64_complex64
3228301387,82271,168619,1,1,1,32,32,1,30,0.000,0.000,,,,,NVIDIA A100-SXM4-40GB MIG 4g.20gb (0),1,,13,"void convert_kernel<__half2, float2>(tensor_layout_any, T1 *, tensor_layout_any, const T2 *)"
3228411562,5504,168622,,,,,,,,,,0.094,17023.251,Pinned,Device,NVIDIA A100-SXM4-40GB MIG 4g.20gb (0),1,,13,[CUDA memcpy Host-to-Device]
3228421642,601784,168623,,,,,,,,,,456.561,758348.552,Device,,NVIDIA A100-SXM4-40GB MIG 4g.20gb (0),1,,13,[CUDA memset]
3229029346,72671,168628,,,,,,,,,,1.235,16992.829,Pinned,Device,NVIDIA A100-SXM4-40GB MIG 4g.20gb (0),1,,13,[CUDA memcpy Host-to-Device]
3229105761,14560,168629,,,,,,,,,,0.197,13503.234,Pinned,Device,NVIDIA A100-SXM4-40GB MIG 4g.20gb (0),1,,13,[CUDA memcpy Host-to-Device]
3229130465,8160,168630,69,4,1,48,1,1,76,0.002,0.000,,,,,NVIDIA A100-SXM4-40GB MIG 4g.20gb (0),1,,13,"void ch_est::windowedChEstPreNoDftSOfdmKernel<float, __half, float, (unsigned int)2, (unsigned int)1, (unsigned short)4>(ch_est::puschRxChEstStatDescr_t *, ch_est::puschRxChEstDynDescr_t *)"
3229144865,6688,168631,137,2,1,24,2,1,44,0.001,0.001,,,,,NVIDIA A100-SXM4-40GB MIG 4g.20gb (0),1,,13,"void ch_est::chEstFilterNoDftSOfdmDispatchKernel<float, __half, float, (unsigned int)2>(ch_est::puschRxChEstStatDescr_t *, ch_est::puschRxChEstDynDescr_t *)"
3229155969,5439,168632,137,2,1,24,2,1,44,0.001,0.001,,,,,NVIDIA A100-SXM4-40GB MIG 4g.20gb (0),1,,13,"void ch_est::chEstFilterNoDftSOfdmDispatchKernel<float, __half, float, (unsigned int)2>(ch_est::puschRxChEstStatDescr_t *, ch_est::puschRxChEstDynDescr_t *)"
3229166688,2688,168643,103,1,1,128,1,1,16,0.000,0.000,,,,,NVIDIA A100-SXM4-40GB MIG 4g.20gb (0),1,,13,cupy_copy__complex64_complex64
3229172576,12544,168653,1434,1,1,128,1,1,16,0.000,0.000,,,,,NVIDIA A100-SXM4-40GB MIG 4g.20gb (0),1,,13,cupy_copy__complex64_complex64
3229189728,2464,168660,103,1,1,128,1,1,16,0.000,0.000,,,,,NVIDIA A100-SXM4-40GB MIG 4g.20gb (0),1,,13,cupy_copy__complex64_complex64
3229195744,83679,168667,1,1,1,32,32,1,30,0.000,0.000,,,,,NVIDIA A100-SXM4-40GB MIG 4g.20gb (0),1,,13,"void convert_kernel<__half2, float2>(tensor_layout_any, T1 *, tensor_layout_any, const T2 *)"
3229308511,8576,168670,,,,,,,,,,0.094,10925.328,Pinned,Device,NVIDIA A100-SXM4-40GB MIG 4g.20gb (0),1,,13,[CUDA memcpy Host-to-Device]
3229322431,47615,168671,,,,,,,,,,35.810,752044.130,Device,,NVIDIA A100-SXM4-40GB MIG 4g.20gb (0),1,,13,[CUDA memset]
3229376638,3328,168673,,,,,,,,,,0.000,24.038,Pinned,Device,NVIDIA A100-SXM4-40GB MIG 4g.20gb (0),1,,13,[CUDA memcpy Host-to-Device]
3229384126,14304,168674,,,,,,,,,,0.197,13744.865,Pinned,Device,NVIDIA A100-SXM4-40GB MIG 4g.20gb (0),1,,13,[CUDA memcpy Host-to-Device]
3229406429,9056,168675,273,1,1,48,1,1,40,0.000,0.001,,,,,NVIDIA A100-SXM4-40GB MIG 4g.20gb (0),1,,13,"void pusch_noise_intf_est::noiseIntfEstNoDftSOfdmKernel<float, __half, float, float, (unsigned int)2, (unsigned int)1, (unsigned char)4, (unsigned char)4>(pusch_noise_intf_est::puschRxNoiseIntfEstDynDescr)"
3229417565,2816,168686,35,1,1,128,1,1,16,0.000,0.000,,,,,NVIDIA A100-SXM4-40GB MIG 4g.20gb (0),1,,13,cupy_copy__complex64_complex64
3229430493,2048,168695,1,1,1,1,1,1,18,0.000,0.000,,,,,NVIDIA A100-SXM4-40GB MIG 4g.20gb (0),1,,13,cupy_copy__float32_float32
3229462717,2304,168701,,,,,,,,,,0.000,1.736,Device,Pageable,NVIDIA A100-SXM4-40GB MIG 4g.20gb (0),1,,7,[CUDA memcpy Device-to-Host]
3229524764,12832,168712,1434,1,1,128,1,1,16,0.000,0.000,,,,,NVIDIA A100-SXM4-40GB MIG 4g.20gb (0),1,,13,cupy_copy__complex64_complex64
3229551324,2752,168719,103,1,1,128,1,1,16,0.000,0.000,,,,,NVIDIA A100-SXM4-40GB MIG 4g.20gb (0),1,,13,cupy_copy__complex64_complex64
3229571611,2272,168726,35,1,1,128,1,1,16,0.000,0.000,,,,,NVIDIA A100-SXM4-40GB MIG 4g.20gb (0),1,,13,cupy_copy__complex64_complex64
3229590619,1792,168733,1,1,1,1,1,1,18,0.000,0.000,,,,,NVIDIA A100-SXM4-40GB MIG 4g.20gb (0),1,,13,cupy_copy__float32_float32
3229722010,82079,168744,1,1,1,32,32,1,30,0.000,0.000,,,,,NVIDIA A100-SXM4-40GB MIG 4g.20gb (0),1,,13,"void convert_kernel<__half2, float2>(tensor_layout_any, T1 *, tensor_layout_any, const T2 *)"
3229831416,5504,168747,,,,,,,,,,0.094,17023.251,Pinned,Device,NVIDIA A100-SXM4-40GB MIG 4g.20gb (0),1,,13,[CUDA memcpy Host-to-Device]
3229845624,3264,168748,,,,,,,,,,1.547,473842.288,Device,,NVIDIA A100-SXM4-40GB MIG 4g.20gb (0),1,,13,[CUDA memset]
3229852888,3008,168753,,,,,,,,,,0.031,10404.230,Pinned,Device,NVIDIA A100-SXM4-40GB MIG 4g.20gb (0),1,,13,[CUDA memcpy Host-to-Device]
3229858488,9408,168754,,,,,,,,,,0.197,20897.858,Pinned,Device,NVIDIA A100-SXM4-40GB MIG 4g.20gb (0),1,,13,[CUDA memcpy Host-to-Device]
3229871896,9632,168755,273,1,1,8,4,1,39,0.002,0.000,,,,,NVIDIA A100-SXM4-40GB MIG 4g.20gb (0),1,,13,"void channel_eq::eqMmseCoefCompLowMimoKernel<float, float, float, (unsigned int)4, (unsigned int)1, (unsigned int)4>(const channel_eq::_puschRxChEqStatDescr *, channel_eq::_puschRxChEqCoefCompDynDescr)"
3229883480,5567,168756,273,1,1,12,11,1,51,0.002,0.000,,,,,NVIDIA A100-SXM4-40GB MIG 4g.20gb (0),1,,13,"void channel_eq::eqMmseSoftDemapKernel<float, __half, __half, float, (unsigned int)4, (unsigned short)16383>(channel_eq::_puschRxChEqStatDescr *, channel_eq::_puschRxChEqSoftDemapDynDescr)"
3229890551,295133,168757,1,1,1,32,32,1,30,0.000,0.000,,,,,NVIDIA A100-SXM4-40GB MIG 4g.20gb (0),1,,13,"void convert_kernel<float2, __half2>(tensor_layout_any, T1 *, tensor_layout_any, const T2 *)"
3230188532,10912,168769,2253,1,1,128,1,1,16,0.000,0.000,,,,,NVIDIA A100-SXM4-40GB MIG 4g.20gb (0),1,,13,cupy_copy__float16_float16
3230200436,2816,168778,282,1,1,128,1,1,16,0.000,0.000,,,,,NVIDIA A100-SXM4-40GB MIG 4g.20gb (0),1,,13,cupy_copy__complex64_complex64
3230205236,2112,168787,26,1,1,128,1,1,16,0.000,0.000,,,,,NVIDIA A100-SXM4-40GB MIG 4g.20gb (0),1,,13,cupy_copy__float32_float32
3230210068,3583,168796,103,1,1,128,1,1,16,0.000,0.000,,,,,NVIDIA A100-SXM4-40GB MIG 4g.20gb (0),1,,13,cupy_copy__complex64_complex64
3230216275,12256,168806,1434,1,1,128,1,1,16,0.000,0.000,,,,,NVIDIA A100-SXM4-40GB MIG 4g.20gb (0),1,,13,cupy_copy__complex64_complex64
3230232211,84735,168811,1,1,1,32,32,1,30,0.000,0.000,,,,,NVIDIA A100-SXM4-40GB MIG 4g.20gb (0),1,,13,"void convert_kernel<__half2, float2>(tensor_layout_any, T1 *, tensor_layout_any, const T2 *)"
3230344050,5344,168814,,,,,,,,,,0.094,17532.864,Pinned,Device,NVIDIA A100-SXM4-40GB MIG 4g.20gb (0),1,,13,[CUDA memcpy Host-to-Device]
3230354162,613144,168815,,,,,,,,,,456.561,744195.147,Device,,NVIDIA A100-SXM4-40GB MIG 4g.20gb (0),1,,13,[CUDA memset]
3230970506,67615,168820,,,,,,,,,,1.235,18263.587,Pinned,Device,NVIDIA A100-SXM4-40GB MIG 4g.20gb (0),1,,13,[CUDA memcpy Host-to-Device]
3231043593,16096,168821,,,,,,,,,,0.197,12214.665,Pinned,Device,NVIDIA A100-SXM4-40GB MIG 4g.20gb (0),1,,13,[CUDA memcpy Host-to-Device]
3231065801,8992,168822,69,4,1,48,1,1,76,0.002,0.000,,,,,NVIDIA A100-SXM4-40GB MIG 4g.20gb (0),1,,13,"void ch_est::windowedChEstPreNoDftSOfdmKernel<float, __half, float, (unsigned int)2, (unsigned int)1, (unsigned short)4>(ch_est::puschRxChEstStatDescr_t *, ch_est::puschRxChEstDynDescr_t *)"
3231076873,7424,168823,137,2,1,24,2,1,44,0.001,0.001,,,,,NVIDIA A100-SXM4-40GB MIG 4g.20gb (0),1,,13,"void ch_est::chEstFilterNoDftSOfdmDispatchKernel<float, __half, float, (unsigned int)2>(ch_est::puschRxChEstStatDescr_t *, ch_est::puschRxChEstDynDescr_t *)"
3231089065,5440,168824,137,2,1,24,2,1,44,0.001,0.001,,,,,NVIDIA A100-SXM4-40GB MIG 4g.20gb (0),1,,13,"void ch_est::chEstFilterNoDftSOfdmDispatchKernel<float, __half, float, (unsigned int)2>(ch_est::puschRxChEstStatDescr_t *, ch_est::puschRxChEstDynDescr_t *)"
3231100073,2847,168835,103,1,1,128,1,1,16,0.000,0.000,,,,,NVIDIA A100-SXM4-40GB MIG 4g.20gb (0),1,,13,cupy_copy__complex64_complex64
3231106056,12768,168845,1434,1,1,128,1,1,16,0.000,0.000,,,,,NVIDIA A100-SXM4-40GB MIG 4g.20gb (0),1,,13,cupy_copy__complex64_complex64
3231127016,2496,168852,103,1,1,128,1,1,16,0.000,0.000,,,,,NVIDIA A100-SXM4-40GB MIG 4g.20gb (0),1,,13,cupy_copy__complex64_complex64
3231134344,88639,168859,1,1,1,32,32,1,30,0.000,0.000,,,,,NVIDIA A100-SXM4-40GB MIG 4g.20gb (0),1,,13,"void convert_kernel<__half2, float2>(tensor_layout_any, T1 *, tensor_layout_any, const T2 *)"
3231255719,10271,168862,,,,,,,,,,0.094,9122.336,Pinned,Device,NVIDIA A100-SXM4-40GB MIG 4g.20gb (0),1,,13,[CUDA memcpy Host-to-Device]
3231274726,48128,168863,,,,,,,,,,35.810,744022.708,Device,,NVIDIA A100-SXM4-40GB MIG 4g.20gb (0),1,,13,[CUDA memset]
3231323622,3744,168865,,,,,,,,,,0.000,21.368,Pinned,Device,NVIDIA A100-SXM4-40GB MIG 4g.20gb (0),1,,13,[CUDA memcpy Host-to-Device]
3231330694,14527,168866,,,,,,,,,,0.197,13533.905,Pinned,Device,NVIDIA A100-SXM4-40GB MIG 4g.20gb (0),1,,13,[CUDA memcpy Host-to-Device]
3231354693,11136,168867,273,1,1,48,1,1,40,0.000,0.001,,,,,NVIDIA A100-SXM4-40GB MIG 4g.20gb (0),1,,13,"void pusch_noise_intf_est::noiseIntfEstNoDftSOfdmKernel<float, __half, float, float, (unsigned int)2, (unsigned int)1, (unsigned char)4, (unsigned char)4>(pusch_noise_intf_est::puschRxNoiseIntfEstDynDescr)"
3231370885,2880,168878,35,1,1,128,1,1,16,0.000,0.000,,,,,NVIDIA A100-SXM4-40GB MIG 4g.20gb (0),1,,13,cupy_copy__complex64_complex64
3231378693,1824,168887,1,1,1,1,1,1,18,0.000,0.000,,,,,NVIDIA A100-SXM4-40GB MIG 4g.20gb (0),1,,13,cupy_copy__float32_float32
3231408645,1568,168893,,,,,,,,,,0.000,2.551,Device,Pageable,NVIDIA A100-SXM4-40GB MIG 4g.20gb (0),1,,7,[CUDA memcpy Device-to-Host]
3231469092,12768,168904,1434,1,1,128,1,1,16,0.000,0.000,,,,,NVIDIA A100-SXM4-40GB MIG 4g.20gb (0),1,,13,cupy_copy__complex64_complex64
3231496228,2816,168911,103,1,1,128,1,1,16,0.000,0.000,,,,,NVIDIA A100-SXM4-40GB MIG 4g.20gb (0),1,,13,cupy_copy__complex64_complex64
3231517155,2240,168918,35,1,1,128,1,1,16,0.000,0.000,,,,,NVIDIA A100-SXM4-40GB MIG 4g.20gb (0),1,,13,cupy_copy__complex64_complex64
3231534819,1760,168925,1,1,1,1,1,1,18,0.000,0.000,,,,,NVIDIA A100-SXM4-40GB MIG 4g.20gb (0),1,,13,cupy_copy__float32_float32
3231666594,82175,168936,1,1,1,32,32,1,30,0.000,0.000,,,,,NVIDIA A100-SXM4-40GB MIG 4g.20gb (0),1,,13,"void convert_kernel<__half2, float2>(tensor_layout_any, T1 *, tensor_layout_any, const T2 *)"
3231776288,5504,168939,,,,,,,,,,0.094,17023.251,Pinned,Device,NVIDIA A100-SXM4-40GB MIG 4g.20gb (0),1,,13,[CUDA memcpy Host-to-Device]
3231791040,3360,168940,,,,,,,,,,1.547,460304.688,Device,,NVIDIA A100-SXM4-40GB MIG 4g.20gb (0),1,,13,[CUDA memset]
3231797856,3104,168945,,,,,,,,,,0.031,10082.445,Pinned,Device,NVIDIA A100-SXM4-40GB MIG 4g.20gb (0),1,,13,[CUDA memcpy Host-to-Device]
3231803456,9472,168946,,,,,,,,,,0.197,20756.693,Pinned,Device,NVIDIA A100-SXM4-40GB MIG 4g.20gb (0),1,,13,[CUDA memcpy Host-to-Device]
3231818400,8000,168947,273,1,1,8,4,1,39,0.002,0.000,,,,,NVIDIA A100-SXM4-40GB MIG 4g.20gb (0),1,,13,"void channel_eq::eqMmseCoefCompLowMimoKernel<float, float, float, (unsigned int)4, (unsigned int)1, (unsigned int)4>(const channel_eq::_puschRxChEqStatDescr *, channel_eq::_puschRxChEqCoefCompDynDescr)"
3231827552,5727,168948,273,1,1,12,11,1,51,0.002,0.000,,,,,NVIDIA A100-SXM4-40GB MIG 4g.20gb (0),1,,13,"void channel_eq::eqMmseSoftDemapKernel<float, __half, __half, float, (unsigned int)4, (unsigned short)16383>(channel_eq::_puschRxChEqStatDescr *, channel_eq::_puschRxChEqSoftDemapDynDescr)"
3231834719,294333,168949,1,1,1,32,32,1,30,0.000,0.000,,,,,NVIDIA A100-SXM4-40GB MIG 4g.20gb (0),1,,13,"void convert_kernel<float2, __half2>(tensor_layout_any, T1 *, tensor_layout_any, const T2 *)"
3232130236,10624,168961,2253,1,1,128,1,1,16,0.000,0.000,,,,,NVIDIA A100-SXM4-40GB MIG 4g.20gb (0),1,,13,cupy_copy__float16_float16
3232143132,3392,168970,282,1,1,128,1,1,16,0.000,0.000,,,,,NVIDIA A100-SXM4-40GB MIG 4g.20gb (0),1,,13,cupy_copy__complex64_complex64
3232150332,2240,168979,26,1,1,128,1,1,16,0.000,0.000,,,,,NVIDIA A100-SXM4-40GB MIG 4g.20gb (0),1,,13,cupy_copy__float32_float32
3232153564,3007,168988,103,1,1,128,1,1,16,0.000,0.000,,,,,NVIDIA A100-SXM4-40GB MIG 4g.20gb (0),1,,13,cupy_copy__complex64_complex64
3232157723,12064,168998,1434,1,1,128,1,1,16,0.000,0.000,,,,,NVIDIA A100-SXM4-40GB MIG 4g.20gb (0),1,,13,cupy_copy__complex64_complex64
3232173211,90559,169003,1,1,1,32,32,1,30,0.000,0.000,,,,,NVIDIA A100-SXM4-40GB MIG 4g.20gb (0),1,,13,"void convert_kernel<__half2, float2>(tensor_layout_any, T1 *, tensor_layout_any, const T2 *)"
3232290266,5408,169006,,,,,,,,,,0.094,17325.421,Pinned,Device,NVIDIA A100-SXM4-40GB MIG 4g.20gb (0),1,,13,[CUDA memcpy Host-to-Device]
3232300506,607640,169007,,,,,,,,,,456.561,751043.569,Device,,NVIDIA A100-SXM4-40GB MIG 4g.20gb (0),1,,13,[CUDA memset]
3232911282,68895,169012,,,,,,,,,,1.235,17923.977,Pinned,Device,NVIDIA A100-SXM4-40GB MIG 4g.20gb (0),1,,13,[CUDA memcpy Host-to-Device]
3232984753,14656,169013,,,,,,,,,,0.197,13414.760,Pinned,Device,NVIDIA A100-SXM4-40GB MIG 4g.20gb (0),1,,13,[CUDA memcpy Host-to-Device]
3233009585,8288,169014,69,4,1,48,1,1,76,0.002,0.000,,,,,NVIDIA A100-SXM4-40GB MIG 4g.20gb (0),1,,13,"void ch_est::windowedChEstPreNoDftSOfdmKernel<float, __half, float, (unsigned int)2, (unsigned int)1, (unsigned short)4>(ch_est::puschRxChEstStatDescr_t *, ch_est::puschRxChEstDynDescr_t *)"
3233021585,6368,169015,137,2,1,24,2,1,44,0.001,0.001,,,,,NVIDIA A100-SXM4-40GB MIG 4g.20gb (0),1,,13,"void ch_est::chEstFilterNoDftSOfdmDispatchKernel<float, __half, float, (unsigned int)2>(ch_est::puschRxChEstStatDescr_t *, ch_est::puschRxChEstDynDescr_t *)"
3233030737,5408,169016,137,2,1,24,2,1,44,0.001,0.001,,,,,NVIDIA A100-SXM4-40GB MIG 4g.20gb (0),1,,13,"void ch_est::chEstFilterNoDftSOfdmDispatchKernel<float, __half, float, (unsigned int)2>(ch_est::puschRxChEstStatDescr_t *, ch_est::puschRxChEstDynDescr_t *)"
3233037841,2464,169027,103,1,1,128,1,1,16,0.000,0.000,,,,,NVIDIA A100-SXM4-40GB MIG 4g.20gb (0),1,,13,cupy_copy__complex64_complex64
3233043345,12735,169037,1434,1,1,128,1,1,16,0.000,0.000,,,,,NVIDIA A100-SXM4-40GB MIG 4g.20gb (0),1,,13,cupy_copy__complex64_complex64
3233057872,2592,169044,103,1,1,128,1,1,16,0.000,0.000,,,,,NVIDIA A100-SXM4-40GB MIG 4g.20gb (0),1,,13,cupy_copy__complex64_complex64
3233063888,83231,169051,1,1,1,32,32,1,30,0.000,0.000,,,,,NVIDIA A100-SXM4-40GB MIG 4g.20gb (0),1,,13,"void convert_kernel<__half2, float2>(tensor_layout_any, T1 *, tensor_layout_any, const T2 *)"
3233177103,8896,169054,,,,,,,,,,0.094,10532.367,Pinned,Device,NVIDIA A100-SXM4-40GB MIG 4g.20gb (0),1,,13,[CUDA memcpy Host-to-Device]
3233191151,47519,169055,,,,,,,,,,35.810,753583.956,Device,,NVIDIA A100-SXM4-40GB MIG 4g.20gb (0),1,,13,[CUDA memset]
3233242574,3136,169057,,,,,,,,,,0.000,25.510,Pinned,Device,NVIDIA A100-SXM4-40GB MIG 4g.20gb (0),1,,13,[CUDA memcpy Host-to-Device]
3233249358,13696,169058,,,,,,,,,,0.197,14355.137,Pinned,Device,NVIDIA A100-SXM4-40GB MIG 4g.20gb (0),1,,13,[CUDA memcpy Host-to-Device]
3233268238,12512,169059,273,1,1,48,1,1,40,0.000,0.001,,,,,NVIDIA A100-SXM4-40GB MIG 4g.20gb (0),1,,13,"void pusch_noise_intf_est::noiseIntfEstNoDftSOfdmKernel<float, __half, float, float, (unsigned int)2, (unsigned int)1, (unsigned char)4, (unsigned char)4>(pusch_noise_intf_est::puschRxNoiseIntfEstDynDescr)"
3233283758,2943,169070,35,1,1,128,1,1,16,0.000,0.000,,,,,NVIDIA A100-SXM4-40GB MIG 4g.20gb (0),1,,13,cupy_copy__complex64_complex64
3233298189,1920,169079,1,1,1,1,1,1,18,0.000,0.000,,,,,NVIDIA A100-SXM4-40GB MIG 4g.20gb (0),1,,13,cupy_copy__float32_float32
3233327309,1792,169085,,,,,,,,,,0.000,2.232,Device,Pageable,NVIDIA A100-SXM4-40GB MIG 4g.20gb (0),1,,7,[CUDA memcpy Device-to-Host]
3233388108,12992,169096,1434,1,1,128,1,1,16,0.000,0.000,,,,,NVIDIA A100-SXM4-40GB MIG 4g.20gb (0),1,,13,cupy_copy__complex64_complex64
3233413580,2912,169103,103,1,1,128,1,1,16,0.000,0.000,,,,,NVIDIA A100-SXM4-40GB MIG 4g.20gb (0),1,,13,cupy_copy__complex64_complex64
3233433356,2208,169110,35,1,1,128,1,1,16,0.000,0.000,,,,,NVIDIA A100-SXM4-40GB MIG 4g.20gb (0),1,,13,cupy_copy__complex64_complex64
3233451243,1952,169117,1,1,1,1,1,1,18,0.000,0.000,,,,,NVIDIA A100-SXM4-40GB MIG 4g.20gb (0),1,,13,cupy_copy__float32_float32
3233582250,82015,169128,1,1,1,32,32,1,30,0.000,0.000,,,,,NVIDIA A100-SXM4-40GB MIG 4g.20gb (0),1,,13,"void convert_kernel<__half2, float2>(tensor_layout_any, T1 *, tensor_layout_any, const T2 *)"
3233691144,5632,169131,,,,,,,,,,0.094,16636.287,Pinned,Device,NVIDIA A100-SXM4-40GB MIG 4g.20gb (0),1,,13,[CUDA memcpy Host-to-Device]
3233705384,3392,169132,,,,,,,,,,1.547,455961.768,Device,,NVIDIA A100-SXM4-40GB MIG 4g.20gb (0),1,,13,[CUDA memset]
3233712328,3328,169137,,,,,,,,,,0.031,9403.822,Pinned,Device,NVIDIA A100-SXM4-40GB MIG 4g.20gb (0),1,,13,[CUDA memcpy Host-to-Device]
3233717768,9344,169138,,,,,,,,,,0.197,21040.988,Pinned,Device,NVIDIA A100-SXM4-40GB MIG 4g.20gb (0),1,,13,[CUDA memcpy Host-to-Device]
3233732136,6752,169139,273,1,1,8,4,1,39,0.002,0.000,,,,,NVIDIA A100-SXM4-40GB MIG 4g.20gb (0),1,,13,"void channel_eq::eqMmseCoefCompLowMimoKernel<float, float, float, (unsigned int)4, (unsigned int)1, (unsigned int)4>(const channel_eq::_puschRxChEqStatDescr *, channel_eq::_puschRxChEqCoefCompDynDescr)"
3233739848,6496,169140,273,1,1,12,11,1,51,0.002,0.000,,,,,NVIDIA A100-SXM4-40GB MIG 4g.20gb (0),1,,13,"void channel_eq::eqMmseSoftDemapKernel<float, __half, __half, float, (unsigned int)4, (unsigned short)16383>(channel_eq::_puschRxChEqStatDescr *, channel_eq::_puschRxChEqSoftDemapDynDescr)"
3233747272,282844,169141,1,1,1,32,32,1,30,0.000,0.000,,,,,NVIDIA A100-SXM4-40GB MIG 4g.20gb (0),1,,13,"void convert_kernel<float2, __half2>(tensor_layout_any, T1 *, tensor_layout_any, const T2 *)"
3234032612,11072,169153,2253,1,1,128,1,1,16,0.000,0.000,,,,,NVIDIA A100-SXM4-40GB MIG 4g.20gb (0),1,,13,cupy_copy__float16_float16
3234046980,3456,169162,282,1,1,128,1,1,16,0.000,0.000,,,,,NVIDIA A100-SXM4-40GB MIG 4g.20gb (0),1,,13,cupy_copy__complex64_complex64
3234052836,2080,169171,26,1,1,128,1,1,16,0.000,0.000,,,,,NVIDIA A100-SXM4-40GB MIG 4g.20gb (0),1,,13,cupy_copy__float32_float32
3234057732,3072,169180,103,1,1,128,1,1,16,0.000,0.000,,,,,NVIDIA A100-SXM4-40GB MIG 4g.20gb (0),1,,13,cupy_copy__complex64_complex64
3234061732,12096,169190,1434,1,1,128,1,1,16,0.000,0.000,,,,,NVIDIA A100-SXM4-40GB MIG 4g.20gb (0),1,,13,cupy_copy__complex64_complex64
3234082564,81535,169195,1,1,1,32,32,1,30,0.000,0.000,,,,,NVIDIA A100-SXM4-40GB MIG 4g.20gb (0),1,,13,"void convert_kernel<__half2, float2>(tensor_layout_any, T1 *, tensor_layout_any, const T2 *)"
3234190722,5376,169198,,,,,,,,,,0.094,17428.487,Pinned,Device,NVIDIA A100-SXM4-40GB MIG 4g.20gb (0),1,,13,[CUDA memcpy Host-to-Device]
3234200642,603481,169199,,,,,,,,,,456.561,756522.306,Device,,NVIDIA A100-SXM4-40GB MIG 4g.20gb (0),1,,13,[CUDA memset]
3234809755,69279,169204,,,,,,,,,,1.235,17825.182,Pinned,Device,NVIDIA A100-SXM4-40GB MIG 4g.20gb (0),1,,13,[CUDA memcpy Host-to-Device]
3234881850,14688,169205,,,,,,,,,,0.197,13385.466,Pinned,Device,NVIDIA A100-SXM4-40GB MIG 4g.20gb (0),1,,13,[CUDA memcpy Host-to-Device]
3234904345,8256,169206,69,4,1,48,1,1,76,0.002,0.000,,,,,NVIDIA A100-SXM4-40GB MIG 4g.20gb (0),1,,13,"void ch_est::windowedChEstPreNoDftSOfdmKernel<float, __half, float, (unsigned int)2, (unsigned int)1, (unsigned short)4>(ch_est::puschRxChEstStatDescr_t *, ch_est::puschRxChEstDynDescr_t *)"
3234915769,6688,169207,137,2,1,24,2,1,44,0.001,0.001,,,,,NVIDIA A100-SXM4-40GB MIG 4g.20gb (0),1,,13,"void ch_est::chEstFilterNoDftSOfdmDispatchKernel<float, __half, float, (unsigned int)2>(ch_est::puschRxChEstStatDescr_t *, ch_est::puschRxChEstDynDescr_t *)"
3234928153,5568,169208,137,2,1,24,2,1,44,0.001,0.001,,,,,NVIDIA A100-SXM4-40GB MIG 4g.20gb (0),1,,13,"void ch_est::chEstFilterNoDftSOfdmDispatchKernel<float, __half, float, (unsigned int)2>(ch_est::puschRxChEstStatDescr_t *, ch_est::puschRxChEstDynDescr_t *)"
3234938489,2528,169219,103,1,1,128,1,1,16,0.000,0.000,,,,,NVIDIA A100-SXM4-40GB MIG 4g.20gb (0),1,,13,cupy_copy__complex64_complex64
3234945049,12448,169229,1434,1,1,128,1,1,16,0.000,0.000,,,,,NVIDIA A100-SXM4-40GB MIG 4g.20gb (0),1,,13,cupy_copy__complex64_complex64
3234965945,2624,169236,103,1,1,128,1,1,16,0.000,0.000,,,,,NVIDIA A100-SXM4-40GB MIG 4g.20gb (0),1,,13,cupy_copy__complex64_complex64
3234972121,83391,169243,1,1,1,32,32,1,30,0.000,0.000,,,,,NVIDIA A100-SXM4-40GB MIG 4g.20gb (0),1,,13,"void convert_kernel<__half2, float2>(tensor_layout_any, T1 *, tensor_layout_any, const T2 *)"
3235085879,9152,169246,,,,,,,,,,0.094,10237.693,Pinned,Device,NVIDIA A100-SXM4-40GB MIG 4g.20gb (0),1,,13,[CUDA memcpy Host-to-Device]
3235100183,47679,169247,,,,,,,,,,35.810,751041.452,Device,,NVIDIA A100-SXM4-40GB MIG 4g.20gb (0),1,,13,[CUDA memset]
3235153814,3680,169249,,,,,,,,,,0.000,21.739,Pinned,Device,NVIDIA A100-SXM4-40GB MIG 4g.20gb (0),1,,13,[CUDA memcpy Host-to-Device]
3235161462,12928,169250,,,,,,,,,,0.197,15207.825,Pinned,Device,NVIDIA A100-SXM4-40GB MIG 4g.20gb (0),1,,13,[CUDA memcpy Host-to-Device]
3235184054,11968,169251,273,1,1,48,1,1,40,0.000,0.001,,,,,NVIDIA A100-SXM4-40GB MIG 4g.20gb (0),1,,13,"void pusch_noise_intf_est::noiseIntfEstNoDftSOfdmKernel<float, __half, float, float, (unsigned int)2, (unsigned int)1, (unsigned char)4, (unsigned char)4>(pusch_noise_intf_est::puschRxNoiseIntfEstDynDescr)"
3235198486,3040,169262,35,1,1,128,1,1,16,0.000,0.000,,,,,NVIDIA A100-SXM4-40GB MIG 4g.20gb (0),1,,13,cupy_copy__complex64_complex64
3235207030,1888,169271,1,1,1,1,1,1,18,0.000,0.000,,,,,NVIDIA A100-SXM4-40GB MIG 4g.20gb (0),1,,13,cupy_copy__float32_float32
3235237781,2080,169277,,,,,,,,,,0.000,1.923,Device,Pageable,NVIDIA A100-SXM4-40GB MIG 4g.20gb (0),1,,7,[CUDA memcpy Device-to-Host]
3235298709,13311,169288,1434,1,1,128,1,1,16,0.000,0.000,,,,,NVIDIA A100-SXM4-40GB MIG 4g.20gb (0),1,,13,cupy_copy__complex64_complex64
3235324500,2592,169295,103,1,1,128,1,1,16,0.000,0.000,,,,,NVIDIA A100-SXM4-40GB MIG 4g.20gb (0),1,,13,cupy_copy__complex64_complex64
3235345620,2208,169302,35,1,1,128,1,1,16,0.000,0.000,,,,,NVIDIA A100-SXM4-40GB MIG 4g.20gb (0),1,,13,cupy_copy__complex64_complex64
3235363540,1728,169309,1,1,1,1,1,1,18,0.000,0.000,,,,,NVIDIA A100-SXM4-40GB MIG 4g.20gb (0),1,,13,cupy_copy__float32_float32
3235493170,82879,169320,1,1,1,32,32,1,30,0.000,0.000,,,,,NVIDIA A100-SXM4-40GB MIG 4g.20gb (0),1,,13,"void convert_kernel<__half2, float2>(tensor_layout_any, T1 *, tensor_layout_any, const T2 *)"
3235603601,5440,169323,,,,,,,,,,0.094,17223.480,Pinned,Device,NVIDIA A100-SXM4-40GB MIG 4g.20gb (0),1,,13,[CUDA memcpy Host-to-Device]
3235618161,3232,169324,,,,,,,,,,1.547,478533.199,Device,,NVIDIA A100-SXM4-40GB MIG 4g.20gb (0),1,,13,[CUDA memset]
3235624593,3040,169329,,,,,,,,,,0.031,10294.725,Pinned,Device,NVIDIA A100-SXM4-40GB MIG 4g.20gb (0),1,,13,[CUDA memcpy Host-to-Device]
3235630257,9343,169330,,,,,,,,,,0.197,21043.347,Pinned,Device,NVIDIA A100-SXM4-40GB MIG 4g.20gb (0),1,,13,[CUDA memcpy Host-to-Device]
3235643376,6080,169331,273,1,1,8,4,1,39,0.002,0.000,,,,,NVIDIA A100-SXM4-40GB MIG 4g.20gb (0),1,,13,"void channel_eq::eqMmseCoefCompLowMimoKernel<float, float, float, (unsigned int)4, (unsigned int)1, (unsigned int)4>(const channel_eq::_puschRxChEqStatDescr *, channel_eq::_puschRxChEqCoefCompDynDescr)"
3235650448,6304,169332,273,1,1,12,11,1,51,0.002,0.000,,,,,NVIDIA A100-SXM4-40GB MIG 4g.20gb (0),1,,13,"void channel_eq::eqMmseSoftDemapKernel<float, __half, __half, float, (unsigned int)4, (unsigned short)16383>(channel_eq::_puschRxChEqStatDescr *, channel_eq::_puschRxChEqSoftDemapDynDescr)"
3235659856,279133,169333,1,1,1,32,32,1,30,0.000,0.000,,,,,NVIDIA A100-SXM4-40GB MIG 4g.20gb (0),1,,13,"void convert_kernel<float2, __half2>(tensor_layout_any, T1 *, tensor_layout_any, const T2 *)"
3235940813,11008,169345,2253,1,1,128,1,1,16,0.000,0.000,,,,,NVIDIA A100-SXM4-40GB MIG 4g.20gb (0),1,,13,cupy_copy__float16_float16
3235956396,3264,169354,282,1,1,128,1,1,16,0.000,0.000,,,,,NVIDIA A100-SXM4-40GB MIG 4g.20gb (0),1,,13,cupy_copy__complex64_complex64
3235961612,2112,169363,26,1,1,128,1,1,16,0.000,0.000,,,,,NVIDIA A100-SXM4-40GB MIG 4g.20gb (0),1,,13,cupy_copy__float32_float32
3235964684,3296,169372,103,1,1,128,1,1,16,0.000,0.000,,,,,NVIDIA A100-SXM4-40GB MIG 4g.20gb (0),1,,13,cupy_copy__complex64_complex64
3235969164,11936,169382,1434,1,1,128,1,1,16,0.000,0.000,,,,,NVIDIA A100-SXM4-40GB MIG 4g.20gb (0),1,,13,cupy_copy__complex64_complex64
3235992780,82367,169387,1,1,1,32,32,1,30,0.000,0.000,,,,,NVIDIA A100-SXM4-40GB MIG 4g.20gb (0),1,,13,"void convert_kernel<__half2, float2>(tensor_layout_any, T1 *, tensor_layout_any, const T2 *)"
3236101355,5472,169390,,,,,,,,,,0.094,17122.757,Pinned,Device,NVIDIA A100-SXM4-40GB MIG 4g.20gb (0),1,,13,[CUDA memcpy Host-to-Device]
3236111883,611160,169391,,,,,,,,,,456.561,746934.516,Device,,NVIDIA A100-SXM4-40GB MIG 4g.20gb (0),1,,13,[CUDA memset]
3236725443,72159,169396,,,,,,,,,,1.235,17113.854,Pinned,Device,NVIDIA A100-SXM4-40GB MIG 4g.20gb (0),1,,13,[CUDA memcpy Host-to-Device]
3236800962,14336,169397,,,,,,,,,,0.197,13714.194,Pinned,Device,NVIDIA A100-SXM4-40GB MIG 4g.20gb (0),1,,13,[CUDA memcpy Host-to-Device]
3236825186,8416,169398,69,4,1,48,1,1,76,0.002,0.000,,,,,NVIDIA A100-SXM4-40GB MIG 4g.20gb (0),1,,13,"void ch_est::windowedChEstPreNoDftSOfdmKernel<float, __half, float, (unsigned int)2, (unsigned int)1, (unsigned short)4>(ch_est::puschRxChEstStatDescr_t *, ch_est::puschRxChEstDynDescr_t *)"
3236836386,6464,169399,137,2,1,24,2,1,44,0.001,0.001,,,,,NVIDIA A100-SXM4-40GB MIG 4g.20gb (0),1,,13,"void ch_est::chEstFilterNoDftSOfdmDispatchKernel<float, __half, float, (unsigned int)2>(ch_est::puschRxChEstStatDescr_t *, ch_est::puschRxChEstDynDescr_t *)"
3236847265,5152,169400,137,2,1,24,2,1,44,0.001,0.001,,,,,NVIDIA A100-SXM4-40GB MIG 4g.20gb (0),1,,13,"void ch_est::chEstFilterNoDftSOfdmDispatchKernel<float, __half, float, (unsigned int)2>(ch_est::puschRxChEstStatDescr_t *, ch_est::puschRxChEstDynDescr_t *)"
3236857601,2720,169411,103,1,1,128,1,1,16,0.000,0.000,,,,,NVIDIA A100-SXM4-40GB MIG 4g.20gb (0),1,,13,cupy_copy__complex64_complex64
3236863329,12608,169421,1434,1,1,128,1,1,16,0.000,0.000,,,,,NVIDIA A100-SXM4-40GB MIG 4g.20gb (0),1,,13,cupy_copy__complex64_complex64
3236878209,3072,169428,103,1,1,128,1,1,16,0.000,0.000,,,,,NVIDIA A100-SXM4-40GB MIG 4g.20gb (0),1,,13,cupy_copy__complex64_complex64
3236884897,84159,169435,1,1,1,32,32,1,30,0.000,0.000,,,,,NVIDIA A100-SXM4-40GB MIG 4g.20gb (0),1,,13,"void convert_kernel<__half2, float2>(tensor_layout_any, T1 *, tensor_layout_any, const T2 *)"
3236997248,9152,169438,,,,,,,,,,0.094,10237.693,Pinned,Device,NVIDIA A100-SXM4-40GB MIG 4g.20gb (0),1,,13,[CUDA memcpy Host-to-Device]
3237012991,47360,169439,,,,,,,,,,35.810,756090.651,Device,,NVIDIA A100-SXM4-40GB MIG 4g.20gb (0),1,,13,[CUDA memset]
3237063263,4768,169441,,,,,,,,,,0.000,16.778,Pinned,Device,NVIDIA A100-SXM4-40GB MIG 4g.20gb (0),1,,13,[CUDA memcpy Host-to-Device]
3237072607,13472,169442,,,,,,,,,,0.197,14593.819,Pinned,Device,NVIDIA A100-SXM4-40GB MIG 4g.20gb (0),1,,13,[CUDA memcpy Host-to-Device]
3237095390,9600,169443,273,1,1,48,1,1,40,0.000,0.001,,,,,NVIDIA A100-SXM4-40GB MIG 4g.20gb (0),1,,13,"void pusch_noise_intf_est::noiseIntfEstNoDftSOfdmKernel<float, __half, float, float, (unsigned int)2, (unsigned int)1, (unsigned char)4, (unsigned char)4>(pusch_noise_intf_est::puschRxNoiseIntfEstDynDescr)"
3237106718,2880,169454,35,1,1,128,1,1,16,0.000,0.000,,,,,NVIDIA A100-SXM4-40GB MIG 4g.20gb (0),1,,13,cupy_copy__complex64_complex64
3237115742,1792,169463,1,1,1,1,1,1,18,0.000,0.000,,,,,NVIDIA A100-SXM4-40GB MIG 4g.20gb (0),1,,13,cupy_copy__float32_float32
3237147518,1792,169469,,,,,,,,,,0.000,2.232,Device,Pageable,NVIDIA A100-SXM4-40GB MIG 4g.20gb (0),1,,7,[CUDA memcpy Device-to-Host]
3237210237,12896,169480,1434,1,1,128,1,1,16,0.000,0.000,,,,,NVIDIA A100-SXM4-40GB MIG 4g.20gb (0),1,,13,cupy_copy__complex64_complex64
3237234109,2912,169487,103,1,1,128,1,1,16,0.000,0.000,,,,,NVIDIA A100-SXM4-40GB MIG 4g.20gb (0),1,,13,cupy_copy__complex64_complex64
3237255036,2176,169494,35,1,1,128,1,1,16,0.000,0.000,,,,,NVIDIA A100-SXM4-40GB MIG 4g.20gb (0),1,,13,cupy_copy__complex64_complex64
3237272508,1984,169501,1,1,1,1,1,1,18,0.000,0.000,,,,,NVIDIA A100-SXM4-40GB MIG 4g.20gb (0),1,,13,cupy_copy__float32_float32
3237403707,87135,169512,1,1,1,32,32,1,30,0.000,0.000,,,,,NVIDIA A100-SXM4-40GB MIG 4g.20gb (0),1,,13,"void convert_kernel<__half2, float2>(tensor_layout_any, T1 *, tensor_layout_any, const T2 *)"
3237518137,5376,169515,,,,,,,,,,0.094,17428.487,Pinned,Device,NVIDIA A100-SXM4-40GB MIG 4g.20gb (0),1,,13,[CUDA memcpy Host-to-Device]
3237532537,3424,169516,,,,,,,,,,1.547,451700.819,Device,,NVIDIA A100-SXM4-40GB MIG 4g.20gb (0),1,,13,[CUDA memset]
3237539513,3104,169521,,,,,,,,,,0.031,10082.445,Pinned,Device,NVIDIA A100-SXM4-40GB MIG 4g.20gb (0),1,,13,[CUDA memcpy Host-to-Device]
3237545049,9504,169522,,,,,,,,,,0.197,20686.701,Pinned,Device,NVIDIA A100-SXM4-40GB MIG 4g.20gb (0),1,,13,[CUDA memcpy Host-to-Device]
3237558041,6176,169523,273,1,1,8,4,1,39,0.002,0.000,,,,,NVIDIA A100-SXM4-40GB MIG 4g.20gb (0),1,,13,"void channel_eq::eqMmseCoefCompLowMimoKernel<float, float, float, (unsigned int)4, (unsigned int)1, (unsigned int)4>(const channel_eq::_puschRxChEqStatDescr *, channel_eq::_puschRxChEqCoefCompDynDescr)"
3237565209,6496,169524,273,1,1,12,11,1,51,0.002,0.000,,,,,NVIDIA A100-SXM4-40GB MIG 4g.20gb (0),1,,13,"void channel_eq::eqMmseSoftDemapKernel<float, __half, __half, float, (unsigned int)4, (unsigned short)16383>(channel_eq::_puschRxChEqStatDescr *, channel_eq::_puschRxChEqSoftDemapDynDescr)"
3237572761,282940,169525,1,1,1,32,32,1,30,0.000,0.000,,,,,NVIDIA A100-SXM4-40GB MIG 4g.20gb (0),1,,13,"void convert_kernel<float2, __half2>(tensor_layout_any, T1 *, tensor_layout_any, const T2 *)"
3237856725,11072,169537,2253,1,1,128,1,1,16,0.000,0.000,,,,,NVIDIA A100-SXM4-40GB MIG 4g.20gb (0),1,,13,cupy_copy__float16_float16
3237871221,3424,169546,282,1,1,128,1,1,16,0.000,0.000,,,,,NVIDIA A100-SXM4-40GB MIG 4g.20gb (0),1,,13,cupy_copy__complex64_complex64
3237876213,2176,169555,26,1,1,128,1,1,16,0.000,0.000,,,,,NVIDIA A100-SXM4-40GB MIG 4g.20gb (0),1,,13,cupy_copy__float32_float32
3237879413,2912,169564,103,1,1,128,1,1,16,0.000,0.000,,,,,NVIDIA A100-SXM4-40GB MIG 4g.20gb (0),1,,13,cupy_copy__complex64_complex64
3237884981,12127,169574,1434,1,1,128,1,1,16,0.000,0.000,,,,,NVIDIA A100-SXM4-40GB MIG 4g.20gb (0),1,,13,cupy_copy__complex64_complex64
3237908564,82143,169579,1,1,1,32,32,1,30,0.000,0.000,,,,,NVIDIA A100-SXM4-40GB MIG 4g.20gb (0),1,,13,"void convert_kernel<__half2, float2>(tensor_layout_any, T1 *, tensor_layout_any, const T2 *)"
3238017907,5472,169582,,,,,,,,,,0.094,17122.757,Pinned,Device,NVIDIA A100-SXM4-40GB MIG 4g.20gb (0),1,,13,[CUDA memcpy Host-to-Device]
3238027763,600408,169583,,,,,,,,,,456.561,760174.798,Device,,NVIDIA A100-SXM4-40GB MIG 4g.20gb (0),1,,13,[CUDA memset]
3238636395,71487,169588,,,,,,,,,,1.235,17274.397,Pinned,Device,NVIDIA A100-SXM4-40GB MIG 4g.20gb (0),1,,13,[CUDA memcpy Host-to-Device]
3238711690,14240,169589,,,,,,,,,,0.197,13806.600,Pinned,Device,NVIDIA A100-SXM4-40GB MIG 4g.20gb (0),1,,13,[CUDA memcpy Host-to-Device]
3238733898,8768,169590,69,4,1,48,1,1,76,0.002,0.000,,,,,NVIDIA A100-SXM4-40GB MIG 4g.20gb (0),1,,13,"void ch_est::windowedChEstPreNoDftSOfdmKernel<float, __half, float, (unsigned int)2, (unsigned int)1, (unsigned short)4>(ch_est::puschRxChEstStatDescr_t *, ch_est::puschRxChEstDynDescr_t *)"
3238745386,7008,169591,137,2,1,24,2,1,44,0.001,0.001,,,,,NVIDIA A100-SXM4-40GB MIG 4g.20gb (0),1,,13,"void ch_est::chEstFilterNoDftSOfdmDispatchKernel<float, __half, float, (unsigned int)2>(ch_est::puschRxChEstStatDescr_t *, ch_est::puschRxChEstDynDescr_t *)"
3238756682,5440,169592,137,2,1,24,2,1,44,0.001,0.001,,,,,NVIDIA A100-SXM4-40GB MIG 4g.20gb (0),1,,13,"void ch_est::chEstFilterNoDftSOfdmDispatchKernel<float, __half, float, (unsigned int)2>(ch_est::puschRxChEstStatDescr_t *, ch_est::puschRxChEstDynDescr_t *)"
3238766986,2720,169603,103,1,1,128,1,1,16,0.000,0.000,,,,,NVIDIA A100-SXM4-40GB MIG 4g.20gb (0),1,,13,cupy_copy__complex64_complex64
3238772810,12800,169613,1434,1,1,128,1,1,16,0.000,0.000,,,,,NVIDIA A100-SXM4-40GB MIG 4g.20gb (0),1,,13,cupy_copy__complex64_complex64
3238788009,2560,169620,103,1,1,128,1,1,16,0.000,0.000,,,,,NVIDIA A100-SXM4-40GB MIG 4g.20gb (0),1,,13,cupy_copy__complex64_complex64
3238794409,83647,169627,1,1,1,32,32,1,30,0.000,0.000,,,,,NVIDIA A100-SXM4-40GB MIG 4g.20gb (0),1,,13,"void convert_kernel<__half2, float2>(tensor_layout_any, T1 *, tensor_layout_any, const T2 *)"
3238907944,9312,169630,,,,,,,,,,0.094,10061.826,Pinned,Device,NVIDIA A100-SXM4-40GB MIG 4g.20gb (0),1,,13,[CUDA memcpy Host-to-Device]
3238926504,47743,169631,,,,,,,,,,35.810,750038.774,Device,,NVIDIA A100-SXM4-40GB MIG 4g.20gb (0),1,,13,[CUDA memset]
3238982503,4448,169633,,,,,,,,,,0.000,17.986,Pinned,Device,NVIDIA A100-SXM4-40GB MIG 4g.20gb (0),1,,13,[CUDA memcpy Host-to-Device]
3238990023,15168,169634,,,,,,,,,,0.197,12961.972,Pinned,Device,NVIDIA A100-SXM4-40GB MIG 4g.20gb (0),1,,13,[CUDA memcpy Host-to-Device]
3239012743,10432,169635,273,1,1,48,1,1,40,0.000,0.001,,,,,NVIDIA A100-SXM4-40GB MIG 4g.20gb (0),1,,13,"void pusch_noise_intf_est::noiseIntfEstNoDftSOfdmKernel<float, __half, float, float, (unsigned int)2, (unsigned int)1, (unsigned char)4, (unsigned char)4>(pusch_noise_intf_est::puschRxNoiseIntfEstDynDescr)"
3239026727,3199,169646,35,1,1,128,1,1,16,0.000,0.000,,,,,NVIDIA A100-SXM4-40GB MIG 4g.20gb (0),1,,13,cupy_copy__complex64_complex64
3239033030,1760,169655,1,1,1,1,1,1,18,0.000,0.000,,,,,NVIDIA A100-SXM4-40GB MIG 4g.20gb (0),1,,13,cupy_copy__float32_float32
3239060518,1984,169661,,,,,,,,,,0.000,2.016,Device,Pageable,NVIDIA A100-SXM4-40GB MIG 4g.20gb (0),1,,7,[CUDA memcpy Device-to-Host]
3239121349,12832,169672,1434,1,1,128,1,1,16,0.000,0.000,,,,,NVIDIA A100-SXM4-40GB MIG 4g.20gb (0),1,,13,cupy_copy__complex64_complex64
3239149413,3424,169679,103,1,1,128,1,1,16,0.000,0.000,,,,,NVIDIA A100-SXM4-40GB MIG 4g.20gb (0),1,,13,cupy_copy__complex64_complex64
3239169413,2464,169686,35,1,1,128,1,1,16,0.000,0.000,,,,,NVIDIA A100-SXM4-40GB MIG 4g.20gb (0),1,,13,cupy_copy__complex64_complex64
3239187653,1728,169693,1,1,1,1,1,1,18,0.000,0.000,,,,,NVIDIA A100-SXM4-40GB MIG 4g.20gb (0),1,,13,cupy_copy__float32_float32
3239319011,88383,169704,1,1,1,32,32,1,30,0.000,0.000,,,,,NVIDIA A100-SXM4-40GB MIG 4g.20gb (0),1,,13,"void convert_kernel<__half2, float2>(tensor_layout_any, T1 *, tensor_layout_any, const T2 *)"
3239435361,5472,169707,,,,,,,,,,0.094,17122.757,Pinned,Device,NVIDIA A100-SXM4-40GB MIG 4g.20gb (0),1,,13,[CUDA memcpy Host-to-Device]
3239449281,3488,169708,,,,,,,,,,1.547,443412.461,Device,,NVIDIA A100-SXM4-40GB MIG 4g.20gb (0),1,,13,[CUDA memset]
3239458497,3008,169713,,,,,,,,,,0.031,10404.230,Pinned,Device,NVIDIA A100-SXM4-40GB MIG 4g.20gb (0),1,,13,[CUDA memcpy Host-to-Device]
3239464033,9792,169714,,,,,,,,,,0.197,20078.395,Pinned,Device,NVIDIA A100-SXM4-40GB MIG 4g.20gb (0),1,,13,[CUDA memcpy Host-to-Device]
3239479361,6144,169715,273,1,1,8,4,1,39,0.002,0.000,,,,,NVIDIA A100-SXM4-40GB MIG 4g.20gb (0),1,,13,"void channel_eq::eqMmseCoefCompLowMimoKernel<float, float, float, (unsigned int)4, (unsigned int)1, (unsigned int)4>(const channel_eq::_puschRxChEqStatDescr *, channel_eq::_puschRxChEqCoefCompDynDescr)"
3239488385,5440,169716,273,1,1,12,11,1,51,0.002,0.000,,,,,NVIDIA A100-SXM4-40GB MIG 4g.20gb (0),1,,13,"void channel_eq::eqMmseSoftDemapKernel<float, __half, __half, float, (unsigned int)4, (unsigned short)16383>(channel_eq::_puschRxChEqStatDescr *, channel_eq::_puschRxChEqSoftDemapDynDescr)"
3239495585,282396,169717,1,1,1,32,32,1,30,0.000,0.000,,,,,NVIDIA A100-SXM4-40GB MIG 4g.20gb (0),1,,13,"void convert_kernel<float2, __half2>(tensor_layout_any, T1 *, tensor_layout_any, const T2 *)"
3239780221,11072,169729,2253,1,1,128,1,1,16,0.000,0.000,,,,,NVIDIA A100-SXM4-40GB MIG 4g.20gb (0),1,,13,cupy_copy__float16_float16
3239795229,3168,169738,282,1,1,128,1,1,16,0.000,0.000,,,,,NVIDIA A100-SXM4-40GB MIG 4g.20gb (0),1,,13,cupy_copy__complex64_complex64
3239801693,2112,169747,26,1,1,128,1,1,16,0.000,0.000,,,,,NVIDIA A100-SXM4-40GB MIG 4g.20gb (0),1,,13,cupy_copy__float32_float32
3239804829,2816,169756,103,1,1,128,1,1,16,0.000,0.000,,,,,NVIDIA A100-SXM4-40GB MIG 4g.20gb (0),1,,13,cupy_copy__complex64_complex64
3239810525,11840,169766,1434,1,1,128,1,1,16,0.000,0.000,,,,,NVIDIA A100-SXM4-40GB MIG 4g.20gb (0),1,,13,cupy_copy__complex64_complex64
3239826301,81983,169771,1,1,1,32,32,1,30,0.000,0.000,,,,,NVIDIA A100-SXM4-40GB MIG 4g.20gb (0),1,,13,"void convert_kernel<__half2, float2>(tensor_layout_any, T1 *, tensor_layout_any, const T2 *)"
3239934843,5408,169774,,,,,,,,,,0.094,17325.421,Pinned,Device,NVIDIA A100-SXM4-40GB MIG 4g.20gb (0),1,,13,[CUDA memcpy Host-to-Device]
3239946043,607353,169775,,,,,,,,,,456.561,751500.130,Device,,NVIDIA A100-SXM4-40GB MIG 4g.20gb (0),1,,13,[CUDA memset]
3240556116,72351,169780,,,,,,,,,,1.235,17068.161,Pinned,Device,NVIDIA A100-SXM4-40GB MIG 4g.20gb (0),1,,13,[CUDA memcpy Host-to-Device]
3240632659,14751,169781,,,,,,,,,,0.197,13328.450,Pinned,Device,NVIDIA A100-SXM4-40GB MIG 4g.20gb (0),1,,13,[CUDA memcpy Host-to-Device]
3240655826,8448,169782,69,4,1,48,1,1,76,0.002,0.000,,,,,NVIDIA A100-SXM4-40GB MIG 4g.20gb (0),1,,13,"void ch_est::windowedChEstPreNoDftSOfdmKernel<float, __half, float, (unsigned int)2, (unsigned int)1, (unsigned short)4>(ch_est::puschRxChEstStatDescr_t *, ch_est::puschRxChEstDynDescr_t *)"
3240667378,6432,169783,137,2,1,24,2,1,44,0.001,0.001,,,,,NVIDIA A100-SXM4-40GB MIG 4g.20gb (0),1,,13,"void ch_est::chEstFilterNoDftSOfdmDispatchKernel<float, __half, float, (unsigned int)2>(ch_est::puschRxChEstStatDescr_t *, ch_est::puschRxChEstDynDescr_t *)"
3240677394,5216,169784,137,2,1,24,2,1,44,0.001,0.001,,,,,NVIDIA A100-SXM4-40GB MIG 4g.20gb (0),1,,13,"void ch_est::chEstFilterNoDftSOfdmDispatchKernel<float, __half, float, (unsigned int)2>(ch_est::puschRxChEstStatDescr_t *, ch_est::puschRxChEstDynDescr_t *)"
3240688722,2720,169795,103,1,1,128,1,1,16,0.000,0.000,,,,,NVIDIA A100-SXM4-40GB MIG 4g.20gb (0),1,,13,cupy_copy__complex64_complex64
3240694418,12288,169805,1434,1,1,128,1,1,16,0.000,0.000,,,,,NVIDIA A100-SXM4-40GB MIG 4g.20gb (0),1,,13,cupy_copy__complex64_complex64
3240711762,2528,169812,103,1,1,128,1,1,16,0.000,0.000,,,,,NVIDIA A100-SXM4-40GB MIG 4g.20gb (0),1,,13,cupy_copy__complex64_complex64
3240717778,82879,169819,1,1,1,32,32,1,30,0.000,0.000,,,,,NVIDIA A100-SXM4-40GB MIG 4g.20gb (0),1,,13,"void convert_kernel<__half2, float2>(tensor_layout_any, T1 *, tensor_layout_any, const T2 *)"
3240829296,9664,169822,,,,,,,,,,0.094,9695.287,Pinned,Device,NVIDIA A100-SXM4-40GB MIG 4g.20gb (0),1,,13,[CUDA memcpy Host-to-Device]
3240846096,49087,169823,,,,,,,,,,35.810,729483.880,Device,,NVIDIA A100-SXM4-40GB MIG 4g.20gb (0),1,,13,[CUDA memset]
3240902479,2784,169825,,,,,,,,,,0.000,28.736,Pinned,Device,NVIDIA A100-SXM4-40GB MIG 4g.20gb (0),1,,13,[CUDA memcpy Host-to-Device]
3240909455,13824,169826,,,,,,,,,,0.197,14222.033,Pinned,Device,NVIDIA A100-SXM4-40GB MIG 4g.20gb (0),1,,13,[CUDA memcpy Host-to-Device]
3240930767,11936,169827,273,1,1,48,1,1,40,0.000,0.001,,,,,NVIDIA A100-SXM4-40GB MIG 4g.20gb (0),1,,13,"void pusch_noise_intf_est::noiseIntfEstNoDftSOfdmKernel<float, __half, float, float, (unsigned int)2, (unsigned int)1, (unsigned char)4, (unsigned char)4>(pusch_noise_intf_est::puschRxNoiseIntfEstDynDescr)"
3240946671,3072,169838,35,1,1,128,1,1,16,0.000,0.000,,,,,NVIDIA A100-SXM4-40GB MIG 4g.20gb (0),1,,13,cupy_copy__complex64_complex64
3240952239,1888,169847,1,1,1,1,1,1,18,0.000,0.000,,,,,NVIDIA A100-SXM4-40GB MIG 4g.20gb (0),1,,13,cupy_copy__float32_float32
3240979886,1600,169853,,,,,,,,,,0.000,2.500,Device,Pageable,NVIDIA A100-SXM4-40GB MIG 4g.20gb (0),1,,7,[CUDA memcpy Device-to-Host]
3241040046,13055,169864,1434,1,1,128,1,1,16,0.000,0.000,,,,,NVIDIA A100-SXM4-40GB MIG 4g.20gb (0),1,,13,cupy_copy__complex64_complex64
3241066893,2784,169871,103,1,1,128,1,1,16,0.000,0.000,,,,,NVIDIA A100-SXM4-40GB MIG 4g.20gb (0),1,,13,cupy_copy__complex64_complex64
3241088781,2400,169878,35,1,1,128,1,1,16,0.000,0.000,,,,,NVIDIA A100-SXM4-40GB MIG 4g.20gb (0),1,,13,cupy_copy__complex64_complex64
3241106189,1920,169885,1,1,1,1,1,1,18,0.000,0.000,,,,,NVIDIA A100-SXM4-40GB MIG 4g.20gb (0),1,,13,cupy_copy__float32_float32
3241237451,82527,169896,1,1,1,32,32,1,30,0.000,0.000,,,,,NVIDIA A100-SXM4-40GB MIG 4g.20gb (0),1,,13,"void convert_kernel<__half2, float2>(tensor_layout_any, T1 *, tensor_layout_any, const T2 *)"
3241349866,5472,169899,,,,,,,,,,0.094,17122.757,Pinned,Device,NVIDIA A100-SXM4-40GB MIG 4g.20gb (0),1,,13,[CUDA memcpy Host-to-Device]
3241364650,3424,169900,,,,,,,,,,1.547,451700.819,Device,,NVIDIA A100-SXM4-40GB MIG 4g.20gb (0),1,,13,[CUDA memset]
3241371786,3072,169905,,,,,,,,,,0.031,10187.474,Pinned,Device,NVIDIA A100-SXM4-40GB MIG 4g.20gb (0),1,,13,[CUDA memcpy Host-to-Device]
3241377609,9472,169906,,,,,,,,,,0.197,20756.693,Pinned,Device,NVIDIA A100-SXM4-40GB MIG 4g.20gb (0),1,,13,[CUDA memcpy Host-to-Device]
3241391529,7008,169907,273,1,1,8,4,1,39,0.002,0.000,,,,,NVIDIA A100-SXM4-40GB MIG 4g.20gb (0),1,,13,"void channel_eq::eqMmseCoefCompLowMimoKernel<float, float, float, (unsigned int)4, (unsigned int)1, (unsigned int)4>(const channel_eq::_puschRxChEqStatDescr *, channel_eq::_puschRxChEqCoefCompDynDescr)"
3241401449,6240,169908,273,1,1,12,11,1,51,0.002,0.000,,,,,NVIDIA A100-SXM4-40GB MIG 4g.20gb (0),1,,13,"void channel_eq::eqMmseSoftDemapKernel<float, __half, __half, float, (unsigned int)4, (unsigned short)16383>(channel_eq::_puschRxChEqStatDescr *, channel_eq::_puschRxChEqSoftDemapDynDescr)"
3241408681,282973,169909,1,1,1,32,32,1,30,0.000,0.000,,,,,NVIDIA A100-SXM4-40GB MIG 4g.20gb (0),1,,13,"void convert_kernel<float2, __half2>(tensor_layout_any, T1 *, tensor_layout_any, const T2 *)"
3241692710,11039,169921,2253,1,1,128,1,1,16,0.000,0.000,,,,,NVIDIA A100-SXM4-40GB MIG 4g.20gb (0),1,,13,cupy_copy__float16_float16
3241706597,3616,169930,282,1,1,128,1,1,16,0.000,0.000,,,,,NVIDIA A100-SXM4-40GB MIG 4g.20gb (0),1,,13,cupy_copy__complex64_complex64
3241712965,2048,169939,26,1,1,128,1,1,16,0.000,0.000,,,,,NVIDIA A100-SXM4-40GB MIG 4g.20gb (0),1,,13,cupy_copy__float32_float32
3241716805,3040,169948,103,1,1,128,1,1,16,0.000,0.000,,,,,NVIDIA A100-SXM4-40GB MIG 4g.20gb (0),1,,13,cupy_copy__complex64_complex64
3241722821,12000,169958,1434,1,1,128,1,1,16,0.000,0.000,,,,,NVIDIA A100-SXM4-40GB MIG 4g.20gb (0),1,,13,cupy_copy__complex64_complex64
3241739685,82303,169963,1,1,1,32,32,1,30,0.000,0.000,,,,,NVIDIA A100-SXM4-40GB MIG 4g.20gb (0),1,,13,"void convert_kernel<__half2, float2>(tensor_layout_any, T1 *, tensor_layout_any, const T2 *)"
3241848900,5408,169966,,,,,,,,,,0.094,17325.421,Pinned,Device,NVIDIA A100-SXM4-40GB MIG 4g.20gb (0),1,,13,[CUDA memcpy Host-to-Device]
3241859044,604152,169967,,,,,,,,,,456.561,755609.183,Device,,NVIDIA A100-SXM4-40GB MIG 4g.20gb (0),1,,13,[CUDA memset]
3242470908,72959,169972,,,,,,,,,,1.235,16926.142,Pinned,Device,NVIDIA A100-SXM4-40GB MIG 4g.20gb (0),1,,13,[CUDA memcpy Host-to-Device]
3242548891,15712,169973,,,,,,,,,,0.197,12513.116,Pinned,Device,NVIDIA A100-SXM4-40GB MIG 4g.20gb (0),1,,13,[CUDA memcpy Host-to-Device]
3242573019,8608,169974,69,4,1,48,1,1,76,0.002,0.000,,,,,NVIDIA A100-SXM4-40GB MIG 4g.20gb (0),1,,13,"void ch_est::windowedChEstPreNoDftSOfdmKernel<float, __half, float, (unsigned int)2, (unsigned int)1, (unsigned short)4>(ch_est::puschRxChEstStatDescr_t *, ch_est::puschRxChEstDynDescr_t *)"
3242587451,6975,169975,137,2,1,24,2,1,44,0.001,0.001,,,,,NVIDIA A100-SXM4-40GB MIG 4g.20gb (0),1,,13,"void ch_est::chEstFilterNoDftSOfdmDispatchKernel<float, __half, float, (unsigned int)2>(ch_est::puschRxChEstStatDescr_t *, ch_est::puschRxChEstDynDescr_t *)"
3242597498,5472,169976,137,2,1,24,2,1,44,0.001,0.001,,,,,NVIDIA A100-SXM4-40GB MIG 4g.20gb (0),1,,13,"void ch_est::chEstFilterNoDftSOfdmDispatchKernel<float, __half, float, (unsigned int)2>(ch_est::puschRxChEstStatDescr_t *, ch_est::puschRxChEstDynDescr_t *)"
3242606874,2528,169987,103,1,1,128,1,1,16,0.000,0.000,,,,,NVIDIA A100-SXM4-40GB MIG 4g.20gb (0),1,,13,cupy_copy__complex64_complex64
3242614042,12864,169997,1434,1,1,128,1,1,16,0.000,0.000,,,,,NVIDIA A100-SXM4-40GB MIG 4g.20gb (0),1,,13,cupy_copy__complex64_complex64
3242635962,3040,170004,103,1,1,128,1,1,16,0.000,0.000,,,,,NVIDIA A100-SXM4-40GB MIG 4g.20gb (0),1,,13,cupy_copy__complex64_complex64
3242642298,84415,170011,1,1,1,32,32,1,30,0.000,0.000,,,,,NVIDIA A100-SXM4-40GB MIG 4g.20gb (0),1,,13,"void convert_kernel<__half2, float2>(tensor_layout_any, T1 *, tensor_layout_any, const T2 *)"
3242755384,8960,170014,,,,,,,,,,0.094,10457.129,Pinned,Device,NVIDIA A100-SXM4-40GB MIG 4g.20gb (0),1,,13,[CUDA memcpy Host-to-Device]
3242773464,48640,170015,,,,,,,,,,35.810,736216.145,Device,,NVIDIA A100-SXM4-40GB MIG 4g.20gb (0),1,,13,[CUDA memset]
3242829624,3455,170017,,,,,,,,,,0.000,23.155,Pinned,Device,NVIDIA A100-SXM4-40GB MIG 4g.20gb (0),1,,13,[CUDA memcpy Host-to-Device]
3242837047,11744,170018,,,,,,,,,,0.197,16740.975,Pinned,Device,NVIDIA A100-SXM4-40GB MIG 4g.20gb (0),1,,13,[CUDA memcpy Host-to-Device]
3242856727,10464,170019,273,1,1,48,1,1,40,0.000,0.001,,,,,NVIDIA A100-SXM4-40GB MIG 4g.20gb (0),1,,13,"void pusch_noise_intf_est::noiseIntfEstNoDftSOfdmKernel<float, __half, float, float, (unsigned int)2, (unsigned int)1, (unsigned char)4, (unsigned char)4>(pusch_noise_intf_est::puschRxNoiseIntfEstDynDescr)"
3242871031,3008,170030,35,1,1,128,1,1,16,0.000,0.000,,,,,NVIDIA A100-SXM4-40GB MIG 4g.20gb (0),1,,13,cupy_copy__complex64_complex64
3242883031,1984,170039,1,1,1,1,1,1,18,0.000,0.000,,,,,NVIDIA A100-SXM4-40GB MIG 4g.20gb (0),1,,13,cupy_copy__float32_float32
3242914902,1792,170045,,,,,,,,,,0.000,2.232,Device,Pageable,NVIDIA A100-SXM4-40GB MIG 4g.20gb (0),1,,7,[CUDA memcpy Device-to-Host]
3242975414,13024,170056,1434,1,1,128,1,1,16,0.000,0.000,,,,,NVIDIA A100-SXM4-40GB MIG 4g.20gb (0),1,,13,cupy_copy__complex64_complex64
3243001205,3456,170063,103,1,1,128,1,1,16,0.000,0.000,,,,,NVIDIA A100-SXM4-40GB MIG 4g.20gb (0),1,,13,cupy_copy__complex64_complex64
3243021493,2592,170070,35,1,1,128,1,1,16,0.000,0.000,,,,,NVIDIA A100-SXM4-40GB MIG 4g.20gb (0),1,,13,cupy_copy__complex64_complex64
3243038901,1792,170077,1,1,1,1,1,1,18,0.000,0.000,,,,,NVIDIA A100-SXM4-40GB MIG 4g.20gb (0),1,,13,cupy_copy__float32_float32
3243171411,82975,170088,1,1,1,32,32,1,30,0.000,0.000,,,,,NVIDIA A100-SXM4-40GB MIG 4g.20gb (0),1,,13,"void convert_kernel<__half2, float2>(tensor_layout_any, T1 *, tensor_layout_any, const T2 *)"
3243282162,5568,170091,,,,,,,,,,0.094,16827.521,Pinned,Device,NVIDIA A100-SXM4-40GB MIG 4g.20gb (0),1,,13,[CUDA memcpy Host-to-Device]
3243296466,3584,170092,,,,,,,,,,1.547,431534.389,Device,,NVIDIA A100-SXM4-40GB MIG 4g.20gb (0),1,,13,[CUDA memset]
3243303538,3232,170097,,,,,,,,,,0.031,9683.139,Pinned,Device,NVIDIA A100-SXM4-40GB MIG 4g.20gb (0),1,,13,[CUDA memcpy Host-to-Device]
3243309202,9791,170098,,,,,,,,,,0.197,20080.361,Pinned,Device,NVIDIA A100-SXM4-40GB MIG 4g.20gb (0),1,,13,[CUDA memcpy Host-to-Device]
3243323601,6368,170099,273,1,1,8,4,1,39,0.002,0.000,,,,,NVIDIA A100-SXM4-40GB MIG 4g.20gb (0),1,,13,"void channel_eq::eqMmseCoefCompLowMimoKernel<float, float, float, (unsigned int)4, (unsigned int)1, (unsigned int)4>(const channel_eq::_puschRxChEqStatDescr *, channel_eq::_puschRxChEqCoefCompDynDescr)"
3243331089,6656,170100,273,1,1,12,11,1,51,0.002,0.000,,,,,NVIDIA A100-SXM4-40GB MIG 4g.20gb (0),1,,13,"void channel_eq::eqMmseSoftDemapKernel<float, __half, __half, float, (unsigned int)4, (unsigned short)16383>(channel_eq::_puschRxChEqStatDescr *, channel_eq::_puschRxChEqSoftDemapDynDescr)"
3243338833,282301,170101,1,1,1,32,32,1,30,0.000,0.000,,,,,NVIDIA A100-SXM4-40GB MIG 4g.20gb (0),1,,13,"void convert_kernel<float2, __half2>(tensor_layout_any, T1 *, tensor_layout_any, const T2 *)"
3243624462,11136,170113,2253,1,1,128,1,1,16,0.000,0.000,,,,,NVIDIA A100-SXM4-40GB MIG 4g.20gb (0),1,,13,cupy_copy__float16_float16
3243639374,3935,170122,282,1,1,128,1,1,16,0.000,0.000,,,,,NVIDIA A100-SXM4-40GB MIG 4g.20gb (0),1,,13,cupy_copy__complex64_complex64
3243644589,2080,170131,26,1,1,128,1,1,16,0.000,0.000,,,,,NVIDIA A100-SXM4-40GB MIG 4g.20gb (0),1,,13,cupy_copy__float32_float32
3243649229,4032,170140,103,1,1,128,1,1,16,0.000,0.000,,,,,NVIDIA A100-SXM4-40GB MIG 4g.20gb (0),1,,13,cupy_copy__complex64_complex64
3243654253,11904,170150,1434,1,1,128,1,1,16,0.000,0.000,,,,,NVIDIA A100-SXM4-40GB MIG 4g.20gb (0),1,,13,cupy_copy__complex64_complex64
3243668269,81951,170155,1,1,1,32,32,1,30,0.000,0.000,,,,,NVIDIA A100-SXM4-40GB MIG 4g.20gb (0),1,,13,"void convert_kernel<__half2, float2>(tensor_layout_any, T1 *, tensor_layout_any, const T2 *)"
3243776940,5440,170158,,,,,,,,,,0.094,17223.480,Pinned,Device,NVIDIA A100-SXM4-40GB MIG 4g.20gb (0),1,,13,[CUDA memcpy Host-to-Device]
3243787340,602264,170159,,,,,,,,,,456.561,757891.990,Device,,NVIDIA A100-SXM4-40GB MIG 4g.20gb (0),1,,13,[CUDA memset]
3244397028,72223,170164,,,,,,,,,,1.235,17099.035,Pinned,Device,NVIDIA A100-SXM4-40GB MIG 4g.20gb (0),1,,13,[CUDA memcpy Host-to-Device]
3244473923,15424,170165,,,,,,,,,,0.197,12746.883,Pinned,Device,NVIDIA A100-SXM4-40GB MIG 4g.20gb (0),1,,13,[CUDA memcpy Host-to-Device]
3244497987,8352,170166,69,4,1,48,1,1,76,0.002,0.000,,,,,NVIDIA A100-SXM4-40GB MIG 4g.20gb (0),1,,13,"void ch_est::windowedChEstPreNoDftSOfdmKernel<float, __half, float, (unsigned int)2, (unsigned int)1, (unsigned short)4>(ch_est::puschRxChEstStatDescr_t *, ch_est::puschRxChEstDynDescr_t *)"
3244509443,6432,170167,137,2,1,24,2,1,44,0.001,0.001,,,,,NVIDIA A100-SXM4-40GB MIG 4g.20gb (0),1,,13,"void ch_est::chEstFilterNoDftSOfdmDispatchKernel<float, __half, float, (unsigned int)2>(ch_est::puschRxChEstStatDescr_t *, ch_est::puschRxChEstDynDescr_t *)"
3244518947,5248,170168,137,2,1,24,2,1,44,0.001,0.001,,,,,NVIDIA A100-SXM4-40GB MIG 4g.20gb (0),1,,13,"void ch_est::chEstFilterNoDftSOfdmDispatchKernel<float, __half, float, (unsigned int)2>(ch_est::puschRxChEstStatDescr_t *, ch_est::puschRxChEstDynDescr_t *)"
3244529602,2688,170179,103,1,1,128,1,1,16,0.000,0.000,,,,,NVIDIA A100-SXM4-40GB MIG 4g.20gb (0),1,,13,cupy_copy__complex64_complex64
3244535234,12544,170189,1434,1,1,128,1,1,16,0.000,0.000,,,,,NVIDIA A100-SXM4-40GB MIG 4g.20gb (0),1,,13,cupy_copy__complex64_complex64
3244551778,2592,170196,103,1,1,128,1,1,16,0.000,0.000,,,,,NVIDIA A100-SXM4-40GB MIG 4g.20gb (0),1,,13,cupy_copy__complex64_complex64
3244559042,83807,170203,1,1,1,32,32,1,30,0.000,0.000,,,,,NVIDIA A100-SXM4-40GB MIG 4g.20gb (0),1,,13,"void convert_kernel<__half2, float2>(tensor_layout_any, T1 *, tensor_layout_any, const T2 *)"
3244672001,8416,170206,,,,,,,,,,0.094,11133.052,Pinned,Device,NVIDIA A100-SXM4-40GB MIG 4g.20gb (0),1,,13,[CUDA memcpy Host-to-Device]
3244687169,47167,170207,,,,,,,,,,35.810,759206.114,Device,,NVIDIA A100-SXM4-40GB MIG 4g.20gb (0),1,,13,[CUDA memset]
3244739328,3904,170209,,,,,,,,,,0.000,20.492,Pinned,Device,NVIDIA A100-SXM4-40GB MIG 4g.20gb (0),1,,13,[CUDA memcpy Host-to-Device]
3244747584,14720,170210,,,,,,,,,,0.197,13356.368,Pinned,Device,NVIDIA A100-SXM4-40GB MIG 4g.20gb (0),1,,13,[CUDA memcpy Host-to-Device]
3244773439,10304,170211,273,1,1,48,1,1,40,0.000,0.001,,,,,NVIDIA A100-SXM4-40GB MIG 4g.20gb (0),1,,13,"void pusch_noise_intf_est::noiseIntfEstNoDftSOfdmKernel<float, __half, float, float, (unsigned int)2, (unsigned int)1, (unsigned char)4, (unsigned char)4>(pusch_noise_intf_est::puschRxNoiseIntfEstDynDescr)"
3244789119,2784,170222,35,1,1,128,1,1,16,0.000,0.000,,,,,NVIDIA A100-SXM4-40GB MIG 4g.20gb (0),1,,13,cupy_copy__complex64_complex64
3244794143,1920,170231,1,1,1,1,1,1,18,0.000,0.000,,,,,NVIDIA A100-SXM4-40GB MIG 4g.20gb (0),1,,13,cupy_copy__float32_float32
3244821823,1696,170237,,,,,,,,,,0.000,2.358,Device,Pageable,NVIDIA A100-SXM4-40GB MIG 4g.20gb (0),1,,7,[CUDA memcpy Device-to-Host]
3244882750,13312,170248,1434,1,1,128,1,1,16,0.000,0.000,,,,,NVIDIA A100-SXM4-40GB MIG 4g.20gb (0),1,,13,cupy_copy__complex64_complex64
3244909118,3040,170255,103,1,1,128,1,1,16,0.000,0.000,,,,,NVIDIA A100-SXM4-40GB MIG 4g.20gb (0),1,,13,cupy_copy__complex64_complex64
3244930654,2464,170262,35,1,1,128,1,1,16,0.000,0.000,,,,,NVIDIA A100-SXM4-40GB MIG 4g.20gb (0),1,,13,cupy_copy__complex64_complex64
3244946589,1888,170269,1,1,1,1,1,1,18,0.000,0.000,,,,,NVIDIA A100-SXM4-40GB MIG 4g.20gb (0),1,,13,cupy_copy__float32_float32
3245084316,81663,170280,1,1,1,32,32,1,30,0.000,0.000,,,,,NVIDIA A100-SXM4-40GB MIG 4g.20gb (0),1,,13,"void convert_kernel<__half2, float2>(tensor_layout_any, T1 *, tensor_layout_any, const T2 *)"
3245194298,5440,170283,,,,,,,,,,0.094,17223.480,Pinned,Device,NVIDIA A100-SXM4-40GB MIG 4g.20gb (0),1,,13,[CUDA memcpy Host-to-Device]
3245208378,3168,170284,,,,,,,,,,1.547,488201.145,Device,,NVIDIA A100-SXM4-40GB MIG 4g.20gb (0),1,,13,[CUDA memset]
3245215002,3008,170289,,,,,,,,,,0.031,10404.230,Pinned,Device,NVIDIA A100-SXM4-40GB MIG 4g.20gb (0),1,,13,[CUDA memcpy Host-to-Device]
3245220506,9344,170290,,,,,,,,,,0.197,21040.988,Pinned,Device,NVIDIA A100-SXM4-40GB MIG 4g.20gb (0),1,,13,[CUDA memcpy Host-to-Device]
3245233786,6144,170291,273,1,1,8,4,1,39,0.002,0.000,,,,,NVIDIA A100-SXM4-40GB MIG 4g.20gb (0),1,,13,"void channel_eq::eqMmseCoefCompLowMimoKernel<float, float, float, (unsigned int)4, (unsigned int)1, (unsigned int)4>(const channel_eq::_puschRxChEqStatDescr *, channel_eq::_puschRxChEqCoefCompDynDescr)"
3245240922,5984,170292,273,1,1,12,11,1,51,0.002,0.000,,,,,NVIDIA A100-SXM4-40GB MIG 4g.20gb (0),1,,13,"void channel_eq::eqMmseSoftDemapKernel<float, __half, __half, float, (unsigned int)4, (unsigned short)16383>(channel_eq::_puschRxChEqStatDescr *, channel_eq::_puschRxChEqSoftDemapDynDescr)"
3245248026,282684,170293,1,1,1,32,32,1,30,0.000,0.000,,,,,NVIDIA A100-SXM4-40GB MIG 4g.20gb (0),1,,13,"void convert_kernel<float2, __half2>(tensor_layout_any, T1 *, tensor_layout_any, const T2 *)"
3245531734,11136,170305,2253,1,1,128,1,1,16,0.000,0.000,,,,,NVIDIA A100-SXM4-40GB MIG 4g.20gb (0),1,,13,cupy_copy__float16_float16
3245545942,3200,170314,282,1,1,128,1,1,16,0.000,0.000,,,,,NVIDIA A100-SXM4-40GB MIG 4g.20gb (0),1,,13,cupy_copy__complex64_complex64
3245552438,2240,170323,26,1,1,128,1,1,16,0.000,0.000,,,,,NVIDIA A100-SXM4-40GB MIG 4g.20gb (0),1,,13,cupy_copy__float32_float32
3245556406,3168,170332,103,1,1,128,1,1,16,0.000,0.000,,,,,NVIDIA A100-SXM4-40GB MIG 4g.20gb (0),1,,13,cupy_copy__complex64_complex64
3245560598,11872,170342,1434,1,1,128,1,1,16,0.000,0.000,,,,,NVIDIA A100-SXM4-40GB MIG 4g.20gb (0),1,,13,cupy_copy__complex64_complex64
3245576854,82079,170347,1,1,1,32,32,1,30,0.000,0.000,,,,,NVIDIA A100-SXM4-40GB MIG 4g.20gb (0),1,,13,"void convert_kernel<__half2, float2>(tensor_layout_any, T1 *, tensor_layout_any, const T2 *)"
3245684980,5408,170350,,,,,,,,,,0.094,17325.421,Pinned,Device,NVIDIA A100-SXM4-40GB MIG 4g.20gb (0),1,,13,[CUDA memcpy Host-to-Device]
3245695860,600377,170351,,,,,,,,,,456.561,760174.798,Device,,NVIDIA A100-SXM4-40GB MIG 4g.20gb (0),1,,13,[CUDA memset]
3246299533,71423,170356,,,,,,,,,,1.235,17290.451,Pinned,Device,NVIDIA A100-SXM4-40GB MIG 4g.20gb (0),1,,13,[CUDA memcpy Host-to-Device]
3246375020,14912,170357,,,,,,,,,,0.197,13184.532,Pinned,Device,NVIDIA A100-SXM4-40GB MIG 4g.20gb (0),1,,13,[CUDA memcpy Host-to-Device]
3246396235,8480,170358,69,4,1,48,1,1,76,0.002,0.000,,,,,NVIDIA A100-SXM4-40GB MIG 4g.20gb (0),1,,13,"void ch_est::windowedChEstPreNoDftSOfdmKernel<float, __half, float, (unsigned int)2, (unsigned int)1, (unsigned short)4>(ch_est::puschRxChEstStatDescr_t *, ch_est::puschRxChEstDynDescr_t *)"
3246407499,6880,170359,137,2,1,24,2,1,44,0.001,0.001,,,,,NVIDIA A100-SXM4-40GB MIG 4g.20gb (0),1,,13,"void ch_est::chEstFilterNoDftSOfdmDispatchKernel<float, __half, float, (unsigned int)2>(ch_est::puschRxChEstStatDescr_t *, ch_est::puschRxChEstDynDescr_t *)"
3246418923,5152,170360,137,2,1,24,2,1,44,0.001,0.001,,,,,NVIDIA A100-SXM4-40GB MIG 4g.20gb (0),1,,13,"void ch_est::chEstFilterNoDftSOfdmDispatchKernel<float, __half, float, (unsigned int)2>(ch_est::puschRxChEstStatDescr_t *, ch_est::puschRxChEstDynDescr_t *)"
3246429483,2720,170371,103,1,1,128,1,1,16,0.000,0.000,,,,,NVIDIA A100-SXM4-40GB MIG 4g.20gb (0),1,,13,cupy_copy__complex64_complex64
3246434539,12736,170381,1434,1,1,128,1,1,16,0.000,0.000,,,,,NVIDIA A100-SXM4-40GB MIG 4g.20gb (0),1,,13,cupy_copy__complex64_complex64
3246454507,2880,170388,103,1,1,128,1,1,16,0.000,0.000,,,,,NVIDIA A100-SXM4-40GB MIG 4g.20gb (0),1,,13,cupy_copy__complex64_complex64
3246462123,84159,170395,1,1,1,32,32,1,30,0.000,0.000,,,,,NVIDIA A100-SXM4-40GB MIG 4g.20gb (0),1,,13,"void convert_kernel<__half2, float2>(tensor_layout_any, T1 *, tensor_layout_any, const T2 *)"
3246574761,10016,170398,,,,,,,,,,0.094,9354.609,Pinned,Device,NVIDIA A100-SXM4-40GB MIG 4g.20gb (0),1,,13,[CUDA memcpy Host-to-Device]
3246592073,47775,170399,,,,,,,,,,35.810,749537.436,Device,,NVIDIA A100-SXM4-40GB MIG 4g.20gb (0),1,,13,[CUDA memset]
3246647048,3040,170401,,,,,,,,,,0.000,26.316,Pinned,Device,NVIDIA A100-SXM4-40GB MIG 4g.20gb (0),1,,13,[CUDA memcpy Host-to-Device]
3246653384,12800,170402,,,,,,,,,,0.197,15360.000,Pinned,Device,NVIDIA A100-SXM4-40GB MIG 4g.20gb (0),1,,13,[CUDA memcpy Host-to-Device]
3246672968,10304,170403,273,1,1,48,1,1,40,0.000,0.001,,,,,NVIDIA A100-SXM4-40GB MIG 4g.20gb (0),1,,13,"void pusch_noise_intf_est::noiseIntfEstNoDftSOfdmKernel<float, __half, float, float, (unsigned int)2, (unsigned int)1, (unsigned char)4, (unsigned char)4>(pusch_noise_intf_est::puschRxNoiseIntfEstDynDescr)"
3246686984,3296,170414,35,1,1,128,1,1,16,0.000,0.000,,,,,NVIDIA A100-SXM4-40GB MIG 4g.20gb (0),1,,13,cupy_copy__complex64_complex64
3246693864,2048,170423,1,1,1,1,1,1,18,0.000,0.000,,,,,NVIDIA A100-SXM4-40GB MIG 4g.20gb (0),1,,13,cupy_copy__float32_float32
3246726311,1792,170429,,,,,,,,,,0.000,2.232,Device,Pageable,NVIDIA A100-SXM4-40GB MIG 4g.20gb (0),1,,7,[CUDA memcpy Device-to-Host]
3246786151,13215,170440,1434,1,1,128,1,1,16,0.000,0.000,,,,,NVIDIA A100-SXM4-40GB MIG 4g.20gb (0),1,,13,cupy_copy__complex64_complex64
3246813670,2912,170447,103,1,1,128,1,1,16,0.000,0.000,,,,,NVIDIA A100-SXM4-40GB MIG 4g.20gb (0),1,,13,cupy_copy__complex64_complex64
3246833542,2432,170454,35,1,1,128,1,1,16,0.000,0.000,,,,,NVIDIA A100-SXM4-40GB MIG 4g.20gb (0),1,,13,cupy_copy__complex64_complex64
3246864934,1792,170461,1,1,1,1,1,1,18,0.000,0.000,,,,,NVIDIA A100-SXM4-40GB MIG 4g.20gb (0),1,,13,cupy_copy__float32_float32
3246995940,86623,170472,1,1,1,32,32,1,30,0.000,0.000,,,,,NVIDIA A100-SXM4-40GB MIG 4g.20gb (0),1,,13,"void convert_kernel<__half2, float2>(tensor_layout_any, T1 *, tensor_layout_any, const T2 *)"
3247110339,5664,170475,,,,,,,,,,0.094,16542.310,Pinned,Device,NVIDIA A100-SXM4-40GB MIG 4g.20gb (0),1,,13,[CUDA memcpy Host-to-Device]
3247124514,3552,170476,,,,,,,,,,1.547,435422.601,Device,,NVIDIA A100-SXM4-40GB MIG 4g.20gb (0),1,,13,[CUDA memset]
3247131298,3072,170481,,,,,,,,,,0.031,10187.474,Pinned,Device,NVIDIA A100-SXM4-40GB MIG 4g.20gb (0),1,,13,[CUDA memcpy Host-to-Device]
3247136994,9472,170482,,,,,,,,,,0.197,20756.693,Pinned,Device,NVIDIA A100-SXM4-40GB MIG 4g.20gb (0),1,,13,[CUDA memcpy Host-to-Device]
3247151842,6368,170483,273,1,1,8,4,1,39,0.002,0.000,,,,,NVIDIA A100-SXM4-40GB MIG 4g.20gb (0),1,,13,"void channel_eq::eqMmseCoefCompLowMimoKernel<float, float, float, (unsigned int)4, (unsigned int)1, (unsigned int)4>(const channel_eq::_puschRxChEqStatDescr *, channel_eq::_puschRxChEqCoefCompDynDescr)"
3247159330,6592,170484,273,1,1,12,11,1,51,0.002,0.000,,,,,NVIDIA A100-SXM4-40GB MIG 4g.20gb (0),1,,13,"void channel_eq::eqMmseSoftDemapKernel<float, __half, __half, float, (unsigned int)4, (unsigned short)16383>(channel_eq::_puschRxChEqStatDescr *, channel_eq::_puschRxChEqSoftDemapDynDescr)"
3247166882,283420,170485,1,1,1,32,32,1,30,0.000,0.000,,,,,NVIDIA A100-SXM4-40GB MIG 4g.20gb (0),1,,13,"void convert_kernel<float2, __half2>(tensor_layout_any, T1 *, tensor_layout_any, const T2 *)"
3247452862,10880,170497,2253,1,1,128,1,1,16,0.000,0.000,,,,,NVIDIA A100-SXM4-40GB MIG 4g.20gb (0),1,,13,cupy_copy__float16_float16
3247468190,3424,170506,282,1,1,128,1,1,16,0.000,0.000,,,,,NVIDIA A100-SXM4-40GB MIG 4g.20gb (0),1,,13,cupy_copy__complex64_complex64
3247473630,2016,170515,26,1,1,128,1,1,16,0.000,0.000,,,,,NVIDIA A100-SXM4-40GB MIG 4g.20gb (0),1,,13,cupy_copy__float32_float32
3247476670,3296,170524,103,1,1,128,1,1,16,0.000,0.000,,,,,NVIDIA A100-SXM4-40GB MIG 4g.20gb (0),1,,13,cupy_copy__complex64_complex64
3247481022,11872,170534,1434,1,1,128,1,1,16,0.000,0.000,,,,,NVIDIA A100-SXM4-40GB MIG 4g.20gb (0),1,,13,cupy_copy__complex64_complex64
3247499102,82623,170539,1,1,1,32,32,1,30,0.000,0.000,,,,,NVIDIA A100-SXM4-40GB MIG 4g.20gb (0),1,,13,"void convert_kernel<__half2, float2>(tensor_layout_any, T1 *, tensor_layout_any, const T2 *)"
3247608700,5408,170542,,,,,,,,,,0.094,17325.421,Pinned,Device,NVIDIA A100-SXM4-40GB MIG 4g.20gb (0),1,,13,[CUDA memcpy Host-to-Device]
3247618428,599993,170543,,,,,,,,,,456.561,760631.359,Device,,NVIDIA A100-SXM4-40GB MIG 4g.20gb (0),1,,13,[CUDA memset]
3248221365,71711,170548,,,,,,,,,,1.235,17220.059,Pinned,Device,NVIDIA A100-SXM4-40GB MIG 4g.20gb (0),1,,13,[CUDA memcpy Host-to-Device]
3248296532,15424,170549,,,,,,,,,,0.197,12746.883,Pinned,Device,NVIDIA A100-SXM4-40GB MIG 4g.20gb (0),1,,13,[CUDA memcpy Host-to-Device]
3248317428,8192,170550,69,4,1,48,1,1,76,0.002,0.000,,,,,NVIDIA A100-SXM4-40GB MIG 4g.20gb (0),1,,13,"void ch_est::windowedChEstPreNoDftSOfdmKernel<float, __half, float, (unsigned int)2, (unsigned int)1, (unsigned short)4>(ch_est::puschRxChEstStatDescr_t *, ch_est::puschRxChEstDynDescr_t *)"
3248328596,6655,170551,137,2,1,24,2,1,44,0.001,0.001,,,,,NVIDIA A100-SXM4-40GB MIG 4g.20gb (0),1,,13,"void ch_est::chEstFilterNoDftSOfdmDispatchKernel<float, __half, float, (unsigned int)2>(ch_est::puschRxChEstStatDescr_t *, ch_est::puschRxChEstDynDescr_t *)"
3248339539,5408,170552,137,2,1,24,2,1,44,0.001,0.001,,,,,NVIDIA A100-SXM4-40GB MIG 4g.20gb (0),1,,13,"void ch_est::chEstFilterNoDftSOfdmDispatchKernel<float, __half, float, (unsigned int)2>(ch_est::puschRxChEstStatDescr_t *, ch_est::puschRxChEstDynDescr_t *)"
3248350483,2752,170563,103,1,1,128,1,1,16,0.000,0.000,,,,,NVIDIA A100-SXM4-40GB MIG 4g.20gb (0),1,,13,cupy_copy__complex64_complex64
3248356339,12640,170573,1434,1,1,128,1,1,16,0.000,0.000,,,,,NVIDIA A100-SXM4-40GB MIG 4g.20gb (0),1,,13,cupy_copy__complex64_complex64
3248374675,3072,170580,103,1,1,128,1,1,16,0.000,0.000,,,,,NVIDIA A100-SXM4-40GB MIG 4g.20gb (0),1,,13,cupy_copy__complex64_complex64
3248380499,88639,170587,1,1,1,32,32,1,30,0.000,0.000,,,,,NVIDIA A100-SXM4-40GB MIG 4g.20gb (0),1,,13,"void convert_kernel<__half2, float2>(tensor_layout_any, T1 *, tensor_layout_any, const T2 *)"
3248497489,7936,170590,,,,,,,,,,0.094,11806.446,Pinned,Device,NVIDIA A100-SXM4-40GB MIG 4g.20gb (0),1,,13,[CUDA memcpy Host-to-Device]
3248517649,47872,170591,,,,,,,,,,35.810,748033.419,Device,,NVIDIA A100-SXM4-40GB MIG 4g.20gb (0),1,,13,[CUDA memset]
3248570321,3200,170593,,,,,,,,,,0.000,25.000,Pinned,Device,NVIDIA A100-SXM4-40GB MIG 4g.20gb (0),1,,13,[CUDA memcpy Host-to-Device]
3248576944,12608,170594,,,,,,,,,,0.197,15593.767,Pinned,Device,NVIDIA A100-SXM4-40GB MIG 4g.20gb (0),1,,13,[CUDA memcpy Host-to-Device]
3248599216,10592,170595,273,1,1,48,1,1,40,0.000,0.001,,,,,NVIDIA A100-SXM4-40GB MIG 4g.20gb (0),1,,13,"void pusch_noise_intf_est::noiseIntfEstNoDftSOfdmKernel<float, __half, float, float, (unsigned int)2, (unsigned int)1, (unsigned char)4, (unsigned char)4>(pusch_noise_intf_est::puschRxNoiseIntfEstDynDescr)"
3248612848,3296,170606,35,1,1,128,1,1,16,0.000,0.000,,,,,NVIDIA A100-SXM4-40GB MIG 4g.20gb (0),1,,13,cupy_copy__complex64_complex64
3248620976,1984,170615,1,1,1,1,1,1,18,0.000,0.000,,,,,NVIDIA A100-SXM4-40GB MIG 4g.20gb (0),1,,13,cupy_copy__float32_float32
3248646768,1824,170621,,,,,,,,,,0.000,2.193,Device,Pageable,NVIDIA A100-SXM4-40GB MIG 4g.20gb (0),1,,7,[CUDA memcpy Device-to-Host]
3248707407,12832,170632,1434,1,1,128,1,1,16,0.000,0.000,,,,,NVIDIA A100-SXM4-40GB MIG 4g.20gb (0),1,,13,cupy_copy__complex64_complex64
3248734351,2719,170639,103,1,1,128,1,1,16,0.000,0.000,,,,,NVIDIA A100-SXM4-40GB MIG 4g.20gb (0),1,,13,cupy_copy__complex64_complex64
3248758286,2592,170646,35,1,1,128,1,1,16,0.000,0.000,,,,,NVIDIA A100-SXM4-40GB MIG 4g.20gb (0),1,,13,cupy_copy__complex64_complex64
3248777678,1824,170653,1,1,1,1,1,1,18,0.000,0.000,,,,,NVIDIA A100-SXM4-40GB MIG 4g.20gb (0),1,,13,cupy_copy__float32_float32
3248907916,81951,170664,1,1,1,32,32,1,30,0.000,0.000,,,,,NVIDIA A100-SXM4-40GB MIG 4g.20gb (0),1,,13,"void convert_kernel<__half2, float2>(tensor_layout_any, T1 *, tensor_layout_any, const T2 *)"
3249017611,5792,170667,,,,,,,,,,0.094,16176.708,Pinned,Device,NVIDIA A100-SXM4-40GB MIG 4g.20gb (0),1,,13,[CUDA memcpy Host-to-Device]
3249031755,3232,170668,,,,,,,,,,1.547,478533.199,Device,,NVIDIA A100-SXM4-40GB MIG 4g.20gb (0),1,,13,[CUDA memset]
3249038603,3040,170673,,,,,,,,,,0.031,10294.725,Pinned,Device,NVIDIA A100-SXM4-40GB MIG 4g.20gb (0),1,,13,[CUDA memcpy Host-to-Device]
3249043723,9408,170674,,,,,,,,,,0.197,20897.858,Pinned,Device,NVIDIA A100-SXM4-40GB MIG 4g.20gb (0),1,,13,[CUDA memcpy Host-to-Device]
3249058475,6399,170675,273,1,1,8,4,1,39,0.002,0.000,,,,,NVIDIA A100-SXM4-40GB MIG 4g.20gb (0),1,,13,"void channel_eq::eqMmseCoefCompLowMimoKernel<float, float, float, (unsigned int)4, (unsigned int)1, (unsigned int)4>(const channel_eq::_puschRxChEqStatDescr *, channel_eq::_puschRxChEqCoefCompDynDescr)"
3249065866,6048,170676,273,1,1,12,11,1,51,0.002,0.000,,,,,NVIDIA A100-SXM4-40GB MIG 4g.20gb (0),1,,13,"void channel_eq::eqMmseSoftDemapKernel<float, __half, __half, float, (unsigned int)4, (unsigned short)16383>(channel_eq::_puschRxChEqStatDescr *, channel_eq::_puschRxChEqSoftDemapDynDescr)"
3249072906,282717,170677,1,1,1,32,32,1,30,0.000,0.000,,,,,NVIDIA A100-SXM4-40GB MIG 4g.20gb (0),1,,13,"void convert_kernel<float2, __half2>(tensor_layout_any, T1 *, tensor_layout_any, const T2 *)"
3249356711,11104,170689,2253,1,1,128,1,1,16,0.000,0.000,,,,,NVIDIA A100-SXM4-40GB MIG 4g.20gb (0),1,,13,cupy_copy__float16_float16
3249370663,3840,170698,282,1,1,128,1,1,16,0.000,0.000,,,,,NVIDIA A100-SXM4-40GB MIG 4g.20gb (0),1,,13,cupy_copy__complex64_complex64
3249376647,2304,170707,26,1,1,128,1,1,16,0.000,0.000,,,,,NVIDIA A100-SXM4-40GB MIG 4g.20gb (0),1,,13,cupy_copy__float32_float32
3249380071,3647,170716,103,1,1,128,1,1,16,0.000,0.000,,,,,NVIDIA A100-SXM4-40GB MIG 4g.20gb (0),1,,13,cupy_copy__complex64_complex64
3249384710,12032,170726,1434,1,1,128,1,1,16,0.000,0.000,,,,,NVIDIA A100-SXM4-40GB MIG 4g.20gb (0),1,,13,cupy_copy__complex64_complex64
3249401126,83103,170731,1,1,1,32,32,1,30,0.000,0.000,,,,,NVIDIA A100-SXM4-40GB MIG 4g.20gb (0),1,,13,"void convert_kernel<__half2, float2>(tensor_layout_any, T1 *, tensor_layout_any, const T2 *)"
3249510885,5472,170734,,,,,,,,,,0.094,17122.757,Pinned,Device,NVIDIA A100-SXM4-40GB MIG 4g.20gb (0),1,,13,[CUDA memcpy Host-to-Device]
3249524069,602360,170735,,,,,,,,,,456.561,757891.990,Device,,NVIDIA A100-SXM4-40GB MIG 4g.20gb (0),1,,13,[CUDA memset]
3250132381,66783,170740,,,,,,,,,,1.235,18490.817,Pinned,Device,NVIDIA A100-SXM4-40GB MIG 4g.20gb (0),1,,13,[CUDA memcpy Host-to-Device]
3250204124,14912,170741,,,,,,,,,,0.197,13184.532,Pinned,Device,NVIDIA A100-SXM4-40GB MIG 4g.20gb (0),1,,13,[CUDA memcpy Host-to-Device]
3250225820,9632,170742,69,4,1,48,1,1,76,0.002,0.000,,,,,NVIDIA A100-SXM4-40GB MIG 4g.20gb (0),1,,13,"void ch_est::windowedChEstPreNoDftSOfdmKernel<float, __half, float, (unsigned int)2, (unsigned int)1, (unsigned short)4>(ch_est::puschRxChEstStatDescr_t *, ch_est::puschRxChEstDynDescr_t *)"
3250241724,6944,170743,137,2,1,24,2,1,44,0.001,0.001,,,,,NVIDIA A100-SXM4-40GB MIG 4g.20gb (0),1,,13,"void ch_est::chEstFilterNoDftSOfdmDispatchKernel<float, __half, float, (unsigned int)2>(ch_est::puschRxChEstStatDescr_t *, ch_est::puschRxChEstDynDescr_t *)"
3250250620,6752,170744,137,2,1,24,2,1,44,0.001,0.001,,,,,NVIDIA A100-SXM4-40GB MIG 4g.20gb (0),1,,13,"void ch_est::chEstFilterNoDftSOfdmDispatchKernel<float, __half, float, (unsigned int)2>(ch_est::puschRxChEstStatDescr_t *, ch_est::puschRxChEstDynDescr_t *)"
3250261564,2656,170755,103,1,1,128,1,1,16,0.000,0.000,,,,,NVIDIA A100-SXM4-40GB MIG 4g.20gb (0),1,,13,cupy_copy__complex64_complex64
3250267900,12671,170765,1434,1,1,128,1,1,16,0.000,0.000,,,,,NVIDIA A100-SXM4-40GB MIG 4g.20gb (0),1,,13,cupy_copy__complex64_complex64
3250285819,2656,170772,103,1,1,128,1,1,16,0.000,0.000,,,,,NVIDIA A100-SXM4-40GB MIG 4g.20gb (0),1,,13,cupy_copy__complex64_complex64
3250291835,83839,170779,1,1,1,32,32,1,30,0.000,0.000,,,,,NVIDIA A100-SXM4-40GB MIG 4g.20gb (0),1,,13,"void convert_kernel<__half2, float2>(tensor_layout_any, T1 *, tensor_layout_any, const T2 *)"
3250404890,9792,170782,,,,,,,,,,0.094,9568.610,Pinned,Device,NVIDIA A100-SXM4-40GB MIG 4g.20gb (0),1,,13,[CUDA memcpy Host-to-Device]
3250420250,49215,170783,,,,,,,,,,35.810,727621.764,Device,,NVIDIA A100-SXM4-40GB MIG 4g.20gb (0),1,,13,[CUDA memset]
3250475737,4096,170785,,,,,,,,,,0.000,19.531,Pinned,Device,NVIDIA A100-SXM4-40GB MIG 4g.20gb (0),1,,13,[CUDA memcpy Host-to-Device]
3250483673,14304,170786,,,,,,,,,,0.197,13744.865,Pinned,Device,NVIDIA A100-SXM4-40GB MIG 4g.20gb (0),1,,13,[CUDA memcpy Host-to-Device]
3250506521,11903,170787,273,1,1,48,1,1,40,0.000,0.001,,,,,NVIDIA A100-SXM4-40GB MIG 4g.20gb (0),1,,13,"void pusch_noise_intf_est::noiseIntfEstNoDftSOfdmKernel<float, __half, float, float, (unsigned int)2, (unsigned int)1, (unsigned char)4, (unsigned char)4>(pusch_noise_intf_est::puschRxNoiseIntfEstDynDescr)"
3250523640,2752,170798,35,1,1,128,1,1,16,0.000,0.000,,,,,NVIDIA A100-SXM4-40GB MIG 4g.20gb (0),1,,13,cupy_copy__complex64_complex64
3250529208,2304,170807,1,1,1,1,1,1,18,0.000,0.000,,,,,NVIDIA A100-SXM4-40GB MIG 4g.20gb (0),1,,13,cupy_copy__float32_float32
3250553752,2592,170813,,,,,,,,,,0.000,1.543,Device,Pageable,NVIDIA A100-SXM4-40GB MIG 4g.20gb (0),1,,7,[CUDA memcpy Device-to-Host]
3250615799,12992,170824,1434,1,1,128,1,1,16,0.000,0.000,,,,,NVIDIA A100-SXM4-40GB MIG 4g.20gb (0),1,,13,cupy_copy__complex64_complex64
3250646263,3136,170831,103,1,1,128,1,1,16,0.000,0.000,,,,,NVIDIA A100-SXM4-40GB MIG 4g.20gb (0),1,,13,cupy_copy__complex64_complex64
3250666551,2624,170838,35,1,1,128,1,1,16,0.000,0.000,,,,,NVIDIA A100-SXM4-40GB MIG 4g.20gb (0),1,,13,cupy_copy__complex64_complex64
3250684566,1792,170845,1,1,1,1,1,1,18,0.000,0.000,,,,,NVIDIA A100-SXM4-40GB MIG 4g.20gb (0),1,,13,cupy_copy__float32_float32
3250818357,87423,170856,1,1,1,32,32,1,30,0.000,0.000,,,,,NVIDIA A100-SXM4-40GB MIG 4g.20gb (0),1,,13,"void convert_kernel<__half2, float2>(tensor_layout_any, T1 *, tensor_layout_any, const T2 *)"
3250933779,5408,170859,,,,,,,,,,0.094,17325.421,Pinned,Device,NVIDIA A100-SXM4-40GB MIG 4g.20gb (0),1,,13,[CUDA memcpy Host-to-Device]
3250948435,3296,170860,,,,,,,,,,1.547,469242.628,Device,,NVIDIA A100-SXM4-40GB MIG 4g.20gb (0),1,,13,[CUDA memset]
3250955507,3136,170865,,,,,,,,,,0.031,9979.575,Pinned,Device,NVIDIA A100-SXM4-40GB MIG 4g.20gb (0),1,,13,[CUDA memcpy Host-to-Device]
3250961075,9504,170866,,,,,,,,,,0.197,20686.701,Pinned,Device,NVIDIA A100-SXM4-40GB MIG 4g.20gb (0),1,,13,[CUDA memcpy Host-to-Device]
3250977619,7296,170867,273,1,1,8,4,1,39,0.002,0.000,,,,,NVIDIA A100-SXM4-40GB MIG 4g.20gb (0),1,,13,"void channel_eq::eqMmseCoefCompLowMimoKernel<float, float, float, (unsigned int)4, (unsigned int)1, (unsigned int)4>(const channel_eq::_puschRxChEqStatDescr *, channel_eq::_puschRxChEqCoefCompDynDescr)"
3250985907,5792,170868,273,1,1,12,11,1,51,0.002,0.000,,,,,NVIDIA A100-SXM4-40GB MIG 4g.20gb (0),1,,13,"void channel_eq::eqMmseSoftDemapKernel<float, __half, __half, float, (unsigned int)4, (unsigned short)16383>(channel_eq::_puschRxChEqStatDescr *, channel_eq::_puschRxChEqSoftDemapDynDescr)"
3250992723,283100,170869,1,1,1,32,32,1,30,0.000,0.000,,,,,NVIDIA A100-SXM4-40GB MIG 4g.20gb (0),1,,13,"void convert_kernel<float2, __half2>(tensor_layout_any, T1 *, tensor_layout_any, const T2 *)"
3251277903,11008,170881,2253,1,1,128,1,1,16,0.000,0.000,,,,,NVIDIA A100-SXM4-40GB MIG 4g.20gb (0),1,,13,cupy_copy__float16_float16
3251291887,3680,170890,282,1,1,128,1,1,16,0.000,0.000,,,,,NVIDIA A100-SXM4-40GB MIG 4g.20gb (0),1,,13,cupy_copy__complex64_complex64
3251298319,2112,170899,26,1,1,128,1,1,16,0.000,0.000,,,,,NVIDIA A100-SXM4-40GB MIG 4g.20gb (0),1,,13,cupy_copy__float32_float32
3251301519,4800,170908,103,1,1,128,1,1,16,0.000,0.000,,,,,NVIDIA A100-SXM4-40GB MIG 4g.20gb (0),1,,13,cupy_copy__complex64_complex64
3251307343,11744,170918,1434,1,1,128,1,1,16,0.000,0.000,,,,,NVIDIA A100-SXM4-40GB MIG 4g.20gb (0),1,,13,cupy_copy__complex64_complex64
3251322383,81311,170923,1,1,1,32,32,1,30,0.000,0.000,,,,,NVIDIA A100-SXM4-40GB MIG 4g.20gb (0),1,,13,"void convert_kernel<__half2, float2>(tensor_layout_any, T1 *, tensor_layout_any, const T2 *)"
3251430445,5568,170926,,,,,,,,,,0.094,16827.521,Pinned,Device,NVIDIA A100-SXM4-40GB MIG 4g.20gb (0),1,,13,[CUDA memcpy Host-to-Device]
3251440653,604857,170927,,,,,,,,,,456.561,754696.060,Device,,NVIDIA A100-SXM4-40GB MIG 4g.20gb (0),1,,13,[CUDA memset]
3252046150,68383,170932,,,,,,,,,,1.235,18058.586,Pinned,Device,NVIDIA A100-SXM4-40GB MIG 4g.20gb (0),1,,13,[CUDA memcpy Host-to-Device]
3252118213,14528,170933,,,,,,,,,,0.197,13532.922,Pinned,Device,NVIDIA A100-SXM4-40GB MIG 4g.20gb (0),1,,13,[CUDA memcpy Host-to-Device]
3252141188,8384,170934,69,4,1,48,1,1,76,0.002,0.000,,,,,NVIDIA A100-SXM4-40GB MIG 4g.20gb (0),1,,13,"void ch_est::windowedChEstPreNoDftSOfdmKernel<float, __half, float, (unsigned int)2, (unsigned int)1, (unsigned short)4>(ch_est::puschRxChEstStatDescr_t *, ch_est::puschRxChEstDynDescr_t *)"
3252152644,6400,170935,137,2,1,24,2,1,44,0.001,0.001,,,,,NVIDIA A100-SXM4-40GB MIG 4g.20gb (0),1,,13,"void ch_est::chEstFilterNoDftSOfdmDispatchKernel<float, __half, float, (unsigned int)2>(ch_est::puschRxChEstStatDescr_t *, ch_est::puschRxChEstDynDescr_t *)"
3252164036,5440,170936,137,2,1,24,2,1,44,0.001,0.001,,,,,NVIDIA A100-SXM4-40GB MIG 4g.20gb (0),1,,13,"void ch_est::chEstFilterNoDftSOfdmDispatchKernel<float, __half, float, (unsigned int)2>(ch_est::puschRxChEstStatDescr_t *, ch_est::puschRxChEstDynDescr_t *)"
3252175012,2656,170947,103,1,1,128,1,1,16,0.000,0.000,,,,,NVIDIA A100-SXM4-40GB MIG 4g.20gb (0),1,,13,cupy_copy__complex64_complex64
3252180548,12800,170957,1434,1,1,128,1,1,16,0.000,0.000,,,,,NVIDIA A100-SXM4-40GB MIG 4g.20gb (0),1,,13,cupy_copy__complex64_complex64
3252195044,2720,170964,103,1,1,128,1,1,16,0.000,0.000,,,,,NVIDIA A100-SXM4-40GB MIG 4g.20gb (0),1,,13,cupy_copy__complex64_complex64
3252201668,84063,170971,1,1,1,32,32,1,30,0.000,0.000,,,,,NVIDIA A100-SXM4-40GB MIG 4g.20gb (0),1,,13,"void convert_kernel<__half2, float2>(tensor_layout_any, T1 *, tensor_layout_any, const T2 *)"
3252314850,8224,170974,,,,,,,,,,0.094,11392.965,Pinned,Device,NVIDIA A100-SXM4-40GB MIG 4g.20gb (0),1,,13,[CUDA memcpy Host-to-Device]
3252328770,47999,170975,,,,,,,,,,35.810,746028.063,Device,,NVIDIA A100-SXM4-40GB MIG 4g.20gb (0),1,,13,[CUDA memset]
3252379585,2528,170977,,,,,,,,,,0.000,31.646,Pinned,Device,NVIDIA A100-SXM4-40GB MIG 4g.20gb (0),1,,13,[CUDA memcpy Host-to-Device]
3252386785,13472,170978,,,,,,,,,,0.197,14593.819,Pinned,Device,NVIDIA A100-SXM4-40GB MIG 4g.20gb (0),1,,13,[CUDA memcpy Host-to-Device]
3252405409,10400,170979,273,1,1,48,1,1,40,0.000,0.001,,,,,NVIDIA A100-SXM4-40GB MIG 4g.20gb (0),1,,13,"void pusch_noise_intf_est::noiseIntfEstNoDftSOfdmKernel<float, __half, float, float, (unsigned int)2, (unsigned int)1, (unsigned char)4, (unsigned char)4>(pusch_noise_intf_est::puschRxNoiseIntfEstDynDescr)"
3252421313,2944,170990,35,1,1,128,1,1,16,0.000,0.000,,,,,NVIDIA A100-SXM4-40GB MIG 4g.20gb (0),1,,13,cupy_copy__complex64_complex64
3252436385,2048,170999,1,1,1,1,1,1,18,0.000,0.000,,,,,NVIDIA A100-SXM4-40GB MIG 4g.20gb (0),1,,13,cupy_copy__float32_float32
3252464800,1600,171005,,,,,,,,,,0.000,2.500,Device,Pageable,NVIDIA A100-SXM4-40GB MIG 4g.20gb (0),1,,7,[CUDA memcpy Device-to-Host]
3252530368,12863,171016,1434,1,1,128,1,1,16,0.000,0.000,,,,,NVIDIA A100-SXM4-40GB MIG 4g.20gb (0),1,,13,cupy_copy__complex64_complex64
3252555615,3456,171023,103,1,1,128,1,1,16,0.000,0.000,,,,,NVIDIA A100-SXM4-40GB MIG 4g.20gb (0),1,,13,cupy_copy__complex64_complex64
3252577535,2816,171030,35,1,1,128,1,1,16,0.000,0.000,,,,,NVIDIA A100-SXM4-40GB MIG 4g.20gb (0),1,,13,cupy_copy__complex64_complex64
3252594591,2208,171037,1,1,1,1,1,1,18,0.000,0.000,,,,,NVIDIA A100-SXM4-40GB MIG 4g.20gb (0),1,,13,cupy_copy__float32_float32
3252725309,87295,171048,1,1,1,32,32,1,30,0.000,0.000,,,,,NVIDIA A100-SXM4-40GB MIG 4g.20gb (0),1,,13,"void convert_kernel<__half2, float2>(tensor_layout_any, T1 *, tensor_layout_any, const T2 *)"
3252840380,5568,171051,,,,,,,,,,0.094,16827.521,Pinned,Device,NVIDIA A100-SXM4-40GB MIG 4g.20gb (0),1,,13,[CUDA memcpy Host-to-Device]
3252854972,3552,171052,,,,,,,,,,1.547,435422.601,Device,,NVIDIA A100-SXM4-40GB MIG 4g.20gb (0),1,,13,[CUDA memset]
3252861947,3232,171057,,,,,,,,,,0.031,9683.139,Pinned,Device,NVIDIA A100-SXM4-40GB MIG 4g.20gb (0),1,,13,[CUDA memcpy Host-to-Device]
3252867419,9440,171058,,,,,,,,,,0.197,20827.079,Pinned,Device,NVIDIA A100-SXM4-40GB MIG 4g.20gb (0),1,,13,[CUDA memcpy Host-to-Device]
3252881947,6336,171059,273,1,1,8,4,1,39,0.002,0.000,,,,,NVIDIA A100-SXM4-40GB MIG 4g.20gb (0),1,,13,"void channel_eq::eqMmseCoefCompLowMimoKernel<float, float, float, (unsigned int)4, (unsigned int)1, (unsigned int)4>(const channel_eq::_puschRxChEqStatDescr *, channel_eq::_puschRxChEqCoefCompDynDescr)"
3252889275,7712,171060,273,1,1,12,11,1,51,0.002,0.000,,,,,NVIDIA A100-SXM4-40GB MIG 4g.20gb (0),1,,13,"void channel_eq::eqMmseSoftDemapKernel<float, __half, __half, float, (unsigned int)4, (unsigned short)16383>(channel_eq::_puschRxChEqStatDescr *, channel_eq::_puschRxChEqSoftDemapDynDescr)"
3252899771,279485,171061,1,1,1,32,32,1,30,0.000,0.000,,,,,NVIDIA A100-SXM4-40GB MIG 4g.20gb (0),1,,13,"void convert_kernel<float2, __half2>(tensor_layout_any, T1 *, tensor_layout_any, const T2 *)"
3253180280,10847,171073,2253,1,1,128,1,1,16,0.000,0.000,,,,,NVIDIA A100-SXM4-40GB MIG 4g.20gb (0),1,,13,cupy_copy__float16_float16
3253192535,3200,171082,282,1,1,128,1,1,16,0.000,0.000,,,,,NVIDIA A100-SXM4-40GB MIG 4g.20gb (0),1,,13,cupy_copy__complex64_complex64
3253199095,2848,171091,26,1,1,128,1,1,16,0.000,0.000,,,,,NVIDIA A100-SXM4-40GB MIG 4g.20gb (0),1,,13,cupy_copy__float32_float32
3253203095,2784,171100,103,1,1,128,1,1,16,0.000,0.000,,,,,NVIDIA A100-SXM4-40GB MIG 4g.20gb (0),1,,13,cupy_copy__complex64_complex64
3253208279,11936,171110,1434,1,1,128,1,1,16,0.000,0.000,,,,,NVIDIA A100-SXM4-40GB MIG 4g.20gb (0),1,,13,cupy_copy__complex64_complex64
3253229943,85535,171115,1,1,1,32,32,1,30,0.000,0.000,,,,,NVIDIA A100-SXM4-40GB MIG 4g.20gb (0),1,,13,"void convert_kernel<__half2, float2>(tensor_layout_any, T1 *, tensor_layout_any, const T2 *)"
3253342134,5407,171118,,,,,,,,,,0.094,17328.607,Pinned,Device,NVIDIA A100-SXM4-40GB MIG 4g.20gb (0),1,,13,[CUDA memcpy Host-to-Device]
3253351893,604761,171119,,,,,,,,,,456.561,754696.060,Device,,NVIDIA A100-SXM4-40GB MIG 4g.20gb (0),1,,13,[CUDA memset]
3253961390,74527,171124,,,,,,,,,,1.235,16569.244,Pinned,Device,NVIDIA A100-SXM4-40GB MIG 4g.20gb (0),1,,13,[CUDA memcpy Host-to-Device]
3254039277,14912,171125,,,,,,,,,,0.197,13184.532,Pinned,Device,NVIDIA A100-SXM4-40GB MIG 4g.20gb (0),1,,13,[CUDA memcpy Host-to-Device]
3254061581,8480,171126,69,4,1,48,1,1,76,0.002,0.000,,,,,NVIDIA A100-SXM4-40GB MIG 4g.20gb (0),1,,13,"void ch_est::windowedChEstPreNoDftSOfdmKernel<float, __half, float, (unsigned int)2, (unsigned int)1, (unsigned short)4>(ch_est::puschRxChEstStatDescr_t *, ch_est::puschRxChEstDynDescr_t *)"
3254076364,6912,171127,137,2,1,24,2,1,44,0.001,0.001,,,,,NVIDIA A100-SXM4-40GB MIG 4g.20gb (0),1,,13,"void ch_est::chEstFilterNoDftSOfdmDispatchKernel<float, __half, float, (unsigned int)2>(ch_est::puschRxChEstStatDescr_t *, ch_est::puschRxChEstDynDescr_t *)"
3254087500,5440,171128,137,2,1,24,2,1,44,0.001,0.001,,,,,NVIDIA A100-SXM4-40GB MIG 4g.20gb (0),1,,13,"void ch_est::chEstFilterNoDftSOfdmDispatchKernel<float, __half, float, (unsigned int)2>(ch_est::puschRxChEstStatDescr_t *, ch_est::puschRxChEstDynDescr_t *)"
3254098700,2720,171139,103,1,1,128,1,1,16,0.000,0.000,,,,,NVIDIA A100-SXM4-40GB MIG 4g.20gb (0),1,,13,cupy_copy__complex64_complex64
3254103468,12576,171149,1434,1,1,128,1,1,16,0.000,0.000,,,,,NVIDIA A100-SXM4-40GB MIG 4g.20gb (0),1,,13,cupy_copy__complex64_complex64
3254122188,2560,171156,103,1,1,128,1,1,16,0.000,0.000,,,,,NVIDIA A100-SXM4-40GB MIG 4g.20gb (0),1,,13,cupy_copy__complex64_complex64
3254130092,84671,171163,1,1,1,32,32,1,30,0.000,0.000,,,,,NVIDIA A100-SXM4-40GB MIG 4g.20gb (0),1,,13,"void convert_kernel<__half2, float2>(tensor_layout_any, T1 *, tensor_layout_any, const T2 *)"
3254243146,8384,171166,,,,,,,,,,0.094,11175.497,Pinned,Device,NVIDIA A100-SXM4-40GB MIG 4g.20gb (0),1,,13,[CUDA memcpy Host-to-Device]
3254258090,48320,171167,,,,,,,,,,35.810,741086.294,Device,,NVIDIA A100-SXM4-40GB MIG 4g.20gb (0),1,,13,[CUDA memset]
3254310570,2784,171169,,,,,,,,,,0.000,28.736,Pinned,Device,NVIDIA A100-SXM4-40GB MIG 4g.20gb (0),1,,13,[CUDA memcpy Host-to-Device]
3254316970,13759,171170,,,,,,,,,,0.197,14289.273,Pinned,Device,NVIDIA A100-SXM4-40GB MIG 4g.20gb (0),1,,13,[CUDA memcpy Host-to-Device]
3254338569,10656,171171,273,1,1,48,1,1,40,0.000,0.001,,,,,NVIDIA A100-SXM4-40GB MIG 4g.20gb (0),1,,13,"void pusch_noise_intf_est::noiseIntfEstNoDftSOfdmKernel<float, __half, float, float, (unsigned int)2, (unsigned int)1, (unsigned char)4, (unsigned char)4>(pusch_noise_intf_est::puschRxNoiseIntfEstDynDescr)"
3254350825,3296,171182,35,1,1,128,1,1,16,0.000,0.000,,,,,NVIDIA A100-SXM4-40GB MIG 4g.20gb (0),1,,13,cupy_copy__complex64_complex64
3254363593,1984,171191,1,1,1,1,1,1,18,0.000,0.000,,,,,NVIDIA A100-SXM4-40GB MIG 4g.20gb (0),1,,13,cupy_copy__float32_float32
3254397065,2559,171197,,,,,,,,,,0.000,1.563,Device,Pageable,NVIDIA A100-SXM4-40GB MIG 4g.20gb (0),1,,7,[CUDA memcpy Device-to-Host]
3254460232,13344,171208,1434,1,1,128,1,1,16,0.000,0.000,,,,,NVIDIA A100-SXM4-40GB MIG 4g.20gb (0),1,,13,cupy_copy__complex64_complex64
3254486695,2784,171215,103,1,1,128,1,1,16,0.000,0.000,,,,,NVIDIA A100-SXM4-40GB MIG 4g.20gb (0),1,,13,cupy_copy__complex64_complex64
3254507431,2336,171222,35,1,1,128,1,1,16,0.000,0.000,,,,,NVIDIA A100-SXM4-40GB MIG 4g.20gb (0),1,,13,cupy_copy__complex64_complex64
3254525127,1728,171229,1,1,1,1,1,1,18,0.000,0.000,,,,,NVIDIA A100-SXM4-40GB MIG 4g.20gb (0),1,,13,cupy_copy__float32_float32
3254657029,82751,171240,1,1,1,32,32,1,30,0.000,0.000,,,,,NVIDIA A100-SXM4-40GB MIG 4g.20gb (0),1,,13,"void convert_kernel<__half2, float2>(tensor_layout_any, T1 *, tensor_layout_any, const T2 *)"
3254767460,5376,171243,,,,,,,,,,0.094,17428.487,Pinned,Device,NVIDIA A100-SXM4-40GB MIG 4g.20gb (0),1,,13,[CUDA memcpy Host-to-Device]
3254783108,3424,171244,,,,,,,,,,1.547,451700.819,Device,,NVIDIA A100-SXM4-40GB MIG 4g.20gb (0),1,,13,[CUDA memset]
3254788676,3040,171249,,,,,,,,,,0.031,10294.725,Pinned,Device,NVIDIA A100-SXM4-40GB MIG 4g.20gb (0),1,,13,[CUDA memcpy Host-to-Device]
3254794180,9407,171250,,,,,,,,,,0.197,20900.020,Pinned,Device,NVIDIA A100-SXM4-40GB MIG 4g.20gb (0),1,,13,[CUDA memcpy Host-to-Device]
3254809123,6336,171251,273,1,1,8,4,1,39,0.002,0.000,,,,,NVIDIA A100-SXM4-40GB MIG 4g.20gb (0),1,,13,"void channel_eq::eqMmseCoefCompLowMimoKernel<float, float, float, (unsigned int)4, (unsigned int)1, (unsigned int)4>(const channel_eq::_puschRxChEqStatDescr *, channel_eq::_puschRxChEqCoefCompDynDescr)"
3254817411,6048,171252,273,1,1,12,11,1,51,0.002,0.000,,,,,NVIDIA A100-SXM4-40GB MIG 4g.20gb (0),1,,13,"void channel_eq::eqMmseSoftDemapKernel<float, __half, __half, float, (unsigned int)4, (unsigned short)16383>(channel_eq::_puschRxChEqStatDescr *, channel_eq::_puschRxChEqSoftDemapDynDescr)"
3254824419,281725,171253,1,1,1,32,32,1,30,0.000,0.000,,,,,NVIDIA A100-SXM4-40GB MIG 4g.20gb (0),1,,13,"void convert_kernel<float2, __half2>(tensor_layout_any, T1 *, tensor_layout_any, const T2 *)"
3255109248,11104,171265,2253,1,1,128,1,1,16,0.000,0.000,,,,,NVIDIA A100-SXM4-40GB MIG 4g.20gb (0),1,,13,cupy_copy__float16_float16
3255123744,3903,171274,282,1,1,128,1,1,16,0.000,0.000,,,,,NVIDIA A100-SXM4-40GB MIG 4g.20gb (0),1,,13,cupy_copy__complex64_complex64
3255128799,2240,171283,26,1,1,128,1,1,16,0.000,0.000,,,,,NVIDIA A100-SXM4-40GB MIG 4g.20gb (0),1,,13,cupy_copy__float32_float32
3255133215,2784,171292,103,1,1,128,1,1,16,0.000,0.000,,,,,NVIDIA A100-SXM4-40GB MIG 4g.20gb (0),1,,13,cupy_copy__complex64_complex64
3255190943,11808,171308,1434,1,1,128,1,1,16,0.000,0.000,,,,,NVIDIA A100-SXM4-40GB MIG 4g.20gb (0),1,,13,cupy_copy__complex64_complex64
3255307293,83423,171313,1,1,1,32,32,1,30,0.000,0.000,,,,,NVIDIA A100-SXM4-40GB MIG 4g.20gb (0),1,,13,"void convert_kernel<__half2, float2>(tensor_layout_any, T1 *, tensor_layout_any, const T2 *)"
3255417340,5376,171316,,,,,,,,,,0.094,17428.487,Pinned,Device,NVIDIA A100-SXM4-40GB MIG 4g.20gb (0),1,,13,[CUDA memcpy Host-to-Device]
3255428252,602392,171317,,,,,,,,,,456.561,757891.990,Device,,NVIDIA A100-SXM4-40GB MIG 4g.20gb (0),1,,13,[CUDA memset]
3256036724,66879,171322,,,,,,,,,,1.235,18464.883,Pinned,Device,NVIDIA A100-SXM4-40GB MIG 4g.20gb (0),1,,13,[CUDA memcpy Host-to-Device]
3256108467,14752,171323,,,,,,,,,,0.197,13327.466,Pinned,Device,NVIDIA A100-SXM4-40GB MIG 4g.20gb (0),1,,13,[CUDA memcpy Host-to-Device]
3256131379,8736,171324,69,4,1,48,1,1,76,0.002,0.000,,,,,NVIDIA A100-SXM4-40GB MIG 4g.20gb (0),1,,13,"void ch_est::windowedChEstPreNoDftSOfdmKernel<float, __half, float, (unsigned int)2, (unsigned int)1, (unsigned short)4>(ch_est::puschRxChEstStatDescr_t *, ch_est::puschRxChEstDynDescr_t *)"
3256142419,7680,171325,137,2,1,24,2,1,44,0.001,0.001,,,,,NVIDIA A100-SXM4-40GB MIG 4g.20gb (0),1,,13,"void ch_est::chEstFilterNoDftSOfdmDispatchKernel<float, __half, float, (unsigned int)2>(ch_est::puschRxChEstStatDescr_t *, ch_est::puschRxChEstDynDescr_t *)"
3256152051,5184,171326,137,2,1,24,2,1,44,0.001,0.001,,,,,NVIDIA A100-SXM4-40GB MIG 4g.20gb (0),1,,13,"void ch_est::chEstFilterNoDftSOfdmDispatchKernel<float, __half, float, (unsigned int)2>(ch_est::puschRxChEstStatDescr_t *, ch_est::puschRxChEstDynDescr_t *)"
3256163027,2528,171337,103,1,1,128,1,1,16,0.000,0.000,,,,,NVIDIA A100-SXM4-40GB MIG 4g.20gb (0),1,,13,cupy_copy__complex64_complex64
3256168403,12575,171347,1434,1,1,128,1,1,16,0.000,0.000,,,,,NVIDIA A100-SXM4-40GB MIG 4g.20gb (0),1,,13,cupy_copy__complex64_complex64
3256183282,2944,171354,103,1,1,128,1,1,16,0.000,0.000,,,,,NVIDIA A100-SXM4-40GB MIG 4g.20gb (0),1,,13,cupy_copy__complex64_complex64
3256190034,89535,171361,1,1,1,32,32,1,30,0.000,0.000,,,,,NVIDIA A100-SXM4-40GB MIG 4g.20gb (0),1,,13,"void convert_kernel<__half2, float2>(tensor_layout_any, T1 *, tensor_layout_any, const T2 *)"
3256309105,7104,171364,,,,,,,,,,0.094,13189.117,Pinned,Device,NVIDIA A100-SXM4-40GB MIG 4g.20gb (0),1,,13,[CUDA memcpy Host-to-Device]
3256323025,48031,171365,,,,,,,,,,35.810,745526.724,Device,,NVIDIA A100-SXM4-40GB MIG 4g.20gb (0),1,,13,[CUDA memset]
3256375600,2560,171367,,,,,,,,,,0.000,31.250,Pinned,Device,NVIDIA A100-SXM4-40GB MIG 4g.20gb (0),1,,13,[CUDA memcpy Host-to-Device]
3256382192,9952,171368,,,,,,,,,,0.197,19755.565,Pinned,Device,NVIDIA A100-SXM4-40GB MIG 4g.20gb (0),1,,13,[CUDA memcpy Host-to-Device]
3256397264,12896,171369,273,1,1,48,1,1,40,0.000,0.001,,,,,NVIDIA A100-SXM4-40GB MIG 4g.20gb (0),1,,13,"void pusch_noise_intf_est::noiseIntfEstNoDftSOfdmKernel<float, __half, float, float, (unsigned int)2, (unsigned int)1, (unsigned char)4, (unsigned char)4>(pusch_noise_intf_est::puschRxNoiseIntfEstDynDescr)"
3256411984,3008,171380,35,1,1,128,1,1,16,0.000,0.000,,,,,NVIDIA A100-SXM4-40GB MIG 4g.20gb (0),1,,13,cupy_copy__complex64_complex64
3256431887,1984,171389,1,1,1,1,1,1,18,0.000,0.000,,,,,NVIDIA A100-SXM4-40GB MIG 4g.20gb (0),1,,13,cupy_copy__float32_float32
3256462799,1632,171395,,,,,,,,,,0.000,2.451,Device,Pageable,NVIDIA A100-SXM4-40GB MIG 4g.20gb (0),1,,7,[CUDA memcpy Device-to-Host]
3256521806,12832,171406,1434,1,1,128,1,1,16,0.000,0.000,,,,,NVIDIA A100-SXM4-40GB MIG 4g.20gb (0),1,,13,cupy_copy__complex64_complex64
3256548526,2944,171413,103,1,1,128,1,1,16,0.000,0.000,,,,,NVIDIA A100-SXM4-40GB MIG 4g.20gb (0),1,,13,cupy_copy__complex64_complex64
3256569614,2400,171420,35,1,1,128,1,1,16,0.000,0.000,,,,,NVIDIA A100-SXM4-40GB MIG 4g.20gb (0),1,,13,cupy_copy__complex64_complex64
3256586861,1824,171427,1,1,1,1,1,1,18,0.000,0.000,,,,,NVIDIA A100-SXM4-40GB MIG 4g.20gb (0),1,,13,cupy_copy__float32_float32
3256720620,82495,171438,1,1,1,32,32,1,30,0.000,0.000,,,,,NVIDIA A100-SXM4-40GB MIG 4g.20gb (0),1,,13,"void convert_kernel<__half2, float2>(tensor_layout_any, T1 *, tensor_layout_any, const T2 *)"
3256830442,5408,171441,,,,,,,,,,0.094,17325.421,Pinned,Device,NVIDIA A100-SXM4-40GB MIG 4g.20gb (0),1,,13,[CUDA memcpy Host-to-Device]
3256844522,3328,171442,,,,,,,,,,1.547,464729.580,Device,,NVIDIA A100-SXM4-40GB MIG 4g.20gb (0),1,,13,[CUDA memset]
3256851402,3040,171447,,,,,,,,,,0.031,10294.725,Pinned,Device,NVIDIA A100-SXM4-40GB MIG 4g.20gb (0),1,,13,[CUDA memcpy Host-to-Device]
3256856874,9568,171448,,,,,,,,,,0.197,20548.485,Pinned,Device,NVIDIA A100-SXM4-40GB MIG 4g.20gb (0),1,,13,[CUDA memcpy Host-to-Device]
3256871786,6592,171449,273,1,1,8,4,1,39,0.002,0.000,,,,,NVIDIA A100-SXM4-40GB MIG 4g.20gb (0),1,,13,"void channel_eq::eqMmseCoefCompLowMimoKernel<float, float, float, (unsigned int)4, (unsigned int)1, (unsigned int)4>(const channel_eq::_puschRxChEqStatDescr *, channel_eq::_puschRxChEqCoefCompDynDescr)"
3256880618,7456,171450,273,1,1,12,11,1,51,0.002,0.000,,,,,NVIDIA A100-SXM4-40GB MIG 4g.20gb (0),1,,13,"void channel_eq::eqMmseSoftDemapKernel<float, __half, __half, float, (unsigned int)4, (unsigned short)16383>(channel_eq::_puschRxChEqStatDescr *, channel_eq::_puschRxChEqSoftDemapDynDescr)"
3256889194,282780,171451,1,1,1,32,32,1,30,0.000,0.000,,,,,NVIDIA A100-SXM4-40GB MIG 4g.20gb (0),1,,13,"void convert_kernel<float2, __half2>(tensor_layout_any, T1 *, tensor_layout_any, const T2 *)"
3257172966,10944,171463,2253,1,1,128,1,1,16,0.000,0.000,,,,,NVIDIA A100-SXM4-40GB MIG 4g.20gb (0),1,,13,cupy_copy__float16_float16
3257185670,3200,171472,282,1,1,128,1,1,16,0.000,0.000,,,,,NVIDIA A100-SXM4-40GB MIG 4g.20gb (0),1,,13,cupy_copy__complex64_complex64
3257190598,2176,171481,26,1,1,128,1,1,16,0.000,0.000,,,,,NVIDIA A100-SXM4-40GB MIG 4g.20gb (0),1,,13,cupy_copy__float32_float32
3257195462,2880,171490,103,1,1,128,1,1,16,0.000,0.000,,,,,NVIDIA A100-SXM4-40GB MIG 4g.20gb (0),1,,13,cupy_copy__complex64_complex64
3257199430,12224,171500,1434,1,1,128,1,1,16,0.000,0.000,,,,,NVIDIA A100-SXM4-40GB MIG 4g.20gb (0),1,,13,cupy_copy__complex64_complex64
3257221190,86687,171505,1,1,1,32,32,1,30,0.000,0.000,,,,,NVIDIA A100-SXM4-40GB MIG 4g.20gb (0),1,,13,"void convert_kernel<__half2, float2>(tensor_layout_any, T1 *, tensor_layout_any, const T2 *)"
3257334724,5664,171508,,,,,,,,,,0.094,16542.310,Pinned,Device,NVIDIA A100-SXM4-40GB MIG 4g.20gb (0),1,,13,[CUDA memcpy Host-to-Device]
3257344676,604697,171509,,,,,,,,,,456.561,754696.060,Device,,NVIDIA A100-SXM4-40GB MIG 4g.20gb (0),1,,13,[CUDA memset]
3257953917,71679,171514,,,,,,,,,,1.235,17228.704,Pinned,Device,NVIDIA A100-SXM4-40GB MIG 4g.20gb (0),1,,13,[CUDA memcpy Host-to-Device]
3258029756,14495,171515,,,,,,,,,,0.197,13563.789,Pinned,Device,NVIDIA A100-SXM4-40GB MIG 4g.20gb (0),1,,13,[CUDA memcpy Host-to-Device]
3258054651,8224,171516,69,4,1,48,1,1,76,0.002,0.000,,,,,NVIDIA A100-SXM4-40GB MIG 4g.20gb (0),1,,13,"void ch_est::windowedChEstPreNoDftSOfdmKernel<float, __half, float, (unsigned int)2, (unsigned int)1, (unsigned short)4>(ch_est::puschRxChEstStatDescr_t *, ch_est::puschRxChEstDynDescr_t *)"
3258065659,6464,171517,137,2,1,24,2,1,44,0.001,0.001,,,,,NVIDIA A100-SXM4-40GB MIG 4g.20gb (0),1,,13,"void ch_est::chEstFilterNoDftSOfdmDispatchKernel<float, __half, float, (unsigned int)2>(ch_est::puschRxChEstStatDescr_t *, ch_est::puschRxChEstDynDescr_t *)"
3258075995,5792,171518,137,2,1,24,2,1,44,0.001,0.001,,,,,NVIDIA A100-SXM4-40GB MIG 4g.20gb (0),1,,13,"void ch_est::chEstFilterNoDftSOfdmDispatchKernel<float, __half, float, (unsigned int)2>(ch_est::puschRxChEstStatDescr_t *, ch_est::puschRxChEstDynDescr_t *)"
3258084891,2528,171529,103,1,1,128,1,1,16,0.000,0.000,,,,,NVIDIA A100-SXM4-40GB MIG 4g.20gb (0),1,,13,cupy_copy__complex64_complex64
3258091483,12480,171539,1434,1,1,128,1,1,16,0.000,0.000,,,,,NVIDIA A100-SXM4-40GB MIG 4g.20gb (0),1,,13,cupy_copy__complex64_complex64
3258108763,2560,171546,103,1,1,128,1,1,16,0.000,0.000,,,,,NVIDIA A100-SXM4-40GB MIG 4g.20gb (0),1,,13,cupy_copy__complex64_complex64
3258114587,89150,171553,1,1,1,32,32,1,30,0.000,0.000,,,,,NVIDIA A100-SXM4-40GB MIG 4g.20gb (0),1,,13,"void convert_kernel<__half2, float2>(tensor_layout_any, T1 *, tensor_layout_any, const T2 *)"
3258232025,7264,171556,,,,,,,,,,0.094,12898.660,Pinned,Device,NVIDIA A100-SXM4-40GB MIG 4g.20gb (0),1,,13,[CUDA memcpy Host-to-Device]
3258249433,47487,171557,,,,,,,,,,35.810,754085.295,Device,,NVIDIA A100-SXM4-40GB MIG 4g.20gb (0),1,,13,[CUDA memset]
3258298136,3232,171559,,,,,,,,,,0.000,24.752,Pinned,Device,NVIDIA A100-SXM4-40GB MIG 4g.20gb (0),1,,13,[CUDA memcpy Host-to-Device]
3258304376,12384,171560,,,,,,,,,,0.197,15875.899,Pinned,Device,NVIDIA A100-SXM4-40GB MIG 4g.20gb (0),1,,13,[CUDA memcpy Host-to-Device]
3258322968,12416,171561,273,1,1,48,1,1,40,0.000,0.001,,,,,NVIDIA A100-SXM4-40GB MIG 4g.20gb (0),1,,13,"void pusch_noise_intf_est::noiseIntfEstNoDftSOfdmKernel<float, __half, float, float, (unsigned int)2, (unsigned int)1, (unsigned char)4, (unsigned char)4>(pusch_noise_intf_est::puschRxNoiseIntfEstDynDescr)"
3258337560,3104,171572,35,1,1,128,1,1,16,0.000,0.000,,,,,NVIDIA A100-SXM4-40GB MIG 4g.20gb (0),1,,13,cupy_copy__complex64_complex64
3258353208,2016,171581,1,1,1,1,1,1,18,0.000,0.000,,,,,NVIDIA A100-SXM4-40GB MIG 4g.20gb (0),1,,13,cupy_copy__float32_float32
3258384951,2048,171587,,,,,,,,,,0.000,1.953,Device,Pageable,NVIDIA A100-SXM4-40GB MIG 4g.20gb (0),1,,7,[CUDA memcpy Device-to-Host]
3258445526,13152,171598,1434,1,1,128,1,1,16,0.000,0.000,,,,,NVIDIA A100-SXM4-40GB MIG 4g.20gb (0),1,,13,cupy_copy__complex64_complex64
3258470774,3520,171605,103,1,1,128,1,1,16,0.000,0.000,,,,,NVIDIA A100-SXM4-40GB MIG 4g.20gb (0),1,,13,cupy_copy__complex64_complex64
3258491958,2240,171612,35,1,1,128,1,1,16,0.000,0.000,,,,,NVIDIA A100-SXM4-40GB MIG 4g.20gb (0),1,,13,cupy_copy__complex64_complex64
3258510454,1760,171619,1,1,1,1,1,1,18,0.000,0.000,,,,,NVIDIA A100-SXM4-40GB MIG 4g.20gb (0),1,,13,cupy_copy__float32_float32
3258639668,82591,171630,1,1,1,32,32,1,30,0.000,0.000,,,,,NVIDIA A100-SXM4-40GB MIG 4g.20gb (0),1,,13,"void convert_kernel<__half2, float2>(tensor_layout_any, T1 *, tensor_layout_any, const T2 *)"
3258749459,5472,171633,,,,,,,,,,0.094,17122.757,Pinned,Device,NVIDIA A100-SXM4-40GB MIG 4g.20gb (0),1,,13,[CUDA memcpy Host-to-Device]
3258763763,3231,171634,,,,,,,,,,1.547,478681.675,Device,,NVIDIA A100-SXM4-40GB MIG 4g.20gb (0),1,,13,[CUDA memset]
3258770994,3360,171639,,,,,,,,,,0.031,9314.284,Pinned,Device,NVIDIA A100-SXM4-40GB MIG 4g.20gb (0),1,,13,[CUDA memcpy Host-to-Device]
3258776914,9440,171640,,,,,,,,,,0.197,20827.079,Pinned,Device,NVIDIA A100-SXM4-40GB MIG 4g.20gb (0),1,,13,[CUDA memcpy Host-to-Device]
3258791730,6560,171641,273,1,1,8,4,1,39,0.002,0.000,,,,,NVIDIA A100-SXM4-40GB MIG 4g.20gb (0),1,,13,"void channel_eq::eqMmseCoefCompLowMimoKernel<float, float, float, (unsigned int)4, (unsigned int)1, (unsigned int)4>(const channel_eq::_puschRxChEqStatDescr *, channel_eq::_puschRxChEqCoefCompDynDescr)"
3258799346,5632,171642,273,1,1,12,11,1,51,0.002,0.000,,,,,NVIDIA A100-SXM4-40GB MIG 4g.20gb (0),1,,13,"void channel_eq::eqMmseSoftDemapKernel<float, __half, __half, float, (unsigned int)4, (unsigned short)16383>(channel_eq::_puschRxChEqStatDescr *, channel_eq::_puschRxChEqSoftDemapDynDescr)"
3258806002,282717,171643,1,1,1,32,32,1,30,0.000,0.000,,,,,NVIDIA A100-SXM4-40GB MIG 4g.20gb (0),1,,13,"void convert_kernel<float2, __half2>(tensor_layout_any, T1 *, tensor_layout_any, const T2 *)"
3259620776,10848,171655,2253,1,1,128,1,1,16,0.000,0.000,,,,,NVIDIA A100-SXM4-40GB MIG 4g.20gb (0),1,,13,cupy_copy__float16_float16
3259763398,2816,171664,282,1,1,128,1,1,16,0.000,0.000,,,,,NVIDIA A100-SXM4-40GB MIG 4g.20gb (0),1,,13,cupy_copy__complex64_complex64
3259806758,2048,171673,26,1,1,128,1,1,16,0.000,0.000,,,,,NVIDIA A100-SXM4-40GB MIG 4g.20gb (0),1,,13,cupy_copy__float32_float32
3259865829,2816,171682,103,1,1,128,1,1,16,0.000,0.000,,,,,NVIDIA A100-SXM4-40GB MIG 4g.20gb (0),1,,13,cupy_copy__complex64_complex64
3259993763,12544,171692,1434,1,1,128,1,1,16,0.000,0.000,,,,,NVIDIA A100-SXM4-40GB MIG 4g.20gb (0),1,,13,cupy_copy__complex64_complex64
3260201153,85343,171697,1,1,1,32,32,1,30,0.000,0.000,,,,,NVIDIA A100-SXM4-40GB MIG 4g.20gb (0),1,,13,"void convert_kernel<__half2, float2>(tensor_layout_any, T1 *, tensor_layout_any, const T2 *)"
3260319263,5408,171700,,,,,,,,,,0.094,17325.421,Pinned,Device,NVIDIA A100-SXM4-40GB MIG 4g.20gb (0),1,,13,[CUDA memcpy Host-to-Device]
3260331615,612473,171701,,,,,,,,,,456.561,745108.270,Device,,NVIDIA A100-SXM4-40GB MIG 4g.20gb (0),1,,13,[CUDA memset]
3260947032,66431,171706,,,,,,,,,,1.235,18589.612,Pinned,Device,NVIDIA A100-SXM4-40GB MIG 4g.20gb (0),1,,13,[CUDA memcpy Host-to-Device]
3261016599,13312,171707,,,,,,,,,,0.197,14769.193,Pinned,Device,NVIDIA A100-SXM4-40GB MIG 4g.20gb (0),1,,13,[CUDA memcpy Host-to-Device]
3261038454,8288,171708,69,4,1,48,1,1,76,0.002,0.000,,,,,NVIDIA A100-SXM4-40GB MIG 4g.20gb (0),1,,13,"void ch_est::windowedChEstPreNoDftSOfdmKernel<float, __half, float, (unsigned int)2, (unsigned int)1, (unsigned short)4>(ch_est::puschRxChEstStatDescr_t *, ch_est::puschRxChEstDynDescr_t *)"
3261048214,6528,171709,137,2,1,24,2,1,44,0.001,0.001,,,,,NVIDIA A100-SXM4-40GB MIG 4g.20gb (0),1,,13,"void ch_est::chEstFilterNoDftSOfdmDispatchKernel<float, __half, float, (unsigned int)2>(ch_est::puschRxChEstStatDescr_t *, ch_est::puschRxChEstDynDescr_t *)"
3261059126,6624,171710,137,2,1,24,2,1,44,0.001,0.001,,,,,NVIDIA A100-SXM4-40GB MIG 4g.20gb (0),1,,13,"void ch_est::chEstFilterNoDftSOfdmDispatchKernel<float, __half, float, (unsigned int)2>(ch_est::puschRxChEstStatDescr_t *, ch_est::puschRxChEstDynDescr_t *)"
3261069302,2976,171721,103,1,1,128,1,1,16,0.000,0.000,,,,,NVIDIA A100-SXM4-40GB MIG 4g.20gb (0),1,,13,cupy_copy__complex64_complex64
3261077206,12544,171731,1434,1,1,128,1,1,16,0.000,0.000,,,,,NVIDIA A100-SXM4-40GB MIG 4g.20gb (0),1,,13,cupy_copy__complex64_complex64
3261091990,2752,171738,103,1,1,128,1,1,16,0.000,0.000,,,,,NVIDIA A100-SXM4-40GB MIG 4g.20gb (0),1,,13,cupy_copy__complex64_complex64
3261097910,92063,171745,1,1,1,32,32,1,30,0.000,0.000,,,,,NVIDIA A100-SXM4-40GB MIG 4g.20gb (0),1,,13,"void convert_kernel<__half2, float2>(tensor_layout_any, T1 *, tensor_layout_any, const T2 *)"
3261217428,5472,171748,,,,,,,,,,0.094,17122.757,Pinned,Device,NVIDIA A100-SXM4-40GB MIG 4g.20gb (0),1,,13,[CUDA memcpy Host-to-Device]
3261229172,47391,171749,,,,,,,,,,35.810,755625.122,Device,,NVIDIA A100-SXM4-40GB MIG 4g.20gb (0),1,,13,[CUDA memset]
3261283603,2144,171751,,,,,,,,,,0.000,37.313,Pinned,Device,NVIDIA A100-SXM4-40GB MIG 4g.20gb (0),1,,13,[CUDA memcpy Host-to-Device]
3261288339,10144,171752,,,,,,,,,,0.197,19381.617,Pinned,Device,NVIDIA A100-SXM4-40GB MIG 4g.20gb (0),1,,13,[CUDA memcpy Host-to-Device]
3261304691,12480,171753,273,1,1,48,1,1,40,0.000,0.001,,,,,NVIDIA A100-SXM4-40GB MIG 4g.20gb (0),1,,13,"void pusch_noise_intf_est::noiseIntfEstNoDftSOfdmKernel<float, __half, float, float, (unsigned int)2, (unsigned int)1, (unsigned char)4, (unsigned char)4>(pusch_noise_intf_est::puschRxNoiseIntfEstDynDescr)"
3261318771,3136,171764,35,1,1,128,1,1,16,0.000,0.000,,,,,NVIDIA A100-SXM4-40GB MIG 4g.20gb (0),1,,13,cupy_copy__complex64_complex64
3261345459,2048,171773,1,1,1,1,1,1,18,0.000,0.000,,,,,NVIDIA A100-SXM4-40GB MIG 4g.20gb (0),1,,13,cupy_copy__float32_float32
3261400498,1568,171779,,,,,,,,,,0.000,2.551,Device,Pageable,NVIDIA A100-SXM4-40GB MIG 4g.20gb (0),1,,7,[CUDA memcpy Device-to-Host]
3261464689,12992,171790,1434,1,1,128,1,1,16,0.000,0.000,,,,,NVIDIA A100-SXM4-40GB MIG 4g.20gb (0),1,,13,cupy_copy__complex64_complex64
3261494993,2752,171797,103,1,1,128,1,1,16,0.000,0.000,,,,,NVIDIA A100-SXM4-40GB MIG 4g.20gb (0),1,,13,cupy_copy__complex64_complex64
3261515697,2335,171804,35,1,1,128,1,1,16,0.000,0.000,,,,,NVIDIA A100-SXM4-40GB MIG 4g.20gb (0),1,,13,cupy_copy__complex64_complex64
3261534064,2080,171811,1,1,1,1,1,1,18,0.000,0.000,,,,,NVIDIA A100-SXM4-40GB MIG 4g.20gb (0),1,,13,cupy_copy__float32_float32
3261721966,83263,171822,1,1,1,32,32,1,30,0.000,0.000,,,,,NVIDIA A100-SXM4-40GB MIG 4g.20gb (0),1,,13,"void convert_kernel<__half2, float2>(tensor_layout_any, T1 *, tensor_layout_any, const T2 *)"
3261833133,5568,171825,,,,,,,,,,0.094,16827.521,Pinned,Device,NVIDIA A100-SXM4-40GB MIG 4g.20gb (0),1,,13,[CUDA memcpy Host-to-Device]
3261847820,3328,171826,,,,,,,,,,1.547,464729.580,Device,,NVIDIA A100-SXM4-40GB MIG 4g.20gb (0),1,,13,[CUDA memset]
3261854860,3040,171831,,,,,,,,,,0.031,10294.725,Pinned,Device,NVIDIA A100-SXM4-40GB MIG 4g.20gb (0),1,,13,[CUDA memcpy Host-to-Device]
3261860460,9568,171832,,,,,,,,,,0.197,20548.485,Pinned,Device,NVIDIA A100-SXM4-40GB MIG 4g.20gb (0),1,,13,[CUDA memcpy Host-to-Device]
3261874988,6336,171833,273,1,1,8,4,1,39,0.002,0.000,,,,,NVIDIA A100-SXM4-40GB MIG 4g.20gb (0),1,,13,"void channel_eq::eqMmseCoefCompLowMimoKernel<float, float, float, (unsigned int)4, (unsigned int)1, (unsigned int)4>(const channel_eq::_puschRxChEqStatDescr *, channel_eq::_puschRxChEqCoefCompDynDescr)"
3261882316,5728,171834,273,1,1,12,11,1,51,0.002,0.000,,,,,NVIDIA A100-SXM4-40GB MIG 4g.20gb (0),1,,13,"void channel_eq::eqMmseSoftDemapKernel<float, __half, __half, float, (unsigned int)4, (unsigned short)16383>(channel_eq::_puschRxChEqStatDescr *, channel_eq::_puschRxChEqSoftDemapDynDescr)"
3261889164,294556,171835,1,1,1,32,32,1,30,0.000,0.000,,,,,NVIDIA A100-SXM4-40GB MIG 4g.20gb (0),1,,13,"void convert_kernel<float2, __half2>(tensor_layout_any, T1 *, tensor_layout_any, const T2 *)"
3262185736,10976,171847,2253,1,1,128,1,1,16,0.000,0.000,,,,,NVIDIA A100-SXM4-40GB MIG 4g.20gb (0),1,,13,cupy_copy__float16_float16
3262198248,3648,171856,282,1,1,128,1,1,16,0.000,0.000,,,,,NVIDIA A100-SXM4-40GB MIG 4g.20gb (0),1,,13,cupy_copy__complex64_complex64
3262205032,2368,171865,26,1,1,128,1,1,16,0.000,0.000,,,,,NVIDIA A100-SXM4-40GB MIG 4g.20gb (0),1,,13,cupy_copy__float32_float32
3262209384,2944,171874,103,1,1,128,1,1,16,0.000,0.000,,,,,NVIDIA A100-SXM4-40GB MIG 4g.20gb (0),1,,13,cupy_copy__complex64_complex64
3262214824,12000,171884,1434,1,1,128,1,1,16,0.000,0.000,,,,,NVIDIA A100-SXM4-40GB MIG 4g.20gb (0),1,,13,cupy_copy__complex64_complex64
3262237992,82719,171889,1,1,1,32,32,1,30,0.000,0.000,,,,,NVIDIA A100-SXM4-40GB MIG 4g.20gb (0),1,,13,"void convert_kernel<__half2, float2>(tensor_layout_any, T1 *, tensor_layout_any, const T2 *)"
3262347718,5408,171892,,,,,,,,,,0.094,17325.421,Pinned,Device,NVIDIA A100-SXM4-40GB MIG 4g.20gb (0),1,,13,[CUDA memcpy Host-to-Device]
3262358790,601401,171893,,,,,,,,,,456.561,758805.113,Device,,NVIDIA A100-SXM4-40GB MIG 4g.20gb (0),1,,13,[CUDA memset]
3262966527,65311,171898,,,,,,,,,,1.235,18908.228,Pinned,Device,NVIDIA A100-SXM4-40GB MIG 4g.20gb (0),1,,13,[CUDA memcpy Host-to-Device]
3263035486,14496,171899,,,,,,,,,,0.197,13562.806,Pinned,Device,NVIDIA A100-SXM4-40GB MIG 4g.20gb (0),1,,13,[CUDA memcpy Host-to-Device]
3263056157,8224,171900,69,4,1,48,1,1,76,0.002,0.000,,,,,NVIDIA A100-SXM4-40GB MIG 4g.20gb (0),1,,13,"void ch_est::windowedChEstPreNoDftSOfdmKernel<float, __half, float, (unsigned int)2, (unsigned int)1, (unsigned short)4>(ch_est::puschRxChEstStatDescr_t *, ch_est::puschRxChEstDynDescr_t *)"
3263069821,6720,171901,137,2,1,24,2,1,44,0.001,0.001,,,,,NVIDIA A100-SXM4-40GB MIG 4g.20gb (0),1,,13,"void ch_est::chEstFilterNoDftSOfdmDispatchKernel<float, __half, float, (unsigned int)2>(ch_est::puschRxChEstStatDescr_t *, ch_est::puschRxChEstDynDescr_t *)"
3263080765,6560,171902,137,2,1,24,2,1,44,0.001,0.001,,,,,NVIDIA A100-SXM4-40GB MIG 4g.20gb (0),1,,13,"void ch_est::chEstFilterNoDftSOfdmDispatchKernel<float, __half, float, (unsigned int)2>(ch_est::puschRxChEstStatDescr_t *, ch_est::puschRxChEstDynDescr_t *)"
3263088893,3168,171913,103,1,1,128,1,1,16,0.000,0.000,,,,,NVIDIA A100-SXM4-40GB MIG 4g.20gb (0),1,,13,cupy_copy__complex64_complex64
3263095197,12800,171923,1434,1,1,128,1,1,16,0.000,0.000,,,,,NVIDIA A100-SXM4-40GB MIG 4g.20gb (0),1,,13,cupy_copy__complex64_complex64
3263112157,3168,171930,103,1,1,128,1,1,16,0.000,0.000,,,,,NVIDIA A100-SXM4-40GB MIG 4g.20gb (0),1,,13,cupy_copy__complex64_complex64
3263117693,88607,171937,1,1,1,32,32,1,30,0.000,0.000,,,,,NVIDIA A100-SXM4-40GB MIG 4g.20gb (0),1,,13,"void convert_kernel<__half2, float2>(tensor_layout_any, T1 *, tensor_layout_any, const T2 *)"
3263237627,5440,171940,,,,,,,,,,0.094,17223.480,Pinned,Device,NVIDIA A100-SXM4-40GB MIG 4g.20gb (0),1,,13,[CUDA memcpy Host-to-Device]
3263250715,46943,171941,,,,,,,,,,35.810,762822.916,Device,,NVIDIA A100-SXM4-40GB MIG 4g.20gb (0),1,,13,[CUDA memset]
3263303930,2144,171943,,,,,,,,,,0.000,37.313,Pinned,Device,NVIDIA A100-SXM4-40GB MIG 4g.20gb (0),1,,13,[CUDA memcpy Host-to-Device]
3263308506,10112,171944,,,,,,,,,,0.197,19442.958,Pinned,Device,NVIDIA A100-SXM4-40GB MIG 4g.20gb (0),1,,13,[CUDA memcpy Host-to-Device]
3263323834,12640,171945,273,1,1,48,1,1,40,0.000,0.001,,,,,NVIDIA A100-SXM4-40GB MIG 4g.20gb (0),1,,13,"void pusch_noise_intf_est::noiseIntfEstNoDftSOfdmKernel<float, __half, float, float, (unsigned int)2, (unsigned int)1, (unsigned char)4, (unsigned char)4>(pusch_noise_intf_est::puschRxNoiseIntfEstDynDescr)"
3263338074,3008,171956,35,1,1,128,1,1,16,0.000,0.000,,,,,NVIDIA A100-SXM4-40GB MIG 4g.20gb (0),1,,13,cupy_copy__complex64_complex64
3263359258,2112,171965,1,1,1,1,1,1,18,0.000,0.000,,,,,NVIDIA A100-SXM4-40GB MIG 4g.20gb (0),1,,13,cupy_copy__float32_float32
3263393145,1760,171971,,,,,,,,,,0.000,2.273,Device,Pageable,NVIDIA A100-SXM4-40GB MIG 4g.20gb (0),1,,7,[CUDA memcpy Device-to-Host]
3263452665,13023,171982,1434,1,1,128,1,1,16,0.000,0.000,,,,,NVIDIA A100-SXM4-40GB MIG 4g.20gb (0),1,,13,cupy_copy__complex64_complex64
3263478936,2592,171989,103,1,1,128,1,1,16,0.000,0.000,,,,,NVIDIA A100-SXM4-40GB MIG 4g.20gb (0),1,,13,cupy_copy__complex64_complex64
3263499640,2176,171996,35,1,1,128,1,1,16,0.000,0.000,,,,,NVIDIA A100-SXM4-40GB MIG 4g.20gb (0),1,,13,cupy_copy__complex64_complex64
3263517592,1920,172003,1,1,1,1,1,1,18,0.000,0.000,,,,,NVIDIA A100-SXM4-40GB MIG 4g.20gb (0),1,,13,cupy_copy__float32_float32
3263652950,82015,172014,1,1,1,32,32,1,30,0.000,0.000,,,,,NVIDIA A100-SXM4-40GB MIG 4g.20gb (0),1,,13,"void convert_kernel<__half2, float2>(tensor_layout_any, T1 *, tensor_layout_any, const T2 *)"
3263766293,5600,172017,,,,,,,,,,0.094,16731.388,Pinned,Device,NVIDIA A100-SXM4-40GB MIG 4g.20gb (0),1,,13,[CUDA memcpy Host-to-Device]
3263780693,3391,172018,,,,,,,,,,1.547,456096.324,Device,,NVIDIA A100-SXM4-40GB MIG 4g.20gb (0),1,,13,[CUDA memset]
3263787412,3200,172023,,,,,,,,,,0.031,9780.000,Pinned,Device,NVIDIA A100-SXM4-40GB MIG 4g.20gb (0),1,,13,[CUDA memcpy Host-to-Device]
3263793012,9408,172024,,,,,,,,,,0.197,20897.858,Pinned,Device,NVIDIA A100-SXM4-40GB MIG 4g.20gb (0),1,,13,[CUDA memcpy Host-to-Device]
3263807700,6208,172025,273,1,1,8,4,1,39,0.002,0.000,,,,,NVIDIA A100-SXM4-40GB MIG 4g.20gb (0),1,,13,"void channel_eq::eqMmseCoefCompLowMimoKernel<float, float, float, (unsigned int)4, (unsigned int)1, (unsigned int)4>(const channel_eq::_puschRxChEqStatDescr *, channel_eq::_puschRxChEqCoefCompDynDescr)"
3263814900,6048,172026,273,1,1,12,11,1,51,0.002,0.000,,,,,NVIDIA A100-SXM4-40GB MIG 4g.20gb (0),1,,13,"void channel_eq::eqMmseSoftDemapKernel<float, __half, __half, float, (unsigned int)4, (unsigned short)16383>(channel_eq::_puschRxChEqStatDescr *, channel_eq::_puschRxChEqSoftDemapDynDescr)"
3263822004,282397,172027,1,1,1,32,32,1,30,0.000,0.000,,,,,NVIDIA A100-SXM4-40GB MIG 4g.20gb (0),1,,13,"void convert_kernel<float2, __half2>(tensor_layout_any, T1 *, tensor_layout_any, const T2 *)"
3264105936,11328,172039,2253,1,1,128,1,1,16,0.000,0.000,,,,,NVIDIA A100-SXM4-40GB MIG 4g.20gb (0),1,,13,cupy_copy__float16_float16
3264121072,3168,172048,282,1,1,128,1,1,16,0.000,0.000,,,,,NVIDIA A100-SXM4-40GB MIG 4g.20gb (0),1,,13,cupy_copy__complex64_complex64
3264125392,2016,172057,26,1,1,128,1,1,16,0.000,0.000,,,,,NVIDIA A100-SXM4-40GB MIG 4g.20gb (0),1,,13,cupy_copy__float32_float32
3264128688,4800,172066,103,1,1,128,1,1,16,0.000,0.000,,,,,NVIDIA A100-SXM4-40GB MIG 4g.20gb (0),1,,13,cupy_copy__complex64_complex64
3264134608,12512,172076,1434,1,1,128,1,1,16,0.000,0.000,,,,,NVIDIA A100-SXM4-40GB MIG 4g.20gb (0),1,,13,cupy_copy__complex64_complex64
3264165424,86655,172081,1,1,1,32,32,1,30,0.000,0.000,,,,,NVIDIA A100-SXM4-40GB MIG 4g.20gb (0),1,,13,"void convert_kernel<__half2, float2>(tensor_layout_any, T1 *, tensor_layout_any, const T2 *)"
3264279438,5344,172084,,,,,,,,,,0.094,17532.864,Pinned,Device,NVIDIA A100-SXM4-40GB MIG 4g.20gb (0),1,,13,[CUDA memcpy Host-to-Device]
3264289134,602201,172085,,,,,,,,,,456.561,757891.990,Device,,NVIDIA A100-SXM4-40GB MIG 4g.20gb (0),1,,13,[CUDA memset]
3264898599,68799,172090,,,,,,,,,,1.235,17949.911,Pinned,Device,NVIDIA A100-SXM4-40GB MIG 4g.20gb (0),1,,13,[CUDA memcpy Host-to-Device]
3264970630,13248,172091,,,,,,,,,,0.197,14840.562,Pinned,Device,NVIDIA A100-SXM4-40GB MIG 4g.20gb (0),1,,13,[CUDA memcpy Host-to-Device]
3264992774,8383,172092,69,4,1,48,1,1,76,0.002,0.000,,,,,NVIDIA A100-SXM4-40GB MIG 4g.20gb (0),1,,13,"void ch_est::windowedChEstPreNoDftSOfdmKernel<float, __half, float, (unsigned int)2, (unsigned int)1, (unsigned short)4>(ch_est::puschRxChEstStatDescr_t *, ch_est::puschRxChEstDynDescr_t *)"
3265004965,6304,172093,137,2,1,24,2,1,44,0.001,0.001,,,,,NVIDIA A100-SXM4-40GB MIG 4g.20gb (0),1,,13,"void ch_est::chEstFilterNoDftSOfdmDispatchKernel<float, __half, float, (unsigned int)2>(ch_est::puschRxChEstStatDescr_t *, ch_est::puschRxChEstDynDescr_t *)"
3265014789,5184,172094,137,2,1,24,2,1,44,0.001,0.001,,,,,NVIDIA A100-SXM4-40GB MIG 4g.20gb (0),1,,13,"void ch_est::chEstFilterNoDftSOfdmDispatchKernel<float, __half, float, (unsigned int)2>(ch_est::puschRxChEstStatDescr_t *, ch_est::puschRxChEstDynDescr_t *)"
3265022565,2624,172105,103,1,1,128,1,1,16,0.000,0.000,,,,,NVIDIA A100-SXM4-40GB MIG 4g.20gb (0),1,,13,cupy_copy__complex64_complex64
3265027909,12832,172115,1434,1,1,128,1,1,16,0.000,0.000,,,,,NVIDIA A100-SXM4-40GB MIG 4g.20gb (0),1,,13,cupy_copy__complex64_complex64
3265042693,2720,172122,103,1,1,128,1,1,16,0.000,0.000,,,,,NVIDIA A100-SXM4-40GB MIG 4g.20gb (0),1,,13,cupy_copy__complex64_complex64
3265047397,83839,172129,1,1,1,32,32,1,30,0.000,0.000,,,,,NVIDIA A100-SXM4-40GB MIG 4g.20gb (0),1,,13,"void convert_kernel<__half2, float2>(tensor_layout_any, T1 *, tensor_layout_any, const T2 *)"
3265158691,5376,172132,,,,,,,,,,0.094,17428.487,Pinned,Device,NVIDIA A100-SXM4-40GB MIG 4g.20gb (0),1,,13,[CUDA memcpy Host-to-Device]
3265171363,47360,172133,,,,,,,,,,35.810,756090.651,Device,,NVIDIA A100-SXM4-40GB MIG 4g.20gb (0),1,,13,[CUDA memset]
3265222499,1920,172135,,,,,,,,,,0.000,41.667,Pinned,Device,NVIDIA A100-SXM4-40GB MIG 4g.20gb (0),1,,13,[CUDA memcpy Host-to-Device]
3265227171,10335,172136,,,,,,,,,,0.197,19023.397,Pinned,Device,NVIDIA A100-SXM4-40GB MIG 4g.20gb (0),1,,13,[CUDA memcpy Host-to-Device]
3265241794,11136,172137,273,1,1,48,1,1,40,0.000,0.001,,,,,NVIDIA A100-SXM4-40GB MIG 4g.20gb (0),1,,13,"void pusch_noise_intf_est::noiseIntfEstNoDftSOfdmKernel<float, __half, float, float, (unsigned int)2, (unsigned int)1, (unsigned char)4, (unsigned char)4>(pusch_noise_intf_est::puschRxNoiseIntfEstDynDescr)"
3265254530,3552,172148,35,1,1,128,1,1,16,0.000,0.000,,,,,NVIDIA A100-SXM4-40GB MIG 4g.20gb (0),1,,13,cupy_copy__complex64_complex64
3265279170,1920,172157,1,1,1,1,1,1,18,0.000,0.000,,,,,NVIDIA A100-SXM4-40GB MIG 4g.20gb (0),1,,13,cupy_copy__float32_float32
3265310978,1664,172163,,,,,,,,,,0.000,2.404,Device,Pageable,NVIDIA A100-SXM4-40GB MIG 4g.20gb (0),1,,7,[CUDA memcpy Device-to-Host]
3265369761,12960,172174,1434,1,1,128,1,1,16,0.000,0.000,,,,,NVIDIA A100-SXM4-40GB MIG 4g.20gb (0),1,,13,cupy_copy__complex64_complex64
3265396257,2847,172181,103,1,1,128,1,1,16,0.000,0.000,,,,,NVIDIA A100-SXM4-40GB MIG 4g.20gb (0),1,,13,cupy_copy__complex64_complex64
3265416928,2336,172188,35,1,1,128,1,1,16,0.000,0.000,,,,,NVIDIA A100-SXM4-40GB MIG 4g.20gb (0),1,,13,cupy_copy__complex64_complex64
3265434432,1792,172195,1,1,1,1,1,1,18,0.000,0.000,,,,,NVIDIA A100-SXM4-40GB MIG 4g.20gb (0),1,,13,cupy_copy__float32_float32
3265565790,82239,172206,1,1,1,32,32,1,30,0.000,0.000,,,,,NVIDIA A100-SXM4-40GB MIG 4g.20gb (0),1,,13,"void convert_kernel<__half2, float2>(tensor_layout_any, T1 *, tensor_layout_any, const T2 *)"
3265675869,5472,172209,,,,,,,,,,0.094,17122.757,Pinned,Device,NVIDIA A100-SXM4-40GB MIG 4g.20gb (0),1,,13,[CUDA memcpy Host-to-Device]
3265689981,3296,172210,,,,,,,,,,1.547,469242.628,Device,,NVIDIA A100-SXM4-40GB MIG 4g.20gb (0),1,,13,[CUDA memset]
3265696989,3072,172215,,,,,,,,,,0.031,10187.474,Pinned,Device,NVIDIA A100-SXM4-40GB MIG 4g.20gb (0),1,,13,[CUDA memcpy Host-to-Device]
3265702557,9408,172216,,,,,,,,,,0.197,20897.858,Pinned,Device,NVIDIA A100-SXM4-40GB MIG 4g.20gb (0),1,,13,[CUDA memcpy Host-to-Device]
3265717565,6207,172217,273,1,1,8,4,1,39,0.002,0.000,,,,,NVIDIA A100-SXM4-40GB MIG 4g.20gb (0),1,,13,"void channel_eq::eqMmseCoefCompLowMimoKernel<float, float, float, (unsigned int)4, (unsigned int)1, (unsigned int)4>(const channel_eq::_puschRxChEqStatDescr *, channel_eq::_puschRxChEqCoefCompDynDescr)"
3265724924,6176,172218,273,1,1,12,11,1,51,0.002,0.000,,,,,NVIDIA A100-SXM4-40GB MIG 4g.20gb (0),1,,13,"void channel_eq::eqMmseSoftDemapKernel<float, __half, __half, float, (unsigned int)4, (unsigned short)16383>(channel_eq::_puschRxChEqStatDescr *, channel_eq::_puschRxChEqSoftDemapDynDescr)"
3265732060,282205,172219,1,1,1,32,32,1,30,0.000,0.000,,,,,NVIDIA A100-SXM4-40GB MIG 4g.20gb (0),1,,13,"void convert_kernel<float2, __half2>(tensor_layout_any, T1 *, tensor_layout_any, const T2 *)"
3266015801,10944,172231,2253,1,1,128,1,1,16,0.000,0.000,,,,,NVIDIA A100-SXM4-40GB MIG 4g.20gb (0),1,,13,cupy_copy__float16_float16
3266028313,3744,172240,282,1,1,128,1,1,16,0.000,0.000,,,,,NVIDIA A100-SXM4-40GB MIG 4g.20gb (0),1,,13,cupy_copy__complex64_complex64
3266034361,2528,172249,26,1,1,128,1,1,16,0.000,0.000,,,,,NVIDIA A100-SXM4-40GB MIG 4g.20gb (0),1,,13,cupy_copy__float32_float32
3266037977,2784,172258,103,1,1,128,1,1,16,0.000,0.000,,,,,NVIDIA A100-SXM4-40GB MIG 4g.20gb (0),1,,13,cupy_copy__complex64_complex64
3266041849,11903,172268,1434,1,1,128,1,1,16,0.000,0.000,,,,,NVIDIA A100-SXM4-40GB MIG 4g.20gb (0),1,,13,cupy_copy__complex64_complex64
3266065336,82783,172273,1,1,1,32,32,1,30,0.000,0.000,,,,,NVIDIA A100-SXM4-40GB MIG 4g.20gb (0),1,,13,"void convert_kernel<__half2, float2>(tensor_layout_any, T1 *, tensor_layout_any, const T2 *)"
3266175127,5408,172276,,,,,,,,,,0.094,17325.421,Pinned,Device,NVIDIA A100-SXM4-40GB MIG 4g.20gb (0),1,,13,[CUDA memcpy Host-to-Device]
3266185847,599960,172277,,,,,,,,,,456.561,760631.359,Device,,NVIDIA A100-SXM4-40GB MIG 4g.20gb (0),1,,13,[CUDA memset]
3266790319,69407,172282,,,,,,,,,,1.235,17791.838,Pinned,Device,NVIDIA A100-SXM4-40GB MIG 4g.20gb (0),1,,13,[CUDA memcpy Host-to-Device]
3266863726,15008,172283,,,,,,,,,,0.197,13100.188,Pinned,Device,NVIDIA A100-SXM4-40GB MIG 4g.20gb (0),1,,13,[CUDA memcpy Host-to-Device]
3266884174,8544,172284,69,4,1,48,1,1,76,0.002,0.000,,,,,NVIDIA A100-SXM4-40GB MIG 4g.20gb (0),1,,13,"void ch_est::windowedChEstPreNoDftSOfdmKernel<float, __half, float, (unsigned int)2, (unsigned int)1, (unsigned short)4>(ch_est::puschRxChEstStatDescr_t *, ch_est::puschRxChEstDynDescr_t *)"
3266895918,6464,172285,137,2,1,24,2,1,44,0.001,0.001,,,,,NVIDIA A100-SXM4-40GB MIG 4g.20gb (0),1,,13,"void ch_est::chEstFilterNoDftSOfdmDispatchKernel<float, __half, float, (unsigned int)2>(ch_est::puschRxChEstStatDescr_t *, ch_est::puschRxChEstDynDescr_t *)"
3266905262,5312,172286,137,2,1,24,2,1,44,0.001,0.001,,,,,NVIDIA A100-SXM4-40GB MIG 4g.20gb (0),1,,13,"void ch_est::chEstFilterNoDftSOfdmDispatchKernel<float, __half, float, (unsigned int)2>(ch_est::puschRxChEstStatDescr_t *, ch_est::puschRxChEstDynDescr_t *)"
3266915630,2624,172297,103,1,1,128,1,1,16,0.000,0.000,,,,,NVIDIA A100-SXM4-40GB MIG 4g.20gb (0),1,,13,cupy_copy__complex64_complex64
3266922062,12576,172307,1434,1,1,128,1,1,16,0.000,0.000,,,,,NVIDIA A100-SXM4-40GB MIG 4g.20gb (0),1,,13,cupy_copy__complex64_complex64
3266939405,2816,172314,103,1,1,128,1,1,16,0.000,0.000,,,,,NVIDIA A100-SXM4-40GB MIG 4g.20gb (0),1,,13,cupy_copy__complex64_complex64
3266945549,89631,172321,1,1,1,32,32,1,30,0.000,0.000,,,,,NVIDIA A100-SXM4-40GB MIG 4g.20gb (0),1,,13,"void convert_kernel<__half2, float2>(tensor_layout_any, T1 *, tensor_layout_any, const T2 *)"
3267066028,5568,172324,,,,,,,,,,0.094,16827.521,Pinned,Device,NVIDIA A100-SXM4-40GB MIG 4g.20gb (0),1,,13,[CUDA memcpy Host-to-Device]
3267078796,47679,172325,,,,,,,,,,35.810,751041.452,Device,,NVIDIA A100-SXM4-40GB MIG 4g.20gb (0),1,,13,[CUDA memset]
3267132619,1888,172327,,,,,,,,,,0.000,42.373,Pinned,Device,NVIDIA A100-SXM4-40GB MIG 4g.20gb (0),1,,13,[CUDA memcpy Host-to-Device]
3267137323,10016,172328,,,,,,,,,,0.197,19629.343,Pinned,Device,NVIDIA A100-SXM4-40GB MIG 4g.20gb (0),1,,13,[CUDA memcpy Host-to-Device]
3267153579,10208,172329,273,1,1,48,1,1,40,0.000,0.001,,,,,NVIDIA A100-SXM4-40GB MIG 4g.20gb (0),1,,13,"void pusch_noise_intf_est::noiseIntfEstNoDftSOfdmKernel<float, __half, float, float, (unsigned int)2, (unsigned int)1, (unsigned char)4, (unsigned char)4>(pusch_noise_intf_est::puschRxNoiseIntfEstDynDescr)"
3267166699,3264,172340,35,1,1,128,1,1,16,0.000,0.000,,,,,NVIDIA A100-SXM4-40GB MIG 4g.20gb (0),1,,13,cupy_copy__complex64_complex64
3267186506,1920,172349,1,1,1,1,1,1,18,0.000,0.000,,,,,NVIDIA A100-SXM4-40GB MIG 4g.20gb (0),1,,13,cupy_copy__float32_float32
3267219722,1568,172355,,,,,,,,,,0.000,2.551,Device,Pageable,NVIDIA A100-SXM4-40GB MIG 4g.20gb (0),1,,7,[CUDA memcpy Device-to-Host]
3267280201,12800,172366,1434,1,1,128,1,1,16,0.000,0.000,,,,,NVIDIA A100-SXM4-40GB MIG 4g.20gb (0),1,,13,cupy_copy__complex64_complex64
3267306793,2592,172373,103,1,1,128,1,1,16,0.000,0.000,,,,,NVIDIA A100-SXM4-40GB MIG 4g.20gb (0),1,,13,cupy_copy__complex64_complex64
3267326185,2688,172380,35,1,1,128,1,1,16,0.000,0.000,,,,,NVIDIA A100-SXM4-40GB MIG 4g.20gb (0),1,,13,cupy_copy__complex64_complex64
3267345832,1856,172387,1,1,1,1,1,1,18,0.000,0.000,,,,,NVIDIA A100-SXM4-40GB MIG 4g.20gb (0),1,,13,cupy_copy__float32_float32
3267476135,82591,172398,1,1,1,32,32,1,30,0.000,0.000,,,,,NVIDIA A100-SXM4-40GB MIG 4g.20gb (0),1,,13,"void convert_kernel<__half2, float2>(tensor_layout_any, T1 *, tensor_layout_any, const T2 *)"
3267585477,5440,172401,,,,,,,,,,0.094,17223.480,Pinned,Device,NVIDIA A100-SXM4-40GB MIG 4g.20gb (0),1,,13,[CUDA memcpy Host-to-Device]
3267600325,3200,172402,,,,,,,,,,1.547,483320.000,Device,,NVIDIA A100-SXM4-40GB MIG 4g.20gb (0),1,,13,[CUDA memset]
3267606597,3040,172407,,,,,,,,,,0.031,10294.725,Pinned,Device,NVIDIA A100-SXM4-40GB MIG 4g.20gb (0),1,,13,[CUDA memcpy Host-to-Device]
3267612197,9376,172408,,,,,,,,,,0.197,20969.226,Pinned,Device,NVIDIA A100-SXM4-40GB MIG 4g.20gb (0),1,,13,[CUDA memcpy Host-to-Device]
3267627237,6304,172409,273,1,1,8,4,1,39,0.002,0.000,,,,,NVIDIA A100-SXM4-40GB MIG 4g.20gb (0),1,,13,"void channel_eq::eqMmseCoefCompLowMimoKernel<float, float, float, (unsigned int)4, (unsigned int)1, (unsigned int)4>(const channel_eq::_puschRxChEqStatDescr *, channel_eq::_puschRxChEqCoefCompDynDescr)"
3267634565,6144,172410,273,1,1,12,11,1,51,0.002,0.000,,,,,NVIDIA A100-SXM4-40GB MIG 4g.20gb (0),1,,13,"void channel_eq::eqMmseSoftDemapKernel<float, __half, __half, float, (unsigned int)4, (unsigned short)16383>(channel_eq::_puschRxChEqStatDescr *, channel_eq::_puschRxChEqSoftDemapDynDescr)"
3267641765,281980,172411,1,1,1,32,32,1,30,0.000,0.000,,,,,NVIDIA A100-SXM4-40GB MIG 4g.20gb (0),1,,13,"void convert_kernel<float2, __half2>(tensor_layout_any, T1 *, tensor_layout_any, const T2 *)"
3267924865,11008,172423,2253,1,1,128,1,1,16,0.000,0.000,,,,,NVIDIA A100-SXM4-40GB MIG 4g.20gb (0),1,,13,cupy_copy__float16_float16
3267938753,3168,172432,282,1,1,128,1,1,16,0.000,0.000,,,,,NVIDIA A100-SXM4-40GB MIG 4g.20gb (0),1,,13,cupy_copy__complex64_complex64
3267943009,2080,172441,26,1,1,128,1,1,16,0.000,0.000,,,,,NVIDIA A100-SXM4-40GB MIG 4g.20gb (0),1,,13,cupy_copy__float32_float32
3267946241,3360,172450,103,1,1,128,1,1,16,0.000,0.000,,,,,NVIDIA A100-SXM4-40GB MIG 4g.20gb (0),1,,13,cupy_copy__complex64_complex64
3267952545,12192,172460,1434,1,1,128,1,1,16,0.000,0.000,,,,,NVIDIA A100-SXM4-40GB MIG 4g.20gb (0),1,,13,cupy_copy__complex64_complex64
3267973569,81983,172465,1,1,1,32,32,1,30,0.000,0.000,,,,,NVIDIA A100-SXM4-40GB MIG 4g.20gb (0),1,,13,"void convert_kernel<__half2, float2>(tensor_layout_any, T1 *, tensor_layout_any, const T2 *)"
3268082783,5440,172468,,,,,,,,,,0.094,17223.480,Pinned,Device,NVIDIA A100-SXM4-40GB MIG 4g.20gb (0),1,,13,[CUDA memcpy Host-to-Device]
3268093855,598265,172469,,,,,,,,,,456.561,762914.166,Device,,NVIDIA A100-SXM4-40GB MIG 4g.20gb (0),1,,13,[CUDA memset]
3268694360,68639,172474,,,,,,,,,,1.235,17990.664,Pinned,Device,NVIDIA A100-SXM4-40GB MIG 4g.20gb (0),1,,13,[CUDA memcpy Host-to-Device]
3268766999,15264,172475,,,,,,,,,,0.197,12880.380,Pinned,Device,NVIDIA A100-SXM4-40GB MIG 4g.20gb (0),1,,13,[CUDA memcpy Host-to-Device]
3268788951,8031,172476,69,4,1,48,1,1,76,0.002,0.000,,,,,NVIDIA A100-SXM4-40GB MIG 4g.20gb (0),1,,13,"void ch_est::windowedChEstPreNoDftSOfdmKernel<float, __half, float, (unsigned int)2, (unsigned int)1, (unsigned short)4>(ch_est::puschRxChEstStatDescr_t *, ch_est::puschRxChEstDynDescr_t *)"
3268799670,6240,172477,137,2,1,24,2,1,44,0.001,0.001,,,,,NVIDIA A100-SXM4-40GB MIG 4g.20gb (0),1,,13,"void ch_est::chEstFilterNoDftSOfdmDispatchKernel<float, __half, float, (unsigned int)2>(ch_est::puschRxChEstStatDescr_t *, ch_est::puschRxChEstDynDescr_t *)"
3268808854,5248,172478,137,2,1,24,2,1,44,0.001,0.001,,,,,NVIDIA A100-SXM4-40GB MIG 4g.20gb (0),1,,13,"void ch_est::chEstFilterNoDftSOfdmDispatchKernel<float, __half, float, (unsigned int)2>(ch_est::puschRxChEstStatDescr_t *, ch_est::puschRxChEstDynDescr_t *)"
3268819894,2624,172489,103,1,1,128,1,1,16,0.000,0.000,,,,,NVIDIA A100-SXM4-40GB MIG 4g.20gb (0),1,,13,cupy_copy__complex64_complex64
3268825430,12768,172499,1434,1,1,128,1,1,16,0.000,0.000,,,,,NVIDIA A100-SXM4-40GB MIG 4g.20gb (0),1,,13,cupy_copy__complex64_complex64
3268839414,2688,172506,103,1,1,128,1,1,16,0.000,0.000,,,,,NVIDIA A100-SXM4-40GB MIG 4g.20gb (0),1,,13,cupy_copy__complex64_complex64
3268846230,88863,172513,1,1,1,32,32,1,30,0.000,0.000,,,,,NVIDIA A100-SXM4-40GB MIG 4g.20gb (0),1,,13,"void convert_kernel<__half2, float2>(tensor_layout_any, T1 *, tensor_layout_any, const T2 *)"
3268963060,5760,172516,,,,,,,,,,0.094,16266.656,Pinned,Device,NVIDIA A100-SXM4-40GB MIG 4g.20gb (0),1,,13,[CUDA memcpy Host-to-Device]
3268975924,47648,172517,,,,,,,,,,35.810,751542.791,Device,,NVIDIA A100-SXM4-40GB MIG 4g.20gb (0),1,,13,[CUDA memset]
3269027636,2016,172519,,,,,,,,,,0.000,39.682,Pinned,Device,NVIDIA A100-SXM4-40GB MIG 4g.20gb (0),1,,13,[CUDA memcpy Host-to-Device]
3269032660,10335,172520,,,,,,,,,,0.197,19023.397,Pinned,Device,NVIDIA A100-SXM4-40GB MIG 4g.20gb (0),1,,13,[CUDA memcpy Host-to-Device]
3269047539,10080,172521,273,1,1,48,1,1,40,0.000,0.001,,,,,NVIDIA A100-SXM4-40GB MIG 4g.20gb (0),1,,13,"void pusch_noise_intf_est::noiseIntfEstNoDftSOfdmKernel<float, __half, float, float, (unsigned int)2, (unsigned int)1, (unsigned char)4, (unsigned char)4>(pusch_noise_intf_est::puschRxNoiseIntfEstDynDescr)"
3269058995,2944,172532,35,1,1,128,1,1,16,0.000,0.000,,,,,NVIDIA A100-SXM4-40GB MIG 4g.20gb (0),1,,13,cupy_copy__complex64_complex64
3269082035,1792,172541,1,1,1,1,1,1,18,0.000,0.000,,,,,NVIDIA A100-SXM4-40GB MIG 4g.20gb (0),1,,13,cupy_copy__float32_float32
3269115283,1568,172547,,,,,,,,,,0.000,2.551,Device,Pageable,NVIDIA A100-SXM4-40GB MIG 4g.20gb (0),1,,7,[CUDA memcpy Device-to-Host]
3269174642,12768,172558,1434,1,1,128,1,1,16,0.000,0.000,,,,,NVIDIA A100-SXM4-40GB MIG 4g.20gb (0),1,,13,cupy_copy__complex64_complex64
3269200721,3648,172565,103,1,1,128,1,1,16,0.000,0.000,,,,,NVIDIA A100-SXM4-40GB MIG 4g.20gb (0),1,,13,cupy_copy__complex64_complex64
3269221393,2592,172572,35,1,1,128,1,1,16,0.000,0.000,,,,,NVIDIA A100-SXM4-40GB MIG 4g.20gb (0),1,,13,cupy_copy__complex64_complex64
3269239953,1792,172579,1,1,1,1,1,1,18,0.000,0.000,,,,,NVIDIA A100-SXM4-40GB MIG 4g.20gb (0),1,,13,cupy_copy__float32_float32
3269371759,82239,172590,1,1,1,32,32,1,30,0.000,0.000,,,,,NVIDIA A100-SXM4-40GB MIG 4g.20gb (0),1,,13,"void convert_kernel<__half2, float2>(tensor_layout_any, T1 *, tensor_layout_any, const T2 *)"
3269481838,5440,172593,,,,,,,,,,0.094,17223.480,Pinned,Device,NVIDIA A100-SXM4-40GB MIG 4g.20gb (0),1,,13,[CUDA memcpy Host-to-Device]
3269496110,3392,172594,,,,,,,,,,1.547,455961.768,Device,,NVIDIA A100-SXM4-40GB MIG 4g.20gb (0),1,,13,[CUDA memset]
3269502958,3200,172599,,,,,,,,,,0.031,9780.000,Pinned,Device,NVIDIA A100-SXM4-40GB MIG 4g.20gb (0),1,,13,[CUDA memcpy Host-to-Device]
3269508590,9440,172600,,,,,,,,,,0.197,20827.079,Pinned,Device,NVIDIA A100-SXM4-40GB MIG 4g.20gb (0),1,,13,[CUDA memcpy Host-to-Device]
3269522606,7967,172601,273,1,1,8,4,1,39,0.002,0.000,,,,,NVIDIA A100-SXM4-40GB MIG 4g.20gb (0),1,,13,"void channel_eq::eqMmseCoefCompLowMimoKernel<float, float, float, (unsigned int)4, (unsigned int)1, (unsigned int)4>(const channel_eq::_puschRxChEqStatDescr *, channel_eq::_puschRxChEqCoefCompDynDescr)"
3269531629,5792,172602,273,1,1,12,11,1,51,0.002,0.000,,,,,NVIDIA A100-SXM4-40GB MIG 4g.20gb (0),1,,13,"void channel_eq::eqMmseSoftDemapKernel<float, __half, __half, float, (unsigned int)4, (unsigned short)16383>(channel_eq::_puschRxChEqStatDescr *, channel_eq::_puschRxChEqSoftDemapDynDescr)"
3269538541,282973,172603,1,1,1,32,32,1,30,0.000,0.000,,,,,NVIDIA A100-SXM4-40GB MIG 4g.20gb (0),1,,13,"void convert_kernel<float2, __half2>(tensor_layout_any, T1 *, tensor_layout_any, const T2 *)"
3269822602,11040,172615,2253,1,1,128,1,1,16,0.000,0.000,,,,,NVIDIA A100-SXM4-40GB MIG 4g.20gb (0),1,,13,cupy_copy__float16_float16
3269837450,3584,172624,282,1,1,128,1,1,16,0.000,0.000,,,,,NVIDIA A100-SXM4-40GB MIG 4g.20gb (0),1,,13,cupy_copy__complex64_complex64
3269843306,2240,172633,26,1,1,128,1,1,16,0.000,0.000,,,,,NVIDIA A100-SXM4-40GB MIG 4g.20gb (0),1,,13,cupy_copy__float32_float32
3269846538,2815,172642,103,1,1,128,1,1,16,0.000,0.000,,,,,NVIDIA A100-SXM4-40GB MIG 4g.20gb (0),1,,13,cupy_copy__complex64_complex64
3269850985,12000,172652,1434,1,1,128,1,1,16,0.000,0.000,,,,,NVIDIA A100-SXM4-40GB MIG 4g.20gb (0),1,,13,cupy_copy__complex64_complex64
3269870953,83071,172657,1,1,1,32,32,1,30,0.000,0.000,,,,,NVIDIA A100-SXM4-40GB MIG 4g.20gb (0),1,,13,"void convert_kernel<__half2, float2>(tensor_layout_any, T1 *, tensor_layout_any, const T2 *)"
3269980744,5760,172660,,,,,,,,,,0.094,16266.656,Pinned,Device,NVIDIA A100-SXM4-40GB MIG 4g.20gb (0),1,,13,[CUDA memcpy Host-to-Device]
3269991336,618360,172661,,,,,,,,,,456.561,738259.848,Device,,NVIDIA A100-SXM4-40GB MIG 4g.20gb (0),1,,13,[CUDA memset]
3270612800,70207,172666,,,,,,,,,,1.235,17589.307,Pinned,Device,NVIDIA A100-SXM4-40GB MIG 4g.20gb (0),1,,13,[CUDA memcpy Host-to-Device]
3270686399,15264,172667,,,,,,,,,,0.197,12880.380,Pinned,Device,NVIDIA A100-SXM4-40GB MIG 4g.20gb (0),1,,13,[CUDA memcpy Host-to-Device]
3270709119,7936,172668,69,4,1,48,1,1,76,0.002,0.000,,,,,NVIDIA A100-SXM4-40GB MIG 4g.20gb (0),1,,13,"void ch_est::windowedChEstPreNoDftSOfdmKernel<float, __half, float, (unsigned int)2, (unsigned int)1, (unsigned short)4>(ch_est::puschRxChEstStatDescr_t *, ch_est::puschRxChEstDynDescr_t *)"
3270720127,6464,172669,137,2,1,24,2,1,44,0.001,0.001,,,,,NVIDIA A100-SXM4-40GB MIG 4g.20gb (0),1,,13,"void ch_est::chEstFilterNoDftSOfdmDispatchKernel<float, __half, float, (unsigned int)2>(ch_est::puschRxChEstStatDescr_t *, ch_est::puschRxChEstDynDescr_t *)"
3270731167,5248,172670,137,2,1,24,2,1,44,0.001,0.001,,,,,NVIDIA A100-SXM4-40GB MIG 4g.20gb (0),1,,13,"void ch_est::chEstFilterNoDftSOfdmDispatchKernel<float, __half, float, (unsigned int)2>(ch_est::puschRxChEstStatDescr_t *, ch_est::puschRxChEstDynDescr_t *)"
3270741438,2528,172681,103,1,1,128,1,1,16,0.000,0.000,,,,,NVIDIA A100-SXM4-40GB MIG 4g.20gb (0),1,,13,cupy_copy__complex64_complex64
3270748094,12544,172691,1434,1,1,128,1,1,16,0.000,0.000,,,,,NVIDIA A100-SXM4-40GB MIG 4g.20gb (0),1,,13,cupy_copy__complex64_complex64
3270765246,2432,172698,103,1,1,128,1,1,16,0.000,0.000,,,,,NVIDIA A100-SXM4-40GB MIG 4g.20gb (0),1,,13,cupy_copy__complex64_complex64
3270772318,83199,172705,1,1,1,32,32,1,30,0.000,0.000,,,,,NVIDIA A100-SXM4-40GB MIG 4g.20gb (0),1,,13,"void convert_kernel<__half2, float2>(tensor_layout_any, T1 *, tensor_layout_any, const T2 *)"
3270884669,8032,172708,,,,,,,,,,0.094,11665.246,Pinned,Device,NVIDIA A100-SXM4-40GB MIG 4g.20gb (0),1,,13,[CUDA memcpy Host-to-Device]
3270899324,47776,172709,,,,,,,,,,35.810,749537.436,Device,,NVIDIA A100-SXM4-40GB MIG 4g.20gb (0),1,,13,[CUDA memset]
3270950492,2816,172711,,,,,,,,,,0.000,28.409,Pinned,Device,NVIDIA A100-SXM4-40GB MIG 4g.20gb (0),1,,13,[CUDA memcpy Host-to-Device]
3270956348,11328,172712,,,,,,,,,,0.197,17355.768,Pinned,Device,NVIDIA A100-SXM4-40GB MIG 4g.20gb (0),1,,13,[CUDA memcpy Host-to-Device]
3270973916,9087,172713,273,1,1,48,1,1,40,0.000,0.001,,,,,NVIDIA A100-SXM4-40GB MIG 4g.20gb (0),1,,13,"void pusch_noise_intf_est::noiseIntfEstNoDftSOfdmKernel<float, __half, float, float, (unsigned int)2, (unsigned int)1, (unsigned char)4, (unsigned char)4>(pusch_noise_intf_est::puschRxNoiseIntfEstDynDescr)"
3270984699,2848,172724,35,1,1,128,1,1,16,0.000,0.000,,,,,NVIDIA A100-SXM4-40GB MIG 4g.20gb (0),1,,13,cupy_copy__complex64_complex64
3271006587,1984,172733,1,1,1,1,1,1,18,0.000,0.000,,,,,NVIDIA A100-SXM4-40GB MIG 4g.20gb (0),1,,13,cupy_copy__float32_float32
3271037275,1600,172739,,,,,,,,,,0.000,2.500,Device,Pageable,NVIDIA A100-SXM4-40GB MIG 4g.20gb (0),1,,7,[CUDA memcpy Device-to-Host]
3271095898,12736,172750,1434,1,1,128,1,1,16,0.000,0.000,,,,,NVIDIA A100-SXM4-40GB MIG 4g.20gb (0),1,,13,cupy_copy__complex64_complex64
3271122106,2720,172757,103,1,1,128,1,1,16,0.000,0.000,,,,,NVIDIA A100-SXM4-40GB MIG 4g.20gb (0),1,,13,cupy_copy__complex64_complex64
3271142521,2560,172764,35,1,1,128,1,1,16,0.000,0.000,,,,,NVIDIA A100-SXM4-40GB MIG 4g.20gb (0),1,,13,cupy_copy__complex64_complex64
3271160665,1952,172771,1,1,1,1,1,1,18,0.000,0.000,,,,,NVIDIA A100-SXM4-40GB MIG 4g.20gb (0),1,,13,cupy_copy__float32_float32
3271292920,82175,172782,1,1,1,32,32,1,30,0.000,0.000,,,,,NVIDIA A100-SXM4-40GB MIG 4g.20gb (0),1,,13,"void convert_kernel<__half2, float2>(tensor_layout_any, T1 *, tensor_layout_any, const T2 *)"
3271403126,5568,172785,,,,,,,,,,0.094,16827.521,Pinned,Device,NVIDIA A100-SXM4-40GB MIG 4g.20gb (0),1,,13,[CUDA memcpy Host-to-Device]
3271416854,3392,172786,,,,,,,,,,1.547,455961.768,Device,,NVIDIA A100-SXM4-40GB MIG 4g.20gb (0),1,,13,[CUDA memset]
3271426070,3040,172791,,,,,,,,,,0.031,10294.725,Pinned,Device,NVIDIA A100-SXM4-40GB MIG 4g.20gb (0),1,,13,[CUDA memcpy Host-to-Device]
3271431542,9376,172792,,,,,,,,,,0.197,20969.226,Pinned,Device,NVIDIA A100-SXM4-40GB MIG 4g.20gb (0),1,,13,[CUDA memcpy Host-to-Device]
3271445526,6752,172793,273,1,1,8,4,1,39,0.002,0.000,,,,,NVIDIA A100-SXM4-40GB MIG 4g.20gb (0),1,,13,"void channel_eq::eqMmseCoefCompLowMimoKernel<float, float, float, (unsigned int)4, (unsigned int)1, (unsigned int)4>(const channel_eq::_puschRxChEqStatDescr *, channel_eq::_puschRxChEqCoefCompDynDescr)"
3271453238,6592,172794,273,1,1,12,11,1,51,0.002,0.000,,,,,NVIDIA A100-SXM4-40GB MIG 4g.20gb (0),1,,13,"void channel_eq::eqMmseSoftDemapKernel<float, __half, __half, float, (unsigned int)4, (unsigned short)16383>(channel_eq::_puschRxChEqStatDescr *, channel_eq::_puschRxChEqSoftDemapDynDescr)"
3271461014,283004,172795,1,1,1,32,32,1,30,0.000,0.000,,,,,NVIDIA A100-SXM4-40GB MIG 4g.20gb (0),1,,13,"void convert_kernel<float2, __half2>(tensor_layout_any, T1 *, tensor_layout_any, const T2 *)"
3271745138,10880,172807,2253,1,1,128,1,1,16,0.000,0.000,,,,,NVIDIA A100-SXM4-40GB MIG 4g.20gb (0),1,,13,cupy_copy__float16_float16
3271759378,3488,172816,282,1,1,128,1,1,16,0.000,0.000,,,,,NVIDIA A100-SXM4-40GB MIG 4g.20gb (0),1,,13,cupy_copy__complex64_complex64
3271764306,2336,172825,26,1,1,128,1,1,16,0.000,0.000,,,,,NVIDIA A100-SXM4-40GB MIG 4g.20gb (0),1,,13,cupy_copy__float32_float32
3271767666,2912,172834,103,1,1,128,1,1,16,0.000,0.000,,,,,NVIDIA A100-SXM4-40GB MIG 4g.20gb (0),1,,13,cupy_copy__complex64_complex64
3271772434,11936,172844,1434,1,1,128,1,1,16,0.000,0.000,,,,,NVIDIA A100-SXM4-40GB MIG 4g.20gb (0),1,,13,cupy_copy__complex64_complex64
3271794641,82207,172849,1,1,1,32,32,1,30,0.000,0.000,,,,,NVIDIA A100-SXM4-40GB MIG 4g.20gb (0),1,,13,"void convert_kernel<__half2, float2>(tensor_layout_any, T1 *, tensor_layout_any, const T2 *)"
3271903600,5408,172852,,,,,,,,,,0.094,17325.421,Pinned,Device,NVIDIA A100-SXM4-40GB MIG 4g.20gb (0),1,,13,[CUDA memcpy Host-to-Device]
3271914000,606072,172853,,,,,,,,,,456.561,752869.815,Device,,NVIDIA A100-SXM4-40GB MIG 4g.20gb (0),1,,13,[CUDA memset]
3272524936,71488,172858,,,,,,,,,,1.235,17274.397,Pinned,Device,NVIDIA A100-SXM4-40GB MIG 4g.20gb (0),1,,13,[CUDA memcpy Host-to-Device]
3272599687,14176,172859,,,,,,,,,,0.197,13868.925,Pinned,Device,NVIDIA A100-SXM4-40GB MIG 4g.20gb (0),1,,13,[CUDA memcpy Host-to-Device]
3272618951,8736,172860,69,4,1,48,1,1,76,0.002,0.000,,,,,NVIDIA A100-SXM4-40GB MIG 4g.20gb (0),1,,13,"void ch_est::windowedChEstPreNoDftSOfdmKernel<float, __half, float, (unsigned int)2, (unsigned int)1, (unsigned short)4>(ch_est::puschRxChEstStatDescr_t *, ch_est::puschRxChEstDynDescr_t *)"
3272630055,7584,172861,137,2,1,24,2,1,44,0.001,0.001,,,,,NVIDIA A100-SXM4-40GB MIG 4g.20gb (0),1,,13,"void ch_est::chEstFilterNoDftSOfdmDispatchKernel<float, __half, float, (unsigned int)2>(ch_est::puschRxChEstStatDescr_t *, ch_est::puschRxChEstDynDescr_t *)"
3272640839,5056,172862,137,2,1,24,2,1,44,0.001,0.001,,,,,NVIDIA A100-SXM4-40GB MIG 4g.20gb (0),1,,13,"void ch_est::chEstFilterNoDftSOfdmDispatchKernel<float, __half, float, (unsigned int)2>(ch_est::puschRxChEstStatDescr_t *, ch_est::puschRxChEstDynDescr_t *)"
3272652583,2688,172873,103,1,1,128,1,1,16,0.000,0.000,,,,,NVIDIA A100-SXM4-40GB MIG 4g.20gb (0),1,,13,cupy_copy__complex64_complex64
3272658087,12864,172883,1434,1,1,128,1,1,16,0.000,0.000,,,,,NVIDIA A100-SXM4-40GB MIG 4g.20gb (0),1,,13,cupy_copy__complex64_complex64
3272674823,2688,172890,103,1,1,128,1,1,16,0.000,0.000,,,,,NVIDIA A100-SXM4-40GB MIG 4g.20gb (0),1,,13,cupy_copy__complex64_complex64
3272681286,83871,172897,1,1,1,32,32,1,30,0.000,0.000,,,,,NVIDIA A100-SXM4-40GB MIG 4g.20gb (0),1,,13,"void convert_kernel<__half2, float2>(tensor_layout_any, T1 *, tensor_layout_any, const T2 *)"
3272793637,7936,172900,,,,,,,,,,0.094,11806.446,Pinned,Device,NVIDIA A100-SXM4-40GB MIG 4g.20gb (0),1,,13,[CUDA memcpy Host-to-Device]
3272807077,48383,172901,,,,,,,,,,35.810,740119.427,Device,,NVIDIA A100-SXM4-40GB MIG 4g.20gb (0),1,,13,[CUDA memset]
3272859364,3296,172903,,,,,,,,,,0.000,24.272,Pinned,Device,NVIDIA A100-SXM4-40GB MIG 4g.20gb (0),1,,13,[CUDA memcpy Host-to-Device]
3272866404,12064,172904,,,,,,,,,,0.197,16297.034,Pinned,Device,NVIDIA A100-SXM4-40GB MIG 4g.20gb (0),1,,13,[CUDA memcpy Host-to-Device]
3272885316,11040,172905,273,1,1,48,1,1,40,0.000,0.001,,,,,NVIDIA A100-SXM4-40GB MIG 4g.20gb (0),1,,13,"void pusch_noise_intf_est::noiseIntfEstNoDftSOfdmKernel<float, __half, float, float, (unsigned int)2, (unsigned int)1, (unsigned char)4, (unsigned char)4>(pusch_noise_intf_est::puschRxNoiseIntfEstDynDescr)"
3272897956,3456,172916,35,1,1,128,1,1,16,0.000,0.000,,,,,NVIDIA A100-SXM4-40GB MIG 4g.20gb (0),1,,13,cupy_copy__complex64_complex64
3272916164,2048,172925,1,1,1,1,1,1,18,0.000,0.000,,,,,NVIDIA A100-SXM4-40GB MIG 4g.20gb (0),1,,13,cupy_copy__float32_float32
3272951043,1664,172931,,,,,,,,,,0.000,2.404,Device,Pageable,NVIDIA A100-SXM4-40GB MIG 4g.20gb (0),1,,7,[CUDA memcpy Device-to-Host]
3273011586,13216,172942,1434,1,1,128,1,1,16,0.000,0.000,,,,,NVIDIA A100-SXM4-40GB MIG 4g.20gb (0),1,,13,cupy_copy__complex64_complex64
3273037122,2848,172949,103,1,1,128,1,1,16,0.000,0.000,,,,,NVIDIA A100-SXM4-40GB MIG 4g.20gb (0),1,,13,cupy_copy__complex64_complex64
3273057442,2368,172956,35,1,1,128,1,1,16,0.000,0.000,,,,,NVIDIA A100-SXM4-40GB MIG 4g.20gb (0),1,,13,cupy_copy__complex64_complex64
3273075170,1984,172963,1,1,1,1,1,1,18,0.000,0.000,,,,,NVIDIA A100-SXM4-40GB MIG 4g.20gb (0),1,,13,cupy_copy__float32_float32
3273210400,83231,172974,1,1,1,32,32,1,30,0.000,0.000,,,,,NVIDIA A100-SXM4-40GB MIG 4g.20gb (0),1,,13,"void convert_kernel<__half2, float2>(tensor_layout_any, T1 *, tensor_layout_any, const T2 *)"
3273321215,5471,172977,,,,,,,,,,0.094,17125.849,Pinned,Device,NVIDIA A100-SXM4-40GB MIG 4g.20gb (0),1,,13,[CUDA memcpy Host-to-Device]
3273337054,3584,172978,,,,,,,,,,1.547,431534.389,Device,,NVIDIA A100-SXM4-40GB MIG 4g.20gb (0),1,,13,[CUDA memset]
3273344254,3232,172983,,,,,,,,,,0.031,9683.139,Pinned,Device,NVIDIA A100-SXM4-40GB MIG 4g.20gb (0),1,,13,[CUDA memcpy Host-to-Device]
3273350270,9376,172984,,,,,,,,,,0.197,20969.226,Pinned,Device,NVIDIA A100-SXM4-40GB MIG 4g.20gb (0),1,,13,[CUDA memcpy Host-to-Device]
3273363614,6592,172985,273,1,1,8,4,1,39,0.002,0.000,,,,,NVIDIA A100-SXM4-40GB MIG 4g.20gb (0),1,,13,"void channel_eq::eqMmseCoefCompLowMimoKernel<float, float, float, (unsigned int)4, (unsigned int)1, (unsigned int)4>(const channel_eq::_puschRxChEqStatDescr *, channel_eq::_puschRxChEqCoefCompDynDescr)"
3273371230,6400,172986,273,1,1,12,11,1,51,0.002,0.000,,,,,NVIDIA A100-SXM4-40GB MIG 4g.20gb (0),1,,13,"void channel_eq::eqMmseSoftDemapKernel<float, __half, __half, float, (unsigned int)4, (unsigned short)16383>(channel_eq::_puschRxChEqStatDescr *, channel_eq::_puschRxChEqSoftDemapDynDescr)"
3273378718,282428,172987,1,1,1,32,32,1,30,0.000,0.000,,,,,NVIDIA A100-SXM4-40GB MIG 4g.20gb (0),1,,13,"void convert_kernel<float2, __half2>(tensor_layout_any, T1 *, tensor_layout_any, const T2 *)"
3273662202,10976,172999,2253,1,1,128,1,1,16,0.000,0.000,,,,,NVIDIA A100-SXM4-40GB MIG 4g.20gb (0),1,,13,cupy_copy__float16_float16
3273675482,3840,173008,282,1,1,128,1,1,16,0.000,0.000,,,,,NVIDIA A100-SXM4-40GB MIG 4g.20gb (0),1,,13,cupy_copy__complex64_complex64
3273681242,2144,173017,26,1,1,128,1,1,16,0.000,0.000,,,,,NVIDIA A100-SXM4-40GB MIG 4g.20gb (0),1,,13,cupy_copy__float32_float32
3273685146,3520,173026,103,1,1,128,1,1,16,0.000,0.000,,,,,NVIDIA A100-SXM4-40GB MIG 4g.20gb (0),1,,13,cupy_copy__complex64_complex64
3273691514,12288,173036,1434,1,1,128,1,1,16,0.000,0.000,,,,,NVIDIA A100-SXM4-40GB MIG 4g.20gb (0),1,,13,cupy_copy__complex64_complex64
3273712346,82303,173041,1,1,1,32,32,1,30,0.000,0.000,,,,,NVIDIA A100-SXM4-40GB MIG 4g.20gb (0),1,,13,"void convert_kernel<__half2, float2>(tensor_layout_any, T1 *, tensor_layout_any, const T2 *)"
3273823960,5472,173044,,,,,,,,,,0.094,17122.757,Pinned,Device,NVIDIA A100-SXM4-40GB MIG 4g.20gb (0),1,,13,[CUDA memcpy Host-to-Device]
3273834360,604633,173045,,,,,,,,,,456.561,754696.060,Device,,NVIDIA A100-SXM4-40GB MIG 4g.20gb (0),1,,13,[CUDA memset]
3274447249,68703,173050,,,,,,,,,,1.235,17974.610,Pinned,Device,NVIDIA A100-SXM4-40GB MIG 4g.20gb (0),1,,13,[CUDA memcpy Host-to-Device]
3274519536,14688,173051,,,,,,,,,,0.197,13385.466,Pinned,Device,NVIDIA A100-SXM4-40GB MIG 4g.20gb (0),1,,13,[CUDA memcpy Host-to-Device]
3274541391,8224,173052,69,4,1,48,1,1,76,0.002,0.000,,,,,NVIDIA A100-SXM4-40GB MIG 4g.20gb (0),1,,13,"void ch_est::windowedChEstPreNoDftSOfdmKernel<float, __half, float, (unsigned int)2, (unsigned int)1, (unsigned short)4>(ch_est::puschRxChEstStatDescr_t *, ch_est::puschRxChEstDynDescr_t *)"
3274552591,6336,173053,137,2,1,24,2,1,44,0.001,0.001,,,,,NVIDIA A100-SXM4-40GB MIG 4g.20gb (0),1,,13,"void ch_est::chEstFilterNoDftSOfdmDispatchKernel<float, __half, float, (unsigned int)2>(ch_est::puschRxChEstStatDescr_t *, ch_est::puschRxChEstDynDescr_t *)"
3274562543,5024,173054,137,2,1,24,2,1,44,0.001,0.001,,,,,NVIDIA A100-SXM4-40GB MIG 4g.20gb (0),1,,13,"void ch_est::chEstFilterNoDftSOfdmDispatchKernel<float, __half, float, (unsigned int)2>(ch_est::puschRxChEstStatDescr_t *, ch_est::puschRxChEstDynDescr_t *)"
3274573167,2560,173065,103,1,1,128,1,1,16,0.000,0.000,,,,,NVIDIA A100-SXM4-40GB MIG 4g.20gb (0),1,,13,cupy_copy__complex64_complex64
3274579759,12512,173075,1434,1,1,128,1,1,16,0.000,0.000,,,,,NVIDIA A100-SXM4-40GB MIG 4g.20gb (0),1,,13,cupy_copy__complex64_complex64
3274597231,2656,173082,103,1,1,128,1,1,16,0.000,0.000,,,,,NVIDIA A100-SXM4-40GB MIG 4g.20gb (0),1,,13,cupy_copy__complex64_complex64
3274603279,83903,173089,1,1,1,32,32,1,30,0.000,0.000,,,,,NVIDIA A100-SXM4-40GB MIG 4g.20gb (0),1,,13,"void convert_kernel<__half2, float2>(tensor_layout_any, T1 *, tensor_layout_any, const T2 *)"
3274716877,8448,173092,,,,,,,,,,0.094,11090.889,Pinned,Device,NVIDIA A100-SXM4-40GB MIG 4g.20gb (0),1,,13,[CUDA memcpy Host-to-Device]
3274733293,47520,173093,,,,,,,,,,35.810,753548.147,Device,,NVIDIA A100-SXM4-40GB MIG 4g.20gb (0),1,,13,[CUDA memset]
3274788268,2528,173095,,,,,,,,,,0.000,31.646,Pinned,Device,NVIDIA A100-SXM4-40GB MIG 4g.20gb (0),1,,13,[CUDA memcpy Host-to-Device]
3274793644,12224,173096,,,,,,,,,,0.197,16083.714,Pinned,Device,NVIDIA A100-SXM4-40GB MIG 4g.20gb (0),1,,13,[CUDA memcpy Host-to-Device]
3274813612,9984,173097,273,1,1,48,1,1,40,0.000,0.001,,,,,NVIDIA A100-SXM4-40GB MIG 4g.20gb (0),1,,13,"void pusch_noise_intf_est::noiseIntfEstNoDftSOfdmKernel<float, __half, float, float, (unsigned int)2, (unsigned int)1, (unsigned char)4, (unsigned char)4>(pusch_noise_intf_est::puschRxNoiseIntfEstDynDescr)"
3274828172,3200,173108,35,1,1,128,1,1,16,0.000,0.000,,,,,NVIDIA A100-SXM4-40GB MIG 4g.20gb (0),1,,13,cupy_copy__complex64_complex64
3274835660,1888,173117,1,1,1,1,1,1,18,0.000,0.000,,,,,NVIDIA A100-SXM4-40GB MIG 4g.20gb (0),1,,13,cupy_copy__float32_float32
3274875947,1568,173123,,,,,,,,,,0.000,2.551,Device,Pageable,NVIDIA A100-SXM4-40GB MIG 4g.20gb (0),1,,7,[CUDA memcpy Device-to-Host]
3274936523,13215,173134,1434,1,1,128,1,1,16,0.000,0.000,,,,,NVIDIA A100-SXM4-40GB MIG 4g.20gb (0),1,,13,cupy_copy__complex64_complex64
3274962954,2624,173141,103,1,1,128,1,1,16,0.000,0.000,,,,,NVIDIA A100-SXM4-40GB MIG 4g.20gb (0),1,,13,cupy_copy__complex64_complex64
3274983626,2176,173148,35,1,1,128,1,1,16,0.000,0.000,,,,,NVIDIA A100-SXM4-40GB MIG 4g.20gb (0),1,,13,cupy_copy__complex64_complex64
3275001674,1760,173155,1,1,1,1,1,1,18,0.000,0.000,,,,,NVIDIA A100-SXM4-40GB MIG 4g.20gb (0),1,,13,cupy_copy__float32_float32
3275134216,82175,173166,1,1,1,32,32,1,30,0.000,0.000,,,,,NVIDIA A100-SXM4-40GB MIG 4g.20gb (0),1,,13,"void convert_kernel<__half2, float2>(tensor_layout_any, T1 *, tensor_layout_any, const T2 *)"
3275244391,5632,173169,,,,,,,,,,0.094,16636.287,Pinned,Device,NVIDIA A100-SXM4-40GB MIG 4g.20gb (0),1,,13,[CUDA memcpy Host-to-Device]
3275258631,3456,173170,,,,,,,,,,1.547,447517.201,Device,,NVIDIA A100-SXM4-40GB MIG 4g.20gb (0),1,,13,[CUDA memset]
3275265639,3327,173175,,,,,,,,,,0.031,9406.670,Pinned,Device,NVIDIA A100-SXM4-40GB MIG 4g.20gb (0),1,,13,[CUDA memcpy Host-to-Device]
3275271622,9408,173176,,,,,,,,,,0.197,20897.858,Pinned,Device,NVIDIA A100-SXM4-40GB MIG 4g.20gb (0),1,,13,[CUDA memcpy Host-to-Device]
3275285734,6816,173177,273,1,1,8,4,1,39,0.002,0.000,,,,,NVIDIA A100-SXM4-40GB MIG 4g.20gb (0),1,,13,"void channel_eq::eqMmseCoefCompLowMimoKernel<float, float, float, (unsigned int)4, (unsigned int)1, (unsigned int)4>(const channel_eq::_puschRxChEqStatDescr *, channel_eq::_puschRxChEqCoefCompDynDescr)"
3275295782,5920,173178,273,1,1,12,11,1,51,0.002,0.000,,,,,NVIDIA A100-SXM4-40GB MIG 4g.20gb (0),1,,13,"void channel_eq::eqMmseSoftDemapKernel<float, __half, __half, float, (unsigned int)4, (unsigned short)16383>(channel_eq::_puschRxChEqStatDescr *, channel_eq::_puschRxChEqSoftDemapDynDescr)"
3275302630,282589,173179,1,1,1,32,32,1,30,0.000,0.000,,,,,NVIDIA A100-SXM4-40GB MIG 4g.20gb (0),1,,13,"void convert_kernel<float2, __half2>(tensor_layout_any, T1 *, tensor_layout_any, const T2 *)"
3275586211,10783,173191,2253,1,1,128,1,1,16,0.000,0.000,,,,,NVIDIA A100-SXM4-40GB MIG 4g.20gb (0),1,,13,cupy_copy__float16_float16
3275600866,2752,173200,282,1,1,128,1,1,16,0.000,0.000,,,,,NVIDIA A100-SXM4-40GB MIG 4g.20gb (0),1,,13,cupy_copy__complex64_complex64
3275605634,2112,173209,26,1,1,128,1,1,16,0.000,0.000,,,,,NVIDIA A100-SXM4-40GB MIG 4g.20gb (0),1,,13,cupy_copy__float32_float32
3275608834,3168,173218,103,1,1,128,1,1,16,0.000,0.000,,,,,NVIDIA A100-SXM4-40GB MIG 4g.20gb (0),1,,13,cupy_copy__complex64_complex64
3275614146,12064,173228,1434,1,1,128,1,1,16,0.000,0.000,,,,,NVIDIA A100-SXM4-40GB MIG 4g.20gb (0),1,,13,cupy_copy__complex64_complex64
3275631394,82143,173233,1,1,1,32,32,1,30,0.000,0.000,,,,,NVIDIA A100-SXM4-40GB MIG 4g.20gb (0),1,,13,"void convert_kernel<__half2, float2>(tensor_layout_any, T1 *, tensor_layout_any, const T2 *)"
3275740641,5664,173236,,,,,,,,,,0.094,16542.310,Pinned,Device,NVIDIA A100-SXM4-40GB MIG 4g.20gb (0),1,,13,[CUDA memcpy Host-to-Device]
3275750145,602744,173237,,,,,,,,,,456.561,757435.429,Device,,NVIDIA A100-SXM4-40GB MIG 4g.20gb (0),1,,13,[CUDA memset]
3276356953,67807,173242,,,,,,,,,,1.235,18211.719,Pinned,Device,NVIDIA A100-SXM4-40GB MIG 4g.20gb (0),1,,13,[CUDA memcpy Host-to-Device]
3276429656,14976,173243,,,,,,,,,,0.197,13128.106,Pinned,Device,NVIDIA A100-SXM4-40GB MIG 4g.20gb (0),1,,13,[CUDA memcpy Host-to-Device]
3276452664,8192,173244,69,4,1,48,1,1,76,0.002,0.000,,,,,NVIDIA A100-SXM4-40GB MIG 4g.20gb (0),1,,13,"void ch_est::windowedChEstPreNoDftSOfdmKernel<float, __half, float, (unsigned int)2, (unsigned int)1, (unsigned short)4>(ch_est::puschRxChEstStatDescr_t *, ch_est::puschRxChEstDynDescr_t *)"
3276464216,6240,173245,137,2,1,24,2,1,44,0.001,0.001,,,,,NVIDIA A100-SXM4-40GB MIG 4g.20gb (0),1,,13,"void ch_est::chEstFilterNoDftSOfdmDispatchKernel<float, __half, float, (unsigned int)2>(ch_est::puschRxChEstStatDescr_t *, ch_est::puschRxChEstDynDescr_t *)"
3276474616,5312,173246,137,2,1,24,2,1,44,0.001,0.001,,,,,NVIDIA A100-SXM4-40GB MIG 4g.20gb (0),1,,13,"void ch_est::chEstFilterNoDftSOfdmDispatchKernel<float, __half, float, (unsigned int)2>(ch_est::puschRxChEstStatDescr_t *, ch_est::puschRxChEstDynDescr_t *)"
3276485015,2688,173257,103,1,1,128,1,1,16,0.000,0.000,,,,,NVIDIA A100-SXM4-40GB MIG 4g.20gb (0),1,,13,cupy_copy__complex64_complex64
3276490871,12480,173267,1434,1,1,128,1,1,16,0.000,0.000,,,,,NVIDIA A100-SXM4-40GB MIG 4g.20gb (0),1,,13,cupy_copy__complex64_complex64
3276504599,2656,173274,103,1,1,128,1,1,16,0.000,0.000,,,,,NVIDIA A100-SXM4-40GB MIG 4g.20gb (0),1,,13,cupy_copy__complex64_complex64
3276511639,89407,173281,1,1,1,32,32,1,30,0.000,0.000,,,,,NVIDIA A100-SXM4-40GB MIG 4g.20gb (0),1,,13,"void convert_kernel<__half2, float2>(tensor_layout_any, T1 *, tensor_layout_any, const T2 *)"
3276629974,10304,173284,,,,,,,,,,0.094,9093.103,Pinned,Device,NVIDIA A100-SXM4-40GB MIG 4g.20gb (0),1,,13,[CUDA memcpy Host-to-Device]
3276646933,46688,173285,,,,,,,,,,35.810,766976.867,Device,,NVIDIA A100-SXM4-40GB MIG 4g.20gb (0),1,,13,[CUDA memset]
3276701077,3072,173287,,,,,,,,,,0.000,26.042,Pinned,Device,NVIDIA A100-SXM4-40GB MIG 4g.20gb (0),1,,13,[CUDA memcpy Host-to-Device]
3276708053,12960,173288,,,,,,,,,,0.197,15170.273,Pinned,Device,NVIDIA A100-SXM4-40GB MIG 4g.20gb (0),1,,13,[CUDA memcpy Host-to-Device]
3276728628,10304,173289,273,1,1,48,1,1,40,0.000,0.001,,,,,NVIDIA A100-SXM4-40GB MIG 4g.20gb (0),1,,13,"void pusch_noise_intf_est::noiseIntfEstNoDftSOfdmKernel<float, __half, float, float, (unsigned int)2, (unsigned int)1, (unsigned char)4, (unsigned char)4>(pusch_noise_intf_est::puschRxNoiseIntfEstDynDescr)"
3276742228,3040,173300,35,1,1,128,1,1,16,0.000,0.000,,,,,NVIDIA A100-SXM4-40GB MIG 4g.20gb (0),1,,13,cupy_copy__complex64_complex64
3276749364,1952,173309,1,1,1,1,1,1,18,0.000,0.000,,,,,NVIDIA A100-SXM4-40GB MIG 4g.20gb (0),1,,13,cupy_copy__float32_float32
3276779636,1664,173315,,,,,,,,,,0.000,2.404,Device,Pageable,NVIDIA A100-SXM4-40GB MIG 4g.20gb (0),1,,7,[CUDA memcpy Device-to-Host]
3276839347,12704,173326,1434,1,1,128,1,1,16,0.000,0.000,,,,,NVIDIA A100-SXM4-40GB MIG 4g.20gb (0),1,,13,cupy_copy__complex64_complex64
3276866515,3648,173333,103,1,1,128,1,1,16,0.000,0.000,,,,,NVIDIA A100-SXM4-40GB MIG 4g.20gb (0),1,,13,cupy_copy__complex64_complex64
3276886738,2176,173340,35,1,1,128,1,1,16,0.000,0.000,,,,,NVIDIA A100-SXM4-40GB MIG 4g.20gb (0),1,,13,cupy_copy__complex64_complex64
3276904530,2080,173347,1,1,1,1,1,1,18,0.000,0.000,,,,,NVIDIA A100-SXM4-40GB MIG 4g.20gb (0),1,,13,cupy_copy__float32_float32
3277038993,80671,173358,1,1,1,32,32,1,30,0.000,0.000,,,,,NVIDIA A100-SXM4-40GB MIG 4g.20gb (0),1,,13,"void convert_kernel<__half2, float2>(tensor_layout_any, T1 *, tensor_layout_any, const T2 *)"
3277147407,5472,173361,,,,,,,,,,0.094,17122.757,Pinned,Device,NVIDIA A100-SXM4-40GB MIG 4g.20gb (0),1,,13,[CUDA memcpy Host-to-Device]
3277163343,3328,173362,,,,,,,,,,1.547,464729.580,Device,,NVIDIA A100-SXM4-40GB MIG 4g.20gb (0),1,,13,[CUDA memset]
3277168911,3040,173367,,,,,,,,,,0.031,10294.725,Pinned,Device,NVIDIA A100-SXM4-40GB MIG 4g.20gb (0),1,,13,[CUDA memcpy Host-to-Device]
3277174703,9792,173368,,,,,,,,,,0.197,20078.395,Pinned,Device,NVIDIA A100-SXM4-40GB MIG 4g.20gb (0),1,,13,[CUDA memcpy Host-to-Device]
3277188687,6144,173369,273,1,1,8,4,1,39,0.002,0.000,,,,,NVIDIA A100-SXM4-40GB MIG 4g.20gb (0),1,,13,"void channel_eq::eqMmseCoefCompLowMimoKernel<float, float, float, (unsigned int)4, (unsigned int)1, (unsigned int)4>(const channel_eq::_puschRxChEqStatDescr *, channel_eq::_puschRxChEqCoefCompDynDescr)"
3277196591,5472,173370,273,1,1,12,11,1,51,0.002,0.000,,,,,NVIDIA A100-SXM4-40GB MIG 4g.20gb (0),1,,13,"void channel_eq::eqMmseSoftDemapKernel<float, __half, __half, float, (unsigned int)4, (unsigned short)16383>(channel_eq::_puschRxChEqStatDescr *, channel_eq::_puschRxChEqSoftDemapDynDescr)"
3277203599,294460,173371,1,1,1,32,32,1,30,0.000,0.000,,,,,NVIDIA A100-SXM4-40GB MIG 4g.20gb (0),1,,13,"void convert_kernel<float2, __half2>(tensor_layout_any, T1 *, tensor_layout_any, const T2 *)"
3277500491,11168,173383,2253,1,1,128,1,1,16,0.000,0.000,,,,,NVIDIA A100-SXM4-40GB MIG 4g.20gb (0),1,,13,cupy_copy__float16_float16
3277515339,2688,173392,282,1,1,128,1,1,16,0.000,0.000,,,,,NVIDIA A100-SXM4-40GB MIG 4g.20gb (0),1,,13,cupy_copy__complex64_complex64
3277519115,2336,173401,26,1,1,128,1,1,16,0.000,0.000,,,,,NVIDIA A100-SXM4-40GB MIG 4g.20gb (0),1,,13,cupy_copy__float32_float32
3277524459,4576,173410,103,1,1,128,1,1,16,0.000,0.000,,,,,NVIDIA A100-SXM4-40GB MIG 4g.20gb (0),1,,13,cupy_copy__complex64_complex64
3277531115,12351,173420,1434,1,1,128,1,1,16,0.000,0.000,,,,,NVIDIA A100-SXM4-40GB MIG 4g.20gb (0),1,,13,cupy_copy__complex64_complex64
3277546634,81599,173425,1,1,1,32,32,1,30,0.000,0.000,,,,,NVIDIA A100-SXM4-40GB MIG 4g.20gb (0),1,,13,"void convert_kernel<__half2, float2>(tensor_layout_any, T1 *, tensor_layout_any, const T2 *)"
3277655689,5408,173428,,,,,,,,,,0.094,17325.421,Pinned,Device,NVIDIA A100-SXM4-40GB MIG 4g.20gb (0),1,,13,[CUDA memcpy Host-to-Device]
3277666633,602328,173429,,,,,,,,,,456.561,757891.990,Device,,NVIDIA A100-SXM4-40GB MIG 4g.20gb (0),1,,13,[CUDA memset]
3278271649,68448,173434,,,,,,,,,,1.235,18041.297,Pinned,Device,NVIDIA A100-SXM4-40GB MIG 4g.20gb (0),1,,13,[CUDA memcpy Host-to-Device]
3278343200,14720,173435,,,,,,,,,,0.197,13356.368,Pinned,Device,NVIDIA A100-SXM4-40GB MIG 4g.20gb (0),1,,13,[CUDA memcpy Host-to-Device]
3278363392,8576,173436,69,4,1,48,1,1,76,0.002,0.000,,,,,NVIDIA A100-SXM4-40GB MIG 4g.20gb (0),1,,13,"void ch_est::windowedChEstPreNoDftSOfdmKernel<float, __half, float, (unsigned int)2, (unsigned int)1, (unsigned short)4>(ch_est::puschRxChEstStatDescr_t *, ch_est::puschRxChEstDynDescr_t *)"
3278378688,6144,173437,137,2,1,24,2,1,44,0.001,0.001,,,,,NVIDIA A100-SXM4-40GB MIG 4g.20gb (0),1,,13,"void ch_est::chEstFilterNoDftSOfdmDispatchKernel<float, __half, float, (unsigned int)2>(ch_est::puschRxChEstStatDescr_t *, ch_est::puschRxChEstDynDescr_t *)"
3278389920,5376,173438,137,2,1,24,2,1,44,0.001,0.001,,,,,NVIDIA A100-SXM4-40GB MIG 4g.20gb (0),1,,13,"void ch_est::chEstFilterNoDftSOfdmDispatchKernel<float, __half, float, (unsigned int)2>(ch_est::puschRxChEstStatDescr_t *, ch_est::puschRxChEstDynDescr_t *)"
3278401056,2752,173449,103,1,1,128,1,1,16,0.000,0.000,,,,,NVIDIA A100-SXM4-40GB MIG 4g.20gb (0),1,,13,cupy_copy__complex64_complex64
3278406304,12704,173459,1434,1,1,128,1,1,16,0.000,0.000,,,,,NVIDIA A100-SXM4-40GB MIG 4g.20gb (0),1,,13,cupy_copy__complex64_complex64
3278423775,2528,173466,103,1,1,128,1,1,16,0.000,0.000,,,,,NVIDIA A100-SXM4-40GB MIG 4g.20gb (0),1,,13,cupy_copy__complex64_complex64
3278430495,83903,173473,1,1,1,32,32,1,30,0.000,0.000,,,,,NVIDIA A100-SXM4-40GB MIG 4g.20gb (0),1,,13,"void convert_kernel<__half2, float2>(tensor_layout_any, T1 *, tensor_layout_any, const T2 *)"
3278542398,9440,173476,,,,,,,,,,0.094,9925.405,Pinned,Device,NVIDIA A100-SXM4-40GB MIG 4g.20gb (0),1,,13,[CUDA memcpy Host-to-Device]
3278559198,47743,173477,,,,,,,,,,35.810,750038.774,Device,,NVIDIA A100-SXM4-40GB MIG 4g.20gb (0),1,,13,[CUDA memset]
3278608669,4512,173479,,,,,,,,,,0.000,17.730,Pinned,Device,NVIDIA A100-SXM4-40GB MIG 4g.20gb (0),1,,13,[CUDA memcpy Host-to-Device]
3278618365,12768,173480,,,,,,,,,,0.197,15398.339,Pinned,Device,NVIDIA A100-SXM4-40GB MIG 4g.20gb (0),1,,13,[CUDA memcpy Host-to-Device]
3278641021,12032,173481,273,1,1,48,1,1,40,0.000,0.001,,,,,NVIDIA A100-SXM4-40GB MIG 4g.20gb (0),1,,13,"void pusch_noise_intf_est::noiseIntfEstNoDftSOfdmKernel<float, __half, float, float, (unsigned int)2, (unsigned int)1, (unsigned char)4, (unsigned char)4>(pusch_noise_intf_est::puschRxNoiseIntfEstDynDescr)"
3278658653,2944,173492,35,1,1,128,1,1,16,0.000,0.000,,,,,NVIDIA A100-SXM4-40GB MIG 4g.20gb (0),1,,13,cupy_copy__complex64_complex64
3278664956,1856,173501,1,1,1,1,1,1,18,0.000,0.000,,,,,NVIDIA A100-SXM4-40GB MIG 4g.20gb (0),1,,13,cupy_copy__float32_float32
3278693052,2592,173507,,,,,,,,,,0.000,1.543,Device,Pageable,NVIDIA A100-SXM4-40GB MIG 4g.20gb (0),1,,7,[CUDA memcpy Device-to-Host]
3278754971,12896,173518,1434,1,1,128,1,1,16,0.000,0.000,,,,,NVIDIA A100-SXM4-40GB MIG 4g.20gb (0),1,,13,cupy_copy__complex64_complex64
3278781563,3104,173525,103,1,1,128,1,1,16,0.000,0.000,,,,,NVIDIA A100-SXM4-40GB MIG 4g.20gb (0),1,,13,cupy_copy__complex64_complex64
3278803291,2336,173532,35,1,1,128,1,1,16,0.000,0.000,,,,,NVIDIA A100-SXM4-40GB MIG 4g.20gb (0),1,,13,cupy_copy__complex64_complex64
3278824667,1727,173539,1,1,1,1,1,1,18,0.000,0.000,,,,,NVIDIA A100-SXM4-40GB MIG 4g.20gb (0),1,,13,cupy_copy__float32_float32
3278962873,87935,173550,1,1,1,32,32,1,30,0.000,0.000,,,,,NVIDIA A100-SXM4-40GB MIG 4g.20gb (0),1,,13,"void convert_kernel<__half2, float2>(tensor_layout_any, T1 *, tensor_layout_any, const T2 *)"
3279078103,5408,173553,,,,,,,,,,0.094,17325.421,Pinned,Device,NVIDIA A100-SXM4-40GB MIG 4g.20gb (0),1,,13,[CUDA memcpy Host-to-Device]
3279092759,3360,173554,,,,,,,,,,1.547,460304.688,Device,,NVIDIA A100-SXM4-40GB MIG 4g.20gb (0),1,,13,[CUDA memset]
3279099543,3424,173559,,,,,,,,,,0.031,9140.185,Pinned,Device,NVIDIA A100-SXM4-40GB MIG 4g.20gb (0),1,,13,[CUDA memcpy Host-to-Device]
3279105399,9504,173560,,,,,,,,,,0.197,20686.701,Pinned,Device,NVIDIA A100-SXM4-40GB MIG 4g.20gb (0),1,,13,[CUDA memcpy Host-to-Device]
3279120279,9664,173561,273,1,1,8,4,1,39,0.002,0.000,,,,,NVIDIA A100-SXM4-40GB MIG 4g.20gb (0),1,,13,"void channel_eq::eqMmseCoefCompLowMimoKernel<float, float, float, (unsigned int)4, (unsigned int)1, (unsigned int)4>(const channel_eq::_puschRxChEqStatDescr *, channel_eq::_puschRxChEqCoefCompDynDescr)"
3279130999,5984,173562,273,1,1,12,11,1,51,0.002,0.000,,,,,NVIDIA A100-SXM4-40GB MIG 4g.20gb (0),1,,13,"void channel_eq::eqMmseSoftDemapKernel<float, __half, __half, float, (unsigned int)4, (unsigned short)16383>(channel_eq::_puschRxChEqStatDescr *, channel_eq::_puschRxChEqSoftDemapDynDescr)"
3279138647,282108,173563,1,1,1,32,32,1,30,0.000,0.000,,,,,NVIDIA A100-SXM4-40GB MIG 4g.20gb (0),1,,13,"void convert_kernel<float2, __half2>(tensor_layout_any, T1 *, tensor_layout_any, const T2 *)"
3279421747,11040,173575,2253,1,1,128,1,1,16,0.000,0.000,,,,,NVIDIA A100-SXM4-40GB MIG 4g.20gb (0),1,,13,cupy_copy__float16_float16
3279435411,3648,173584,282,1,1,128,1,1,16,0.000,0.000,,,,,NVIDIA A100-SXM4-40GB MIG 4g.20gb (0),1,,13,cupy_copy__complex64_complex64
3279441267,2336,173593,26,1,1,128,1,1,16,0.000,0.000,,,,,NVIDIA A100-SXM4-40GB MIG 4g.20gb (0),1,,13,cupy_copy__float32_float32
3279444531,2944,173602,103,1,1,128,1,1,16,0.000,0.000,,,,,NVIDIA A100-SXM4-40GB MIG 4g.20gb (0),1,,13,cupy_copy__complex64_complex64
3279450003,12192,173612,1434,1,1,128,1,1,16,0.000,0.000,,,,,NVIDIA A100-SXM4-40GB MIG 4g.20gb (0),1,,13,cupy_copy__complex64_complex64
3279466963,82655,173617,1,1,1,32,32,1,30,0.000,0.000,,,,,NVIDIA A100-SXM4-40GB MIG 4g.20gb (0),1,,13,"void convert_kernel<__half2, float2>(tensor_layout_any, T1 *, tensor_layout_any, const T2 *)"
3279577137,5568,173620,,,,,,,,,,0.094,16827.521,Pinned,Device,NVIDIA A100-SXM4-40GB MIG 4g.20gb (0),1,,13,[CUDA memcpy Host-to-Device]
3279587857,612089,173621,,,,,,,,,,456.561,745564.832,Device,,NVIDIA A100-SXM4-40GB MIG 4g.20gb (0),1,,13,[CUDA memset]
3280207209,71616,173626,,,,,,,,,,1.235,17243.523,Pinned,Device,NVIDIA A100-SXM4-40GB MIG 4g.20gb (0),1,,13,[CUDA memcpy Host-to-Device]
3280282504,15040,173627,,,,,,,,,,0.197,13072.269,Pinned,Device,NVIDIA A100-SXM4-40GB MIG 4g.20gb (0),1,,13,[CUDA memcpy Host-to-Device]
3280308264,8672,173628,69,4,1,48,1,1,76,0.002,0.000,,,,,NVIDIA A100-SXM4-40GB MIG 4g.20gb (0),1,,13,"void ch_est::windowedChEstPreNoDftSOfdmKernel<float, __half, float, (unsigned int)2, (unsigned int)1, (unsigned short)4>(ch_est::puschRxChEstStatDescr_t *, ch_est::puschRxChEstDynDescr_t *)"
3280319720,6368,173629,137,2,1,24,2,1,44,0.001,0.001,,,,,NVIDIA A100-SXM4-40GB MIG 4g.20gb (0),1,,13,"void ch_est::chEstFilterNoDftSOfdmDispatchKernel<float, __half, float, (unsigned int)2>(ch_est::puschRxChEstStatDescr_t *, ch_est::puschRxChEstDynDescr_t *)"
3280328680,5344,173630,137,2,1,24,2,1,44,0.001,0.001,,,,,NVIDIA A100-SXM4-40GB MIG 4g.20gb (0),1,,13,"void ch_est::chEstFilterNoDftSOfdmDispatchKernel<float, __half, float, (unsigned int)2>(ch_est::puschRxChEstStatDescr_t *, ch_est::puschRxChEstDynDescr_t *)"
3280340328,2880,173641,103,1,1,128,1,1,16,0.000,0.000,,,,,NVIDIA A100-SXM4-40GB MIG 4g.20gb (0),1,,13,cupy_copy__complex64_complex64
3280345832,12864,173651,1434,1,1,128,1,1,16,0.000,0.000,,,,,NVIDIA A100-SXM4-40GB MIG 4g.20gb (0),1,,13,cupy_copy__complex64_complex64
3280361032,3103,173658,103,1,1,128,1,1,16,0.000,0.000,,,,,NVIDIA A100-SXM4-40GB MIG 4g.20gb (0),1,,13,cupy_copy__complex64_complex64
3280367527,84543,173665,1,1,1,32,32,1,30,0.000,0.000,,,,,NVIDIA A100-SXM4-40GB MIG 4g.20gb (0),1,,13,"void convert_kernel<__half2, float2>(tensor_layout_any, T1 *, tensor_layout_any, const T2 *)"
3280482054,8000,173668,,,,,,,,,,0.094,11712.000,Pinned,Device,NVIDIA A100-SXM4-40GB MIG 4g.20gb (0),1,,13,[CUDA memcpy Host-to-Device]
3280496806,47167,173669,,,,,,,,,,35.810,759206.114,Device,,NVIDIA A100-SXM4-40GB MIG 4g.20gb (0),1,,13,[CUDA memset]
3280546021,3712,173671,,,,,,,,,,0.000,21.552,Pinned,Device,NVIDIA A100-SXM4-40GB MIG 4g.20gb (0),1,,13,[CUDA memcpy Host-to-Device]
3280553957,15232,173672,,,,,,,,,,0.197,12907.512,Pinned,Device,NVIDIA A100-SXM4-40GB MIG 4g.20gb (0),1,,13,[CUDA memcpy Host-to-Device]
3280576229,10592,173673,273,1,1,48,1,1,40,0.000,0.001,,,,,NVIDIA A100-SXM4-40GB MIG 4g.20gb (0),1,,13,"void pusch_noise_intf_est::noiseIntfEstNoDftSOfdmKernel<float, __half, float, float, (unsigned int)2, (unsigned int)1, (unsigned char)4, (unsigned char)4>(pusch_noise_intf_est::puschRxNoiseIntfEstDynDescr)"
3280589925,3040,173684,35,1,1,128,1,1,16,0.000,0.000,,,,,NVIDIA A100-SXM4-40GB MIG 4g.20gb (0),1,,13,cupy_copy__complex64_complex64
3280601701,1952,173693,1,1,1,1,1,1,18,0.000,0.000,,,,,NVIDIA A100-SXM4-40GB MIG 4g.20gb (0),1,,13,cupy_copy__float32_float32
3280632100,2432,173699,,,,,,,,,,0.000,1.645,Device,Pageable,NVIDIA A100-SXM4-40GB MIG 4g.20gb (0),1,,7,[CUDA memcpy Device-to-Host]
3280692995,12896,173710,1434,1,1,128,1,1,16,0.000,0.000,,,,,NVIDIA A100-SXM4-40GB MIG 4g.20gb (0),1,,13,cupy_copy__complex64_complex64
3280720067,3008,173717,103,1,1,128,1,1,16,0.000,0.000,,,,,NVIDIA A100-SXM4-40GB MIG 4g.20gb (0),1,,13,cupy_copy__complex64_complex64
3280744835,2400,173724,35,1,1,128,1,1,16,0.000,0.000,,,,,NVIDIA A100-SXM4-40GB MIG 4g.20gb (0),1,,13,cupy_copy__complex64_complex64
3280764611,1760,173731,1,1,1,1,1,1,18,0.000,0.000,,,,,NVIDIA A100-SXM4-40GB MIG 4g.20gb (0),1,,13,cupy_copy__float32_float32
3280896833,82079,173742,1,1,1,32,32,1,30,0.000,0.000,,,,,NVIDIA A100-SXM4-40GB MIG 4g.20gb (0),1,,13,"void convert_kernel<__half2, float2>(tensor_layout_any, T1 *, tensor_layout_any, const T2 *)"
3281006656,5663,173745,,,,,,,,,,0.094,16545.214,Pinned,Device,NVIDIA A100-SXM4-40GB MIG 4g.20gb (0),1,,13,[CUDA memcpy Host-to-Device]
3281020735,3264,173746,,,,,,,,,,1.547,473842.288,Device,,NVIDIA A100-SXM4-40GB MIG 4g.20gb (0),1,,13,[CUDA memset]
3281027583,3136,173751,,,,,,,,,,0.031,9979.575,Pinned,Device,NVIDIA A100-SXM4-40GB MIG 4g.20gb (0),1,,13,[CUDA memcpy Host-to-Device]
3281033279,9504,173752,,,,,,,,,,0.197,20686.701,Pinned,Device,NVIDIA A100-SXM4-40GB MIG 4g.20gb (0),1,,13,[CUDA memcpy Host-to-Device]
3281046175,6112,173753,273,1,1,8,4,1,39,0.002,0.000,,,,,NVIDIA A100-SXM4-40GB MIG 4g.20gb (0),1,,13,"void channel_eq::eqMmseCoefCompLowMimoKernel<float, float, float, (unsigned int)4, (unsigned int)1, (unsigned int)4>(const channel_eq::_puschRxChEqStatDescr *, channel_eq::_puschRxChEqCoefCompDynDescr)"
3281053375,5664,173754,273,1,1,12,11,1,51,0.002,0.000,,,,,NVIDIA A100-SXM4-40GB MIG 4g.20gb (0),1,,13,"void channel_eq::eqMmseSoftDemapKernel<float, __half, __half, float, (unsigned int)4, (unsigned short)16383>(channel_eq::_puschRxChEqStatDescr *, channel_eq::_puschRxChEqSoftDemapDynDescr)"
3281059999,282684,173755,1,1,1,32,32,1,30,0.000,0.000,,,,,NVIDIA A100-SXM4-40GB MIG 4g.20gb (0),1,,13,"void convert_kernel<float2, __half2>(tensor_layout_any, T1 *, tensor_layout_any, const T2 *)"
3281344187,11040,173767,2253,1,1,128,1,1,16,0.000,0.000,,,,,NVIDIA A100-SXM4-40GB MIG 4g.20gb (0),1,,13,cupy_copy__float16_float16
3281358747,3648,173776,282,1,1,128,1,1,16,0.000,0.000,,,,,NVIDIA A100-SXM4-40GB MIG 4g.20gb (0),1,,13,cupy_copy__complex64_complex64
3281363387,2048,173785,26,1,1,128,1,1,16,0.000,0.000,,,,,NVIDIA A100-SXM4-40GB MIG 4g.20gb (0),1,,13,cupy_copy__float32_float32
3281366523,3392,173794,103,1,1,128,1,1,16,0.000,0.000,,,,,NVIDIA A100-SXM4-40GB MIG 4g.20gb (0),1,,13,cupy_copy__complex64_complex64
3281370939,12224,173804,1434,1,1,128,1,1,16,0.000,0.000,,,,,NVIDIA A100-SXM4-40GB MIG 4g.20gb (0),1,,13,cupy_copy__complex64_complex64
3281394843,82815,173809,1,1,1,32,32,1,30,0.000,0.000,,,,,NVIDIA A100-SXM4-40GB MIG 4g.20gb (0),1,,13,"void convert_kernel<__half2, float2>(tensor_layout_any, T1 *, tensor_layout_any, const T2 *)"
3281504761,5824,173812,,,,,,,,,,0.094,16087.884,Pinned,Device,NVIDIA A100-SXM4-40GB MIG 4g.20gb (0),1,,13,[CUDA memcpy Host-to-Device]
3281515481,601913,173813,,,,,,,,,,456.561,758348.552,Device,,NVIDIA A100-SXM4-40GB MIG 4g.20gb (0),1,,13,[CUDA memset]
3282122770,67359,173818,,,,,,,,,,1.235,18332.744,Pinned,Device,NVIDIA A100-SXM4-40GB MIG 4g.20gb (0),1,,13,[CUDA memcpy Host-to-Device]
3282193009,15072,173819,,,,,,,,,,0.197,13044.548,Pinned,Device,NVIDIA A100-SXM4-40GB MIG 4g.20gb (0),1,,13,[CUDA memcpy Host-to-Device]
3282218705,7135,173820,69,4,1,48,1,1,76,0.002,0.000,,,,,NVIDIA A100-SXM4-40GB MIG 4g.20gb (0),1,,13,"void ch_est::windowedChEstPreNoDftSOfdmKernel<float, __half, float, (unsigned int)2, (unsigned int)1, (unsigned short)4>(ch_est::puschRxChEstStatDescr_t *, ch_est::puschRxChEstDynDescr_t *)"
3282231152,6976,173821,137,2,1,24,2,1,44,0.001,0.001,,,,,NVIDIA A100-SXM4-40GB MIG 4g.20gb (0),1,,13,"void ch_est::chEstFilterNoDftSOfdmDispatchKernel<float, __half, float, (unsigned int)2>(ch_est::puschRxChEstStatDescr_t *, ch_est::puschRxChEstDynDescr_t *)"
3282242320,4992,173822,137,2,1,24,2,1,44,0.001,0.001,,,,,NVIDIA A100-SXM4-40GB MIG 4g.20gb (0),1,,13,"void ch_est::chEstFilterNoDftSOfdmDispatchKernel<float, __half, float, (unsigned int)2>(ch_est::puschRxChEstStatDescr_t *, ch_est::puschRxChEstDynDescr_t *)"
3282252208,2624,173833,103,1,1,128,1,1,16,0.000,0.000,,,,,NVIDIA A100-SXM4-40GB MIG 4g.20gb (0),1,,13,cupy_copy__complex64_complex64
3282258768,12960,173843,1434,1,1,128,1,1,16,0.000,0.000,,,,,NVIDIA A100-SXM4-40GB MIG 4g.20gb (0),1,,13,cupy_copy__complex64_complex64
3282279952,2880,173850,103,1,1,128,1,1,16,0.000,0.000,,,,,NVIDIA A100-SXM4-40GB MIG 4g.20gb (0),1,,13,cupy_copy__complex64_complex64
3282286736,92511,173857,1,1,1,32,32,1,30,0.000,0.000,,,,,NVIDIA A100-SXM4-40GB MIG 4g.20gb (0),1,,13,"void convert_kernel<__half2, float2>(tensor_layout_any, T1 *, tensor_layout_any, const T2 *)"
3282409294,8960,173860,,,,,,,,,,0.094,10457.129,Pinned,Device,NVIDIA A100-SXM4-40GB MIG 4g.20gb (0),1,,13,[CUDA memcpy Host-to-Device]
3282427054,48767,173861,,,,,,,,,,35.810,734282.410,Device,,NVIDIA A100-SXM4-40GB MIG 4g.20gb (0),1,,13,[CUDA memset]
3282480461,3200,173863,,,,,,,,,,0.000,25.000,Pinned,Device,NVIDIA A100-SXM4-40GB MIG 4g.20gb (0),1,,13,[CUDA memcpy Host-to-Device]
3282486669,11968,173864,,,,,,,,,,0.197,16427.778,Pinned,Device,NVIDIA A100-SXM4-40GB MIG 4g.20gb (0),1,,13,[CUDA memcpy Host-to-Device]
3282506669,10048,173865,273,1,1,48,1,1,40,0.000,0.001,,,,,NVIDIA A100-SXM4-40GB MIG 4g.20gb (0),1,,13,"void pusch_noise_intf_est::noiseIntfEstNoDftSOfdmKernel<float, __half, float, float, (unsigned int)2, (unsigned int)1, (unsigned char)4, (unsigned char)4>(pusch_noise_intf_est::puschRxNoiseIntfEstDynDescr)"
3282520429,2944,173876,35,1,1,128,1,1,16,0.000,0.000,,,,,NVIDIA A100-SXM4-40GB MIG 4g.20gb (0),1,,13,cupy_copy__complex64_complex64
3282528429,1920,173885,1,1,1,1,1,1,18,0.000,0.000,,,,,NVIDIA A100-SXM4-40GB MIG 4g.20gb (0),1,,13,cupy_copy__float32_float32
3282559660,1600,173891,,,,,,,,,,0.000,2.500,Device,Pageable,NVIDIA A100-SXM4-40GB MIG 4g.20gb (0),1,,7,[CUDA memcpy Device-to-Host]
3282619852,13247,173902,1434,1,1,128,1,1,16,0.000,0.000,,,,,NVIDIA A100-SXM4-40GB MIG 4g.20gb (0),1,,13,cupy_copy__complex64_complex64
3282651275,3328,173909,103,1,1,128,1,1,16,0.000,0.000,,,,,NVIDIA A100-SXM4-40GB MIG 4g.20gb (0),1,,13,cupy_copy__complex64_complex64
3282671755,2656,173916,35,1,1,128,1,1,16,0.000,0.000,,,,,NVIDIA A100-SXM4-40GB MIG 4g.20gb (0),1,,13,cupy_copy__complex64_complex64
3282689867,1792,173923,1,1,1,1,1,1,18,0.000,0.000,,,,,NVIDIA A100-SXM4-40GB MIG 4g.20gb (0),1,,13,cupy_copy__float32_float32
3282821833,81759,173934,1,1,1,32,32,1,30,0.000,0.000,,,,,NVIDIA A100-SXM4-40GB MIG 4g.20gb (0),1,,13,"void convert_kernel<__half2, float2>(tensor_layout_any, T1 *, tensor_layout_any, const T2 *)"
3282932008,5568,173937,,,,,,,,,,0.094,16827.521,Pinned,Device,NVIDIA A100-SXM4-40GB MIG 4g.20gb (0),1,,13,[CUDA memcpy Host-to-Device]
3282946728,3360,173938,,,,,,,,,,1.547,460304.688,Device,,NVIDIA A100-SXM4-40GB MIG 4g.20gb (0),1,,13,[CUDA memset]
3282953735,3040,173943,,,,,,,,,,0.031,10294.725,Pinned,Device,NVIDIA A100-SXM4-40GB MIG 4g.20gb (0),1,,13,[CUDA memcpy Host-to-Device]
3282959239,9472,173944,,,,,,,,,,0.197,20756.693,Pinned,Device,NVIDIA A100-SXM4-40GB MIG 4g.20gb (0),1,,13,[CUDA memcpy Host-to-Device]
3282975079,6048,173945,273,1,1,8,4,1,39,0.002,0.000,,,,,NVIDIA A100-SXM4-40GB MIG 4g.20gb (0),1,,13,"void channel_eq::eqMmseCoefCompLowMimoKernel<float, float, float, (unsigned int)4, (unsigned int)1, (unsigned int)4>(const channel_eq::_puschRxChEqStatDescr *, channel_eq::_puschRxChEqCoefCompDynDescr)"
3282982663,5856,173946,273,1,1,12,11,1,51,0.002,0.000,,,,,NVIDIA A100-SXM4-40GB MIG 4g.20gb (0),1,,13,"void channel_eq::eqMmseSoftDemapKernel<float, __half, __half, float, (unsigned int)4, (unsigned short)16383>(channel_eq::_puschRxChEqStatDescr *, channel_eq::_puschRxChEqSoftDemapDynDescr)"
3282989639,294268,173947,1,1,1,32,32,1,30,0.000,0.000,,,,,NVIDIA A100-SXM4-40GB MIG 4g.20gb (0),1,,13,"void convert_kernel<float2, __half2>(tensor_layout_any, T1 *, tensor_layout_any, const T2 *)"
3283285571,11008,173959,2253,1,1,128,1,1,16,0.000,0.000,,,,,NVIDIA A100-SXM4-40GB MIG 4g.20gb (0),1,,13,cupy_copy__float16_float16
3283297635,3200,173968,282,1,1,128,1,1,16,0.000,0.000,,,,,NVIDIA A100-SXM4-40GB MIG 4g.20gb (0),1,,13,cupy_copy__complex64_complex64
3283301955,2016,173977,26,1,1,128,1,1,16,0.000,0.000,,,,,NVIDIA A100-SXM4-40GB MIG 4g.20gb (0),1,,13,cupy_copy__float32_float32
3283305251,4576,173986,103,1,1,128,1,1,16,0.000,0.000,,,,,NVIDIA A100-SXM4-40GB MIG 4g.20gb (0),1,,13,cupy_copy__complex64_complex64
3283310787,11904,173996,1434,1,1,128,1,1,16,0.000,0.000,,,,,NVIDIA A100-SXM4-40GB MIG 4g.20gb (0),1,,13,cupy_copy__complex64_complex64
3283326787,82719,174001,1,1,1,32,32,1,30,0.000,0.000,,,,,NVIDIA A100-SXM4-40GB MIG 4g.20gb (0),1,,13,"void convert_kernel<__half2, float2>(tensor_layout_any, T1 *, tensor_layout_any, const T2 *)"
3283436802,5439,174004,,,,,,,,,,0.094,17226.665,Pinned,Device,NVIDIA A100-SXM4-40GB MIG 4g.20gb (0),1,,13,[CUDA memcpy Host-to-Device]
3283448641,600121,174005,,,,,,,,,,456.561,760631.359,Device,,NVIDIA A100-SXM4-40GB MIG 4g.20gb (0),1,,13,[CUDA memset]
3284056058,67935,174010,,,,,,,,,,1.235,18177.141,Pinned,Device,NVIDIA A100-SXM4-40GB MIG 4g.20gb (0),1,,13,[CUDA memcpy Host-to-Device]
3284127641,14752,174011,,,,,,,,,,0.197,13327.466,Pinned,Device,NVIDIA A100-SXM4-40GB MIG 4g.20gb (0),1,,13,[CUDA memcpy Host-to-Device]
3284153657,8608,174012,69,4,1,48,1,1,76,0.002,0.000,,,,,NVIDIA A100-SXM4-40GB MIG 4g.20gb (0),1,,13,"void ch_est::windowedChEstPreNoDftSOfdmKernel<float, __half, float, (unsigned int)2, (unsigned int)1, (unsigned short)4>(ch_est::puschRxChEstStatDescr_t *, ch_est::puschRxChEstDynDescr_t *)"
3284164121,7615,174013,137,2,1,24,2,1,44,0.001,0.001,,,,,NVIDIA A100-SXM4-40GB MIG 4g.20gb (0),1,,13,"void ch_est::chEstFilterNoDftSOfdmDispatchKernel<float, __half, float, (unsigned int)2>(ch_est::puschRxChEstStatDescr_t *, ch_est::puschRxChEstDynDescr_t *)"
3284174840,5344,174014,137,2,1,24,2,1,44,0.001,0.001,,,,,NVIDIA A100-SXM4-40GB MIG 4g.20gb (0),1,,13,"void ch_est::chEstFilterNoDftSOfdmDispatchKernel<float, __half, float, (unsigned int)2>(ch_est::puschRxChEstStatDescr_t *, ch_est::puschRxChEstDynDescr_t *)"
3284185368,2880,174025,103,1,1,128,1,1,16,0.000,0.000,,,,,NVIDIA A100-SXM4-40GB MIG 4g.20gb (0),1,,13,cupy_copy__complex64_complex64
3284190264,12416,174035,1434,1,1,128,1,1,16,0.000,0.000,,,,,NVIDIA A100-SXM4-40GB MIG 4g.20gb (0),1,,13,cupy_copy__complex64_complex64
3284206264,2656,174042,103,1,1,128,1,1,16,0.000,0.000,,,,,NVIDIA A100-SXM4-40GB MIG 4g.20gb (0),1,,13,cupy_copy__complex64_complex64
3284212472,84063,174049,1,1,1,32,32,1,30,0.000,0.000,,,,,NVIDIA A100-SXM4-40GB MIG 4g.20gb (0),1,,13,"void convert_kernel<__half2, float2>(tensor_layout_any, T1 *, tensor_layout_any, const T2 *)"
3284325303,9087,174052,,,,,,,,,,0.094,10310.964,Pinned,Device,NVIDIA A100-SXM4-40GB MIG 4g.20gb (0),1,,13,[CUDA memcpy Host-to-Device]
3284342294,46432,174053,,,,,,,,,,35.810,771202.437,Device,,NVIDIA A100-SXM4-40GB MIG 4g.20gb (0),1,,13,[CUDA memset]
3284390294,4800,174055,,,,,,,,,,0.000,16.667,Pinned,Device,NVIDIA A100-SXM4-40GB MIG 4g.20gb (0),1,,13,[CUDA memcpy Host-to-Device]
3284399446,12735,174056,,,,,,,,,,0.197,15438.250,Pinned,Device,NVIDIA A100-SXM4-40GB MIG 4g.20gb (0),1,,13,[CUDA memcpy Host-to-Device]
3284419605,12928,174057,273,1,1,48,1,1,40,0.000,0.001,,,,,NVIDIA A100-SXM4-40GB MIG 4g.20gb (0),1,,13,"void pusch_noise_intf_est::noiseIntfEstNoDftSOfdmKernel<float, __half, float, float, (unsigned int)2, (unsigned int)1, (unsigned char)4, (unsigned char)4>(pusch_noise_intf_est::puschRxNoiseIntfEstDynDescr)"
3284436309,2976,174068,35,1,1,128,1,1,16,0.000,0.000,,,,,NVIDIA A100-SXM4-40GB MIG 4g.20gb (0),1,,13,cupy_copy__complex64_complex64
3284443701,1824,174077,1,1,1,1,1,1,18,0.000,0.000,,,,,NVIDIA A100-SXM4-40GB MIG 4g.20gb (0),1,,13,cupy_copy__float32_float32
3284474741,1568,174083,,,,,,,,,,0.000,2.551,Device,Pageable,NVIDIA A100-SXM4-40GB MIG 4g.20gb (0),1,,7,[CUDA memcpy Device-to-Host]
3284538452,13088,174094,1434,1,1,128,1,1,16,0.000,0.000,,,,,NVIDIA A100-SXM4-40GB MIG 4g.20gb (0),1,,13,cupy_copy__complex64_complex64
3284565012,2624,174101,103,1,1,128,1,1,16,0.000,0.000,,,,,NVIDIA A100-SXM4-40GB MIG 4g.20gb (0),1,,13,cupy_copy__complex64_complex64
3284585971,2208,174108,35,1,1,128,1,1,16,0.000,0.000,,,,,NVIDIA A100-SXM4-40GB MIG 4g.20gb (0),1,,13,cupy_copy__complex64_complex64
3284604275,1760,174115,1,1,1,1,1,1,18,0.000,0.000,,,,,NVIDIA A100-SXM4-40GB MIG 4g.20gb (0),1,,13,cupy_copy__float32_float32
3284735857,88319,174126,1,1,1,32,32,1,30,0.000,0.000,,,,,NVIDIA A100-SXM4-40GB MIG 4g.20gb (0),1,,13,"void convert_kernel<__half2, float2>(tensor_layout_any, T1 *, tensor_layout_any, const T2 *)"
3284851792,5728,174129,,,,,,,,,,0.094,16357.541,Pinned,Device,NVIDIA A100-SXM4-40GB MIG 4g.20gb (0),1,,13,[CUDA memcpy Host-to-Device]
3284866032,3296,174130,,,,,,,,,,1.547,469242.628,Device,,NVIDIA A100-SXM4-40GB MIG 4g.20gb (0),1,,13,[CUDA memset]
3284873360,3008,174135,,,,,,,,,,0.031,10404.230,Pinned,Device,NVIDIA A100-SXM4-40GB MIG 4g.20gb (0),1,,13,[CUDA memcpy Host-to-Device]
3284878800,9440,174136,,,,,,,,,,0.197,20827.079,Pinned,Device,NVIDIA A100-SXM4-40GB MIG 4g.20gb (0),1,,13,[CUDA memcpy Host-to-Device]
3284892848,6431,174137,273,1,1,8,4,1,39,0.002,0.000,,,,,NVIDIA A100-SXM4-40GB MIG 4g.20gb (0),1,,13,"void channel_eq::eqMmseCoefCompLowMimoKernel<float, float, float, (unsigned int)4, (unsigned int)1, (unsigned int)4>(const channel_eq::_puschRxChEqStatDescr *, channel_eq::_puschRxChEqCoefCompDynDescr)"
3284900207,6880,174138,273,1,1,12,11,1,51,0.002,0.000,,,,,NVIDIA A100-SXM4-40GB MIG 4g.20gb (0),1,,13,"void channel_eq::eqMmseSoftDemapKernel<float, __half, __half, float, (unsigned int)4, (unsigned short)16383>(channel_eq::_puschRxChEqStatDescr *, channel_eq::_puschRxChEqSoftDemapDynDescr)"
3284908111,282173,174139,1,1,1,32,32,1,30,0.000,0.000,,,,,NVIDIA A100-SXM4-40GB MIG 4g.20gb (0),1,,13,"void convert_kernel<float2, __half2>(tensor_layout_any, T1 *, tensor_layout_any, const T2 *)"
3285192812,10944,174151,2253,1,1,128,1,1,16,0.000,0.000,,,,,NVIDIA A100-SXM4-40GB MIG 4g.20gb (0),1,,13,cupy_copy__float16_float16
3285206732,3488,174160,282,1,1,128,1,1,16,0.000,0.000,,,,,NVIDIA A100-SXM4-40GB MIG 4g.20gb (0),1,,13,cupy_copy__complex64_complex64
3285211372,2048,174169,26,1,1,128,1,1,16,0.000,0.000,,,,,NVIDIA A100-SXM4-40GB MIG 4g.20gb (0),1,,13,cupy_copy__float32_float32
3285214924,3519,174178,103,1,1,128,1,1,16,0.000,0.000,,,,,NVIDIA A100-SXM4-40GB MIG 4g.20gb (0),1,,13,cupy_copy__complex64_complex64
3285219595,11808,174188,1434,1,1,128,1,1,16,0.000,0.000,,,,,NVIDIA A100-SXM4-40GB MIG 4g.20gb (0),1,,13,cupy_copy__complex64_complex64
3285244331,81279,174193,1,1,1,32,32,1,30,0.000,0.000,,,,,NVIDIA A100-SXM4-40GB MIG 4g.20gb (0),1,,13,"void convert_kernel<__half2, float2>(tensor_layout_any, T1 *, tensor_layout_any, const T2 *)"
3285352522,5344,174196,,,,,,,,,,0.094,17532.864,Pinned,Device,NVIDIA A100-SXM4-40GB MIG 4g.20gb (0),1,,13,[CUDA memcpy Host-to-Device]
3285363594,605496,174197,,,,,,,,,,456.561,753782.937,Device,,NVIDIA A100-SXM4-40GB MIG 4g.20gb (0),1,,13,[CUDA memset]
3285970594,71135,174202,,,,,,,,,,1.235,17359.608,Pinned,Device,NVIDIA A100-SXM4-40GB MIG 4g.20gb (0),1,,13,[CUDA memcpy Host-to-Device]
3286045473,13856,174203,,,,,,,,,,0.197,14189.199,Pinned,Device,NVIDIA A100-SXM4-40GB MIG 4g.20gb (0),1,,13,[CUDA memcpy Host-to-Device]
3286066721,8032,174204,69,4,1,48,1,1,76,0.002,0.000,,,,,NVIDIA A100-SXM4-40GB MIG 4g.20gb (0),1,,13,"void ch_est::windowedChEstPreNoDftSOfdmKernel<float, __half, float, (unsigned int)2, (unsigned int)1, (unsigned short)4>(ch_est::puschRxChEstStatDescr_t *, ch_est::puschRxChEstDynDescr_t *)"
3286077665,6400,174205,137,2,1,24,2,1,44,0.001,0.001,,,,,NVIDIA A100-SXM4-40GB MIG 4g.20gb (0),1,,13,"void ch_est::chEstFilterNoDftSOfdmDispatchKernel<float, __half, float, (unsigned int)2>(ch_est::puschRxChEstStatDescr_t *, ch_est::puschRxChEstDynDescr_t *)"
3286089121,6496,174206,137,2,1,24,2,1,44,0.001,0.001,,,,,NVIDIA A100-SXM4-40GB MIG 4g.20gb (0),1,,13,"void ch_est::chEstFilterNoDftSOfdmDispatchKernel<float, __half, float, (unsigned int)2>(ch_est::puschRxChEstStatDescr_t *, ch_est::puschRxChEstDynDescr_t *)"
3286100609,2592,174217,103,1,1,128,1,1,16,0.000,0.000,,,,,NVIDIA A100-SXM4-40GB MIG 4g.20gb (0),1,,13,cupy_copy__complex64_complex64
3286106081,12511,174227,1434,1,1,128,1,1,16,0.000,0.000,,,,,NVIDIA A100-SXM4-40GB MIG 4g.20gb (0),1,,13,cupy_copy__complex64_complex64
3286120960,2880,174234,103,1,1,128,1,1,16,0.000,0.000,,,,,NVIDIA A100-SXM4-40GB MIG 4g.20gb (0),1,,13,cupy_copy__complex64_complex64
3286128320,83807,174241,1,1,1,32,32,1,30,0.000,0.000,,,,,NVIDIA A100-SXM4-40GB MIG 4g.20gb (0),1,,13,"void convert_kernel<__half2, float2>(tensor_layout_any, T1 *, tensor_layout_any, const T2 *)"
3286241887,8512,174244,,,,,,,,,,0.094,11007.500,Pinned,Device,NVIDIA A100-SXM4-40GB MIG 4g.20gb (0),1,,13,[CUDA memcpy Host-to-Device]
3286255807,48159,174245,,,,,,,,,,35.810,743557.179,Device,,NVIDIA A100-SXM4-40GB MIG 4g.20gb (0),1,,13,[CUDA memset]
3286309150,3488,174247,,,,,,,,,,0.000,22.936,Pinned,Device,NVIDIA A100-SXM4-40GB MIG 4g.20gb (0),1,,13,[CUDA memcpy Host-to-Device]
3286316766,13504,174248,,,,,,,,,,0.197,14559.216,Pinned,Device,NVIDIA A100-SXM4-40GB MIG 4g.20gb (0),1,,13,[CUDA memcpy Host-to-Device]
3286337534,9504,174249,273,1,1,48,1,1,40,0.000,0.001,,,,,NVIDIA A100-SXM4-40GB MIG 4g.20gb (0),1,,13,"void pusch_noise_intf_est::noiseIntfEstNoDftSOfdmKernel<float, __half, float, float, (unsigned int)2, (unsigned int)1, (unsigned char)4, (unsigned char)4>(pusch_noise_intf_est::puschRxNoiseIntfEstDynDescr)"
3286353021,2912,174260,35,1,1,128,1,1,16,0.000,0.000,,,,,NVIDIA A100-SXM4-40GB MIG 4g.20gb (0),1,,13,cupy_copy__complex64_complex64
3286361405,1824,174269,1,1,1,1,1,1,18,0.000,0.000,,,,,NVIDIA A100-SXM4-40GB MIG 4g.20gb (0),1,,13,cupy_copy__float32_float32
3286398429,2336,174275,,,,,,,,,,0.000,1.712,Device,Pageable,NVIDIA A100-SXM4-40GB MIG 4g.20gb (0),1,,7,[CUDA memcpy Device-to-Host]
3286460476,12928,174286,1434,1,1,128,1,1,16,0.000,0.000,,,,,NVIDIA A100-SXM4-40GB MIG 4g.20gb (0),1,,13,cupy_copy__complex64_complex64
3286486876,3424,174293,103,1,1,128,1,1,16,0.000,0.000,,,,,NVIDIA A100-SXM4-40GB MIG 4g.20gb (0),1,,13,cupy_copy__complex64_complex64
3286507548,2752,174300,35,1,1,128,1,1,16,0.000,0.000,,,,,NVIDIA A100-SXM4-40GB MIG 4g.20gb (0),1,,13,cupy_copy__complex64_complex64
3286525019,1760,174307,1,1,1,1,1,1,18,0.000,0.000,,,,,NVIDIA A100-SXM4-40GB MIG 4g.20gb (0),1,,13,cupy_copy__float32_float32
3286659482,83007,174318,1,1,1,32,32,1,30,0.000,0.000,,,,,NVIDIA A100-SXM4-40GB MIG 4g.20gb (0),1,,13,"void convert_kernel<__half2, float2>(tensor_layout_any, T1 *, tensor_layout_any, const T2 *)"
3286769528,5376,174321,,,,,,,,,,0.094,17428.487,Pinned,Device,NVIDIA A100-SXM4-40GB MIG 4g.20gb (0),1,,13,[CUDA memcpy Host-to-Device]
3286783992,3552,174322,,,,,,,,,,1.547,435422.601,Device,,NVIDIA A100-SXM4-40GB MIG 4g.20gb (0),1,,13,[CUDA memset]
3286790712,3104,174327,,,,,,,,,,0.031,10082.445,Pinned,Device,NVIDIA A100-SXM4-40GB MIG 4g.20gb (0),1,,13,[CUDA memcpy Host-to-Device]
3286796248,9504,174328,,,,,,,,,,0.197,20686.701,Pinned,Device,NVIDIA A100-SXM4-40GB MIG 4g.20gb (0),1,,13,[CUDA memcpy Host-to-Device]
3286811064,5856,174329,273,1,1,8,4,1,39,0.002,0.000,,,,,NVIDIA A100-SXM4-40GB MIG 4g.20gb (0),1,,13,"void channel_eq::eqMmseCoefCompLowMimoKernel<float, float, float, (unsigned int)4, (unsigned int)1, (unsigned int)4>(const channel_eq::_puschRxChEqStatDescr *, channel_eq::_puschRxChEqCoefCompDynDescr)"
3286818008,5952,174330,273,1,1,12,11,1,51,0.002,0.000,,,,,NVIDIA A100-SXM4-40GB MIG 4g.20gb (0),1,,13,"void channel_eq::eqMmseSoftDemapKernel<float, __half, __half, float, (unsigned int)4, (unsigned short)16383>(channel_eq::_puschRxChEqStatDescr *, channel_eq::_puschRxChEqSoftDemapDynDescr)"
3286824920,282364,174331,1,1,1,32,32,1,30,0.000,0.000,,,,,NVIDIA A100-SXM4-40GB MIG 4g.20gb (0),1,,13,"void convert_kernel<float2, __half2>(tensor_layout_any, T1 *, tensor_layout_any, const T2 *)"
3287109012,10976,174343,2253,1,1,128,1,1,16,0.000,0.000,,,,,NVIDIA A100-SXM4-40GB MIG 4g.20gb (0),1,,13,cupy_copy__float16_float16
3287122420,3776,174352,282,1,1,128,1,1,16,0.000,0.000,,,,,NVIDIA A100-SXM4-40GB MIG 4g.20gb (0),1,,13,cupy_copy__complex64_complex64
3287129236,2112,174361,26,1,1,128,1,1,16,0.000,0.000,,,,,NVIDIA A100-SXM4-40GB MIG 4g.20gb (0),1,,13,cupy_copy__float32_float32
3287132372,3264,174370,103,1,1,128,1,1,16,0.000,0.000,,,,,NVIDIA A100-SXM4-40GB MIG 4g.20gb (0),1,,13,cupy_copy__complex64_complex64
3287138004,12128,174380,1434,1,1,128,1,1,16,0.000,0.000,,,,,NVIDIA A100-SXM4-40GB MIG 4g.20gb (0),1,,13,cupy_copy__complex64_complex64
3287170835,87935,174385,1,1,1,32,32,1,30,0.000,0.000,,,,,NVIDIA A100-SXM4-40GB MIG 4g.20gb (0),1,,13,"void convert_kernel<__half2, float2>(tensor_layout_any, T1 *, tensor_layout_any, const T2 *)"
3287286130,5824,174388,,,,,,,,,,0.094,16087.884,Pinned,Device,NVIDIA A100-SXM4-40GB MIG 4g.20gb (0),1,,13,[CUDA memcpy Host-to-Device]
3287296114,606488,174389,,,,,,,,,,456.561,752413.253,Device,,NVIDIA A100-SXM4-40GB MIG 4g.20gb (0),1,,13,[CUDA memset]
3287905450,67615,174394,,,,,,,,,,1.235,18263.587,Pinned,Device,NVIDIA A100-SXM4-40GB MIG 4g.20gb (0),1,,13,[CUDA memcpy Host-to-Device]
3287975657,14880,174395,,,,,,,,,,0.197,13212.844,Pinned,Device,NVIDIA A100-SXM4-40GB MIG 4g.20gb (0),1,,13,[CUDA memcpy Host-to-Device]
3287998185,8064,174396,69,4,1,48,1,1,76,0.002,0.000,,,,,NVIDIA A100-SXM4-40GB MIG 4g.20gb (0),1,,13,"void ch_est::windowedChEstPreNoDftSOfdmKernel<float, __half, float, (unsigned int)2, (unsigned int)1, (unsigned short)4>(ch_est::puschRxChEstStatDescr_t *, ch_est::puschRxChEstDynDescr_t *)"
3288013129,6048,174397,137,2,1,24,2,1,44,0.001,0.001,,,,,NVIDIA A100-SXM4-40GB MIG 4g.20gb (0),1,,13,"void ch_est::chEstFilterNoDftSOfdmDispatchKernel<float, __half, float, (unsigned int)2>(ch_est::puschRxChEstStatDescr_t *, ch_est::puschRxChEstDynDescr_t *)"
3288022313,5120,174398,137,2,1,24,2,1,44,0.001,0.001,,,,,NVIDIA A100-SXM4-40GB MIG 4g.20gb (0),1,,13,"void ch_est::chEstFilterNoDftSOfdmDispatchKernel<float, __half, float, (unsigned int)2>(ch_est::puschRxChEstStatDescr_t *, ch_est::puschRxChEstDynDescr_t *)"
3288034473,2592,174409,103,1,1,128,1,1,16,0.000,0.000,,,,,NVIDIA A100-SXM4-40GB MIG 4g.20gb (0),1,,13,cupy_copy__complex64_complex64
3288040009,12415,174419,1434,1,1,128,1,1,16,0.000,0.000,,,,,NVIDIA A100-SXM4-40GB MIG 4g.20gb (0),1,,13,cupy_copy__complex64_complex64
3288058280,2592,174426,103,1,1,128,1,1,16,0.000,0.000,,,,,NVIDIA A100-SXM4-40GB MIG 4g.20gb (0),1,,13,cupy_copy__complex64_complex64
3288064232,83135,174433,1,1,1,32,32,1,30,0.000,0.000,,,,,NVIDIA A100-SXM4-40GB MIG 4g.20gb (0),1,,13,"void convert_kernel<__half2, float2>(tensor_layout_any, T1 *, tensor_layout_any, const T2 *)"
3288176295,8704,174436,,,,,,,,,,0.094,10764.640,Pinned,Device,NVIDIA A100-SXM4-40GB MIG 4g.20gb (0),1,,13,[CUDA memcpy Host-to-Device]
3288193063,47871,174437,,,,,,,,,,35.810,748033.419,Device,,NVIDIA A100-SXM4-40GB MIG 4g.20gb (0),1,,13,[CUDA memset]
3288241798,3968,174439,,,,,,,,,,0.000,20.161,Pinned,Device,NVIDIA A100-SXM4-40GB MIG 4g.20gb (0),1,,13,[CUDA memcpy Host-to-Device]
3288249350,12896,174440,,,,,,,,,,0.197,15245.574,Pinned,Device,NVIDIA A100-SXM4-40GB MIG 4g.20gb (0),1,,13,[CUDA memcpy Host-to-Device]
3288269638,9792,174441,273,1,1,48,1,1,40,0.000,0.001,,,,,NVIDIA A100-SXM4-40GB MIG 4g.20gb (0),1,,13,"void pusch_noise_intf_est::noiseIntfEstNoDftSOfdmKernel<float, __half, float, float, (unsigned int)2, (unsigned int)1, (unsigned char)4, (unsigned char)4>(pusch_noise_intf_est::puschRxNoiseIntfEstDynDescr)"
3288281478,2656,174452,35,1,1,128,1,1,16,0.000,0.000,,,,,NVIDIA A100-SXM4-40GB MIG 4g.20gb (0),1,,13,cupy_copy__complex64_complex64
3288298053,1696,174461,1,1,1,1,1,1,18,0.000,0.000,,,,,NVIDIA A100-SXM4-40GB MIG 4g.20gb (0),1,,13,cupy_copy__float32_float32
3288330085,1952,174467,,,,,,,,,,0.000,2.049,Device,Pageable,NVIDIA A100-SXM4-40GB MIG 4g.20gb (0),1,,7,[CUDA memcpy Device-to-Host]
3288392580,12800,174478,1434,1,1,128,1,1,16,0.000,0.000,,,,,NVIDIA A100-SXM4-40GB MIG 4g.20gb (0),1,,13,cupy_copy__complex64_complex64
3288417924,2784,174485,103,1,1,128,1,1,16,0.000,0.000,,,,,NVIDIA A100-SXM4-40GB MIG 4g.20gb (0),1,,13,cupy_copy__complex64_complex64
3288439524,2592,174492,35,1,1,128,1,1,16,0.000,0.000,,,,,NVIDIA A100-SXM4-40GB MIG 4g.20gb (0),1,,13,cupy_copy__complex64_complex64
3288457219,1760,174499,1,1,1,1,1,1,18,0.000,0.000,,,,,NVIDIA A100-SXM4-40GB MIG 4g.20gb (0),1,,13,cupy_copy__float32_float32
3288587810,82527,174510,1,1,1,32,32,1,30,0.000,0.000,,,,,NVIDIA A100-SXM4-40GB MIG 4g.20gb (0),1,,13,"void convert_kernel<__half2, float2>(tensor_layout_any, T1 *, tensor_layout_any, const T2 *)"
3288697664,5472,174513,,,,,,,,,,0.094,17122.757,Pinned,Device,NVIDIA A100-SXM4-40GB MIG 4g.20gb (0),1,,13,[CUDA memcpy Host-to-Device]
3288711840,3328,174514,,,,,,,,,,1.547,464729.580,Device,,NVIDIA A100-SXM4-40GB MIG 4g.20gb (0),1,,13,[CUDA memset]
3288718976,3040,174519,,,,,,,,,,0.031,10294.725,Pinned,Device,NVIDIA A100-SXM4-40GB MIG 4g.20gb (0),1,,13,[CUDA memcpy Host-to-Device]
3288724480,9440,174520,,,,,,,,,,0.197,20827.079,Pinned,Device,NVIDIA A100-SXM4-40GB MIG 4g.20gb (0),1,,13,[CUDA memcpy Host-to-Device]
3288740000,6688,174521,273,1,1,8,4,1,39,0.002,0.000,,,,,NVIDIA A100-SXM4-40GB MIG 4g.20gb (0),1,,13,"void channel_eq::eqMmseCoefCompLowMimoKernel<float, float, float, (unsigned int)4, (unsigned int)1, (unsigned int)4>(const channel_eq::_puschRxChEqStatDescr *, channel_eq::_puschRxChEqCoefCompDynDescr)"
3288747904,5888,174522,273,1,1,12,11,1,51,0.002,0.000,,,,,NVIDIA A100-SXM4-40GB MIG 4g.20gb (0),1,,13,"void channel_eq::eqMmseSoftDemapKernel<float, __half, __half, float, (unsigned int)4, (unsigned short)16383>(channel_eq::_puschRxChEqStatDescr *, channel_eq::_puschRxChEqSoftDemapDynDescr)"
3288754752,281916,174523,1,1,1,32,32,1,30,0.000,0.000,,,,,NVIDIA A100-SXM4-40GB MIG 4g.20gb (0),1,,13,"void convert_kernel<float2, __half2>(tensor_layout_any, T1 *, tensor_layout_any, const T2 *)"
3289039548,10912,174535,2253,1,1,128,1,1,16,0.000,0.000,,,,,NVIDIA A100-SXM4-40GB MIG 4g.20gb (0),1,,13,cupy_copy__float16_float16
3289053276,3456,174544,282,1,1,128,1,1,16,0.000,0.000,,,,,NVIDIA A100-SXM4-40GB MIG 4g.20gb (0),1,,13,cupy_copy__complex64_complex64
3289059228,3296,174553,26,1,1,128,1,1,16,0.000,0.000,,,,,NVIDIA A100-SXM4-40GB MIG 4g.20gb (0),1,,13,cupy_copy__float32_float32
3289063548,3136,174562,103,1,1,128,1,1,16,0.000,0.000,,,,,NVIDIA A100-SXM4-40GB MIG 4g.20gb (0),1,,13,cupy_copy__complex64_complex64
3289068380,12128,174572,1434,1,1,128,1,1,16,0.000,0.000,,,,,NVIDIA A100-SXM4-40GB MIG 4g.20gb (0),1,,13,cupy_copy__complex64_complex64
3289087068,88063,174577,1,1,1,32,32,1,30,0.000,0.000,,,,,NVIDIA A100-SXM4-40GB MIG 4g.20gb (0),1,,13,"void convert_kernel<__half2, float2>(tensor_layout_any, T1 *, tensor_layout_any, const T2 *)"
3289202170,5408,174580,,,,,,,,,,0.094,17325.421,Pinned,Device,NVIDIA A100-SXM4-40GB MIG 4g.20gb (0),1,,13,[CUDA memcpy Host-to-Device]
3289211962,607129,174581,,,,,,,,,,456.561,751956.692,Device,,NVIDIA A100-SXM4-40GB MIG 4g.20gb (0),1,,13,[CUDA memset]
3289825523,69279,174586,,,,,,,,,,1.235,17825.182,Pinned,Device,NVIDIA A100-SXM4-40GB MIG 4g.20gb (0),1,,13,[CUDA memcpy Host-to-Device]
3289898258,13887,174587,,,,,,,,,,0.197,14157.545,Pinned,Device,NVIDIA A100-SXM4-40GB MIG 4g.20gb (0),1,,13,[CUDA memcpy Host-to-Device]
3289917553,8384,174588,69,4,1,48,1,1,76,0.002,0.000,,,,,NVIDIA A100-SXM4-40GB MIG 4g.20gb (0),1,,13,"void ch_est::windowedChEstPreNoDftSOfdmKernel<float, __half, float, (unsigned int)2, (unsigned int)1, (unsigned short)4>(ch_est::puschRxChEstStatDescr_t *, ch_est::puschRxChEstDynDescr_t *)"
3289928881,6432,174589,137,2,1,24,2,1,44,0.001,0.001,,,,,NVIDIA A100-SXM4-40GB MIG 4g.20gb (0),1,,13,"void ch_est::chEstFilterNoDftSOfdmDispatchKernel<float, __half, float, (unsigned int)2>(ch_est::puschRxChEstStatDescr_t *, ch_est::puschRxChEstDynDescr_t *)"
3289939377,6016,174590,137,2,1,24,2,1,44,0.001,0.001,,,,,NVIDIA A100-SXM4-40GB MIG 4g.20gb (0),1,,13,"void ch_est::chEstFilterNoDftSOfdmDispatchKernel<float, __half, float, (unsigned int)2>(ch_est::puschRxChEstStatDescr_t *, ch_est::puschRxChEstDynDescr_t *)"
3289949841,2560,174601,103,1,1,128,1,1,16,0.000,0.000,,,,,NVIDIA A100-SXM4-40GB MIG 4g.20gb (0),1,,13,cupy_copy__complex64_complex64
3289956401,12800,174611,1434,1,1,128,1,1,16,0.000,0.000,,,,,NVIDIA A100-SXM4-40GB MIG 4g.20gb (0),1,,13,cupy_copy__complex64_complex64
3289971089,2688,174618,103,1,1,128,1,1,16,0.000,0.000,,,,,NVIDIA A100-SXM4-40GB MIG 4g.20gb (0),1,,13,cupy_copy__complex64_complex64
3289976625,88127,174625,1,1,1,32,32,1,30,0.000,0.000,,,,,NVIDIA A100-SXM4-40GB MIG 4g.20gb (0),1,,13,"void convert_kernel<__half2, float2>(tensor_layout_any, T1 *, tensor_layout_any, const T2 *)"
3290093999,8960,174628,,,,,,,,,,0.094,10457.129,Pinned,Device,NVIDIA A100-SXM4-40GB MIG 4g.20gb (0),1,,13,[CUDA memcpy Host-to-Device]
3290111087,47743,174629,,,,,,,,,,35.810,750038.774,Device,,NVIDIA A100-SXM4-40GB MIG 4g.20gb (0),1,,13,[CUDA memset]
3290163470,2752,174631,,,,,,,,,,0.000,29.070,Pinned,Device,NVIDIA A100-SXM4-40GB MIG 4g.20gb (0),1,,13,[CUDA memcpy Host-to-Device]
3290169742,13056,174632,,,,,,,,,,0.197,15058.797,Pinned,Device,NVIDIA A100-SXM4-40GB MIG 4g.20gb (0),1,,13,[CUDA memcpy Host-to-Device]
3290193998,12480,174633,273,1,1,48,1,1,40,0.000,0.001,,,,,NVIDIA A100-SXM4-40GB MIG 4g.20gb (0),1,,13,"void pusch_noise_intf_est::noiseIntfEstNoDftSOfdmKernel<float, __half, float, float, (unsigned int)2, (unsigned int)1, (unsigned char)4, (unsigned char)4>(pusch_noise_intf_est::puschRxNoiseIntfEstDynDescr)"
3290208110,2976,174644,35,1,1,128,1,1,16,0.000,0.000,,,,,NVIDIA A100-SXM4-40GB MIG 4g.20gb (0),1,,13,cupy_copy__complex64_complex64
3290215790,1984,174653,1,1,1,1,1,1,18,0.000,0.000,,,,,NVIDIA A100-SXM4-40GB MIG 4g.20gb (0),1,,13,cupy_copy__float32_float32
3290246381,2752,174659,,,,,,,,,,0.000,1.453,Device,Pageable,NVIDIA A100-SXM4-40GB MIG 4g.20gb (0),1,,7,[CUDA memcpy Device-to-Host]
3290308749,12895,174670,1434,1,1,128,1,1,16,0.000,0.000,,,,,NVIDIA A100-SXM4-40GB MIG 4g.20gb (0),1,,13,cupy_copy__complex64_complex64
3290335308,3680,174677,103,1,1,128,1,1,16,0.000,0.000,,,,,NVIDIA A100-SXM4-40GB MIG 4g.20gb (0),1,,13,cupy_copy__complex64_complex64
3290356140,2624,174684,35,1,1,128,1,1,16,0.000,0.000,,,,,NVIDIA A100-SXM4-40GB MIG 4g.20gb (0),1,,13,cupy_copy__complex64_complex64
3290374028,1760,174691,1,1,1,1,1,1,18,0.000,0.000,,,,,NVIDIA A100-SXM4-40GB MIG 4g.20gb (0),1,,13,cupy_copy__float32_float32
3290504138,81951,174702,1,1,1,32,32,1,30,0.000,0.000,,,,,NVIDIA A100-SXM4-40GB MIG 4g.20gb (0),1,,13,"void convert_kernel<__half2, float2>(tensor_layout_any, T1 *, tensor_layout_any, const T2 *)"
3290613481,5408,174705,,,,,,,,,,0.094,17325.421,Pinned,Device,NVIDIA A100-SXM4-40GB MIG 4g.20gb (0),1,,13,[CUDA memcpy Host-to-Device]
3290627945,3328,174706,,,,,,,,,,1.547,464729.580,Device,,NVIDIA A100-SXM4-40GB MIG 4g.20gb (0),1,,13,[CUDA memset]
3290634633,3263,174711,,,,,,,,,,0.031,9591.160,Pinned,Device,NVIDIA A100-SXM4-40GB MIG 4g.20gb (0),1,,13,[CUDA memcpy Host-to-Device]
3290640008,9312,174712,,,,,,,,,,0.197,21113.340,Pinned,Device,NVIDIA A100-SXM4-40GB MIG 4g.20gb (0),1,,13,[CUDA memcpy Host-to-Device]
3290654920,6336,174713,273,1,1,8,4,1,39,0.002,0.000,,,,,NVIDIA A100-SXM4-40GB MIG 4g.20gb (0),1,,13,"void channel_eq::eqMmseCoefCompLowMimoKernel<float, float, float, (unsigned int)4, (unsigned int)1, (unsigned int)4>(const channel_eq::_puschRxChEqStatDescr *, channel_eq::_puschRxChEqCoefCompDynDescr)"
3290662312,6240,174714,273,1,1,12,11,1,51,0.002,0.000,,,,,NVIDIA A100-SXM4-40GB MIG 4g.20gb (0),1,,13,"void channel_eq::eqMmseSoftDemapKernel<float, __half, __half, float, (unsigned int)4, (unsigned short)16383>(channel_eq::_puschRxChEqStatDescr *, channel_eq::_puschRxChEqSoftDemapDynDescr)"
3290669544,282621,174715,1,1,1,32,32,1,30,0.000,0.000,,,,,NVIDIA A100-SXM4-40GB MIG 4g.20gb (0),1,,13,"void convert_kernel<float2, __half2>(tensor_layout_any, T1 *, tensor_layout_any, const T2 *)"
3290953509,10847,174727,2253,1,1,128,1,1,16,0.000,0.000,,,,,NVIDIA A100-SXM4-40GB MIG 4g.20gb (0),1,,13,cupy_copy__float16_float16
3290965924,3680,174736,282,1,1,128,1,1,16,0.000,0.000,,,,,NVIDIA A100-SXM4-40GB MIG 4g.20gb (0),1,,13,cupy_copy__complex64_complex64
3290972292,2080,174745,26,1,1,128,1,1,16,0.000,0.000,,,,,NVIDIA A100-SXM4-40GB MIG 4g.20gb (0),1,,13,cupy_copy__float32_float32
3290975876,2944,174754,103,1,1,128,1,1,16,0.000,0.000,,,,,NVIDIA A100-SXM4-40GB MIG 4g.20gb (0),1,,13,cupy_copy__complex64_complex64
3290979812,11904,174764,1434,1,1,128,1,1,16,0.000,0.000,,,,,NVIDIA A100-SXM4-40GB MIG 4g.20gb (0),1,,13,cupy_copy__complex64_complex64
3291015204,87167,174769,1,1,1,32,32,1,30,0.000,0.000,,,,,NVIDIA A100-SXM4-40GB MIG 4g.20gb (0),1,,13,"void convert_kernel<__half2, float2>(tensor_layout_any, T1 *, tensor_layout_any, const T2 *)"
3291128578,5440,174772,,,,,,,,,,0.094,17223.480,Pinned,Device,NVIDIA A100-SXM4-40GB MIG 4g.20gb (0),1,,13,[CUDA memcpy Host-to-Device]
3291138562,604153,174773,,,,,,,,,,456.561,755609.183,Device,,NVIDIA A100-SXM4-40GB MIG 4g.20gb (0),1,,13,[CUDA memset]
3291747163,68767,174778,,,,,,,,,,1.235,17957.321,Pinned,Device,NVIDIA A100-SXM4-40GB MIG 4g.20gb (0),1,,13,[CUDA memcpy Host-to-Device]
3291819674,15584,174779,,,,,,,,,,0.197,12615.942,Pinned,Device,NVIDIA A100-SXM4-40GB MIG 4g.20gb (0),1,,13,[CUDA memcpy Host-to-Device]
3291842874,8479,174780,69,4,1,48,1,1,76,0.002,0.000,,,,,NVIDIA A100-SXM4-40GB MIG 4g.20gb (0),1,,13,"void ch_est::windowedChEstPreNoDftSOfdmKernel<float, __half, float, (unsigned int)2, (unsigned int)1, (unsigned short)4>(ch_est::puschRxChEstStatDescr_t *, ch_est::puschRxChEstDynDescr_t *)"
3291854361,6464,174781,137,2,1,24,2,1,44,0.001,0.001,,,,,NVIDIA A100-SXM4-40GB MIG 4g.20gb (0),1,,13,"void ch_est::chEstFilterNoDftSOfdmDispatchKernel<float, __half, float, (unsigned int)2>(ch_est::puschRxChEstStatDescr_t *, ch_est::puschRxChEstDynDescr_t *)"
3291863673,5344,174782,137,2,1,24,2,1,44,0.001,0.001,,,,,NVIDIA A100-SXM4-40GB MIG 4g.20gb (0),1,,13,"void ch_est::chEstFilterNoDftSOfdmDispatchKernel<float, __half, float, (unsigned int)2>(ch_est::puschRxChEstStatDescr_t *, ch_est::puschRxChEstDynDescr_t *)"
3291874233,2688,174793,103,1,1,128,1,1,16,0.000,0.000,,,,,NVIDIA A100-SXM4-40GB MIG 4g.20gb (0),1,,13,cupy_copy__complex64_complex64
3291880025,12608,174803,1434,1,1,128,1,1,16,0.000,0.000,,,,,NVIDIA A100-SXM4-40GB MIG 4g.20gb (0),1,,13,cupy_copy__complex64_complex64
3291894905,3104,174810,103,1,1,128,1,1,16,0.000,0.000,,,,,NVIDIA A100-SXM4-40GB MIG 4g.20gb (0),1,,13,cupy_copy__complex64_complex64
3291901785,83359,174817,1,1,1,32,32,1,30,0.000,0.000,,,,,NVIDIA A100-SXM4-40GB MIG 4g.20gb (0),1,,13,"void convert_kernel<__half2, float2>(tensor_layout_any, T1 *, tensor_layout_any, const T2 *)"
3292013015,7552,174820,,,,,,,,,,0.094,12406.756,Pinned,Device,NVIDIA A100-SXM4-40GB MIG 4g.20gb (0),1,,13,[CUDA memcpy Host-to-Device]
3292030711,48448,174821,,,,,,,,,,35.810,739116.749,Device,,NVIDIA A100-SXM4-40GB MIG 4g.20gb (0),1,,13,[CUDA memset]
3292085463,2432,174823,,,,,,,,,,0.000,32.895,Pinned,Device,NVIDIA A100-SXM4-40GB MIG 4g.20gb (0),1,,13,[CUDA memcpy Host-to-Device]
3292091191,13855,174824,,,,,,,,,,0.197,14190.379,Pinned,Device,NVIDIA A100-SXM4-40GB MIG 4g.20gb (0),1,,13,[CUDA memcpy Host-to-Device]
3292112054,9920,174825,273,1,1,48,1,1,40,0.000,0.001,,,,,NVIDIA A100-SXM4-40GB MIG 4g.20gb (0),1,,13,"void pusch_noise_intf_est::noiseIntfEstNoDftSOfdmKernel<float, __half, float, float, (unsigned int)2, (unsigned int)1, (unsigned char)4, (unsigned char)4>(pusch_noise_intf_est::puschRxNoiseIntfEstDynDescr)"
3292126166,3072,174836,35,1,1,128,1,1,16,0.000,0.000,,,,,NVIDIA A100-SXM4-40GB MIG 4g.20gb (0),1,,13,cupy_copy__complex64_complex64
3292139158,1856,174845,1,1,1,1,1,1,18,0.000,0.000,,,,,NVIDIA A100-SXM4-40GB MIG 4g.20gb (0),1,,13,cupy_copy__float32_float32
3292167542,1920,174851,,,,,,,,,,0.000,2.083,Device,Pageable,NVIDIA A100-SXM4-40GB MIG 4g.20gb (0),1,,7,[CUDA memcpy Device-to-Host]
3292227189,13056,174862,1434,1,1,128,1,1,16,0.000,0.000,,,,,NVIDIA A100-SXM4-40GB MIG 4g.20gb (0),1,,13,cupy_copy__complex64_complex64
3292255892,2880,174869,103,1,1,128,1,1,16,0.000,0.000,,,,,NVIDIA A100-SXM4-40GB MIG 4g.20gb (0),1,,13,cupy_copy__complex64_complex64
3292274420,2176,174876,35,1,1,128,1,1,16,0.000,0.000,,,,,NVIDIA A100-SXM4-40GB MIG 4g.20gb (0),1,,13,cupy_copy__complex64_complex64
3292292372,1824,174883,1,1,1,1,1,1,18,0.000,0.000,,,,,NVIDIA A100-SXM4-40GB MIG 4g.20gb (0),1,,13,cupy_copy__float32_float32
3292423378,81919,174894,1,1,1,32,32,1,30,0.000,0.000,,,,,NVIDIA A100-SXM4-40GB MIG 4g.20gb (0),1,,13,"void convert_kernel<__half2, float2>(tensor_layout_any, T1 *, tensor_layout_any, const T2 *)"
3292532657,5536,174897,,,,,,,,,,0.094,16924.777,Pinned,Device,NVIDIA A100-SXM4-40GB MIG 4g.20gb (0),1,,13,[CUDA memcpy Host-to-Device]
3292547217,3360,174898,,,,,,,,,,1.547,460304.688,Device,,NVIDIA A100-SXM4-40GB MIG 4g.20gb (0),1,,13,[CUDA memset]
3292554289,3040,174903,,,,,,,,,,0.031,10294.725,Pinned,Device,NVIDIA A100-SXM4-40GB MIG 4g.20gb (0),1,,13,[CUDA memcpy Host-to-Device]
3292559921,9504,174904,,,,,,,,,,0.197,20686.701,Pinned,Device,NVIDIA A100-SXM4-40GB MIG 4g.20gb (0),1,,13,[CUDA memcpy Host-to-Device]
3292573297,6175,174905,273,1,1,8,4,1,39,0.002,0.000,,,,,NVIDIA A100-SXM4-40GB MIG 4g.20gb (0),1,,13,"void channel_eq::eqMmseCoefCompLowMimoKernel<float, float, float, (unsigned int)4, (unsigned int)1, (unsigned int)4>(const channel_eq::_puschRxChEqStatDescr *, channel_eq::_puschRxChEqCoefCompDynDescr)"
3292580464,6208,174906,273,1,1,12,11,1,51,0.002,0.000,,,,,NVIDIA A100-SXM4-40GB MIG 4g.20gb (0),1,,13,"void channel_eq::eqMmseSoftDemapKernel<float, __half, __half, float, (unsigned int)4, (unsigned short)16383>(channel_eq::_puschRxChEqStatDescr *, channel_eq::_puschRxChEqSoftDemapDynDescr)"
3292587600,282685,174907,1,1,1,32,32,1,30,0.000,0.000,,,,,NVIDIA A100-SXM4-40GB MIG 4g.20gb (0),1,,13,"void convert_kernel<float2, __half2>(tensor_layout_any, T1 *, tensor_layout_any, const T2 *)"
3292872269,10944,174919,2253,1,1,128,1,1,16,0.000,0.000,,,,,NVIDIA A100-SXM4-40GB MIG 4g.20gb (0),1,,13,cupy_copy__float16_float16
3292886797,3584,174928,282,1,1,128,1,1,16,0.000,0.000,,,,,NVIDIA A100-SXM4-40GB MIG 4g.20gb (0),1,,13,cupy_copy__complex64_complex64
3292893645,2144,174937,26,1,1,128,1,1,16,0.000,0.000,,,,,NVIDIA A100-SXM4-40GB MIG 4g.20gb (0),1,,13,cupy_copy__float32_float32
3292896877,3136,174946,103,1,1,128,1,1,16,0.000,0.000,,,,,NVIDIA A100-SXM4-40GB MIG 4g.20gb (0),1,,13,cupy_copy__complex64_complex64
3292901004,11840,174956,1434,1,1,128,1,1,16,0.000,0.000,,,,,NVIDIA A100-SXM4-40GB MIG 4g.20gb (0),1,,13,cupy_copy__complex64_complex64
3292922956,82591,174961,1,1,1,32,32,1,30,0.000,0.000,,,,,NVIDIA A100-SXM4-40GB MIG 4g.20gb (0),1,,13,"void convert_kernel<__half2, float2>(tensor_layout_any, T1 *, tensor_layout_any, const T2 *)"
3293031979,5376,174964,,,,,,,,,,0.094,17428.487,Pinned,Device,NVIDIA A100-SXM4-40GB MIG 4g.20gb (0),1,,13,[CUDA memcpy Host-to-Device]
3293044171,602520,174965,,,,,,,,,,456.561,757435.429,Device,,NVIDIA A100-SXM4-40GB MIG 4g.20gb (0),1,,13,[CUDA memset]
3293651843,67359,174970,,,,,,,,,,1.235,18332.744,Pinned,Device,NVIDIA A100-SXM4-40GB MIG 4g.20gb (0),1,,13,[CUDA memcpy Host-to-Device]
3293722562,14080,174971,,,,,,,,,,0.197,13963.493,Pinned,Device,NVIDIA A100-SXM4-40GB MIG 4g.20gb (0),1,,13,[CUDA memcpy Host-to-Device]
3293747266,8128,174972,69,4,1,48,1,1,76,0.002,0.000,,,,,NVIDIA A100-SXM4-40GB MIG 4g.20gb (0),1,,13,"void ch_est::windowedChEstPreNoDftSOfdmKernel<float, __half, float, (unsigned int)2, (unsigned int)1, (unsigned short)4>(ch_est::puschRxChEstStatDescr_t *, ch_est::puschRxChEstDynDescr_t *)"
3293758722,6592,174973,137,2,1,24,2,1,44,0.001,0.001,,,,,NVIDIA A100-SXM4-40GB MIG 4g.20gb (0),1,,13,"void ch_est::chEstFilterNoDftSOfdmDispatchKernel<float, __half, float, (unsigned int)2>(ch_est::puschRxChEstStatDescr_t *, ch_est::puschRxChEstDynDescr_t *)"
3293770050,5184,174974,137,2,1,24,2,1,44,0.001,0.001,,,,,NVIDIA A100-SXM4-40GB MIG 4g.20gb (0),1,,13,"void ch_est::chEstFilterNoDftSOfdmDispatchKernel<float, __half, float, (unsigned int)2>(ch_est::puschRxChEstStatDescr_t *, ch_est::puschRxChEstDynDescr_t *)"
3293779426,2784,174985,103,1,1,128,1,1,16,0.000,0.000,,,,,NVIDIA A100-SXM4-40GB MIG 4g.20gb (0),1,,13,cupy_copy__complex64_complex64
3293785154,13087,174995,1434,1,1,128,1,1,16,0.000,0.000,,,,,NVIDIA A100-SXM4-40GB MIG 4g.20gb (0),1,,13,cupy_copy__complex64_complex64
3293801313,2656,175002,103,1,1,128,1,1,16,0.000,0.000,,,,,NVIDIA A100-SXM4-40GB MIG 4g.20gb (0),1,,13,cupy_copy__complex64_complex64
3293807873,83519,175009,1,1,1,32,32,1,30,0.000,0.000,,,,,NVIDIA A100-SXM4-40GB MIG 4g.20gb (0),1,,13,"void convert_kernel<__half2, float2>(tensor_layout_any, T1 *, tensor_layout_any, const T2 *)"
3293919392,9024,175012,,,,,,,,,,0.094,10382.922,Pinned,Device,NVIDIA A100-SXM4-40GB MIG 4g.20gb (0),1,,13,[CUDA memcpy Host-to-Device]
3293934432,47679,175013,,,,,,,,,,35.810,751041.452,Device,,NVIDIA A100-SXM4-40GB MIG 4g.20gb (0),1,,13,[CUDA memset]
3293987007,1856,175015,,,,,,,,,,0.000,43.103,Pinned,Device,NVIDIA A100-SXM4-40GB MIG 4g.20gb (0),1,,13,[CUDA memcpy Host-to-Device]
3293993791,12672,175016,,,,,,,,,,0.197,15515.124,Pinned,Device,NVIDIA A100-SXM4-40GB MIG 4g.20gb (0),1,,13,[CUDA memcpy Host-to-Device]
3294013887,12160,175017,273,1,1,48,1,1,40,0.000,0.001,,,,,NVIDIA A100-SXM4-40GB MIG 4g.20gb (0),1,,13,"void pusch_noise_intf_est::noiseIntfEstNoDftSOfdmKernel<float, __half, float, float, (unsigned int)2, (unsigned int)1, (unsigned char)4, (unsigned char)4>(pusch_noise_intf_est::puschRxNoiseIntfEstDynDescr)"
3294028479,2944,175028,35,1,1,128,1,1,16,0.000,0.000,,,,,NVIDIA A100-SXM4-40GB MIG 4g.20gb (0),1,,13,cupy_copy__complex64_complex64
3294044126,1824,175037,1,1,1,1,1,1,18,0.000,0.000,,,,,NVIDIA A100-SXM4-40GB MIG 4g.20gb (0),1,,13,cupy_copy__float32_float32
3294075070,1664,175043,,,,,,,,,,0.000,2.404,Device,Pageable,NVIDIA A100-SXM4-40GB MIG 4g.20gb (0),1,,7,[CUDA memcpy Device-to-Host]
3294135581,13152,175054,1434,1,1,128,1,1,16,0.000,0.000,,,,,NVIDIA A100-SXM4-40GB MIG 4g.20gb (0),1,,13,cupy_copy__complex64_complex64
3294163389,2944,175061,103,1,1,128,1,1,16,0.000,0.000,,,,,NVIDIA A100-SXM4-40GB MIG 4g.20gb (0),1,,13,cupy_copy__complex64_complex64
3294183101,2528,175068,35,1,1,128,1,1,16,0.000,0.000,,,,,NVIDIA A100-SXM4-40GB MIG 4g.20gb (0),1,,13,cupy_copy__complex64_complex64
3294201468,1792,175075,1,1,1,1,1,1,18,0.000,0.000,,,,,NVIDIA A100-SXM4-40GB MIG 4g.20gb (0),1,,13,cupy_copy__float32_float32
3294335067,81759,175086,1,1,1,32,32,1,30,0.000,0.000,,,,,NVIDIA A100-SXM4-40GB MIG 4g.20gb (0),1,,13,"void convert_kernel<__half2, float2>(tensor_layout_any, T1 *, tensor_layout_any, const T2 *)"
3294444537,5408,175089,,,,,,,,,,0.094,17325.421,Pinned,Device,NVIDIA A100-SXM4-40GB MIG 4g.20gb (0),1,,13,[CUDA memcpy Host-to-Device]
3294459129,3456,175090,,,,,,,,,,1.547,447517.201,Device,,NVIDIA A100-SXM4-40GB MIG 4g.20gb (0),1,,13,[CUDA memset]
3294465785,3008,175095,,,,,,,,,,0.031,10404.230,Pinned,Device,NVIDIA A100-SXM4-40GB MIG 4g.20gb (0),1,,13,[CUDA memcpy Host-to-Device]
3294471321,9472,175096,,,,,,,,,,0.197,20756.693,Pinned,Device,NVIDIA A100-SXM4-40GB MIG 4g.20gb (0),1,,13,[CUDA memcpy Host-to-Device]
3294484793,6368,175097,273,1,1,8,4,1,39,0.002,0.000,,,,,NVIDIA A100-SXM4-40GB MIG 4g.20gb (0),1,,13,"void channel_eq::eqMmseCoefCompLowMimoKernel<float, float, float, (unsigned int)4, (unsigned int)1, (unsigned int)4>(const channel_eq::_puschRxChEqStatDescr *, channel_eq::_puschRxChEqCoefCompDynDescr)"
3294492121,6208,175098,273,1,1,12,11,1,51,0.002,0.000,,,,,NVIDIA A100-SXM4-40GB MIG 4g.20gb (0),1,,13,"void channel_eq::eqMmseSoftDemapKernel<float, __half, __half, float, (unsigned int)4, (unsigned short)16383>(channel_eq::_puschRxChEqStatDescr *, channel_eq::_puschRxChEqSoftDemapDynDescr)"
3294499257,282524,175099,1,1,1,32,32,1,30,0.000,0.000,,,,,NVIDIA A100-SXM4-40GB MIG 4g.20gb (0),1,,13,"void convert_kernel<float2, __half2>(tensor_layout_any, T1 *, tensor_layout_any, const T2 *)"
3294782741,10976,175111,2253,1,1,128,1,1,16,0.000,0.000,,,,,NVIDIA A100-SXM4-40GB MIG 4g.20gb (0),1,,13,cupy_copy__float16_float16
3294796629,3488,175120,282,1,1,128,1,1,16,0.000,0.000,,,,,NVIDIA A100-SXM4-40GB MIG 4g.20gb (0),1,,13,cupy_copy__complex64_complex64
3294801909,2272,175129,26,1,1,128,1,1,16,0.000,0.000,,,,,NVIDIA A100-SXM4-40GB MIG 4g.20gb (0),1,,13,cupy_copy__float32_float32
3294807125,4832,175138,103,1,1,128,1,1,16,0.000,0.000,,,,,NVIDIA A100-SXM4-40GB MIG 4g.20gb (0),1,,13,cupy_copy__complex64_complex64
3294868340,12128,175154,1434,1,1,128,1,1,16,0.000,0.000,,,,,NVIDIA A100-SXM4-40GB MIG 4g.20gb (0),1,,13,cupy_copy__complex64_complex64
3294985523,81503,175159,1,1,1,32,32,1,30,0.000,0.000,,,,,NVIDIA A100-SXM4-40GB MIG 4g.20gb (0),1,,13,"void convert_kernel<__half2, float2>(tensor_layout_any, T1 *, tensor_layout_any, const T2 *)"
3295094129,5568,175162,,,,,,,,,,0.094,16827.521,Pinned,Device,NVIDIA A100-SXM4-40GB MIG 4g.20gb (0),1,,13,[CUDA memcpy Host-to-Device]
3295105265,602137,175163,,,,,,,,,,456.561,757891.990,Device,,NVIDIA A100-SXM4-40GB MIG 4g.20gb (0),1,,13,[CUDA memset]
3295709738,72255,175168,,,,,,,,,,1.235,17090.390,Pinned,Device,NVIDIA A100-SXM4-40GB MIG 4g.20gb (0),1,,13,[CUDA memcpy Host-to-Device]
3295785257,14240,175169,,,,,,,,,,0.197,13806.600,Pinned,Device,NVIDIA A100-SXM4-40GB MIG 4g.20gb (0),1,,13,[CUDA memcpy Host-to-Device]
3295808265,8383,175170,69,4,1,48,1,1,76,0.002,0.000,,,,,NVIDIA A100-SXM4-40GB MIG 4g.20gb (0),1,,13,"void ch_est::windowedChEstPreNoDftSOfdmKernel<float, __half, float, (unsigned int)2, (unsigned int)1, (unsigned short)4>(ch_est::puschRxChEstStatDescr_t *, ch_est::puschRxChEstDynDescr_t *)"
3295819688,6752,175171,137,2,1,24,2,1,44,0.001,0.001,,,,,NVIDIA A100-SXM4-40GB MIG 4g.20gb (0),1,,13,"void ch_est::chEstFilterNoDftSOfdmDispatchKernel<float, __half, float, (unsigned int)2>(ch_est::puschRxChEstStatDescr_t *, ch_est::puschRxChEstDynDescr_t *)"
3295829288,5152,175172,137,2,1,24,2,1,44,0.001,0.001,,,,,NVIDIA A100-SXM4-40GB MIG 4g.20gb (0),1,,13,"void ch_est::chEstFilterNoDftSOfdmDispatchKernel<float, __half, float, (unsigned int)2>(ch_est::puschRxChEstStatDescr_t *, ch_est::puschRxChEstDynDescr_t *)"
3295836104,2656,175183,103,1,1,128,1,1,16,0.000,0.000,,,,,NVIDIA A100-SXM4-40GB MIG 4g.20gb (0),1,,13,cupy_copy__complex64_complex64
3295841736,12416,175193,1434,1,1,128,1,1,16,0.000,0.000,,,,,NVIDIA A100-SXM4-40GB MIG 4g.20gb (0),1,,13,cupy_copy__complex64_complex64
3295858952,2688,175200,103,1,1,128,1,1,16,0.000,0.000,,,,,NVIDIA A100-SXM4-40GB MIG 4g.20gb (0),1,,13,cupy_copy__complex64_complex64
3295866472,83423,175207,1,1,1,32,32,1,30,0.000,0.000,,,,,NVIDIA A100-SXM4-40GB MIG 4g.20gb (0),1,,13,"void convert_kernel<__half2, float2>(tensor_layout_any, T1 *, tensor_layout_any, const T2 *)"
3295978630,6560,175210,,,,,,,,,,0.094,14282.925,Pinned,Device,NVIDIA A100-SXM4-40GB MIG 4g.20gb (0),1,,13,[CUDA memcpy Host-to-Device]
3295992134,47392,175211,,,,,,,,,,35.810,755589.312,Device,,NVIDIA A100-SXM4-40GB MIG 4g.20gb (0),1,,13,[CUDA memset]
3296044806,2080,175213,,,,,,,,,,0.000,38.462,Pinned,Device,NVIDIA A100-SXM4-40GB MIG 4g.20gb (0),1,,13,[CUDA memcpy Host-to-Device]
3296050182,10943,175214,,,,,,,,,,0.197,17966.432,Pinned,Device,NVIDIA A100-SXM4-40GB MIG 4g.20gb (0),1,,13,[CUDA memcpy Host-to-Device]
3296067621,9344,175215,273,1,1,48,1,1,40,0.000,0.001,,,,,NVIDIA A100-SXM4-40GB MIG 4g.20gb (0),1,,13,"void pusch_noise_intf_est::noiseIntfEstNoDftSOfdmKernel<float, __half, float, float, (unsigned int)2, (unsigned int)1, (unsigned char)4, (unsigned char)4>(pusch_noise_intf_est::puschRxNoiseIntfEstDynDescr)"
3296078533,2976,175226,35,1,1,128,1,1,16,0.000,0.000,,,,,NVIDIA A100-SXM4-40GB MIG 4g.20gb (0),1,,13,cupy_copy__complex64_complex64
3296097765,1792,175235,1,1,1,1,1,1,18,0.000,0.000,,,,,NVIDIA A100-SXM4-40GB MIG 4g.20gb (0),1,,13,cupy_copy__float32_float32
3296130949,1600,175241,,,,,,,,,,0.000,2.500,Device,Pageable,NVIDIA A100-SXM4-40GB MIG 4g.20gb (0),1,,7,[CUDA memcpy Device-to-Host]
3296190340,13376,175252,1434,1,1,128,1,1,16,0.000,0.000,,,,,NVIDIA A100-SXM4-40GB MIG 4g.20gb (0),1,,13,cupy_copy__complex64_complex64
3296216420,3295,175259,103,1,1,128,1,1,16,0.000,0.000,,,,,NVIDIA A100-SXM4-40GB MIG 4g.20gb (0),1,,13,cupy_copy__complex64_complex64
3296236771,2528,175266,35,1,1,128,1,1,16,0.000,0.000,,,,,NVIDIA A100-SXM4-40GB MIG 4g.20gb (0),1,,13,cupy_copy__complex64_complex64
3296254147,1792,175273,1,1,1,1,1,1,18,0.000,0.000,,,,,NVIDIA A100-SXM4-40GB MIG 4g.20gb (0),1,,13,cupy_copy__float32_float32
3296387297,87583,175284,1,1,1,32,32,1,30,0.000,0.000,,,,,NVIDIA A100-SXM4-40GB MIG 4g.20gb (0),1,,13,"void convert_kernel<__half2, float2>(tensor_layout_any, T1 *, tensor_layout_any, const T2 *)"
3296502656,5536,175287,,,,,,,,,,0.094,16924.777,Pinned,Device,NVIDIA A100-SXM4-40GB MIG 4g.20gb (0),1,,13,[CUDA memcpy Host-to-Device]
3296517344,3360,175288,,,,,,,,,,1.547,460304.688,Device,,NVIDIA A100-SXM4-40GB MIG 4g.20gb (0),1,,13,[CUDA memset]
3296525120,3104,175293,,,,,,,,,,0.031,10082.445,Pinned,Device,NVIDIA A100-SXM4-40GB MIG 4g.20gb (0),1,,13,[CUDA memcpy Host-to-Device]
3296530752,9376,175294,,,,,,,,,,0.197,20969.226,Pinned,Device,NVIDIA A100-SXM4-40GB MIG 4g.20gb (0),1,,13,[CUDA memcpy Host-to-Device]
3296543775,6400,175295,273,1,1,8,4,1,39,0.002,0.000,,,,,NVIDIA A100-SXM4-40GB MIG 4g.20gb (0),1,,13,"void channel_eq::eqMmseCoefCompLowMimoKernel<float, float, float, (unsigned int)4, (unsigned int)1, (unsigned int)4>(const channel_eq::_puschRxChEqStatDescr *, channel_eq::_puschRxChEqCoefCompDynDescr)"
3296552351,5696,175296,273,1,1,12,11,1,51,0.002,0.000,,,,,NVIDIA A100-SXM4-40GB MIG 4g.20gb (0),1,,13,"void channel_eq::eqMmseSoftDemapKernel<float, __half, __half, float, (unsigned int)4, (unsigned short)16383>(channel_eq::_puschRxChEqStatDescr *, channel_eq::_puschRxChEqSoftDemapDynDescr)"
3296559103,294909,175297,1,1,1,32,32,1,30,0.000,0.000,,,,,NVIDIA A100-SXM4-40GB MIG 4g.20gb (0),1,,13,"void convert_kernel<float2, __half2>(tensor_layout_any, T1 *, tensor_layout_any, const T2 *)"
3296855164,11071,175309,2253,1,1,128,1,1,16,0.000,0.000,,,,,NVIDIA A100-SXM4-40GB MIG 4g.20gb (0),1,,13,cupy_copy__float16_float16
3296869723,3136,175318,282,1,1,128,1,1,16,0.000,0.000,,,,,NVIDIA A100-SXM4-40GB MIG 4g.20gb (0),1,,13,cupy_copy__complex64_complex64
3296873819,2048,175327,26,1,1,128,1,1,16,0.000,0.000,,,,,NVIDIA A100-SXM4-40GB MIG 4g.20gb (0),1,,13,cupy_copy__float32_float32
3296876891,3104,175336,103,1,1,128,1,1,16,0.000,0.000,,,,,NVIDIA A100-SXM4-40GB MIG 4g.20gb (0),1,,13,cupy_copy__complex64_complex64
3296880955,11840,175346,1434,1,1,128,1,1,16,0.000,0.000,,,,,NVIDIA A100-SXM4-40GB MIG 4g.20gb (0),1,,13,cupy_copy__complex64_complex64
3296898587,82751,175351,1,1,1,32,32,1,30,0.000,0.000,,,,,NVIDIA A100-SXM4-40GB MIG 4g.20gb (0),1,,13,"void convert_kernel<__half2, float2>(tensor_layout_any, T1 *, tensor_layout_any, const T2 *)"
3297009306,5376,175354,,,,,,,,,,0.094,17428.487,Pinned,Device,NVIDIA A100-SXM4-40GB MIG 4g.20gb (0),1,,13,[CUDA memcpy Host-to-Device]
3297019418,604184,175355,,,,,,,,,,456.561,755609.183,Device,,NVIDIA A100-SXM4-40GB MIG 4g.20gb (0),1,,13,[CUDA memset]
3297631378,70559,175360,,,,,,,,,,1.235,17501.626,Pinned,Device,NVIDIA A100-SXM4-40GB MIG 4g.20gb (0),1,,13,[CUDA memcpy Host-to-Device]
3297706193,15264,175361,,,,,,,,,,0.197,12880.380,Pinned,Device,NVIDIA A100-SXM4-40GB MIG 4g.20gb (0),1,,13,[CUDA memcpy Host-to-Device]
3297731121,8224,175362,69,4,1,48,1,1,76,0.002,0.000,,,,,NVIDIA A100-SXM4-40GB MIG 4g.20gb (0),1,,13,"void ch_est::windowedChEstPreNoDftSOfdmKernel<float, __half, float, (unsigned int)2, (unsigned int)1, (unsigned short)4>(ch_est::puschRxChEstStatDescr_t *, ch_est::puschRxChEstDynDescr_t *)"
3297742321,6656,175363,137,2,1,24,2,1,44,0.001,0.001,,,,,NVIDIA A100-SXM4-40GB MIG 4g.20gb (0),1,,13,"void ch_est::chEstFilterNoDftSOfdmDispatchKernel<float, __half, float, (unsigned int)2>(ch_est::puschRxChEstStatDescr_t *, ch_est::puschRxChEstDynDescr_t *)"
3297752753,5055,175364,137,2,1,24,2,1,44,0.001,0.001,,,,,NVIDIA A100-SXM4-40GB MIG 4g.20gb (0),1,,13,"void ch_est::chEstFilterNoDftSOfdmDispatchKernel<float, __half, float, (unsigned int)2>(ch_est::puschRxChEstStatDescr_t *, ch_est::puschRxChEstDynDescr_t *)"
3297763472,2592,175375,103,1,1,128,1,1,16,0.000,0.000,,,,,NVIDIA A100-SXM4-40GB MIG 4g.20gb (0),1,,13,cupy_copy__complex64_complex64
3297769712,12768,175385,1434,1,1,128,1,1,16,0.000,0.000,,,,,NVIDIA A100-SXM4-40GB MIG 4g.20gb (0),1,,13,cupy_copy__complex64_complex64
3297784784,2976,175392,103,1,1,128,1,1,16,0.000,0.000,,,,,NVIDIA A100-SXM4-40GB MIG 4g.20gb (0),1,,13,cupy_copy__complex64_complex64
3297791536,85247,175399,1,1,1,32,32,1,30,0.000,0.000,,,,,NVIDIA A100-SXM4-40GB MIG 4g.20gb (0),1,,13,"void convert_kernel<__half2, float2>(tensor_layout_any, T1 *, tensor_layout_any, const T2 *)"
3297905167,7712,175402,,,,,,,,,,0.094,12149.373,Pinned,Device,NVIDIA A100-SXM4-40GB MIG 4g.20gb (0),1,,13,[CUDA memcpy Host-to-Device]
3297919086,47296,175403,,,,,,,,,,35.810,757129.139,Device,,NVIDIA A100-SXM4-40GB MIG 4g.20gb (0),1,,13,[CUDA memset]
3297970318,3072,175405,,,,,,,,,,0.000,26.042,Pinned,Device,NVIDIA A100-SXM4-40GB MIG 4g.20gb (0),1,,13,[CUDA memcpy Host-to-Device]
3297976590,11040,175406,,,,,,,,,,0.197,17808.556,Pinned,Device,NVIDIA A100-SXM4-40GB MIG 4g.20gb (0),1,,13,[CUDA memcpy Host-to-Device]
3297995566,11007,175407,273,1,1,48,1,1,40,0.000,0.001,,,,,NVIDIA A100-SXM4-40GB MIG 4g.20gb (0),1,,13,"void pusch_noise_intf_est::noiseIntfEstNoDftSOfdmKernel<float, __half, float, float, (unsigned int)2, (unsigned int)1, (unsigned char)4, (unsigned char)4>(pusch_noise_intf_est::puschRxNoiseIntfEstDynDescr)"
3298009741,3552,175418,35,1,1,128,1,1,16,0.000,0.000,,,,,NVIDIA A100-SXM4-40GB MIG 4g.20gb (0),1,,13,cupy_copy__complex64_complex64
3298025261,1952,175427,1,1,1,1,1,1,18,0.000,0.000,,,,,NVIDIA A100-SXM4-40GB MIG 4g.20gb (0),1,,13,cupy_copy__float32_float32
3298056941,1728,175433,,,,,,,,,,0.000,2.315,Device,Pageable,NVIDIA A100-SXM4-40GB MIG 4g.20gb (0),1,,7,[CUDA memcpy Device-to-Host]
3298116364,12928,175444,1434,1,1,128,1,1,16,0.000,0.000,,,,,NVIDIA A100-SXM4-40GB MIG 4g.20gb (0),1,,13,cupy_copy__complex64_complex64
3298142988,3200,175451,103,1,1,128,1,1,16,0.000,0.000,,,,,NVIDIA A100-SXM4-40GB MIG 4g.20gb (0),1,,13,cupy_copy__complex64_complex64
3298163115,2144,175458,35,1,1,128,1,1,16,0.000,0.000,,,,,NVIDIA A100-SXM4-40GB MIG 4g.20gb (0),1,,13,cupy_copy__complex64_complex64
3298181387,1728,175465,1,1,1,1,1,1,18,0.000,0.000,,,,,NVIDIA A100-SXM4-40GB MIG 4g.20gb (0),1,,13,cupy_copy__float32_float32
3298311306,82911,175476,1,1,1,32,32,1,30,0.000,0.000,,,,,NVIDIA A100-SXM4-40GB MIG 4g.20gb (0),1,,13,"void convert_kernel<__half2, float2>(tensor_layout_any, T1 *, tensor_layout_any, const T2 *)"
3298421896,5376,175479,,,,,,,,,,0.094,17428.487,Pinned,Device,NVIDIA A100-SXM4-40GB MIG 4g.20gb (0),1,,13,[CUDA memcpy Host-to-Device]
3298438088,3360,175480,,,,,,,,,,1.547,460304.688,Device,,NVIDIA A100-SXM4-40GB MIG 4g.20gb (0),1,,13,[CUDA memset]
3298442824,3168,175485,,,,,,,,,,0.031,9878.770,Pinned,Device,NVIDIA A100-SXM4-40GB MIG 4g.20gb (0),1,,13,[CUDA memcpy Host-to-Device]
3298448104,9600,175486,,,,,,,,,,0.197,20479.869,Pinned,Device,NVIDIA A100-SXM4-40GB MIG 4g.20gb (0),1,,13,[CUDA memcpy Host-to-Device]
3298461832,6592,175487,273,1,1,8,4,1,39,0.002,0.000,,,,,NVIDIA A100-SXM4-40GB MIG 4g.20gb (0),1,,13,"void channel_eq::eqMmseCoefCompLowMimoKernel<float, float, float, (unsigned int)4, (unsigned int)1, (unsigned int)4>(const channel_eq::_puschRxChEqStatDescr *, channel_eq::_puschRxChEqCoefCompDynDescr)"
3298469480,6304,175488,273,1,1,12,11,1,51,0.002,0.000,,,,,NVIDIA A100-SXM4-40GB MIG 4g.20gb (0),1,,13,"void channel_eq::eqMmseSoftDemapKernel<float, __half, __half, float, (unsigned int)4, (unsigned short)16383>(channel_eq::_puschRxChEqStatDescr *, channel_eq::_puschRxChEqSoftDemapDynDescr)"
3298479112,279580,175489,1,1,1,32,32,1,30,0.000,0.000,,,,,NVIDIA A100-SXM4-40GB MIG 4g.20gb (0),1,,13,"void convert_kernel<float2, __half2>(tensor_layout_any, T1 *, tensor_layout_any, const T2 *)"
3298759716,10848,175501,2253,1,1,128,1,1,16,0.000,0.000,,,,,NVIDIA A100-SXM4-40GB MIG 4g.20gb (0),1,,13,cupy_copy__float16_float16
3298774308,2688,175510,282,1,1,128,1,1,16,0.000,0.000,,,,,NVIDIA A100-SXM4-40GB MIG 4g.20gb (0),1,,13,cupy_copy__complex64_complex64
3298779428,2336,175519,26,1,1,128,1,1,16,0.000,0.000,,,,,NVIDIA A100-SXM4-40GB MIG 4g.20gb (0),1,,13,cupy_copy__float32_float32
3298782692,3008,175528,103,1,1,128,1,1,16,0.000,0.000,,,,,NVIDIA A100-SXM4-40GB MIG 4g.20gb (0),1,,13,cupy_copy__complex64_complex64
3298788580,12000,175538,1434,1,1,128,1,1,16,0.000,0.000,,,,,NVIDIA A100-SXM4-40GB MIG 4g.20gb (0),1,,13,cupy_copy__complex64_complex64
3298812387,81983,175543,1,1,1,32,32,1,30,0.000,0.000,,,,,NVIDIA A100-SXM4-40GB MIG 4g.20gb (0),1,,13,"void convert_kernel<__half2, float2>(tensor_layout_any, T1 *, tensor_layout_any, const T2 *)"
3298921890,5376,175546,,,,,,,,,,0.094,17428.487,Pinned,Device,NVIDIA A100-SXM4-40GB MIG 4g.20gb (0),1,,13,[CUDA memcpy Host-to-Device]
3298932802,609720,175547,,,,,,,,,,456.561,748760.762,Device,,NVIDIA A100-SXM4-40GB MIG 4g.20gb (0),1,,13,[CUDA memset]
3299546458,68927,175552,,,,,,,,,,1.235,17916.568,Pinned,Device,NVIDIA A100-SXM4-40GB MIG 4g.20gb (0),1,,13,[CUDA memcpy Host-to-Device]
3299618809,14528,175553,,,,,,,,,,0.197,13532.922,Pinned,Device,NVIDIA A100-SXM4-40GB MIG 4g.20gb (0),1,,13,[CUDA memcpy Host-to-Device]
3299640057,9536,175554,69,4,1,48,1,1,76,0.002,0.000,,,,,NVIDIA A100-SXM4-40GB MIG 4g.20gb (0),1,,13,"void ch_est::windowedChEstPreNoDftSOfdmKernel<float, __half, float, (unsigned int)2, (unsigned int)1, (unsigned short)4>(ch_est::puschRxChEstStatDescr_t *, ch_est::puschRxChEstDynDescr_t *)"
3299655609,6464,175555,137,2,1,24,2,1,44,0.001,0.001,,,,,NVIDIA A100-SXM4-40GB MIG 4g.20gb (0),1,,13,"void ch_est::chEstFilterNoDftSOfdmDispatchKernel<float, __half, float, (unsigned int)2>(ch_est::puschRxChEstStatDescr_t *, ch_est::puschRxChEstDynDescr_t *)"
3299666553,5344,175556,137,2,1,24,2,1,44,0.001,0.001,,,,,NVIDIA A100-SXM4-40GB MIG 4g.20gb (0),1,,13,"void ch_est::chEstFilterNoDftSOfdmDispatchKernel<float, __half, float, (unsigned int)2>(ch_est::puschRxChEstStatDescr_t *, ch_est::puschRxChEstDynDescr_t *)"
3299676665,2848,175567,103,1,1,128,1,1,16,0.000,0.000,,,,,NVIDIA A100-SXM4-40GB MIG 4g.20gb (0),1,,13,cupy_copy__complex64_complex64
3299682553,12448,175577,1434,1,1,128,1,1,16,0.000,0.000,,,,,NVIDIA A100-SXM4-40GB MIG 4g.20gb (0),1,,13,cupy_copy__complex64_complex64
3299698552,2592,175584,103,1,1,128,1,1,16,0.000,0.000,,,,,NVIDIA A100-SXM4-40GB MIG 4g.20gb (0),1,,13,cupy_copy__complex64_complex64
3299706008,83231,175591,1,1,1,32,32,1,30,0.000,0.000,,,,,NVIDIA A100-SXM4-40GB MIG 4g.20gb (0),1,,13,"void convert_kernel<__half2, float2>(tensor_layout_any, T1 *, tensor_layout_any, const T2 *)"
3299820183,8256,175594,,,,,,,,,,0.094,11348.834,Pinned,Device,NVIDIA A100-SXM4-40GB MIG 4g.20gb (0),1,,13,[CUDA memcpy Host-to-Device]
3299833591,47551,175595,,,,,,,,,,35.810,753082.618,Device,,NVIDIA A100-SXM4-40GB MIG 4g.20gb (0),1,,13,[CUDA memset]
3299888246,3648,175597,,,,,,,,,,0.000,21.930,Pinned,Device,NVIDIA A100-SXM4-40GB MIG 4g.20gb (0),1,,13,[CUDA memcpy Host-to-Device]
3299895734,12128,175598,,,,,,,,,,0.197,16210.919,Pinned,Device,NVIDIA A100-SXM4-40GB MIG 4g.20gb (0),1,,13,[CUDA memcpy Host-to-Device]
3299916214,10016,175599,273,1,1,48,1,1,40,0.000,0.001,,,,,NVIDIA A100-SXM4-40GB MIG 4g.20gb (0),1,,13,"void pusch_noise_intf_est::noiseIntfEstNoDftSOfdmKernel<float, __half, float, float, (unsigned int)2, (unsigned int)1, (unsigned char)4, (unsigned char)4>(pusch_noise_intf_est::puschRxNoiseIntfEstDynDescr)"
3299929142,3200,175610,35,1,1,128,1,1,16,0.000,0.000,,,,,NVIDIA A100-SXM4-40GB MIG 4g.20gb (0),1,,13,cupy_copy__complex64_complex64
3299939765,1888,175619,1,1,1,1,1,1,18,0.000,0.000,,,,,NVIDIA A100-SXM4-40GB MIG 4g.20gb (0),1,,13,cupy_copy__float32_float32
3299972149,1568,175625,,,,,,,,,,0.000,2.551,Device,Pageable,NVIDIA A100-SXM4-40GB MIG 4g.20gb (0),1,,7,[CUDA memcpy Device-to-Host]
3300031892,12768,175636,1434,1,1,128,1,1,16,0.000,0.000,,,,,NVIDIA A100-SXM4-40GB MIG 4g.20gb (0),1,,13,cupy_copy__complex64_complex64
3300059028,2592,175643,103,1,1,128,1,1,16,0.000,0.000,,,,,NVIDIA A100-SXM4-40GB MIG 4g.20gb (0),1,,13,cupy_copy__complex64_complex64
3300079764,2176,175650,35,1,1,128,1,1,16,0.000,0.000,,,,,NVIDIA A100-SXM4-40GB MIG 4g.20gb (0),1,,13,cupy_copy__complex64_complex64
3300098452,1919,175657,1,1,1,1,1,1,18,0.000,0.000,,,,,NVIDIA A100-SXM4-40GB MIG 4g.20gb (0),1,,13,cupy_copy__float32_float32
3300230546,83199,175668,1,1,1,32,32,1,30,0.000,0.000,,,,,NVIDIA A100-SXM4-40GB MIG 4g.20gb (0),1,,13,"void convert_kernel<__half2, float2>(tensor_layout_any, T1 *, tensor_layout_any, const T2 *)"
3300341009,5727,175671,,,,,,,,,,0.094,16360.352,Pinned,Device,NVIDIA A100-SXM4-40GB MIG 4g.20gb (0),1,,13,[CUDA memcpy Host-to-Device]
3300355440,3296,175672,,,,,,,,,,1.547,469242.628,Device,,NVIDIA A100-SXM4-40GB MIG 4g.20gb (0),1,,13,[CUDA memset]
3300362320,2976,175677,,,,,,,,,,0.031,10516.113,Pinned,Device,NVIDIA A100-SXM4-40GB MIG 4g.20gb (0),1,,13,[CUDA memcpy Host-to-Device]
3300367952,9568,175678,,,,,,,,,,0.197,20548.485,Pinned,Device,NVIDIA A100-SXM4-40GB MIG 4g.20gb (0),1,,13,[CUDA memcpy Host-to-Device]
3300381136,6048,175679,273,1,1,8,4,1,39,0.002,0.000,,,,,NVIDIA A100-SXM4-40GB MIG 4g.20gb (0),1,,13,"void channel_eq::eqMmseCoefCompLowMimoKernel<float, float, float, (unsigned int)4, (unsigned int)1, (unsigned int)4>(const channel_eq::_puschRxChEqStatDescr *, channel_eq::_puschRxChEqCoefCompDynDescr)"
3300388208,6304,175680,273,1,1,12,11,1,51,0.002,0.000,,,,,NVIDIA A100-SXM4-40GB MIG 4g.20gb (0),1,,13,"void channel_eq::eqMmseSoftDemapKernel<float, __half, __half, float, (unsigned int)4, (unsigned short)16383>(channel_eq::_puschRxChEqStatDescr *, channel_eq::_puschRxChEqSoftDemapDynDescr)"
3300395600,282076,175681,1,1,1,32,32,1,30,0.000,0.000,,,,,NVIDIA A100-SXM4-40GB MIG 4g.20gb (0),1,,13,"void convert_kernel<float2, __half2>(tensor_layout_any, T1 *, tensor_layout_any, const T2 *)"
3300678732,11232,175693,2253,1,1,128,1,1,16,0.000,0.000,,,,,NVIDIA A100-SXM4-40GB MIG 4g.20gb (0),1,,13,cupy_copy__float16_float16
3300691372,3424,175702,282,1,1,128,1,1,16,0.000,0.000,,,,,NVIDIA A100-SXM4-40GB MIG 4g.20gb (0),1,,13,cupy_copy__complex64_complex64
3300696268,2112,175711,26,1,1,128,1,1,16,0.000,0.000,,,,,NVIDIA A100-SXM4-40GB MIG 4g.20gb (0),1,,13,cupy_copy__float32_float32
3300700428,4448,175720,103,1,1,128,1,1,16,0.000,0.000,,,,,NVIDIA A100-SXM4-40GB MIG 4g.20gb (0),1,,13,cupy_copy__complex64_complex64
3300705836,11776,175730,1434,1,1,128,1,1,16,0.000,0.000,,,,,NVIDIA A100-SXM4-40GB MIG 4g.20gb (0),1,,13,cupy_copy__complex64_complex64
3300733356,81535,175735,1,1,1,32,32,1,30,0.000,0.000,,,,,NVIDIA A100-SXM4-40GB MIG 4g.20gb (0),1,,13,"void convert_kernel<__half2, float2>(tensor_layout_any, T1 *, tensor_layout_any, const T2 *)"
3300842186,5504,175738,,,,,,,,,,0.094,17023.251,Pinned,Device,NVIDIA A100-SXM4-40GB MIG 4g.20gb (0),1,,13,[CUDA memcpy Host-to-Device]
3300852234,601817,175739,,,,,,,,,,456.561,758348.552,Device,,NVIDIA A100-SXM4-40GB MIG 4g.20gb (0),1,,13,[CUDA memset]
3301462115,69119,175744,,,,,,,,,,1.235,17865.935,Pinned,Device,NVIDIA A100-SXM4-40GB MIG 4g.20gb (0),1,,13,[CUDA memcpy Host-to-Device]
3301535458,14528,175745,,,,,,,,,,0.197,13532.922,Pinned,Device,NVIDIA A100-SXM4-40GB MIG 4g.20gb (0),1,,13,[CUDA memcpy Host-to-Device]
3301554434,8351,175746,69,4,1,48,1,1,76,0.002,0.000,,,,,NVIDIA A100-SXM4-40GB MIG 4g.20gb (0),1,,13,"void ch_est::windowedChEstPreNoDftSOfdmKernel<float, __half, float, (unsigned int)2, (unsigned int)1, (unsigned short)4>(ch_est::puschRxChEstStatDescr_t *, ch_est::puschRxChEstDynDescr_t *)"
3301566113,5984,175747,137,2,1,24,2,1,44,0.001,0.001,,,,,NVIDIA A100-SXM4-40GB MIG 4g.20gb (0),1,,13,"void ch_est::chEstFilterNoDftSOfdmDispatchKernel<float, __half, float, (unsigned int)2>(ch_est::puschRxChEstStatDescr_t *, ch_est::puschRxChEstDynDescr_t *)"
3301577377,5184,175748,137,2,1,24,2,1,44,0.001,0.001,,,,,NVIDIA A100-SXM4-40GB MIG 4g.20gb (0),1,,13,"void ch_est::chEstFilterNoDftSOfdmDispatchKernel<float, __half, float, (unsigned int)2>(ch_est::puschRxChEstStatDescr_t *, ch_est::puschRxChEstDynDescr_t *)"
3301588609,2496,175759,103,1,1,128,1,1,16,0.000,0.000,,,,,NVIDIA A100-SXM4-40GB MIG 4g.20gb (0),1,,13,cupy_copy__complex64_complex64
3301594881,12896,175769,1434,1,1,128,1,1,16,0.000,0.000,,,,,NVIDIA A100-SXM4-40GB MIG 4g.20gb (0),1,,13,cupy_copy__complex64_complex64
3301613953,2592,175776,103,1,1,128,1,1,16,0.000,0.000,,,,,NVIDIA A100-SXM4-40GB MIG 4g.20gb (0),1,,13,cupy_copy__complex64_complex64
3301620353,83551,175783,1,1,1,32,32,1,30,0.000,0.000,,,,,NVIDIA A100-SXM4-40GB MIG 4g.20gb (0),1,,13,"void convert_kernel<__half2, float2>(tensor_layout_any, T1 *, tensor_layout_any, const T2 *)"
3301733919,10048,175786,,,,,,,,,,0.094,9324.813,Pinned,Device,NVIDIA A100-SXM4-40GB MIG 4g.20gb (0),1,,13,[CUDA memcpy Host-to-Device]
3301749119,47488,175787,,,,,,,,,,35.810,754049.485,Device,,NVIDIA A100-SXM4-40GB MIG 4g.20gb (0),1,,13,[CUDA memset]
3301797343,3967,175789,,,,,,,,,,0.000,20.166,Pinned,Device,NVIDIA A100-SXM4-40GB MIG 4g.20gb (0),1,,13,[CUDA memcpy Host-to-Device]
3301805054,13632,175790,,,,,,,,,,0.197,14422.376,Pinned,Device,NVIDIA A100-SXM4-40GB MIG 4g.20gb (0),1,,13,[CUDA memcpy Host-to-Device]
3301827966,11520,175791,273,1,1,48,1,1,40,0.000,0.001,,,,,NVIDIA A100-SXM4-40GB MIG 4g.20gb (0),1,,13,"void pusch_noise_intf_est::noiseIntfEstNoDftSOfdmKernel<float, __half, float, float, (unsigned int)2, (unsigned int)1, (unsigned char)4, (unsigned char)4>(pusch_noise_intf_est::puschRxNoiseIntfEstDynDescr)"
3301843134,2912,175802,35,1,1,128,1,1,16,0.000,0.000,,,,,NVIDIA A100-SXM4-40GB MIG 4g.20gb (0),1,,13,cupy_copy__complex64_complex64
3301851678,1888,175811,1,1,1,1,1,1,18,0.000,0.000,,,,,NVIDIA A100-SXM4-40GB MIG 4g.20gb (0),1,,13,cupy_copy__float32_float32
3301883357,2208,175817,,,,,,,,,,0.000,1.812,Device,Pageable,NVIDIA A100-SXM4-40GB MIG 4g.20gb (0),1,,7,[CUDA memcpy Device-to-Host]
3301943965,12736,175828,1434,1,1,128,1,1,16,0.000,0.000,,,,,NVIDIA A100-SXM4-40GB MIG 4g.20gb (0),1,,13,cupy_copy__complex64_complex64
3301970620,3360,175835,103,1,1,128,1,1,16,0.000,0.000,,,,,NVIDIA A100-SXM4-40GB MIG 4g.20gb (0),1,,13,cupy_copy__complex64_complex64
3301991772,2272,175842,35,1,1,128,1,1,16,0.000,0.000,,,,,NVIDIA A100-SXM4-40GB MIG 4g.20gb (0),1,,13,cupy_copy__complex64_complex64
3302010780,1728,175849,1,1,1,1,1,1,18,0.000,0.000,,,,,NVIDIA A100-SXM4-40GB MIG 4g.20gb (0),1,,13,cupy_copy__float32_float32
3302141370,82623,175860,1,1,1,32,32,1,30,0.000,0.000,,,,,NVIDIA A100-SXM4-40GB MIG 4g.20gb (0),1,,13,"void convert_kernel<__half2, float2>(tensor_layout_any, T1 *, tensor_layout_any, const T2 *)"
3302250905,5472,175863,,,,,,,,,,0.094,17122.757,Pinned,Device,NVIDIA A100-SXM4-40GB MIG 4g.20gb (0),1,,13,[CUDA memcpy Host-to-Device]
3302264985,3200,175864,,,,,,,,,,1.547,483320.000,Device,,NVIDIA A100-SXM4-40GB MIG 4g.20gb (0),1,,13,[CUDA memset]
3302273849,3328,175869,,,,,,,,,,0.031,9403.822,Pinned,Device,NVIDIA A100-SXM4-40GB MIG 4g.20gb (0),1,,13,[CUDA memcpy Host-to-Device]
3302279257,9695,175870,,,,,,,,,,0.197,20279.132,Pinned,Device,NVIDIA A100-SXM4-40GB MIG 4g.20gb (0),1,,13,[CUDA memcpy Host-to-Device]
3302295256,6208,175871,273,1,1,8,4,1,39,0.002,0.000,,,,,NVIDIA A100-SXM4-40GB MIG 4g.20gb (0),1,,13,"void channel_eq::eqMmseCoefCompLowMimoKernel<float, float, float, (unsigned int)4, (unsigned int)1, (unsigned int)4>(const channel_eq::_puschRxChEqStatDescr *, channel_eq::_puschRxChEqCoefCompDynDescr)"
3302302456,6176,175872,273,1,1,12,11,1,51,0.002,0.000,,,,,NVIDIA A100-SXM4-40GB MIG 4g.20gb (0),1,,13,"void channel_eq::eqMmseSoftDemapKernel<float, __half, __half, float, (unsigned int)4, (unsigned short)16383>(channel_eq::_puschRxChEqStatDescr *, channel_eq::_puschRxChEqSoftDemapDynDescr)"
3302309560,282653,175873,1,1,1,32,32,1,30,0.000,0.000,,,,,NVIDIA A100-SXM4-40GB MIG 4g.20gb (0),1,,13,"void convert_kernel<float2, __half2>(tensor_layout_any, T1 *, tensor_layout_any, const T2 *)"
3302594773,10944,175885,2253,1,1,128,1,1,16,0.000,0.000,,,,,NVIDIA A100-SXM4-40GB MIG 4g.20gb (0),1,,13,cupy_copy__float16_float16
3302609844,3264,175894,282,1,1,128,1,1,16,0.000,0.000,,,,,NVIDIA A100-SXM4-40GB MIG 4g.20gb (0),1,,13,cupy_copy__complex64_complex64
3302615380,2016,175903,26,1,1,128,1,1,16,0.000,0.000,,,,,NVIDIA A100-SXM4-40GB MIG 4g.20gb (0),1,,13,cupy_copy__float32_float32
3302620372,3040,175912,103,1,1,128,1,1,16,0.000,0.000,,,,,NVIDIA A100-SXM4-40GB MIG 4g.20gb (0),1,,13,cupy_copy__complex64_complex64
3302624372,12000,175922,1434,1,1,128,1,1,16,0.000,0.000,,,,,NVIDIA A100-SXM4-40GB MIG 4g.20gb (0),1,,13,cupy_copy__complex64_complex64
3302645236,82719,175927,1,1,1,32,32,1,30,0.000,0.000,,,,,NVIDIA A100-SXM4-40GB MIG 4g.20gb (0),1,,13,"void convert_kernel<__half2, float2>(tensor_layout_any, T1 *, tensor_layout_any, const T2 *)"
3302755187,5440,175930,,,,,,,,,,0.094,17223.480,Pinned,Device,NVIDIA A100-SXM4-40GB MIG 4g.20gb (0),1,,13,[CUDA memcpy Host-to-Device]
3302765875,600984,175931,,,,,,,,,,456.561,759261.675,Device,,NVIDIA A100-SXM4-40GB MIG 4g.20gb (0),1,,13,[CUDA memset]
3303371531,70303,175936,,,,,,,,,,1.235,17565.843,Pinned,Device,NVIDIA A100-SXM4-40GB MIG 4g.20gb (0),1,,13,[CUDA memcpy Host-to-Device]
3303445098,14080,175937,,,,,,,,,,0.197,13963.493,Pinned,Device,NVIDIA A100-SXM4-40GB MIG 4g.20gb (0),1,,13,[CUDA memcpy Host-to-Device]
3303467210,8576,175938,69,4,1,48,1,1,76,0.002,0.000,,,,,NVIDIA A100-SXM4-40GB MIG 4g.20gb (0),1,,13,"void ch_est::windowedChEstPreNoDftSOfdmKernel<float, __half, float, (unsigned int)2, (unsigned int)1, (unsigned short)4>(ch_est::puschRxChEstStatDescr_t *, ch_est::puschRxChEstDynDescr_t *)"
3303478730,6080,175939,137,2,1,24,2,1,44,0.001,0.001,,,,,NVIDIA A100-SXM4-40GB MIG 4g.20gb (0),1,,13,"void ch_est::chEstFilterNoDftSOfdmDispatchKernel<float, __half, float, (unsigned int)2>(ch_est::puschRxChEstStatDescr_t *, ch_est::puschRxChEstDynDescr_t *)"
3303487562,5184,175940,137,2,1,24,2,1,44,0.001,0.001,,,,,NVIDIA A100-SXM4-40GB MIG 4g.20gb (0),1,,13,"void ch_est::chEstFilterNoDftSOfdmDispatchKernel<float, __half, float, (unsigned int)2>(ch_est::puschRxChEstStatDescr_t *, ch_est::puschRxChEstDynDescr_t *)"
3303498921,2752,175951,103,1,1,128,1,1,16,0.000,0.000,,,,,NVIDIA A100-SXM4-40GB MIG 4g.20gb (0),1,,13,cupy_copy__complex64_complex64
3303503977,12448,175961,1434,1,1,128,1,1,16,0.000,0.000,,,,,NVIDIA A100-SXM4-40GB MIG 4g.20gb (0),1,,13,cupy_copy__complex64_complex64
3303524649,2816,175968,103,1,1,128,1,1,16,0.000,0.000,,,,,NVIDIA A100-SXM4-40GB MIG 4g.20gb (0),1,,13,cupy_copy__complex64_complex64
3303530985,92255,175975,1,1,1,32,32,1,30,0.000,0.000,,,,,NVIDIA A100-SXM4-40GB MIG 4g.20gb (0),1,,13,"void convert_kernel<__half2, float2>(tensor_layout_any, T1 *, tensor_layout_any, const T2 *)"
3303651624,8319,175978,,,,,,,,,,0.094,11262.821,Pinned,Device,NVIDIA A100-SXM4-40GB MIG 4g.20gb (0),1,,13,[CUDA memcpy Host-to-Device]
3303665511,48256,175979,,,,,,,,,,35.810,742053.162,Device,,NVIDIA A100-SXM4-40GB MIG 4g.20gb (0),1,,13,[CUDA memset]
3303718343,4256,175981,,,,,,,,,,0.000,18.797,Pinned,Device,NVIDIA A100-SXM4-40GB MIG 4g.20gb (0),1,,13,[CUDA memcpy Host-to-Device]
3303726887,13471,175982,,,,,,,,,,0.197,14594.802,Pinned,Device,NVIDIA A100-SXM4-40GB MIG 4g.20gb (0),1,,13,[CUDA memcpy Host-to-Device]
3303749254,10144,175983,273,1,1,48,1,1,40,0.000,0.001,,,,,NVIDIA A100-SXM4-40GB MIG 4g.20gb (0),1,,13,"void pusch_noise_intf_est::noiseIntfEstNoDftSOfdmKernel<float, __half, float, float, (unsigned int)2, (unsigned int)1, (unsigned char)4, (unsigned char)4>(pusch_noise_intf_est::puschRxNoiseIntfEstDynDescr)"
3303762502,3168,175994,35,1,1,128,1,1,16,0.000,0.000,,,,,NVIDIA A100-SXM4-40GB MIG 4g.20gb (0),1,,13,cupy_copy__complex64_complex64
3303772678,1888,176003,1,1,1,1,1,1,18,0.000,0.000,,,,,NVIDIA A100-SXM4-40GB MIG 4g.20gb (0),1,,13,cupy_copy__float32_float32
3303803718,1600,176009,,,,,,,,,,0.000,2.500,Device,Pageable,NVIDIA A100-SXM4-40GB MIG 4g.20gb (0),1,,7,[CUDA memcpy Device-to-Host]
3303865317,13216,176020,1434,1,1,128,1,1,16,0.000,0.000,,,,,NVIDIA A100-SXM4-40GB MIG 4g.20gb (0),1,,13,cupy_copy__complex64_complex64
3303891269,2848,176027,103,1,1,128,1,1,16,0.000,0.000,,,,,NVIDIA A100-SXM4-40GB MIG 4g.20gb (0),1,,13,cupy_copy__complex64_complex64
3303912484,2464,176034,35,1,1,128,1,1,16,0.000,0.000,,,,,NVIDIA A100-SXM4-40GB MIG 4g.20gb (0),1,,13,cupy_copy__complex64_complex64
3303929156,2016,176041,1,1,1,1,1,1,18,0.000,0.000,,,,,NVIDIA A100-SXM4-40GB MIG 4g.20gb (0),1,,13,cupy_copy__float32_float32
3304060067,82495,176052,1,1,1,32,32,1,30,0.000,0.000,,,,,NVIDIA A100-SXM4-40GB MIG 4g.20gb (0),1,,13,"void convert_kernel<__half2, float2>(tensor_layout_any, T1 *, tensor_layout_any, const T2 *)"
3304172577,5600,176055,,,,,,,,,,0.094,16731.388,Pinned,Device,NVIDIA A100-SXM4-40GB MIG 4g.20gb (0),1,,13,[CUDA memcpy Host-to-Device]
3304187521,3360,176056,,,,,,,,,,1.547,460304.688,Device,,NVIDIA A100-SXM4-40GB MIG 4g.20gb (0),1,,13,[CUDA memset]
3304195713,3232,176061,,,,,,,,,,0.031,9683.139,Pinned,Device,NVIDIA A100-SXM4-40GB MIG 4g.20gb (0),1,,13,[CUDA memcpy Host-to-Device]
3304201377,9376,176062,,,,,,,,,,0.197,20969.226,Pinned,Device,NVIDIA A100-SXM4-40GB MIG 4g.20gb (0),1,,13,[CUDA memcpy Host-to-Device]
3304214721,6016,176063,273,1,1,8,4,1,39,0.002,0.000,,,,,NVIDIA A100-SXM4-40GB MIG 4g.20gb (0),1,,13,"void channel_eq::eqMmseCoefCompLowMimoKernel<float, float, float, (unsigned int)4, (unsigned int)1, (unsigned int)4>(const channel_eq::_puschRxChEqStatDescr *, channel_eq::_puschRxChEqCoefCompDynDescr)"
3304221825,5567,176064,273,1,1,12,11,1,51,0.002,0.000,,,,,NVIDIA A100-SXM4-40GB MIG 4g.20gb (0),1,,13,"void channel_eq::eqMmseSoftDemapKernel<float, __half, __half, float, (unsigned int)4, (unsigned short)16383>(channel_eq::_puschRxChEqStatDescr *, channel_eq::_puschRxChEqSoftDemapDynDescr)"
3304229344,290269,176065,1,1,1,32,32,1,30,0.000,0.000,,,,,NVIDIA A100-SXM4-40GB MIG 4g.20gb (0),1,,13,"void convert_kernel<float2, __half2>(tensor_layout_any, T1 *, tensor_layout_any, const T2 *)"
3304520701,10976,176077,2253,1,1,128,1,1,16,0.000,0.000,,,,,NVIDIA A100-SXM4-40GB MIG 4g.20gb (0),1,,13,cupy_copy__float16_float16
3304535229,3424,176086,282,1,1,128,1,1,16,0.000,0.000,,,,,NVIDIA A100-SXM4-40GB MIG 4g.20gb (0),1,,13,cupy_copy__complex64_complex64
3304539581,2080,176095,26,1,1,128,1,1,16,0.000,0.000,,,,,NVIDIA A100-SXM4-40GB MIG 4g.20gb (0),1,,13,cupy_copy__float32_float32
3304544413,3616,176104,103,1,1,128,1,1,16,0.000,0.000,,,,,NVIDIA A100-SXM4-40GB MIG 4g.20gb (0),1,,13,cupy_copy__complex64_complex64
3304549084,12128,176114,1434,1,1,128,1,1,16,0.000,0.000,,,,,NVIDIA A100-SXM4-40GB MIG 4g.20gb (0),1,,13,cupy_copy__complex64_complex64
3304562268,82175,176119,1,1,1,32,32,1,30,0.000,0.000,,,,,NVIDIA A100-SXM4-40GB MIG 4g.20gb (0),1,,13,"void convert_kernel<__half2, float2>(tensor_layout_any, T1 *, tensor_layout_any, const T2 *)"
3304671643,5536,176122,,,,,,,,,,0.094,16924.777,Pinned,Device,NVIDIA A100-SXM4-40GB MIG 4g.20gb (0),1,,13,[CUDA memcpy Host-to-Device]
3304682779,603480,176123,,,,,,,,,,456.561,756522.306,Device,,NVIDIA A100-SXM4-40GB MIG 4g.20gb (0),1,,13,[CUDA memset]
3305294899,69663,176128,,,,,,,,,,1.235,17726.386,Pinned,Device,NVIDIA A100-SXM4-40GB MIG 4g.20gb (0),1,,13,[CUDA memcpy Host-to-Device]
3305369138,14368,176129,,,,,,,,,,0.197,13683.720,Pinned,Device,NVIDIA A100-SXM4-40GB MIG 4g.20gb (0),1,,13,[CUDA memcpy Host-to-Device]
3305389042,8160,176130,69,4,1,48,1,1,76,0.002,0.000,,,,,NVIDIA A100-SXM4-40GB MIG 4g.20gb (0),1,,13,"void ch_est::windowedChEstPreNoDftSOfdmKernel<float, __half, float, (unsigned int)2, (unsigned int)1, (unsigned short)4>(ch_est::puschRxChEstStatDescr_t *, ch_est::puschRxChEstDynDescr_t *)"
3305400274,6336,176131,137,2,1,24,2,1,44,0.001,0.001,,,,,NVIDIA A100-SXM4-40GB MIG 4g.20gb (0),1,,13,"void ch_est::chEstFilterNoDftSOfdmDispatchKernel<float, __half, float, (unsigned int)2>(ch_est::puschRxChEstStatDescr_t *, ch_est::puschRxChEstDynDescr_t *)"
3305410482,5696,176132,137,2,1,24,2,1,44,0.001,0.001,,,,,NVIDIA A100-SXM4-40GB MIG 4g.20gb (0),1,,13,"void ch_est::chEstFilterNoDftSOfdmDispatchKernel<float, __half, float, (unsigned int)2>(ch_est::puschRxChEstStatDescr_t *, ch_est::puschRxChEstDynDescr_t *)"
3305420498,2496,176143,103,1,1,128,1,1,16,0.000,0.000,,,,,NVIDIA A100-SXM4-40GB MIG 4g.20gb (0),1,,13,cupy_copy__complex64_complex64
3305427122,12863,176153,1434,1,1,128,1,1,16,0.000,0.000,,,,,NVIDIA A100-SXM4-40GB MIG 4g.20gb (0),1,,13,cupy_copy__complex64_complex64
3305441553,2656,176160,103,1,1,128,1,1,16,0.000,0.000,,,,,NVIDIA A100-SXM4-40GB MIG 4g.20gb (0),1,,13,cupy_copy__complex64_complex64
3305449137,85183,176167,1,1,1,32,32,1,30,0.000,0.000,,,,,NVIDIA A100-SXM4-40GB MIG 4g.20gb (0),1,,13,"void convert_kernel<__half2, float2>(tensor_layout_any, T1 *, tensor_layout_any, const T2 *)"
3305563504,8896,176170,,,,,,,,,,0.094,10532.367,Pinned,Device,NVIDIA A100-SXM4-40GB MIG 4g.20gb (0),1,,13,[CUDA memcpy Host-to-Device]
3305577712,47903,176171,,,,,,,,,,35.810,747532.080,Device,,NVIDIA A100-SXM4-40GB MIG 4g.20gb (0),1,,13,[CUDA memset]
3305629743,2816,176173,,,,,,,,,,0.000,28.409,Pinned,Device,NVIDIA A100-SXM4-40GB MIG 4g.20gb (0),1,,13,[CUDA memcpy Host-to-Device]
3305637167,11776,176174,,,,,,,,,,0.197,16695.558,Pinned,Device,NVIDIA A100-SXM4-40GB MIG 4g.20gb (0),1,,13,[CUDA memcpy Host-to-Device]
3305655759,10080,176175,273,1,1,48,1,1,40,0.000,0.001,,,,,NVIDIA A100-SXM4-40GB MIG 4g.20gb (0),1,,13,"void pusch_noise_intf_est::noiseIntfEstNoDftSOfdmKernel<float, __half, float, float, (unsigned int)2, (unsigned int)1, (unsigned char)4, (unsigned char)4>(pusch_noise_intf_est::puschRxNoiseIntfEstDynDescr)"
3305670575,2976,176186,35,1,1,128,1,1,16,0.000,0.000,,,,,NVIDIA A100-SXM4-40GB MIG 4g.20gb (0),1,,13,cupy_copy__complex64_complex64
3305683598,1888,176195,1,1,1,1,1,1,18,0.000,0.000,,,,,NVIDIA A100-SXM4-40GB MIG 4g.20gb (0),1,,13,cupy_copy__float32_float32
3305716078,1888,176201,,,,,,,,,,0.000,2.119,Device,Pageable,NVIDIA A100-SXM4-40GB MIG 4g.20gb (0),1,,7,[CUDA memcpy Device-to-Host]
3305776781,12928,176212,1434,1,1,128,1,1,16,0.000,0.000,,,,,NVIDIA A100-SXM4-40GB MIG 4g.20gb (0),1,,13,cupy_copy__complex64_complex64
3305803661,2592,176219,103,1,1,128,1,1,16,0.000,0.000,,,,,NVIDIA A100-SXM4-40GB MIG 4g.20gb (0),1,,13,cupy_copy__complex64_complex64
3305823405,2528,176226,35,1,1,128,1,1,16,0.000,0.000,,,,,NVIDIA A100-SXM4-40GB MIG 4g.20gb (0),1,,13,cupy_copy__complex64_complex64
3305841389,1728,176233,1,1,1,1,1,1,18,0.000,0.000,,,,,NVIDIA A100-SXM4-40GB MIG 4g.20gb (0),1,,13,cupy_copy__float32_float32
3305973387,83007,176244,1,1,1,32,32,1,30,0.000,0.000,,,,,NVIDIA A100-SXM4-40GB MIG 4g.20gb (0),1,,13,"void convert_kernel<__half2, float2>(tensor_layout_any, T1 *, tensor_layout_any, const T2 *)"
3306083818,5599,176247,,,,,,,,,,0.094,16734.387,Pinned,Device,NVIDIA A100-SXM4-40GB MIG 4g.20gb (0),1,,13,[CUDA memcpy Host-to-Device]
3306098185,3328,176248,,,,,,,,,,1.547,464729.580,Device,,NVIDIA A100-SXM4-40GB MIG 4g.20gb (0),1,,13,[CUDA memset]
3306104937,3040,176253,,,,,,,,,,0.031,10294.725,Pinned,Device,NVIDIA A100-SXM4-40GB MIG 4g.20gb (0),1,,13,[CUDA memcpy Host-to-Device]
3306110825,9376,176254,,,,,,,,,,0.197,20969.226,Pinned,Device,NVIDIA A100-SXM4-40GB MIG 4g.20gb (0),1,,13,[CUDA memcpy Host-to-Device]
3306125321,6368,176255,273,1,1,8,4,1,39,0.002,0.000,,,,,NVIDIA A100-SXM4-40GB MIG 4g.20gb (0),1,,13,"void channel_eq::eqMmseCoefCompLowMimoKernel<float, float, float, (unsigned int)4, (unsigned int)1, (unsigned int)4>(const channel_eq::_puschRxChEqStatDescr *, channel_eq::_puschRxChEqCoefCompDynDescr)"
3306132745,8128,176256,273,1,1,12,11,1,51,0.002,0.000,,,,,NVIDIA A100-SXM4-40GB MIG 4g.20gb (0),1,,13,"void channel_eq::eqMmseSoftDemapKernel<float, __half, __half, float, (unsigned int)4, (unsigned short)16383>(channel_eq::_puschRxChEqStatDescr *, channel_eq::_puschRxChEqSoftDemapDynDescr)"
3306143785,279036,176257,1,1,1,32,32,1,30,0.000,0.000,,,,,NVIDIA A100-SXM4-40GB MIG 4g.20gb (0),1,,13,"void convert_kernel<float2, __half2>(tensor_layout_any, T1 *, tensor_layout_any, const T2 *)"
3306425285,11104,176269,2253,1,1,128,1,1,16,0.000,0.000,,,,,NVIDIA A100-SXM4-40GB MIG 4g.20gb (0),1,,13,cupy_copy__float16_float16
3306441093,2944,176278,282,1,1,128,1,1,16,0.000,0.000,,,,,NVIDIA A100-SXM4-40GB MIG 4g.20gb (0),1,,13,cupy_copy__complex64_complex64
3306445957,2112,176287,26,1,1,128,1,1,16,0.000,0.000,,,,,NVIDIA A100-SXM4-40GB MIG 4g.20gb (0),1,,13,cupy_copy__float32_float32
3306449765,4608,176296,103,1,1,128,1,1,16,0.000,0.000,,,,,NVIDIA A100-SXM4-40GB MIG 4g.20gb (0),1,,13,cupy_copy__complex64_complex64
3306457605,12128,176306,1434,1,1,128,1,1,16,0.000,0.000,,,,,NVIDIA A100-SXM4-40GB MIG 4g.20gb (0),1,,13,cupy_copy__complex64_complex64
3306472485,82655,176311,1,1,1,32,32,1,30,0.000,0.000,,,,,NVIDIA A100-SXM4-40GB MIG 4g.20gb (0),1,,13,"void convert_kernel<__half2, float2>(tensor_layout_any, T1 *, tensor_layout_any, const T2 *)"
3306582115,5376,176314,,,,,,,,,,0.094,17428.487,Pinned,Device,NVIDIA A100-SXM4-40GB MIG 4g.20gb (0),1,,13,[CUDA memcpy Host-to-Device]
3306592067,605657,176315,,,,,,,,,,456.561,753782.937,Device,,NVIDIA A100-SXM4-40GB MIG 4g.20gb (0),1,,13,[CUDA memset]
3307204316,69503,176320,,,,,,,,,,1.235,17767.139,Pinned,Device,NVIDIA A100-SXM4-40GB MIG 4g.20gb (0),1,,13,[CUDA memcpy Host-to-Device]
3307277211,14816,176321,,,,,,,,,,0.197,13269.860,Pinned,Device,NVIDIA A100-SXM4-40GB MIG 4g.20gb (0),1,,13,[CUDA memcpy Host-to-Device]
3307297787,8383,176322,69,4,1,48,1,1,76,0.002,0.000,,,,,NVIDIA A100-SXM4-40GB MIG 4g.20gb (0),1,,13,"void ch_est::windowedChEstPreNoDftSOfdmKernel<float, __half, float, (unsigned int)2, (unsigned int)1, (unsigned short)4>(ch_est::puschRxChEstStatDescr_t *, ch_est::puschRxChEstDynDescr_t *)"
3307309818,6784,176323,137,2,1,24,2,1,44,0.001,0.001,,,,,NVIDIA A100-SXM4-40GB MIG 4g.20gb (0),1,,13,"void ch_est::chEstFilterNoDftSOfdmDispatchKernel<float, __half, float, (unsigned int)2>(ch_est::puschRxChEstStatDescr_t *, ch_est::puschRxChEstDynDescr_t *)"
3307318906,5600,176324,137,2,1,24,2,1,44,0.001,0.001,,,,,NVIDIA A100-SXM4-40GB MIG 4g.20gb (0),1,,13,"void ch_est::chEstFilterNoDftSOfdmDispatchKernel<float, __half, float, (unsigned int)2>(ch_est::puschRxChEstStatDescr_t *, ch_est::puschRxChEstDynDescr_t *)"
3307329370,2592,176335,103,1,1,128,1,1,16,0.000,0.000,,,,,NVIDIA A100-SXM4-40GB MIG 4g.20gb (0),1,,13,cupy_copy__complex64_complex64
3307335226,12896,176345,1434,1,1,128,1,1,16,0.000,0.000,,,,,NVIDIA A100-SXM4-40GB MIG 4g.20gb (0),1,,13,cupy_copy__complex64_complex64
3307355226,2784,176352,103,1,1,128,1,1,16,0.000,0.000,,,,,NVIDIA A100-SXM4-40GB MIG 4g.20gb (0),1,,13,cupy_copy__complex64_complex64
3307362938,83487,176359,1,1,1,32,32,1,30,0.000,0.000,,,,,NVIDIA A100-SXM4-40GB MIG 4g.20gb (0),1,,13,"void convert_kernel<__half2, float2>(tensor_layout_any, T1 *, tensor_layout_any, const T2 *)"
3307476408,9504,176362,,,,,,,,,,0.094,9858.506,Pinned,Device,NVIDIA A100-SXM4-40GB MIG 4g.20gb (0),1,,13,[CUDA memcpy Host-to-Device]
3307491640,47520,176363,,,,,,,,,,35.810,753548.147,Device,,NVIDIA A100-SXM4-40GB MIG 4g.20gb (0),1,,13,[CUDA memset]
3307543479,3264,176365,,,,,,,,,,0.000,24.510,Pinned,Device,NVIDIA A100-SXM4-40GB MIG 4g.20gb (0),1,,13,[CUDA memcpy Host-to-Device]
3307550327,14016,176366,,,,,,,,,,0.197,14027.391,Pinned,Device,NVIDIA A100-SXM4-40GB MIG 4g.20gb (0),1,,13,[CUDA memcpy Host-to-Device]
3307571447,10432,176367,273,1,1,48,1,1,40,0.000,0.001,,,,,NVIDIA A100-SXM4-40GB MIG 4g.20gb (0),1,,13,"void pusch_noise_intf_est::noiseIntfEstNoDftSOfdmKernel<float, __half, float, float, (unsigned int)2, (unsigned int)1, (unsigned char)4, (unsigned char)4>(pusch_noise_intf_est::puschRxNoiseIntfEstDynDescr)"
3307588407,2880,176378,35,1,1,128,1,1,16,0.000,0.000,,,,,NVIDIA A100-SXM4-40GB MIG 4g.20gb (0),1,,13,cupy_copy__complex64_complex64
3307598455,1920,176387,1,1,1,1,1,1,18,0.000,0.000,,,,,NVIDIA A100-SXM4-40GB MIG 4g.20gb (0),1,,13,cupy_copy__float32_float32
3307629078,2656,176393,,,,,,,,,,0.000,1.506,Device,Pageable,NVIDIA A100-SXM4-40GB MIG 4g.20gb (0),1,,7,[CUDA memcpy Device-to-Host]
3307692726,12671,176404,1434,1,1,128,1,1,16,0.000,0.000,,,,,NVIDIA A100-SXM4-40GB MIG 4g.20gb (0),1,,13,cupy_copy__complex64_complex64
3307718677,2944,176411,103,1,1,128,1,1,16,0.000,0.000,,,,,NVIDIA A100-SXM4-40GB MIG 4g.20gb (0),1,,13,cupy_copy__complex64_complex64
3307738677,2624,176418,35,1,1,128,1,1,16,0.000,0.000,,,,,NVIDIA A100-SXM4-40GB MIG 4g.20gb (0),1,,13,cupy_copy__complex64_complex64
3307757237,1760,176425,1,1,1,1,1,1,18,0.000,0.000,,,,,NVIDIA A100-SXM4-40GB MIG 4g.20gb (0),1,,13,cupy_copy__float32_float32
3307892755,82303,176436,1,1,1,32,32,1,30,0.000,0.000,,,,,NVIDIA A100-SXM4-40GB MIG 4g.20gb (0),1,,13,"void convert_kernel<__half2, float2>(tensor_layout_any, T1 *, tensor_layout_any, const T2 *)"
3308002866,5440,176439,,,,,,,,,,0.094,17223.480,Pinned,Device,NVIDIA A100-SXM4-40GB MIG 4g.20gb (0),1,,13,[CUDA memcpy Host-to-Device]
3308017106,3296,176440,,,,,,,,,,1.547,469242.628,Device,,NVIDIA A100-SXM4-40GB MIG 4g.20gb (0),1,,13,[CUDA memset]
3308024050,3008,176445,,,,,,,,,,0.031,10404.230,Pinned,Device,NVIDIA A100-SXM4-40GB MIG 4g.20gb (0),1,,13,[CUDA memcpy Host-to-Device]
3308029169,9664,176446,,,,,,,,,,0.197,20344.209,Pinned,Device,NVIDIA A100-SXM4-40GB MIG 4g.20gb (0),1,,13,[CUDA memcpy Host-to-Device]
3308043377,6560,176447,273,1,1,8,4,1,39,0.002,0.000,,,,,NVIDIA A100-SXM4-40GB MIG 4g.20gb (0),1,,13,"void channel_eq::eqMmseCoefCompLowMimoKernel<float, float, float, (unsigned int)4, (unsigned int)1, (unsigned int)4>(const channel_eq::_puschRxChEqStatDescr *, channel_eq::_puschRxChEqCoefCompDynDescr)"
3308050961,6368,176448,273,1,1,12,11,1,51,0.002,0.000,,,,,NVIDIA A100-SXM4-40GB MIG 4g.20gb (0),1,,13,"void channel_eq::eqMmseSoftDemapKernel<float, __half, __half, float, (unsigned int)4, (unsigned short)16383>(channel_eq::_puschRxChEqStatDescr *, channel_eq::_puschRxChEqSoftDemapDynDescr)"
3308058417,282941,176449,1,1,1,32,32,1,30,0.000,0.000,,,,,NVIDIA A100-SXM4-40GB MIG 4g.20gb (0),1,,13,"void convert_kernel<float2, __half2>(tensor_layout_any, T1 *, tensor_layout_any, const T2 *)"
3308342382,11071,176461,2253,1,1,128,1,1,16,0.000,0.000,,,,,NVIDIA A100-SXM4-40GB MIG 4g.20gb (0),1,,13,cupy_copy__float16_float16
3308357645,2816,176470,282,1,1,128,1,1,16,0.000,0.000,,,,,NVIDIA A100-SXM4-40GB MIG 4g.20gb (0),1,,13,cupy_copy__complex64_complex64
3308362605,2016,176479,26,1,1,128,1,1,16,0.000,0.000,,,,,NVIDIA A100-SXM4-40GB MIG 4g.20gb (0),1,,13,cupy_copy__float32_float32
3308366029,4736,176488,103,1,1,128,1,1,16,0.000,0.000,,,,,NVIDIA A100-SXM4-40GB MIG 4g.20gb (0),1,,13,cupy_copy__complex64_complex64
3308371725,12128,176498,1434,1,1,128,1,1,16,0.000,0.000,,,,,NVIDIA A100-SXM4-40GB MIG 4g.20gb (0),1,,13,cupy_copy__complex64_complex64
3308390189,81375,176503,1,1,1,32,32,1,30,0.000,0.000,,,,,NVIDIA A100-SXM4-40GB MIG 4g.20gb (0),1,,13,"void convert_kernel<__half2, float2>(tensor_layout_any, T1 *, tensor_layout_any, const T2 *)"
3308498028,5408,176506,,,,,,,,,,0.094,17325.421,Pinned,Device,NVIDIA A100-SXM4-40GB MIG 4g.20gb (0),1,,13,[CUDA memcpy Host-to-Device]
3308507948,604184,176507,,,,,,,,,,456.561,755609.183,Device,,NVIDIA A100-SXM4-40GB MIG 4g.20gb (0),1,,13,[CUDA memset]
3309116100,69503,176512,,,,,,,,,,1.235,17767.139,Pinned,Device,NVIDIA A100-SXM4-40GB MIG 4g.20gb (0),1,,13,[CUDA memcpy Host-to-Device]
3309189475,15040,176513,,,,,,,,,,0.197,13072.269,Pinned,Device,NVIDIA A100-SXM4-40GB MIG 4g.20gb (0),1,,13,[CUDA memcpy Host-to-Device]
3309215555,8352,176514,69,4,1,48,1,1,76,0.002,0.000,,,,,NVIDIA A100-SXM4-40GB MIG 4g.20gb (0),1,,13,"void ch_est::windowedChEstPreNoDftSOfdmKernel<float, __half, float, (unsigned int)2, (unsigned int)1, (unsigned short)4>(ch_est::puschRxChEstStatDescr_t *, ch_est::puschRxChEstDynDescr_t *)"
3309229411,6336,176515,137,2,1,24,2,1,44,0.001,0.001,,,,,NVIDIA A100-SXM4-40GB MIG 4g.20gb (0),1,,13,"void ch_est::chEstFilterNoDftSOfdmDispatchKernel<float, __half, float, (unsigned int)2>(ch_est::puschRxChEstStatDescr_t *, ch_est::puschRxChEstDynDescr_t *)"
3309240610,5440,176516,137,2,1,24,2,1,44,0.001,0.001,,,,,NVIDIA A100-SXM4-40GB MIG 4g.20gb (0),1,,13,"void ch_est::chEstFilterNoDftSOfdmDispatchKernel<float, __half, float, (unsigned int)2>(ch_est::puschRxChEstStatDescr_t *, ch_est::puschRxChEstDynDescr_t *)"
3309251010,2784,176527,103,1,1,128,1,1,16,0.000,0.000,,,,,NVIDIA A100-SXM4-40GB MIG 4g.20gb (0),1,,13,cupy_copy__complex64_complex64
3309256066,12480,176537,1434,1,1,128,1,1,16,0.000,0.000,,,,,NVIDIA A100-SXM4-40GB MIG 4g.20gb (0),1,,13,cupy_copy__complex64_complex64
3309273090,2496,176544,103,1,1,128,1,1,16,0.000,0.000,,,,,NVIDIA A100-SXM4-40GB MIG 4g.20gb (0),1,,13,cupy_copy__complex64_complex64
3309279618,84447,176551,1,1,1,32,32,1,30,0.000,0.000,,,,,NVIDIA A100-SXM4-40GB MIG 4g.20gb (0),1,,13,"void convert_kernel<__half2, float2>(tensor_layout_any, T1 *, tensor_layout_any, const T2 *)"
3309391681,8096,176554,,,,,,,,,,0.094,11573.049,Pinned,Device,NVIDIA A100-SXM4-40GB MIG 4g.20gb (0),1,,13,[CUDA memcpy Host-to-Device]
3309408960,47904,176555,,,,,,,,,,35.810,747532.080,Device,,NVIDIA A100-SXM4-40GB MIG 4g.20gb (0),1,,13,[CUDA memset]
3309465600,4032,176557,,,,,,,,,,0.000,19.841,Pinned,Device,NVIDIA A100-SXM4-40GB MIG 4g.20gb (0),1,,13,[CUDA memcpy Host-to-Device]
3309473312,12511,176558,,,,,,,,,,0.197,15714.681,Pinned,Device,NVIDIA A100-SXM4-40GB MIG 4g.20gb (0),1,,13,[CUDA memcpy Host-to-Device]
3309492767,10528,176559,273,1,1,48,1,1,40,0.000,0.001,,,,,NVIDIA A100-SXM4-40GB MIG 4g.20gb (0),1,,13,"void pusch_noise_intf_est::noiseIntfEstNoDftSOfdmKernel<float, __half, float, float, (unsigned int)2, (unsigned int)1, (unsigned char)4, (unsigned char)4>(pusch_noise_intf_est::puschRxNoiseIntfEstDynDescr)"
3309507711,2944,176570,35,1,1,128,1,1,16,0.000,0.000,,,,,NVIDIA A100-SXM4-40GB MIG 4g.20gb (0),1,,13,cupy_copy__complex64_complex64
3309514047,1920,176579,1,1,1,1,1,1,18,0.000,0.000,,,,,NVIDIA A100-SXM4-40GB MIG 4g.20gb (0),1,,13,cupy_copy__float32_float32
3309543967,1856,176585,,,,,,,,,,0.000,2.155,Device,Pageable,NVIDIA A100-SXM4-40GB MIG 4g.20gb (0),1,,7,[CUDA memcpy Device-to-Host]
3309604478,12736,176596,1434,1,1,128,1,1,16,0.000,0.000,,,,,NVIDIA A100-SXM4-40GB MIG 4g.20gb (0),1,,13,cupy_copy__complex64_complex64
3309630910,2944,176603,103,1,1,128,1,1,16,0.000,0.000,,,,,NVIDIA A100-SXM4-40GB MIG 4g.20gb (0),1,,13,cupy_copy__complex64_complex64
3309651613,2720,176610,35,1,1,128,1,1,16,0.000,0.000,,,,,NVIDIA A100-SXM4-40GB MIG 4g.20gb (0),1,,13,cupy_copy__complex64_complex64
3309673757,1824,176617,1,1,1,1,1,1,18,0.000,0.000,,,,,NVIDIA A100-SXM4-40GB MIG 4g.20gb (0),1,,13,cupy_copy__float32_float32
3309806556,82110,176628,1,1,1,32,32,1,30,0.000,0.000,,,,,NVIDIA A100-SXM4-40GB MIG 4g.20gb (0),1,,13,"void convert_kernel<__half2, float2>(tensor_layout_any, T1 *, tensor_layout_any, const T2 *)"
3309916122,5600,176631,,,,,,,,,,0.094,16731.388,Pinned,Device,NVIDIA A100-SXM4-40GB MIG 4g.20gb (0),1,,13,[CUDA memcpy Host-to-Device]
3309930682,3392,176632,,,,,,,,,,1.547,455961.768,Device,,NVIDIA A100-SXM4-40GB MIG 4g.20gb (0),1,,13,[CUDA memset]
3309937018,3040,176637,,,,,,,,,,0.031,10294.725,Pinned,Device,NVIDIA A100-SXM4-40GB MIG 4g.20gb (0),1,,13,[CUDA memcpy Host-to-Device]
3309942554,9376,176638,,,,,,,,,,0.197,20969.226,Pinned,Device,NVIDIA A100-SXM4-40GB MIG 4g.20gb (0),1,,13,[CUDA memcpy Host-to-Device]
3309957690,9504,176639,273,1,1,8,4,1,39,0.002,0.000,,,,,NVIDIA A100-SXM4-40GB MIG 4g.20gb (0),1,,13,"void channel_eq::eqMmseCoefCompLowMimoKernel<float, float, float, (unsigned int)4, (unsigned int)1, (unsigned int)4>(const channel_eq::_puschRxChEqStatDescr *, channel_eq::_puschRxChEqCoefCompDynDescr)"
3309969881,6080,176640,273,1,1,12,11,1,51,0.002,0.000,,,,,NVIDIA A100-SXM4-40GB MIG 4g.20gb (0),1,,13,"void channel_eq::eqMmseSoftDemapKernel<float, __half, __half, float, (unsigned int)4, (unsigned short)16383>(channel_eq::_puschRxChEqStatDescr *, channel_eq::_puschRxChEqSoftDemapDynDescr)"
3309978777,294909,176641,1,1,1,32,32,1,30,0.000,0.000,,,,,NVIDIA A100-SXM4-40GB MIG 4g.20gb (0),1,,13,"void convert_kernel<float2, __half2>(tensor_layout_any, T1 *, tensor_layout_any, const T2 *)"
3310274614,11008,176653,2253,1,1,128,1,1,16,0.000,0.000,,,,,NVIDIA A100-SXM4-40GB MIG 4g.20gb (0),1,,13,cupy_copy__float16_float16
3310289430,3295,176662,282,1,1,128,1,1,16,0.000,0.000,,,,,NVIDIA A100-SXM4-40GB MIG 4g.20gb (0),1,,13,cupy_copy__complex64_complex64
3310295669,2016,176671,26,1,1,128,1,1,16,0.000,0.000,,,,,NVIDIA A100-SXM4-40GB MIG 4g.20gb (0),1,,13,cupy_copy__float32_float32
3310298741,3264,176680,103,1,1,128,1,1,16,0.000,0.000,,,,,NVIDIA A100-SXM4-40GB MIG 4g.20gb (0),1,,13,cupy_copy__complex64_complex64
3310303957,12032,176690,1434,1,1,128,1,1,16,0.000,0.000,,,,,NVIDIA A100-SXM4-40GB MIG 4g.20gb (0),1,,13,cupy_copy__complex64_complex64
3310320053,87839,176695,1,1,1,32,32,1,30,0.000,0.000,,,,,NVIDIA A100-SXM4-40GB MIG 4g.20gb (0),1,,13,"void convert_kernel<__half2, float2>(tensor_layout_any, T1 *, tensor_layout_any, const T2 *)"
3310434484,5600,176698,,,,,,,,,,0.094,16731.388,Pinned,Device,NVIDIA A100-SXM4-40GB MIG 4g.20gb (0),1,,13,[CUDA memcpy Host-to-Device]
3310444788,605880,176699,,,,,,,,,,456.561,753326.376,Device,,NVIDIA A100-SXM4-40GB MIG 4g.20gb (0),1,,13,[CUDA memset]
3311051980,71071,176704,,,,,,,,,,1.235,17375.662,Pinned,Device,NVIDIA A100-SXM4-40GB MIG 4g.20gb (0),1,,13,[CUDA memcpy Host-to-Device]
3311127147,14528,176705,,,,,,,,,,0.197,13532.922,Pinned,Device,NVIDIA A100-SXM4-40GB MIG 4g.20gb (0),1,,13,[CUDA memcpy Host-to-Device]
3311150987,8512,176706,69,4,1,48,1,1,76,0.002,0.000,,,,,NVIDIA A100-SXM4-40GB MIG 4g.20gb (0),1,,13,"void ch_est::windowedChEstPreNoDftSOfdmKernel<float, __half, float, (unsigned int)2, (unsigned int)1, (unsigned short)4>(ch_est::puschRxChEstStatDescr_t *, ch_est::puschRxChEstDynDescr_t *)"
3311162635,6240,176707,137,2,1,24,2,1,44,0.001,0.001,,,,,NVIDIA A100-SXM4-40GB MIG 4g.20gb (0),1,,13,"void ch_est::chEstFilterNoDftSOfdmDispatchKernel<float, __half, float, (unsigned int)2>(ch_est::puschRxChEstStatDescr_t *, ch_est::puschRxChEstDynDescr_t *)"
3311173323,5184,176708,137,2,1,24,2,1,44,0.001,0.001,,,,,NVIDIA A100-SXM4-40GB MIG 4g.20gb (0),1,,13,"void ch_est::chEstFilterNoDftSOfdmDispatchKernel<float, __half, float, (unsigned int)2>(ch_est::puschRxChEstStatDescr_t *, ch_est::puschRxChEstDynDescr_t *)"
3311185578,2656,176719,103,1,1,128,1,1,16,0.000,0.000,,,,,NVIDIA A100-SXM4-40GB MIG 4g.20gb (0),1,,13,cupy_copy__complex64_complex64
3311191114,12448,176729,1434,1,1,128,1,1,16,0.000,0.000,,,,,NVIDIA A100-SXM4-40GB MIG 4g.20gb (0),1,,13,cupy_copy__complex64_complex64
3311205098,2656,176736,103,1,1,128,1,1,16,0.000,0.000,,,,,NVIDIA A100-SXM4-40GB MIG 4g.20gb (0),1,,13,cupy_copy__complex64_complex64
3311212522,83743,176743,1,1,1,32,32,1,30,0.000,0.000,,,,,NVIDIA A100-SXM4-40GB MIG 4g.20gb (0),1,,13,"void convert_kernel<__half2, float2>(tensor_layout_any, T1 *, tensor_layout_any, const T2 *)"
3311326345,7968,176746,,,,,,,,,,0.094,11759.035,Pinned,Device,NVIDIA A100-SXM4-40GB MIG 4g.20gb (0),1,,13,[CUDA memcpy Host-to-Device]
3311339593,47295,176747,,,,,,,,,,35.810,757129.139,Device,,NVIDIA A100-SXM4-40GB MIG 4g.20gb (0),1,,13,[CUDA memset]
3311391720,2944,176749,,,,,,,,,,0.000,27.174,Pinned,Device,NVIDIA A100-SXM4-40GB MIG 4g.20gb (0),1,,13,[CUDA memcpy Host-to-Device]
3311400008,11296,176750,,,,,,,,,,0.197,17404.920,Pinned,Device,NVIDIA A100-SXM4-40GB MIG 4g.20gb (0),1,,13,[CUDA memcpy Host-to-Device]
3311417640,11839,176751,273,1,1,48,1,1,40,0.000,0.001,,,,,NVIDIA A100-SXM4-40GB MIG 4g.20gb (0),1,,13,"void pusch_noise_intf_est::noiseIntfEstNoDftSOfdmKernel<float, __half, float, float, (unsigned int)2, (unsigned int)1, (unsigned char)4, (unsigned char)4>(pusch_noise_intf_est::puschRxNoiseIntfEstDynDescr)"
3311432551,2848,176762,35,1,1,128,1,1,16,0.000,0.000,,,,,NVIDIA A100-SXM4-40GB MIG 4g.20gb (0),1,,13,cupy_copy__complex64_complex64
3311448647,1920,176771,1,1,1,1,1,1,18,0.000,0.000,,,,,NVIDIA A100-SXM4-40GB MIG 4g.20gb (0),1,,13,cupy_copy__float32_float32
3311477479,2048,176777,,,,,,,,,,0.000,1.953,Device,Pageable,NVIDIA A100-SXM4-40GB MIG 4g.20gb (0),1,,7,[CUDA memcpy Device-to-Host]
3311539302,12928,176788,1434,1,1,128,1,1,16,0.000,0.000,,,,,NVIDIA A100-SXM4-40GB MIG 4g.20gb (0),1,,13,cupy_copy__complex64_complex64
3311565350,2624,176795,103,1,1,128,1,1,16,0.000,0.000,,,,,NVIDIA A100-SXM4-40GB MIG 4g.20gb (0),1,,13,cupy_copy__complex64_complex64
3311585702,2623,176802,35,1,1,128,1,1,16,0.000,0.000,,,,,NVIDIA A100-SXM4-40GB MIG 4g.20gb (0),1,,13,cupy_copy__complex64_complex64
3311609381,1792,176809,1,1,1,1,1,1,18,0.000,0.000,,,,,NVIDIA A100-SXM4-40GB MIG 4g.20gb (0),1,,13,cupy_copy__float32_float32
3311739940,82623,176820,1,1,1,32,32,1,30,0.000,0.000,,,,,NVIDIA A100-SXM4-40GB MIG 4g.20gb (0),1,,13,"void convert_kernel<__half2, float2>(tensor_layout_any, T1 *, tensor_layout_any, const T2 *)"
3311849826,5376,176823,,,,,,,,,,0.094,17428.487,Pinned,Device,NVIDIA A100-SXM4-40GB MIG 4g.20gb (0),1,,13,[CUDA memcpy Host-to-Device]
3311865506,3264,176824,,,,,,,,,,1.547,473842.288,Device,,NVIDIA A100-SXM4-40GB MIG 4g.20gb (0),1,,13,[CUDA memset]
3311871330,3072,176829,,,,,,,,,,0.031,10187.474,Pinned,Device,NVIDIA A100-SXM4-40GB MIG 4g.20gb (0),1,,13,[CUDA memcpy Host-to-Device]
3311876802,9824,176830,,,,,,,,,,0.197,20012.925,Pinned,Device,NVIDIA A100-SXM4-40GB MIG 4g.20gb (0),1,,13,[CUDA memcpy Host-to-Device]
3311890562,8096,176831,273,1,1,8,4,1,39,0.002,0.000,,,,,NVIDIA A100-SXM4-40GB MIG 4g.20gb (0),1,,13,"void channel_eq::eqMmseCoefCompLowMimoKernel<float, float, float, (unsigned int)4, (unsigned int)1, (unsigned int)4>(const channel_eq::_puschRxChEqStatDescr *, channel_eq::_puschRxChEqCoefCompDynDescr)"
3311901442,5600,176832,273,1,1,12,11,1,51,0.002,0.000,,,,,NVIDIA A100-SXM4-40GB MIG 4g.20gb (0),1,,13,"void channel_eq::eqMmseSoftDemapKernel<float, __half, __half, float, (unsigned int)4, (unsigned short)16383>(channel_eq::_puschRxChEqStatDescr *, channel_eq::_puschRxChEqSoftDemapDynDescr)"
3311908354,289564,176833,1,1,1,32,32,1,30,0.000,0.000,,,,,NVIDIA A100-SXM4-40GB MIG 4g.20gb (0),1,,13,"void convert_kernel<float2, __half2>(tensor_layout_any, T1 *, tensor_layout_any, const T2 *)"
3312198942,10880,176845,2253,1,1,128,1,1,16,0.000,0.000,,,,,NVIDIA A100-SXM4-40GB MIG 4g.20gb (0),1,,13,cupy_copy__float16_float16
3312211390,3744,176854,282,1,1,128,1,1,16,0.000,0.000,,,,,NVIDIA A100-SXM4-40GB MIG 4g.20gb (0),1,,13,cupy_copy__complex64_complex64
3312218206,2240,176863,26,1,1,128,1,1,16,0.000,0.000,,,,,NVIDIA A100-SXM4-40GB MIG 4g.20gb (0),1,,13,cupy_copy__float32_float32
3312221534,2816,176872,103,1,1,128,1,1,16,0.000,0.000,,,,,NVIDIA A100-SXM4-40GB MIG 4g.20gb (0),1,,13,cupy_copy__complex64_complex64
3312225694,12639,176882,1434,1,1,128,1,1,16,0.000,0.000,,,,,NVIDIA A100-SXM4-40GB MIG 4g.20gb (0),1,,13,cupy_copy__complex64_complex64
3312243389,82303,176887,1,1,1,32,32,1,30,0.000,0.000,,,,,NVIDIA A100-SXM4-40GB MIG 4g.20gb (0),1,,13,"void convert_kernel<__half2, float2>(tensor_layout_any, T1 *, tensor_layout_any, const T2 *)"
3312352508,5472,176890,,,,,,,,,,0.094,17122.757,Pinned,Device,NVIDIA A100-SXM4-40GB MIG 4g.20gb (0),1,,13,[CUDA memcpy Host-to-Device]
3312362940,601912,176891,,,,,,,,,,456.561,758348.552,Device,,NVIDIA A100-SXM4-40GB MIG 4g.20gb (0),1,,13,[CUDA memset]
3312969908,69600,176896,,,,,,,,,,1.235,17742.440,Pinned,Device,NVIDIA A100-SXM4-40GB MIG 4g.20gb (0),1,,13,[CUDA memcpy Host-to-Device]
3313043443,14464,176897,,,,,,,,,,0.197,13592.887,Pinned,Device,NVIDIA A100-SXM4-40GB MIG 4g.20gb (0),1,,13,[CUDA memcpy Host-to-Device]
3313064691,8384,176898,69,4,1,48,1,1,76,0.002,0.000,,,,,NVIDIA A100-SXM4-40GB MIG 4g.20gb (0),1,,13,"void ch_est::windowedChEstPreNoDftSOfdmKernel<float, __half, float, (unsigned int)2, (unsigned int)1, (unsigned short)4>(ch_est::puschRxChEstStatDescr_t *, ch_est::puschRxChEstDynDescr_t *)"
3313076019,5984,176899,137,2,1,24,2,1,44,0.001,0.001,,,,,NVIDIA A100-SXM4-40GB MIG 4g.20gb (0),1,,13,"void ch_est::chEstFilterNoDftSOfdmDispatchKernel<float, __half, float, (unsigned int)2>(ch_est::puschRxChEstStatDescr_t *, ch_est::puschRxChEstDynDescr_t *)"
3313086515,5472,176900,137,2,1,24,2,1,44,0.001,0.001,,,,,NVIDIA A100-SXM4-40GB MIG 4g.20gb (0),1,,13,"void ch_est::chEstFilterNoDftSOfdmDispatchKernel<float, __half, float, (unsigned int)2>(ch_est::puschRxChEstStatDescr_t *, ch_est::puschRxChEstDynDescr_t *)"
3313096947,2624,176911,103,1,1,128,1,1,16,0.000,0.000,,,,,NVIDIA A100-SXM4-40GB MIG 4g.20gb (0),1,,13,cupy_copy__complex64_complex64
3313103219,12512,176921,1434,1,1,128,1,1,16,0.000,0.000,,,,,NVIDIA A100-SXM4-40GB MIG 4g.20gb (0),1,,13,cupy_copy__complex64_complex64
3313120179,2656,176928,103,1,1,128,1,1,16,0.000,0.000,,,,,NVIDIA A100-SXM4-40GB MIG 4g.20gb (0),1,,13,cupy_copy__complex64_complex64
3313127378,83487,176935,1,1,1,32,32,1,30,0.000,0.000,,,,,NVIDIA A100-SXM4-40GB MIG 4g.20gb (0),1,,13,"void convert_kernel<__half2, float2>(tensor_layout_any, T1 *, tensor_layout_any, const T2 *)"
3313240433,8608,176938,,,,,,,,,,0.094,10884.758,Pinned,Device,NVIDIA A100-SXM4-40GB MIG 4g.20gb (0),1,,13,[CUDA memcpy Host-to-Device]
3313255825,46879,176939,,,,,,,,,,35.810,763861.404,Device,,NVIDIA A100-SXM4-40GB MIG 4g.20gb (0),1,,13,[CUDA memset]
3313308336,2944,176941,,,,,,,,,,0.000,27.174,Pinned,Device,NVIDIA A100-SXM4-40GB MIG 4g.20gb (0),1,,13,[CUDA memcpy Host-to-Device]
3313314192,12896,176942,,,,,,,,,,0.197,15245.574,Pinned,Device,NVIDIA A100-SXM4-40GB MIG 4g.20gb (0),1,,13,[CUDA memcpy Host-to-Device]
3313336592,9888,176943,273,1,1,48,1,1,40,0.000,0.001,,,,,NVIDIA A100-SXM4-40GB MIG 4g.20gb (0),1,,13,"void pusch_noise_intf_est::noiseIntfEstNoDftSOfdmKernel<float, __half, float, float, (unsigned int)2, (unsigned int)1, (unsigned char)4, (unsigned char)4>(pusch_noise_intf_est::puschRxNoiseIntfEstDynDescr)"
3313350320,2944,176954,35,1,1,128,1,1,16,0.000,0.000,,,,,NVIDIA A100-SXM4-40GB MIG 4g.20gb (0),1,,13,cupy_copy__complex64_complex64
3313358992,1856,176963,1,1,1,1,1,1,18,0.000,0.000,,,,,NVIDIA A100-SXM4-40GB MIG 4g.20gb (0),1,,13,cupy_copy__float32_float32
3313389231,1760,176969,,,,,,,,,,0.000,2.273,Device,Pageable,NVIDIA A100-SXM4-40GB MIG 4g.20gb (0),1,,7,[CUDA memcpy Device-to-Host]
3313448878,13088,176980,1434,1,1,128,1,1,16,0.000,0.000,,,,,NVIDIA A100-SXM4-40GB MIG 4g.20gb (0),1,,13,cupy_copy__complex64_complex64
3313475054,2880,176987,103,1,1,128,1,1,16,0.000,0.000,,,,,NVIDIA A100-SXM4-40GB MIG 4g.20gb (0),1,,13,cupy_copy__complex64_complex64
3313501742,2464,176994,35,1,1,128,1,1,16,0.000,0.000,,,,,NVIDIA A100-SXM4-40GB MIG 4g.20gb (0),1,,13,cupy_copy__complex64_complex64
3313519086,1760,177001,1,1,1,1,1,1,18,0.000,0.000,,,,,NVIDIA A100-SXM4-40GB MIG 4g.20gb (0),1,,13,cupy_copy__float32_float32
3313652172,83263,177012,1,1,1,32,32,1,30,0.000,0.000,,,,,NVIDIA A100-SXM4-40GB MIG 4g.20gb (0),1,,13,"void convert_kernel<__half2, float2>(tensor_layout_any, T1 *, tensor_layout_any, const T2 *)"
3313763371,5440,177015,,,,,,,,,,0.094,17223.480,Pinned,Device,NVIDIA A100-SXM4-40GB MIG 4g.20gb (0),1,,13,[CUDA memcpy Host-to-Device]
3313778122,3456,177016,,,,,,,,,,1.547,447517.201,Device,,NVIDIA A100-SXM4-40GB MIG 4g.20gb (0),1,,13,[CUDA memset]
3313785450,3040,177021,,,,,,,,,,0.031,10294.725,Pinned,Device,NVIDIA A100-SXM4-40GB MIG 4g.20gb (0),1,,13,[CUDA memcpy Host-to-Device]
3313790986,9728,177022,,,,,,,,,,0.197,20210.516,Pinned,Device,NVIDIA A100-SXM4-40GB MIG 4g.20gb (0),1,,13,[CUDA memcpy Host-to-Device]
3313806122,6272,177023,273,1,1,8,4,1,39,0.002,0.000,,,,,NVIDIA A100-SXM4-40GB MIG 4g.20gb (0),1,,13,"void channel_eq::eqMmseCoefCompLowMimoKernel<float, float, float, (unsigned int)4, (unsigned int)1, (unsigned int)4>(const channel_eq::_puschRxChEqStatDescr *, channel_eq::_puschRxChEqCoefCompDynDescr)"
3313813354,5728,177024,273,1,1,12,11,1,51,0.002,0.000,,,,,NVIDIA A100-SXM4-40GB MIG 4g.20gb (0),1,,13,"void channel_eq::eqMmseSoftDemapKernel<float, __half, __half, float, (unsigned int)4, (unsigned short)16383>(channel_eq::_puschRxChEqStatDescr *, channel_eq::_puschRxChEqSoftDemapDynDescr)"
3313820202,282172,177025,1,1,1,32,32,1,30,0.000,0.000,,,,,NVIDIA A100-SXM4-40GB MIG 4g.20gb (0),1,,13,"void convert_kernel<float2, __half2>(tensor_layout_any, T1 *, tensor_layout_any, const T2 *)"
3314103366,11008,177037,2253,1,1,128,1,1,16,0.000,0.000,,,,,NVIDIA A100-SXM4-40GB MIG 4g.20gb (0),1,,13,cupy_copy__float16_float16
3314115718,3008,177046,282,1,1,128,1,1,16,0.000,0.000,,,,,NVIDIA A100-SXM4-40GB MIG 4g.20gb (0),1,,13,cupy_copy__complex64_complex64
3314120454,2208,177055,26,1,1,128,1,1,16,0.000,0.000,,,,,NVIDIA A100-SXM4-40GB MIG 4g.20gb (0),1,,13,cupy_copy__float32_float32
3314124038,5632,177064,103,1,1,128,1,1,16,0.000,0.000,,,,,NVIDIA A100-SXM4-40GB MIG 4g.20gb (0),1,,13,cupy_copy__complex64_complex64
3314130662,11872,177074,1434,1,1,128,1,1,16,0.000,0.000,,,,,NVIDIA A100-SXM4-40GB MIG 4g.20gb (0),1,,13,cupy_copy__complex64_complex64
3314152070,82527,177079,1,1,1,32,32,1,30,0.000,0.000,,,,,NVIDIA A100-SXM4-40GB MIG 4g.20gb (0),1,,13,"void convert_kernel<__half2, float2>(tensor_layout_any, T1 *, tensor_layout_any, const T2 *)"
3314261636,5376,177082,,,,,,,,,,0.094,17428.487,Pinned,Device,NVIDIA A100-SXM4-40GB MIG 4g.20gb (0),1,,13,[CUDA memcpy Host-to-Device]
3314274084,606201,177083,,,,,,,,,,456.561,752869.815,Device,,NVIDIA A100-SXM4-40GB MIG 4g.20gb (0),1,,13,[CUDA memset]
3314886269,70495,177088,,,,,,,,,,1.235,17517.681,Pinned,Device,NVIDIA A100-SXM4-40GB MIG 4g.20gb (0),1,,13,[CUDA memcpy Host-to-Device]
3314959900,14944,177089,,,,,,,,,,0.197,13156.221,Pinned,Device,NVIDIA A100-SXM4-40GB MIG 4g.20gb (0),1,,13,[CUDA memcpy Host-to-Device]
3314980508,8479,177090,69,4,1,48,1,1,76,0.002,0.000,,,,,NVIDIA A100-SXM4-40GB MIG 4g.20gb (0),1,,13,"void ch_est::windowedChEstPreNoDftSOfdmKernel<float, __half, float, (unsigned int)2, (unsigned int)1, (unsigned short)4>(ch_est::puschRxChEstStatDescr_t *, ch_est::puschRxChEstDynDescr_t *)"
3314991675,5824,177091,137,2,1,24,2,1,44,0.001,0.001,,,,,NVIDIA A100-SXM4-40GB MIG 4g.20gb (0),1,,13,"void ch_est::chEstFilterNoDftSOfdmDispatchKernel<float, __half, float, (unsigned int)2>(ch_est::puschRxChEstStatDescr_t *, ch_est::puschRxChEstDynDescr_t *)"
3315001371,5312,177092,137,2,1,24,2,1,44,0.001,0.001,,,,,NVIDIA A100-SXM4-40GB MIG 4g.20gb (0),1,,13,"void ch_est::chEstFilterNoDftSOfdmDispatchKernel<float, __half, float, (unsigned int)2>(ch_est::puschRxChEstStatDescr_t *, ch_est::puschRxChEstDynDescr_t *)"
3315012347,2752,177103,103,1,1,128,1,1,16,0.000,0.000,,,,,NVIDIA A100-SXM4-40GB MIG 4g.20gb (0),1,,13,cupy_copy__complex64_complex64
3315018107,12448,177113,1434,1,1,128,1,1,16,0.000,0.000,,,,,NVIDIA A100-SXM4-40GB MIG 4g.20gb (0),1,,13,cupy_copy__complex64_complex64
3315035355,2528,177120,103,1,1,128,1,1,16,0.000,0.000,,,,,NVIDIA A100-SXM4-40GB MIG 4g.20gb (0),1,,13,cupy_copy__complex64_complex64
3315043195,83359,177127,1,1,1,32,32,1,30,0.000,0.000,,,,,NVIDIA A100-SXM4-40GB MIG 4g.20gb (0),1,,13,"void convert_kernel<__half2, float2>(tensor_layout_any, T1 *, tensor_layout_any, const T2 *)"
3315156537,7808,177130,,,,,,,,,,0.094,11999.928,Pinned,Device,NVIDIA A100-SXM4-40GB MIG 4g.20gb (0),1,,13,[CUDA memcpy Host-to-Device]
3315169465,47072,177131,,,,,,,,,,35.810,760745.940,Device,,NVIDIA A100-SXM4-40GB MIG 4g.20gb (0),1,,13,[CUDA memset]
3315222105,2016,177133,,,,,,,,,,0.000,39.682,Pinned,Device,NVIDIA A100-SXM4-40GB MIG 4g.20gb (0),1,,13,[CUDA memcpy Host-to-Device]
3315228440,15072,177134,,,,,,,,,,0.197,13044.548,Pinned,Device,NVIDIA A100-SXM4-40GB MIG 4g.20gb (0),1,,13,[CUDA memcpy Host-to-Device]
3315252920,10304,177135,273,1,1,48,1,1,40,0.000,0.001,,,,,NVIDIA A100-SXM4-40GB MIG 4g.20gb (0),1,,13,"void pusch_noise_intf_est::noiseIntfEstNoDftSOfdmKernel<float, __half, float, float, (unsigned int)2, (unsigned int)1, (unsigned char)4, (unsigned char)4>(pusch_noise_intf_est::puschRxNoiseIntfEstDynDescr)"
3315269208,3104,177146,35,1,1,128,1,1,16,0.000,0.000,,,,,NVIDIA A100-SXM4-40GB MIG 4g.20gb (0),1,,13,cupy_copy__complex64_complex64
3315275256,1952,177155,1,1,1,1,1,1,18,0.000,0.000,,,,,NVIDIA A100-SXM4-40GB MIG 4g.20gb (0),1,,13,cupy_copy__float32_float32
3315307383,1760,177161,,,,,,,,,,0.000,2.273,Device,Pageable,NVIDIA A100-SXM4-40GB MIG 4g.20gb (0),1,,7,[CUDA memcpy Device-to-Host]
3315367607,13216,177172,1434,1,1,128,1,1,16,0.000,0.000,,,,,NVIDIA A100-SXM4-40GB MIG 4g.20gb (0),1,,13,cupy_copy__complex64_complex64
3315399414,2912,177179,103,1,1,128,1,1,16,0.000,0.000,,,,,NVIDIA A100-SXM4-40GB MIG 4g.20gb (0),1,,13,cupy_copy__complex64_complex64
3315418838,2304,177186,35,1,1,128,1,1,16,0.000,0.000,,,,,NVIDIA A100-SXM4-40GB MIG 4g.20gb (0),1,,13,cupy_copy__complex64_complex64
3315437078,1824,177193,1,1,1,1,1,1,18,0.000,0.000,,,,,NVIDIA A100-SXM4-40GB MIG 4g.20gb (0),1,,13,cupy_copy__float32_float32
3315567412,81919,177204,1,1,1,32,32,1,30,0.000,0.000,,,,,NVIDIA A100-SXM4-40GB MIG 4g.20gb (0),1,,13,"void convert_kernel<__half2, float2>(tensor_layout_any, T1 *, tensor_layout_any, const T2 *)"
3315676691,5568,177207,,,,,,,,,,0.094,16827.521,Pinned,Device,NVIDIA A100-SXM4-40GB MIG 4g.20gb (0),1,,13,[CUDA memcpy Host-to-Device]
3315690803,3360,177208,,,,,,,,,,1.547,460304.688,Device,,NVIDIA A100-SXM4-40GB MIG 4g.20gb (0),1,,13,[CUDA memset]
3315697715,3008,177213,,,,,,,,,,0.031,10404.230,Pinned,Device,NVIDIA A100-SXM4-40GB MIG 4g.20gb (0),1,,13,[CUDA memcpy Host-to-Device]
3315703283,9471,177214,,,,,,,,,,0.197,20758.856,Pinned,Device,NVIDIA A100-SXM4-40GB MIG 4g.20gb (0),1,,13,[CUDA memcpy Host-to-Device]
3315718674,8096,177215,273,1,1,8,4,1,39,0.002,0.000,,,,,NVIDIA A100-SXM4-40GB MIG 4g.20gb (0),1,,13,"void channel_eq::eqMmseCoefCompLowMimoKernel<float, float, float, (unsigned int)4, (unsigned int)1, (unsigned int)4>(const channel_eq::_puschRxChEqStatDescr *, channel_eq::_puschRxChEqCoefCompDynDescr)"
3315727826,5920,177216,273,1,1,12,11,1,51,0.002,0.000,,,,,NVIDIA A100-SXM4-40GB MIG 4g.20gb (0),1,,13,"void channel_eq::eqMmseSoftDemapKernel<float, __half, __half, float, (unsigned int)4, (unsigned short)16383>(channel_eq::_puschRxChEqStatDescr *, channel_eq::_puschRxChEqSoftDemapDynDescr)"
3315734706,282685,177217,1,1,1,32,32,1,30,0.000,0.000,,,,,NVIDIA A100-SXM4-40GB MIG 4g.20gb (0),1,,13,"void convert_kernel<float2, __half2>(tensor_layout_any, T1 *, tensor_layout_any, const T2 *)"
3316018479,11104,177229,2253,1,1,128,1,1,16,0.000,0.000,,,,,NVIDIA A100-SXM4-40GB MIG 4g.20gb (0),1,,13,cupy_copy__float16_float16
3316031119,3392,177238,282,1,1,128,1,1,16,0.000,0.000,,,,,NVIDIA A100-SXM4-40GB MIG 4g.20gb (0),1,,13,cupy_copy__complex64_complex64
3316037262,2304,177247,26,1,1,128,1,1,16,0.000,0.000,,,,,NVIDIA A100-SXM4-40GB MIG 4g.20gb (0),1,,13,cupy_copy__float32_float32
3316040814,4512,177256,103,1,1,128,1,1,16,0.000,0.000,,,,,NVIDIA A100-SXM4-40GB MIG 4g.20gb (0),1,,13,cupy_copy__complex64_complex64
3316047470,12224,177266,1434,1,1,128,1,1,16,0.000,0.000,,,,,NVIDIA A100-SXM4-40GB MIG 4g.20gb (0),1,,13,cupy_copy__complex64_complex64
3316063118,82559,177271,1,1,1,32,32,1,30,0.000,0.000,,,,,NVIDIA A100-SXM4-40GB MIG 4g.20gb (0),1,,13,"void convert_kernel<__half2, float2>(tensor_layout_any, T1 *, tensor_layout_any, const T2 *)"
3316172365,5376,177274,,,,,,,,,,0.094,17428.487,Pinned,Device,NVIDIA A100-SXM4-40GB MIG 4g.20gb (0),1,,13,[CUDA memcpy Host-to-Device]
3316182541,603416,177275,,,,,,,,,,456.561,756522.306,Device,,NVIDIA A100-SXM4-40GB MIG 4g.20gb (0),1,,13,[CUDA memset]
3316788165,70399,177280,,,,,,,,,,1.235,17541.145,Pinned,Device,NVIDIA A100-SXM4-40GB MIG 4g.20gb (0),1,,13,[CUDA memcpy Host-to-Device]
3316863172,14784,177281,,,,,,,,,,0.197,13298.565,Pinned,Device,NVIDIA A100-SXM4-40GB MIG 4g.20gb (0),1,,13,[CUDA memcpy Host-to-Device]
3316887108,8416,177282,69,4,1,48,1,1,76,0.002,0.000,,,,,NVIDIA A100-SXM4-40GB MIG 4g.20gb (0),1,,13,"void ch_est::windowedChEstPreNoDftSOfdmKernel<float, __half, float, (unsigned int)2, (unsigned int)1, (unsigned short)4>(ch_est::puschRxChEstStatDescr_t *, ch_est::puschRxChEstDynDescr_t *)"
3316899332,6560,177283,137,2,1,24,2,1,44,0.001,0.001,,,,,NVIDIA A100-SXM4-40GB MIG 4g.20gb (0),1,,13,"void ch_est::chEstFilterNoDftSOfdmDispatchKernel<float, __half, float, (unsigned int)2>(ch_est::puschRxChEstStatDescr_t *, ch_est::puschRxChEstDynDescr_t *)"
3316911428,5792,177284,137,2,1,24,2,1,44,0.001,0.001,,,,,NVIDIA A100-SXM4-40GB MIG 4g.20gb (0),1,,13,"void ch_est::chEstFilterNoDftSOfdmDispatchKernel<float, __half, float, (unsigned int)2>(ch_est::puschRxChEstStatDescr_t *, ch_est::puschRxChEstDynDescr_t *)"
3316921732,2816,177295,103,1,1,128,1,1,16,0.000,0.000,,,,,NVIDIA A100-SXM4-40GB MIG 4g.20gb (0),1,,13,cupy_copy__complex64_complex64
3316927587,12256,177305,1434,1,1,128,1,1,16,0.000,0.000,,,,,NVIDIA A100-SXM4-40GB MIG 4g.20gb (0),1,,13,cupy_copy__complex64_complex64
3316941315,2464,177312,103,1,1,128,1,1,16,0.000,0.000,,,,,NVIDIA A100-SXM4-40GB MIG 4g.20gb (0),1,,13,cupy_copy__complex64_complex64
3316949507,91967,177319,1,1,1,32,32,1,30,0.000,0.000,,,,,NVIDIA A100-SXM4-40GB MIG 4g.20gb (0),1,,13,"void convert_kernel<__half2, float2>(tensor_layout_any, T1 *, tensor_layout_any, const T2 *)"
3317070306,8768,177322,,,,,,,,,,0.094,10686.122,Pinned,Device,NVIDIA A100-SXM4-40GB MIG 4g.20gb (0),1,,13,[CUDA memcpy Host-to-Device]
3317085762,46847,177323,,,,,,,,,,35.810,764398.552,Device,,NVIDIA A100-SXM4-40GB MIG 4g.20gb (0),1,,13,[CUDA memset]
3317137601,2752,177325,,,,,,,,,,0.000,29.070,Pinned,Device,NVIDIA A100-SXM4-40GB MIG 4g.20gb (0),1,,13,[CUDA memcpy Host-to-Device]
3317143873,13280,177326,,,,,,,,,,0.197,14804.779,Pinned,Device,NVIDIA A100-SXM4-40GB MIG 4g.20gb (0),1,,13,[CUDA memcpy Host-to-Device]
3317162753,10879,177327,273,1,1,48,1,1,40,0.000,0.001,,,,,NVIDIA A100-SXM4-40GB MIG 4g.20gb (0),1,,13,"void pusch_noise_intf_est::noiseIntfEstNoDftSOfdmKernel<float, __half, float, float, (unsigned int)2, (unsigned int)1, (unsigned char)4, (unsigned char)4>(pusch_noise_intf_est::puschRxNoiseIntfEstDynDescr)"
3317177280,3072,177338,35,1,1,128,1,1,16,0.000,0.000,,,,,NVIDIA A100-SXM4-40GB MIG 4g.20gb (0),1,,13,cupy_copy__complex64_complex64
3317190400,1856,177347,1,1,1,1,1,1,18,0.000,0.000,,,,,NVIDIA A100-SXM4-40GB MIG 4g.20gb (0),1,,13,cupy_copy__float32_float32
3317220576,1792,177353,,,,,,,,,,0.000,2.232,Device,Pageable,NVIDIA A100-SXM4-40GB MIG 4g.20gb (0),1,,7,[CUDA memcpy Device-to-Host]
3317283999,12832,177364,1434,1,1,128,1,1,16,0.000,0.000,,,,,NVIDIA A100-SXM4-40GB MIG 4g.20gb (0),1,,13,cupy_copy__complex64_complex64
3317312799,3488,177371,103,1,1,128,1,1,16,0.000,0.000,,,,,NVIDIA A100-SXM4-40GB MIG 4g.20gb (0),1,,13,cupy_copy__complex64_complex64
3317333150,2208,177378,35,1,1,128,1,1,16,0.000,0.000,,,,,NVIDIA A100-SXM4-40GB MIG 4g.20gb (0),1,,13,cupy_copy__complex64_complex64
3317350398,1824,177385,1,1,1,1,1,1,18,0.000,0.000,,,,,NVIDIA A100-SXM4-40GB MIG 4g.20gb (0),1,,13,cupy_copy__float32_float32
3317481693,87551,177396,1,1,1,32,32,1,30,0.000,0.000,,,,,NVIDIA A100-SXM4-40GB MIG 4g.20gb (0),1,,13,"void convert_kernel<__half2, float2>(tensor_layout_any, T1 *, tensor_layout_any, const T2 *)"
3317597179,5632,177399,,,,,,,,,,0.094,16636.287,Pinned,Device,NVIDIA A100-SXM4-40GB MIG 4g.20gb (0),1,,13,[CUDA memcpy Host-to-Device]
3317611419,3520,177400,,,,,,,,,,1.547,439380.412,Device,,NVIDIA A100-SXM4-40GB MIG 4g.20gb (0),1,,13,[CUDA memset]
3317617851,3200,177405,,,,,,,,,,0.031,9780.000,Pinned,Device,NVIDIA A100-SXM4-40GB MIG 4g.20gb (0),1,,13,[CUDA memcpy Host-to-Device]
3317623611,9440,177406,,,,,,,,,,0.197,20827.079,Pinned,Device,NVIDIA A100-SXM4-40GB MIG 4g.20gb (0),1,,13,[CUDA memcpy Host-to-Device]
3317638651,6112,177407,273,1,1,8,4,1,39,0.002,0.000,,,,,NVIDIA A100-SXM4-40GB MIG 4g.20gb (0),1,,13,"void channel_eq::eqMmseCoefCompLowMimoKernel<float, float, float, (unsigned int)4, (unsigned int)1, (unsigned int)4>(const channel_eq::_puschRxChEqStatDescr *, channel_eq::_puschRxChEqCoefCompDynDescr)"
3317645755,6400,177408,273,1,1,12,11,1,51,0.002,0.000,,,,,NVIDIA A100-SXM4-40GB MIG 4g.20gb (0),1,,13,"void channel_eq::eqMmseSoftDemapKernel<float, __half, __half, float, (unsigned int)4, (unsigned short)16383>(channel_eq::_puschRxChEqStatDescr *, channel_eq::_puschRxChEqSoftDemapDynDescr)"
3317654778,295069,177409,1,1,1,32,32,1,30,0.000,0.000,,,,,NVIDIA A100-SXM4-40GB MIG 4g.20gb (0),1,,13,"void convert_kernel<float2, __half2>(tensor_layout_any, T1 *, tensor_layout_any, const T2 *)"
3317952023,11008,177421,2253,1,1,128,1,1,16,0.000,0.000,,,,,NVIDIA A100-SXM4-40GB MIG 4g.20gb (0),1,,13,cupy_copy__float16_float16
3317967287,2912,177430,282,1,1,128,1,1,16,0.000,0.000,,,,,NVIDIA A100-SXM4-40GB MIG 4g.20gb (0),1,,13,cupy_copy__complex64_complex64
3317972791,2112,177439,26,1,1,128,1,1,16,0.000,0.000,,,,,NVIDIA A100-SXM4-40GB MIG 4g.20gb (0),1,,13,cupy_copy__float32_float32
3317977014,4576,177448,103,1,1,128,1,1,16,0.000,0.000,,,,,NVIDIA A100-SXM4-40GB MIG 4g.20gb (0),1,,13,cupy_copy__complex64_complex64
3317984502,12096,177458,1434,1,1,128,1,1,16,0.000,0.000,,,,,NVIDIA A100-SXM4-40GB MIG 4g.20gb (0),1,,13,cupy_copy__complex64_complex64
3317997910,82367,177463,1,1,1,32,32,1,30,0.000,0.000,,,,,NVIDIA A100-SXM4-40GB MIG 4g.20gb (0),1,,13,"void convert_kernel<__half2, float2>(tensor_layout_any, T1 *, tensor_layout_any, const T2 *)"
3318107221,5440,177466,,,,,,,,,,0.094,17223.480,Pinned,Device,NVIDIA A100-SXM4-40GB MIG 4g.20gb (0),1,,13,[CUDA memcpy Host-to-Device]
3318117653,601016,177467,,,,,,,,,,456.561,759261.675,Device,,NVIDIA A100-SXM4-40GB MIG 4g.20gb (0),1,,13,[CUDA memset]
3318720653,69535,177472,,,,,,,,,,1.235,17759.730,Pinned,Device,NVIDIA A100-SXM4-40GB MIG 4g.20gb (0),1,,13,[CUDA memcpy Host-to-Device]
3318794380,15072,177473,,,,,,,,,,0.197,13044.548,Pinned,Device,NVIDIA A100-SXM4-40GB MIG 4g.20gb (0),1,,13,[CUDA memcpy Host-to-Device]
3318820748,8224,177474,69,4,1,48,1,1,76,0.002,0.000,,,,,NVIDIA A100-SXM4-40GB MIG 4g.20gb (0),1,,13,"void ch_est::windowedChEstPreNoDftSOfdmKernel<float, __half, float, (unsigned int)2, (unsigned int)1, (unsigned short)4>(ch_est::puschRxChEstStatDescr_t *, ch_est::puschRxChEstDynDescr_t *)"
3318832300,6944,177475,137,2,1,24,2,1,44,0.001,0.001,,,,,NVIDIA A100-SXM4-40GB MIG 4g.20gb (0),1,,13,"void ch_est::chEstFilterNoDftSOfdmDispatchKernel<float, __half, float, (unsigned int)2>(ch_est::puschRxChEstStatDescr_t *, ch_est::puschRxChEstDynDescr_t *)"
3318842572,5088,177476,137,2,1,24,2,1,44,0.001,0.001,,,,,NVIDIA A100-SXM4-40GB MIG 4g.20gb (0),1,,13,"void ch_est::chEstFilterNoDftSOfdmDispatchKernel<float, __half, float, (unsigned int)2>(ch_est::puschRxChEstStatDescr_t *, ch_est::puschRxChEstDynDescr_t *)"
3318854124,2688,177487,103,1,1,128,1,1,16,0.000,0.000,,,,,NVIDIA A100-SXM4-40GB MIG 4g.20gb (0),1,,13,cupy_copy__complex64_complex64
3318859788,12383,177497,1434,1,1,128,1,1,16,0.000,0.000,,,,,NVIDIA A100-SXM4-40GB MIG 4g.20gb (0),1,,13,cupy_copy__complex64_complex64
3318875723,2688,177504,103,1,1,128,1,1,16,0.000,0.000,,,,,NVIDIA A100-SXM4-40GB MIG 4g.20gb (0),1,,13,cupy_copy__complex64_complex64
3318881195,83391,177511,1,1,1,32,32,1,30,0.000,0.000,,,,,NVIDIA A100-SXM4-40GB MIG 4g.20gb (0),1,,13,"void convert_kernel<__half2, float2>(tensor_layout_any, T1 *, tensor_layout_any, const T2 *)"
3318994090,9632,177514,,,,,,,,,,0.094,9727.519,Pinned,Device,NVIDIA A100-SXM4-40GB MIG 4g.20gb (0),1,,13,[CUDA memcpy Host-to-Device]
3319010666,47711,177515,,,,,,,,,,35.810,750540.113,Device,,NVIDIA A100-SXM4-40GB MIG 4g.20gb (0),1,,13,[CUDA memset]
3319060841,3296,177517,,,,,,,,,,0.000,24.272,Pinned,Device,NVIDIA A100-SXM4-40GB MIG 4g.20gb (0),1,,13,[CUDA memcpy Host-to-Device]
3319069097,11296,177518,,,,,,,,,,0.197,17404.920,Pinned,Device,NVIDIA A100-SXM4-40GB MIG 4g.20gb (0),1,,13,[CUDA memcpy Host-to-Device]
3319090441,10464,177519,273,1,1,48,1,1,40,0.000,0.001,,,,,NVIDIA A100-SXM4-40GB MIG 4g.20gb (0),1,,13,"void pusch_noise_intf_est::noiseIntfEstNoDftSOfdmKernel<float, __half, float, float, (unsigned int)2, (unsigned int)1, (unsigned char)4, (unsigned char)4>(pusch_noise_intf_est::puschRxNoiseIntfEstDynDescr)"
3319102985,2848,177530,35,1,1,128,1,1,16,0.000,0.000,,,,,NVIDIA A100-SXM4-40GB MIG 4g.20gb (0),1,,13,cupy_copy__complex64_complex64
3319114152,2016,177539,1,1,1,1,1,1,18,0.000,0.000,,,,,NVIDIA A100-SXM4-40GB MIG 4g.20gb (0),1,,13,cupy_copy__float32_float32
3319149128,2016,177545,,,,,,,,,,0.000,1.984,Device,Pageable,NVIDIA A100-SXM4-40GB MIG 4g.20gb (0),1,,7,[CUDA memcpy Device-to-Host]
3319210855,13184,177556,1434,1,1,128,1,1,16,0.000,0.000,,,,,NVIDIA A100-SXM4-40GB MIG 4g.20gb (0),1,,13,cupy_copy__complex64_complex64
3319237223,2784,177563,103,1,1,128,1,1,16,0.000,0.000,,,,,NVIDIA A100-SXM4-40GB MIG 4g.20gb (0),1,,13,cupy_copy__complex64_complex64
3319258055,2304,177570,35,1,1,128,1,1,16,0.000,0.000,,,,,NVIDIA A100-SXM4-40GB MIG 4g.20gb (0),1,,13,cupy_copy__complex64_complex64
3319276070,1728,177577,1,1,1,1,1,1,18,0.000,0.000,,,,,NVIDIA A100-SXM4-40GB MIG 4g.20gb (0),1,,13,cupy_copy__float32_float32
3319409125,81855,177588,1,1,1,32,32,1,30,0.000,0.000,,,,,NVIDIA A100-SXM4-40GB MIG 4g.20gb (0),1,,13,"void convert_kernel<__half2, float2>(tensor_layout_any, T1 *, tensor_layout_any, const T2 *)"
3319518659,5408,177591,,,,,,,,,,0.094,17325.421,Pinned,Device,NVIDIA A100-SXM4-40GB MIG 4g.20gb (0),1,,13,[CUDA memcpy Host-to-Device]
3319533027,3264,177592,,,,,,,,,,1.547,473842.288,Device,,NVIDIA A100-SXM4-40GB MIG 4g.20gb (0),1,,13,[CUDA memset]
3319540099,3040,177597,,,,,,,,,,0.031,10294.725,Pinned,Device,NVIDIA A100-SXM4-40GB MIG 4g.20gb (0),1,,13,[CUDA memcpy Host-to-Device]
3319545667,9504,177598,,,,,,,,,,0.197,20686.701,Pinned,Device,NVIDIA A100-SXM4-40GB MIG 4g.20gb (0),1,,13,[CUDA memcpy Host-to-Device]
3319558691,6208,177599,273,1,1,8,4,1,39,0.002,0.000,,,,,NVIDIA A100-SXM4-40GB MIG 4g.20gb (0),1,,13,"void channel_eq::eqMmseCoefCompLowMimoKernel<float, float, float, (unsigned int)4, (unsigned int)1, (unsigned int)4>(const channel_eq::_puschRxChEqStatDescr *, channel_eq::_puschRxChEqCoefCompDynDescr)"
3319565987,6304,177600,273,1,1,12,11,1,51,0.002,0.000,,,,,NVIDIA A100-SXM4-40GB MIG 4g.20gb (0),1,,13,"void channel_eq::eqMmseSoftDemapKernel<float, __half, __half, float, (unsigned int)4, (unsigned short)16383>(channel_eq::_puschRxChEqStatDescr *, channel_eq::_puschRxChEqSoftDemapDynDescr)"
3319573219,282588,177601,1,1,1,32,32,1,30,0.000,0.000,,,,,NVIDIA A100-SXM4-40GB MIG 4g.20gb (0),1,,13,"void convert_kernel<float2, __half2>(tensor_layout_any, T1 *, tensor_layout_any, const T2 *)"
3319857919,11008,177613,2253,1,1,128,1,1,16,0.000,0.000,,,,,NVIDIA A100-SXM4-40GB MIG 4g.20gb (0),1,,13,cupy_copy__float16_float16
3319870879,3168,177622,282,1,1,128,1,1,16,0.000,0.000,,,,,NVIDIA A100-SXM4-40GB MIG 4g.20gb (0),1,,13,cupy_copy__complex64_complex64
3319875679,2048,177631,26,1,1,128,1,1,16,0.000,0.000,,,,,NVIDIA A100-SXM4-40GB MIG 4g.20gb (0),1,,13,cupy_copy__float32_float32
3319879967,3648,177640,103,1,1,128,1,1,16,0.000,0.000,,,,,NVIDIA A100-SXM4-40GB MIG 4g.20gb (0),1,,13,cupy_copy__complex64_complex64
3319886271,12064,177650,1434,1,1,128,1,1,16,0.000,0.000,,,,,NVIDIA A100-SXM4-40GB MIG 4g.20gb (0),1,,13,cupy_copy__complex64_complex64
3319910207,82623,177655,1,1,1,32,32,1,30,0.000,0.000,,,,,NVIDIA A100-SXM4-40GB MIG 4g.20gb (0),1,,13,"void convert_kernel<__half2, float2>(tensor_layout_any, T1 *, tensor_layout_any, const T2 *)"
3320019613,5408,177658,,,,,,,,,,0.094,17325.421,Pinned,Device,NVIDIA A100-SXM4-40GB MIG 4g.20gb (0),1,,13,[CUDA memcpy Host-to-Device]
3320029821,606265,177659,,,,,,,,,,456.561,752869.815,Device,,NVIDIA A100-SXM4-40GB MIG 4g.20gb (0),1,,13,[CUDA memset]
3320639350,73119,177664,,,,,,,,,,1.235,16889.094,Pinned,Device,NVIDIA A100-SXM4-40GB MIG 4g.20gb (0),1,,13,[CUDA memcpy Host-to-Device]
3320716757,14783,177665,,,,,,,,,,0.197,13299.548,Pinned,Device,NVIDIA A100-SXM4-40GB MIG 4g.20gb (0),1,,13,[CUDA memcpy Host-to-Device]
3320736820,8864,177666,69,4,1,48,1,1,76,0.002,0.000,,,,,NVIDIA A100-SXM4-40GB MIG 4g.20gb (0),1,,13,"void ch_est::windowedChEstPreNoDftSOfdmKernel<float, __half, float, (unsigned int)2, (unsigned int)1, (unsigned short)4>(ch_est::puschRxChEstStatDescr_t *, ch_est::puschRxChEstDynDescr_t *)"
3320747924,6304,177667,137,2,1,24,2,1,44,0.001,0.001,,,,,NVIDIA A100-SXM4-40GB MIG 4g.20gb (0),1,,13,"void ch_est::chEstFilterNoDftSOfdmDispatchKernel<float, __half, float, (unsigned int)2>(ch_est::puschRxChEstStatDescr_t *, ch_est::puschRxChEstDynDescr_t *)"
3320757652,5408,177668,137,2,1,24,2,1,44,0.001,0.001,,,,,NVIDIA A100-SXM4-40GB MIG 4g.20gb (0),1,,13,"void ch_est::chEstFilterNoDftSOfdmDispatchKernel<float, __half, float, (unsigned int)2>(ch_est::puschRxChEstStatDescr_t *, ch_est::puschRxChEstDynDescr_t *)"
3320767988,2496,177679,103,1,1,128,1,1,16,0.000,0.000,,,,,NVIDIA A100-SXM4-40GB MIG 4g.20gb (0),1,,13,cupy_copy__complex64_complex64
3320774740,12800,177689,1434,1,1,128,1,1,16,0.000,0.000,,,,,NVIDIA A100-SXM4-40GB MIG 4g.20gb (0),1,,13,cupy_copy__complex64_complex64
3320794580,2592,177696,103,1,1,128,1,1,16,0.000,0.000,,,,,NVIDIA A100-SXM4-40GB MIG 4g.20gb (0),1,,13,cupy_copy__complex64_complex64
3320802036,84159,177703,1,1,1,32,32,1,30,0.000,0.000,,,,,NVIDIA A100-SXM4-40GB MIG 4g.20gb (0),1,,13,"void convert_kernel<__half2, float2>(tensor_layout_any, T1 *, tensor_layout_any, const T2 *)"
3320914930,10048,177706,,,,,,,,,,0.094,9324.813,Pinned,Device,NVIDIA A100-SXM4-40GB MIG 4g.20gb (0),1,,13,[CUDA memcpy Host-to-Device]
3320931794,47135,177707,,,,,,,,,,35.810,759707.453,Device,,NVIDIA A100-SXM4-40GB MIG 4g.20gb (0),1,,13,[CUDA memset]
3320987505,3712,177709,,,,,,,,,,0.000,21.552,Pinned,Device,NVIDIA A100-SXM4-40GB MIG 4g.20gb (0),1,,13,[CUDA memcpy Host-to-Device]
3320994673,12736,177710,,,,,,,,,,0.197,15437.070,Pinned,Device,NVIDIA A100-SXM4-40GB MIG 4g.20gb (0),1,,13,[CUDA memcpy Host-to-Device]
3321013329,11712,177711,273,1,1,48,1,1,40,0.000,0.001,,,,,NVIDIA A100-SXM4-40GB MIG 4g.20gb (0),1,,13,"void pusch_noise_intf_est::noiseIntfEstNoDftSOfdmKernel<float, __half, float, float, (unsigned int)2, (unsigned int)1, (unsigned char)4, (unsigned char)4>(pusch_noise_intf_est::puschRxNoiseIntfEstDynDescr)"
3321026737,3104,177722,35,1,1,128,1,1,16,0.000,0.000,,,,,NVIDIA A100-SXM4-40GB MIG 4g.20gb (0),1,,13,cupy_copy__complex64_complex64
3321038705,2048,177731,1,1,1,1,1,1,18,0.000,0.000,,,,,NVIDIA A100-SXM4-40GB MIG 4g.20gb (0),1,,13,cupy_copy__float32_float32
3321069936,1600,177737,,,,,,,,,,0.000,2.500,Device,Pageable,NVIDIA A100-SXM4-40GB MIG 4g.20gb (0),1,,7,[CUDA memcpy Device-to-Host]
3321130096,12927,177748,1434,1,1,128,1,1,16,0.000,0.000,,,,,NVIDIA A100-SXM4-40GB MIG 4g.20gb (0),1,,13,cupy_copy__complex64_complex64
3321155791,2880,177755,103,1,1,128,1,1,16,0.000,0.000,,,,,NVIDIA A100-SXM4-40GB MIG 4g.20gb (0),1,,13,cupy_copy__complex64_complex64
3321176463,2176,177762,35,1,1,128,1,1,16,0.000,0.000,,,,,NVIDIA A100-SXM4-40GB MIG 4g.20gb (0),1,,13,cupy_copy__complex64_complex64
3321195247,1792,177769,1,1,1,1,1,1,18,0.000,0.000,,,,,NVIDIA A100-SXM4-40GB MIG 4g.20gb (0),1,,13,cupy_copy__float32_float32
3321329389,87135,177780,1,1,1,32,32,1,30,0.000,0.000,,,,,NVIDIA A100-SXM4-40GB MIG 4g.20gb (0),1,,13,"void convert_kernel<__half2, float2>(tensor_layout_any, T1 *, tensor_layout_any, const T2 *)"
3321444300,5376,177783,,,,,,,,,,0.094,17428.487,Pinned,Device,NVIDIA A100-SXM4-40GB MIG 4g.20gb (0),1,,13,[CUDA memcpy Host-to-Device]
3321459851,3328,177784,,,,,,,,,,1.547,464729.580,Device,,NVIDIA A100-SXM4-40GB MIG 4g.20gb (0),1,,13,[CUDA memset]
3321465611,3360,177789,,,,,,,,,,0.031,9314.284,Pinned,Device,NVIDIA A100-SXM4-40GB MIG 4g.20gb (0),1,,13,[CUDA memcpy Host-to-Device]
3321471051,9472,177790,,,,,,,,,,0.197,20756.693,Pinned,Device,NVIDIA A100-SXM4-40GB MIG 4g.20gb (0),1,,13,[CUDA memcpy Host-to-Device]
3321484523,8128,177791,273,1,1,8,4,1,39,0.002,0.000,,,,,NVIDIA A100-SXM4-40GB MIG 4g.20gb (0),1,,13,"void channel_eq::eqMmseCoefCompLowMimoKernel<float, float, float, (unsigned int)4, (unsigned int)1, (unsigned int)4>(const channel_eq::_puschRxChEqStatDescr *, channel_eq::_puschRxChEqCoefCompDynDescr)"
3321494731,5888,177792,273,1,1,12,11,1,51,0.002,0.000,,,,,NVIDIA A100-SXM4-40GB MIG 4g.20gb (0),1,,13,"void channel_eq::eqMmseSoftDemapKernel<float, __half, __half, float, (unsigned int)4, (unsigned short)16383>(channel_eq::_puschRxChEqStatDescr *, channel_eq::_puschRxChEqSoftDemapDynDescr)"
3321503819,282236,177793,1,1,1,32,32,1,30,0.000,0.000,,,,,NVIDIA A100-SXM4-40GB MIG 4g.20gb (0),1,,13,"void convert_kernel<float2, __half2>(tensor_layout_any, T1 *, tensor_layout_any, const T2 *)"
3321787015,10912,177805,2253,1,1,128,1,1,16,0.000,0.000,,,,,NVIDIA A100-SXM4-40GB MIG 4g.20gb (0),1,,13,cupy_copy__float16_float16
3321799623,3616,177814,282,1,1,128,1,1,16,0.000,0.000,,,,,NVIDIA A100-SXM4-40GB MIG 4g.20gb (0),1,,13,cupy_copy__complex64_complex64
3321806215,2112,177823,26,1,1,128,1,1,16,0.000,0.000,,,,,NVIDIA A100-SXM4-40GB MIG 4g.20gb (0),1,,13,cupy_copy__float32_float32
3321811463,3104,177832,103,1,1,128,1,1,16,0.000,0.000,,,,,NVIDIA A100-SXM4-40GB MIG 4g.20gb (0),1,,13,cupy_copy__complex64_complex64
3321815687,11840,177842,1434,1,1,128,1,1,16,0.000,0.000,,,,,NVIDIA A100-SXM4-40GB MIG 4g.20gb (0),1,,13,cupy_copy__complex64_complex64
3321836327,87007,177847,1,1,1,32,32,1,30,0.000,0.000,,,,,NVIDIA A100-SXM4-40GB MIG 4g.20gb (0),1,,13,"void convert_kernel<__half2, float2>(tensor_layout_any, T1 *, tensor_layout_any, const T2 *)"
3321950117,5536,177850,,,,,,,,,,0.094,16924.777,Pinned,Device,NVIDIA A100-SXM4-40GB MIG 4g.20gb (0),1,,13,[CUDA memcpy Host-to-Device]
3321962117,601049,177851,,,,,,,,,,456.561,759261.675,Device,,NVIDIA A100-SXM4-40GB MIG 4g.20gb (0),1,,13,[CUDA memset]
3322569246,68031,177856,,,,,,,,,,1.235,18152.442,Pinned,Device,NVIDIA A100-SXM4-40GB MIG 4g.20gb (0),1,,13,[CUDA memcpy Host-to-Device]
3322640541,15104,177857,,,,,,,,,,0.197,13016.826,Pinned,Device,NVIDIA A100-SXM4-40GB MIG 4g.20gb (0),1,,13,[CUDA memcpy Host-to-Device]
3322663197,7615,177858,69,4,1,48,1,1,76,0.002,0.000,,,,,NVIDIA A100-SXM4-40GB MIG 4g.20gb (0),1,,13,"void ch_est::windowedChEstPreNoDftSOfdmKernel<float, __half, float, (unsigned int)2, (unsigned int)1, (unsigned short)4>(ch_est::puschRxChEstStatDescr_t *, ch_est::puschRxChEstDynDescr_t *)"
3322674556,6336,177859,137,2,1,24,2,1,44,0.001,0.001,,,,,NVIDIA A100-SXM4-40GB MIG 4g.20gb (0),1,,13,"void ch_est::chEstFilterNoDftSOfdmDispatchKernel<float, __half, float, (unsigned int)2>(ch_est::puschRxChEstStatDescr_t *, ch_est::puschRxChEstDynDescr_t *)"
3322685564,5184,177860,137,2,1,24,2,1,44,0.001,0.001,,,,,NVIDIA A100-SXM4-40GB MIG 4g.20gb (0),1,,13,"void ch_est::chEstFilterNoDftSOfdmDispatchKernel<float, __half, float, (unsigned int)2>(ch_est::puschRxChEstStatDescr_t *, ch_est::puschRxChEstDynDescr_t *)"
3322694108,2592,177871,103,1,1,128,1,1,16,0.000,0.000,,,,,NVIDIA A100-SXM4-40GB MIG 4g.20gb (0),1,,13,cupy_copy__complex64_complex64
3322699292,12448,177881,1434,1,1,128,1,1,16,0.000,0.000,,,,,NVIDIA A100-SXM4-40GB MIG 4g.20gb (0),1,,13,cupy_copy__complex64_complex64
3322715580,2752,177888,103,1,1,128,1,1,16,0.000,0.000,,,,,NVIDIA A100-SXM4-40GB MIG 4g.20gb (0),1,,13,cupy_copy__complex64_complex64
3322722108,83583,177895,1,1,1,32,32,1,30,0.000,0.000,,,,,NVIDIA A100-SXM4-40GB MIG 4g.20gb (0),1,,13,"void convert_kernel<__half2, float2>(tensor_layout_any, T1 *, tensor_layout_any, const T2 *)"
3322833658,7392,177898,,,,,,,,,,0.094,12675.289,Pinned,Device,NVIDIA A100-SXM4-40GB MIG 4g.20gb (0),1,,13,[CUDA memcpy Host-to-Device]
3322856442,47360,177899,,,,,,,,,,35.810,756090.651,Device,,NVIDIA A100-SXM4-40GB MIG 4g.20gb (0),1,,13,[CUDA memset]
3322904506,4000,177901,,,,,,,,,,0.000,20.000,Pinned,Device,NVIDIA A100-SXM4-40GB MIG 4g.20gb (0),1,,13,[CUDA memcpy Host-to-Device]
3322912473,12512,177902,,,,,,,,,,0.197,15713.501,Pinned,Device,NVIDIA A100-SXM4-40GB MIG 4g.20gb (0),1,,13,[CUDA memcpy Host-to-Device]
3322934457,9760,177903,273,1,1,48,1,1,40,0.000,0.001,,,,,NVIDIA A100-SXM4-40GB MIG 4g.20gb (0),1,,13,"void pusch_noise_intf_est::noiseIntfEstNoDftSOfdmKernel<float, __half, float, float, (unsigned int)2, (unsigned int)1, (unsigned char)4, (unsigned char)4>(pusch_noise_intf_est::puschRxNoiseIntfEstDynDescr)"
3322948377,3008,177914,35,1,1,128,1,1,16,0.000,0.000,,,,,NVIDIA A100-SXM4-40GB MIG 4g.20gb (0),1,,13,cupy_copy__complex64_complex64
3322964569,1824,177923,1,1,1,1,1,1,18,0.000,0.000,,,,,NVIDIA A100-SXM4-40GB MIG 4g.20gb (0),1,,13,cupy_copy__float32_float32
3322995608,1760,177929,,,,,,,,,,0.000,2.273,Device,Pageable,NVIDIA A100-SXM4-40GB MIG 4g.20gb (0),1,,7,[CUDA memcpy Device-to-Host]
3323055416,13120,177940,1434,1,1,128,1,1,16,0.000,0.000,,,,,NVIDIA A100-SXM4-40GB MIG 4g.20gb (0),1,,13,cupy_copy__complex64_complex64
3323083319,3232,177947,103,1,1,128,1,1,16,0.000,0.000,,,,,NVIDIA A100-SXM4-40GB MIG 4g.20gb (0),1,,13,cupy_copy__complex64_complex64
3323103927,2176,177954,35,1,1,128,1,1,16,0.000,0.000,,,,,NVIDIA A100-SXM4-40GB MIG 4g.20gb (0),1,,13,cupy_copy__complex64_complex64
3323122391,1760,177961,1,1,1,1,1,1,18,0.000,0.000,,,,,NVIDIA A100-SXM4-40GB MIG 4g.20gb (0),1,,13,cupy_copy__float32_float32
3323253429,87391,177972,1,1,1,32,32,1,30,0.000,0.000,,,,,NVIDIA A100-SXM4-40GB MIG 4g.20gb (0),1,,13,"void convert_kernel<__half2, float2>(tensor_layout_any, T1 *, tensor_layout_any, const T2 *)"
3323368084,5408,177975,,,,,,,,,,0.094,17325.421,Pinned,Device,NVIDIA A100-SXM4-40GB MIG 4g.20gb (0),1,,13,[CUDA memcpy Host-to-Device]
3323382516,3520,177976,,,,,,,,,,1.547,439380.412,Device,,NVIDIA A100-SXM4-40GB MIG 4g.20gb (0),1,,13,[CUDA memset]
3323389492,3360,177981,,,,,,,,,,0.031,9314.284,Pinned,Device,NVIDIA A100-SXM4-40GB MIG 4g.20gb (0),1,,13,[CUDA memcpy Host-to-Device]
3323395316,9407,177982,,,,,,,,,,0.197,20900.020,Pinned,Device,NVIDIA A100-SXM4-40GB MIG 4g.20gb (0),1,,13,[CUDA memcpy Host-to-Device]
3323408979,6688,177983,273,1,1,8,4,1,39,0.002,0.000,,,,,NVIDIA A100-SXM4-40GB MIG 4g.20gb (0),1,,13,"void channel_eq::eqMmseCoefCompLowMimoKernel<float, float, float, (unsigned int)4, (unsigned int)1, (unsigned int)4>(const channel_eq::_puschRxChEqStatDescr *, channel_eq::_puschRxChEqCoefCompDynDescr)"
3323416627,6048,177984,273,1,1,12,11,1,51,0.002,0.000,,,,,NVIDIA A100-SXM4-40GB MIG 4g.20gb (0),1,,13,"void channel_eq::eqMmseSoftDemapKernel<float, __half, __half, float, (unsigned int)4, (unsigned short)16383>(channel_eq::_puschRxChEqStatDescr *, channel_eq::_puschRxChEqSoftDemapDynDescr)"
3323423859,282749,177985,1,1,1,32,32,1,30,0.000,0.000,,,,,NVIDIA A100-SXM4-40GB MIG 4g.20gb (0),1,,13,"void convert_kernel<float2, __half2>(tensor_layout_any, T1 *, tensor_layout_any, const T2 *)"
3323707632,11040,177997,2253,1,1,128,1,1,16,0.000,0.000,,,,,NVIDIA A100-SXM4-40GB MIG 4g.20gb (0),1,,13,cupy_copy__float16_float16
3323720911,3776,178006,282,1,1,128,1,1,16,0.000,0.000,,,,,NVIDIA A100-SXM4-40GB MIG 4g.20gb (0),1,,13,cupy_copy__complex64_complex64
3323727567,2048,178015,26,1,1,128,1,1,16,0.000,0.000,,,,,NVIDIA A100-SXM4-40GB MIG 4g.20gb (0),1,,13,cupy_copy__float32_float32
3323732143,3808,178024,103,1,1,128,1,1,16,0.000,0.000,,,,,NVIDIA A100-SXM4-40GB MIG 4g.20gb (0),1,,13,cupy_copy__complex64_complex64
3323737007,12608,178034,1434,1,1,128,1,1,16,0.000,0.000,,,,,NVIDIA A100-SXM4-40GB MIG 4g.20gb (0),1,,13,cupy_copy__complex64_complex64
3323759055,82495,178039,1,1,1,32,32,1,30,0.000,0.000,,,,,NVIDIA A100-SXM4-40GB MIG 4g.20gb (0),1,,13,"void convert_kernel<__half2, float2>(tensor_layout_any, T1 *, tensor_layout_any, const T2 *)"
3323868654,5344,178042,,,,,,,,,,0.094,17532.864,Pinned,Device,NVIDIA A100-SXM4-40GB MIG 4g.20gb (0),1,,13,[CUDA memcpy Host-to-Device]
3323879374,602040,178043,,,,,,,,,,456.561,758348.552,Device,,NVIDIA A100-SXM4-40GB MIG 4g.20gb (0),1,,13,[CUDA memset]
3324486662,69823,178048,,,,,,,,,,1.235,17685.633,Pinned,Device,NVIDIA A100-SXM4-40GB MIG 4g.20gb (0),1,,13,[CUDA memcpy Host-to-Device]
3324560741,15392,178049,,,,,,,,,,0.197,12773.229,Pinned,Device,NVIDIA A100-SXM4-40GB MIG 4g.20gb (0),1,,13,[CUDA memcpy Host-to-Device]
3324585029,8224,178050,69,4,1,48,1,1,76,0.002,0.000,,,,,NVIDIA A100-SXM4-40GB MIG 4g.20gb (0),1,,13,"void ch_est::windowedChEstPreNoDftSOfdmKernel<float, __half, float, (unsigned int)2, (unsigned int)1, (unsigned short)4>(ch_est::puschRxChEstStatDescr_t *, ch_est::puschRxChEstDynDescr_t *)"
3324596453,7200,178051,137,2,1,24,2,1,44,0.001,0.001,,,,,NVIDIA A100-SXM4-40GB MIG 4g.20gb (0),1,,13,"void ch_est::chEstFilterNoDftSOfdmDispatchKernel<float, __half, float, (unsigned int)2>(ch_est::puschRxChEstStatDescr_t *, ch_est::puschRxChEstDynDescr_t *)"
3324607589,5247,178052,137,2,1,24,2,1,44,0.001,0.001,,,,,NVIDIA A100-SXM4-40GB MIG 4g.20gb (0),1,,13,"void ch_est::chEstFilterNoDftSOfdmDispatchKernel<float, __half, float, (unsigned int)2>(ch_est::puschRxChEstStatDescr_t *, ch_est::puschRxChEstDynDescr_t *)"
3324617796,2752,178063,103,1,1,128,1,1,16,0.000,0.000,,,,,NVIDIA A100-SXM4-40GB MIG 4g.20gb (0),1,,13,cupy_copy__complex64_complex64
3324623332,12992,178073,1434,1,1,128,1,1,16,0.000,0.000,,,,,NVIDIA A100-SXM4-40GB MIG 4g.20gb (0),1,,13,cupy_copy__complex64_complex64
3324644036,2496,178080,103,1,1,128,1,1,16,0.000,0.000,,,,,NVIDIA A100-SXM4-40GB MIG 4g.20gb (0),1,,13,cupy_copy__complex64_complex64
3324651780,84735,178087,1,1,1,32,32,1,30,0.000,0.000,,,,,NVIDIA A100-SXM4-40GB MIG 4g.20gb (0),1,,13,"void convert_kernel<__half2, float2>(tensor_layout_any, T1 *, tensor_layout_any, const T2 *)"
3324764483,9311,178090,,,,,,,,,,0.094,10062.857,Pinned,Device,NVIDIA A100-SXM4-40GB MIG 4g.20gb (0),1,,13,[CUDA memcpy Host-to-Device]
3324779778,47648,178091,,,,,,,,,,35.810,751542.791,Device,,NVIDIA A100-SXM4-40GB MIG 4g.20gb (0),1,,13,[CUDA memset]
3324833602,2528,178093,,,,,,,,,,0.000,31.646,Pinned,Device,NVIDIA A100-SXM4-40GB MIG 4g.20gb (0),1,,13,[CUDA memcpy Host-to-Device]
3324839938,13279,178094,,,,,,,,,,0.197,14805.762,Pinned,Device,NVIDIA A100-SXM4-40GB MIG 4g.20gb (0),1,,13,[CUDA memcpy Host-to-Device]
3324863265,10432,178095,273,1,1,48,1,1,40,0.000,0.001,,,,,NVIDIA A100-SXM4-40GB MIG 4g.20gb (0),1,,13,"void pusch_noise_intf_est::noiseIntfEstNoDftSOfdmKernel<float, __half, float, float, (unsigned int)2, (unsigned int)1, (unsigned char)4, (unsigned char)4>(pusch_noise_intf_est::puschRxNoiseIntfEstDynDescr)"
3324877409,2944,178106,35,1,1,128,1,1,16,0.000,0.000,,,,,NVIDIA A100-SXM4-40GB MIG 4g.20gb (0),1,,13,cupy_copy__complex64_complex64
3324888161,1920,178115,1,1,1,1,1,1,18,0.000,0.000,,,,,NVIDIA A100-SXM4-40GB MIG 4g.20gb (0),1,,13,cupy_copy__float32_float32
3324920161,1728,178121,,,,,,,,,,0.000,2.315,Device,Pageable,NVIDIA A100-SXM4-40GB MIG 4g.20gb (0),1,,7,[CUDA memcpy Device-to-Host]
3324980416,13248,178132,1434,1,1,128,1,1,16,0.000,0.000,,,,,NVIDIA A100-SXM4-40GB MIG 4g.20gb (0),1,,13,cupy_copy__complex64_complex64
3325008704,2560,178139,103,1,1,128,1,1,16,0.000,0.000,,,,,NVIDIA A100-SXM4-40GB MIG 4g.20gb (0),1,,13,cupy_copy__complex64_complex64
3325030079,2720,178146,35,1,1,128,1,1,16,0.000,0.000,,,,,NVIDIA A100-SXM4-40GB MIG 4g.20gb (0),1,,13,cupy_copy__complex64_complex64
3325046367,1824,178153,1,1,1,1,1,1,18,0.000,0.000,,,,,NVIDIA A100-SXM4-40GB MIG 4g.20gb (0),1,,13,cupy_copy__float32_float32
3325178429,81919,178164,1,1,1,32,32,1,30,0.000,0.000,,,,,NVIDIA A100-SXM4-40GB MIG 4g.20gb (0),1,,13,"void convert_kernel<__half2, float2>(tensor_layout_any, T1 *, tensor_layout_any, const T2 *)"
3325287836,5760,178167,,,,,,,,,,0.094,16266.656,Pinned,Device,NVIDIA A100-SXM4-40GB MIG 4g.20gb (0),1,,13,[CUDA memcpy Host-to-Device]
3325302332,3264,178168,,,,,,,,,,1.547,473842.288,Device,,NVIDIA A100-SXM4-40GB MIG 4g.20gb (0),1,,13,[CUDA memset]
3325309340,3040,178173,,,,,,,,,,0.031,10294.725,Pinned,Device,NVIDIA A100-SXM4-40GB MIG 4g.20gb (0),1,,13,[CUDA memcpy Host-to-Device]
3325315100,9376,178174,,,,,,,,,,0.197,20969.226,Pinned,Device,NVIDIA A100-SXM4-40GB MIG 4g.20gb (0),1,,13,[CUDA memcpy Host-to-Device]
3325328124,5920,178175,273,1,1,8,4,1,39,0.002,0.000,,,,,NVIDIA A100-SXM4-40GB MIG 4g.20gb (0),1,,13,"void channel_eq::eqMmseCoefCompLowMimoKernel<float, float, float, (unsigned int)4, (unsigned int)1, (unsigned int)4>(const channel_eq::_puschRxChEqStatDescr *, channel_eq::_puschRxChEqCoefCompDynDescr)"
3325335164,6303,178176,273,1,1,12,11,1,51,0.002,0.000,,,,,NVIDIA A100-SXM4-40GB MIG 4g.20gb (0),1,,13,"void channel_eq::eqMmseSoftDemapKernel<float, __half, __half, float, (unsigned int)4, (unsigned short)16383>(channel_eq::_puschRxChEqStatDescr *, channel_eq::_puschRxChEqSoftDemapDynDescr)"
3325342459,291133,178177,1,1,1,32,32,1,30,0.000,0.000,,,,,NVIDIA A100-SXM4-40GB MIG 4g.20gb (0),1,,13,"void convert_kernel<float2, __half2>(tensor_layout_any, T1 *, tensor_layout_any, const T2 *)"
3325634712,10912,178189,2253,1,1,128,1,1,16,0.000,0.000,,,,,NVIDIA A100-SXM4-40GB MIG 4g.20gb (0),1,,13,cupy_copy__float16_float16
3325649272,3040,178198,282,1,1,128,1,1,16,0.000,0.000,,,,,NVIDIA A100-SXM4-40GB MIG 4g.20gb (0),1,,13,cupy_copy__complex64_complex64
3325654040,2112,178207,26,1,1,128,1,1,16,0.000,0.000,,,,,NVIDIA A100-SXM4-40GB MIG 4g.20gb (0),1,,13,cupy_copy__float32_float32
3325658584,4575,178216,103,1,1,128,1,1,16,0.000,0.000,,,,,NVIDIA A100-SXM4-40GB MIG 4g.20gb (0),1,,13,cupy_copy__complex64_complex64
3325665463,12608,178226,1434,1,1,128,1,1,16,0.000,0.000,,,,,NVIDIA A100-SXM4-40GB MIG 4g.20gb (0),1,,13,cupy_copy__complex64_complex64
3325680727,82271,178231,1,1,1,32,32,1,30,0.000,0.000,,,,,NVIDIA A100-SXM4-40GB MIG 4g.20gb (0),1,,13,"void convert_kernel<__half2, float2>(tensor_layout_any, T1 *, tensor_layout_any, const T2 *)"
3325789622,5568,178234,,,,,,,,,,0.094,16827.521,Pinned,Device,NVIDIA A100-SXM4-40GB MIG 4g.20gb (0),1,,13,[CUDA memcpy Host-to-Device]
3325799382,603000,178235,,,,,,,,,,456.561,756978.868,Device,,NVIDIA A100-SXM4-40GB MIG 4g.20gb (0),1,,13,[CUDA memset]
3326410222,70783,178240,,,,,,,,,,1.235,17446.054,Pinned,Device,NVIDIA A100-SXM4-40GB MIG 4g.20gb (0),1,,13,[CUDA memcpy Host-to-Device]
3326485133,14784,178241,,,,,,,,,,0.197,13298.565,Pinned,Device,NVIDIA A100-SXM4-40GB MIG 4g.20gb (0),1,,13,[CUDA memcpy Host-to-Device]
3326509101,8000,178242,69,4,1,48,1,1,76,0.002,0.000,,,,,NVIDIA A100-SXM4-40GB MIG 4g.20gb (0),1,,13,"void ch_est::windowedChEstPreNoDftSOfdmKernel<float, __half, float, (unsigned int)2, (unsigned int)1, (unsigned short)4>(ch_est::puschRxChEstStatDescr_t *, ch_est::puschRxChEstDynDescr_t *)"
3326520813,6656,178243,137,2,1,24,2,1,44,0.001,0.001,,,,,NVIDIA A100-SXM4-40GB MIG 4g.20gb (0),1,,13,"void ch_est::chEstFilterNoDftSOfdmDispatchKernel<float, __half, float, (unsigned int)2>(ch_est::puschRxChEstStatDescr_t *, ch_est::puschRxChEstDynDescr_t *)"
3326532141,5184,178244,137,2,1,24,2,1,44,0.001,0.001,,,,,NVIDIA A100-SXM4-40GB MIG 4g.20gb (0),1,,13,"void ch_est::chEstFilterNoDftSOfdmDispatchKernel<float, __half, float, (unsigned int)2>(ch_est::puschRxChEstStatDescr_t *, ch_est::puschRxChEstDynDescr_t *)"
3326544141,2752,178255,103,1,1,128,1,1,16,0.000,0.000,,,,,NVIDIA A100-SXM4-40GB MIG 4g.20gb (0),1,,13,cupy_copy__complex64_complex64
3326549709,12671,178265,1434,1,1,128,1,1,16,0.000,0.000,,,,,NVIDIA A100-SXM4-40GB MIG 4g.20gb (0),1,,13,cupy_copy__complex64_complex64
3326568492,2848,178272,103,1,1,128,1,1,16,0.000,0.000,,,,,NVIDIA A100-SXM4-40GB MIG 4g.20gb (0),1,,13,cupy_copy__complex64_complex64
3326575020,93311,178279,1,1,1,32,32,1,30,0.000,0.000,,,,,NVIDIA A100-SXM4-40GB MIG 4g.20gb (0),1,,13,"void convert_kernel<__half2, float2>(tensor_layout_any, T1 *, tensor_layout_any, const T2 *)"
3326697579,9920,178282,,,,,,,,,,0.094,9445.119,Pinned,Device,NVIDIA A100-SXM4-40GB MIG 4g.20gb (0),1,,13,[CUDA memcpy Host-to-Device]
3326717162,47104,178283,,,,,,,,,,35.810,760208.792,Device,,NVIDIA A100-SXM4-40GB MIG 4g.20gb (0),1,,13,[CUDA memset]
3326766922,3808,178285,,,,,,,,,,0.000,21.008,Pinned,Device,NVIDIA A100-SXM4-40GB MIG 4g.20gb (0),1,,13,[CUDA memcpy Host-to-Device]
3326773290,12608,178286,,,,,,,,,,0.197,15593.767,Pinned,Device,NVIDIA A100-SXM4-40GB MIG 4g.20gb (0),1,,13,[CUDA memcpy Host-to-Device]
3326791018,10239,178287,273,1,1,48,1,1,40,0.000,0.001,,,,,NVIDIA A100-SXM4-40GB MIG 4g.20gb (0),1,,13,"void pusch_noise_intf_est::noiseIntfEstNoDftSOfdmKernel<float, __half, float, float, (unsigned int)2, (unsigned int)1, (unsigned char)4, (unsigned char)4>(pusch_noise_intf_est::puschRxNoiseIntfEstDynDescr)"
3326805705,3040,178298,35,1,1,128,1,1,16,0.000,0.000,,,,,NVIDIA A100-SXM4-40GB MIG 4g.20gb (0),1,,13,cupy_copy__complex64_complex64
3326820937,1984,178307,1,1,1,1,1,1,18,0.000,0.000,,,,,NVIDIA A100-SXM4-40GB MIG 4g.20gb (0),1,,13,cupy_copy__float32_float32
3326857289,1600,178313,,,,,,,,,,0.000,2.500,Device,Pageable,NVIDIA A100-SXM4-40GB MIG 4g.20gb (0),1,,7,[CUDA memcpy Device-to-Host]
3326917608,13024,178324,1434,1,1,128,1,1,16,0.000,0.000,,,,,NVIDIA A100-SXM4-40GB MIG 4g.20gb (0),1,,13,cupy_copy__complex64_complex64
3326944232,2784,178331,103,1,1,128,1,1,16,0.000,0.000,,,,,NVIDIA A100-SXM4-40GB MIG 4g.20gb (0),1,,13,cupy_copy__complex64_complex64
3326965191,2784,178338,35,1,1,128,1,1,16,0.000,0.000,,,,,NVIDIA A100-SXM4-40GB MIG 4g.20gb (0),1,,13,cupy_copy__complex64_complex64
3326982887,1792,178345,1,1,1,1,1,1,18,0.000,0.000,,,,,NVIDIA A100-SXM4-40GB MIG 4g.20gb (0),1,,13,cupy_copy__float32_float32
3327115686,80895,178356,1,1,1,32,32,1,30,0.000,0.000,,,,,NVIDIA A100-SXM4-40GB MIG 4g.20gb (0),1,,13,"void convert_kernel<__half2, float2>(tensor_layout_any, T1 *, tensor_layout_any, const T2 *)"
3327224036,5440,178359,,,,,,,,,,0.094,17223.480,Pinned,Device,NVIDIA A100-SXM4-40GB MIG 4g.20gb (0),1,,13,[CUDA memcpy Host-to-Device]
3327240292,3520,178360,,,,,,,,,,1.547,439380.412,Device,,NVIDIA A100-SXM4-40GB MIG 4g.20gb (0),1,,13,[CUDA memset]
3327245348,3040,178365,,,,,,,,,,0.031,10294.725,Pinned,Device,NVIDIA A100-SXM4-40GB MIG 4g.20gb (0),1,,13,[CUDA memcpy Host-to-Device]
3327250852,9472,178366,,,,,,,,,,0.197,20756.693,Pinned,Device,NVIDIA A100-SXM4-40GB MIG 4g.20gb (0),1,,13,[CUDA memcpy Host-to-Device]
3327264676,9472,178367,273,1,1,8,4,1,39,0.002,0.000,,,,,NVIDIA A100-SXM4-40GB MIG 4g.20gb (0),1,,13,"void channel_eq::eqMmseCoefCompLowMimoKernel<float, float, float, (unsigned int)4, (unsigned int)1, (unsigned int)4>(const channel_eq::_puschRxChEqStatDescr *, channel_eq::_puschRxChEqCoefCompDynDescr)"
3327275908,5791,178368,273,1,1,12,11,1,51,0.002,0.000,,,,,NVIDIA A100-SXM4-40GB MIG 4g.20gb (0),1,,13,"void channel_eq::eqMmseSoftDemapKernel<float, __half, __half, float, (unsigned int)4, (unsigned short)16383>(channel_eq::_puschRxChEqStatDescr *, channel_eq::_puschRxChEqSoftDemapDynDescr)"
3327283619,282781,178369,1,1,1,32,32,1,30,0.000,0.000,,,,,NVIDIA A100-SXM4-40GB MIG 4g.20gb (0),1,,13,"void convert_kernel<float2, __half2>(tensor_layout_any, T1 *, tensor_layout_any, const T2 *)"
3327567392,11072,178381,2253,1,1,128,1,1,16,0.000,0.000,,,,,NVIDIA A100-SXM4-40GB MIG 4g.20gb (0),1,,13,cupy_copy__float16_float16
3327581632,3456,178390,282,1,1,128,1,1,16,0.000,0.000,,,,,NVIDIA A100-SXM4-40GB MIG 4g.20gb (0),1,,13,cupy_copy__complex64_complex64
3327587392,2112,178399,26,1,1,128,1,1,16,0.000,0.000,,,,,NVIDIA A100-SXM4-40GB MIG 4g.20gb (0),1,,13,cupy_copy__float32_float32
3327592032,3584,178408,103,1,1,128,1,1,16,0.000,0.000,,,,,NVIDIA A100-SXM4-40GB MIG 4g.20gb (0),1,,13,cupy_copy__complex64_complex64
3327596608,11743,178418,1434,1,1,128,1,1,16,0.000,0.000,,,,,NVIDIA A100-SXM4-40GB MIG 4g.20gb (0),1,,13,cupy_copy__complex64_complex64
3327615199,82687,178423,1,1,1,32,32,1,30,0.000,0.000,,,,,NVIDIA A100-SXM4-40GB MIG 4g.20gb (0),1,,13,"void convert_kernel<__half2, float2>(tensor_layout_any, T1 *, tensor_layout_any, const T2 *)"
3327724574,5568,178426,,,,,,,,,,0.094,16827.521,Pinned,Device,NVIDIA A100-SXM4-40GB MIG 4g.20gb (0),1,,13,[CUDA memcpy Host-to-Device]
3327734302,600888,178427,,,,,,,,,,456.561,759718.236,Device,,NVIDIA A100-SXM4-40GB MIG 4g.20gb (0),1,,13,[CUDA memset]
3328343510,66240,178432,,,,,,,,,,1.235,18642.715,Pinned,Device,NVIDIA A100-SXM4-40GB MIG 4g.20gb (0),1,,13,[CUDA memcpy Host-to-Device]
3328412437,15264,178433,,,,,,,,,,0.197,12880.380,Pinned,Device,NVIDIA A100-SXM4-40GB MIG 4g.20gb (0),1,,13,[CUDA memcpy Host-to-Device]
3328435541,8544,178434,69,4,1,48,1,1,76,0.002,0.000,,,,,NVIDIA A100-SXM4-40GB MIG 4g.20gb (0),1,,13,"void ch_est::windowedChEstPreNoDftSOfdmKernel<float, __half, float, (unsigned int)2, (unsigned int)1, (unsigned short)4>(ch_est::puschRxChEstStatDescr_t *, ch_est::puschRxChEstDynDescr_t *)"
3328449909,6560,178435,137,2,1,24,2,1,44,0.001,0.001,,,,,NVIDIA A100-SXM4-40GB MIG 4g.20gb (0),1,,13,"void ch_est::chEstFilterNoDftSOfdmDispatchKernel<float, __half, float, (unsigned int)2>(ch_est::puschRxChEstStatDescr_t *, ch_est::puschRxChEstDynDescr_t *)"
3328460533,5504,178436,137,2,1,24,2,1,44,0.001,0.001,,,,,NVIDIA A100-SXM4-40GB MIG 4g.20gb (0),1,,13,"void ch_est::chEstFilterNoDftSOfdmDispatchKernel<float, __half, float, (unsigned int)2>(ch_est::puschRxChEstStatDescr_t *, ch_est::puschRxChEstDynDescr_t *)"
3328470805,2528,178447,103,1,1,128,1,1,16,0.000,0.000,,,,,NVIDIA A100-SXM4-40GB MIG 4g.20gb (0),1,,13,cupy_copy__complex64_complex64
3328477621,12320,178457,1434,1,1,128,1,1,16,0.000,0.000,,,,,NVIDIA A100-SXM4-40GB MIG 4g.20gb (0),1,,13,cupy_copy__complex64_complex64
3328495156,2688,178464,103,1,1,128,1,1,16,0.000,0.000,,,,,NVIDIA A100-SXM4-40GB MIG 4g.20gb (0),1,,13,cupy_copy__complex64_complex64
3328501332,85087,178471,1,1,1,32,32,1,30,0.000,0.000,,,,,NVIDIA A100-SXM4-40GB MIG 4g.20gb (0),1,,13,"void convert_kernel<__half2, float2>(tensor_layout_any, T1 *, tensor_layout_any, const T2 *)"
3328615187,9952,178474,,,,,,,,,,0.094,9414.761,Pinned,Device,NVIDIA A100-SXM4-40GB MIG 4g.20gb (0),1,,13,[CUDA memcpy Host-to-Device]
3328633299,47135,178475,,,,,,,,,,35.810,759707.453,Device,,NVIDIA A100-SXM4-40GB MIG 4g.20gb (0),1,,13,[CUDA memset]
3328684370,3136,178477,,,,,,,,,,0.000,25.510,Pinned,Device,NVIDIA A100-SXM4-40GB MIG 4g.20gb (0),1,,13,[CUDA memcpy Host-to-Device]
3328692114,12576,178478,,,,,,,,,,0.197,15633.482,Pinned,Device,NVIDIA A100-SXM4-40GB MIG 4g.20gb (0),1,,13,[CUDA memcpy Host-to-Device]
3328711314,11968,178479,273,1,1,48,1,1,40,0.000,0.001,,,,,NVIDIA A100-SXM4-40GB MIG 4g.20gb (0),1,,13,"void pusch_noise_intf_est::noiseIntfEstNoDftSOfdmKernel<float, __half, float, float, (unsigned int)2, (unsigned int)1, (unsigned char)4, (unsigned char)4>(pusch_noise_intf_est::puschRxNoiseIntfEstDynDescr)"
3328726034,2816,178490,35,1,1,128,1,1,16,0.000,0.000,,,,,NVIDIA A100-SXM4-40GB MIG 4g.20gb (0),1,,13,cupy_copy__complex64_complex64
3328739217,1824,178499,1,1,1,1,1,1,18,0.000,0.000,,,,,NVIDIA A100-SXM4-40GB MIG 4g.20gb (0),1,,13,cupy_copy__float32_float32
3328767313,1568,178505,,,,,,,,,,0.000,2.551,Device,Pageable,NVIDIA A100-SXM4-40GB MIG 4g.20gb (0),1,,7,[CUDA memcpy Device-to-Host]
3328827344,12928,178516,1434,1,1,128,1,1,16,0.000,0.000,,,,,NVIDIA A100-SXM4-40GB MIG 4g.20gb (0),1,,13,cupy_copy__complex64_complex64
3328854480,2848,178523,103,1,1,128,1,1,16,0.000,0.000,,,,,NVIDIA A100-SXM4-40GB MIG 4g.20gb (0),1,,13,cupy_copy__complex64_complex64
3328874576,2208,178530,35,1,1,128,1,1,16,0.000,0.000,,,,,NVIDIA A100-SXM4-40GB MIG 4g.20gb (0),1,,13,cupy_copy__complex64_complex64
3328892080,2016,178537,1,1,1,1,1,1,18,0.000,0.000,,,,,NVIDIA A100-SXM4-40GB MIG 4g.20gb (0),1,,13,cupy_copy__float32_float32
3329025294,87391,178548,1,1,1,32,32,1,30,0.000,0.000,,,,,NVIDIA A100-SXM4-40GB MIG 4g.20gb (0),1,,13,"void convert_kernel<__half2, float2>(tensor_layout_any, T1 *, tensor_layout_any, const T2 *)"
3329140012,5440,178551,,,,,,,,,,0.094,17223.480,Pinned,Device,NVIDIA A100-SXM4-40GB MIG 4g.20gb (0),1,,13,[CUDA memcpy Host-to-Device]
3329153964,3552,178552,,,,,,,,,,1.547,435422.601,Device,,NVIDIA A100-SXM4-40GB MIG 4g.20gb (0),1,,13,[CUDA memset]
3329161036,3168,178557,,,,,,,,,,0.031,9878.770,Pinned,Device,NVIDIA A100-SXM4-40GB MIG 4g.20gb (0),1,,13,[CUDA memcpy Host-to-Device]
3329166316,9504,178558,,,,,,,,,,0.197,20686.701,Pinned,Device,NVIDIA A100-SXM4-40GB MIG 4g.20gb (0),1,,13,[CUDA memcpy Host-to-Device]
3329180908,6368,178559,273,1,1,8,4,1,39,0.002,0.000,,,,,NVIDIA A100-SXM4-40GB MIG 4g.20gb (0),1,,13,"void channel_eq::eqMmseCoefCompLowMimoKernel<float, float, float, (unsigned int)4, (unsigned int)1, (unsigned int)4>(const channel_eq::_puschRxChEqStatDescr *, channel_eq::_puschRxChEqCoefCompDynDescr)"
3329188396,6304,178560,273,1,1,12,11,1,51,0.002,0.000,,,,,NVIDIA A100-SXM4-40GB MIG 4g.20gb (0),1,,13,"void channel_eq::eqMmseSoftDemapKernel<float, __half, __half, float, (unsigned int)4, (unsigned short)16383>(channel_eq::_puschRxChEqStatDescr *, channel_eq::_puschRxChEqSoftDemapDynDescr)"
3329195724,282652,178561,1,1,1,32,32,1,30,0.000,0.000,,,,,NVIDIA A100-SXM4-40GB MIG 4g.20gb (0),1,,13,"void convert_kernel<float2, __half2>(tensor_layout_any, T1 *, tensor_layout_any, const T2 *)"
3329479432,11104,178573,2253,1,1,128,1,1,16,0.000,0.000,,,,,NVIDIA A100-SXM4-40GB MIG 4g.20gb (0),1,,13,cupy_copy__float16_float16
3329491496,3104,178582,282,1,1,128,1,1,16,0.000,0.000,,,,,NVIDIA A100-SXM4-40GB MIG 4g.20gb (0),1,,13,cupy_copy__complex64_complex64
3329495592,2048,178591,26,1,1,128,1,1,16,0.000,0.000,,,,,NVIDIA A100-SXM4-40GB MIG 4g.20gb (0),1,,13,cupy_copy__float32_float32
3329498664,3040,178600,103,1,1,128,1,1,16,0.000,0.000,,,,,NVIDIA A100-SXM4-40GB MIG 4g.20gb (0),1,,13,cupy_copy__complex64_complex64
3329504040,12000,178610,1434,1,1,128,1,1,16,0.000,0.000,,,,,NVIDIA A100-SXM4-40GB MIG 4g.20gb (0),1,,13,cupy_copy__complex64_complex64
3329531176,82015,178615,1,1,1,32,32,1,30,0.000,0.000,,,,,NVIDIA A100-SXM4-40GB MIG 4g.20gb (0),1,,13,"void convert_kernel<__half2, float2>(tensor_layout_any, T1 *, tensor_layout_any, const T2 *)"
3329639526,5472,178618,,,,,,,,,,0.094,17122.757,Pinned,Device,NVIDIA A100-SXM4-40GB MIG 4g.20gb (0),1,,13,[CUDA memcpy Host-to-Device]
3329651078,602169,178619,,,,,,,,,,456.561,757891.990,Device,,NVIDIA A100-SXM4-40GB MIG 4g.20gb (0),1,,13,[CUDA memset]
3330254367,68191,178624,,,,,,,,,,1.235,18109.219,Pinned,Device,NVIDIA A100-SXM4-40GB MIG 4g.20gb (0),1,,13,[CUDA memcpy Host-to-Device]
3330327582,13472,178625,,,,,,,,,,0.197,14593.819,Pinned,Device,NVIDIA A100-SXM4-40GB MIG 4g.20gb (0),1,,13,[CUDA memcpy Host-to-Device]
3330348190,8095,178626,69,4,1,48,1,1,76,0.002,0.000,,,,,NVIDIA A100-SXM4-40GB MIG 4g.20gb (0),1,,13,"void ch_est::windowedChEstPreNoDftSOfdmKernel<float, __half, float, (unsigned int)2, (unsigned int)1, (unsigned short)4>(ch_est::puschRxChEstStatDescr_t *, ch_est::puschRxChEstDynDescr_t *)"
3330359677,6592,178627,137,2,1,24,2,1,44,0.001,0.001,,,,,NVIDIA A100-SXM4-40GB MIG 4g.20gb (0),1,,13,"void ch_est::chEstFilterNoDftSOfdmDispatchKernel<float, __half, float, (unsigned int)2>(ch_est::puschRxChEstStatDescr_t *, ch_est::puschRxChEstDynDescr_t *)"
3330368445,5152,178628,137,2,1,24,2,1,44,0.001,0.001,,,,,NVIDIA A100-SXM4-40GB MIG 4g.20gb (0),1,,13,"void ch_est::chEstFilterNoDftSOfdmDispatchKernel<float, __half, float, (unsigned int)2>(ch_est::puschRxChEstStatDescr_t *, ch_est::puschRxChEstDynDescr_t *)"
3330378845,2752,178639,103,1,1,128,1,1,16,0.000,0.000,,,,,NVIDIA A100-SXM4-40GB MIG 4g.20gb (0),1,,13,cupy_copy__complex64_complex64
3330383773,12704,178649,1434,1,1,128,1,1,16,0.000,0.000,,,,,NVIDIA A100-SXM4-40GB MIG 4g.20gb (0),1,,13,cupy_copy__complex64_complex64
3330398621,2976,178656,103,1,1,128,1,1,16,0.000,0.000,,,,,NVIDIA A100-SXM4-40GB MIG 4g.20gb (0),1,,13,cupy_copy__complex64_complex64
3330405757,88575,178663,1,1,1,32,32,1,30,0.000,0.000,,,,,NVIDIA A100-SXM4-40GB MIG 4g.20gb (0),1,,13,"void convert_kernel<__half2, float2>(tensor_layout_any, T1 *, tensor_layout_any, const T2 *)"
3330522587,8928,178666,,,,,,,,,,0.094,10494.608,Pinned,Device,NVIDIA A100-SXM4-40GB MIG 4g.20gb (0),1,,13,[CUDA memcpy Host-to-Device]
3330538427,47456,178667,,,,,,,,,,35.810,754586.634,Device,,NVIDIA A100-SXM4-40GB MIG 4g.20gb (0),1,,13,[CUDA memset]
3330588987,3872,178669,,,,,,,,,,0.000,20.661,Pinned,Device,NVIDIA A100-SXM4-40GB MIG 4g.20gb (0),1,,13,[CUDA memcpy Host-to-Device]
3330596346,11936,178670,,,,,,,,,,0.197,16471.818,Pinned,Device,NVIDIA A100-SXM4-40GB MIG 4g.20gb (0),1,,13,[CUDA memcpy Host-to-Device]
3330616250,10496,178671,273,1,1,48,1,1,40,0.000,0.001,,,,,NVIDIA A100-SXM4-40GB MIG 4g.20gb (0),1,,13,"void pusch_noise_intf_est::noiseIntfEstNoDftSOfdmKernel<float, __half, float, float, (unsigned int)2, (unsigned int)1, (unsigned char)4, (unsigned char)4>(pusch_noise_intf_est::puschRxNoiseIntfEstDynDescr)"
3330632634,2816,178682,35,1,1,128,1,1,16,0.000,0.000,,,,,NVIDIA A100-SXM4-40GB MIG 4g.20gb (0),1,,13,cupy_copy__complex64_complex64
3330642842,2016,178691,1,1,1,1,1,1,18,0.000,0.000,,,,,NVIDIA A100-SXM4-40GB MIG 4g.20gb (0),1,,13,cupy_copy__float32_float32
3330674682,1695,178697,,,,,,,,,,0.000,2.360,Device,Pageable,NVIDIA A100-SXM4-40GB MIG 4g.20gb (0),1,,7,[CUDA memcpy Device-to-Host]
3330734873,13120,178708,1434,1,1,128,1,1,16,0.000,0.000,,,,,NVIDIA A100-SXM4-40GB MIG 4g.20gb (0),1,,13,cupy_copy__complex64_complex64
3330761528,2656,178715,103,1,1,128,1,1,16,0.000,0.000,,,,,NVIDIA A100-SXM4-40GB MIG 4g.20gb (0),1,,13,cupy_copy__complex64_complex64
3330781944,2400,178722,35,1,1,128,1,1,16,0.000,0.000,,,,,NVIDIA A100-SXM4-40GB MIG 4g.20gb (0),1,,13,cupy_copy__complex64_complex64
3330802136,1824,178729,1,1,1,1,1,1,18,0.000,0.000,,,,,NVIDIA A100-SXM4-40GB MIG 4g.20gb (0),1,,13,cupy_copy__float32_float32
3330941238,87199,178740,1,1,1,32,32,1,30,0.000,0.000,,,,,NVIDIA A100-SXM4-40GB MIG 4g.20gb (0),1,,13,"void convert_kernel<__half2, float2>(tensor_layout_any, T1 *, tensor_layout_any, const T2 *)"
3331056309,5568,178743,,,,,,,,,,0.094,16827.521,Pinned,Device,NVIDIA A100-SXM4-40GB MIG 4g.20gb (0),1,,13,[CUDA memcpy Host-to-Device]
3331070869,3584,178744,,,,,,,,,,1.547,431534.389,Device,,NVIDIA A100-SXM4-40GB MIG 4g.20gb (0),1,,13,[CUDA memset]
3331077301,3072,178749,,,,,,,,,,0.031,10187.474,Pinned,Device,NVIDIA A100-SXM4-40GB MIG 4g.20gb (0),1,,13,[CUDA memcpy Host-to-Device]
3331082452,9440,178750,,,,,,,,,,0.197,20827.079,Pinned,Device,NVIDIA A100-SXM4-40GB MIG 4g.20gb (0),1,,13,[CUDA memcpy Host-to-Device]
3331097524,6784,178751,273,1,1,8,4,1,39,0.002,0.000,,,,,NVIDIA A100-SXM4-40GB MIG 4g.20gb (0),1,,13,"void channel_eq::eqMmseCoefCompLowMimoKernel<float, float, float, (unsigned int)4, (unsigned int)1, (unsigned int)4>(const channel_eq::_puschRxChEqStatDescr *, channel_eq::_puschRxChEqCoefCompDynDescr)"
3331105268,6240,178752,273,1,1,12,11,1,51,0.002,0.000,,,,,NVIDIA A100-SXM4-40GB MIG 4g.20gb (0),1,,13,"void channel_eq::eqMmseSoftDemapKernel<float, __half, __half, float, (unsigned int)4, (unsigned short)16383>(channel_eq::_puschRxChEqStatDescr *, channel_eq::_puschRxChEqSoftDemapDynDescr)"
3331112596,282589,178753,1,1,1,32,32,1,30,0.000,0.000,,,,,NVIDIA A100-SXM4-40GB MIG 4g.20gb (0),1,,13,"void convert_kernel<float2, __half2>(tensor_layout_any, T1 *, tensor_layout_any, const T2 *)"
3331396913,10879,178765,2253,1,1,128,1,1,16,0.000,0.000,,,,,NVIDIA A100-SXM4-40GB MIG 4g.20gb (0),1,,13,cupy_copy__float16_float16
3331413552,3200,178774,282,1,1,128,1,1,16,0.000,0.000,,,,,NVIDIA A100-SXM4-40GB MIG 4g.20gb (0),1,,13,cupy_copy__complex64_complex64
3331418352,2368,178783,26,1,1,128,1,1,16,0.000,0.000,,,,,NVIDIA A100-SXM4-40GB MIG 4g.20gb (0),1,,13,cupy_copy__float32_float32
3331422416,2912,178792,103,1,1,128,1,1,16,0.000,0.000,,,,,NVIDIA A100-SXM4-40GB MIG 4g.20gb (0),1,,13,cupy_copy__complex64_complex64
3331426544,12544,178802,1434,1,1,128,1,1,16,0.000,0.000,,,,,NVIDIA A100-SXM4-40GB MIG 4g.20gb (0),1,,13,cupy_copy__complex64_complex64
3331447248,82047,178807,1,1,1,32,32,1,30,0.000,0.000,,,,,NVIDIA A100-SXM4-40GB MIG 4g.20gb (0),1,,13,"void convert_kernel<__half2, float2>(tensor_layout_any, T1 *, tensor_layout_any, const T2 *)"
3331556431,5632,178810,,,,,,,,,,0.094,16636.287,Pinned,Device,NVIDIA A100-SXM4-40GB MIG 4g.20gb (0),1,,13,[CUDA memcpy Host-to-Device]
3331566286,602361,178811,,,,,,,,,,456.561,757891.990,Device,,NVIDIA A100-SXM4-40GB MIG 4g.20gb (0),1,,13,[CUDA memset]
3332170695,72063,178816,,,,,,,,,,1.235,17136.083,Pinned,Device,NVIDIA A100-SXM4-40GB MIG 4g.20gb (0),1,,13,[CUDA memcpy Host-to-Device]
3332246470,14784,178817,,,,,,,,,,0.197,13298.565,Pinned,Device,NVIDIA A100-SXM4-40GB MIG 4g.20gb (0),1,,13,[CUDA memcpy Host-to-Device]
3332271366,8576,178818,69,4,1,48,1,1,76,0.002,0.000,,,,,NVIDIA A100-SXM4-40GB MIG 4g.20gb (0),1,,13,"void ch_est::windowedChEstPreNoDftSOfdmKernel<float, __half, float, (unsigned int)2, (unsigned int)1, (unsigned short)4>(ch_est::puschRxChEstStatDescr_t *, ch_est::puschRxChEstDynDescr_t *)"
3332282694,6880,178819,137,2,1,24,2,1,44,0.001,0.001,,,,,NVIDIA A100-SXM4-40GB MIG 4g.20gb (0),1,,13,"void ch_est::chEstFilterNoDftSOfdmDispatchKernel<float, __half, float, (unsigned int)2>(ch_est::puschRxChEstStatDescr_t *, ch_est::puschRxChEstDynDescr_t *)"
3332294213,5440,178820,137,2,1,24,2,1,44,0.001,0.001,,,,,NVIDIA A100-SXM4-40GB MIG 4g.20gb (0),1,,13,"void ch_est::chEstFilterNoDftSOfdmDispatchKernel<float, __half, float, (unsigned int)2>(ch_est::puschRxChEstStatDescr_t *, ch_est::puschRxChEstDynDescr_t *)"
3332304517,2880,178831,103,1,1,128,1,1,16,0.000,0.000,,,,,NVIDIA A100-SXM4-40GB MIG 4g.20gb (0),1,,13,cupy_copy__complex64_complex64
3332310341,12672,178841,1434,1,1,128,1,1,16,0.000,0.000,,,,,NVIDIA A100-SXM4-40GB MIG 4g.20gb (0),1,,13,cupy_copy__complex64_complex64
3332327877,2432,178848,103,1,1,128,1,1,16,0.000,0.000,,,,,NVIDIA A100-SXM4-40GB MIG 4g.20gb (0),1,,13,cupy_copy__complex64_complex64
3332334725,83455,178855,1,1,1,32,32,1,30,0.000,0.000,,,,,NVIDIA A100-SXM4-40GB MIG 4g.20gb (0),1,,13,"void convert_kernel<__half2, float2>(tensor_layout_any, T1 *, tensor_layout_any, const T2 *)"
3332446340,8352,178858,,,,,,,,,,0.094,11218.316,Pinned,Device,NVIDIA A100-SXM4-40GB MIG 4g.20gb (0),1,,13,[CUDA memcpy Host-to-Device]
3332460355,47200,178859,,,,,,,,,,35.810,758668.965,Device,,NVIDIA A100-SXM4-40GB MIG 4g.20gb (0),1,,13,[CUDA memset]
3332511939,2336,178861,,,,,,,,,,0.000,34.247,Pinned,Device,NVIDIA A100-SXM4-40GB MIG 4g.20gb (0),1,,13,[CUDA memcpy Host-to-Device]
3332517731,11968,178862,,,,,,,,,,0.197,16427.778,Pinned,Device,NVIDIA A100-SXM4-40GB MIG 4g.20gb (0),1,,13,[CUDA memcpy Host-to-Device]
3332537474,11328,178863,273,1,1,48,1,1,40,0.000,0.001,,,,,NVIDIA A100-SXM4-40GB MIG 4g.20gb (0),1,,13,"void pusch_noise_intf_est::noiseIntfEstNoDftSOfdmKernel<float, __half, float, float, (unsigned int)2, (unsigned int)1, (unsigned char)4, (unsigned char)4>(pusch_noise_intf_est::puschRxNoiseIntfEstDynDescr)"
3332552386,2848,178874,35,1,1,128,1,1,16,0.000,0.000,,,,,NVIDIA A100-SXM4-40GB MIG 4g.20gb (0),1,,13,cupy_copy__complex64_complex64
3332566114,2016,178883,1,1,1,1,1,1,18,0.000,0.000,,,,,NVIDIA A100-SXM4-40GB MIG 4g.20gb (0),1,,13,cupy_copy__float32_float32
3332597410,1696,178889,,,,,,,,,,0.000,2.358,Device,Pageable,NVIDIA A100-SXM4-40GB MIG 4g.20gb (0),1,,7,[CUDA memcpy Device-to-Host]
3332658049,12704,178900,1434,1,1,128,1,1,16,0.000,0.000,,,,,NVIDIA A100-SXM4-40GB MIG 4g.20gb (0),1,,13,cupy_copy__complex64_complex64
3332683777,3488,178907,103,1,1,128,1,1,16,0.000,0.000,,,,,NVIDIA A100-SXM4-40GB MIG 4g.20gb (0),1,,13,cupy_copy__complex64_complex64
3332704416,2496,178914,35,1,1,128,1,1,16,0.000,0.000,,,,,NVIDIA A100-SXM4-40GB MIG 4g.20gb (0),1,,13,cupy_copy__complex64_complex64
3332722240,1792,178921,1,1,1,1,1,1,18,0.000,0.000,,,,,NVIDIA A100-SXM4-40GB MIG 4g.20gb (0),1,,13,cupy_copy__float32_float32
3332854367,83295,178932,1,1,1,32,32,1,30,0.000,0.000,,,,,NVIDIA A100-SXM4-40GB MIG 4g.20gb (0),1,,13,"void convert_kernel<__half2, float2>(tensor_layout_any, T1 *, tensor_layout_any, const T2 *)"
3332965181,5408,178935,,,,,,,,,,0.094,17325.421,Pinned,Device,NVIDIA A100-SXM4-40GB MIG 4g.20gb (0),1,,13,[CUDA memcpy Host-to-Device]
3332979613,3552,178936,,,,,,,,,,1.547,435422.601,Device,,NVIDIA A100-SXM4-40GB MIG 4g.20gb (0),1,,13,[CUDA memset]
3332986525,3360,178941,,,,,,,,,,0.031,9314.284,Pinned,Device,NVIDIA A100-SXM4-40GB MIG 4g.20gb (0),1,,13,[CUDA memcpy Host-to-Device]
3332992349,9408,178942,,,,,,,,,,0.197,20897.858,Pinned,Device,NVIDIA A100-SXM4-40GB MIG 4g.20gb (0),1,,13,[CUDA memcpy Host-to-Device]
3333006717,6080,178943,273,1,1,8,4,1,39,0.002,0.000,,,,,NVIDIA A100-SXM4-40GB MIG 4g.20gb (0),1,,13,"void channel_eq::eqMmseCoefCompLowMimoKernel<float, float, float, (unsigned int)4, (unsigned int)1, (unsigned int)4>(const channel_eq::_puschRxChEqStatDescr *, channel_eq::_puschRxChEqCoefCompDynDescr)"
3333015197,5600,178944,273,1,1,12,11,1,51,0.002,0.000,,,,,NVIDIA A100-SXM4-40GB MIG 4g.20gb (0),1,,13,"void channel_eq::eqMmseSoftDemapKernel<float, __half, __half, float, (unsigned int)4, (unsigned short)16383>(channel_eq::_puschRxChEqStatDescr *, channel_eq::_puschRxChEqSoftDemapDynDescr)"
3333021980,282749,178945,1,1,1,32,32,1,30,0.000,0.000,,,,,NVIDIA A100-SXM4-40GB MIG 4g.20gb (0),1,,13,"void convert_kernel<float2, __half2>(tensor_layout_any, T1 *, tensor_layout_any, const T2 *)"
3333305945,10880,178957,2253,1,1,128,1,1,16,0.000,0.000,,,,,NVIDIA A100-SXM4-40GB MIG 4g.20gb (0),1,,13,cupy_copy__float16_float16
3333318521,3264,178966,282,1,1,128,1,1,16,0.000,0.000,,,,,NVIDIA A100-SXM4-40GB MIG 4g.20gb (0),1,,13,cupy_copy__complex64_complex64
3333323545,2336,178975,26,1,1,128,1,1,16,0.000,0.000,,,,,NVIDIA A100-SXM4-40GB MIG 4g.20gb (0),1,,13,cupy_copy__float32_float32
3333328121,4800,178984,103,1,1,128,1,1,16,0.000,0.000,,,,,NVIDIA A100-SXM4-40GB MIG 4g.20gb (0),1,,13,cupy_copy__complex64_complex64
3333387256,12000,179000,1434,1,1,128,1,1,16,0.000,0.000,,,,,NVIDIA A100-SXM4-40GB MIG 4g.20gb (0),1,,13,cupy_copy__complex64_complex64
3333502551,82591,179005,1,1,1,32,32,1,30,0.000,0.000,,,,,NVIDIA A100-SXM4-40GB MIG 4g.20gb (0),1,,13,"void convert_kernel<__half2, float2>(tensor_layout_any, T1 *, tensor_layout_any, const T2 *)"
3333612181,5312,179008,,,,,,,,,,0.094,17638.553,Pinned,Device,NVIDIA A100-SXM4-40GB MIG 4g.20gb (0),1,,13,[CUDA memcpy Host-to-Device]
3333622101,602745,179009,,,,,,,,,,456.561,757435.429,Device,,NVIDIA A100-SXM4-40GB MIG 4g.20gb (0),1,,13,[CUDA memset]
3334229710,68895,179014,,,,,,,,,,1.235,17923.977,Pinned,Device,NVIDIA A100-SXM4-40GB MIG 4g.20gb (0),1,,13,[CUDA memcpy Host-to-Device]
3334302189,14687,179015,,,,,,,,,,0.197,13386.449,Pinned,Device,NVIDIA A100-SXM4-40GB MIG 4g.20gb (0),1,,13,[CUDA memcpy Host-to-Device]
3334324076,8256,179016,69,4,1,48,1,1,76,0.002,0.000,,,,,NVIDIA A100-SXM4-40GB MIG 4g.20gb (0),1,,13,"void ch_est::windowedChEstPreNoDftSOfdmKernel<float, __half, float, (unsigned int)2, (unsigned int)1, (unsigned short)4>(ch_est::puschRxChEstStatDescr_t *, ch_est::puschRxChEstDynDescr_t *)"
3334339148,6080,179017,137,2,1,24,2,1,44,0.001,0.001,,,,,NVIDIA A100-SXM4-40GB MIG 4g.20gb (0),1,,13,"void ch_est::chEstFilterNoDftSOfdmDispatchKernel<float, __half, float, (unsigned int)2>(ch_est::puschRxChEstStatDescr_t *, ch_est::puschRxChEstDynDescr_t *)"
3334349132,5088,179018,137,2,1,24,2,1,44,0.001,0.001,,,,,NVIDIA A100-SXM4-40GB MIG 4g.20gb (0),1,,13,"void ch_est::chEstFilterNoDftSOfdmDispatchKernel<float, __half, float, (unsigned int)2>(ch_est::puschRxChEstStatDescr_t *, ch_est::puschRxChEstDynDescr_t *)"
3334360460,2880,179029,103,1,1,128,1,1,16,0.000,0.000,,,,,NVIDIA A100-SXM4-40GB MIG 4g.20gb (0),1,,13,cupy_copy__complex64_complex64
3334366348,12384,179039,1434,1,1,128,1,1,16,0.000,0.000,,,,,NVIDIA A100-SXM4-40GB MIG 4g.20gb (0),1,,13,cupy_copy__complex64_complex64
3334384876,2720,179046,103,1,1,128,1,1,16,0.000,0.000,,,,,NVIDIA A100-SXM4-40GB MIG 4g.20gb (0),1,,13,cupy_copy__complex64_complex64
3334391884,83839,179053,1,1,1,32,32,1,30,0.000,0.000,,,,,NVIDIA A100-SXM4-40GB MIG 4g.20gb (0),1,,13,"void convert_kernel<__half2, float2>(tensor_layout_any, T1 *, tensor_layout_any, const T2 *)"
3334503946,7712,179056,,,,,,,,,,0.094,12149.373,Pinned,Device,NVIDIA A100-SXM4-40GB MIG 4g.20gb (0),1,,13,[CUDA memcpy Host-to-Device]
3334517802,48191,179057,,,,,,,,,,35.810,743055.840,Device,,NVIDIA A100-SXM4-40GB MIG 4g.20gb (0),1,,13,[CUDA memset]
3334569385,2464,179059,,,,,,,,,,0.000,32.468,Pinned,Device,NVIDIA A100-SXM4-40GB MIG 4g.20gb (0),1,,13,[CUDA memcpy Host-to-Device]
3334574761,10912,179060,,,,,,,,,,0.197,18017.550,Pinned,Device,NVIDIA A100-SXM4-40GB MIG 4g.20gb (0),1,,13,[CUDA memcpy Host-to-Device]
3334590985,11360,179061,273,1,1,48,1,1,40,0.000,0.001,,,,,NVIDIA A100-SXM4-40GB MIG 4g.20gb (0),1,,13,"void pusch_noise_intf_est::noiseIntfEstNoDftSOfdmKernel<float, __half, float, float, (unsigned int)2, (unsigned int)1, (unsigned char)4, (unsigned char)4>(pusch_noise_intf_est::puschRxNoiseIntfEstDynDescr)"
3334604809,2848,179072,35,1,1,128,1,1,16,0.000,0.000,,,,,NVIDIA A100-SXM4-40GB MIG 4g.20gb (0),1,,13,cupy_copy__complex64_complex64
3334622409,1952,179081,1,1,1,1,1,1,18,0.000,0.000,,,,,NVIDIA A100-SXM4-40GB MIG 4g.20gb (0),1,,13,cupy_copy__float32_float32
3334655112,1568,179087,,,,,,,,,,0.000,2.551,Device,Pageable,NVIDIA A100-SXM4-40GB MIG 4g.20gb (0),1,,7,[CUDA memcpy Device-to-Host]
3334713768,12607,179098,1434,1,1,128,1,1,16,0.000,0.000,,,,,NVIDIA A100-SXM4-40GB MIG 4g.20gb (0),1,,13,cupy_copy__complex64_complex64
3334740519,2912,179105,103,1,1,128,1,1,16,0.000,0.000,,,,,NVIDIA A100-SXM4-40GB MIG 4g.20gb (0),1,,13,cupy_copy__complex64_complex64
3334761287,2240,179112,35,1,1,128,1,1,16,0.000,0.000,,,,,NVIDIA A100-SXM4-40GB MIG 4g.20gb (0),1,,13,cupy_copy__complex64_complex64
3334779399,1760,179119,1,1,1,1,1,1,18,0.000,0.000,,,,,NVIDIA A100-SXM4-40GB MIG 4g.20gb (0),1,,13,cupy_copy__float32_float32
3334917541,82207,179130,1,1,1,32,32,1,30,0.000,0.000,,,,,NVIDIA A100-SXM4-40GB MIG 4g.20gb (0),1,,13,"void convert_kernel<__half2, float2>(tensor_layout_any, T1 *, tensor_layout_any, const T2 *)"
3335026980,5376,179133,,,,,,,,,,0.094,17428.487,Pinned,Device,NVIDIA A100-SXM4-40GB MIG 4g.20gb (0),1,,13,[CUDA memcpy Host-to-Device]
3335041060,3487,179134,,,,,,,,,,1.547,443539.284,Device,,NVIDIA A100-SXM4-40GB MIG 4g.20gb (0),1,,13,[CUDA memset]
3335049763,3040,179139,,,,,,,,,,0.031,10294.725,Pinned,Device,NVIDIA A100-SXM4-40GB MIG 4g.20gb (0),1,,13,[CUDA memcpy Host-to-Device]
3335055331,9664,179140,,,,,,,,,,0.197,20344.209,Pinned,Device,NVIDIA A100-SXM4-40GB MIG 4g.20gb (0),1,,13,[CUDA memcpy Host-to-Device]
3335069763,6048,179141,273,1,1,8,4,1,39,0.002,0.000,,,,,NVIDIA A100-SXM4-40GB MIG 4g.20gb (0),1,,13,"void channel_eq::eqMmseCoefCompLowMimoKernel<float, float, float, (unsigned int)4, (unsigned int)1, (unsigned int)4>(const channel_eq::_puschRxChEqStatDescr *, channel_eq::_puschRxChEqCoefCompDynDescr)"
3335076931,6240,179142,273,1,1,12,11,1,51,0.002,0.000,,,,,NVIDIA A100-SXM4-40GB MIG 4g.20gb (0),1,,13,"void channel_eq::eqMmseSoftDemapKernel<float, __half, __half, float, (unsigned int)4, (unsigned short)16383>(channel_eq::_puschRxChEqStatDescr *, channel_eq::_puschRxChEqSoftDemapDynDescr)"
3335084195,282237,179143,1,1,1,32,32,1,30,0.000,0.000,,,,,NVIDIA A100-SXM4-40GB MIG 4g.20gb (0),1,,13,"void convert_kernel<float2, __half2>(tensor_layout_any, T1 *, tensor_layout_any, const T2 *)"
3335367743,11136,179155,2253,1,1,128,1,1,16,0.000,0.000,,,,,NVIDIA A100-SXM4-40GB MIG 4g.20gb (0),1,,13,cupy_copy__float16_float16
3335383007,2816,179164,282,1,1,128,1,1,16,0.000,0.000,,,,,NVIDIA A100-SXM4-40GB MIG 4g.20gb (0),1,,13,cupy_copy__complex64_complex64
3335387807,2080,179173,26,1,1,128,1,1,16,0.000,0.000,,,,,NVIDIA A100-SXM4-40GB MIG 4g.20gb (0),1,,13,cupy_copy__float32_float32
3335393695,2976,179182,103,1,1,128,1,1,16,0.000,0.000,,,,,NVIDIA A100-SXM4-40GB MIG 4g.20gb (0),1,,13,cupy_copy__complex64_complex64
3335397887,12512,179192,1434,1,1,128,1,1,16,0.000,0.000,,,,,NVIDIA A100-SXM4-40GB MIG 4g.20gb (0),1,,13,cupy_copy__complex64_complex64
3335415615,86207,179197,1,1,1,32,32,1,30,0.000,0.000,,,,,NVIDIA A100-SXM4-40GB MIG 4g.20gb (0),1,,13,"void convert_kernel<__half2, float2>(tensor_layout_any, T1 *, tensor_layout_any, const T2 *)"
3335528414,5407,179200,,,,,,,,,,0.094,17328.607,Pinned,Device,NVIDIA A100-SXM4-40GB MIG 4g.20gb (0),1,,13,[CUDA memcpy Host-to-Device]
3335538845,602745,179201,,,,,,,,,,456.561,757435.429,Device,,NVIDIA A100-SXM4-40GB MIG 4g.20gb (0),1,,13,[CUDA memset]
3336147638,69663,179206,,,,,,,,,,1.235,17726.386,Pinned,Device,NVIDIA A100-SXM4-40GB MIG 4g.20gb (0),1,,13,[CUDA memcpy Host-to-Device]
3336220341,14656,179207,,,,,,,,,,0.197,13414.760,Pinned,Device,NVIDIA A100-SXM4-40GB MIG 4g.20gb (0),1,,13,[CUDA memcpy Host-to-Device]
3336242485,8096,179208,69,4,1,48,1,1,76,0.002,0.000,,,,,NVIDIA A100-SXM4-40GB MIG 4g.20gb (0),1,,13,"void ch_est::windowedChEstPreNoDftSOfdmKernel<float, __half, float, (unsigned int)2, (unsigned int)1, (unsigned short)4>(ch_est::puschRxChEstStatDescr_t *, ch_est::puschRxChEstDynDescr_t *)"
3336253781,7263,179209,137,2,1,24,2,1,44,0.001,0.001,,,,,NVIDIA A100-SXM4-40GB MIG 4g.20gb (0),1,,13,"void ch_est::chEstFilterNoDftSOfdmDispatchKernel<float, __half, float, (unsigned int)2>(ch_est::puschRxChEstStatDescr_t *, ch_est::puschRxChEstDynDescr_t *)"
3336262740,5312,179210,137,2,1,24,2,1,44,0.001,0.001,,,,,NVIDIA A100-SXM4-40GB MIG 4g.20gb (0),1,,13,"void ch_est::chEstFilterNoDftSOfdmDispatchKernel<float, __half, float, (unsigned int)2>(ch_est::puschRxChEstStatDescr_t *, ch_est::puschRxChEstDynDescr_t *)"
3336273204,2592,179221,103,1,1,128,1,1,16,0.000,0.000,,,,,NVIDIA A100-SXM4-40GB MIG 4g.20gb (0),1,,13,cupy_copy__complex64_complex64
3336279572,12320,179231,1434,1,1,128,1,1,16,0.000,0.000,,,,,NVIDIA A100-SXM4-40GB MIG 4g.20gb (0),1,,13,cupy_copy__complex64_complex64
3336293492,2624,179238,103,1,1,128,1,1,16,0.000,0.000,,,,,NVIDIA A100-SXM4-40GB MIG 4g.20gb (0),1,,13,cupy_copy__complex64_complex64
3336299636,84703,179245,1,1,1,32,32,1,30,0.000,0.000,,,,,NVIDIA A100-SXM4-40GB MIG 4g.20gb (0),1,,13,"void convert_kernel<__half2, float2>(tensor_layout_any, T1 *, tensor_layout_any, const T2 *)"
3336413907,8703,179248,,,,,,,,,,0.094,10765.858,Pinned,Device,NVIDIA A100-SXM4-40GB MIG 4g.20gb (0),1,,13,[CUDA memcpy Host-to-Device]
3336429202,47136,179249,,,,,,,,,,35.810,759707.453,Device,,NVIDIA A100-SXM4-40GB MIG 4g.20gb (0),1,,13,[CUDA memset]
3336484530,2912,179251,,,,,,,,,,0.000,27.472,Pinned,Device,NVIDIA A100-SXM4-40GB MIG 4g.20gb (0),1,,13,[CUDA memcpy Host-to-Device]
3336491538,12575,179252,,,,,,,,,,0.197,15634.661,Pinned,Device,NVIDIA A100-SXM4-40GB MIG 4g.20gb (0),1,,13,[CUDA memcpy Host-to-Device]
3336511473,12928,179253,273,1,1,48,1,1,40,0.000,0.001,,,,,NVIDIA A100-SXM4-40GB MIG 4g.20gb (0),1,,13,"void pusch_noise_intf_est::noiseIntfEstNoDftSOfdmKernel<float, __half, float, float, (unsigned int)2, (unsigned int)1, (unsigned char)4, (unsigned char)4>(pusch_noise_intf_est::puschRxNoiseIntfEstDynDescr)"
3336526129,3744,179264,35,1,1,128,1,1,16,0.000,0.000,,,,,NVIDIA A100-SXM4-40GB MIG 4g.20gb (0),1,,13,cupy_copy__complex64_complex64
3336531793,1888,179273,1,1,1,1,1,1,18,0.000,0.000,,,,,NVIDIA A100-SXM4-40GB MIG 4g.20gb (0),1,,13,cupy_copy__float32_float32
3336563249,1568,179279,,,,,,,,,,0.000,2.551,Device,Pageable,NVIDIA A100-SXM4-40GB MIG 4g.20gb (0),1,,7,[CUDA memcpy Device-to-Host]
3336621840,13056,179290,1434,1,1,128,1,1,16,0.000,0.000,,,,,NVIDIA A100-SXM4-40GB MIG 4g.20gb (0),1,,13,cupy_copy__complex64_complex64
3336648496,2752,179297,103,1,1,128,1,1,16,0.000,0.000,,,,,NVIDIA A100-SXM4-40GB MIG 4g.20gb (0),1,,13,cupy_copy__complex64_complex64
3336668719,2560,179304,35,1,1,128,1,1,16,0.000,0.000,,,,,NVIDIA A100-SXM4-40GB MIG 4g.20gb (0),1,,13,cupy_copy__complex64_complex64
3336687791,1792,179311,1,1,1,1,1,1,18,0.000,0.000,,,,,NVIDIA A100-SXM4-40GB MIG 4g.20gb (0),1,,13,cupy_copy__float32_float32
3336817838,83039,179322,1,1,1,32,32,1,30,0.000,0.000,,,,,NVIDIA A100-SXM4-40GB MIG 4g.20gb (0),1,,13,"void convert_kernel<__half2, float2>(tensor_layout_any, T1 *, tensor_layout_any, const T2 *)"
3336930732,5408,179325,,,,,,,,,,0.094,17325.421,Pinned,Device,NVIDIA A100-SXM4-40GB MIG 4g.20gb (0),1,,13,[CUDA memcpy Host-to-Device]
3336946540,3168,179326,,,,,,,,,,1.547,488201.145,Device,,NVIDIA A100-SXM4-40GB MIG 4g.20gb (0),1,,13,[CUDA memset]
3336952748,3072,179331,,,,,,,,,,0.031,10187.474,Pinned,Device,NVIDIA A100-SXM4-40GB MIG 4g.20gb (0),1,,13,[CUDA memcpy Host-to-Device]
3336958316,9632,179332,,,,,,,,,,0.197,20411.843,Pinned,Device,NVIDIA A100-SXM4-40GB MIG 4g.20gb (0),1,,13,[CUDA memcpy Host-to-Device]
3336972684,6176,179333,273,1,1,8,4,1,39,0.002,0.000,,,,,NVIDIA A100-SXM4-40GB MIG 4g.20gb (0),1,,13,"void channel_eq::eqMmseCoefCompLowMimoKernel<float, float, float, (unsigned int)4, (unsigned int)1, (unsigned int)4>(const channel_eq::_puschRxChEqStatDescr *, channel_eq::_puschRxChEqCoefCompDynDescr)"
3336979852,6463,179334,273,1,1,12,11,1,51,0.002,0.000,,,,,NVIDIA A100-SXM4-40GB MIG 4g.20gb (0),1,,13,"void channel_eq::eqMmseSoftDemapKernel<float, __half, __half, float, (unsigned int)4, (unsigned short)16383>(channel_eq::_puschRxChEqStatDescr *, channel_eq::_puschRxChEqSoftDemapDynDescr)"
3336987403,282685,179335,1,1,1,32,32,1,30,0.000,0.000,,,,,NVIDIA A100-SXM4-40GB MIG 4g.20gb (0),1,,13,"void convert_kernel<float2, __half2>(tensor_layout_any, T1 *, tensor_layout_any, const T2 *)"
3337271112,11104,179347,2253,1,1,128,1,1,16,0.000,0.000,,,,,NVIDIA A100-SXM4-40GB MIG 4g.20gb (0),1,,13,cupy_copy__float16_float16
3337287272,3552,179356,282,1,1,128,1,1,16,0.000,0.000,,,,,NVIDIA A100-SXM4-40GB MIG 4g.20gb (0),1,,13,cupy_copy__complex64_complex64
3337291816,2112,179365,26,1,1,128,1,1,16,0.000,0.000,,,,,NVIDIA A100-SXM4-40GB MIG 4g.20gb (0),1,,13,cupy_copy__float32_float32
3337295272,4704,179374,103,1,1,128,1,1,16,0.000,0.000,,,,,NVIDIA A100-SXM4-40GB MIG 4g.20gb (0),1,,13,cupy_copy__complex64_complex64
3337301512,11679,179384,1434,1,1,128,1,1,16,0.000,0.000,,,,,NVIDIA A100-SXM4-40GB MIG 4g.20gb (0),1,,13,cupy_copy__complex64_complex64
3337319847,87487,179389,1,1,1,32,32,1,30,0.000,0.000,,,,,NVIDIA A100-SXM4-40GB MIG 4g.20gb (0),1,,13,"void convert_kernel<__half2, float2>(tensor_layout_any, T1 *, tensor_layout_any, const T2 *)"
3337433798,5408,179392,,,,,,,,,,0.094,17325.421,Pinned,Device,NVIDIA A100-SXM4-40GB MIG 4g.20gb (0),1,,13,[CUDA memcpy Host-to-Device]
3337443782,599256,179393,,,,,,,,,,456.561,761544.482,Device,,NVIDIA A100-SXM4-40GB MIG 4g.20gb (0),1,,13,[CUDA memset]
3338049182,65952,179398,,,,,,,,,,1.235,18724.221,Pinned,Device,NVIDIA A100-SXM4-40GB MIG 4g.20gb (0),1,,13,[CUDA memcpy Host-to-Device]
3338119229,15264,179399,,,,,,,,,,0.197,12880.380,Pinned,Device,NVIDIA A100-SXM4-40GB MIG 4g.20gb (0),1,,13,[CUDA memcpy Host-to-Device]
3338139581,8000,179400,69,4,1,48,1,1,76,0.002,0.000,,,,,NVIDIA A100-SXM4-40GB MIG 4g.20gb (0),1,,13,"void ch_est::windowedChEstPreNoDftSOfdmKernel<float, __half, float, (unsigned int)2, (unsigned int)1, (unsigned short)4>(ch_est::puschRxChEstStatDescr_t *, ch_est::puschRxChEstDynDescr_t *)"
3338151133,6080,179401,137,2,1,24,2,1,44,0.001,0.001,,,,,NVIDIA A100-SXM4-40GB MIG 4g.20gb (0),1,,13,"void ch_est::chEstFilterNoDftSOfdmDispatchKernel<float, __half, float, (unsigned int)2>(ch_est::puschRxChEstStatDescr_t *, ch_est::puschRxChEstDynDescr_t *)"
3338161661,5248,179402,137,2,1,24,2,1,44,0.001,0.001,,,,,NVIDIA A100-SXM4-40GB MIG 4g.20gb (0),1,,13,"void ch_est::chEstFilterNoDftSOfdmDispatchKernel<float, __half, float, (unsigned int)2>(ch_est::puschRxChEstStatDescr_t *, ch_est::puschRxChEstDynDescr_t *)"
3338172189,2560,179413,103,1,1,128,1,1,16,0.000,0.000,,,,,NVIDIA A100-SXM4-40GB MIG 4g.20gb (0),1,,13,cupy_copy__complex64_complex64
3338178589,12512,179423,1434,1,1,128,1,1,16,0.000,0.000,,,,,NVIDIA A100-SXM4-40GB MIG 4g.20gb (0),1,,13,cupy_copy__complex64_complex64
3338192605,2720,179430,103,1,1,128,1,1,16,0.000,0.000,,,,,NVIDIA A100-SXM4-40GB MIG 4g.20gb (0),1,,13,cupy_copy__complex64_complex64
3338198301,83550,179437,1,1,1,32,32,1,30,0.000,0.000,,,,,NVIDIA A100-SXM4-40GB MIG 4g.20gb (0),1,,13,"void convert_kernel<__half2, float2>(tensor_layout_any, T1 *, tensor_layout_any, const T2 *)"
3338309723,9120,179440,,,,,,,,,,0.094,10273.673,Pinned,Device,NVIDIA A100-SXM4-40GB MIG 4g.20gb (0),1,,13,[CUDA memcpy Host-to-Device]
3338325627,47199,179441,,,,,,,,,,35.810,758668.965,Device,,NVIDIA A100-SXM4-40GB MIG 4g.20gb (0),1,,13,[CUDA memset]
3338377722,3744,179443,,,,,,,,,,0.000,21.368,Pinned,Device,NVIDIA A100-SXM4-40GB MIG 4g.20gb (0),1,,13,[CUDA memcpy Host-to-Device]
3338385306,13056,179444,,,,,,,,,,0.197,15058.797,Pinned,Device,NVIDIA A100-SXM4-40GB MIG 4g.20gb (0),1,,13,[CUDA memcpy Host-to-Device]
3338404858,10048,179445,273,1,1,48,1,1,40,0.000,0.001,,,,,NVIDIA A100-SXM4-40GB MIG 4g.20gb (0),1,,13,"void pusch_noise_intf_est::noiseIntfEstNoDftSOfdmKernel<float, __half, float, float, (unsigned int)2, (unsigned int)1, (unsigned char)4, (unsigned char)4>(pusch_noise_intf_est::puschRxNoiseIntfEstDynDescr)"
3338417242,2944,179456,35,1,1,128,1,1,16,0.000,0.000,,,,,NVIDIA A100-SXM4-40GB MIG 4g.20gb (0),1,,13,cupy_copy__complex64_complex64
3338430138,1856,179465,1,1,1,1,1,1,18,0.000,0.000,,,,,NVIDIA A100-SXM4-40GB MIG 4g.20gb (0),1,,13,cupy_copy__float32_float32
3338461497,1664,179471,,,,,,,,,,0.000,2.404,Device,Pageable,NVIDIA A100-SXM4-40GB MIG 4g.20gb (0),1,,7,[CUDA memcpy Device-to-Host]
3338521849,12799,179482,1434,1,1,128,1,1,16,0.000,0.000,,,,,NVIDIA A100-SXM4-40GB MIG 4g.20gb (0),1,,13,cupy_copy__complex64_complex64
3338547832,2752,179489,103,1,1,128,1,1,16,0.000,0.000,,,,,NVIDIA A100-SXM4-40GB MIG 4g.20gb (0),1,,13,cupy_copy__complex64_complex64
3338568696,2720,179496,35,1,1,128,1,1,16,0.000,0.000,,,,,NVIDIA A100-SXM4-40GB MIG 4g.20gb (0),1,,13,cupy_copy__complex64_complex64
3338586776,1856,179503,1,1,1,1,1,1,18,0.000,0.000,,,,,NVIDIA A100-SXM4-40GB MIG 4g.20gb (0),1,,13,cupy_copy__float32_float32
3338718614,82975,179514,1,1,1,32,32,1,30,0.000,0.000,,,,,NVIDIA A100-SXM4-40GB MIG 4g.20gb (0),1,,13,"void convert_kernel<__half2, float2>(tensor_layout_any, T1 *, tensor_layout_any, const T2 *)"
3338829237,5568,179517,,,,,,,,,,0.094,16827.521,Pinned,Device,NVIDIA A100-SXM4-40GB MIG 4g.20gb (0),1,,13,[CUDA memcpy Host-to-Device]
3338850164,3360,179518,,,,,,,,,,1.547,460304.688,Device,,NVIDIA A100-SXM4-40GB MIG 4g.20gb (0),1,,13,[CUDA memset]
3338857332,3040,179523,,,,,,,,,,0.031,10294.725,Pinned,Device,NVIDIA A100-SXM4-40GB MIG 4g.20gb (0),1,,13,[CUDA memcpy Host-to-Device]
3338862804,9504,179524,,,,,,,,,,0.197,20686.701,Pinned,Device,NVIDIA A100-SXM4-40GB MIG 4g.20gb (0),1,,13,[CUDA memcpy Host-to-Device]
3338878068,8000,179525,273,1,1,8,4,1,39,0.002,0.000,,,,,NVIDIA A100-SXM4-40GB MIG 4g.20gb (0),1,,13,"void channel_eq::eqMmseCoefCompLowMimoKernel<float, float, float, (unsigned int)4, (unsigned int)1, (unsigned int)4>(const channel_eq::_puschRxChEqStatDescr *, channel_eq::_puschRxChEqCoefCompDynDescr)"
3338887860,5344,179526,273,1,1,12,11,1,51,0.002,0.000,,,,,NVIDIA A100-SXM4-40GB MIG 4g.20gb (0),1,,13,"void channel_eq::eqMmseSoftDemapKernel<float, __half, __half, float, (unsigned int)4, (unsigned short)16383>(channel_eq::_puschRxChEqStatDescr *, channel_eq::_puschRxChEqSoftDemapDynDescr)"
3338895252,293628,179527,1,1,1,32,32,1,30,0.000,0.000,,,,,NVIDIA A100-SXM4-40GB MIG 4g.20gb (0),1,,13,"void convert_kernel<float2, __half2>(tensor_layout_any, T1 *, tensor_layout_any, const T2 *)"
3339191568,11264,179539,2253,1,1,128,1,1,16,0.000,0.000,,,,,NVIDIA A100-SXM4-40GB MIG 4g.20gb (0),1,,13,cupy_copy__float16_float16
3339205008,2912,179548,282,1,1,128,1,1,16,0.000,0.000,,,,,NVIDIA A100-SXM4-40GB MIG 4g.20gb (0),1,,13,cupy_copy__complex64_complex64
3339209136,2016,179557,26,1,1,128,1,1,16,0.000,0.000,,,,,NVIDIA A100-SXM4-40GB MIG 4g.20gb (0),1,,13,cupy_copy__float32_float32
3339212464,3712,179566,103,1,1,128,1,1,16,0.000,0.000,,,,,NVIDIA A100-SXM4-40GB MIG 4g.20gb (0),1,,13,cupy_copy__complex64_complex64
3339217200,11968,179576,1434,1,1,128,1,1,16,0.000,0.000,,,,,NVIDIA A100-SXM4-40GB MIG 4g.20gb (0),1,,13,cupy_copy__complex64_complex64
3339230640,82911,179581,1,1,1,32,32,1,30,0.000,0.000,,,,,NVIDIA A100-SXM4-40GB MIG 4g.20gb (0),1,,13,"void convert_kernel<__half2, float2>(tensor_layout_any, T1 *, tensor_layout_any, const T2 *)"
3339339886,5664,179584,,,,,,,,,,0.094,16542.310,Pinned,Device,NVIDIA A100-SXM4-40GB MIG 4g.20gb (0),1,,13,[CUDA memcpy Host-to-Device]
3339349582,605817,179585,,,,,,,,,,456.561,753326.376,Device,,NVIDIA A100-SXM4-40GB MIG 4g.20gb (0),1,,13,[CUDA memset]
3339959623,67391,179590,,,,,,,,,,1.235,18324.099,Pinned,Device,NVIDIA A100-SXM4-40GB MIG 4g.20gb (0),1,,13,[CUDA memcpy Host-to-Device]
3340030790,15552,179591,,,,,,,,,,0.197,12641.894,Pinned,Device,NVIDIA A100-SXM4-40GB MIG 4g.20gb (0),1,,13,[CUDA memcpy Host-to-Device]
3340051622,8415,179592,69,4,1,48,1,1,76,0.002,0.000,,,,,NVIDIA A100-SXM4-40GB MIG 4g.20gb (0),1,,13,"void ch_est::windowedChEstPreNoDftSOfdmKernel<float, __half, float, (unsigned int)2, (unsigned int)1, (unsigned short)4>(ch_est::puschRxChEstStatDescr_t *, ch_est::puschRxChEstDynDescr_t *)"
3340062821,6848,179593,137,2,1,24,2,1,44,0.001,0.001,,,,,NVIDIA A100-SXM4-40GB MIG 4g.20gb (0),1,,13,"void ch_est::chEstFilterNoDftSOfdmDispatchKernel<float, __half, float, (unsigned int)2>(ch_est::puschRxChEstStatDescr_t *, ch_est::puschRxChEstDynDescr_t *)"
3340074469,6720,179594,137,2,1,24,2,1,44,0.001,0.001,,,,,NVIDIA A100-SXM4-40GB MIG 4g.20gb (0),1,,13,"void ch_est::chEstFilterNoDftSOfdmDispatchKernel<float, __half, float, (unsigned int)2>(ch_est::puschRxChEstStatDescr_t *, ch_est::puschRxChEstDynDescr_t *)"
3340086789,2560,179605,103,1,1,128,1,1,16,0.000,0.000,,,,,NVIDIA A100-SXM4-40GB MIG 4g.20gb (0),1,,13,cupy_copy__complex64_complex64
3340093253,12800,179615,1434,1,1,128,1,1,16,0.000,0.000,,,,,NVIDIA A100-SXM4-40GB MIG 4g.20gb (0),1,,13,cupy_copy__complex64_complex64
3340111717,2272,179622,103,1,1,128,1,1,16,0.000,0.000,,,,,NVIDIA A100-SXM4-40GB MIG 4g.20gb (0),1,,13,cupy_copy__complex64_complex64
3340119237,92383,179629,1,1,1,32,32,1,30,0.000,0.000,,,,,NVIDIA A100-SXM4-40GB MIG 4g.20gb (0),1,,13,"void convert_kernel<__half2, float2>(tensor_layout_any, T1 *, tensor_layout_any, const T2 *)"
3340240099,8800,179632,,,,,,,,,,0.094,10647.239,Pinned,Device,NVIDIA A100-SXM4-40GB MIG 4g.20gb (0),1,,13,[CUDA memcpy Host-to-Device]
3340254403,48383,179633,,,,,,,,,,35.810,740119.427,Device,,NVIDIA A100-SXM4-40GB MIG 4g.20gb (0),1,,13,[CUDA memset]
3340306466,3840,179635,,,,,,,,,,0.000,20.833,Pinned,Device,NVIDIA A100-SXM4-40GB MIG 4g.20gb (0),1,,13,[CUDA memcpy Host-to-Device]
3340313346,12992,179636,,,,,,,,,,0.197,15132.918,Pinned,Device,NVIDIA A100-SXM4-40GB MIG 4g.20gb (0),1,,13,[CUDA memcpy Host-to-Device]
3340335330,11328,179637,273,1,1,48,1,1,40,0.000,0.001,,,,,NVIDIA A100-SXM4-40GB MIG 4g.20gb (0),1,,13,"void pusch_noise_intf_est::noiseIntfEstNoDftSOfdmKernel<float, __half, float, float, (unsigned int)2, (unsigned int)1, (unsigned char)4, (unsigned char)4>(pusch_noise_intf_est::puschRxNoiseIntfEstDynDescr)"
3340348802,2944,179648,35,1,1,128,1,1,16,0.000,0.000,,,,,NVIDIA A100-SXM4-40GB MIG 4g.20gb (0),1,,13,cupy_copy__complex64_complex64
3340360738,1984,179657,1,1,1,1,1,1,18,0.000,0.000,,,,,NVIDIA A100-SXM4-40GB MIG 4g.20gb (0),1,,13,cupy_copy__float32_float32
3340390689,2272,179663,,,,,,,,,,0.000,1.761,Device,Pageable,NVIDIA A100-SXM4-40GB MIG 4g.20gb (0),1,,7,[CUDA memcpy Device-to-Host]
3340451361,12991,179674,1434,1,1,128,1,1,16,0.000,0.000,,,,,NVIDIA A100-SXM4-40GB MIG 4g.20gb (0),1,,13,cupy_copy__complex64_complex64
3340478080,3680,179681,103,1,1,128,1,1,16,0.000,0.000,,,,,NVIDIA A100-SXM4-40GB MIG 4g.20gb (0),1,,13,cupy_copy__complex64_complex64
3340498304,2368,179688,35,1,1,128,1,1,16,0.000,0.000,,,,,NVIDIA A100-SXM4-40GB MIG 4g.20gb (0),1,,13,cupy_copy__complex64_complex64
3340517056,1792,179695,1,1,1,1,1,1,18,0.000,0.000,,,,,NVIDIA A100-SXM4-40GB MIG 4g.20gb (0),1,,13,cupy_copy__float32_float32
3340650462,82655,179706,1,1,1,32,32,1,30,0.000,0.000,,,,,NVIDIA A100-SXM4-40GB MIG 4g.20gb (0),1,,13,"void convert_kernel<__half2, float2>(tensor_layout_any, T1 *, tensor_layout_any, const T2 *)"
3340760637,5408,179709,,,,,,,,,,0.094,17325.421,Pinned,Device,NVIDIA A100-SXM4-40GB MIG 4g.20gb (0),1,,13,[CUDA memcpy Host-to-Device]
3340774525,3360,179710,,,,,,,,,,1.547,460304.688,Device,,NVIDIA A100-SXM4-40GB MIG 4g.20gb (0),1,,13,[CUDA memset]
3340781277,3168,179715,,,,,,,,,,0.031,9878.770,Pinned,Device,NVIDIA A100-SXM4-40GB MIG 4g.20gb (0),1,,13,[CUDA memcpy Host-to-Device]
3340787804,9440,179716,,,,,,,,,,0.197,20827.079,Pinned,Device,NVIDIA A100-SXM4-40GB MIG 4g.20gb (0),1,,13,[CUDA memcpy Host-to-Device]
3340801820,6592,179717,273,1,1,8,4,1,39,0.002,0.000,,,,,NVIDIA A100-SXM4-40GB MIG 4g.20gb (0),1,,13,"void channel_eq::eqMmseCoefCompLowMimoKernel<float, float, float, (unsigned int)4, (unsigned int)1, (unsigned int)4>(const channel_eq::_puschRxChEqStatDescr *, channel_eq::_puschRxChEqCoefCompDynDescr)"
3340809340,6080,179718,273,1,1,12,11,1,51,0.002,0.000,,,,,NVIDIA A100-SXM4-40GB MIG 4g.20gb (0),1,,13,"void channel_eq::eqMmseSoftDemapKernel<float, __half, __half, float, (unsigned int)4, (unsigned short)16383>(channel_eq::_puschRxChEqStatDescr *, channel_eq::_puschRxChEqSoftDemapDynDescr)"
3340816412,282269,179719,1,1,1,32,32,1,30,0.000,0.000,,,,,NVIDIA A100-SXM4-40GB MIG 4g.20gb (0),1,,13,"void convert_kernel<float2, __half2>(tensor_layout_any, T1 *, tensor_layout_any, const T2 *)"
3341102617,11071,179731,2253,1,1,128,1,1,16,0.000,0.000,,,,,NVIDIA A100-SXM4-40GB MIG 4g.20gb (0),1,,13,cupy_copy__float16_float16
3341114936,3392,179740,282,1,1,128,1,1,16,0.000,0.000,,,,,NVIDIA A100-SXM4-40GB MIG 4g.20gb (0),1,,13,cupy_copy__complex64_complex64
3341119352,2208,179749,26,1,1,128,1,1,16,0.000,0.000,,,,,NVIDIA A100-SXM4-40GB MIG 4g.20gb (0),1,,13,cupy_copy__float32_float32
3341124280,2976,179758,103,1,1,128,1,1,16,0.000,0.000,,,,,NVIDIA A100-SXM4-40GB MIG 4g.20gb (0),1,,13,cupy_copy__complex64_complex64
3341128248,11904,179768,1434,1,1,128,1,1,16,0.000,0.000,,,,,NVIDIA A100-SXM4-40GB MIG 4g.20gb (0),1,,13,cupy_copy__complex64_complex64
3341146296,87103,179773,1,1,1,32,32,1,30,0.000,0.000,,,,,NVIDIA A100-SXM4-40GB MIG 4g.20gb (0),1,,13,"void convert_kernel<__half2, float2>(tensor_layout_any, T1 *, tensor_layout_any, const T2 *)"
3341259703,5344,179776,,,,,,,,,,0.094,17532.864,Pinned,Device,NVIDIA A100-SXM4-40GB MIG 4g.20gb (0),1,,13,[CUDA memcpy Host-to-Device]
3341271383,604440,179777,,,,,,,,,,456.561,755152.622,Device,,NVIDIA A100-SXM4-40GB MIG 4g.20gb (0),1,,13,[CUDA memset]
3341879567,68319,179782,,,,,,,,,,1.235,18075.875,Pinned,Device,NVIDIA A100-SXM4-40GB MIG 4g.20gb (0),1,,13,[CUDA memcpy Host-to-Device]
3341953166,14912,179783,,,,,,,,,,0.197,13184.532,Pinned,Device,NVIDIA A100-SXM4-40GB MIG 4g.20gb (0),1,,13,[CUDA memcpy Host-to-Device]
3341972334,8384,179784,69,4,1,48,1,1,76,0.002,0.000,,,,,NVIDIA A100-SXM4-40GB MIG 4g.20gb (0),1,,13,"void ch_est::windowedChEstPreNoDftSOfdmKernel<float, __half, float, (unsigned int)2, (unsigned int)1, (unsigned short)4>(ch_est::puschRxChEstStatDescr_t *, ch_est::puschRxChEstDynDescr_t *)"
3341983950,6240,179785,137,2,1,24,2,1,44,0.001,0.001,,,,,NVIDIA A100-SXM4-40GB MIG 4g.20gb (0),1,,13,"void ch_est::chEstFilterNoDftSOfdmDispatchKernel<float, __half, float, (unsigned int)2>(ch_est::puschRxChEstStatDescr_t *, ch_est::puschRxChEstDynDescr_t *)"
3341992046,6816,179786,137,2,1,24,2,1,44,0.001,0.001,,,,,NVIDIA A100-SXM4-40GB MIG 4g.20gb (0),1,,13,"void ch_est::chEstFilterNoDftSOfdmDispatchKernel<float, __half, float, (unsigned int)2>(ch_est::puschRxChEstStatDescr_t *, ch_est::puschRxChEstDynDescr_t *)"
3342003469,2656,179797,103,1,1,128,1,1,16,0.000,0.000,,,,,NVIDIA A100-SXM4-40GB MIG 4g.20gb (0),1,,13,cupy_copy__complex64_complex64
3342009069,12544,179807,1434,1,1,128,1,1,16,0.000,0.000,,,,,NVIDIA A100-SXM4-40GB MIG 4g.20gb (0),1,,13,cupy_copy__complex64_complex64
3342027341,2624,179814,103,1,1,128,1,1,16,0.000,0.000,,,,,NVIDIA A100-SXM4-40GB MIG 4g.20gb (0),1,,13,cupy_copy__complex64_complex64
3342033293,84671,179821,1,1,1,32,32,1,30,0.000,0.000,,,,,NVIDIA A100-SXM4-40GB MIG 4g.20gb (0),1,,13,"void convert_kernel<__half2, float2>(tensor_layout_any, T1 *, tensor_layout_any, const T2 *)"
3342146028,8800,179824,,,,,,,,,,0.094,10647.239,Pinned,Device,NVIDIA A100-SXM4-40GB MIG 4g.20gb (0),1,,13,[CUDA memcpy Host-to-Device]
3342161484,48799,179825,,,,,,,,,,35.810,733816.881,Device,,NVIDIA A100-SXM4-40GB MIG 4g.20gb (0),1,,13,[CUDA memset]
3342213259,4512,179827,,,,,,,,,,0.000,17.730,Pinned,Device,NVIDIA A100-SXM4-40GB MIG 4g.20gb (0),1,,13,[CUDA memcpy Host-to-Device]
3342220843,12544,179828,,,,,,,,,,0.197,15673.393,Pinned,Device,NVIDIA A100-SXM4-40GB MIG 4g.20gb (0),1,,13,[CUDA memcpy Host-to-Device]
3342239851,9567,179829,273,1,1,48,1,1,40,0.000,0.001,,,,,NVIDIA A100-SXM4-40GB MIG 4g.20gb (0),1,,13,"void pusch_noise_intf_est::noiseIntfEstNoDftSOfdmKernel<float, __half, float, float, (unsigned int)2, (unsigned int)1, (unsigned char)4, (unsigned char)4>(pusch_noise_intf_est::puschRxNoiseIntfEstDynDescr)"
3342254602,2880,179840,35,1,1,128,1,1,16,0.000,0.000,,,,,NVIDIA A100-SXM4-40GB MIG 4g.20gb (0),1,,13,cupy_copy__complex64_complex64
3342267690,1984,179849,1,1,1,1,1,1,18,0.000,0.000,,,,,NVIDIA A100-SXM4-40GB MIG 4g.20gb (0),1,,13,cupy_copy__float32_float32
3342298634,1632,179855,,,,,,,,,,0.000,2.451,Device,Pageable,NVIDIA A100-SXM4-40GB MIG 4g.20gb (0),1,,7,[CUDA memcpy Device-to-Host]
3342359273,12768,179866,1434,1,1,128,1,1,16,0.000,0.000,,,,,NVIDIA A100-SXM4-40GB MIG 4g.20gb (0),1,,13,cupy_copy__complex64_complex64
3342387081,2880,179873,103,1,1,128,1,1,16,0.000,0.000,,,,,NVIDIA A100-SXM4-40GB MIG 4g.20gb (0),1,,13,cupy_copy__complex64_complex64
3342406120,2752,179880,35,1,1,128,1,1,16,0.000,0.000,,,,,NVIDIA A100-SXM4-40GB MIG 4g.20gb (0),1,,13,cupy_copy__complex64_complex64
3342427336,1760,179887,1,1,1,1,1,1,18,0.000,0.000,,,,,NVIDIA A100-SXM4-40GB MIG 4g.20gb (0),1,,13,cupy_copy__float32_float32
3342558887,81887,179898,1,1,1,32,32,1,30,0.000,0.000,,,,,NVIDIA A100-SXM4-40GB MIG 4g.20gb (0),1,,13,"void convert_kernel<__half2, float2>(tensor_layout_any, T1 *, tensor_layout_any, const T2 *)"
3342668165,5408,179901,,,,,,,,,,0.094,17325.421,Pinned,Device,NVIDIA A100-SXM4-40GB MIG 4g.20gb (0),1,,13,[CUDA memcpy Host-to-Device]
3342682341,3200,179902,,,,,,,,,,1.547,483320.000,Device,,NVIDIA A100-SXM4-40GB MIG 4g.20gb (0),1,,13,[CUDA memset]
3342689189,3008,179907,,,,,,,,,,0.031,10404.230,Pinned,Device,NVIDIA A100-SXM4-40GB MIG 4g.20gb (0),1,,13,[CUDA memcpy Host-to-Device]
3342694789,9440,179908,,,,,,,,,,0.197,20827.079,Pinned,Device,NVIDIA A100-SXM4-40GB MIG 4g.20gb (0),1,,13,[CUDA memcpy Host-to-Device]
3342708677,6208,179909,273,1,1,8,4,1,39,0.002,0.000,,,,,NVIDIA A100-SXM4-40GB MIG 4g.20gb (0),1,,13,"void channel_eq::eqMmseCoefCompLowMimoKernel<float, float, float, (unsigned int)4, (unsigned int)1, (unsigned int)4>(const channel_eq::_puschRxChEqStatDescr *, channel_eq::_puschRxChEqCoefCompDynDescr)"
3342717445,6304,179910,273,1,1,12,11,1,51,0.002,0.000,,,,,NVIDIA A100-SXM4-40GB MIG 4g.20gb (0),1,,13,"void channel_eq::eqMmseSoftDemapKernel<float, __half, __half, float, (unsigned int)4, (unsigned short)16383>(channel_eq::_puschRxChEqStatDescr *, channel_eq::_puschRxChEqSoftDemapDynDescr)"
3342725317,295036,179911,1,1,1,32,32,1,30,0.000,0.000,,,,,NVIDIA A100-SXM4-40GB MIG 4g.20gb (0),1,,13,"void convert_kernel<float2, __half2>(tensor_layout_any, T1 *, tensor_layout_any, const T2 *)"
3343021569,10848,179923,2253,1,1,128,1,1,16,0.000,0.000,,,,,NVIDIA A100-SXM4-40GB MIG 4g.20gb (0),1,,13,cupy_copy__float16_float16
3343035777,3328,179932,282,1,1,128,1,1,16,0.000,0.000,,,,,NVIDIA A100-SXM4-40GB MIG 4g.20gb (0),1,,13,cupy_copy__complex64_complex64
3343042593,2112,179941,26,1,1,128,1,1,16,0.000,0.000,,,,,NVIDIA A100-SXM4-40GB MIG 4g.20gb (0),1,,13,cupy_copy__float32_float32
3343047265,4288,179950,103,1,1,128,1,1,16,0.000,0.000,,,,,NVIDIA A100-SXM4-40GB MIG 4g.20gb (0),1,,13,cupy_copy__complex64_complex64
3343054848,12480,179960,1434,1,1,128,1,1,16,0.000,0.000,,,,,NVIDIA A100-SXM4-40GB MIG 4g.20gb (0),1,,13,cupy_copy__complex64_complex64
3343069024,88031,179965,1,1,1,32,32,1,30,0.000,0.000,,,,,NVIDIA A100-SXM4-40GB MIG 4g.20gb (0),1,,13,"void convert_kernel<__half2, float2>(tensor_layout_any, T1 *, tensor_layout_any, const T2 *)"
3343184255,5568,179968,,,,,,,,,,0.094,16827.521,Pinned,Device,NVIDIA A100-SXM4-40GB MIG 4g.20gb (0),1,,13,[CUDA memcpy Host-to-Device]
3343195167,603384,179969,,,,,,,,,,456.561,756522.306,Device,,NVIDIA A100-SXM4-40GB MIG 4g.20gb (0),1,,13,[CUDA memset]
3343800663,70399,179974,,,,,,,,,,1.235,17541.145,Pinned,Device,NVIDIA A100-SXM4-40GB MIG 4g.20gb (0),1,,13,[CUDA memcpy Host-to-Device]
3343874742,14240,179975,,,,,,,,,,0.197,13806.600,Pinned,Device,NVIDIA A100-SXM4-40GB MIG 4g.20gb (0),1,,13,[CUDA memcpy Host-to-Device]
3343896278,7968,179976,69,4,1,48,1,1,76,0.002,0.000,,,,,NVIDIA A100-SXM4-40GB MIG 4g.20gb (0),1,,13,"void ch_est::windowedChEstPreNoDftSOfdmKernel<float, __half, float, (unsigned int)2, (unsigned int)1, (unsigned short)4>(ch_est::puschRxChEstStatDescr_t *, ch_est::puschRxChEstDynDescr_t *)"
3343906326,7072,179977,137,2,1,24,2,1,44,0.001,0.001,,,,,NVIDIA A100-SXM4-40GB MIG 4g.20gb (0),1,,13,"void ch_est::chEstFilterNoDftSOfdmDispatchKernel<float, __half, float, (unsigned int)2>(ch_est::puschRxChEstStatDescr_t *, ch_est::puschRxChEstDynDescr_t *)"
3343915158,5568,179978,137,2,1,24,2,1,44,0.001,0.001,,,,,NVIDIA A100-SXM4-40GB MIG 4g.20gb (0),1,,13,"void ch_est::chEstFilterNoDftSOfdmDispatchKernel<float, __half, float, (unsigned int)2>(ch_est::puschRxChEstStatDescr_t *, ch_est::puschRxChEstDynDescr_t *)"
3343925142,2560,179989,103,1,1,128,1,1,16,0.000,0.000,,,,,NVIDIA A100-SXM4-40GB MIG 4g.20gb (0),1,,13,cupy_copy__complex64_complex64
3343931798,12927,179999,1434,1,1,128,1,1,16,0.000,0.000,,,,,NVIDIA A100-SXM4-40GB MIG 4g.20gb (0),1,,13,cupy_copy__complex64_complex64
3343949077,2624,180006,103,1,1,128,1,1,16,0.000,0.000,,,,,NVIDIA A100-SXM4-40GB MIG 4g.20gb (0),1,,13,cupy_copy__complex64_complex64
3343954709,90975,180013,1,1,1,32,32,1,30,0.000,0.000,,,,,NVIDIA A100-SXM4-40GB MIG 4g.20gb (0),1,,13,"void convert_kernel<__half2, float2>(tensor_layout_any, T1 *, tensor_layout_any, const T2 *)"
3344075700,9888,180016,,,,,,,,,,0.094,9475.664,Pinned,Device,NVIDIA A100-SXM4-40GB MIG 4g.20gb (0),1,,13,[CUDA memcpy Host-to-Device]
3344091412,47487,180017,,,,,,,,,,35.810,754085.295,Device,,NVIDIA A100-SXM4-40GB MIG 4g.20gb (0),1,,13,[CUDA memset]
3344139955,4896,180019,,,,,,,,,,0.000,16.340,Pinned,Device,NVIDIA A100-SXM4-40GB MIG 4g.20gb (0),1,,13,[CUDA memcpy Host-to-Device]
3344148819,12352,180020,,,,,,,,,,0.197,15916.990,Pinned,Device,NVIDIA A100-SXM4-40GB MIG 4g.20gb (0),1,,13,[CUDA memcpy Host-to-Device]
3344168179,10176,180021,273,1,1,48,1,1,40,0.000,0.001,,,,,NVIDIA A100-SXM4-40GB MIG 4g.20gb (0),1,,13,"void pusch_noise_intf_est::noiseIntfEstNoDftSOfdmKernel<float, __half, float, float, (unsigned int)2, (unsigned int)1, (unsigned char)4, (unsigned char)4>(pusch_noise_intf_est::puschRxNoiseIntfEstDynDescr)"
3344183155,2623,180032,35,1,1,128,1,1,16,0.000,0.000,,,,,NVIDIA A100-SXM4-40GB MIG 4g.20gb (0),1,,13,cupy_copy__complex64_complex64
3344196722,1760,180041,1,1,1,1,1,1,18,0.000,0.000,,,,,NVIDIA A100-SXM4-40GB MIG 4g.20gb (0),1,,13,cupy_copy__float32_float32
3344226674,2016,180047,,,,,,,,,,0.000,1.984,Device,Pageable,NVIDIA A100-SXM4-40GB MIG 4g.20gb (0),1,,7,[CUDA memcpy Device-to-Host]
3344287665,13056,180058,1434,1,1,128,1,1,16,0.000,0.000,,,,,NVIDIA A100-SXM4-40GB MIG 4g.20gb (0),1,,13,cupy_copy__complex64_complex64
3344314641,2976,180065,103,1,1,128,1,1,16,0.000,0.000,,,,,NVIDIA A100-SXM4-40GB MIG 4g.20gb (0),1,,13,cupy_copy__complex64_complex64
3344339377,2592,180072,35,1,1,128,1,1,16,0.000,0.000,,,,,NVIDIA A100-SXM4-40GB MIG 4g.20gb (0),1,,13,cupy_copy__complex64_complex64
3344357488,1728,180079,1,1,1,1,1,1,18,0.000,0.000,,,,,NVIDIA A100-SXM4-40GB MIG 4g.20gb (0),1,,13,cupy_copy__float32_float32
3344489263,82239,180090,1,1,1,32,32,1,30,0.000,0.000,,,,,NVIDIA A100-SXM4-40GB MIG 4g.20gb (0),1,,13,"void convert_kernel<__half2, float2>(tensor_layout_any, T1 *, tensor_layout_any, const T2 *)"
3344598957,5536,180093,,,,,,,,,,0.094,16924.777,Pinned,Device,NVIDIA A100-SXM4-40GB MIG 4g.20gb (0),1,,13,[CUDA memcpy Host-to-Device]
3344612909,3328,180094,,,,,,,,,,1.547,464729.580,Device,,NVIDIA A100-SXM4-40GB MIG 4g.20gb (0),1,,13,[CUDA memset]
3344619853,3072,180099,,,,,,,,,,0.031,10187.474,Pinned,Device,NVIDIA A100-SXM4-40GB MIG 4g.20gb (0),1,,13,[CUDA memcpy Host-to-Device]
3344625357,9408,180100,,,,,,,,,,0.197,20897.858,Pinned,Device,NVIDIA A100-SXM4-40GB MIG 4g.20gb (0),1,,13,[CUDA memcpy Host-to-Device]
3344639117,6432,180101,273,1,1,8,4,1,39,0.002,0.000,,,,,NVIDIA A100-SXM4-40GB MIG 4g.20gb (0),1,,13,"void channel_eq::eqMmseCoefCompLowMimoKernel<float, float, float, (unsigned int)4, (unsigned int)1, (unsigned int)4>(const channel_eq::_puschRxChEqStatDescr *, channel_eq::_puschRxChEqCoefCompDynDescr)"
3344647021,5536,180102,273,1,1,12,11,1,51,0.002,0.000,,,,,NVIDIA A100-SXM4-40GB MIG 4g.20gb (0),1,,13,"void channel_eq::eqMmseSoftDemapKernel<float, __half, __half, float, (unsigned int)4, (unsigned short)16383>(channel_eq::_puschRxChEqStatDescr *, channel_eq::_puschRxChEqSoftDemapDynDescr)"
3344653613,282204,180103,1,1,1,32,32,1,30,0.000,0.000,,,,,NVIDIA A100-SXM4-40GB MIG 4g.20gb (0),1,,13,"void convert_kernel<float2, __half2>(tensor_layout_any, T1 *, tensor_layout_any, const T2 *)"
3344938761,11040,180115,2253,1,1,128,1,1,16,0.000,0.000,,,,,NVIDIA A100-SXM4-40GB MIG 4g.20gb (0),1,,13,cupy_copy__float16_float16
3344951241,3552,180124,282,1,1,128,1,1,16,0.000,0.000,,,,,NVIDIA A100-SXM4-40GB MIG 4g.20gb (0),1,,13,cupy_copy__complex64_complex64
3344955817,2016,180133,26,1,1,128,1,1,16,0.000,0.000,,,,,NVIDIA A100-SXM4-40GB MIG 4g.20gb (0),1,,13,cupy_copy__float32_float32
3344960585,4480,180142,103,1,1,128,1,1,16,0.000,0.000,,,,,NVIDIA A100-SXM4-40GB MIG 4g.20gb (0),1,,13,cupy_copy__complex64_complex64
3344967401,12288,180152,1434,1,1,128,1,1,16,0.000,0.000,,,,,NVIDIA A100-SXM4-40GB MIG 4g.20gb (0),1,,13,cupy_copy__complex64_complex64
3344984041,82271,180157,1,1,1,32,32,1,30,0.000,0.000,,,,,NVIDIA A100-SXM4-40GB MIG 4g.20gb (0),1,,13,"void convert_kernel<__half2, float2>(tensor_layout_any, T1 *, tensor_layout_any, const T2 *)"
3345093127,5408,180160,,,,,,,,,,0.094,17325.421,Pinned,Device,NVIDIA A100-SXM4-40GB MIG 4g.20gb (0),1,,13,[CUDA memcpy Host-to-Device]
3345107047,604761,180161,,,,,,,,,,456.561,754696.060,Device,,NVIDIA A100-SXM4-40GB MIG 4g.20gb (0),1,,13,[CUDA memset]
3345714368,67871,180166,,,,,,,,,,1.235,18194.430,Pinned,Device,NVIDIA A100-SXM4-40GB MIG 4g.20gb (0),1,,13,[CUDA memcpy Host-to-Device]
3345784991,14624,180167,,,,,,,,,,0.197,13444.055,Pinned,Device,NVIDIA A100-SXM4-40GB MIG 4g.20gb (0),1,,13,[CUDA memcpy Host-to-Device]
3345807166,8864,180168,69,4,1,48,1,1,76,0.002,0.000,,,,,NVIDIA A100-SXM4-40GB MIG 4g.20gb (0),1,,13,"void ch_est::windowedChEstPreNoDftSOfdmKernel<float, __half, float, (unsigned int)2, (unsigned int)1, (unsigned short)4>(ch_est::puschRxChEstStatDescr_t *, ch_est::puschRxChEstDynDescr_t *)"
3345818846,6400,180169,137,2,1,24,2,1,44,0.001,0.001,,,,,NVIDIA A100-SXM4-40GB MIG 4g.20gb (0),1,,13,"void ch_est::chEstFilterNoDftSOfdmDispatchKernel<float, __half, float, (unsigned int)2>(ch_est::puschRxChEstStatDescr_t *, ch_est::puschRxChEstDynDescr_t *)"
3345827966,5408,180170,137,2,1,24,2,1,44,0.001,0.001,,,,,NVIDIA A100-SXM4-40GB MIG 4g.20gb (0),1,,13,"void ch_est::chEstFilterNoDftSOfdmDispatchKernel<float, __half, float, (unsigned int)2>(ch_est::puschRxChEstStatDescr_t *, ch_est::puschRxChEstDynDescr_t *)"
3345838078,2848,180181,103,1,1,128,1,1,16,0.000,0.000,,,,,NVIDIA A100-SXM4-40GB MIG 4g.20gb (0),1,,13,cupy_copy__complex64_complex64
3345844062,12480,180191,1434,1,1,128,1,1,16,0.000,0.000,,,,,NVIDIA A100-SXM4-40GB MIG 4g.20gb (0),1,,13,cupy_copy__complex64_complex64
3345862846,2592,180198,103,1,1,128,1,1,16,0.000,0.000,,,,,NVIDIA A100-SXM4-40GB MIG 4g.20gb (0),1,,13,cupy_copy__complex64_complex64
3345869918,88863,180205,1,1,1,32,32,1,30,0.000,0.000,,,,,NVIDIA A100-SXM4-40GB MIG 4g.20gb (0),1,,13,"void convert_kernel<__half2, float2>(tensor_layout_any, T1 *, tensor_layout_any, const T2 *)"
3345987452,8576,180208,,,,,,,,,,0.094,10925.328,Pinned,Device,NVIDIA A100-SXM4-40GB MIG 4g.20gb (0),1,,13,[CUDA memcpy Host-to-Device]
3346004476,47231,180209,,,,,,,,,,35.810,758167.626,Device,,NVIDIA A100-SXM4-40GB MIG 4g.20gb (0),1,,13,[CUDA memset]
3346058811,2368,180211,,,,,,,,,,0.000,33.784,Pinned,Device,NVIDIA A100-SXM4-40GB MIG 4g.20gb (0),1,,13,[CUDA memcpy Host-to-Device]
3346064859,12672,180212,,,,,,,,,,0.197,15515.124,Pinned,Device,NVIDIA A100-SXM4-40GB MIG 4g.20gb (0),1,,13,[CUDA memcpy Host-to-Device]
3346087323,11872,180213,273,1,1,48,1,1,40,0.000,0.001,,,,,NVIDIA A100-SXM4-40GB MIG 4g.20gb (0),1,,13,"void pusch_noise_intf_est::noiseIntfEstNoDftSOfdmKernel<float, __half, float, float, (unsigned int)2, (unsigned int)1, (unsigned char)4, (unsigned char)4>(pusch_noise_intf_est::puschRxNoiseIntfEstDynDescr)"
3346102299,2752,180224,35,1,1,128,1,1,16,0.000,0.000,,,,,NVIDIA A100-SXM4-40GB MIG 4g.20gb (0),1,,13,cupy_copy__complex64_complex64
3346108315,2048,180233,1,1,1,1,1,1,18,0.000,0.000,,,,,NVIDIA A100-SXM4-40GB MIG 4g.20gb (0),1,,13,cupy_copy__float32_float32
3346136826,2464,180239,,,,,,,,,,0.000,1.623,Device,Pageable,NVIDIA A100-SXM4-40GB MIG 4g.20gb (0),1,,7,[CUDA memcpy Device-to-Host]
3346199194,12863,180250,1434,1,1,128,1,1,16,0.000,0.000,,,,,NVIDIA A100-SXM4-40GB MIG 4g.20gb (0),1,,13,cupy_copy__complex64_complex64
3346228921,2880,180257,103,1,1,128,1,1,16,0.000,0.000,,,,,NVIDIA A100-SXM4-40GB MIG 4g.20gb (0),1,,13,cupy_copy__complex64_complex64
3346248473,2624,180264,35,1,1,128,1,1,16,0.000,0.000,,,,,NVIDIA A100-SXM4-40GB MIG 4g.20gb (0),1,,13,cupy_copy__complex64_complex64
3346267001,1792,180271,1,1,1,1,1,1,18,0.000,0.000,,,,,NVIDIA A100-SXM4-40GB MIG 4g.20gb (0),1,,13,cupy_copy__float32_float32
3346397143,85791,180282,1,1,1,32,32,1,30,0.000,0.000,,,,,NVIDIA A100-SXM4-40GB MIG 4g.20gb (0),1,,13,"void convert_kernel<__half2, float2>(tensor_layout_any, T1 *, tensor_layout_any, const T2 *)"
3346510006,5408,180285,,,,,,,,,,0.094,17325.421,Pinned,Device,NVIDIA A100-SXM4-40GB MIG 4g.20gb (0),1,,13,[CUDA memcpy Host-to-Device]
3346524790,3584,180286,,,,,,,,,,1.547,431534.389,Device,,NVIDIA A100-SXM4-40GB MIG 4g.20gb (0),1,,13,[CUDA memset]
3346531573,3104,180291,,,,,,,,,,0.031,10082.445,Pinned,Device,NVIDIA A100-SXM4-40GB MIG 4g.20gb (0),1,,13,[CUDA memcpy Host-to-Device]
3346537109,9536,180292,,,,,,,,,,0.197,20617.298,Pinned,Device,NVIDIA A100-SXM4-40GB MIG 4g.20gb (0),1,,13,[CUDA memcpy Host-to-Device]
3346551221,6784,180293,273,1,1,8,4,1,39,0.002,0.000,,,,,NVIDIA A100-SXM4-40GB MIG 4g.20gb (0),1,,13,"void channel_eq::eqMmseCoefCompLowMimoKernel<float, float, float, (unsigned int)4, (unsigned int)1, (unsigned int)4>(const channel_eq::_puschRxChEqStatDescr *, channel_eq::_puschRxChEqCoefCompDynDescr)"
3346559061,5984,180294,273,1,1,12,11,1,51,0.002,0.000,,,,,NVIDIA A100-SXM4-40GB MIG 4g.20gb (0),1,,13,"void channel_eq::eqMmseSoftDemapKernel<float, __half, __half, float, (unsigned int)4, (unsigned short)16383>(channel_eq::_puschRxChEqStatDescr *, channel_eq::_puschRxChEqSoftDemapDynDescr)"
3346566069,282365,180295,1,1,1,32,32,1,30,0.000,0.000,,,,,NVIDIA A100-SXM4-40GB MIG 4g.20gb (0),1,,13,"void convert_kernel<float2, __half2>(tensor_layout_any, T1 *, tensor_layout_any, const T2 *)"
3346849426,10975,180307,2253,1,1,128,1,1,16,0.000,0.000,,,,,NVIDIA A100-SXM4-40GB MIG 4g.20gb (0),1,,13,cupy_copy__float16_float16
3346863921,3328,180316,282,1,1,128,1,1,16,0.000,0.000,,,,,NVIDIA A100-SXM4-40GB MIG 4g.20gb (0),1,,13,cupy_copy__complex64_complex64
3346870161,2272,180325,26,1,1,128,1,1,16,0.000,0.000,,,,,NVIDIA A100-SXM4-40GB MIG 4g.20gb (0),1,,13,cupy_copy__float32_float32
3346873457,2912,180334,103,1,1,128,1,1,16,0.000,0.000,,,,,NVIDIA A100-SXM4-40GB MIG 4g.20gb (0),1,,13,cupy_copy__complex64_complex64
3346877617,12096,180344,1434,1,1,128,1,1,16,0.000,0.000,,,,,NVIDIA A100-SXM4-40GB MIG 4g.20gb (0),1,,13,cupy_copy__complex64_complex64
3346905841,88287,180349,1,1,1,32,32,1,30,0.000,0.000,,,,,NVIDIA A100-SXM4-40GB MIG 4g.20gb (0),1,,13,"void convert_kernel<__half2, float2>(tensor_layout_any, T1 *, tensor_layout_any, const T2 *)"
3347021615,5408,180352,,,,,,,,,,0.094,17325.421,Pinned,Device,NVIDIA A100-SXM4-40GB MIG 4g.20gb (0),1,,13,[CUDA memcpy Host-to-Device]
3347031343,599993,180353,,,,,,,,,,456.561,760631.359,Device,,NVIDIA A100-SXM4-40GB MIG 4g.20gb (0),1,,13,[CUDA memset]
3347637480,70367,180358,,,,,,,,,,1.235,17549.789,Pinned,Device,NVIDIA A100-SXM4-40GB MIG 4g.20gb (0),1,,13,[CUDA memcpy Host-to-Device]
3347711527,15712,180359,,,,,,,,,,0.197,12513.116,Pinned,Device,NVIDIA A100-SXM4-40GB MIG 4g.20gb (0),1,,13,[CUDA memcpy Host-to-Device]
3347734823,7904,180360,69,4,1,48,1,1,76,0.002,0.000,,,,,NVIDIA A100-SXM4-40GB MIG 4g.20gb (0),1,,13,"void ch_est::windowedChEstPreNoDftSOfdmKernel<float, __half, float, (unsigned int)2, (unsigned int)1, (unsigned short)4>(ch_est::puschRxChEstStatDescr_t *, ch_est::puschRxChEstDynDescr_t *)"
3347746662,6592,180361,137,2,1,24,2,1,44,0.001,0.001,,,,,NVIDIA A100-SXM4-40GB MIG 4g.20gb (0),1,,13,"void ch_est::chEstFilterNoDftSOfdmDispatchKernel<float, __half, float, (unsigned int)2>(ch_est::puschRxChEstStatDescr_t *, ch_est::puschRxChEstDynDescr_t *)"
3347758438,5504,180362,137,2,1,24,2,1,44,0.001,0.001,,,,,NVIDIA A100-SXM4-40GB MIG 4g.20gb (0),1,,13,"void ch_est::chEstFilterNoDftSOfdmDispatchKernel<float, __half, float, (unsigned int)2>(ch_est::puschRxChEstStatDescr_t *, ch_est::puschRxChEstDynDescr_t *)"
3347768966,2528,180373,103,1,1,128,1,1,16,0.000,0.000,,,,,NVIDIA A100-SXM4-40GB MIG 4g.20gb (0),1,,13,cupy_copy__complex64_complex64
3347774758,12384,180383,1434,1,1,128,1,1,16,0.000,0.000,,,,,NVIDIA A100-SXM4-40GB MIG 4g.20gb (0),1,,13,cupy_copy__complex64_complex64
3347789542,2496,180390,103,1,1,128,1,1,16,0.000,0.000,,,,,NVIDIA A100-SXM4-40GB MIG 4g.20gb (0),1,,13,cupy_copy__complex64_complex64
3347797798,85055,180397,1,1,1,32,32,1,30,0.000,0.000,,,,,NVIDIA A100-SXM4-40GB MIG 4g.20gb (0),1,,13,"void convert_kernel<__half2, float2>(tensor_layout_any, T1 *, tensor_layout_any, const T2 *)"
3347912132,8832,180400,,,,,,,,,,0.094,10608.636,Pinned,Device,NVIDIA A100-SXM4-40GB MIG 4g.20gb (0),1,,13,[CUDA memcpy Host-to-Device]
3347926724,47648,180401,,,,,,,,,,35.810,751542.791,Device,,NVIDIA A100-SXM4-40GB MIG 4g.20gb (0),1,,13,[CUDA memset]
3347978948,4576,180403,,,,,,,,,,0.000,17.482,Pinned,Device,NVIDIA A100-SXM4-40GB MIG 4g.20gb (0),1,,13,[CUDA memcpy Host-to-Device]
3347986499,12384,180404,,,,,,,,,,0.197,15875.899,Pinned,Device,NVIDIA A100-SXM4-40GB MIG 4g.20gb (0),1,,13,[CUDA memcpy Host-to-Device]
3348008131,12480,180405,273,1,1,48,1,1,40,0.000,0.001,,,,,NVIDIA A100-SXM4-40GB MIG 4g.20gb (0),1,,13,"void pusch_noise_intf_est::noiseIntfEstNoDftSOfdmKernel<float, __half, float, float, (unsigned int)2, (unsigned int)1, (unsigned char)4, (unsigned char)4>(pusch_noise_intf_est::puschRxNoiseIntfEstDynDescr)"
3348025027,3008,180416,35,1,1,128,1,1,16,0.000,0.000,,,,,NVIDIA A100-SXM4-40GB MIG 4g.20gb (0),1,,13,cupy_copy__complex64_complex64
3348034435,1824,180425,1,1,1,1,1,1,18,0.000,0.000,,,,,NVIDIA A100-SXM4-40GB MIG 4g.20gb (0),1,,13,cupy_copy__float32_float32
3348064419,1664,180431,,,,,,,,,,0.000,2.404,Device,Pageable,NVIDIA A100-SXM4-40GB MIG 4g.20gb (0),1,,7,[CUDA memcpy Device-to-Host]
3348128546,12832,180442,1434,1,1,128,1,1,16,0.000,0.000,,,,,NVIDIA A100-SXM4-40GB MIG 4g.20gb (0),1,,13,cupy_copy__complex64_complex64
3348155489,2624,180449,103,1,1,128,1,1,16,0.000,0.000,,,,,NVIDIA A100-SXM4-40GB MIG 4g.20gb (0),1,,13,cupy_copy__complex64_complex64
3348176705,2176,180456,35,1,1,128,1,1,16,0.000,0.000,,,,,NVIDIA A100-SXM4-40GB MIG 4g.20gb (0),1,,13,cupy_copy__complex64_complex64
3348195009,1824,180463,1,1,1,1,1,1,18,0.000,0.000,,,,,NVIDIA A100-SXM4-40GB MIG 4g.20gb (0),1,,13,cupy_copy__float32_float32
3348327711,88351,180474,1,1,1,32,32,1,30,0.000,0.000,,,,,NVIDIA A100-SXM4-40GB MIG 4g.20gb (0),1,,13,"void convert_kernel<__half2, float2>(tensor_layout_any, T1 *, tensor_layout_any, const T2 *)"
3348443966,5472,180477,,,,,,,,,,0.094,17122.757,Pinned,Device,NVIDIA A100-SXM4-40GB MIG 4g.20gb (0),1,,13,[CUDA memcpy Host-to-Device]
3348458302,3392,180478,,,,,,,,,,1.547,455961.768,Device,,NVIDIA A100-SXM4-40GB MIG 4g.20gb (0),1,,13,[CUDA memset]
3348465406,3008,180483,,,,,,,,,,0.031,10404.230,Pinned,Device,NVIDIA A100-SXM4-40GB MIG 4g.20gb (0),1,,13,[CUDA memcpy Host-to-Device]
3348471006,9503,180484,,,,,,,,,,0.197,20688.863,Pinned,Device,NVIDIA A100-SXM4-40GB MIG 4g.20gb (0),1,,13,[CUDA memcpy Host-to-Device]
3348485629,8128,180485,273,1,1,8,4,1,39,0.002,0.000,,,,,NVIDIA A100-SXM4-40GB MIG 4g.20gb (0),1,,13,"void channel_eq::eqMmseCoefCompLowMimoKernel<float, float, float, (unsigned int)4, (unsigned int)1, (unsigned int)4>(const channel_eq::_puschRxChEqStatDescr *, channel_eq::_puschRxChEqCoefCompDynDescr)"
3348494941,5312,180486,273,1,1,12,11,1,51,0.002,0.000,,,,,NVIDIA A100-SXM4-40GB MIG 4g.20gb (0),1,,13,"void channel_eq::eqMmseSoftDemapKernel<float, __half, __half, float, (unsigned int)4, (unsigned short)16383>(channel_eq::_puschRxChEqStatDescr *, channel_eq::_puschRxChEqSoftDemapDynDescr)"
3348501661,294812,180487,1,1,1,32,32,1,30,0.000,0.000,,,,,NVIDIA A100-SXM4-40GB MIG 4g.20gb (0),1,,13,"void convert_kernel<float2, __half2>(tensor_layout_any, T1 *, tensor_layout_any, const T2 *)"
3348797529,11040,180499,2253,1,1,128,1,1,16,0.000,0.000,,,,,NVIDIA A100-SXM4-40GB MIG 4g.20gb (0),1,,13,cupy_copy__float16_float16
3348811609,2848,180508,282,1,1,128,1,1,16,0.000,0.000,,,,,NVIDIA A100-SXM4-40GB MIG 4g.20gb (0),1,,13,cupy_copy__complex64_complex64
3348816953,2368,180517,26,1,1,128,1,1,16,0.000,0.000,,,,,NVIDIA A100-SXM4-40GB MIG 4g.20gb (0),1,,13,cupy_copy__float32_float32
3348820249,3104,180526,103,1,1,128,1,1,16,0.000,0.000,,,,,NVIDIA A100-SXM4-40GB MIG 4g.20gb (0),1,,13,cupy_copy__complex64_complex64
3348825689,12096,180536,1434,1,1,128,1,1,16,0.000,0.000,,,,,NVIDIA A100-SXM4-40GB MIG 4g.20gb (0),1,,13,cupy_copy__complex64_complex64
3348841689,86367,180541,1,1,1,32,32,1,30,0.000,0.000,,,,,NVIDIA A100-SXM4-40GB MIG 4g.20gb (0),1,,13,"void convert_kernel<__half2, float2>(tensor_layout_any, T1 *, tensor_layout_any, const T2 *)"
3348955832,5471,180544,,,,,,,,,,0.094,17125.849,Pinned,Device,NVIDIA A100-SXM4-40GB MIG 4g.20gb (0),1,,13,[CUDA memcpy Host-to-Device]
3348965687,613241,180545,,,,,,,,,,456.561,744195.147,Device,,NVIDIA A100-SXM4-40GB MIG 4g.20gb (0),1,,13,[CUDA memset]
3349587152,67295,180550,,,,,,,,,,1.235,18350.033,Pinned,Device,NVIDIA A100-SXM4-40GB MIG 4g.20gb (0),1,,13,[CUDA memcpy Host-to-Device]
3349657871,15072,180551,,,,,,,,,,0.197,13044.548,Pinned,Device,NVIDIA A100-SXM4-40GB MIG 4g.20gb (0),1,,13,[CUDA memcpy Host-to-Device]
3349681423,8319,180552,69,4,1,48,1,1,76,0.002,0.000,,,,,NVIDIA A100-SXM4-40GB MIG 4g.20gb (0),1,,13,"void ch_est::windowedChEstPreNoDftSOfdmKernel<float, __half, float, (unsigned int)2, (unsigned int)1, (unsigned short)4>(ch_est::puschRxChEstStatDescr_t *, ch_est::puschRxChEstDynDescr_t *)"
3349692526,6144,180553,137,2,1,24,2,1,44,0.001,0.001,,,,,NVIDIA A100-SXM4-40GB MIG 4g.20gb (0),1,,13,"void ch_est::chEstFilterNoDftSOfdmDispatchKernel<float, __half, float, (unsigned int)2>(ch_est::puschRxChEstStatDescr_t *, ch_est::puschRxChEstDynDescr_t *)"
3349701006,5216,180554,137,2,1,24,2,1,44,0.001,0.001,,,,,NVIDIA A100-SXM4-40GB MIG 4g.20gb (0),1,,13,"void ch_est::chEstFilterNoDftSOfdmDispatchKernel<float, __half, float, (unsigned int)2>(ch_est::puschRxChEstStatDescr_t *, ch_est::puschRxChEstDynDescr_t *)"
3349707950,2720,180565,103,1,1,128,1,1,16,0.000,0.000,,,,,NVIDIA A100-SXM4-40GB MIG 4g.20gb (0),1,,13,cupy_copy__complex64_complex64
3349713038,12544,180575,1434,1,1,128,1,1,16,0.000,0.000,,,,,NVIDIA A100-SXM4-40GB MIG 4g.20gb (0),1,,13,cupy_copy__complex64_complex64
3349728142,3136,180582,103,1,1,128,1,1,16,0.000,0.000,,,,,NVIDIA A100-SXM4-40GB MIG 4g.20gb (0),1,,13,cupy_copy__complex64_complex64
3349733390,83423,180589,1,1,1,32,32,1,30,0.000,0.000,,,,,NVIDIA A100-SXM4-40GB MIG 4g.20gb (0),1,,13,"void convert_kernel<__half2, float2>(tensor_layout_any, T1 *, tensor_layout_any, const T2 *)"
3349844301,7775,180592,,,,,,,,,,0.094,12050.898,Pinned,Device,NVIDIA A100-SXM4-40GB MIG 4g.20gb (0),1,,13,[CUDA memcpy Host-to-Device]
3349862348,48352,180593,,,,,,,,,,35.810,740584.956,Device,,NVIDIA A100-SXM4-40GB MIG 4g.20gb (0),1,,13,[CUDA memset]
3349919244,3712,180595,,,,,,,,,,0.000,21.552,Pinned,Device,NVIDIA A100-SXM4-40GB MIG 4g.20gb (0),1,,13,[CUDA memcpy Host-to-Device]
3349928139,12672,180596,,,,,,,,,,0.197,15515.124,Pinned,Device,NVIDIA A100-SXM4-40GB MIG 4g.20gb (0),1,,13,[CUDA memcpy Host-to-Device]
3349950251,11616,180597,273,1,1,48,1,1,40,0.000,0.001,,,,,NVIDIA A100-SXM4-40GB MIG 4g.20gb (0),1,,13,"void pusch_noise_intf_est::noiseIntfEstNoDftSOfdmKernel<float, __half, float, float, (unsigned int)2, (unsigned int)1, (unsigned char)4, (unsigned char)4>(pusch_noise_intf_est::puschRxNoiseIntfEstDynDescr)"
3349964587,2688,180608,35,1,1,128,1,1,16,0.000,0.000,,,,,NVIDIA A100-SXM4-40GB MIG 4g.20gb (0),1,,13,cupy_copy__complex64_complex64
3349969387,2080,180617,1,1,1,1,1,1,18,0.000,0.000,,,,,NVIDIA A100-SXM4-40GB MIG 4g.20gb (0),1,,13,cupy_copy__float32_float32
3349999179,1696,180623,,,,,,,,,,0.000,2.358,Device,Pageable,NVIDIA A100-SXM4-40GB MIG 4g.20gb (0),1,,7,[CUDA memcpy Device-to-Host]
3350061354,12768,180634,1434,1,1,128,1,1,16,0.000,0.000,,,,,NVIDIA A100-SXM4-40GB MIG 4g.20gb (0),1,,13,cupy_copy__complex64_complex64
3350087210,2975,180641,103,1,1,128,1,1,16,0.000,0.000,,,,,NVIDIA A100-SXM4-40GB MIG 4g.20gb (0),1,,13,cupy_copy__complex64_complex64
3350106473,2336,180648,35,1,1,128,1,1,16,0.000,0.000,,,,,NVIDIA A100-SXM4-40GB MIG 4g.20gb (0),1,,13,cupy_copy__complex64_complex64
3350124457,1856,180655,1,1,1,1,1,1,18,0.000,0.000,,,,,NVIDIA A100-SXM4-40GB MIG 4g.20gb (0),1,,13,cupy_copy__float32_float32
3350255751,83263,180666,1,1,1,32,32,1,30,0.000,0.000,,,,,NVIDIA A100-SXM4-40GB MIG 4g.20gb (0),1,,13,"void convert_kernel<__half2, float2>(tensor_layout_any, T1 *, tensor_layout_any, const T2 *)"
3350366406,5504,180669,,,,,,,,,,0.094,17023.251,Pinned,Device,NVIDIA A100-SXM4-40GB MIG 4g.20gb (0),1,,13,[CUDA memcpy Host-to-Device]
3350380486,3488,180670,,,,,,,,,,1.547,443412.461,Device,,NVIDIA A100-SXM4-40GB MIG 4g.20gb (0),1,,13,[CUDA memset]
3350387334,3232,180675,,,,,,,,,,0.031,9683.139,Pinned,Device,NVIDIA A100-SXM4-40GB MIG 4g.20gb (0),1,,13,[CUDA memcpy Host-to-Device]
3350392998,9472,180676,,,,,,,,,,0.197,20756.693,Pinned,Device,NVIDIA A100-SXM4-40GB MIG 4g.20gb (0),1,,13,[CUDA memcpy Host-to-Device]
3350407174,6047,180677,273,1,1,8,4,1,39,0.002,0.000,,,,,NVIDIA A100-SXM4-40GB MIG 4g.20gb (0),1,,13,"void channel_eq::eqMmseCoefCompLowMimoKernel<float, float, float, (unsigned int)4, (unsigned int)1, (unsigned int)4>(const channel_eq::_puschRxChEqStatDescr *, channel_eq::_puschRxChEqCoefCompDynDescr)"
3350414373,5856,180678,273,1,1,12,11,1,51,0.002,0.000,,,,,NVIDIA A100-SXM4-40GB MIG 4g.20gb (0),1,,13,"void channel_eq::eqMmseSoftDemapKernel<float, __half, __half, float, (unsigned int)4, (unsigned short)16383>(channel_eq::_puschRxChEqStatDescr *, channel_eq::_puschRxChEqSoftDemapDynDescr)"
3350421157,283421,180679,1,1,1,32,32,1,30,0.000,0.000,,,,,NVIDIA A100-SXM4-40GB MIG 4g.20gb (0),1,,13,"void convert_kernel<float2, __half2>(tensor_layout_any, T1 *, tensor_layout_any, const T2 *)"
3350705730,10944,180691,2253,1,1,128,1,1,16,0.000,0.000,,,,,NVIDIA A100-SXM4-40GB MIG 4g.20gb (0),1,,13,cupy_copy__float16_float16
3350718594,3680,180700,282,1,1,128,1,1,16,0.000,0.000,,,,,NVIDIA A100-SXM4-40GB MIG 4g.20gb (0),1,,13,cupy_copy__complex64_complex64
3350723650,2304,180709,26,1,1,128,1,1,16,0.000,0.000,,,,,NVIDIA A100-SXM4-40GB MIG 4g.20gb (0),1,,13,cupy_copy__float32_float32
3350728482,2784,180718,103,1,1,128,1,1,16,0.000,0.000,,,,,NVIDIA A100-SXM4-40GB MIG 4g.20gb (0),1,,13,cupy_copy__complex64_complex64
3350735650,11839,180728,1434,1,1,128,1,1,16,0.000,0.000,,,,,NVIDIA A100-SXM4-40GB MIG 4g.20gb (0),1,,13,cupy_copy__complex64_complex64
3350758753,82463,180733,1,1,1,32,32,1,30,0.000,0.000,,,,,NVIDIA A100-SXM4-40GB MIG 4g.20gb (0),1,,13,"void convert_kernel<__half2, float2>(tensor_layout_any, T1 *, tensor_layout_any, const T2 *)"
3350871936,5440,180736,,,,,,,,,,0.094,17223.480,Pinned,Device,NVIDIA A100-SXM4-40GB MIG 4g.20gb (0),1,,13,[CUDA memcpy Host-to-Device]
3350885024,610808,180737,,,,,,,,,,456.561,747391.077,Device,,NVIDIA A100-SXM4-40GB MIG 4g.20gb (0),1,,13,[CUDA memset]
3351497208,67999,180742,,,,,,,,,,1.235,18161.086,Pinned,Device,NVIDIA A100-SXM4-40GB MIG 4g.20gb (0),1,,13,[CUDA memcpy Host-to-Device]
3351567799,14048,180743,,,,,,,,,,0.197,13995.344,Pinned,Device,NVIDIA A100-SXM4-40GB MIG 4g.20gb (0),1,,13,[CUDA memcpy Host-to-Device]
3351590327,8384,180744,69,4,1,48,1,1,76,0.002,0.000,,,,,NVIDIA A100-SXM4-40GB MIG 4g.20gb (0),1,,13,"void ch_est::windowedChEstPreNoDftSOfdmKernel<float, __half, float, (unsigned int)2, (unsigned int)1, (unsigned short)4>(ch_est::puschRxChEstStatDescr_t *, ch_est::puschRxChEstDynDescr_t *)"
3351601527,6688,180745,137,2,1,24,2,1,44,0.001,0.001,,,,,NVIDIA A100-SXM4-40GB MIG 4g.20gb (0),1,,13,"void ch_est::chEstFilterNoDftSOfdmDispatchKernel<float, __half, float, (unsigned int)2>(ch_est::puschRxChEstStatDescr_t *, ch_est::puschRxChEstDynDescr_t *)"
3351612087,5664,180746,137,2,1,24,2,1,44,0.001,0.001,,,,,NVIDIA A100-SXM4-40GB MIG 4g.20gb (0),1,,13,"void ch_est::chEstFilterNoDftSOfdmDispatchKernel<float, __half, float, (unsigned int)2>(ch_est::puschRxChEstStatDescr_t *, ch_est::puschRxChEstDynDescr_t *)"
3351623255,2528,180757,103,1,1,128,1,1,16,0.000,0.000,,,,,NVIDIA A100-SXM4-40GB MIG 4g.20gb (0),1,,13,cupy_copy__complex64_complex64
3351630006,12960,180767,1434,1,1,128,1,1,16,0.000,0.000,,,,,NVIDIA A100-SXM4-40GB MIG 4g.20gb (0),1,,13,cupy_copy__complex64_complex64
3351644630,2816,180774,103,1,1,128,1,1,16,0.000,0.000,,,,,NVIDIA A100-SXM4-40GB MIG 4g.20gb (0),1,,13,cupy_copy__complex64_complex64
3351651446,83263,180781,1,1,1,32,32,1,30,0.000,0.000,,,,,NVIDIA A100-SXM4-40GB MIG 4g.20gb (0),1,,13,"void convert_kernel<__half2, float2>(tensor_layout_any, T1 *, tensor_layout_any, const T2 *)"
3351763093,8800,180784,,,,,,,,,,0.094,10647.239,Pinned,Device,NVIDIA A100-SXM4-40GB MIG 4g.20gb (0),1,,13,[CUDA memcpy Host-to-Device]
3351777077,48127,180785,,,,,,,,,,35.810,744058.518,Device,,NVIDIA A100-SXM4-40GB MIG 4g.20gb (0),1,,13,[CUDA memset]
3351829460,3776,180787,,,,,,,,,,0.000,21.186,Pinned,Device,NVIDIA A100-SXM4-40GB MIG 4g.20gb (0),1,,13,[CUDA memcpy Host-to-Device]
3351837812,12640,180788,,,,,,,,,,0.197,15554.249,Pinned,Device,NVIDIA A100-SXM4-40GB MIG 4g.20gb (0),1,,13,[CUDA memcpy Host-to-Device]
3351857428,9792,180789,273,1,1,48,1,1,40,0.000,0.001,,,,,NVIDIA A100-SXM4-40GB MIG 4g.20gb (0),1,,13,"void pusch_noise_intf_est::noiseIntfEstNoDftSOfdmKernel<float, __half, float, float, (unsigned int)2, (unsigned int)1, (unsigned char)4, (unsigned char)4>(pusch_noise_intf_est::puschRxNoiseIntfEstDynDescr)"
3351873267,2784,180800,35,1,1,128,1,1,16,0.000,0.000,,,,,NVIDIA A100-SXM4-40GB MIG 4g.20gb (0),1,,13,cupy_copy__complex64_complex64
3351888211,1888,180809,1,1,1,1,1,1,18,0.000,0.000,,,,,NVIDIA A100-SXM4-40GB MIG 4g.20gb (0),1,,13,cupy_copy__float32_float32
3351917395,2464,180815,,,,,,,,,,0.000,1.623,Device,Pageable,NVIDIA A100-SXM4-40GB MIG 4g.20gb (0),1,,7,[CUDA memcpy Device-to-Host]
3351980434,13056,180826,1434,1,1,128,1,1,16,0.000,0.000,,,,,NVIDIA A100-SXM4-40GB MIG 4g.20gb (0),1,,13,cupy_copy__complex64_complex64
3352005906,3552,180833,103,1,1,128,1,1,16,0.000,0.000,,,,,NVIDIA A100-SXM4-40GB MIG 4g.20gb (0),1,,13,cupy_copy__complex64_complex64
3352026482,2656,180840,35,1,1,128,1,1,16,0.000,0.000,,,,,NVIDIA A100-SXM4-40GB MIG 4g.20gb (0),1,,13,cupy_copy__complex64_complex64
3352045041,1792,180847,1,1,1,1,1,1,18,0.000,0.000,,,,,NVIDIA A100-SXM4-40GB MIG 4g.20gb (0),1,,13,cupy_copy__float32_float32
3352177552,83295,180858,1,1,1,32,32,1,30,0.000,0.000,,,,,NVIDIA A100-SXM4-40GB MIG 4g.20gb (0),1,,13,"void convert_kernel<__half2, float2>(tensor_layout_any, T1 *, tensor_layout_any, const T2 *)"
3352288270,5600,180861,,,,,,,,,,0.094,16731.388,Pinned,Device,NVIDIA A100-SXM4-40GB MIG 4g.20gb (0),1,,13,[CUDA memcpy Host-to-Device]
3352302030,3328,180862,,,,,,,,,,1.547,464729.580,Device,,NVIDIA A100-SXM4-40GB MIG 4g.20gb (0),1,,13,[CUDA memset]
3352308686,3040,180867,,,,,,,,,,0.031,10294.725,Pinned,Device,NVIDIA A100-SXM4-40GB MIG 4g.20gb (0),1,,13,[CUDA memcpy Host-to-Device]
3352314158,9536,180868,,,,,,,,,,0.197,20617.298,Pinned,Device,NVIDIA A100-SXM4-40GB MIG 4g.20gb (0),1,,13,[CUDA memcpy Host-to-Device]
3352328398,6464,180869,273,1,1,8,4,1,39,0.002,0.000,,,,,NVIDIA A100-SXM4-40GB MIG 4g.20gb (0),1,,13,"void channel_eq::eqMmseCoefCompLowMimoKernel<float, float, float, (unsigned int)4, (unsigned int)1, (unsigned int)4>(const channel_eq::_puschRxChEqStatDescr *, channel_eq::_puschRxChEqCoefCompDynDescr)"
3352335854,6048,180870,273,1,1,12,11,1,51,0.002,0.000,,,,,NVIDIA A100-SXM4-40GB MIG 4g.20gb (0),1,,13,"void channel_eq::eqMmseSoftDemapKernel<float, __half, __half, float, (unsigned int)4, (unsigned short)16383>(channel_eq::_puschRxChEqStatDescr *, channel_eq::_puschRxChEqSoftDemapDynDescr)"
3352342862,282908,180871,1,1,1,32,32,1,30,0.000,0.000,,,,,NVIDIA A100-SXM4-40GB MIG 4g.20gb (0),1,,13,"void convert_kernel<float2, __half2>(tensor_layout_any, T1 *, tensor_layout_any, const T2 *)"
3352628426,10848,180883,2253,1,1,128,1,1,16,0.000,0.000,,,,,NVIDIA A100-SXM4-40GB MIG 4g.20gb (0),1,,13,cupy_copy__float16_float16
3352641738,3744,180892,282,1,1,128,1,1,16,0.000,0.000,,,,,NVIDIA A100-SXM4-40GB MIG 4g.20gb (0),1,,13,cupy_copy__complex64_complex64
3352646634,2752,180901,26,1,1,128,1,1,16,0.000,0.000,,,,,NVIDIA A100-SXM4-40GB MIG 4g.20gb (0),1,,13,cupy_copy__float32_float32
3352650634,3008,180910,103,1,1,128,1,1,16,0.000,0.000,,,,,NVIDIA A100-SXM4-40GB MIG 4g.20gb (0),1,,13,cupy_copy__complex64_complex64
3352654698,11968,180920,1434,1,1,128,1,1,16,0.000,0.000,,,,,NVIDIA A100-SXM4-40GB MIG 4g.20gb (0),1,,13,cupy_copy__complex64_complex64
3352680617,82335,180925,1,1,1,32,32,1,30,0.000,0.000,,,,,NVIDIA A100-SXM4-40GB MIG 4g.20gb (0),1,,13,"void convert_kernel<__half2, float2>(tensor_layout_any, T1 *, tensor_layout_any, const T2 *)"
3352789224,5408,180928,,,,,,,,,,0.094,17325.421,Pinned,Device,NVIDIA A100-SXM4-40GB MIG 4g.20gb (0),1,,13,[CUDA memcpy Host-to-Device]
3352799720,602553,180929,,,,,,,,,,456.561,757435.429,Device,,NVIDIA A100-SXM4-40GB MIG 4g.20gb (0),1,,13,[CUDA memset]
3353404353,71519,180934,,,,,,,,,,1.235,17266.987,Pinned,Device,NVIDIA A100-SXM4-40GB MIG 4g.20gb (0),1,,13,[CUDA memcpy Host-to-Device]
3353479264,14751,180935,,,,,,,,,,0.197,13328.450,Pinned,Device,NVIDIA A100-SXM4-40GB MIG 4g.20gb (0),1,,13,[CUDA memcpy Host-to-Device]
3353503039,9056,180936,69,4,1,48,1,1,76,0.002,0.000,,,,,NVIDIA A100-SXM4-40GB MIG 4g.20gb (0),1,,13,"void ch_est::windowedChEstPreNoDftSOfdmKernel<float, __half, float, (unsigned int)2, (unsigned int)1, (unsigned short)4>(ch_est::puschRxChEstStatDescr_t *, ch_est::puschRxChEstDynDescr_t *)"
3353514143,7200,180937,137,2,1,24,2,1,44,0.001,0.001,,,,,NVIDIA A100-SXM4-40GB MIG 4g.20gb (0),1,,13,"void ch_est::chEstFilterNoDftSOfdmDispatchKernel<float, __half, float, (unsigned int)2>(ch_est::puschRxChEstStatDescr_t *, ch_est::puschRxChEstDynDescr_t *)"
3353525151,5344,180938,137,2,1,24,2,1,44,0.001,0.001,,,,,NVIDIA A100-SXM4-40GB MIG 4g.20gb (0),1,,13,"void ch_est::chEstFilterNoDftSOfdmDispatchKernel<float, __half, float, (unsigned int)2>(ch_est::puschRxChEstStatDescr_t *, ch_est::puschRxChEstDynDescr_t *)"
3353536415,2592,180949,103,1,1,128,1,1,16,0.000,0.000,,,,,NVIDIA A100-SXM4-40GB MIG 4g.20gb (0),1,,13,cupy_copy__complex64_complex64
3353543231,12640,180959,1434,1,1,128,1,1,16,0.000,0.000,,,,,NVIDIA A100-SXM4-40GB MIG 4g.20gb (0),1,,13,cupy_copy__complex64_complex64
3353558207,2976,180966,103,1,1,128,1,1,16,0.000,0.000,,,,,NVIDIA A100-SXM4-40GB MIG 4g.20gb (0),1,,13,cupy_copy__complex64_complex64
3353564479,83807,180973,1,1,1,32,32,1,30,0.000,0.000,,,,,NVIDIA A100-SXM4-40GB MIG 4g.20gb (0),1,,13,"void convert_kernel<__half2, float2>(tensor_layout_any, T1 *, tensor_layout_any, const T2 *)"
3353676477,9248,180976,,,,,,,,,,0.094,10131.442,Pinned,Device,NVIDIA A100-SXM4-40GB MIG 4g.20gb (0),1,,13,[CUDA memcpy Host-to-Device]
3353691357,47999,180977,,,,,,,,,,35.810,746028.063,Device,,NVIDIA A100-SXM4-40GB MIG 4g.20gb (0),1,,13,[CUDA memset]
3353741564,4256,180979,,,,,,,,,,0.000,18.797,Pinned,Device,NVIDIA A100-SXM4-40GB MIG 4g.20gb (0),1,,13,[CUDA memcpy Host-to-Device]
3353749340,13824,180980,,,,,,,,,,0.197,14222.033,Pinned,Device,NVIDIA A100-SXM4-40GB MIG 4g.20gb (0),1,,13,[CUDA memcpy Host-to-Device]
3353772572,11104,180981,273,1,1,48,1,1,40,0.000,0.001,,,,,NVIDIA A100-SXM4-40GB MIG 4g.20gb (0),1,,13,"void pusch_noise_intf_est::noiseIntfEstNoDftSOfdmKernel<float, __half, float, float, (unsigned int)2, (unsigned int)1, (unsigned char)4, (unsigned char)4>(pusch_noise_intf_est::puschRxNoiseIntfEstDynDescr)"
3353789052,3296,180992,35,1,1,128,1,1,16,0.000,0.000,,,,,NVIDIA A100-SXM4-40GB MIG 4g.20gb (0),1,,13,cupy_copy__complex64_complex64
3353799068,2016,181001,1,1,1,1,1,1,18,0.000,0.000,,,,,NVIDIA A100-SXM4-40GB MIG 4g.20gb (0),1,,13,cupy_copy__float32_float32
3353830235,1824,181007,,,,,,,,,,0.000,2.193,Device,Pageable,NVIDIA A100-SXM4-40GB MIG 4g.20gb (0),1,,7,[CUDA memcpy Device-to-Host]
3353890395,12895,181018,1434,1,1,128,1,1,16,0.000,0.000,,,,,NVIDIA A100-SXM4-40GB MIG 4g.20gb (0),1,,13,cupy_copy__complex64_complex64
3353918554,3008,181025,103,1,1,128,1,1,16,0.000,0.000,,,,,NVIDIA A100-SXM4-40GB MIG 4g.20gb (0),1,,13,cupy_copy__complex64_complex64
3353937754,2624,181032,35,1,1,128,1,1,16,0.000,0.000,,,,,NVIDIA A100-SXM4-40GB MIG 4g.20gb (0),1,,13,cupy_copy__complex64_complex64
3353956474,1760,181039,1,1,1,1,1,1,18,0.000,0.000,,,,,NVIDIA A100-SXM4-40GB MIG 4g.20gb (0),1,,13,cupy_copy__float32_float32
3354087640,82879,181050,1,1,1,32,32,1,30,0.000,0.000,,,,,NVIDIA A100-SXM4-40GB MIG 4g.20gb (0),1,,13,"void convert_kernel<__half2, float2>(tensor_layout_any, T1 *, tensor_layout_any, const T2 *)"
3354197687,5472,181053,,,,,,,,,,0.094,17122.757,Pinned,Device,NVIDIA A100-SXM4-40GB MIG 4g.20gb (0),1,,13,[CUDA memcpy Host-to-Device]
3354211959,3423,181054,,,,,,,,,,1.547,451832.282,Device,,NVIDIA A100-SXM4-40GB MIG 4g.20gb (0),1,,13,[CUDA memset]
3354218838,3008,181059,,,,,,,,,,0.031,10404.230,Pinned,Device,NVIDIA A100-SXM4-40GB MIG 4g.20gb (0),1,,13,[CUDA memcpy Host-to-Device]
3354224278,9440,181060,,,,,,,,,,0.197,20827.079,Pinned,Device,NVIDIA A100-SXM4-40GB MIG 4g.20gb (0),1,,13,[CUDA memcpy Host-to-Device]
3354237782,6752,181061,273,1,1,8,4,1,39,0.002,0.000,,,,,NVIDIA A100-SXM4-40GB MIG 4g.20gb (0),1,,13,"void channel_eq::eqMmseCoefCompLowMimoKernel<float, float, float, (unsigned int)4, (unsigned int)1, (unsigned int)4>(const channel_eq::_puschRxChEqStatDescr *, channel_eq::_puschRxChEqCoefCompDynDescr)"
3354245686,5728,181062,273,1,1,12,11,1,51,0.002,0.000,,,,,NVIDIA A100-SXM4-40GB MIG 4g.20gb (0),1,,13,"void channel_eq::eqMmseSoftDemapKernel<float, __half, __half, float, (unsigned int)4, (unsigned short)16383>(channel_eq::_puschRxChEqStatDescr *, channel_eq::_puschRxChEqSoftDemapDynDescr)"
3354252470,282333,181063,1,1,1,32,32,1,30,0.000,0.000,,,,,NVIDIA A100-SXM4-40GB MIG 4g.20gb (0),1,,13,"void convert_kernel<float2, __half2>(tensor_layout_any, T1 *, tensor_layout_any, const T2 *)"
3354537235,11103,181075,2253,1,1,128,1,1,16,0.000,0.000,,,,,NVIDIA A100-SXM4-40GB MIG 4g.20gb (0),1,,13,cupy_copy__float16_float16
3354550002,3232,181084,282,1,1,128,1,1,16,0.000,0.000,,,,,NVIDIA A100-SXM4-40GB MIG 4g.20gb (0),1,,13,cupy_copy__complex64_complex64
3354554226,2016,181093,26,1,1,128,1,1,16,0.000,0.000,,,,,NVIDIA A100-SXM4-40GB MIG 4g.20gb (0),1,,13,cupy_copy__float32_float32
3354559538,4736,181102,103,1,1,128,1,1,16,0.000,0.000,,,,,NVIDIA A100-SXM4-40GB MIG 4g.20gb (0),1,,13,cupy_copy__complex64_complex64
3354565906,12192,181112,1434,1,1,128,1,1,16,0.000,0.000,,,,,NVIDIA A100-SXM4-40GB MIG 4g.20gb (0),1,,13,cupy_copy__complex64_complex64
3354587186,87487,181117,1,1,1,32,32,1,30,0.000,0.000,,,,,NVIDIA A100-SXM4-40GB MIG 4g.20gb (0),1,,13,"void convert_kernel<__half2, float2>(tensor_layout_any, T1 *, tensor_layout_any, const T2 *)"
3354702032,5664,181120,,,,,,,,,,0.094,16542.310,Pinned,Device,NVIDIA A100-SXM4-40GB MIG 4g.20gb (0),1,,13,[CUDA memcpy Host-to-Device]
3354712528,600153,181121,,,,,,,,,,456.561,760631.359,Device,,NVIDIA A100-SXM4-40GB MIG 4g.20gb (0),1,,13,[CUDA memset]
3355315049,66847,181126,,,,,,,,,,1.235,18473.527,Pinned,Device,NVIDIA A100-SXM4-40GB MIG 4g.20gb (0),1,,13,[CUDA memcpy Host-to-Device]
3355385256,14560,181127,,,,,,,,,,0.197,13503.234,Pinned,Device,NVIDIA A100-SXM4-40GB MIG 4g.20gb (0),1,,13,[CUDA memcpy Host-to-Device]
3355409928,8064,181128,69,4,1,48,1,1,76,0.002,0.000,,,,,NVIDIA A100-SXM4-40GB MIG 4g.20gb (0),1,,13,"void ch_est::windowedChEstPreNoDftSOfdmKernel<float, __half, float, (unsigned int)2, (unsigned int)1, (unsigned short)4>(ch_est::puschRxChEstStatDescr_t *, ch_est::puschRxChEstDynDescr_t *)"
3355421256,6400,181129,137,2,1,24,2,1,44,0.001,0.001,,,,,NVIDIA A100-SXM4-40GB MIG 4g.20gb (0),1,,13,"void ch_est::chEstFilterNoDftSOfdmDispatchKernel<float, __half, float, (unsigned int)2>(ch_est::puschRxChEstStatDescr_t *, ch_est::puschRxChEstDynDescr_t *)"
3355432679,5216,181130,137,2,1,24,2,1,44,0.001,0.001,,,,,NVIDIA A100-SXM4-40GB MIG 4g.20gb (0),1,,13,"void ch_est::chEstFilterNoDftSOfdmDispatchKernel<float, __half, float, (unsigned int)2>(ch_est::puschRxChEstStatDescr_t *, ch_est::puschRxChEstDynDescr_t *)"
3355443239,2688,181141,103,1,1,128,1,1,16,0.000,0.000,,,,,NVIDIA A100-SXM4-40GB MIG 4g.20gb (0),1,,13,cupy_copy__complex64_complex64
3355448967,12576,181151,1434,1,1,128,1,1,16,0.000,0.000,,,,,NVIDIA A100-SXM4-40GB MIG 4g.20gb (0),1,,13,cupy_copy__complex64_complex64
3355468071,2912,181158,103,1,1,128,1,1,16,0.000,0.000,,,,,NVIDIA A100-SXM4-40GB MIG 4g.20gb (0),1,,13,cupy_copy__complex64_complex64
3355477703,84639,181165,1,1,1,32,32,1,30,0.000,0.000,,,,,NVIDIA A100-SXM4-40GB MIG 4g.20gb (0),1,,13,"void convert_kernel<__half2, float2>(tensor_layout_any, T1 *, tensor_layout_any, const T2 *)"
3355589989,9440,181168,,,,,,,,,,0.094,9925.405,Pinned,Device,NVIDIA A100-SXM4-40GB MIG 4g.20gb (0),1,,13,[CUDA memcpy Host-to-Device]
3355607781,48128,181169,,,,,,,,,,35.810,744022.708,Device,,NVIDIA A100-SXM4-40GB MIG 4g.20gb (0),1,,13,[CUDA memset]
3355661765,2688,181171,,,,,,,,,,0.000,29.762,Pinned,Device,NVIDIA A100-SXM4-40GB MIG 4g.20gb (0),1,,13,[CUDA memcpy Host-to-Device]
3355668741,11967,181172,,,,,,,,,,0.197,16429.154,Pinned,Device,NVIDIA A100-SXM4-40GB MIG 4g.20gb (0),1,,13,[CUDA memcpy Host-to-Device]
3355688900,9728,181173,273,1,1,48,1,1,40,0.000,0.001,,,,,NVIDIA A100-SXM4-40GB MIG 4g.20gb (0),1,,13,"void pusch_noise_intf_est::noiseIntfEstNoDftSOfdmKernel<float, __half, float, float, (unsigned int)2, (unsigned int)1, (unsigned char)4, (unsigned char)4>(pusch_noise_intf_est::puschRxNoiseIntfEstDynDescr)"
3355704868,2944,181184,35,1,1,128,1,1,16,0.000,0.000,,,,,NVIDIA A100-SXM4-40GB MIG 4g.20gb (0),1,,13,cupy_copy__complex64_complex64
3355714212,1824,181193,1,1,1,1,1,1,18,0.000,0.000,,,,,NVIDIA A100-SXM4-40GB MIG 4g.20gb (0),1,,13,cupy_copy__float32_float32
3355744964,1952,181199,,,,,,,,,,0.000,2.049,Device,Pageable,NVIDIA A100-SXM4-40GB MIG 4g.20gb (0),1,,7,[CUDA memcpy Device-to-Host]
3355806083,13088,181210,1434,1,1,128,1,1,16,0.000,0.000,,,,,NVIDIA A100-SXM4-40GB MIG 4g.20gb (0),1,,13,cupy_copy__complex64_complex64
3355832866,3168,181217,103,1,1,128,1,1,16,0.000,0.000,,,,,NVIDIA A100-SXM4-40GB MIG 4g.20gb (0),1,,13,cupy_copy__complex64_complex64
3355854370,2368,181224,35,1,1,128,1,1,16,0.000,0.000,,,,,NVIDIA A100-SXM4-40GB MIG 4g.20gb (0),1,,13,cupy_copy__complex64_complex64
3355871490,1984,181231,1,1,1,1,1,1,18,0.000,0.000,,,,,NVIDIA A100-SXM4-40GB MIG 4g.20gb (0),1,,13,cupy_copy__float32_float32
3356003104,82015,181242,1,1,1,32,32,1,30,0.000,0.000,,,,,NVIDIA A100-SXM4-40GB MIG 4g.20gb (0),1,,13,"void convert_kernel<__half2, float2>(tensor_layout_any, T1 *, tensor_layout_any, const T2 *)"
3356112127,5536,181245,,,,,,,,,,0.094,16924.777,Pinned,Device,NVIDIA A100-SXM4-40GB MIG 4g.20gb (0),1,,13,[CUDA memcpy Host-to-Device]
3356126943,3456,181246,,,,,,,,,,1.547,447517.201,Device,,NVIDIA A100-SXM4-40GB MIG 4g.20gb (0),1,,13,[CUDA memset]
3356133151,3008,181251,,,,,,,,,,0.031,10404.230,Pinned,Device,NVIDIA A100-SXM4-40GB MIG 4g.20gb (0),1,,13,[CUDA memcpy Host-to-Device]
3356139199,9568,181252,,,,,,,,,,0.197,20548.485,Pinned,Device,NVIDIA A100-SXM4-40GB MIG 4g.20gb (0),1,,13,[CUDA memcpy Host-to-Device]
3356154207,9631,181253,273,1,1,8,4,1,39,0.002,0.000,,,,,NVIDIA A100-SXM4-40GB MIG 4g.20gb (0),1,,13,"void channel_eq::eqMmseCoefCompLowMimoKernel<float, float, float, (unsigned int)4, (unsigned int)1, (unsigned int)4>(const channel_eq::_puschRxChEqStatDescr *, channel_eq::_puschRxChEqCoefCompDynDescr)"
3356164958,5760,181254,273,1,1,12,11,1,51,0.002,0.000,,,,,NVIDIA A100-SXM4-40GB MIG 4g.20gb (0),1,,13,"void channel_eq::eqMmseSoftDemapKernel<float, __half, __half, float, (unsigned int)4, (unsigned short)16383>(channel_eq::_puschRxChEqStatDescr *, channel_eq::_puschRxChEqSoftDemapDynDescr)"
3356171678,282749,181255,1,1,1,32,32,1,30,0.000,0.000,,,,,NVIDIA A100-SXM4-40GB MIG 4g.20gb (0),1,,13,"void convert_kernel<float2, __half2>(tensor_layout_any, T1 *, tensor_layout_any, const T2 *)"
3356456219,11232,181267,2253,1,1,128,1,1,16,0.000,0.000,,,,,NVIDIA A100-SXM4-40GB MIG 4g.20gb (0),1,,13,cupy_copy__float16_float16
3356469019,3712,181276,282,1,1,128,1,1,16,0.000,0.000,,,,,NVIDIA A100-SXM4-40GB MIG 4g.20gb (0),1,,13,cupy_copy__complex64_complex64
3356474235,2336,181285,26,1,1,128,1,1,16,0.000,0.000,,,,,NVIDIA A100-SXM4-40GB MIG 4g.20gb (0),1,,13,cupy_copy__float32_float32
3356479355,3007,181294,103,1,1,128,1,1,16,0.000,0.000,,,,,NVIDIA A100-SXM4-40GB MIG 4g.20gb (0),1,,13,cupy_copy__complex64_complex64
3356484634,12064,181304,1434,1,1,128,1,1,16,0.000,0.000,,,,,NVIDIA A100-SXM4-40GB MIG 4g.20gb (0),1,,13,cupy_copy__complex64_complex64
3356501850,82591,181309,1,1,1,32,32,1,30,0.000,0.000,,,,,NVIDIA A100-SXM4-40GB MIG 4g.20gb (0),1,,13,"void convert_kernel<__half2, float2>(tensor_layout_any, T1 *, tensor_layout_any, const T2 *)"
3356611257,5408,181312,,,,,,,,,,0.094,17325.421,Pinned,Device,NVIDIA A100-SXM4-40GB MIG 4g.20gb (0),1,,13,[CUDA memcpy Host-to-Device]
3356621145,600792,181313,,,,,,,,,,456.561,759718.236,Device,,NVIDIA A100-SXM4-40GB MIG 4g.20gb (0),1,,13,[CUDA memset]
3357225617,68671,181318,,,,,,,,,,1.235,17983.255,Pinned,Device,NVIDIA A100-SXM4-40GB MIG 4g.20gb (0),1,,13,[CUDA memcpy Host-to-Device]
3357297904,14880,181319,,,,,,,,,,0.197,13212.844,Pinned,Device,NVIDIA A100-SXM4-40GB MIG 4g.20gb (0),1,,13,[CUDA memcpy Host-to-Device]
3357320688,7968,181320,69,4,1,48,1,1,76,0.002,0.000,,,,,NVIDIA A100-SXM4-40GB MIG 4g.20gb (0),1,,13,"void ch_est::windowedChEstPreNoDftSOfdmKernel<float, __half, float, (unsigned int)2, (unsigned int)1, (unsigned short)4>(ch_est::puschRxChEstStatDescr_t *, ch_est::puschRxChEstDynDescr_t *)"
3357331248,7968,181321,137,2,1,24,2,1,44,0.001,0.001,,,,,NVIDIA A100-SXM4-40GB MIG 4g.20gb (0),1,,13,"void ch_est::chEstFilterNoDftSOfdmDispatchKernel<float, __half, float, (unsigned int)2>(ch_est::puschRxChEstStatDescr_t *, ch_est::puschRxChEstDynDescr_t *)"
3357345456,5248,181322,137,2,1,24,2,1,44,0.001,0.001,,,,,NVIDIA A100-SXM4-40GB MIG 4g.20gb (0),1,,13,"void ch_est::chEstFilterNoDftSOfdmDispatchKernel<float, __half, float, (unsigned int)2>(ch_est::puschRxChEstStatDescr_t *, ch_est::puschRxChEstDynDescr_t *)"
3357356720,2752,181333,103,1,1,128,1,1,16,0.000,0.000,,,,,NVIDIA A100-SXM4-40GB MIG 4g.20gb (0),1,,13,cupy_copy__complex64_complex64
3357362224,12671,181343,1434,1,1,128,1,1,16,0.000,0.000,,,,,NVIDIA A100-SXM4-40GB MIG 4g.20gb (0),1,,13,cupy_copy__complex64_complex64
3357382159,2752,181350,103,1,1,128,1,1,16,0.000,0.000,,,,,NVIDIA A100-SXM4-40GB MIG 4g.20gb (0),1,,13,cupy_copy__complex64_complex64
3357389359,83583,181357,1,1,1,32,32,1,30,0.000,0.000,,,,,NVIDIA A100-SXM4-40GB MIG 4g.20gb (0),1,,13,"void convert_kernel<__half2, float2>(tensor_layout_any, T1 *, tensor_layout_any, const T2 *)"
3357502030,10336,181360,,,,,,,,,,0.094,9064.994,Pinned,Device,NVIDIA A100-SXM4-40GB MIG 4g.20gb (0),1,,13,[CUDA memcpy Host-to-Device]
3357518670,47135,181361,,,,,,,,,,35.810,759707.453,Device,,NVIDIA A100-SXM4-40GB MIG 4g.20gb (0),1,,13,[CUDA memset]
3357571661,2752,181363,,,,,,,,,,0.000,29.070,Pinned,Device,NVIDIA A100-SXM4-40GB MIG 4g.20gb (0),1,,13,[CUDA memcpy Host-to-Device]
3357579981,12896,181364,,,,,,,,,,0.197,15245.574,Pinned,Device,NVIDIA A100-SXM4-40GB MIG 4g.20gb (0),1,,13,[CUDA memcpy Host-to-Device]
3357602189,9408,181365,273,1,1,48,1,1,40,0.000,0.001,,,,,NVIDIA A100-SXM4-40GB MIG 4g.20gb (0),1,,13,"void pusch_noise_intf_est::noiseIntfEstNoDftSOfdmKernel<float, __half, float, float, (unsigned int)2, (unsigned int)1, (unsigned char)4, (unsigned char)4>(pusch_noise_intf_est::puschRxNoiseIntfEstDynDescr)"
3357617740,2912,181376,35,1,1,128,1,1,16,0.000,0.000,,,,,NVIDIA A100-SXM4-40GB MIG 4g.20gb (0),1,,13,cupy_copy__complex64_complex64
3357624492,1984,181385,1,1,1,1,1,1,18,0.000,0.000,,,,,NVIDIA A100-SXM4-40GB MIG 4g.20gb (0),1,,13,cupy_copy__float32_float32
3357655436,2464,181391,,,,,,,,,,0.000,1.623,Device,Pageable,NVIDIA A100-SXM4-40GB MIG 4g.20gb (0),1,,7,[CUDA memcpy Device-to-Host]
3357716523,12896,181402,1434,1,1,128,1,1,16,0.000,0.000,,,,,NVIDIA A100-SXM4-40GB MIG 4g.20gb (0),1,,13,cupy_copy__complex64_complex64
3357743851,3040,181409,103,1,1,128,1,1,16,0.000,0.000,,,,,NVIDIA A100-SXM4-40GB MIG 4g.20gb (0),1,,13,cupy_copy__complex64_complex64
3357764331,2816,181416,35,1,1,128,1,1,16,0.000,0.000,,,,,NVIDIA A100-SXM4-40GB MIG 4g.20gb (0),1,,13,cupy_copy__complex64_complex64
3357783338,1824,181423,1,1,1,1,1,1,18,0.000,0.000,,,,,NVIDIA A100-SXM4-40GB MIG 4g.20gb (0),1,,13,cupy_copy__float32_float32
3357913609,82591,181434,1,1,1,32,32,1,30,0.000,0.000,,,,,NVIDIA A100-SXM4-40GB MIG 4g.20gb (0),1,,13,"void convert_kernel<__half2, float2>(tensor_layout_any, T1 *, tensor_layout_any, const T2 *)"
3358023527,5408,181437,,,,,,,,,,0.094,17325.421,Pinned,Device,NVIDIA A100-SXM4-40GB MIG 4g.20gb (0),1,,13,[CUDA memcpy Host-to-Device]
3358037863,3200,181438,,,,,,,,,,1.547,483320.000,Device,,NVIDIA A100-SXM4-40GB MIG 4g.20gb (0),1,,13,[CUDA memset]
3358044679,3040,181443,,,,,,,,,,0.031,10294.725,Pinned,Device,NVIDIA A100-SXM4-40GB MIG 4g.20gb (0),1,,13,[CUDA memcpy Host-to-Device]
3358050471,9632,181444,,,,,,,,,,0.197,20411.843,Pinned,Device,NVIDIA A100-SXM4-40GB MIG 4g.20gb (0),1,,13,[CUDA memcpy Host-to-Device]
3358064551,6848,181445,273,1,1,8,4,1,39,0.002,0.000,,,,,NVIDIA A100-SXM4-40GB MIG 4g.20gb (0),1,,13,"void channel_eq::eqMmseCoefCompLowMimoKernel<float, float, float, (unsigned int)4, (unsigned int)1, (unsigned int)4>(const channel_eq::_puschRxChEqStatDescr *, channel_eq::_puschRxChEqCoefCompDynDescr)"
3358073639,6080,181446,273,1,1,12,11,1,51,0.002,0.000,,,,,NVIDIA A100-SXM4-40GB MIG 4g.20gb (0),1,,13,"void channel_eq::eqMmseSoftDemapKernel<float, __half, __half, float, (unsigned int)4, (unsigned short)16383>(channel_eq::_puschRxChEqStatDescr *, channel_eq::_puschRxChEqSoftDemapDynDescr)"
3358081479,281692,181447,1,1,1,32,32,1,30,0.000,0.000,,,,,NVIDIA A100-SXM4-40GB MIG 4g.20gb (0),1,,13,"void convert_kernel<float2, __half2>(tensor_layout_any, T1 *, tensor_layout_any, const T2 *)"
3358365283,11072,181459,2253,1,1,128,1,1,16,0.000,0.000,,,,,NVIDIA A100-SXM4-40GB MIG 4g.20gb (0),1,,13,cupy_copy__float16_float16
3358379875,3392,181468,282,1,1,128,1,1,16,0.000,0.000,,,,,NVIDIA A100-SXM4-40GB MIG 4g.20gb (0),1,,13,cupy_copy__complex64_complex64
3358386019,2048,181477,26,1,1,128,1,1,16,0.000,0.000,,,,,NVIDIA A100-SXM4-40GB MIG 4g.20gb (0),1,,13,cupy_copy__float32_float32
3358389987,3008,181486,103,1,1,128,1,1,16,0.000,0.000,,,,,NVIDIA A100-SXM4-40GB MIG 4g.20gb (0),1,,13,cupy_copy__complex64_complex64
3358395875,12224,181496,1434,1,1,128,1,1,16,0.000,0.000,,,,,NVIDIA A100-SXM4-40GB MIG 4g.20gb (0),1,,13,cupy_copy__complex64_complex64
3358414403,86495,181501,1,1,1,32,32,1,30,0.000,0.000,,,,,NVIDIA A100-SXM4-40GB MIG 4g.20gb (0),1,,13,"void convert_kernel<__half2, float2>(tensor_layout_any, T1 *, tensor_layout_any, const T2 *)"
3358527649,5408,181504,,,,,,,,,,0.094,17325.421,Pinned,Device,NVIDIA A100-SXM4-40GB MIG 4g.20gb (0),1,,13,[CUDA memcpy Host-to-Device]
3358538305,609049,181505,,,,,,,,,,456.561,749217.323,Device,,NVIDIA A100-SXM4-40GB MIG 4g.20gb (0),1,,13,[CUDA memset]
3359149465,69952,181510,,,,,,,,,,1.235,17653.524,Pinned,Device,NVIDIA A100-SXM4-40GB MIG 4g.20gb (0),1,,13,[CUDA memcpy Host-to-Device]
3359223097,14783,181511,,,,,,,,,,0.197,13299.548,Pinned,Device,NVIDIA A100-SXM4-40GB MIG 4g.20gb (0),1,,13,[CUDA memcpy Host-to-Device]
3359243352,8480,181512,69,4,1,48,1,1,76,0.002,0.000,,,,,NVIDIA A100-SXM4-40GB MIG 4g.20gb (0),1,,13,"void ch_est::windowedChEstPreNoDftSOfdmKernel<float, __half, float, (unsigned int)2, (unsigned int)1, (unsigned short)4>(ch_est::puschRxChEstStatDescr_t *, ch_est::puschRxChEstDynDescr_t *)"
3359257208,6624,181513,137,2,1,24,2,1,44,0.001,0.001,,,,,NVIDIA A100-SXM4-40GB MIG 4g.20gb (0),1,,13,"void ch_est::chEstFilterNoDftSOfdmDispatchKernel<float, __half, float, (unsigned int)2>(ch_est::puschRxChEstStatDescr_t *, ch_est::puschRxChEstDynDescr_t *)"
3359268408,6528,181514,137,2,1,24,2,1,44,0.001,0.001,,,,,NVIDIA A100-SXM4-40GB MIG 4g.20gb (0),1,,13,"void ch_est::chEstFilterNoDftSOfdmDispatchKernel<float, __half, float, (unsigned int)2>(ch_est::puschRxChEstStatDescr_t *, ch_est::puschRxChEstDynDescr_t *)"
3359279864,2528,181525,103,1,1,128,1,1,16,0.000,0.000,,,,,NVIDIA A100-SXM4-40GB MIG 4g.20gb (0),1,,13,cupy_copy__complex64_complex64
3359286104,13056,181535,1434,1,1,128,1,1,16,0.000,0.000,,,,,NVIDIA A100-SXM4-40GB MIG 4g.20gb (0),1,,13,cupy_copy__complex64_complex64
3359303512,2688,181542,103,1,1,128,1,1,16,0.000,0.000,,,,,NVIDIA A100-SXM4-40GB MIG 4g.20gb (0),1,,13,cupy_copy__complex64_complex64
3359310040,83038,181549,1,1,1,32,32,1,30,0.000,0.000,,,,,NVIDIA A100-SXM4-40GB MIG 4g.20gb (0),1,,13,"void convert_kernel<__half2, float2>(tensor_layout_any, T1 *, tensor_layout_any, const T2 *)"
3359421846,8800,181552,,,,,,,,,,0.094,10647.239,Pinned,Device,NVIDIA A100-SXM4-40GB MIG 4g.20gb (0),1,,13,[CUDA memcpy Host-to-Device]
3359440374,47647,181553,,,,,,,,,,35.810,751542.791,Device,,NVIDIA A100-SXM4-40GB MIG 4g.20gb (0),1,,13,[CUDA memset]
3359493045,2944,181555,,,,,,,,,,0.000,27.174,Pinned,Device,NVIDIA A100-SXM4-40GB MIG 4g.20gb (0),1,,13,[CUDA memcpy Host-to-Device]
3359499765,13408,181556,,,,,,,,,,0.197,14663.418,Pinned,Device,NVIDIA A100-SXM4-40GB MIG 4g.20gb (0),1,,13,[CUDA memcpy Host-to-Device]
3359521141,10720,181557,273,1,1,48,1,1,40,0.000,0.001,,,,,NVIDIA A100-SXM4-40GB MIG 4g.20gb (0),1,,13,"void pusch_noise_intf_est::noiseIntfEstNoDftSOfdmKernel<float, __half, float, float, (unsigned int)2, (unsigned int)1, (unsigned char)4, (unsigned char)4>(pusch_noise_intf_est::puschRxNoiseIntfEstDynDescr)"
3359535605,2944,181568,35,1,1,128,1,1,16,0.000,0.000,,,,,NVIDIA A100-SXM4-40GB MIG 4g.20gb (0),1,,13,cupy_copy__complex64_complex64
3359547349,1984,181577,1,1,1,1,1,1,18,0.000,0.000,,,,,NVIDIA A100-SXM4-40GB MIG 4g.20gb (0),1,,13,cupy_copy__float32_float32
3359576468,2240,181583,,,,,,,,,,0.000,1.786,Device,Pageable,NVIDIA A100-SXM4-40GB MIG 4g.20gb (0),1,,7,[CUDA memcpy Device-to-Host]
3359638419,13120,181594,1434,1,1,128,1,1,16,0.000,0.000,,,,,NVIDIA A100-SXM4-40GB MIG 4g.20gb (0),1,,13,cupy_copy__complex64_complex64
3359665363,2912,181601,103,1,1,128,1,1,16,0.000,0.000,,,,,NVIDIA A100-SXM4-40GB MIG 4g.20gb (0),1,,13,cupy_copy__complex64_complex64
3359684915,2464,181608,35,1,1,128,1,1,16,0.000,0.000,,,,,NVIDIA A100-SXM4-40GB MIG 4g.20gb (0),1,,13,cupy_copy__complex64_complex64
3359706259,1920,181615,1,1,1,1,1,1,18,0.000,0.000,,,,,NVIDIA A100-SXM4-40GB MIG 4g.20gb (0),1,,13,cupy_copy__float32_float32
3359834769,83007,181626,1,1,1,32,32,1,30,0.000,0.000,,,,,NVIDIA A100-SXM4-40GB MIG 4g.20gb (0),1,,13,"void convert_kernel<__half2, float2>(tensor_layout_any, T1 *, tensor_layout_any, const T2 *)"
3359944816,5760,181629,,,,,,,,,,0.094,16266.656,Pinned,Device,NVIDIA A100-SXM4-40GB MIG 4g.20gb (0),1,,13,[CUDA memcpy Host-to-Device]
3359959887,3552,181630,,,,,,,,,,1.547,435422.601,Device,,NVIDIA A100-SXM4-40GB MIG 4g.20gb (0),1,,13,[CUDA memset]
3359966255,3104,181635,,,,,,,,,,0.031,10082.445,Pinned,Device,NVIDIA A100-SXM4-40GB MIG 4g.20gb (0),1,,13,[CUDA memcpy Host-to-Device]
3359971887,9440,181636,,,,,,,,,,0.197,20827.079,Pinned,Device,NVIDIA A100-SXM4-40GB MIG 4g.20gb (0),1,,13,[CUDA memcpy Host-to-Device]
3359986703,9024,181637,273,1,1,8,4,1,39,0.002,0.000,,,,,NVIDIA A100-SXM4-40GB MIG 4g.20gb (0),1,,13,"void channel_eq::eqMmseCoefCompLowMimoKernel<float, float, float, (unsigned int)4, (unsigned int)1, (unsigned int)4>(const channel_eq::_puschRxChEqStatDescr *, channel_eq::_puschRxChEqCoefCompDynDescr)"
3359997903,5920,181638,273,1,1,12,11,1,51,0.002,0.000,,,,,NVIDIA A100-SXM4-40GB MIG 4g.20gb (0),1,,13,"void channel_eq::eqMmseSoftDemapKernel<float, __half, __half, float, (unsigned int)4, (unsigned short)16383>(channel_eq::_puschRxChEqStatDescr *, channel_eq::_puschRxChEqSoftDemapDynDescr)"
3360005007,294044,181639,1,1,1,32,32,1,30,0.000,0.000,,,,,NVIDIA A100-SXM4-40GB MIG 4g.20gb (0),1,,13,"void convert_kernel<float2, __half2>(tensor_layout_any, T1 *, tensor_layout_any, const T2 *)"
3360300491,11136,181651,2253,1,1,128,1,1,16,0.000,0.000,,,,,NVIDIA A100-SXM4-40GB MIG 4g.20gb (0),1,,13,cupy_copy__float16_float16
3360315051,3168,181660,282,1,1,128,1,1,16,0.000,0.000,,,,,NVIDIA A100-SXM4-40GB MIG 4g.20gb (0),1,,13,cupy_copy__complex64_complex64
3360319147,2048,181669,26,1,1,128,1,1,16,0.000,0.000,,,,,NVIDIA A100-SXM4-40GB MIG 4g.20gb (0),1,,13,cupy_copy__float32_float32
3360322507,4640,181678,103,1,1,128,1,1,16,0.000,0.000,,,,,NVIDIA A100-SXM4-40GB MIG 4g.20gb (0),1,,13,cupy_copy__complex64_complex64
3360328715,12192,181688,1434,1,1,128,1,1,16,0.000,0.000,,,,,NVIDIA A100-SXM4-40GB MIG 4g.20gb (0),1,,13,cupy_copy__complex64_complex64
3360342955,81759,181693,1,1,1,32,32,1,30,0.000,0.000,,,,,NVIDIA A100-SXM4-40GB MIG 4g.20gb (0),1,,13,"void convert_kernel<__half2, float2>(tensor_layout_any, T1 *, tensor_layout_any, const T2 *)"
3360451689,5536,181696,,,,,,,,,,0.094,16924.777,Pinned,Device,NVIDIA A100-SXM4-40GB MIG 4g.20gb (0),1,,13,[CUDA memcpy Host-to-Device]
3360461737,607097,181697,,,,,,,,,,456.561,751956.692,Device,,NVIDIA A100-SXM4-40GB MIG 4g.20gb (0),1,,13,[CUDA memset]
3361077314,73055,181702,,,,,,,,,,1.235,16903.913,Pinned,Device,NVIDIA A100-SXM4-40GB MIG 4g.20gb (0),1,,13,[CUDA memcpy Host-to-Device]
3361153537,14144,181703,,,,,,,,,,0.197,13900.382,Pinned,Device,NVIDIA A100-SXM4-40GB MIG 4g.20gb (0),1,,13,[CUDA memcpy Host-to-Device]
3361178080,7936,181704,69,4,1,48,1,1,76,0.002,0.000,,,,,NVIDIA A100-SXM4-40GB MIG 4g.20gb (0),1,,13,"void ch_est::windowedChEstPreNoDftSOfdmKernel<float, __half, float, (unsigned int)2, (unsigned int)1, (unsigned short)4>(ch_est::puschRxChEstStatDescr_t *, ch_est::puschRxChEstDynDescr_t *)"
3361188960,6592,181705,137,2,1,24,2,1,44,0.001,0.001,,,,,NVIDIA A100-SXM4-40GB MIG 4g.20gb (0),1,,13,"void ch_est::chEstFilterNoDftSOfdmDispatchKernel<float, __half, float, (unsigned int)2>(ch_est::puschRxChEstStatDescr_t *, ch_est::puschRxChEstDynDescr_t *)"
3361199488,5184,181706,137,2,1,24,2,1,44,0.001,0.001,,,,,NVIDIA A100-SXM4-40GB MIG 4g.20gb (0),1,,13,"void ch_est::chEstFilterNoDftSOfdmDispatchKernel<float, __half, float, (unsigned int)2>(ch_est::puschRxChEstStatDescr_t *, ch_est::puschRxChEstDynDescr_t *)"
3361210048,2592,181717,103,1,1,128,1,1,16,0.000,0.000,,,,,NVIDIA A100-SXM4-40GB MIG 4g.20gb (0),1,,13,cupy_copy__complex64_complex64
3361216416,12512,181727,1434,1,1,128,1,1,16,0.000,0.000,,,,,NVIDIA A100-SXM4-40GB MIG 4g.20gb (0),1,,13,cupy_copy__complex64_complex64
3361235744,2976,181734,103,1,1,128,1,1,16,0.000,0.000,,,,,NVIDIA A100-SXM4-40GB MIG 4g.20gb (0),1,,13,cupy_copy__complex64_complex64
3361242144,83935,181741,1,1,1,32,32,1,30,0.000,0.000,,,,,NVIDIA A100-SXM4-40GB MIG 4g.20gb (0),1,,13,"void convert_kernel<__half2, float2>(tensor_layout_any, T1 *, tensor_layout_any, const T2 *)"
3361355550,9184,181744,,,,,,,,,,0.094,10202.089,Pinned,Device,NVIDIA A100-SXM4-40GB MIG 4g.20gb (0),1,,13,[CUDA memcpy Host-to-Device]
3361371454,47103,181745,,,,,,,,,,35.810,760244.602,Device,,NVIDIA A100-SXM4-40GB MIG 4g.20gb (0),1,,13,[CUDA memset]
3361423741,2240,181747,,,,,,,,,,0.000,35.714,Pinned,Device,NVIDIA A100-SXM4-40GB MIG 4g.20gb (0),1,,13,[CUDA memcpy Host-to-Device]
3361430269,13696,181748,,,,,,,,,,0.197,14355.137,Pinned,Device,NVIDIA A100-SXM4-40GB MIG 4g.20gb (0),1,,13,[CUDA memcpy Host-to-Device]
3361450973,9664,181749,273,1,1,48,1,1,40,0.000,0.001,,,,,NVIDIA A100-SXM4-40GB MIG 4g.20gb (0),1,,13,"void pusch_noise_intf_est::noiseIntfEstNoDftSOfdmKernel<float, __half, float, float, (unsigned int)2, (unsigned int)1, (unsigned char)4, (unsigned char)4>(pusch_noise_intf_est::puschRxNoiseIntfEstDynDescr)"
3361462877,2944,181760,35,1,1,128,1,1,16,0.000,0.000,,,,,NVIDIA A100-SXM4-40GB MIG 4g.20gb (0),1,,13,cupy_copy__complex64_complex64
3361475677,1984,181769,1,1,1,1,1,1,18,0.000,0.000,,,,,NVIDIA A100-SXM4-40GB MIG 4g.20gb (0),1,,13,cupy_copy__float32_float32
3361505244,1888,181775,,,,,,,,,,0.000,2.119,Device,Pageable,NVIDIA A100-SXM4-40GB MIG 4g.20gb (0),1,,7,[CUDA memcpy Device-to-Host]
3361565532,13183,181786,1434,1,1,128,1,1,16,0.000,0.000,,,,,NVIDIA A100-SXM4-40GB MIG 4g.20gb (0),1,,13,cupy_copy__complex64_complex64
3361592763,2624,181793,103,1,1,128,1,1,16,0.000,0.000,,,,,NVIDIA A100-SXM4-40GB MIG 4g.20gb (0),1,,13,cupy_copy__complex64_complex64
3361611771,2304,181800,35,1,1,128,1,1,16,0.000,0.000,,,,,NVIDIA A100-SXM4-40GB MIG 4g.20gb (0),1,,13,cupy_copy__complex64_complex64
3361629755,1824,181807,1,1,1,1,1,1,18,0.000,0.000,,,,,NVIDIA A100-SXM4-40GB MIG 4g.20gb (0),1,,13,cupy_copy__float32_float32
3361760377,82111,181818,1,1,1,32,32,1,30,0.000,0.000,,,,,NVIDIA A100-SXM4-40GB MIG 4g.20gb (0),1,,13,"void convert_kernel<__half2, float2>(tensor_layout_any, T1 *, tensor_layout_any, const T2 *)"
3361869656,5536,181821,,,,,,,,,,0.094,16924.777,Pinned,Device,NVIDIA A100-SXM4-40GB MIG 4g.20gb (0),1,,13,[CUDA memcpy Host-to-Device]
3361884248,3488,181822,,,,,,,,,,1.547,443412.461,Device,,NVIDIA A100-SXM4-40GB MIG 4g.20gb (0),1,,13,[CUDA memset]
3361890904,3040,181827,,,,,,,,,,0.031,10294.725,Pinned,Device,NVIDIA A100-SXM4-40GB MIG 4g.20gb (0),1,,13,[CUDA memcpy Host-to-Device]
3361896376,9343,181828,,,,,,,,,,0.197,21043.347,Pinned,Device,NVIDIA A100-SXM4-40GB MIG 4g.20gb (0),1,,13,[CUDA memcpy Host-to-Device]
3361910007,7200,181829,273,1,1,8,4,1,39,0.002,0.000,,,,,NVIDIA A100-SXM4-40GB MIG 4g.20gb (0),1,,13,"void channel_eq::eqMmseCoefCompLowMimoKernel<float, float, float, (unsigned int)4, (unsigned int)1, (unsigned int)4>(const channel_eq::_puschRxChEqStatDescr *, channel_eq::_puschRxChEqCoefCompDynDescr)"
3361920023,6432,181830,273,1,1,12,11,1,51,0.002,0.000,,,,,NVIDIA A100-SXM4-40GB MIG 4g.20gb (0),1,,13,"void channel_eq::eqMmseSoftDemapKernel<float, __half, __half, float, (unsigned int)4, (unsigned short)16383>(channel_eq::_puschRxChEqStatDescr *, channel_eq::_puschRxChEqSoftDemapDynDescr)"
3361929431,295036,181831,1,1,1,32,32,1,30,0.000,0.000,,,,,NVIDIA A100-SXM4-40GB MIG 4g.20gb (0),1,,13,"void convert_kernel<float2, __half2>(tensor_layout_any, T1 *, tensor_layout_any, const T2 *)"
3362225523,10816,181843,2253,1,1,128,1,1,16,0.000,0.000,,,,,NVIDIA A100-SXM4-40GB MIG 4g.20gb (0),1,,13,cupy_copy__float16_float16
3362239027,3552,181852,282,1,1,128,1,1,16,0.000,0.000,,,,,NVIDIA A100-SXM4-40GB MIG 4g.20gb (0),1,,13,cupy_copy__complex64_complex64
3362245875,2112,181861,26,1,1,128,1,1,16,0.000,0.000,,,,,NVIDIA A100-SXM4-40GB MIG 4g.20gb (0),1,,13,cupy_copy__float32_float32
3362248947,3104,181870,103,1,1,128,1,1,16,0.000,0.000,,,,,NVIDIA A100-SXM4-40GB MIG 4g.20gb (0),1,,13,cupy_copy__complex64_complex64
3362253171,11872,181880,1434,1,1,128,1,1,16,0.000,0.000,,,,,NVIDIA A100-SXM4-40GB MIG 4g.20gb (0),1,,13,cupy_copy__complex64_complex64
3362268179,87295,181885,1,1,1,32,32,1,30,0.000,0.000,,,,,NVIDIA A100-SXM4-40GB MIG 4g.20gb (0),1,,13,"void convert_kernel<__half2, float2>(tensor_layout_any, T1 *, tensor_layout_any, const T2 *)"
3362382130,5631,181888,,,,,,,,,,0.094,16639.285,Pinned,Device,NVIDIA A100-SXM4-40GB MIG 4g.20gb (0),1,,13,[CUDA memcpy Host-to-Device]
3362391729,599321,181889,,,,,,,,,,456.561,761544.482,Device,,NVIDIA A100-SXM4-40GB MIG 4g.20gb (0),1,,13,[CUDA memset]
3362995242,68703,181894,,,,,,,,,,1.235,17974.610,Pinned,Device,NVIDIA A100-SXM4-40GB MIG 4g.20gb (0),1,,13,[CUDA memcpy Host-to-Device]
3363067593,15168,181895,,,,,,,,,,0.197,12961.972,Pinned,Device,NVIDIA A100-SXM4-40GB MIG 4g.20gb (0),1,,13,[CUDA memcpy Host-to-Device]
3363090473,8416,181896,69,4,1,48,1,1,76,0.002,0.000,,,,,NVIDIA A100-SXM4-40GB MIG 4g.20gb (0),1,,13,"void ch_est::windowedChEstPreNoDftSOfdmKernel<float, __half, float, (unsigned int)2, (unsigned int)1, (unsigned short)4>(ch_est::puschRxChEstStatDescr_t *, ch_est::puschRxChEstDynDescr_t *)"
3363102281,6528,181897,137,2,1,24,2,1,44,0.001,0.001,,,,,NVIDIA A100-SXM4-40GB MIG 4g.20gb (0),1,,13,"void ch_est::chEstFilterNoDftSOfdmDispatchKernel<float, __half, float, (unsigned int)2>(ch_est::puschRxChEstStatDescr_t *, ch_est::puschRxChEstDynDescr_t *)"
3363114024,5184,181898,137,2,1,24,2,1,44,0.001,0.001,,,,,NVIDIA A100-SXM4-40GB MIG 4g.20gb (0),1,,13,"void ch_est::chEstFilterNoDftSOfdmDispatchKernel<float, __half, float, (unsigned int)2>(ch_est::puschRxChEstStatDescr_t *, ch_est::puschRxChEstDynDescr_t *)"
3363124584,2688,181909,103,1,1,128,1,1,16,0.000,0.000,,,,,NVIDIA A100-SXM4-40GB MIG 4g.20gb (0),1,,13,cupy_copy__complex64_complex64
3363130472,12448,181919,1434,1,1,128,1,1,16,0.000,0.000,,,,,NVIDIA A100-SXM4-40GB MIG 4g.20gb (0),1,,13,cupy_copy__complex64_complex64
3363146664,2592,181926,103,1,1,128,1,1,16,0.000,0.000,,,,,NVIDIA A100-SXM4-40GB MIG 4g.20gb (0),1,,13,cupy_copy__complex64_complex64
3363154280,93311,181933,1,1,1,32,32,1,30,0.000,0.000,,,,,NVIDIA A100-SXM4-40GB MIG 4g.20gb (0),1,,13,"void convert_kernel<__half2, float2>(tensor_layout_any, T1 *, tensor_layout_any, const T2 *)"
3363277382,8928,181936,,,,,,,,,,0.094,10494.608,Pinned,Device,NVIDIA A100-SXM4-40GB MIG 4g.20gb (0),1,,13,[CUDA memcpy Host-to-Device]
3363291878,47776,181937,,,,,,,,,,35.810,749537.436,Device,,NVIDIA A100-SXM4-40GB MIG 4g.20gb (0),1,,13,[CUDA memset]
3363343686,3616,181939,,,,,,,,,,0.000,22.124,Pinned,Device,NVIDIA A100-SXM4-40GB MIG 4g.20gb (0),1,,13,[CUDA memcpy Host-to-Device]
3363352166,13119,181940,,,,,,,,,,0.197,14986.445,Pinned,Device,NVIDIA A100-SXM4-40GB MIG 4g.20gb (0),1,,13,[CUDA memcpy Host-to-Device]
3363374309,10752,181941,273,1,1,48,1,1,40,0.000,0.001,,,,,NVIDIA A100-SXM4-40GB MIG 4g.20gb (0),1,,13,"void pusch_noise_intf_est::noiseIntfEstNoDftSOfdmKernel<float, __half, float, float, (unsigned int)2, (unsigned int)1, (unsigned char)4, (unsigned char)4>(pusch_noise_intf_est::puschRxNoiseIntfEstDynDescr)"
3363388229,3040,181952,35,1,1,128,1,1,16,0.000,0.000,,,,,NVIDIA A100-SXM4-40GB MIG 4g.20gb (0),1,,13,cupy_copy__complex64_complex64
3363397157,1952,181961,1,1,1,1,1,1,18,0.000,0.000,,,,,NVIDIA A100-SXM4-40GB MIG 4g.20gb (0),1,,13,cupy_copy__float32_float32
3363429029,1600,181967,,,,,,,,,,0.000,2.500,Device,Pageable,NVIDIA A100-SXM4-40GB MIG 4g.20gb (0),1,,7,[CUDA memcpy Device-to-Host]
3363490724,12864,181978,1434,1,1,128,1,1,16,0.000,0.000,,,,,NVIDIA A100-SXM4-40GB MIG 4g.20gb (0),1,,13,cupy_copy__complex64_complex64
3363515204,2879,181985,103,1,1,128,1,1,16,0.000,0.000,,,,,NVIDIA A100-SXM4-40GB MIG 4g.20gb (0),1,,13,cupy_copy__complex64_complex64
3363538851,2176,181992,35,1,1,128,1,1,16,0.000,0.000,,,,,NVIDIA A100-SXM4-40GB MIG 4g.20gb (0),1,,13,cupy_copy__complex64_complex64
3363554659,1760,181999,1,1,1,1,1,1,18,0.000,0.000,,,,,NVIDIA A100-SXM4-40GB MIG 4g.20gb (0),1,,13,cupy_copy__float32_float32
3363684609,82271,182010,1,1,1,32,32,1,30,0.000,0.000,,,,,NVIDIA A100-SXM4-40GB MIG 4g.20gb (0),1,,13,"void convert_kernel<__half2, float2>(tensor_layout_any, T1 *, tensor_layout_any, const T2 *)"
3363793664,5568,182013,,,,,,,,,,0.094,16827.521,Pinned,Device,NVIDIA A100-SXM4-40GB MIG 4g.20gb (0),1,,13,[CUDA memcpy Host-to-Device]
3363808416,3200,182014,,,,,,,,,,1.547,483320.000,Device,,NVIDIA A100-SXM4-40GB MIG 4g.20gb (0),1,,13,[CUDA memset]
3363815296,3040,182019,,,,,,,,,,0.031,10294.725,Pinned,Device,NVIDIA A100-SXM4-40GB MIG 4g.20gb (0),1,,13,[CUDA memcpy Host-to-Device]
3363820896,9376,182020,,,,,,,,,,0.197,20969.226,Pinned,Device,NVIDIA A100-SXM4-40GB MIG 4g.20gb (0),1,,13,[CUDA memcpy Host-to-Device]
3363834944,7199,182021,273,1,1,8,4,1,39,0.002,0.000,,,,,NVIDIA A100-SXM4-40GB MIG 4g.20gb (0),1,,13,"void channel_eq::eqMmseCoefCompLowMimoKernel<float, float, float, (unsigned int)4, (unsigned int)1, (unsigned int)4>(const channel_eq::_puschRxChEqStatDescr *, channel_eq::_puschRxChEqCoefCompDynDescr)"
3363844575,7744,182022,273,1,1,12,11,1,51,0.002,0.000,,,,,NVIDIA A100-SXM4-40GB MIG 4g.20gb (0),1,,13,"void channel_eq::eqMmseSoftDemapKernel<float, __half, __half, float, (unsigned int)4, (unsigned short)16383>(channel_eq::_puschRxChEqStatDescr *, channel_eq::_puschRxChEqSoftDemapDynDescr)"
3363855007,294877,182023,1,1,1,32,32,1,30,0.000,0.000,,,,,NVIDIA A100-SXM4-40GB MIG 4g.20gb (0),1,,13,"void convert_kernel<float2, __half2>(tensor_layout_any, T1 *, tensor_layout_any, const T2 *)"
3364152188,10912,182035,2253,1,1,128,1,1,16,0.000,0.000,,,,,NVIDIA A100-SXM4-40GB MIG 4g.20gb (0),1,,13,cupy_copy__float16_float16
3364164795,3616,182044,282,1,1,128,1,1,16,0.000,0.000,,,,,NVIDIA A100-SXM4-40GB MIG 4g.20gb (0),1,,13,cupy_copy__complex64_complex64
3364169595,2080,182053,26,1,1,128,1,1,16,0.000,0.000,,,,,NVIDIA A100-SXM4-40GB MIG 4g.20gb (0),1,,13,cupy_copy__float32_float32
3364174523,3232,182062,103,1,1,128,1,1,16,0.000,0.000,,,,,NVIDIA A100-SXM4-40GB MIG 4g.20gb (0),1,,13,cupy_copy__complex64_complex64
3364178683,12000,182072,1434,1,1,128,1,1,16,0.000,0.000,,,,,NVIDIA A100-SXM4-40GB MIG 4g.20gb (0),1,,13,cupy_copy__complex64_complex64
3364193627,87775,182077,1,1,1,32,32,1,30,0.000,0.000,,,,,NVIDIA A100-SXM4-40GB MIG 4g.20gb (0),1,,13,"void convert_kernel<__half2, float2>(tensor_layout_any, T1 *, tensor_layout_any, const T2 *)"
3364308442,5408,182080,,,,,,,,,,0.094,17325.421,Pinned,Device,NVIDIA A100-SXM4-40GB MIG 4g.20gb (0),1,,13,[CUDA memcpy Host-to-Device]
3364317786,599224,182081,,,,,,,,,,456.561,761544.482,Device,,NVIDIA A100-SXM4-40GB MIG 4g.20gb (0),1,,13,[CUDA memset]
3364922706,71775,182086,,,,,,,,,,1.235,17205.240,Pinned,Device,NVIDIA A100-SXM4-40GB MIG 4g.20gb (0),1,,13,[CUDA memcpy Host-to-Device]
3364998769,15360,182087,,,,,,,,,,0.197,12799.967,Pinned,Device,NVIDIA A100-SXM4-40GB MIG 4g.20gb (0),1,,13,[CUDA memcpy Host-to-Device]
3365022993,8736,182088,69,4,1,48,1,1,76,0.002,0.000,,,,,NVIDIA A100-SXM4-40GB MIG 4g.20gb (0),1,,13,"void ch_est::windowedChEstPreNoDftSOfdmKernel<float, __half, float, (unsigned int)2, (unsigned int)1, (unsigned short)4>(ch_est::puschRxChEstStatDescr_t *, ch_est::puschRxChEstDynDescr_t *)"
3365034641,6272,182089,137,2,1,24,2,1,44,0.001,0.001,,,,,NVIDIA A100-SXM4-40GB MIG 4g.20gb (0),1,,13,"void ch_est::chEstFilterNoDftSOfdmDispatchKernel<float, __half, float, (unsigned int)2>(ch_est::puschRxChEstStatDescr_t *, ch_est::puschRxChEstDynDescr_t *)"
3365044081,5216,182090,137,2,1,24,2,1,44,0.001,0.001,,,,,NVIDIA A100-SXM4-40GB MIG 4g.20gb (0),1,,13,"void ch_est::chEstFilterNoDftSOfdmDispatchKernel<float, __half, float, (unsigned int)2>(ch_est::puschRxChEstStatDescr_t *, ch_est::puschRxChEstDynDescr_t *)"
3365056272,2784,182101,103,1,1,128,1,1,16,0.000,0.000,,,,,NVIDIA A100-SXM4-40GB MIG 4g.20gb (0),1,,13,cupy_copy__complex64_complex64
3365061296,12480,182111,1434,1,1,128,1,1,16,0.000,0.000,,,,,NVIDIA A100-SXM4-40GB MIG 4g.20gb (0),1,,13,cupy_copy__complex64_complex64
3365081104,2656,182118,103,1,1,128,1,1,16,0.000,0.000,,,,,NVIDIA A100-SXM4-40GB MIG 4g.20gb (0),1,,13,cupy_copy__complex64_complex64
3365088592,84159,182125,1,1,1,32,32,1,30,0.000,0.000,,,,,NVIDIA A100-SXM4-40GB MIG 4g.20gb (0),1,,13,"void convert_kernel<__half2, float2>(tensor_layout_any, T1 *, tensor_layout_any, const T2 *)"
3365200463,8416,182128,,,,,,,,,,0.094,11133.052,Pinned,Device,NVIDIA A100-SXM4-40GB MIG 4g.20gb (0),1,,13,[CUDA memcpy Host-to-Device]
3365217966,47360,182129,,,,,,,,,,35.810,756090.651,Device,,NVIDIA A100-SXM4-40GB MIG 4g.20gb (0),1,,13,[CUDA memset]
3365270542,3552,182131,,,,,,,,,,0.000,22.522,Pinned,Device,NVIDIA A100-SXM4-40GB MIG 4g.20gb (0),1,,13,[CUDA memcpy Host-to-Device]
3365278446,13344,182132,,,,,,,,,,0.197,14733.804,Pinned,Device,NVIDIA A100-SXM4-40GB MIG 4g.20gb (0),1,,13,[CUDA memcpy Host-to-Device]
3365299117,10048,182133,273,1,1,48,1,1,40,0.000,0.001,,,,,NVIDIA A100-SXM4-40GB MIG 4g.20gb (0),1,,13,"void pusch_noise_intf_est::noiseIntfEstNoDftSOfdmKernel<float, __half, float, float, (unsigned int)2, (unsigned int)1, (unsigned char)4, (unsigned char)4>(pusch_noise_intf_est::puschRxNoiseIntfEstDynDescr)"
3365312589,3104,182144,35,1,1,128,1,1,16,0.000,0.000,,,,,NVIDIA A100-SXM4-40GB MIG 4g.20gb (0),1,,13,cupy_copy__complex64_complex64
3365321933,1856,182153,1,1,1,1,1,1,18,0.000,0.000,,,,,NVIDIA A100-SXM4-40GB MIG 4g.20gb (0),1,,13,cupy_copy__float32_float32
3365352557,1600,182159,,,,,,,,,,0.000,2.500,Device,Pageable,NVIDIA A100-SXM4-40GB MIG 4g.20gb (0),1,,7,[CUDA memcpy Device-to-Host]
3365412812,13280,182170,1434,1,1,128,1,1,16,0.000,0.000,,,,,NVIDIA A100-SXM4-40GB MIG 4g.20gb (0),1,,13,cupy_copy__complex64_complex64
3365440268,2592,182177,103,1,1,128,1,1,16,0.000,0.000,,,,,NVIDIA A100-SXM4-40GB MIG 4g.20gb (0),1,,13,cupy_copy__complex64_complex64
3365459019,2304,182184,35,1,1,128,1,1,16,0.000,0.000,,,,,NVIDIA A100-SXM4-40GB MIG 4g.20gb (0),1,,13,cupy_copy__complex64_complex64
3365477067,2016,182191,1,1,1,1,1,1,18,0.000,0.000,,,,,NVIDIA A100-SXM4-40GB MIG 4g.20gb (0),1,,13,cupy_copy__float32_float32
3365609034,82079,182202,1,1,1,32,32,1,30,0.000,0.000,,,,,NVIDIA A100-SXM4-40GB MIG 4g.20gb (0),1,,13,"void convert_kernel<__half2, float2>(tensor_layout_any, T1 *, tensor_layout_any, const T2 *)"
3365718696,5568,182205,,,,,,,,,,0.094,16827.521,Pinned,Device,NVIDIA A100-SXM4-40GB MIG 4g.20gb (0),1,,13,[CUDA memcpy Host-to-Device]
3365732392,3360,182206,,,,,,,,,,1.547,460304.688,Device,,NVIDIA A100-SXM4-40GB MIG 4g.20gb (0),1,,13,[CUDA memset]
3365739272,3008,182211,,,,,,,,,,0.031,10404.230,Pinned,Device,NVIDIA A100-SXM4-40GB MIG 4g.20gb (0),1,,13,[CUDA memcpy Host-to-Device]
3365744808,9536,182212,,,,,,,,,,0.197,20617.298,Pinned,Device,NVIDIA A100-SXM4-40GB MIG 4g.20gb (0),1,,13,[CUDA memcpy Host-to-Device]
3365758408,8224,182213,273,1,1,8,4,1,39,0.002,0.000,,,,,NVIDIA A100-SXM4-40GB MIG 4g.20gb (0),1,,13,"void channel_eq::eqMmseCoefCompLowMimoKernel<float, float, float, (unsigned int)4, (unsigned int)1, (unsigned int)4>(const channel_eq::_puschRxChEqStatDescr *, channel_eq::_puschRxChEqCoefCompDynDescr)"
3365770376,5824,182214,273,1,1,12,11,1,51,0.002,0.000,,,,,NVIDIA A100-SXM4-40GB MIG 4g.20gb (0),1,,13,"void channel_eq::eqMmseSoftDemapKernel<float, __half, __half, float, (unsigned int)4, (unsigned short)16383>(channel_eq::_puschRxChEqStatDescr *, channel_eq::_puschRxChEqSoftDemapDynDescr)"
3365777320,295292,182215,1,1,1,32,32,1,30,0.000,0.000,,,,,NVIDIA A100-SXM4-40GB MIG 4g.20gb (0),1,,13,"void convert_kernel<float2, __half2>(tensor_layout_any, T1 *, tensor_layout_any, const T2 *)"
3366073636,10784,182227,2253,1,1,128,1,1,16,0.000,0.000,,,,,NVIDIA A100-SXM4-40GB MIG 4g.20gb (0),1,,13,cupy_copy__float16_float16
3366086628,3232,182236,282,1,1,128,1,1,16,0.000,0.000,,,,,NVIDIA A100-SXM4-40GB MIG 4g.20gb (0),1,,13,cupy_copy__complex64_complex64
3366092100,2432,182245,26,1,1,128,1,1,16,0.000,0.000,,,,,NVIDIA A100-SXM4-40GB MIG 4g.20gb (0),1,,13,cupy_copy__float32_float32
3366095652,2912,182254,103,1,1,128,1,1,16,0.000,0.000,,,,,NVIDIA A100-SXM4-40GB MIG 4g.20gb (0),1,,13,cupy_copy__complex64_complex64
3366100292,12095,182264,1434,1,1,128,1,1,16,0.000,0.000,,,,,NVIDIA A100-SXM4-40GB MIG 4g.20gb (0),1,,13,cupy_copy__complex64_complex64
3366114947,81215,182269,1,1,1,32,32,1,30,0.000,0.000,,,,,NVIDIA A100-SXM4-40GB MIG 4g.20gb (0),1,,13,"void convert_kernel<__half2, float2>(tensor_layout_any, T1 *, tensor_layout_any, const T2 *)"
3366223074,5312,182272,,,,,,,,,,0.094,17638.553,Pinned,Device,NVIDIA A100-SXM4-40GB MIG 4g.20gb (0),1,,13,[CUDA memcpy Host-to-Device]
3366232962,602488,182273,,,,,,,,,,456.561,757435.429,Device,,NVIDIA A100-SXM4-40GB MIG 4g.20gb (0),1,,13,[CUDA memset]
3366840314,66336,182278,,,,,,,,,,1.235,18615.546,Pinned,Device,NVIDIA A100-SXM4-40GB MIG 4g.20gb (0),1,,13,[CUDA memcpy Host-to-Device]
3366911834,14687,182279,,,,,,,,,,0.197,13386.449,Pinned,Device,NVIDIA A100-SXM4-40GB MIG 4g.20gb (0),1,,13,[CUDA memcpy Host-to-Device]
3366932473,7680,182280,69,4,1,48,1,1,76,0.002,0.000,,,,,NVIDIA A100-SXM4-40GB MIG 4g.20gb (0),1,,13,"void ch_est::windowedChEstPreNoDftSOfdmKernel<float, __half, float, (unsigned int)2, (unsigned int)1, (unsigned short)4>(ch_est::puschRxChEstStatDescr_t *, ch_est::puschRxChEstDynDescr_t *)"
3366944057,6624,182281,137,2,1,24,2,1,44,0.001,0.001,,,,,NVIDIA A100-SXM4-40GB MIG 4g.20gb (0),1,,13,"void ch_est::chEstFilterNoDftSOfdmDispatchKernel<float, __half, float, (unsigned int)2>(ch_est::puschRxChEstStatDescr_t *, ch_est::puschRxChEstDynDescr_t *)"
3366954521,5664,182282,137,2,1,24,2,1,44,0.001,0.001,,,,,NVIDIA A100-SXM4-40GB MIG 4g.20gb (0),1,,13,"void ch_est::chEstFilterNoDftSOfdmDispatchKernel<float, __half, float, (unsigned int)2>(ch_est::puschRxChEstStatDescr_t *, ch_est::puschRxChEstDynDescr_t *)"
3366964985,2560,182293,103,1,1,128,1,1,16,0.000,0.000,,,,,NVIDIA A100-SXM4-40GB MIG 4g.20gb (0),1,,13,cupy_copy__complex64_complex64
3366971545,12864,182303,1434,1,1,128,1,1,16,0.000,0.000,,,,,NVIDIA A100-SXM4-40GB MIG 4g.20gb (0),1,,13,cupy_copy__complex64_complex64
3366987737,2784,182310,103,1,1,128,1,1,16,0.000,0.000,,,,,NVIDIA A100-SXM4-40GB MIG 4g.20gb (0),1,,13,cupy_copy__complex64_complex64
3366993401,85022,182317,1,1,1,32,32,1,30,0.000,0.000,,,,,NVIDIA A100-SXM4-40GB MIG 4g.20gb (0),1,,13,"void convert_kernel<__half2, float2>(tensor_layout_any, T1 *, tensor_layout_any, const T2 *)"
3367106935,9024,182320,,,,,,,,,,0.094,10382.922,Pinned,Device,NVIDIA A100-SXM4-40GB MIG 4g.20gb (0),1,,13,[CUDA memcpy Host-to-Device]
3367121367,47487,182321,,,,,,,,,,35.810,754085.295,Device,,NVIDIA A100-SXM4-40GB MIG 4g.20gb (0),1,,13,[CUDA memset]
3367173430,3488,182323,,,,,,,,,,0.000,22.936,Pinned,Device,NVIDIA A100-SXM4-40GB MIG 4g.20gb (0),1,,13,[CUDA memcpy Host-to-Device]
3367181558,12096,182324,,,,,,,,,,0.197,16253.780,Pinned,Device,NVIDIA A100-SXM4-40GB MIG 4g.20gb (0),1,,13,[CUDA memcpy Host-to-Device]
3367200278,9664,182325,273,1,1,48,1,1,40,0.000,0.001,,,,,NVIDIA A100-SXM4-40GB MIG 4g.20gb (0),1,,13,"void pusch_noise_intf_est::noiseIntfEstNoDftSOfdmKernel<float, __half, float, float, (unsigned int)2, (unsigned int)1, (unsigned char)4, (unsigned char)4>(pusch_noise_intf_est::puschRxNoiseIntfEstDynDescr)"
3367215062,2784,182336,35,1,1,128,1,1,16,0.000,0.000,,,,,NVIDIA A100-SXM4-40GB MIG 4g.20gb (0),1,,13,cupy_copy__complex64_complex64
3367227926,1888,182345,1,1,1,1,1,1,18,0.000,0.000,,,,,NVIDIA A100-SXM4-40GB MIG 4g.20gb (0),1,,13,cupy_copy__float32_float32
3367259957,1760,182351,,,,,,,,,,0.000,2.273,Device,Pageable,NVIDIA A100-SXM4-40GB MIG 4g.20gb (0),1,,7,[CUDA memcpy Device-to-Host]
3367321812,13248,182362,1434,1,1,128,1,1,16,0.000,0.000,,,,,NVIDIA A100-SXM4-40GB MIG 4g.20gb (0),1,,13,cupy_copy__complex64_complex64
3367346164,3488,182369,103,1,1,128,1,1,16,0.000,0.000,,,,,NVIDIA A100-SXM4-40GB MIG 4g.20gb (0),1,,13,cupy_copy__complex64_complex64
3367367316,2496,182376,35,1,1,128,1,1,16,0.000,0.000,,,,,NVIDIA A100-SXM4-40GB MIG 4g.20gb (0),1,,13,cupy_copy__complex64_complex64
3367385012,1792,182383,1,1,1,1,1,1,18,0.000,0.000,,,,,NVIDIA A100-SXM4-40GB MIG 4g.20gb (0),1,,13,cupy_copy__float32_float32
3367517266,82751,182394,1,1,1,32,32,1,30,0.000,0.000,,,,,NVIDIA A100-SXM4-40GB MIG 4g.20gb (0),1,,13,"void convert_kernel<__half2, float2>(tensor_layout_any, T1 *, tensor_layout_any, const T2 *)"
3367626545,5408,182397,,,,,,,,,,0.094,17325.421,Pinned,Device,NVIDIA A100-SXM4-40GB MIG 4g.20gb (0),1,,13,[CUDA memcpy Host-to-Device]
3367642832,3296,182398,,,,,,,,,,1.547,469242.628,Device,,NVIDIA A100-SXM4-40GB MIG 4g.20gb (0),1,,13,[CUDA memset]
3367650256,3040,182403,,,,,,,,,,0.031,10294.725,Pinned,Device,NVIDIA A100-SXM4-40GB MIG 4g.20gb (0),1,,13,[CUDA memcpy Host-to-Device]
3367655728,9568,182404,,,,,,,,,,0.197,20548.485,Pinned,Device,NVIDIA A100-SXM4-40GB MIG 4g.20gb (0),1,,13,[CUDA memcpy Host-to-Device]
3367671056,5984,182405,273,1,1,8,4,1,39,0.002,0.000,,,,,NVIDIA A100-SXM4-40GB MIG 4g.20gb (0),1,,13,"void channel_eq::eqMmseCoefCompLowMimoKernel<float, float, float, (unsigned int)4, (unsigned int)1, (unsigned int)4>(const channel_eq::_puschRxChEqStatDescr *, channel_eq::_puschRxChEqCoefCompDynDescr)"
3367681264,6240,182406,273,1,1,12,11,1,51,0.002,0.000,,,,,NVIDIA A100-SXM4-40GB MIG 4g.20gb (0),1,,13,"void channel_eq::eqMmseSoftDemapKernel<float, __half, __half, float, (unsigned int)4, (unsigned short)16383>(channel_eq::_puschRxChEqStatDescr *, channel_eq::_puschRxChEqSoftDemapDynDescr)"
3367688528,282236,182407,1,1,1,32,32,1,30,0.000,0.000,,,,,NVIDIA A100-SXM4-40GB MIG 4g.20gb (0),1,,13,"void convert_kernel<float2, __half2>(tensor_layout_any, T1 *, tensor_layout_any, const T2 *)"
3367972300,10912,182419,2253,1,1,128,1,1,16,0.000,0.000,,,,,NVIDIA A100-SXM4-40GB MIG 4g.20gb (0),1,,13,cupy_copy__float16_float16
3367986156,3424,182428,282,1,1,128,1,1,16,0.000,0.000,,,,,NVIDIA A100-SXM4-40GB MIG 4g.20gb (0),1,,13,cupy_copy__complex64_complex64
3367992076,2112,182437,26,1,1,128,1,1,16,0.000,0.000,,,,,NVIDIA A100-SXM4-40GB MIG 4g.20gb (0),1,,13,cupy_copy__float32_float32
3367996716,2976,182446,103,1,1,128,1,1,16,0.000,0.000,,,,,NVIDIA A100-SXM4-40GB MIG 4g.20gb (0),1,,13,cupy_copy__complex64_complex64
3368000684,11904,182456,1434,1,1,128,1,1,16,0.000,0.000,,,,,NVIDIA A100-SXM4-40GB MIG 4g.20gb (0),1,,13,cupy_copy__complex64_complex64
3368016044,86879,182461,1,1,1,32,32,1,30,0.000,0.000,,,,,NVIDIA A100-SXM4-40GB MIG 4g.20gb (0),1,,13,"void convert_kernel<__half2, float2>(tensor_layout_any, T1 *, tensor_layout_any, const T2 *)"
3368129514,5408,182464,,,,,,,,,,0.094,17325.421,Pinned,Device,NVIDIA A100-SXM4-40GB MIG 4g.20gb (0),1,,13,[CUDA memcpy Host-to-Device]
3368138826,608153,182465,,,,,,,,,,456.561,750587.007,Device,,NVIDIA A100-SXM4-40GB MIG 4g.20gb (0),1,,13,[CUDA memset]
3368752099,68639,182470,,,,,,,,,,1.235,17990.664,Pinned,Device,NVIDIA A100-SXM4-40GB MIG 4g.20gb (0),1,,13,[CUDA memcpy Host-to-Device]
3368824322,14560,182471,,,,,,,,,,0.197,13503.234,Pinned,Device,NVIDIA A100-SXM4-40GB MIG 4g.20gb (0),1,,13,[CUDA memcpy Host-to-Device]
3368846434,8672,182472,69,4,1,48,1,1,76,0.002,0.000,,,,,NVIDIA A100-SXM4-40GB MIG 4g.20gb (0),1,,13,"void ch_est::windowedChEstPreNoDftSOfdmKernel<float, __half, float, (unsigned int)2, (unsigned int)1, (unsigned short)4>(ch_est::puschRxChEstStatDescr_t *, ch_est::puschRxChEstDynDescr_t *)"
3368857921,6432,182473,137,2,1,24,2,1,44,0.001,0.001,,,,,NVIDIA A100-SXM4-40GB MIG 4g.20gb (0),1,,13,"void ch_est::chEstFilterNoDftSOfdmDispatchKernel<float, __half, float, (unsigned int)2>(ch_est::puschRxChEstStatDescr_t *, ch_est::puschRxChEstDynDescr_t *)"
3368868417,5728,182474,137,2,1,24,2,1,44,0.001,0.001,,,,,NVIDIA A100-SXM4-40GB MIG 4g.20gb (0),1,,13,"void ch_est::chEstFilterNoDftSOfdmDispatchKernel<float, __half, float, (unsigned int)2>(ch_est::puschRxChEstStatDescr_t *, ch_est::puschRxChEstDynDescr_t *)"
3368878945,2720,182485,103,1,1,128,1,1,16,0.000,0.000,,,,,NVIDIA A100-SXM4-40GB MIG 4g.20gb (0),1,,13,cupy_copy__complex64_complex64
3368884897,12800,182495,1434,1,1,128,1,1,16,0.000,0.000,,,,,NVIDIA A100-SXM4-40GB MIG 4g.20gb (0),1,,13,cupy_copy__complex64_complex64
3368899233,2720,182502,103,1,1,128,1,1,16,0.000,0.000,,,,,NVIDIA A100-SXM4-40GB MIG 4g.20gb (0),1,,13,cupy_copy__complex64_complex64
3368905313,88927,182509,1,1,1,32,32,1,30,0.000,0.000,,,,,NVIDIA A100-SXM4-40GB MIG 4g.20gb (0),1,,13,"void convert_kernel<__half2, float2>(tensor_layout_any, T1 *, tensor_layout_any, const T2 *)"
3369022623,7840,182512,,,,,,,,,,0.094,11951.018,Pinned,Device,NVIDIA A100-SXM4-40GB MIG 4g.20gb (0),1,,13,[CUDA memcpy Host-to-Device]
3369037503,48480,182513,,,,,,,,,,35.810,738651.220,Device,,NVIDIA A100-SXM4-40GB MIG 4g.20gb (0),1,,13,[CUDA memset]
3369091039,2176,182515,,,,,,,,,,0.000,36.765,Pinned,Device,NVIDIA A100-SXM4-40GB MIG 4g.20gb (0),1,,13,[CUDA memcpy Host-to-Device]
3369098110,12320,182516,,,,,,,,,,0.197,15958.278,Pinned,Device,NVIDIA A100-SXM4-40GB MIG 4g.20gb (0),1,,13,[CUDA memcpy Host-to-Device]
3369117406,11296,182517,273,1,1,48,1,1,40,0.000,0.001,,,,,NVIDIA A100-SXM4-40GB MIG 4g.20gb (0),1,,13,"void pusch_noise_intf_est::noiseIntfEstNoDftSOfdmKernel<float, __half, float, float, (unsigned int)2, (unsigned int)1, (unsigned char)4, (unsigned char)4>(pusch_noise_intf_est::puschRxNoiseIntfEstDynDescr)"
3369133374,2976,182528,35,1,1,128,1,1,16,0.000,0.000,,,,,NVIDIA A100-SXM4-40GB MIG 4g.20gb (0),1,,13,cupy_copy__complex64_complex64
3369143710,1984,182537,1,1,1,1,1,1,18,0.000,0.000,,,,,NVIDIA A100-SXM4-40GB MIG 4g.20gb (0),1,,13,cupy_copy__float32_float32
3369174238,1632,182543,,,,,,,,,,0.000,2.451,Device,Pageable,NVIDIA A100-SXM4-40GB MIG 4g.20gb (0),1,,7,[CUDA memcpy Device-to-Host]
3369235165,13088,182554,1434,1,1,128,1,1,16,0.000,0.000,,,,,NVIDIA A100-SXM4-40GB MIG 4g.20gb (0),1,,13,cupy_copy__complex64_complex64
3369261500,2912,182561,103,1,1,128,1,1,16,0.000,0.000,,,,,NVIDIA A100-SXM4-40GB MIG 4g.20gb (0),1,,13,cupy_copy__complex64_complex64
3369281596,2368,182568,35,1,1,128,1,1,16,0.000,0.000,,,,,NVIDIA A100-SXM4-40GB MIG 4g.20gb (0),1,,13,cupy_copy__complex64_complex64
3369300028,1984,182575,1,1,1,1,1,1,18,0.000,0.000,,,,,NVIDIA A100-SXM4-40GB MIG 4g.20gb (0),1,,13,cupy_copy__float32_float32
3369429306,82175,182586,1,1,1,32,32,1,30,0.000,0.000,,,,,NVIDIA A100-SXM4-40GB MIG 4g.20gb (0),1,,13,"void convert_kernel<__half2, float2>(tensor_layout_any, T1 *, tensor_layout_any, const T2 *)"
3369541657,5536,182589,,,,,,,,,,0.094,16924.777,Pinned,Device,NVIDIA A100-SXM4-40GB MIG 4g.20gb (0),1,,13,[CUDA memcpy Host-to-Device]
3369556953,3392,182590,,,,,,,,,,1.547,455961.768,Device,,NVIDIA A100-SXM4-40GB MIG 4g.20gb (0),1,,13,[CUDA memset]
3369562873,3168,182595,,,,,,,,,,0.031,9878.770,Pinned,Device,NVIDIA A100-SXM4-40GB MIG 4g.20gb (0),1,,13,[CUDA memcpy Host-to-Device]
3369568505,9408,182596,,,,,,,,,,0.197,20897.858,Pinned,Device,NVIDIA A100-SXM4-40GB MIG 4g.20gb (0),1,,13,[CUDA memcpy Host-to-Device]
3369582841,6111,182597,273,1,1,8,4,1,39,0.002,0.000,,,,,NVIDIA A100-SXM4-40GB MIG 4g.20gb (0),1,,13,"void channel_eq::eqMmseCoefCompLowMimoKernel<float, float, float, (unsigned int)4, (unsigned int)1, (unsigned int)4>(const channel_eq::_puschRxChEqStatDescr *, channel_eq::_puschRxChEqCoefCompDynDescr)"
3369590392,5824,182598,273,1,1,12,11,1,51,0.002,0.000,,,,,NVIDIA A100-SXM4-40GB MIG 4g.20gb (0),1,,13,"void channel_eq::eqMmseSoftDemapKernel<float, __half, __half, float, (unsigned int)4, (unsigned short)16383>(channel_eq::_puschRxChEqStatDescr *, channel_eq::_puschRxChEqSoftDemapDynDescr)"
3369598168,290077,182599,1,1,1,32,32,1,30,0.000,0.000,,,,,NVIDIA A100-SXM4-40GB MIG 4g.20gb (0),1,,13,"void convert_kernel<float2, __half2>(tensor_layout_any, T1 *, tensor_layout_any, const T2 *)"
3369889397,10880,182611,2253,1,1,128,1,1,16,0.000,0.000,,,,,NVIDIA A100-SXM4-40GB MIG 4g.20gb (0),1,,13,cupy_copy__float16_float16
3369903925,3519,182620,282,1,1,128,1,1,16,0.000,0.000,,,,,NVIDIA A100-SXM4-40GB MIG 4g.20gb (0),1,,13,cupy_copy__complex64_complex64
3369909268,2400,182629,26,1,1,128,1,1,16,0.000,0.000,,,,,NVIDIA A100-SXM4-40GB MIG 4g.20gb (0),1,,13,cupy_copy__float32_float32
3369912692,3008,182638,103,1,1,128,1,1,16,0.000,0.000,,,,,NVIDIA A100-SXM4-40GB MIG 4g.20gb (0),1,,13,cupy_copy__complex64_complex64
3369917556,12032,182648,1434,1,1,128,1,1,16,0.000,0.000,,,,,NVIDIA A100-SXM4-40GB MIG 4g.20gb (0),1,,13,cupy_copy__complex64_complex64
3369932948,85983,182653,1,1,1,32,32,1,30,0.000,0.000,,,,,NVIDIA A100-SXM4-40GB MIG 4g.20gb (0),1,,13,"void convert_kernel<__half2, float2>(tensor_layout_any, T1 *, tensor_layout_any, const T2 *)"
3370046195,5792,182656,,,,,,,,,,0.094,16176.708,Pinned,Device,NVIDIA A100-SXM4-40GB MIG 4g.20gb (0),1,,13,[CUDA memcpy Host-to-Device]
3370055475,601688,182657,,,,,,,,,,456.561,758348.552,Device,,NVIDIA A100-SXM4-40GB MIG 4g.20gb (0),1,,13,[CUDA memset]
3370661707,70591,182662,,,,,,,,,,1.235,17494.217,Pinned,Device,NVIDIA A100-SXM4-40GB MIG 4g.20gb (0),1,,13,[CUDA memcpy Host-to-Device]
3370736714,14784,182663,,,,,,,,,,0.197,13298.565,Pinned,Device,NVIDIA A100-SXM4-40GB MIG 4g.20gb (0),1,,13,[CUDA memcpy Host-to-Device]
3370759018,8736,182664,69,4,1,48,1,1,76,0.002,0.000,,,,,NVIDIA A100-SXM4-40GB MIG 4g.20gb (0),1,,13,"void ch_est::windowedChEstPreNoDftSOfdmKernel<float, __half, float, (unsigned int)2, (unsigned int)1, (unsigned short)4>(ch_est::puschRxChEstStatDescr_t *, ch_est::puschRxChEstDynDescr_t *)"
3370769962,7008,182665,137,2,1,24,2,1,44,0.001,0.001,,,,,NVIDIA A100-SXM4-40GB MIG 4g.20gb (0),1,,13,"void ch_est::chEstFilterNoDftSOfdmDispatchKernel<float, __half, float, (unsigned int)2>(ch_est::puschRxChEstStatDescr_t *, ch_est::puschRxChEstDynDescr_t *)"
3370781386,5760,182666,137,2,1,24,2,1,44,0.001,0.001,,,,,NVIDIA A100-SXM4-40GB MIG 4g.20gb (0),1,,13,"void ch_est::chEstFilterNoDftSOfdmDispatchKernel<float, __half, float, (unsigned int)2>(ch_est::puschRxChEstStatDescr_t *, ch_est::puschRxChEstDynDescr_t *)"
3370791722,2784,182677,103,1,1,128,1,1,16,0.000,0.000,,,,,NVIDIA A100-SXM4-40GB MIG 4g.20gb (0),1,,13,cupy_copy__complex64_complex64
3370797321,12704,182687,1434,1,1,128,1,1,16,0.000,0.000,,,,,NVIDIA A100-SXM4-40GB MIG 4g.20gb (0),1,,13,cupy_copy__complex64_complex64
3370811273,2400,182694,103,1,1,128,1,1,16,0.000,0.000,,,,,NVIDIA A100-SXM4-40GB MIG 4g.20gb (0),1,,13,cupy_copy__complex64_complex64
3370818025,84415,182701,1,1,1,32,32,1,30,0.000,0.000,,,,,NVIDIA A100-SXM4-40GB MIG 4g.20gb (0),1,,13,"void convert_kernel<__half2, float2>(tensor_layout_any, T1 *, tensor_layout_any, const T2 *)"
3370931240,8512,182704,,,,,,,,,,0.094,11007.500,Pinned,Device,NVIDIA A100-SXM4-40GB MIG 4g.20gb (0),1,,13,[CUDA memcpy Host-to-Device]
3370950856,47167,182705,,,,,,,,,,35.810,759206.114,Device,,NVIDIA A100-SXM4-40GB MIG 4g.20gb (0),1,,13,[CUDA memset]
3370999527,3360,182707,,,,,,,,,,0.000,23.810,Pinned,Device,NVIDIA A100-SXM4-40GB MIG 4g.20gb (0),1,,13,[CUDA memcpy Host-to-Device]
3371006215,13408,182708,,,,,,,,,,0.197,14663.418,Pinned,Device,NVIDIA A100-SXM4-40GB MIG 4g.20gb (0),1,,13,[CUDA memcpy Host-to-Device]
3371028135,9600,182709,273,1,1,48,1,1,40,0.000,0.001,,,,,NVIDIA A100-SXM4-40GB MIG 4g.20gb (0),1,,13,"void pusch_noise_intf_est::noiseIntfEstNoDftSOfdmKernel<float, __half, float, float, (unsigned int)2, (unsigned int)1, (unsigned char)4, (unsigned char)4>(pusch_noise_intf_est::puschRxNoiseIntfEstDynDescr)"
3371043174,2976,182720,35,1,1,128,1,1,16,0.000,0.000,,,,,NVIDIA A100-SXM4-40GB MIG 4g.20gb (0),1,,13,cupy_copy__complex64_complex64
3371055814,1920,182729,1,1,1,1,1,1,18,0.000,0.000,,,,,NVIDIA A100-SXM4-40GB MIG 4g.20gb (0),1,,13,cupy_copy__float32_float32
3371086374,1696,182735,,,,,,,,,,0.000,2.358,Device,Pageable,NVIDIA A100-SXM4-40GB MIG 4g.20gb (0),1,,7,[CUDA memcpy Device-to-Host]
3371148229,12800,182746,1434,1,1,128,1,1,16,0.000,0.000,,,,,NVIDIA A100-SXM4-40GB MIG 4g.20gb (0),1,,13,cupy_copy__complex64_complex64
3371174245,3456,182753,103,1,1,128,1,1,16,0.000,0.000,,,,,NVIDIA A100-SXM4-40GB MIG 4g.20gb (0),1,,13,cupy_copy__complex64_complex64
3371194821,2496,182760,35,1,1,128,1,1,16,0.000,0.000,,,,,NVIDIA A100-SXM4-40GB MIG 4g.20gb (0),1,,13,cupy_copy__complex64_complex64
3371212612,1728,182767,1,1,1,1,1,1,18,0.000,0.000,,,,,NVIDIA A100-SXM4-40GB MIG 4g.20gb (0),1,,13,cupy_copy__float32_float32
3371343171,82687,182778,1,1,1,32,32,1,30,0.000,0.000,,,,,NVIDIA A100-SXM4-40GB MIG 4g.20gb (0),1,,13,"void convert_kernel<__half2, float2>(tensor_layout_any, T1 *, tensor_layout_any, const T2 *)"
3371454113,5568,182781,,,,,,,,,,0.094,16827.521,Pinned,Device,NVIDIA A100-SXM4-40GB MIG 4g.20gb (0),1,,13,[CUDA memcpy Host-to-Device]
3371468801,3296,182782,,,,,,,,,,1.547,469242.628,Device,,NVIDIA A100-SXM4-40GB MIG 4g.20gb (0),1,,13,[CUDA memset]
3371475713,3104,182787,,,,,,,,,,0.031,10082.445,Pinned,Device,NVIDIA A100-SXM4-40GB MIG 4g.20gb (0),1,,13,[CUDA memcpy Host-to-Device]
3371481505,9408,182788,,,,,,,,,,0.197,20897.858,Pinned,Device,NVIDIA A100-SXM4-40GB MIG 4g.20gb (0),1,,13,[CUDA memcpy Host-to-Device]
3371496097,6208,182789,273,1,1,8,4,1,39,0.002,0.000,,,,,NVIDIA A100-SXM4-40GB MIG 4g.20gb (0),1,,13,"void channel_eq::eqMmseCoefCompLowMimoKernel<float, float, float, (unsigned int)4, (unsigned int)1, (unsigned int)4>(const channel_eq::_puschRxChEqStatDescr *, channel_eq::_puschRxChEqCoefCompDynDescr)"
3371503297,5792,182790,273,1,1,12,11,1,51,0.002,0.000,,,,,NVIDIA A100-SXM4-40GB MIG 4g.20gb (0),1,,13,"void channel_eq::eqMmseSoftDemapKernel<float, __half, __half, float, (unsigned int)4, (unsigned short)16383>(channel_eq::_puschRxChEqStatDescr *, channel_eq::_puschRxChEqSoftDemapDynDescr)"
3371510689,281980,182791,1,1,1,32,32,1,30,0.000,0.000,,,,,NVIDIA A100-SXM4-40GB MIG 4g.20gb (0),1,,13,"void convert_kernel<float2, __half2>(tensor_layout_any, T1 *, tensor_layout_any, const T2 *)"
3371793821,11104,182803,2253,1,1,128,1,1,16,0.000,0.000,,,,,NVIDIA A100-SXM4-40GB MIG 4g.20gb (0),1,,13,cupy_copy__float16_float16
3371806429,3712,182812,282,1,1,128,1,1,16,0.000,0.000,,,,,NVIDIA A100-SXM4-40GB MIG 4g.20gb (0),1,,13,cupy_copy__complex64_complex64
3371812765,2144,182821,26,1,1,128,1,1,16,0.000,0.000,,,,,NVIDIA A100-SXM4-40GB MIG 4g.20gb (0),1,,13,cupy_copy__float32_float32
3371817597,2944,182830,103,1,1,128,1,1,16,0.000,0.000,,,,,NVIDIA A100-SXM4-40GB MIG 4g.20gb (0),1,,13,cupy_copy__complex64_complex64
3371875676,11904,182846,1434,1,1,128,1,1,16,0.000,0.000,,,,,NVIDIA A100-SXM4-40GB MIG 4g.20gb (0),1,,13,cupy_copy__complex64_complex64
3371989403,81951,182851,1,1,1,32,32,1,30,0.000,0.000,,,,,NVIDIA A100-SXM4-40GB MIG 4g.20gb (0),1,,13,"void convert_kernel<__half2, float2>(tensor_layout_any, T1 *, tensor_layout_any, const T2 *)"
3372099033,5440,182854,,,,,,,,,,0.094,17223.480,Pinned,Device,NVIDIA A100-SXM4-40GB MIG 4g.20gb (0),1,,13,[CUDA memcpy Host-to-Device]
3372109241,606937,182855,,,,,,,,,,456.561,751956.692,Device,,NVIDIA A100-SXM4-40GB MIG 4g.20gb (0),1,,13,[CUDA memset]
3372722418,65599,182860,,,,,,,,,,1.235,18825.486,Pinned,Device,NVIDIA A100-SXM4-40GB MIG 4g.20gb (0),1,,13,[CUDA memcpy Host-to-Device]
3372792465,13568,182861,,,,,,,,,,0.197,14490.403,Pinned,Device,NVIDIA A100-SXM4-40GB MIG 4g.20gb (0),1,,13,[CUDA memcpy Host-to-Device]
3372813361,8351,182862,69,4,1,48,1,1,76,0.002,0.000,,,,,NVIDIA A100-SXM4-40GB MIG 4g.20gb (0),1,,13,"void ch_est::windowedChEstPreNoDftSOfdmKernel<float, __half, float, (unsigned int)2, (unsigned int)1, (unsigned short)4>(ch_est::puschRxChEstStatDescr_t *, ch_est::puschRxChEstDynDescr_t *)"
3372824432,6464,182863,137,2,1,24,2,1,44,0.001,0.001,,,,,NVIDIA A100-SXM4-40GB MIG 4g.20gb (0),1,,13,"void ch_est::chEstFilterNoDftSOfdmDispatchKernel<float, __half, float, (unsigned int)2>(ch_est::puschRxChEstStatDescr_t *, ch_est::puschRxChEstDynDescr_t *)"
3372834192,5280,182864,137,2,1,24,2,1,44,0.001,0.001,,,,,NVIDIA A100-SXM4-40GB MIG 4g.20gb (0),1,,13,"void ch_est::chEstFilterNoDftSOfdmDispatchKernel<float, __half, float, (unsigned int)2>(ch_est::puschRxChEstStatDescr_t *, ch_est::puschRxChEstDynDescr_t *)"
3372845584,2656,182875,103,1,1,128,1,1,16,0.000,0.000,,,,,NVIDIA A100-SXM4-40GB MIG 4g.20gb (0),1,,13,cupy_copy__complex64_complex64
3372850448,12768,182885,1434,1,1,128,1,1,16,0.000,0.000,,,,,NVIDIA A100-SXM4-40GB MIG 4g.20gb (0),1,,13,cupy_copy__complex64_complex64
3372867984,2528,182892,103,1,1,128,1,1,16,0.000,0.000,,,,,NVIDIA A100-SXM4-40GB MIG 4g.20gb (0),1,,13,cupy_copy__complex64_complex64
3372875568,84383,182899,1,1,1,32,32,1,30,0.000,0.000,,,,,NVIDIA A100-SXM4-40GB MIG 4g.20gb (0),1,,13,"void convert_kernel<__half2, float2>(tensor_layout_any, T1 *, tensor_layout_any, const T2 *)"
3372988398,7168,182902,,,,,,,,,,0.094,13071.342,Pinned,Device,NVIDIA A100-SXM4-40GB MIG 4g.20gb (0),1,,13,[CUDA memcpy Host-to-Device]
3373001934,47520,182903,,,,,,,,,,35.810,753548.147,Device,,NVIDIA A100-SXM4-40GB MIG 4g.20gb (0),1,,13,[CUDA memset]
3373054190,2048,182905,,,,,,,,,,0.000,39.062,Pinned,Device,NVIDIA A100-SXM4-40GB MIG 4g.20gb (0),1,,13,[CUDA memcpy Host-to-Device]
3373059630,10655,182906,,,,,,,,,,0.197,18452.054,Pinned,Device,NVIDIA A100-SXM4-40GB MIG 4g.20gb (0),1,,13,[CUDA memcpy Host-to-Device]
3373077453,12672,182907,273,1,1,48,1,1,40,0.000,0.001,,,,,NVIDIA A100-SXM4-40GB MIG 4g.20gb (0),1,,13,"void pusch_noise_intf_est::noiseIntfEstNoDftSOfdmKernel<float, __half, float, float, (unsigned int)2, (unsigned int)1, (unsigned char)4, (unsigned char)4>(pusch_noise_intf_est::puschRxNoiseIntfEstDynDescr)"
3373093133,2880,182918,35,1,1,128,1,1,16,0.000,0.000,,,,,NVIDIA A100-SXM4-40GB MIG 4g.20gb (0),1,,13,cupy_copy__complex64_complex64
3373108653,1856,182927,1,1,1,1,1,1,18,0.000,0.000,,,,,NVIDIA A100-SXM4-40GB MIG 4g.20gb (0),1,,13,cupy_copy__float32_float32
3373139021,1632,182933,,,,,,,,,,0.000,2.451,Device,Pageable,NVIDIA A100-SXM4-40GB MIG 4g.20gb (0),1,,7,[CUDA memcpy Device-to-Host]
3373197964,12704,182944,1434,1,1,128,1,1,16,0.000,0.000,,,,,NVIDIA A100-SXM4-40GB MIG 4g.20gb (0),1,,13,cupy_copy__complex64_complex64
3373224619,2624,182951,103,1,1,128,1,1,16,0.000,0.000,,,,,NVIDIA A100-SXM4-40GB MIG 4g.20gb (0),1,,13,cupy_copy__complex64_complex64
3373245899,2176,182958,35,1,1,128,1,1,16,0.000,0.000,,,,,NVIDIA A100-SXM4-40GB MIG 4g.20gb (0),1,,13,cupy_copy__complex64_complex64
3373268395,1792,182965,1,1,1,1,1,1,18,0.000,0.000,,,,,NVIDIA A100-SXM4-40GB MIG 4g.20gb (0),1,,13,cupy_copy__float32_float32
3373400745,82335,182976,1,1,1,32,32,1,30,0.000,0.000,,,,,NVIDIA A100-SXM4-40GB MIG 4g.20gb (0),1,,13,"void convert_kernel<__half2, float2>(tensor_layout_any, T1 *, tensor_layout_any, const T2 *)"
3373510152,5376,182979,,,,,,,,,,0.094,17428.487,Pinned,Device,NVIDIA A100-SXM4-40GB MIG 4g.20gb (0),1,,13,[CUDA memcpy Host-to-Device]
3373525608,3200,182980,,,,,,,,,,1.547,483320.000,Device,,NVIDIA A100-SXM4-40GB MIG 4g.20gb (0),1,,13,[CUDA memset]
3373531144,3200,182985,,,,,,,,,,0.031,9780.000,Pinned,Device,NVIDIA A100-SXM4-40GB MIG 4g.20gb (0),1,,13,[CUDA memcpy Host-to-Device]
3373536808,9312,182986,,,,,,,,,,0.197,21113.340,Pinned,Device,NVIDIA A100-SXM4-40GB MIG 4g.20gb (0),1,,13,[CUDA memcpy Host-to-Device]
3373551463,6944,182987,273,1,1,8,4,1,39,0.002,0.000,,,,,NVIDIA A100-SXM4-40GB MIG 4g.20gb (0),1,,13,"void channel_eq::eqMmseCoefCompLowMimoKernel<float, float, float, (unsigned int)4, (unsigned int)1, (unsigned int)4>(const channel_eq::_puschRxChEqStatDescr *, channel_eq::_puschRxChEqCoefCompDynDescr)"
3373561127,5984,182988,273,1,1,12,11,1,51,0.002,0.000,,,,,NVIDIA A100-SXM4-40GB MIG 4g.20gb (0),1,,13,"void channel_eq::eqMmseSoftDemapKernel<float, __half, __half, float, (unsigned int)4, (unsigned short)16383>(channel_eq::_puschRxChEqStatDescr *, channel_eq::_puschRxChEqSoftDemapDynDescr)"
3373568679,295357,182989,1,1,1,32,32,1,30,0.000,0.000,,,,,NVIDIA A100-SXM4-40GB MIG 4g.20gb (0),1,,13,"void convert_kernel<float2, __half2>(tensor_layout_any, T1 *, tensor_layout_any, const T2 *)"
3373864996,11103,183001,2253,1,1,128,1,1,16,0.000,0.000,,,,,NVIDIA A100-SXM4-40GB MIG 4g.20gb (0),1,,13,cupy_copy__float16_float16
3373879395,3072,183010,282,1,1,128,1,1,16,0.000,0.000,,,,,NVIDIA A100-SXM4-40GB MIG 4g.20gb (0),1,,13,cupy_copy__complex64_complex64
3373884547,2016,183019,26,1,1,128,1,1,16,0.000,0.000,,,,,NVIDIA A100-SXM4-40GB MIG 4g.20gb (0),1,,13,cupy_copy__float32_float32
3373888739,3072,183028,103,1,1,128,1,1,16,0.000,0.000,,,,,NVIDIA A100-SXM4-40GB MIG 4g.20gb (0),1,,13,cupy_copy__complex64_complex64
3373892803,11904,183038,1434,1,1,128,1,1,16,0.000,0.000,,,,,NVIDIA A100-SXM4-40GB MIG 4g.20gb (0),1,,13,cupy_copy__complex64_complex64
3373907299,85983,183043,1,1,1,32,32,1,30,0.000,0.000,,,,,NVIDIA A100-SXM4-40GB MIG 4g.20gb (0),1,,13,"void convert_kernel<__half2, float2>(tensor_layout_any, T1 *, tensor_layout_any, const T2 *)"
3374020194,5312,183046,,,,,,,,,,0.094,17638.553,Pinned,Device,NVIDIA A100-SXM4-40GB MIG 4g.20gb (0),1,,13,[CUDA memcpy Host-to-Device]
3374029762,603384,183047,,,,,,,,,,456.561,756522.306,Device,,NVIDIA A100-SXM4-40GB MIG 4g.20gb (0),1,,13,[CUDA memset]
3374635514,67231,183052,,,,,,,,,,1.235,18368.557,Pinned,Device,NVIDIA A100-SXM4-40GB MIG 4g.20gb (0),1,,13,[CUDA memcpy Host-to-Device]
3374705465,14688,183053,,,,,,,,,,0.197,13385.466,Pinned,Device,NVIDIA A100-SXM4-40GB MIG 4g.20gb (0),1,,13,[CUDA memcpy Host-to-Device]
3374727865,7808,183054,69,4,1,48,1,1,76,0.002,0.000,,,,,NVIDIA A100-SXM4-40GB MIG 4g.20gb (0),1,,13,"void ch_est::windowedChEstPreNoDftSOfdmKernel<float, __half, float, (unsigned int)2, (unsigned int)1, (unsigned short)4>(ch_est::puschRxChEstStatDescr_t *, ch_est::puschRxChEstDynDescr_t *)"
3374739449,6816,183055,137,2,1,24,2,1,44,0.001,0.001,,,,,NVIDIA A100-SXM4-40GB MIG 4g.20gb (0),1,,13,"void ch_est::chEstFilterNoDftSOfdmDispatchKernel<float, __half, float, (unsigned int)2>(ch_est::puschRxChEstStatDescr_t *, ch_est::puschRxChEstDynDescr_t *)"
3374749529,5472,183056,137,2,1,24,2,1,44,0.001,0.001,,,,,NVIDIA A100-SXM4-40GB MIG 4g.20gb (0),1,,13,"void ch_est::chEstFilterNoDftSOfdmDispatchKernel<float, __half, float, (unsigned int)2>(ch_est::puschRxChEstStatDescr_t *, ch_est::puschRxChEstDynDescr_t *)"
3374760057,2527,183067,103,1,1,128,1,1,16,0.000,0.000,,,,,NVIDIA A100-SXM4-40GB MIG 4g.20gb (0),1,,13,cupy_copy__complex64_complex64
3374766776,12672,183077,1434,1,1,128,1,1,16,0.000,0.000,,,,,NVIDIA A100-SXM4-40GB MIG 4g.20gb (0),1,,13,cupy_copy__complex64_complex64
3374784184,2624,183084,103,1,1,128,1,1,16,0.000,0.000,,,,,NVIDIA A100-SXM4-40GB MIG 4g.20gb (0),1,,13,cupy_copy__complex64_complex64
3374789816,83583,183091,1,1,1,32,32,1,30,0.000,0.000,,,,,NVIDIA A100-SXM4-40GB MIG 4g.20gb (0),1,,13,"void convert_kernel<__half2, float2>(tensor_layout_any, T1 *, tensor_layout_any, const T2 *)"
3374903639,8768,183094,,,,,,,,,,0.094,10686.122,Pinned,Device,NVIDIA A100-SXM4-40GB MIG 4g.20gb (0),1,,13,[CUDA memcpy Host-to-Device]
3374917591,47039,183095,,,,,,,,,,35.810,761247.279,Device,,NVIDIA A100-SXM4-40GB MIG 4g.20gb (0),1,,13,[CUDA memset]
3374969622,3648,183097,,,,,,,,,,0.000,21.930,Pinned,Device,NVIDIA A100-SXM4-40GB MIG 4g.20gb (0),1,,13,[CUDA memcpy Host-to-Device]
3374977110,13664,183098,,,,,,,,,,0.197,14388.756,Pinned,Device,NVIDIA A100-SXM4-40GB MIG 4g.20gb (0),1,,13,[CUDA memcpy Host-to-Device]
3374996566,10815,183099,273,1,1,48,1,1,40,0.000,0.001,,,,,NVIDIA A100-SXM4-40GB MIG 4g.20gb (0),1,,13,"void pusch_noise_intf_est::noiseIntfEstNoDftSOfdmKernel<float, __half, float, float, (unsigned int)2, (unsigned int)1, (unsigned char)4, (unsigned char)4>(pusch_noise_intf_est::puschRxNoiseIntfEstDynDescr)"
3375011573,3072,183110,35,1,1,128,1,1,16,0.000,0.000,,,,,NVIDIA A100-SXM4-40GB MIG 4g.20gb (0),1,,13,cupy_copy__complex64_complex64
3375022581,2016,183119,1,1,1,1,1,1,18,0.000,0.000,,,,,NVIDIA A100-SXM4-40GB MIG 4g.20gb (0),1,,13,cupy_copy__float32_float32
3375055029,1568,183125,,,,,,,,,,0.000,2.551,Device,Pageable,NVIDIA A100-SXM4-40GB MIG 4g.20gb (0),1,,7,[CUDA memcpy Device-to-Host]
3375115764,12672,183136,1434,1,1,128,1,1,16,0.000,0.000,,,,,NVIDIA A100-SXM4-40GB MIG 4g.20gb (0),1,,13,cupy_copy__complex64_complex64
3375141620,2656,183143,103,1,1,128,1,1,16,0.000,0.000,,,,,NVIDIA A100-SXM4-40GB MIG 4g.20gb (0),1,,13,cupy_copy__complex64_complex64
3375166995,2624,183150,35,1,1,128,1,1,16,0.000,0.000,,,,,NVIDIA A100-SXM4-40GB MIG 4g.20gb (0),1,,13,cupy_copy__complex64_complex64
3375185139,1760,183157,1,1,1,1,1,1,18,0.000,0.000,,,,,NVIDIA A100-SXM4-40GB MIG 4g.20gb (0),1,,13,cupy_copy__float32_float32
3375317714,82879,183168,1,1,1,32,32,1,30,0.000,0.000,,,,,NVIDIA A100-SXM4-40GB MIG 4g.20gb (0),1,,13,"void convert_kernel<__half2, float2>(tensor_layout_any, T1 *, tensor_layout_any, const T2 *)"
3375428624,5536,183171,,,,,,,,,,0.094,16924.777,Pinned,Device,NVIDIA A100-SXM4-40GB MIG 4g.20gb (0),1,,13,[CUDA memcpy Host-to-Device]
3375442736,3552,183172,,,,,,,,,,1.547,435422.601,Device,,NVIDIA A100-SXM4-40GB MIG 4g.20gb (0),1,,13,[CUDA memset]
3375449712,3168,183177,,,,,,,,,,0.031,9878.770,Pinned,Device,NVIDIA A100-SXM4-40GB MIG 4g.20gb (0),1,,13,[CUDA memcpy Host-to-Device]
3375455024,9472,183178,,,,,,,,,,0.197,20756.693,Pinned,Device,NVIDIA A100-SXM4-40GB MIG 4g.20gb (0),1,,13,[CUDA memcpy Host-to-Device]
3375469776,6592,183179,273,1,1,8,4,1,39,0.002,0.000,,,,,NVIDIA A100-SXM4-40GB MIG 4g.20gb (0),1,,13,"void channel_eq::eqMmseCoefCompLowMimoKernel<float, float, float, (unsigned int)4, (unsigned int)1, (unsigned int)4>(const channel_eq::_puschRxChEqStatDescr *, channel_eq::_puschRxChEqCoefCompDynDescr)"
3375478032,6080,183180,273,1,1,12,11,1,51,0.002,0.000,,,,,NVIDIA A100-SXM4-40GB MIG 4g.20gb (0),1,,13,"void channel_eq::eqMmseSoftDemapKernel<float, __half, __half, float, (unsigned int)4, (unsigned short)16383>(channel_eq::_puschRxChEqStatDescr *, channel_eq::_puschRxChEqSoftDemapDynDescr)"
3375485296,294780,183181,1,1,1,32,32,1,30,0.000,0.000,,,,,NVIDIA A100-SXM4-40GB MIG 4g.20gb (0),1,,13,"void convert_kernel<float2, __half2>(tensor_layout_any, T1 *, tensor_layout_any, const T2 *)"
3375781068,10560,183193,2253,1,1,128,1,1,16,0.000,0.000,,,,,NVIDIA A100-SXM4-40GB MIG 4g.20gb (0),1,,13,cupy_copy__float16_float16
3375792844,3008,183202,282,1,1,128,1,1,16,0.000,0.000,,,,,NVIDIA A100-SXM4-40GB MIG 4g.20gb (0),1,,13,cupy_copy__complex64_complex64
3375798828,2112,183211,26,1,1,128,1,1,16,0.000,0.000,,,,,NVIDIA A100-SXM4-40GB MIG 4g.20gb (0),1,,13,cupy_copy__float32_float32
3375802092,4640,183220,103,1,1,128,1,1,16,0.000,0.000,,,,,NVIDIA A100-SXM4-40GB MIG 4g.20gb (0),1,,13,cupy_copy__complex64_complex64
3375808684,12127,183230,1434,1,1,128,1,1,16,0.000,0.000,,,,,NVIDIA A100-SXM4-40GB MIG 4g.20gb (0),1,,13,cupy_copy__complex64_complex64
3375825195,86687,183235,1,1,1,32,32,1,30,0.000,0.000,,,,,NVIDIA A100-SXM4-40GB MIG 4g.20gb (0),1,,13,"void convert_kernel<__half2, float2>(tensor_layout_any, T1 *, tensor_layout_any, const T2 *)"
3375938602,5440,183238,,,,,,,,,,0.094,17223.480,Pinned,Device,NVIDIA A100-SXM4-40GB MIG 4g.20gb (0),1,,13,[CUDA memcpy Host-to-Device]
3375948266,603512,183239,,,,,,,,,,456.561,756065.745,Device,,NVIDIA A100-SXM4-40GB MIG 4g.20gb (0),1,,13,[CUDA memset]
3376555810,71391,183244,,,,,,,,,,1.235,17297.861,Pinned,Device,NVIDIA A100-SXM4-40GB MIG 4g.20gb (0),1,,13,[CUDA memcpy Host-to-Device]
3376631265,14656,183245,,,,,,,,,,0.197,13414.760,Pinned,Device,NVIDIA A100-SXM4-40GB MIG 4g.20gb (0),1,,13,[CUDA memcpy Host-to-Device]
3376654241,8288,183246,69,4,1,48,1,1,76,0.002,0.000,,,,,NVIDIA A100-SXM4-40GB MIG 4g.20gb (0),1,,13,"void ch_est::windowedChEstPreNoDftSOfdmKernel<float, __half, float, (unsigned int)2, (unsigned int)1, (unsigned short)4>(ch_est::puschRxChEstStatDescr_t *, ch_est::puschRxChEstDynDescr_t *)"
3376665633,6336,183247,137,2,1,24,2,1,44,0.001,0.001,,,,,NVIDIA A100-SXM4-40GB MIG 4g.20gb (0),1,,13,"void ch_est::chEstFilterNoDftSOfdmDispatchKernel<float, __half, float, (unsigned int)2>(ch_est::puschRxChEstStatDescr_t *, ch_est::puschRxChEstDynDescr_t *)"
3376676481,5344,183248,137,2,1,24,2,1,44,0.001,0.001,,,,,NVIDIA A100-SXM4-40GB MIG 4g.20gb (0),1,,13,"void ch_est::chEstFilterNoDftSOfdmDispatchKernel<float, __half, float, (unsigned int)2>(ch_est::puschRxChEstStatDescr_t *, ch_est::puschRxChEstDynDescr_t *)"
3376686849,2720,183259,103,1,1,128,1,1,16,0.000,0.000,,,,,NVIDIA A100-SXM4-40GB MIG 4g.20gb (0),1,,13,cupy_copy__complex64_complex64
3376692545,12831,183269,1434,1,1,128,1,1,16,0.000,0.000,,,,,NVIDIA A100-SXM4-40GB MIG 4g.20gb (0),1,,13,cupy_copy__complex64_complex64
3376714144,2720,183276,103,1,1,128,1,1,16,0.000,0.000,,,,,NVIDIA A100-SXM4-40GB MIG 4g.20gb (0),1,,13,cupy_copy__complex64_complex64
3376720000,83423,183283,1,1,1,32,32,1,30,0.000,0.000,,,,,NVIDIA A100-SXM4-40GB MIG 4g.20gb (0),1,,13,"void convert_kernel<__half2, float2>(tensor_layout_any, T1 *, tensor_layout_any, const T2 *)"
3376832095,8480,183286,,,,,,,,,,0.094,11049.007,Pinned,Device,NVIDIA A100-SXM4-40GB MIG 4g.20gb (0),1,,13,[CUDA memcpy Host-to-Device]
3376846367,47135,183287,,,,,,,,,,35.810,759707.453,Device,,NVIDIA A100-SXM4-40GB MIG 4g.20gb (0),1,,13,[CUDA memset]
3376897022,3232,183289,,,,,,,,,,0.000,24.752,Pinned,Device,NVIDIA A100-SXM4-40GB MIG 4g.20gb (0),1,,13,[CUDA memcpy Host-to-Device]
3376903518,12608,183290,,,,,,,,,,0.197,15593.767,Pinned,Device,NVIDIA A100-SXM4-40GB MIG 4g.20gb (0),1,,13,[CUDA memcpy Host-to-Device]
3376921438,12992,183291,273,1,1,48,1,1,40,0.000,0.001,,,,,NVIDIA A100-SXM4-40GB MIG 4g.20gb (0),1,,13,"void pusch_noise_intf_est::noiseIntfEstNoDftSOfdmKernel<float, __half, float, float, (unsigned int)2, (unsigned int)1, (unsigned char)4, (unsigned char)4>(pusch_noise_intf_est::puschRxNoiseIntfEstDynDescr)"
3376937662,3296,183302,35,1,1,128,1,1,16,0.000,0.000,,,,,NVIDIA A100-SXM4-40GB MIG 4g.20gb (0),1,,13,cupy_copy__complex64_complex64
3376949213,1984,183311,1,1,1,1,1,1,18,0.000,0.000,,,,,NVIDIA A100-SXM4-40GB MIG 4g.20gb (0),1,,13,cupy_copy__float32_float32
3376981117,1568,183317,,,,,,,,,,0.000,2.551,Device,Pageable,NVIDIA A100-SXM4-40GB MIG 4g.20gb (0),1,,7,[CUDA memcpy Device-to-Host]
3377039900,12640,183328,1434,1,1,128,1,1,16,0.000,0.000,,,,,NVIDIA A100-SXM4-40GB MIG 4g.20gb (0),1,,13,cupy_copy__complex64_complex64
3377070620,2624,183335,103,1,1,128,1,1,16,0.000,0.000,,,,,NVIDIA A100-SXM4-40GB MIG 4g.20gb (0),1,,13,cupy_copy__complex64_complex64
3377090460,2240,183342,35,1,1,128,1,1,16,0.000,0.000,,,,,NVIDIA A100-SXM4-40GB MIG 4g.20gb (0),1,,13,cupy_copy__complex64_complex64
3377107835,1984,183349,1,1,1,1,1,1,18,0.000,0.000,,,,,NVIDIA A100-SXM4-40GB MIG 4g.20gb (0),1,,13,cupy_copy__float32_float32
3377237146,87583,183360,1,1,1,32,32,1,30,0.000,0.000,,,,,NVIDIA A100-SXM4-40GB MIG 4g.20gb (0),1,,13,"void convert_kernel<__half2, float2>(tensor_layout_any, T1 *, tensor_layout_any, const T2 *)"
3377351736,5440,183363,,,,,,,,,,0.094,17223.480,Pinned,Device,NVIDIA A100-SXM4-40GB MIG 4g.20gb (0),1,,13,[CUDA memcpy Host-to-Device]
3377365944,3424,183364,,,,,,,,,,1.547,451700.819,Device,,NVIDIA A100-SXM4-40GB MIG 4g.20gb (0),1,,13,[CUDA memset]
3377372536,3040,183369,,,,,,,,,,0.031,10294.725,Pinned,Device,NVIDIA A100-SXM4-40GB MIG 4g.20gb (0),1,,13,[CUDA memcpy Host-to-Device]
3377378008,9600,183370,,,,,,,,,,0.197,20479.869,Pinned,Device,NVIDIA A100-SXM4-40GB MIG 4g.20gb (0),1,,13,[CUDA memcpy Host-to-Device]
3377391416,6016,183371,273,1,1,8,4,1,39,0.002,0.000,,,,,NVIDIA A100-SXM4-40GB MIG 4g.20gb (0),1,,13,"void channel_eq::eqMmseCoefCompLowMimoKernel<float, float, float, (unsigned int)4, (unsigned int)1, (unsigned int)4>(const channel_eq::_puschRxChEqStatDescr *, channel_eq::_puschRxChEqCoefCompDynDescr)"
3377398456,7296,183372,273,1,1,12,11,1,51,0.002,0.000,,,,,NVIDIA A100-SXM4-40GB MIG 4g.20gb (0),1,,13,"void channel_eq::eqMmseSoftDemapKernel<float, __half, __half, float, (unsigned int)4, (unsigned short)16383>(channel_eq::_puschRxChEqStatDescr *, channel_eq::_puschRxChEqSoftDemapDynDescr)"
3377406968,282844,183373,1,1,1,32,32,1,30,0.000,0.000,,,,,NVIDIA A100-SXM4-40GB MIG 4g.20gb (0),1,,13,"void convert_kernel<float2, __half2>(tensor_layout_any, T1 *, tensor_layout_any, const T2 *)"
3377691060,10880,183385,2253,1,1,128,1,1,16,0.000,0.000,,,,,NVIDIA A100-SXM4-40GB MIG 4g.20gb (0),1,,13,cupy_copy__float16_float16
3377704308,3392,183394,282,1,1,128,1,1,16,0.000,0.000,,,,,NVIDIA A100-SXM4-40GB MIG 4g.20gb (0),1,,13,cupy_copy__complex64_complex64
3377710292,2016,183403,26,1,1,128,1,1,16,0.000,0.000,,,,,NVIDIA A100-SXM4-40GB MIG 4g.20gb (0),1,,13,cupy_copy__float32_float32
3377714132,4608,183412,103,1,1,128,1,1,16,0.000,0.000,,,,,NVIDIA A100-SXM4-40GB MIG 4g.20gb (0),1,,13,cupy_copy__complex64_complex64
3377721492,12160,183422,1434,1,1,128,1,1,16,0.000,0.000,,,,,NVIDIA A100-SXM4-40GB MIG 4g.20gb (0),1,,13,cupy_copy__complex64_complex64
3377737044,82335,183427,1,1,1,32,32,1,30,0.000,0.000,,,,,NVIDIA A100-SXM4-40GB MIG 4g.20gb (0),1,,13,"void convert_kernel<__half2, float2>(tensor_layout_any, T1 *, tensor_layout_any, const T2 *)"
3377846514,5344,183430,,,,,,,,,,0.094,17532.864,Pinned,Device,NVIDIA A100-SXM4-40GB MIG 4g.20gb (0),1,,13,[CUDA memcpy Host-to-Device]
3377856050,610393,183431,,,,,,,,,,456.561,747847.639,Device,,NVIDIA A100-SXM4-40GB MIG 4g.20gb (0),1,,13,[CUDA memset]
3378467595,71999,183436,,,,,,,,,,1.235,17152.137,Pinned,Device,NVIDIA A100-SXM4-40GB MIG 4g.20gb (0),1,,13,[CUDA memcpy Host-to-Device]
3378543434,14656,183437,,,,,,,,,,0.197,13414.760,Pinned,Device,NVIDIA A100-SXM4-40GB MIG 4g.20gb (0),1,,13,[CUDA memcpy Host-to-Device]
3378565769,7872,183438,69,4,1,48,1,1,76,0.002,0.000,,,,,NVIDIA A100-SXM4-40GB MIG 4g.20gb (0),1,,13,"void ch_est::windowedChEstPreNoDftSOfdmKernel<float, __half, float, (unsigned int)2, (unsigned int)1, (unsigned short)4>(ch_est::puschRxChEstStatDescr_t *, ch_est::puschRxChEstDynDescr_t *)"
3378576873,6016,183439,137,2,1,24,2,1,44,0.001,0.001,,,,,NVIDIA A100-SXM4-40GB MIG 4g.20gb (0),1,,13,"void ch_est::chEstFilterNoDftSOfdmDispatchKernel<float, __half, float, (unsigned int)2>(ch_est::puschRxChEstStatDescr_t *, ch_est::puschRxChEstDynDescr_t *)"
3378588169,5472,183440,137,2,1,24,2,1,44,0.001,0.001,,,,,NVIDIA A100-SXM4-40GB MIG 4g.20gb (0),1,,13,"void ch_est::chEstFilterNoDftSOfdmDispatchKernel<float, __half, float, (unsigned int)2>(ch_est::puschRxChEstStatDescr_t *, ch_est::puschRxChEstDynDescr_t *)"
3378598761,2816,183451,103,1,1,128,1,1,16,0.000,0.000,,,,,NVIDIA A100-SXM4-40GB MIG 4g.20gb (0),1,,13,cupy_copy__complex64_complex64
3378603561,12832,183461,1434,1,1,128,1,1,16,0.000,0.000,,,,,NVIDIA A100-SXM4-40GB MIG 4g.20gb (0),1,,13,cupy_copy__complex64_complex64
3378619177,2400,183468,103,1,1,128,1,1,16,0.000,0.000,,,,,NVIDIA A100-SXM4-40GB MIG 4g.20gb (0),1,,13,cupy_copy__complex64_complex64
3378626249,83135,183475,1,1,1,32,32,1,30,0.000,0.000,,,,,NVIDIA A100-SXM4-40GB MIG 4g.20gb (0),1,,13,"void convert_kernel<__half2, float2>(tensor_layout_any, T1 *, tensor_layout_any, const T2 *)"
3378738535,9056,183478,,,,,,,,,,0.094,10346.287,Pinned,Device,NVIDIA A100-SXM4-40GB MIG 4g.20gb (0),1,,13,[CUDA memcpy Host-to-Device]
3378753735,48256,183479,,,,,,,,,,35.810,742053.162,Device,,NVIDIA A100-SXM4-40GB MIG 4g.20gb (0),1,,13,[CUDA memset]
3378803079,4383,183481,,,,,,,,,,0.000,18.252,Pinned,Device,NVIDIA A100-SXM4-40GB MIG 4g.20gb (0),1,,13,[CUDA memcpy Host-to-Device]
3378811590,14432,183482,,,,,,,,,,0.197,13622.968,Pinned,Device,NVIDIA A100-SXM4-40GB MIG 4g.20gb (0),1,,13,[CUDA memcpy Host-to-Device]
3378833638,11040,183483,273,1,1,48,1,1,40,0.000,0.001,,,,,NVIDIA A100-SXM4-40GB MIG 4g.20gb (0),1,,13,"void pusch_noise_intf_est::noiseIntfEstNoDftSOfdmKernel<float, __half, float, float, (unsigned int)2, (unsigned int)1, (unsigned char)4, (unsigned char)4>(pusch_noise_intf_est::puschRxNoiseIntfEstDynDescr)"
3378847078,2848,183494,35,1,1,128,1,1,16,0.000,0.000,,,,,NVIDIA A100-SXM4-40GB MIG 4g.20gb (0),1,,13,cupy_copy__complex64_complex64
3378869574,2048,183503,1,1,1,1,1,1,18,0.000,0.000,,,,,NVIDIA A100-SXM4-40GB MIG 4g.20gb (0),1,,13,cupy_copy__float32_float32
3378902629,1568,183509,,,,,,,,,,0.000,2.551,Device,Pageable,NVIDIA A100-SXM4-40GB MIG 4g.20gb (0),1,,7,[CUDA memcpy Device-to-Host]
3378966596,12608,183520,1434,1,1,128,1,1,16,0.000,0.000,,,,,NVIDIA A100-SXM4-40GB MIG 4g.20gb (0),1,,13,cupy_copy__complex64_complex64
3378993508,3456,183527,103,1,1,128,1,1,16,0.000,0.000,,,,,NVIDIA A100-SXM4-40GB MIG 4g.20gb (0),1,,13,cupy_copy__complex64_complex64
3379015556,2432,183534,35,1,1,128,1,1,16,0.000,0.000,,,,,NVIDIA A100-SXM4-40GB MIG 4g.20gb (0),1,,13,cupy_copy__complex64_complex64
3379032260,1824,183541,1,1,1,1,1,1,18,0.000,0.000,,,,,NVIDIA A100-SXM4-40GB MIG 4g.20gb (0),1,,13,cupy_copy__float32_float32
3379164674,82047,183552,1,1,1,32,32,1,30,0.000,0.000,,,,,NVIDIA A100-SXM4-40GB MIG 4g.20gb (0),1,,13,"void convert_kernel<__half2, float2>(tensor_layout_any, T1 *, tensor_layout_any, const T2 *)"
3379274209,5376,183555,,,,,,,,,,0.094,17428.487,Pinned,Device,NVIDIA A100-SXM4-40GB MIG 4g.20gb (0),1,,13,[CUDA memcpy Host-to-Device]
3379289089,3455,183556,,,,,,,,,,1.547,447647.117,Device,,NVIDIA A100-SXM4-40GB MIG 4g.20gb (0),1,,13,[CUDA memset]
3379295808,3168,183561,,,,,,,,,,0.031,9878.770,Pinned,Device,NVIDIA A100-SXM4-40GB MIG 4g.20gb (0),1,,13,[CUDA memcpy Host-to-Device]
3379301408,9344,183562,,,,,,,,,,0.197,21040.988,Pinned,Device,NVIDIA A100-SXM4-40GB MIG 4g.20gb (0),1,,13,[CUDA memcpy Host-to-Device]
3379315264,6016,183563,273,1,1,8,4,1,39,0.002,0.000,,,,,NVIDIA A100-SXM4-40GB MIG 4g.20gb (0),1,,13,"void channel_eq::eqMmseCoefCompLowMimoKernel<float, float, float, (unsigned int)4, (unsigned int)1, (unsigned int)4>(const channel_eq::_puschRxChEqStatDescr *, channel_eq::_puschRxChEqCoefCompDynDescr)"
3379322400,6336,183564,273,1,1,12,11,1,51,0.002,0.000,,,,,NVIDIA A100-SXM4-40GB MIG 4g.20gb (0),1,,13,"void channel_eq::eqMmseSoftDemapKernel<float, __half, __half, float, (unsigned int)4, (unsigned short)16383>(channel_eq::_puschRxChEqStatDescr *, channel_eq::_puschRxChEqSoftDemapDynDescr)"
3379329664,282301,183565,1,1,1,32,32,1,30,0.000,0.000,,,,,NVIDIA A100-SXM4-40GB MIG 4g.20gb (0),1,,13,"void convert_kernel<float2, __half2>(tensor_layout_any, T1 *, tensor_layout_any, const T2 *)"
3379614876,10848,183577,2253,1,1,128,1,1,16,0.000,0.000,,,,,NVIDIA A100-SXM4-40GB MIG 4g.20gb (0),1,,13,cupy_copy__float16_float16
3379631132,2784,183586,282,1,1,128,1,1,16,0.000,0.000,,,,,NVIDIA A100-SXM4-40GB MIG 4g.20gb (0),1,,13,cupy_copy__complex64_complex64
3379636092,2112,183595,26,1,1,128,1,1,16,0.000,0.000,,,,,NVIDIA A100-SXM4-40GB MIG 4g.20gb (0),1,,13,cupy_copy__float32_float32
3379639196,4576,183604,103,1,1,128,1,1,16,0.000,0.000,,,,,NVIDIA A100-SXM4-40GB MIG 4g.20gb (0),1,,13,cupy_copy__complex64_complex64
3379645020,12640,183614,1434,1,1,128,1,1,16,0.000,0.000,,,,,NVIDIA A100-SXM4-40GB MIG 4g.20gb (0),1,,13,cupy_copy__complex64_complex64
3379664348,87583,183619,1,1,1,32,32,1,30,0.000,0.000,,,,,NVIDIA A100-SXM4-40GB MIG 4g.20gb (0),1,,13,"void convert_kernel<__half2, float2>(tensor_layout_any, T1 *, tensor_layout_any, const T2 *)"
3379779930,5408,183622,,,,,,,,,,0.094,17325.421,Pinned,Device,NVIDIA A100-SXM4-40GB MIG 4g.20gb (0),1,,13,[CUDA memcpy Host-to-Device]
3379790010,602009,183623,,,,,,,,,,456.561,758348.552,Device,,NVIDIA A100-SXM4-40GB MIG 4g.20gb (0),1,,13,[CUDA memset]
3380399251,71487,183628,,,,,,,,,,1.235,17274.397,Pinned,Device,NVIDIA A100-SXM4-40GB MIG 4g.20gb (0),1,,13,[CUDA memcpy Host-to-Device]
3380474514,14208,183629,,,,,,,,,,0.197,13837.664,Pinned,Device,NVIDIA A100-SXM4-40GB MIG 4g.20gb (0),1,,13,[CUDA memcpy Host-to-Device]
3380494674,8384,183630,69,4,1,48,1,1,76,0.002,0.000,,,,,NVIDIA A100-SXM4-40GB MIG 4g.20gb (0),1,,13,"void ch_est::windowedChEstPreNoDftSOfdmKernel<float, __half, float, (unsigned int)2, (unsigned int)1, (unsigned short)4>(ch_est::puschRxChEstStatDescr_t *, ch_est::puschRxChEstDynDescr_t *)"
3380508593,6784,183631,137,2,1,24,2,1,44,0.001,0.001,,,,,NVIDIA A100-SXM4-40GB MIG 4g.20gb (0),1,,13,"void ch_est::chEstFilterNoDftSOfdmDispatchKernel<float, __half, float, (unsigned int)2>(ch_est::puschRxChEstStatDescr_t *, ch_est::puschRxChEstDynDescr_t *)"
3380519505,5120,183632,137,2,1,24,2,1,44,0.001,0.001,,,,,NVIDIA A100-SXM4-40GB MIG 4g.20gb (0),1,,13,"void ch_est::chEstFilterNoDftSOfdmDispatchKernel<float, __half, float, (unsigned int)2>(ch_est::puschRxChEstStatDescr_t *, ch_est::puschRxChEstDynDescr_t *)"
3380530513,2528,183643,103,1,1,128,1,1,16,0.000,0.000,,,,,NVIDIA A100-SXM4-40GB MIG 4g.20gb (0),1,,13,cupy_copy__complex64_complex64
3380536945,12448,183653,1434,1,1,128,1,1,16,0.000,0.000,,,,,NVIDIA A100-SXM4-40GB MIG 4g.20gb (0),1,,13,cupy_copy__complex64_complex64
3380555921,2528,183660,103,1,1,128,1,1,16,0.000,0.000,,,,,NVIDIA A100-SXM4-40GB MIG 4g.20gb (0),1,,13,cupy_copy__complex64_complex64
3380562993,89375,183667,1,1,1,32,32,1,30,0.000,0.000,,,,,NVIDIA A100-SXM4-40GB MIG 4g.20gb (0),1,,13,"void convert_kernel<__half2, float2>(tensor_layout_any, T1 *, tensor_layout_any, const T2 *)"
3380680879,8704,183670,,,,,,,,,,0.094,10764.640,Pinned,Device,NVIDIA A100-SXM4-40GB MIG 4g.20gb (0),1,,13,[CUDA memcpy Host-to-Device]
3380694639,49280,183671,,,,,,,,,,35.810,726654.897,Device,,NVIDIA A100-SXM4-40GB MIG 4g.20gb (0),1,,13,[CUDA memset]
3380747406,3680,183673,,,,,,,,,,0.000,21.739,Pinned,Device,NVIDIA A100-SXM4-40GB MIG 4g.20gb (0),1,,13,[CUDA memcpy Host-to-Device]
3380754638,12832,183674,,,,,,,,,,0.197,15321.661,Pinned,Device,NVIDIA A100-SXM4-40GB MIG 4g.20gb (0),1,,13,[CUDA memcpy Host-to-Device]
3380776654,10816,183675,273,1,1,48,1,1,40,0.000,0.001,,,,,NVIDIA A100-SXM4-40GB MIG 4g.20gb (0),1,,13,"void pusch_noise_intf_est::noiseIntfEstNoDftSOfdmKernel<float, __half, float, float, (unsigned int)2, (unsigned int)1, (unsigned char)4, (unsigned char)4>(pusch_noise_intf_est::puschRxNoiseIntfEstDynDescr)"
3380789774,2976,183686,35,1,1,128,1,1,16,0.000,0.000,,,,,NVIDIA A100-SXM4-40GB MIG 4g.20gb (0),1,,13,cupy_copy__complex64_complex64
3380800846,2080,183695,1,1,1,1,1,1,18,0.000,0.000,,,,,NVIDIA A100-SXM4-40GB MIG 4g.20gb (0),1,,13,cupy_copy__float32_float32
3380835853,1920,183701,,,,,,,,,,0.000,2.083,Device,Pageable,NVIDIA A100-SXM4-40GB MIG 4g.20gb (0),1,,7,[CUDA memcpy Device-to-Host]
3380897389,12703,183712,1434,1,1,128,1,1,16,0.000,0.000,,,,,NVIDIA A100-SXM4-40GB MIG 4g.20gb (0),1,,13,cupy_copy__complex64_complex64
3380924908,3424,183719,103,1,1,128,1,1,16,0.000,0.000,,,,,NVIDIA A100-SXM4-40GB MIG 4g.20gb (0),1,,13,cupy_copy__complex64_complex64
3380944908,2304,183726,35,1,1,128,1,1,16,0.000,0.000,,,,,NVIDIA A100-SXM4-40GB MIG 4g.20gb (0),1,,13,cupy_copy__complex64_complex64
3380964044,1792,183733,1,1,1,1,1,1,18,0.000,0.000,,,,,NVIDIA A100-SXM4-40GB MIG 4g.20gb (0),1,,13,cupy_copy__float32_float32
3381095434,82047,183744,1,1,1,32,32,1,30,0.000,0.000,,,,,NVIDIA A100-SXM4-40GB MIG 4g.20gb (0),1,,13,"void convert_kernel<__half2, float2>(tensor_layout_any, T1 *, tensor_layout_any, const T2 *)"
3381205001,5472,183747,,,,,,,,,,0.094,17122.757,Pinned,Device,NVIDIA A100-SXM4-40GB MIG 4g.20gb (0),1,,13,[CUDA memcpy Host-to-Device]
3381219497,3296,183748,,,,,,,,,,1.547,469242.628,Device,,NVIDIA A100-SXM4-40GB MIG 4g.20gb (0),1,,13,[CUDA memset]
3381226313,3424,183753,,,,,,,,,,0.031,9140.185,Pinned,Device,NVIDIA A100-SXM4-40GB MIG 4g.20gb (0),1,,13,[CUDA memcpy Host-to-Device]
3381232328,9408,183754,,,,,,,,,,0.197,20897.858,Pinned,Device,NVIDIA A100-SXM4-40GB MIG 4g.20gb (0),1,,13,[CUDA memcpy Host-to-Device]
3381245608,6272,183755,273,1,1,8,4,1,39,0.002,0.000,,,,,NVIDIA A100-SXM4-40GB MIG 4g.20gb (0),1,,13,"void channel_eq::eqMmseCoefCompLowMimoKernel<float, float, float, (unsigned int)4, (unsigned int)1, (unsigned int)4>(const channel_eq::_puschRxChEqStatDescr *, channel_eq::_puschRxChEqCoefCompDynDescr)"
3381253192,5760,183756,273,1,1,12,11,1,51,0.002,0.000,,,,,NVIDIA A100-SXM4-40GB MIG 4g.20gb (0),1,,13,"void channel_eq::eqMmseSoftDemapKernel<float, __half, __half, float, (unsigned int)4, (unsigned short)16383>(channel_eq::_puschRxChEqStatDescr *, channel_eq::_puschRxChEqSoftDemapDynDescr)"
3381259976,282141,183757,1,1,1,32,32,1,30,0.000,0.000,,,,,NVIDIA A100-SXM4-40GB MIG 4g.20gb (0),1,,13,"void convert_kernel<float2, __half2>(tensor_layout_any, T1 *, tensor_layout_any, const T2 *)"
3381543173,11040,183769,2253,1,1,128,1,1,16,0.000,0.000,,,,,NVIDIA A100-SXM4-40GB MIG 4g.20gb (0),1,,13,cupy_copy__float16_float16
3381555236,3072,183778,282,1,1,128,1,1,16,0.000,0.000,,,,,NVIDIA A100-SXM4-40GB MIG 4g.20gb (0),1,,13,cupy_copy__complex64_complex64
3381559972,2144,183787,26,1,1,128,1,1,16,0.000,0.000,,,,,NVIDIA A100-SXM4-40GB MIG 4g.20gb (0),1,,13,cupy_copy__float32_float32
3381566564,2944,183796,103,1,1,128,1,1,16,0.000,0.000,,,,,NVIDIA A100-SXM4-40GB MIG 4g.20gb (0),1,,13,cupy_copy__complex64_complex64
3381573348,11936,183806,1434,1,1,128,1,1,16,0.000,0.000,,,,,NVIDIA A100-SXM4-40GB MIG 4g.20gb (0),1,,13,cupy_copy__complex64_complex64
3381594596,82367,183811,1,1,1,32,32,1,30,0.000,0.000,,,,,NVIDIA A100-SXM4-40GB MIG 4g.20gb (0),1,,13,"void convert_kernel<__half2, float2>(tensor_layout_any, T1 *, tensor_layout_any, const T2 *)"
3381703683,5504,183814,,,,,,,,,,0.094,17023.251,Pinned,Device,NVIDIA A100-SXM4-40GB MIG 4g.20gb (0),1,,13,[CUDA memcpy Host-to-Device]
3381713795,607320,183815,,,,,,,,,,456.561,751500.130,Device,,NVIDIA A100-SXM4-40GB MIG 4g.20gb (0),1,,13,[CUDA memset]
3382326811,70527,183820,,,,,,,,,,1.235,17509.036,Pinned,Device,NVIDIA A100-SXM4-40GB MIG 4g.20gb (0),1,,13,[CUDA memcpy Host-to-Device]
3382401274,14272,183821,,,,,,,,,,0.197,13775.733,Pinned,Device,NVIDIA A100-SXM4-40GB MIG 4g.20gb (0),1,,13,[CUDA memcpy Host-to-Device]
3382425562,8416,183822,69,4,1,48,1,1,76,0.002,0.000,,,,,NVIDIA A100-SXM4-40GB MIG 4g.20gb (0),1,,13,"void ch_est::windowedChEstPreNoDftSOfdmKernel<float, __half, float, (unsigned int)2, (unsigned int)1, (unsigned short)4>(ch_est::puschRxChEstStatDescr_t *, ch_est::puschRxChEstDynDescr_t *)"
3382437466,6880,183823,137,2,1,24,2,1,44,0.001,0.001,,,,,NVIDIA A100-SXM4-40GB MIG 4g.20gb (0),1,,13,"void ch_est::chEstFilterNoDftSOfdmDispatchKernel<float, __half, float, (unsigned int)2>(ch_est::puschRxChEstStatDescr_t *, ch_est::puschRxChEstDynDescr_t *)"
3382447801,5248,183824,137,2,1,24,2,1,44,0.001,0.001,,,,,NVIDIA A100-SXM4-40GB MIG 4g.20gb (0),1,,13,"void ch_est::chEstFilterNoDftSOfdmDispatchKernel<float, __half, float, (unsigned int)2>(ch_est::puschRxChEstStatDescr_t *, ch_est::puschRxChEstDynDescr_t *)"
3382458297,2560,183835,103,1,1,128,1,1,16,0.000,0.000,,,,,NVIDIA A100-SXM4-40GB MIG 4g.20gb (0),1,,13,cupy_copy__complex64_complex64
3382464729,12736,183845,1434,1,1,128,1,1,16,0.000,0.000,,,,,NVIDIA A100-SXM4-40GB MIG 4g.20gb (0),1,,13,cupy_copy__complex64_complex64
3382480857,2720,183852,103,1,1,128,1,1,16,0.000,0.000,,,,,NVIDIA A100-SXM4-40GB MIG 4g.20gb (0),1,,13,cupy_copy__complex64_complex64
3382487929,83967,183859,1,1,1,32,32,1,30,0.000,0.000,,,,,NVIDIA A100-SXM4-40GB MIG 4g.20gb (0),1,,13,"void convert_kernel<__half2, float2>(tensor_layout_any, T1 *, tensor_layout_any, const T2 *)"
3382599928,7231,183862,,,,,,,,,,0.094,12957.501,Pinned,Device,NVIDIA A100-SXM4-40GB MIG 4g.20gb (0),1,,13,[CUDA memcpy Host-to-Device]
3382618071,47872,183863,,,,,,,,,,35.810,748033.419,Device,,NVIDIA A100-SXM4-40GB MIG 4g.20gb (0),1,,13,[CUDA memset]
3382673527,2848,183865,,,,,,,,,,0.000,28.090,Pinned,Device,NVIDIA A100-SXM4-40GB MIG 4g.20gb (0),1,,13,[CUDA memcpy Host-to-Device]
3382680759,13663,183866,,,,,,,,,,0.197,14389.740,Pinned,Device,NVIDIA A100-SXM4-40GB MIG 4g.20gb (0),1,,13,[CUDA memcpy Host-to-Device]
3382702102,11680,183867,273,1,1,48,1,1,40,0.000,0.001,,,,,NVIDIA A100-SXM4-40GB MIG 4g.20gb (0),1,,13,"void pusch_noise_intf_est::noiseIntfEstNoDftSOfdmKernel<float, __half, float, float, (unsigned int)2, (unsigned int)1, (unsigned char)4, (unsigned char)4>(pusch_noise_intf_est::puschRxNoiseIntfEstDynDescr)"
3382716086,3200,183878,35,1,1,128,1,1,16,0.000,0.000,,,,,NVIDIA A100-SXM4-40GB MIG 4g.20gb (0),1,,13,cupy_copy__complex64_complex64
3382723254,1984,183887,1,1,1,1,1,1,18,0.000,0.000,,,,,NVIDIA A100-SXM4-40GB MIG 4g.20gb (0),1,,13,cupy_copy__float32_float32
3382754870,1824,183893,,,,,,,,,,0.000,2.193,Device,Pageable,NVIDIA A100-SXM4-40GB MIG 4g.20gb (0),1,,7,[CUDA memcpy Device-to-Host]
3382814773,13024,183904,1434,1,1,128,1,1,16,0.000,0.000,,,,,NVIDIA A100-SXM4-40GB MIG 4g.20gb (0),1,,13,cupy_copy__complex64_complex64
3382847509,2655,183911,103,1,1,128,1,1,16,0.000,0.000,,,,,NVIDIA A100-SXM4-40GB MIG 4g.20gb (0),1,,13,cupy_copy__complex64_complex64
3382871092,2720,183918,35,1,1,128,1,1,16,0.000,0.000,,,,,NVIDIA A100-SXM4-40GB MIG 4g.20gb (0),1,,13,cupy_copy__complex64_complex64
3382889204,1792,183925,1,1,1,1,1,1,18,0.000,0.000,,,,,NVIDIA A100-SXM4-40GB MIG 4g.20gb (0),1,,13,cupy_copy__float32_float32
3383021330,82271,183936,1,1,1,32,32,1,30,0.000,0.000,,,,,NVIDIA A100-SXM4-40GB MIG 4g.20gb (0),1,,13,"void convert_kernel<__half2, float2>(tensor_layout_any, T1 *, tensor_layout_any, const T2 *)"
3383130609,5504,183939,,,,,,,,,,0.094,17023.251,Pinned,Device,NVIDIA A100-SXM4-40GB MIG 4g.20gb (0),1,,13,[CUDA memcpy Host-to-Device]
3383147057,3232,183940,,,,,,,,,,1.547,478533.199,Device,,NVIDIA A100-SXM4-40GB MIG 4g.20gb (0),1,,13,[CUDA memset]
3383152177,3232,183945,,,,,,,,,,0.031,9683.139,Pinned,Device,NVIDIA A100-SXM4-40GB MIG 4g.20gb (0),1,,13,[CUDA memcpy Host-to-Device]
3383157841,9504,183946,,,,,,,,,,0.197,20686.701,Pinned,Device,NVIDIA A100-SXM4-40GB MIG 4g.20gb (0),1,,13,[CUDA memcpy Host-to-Device]
3383172113,6143,183947,273,1,1,8,4,1,39,0.002,0.000,,,,,NVIDIA A100-SXM4-40GB MIG 4g.20gb (0),1,,13,"void channel_eq::eqMmseCoefCompLowMimoKernel<float, float, float, (unsigned int)4, (unsigned int)1, (unsigned int)4>(const channel_eq::_puschRxChEqStatDescr *, channel_eq::_puschRxChEqCoefCompDynDescr)"
3383181808,5440,183948,273,1,1,12,11,1,51,0.002,0.000,,,,,NVIDIA A100-SXM4-40GB MIG 4g.20gb (0),1,,13,"void channel_eq::eqMmseSoftDemapKernel<float, __half, __half, float, (unsigned int)4, (unsigned short)16383>(channel_eq::_puschRxChEqStatDescr *, channel_eq::_puschRxChEqSoftDemapDynDescr)"
3383189840,280093,183949,1,1,1,32,32,1,30,0.000,0.000,,,,,NVIDIA A100-SXM4-40GB MIG 4g.20gb (0),1,,13,"void convert_kernel<float2, __half2>(tensor_layout_any, T1 *, tensor_layout_any, const T2 *)"
3383471149,10976,183961,2253,1,1,128,1,1,16,0.000,0.000,,,,,NVIDIA A100-SXM4-40GB MIG 4g.20gb (0),1,,13,cupy_copy__float16_float16
3383483821,3232,183970,282,1,1,128,1,1,16,0.000,0.000,,,,,NVIDIA A100-SXM4-40GB MIG 4g.20gb (0),1,,13,cupy_copy__complex64_complex64
3383489005,2048,183979,26,1,1,128,1,1,16,0.000,0.000,,,,,NVIDIA A100-SXM4-40GB MIG 4g.20gb (0),1,,13,cupy_copy__float32_float32
3383492205,2880,183988,103,1,1,128,1,1,16,0.000,0.000,,,,,NVIDIA A100-SXM4-40GB MIG 4g.20gb (0),1,,13,cupy_copy__complex64_complex64
3383497996,12064,183998,1434,1,1,128,1,1,16,0.000,0.000,,,,,NVIDIA A100-SXM4-40GB MIG 4g.20gb (0),1,,13,cupy_copy__complex64_complex64
3383519756,81407,184003,1,1,1,32,32,1,30,0.000,0.000,,,,,NVIDIA A100-SXM4-40GB MIG 4g.20gb (0),1,,13,"void convert_kernel<__half2, float2>(tensor_layout_any, T1 *, tensor_layout_any, const T2 *)"
3383627979,5408,184006,,,,,,,,,,0.094,17325.421,Pinned,Device,NVIDIA A100-SXM4-40GB MIG 4g.20gb (0),1,,13,[CUDA memcpy Host-to-Device]
3383637835,601720,184007,,,,,,,,,,456.561,758348.552,Device,,NVIDIA A100-SXM4-40GB MIG 4g.20gb (0),1,,13,[CUDA memset]
3384242211,72447,184012,,,,,,,,,,1.235,17045.932,Pinned,Device,NVIDIA A100-SXM4-40GB MIG 4g.20gb (0),1,,13,[CUDA memcpy Host-to-Device]
3384319234,14784,184013,,,,,,,,,,0.197,13298.565,Pinned,Device,NVIDIA A100-SXM4-40GB MIG 4g.20gb (0),1,,13,[CUDA memcpy Host-to-Device]
3384339938,8640,184014,69,4,1,48,1,1,76,0.002,0.000,,,,,NVIDIA A100-SXM4-40GB MIG 4g.20gb (0),1,,13,"void ch_est::windowedChEstPreNoDftSOfdmKernel<float, __half, float, (unsigned int)2, (unsigned int)1, (unsigned short)4>(ch_est::puschRxChEstStatDescr_t *, ch_est::puschRxChEstDynDescr_t *)"
3384350786,7520,184015,137,2,1,24,2,1,44,0.001,0.001,,,,,NVIDIA A100-SXM4-40GB MIG 4g.20gb (0),1,,13,"void ch_est::chEstFilterNoDftSOfdmDispatchKernel<float, __half, float, (unsigned int)2>(ch_est::puschRxChEstStatDescr_t *, ch_est::puschRxChEstDynDescr_t *)"
3384362210,5248,184016,137,2,1,24,2,1,44,0.001,0.001,,,,,NVIDIA A100-SXM4-40GB MIG 4g.20gb (0),1,,13,"void ch_est::chEstFilterNoDftSOfdmDispatchKernel<float, __half, float, (unsigned int)2>(ch_est::puschRxChEstStatDescr_t *, ch_est::puschRxChEstDynDescr_t *)"
3384372386,2816,184027,103,1,1,128,1,1,16,0.000,0.000,,,,,NVIDIA A100-SXM4-40GB MIG 4g.20gb (0),1,,13,cupy_copy__complex64_complex64
3384378082,12511,184037,1434,1,1,128,1,1,16,0.000,0.000,,,,,NVIDIA A100-SXM4-40GB MIG 4g.20gb (0),1,,13,cupy_copy__complex64_complex64
3384393793,2528,184044,103,1,1,128,1,1,16,0.000,0.000,,,,,NVIDIA A100-SXM4-40GB MIG 4g.20gb (0),1,,13,cupy_copy__complex64_complex64
3384400161,83935,184051,1,1,1,32,32,1,30,0.000,0.000,,,,,NVIDIA A100-SXM4-40GB MIG 4g.20gb (0),1,,13,"void convert_kernel<__half2, float2>(tensor_layout_any, T1 *, tensor_layout_any, const T2 *)"
3384512224,9792,184054,,,,,,,,,,0.094,9568.610,Pinned,Device,NVIDIA A100-SXM4-40GB MIG 4g.20gb (0),1,,13,[CUDA memcpy Host-to-Device]
3384526432,46783,184055,,,,,,,,,,35.810,765437.040,Device,,NVIDIA A100-SXM4-40GB MIG 4g.20gb (0),1,,13,[CUDA memset]
3384581215,4320,184057,,,,,,,,,,0.000,18.518,Pinned,Device,NVIDIA A100-SXM4-40GB MIG 4g.20gb (0),1,,13,[CUDA memcpy Host-to-Device]
3384589663,12032,184058,,,,,,,,,,0.197,16340.287,Pinned,Device,NVIDIA A100-SXM4-40GB MIG 4g.20gb (0),1,,13,[CUDA memcpy Host-to-Device]
3384605951,10848,184059,273,1,1,48,1,1,40,0.000,0.001,,,,,NVIDIA A100-SXM4-40GB MIG 4g.20gb (0),1,,13,"void pusch_noise_intf_est::noiseIntfEstNoDftSOfdmKernel<float, __half, float, float, (unsigned int)2, (unsigned int)1, (unsigned char)4, (unsigned char)4>(pusch_noise_intf_est::puschRxNoiseIntfEstDynDescr)"
3384622111,3040,184070,35,1,1,128,1,1,16,0.000,0.000,,,,,NVIDIA A100-SXM4-40GB MIG 4g.20gb (0),1,,13,cupy_copy__complex64_complex64
3384634462,1920,184079,1,1,1,1,1,1,18,0.000,0.000,,,,,NVIDIA A100-SXM4-40GB MIG 4g.20gb (0),1,,13,cupy_copy__float32_float32
3384666846,1664,184085,,,,,,,,,,0.000,2.404,Device,Pageable,NVIDIA A100-SXM4-40GB MIG 4g.20gb (0),1,,7,[CUDA memcpy Device-to-Host]
3384727933,12768,184096,1434,1,1,128,1,1,16,0.000,0.000,,,,,NVIDIA A100-SXM4-40GB MIG 4g.20gb (0),1,,13,cupy_copy__complex64_complex64
3384755069,2848,184103,103,1,1,128,1,1,16,0.000,0.000,,,,,NVIDIA A100-SXM4-40GB MIG 4g.20gb (0),1,,13,cupy_copy__complex64_complex64
3384775069,2432,184110,35,1,1,128,1,1,16,0.000,0.000,,,,,NVIDIA A100-SXM4-40GB MIG 4g.20gb (0),1,,13,cupy_copy__complex64_complex64
3384791964,1792,184117,1,1,1,1,1,1,18,0.000,0.000,,,,,NVIDIA A100-SXM4-40GB MIG 4g.20gb (0),1,,13,cupy_copy__float32_float32
3384923131,81567,184128,1,1,1,32,32,1,30,0.000,0.000,,,,,NVIDIA A100-SXM4-40GB MIG 4g.20gb (0),1,,13,"void convert_kernel<__half2, float2>(tensor_layout_any, T1 *, tensor_layout_any, const T2 *)"
3385032186,5599,184131,,,,,,,,,,0.094,16734.387,Pinned,Device,NVIDIA A100-SXM4-40GB MIG 4g.20gb (0),1,,13,[CUDA memcpy Host-to-Device]
3385046201,3232,184132,,,,,,,,,,1.547,478533.199,Device,,NVIDIA A100-SXM4-40GB MIG 4g.20gb (0),1,,13,[CUDA memset]
3385053401,3104,184137,,,,,,,,,,0.031,10082.445,Pinned,Device,NVIDIA A100-SXM4-40GB MIG 4g.20gb (0),1,,13,[CUDA memcpy Host-to-Device]
3385059193,10208,184138,,,,,,,,,,0.197,19260.113,Pinned,Device,NVIDIA A100-SXM4-40GB MIG 4g.20gb (0),1,,13,[CUDA memcpy Host-to-Device]
3385074393,6464,184139,273,1,1,8,4,1,39,0.002,0.000,,,,,NVIDIA A100-SXM4-40GB MIG 4g.20gb (0),1,,13,"void channel_eq::eqMmseCoefCompLowMimoKernel<float, float, float, (unsigned int)4, (unsigned int)1, (unsigned int)4>(const channel_eq::_puschRxChEqStatDescr *, channel_eq::_puschRxChEqCoefCompDynDescr)"
3385081817,6208,184140,273,1,1,12,11,1,51,0.002,0.000,,,,,NVIDIA A100-SXM4-40GB MIG 4g.20gb (0),1,,13,"void channel_eq::eqMmseSoftDemapKernel<float, __half, __half, float, (unsigned int)4, (unsigned short)16383>(channel_eq::_puschRxChEqStatDescr *, channel_eq::_puschRxChEqSoftDemapDynDescr)"
3385089049,282364,184141,1,1,1,32,32,1,30,0.000,0.000,,,,,NVIDIA A100-SXM4-40GB MIG 4g.20gb (0),1,,13,"void convert_kernel<float2, __half2>(tensor_layout_any, T1 *, tensor_layout_any, const T2 *)"
3385374165,11040,184153,2253,1,1,128,1,1,16,0.000,0.000,,,,,NVIDIA A100-SXM4-40GB MIG 4g.20gb (0),1,,13,cupy_copy__float16_float16
3385390421,3200,184162,282,1,1,128,1,1,16,0.000,0.000,,,,,NVIDIA A100-SXM4-40GB MIG 4g.20gb (0),1,,13,cupy_copy__complex64_complex64
3385395797,2272,184171,26,1,1,128,1,1,16,0.000,0.000,,,,,NVIDIA A100-SXM4-40GB MIG 4g.20gb (0),1,,13,cupy_copy__float32_float32
3385399093,2912,184180,103,1,1,128,1,1,16,0.000,0.000,,,,,NVIDIA A100-SXM4-40GB MIG 4g.20gb (0),1,,13,cupy_copy__complex64_complex64
3385403061,12096,184190,1434,1,1,128,1,1,16,0.000,0.000,,,,,NVIDIA A100-SXM4-40GB MIG 4g.20gb (0),1,,13,cupy_copy__complex64_complex64
3385423701,82111,184195,1,1,1,32,32,1,30,0.000,0.000,,,,,NVIDIA A100-SXM4-40GB MIG 4g.20gb (0),1,,13,"void convert_kernel<__half2, float2>(tensor_layout_any, T1 *, tensor_layout_any, const T2 *)"
3385532307,5376,184198,,,,,,,,,,0.094,17428.487,Pinned,Device,NVIDIA A100-SXM4-40GB MIG 4g.20gb (0),1,,13,[CUDA memcpy Host-to-Device]
3385542099,604505,184199,,,,,,,,,,456.561,755152.622,Device,,NVIDIA A100-SXM4-40GB MIG 4g.20gb (0),1,,13,[CUDA memset]
3386148748,70143,184204,,,,,,,,,,1.235,17605.362,Pinned,Device,NVIDIA A100-SXM4-40GB MIG 4g.20gb (0),1,,13,[CUDA memcpy Host-to-Device]
3386222347,14560,184205,,,,,,,,,,0.197,13503.234,Pinned,Device,NVIDIA A100-SXM4-40GB MIG 4g.20gb (0),1,,13,[CUDA memcpy Host-to-Device]
3386244171,8831,184206,69,4,1,48,1,1,76,0.002,0.000,,,,,NVIDIA A100-SXM4-40GB MIG 4g.20gb (0),1,,13,"void ch_est::windowedChEstPreNoDftSOfdmKernel<float, __half, float, (unsigned int)2, (unsigned int)1, (unsigned short)4>(ch_est::puschRxChEstStatDescr_t *, ch_est::puschRxChEstDynDescr_t *)"
3386255594,6464,184207,137,2,1,24,2,1,44,0.001,0.001,,,,,NVIDIA A100-SXM4-40GB MIG 4g.20gb (0),1,,13,"void ch_est::chEstFilterNoDftSOfdmDispatchKernel<float, __half, float, (unsigned int)2>(ch_est::puschRxChEstStatDescr_t *, ch_est::puschRxChEstDynDescr_t *)"
3386267018,5312,184208,137,2,1,24,2,1,44,0.001,0.001,,,,,NVIDIA A100-SXM4-40GB MIG 4g.20gb (0),1,,13,"void ch_est::chEstFilterNoDftSOfdmDispatchKernel<float, __half, float, (unsigned int)2>(ch_est::puschRxChEstStatDescr_t *, ch_est::puschRxChEstDynDescr_t *)"
3386277610,2752,184219,103,1,1,128,1,1,16,0.000,0.000,,,,,NVIDIA A100-SXM4-40GB MIG 4g.20gb (0),1,,13,cupy_copy__complex64_complex64
3386282314,12576,184229,1434,1,1,128,1,1,16,0.000,0.000,,,,,NVIDIA A100-SXM4-40GB MIG 4g.20gb (0),1,,13,cupy_copy__complex64_complex64
3386300778,2464,184236,103,1,1,128,1,1,16,0.000,0.000,,,,,NVIDIA A100-SXM4-40GB MIG 4g.20gb (0),1,,13,cupy_copy__complex64_complex64
3386308746,83583,184243,1,1,1,32,32,1,30,0.000,0.000,,,,,NVIDIA A100-SXM4-40GB MIG 4g.20gb (0),1,,13,"void convert_kernel<__half2, float2>(tensor_layout_any, T1 *, tensor_layout_any, const T2 *)"
3386422184,8736,184246,,,,,,,,,,0.094,10725.194,Pinned,Device,NVIDIA A100-SXM4-40GB MIG 4g.20gb (0),1,,13,[CUDA memcpy Host-to-Device]
3386436232,47488,184247,,,,,,,,,,35.810,754049.485,Device,,NVIDIA A100-SXM4-40GB MIG 4g.20gb (0),1,,13,[CUDA memset]
3386488552,3647,184249,,,,,,,,,,0.000,21.936,Pinned,Device,NVIDIA A100-SXM4-40GB MIG 4g.20gb (0),1,,13,[CUDA memcpy Host-to-Device]
3386497191,13632,184250,,,,,,,,,,0.197,14422.376,Pinned,Device,NVIDIA A100-SXM4-40GB MIG 4g.20gb (0),1,,13,[CUDA memcpy Host-to-Device]
3386515239,10720,184251,273,1,1,48,1,1,40,0.000,0.001,,,,,NVIDIA A100-SXM4-40GB MIG 4g.20gb (0),1,,13,"void pusch_noise_intf_est::noiseIntfEstNoDftSOfdmKernel<float, __half, float, float, (unsigned int)2, (unsigned int)1, (unsigned char)4, (unsigned char)4>(pusch_noise_intf_est::puschRxNoiseIntfEstDynDescr)"
3386530823,2816,184262,35,1,1,128,1,1,16,0.000,0.000,,,,,NVIDIA A100-SXM4-40GB MIG 4g.20gb (0),1,,13,cupy_copy__complex64_complex64
3386544135,1952,184271,1,1,1,1,1,1,18,0.000,0.000,,,,,NVIDIA A100-SXM4-40GB MIG 4g.20gb (0),1,,13,cupy_copy__float32_float32
3386576678,2496,184277,,,,,,,,,,0.000,1.603,Device,Pageable,NVIDIA A100-SXM4-40GB MIG 4g.20gb (0),1,,7,[CUDA memcpy Device-to-Host]
3386639078,12735,184288,1434,1,1,128,1,1,16,0.000,0.000,,,,,NVIDIA A100-SXM4-40GB MIG 4g.20gb (0),1,,13,cupy_copy__complex64_complex64
3386664389,2976,184295,103,1,1,128,1,1,16,0.000,0.000,,,,,NVIDIA A100-SXM4-40GB MIG 4g.20gb (0),1,,13,cupy_copy__complex64_complex64
3386687429,2528,184302,35,1,1,128,1,1,16,0.000,0.000,,,,,NVIDIA A100-SXM4-40GB MIG 4g.20gb (0),1,,13,cupy_copy__complex64_complex64
3386703525,1728,184309,1,1,1,1,1,1,18,0.000,0.000,,,,,NVIDIA A100-SXM4-40GB MIG 4g.20gb (0),1,,13,cupy_copy__float32_float32
3386838691,82047,184320,1,1,1,32,32,1,30,0.000,0.000,,,,,NVIDIA A100-SXM4-40GB MIG 4g.20gb (0),1,,13,"void convert_kernel<__half2, float2>(tensor_layout_any, T1 *, tensor_layout_any, const T2 *)"
3386948898,5440,184323,,,,,,,,,,0.094,17223.480,Pinned,Device,NVIDIA A100-SXM4-40GB MIG 4g.20gb (0),1,,13,[CUDA memcpy Host-to-Device]
3386963298,3232,184324,,,,,,,,,,1.547,478533.199,Device,,NVIDIA A100-SXM4-40GB MIG 4g.20gb (0),1,,13,[CUDA memset]
3386970370,3008,184329,,,,,,,,,,0.031,10404.230,Pinned,Device,NVIDIA A100-SXM4-40GB MIG 4g.20gb (0),1,,13,[CUDA memcpy Host-to-Device]
3386975809,9408,184330,,,,,,,,,,0.197,20897.858,Pinned,Device,NVIDIA A100-SXM4-40GB MIG 4g.20gb (0),1,,13,[CUDA memcpy Host-to-Device]
3386990657,5536,184331,273,1,1,8,4,1,39,0.002,0.000,,,,,NVIDIA A100-SXM4-40GB MIG 4g.20gb (0),1,,13,"void channel_eq::eqMmseCoefCompLowMimoKernel<float, float, float, (unsigned int)4, (unsigned int)1, (unsigned int)4>(const channel_eq::_puschRxChEqStatDescr *, channel_eq::_puschRxChEqCoefCompDynDescr)"
3386997377,6240,184332,273,1,1,12,11,1,51,0.002,0.000,,,,,NVIDIA A100-SXM4-40GB MIG 4g.20gb (0),1,,13,"void channel_eq::eqMmseSoftDemapKernel<float, __half, __half, float, (unsigned int)4, (unsigned short)16383>(channel_eq::_puschRxChEqStatDescr *, channel_eq::_puschRxChEqSoftDemapDynDescr)"
3387004705,282877,184333,1,1,1,32,32,1,30,0.000,0.000,,,,,NVIDIA A100-SXM4-40GB MIG 4g.20gb (0),1,,13,"void convert_kernel<float2, __half2>(tensor_layout_any, T1 *, tensor_layout_any, const T2 *)"
3387290878,10879,184345,2253,1,1,128,1,1,16,0.000,0.000,,,,,NVIDIA A100-SXM4-40GB MIG 4g.20gb (0),1,,13,cupy_copy__float16_float16
3387303709,3104,184354,282,1,1,128,1,1,16,0.000,0.000,,,,,NVIDIA A100-SXM4-40GB MIG 4g.20gb (0),1,,13,cupy_copy__complex64_complex64
3387307869,2336,184363,26,1,1,128,1,1,16,0.000,0.000,,,,,NVIDIA A100-SXM4-40GB MIG 4g.20gb (0),1,,13,cupy_copy__float32_float32
3387312893,4640,184372,103,1,1,128,1,1,16,0.000,0.000,,,,,NVIDIA A100-SXM4-40GB MIG 4g.20gb (0),1,,13,cupy_copy__complex64_complex64
3387319165,12192,184382,1434,1,1,128,1,1,16,0.000,0.000,,,,,NVIDIA A100-SXM4-40GB MIG 4g.20gb (0),1,,13,cupy_copy__complex64_complex64
3387339421,82559,184387,1,1,1,32,32,1,30,0.000,0.000,,,,,NVIDIA A100-SXM4-40GB MIG 4g.20gb (0),1,,13,"void convert_kernel<__half2, float2>(tensor_layout_any, T1 *, tensor_layout_any, const T2 *)"
3387449820,5408,184390,,,,,,,,,,0.094,17325.421,Pinned,Device,NVIDIA A100-SXM4-40GB MIG 4g.20gb (0),1,,13,[CUDA memcpy Host-to-Device]
3387459771,602809,184391,,,,,,,,,,456.561,756978.868,Device,,NVIDIA A100-SXM4-40GB MIG 4g.20gb (0),1,,13,[CUDA memset]
3388065396,71583,184396,,,,,,,,,,1.235,17250.933,Pinned,Device,NVIDIA A100-SXM4-40GB MIG 4g.20gb (0),1,,13,[CUDA memcpy Host-to-Device]
3388141107,15072,184397,,,,,,,,,,0.197,13044.548,Pinned,Device,NVIDIA A100-SXM4-40GB MIG 4g.20gb (0),1,,13,[CUDA memcpy Host-to-Device]
3388164115,7968,184398,69,4,1,48,1,1,76,0.002,0.000,,,,,NVIDIA A100-SXM4-40GB MIG 4g.20gb (0),1,,13,"void ch_est::windowedChEstPreNoDftSOfdmKernel<float, __half, float, (unsigned int)2, (unsigned int)1, (unsigned short)4>(ch_est::puschRxChEstStatDescr_t *, ch_est::puschRxChEstDynDescr_t *)"
3388178067,6368,184399,137,2,1,24,2,1,44,0.001,0.001,,,,,NVIDIA A100-SXM4-40GB MIG 4g.20gb (0),1,,13,"void ch_est::chEstFilterNoDftSOfdmDispatchKernel<float, __half, float, (unsigned int)2>(ch_est::puschRxChEstStatDescr_t *, ch_est::puschRxChEstDynDescr_t *)"
3388187059,5375,184400,137,2,1,24,2,1,44,0.001,0.001,,,,,NVIDIA A100-SXM4-40GB MIG 4g.20gb (0),1,,13,"void ch_est::chEstFilterNoDftSOfdmDispatchKernel<float, __half, float, (unsigned int)2>(ch_est::puschRxChEstStatDescr_t *, ch_est::puschRxChEstDynDescr_t *)"
3388198002,2752,184411,103,1,1,128,1,1,16,0.000,0.000,,,,,NVIDIA A100-SXM4-40GB MIG 4g.20gb (0),1,,13,cupy_copy__complex64_complex64
3388203826,12608,184421,1434,1,1,128,1,1,16,0.000,0.000,,,,,NVIDIA A100-SXM4-40GB MIG 4g.20gb (0),1,,13,cupy_copy__complex64_complex64
3388219922,2752,184428,103,1,1,128,1,1,16,0.000,0.000,,,,,NVIDIA A100-SXM4-40GB MIG 4g.20gb (0),1,,13,cupy_copy__complex64_complex64
3388226546,82879,184435,1,1,1,32,32,1,30,0.000,0.000,,,,,NVIDIA A100-SXM4-40GB MIG 4g.20gb (0),1,,13,"void convert_kernel<__half2, float2>(tensor_layout_any, T1 *, tensor_layout_any, const T2 *)"
3388337297,9216,184438,,,,,,,,,,0.094,10166.578,Pinned,Device,NVIDIA A100-SXM4-40GB MIG 4g.20gb (0),1,,13,[CUDA memcpy Host-to-Device]
3388353072,49280,184439,,,,,,,,,,35.810,726654.897,Device,,NVIDIA A100-SXM4-40GB MIG 4g.20gb (0),1,,13,[CUDA memset]
3388407504,3968,184441,,,,,,,,,,0.000,20.161,Pinned,Device,NVIDIA A100-SXM4-40GB MIG 4g.20gb (0),1,,13,[CUDA memcpy Host-to-Device]
3388416336,13184,184442,,,,,,,,,,0.197,14912.520,Pinned,Device,NVIDIA A100-SXM4-40GB MIG 4g.20gb (0),1,,13,[CUDA memcpy Host-to-Device]
3388439695,10336,184443,273,1,1,48,1,1,40,0.000,0.001,,,,,NVIDIA A100-SXM4-40GB MIG 4g.20gb (0),1,,13,"void pusch_noise_intf_est::noiseIntfEstNoDftSOfdmKernel<float, __half, float, float, (unsigned int)2, (unsigned int)1, (unsigned char)4, (unsigned char)4>(pusch_noise_intf_est::puschRxNoiseIntfEstDynDescr)"
3388454543,3104,184454,35,1,1,128,1,1,16,0.000,0.000,,,,,NVIDIA A100-SXM4-40GB MIG 4g.20gb (0),1,,13,cupy_copy__complex64_complex64
3388463567,1984,184463,1,1,1,1,1,1,18,0.000,0.000,,,,,NVIDIA A100-SXM4-40GB MIG 4g.20gb (0),1,,13,cupy_copy__float32_float32
3388492527,1824,184469,,,,,,,,,,0.000,2.193,Device,Pageable,NVIDIA A100-SXM4-40GB MIG 4g.20gb (0),1,,7,[CUDA memcpy Device-to-Host]
3388554222,12832,184480,1434,1,1,128,1,1,16,0.000,0.000,,,,,NVIDIA A100-SXM4-40GB MIG 4g.20gb (0),1,,13,cupy_copy__complex64_complex64
3388580878,2592,184487,103,1,1,128,1,1,16,0.000,0.000,,,,,NVIDIA A100-SXM4-40GB MIG 4g.20gb (0),1,,13,cupy_copy__complex64_complex64
3388601997,2176,184494,35,1,1,128,1,1,16,0.000,0.000,,,,,NVIDIA A100-SXM4-40GB MIG 4g.20gb (0),1,,13,cupy_copy__complex64_complex64
3388621197,1888,184501,1,1,1,1,1,1,18,0.000,0.000,,,,,NVIDIA A100-SXM4-40GB MIG 4g.20gb (0),1,,13,cupy_copy__float32_float32
3388751820,87966,184512,1,1,1,32,32,1,30,0.000,0.000,,,,,NVIDIA A100-SXM4-40GB MIG 4g.20gb (0),1,,13,"void convert_kernel<__half2, float2>(tensor_layout_any, T1 *, tensor_layout_any, const T2 *)"
3388866890,5504,184515,,,,,,,,,,0.094,17023.251,Pinned,Device,NVIDIA A100-SXM4-40GB MIG 4g.20gb (0),1,,13,[CUDA memcpy Host-to-Device]
3388881546,3552,184516,,,,,,,,,,1.547,435422.601,Device,,NVIDIA A100-SXM4-40GB MIG 4g.20gb (0),1,,13,[CUDA memset]
3388888330,3232,184521,,,,,,,,,,0.031,9683.139,Pinned,Device,NVIDIA A100-SXM4-40GB MIG 4g.20gb (0),1,,13,[CUDA memcpy Host-to-Device]
3388893642,9472,184522,,,,,,,,,,0.197,20756.693,Pinned,Device,NVIDIA A100-SXM4-40GB MIG 4g.20gb (0),1,,13,[CUDA memcpy Host-to-Device]
3388908010,6240,184523,273,1,1,8,4,1,39,0.002,0.000,,,,,NVIDIA A100-SXM4-40GB MIG 4g.20gb (0),1,,13,"void channel_eq::eqMmseCoefCompLowMimoKernel<float, float, float, (unsigned int)4, (unsigned int)1, (unsigned int)4>(const channel_eq::_puschRxChEqStatDescr *, channel_eq::_puschRxChEqCoefCompDynDescr)"
3388915242,6527,184524,273,1,1,12,11,1,51,0.002,0.000,,,,,NVIDIA A100-SXM4-40GB MIG 4g.20gb (0),1,,13,"void channel_eq::eqMmseSoftDemapKernel<float, __half, __half, float, (unsigned int)4, (unsigned short)16383>(channel_eq::_puschRxChEqStatDescr *, channel_eq::_puschRxChEqSoftDemapDynDescr)"
3388922889,282845,184525,1,1,1,32,32,1,30,0.000,0.000,,,,,NVIDIA A100-SXM4-40GB MIG 4g.20gb (0),1,,13,"void convert_kernel<float2, __half2>(tensor_layout_any, T1 *, tensor_layout_any, const T2 *)"
3389207590,11008,184537,2253,1,1,128,1,1,16,0.000,0.000,,,,,NVIDIA A100-SXM4-40GB MIG 4g.20gb (0),1,,13,cupy_copy__float16_float16
3389222790,3680,184546,282,1,1,128,1,1,16,0.000,0.000,,,,,NVIDIA A100-SXM4-40GB MIG 4g.20gb (0),1,,13,cupy_copy__complex64_complex64
3389228166,2304,184555,26,1,1,128,1,1,16,0.000,0.000,,,,,NVIDIA A100-SXM4-40GB MIG 4g.20gb (0),1,,13,cupy_copy__float32_float32
3389231462,2976,184564,103,1,1,128,1,1,16,0.000,0.000,,,,,NVIDIA A100-SXM4-40GB MIG 4g.20gb (0),1,,13,cupy_copy__complex64_complex64
3389235558,11839,184574,1434,1,1,128,1,1,16,0.000,0.000,,,,,NVIDIA A100-SXM4-40GB MIG 4g.20gb (0),1,,13,cupy_copy__complex64_complex64
3389258117,81279,184579,1,1,1,32,32,1,30,0.000,0.000,,,,,NVIDIA A100-SXM4-40GB MIG 4g.20gb (0),1,,13,"void convert_kernel<__half2, float2>(tensor_layout_any, T1 *, tensor_layout_any, const T2 *)"
3389367108,5440,184582,,,,,,,,,,0.094,17223.480,Pinned,Device,NVIDIA A100-SXM4-40GB MIG 4g.20gb (0),1,,13,[CUDA memcpy Host-to-Device]
3389377988,603224,184583,,,,,,,,,,456.561,756522.306,Device,,NVIDIA A100-SXM4-40GB MIG 4g.20gb (0),1,,13,[CUDA memset]
3389986524,66847,184588,,,,,,,,,,1.235,18473.527,Pinned,Device,NVIDIA A100-SXM4-40GB MIG 4g.20gb (0),1,,13,[CUDA memcpy Host-to-Device]
3390056987,14880,184589,,,,,,,,,,0.197,13212.844,Pinned,Device,NVIDIA A100-SXM4-40GB MIG 4g.20gb (0),1,,13,[CUDA memcpy Host-to-Device]
3390079323,8544,184590,69,4,1,48,1,1,76,0.002,0.000,,,,,NVIDIA A100-SXM4-40GB MIG 4g.20gb (0),1,,13,"void ch_est::windowedChEstPreNoDftSOfdmKernel<float, __half, float, (unsigned int)2, (unsigned int)1, (unsigned short)4>(ch_est::puschRxChEstStatDescr_t *, ch_est::puschRxChEstDynDescr_t *)"
3390090875,6688,184591,137,2,1,24,2,1,44,0.001,0.001,,,,,NVIDIA A100-SXM4-40GB MIG 4g.20gb (0),1,,13,"void ch_est::chEstFilterNoDftSOfdmDispatchKernel<float, __half, float, (unsigned int)2>(ch_est::puschRxChEstStatDescr_t *, ch_est::puschRxChEstDynDescr_t *)"
3390099547,5376,184592,137,2,1,24,2,1,44,0.001,0.001,,,,,NVIDIA A100-SXM4-40GB MIG 4g.20gb (0),1,,13,"void ch_est::chEstFilterNoDftSOfdmDispatchKernel<float, __half, float, (unsigned int)2>(ch_est::puschRxChEstStatDescr_t *, ch_est::puschRxChEstDynDescr_t *)"
3390110363,2528,184603,103,1,1,128,1,1,16,0.000,0.000,,,,,NVIDIA A100-SXM4-40GB MIG 4g.20gb (0),1,,13,cupy_copy__complex64_complex64
3390117211,12863,184613,1434,1,1,128,1,1,16,0.000,0.000,,,,,NVIDIA A100-SXM4-40GB MIG 4g.20gb (0),1,,13,cupy_copy__complex64_complex64
3390133434,2688,184620,103,1,1,128,1,1,16,0.000,0.000,,,,,NVIDIA A100-SXM4-40GB MIG 4g.20gb (0),1,,13,cupy_copy__complex64_complex64
3390139418,87775,184627,1,1,1,32,32,1,30,0.000,0.000,,,,,NVIDIA A100-SXM4-40GB MIG 4g.20gb (0),1,,13,"void convert_kernel<__half2, float2>(tensor_layout_any, T1 *, tensor_layout_any, const T2 *)"
3390255897,8352,184630,,,,,,,,,,0.094,11218.316,Pinned,Device,NVIDIA A100-SXM4-40GB MIG 4g.20gb (0),1,,13,[CUDA memcpy Host-to-Device]
3390273209,48607,184631,,,,,,,,,,35.810,736717.484,Device,,NVIDIA A100-SXM4-40GB MIG 4g.20gb (0),1,,13,[CUDA memset]
3390325080,3360,184633,,,,,,,,,,0.000,23.810,Pinned,Device,NVIDIA A100-SXM4-40GB MIG 4g.20gb (0),1,,13,[CUDA memcpy Host-to-Device]
3390331608,13728,184634,,,,,,,,,,0.197,14321.517,Pinned,Device,NVIDIA A100-SXM4-40GB MIG 4g.20gb (0),1,,13,[CUDA memcpy Host-to-Device]
3390353592,9440,184635,273,1,1,48,1,1,40,0.000,0.001,,,,,NVIDIA A100-SXM4-40GB MIG 4g.20gb (0),1,,13,"void pusch_noise_intf_est::noiseIntfEstNoDftSOfdmKernel<float, __half, float, float, (unsigned int)2, (unsigned int)1, (unsigned char)4, (unsigned char)4>(pusch_noise_intf_est::puschRxNoiseIntfEstDynDescr)"
3390368632,2976,184646,35,1,1,128,1,1,16,0.000,0.000,,,,,NVIDIA A100-SXM4-40GB MIG 4g.20gb (0),1,,13,cupy_copy__complex64_complex64
3390381399,1984,184655,1,1,1,1,1,1,18,0.000,0.000,,,,,NVIDIA A100-SXM4-40GB MIG 4g.20gb (0),1,,13,cupy_copy__float32_float32
3390412663,2016,184661,,,,,,,,,,0.000,1.984,Device,Pageable,NVIDIA A100-SXM4-40GB MIG 4g.20gb (0),1,,7,[CUDA memcpy Device-to-Host]
3390474294,12992,184672,1434,1,1,128,1,1,16,0.000,0.000,,,,,NVIDIA A100-SXM4-40GB MIG 4g.20gb (0),1,,13,cupy_copy__complex64_complex64
3390502166,2688,184679,103,1,1,128,1,1,16,0.000,0.000,,,,,NVIDIA A100-SXM4-40GB MIG 4g.20gb (0),1,,13,cupy_copy__complex64_complex64
3390521334,2336,184686,35,1,1,128,1,1,16,0.000,0.000,,,,,NVIDIA A100-SXM4-40GB MIG 4g.20gb (0),1,,13,cupy_copy__complex64_complex64
3390539669,1792,184693,1,1,1,1,1,1,18,0.000,0.000,,,,,NVIDIA A100-SXM4-40GB MIG 4g.20gb (0),1,,13,cupy_copy__float32_float32
3390670836,83551,184704,1,1,1,32,32,1,30,0.000,0.000,,,,,NVIDIA A100-SXM4-40GB MIG 4g.20gb (0),1,,13,"void convert_kernel<__half2, float2>(tensor_layout_any, T1 *, tensor_layout_any, const T2 *)"
3390781778,5408,184707,,,,,,,,,,0.094,17325.421,Pinned,Device,NVIDIA A100-SXM4-40GB MIG 4g.20gb (0),1,,13,[CUDA memcpy Host-to-Device]
3390798514,3392,184708,,,,,,,,,,1.547,455961.768,Device,,NVIDIA A100-SXM4-40GB MIG 4g.20gb (0),1,,13,[CUDA memset]
3390803218,3008,184713,,,,,,,,,,0.031,10404.230,Pinned,Device,NVIDIA A100-SXM4-40GB MIG 4g.20gb (0),1,,13,[CUDA memcpy Host-to-Device]
3390808498,9600,184714,,,,,,,,,,0.197,20479.869,Pinned,Device,NVIDIA A100-SXM4-40GB MIG 4g.20gb (0),1,,13,[CUDA memcpy Host-to-Device]
3390822002,6368,184715,273,1,1,8,4,1,39,0.002,0.000,,,,,NVIDIA A100-SXM4-40GB MIG 4g.20gb (0),1,,13,"void channel_eq::eqMmseCoefCompLowMimoKernel<float, float, float, (unsigned int)4, (unsigned int)1, (unsigned int)4>(const channel_eq::_puschRxChEqStatDescr *, channel_eq::_puschRxChEqCoefCompDynDescr)"
3390829842,5824,184716,273,1,1,12,11,1,51,0.002,0.000,,,,,NVIDIA A100-SXM4-40GB MIG 4g.20gb (0),1,,13,"void channel_eq::eqMmseSoftDemapKernel<float, __half, __half, float, (unsigned int)4, (unsigned short)16383>(channel_eq::_puschRxChEqStatDescr *, channel_eq::_puschRxChEqSoftDemapDynDescr)"
3390836754,282844,184717,1,1,1,32,32,1,30,0.000,0.000,,,,,NVIDIA A100-SXM4-40GB MIG 4g.20gb (0),1,,13,"void convert_kernel<float2, __half2>(tensor_layout_any, T1 *, tensor_layout_any, const T2 *)"
3391121550,11008,184729,2253,1,1,128,1,1,16,0.000,0.000,,,,,NVIDIA A100-SXM4-40GB MIG 4g.20gb (0),1,,13,cupy_copy__float16_float16
3391136238,2784,184738,282,1,1,128,1,1,16,0.000,0.000,,,,,NVIDIA A100-SXM4-40GB MIG 4g.20gb (0),1,,13,cupy_copy__complex64_complex64
3391141550,2240,184747,26,1,1,128,1,1,16,0.000,0.000,,,,,NVIDIA A100-SXM4-40GB MIG 4g.20gb (0),1,,13,cupy_copy__float32_float32
3391144750,3104,184756,103,1,1,128,1,1,16,0.000,0.000,,,,,NVIDIA A100-SXM4-40GB MIG 4g.20gb (0),1,,13,cupy_copy__complex64_complex64
3391150702,12064,184766,1434,1,1,128,1,1,16,0.000,0.000,,,,,NVIDIA A100-SXM4-40GB MIG 4g.20gb (0),1,,13,cupy_copy__complex64_complex64
3391184141,81215,184771,1,1,1,32,32,1,30,0.000,0.000,,,,,NVIDIA A100-SXM4-40GB MIG 4g.20gb (0),1,,13,"void convert_kernel<__half2, float2>(tensor_layout_any, T1 *, tensor_layout_any, const T2 *)"
3391291756,5376,184774,,,,,,,,,,0.094,17428.487,Pinned,Device,NVIDIA A100-SXM4-40GB MIG 4g.20gb (0),1,,13,[CUDA memcpy Host-to-Device]
3391302092,601657,184775,,,,,,,,,,456.561,758805.113,Device,,NVIDIA A100-SXM4-40GB MIG 4g.20gb (0),1,,13,[CUDA memset]
3391908868,70272,184780,,,,,,,,,,1.235,17573.253,Pinned,Device,NVIDIA A100-SXM4-40GB MIG 4g.20gb (0),1,,13,[CUDA memcpy Host-to-Device]
3391982308,14591,184781,,,,,,,,,,0.197,13474.529,Pinned,Device,NVIDIA A100-SXM4-40GB MIG 4g.20gb (0),1,,13,[CUDA memcpy Host-to-Device]
3392004131,8128,184782,69,4,1,48,1,1,76,0.002,0.000,,,,,NVIDIA A100-SXM4-40GB MIG 4g.20gb (0),1,,13,"void ch_est::windowedChEstPreNoDftSOfdmKernel<float, __half, float, (unsigned int)2, (unsigned int)1, (unsigned short)4>(ch_est::puschRxChEstStatDescr_t *, ch_est::puschRxChEstDynDescr_t *)"
3392015395,6336,184783,137,2,1,24,2,1,44,0.001,0.001,,,,,NVIDIA A100-SXM4-40GB MIG 4g.20gb (0),1,,13,"void ch_est::chEstFilterNoDftSOfdmDispatchKernel<float, __half, float, (unsigned int)2>(ch_est::puschRxChEstStatDescr_t *, ch_est::puschRxChEstDynDescr_t *)"
3392026243,5216,184784,137,2,1,24,2,1,44,0.001,0.001,,,,,NVIDIA A100-SXM4-40GB MIG 4g.20gb (0),1,,13,"void ch_est::chEstFilterNoDftSOfdmDispatchKernel<float, __half, float, (unsigned int)2>(ch_est::puschRxChEstStatDescr_t *, ch_est::puschRxChEstDynDescr_t *)"
3392036835,2592,184795,103,1,1,128,1,1,16,0.000,0.000,,,,,NVIDIA A100-SXM4-40GB MIG 4g.20gb (0),1,,13,cupy_copy__complex64_complex64
3392043267,12928,184805,1434,1,1,128,1,1,16,0.000,0.000,,,,,NVIDIA A100-SXM4-40GB MIG 4g.20gb (0),1,,13,cupy_copy__complex64_complex64
3392057603,2784,184812,103,1,1,128,1,1,16,0.000,0.000,,,,,NVIDIA A100-SXM4-40GB MIG 4g.20gb (0),1,,13,cupy_copy__complex64_complex64
3392065763,88734,184819,1,1,1,32,32,1,30,0.000,0.000,,,,,NVIDIA A100-SXM4-40GB MIG 4g.20gb (0),1,,13,"void convert_kernel<__half2, float2>(tensor_layout_any, T1 *, tensor_layout_any, const T2 *)"
3392183873,9856,184822,,,,,,,,,,0.094,9506.490,Pinned,Device,NVIDIA A100-SXM4-40GB MIG 4g.20gb (0),1,,13,[CUDA memcpy Host-to-Device]
3392199105,47071,184823,,,,,,,,,,35.810,760745.940,Device,,NVIDIA A100-SXM4-40GB MIG 4g.20gb (0),1,,13,[CUDA memset]
3392249728,3968,184825,,,,,,,,,,0.000,20.161,Pinned,Device,NVIDIA A100-SXM4-40GB MIG 4g.20gb (0),1,,13,[CUDA memcpy Host-to-Device]
3392258400,13216,184826,,,,,,,,,,0.197,14876.344,Pinned,Device,NVIDIA A100-SXM4-40GB MIG 4g.20gb (0),1,,13,[CUDA memcpy Host-to-Device]
3392277600,10080,184827,273,1,1,48,1,1,40,0.000,0.001,,,,,NVIDIA A100-SXM4-40GB MIG 4g.20gb (0),1,,13,"void pusch_noise_intf_est::noiseIntfEstNoDftSOfdmKernel<float, __half, float, float, (unsigned int)2, (unsigned int)1, (unsigned char)4, (unsigned char)4>(pusch_noise_intf_est::puschRxNoiseIntfEstDynDescr)"
3392293568,2880,184838,35,1,1,128,1,1,16,0.000,0.000,,,,,NVIDIA A100-SXM4-40GB MIG 4g.20gb (0),1,,13,cupy_copy__complex64_complex64
3392304608,1728,184847,1,1,1,1,1,1,18,0.000,0.000,,,,,NVIDIA A100-SXM4-40GB MIG 4g.20gb (0),1,,13,cupy_copy__float32_float32
3392335327,2496,184853,,,,,,,,,,0.000,1.603,Device,Pageable,NVIDIA A100-SXM4-40GB MIG 4g.20gb (0),1,,7,[CUDA memcpy Device-to-Host]
3392396574,12864,184864,1434,1,1,128,1,1,16,0.000,0.000,,,,,NVIDIA A100-SXM4-40GB MIG 4g.20gb (0),1,,13,cupy_copy__complex64_complex64
3392422718,3360,184871,103,1,1,128,1,1,16,0.000,0.000,,,,,NVIDIA A100-SXM4-40GB MIG 4g.20gb (0),1,,13,cupy_copy__complex64_complex64
3392443806,2240,184878,35,1,1,128,1,1,16,0.000,0.000,,,,,NVIDIA A100-SXM4-40GB MIG 4g.20gb (0),1,,13,cupy_copy__complex64_complex64
3392461598,1760,184885,1,1,1,1,1,1,18,0.000,0.000,,,,,NVIDIA A100-SXM4-40GB MIG 4g.20gb (0),1,,13,cupy_copy__float32_float32
3392592060,85823,184896,1,1,1,32,32,1,30,0.000,0.000,,,,,NVIDIA A100-SXM4-40GB MIG 4g.20gb (0),1,,13,"void convert_kernel<__half2, float2>(tensor_layout_any, T1 *, tensor_layout_any, const T2 *)"
3392705499,5504,184899,,,,,,,,,,0.094,17023.251,Pinned,Device,NVIDIA A100-SXM4-40GB MIG 4g.20gb (0),1,,13,[CUDA memcpy Host-to-Device]
3392721370,3552,184900,,,,,,,,,,1.547,435422.601,Device,,NVIDIA A100-SXM4-40GB MIG 4g.20gb (0),1,,13,[CUDA memset]
3392727322,3200,184905,,,,,,,,,,0.031,9780.000,Pinned,Device,NVIDIA A100-SXM4-40GB MIG 4g.20gb (0),1,,13,[CUDA memcpy Host-to-Device]
3392732666,9440,184906,,,,,,,,,,0.197,20827.079,Pinned,Device,NVIDIA A100-SXM4-40GB MIG 4g.20gb (0),1,,13,[CUDA memcpy Host-to-Device]
3392746266,6816,184907,273,1,1,8,4,1,39,0.002,0.000,,,,,NVIDIA A100-SXM4-40GB MIG 4g.20gb (0),1,,13,"void channel_eq::eqMmseCoefCompLowMimoKernel<float, float, float, (unsigned int)4, (unsigned int)1, (unsigned int)4>(const channel_eq::_puschRxChEqStatDescr *, channel_eq::_puschRxChEqCoefCompDynDescr)"
3392754074,6688,184908,273,1,1,12,11,1,51,0.002,0.000,,,,,NVIDIA A100-SXM4-40GB MIG 4g.20gb (0),1,,13,"void channel_eq::eqMmseSoftDemapKernel<float, __half, __half, float, (unsigned int)4, (unsigned short)16383>(channel_eq::_puschRxChEqStatDescr *, channel_eq::_puschRxChEqSoftDemapDynDescr)"
3392763514,294300,184909,1,1,1,32,32,1,30,0.000,0.000,,,,,NVIDIA A100-SXM4-40GB MIG 4g.20gb (0),1,,13,"void convert_kernel<float2, __half2>(tensor_layout_any, T1 *, tensor_layout_any, const T2 *)"
3393059926,11040,184921,2253,1,1,128,1,1,16,0.000,0.000,,,,,NVIDIA A100-SXM4-40GB MIG 4g.20gb (0),1,,13,cupy_copy__float16_float16
3393074710,3744,184930,282,1,1,128,1,1,16,0.000,0.000,,,,,NVIDIA A100-SXM4-40GB MIG 4g.20gb (0),1,,13,cupy_copy__complex64_complex64
3393079990,2016,184939,26,1,1,128,1,1,16,0.000,0.000,,,,,NVIDIA A100-SXM4-40GB MIG 4g.20gb (0),1,,13,cupy_copy__float32_float32
3393083094,2784,184948,103,1,1,128,1,1,16,0.000,0.000,,,,,NVIDIA A100-SXM4-40GB MIG 4g.20gb (0),1,,13,cupy_copy__complex64_complex64
3393088054,11872,184958,1434,1,1,128,1,1,16,0.000,0.000,,,,,NVIDIA A100-SXM4-40GB MIG 4g.20gb (0),1,,13,cupy_copy__complex64_complex64
3393101366,82591,184963,1,1,1,32,32,1,30,0.000,0.000,,,,,NVIDIA A100-SXM4-40GB MIG 4g.20gb (0),1,,13,"void convert_kernel<__half2, float2>(tensor_layout_any, T1 *, tensor_layout_any, const T2 *)"
3393210996,5664,184966,,,,,,,,,,0.094,16542.310,Pinned,Device,NVIDIA A100-SXM4-40GB MIG 4g.20gb (0),1,,13,[CUDA memcpy Host-to-Device]
3393220532,601625,184967,,,,,,,,,,456.561,758805.113,Device,,NVIDIA A100-SXM4-40GB MIG 4g.20gb (0),1,,13,[CUDA memset]
3393825773,67903,184972,,,,,,,,,,1.235,18185.785,Pinned,Device,NVIDIA A100-SXM4-40GB MIG 4g.20gb (0),1,,13,[CUDA memcpy Host-to-Device]
3393898348,15200,184973,,,,,,,,,,0.197,12934.644,Pinned,Device,NVIDIA A100-SXM4-40GB MIG 4g.20gb (0),1,,13,[CUDA memcpy Host-to-Device]
3393920652,7744,184974,69,4,1,48,1,1,76,0.002,0.000,,,,,NVIDIA A100-SXM4-40GB MIG 4g.20gb (0),1,,13,"void ch_est::windowedChEstPreNoDftSOfdmKernel<float, __half, float, (unsigned int)2, (unsigned int)1, (unsigned short)4>(ch_est::puschRxChEstStatDescr_t *, ch_est::puschRxChEstDynDescr_t *)"
3393932203,7296,184975,137,2,1,24,2,1,44,0.001,0.001,,,,,NVIDIA A100-SXM4-40GB MIG 4g.20gb (0),1,,13,"void ch_est::chEstFilterNoDftSOfdmDispatchKernel<float, __half, float, (unsigned int)2>(ch_est::puschRxChEstStatDescr_t *, ch_est::puschRxChEstDynDescr_t *)"
3393943563,5216,184976,137,2,1,24,2,1,44,0.001,0.001,,,,,NVIDIA A100-SXM4-40GB MIG 4g.20gb (0),1,,13,"void ch_est::chEstFilterNoDftSOfdmDispatchKernel<float, __half, float, (unsigned int)2>(ch_est::puschRxChEstStatDescr_t *, ch_est::puschRxChEstDynDescr_t *)"
3393953739,2720,184987,103,1,1,128,1,1,16,0.000,0.000,,,,,NVIDIA A100-SXM4-40GB MIG 4g.20gb (0),1,,13,cupy_copy__complex64_complex64
3393959339,12608,184997,1434,1,1,128,1,1,16,0.000,0.000,,,,,NVIDIA A100-SXM4-40GB MIG 4g.20gb (0),1,,13,cupy_copy__complex64_complex64
3393974251,2912,185004,103,1,1,128,1,1,16,0.000,0.000,,,,,NVIDIA A100-SXM4-40GB MIG 4g.20gb (0),1,,13,cupy_copy__complex64_complex64
3393983659,89631,185011,1,1,1,32,32,1,30,0.000,0.000,,,,,NVIDIA A100-SXM4-40GB MIG 4g.20gb (0),1,,13,"void convert_kernel<__half2, float2>(tensor_layout_any, T1 *, tensor_layout_any, const T2 *)"
3394101897,8672,185014,,,,,,,,,,0.094,10804.367,Pinned,Device,NVIDIA A100-SXM4-40GB MIG 4g.20gb (0),1,,13,[CUDA memcpy Host-to-Device]
3394118345,47808,185015,,,,,,,,,,35.810,749036.097,Device,,NVIDIA A100-SXM4-40GB MIG 4g.20gb (0),1,,13,[CUDA memset]
3394169929,3104,185017,,,,,,,,,,0.000,25.773,Pinned,Device,NVIDIA A100-SXM4-40GB MIG 4g.20gb (0),1,,13,[CUDA memcpy Host-to-Device]
3394176392,13504,185018,,,,,,,,,,0.197,14559.216,Pinned,Device,NVIDIA A100-SXM4-40GB MIG 4g.20gb (0),1,,13,[CUDA memcpy Host-to-Device]
3394198120,11616,185019,273,1,1,48,1,1,40,0.000,0.001,,,,,NVIDIA A100-SXM4-40GB MIG 4g.20gb (0),1,,13,"void pusch_noise_intf_est::noiseIntfEstNoDftSOfdmKernel<float, __half, float, float, (unsigned int)2, (unsigned int)1, (unsigned char)4, (unsigned char)4>(pusch_noise_intf_est::puschRxNoiseIntfEstDynDescr)"
3394214536,2976,185030,35,1,1,128,1,1,16,0.000,0.000,,,,,NVIDIA A100-SXM4-40GB MIG 4g.20gb (0),1,,13,cupy_copy__complex64_complex64
3394222632,1792,185039,1,1,1,1,1,1,18,0.000,0.000,,,,,NVIDIA A100-SXM4-40GB MIG 4g.20gb (0),1,,13,cupy_copy__float32_float32
3394253160,1599,185045,,,,,,,,,,0.000,2.502,Device,Pageable,NVIDIA A100-SXM4-40GB MIG 4g.20gb (0),1,,7,[CUDA memcpy Device-to-Host]
3394312807,12896,185056,1434,1,1,128,1,1,16,0.000,0.000,,,,,NVIDIA A100-SXM4-40GB MIG 4g.20gb (0),1,,13,cupy_copy__complex64_complex64
3394341702,2944,185063,103,1,1,128,1,1,16,0.000,0.000,,,,,NVIDIA A100-SXM4-40GB MIG 4g.20gb (0),1,,13,cupy_copy__complex64_complex64
3394361158,2368,185070,35,1,1,128,1,1,16,0.000,0.000,,,,,NVIDIA A100-SXM4-40GB MIG 4g.20gb (0),1,,13,cupy_copy__complex64_complex64
3394378214,1792,185077,1,1,1,1,1,1,18,0.000,0.000,,,,,NVIDIA A100-SXM4-40GB MIG 4g.20gb (0),1,,13,cupy_copy__float32_float32
3394509156,82143,185088,1,1,1,32,32,1,30,0.000,0.000,,,,,NVIDIA A100-SXM4-40GB MIG 4g.20gb (0),1,,13,"void convert_kernel<__half2, float2>(tensor_layout_any, T1 *, tensor_layout_any, const T2 *)"
3394618019,5568,185091,,,,,,,,,,0.094,16827.521,Pinned,Device,NVIDIA A100-SXM4-40GB MIG 4g.20gb (0),1,,13,[CUDA memcpy Host-to-Device]
3394632099,3328,185092,,,,,,,,,,1.547,464729.580,Device,,NVIDIA A100-SXM4-40GB MIG 4g.20gb (0),1,,13,[CUDA memset]
3394639011,3008,185097,,,,,,,,,,0.031,10404.230,Pinned,Device,NVIDIA A100-SXM4-40GB MIG 4g.20gb (0),1,,13,[CUDA memcpy Host-to-Device]
3394644707,9408,185098,,,,,,,,,,0.197,20897.858,Pinned,Device,NVIDIA A100-SXM4-40GB MIG 4g.20gb (0),1,,13,[CUDA memcpy Host-to-Device]
3394659522,6592,185099,273,1,1,8,4,1,39,0.002,0.000,,,,,NVIDIA A100-SXM4-40GB MIG 4g.20gb (0),1,,13,"void channel_eq::eqMmseCoefCompLowMimoKernel<float, float, float, (unsigned int)4, (unsigned int)1, (unsigned int)4>(const channel_eq::_puschRxChEqStatDescr *, channel_eq::_puschRxChEqCoefCompDynDescr)"
3394667042,6368,185100,273,1,1,12,11,1,51,0.002,0.000,,,,,NVIDIA A100-SXM4-40GB MIG 4g.20gb (0),1,,13,"void channel_eq::eqMmseSoftDemapKernel<float, __half, __half, float, (unsigned int)4, (unsigned short)16383>(channel_eq::_puschRxChEqStatDescr *, channel_eq::_puschRxChEqSoftDemapDynDescr)"
3394676578,294589,185101,1,1,1,32,32,1,30,0.000,0.000,,,,,NVIDIA A100-SXM4-40GB MIG 4g.20gb (0),1,,13,"void convert_kernel<float2, __half2>(tensor_layout_any, T1 *, tensor_layout_any, const T2 *)"
3394972191,11039,185113,2253,1,1,128,1,1,16,0.000,0.000,,,,,NVIDIA A100-SXM4-40GB MIG 4g.20gb (0),1,,13,cupy_copy__float16_float16
3394986430,3072,185122,282,1,1,128,1,1,16,0.000,0.000,,,,,NVIDIA A100-SXM4-40GB MIG 4g.20gb (0),1,,13,cupy_copy__complex64_complex64
3394991934,2176,185131,26,1,1,128,1,1,16,0.000,0.000,,,,,NVIDIA A100-SXM4-40GB MIG 4g.20gb (0),1,,13,cupy_copy__float32_float32
3394996286,3456,185140,103,1,1,128,1,1,16,0.000,0.000,,,,,NVIDIA A100-SXM4-40GB MIG 4g.20gb (0),1,,13,cupy_copy__complex64_complex64
3395000990,12736,185150,1434,1,1,128,1,1,16,0.000,0.000,,,,,NVIDIA A100-SXM4-40GB MIG 4g.20gb (0),1,,13,cupy_copy__complex64_complex64
3395017950,88287,185155,1,1,1,32,32,1,30,0.000,0.000,,,,,NVIDIA A100-SXM4-40GB MIG 4g.20gb (0),1,,13,"void convert_kernel<__half2, float2>(tensor_layout_any, T1 *, tensor_layout_any, const T2 *)"
3395132893,5376,185158,,,,,,,,,,0.094,17428.487,Pinned,Device,NVIDIA A100-SXM4-40GB MIG 4g.20gb (0),1,,13,[CUDA memcpy Host-to-Device]
3395142077,604568,185159,,,,,,,,,,456.561,755152.622,Device,,NVIDIA A100-SXM4-40GB MIG 4g.20gb (0),1,,13,[CUDA memset]
3395751189,66751,185164,,,,,,,,,,1.235,18500.696,Pinned,Device,NVIDIA A100-SXM4-40GB MIG 4g.20gb (0),1,,13,[CUDA memcpy Host-to-Device]
3395821428,14304,185165,,,,,,,,,,0.197,13744.865,Pinned,Device,NVIDIA A100-SXM4-40GB MIG 4g.20gb (0),1,,13,[CUDA memcpy Host-to-Device]
3395842580,7616,185166,69,4,1,48,1,1,76,0.002,0.000,,,,,NVIDIA A100-SXM4-40GB MIG 4g.20gb (0),1,,13,"void ch_est::windowedChEstPreNoDftSOfdmKernel<float, __half, float, (unsigned int)2, (unsigned int)1, (unsigned short)4>(ch_est::puschRxChEstStatDescr_t *, ch_est::puschRxChEstDynDescr_t *)"
3395854484,6592,185167,137,2,1,24,2,1,44,0.001,0.001,,,,,NVIDIA A100-SXM4-40GB MIG 4g.20gb (0),1,,13,"void ch_est::chEstFilterNoDftSOfdmDispatchKernel<float, __half, float, (unsigned int)2>(ch_est::puschRxChEstStatDescr_t *, ch_est::puschRxChEstDynDescr_t *)"
3395863540,5120,185168,137,2,1,24,2,1,44,0.001,0.001,,,,,NVIDIA A100-SXM4-40GB MIG 4g.20gb (0),1,,13,"void ch_est::chEstFilterNoDftSOfdmDispatchKernel<float, __half, float, (unsigned int)2>(ch_est::puschRxChEstStatDescr_t *, ch_est::puschRxChEstDynDescr_t *)"
3395874643,2688,185179,103,1,1,128,1,1,16,0.000,0.000,,,,,NVIDIA A100-SXM4-40GB MIG 4g.20gb (0),1,,13,cupy_copy__complex64_complex64
3395880371,12704,185189,1434,1,1,128,1,1,16,0.000,0.000,,,,,NVIDIA A100-SXM4-40GB MIG 4g.20gb (0),1,,13,cupy_copy__complex64_complex64
3395894771,2752,185196,103,1,1,128,1,1,16,0.000,0.000,,,,,NVIDIA A100-SXM4-40GB MIG 4g.20gb (0),1,,13,cupy_copy__complex64_complex64
3395902259,83455,185203,1,1,1,32,32,1,30,0.000,0.000,,,,,NVIDIA A100-SXM4-40GB MIG 4g.20gb (0),1,,13,"void convert_kernel<__half2, float2>(tensor_layout_any, T1 *, tensor_layout_any, const T2 *)"
3396014962,9280,185206,,,,,,,,,,0.094,10096.494,Pinned,Device,NVIDIA A100-SXM4-40GB MIG 4g.20gb (0),1,,13,[CUDA memcpy Host-to-Device]
3396031698,47903,185207,,,,,,,,,,35.810,747532.080,Device,,NVIDIA A100-SXM4-40GB MIG 4g.20gb (0),1,,13,[CUDA memset]
3396083089,3424,185209,,,,,,,,,,0.000,23.364,Pinned,Device,NVIDIA A100-SXM4-40GB MIG 4g.20gb (0),1,,13,[CUDA memcpy Host-to-Device]
3396089745,13152,185210,,,,,,,,,,0.197,14948.893,Pinned,Device,NVIDIA A100-SXM4-40GB MIG 4g.20gb (0),1,,13,[CUDA memcpy Host-to-Device]
3396110417,11647,185211,273,1,1,48,1,1,40,0.000,0.001,,,,,NVIDIA A100-SXM4-40GB MIG 4g.20gb (0),1,,13,"void pusch_noise_intf_est::noiseIntfEstNoDftSOfdmKernel<float, __half, float, float, (unsigned int)2, (unsigned int)1, (unsigned char)4, (unsigned char)4>(pusch_noise_intf_est::puschRxNoiseIntfEstDynDescr)"
3396125008,2944,185222,35,1,1,128,1,1,16,0.000,0.000,,,,,NVIDIA A100-SXM4-40GB MIG 4g.20gb (0),1,,13,cupy_copy__complex64_complex64
3396133840,1792,185231,1,1,1,1,1,1,18,0.000,0.000,,,,,NVIDIA A100-SXM4-40GB MIG 4g.20gb (0),1,,13,cupy_copy__float32_float32
3396164976,1824,185237,,,,,,,,,,0.000,2.193,Device,Pageable,NVIDIA A100-SXM4-40GB MIG 4g.20gb (0),1,,7,[CUDA memcpy Device-to-Host]
3396225999,12736,185248,1434,1,1,128,1,1,16,0.000,0.000,,,,,NVIDIA A100-SXM4-40GB MIG 4g.20gb (0),1,,13,cupy_copy__complex64_complex64
3396253231,2848,185255,103,1,1,128,1,1,16,0.000,0.000,,,,,NVIDIA A100-SXM4-40GB MIG 4g.20gb (0),1,,13,cupy_copy__complex64_complex64
3396274447,2623,185262,35,1,1,128,1,1,16,0.000,0.000,,,,,NVIDIA A100-SXM4-40GB MIG 4g.20gb (0),1,,13,cupy_copy__complex64_complex64
3396291406,1760,185269,1,1,1,1,1,1,18,0.000,0.000,,,,,NVIDIA A100-SXM4-40GB MIG 4g.20gb (0),1,,13,cupy_copy__float32_float32
3396423693,86879,185280,1,1,1,32,32,1,30,0.000,0.000,,,,,NVIDIA A100-SXM4-40GB MIG 4g.20gb (0),1,,13,"void convert_kernel<__half2, float2>(tensor_layout_any, T1 *, tensor_layout_any, const T2 *)"
3396537899,5440,185283,,,,,,,,,,0.094,17223.480,Pinned,Device,NVIDIA A100-SXM4-40GB MIG 4g.20gb (0),1,,13,[CUDA memcpy Host-to-Device]
3396553387,3328,185284,,,,,,,,,,1.547,464729.580,Device,,NVIDIA A100-SXM4-40GB MIG 4g.20gb (0),1,,13,[CUDA memset]
3396559211,2976,185289,,,,,,,,,,0.031,10516.113,Pinned,Device,NVIDIA A100-SXM4-40GB MIG 4g.20gb (0),1,,13,[CUDA memcpy Host-to-Device]
3396564651,9632,185290,,,,,,,,,,0.197,20411.843,Pinned,Device,NVIDIA A100-SXM4-40GB MIG 4g.20gb (0),1,,13,[CUDA memcpy Host-to-Device]
3396579403,7936,185291,273,1,1,8,4,1,39,0.002,0.000,,,,,NVIDIA A100-SXM4-40GB MIG 4g.20gb (0),1,,13,"void channel_eq::eqMmseCoefCompLowMimoKernel<float, float, float, (unsigned int)4, (unsigned int)1, (unsigned int)4>(const channel_eq::_puschRxChEqStatDescr *, channel_eq::_puschRxChEqCoefCompDynDescr)"
3396589291,5984,185292,273,1,1,12,11,1,51,0.002,0.000,,,,,NVIDIA A100-SXM4-40GB MIG 4g.20gb (0),1,,13,"void channel_eq::eqMmseSoftDemapKernel<float, __half, __half, float, (unsigned int)4, (unsigned short)16383>(channel_eq::_puschRxChEqStatDescr *, channel_eq::_puschRxChEqSoftDemapDynDescr)"
3396598091,294716,185293,1,1,1,32,32,1,30,0.000,0.000,,,,,NVIDIA A100-SXM4-40GB MIG 4g.20gb (0),1,,13,"void convert_kernel<float2, __half2>(tensor_layout_any, T1 *, tensor_layout_any, const T2 *)"
3396893767,11008,185305,2253,1,1,128,1,1,16,0.000,0.000,,,,,NVIDIA A100-SXM4-40GB MIG 4g.20gb (0),1,,13,cupy_copy__float16_float16
3396908071,3136,185314,282,1,1,128,1,1,16,0.000,0.000,,,,,NVIDIA A100-SXM4-40GB MIG 4g.20gb (0),1,,13,cupy_copy__complex64_complex64
3396914183,2080,185323,26,1,1,128,1,1,16,0.000,0.000,,,,,NVIDIA A100-SXM4-40GB MIG 4g.20gb (0),1,,13,cupy_copy__float32_float32
3396918855,3040,185332,103,1,1,128,1,1,16,0.000,0.000,,,,,NVIDIA A100-SXM4-40GB MIG 4g.20gb (0),1,,13,cupy_copy__complex64_complex64
3396923271,12319,185342,1434,1,1,128,1,1,16,0.000,0.000,,,,,NVIDIA A100-SXM4-40GB MIG 4g.20gb (0),1,,13,cupy_copy__complex64_complex64
3396936870,81567,185347,1,1,1,32,32,1,30,0.000,0.000,,,,,NVIDIA A100-SXM4-40GB MIG 4g.20gb (0),1,,13,"void convert_kernel<__half2, float2>(tensor_layout_any, T1 *, tensor_layout_any, const T2 *)"
3397045637,5408,185350,,,,,,,,,,0.094,17325.421,Pinned,Device,NVIDIA A100-SXM4-40GB MIG 4g.20gb (0),1,,13,[CUDA memcpy Host-to-Device]
3397057061,601016,185351,,,,,,,,,,456.561,759261.675,Device,,NVIDIA A100-SXM4-40GB MIG 4g.20gb (0),1,,13,[CUDA memset]
3397662461,68544,185356,,,,,,,,,,1.235,18016.598,Pinned,Device,NVIDIA A100-SXM4-40GB MIG 4g.20gb (0),1,,13,[CUDA memcpy Host-to-Device]
3397735196,14752,185357,,,,,,,,,,0.197,13327.466,Pinned,Device,NVIDIA A100-SXM4-40GB MIG 4g.20gb (0),1,,13,[CUDA memcpy Host-to-Device]
3397755516,8640,185358,69,4,1,48,1,1,76,0.002,0.000,,,,,NVIDIA A100-SXM4-40GB MIG 4g.20gb (0),1,,13,"void ch_est::windowedChEstPreNoDftSOfdmKernel<float, __half, float, (unsigned int)2, (unsigned int)1, (unsigned short)4>(ch_est::puschRxChEstStatDescr_t *, ch_est::puschRxChEstDynDescr_t *)"
3397770716,6400,185359,137,2,1,24,2,1,44,0.001,0.001,,,,,NVIDIA A100-SXM4-40GB MIG 4g.20gb (0),1,,13,"void ch_est::chEstFilterNoDftSOfdmDispatchKernel<float, __half, float, (unsigned int)2>(ch_est::puschRxChEstStatDescr_t *, ch_est::puschRxChEstDynDescr_t *)"
3397779772,5504,185360,137,2,1,24,2,1,44,0.001,0.001,,,,,NVIDIA A100-SXM4-40GB MIG 4g.20gb (0),1,,13,"void ch_est::chEstFilterNoDftSOfdmDispatchKernel<float, __half, float, (unsigned int)2>(ch_est::puschRxChEstStatDescr_t *, ch_est::puschRxChEstDynDescr_t *)"
3397790812,2528,185371,103,1,1,128,1,1,16,0.000,0.000,,,,,NVIDIA A100-SXM4-40GB MIG 4g.20gb (0),1,,13,cupy_copy__complex64_complex64
3397797404,12448,185381,1434,1,1,128,1,1,16,0.000,0.000,,,,,NVIDIA A100-SXM4-40GB MIG 4g.20gb (0),1,,13,cupy_copy__complex64_complex64
3397812156,2943,185388,103,1,1,128,1,1,16,0.000,0.000,,,,,NVIDIA A100-SXM4-40GB MIG 4g.20gb (0),1,,13,cupy_copy__complex64_complex64
3397818747,84287,185395,1,1,1,32,32,1,30,0.000,0.000,,,,,NVIDIA A100-SXM4-40GB MIG 4g.20gb (0),1,,13,"void convert_kernel<__half2, float2>(tensor_layout_any, T1 *, tensor_layout_any, const T2 *)"
3397933146,9856,185398,,,,,,,,,,0.094,9506.490,Pinned,Device,NVIDIA A100-SXM4-40GB MIG 4g.20gb (0),1,,13,[CUDA memcpy Host-to-Device]
3397948762,48607,185399,,,,,,,,,,35.810,736717.484,Device,,NVIDIA A100-SXM4-40GB MIG 4g.20gb (0),1,,13,[CUDA memset]
3398004665,3616,185401,,,,,,,,,,0.000,22.124,Pinned,Device,NVIDIA A100-SXM4-40GB MIG 4g.20gb (0),1,,13,[CUDA memcpy Host-to-Device]
3398011161,14304,185402,,,,,,,,,,0.197,13744.865,Pinned,Device,NVIDIA A100-SXM4-40GB MIG 4g.20gb (0),1,,13,[CUDA memcpy Host-to-Device]
3398033401,10656,185403,273,1,1,48,1,1,40,0.000,0.001,,,,,NVIDIA A100-SXM4-40GB MIG 4g.20gb (0),1,,13,"void pusch_noise_intf_est::noiseIntfEstNoDftSOfdmKernel<float, __half, float, float, (unsigned int)2, (unsigned int)1, (unsigned char)4, (unsigned char)4>(pusch_noise_intf_est::puschRxNoiseIntfEstDynDescr)"
3398048537,2752,185414,35,1,1,128,1,1,16,0.000,0.000,,,,,NVIDIA A100-SXM4-40GB MIG 4g.20gb (0),1,,13,cupy_copy__complex64_complex64
3398054681,1727,185423,1,1,1,1,1,1,18,0.000,0.000,,,,,NVIDIA A100-SXM4-40GB MIG 4g.20gb (0),1,,13,cupy_copy__float32_float32
3398082744,1856,185429,,,,,,,,,,0.000,2.155,Device,Pageable,NVIDIA A100-SXM4-40GB MIG 4g.20gb (0),1,,7,[CUDA memcpy Device-to-Host]
3398144631,12704,185440,1434,1,1,128,1,1,16,0.000,0.000,,,,,NVIDIA A100-SXM4-40GB MIG 4g.20gb (0),1,,13,cupy_copy__complex64_complex64
3398172599,2880,185447,103,1,1,128,1,1,16,0.000,0.000,,,,,NVIDIA A100-SXM4-40GB MIG 4g.20gb (0),1,,13,cupy_copy__complex64_complex64
3398190935,2560,185454,35,1,1,128,1,1,16,0.000,0.000,,,,,NVIDIA A100-SXM4-40GB MIG 4g.20gb (0),1,,13,cupy_copy__complex64_complex64
3398209591,1888,185461,1,1,1,1,1,1,18,0.000,0.000,,,,,NVIDIA A100-SXM4-40GB MIG 4g.20gb (0),1,,13,cupy_copy__float32_float32
3398341173,88031,185472,1,1,1,32,32,1,30,0.000,0.000,,,,,NVIDIA A100-SXM4-40GB MIG 4g.20gb (0),1,,13,"void convert_kernel<__half2, float2>(tensor_layout_any, T1 *, tensor_layout_any, const T2 *)"
3398456180,5439,185475,,,,,,,,,,0.094,17226.665,Pinned,Device,NVIDIA A100-SXM4-40GB MIG 4g.20gb (0),1,,13,[CUDA memcpy Host-to-Device]
3398470675,3072,185476,,,,,,,,,,1.547,503457.044,Device,,NVIDIA A100-SXM4-40GB MIG 4g.20gb (0),1,,13,[CUDA memset]
3398479155,3008,185481,,,,,,,,,,0.031,10404.230,Pinned,Device,NVIDIA A100-SXM4-40GB MIG 4g.20gb (0),1,,13,[CUDA memcpy Host-to-Device]
3398484691,9344,185482,,,,,,,,,,0.197,21040.988,Pinned,Device,NVIDIA A100-SXM4-40GB MIG 4g.20gb (0),1,,13,[CUDA memcpy Host-to-Device]
3398498387,5856,185483,273,1,1,8,4,1,39,0.002,0.000,,,,,NVIDIA A100-SXM4-40GB MIG 4g.20gb (0),1,,13,"void channel_eq::eqMmseCoefCompLowMimoKernel<float, float, float, (unsigned int)4, (unsigned int)1, (unsigned int)4>(const channel_eq::_puschRxChEqStatDescr *, channel_eq::_puschRxChEqCoefCompDynDescr)"
3398506899,6272,185484,273,1,1,12,11,1,51,0.002,0.000,,,,,NVIDIA A100-SXM4-40GB MIG 4g.20gb (0),1,,13,"void channel_eq::eqMmseSoftDemapKernel<float, __half, __half, float, (unsigned int)4, (unsigned short)16383>(channel_eq::_puschRxChEqStatDescr *, channel_eq::_puschRxChEqSoftDemapDynDescr)"
3398514259,295004,185485,1,1,1,32,32,1,30,0.000,0.000,,,,,NVIDIA A100-SXM4-40GB MIG 4g.20gb (0),1,,13,"void convert_kernel<float2, __half2>(tensor_layout_any, T1 *, tensor_layout_any, const T2 *)"
3398810287,10848,185497,2253,1,1,128,1,1,16,0.000,0.000,,,,,NVIDIA A100-SXM4-40GB MIG 4g.20gb (0),1,,13,cupy_copy__float16_float16
3398823023,3104,185506,282,1,1,128,1,1,16,0.000,0.000,,,,,NVIDIA A100-SXM4-40GB MIG 4g.20gb (0),1,,13,cupy_copy__complex64_complex64
3398827855,2272,185515,26,1,1,128,1,1,16,0.000,0.000,,,,,NVIDIA A100-SXM4-40GB MIG 4g.20gb (0),1,,13,cupy_copy__float32_float32
3398831471,3200,185524,103,1,1,128,1,1,16,0.000,0.000,,,,,NVIDIA A100-SXM4-40GB MIG 4g.20gb (0),1,,13,cupy_copy__complex64_complex64
3398836239,11872,185534,1434,1,1,128,1,1,16,0.000,0.000,,,,,NVIDIA A100-SXM4-40GB MIG 4g.20gb (0),1,,13,cupy_copy__complex64_complex64
3398851087,82943,185539,1,1,1,32,32,1,30,0.000,0.000,,,,,NVIDIA A100-SXM4-40GB MIG 4g.20gb (0),1,,13,"void convert_kernel<__half2, float2>(tensor_layout_any, T1 *, tensor_layout_any, const T2 *)"
3398962253,5376,185542,,,,,,,,,,0.094,17428.487,Pinned,Device,NVIDIA A100-SXM4-40GB MIG 4g.20gb (0),1,,13,[CUDA memcpy Host-to-Device]
3398973229,605337,185543,,,,,,,,,,456.561,753782.937,Device,,NVIDIA A100-SXM4-40GB MIG 4g.20gb (0),1,,13,[CUDA memset]
3399583334,69759,185548,,,,,,,,,,1.235,17702.922,Pinned,Device,NVIDIA A100-SXM4-40GB MIG 4g.20gb (0),1,,13,[CUDA memcpy Host-to-Device]
3399656549,14368,185549,,,,,,,,,,0.197,13683.720,Pinned,Device,NVIDIA A100-SXM4-40GB MIG 4g.20gb (0),1,,13,[CUDA memcpy Host-to-Device]
3399680740,8256,185550,69,4,1,48,1,1,76,0.002,0.000,,,,,NVIDIA A100-SXM4-40GB MIG 4g.20gb (0),1,,13,"void ch_est::windowedChEstPreNoDftSOfdmKernel<float, __half, float, (unsigned int)2, (unsigned int)1, (unsigned short)4>(ch_est::puschRxChEstStatDescr_t *, ch_est::puschRxChEstDynDescr_t *)"
3399692100,7072,185551,137,2,1,24,2,1,44,0.001,0.001,,,,,NVIDIA A100-SXM4-40GB MIG 4g.20gb (0),1,,13,"void ch_est::chEstFilterNoDftSOfdmDispatchKernel<float, __half, float, (unsigned int)2>(ch_est::puschRxChEstStatDescr_t *, ch_est::puschRxChEstDynDescr_t *)"
3399701284,6560,185552,137,2,1,24,2,1,44,0.001,0.001,,,,,NVIDIA A100-SXM4-40GB MIG 4g.20gb (0),1,,13,"void ch_est::chEstFilterNoDftSOfdmDispatchKernel<float, __half, float, (unsigned int)2>(ch_est::puschRxChEstStatDescr_t *, ch_est::puschRxChEstDynDescr_t *)"
3399712484,2784,185563,103,1,1,128,1,1,16,0.000,0.000,,,,,NVIDIA A100-SXM4-40GB MIG 4g.20gb (0),1,,13,cupy_copy__complex64_complex64
3399717444,12448,185573,1434,1,1,128,1,1,16,0.000,0.000,,,,,NVIDIA A100-SXM4-40GB MIG 4g.20gb (0),1,,13,cupy_copy__complex64_complex64
3399735428,3168,185580,103,1,1,128,1,1,16,0.000,0.000,,,,,NVIDIA A100-SXM4-40GB MIG 4g.20gb (0),1,,13,cupy_copy__complex64_complex64
3399741636,92287,185587,1,1,1,32,32,1,30,0.000,0.000,,,,,NVIDIA A100-SXM4-40GB MIG 4g.20gb (0),1,,13,"void convert_kernel<__half2, float2>(tensor_layout_any, T1 *, tensor_layout_any, const T2 *)"
3399861794,9536,185590,,,,,,,,,,0.094,9825.431,Pinned,Device,NVIDIA A100-SXM4-40GB MIG 4g.20gb (0),1,,13,[CUDA memcpy Host-to-Device]
3399877666,47967,185591,,,,,,,,,,35.810,746529.402,Device,,NVIDIA A100-SXM4-40GB MIG 4g.20gb (0),1,,13,[CUDA memset]
3399930369,2272,185593,,,,,,,,,,0.000,35.211,Pinned,Device,NVIDIA A100-SXM4-40GB MIG 4g.20gb (0),1,,13,[CUDA memcpy Host-to-Device]
3399937121,12192,185594,,,,,,,,,,0.197,16125.788,Pinned,Device,NVIDIA A100-SXM4-40GB MIG 4g.20gb (0),1,,13,[CUDA memcpy Host-to-Device]
3399954945,9632,185595,273,1,1,48,1,1,40,0.000,0.001,,,,,NVIDIA A100-SXM4-40GB MIG 4g.20gb (0),1,,13,"void pusch_noise_intf_est::noiseIntfEstNoDftSOfdmKernel<float, __half, float, float, (unsigned int)2, (unsigned int)1, (unsigned char)4, (unsigned char)4>(pusch_noise_intf_est::puschRxNoiseIntfEstDynDescr)"
3399971617,3168,185606,35,1,1,128,1,1,16,0.000,0.000,,,,,NVIDIA A100-SXM4-40GB MIG 4g.20gb (0),1,,13,cupy_copy__complex64_complex64
3399985377,1888,185615,1,1,1,1,1,1,18,0.000,0.000,,,,,NVIDIA A100-SXM4-40GB MIG 4g.20gb (0),1,,13,cupy_copy__float32_float32
3400014176,1728,185621,,,,,,,,,,0.000,2.315,Device,Pageable,NVIDIA A100-SXM4-40GB MIG 4g.20gb (0),1,,7,[CUDA memcpy Device-to-Host]
3400073760,12767,185632,1434,1,1,128,1,1,16,0.000,0.000,,,,,NVIDIA A100-SXM4-40GB MIG 4g.20gb (0),1,,13,cupy_copy__complex64_complex64
3400101375,3520,185639,103,1,1,128,1,1,16,0.000,0.000,,,,,NVIDIA A100-SXM4-40GB MIG 4g.20gb (0),1,,13,cupy_copy__complex64_complex64
3400121055,2496,185646,35,1,1,128,1,1,16,0.000,0.000,,,,,NVIDIA A100-SXM4-40GB MIG 4g.20gb (0),1,,13,cupy_copy__complex64_complex64
3400138591,1792,185653,1,1,1,1,1,1,18,0.000,0.000,,,,,NVIDIA A100-SXM4-40GB MIG 4g.20gb (0),1,,13,cupy_copy__float32_float32
3400269309,87615,185664,1,1,1,32,32,1,30,0.000,0.000,,,,,NVIDIA A100-SXM4-40GB MIG 4g.20gb (0),1,,13,"void convert_kernel<__half2, float2>(tensor_layout_any, T1 *, tensor_layout_any, const T2 *)"
3400384924,5760,185667,,,,,,,,,,0.094,16266.656,Pinned,Device,NVIDIA A100-SXM4-40GB MIG 4g.20gb (0),1,,13,[CUDA memcpy Host-to-Device]
3400401724,3263,185668,,,,,,,,,,1.547,473987.671,Device,,NVIDIA A100-SXM4-40GB MIG 4g.20gb (0),1,,13,[CUDA memset]
3400408827,3328,185673,,,,,,,,,,0.031,9403.822,Pinned,Device,NVIDIA A100-SXM4-40GB MIG 4g.20gb (0),1,,13,[CUDA memcpy Host-to-Device]
3400414555,9376,185674,,,,,,,,,,0.197,20969.226,Pinned,Device,NVIDIA A100-SXM4-40GB MIG 4g.20gb (0),1,,13,[CUDA memcpy Host-to-Device]
3400429691,6592,185675,273,1,1,8,4,1,39,0.002,0.000,,,,,NVIDIA A100-SXM4-40GB MIG 4g.20gb (0),1,,13,"void channel_eq::eqMmseCoefCompLowMimoKernel<float, float, float, (unsigned int)4, (unsigned int)1, (unsigned int)4>(const channel_eq::_puschRxChEqStatDescr *, channel_eq::_puschRxChEqCoefCompDynDescr)"
3400437371,5536,185676,273,1,1,12,11,1,51,0.002,0.000,,,,,NVIDIA A100-SXM4-40GB MIG 4g.20gb (0),1,,13,"void channel_eq::eqMmseSoftDemapKernel<float, __half, __half, float, (unsigned int)4, (unsigned short)16383>(channel_eq::_puschRxChEqStatDescr *, channel_eq::_puschRxChEqSoftDemapDynDescr)"
3400443835,281437,185677,1,1,1,32,32,1,30,0.000,0.000,,,,,NVIDIA A100-SXM4-40GB MIG 4g.20gb (0),1,,13,"void convert_kernel<float2, __half2>(tensor_layout_any, T1 *, tensor_layout_any, const T2 *)"
3400726423,10944,185689,2253,1,1,128,1,1,16,0.000,0.000,,,,,NVIDIA A100-SXM4-40GB MIG 4g.20gb (0),1,,13,cupy_copy__float16_float16
3400739127,3232,185698,282,1,1,128,1,1,16,0.000,0.000,,,,,NVIDIA A100-SXM4-40GB MIG 4g.20gb (0),1,,13,cupy_copy__complex64_complex64
3400743543,2048,185707,26,1,1,128,1,1,16,0.000,0.000,,,,,NVIDIA A100-SXM4-40GB MIG 4g.20gb (0),1,,13,cupy_copy__float32_float32
3400747351,4608,185716,103,1,1,128,1,1,16,0.000,0.000,,,,,NVIDIA A100-SXM4-40GB MIG 4g.20gb (0),1,,13,cupy_copy__complex64_complex64
3400752983,12384,185726,1434,1,1,128,1,1,16,0.000,0.000,,,,,NVIDIA A100-SXM4-40GB MIG 4g.20gb (0),1,,13,cupy_copy__complex64_complex64
3400775287,82143,185731,1,1,1,32,32,1,30,0.000,0.000,,,,,NVIDIA A100-SXM4-40GB MIG 4g.20gb (0),1,,13,"void convert_kernel<__half2, float2>(tensor_layout_any, T1 *, tensor_layout_any, const T2 *)"
3400884118,5407,185734,,,,,,,,,,0.094,17328.607,Pinned,Device,NVIDIA A100-SXM4-40GB MIG 4g.20gb (0),1,,13,[CUDA memcpy Host-to-Device]
3400894261,603065,185735,,,,,,,,,,456.561,756978.868,Device,,NVIDIA A100-SXM4-40GB MIG 4g.20gb (0),1,,13,[CUDA memset]
3401501262,72831,185740,,,,,,,,,,1.235,16955.781,Pinned,Device,NVIDIA A100-SXM4-40GB MIG 4g.20gb (0),1,,13,[CUDA memcpy Host-to-Device]
3401578445,15232,185741,,,,,,,,,,0.197,12907.512,Pinned,Device,NVIDIA A100-SXM4-40GB MIG 4g.20gb (0),1,,13,[CUDA memcpy Host-to-Device]
3401602765,8736,185742,69,4,1,48,1,1,76,0.002,0.000,,,,,NVIDIA A100-SXM4-40GB MIG 4g.20gb (0),1,,13,"void ch_est::windowedChEstPreNoDftSOfdmKernel<float, __half, float, (unsigned int)2, (unsigned int)1, (unsigned short)4>(ch_est::puschRxChEstStatDescr_t *, ch_est::puschRxChEstDynDescr_t *)"
3401613965,7135,185743,137,2,1,24,2,1,44,0.001,0.001,,,,,NVIDIA A100-SXM4-40GB MIG 4g.20gb (0),1,,13,"void ch_est::chEstFilterNoDftSOfdmDispatchKernel<float, __half, float, (unsigned int)2>(ch_est::puschRxChEstStatDescr_t *, ch_est::puschRxChEstDynDescr_t *)"
3401623884,5312,185744,137,2,1,24,2,1,44,0.001,0.001,,,,,NVIDIA A100-SXM4-40GB MIG 4g.20gb (0),1,,13,"void ch_est::chEstFilterNoDftSOfdmDispatchKernel<float, __half, float, (unsigned int)2>(ch_est::puschRxChEstStatDescr_t *, ch_est::puschRxChEstDynDescr_t *)"
3401634092,2720,185755,103,1,1,128,1,1,16,0.000,0.000,,,,,NVIDIA A100-SXM4-40GB MIG 4g.20gb (0),1,,13,cupy_copy__complex64_complex64
3401640140,12448,185765,1434,1,1,128,1,1,16,0.000,0.000,,,,,NVIDIA A100-SXM4-40GB MIG 4g.20gb (0),1,,13,cupy_copy__complex64_complex64
3401656172,2528,185772,103,1,1,128,1,1,16,0.000,0.000,,,,,NVIDIA A100-SXM4-40GB MIG 4g.20gb (0),1,,13,cupy_copy__complex64_complex64
3401663436,93023,185779,1,1,1,32,32,1,30,0.000,0.000,,,,,NVIDIA A100-SXM4-40GB MIG 4g.20gb (0),1,,13,"void convert_kernel<__half2, float2>(tensor_layout_any, T1 *, tensor_layout_any, const T2 *)"
3401784490,9600,185782,,,,,,,,,,0.094,9759.938,Pinned,Device,NVIDIA A100-SXM4-40GB MIG 4g.20gb (0),1,,13,[CUDA memcpy Host-to-Device]
3401799434,46880,185783,,,,,,,,,,35.810,763861.404,Device,,NVIDIA A100-SXM4-40GB MIG 4g.20gb (0),1,,13,[CUDA memset]
3401852266,3488,185785,,,,,,,,,,0.000,22.936,Pinned,Device,NVIDIA A100-SXM4-40GB MIG 4g.20gb (0),1,,13,[CUDA memcpy Host-to-Device]
3401859273,11776,185786,,,,,,,,,,0.197,16695.558,Pinned,Device,NVIDIA A100-SXM4-40GB MIG 4g.20gb (0),1,,13,[CUDA memcpy Host-to-Device]
3401879657,10944,185787,273,1,1,48,1,1,40,0.000,0.001,,,,,NVIDIA A100-SXM4-40GB MIG 4g.20gb (0),1,,13,"void pusch_noise_intf_est::noiseIntfEstNoDftSOfdmKernel<float, __half, float, float, (unsigned int)2, (unsigned int)1, (unsigned char)4, (unsigned char)4>(pusch_noise_intf_est::puschRxNoiseIntfEstDynDescr)"
3401893513,2976,185798,35,1,1,128,1,1,16,0.000,0.000,,,,,NVIDIA A100-SXM4-40GB MIG 4g.20gb (0),1,,13,cupy_copy__complex64_complex64
3401905289,2048,185807,1,1,1,1,1,1,18,0.000,0.000,,,,,NVIDIA A100-SXM4-40GB MIG 4g.20gb (0),1,,13,cupy_copy__float32_float32
3401936105,1600,185813,,,,,,,,,,0.000,2.500,Device,Pageable,NVIDIA A100-SXM4-40GB MIG 4g.20gb (0),1,,7,[CUDA memcpy Device-to-Host]
3401997704,12640,185824,1434,1,1,128,1,1,16,0.000,0.000,,,,,NVIDIA A100-SXM4-40GB MIG 4g.20gb (0),1,,13,cupy_copy__complex64_complex64
3402023559,2688,185831,103,1,1,128,1,1,16,0.000,0.000,,,,,NVIDIA A100-SXM4-40GB MIG 4g.20gb (0),1,,13,cupy_copy__complex64_complex64
3402042983,2400,185838,35,1,1,128,1,1,16,0.000,0.000,,,,,NVIDIA A100-SXM4-40GB MIG 4g.20gb (0),1,,13,cupy_copy__complex64_complex64
3402061063,1824,185845,1,1,1,1,1,1,18,0.000,0.000,,,,,NVIDIA A100-SXM4-40GB MIG 4g.20gb (0),1,,13,cupy_copy__float32_float32
3402191493,81535,185856,1,1,1,32,32,1,30,0.000,0.000,,,,,NVIDIA A100-SXM4-40GB MIG 4g.20gb (0),1,,13,"void convert_kernel<__half2, float2>(tensor_layout_any, T1 *, tensor_layout_any, const T2 *)"
3402300612,5536,185859,,,,,,,,,,0.094,16924.777,Pinned,Device,NVIDIA A100-SXM4-40GB MIG 4g.20gb (0),1,,13,[CUDA memcpy Host-to-Device]
3402315908,3584,185860,,,,,,,,,,1.547,431534.389,Device,,NVIDIA A100-SXM4-40GB MIG 4g.20gb (0),1,,13,[CUDA memset]
3402321924,3040,185865,,,,,,,,,,0.031,10294.725,Pinned,Device,NVIDIA A100-SXM4-40GB MIG 4g.20gb (0),1,,13,[CUDA memcpy Host-to-Device]
3402327204,9568,185866,,,,,,,,,,0.197,20548.485,Pinned,Device,NVIDIA A100-SXM4-40GB MIG 4g.20gb (0),1,,13,[CUDA memcpy Host-to-Device]
3402342340,6335,185867,273,1,1,8,4,1,39,0.002,0.000,,,,,NVIDIA A100-SXM4-40GB MIG 4g.20gb (0),1,,13,"void channel_eq::eqMmseCoefCompLowMimoKernel<float, float, float, (unsigned int)4, (unsigned int)1, (unsigned int)4>(const channel_eq::_puschRxChEqStatDescr *, channel_eq::_puschRxChEqCoefCompDynDescr)"
3402351587,5888,185868,273,1,1,12,11,1,51,0.002,0.000,,,,,NVIDIA A100-SXM4-40GB MIG 4g.20gb (0),1,,13,"void channel_eq::eqMmseSoftDemapKernel<float, __half, __half, float, (unsigned int)4, (unsigned short)16383>(channel_eq::_puschRxChEqStatDescr *, channel_eq::_puschRxChEqSoftDemapDynDescr)"
3402359939,294685,185869,1,1,1,32,32,1,30,0.000,0.000,,,,,NVIDIA A100-SXM4-40GB MIG 4g.20gb (0),1,,13,"void convert_kernel<float2, __half2>(tensor_layout_any, T1 *, tensor_layout_any, const T2 *)"
3402655936,10879,185881,2253,1,1,128,1,1,16,0.000,0.000,,,,,NVIDIA A100-SXM4-40GB MIG 4g.20gb (0),1,,13,cupy_copy__float16_float16
3402668799,3200,185890,282,1,1,128,1,1,16,0.000,0.000,,,,,NVIDIA A100-SXM4-40GB MIG 4g.20gb (0),1,,13,cupy_copy__complex64_complex64
3402673119,2016,185899,26,1,1,128,1,1,16,0.000,0.000,,,,,NVIDIA A100-SXM4-40GB MIG 4g.20gb (0),1,,13,cupy_copy__float32_float32
3402676511,2912,185908,103,1,1,128,1,1,16,0.000,0.000,,,,,NVIDIA A100-SXM4-40GB MIG 4g.20gb (0),1,,13,cupy_copy__complex64_complex64
3402680351,11872,185918,1434,1,1,128,1,1,16,0.000,0.000,,,,,NVIDIA A100-SXM4-40GB MIG 4g.20gb (0),1,,13,cupy_copy__complex64_complex64
3402696031,84863,185923,1,1,1,32,32,1,30,0.000,0.000,,,,,NVIDIA A100-SXM4-40GB MIG 4g.20gb (0),1,,13,"void convert_kernel<__half2, float2>(tensor_layout_any, T1 *, tensor_layout_any, const T2 *)"
3402807518,5440,185926,,,,,,,,,,0.094,17223.480,Pinned,Device,NVIDIA A100-SXM4-40GB MIG 4g.20gb (0),1,,13,[CUDA memcpy Host-to-Device]
3402818110,604184,185927,,,,,,,,,,456.561,755609.183,Device,,NVIDIA A100-SXM4-40GB MIG 4g.20gb (0),1,,13,[CUDA memset]
3403427382,70719,185932,,,,,,,,,,1.235,17462.108,Pinned,Device,NVIDIA A100-SXM4-40GB MIG 4g.20gb (0),1,,13,[CUDA memcpy Host-to-Device]
3403502069,14016,185933,,,,,,,,,,0.197,14027.391,Pinned,Device,NVIDIA A100-SXM4-40GB MIG 4g.20gb (0),1,,13,[CUDA memcpy Host-to-Device]
3403522997,7904,185934,69,4,1,48,1,1,76,0.002,0.000,,,,,NVIDIA A100-SXM4-40GB MIG 4g.20gb (0),1,,13,"void ch_est::windowedChEstPreNoDftSOfdmKernel<float, __half, float, (unsigned int)2, (unsigned int)1, (unsigned short)4>(ch_est::puschRxChEstStatDescr_t *, ch_est::puschRxChEstDynDescr_t *)"
3403534389,6336,185935,137,2,1,24,2,1,44,0.001,0.001,,,,,NVIDIA A100-SXM4-40GB MIG 4g.20gb (0),1,,13,"void ch_est::chEstFilterNoDftSOfdmDispatchKernel<float, __half, float, (unsigned int)2>(ch_est::puschRxChEstStatDescr_t *, ch_est::puschRxChEstDynDescr_t *)"
3403544117,5152,185936,137,2,1,24,2,1,44,0.001,0.001,,,,,NVIDIA A100-SXM4-40GB MIG 4g.20gb (0),1,,13,"void ch_est::chEstFilterNoDftSOfdmDispatchKernel<float, __half, float, (unsigned int)2>(ch_est::puschRxChEstStatDescr_t *, ch_est::puschRxChEstDynDescr_t *)"
3403556756,2560,185947,103,1,1,128,1,1,16,0.000,0.000,,,,,NVIDIA A100-SXM4-40GB MIG 4g.20gb (0),1,,13,cupy_copy__complex64_complex64
3403563348,12704,185957,1434,1,1,128,1,1,16,0.000,0.000,,,,,NVIDIA A100-SXM4-40GB MIG 4g.20gb (0),1,,13,cupy_copy__complex64_complex64
3403583316,2688,185964,103,1,1,128,1,1,16,0.000,0.000,,,,,NVIDIA A100-SXM4-40GB MIG 4g.20gb (0),1,,13,cupy_copy__complex64_complex64
3403591700,83583,185971,1,1,1,32,32,1,30,0.000,0.000,,,,,NVIDIA A100-SXM4-40GB MIG 4g.20gb (0),1,,13,"void convert_kernel<__half2, float2>(tensor_layout_any, T1 *, tensor_layout_any, const T2 *)"
3403704819,8000,185974,,,,,,,,,,0.094,11712.000,Pinned,Device,NVIDIA A100-SXM4-40GB MIG 4g.20gb (0),1,,13,[CUDA memcpy Host-to-Device]
3403720498,47360,185975,,,,,,,,,,35.810,756090.651,Device,,NVIDIA A100-SXM4-40GB MIG 4g.20gb (0),1,,13,[CUDA memset]
3403769906,3488,185977,,,,,,,,,,0.000,22.936,Pinned,Device,NVIDIA A100-SXM4-40GB MIG 4g.20gb (0),1,,13,[CUDA memcpy Host-to-Device]
3403777906,11360,185978,,,,,,,,,,0.197,17307.009,Pinned,Device,NVIDIA A100-SXM4-40GB MIG 4g.20gb (0),1,,13,[CUDA memcpy Host-to-Device]
3403799505,10048,185979,273,1,1,48,1,1,40,0.000,0.001,,,,,NVIDIA A100-SXM4-40GB MIG 4g.20gb (0),1,,13,"void pusch_noise_intf_est::noiseIntfEstNoDftSOfdmKernel<float, __half, float, float, (unsigned int)2, (unsigned int)1, (unsigned char)4, (unsigned char)4>(pusch_noise_intf_est::puschRxNoiseIntfEstDynDescr)"
3403814065,2944,185990,35,1,1,128,1,1,16,0.000,0.000,,,,,NVIDIA A100-SXM4-40GB MIG 4g.20gb (0),1,,13,cupy_copy__complex64_complex64
3403822929,1920,185999,1,1,1,1,1,1,18,0.000,0.000,,,,,NVIDIA A100-SXM4-40GB MIG 4g.20gb (0),1,,13,cupy_copy__float32_float32
3403853265,2016,186005,,,,,,,,,,0.000,1.984,Device,Pageable,NVIDIA A100-SXM4-40GB MIG 4g.20gb (0),1,,7,[CUDA memcpy Device-to-Host]
3403914416,13152,186016,1434,1,1,128,1,1,16,0.000,0.000,,,,,NVIDIA A100-SXM4-40GB MIG 4g.20gb (0),1,,13,cupy_copy__complex64_complex64
3403940080,2912,186023,103,1,1,128,1,1,16,0.000,0.000,,,,,NVIDIA A100-SXM4-40GB MIG 4g.20gb (0),1,,13,cupy_copy__complex64_complex64
3403960624,2591,186030,35,1,1,128,1,1,16,0.000,0.000,,,,,NVIDIA A100-SXM4-40GB MIG 4g.20gb (0),1,,13,cupy_copy__complex64_complex64
3403979983,1792,186037,1,1,1,1,1,1,18,0.000,0.000,,,,,NVIDIA A100-SXM4-40GB MIG 4g.20gb (0),1,,13,cupy_copy__float32_float32
3404111726,82591,186048,1,1,1,32,32,1,30,0.000,0.000,,,,,NVIDIA A100-SXM4-40GB MIG 4g.20gb (0),1,,13,"void convert_kernel<__half2, float2>(tensor_layout_any, T1 *, tensor_layout_any, const T2 *)"
3404221772,5408,186051,,,,,,,,,,0.094,17325.421,Pinned,Device,NVIDIA A100-SXM4-40GB MIG 4g.20gb (0),1,,13,[CUDA memcpy Host-to-Device]
3404236588,3040,186052,,,,,,,,,,1.547,508757.325,Device,,NVIDIA A100-SXM4-40GB MIG 4g.20gb (0),1,,13,[CUDA memset]
3404243148,3008,186057,,,,,,,,,,0.031,10404.230,Pinned,Device,NVIDIA A100-SXM4-40GB MIG 4g.20gb (0),1,,13,[CUDA memcpy Host-to-Device]
3404248588,9600,186058,,,,,,,,,,0.197,20479.869,Pinned,Device,NVIDIA A100-SXM4-40GB MIG 4g.20gb (0),1,,13,[CUDA memcpy Host-to-Device]
3404262540,6336,186059,273,1,1,8,4,1,39,0.002,0.000,,,,,NVIDIA A100-SXM4-40GB MIG 4g.20gb (0),1,,13,"void channel_eq::eqMmseCoefCompLowMimoKernel<float, float, float, (unsigned int)4, (unsigned int)1, (unsigned int)4>(const channel_eq::_puschRxChEqStatDescr *, channel_eq::_puschRxChEqCoefCompDynDescr)"
3404269804,6208,186060,273,1,1,12,11,1,51,0.002,0.000,,,,,NVIDIA A100-SXM4-40GB MIG 4g.20gb (0),1,,13,"void channel_eq::eqMmseSoftDemapKernel<float, __half, __half, float, (unsigned int)4, (unsigned short)16383>(channel_eq::_puschRxChEqStatDescr *, channel_eq::_puschRxChEqSoftDemapDynDescr)"
3404277036,283004,186061,1,1,1,32,32,1,30,0.000,0.000,,,,,NVIDIA A100-SXM4-40GB MIG 4g.20gb (0),1,,13,"void convert_kernel<float2, __half2>(tensor_layout_any, T1 *, tensor_layout_any, const T2 *)"
3404561192,10944,186073,2253,1,1,128,1,1,16,0.000,0.000,,,,,NVIDIA A100-SXM4-40GB MIG 4g.20gb (0),1,,13,cupy_copy__float16_float16
3404573320,3200,186082,282,1,1,128,1,1,16,0.000,0.000,,,,,NVIDIA A100-SXM4-40GB MIG 4g.20gb (0),1,,13,cupy_copy__complex64_complex64
3404578056,2272,186091,26,1,1,128,1,1,16,0.000,0.000,,,,,NVIDIA A100-SXM4-40GB MIG 4g.20gb (0),1,,13,cupy_copy__float32_float32
3404583368,2912,186100,103,1,1,128,1,1,16,0.000,0.000,,,,,NVIDIA A100-SXM4-40GB MIG 4g.20gb (0),1,,13,cupy_copy__complex64_complex64
3404587304,11968,186110,1434,1,1,128,1,1,16,0.000,0.000,,,,,NVIDIA A100-SXM4-40GB MIG 4g.20gb (0),1,,13,cupy_copy__complex64_complex64
3404604776,82399,186115,1,1,1,32,32,1,30,0.000,0.000,,,,,NVIDIA A100-SXM4-40GB MIG 4g.20gb (0),1,,13,"void convert_kernel<__half2, float2>(tensor_layout_any, T1 *, tensor_layout_any, const T2 *)"
3404713766,5376,186118,,,,,,,,,,0.094,17428.487,Pinned,Device,NVIDIA A100-SXM4-40GB MIG 4g.20gb (0),1,,13,[CUDA memcpy Host-to-Device]
3404724774,603705,186119,,,,,,,,,,456.561,756065.745,Device,,NVIDIA A100-SXM4-40GB MIG 4g.20gb (0),1,,13,[CUDA memset]
3405332479,69663,186124,,,,,,,,,,1.235,17726.386,Pinned,Device,NVIDIA A100-SXM4-40GB MIG 4g.20gb (0),1,,13,[CUDA memcpy Host-to-Device]
3405406142,15039,186125,,,,,,,,,,0.197,13073.056,Pinned,Device,NVIDIA A100-SXM4-40GB MIG 4g.20gb (0),1,,13,[CUDA memcpy Host-to-Device]
3405429917,8672,186126,69,4,1,48,1,1,76,0.002,0.000,,,,,NVIDIA A100-SXM4-40GB MIG 4g.20gb (0),1,,13,"void ch_est::windowedChEstPreNoDftSOfdmKernel<float, __half, float, (unsigned int)2, (unsigned int)1, (unsigned short)4>(ch_est::puschRxChEstStatDescr_t *, ch_est::puschRxChEstDynDescr_t *)"
3405440861,7552,186127,137,2,1,24,2,1,44,0.001,0.001,,,,,NVIDIA A100-SXM4-40GB MIG 4g.20gb (0),1,,13,"void ch_est::chEstFilterNoDftSOfdmDispatchKernel<float, __half, float, (unsigned int)2>(ch_est::puschRxChEstStatDescr_t *, ch_est::puschRxChEstDynDescr_t *)"
3405452605,5248,186128,137,2,1,24,2,1,44,0.001,0.001,,,,,NVIDIA A100-SXM4-40GB MIG 4g.20gb (0),1,,13,"void ch_est::chEstFilterNoDftSOfdmDispatchKernel<float, __half, float, (unsigned int)2>(ch_est::puschRxChEstStatDescr_t *, ch_est::puschRxChEstDynDescr_t *)"
3405462845,2560,186139,103,1,1,128,1,1,16,0.000,0.000,,,,,NVIDIA A100-SXM4-40GB MIG 4g.20gb (0),1,,13,cupy_copy__complex64_complex64
3405469309,12640,186149,1434,1,1,128,1,1,16,0.000,0.000,,,,,NVIDIA A100-SXM4-40GB MIG 4g.20gb (0),1,,13,cupy_copy__complex64_complex64
3405488637,2784,186156,103,1,1,128,1,1,16,0.000,0.000,,,,,NVIDIA A100-SXM4-40GB MIG 4g.20gb (0),1,,13,cupy_copy__complex64_complex64
3405493405,85758,186163,1,1,1,32,32,1,30,0.000,0.000,,,,,NVIDIA A100-SXM4-40GB MIG 4g.20gb (0),1,,13,"void convert_kernel<__half2, float2>(tensor_layout_any, T1 *, tensor_layout_any, const T2 *)"
3405607771,8864,186166,,,,,,,,,,0.094,10570.314,Pinned,Device,NVIDIA A100-SXM4-40GB MIG 4g.20gb (0),1,,13,[CUDA memcpy Host-to-Device]
3405624603,47487,186167,,,,,,,,,,35.810,754085.295,Device,,NVIDIA A100-SXM4-40GB MIG 4g.20gb (0),1,,13,[CUDA memset]
3405675194,4672,186169,,,,,,,,,,0.000,17.123,Pinned,Device,NVIDIA A100-SXM4-40GB MIG 4g.20gb (0),1,,13,[CUDA memcpy Host-to-Device]
3405683130,12864,186170,,,,,,,,,,0.197,15283.519,Pinned,Device,NVIDIA A100-SXM4-40GB MIG 4g.20gb (0),1,,13,[CUDA memcpy Host-to-Device]
3405704506,9888,186171,273,1,1,48,1,1,40,0.000,0.001,,,,,NVIDIA A100-SXM4-40GB MIG 4g.20gb (0),1,,13,"void pusch_noise_intf_est::noiseIntfEstNoDftSOfdmKernel<float, __half, float, float, (unsigned int)2, (unsigned int)1, (unsigned char)4, (unsigned char)4>(pusch_noise_intf_est::puschRxNoiseIntfEstDynDescr)"
3405720122,3168,186182,35,1,1,128,1,1,16,0.000,0.000,,,,,NVIDIA A100-SXM4-40GB MIG 4g.20gb (0),1,,13,cupy_copy__complex64_complex64
3405727258,2048,186191,1,1,1,1,1,1,18,0.000,0.000,,,,,NVIDIA A100-SXM4-40GB MIG 4g.20gb (0),1,,13,cupy_copy__float32_float32
3405758969,2496,186197,,,,,,,,,,0.000,1.603,Device,Pageable,NVIDIA A100-SXM4-40GB MIG 4g.20gb (0),1,,7,[CUDA memcpy Device-to-Host]
3405821017,12863,186208,1434,1,1,128,1,1,16,0.000,0.000,,,,,NVIDIA A100-SXM4-40GB MIG 4g.20gb (0),1,,13,cupy_copy__complex64_complex64
3405847992,3392,186215,103,1,1,128,1,1,16,0.000,0.000,,,,,NVIDIA A100-SXM4-40GB MIG 4g.20gb (0),1,,13,cupy_copy__complex64_complex64
3405868184,2528,186222,35,1,1,128,1,1,16,0.000,0.000,,,,,NVIDIA A100-SXM4-40GB MIG 4g.20gb (0),1,,13,cupy_copy__complex64_complex64
3405890136,1792,186229,1,1,1,1,1,1,18,0.000,0.000,,,,,NVIDIA A100-SXM4-40GB MIG 4g.20gb (0),1,,13,cupy_copy__float32_float32
3406022582,82335,186240,1,1,1,32,32,1,30,0.000,0.000,,,,,NVIDIA A100-SXM4-40GB MIG 4g.20gb (0),1,,13,"void convert_kernel<__half2, float2>(tensor_layout_any, T1 *, tensor_layout_any, const T2 *)"
3406132117,5472,186243,,,,,,,,,,0.094,17122.757,Pinned,Device,NVIDIA A100-SXM4-40GB MIG 4g.20gb (0),1,,13,[CUDA memcpy Host-to-Device]
3406146260,3264,186244,,,,,,,,,,1.547,473842.288,Device,,NVIDIA A100-SXM4-40GB MIG 4g.20gb (0),1,,13,[CUDA memset]
3406152948,3328,186249,,,,,,,,,,0.031,9403.822,Pinned,Device,NVIDIA A100-SXM4-40GB MIG 4g.20gb (0),1,,13,[CUDA memcpy Host-to-Device]
3406158900,9504,186250,,,,,,,,,,0.197,20686.701,Pinned,Device,NVIDIA A100-SXM4-40GB MIG 4g.20gb (0),1,,13,[CUDA memcpy Host-to-Device]
3406172052,6368,186251,273,1,1,8,4,1,39,0.002,0.000,,,,,NVIDIA A100-SXM4-40GB MIG 4g.20gb (0),1,,13,"void channel_eq::eqMmseCoefCompLowMimoKernel<float, float, float, (unsigned int)4, (unsigned int)1, (unsigned int)4>(const channel_eq::_puschRxChEqStatDescr *, channel_eq::_puschRxChEqCoefCompDynDescr)"
3406179828,5216,186252,273,1,1,12,11,1,51,0.002,0.000,,,,,NVIDIA A100-SXM4-40GB MIG 4g.20gb (0),1,,13,"void channel_eq::eqMmseSoftDemapKernel<float, __half, __half, float, (unsigned int)4, (unsigned short)16383>(channel_eq::_puschRxChEqStatDescr *, channel_eq::_puschRxChEqSoftDemapDynDescr)"
3406186004,281917,186253,1,1,1,32,32,1,30,0.000,0.000,,,,,NVIDIA A100-SXM4-40GB MIG 4g.20gb (0),1,,13,"void convert_kernel<float2, __half2>(tensor_layout_any, T1 *, tensor_layout_any, const T2 *)"
3406469072,10912,186265,2253,1,1,128,1,1,16,0.000,0.000,,,,,NVIDIA A100-SXM4-40GB MIG 4g.20gb (0),1,,13,cupy_copy__float16_float16
3406483120,3520,186274,282,1,1,128,1,1,16,0.000,0.000,,,,,NVIDIA A100-SXM4-40GB MIG 4g.20gb (0),1,,13,cupy_copy__complex64_complex64
3406488496,2144,186283,26,1,1,128,1,1,16,0.000,0.000,,,,,NVIDIA A100-SXM4-40GB MIG 4g.20gb (0),1,,13,cupy_copy__float32_float32
3406491632,2976,186292,103,1,1,128,1,1,16,0.000,0.000,,,,,NVIDIA A100-SXM4-40GB MIG 4g.20gb (0),1,,13,cupy_copy__complex64_complex64
3406495696,12448,186302,1434,1,1,128,1,1,16,0.000,0.000,,,,,NVIDIA A100-SXM4-40GB MIG 4g.20gb (0),1,,13,cupy_copy__complex64_complex64
3406516144,86943,186307,1,1,1,32,32,1,30,0.000,0.000,,,,,NVIDIA A100-SXM4-40GB MIG 4g.20gb (0),1,,13,"void convert_kernel<__half2, float2>(tensor_layout_any, T1 *, tensor_layout_any, const T2 *)"
3406629487,5375,186310,,,,,,,,,,0.094,17431.766,Pinned,Device,NVIDIA A100-SXM4-40GB MIG 4g.20gb (0),1,,13,[CUDA memcpy Host-to-Device]
3406639310,599609,186311,,,,,,,,,,456.561,761087.920,Device,,NVIDIA A100-SXM4-40GB MIG 4g.20gb (0),1,,13,[CUDA memset]
3407245831,71199,186316,,,,,,,,,,1.235,17344.788,Pinned,Device,NVIDIA A100-SXM4-40GB MIG 4g.20gb (0),1,,13,[CUDA memcpy Host-to-Device]
3407322246,15200,186317,,,,,,,,,,0.197,12934.644,Pinned,Device,NVIDIA A100-SXM4-40GB MIG 4g.20gb (0),1,,13,[CUDA memcpy Host-to-Device]
3407344454,8704,186318,69,4,1,48,1,1,76,0.002,0.000,,,,,NVIDIA A100-SXM4-40GB MIG 4g.20gb (0),1,,13,"void ch_est::windowedChEstPreNoDftSOfdmKernel<float, __half, float, (unsigned int)2, (unsigned int)1, (unsigned short)4>(ch_est::puschRxChEstStatDescr_t *, ch_est::puschRxChEstDynDescr_t *)"
3407356006,6207,186319,137,2,1,24,2,1,44,0.001,0.001,,,,,NVIDIA A100-SXM4-40GB MIG 4g.20gb (0),1,,13,"void ch_est::chEstFilterNoDftSOfdmDispatchKernel<float, __half, float, (unsigned int)2>(ch_est::puschRxChEstStatDescr_t *, ch_est::puschRxChEstDynDescr_t *)"
3407366821,5152,186320,137,2,1,24,2,1,44,0.001,0.001,,,,,NVIDIA A100-SXM4-40GB MIG 4g.20gb (0),1,,13,"void ch_est::chEstFilterNoDftSOfdmDispatchKernel<float, __half, float, (unsigned int)2>(ch_est::puschRxChEstStatDescr_t *, ch_est::puschRxChEstDynDescr_t *)"
3407377093,2560,186331,103,1,1,128,1,1,16,0.000,0.000,,,,,NVIDIA A100-SXM4-40GB MIG 4g.20gb (0),1,,13,cupy_copy__complex64_complex64
3407383429,12416,186341,1434,1,1,128,1,1,16,0.000,0.000,,,,,NVIDIA A100-SXM4-40GB MIG 4g.20gb (0),1,,13,cupy_copy__complex64_complex64
3407397893,3136,186348,103,1,1,128,1,1,16,0.000,0.000,,,,,NVIDIA A100-SXM4-40GB MIG 4g.20gb (0),1,,13,cupy_copy__complex64_complex64
3407404837,89183,186355,1,1,1,32,32,1,30,0.000,0.000,,,,,NVIDIA A100-SXM4-40GB MIG 4g.20gb (0),1,,13,"void convert_kernel<__half2, float2>(tensor_layout_any, T1 *, tensor_layout_any, const T2 *)"
3407523555,8160,186358,,,,,,,,,,0.094,11482.351,Pinned,Device,NVIDIA A100-SXM4-40GB MIG 4g.20gb (0),1,,13,[CUDA memcpy Host-to-Device]
3407538275,47648,186359,,,,,,,,,,35.810,751542.791,Device,,NVIDIA A100-SXM4-40GB MIG 4g.20gb (0),1,,13,[CUDA memset]
3407594307,3040,186361,,,,,,,,,,0.000,26.316,Pinned,Device,NVIDIA A100-SXM4-40GB MIG 4g.20gb (0),1,,13,[CUDA memcpy Host-to-Device]
3407602562,12448,186362,,,,,,,,,,0.197,15794.307,Pinned,Device,NVIDIA A100-SXM4-40GB MIG 4g.20gb (0),1,,13,[CUDA memcpy Host-to-Device]
3407619682,9632,186363,273,1,1,48,1,1,40,0.000,0.001,,,,,NVIDIA A100-SXM4-40GB MIG 4g.20gb (0),1,,13,"void pusch_noise_intf_est::noiseIntfEstNoDftSOfdmKernel<float, __half, float, float, (unsigned int)2, (unsigned int)1, (unsigned char)4, (unsigned char)4>(pusch_noise_intf_est::puschRxNoiseIntfEstDynDescr)"
3407635138,2912,186374,35,1,1,128,1,1,16,0.000,0.000,,,,,NVIDIA A100-SXM4-40GB MIG 4g.20gb (0),1,,13,cupy_copy__complex64_complex64
3407644578,1888,186383,1,1,1,1,1,1,18,0.000,0.000,,,,,NVIDIA A100-SXM4-40GB MIG 4g.20gb (0),1,,13,cupy_copy__float32_float32
3407674050,1952,186389,,,,,,,,,,0.000,2.049,Device,Pageable,NVIDIA A100-SXM4-40GB MIG 4g.20gb (0),1,,7,[CUDA memcpy Device-to-Host]
3407735393,12768,186400,1434,1,1,128,1,1,16,0.000,0.000,,,,,NVIDIA A100-SXM4-40GB MIG 4g.20gb (0),1,,13,cupy_copy__complex64_complex64
3407764224,2912,186407,103,1,1,128,1,1,16,0.000,0.000,,,,,NVIDIA A100-SXM4-40GB MIG 4g.20gb (0),1,,13,cupy_copy__complex64_complex64
3407787296,2400,186414,35,1,1,128,1,1,16,0.000,0.000,,,,,NVIDIA A100-SXM4-40GB MIG 4g.20gb (0),1,,13,cupy_copy__complex64_complex64
3407805792,1824,186421,1,1,1,1,1,1,18,0.000,0.000,,,,,NVIDIA A100-SXM4-40GB MIG 4g.20gb (0),1,,13,cupy_copy__float32_float32
3407936094,82015,186432,1,1,1,32,32,1,30,0.000,0.000,,,,,NVIDIA A100-SXM4-40GB MIG 4g.20gb (0),1,,13,"void convert_kernel<__half2, float2>(tensor_layout_any, T1 *, tensor_layout_any, const T2 *)"
3408045853,5504,186435,,,,,,,,,,0.094,17023.251,Pinned,Device,NVIDIA A100-SXM4-40GB MIG 4g.20gb (0),1,,13,[CUDA memcpy Host-to-Device]
3408060797,3232,186436,,,,,,,,,,1.547,478533.199,Device,,NVIDIA A100-SXM4-40GB MIG 4g.20gb (0),1,,13,[CUDA memset]
3408067741,3296,186441,,,,,,,,,,0.031,9495.144,Pinned,Device,NVIDIA A100-SXM4-40GB MIG 4g.20gb (0),1,,13,[CUDA memcpy Host-to-Device]
3408073469,9440,186442,,,,,,,,,,0.197,20827.079,Pinned,Device,NVIDIA A100-SXM4-40GB MIG 4g.20gb (0),1,,13,[CUDA memcpy Host-to-Device]
3408087068,6464,186443,273,1,1,8,4,1,39,0.002,0.000,,,,,NVIDIA A100-SXM4-40GB MIG 4g.20gb (0),1,,13,"void channel_eq::eqMmseCoefCompLowMimoKernel<float, float, float, (unsigned int)4, (unsigned int)1, (unsigned int)4>(const channel_eq::_puschRxChEqStatDescr *, channel_eq::_puschRxChEqCoefCompDynDescr)"
3408094652,5920,186444,273,1,1,12,11,1,51,0.002,0.000,,,,,NVIDIA A100-SXM4-40GB MIG 4g.20gb (0),1,,13,"void channel_eq::eqMmseSoftDemapKernel<float, __half, __half, float, (unsigned int)4, (unsigned short)16383>(channel_eq::_puschRxChEqStatDescr *, channel_eq::_puschRxChEqSoftDemapDynDescr)"
3408101564,282461,186445,1,1,1,32,32,1,30,0.000,0.000,,,,,NVIDIA A100-SXM4-40GB MIG 4g.20gb (0),1,,13,"void convert_kernel<float2, __half2>(tensor_layout_any, T1 *, tensor_layout_any, const T2 *)"
3408386681,10880,186457,2253,1,1,128,1,1,16,0.000,0.000,,,,,NVIDIA A100-SXM4-40GB MIG 4g.20gb (0),1,,13,cupy_copy__float16_float16
3408403385,2912,186466,282,1,1,128,1,1,16,0.000,0.000,,,,,NVIDIA A100-SXM4-40GB MIG 4g.20gb (0),1,,13,cupy_copy__complex64_complex64
3408408281,2015,186475,26,1,1,128,1,1,16,0.000,0.000,,,,,NVIDIA A100-SXM4-40GB MIG 4g.20gb (0),1,,13,cupy_copy__float32_float32
3408414968,3200,186484,103,1,1,128,1,1,16,0.000,0.000,,,,,NVIDIA A100-SXM4-40GB MIG 4g.20gb (0),1,,13,cupy_copy__complex64_complex64
3408420824,12256,186494,1434,1,1,128,1,1,16,0.000,0.000,,,,,NVIDIA A100-SXM4-40GB MIG 4g.20gb (0),1,,13,cupy_copy__complex64_complex64
3408436088,86719,186499,1,1,1,32,32,1,30,0.000,0.000,,,,,NVIDIA A100-SXM4-40GB MIG 4g.20gb (0),1,,13,"void convert_kernel<__half2, float2>(tensor_layout_any, T1 *, tensor_layout_any, const T2 *)"
3408549399,5376,186502,,,,,,,,,,0.094,17428.487,Pinned,Device,NVIDIA A100-SXM4-40GB MIG 4g.20gb (0),1,,13,[CUDA memcpy Host-to-Device]
3408560983,611192,186503,,,,,,,,,,456.561,746934.516,Device,,NVIDIA A100-SXM4-40GB MIG 4g.20gb (0),1,,13,[CUDA memset]
3409173167,71551,186508,,,,,,,,,,1.235,17259.577,Pinned,Device,NVIDIA A100-SXM4-40GB MIG 4g.20gb (0),1,,13,[CUDA memcpy Host-to-Device]
3409247822,15744,186509,,,,,,,,,,0.197,12487.754,Pinned,Device,NVIDIA A100-SXM4-40GB MIG 4g.20gb (0),1,,13,[CUDA memcpy Host-to-Device]
3409271406,8608,186510,69,4,1,48,1,1,76,0.002,0.000,,,,,NVIDIA A100-SXM4-40GB MIG 4g.20gb (0),1,,13,"void ch_est::windowedChEstPreNoDftSOfdmKernel<float, __half, float, (unsigned int)2, (unsigned int)1, (unsigned short)4>(ch_est::puschRxChEstStatDescr_t *, ch_est::puschRxChEstDynDescr_t *)"
3409282542,7232,186511,137,2,1,24,2,1,44,0.001,0.001,,,,,NVIDIA A100-SXM4-40GB MIG 4g.20gb (0),1,,13,"void ch_est::chEstFilterNoDftSOfdmDispatchKernel<float, __half, float, (unsigned int)2>(ch_est::puschRxChEstStatDescr_t *, ch_est::puschRxChEstDynDescr_t *)"
3409292494,5344,186512,137,2,1,24,2,1,44,0.001,0.001,,,,,NVIDIA A100-SXM4-40GB MIG 4g.20gb (0),1,,13,"void ch_est::chEstFilterNoDftSOfdmDispatchKernel<float, __half, float, (unsigned int)2>(ch_est::puschRxChEstStatDescr_t *, ch_est::puschRxChEstDynDescr_t *)"
3409304141,2720,186523,103,1,1,128,1,1,16,0.000,0.000,,,,,NVIDIA A100-SXM4-40GB MIG 4g.20gb (0),1,,13,cupy_copy__complex64_complex64
3409309677,13056,186533,1434,1,1,128,1,1,16,0.000,0.000,,,,,NVIDIA A100-SXM4-40GB MIG 4g.20gb (0),1,,13,cupy_copy__complex64_complex64
3409327373,2560,186540,103,1,1,128,1,1,16,0.000,0.000,,,,,NVIDIA A100-SXM4-40GB MIG 4g.20gb (0),1,,13,cupy_copy__complex64_complex64
3409334253,83615,186547,1,1,1,32,32,1,30,0.000,0.000,,,,,NVIDIA A100-SXM4-40GB MIG 4g.20gb (0),1,,13,"void convert_kernel<__half2, float2>(tensor_layout_any, T1 *, tensor_layout_any, const T2 *)"
3409446636,9120,186550,,,,,,,,,,0.094,10273.673,Pinned,Device,NVIDIA A100-SXM4-40GB MIG 4g.20gb (0),1,,13,[CUDA memcpy Host-to-Device]
3409462187,48352,186551,,,,,,,,,,35.810,740584.956,Device,,NVIDIA A100-SXM4-40GB MIG 4g.20gb (0),1,,13,[CUDA memset]
3409512459,2656,186553,,,,,,,,,,0.000,30.120,Pinned,Device,NVIDIA A100-SXM4-40GB MIG 4g.20gb (0),1,,13,[CUDA memcpy Host-to-Device]
3409519179,12640,186554,,,,,,,,,,0.197,15554.249,Pinned,Device,NVIDIA A100-SXM4-40GB MIG 4g.20gb (0),1,,13,[CUDA memcpy Host-to-Device]
3409542059,12287,186555,273,1,1,48,1,1,40,0.000,0.001,,,,,NVIDIA A100-SXM4-40GB MIG 4g.20gb (0),1,,13,"void pusch_noise_intf_est::noiseIntfEstNoDftSOfdmKernel<float, __half, float, float, (unsigned int)2, (unsigned int)1, (unsigned char)4, (unsigned char)4>(pusch_noise_intf_est::puschRxNoiseIntfEstDynDescr)"
3409557898,3104,186566,35,1,1,128,1,1,16,0.000,0.000,,,,,NVIDIA A100-SXM4-40GB MIG 4g.20gb (0),1,,13,cupy_copy__complex64_complex64
3409568874,2016,186575,1,1,1,1,1,1,18,0.000,0.000,,,,,NVIDIA A100-SXM4-40GB MIG 4g.20gb (0),1,,13,cupy_copy__float32_float32
3409597034,1664,186581,,,,,,,,,,0.000,2.404,Device,Pageable,NVIDIA A100-SXM4-40GB MIG 4g.20gb (0),1,,7,[CUDA memcpy Device-to-Host]
3409658953,12736,186592,1434,1,1,128,1,1,16,0.000,0.000,,,,,NVIDIA A100-SXM4-40GB MIG 4g.20gb (0),1,,13,cupy_copy__complex64_complex64
3409689385,2912,186599,103,1,1,128,1,1,16,0.000,0.000,,,,,NVIDIA A100-SXM4-40GB MIG 4g.20gb (0),1,,13,cupy_copy__complex64_complex64
3409709192,2144,186606,35,1,1,128,1,1,16,0.000,0.000,,,,,NVIDIA A100-SXM4-40GB MIG 4g.20gb (0),1,,13,cupy_copy__complex64_complex64
3409728712,2016,186613,1,1,1,1,1,1,18,0.000,0.000,,,,,NVIDIA A100-SXM4-40GB MIG 4g.20gb (0),1,,13,cupy_copy__float32_float32
3409857703,82559,186624,1,1,1,32,32,1,30,0.000,0.000,,,,,NVIDIA A100-SXM4-40GB MIG 4g.20gb (0),1,,13,"void convert_kernel<__half2, float2>(tensor_layout_any, T1 *, tensor_layout_any, const T2 *)"
3409968741,5504,186627,,,,,,,,,,0.094,17023.251,Pinned,Device,NVIDIA A100-SXM4-40GB MIG 4g.20gb (0),1,,13,[CUDA memcpy Host-to-Device]
3409983109,3360,186628,,,,,,,,,,1.547,460304.688,Device,,NVIDIA A100-SXM4-40GB MIG 4g.20gb (0),1,,13,[CUDA memset]
3409989733,3040,186633,,,,,,,,,,0.031,10294.725,Pinned,Device,NVIDIA A100-SXM4-40GB MIG 4g.20gb (0),1,,13,[CUDA memcpy Host-to-Device]
3409995205,9408,186634,,,,,,,,,,0.197,20897.858,Pinned,Device,NVIDIA A100-SXM4-40GB MIG 4g.20gb (0),1,,13,[CUDA memcpy Host-to-Device]
3410009189,7040,186635,273,1,1,8,4,1,39,0.002,0.000,,,,,NVIDIA A100-SXM4-40GB MIG 4g.20gb (0),1,,13,"void channel_eq::eqMmseCoefCompLowMimoKernel<float, float, float, (unsigned int)4, (unsigned int)1, (unsigned int)4>(const channel_eq::_puschRxChEqStatDescr *, channel_eq::_puschRxChEqCoefCompDynDescr)"
3410018277,6496,186636,273,1,1,12,11,1,51,0.002,0.000,,,,,NVIDIA A100-SXM4-40GB MIG 4g.20gb (0),1,,13,"void channel_eq::eqMmseSoftDemapKernel<float, __half, __half, float, (unsigned int)4, (unsigned short)16383>(channel_eq::_puschRxChEqStatDescr *, channel_eq::_puschRxChEqSoftDemapDynDescr)"
3410025925,282780,186637,1,1,1,32,32,1,30,0.000,0.000,,,,,NVIDIA A100-SXM4-40GB MIG 4g.20gb (0),1,,13,"void convert_kernel<float2, __half2>(tensor_layout_any, T1 *, tensor_layout_any, const T2 *)"
3410310113,11168,186649,2253,1,1,128,1,1,16,0.000,0.000,,,,,NVIDIA A100-SXM4-40GB MIG 4g.20gb (0),1,,13,cupy_copy__float16_float16
3410325089,2880,186658,282,1,1,128,1,1,16,0.000,0.000,,,,,NVIDIA A100-SXM4-40GB MIG 4g.20gb (0),1,,13,cupy_copy__complex64_complex64
3410331489,2240,186667,26,1,1,128,1,1,16,0.000,0.000,,,,,NVIDIA A100-SXM4-40GB MIG 4g.20gb (0),1,,13,cupy_copy__float32_float32
3410334721,2944,186676,103,1,1,128,1,1,16,0.000,0.000,,,,,NVIDIA A100-SXM4-40GB MIG 4g.20gb (0),1,,13,cupy_copy__complex64_complex64
3410386656,11872,186692,1434,1,1,128,1,1,16,0.000,0.000,,,,,NVIDIA A100-SXM4-40GB MIG 4g.20gb (0),1,,13,cupy_copy__complex64_complex64
3410500543,85983,186697,1,1,1,32,32,1,30,0.000,0.000,,,,,NVIDIA A100-SXM4-40GB MIG 4g.20gb (0),1,,13,"void convert_kernel<__half2, float2>(tensor_layout_any, T1 *, tensor_layout_any, const T2 *)"
3410613661,5408,186700,,,,,,,,,,0.094,17325.421,Pinned,Device,NVIDIA A100-SXM4-40GB MIG 4g.20gb (0),1,,13,[CUDA memcpy Host-to-Device]
3410623709,601977,186701,,,,,,,,,,456.561,758348.552,Device,,NVIDIA A100-SXM4-40GB MIG 4g.20gb (0),1,,13,[CUDA memset]
3411229462,69055,186706,,,,,,,,,,1.235,17883.224,Pinned,Device,NVIDIA A100-SXM4-40GB MIG 4g.20gb (0),1,,13,[CUDA memcpy Host-to-Device]
3411301557,15232,186707,,,,,,,,,,0.197,12907.512,Pinned,Device,NVIDIA A100-SXM4-40GB MIG 4g.20gb (0),1,,13,[CUDA memcpy Host-to-Device]
3411324340,9120,186708,69,4,1,48,1,1,76,0.002,0.000,,,,,NVIDIA A100-SXM4-40GB MIG 4g.20gb (0),1,,13,"void ch_est::windowedChEstPreNoDftSOfdmKernel<float, __half, float, (unsigned int)2, (unsigned int)1, (unsigned short)4>(ch_est::puschRxChEstStatDescr_t *, ch_est::puschRxChEstDynDescr_t *)"
3411339508,6368,186709,137,2,1,24,2,1,44,0.001,0.001,,,,,NVIDIA A100-SXM4-40GB MIG 4g.20gb (0),1,,13,"void ch_est::chEstFilterNoDftSOfdmDispatchKernel<float, __half, float, (unsigned int)2>(ch_est::puschRxChEstStatDescr_t *, ch_est::puschRxChEstDynDescr_t *)"
3411349876,4992,186710,137,2,1,24,2,1,44,0.001,0.001,,,,,NVIDIA A100-SXM4-40GB MIG 4g.20gb (0),1,,13,"void ch_est::chEstFilterNoDftSOfdmDispatchKernel<float, __half, float, (unsigned int)2>(ch_est::puschRxChEstStatDescr_t *, ch_est::puschRxChEstDynDescr_t *)"
3411362516,2560,186721,103,1,1,128,1,1,16,0.000,0.000,,,,,NVIDIA A100-SXM4-40GB MIG 4g.20gb (0),1,,13,cupy_copy__complex64_complex64
3411368756,12416,186731,1434,1,1,128,1,1,16,0.000,0.000,,,,,NVIDIA A100-SXM4-40GB MIG 4g.20gb (0),1,,13,cupy_copy__complex64_complex64
3411387316,2560,186738,103,1,1,128,1,1,16,0.000,0.000,,,,,NVIDIA A100-SXM4-40GB MIG 4g.20gb (0),1,,13,cupy_copy__complex64_complex64
3411394868,84255,186745,1,1,1,32,32,1,30,0.000,0.000,,,,,NVIDIA A100-SXM4-40GB MIG 4g.20gb (0),1,,13,"void convert_kernel<__half2, float2>(tensor_layout_any, T1 *, tensor_layout_any, const T2 *)"
3411506290,6880,186748,,,,,,,,,,0.094,13618.526,Pinned,Device,NVIDIA A100-SXM4-40GB MIG 4g.20gb (0),1,,13,[CUDA memcpy Host-to-Device]
3411519602,46143,186749,,,,,,,,,,35.810,776036.776,Device,,NVIDIA A100-SXM4-40GB MIG 4g.20gb (0),1,,13,[CUDA memset]
3411570705,1888,186751,,,,,,,,,,0.000,42.373,Pinned,Device,NVIDIA A100-SXM4-40GB MIG 4g.20gb (0),1,,13,[CUDA memcpy Host-to-Device]
3411575857,11104,186752,,,,,,,,,,0.197,17705.927,Pinned,Device,NVIDIA A100-SXM4-40GB MIG 4g.20gb (0),1,,13,[CUDA memcpy Host-to-Device]
3411593681,9952,186753,273,1,1,48,1,1,40,0.000,0.001,,,,,NVIDIA A100-SXM4-40GB MIG 4g.20gb (0),1,,13,"void pusch_noise_intf_est::noiseIntfEstNoDftSOfdmKernel<float, __half, float, float, (unsigned int)2, (unsigned int)1, (unsigned char)4, (unsigned char)4>(pusch_noise_intf_est::puschRxNoiseIntfEstDynDescr)"
3411605713,3040,186764,35,1,1,128,1,1,16,0.000,0.000,,,,,NVIDIA A100-SXM4-40GB MIG 4g.20gb (0),1,,13,cupy_copy__complex64_complex64
3411625681,2016,186773,1,1,1,1,1,1,18,0.000,0.000,,,,,NVIDIA A100-SXM4-40GB MIG 4g.20gb (0),1,,13,cupy_copy__float32_float32
3411658704,1600,186779,,,,,,,,,,0.000,2.500,Device,Pageable,NVIDIA A100-SXM4-40GB MIG 4g.20gb (0),1,,7,[CUDA memcpy Device-to-Host]
3411724400,12767,186790,1434,1,1,128,1,1,16,0.000,0.000,,,,,NVIDIA A100-SXM4-40GB MIG 4g.20gb (0),1,,13,cupy_copy__complex64_complex64
3411747823,3520,186797,103,1,1,128,1,1,16,0.000,0.000,,,,,NVIDIA A100-SXM4-40GB MIG 4g.20gb (0),1,,13,cupy_copy__complex64_complex64
3411771439,2688,186804,35,1,1,128,1,1,16,0.000,0.000,,,,,NVIDIA A100-SXM4-40GB MIG 4g.20gb (0),1,,13,cupy_copy__complex64_complex64
3411787887,1760,186811,1,1,1,1,1,1,18,0.000,0.000,,,,,NVIDIA A100-SXM4-40GB MIG 4g.20gb (0),1,,13,cupy_copy__float32_float32
3411918221,87615,186822,1,1,1,32,32,1,30,0.000,0.000,,,,,NVIDIA A100-SXM4-40GB MIG 4g.20gb (0),1,,13,"void convert_kernel<__half2, float2>(tensor_layout_any, T1 *, tensor_layout_any, const T2 *)"
3412032588,5408,186825,,,,,,,,,,0.094,17325.421,Pinned,Device,NVIDIA A100-SXM4-40GB MIG 4g.20gb (0),1,,13,[CUDA memcpy Host-to-Device]
3412047148,3231,186826,,,,,,,,,,1.547,478681.675,Device,,NVIDIA A100-SXM4-40GB MIG 4g.20gb (0),1,,13,[CUDA memset]
3412053995,3296,186831,,,,,,,,,,0.031,9495.144,Pinned,Device,NVIDIA A100-SXM4-40GB MIG 4g.20gb (0),1,,13,[CUDA memcpy Host-to-Device]
3412060043,9728,186832,,,,,,,,,,0.197,20210.516,Pinned,Device,NVIDIA A100-SXM4-40GB MIG 4g.20gb (0),1,,13,[CUDA memcpy Host-to-Device]
3412075243,8160,186833,273,1,1,8,4,1,39,0.002,0.000,,,,,NVIDIA A100-SXM4-40GB MIG 4g.20gb (0),1,,13,"void channel_eq::eqMmseCoefCompLowMimoKernel<float, float, float, (unsigned int)4, (unsigned int)1, (unsigned int)4>(const channel_eq::_puschRxChEqStatDescr *, channel_eq::_puschRxChEqCoefCompDynDescr)"
3412084395,5568,186834,273,1,1,12,11,1,51,0.002,0.000,,,,,NVIDIA A100-SXM4-40GB MIG 4g.20gb (0),1,,13,"void channel_eq::eqMmseSoftDemapKernel<float, __half, __half, float, (unsigned int)4, (unsigned short)16383>(channel_eq::_puschRxChEqStatDescr *, channel_eq::_puschRxChEqSoftDemapDynDescr)"
3412090955,282429,186835,1,1,1,32,32,1,30,0.000,0.000,,,,,NVIDIA A100-SXM4-40GB MIG 4g.20gb (0),1,,13,"void convert_kernel<float2, __half2>(tensor_layout_any, T1 *, tensor_layout_any, const T2 *)"
3412374439,11072,186847,2253,1,1,128,1,1,16,0.000,0.000,,,,,NVIDIA A100-SXM4-40GB MIG 4g.20gb (0),1,,13,cupy_copy__float16_float16
3412389703,3264,186856,282,1,1,128,1,1,16,0.000,0.000,,,,,NVIDIA A100-SXM4-40GB MIG 4g.20gb (0),1,,13,cupy_copy__complex64_complex64
3412394023,2272,186865,26,1,1,128,1,1,16,0.000,0.000,,,,,NVIDIA A100-SXM4-40GB MIG 4g.20gb (0),1,,13,cupy_copy__float32_float32
3412397287,2784,186874,103,1,1,128,1,1,16,0.000,0.000,,,,,NVIDIA A100-SXM4-40GB MIG 4g.20gb (0),1,,13,cupy_copy__complex64_complex64
3412402407,12512,186884,1434,1,1,128,1,1,16,0.000,0.000,,,,,NVIDIA A100-SXM4-40GB MIG 4g.20gb (0),1,,13,cupy_copy__complex64_complex64
3412428807,82975,186889,1,1,1,32,32,1,30,0.000,0.000,,,,,NVIDIA A100-SXM4-40GB MIG 4g.20gb (0),1,,13,"void convert_kernel<__half2, float2>(tensor_layout_any, T1 *, tensor_layout_any, const T2 *)"
3412538437,5696,186892,,,,,,,,,,0.094,16449.363,Pinned,Device,NVIDIA A100-SXM4-40GB MIG 4g.20gb (0),1,,13,[CUDA memcpy Host-to-Device]
3412548517,599897,186893,,,,,,,,,,456.561,760631.359,Device,,NVIDIA A100-SXM4-40GB MIG 4g.20gb (0),1,,13,[CUDA memset]
3413154014,71007,186898,,,,,,,,,,1.235,17391.716,Pinned,Device,NVIDIA A100-SXM4-40GB MIG 4g.20gb (0),1,,13,[CUDA memcpy Host-to-Device]
3413228573,14784,186899,,,,,,,,,,0.197,13298.565,Pinned,Device,NVIDIA A100-SXM4-40GB MIG 4g.20gb (0),1,,13,[CUDA memcpy Host-to-Device]
3413251325,8128,186900,69,4,1,48,1,1,76,0.002,0.000,,,,,NVIDIA A100-SXM4-40GB MIG 4g.20gb (0),1,,13,"void ch_est::windowedChEstPreNoDftSOfdmKernel<float, __half, float, (unsigned int)2, (unsigned int)1, (unsigned short)4>(ch_est::puschRxChEstStatDescr_t *, ch_est::puschRxChEstDynDescr_t *)"
3413262813,6431,186901,137,2,1,24,2,1,44,0.001,0.001,,,,,NVIDIA A100-SXM4-40GB MIG 4g.20gb (0),1,,13,"void ch_est::chEstFilterNoDftSOfdmDispatchKernel<float, __half, float, (unsigned int)2>(ch_est::puschRxChEstStatDescr_t *, ch_est::puschRxChEstDynDescr_t *)"
3413273340,5568,186902,137,2,1,24,2,1,44,0.001,0.001,,,,,NVIDIA A100-SXM4-40GB MIG 4g.20gb (0),1,,13,"void ch_est::chEstFilterNoDftSOfdmDispatchKernel<float, __half, float, (unsigned int)2>(ch_est::puschRxChEstStatDescr_t *, ch_est::puschRxChEstDynDescr_t *)"
3413283644,2528,186913,103,1,1,128,1,1,16,0.000,0.000,,,,,NVIDIA A100-SXM4-40GB MIG 4g.20gb (0),1,,13,cupy_copy__complex64_complex64
3413289948,12640,186923,1434,1,1,128,1,1,16,0.000,0.000,,,,,NVIDIA A100-SXM4-40GB MIG 4g.20gb (0),1,,13,cupy_copy__complex64_complex64
3413304252,2880,186930,103,1,1,128,1,1,16,0.000,0.000,,,,,NVIDIA A100-SXM4-40GB MIG 4g.20gb (0),1,,13,cupy_copy__complex64_complex64
3413310172,90303,186937,1,1,1,32,32,1,30,0.000,0.000,,,,,NVIDIA A100-SXM4-40GB MIG 4g.20gb (0),1,,13,"void convert_kernel<__half2, float2>(tensor_layout_any, T1 *, tensor_layout_any, const T2 *)"
3413428058,7552,186940,,,,,,,,,,0.094,12406.756,Pinned,Device,NVIDIA A100-SXM4-40GB MIG 4g.20gb (0),1,,13,[CUDA memcpy Host-to-Device]
3413443578,46784,186941,,,,,,,,,,35.810,765401.230,Device,,NVIDIA A100-SXM4-40GB MIG 4g.20gb (0),1,,13,[CUDA memset]
3413491642,3104,186943,,,,,,,,,,0.000,25.773,Pinned,Device,NVIDIA A100-SXM4-40GB MIG 4g.20gb (0),1,,13,[CUDA memcpy Host-to-Device]
3413498042,12447,186944,,,,,,,,,,0.197,15795.487,Pinned,Device,NVIDIA A100-SXM4-40GB MIG 4g.20gb (0),1,,13,[CUDA memcpy Host-to-Device]
3413514137,12704,186945,273,1,1,48,1,1,40,0.000,0.001,,,,,NVIDIA A100-SXM4-40GB MIG 4g.20gb (0),1,,13,"void pusch_noise_intf_est::noiseIntfEstNoDftSOfdmKernel<float, __half, float, float, (unsigned int)2, (unsigned int)1, (unsigned char)4, (unsigned char)4>(pusch_noise_intf_est::puschRxNoiseIntfEstDynDescr)"
3413529721,3136,186956,35,1,1,128,1,1,16,0.000,0.000,,,,,NVIDIA A100-SXM4-40GB MIG 4g.20gb (0),1,,13,cupy_copy__complex64_complex64
3413546585,2016,186965,1,1,1,1,1,1,18,0.000,0.000,,,,,NVIDIA A100-SXM4-40GB MIG 4g.20gb (0),1,,13,cupy_copy__float32_float32
3413582169,1728,186971,,,,,,,,,,0.000,2.315,Device,Pageable,NVIDIA A100-SXM4-40GB MIG 4g.20gb (0),1,,7,[CUDA memcpy Device-to-Host]
3413642136,12768,186982,1434,1,1,128,1,1,16,0.000,0.000,,,,,NVIDIA A100-SXM4-40GB MIG 4g.20gb (0),1,,13,cupy_copy__complex64_complex64
3413668791,2912,186989,103,1,1,128,1,1,16,0.000,0.000,,,,,NVIDIA A100-SXM4-40GB MIG 4g.20gb (0),1,,13,cupy_copy__complex64_complex64
3413688503,2176,186996,35,1,1,128,1,1,16,0.000,0.000,,,,,NVIDIA A100-SXM4-40GB MIG 4g.20gb (0),1,,13,cupy_copy__complex64_complex64
3413706231,1792,187003,1,1,1,1,1,1,18,0.000,0.000,,,,,NVIDIA A100-SXM4-40GB MIG 4g.20gb (0),1,,13,cupy_copy__float32_float32
3413838133,82751,187014,1,1,1,32,32,1,30,0.000,0.000,,,,,NVIDIA A100-SXM4-40GB MIG 4g.20gb (0),1,,13,"void convert_kernel<__half2, float2>(tensor_layout_any, T1 *, tensor_layout_any, const T2 *)"
3413948212,5696,187017,,,,,,,,,,0.094,16449.363,Pinned,Device,NVIDIA A100-SXM4-40GB MIG 4g.20gb (0),1,,13,[CUDA memcpy Host-to-Device]
3413962260,3264,187018,,,,,,,,,,1.547,473842.288,Device,,NVIDIA A100-SXM4-40GB MIG 4g.20gb (0),1,,13,[CUDA memset]
3413969204,3008,187023,,,,,,,,,,0.031,10404.230,Pinned,Device,NVIDIA A100-SXM4-40GB MIG 4g.20gb (0),1,,13,[CUDA memcpy Host-to-Device]
3413974676,9408,187024,,,,,,,,,,0.197,20897.858,Pinned,Device,NVIDIA A100-SXM4-40GB MIG 4g.20gb (0),1,,13,[CUDA memcpy Host-to-Device]
3413989556,6303,187025,273,1,1,8,4,1,39,0.002,0.000,,,,,NVIDIA A100-SXM4-40GB MIG 4g.20gb (0),1,,13,"void channel_eq::eqMmseCoefCompLowMimoKernel<float, float, float, (unsigned int)4, (unsigned int)1, (unsigned int)4>(const channel_eq::_puschRxChEqStatDescr *, channel_eq::_puschRxChEqCoefCompDynDescr)"
3413996819,5664,187026,273,1,1,12,11,1,51,0.002,0.000,,,,,NVIDIA A100-SXM4-40GB MIG 4g.20gb (0),1,,13,"void channel_eq::eqMmseSoftDemapKernel<float, __half, __half, float, (unsigned int)4, (unsigned short)16383>(channel_eq::_puschRxChEqStatDescr *, channel_eq::_puschRxChEqSoftDemapDynDescr)"
3414003507,282781,187027,1,1,1,32,32,1,30,0.000,0.000,,,,,NVIDIA A100-SXM4-40GB MIG 4g.20gb (0),1,,13,"void convert_kernel<float2, __half2>(tensor_layout_any, T1 *, tensor_layout_any, const T2 *)"
3414289072,10944,187039,2253,1,1,128,1,1,16,0.000,0.000,,,,,NVIDIA A100-SXM4-40GB MIG 4g.20gb (0),1,,13,cupy_copy__float16_float16
3414303088,3552,187048,282,1,1,128,1,1,16,0.000,0.000,,,,,NVIDIA A100-SXM4-40GB MIG 4g.20gb (0),1,,13,cupy_copy__complex64_complex64
3414309232,2304,187057,26,1,1,128,1,1,16,0.000,0.000,,,,,NVIDIA A100-SXM4-40GB MIG 4g.20gb (0),1,,13,cupy_copy__float32_float32
3414312688,2879,187066,103,1,1,128,1,1,16,0.000,0.000,,,,,NVIDIA A100-SXM4-40GB MIG 4g.20gb (0),1,,13,cupy_copy__complex64_complex64
3414318287,11872,187076,1434,1,1,128,1,1,16,0.000,0.000,,,,,NVIDIA A100-SXM4-40GB MIG 4g.20gb (0),1,,13,cupy_copy__complex64_complex64
3414336559,82975,187081,1,1,1,32,32,1,30,0.000,0.000,,,,,NVIDIA A100-SXM4-40GB MIG 4g.20gb (0),1,,13,"void convert_kernel<__half2, float2>(tensor_layout_any, T1 *, tensor_layout_any, const T2 *)"
3414446478,5504,187084,,,,,,,,,,0.094,17023.251,Pinned,Device,NVIDIA A100-SXM4-40GB MIG 4g.20gb (0),1,,13,[CUDA memcpy Host-to-Device]
3414456142,601112,187085,,,,,,,,,,456.561,759261.675,Device,,NVIDIA A100-SXM4-40GB MIG 4g.20gb (0),1,,13,[CUDA memset]
3415058310,68895,187090,,,,,,,,,,1.235,17923.977,Pinned,Device,NVIDIA A100-SXM4-40GB MIG 4g.20gb (0),1,,13,[CUDA memcpy Host-to-Device]
3415131557,14752,187091,,,,,,,,,,0.197,13327.466,Pinned,Device,NVIDIA A100-SXM4-40GB MIG 4g.20gb (0),1,,13,[CUDA memcpy Host-to-Device]
3415155237,8160,187092,69,4,1,48,1,1,76,0.002,0.000,,,,,NVIDIA A100-SXM4-40GB MIG 4g.20gb (0),1,,13,"void ch_est::windowedChEstPreNoDftSOfdmKernel<float, __half, float, (unsigned int)2, (unsigned int)1, (unsigned short)4>(ch_est::puschRxChEstStatDescr_t *, ch_est::puschRxChEstDynDescr_t *)"
3415165285,7520,187093,137,2,1,24,2,1,44,0.001,0.001,,,,,NVIDIA A100-SXM4-40GB MIG 4g.20gb (0),1,,13,"void ch_est::chEstFilterNoDftSOfdmDispatchKernel<float, __half, float, (unsigned int)2>(ch_est::puschRxChEstStatDescr_t *, ch_est::puschRxChEstDynDescr_t *)"
3415175429,5024,187094,137,2,1,24,2,1,44,0.001,0.001,,,,,NVIDIA A100-SXM4-40GB MIG 4g.20gb (0),1,,13,"void ch_est::chEstFilterNoDftSOfdmDispatchKernel<float, __half, float, (unsigned int)2>(ch_est::puschRxChEstStatDescr_t *, ch_est::puschRxChEstDynDescr_t *)"
3415186277,2880,187105,103,1,1,128,1,1,16,0.000,0.000,,,,,NVIDIA A100-SXM4-40GB MIG 4g.20gb (0),1,,13,cupy_copy__complex64_complex64
3415192741,12415,187115,1434,1,1,128,1,1,16,0.000,0.000,,,,,NVIDIA A100-SXM4-40GB MIG 4g.20gb (0),1,,13,cupy_copy__complex64_complex64
3415212132,2752,187122,103,1,1,128,1,1,16,0.000,0.000,,,,,NVIDIA A100-SXM4-40GB MIG 4g.20gb (0),1,,13,cupy_copy__complex64_complex64
3415217732,89279,187129,1,1,1,32,32,1,30,0.000,0.000,,,,,NVIDIA A100-SXM4-40GB MIG 4g.20gb (0),1,,13,"void convert_kernel<__half2, float2>(tensor_layout_any, T1 *, tensor_layout_any, const T2 *)"
3415336419,9344,187132,,,,,,,,,,0.094,10027.346,Pinned,Device,NVIDIA A100-SXM4-40GB MIG 4g.20gb (0),1,,13,[CUDA memcpy Host-to-Device]
3415352355,46879,187133,,,,,,,,,,35.810,763861.404,Device,,NVIDIA A100-SXM4-40GB MIG 4g.20gb (0),1,,13,[CUDA memset]
3415403874,2720,187135,,,,,,,,,,0.000,29.412,Pinned,Device,NVIDIA A100-SXM4-40GB MIG 4g.20gb (0),1,,13,[CUDA memcpy Host-to-Device]
3415409666,11072,187136,,,,,,,,,,0.197,17757.045,Pinned,Device,NVIDIA A100-SXM4-40GB MIG 4g.20gb (0),1,,13,[CUDA memcpy Host-to-Device]
3415426466,13024,187137,273,1,1,48,1,1,40,0.000,0.001,,,,,NVIDIA A100-SXM4-40GB MIG 4g.20gb (0),1,,13,"void pusch_noise_intf_est::noiseIntfEstNoDftSOfdmKernel<float, __half, float, float, (unsigned int)2, (unsigned int)1, (unsigned char)4, (unsigned char)4>(pusch_noise_intf_est::puschRxNoiseIntfEstDynDescr)"
3415444002,3455,187148,35,1,1,128,1,1,16,0.000,0.000,,,,,NVIDIA A100-SXM4-40GB MIG 4g.20gb (0),1,,13,cupy_copy__complex64_complex64
3415463457,2016,187157,1,1,1,1,1,1,18,0.000,0.000,,,,,NVIDIA A100-SXM4-40GB MIG 4g.20gb (0),1,,13,cupy_copy__float32_float32
3415493153,1600,187163,,,,,,,,,,0.000,2.500,Device,Pageable,NVIDIA A100-SXM4-40GB MIG 4g.20gb (0),1,,7,[CUDA memcpy Device-to-Host]
3415552352,13152,187174,1434,1,1,128,1,1,16,0.000,0.000,,,,,NVIDIA A100-SXM4-40GB MIG 4g.20gb (0),1,,13,cupy_copy__complex64_complex64
3415580448,2976,187181,103,1,1,128,1,1,16,0.000,0.000,,,,,NVIDIA A100-SXM4-40GB MIG 4g.20gb (0),1,,13,cupy_copy__complex64_complex64
3415601216,2208,187188,35,1,1,128,1,1,16,0.000,0.000,,,,,NVIDIA A100-SXM4-40GB MIG 4g.20gb (0),1,,13,cupy_copy__complex64_complex64
3415618335,1920,187195,1,1,1,1,1,1,18,0.000,0.000,,,,,NVIDIA A100-SXM4-40GB MIG 4g.20gb (0),1,,13,cupy_copy__float32_float32
3415793469,82303,187206,1,1,1,32,32,1,30,0.000,0.000,,,,,NVIDIA A100-SXM4-40GB MIG 4g.20gb (0),1,,13,"void convert_kernel<__half2, float2>(tensor_layout_any, T1 *, tensor_layout_any, const T2 *)"
3415902940,5376,187209,,,,,,,,,,0.094,17428.487,Pinned,Device,NVIDIA A100-SXM4-40GB MIG 4g.20gb (0),1,,13,[CUDA memcpy Host-to-Device]
3415917276,3264,187210,,,,,,,,,,1.547,473842.288,Device,,NVIDIA A100-SXM4-40GB MIG 4g.20gb (0),1,,13,[CUDA memset]
3415924060,3136,187215,,,,,,,,,,0.031,9979.575,Pinned,Device,NVIDIA A100-SXM4-40GB MIG 4g.20gb (0),1,,13,[CUDA memcpy Host-to-Device]
3415929628,9471,187216,,,,,,,,,,0.197,20758.856,Pinned,Device,NVIDIA A100-SXM4-40GB MIG 4g.20gb (0),1,,13,[CUDA memcpy Host-to-Device]
3415943387,6272,187217,273,1,1,8,4,1,39,0.002,0.000,,,,,NVIDIA A100-SXM4-40GB MIG 4g.20gb (0),1,,13,"void channel_eq::eqMmseCoefCompLowMimoKernel<float, float, float, (unsigned int)4, (unsigned int)1, (unsigned int)4>(const channel_eq::_puschRxChEqStatDescr *, channel_eq::_puschRxChEqCoefCompDynDescr)"
3415950779,6080,187218,273,1,1,12,11,1,51,0.002,0.000,,,,,NVIDIA A100-SXM4-40GB MIG 4g.20gb (0),1,,13,"void channel_eq::eqMmseSoftDemapKernel<float, __half, __half, float, (unsigned int)4, (unsigned short)16383>(channel_eq::_puschRxChEqStatDescr *, channel_eq::_puschRxChEqSoftDemapDynDescr)"
3415957915,282365,187219,1,1,1,32,32,1,30,0.000,0.000,,,,,NVIDIA A100-SXM4-40GB MIG 4g.20gb (0),1,,13,"void convert_kernel<float2, __half2>(tensor_layout_any, T1 *, tensor_layout_any, const T2 *)"
3416241336,10976,187231,2253,1,1,128,1,1,16,0.000,0.000,,,,,NVIDIA A100-SXM4-40GB MIG 4g.20gb (0),1,,13,cupy_copy__float16_float16
3416256311,3648,187240,282,1,1,128,1,1,16,0.000,0.000,,,,,NVIDIA A100-SXM4-40GB MIG 4g.20gb (0),1,,13,cupy_copy__complex64_complex64
3416260887,2048,187249,26,1,1,128,1,1,16,0.000,0.000,,,,,NVIDIA A100-SXM4-40GB MIG 4g.20gb (0),1,,13,cupy_copy__float32_float32
3416265975,3200,187258,103,1,1,128,1,1,16,0.000,0.000,,,,,NVIDIA A100-SXM4-40GB MIG 4g.20gb (0),1,,13,cupy_copy__complex64_complex64
3416272311,12320,187268,1434,1,1,128,1,1,16,0.000,0.000,,,,,NVIDIA A100-SXM4-40GB MIG 4g.20gb (0),1,,13,cupy_copy__complex64_complex64
3416294295,87615,187273,1,1,1,32,32,1,30,0.000,0.000,,,,,NVIDIA A100-SXM4-40GB MIG 4g.20gb (0),1,,13,"void convert_kernel<__half2, float2>(tensor_layout_any, T1 *, tensor_layout_any, const T2 *)"
3416408342,5536,187276,,,,,,,,,,0.094,16924.777,Pinned,Device,NVIDIA A100-SXM4-40GB MIG 4g.20gb (0),1,,13,[CUDA memcpy Host-to-Device]
3416418389,603257,187277,,,,,,,,,,456.561,756522.306,Device,,NVIDIA A100-SXM4-40GB MIG 4g.20gb (0),1,,13,[CUDA memset]
3417027278,68895,187282,,,,,,,,,,1.235,17923.977,Pinned,Device,NVIDIA A100-SXM4-40GB MIG 4g.20gb (0),1,,13,[CUDA memcpy Host-to-Device]
3417098957,14048,187283,,,,,,,,,,0.197,13995.344,Pinned,Device,NVIDIA A100-SXM4-40GB MIG 4g.20gb (0),1,,13,[CUDA memcpy Host-to-Device]
3417118445,8512,187284,69,4,1,48,1,1,76,0.002,0.000,,,,,NVIDIA A100-SXM4-40GB MIG 4g.20gb (0),1,,13,"void ch_est::windowedChEstPreNoDftSOfdmKernel<float, __half, float, (unsigned int)2, (unsigned int)1, (unsigned short)4>(ch_est::puschRxChEstStatDescr_t *, ch_est::puschRxChEstDynDescr_t *)"
3417129709,6336,187285,137,2,1,24,2,1,44,0.001,0.001,,,,,NVIDIA A100-SXM4-40GB MIG 4g.20gb (0),1,,13,"void ch_est::chEstFilterNoDftSOfdmDispatchKernel<float, __half, float, (unsigned int)2>(ch_est::puschRxChEstStatDescr_t *, ch_est::puschRxChEstDynDescr_t *)"
3417141261,5279,187286,137,2,1,24,2,1,44,0.001,0.001,,,,,NVIDIA A100-SXM4-40GB MIG 4g.20gb (0),1,,13,"void ch_est::chEstFilterNoDftSOfdmDispatchKernel<float, __half, float, (unsigned int)2>(ch_est::puschRxChEstStatDescr_t *, ch_est::puschRxChEstDynDescr_t *)"
3417151628,2848,187297,103,1,1,128,1,1,16,0.000,0.000,,,,,NVIDIA A100-SXM4-40GB MIG 4g.20gb (0),1,,13,cupy_copy__complex64_complex64
3417156780,12640,187307,1434,1,1,128,1,1,16,0.000,0.000,,,,,NVIDIA A100-SXM4-40GB MIG 4g.20gb (0),1,,13,cupy_copy__complex64_complex64
3417174252,2496,187314,103,1,1,128,1,1,16,0.000,0.000,,,,,NVIDIA A100-SXM4-40GB MIG 4g.20gb (0),1,,13,cupy_copy__complex64_complex64
3417180748,88031,187321,1,1,1,32,32,1,30,0.000,0.000,,,,,NVIDIA A100-SXM4-40GB MIG 4g.20gb (0),1,,13,"void convert_kernel<__half2, float2>(tensor_layout_any, T1 *, tensor_layout_any, const T2 *)"
3417296459,8832,187324,,,,,,,,,,0.094,10608.636,Pinned,Device,NVIDIA A100-SXM4-40GB MIG 4g.20gb (0),1,,13,[CUDA memcpy Host-to-Device]
3417311594,47648,187325,,,,,,,,,,35.810,751542.791,Device,,NVIDIA A100-SXM4-40GB MIG 4g.20gb (0),1,,13,[CUDA memset]
3417360746,3040,187327,,,,,,,,,,0.000,26.316,Pinned,Device,NVIDIA A100-SXM4-40GB MIG 4g.20gb (0),1,,13,[CUDA memcpy Host-to-Device]
3417367658,12448,187328,,,,,,,,,,0.197,15794.307,Pinned,Device,NVIDIA A100-SXM4-40GB MIG 4g.20gb (0),1,,13,[CUDA memcpy Host-to-Device]
3417387050,9823,187329,273,1,1,48,1,1,40,0.000,0.001,,,,,NVIDIA A100-SXM4-40GB MIG 4g.20gb (0),1,,13,"void pusch_noise_intf_est::noiseIntfEstNoDftSOfdmKernel<float, __half, float, float, (unsigned int)2, (unsigned int)1, (unsigned char)4, (unsigned char)4>(pusch_noise_intf_est::puschRxNoiseIntfEstDynDescr)"
3417400521,3040,187340,35,1,1,128,1,1,16,0.000,0.000,,,,,NVIDIA A100-SXM4-40GB MIG 4g.20gb (0),1,,13,cupy_copy__complex64_complex64
3417420233,1952,187349,1,1,1,1,1,1,18,0.000,0.000,,,,,NVIDIA A100-SXM4-40GB MIG 4g.20gb (0),1,,13,cupy_copy__float32_float32
3417463785,1600,187355,,,,,,,,,,0.000,2.500,Device,Pageable,NVIDIA A100-SXM4-40GB MIG 4g.20gb (0),1,,7,[CUDA memcpy Device-to-Host]
3417524392,13120,187366,1434,1,1,128,1,1,16,0.000,0.000,,,,,NVIDIA A100-SXM4-40GB MIG 4g.20gb (0),1,,13,cupy_copy__complex64_complex64
3417551175,2848,187373,103,1,1,128,1,1,16,0.000,0.000,,,,,NVIDIA A100-SXM4-40GB MIG 4g.20gb (0),1,,13,cupy_copy__complex64_complex64
3417572967,2464,187380,35,1,1,128,1,1,16,0.000,0.000,,,,,NVIDIA A100-SXM4-40GB MIG 4g.20gb (0),1,,13,cupy_copy__complex64_complex64
3417590439,1728,187387,1,1,1,1,1,1,18,0.000,0.000,,,,,NVIDIA A100-SXM4-40GB MIG 4g.20gb (0),1,,13,cupy_copy__float32_float32
3417720133,81599,187398,1,1,1,32,32,1,30,0.000,0.000,,,,,NVIDIA A100-SXM4-40GB MIG 4g.20gb (0),1,,13,"void convert_kernel<__half2, float2>(tensor_layout_any, T1 *, tensor_layout_any, const T2 *)"
3417829124,5568,187401,,,,,,,,,,0.094,16827.521,Pinned,Device,NVIDIA A100-SXM4-40GB MIG 4g.20gb (0),1,,13,[CUDA memcpy Host-to-Device]
3417844708,3456,187402,,,,,,,,,,1.547,447517.201,Device,,NVIDIA A100-SXM4-40GB MIG 4g.20gb (0),1,,13,[CUDA memset]
3417850948,3040,187407,,,,,,,,,,0.031,10294.725,Pinned,Device,NVIDIA A100-SXM4-40GB MIG 4g.20gb (0),1,,13,[CUDA memcpy Host-to-Device]
3417856420,9696,187408,,,,,,,,,,0.197,20277.166,Pinned,Device,NVIDIA A100-SXM4-40GB MIG 4g.20gb (0),1,,13,[CUDA memcpy Host-to-Device]
3417870852,6079,187409,273,1,1,8,4,1,39,0.002,0.000,,,,,NVIDIA A100-SXM4-40GB MIG 4g.20gb (0),1,,13,"void channel_eq::eqMmseCoefCompLowMimoKernel<float, float, float, (unsigned int)4, (unsigned int)1, (unsigned int)4>(const channel_eq::_puschRxChEqStatDescr *, channel_eq::_puschRxChEqCoefCompDynDescr)"
3417877891,6368,187410,273,1,1,12,11,1,51,0.002,0.000,,,,,NVIDIA A100-SXM4-40GB MIG 4g.20gb (0),1,,13,"void channel_eq::eqMmseSoftDemapKernel<float, __half, __half, float, (unsigned int)4, (unsigned short)16383>(channel_eq::_puschRxChEqStatDescr *, channel_eq::_puschRxChEqSoftDemapDynDescr)"
3417885187,283133,187411,1,1,1,32,32,1,30,0.000,0.000,,,,,NVIDIA A100-SXM4-40GB MIG 4g.20gb (0),1,,13,"void convert_kernel<float2, __half2>(tensor_layout_any, T1 *, tensor_layout_any, const T2 *)"
3418169408,10944,187423,2253,1,1,128,1,1,16,0.000,0.000,,,,,NVIDIA A100-SXM4-40GB MIG 4g.20gb (0),1,,13,cupy_copy__float16_float16
3418181792,3136,187432,282,1,1,128,1,1,16,0.000,0.000,,,,,NVIDIA A100-SXM4-40GB MIG 4g.20gb (0),1,,13,cupy_copy__complex64_complex64
3418187616,2208,187441,26,1,1,128,1,1,16,0.000,0.000,,,,,NVIDIA A100-SXM4-40GB MIG 4g.20gb (0),1,,13,cupy_copy__float32_float32
3418191840,3840,187450,103,1,1,128,1,1,16,0.000,0.000,,,,,NVIDIA A100-SXM4-40GB MIG 4g.20gb (0),1,,13,cupy_copy__complex64_complex64
3418198207,12384,187460,1434,1,1,128,1,1,16,0.000,0.000,,,,,NVIDIA A100-SXM4-40GB MIG 4g.20gb (0),1,,13,cupy_copy__complex64_complex64
3418222111,82111,187465,1,1,1,32,32,1,30,0.000,0.000,,,,,NVIDIA A100-SXM4-40GB MIG 4g.20gb (0),1,,13,"void convert_kernel<__half2, float2>(tensor_layout_any, T1 *, tensor_layout_any, const T2 *)"
3418330622,5408,187468,,,,,,,,,,0.094,17325.421,Pinned,Device,NVIDIA A100-SXM4-40GB MIG 4g.20gb (0),1,,13,[CUDA memcpy Host-to-Device]
3418340958,608984,187469,,,,,,,,,,456.561,749673.884,Device,,NVIDIA A100-SXM4-40GB MIG 4g.20gb (0),1,,13,[CUDA memset]
3418958518,70207,187474,,,,,,,,,,1.235,17589.307,Pinned,Device,NVIDIA A100-SXM4-40GB MIG 4g.20gb (0),1,,13,[CUDA memcpy Host-to-Device]
3419032789,14848,187475,,,,,,,,,,0.197,13241.352,Pinned,Device,NVIDIA A100-SXM4-40GB MIG 4g.20gb (0),1,,13,[CUDA memcpy Host-to-Device]
3419056245,8256,187476,69,4,1,48,1,1,76,0.002,0.000,,,,,NVIDIA A100-SXM4-40GB MIG 4g.20gb (0),1,,13,"void ch_est::windowedChEstPreNoDftSOfdmKernel<float, __half, float, (unsigned int)2, (unsigned int)1, (unsigned short)4>(ch_est::puschRxChEstStatDescr_t *, ch_est::puschRxChEstDynDescr_t *)"
3419067573,6560,187477,137,2,1,24,2,1,44,0.001,0.001,,,,,NVIDIA A100-SXM4-40GB MIG 4g.20gb (0),1,,13,"void ch_est::chEstFilterNoDftSOfdmDispatchKernel<float, __half, float, (unsigned int)2>(ch_est::puschRxChEstStatDescr_t *, ch_est::puschRxChEstDynDescr_t *)"
3419077941,5248,187478,137,2,1,24,2,1,44,0.001,0.001,,,,,NVIDIA A100-SXM4-40GB MIG 4g.20gb (0),1,,13,"void ch_est::chEstFilterNoDftSOfdmDispatchKernel<float, __half, float, (unsigned int)2>(ch_est::puschRxChEstStatDescr_t *, ch_est::puschRxChEstDynDescr_t *)"
3419089524,2784,187489,103,1,1,128,1,1,16,0.000,0.000,,,,,NVIDIA A100-SXM4-40GB MIG 4g.20gb (0),1,,13,cupy_copy__complex64_complex64
3419095188,12704,187499,1434,1,1,128,1,1,16,0.000,0.000,,,,,NVIDIA A100-SXM4-40GB MIG 4g.20gb (0),1,,13,cupy_copy__complex64_complex64
3419110644,2624,187506,103,1,1,128,1,1,16,0.000,0.000,,,,,NVIDIA A100-SXM4-40GB MIG 4g.20gb (0),1,,13,cupy_copy__complex64_complex64
3419116980,83711,187513,1,1,1,32,32,1,30,0.000,0.000,,,,,NVIDIA A100-SXM4-40GB MIG 4g.20gb (0),1,,13,"void convert_kernel<__half2, float2>(tensor_layout_any, T1 *, tensor_layout_any, const T2 *)"
3419229587,8320,187516,,,,,,,,,,0.094,11261.510,Pinned,Device,NVIDIA A100-SXM4-40GB MIG 4g.20gb (0),1,,13,[CUDA memcpy Host-to-Device]
3419242899,48383,187517,,,,,,,,,,35.810,740119.427,Device,,NVIDIA A100-SXM4-40GB MIG 4g.20gb (0),1,,13,[CUDA memset]
3419298482,2944,187519,,,,,,,,,,0.000,27.174,Pinned,Device,NVIDIA A100-SXM4-40GB MIG 4g.20gb (0),1,,13,[CUDA memcpy Host-to-Device]
3419304594,12192,187520,,,,,,,,,,0.197,16125.788,Pinned,Device,NVIDIA A100-SXM4-40GB MIG 4g.20gb (0),1,,13,[CUDA memcpy Host-to-Device]
3419320978,9471,187521,273,1,1,48,1,1,40,0.000,0.001,,,,,NVIDIA A100-SXM4-40GB MIG 4g.20gb (0),1,,13,"void pusch_noise_intf_est::noiseIntfEstNoDftSOfdmKernel<float, __half, float, float, (unsigned int)2, (unsigned int)1, (unsigned char)4, (unsigned char)4>(pusch_noise_intf_est::puschRxNoiseIntfEstDynDescr)"
3419333649,3008,187532,35,1,1,128,1,1,16,0.000,0.000,,,,,NVIDIA A100-SXM4-40GB MIG 4g.20gb (0),1,,13,cupy_copy__complex64_complex64
3419354033,1984,187541,1,1,1,1,1,1,18,0.000,0.000,,,,,NVIDIA A100-SXM4-40GB MIG 4g.20gb (0),1,,13,cupy_copy__float32_float32
3419385073,1664,187547,,,,,,,,,,0.000,2.404,Device,Pageable,NVIDIA A100-SXM4-40GB MIG 4g.20gb (0),1,,7,[CUDA memcpy Device-to-Host]
3419445200,12960,187558,1434,1,1,128,1,1,16,0.000,0.000,,,,,NVIDIA A100-SXM4-40GB MIG 4g.20gb (0),1,,13,cupy_copy__complex64_complex64
3419472400,2624,187565,103,1,1,128,1,1,16,0.000,0.000,,,,,NVIDIA A100-SXM4-40GB MIG 4g.20gb (0),1,,13,cupy_copy__complex64_complex64
3419493359,2592,187572,35,1,1,128,1,1,16,0.000,0.000,,,,,NVIDIA A100-SXM4-40GB MIG 4g.20gb (0),1,,13,cupy_copy__complex64_complex64
3419513071,2112,187579,1,1,1,1,1,1,18,0.000,0.000,,,,,NVIDIA A100-SXM4-40GB MIG 4g.20gb (0),1,,13,cupy_copy__float32_float32
3419641838,82623,187590,1,1,1,32,32,1,30,0.000,0.000,,,,,NVIDIA A100-SXM4-40GB MIG 4g.20gb (0),1,,13,"void convert_kernel<__half2, float2>(tensor_layout_any, T1 *, tensor_layout_any, const T2 *)"
3419751788,5728,187593,,,,,,,,,,0.094,16357.541,Pinned,Device,NVIDIA A100-SXM4-40GB MIG 4g.20gb (0),1,,13,[CUDA memcpy Host-to-Device]
3419766668,3552,187594,,,,,,,,,,1.547,435422.601,Device,,NVIDIA A100-SXM4-40GB MIG 4g.20gb (0),1,,13,[CUDA memset]
3419773196,3264,187599,,,,,,,,,,0.031,9588.218,Pinned,Device,NVIDIA A100-SXM4-40GB MIG 4g.20gb (0),1,,13,[CUDA memcpy Host-to-Device]
3419778892,9376,187600,,,,,,,,,,0.197,20969.226,Pinned,Device,NVIDIA A100-SXM4-40GB MIG 4g.20gb (0),1,,13,[CUDA memcpy Host-to-Device]
3419792172,5920,187601,273,1,1,8,4,1,39,0.002,0.000,,,,,NVIDIA A100-SXM4-40GB MIG 4g.20gb (0),1,,13,"void channel_eq::eqMmseCoefCompLowMimoKernel<float, float, float, (unsigned int)4, (unsigned int)1, (unsigned int)4>(const channel_eq::_puschRxChEqStatDescr *, channel_eq::_puschRxChEqCoefCompDynDescr)"
3419800812,7328,187602,273,1,1,12,11,1,51,0.002,0.000,,,,,NVIDIA A100-SXM4-40GB MIG 4g.20gb (0),1,,13,"void channel_eq::eqMmseSoftDemapKernel<float, __half, __half, float, (unsigned int)4, (unsigned short)16383>(channel_eq::_puschRxChEqStatDescr *, channel_eq::_puschRxChEqSoftDemapDynDescr)"
3419809132,282300,187603,1,1,1,32,32,1,30,0.000,0.000,,,,,NVIDIA A100-SXM4-40GB MIG 4g.20gb (0),1,,13,"void convert_kernel<float2, __half2>(tensor_layout_any, T1 *, tensor_layout_any, const T2 *)"
3420092456,11136,187615,2253,1,1,128,1,1,16,0.000,0.000,,,,,NVIDIA A100-SXM4-40GB MIG 4g.20gb (0),1,,13,cupy_copy__float16_float16
3420105864,3840,187624,282,1,1,128,1,1,16,0.000,0.000,,,,,NVIDIA A100-SXM4-40GB MIG 4g.20gb (0),1,,13,cupy_copy__complex64_complex64
3420110888,2144,187633,26,1,1,128,1,1,16,0.000,0.000,,,,,NVIDIA A100-SXM4-40GB MIG 4g.20gb (0),1,,13,cupy_copy__float32_float32
3420116424,4064,187642,103,1,1,128,1,1,16,0.000,0.000,,,,,NVIDIA A100-SXM4-40GB MIG 4g.20gb (0),1,,13,cupy_copy__complex64_complex64
3420123624,11872,187652,1434,1,1,128,1,1,16,0.000,0.000,,,,,NVIDIA A100-SXM4-40GB MIG 4g.20gb (0),1,,13,cupy_copy__complex64_complex64
3420140967,81503,187657,1,1,1,32,32,1,30,0.000,0.000,,,,,NVIDIA A100-SXM4-40GB MIG 4g.20gb (0),1,,13,"void convert_kernel<__half2, float2>(tensor_layout_any, T1 *, tensor_layout_any, const T2 *)"
3420249638,5376,187660,,,,,,,,,,0.094,17428.487,Pinned,Device,NVIDIA A100-SXM4-40GB MIG 4g.20gb (0),1,,13,[CUDA memcpy Host-to-Device]
3420262150,610904,187661,,,,,,,,,,456.561,746934.516,Device,,NVIDIA A100-SXM4-40GB MIG 4g.20gb (0),1,,13,[CUDA memset]
3420881566,71583,187666,,,,,,,,,,1.235,17250.933,Pinned,Device,NVIDIA A100-SXM4-40GB MIG 4g.20gb (0),1,,13,[CUDA memcpy Host-to-Device]
3420956381,14976,187667,,,,,,,,,,0.197,13128.106,Pinned,Device,NVIDIA A100-SXM4-40GB MIG 4g.20gb (0),1,,13,[CUDA memcpy Host-to-Device]
3420979069,8000,187668,69,4,1,48,1,1,76,0.002,0.000,,,,,NVIDIA A100-SXM4-40GB MIG 4g.20gb (0),1,,13,"void ch_est::windowedChEstPreNoDftSOfdmKernel<float, __half, float, (unsigned int)2, (unsigned int)1, (unsigned short)4>(ch_est::puschRxChEstStatDescr_t *, ch_est::puschRxChEstDynDescr_t *)"
3420990685,6592,187669,137,2,1,24,2,1,44,0.001,0.001,,,,,NVIDIA A100-SXM4-40GB MIG 4g.20gb (0),1,,13,"void ch_est::chEstFilterNoDftSOfdmDispatchKernel<float, __half, float, (unsigned int)2>(ch_est::puschRxChEstStatDescr_t *, ch_est::puschRxChEstDynDescr_t *)"
3420999549,6880,187670,137,2,1,24,2,1,44,0.001,0.001,,,,,NVIDIA A100-SXM4-40GB MIG 4g.20gb (0),1,,13,"void ch_est::chEstFilterNoDftSOfdmDispatchKernel<float, __half, float, (unsigned int)2>(ch_est::puschRxChEstStatDescr_t *, ch_est::puschRxChEstDynDescr_t *)"
3421009533,2560,187681,103,1,1,128,1,1,16,0.000,0.000,,,,,NVIDIA A100-SXM4-40GB MIG 4g.20gb (0),1,,13,cupy_copy__complex64_complex64
3421015773,12352,187691,1434,1,1,128,1,1,16,0.000,0.000,,,,,NVIDIA A100-SXM4-40GB MIG 4g.20gb (0),1,,13,cupy_copy__complex64_complex64
3421030908,2656,187698,103,1,1,128,1,1,16,0.000,0.000,,,,,NVIDIA A100-SXM4-40GB MIG 4g.20gb (0),1,,13,cupy_copy__complex64_complex64
3421037244,90559,187705,1,1,1,32,32,1,30,0.000,0.000,,,,,NVIDIA A100-SXM4-40GB MIG 4g.20gb (0),1,,13,"void convert_kernel<__half2, float2>(tensor_layout_any, T1 *, tensor_layout_any, const T2 *)"
3421157371,10080,187708,,,,,,,,,,0.094,9295.205,Pinned,Device,NVIDIA A100-SXM4-40GB MIG 4g.20gb (0),1,,13,[CUDA memcpy Host-to-Device]
3421172827,47455,187709,,,,,,,,,,35.810,754586.634,Device,,NVIDIA A100-SXM4-40GB MIG 4g.20gb (0),1,,13,[CUDA memset]
3421226650,4320,187711,,,,,,,,,,0.000,18.518,Pinned,Device,NVIDIA A100-SXM4-40GB MIG 4g.20gb (0),1,,13,[CUDA memcpy Host-to-Device]
3421233882,11808,187712,,,,,,,,,,0.197,16650.338,Pinned,Device,NVIDIA A100-SXM4-40GB MIG 4g.20gb (0),1,,13,[CUDA memcpy Host-to-Device]
3421251706,11456,187713,273,1,1,48,1,1,40,0.000,0.001,,,,,NVIDIA A100-SXM4-40GB MIG 4g.20gb (0),1,,13,"void pusch_noise_intf_est::noiseIntfEstNoDftSOfdmKernel<float, __half, float, float, (unsigned int)2, (unsigned int)1, (unsigned char)4, (unsigned char)4>(pusch_noise_intf_est::puschRxNoiseIntfEstDynDescr)"
3421265434,3008,187724,35,1,1,128,1,1,16,0.000,0.000,,,,,NVIDIA A100-SXM4-40GB MIG 4g.20gb (0),1,,13,cupy_copy__complex64_complex64
3421281049,1888,187733,1,1,1,1,1,1,18,0.000,0.000,,,,,NVIDIA A100-SXM4-40GB MIG 4g.20gb (0),1,,13,cupy_copy__float32_float32
3421310489,1568,187739,,,,,,,,,,0.000,2.551,Device,Pageable,NVIDIA A100-SXM4-40GB MIG 4g.20gb (0),1,,7,[CUDA memcpy Device-to-Host]
3421369656,12928,187750,1434,1,1,128,1,1,16,0.000,0.000,,,,,NVIDIA A100-SXM4-40GB MIG 4g.20gb (0),1,,13,cupy_copy__complex64_complex64
3421396344,2880,187757,103,1,1,128,1,1,16,0.000,0.000,,,,,NVIDIA A100-SXM4-40GB MIG 4g.20gb (0),1,,13,cupy_copy__complex64_complex64
3421417528,2400,187764,35,1,1,128,1,1,16,0.000,0.000,,,,,NVIDIA A100-SXM4-40GB MIG 4g.20gb (0),1,,13,cupy_copy__complex64_complex64
3421434807,1792,187771,1,1,1,1,1,1,18,0.000,0.000,,,,,NVIDIA A100-SXM4-40GB MIG 4g.20gb (0),1,,13,cupy_copy__float32_float32
3421566294,81599,187782,1,1,1,32,32,1,30,0.000,0.000,,,,,NVIDIA A100-SXM4-40GB MIG 4g.20gb (0),1,,13,"void convert_kernel<__half2, float2>(tensor_layout_any, T1 *, tensor_layout_any, const T2 *)"
3421675413,5599,187785,,,,,,,,,,0.094,16734.387,Pinned,Device,NVIDIA A100-SXM4-40GB MIG 4g.20gb (0),1,,13,[CUDA memcpy Host-to-Device]
3421689780,3488,187786,,,,,,,,,,1.547,443412.461,Device,,NVIDIA A100-SXM4-40GB MIG 4g.20gb (0),1,,13,[CUDA memset]
3421697012,3008,187791,,,,,,,,,,0.031,10404.230,Pinned,Device,NVIDIA A100-SXM4-40GB MIG 4g.20gb (0),1,,13,[CUDA memcpy Host-to-Device]
3421702452,9408,187792,,,,,,,,,,0.197,20897.858,Pinned,Device,NVIDIA A100-SXM4-40GB MIG 4g.20gb (0),1,,13,[CUDA memcpy Host-to-Device]
3421716340,8032,187793,273,1,1,8,4,1,39,0.002,0.000,,,,,NVIDIA A100-SXM4-40GB MIG 4g.20gb (0),1,,13,"void channel_eq::eqMmseCoefCompLowMimoKernel<float, float, float, (unsigned int)4, (unsigned int)1, (unsigned int)4>(const channel_eq::_puschRxChEqStatDescr *, channel_eq::_puschRxChEqCoefCompDynDescr)"
3421725492,6208,187794,273,1,1,12,11,1,51,0.002,0.000,,,,,NVIDIA A100-SXM4-40GB MIG 4g.20gb (0),1,,13,"void channel_eq::eqMmseSoftDemapKernel<float, __half, __half, float, (unsigned int)4, (unsigned short)16383>(channel_eq::_puschRxChEqStatDescr *, channel_eq::_puschRxChEqSoftDemapDynDescr)"
3421732724,282620,187795,1,1,1,32,32,1,30,0.000,0.000,,,,,NVIDIA A100-SXM4-40GB MIG 4g.20gb (0),1,,13,"void convert_kernel<float2, __half2>(tensor_layout_any, T1 *, tensor_layout_any, const T2 *)"
3422016432,10720,187807,2253,1,1,128,1,1,16,0.000,0.000,,,,,NVIDIA A100-SXM4-40GB MIG 4g.20gb (0),1,,13,cupy_copy__float16_float16
3422028208,2976,187816,282,1,1,128,1,1,16,0.000,0.000,,,,,NVIDIA A100-SXM4-40GB MIG 4g.20gb (0),1,,13,cupy_copy__complex64_complex64
3422033168,2624,187825,26,1,1,128,1,1,16,0.000,0.000,,,,,NVIDIA A100-SXM4-40GB MIG 4g.20gb (0),1,,13,cupy_copy__float32_float32
3422038960,3008,187834,103,1,1,128,1,1,16,0.000,0.000,,,,,NVIDIA A100-SXM4-40GB MIG 4g.20gb (0),1,,13,cupy_copy__complex64_complex64
3422042992,12000,187844,1434,1,1,128,1,1,16,0.000,0.000,,,,,NVIDIA A100-SXM4-40GB MIG 4g.20gb (0),1,,13,cupy_copy__complex64_complex64
3422068272,87711,187849,1,1,1,32,32,1,30,0.000,0.000,,,,,NVIDIA A100-SXM4-40GB MIG 4g.20gb (0),1,,13,"void convert_kernel<__half2, float2>(tensor_layout_any, T1 *, tensor_layout_any, const T2 *)"
3422183150,5504,187852,,,,,,,,,,0.094,17023.251,Pinned,Device,NVIDIA A100-SXM4-40GB MIG 4g.20gb (0),1,,13,[CUDA memcpy Host-to-Device]
3422192526,601497,187853,,,,,,,,,,456.561,758805.113,Device,,NVIDIA A100-SXM4-40GB MIG 4g.20gb (0),1,,13,[CUDA memset]
3422798471,67999,187858,,,,,,,,,,1.235,18161.086,Pinned,Device,NVIDIA A100-SXM4-40GB MIG 4g.20gb (0),1,,13,[CUDA memcpy Host-to-Device]
3422869702,14752,187859,,,,,,,,,,0.197,13327.466,Pinned,Device,NVIDIA A100-SXM4-40GB MIG 4g.20gb (0),1,,13,[CUDA memcpy Host-to-Device]
3422890021,8320,187860,69,4,1,48,1,1,76,0.002,0.000,,,,,NVIDIA A100-SXM4-40GB MIG 4g.20gb (0),1,,13,"void ch_est::windowedChEstPreNoDftSOfdmKernel<float, __half, float, (unsigned int)2, (unsigned int)1, (unsigned short)4>(ch_est::puschRxChEstStatDescr_t *, ch_est::puschRxChEstDynDescr_t *)"
3422904869,6784,187861,137,2,1,24,2,1,44,0.001,0.001,,,,,NVIDIA A100-SXM4-40GB MIG 4g.20gb (0),1,,13,"void ch_est::chEstFilterNoDftSOfdmDispatchKernel<float, __half, float, (unsigned int)2>(ch_est::puschRxChEstStatDescr_t *, ch_est::puschRxChEstDynDescr_t *)"
3422915525,5280,187862,137,2,1,24,2,1,44,0.001,0.001,,,,,NVIDIA A100-SXM4-40GB MIG 4g.20gb (0),1,,13,"void ch_est::chEstFilterNoDftSOfdmDispatchKernel<float, __half, float, (unsigned int)2>(ch_est::puschRxChEstStatDescr_t *, ch_est::puschRxChEstDynDescr_t *)"
3422926181,2720,187873,103,1,1,128,1,1,16,0.000,0.000,,,,,NVIDIA A100-SXM4-40GB MIG 4g.20gb (0),1,,13,cupy_copy__complex64_complex64
3422931685,12288,187883,1434,1,1,128,1,1,16,0.000,0.000,,,,,NVIDIA A100-SXM4-40GB MIG 4g.20gb (0),1,,13,cupy_copy__complex64_complex64
3422945669,2592,187890,103,1,1,128,1,1,16,0.000,0.000,,,,,NVIDIA A100-SXM4-40GB MIG 4g.20gb (0),1,,13,cupy_copy__complex64_complex64
3422951397,82623,187897,1,1,1,32,32,1,30,0.000,0.000,,,,,NVIDIA A100-SXM4-40GB MIG 4g.20gb (0),1,,13,"void convert_kernel<__half2, float2>(tensor_layout_any, T1 *, tensor_layout_any, const T2 *)"
3423063011,8288,187900,,,,,,,,,,0.094,11304.985,Pinned,Device,NVIDIA A100-SXM4-40GB MIG 4g.20gb (0),1,,13,[CUDA memcpy Host-to-Device]
3423080163,46528,187901,,,,,,,,,,35.810,769626.801,Device,,NVIDIA A100-SXM4-40GB MIG 4g.20gb (0),1,,13,[CUDA memset]
3423132802,2464,187903,,,,,,,,,,0.000,32.468,Pinned,Device,NVIDIA A100-SXM4-40GB MIG 4g.20gb (0),1,,13,[CUDA memcpy Host-to-Device]
3423138274,15104,187904,,,,,,,,,,0.197,13016.826,Pinned,Device,NVIDIA A100-SXM4-40GB MIG 4g.20gb (0),1,,13,[CUDA memcpy Host-to-Device]
3423161602,9792,187905,273,1,1,48,1,1,40,0.000,0.001,,,,,NVIDIA A100-SXM4-40GB MIG 4g.20gb (0),1,,13,"void pusch_noise_intf_est::noiseIntfEstNoDftSOfdmKernel<float, __half, float, float, (unsigned int)2, (unsigned int)1, (unsigned char)4, (unsigned char)4>(pusch_noise_intf_est::puschRxNoiseIntfEstDynDescr)"
3423176738,3040,187916,35,1,1,128,1,1,16,0.000,0.000,,,,,NVIDIA A100-SXM4-40GB MIG 4g.20gb (0),1,,13,cupy_copy__complex64_complex64
3423184642,2048,187925,1,1,1,1,1,1,18,0.000,0.000,,,,,NVIDIA A100-SXM4-40GB MIG 4g.20gb (0),1,,13,cupy_copy__float32_float32
3423216865,1600,187931,,,,,,,,,,0.000,2.500,Device,Pageable,NVIDIA A100-SXM4-40GB MIG 4g.20gb (0),1,,7,[CUDA memcpy Device-to-Host]
3423276961,13120,187942,1434,1,1,128,1,1,16,0.000,0.000,,,,,NVIDIA A100-SXM4-40GB MIG 4g.20gb (0),1,,13,cupy_copy__complex64_complex64
3423303328,2752,187949,103,1,1,128,1,1,16,0.000,0.000,,,,,NVIDIA A100-SXM4-40GB MIG 4g.20gb (0),1,,13,cupy_copy__complex64_complex64
3423324288,2752,187956,35,1,1,128,1,1,16,0.000,0.000,,,,,NVIDIA A100-SXM4-40GB MIG 4g.20gb (0),1,,13,cupy_copy__complex64_complex64
3423342432,1760,187963,1,1,1,1,1,1,18,0.000,0.000,,,,,NVIDIA A100-SXM4-40GB MIG 4g.20gb (0),1,,13,cupy_copy__float32_float32
3423475774,88063,187974,1,1,1,32,32,1,30,0.000,0.000,,,,,NVIDIA A100-SXM4-40GB MIG 4g.20gb (0),1,,13,"void convert_kernel<__half2, float2>(tensor_layout_any, T1 *, tensor_layout_any, const T2 *)"
3423591485,5376,187977,,,,,,,,,,0.094,17428.487,Pinned,Device,NVIDIA A100-SXM4-40GB MIG 4g.20gb (0),1,,13,[CUDA memcpy Host-to-Device]
3423605341,3744,187978,,,,,,,,,,1.547,413093.991,Device,,NVIDIA A100-SXM4-40GB MIG 4g.20gb (0),1,,13,[CUDA memset]
3423612189,3072,187983,,,,,,,,,,0.031,10187.474,Pinned,Device,NVIDIA A100-SXM4-40GB MIG 4g.20gb (0),1,,13,[CUDA memcpy Host-to-Device]
3423617788,9440,187984,,,,,,,,,,0.197,20827.079,Pinned,Device,NVIDIA A100-SXM4-40GB MIG 4g.20gb (0),1,,13,[CUDA memcpy Host-to-Device]
3423631772,6592,187985,273,1,1,8,4,1,39,0.002,0.000,,,,,NVIDIA A100-SXM4-40GB MIG 4g.20gb (0),1,,13,"void channel_eq::eqMmseCoefCompLowMimoKernel<float, float, float, (unsigned int)4, (unsigned int)1, (unsigned int)4>(const channel_eq::_puschRxChEqStatDescr *, channel_eq::_puschRxChEqCoefCompDynDescr)"
3423639356,6272,187986,273,1,1,12,11,1,51,0.002,0.000,,,,,NVIDIA A100-SXM4-40GB MIG 4g.20gb (0),1,,13,"void channel_eq::eqMmseSoftDemapKernel<float, __half, __half, float, (unsigned int)4, (unsigned short)16383>(channel_eq::_puschRxChEqStatDescr *, channel_eq::_puschRxChEqSoftDemapDynDescr)"
3423646716,282653,187987,1,1,1,32,32,1,30,0.000,0.000,,,,,NVIDIA A100-SXM4-40GB MIG 4g.20gb (0),1,,13,"void convert_kernel<float2, __half2>(tensor_layout_any, T1 *, tensor_layout_any, const T2 *)"
3423931513,11103,187999,2253,1,1,128,1,1,16,0.000,0.000,,,,,NVIDIA A100-SXM4-40GB MIG 4g.20gb (0),1,,13,cupy_copy__float16_float16
3423946328,3424,188008,282,1,1,128,1,1,16,0.000,0.000,,,,,NVIDIA A100-SXM4-40GB MIG 4g.20gb (0),1,,13,cupy_copy__complex64_complex64
3423951960,2208,188017,26,1,1,128,1,1,16,0.000,0.000,,,,,NVIDIA A100-SXM4-40GB MIG 4g.20gb (0),1,,13,cupy_copy__float32_float32
3423955160,2784,188026,103,1,1,128,1,1,16,0.000,0.000,,,,,NVIDIA A100-SXM4-40GB MIG 4g.20gb (0),1,,13,cupy_copy__complex64_complex64
3423960952,12352,188036,1434,1,1,128,1,1,16,0.000,0.000,,,,,NVIDIA A100-SXM4-40GB MIG 4g.20gb (0),1,,13,cupy_copy__complex64_complex64
3423977784,82911,188041,1,1,1,32,32,1,30,0.000,0.000,,,,,NVIDIA A100-SXM4-40GB MIG 4g.20gb (0),1,,13,"void convert_kernel<__half2, float2>(tensor_layout_any, T1 *, tensor_layout_any, const T2 *)"
3424087223,5376,188044,,,,,,,,,,0.094,17428.487,Pinned,Device,NVIDIA A100-SXM4-40GB MIG 4g.20gb (0),1,,13,[CUDA memcpy Host-to-Device]
3424097239,601976,188045,,,,,,,,,,456.561,758348.552,Device,,NVIDIA A100-SXM4-40GB MIG 4g.20gb (0),1,,13,[CUDA memset]
3424700431,69151,188050,,,,,,,,,,1.235,17858.525,Pinned,Device,NVIDIA A100-SXM4-40GB MIG 4g.20gb (0),1,,13,[CUDA memcpy Host-to-Device]
3424773454,13888,188051,,,,,,,,,,0.197,14156.562,Pinned,Device,NVIDIA A100-SXM4-40GB MIG 4g.20gb (0),1,,13,[CUDA memcpy Host-to-Device]
3424794094,8448,188052,69,4,1,48,1,1,76,0.002,0.000,,,,,NVIDIA A100-SXM4-40GB MIG 4g.20gb (0),1,,13,"void ch_est::windowedChEstPreNoDftSOfdmKernel<float, __half, float, (unsigned int)2, (unsigned int)1, (unsigned short)4>(ch_est::puschRxChEstStatDescr_t *, ch_est::puschRxChEstDynDescr_t *)"
3424805422,6496,188053,137,2,1,24,2,1,44,0.001,0.001,,,,,NVIDIA A100-SXM4-40GB MIG 4g.20gb (0),1,,13,"void ch_est::chEstFilterNoDftSOfdmDispatchKernel<float, __half, float, (unsigned int)2>(ch_est::puschRxChEstStatDescr_t *, ch_est::puschRxChEstDynDescr_t *)"
3424817006,5344,188054,137,2,1,24,2,1,44,0.001,0.001,,,,,NVIDIA A100-SXM4-40GB MIG 4g.20gb (0),1,,13,"void ch_est::chEstFilterNoDftSOfdmDispatchKernel<float, __half, float, (unsigned int)2>(ch_est::puschRxChEstStatDescr_t *, ch_est::puschRxChEstDynDescr_t *)"
3424827534,2720,188065,103,1,1,128,1,1,16,0.000,0.000,,,,,NVIDIA A100-SXM4-40GB MIG 4g.20gb (0),1,,13,cupy_copy__complex64_complex64
3424833357,12448,188075,1434,1,1,128,1,1,16,0.000,0.000,,,,,NVIDIA A100-SXM4-40GB MIG 4g.20gb (0),1,,13,cupy_copy__complex64_complex64
3424847501,2432,188082,103,1,1,128,1,1,16,0.000,0.000,,,,,NVIDIA A100-SXM4-40GB MIG 4g.20gb (0),1,,13,cupy_copy__complex64_complex64
3424854605,86303,188089,1,1,1,32,32,1,30,0.000,0.000,,,,,NVIDIA A100-SXM4-40GB MIG 4g.20gb (0),1,,13,"void convert_kernel<__half2, float2>(tensor_layout_any, T1 *, tensor_layout_any, const T2 *)"
3424969356,9568,188092,,,,,,,,,,0.094,9792.637,Pinned,Device,NVIDIA A100-SXM4-40GB MIG 4g.20gb (0),1,,13,[CUDA memcpy Host-to-Device]
3424984236,47871,188093,,,,,,,,,,35.810,748033.419,Device,,NVIDIA A100-SXM4-40GB MIG 4g.20gb (0),1,,13,[CUDA memset]
3425037227,4256,188095,,,,,,,,,,0.000,18.797,Pinned,Device,NVIDIA A100-SXM4-40GB MIG 4g.20gb (0),1,,13,[CUDA memcpy Host-to-Device]
3425045867,14080,188096,,,,,,,,,,0.197,13963.493,Pinned,Device,NVIDIA A100-SXM4-40GB MIG 4g.20gb (0),1,,13,[CUDA memcpy Host-to-Device]
3425068555,9855,188097,273,1,1,48,1,1,40,0.000,0.001,,,,,NVIDIA A100-SXM4-40GB MIG 4g.20gb (0),1,,13,"void pusch_noise_intf_est::noiseIntfEstNoDftSOfdmKernel<float, __half, float, float, (unsigned int)2, (unsigned int)1, (unsigned char)4, (unsigned char)4>(pusch_noise_intf_est::puschRxNoiseIntfEstDynDescr)"
3425080458,2784,188108,35,1,1,128,1,1,16,0.000,0.000,,,,,NVIDIA A100-SXM4-40GB MIG 4g.20gb (0),1,,13,cupy_copy__complex64_complex64
3425093130,1920,188117,1,1,1,1,1,1,18,0.000,0.000,,,,,NVIDIA A100-SXM4-40GB MIG 4g.20gb (0),1,,13,cupy_copy__float32_float32
3425122922,2048,188123,,,,,,,,,,0.000,1.953,Device,Pageable,NVIDIA A100-SXM4-40GB MIG 4g.20gb (0),1,,7,[CUDA memcpy Device-to-Host]
3425183209,13120,188134,1434,1,1,128,1,1,16,0.000,0.000,,,,,NVIDIA A100-SXM4-40GB MIG 4g.20gb (0),1,,13,cupy_copy__complex64_complex64
3425209705,2880,188141,103,1,1,128,1,1,16,0.000,0.000,,,,,NVIDIA A100-SXM4-40GB MIG 4g.20gb (0),1,,13,cupy_copy__complex64_complex64
3425230281,2368,188148,35,1,1,128,1,1,16,0.000,0.000,,,,,NVIDIA A100-SXM4-40GB MIG 4g.20gb (0),1,,13,cupy_copy__complex64_complex64
3425247368,1760,188155,1,1,1,1,1,1,18,0.000,0.000,,,,,NVIDIA A100-SXM4-40GB MIG 4g.20gb (0),1,,13,cupy_copy__float32_float32
3425379559,82623,188166,1,1,1,32,32,1,30,0.000,0.000,,,,,NVIDIA A100-SXM4-40GB MIG 4g.20gb (0),1,,13,"void convert_kernel<__half2, float2>(tensor_layout_any, T1 *, tensor_layout_any, const T2 *)"
3425489829,5536,188169,,,,,,,,,,0.094,16924.777,Pinned,Device,NVIDIA A100-SXM4-40GB MIG 4g.20gb (0),1,,13,[CUDA memcpy Host-to-Device]
3425504229,3456,188170,,,,,,,,,,1.547,447517.201,Device,,NVIDIA A100-SXM4-40GB MIG 4g.20gb (0),1,,13,[CUDA memset]
3425510885,3040,188175,,,,,,,,,,0.031,10294.725,Pinned,Device,NVIDIA A100-SXM4-40GB MIG 4g.20gb (0),1,,13,[CUDA memcpy Host-to-Device]
3425516357,9312,188176,,,,,,,,,,0.197,21113.340,Pinned,Device,NVIDIA A100-SXM4-40GB MIG 4g.20gb (0),1,,13,[CUDA memcpy Host-to-Device]
3425530757,6272,188177,273,1,1,8,4,1,39,0.002,0.000,,,,,NVIDIA A100-SXM4-40GB MIG 4g.20gb (0),1,,13,"void channel_eq::eqMmseCoefCompLowMimoKernel<float, float, float, (unsigned int)4, (unsigned int)1, (unsigned int)4>(const channel_eq::_puschRxChEqStatDescr *, channel_eq::_puschRxChEqCoefCompDynDescr)"
3425538021,5440,188178,273,1,1,12,11,1,51,0.002,0.000,,,,,NVIDIA A100-SXM4-40GB MIG 4g.20gb (0),1,,13,"void channel_eq::eqMmseSoftDemapKernel<float, __half, __half, float, (unsigned int)4, (unsigned short)16383>(channel_eq::_puschRxChEqStatDescr *, channel_eq::_puschRxChEqSoftDemapDynDescr)"
3425544837,279324,188179,1,1,1,32,32,1,30,0.000,0.000,,,,,NVIDIA A100-SXM4-40GB MIG 4g.20gb (0),1,,13,"void convert_kernel<float2, __half2>(tensor_layout_any, T1 *, tensor_layout_any, const T2 *)"
3425825473,11136,188191,2253,1,1,128,1,1,16,0.000,0.000,,,,,NVIDIA A100-SXM4-40GB MIG 4g.20gb (0),1,,13,cupy_copy__float16_float16
3425839393,3104,188200,282,1,1,128,1,1,16,0.000,0.000,,,,,NVIDIA A100-SXM4-40GB MIG 4g.20gb (0),1,,13,cupy_copy__complex64_complex64
3425843489,2240,188209,26,1,1,128,1,1,16,0.000,0.000,,,,,NVIDIA A100-SXM4-40GB MIG 4g.20gb (0),1,,13,cupy_copy__float32_float32
3425846881,3104,188218,103,1,1,128,1,1,16,0.000,0.000,,,,,NVIDIA A100-SXM4-40GB MIG 4g.20gb (0),1,,13,cupy_copy__complex64_complex64
3425851073,11808,188228,1434,1,1,128,1,1,16,0.000,0.000,,,,,NVIDIA A100-SXM4-40GB MIG 4g.20gb (0),1,,13,cupy_copy__complex64_complex64
3425883264,82623,188233,1,1,1,32,32,1,30,0.000,0.000,,,,,NVIDIA A100-SXM4-40GB MIG 4g.20gb (0),1,,13,"void convert_kernel<__half2, float2>(tensor_layout_any, T1 *, tensor_layout_any, const T2 *)"
3425992991,5312,188236,,,,,,,,,,0.094,17638.553,Pinned,Device,NVIDIA A100-SXM4-40GB MIG 4g.20gb (0),1,,13,[CUDA memcpy Host-to-Device]
3426002687,599993,188237,,,,,,,,,,456.561,760631.359,Device,,NVIDIA A100-SXM4-40GB MIG 4g.20gb (0),1,,13,[CUDA memset]
3426605944,70239,188242,,,,,,,,,,1.235,17581.898,Pinned,Device,NVIDIA A100-SXM4-40GB MIG 4g.20gb (0),1,,13,[CUDA memcpy Host-to-Device]
3426679511,14367,188243,,,,,,,,,,0.197,13684.507,Pinned,Device,NVIDIA A100-SXM4-40GB MIG 4g.20gb (0),1,,13,[CUDA memcpy Host-to-Device]
3426700950,8352,188244,69,4,1,48,1,1,76,0.002,0.000,,,,,NVIDIA A100-SXM4-40GB MIG 4g.20gb (0),1,,13,"void ch_est::windowedChEstPreNoDftSOfdmKernel<float, __half, float, (unsigned int)2, (unsigned int)1, (unsigned short)4>(ch_est::puschRxChEstStatDescr_t *, ch_est::puschRxChEstDynDescr_t *)"
3426712310,6624,188245,137,2,1,24,2,1,44,0.001,0.001,,,,,NVIDIA A100-SXM4-40GB MIG 4g.20gb (0),1,,13,"void ch_est::chEstFilterNoDftSOfdmDispatchKernel<float, __half, float, (unsigned int)2>(ch_est::puschRxChEstStatDescr_t *, ch_est::puschRxChEstDynDescr_t *)"
3426721494,5152,188246,137,2,1,24,2,1,44,0.001,0.001,,,,,NVIDIA A100-SXM4-40GB MIG 4g.20gb (0),1,,13,"void ch_est::chEstFilterNoDftSOfdmDispatchKernel<float, __half, float, (unsigned int)2>(ch_est::puschRxChEstStatDescr_t *, ch_est::puschRxChEstDynDescr_t *)"
3426728342,2688,188257,103,1,1,128,1,1,16,0.000,0.000,,,,,NVIDIA A100-SXM4-40GB MIG 4g.20gb (0),1,,13,cupy_copy__complex64_complex64
3426733846,12416,188267,1434,1,1,128,1,1,16,0.000,0.000,,,,,NVIDIA A100-SXM4-40GB MIG 4g.20gb (0),1,,13,cupy_copy__complex64_complex64
3426752086,2592,188274,103,1,1,128,1,1,16,0.000,0.000,,,,,NVIDIA A100-SXM4-40GB MIG 4g.20gb (0),1,,13,cupy_copy__complex64_complex64
3426757718,84447,188281,1,1,1,32,32,1,30,0.000,0.000,,,,,NVIDIA A100-SXM4-40GB MIG 4g.20gb (0),1,,13,"void convert_kernel<__half2, float2>(tensor_layout_any, T1 *, tensor_layout_any, const T2 *)"
3426873492,9120,188284,,,,,,,,,,0.094,10273.673,Pinned,Device,NVIDIA A100-SXM4-40GB MIG 4g.20gb (0),1,,13,[CUDA memcpy Host-to-Device]
3426888980,47839,188285,,,,,,,,,,35.810,748534.758,Device,,NVIDIA A100-SXM4-40GB MIG 4g.20gb (0),1,,13,[CUDA memset]
3426941523,2784,188287,,,,,,,,,,0.000,28.736,Pinned,Device,NVIDIA A100-SXM4-40GB MIG 4g.20gb (0),1,,13,[CUDA memcpy Host-to-Device]
3426949043,13536,188288,,,,,,,,,,0.197,14524.809,Pinned,Device,NVIDIA A100-SXM4-40GB MIG 4g.20gb (0),1,,13,[CUDA memcpy Host-to-Device]
3426970771,11200,188289,273,1,1,48,1,1,40,0.000,0.001,,,,,NVIDIA A100-SXM4-40GB MIG 4g.20gb (0),1,,13,"void pusch_noise_intf_est::noiseIntfEstNoDftSOfdmKernel<float, __half, float, float, (unsigned int)2, (unsigned int)1, (unsigned char)4, (unsigned char)4>(pusch_noise_intf_est::puschRxNoiseIntfEstDynDescr)"
3426984883,2976,188300,35,1,1,128,1,1,16,0.000,0.000,,,,,NVIDIA A100-SXM4-40GB MIG 4g.20gb (0),1,,13,cupy_copy__complex64_complex64
3426997683,1824,188309,1,1,1,1,1,1,18,0.000,0.000,,,,,NVIDIA A100-SXM4-40GB MIG 4g.20gb (0),1,,13,cupy_copy__float32_float32
3427026834,1792,188315,,,,,,,,,,0.000,2.232,Device,Pageable,NVIDIA A100-SXM4-40GB MIG 4g.20gb (0),1,,7,[CUDA memcpy Device-to-Host]
3427089938,13055,188326,1434,1,1,128,1,1,16,0.000,0.000,,,,,NVIDIA A100-SXM4-40GB MIG 4g.20gb (0),1,,13,cupy_copy__complex64_complex64
3427115345,2816,188333,103,1,1,128,1,1,16,0.000,0.000,,,,,NVIDIA A100-SXM4-40GB MIG 4g.20gb (0),1,,13,cupy_copy__complex64_complex64
3427136753,2336,188340,35,1,1,128,1,1,16,0.000,0.000,,,,,NVIDIA A100-SXM4-40GB MIG 4g.20gb (0),1,,13,cupy_copy__complex64_complex64
3427155633,1728,188347,1,1,1,1,1,1,18,0.000,0.000,,,,,NVIDIA A100-SXM4-40GB MIG 4g.20gb (0),1,,13,cupy_copy__float32_float32
3427286351,82527,188358,1,1,1,32,32,1,30,0.000,0.000,,,,,NVIDIA A100-SXM4-40GB MIG 4g.20gb (0),1,,13,"void convert_kernel<__half2, float2>(tensor_layout_any, T1 *, tensor_layout_any, const T2 *)"
3427396398,5440,188361,,,,,,,,,,0.094,17223.480,Pinned,Device,NVIDIA A100-SXM4-40GB MIG 4g.20gb (0),1,,13,[CUDA memcpy Host-to-Device]
3427411854,3104,188362,,,,,,,,,,1.547,498266.574,Device,,NVIDIA A100-SXM4-40GB MIG 4g.20gb (0),1,,13,[CUDA memset]
3427417294,3039,188367,,,,,,,,,,0.031,10298.105,Pinned,Device,NVIDIA A100-SXM4-40GB MIG 4g.20gb (0),1,,13,[CUDA memcpy Host-to-Device]
3427422765,9440,188368,,,,,,,,,,0.197,20827.079,Pinned,Device,NVIDIA A100-SXM4-40GB MIG 4g.20gb (0),1,,13,[CUDA memcpy Host-to-Device]
3427437165,6880,188369,273,1,1,8,4,1,39,0.002,0.000,,,,,NVIDIA A100-SXM4-40GB MIG 4g.20gb (0),1,,13,"void channel_eq::eqMmseCoefCompLowMimoKernel<float, float, float, (unsigned int)4, (unsigned int)1, (unsigned int)4>(const channel_eq::_puschRxChEqStatDescr *, channel_eq::_puschRxChEqCoefCompDynDescr)"
3427446093,6176,188370,273,1,1,12,11,1,51,0.002,0.000,,,,,NVIDIA A100-SXM4-40GB MIG 4g.20gb (0),1,,13,"void channel_eq::eqMmseSoftDemapKernel<float, __half, __half, float, (unsigned int)4, (unsigned short)16383>(channel_eq::_puschRxChEqStatDescr *, channel_eq::_puschRxChEqSoftDemapDynDescr)"
3427453389,283101,188371,1,1,1,32,32,1,30,0.000,0.000,,,,,NVIDIA A100-SXM4-40GB MIG 4g.20gb (0),1,,13,"void convert_kernel<float2, __half2>(tensor_layout_any, T1 *, tensor_layout_any, const T2 *)"
3427737642,10975,188383,2253,1,1,128,1,1,16,0.000,0.000,,,,,NVIDIA A100-SXM4-40GB MIG 4g.20gb (0),1,,13,cupy_copy__float16_float16
3427751497,2880,188392,282,1,1,128,1,1,16,0.000,0.000,,,,,NVIDIA A100-SXM4-40GB MIG 4g.20gb (0),1,,13,cupy_copy__complex64_complex64
3427755465,2048,188401,26,1,1,128,1,1,16,0.000,0.000,,,,,NVIDIA A100-SXM4-40GB MIG 4g.20gb (0),1,,13,cupy_copy__float32_float32
3427758569,3232,188410,103,1,1,128,1,1,16,0.000,0.000,,,,,NVIDIA A100-SXM4-40GB MIG 4g.20gb (0),1,,13,cupy_copy__complex64_complex64
3427762889,11872,188420,1434,1,1,128,1,1,16,0.000,0.000,,,,,NVIDIA A100-SXM4-40GB MIG 4g.20gb (0),1,,13,cupy_copy__complex64_complex64
3427784041,81791,188425,1,1,1,32,32,1,30,0.000,0.000,,,,,NVIDIA A100-SXM4-40GB MIG 4g.20gb (0),1,,13,"void convert_kernel<__half2, float2>(tensor_layout_any, T1 *, tensor_layout_any, const T2 *)"
3427892232,5344,188428,,,,,,,,,,0.094,17532.864,Pinned,Device,NVIDIA A100-SXM4-40GB MIG 4g.20gb (0),1,,13,[CUDA memcpy Host-to-Device]
3427902408,614616,188429,,,,,,,,,,456.561,742825.463,Device,,NVIDIA A100-SXM4-40GB MIG 4g.20gb (0),1,,13,[CUDA memset]
3428522240,67263,188434,,,,,,,,,,1.235,18359.912,Pinned,Device,NVIDIA A100-SXM4-40GB MIG 4g.20gb (0),1,,13,[CUDA memcpy Host-to-Device]
3428594975,14272,188435,,,,,,,,,,0.197,13775.733,Pinned,Device,NVIDIA A100-SXM4-40GB MIG 4g.20gb (0),1,,13,[CUDA memcpy Host-to-Device]
3428614143,8032,188436,69,4,1,48,1,1,76,0.002,0.000,,,,,NVIDIA A100-SXM4-40GB MIG 4g.20gb (0),1,,13,"void ch_est::windowedChEstPreNoDftSOfdmKernel<float, __half, float, (unsigned int)2, (unsigned int)1, (unsigned short)4>(ch_est::puschRxChEstStatDescr_t *, ch_est::puschRxChEstDynDescr_t *)"
3428625151,6752,188437,137,2,1,24,2,1,44,0.001,0.001,,,,,NVIDIA A100-SXM4-40GB MIG 4g.20gb (0),1,,13,"void ch_est::chEstFilterNoDftSOfdmDispatchKernel<float, __half, float, (unsigned int)2>(ch_est::puschRxChEstStatDescr_t *, ch_est::puschRxChEstDynDescr_t *)"
3428634494,5568,188438,137,2,1,24,2,1,44,0.001,0.001,,,,,NVIDIA A100-SXM4-40GB MIG 4g.20gb (0),1,,13,"void ch_est::chEstFilterNoDftSOfdmDispatchKernel<float, __half, float, (unsigned int)2>(ch_est::puschRxChEstStatDescr_t *, ch_est::puschRxChEstDynDescr_t *)"
3428645342,2592,188449,103,1,1,128,1,1,16,0.000,0.000,,,,,NVIDIA A100-SXM4-40GB MIG 4g.20gb (0),1,,13,cupy_copy__complex64_complex64
3428651998,12320,188459,1434,1,1,128,1,1,16,0.000,0.000,,,,,NVIDIA A100-SXM4-40GB MIG 4g.20gb (0),1,,13,cupy_copy__complex64_complex64
3428665950,2688,188466,103,1,1,128,1,1,16,0.000,0.000,,,,,NVIDIA A100-SXM4-40GB MIG 4g.20gb (0),1,,13,cupy_copy__complex64_complex64
3428672926,83967,188473,1,1,1,32,32,1,30,0.000,0.000,,,,,NVIDIA A100-SXM4-40GB MIG 4g.20gb (0),1,,13,"void convert_kernel<__half2, float2>(tensor_layout_any, T1 *, tensor_layout_any, const T2 *)"
3428786205,9759,188476,,,,,,,,,,0.094,9600.935,Pinned,Device,NVIDIA A100-SXM4-40GB MIG 4g.20gb (0),1,,13,[CUDA memcpy Host-to-Device]
3428801596,48512,188477,,,,,,,,,,35.810,738149.881,Device,,NVIDIA A100-SXM4-40GB MIG 4g.20gb (0),1,,13,[CUDA memset]
3428857404,4480,188479,,,,,,,,,,0.000,17.857,Pinned,Device,NVIDIA A100-SXM4-40GB MIG 4g.20gb (0),1,,13,[CUDA memcpy Host-to-Device]
3428866620,14847,188480,,,,,,,,,,0.197,13242.139,Pinned,Device,NVIDIA A100-SXM4-40GB MIG 4g.20gb (0),1,,13,[CUDA memcpy Host-to-Device]
3428889787,10816,188481,273,1,1,48,1,1,40,0.000,0.001,,,,,NVIDIA A100-SXM4-40GB MIG 4g.20gb (0),1,,13,"void pusch_noise_intf_est::noiseIntfEstNoDftSOfdmKernel<float, __half, float, float, (unsigned int)2, (unsigned int)1, (unsigned char)4, (unsigned char)4>(pusch_noise_intf_est::puschRxNoiseIntfEstDynDescr)"
3428904699,2976,188492,35,1,1,128,1,1,16,0.000,0.000,,,,,NVIDIA A100-SXM4-40GB MIG 4g.20gb (0),1,,13,cupy_copy__complex64_complex64
3428910267,1760,188501,1,1,1,1,1,1,18,0.000,0.000,,,,,NVIDIA A100-SXM4-40GB MIG 4g.20gb (0),1,,13,cupy_copy__float32_float32
3428932827,1696,188507,,,,,,,,,,0.000,2.358,Device,Pageable,NVIDIA A100-SXM4-40GB MIG 4g.20gb (0),1,,7,[CUDA memcpy Device-to-Host]
3428995546,12864,188518,1434,1,1,128,1,1,16,0.000,0.000,,,,,NVIDIA A100-SXM4-40GB MIG 4g.20gb (0),1,,13,cupy_copy__complex64_complex64
3429021050,3008,188525,103,1,1,128,1,1,16,0.000,0.000,,,,,NVIDIA A100-SXM4-40GB MIG 4g.20gb (0),1,,13,cupy_copy__complex64_complex64
3429042489,2336,188532,35,1,1,128,1,1,16,0.000,0.000,,,,,NVIDIA A100-SXM4-40GB MIG 4g.20gb (0),1,,13,cupy_copy__complex64_complex64
3429059705,1792,188539,1,1,1,1,1,1,18,0.000,0.000,,,,,NVIDIA A100-SXM4-40GB MIG 4g.20gb (0),1,,13,cupy_copy__float32_float32
3429189720,87519,188550,1,1,1,32,32,1,30,0.000,0.000,,,,,NVIDIA A100-SXM4-40GB MIG 4g.20gb (0),1,,13,"void convert_kernel<__half2, float2>(tensor_layout_any, T1 *, tensor_layout_any, const T2 *)"
3429305462,5408,188553,,,,,,,,,,0.094,17325.421,Pinned,Device,NVIDIA A100-SXM4-40GB MIG 4g.20gb (0),1,,13,[CUDA memcpy Host-to-Device]
3429320150,3392,188554,,,,,,,,,,1.547,455961.768,Device,,NVIDIA A100-SXM4-40GB MIG 4g.20gb (0),1,,13,[CUDA memset]
3429327542,3040,188559,,,,,,,,,,0.031,10294.725,Pinned,Device,NVIDIA A100-SXM4-40GB MIG 4g.20gb (0),1,,13,[CUDA memcpy Host-to-Device]
3429333078,9344,188560,,,,,,,,,,0.197,21040.988,Pinned,Device,NVIDIA A100-SXM4-40GB MIG 4g.20gb (0),1,,13,[CUDA memcpy Host-to-Device]
3429346198,6528,188561,273,1,1,8,4,1,39,0.002,0.000,,,,,NVIDIA A100-SXM4-40GB MIG 4g.20gb (0),1,,13,"void channel_eq::eqMmseCoefCompLowMimoKernel<float, float, float, (unsigned int)4, (unsigned int)1, (unsigned int)4>(const channel_eq::_puschRxChEqStatDescr *, channel_eq::_puschRxChEqCoefCompDynDescr)"
3429353782,6431,188562,273,1,1,12,11,1,51,0.002,0.000,,,,,NVIDIA A100-SXM4-40GB MIG 4g.20gb (0),1,,13,"void channel_eq::eqMmseSoftDemapKernel<float, __half, __half, float, (unsigned int)4, (unsigned short)16383>(channel_eq::_puschRxChEqStatDescr *, channel_eq::_puschRxChEqSoftDemapDynDescr)"
3429361301,282909,188563,1,1,1,32,32,1,30,0.000,0.000,,,,,NVIDIA A100-SXM4-40GB MIG 4g.20gb (0),1,,13,"void convert_kernel<float2, __half2>(tensor_layout_any, T1 *, tensor_layout_any, const T2 *)"
3429645682,10976,188575,2253,1,1,128,1,1,16,0.000,0.000,,,,,NVIDIA A100-SXM4-40GB MIG 4g.20gb (0),1,,13,cupy_copy__float16_float16
3429661138,2624,188584,282,1,1,128,1,1,16,0.000,0.000,,,,,NVIDIA A100-SXM4-40GB MIG 4g.20gb (0),1,,13,cupy_copy__complex64_complex64
3429665746,2144,188593,26,1,1,128,1,1,16,0.000,0.000,,,,,NVIDIA A100-SXM4-40GB MIG 4g.20gb (0),1,,13,cupy_copy__float32_float32
3429668882,2944,188602,103,1,1,128,1,1,16,0.000,0.000,,,,,NVIDIA A100-SXM4-40GB MIG 4g.20gb (0),1,,13,cupy_copy__complex64_complex64
3429674546,11903,188612,1434,1,1,128,1,1,16,0.000,0.000,,,,,NVIDIA A100-SXM4-40GB MIG 4g.20gb (0),1,,13,cupy_copy__complex64_complex64
3429694545,81343,188617,1,1,1,32,32,1,30,0.000,0.000,,,,,NVIDIA A100-SXM4-40GB MIG 4g.20gb (0),1,,13,"void convert_kernel<__half2, float2>(tensor_layout_any, T1 *, tensor_layout_any, const T2 *)"
3429803632,5376,188620,,,,,,,,,,0.094,17428.487,Pinned,Device,NVIDIA A100-SXM4-40GB MIG 4g.20gb (0),1,,13,[CUDA memcpy Host-to-Device]
3429813520,611736,188621,,,,,,,,,,456.561,746021.393,Device,,NVIDIA A100-SXM4-40GB MIG 4g.20gb (0),1,,13,[CUDA memset]
3430427336,71455,188626,,,,,,,,,,1.235,17281.806,Pinned,Device,NVIDIA A100-SXM4-40GB MIG 4g.20gb (0),1,,13,[CUDA memcpy Host-to-Device]
3430503591,14752,188627,,,,,,,,,,0.197,13327.466,Pinned,Device,NVIDIA A100-SXM4-40GB MIG 4g.20gb (0),1,,13,[CUDA memcpy Host-to-Device]
3430524199,9152,188628,69,4,1,48,1,1,76,0.002,0.000,,,,,NVIDIA A100-SXM4-40GB MIG 4g.20gb (0),1,,13,"void ch_est::windowedChEstPreNoDftSOfdmKernel<float, __half, float, (unsigned int)2, (unsigned int)1, (unsigned short)4>(ch_est::puschRxChEstStatDescr_t *, ch_est::puschRxChEstDynDescr_t *)"
3430535751,6592,188629,137,2,1,24,2,1,44,0.001,0.001,,,,,NVIDIA A100-SXM4-40GB MIG 4g.20gb (0),1,,13,"void ch_est::chEstFilterNoDftSOfdmDispatchKernel<float, __half, float, (unsigned int)2>(ch_est::puschRxChEstStatDescr_t *, ch_est::puschRxChEstDynDescr_t *)"
3430546599,5728,188630,137,2,1,24,2,1,44,0.001,0.001,,,,,NVIDIA A100-SXM4-40GB MIG 4g.20gb (0),1,,13,"void ch_est::chEstFilterNoDftSOfdmDispatchKernel<float, __half, float, (unsigned int)2>(ch_est::puschRxChEstStatDescr_t *, ch_est::puschRxChEstDynDescr_t *)"
3430556839,2688,188641,103,1,1,128,1,1,16,0.000,0.000,,,,,NVIDIA A100-SXM4-40GB MIG 4g.20gb (0),1,,13,cupy_copy__complex64_complex64
3430562567,12351,188651,1434,1,1,128,1,1,16,0.000,0.000,,,,,NVIDIA A100-SXM4-40GB MIG 4g.20gb (0),1,,13,cupy_copy__complex64_complex64
3430581286,2656,188658,103,1,1,128,1,1,16,0.000,0.000,,,,,NVIDIA A100-SXM4-40GB MIG 4g.20gb (0),1,,13,cupy_copy__complex64_complex64
3430588070,83967,188665,1,1,1,32,32,1,30,0.000,0.000,,,,,NVIDIA A100-SXM4-40GB MIG 4g.20gb (0),1,,13,"void convert_kernel<__half2, float2>(tensor_layout_any, T1 *, tensor_layout_any, const T2 *)"
3430700197,9984,188668,,,,,,,,,,0.094,9384.591,Pinned,Device,NVIDIA A100-SXM4-40GB MIG 4g.20gb (0),1,,13,[CUDA memcpy Host-to-Device]
3430718405,48063,188669,,,,,,,,,,35.810,745061.196,Device,,NVIDIA A100-SXM4-40GB MIG 4g.20gb (0),1,,13,[CUDA memset]
3430773284,4128,188671,,,,,,,,,,0.000,19.380,Pinned,Device,NVIDIA A100-SXM4-40GB MIG 4g.20gb (0),1,,13,[CUDA memcpy Host-to-Device]
3430781860,12608,188672,,,,,,,,,,0.197,15593.767,Pinned,Device,NVIDIA A100-SXM4-40GB MIG 4g.20gb (0),1,,13,[CUDA memcpy Host-to-Device]
3430799652,10720,188673,273,1,1,48,1,1,40,0.000,0.001,,,,,NVIDIA A100-SXM4-40GB MIG 4g.20gb (0),1,,13,"void pusch_noise_intf_est::noiseIntfEstNoDftSOfdmKernel<float, __half, float, float, (unsigned int)2, (unsigned int)1, (unsigned char)4, (unsigned char)4>(pusch_noise_intf_est::puschRxNoiseIntfEstDynDescr)"
3430815876,2751,188684,35,1,1,128,1,1,16,0.000,0.000,,,,,NVIDIA A100-SXM4-40GB MIG 4g.20gb (0),1,,13,cupy_copy__complex64_complex64
3430822627,1824,188693,1,1,1,1,1,1,18,0.000,0.000,,,,,NVIDIA A100-SXM4-40GB MIG 4g.20gb (0),1,,13,cupy_copy__float32_float32
3430856131,2496,188699,,,,,,,,,,0.000,1.603,Device,Pageable,NVIDIA A100-SXM4-40GB MIG 4g.20gb (0),1,,7,[CUDA memcpy Device-to-Host]
3430918690,13120,188710,1434,1,1,128,1,1,16,0.000,0.000,,,,,NVIDIA A100-SXM4-40GB MIG 4g.20gb (0),1,,13,cupy_copy__complex64_complex64
3430945474,3456,188717,103,1,1,128,1,1,16,0.000,0.000,,,,,NVIDIA A100-SXM4-40GB MIG 4g.20gb (0),1,,13,cupy_copy__complex64_complex64
3430965538,2176,188724,35,1,1,128,1,1,16,0.000,0.000,,,,,NVIDIA A100-SXM4-40GB MIG 4g.20gb (0),1,,13,cupy_copy__complex64_complex64
3430983585,1952,188731,1,1,1,1,1,1,18,0.000,0.000,,,,,NVIDIA A100-SXM4-40GB MIG 4g.20gb (0),1,,13,cupy_copy__float32_float32
3431113632,82495,188742,1,1,1,32,32,1,30,0.000,0.000,,,,,NVIDIA A100-SXM4-40GB MIG 4g.20gb (0),1,,13,"void convert_kernel<__half2, float2>(tensor_layout_any, T1 *, tensor_layout_any, const T2 *)"
3431223774,5408,188745,,,,,,,,,,0.094,17325.421,Pinned,Device,NVIDIA A100-SXM4-40GB MIG 4g.20gb (0),1,,13,[CUDA memcpy Host-to-Device]
3431238494,3456,188746,,,,,,,,,,1.547,447517.201,Device,,NVIDIA A100-SXM4-40GB MIG 4g.20gb (0),1,,13,[CUDA memset]
3431247070,3296,188751,,,,,,,,,,0.031,9495.144,Pinned,Device,NVIDIA A100-SXM4-40GB MIG 4g.20gb (0),1,,13,[CUDA memcpy Host-to-Device]
3431252798,9536,188752,,,,,,,,,,0.197,20617.298,Pinned,Device,NVIDIA A100-SXM4-40GB MIG 4g.20gb (0),1,,13,[CUDA memcpy Host-to-Device]
3431267038,6976,188753,273,1,1,8,4,1,39,0.002,0.000,,,,,NVIDIA A100-SXM4-40GB MIG 4g.20gb (0),1,,13,"void channel_eq::eqMmseCoefCompLowMimoKernel<float, float, float, (unsigned int)4, (unsigned int)1, (unsigned int)4>(const channel_eq::_puschRxChEqStatDescr *, channel_eq::_puschRxChEqCoefCompDynDescr)"
3431276958,6592,188754,273,1,1,12,11,1,51,0.002,0.000,,,,,NVIDIA A100-SXM4-40GB MIG 4g.20gb (0),1,,13,"void channel_eq::eqMmseSoftDemapKernel<float, __half, __half, float, (unsigned int)4, (unsigned short)16383>(channel_eq::_puschRxChEqStatDescr *, channel_eq::_puschRxChEqSoftDemapDynDescr)"
3431284542,282940,188755,1,1,1,32,32,1,30,0.000,0.000,,,,,NVIDIA A100-SXM4-40GB MIG 4g.20gb (0),1,,13,"void convert_kernel<float2, __half2>(tensor_layout_any, T1 *, tensor_layout_any, const T2 *)"
3431569370,10944,188767,2253,1,1,128,1,1,16,0.000,0.000,,,,,NVIDIA A100-SXM4-40GB MIG 4g.20gb (0),1,,13,cupy_copy__float16_float16
3431582490,2816,188776,282,1,1,128,1,1,16,0.000,0.000,,,,,NVIDIA A100-SXM4-40GB MIG 4g.20gb (0),1,,13,cupy_copy__complex64_complex64
3431587450,2016,188785,26,1,1,128,1,1,16,0.000,0.000,,,,,NVIDIA A100-SXM4-40GB MIG 4g.20gb (0),1,,13,cupy_copy__float32_float32
3431592506,3296,188794,103,1,1,128,1,1,16,0.000,0.000,,,,,NVIDIA A100-SXM4-40GB MIG 4g.20gb (0),1,,13,cupy_copy__complex64_complex64
3431598842,11936,188804,1434,1,1,128,1,1,16,0.000,0.000,,,,,NVIDIA A100-SXM4-40GB MIG 4g.20gb (0),1,,13,cupy_copy__complex64_complex64
3431615418,87359,188809,1,1,1,32,32,1,30,0.000,0.000,,,,,NVIDIA A100-SXM4-40GB MIG 4g.20gb (0),1,,13,"void convert_kernel<__half2, float2>(tensor_layout_any, T1 *, tensor_layout_any, const T2 *)"
3431729464,5568,188812,,,,,,,,,,0.094,16827.521,Pinned,Device,NVIDIA A100-SXM4-40GB MIG 4g.20gb (0),1,,13,[CUDA memcpy Host-to-Device]
3431739480,604025,188813,,,,,,,,,,456.561,755609.183,Device,,NVIDIA A100-SXM4-40GB MIG 4g.20gb (0),1,,13,[CUDA memset]
3432346289,69055,188818,,,,,,,,,,1.235,17883.224,Pinned,Device,NVIDIA A100-SXM4-40GB MIG 4g.20gb (0),1,,13,[CUDA memcpy Host-to-Device]
3432418288,14752,188819,,,,,,,,,,0.197,13327.466,Pinned,Device,NVIDIA A100-SXM4-40GB MIG 4g.20gb (0),1,,13,[CUDA memcpy Host-to-Device]
3432442223,8672,188820,69,4,1,48,1,1,76,0.002,0.000,,,,,NVIDIA A100-SXM4-40GB MIG 4g.20gb (0),1,,13,"void ch_est::windowedChEstPreNoDftSOfdmKernel<float, __half, float, (unsigned int)2, (unsigned int)1, (unsigned short)4>(ch_est::puschRxChEstStatDescr_t *, ch_est::puschRxChEstDynDescr_t *)"
3432454159,6208,188821,137,2,1,24,2,1,44,0.001,0.001,,,,,NVIDIA A100-SXM4-40GB MIG 4g.20gb (0),1,,13,"void ch_est::chEstFilterNoDftSOfdmDispatchKernel<float, __half, float, (unsigned int)2>(ch_est::puschRxChEstStatDescr_t *, ch_est::puschRxChEstDynDescr_t *)"
3432465423,5344,188822,137,2,1,24,2,1,44,0.001,0.001,,,,,NVIDIA A100-SXM4-40GB MIG 4g.20gb (0),1,,13,"void ch_est::chEstFilterNoDftSOfdmDispatchKernel<float, __half, float, (unsigned int)2>(ch_est::puschRxChEstStatDescr_t *, ch_est::puschRxChEstDynDescr_t *)"
3432475855,2592,188833,103,1,1,128,1,1,16,0.000,0.000,,,,,NVIDIA A100-SXM4-40GB MIG 4g.20gb (0),1,,13,cupy_copy__complex64_complex64
3432482159,12448,188843,1434,1,1,128,1,1,16,0.000,0.000,,,,,NVIDIA A100-SXM4-40GB MIG 4g.20gb (0),1,,13,cupy_copy__complex64_complex64
3432495823,2496,188850,103,1,1,128,1,1,16,0.000,0.000,,,,,NVIDIA A100-SXM4-40GB MIG 4g.20gb (0),1,,13,cupy_copy__complex64_complex64
3432504591,84575,188857,1,1,1,32,32,1,30,0.000,0.000,,,,,NVIDIA A100-SXM4-40GB MIG 4g.20gb (0),1,,13,"void convert_kernel<__half2, float2>(tensor_layout_any, T1 *, tensor_layout_any, const T2 *)"
3432618413,7744,188860,,,,,,,,,,0.094,12099.152,Pinned,Device,NVIDIA A100-SXM4-40GB MIG 4g.20gb (0),1,,13,[CUDA memcpy Host-to-Device]
3432632717,48383,188861,,,,,,,,,,35.810,740119.427,Device,,NVIDIA A100-SXM4-40GB MIG 4g.20gb (0),1,,13,[CUDA memset]
3432682828,3776,188863,,,,,,,,,,0.000,21.186,Pinned,Device,NVIDIA A100-SXM4-40GB MIG 4g.20gb (0),1,,13,[CUDA memcpy Host-to-Device]
3432691212,15296,188864,,,,,,,,,,0.197,12853.445,Pinned,Device,NVIDIA A100-SXM4-40GB MIG 4g.20gb (0),1,,13,[CUDA memcpy Host-to-Device]
3432713036,10240,188865,273,1,1,48,1,1,40,0.000,0.001,,,,,NVIDIA A100-SXM4-40GB MIG 4g.20gb (0),1,,13,"void pusch_noise_intf_est::noiseIntfEstNoDftSOfdmKernel<float, __half, float, float, (unsigned int)2, (unsigned int)1, (unsigned char)4, (unsigned char)4>(pusch_noise_intf_est::puschRxNoiseIntfEstDynDescr)"
3432727724,2880,188876,35,1,1,128,1,1,16,0.000,0.000,,,,,NVIDIA A100-SXM4-40GB MIG 4g.20gb (0),1,,13,cupy_copy__complex64_complex64
3432741036,1856,188885,1,1,1,1,1,1,18,0.000,0.000,,,,,NVIDIA A100-SXM4-40GB MIG 4g.20gb (0),1,,13,cupy_copy__float32_float32
3432770731,1824,188891,,,,,,,,,,0.000,2.193,Device,Pageable,NVIDIA A100-SXM4-40GB MIG 4g.20gb (0),1,,7,[CUDA memcpy Device-to-Host]
3432831499,13215,188902,1434,1,1,128,1,1,16,0.000,0.000,,,,,NVIDIA A100-SXM4-40GB MIG 4g.20gb (0),1,,13,cupy_copy__complex64_complex64
3432858442,3136,188909,103,1,1,128,1,1,16,0.000,0.000,,,,,NVIDIA A100-SXM4-40GB MIG 4g.20gb (0),1,,13,cupy_copy__complex64_complex64
3432877802,2368,188916,35,1,1,128,1,1,16,0.000,0.000,,,,,NVIDIA A100-SXM4-40GB MIG 4g.20gb (0),1,,13,cupy_copy__complex64_complex64
3432895082,2016,188923,1,1,1,1,1,1,18,0.000,0.000,,,,,NVIDIA A100-SXM4-40GB MIG 4g.20gb (0),1,,13,cupy_copy__float32_float32
3433027560,82047,188934,1,1,1,32,32,1,30,0.000,0.000,,,,,NVIDIA A100-SXM4-40GB MIG 4g.20gb (0),1,,13,"void convert_kernel<__half2, float2>(tensor_layout_any, T1 *, tensor_layout_any, const T2 *)"
3433137351,5408,188937,,,,,,,,,,0.094,17325.421,Pinned,Device,NVIDIA A100-SXM4-40GB MIG 4g.20gb (0),1,,13,[CUDA memcpy Host-to-Device]
3433152263,3232,188938,,,,,,,,,,1.547,478533.199,Device,,NVIDIA A100-SXM4-40GB MIG 4g.20gb (0),1,,13,[CUDA memset]
3433158823,3007,188943,,,,,,,,,,0.031,10407.704,Pinned,Device,NVIDIA A100-SXM4-40GB MIG 4g.20gb (0),1,,13,[CUDA memcpy Host-to-Device]
3433164262,9376,188944,,,,,,,,,,0.197,20969.226,Pinned,Device,NVIDIA A100-SXM4-40GB MIG 4g.20gb (0),1,,13,[CUDA memcpy Host-to-Device]
3433178694,6208,188945,273,1,1,8,4,1,39,0.002,0.000,,,,,NVIDIA A100-SXM4-40GB MIG 4g.20gb (0),1,,13,"void channel_eq::eqMmseCoefCompLowMimoKernel<float, float, float, (unsigned int)4, (unsigned int)1, (unsigned int)4>(const channel_eq::_puschRxChEqStatDescr *, channel_eq::_puschRxChEqCoefCompDynDescr)"
3433187014,5856,188946,273,1,1,12,11,1,51,0.002,0.000,,,,,NVIDIA A100-SXM4-40GB MIG 4g.20gb (0),1,,13,"void channel_eq::eqMmseSoftDemapKernel<float, __half, __half, float, (unsigned int)4, (unsigned short)16383>(channel_eq::_puschRxChEqStatDescr *, channel_eq::_puschRxChEqSoftDemapDynDescr)"
3433194406,293916,188947,1,1,1,32,32,1,30,0.000,0.000,,,,,NVIDIA A100-SXM4-40GB MIG 4g.20gb (0),1,,13,"void convert_kernel<float2, __half2>(tensor_layout_any, T1 *, tensor_layout_any, const T2 *)"
3433489410,11008,188959,2253,1,1,128,1,1,16,0.000,0.000,,,,,NVIDIA A100-SXM4-40GB MIG 4g.20gb (0),1,,13,cupy_copy__float16_float16
3433504642,3392,188968,282,1,1,128,1,1,16,0.000,0.000,,,,,NVIDIA A100-SXM4-40GB MIG 4g.20gb (0),1,,13,cupy_copy__complex64_complex64
3433511170,2048,188977,26,1,1,128,1,1,16,0.000,0.000,,,,,NVIDIA A100-SXM4-40GB MIG 4g.20gb (0),1,,13,cupy_copy__float32_float32
3433517762,5600,188986,103,1,1,128,1,1,16,0.000,0.000,,,,,NVIDIA A100-SXM4-40GB MIG 4g.20gb (0),1,,13,cupy_copy__complex64_complex64
3433524834,12096,188996,1434,1,1,128,1,1,16,0.000,0.000,,,,,NVIDIA A100-SXM4-40GB MIG 4g.20gb (0),1,,13,cupy_copy__complex64_complex64
3433540226,87039,189001,1,1,1,32,32,1,30,0.000,0.000,,,,,NVIDIA A100-SXM4-40GB MIG 4g.20gb (0),1,,13,"void convert_kernel<__half2, float2>(tensor_layout_any, T1 *, tensor_layout_any, const T2 *)"
3433653600,5472,189004,,,,,,,,,,0.094,17122.757,Pinned,Device,NVIDIA A100-SXM4-40GB MIG 4g.20gb (0),1,,13,[CUDA memcpy Host-to-Device]
3433663520,602937,189005,,,,,,,,,,456.561,756978.868,Device,,NVIDIA A100-SXM4-40GB MIG 4g.20gb (0),1,,13,[CUDA memset]
3434270201,71519,189010,,,,,,,,,,1.235,17266.987,Pinned,Device,NVIDIA A100-SXM4-40GB MIG 4g.20gb (0),1,,13,[CUDA memcpy Host-to-Device]
3434345688,13952,189011,,,,,,,,,,0.197,14091.682,Pinned,Device,NVIDIA A100-SXM4-40GB MIG 4g.20gb (0),1,,13,[CUDA memcpy Host-to-Device]
3434367512,8095,189012,69,4,1,48,1,1,76,0.002,0.000,,,,,NVIDIA A100-SXM4-40GB MIG 4g.20gb (0),1,,13,"void ch_est::windowedChEstPreNoDftSOfdmKernel<float, __half, float, (unsigned int)2, (unsigned int)1, (unsigned short)4>(ch_est::puschRxChEstStatDescr_t *, ch_est::puschRxChEstDynDescr_t *)"
3434382839,6304,189013,137,2,1,24,2,1,44,0.001,0.001,,,,,NVIDIA A100-SXM4-40GB MIG 4g.20gb (0),1,,13,"void ch_est::chEstFilterNoDftSOfdmDispatchKernel<float, __half, float, (unsigned int)2>(ch_est::puschRxChEstStatDescr_t *, ch_est::puschRxChEstDynDescr_t *)"
3434391703,6432,189014,137,2,1,24,2,1,44,0.001,0.001,,,,,NVIDIA A100-SXM4-40GB MIG 4g.20gb (0),1,,13,"void ch_est::chEstFilterNoDftSOfdmDispatchKernel<float, __half, float, (unsigned int)2>(ch_est::puschRxChEstStatDescr_t *, ch_est::puschRxChEstDynDescr_t *)"
3434403831,2656,189025,103,1,1,128,1,1,16,0.000,0.000,,,,,NVIDIA A100-SXM4-40GB MIG 4g.20gb (0),1,,13,cupy_copy__complex64_complex64
3434409879,12832,189035,1434,1,1,128,1,1,16,0.000,0.000,,,,,NVIDIA A100-SXM4-40GB MIG 4g.20gb (0),1,,13,cupy_copy__complex64_complex64
3434426615,2560,189042,103,1,1,128,1,1,16,0.000,0.000,,,,,NVIDIA A100-SXM4-40GB MIG 4g.20gb (0),1,,13,cupy_copy__complex64_complex64
3434433207,84159,189049,1,1,1,32,32,1,30,0.000,0.000,,,,,NVIDIA A100-SXM4-40GB MIG 4g.20gb (0),1,,13,"void convert_kernel<__half2, float2>(tensor_layout_any, T1 *, tensor_layout_any, const T2 *)"
3434545045,8096,189052,,,,,,,,,,0.094,11573.049,Pinned,Device,NVIDIA A100-SXM4-40GB MIG 4g.20gb (0),1,,13,[CUDA memcpy Host-to-Device]
3434562229,47456,189053,,,,,,,,,,35.810,754586.634,Device,,NVIDIA A100-SXM4-40GB MIG 4g.20gb (0),1,,13,[CUDA memset]
3434612917,2720,189055,,,,,,,,,,0.000,29.412,Pinned,Device,NVIDIA A100-SXM4-40GB MIG 4g.20gb (0),1,,13,[CUDA memcpy Host-to-Device]
3434619892,15488,189056,,,,,,,,,,0.197,12694.192,Pinned,Device,NVIDIA A100-SXM4-40GB MIG 4g.20gb (0),1,,13,[CUDA memcpy Host-to-Device]
3434642292,11264,189057,273,1,1,48,1,1,40,0.000,0.001,,,,,NVIDIA A100-SXM4-40GB MIG 4g.20gb (0),1,,13,"void pusch_noise_intf_est::noiseIntfEstNoDftSOfdmKernel<float, __half, float, float, (unsigned int)2, (unsigned int)1, (unsigned char)4, (unsigned char)4>(pusch_noise_intf_est::puschRxNoiseIntfEstDynDescr)"
3434657012,3136,189068,35,1,1,128,1,1,16,0.000,0.000,,,,,NVIDIA A100-SXM4-40GB MIG 4g.20gb (0),1,,13,cupy_copy__complex64_complex64
3434666164,1952,189077,1,1,1,1,1,1,18,0.000,0.000,,,,,NVIDIA A100-SXM4-40GB MIG 4g.20gb (0),1,,13,cupy_copy__float32_float32
3434696116,2080,189083,,,,,,,,,,0.000,1.923,Device,Pageable,NVIDIA A100-SXM4-40GB MIG 4g.20gb (0),1,,7,[CUDA memcpy Device-to-Host]
3434758483,13216,189094,1434,1,1,128,1,1,16,0.000,0.000,,,,,NVIDIA A100-SXM4-40GB MIG 4g.20gb (0),1,,13,cupy_copy__complex64_complex64
3434784050,3360,189101,103,1,1,128,1,1,16,0.000,0.000,,,,,NVIDIA A100-SXM4-40GB MIG 4g.20gb (0),1,,13,cupy_copy__complex64_complex64
3434805330,2432,189108,35,1,1,128,1,1,16,0.000,0.000,,,,,NVIDIA A100-SXM4-40GB MIG 4g.20gb (0),1,,13,cupy_copy__complex64_complex64
3434825426,1760,189115,1,1,1,1,1,1,18,0.000,0.000,,,,,NVIDIA A100-SXM4-40GB MIG 4g.20gb (0),1,,13,cupy_copy__float32_float32
3434964432,83007,189126,1,1,1,32,32,1,30,0.000,0.000,,,,,NVIDIA A100-SXM4-40GB MIG 4g.20gb (0),1,,13,"void convert_kernel<__half2, float2>(tensor_layout_any, T1 *, tensor_layout_any, const T2 *)"
3435075503,5440,189129,,,,,,,,,,0.094,17223.480,Pinned,Device,NVIDIA A100-SXM4-40GB MIG 4g.20gb (0),1,,13,[CUDA memcpy Host-to-Device]
3435089871,3552,189130,,,,,,,,,,1.547,435422.601,Device,,NVIDIA A100-SXM4-40GB MIG 4g.20gb (0),1,,13,[CUDA memset]
3435096751,3200,189135,,,,,,,,,,0.031,9780.000,Pinned,Device,NVIDIA A100-SXM4-40GB MIG 4g.20gb (0),1,,13,[CUDA memcpy Host-to-Device]
3435102447,9407,189136,,,,,,,,,,0.197,20900.020,Pinned,Device,NVIDIA A100-SXM4-40GB MIG 4g.20gb (0),1,,13,[CUDA memcpy Host-to-Device]
3435116814,6368,189137,273,1,1,8,4,1,39,0.002,0.000,,,,,NVIDIA A100-SXM4-40GB MIG 4g.20gb (0),1,,13,"void channel_eq::eqMmseCoefCompLowMimoKernel<float, float, float, (unsigned int)4, (unsigned int)1, (unsigned int)4>(const channel_eq::_puschRxChEqStatDescr *, channel_eq::_puschRxChEqCoefCompDynDescr)"
3435125742,5888,189138,273,1,1,12,11,1,51,0.002,0.000,,,,,NVIDIA A100-SXM4-40GB MIG 4g.20gb (0),1,,13,"void channel_eq::eqMmseSoftDemapKernel<float, __half, __half, float, (unsigned int)4, (unsigned short)16383>(channel_eq::_puschRxChEqStatDescr *, channel_eq::_puschRxChEqSoftDemapDynDescr)"
3435132846,282525,189139,1,1,1,32,32,1,30,0.000,0.000,,,,,NVIDIA A100-SXM4-40GB MIG 4g.20gb (0),1,,13,"void convert_kernel<float2, __half2>(tensor_layout_any, T1 *, tensor_layout_any, const T2 *)"
3435416523,10911,189151,2253,1,1,128,1,1,16,0.000,0.000,,,,,NVIDIA A100-SXM4-40GB MIG 4g.20gb (0),1,,13,cupy_copy__float16_float16
3435428746,3392,189160,282,1,1,128,1,1,16,0.000,0.000,,,,,NVIDIA A100-SXM4-40GB MIG 4g.20gb (0),1,,13,cupy_copy__complex64_complex64
3435433162,2240,189169,26,1,1,128,1,1,16,0.000,0.000,,,,,NVIDIA A100-SXM4-40GB MIG 4g.20gb (0),1,,13,cupy_copy__float32_float32
3435438314,3232,189178,103,1,1,128,1,1,16,0.000,0.000,,,,,NVIDIA A100-SXM4-40GB MIG 4g.20gb (0),1,,13,cupy_copy__complex64_complex64
3435442666,11872,189188,1434,1,1,128,1,1,16,0.000,0.000,,,,,NVIDIA A100-SXM4-40GB MIG 4g.20gb (0),1,,13,cupy_copy__complex64_complex64
3435461258,81855,189193,1,1,1,32,32,1,30,0.000,0.000,,,,,NVIDIA A100-SXM4-40GB MIG 4g.20gb (0),1,,13,"void convert_kernel<__half2, float2>(tensor_layout_any, T1 *, tensor_layout_any, const T2 *)"
3435569865,5472,189196,,,,,,,,,,0.094,17122.757,Pinned,Device,NVIDIA A100-SXM4-40GB MIG 4g.20gb (0),1,,13,[CUDA memcpy Host-to-Device]
3435580617,602296,189197,,,,,,,,,,456.561,757891.990,Device,,NVIDIA A100-SXM4-40GB MIG 4g.20gb (0),1,,13,[CUDA memset]
3436186785,67231,189202,,,,,,,,,,1.235,18368.557,Pinned,Device,NVIDIA A100-SXM4-40GB MIG 4g.20gb (0),1,,13,[CUDA memcpy Host-to-Device]
3436257920,15456,189203,,,,,,,,,,0.197,12720.341,Pinned,Device,NVIDIA A100-SXM4-40GB MIG 4g.20gb (0),1,,13,[CUDA memcpy Host-to-Device]
3436283072,8576,189204,69,4,1,48,1,1,76,0.002,0.000,,,,,NVIDIA A100-SXM4-40GB MIG 4g.20gb (0),1,,13,"void ch_est::windowedChEstPreNoDftSOfdmKernel<float, __half, float, (unsigned int)2, (unsigned int)1, (unsigned short)4>(ch_est::puschRxChEstStatDescr_t *, ch_est::puschRxChEstDynDescr_t *)"
3436294016,7648,189205,137,2,1,24,2,1,44,0.001,0.001,,,,,NVIDIA A100-SXM4-40GB MIG 4g.20gb (0),1,,13,"void ch_est::chEstFilterNoDftSOfdmDispatchKernel<float, __half, float, (unsigned int)2>(ch_est::puschRxChEstStatDescr_t *, ch_est::puschRxChEstDynDescr_t *)"
3436305088,5184,189206,137,2,1,24,2,1,44,0.001,0.001,,,,,NVIDIA A100-SXM4-40GB MIG 4g.20gb (0),1,,13,"void ch_est::chEstFilterNoDftSOfdmDispatchKernel<float, __half, float, (unsigned int)2>(ch_est::puschRxChEstStatDescr_t *, ch_est::puschRxChEstDynDescr_t *)"
3436315520,2527,189217,103,1,1,128,1,1,16,0.000,0.000,,,,,NVIDIA A100-SXM4-40GB MIG 4g.20gb (0),1,,13,cupy_copy__complex64_complex64
3436321823,12512,189227,1434,1,1,128,1,1,16,0.000,0.000,,,,,NVIDIA A100-SXM4-40GB MIG 4g.20gb (0),1,,13,cupy_copy__complex64_complex64
3436337855,2592,189234,103,1,1,128,1,1,16,0.000,0.000,,,,,NVIDIA A100-SXM4-40GB MIG 4g.20gb (0),1,,13,cupy_copy__complex64_complex64
3436344159,84575,189241,1,1,1,32,32,1,30,0.000,0.000,,,,,NVIDIA A100-SXM4-40GB MIG 4g.20gb (0),1,,13,"void convert_kernel<__half2, float2>(tensor_layout_any, T1 *, tensor_layout_any, const T2 *)"
3436458814,9760,189244,,,,,,,,,,0.094,9599.998,Pinned,Device,NVIDIA A100-SXM4-40GB MIG 4g.20gb (0),1,,13,[CUDA memcpy Host-to-Device]
3436475870,48255,189245,,,,,,,,,,35.810,742088.972,Device,,NVIDIA A100-SXM4-40GB MIG 4g.20gb (0),1,,13,[CUDA memset]
3436527005,3040,189247,,,,,,,,,,0.000,26.316,Pinned,Device,NVIDIA A100-SXM4-40GB MIG 4g.20gb (0),1,,13,[CUDA memcpy Host-to-Device]
3436533021,13600,189248,,,,,,,,,,0.197,14456.390,Pinned,Device,NVIDIA A100-SXM4-40GB MIG 4g.20gb (0),1,,13,[CUDA memcpy Host-to-Device]
3436552637,10559,189249,273,1,1,48,1,1,40,0.000,0.001,,,,,NVIDIA A100-SXM4-40GB MIG 4g.20gb (0),1,,13,"void pusch_noise_intf_est::noiseIntfEstNoDftSOfdmKernel<float, __half, float, float, (unsigned int)2, (unsigned int)1, (unsigned char)4, (unsigned char)4>(pusch_noise_intf_est::puschRxNoiseIntfEstDynDescr)"
3436567772,2816,189260,35,1,1,128,1,1,16,0.000,0.000,,,,,NVIDIA A100-SXM4-40GB MIG 4g.20gb (0),1,,13,cupy_copy__complex64_complex64
3436577724,1888,189269,1,1,1,1,1,1,18,0.000,0.000,,,,,NVIDIA A100-SXM4-40GB MIG 4g.20gb (0),1,,13,cupy_copy__float32_float32
3436609052,2432,189275,,,,,,,,,,0.000,1.645,Device,Pageable,NVIDIA A100-SXM4-40GB MIG 4g.20gb (0),1,,7,[CUDA memcpy Device-to-Host]
3436671579,12800,189286,1434,1,1,128,1,1,16,0.000,0.000,,,,,NVIDIA A100-SXM4-40GB MIG 4g.20gb (0),1,,13,cupy_copy__complex64_complex64
3436699835,2880,189293,103,1,1,128,1,1,16,0.000,0.000,,,,,NVIDIA A100-SXM4-40GB MIG 4g.20gb (0),1,,13,cupy_copy__complex64_complex64
3436718331,2687,189300,35,1,1,128,1,1,16,0.000,0.000,,,,,NVIDIA A100-SXM4-40GB MIG 4g.20gb (0),1,,13,cupy_copy__complex64_complex64
3436737146,1760,189307,1,1,1,1,1,1,18,0.000,0.000,,,,,NVIDIA A100-SXM4-40GB MIG 4g.20gb (0),1,,13,cupy_copy__float32_float32
3436871449,87871,189318,1,1,1,32,32,1,30,0.000,0.000,,,,,NVIDIA A100-SXM4-40GB MIG 4g.20gb (0),1,,13,"void convert_kernel<__half2, float2>(tensor_layout_any, T1 *, tensor_layout_any, const T2 *)"
3436986423,5408,189321,,,,,,,,,,0.094,17325.421,Pinned,Device,NVIDIA A100-SXM4-40GB MIG 4g.20gb (0),1,,13,[CUDA memcpy Host-to-Device]
3437002039,3296,189322,,,,,,,,,,1.547,469242.628,Device,,NVIDIA A100-SXM4-40GB MIG 4g.20gb (0),1,,13,[CUDA memset]
3437008151,3296,189327,,,,,,,,,,0.031,9495.144,Pinned,Device,NVIDIA A100-SXM4-40GB MIG 4g.20gb (0),1,,13,[CUDA memcpy Host-to-Device]
3437013911,9440,189328,,,,,,,,,,0.197,20827.079,Pinned,Device,NVIDIA A100-SXM4-40GB MIG 4g.20gb (0),1,,13,[CUDA memcpy Host-to-Device]
3437028407,6944,189329,273,1,1,8,4,1,39,0.002,0.000,,,,,NVIDIA A100-SXM4-40GB MIG 4g.20gb (0),1,,13,"void channel_eq::eqMmseCoefCompLowMimoKernel<float, float, float, (unsigned int)4, (unsigned int)1, (unsigned int)4>(const channel_eq::_puschRxChEqStatDescr *, channel_eq::_puschRxChEqCoefCompDynDescr)"
3437037335,5728,189330,273,1,1,12,11,1,51,0.002,0.000,,,,,NVIDIA A100-SXM4-40GB MIG 4g.20gb (0),1,,13,"void channel_eq::eqMmseSoftDemapKernel<float, __half, __half, float, (unsigned int)4, (unsigned short)16383>(channel_eq::_puschRxChEqStatDescr *, channel_eq::_puschRxChEqSoftDemapDynDescr)"
3437045270,282109,189331,1,1,1,32,32,1,30,0.000,0.000,,,,,NVIDIA A100-SXM4-40GB MIG 4g.20gb (0),1,,13,"void convert_kernel<float2, __half2>(tensor_layout_any, T1 *, tensor_layout_any, const T2 *)"
3437328851,11200,189343,2253,1,1,128,1,1,16,0.000,0.000,,,,,NVIDIA A100-SXM4-40GB MIG 4g.20gb (0),1,,13,cupy_copy__float16_float16
3437342771,3648,189352,282,1,1,128,1,1,16,0.000,0.000,,,,,NVIDIA A100-SXM4-40GB MIG 4g.20gb (0),1,,13,cupy_copy__complex64_complex64
3437348435,2272,189361,26,1,1,128,1,1,16,0.000,0.000,,,,,NVIDIA A100-SXM4-40GB MIG 4g.20gb (0),1,,13,cupy_copy__float32_float32
3437353747,2848,189370,103,1,1,128,1,1,16,0.000,0.000,,,,,NVIDIA A100-SXM4-40GB MIG 4g.20gb (0),1,,13,cupy_copy__complex64_complex64
3437358451,12031,189380,1434,1,1,128,1,1,16,0.000,0.000,,,,,NVIDIA A100-SXM4-40GB MIG 4g.20gb (0),1,,13,cupy_copy__complex64_complex64
3437376498,81599,189385,1,1,1,32,32,1,30,0.000,0.000,,,,,NVIDIA A100-SXM4-40GB MIG 4g.20gb (0),1,,13,"void convert_kernel<__half2, float2>(tensor_layout_any, T1 *, tensor_layout_any, const T2 *)"
3437485073,5696,189388,,,,,,,,,,0.094,16449.363,Pinned,Device,NVIDIA A100-SXM4-40GB MIG 4g.20gb (0),1,,13,[CUDA memcpy Host-to-Device]
3437495249,613752,189389,,,,,,,,,,456.561,743738.586,Device,,NVIDIA A100-SXM4-40GB MIG 4g.20gb (0),1,,13,[CUDA memset]
3438113929,69791,189394,,,,,,,,,,1.235,17694.278,Pinned,Device,NVIDIA A100-SXM4-40GB MIG 4g.20gb (0),1,,13,[CUDA memcpy Host-to-Device]
3438188104,15744,189395,,,,,,,,,,0.197,12487.754,Pinned,Device,NVIDIA A100-SXM4-40GB MIG 4g.20gb (0),1,,13,[CUDA memcpy Host-to-Device]
3438209544,8576,189396,69,4,1,48,1,1,76,0.002,0.000,,,,,NVIDIA A100-SXM4-40GB MIG 4g.20gb (0),1,,13,"void ch_est::windowedChEstPreNoDftSOfdmKernel<float, __half, float, (unsigned int)2, (unsigned int)1, (unsigned short)4>(ch_est::puschRxChEstStatDescr_t *, ch_est::puschRxChEstDynDescr_t *)"
3438221096,6816,189397,137,2,1,24,2,1,44,0.001,0.001,,,,,NVIDIA A100-SXM4-40GB MIG 4g.20gb (0),1,,13,"void ch_est::chEstFilterNoDftSOfdmDispatchKernel<float, __half, float, (unsigned int)2>(ch_est::puschRxChEstStatDescr_t *, ch_est::puschRxChEstDynDescr_t *)"
3438230536,5248,189398,137,2,1,24,2,1,44,0.001,0.001,,,,,NVIDIA A100-SXM4-40GB MIG 4g.20gb (0),1,,13,"void ch_est::chEstFilterNoDftSOfdmDispatchKernel<float, __half, float, (unsigned int)2>(ch_est::puschRxChEstStatDescr_t *, ch_est::puschRxChEstDynDescr_t *)"
3438240840,2656,189409,103,1,1,128,1,1,16,0.000,0.000,,,,,NVIDIA A100-SXM4-40GB MIG 4g.20gb (0),1,,13,cupy_copy__complex64_complex64
3438246408,12607,189419,1434,1,1,128,1,1,16,0.000,0.000,,,,,NVIDIA A100-SXM4-40GB MIG 4g.20gb (0),1,,13,cupy_copy__complex64_complex64
3438260263,2624,189426,103,1,1,128,1,1,16,0.000,0.000,,,,,NVIDIA A100-SXM4-40GB MIG 4g.20gb (0),1,,13,cupy_copy__complex64_complex64
3438266023,84063,189433,1,1,1,32,32,1,30,0.000,0.000,,,,,NVIDIA A100-SXM4-40GB MIG 4g.20gb (0),1,,13,"void convert_kernel<__half2, float2>(tensor_layout_any, T1 *, tensor_layout_any, const T2 *)"
3438378502,8992,189436,,,,,,,,,,0.094,10419.838,Pinned,Device,NVIDIA A100-SXM4-40GB MIG 4g.20gb (0),1,,13,[CUDA memcpy Host-to-Device]
3438393414,48287,189437,,,,,,,,,,35.810,741587.633,Device,,NVIDIA A100-SXM4-40GB MIG 4g.20gb (0),1,,13,[CUDA memset]
3438446757,3072,189439,,,,,,,,,,0.000,26.042,Pinned,Device,NVIDIA A100-SXM4-40GB MIG 4g.20gb (0),1,,13,[CUDA memcpy Host-to-Device]
3438453733,12096,189440,,,,,,,,,,0.197,16253.780,Pinned,Device,NVIDIA A100-SXM4-40GB MIG 4g.20gb (0),1,,13,[CUDA memcpy Host-to-Device]
3438474949,10912,189441,273,1,1,48,1,1,40,0.000,0.001,,,,,NVIDIA A100-SXM4-40GB MIG 4g.20gb (0),1,,13,"void pusch_noise_intf_est::noiseIntfEstNoDftSOfdmKernel<float, __half, float, float, (unsigned int)2, (unsigned int)1, (unsigned char)4, (unsigned char)4>(pusch_noise_intf_est::puschRxNoiseIntfEstDynDescr)"
3438489925,2912,189452,35,1,1,128,1,1,16,0.000,0.000,,,,,NVIDIA A100-SXM4-40GB MIG 4g.20gb (0),1,,13,cupy_copy__complex64_complex64
3438495717,1728,189461,1,1,1,1,1,1,18,0.000,0.000,,,,,NVIDIA A100-SXM4-40GB MIG 4g.20gb (0),1,,13,cupy_copy__float32_float32
3438528420,1664,189467,,,,,,,,,,0.000,2.404,Device,Pageable,NVIDIA A100-SXM4-40GB MIG 4g.20gb (0),1,,7,[CUDA memcpy Device-to-Host]
3438588899,12704,189478,1434,1,1,128,1,1,16,0.000,0.000,,,,,NVIDIA A100-SXM4-40GB MIG 4g.20gb (0),1,,13,cupy_copy__complex64_complex64
3438616547,2944,189485,103,1,1,128,1,1,16,0.000,0.000,,,,,NVIDIA A100-SXM4-40GB MIG 4g.20gb (0),1,,13,cupy_copy__complex64_complex64
3438635491,2464,189492,35,1,1,128,1,1,16,0.000,0.000,,,,,NVIDIA A100-SXM4-40GB MIG 4g.20gb (0),1,,13,cupy_copy__complex64_complex64
3438657475,1824,189499,1,1,1,1,1,1,18,0.000,0.000,,,,,NVIDIA A100-SXM4-40GB MIG 4g.20gb (0),1,,13,cupy_copy__float32_float32
3438787489,81535,189510,1,1,1,32,32,1,30,0.000,0.000,,,,,NVIDIA A100-SXM4-40GB MIG 4g.20gb (0),1,,13,"void convert_kernel<__half2, float2>(tensor_layout_any, T1 *, tensor_layout_any, const T2 *)"
3438897344,5376,189513,,,,,,,,,,0.094,17428.487,Pinned,Device,NVIDIA A100-SXM4-40GB MIG 4g.20gb (0),1,,13,[CUDA memcpy Host-to-Device]
3438912543,3264,189514,,,,,,,,,,1.547,473842.288,Device,,NVIDIA A100-SXM4-40GB MIG 4g.20gb (0),1,,13,[CUDA memset]
3438919775,3008,189519,,,,,,,,,,0.031,10404.230,Pinned,Device,NVIDIA A100-SXM4-40GB MIG 4g.20gb (0),1,,13,[CUDA memcpy Host-to-Device]
3438925343,9536,189520,,,,,,,,,,0.197,20617.298,Pinned,Device,NVIDIA A100-SXM4-40GB MIG 4g.20gb (0),1,,13,[CUDA memcpy Host-to-Device]
3438938783,6016,189521,273,1,1,8,4,1,39,0.002,0.000,,,,,NVIDIA A100-SXM4-40GB MIG 4g.20gb (0),1,,13,"void channel_eq::eqMmseCoefCompLowMimoKernel<float, float, float, (unsigned int)4, (unsigned int)1, (unsigned int)4>(const channel_eq::_puschRxChEqStatDescr *, channel_eq::_puschRxChEqCoefCompDynDescr)"
3438945759,6144,189522,273,1,1,12,11,1,51,0.002,0.000,,,,,NVIDIA A100-SXM4-40GB MIG 4g.20gb (0),1,,13,"void channel_eq::eqMmseSoftDemapKernel<float, __half, __half, float, (unsigned int)4, (unsigned short)16383>(channel_eq::_puschRxChEqStatDescr *, channel_eq::_puschRxChEqSoftDemapDynDescr)"
3438952959,282812,189523,1,1,1,32,32,1,30,0.000,0.000,,,,,NVIDIA A100-SXM4-40GB MIG 4g.20gb (0),1,,13,"void convert_kernel<float2, __half2>(tensor_layout_any, T1 *, tensor_layout_any, const T2 *)"
3439237659,10848,189535,2253,1,1,128,1,1,16,0.000,0.000,,,,,NVIDIA A100-SXM4-40GB MIG 4g.20gb (0),1,,13,cupy_copy__float16_float16
3439250651,3872,189544,282,1,1,128,1,1,16,0.000,0.000,,,,,NVIDIA A100-SXM4-40GB MIG 4g.20gb (0),1,,13,cupy_copy__complex64_complex64
3439255579,2304,189553,26,1,1,128,1,1,16,0.000,0.000,,,,,NVIDIA A100-SXM4-40GB MIG 4g.20gb (0),1,,13,cupy_copy__float32_float32
3439259899,2816,189562,103,1,1,128,1,1,16,0.000,0.000,,,,,NVIDIA A100-SXM4-40GB MIG 4g.20gb (0),1,,13,cupy_copy__complex64_complex64
3439266203,12064,189572,1434,1,1,128,1,1,16,0.000,0.000,,,,,NVIDIA A100-SXM4-40GB MIG 4g.20gb (0),1,,13,cupy_copy__complex64_complex64
3439286555,86079,189577,1,1,1,32,32,1,30,0.000,0.000,,,,,NVIDIA A100-SXM4-40GB MIG 4g.20gb (0),1,,13,"void convert_kernel<__half2, float2>(tensor_layout_any, T1 *, tensor_layout_any, const T2 *)"
3439399065,5344,189580,,,,,,,,,,0.094,17532.864,Pinned,Device,NVIDIA A100-SXM4-40GB MIG 4g.20gb (0),1,,13,[CUDA memcpy Host-to-Device]
3439410265,604633,189581,,,,,,,,,,456.561,754696.060,Device,,NVIDIA A100-SXM4-40GB MIG 4g.20gb (0),1,,13,[CUDA memset]
3440017522,69439,189586,,,,,,,,,,1.235,17784.429,Pinned,Device,NVIDIA A100-SXM4-40GB MIG 4g.20gb (0),1,,13,[CUDA memcpy Host-to-Device]
3440090929,14336,189587,,,,,,,,,,0.197,13714.194,Pinned,Device,NVIDIA A100-SXM4-40GB MIG 4g.20gb (0),1,,13,[CUDA memcpy Host-to-Device]
3440113713,8191,189588,69,4,1,48,1,1,76,0.002,0.000,,,,,NVIDIA A100-SXM4-40GB MIG 4g.20gb (0),1,,13,"void ch_est::windowedChEstPreNoDftSOfdmKernel<float, __half, float, (unsigned int)2, (unsigned int)1, (unsigned short)4>(ch_est::puschRxChEstStatDescr_t *, ch_est::puschRxChEstDynDescr_t *)"
3440125200,5920,189589,137,2,1,24,2,1,44,0.001,0.001,,,,,NVIDIA A100-SXM4-40GB MIG 4g.20gb (0),1,,13,"void ch_est::chEstFilterNoDftSOfdmDispatchKernel<float, __half, float, (unsigned int)2>(ch_est::puschRxChEstStatDescr_t *, ch_est::puschRxChEstDynDescr_t *)"
3440136656,5184,189590,137,2,1,24,2,1,44,0.001,0.001,,,,,NVIDIA A100-SXM4-40GB MIG 4g.20gb (0),1,,13,"void ch_est::chEstFilterNoDftSOfdmDispatchKernel<float, __half, float, (unsigned int)2>(ch_est::puschRxChEstStatDescr_t *, ch_est::puschRxChEstDynDescr_t *)"
3440147088,2496,189601,103,1,1,128,1,1,16,0.000,0.000,,,,,NVIDIA A100-SXM4-40GB MIG 4g.20gb (0),1,,13,cupy_copy__complex64_complex64
3440153520,12512,189611,1434,1,1,128,1,1,16,0.000,0.000,,,,,NVIDIA A100-SXM4-40GB MIG 4g.20gb (0),1,,13,cupy_copy__complex64_complex64
3440170512,2496,189618,103,1,1,128,1,1,16,0.000,0.000,,,,,NVIDIA A100-SXM4-40GB MIG 4g.20gb (0),1,,13,cupy_copy__complex64_complex64
3440177136,83487,189625,1,1,1,32,32,1,30,0.000,0.000,,,,,NVIDIA A100-SXM4-40GB MIG 4g.20gb (0),1,,13,"void convert_kernel<__half2, float2>(tensor_layout_any, T1 *, tensor_layout_any, const T2 *)"
3440288334,9248,189628,,,,,,,,,,0.094,10131.442,Pinned,Device,NVIDIA A100-SXM4-40GB MIG 4g.20gb (0),1,,13,[CUDA memcpy Host-to-Device]
3440305934,47840,189629,,,,,,,,,,35.810,748534.758,Device,,NVIDIA A100-SXM4-40GB MIG 4g.20gb (0),1,,13,[CUDA memset]
3440355982,4320,189631,,,,,,,,,,0.000,18.518,Pinned,Device,NVIDIA A100-SXM4-40GB MIG 4g.20gb (0),1,,13,[CUDA memcpy Host-to-Device]
3440364877,13728,189632,,,,,,,,,,0.197,14321.517,Pinned,Device,NVIDIA A100-SXM4-40GB MIG 4g.20gb (0),1,,13,[CUDA memcpy Host-to-Device]
3440382989,10048,189633,273,1,1,48,1,1,40,0.000,0.001,,,,,NVIDIA A100-SXM4-40GB MIG 4g.20gb (0),1,,13,"void pusch_noise_intf_est::noiseIntfEstNoDftSOfdmKernel<float, __half, float, float, (unsigned int)2, (unsigned int)1, (unsigned char)4, (unsigned char)4>(pusch_noise_intf_est::puschRxNoiseIntfEstDynDescr)"
3440397741,3008,189644,35,1,1,128,1,1,16,0.000,0.000,,,,,NVIDIA A100-SXM4-40GB MIG 4g.20gb (0),1,,13,cupy_copy__complex64_complex64
3440409645,2016,189653,1,1,1,1,1,1,18,0.000,0.000,,,,,NVIDIA A100-SXM4-40GB MIG 4g.20gb (0),1,,13,cupy_copy__float32_float32
3440439533,1632,189659,,,,,,,,,,0.000,2.451,Device,Pageable,NVIDIA A100-SXM4-40GB MIG 4g.20gb (0),1,,7,[CUDA memcpy Device-to-Host]
3440500684,12960,189670,1434,1,1,128,1,1,16,0.000,0.000,,,,,NVIDIA A100-SXM4-40GB MIG 4g.20gb (0),1,,13,cupy_copy__complex64_complex64
3440530731,3616,189677,103,1,1,128,1,1,16,0.000,0.000,,,,,NVIDIA A100-SXM4-40GB MIG 4g.20gb (0),1,,13,cupy_copy__complex64_complex64
3440551755,2592,189684,35,1,1,128,1,1,16,0.000,0.000,,,,,NVIDIA A100-SXM4-40GB MIG 4g.20gb (0),1,,13,cupy_copy__complex64_complex64
3440570347,1728,189691,1,1,1,1,1,1,18,0.000,0.000,,,,,NVIDIA A100-SXM4-40GB MIG 4g.20gb (0),1,,13,cupy_copy__float32_float32
3440700393,82591,189702,1,1,1,32,32,1,30,0.000,0.000,,,,,NVIDIA A100-SXM4-40GB MIG 4g.20gb (0),1,,13,"void convert_kernel<__half2, float2>(tensor_layout_any, T1 *, tensor_layout_any, const T2 *)"
3440810120,5376,189705,,,,,,,,,,0.094,17428.487,Pinned,Device,NVIDIA A100-SXM4-40GB MIG 4g.20gb (0),1,,13,[CUDA memcpy Host-to-Device]
3440824744,3232,189706,,,,,,,,,,1.547,478533.199,Device,,NVIDIA A100-SXM4-40GB MIG 4g.20gb (0),1,,13,[CUDA memset]
3440831368,3136,189711,,,,,,,,,,0.031,9979.575,Pinned,Device,NVIDIA A100-SXM4-40GB MIG 4g.20gb (0),1,,13,[CUDA memcpy Host-to-Device]
3440836936,9407,189712,,,,,,,,,,0.197,20900.020,Pinned,Device,NVIDIA A100-SXM4-40GB MIG 4g.20gb (0),1,,13,[CUDA memcpy Host-to-Device]
3440851911,5984,189713,273,1,1,8,4,1,39,0.002,0.000,,,,,NVIDIA A100-SXM4-40GB MIG 4g.20gb (0),1,,13,"void channel_eq::eqMmseCoefCompLowMimoKernel<float, float, float, (unsigned int)4, (unsigned int)1, (unsigned int)4>(const channel_eq::_puschRxChEqStatDescr *, channel_eq::_puschRxChEqCoefCompDynDescr)"
3440858983,5888,189714,273,1,1,12,11,1,51,0.002,0.000,,,,,NVIDIA A100-SXM4-40GB MIG 4g.20gb (0),1,,13,"void channel_eq::eqMmseSoftDemapKernel<float, __half, __half, float, (unsigned int)4, (unsigned short)16383>(channel_eq::_puschRxChEqStatDescr *, channel_eq::_puschRxChEqSoftDemapDynDescr)"
3440866567,294653,189715,1,1,1,32,32,1,30,0.000,0.000,,,,,NVIDIA A100-SXM4-40GB MIG 4g.20gb (0),1,,13,"void convert_kernel<float2, __half2>(tensor_layout_any, T1 *, tensor_layout_any, const T2 *)"
3441162372,11103,189727,2253,1,1,128,1,1,16,0.000,0.000,,,,,NVIDIA A100-SXM4-40GB MIG 4g.20gb (0),1,,13,cupy_copy__float16_float16
3441176867,3264,189736,282,1,1,128,1,1,16,0.000,0.000,,,,,NVIDIA A100-SXM4-40GB MIG 4g.20gb (0),1,,13,cupy_copy__complex64_complex64
3441182563,2112,189745,26,1,1,128,1,1,16,0.000,0.000,,,,,NVIDIA A100-SXM4-40GB MIG 4g.20gb (0),1,,13,cupy_copy__float32_float32
3441186563,3232,189754,103,1,1,128,1,1,16,0.000,0.000,,,,,NVIDIA A100-SXM4-40GB MIG 4g.20gb (0),1,,13,cupy_copy__complex64_complex64
3441190819,11968,189764,1434,1,1,128,1,1,16,0.000,0.000,,,,,NVIDIA A100-SXM4-40GB MIG 4g.20gb (0),1,,13,cupy_copy__complex64_complex64
3441207235,87679,189769,1,1,1,32,32,1,30,0.000,0.000,,,,,NVIDIA A100-SXM4-40GB MIG 4g.20gb (0),1,,13,"void convert_kernel<__half2, float2>(tensor_layout_any, T1 *, tensor_layout_any, const T2 *)"
3441322082,5408,189772,,,,,,,,,,0.094,17325.421,Pinned,Device,NVIDIA A100-SXM4-40GB MIG 4g.20gb (0),1,,13,[CUDA memcpy Host-to-Device]
3441334561,600761,189773,,,,,,,,,,456.561,759718.236,Device,,NVIDIA A100-SXM4-40GB MIG 4g.20gb (0),1,,13,[CUDA memset]
3441939546,68543,189778,,,,,,,,,,1.235,18016.598,Pinned,Device,NVIDIA A100-SXM4-40GB MIG 4g.20gb (0),1,,13,[CUDA memcpy Host-to-Device]
3442011449,15584,189779,,,,,,,,,,0.197,12615.942,Pinned,Device,NVIDIA A100-SXM4-40GB MIG 4g.20gb (0),1,,13,[CUDA memcpy Host-to-Device]
3442035641,8704,189780,69,4,1,48,1,1,76,0.002,0.000,,,,,NVIDIA A100-SXM4-40GB MIG 4g.20gb (0),1,,13,"void ch_est::windowedChEstPreNoDftSOfdmKernel<float, __half, float, (unsigned int)2, (unsigned int)1, (unsigned short)4>(ch_est::puschRxChEstStatDescr_t *, ch_est::puschRxChEstDynDescr_t *)"
3442047769,6592,189781,137,2,1,24,2,1,44,0.001,0.001,,,,,NVIDIA A100-SXM4-40GB MIG 4g.20gb (0),1,,13,"void ch_est::chEstFilterNoDftSOfdmDispatchKernel<float, __half, float, (unsigned int)2>(ch_est::puschRxChEstStatDescr_t *, ch_est::puschRxChEstDynDescr_t *)"
3442058265,5183,189782,137,2,1,24,2,1,44,0.001,0.001,,,,,NVIDIA A100-SXM4-40GB MIG 4g.20gb (0),1,,13,"void ch_est::chEstFilterNoDftSOfdmDispatchKernel<float, __half, float, (unsigned int)2>(ch_est::puschRxChEstStatDescr_t *, ch_est::puschRxChEstDynDescr_t *)"
3442068952,2656,189793,103,1,1,128,1,1,16,0.000,0.000,,,,,NVIDIA A100-SXM4-40GB MIG 4g.20gb (0),1,,13,cupy_copy__complex64_complex64
3442074488,12352,189803,1434,1,1,128,1,1,16,0.000,0.000,,,,,NVIDIA A100-SXM4-40GB MIG 4g.20gb (0),1,,13,cupy_copy__complex64_complex64
3442094872,2592,189810,103,1,1,128,1,1,16,0.000,0.000,,,,,NVIDIA A100-SXM4-40GB MIG 4g.20gb (0),1,,13,cupy_copy__complex64_complex64
3442100024,83871,189817,1,1,1,32,32,1,30,0.000,0.000,,,,,NVIDIA A100-SXM4-40GB MIG 4g.20gb (0),1,,13,"void convert_kernel<__half2, float2>(tensor_layout_any, T1 *, tensor_layout_any, const T2 *)"
3442211479,9728,189820,,,,,,,,,,0.094,9631.574,Pinned,Device,NVIDIA A100-SXM4-40GB MIG 4g.20gb (0),1,,13,[CUDA memcpy Host-to-Device]
3442228118,47232,189821,,,,,,,,,,35.810,758167.626,Device,,NVIDIA A100-SXM4-40GB MIG 4g.20gb (0),1,,13,[CUDA memset]
3442283926,2656,189823,,,,,,,,,,0.000,30.120,Pinned,Device,NVIDIA A100-SXM4-40GB MIG 4g.20gb (0),1,,13,[CUDA memcpy Host-to-Device]
3442291094,12767,189824,,,,,,,,,,0.197,15399.518,Pinned,Device,NVIDIA A100-SXM4-40GB MIG 4g.20gb (0),1,,13,[CUDA memcpy Host-to-Device]
3442311765,9824,189825,273,1,1,48,1,1,40,0.000,0.001,,,,,NVIDIA A100-SXM4-40GB MIG 4g.20gb (0),1,,13,"void pusch_noise_intf_est::noiseIntfEstNoDftSOfdmKernel<float, __half, float, float, (unsigned int)2, (unsigned int)1, (unsigned char)4, (unsigned char)4>(pusch_noise_intf_est::puschRxNoiseIntfEstDynDescr)"
3442326997,2976,189836,35,1,1,128,1,1,16,0.000,0.000,,,,,NVIDIA A100-SXM4-40GB MIG 4g.20gb (0),1,,13,cupy_copy__complex64_complex64
3442332021,1824,189845,1,1,1,1,1,1,18,0.000,0.000,,,,,NVIDIA A100-SXM4-40GB MIG 4g.20gb (0),1,,13,cupy_copy__float32_float32
3442360821,2304,189851,,,,,,,,,,0.000,1.736,Device,Pageable,NVIDIA A100-SXM4-40GB MIG 4g.20gb (0),1,,7,[CUDA memcpy Device-to-Host]
3442423604,12800,189862,1434,1,1,128,1,1,16,0.000,0.000,,,,,NVIDIA A100-SXM4-40GB MIG 4g.20gb (0),1,,13,cupy_copy__complex64_complex64
3442451732,2944,189869,103,1,1,128,1,1,16,0.000,0.000,,,,,NVIDIA A100-SXM4-40GB MIG 4g.20gb (0),1,,13,cupy_copy__complex64_complex64
3442472435,2336,189876,35,1,1,128,1,1,16,0.000,0.000,,,,,NVIDIA A100-SXM4-40GB MIG 4g.20gb (0),1,,13,cupy_copy__complex64_complex64
3442491027,1760,189883,1,1,1,1,1,1,18,0.000,0.000,,,,,NVIDIA A100-SXM4-40GB MIG 4g.20gb (0),1,,13,cupy_copy__float32_float32
3442621554,83231,189894,1,1,1,32,32,1,30,0.000,0.000,,,,,NVIDIA A100-SXM4-40GB MIG 4g.20gb (0),1,,13,"void convert_kernel<__half2, float2>(tensor_layout_any, T1 *, tensor_layout_any, const T2 *)"
3442732336,5440,189897,,,,,,,,,,0.094,17223.480,Pinned,Device,NVIDIA A100-SXM4-40GB MIG 4g.20gb (0),1,,13,[CUDA memcpy Host-to-Device]
3442746576,3392,189898,,,,,,,,,,1.547,455961.768,Device,,NVIDIA A100-SXM4-40GB MIG 4g.20gb (0),1,,13,[CUDA memset]
3442753424,3232,189903,,,,,,,,,,0.031,9683.139,Pinned,Device,NVIDIA A100-SXM4-40GB MIG 4g.20gb (0),1,,13,[CUDA memcpy Host-to-Device]
3442759184,9408,189904,,,,,,,,,,0.197,20897.858,Pinned,Device,NVIDIA A100-SXM4-40GB MIG 4g.20gb (0),1,,13,[CUDA memcpy Host-to-Device]
3442773328,6336,189905,273,1,1,8,4,1,39,0.002,0.000,,,,,NVIDIA A100-SXM4-40GB MIG 4g.20gb (0),1,,13,"void channel_eq::eqMmseCoefCompLowMimoKernel<float, float, float, (unsigned int)4, (unsigned int)1, (unsigned int)4>(const channel_eq::_puschRxChEqStatDescr *, channel_eq::_puschRxChEqCoefCompDynDescr)"
3442782448,5599,189906,273,1,1,12,11,1,51,0.002,0.000,,,,,NVIDIA A100-SXM4-40GB MIG 4g.20gb (0),1,,13,"void channel_eq::eqMmseSoftDemapKernel<float, __half, __half, float, (unsigned int)4, (unsigned short)16383>(channel_eq::_puschRxChEqStatDescr *, channel_eq::_puschRxChEqSoftDemapDynDescr)"
3442789679,294749,189907,1,1,1,32,32,1,30,0.000,0.000,,,,,NVIDIA A100-SXM4-40GB MIG 4g.20gb (0),1,,13,"void convert_kernel<float2, __half2>(tensor_layout_any, T1 *, tensor_layout_any, const T2 *)"
3443086700,11008,189919,2253,1,1,128,1,1,16,0.000,0.000,,,,,NVIDIA A100-SXM4-40GB MIG 4g.20gb (0),1,,13,cupy_copy__float16_float16
3443099948,3616,189928,282,1,1,128,1,1,16,0.000,0.000,,,,,NVIDIA A100-SXM4-40GB MIG 4g.20gb (0),1,,13,cupy_copy__complex64_complex64
3443104716,2016,189937,26,1,1,128,1,1,16,0.000,0.000,,,,,NVIDIA A100-SXM4-40GB MIG 4g.20gb (0),1,,13,cupy_copy__float32_float32
3443110636,2975,189946,103,1,1,128,1,1,16,0.000,0.000,,,,,NVIDIA A100-SXM4-40GB MIG 4g.20gb (0),1,,13,cupy_copy__complex64_complex64
3443114539,12096,189956,1434,1,1,128,1,1,16,0.000,0.000,,,,,NVIDIA A100-SXM4-40GB MIG 4g.20gb (0),1,,13,cupy_copy__complex64_complex64
3443128651,87071,189961,1,1,1,32,32,1,30,0.000,0.000,,,,,NVIDIA A100-SXM4-40GB MIG 4g.20gb (0),1,,13,"void convert_kernel<__half2, float2>(tensor_layout_any, T1 *, tensor_layout_any, const T2 *)"
3443242922,5376,189964,,,,,,,,,,0.094,17428.487,Pinned,Device,NVIDIA A100-SXM4-40GB MIG 4g.20gb (0),1,,13,[CUDA memcpy Host-to-Device]
3443253578,604376,189965,,,,,,,,,,456.561,755152.622,Device,,NVIDIA A100-SXM4-40GB MIG 4g.20gb (0),1,,13,[CUDA memset]
3443865986,68351,189970,,,,,,,,,,1.235,18067.231,Pinned,Device,NVIDIA A100-SXM4-40GB MIG 4g.20gb (0),1,,13,[CUDA memcpy Host-to-Device]
3443938209,14240,189971,,,,,,,,,,0.197,13806.600,Pinned,Device,NVIDIA A100-SXM4-40GB MIG 4g.20gb (0),1,,13,[CUDA memcpy Host-to-Device]
3443963073,8544,189972,69,4,1,48,1,1,76,0.002,0.000,,,,,NVIDIA A100-SXM4-40GB MIG 4g.20gb (0),1,,13,"void ch_est::windowedChEstPreNoDftSOfdmKernel<float, __half, float, (unsigned int)2, (unsigned int)1, (unsigned short)4>(ch_est::puschRxChEstStatDescr_t *, ch_est::puschRxChEstDynDescr_t *)"
3443974081,7456,189973,137,2,1,24,2,1,44,0.001,0.001,,,,,NVIDIA A100-SXM4-40GB MIG 4g.20gb (0),1,,13,"void ch_est::chEstFilterNoDftSOfdmDispatchKernel<float, __half, float, (unsigned int)2>(ch_est::puschRxChEstStatDescr_t *, ch_est::puschRxChEstDynDescr_t *)"
3443984225,5216,189974,137,2,1,24,2,1,44,0.001,0.001,,,,,NVIDIA A100-SXM4-40GB MIG 4g.20gb (0),1,,13,"void ch_est::chEstFilterNoDftSOfdmDispatchKernel<float, __half, float, (unsigned int)2>(ch_est::puschRxChEstStatDescr_t *, ch_est::puschRxChEstDynDescr_t *)"
3443994817,2528,189985,103,1,1,128,1,1,16,0.000,0.000,,,,,NVIDIA A100-SXM4-40GB MIG 4g.20gb (0),1,,13,cupy_copy__complex64_complex64
3444001312,12640,189995,1434,1,1,128,1,1,16,0.000,0.000,,,,,NVIDIA A100-SXM4-40GB MIG 4g.20gb (0),1,,13,cupy_copy__complex64_complex64
3444018976,2944,190002,103,1,1,128,1,1,16,0.000,0.000,,,,,NVIDIA A100-SXM4-40GB MIG 4g.20gb (0),1,,13,cupy_copy__complex64_complex64
3444026016,90559,190009,1,1,1,32,32,1,30,0.000,0.000,,,,,NVIDIA A100-SXM4-40GB MIG 4g.20gb (0),1,,13,"void convert_kernel<__half2, float2>(tensor_layout_any, T1 *, tensor_layout_any, const T2 *)"
3444144959,9632,190012,,,,,,,,,,0.094,9727.519,Pinned,Device,NVIDIA A100-SXM4-40GB MIG 4g.20gb (0),1,,13,[CUDA memcpy Host-to-Device]
3444161023,47615,190013,,,,,,,,,,35.810,752044.130,Device,,NVIDIA A100-SXM4-40GB MIG 4g.20gb (0),1,,13,[CUDA memset]
3444215166,3360,190015,,,,,,,,,,0.000,23.810,Pinned,Device,NVIDIA A100-SXM4-40GB MIG 4g.20gb (0),1,,13,[CUDA memcpy Host-to-Device]
3444221630,14336,190016,,,,,,,,,,0.197,13714.194,Pinned,Device,NVIDIA A100-SXM4-40GB MIG 4g.20gb (0),1,,13,[CUDA memcpy Host-to-Device]
3444245949,11040,190017,273,1,1,48,1,1,40,0.000,0.001,,,,,NVIDIA A100-SXM4-40GB MIG 4g.20gb (0),1,,13,"void pusch_noise_intf_est::noiseIntfEstNoDftSOfdmKernel<float, __half, float, float, (unsigned int)2, (unsigned int)1, (unsigned char)4, (unsigned char)4>(pusch_noise_intf_est::puschRxNoiseIntfEstDynDescr)"
3444260605,3008,190028,35,1,1,128,1,1,16,0.000,0.000,,,,,NVIDIA A100-SXM4-40GB MIG 4g.20gb (0),1,,13,cupy_copy__complex64_complex64
3444266461,1920,190037,1,1,1,1,1,1,18,0.000,0.000,,,,,NVIDIA A100-SXM4-40GB MIG 4g.20gb (0),1,,13,cupy_copy__float32_float32
3444295101,1824,190043,,,,,,,,,,0.000,2.193,Device,Pageable,NVIDIA A100-SXM4-40GB MIG 4g.20gb (0),1,,7,[CUDA memcpy Device-to-Host]
3444359612,13152,190054,1434,1,1,128,1,1,16,0.000,0.000,,,,,NVIDIA A100-SXM4-40GB MIG 4g.20gb (0),1,,13,cupy_copy__complex64_complex64
3444387484,3616,190061,103,1,1,128,1,1,16,0.000,0.000,,,,,NVIDIA A100-SXM4-40GB MIG 4g.20gb (0),1,,13,cupy_copy__complex64_complex64
3444407163,2752,190068,35,1,1,128,1,1,16,0.000,0.000,,,,,NVIDIA A100-SXM4-40GB MIG 4g.20gb (0),1,,13,cupy_copy__complex64_complex64
3444424987,1792,190075,1,1,1,1,1,1,18,0.000,0.000,,,,,NVIDIA A100-SXM4-40GB MIG 4g.20gb (0),1,,13,cupy_copy__float32_float32
3444555194,82079,190086,1,1,1,32,32,1,30,0.000,0.000,,,,,NVIDIA A100-SXM4-40GB MIG 4g.20gb (0),1,,13,"void convert_kernel<__half2, float2>(tensor_layout_any, T1 *, tensor_layout_any, const T2 *)"
3444664920,5504,190089,,,,,,,,,,0.094,17023.251,Pinned,Device,NVIDIA A100-SXM4-40GB MIG 4g.20gb (0),1,,13,[CUDA memcpy Host-to-Device]
3444679160,3328,190090,,,,,,,,,,1.547,464729.580,Device,,NVIDIA A100-SXM4-40GB MIG 4g.20gb (0),1,,13,[CUDA memset]
3444685912,3040,190095,,,,,,,,,,0.031,10294.725,Pinned,Device,NVIDIA A100-SXM4-40GB MIG 4g.20gb (0),1,,13,[CUDA memcpy Host-to-Device]
3444691352,9376,190096,,,,,,,,,,0.197,20969.226,Pinned,Device,NVIDIA A100-SXM4-40GB MIG 4g.20gb (0),1,,13,[CUDA memcpy Host-to-Device]
3444704504,8064,190097,273,1,1,8,4,1,39,0.002,0.000,,,,,NVIDIA A100-SXM4-40GB MIG 4g.20gb (0),1,,13,"void channel_eq::eqMmseCoefCompLowMimoKernel<float, float, float, (unsigned int)4, (unsigned int)1, (unsigned int)4>(const channel_eq::_puschRxChEqStatDescr *, channel_eq::_puschRxChEqCoefCompDynDescr)"
3444714840,6112,190098,273,1,1,12,11,1,51,0.002,0.000,,,,,NVIDIA A100-SXM4-40GB MIG 4g.20gb (0),1,,13,"void channel_eq::eqMmseSoftDemapKernel<float, __half, __half, float, (unsigned int)4, (unsigned short)16383>(channel_eq::_puschRxChEqStatDescr *, channel_eq::_puschRxChEqSoftDemapDynDescr)"
3444722296,294684,190099,1,1,1,32,32,1,30,0.000,0.000,,,,,NVIDIA A100-SXM4-40GB MIG 4g.20gb (0),1,,13,"void convert_kernel<float2, __half2>(tensor_layout_any, T1 *, tensor_layout_any, const T2 *)"
3445017940,11136,190111,2253,1,1,128,1,1,16,0.000,0.000,,,,,NVIDIA A100-SXM4-40GB MIG 4g.20gb (0),1,,13,cupy_copy__float16_float16
3445031988,4000,190120,282,1,1,128,1,1,16,0.000,0.000,,,,,NVIDIA A100-SXM4-40GB MIG 4g.20gb (0),1,,13,cupy_copy__complex64_complex64
3445037044,2304,190129,26,1,1,128,1,1,16,0.000,0.000,,,,,NVIDIA A100-SXM4-40GB MIG 4g.20gb (0),1,,13,cupy_copy__float32_float32
3445041844,5504,190138,103,1,1,128,1,1,16,0.000,0.000,,,,,NVIDIA A100-SXM4-40GB MIG 4g.20gb (0),1,,13,cupy_copy__complex64_complex64
3445048692,12383,190148,1434,1,1,128,1,1,16,0.000,0.000,,,,,NVIDIA A100-SXM4-40GB MIG 4g.20gb (0),1,,13,cupy_copy__complex64_complex64
3445065459,82431,190153,1,1,1,32,32,1,30,0.000,0.000,,,,,NVIDIA A100-SXM4-40GB MIG 4g.20gb (0),1,,13,"void convert_kernel<__half2, float2>(tensor_layout_any, T1 *, tensor_layout_any, const T2 *)"
3445174770,5440,190156,,,,,,,,,,0.094,17223.480,Pinned,Device,NVIDIA A100-SXM4-40GB MIG 4g.20gb (0),1,,13,[CUDA memcpy Host-to-Device]
3445184754,599384,190157,,,,,,,,,,456.561,761544.482,Device,,NVIDIA A100-SXM4-40GB MIG 4g.20gb (0),1,,13,[CUDA memset]
3445789738,69632,190162,,,,,,,,,,1.235,17735.031,Pinned,Device,NVIDIA A100-SXM4-40GB MIG 4g.20gb (0),1,,13,[CUDA memcpy Host-to-Device]
3445862761,14528,190163,,,,,,,,,,0.197,13532.922,Pinned,Device,NVIDIA A100-SXM4-40GB MIG 4g.20gb (0),1,,13,[CUDA memcpy Host-to-Device]
3445884745,8128,190164,69,4,1,48,1,1,76,0.002,0.000,,,,,NVIDIA A100-SXM4-40GB MIG 4g.20gb (0),1,,13,"void ch_est::windowedChEstPreNoDftSOfdmKernel<float, __half, float, (unsigned int)2, (unsigned int)1, (unsigned short)4>(ch_est::puschRxChEstStatDescr_t *, ch_est::puschRxChEstDynDescr_t *)"
3445896905,6656,190165,137,2,1,24,2,1,44,0.001,0.001,,,,,NVIDIA A100-SXM4-40GB MIG 4g.20gb (0),1,,13,"void ch_est::chEstFilterNoDftSOfdmDispatchKernel<float, __half, float, (unsigned int)2>(ch_est::puschRxChEstStatDescr_t *, ch_est::puschRxChEstDynDescr_t *)"
3445907241,5600,190166,137,2,1,24,2,1,44,0.001,0.001,,,,,NVIDIA A100-SXM4-40GB MIG 4g.20gb (0),1,,13,"void ch_est::chEstFilterNoDftSOfdmDispatchKernel<float, __half, float, (unsigned int)2>(ch_est::puschRxChEstStatDescr_t *, ch_est::puschRxChEstDynDescr_t *)"
3445917609,2784,190177,103,1,1,128,1,1,16,0.000,0.000,,,,,NVIDIA A100-SXM4-40GB MIG 4g.20gb (0),1,,13,cupy_copy__complex64_complex64
3445923241,12672,190187,1434,1,1,128,1,1,16,0.000,0.000,,,,,NVIDIA A100-SXM4-40GB MIG 4g.20gb (0),1,,13,cupy_copy__complex64_complex64
3445937417,2848,190194,103,1,1,128,1,1,16,0.000,0.000,,,,,NVIDIA A100-SXM4-40GB MIG 4g.20gb (0),1,,13,cupy_copy__complex64_complex64
3445944200,88447,190201,1,1,1,32,32,1,30,0.000,0.000,,,,,NVIDIA A100-SXM4-40GB MIG 4g.20gb (0),1,,13,"void convert_kernel<__half2, float2>(tensor_layout_any, T1 *, tensor_layout_any, const T2 *)"
3446060615,8352,190204,,,,,,,,,,0.094,11218.316,Pinned,Device,NVIDIA A100-SXM4-40GB MIG 4g.20gb (0),1,,13,[CUDA memcpy Host-to-Device]
3446074503,47967,190205,,,,,,,,,,35.810,746529.402,Device,,NVIDIA A100-SXM4-40GB MIG 4g.20gb (0),1,,13,[CUDA memset]
3446127814,3136,190207,,,,,,,,,,0.000,25.510,Pinned,Device,NVIDIA A100-SXM4-40GB MIG 4g.20gb (0),1,,13,[CUDA memcpy Host-to-Device]
3446135750,13088,190208,,,,,,,,,,0.197,15021.834,Pinned,Device,NVIDIA A100-SXM4-40GB MIG 4g.20gb (0),1,,13,[CUDA memcpy Host-to-Device]
3446158886,10240,190209,273,1,1,48,1,1,40,0.000,0.001,,,,,NVIDIA A100-SXM4-40GB MIG 4g.20gb (0),1,,13,"void pusch_noise_intf_est::noiseIntfEstNoDftSOfdmKernel<float, __half, float, float, (unsigned int)2, (unsigned int)1, (unsigned char)4, (unsigned char)4>(pusch_noise_intf_est::puschRxNoiseIntfEstDynDescr)"
3446174054,3328,190220,35,1,1,128,1,1,16,0.000,0.000,,,,,NVIDIA A100-SXM4-40GB MIG 4g.20gb (0),1,,13,cupy_copy__complex64_complex64
3446179654,1952,190229,1,1,1,1,1,1,18,0.000,0.000,,,,,NVIDIA A100-SXM4-40GB MIG 4g.20gb (0),1,,13,cupy_copy__float32_float32
3446213317,2240,190235,,,,,,,,,,0.000,1.786,Device,Pageable,NVIDIA A100-SXM4-40GB MIG 4g.20gb (0),1,,7,[CUDA memcpy Device-to-Host]
3446275332,13088,190246,1434,1,1,128,1,1,16,0.000,0.000,,,,,NVIDIA A100-SXM4-40GB MIG 4g.20gb (0),1,,13,cupy_copy__complex64_complex64
3446302436,2944,190253,103,1,1,128,1,1,16,0.000,0.000,,,,,NVIDIA A100-SXM4-40GB MIG 4g.20gb (0),1,,13,cupy_copy__complex64_complex64
3446322596,2496,190260,35,1,1,128,1,1,16,0.000,0.000,,,,,NVIDIA A100-SXM4-40GB MIG 4g.20gb (0),1,,13,cupy_copy__complex64_complex64
3446340804,1824,190267,1,1,1,1,1,1,18,0.000,0.000,,,,,NVIDIA A100-SXM4-40GB MIG 4g.20gb (0),1,,13,cupy_copy__float32_float32
3446473122,81887,190278,1,1,1,32,32,1,30,0.000,0.000,,,,,NVIDIA A100-SXM4-40GB MIG 4g.20gb (0),1,,13,"void convert_kernel<__half2, float2>(tensor_layout_any, T1 *, tensor_layout_any, const T2 *)"
3446582721,5408,190281,,,,,,,,,,0.094,17325.421,Pinned,Device,NVIDIA A100-SXM4-40GB MIG 4g.20gb (0),1,,13,[CUDA memcpy Host-to-Device]
3446596960,3264,190282,,,,,,,,,,1.547,473842.288,Device,,NVIDIA A100-SXM4-40GB MIG 4g.20gb (0),1,,13,[CUDA memset]
3446603968,3136,190287,,,,,,,,,,0.031,9979.575,Pinned,Device,NVIDIA A100-SXM4-40GB MIG 4g.20gb (0),1,,13,[CUDA memcpy Host-to-Device]
3446609632,9408,190288,,,,,,,,,,0.197,20897.858,Pinned,Device,NVIDIA A100-SXM4-40GB MIG 4g.20gb (0),1,,13,[CUDA memcpy Host-to-Device]
3446622752,8192,190289,273,1,1,8,4,1,39,0.002,0.000,,,,,NVIDIA A100-SXM4-40GB MIG 4g.20gb (0),1,,13,"void channel_eq::eqMmseCoefCompLowMimoKernel<float, float, float, (unsigned int)4, (unsigned int)1, (unsigned int)4>(const channel_eq::_puschRxChEqStatDescr *, channel_eq::_puschRxChEqCoefCompDynDescr)"
3446632608,6272,190290,273,1,1,12,11,1,51,0.002,0.000,,,,,NVIDIA A100-SXM4-40GB MIG 4g.20gb (0),1,,13,"void channel_eq::eqMmseSoftDemapKernel<float, __half, __half, float, (unsigned int)4, (unsigned short)16383>(channel_eq::_puschRxChEqStatDescr *, channel_eq::_puschRxChEqSoftDemapDynDescr)"
3446639968,282172,190291,1,1,1,32,32,1,30,0.000,0.000,,,,,NVIDIA A100-SXM4-40GB MIG 4g.20gb (0),1,,13,"void convert_kernel<float2, __half2>(tensor_layout_any, T1 *, tensor_layout_any, const T2 *)"
3446925308,10976,190303,2253,1,1,128,1,1,16,0.000,0.000,,,,,NVIDIA A100-SXM4-40GB MIG 4g.20gb (0),1,,13,cupy_copy__float16_float16
3446937660,3712,190312,282,1,1,128,1,1,16,0.000,0.000,,,,,NVIDIA A100-SXM4-40GB MIG 4g.20gb (0),1,,13,cupy_copy__complex64_complex64
3446945084,2208,190321,26,1,1,128,1,1,16,0.000,0.000,,,,,NVIDIA A100-SXM4-40GB MIG 4g.20gb (0),1,,13,cupy_copy__float32_float32
3446949596,2848,190330,103,1,1,128,1,1,16,0.000,0.000,,,,,NVIDIA A100-SXM4-40GB MIG 4g.20gb (0),1,,13,cupy_copy__complex64_complex64
3446954748,11904,190340,1434,1,1,128,1,1,16,0.000,0.000,,,,,NVIDIA A100-SXM4-40GB MIG 4g.20gb (0),1,,13,cupy_copy__complex64_complex64
3446981692,81823,190345,1,1,1,32,32,1,30,0.000,0.000,,,,,NVIDIA A100-SXM4-40GB MIG 4g.20gb (0),1,,13,"void convert_kernel<__half2, float2>(tensor_layout_any, T1 *, tensor_layout_any, const T2 *)"
3447089818,5376,190348,,,,,,,,,,0.094,17428.487,Pinned,Device,NVIDIA A100-SXM4-40GB MIG 4g.20gb (0),1,,13,[CUDA memcpy Host-to-Device]
3447101594,613209,190349,,,,,,,,,,456.561,744195.147,Device,,NVIDIA A100-SXM4-40GB MIG 4g.20gb (0),1,,13,[CUDA memset]
3447719027,69503,190354,,,,,,,,,,1.235,17767.139,Pinned,Device,NVIDIA A100-SXM4-40GB MIG 4g.20gb (0),1,,13,[CUDA memcpy Host-to-Device]
3447792626,15039,190355,,,,,,,,,,0.197,13073.056,Pinned,Device,NVIDIA A100-SXM4-40GB MIG 4g.20gb (0),1,,13,[CUDA memcpy Host-to-Device]
3447817201,8384,190356,69,4,1,48,1,1,76,0.002,0.000,,,,,NVIDIA A100-SXM4-40GB MIG 4g.20gb (0),1,,13,"void ch_est::windowedChEstPreNoDftSOfdmKernel<float, __half, float, (unsigned int)2, (unsigned int)1, (unsigned short)4>(ch_est::puschRxChEstStatDescr_t *, ch_est::puschRxChEstDynDescr_t *)"
3447828689,6048,190357,137,2,1,24,2,1,44,0.001,0.001,,,,,NVIDIA A100-SXM4-40GB MIG 4g.20gb (0),1,,13,"void ch_est::chEstFilterNoDftSOfdmDispatchKernel<float, __half, float, (unsigned int)2>(ch_est::puschRxChEstStatDescr_t *, ch_est::puschRxChEstDynDescr_t *)"
3447839729,5248,190358,137,2,1,24,2,1,44,0.001,0.001,,,,,NVIDIA A100-SXM4-40GB MIG 4g.20gb (0),1,,13,"void ch_est::chEstFilterNoDftSOfdmDispatchKernel<float, __half, float, (unsigned int)2>(ch_est::puschRxChEstStatDescr_t *, ch_est::puschRxChEstDynDescr_t *)"
3447850833,2784,190369,103,1,1,128,1,1,16,0.000,0.000,,,,,NVIDIA A100-SXM4-40GB MIG 4g.20gb (0),1,,13,cupy_copy__complex64_complex64
3447855601,12480,190379,1434,1,1,128,1,1,16,0.000,0.000,,,,,NVIDIA A100-SXM4-40GB MIG 4g.20gb (0),1,,13,cupy_copy__complex64_complex64
3447872881,2528,190386,103,1,1,128,1,1,16,0.000,0.000,,,,,NVIDIA A100-SXM4-40GB MIG 4g.20gb (0),1,,13,cupy_copy__complex64_complex64
3447880721,85342,190393,1,1,1,32,32,1,30,0.000,0.000,,,,,NVIDIA A100-SXM4-40GB MIG 4g.20gb (0),1,,13,"void convert_kernel<__half2, float2>(tensor_layout_any, T1 *, tensor_layout_any, const T2 *)"
3447993871,8256,190396,,,,,,,,,,0.094,11348.834,Pinned,Device,NVIDIA A100-SXM4-40GB MIG 4g.20gb (0),1,,13,[CUDA memcpy Host-to-Device]
3448010383,48607,190397,,,,,,,,,,35.810,736717.484,Device,,NVIDIA A100-SXM4-40GB MIG 4g.20gb (0),1,,13,[CUDA memset]
3448060206,3680,190399,,,,,,,,,,0.000,21.739,Pinned,Device,NVIDIA A100-SXM4-40GB MIG 4g.20gb (0),1,,13,[CUDA memcpy Host-to-Device]
3448067758,13888,190400,,,,,,,,,,0.197,14156.562,Pinned,Device,NVIDIA A100-SXM4-40GB MIG 4g.20gb (0),1,,13,[CUDA memcpy Host-to-Device]
3448086862,9344,190401,273,1,1,48,1,1,40,0.000,0.001,,,,,NVIDIA A100-SXM4-40GB MIG 4g.20gb (0),1,,13,"void pusch_noise_intf_est::noiseIntfEstNoDftSOfdmKernel<float, __half, float, float, (unsigned int)2, (unsigned int)1, (unsigned char)4, (unsigned char)4>(pusch_noise_intf_est::puschRxNoiseIntfEstDynDescr)"
3448098094,2880,190412,35,1,1,128,1,1,16,0.000,0.000,,,,,NVIDIA A100-SXM4-40GB MIG 4g.20gb (0),1,,13,cupy_copy__complex64_complex64
3448119534,1824,190421,1,1,1,1,1,1,18,0.000,0.000,,,,,NVIDIA A100-SXM4-40GB MIG 4g.20gb (0),1,,13,cupy_copy__float32_float32
3448150445,1600,190427,,,,,,,,,,0.000,2.500,Device,Pageable,NVIDIA A100-SXM4-40GB MIG 4g.20gb (0),1,,7,[CUDA memcpy Device-to-Host]
3448210956,13024,190438,1434,1,1,128,1,1,16,0.000,0.000,,,,,NVIDIA A100-SXM4-40GB MIG 4g.20gb (0),1,,13,cupy_copy__complex64_complex64
3448237932,2592,190445,103,1,1,128,1,1,16,0.000,0.000,,,,,NVIDIA A100-SXM4-40GB MIG 4g.20gb (0),1,,13,cupy_copy__complex64_complex64
3448257580,2176,190452,35,1,1,128,1,1,16,0.000,0.000,,,,,NVIDIA A100-SXM4-40GB MIG 4g.20gb (0),1,,13,cupy_copy__complex64_complex64
3448276108,1952,190459,1,1,1,1,1,1,18,0.000,0.000,,,,,NVIDIA A100-SXM4-40GB MIG 4g.20gb (0),1,,13,cupy_copy__float32_float32
3448407146,87775,190470,1,1,1,32,32,1,30,0.000,0.000,,,,,NVIDIA A100-SXM4-40GB MIG 4g.20gb (0),1,,13,"void convert_kernel<__half2, float2>(tensor_layout_any, T1 *, tensor_layout_any, const T2 *)"
3448522185,5376,190473,,,,,,,,,,0.094,17428.487,Pinned,Device,NVIDIA A100-SXM4-40GB MIG 4g.20gb (0),1,,13,[CUDA memcpy Host-to-Device]
3448536200,3360,190474,,,,,,,,,,1.547,460304.688,Device,,NVIDIA A100-SXM4-40GB MIG 4g.20gb (0),1,,13,[CUDA memset]
3448543336,3264,190479,,,,,,,,,,0.031,9588.218,Pinned,Device,NVIDIA A100-SXM4-40GB MIG 4g.20gb (0),1,,13,[CUDA memcpy Host-to-Device]
3448549160,9632,190480,,,,,,,,,,0.197,20411.843,Pinned,Device,NVIDIA A100-SXM4-40GB MIG 4g.20gb (0),1,,13,[CUDA memcpy Host-to-Device]
3448564680,6304,190481,273,1,1,8,4,1,39,0.002,0.000,,,,,NVIDIA A100-SXM4-40GB MIG 4g.20gb (0),1,,13,"void channel_eq::eqMmseCoefCompLowMimoKernel<float, float, float, (unsigned int)4, (unsigned int)1, (unsigned int)4>(const channel_eq::_puschRxChEqStatDescr *, channel_eq::_puschRxChEqCoefCompDynDescr)"
3448572200,5824,190482,273,1,1,12,11,1,51,0.002,0.000,,,,,NVIDIA A100-SXM4-40GB MIG 4g.20gb (0),1,,13,"void channel_eq::eqMmseSoftDemapKernel<float, __half, __half, float, (unsigned int)4, (unsigned short)16383>(channel_eq::_puschRxChEqStatDescr *, channel_eq::_puschRxChEqSoftDemapDynDescr)"
3448579528,283068,190483,1,1,1,32,32,1,30,0.000,0.000,,,,,NVIDIA A100-SXM4-40GB MIG 4g.20gb (0),1,,13,"void convert_kernel<float2, __half2>(tensor_layout_any, T1 *, tensor_layout_any, const T2 *)"
3448865156,11008,190495,2253,1,1,128,1,1,16,0.000,0.000,,,,,NVIDIA A100-SXM4-40GB MIG 4g.20gb (0),1,,13,cupy_copy__float16_float16
3448877860,3584,190504,282,1,1,128,1,1,16,0.000,0.000,,,,,NVIDIA A100-SXM4-40GB MIG 4g.20gb (0),1,,13,cupy_copy__complex64_complex64
3448883844,2368,190513,26,1,1,128,1,1,16,0.000,0.000,,,,,NVIDIA A100-SXM4-40GB MIG 4g.20gb (0),1,,13,cupy_copy__float32_float32
3448889252,3008,190522,103,1,1,128,1,1,16,0.000,0.000,,,,,NVIDIA A100-SXM4-40GB MIG 4g.20gb (0),1,,13,cupy_copy__complex64_complex64
3448947011,12000,190538,1434,1,1,128,1,1,16,0.000,0.000,,,,,NVIDIA A100-SXM4-40GB MIG 4g.20gb (0),1,,13,cupy_copy__complex64_complex64
3449061378,81823,190543,1,1,1,32,32,1,30,0.000,0.000,,,,,NVIDIA A100-SXM4-40GB MIG 4g.20gb (0),1,,13,"void convert_kernel<__half2, float2>(tensor_layout_any, T1 *, tensor_layout_any, const T2 *)"
3449170337,5408,190546,,,,,,,,,,0.094,17325.421,Pinned,Device,NVIDIA A100-SXM4-40GB MIG 4g.20gb (0),1,,13,[CUDA memcpy Host-to-Device]
3449181984,606489,190547,,,,,,,,,,456.561,752413.253,Device,,NVIDIA A100-SXM4-40GB MIG 4g.20gb (0),1,,13,[CUDA memset]
3449792505,72095,190552,,,,,,,,,,1.235,17128.673,Pinned,Device,NVIDIA A100-SXM4-40GB MIG 4g.20gb (0),1,,13,[CUDA memcpy Host-to-Device]
3449869304,14496,190553,,,,,,,,,,0.197,13562.806,Pinned,Device,NVIDIA A100-SXM4-40GB MIG 4g.20gb (0),1,,13,[CUDA memcpy Host-to-Device]
3449888824,8480,190554,69,4,1,48,1,1,76,0.002,0.000,,,,,NVIDIA A100-SXM4-40GB MIG 4g.20gb (0),1,,13,"void ch_est::windowedChEstPreNoDftSOfdmKernel<float, __half, float, (unsigned int)2, (unsigned int)1, (unsigned short)4>(ch_est::puschRxChEstStatDescr_t *, ch_est::puschRxChEstDynDescr_t *)"
3449899768,6751,190555,137,2,1,24,2,1,44,0.001,0.001,,,,,NVIDIA A100-SXM4-40GB MIG 4g.20gb (0),1,,13,"void ch_est::chEstFilterNoDftSOfdmDispatchKernel<float, __half, float, (unsigned int)2>(ch_est::puschRxChEstStatDescr_t *, ch_est::puschRxChEstDynDescr_t *)"
3449908823,7168,190556,137,2,1,24,2,1,44,0.001,0.001,,,,,NVIDIA A100-SXM4-40GB MIG 4g.20gb (0),1,,13,"void ch_est::chEstFilterNoDftSOfdmDispatchKernel<float, __half, float, (unsigned int)2>(ch_est::puschRxChEstStatDescr_t *, ch_est::puschRxChEstDynDescr_t *)"
3449920407,2752,190567,103,1,1,128,1,1,16,0.000,0.000,,,,,NVIDIA A100-SXM4-40GB MIG 4g.20gb (0),1,,13,cupy_copy__complex64_complex64
3449925975,12832,190577,1434,1,1,128,1,1,16,0.000,0.000,,,,,NVIDIA A100-SXM4-40GB MIG 4g.20gb (0),1,,13,cupy_copy__complex64_complex64
3449940471,2720,190584,103,1,1,128,1,1,16,0.000,0.000,,,,,NVIDIA A100-SXM4-40GB MIG 4g.20gb (0),1,,13,cupy_copy__complex64_complex64
3449946039,89663,190591,1,1,1,32,32,1,30,0.000,0.000,,,,,NVIDIA A100-SXM4-40GB MIG 4g.20gb (0),1,,13,"void convert_kernel<__half2, float2>(tensor_layout_any, T1 *, tensor_layout_any, const T2 *)"
3450064054,6399,190594,,,,,,,,,,0.094,14642.249,Pinned,Device,NVIDIA A100-SXM4-40GB MIG 4g.20gb (0),1,,13,[CUDA memcpy Host-to-Device]
3450078229,48896,190595,,,,,,,,,,35.810,732348.674,Device,,NVIDIA A100-SXM4-40GB MIG 4g.20gb (0),1,,13,[CUDA memset]
3450131317,2848,190597,,,,,,,,,,0.000,28.090,Pinned,Device,NVIDIA A100-SXM4-40GB MIG 4g.20gb (0),1,,13,[CUDA memcpy Host-to-Device]
3450136725,10880,190598,,,,,,,,,,0.197,18070.438,Pinned,Device,NVIDIA A100-SXM4-40GB MIG 4g.20gb (0),1,,13,[CUDA memcpy Host-to-Device]
3450152948,12576,190599,273,1,1,48,1,1,40,0.000,0.001,,,,,NVIDIA A100-SXM4-40GB MIG 4g.20gb (0),1,,13,"void pusch_noise_intf_est::noiseIntfEstNoDftSOfdmKernel<float, __half, float, float, (unsigned int)2, (unsigned int)1, (unsigned char)4, (unsigned char)4>(pusch_noise_intf_est::puschRxNoiseIntfEstDynDescr)"
3450167924,3136,190610,35,1,1,128,1,1,16,0.000,0.000,,,,,NVIDIA A100-SXM4-40GB MIG 4g.20gb (0),1,,13,cupy_copy__complex64_complex64
3450185364,2048,190619,1,1,1,1,1,1,18,0.000,0.000,,,,,NVIDIA A100-SXM4-40GB MIG 4g.20gb (0),1,,13,cupy_copy__float32_float32
3450219124,1728,190625,,,,,,,,,,0.000,2.315,Device,Pageable,NVIDIA A100-SXM4-40GB MIG 4g.20gb (0),1,,7,[CUDA memcpy Device-to-Host]
3450279699,12704,190636,1434,1,1,128,1,1,16,0.000,0.000,,,,,NVIDIA A100-SXM4-40GB MIG 4g.20gb (0),1,,13,cupy_copy__complex64_complex64
3450306611,3552,190643,103,1,1,128,1,1,16,0.000,0.000,,,,,NVIDIA A100-SXM4-40GB MIG 4g.20gb (0),1,,13,cupy_copy__complex64_complex64
3450326322,2368,190650,35,1,1,128,1,1,16,0.000,0.000,,,,,NVIDIA A100-SXM4-40GB MIG 4g.20gb (0),1,,13,cupy_copy__complex64_complex64
3450343986,1824,190657,1,1,1,1,1,1,18,0.000,0.000,,,,,NVIDIA A100-SXM4-40GB MIG 4g.20gb (0),1,,13,cupy_copy__float32_float32
3450479184,82623,190668,1,1,1,32,32,1,30,0.000,0.000,,,,,NVIDIA A100-SXM4-40GB MIG 4g.20gb (0),1,,13,"void convert_kernel<__half2, float2>(tensor_layout_any, T1 *, tensor_layout_any, const T2 *)"
3450588943,5440,190671,,,,,,,,,,0.094,17223.480,Pinned,Device,NVIDIA A100-SXM4-40GB MIG 4g.20gb (0),1,,13,[CUDA memcpy Host-to-Device]
3450603695,3232,190672,,,,,,,,,,1.547,478533.199,Device,,NVIDIA A100-SXM4-40GB MIG 4g.20gb (0),1,,13,[CUDA memset]
3450610639,3008,190677,,,,,,,,,,0.031,10404.230,Pinned,Device,NVIDIA A100-SXM4-40GB MIG 4g.20gb (0),1,,13,[CUDA memcpy Host-to-Device]
3450616495,9376,190678,,,,,,,,,,0.197,20969.226,Pinned,Device,NVIDIA A100-SXM4-40GB MIG 4g.20gb (0),1,,13,[CUDA memcpy Host-to-Device]
3450631247,6207,190679,273,1,1,8,4,1,39,0.002,0.000,,,,,NVIDIA A100-SXM4-40GB MIG 4g.20gb (0),1,,13,"void channel_eq::eqMmseCoefCompLowMimoKernel<float, float, float, (unsigned int)4, (unsigned int)1, (unsigned int)4>(const channel_eq::_puschRxChEqStatDescr *, channel_eq::_puschRxChEqCoefCompDynDescr)"
3450638574,5984,190680,273,1,1,12,11,1,51,0.002,0.000,,,,,NVIDIA A100-SXM4-40GB MIG 4g.20gb (0),1,,13,"void channel_eq::eqMmseSoftDemapKernel<float, __half, __half, float, (unsigned int)4, (unsigned short)16383>(channel_eq::_puschRxChEqStatDescr *, channel_eq::_puschRxChEqSoftDemapDynDescr)"
3450645710,282365,190681,1,1,1,32,32,1,30,0.000,0.000,,,,,NVIDIA A100-SXM4-40GB MIG 4g.20gb (0),1,,13,"void convert_kernel<float2, __half2>(tensor_layout_any, T1 *, tensor_layout_any, const T2 *)"
3450931147,11008,190693,2253,1,1,128,1,1,16,0.000,0.000,,,,,NVIDIA A100-SXM4-40GB MIG 4g.20gb (0),1,,13,cupy_copy__float16_float16
3450946059,2688,190702,282,1,1,128,1,1,16,0.000,0.000,,,,,NVIDIA A100-SXM4-40GB MIG 4g.20gb (0),1,,13,cupy_copy__complex64_complex64
3450952043,2272,190711,26,1,1,128,1,1,16,0.000,0.000,,,,,NVIDIA A100-SXM4-40GB MIG 4g.20gb (0),1,,13,cupy_copy__float32_float32
3450955307,2911,190720,103,1,1,128,1,1,16,0.000,0.000,,,,,NVIDIA A100-SXM4-40GB MIG 4g.20gb (0),1,,13,cupy_copy__complex64_complex64
3450959626,12448,190730,1434,1,1,128,1,1,16,0.000,0.000,,,,,NVIDIA A100-SXM4-40GB MIG 4g.20gb (0),1,,13,cupy_copy__complex64_complex64
3450993066,82239,190735,1,1,1,32,32,1,30,0.000,0.000,,,,,NVIDIA A100-SXM4-40GB MIG 4g.20gb (0),1,,13,"void convert_kernel<__half2, float2>(tensor_layout_any, T1 *, tensor_layout_any, const T2 *)"
3451101769,5440,190738,,,,,,,,,,0.094,17223.480,Pinned,Device,NVIDIA A100-SXM4-40GB MIG 4g.20gb (0),1,,13,[CUDA memcpy Host-to-Device]
3451111945,604312,190739,,,,,,,,,,456.561,755152.622,Device,,NVIDIA A100-SXM4-40GB MIG 4g.20gb (0),1,,13,[CUDA memset]
3451719969,69343,190744,,,,,,,,,,1.235,17809.127,Pinned,Device,NVIDIA A100-SXM4-40GB MIG 4g.20gb (0),1,,13,[CUDA memcpy Host-to-Device]
3451792512,14720,190745,,,,,,,,,,0.197,13356.368,Pinned,Device,NVIDIA A100-SXM4-40GB MIG 4g.20gb (0),1,,13,[CUDA memcpy Host-to-Device]
3451817824,8960,190746,69,4,1,48,1,1,76,0.002,0.000,,,,,NVIDIA A100-SXM4-40GB MIG 4g.20gb (0),1,,13,"void ch_est::windowedChEstPreNoDftSOfdmKernel<float, __half, float, (unsigned int)2, (unsigned int)1, (unsigned short)4>(ch_est::puschRxChEstStatDescr_t *, ch_est::puschRxChEstDynDescr_t *)"
3451828736,7488,190747,137,2,1,24,2,1,44,0.001,0.001,,,,,NVIDIA A100-SXM4-40GB MIG 4g.20gb (0),1,,13,"void ch_est::chEstFilterNoDftSOfdmDispatchKernel<float, __half, float, (unsigned int)2>(ch_est::puschRxChEstStatDescr_t *, ch_est::puschRxChEstDynDescr_t *)"
3451838496,5600,190748,137,2,1,24,2,1,44,0.001,0.001,,,,,NVIDIA A100-SXM4-40GB MIG 4g.20gb (0),1,,13,"void ch_est::chEstFilterNoDftSOfdmDispatchKernel<float, __half, float, (unsigned int)2>(ch_est::puschRxChEstStatDescr_t *, ch_est::puschRxChEstDynDescr_t *)"
3451848799,2592,190759,103,1,1,128,1,1,16,0.000,0.000,,,,,NVIDIA A100-SXM4-40GB MIG 4g.20gb (0),1,,13,cupy_copy__complex64_complex64
3451855423,12864,190769,1434,1,1,128,1,1,16,0.000,0.000,,,,,NVIDIA A100-SXM4-40GB MIG 4g.20gb (0),1,,13,cupy_copy__complex64_complex64
3451873631,2560,190776,103,1,1,128,1,1,16,0.000,0.000,,,,,NVIDIA A100-SXM4-40GB MIG 4g.20gb (0),1,,13,cupy_copy__complex64_complex64
3451879935,83647,190783,1,1,1,32,32,1,30,0.000,0.000,,,,,NVIDIA A100-SXM4-40GB MIG 4g.20gb (0),1,,13,"void convert_kernel<__half2, float2>(tensor_layout_any, T1 *, tensor_layout_any, const T2 *)"
3451991550,7520,190786,,,,,,,,,,0.094,12459.507,Pinned,Device,NVIDIA A100-SXM4-40GB MIG 4g.20gb (0),1,,13,[CUDA memcpy Host-to-Device]
3452006270,46751,190787,,,,,,,,,,35.810,765938.379,Device,,NVIDIA A100-SXM4-40GB MIG 4g.20gb (0),1,,13,[CUDA memset]
3452059933,2144,190789,,,,,,,,,,0.000,37.313,Pinned,Device,NVIDIA A100-SXM4-40GB MIG 4g.20gb (0),1,,13,[CUDA memcpy Host-to-Device]
3452065981,10976,190790,,,,,,,,,,0.197,17912.365,Pinned,Device,NVIDIA A100-SXM4-40GB MIG 4g.20gb (0),1,,13,[CUDA memcpy Host-to-Device]
3452084317,13055,190791,273,1,1,48,1,1,40,0.000,0.001,,,,,NVIDIA A100-SXM4-40GB MIG 4g.20gb (0),1,,13,"void pusch_noise_intf_est::noiseIntfEstNoDftSOfdmKernel<float, __half, float, float, (unsigned int)2, (unsigned int)1, (unsigned char)4, (unsigned char)4>(pusch_noise_intf_est::puschRxNoiseIntfEstDynDescr)"
3452100476,2944,190802,35,1,1,128,1,1,16,0.000,0.000,,,,,NVIDIA A100-SXM4-40GB MIG 4g.20gb (0),1,,13,cupy_copy__complex64_complex64
3452112604,2016,190811,1,1,1,1,1,1,18,0.000,0.000,,,,,NVIDIA A100-SXM4-40GB MIG 4g.20gb (0),1,,13,cupy_copy__float32_float32
3452143804,1792,190817,,,,,,,,,,0.000,2.232,Device,Pageable,NVIDIA A100-SXM4-40GB MIG 4g.20gb (0),1,,7,[CUDA memcpy Device-to-Host]
3452203739,13088,190828,1434,1,1,128,1,1,16,0.000,0.000,,,,,NVIDIA A100-SXM4-40GB MIG 4g.20gb (0),1,,13,cupy_copy__complex64_complex64
3452229851,2784,190835,103,1,1,128,1,1,16,0.000,0.000,,,,,NVIDIA A100-SXM4-40GB MIG 4g.20gb (0),1,,13,cupy_copy__complex64_complex64
3452249947,2175,190842,35,1,1,128,1,1,16,0.000,0.000,,,,,NVIDIA A100-SXM4-40GB MIG 4g.20gb (0),1,,13,cupy_copy__complex64_complex64
3452267834,1792,190849,1,1,1,1,1,1,18,0.000,0.000,,,,,NVIDIA A100-SXM4-40GB MIG 4g.20gb (0),1,,13,cupy_copy__float32_float32
3452397689,81599,190860,1,1,1,32,32,1,30,0.000,0.000,,,,,NVIDIA A100-SXM4-40GB MIG 4g.20gb (0),1,,13,"void convert_kernel<__half2, float2>(tensor_layout_any, T1 *, tensor_layout_any, const T2 *)"
3452506167,5792,190863,,,,,,,,,,0.094,16176.708,Pinned,Device,NVIDIA A100-SXM4-40GB MIG 4g.20gb (0),1,,13,[CUDA memcpy Host-to-Device]
3452521143,3616,190864,,,,,,,,,,1.547,427715.774,Device,,NVIDIA A100-SXM4-40GB MIG 4g.20gb (0),1,,13,[CUDA memset]
3452526871,3040,190869,,,,,,,,,,0.031,10294.725,Pinned,Device,NVIDIA A100-SXM4-40GB MIG 4g.20gb (0),1,,13,[CUDA memcpy Host-to-Device]
3452532343,9440,190870,,,,,,,,,,0.197,20827.079,Pinned,Device,NVIDIA A100-SXM4-40GB MIG 4g.20gb (0),1,,13,[CUDA memcpy Host-to-Device]
3452545783,6528,190871,273,1,1,8,4,1,39,0.002,0.000,,,,,NVIDIA A100-SXM4-40GB MIG 4g.20gb (0),1,,13,"void channel_eq::eqMmseCoefCompLowMimoKernel<float, float, float, (unsigned int)4, (unsigned int)1, (unsigned int)4>(const channel_eq::_puschRxChEqStatDescr *, channel_eq::_puschRxChEqCoefCompDynDescr)"
3452553239,5984,190872,273,1,1,12,11,1,51,0.002,0.000,,,,,NVIDIA A100-SXM4-40GB MIG 4g.20gb (0),1,,13,"void channel_eq::eqMmseSoftDemapKernel<float, __half, __half, float, (unsigned int)4, (unsigned short)16383>(channel_eq::_puschRxChEqStatDescr *, channel_eq::_puschRxChEqSoftDemapDynDescr)"
3452562263,283260,190873,1,1,1,32,32,1,30,0.000,0.000,,,,,NVIDIA A100-SXM4-40GB MIG 4g.20gb (0),1,,13,"void convert_kernel<float2, __half2>(tensor_layout_any, T1 *, tensor_layout_any, const T2 *)"
3452846483,10880,190885,2253,1,1,128,1,1,16,0.000,0.000,,,,,NVIDIA A100-SXM4-40GB MIG 4g.20gb (0),1,,13,cupy_copy__float16_float16
3452859891,2880,190894,282,1,1,128,1,1,16,0.000,0.000,,,,,NVIDIA A100-SXM4-40GB MIG 4g.20gb (0),1,,13,cupy_copy__complex64_complex64
3452864595,2272,190903,26,1,1,128,1,1,16,0.000,0.000,,,,,NVIDIA A100-SXM4-40GB MIG 4g.20gb (0),1,,13,cupy_copy__float32_float32
3452867987,3616,190912,103,1,1,128,1,1,16,0.000,0.000,,,,,NVIDIA A100-SXM4-40GB MIG 4g.20gb (0),1,,13,cupy_copy__complex64_complex64
3452874003,11968,190922,1434,1,1,128,1,1,16,0.000,0.000,,,,,NVIDIA A100-SXM4-40GB MIG 4g.20gb (0),1,,13,cupy_copy__complex64_complex64
3452895475,81439,190927,1,1,1,32,32,1,30,0.000,0.000,,,,,NVIDIA A100-SXM4-40GB MIG 4g.20gb (0),1,,13,"void convert_kernel<__half2, float2>(tensor_layout_any, T1 *, tensor_layout_any, const T2 *)"
3453003313,5344,190930,,,,,,,,,,0.094,17532.864,Pinned,Device,NVIDIA A100-SXM4-40GB MIG 4g.20gb (0),1,,13,[CUDA memcpy Host-to-Device]
3453013041,600153,190931,,,,,,,,,,456.561,760631.359,Device,,NVIDIA A100-SXM4-40GB MIG 4g.20gb (0),1,,13,[CUDA memset]
3453614026,69055,190936,,,,,,,,,,1.235,17883.224,Pinned,Device,NVIDIA A100-SXM4-40GB MIG 4g.20gb (0),1,,13,[CUDA memcpy Host-to-Device]
3453686921,15488,190937,,,,,,,,,,0.197,12694.192,Pinned,Device,NVIDIA A100-SXM4-40GB MIG 4g.20gb (0),1,,13,[CUDA memcpy Host-to-Device]
3453709832,8032,190938,69,4,1,48,1,1,76,0.002,0.000,,,,,NVIDIA A100-SXM4-40GB MIG 4g.20gb (0),1,,13,"void ch_est::windowedChEstPreNoDftSOfdmKernel<float, __half, float, (unsigned int)2, (unsigned int)1, (unsigned short)4>(ch_est::puschRxChEstStatDescr_t *, ch_est::puschRxChEstDynDescr_t *)"
3453721384,6208,190939,137,2,1,24,2,1,44,0.001,0.001,,,,,NVIDIA A100-SXM4-40GB MIG 4g.20gb (0),1,,13,"void ch_est::chEstFilterNoDftSOfdmDispatchKernel<float, __half, float, (unsigned int)2>(ch_est::puschRxChEstStatDescr_t *, ch_est::puschRxChEstDynDescr_t *)"
3453730568,5504,190940,137,2,1,24,2,1,44,0.001,0.001,,,,,NVIDIA A100-SXM4-40GB MIG 4g.20gb (0),1,,13,"void ch_est::chEstFilterNoDftSOfdmDispatchKernel<float, __half, float, (unsigned int)2>(ch_est::puschRxChEstStatDescr_t *, ch_est::puschRxChEstDynDescr_t *)"
3453742248,2528,190951,103,1,1,128,1,1,16,0.000,0.000,,,,,NVIDIA A100-SXM4-40GB MIG 4g.20gb (0),1,,13,cupy_copy__complex64_complex64
3453748520,12416,190961,1434,1,1,128,1,1,16,0.000,0.000,,,,,NVIDIA A100-SXM4-40GB MIG 4g.20gb (0),1,,13,cupy_copy__complex64_complex64
3453766376,3104,190968,103,1,1,128,1,1,16,0.000,0.000,,,,,NVIDIA A100-SXM4-40GB MIG 4g.20gb (0),1,,13,cupy_copy__complex64_complex64
3453772168,88703,190975,1,1,1,32,32,1,30,0.000,0.000,,,,,NVIDIA A100-SXM4-40GB MIG 4g.20gb (0),1,,13,"void convert_kernel<__half2, float2>(tensor_layout_any, T1 *, tensor_layout_any, const T2 *)"
3453889862,10016,190978,,,,,,,,,,0.094,9354.609,Pinned,Device,NVIDIA A100-SXM4-40GB MIG 4g.20gb (0),1,,13,[CUDA memcpy Host-to-Device]
3453905702,46879,190979,,,,,,,,,,35.810,763861.404,Device,,NVIDIA A100-SXM4-40GB MIG 4g.20gb (0),1,,13,[CUDA memset]
3453956773,2944,190981,,,,,,,,,,0.000,27.174,Pinned,Device,NVIDIA A100-SXM4-40GB MIG 4g.20gb (0),1,,13,[CUDA memcpy Host-to-Device]
3453964581,12768,190982,,,,,,,,,,0.197,15398.339,Pinned,Device,NVIDIA A100-SXM4-40GB MIG 4g.20gb (0),1,,13,[CUDA memcpy Host-to-Device]
3453983717,10464,190983,273,1,1,48,1,1,40,0.000,0.001,,,,,NVIDIA A100-SXM4-40GB MIG 4g.20gb (0),1,,13,"void pusch_noise_intf_est::noiseIntfEstNoDftSOfdmKernel<float, __half, float, float, (unsigned int)2, (unsigned int)1, (unsigned char)4, (unsigned char)4>(pusch_noise_intf_est::puschRxNoiseIntfEstDynDescr)"
3453997669,3040,190994,35,1,1,128,1,1,16,0.000,0.000,,,,,NVIDIA A100-SXM4-40GB MIG 4g.20gb (0),1,,13,cupy_copy__complex64_complex64
3454012773,2080,191003,1,1,1,1,1,1,18,0.000,0.000,,,,,NVIDIA A100-SXM4-40GB MIG 4g.20gb (0),1,,13,cupy_copy__float32_float32
3454044004,1632,191009,,,,,,,,,,0.000,2.451,Device,Pageable,NVIDIA A100-SXM4-40GB MIG 4g.20gb (0),1,,7,[CUDA memcpy Device-to-Host]
3454103620,12959,191020,1434,1,1,128,1,1,16,0.000,0.000,,,,,NVIDIA A100-SXM4-40GB MIG 4g.20gb (0),1,,13,cupy_copy__complex64_complex64
3454131395,2592,191027,103,1,1,128,1,1,16,0.000,0.000,,,,,NVIDIA A100-SXM4-40GB MIG 4g.20gb (0),1,,13,cupy_copy__complex64_complex64
3454151363,2560,191034,35,1,1,128,1,1,16,0.000,0.000,,,,,NVIDIA A100-SXM4-40GB MIG 4g.20gb (0),1,,13,cupy_copy__complex64_complex64
3454168355,1792,191041,1,1,1,1,1,1,18,0.000,0.000,,,,,NVIDIA A100-SXM4-40GB MIG 4g.20gb (0),1,,13,cupy_copy__float32_float32
3454301633,82879,191052,1,1,1,32,32,1,30,0.000,0.000,,,,,NVIDIA A100-SXM4-40GB MIG 4g.20gb (0),1,,13,"void convert_kernel<__half2, float2>(tensor_layout_any, T1 *, tensor_layout_any, const T2 *)"
3454412288,5632,191055,,,,,,,,,,0.094,16636.287,Pinned,Device,NVIDIA A100-SXM4-40GB MIG 4g.20gb (0),1,,13,[CUDA memcpy Host-to-Device]
3454426880,3360,191056,,,,,,,,,,1.547,460304.688,Device,,NVIDIA A100-SXM4-40GB MIG 4g.20gb (0),1,,13,[CUDA memset]
3454433504,3039,191061,,,,,,,,,,0.031,10298.105,Pinned,Device,NVIDIA A100-SXM4-40GB MIG 4g.20gb (0),1,,13,[CUDA memcpy Host-to-Device]
3454438975,9344,191062,,,,,,,,,,0.197,21040.988,Pinned,Device,NVIDIA A100-SXM4-40GB MIG 4g.20gb (0),1,,13,[CUDA memcpy Host-to-Device]
3454453823,8096,191063,273,1,1,8,4,1,39,0.002,0.000,,,,,NVIDIA A100-SXM4-40GB MIG 4g.20gb (0),1,,13,"void channel_eq::eqMmseCoefCompLowMimoKernel<float, float, float, (unsigned int)4, (unsigned int)1, (unsigned int)4>(const channel_eq::_puschRxChEqStatDescr *, channel_eq::_puschRxChEqCoefCompDynDescr)"
3454462975,6336,191064,273,1,1,12,11,1,51,0.002,0.000,,,,,NVIDIA A100-SXM4-40GB MIG 4g.20gb (0),1,,13,"void channel_eq::eqMmseSoftDemapKernel<float, __half, __half, float, (unsigned int)4, (unsigned short)16383>(channel_eq::_puschRxChEqStatDescr *, channel_eq::_puschRxChEqSoftDemapDynDescr)"
3454470335,283357,191065,1,1,1,32,32,1,30,0.000,0.000,,,,,NVIDIA A100-SXM4-40GB MIG 4g.20gb (0),1,,13,"void convert_kernel<float2, __half2>(tensor_layout_any, T1 *, tensor_layout_any, const T2 *)"
3454754684,11007,191077,2253,1,1,128,1,1,16,0.000,0.000,,,,,NVIDIA A100-SXM4-40GB MIG 4g.20gb (0),1,,13,cupy_copy__float16_float16
3454769115,3424,191086,282,1,1,128,1,1,16,0.000,0.000,,,,,NVIDIA A100-SXM4-40GB MIG 4g.20gb (0),1,,13,cupy_copy__complex64_complex64
3454775259,2048,191095,26,1,1,128,1,1,16,0.000,0.000,,,,,NVIDIA A100-SXM4-40GB MIG 4g.20gb (0),1,,13,cupy_copy__float32_float32
3454779803,4320,191104,103,1,1,128,1,1,16,0.000,0.000,,,,,NVIDIA A100-SXM4-40GB MIG 4g.20gb (0),1,,13,cupy_copy__complex64_complex64
3454786939,12160,191114,1434,1,1,128,1,1,16,0.000,0.000,,,,,NVIDIA A100-SXM4-40GB MIG 4g.20gb (0),1,,13,cupy_copy__complex64_complex64
3454804475,87295,191119,1,1,1,32,32,1,30,0.000,0.000,,,,,NVIDIA A100-SXM4-40GB MIG 4g.20gb (0),1,,13,"void convert_kernel<__half2, float2>(tensor_layout_any, T1 *, tensor_layout_any, const T2 *)"
3454920058,5535,191122,,,,,,,,,,0.094,16927.869,Pinned,Device,NVIDIA A100-SXM4-40GB MIG 4g.20gb (0),1,,13,[CUDA memcpy Host-to-Device]
3454930649,602905,191123,,,,,,,,,,456.561,756978.868,Device,,NVIDIA A100-SXM4-40GB MIG 4g.20gb (0),1,,13,[CUDA memset]
3455540466,67903,191128,,,,,,,,,,1.235,18185.785,Pinned,Device,NVIDIA A100-SXM4-40GB MIG 4g.20gb (0),1,,13,[CUDA memcpy Host-to-Device]
3455612817,14880,191129,,,,,,,,,,0.197,13212.844,Pinned,Device,NVIDIA A100-SXM4-40GB MIG 4g.20gb (0),1,,13,[CUDA memcpy Host-to-Device]
3455633105,8640,191130,69,4,1,48,1,1,76,0.002,0.000,,,,,NVIDIA A100-SXM4-40GB MIG 4g.20gb (0),1,,13,"void ch_est::windowedChEstPreNoDftSOfdmKernel<float, __half, float, (unsigned int)2, (unsigned int)1, (unsigned short)4>(ch_est::puschRxChEstStatDescr_t *, ch_est::puschRxChEstDynDescr_t *)"
3455644561,7007,191131,137,2,1,24,2,1,44,0.001,0.001,,,,,NVIDIA A100-SXM4-40GB MIG 4g.20gb (0),1,,13,"void ch_est::chEstFilterNoDftSOfdmDispatchKernel<float, __half, float, (unsigned int)2>(ch_est::puschRxChEstStatDescr_t *, ch_est::puschRxChEstDynDescr_t *)"
3455655920,5472,191132,137,2,1,24,2,1,44,0.001,0.001,,,,,NVIDIA A100-SXM4-40GB MIG 4g.20gb (0),1,,13,"void ch_est::chEstFilterNoDftSOfdmDispatchKernel<float, __half, float, (unsigned int)2>(ch_est::puschRxChEstStatDescr_t *, ch_est::puschRxChEstDynDescr_t *)"
3455666544,2784,191143,103,1,1,128,1,1,16,0.000,0.000,,,,,NVIDIA A100-SXM4-40GB MIG 4g.20gb (0),1,,13,cupy_copy__complex64_complex64
3455671312,12416,191153,1434,1,1,128,1,1,16,0.000,0.000,,,,,NVIDIA A100-SXM4-40GB MIG 4g.20gb (0),1,,13,cupy_copy__complex64_complex64
3455690416,3520,191160,103,1,1,128,1,1,16,0.000,0.000,,,,,NVIDIA A100-SXM4-40GB MIG 4g.20gb (0),1,,13,cupy_copy__complex64_complex64
3455699184,84319,191167,1,1,1,32,32,1,30,0.000,0.000,,,,,NVIDIA A100-SXM4-40GB MIG 4g.20gb (0),1,,13,"void convert_kernel<__half2, float2>(tensor_layout_any, T1 *, tensor_layout_any, const T2 *)"
3455813198,8928,191170,,,,,,,,,,0.094,10494.608,Pinned,Device,NVIDIA A100-SXM4-40GB MIG 4g.20gb (0),1,,13,[CUDA memcpy Host-to-Device]
3455827310,47520,191171,,,,,,,,,,35.810,753548.147,Device,,NVIDIA A100-SXM4-40GB MIG 4g.20gb (0),1,,13,[CUDA memset]
3455880302,2976,191173,,,,,,,,,,0.000,26.882,Pinned,Device,NVIDIA A100-SXM4-40GB MIG 4g.20gb (0),1,,13,[CUDA memcpy Host-to-Device]
3455886286,14719,191174,,,,,,,,,,0.197,13357.351,Pinned,Device,NVIDIA A100-SXM4-40GB MIG 4g.20gb (0),1,,13,[CUDA memcpy Host-to-Device]
3455907277,10464,191175,273,1,1,48,1,1,40,0.000,0.001,,,,,NVIDIA A100-SXM4-40GB MIG 4g.20gb (0),1,,13,"void pusch_noise_intf_est::noiseIntfEstNoDftSOfdmKernel<float, __half, float, float, (unsigned int)2, (unsigned int)1, (unsigned char)4, (unsigned char)4>(pusch_noise_intf_est::puschRxNoiseIntfEstDynDescr)"
3455921293,3296,191186,35,1,1,128,1,1,16,0.000,0.000,,,,,NVIDIA A100-SXM4-40GB MIG 4g.20gb (0),1,,13,cupy_copy__complex64_complex64
3455934029,1984,191195,1,1,1,1,1,1,18,0.000,0.000,,,,,NVIDIA A100-SXM4-40GB MIG 4g.20gb (0),1,,13,cupy_copy__float32_float32
3455964077,2368,191201,,,,,,,,,,0.000,1.689,Device,Pageable,NVIDIA A100-SXM4-40GB MIG 4g.20gb (0),1,,7,[CUDA memcpy Device-to-Host]
3456024684,13024,191212,1434,1,1,128,1,1,16,0.000,0.000,,,,,NVIDIA A100-SXM4-40GB MIG 4g.20gb (0),1,,13,cupy_copy__complex64_complex64
3456052716,3423,191219,103,1,1,128,1,1,16,0.000,0.000,,,,,NVIDIA A100-SXM4-40GB MIG 4g.20gb (0),1,,13,cupy_copy__complex64_complex64
3456072427,2400,191226,35,1,1,128,1,1,16,0.000,0.000,,,,,NVIDIA A100-SXM4-40GB MIG 4g.20gb (0),1,,13,cupy_copy__complex64_complex64
3456089867,1792,191233,1,1,1,1,1,1,18,0.000,0.000,,,,,NVIDIA A100-SXM4-40GB MIG 4g.20gb (0),1,,13,cupy_copy__float32_float32
3456220169,82591,191244,1,1,1,32,32,1,30,0.000,0.000,,,,,NVIDIA A100-SXM4-40GB MIG 4g.20gb (0),1,,13,"void convert_kernel<__half2, float2>(tensor_layout_any, T1 *, tensor_layout_any, const T2 *)"
3456329896,5344,191247,,,,,,,,,,0.094,17532.864,Pinned,Device,NVIDIA A100-SXM4-40GB MIG 4g.20gb (0),1,,13,[CUDA memcpy Host-to-Device]
3456344520,3520,191248,,,,,,,,,,1.547,439380.412,Device,,NVIDIA A100-SXM4-40GB MIG 4g.20gb (0),1,,13,[CUDA memset]
3456350888,3328,191253,,,,,,,,,,0.031,9403.822,Pinned,Device,NVIDIA A100-SXM4-40GB MIG 4g.20gb (0),1,,13,[CUDA memcpy Host-to-Device]
3456356776,9440,191254,,,,,,,,,,0.197,20827.079,Pinned,Device,NVIDIA A100-SXM4-40GB MIG 4g.20gb (0),1,,13,[CUDA memcpy Host-to-Device]
3456370152,6400,191255,273,1,1,8,4,1,39,0.002,0.000,,,,,NVIDIA A100-SXM4-40GB MIG 4g.20gb (0),1,,13,"void channel_eq::eqMmseCoefCompLowMimoKernel<float, float, float, (unsigned int)4, (unsigned int)1, (unsigned int)4>(const channel_eq::_puschRxChEqStatDescr *, channel_eq::_puschRxChEqCoefCompDynDescr)"
3456377703,5728,191256,273,1,1,12,11,1,51,0.002,0.000,,,,,NVIDIA A100-SXM4-40GB MIG 4g.20gb (0),1,,13,"void channel_eq::eqMmseSoftDemapKernel<float, __half, __half, float, (unsigned int)4, (unsigned short)16383>(channel_eq::_puschRxChEqStatDescr *, channel_eq::_puschRxChEqSoftDemapDynDescr)"
3456384455,294909,191257,1,1,1,32,32,1,30,0.000,0.000,,,,,NVIDIA A100-SXM4-40GB MIG 4g.20gb (0),1,,13,"void convert_kernel<float2, __half2>(tensor_layout_any, T1 *, tensor_layout_any, const T2 *)"
3456680356,10784,191269,2253,1,1,128,1,1,16,0.000,0.000,,,,,NVIDIA A100-SXM4-40GB MIG 4g.20gb (0),1,,13,cupy_copy__float16_float16
3456694084,3584,191278,282,1,1,128,1,1,16,0.000,0.000,,,,,NVIDIA A100-SXM4-40GB MIG 4g.20gb (0),1,,13,cupy_copy__complex64_complex64
3456700356,2111,191287,26,1,1,128,1,1,16,0.000,0.000,,,,,NVIDIA A100-SXM4-40GB MIG 4g.20gb (0),1,,13,cupy_copy__float32_float32
3456703427,3104,191296,103,1,1,128,1,1,16,0.000,0.000,,,,,NVIDIA A100-SXM4-40GB MIG 4g.20gb (0),1,,13,cupy_copy__complex64_complex64
3456707619,12096,191306,1434,1,1,128,1,1,16,0.000,0.000,,,,,NVIDIA A100-SXM4-40GB MIG 4g.20gb (0),1,,13,cupy_copy__complex64_complex64
3456720707,82079,191311,1,1,1,32,32,1,30,0.000,0.000,,,,,NVIDIA A100-SXM4-40GB MIG 4g.20gb (0),1,,13,"void convert_kernel<__half2, float2>(tensor_layout_any, T1 *, tensor_layout_any, const T2 *)"
3456829890,5440,191314,,,,,,,,,,0.094,17223.480,Pinned,Device,NVIDIA A100-SXM4-40GB MIG 4g.20gb (0),1,,13,[CUDA memcpy Host-to-Device]
3456840002,602200,191315,,,,,,,,,,456.561,757891.990,Device,,NVIDIA A100-SXM4-40GB MIG 4g.20gb (0),1,,13,[CUDA memset]
3457449562,68383,191320,,,,,,,,,,1.235,18058.586,Pinned,Device,NVIDIA A100-SXM4-40GB MIG 4g.20gb (0),1,,13,[CUDA memcpy Host-to-Device]
3457521305,15648,191321,,,,,,,,,,0.197,12564.234,Pinned,Device,NVIDIA A100-SXM4-40GB MIG 4g.20gb (0),1,,13,[CUDA memcpy Host-to-Device]
3457545817,8576,191322,69,4,1,48,1,1,76,0.002,0.000,,,,,NVIDIA A100-SXM4-40GB MIG 4g.20gb (0),1,,13,"void ch_est::windowedChEstPreNoDftSOfdmKernel<float, __half, float, (unsigned int)2, (unsigned int)1, (unsigned short)4>(ch_est::puschRxChEstStatDescr_t *, ch_est::puschRxChEstDynDescr_t *)"
3457556761,7680,191323,137,2,1,24,2,1,44,0.001,0.001,,,,,NVIDIA A100-SXM4-40GB MIG 4g.20gb (0),1,,13,"void ch_est::chEstFilterNoDftSOfdmDispatchKernel<float, __half, float, (unsigned int)2>(ch_est::puschRxChEstStatDescr_t *, ch_est::puschRxChEstDynDescr_t *)"
3457566425,5024,191324,137,2,1,24,2,1,44,0.001,0.001,,,,,NVIDIA A100-SXM4-40GB MIG 4g.20gb (0),1,,13,"void ch_est::chEstFilterNoDftSOfdmDispatchKernel<float, __half, float, (unsigned int)2>(ch_est::puschRxChEstStatDescr_t *, ch_est::puschRxChEstDynDescr_t *)"
3457577145,3104,191335,103,1,1,128,1,1,16,0.000,0.000,,,,,NVIDIA A100-SXM4-40GB MIG 4g.20gb (0),1,,13,cupy_copy__complex64_complex64
3457583353,12799,191345,1434,1,1,128,1,1,16,0.000,0.000,,,,,NVIDIA A100-SXM4-40GB MIG 4g.20gb (0),1,,13,cupy_copy__complex64_complex64
3457599704,2688,191352,103,1,1,128,1,1,16,0.000,0.000,,,,,NVIDIA A100-SXM4-40GB MIG 4g.20gb (0),1,,13,cupy_copy__complex64_complex64
3457606328,84351,191359,1,1,1,32,32,1,30,0.000,0.000,,,,,NVIDIA A100-SXM4-40GB MIG 4g.20gb (0),1,,13,"void convert_kernel<__half2, float2>(tensor_layout_any, T1 *, tensor_layout_any, const T2 *)"
3457719287,8576,191362,,,,,,,,,,0.094,10925.328,Pinned,Device,NVIDIA A100-SXM4-40GB MIG 4g.20gb (0),1,,13,[CUDA memcpy Host-to-Device]
3457735479,48159,191363,,,,,,,,,,35.810,743557.179,Device,,NVIDIA A100-SXM4-40GB MIG 4g.20gb (0),1,,13,[CUDA memset]
3457787926,3904,191365,,,,,,,,,,0.000,20.492,Pinned,Device,NVIDIA A100-SXM4-40GB MIG 4g.20gb (0),1,,13,[CUDA memcpy Host-to-Device]
3457795894,13248,191366,,,,,,,,,,0.197,14840.562,Pinned,Device,NVIDIA A100-SXM4-40GB MIG 4g.20gb (0),1,,13,[CUDA memcpy Host-to-Device]
3457814230,12704,191367,273,1,1,48,1,1,40,0.000,0.001,,,,,NVIDIA A100-SXM4-40GB MIG 4g.20gb (0),1,,13,"void pusch_noise_intf_est::noiseIntfEstNoDftSOfdmKernel<float, __half, float, float, (unsigned int)2, (unsigned int)1, (unsigned char)4, (unsigned char)4>(pusch_noise_intf_est::puschRxNoiseIntfEstDynDescr)"
3457830102,3199,191378,35,1,1,128,1,1,16,0.000,0.000,,,,,NVIDIA A100-SXM4-40GB MIG 4g.20gb (0),1,,13,cupy_copy__complex64_complex64
3457838357,1728,191387,1,1,1,1,1,1,18,0.000,0.000,,,,,NVIDIA A100-SXM4-40GB MIG 4g.20gb (0),1,,13,cupy_copy__float32_float32
3457868085,2016,191393,,,,,,,,,,0.000,1.984,Device,Pageable,NVIDIA A100-SXM4-40GB MIG 4g.20gb (0),1,,7,[CUDA memcpy Device-to-Host]
3457929684,12736,191404,1434,1,1,128,1,1,16,0.000,0.000,,,,,NVIDIA A100-SXM4-40GB MIG 4g.20gb (0),1,,13,cupy_copy__complex64_complex64
3457956052,3072,191411,103,1,1,128,1,1,16,0.000,0.000,,,,,NVIDIA A100-SXM4-40GB MIG 4g.20gb (0),1,,13,cupy_copy__complex64_complex64
3457976916,2176,191418,35,1,1,128,1,1,16,0.000,0.000,,,,,NVIDIA A100-SXM4-40GB MIG 4g.20gb (0),1,,13,cupy_copy__complex64_complex64
3457994931,1760,191425,1,1,1,1,1,1,18,0.000,0.000,,,,,NVIDIA A100-SXM4-40GB MIG 4g.20gb (0),1,,13,cupy_copy__float32_float32
3458125650,87583,191436,1,1,1,32,32,1,30,0.000,0.000,,,,,NVIDIA A100-SXM4-40GB MIG 4g.20gb (0),1,,13,"void convert_kernel<__half2, float2>(tensor_layout_any, T1 *, tensor_layout_any, const T2 *)"
3458240176,5504,191439,,,,,,,,,,0.094,17023.251,Pinned,Device,NVIDIA A100-SXM4-40GB MIG 4g.20gb (0),1,,13,[CUDA memcpy Host-to-Device]
3458254640,3488,191440,,,,,,,,,,1.547,443412.461,Device,,NVIDIA A100-SXM4-40GB MIG 4g.20gb (0),1,,13,[CUDA memset]
3458261712,3040,191445,,,,,,,,,,0.031,10294.725,Pinned,Device,NVIDIA A100-SXM4-40GB MIG 4g.20gb (0),1,,13,[CUDA memcpy Host-to-Device]
3458267184,9600,191446,,,,,,,,,,0.197,20479.869,Pinned,Device,NVIDIA A100-SXM4-40GB MIG 4g.20gb (0),1,,13,[CUDA memcpy Host-to-Device]
3458281296,7840,191447,273,1,1,8,4,1,39,0.002,0.000,,,,,NVIDIA A100-SXM4-40GB MIG 4g.20gb (0),1,,13,"void channel_eq::eqMmseCoefCompLowMimoKernel<float, float, float, (unsigned int)4, (unsigned int)1, (unsigned int)4>(const channel_eq::_puschRxChEqStatDescr *, channel_eq::_puschRxChEqCoefCompDynDescr)"
3458291664,6432,191448,273,1,1,12,11,1,51,0.002,0.000,,,,,NVIDIA A100-SXM4-40GB MIG 4g.20gb (0),1,,13,"void channel_eq::eqMmseSoftDemapKernel<float, __half, __half, float, (unsigned int)4, (unsigned short)16383>(channel_eq::_puschRxChEqStatDescr *, channel_eq::_puschRxChEqSoftDemapDynDescr)"
3458299280,294844,191449,1,1,1,32,32,1,30,0.000,0.000,,,,,NVIDIA A100-SXM4-40GB MIG 4g.20gb (0),1,,13,"void convert_kernel<float2, __half2>(tensor_layout_any, T1 *, tensor_layout_any, const T2 *)"
3458595820,11040,191461,2253,1,1,128,1,1,16,0.000,0.000,,,,,NVIDIA A100-SXM4-40GB MIG 4g.20gb (0),1,,13,cupy_copy__float16_float16
3458608620,3712,191470,282,1,1,128,1,1,16,0.000,0.000,,,,,NVIDIA A100-SXM4-40GB MIG 4g.20gb (0),1,,13,cupy_copy__complex64_complex64
3458613772,2048,191479,26,1,1,128,1,1,16,0.000,0.000,,,,,NVIDIA A100-SXM4-40GB MIG 4g.20gb (0),1,,13,cupy_copy__float32_float32
3458617004,4672,191488,103,1,1,128,1,1,16,0.000,0.000,,,,,NVIDIA A100-SXM4-40GB MIG 4g.20gb (0),1,,13,cupy_copy__complex64_complex64
3458622796,12192,191498,1434,1,1,128,1,1,16,0.000,0.000,,,,,NVIDIA A100-SXM4-40GB MIG 4g.20gb (0),1,,13,cupy_copy__complex64_complex64
3458637740,85374,191503,1,1,1,32,32,1,30,0.000,0.000,,,,,NVIDIA A100-SXM4-40GB MIG 4g.20gb (0),1,,13,"void convert_kernel<__half2, float2>(tensor_layout_any, T1 *, tensor_layout_any, const T2 *)"
3458750314,5728,191506,,,,,,,,,,0.094,16357.541,Pinned,Device,NVIDIA A100-SXM4-40GB MIG 4g.20gb (0),1,,13,[CUDA memcpy Host-to-Device]
3458760938,606041,191507,,,,,,,,,,456.561,753326.376,Device,,NVIDIA A100-SXM4-40GB MIG 4g.20gb (0),1,,13,[CUDA memset]
3459372226,69952,191512,,,,,,,,,,1.235,17653.524,Pinned,Device,NVIDIA A100-SXM4-40GB MIG 4g.20gb (0),1,,13,[CUDA memcpy Host-to-Device]
3459446882,15103,191513,,,,,,,,,,0.197,13017.809,Pinned,Device,NVIDIA A100-SXM4-40GB MIG 4g.20gb (0),1,,13,[CUDA memcpy Host-to-Device]
3459469409,8768,191514,69,4,1,48,1,1,76,0.002,0.000,,,,,NVIDIA A100-SXM4-40GB MIG 4g.20gb (0),1,,13,"void ch_est::windowedChEstPreNoDftSOfdmKernel<float, __half, float, (unsigned int)2, (unsigned int)1, (unsigned short)4>(ch_est::puschRxChEstStatDescr_t *, ch_est::puschRxChEstDynDescr_t *)"
3459481057,6816,191515,137,2,1,24,2,1,44,0.001,0.001,,,,,NVIDIA A100-SXM4-40GB MIG 4g.20gb (0),1,,13,"void ch_est::chEstFilterNoDftSOfdmDispatchKernel<float, __half, float, (unsigned int)2>(ch_est::puschRxChEstStatDescr_t *, ch_est::puschRxChEstDynDescr_t *)"
3459491105,5664,191516,137,2,1,24,2,1,44,0.001,0.001,,,,,NVIDIA A100-SXM4-40GB MIG 4g.20gb (0),1,,13,"void ch_est::chEstFilterNoDftSOfdmDispatchKernel<float, __half, float, (unsigned int)2>(ch_est::puschRxChEstStatDescr_t *, ch_est::puschRxChEstDynDescr_t *)"
3459501345,2560,191527,103,1,1,128,1,1,16,0.000,0.000,,,,,NVIDIA A100-SXM4-40GB MIG 4g.20gb (0),1,,13,cupy_copy__complex64_complex64
3459508129,12512,191537,1434,1,1,128,1,1,16,0.000,0.000,,,,,NVIDIA A100-SXM4-40GB MIG 4g.20gb (0),1,,13,cupy_copy__complex64_complex64
3459527809,2624,191544,103,1,1,128,1,1,16,0.000,0.000,,,,,NVIDIA A100-SXM4-40GB MIG 4g.20gb (0),1,,13,cupy_copy__complex64_complex64
3459533568,83647,191551,1,1,1,32,32,1,30,0.000,0.000,,,,,NVIDIA A100-SXM4-40GB MIG 4g.20gb (0),1,,13,"void convert_kernel<__half2, float2>(tensor_layout_any, T1 *, tensor_layout_any, const T2 *)"
3459645759,7456,191554,,,,,,,,,,0.094,12566.508,Pinned,Device,NVIDIA A100-SXM4-40GB MIG 4g.20gb (0),1,,13,[CUDA memcpy Host-to-Device]
3459661855,48959,191555,,,,,,,,,,35.810,731417.616,Device,,NVIDIA A100-SXM4-40GB MIG 4g.20gb (0),1,,13,[CUDA memset]
3459715294,3072,191557,,,,,,,,,,0.000,26.042,Pinned,Device,NVIDIA A100-SXM4-40GB MIG 4g.20gb (0),1,,13,[CUDA memcpy Host-to-Device]
3459722398,12896,191558,,,,,,,,,,0.197,15245.574,Pinned,Device,NVIDIA A100-SXM4-40GB MIG 4g.20gb (0),1,,13,[CUDA memcpy Host-to-Device]
3459741982,10496,191559,273,1,1,48,1,1,40,0.000,0.001,,,,,NVIDIA A100-SXM4-40GB MIG 4g.20gb (0),1,,13,"void pusch_noise_intf_est::noiseIntfEstNoDftSOfdmKernel<float, __half, float, float, (unsigned int)2, (unsigned int)1, (unsigned char)4, (unsigned char)4>(pusch_noise_intf_est::puschRxNoiseIntfEstDynDescr)"
3459755486,3040,191570,35,1,1,128,1,1,16,0.000,0.000,,,,,NVIDIA A100-SXM4-40GB MIG 4g.20gb (0),1,,13,cupy_copy__complex64_complex64
3459765694,1952,191579,1,1,1,1,1,1,18,0.000,0.000,,,,,NVIDIA A100-SXM4-40GB MIG 4g.20gb (0),1,,13,cupy_copy__float32_float32
3459796093,1792,191585,,,,,,,,,,0.000,2.232,Device,Pageable,NVIDIA A100-SXM4-40GB MIG 4g.20gb (0),1,,7,[CUDA memcpy Device-to-Host]
3459857724,12640,191596,1434,1,1,128,1,1,16,0.000,0.000,,,,,NVIDIA A100-SXM4-40GB MIG 4g.20gb (0),1,,13,cupy_copy__complex64_complex64
3459883868,3360,191603,103,1,1,128,1,1,16,0.000,0.000,,,,,NVIDIA A100-SXM4-40GB MIG 4g.20gb (0),1,,13,cupy_copy__complex64_complex64
3459905724,2336,191610,35,1,1,128,1,1,16,0.000,0.000,,,,,NVIDIA A100-SXM4-40GB MIG 4g.20gb (0),1,,13,cupy_copy__complex64_complex64
3459922204,1792,191617,1,1,1,1,1,1,18,0.000,0.000,,,,,NVIDIA A100-SXM4-40GB MIG 4g.20gb (0),1,,13,cupy_copy__float32_float32
3460057914,83423,191628,1,1,1,32,32,1,30,0.000,0.000,,,,,NVIDIA A100-SXM4-40GB MIG 4g.20gb (0),1,,13,"void convert_kernel<__half2, float2>(tensor_layout_any, T1 *, tensor_layout_any, const T2 *)"
3460169145,5376,191631,,,,,,,,,,0.094,17428.487,Pinned,Device,NVIDIA A100-SXM4-40GB MIG 4g.20gb (0),1,,13,[CUDA memcpy Host-to-Device]
3460184888,3072,191632,,,,,,,,,,1.547,503457.044,Device,,NVIDIA A100-SXM4-40GB MIG 4g.20gb (0),1,,13,[CUDA memset]
3460190360,3136,191637,,,,,,,,,,0.031,9979.575,Pinned,Device,NVIDIA A100-SXM4-40GB MIG 4g.20gb (0),1,,13,[CUDA memcpy Host-to-Device]
3460195928,9472,191638,,,,,,,,,,0.197,20756.693,Pinned,Device,NVIDIA A100-SXM4-40GB MIG 4g.20gb (0),1,,13,[CUDA memcpy Host-to-Device]
3460208952,5984,191639,273,1,1,8,4,1,39,0.002,0.000,,,,,NVIDIA A100-SXM4-40GB MIG 4g.20gb (0),1,,13,"void channel_eq::eqMmseCoefCompLowMimoKernel<float, float, float, (unsigned int)4, (unsigned int)1, (unsigned int)4>(const channel_eq::_puschRxChEqStatDescr *, channel_eq::_puschRxChEqCoefCompDynDescr)"
3460215896,5920,191640,273,1,1,12,11,1,51,0.002,0.000,,,,,NVIDIA A100-SXM4-40GB MIG 4g.20gb (0),1,,13,"void channel_eq::eqMmseSoftDemapKernel<float, __half, __half, float, (unsigned int)4, (unsigned short)16383>(channel_eq::_puschRxChEqStatDescr *, channel_eq::_puschRxChEqSoftDemapDynDescr)"
3460222840,283036,191641,1,1,1,32,32,1,30,0.000,0.000,,,,,NVIDIA A100-SXM4-40GB MIG 4g.20gb (0),1,,13,"void convert_kernel<float2, __half2>(tensor_layout_any, T1 *, tensor_layout_any, const T2 *)"
3460507924,10912,191653,2253,1,1,128,1,1,16,0.000,0.000,,,,,NVIDIA A100-SXM4-40GB MIG 4g.20gb (0),1,,13,cupy_copy__float16_float16
3460520884,3168,191662,282,1,1,128,1,1,16,0.000,0.000,,,,,NVIDIA A100-SXM4-40GB MIG 4g.20gb (0),1,,13,cupy_copy__complex64_complex64
3460525524,2144,191671,26,1,1,128,1,1,16,0.000,0.000,,,,,NVIDIA A100-SXM4-40GB MIG 4g.20gb (0),1,,13,cupy_copy__float32_float32
3460529780,3040,191680,103,1,1,128,1,1,16,0.000,0.000,,,,,NVIDIA A100-SXM4-40GB MIG 4g.20gb (0),1,,13,cupy_copy__complex64_complex64
3460536820,11968,191690,1434,1,1,128,1,1,16,0.000,0.000,,,,,NVIDIA A100-SXM4-40GB MIG 4g.20gb (0),1,,13,cupy_copy__complex64_complex64
3460557876,81759,191695,1,1,1,32,32,1,30,0.000,0.000,,,,,NVIDIA A100-SXM4-40GB MIG 4g.20gb (0),1,,13,"void convert_kernel<__half2, float2>(tensor_layout_any, T1 *, tensor_layout_any, const T2 *)"
3460666802,5664,191698,,,,,,,,,,0.094,16542.310,Pinned,Device,NVIDIA A100-SXM4-40GB MIG 4g.20gb (0),1,,13,[CUDA memcpy Host-to-Device]
3460677298,600281,191699,,,,,,,,,,456.561,760174.798,Device,,NVIDIA A100-SXM4-40GB MIG 4g.20gb (0),1,,13,[CUDA memset]
3461285739,69215,191704,,,,,,,,,,1.235,17841.236,Pinned,Device,NVIDIA A100-SXM4-40GB MIG 4g.20gb (0),1,,13,[CUDA memcpy Host-to-Device]
3461358730,14560,191705,,,,,,,,,,0.197,13503.234,Pinned,Device,NVIDIA A100-SXM4-40GB MIG 4g.20gb (0),1,,13,[CUDA memcpy Host-to-Device]
3461378922,8256,191706,69,4,1,48,1,1,76,0.002,0.000,,,,,NVIDIA A100-SXM4-40GB MIG 4g.20gb (0),1,,13,"void ch_est::windowedChEstPreNoDftSOfdmKernel<float, __half, float, (unsigned int)2, (unsigned int)1, (unsigned short)4>(ch_est::puschRxChEstStatDescr_t *, ch_est::puschRxChEstDynDescr_t *)"
3461390378,6687,191707,137,2,1,24,2,1,44,0.001,0.001,,,,,NVIDIA A100-SXM4-40GB MIG 4g.20gb (0),1,,13,"void ch_est::chEstFilterNoDftSOfdmDispatchKernel<float, __half, float, (unsigned int)2>(ch_est::puschRxChEstStatDescr_t *, ch_est::puschRxChEstDynDescr_t *)"
3461400265,5568,191708,137,2,1,24,2,1,44,0.001,0.001,,,,,NVIDIA A100-SXM4-40GB MIG 4g.20gb (0),1,,13,"void ch_est::chEstFilterNoDftSOfdmDispatchKernel<float, __half, float, (unsigned int)2>(ch_est::puschRxChEstStatDescr_t *, ch_est::puschRxChEstDynDescr_t *)"
3461410281,2592,191719,103,1,1,128,1,1,16,0.000,0.000,,,,,NVIDIA A100-SXM4-40GB MIG 4g.20gb (0),1,,13,cupy_copy__complex64_complex64
3461415945,12640,191729,1434,1,1,128,1,1,16,0.000,0.000,,,,,NVIDIA A100-SXM4-40GB MIG 4g.20gb (0),1,,13,cupy_copy__complex64_complex64
3461430377,2688,191736,103,1,1,128,1,1,16,0.000,0.000,,,,,NVIDIA A100-SXM4-40GB MIG 4g.20gb (0),1,,13,cupy_copy__complex64_complex64
3461437225,87711,191743,1,1,1,32,32,1,30,0.000,0.000,,,,,NVIDIA A100-SXM4-40GB MIG 4g.20gb (0),1,,13,"void convert_kernel<__half2, float2>(tensor_layout_any, T1 *, tensor_layout_any, const T2 *)"
3461553704,7743,191746,,,,,,,,,,0.094,12100.651,Pinned,Device,NVIDIA A100-SXM4-40GB MIG 4g.20gb (0),1,,13,[CUDA memcpy Host-to-Device]
3461569191,47808,191747,,,,,,,,,,35.810,749036.097,Device,,NVIDIA A100-SXM4-40GB MIG 4g.20gb (0),1,,13,[CUDA memset]
3461619207,4608,191749,,,,,,,,,,0.000,17.361,Pinned,Device,NVIDIA A100-SXM4-40GB MIG 4g.20gb (0),1,,13,[CUDA memcpy Host-to-Device]
3461628903,11935,191750,,,,,,,,,,0.197,16473.194,Pinned,Device,NVIDIA A100-SXM4-40GB MIG 4g.20gb (0),1,,13,[CUDA memcpy Host-to-Device]
3461649894,9824,191751,273,1,1,48,1,1,40,0.000,0.001,,,,,NVIDIA A100-SXM4-40GB MIG 4g.20gb (0),1,,13,"void pusch_noise_intf_est::noiseIntfEstNoDftSOfdmKernel<float, __half, float, float, (unsigned int)2, (unsigned int)1, (unsigned char)4, (unsigned char)4>(pusch_noise_intf_est::puschRxNoiseIntfEstDynDescr)"
3461665318,2816,191762,35,1,1,128,1,1,16,0.000,0.000,,,,,NVIDIA A100-SXM4-40GB MIG 4g.20gb (0),1,,13,cupy_copy__complex64_complex64
3461674758,1952,191771,1,1,1,1,1,1,18,0.000,0.000,,,,,NVIDIA A100-SXM4-40GB MIG 4g.20gb (0),1,,13,cupy_copy__float32_float32
3461704646,1760,191777,,,,,,,,,,0.000,2.273,Device,Pageable,NVIDIA A100-SXM4-40GB MIG 4g.20gb (0),1,,7,[CUDA memcpy Device-to-Host]
3461764965,12800,191788,1434,1,1,128,1,1,16,0.000,0.000,,,,,NVIDIA A100-SXM4-40GB MIG 4g.20gb (0),1,,13,cupy_copy__complex64_complex64
3461791941,3008,191795,103,1,1,128,1,1,16,0.000,0.000,,,,,NVIDIA A100-SXM4-40GB MIG 4g.20gb (0),1,,13,cupy_copy__complex64_complex64
3461812196,2464,191802,35,1,1,128,1,1,16,0.000,0.000,,,,,NVIDIA A100-SXM4-40GB MIG 4g.20gb (0),1,,13,cupy_copy__complex64_complex64
3461830948,1728,191809,1,1,1,1,1,1,18,0.000,0.000,,,,,NVIDIA A100-SXM4-40GB MIG 4g.20gb (0),1,,13,cupy_copy__float32_float32
3461960834,86815,191820,1,1,1,32,32,1,30,0.000,0.000,,,,,NVIDIA A100-SXM4-40GB MIG 4g.20gb (0),1,,13,"void convert_kernel<__half2, float2>(tensor_layout_any, T1 *, tensor_layout_any, const T2 *)"
3462075553,5440,191823,,,,,,,,,,0.094,17223.480,Pinned,Device,NVIDIA A100-SXM4-40GB MIG 4g.20gb (0),1,,13,[CUDA memcpy Host-to-Device]
3462090881,3328,191824,,,,,,,,,,1.547,464729.580,Device,,NVIDIA A100-SXM4-40GB MIG 4g.20gb (0),1,,13,[CUDA memset]
3462098817,3040,191829,,,,,,,,,,0.031,10294.725,Pinned,Device,NVIDIA A100-SXM4-40GB MIG 4g.20gb (0),1,,13,[CUDA memcpy Host-to-Device]
3462104289,9792,191830,,,,,,,,,,0.197,20078.395,Pinned,Device,NVIDIA A100-SXM4-40GB MIG 4g.20gb (0),1,,13,[CUDA memcpy Host-to-Device]
3462119297,6111,191831,273,1,1,8,4,1,39,0.002,0.000,,,,,NVIDIA A100-SXM4-40GB MIG 4g.20gb (0),1,,13,"void channel_eq::eqMmseCoefCompLowMimoKernel<float, float, float, (unsigned int)4, (unsigned int)1, (unsigned int)4>(const channel_eq::_puschRxChEqStatDescr *, channel_eq::_puschRxChEqCoefCompDynDescr)"
3462126496,7040,191832,273,1,1,12,11,1,51,0.002,0.000,,,,,NVIDIA A100-SXM4-40GB MIG 4g.20gb (0),1,,13,"void channel_eq::eqMmseSoftDemapKernel<float, __half, __half, float, (unsigned int)4, (unsigned short)16383>(channel_eq::_puschRxChEqStatDescr *, channel_eq::_puschRxChEqSoftDemapDynDescr)"
3462134592,282813,191833,1,1,1,32,32,1,30,0.000,0.000,,,,,NVIDIA A100-SXM4-40GB MIG 4g.20gb (0),1,,13,"void convert_kernel<float2, __half2>(tensor_layout_any, T1 *, tensor_layout_any, const T2 *)"
3462419581,10912,191845,2253,1,1,128,1,1,16,0.000,0.000,,,,,NVIDIA A100-SXM4-40GB MIG 4g.20gb (0),1,,13,cupy_copy__float16_float16
3462432125,3872,191854,282,1,1,128,1,1,16,0.000,0.000,,,,,NVIDIA A100-SXM4-40GB MIG 4g.20gb (0),1,,13,cupy_copy__complex64_complex64
3462436989,2080,191863,26,1,1,128,1,1,16,0.000,0.000,,,,,NVIDIA A100-SXM4-40GB MIG 4g.20gb (0),1,,13,cupy_copy__float32_float32
3462441885,4799,191872,103,1,1,128,1,1,16,0.000,0.000,,,,,NVIDIA A100-SXM4-40GB MIG 4g.20gb (0),1,,13,cupy_copy__complex64_complex64
3462448188,12032,191882,1434,1,1,128,1,1,16,0.000,0.000,,,,,NVIDIA A100-SXM4-40GB MIG 4g.20gb (0),1,,13,cupy_copy__complex64_complex64
3462470940,81759,191887,1,1,1,32,32,1,30,0.000,0.000,,,,,NVIDIA A100-SXM4-40GB MIG 4g.20gb (0),1,,13,"void convert_kernel<__half2, float2>(tensor_layout_any, T1 *, tensor_layout_any, const T2 *)"
3462579259,5344,191890,,,,,,,,,,0.094,17532.864,Pinned,Device,NVIDIA A100-SXM4-40GB MIG 4g.20gb (0),1,,13,[CUDA memcpy Host-to-Device]
3462589243,600664,191891,,,,,,,,,,456.561,759718.236,Device,,NVIDIA A100-SXM4-40GB MIG 4g.20gb (0),1,,13,[CUDA memset]
3463191155,70335,191896,,,,,,,,,,1.235,17557.199,Pinned,Device,NVIDIA A100-SXM4-40GB MIG 4g.20gb (0),1,,13,[CUDA memcpy Host-to-Device]
3463265970,15200,191897,,,,,,,,,,0.197,12934.644,Pinned,Device,NVIDIA A100-SXM4-40GB MIG 4g.20gb (0),1,,13,[CUDA memcpy Host-to-Device]
3463290354,7584,191898,69,4,1,48,1,1,76,0.002,0.000,,,,,NVIDIA A100-SXM4-40GB MIG 4g.20gb (0),1,,13,"void ch_est::windowedChEstPreNoDftSOfdmKernel<float, __half, float, (unsigned int)2, (unsigned int)1, (unsigned short)4>(ch_est::puschRxChEstStatDescr_t *, ch_est::puschRxChEstDynDescr_t *)"
3463301586,6816,191899,137,2,1,24,2,1,44,0.001,0.001,,,,,NVIDIA A100-SXM4-40GB MIG 4g.20gb (0),1,,13,"void ch_est::chEstFilterNoDftSOfdmDispatchKernel<float, __half, float, (unsigned int)2>(ch_est::puschRxChEstStatDescr_t *, ch_est::puschRxChEstDynDescr_t *)"
3463313970,5344,191900,137,2,1,24,2,1,44,0.001,0.001,,,,,NVIDIA A100-SXM4-40GB MIG 4g.20gb (0),1,,13,"void ch_est::chEstFilterNoDftSOfdmDispatchKernel<float, __half, float, (unsigned int)2>(ch_est::puschRxChEstStatDescr_t *, ch_est::puschRxChEstDynDescr_t *)"
3463325010,2816,191911,103,1,1,128,1,1,16,0.000,0.000,,,,,NVIDIA A100-SXM4-40GB MIG 4g.20gb (0),1,,13,cupy_copy__complex64_complex64
3463329970,12447,191921,1434,1,1,128,1,1,16,0.000,0.000,,,,,NVIDIA A100-SXM4-40GB MIG 4g.20gb (0),1,,13,cupy_copy__complex64_complex64
3463348209,2816,191928,103,1,1,128,1,1,16,0.000,0.000,,,,,NVIDIA A100-SXM4-40GB MIG 4g.20gb (0),1,,13,cupy_copy__complex64_complex64
3463355857,89663,191935,1,1,1,32,32,1,30,0.000,0.000,,,,,NVIDIA A100-SXM4-40GB MIG 4g.20gb (0),1,,13,"void convert_kernel<__half2, float2>(tensor_layout_any, T1 *, tensor_layout_any, const T2 *)"
3463474288,8544,191938,,,,,,,,,,0.094,10966.274,Pinned,Device,NVIDIA A100-SXM4-40GB MIG 4g.20gb (0),1,,13,[CUDA memcpy Host-to-Device]
3463487920,47327,191939,,,,,,,,,,35.810,756627.800,Device,,NVIDIA A100-SXM4-40GB MIG 4g.20gb (0),1,,13,[CUDA memset]
3463540111,4000,191941,,,,,,,,,,0.000,20.000,Pinned,Device,NVIDIA A100-SXM4-40GB MIG 4g.20gb (0),1,,13,[CUDA memcpy Host-to-Device]
3463547759,14528,191942,,,,,,,,,,0.197,13532.922,Pinned,Device,NVIDIA A100-SXM4-40GB MIG 4g.20gb (0),1,,13,[CUDA memcpy Host-to-Device]
3463568015,11007,191943,273,1,1,48,1,1,40,0.000,0.001,,,,,NVIDIA A100-SXM4-40GB MIG 4g.20gb (0),1,,13,"void pusch_noise_intf_est::noiseIntfEstNoDftSOfdmKernel<float, __half, float, float, (unsigned int)2, (unsigned int)1, (unsigned char)4, (unsigned char)4>(pusch_noise_intf_est::puschRxNoiseIntfEstDynDescr)"
3463583054,2912,191954,35,1,1,128,1,1,16,0.000,0.000,,,,,NVIDIA A100-SXM4-40GB MIG 4g.20gb (0),1,,13,cupy_copy__complex64_complex64
3463595694,1920,191963,1,1,1,1,1,1,18,0.000,0.000,,,,,NVIDIA A100-SXM4-40GB MIG 4g.20gb (0),1,,13,cupy_copy__float32_float32
3463628302,2080,191969,,,,,,,,,,0.000,1.923,Device,Pageable,NVIDIA A100-SXM4-40GB MIG 4g.20gb (0),1,,7,[CUDA memcpy Device-to-Host]
3463690669,12800,191980,1434,1,1,128,1,1,16,0.000,0.000,,,,,NVIDIA A100-SXM4-40GB MIG 4g.20gb (0),1,,13,cupy_copy__complex64_complex64
3463716141,2784,191987,103,1,1,128,1,1,16,0.000,0.000,,,,,NVIDIA A100-SXM4-40GB MIG 4g.20gb (0),1,,13,cupy_copy__complex64_complex64
3463736621,2623,191994,35,1,1,128,1,1,16,0.000,0.000,,,,,NVIDIA A100-SXM4-40GB MIG 4g.20gb (0),1,,13,cupy_copy__complex64_complex64
3463754764,1760,192001,1,1,1,1,1,1,18,0.000,0.000,,,,,NVIDIA A100-SXM4-40GB MIG 4g.20gb (0),1,,13,cupy_copy__float32_float32
3463885259,82495,192012,1,1,1,32,32,1,30,0.000,0.000,,,,,NVIDIA A100-SXM4-40GB MIG 4g.20gb (0),1,,13,"void convert_kernel<__half2, float2>(tensor_layout_any, T1 *, tensor_layout_any, const T2 *)"
3463997481,5408,192015,,,,,,,,,,0.094,17325.421,Pinned,Device,NVIDIA A100-SXM4-40GB MIG 4g.20gb (0),1,,13,[CUDA memcpy Host-to-Device]
3464013417,3552,192016,,,,,,,,,,1.547,435422.601,Device,,NVIDIA A100-SXM4-40GB MIG 4g.20gb (0),1,,13,[CUDA memset]
3464019369,3264,192021,,,,,,,,,,0.031,9588.218,Pinned,Device,NVIDIA A100-SXM4-40GB MIG 4g.20gb (0),1,,13,[CUDA memcpy Host-to-Device]
3464024713,9664,192022,,,,,,,,,,0.197,20344.209,Pinned,Device,NVIDIA A100-SXM4-40GB MIG 4g.20gb (0),1,,13,[CUDA memcpy Host-to-Device]
3464039081,6240,192023,273,1,1,8,4,1,39,0.002,0.000,,,,,NVIDIA A100-SXM4-40GB MIG 4g.20gb (0),1,,13,"void channel_eq::eqMmseCoefCompLowMimoKernel<float, float, float, (unsigned int)4, (unsigned int)1, (unsigned int)4>(const channel_eq::_puschRxChEqStatDescr *, channel_eq::_puschRxChEqCoefCompDynDescr)"
3464046281,6336,192024,273,1,1,12,11,1,51,0.002,0.000,,,,,NVIDIA A100-SXM4-40GB MIG 4g.20gb (0),1,,13,"void channel_eq::eqMmseSoftDemapKernel<float, __half, __half, float, (unsigned int)4, (unsigned short)16383>(channel_eq::_puschRxChEqStatDescr *, channel_eq::_puschRxChEqSoftDemapDynDescr)"
3464055881,282812,192025,1,1,1,32,32,1,30,0.000,0.000,,,,,NVIDIA A100-SXM4-40GB MIG 4g.20gb (0),1,,13,"void convert_kernel<float2, __half2>(tensor_layout_any, T1 *, tensor_layout_any, const T2 *)"
3464339653,10816,192037,2253,1,1,128,1,1,16,0.000,0.000,,,,,NVIDIA A100-SXM4-40GB MIG 4g.20gb (0),1,,13,cupy_copy__float16_float16
3464354053,3392,192046,282,1,1,128,1,1,16,0.000,0.000,,,,,NVIDIA A100-SXM4-40GB MIG 4g.20gb (0),1,,13,cupy_copy__complex64_complex64
3464359365,2048,192055,26,1,1,128,1,1,16,0.000,0.000,,,,,NVIDIA A100-SXM4-40GB MIG 4g.20gb (0),1,,13,cupy_copy__float32_float32
3464362405,3136,192064,103,1,1,128,1,1,16,0.000,0.000,,,,,NVIDIA A100-SXM4-40GB MIG 4g.20gb (0),1,,13,cupy_copy__complex64_complex64
3464368133,12064,192074,1434,1,1,128,1,1,16,0.000,0.000,,,,,NVIDIA A100-SXM4-40GB MIG 4g.20gb (0),1,,13,cupy_copy__complex64_complex64
3464389924,82751,192079,1,1,1,32,32,1,30,0.000,0.000,,,,,NVIDIA A100-SXM4-40GB MIG 4g.20gb (0),1,,13,"void convert_kernel<__half2, float2>(tensor_layout_any, T1 *, tensor_layout_any, const T2 *)"
3464500291,5408,192082,,,,,,,,,,0.094,17325.421,Pinned,Device,NVIDIA A100-SXM4-40GB MIG 4g.20gb (0),1,,13,[CUDA memcpy Host-to-Device]
3464509827,607448,192083,,,,,,,,,,456.561,751500.130,Device,,NVIDIA A100-SXM4-40GB MIG 4g.20gb (0),1,,13,[CUDA memset]
3465119707,70176,192088,,,,,,,,,,1.235,17596.717,Pinned,Device,NVIDIA A100-SXM4-40GB MIG 4g.20gb (0),1,,13,[CUDA memcpy Host-to-Device]
3465194106,15552,192089,,,,,,,,,,0.197,12641.894,Pinned,Device,NVIDIA A100-SXM4-40GB MIG 4g.20gb (0),1,,13,[CUDA memcpy Host-to-Device]
3465218874,8256,192090,69,4,1,48,1,1,76,0.002,0.000,,,,,NVIDIA A100-SXM4-40GB MIG 4g.20gb (0),1,,13,"void ch_est::windowedChEstPreNoDftSOfdmKernel<float, __half, float, (unsigned int)2, (unsigned int)1, (unsigned short)4>(ch_est::puschRxChEstStatDescr_t *, ch_est::puschRxChEstDynDescr_t *)"
3465230106,6336,192091,137,2,1,24,2,1,44,0.001,0.001,,,,,NVIDIA A100-SXM4-40GB MIG 4g.20gb (0),1,,13,"void ch_est::chEstFilterNoDftSOfdmDispatchKernel<float, __half, float, (unsigned int)2>(ch_est::puschRxChEstStatDescr_t *, ch_est::puschRxChEstDynDescr_t *)"
3465240314,5408,192092,137,2,1,24,2,1,44,0.001,0.001,,,,,NVIDIA A100-SXM4-40GB MIG 4g.20gb (0),1,,13,"void ch_est::chEstFilterNoDftSOfdmDispatchKernel<float, __half, float, (unsigned int)2>(ch_est::puschRxChEstStatDescr_t *, ch_est::puschRxChEstDynDescr_t *)"
3465250746,2720,192103,103,1,1,128,1,1,16,0.000,0.000,,,,,NVIDIA A100-SXM4-40GB MIG 4g.20gb (0),1,,13,cupy_copy__complex64_complex64
3465256282,12576,192113,1434,1,1,128,1,1,16,0.000,0.000,,,,,NVIDIA A100-SXM4-40GB MIG 4g.20gb (0),1,,13,cupy_copy__complex64_complex64
3465270394,2784,192120,103,1,1,128,1,1,16,0.000,0.000,,,,,NVIDIA A100-SXM4-40GB MIG 4g.20gb (0),1,,13,cupy_copy__complex64_complex64
3465276153,84127,192127,1,1,1,32,32,1,30,0.000,0.000,,,,,NVIDIA A100-SXM4-40GB MIG 4g.20gb (0),1,,13,"void convert_kernel<__half2, float2>(tensor_layout_any, T1 *, tensor_layout_any, const T2 *)"
3465389624,8736,192130,,,,,,,,,,0.094,10725.194,Pinned,Device,NVIDIA A100-SXM4-40GB MIG 4g.20gb (0),1,,13,[CUDA memcpy Host-to-Device]
3465407544,47199,192131,,,,,,,,,,35.810,758668.965,Device,,NVIDIA A100-SXM4-40GB MIG 4g.20gb (0),1,,13,[CUDA memset]
3465455607,4640,192133,,,,,,,,,,0.000,17.241,Pinned,Device,NVIDIA A100-SXM4-40GB MIG 4g.20gb (0),1,,13,[CUDA memcpy Host-to-Device]
3465463255,13472,192134,,,,,,,,,,0.197,14593.819,Pinned,Device,NVIDIA A100-SXM4-40GB MIG 4g.20gb (0),1,,13,[CUDA memcpy Host-to-Device]
3465486071,10528,192135,273,1,1,48,1,1,40,0.000,0.001,,,,,NVIDIA A100-SXM4-40GB MIG 4g.20gb (0),1,,13,"void pusch_noise_intf_est::noiseIntfEstNoDftSOfdmKernel<float, __half, float, float, (unsigned int)2, (unsigned int)1, (unsigned char)4, (unsigned char)4>(pusch_noise_intf_est::puschRxNoiseIntfEstDynDescr)"
3465500791,2880,192146,35,1,1,128,1,1,16,0.000,0.000,,,,,NVIDIA A100-SXM4-40GB MIG 4g.20gb (0),1,,13,cupy_copy__complex64_complex64
3465509303,1920,192155,1,1,1,1,1,1,18,0.000,0.000,,,,,NVIDIA A100-SXM4-40GB MIG 4g.20gb (0),1,,13,cupy_copy__float32_float32
3465538166,1664,192161,,,,,,,,,,0.000,2.404,Device,Pageable,NVIDIA A100-SXM4-40GB MIG 4g.20gb (0),1,,7,[CUDA memcpy Device-to-Host]
3465599509,13344,192172,1434,1,1,128,1,1,16,0.000,0.000,,,,,NVIDIA A100-SXM4-40GB MIG 4g.20gb (0),1,,13,cupy_copy__complex64_complex64
3465625717,2880,192179,103,1,1,128,1,1,16,0.000,0.000,,,,,NVIDIA A100-SXM4-40GB MIG 4g.20gb (0),1,,13,cupy_copy__complex64_complex64
3465646805,2656,192186,35,1,1,128,1,1,16,0.000,0.000,,,,,NVIDIA A100-SXM4-40GB MIG 4g.20gb (0),1,,13,cupy_copy__complex64_complex64
3465664693,1792,192193,1,1,1,1,1,1,18,0.000,0.000,,,,,NVIDIA A100-SXM4-40GB MIG 4g.20gb (0),1,,13,cupy_copy__float32_float32
3465795571,82463,192204,1,1,1,32,32,1,30,0.000,0.000,,,,,NVIDIA A100-SXM4-40GB MIG 4g.20gb (0),1,,13,"void convert_kernel<__half2, float2>(tensor_layout_any, T1 *, tensor_layout_any, const T2 *)"
3465905618,5472,192207,,,,,,,,,,0.094,17122.757,Pinned,Device,NVIDIA A100-SXM4-40GB MIG 4g.20gb (0),1,,13,[CUDA memcpy Host-to-Device]
3465920306,3455,192208,,,,,,,,,,1.547,447647.117,Device,,NVIDIA A100-SXM4-40GB MIG 4g.20gb (0),1,,13,[CUDA memset]
3465927345,3040,192213,,,,,,,,,,0.031,10294.725,Pinned,Device,NVIDIA A100-SXM4-40GB MIG 4g.20gb (0),1,,13,[CUDA memcpy Host-to-Device]
3465932785,9472,192214,,,,,,,,,,0.197,20756.693,Pinned,Device,NVIDIA A100-SXM4-40GB MIG 4g.20gb (0),1,,13,[CUDA memcpy Host-to-Device]
3465946993,8352,192215,273,1,1,8,4,1,39,0.002,0.000,,,,,NVIDIA A100-SXM4-40GB MIG 4g.20gb (0),1,,13,"void channel_eq::eqMmseCoefCompLowMimoKernel<float, float, float, (unsigned int)4, (unsigned int)1, (unsigned int)4>(const channel_eq::_puschRxChEqStatDescr *, channel_eq::_puschRxChEqCoefCompDynDescr)"
3465958161,7680,192216,273,1,1,12,11,1,51,0.002,0.000,,,,,NVIDIA A100-SXM4-40GB MIG 4g.20gb (0),1,,13,"void channel_eq::eqMmseSoftDemapKernel<float, __half, __half, float, (unsigned int)4, (unsigned short)16383>(channel_eq::_puschRxChEqStatDescr *, channel_eq::_puschRxChEqSoftDemapDynDescr)"
3465966897,282876,192217,1,1,1,32,32,1,30,0.000,0.000,,,,,NVIDIA A100-SXM4-40GB MIG 4g.20gb (0),1,,13,"void convert_kernel<float2, __half2>(tensor_layout_any, T1 *, tensor_layout_any, const T2 *)"
3466251501,11200,192229,2253,1,1,128,1,1,16,0.000,0.000,,,,,NVIDIA A100-SXM4-40GB MIG 4g.20gb (0),1,,13,cupy_copy__float16_float16
3466265037,3648,192238,282,1,1,128,1,1,16,0.000,0.000,,,,,NVIDIA A100-SXM4-40GB MIG 4g.20gb (0),1,,13,cupy_copy__complex64_complex64
3466273453,1984,192247,26,1,1,128,1,1,16,0.000,0.000,,,,,NVIDIA A100-SXM4-40GB MIG 4g.20gb (0),1,,13,cupy_copy__float32_float32
3466276493,4640,192256,103,1,1,128,1,1,16,0.000,0.000,,,,,NVIDIA A100-SXM4-40GB MIG 4g.20gb (0),1,,13,cupy_copy__complex64_complex64
3466282221,11840,192266,1434,1,1,128,1,1,16,0.000,0.000,,,,,NVIDIA A100-SXM4-40GB MIG 4g.20gb (0),1,,13,cupy_copy__complex64_complex64
3466296813,87647,192271,1,1,1,32,32,1,30,0.000,0.000,,,,,NVIDIA A100-SXM4-40GB MIG 4g.20gb (0),1,,13,"void convert_kernel<__half2, float2>(tensor_layout_any, T1 *, tensor_layout_any, const T2 *)"
3466410891,5344,192274,,,,,,,,,,0.094,17532.864,Pinned,Device,NVIDIA A100-SXM4-40GB MIG 4g.20gb (0),1,,13,[CUDA memcpy Host-to-Device]
3466421291,604505,192275,,,,,,,,,,456.561,755152.622,Device,,NVIDIA A100-SXM4-40GB MIG 4g.20gb (0),1,,13,[CUDA memset]
3467034404,67487,192280,,,,,,,,,,1.235,18298.165,Pinned,Device,NVIDIA A100-SXM4-40GB MIG 4g.20gb (0),1,,13,[CUDA memcpy Host-to-Device]
3467105315,14912,192281,,,,,,,,,,0.197,13184.532,Pinned,Device,NVIDIA A100-SXM4-40GB MIG 4g.20gb (0),1,,13,[CUDA memcpy Host-to-Device]
3467128387,8159,192282,69,4,1,48,1,1,76,0.002,0.000,,,,,NVIDIA A100-SXM4-40GB MIG 4g.20gb (0),1,,13,"void ch_est::windowedChEstPreNoDftSOfdmKernel<float, __half, float, (unsigned int)2, (unsigned int)1, (unsigned short)4>(ch_est::puschRxChEstStatDescr_t *, ch_est::puschRxChEstDynDescr_t *)"
3467139362,6496,192283,137,2,1,24,2,1,44,0.001,0.001,,,,,NVIDIA A100-SXM4-40GB MIG 4g.20gb (0),1,,13,"void ch_est::chEstFilterNoDftSOfdmDispatchKernel<float, __half, float, (unsigned int)2>(ch_est::puschRxChEstStatDescr_t *, ch_est::puschRxChEstDynDescr_t *)"
3467149666,5408,192284,137,2,1,24,2,1,44,0.001,0.001,,,,,NVIDIA A100-SXM4-40GB MIG 4g.20gb (0),1,,13,"void ch_est::chEstFilterNoDftSOfdmDispatchKernel<float, __half, float, (unsigned int)2>(ch_est::puschRxChEstStatDescr_t *, ch_est::puschRxChEstDynDescr_t *)"
3467160450,2496,192295,103,1,1,128,1,1,16,0.000,0.000,,,,,NVIDIA A100-SXM4-40GB MIG 4g.20gb (0),1,,13,cupy_copy__complex64_complex64
3467167202,12448,192305,1434,1,1,128,1,1,16,0.000,0.000,,,,,NVIDIA A100-SXM4-40GB MIG 4g.20gb (0),1,,13,cupy_copy__complex64_complex64
3467180898,2592,192312,103,1,1,128,1,1,16,0.000,0.000,,,,,NVIDIA A100-SXM4-40GB MIG 4g.20gb (0),1,,13,cupy_copy__complex64_complex64
3467187490,92319,192319,1,1,1,32,32,1,30,0.000,0.000,,,,,NVIDIA A100-SXM4-40GB MIG 4g.20gb (0),1,,13,"void convert_kernel<__half2, float2>(tensor_layout_any, T1 *, tensor_layout_any, const T2 *)"
3467308640,8704,192322,,,,,,,,,,0.094,10764.640,Pinned,Device,NVIDIA A100-SXM4-40GB MIG 4g.20gb (0),1,,13,[CUDA memcpy Host-to-Device]
3467324416,48192,192323,,,,,,,,,,35.810,743055.840,Device,,NVIDIA A100-SXM4-40GB MIG 4g.20gb (0),1,,13,[CUDA memset]
3467377759,4256,192325,,,,,,,,,,0.000,18.797,Pinned,Device,NVIDIA A100-SXM4-40GB MIG 4g.20gb (0),1,,13,[CUDA memcpy Host-to-Device]
3467385375,12672,192326,,,,,,,,,,0.197,15515.124,Pinned,Device,NVIDIA A100-SXM4-40GB MIG 4g.20gb (0),1,,13,[CUDA memcpy Host-to-Device]
3467407359,10240,192327,273,1,1,48,1,1,40,0.000,0.001,,,,,NVIDIA A100-SXM4-40GB MIG 4g.20gb (0),1,,13,"void pusch_noise_intf_est::noiseIntfEstNoDftSOfdmKernel<float, __half, float, float, (unsigned int)2, (unsigned int)1, (unsigned char)4, (unsigned char)4>(pusch_noise_intf_est::puschRxNoiseIntfEstDynDescr)"
3467422015,2912,192338,35,1,1,128,1,1,16,0.000,0.000,,,,,NVIDIA A100-SXM4-40GB MIG 4g.20gb (0),1,,13,cupy_copy__complex64_complex64
3467430463,1952,192347,1,1,1,1,1,1,18,0.000,0.000,,,,,NVIDIA A100-SXM4-40GB MIG 4g.20gb (0),1,,13,cupy_copy__float32_float32
3467461758,1728,192353,,,,,,,,,,0.000,2.315,Device,Pageable,NVIDIA A100-SXM4-40GB MIG 4g.20gb (0),1,,7,[CUDA memcpy Device-to-Host]
3467523454,12896,192364,1434,1,1,128,1,1,16,0.000,0.000,,,,,NVIDIA A100-SXM4-40GB MIG 4g.20gb (0),1,,13,cupy_copy__complex64_complex64
3467549725,2752,192371,103,1,1,128,1,1,16,0.000,0.000,,,,,NVIDIA A100-SXM4-40GB MIG 4g.20gb (0),1,,13,cupy_copy__complex64_complex64
3467571421,2496,192378,35,1,1,128,1,1,16,0.000,0.000,,,,,NVIDIA A100-SXM4-40GB MIG 4g.20gb (0),1,,13,cupy_copy__complex64_complex64
3467588317,1760,192385,1,1,1,1,1,1,18,0.000,0.000,,,,,NVIDIA A100-SXM4-40GB MIG 4g.20gb (0),1,,13,cupy_copy__float32_float32
3467724123,81407,192396,1,1,1,32,32,1,30,0.000,0.000,,,,,NVIDIA A100-SXM4-40GB MIG 4g.20gb (0),1,,13,"void convert_kernel<__half2, float2>(tensor_layout_any, T1 *, tensor_layout_any, const T2 *)"
3467831994,5664,192399,,,,,,,,,,0.094,16542.310,Pinned,Device,NVIDIA A100-SXM4-40GB MIG 4g.20gb (0),1,,13,[CUDA memcpy Host-to-Device]
3467846586,3392,192400,,,,,,,,,,1.547,455961.768,Device,,NVIDIA A100-SXM4-40GB MIG 4g.20gb (0),1,,13,[CUDA memset]
3467853594,3040,192405,,,,,,,,,,0.031,10294.725,Pinned,Device,NVIDIA A100-SXM4-40GB MIG 4g.20gb (0),1,,13,[CUDA memcpy Host-to-Device]
3467859066,9407,192406,,,,,,,,,,0.197,20900.020,Pinned,Device,NVIDIA A100-SXM4-40GB MIG 4g.20gb (0),1,,13,[CUDA memcpy Host-to-Device]
3467874585,7968,192407,273,1,1,8,4,1,39,0.002,0.000,,,,,NVIDIA A100-SXM4-40GB MIG 4g.20gb (0),1,,13,"void channel_eq::eqMmseCoefCompLowMimoKernel<float, float, float, (unsigned int)4, (unsigned int)1, (unsigned int)4>(const channel_eq::_puschRxChEqStatDescr *, channel_eq::_puschRxChEqCoefCompDynDescr)"
3467885433,6272,192408,273,1,1,12,11,1,51,0.002,0.000,,,,,NVIDIA A100-SXM4-40GB MIG 4g.20gb (0),1,,13,"void channel_eq::eqMmseSoftDemapKernel<float, __half, __half, float, (unsigned int)4, (unsigned short)16383>(channel_eq::_puschRxChEqStatDescr *, channel_eq::_puschRxChEqSoftDemapDynDescr)"
3467892825,294748,192409,1,1,1,32,32,1,30,0.000,0.000,,,,,NVIDIA A100-SXM4-40GB MIG 4g.20gb (0),1,,13,"void convert_kernel<float2, __half2>(tensor_layout_any, T1 *, tensor_layout_any, const T2 *)"
3468188565,11040,192421,2253,1,1,128,1,1,16,0.000,0.000,,,,,NVIDIA A100-SXM4-40GB MIG 4g.20gb (0),1,,13,cupy_copy__float16_float16
3468202581,3520,192430,282,1,1,128,1,1,16,0.000,0.000,,,,,NVIDIA A100-SXM4-40GB MIG 4g.20gb (0),1,,13,cupy_copy__complex64_complex64
3468207797,2240,192439,26,1,1,128,1,1,16,0.000,0.000,,,,,NVIDIA A100-SXM4-40GB MIG 4g.20gb (0),1,,13,cupy_copy__float32_float32
3468213045,5888,192448,103,1,1,128,1,1,16,0.000,0.000,,,,,NVIDIA A100-SXM4-40GB MIG 4g.20gb (0),1,,13,cupy_copy__complex64_complex64
3468220021,12544,192458,1434,1,1,128,1,1,16,0.000,0.000,,,,,NVIDIA A100-SXM4-40GB MIG 4g.20gb (0),1,,13,cupy_copy__complex64_complex64
3468234229,87615,192463,1,1,1,32,32,1,30,0.000,0.000,,,,,NVIDIA A100-SXM4-40GB MIG 4g.20gb (0),1,,13,"void convert_kernel<__half2, float2>(tensor_layout_any, T1 *, tensor_layout_any, const T2 *)"
3468348340,5407,192466,,,,,,,,,,0.094,17328.607,Pinned,Device,NVIDIA A100-SXM4-40GB MIG 4g.20gb (0),1,,13,[CUDA memcpy Host-to-Device]
3468358771,605785,192467,,,,,,,,,,456.561,753326.376,Device,,NVIDIA A100-SXM4-40GB MIG 4g.20gb (0),1,,13,[CUDA memset]
3468966252,68575,192472,,,,,,,,,,1.235,18007.953,Pinned,Device,NVIDIA A100-SXM4-40GB MIG 4g.20gb (0),1,,13,[CUDA memcpy Host-to-Device]
3469038091,14592,192473,,,,,,,,,,0.197,13473.546,Pinned,Device,NVIDIA A100-SXM4-40GB MIG 4g.20gb (0),1,,13,[CUDA memcpy Host-to-Device]
3469060107,8512,192474,69,4,1,48,1,1,76,0.002,0.000,,,,,NVIDIA A100-SXM4-40GB MIG 4g.20gb (0),1,,13,"void ch_est::windowedChEstPreNoDftSOfdmKernel<float, __half, float, (unsigned int)2, (unsigned int)1, (unsigned short)4>(ch_est::puschRxChEstStatDescr_t *, ch_est::puschRxChEstDynDescr_t *)"
3469075243,7007,192475,137,2,1,24,2,1,44,0.001,0.001,,,,,NVIDIA A100-SXM4-40GB MIG 4g.20gb (0),1,,13,"void ch_est::chEstFilterNoDftSOfdmDispatchKernel<float, __half, float, (unsigned int)2>(ch_est::puschRxChEstStatDescr_t *, ch_est::puschRxChEstDynDescr_t *)"
3469084938,5344,192476,137,2,1,24,2,1,44,0.001,0.001,,,,,NVIDIA A100-SXM4-40GB MIG 4g.20gb (0),1,,13,"void ch_est::chEstFilterNoDftSOfdmDispatchKernel<float, __half, float, (unsigned int)2>(ch_est::puschRxChEstStatDescr_t *, ch_est::puschRxChEstDynDescr_t *)"
3469096362,2560,192487,103,1,1,128,1,1,16,0.000,0.000,,,,,NVIDIA A100-SXM4-40GB MIG 4g.20gb (0),1,,13,cupy_copy__complex64_complex64
3469102954,12864,192497,1434,1,1,128,1,1,16,0.000,0.000,,,,,NVIDIA A100-SXM4-40GB MIG 4g.20gb (0),1,,13,cupy_copy__complex64_complex64
3469120394,2784,192504,103,1,1,128,1,1,16,0.000,0.000,,,,,NVIDIA A100-SXM4-40GB MIG 4g.20gb (0),1,,13,cupy_copy__complex64_complex64
3469127210,89023,192511,1,1,1,32,32,1,30,0.000,0.000,,,,,NVIDIA A100-SXM4-40GB MIG 4g.20gb (0),1,,13,"void convert_kernel<__half2, float2>(tensor_layout_any, T1 *, tensor_layout_any, const T2 *)"
3469245704,8736,192514,,,,,,,,,,0.094,10725.194,Pinned,Device,NVIDIA A100-SXM4-40GB MIG 4g.20gb (0),1,,13,[CUDA memcpy Host-to-Device]
3469258856,47808,192515,,,,,,,,,,35.810,749036.097,Device,,NVIDIA A100-SXM4-40GB MIG 4g.20gb (0),1,,13,[CUDA memset]
3469308968,4128,192517,,,,,,,,,,0.000,19.380,Pinned,Device,NVIDIA A100-SXM4-40GB MIG 4g.20gb (0),1,,13,[CUDA memcpy Host-to-Device]
3469318216,12735,192518,,,,,,,,,,0.197,15438.250,Pinned,Device,NVIDIA A100-SXM4-40GB MIG 4g.20gb (0),1,,13,[CUDA memcpy Host-to-Device]
3469336199,10368,192519,273,1,1,48,1,1,40,0.000,0.001,,,,,NVIDIA A100-SXM4-40GB MIG 4g.20gb (0),1,,13,"void pusch_noise_intf_est::noiseIntfEstNoDftSOfdmKernel<float, __half, float, float, (unsigned int)2, (unsigned int)1, (unsigned char)4, (unsigned char)4>(pusch_noise_intf_est::puschRxNoiseIntfEstDynDescr)"
3469350951,3008,192530,35,1,1,128,1,1,16,0.000,0.000,,,,,NVIDIA A100-SXM4-40GB MIG 4g.20gb (0),1,,13,cupy_copy__complex64_complex64
3469365095,1952,192539,1,1,1,1,1,1,18,0.000,0.000,,,,,NVIDIA A100-SXM4-40GB MIG 4g.20gb (0),1,,13,cupy_copy__float32_float32
3469394919,1600,192545,,,,,,,,,,0.000,2.500,Device,Pageable,NVIDIA A100-SXM4-40GB MIG 4g.20gb (0),1,,7,[CUDA memcpy Device-to-Host]
3469454918,12928,192556,1434,1,1,128,1,1,16,0.000,0.000,,,,,NVIDIA A100-SXM4-40GB MIG 4g.20gb (0),1,,13,cupy_copy__complex64_complex64
3469482021,3488,192563,103,1,1,128,1,1,16,0.000,0.000,,,,,NVIDIA A100-SXM4-40GB MIG 4g.20gb (0),1,,13,cupy_copy__complex64_complex64
3469501797,2432,192570,35,1,1,128,1,1,16,0.000,0.000,,,,,NVIDIA A100-SXM4-40GB MIG 4g.20gb (0),1,,13,cupy_copy__complex64_complex64
3469525413,1728,192577,1,1,1,1,1,1,18,0.000,0.000,,,,,NVIDIA A100-SXM4-40GB MIG 4g.20gb (0),1,,13,cupy_copy__float32_float32
3469659715,82175,192588,1,1,1,32,32,1,30,0.000,0.000,,,,,NVIDIA A100-SXM4-40GB MIG 4g.20gb (0),1,,13,"void convert_kernel<__half2, float2>(tensor_layout_any, T1 *, tensor_layout_any, const T2 *)"
3469770114,5888,192591,,,,,,,,,,0.094,15912.954,Pinned,Device,NVIDIA A100-SXM4-40GB MIG 4g.20gb (0),1,,13,[CUDA memcpy Host-to-Device]
3469784386,3360,192592,,,,,,,,,,1.547,460304.688,Device,,NVIDIA A100-SXM4-40GB MIG 4g.20gb (0),1,,13,[CUDA memset]
3469791106,3168,192597,,,,,,,,,,0.031,9878.770,Pinned,Device,NVIDIA A100-SXM4-40GB MIG 4g.20gb (0),1,,13,[CUDA memcpy Host-to-Device]
3469796802,9823,192598,,,,,,,,,,0.197,20014.891,Pinned,Device,NVIDIA A100-SXM4-40GB MIG 4g.20gb (0),1,,13,[CUDA memcpy Host-to-Device]
3469811041,6880,192599,273,1,1,8,4,1,39,0.002,0.000,,,,,NVIDIA A100-SXM4-40GB MIG 4g.20gb (0),1,,13,"void channel_eq::eqMmseCoefCompLowMimoKernel<float, float, float, (unsigned int)4, (unsigned int)1, (unsigned int)4>(const channel_eq::_puschRxChEqStatDescr *, channel_eq::_puschRxChEqCoefCompDynDescr)"
3469820161,6304,192600,273,1,1,12,11,1,51,0.002,0.000,,,,,NVIDIA A100-SXM4-40GB MIG 4g.20gb (0),1,,13,"void channel_eq::eqMmseSoftDemapKernel<float, __half, __half, float, (unsigned int)4, (unsigned short)16383>(channel_eq::_puschRxChEqStatDescr *, channel_eq::_puschRxChEqSoftDemapDynDescr)"
3469827553,282333,192601,1,1,1,32,32,1,30,0.000,0.000,,,,,NVIDIA A100-SXM4-40GB MIG 4g.20gb (0),1,,13,"void convert_kernel<float2, __half2>(tensor_layout_any, T1 *, tensor_layout_any, const T2 *)"
3470112158,11008,192613,2253,1,1,128,1,1,16,0.000,0.000,,,,,NVIDIA A100-SXM4-40GB MIG 4g.20gb (0),1,,13,cupy_copy__float16_float16
3470124510,3040,192622,282,1,1,128,1,1,16,0.000,0.000,,,,,NVIDIA A100-SXM4-40GB MIG 4g.20gb (0),1,,13,cupy_copy__complex64_complex64
3470128925,2080,192631,26,1,1,128,1,1,16,0.000,0.000,,,,,NVIDIA A100-SXM4-40GB MIG 4g.20gb (0),1,,13,cupy_copy__float32_float32
3470132829,4544,192640,103,1,1,128,1,1,16,0.000,0.000,,,,,NVIDIA A100-SXM4-40GB MIG 4g.20gb (0),1,,13,cupy_copy__complex64_complex64
3470140125,12032,192650,1434,1,1,128,1,1,16,0.000,0.000,,,,,NVIDIA A100-SXM4-40GB MIG 4g.20gb (0),1,,13,cupy_copy__complex64_complex64
3470156477,82047,192655,1,1,1,32,32,1,30,0.000,0.000,,,,,NVIDIA A100-SXM4-40GB MIG 4g.20gb (0),1,,13,"void convert_kernel<__half2, float2>(tensor_layout_any, T1 *, tensor_layout_any, const T2 *)"
3470265244,5408,192658,,,,,,,,,,0.094,17325.421,Pinned,Device,NVIDIA A100-SXM4-40GB MIG 4g.20gb (0),1,,13,[CUDA memcpy Host-to-Device]
3470275420,603544,192659,,,,,,,,,,456.561,756065.745,Device,,NVIDIA A100-SXM4-40GB MIG 4g.20gb (0),1,,13,[CUDA memset]
3470880660,70207,192664,,,,,,,,,,1.235,17589.307,Pinned,Device,NVIDIA A100-SXM4-40GB MIG 4g.20gb (0),1,,13,[CUDA memcpy Host-to-Device]
3470954451,14688,192665,,,,,,,,,,0.197,13385.466,Pinned,Device,NVIDIA A100-SXM4-40GB MIG 4g.20gb (0),1,,13,[CUDA memcpy Host-to-Device]
3470976467,8320,192666,69,4,1,48,1,1,76,0.002,0.000,,,,,NVIDIA A100-SXM4-40GB MIG 4g.20gb (0),1,,13,"void ch_est::windowedChEstPreNoDftSOfdmKernel<float, __half, float, (unsigned int)2, (unsigned int)1, (unsigned short)4>(ch_est::puschRxChEstStatDescr_t *, ch_est::puschRxChEstDynDescr_t *)"
3470987859,6656,192667,137,2,1,24,2,1,44,0.001,0.001,,,,,NVIDIA A100-SXM4-40GB MIG 4g.20gb (0),1,,13,"void ch_est::chEstFilterNoDftSOfdmDispatchKernel<float, __half, float, (unsigned int)2>(ch_est::puschRxChEstStatDescr_t *, ch_est::puschRxChEstDynDescr_t *)"
3470999443,5376,192668,137,2,1,24,2,1,44,0.001,0.001,,,,,NVIDIA A100-SXM4-40GB MIG 4g.20gb (0),1,,13,"void ch_est::chEstFilterNoDftSOfdmDispatchKernel<float, __half, float, (unsigned int)2>(ch_est::puschRxChEstStatDescr_t *, ch_est::puschRxChEstDynDescr_t *)"
3471009875,2752,192679,103,1,1,128,1,1,16,0.000,0.000,,,,,NVIDIA A100-SXM4-40GB MIG 4g.20gb (0),1,,13,cupy_copy__complex64_complex64
3471015827,12255,192689,1434,1,1,128,1,1,16,0.000,0.000,,,,,NVIDIA A100-SXM4-40GB MIG 4g.20gb (0),1,,13,cupy_copy__complex64_complex64
3471035186,2560,192696,103,1,1,128,1,1,16,0.000,0.000,,,,,NVIDIA A100-SXM4-40GB MIG 4g.20gb (0),1,,13,cupy_copy__complex64_complex64
3471041426,85151,192703,1,1,1,32,32,1,30,0.000,0.000,,,,,NVIDIA A100-SXM4-40GB MIG 4g.20gb (0),1,,13,"void convert_kernel<__half2, float2>(tensor_layout_any, T1 *, tensor_layout_any, const T2 *)"
3471157137,9888,192706,,,,,,,,,,0.094,9475.664,Pinned,Device,NVIDIA A100-SXM4-40GB MIG 4g.20gb (0),1,,13,[CUDA memcpy Host-to-Device]
3471172177,47583,192707,,,,,,,,,,35.810,752545.469,Device,,NVIDIA A100-SXM4-40GB MIG 4g.20gb (0),1,,13,[CUDA memset]
3471221200,4384,192709,,,,,,,,,,0.000,18.248,Pinned,Device,NVIDIA A100-SXM4-40GB MIG 4g.20gb (0),1,,13,[CUDA memcpy Host-to-Device]
3471230416,11936,192710,,,,,,,,,,0.197,16471.818,Pinned,Device,NVIDIA A100-SXM4-40GB MIG 4g.20gb (0),1,,13,[CUDA memcpy Host-to-Device]
3471249136,11999,192711,273,1,1,48,1,1,40,0.000,0.001,,,,,NVIDIA A100-SXM4-40GB MIG 4g.20gb (0),1,,13,"void pusch_noise_intf_est::noiseIntfEstNoDftSOfdmKernel<float, __half, float, float, (unsigned int)2, (unsigned int)1, (unsigned char)4, (unsigned char)4>(pusch_noise_intf_est::puschRxNoiseIntfEstDynDescr)"
3471264527,2848,192722,35,1,1,128,1,1,16,0.000,0.000,,,,,NVIDIA A100-SXM4-40GB MIG 4g.20gb (0),1,,13,cupy_copy__complex64_complex64
3471278063,1984,192731,1,1,1,1,1,1,18,0.000,0.000,,,,,NVIDIA A100-SXM4-40GB MIG 4g.20gb (0),1,,13,cupy_copy__float32_float32
3471308879,2016,192737,,,,,,,,,,0.000,1.984,Device,Pageable,NVIDIA A100-SXM4-40GB MIG 4g.20gb (0),1,,7,[CUDA memcpy Device-to-Host]
3471371982,12992,192748,1434,1,1,128,1,1,16,0.000,0.000,,,,,NVIDIA A100-SXM4-40GB MIG 4g.20gb (0),1,,13,cupy_copy__complex64_complex64
3471396558,2752,192755,103,1,1,128,1,1,16,0.000,0.000,,,,,NVIDIA A100-SXM4-40GB MIG 4g.20gb (0),1,,13,cupy_copy__complex64_complex64
3471421646,2719,192762,35,1,1,128,1,1,16,0.000,0.000,,,,,NVIDIA A100-SXM4-40GB MIG 4g.20gb (0),1,,13,cupy_copy__complex64_complex64
3471440717,1728,192769,1,1,1,1,1,1,18,0.000,0.000,,,,,NVIDIA A100-SXM4-40GB MIG 4g.20gb (0),1,,13,cupy_copy__float32_float32
3471572396,80735,192780,1,1,1,32,32,1,30,0.000,0.000,,,,,NVIDIA A100-SXM4-40GB MIG 4g.20gb (0),1,,13,"void convert_kernel<__half2, float2>(tensor_layout_any, T1 *, tensor_layout_any, const T2 *)"
3471680874,5536,192783,,,,,,,,,,0.094,16924.777,Pinned,Device,NVIDIA A100-SXM4-40GB MIG 4g.20gb (0),1,,13,[CUDA memcpy Host-to-Device]
3471694986,3328,192784,,,,,,,,,,1.547,464729.580,Device,,NVIDIA A100-SXM4-40GB MIG 4g.20gb (0),1,,13,[CUDA memset]
3471702378,3040,192789,,,,,,,,,,0.031,10294.725,Pinned,Device,NVIDIA A100-SXM4-40GB MIG 4g.20gb (0),1,,13,[CUDA memcpy Host-to-Device]
3471707850,9632,192790,,,,,,,,,,0.197,20411.843,Pinned,Device,NVIDIA A100-SXM4-40GB MIG 4g.20gb (0),1,,13,[CUDA memcpy Host-to-Device]
3471722538,9728,192791,273,1,1,8,4,1,39,0.002,0.000,,,,,NVIDIA A100-SXM4-40GB MIG 4g.20gb (0),1,,13,"void channel_eq::eqMmseCoefCompLowMimoKernel<float, float, float, (unsigned int)4, (unsigned int)1, (unsigned int)4>(const channel_eq::_puschRxChEqStatDescr *, channel_eq::_puschRxChEqCoefCompDynDescr)"
3471735082,5952,192792,273,1,1,12,11,1,51,0.002,0.000,,,,,NVIDIA A100-SXM4-40GB MIG 4g.20gb (0),1,,13,"void channel_eq::eqMmseSoftDemapKernel<float, __half, __half, float, (unsigned int)4, (unsigned short)16383>(channel_eq::_puschRxChEqStatDescr *, channel_eq::_puschRxChEqSoftDemapDynDescr)"
3471742442,294460,192793,1,1,1,32,32,1,30,0.000,0.000,,,,,NVIDIA A100-SXM4-40GB MIG 4g.20gb (0),1,,13,"void convert_kernel<float2, __half2>(tensor_layout_any, T1 *, tensor_layout_any, const T2 *)"
3472038214,11264,192805,2253,1,1,128,1,1,16,0.000,0.000,,,,,NVIDIA A100-SXM4-40GB MIG 4g.20gb (0),1,,13,cupy_copy__float16_float16
3472051302,3584,192814,282,1,1,128,1,1,16,0.000,0.000,,,,,NVIDIA A100-SXM4-40GB MIG 4g.20gb (0),1,,13,cupy_copy__complex64_complex64
3472057318,2016,192823,26,1,1,128,1,1,16,0.000,0.000,,,,,NVIDIA A100-SXM4-40GB MIG 4g.20gb (0),1,,13,cupy_copy__float32_float32
3472060358,4544,192832,103,1,1,128,1,1,16,0.000,0.000,,,,,NVIDIA A100-SXM4-40GB MIG 4g.20gb (0),1,,13,cupy_copy__complex64_complex64
3472065926,12031,192842,1434,1,1,128,1,1,16,0.000,0.000,,,,,NVIDIA A100-SXM4-40GB MIG 4g.20gb (0),1,,13,cupy_copy__complex64_complex64
3472081413,82847,192847,1,1,1,32,32,1,30,0.000,0.000,,,,,NVIDIA A100-SXM4-40GB MIG 4g.20gb (0),1,,13,"void convert_kernel<__half2, float2>(tensor_layout_any, T1 *, tensor_layout_any, const T2 *)"
3472191044,5440,192850,,,,,,,,,,0.094,17223.480,Pinned,Device,NVIDIA A100-SXM4-40GB MIG 4g.20gb (0),1,,13,[CUDA memcpy Host-to-Device]
3472204292,599576,192851,,,,,,,,,,456.561,761087.920,Device,,NVIDIA A100-SXM4-40GB MIG 4g.20gb (0),1,,13,[CUDA memset]
3472804796,70080,192856,,,,,,,,,,1.235,17621.416,Pinned,Device,NVIDIA A100-SXM4-40GB MIG 4g.20gb (0),1,,13,[CUDA memcpy Host-to-Device]
3472879483,15392,192857,,,,,,,,,,0.197,12773.229,Pinned,Device,NVIDIA A100-SXM4-40GB MIG 4g.20gb (0),1,,13,[CUDA memcpy Host-to-Device]
3472903963,8256,192858,69,4,1,48,1,1,76,0.002,0.000,,,,,NVIDIA A100-SXM4-40GB MIG 4g.20gb (0),1,,13,"void ch_est::windowedChEstPreNoDftSOfdmKernel<float, __half, float, (unsigned int)2, (unsigned int)1, (unsigned short)4>(ch_est::puschRxChEstStatDescr_t *, ch_est::puschRxChEstDynDescr_t *)"
3472915899,6432,192859,137,2,1,24,2,1,44,0.001,0.001,,,,,NVIDIA A100-SXM4-40GB MIG 4g.20gb (0),1,,13,"void ch_est::chEstFilterNoDftSOfdmDispatchKernel<float, __half, float, (unsigned int)2>(ch_est::puschRxChEstStatDescr_t *, ch_est::puschRxChEstDynDescr_t *)"
3472926587,5184,192860,137,2,1,24,2,1,44,0.001,0.001,,,,,NVIDIA A100-SXM4-40GB MIG 4g.20gb (0),1,,13,"void ch_est::chEstFilterNoDftSOfdmDispatchKernel<float, __half, float, (unsigned int)2>(ch_est::puschRxChEstStatDescr_t *, ch_est::puschRxChEstDynDescr_t *)"
3472937883,2752,192871,103,1,1,128,1,1,16,0.000,0.000,,,,,NVIDIA A100-SXM4-40GB MIG 4g.20gb (0),1,,13,cupy_copy__complex64_complex64
3472943035,12416,192881,1434,1,1,128,1,1,16,0.000,0.000,,,,,NVIDIA A100-SXM4-40GB MIG 4g.20gb (0),1,,13,cupy_copy__complex64_complex64
3472962234,3072,192888,103,1,1,128,1,1,16,0.000,0.000,,,,,NVIDIA A100-SXM4-40GB MIG 4g.20gb (0),1,,13,cupy_copy__complex64_complex64
3472969114,92255,192895,1,1,1,32,32,1,30,0.000,0.000,,,,,NVIDIA A100-SXM4-40GB MIG 4g.20gb (0),1,,13,"void convert_kernel<__half2, float2>(tensor_layout_any, T1 *, tensor_layout_any, const T2 *)"
3473090489,9120,192898,,,,,,,,,,0.094,10273.673,Pinned,Device,NVIDIA A100-SXM4-40GB MIG 4g.20gb (0),1,,13,[CUDA memcpy Host-to-Device]
3473107193,47935,192899,,,,,,,,,,35.810,747030.741,Device,,NVIDIA A100-SXM4-40GB MIG 4g.20gb (0),1,,13,[CUDA memset]
3473156216,3680,192901,,,,,,,,,,0.000,21.739,Pinned,Device,NVIDIA A100-SXM4-40GB MIG 4g.20gb (0),1,,13,[CUDA memcpy Host-to-Device]
3473164056,13408,192902,,,,,,,,,,0.197,14663.418,Pinned,Device,NVIDIA A100-SXM4-40GB MIG 4g.20gb (0),1,,13,[CUDA memcpy Host-to-Device]
3473186936,10304,192903,273,1,1,48,1,1,40,0.000,0.001,,,,,NVIDIA A100-SXM4-40GB MIG 4g.20gb (0),1,,13,"void pusch_noise_intf_est::noiseIntfEstNoDftSOfdmKernel<float, __half, float, float, (unsigned int)2, (unsigned int)1, (unsigned char)4, (unsigned char)4>(pusch_noise_intf_est::puschRxNoiseIntfEstDynDescr)"
3473200664,3103,192914,35,1,1,128,1,1,16,0.000,0.000,,,,,NVIDIA A100-SXM4-40GB MIG 4g.20gb (0),1,,13,cupy_copy__complex64_complex64
3473210647,1952,192923,1,1,1,1,1,1,18,0.000,0.000,,,,,NVIDIA A100-SXM4-40GB MIG 4g.20gb (0),1,,13,cupy_copy__float32_float32
3473242167,1568,192929,,,,,,,,,,0.000,2.551,Device,Pageable,NVIDIA A100-SXM4-40GB MIG 4g.20gb (0),1,,7,[CUDA memcpy Device-to-Host]
3473302870,13344,192940,1434,1,1,128,1,1,16,0.000,0.000,,,,,NVIDIA A100-SXM4-40GB MIG 4g.20gb (0),1,,13,cupy_copy__complex64_complex64
3473332022,3456,192947,103,1,1,128,1,1,16,0.000,0.000,,,,,NVIDIA A100-SXM4-40GB MIG 4g.20gb (0),1,,13,cupy_copy__complex64_complex64
3473353366,2400,192954,35,1,1,128,1,1,16,0.000,0.000,,,,,NVIDIA A100-SXM4-40GB MIG 4g.20gb (0),1,,13,cupy_copy__complex64_complex64
3473371221,1728,192961,1,1,1,1,1,1,18,0.000,0.000,,,,,NVIDIA A100-SXM4-40GB MIG 4g.20gb (0),1,,13,cupy_copy__float32_float32
3473502100,81919,192972,1,1,1,32,32,1,30,0.000,0.000,,,,,NVIDIA A100-SXM4-40GB MIG 4g.20gb (0),1,,13,"void convert_kernel<__half2, float2>(tensor_layout_any, T1 *, tensor_layout_any, const T2 *)"
3473611634,5440,192975,,,,,,,,,,0.094,17223.480,Pinned,Device,NVIDIA A100-SXM4-40GB MIG 4g.20gb (0),1,,13,[CUDA memcpy Host-to-Device]
3473626962,3264,192976,,,,,,,,,,1.547,473842.288,Device,,NVIDIA A100-SXM4-40GB MIG 4g.20gb (0),1,,13,[CUDA memset]
3473633202,3040,192981,,,,,,,,,,0.031,10294.725,Pinned,Device,NVIDIA A100-SXM4-40GB MIG 4g.20gb (0),1,,13,[CUDA memcpy Host-to-Device]
3473638674,9504,192982,,,,,,,,,,0.197,20686.701,Pinned,Device,NVIDIA A100-SXM4-40GB MIG 4g.20gb (0),1,,13,[CUDA memcpy Host-to-Device]
3473652946,9664,192983,273,1,1,8,4,1,39,0.002,0.000,,,,,NVIDIA A100-SXM4-40GB MIG 4g.20gb (0),1,,13,"void channel_eq::eqMmseCoefCompLowMimoKernel<float, float, float, (unsigned int)4, (unsigned int)1, (unsigned int)4>(const channel_eq::_puschRxChEqStatDescr *, channel_eq::_puschRxChEqCoefCompDynDescr)"
3473664306,5888,192984,273,1,1,12,11,1,51,0.002,0.000,,,,,NVIDIA A100-SXM4-40GB MIG 4g.20gb (0),1,,13,"void channel_eq::eqMmseSoftDemapKernel<float, __half, __half, float, (unsigned int)4, (unsigned short)16383>(channel_eq::_puschRxChEqStatDescr *, channel_eq::_puschRxChEqSoftDemapDynDescr)"
3473673490,279484,192985,1,1,1,32,32,1,30,0.000,0.000,,,,,NVIDIA A100-SXM4-40GB MIG 4g.20gb (0),1,,13,"void convert_kernel<float2, __half2>(tensor_layout_any, T1 *, tensor_layout_any, const T2 *)"
3473954030,11072,192997,2253,1,1,128,1,1,16,0.000,0.000,,,,,NVIDIA A100-SXM4-40GB MIG 4g.20gb (0),1,,13,cupy_copy__float16_float16
3473968174,3616,193006,282,1,1,128,1,1,16,0.000,0.000,,,,,NVIDIA A100-SXM4-40GB MIG 4g.20gb (0),1,,13,cupy_copy__complex64_complex64
3473973806,2240,193015,26,1,1,128,1,1,16,0.000,0.000,,,,,NVIDIA A100-SXM4-40GB MIG 4g.20gb (0),1,,13,cupy_copy__float32_float32
3473977262,2880,193024,103,1,1,128,1,1,16,0.000,0.000,,,,,NVIDIA A100-SXM4-40GB MIG 4g.20gb (0),1,,13,cupy_copy__complex64_complex64
3473982478,12224,193034,1434,1,1,128,1,1,16,0.000,0.000,,,,,NVIDIA A100-SXM4-40GB MIG 4g.20gb (0),1,,13,cupy_copy__complex64_complex64
3474001870,81759,193039,1,1,1,32,32,1,30,0.000,0.000,,,,,NVIDIA A100-SXM4-40GB MIG 4g.20gb (0),1,,13,"void convert_kernel<__half2, float2>(tensor_layout_any, T1 *, tensor_layout_any, const T2 *)"
3474110828,5376,193042,,,,,,,,,,0.094,17428.487,Pinned,Device,NVIDIA A100-SXM4-40GB MIG 4g.20gb (0),1,,13,[CUDA memcpy Host-to-Device]
3474120908,607481,193043,,,,,,,,,,456.561,751500.130,Device,,NVIDIA A100-SXM4-40GB MIG 4g.20gb (0),1,,13,[CUDA memset]
3474733541,68767,193048,,,,,,,,,,1.235,17957.321,Pinned,Device,NVIDIA A100-SXM4-40GB MIG 4g.20gb (0),1,,13,[CUDA memcpy Host-to-Device]
3474806404,14431,193049,,,,,,,,,,0.197,13623.951,Pinned,Device,NVIDIA A100-SXM4-40GB MIG 4g.20gb (0),1,,13,[CUDA memcpy Host-to-Device]
3474827587,7552,193050,69,4,1,48,1,1,76,0.002,0.000,,,,,NVIDIA A100-SXM4-40GB MIG 4g.20gb (0),1,,13,"void ch_est::windowedChEstPreNoDftSOfdmKernel<float, __half, float, (unsigned int)2, (unsigned int)1, (unsigned short)4>(ch_est::puschRxChEstStatDescr_t *, ch_est::puschRxChEstDynDescr_t *)"
3474839267,6496,193051,137,2,1,24,2,1,44,0.001,0.001,,,,,NVIDIA A100-SXM4-40GB MIG 4g.20gb (0),1,,13,"void ch_est::chEstFilterNoDftSOfdmDispatchKernel<float, __half, float, (unsigned int)2>(ch_est::puschRxChEstStatDescr_t *, ch_est::puschRxChEstDynDescr_t *)"
3474849091,5440,193052,137,2,1,24,2,1,44,0.001,0.001,,,,,NVIDIA A100-SXM4-40GB MIG 4g.20gb (0),1,,13,"void ch_est::chEstFilterNoDftSOfdmDispatchKernel<float, __half, float, (unsigned int)2>(ch_est::puschRxChEstStatDescr_t *, ch_est::puschRxChEstDynDescr_t *)"
3474859683,2560,193063,103,1,1,128,1,1,16,0.000,0.000,,,,,NVIDIA A100-SXM4-40GB MIG 4g.20gb (0),1,,13,cupy_copy__complex64_complex64
3474866083,12576,193073,1434,1,1,128,1,1,16,0.000,0.000,,,,,NVIDIA A100-SXM4-40GB MIG 4g.20gb (0),1,,13,cupy_copy__complex64_complex64
3474881059,2944,193080,103,1,1,128,1,1,16,0.000,0.000,,,,,NVIDIA A100-SXM4-40GB MIG 4g.20gb (0),1,,13,cupy_copy__complex64_complex64
3474888195,92895,193087,1,1,1,32,32,1,30,0.000,0.000,,,,,NVIDIA A100-SXM4-40GB MIG 4g.20gb (0),1,,13,"void convert_kernel<__half2, float2>(tensor_layout_any, T1 *, tensor_layout_any, const T2 *)"
3475010945,8704,193090,,,,,,,,,,0.094,10764.640,Pinned,Device,NVIDIA A100-SXM4-40GB MIG 4g.20gb (0),1,,13,[CUDA memcpy Host-to-Device]
3475026337,47551,193091,,,,,,,,,,35.810,753082.618,Device,,NVIDIA A100-SXM4-40GB MIG 4g.20gb (0),1,,13,[CUDA memset]
3475081216,5024,193093,,,,,,,,,,0.000,15.924,Pinned,Device,NVIDIA A100-SXM4-40GB MIG 4g.20gb (0),1,,13,[CUDA memcpy Host-to-Device]
3475090240,14848,193094,,,,,,,,,,0.197,13241.352,Pinned,Device,NVIDIA A100-SXM4-40GB MIG 4g.20gb (0),1,,13,[CUDA memcpy Host-to-Device]
3475112416,10496,193095,273,1,1,48,1,1,40,0.000,0.001,,,,,NVIDIA A100-SXM4-40GB MIG 4g.20gb (0),1,,13,"void pusch_noise_intf_est::noiseIntfEstNoDftSOfdmKernel<float, __half, float, float, (unsigned int)2, (unsigned int)1, (unsigned char)4, (unsigned char)4>(pusch_noise_intf_est::puschRxNoiseIntfEstDynDescr)"
3475126624,2976,193106,35,1,1,128,1,1,16,0.000,0.000,,,,,NVIDIA A100-SXM4-40GB MIG 4g.20gb (0),1,,13,cupy_copy__complex64_complex64
3475131552,2048,193115,1,1,1,1,1,1,18,0.000,0.000,,,,,NVIDIA A100-SXM4-40GB MIG 4g.20gb (0),1,,13,cupy_copy__float32_float32
3475162911,2048,193121,,,,,,,,,,0.000,1.953,Device,Pageable,NVIDIA A100-SXM4-40GB MIG 4g.20gb (0),1,,7,[CUDA memcpy Device-to-Host]
3475227966,13152,193132,1434,1,1,128,1,1,16,0.000,0.000,,,,,NVIDIA A100-SXM4-40GB MIG 4g.20gb (0),1,,13,cupy_copy__complex64_complex64
3475254046,2752,193139,103,1,1,128,1,1,16,0.000,0.000,,,,,NVIDIA A100-SXM4-40GB MIG 4g.20gb (0),1,,13,cupy_copy__complex64_complex64
3475275774,2688,193146,35,1,1,128,1,1,16,0.000,0.000,,,,,NVIDIA A100-SXM4-40GB MIG 4g.20gb (0),1,,13,cupy_copy__complex64_complex64
3475293278,1760,193153,1,1,1,1,1,1,18,0.000,0.000,,,,,NVIDIA A100-SXM4-40GB MIG 4g.20gb (0),1,,13,cupy_copy__float32_float32
3475426396,81983,193164,1,1,1,32,32,1,30,0.000,0.000,,,,,NVIDIA A100-SXM4-40GB MIG 4g.20gb (0),1,,13,"void convert_kernel<__half2, float2>(tensor_layout_any, T1 *, tensor_layout_any, const T2 *)"
3475535483,5440,193167,,,,,,,,,,0.094,17223.480,Pinned,Device,NVIDIA A100-SXM4-40GB MIG 4g.20gb (0),1,,13,[CUDA memcpy Host-to-Device]
3475551098,3264,193168,,,,,,,,,,1.547,473842.288,Device,,NVIDIA A100-SXM4-40GB MIG 4g.20gb (0),1,,13,[CUDA memset]
3475556762,3008,193173,,,,,,,,,,0.031,10404.230,Pinned,Device,NVIDIA A100-SXM4-40GB MIG 4g.20gb (0),1,,13,[CUDA memcpy Host-to-Device]
3475562234,9856,193174,,,,,,,,,,0.197,19948.044,Pinned,Device,NVIDIA A100-SXM4-40GB MIG 4g.20gb (0),1,,13,[CUDA memcpy Host-to-Device]
3475576538,5888,193175,273,1,1,8,4,1,39,0.002,0.000,,,,,NVIDIA A100-SXM4-40GB MIG 4g.20gb (0),1,,13,"void channel_eq::eqMmseCoefCompLowMimoKernel<float, float, float, (unsigned int)4, (unsigned int)1, (unsigned int)4>(const channel_eq::_puschRxChEqStatDescr *, channel_eq::_puschRxChEqCoefCompDynDescr)"
3475583514,6432,193176,273,1,1,12,11,1,51,0.002,0.000,,,,,NVIDIA A100-SXM4-40GB MIG 4g.20gb (0),1,,13,"void channel_eq::eqMmseSoftDemapKernel<float, __half, __half, float, (unsigned int)4, (unsigned short)16383>(channel_eq::_puschRxChEqStatDescr *, channel_eq::_puschRxChEqSoftDemapDynDescr)"
3475590938,282428,193177,1,1,1,32,32,1,30,0.000,0.000,,,,,NVIDIA A100-SXM4-40GB MIG 4g.20gb (0),1,,13,"void convert_kernel<float2, __half2>(tensor_layout_any, T1 *, tensor_layout_any, const T2 *)"
3475874902,10912,193189,2253,1,1,128,1,1,16,0.000,0.000,,,,,NVIDIA A100-SXM4-40GB MIG 4g.20gb (0),1,,13,cupy_copy__float16_float16
3475889782,3360,193198,282,1,1,128,1,1,16,0.000,0.000,,,,,NVIDIA A100-SXM4-40GB MIG 4g.20gb (0),1,,13,cupy_copy__complex64_complex64
3475895510,2112,193207,26,1,1,128,1,1,16,0.000,0.000,,,,,NVIDIA A100-SXM4-40GB MIG 4g.20gb (0),1,,13,cupy_copy__float32_float32
3475898742,2784,193216,103,1,1,128,1,1,16,0.000,0.000,,,,,NVIDIA A100-SXM4-40GB MIG 4g.20gb (0),1,,13,cupy_copy__complex64_complex64
3475902774,12224,193226,1434,1,1,128,1,1,16,0.000,0.000,,,,,NVIDIA A100-SXM4-40GB MIG 4g.20gb (0),1,,13,cupy_copy__complex64_complex64
3475925366,86303,193231,1,1,1,32,32,1,30,0.000,0.000,,,,,NVIDIA A100-SXM4-40GB MIG 4g.20gb (0),1,,13,"void convert_kernel<__half2, float2>(tensor_layout_any, T1 *, tensor_layout_any, const T2 *)"
3476037972,5408,193234,,,,,,,,,,0.094,17325.421,Pinned,Device,NVIDIA A100-SXM4-40GB MIG 4g.20gb (0),1,,13,[CUDA memcpy Host-to-Device]
3476048788,603897,193235,,,,,,,,,,456.561,755609.183,Device,,NVIDIA A100-SXM4-40GB MIG 4g.20gb (0),1,,13,[CUDA memset]
3476656109,67295,193240,,,,,,,,,,1.235,18350.033,Pinned,Device,NVIDIA A100-SXM4-40GB MIG 4g.20gb (0),1,,13,[CUDA memcpy Host-to-Device]
3476726572,14656,193241,,,,,,,,,,0.197,13414.760,Pinned,Device,NVIDIA A100-SXM4-40GB MIG 4g.20gb (0),1,,13,[CUDA memcpy Host-to-Device]
3476748588,8320,193242,69,4,1,48,1,1,76,0.002,0.000,,,,,NVIDIA A100-SXM4-40GB MIG 4g.20gb (0),1,,13,"void ch_est::windowedChEstPreNoDftSOfdmKernel<float, __half, float, (unsigned int)2, (unsigned int)1, (unsigned short)4>(ch_est::puschRxChEstStatDescr_t *, ch_est::puschRxChEstDynDescr_t *)"
3476759308,6591,193243,137,2,1,24,2,1,44,0.001,0.001,,,,,NVIDIA A100-SXM4-40GB MIG 4g.20gb (0),1,,13,"void ch_est::chEstFilterNoDftSOfdmDispatchKernel<float, __half, float, (unsigned int)2>(ch_est::puschRxChEstStatDescr_t *, ch_est::puschRxChEstDynDescr_t *)"
3476770283,5504,193244,137,2,1,24,2,1,44,0.001,0.001,,,,,NVIDIA A100-SXM4-40GB MIG 4g.20gb (0),1,,13,"void ch_est::chEstFilterNoDftSOfdmDispatchKernel<float, __half, float, (unsigned int)2>(ch_est::puschRxChEstStatDescr_t *, ch_est::puschRxChEstDynDescr_t *)"
3476780171,2720,193255,103,1,1,128,1,1,16,0.000,0.000,,,,,NVIDIA A100-SXM4-40GB MIG 4g.20gb (0),1,,13,cupy_copy__complex64_complex64
3476785035,12480,193265,1434,1,1,128,1,1,16,0.000,0.000,,,,,NVIDIA A100-SXM4-40GB MIG 4g.20gb (0),1,,13,cupy_copy__complex64_complex64
3476800619,2592,193272,103,1,1,128,1,1,16,0.000,0.000,,,,,NVIDIA A100-SXM4-40GB MIG 4g.20gb (0),1,,13,cupy_copy__complex64_complex64
3476806763,83871,193279,1,1,1,32,32,1,30,0.000,0.000,,,,,NVIDIA A100-SXM4-40GB MIG 4g.20gb (0),1,,13,"void convert_kernel<__half2, float2>(tensor_layout_any, T1 *, tensor_layout_any, const T2 *)"
3476919274,7871,193282,,,,,,,,,,0.094,11903.889,Pinned,Device,NVIDIA A100-SXM4-40GB MIG 4g.20gb (0),1,,13,[CUDA memcpy Host-to-Device]
3476938985,48192,193283,,,,,,,,,,35.810,743055.840,Device,,NVIDIA A100-SXM4-40GB MIG 4g.20gb (0),1,,13,[CUDA memset]
3476993001,3552,193285,,,,,,,,,,0.000,22.522,Pinned,Device,NVIDIA A100-SXM4-40GB MIG 4g.20gb (0),1,,13,[CUDA memcpy Host-to-Device]
3477001321,13215,193286,,,,,,,,,,0.197,14877.524,Pinned,Device,NVIDIA A100-SXM4-40GB MIG 4g.20gb (0),1,,13,[CUDA memcpy Host-to-Device]
3477024520,9344,193287,273,1,1,48,1,1,40,0.000,0.001,,,,,NVIDIA A100-SXM4-40GB MIG 4g.20gb (0),1,,13,"void pusch_noise_intf_est::noiseIntfEstNoDftSOfdmKernel<float, __half, float, float, (unsigned int)2, (unsigned int)1, (unsigned char)4, (unsigned char)4>(pusch_noise_intf_est::puschRxNoiseIntfEstDynDescr)"
3477039624,3104,193298,35,1,1,128,1,1,16,0.000,0.000,,,,,NVIDIA A100-SXM4-40GB MIG 4g.20gb (0),1,,13,cupy_copy__complex64_complex64
3477044328,2048,193307,1,1,1,1,1,1,18,0.000,0.000,,,,,NVIDIA A100-SXM4-40GB MIG 4g.20gb (0),1,,13,cupy_copy__float32_float32
3477072840,1760,193313,,,,,,,,,,0.000,2.273,Device,Pageable,NVIDIA A100-SXM4-40GB MIG 4g.20gb (0),1,,7,[CUDA memcpy Device-to-Host]
3477133959,12736,193324,1434,1,1,128,1,1,16,0.000,0.000,,,,,NVIDIA A100-SXM4-40GB MIG 4g.20gb (0),1,,13,cupy_copy__complex64_complex64
3477161511,3040,193331,103,1,1,128,1,1,16,0.000,0.000,,,,,NVIDIA A100-SXM4-40GB MIG 4g.20gb (0),1,,13,cupy_copy__complex64_complex64
3477182438,2400,193338,35,1,1,128,1,1,16,0.000,0.000,,,,,NVIDIA A100-SXM4-40GB MIG 4g.20gb (0),1,,13,cupy_copy__complex64_complex64
3477200454,1728,193345,1,1,1,1,1,1,18,0.000,0.000,,,,,NVIDIA A100-SXM4-40GB MIG 4g.20gb (0),1,,13,cupy_copy__float32_float32
3477331268,87711,193356,1,1,1,32,32,1,30,0.000,0.000,,,,,NVIDIA A100-SXM4-40GB MIG 4g.20gb (0),1,,13,"void convert_kernel<__half2, float2>(tensor_layout_any, T1 *, tensor_layout_any, const T2 *)"
3477446563,5408,193359,,,,,,,,,,0.094,17325.421,Pinned,Device,NVIDIA A100-SXM4-40GB MIG 4g.20gb (0),1,,13,[CUDA memcpy Host-to-Device]
3477461539,3424,193360,,,,,,,,,,1.547,451700.819,Device,,NVIDIA A100-SXM4-40GB MIG 4g.20gb (0),1,,13,[CUDA memset]
3477468419,3360,193365,,,,,,,,,,0.031,9314.284,Pinned,Device,NVIDIA A100-SXM4-40GB MIG 4g.20gb (0),1,,13,[CUDA memcpy Host-to-Device]
3477474339,9408,193366,,,,,,,,,,0.197,20897.858,Pinned,Device,NVIDIA A100-SXM4-40GB MIG 4g.20gb (0),1,,13,[CUDA memcpy Host-to-Device]
3477489026,7040,193367,273,1,1,8,4,1,39,0.002,0.000,,,,,NVIDIA A100-SXM4-40GB MIG 4g.20gb (0),1,,13,"void channel_eq::eqMmseCoefCompLowMimoKernel<float, float, float, (unsigned int)4, (unsigned int)1, (unsigned int)4>(const channel_eq::_puschRxChEqStatDescr *, channel_eq::_puschRxChEqCoefCompDynDescr)"
3477497154,6400,193368,273,1,1,12,11,1,51,0.002,0.000,,,,,NVIDIA A100-SXM4-40GB MIG 4g.20gb (0),1,,13,"void channel_eq::eqMmseSoftDemapKernel<float, __half, __half, float, (unsigned int)4, (unsigned short)16383>(channel_eq::_puschRxChEqStatDescr *, channel_eq::_puschRxChEqSoftDemapDynDescr)"
3477504514,282941,193369,1,1,1,32,32,1,30,0.000,0.000,,,,,NVIDIA A100-SXM4-40GB MIG 4g.20gb (0),1,,13,"void convert_kernel<float2, __half2>(tensor_layout_any, T1 *, tensor_layout_any, const T2 *)"
3477790143,11008,193381,2253,1,1,128,1,1,16,0.000,0.000,,,,,NVIDIA A100-SXM4-40GB MIG 4g.20gb (0),1,,13,cupy_copy__float16_float16
3477802719,3200,193390,282,1,1,128,1,1,16,0.000,0.000,,,,,NVIDIA A100-SXM4-40GB MIG 4g.20gb (0),1,,13,cupy_copy__complex64_complex64
3477806911,2208,193399,26,1,1,128,1,1,16,0.000,0.000,,,,,NVIDIA A100-SXM4-40GB MIG 4g.20gb (0),1,,13,cupy_copy__float32_float32
3477812542,4512,193408,103,1,1,128,1,1,16,0.000,0.000,,,,,NVIDIA A100-SXM4-40GB MIG 4g.20gb (0),1,,13,cupy_copy__complex64_complex64
3477818174,12128,193418,1434,1,1,128,1,1,16,0.000,0.000,,,,,NVIDIA A100-SXM4-40GB MIG 4g.20gb (0),1,,13,cupy_copy__complex64_complex64
3477837854,82143,193423,1,1,1,32,32,1,30,0.000,0.000,,,,,NVIDIA A100-SXM4-40GB MIG 4g.20gb (0),1,,13,"void convert_kernel<__half2, float2>(tensor_layout_any, T1 *, tensor_layout_any, const T2 *)"
3477946109,5600,193426,,,,,,,,,,0.094,16731.388,Pinned,Device,NVIDIA A100-SXM4-40GB MIG 4g.20gb (0),1,,13,[CUDA memcpy Host-to-Device]
3477956189,604088,193427,,,,,,,,,,456.561,755609.183,Device,,NVIDIA A100-SXM4-40GB MIG 4g.20gb (0),1,,13,[CUDA memset]
3478563957,67391,193432,,,,,,,,,,1.235,18324.099,Pinned,Device,NVIDIA A100-SXM4-40GB MIG 4g.20gb (0),1,,13,[CUDA memcpy Host-to-Device]
3478634228,14496,193433,,,,,,,,,,0.197,13562.806,Pinned,Device,NVIDIA A100-SXM4-40GB MIG 4g.20gb (0),1,,13,[CUDA memcpy Host-to-Device]
3478653716,8512,193434,69,4,1,48,1,1,76,0.002,0.000,,,,,NVIDIA A100-SXM4-40GB MIG 4g.20gb (0),1,,13,"void ch_est::windowedChEstPreNoDftSOfdmKernel<float, __half, float, (unsigned int)2, (unsigned int)1, (unsigned short)4>(ch_est::puschRxChEstStatDescr_t *, ch_est::puschRxChEstDynDescr_t *)"
3478664788,7136,193435,137,2,1,24,2,1,44,0.001,0.001,,,,,NVIDIA A100-SXM4-40GB MIG 4g.20gb (0),1,,13,"void ch_est::chEstFilterNoDftSOfdmDispatchKernel<float, __half, float, (unsigned int)2>(ch_est::puschRxChEstStatDescr_t *, ch_est::puschRxChEstDynDescr_t *)"
3478675860,5280,193436,137,2,1,24,2,1,44,0.001,0.001,,,,,NVIDIA A100-SXM4-40GB MIG 4g.20gb (0),1,,13,"void ch_est::chEstFilterNoDftSOfdmDispatchKernel<float, __half, float, (unsigned int)2>(ch_est::puschRxChEstStatDescr_t *, ch_est::puschRxChEstDynDescr_t *)"
3478686196,2784,193447,103,1,1,128,1,1,16,0.000,0.000,,,,,NVIDIA A100-SXM4-40GB MIG 4g.20gb (0),1,,13,cupy_copy__complex64_complex64
3478692148,12447,193457,1434,1,1,128,1,1,16,0.000,0.000,,,,,NVIDIA A100-SXM4-40GB MIG 4g.20gb (0),1,,13,cupy_copy__complex64_complex64
3478705843,2464,193464,103,1,1,128,1,1,16,0.000,0.000,,,,,NVIDIA A100-SXM4-40GB MIG 4g.20gb (0),1,,13,cupy_copy__complex64_complex64
3478712915,83519,193471,1,1,1,32,32,1,30,0.000,0.000,,,,,NVIDIA A100-SXM4-40GB MIG 4g.20gb (0),1,,13,"void convert_kernel<__half2, float2>(tensor_layout_any, T1 *, tensor_layout_any, const T2 *)"
3478824978,9472,193474,,,,,,,,,,0.094,9891.862,Pinned,Device,NVIDIA A100-SXM4-40GB MIG 4g.20gb (0),1,,13,[CUDA memcpy Host-to-Device]
3478843538,47679,193475,,,,,,,,,,35.810,751041.452,Device,,NVIDIA A100-SXM4-40GB MIG 4g.20gb (0),1,,13,[CUDA memset]
3478897617,2848,193477,,,,,,,,,,0.000,28.090,Pinned,Device,NVIDIA A100-SXM4-40GB MIG 4g.20gb (0),1,,13,[CUDA memcpy Host-to-Device]
3478905617,13440,193478,,,,,,,,,,0.197,14628.422,Pinned,Device,NVIDIA A100-SXM4-40GB MIG 4g.20gb (0),1,,13,[CUDA memcpy Host-to-Device]
3478926577,12160,193479,273,1,1,48,1,1,40,0.000,0.001,,,,,NVIDIA A100-SXM4-40GB MIG 4g.20gb (0),1,,13,"void pusch_noise_intf_est::noiseIntfEstNoDftSOfdmKernel<float, __half, float, float, (unsigned int)2, (unsigned int)1, (unsigned char)4, (unsigned char)4>(pusch_noise_intf_est::puschRxNoiseIntfEstDynDescr)"
3478941649,2880,193490,35,1,1,128,1,1,16,0.000,0.000,,,,,NVIDIA A100-SXM4-40GB MIG 4g.20gb (0),1,,13,cupy_copy__complex64_complex64
3478957168,1792,193499,1,1,1,1,1,1,18,0.000,0.000,,,,,NVIDIA A100-SXM4-40GB MIG 4g.20gb (0),1,,13,cupy_copy__float32_float32
3478988016,2272,193505,,,,,,,,,,0.000,1.761,Device,Pageable,NVIDIA A100-SXM4-40GB MIG 4g.20gb (0),1,,7,[CUDA memcpy Device-to-Host]
3479049711,13088,193516,1434,1,1,128,1,1,16,0.000,0.000,,,,,NVIDIA A100-SXM4-40GB MIG 4g.20gb (0),1,,13,cupy_copy__complex64_complex64
3479076719,2816,193523,103,1,1,128,1,1,16,0.000,0.000,,,,,NVIDIA A100-SXM4-40GB MIG 4g.20gb (0),1,,13,cupy_copy__complex64_complex64
3479098159,2592,193530,35,1,1,128,1,1,16,0.000,0.000,,,,,NVIDIA A100-SXM4-40GB MIG 4g.20gb (0),1,,13,cupy_copy__complex64_complex64
3479115598,1760,193537,1,1,1,1,1,1,18,0.000,0.000,,,,,NVIDIA A100-SXM4-40GB MIG 4g.20gb (0),1,,13,cupy_copy__float32_float32
3479246861,82655,193548,1,1,1,32,32,1,30,0.000,0.000,,,,,NVIDIA A100-SXM4-40GB MIG 4g.20gb (0),1,,13,"void convert_kernel<__half2, float2>(tensor_layout_any, T1 *, tensor_layout_any, const T2 *)"
3479357707,5440,193551,,,,,,,,,,0.094,17223.480,Pinned,Device,NVIDIA A100-SXM4-40GB MIG 4g.20gb (0),1,,13,[CUDA memcpy Host-to-Device]
3479371819,3488,193552,,,,,,,,,,1.547,443412.461,Device,,NVIDIA A100-SXM4-40GB MIG 4g.20gb (0),1,,13,[CUDA memset]
3479378827,3008,193557,,,,,,,,,,0.031,10404.230,Pinned,Device,NVIDIA A100-SXM4-40GB MIG 4g.20gb (0),1,,13,[CUDA memcpy Host-to-Device]
3479384427,9504,193558,,,,,,,,,,0.197,20686.701,Pinned,Device,NVIDIA A100-SXM4-40GB MIG 4g.20gb (0),1,,13,[CUDA memcpy Host-to-Device]
3479398507,6016,193559,273,1,1,8,4,1,39,0.002,0.000,,,,,NVIDIA A100-SXM4-40GB MIG 4g.20gb (0),1,,13,"void channel_eq::eqMmseCoefCompLowMimoKernel<float, float, float, (unsigned int)4, (unsigned int)1, (unsigned int)4>(const channel_eq::_puschRxChEqStatDescr *, channel_eq::_puschRxChEqCoefCompDynDescr)"
3479407595,6208,193560,273,1,1,12,11,1,51,0.002,0.000,,,,,NVIDIA A100-SXM4-40GB MIG 4g.20gb (0),1,,13,"void channel_eq::eqMmseSoftDemapKernel<float, __half, __half, float, (unsigned int)4, (unsigned short)16383>(channel_eq::_puschRxChEqStatDescr *, channel_eq::_puschRxChEqSoftDemapDynDescr)"
3479416907,289820,193561,1,1,1,32,32,1,30,0.000,0.000,,,,,NVIDIA A100-SXM4-40GB MIG 4g.20gb (0),1,,13,"void convert_kernel<float2, __half2>(tensor_layout_any, T1 *, tensor_layout_any, const T2 *)"
3479708583,11040,193573,2253,1,1,128,1,1,16,0.000,0.000,,,,,NVIDIA A100-SXM4-40GB MIG 4g.20gb (0),1,,13,cupy_copy__float16_float16
3479721159,3040,193582,282,1,1,128,1,1,16,0.000,0.000,,,,,NVIDIA A100-SXM4-40GB MIG 4g.20gb (0),1,,13,cupy_copy__complex64_complex64
3479725447,2112,193591,26,1,1,128,1,1,16,0.000,0.000,,,,,NVIDIA A100-SXM4-40GB MIG 4g.20gb (0),1,,13,cupy_copy__float32_float32
3479728615,3392,193600,103,1,1,128,1,1,16,0.000,0.000,,,,,NVIDIA A100-SXM4-40GB MIG 4g.20gb (0),1,,13,cupy_copy__complex64_complex64
3479734215,12032,193610,1434,1,1,128,1,1,16,0.000,0.000,,,,,NVIDIA A100-SXM4-40GB MIG 4g.20gb (0),1,,13,cupy_copy__complex64_complex64
3479750087,87902,193615,1,1,1,32,32,1,30,0.000,0.000,,,,,NVIDIA A100-SXM4-40GB MIG 4g.20gb (0),1,,13,"void convert_kernel<__half2, float2>(tensor_layout_any, T1 *, tensor_layout_any, const T2 *)"
3479865381,5440,193618,,,,,,,,,,0.094,17223.480,Pinned,Device,NVIDIA A100-SXM4-40GB MIG 4g.20gb (0),1,,13,[CUDA memcpy Host-to-Device]
3479875269,599545,193619,,,,,,,,,,456.561,761087.920,Device,,NVIDIA A100-SXM4-40GB MIG 4g.20gb (0),1,,13,[CUDA memset]
3480478750,65247,193624,,,,,,,,,,1.235,18926.752,Pinned,Device,NVIDIA A100-SXM4-40GB MIG 4g.20gb (0),1,,13,[CUDA memcpy Host-to-Device]
3480546941,15488,193625,,,,,,,,,,0.197,12694.192,Pinned,Device,NVIDIA A100-SXM4-40GB MIG 4g.20gb (0),1,,13,[CUDA memcpy Host-to-Device]
3480566652,8064,193626,69,4,1,48,1,1,76,0.002,0.000,,,,,NVIDIA A100-SXM4-40GB MIG 4g.20gb (0),1,,13,"void ch_est::windowedChEstPreNoDftSOfdmKernel<float, __half, float, (unsigned int)2, (unsigned int)1, (unsigned short)4>(ch_est::puschRxChEstStatDescr_t *, ch_est::puschRxChEstDynDescr_t *)"
3480578460,6432,193627,137,2,1,24,2,1,44,0.001,0.001,,,,,NVIDIA A100-SXM4-40GB MIG 4g.20gb (0),1,,13,"void ch_est::chEstFilterNoDftSOfdmDispatchKernel<float, __half, float, (unsigned int)2>(ch_est::puschRxChEstStatDescr_t *, ch_est::puschRxChEstDynDescr_t *)"
3480587900,5216,193628,137,2,1,24,2,1,44,0.001,0.001,,,,,NVIDIA A100-SXM4-40GB MIG 4g.20gb (0),1,,13,"void ch_est::chEstFilterNoDftSOfdmDispatchKernel<float, __half, float, (unsigned int)2>(ch_est::puschRxChEstStatDescr_t *, ch_est::puschRxChEstDynDescr_t *)"
3480599356,2624,193639,103,1,1,128,1,1,16,0.000,0.000,,,,,NVIDIA A100-SXM4-40GB MIG 4g.20gb (0),1,,13,cupy_copy__complex64_complex64
3480604412,12352,193649,1434,1,1,128,1,1,16,0.000,0.000,,,,,NVIDIA A100-SXM4-40GB MIG 4g.20gb (0),1,,13,cupy_copy__complex64_complex64
3480619420,3200,193656,103,1,1,128,1,1,16,0.000,0.000,,,,,NVIDIA A100-SXM4-40GB MIG 4g.20gb (0),1,,13,cupy_copy__complex64_complex64
3480627004,84031,193663,1,1,1,32,32,1,30,0.000,0.000,,,,,NVIDIA A100-SXM4-40GB MIG 4g.20gb (0),1,,13,"void convert_kernel<__half2, float2>(tensor_layout_any, T1 *, tensor_layout_any, const T2 *)"
3480741050,8416,193666,,,,,,,,,,0.094,11133.052,Pinned,Device,NVIDIA A100-SXM4-40GB MIG 4g.20gb (0),1,,13,[CUDA memcpy Host-to-Device]
3480754458,47424,193667,,,,,,,,,,35.810,755087.973,Device,,NVIDIA A100-SXM4-40GB MIG 4g.20gb (0),1,,13,[CUDA memset]
3480809401,3168,193669,,,,,,,,,,0.000,25.252,Pinned,Device,NVIDIA A100-SXM4-40GB MIG 4g.20gb (0),1,,13,[CUDA memcpy Host-to-Device]
3480816985,12096,193670,,,,,,,,,,0.197,16253.780,Pinned,Device,NVIDIA A100-SXM4-40GB MIG 4g.20gb (0),1,,13,[CUDA memcpy Host-to-Device]
3480834905,12480,193671,273,1,1,48,1,1,40,0.000,0.001,,,,,NVIDIA A100-SXM4-40GB MIG 4g.20gb (0),1,,13,"void pusch_noise_intf_est::noiseIntfEstNoDftSOfdmKernel<float, __half, float, float, (unsigned int)2, (unsigned int)1, (unsigned char)4, (unsigned char)4>(pusch_noise_intf_est::puschRxNoiseIntfEstDynDescr)"
3480850073,2944,193682,35,1,1,128,1,1,16,0.000,0.000,,,,,NVIDIA A100-SXM4-40GB MIG 4g.20gb (0),1,,13,cupy_copy__complex64_complex64
3480865977,1760,193691,1,1,1,1,1,1,18,0.000,0.000,,,,,NVIDIA A100-SXM4-40GB MIG 4g.20gb (0),1,,13,cupy_copy__float32_float32
3480895256,2336,193697,,,,,,,,,,0.000,1.712,Device,Pageable,NVIDIA A100-SXM4-40GB MIG 4g.20gb (0),1,,7,[CUDA memcpy Device-to-Host]
3480957624,12927,193708,1434,1,1,128,1,1,16,0.000,0.000,,,,,NVIDIA A100-SXM4-40GB MIG 4g.20gb (0),1,,13,cupy_copy__complex64_complex64
3480984919,3360,193715,103,1,1,128,1,1,16,0.000,0.000,,,,,NVIDIA A100-SXM4-40GB MIG 4g.20gb (0),1,,13,cupy_copy__complex64_complex64
3481002999,2528,193722,35,1,1,128,1,1,16,0.000,0.000,,,,,NVIDIA A100-SXM4-40GB MIG 4g.20gb (0),1,,13,cupy_copy__complex64_complex64
3481022999,1792,193729,1,1,1,1,1,1,18,0.000,0.000,,,,,NVIDIA A100-SXM4-40GB MIG 4g.20gb (0),1,,13,cupy_copy__float32_float32
3481152149,87327,193740,1,1,1,32,32,1,30,0.000,0.000,,,,,NVIDIA A100-SXM4-40GB MIG 4g.20gb (0),1,,13,"void convert_kernel<__half2, float2>(tensor_layout_any, T1 *, tensor_layout_any, const T2 *)"
3481267188,5440,193743,,,,,,,,,,0.094,17223.480,Pinned,Device,NVIDIA A100-SXM4-40GB MIG 4g.20gb (0),1,,13,[CUDA memcpy Host-to-Device]
3481280916,3328,193744,,,,,,,,,,1.547,464729.580,Device,,NVIDIA A100-SXM4-40GB MIG 4g.20gb (0),1,,13,[CUDA memset]
3481287636,3135,193749,,,,,,,,,,0.031,9982.767,Pinned,Device,NVIDIA A100-SXM4-40GB MIG 4g.20gb (0),1,,13,[CUDA memcpy Host-to-Device]
3481293203,9536,193750,,,,,,,,,,0.197,20617.298,Pinned,Device,NVIDIA A100-SXM4-40GB MIG 4g.20gb (0),1,,13,[CUDA memcpy Host-to-Device]
3481306195,6240,193751,273,1,1,8,4,1,39,0.002,0.000,,,,,NVIDIA A100-SXM4-40GB MIG 4g.20gb (0),1,,13,"void channel_eq::eqMmseCoefCompLowMimoKernel<float, float, float, (unsigned int)4, (unsigned int)1, (unsigned int)4>(const channel_eq::_puschRxChEqStatDescr *, channel_eq::_puschRxChEqCoefCompDynDescr)"
3481313459,6432,193752,273,1,1,12,11,1,51,0.002,0.000,,,,,NVIDIA A100-SXM4-40GB MIG 4g.20gb (0),1,,13,"void channel_eq::eqMmseSoftDemapKernel<float, __half, __half, float, (unsigned int)4, (unsigned short)16383>(channel_eq::_puschRxChEqStatDescr *, channel_eq::_puschRxChEqSoftDemapDynDescr)"
3481320851,283101,193753,1,1,1,32,32,1,30,0.000,0.000,,,,,NVIDIA A100-SXM4-40GB MIG 4g.20gb (0),1,,13,"void convert_kernel<float2, __half2>(tensor_layout_any, T1 *, tensor_layout_any, const T2 *)"
3481604944,11039,193765,2253,1,1,128,1,1,16,0.000,0.000,,,,,NVIDIA A100-SXM4-40GB MIG 4g.20gb (0),1,,13,cupy_copy__float16_float16
3481619727,3616,193774,282,1,1,128,1,1,16,0.000,0.000,,,,,NVIDIA A100-SXM4-40GB MIG 4g.20gb (0),1,,13,cupy_copy__complex64_complex64
3481625391,2304,193783,26,1,1,128,1,1,16,0.000,0.000,,,,,NVIDIA A100-SXM4-40GB MIG 4g.20gb (0),1,,13,cupy_copy__float32_float32
3481629199,3008,193792,103,1,1,128,1,1,16,0.000,0.000,,,,,NVIDIA A100-SXM4-40GB MIG 4g.20gb (0),1,,13,cupy_copy__complex64_complex64
3481633167,12448,193802,1434,1,1,128,1,1,16,0.000,0.000,,,,,NVIDIA A100-SXM4-40GB MIG 4g.20gb (0),1,,13,cupy_copy__complex64_complex64
3481656687,81791,193807,1,1,1,32,32,1,30,0.000,0.000,,,,,NVIDIA A100-SXM4-40GB MIG 4g.20gb (0),1,,13,"void convert_kernel<__half2, float2>(tensor_layout_any, T1 *, tensor_layout_any, const T2 *)"
3481765646,5312,193810,,,,,,,,,,0.094,17638.553,Pinned,Device,NVIDIA A100-SXM4-40GB MIG 4g.20gb (0),1,,13,[CUDA memcpy Host-to-Device]
3481776173,599065,193811,,,,,,,,,,456.561,762001.043,Device,,NVIDIA A100-SXM4-40GB MIG 4g.20gb (0),1,,13,[CUDA memset]
3482381926,70911,193816,,,,,,,,,,1.235,17415.180,Pinned,Device,NVIDIA A100-SXM4-40GB MIG 4g.20gb (0),1,,13,[CUDA memcpy Host-to-Device]
3482456197,14464,193817,,,,,,,,,,0.197,13592.887,Pinned,Device,NVIDIA A100-SXM4-40GB MIG 4g.20gb (0),1,,13,[CUDA memcpy Host-to-Device]
3482478885,8352,193818,69,4,1,48,1,1,76,0.002,0.000,,,,,NVIDIA A100-SXM4-40GB MIG 4g.20gb (0),1,,13,"void ch_est::windowedChEstPreNoDftSOfdmKernel<float, __half, float, (unsigned int)2, (unsigned int)1, (unsigned short)4>(ch_est::puschRxChEstStatDescr_t *, ch_est::puschRxChEstDynDescr_t *)"
3482492869,6688,193819,137,2,1,24,2,1,44,0.001,0.001,,,,,NVIDIA A100-SXM4-40GB MIG 4g.20gb (0),1,,13,"void ch_est::chEstFilterNoDftSOfdmDispatchKernel<float, __half, float, (unsigned int)2>(ch_est::puschRxChEstStatDescr_t *, ch_est::puschRxChEstDynDescr_t *)"
3482503685,5439,193820,137,2,1,24,2,1,44,0.001,0.001,,,,,NVIDIA A100-SXM4-40GB MIG 4g.20gb (0),1,,13,"void ch_est::chEstFilterNoDftSOfdmDispatchKernel<float, __half, float, (unsigned int)2>(ch_est::puschRxChEstStatDescr_t *, ch_est::puschRxChEstDynDescr_t *)"
3482515332,2560,193831,103,1,1,128,1,1,16,0.000,0.000,,,,,NVIDIA A100-SXM4-40GB MIG 4g.20gb (0),1,,13,cupy_copy__complex64_complex64
3482521828,12928,193841,1434,1,1,128,1,1,16,0.000,0.000,,,,,NVIDIA A100-SXM4-40GB MIG 4g.20gb (0),1,,13,cupy_copy__complex64_complex64
3482536868,2880,193848,103,1,1,128,1,1,16,0.000,0.000,,,,,NVIDIA A100-SXM4-40GB MIG 4g.20gb (0),1,,13,cupy_copy__complex64_complex64
3482543172,84223,193855,1,1,1,32,32,1,30,0.000,0.000,,,,,NVIDIA A100-SXM4-40GB MIG 4g.20gb (0),1,,13,"void convert_kernel<__half2, float2>(tensor_layout_any, T1 *, tensor_layout_any, const T2 *)"
3482655811,9376,193858,,,,,,,,,,0.094,9993.147,Pinned,Device,NVIDIA A100-SXM4-40GB MIG 4g.20gb (0),1,,13,[CUDA memcpy Host-to-Device]
3482672514,46240,193859,,,,,,,,,,35.810,774425.330,Device,,NVIDIA A100-SXM4-40GB MIG 4g.20gb (0),1,,13,[CUDA memset]
3482720258,3808,193861,,,,,,,,,,0.000,21.008,Pinned,Device,NVIDIA A100-SXM4-40GB MIG 4g.20gb (0),1,,13,[CUDA memcpy Host-to-Device]
3482727714,13088,193862,,,,,,,,,,0.197,15021.834,Pinned,Device,NVIDIA A100-SXM4-40GB MIG 4g.20gb (0),1,,13,[CUDA memcpy Host-to-Device]
3482748385,10592,193863,273,1,1,48,1,1,40,0.000,0.001,,,,,NVIDIA A100-SXM4-40GB MIG 4g.20gb (0),1,,13,"void pusch_noise_intf_est::noiseIntfEstNoDftSOfdmKernel<float, __half, float, float, (unsigned int)2, (unsigned int)1, (unsigned char)4, (unsigned char)4>(pusch_noise_intf_est::puschRxNoiseIntfEstDynDescr)"
3482761761,2752,193874,35,1,1,128,1,1,16,0.000,0.000,,,,,NVIDIA A100-SXM4-40GB MIG 4g.20gb (0),1,,13,cupy_copy__complex64_complex64
3482779297,1728,193883,1,1,1,1,1,1,18,0.000,0.000,,,,,NVIDIA A100-SXM4-40GB MIG 4g.20gb (0),1,,13,cupy_copy__float32_float32
3482810401,1600,193889,,,,,,,,,,0.000,2.500,Device,Pageable,NVIDIA A100-SXM4-40GB MIG 4g.20gb (0),1,,7,[CUDA memcpy Device-to-Host]
3482880288,12640,193900,1434,1,1,128,1,1,16,0.000,0.000,,,,,NVIDIA A100-SXM4-40GB MIG 4g.20gb (0),1,,13,cupy_copy__complex64_complex64
3482907552,2847,193907,103,1,1,128,1,1,16,0.000,0.000,,,,,NVIDIA A100-SXM4-40GB MIG 4g.20gb (0),1,,13,cupy_copy__complex64_complex64
3482927871,2688,193914,35,1,1,128,1,1,16,0.000,0.000,,,,,NVIDIA A100-SXM4-40GB MIG 4g.20gb (0),1,,13,cupy_copy__complex64_complex64
3482946399,1728,193921,1,1,1,1,1,1,18,0.000,0.000,,,,,NVIDIA A100-SXM4-40GB MIG 4g.20gb (0),1,,13,cupy_copy__float32_float32
3483079293,82591,193932,1,1,1,32,32,1,30,0.000,0.000,,,,,NVIDIA A100-SXM4-40GB MIG 4g.20gb (0),1,,13,"void convert_kernel<__half2, float2>(tensor_layout_any, T1 *, tensor_layout_any, const T2 *)"
3483189564,5536,193935,,,,,,,,,,0.094,16924.777,Pinned,Device,NVIDIA A100-SXM4-40GB MIG 4g.20gb (0),1,,13,[CUDA memcpy Host-to-Device]
3483206428,3104,193936,,,,,,,,,,1.547,498266.574,Device,,NVIDIA A100-SXM4-40GB MIG 4g.20gb (0),1,,13,[CUDA memset]
3483211356,3040,193941,,,,,,,,,,0.031,10294.725,Pinned,Device,NVIDIA A100-SXM4-40GB MIG 4g.20gb (0),1,,13,[CUDA memcpy Host-to-Device]
3483216828,9376,193942,,,,,,,,,,0.197,20969.226,Pinned,Device,NVIDIA A100-SXM4-40GB MIG 4g.20gb (0),1,,13,[CUDA memcpy Host-to-Device]
3483230396,5791,193943,273,1,1,8,4,1,39,0.002,0.000,,,,,NVIDIA A100-SXM4-40GB MIG 4g.20gb (0),1,,13,"void channel_eq::eqMmseCoefCompLowMimoKernel<float, float, float, (unsigned int)4, (unsigned int)1, (unsigned int)4>(const channel_eq::_puschRxChEqStatDescr *, channel_eq::_puschRxChEqCoefCompDynDescr)"
3483237115,5440,193944,273,1,1,12,11,1,51,0.002,0.000,,,,,NVIDIA A100-SXM4-40GB MIG 4g.20gb (0),1,,13,"void channel_eq::eqMmseSoftDemapKernel<float, __half, __half, float, (unsigned int)4, (unsigned short)16383>(channel_eq::_puschRxChEqStatDescr *, channel_eq::_puschRxChEqSoftDemapDynDescr)"
3483243899,301757,193945,1,1,1,32,32,1,30,0.000,0.000,,,,,NVIDIA A100-SXM4-40GB MIG 4g.20gb (0),1,,13,"void convert_kernel<float2, __half2>(tensor_layout_any, T1 *, tensor_layout_any, const T2 *)"
3483548216,10943,193957,2253,1,1,128,1,1,16,0.000,0.000,,,,,NVIDIA A100-SXM4-40GB MIG 4g.20gb (0),1,,13,cupy_copy__float16_float16
3483563671,3040,193966,282,1,1,128,1,1,16,0.000,0.000,,,,,NVIDIA A100-SXM4-40GB MIG 4g.20gb (0),1,,13,cupy_copy__complex64_complex64
3483569335,2048,193975,26,1,1,128,1,1,16,0.000,0.000,,,,,NVIDIA A100-SXM4-40GB MIG 4g.20gb (0),1,,13,cupy_copy__float32_float32
3483572919,4000,193984,103,1,1,128,1,1,16,0.000,0.000,,,,,NVIDIA A100-SXM4-40GB MIG 4g.20gb (0),1,,13,cupy_copy__complex64_complex64
3483577847,11968,193994,1434,1,1,128,1,1,16,0.000,0.000,,,,,NVIDIA A100-SXM4-40GB MIG 4g.20gb (0),1,,13,cupy_copy__complex64_complex64
3483593335,80799,193999,1,1,1,32,32,1,30,0.000,0.000,,,,,NVIDIA A100-SXM4-40GB MIG 4g.20gb (0),1,,13,"void convert_kernel<__half2, float2>(tensor_layout_any, T1 *, tensor_layout_any, const T2 *)"
3483700950,5568,194002,,,,,,,,,,0.094,16827.521,Pinned,Device,NVIDIA A100-SXM4-40GB MIG 4g.20gb (0),1,,13,[CUDA memcpy Host-to-Device]
3483710934,602424,194003,,,,,,,,,,456.561,757435.429,Device,,NVIDIA A100-SXM4-40GB MIG 4g.20gb (0),1,,13,[CUDA memset]
3484315886,70271,194008,,,,,,,,,,1.235,17573.253,Pinned,Device,NVIDIA A100-SXM4-40GB MIG 4g.20gb (0),1,,13,[CUDA memcpy Host-to-Device]
3484390413,15616,194009,,,,,,,,,,0.197,12589.990,Pinned,Device,NVIDIA A100-SXM4-40GB MIG 4g.20gb (0),1,,13,[CUDA memcpy Host-to-Device]
3484414637,8096,194010,69,4,1,48,1,1,76,0.002,0.000,,,,,NVIDIA A100-SXM4-40GB MIG 4g.20gb (0),1,,13,"void ch_est::windowedChEstPreNoDftSOfdmKernel<float, __half, float, (unsigned int)2, (unsigned int)1, (unsigned short)4>(ch_est::puschRxChEstStatDescr_t *, ch_est::puschRxChEstDynDescr_t *)"
3484426285,5824,194011,137,2,1,24,2,1,44,0.001,0.001,,,,,NVIDIA A100-SXM4-40GB MIG 4g.20gb (0),1,,13,"void ch_est::chEstFilterNoDftSOfdmDispatchKernel<float, __half, float, (unsigned int)2>(ch_est::puschRxChEstStatDescr_t *, ch_est::puschRxChEstDynDescr_t *)"
3484435725,5312,194012,137,2,1,24,2,1,44,0.001,0.001,,,,,NVIDIA A100-SXM4-40GB MIG 4g.20gb (0),1,,13,"void ch_est::chEstFilterNoDftSOfdmDispatchKernel<float, __half, float, (unsigned int)2>(ch_est::puschRxChEstStatDescr_t *, ch_est::puschRxChEstDynDescr_t *)"
3484446412,2816,194023,103,1,1,128,1,1,16,0.000,0.000,,,,,NVIDIA A100-SXM4-40GB MIG 4g.20gb (0),1,,13,cupy_copy__complex64_complex64
3484451244,12576,194033,1434,1,1,128,1,1,16,0.000,0.000,,,,,NVIDIA A100-SXM4-40GB MIG 4g.20gb (0),1,,13,cupy_copy__complex64_complex64
3484465324,2752,194040,103,1,1,128,1,1,16,0.000,0.000,,,,,NVIDIA A100-SXM4-40GB MIG 4g.20gb (0),1,,13,cupy_copy__complex64_complex64
3484472108,89311,194047,1,1,1,32,32,1,30,0.000,0.000,,,,,NVIDIA A100-SXM4-40GB MIG 4g.20gb (0),1,,13,"void convert_kernel<__half2, float2>(tensor_layout_any, T1 *, tensor_layout_any, const T2 *)"
3484590347,9632,194050,,,,,,,,,,0.094,9727.519,Pinned,Device,NVIDIA A100-SXM4-40GB MIG 4g.20gb (0),1,,13,[CUDA memcpy Host-to-Device]
3484605323,46559,194051,,,,,,,,,,35.810,769125.462,Device,,NVIDIA A100-SXM4-40GB MIG 4g.20gb (0),1,,13,[CUDA memset]
3484657610,4704,194053,,,,,,,,,,0.000,17.007,Pinned,Device,NVIDIA A100-SXM4-40GB MIG 4g.20gb (0),1,,13,[CUDA memcpy Host-to-Device]
3484667082,14016,194054,,,,,,,,,,0.197,14027.391,Pinned,Device,NVIDIA A100-SXM4-40GB MIG 4g.20gb (0),1,,13,[CUDA memcpy Host-to-Device]
3484688553,9600,194055,273,1,1,48,1,1,40,0.000,0.001,,,,,NVIDIA A100-SXM4-40GB MIG 4g.20gb (0),1,,13,"void pusch_noise_intf_est::noiseIntfEstNoDftSOfdmKernel<float, __half, float, float, (unsigned int)2, (unsigned int)1, (unsigned char)4, (unsigned char)4>(pusch_noise_intf_est::puschRxNoiseIntfEstDynDescr)"
3484699657,3040,194066,35,1,1,128,1,1,16,0.000,0.000,,,,,NVIDIA A100-SXM4-40GB MIG 4g.20gb (0),1,,13,cupy_copy__complex64_complex64
3484712233,1920,194075,1,1,1,1,1,1,18,0.000,0.000,,,,,NVIDIA A100-SXM4-40GB MIG 4g.20gb (0),1,,13,cupy_copy__float32_float32
3484742825,1792,194081,,,,,,,,,,0.000,2.232,Device,Pageable,NVIDIA A100-SXM4-40GB MIG 4g.20gb (0),1,,7,[CUDA memcpy Device-to-Host]
3484803432,13280,194092,1434,1,1,128,1,1,16,0.000,0.000,,,,,NVIDIA A100-SXM4-40GB MIG 4g.20gb (0),1,,13,cupy_copy__complex64_complex64
3484829512,2624,194099,103,1,1,128,1,1,16,0.000,0.000,,,,,NVIDIA A100-SXM4-40GB MIG 4g.20gb (0),1,,13,cupy_copy__complex64_complex64
3484851175,2176,194106,35,1,1,128,1,1,16,0.000,0.000,,,,,NVIDIA A100-SXM4-40GB MIG 4g.20gb (0),1,,13,cupy_copy__complex64_complex64
3484869447,2144,194113,1,1,1,1,1,1,18,0.000,0.000,,,,,NVIDIA A100-SXM4-40GB MIG 4g.20gb (0),1,,13,cupy_copy__float32_float32
3484998694,82623,194124,1,1,1,32,32,1,30,0.000,0.000,,,,,NVIDIA A100-SXM4-40GB MIG 4g.20gb (0),1,,13,"void convert_kernel<__half2, float2>(tensor_layout_any, T1 *, tensor_layout_any, const T2 *)"
3485108356,5376,194127,,,,,,,,,,0.094,17428.487,Pinned,Device,NVIDIA A100-SXM4-40GB MIG 4g.20gb (0),1,,13,[CUDA memcpy Host-to-Device]
3485124740,3232,194128,,,,,,,,,,1.547,478533.199,Device,,NVIDIA A100-SXM4-40GB MIG 4g.20gb (0),1,,13,[CUDA memset]
3485129700,3040,194133,,,,,,,,,,0.031,10294.725,Pinned,Device,NVIDIA A100-SXM4-40GB MIG 4g.20gb (0),1,,13,[CUDA memcpy Host-to-Device]
3485135140,9632,194134,,,,,,,,,,0.197,20411.843,Pinned,Device,NVIDIA A100-SXM4-40GB MIG 4g.20gb (0),1,,13,[CUDA memcpy Host-to-Device]
3485149476,5984,194135,273,1,1,8,4,1,39,0.002,0.000,,,,,NVIDIA A100-SXM4-40GB MIG 4g.20gb (0),1,,13,"void channel_eq::eqMmseCoefCompLowMimoKernel<float, float, float, (unsigned int)4, (unsigned int)1, (unsigned int)4>(const channel_eq::_puschRxChEqStatDescr *, channel_eq::_puschRxChEqCoefCompDynDescr)"
3485156388,5952,194136,273,1,1,12,11,1,51,0.002,0.000,,,,,NVIDIA A100-SXM4-40GB MIG 4g.20gb (0),1,,13,"void channel_eq::eqMmseSoftDemapKernel<float, __half, __half, float, (unsigned int)4, (unsigned short)16383>(channel_eq::_puschRxChEqStatDescr *, channel_eq::_puschRxChEqSoftDemapDynDescr)"
3485163268,282844,194137,1,1,1,32,32,1,30,0.000,0.000,,,,,NVIDIA A100-SXM4-40GB MIG 4g.20gb (0),1,,13,"void convert_kernel<float2, __half2>(tensor_layout_any, T1 *, tensor_layout_any, const T2 *)"
3485447264,11008,194149,2253,1,1,128,1,1,16,0.000,0.000,,,,,NVIDIA A100-SXM4-40GB MIG 4g.20gb (0),1,,13,cupy_copy__float16_float16
3485461504,3648,194158,282,1,1,128,1,1,16,0.000,0.000,,,,,NVIDIA A100-SXM4-40GB MIG 4g.20gb (0),1,,13,cupy_copy__complex64_complex64
3485466880,2144,194167,26,1,1,128,1,1,16,0.000,0.000,,,,,NVIDIA A100-SXM4-40GB MIG 4g.20gb (0),1,,13,cupy_copy__float32_float32
3485470048,3296,194176,103,1,1,128,1,1,16,0.000,0.000,,,,,NVIDIA A100-SXM4-40GB MIG 4g.20gb (0),1,,13,cupy_copy__complex64_complex64
3485475488,12000,194186,1434,1,1,128,1,1,16,0.000,0.000,,,,,NVIDIA A100-SXM4-40GB MIG 4g.20gb (0),1,,13,cupy_copy__complex64_complex64
3485497695,82111,194191,1,1,1,32,32,1,30,0.000,0.000,,,,,NVIDIA A100-SXM4-40GB MIG 4g.20gb (0),1,,13,"void convert_kernel<__half2, float2>(tensor_layout_any, T1 *, tensor_layout_any, const T2 *)"
3485606398,5408,194194,,,,,,,,,,0.094,17325.421,Pinned,Device,NVIDIA A100-SXM4-40GB MIG 4g.20gb (0),1,,13,[CUDA memcpy Host-to-Device]
3485615902,600409,194195,,,,,,,,,,456.561,760174.798,Device,,NVIDIA A100-SXM4-40GB MIG 4g.20gb (0),1,,13,[CUDA memset]
3486222199,69055,194200,,,,,,,,,,1.235,17883.224,Pinned,Device,NVIDIA A100-SXM4-40GB MIG 4g.20gb (0),1,,13,[CUDA memcpy Host-to-Device]
3486295126,15167,194201,,,,,,,,,,0.197,12962.759,Pinned,Device,NVIDIA A100-SXM4-40GB MIG 4g.20gb (0),1,,13,[CUDA memcpy Host-to-Device]
3486315733,8640,194202,69,4,1,48,1,1,76,0.002,0.000,,,,,NVIDIA A100-SXM4-40GB MIG 4g.20gb (0),1,,13,"void ch_est::windowedChEstPreNoDftSOfdmKernel<float, __half, float, (unsigned int)2, (unsigned int)1, (unsigned short)4>(ch_est::puschRxChEstStatDescr_t *, ch_est::puschRxChEstDynDescr_t *)"
3486326069,7648,194203,137,2,1,24,2,1,44,0.001,0.001,,,,,NVIDIA A100-SXM4-40GB MIG 4g.20gb (0),1,,13,"void ch_est::chEstFilterNoDftSOfdmDispatchKernel<float, __half, float, (unsigned int)2>(ch_est::puschRxChEstStatDescr_t *, ch_est::puschRxChEstDynDescr_t *)"
3486338325,5280,194204,137,2,1,24,2,1,44,0.001,0.001,,,,,NVIDIA A100-SXM4-40GB MIG 4g.20gb (0),1,,13,"void ch_est::chEstFilterNoDftSOfdmDispatchKernel<float, __half, float, (unsigned int)2>(ch_est::puschRxChEstStatDescr_t *, ch_est::puschRxChEstDynDescr_t *)"
3486349365,2560,194215,103,1,1,128,1,1,16,0.000,0.000,,,,,NVIDIA A100-SXM4-40GB MIG 4g.20gb (0),1,,13,cupy_copy__complex64_complex64
3486355253,12480,194225,1434,1,1,128,1,1,16,0.000,0.000,,,,,NVIDIA A100-SXM4-40GB MIG 4g.20gb (0),1,,13,cupy_copy__complex64_complex64
3486369429,2464,194232,103,1,1,128,1,1,16,0.000,0.000,,,,,NVIDIA A100-SXM4-40GB MIG 4g.20gb (0),1,,13,cupy_copy__complex64_complex64
3486376117,84223,194239,1,1,1,32,32,1,30,0.000,0.000,,,,,NVIDIA A100-SXM4-40GB MIG 4g.20gb (0),1,,13,"void convert_kernel<__half2, float2>(tensor_layout_any, T1 *, tensor_layout_any, const T2 *)"
3486490419,9152,194242,,,,,,,,,,0.094,10237.693,Pinned,Device,NVIDIA A100-SXM4-40GB MIG 4g.20gb (0),1,,13,[CUDA memcpy Host-to-Device]
3486509171,45951,194243,,,,,,,,,,35.810,779295.479,Device,,NVIDIA A100-SXM4-40GB MIG 4g.20gb (0),1,,13,[CUDA memset]
3486562354,3040,194245,,,,,,,,,,0.000,26.316,Pinned,Device,NVIDIA A100-SXM4-40GB MIG 4g.20gb (0),1,,13,[CUDA memcpy Host-to-Device]
3486569970,13920,194246,,,,,,,,,,0.197,14124.122,Pinned,Device,NVIDIA A100-SXM4-40GB MIG 4g.20gb (0),1,,13,[CUDA memcpy Host-to-Device]
3486590546,10816,194247,273,1,1,48,1,1,40,0.000,0.001,,,,,NVIDIA A100-SXM4-40GB MIG 4g.20gb (0),1,,13,"void pusch_noise_intf_est::noiseIntfEstNoDftSOfdmKernel<float, __half, float, float, (unsigned int)2, (unsigned int)1, (unsigned char)4, (unsigned char)4>(pusch_noise_intf_est::puschRxNoiseIntfEstDynDescr)"
3486605682,2944,194258,35,1,1,128,1,1,16,0.000,0.000,,,,,NVIDIA A100-SXM4-40GB MIG 4g.20gb (0),1,,13,cupy_copy__complex64_complex64
3486614962,1760,194267,1,1,1,1,1,1,18,0.000,0.000,,,,,NVIDIA A100-SXM4-40GB MIG 4g.20gb (0),1,,13,cupy_copy__float32_float32
3486645297,1888,194273,,,,,,,,,,0.000,2.119,Device,Pageable,NVIDIA A100-SXM4-40GB MIG 4g.20gb (0),1,,7,[CUDA memcpy Device-to-Host]
3486706801,13087,194284,1434,1,1,128,1,1,16,0.000,0.000,,,,,NVIDIA A100-SXM4-40GB MIG 4g.20gb (0),1,,13,cupy_copy__complex64_complex64
3486732336,3520,194291,103,1,1,128,1,1,16,0.000,0.000,,,,,NVIDIA A100-SXM4-40GB MIG 4g.20gb (0),1,,13,cupy_copy__complex64_complex64
3486752656,2464,194298,35,1,1,128,1,1,16,0.000,0.000,,,,,NVIDIA A100-SXM4-40GB MIG 4g.20gb (0),1,,13,cupy_copy__complex64_complex64
3486772240,1920,194305,1,1,1,1,1,1,18,0.000,0.000,,,,,NVIDIA A100-SXM4-40GB MIG 4g.20gb (0),1,,13,cupy_copy__float32_float32
3486910638,81439,194316,1,1,1,32,32,1,30,0.000,0.000,,,,,NVIDIA A100-SXM4-40GB MIG 4g.20gb (0),1,,13,"void convert_kernel<__half2, float2>(tensor_layout_any, T1 *, tensor_layout_any, const T2 *)"
3487019853,5536,194319,,,,,,,,,,0.094,16924.777,Pinned,Device,NVIDIA A100-SXM4-40GB MIG 4g.20gb (0),1,,13,[CUDA memcpy Host-to-Device]
3487034604,3296,194320,,,,,,,,,,1.547,469242.628,Device,,NVIDIA A100-SXM4-40GB MIG 4g.20gb (0),1,,13,[CUDA memset]
3487041388,3200,194325,,,,,,,,,,0.031,9780.000,Pinned,Device,NVIDIA A100-SXM4-40GB MIG 4g.20gb (0),1,,13,[CUDA memcpy Host-to-Device]
3487047020,9440,194326,,,,,,,,,,0.197,20827.079,Pinned,Device,NVIDIA A100-SXM4-40GB MIG 4g.20gb (0),1,,13,[CUDA memcpy Host-to-Device]
3487060172,8192,194327,273,1,1,8,4,1,39,0.002,0.000,,,,,NVIDIA A100-SXM4-40GB MIG 4g.20gb (0),1,,13,"void channel_eq::eqMmseCoefCompLowMimoKernel<float, float, float, (unsigned int)4, (unsigned int)1, (unsigned int)4>(const channel_eq::_puschRxChEqStatDescr *, channel_eq::_puschRxChEqCoefCompDynDescr)"
3487071404,6080,194328,273,1,1,12,11,1,51,0.002,0.000,,,,,NVIDIA A100-SXM4-40GB MIG 4g.20gb (0),1,,13,"void channel_eq::eqMmseSoftDemapKernel<float, __half, __half, float, (unsigned int)4, (unsigned short)16383>(channel_eq::_puschRxChEqStatDescr *, channel_eq::_puschRxChEqSoftDemapDynDescr)"
3487079884,294204,194329,1,1,1,32,32,1,30,0.000,0.000,,,,,NVIDIA A100-SXM4-40GB MIG 4g.20gb (0),1,,13,"void convert_kernel<float2, __half2>(tensor_layout_any, T1 *, tensor_layout_any, const T2 *)"
3487375208,11040,194341,2253,1,1,128,1,1,16,0.000,0.000,,,,,NVIDIA A100-SXM4-40GB MIG 4g.20gb (0),1,,13,cupy_copy__float16_float16
3487390536,3264,194350,282,1,1,128,1,1,16,0.000,0.000,,,,,NVIDIA A100-SXM4-40GB MIG 4g.20gb (0),1,,13,cupy_copy__complex64_complex64
3487395880,2112,194359,26,1,1,128,1,1,16,0.000,0.000,,,,,NVIDIA A100-SXM4-40GB MIG 4g.20gb (0),1,,13,cupy_copy__float32_float32
3487399976,3328,194368,103,1,1,128,1,1,16,0.000,0.000,,,,,NVIDIA A100-SXM4-40GB MIG 4g.20gb (0),1,,13,cupy_copy__complex64_complex64
3487453703,12032,194384,1434,1,1,128,1,1,16,0.000,0.000,,,,,NVIDIA A100-SXM4-40GB MIG 4g.20gb (0),1,,13,cupy_copy__complex64_complex64
3487567078,82207,194389,1,1,1,32,32,1,30,0.000,0.000,,,,,NVIDIA A100-SXM4-40GB MIG 4g.20gb (0),1,,13,"void convert_kernel<__half2, float2>(tensor_layout_any, T1 *, tensor_layout_any, const T2 *)"
3487676933,5503,194392,,,,,,,,,,0.094,17026.343,Pinned,Device,NVIDIA A100-SXM4-40GB MIG 4g.20gb (0),1,,13,[CUDA memcpy Host-to-Device]
3487686756,606521,194393,,,,,,,,,,456.561,752413.253,Device,,NVIDIA A100-SXM4-40GB MIG 4g.20gb (0),1,,13,[CUDA memset]
3488297821,67231,194398,,,,,,,,,,1.235,18368.557,Pinned,Device,NVIDIA A100-SXM4-40GB MIG 4g.20gb (0),1,,13,[CUDA memcpy Host-to-Device]
3488368956,15808,194399,,,,,,,,,,0.197,12437.225,Pinned,Device,NVIDIA A100-SXM4-40GB MIG 4g.20gb (0),1,,13,[CUDA memcpy Host-to-Device]
3488393724,8480,194400,69,4,1,48,1,1,76,0.002,0.000,,,,,NVIDIA A100-SXM4-40GB MIG 4g.20gb (0),1,,13,"void ch_est::windowedChEstPreNoDftSOfdmKernel<float, __half, float, (unsigned int)2, (unsigned int)1, (unsigned short)4>(ch_est::puschRxChEstStatDescr_t *, ch_est::puschRxChEstDynDescr_t *)"
3488404860,6527,194401,137,2,1,24,2,1,44,0.001,0.001,,,,,NVIDIA A100-SXM4-40GB MIG 4g.20gb (0),1,,13,"void ch_est::chEstFilterNoDftSOfdmDispatchKernel<float, __half, float, (unsigned int)2>(ch_est::puschRxChEstStatDescr_t *, ch_est::puschRxChEstDynDescr_t *)"
3488414587,5184,194402,137,2,1,24,2,1,44,0.001,0.001,,,,,NVIDIA A100-SXM4-40GB MIG 4g.20gb (0),1,,13,"void ch_est::chEstFilterNoDftSOfdmDispatchKernel<float, __half, float, (unsigned int)2>(ch_est::puschRxChEstStatDescr_t *, ch_est::puschRxChEstDynDescr_t *)"
3488425819,2656,194413,103,1,1,128,1,1,16,0.000,0.000,,,,,NVIDIA A100-SXM4-40GB MIG 4g.20gb (0),1,,13,cupy_copy__complex64_complex64
3488431419,12448,194423,1434,1,1,128,1,1,16,0.000,0.000,,,,,NVIDIA A100-SXM4-40GB MIG 4g.20gb (0),1,,13,cupy_copy__complex64_complex64
3488447643,2656,194430,103,1,1,128,1,1,16,0.000,0.000,,,,,NVIDIA A100-SXM4-40GB MIG 4g.20gb (0),1,,13,cupy_copy__complex64_complex64
3488454299,89503,194437,1,1,1,32,32,1,30,0.000,0.000,,,,,NVIDIA A100-SXM4-40GB MIG 4g.20gb (0),1,,13,"void convert_kernel<__half2, float2>(tensor_layout_any, T1 *, tensor_layout_any, const T2 *)"
3488572313,7424,194440,,,,,,,,,,0.094,12620.664,Pinned,Device,NVIDIA A100-SXM4-40GB MIG 4g.20gb (0),1,,13,[CUDA memcpy Host-to-Device]
3488585401,47648,194441,,,,,,,,,,35.810,751542.791,Device,,NVIDIA A100-SXM4-40GB MIG 4g.20gb (0),1,,13,[CUDA memset]
3488637433,3072,194443,,,,,,,,,,0.000,26.042,Pinned,Device,NVIDIA A100-SXM4-40GB MIG 4g.20gb (0),1,,13,[CUDA memcpy Host-to-Device]
3488643929,10079,194444,,,,,,,,,,0.197,19506.659,Pinned,Device,NVIDIA A100-SXM4-40GB MIG 4g.20gb (0),1,,13,[CUDA memcpy Host-to-Device]
3488660888,11776,194445,273,1,1,48,1,1,40,0.000,0.001,,,,,NVIDIA A100-SXM4-40GB MIG 4g.20gb (0),1,,13,"void pusch_noise_intf_est::noiseIntfEstNoDftSOfdmKernel<float, __half, float, float, (unsigned int)2, (unsigned int)1, (unsigned char)4, (unsigned char)4>(pusch_noise_intf_est::puschRxNoiseIntfEstDynDescr)"
3488674584,3072,194456,35,1,1,128,1,1,16,0.000,0.000,,,,,NVIDIA A100-SXM4-40GB MIG 4g.20gb (0),1,,13,cupy_copy__complex64_complex64
3488690456,2048,194465,1,1,1,1,1,1,18,0.000,0.000,,,,,NVIDIA A100-SXM4-40GB MIG 4g.20gb (0),1,,13,cupy_copy__float32_float32
3488724088,1600,194471,,,,,,,,,,0.000,2.500,Device,Pageable,NVIDIA A100-SXM4-40GB MIG 4g.20gb (0),1,,7,[CUDA memcpy Device-to-Host]
3488783543,12672,194482,1434,1,1,128,1,1,16,0.000,0.000,,,,,NVIDIA A100-SXM4-40GB MIG 4g.20gb (0),1,,13,cupy_copy__complex64_complex64
3488809495,2880,194489,103,1,1,128,1,1,16,0.000,0.000,,,,,NVIDIA A100-SXM4-40GB MIG 4g.20gb (0),1,,13,cupy_copy__complex64_complex64
3488830550,2240,194496,35,1,1,128,1,1,16,0.000,0.000,,,,,NVIDIA A100-SXM4-40GB MIG 4g.20gb (0),1,,13,cupy_copy__complex64_complex64
3488847766,1728,194503,1,1,1,1,1,1,18,0.000,0.000,,,,,NVIDIA A100-SXM4-40GB MIG 4g.20gb (0),1,,13,cupy_copy__float32_float32
3488979156,82271,194514,1,1,1,32,32,1,30,0.000,0.000,,,,,NVIDIA A100-SXM4-40GB MIG 4g.20gb (0),1,,13,"void convert_kernel<__half2, float2>(tensor_layout_any, T1 *, tensor_layout_any, const T2 *)"
3489089139,5376,194517,,,,,,,,,,0.094,17428.487,Pinned,Device,NVIDIA A100-SXM4-40GB MIG 4g.20gb (0),1,,13,[CUDA memcpy Host-to-Device]
3489105363,3168,194518,,,,,,,,,,1.547,488201.145,Device,,NVIDIA A100-SXM4-40GB MIG 4g.20gb (0),1,,13,[CUDA memset]
3489111283,3040,194523,,,,,,,,,,0.031,10294.725,Pinned,Device,NVIDIA A100-SXM4-40GB MIG 4g.20gb (0),1,,13,[CUDA memcpy Host-to-Device]
3489116787,9408,194524,,,,,,,,,,0.197,20897.858,Pinned,Device,NVIDIA A100-SXM4-40GB MIG 4g.20gb (0),1,,13,[CUDA memcpy Host-to-Device]
3489129683,6208,194525,273,1,1,8,4,1,39,0.002,0.000,,,,,NVIDIA A100-SXM4-40GB MIG 4g.20gb (0),1,,13,"void channel_eq::eqMmseCoefCompLowMimoKernel<float, float, float, (unsigned int)4, (unsigned int)1, (unsigned int)4>(const channel_eq::_puschRxChEqStatDescr *, channel_eq::_puschRxChEqCoefCompDynDescr)"
3489136882,5984,194526,273,1,1,12,11,1,51,0.002,0.000,,,,,NVIDIA A100-SXM4-40GB MIG 4g.20gb (0),1,,13,"void channel_eq::eqMmseSoftDemapKernel<float, __half, __half, float, (unsigned int)4, (unsigned short)16383>(channel_eq::_puschRxChEqStatDescr *, channel_eq::_puschRxChEqSoftDemapDynDescr)"
3489143762,282173,194527,1,1,1,32,32,1,30,0.000,0.000,,,,,NVIDIA A100-SXM4-40GB MIG 4g.20gb (0),1,,13,"void convert_kernel<float2, __half2>(tensor_layout_any, T1 *, tensor_layout_any, const T2 *)"
3489427727,10912,194539,2253,1,1,128,1,1,16,0.000,0.000,,,,,NVIDIA A100-SXM4-40GB MIG 4g.20gb (0),1,,13,cupy_copy__float16_float16
3489442607,3072,194548,282,1,1,128,1,1,16,0.000,0.000,,,,,NVIDIA A100-SXM4-40GB MIG 4g.20gb (0),1,,13,cupy_copy__complex64_complex64
3489449775,2304,194557,26,1,1,128,1,1,16,0.000,0.000,,,,,NVIDIA A100-SXM4-40GB MIG 4g.20gb (0),1,,13,cupy_copy__float32_float32
3489455023,2912,194566,103,1,1,128,1,1,16,0.000,0.000,,,,,NVIDIA A100-SXM4-40GB MIG 4g.20gb (0),1,,13,cupy_copy__complex64_complex64
3489459343,12287,194576,1434,1,1,128,1,1,16,0.000,0.000,,,,,NVIDIA A100-SXM4-40GB MIG 4g.20gb (0),1,,13,cupy_copy__complex64_complex64
3489479630,82175,194581,1,1,1,32,32,1,30,0.000,0.000,,,,,NVIDIA A100-SXM4-40GB MIG 4g.20gb (0),1,,13,"void convert_kernel<__half2, float2>(tensor_layout_any, T1 *, tensor_layout_any, const T2 *)"
3489588621,5408,194584,,,,,,,,,,0.094,17325.421,Pinned,Device,NVIDIA A100-SXM4-40GB MIG 4g.20gb (0),1,,13,[CUDA memcpy Host-to-Device]
3489598861,602040,194585,,,,,,,,,,456.561,758348.552,Device,,NVIDIA A100-SXM4-40GB MIG 4g.20gb (0),1,,13,[CUDA memset]
3490201221,70335,194590,,,,,,,,,,1.235,17557.199,Pinned,Device,NVIDIA A100-SXM4-40GB MIG 4g.20gb (0),1,,13,[CUDA memcpy Host-to-Device]
3490275268,14816,194591,,,,,,,,,,0.197,13269.860,Pinned,Device,NVIDIA A100-SXM4-40GB MIG 4g.20gb (0),1,,13,[CUDA memcpy Host-to-Device]
3490295748,8480,194592,69,4,1,48,1,1,76,0.002,0.000,,,,,NVIDIA A100-SXM4-40GB MIG 4g.20gb (0),1,,13,"void ch_est::windowedChEstPreNoDftSOfdmKernel<float, __half, float, (unsigned int)2, (unsigned int)1, (unsigned short)4>(ch_est::puschRxChEstStatDescr_t *, ch_est::puschRxChEstDynDescr_t *)"
3490309892,7136,194593,137,2,1,24,2,1,44,0.001,0.001,,,,,NVIDIA A100-SXM4-40GB MIG 4g.20gb (0),1,,13,"void ch_est::chEstFilterNoDftSOfdmDispatchKernel<float, __half, float, (unsigned int)2>(ch_est::puschRxChEstStatDescr_t *, ch_est::puschRxChEstDynDescr_t *)"
3490322756,5216,194594,137,2,1,24,2,1,44,0.001,0.001,,,,,NVIDIA A100-SXM4-40GB MIG 4g.20gb (0),1,,13,"void ch_est::chEstFilterNoDftSOfdmDispatchKernel<float, __half, float, (unsigned int)2>(ch_est::puschRxChEstStatDescr_t *, ch_est::puschRxChEstDynDescr_t *)"
3490333444,2592,194605,103,1,1,128,1,1,16,0.000,0.000,,,,,NVIDIA A100-SXM4-40GB MIG 4g.20gb (0),1,,13,cupy_copy__complex64_complex64
3490339876,12383,194615,1434,1,1,128,1,1,16,0.000,0.000,,,,,NVIDIA A100-SXM4-40GB MIG 4g.20gb (0),1,,13,cupy_copy__complex64_complex64
3490356387,2688,194622,103,1,1,128,1,1,16,0.000,0.000,,,,,NVIDIA A100-SXM4-40GB MIG 4g.20gb (0),1,,13,cupy_copy__complex64_complex64
3490362499,85311,194629,1,1,1,32,32,1,30,0.000,0.000,,,,,NVIDIA A100-SXM4-40GB MIG 4g.20gb (0),1,,13,"void convert_kernel<__half2, float2>(tensor_layout_any, T1 *, tensor_layout_any, const T2 *)"
3490476962,8256,194632,,,,,,,,,,0.094,11348.834,Pinned,Device,NVIDIA A100-SXM4-40GB MIG 4g.20gb (0),1,,13,[CUDA memcpy Host-to-Device]
3490494210,46591,194633,,,,,,,,,,35.810,768588.313,Device,,NVIDIA A100-SXM4-40GB MIG 4g.20gb (0),1,,13,[CUDA memset]
3490543105,2816,194635,,,,,,,,,,0.000,28.409,Pinned,Device,NVIDIA A100-SXM4-40GB MIG 4g.20gb (0),1,,13,[CUDA memcpy Host-to-Device]
3490549793,11488,194636,,,,,,,,,,0.197,17114.137,Pinned,Device,NVIDIA A100-SXM4-40GB MIG 4g.20gb (0),1,,13,[CUDA memcpy Host-to-Device]
3490566721,13056,194637,273,1,1,48,1,1,40,0.000,0.001,,,,,NVIDIA A100-SXM4-40GB MIG 4g.20gb (0),1,,13,"void pusch_noise_intf_est::noiseIntfEstNoDftSOfdmKernel<float, __half, float, float, (unsigned int)2, (unsigned int)1, (unsigned char)4, (unsigned char)4>(pusch_noise_intf_est::puschRxNoiseIntfEstDynDescr)"
3490581601,2816,194648,35,1,1,128,1,1,16,0.000,0.000,,,,,NVIDIA A100-SXM4-40GB MIG 4g.20gb (0),1,,13,cupy_copy__complex64_complex64
3490596960,2048,194657,1,1,1,1,1,1,18,0.000,0.000,,,,,NVIDIA A100-SXM4-40GB MIG 4g.20gb (0),1,,13,cupy_copy__float32_float32
3490629248,1792,194663,,,,,,,,,,0.000,2.232,Device,Pageable,NVIDIA A100-SXM4-40GB MIG 4g.20gb (0),1,,7,[CUDA memcpy Device-to-Host]
3490690303,12864,194674,1434,1,1,128,1,1,16,0.000,0.000,,,,,NVIDIA A100-SXM4-40GB MIG 4g.20gb (0),1,,13,cupy_copy__complex64_complex64
3490715391,3488,194681,103,1,1,128,1,1,16,0.000,0.000,,,,,NVIDIA A100-SXM4-40GB MIG 4g.20gb (0),1,,13,cupy_copy__complex64_complex64
3490736319,2496,194688,35,1,1,128,1,1,16,0.000,0.000,,,,,NVIDIA A100-SXM4-40GB MIG 4g.20gb (0),1,,13,cupy_copy__complex64_complex64
3490753503,1823,194695,1,1,1,1,1,1,18,0.000,0.000,,,,,NVIDIA A100-SXM4-40GB MIG 4g.20gb (0),1,,13,cupy_copy__float32_float32
3490912477,81535,194706,1,1,1,32,32,1,30,0.000,0.000,,,,,NVIDIA A100-SXM4-40GB MIG 4g.20gb (0),1,,13,"void convert_kernel<__half2, float2>(tensor_layout_any, T1 *, tensor_layout_any, const T2 *)"
3491021243,5504,194709,,,,,,,,,,0.094,17023.251,Pinned,Device,NVIDIA A100-SXM4-40GB MIG 4g.20gb (0),1,,13,[CUDA memcpy Host-to-Device]
3491036123,3360,194710,,,,,,,,,,1.547,460304.688,Device,,NVIDIA A100-SXM4-40GB MIG 4g.20gb (0),1,,13,[CUDA memset]
3491042907,3040,194715,,,,,,,,,,0.031,10294.725,Pinned,Device,NVIDIA A100-SXM4-40GB MIG 4g.20gb (0),1,,13,[CUDA memcpy Host-to-Device]
3491048571,9376,194716,,,,,,,,,,0.197,20969.226,Pinned,Device,NVIDIA A100-SXM4-40GB MIG 4g.20gb (0),1,,13,[CUDA memcpy Host-to-Device]
3491061851,8288,194717,273,1,1,8,4,1,39,0.002,0.000,,,,,NVIDIA A100-SXM4-40GB MIG 4g.20gb (0),1,,13,"void channel_eq::eqMmseCoefCompLowMimoKernel<float, float, float, (unsigned int)4, (unsigned int)1, (unsigned int)4>(const channel_eq::_puschRxChEqStatDescr *, channel_eq::_puschRxChEqCoefCompDynDescr)"
3491072827,6239,194718,273,1,1,12,11,1,51,0.002,0.000,,,,,NVIDIA A100-SXM4-40GB MIG 4g.20gb (0),1,,13,"void channel_eq::eqMmseSoftDemapKernel<float, __half, __half, float, (unsigned int)4, (unsigned short)16383>(channel_eq::_puschRxChEqStatDescr *, channel_eq::_puschRxChEqSoftDemapDynDescr)"
3491080762,294909,194719,1,1,1,32,32,1,30,0.000,0.000,,,,,NVIDIA A100-SXM4-40GB MIG 4g.20gb (0),1,,13,"void convert_kernel<float2, __half2>(tensor_layout_any, T1 *, tensor_layout_any, const T2 *)"
3491376631,11008,194731,2253,1,1,128,1,1,16,0.000,0.000,,,,,NVIDIA A100-SXM4-40GB MIG 4g.20gb (0),1,,13,cupy_copy__float16_float16
3491391703,2848,194740,282,1,1,128,1,1,16,0.000,0.000,,,,,NVIDIA A100-SXM4-40GB MIG 4g.20gb (0),1,,13,cupy_copy__complex64_complex64
3491397111,2432,194749,26,1,1,128,1,1,16,0.000,0.000,,,,,NVIDIA A100-SXM4-40GB MIG 4g.20gb (0),1,,13,cupy_copy__float32_float32
3491400567,2911,194758,103,1,1,128,1,1,16,0.000,0.000,,,,,NVIDIA A100-SXM4-40GB MIG 4g.20gb (0),1,,13,cupy_copy__complex64_complex64
3491404502,11680,194768,1434,1,1,128,1,1,16,0.000,0.000,,,,,NVIDIA A100-SXM4-40GB MIG 4g.20gb (0),1,,13,cupy_copy__complex64_complex64
3491418102,88831,194773,1,1,1,32,32,1,30,0.000,0.000,,,,,NVIDIA A100-SXM4-40GB MIG 4g.20gb (0),1,,13,"void convert_kernel<__half2, float2>(tensor_layout_any, T1 *, tensor_layout_any, const T2 *)"
3491534197,5440,194776,,,,,,,,,,0.094,17223.480,Pinned,Device,NVIDIA A100-SXM4-40GB MIG 4g.20gb (0),1,,13,[CUDA memcpy Host-to-Device]
3491544245,602360,194777,,,,,,,,,,456.561,757891.990,Device,,NVIDIA A100-SXM4-40GB MIG 4g.20gb (0),1,,13,[CUDA memset]
3492151085,71071,194782,,,,,,,,,,1.235,17375.662,Pinned,Device,NVIDIA A100-SXM4-40GB MIG 4g.20gb (0),1,,13,[CUDA memcpy Host-to-Device]
3492226124,14048,194783,,,,,,,,,,0.197,13995.344,Pinned,Device,NVIDIA A100-SXM4-40GB MIG 4g.20gb (0),1,,13,[CUDA memcpy Host-to-Device]
3492250956,8416,194784,69,4,1,48,1,1,76,0.002,0.000,,,,,NVIDIA A100-SXM4-40GB MIG 4g.20gb (0),1,,13,"void ch_est::windowedChEstPreNoDftSOfdmKernel<float, __half, float, (unsigned int)2, (unsigned int)1, (unsigned short)4>(ch_est::puschRxChEstStatDescr_t *, ch_est::puschRxChEstDynDescr_t *)"
3492262508,6464,194785,137,2,1,24,2,1,44,0.001,0.001,,,,,NVIDIA A100-SXM4-40GB MIG 4g.20gb (0),1,,13,"void ch_est::chEstFilterNoDftSOfdmDispatchKernel<float, __half, float, (unsigned int)2>(ch_est::puschRxChEstStatDescr_t *, ch_est::puschRxChEstDynDescr_t *)"
3492271084,5088,194786,137,2,1,24,2,1,44,0.001,0.001,,,,,NVIDIA A100-SXM4-40GB MIG 4g.20gb (0),1,,13,"void ch_est::chEstFilterNoDftSOfdmDispatchKernel<float, __half, float, (unsigned int)2>(ch_est::puschRxChEstStatDescr_t *, ch_est::puschRxChEstDynDescr_t *)"
3492282444,2560,194797,103,1,1,128,1,1,16,0.000,0.000,,,,,NVIDIA A100-SXM4-40GB MIG 4g.20gb (0),1,,13,cupy_copy__complex64_complex64
3492288940,12543,194807,1434,1,1,128,1,1,16,0.000,0.000,,,,,NVIDIA A100-SXM4-40GB MIG 4g.20gb (0),1,,13,cupy_copy__complex64_complex64
3492303755,3104,194814,103,1,1,128,1,1,16,0.000,0.000,,,,,NVIDIA A100-SXM4-40GB MIG 4g.20gb (0),1,,13,cupy_copy__complex64_complex64
3492311211,82719,194821,1,1,1,32,32,1,30,0.000,0.000,,,,,NVIDIA A100-SXM4-40GB MIG 4g.20gb (0),1,,13,"void convert_kernel<__half2, float2>(tensor_layout_any, T1 *, tensor_layout_any, const T2 *)"
3492422826,8640,194824,,,,,,,,,,0.094,10844.375,Pinned,Device,NVIDIA A100-SXM4-40GB MIG 4g.20gb (0),1,,13,[CUDA memcpy Host-to-Device]
3492439530,46879,194825,,,,,,,,,,35.810,763861.404,Device,,NVIDIA A100-SXM4-40GB MIG 4g.20gb (0),1,,13,[CUDA memset]
3492487049,3072,194827,,,,,,,,,,0.000,26.042,Pinned,Device,NVIDIA A100-SXM4-40GB MIG 4g.20gb (0),1,,13,[CUDA memcpy Host-to-Device]
3492494153,12384,194828,,,,,,,,,,0.197,15875.899,Pinned,Device,NVIDIA A100-SXM4-40GB MIG 4g.20gb (0),1,,13,[CUDA memcpy Host-to-Device]
3492515433,9248,194829,273,1,1,48,1,1,40,0.000,0.001,,,,,NVIDIA A100-SXM4-40GB MIG 4g.20gb (0),1,,13,"void pusch_noise_intf_est::noiseIntfEstNoDftSOfdmKernel<float, __half, float, float, (unsigned int)2, (unsigned int)1, (unsigned char)4, (unsigned char)4>(pusch_noise_intf_est::puschRxNoiseIntfEstDynDescr)"
3492527753,3104,194840,35,1,1,128,1,1,16,0.000,0.000,,,,,NVIDIA A100-SXM4-40GB MIG 4g.20gb (0),1,,13,cupy_copy__complex64_complex64
3492541000,1952,194849,1,1,1,1,1,1,18,0.000,0.000,,,,,NVIDIA A100-SXM4-40GB MIG 4g.20gb (0),1,,13,cupy_copy__float32_float32
3492572712,1568,194855,,,,,,,,,,0.000,2.551,Device,Pageable,NVIDIA A100-SXM4-40GB MIG 4g.20gb (0),1,,7,[CUDA memcpy Device-to-Host]
3492632423,13056,194866,1434,1,1,128,1,1,16,0.000,0.000,,,,,NVIDIA A100-SXM4-40GB MIG 4g.20gb (0),1,,13,cupy_copy__complex64_complex64
3492661607,3488,194873,103,1,1,128,1,1,16,0.000,0.000,,,,,NVIDIA A100-SXM4-40GB MIG 4g.20gb (0),1,,13,cupy_copy__complex64_complex64
3492680679,2400,194880,35,1,1,128,1,1,16,0.000,0.000,,,,,NVIDIA A100-SXM4-40GB MIG 4g.20gb (0),1,,13,cupy_copy__complex64_complex64
3492699206,1728,194887,1,1,1,1,1,1,18,0.000,0.000,,,,,NVIDIA A100-SXM4-40GB MIG 4g.20gb (0),1,,13,cupy_copy__float32_float32
3492831205,87263,194898,1,1,1,32,32,1,30,0.000,0.000,,,,,NVIDIA A100-SXM4-40GB MIG 4g.20gb (0),1,,13,"void convert_kernel<__half2, float2>(tensor_layout_any, T1 *, tensor_layout_any, const T2 *)"
3492946051,5376,194901,,,,,,,,,,0.094,17428.487,Pinned,Device,NVIDIA A100-SXM4-40GB MIG 4g.20gb (0),1,,13,[CUDA memcpy Host-to-Device]
3492960579,3648,194902,,,,,,,,,,1.547,423963.664,Device,,NVIDIA A100-SXM4-40GB MIG 4g.20gb (0),1,,13,[CUDA memset]
3492969251,3136,194907,,,,,,,,,,0.031,9979.575,Pinned,Device,NVIDIA A100-SXM4-40GB MIG 4g.20gb (0),1,,13,[CUDA memcpy Host-to-Device]
3492974819,9696,194908,,,,,,,,,,0.197,20277.166,Pinned,Device,NVIDIA A100-SXM4-40GB MIG 4g.20gb (0),1,,13,[CUDA memcpy Host-to-Device]
3492988739,5920,194909,273,1,1,8,4,1,39,0.002,0.000,,,,,NVIDIA A100-SXM4-40GB MIG 4g.20gb (0),1,,13,"void channel_eq::eqMmseCoefCompLowMimoKernel<float, float, float, (unsigned int)4, (unsigned int)1, (unsigned int)4>(const channel_eq::_puschRxChEqStatDescr *, channel_eq::_puschRxChEqCoefCompDynDescr)"
3492997315,5952,194910,273,1,1,12,11,1,51,0.002,0.000,,,,,NVIDIA A100-SXM4-40GB MIG 4g.20gb (0),1,,13,"void channel_eq::eqMmseSoftDemapKernel<float, __half, __half, float, (unsigned int)4, (unsigned short)16383>(channel_eq::_puschRxChEqStatDescr *, channel_eq::_puschRxChEqSoftDemapDynDescr)"
3493004867,281852,194911,1,1,1,32,32,1,30,0.000,0.000,,,,,NVIDIA A100-SXM4-40GB MIG 4g.20gb (0),1,,13,"void convert_kernel<float2, __half2>(tensor_layout_any, T1 *, tensor_layout_any, const T2 *)"
3493287711,10976,194923,2253,1,1,128,1,1,16,0.000,0.000,,,,,NVIDIA A100-SXM4-40GB MIG 4g.20gb (0),1,,13,cupy_copy__float16_float16
3493302367,2720,194932,282,1,1,128,1,1,16,0.000,0.000,,,,,NVIDIA A100-SXM4-40GB MIG 4g.20gb (0),1,,13,cupy_copy__complex64_complex64
3493307167,2176,194941,26,1,1,128,1,1,16,0.000,0.000,,,,,NVIDIA A100-SXM4-40GB MIG 4g.20gb (0),1,,13,cupy_copy__float32_float32
3493310815,3264,194950,103,1,1,128,1,1,16,0.000,0.000,,,,,NVIDIA A100-SXM4-40GB MIG 4g.20gb (0),1,,13,cupy_copy__complex64_complex64
3493315423,12256,194960,1434,1,1,128,1,1,16,0.000,0.000,,,,,NVIDIA A100-SXM4-40GB MIG 4g.20gb (0),1,,13,cupy_copy__complex64_complex64
3493335807,81695,194965,1,1,1,32,32,1,30,0.000,0.000,,,,,NVIDIA A100-SXM4-40GB MIG 4g.20gb (0),1,,13,"void convert_kernel<__half2, float2>(tensor_layout_any, T1 *, tensor_layout_any, const T2 *)"
3493444349,5376,194968,,,,,,,,,,0.094,17428.487,Pinned,Device,NVIDIA A100-SXM4-40GB MIG 4g.20gb (0),1,,13,[CUDA memcpy Host-to-Device]
3493455453,601529,194969,,,,,,,,,,456.561,758805.113,Device,,NVIDIA A100-SXM4-40GB MIG 4g.20gb (0),1,,13,[CUDA memset]
3494059478,68159,194974,,,,,,,,,,1.235,18117.863,Pinned,Device,NVIDIA A100-SXM4-40GB MIG 4g.20gb (0),1,,13,[CUDA memcpy Host-to-Device]
3494132405,14176,194975,,,,,,,,,,0.197,13868.925,Pinned,Device,NVIDIA A100-SXM4-40GB MIG 4g.20gb (0),1,,13,[CUDA memcpy Host-to-Device]
3494151956,8096,194976,69,4,1,48,1,1,76,0.002,0.000,,,,,NVIDIA A100-SXM4-40GB MIG 4g.20gb (0),1,,13,"void ch_est::windowedChEstPreNoDftSOfdmKernel<float, __half, float, (unsigned int)2, (unsigned int)1, (unsigned short)4>(ch_est::puschRxChEstStatDescr_t *, ch_est::puschRxChEstDynDescr_t *)"
3494163604,6944,194977,137,2,1,24,2,1,44,0.001,0.001,,,,,NVIDIA A100-SXM4-40GB MIG 4g.20gb (0),1,,13,"void ch_est::chEstFilterNoDftSOfdmDispatchKernel<float, __half, float, (unsigned int)2>(ch_est::puschRxChEstStatDescr_t *, ch_est::puschRxChEstDynDescr_t *)"
3494176852,5280,194978,137,2,1,24,2,1,44,0.001,0.001,,,,,NVIDIA A100-SXM4-40GB MIG 4g.20gb (0),1,,13,"void ch_est::chEstFilterNoDftSOfdmDispatchKernel<float, __half, float, (unsigned int)2>(ch_est::puschRxChEstStatDescr_t *, ch_est::puschRxChEstDynDescr_t *)"
3494188340,2528,194989,103,1,1,128,1,1,16,0.000,0.000,,,,,NVIDIA A100-SXM4-40GB MIG 4g.20gb (0),1,,13,cupy_copy__complex64_complex64
3494194420,12544,194999,1434,1,1,128,1,1,16,0.000,0.000,,,,,NVIDIA A100-SXM4-40GB MIG 4g.20gb (0),1,,13,cupy_copy__complex64_complex64
3494208468,2464,195006,103,1,1,128,1,1,16,0.000,0.000,,,,,NVIDIA A100-SXM4-40GB MIG 4g.20gb (0),1,,13,cupy_copy__complex64_complex64
3494215636,83263,195013,1,1,1,32,32,1,30,0.000,0.000,,,,,NVIDIA A100-SXM4-40GB MIG 4g.20gb (0),1,,13,"void convert_kernel<__half2, float2>(tensor_layout_any, T1 *, tensor_layout_any, const T2 *)"
3494328754,9376,195016,,,,,,,,,,0.094,9993.147,Pinned,Device,NVIDIA A100-SXM4-40GB MIG 4g.20gb (0),1,,13,[CUDA memcpy Host-to-Device]
3494344882,47328,195017,,,,,,,,,,35.810,756627.800,Device,,NVIDIA A100-SXM4-40GB MIG 4g.20gb (0),1,,13,[CUDA memset]
3494400785,4704,195019,,,,,,,,,,0.000,17.007,Pinned,Device,NVIDIA A100-SXM4-40GB MIG 4g.20gb (0),1,,13,[CUDA memcpy Host-to-Device]
3494408433,13824,195020,,,,,,,,,,0.197,14222.033,Pinned,Device,NVIDIA A100-SXM4-40GB MIG 4g.20gb (0),1,,13,[CUDA memcpy Host-to-Device]
3494431025,10528,195021,273,1,1,48,1,1,40,0.000,0.001,,,,,NVIDIA A100-SXM4-40GB MIG 4g.20gb (0),1,,13,"void pusch_noise_intf_est::noiseIntfEstNoDftSOfdmKernel<float, __half, float, float, (unsigned int)2, (unsigned int)1, (unsigned char)4, (unsigned char)4>(pusch_noise_intf_est::puschRxNoiseIntfEstDynDescr)"
3494444721,3072,195032,35,1,1,128,1,1,16,0.000,0.000,,,,,NVIDIA A100-SXM4-40GB MIG 4g.20gb (0),1,,13,cupy_copy__complex64_complex64
3494449969,1888,195041,1,1,1,1,1,1,18,0.000,0.000,,,,,NVIDIA A100-SXM4-40GB MIG 4g.20gb (0),1,,13,cupy_copy__float32_float32
3494478672,1568,195047,,,,,,,,,,0.000,2.551,Device,Pageable,NVIDIA A100-SXM4-40GB MIG 4g.20gb (0),1,,7,[CUDA memcpy Device-to-Host]
3494538512,12864,195058,1434,1,1,128,1,1,16,0.000,0.000,,,,,NVIDIA A100-SXM4-40GB MIG 4g.20gb (0),1,,13,cupy_copy__complex64_complex64
3494567183,3424,195065,103,1,1,128,1,1,16,0.000,0.000,,,,,NVIDIA A100-SXM4-40GB MIG 4g.20gb (0),1,,13,cupy_copy__complex64_complex64
3494585967,2656,195072,35,1,1,128,1,1,16,0.000,0.000,,,,,NVIDIA A100-SXM4-40GB MIG 4g.20gb (0),1,,13,cupy_copy__complex64_complex64
3494603631,1792,195079,1,1,1,1,1,1,18,0.000,0.000,,,,,NVIDIA A100-SXM4-40GB MIG 4g.20gb (0),1,,13,cupy_copy__float32_float32
3494735661,87167,195090,1,1,1,32,32,1,30,0.000,0.000,,,,,NVIDIA A100-SXM4-40GB MIG 4g.20gb (0),1,,13,"void convert_kernel<__half2, float2>(tensor_layout_any, T1 *, tensor_layout_any, const T2 *)"
3494857260,5632,195093,,,,,,,,,,0.094,16636.287,Pinned,Device,NVIDIA A100-SXM4-40GB MIG 4g.20gb (0),1,,13,[CUDA memcpy Host-to-Device]
3494875660,3232,195094,,,,,,,,,,1.547,478533.199,Device,,NVIDIA A100-SXM4-40GB MIG 4g.20gb (0),1,,13,[CUDA memset]
3494881739,3072,195099,,,,,,,,,,0.031,10187.474,Pinned,Device,NVIDIA A100-SXM4-40GB MIG 4g.20gb (0),1,,13,[CUDA memcpy Host-to-Device]
3494887243,9504,195100,,,,,,,,,,0.197,20686.701,Pinned,Device,NVIDIA A100-SXM4-40GB MIG 4g.20gb (0),1,,13,[CUDA memcpy Host-to-Device]
3494900395,6016,195101,273,1,1,8,4,1,39,0.002,0.000,,,,,NVIDIA A100-SXM4-40GB MIG 4g.20gb (0),1,,13,"void channel_eq::eqMmseCoefCompLowMimoKernel<float, float, float, (unsigned int)4, (unsigned int)1, (unsigned int)4>(const channel_eq::_puschRxChEqStatDescr *, channel_eq::_puschRxChEqCoefCompDynDescr)"
3494907627,6464,195102,273,1,1,12,11,1,51,0.002,0.000,,,,,NVIDIA A100-SXM4-40GB MIG 4g.20gb (0),1,,13,"void channel_eq::eqMmseSoftDemapKernel<float, __half, __half, float, (unsigned int)4, (unsigned short)16383>(channel_eq::_puschRxChEqStatDescr *, channel_eq::_puschRxChEqSoftDemapDynDescr)"
3494916491,294972,195103,1,1,1,32,32,1,30,0.000,0.000,,,,,NVIDIA A100-SXM4-40GB MIG 4g.20gb (0),1,,13,"void convert_kernel<float2, __half2>(tensor_layout_any, T1 *, tensor_layout_any, const T2 *)"
3495212615,10912,195115,2253,1,1,128,1,1,16,0.000,0.000,,,,,NVIDIA A100-SXM4-40GB MIG 4g.20gb (0),1,,13,cupy_copy__float16_float16
3495224903,3968,195124,282,1,1,128,1,1,16,0.000,0.000,,,,,NVIDIA A100-SXM4-40GB MIG 4g.20gb (0),1,,13,cupy_copy__complex64_complex64
3495232199,2240,195133,26,1,1,128,1,1,16,0.000,0.000,,,,,NVIDIA A100-SXM4-40GB MIG 4g.20gb (0),1,,13,cupy_copy__float32_float32
3495235399,2784,195142,103,1,1,128,1,1,16,0.000,0.000,,,,,NVIDIA A100-SXM4-40GB MIG 4g.20gb (0),1,,13,cupy_copy__complex64_complex64
3495241319,12640,195152,1434,1,1,128,1,1,16,0.000,0.000,,,,,NVIDIA A100-SXM4-40GB MIG 4g.20gb (0),1,,13,cupy_copy__complex64_complex64
3495259463,87551,195157,1,1,1,32,32,1,30,0.000,0.000,,,,,NVIDIA A100-SXM4-40GB MIG 4g.20gb (0),1,,13,"void convert_kernel<__half2, float2>(tensor_layout_any, T1 *, tensor_layout_any, const T2 *)"
3495373861,5472,195160,,,,,,,,,,0.094,17122.757,Pinned,Device,NVIDIA A100-SXM4-40GB MIG 4g.20gb (0),1,,13,[CUDA memcpy Host-to-Device]
3495383461,602905,195161,,,,,,,,,,456.561,756978.868,Device,,NVIDIA A100-SXM4-40GB MIG 4g.20gb (0),1,,13,[CUDA memset]
3495992062,69183,195166,,,,,,,,,,1.235,17849.881,Pinned,Device,NVIDIA A100-SXM4-40GB MIG 4g.20gb (0),1,,13,[CUDA memcpy Host-to-Device]
3496064029,15488,195167,,,,,,,,,,0.197,12694.192,Pinned,Device,NVIDIA A100-SXM4-40GB MIG 4g.20gb (0),1,,13,[CUDA memcpy Host-to-Device]
3496088477,8607,195168,69,4,1,48,1,1,76,0.002,0.000,,,,,NVIDIA A100-SXM4-40GB MIG 4g.20gb (0),1,,13,"void ch_est::windowedChEstPreNoDftSOfdmKernel<float, __half, float, (unsigned int)2, (unsigned int)1, (unsigned short)4>(ch_est::puschRxChEstStatDescr_t *, ch_est::puschRxChEstDynDescr_t *)"
3496100540,6656,195169,137,2,1,24,2,1,44,0.001,0.001,,,,,NVIDIA A100-SXM4-40GB MIG 4g.20gb (0),1,,13,"void ch_est::chEstFilterNoDftSOfdmDispatchKernel<float, __half, float, (unsigned int)2>(ch_est::puschRxChEstStatDescr_t *, ch_est::puschRxChEstDynDescr_t *)"
3496110236,5088,195170,137,2,1,24,2,1,44,0.001,0.001,,,,,NVIDIA A100-SXM4-40GB MIG 4g.20gb (0),1,,13,"void ch_est::chEstFilterNoDftSOfdmDispatchKernel<float, __half, float, (unsigned int)2>(ch_est::puschRxChEstStatDescr_t *, ch_est::puschRxChEstDynDescr_t *)"
3496121276,2752,195181,103,1,1,128,1,1,16,0.000,0.000,,,,,NVIDIA A100-SXM4-40GB MIG 4g.20gb (0),1,,13,cupy_copy__complex64_complex64
3496126940,12480,195191,1434,1,1,128,1,1,16,0.000,0.000,,,,,NVIDIA A100-SXM4-40GB MIG 4g.20gb (0),1,,13,cupy_copy__complex64_complex64
3496140700,2752,195198,103,1,1,128,1,1,16,0.000,0.000,,,,,NVIDIA A100-SXM4-40GB MIG 4g.20gb (0),1,,13,cupy_copy__complex64_complex64
3496146748,83839,195205,1,1,1,32,32,1,30,0.000,0.000,,,,,NVIDIA A100-SXM4-40GB MIG 4g.20gb (0),1,,13,"void convert_kernel<__half2, float2>(tensor_layout_any, T1 *, tensor_layout_any, const T2 *)"
3496259770,9664,195208,,,,,,,,,,0.094,9695.287,Pinned,Device,NVIDIA A100-SXM4-40GB MIG 4g.20gb (0),1,,13,[CUDA memcpy Host-to-Device]
3496278778,46944,195209,,,,,,,,,,35.810,762787.106,Device,,NVIDIA A100-SXM4-40GB MIG 4g.20gb (0),1,,13,[CUDA memset]
3496334074,2687,195211,,,,,,,,,,0.000,29.773,Pinned,Device,NVIDIA A100-SXM4-40GB MIG 4g.20gb (0),1,,13,[CUDA memcpy Host-to-Device]
3496341017,13568,195212,,,,,,,,,,0.197,14490.403,Pinned,Device,NVIDIA A100-SXM4-40GB MIG 4g.20gb (0),1,,13,[CUDA memcpy Host-to-Device]
3496362585,13088,195213,273,1,1,48,1,1,40,0.000,0.001,,,,,NVIDIA A100-SXM4-40GB MIG 4g.20gb (0),1,,13,"void pusch_noise_intf_est::noiseIntfEstNoDftSOfdmKernel<float, __half, float, float, (unsigned int)2, (unsigned int)1, (unsigned char)4, (unsigned char)4>(pusch_noise_intf_est::puschRxNoiseIntfEstDynDescr)"
3496381081,2976,195224,35,1,1,128,1,1,16,0.000,0.000,,,,,NVIDIA A100-SXM4-40GB MIG 4g.20gb (0),1,,13,cupy_copy__complex64_complex64
3496386777,1984,195233,1,1,1,1,1,1,18,0.000,0.000,,,,,NVIDIA A100-SXM4-40GB MIG 4g.20gb (0),1,,13,cupy_copy__float32_float32
3496411161,1600,195239,,,,,,,,,,0.000,2.500,Device,Pageable,NVIDIA A100-SXM4-40GB MIG 4g.20gb (0),1,,7,[CUDA memcpy Device-to-Host]
3496472952,13312,195250,1434,1,1,128,1,1,16,0.000,0.000,,,,,NVIDIA A100-SXM4-40GB MIG 4g.20gb (0),1,,13,cupy_copy__complex64_complex64
3496499415,2784,195257,103,1,1,128,1,1,16,0.000,0.000,,,,,NVIDIA A100-SXM4-40GB MIG 4g.20gb (0),1,,13,cupy_copy__complex64_complex64
3496519895,2176,195264,35,1,1,128,1,1,16,0.000,0.000,,,,,NVIDIA A100-SXM4-40GB MIG 4g.20gb (0),1,,13,cupy_copy__complex64_complex64
3496538135,1824,195271,1,1,1,1,1,1,18,0.000,0.000,,,,,NVIDIA A100-SXM4-40GB MIG 4g.20gb (0),1,,13,cupy_copy__float32_float32
3496669781,83327,195282,1,1,1,32,32,1,30,0.000,0.000,,,,,NVIDIA A100-SXM4-40GB MIG 4g.20gb (0),1,,13,"void convert_kernel<__half2, float2>(tensor_layout_any, T1 *, tensor_layout_any, const T2 *)"
3496780692,5472,195285,,,,,,,,,,0.094,17122.757,Pinned,Device,NVIDIA A100-SXM4-40GB MIG 4g.20gb (0),1,,13,[CUDA memcpy Host-to-Device]
3496794804,3392,195286,,,,,,,,,,1.547,455961.768,Device,,NVIDIA A100-SXM4-40GB MIG 4g.20gb (0),1,,13,[CUDA memset]
3496801716,3232,195291,,,,,,,,,,0.031,9683.139,Pinned,Device,NVIDIA A100-SXM4-40GB MIG 4g.20gb (0),1,,13,[CUDA memcpy Host-to-Device]
3496807380,9440,195292,,,,,,,,,,0.197,20827.079,Pinned,Device,NVIDIA A100-SXM4-40GB MIG 4g.20gb (0),1,,13,[CUDA memcpy Host-to-Device]
3496821299,6624,195293,273,1,1,8,4,1,39,0.002,0.000,,,,,NVIDIA A100-SXM4-40GB MIG 4g.20gb (0),1,,13,"void channel_eq::eqMmseCoefCompLowMimoKernel<float, float, float, (unsigned int)4, (unsigned int)1, (unsigned int)4>(const channel_eq::_puschRxChEqStatDescr *, channel_eq::_puschRxChEqCoefCompDynDescr)"
3496828883,6272,195294,273,1,1,12,11,1,51,0.002,0.000,,,,,NVIDIA A100-SXM4-40GB MIG 4g.20gb (0),1,,13,"void channel_eq::eqMmseSoftDemapKernel<float, __half, __half, float, (unsigned int)4, (unsigned short)16383>(channel_eq::_puschRxChEqStatDescr *, channel_eq::_puschRxChEqSoftDemapDynDescr)"
3496836147,282813,195295,1,1,1,32,32,1,30,0.000,0.000,,,,,NVIDIA A100-SXM4-40GB MIG 4g.20gb (0),1,,13,"void convert_kernel<float2, __half2>(tensor_layout_any, T1 *, tensor_layout_any, const T2 *)"
3497121424,10944,195307,2253,1,1,128,1,1,16,0.000,0.000,,,,,NVIDIA A100-SXM4-40GB MIG 4g.20gb (0),1,,13,cupy_copy__float16_float16
3497135344,2848,195316,282,1,1,128,1,1,16,0.000,0.000,,,,,NVIDIA A100-SXM4-40GB MIG 4g.20gb (0),1,,13,cupy_copy__complex64_complex64
3497139152,2048,195325,26,1,1,128,1,1,16,0.000,0.000,,,,,NVIDIA A100-SXM4-40GB MIG 4g.20gb (0),1,,13,cupy_copy__float32_float32
3497142704,3295,195334,103,1,1,128,1,1,16,0.000,0.000,,,,,NVIDIA A100-SXM4-40GB MIG 4g.20gb (0),1,,13,cupy_copy__complex64_complex64
3497147119,11904,195344,1434,1,1,128,1,1,16,0.000,0.000,,,,,NVIDIA A100-SXM4-40GB MIG 4g.20gb (0),1,,13,cupy_copy__complex64_complex64
3497167887,81855,195349,1,1,1,32,32,1,30,0.000,0.000,,,,,NVIDIA A100-SXM4-40GB MIG 4g.20gb (0),1,,13,"void convert_kernel<__half2, float2>(tensor_layout_any, T1 *, tensor_layout_any, const T2 *)"
3497276462,5376,195352,,,,,,,,,,0.094,17428.487,Pinned,Device,NVIDIA A100-SXM4-40GB MIG 4g.20gb (0),1,,13,[CUDA memcpy Host-to-Device]
3497286734,608728,195353,,,,,,,,,,456.561,749673.884,Device,,NVIDIA A100-SXM4-40GB MIG 4g.20gb (0),1,,13,[CUDA memset]
3497900422,68255,195358,,,,,,,,,,1.235,18091.930,Pinned,Device,NVIDIA A100-SXM4-40GB MIG 4g.20gb (0),1,,13,[CUDA memcpy Host-to-Device]
3497972965,14464,195359,,,,,,,,,,0.197,13592.887,Pinned,Device,NVIDIA A100-SXM4-40GB MIG 4g.20gb (0),1,,13,[CUDA memcpy Host-to-Device]
3497997541,8480,195360,69,4,1,48,1,1,76,0.002,0.000,,,,,NVIDIA A100-SXM4-40GB MIG 4g.20gb (0),1,,13,"void ch_est::windowedChEstPreNoDftSOfdmKernel<float, __half, float, (unsigned int)2, (unsigned int)1, (unsigned short)4>(ch_est::puschRxChEstStatDescr_t *, ch_est::puschRxChEstDynDescr_t *)"
3498008645,6528,195361,137,2,1,24,2,1,44,0.001,0.001,,,,,NVIDIA A100-SXM4-40GB MIG 4g.20gb (0),1,,13,"void ch_est::chEstFilterNoDftSOfdmDispatchKernel<float, __half, float, (unsigned int)2>(ch_est::puschRxChEstStatDescr_t *, ch_est::puschRxChEstDynDescr_t *)"
3498019685,5440,195362,137,2,1,24,2,1,44,0.001,0.001,,,,,NVIDIA A100-SXM4-40GB MIG 4g.20gb (0),1,,13,"void ch_est::chEstFilterNoDftSOfdmDispatchKernel<float, __half, float, (unsigned int)2>(ch_est::puschRxChEstStatDescr_t *, ch_est::puschRxChEstDynDescr_t *)"
3498029861,2592,195373,103,1,1,128,1,1,16,0.000,0.000,,,,,NVIDIA A100-SXM4-40GB MIG 4g.20gb (0),1,,13,cupy_copy__complex64_complex64
3498036420,12352,195383,1434,1,1,128,1,1,16,0.000,0.000,,,,,NVIDIA A100-SXM4-40GB MIG 4g.20gb (0),1,,13,cupy_copy__complex64_complex64
3498050276,2560,195390,103,1,1,128,1,1,16,0.000,0.000,,,,,NVIDIA A100-SXM4-40GB MIG 4g.20gb (0),1,,13,cupy_copy__complex64_complex64
3498056292,82879,195397,1,1,1,32,32,1,30,0.000,0.000,,,,,NVIDIA A100-SXM4-40GB MIG 4g.20gb (0),1,,13,"void convert_kernel<__half2, float2>(tensor_layout_any, T1 *, tensor_layout_any, const T2 *)"
3498168419,9600,195400,,,,,,,,,,0.094,9759.938,Pinned,Device,NVIDIA A100-SXM4-40GB MIG 4g.20gb (0),1,,13,[CUDA memcpy Host-to-Device]
3498188131,48767,195401,,,,,,,,,,35.810,734282.410,Device,,NVIDIA A100-SXM4-40GB MIG 4g.20gb (0),1,,13,[CUDA memset]
3498242146,3552,195403,,,,,,,,,,0.000,22.522,Pinned,Device,NVIDIA A100-SXM4-40GB MIG 4g.20gb (0),1,,13,[CUDA memcpy Host-to-Device]
3498249282,12768,195404,,,,,,,,,,0.197,15398.339,Pinned,Device,NVIDIA A100-SXM4-40GB MIG 4g.20gb (0),1,,13,[CUDA memcpy Host-to-Device]
3498269794,10143,195405,273,1,1,48,1,1,40,0.000,0.001,,,,,NVIDIA A100-SXM4-40GB MIG 4g.20gb (0),1,,13,"void pusch_noise_intf_est::noiseIntfEstNoDftSOfdmKernel<float, __half, float, float, (unsigned int)2, (unsigned int)1, (unsigned char)4, (unsigned char)4>(pusch_noise_intf_est::puschRxNoiseIntfEstDynDescr)"
3498285025,2816,195416,35,1,1,128,1,1,16,0.000,0.000,,,,,NVIDIA A100-SXM4-40GB MIG 4g.20gb (0),1,,13,cupy_copy__complex64_complex64
3498290497,2016,195425,1,1,1,1,1,1,18,0.000,0.000,,,,,NVIDIA A100-SXM4-40GB MIG 4g.20gb (0),1,,13,cupy_copy__float32_float32
3498319425,2240,195431,,,,,,,,,,0.000,1.786,Device,Pageable,NVIDIA A100-SXM4-40GB MIG 4g.20gb (0),1,,7,[CUDA memcpy Device-to-Host]
3498381376,12832,195442,1434,1,1,128,1,1,16,0.000,0.000,,,,,NVIDIA A100-SXM4-40GB MIG 4g.20gb (0),1,,13,cupy_copy__complex64_complex64
3498409376,2976,195449,103,1,1,128,1,1,16,0.000,0.000,,,,,NVIDIA A100-SXM4-40GB MIG 4g.20gb (0),1,,13,cupy_copy__complex64_complex64
3498430144,2176,195456,35,1,1,128,1,1,16,0.000,0.000,,,,,NVIDIA A100-SXM4-40GB MIG 4g.20gb (0),1,,13,cupy_copy__complex64_complex64
3498448159,2048,195463,1,1,1,1,1,1,18,0.000,0.000,,,,,NVIDIA A100-SXM4-40GB MIG 4g.20gb (0),1,,13,cupy_copy__float32_float32
3498582846,81663,195474,1,1,1,32,32,1,30,0.000,0.000,,,,,NVIDIA A100-SXM4-40GB MIG 4g.20gb (0),1,,13,"void convert_kernel<__half2, float2>(tensor_layout_any, T1 *, tensor_layout_any, const T2 *)"
3498691868,5408,195477,,,,,,,,,,0.094,17325.421,Pinned,Device,NVIDIA A100-SXM4-40GB MIG 4g.20gb (0),1,,13,[CUDA memcpy Host-to-Device]
3498706428,3584,195478,,,,,,,,,,1.547,431534.389,Device,,NVIDIA A100-SXM4-40GB MIG 4g.20gb (0),1,,13,[CUDA memset]
3498713148,3008,195483,,,,,,,,,,0.031,10404.230,Pinned,Device,NVIDIA A100-SXM4-40GB MIG 4g.20gb (0),1,,13,[CUDA memcpy Host-to-Device]
3498718588,9696,195484,,,,,,,,,,0.197,20277.166,Pinned,Device,NVIDIA A100-SXM4-40GB MIG 4g.20gb (0),1,,13,[CUDA memcpy Host-to-Device]
3498733116,6752,195485,273,1,1,8,4,1,39,0.002,0.000,,,,,NVIDIA A100-SXM4-40GB MIG 4g.20gb (0),1,,13,"void channel_eq::eqMmseCoefCompLowMimoKernel<float, float, float, (unsigned int)4, (unsigned int)1, (unsigned int)4>(const channel_eq::_puschRxChEqStatDescr *, channel_eq::_puschRxChEqCoefCompDynDescr)"
3498742684,5824,195486,273,1,1,12,11,1,51,0.002,0.000,,,,,NVIDIA A100-SXM4-40GB MIG 4g.20gb (0),1,,13,"void channel_eq::eqMmseSoftDemapKernel<float, __half, __half, float, (unsigned int)4, (unsigned short)16383>(channel_eq::_puschRxChEqStatDescr *, channel_eq::_puschRxChEqSoftDemapDynDescr)"
3498749628,281916,195487,1,1,1,32,32,1,30,0.000,0.000,,,,,NVIDIA A100-SXM4-40GB MIG 4g.20gb (0),1,,13,"void convert_kernel<float2, __half2>(tensor_layout_any, T1 *, tensor_layout_any, const T2 *)"
3499033560,10976,195499,2253,1,1,128,1,1,16,0.000,0.000,,,,,NVIDIA A100-SXM4-40GB MIG 4g.20gb (0),1,,13,cupy_copy__float16_float16
3499047320,3840,195508,282,1,1,128,1,1,16,0.000,0.000,,,,,NVIDIA A100-SXM4-40GB MIG 4g.20gb (0),1,,13,cupy_copy__complex64_complex64
3499052152,2304,195517,26,1,1,128,1,1,16,0.000,0.000,,,,,NVIDIA A100-SXM4-40GB MIG 4g.20gb (0),1,,13,cupy_copy__float32_float32
3499057432,4544,195526,103,1,1,128,1,1,16,0.000,0.000,,,,,NVIDIA A100-SXM4-40GB MIG 4g.20gb (0),1,,13,cupy_copy__complex64_complex64
3499064600,12064,195536,1434,1,1,128,1,1,16,0.000,0.000,,,,,NVIDIA A100-SXM4-40GB MIG 4g.20gb (0),1,,13,cupy_copy__complex64_complex64
3499096343,81919,195541,1,1,1,32,32,1,30,0.000,0.000,,,,,NVIDIA A100-SXM4-40GB MIG 4g.20gb (0),1,,13,"void convert_kernel<__half2, float2>(tensor_layout_any, T1 *, tensor_layout_any, const T2 *)"
3499205270,5504,195544,,,,,,,,,,0.094,17023.251,Pinned,Device,NVIDIA A100-SXM4-40GB MIG 4g.20gb (0),1,,13,[CUDA memcpy Host-to-Device]
3499215094,604504,195545,,,,,,,,,,456.561,755152.622,Device,,NVIDIA A100-SXM4-40GB MIG 4g.20gb (0),1,,13,[CUDA memset]
3499822766,71168,195550,,,,,,,,,,1.235,17352.198,Pinned,Device,NVIDIA A100-SXM4-40GB MIG 4g.20gb (0),1,,13,[CUDA memcpy Host-to-Device]
3499897197,15072,195551,,,,,,,,,,0.197,13044.548,Pinned,Device,NVIDIA A100-SXM4-40GB MIG 4g.20gb (0),1,,13,[CUDA memcpy Host-to-Device]
3499917965,8192,195552,69,4,1,48,1,1,76,0.002,0.000,,,,,NVIDIA A100-SXM4-40GB MIG 4g.20gb (0),1,,13,"void ch_est::windowedChEstPreNoDftSOfdmKernel<float, __half, float, (unsigned int)2, (unsigned int)1, (unsigned short)4>(ch_est::puschRxChEstStatDescr_t *, ch_est::puschRxChEstDynDescr_t *)"
3499929805,6432,195553,137,2,1,24,2,1,44,0.001,0.001,,,,,NVIDIA A100-SXM4-40GB MIG 4g.20gb (0),1,,13,"void ch_est::chEstFilterNoDftSOfdmDispatchKernel<float, __half, float, (unsigned int)2>(ch_est::puschRxChEstStatDescr_t *, ch_est::puschRxChEstDynDescr_t *)"
3499940493,5184,195554,137,2,1,24,2,1,44,0.001,0.001,,,,,NVIDIA A100-SXM4-40GB MIG 4g.20gb (0),1,,13,"void ch_est::chEstFilterNoDftSOfdmDispatchKernel<float, __half, float, (unsigned int)2>(ch_est::puschRxChEstStatDescr_t *, ch_est::puschRxChEstDynDescr_t *)"
3499951341,2592,195565,103,1,1,128,1,1,16,0.000,0.000,,,,,NVIDIA A100-SXM4-40GB MIG 4g.20gb (0),1,,13,cupy_copy__complex64_complex64
3499957293,12352,195575,1434,1,1,128,1,1,16,0.000,0.000,,,,,NVIDIA A100-SXM4-40GB MIG 4g.20gb (0),1,,13,cupy_copy__complex64_complex64
3499971501,2784,195582,103,1,1,128,1,1,16,0.000,0.000,,,,,NVIDIA A100-SXM4-40GB MIG 4g.20gb (0),1,,13,cupy_copy__complex64_complex64
3499977132,84959,195589,1,1,1,32,32,1,30,0.000,0.000,,,,,NVIDIA A100-SXM4-40GB MIG 4g.20gb (0),1,,13,"void convert_kernel<__half2, float2>(tensor_layout_any, T1 *, tensor_layout_any, const T2 *)"
3500090315,7392,195592,,,,,,,,,,0.094,12675.289,Pinned,Device,NVIDIA A100-SXM4-40GB MIG 4g.20gb (0),1,,13,[CUDA memcpy Host-to-Device]
3500105803,47615,195593,,,,,,,,,,35.810,752044.130,Device,,NVIDIA A100-SXM4-40GB MIG 4g.20gb (0),1,,13,[CUDA memset]
3500156362,3968,195595,,,,,,,,,,0.000,20.161,Pinned,Device,NVIDIA A100-SXM4-40GB MIG 4g.20gb (0),1,,13,[CUDA memcpy Host-to-Device]
3500163658,13408,195596,,,,,,,,,,0.197,14663.418,Pinned,Device,NVIDIA A100-SXM4-40GB MIG 4g.20gb (0),1,,13,[CUDA memcpy Host-to-Device]
3500187850,11552,195597,273,1,1,48,1,1,40,0.000,0.001,,,,,NVIDIA A100-SXM4-40GB MIG 4g.20gb (0),1,,13,"void pusch_noise_intf_est::noiseIntfEstNoDftSOfdmKernel<float, __half, float, float, (unsigned int)2, (unsigned int)1, (unsigned char)4, (unsigned char)4>(pusch_noise_intf_est::puschRxNoiseIntfEstDynDescr)"
3500205546,2880,195608,35,1,1,128,1,1,16,0.000,0.000,,,,,NVIDIA A100-SXM4-40GB MIG 4g.20gb (0),1,,13,cupy_copy__complex64_complex64
3500211050,1888,195617,1,1,1,1,1,1,18,0.000,0.000,,,,,NVIDIA A100-SXM4-40GB MIG 4g.20gb (0),1,,13,cupy_copy__float32_float32
3500241673,2048,195623,,,,,,,,,,0.000,1.953,Device,Pageable,NVIDIA A100-SXM4-40GB MIG 4g.20gb (0),1,,7,[CUDA memcpy Device-to-Host]
3500303176,13216,195634,1434,1,1,128,1,1,16,0.000,0.000,,,,,NVIDIA A100-SXM4-40GB MIG 4g.20gb (0),1,,13,cupy_copy__complex64_complex64
3500330280,2976,195641,103,1,1,128,1,1,16,0.000,0.000,,,,,NVIDIA A100-SXM4-40GB MIG 4g.20gb (0),1,,13,cupy_copy__complex64_complex64
3500350184,2560,195648,35,1,1,128,1,1,16,0.000,0.000,,,,,NVIDIA A100-SXM4-40GB MIG 4g.20gb (0),1,,13,cupy_copy__complex64_complex64
3500372488,1952,195655,1,1,1,1,1,1,18,0.000,0.000,,,,,NVIDIA A100-SXM4-40GB MIG 4g.20gb (0),1,,13,cupy_copy__float32_float32
3500504550,88255,195666,1,1,1,32,32,1,30,0.000,0.000,,,,,NVIDIA A100-SXM4-40GB MIG 4g.20gb (0),1,,13,"void convert_kernel<__half2, float2>(tensor_layout_any, T1 *, tensor_layout_any, const T2 *)"
3500620453,5471,195669,,,,,,,,,,0.094,17125.849,Pinned,Device,NVIDIA A100-SXM4-40GB MIG 4g.20gb (0),1,,13,[CUDA memcpy Host-to-Device]
3500634820,3424,195670,,,,,,,,,,1.547,451700.819,Device,,NVIDIA A100-SXM4-40GB MIG 4g.20gb (0),1,,13,[CUDA memset]
3500641828,3264,195675,,,,,,,,,,0.031,9588.218,Pinned,Device,NVIDIA A100-SXM4-40GB MIG 4g.20gb (0),1,,13,[CUDA memcpy Host-to-Device]
3500647172,9600,195676,,,,,,,,,,0.197,20479.869,Pinned,Device,NVIDIA A100-SXM4-40GB MIG 4g.20gb (0),1,,13,[CUDA memcpy Host-to-Device]
3500661124,6720,195677,273,1,1,8,4,1,39,0.002,0.000,,,,,NVIDIA A100-SXM4-40GB MIG 4g.20gb (0),1,,13,"void channel_eq::eqMmseCoefCompLowMimoKernel<float, float, float, (unsigned int)4, (unsigned int)1, (unsigned int)4>(const channel_eq::_puschRxChEqStatDescr *, channel_eq::_puschRxChEqCoefCompDynDescr)"
3500668900,5920,195678,273,1,1,12,11,1,51,0.002,0.000,,,,,NVIDIA A100-SXM4-40GB MIG 4g.20gb (0),1,,13,"void channel_eq::eqMmseSoftDemapKernel<float, __half, __half, float, (unsigned int)4, (unsigned short)16383>(channel_eq::_puschRxChEqStatDescr *, channel_eq::_puschRxChEqSoftDemapDynDescr)"
3500675780,282876,195679,1,1,1,32,32,1,30,0.000,0.000,,,,,NVIDIA A100-SXM4-40GB MIG 4g.20gb (0),1,,13,"void convert_kernel<float2, __half2>(tensor_layout_any, T1 *, tensor_layout_any, const T2 *)"
3500960736,11040,195691,2253,1,1,128,1,1,16,0.000,0.000,,,,,NVIDIA A100-SXM4-40GB MIG 4g.20gb (0),1,,13,cupy_copy__float16_float16
3500974080,3712,195700,282,1,1,128,1,1,16,0.000,0.000,,,,,NVIDIA A100-SXM4-40GB MIG 4g.20gb (0),1,,13,cupy_copy__complex64_complex64
3500980192,2528,195709,26,1,1,128,1,1,16,0.000,0.000,,,,,NVIDIA A100-SXM4-40GB MIG 4g.20gb (0),1,,13,cupy_copy__float32_float32
3500983712,3200,195718,103,1,1,128,1,1,16,0.000,0.000,,,,,NVIDIA A100-SXM4-40GB MIG 4g.20gb (0),1,,13,cupy_copy__complex64_complex64
3500988064,12000,195728,1434,1,1,128,1,1,16,0.000,0.000,,,,,NVIDIA A100-SXM4-40GB MIG 4g.20gb (0),1,,13,cupy_copy__complex64_complex64
3501007488,81695,195733,1,1,1,32,32,1,30,0.000,0.000,,,,,NVIDIA A100-SXM4-40GB MIG 4g.20gb (0),1,,13,"void convert_kernel<__half2, float2>(tensor_layout_any, T1 *, tensor_layout_any, const T2 *)"
3501115742,5408,195736,,,,,,,,,,0.094,17325.421,Pinned,Device,NVIDIA A100-SXM4-40GB MIG 4g.20gb (0),1,,13,[CUDA memcpy Host-to-Device]
3501125950,603577,195737,,,,,,,,,,456.561,756065.745,Device,,NVIDIA A100-SXM4-40GB MIG 4g.20gb (0),1,,13,[CUDA memset]
3501730551,71199,195742,,,,,,,,,,1.235,17344.788,Pinned,Device,NVIDIA A100-SXM4-40GB MIG 4g.20gb (0),1,,13,[CUDA memcpy Host-to-Device]
3501805334,14144,195743,,,,,,,,,,0.197,13900.382,Pinned,Device,NVIDIA A100-SXM4-40GB MIG 4g.20gb (0),1,,13,[CUDA memcpy Host-to-Device]
3501828054,8319,195744,69,4,1,48,1,1,76,0.002,0.000,,,,,NVIDIA A100-SXM4-40GB MIG 4g.20gb (0),1,,13,"void ch_est::windowedChEstPreNoDftSOfdmKernel<float, __half, float, (unsigned int)2, (unsigned int)1, (unsigned short)4>(ch_est::puschRxChEstStatDescr_t *, ch_est::puschRxChEstDynDescr_t *)"
3501843509,6464,195745,137,2,1,24,2,1,44,0.001,0.001,,,,,NVIDIA A100-SXM4-40GB MIG 4g.20gb (0),1,,13,"void ch_est::chEstFilterNoDftSOfdmDispatchKernel<float, __half, float, (unsigned int)2>(ch_est::puschRxChEstStatDescr_t *, ch_est::puschRxChEstDynDescr_t *)"
3501854517,5280,195746,137,2,1,24,2,1,44,0.001,0.001,,,,,NVIDIA A100-SXM4-40GB MIG 4g.20gb (0),1,,13,"void ch_est::chEstFilterNoDftSOfdmDispatchKernel<float, __half, float, (unsigned int)2>(ch_est::puschRxChEstStatDescr_t *, ch_est::puschRxChEstDynDescr_t *)"
3501864917,2560,195757,103,1,1,128,1,1,16,0.000,0.000,,,,,NVIDIA A100-SXM4-40GB MIG 4g.20gb (0),1,,13,cupy_copy__complex64_complex64
3501871701,12832,195767,1434,1,1,128,1,1,16,0.000,0.000,,,,,NVIDIA A100-SXM4-40GB MIG 4g.20gb (0),1,,13,cupy_copy__complex64_complex64
3501891669,2464,195774,103,1,1,128,1,1,16,0.000,0.000,,,,,NVIDIA A100-SXM4-40GB MIG 4g.20gb (0),1,,13,cupy_copy__complex64_complex64
3501899125,88255,195781,1,1,1,32,32,1,30,0.000,0.000,,,,,NVIDIA A100-SXM4-40GB MIG 4g.20gb (0),1,,13,"void convert_kernel<__half2, float2>(tensor_layout_any, T1 *, tensor_layout_any, const T2 *)"
3502016307,9568,195784,,,,,,,,,,0.094,9792.637,Pinned,Device,NVIDIA A100-SXM4-40GB MIG 4g.20gb (0),1,,13,[CUDA memcpy Host-to-Device]
3502032083,47967,195785,,,,,,,,,,35.810,746529.402,Device,,NVIDIA A100-SXM4-40GB MIG 4g.20gb (0),1,,13,[CUDA memset]
3502081682,3488,195787,,,,,,,,,,0.000,22.936,Pinned,Device,NVIDIA A100-SXM4-40GB MIG 4g.20gb (0),1,,13,[CUDA memcpy Host-to-Device]
3502089874,13632,195788,,,,,,,,,,0.197,14422.376,Pinned,Device,NVIDIA A100-SXM4-40GB MIG 4g.20gb (0),1,,13,[CUDA memcpy Host-to-Device]
3502112114,12768,195789,273,1,1,48,1,1,40,0.000,0.001,,,,,NVIDIA A100-SXM4-40GB MIG 4g.20gb (0),1,,13,"void pusch_noise_intf_est::noiseIntfEstNoDftSOfdmKernel<float, __half, float, float, (unsigned int)2, (unsigned int)1, (unsigned char)4, (unsigned char)4>(pusch_noise_intf_est::puschRxNoiseIntfEstDynDescr)"
3502127538,2848,195800,35,1,1,128,1,1,16,0.000,0.000,,,,,NVIDIA A100-SXM4-40GB MIG 4g.20gb (0),1,,13,cupy_copy__complex64_complex64
3502135090,1856,195809,1,1,1,1,1,1,18,0.000,0.000,,,,,NVIDIA A100-SXM4-40GB MIG 4g.20gb (0),1,,13,cupy_copy__float32_float32
3502166289,1728,195815,,,,,,,,,,0.000,2.315,Device,Pageable,NVIDIA A100-SXM4-40GB MIG 4g.20gb (0),1,,7,[CUDA memcpy Device-to-Host]
3502227825,13183,195826,1434,1,1,128,1,1,16,0.000,0.000,,,,,NVIDIA A100-SXM4-40GB MIG 4g.20gb (0),1,,13,cupy_copy__complex64_complex64
3502256176,2976,195833,103,1,1,128,1,1,16,0.000,0.000,,,,,NVIDIA A100-SXM4-40GB MIG 4g.20gb (0),1,,13,cupy_copy__complex64_complex64
3502279472,2592,195840,35,1,1,128,1,1,16,0.000,0.000,,,,,NVIDIA A100-SXM4-40GB MIG 4g.20gb (0),1,,13,cupy_copy__complex64_complex64
3502298704,1728,195847,1,1,1,1,1,1,18,0.000,0.000,,,,,NVIDIA A100-SXM4-40GB MIG 4g.20gb (0),1,,13,cupy_copy__float32_float32
3502428750,81343,195858,1,1,1,32,32,1,30,0.000,0.000,,,,,NVIDIA A100-SXM4-40GB MIG 4g.20gb (0),1,,13,"void convert_kernel<__half2, float2>(tensor_layout_any, T1 *, tensor_layout_any, const T2 *)"
3502537005,5504,195861,,,,,,,,,,0.094,17023.251,Pinned,Device,NVIDIA A100-SXM4-40GB MIG 4g.20gb (0),1,,13,[CUDA memcpy Host-to-Device]
3502551469,3328,195862,,,,,,,,,,1.547,464729.580,Device,,NVIDIA A100-SXM4-40GB MIG 4g.20gb (0),1,,13,[CUDA memset]
3502558093,3008,195867,,,,,,,,,,0.031,10404.230,Pinned,Device,NVIDIA A100-SXM4-40GB MIG 4g.20gb (0),1,,13,[CUDA memcpy Host-to-Device]
3502563533,9567,195868,,,,,,,,,,0.197,20550.451,Pinned,Device,NVIDIA A100-SXM4-40GB MIG 4g.20gb (0),1,,13,[CUDA memcpy Host-to-Device]
3502578796,8192,195869,273,1,1,8,4,1,39,0.002,0.000,,,,,NVIDIA A100-SXM4-40GB MIG 4g.20gb (0),1,,13,"void channel_eq::eqMmseCoefCompLowMimoKernel<float, float, float, (unsigned int)4, (unsigned int)1, (unsigned int)4>(const channel_eq::_puschRxChEqStatDescr *, channel_eq::_puschRxChEqCoefCompDynDescr)"
3502589868,5760,195870,273,1,1,12,11,1,51,0.002,0.000,,,,,NVIDIA A100-SXM4-40GB MIG 4g.20gb (0),1,,13,"void channel_eq::eqMmseSoftDemapKernel<float, __half, __half, float, (unsigned int)4, (unsigned short)16383>(channel_eq::_puschRxChEqStatDescr *, channel_eq::_puschRxChEqSoftDemapDynDescr)"
3502596652,282301,195871,1,1,1,32,32,1,30,0.000,0.000,,,,,NVIDIA A100-SXM4-40GB MIG 4g.20gb (0),1,,13,"void convert_kernel<float2, __half2>(tensor_layout_any, T1 *, tensor_layout_any, const T2 *)"
3502881993,11135,195883,2253,1,1,128,1,1,16,0.000,0.000,,,,,NVIDIA A100-SXM4-40GB MIG 4g.20gb (0),1,,13,cupy_copy__float16_float16
3502894824,3808,195892,282,1,1,128,1,1,16,0.000,0.000,,,,,NVIDIA A100-SXM4-40GB MIG 4g.20gb (0),1,,13,cupy_copy__complex64_complex64
3502900520,2112,195901,26,1,1,128,1,1,16,0.000,0.000,,,,,NVIDIA A100-SXM4-40GB MIG 4g.20gb (0),1,,13,cupy_copy__float32_float32
3502906088,2784,195910,103,1,1,128,1,1,16,0.000,0.000,,,,,NVIDIA A100-SXM4-40GB MIG 4g.20gb (0),1,,13,cupy_copy__complex64_complex64
3502910760,12224,195920,1434,1,1,128,1,1,16,0.000,0.000,,,,,NVIDIA A100-SXM4-40GB MIG 4g.20gb (0),1,,13,cupy_copy__complex64_complex64
3502934056,82335,195925,1,1,1,32,32,1,30,0.000,0.000,,,,,NVIDIA A100-SXM4-40GB MIG 4g.20gb (0),1,,13,"void convert_kernel<__half2, float2>(tensor_layout_any, T1 *, tensor_layout_any, const T2 *)"
3503043143,5408,195928,,,,,,,,,,0.094,17325.421,Pinned,Device,NVIDIA A100-SXM4-40GB MIG 4g.20gb (0),1,,13,[CUDA memcpy Host-to-Device]
3503053798,604665,195929,,,,,,,,,,456.561,754696.060,Device,,NVIDIA A100-SXM4-40GB MIG 4g.20gb (0),1,,13,[CUDA memset]
3503663775,70047,195934,,,,,,,,,,1.235,17630.061,Pinned,Device,NVIDIA A100-SXM4-40GB MIG 4g.20gb (0),1,,13,[CUDA memcpy Host-to-Device]
3503737246,14784,195935,,,,,,,,,,0.197,13298.565,Pinned,Device,NVIDIA A100-SXM4-40GB MIG 4g.20gb (0),1,,13,[CUDA memcpy Host-to-Device]
3503759582,8800,195936,69,4,1,48,1,1,76,0.002,0.000,,,,,NVIDIA A100-SXM4-40GB MIG 4g.20gb (0),1,,13,"void ch_est::windowedChEstPreNoDftSOfdmKernel<float, __half, float, (unsigned int)2, (unsigned int)1, (unsigned short)4>(ch_est::puschRxChEstStatDescr_t *, ch_est::puschRxChEstDynDescr_t *)"
3503770430,7104,195937,137,2,1,24,2,1,44,0.001,0.001,,,,,NVIDIA A100-SXM4-40GB MIG 4g.20gb (0),1,,13,"void ch_est::chEstFilterNoDftSOfdmDispatchKernel<float, __half, float, (unsigned int)2>(ch_est::puschRxChEstStatDescr_t *, ch_est::puschRxChEstDynDescr_t *)"
3503782045,5152,195938,137,2,1,24,2,1,44,0.001,0.001,,,,,NVIDIA A100-SXM4-40GB MIG 4g.20gb (0),1,,13,"void ch_est::chEstFilterNoDftSOfdmDispatchKernel<float, __half, float, (unsigned int)2>(ch_est::puschRxChEstStatDescr_t *, ch_est::puschRxChEstDynDescr_t *)"
3503793213,2784,195949,103,1,1,128,1,1,16,0.000,0.000,,,,,NVIDIA A100-SXM4-40GB MIG 4g.20gb (0),1,,13,cupy_copy__complex64_complex64
3503798717,12928,195959,1434,1,1,128,1,1,16,0.000,0.000,,,,,NVIDIA A100-SXM4-40GB MIG 4g.20gb (0),1,,13,cupy_copy__complex64_complex64
3503820573,2688,195966,103,1,1,128,1,1,16,0.000,0.000,,,,,NVIDIA A100-SXM4-40GB MIG 4g.20gb (0),1,,13,cupy_copy__complex64_complex64
3503825277,83711,195973,1,1,1,32,32,1,30,0.000,0.000,,,,,NVIDIA A100-SXM4-40GB MIG 4g.20gb (0),1,,13,"void convert_kernel<__half2, float2>(tensor_layout_any, T1 *, tensor_layout_any, const T2 *)"
3503937852,8991,195976,,,,,,,,,,0.094,10421.057,Pinned,Device,NVIDIA A100-SXM4-40GB MIG 4g.20gb (0),1,,13,[CUDA memcpy Host-to-Device]
3503953627,47616,195977,,,,,,,,,,35.810,752044.130,Device,,NVIDIA A100-SXM4-40GB MIG 4g.20gb (0),1,,13,[CUDA memset]
3504009883,3648,195979,,,,,,,,,,0.000,21.930,Pinned,Device,NVIDIA A100-SXM4-40GB MIG 4g.20gb (0),1,,13,[CUDA memcpy Host-to-Device]
3504016795,14015,195980,,,,,,,,,,0.197,14028.374,Pinned,Device,NVIDIA A100-SXM4-40GB MIG 4g.20gb (0),1,,13,[CUDA memcpy Host-to-Device]
3504041370,9536,195981,273,1,1,48,1,1,40,0.000,0.001,,,,,NVIDIA A100-SXM4-40GB MIG 4g.20gb (0),1,,13,"void pusch_noise_intf_est::noiseIntfEstNoDftSOfdmKernel<float, __half, float, float, (unsigned int)2, (unsigned int)1, (unsigned char)4, (unsigned char)4>(pusch_noise_intf_est::puschRxNoiseIntfEstDynDescr)"
3504055098,2592,195992,35,1,1,128,1,1,16,0.000,0.000,,,,,NVIDIA A100-SXM4-40GB MIG 4g.20gb (0),1,,13,cupy_copy__complex64_complex64
3504061978,1824,196001,1,1,1,1,1,1,18,0.000,0.000,,,,,NVIDIA A100-SXM4-40GB MIG 4g.20gb (0),1,,13,cupy_copy__float32_float32
3504089626,1600,196007,,,,,,,,,,0.000,2.500,Device,Pageable,NVIDIA A100-SXM4-40GB MIG 4g.20gb (0),1,,7,[CUDA memcpy Device-to-Host]
3504151353,12672,196018,1434,1,1,128,1,1,16,0.000,0.000,,,,,NVIDIA A100-SXM4-40GB MIG 4g.20gb (0),1,,13,cupy_copy__complex64_complex64
3504180985,2975,196025,103,1,1,128,1,1,16,0.000,0.000,,,,,NVIDIA A100-SXM4-40GB MIG 4g.20gb (0),1,,13,cupy_copy__complex64_complex64
3504202584,2880,196032,35,1,1,128,1,1,16,0.000,0.000,,,,,NVIDIA A100-SXM4-40GB MIG 4g.20gb (0),1,,13,cupy_copy__complex64_complex64
3504220824,1760,196039,1,1,1,1,1,1,18,0.000,0.000,,,,,NVIDIA A100-SXM4-40GB MIG 4g.20gb (0),1,,13,cupy_copy__float32_float32
3504352630,81503,196050,1,1,1,32,32,1,30,0.000,0.000,,,,,NVIDIA A100-SXM4-40GB MIG 4g.20gb (0),1,,13,"void convert_kernel<__half2, float2>(tensor_layout_any, T1 *, tensor_layout_any, const T2 *)"
3504461301,5440,196053,,,,,,,,,,0.094,17223.480,Pinned,Device,NVIDIA A100-SXM4-40GB MIG 4g.20gb (0),1,,13,[CUDA memcpy Host-to-Device]
3504475541,3264,196054,,,,,,,,,,1.547,473842.288,Device,,NVIDIA A100-SXM4-40GB MIG 4g.20gb (0),1,,13,[CUDA memset]
3504482357,3136,196059,,,,,,,,,,0.031,9979.575,Pinned,Device,NVIDIA A100-SXM4-40GB MIG 4g.20gb (0),1,,13,[CUDA memcpy Host-to-Device]
3504488021,9568,196060,,,,,,,,,,0.197,20548.485,Pinned,Device,NVIDIA A100-SXM4-40GB MIG 4g.20gb (0),1,,13,[CUDA memcpy Host-to-Device]
3504502549,7423,196061,273,1,1,8,4,1,39,0.002,0.000,,,,,NVIDIA A100-SXM4-40GB MIG 4g.20gb (0),1,,13,"void channel_eq::eqMmseCoefCompLowMimoKernel<float, float, float, (unsigned int)4, (unsigned int)1, (unsigned int)4>(const channel_eq::_puschRxChEqStatDescr *, channel_eq::_puschRxChEqCoefCompDynDescr)"
3504512468,8000,196062,273,1,1,12,11,1,51,0.002,0.000,,,,,NVIDIA A100-SXM4-40GB MIG 4g.20gb (0),1,,13,"void channel_eq::eqMmseSoftDemapKernel<float, __half, __half, float, (unsigned int)4, (unsigned short)16383>(channel_eq::_puschRxChEqStatDescr *, channel_eq::_puschRxChEqSoftDemapDynDescr)"
3504521396,282269,196063,1,1,1,32,32,1,30,0.000,0.000,,,,,NVIDIA A100-SXM4-40GB MIG 4g.20gb (0),1,,13,"void convert_kernel<float2, __half2>(tensor_layout_any, T1 *, tensor_layout_any, const T2 *)"
3504806737,11264,196075,2253,1,1,128,1,1,16,0.000,0.000,,,,,NVIDIA A100-SXM4-40GB MIG 4g.20gb (0),1,,13,cupy_copy__float16_float16
3504822769,3456,196084,282,1,1,128,1,1,16,0.000,0.000,,,,,NVIDIA A100-SXM4-40GB MIG 4g.20gb (0),1,,13,cupy_copy__complex64_complex64
3504827793,2335,196093,26,1,1,128,1,1,16,0.000,0.000,,,,,NVIDIA A100-SXM4-40GB MIG 4g.20gb (0),1,,13,cupy_copy__float32_float32
3504831152,2880,196102,103,1,1,128,1,1,16,0.000,0.000,,,,,NVIDIA A100-SXM4-40GB MIG 4g.20gb (0),1,,13,cupy_copy__complex64_complex64
3504835120,12160,196112,1434,1,1,128,1,1,16,0.000,0.000,,,,,NVIDIA A100-SXM4-40GB MIG 4g.20gb (0),1,,13,cupy_copy__complex64_complex64
3504849584,86847,196117,1,1,1,32,32,1,30,0.000,0.000,,,,,NVIDIA A100-SXM4-40GB MIG 4g.20gb (0),1,,13,"void convert_kernel<__half2, float2>(tensor_layout_any, T1 *, tensor_layout_any, const T2 *)"
3504965807,5376,196120,,,,,,,,,,0.094,17428.487,Pinned,Device,NVIDIA A100-SXM4-40GB MIG 4g.20gb (0),1,,13,[CUDA memcpy Host-to-Device]
3504975951,599800,196121,,,,,,,,,,456.561,761087.920,Device,,NVIDIA A100-SXM4-40GB MIG 4g.20gb (0),1,,13,[CUDA memset]
3505580711,70079,196126,,,,,,,,,,1.235,17621.416,Pinned,Device,NVIDIA A100-SXM4-40GB MIG 4g.20gb (0),1,,13,[CUDA memcpy Host-to-Device]
3505654694,14080,196127,,,,,,,,,,0.197,13963.493,Pinned,Device,NVIDIA A100-SXM4-40GB MIG 4g.20gb (0),1,,13,[CUDA memcpy Host-to-Device]
3505675558,8416,196128,69,4,1,48,1,1,76,0.002,0.000,,,,,NVIDIA A100-SXM4-40GB MIG 4g.20gb (0),1,,13,"void ch_est::windowedChEstPreNoDftSOfdmKernel<float, __half, float, (unsigned int)2, (unsigned int)1, (unsigned short)4>(ch_est::puschRxChEstStatDescr_t *, ch_est::puschRxChEstDynDescr_t *)"
3505686758,5984,196129,137,2,1,24,2,1,44,0.001,0.001,,,,,NVIDIA A100-SXM4-40GB MIG 4g.20gb (0),1,,13,"void ch_est::chEstFilterNoDftSOfdmDispatchKernel<float, __half, float, (unsigned int)2>(ch_est::puschRxChEstStatDescr_t *, ch_est::puschRxChEstDynDescr_t *)"
3505696006,5472,196130,137,2,1,24,2,1,44,0.001,0.001,,,,,NVIDIA A100-SXM4-40GB MIG 4g.20gb (0),1,,13,"void ch_est::chEstFilterNoDftSOfdmDispatchKernel<float, __half, float, (unsigned int)2>(ch_est::puschRxChEstStatDescr_t *, ch_est::puschRxChEstDynDescr_t *)"
3505706790,2592,196141,103,1,1,128,1,1,16,0.000,0.000,,,,,NVIDIA A100-SXM4-40GB MIG 4g.20gb (0),1,,13,cupy_copy__complex64_complex64
3505713414,12575,196151,1434,1,1,128,1,1,16,0.000,0.000,,,,,NVIDIA A100-SXM4-40GB MIG 4g.20gb (0),1,,13,cupy_copy__complex64_complex64
3505727237,2752,196158,103,1,1,128,1,1,16,0.000,0.000,,,,,NVIDIA A100-SXM4-40GB MIG 4g.20gb (0),1,,13,cupy_copy__complex64_complex64
3505734437,85791,196165,1,1,1,32,32,1,30,0.000,0.000,,,,,NVIDIA A100-SXM4-40GB MIG 4g.20gb (0),1,,13,"void convert_kernel<__half2, float2>(tensor_layout_any, T1 *, tensor_layout_any, const T2 *)"
3505849252,9024,196168,,,,,,,,,,0.094,10382.922,Pinned,Device,NVIDIA A100-SXM4-40GB MIG 4g.20gb (0),1,,13,[CUDA memcpy Host-to-Device]
3505865476,47135,196169,,,,,,,,,,35.810,759707.453,Device,,NVIDIA A100-SXM4-40GB MIG 4g.20gb (0),1,,13,[CUDA memset]
3505914627,4192,196171,,,,,,,,,,0.000,19.084,Pinned,Device,NVIDIA A100-SXM4-40GB MIG 4g.20gb (0),1,,13,[CUDA memcpy Host-to-Device]
3505923235,13760,196172,,,,,,,,,,0.197,14288.290,Pinned,Device,NVIDIA A100-SXM4-40GB MIG 4g.20gb (0),1,,13,[CUDA memcpy Host-to-Device]
3505945027,11392,196173,273,1,1,48,1,1,40,0.000,0.001,,,,,NVIDIA A100-SXM4-40GB MIG 4g.20gb (0),1,,13,"void pusch_noise_intf_est::noiseIntfEstNoDftSOfdmKernel<float, __half, float, float, (unsigned int)2, (unsigned int)1, (unsigned char)4, (unsigned char)4>(pusch_noise_intf_est::puschRxNoiseIntfEstDynDescr)"
3505958851,2911,196184,35,1,1,128,1,1,16,0.000,0.000,,,,,NVIDIA A100-SXM4-40GB MIG 4g.20gb (0),1,,13,cupy_copy__complex64_complex64
3505968034,1728,196193,1,1,1,1,1,1,18,0.000,0.000,,,,,NVIDIA A100-SXM4-40GB MIG 4g.20gb (0),1,,13,cupy_copy__float32_float32
3505999330,1760,196199,,,,,,,,,,0.000,2.273,Device,Pageable,NVIDIA A100-SXM4-40GB MIG 4g.20gb (0),1,,7,[CUDA memcpy Device-to-Host]
3506063969,12864,196210,1434,1,1,128,1,1,16,0.000,0.000,,,,,NVIDIA A100-SXM4-40GB MIG 4g.20gb (0),1,,13,cupy_copy__complex64_complex64
3506090721,3520,196217,103,1,1,128,1,1,16,0.000,0.000,,,,,NVIDIA A100-SXM4-40GB MIG 4g.20gb (0),1,,13,cupy_copy__complex64_complex64
3506110689,2400,196224,35,1,1,128,1,1,16,0.000,0.000,,,,,NVIDIA A100-SXM4-40GB MIG 4g.20gb (0),1,,13,cupy_copy__complex64_complex64
3506128480,1728,196231,1,1,1,1,1,1,18,0.000,0.000,,,,,NVIDIA A100-SXM4-40GB MIG 4g.20gb (0),1,,13,cupy_copy__float32_float32
3506260927,82271,196242,1,1,1,32,32,1,30,0.000,0.000,,,,,NVIDIA A100-SXM4-40GB MIG 4g.20gb (0),1,,13,"void convert_kernel<__half2, float2>(tensor_layout_any, T1 *, tensor_layout_any, const T2 *)"
3506370429,5728,196245,,,,,,,,,,0.094,16357.541,Pinned,Device,NVIDIA A100-SXM4-40GB MIG 4g.20gb (0),1,,13,[CUDA memcpy Host-to-Device]
3506385213,3264,196246,,,,,,,,,,1.547,473842.288,Device,,NVIDIA A100-SXM4-40GB MIG 4g.20gb (0),1,,13,[CUDA memset]
3506391837,3040,196251,,,,,,,,,,0.031,10294.725,Pinned,Device,NVIDIA A100-SXM4-40GB MIG 4g.20gb (0),1,,13,[CUDA memcpy Host-to-Device]
3506397437,9504,196252,,,,,,,,,,0.197,20686.701,Pinned,Device,NVIDIA A100-SXM4-40GB MIG 4g.20gb (0),1,,13,[CUDA memcpy Host-to-Device]
3506413501,6240,196253,273,1,1,8,4,1,39,0.002,0.000,,,,,NVIDIA A100-SXM4-40GB MIG 4g.20gb (0),1,,13,"void channel_eq::eqMmseCoefCompLowMimoKernel<float, float, float, (unsigned int)4, (unsigned int)1, (unsigned int)4>(const channel_eq::_puschRxChEqStatDescr *, channel_eq::_puschRxChEqCoefCompDynDescr)"
3506420861,5696,196254,273,1,1,12,11,1,51,0.002,0.000,,,,,NVIDIA A100-SXM4-40GB MIG 4g.20gb (0),1,,13,"void channel_eq::eqMmseSoftDemapKernel<float, __half, __half, float, (unsigned int)4, (unsigned short)16383>(channel_eq::_puschRxChEqStatDescr *, channel_eq::_puschRxChEqSoftDemapDynDescr)"
3506428253,282108,196255,1,1,1,32,32,1,30,0.000,0.000,,,,,NVIDIA A100-SXM4-40GB MIG 4g.20gb (0),1,,13,"void convert_kernel<float2, __half2>(tensor_layout_any, T1 *, tensor_layout_any, const T2 *)"
3506711385,11296,196267,2253,1,1,128,1,1,16,0.000,0.000,,,,,NVIDIA A100-SXM4-40GB MIG 4g.20gb (0),1,,13,cupy_copy__float16_float16
3506724633,2944,196276,282,1,1,128,1,1,16,0.000,0.000,,,,,NVIDIA A100-SXM4-40GB MIG 4g.20gb (0),1,,13,cupy_copy__complex64_complex64
3506728889,2112,196285,26,1,1,128,1,1,16,0.000,0.000,,,,,NVIDIA A100-SXM4-40GB MIG 4g.20gb (0),1,,13,cupy_copy__float32_float32
3506732601,2880,196294,103,1,1,128,1,1,16,0.000,0.000,,,,,NVIDIA A100-SXM4-40GB MIG 4g.20gb (0),1,,13,cupy_copy__complex64_complex64
3506737881,11872,196304,1434,1,1,128,1,1,16,0.000,0.000,,,,,NVIDIA A100-SXM4-40GB MIG 4g.20gb (0),1,,13,cupy_copy__complex64_complex64
3506757017,82463,196309,1,1,1,32,32,1,30,0.000,0.000,,,,,NVIDIA A100-SXM4-40GB MIG 4g.20gb (0),1,,13,"void convert_kernel<__half2, float2>(tensor_layout_any, T1 *, tensor_layout_any, const T2 *)"
3506872631,5568,196312,,,,,,,,,,0.094,16827.521,Pinned,Device,NVIDIA A100-SXM4-40GB MIG 4g.20gb (0),1,,13,[CUDA memcpy Host-to-Device]
3506883319,611673,196313,,,,,,,,,,456.561,746021.393,Device,,NVIDIA A100-SXM4-40GB MIG 4g.20gb (0),1,,13,[CUDA memset]
3507502383,70592,196318,,,,,,,,,,1.235,17492.982,Pinned,Device,NVIDIA A100-SXM4-40GB MIG 4g.20gb (0),1,,13,[CUDA memcpy Host-to-Device]
3507575791,15167,196319,,,,,,,,,,0.197,12962.759,Pinned,Device,NVIDIA A100-SXM4-40GB MIG 4g.20gb (0),1,,13,[CUDA memcpy Host-to-Device]
3507602126,8256,196320,69,4,1,48,1,1,76,0.002,0.000,,,,,NVIDIA A100-SXM4-40GB MIG 4g.20gb (0),1,,13,"void ch_est::windowedChEstPreNoDftSOfdmKernel<float, __half, float, (unsigned int)2, (unsigned int)1, (unsigned short)4>(ch_est::puschRxChEstStatDescr_t *, ch_est::puschRxChEstDynDescr_t *)"
3507614126,6144,196321,137,2,1,24,2,1,44,0.001,0.001,,,,,NVIDIA A100-SXM4-40GB MIG 4g.20gb (0),1,,13,"void ch_est::chEstFilterNoDftSOfdmDispatchKernel<float, __half, float, (unsigned int)2>(ch_est::puschRxChEstStatDescr_t *, ch_est::puschRxChEstDynDescr_t *)"
3507623118,5152,196322,137,2,1,24,2,1,44,0.001,0.001,,,,,NVIDIA A100-SXM4-40GB MIG 4g.20gb (0),1,,13,"void ch_est::chEstFilterNoDftSOfdmDispatchKernel<float, __half, float, (unsigned int)2>(ch_est::puschRxChEstStatDescr_t *, ch_est::puschRxChEstDynDescr_t *)"
3507634510,2720,196333,103,1,1,128,1,1,16,0.000,0.000,,,,,NVIDIA A100-SXM4-40GB MIG 4g.20gb (0),1,,13,cupy_copy__complex64_complex64
3507640494,12928,196343,1434,1,1,128,1,1,16,0.000,0.000,,,,,NVIDIA A100-SXM4-40GB MIG 4g.20gb (0),1,,13,cupy_copy__complex64_complex64
3507655982,2592,196350,103,1,1,128,1,1,16,0.000,0.000,,,,,NVIDIA A100-SXM4-40GB MIG 4g.20gb (0),1,,13,cupy_copy__complex64_complex64
3507662509,88607,196357,1,1,1,32,32,1,30,0.000,0.000,,,,,NVIDIA A100-SXM4-40GB MIG 4g.20gb (0),1,,13,"void convert_kernel<__half2, float2>(tensor_layout_any, T1 *, tensor_layout_any, const T2 *)"
3507779564,9632,196360,,,,,,,,,,0.094,9727.519,Pinned,Device,NVIDIA A100-SXM4-40GB MIG 4g.20gb (0),1,,13,[CUDA memcpy Host-to-Device]
3507797164,49311,196361,,,,,,,,,,35.810,726189.368,Device,,NVIDIA A100-SXM4-40GB MIG 4g.20gb (0),1,,13,[CUDA memset]
3507852907,3616,196363,,,,,,,,,,0.000,22.124,Pinned,Device,NVIDIA A100-SXM4-40GB MIG 4g.20gb (0),1,,13,[CUDA memcpy Host-to-Device]
3507860331,11776,196364,,,,,,,,,,0.197,16695.558,Pinned,Device,NVIDIA A100-SXM4-40GB MIG 4g.20gb (0),1,,13,[CUDA memcpy Host-to-Device]
3507878091,9440,196365,273,1,1,48,1,1,40,0.000,0.001,,,,,NVIDIA A100-SXM4-40GB MIG 4g.20gb (0),1,,13,"void pusch_noise_intf_est::noiseIntfEstNoDftSOfdmKernel<float, __half, float, float, (unsigned int)2, (unsigned int)1, (unsigned char)4, (unsigned char)4>(pusch_noise_intf_est::puschRxNoiseIntfEstDynDescr)"
3507893035,3040,196376,35,1,1,128,1,1,16,0.000,0.000,,,,,NVIDIA A100-SXM4-40GB MIG 4g.20gb (0),1,,13,cupy_copy__complex64_complex64
3507902443,1983,196385,1,1,1,1,1,1,18,0.000,0.000,,,,,NVIDIA A100-SXM4-40GB MIG 4g.20gb (0),1,,13,cupy_copy__float32_float32
3507934218,1792,196391,,,,,,,,,,0.000,2.232,Device,Pageable,NVIDIA A100-SXM4-40GB MIG 4g.20gb (0),1,,7,[CUDA memcpy Device-to-Host]
3507996809,12768,196402,1434,1,1,128,1,1,16,0.000,0.000,,,,,NVIDIA A100-SXM4-40GB MIG 4g.20gb (0),1,,13,cupy_copy__complex64_complex64
3508024681,2624,196409,103,1,1,128,1,1,16,0.000,0.000,,,,,NVIDIA A100-SXM4-40GB MIG 4g.20gb (0),1,,13,cupy_copy__complex64_complex64
3508043881,2560,196416,35,1,1,128,1,1,16,0.000,0.000,,,,,NVIDIA A100-SXM4-40GB MIG 4g.20gb (0),1,,13,cupy_copy__complex64_complex64
3508061321,1792,196423,1,1,1,1,1,1,18,0.000,0.000,,,,,NVIDIA A100-SXM4-40GB MIG 4g.20gb (0),1,,13,cupy_copy__float32_float32
3508193511,82463,196434,1,1,1,32,32,1,30,0.000,0.000,,,,,NVIDIA A100-SXM4-40GB MIG 4g.20gb (0),1,,13,"void convert_kernel<__half2, float2>(tensor_layout_any, T1 *, tensor_layout_any, const T2 *)"
3508303462,5343,196437,,,,,,,,,,0.094,17536.143,Pinned,Device,NVIDIA A100-SXM4-40GB MIG 4g.20gb (0),1,,13,[CUDA memcpy Host-to-Device]
3508318917,3232,196438,,,,,,,,,,1.547,478533.199,Device,,NVIDIA A100-SXM4-40GB MIG 4g.20gb (0),1,,13,[CUDA memset]
3508324869,3136,196443,,,,,,,,,,0.031,9979.575,Pinned,Device,NVIDIA A100-SXM4-40GB MIG 4g.20gb (0),1,,13,[CUDA memcpy Host-to-Device]
3508330501,9440,196444,,,,,,,,,,0.197,20827.079,Pinned,Device,NVIDIA A100-SXM4-40GB MIG 4g.20gb (0),1,,13,[CUDA memcpy Host-to-Device]
3508343973,6016,196445,273,1,1,8,4,1,39,0.002,0.000,,,,,NVIDIA A100-SXM4-40GB MIG 4g.20gb (0),1,,13,"void channel_eq::eqMmseCoefCompLowMimoKernel<float, float, float, (unsigned int)4, (unsigned int)1, (unsigned int)4>(const channel_eq::_puschRxChEqStatDescr *, channel_eq::_puschRxChEqCoefCompDynDescr)"
3508350981,5920,196446,273,1,1,12,11,1,51,0.002,0.000,,,,,NVIDIA A100-SXM4-40GB MIG 4g.20gb (0),1,,13,"void channel_eq::eqMmseSoftDemapKernel<float, __half, __half, float, (unsigned int)4, (unsigned short)16383>(channel_eq::_puschRxChEqStatDescr *, channel_eq::_puschRxChEqSoftDemapDynDescr)"
3508357829,283100,196447,1,1,1,32,32,1,30,0.000,0.000,,,,,NVIDIA A100-SXM4-40GB MIG 4g.20gb (0),1,,13,"void convert_kernel<float2, __half2>(tensor_layout_any, T1 *, tensor_layout_any, const T2 *)"
3508642241,10912,196459,2253,1,1,128,1,1,16,0.000,0.000,,,,,NVIDIA A100-SXM4-40GB MIG 4g.20gb (0),1,,13,cupy_copy__float16_float16
3508654625,3008,196468,282,1,1,128,1,1,16,0.000,0.000,,,,,NVIDIA A100-SXM4-40GB MIG 4g.20gb (0),1,,13,cupy_copy__complex64_complex64
3508658785,2144,196477,26,1,1,128,1,1,16,0.000,0.000,,,,,NVIDIA A100-SXM4-40GB MIG 4g.20gb (0),1,,13,cupy_copy__float32_float32
3508663777,3264,196486,103,1,1,128,1,1,16,0.000,0.000,,,,,NVIDIA A100-SXM4-40GB MIG 4g.20gb (0),1,,13,cupy_copy__complex64_complex64
3508668193,11968,196496,1434,1,1,128,1,1,16,0.000,0.000,,,,,NVIDIA A100-SXM4-40GB MIG 4g.20gb (0),1,,13,cupy_copy__complex64_complex64
3508694561,81823,196501,1,1,1,32,32,1,30,0.000,0.000,,,,,NVIDIA A100-SXM4-40GB MIG 4g.20gb (0),1,,13,"void convert_kernel<__half2, float2>(tensor_layout_any, T1 *, tensor_layout_any, const T2 *)"
3508803551,5600,196504,,,,,,,,,,0.094,16731.388,Pinned,Device,NVIDIA A100-SXM4-40GB MIG 4g.20gb (0),1,,13,[CUDA memcpy Host-to-Device]
3508813503,603993,196505,,,,,,,,,,456.561,755609.183,Device,,NVIDIA A100-SXM4-40GB MIG 4g.20gb (0),1,,13,[CUDA memset]
3509418776,68863,196510,,,,,,,,,,1.235,17932.622,Pinned,Device,NVIDIA A100-SXM4-40GB MIG 4g.20gb (0),1,,13,[CUDA memcpy Host-to-Device]
3509491031,14592,196511,,,,,,,,,,0.197,13473.546,Pinned,Device,NVIDIA A100-SXM4-40GB MIG 4g.20gb (0),1,,13,[CUDA memcpy Host-to-Device]
3509513559,7743,196512,69,4,1,48,1,1,76,0.002,0.000,,,,,NVIDIA A100-SXM4-40GB MIG 4g.20gb (0),1,,13,"void ch_est::windowedChEstPreNoDftSOfdmKernel<float, __half, float, (unsigned int)2, (unsigned int)1, (unsigned short)4>(ch_est::puschRxChEstStatDescr_t *, ch_est::puschRxChEstDynDescr_t *)"
3509524758,6240,196513,137,2,1,24,2,1,44,0.001,0.001,,,,,NVIDIA A100-SXM4-40GB MIG 4g.20gb (0),1,,13,"void ch_est::chEstFilterNoDftSOfdmDispatchKernel<float, __half, float, (unsigned int)2>(ch_est::puschRxChEstStatDescr_t *, ch_est::puschRxChEstDynDescr_t *)"
3509536438,5504,196514,137,2,1,24,2,1,44,0.001,0.001,,,,,NVIDIA A100-SXM4-40GB MIG 4g.20gb (0),1,,13,"void ch_est::chEstFilterNoDftSOfdmDispatchKernel<float, __half, float, (unsigned int)2>(ch_est::puschRxChEstStatDescr_t *, ch_est::puschRxChEstDynDescr_t *)"
3509546614,2784,196525,103,1,1,128,1,1,16,0.000,0.000,,,,,NVIDIA A100-SXM4-40GB MIG 4g.20gb (0),1,,13,cupy_copy__complex64_complex64
3509552342,12672,196535,1434,1,1,128,1,1,16,0.000,0.000,,,,,NVIDIA A100-SXM4-40GB MIG 4g.20gb (0),1,,13,cupy_copy__complex64_complex64
3509566198,2496,196542,103,1,1,128,1,1,16,0.000,0.000,,,,,NVIDIA A100-SXM4-40GB MIG 4g.20gb (0),1,,13,cupy_copy__complex64_complex64
3509573398,83487,196549,1,1,1,32,32,1,30,0.000,0.000,,,,,NVIDIA A100-SXM4-40GB MIG 4g.20gb (0),1,,13,"void convert_kernel<__half2, float2>(tensor_layout_any, T1 *, tensor_layout_any, const T2 *)"
3509686452,8672,196552,,,,,,,,,,0.094,10804.367,Pinned,Device,NVIDIA A100-SXM4-40GB MIG 4g.20gb (0),1,,13,[CUDA memcpy Host-to-Device]
3509700308,48192,196553,,,,,,,,,,35.810,743055.840,Device,,NVIDIA A100-SXM4-40GB MIG 4g.20gb (0),1,,13,[CUDA memset]
3509752212,4096,196555,,,,,,,,,,0.000,19.531,Pinned,Device,NVIDIA A100-SXM4-40GB MIG 4g.20gb (0),1,,13,[CUDA memcpy Host-to-Device]
3509760244,12511,196556,,,,,,,,,,0.197,15714.681,Pinned,Device,NVIDIA A100-SXM4-40GB MIG 4g.20gb (0),1,,13,[CUDA memcpy Host-to-Device]
3509777939,9440,196557,273,1,1,48,1,1,40,0.000,0.001,,,,,NVIDIA A100-SXM4-40GB MIG 4g.20gb (0),1,,13,"void pusch_noise_intf_est::noiseIntfEstNoDftSOfdmKernel<float, __half, float, float, (unsigned int)2, (unsigned int)1, (unsigned char)4, (unsigned char)4>(pusch_noise_intf_est::puschRxNoiseIntfEstDynDescr)"
3509789139,2880,196568,35,1,1,128,1,1,16,0.000,0.000,,,,,NVIDIA A100-SXM4-40GB MIG 4g.20gb (0),1,,13,cupy_copy__complex64_complex64
3509809939,1792,196577,1,1,1,1,1,1,18,0.000,0.000,,,,,NVIDIA A100-SXM4-40GB MIG 4g.20gb (0),1,,13,cupy_copy__float32_float32
3509841203,2336,196583,,,,,,,,,,0.000,1.712,Device,Pageable,NVIDIA A100-SXM4-40GB MIG 4g.20gb (0),1,,7,[CUDA memcpy Device-to-Host]
3509903282,12704,196594,1434,1,1,128,1,1,16,0.000,0.000,,,,,NVIDIA A100-SXM4-40GB MIG 4g.20gb (0),1,,13,cupy_copy__complex64_complex64
3509931537,2816,196601,103,1,1,128,1,1,16,0.000,0.000,,,,,NVIDIA A100-SXM4-40GB MIG 4g.20gb (0),1,,13,cupy_copy__complex64_complex64
3509952465,2560,196608,35,1,1,128,1,1,16,0.000,0.000,,,,,NVIDIA A100-SXM4-40GB MIG 4g.20gb (0),1,,13,cupy_copy__complex64_complex64
3509970161,1792,196615,1,1,1,1,1,1,18,0.000,0.000,,,,,NVIDIA A100-SXM4-40GB MIG 4g.20gb (0),1,,13,cupy_copy__float32_float32
3510101775,83071,196626,1,1,1,32,32,1,30,0.000,0.000,,,,,NVIDIA A100-SXM4-40GB MIG 4g.20gb (0),1,,13,"void convert_kernel<__half2, float2>(tensor_layout_any, T1 *, tensor_layout_any, const T2 *)"
3510213518,5504,196629,,,,,,,,,,0.094,17023.251,Pinned,Device,NVIDIA A100-SXM4-40GB MIG 4g.20gb (0),1,,13,[CUDA memcpy Host-to-Device]
3510227534,3712,196630,,,,,,,,,,1.547,416654.319,Device,,NVIDIA A100-SXM4-40GB MIG 4g.20gb (0),1,,13,[CUDA memset]
3510234254,3072,196635,,,,,,,,,,0.031,10187.474,Pinned,Device,NVIDIA A100-SXM4-40GB MIG 4g.20gb (0),1,,13,[CUDA memcpy Host-to-Device]
3510239758,9375,196636,,,,,,,,,,0.197,20971.389,Pinned,Device,NVIDIA A100-SXM4-40GB MIG 4g.20gb (0),1,,13,[CUDA memcpy Host-to-Device]
3510254445,6752,196637,273,1,1,8,4,1,39,0.002,0.000,,,,,NVIDIA A100-SXM4-40GB MIG 4g.20gb (0),1,,13,"void channel_eq::eqMmseCoefCompLowMimoKernel<float, float, float, (unsigned int)4, (unsigned int)1, (unsigned int)4>(const channel_eq::_puschRxChEqStatDescr *, channel_eq::_puschRxChEqCoefCompDynDescr)"
3510262285,5856,196638,273,1,1,12,11,1,51,0.002,0.000,,,,,NVIDIA A100-SXM4-40GB MIG 4g.20gb (0),1,,13,"void channel_eq::eqMmseSoftDemapKernel<float, __half, __half, float, (unsigned int)4, (unsigned short)16383>(channel_eq::_puschRxChEqStatDescr *, channel_eq::_puschRxChEqSoftDemapDynDescr)"
3510269197,282301,196639,1,1,1,32,32,1,30,0.000,0.000,,,,,NVIDIA A100-SXM4-40GB MIG 4g.20gb (0),1,,13,"void convert_kernel<float2, __half2>(tensor_layout_any, T1 *, tensor_layout_any, const T2 *)"
3510555242,11168,196651,2253,1,1,128,1,1,16,0.000,0.000,,,,,NVIDIA A100-SXM4-40GB MIG 4g.20gb (0),1,,13,cupy_copy__float16_float16
3510570506,2655,196660,282,1,1,128,1,1,16,0.000,0.000,,,,,NVIDIA A100-SXM4-40GB MIG 4g.20gb (0),1,,13,cupy_copy__complex64_complex64
3510574633,2208,196669,26,1,1,128,1,1,16,0.000,0.000,,,,,NVIDIA A100-SXM4-40GB MIG 4g.20gb (0),1,,13,cupy_copy__float32_float32
3510577961,2784,196678,103,1,1,128,1,1,16,0.000,0.000,,,,,NVIDIA A100-SXM4-40GB MIG 4g.20gb (0),1,,13,cupy_copy__complex64_complex64
3510583977,12288,196688,1434,1,1,128,1,1,16,0.000,0.000,,,,,NVIDIA A100-SXM4-40GB MIG 4g.20gb (0),1,,13,cupy_copy__complex64_complex64
3510603561,82399,196693,1,1,1,32,32,1,30,0.000,0.000,,,,,NVIDIA A100-SXM4-40GB MIG 4g.20gb (0),1,,13,"void convert_kernel<__half2, float2>(tensor_layout_any, T1 *, tensor_layout_any, const T2 *)"
3510713768,5376,196696,,,,,,,,,,0.094,17428.487,Pinned,Device,NVIDIA A100-SXM4-40GB MIG 4g.20gb (0),1,,13,[CUDA memcpy Host-to-Device]
3510724776,604184,196697,,,,,,,,,,456.561,755609.183,Device,,NVIDIA A100-SXM4-40GB MIG 4g.20gb (0),1,,13,[CUDA memset]
3511334144,67775,196702,,,,,,,,,,1.235,18220.364,Pinned,Device,NVIDIA A100-SXM4-40GB MIG 4g.20gb (0),1,,13,[CUDA memcpy Host-to-Device]
3511405247,13728,196703,,,,,,,,,,0.197,14321.517,Pinned,Device,NVIDIA A100-SXM4-40GB MIG 4g.20gb (0),1,,13,[CUDA memcpy Host-to-Device]
3511426239,8448,196704,69,4,1,48,1,1,76,0.002,0.000,,,,,NVIDIA A100-SXM4-40GB MIG 4g.20gb (0),1,,13,"void ch_est::windowedChEstPreNoDftSOfdmKernel<float, __half, float, (unsigned int)2, (unsigned int)1, (unsigned short)4>(ch_est::puschRxChEstStatDescr_t *, ch_est::puschRxChEstDynDescr_t *)"
3511437631,6144,196705,137,2,1,24,2,1,44,0.001,0.001,,,,,NVIDIA A100-SXM4-40GB MIG 4g.20gb (0),1,,13,"void ch_est::chEstFilterNoDftSOfdmDispatchKernel<float, __half, float, (unsigned int)2>(ch_est::puschRxChEstStatDescr_t *, ch_est::puschRxChEstDynDescr_t *)"
3511448479,5280,196706,137,2,1,24,2,1,44,0.001,0.001,,,,,NVIDIA A100-SXM4-40GB MIG 4g.20gb (0),1,,13,"void ch_est::chEstFilterNoDftSOfdmDispatchKernel<float, __half, float, (unsigned int)2>(ch_est::puschRxChEstStatDescr_t *, ch_est::puschRxChEstDynDescr_t *)"
3511459775,2559,196717,103,1,1,128,1,1,16,0.000,0.000,,,,,NVIDIA A100-SXM4-40GB MIG 4g.20gb (0),1,,13,cupy_copy__complex64_complex64
3511466366,12576,196727,1434,1,1,128,1,1,16,0.000,0.000,,,,,NVIDIA A100-SXM4-40GB MIG 4g.20gb (0),1,,13,cupy_copy__complex64_complex64
3511484702,2752,196734,103,1,1,128,1,1,16,0.000,0.000,,,,,NVIDIA A100-SXM4-40GB MIG 4g.20gb (0),1,,13,cupy_copy__complex64_complex64
3511491102,83423,196741,1,1,1,32,32,1,30,0.000,0.000,,,,,NVIDIA A100-SXM4-40GB MIG 4g.20gb (0),1,,13,"void convert_kernel<__half2, float2>(tensor_layout_any, T1 *, tensor_layout_any, const T2 *)"
3511603357,8640,196744,,,,,,,,,,0.094,10844.375,Pinned,Device,NVIDIA A100-SXM4-40GB MIG 4g.20gb (0),1,,13,[CUDA memcpy Host-to-Device]
3511620221,47679,196745,,,,,,,,,,35.810,751041.452,Device,,NVIDIA A100-SXM4-40GB MIG 4g.20gb (0),1,,13,[CUDA memset]
3511676476,3680,196747,,,,,,,,,,0.000,21.739,Pinned,Device,NVIDIA A100-SXM4-40GB MIG 4g.20gb (0),1,,13,[CUDA memcpy Host-to-Device]
3511685276,14752,196748,,,,,,,,,,0.197,13327.466,Pinned,Device,NVIDIA A100-SXM4-40GB MIG 4g.20gb (0),1,,13,[CUDA memcpy Host-to-Device]
3511707675,10368,196749,273,1,1,48,1,1,40,0.000,0.001,,,,,NVIDIA A100-SXM4-40GB MIG 4g.20gb (0),1,,13,"void pusch_noise_intf_est::noiseIntfEstNoDftSOfdmKernel<float, __half, float, float, (unsigned int)2, (unsigned int)1, (unsigned char)4, (unsigned char)4>(pusch_noise_intf_est::puschRxNoiseIntfEstDynDescr)"
3511722619,2944,196760,35,1,1,128,1,1,16,0.000,0.000,,,,,NVIDIA A100-SXM4-40GB MIG 4g.20gb (0),1,,13,cupy_copy__complex64_complex64
3511728699,1920,196769,1,1,1,1,1,1,18,0.000,0.000,,,,,NVIDIA A100-SXM4-40GB MIG 4g.20gb (0),1,,13,cupy_copy__float32_float32
3511756987,1760,196775,,,,,,,,,,0.000,2.273,Device,Pageable,NVIDIA A100-SXM4-40GB MIG 4g.20gb (0),1,,7,[CUDA memcpy Device-to-Host]
3511818138,12640,196786,1434,1,1,128,1,1,16,0.000,0.000,,,,,NVIDIA A100-SXM4-40GB MIG 4g.20gb (0),1,,13,cupy_copy__complex64_complex64
3511844378,3648,196793,103,1,1,128,1,1,16,0.000,0.000,,,,,NVIDIA A100-SXM4-40GB MIG 4g.20gb (0),1,,13,cupy_copy__complex64_complex64
3511864730,2463,196800,35,1,1,128,1,1,16,0.000,0.000,,,,,NVIDIA A100-SXM4-40GB MIG 4g.20gb (0),1,,13,cupy_copy__complex64_complex64
3511882809,1824,196807,1,1,1,1,1,1,18,0.000,0.000,,,,,NVIDIA A100-SXM4-40GB MIG 4g.20gb (0),1,,13,cupy_copy__float32_float32
3512011928,86655,196818,1,1,1,32,32,1,30,0.000,0.000,,,,,NVIDIA A100-SXM4-40GB MIG 4g.20gb (0),1,,13,"void convert_kernel<__half2, float2>(tensor_layout_any, T1 *, tensor_layout_any, const T2 *)"
3512126102,5440,196821,,,,,,,,,,0.094,17223.480,Pinned,Device,NVIDIA A100-SXM4-40GB MIG 4g.20gb (0),1,,13,[CUDA memcpy Host-to-Device]
3512140566,3520,196822,,,,,,,,,,1.547,439380.412,Device,,NVIDIA A100-SXM4-40GB MIG 4g.20gb (0),1,,13,[CUDA memset]
3512147542,3040,196827,,,,,,,,,,0.031,10294.725,Pinned,Device,NVIDIA A100-SXM4-40GB MIG 4g.20gb (0),1,,13,[CUDA memcpy Host-to-Device]
3512153046,9632,196828,,,,,,,,,,0.197,20411.843,Pinned,Device,NVIDIA A100-SXM4-40GB MIG 4g.20gb (0),1,,13,[CUDA memcpy Host-to-Device]
3512167990,8224,196829,273,1,1,8,4,1,39,0.002,0.000,,,,,NVIDIA A100-SXM4-40GB MIG 4g.20gb (0),1,,13,"void channel_eq::eqMmseCoefCompLowMimoKernel<float, float, float, (unsigned int)4, (unsigned int)1, (unsigned int)4>(const channel_eq::_puschRxChEqStatDescr *, channel_eq::_puschRxChEqCoefCompDynDescr)"
3512177366,5920,196830,273,1,1,12,11,1,51,0.002,0.000,,,,,NVIDIA A100-SXM4-40GB MIG 4g.20gb (0),1,,13,"void channel_eq::eqMmseSoftDemapKernel<float, __half, __half, float, (unsigned int)4, (unsigned short)16383>(channel_eq::_puschRxChEqStatDescr *, channel_eq::_puschRxChEqSoftDemapDynDescr)"
3512184374,283260,196831,1,1,1,32,32,1,30,0.000,0.000,,,,,NVIDIA A100-SXM4-40GB MIG 4g.20gb (0),1,,13,"void convert_kernel<float2, __half2>(tensor_layout_any, T1 *, tensor_layout_any, const T2 *)"
3512470514,11008,196843,2253,1,1,128,1,1,16,0.000,0.000,,,,,NVIDIA A100-SXM4-40GB MIG 4g.20gb (0),1,,13,cupy_copy__float16_float16
3512485394,2624,196852,282,1,1,128,1,1,16,0.000,0.000,,,,,NVIDIA A100-SXM4-40GB MIG 4g.20gb (0),1,,13,cupy_copy__complex64_complex64
3512491090,2304,196861,26,1,1,128,1,1,16,0.000,0.000,,,,,NVIDIA A100-SXM4-40GB MIG 4g.20gb (0),1,,13,cupy_copy__float32_float32
3512494386,2912,196870,103,1,1,128,1,1,16,0.000,0.000,,,,,NVIDIA A100-SXM4-40GB MIG 4g.20gb (0),1,,13,cupy_copy__complex64_complex64
3512500338,12224,196880,1434,1,1,128,1,1,16,0.000,0.000,,,,,NVIDIA A100-SXM4-40GB MIG 4g.20gb (0),1,,13,cupy_copy__complex64_complex64
3512521649,81759,196885,1,1,1,32,32,1,30,0.000,0.000,,,,,NVIDIA A100-SXM4-40GB MIG 4g.20gb (0),1,,13,"void convert_kernel<__half2, float2>(tensor_layout_any, T1 *, tensor_layout_any, const T2 *)"
3512630288,5344,196888,,,,,,,,,,0.094,17532.864,Pinned,Device,NVIDIA A100-SXM4-40GB MIG 4g.20gb (0),1,,13,[CUDA memcpy Host-to-Device]
3512640304,602040,196889,,,,,,,,,,456.561,758348.552,Device,,NVIDIA A100-SXM4-40GB MIG 4g.20gb (0),1,,13,[CUDA memset]
3513245768,69216,196894,,,,,,,,,,1.235,17841.236,Pinned,Device,NVIDIA A100-SXM4-40GB MIG 4g.20gb (0),1,,13,[CUDA memcpy Host-to-Device]
3513318088,15039,196895,,,,,,,,,,0.197,13073.056,Pinned,Device,NVIDIA A100-SXM4-40GB MIG 4g.20gb (0),1,,13,[CUDA memcpy Host-to-Device]
3513343207,7712,196896,69,4,1,48,1,1,76,0.002,0.000,,,,,NVIDIA A100-SXM4-40GB MIG 4g.20gb (0),1,,13,"void ch_est::windowedChEstPreNoDftSOfdmKernel<float, __half, float, (unsigned int)2, (unsigned int)1, (unsigned short)4>(ch_est::puschRxChEstStatDescr_t *, ch_est::puschRxChEstDynDescr_t *)"
3513354535,5920,196897,137,2,1,24,2,1,44,0.001,0.001,,,,,NVIDIA A100-SXM4-40GB MIG 4g.20gb (0),1,,13,"void ch_est::chEstFilterNoDftSOfdmDispatchKernel<float, __half, float, (unsigned int)2>(ch_est::puschRxChEstStatDescr_t *, ch_est::puschRxChEstDynDescr_t *)"
3513363655,5696,196898,137,2,1,24,2,1,44,0.001,0.001,,,,,NVIDIA A100-SXM4-40GB MIG 4g.20gb (0),1,,13,"void ch_est::chEstFilterNoDftSOfdmDispatchKernel<float, __half, float, (unsigned int)2>(ch_est::puschRxChEstStatDescr_t *, ch_est::puschRxChEstDynDescr_t *)"
3513374151,2560,196909,103,1,1,128,1,1,16,0.000,0.000,,,,,NVIDIA A100-SXM4-40GB MIG 4g.20gb (0),1,,13,cupy_copy__complex64_complex64
3513380807,12864,196919,1434,1,1,128,1,1,16,0.000,0.000,,,,,NVIDIA A100-SXM4-40GB MIG 4g.20gb (0),1,,13,cupy_copy__complex64_complex64
3513396199,3072,196926,103,1,1,128,1,1,16,0.000,0.000,,,,,NVIDIA A100-SXM4-40GB MIG 4g.20gb (0),1,,13,cupy_copy__complex64_complex64
3513403015,90430,196933,1,1,1,32,32,1,30,0.000,0.000,,,,,NVIDIA A100-SXM4-40GB MIG 4g.20gb (0),1,,13,"void convert_kernel<__half2, float2>(tensor_layout_any, T1 *, tensor_layout_any, const T2 *)"
3513522117,8928,196936,,,,,,,,,,0.094,10494.608,Pinned,Device,NVIDIA A100-SXM4-40GB MIG 4g.20gb (0),1,,13,[CUDA memcpy Host-to-Device]
3513536581,47295,196937,,,,,,,,,,35.810,757129.139,Device,,NVIDIA A100-SXM4-40GB MIG 4g.20gb (0),1,,13,[CUDA memset]
3513590308,2240,196939,,,,,,,,,,0.000,35.714,Pinned,Device,NVIDIA A100-SXM4-40GB MIG 4g.20gb (0),1,,13,[CUDA memcpy Host-to-Device]
3513596484,11616,196940,,,,,,,,,,0.197,16925.590,Pinned,Device,NVIDIA A100-SXM4-40GB MIG 4g.20gb (0),1,,13,[CUDA memcpy Host-to-Device]
3513615268,11200,196941,273,1,1,48,1,1,40,0.000,0.001,,,,,NVIDIA A100-SXM4-40GB MIG 4g.20gb (0),1,,13,"void pusch_noise_intf_est::noiseIntfEstNoDftSOfdmKernel<float, __half, float, float, (unsigned int)2, (unsigned int)1, (unsigned char)4, (unsigned char)4>(pusch_noise_intf_est::puschRxNoiseIntfEstDynDescr)"
3513631812,2816,196952,35,1,1,128,1,1,16,0.000,0.000,,,,,NVIDIA A100-SXM4-40GB MIG 4g.20gb (0),1,,13,cupy_copy__complex64_complex64
3513647235,2016,196961,1,1,1,1,1,1,18,0.000,0.000,,,,,NVIDIA A100-SXM4-40GB MIG 4g.20gb (0),1,,13,cupy_copy__float32_float32
3513677091,1696,196967,,,,,,,,,,0.000,2.358,Device,Pageable,NVIDIA A100-SXM4-40GB MIG 4g.20gb (0),1,,7,[CUDA memcpy Device-to-Host]
3513737442,12992,196978,1434,1,1,128,1,1,16,0.000,0.000,,,,,NVIDIA A100-SXM4-40GB MIG 4g.20gb (0),1,,13,cupy_copy__complex64_complex64
3513764514,3200,196985,103,1,1,128,1,1,16,0.000,0.000,,,,,NVIDIA A100-SXM4-40GB MIG 4g.20gb (0),1,,13,cupy_copy__complex64_complex64
3513784162,2176,196992,35,1,1,128,1,1,16,0.000,0.000,,,,,NVIDIA A100-SXM4-40GB MIG 4g.20gb (0),1,,13,cupy_copy__complex64_complex64
3513802434,1760,196999,1,1,1,1,1,1,18,0.000,0.000,,,,,NVIDIA A100-SXM4-40GB MIG 4g.20gb (0),1,,13,cupy_copy__float32_float32
3513934112,82783,197010,1,1,1,32,32,1,30,0.000,0.000,,,,,NVIDIA A100-SXM4-40GB MIG 4g.20gb (0),1,,13,"void convert_kernel<__half2, float2>(tensor_layout_any, T1 *, tensor_layout_any, const T2 *)"
3514044735,5568,197013,,,,,,,,,,0.094,16827.521,Pinned,Device,NVIDIA A100-SXM4-40GB MIG 4g.20gb (0),1,,13,[CUDA memcpy Host-to-Device]
3514058942,3232,197014,,,,,,,,,,1.547,478533.199,Device,,NVIDIA A100-SXM4-40GB MIG 4g.20gb (0),1,,13,[CUDA memset]
3514066270,3072,197019,,,,,,,,,,0.031,10187.474,Pinned,Device,NVIDIA A100-SXM4-40GB MIG 4g.20gb (0),1,,13,[CUDA memcpy Host-to-Device]
3514071774,9376,197020,,,,,,,,,,0.197,20969.226,Pinned,Device,NVIDIA A100-SXM4-40GB MIG 4g.20gb (0),1,,13,[CUDA memcpy Host-to-Device]
3514086686,7264,197021,273,1,1,8,4,1,39,0.002,0.000,,,,,NVIDIA A100-SXM4-40GB MIG 4g.20gb (0),1,,13,"void channel_eq::eqMmseCoefCompLowMimoKernel<float, float, float, (unsigned int)4, (unsigned int)1, (unsigned int)4>(const channel_eq::_puschRxChEqStatDescr *, channel_eq::_puschRxChEqCoefCompDynDescr)"
3514095006,5824,197022,273,1,1,12,11,1,51,0.002,0.000,,,,,NVIDIA A100-SXM4-40GB MIG 4g.20gb (0),1,,13,"void channel_eq::eqMmseSoftDemapKernel<float, __half, __half, float, (unsigned int)4, (unsigned short)16383>(channel_eq::_puschRxChEqStatDescr *, channel_eq::_puschRxChEqSoftDemapDynDescr)"
3514101918,282460,197023,1,1,1,32,32,1,30,0.000,0.000,,,,,NVIDIA A100-SXM4-40GB MIG 4g.20gb (0),1,,13,"void convert_kernel<float2, __half2>(tensor_layout_any, T1 *, tensor_layout_any, const T2 *)"
3514387002,10816,197035,2253,1,1,128,1,1,16,0.000,0.000,,,,,NVIDIA A100-SXM4-40GB MIG 4g.20gb (0),1,,13,cupy_copy__float16_float16
3514400890,3712,197044,282,1,1,128,1,1,16,0.000,0.000,,,,,NVIDIA A100-SXM4-40GB MIG 4g.20gb (0),1,,13,cupy_copy__complex64_complex64
3514406810,2272,197053,26,1,1,128,1,1,16,0.000,0.000,,,,,NVIDIA A100-SXM4-40GB MIG 4g.20gb (0),1,,13,cupy_copy__float32_float32
3514410170,2944,197062,103,1,1,128,1,1,16,0.000,0.000,,,,,NVIDIA A100-SXM4-40GB MIG 4g.20gb (0),1,,13,cupy_copy__complex64_complex64
3514415738,11904,197072,1434,1,1,128,1,1,16,0.000,0.000,,,,,NVIDIA A100-SXM4-40GB MIG 4g.20gb (0),1,,13,cupy_copy__complex64_complex64
3514432986,81503,197077,1,1,1,32,32,1,30,0.000,0.000,,,,,NVIDIA A100-SXM4-40GB MIG 4g.20gb (0),1,,13,"void convert_kernel<__half2, float2>(tensor_layout_any, T1 *, tensor_layout_any, const T2 *)"
3514541976,5408,197080,,,,,,,,,,0.094,17325.421,Pinned,Device,NVIDIA A100-SXM4-40GB MIG 4g.20gb (0),1,,13,[CUDA memcpy Host-to-Device]
3514552472,599929,197081,,,,,,,,,,456.561,760631.359,Device,,NVIDIA A100-SXM4-40GB MIG 4g.20gb (0),1,,13,[CUDA memset]
3515155217,70463,197086,,,,,,,,,,1.235,17525.090,Pinned,Device,NVIDIA A100-SXM4-40GB MIG 4g.20gb (0),1,,13,[CUDA memcpy Host-to-Device]
3515229168,14304,197087,,,,,,,,,,0.197,13744.865,Pinned,Device,NVIDIA A100-SXM4-40GB MIG 4g.20gb (0),1,,13,[CUDA memcpy Host-to-Device]
3515249136,8480,197088,69,4,1,48,1,1,76,0.002,0.000,,,,,NVIDIA A100-SXM4-40GB MIG 4g.20gb (0),1,,13,"void ch_est::windowedChEstPreNoDftSOfdmKernel<float, __half, float, (unsigned int)2, (unsigned int)1, (unsigned short)4>(ch_est::puschRxChEstStatDescr_t *, ch_est::puschRxChEstDynDescr_t *)"
3515260528,6399,197089,137,2,1,24,2,1,44,0.001,0.001,,,,,NVIDIA A100-SXM4-40GB MIG 4g.20gb (0),1,,13,"void ch_est::chEstFilterNoDftSOfdmDispatchKernel<float, __half, float, (unsigned int)2>(ch_est::puschRxChEstStatDescr_t *, ch_est::puschRxChEstDynDescr_t *)"
3515270927,5472,197090,137,2,1,24,2,1,44,0.001,0.001,,,,,NVIDIA A100-SXM4-40GB MIG 4g.20gb (0),1,,13,"void ch_est::chEstFilterNoDftSOfdmDispatchKernel<float, __half, float, (unsigned int)2>(ch_est::puschRxChEstStatDescr_t *, ch_est::puschRxChEstDynDescr_t *)"
3515280943,2752,197101,103,1,1,128,1,1,16,0.000,0.000,,,,,NVIDIA A100-SXM4-40GB MIG 4g.20gb (0),1,,13,cupy_copy__complex64_complex64
3515286831,12448,197111,1434,1,1,128,1,1,16,0.000,0.000,,,,,NVIDIA A100-SXM4-40GB MIG 4g.20gb (0),1,,13,cupy_copy__complex64_complex64
3515300591,2656,197118,103,1,1,128,1,1,16,0.000,0.000,,,,,NVIDIA A100-SXM4-40GB MIG 4g.20gb (0),1,,13,cupy_copy__complex64_complex64
3515306447,83935,197125,1,1,1,32,32,1,30,0.000,0.000,,,,,NVIDIA A100-SXM4-40GB MIG 4g.20gb (0),1,,13,"void convert_kernel<__half2, float2>(tensor_layout_any, T1 *, tensor_layout_any, const T2 *)"
3515419374,8511,197128,,,,,,,,,,0.094,11008.812,Pinned,Device,NVIDIA A100-SXM4-40GB MIG 4g.20gb (0),1,,13,[CUDA memcpy Host-to-Device]
3515439309,46912,197129,,,,,,,,,,35.810,763324.255,Device,,NVIDIA A100-SXM4-40GB MIG 4g.20gb (0),1,,13,[CUDA memset]
3515490189,3104,197131,,,,,,,,,,0.000,25.773,Pinned,Device,NVIDIA A100-SXM4-40GB MIG 4g.20gb (0),1,,13,[CUDA memcpy Host-to-Device]
3515497005,13567,197132,,,,,,,,,,0.197,14491.582,Pinned,Device,NVIDIA A100-SXM4-40GB MIG 4g.20gb (0),1,,13,[CUDA memcpy Host-to-Device]
3515517484,9984,197133,273,1,1,48,1,1,40,0.000,0.001,,,,,NVIDIA A100-SXM4-40GB MIG 4g.20gb (0),1,,13,"void pusch_noise_intf_est::noiseIntfEstNoDftSOfdmKernel<float, __half, float, float, (unsigned int)2, (unsigned int)1, (unsigned char)4, (unsigned char)4>(pusch_noise_intf_est::puschRxNoiseIntfEstDynDescr)"
3515533164,3008,197144,35,1,1,128,1,1,16,0.000,0.000,,,,,NVIDIA A100-SXM4-40GB MIG 4g.20gb (0),1,,13,cupy_copy__complex64_complex64
3515548236,1888,197153,1,1,1,1,1,1,18,0.000,0.000,,,,,NVIDIA A100-SXM4-40GB MIG 4g.20gb (0),1,,13,cupy_copy__float32_float32
3515577580,2080,197159,,,,,,,,,,0.000,1.923,Device,Pageable,NVIDIA A100-SXM4-40GB MIG 4g.20gb (0),1,,7,[CUDA memcpy Device-to-Host]
3515639083,13472,197170,1434,1,1,128,1,1,16,0.000,0.000,,,,,NVIDIA A100-SXM4-40GB MIG 4g.20gb (0),1,,13,cupy_copy__complex64_complex64
3515666795,2911,197177,103,1,1,128,1,1,16,0.000,0.000,,,,,NVIDIA A100-SXM4-40GB MIG 4g.20gb (0),1,,13,cupy_copy__complex64_complex64
3515686090,2176,197184,35,1,1,128,1,1,16,0.000,0.000,,,,,NVIDIA A100-SXM4-40GB MIG 4g.20gb (0),1,,13,cupy_copy__complex64_complex64
3515704778,1824,197191,1,1,1,1,1,1,18,0.000,0.000,,,,,NVIDIA A100-SXM4-40GB MIG 4g.20gb (0),1,,13,cupy_copy__float32_float32
3515836520,87263,197202,1,1,1,32,32,1,30,0.000,0.000,,,,,NVIDIA A100-SXM4-40GB MIG 4g.20gb (0),1,,13,"void convert_kernel<__half2, float2>(tensor_layout_any, T1 *, tensor_layout_any, const T2 *)"
3515951879,5376,197205,,,,,,,,,,0.094,17428.487,Pinned,Device,NVIDIA A100-SXM4-40GB MIG 4g.20gb (0),1,,13,[CUDA memcpy Host-to-Device]
3515967111,3584,197206,,,,,,,,,,1.547,431534.389,Device,,NVIDIA A100-SXM4-40GB MIG 4g.20gb (0),1,,13,[CUDA memset]
3515973895,3392,197211,,,,,,,,,,0.031,9226.405,Pinned,Device,NVIDIA A100-SXM4-40GB MIG 4g.20gb (0),1,,13,[CUDA memcpy Host-to-Device]
3515979879,9472,197212,,,,,,,,,,0.197,20756.693,Pinned,Device,NVIDIA A100-SXM4-40GB MIG 4g.20gb (0),1,,13,[CUDA memcpy Host-to-Device]
3515994694,7616,197213,273,1,1,8,4,1,39,0.002,0.000,,,,,NVIDIA A100-SXM4-40GB MIG 4g.20gb (0),1,,13,"void channel_eq::eqMmseCoefCompLowMimoKernel<float, float, float, (unsigned int)4, (unsigned int)1, (unsigned int)4>(const channel_eq::_puschRxChEqStatDescr *, channel_eq::_puschRxChEqCoefCompDynDescr)"
3516003270,6048,197214,273,1,1,12,11,1,51,0.002,0.000,,,,,NVIDIA A100-SXM4-40GB MIG 4g.20gb (0),1,,13,"void channel_eq::eqMmseSoftDemapKernel<float, __half, __half, float, (unsigned int)4, (unsigned short)16383>(channel_eq::_puschRxChEqStatDescr *, channel_eq::_puschRxChEqSoftDemapDynDescr)"
3516010406,283005,197215,1,1,1,32,32,1,30,0.000,0.000,,,,,NVIDIA A100-SXM4-40GB MIG 4g.20gb (0),1,,13,"void convert_kernel<float2, __half2>(tensor_layout_any, T1 *, tensor_layout_any, const T2 *)"
3516294467,10944,197227,2253,1,1,128,1,1,16,0.000,0.000,,,,,NVIDIA A100-SXM4-40GB MIG 4g.20gb (0),1,,13,cupy_copy__float16_float16
3516307875,3840,197236,282,1,1,128,1,1,16,0.000,0.000,,,,,NVIDIA A100-SXM4-40GB MIG 4g.20gb (0),1,,13,cupy_copy__complex64_complex64
3516314467,2143,197245,26,1,1,128,1,1,16,0.000,0.000,,,,,NVIDIA A100-SXM4-40GB MIG 4g.20gb (0),1,,13,cupy_copy__float32_float32
3516318242,3904,197254,103,1,1,128,1,1,16,0.000,0.000,,,,,NVIDIA A100-SXM4-40GB MIG 4g.20gb (0),1,,13,cupy_copy__complex64_complex64
3516323106,11744,197264,1434,1,1,128,1,1,16,0.000,0.000,,,,,NVIDIA A100-SXM4-40GB MIG 4g.20gb (0),1,,13,cupy_copy__complex64_complex64
3516343362,82335,197269,1,1,1,32,32,1,30,0.000,0.000,,,,,NVIDIA A100-SXM4-40GB MIG 4g.20gb (0),1,,13,"void convert_kernel<__half2, float2>(tensor_layout_any, T1 *, tensor_layout_any, const T2 *)"
3516452737,5440,197272,,,,,,,,,,0.094,17223.480,Pinned,Device,NVIDIA A100-SXM4-40GB MIG 4g.20gb (0),1,,13,[CUDA memcpy Host-to-Device]
3516462721,607672,197273,,,,,,,,,,456.561,751043.569,Device,,NVIDIA A100-SXM4-40GB MIG 4g.20gb (0),1,,13,[CUDA memset]
3517076665,68095,197278,,,,,,,,,,1.235,18135.153,Pinned,Device,NVIDIA A100-SXM4-40GB MIG 4g.20gb (0),1,,13,[CUDA memcpy Host-to-Device]
3517147448,14176,197279,,,,,,,,,,0.197,13868.925,Pinned,Device,NVIDIA A100-SXM4-40GB MIG 4g.20gb (0),1,,13,[CUDA memcpy Host-to-Device]
3517166648,7616,197280,69,4,1,48,1,1,76,0.002,0.000,,,,,NVIDIA A100-SXM4-40GB MIG 4g.20gb (0),1,,13,"void ch_est::windowedChEstPreNoDftSOfdmKernel<float, __half, float, (unsigned int)2, (unsigned int)1, (unsigned short)4>(ch_est::puschRxChEstStatDescr_t *, ch_est::puschRxChEstDynDescr_t *)"
3517178328,6464,197281,137,2,1,24,2,1,44,0.001,0.001,,,,,NVIDIA A100-SXM4-40GB MIG 4g.20gb (0),1,,13,"void ch_est::chEstFilterNoDftSOfdmDispatchKernel<float, __half, float, (unsigned int)2>(ch_est::puschRxChEstStatDescr_t *, ch_est::puschRxChEstDynDescr_t *)"
3517190200,5184,197282,137,2,1,24,2,1,44,0.001,0.001,,,,,NVIDIA A100-SXM4-40GB MIG 4g.20gb (0),1,,13,"void ch_est::chEstFilterNoDftSOfdmDispatchKernel<float, __half, float, (unsigned int)2>(ch_est::puschRxChEstStatDescr_t *, ch_est::puschRxChEstDynDescr_t *)"
3517200408,2528,197293,103,1,1,128,1,1,16,0.000,0.000,,,,,NVIDIA A100-SXM4-40GB MIG 4g.20gb (0),1,,13,cupy_copy__complex64_complex64
3517206807,12352,197303,1434,1,1,128,1,1,16,0.000,0.000,,,,,NVIDIA A100-SXM4-40GB MIG 4g.20gb (0),1,,13,cupy_copy__complex64_complex64
3517221879,2496,197310,103,1,1,128,1,1,16,0.000,0.000,,,,,NVIDIA A100-SXM4-40GB MIG 4g.20gb (0),1,,13,cupy_copy__complex64_complex64
3517230103,88831,197317,1,1,1,32,32,1,30,0.000,0.000,,,,,NVIDIA A100-SXM4-40GB MIG 4g.20gb (0),1,,13,"void convert_kernel<__half2, float2>(tensor_layout_any, T1 *, tensor_layout_any, const T2 *)"
3517346902,9504,197320,,,,,,,,,,0.094,9858.506,Pinned,Device,NVIDIA A100-SXM4-40GB MIG 4g.20gb (0),1,,13,[CUDA memcpy Host-to-Device]
3517363926,48863,197321,,,,,,,,,,35.810,732850.013,Device,,NVIDIA A100-SXM4-40GB MIG 4g.20gb (0),1,,13,[CUDA memset]
3517418997,2336,197323,,,,,,,,,,0.000,34.247,Pinned,Device,NVIDIA A100-SXM4-40GB MIG 4g.20gb (0),1,,13,[CUDA memcpy Host-to-Device]
3517426197,12960,197324,,,,,,,,,,0.197,15170.273,Pinned,Device,NVIDIA A100-SXM4-40GB MIG 4g.20gb (0),1,,13,[CUDA memcpy Host-to-Device]
3517446517,9407,197325,273,1,1,48,1,1,40,0.000,0.001,,,,,NVIDIA A100-SXM4-40GB MIG 4g.20gb (0),1,,13,"void pusch_noise_intf_est::noiseIntfEstNoDftSOfdmKernel<float, __half, float, float, (unsigned int)2, (unsigned int)1, (unsigned char)4, (unsigned char)4>(pusch_noise_intf_est::puschRxNoiseIntfEstDynDescr)"
3517462260,2784,197336,35,1,1,128,1,1,16,0.000,0.000,,,,,NVIDIA A100-SXM4-40GB MIG 4g.20gb (0),1,,13,cupy_copy__complex64_complex64
3517469812,1696,197345,1,1,1,1,1,1,18,0.000,0.000,,,,,NVIDIA A100-SXM4-40GB MIG 4g.20gb (0),1,,13,cupy_copy__float32_float32
3517501460,1664,197351,,,,,,,,,,0.000,2.404,Device,Pageable,NVIDIA A100-SXM4-40GB MIG 4g.20gb (0),1,,7,[CUDA memcpy Device-to-Host]
3517562131,12928,197362,1434,1,1,128,1,1,16,0.000,0.000,,,,,NVIDIA A100-SXM4-40GB MIG 4g.20gb (0),1,,13,cupy_copy__complex64_complex64
3517590739,3296,197369,103,1,1,128,1,1,16,0.000,0.000,,,,,NVIDIA A100-SXM4-40GB MIG 4g.20gb (0),1,,13,cupy_copy__complex64_complex64
3517610034,2176,197376,35,1,1,128,1,1,16,0.000,0.000,,,,,NVIDIA A100-SXM4-40GB MIG 4g.20gb (0),1,,13,cupy_copy__complex64_complex64
3517627730,1888,197383,1,1,1,1,1,1,18,0.000,0.000,,,,,NVIDIA A100-SXM4-40GB MIG 4g.20gb (0),1,,13,cupy_copy__float32_float32
3517759601,85631,197394,1,1,1,32,32,1,30,0.000,0.000,,,,,NVIDIA A100-SXM4-40GB MIG 4g.20gb (0),1,,13,"void convert_kernel<__half2, float2>(tensor_layout_any, T1 *, tensor_layout_any, const T2 *)"
3517872687,5408,197397,,,,,,,,,,0.094,17325.421,Pinned,Device,NVIDIA A100-SXM4-40GB MIG 4g.20gb (0),1,,13,[CUDA memcpy Host-to-Device]
3517887119,3360,197398,,,,,,,,,,1.547,460304.688,Device,,NVIDIA A100-SXM4-40GB MIG 4g.20gb (0),1,,13,[CUDA memset]
3517894415,3040,197403,,,,,,,,,,0.031,10294.725,Pinned,Device,NVIDIA A100-SXM4-40GB MIG 4g.20gb (0),1,,13,[CUDA memcpy Host-to-Device]
3517900175,9408,197404,,,,,,,,,,0.197,20897.858,Pinned,Device,NVIDIA A100-SXM4-40GB MIG 4g.20gb (0),1,,13,[CUDA memcpy Host-to-Device]
3517913199,6048,197405,273,1,1,8,4,1,39,0.002,0.000,,,,,NVIDIA A100-SXM4-40GB MIG 4g.20gb (0),1,,13,"void channel_eq::eqMmseCoefCompLowMimoKernel<float, float, float, (unsigned int)4, (unsigned int)1, (unsigned int)4>(const channel_eq::_puschRxChEqStatDescr *, channel_eq::_puschRxChEqCoefCompDynDescr)"
3517920335,5536,197406,273,1,1,12,11,1,51,0.002,0.000,,,,,NVIDIA A100-SXM4-40GB MIG 4g.20gb (0),1,,13,"void channel_eq::eqMmseSoftDemapKernel<float, __half, __half, float, (unsigned int)4, (unsigned short)16383>(channel_eq::_puschRxChEqStatDescr *, channel_eq::_puschRxChEqSoftDemapDynDescr)"
3517927183,294780,197407,1,1,1,32,32,1,30,0.000,0.000,,,,,NVIDIA A100-SXM4-40GB MIG 4g.20gb (0),1,,13,"void convert_kernel<float2, __half2>(tensor_layout_any, T1 *, tensor_layout_any, const T2 *)"
3518223659,11008,197419,2253,1,1,128,1,1,16,0.000,0.000,,,,,NVIDIA A100-SXM4-40GB MIG 4g.20gb (0),1,,13,cupy_copy__float16_float16
3518237227,3264,197428,282,1,1,128,1,1,16,0.000,0.000,,,,,NVIDIA A100-SXM4-40GB MIG 4g.20gb (0),1,,13,cupy_copy__complex64_complex64
3518241579,1984,197437,26,1,1,128,1,1,16,0.000,0.000,,,,,NVIDIA A100-SXM4-40GB MIG 4g.20gb (0),1,,13,cupy_copy__float32_float32
3518246347,3168,197446,103,1,1,128,1,1,16,0.000,0.000,,,,,NVIDIA A100-SXM4-40GB MIG 4g.20gb (0),1,,13,cupy_copy__complex64_complex64
3518250667,11871,197456,1434,1,1,128,1,1,16,0.000,0.000,,,,,NVIDIA A100-SXM4-40GB MIG 4g.20gb (0),1,,13,cupy_copy__complex64_complex64
3518263786,82559,197461,1,1,1,32,32,1,30,0.000,0.000,,,,,NVIDIA A100-SXM4-40GB MIG 4g.20gb (0),1,,13,"void convert_kernel<__half2, float2>(tensor_layout_any, T1 *, tensor_layout_any, const T2 *)"
3518373673,5408,197464,,,,,,,,,,0.094,17325.421,Pinned,Device,NVIDIA A100-SXM4-40GB MIG 4g.20gb (0),1,,13,[CUDA memcpy Host-to-Device]
3518383977,603288,197465,,,,,,,,,,456.561,756522.306,Device,,NVIDIA A100-SXM4-40GB MIG 4g.20gb (0),1,,13,[CUDA memset]
3518991137,69216,197470,,,,,,,,,,1.235,17841.236,Pinned,Device,NVIDIA A100-SXM4-40GB MIG 4g.20gb (0),1,,13,[CUDA memcpy Host-to-Device]
3519064289,15231,197471,,,,,,,,,,0.197,12908.298,Pinned,Device,NVIDIA A100-SXM4-40GB MIG 4g.20gb (0),1,,13,[CUDA memcpy Host-to-Device]
3519088736,8544,197472,69,4,1,48,1,1,76,0.002,0.000,,,,,NVIDIA A100-SXM4-40GB MIG 4g.20gb (0),1,,13,"void ch_est::windowedChEstPreNoDftSOfdmKernel<float, __half, float, (unsigned int)2, (unsigned int)1, (unsigned short)4>(ch_est::puschRxChEstStatDescr_t *, ch_est::puschRxChEstDynDescr_t *)"
3519099776,7008,197473,137,2,1,24,2,1,44,0.001,0.001,,,,,NVIDIA A100-SXM4-40GB MIG 4g.20gb (0),1,,13,"void ch_est::chEstFilterNoDftSOfdmDispatchKernel<float, __half, float, (unsigned int)2>(ch_est::puschRxChEstStatDescr_t *, ch_est::puschRxChEstDynDescr_t *)"
3519110720,5120,197474,137,2,1,24,2,1,44,0.001,0.001,,,,,NVIDIA A100-SXM4-40GB MIG 4g.20gb (0),1,,13,"void ch_est::chEstFilterNoDftSOfdmDispatchKernel<float, __half, float, (unsigned int)2>(ch_est::puschRxChEstStatDescr_t *, ch_est::puschRxChEstDynDescr_t *)"
3519121632,2624,197485,103,1,1,128,1,1,16,0.000,0.000,,,,,NVIDIA A100-SXM4-40GB MIG 4g.20gb (0),1,,13,cupy_copy__complex64_complex64
3519127328,12480,197495,1434,1,1,128,1,1,16,0.000,0.000,,,,,NVIDIA A100-SXM4-40GB MIG 4g.20gb (0),1,,13,cupy_copy__complex64_complex64
3519144352,2623,197502,103,1,1,128,1,1,16,0.000,0.000,,,,,NVIDIA A100-SXM4-40GB MIG 4g.20gb (0),1,,13,cupy_copy__complex64_complex64
3519150655,83775,197509,1,1,1,32,32,1,30,0.000,0.000,,,,,NVIDIA A100-SXM4-40GB MIG 4g.20gb (0),1,,13,"void convert_kernel<__half2, float2>(tensor_layout_any, T1 *, tensor_layout_any, const T2 *)"
3519263678,9696,197512,,,,,,,,,,0.094,9663.337,Pinned,Device,NVIDIA A100-SXM4-40GB MIG 4g.20gb (0),1,,13,[CUDA memcpy Host-to-Device]
3519281022,48767,197513,,,,,,,,,,35.810,734282.410,Device,,NVIDIA A100-SXM4-40GB MIG 4g.20gb (0),1,,13,[CUDA memset]
3519337949,3712,197515,,,,,,,,,,0.000,21.552,Pinned,Device,NVIDIA A100-SXM4-40GB MIG 4g.20gb (0),1,,13,[CUDA memcpy Host-to-Device]
3519345149,14656,197516,,,,,,,,,,0.197,13414.760,Pinned,Device,NVIDIA A100-SXM4-40GB MIG 4g.20gb (0),1,,13,[CUDA memcpy Host-to-Device]
3519369853,9632,197517,273,1,1,48,1,1,40,0.000,0.001,,,,,NVIDIA A100-SXM4-40GB MIG 4g.20gb (0),1,,13,"void pusch_noise_intf_est::noiseIntfEstNoDftSOfdmKernel<float, __half, float, float, (unsigned int)2, (unsigned int)1, (unsigned char)4, (unsigned char)4>(pusch_noise_intf_est::puschRxNoiseIntfEstDynDescr)"
3519384637,3040,197528,35,1,1,128,1,1,16,0.000,0.000,,,,,NVIDIA A100-SXM4-40GB MIG 4g.20gb (0),1,,13,cupy_copy__complex64_complex64
3519390268,1728,197537,1,1,1,1,1,1,18,0.000,0.000,,,,,NVIDIA A100-SXM4-40GB MIG 4g.20gb (0),1,,13,cupy_copy__float32_float32
3519416028,2528,197543,,,,,,,,,,0.000,1.582,Device,Pageable,NVIDIA A100-SXM4-40GB MIG 4g.20gb (0),1,,7,[CUDA memcpy Device-to-Host]
3519478491,12992,197554,1434,1,1,128,1,1,16,0.000,0.000,,,,,NVIDIA A100-SXM4-40GB MIG 4g.20gb (0),1,,13,cupy_copy__complex64_complex64
3519506075,2912,197561,103,1,1,128,1,1,16,0.000,0.000,,,,,NVIDIA A100-SXM4-40GB MIG 4g.20gb (0),1,,13,cupy_copy__complex64_complex64
3519525211,2304,197568,35,1,1,128,1,1,16,0.000,0.000,,,,,NVIDIA A100-SXM4-40GB MIG 4g.20gb (0),1,,13,cupy_copy__complex64_complex64
3519543547,1760,197575,1,1,1,1,1,1,18,0.000,0.000,,,,,NVIDIA A100-SXM4-40GB MIG 4g.20gb (0),1,,13,cupy_copy__float32_float32
3519675641,82911,197586,1,1,1,32,32,1,30,0.000,0.000,,,,,NVIDIA A100-SXM4-40GB MIG 4g.20gb (0),1,,13,"void convert_kernel<__half2, float2>(tensor_layout_any, T1 *, tensor_layout_any, const T2 *)"
3519787160,5472,197589,,,,,,,,,,0.094,17122.757,Pinned,Device,NVIDIA A100-SXM4-40GB MIG 4g.20gb (0),1,,13,[CUDA memcpy Host-to-Device]
3519801815,3456,197590,,,,,,,,,,1.547,447517.201,Device,,NVIDIA A100-SXM4-40GB MIG 4g.20gb (0),1,,13,[CUDA memset]
3519808791,3040,197595,,,,,,,,,,0.031,10294.725,Pinned,Device,NVIDIA A100-SXM4-40GB MIG 4g.20gb (0),1,,13,[CUDA memcpy Host-to-Device]
3519813911,9408,197596,,,,,,,,,,0.197,20897.858,Pinned,Device,NVIDIA A100-SXM4-40GB MIG 4g.20gb (0),1,,13,[CUDA memcpy Host-to-Device]
3519827479,6560,197597,273,1,1,8,4,1,39,0.002,0.000,,,,,NVIDIA A100-SXM4-40GB MIG 4g.20gb (0),1,,13,"void channel_eq::eqMmseCoefCompLowMimoKernel<float, float, float, (unsigned int)4, (unsigned int)1, (unsigned int)4>(const channel_eq::_puschRxChEqStatDescr *, channel_eq::_puschRxChEqCoefCompDynDescr)"
3519834999,5632,197598,273,1,1,12,11,1,51,0.002,0.000,,,,,NVIDIA A100-SXM4-40GB MIG 4g.20gb (0),1,,13,"void channel_eq::eqMmseSoftDemapKernel<float, __half, __half, float, (unsigned int)4, (unsigned short)16383>(channel_eq::_puschRxChEqStatDescr *, channel_eq::_puschRxChEqSoftDemapDynDescr)"
3519841655,283388,197599,1,1,1,32,32,1,30,0.000,0.000,,,,,NVIDIA A100-SXM4-40GB MIG 4g.20gb (0),1,,13,"void convert_kernel<float2, __half2>(tensor_layout_any, T1 *, tensor_layout_any, const T2 *)"
3520126099,10976,197611,2253,1,1,128,1,1,16,0.000,0.000,,,,,NVIDIA A100-SXM4-40GB MIG 4g.20gb (0),1,,13,cupy_copy__float16_float16
3520140787,3680,197620,282,1,1,128,1,1,16,0.000,0.000,,,,,NVIDIA A100-SXM4-40GB MIG 4g.20gb (0),1,,13,cupy_copy__complex64_complex64
3520147667,2016,197629,26,1,1,128,1,1,16,0.000,0.000,,,,,NVIDIA A100-SXM4-40GB MIG 4g.20gb (0),1,,13,cupy_copy__float32_float32
3520150771,4576,197638,103,1,1,128,1,1,16,0.000,0.000,,,,,NVIDIA A100-SXM4-40GB MIG 4g.20gb (0),1,,13,cupy_copy__complex64_complex64
3520156467,11968,197648,1434,1,1,128,1,1,16,0.000,0.000,,,,,NVIDIA A100-SXM4-40GB MIG 4g.20gb (0),1,,13,cupy_copy__complex64_complex64
3520179635,81855,197653,1,1,1,32,32,1,30,0.000,0.000,,,,,NVIDIA A100-SXM4-40GB MIG 4g.20gb (0),1,,13,"void convert_kernel<__half2, float2>(tensor_layout_any, T1 *, tensor_layout_any, const T2 *)"
3520288273,5440,197656,,,,,,,,,,0.094,17223.480,Pinned,Device,NVIDIA A100-SXM4-40GB MIG 4g.20gb (0),1,,13,[CUDA memcpy Host-to-Device]
3520299057,604921,197657,,,,,,,,,,456.561,754696.060,Device,,NVIDIA A100-SXM4-40GB MIG 4g.20gb (0),1,,13,[CUDA memset]
3520905770,70911,197662,,,,,,,,,,1.235,17415.180,Pinned,Device,NVIDIA A100-SXM4-40GB MIG 4g.20gb (0),1,,13,[CUDA memcpy Host-to-Device]
3520980617,15040,197663,,,,,,,,,,0.197,13072.269,Pinned,Device,NVIDIA A100-SXM4-40GB MIG 4g.20gb (0),1,,13,[CUDA memcpy Host-to-Device]
3521002057,8927,197664,69,4,1,48,1,1,76,0.002,0.000,,,,,NVIDIA A100-SXM4-40GB MIG 4g.20gb (0),1,,13,"void ch_est::windowedChEstPreNoDftSOfdmKernel<float, __half, float, (unsigned int)2, (unsigned int)1, (unsigned short)4>(ch_est::puschRxChEstStatDescr_t *, ch_est::puschRxChEstDynDescr_t *)"
3521014088,6336,197665,137,2,1,24,2,1,44,0.001,0.001,,,,,NVIDIA A100-SXM4-40GB MIG 4g.20gb (0),1,,13,"void ch_est::chEstFilterNoDftSOfdmDispatchKernel<float, __half, float, (unsigned int)2>(ch_est::puschRxChEstStatDescr_t *, ch_est::puschRxChEstDynDescr_t *)"
3521024520,5600,197666,137,2,1,24,2,1,44,0.001,0.001,,,,,NVIDIA A100-SXM4-40GB MIG 4g.20gb (0),1,,13,"void ch_est::chEstFilterNoDftSOfdmDispatchKernel<float, __half, float, (unsigned int)2>(ch_est::puschRxChEstStatDescr_t *, ch_est::puschRxChEstDynDescr_t *)"
3521035272,2528,197677,103,1,1,128,1,1,16,0.000,0.000,,,,,NVIDIA A100-SXM4-40GB MIG 4g.20gb (0),1,,13,cupy_copy__complex64_complex64
3521041928,12512,197687,1434,1,1,128,1,1,16,0.000,0.000,,,,,NVIDIA A100-SXM4-40GB MIG 4g.20gb (0),1,,13,cupy_copy__complex64_complex64
3521056840,2848,197694,103,1,1,128,1,1,16,0.000,0.000,,,,,NVIDIA A100-SXM4-40GB MIG 4g.20gb (0),1,,13,cupy_copy__complex64_complex64
3521064360,84959,197701,1,1,1,32,32,1,30,0.000,0.000,,,,,NVIDIA A100-SXM4-40GB MIG 4g.20gb (0),1,,13,"void convert_kernel<__half2, float2>(tensor_layout_any, T1 *, tensor_layout_any, const T2 *)"
3521178694,8512,197704,,,,,,,,,,0.094,11007.500,Pinned,Device,NVIDIA A100-SXM4-40GB MIG 4g.20gb (0),1,,13,[CUDA memcpy Host-to-Device]
3521192966,48288,197705,,,,,,,,,,35.810,741587.633,Device,,NVIDIA A100-SXM4-40GB MIG 4g.20gb (0),1,,13,[CUDA memset]
3521247078,3551,197707,,,,,,,,,,0.000,22.529,Pinned,Device,NVIDIA A100-SXM4-40GB MIG 4g.20gb (0),1,,13,[CUDA memcpy Host-to-Device]
3521254053,13856,197708,,,,,,,,,,0.197,14189.199,Pinned,Device,NVIDIA A100-SXM4-40GB MIG 4g.20gb (0),1,,13,[CUDA memcpy Host-to-Device]
3521277413,10752,197709,273,1,1,48,1,1,40,0.000,0.001,,,,,NVIDIA A100-SXM4-40GB MIG 4g.20gb (0),1,,13,"void pusch_noise_intf_est::noiseIntfEstNoDftSOfdmKernel<float, __half, float, float, (unsigned int)2, (unsigned int)1, (unsigned char)4, (unsigned char)4>(pusch_noise_intf_est::puschRxNoiseIntfEstDynDescr)"
3521292581,2752,197720,35,1,1,128,1,1,16,0.000,0.000,,,,,NVIDIA A100-SXM4-40GB MIG 4g.20gb (0),1,,13,cupy_copy__complex64_complex64
3521299813,1984,197729,1,1,1,1,1,1,18,0.000,0.000,,,,,NVIDIA A100-SXM4-40GB MIG 4g.20gb (0),1,,13,cupy_copy__float32_float32
3521330628,1792,197735,,,,,,,,,,0.000,2.232,Device,Pageable,NVIDIA A100-SXM4-40GB MIG 4g.20gb (0),1,,7,[CUDA memcpy Device-to-Host]
3521392228,12800,197746,1434,1,1,128,1,1,16,0.000,0.000,,,,,NVIDIA A100-SXM4-40GB MIG 4g.20gb (0),1,,13,cupy_copy__complex64_complex64
3521419459,2880,197753,103,1,1,128,1,1,16,0.000,0.000,,,,,NVIDIA A100-SXM4-40GB MIG 4g.20gb (0),1,,13,cupy_copy__complex64_complex64
3521439811,2496,197760,35,1,1,128,1,1,16,0.000,0.000,,,,,NVIDIA A100-SXM4-40GB MIG 4g.20gb (0),1,,13,cupy_copy__complex64_complex64
3521458371,1856,197767,1,1,1,1,1,1,18,0.000,0.000,,,,,NVIDIA A100-SXM4-40GB MIG 4g.20gb (0),1,,13,cupy_copy__float32_float32
3521590209,86815,197778,1,1,1,32,32,1,30,0.000,0.000,,,,,NVIDIA A100-SXM4-40GB MIG 4g.20gb (0),1,,13,"void convert_kernel<__half2, float2>(tensor_layout_any, T1 *, tensor_layout_any, const T2 *)"
3521704736,5504,197781,,,,,,,,,,0.094,17023.251,Pinned,Device,NVIDIA A100-SXM4-40GB MIG 4g.20gb (0),1,,13,[CUDA memcpy Host-to-Device]
3521719296,3392,197782,,,,,,,,,,1.547,455961.768,Device,,NVIDIA A100-SXM4-40GB MIG 4g.20gb (0),1,,13,[CUDA memset]
3521726144,3104,197787,,,,,,,,,,0.031,10082.445,Pinned,Device,NVIDIA A100-SXM4-40GB MIG 4g.20gb (0),1,,13,[CUDA memcpy Host-to-Device]
3521731680,9343,197788,,,,,,,,,,0.197,21043.347,Pinned,Device,NVIDIA A100-SXM4-40GB MIG 4g.20gb (0),1,,13,[CUDA memcpy Host-to-Device]
3521746175,6880,197789,273,1,1,8,4,1,39,0.002,0.000,,,,,NVIDIA A100-SXM4-40GB MIG 4g.20gb (0),1,,13,"void channel_eq::eqMmseCoefCompLowMimoKernel<float, float, float, (unsigned int)4, (unsigned int)1, (unsigned int)4>(const channel_eq::_puschRxChEqStatDescr *, channel_eq::_puschRxChEqCoefCompDynDescr)"
3521755199,6272,197790,273,1,1,12,11,1,51,0.002,0.000,,,,,NVIDIA A100-SXM4-40GB MIG 4g.20gb (0),1,,13,"void channel_eq::eqMmseSoftDemapKernel<float, __half, __half, float, (unsigned int)4, (unsigned short)16383>(channel_eq::_puschRxChEqStatDescr *, channel_eq::_puschRxChEqSoftDemapDynDescr)"
3521762527,282749,197791,1,1,1,32,32,1,30,0.000,0.000,,,,,NVIDIA A100-SXM4-40GB MIG 4g.20gb (0),1,,13,"void convert_kernel<float2, __half2>(tensor_layout_any, T1 *, tensor_layout_any, const T2 *)"
3522048636,10975,197803,2253,1,1,128,1,1,16,0.000,0.000,,,,,NVIDIA A100-SXM4-40GB MIG 4g.20gb (0),1,,13,cupy_copy__float16_float16
3522061691,3488,197812,282,1,1,128,1,1,16,0.000,0.000,,,,,NVIDIA A100-SXM4-40GB MIG 4g.20gb (0),1,,13,cupy_copy__complex64_complex64
3522068123,2112,197821,26,1,1,128,1,1,16,0.000,0.000,,,,,NVIDIA A100-SXM4-40GB MIG 4g.20gb (0),1,,13,cupy_copy__float32_float32
3522071323,4768,197830,103,1,1,128,1,1,16,0.000,0.000,,,,,NVIDIA A100-SXM4-40GB MIG 4g.20gb (0),1,,13,cupy_copy__complex64_complex64
3522077659,11840,197840,1434,1,1,128,1,1,16,0.000,0.000,,,,,NVIDIA A100-SXM4-40GB MIG 4g.20gb (0),1,,13,cupy_copy__complex64_complex64
3522099995,86879,197845,1,1,1,32,32,1,30,0.000,0.000,,,,,NVIDIA A100-SXM4-40GB MIG 4g.20gb (0),1,,13,"void convert_kernel<__half2, float2>(tensor_layout_any, T1 *, tensor_layout_any, const T2 *)"
3522213946,5408,197848,,,,,,,,,,0.094,17325.421,Pinned,Device,NVIDIA A100-SXM4-40GB MIG 4g.20gb (0),1,,13,[CUDA memcpy Host-to-Device]
3522223449,601049,197849,,,,,,,,,,456.561,759261.675,Device,,NVIDIA A100-SXM4-40GB MIG 4g.20gb (0),1,,13,[CUDA memset]
3522829042,69279,197854,,,,,,,,,,1.235,17825.182,Pinned,Device,NVIDIA A100-SXM4-40GB MIG 4g.20gb (0),1,,13,[CUDA memcpy Host-to-Device]
3522903217,15776,197855,,,,,,,,,,0.197,12462.391,Pinned,Device,NVIDIA A100-SXM4-40GB MIG 4g.20gb (0),1,,13,[CUDA memcpy Host-to-Device]
3522928337,8160,197856,69,4,1,48,1,1,76,0.002,0.000,,,,,NVIDIA A100-SXM4-40GB MIG 4g.20gb (0),1,,13,"void ch_est::windowedChEstPreNoDftSOfdmKernel<float, __half, float, (unsigned int)2, (unsigned int)1, (unsigned short)4>(ch_est::puschRxChEstStatDescr_t *, ch_est::puschRxChEstDynDescr_t *)"
3522939921,6208,197857,137,2,1,24,2,1,44,0.001,0.001,,,,,NVIDIA A100-SXM4-40GB MIG 4g.20gb (0),1,,13,"void ch_est::chEstFilterNoDftSOfdmDispatchKernel<float, __half, float, (unsigned int)2>(ch_est::puschRxChEstStatDescr_t *, ch_est::puschRxChEstDynDescr_t *)"
3522949392,5536,197858,137,2,1,24,2,1,44,0.001,0.001,,,,,NVIDIA A100-SXM4-40GB MIG 4g.20gb (0),1,,13,"void ch_est::chEstFilterNoDftSOfdmDispatchKernel<float, __half, float, (unsigned int)2>(ch_est::puschRxChEstStatDescr_t *, ch_est::puschRxChEstDynDescr_t *)"
3522959664,2912,197869,103,1,1,128,1,1,16,0.000,0.000,,,,,NVIDIA A100-SXM4-40GB MIG 4g.20gb (0),1,,13,cupy_copy__complex64_complex64
3522965456,12416,197879,1434,1,1,128,1,1,16,0.000,0.000,,,,,NVIDIA A100-SXM4-40GB MIG 4g.20gb (0),1,,13,cupy_copy__complex64_complex64
3522979088,2656,197886,103,1,1,128,1,1,16,0.000,0.000,,,,,NVIDIA A100-SXM4-40GB MIG 4g.20gb (0),1,,13,cupy_copy__complex64_complex64
3522986352,83519,197893,1,1,1,32,32,1,30,0.000,0.000,,,,,NVIDIA A100-SXM4-40GB MIG 4g.20gb (0),1,,13,"void convert_kernel<__half2, float2>(tensor_layout_any, T1 *, tensor_layout_any, const T2 *)"
3523099055,9280,197896,,,,,,,,,,0.094,10096.494,Pinned,Device,NVIDIA A100-SXM4-40GB MIG 4g.20gb (0),1,,13,[CUDA memcpy Host-to-Device]
3523115310,47424,197897,,,,,,,,,,35.810,755087.973,Device,,NVIDIA A100-SXM4-40GB MIG 4g.20gb (0),1,,13,[CUDA memset]
3523166734,4608,197899,,,,,,,,,,0.000,17.361,Pinned,Device,NVIDIA A100-SXM4-40GB MIG 4g.20gb (0),1,,13,[CUDA memcpy Host-to-Device]
3523175118,13536,197900,,,,,,,,,,0.197,14524.809,Pinned,Device,NVIDIA A100-SXM4-40GB MIG 4g.20gb (0),1,,13,[CUDA memcpy Host-to-Device]
3523197389,11488,197901,273,1,1,48,1,1,40,0.000,0.001,,,,,NVIDIA A100-SXM4-40GB MIG 4g.20gb (0),1,,13,"void pusch_noise_intf_est::noiseIntfEstNoDftSOfdmKernel<float, __half, float, float, (unsigned int)2, (unsigned int)1, (unsigned char)4, (unsigned char)4>(pusch_noise_intf_est::puschRxNoiseIntfEstDynDescr)"
3523210093,2944,197912,35,1,1,128,1,1,16,0.000,0.000,,,,,NVIDIA A100-SXM4-40GB MIG 4g.20gb (0),1,,13,cupy_copy__complex64_complex64
3523221517,2016,197921,1,1,1,1,1,1,18,0.000,0.000,,,,,NVIDIA A100-SXM4-40GB MIG 4g.20gb (0),1,,13,cupy_copy__float32_float32
3523251469,1792,197927,,,,,,,,,,0.000,2.232,Device,Pageable,NVIDIA A100-SXM4-40GB MIG 4g.20gb (0),1,,7,[CUDA memcpy Device-to-Host]
3523313612,12896,197938,1434,1,1,128,1,1,16,0.000,0.000,,,,,NVIDIA A100-SXM4-40GB MIG 4g.20gb (0),1,,13,cupy_copy__complex64_complex64
3523339180,3392,197945,103,1,1,128,1,1,16,0.000,0.000,,,,,NVIDIA A100-SXM4-40GB MIG 4g.20gb (0),1,,13,cupy_copy__complex64_complex64
3523360459,2656,197952,35,1,1,128,1,1,16,0.000,0.000,,,,,NVIDIA A100-SXM4-40GB MIG 4g.20gb (0),1,,13,cupy_copy__complex64_complex64
3523378699,1824,197959,1,1,1,1,1,1,18,0.000,0.000,,,,,NVIDIA A100-SXM4-40GB MIG 4g.20gb (0),1,,13,cupy_copy__float32_float32
3523511786,82335,197970,1,1,1,32,32,1,30,0.000,0.000,,,,,NVIDIA A100-SXM4-40GB MIG 4g.20gb (0),1,,13,"void convert_kernel<__half2, float2>(tensor_layout_any, T1 *, tensor_layout_any, const T2 *)"
3523621704,5568,197973,,,,,,,,,,0.094,16827.521,Pinned,Device,NVIDIA A100-SXM4-40GB MIG 4g.20gb (0),1,,13,[CUDA memcpy Host-to-Device]
3523636872,3392,197974,,,,,,,,,,1.547,455961.768,Device,,NVIDIA A100-SXM4-40GB MIG 4g.20gb (0),1,,13,[CUDA memset]
3523643016,3072,197979,,,,,,,,,,0.031,10187.474,Pinned,Device,NVIDIA A100-SXM4-40GB MIG 4g.20gb (0),1,,13,[CUDA memcpy Host-to-Device]
3523648520,9408,197980,,,,,,,,,,0.197,20897.858,Pinned,Device,NVIDIA A100-SXM4-40GB MIG 4g.20gb (0),1,,13,[CUDA memcpy Host-to-Device]
3523662088,6112,197981,273,1,1,8,4,1,39,0.002,0.000,,,,,NVIDIA A100-SXM4-40GB MIG 4g.20gb (0),1,,13,"void channel_eq::eqMmseCoefCompLowMimoKernel<float, float, float, (unsigned int)4, (unsigned int)1, (unsigned int)4>(const channel_eq::_puschRxChEqStatDescr *, channel_eq::_puschRxChEqCoefCompDynDescr)"
3523671144,6463,197982,273,1,1,12,11,1,51,0.002,0.000,,,,,NVIDIA A100-SXM4-40GB MIG 4g.20gb (0),1,,13,"void channel_eq::eqMmseSoftDemapKernel<float, __half, __half, float, (unsigned int)4, (unsigned short)16383>(channel_eq::_puschRxChEqStatDescr *, channel_eq::_puschRxChEqSoftDemapDynDescr)"
3523680487,282813,197983,1,1,1,32,32,1,30,0.000,0.000,,,,,NVIDIA A100-SXM4-40GB MIG 4g.20gb (0),1,,13,"void convert_kernel<float2, __half2>(tensor_layout_any, T1 *, tensor_layout_any, const T2 *)"
3523964356,10912,197995,2253,1,1,128,1,1,16,0.000,0.000,,,,,NVIDIA A100-SXM4-40GB MIG 4g.20gb (0),1,,13,cupy_copy__float16_float16
3523976452,3296,198004,282,1,1,128,1,1,16,0.000,0.000,,,,,NVIDIA A100-SXM4-40GB MIG 4g.20gb (0),1,,13,cupy_copy__complex64_complex64
3523982916,2016,198013,26,1,1,128,1,1,16,0.000,0.000,,,,,NVIDIA A100-SXM4-40GB MIG 4g.20gb (0),1,,13,cupy_copy__float32_float32
3523988484,2880,198022,103,1,1,128,1,1,16,0.000,0.000,,,,,NVIDIA A100-SXM4-40GB MIG 4g.20gb (0),1,,13,cupy_copy__complex64_complex64
3523993764,11967,198032,1434,1,1,128,1,1,16,0.000,0.000,,,,,NVIDIA A100-SXM4-40GB MIG 4g.20gb (0),1,,13,cupy_copy__complex64_complex64
3524017251,82303,198037,1,1,1,32,32,1,30,0.000,0.000,,,,,NVIDIA A100-SXM4-40GB MIG 4g.20gb (0),1,,13,"void convert_kernel<__half2, float2>(tensor_layout_any, T1 *, tensor_layout_any, const T2 *)"
3524126658,5376,198040,,,,,,,,,,0.094,17428.487,Pinned,Device,NVIDIA A100-SXM4-40GB MIG 4g.20gb (0),1,,13,[CUDA memcpy Host-to-Device]
3524137250,601336,198041,,,,,,,,,,456.561,758805.113,Device,,NVIDIA A100-SXM4-40GB MIG 4g.20gb (0),1,,13,[CUDA memset]
3524743258,72671,198046,,,,,,,,,,1.235,16992.829,Pinned,Device,NVIDIA A100-SXM4-40GB MIG 4g.20gb (0),1,,13,[CUDA memcpy Host-to-Device]
3524819417,14848,198047,,,,,,,,,,0.197,13241.352,Pinned,Device,NVIDIA A100-SXM4-40GB MIG 4g.20gb (0),1,,13,[CUDA memcpy Host-to-Device]
3524844537,7840,198048,69,4,1,48,1,1,76,0.002,0.000,,,,,NVIDIA A100-SXM4-40GB MIG 4g.20gb (0),1,,13,"void ch_est::windowedChEstPreNoDftSOfdmKernel<float, __half, float, (unsigned int)2, (unsigned int)1, (unsigned short)4>(ch_est::puschRxChEstStatDescr_t *, ch_est::puschRxChEstDynDescr_t *)"
3524855065,6112,198049,137,2,1,24,2,1,44,0.001,0.001,,,,,NVIDIA A100-SXM4-40GB MIG 4g.20gb (0),1,,13,"void ch_est::chEstFilterNoDftSOfdmDispatchKernel<float, __half, float, (unsigned int)2>(ch_est::puschRxChEstStatDescr_t *, ch_est::puschRxChEstDynDescr_t *)"
3524866137,5408,198050,137,2,1,24,2,1,44,0.001,0.001,,,,,NVIDIA A100-SXM4-40GB MIG 4g.20gb (0),1,,13,"void ch_est::chEstFilterNoDftSOfdmDispatchKernel<float, __half, float, (unsigned int)2>(ch_est::puschRxChEstStatDescr_t *, ch_est::puschRxChEstDynDescr_t *)"
3524876089,2752,198061,103,1,1,128,1,1,16,0.000,0.000,,,,,NVIDIA A100-SXM4-40GB MIG 4g.20gb (0),1,,13,cupy_copy__complex64_complex64
3524881849,12447,198071,1434,1,1,128,1,1,16,0.000,0.000,,,,,NVIDIA A100-SXM4-40GB MIG 4g.20gb (0),1,,13,cupy_copy__complex64_complex64
3524899544,3360,198078,103,1,1,128,1,1,16,0.000,0.000,,,,,NVIDIA A100-SXM4-40GB MIG 4g.20gb (0),1,,13,cupy_copy__complex64_complex64
3524907320,83711,198085,1,1,1,32,32,1,30,0.000,0.000,,,,,NVIDIA A100-SXM4-40GB MIG 4g.20gb (0),1,,13,"void convert_kernel<__half2, float2>(tensor_layout_any, T1 *, tensor_layout_any, const T2 *)"
3525019127,9152,198088,,,,,,,,,,0.094,10237.693,Pinned,Device,NVIDIA A100-SXM4-40GB MIG 4g.20gb (0),1,,13,[CUDA memcpy Host-to-Device]
3525035671,47519,198089,,,,,,,,,,35.810,753583.956,Device,,NVIDIA A100-SXM4-40GB MIG 4g.20gb (0),1,,13,[CUDA memset]
3525086646,3264,198091,,,,,,,,,,0.000,24.510,Pinned,Device,NVIDIA A100-SXM4-40GB MIG 4g.20gb (0),1,,13,[CUDA memcpy Host-to-Device]
3525093110,14208,198092,,,,,,,,,,0.197,13837.664,Pinned,Device,NVIDIA A100-SXM4-40GB MIG 4g.20gb (0),1,,13,[CUDA memcpy Host-to-Device]
3525114486,11936,198093,273,1,1,48,1,1,40,0.000,0.001,,,,,NVIDIA A100-SXM4-40GB MIG 4g.20gb (0),1,,13,"void pusch_noise_intf_est::noiseIntfEstNoDftSOfdmKernel<float, __half, float, float, (unsigned int)2, (unsigned int)1, (unsigned char)4, (unsigned char)4>(pusch_noise_intf_est::puschRxNoiseIntfEstDynDescr)"
3525128982,2752,198104,35,1,1,128,1,1,16,0.000,0.000,,,,,NVIDIA A100-SXM4-40GB MIG 4g.20gb (0),1,,13,cupy_copy__complex64_complex64
3525140981,1888,198113,1,1,1,1,1,1,18,0.000,0.000,,,,,NVIDIA A100-SXM4-40GB MIG 4g.20gb (0),1,,13,cupy_copy__float32_float32
3525172981,1792,198119,,,,,,,,,,0.000,2.232,Device,Pageable,NVIDIA A100-SXM4-40GB MIG 4g.20gb (0),1,,7,[CUDA memcpy Device-to-Host]
3525234260,12608,198130,1434,1,1,128,1,1,16,0.000,0.000,,,,,NVIDIA A100-SXM4-40GB MIG 4g.20gb (0),1,,13,cupy_copy__complex64_complex64
3525261076,2848,198137,103,1,1,128,1,1,16,0.000,0.000,,,,,NVIDIA A100-SXM4-40GB MIG 4g.20gb (0),1,,13,cupy_copy__complex64_complex64
3525281332,2304,198144,35,1,1,128,1,1,16,0.000,0.000,,,,,NVIDIA A100-SXM4-40GB MIG 4g.20gb (0),1,,13,cupy_copy__complex64_complex64
3525300883,1824,198151,1,1,1,1,1,1,18,0.000,0.000,,,,,NVIDIA A100-SXM4-40GB MIG 4g.20gb (0),1,,13,cupy_copy__float32_float32
3525431954,87423,198162,1,1,1,32,32,1,30,0.000,0.000,,,,,NVIDIA A100-SXM4-40GB MIG 4g.20gb (0),1,,13,"void convert_kernel<__half2, float2>(tensor_layout_any, T1 *, tensor_layout_any, const T2 *)"
3525547344,5408,198165,,,,,,,,,,0.094,17325.421,Pinned,Device,NVIDIA A100-SXM4-40GB MIG 4g.20gb (0),1,,13,[CUDA memcpy Host-to-Device]
3525561712,3296,198166,,,,,,,,,,1.547,469242.628,Device,,NVIDIA A100-SXM4-40GB MIG 4g.20gb (0),1,,13,[CUDA memset]
3525569904,3040,198171,,,,,,,,,,0.031,10294.725,Pinned,Device,NVIDIA A100-SXM4-40GB MIG 4g.20gb (0),1,,13,[CUDA memcpy Host-to-Device]
3525575664,9632,198172,,,,,,,,,,0.197,20411.843,Pinned,Device,NVIDIA A100-SXM4-40GB MIG 4g.20gb (0),1,,13,[CUDA memcpy Host-to-Device]
3525590640,6208,198173,273,1,1,8,4,1,39,0.002,0.000,,,,,NVIDIA A100-SXM4-40GB MIG 4g.20gb (0),1,,13,"void channel_eq::eqMmseCoefCompLowMimoKernel<float, float, float, (unsigned int)4, (unsigned int)1, (unsigned int)4>(const channel_eq::_puschRxChEqStatDescr *, channel_eq::_puschRxChEqCoefCompDynDescr)"
3525597776,6080,198174,273,1,1,12,11,1,51,0.002,0.000,,,,,NVIDIA A100-SXM4-40GB MIG 4g.20gb (0),1,,13,"void channel_eq::eqMmseSoftDemapKernel<float, __half, __half, float, (unsigned int)4, (unsigned short)16383>(channel_eq::_puschRxChEqStatDescr *, channel_eq::_puschRxChEqSoftDemapDynDescr)"
3525604848,283420,198175,1,1,1,32,32,1,30,0.000,0.000,,,,,NVIDIA A100-SXM4-40GB MIG 4g.20gb (0),1,,13,"void convert_kernel<float2, __half2>(tensor_layout_any, T1 *, tensor_layout_any, const T2 *)"
3525889516,11008,198187,2253,1,1,128,1,1,16,0.000,0.000,,,,,NVIDIA A100-SXM4-40GB MIG 4g.20gb (0),1,,13,cupy_copy__float16_float16
3525902476,3520,198196,282,1,1,128,1,1,16,0.000,0.000,,,,,NVIDIA A100-SXM4-40GB MIG 4g.20gb (0),1,,13,cupy_copy__complex64_complex64
3525908492,2656,198205,26,1,1,128,1,1,16,0.000,0.000,,,,,NVIDIA A100-SXM4-40GB MIG 4g.20gb (0),1,,13,cupy_copy__float32_float32
3525912460,4800,198214,103,1,1,128,1,1,16,0.000,0.000,,,,,NVIDIA A100-SXM4-40GB MIG 4g.20gb (0),1,,13,cupy_copy__complex64_complex64
3525965515,12448,198230,1434,1,1,128,1,1,16,0.000,0.000,,,,,NVIDIA A100-SXM4-40GB MIG 4g.20gb (0),1,,13,cupy_copy__complex64_complex64
3526079626,87807,198235,1,1,1,32,32,1,30,0.000,0.000,,,,,NVIDIA A100-SXM4-40GB MIG 4g.20gb (0),1,,13,"void convert_kernel<__half2, float2>(tensor_layout_any, T1 *, tensor_layout_any, const T2 *)"
3526193960,5376,198238,,,,,,,,,,0.094,17428.487,Pinned,Device,NVIDIA A100-SXM4-40GB MIG 4g.20gb (0),1,,13,[CUDA memcpy Host-to-Device]
3526204200,611641,198239,,,,,,,,,,456.561,746021.393,Device,,NVIDIA A100-SXM4-40GB MIG 4g.20gb (0),1,,13,[CUDA memset]
3526817473,72447,198244,,,,,,,,,,1.235,17045.932,Pinned,Device,NVIDIA A100-SXM4-40GB MIG 4g.20gb (0),1,,13,[CUDA memcpy Host-to-Device]
3526894944,14784,198245,,,,,,,,,,0.197,13298.565,Pinned,Device,NVIDIA A100-SXM4-40GB MIG 4g.20gb (0),1,,13,[CUDA memcpy Host-to-Device]
3526916031,8128,198246,69,4,1,48,1,1,76,0.002,0.000,,,,,NVIDIA A100-SXM4-40GB MIG 4g.20gb (0),1,,13,"void ch_est::windowedChEstPreNoDftSOfdmKernel<float, __half, float, (unsigned int)2, (unsigned int)1, (unsigned short)4>(ch_est::puschRxChEstStatDescr_t *, ch_est::puschRxChEstDynDescr_t *)"
3526927743,6080,198247,137,2,1,24,2,1,44,0.001,0.001,,,,,NVIDIA A100-SXM4-40GB MIG 4g.20gb (0),1,,13,"void ch_est::chEstFilterNoDftSOfdmDispatchKernel<float, __half, float, (unsigned int)2>(ch_est::puschRxChEstStatDescr_t *, ch_est::puschRxChEstDynDescr_t *)"
3526938399,5184,198248,137,2,1,24,2,1,44,0.001,0.001,,,,,NVIDIA A100-SXM4-40GB MIG 4g.20gb (0),1,,13,"void ch_est::chEstFilterNoDftSOfdmDispatchKernel<float, __half, float, (unsigned int)2>(ch_est::puschRxChEstStatDescr_t *, ch_est::puschRxChEstDynDescr_t *)"
3526949503,2560,198259,103,1,1,128,1,1,16,0.000,0.000,,,,,NVIDIA A100-SXM4-40GB MIG 4g.20gb (0),1,,13,cupy_copy__complex64_complex64
3526955103,12800,198269,1434,1,1,128,1,1,16,0.000,0.000,,,,,NVIDIA A100-SXM4-40GB MIG 4g.20gb (0),1,,13,cupy_copy__complex64_complex64
3526973791,3424,198276,103,1,1,128,1,1,16,0.000,0.000,,,,,NVIDIA A100-SXM4-40GB MIG 4g.20gb (0),1,,13,cupy_copy__complex64_complex64
3526980735,88639,198283,1,1,1,32,32,1,30,0.000,0.000,,,,,NVIDIA A100-SXM4-40GB MIG 4g.20gb (0),1,,13,"void convert_kernel<__half2, float2>(tensor_layout_any, T1 *, tensor_layout_any, const T2 *)"
3527098845,6304,198286,,,,,,,,,,0.094,14862.903,Pinned,Device,NVIDIA A100-SXM4-40GB MIG 4g.20gb (0),1,,13,[CUDA memcpy Host-to-Device]
3527113053,48159,198287,,,,,,,,,,35.810,743557.179,Device,,NVIDIA A100-SXM4-40GB MIG 4g.20gb (0),1,,13,[CUDA memset]
3527165628,2912,198289,,,,,,,,,,0.000,27.472,Pinned,Device,NVIDIA A100-SXM4-40GB MIG 4g.20gb (0),1,,13,[CUDA memcpy Host-to-Device]
3527171292,10400,198290,,,,,,,,,,0.197,18904.449,Pinned,Device,NVIDIA A100-SXM4-40GB MIG 4g.20gb (0),1,,13,[CUDA memcpy Host-to-Device]
3527188476,12224,198291,273,1,1,48,1,1,40,0.000,0.001,,,,,NVIDIA A100-SXM4-40GB MIG 4g.20gb (0),1,,13,"void pusch_noise_intf_est::noiseIntfEstNoDftSOfdmKernel<float, __half, float, float, (unsigned int)2, (unsigned int)1, (unsigned char)4, (unsigned char)4>(pusch_noise_intf_est::puschRxNoiseIntfEstDynDescr)"
3527202620,2880,198302,35,1,1,128,1,1,16,0.000,0.000,,,,,NVIDIA A100-SXM4-40GB MIG 4g.20gb (0),1,,13,cupy_copy__complex64_complex64
3527219708,1984,198311,1,1,1,1,1,1,18,0.000,0.000,,,,,NVIDIA A100-SXM4-40GB MIG 4g.20gb (0),1,,13,cupy_copy__float32_float32
3527253275,1760,198317,,,,,,,,,,0.000,2.273,Device,Pageable,NVIDIA A100-SXM4-40GB MIG 4g.20gb (0),1,,7,[CUDA memcpy Device-to-Host]
3527312475,12767,198328,1434,1,1,128,1,1,16,0.000,0.000,,,,,NVIDIA A100-SXM4-40GB MIG 4g.20gb (0),1,,13,cupy_copy__complex64_complex64
3527339578,2624,198335,103,1,1,128,1,1,16,0.000,0.000,,,,,NVIDIA A100-SXM4-40GB MIG 4g.20gb (0),1,,13,cupy_copy__complex64_complex64
3527360218,2336,198342,35,1,1,128,1,1,16,0.000,0.000,,,,,NVIDIA A100-SXM4-40GB MIG 4g.20gb (0),1,,13,cupy_copy__complex64_complex64
3527378618,1792,198349,1,1,1,1,1,1,18,0.000,0.000,,,,,NVIDIA A100-SXM4-40GB MIG 4g.20gb (0),1,,13,cupy_copy__float32_float32
3527511000,86143,198360,1,1,1,32,32,1,30,0.000,0.000,,,,,NVIDIA A100-SXM4-40GB MIG 4g.20gb (0),1,,13,"void convert_kernel<__half2, float2>(tensor_layout_any, T1 *, tensor_layout_any, const T2 *)"
3527625303,5472,198363,,,,,,,,,,0.094,17122.757,Pinned,Device,NVIDIA A100-SXM4-40GB MIG 4g.20gb (0),1,,13,[CUDA memcpy Host-to-Device]
3527639511,3423,198364,,,,,,,,,,1.547,451832.282,Device,,NVIDIA A100-SXM4-40GB MIG 4g.20gb (0),1,,13,[CUDA memset]
3527646486,3104,198369,,,,,,,,,,0.031,10082.445,Pinned,Device,NVIDIA A100-SXM4-40GB MIG 4g.20gb (0),1,,13,[CUDA memcpy Host-to-Device]
3527652502,9312,198370,,,,,,,,,,0.197,21113.340,Pinned,Device,NVIDIA A100-SXM4-40GB MIG 4g.20gb (0),1,,13,[CUDA memcpy Host-to-Device]
3527666742,8256,198371,273,1,1,8,4,1,39,0.002,0.000,,,,,NVIDIA A100-SXM4-40GB MIG 4g.20gb (0),1,,13,"void channel_eq::eqMmseCoefCompLowMimoKernel<float, float, float, (unsigned int)4, (unsigned int)1, (unsigned int)4>(const channel_eq::_puschRxChEqStatDescr *, channel_eq::_puschRxChEqCoefCompDynDescr)"
3527675990,5792,198372,273,1,1,12,11,1,51,0.002,0.000,,,,,NVIDIA A100-SXM4-40GB MIG 4g.20gb (0),1,,13,"void channel_eq::eqMmseSoftDemapKernel<float, __half, __half, float, (unsigned int)4, (unsigned short)16383>(channel_eq::_puschRxChEqStatDescr *, channel_eq::_puschRxChEqSoftDemapDynDescr)"
3527682934,294684,198373,1,1,1,32,32,1,30,0.000,0.000,,,,,NVIDIA A100-SXM4-40GB MIG 4g.20gb (0),1,,13,"void convert_kernel<float2, __half2>(tensor_layout_any, T1 *, tensor_layout_any, const T2 *)"
3527978866,10848,198385,2253,1,1,128,1,1,16,0.000,0.000,,,,,NVIDIA A100-SXM4-40GB MIG 4g.20gb (0),1,,13,cupy_copy__float16_float16
3527992338,3744,198394,282,1,1,128,1,1,16,0.000,0.000,,,,,NVIDIA A100-SXM4-40GB MIG 4g.20gb (0),1,,13,cupy_copy__complex64_complex64
3527997202,2304,198403,26,1,1,128,1,1,16,0.000,0.000,,,,,NVIDIA A100-SXM4-40GB MIG 4g.20gb (0),1,,13,cupy_copy__float32_float32
3528000530,2912,198412,103,1,1,128,1,1,16,0.000,0.000,,,,,NVIDIA A100-SXM4-40GB MIG 4g.20gb (0),1,,13,cupy_copy__complex64_complex64
3528006194,11936,198422,1434,1,1,128,1,1,16,0.000,0.000,,,,,NVIDIA A100-SXM4-40GB MIG 4g.20gb (0),1,,13,cupy_copy__complex64_complex64
3528021330,85983,198427,1,1,1,32,32,1,30,0.000,0.000,,,,,NVIDIA A100-SXM4-40GB MIG 4g.20gb (0),1,,13,"void convert_kernel<__half2, float2>(tensor_layout_any, T1 *, tensor_layout_any, const T2 *)"
3528134736,5376,198430,,,,,,,,,,0.094,17428.487,Pinned,Device,NVIDIA A100-SXM4-40GB MIG 4g.20gb (0),1,,13,[CUDA memcpy Host-to-Device]
3528145104,602617,198431,,,,,,,,,,456.561,757435.429,Device,,NVIDIA A100-SXM4-40GB MIG 4g.20gb (0),1,,13,[CUDA memset]
3528754537,73023,198436,,,,,,,,,,1.235,16911.323,Pinned,Device,NVIDIA A100-SXM4-40GB MIG 4g.20gb (0),1,,13,[CUDA memcpy Host-to-Device]
3528831816,15360,198437,,,,,,,,,,0.197,12799.967,Pinned,Device,NVIDIA A100-SXM4-40GB MIG 4g.20gb (0),1,,13,[CUDA memcpy Host-to-Device]
3528856423,8576,198438,69,4,1,48,1,1,76,0.002,0.000,,,,,NVIDIA A100-SXM4-40GB MIG 4g.20gb (0),1,,13,"void ch_est::windowedChEstPreNoDftSOfdmKernel<float, __half, float, (unsigned int)2, (unsigned int)1, (unsigned short)4>(ch_est::puschRxChEstStatDescr_t *, ch_est::puschRxChEstDynDescr_t *)"
3528868359,6176,198439,137,2,1,24,2,1,44,0.001,0.001,,,,,NVIDIA A100-SXM4-40GB MIG 4g.20gb (0),1,,13,"void ch_est::chEstFilterNoDftSOfdmDispatchKernel<float, __half, float, (unsigned int)2>(ch_est::puschRxChEstStatDescr_t *, ch_est::puschRxChEstDynDescr_t *)"
3528877479,5344,198440,137,2,1,24,2,1,44,0.001,0.001,,,,,NVIDIA A100-SXM4-40GB MIG 4g.20gb (0),1,,13,"void ch_est::chEstFilterNoDftSOfdmDispatchKernel<float, __half, float, (unsigned int)2>(ch_est::puschRxChEstStatDescr_t *, ch_est::puschRxChEstDynDescr_t *)"
3528887815,2560,198451,103,1,1,128,1,1,16,0.000,0.000,,,,,NVIDIA A100-SXM4-40GB MIG 4g.20gb (0),1,,13,cupy_copy__complex64_complex64
3528894631,12864,198461,1434,1,1,128,1,1,16,0.000,0.000,,,,,NVIDIA A100-SXM4-40GB MIG 4g.20gb (0),1,,13,cupy_copy__complex64_complex64
3528915079,2688,198468,103,1,1,128,1,1,16,0.000,0.000,,,,,NVIDIA A100-SXM4-40GB MIG 4g.20gb (0),1,,13,cupy_copy__complex64_complex64
3528921383,90943,198475,1,1,1,32,32,1,30,0.000,0.000,,,,,NVIDIA A100-SXM4-40GB MIG 4g.20gb (0),1,,13,"void convert_kernel<__half2, float2>(tensor_layout_any, T1 *, tensor_layout_any, const T2 *)"
3529040165,5856,198478,,,,,,,,,,0.094,15999.997,Pinned,Device,NVIDIA A100-SXM4-40GB MIG 4g.20gb (0),1,,13,[CUDA memcpy Host-to-Device]
3529054917,47903,198479,,,,,,,,,,35.810,747532.080,Device,,NVIDIA A100-SXM4-40GB MIG 4g.20gb (0),1,,13,[CUDA memset]
3529105124,2656,198481,,,,,,,,,,0.000,30.120,Pinned,Device,NVIDIA A100-SXM4-40GB MIG 4g.20gb (0),1,,13,[CUDA memcpy Host-to-Device]
3529110372,11392,198482,,,,,,,,,,0.197,17258.250,Pinned,Device,NVIDIA A100-SXM4-40GB MIG 4g.20gb (0),1,,13,[CUDA memcpy Host-to-Device]
3529129124,11040,198483,273,1,1,48,1,1,40,0.000,0.001,,,,,NVIDIA A100-SXM4-40GB MIG 4g.20gb (0),1,,13,"void pusch_noise_intf_est::noiseIntfEstNoDftSOfdmKernel<float, __half, float, float, (unsigned int)2, (unsigned int)1, (unsigned char)4, (unsigned char)4>(pusch_noise_intf_est::puschRxNoiseIntfEstDynDescr)"
3529143108,2880,198494,35,1,1,128,1,1,16,0.000,0.000,,,,,NVIDIA A100-SXM4-40GB MIG 4g.20gb (0),1,,13,cupy_copy__complex64_complex64
3529160196,2080,198503,1,1,1,1,1,1,18,0.000,0.000,,,,,NVIDIA A100-SXM4-40GB MIG 4g.20gb (0),1,,13,cupy_copy__float32_float32
3529193539,1600,198509,,,,,,,,,,0.000,2.500,Device,Pageable,NVIDIA A100-SXM4-40GB MIG 4g.20gb (0),1,,7,[CUDA memcpy Device-to-Host]
3529252035,12799,198520,1434,1,1,128,1,1,16,0.000,0.000,,,,,NVIDIA A100-SXM4-40GB MIG 4g.20gb (0),1,,13,cupy_copy__complex64_complex64
3529278914,2848,198527,103,1,1,128,1,1,16,0.000,0.000,,,,,NVIDIA A100-SXM4-40GB MIG 4g.20gb (0),1,,13,cupy_copy__complex64_complex64
3529300322,2560,198534,35,1,1,128,1,1,16,0.000,0.000,,,,,NVIDIA A100-SXM4-40GB MIG 4g.20gb (0),1,,13,cupy_copy__complex64_complex64
3529317058,2080,198541,1,1,1,1,1,1,18,0.000,0.000,,,,,NVIDIA A100-SXM4-40GB MIG 4g.20gb (0),1,,13,cupy_copy__float32_float32
3529449472,87199,198552,1,1,1,32,32,1,30,0.000,0.000,,,,,NVIDIA A100-SXM4-40GB MIG 4g.20gb (0),1,,13,"void convert_kernel<__half2, float2>(tensor_layout_any, T1 *, tensor_layout_any, const T2 *)"
3529564543,5472,198555,,,,,,,,,,0.094,17122.757,Pinned,Device,NVIDIA A100-SXM4-40GB MIG 4g.20gb (0),1,,13,[CUDA memcpy Host-to-Device]
3529579903,3519,198556,,,,,,,,,,1.547,439505.689,Device,,NVIDIA A100-SXM4-40GB MIG 4g.20gb (0),1,,13,[CUDA memset]
3529585822,3008,198561,,,,,,,,,,0.031,10404.230,Pinned,Device,NVIDIA A100-SXM4-40GB MIG 4g.20gb (0),1,,13,[CUDA memcpy Host-to-Device]
3529591358,9600,198562,,,,,,,,,,0.197,20479.869,Pinned,Device,NVIDIA A100-SXM4-40GB MIG 4g.20gb (0),1,,13,[CUDA memcpy Host-to-Device]
3529606110,6016,198563,273,1,1,8,4,1,39,0.002,0.000,,,,,NVIDIA A100-SXM4-40GB MIG 4g.20gb (0),1,,13,"void channel_eq::eqMmseCoefCompLowMimoKernel<float, float, float, (unsigned int)4, (unsigned int)1, (unsigned int)4>(const channel_eq::_puschRxChEqStatDescr *, channel_eq::_puschRxChEqCoefCompDynDescr)"
3529613054,5952,198564,273,1,1,12,11,1,51,0.002,0.000,,,,,NVIDIA A100-SXM4-40GB MIG 4g.20gb (0),1,,13,"void channel_eq::eqMmseSoftDemapKernel<float, __half, __half, float, (unsigned int)4, (unsigned short)16383>(channel_eq::_puschRxChEqStatDescr *, channel_eq::_puschRxChEqSoftDemapDynDescr)"
3529620062,283069,198565,1,1,1,32,32,1,30,0.000,0.000,,,,,NVIDIA A100-SXM4-40GB MIG 4g.20gb (0),1,,13,"void convert_kernel<float2, __half2>(tensor_layout_any, T1 *, tensor_layout_any, const T2 *)"
3529905946,11040,198577,2253,1,1,128,1,1,16,0.000,0.000,,,,,NVIDIA A100-SXM4-40GB MIG 4g.20gb (0),1,,13,cupy_copy__float16_float16
3529920666,3328,198586,282,1,1,128,1,1,16,0.000,0.000,,,,,NVIDIA A100-SXM4-40GB MIG 4g.20gb (0),1,,13,cupy_copy__complex64_complex64
3529927770,2016,198595,26,1,1,128,1,1,16,0.000,0.000,,,,,NVIDIA A100-SXM4-40GB MIG 4g.20gb (0),1,,13,cupy_copy__float32_float32
3529930778,2944,198604,103,1,1,128,1,1,16,0.000,0.000,,,,,NVIDIA A100-SXM4-40GB MIG 4g.20gb (0),1,,13,cupy_copy__complex64_complex64
3529934682,12256,198614,1434,1,1,128,1,1,16,0.000,0.000,,,,,NVIDIA A100-SXM4-40GB MIG 4g.20gb (0),1,,13,cupy_copy__complex64_complex64
3529950938,90367,198619,1,1,1,32,32,1,30,0.000,0.000,,,,,NVIDIA A100-SXM4-40GB MIG 4g.20gb (0),1,,13,"void convert_kernel<__half2, float2>(tensor_layout_any, T1 *, tensor_layout_any, const T2 *)"
3530067992,5696,198622,,,,,,,,,,0.094,16449.363,Pinned,Device,NVIDIA A100-SXM4-40GB MIG 4g.20gb (0),1,,13,[CUDA memcpy Host-to-Device]
3530078872,603929,198623,,,,,,,,,,456.561,755609.183,Device,,NVIDIA A100-SXM4-40GB MIG 4g.20gb (0),1,,13,[CUDA memset]
3530685617,67135,198628,,,,,,,,,,1.235,18394.491,Pinned,Device,NVIDIA A100-SXM4-40GB MIG 4g.20gb (0),1,,13,[CUDA memcpy Host-to-Device]
3530756176,14112,198629,,,,,,,,,,0.197,13931.839,Pinned,Device,NVIDIA A100-SXM4-40GB MIG 4g.20gb (0),1,,13,[CUDA memcpy Host-to-Device]
3530775824,8320,198630,69,4,1,48,1,1,76,0.002,0.000,,,,,NVIDIA A100-SXM4-40GB MIG 4g.20gb (0),1,,13,"void ch_est::windowedChEstPreNoDftSOfdmKernel<float, __half, float, (unsigned int)2, (unsigned int)1, (unsigned short)4>(ch_est::puschRxChEstStatDescr_t *, ch_est::puschRxChEstDynDescr_t *)"
3530787120,5856,198631,137,2,1,24,2,1,44,0.001,0.001,,,,,NVIDIA A100-SXM4-40GB MIG 4g.20gb (0),1,,13,"void ch_est::chEstFilterNoDftSOfdmDispatchKernel<float, __half, float, (unsigned int)2>(ch_est::puschRxChEstStatDescr_t *, ch_est::puschRxChEstDynDescr_t *)"
3530796943,5312,198632,137,2,1,24,2,1,44,0.001,0.001,,,,,NVIDIA A100-SXM4-40GB MIG 4g.20gb (0),1,,13,"void ch_est::chEstFilterNoDftSOfdmDispatchKernel<float, __half, float, (unsigned int)2>(ch_est::puschRxChEstStatDescr_t *, ch_est::puschRxChEstDynDescr_t *)"
3530807759,2688,198643,103,1,1,128,1,1,16,0.000,0.000,,,,,NVIDIA A100-SXM4-40GB MIG 4g.20gb (0),1,,13,cupy_copy__complex64_complex64
3530812623,12480,198653,1434,1,1,128,1,1,16,0.000,0.000,,,,,NVIDIA A100-SXM4-40GB MIG 4g.20gb (0),1,,13,cupy_copy__complex64_complex64
3530827663,2688,198660,103,1,1,128,1,1,16,0.000,0.000,,,,,NVIDIA A100-SXM4-40GB MIG 4g.20gb (0),1,,13,cupy_copy__complex64_complex64
3530833647,83679,198667,1,1,1,32,32,1,30,0.000,0.000,,,,,NVIDIA A100-SXM4-40GB MIG 4g.20gb (0),1,,13,"void convert_kernel<__half2, float2>(tensor_layout_any, T1 *, tensor_layout_any, const T2 *)"
3530946702,8448,198670,,,,,,,,,,0.094,11090.889,Pinned,Device,NVIDIA A100-SXM4-40GB MIG 4g.20gb (0),1,,13,[CUDA memcpy Host-to-Device]
3530962061,47456,198671,,,,,,,,,,35.810,754586.634,Device,,NVIDIA A100-SXM4-40GB MIG 4g.20gb (0),1,,13,[CUDA memset]
3531014477,1920,198673,,,,,,,,,,0.000,41.667,Pinned,Device,NVIDIA A100-SXM4-40GB MIG 4g.20gb (0),1,,13,[CUDA memcpy Host-to-Device]
3531020109,13024,198674,,,,,,,,,,0.197,15095.759,Pinned,Device,NVIDIA A100-SXM4-40GB MIG 4g.20gb (0),1,,13,[CUDA memcpy Host-to-Device]
3531037996,13280,198675,273,1,1,48,1,1,40,0.000,0.001,,,,,NVIDIA A100-SXM4-40GB MIG 4g.20gb (0),1,,13,"void pusch_noise_intf_est::noiseIntfEstNoDftSOfdmKernel<float, __half, float, float, (unsigned int)2, (unsigned int)1, (unsigned char)4, (unsigned char)4>(pusch_noise_intf_est::puschRxNoiseIntfEstDynDescr)"
3531053132,3264,198686,35,1,1,128,1,1,16,0.000,0.000,,,,,NVIDIA A100-SXM4-40GB MIG 4g.20gb (0),1,,13,cupy_copy__complex64_complex64
3531067628,1888,198695,1,1,1,1,1,1,18,0.000,0.000,,,,,NVIDIA A100-SXM4-40GB MIG 4g.20gb (0),1,,13,cupy_copy__float32_float32
3531099916,1600,198701,,,,,,,,,,0.000,2.500,Device,Pageable,NVIDIA A100-SXM4-40GB MIG 4g.20gb (0),1,,7,[CUDA memcpy Device-to-Host]
3531158731,12800,198712,1434,1,1,128,1,1,16,0.000,0.000,,,,,NVIDIA A100-SXM4-40GB MIG 4g.20gb (0),1,,13,cupy_copy__complex64_complex64
3531186539,2976,198719,103,1,1,128,1,1,16,0.000,0.000,,,,,NVIDIA A100-SXM4-40GB MIG 4g.20gb (0),1,,13,cupy_copy__complex64_complex64
3531207274,2848,198726,35,1,1,128,1,1,16,0.000,0.000,,,,,NVIDIA A100-SXM4-40GB MIG 4g.20gb (0),1,,13,cupy_copy__complex64_complex64
3531226026,1792,198733,1,1,1,1,1,1,18,0.000,0.000,,,,,NVIDIA A100-SXM4-40GB MIG 4g.20gb (0),1,,13,cupy_copy__float32_float32
3531363336,86751,198744,1,1,1,32,32,1,30,0.000,0.000,,,,,NVIDIA A100-SXM4-40GB MIG 4g.20gb (0),1,,13,"void convert_kernel<__half2, float2>(tensor_layout_any, T1 *, tensor_layout_any, const T2 *)"
3531478439,5376,198747,,,,,,,,,,0.094,17428.487,Pinned,Device,NVIDIA A100-SXM4-40GB MIG 4g.20gb (0),1,,13,[CUDA memcpy Host-to-Device]
3531493287,3296,198748,,,,,,,,,,1.547,469242.628,Device,,NVIDIA A100-SXM4-40GB MIG 4g.20gb (0),1,,13,[CUDA memset]
3531498919,3232,198753,,,,,,,,,,0.031,9683.139,Pinned,Device,NVIDIA A100-SXM4-40GB MIG 4g.20gb (0),1,,13,[CUDA memcpy Host-to-Device]
3531504583,9696,198754,,,,,,,,,,0.197,20277.166,Pinned,Device,NVIDIA A100-SXM4-40GB MIG 4g.20gb (0),1,,13,[CUDA memcpy Host-to-Device]
3531518567,6623,198755,273,1,1,8,4,1,39,0.002,0.000,,,,,NVIDIA A100-SXM4-40GB MIG 4g.20gb (0),1,,13,"void channel_eq::eqMmseCoefCompLowMimoKernel<float, float, float, (unsigned int)4, (unsigned int)1, (unsigned int)4>(const channel_eq::_puschRxChEqStatDescr *, channel_eq::_puschRxChEqCoefCompDynDescr)"
3531527494,6208,198756,273,1,1,12,11,1,51,0.002,0.000,,,,,NVIDIA A100-SXM4-40GB MIG 4g.20gb (0),1,,13,"void channel_eq::eqMmseSoftDemapKernel<float, __half, __half, float, (unsigned int)4, (unsigned short)16383>(channel_eq::_puschRxChEqStatDescr *, channel_eq::_puschRxChEqSoftDemapDynDescr)"
3531534886,294749,198757,1,1,1,32,32,1,30,0.000,0.000,,,,,NVIDIA A100-SXM4-40GB MIG 4g.20gb (0),1,,13,"void convert_kernel<float2, __half2>(tensor_layout_any, T1 *, tensor_layout_any, const T2 *)"
3531830627,10976,198769,2253,1,1,128,1,1,16,0.000,0.000,,,,,NVIDIA A100-SXM4-40GB MIG 4g.20gb (0),1,,13,cupy_copy__float16_float16
3531844835,3583,198778,282,1,1,128,1,1,16,0.000,0.000,,,,,NVIDIA A100-SXM4-40GB MIG 4g.20gb (0),1,,13,cupy_copy__complex64_complex64
3531851682,2240,198787,26,1,1,128,1,1,16,0.000,0.000,,,,,NVIDIA A100-SXM4-40GB MIG 4g.20gb (0),1,,13,cupy_copy__float32_float32
3531856066,3168,198796,103,1,1,128,1,1,16,0.000,0.000,,,,,NVIDIA A100-SXM4-40GB MIG 4g.20gb (0),1,,13,cupy_copy__complex64_complex64
3531860354,12160,198806,1434,1,1,128,1,1,16,0.000,0.000,,,,,NVIDIA A100-SXM4-40GB MIG 4g.20gb (0),1,,13,cupy_copy__complex64_complex64
3531876642,81311,198811,1,1,1,32,32,1,30,0.000,0.000,,,,,NVIDIA A100-SXM4-40GB MIG 4g.20gb (0),1,,13,"void convert_kernel<__half2, float2>(tensor_layout_any, T1 *, tensor_layout_any, const T2 *)"
3531984961,5344,198814,,,,,,,,,,0.094,17532.864,Pinned,Device,NVIDIA A100-SXM4-40GB MIG 4g.20gb (0),1,,13,[CUDA memcpy Host-to-Device]
3531995489,604056,198815,,,,,,,,,,456.561,755609.183,Device,,NVIDIA A100-SXM4-40GB MIG 4g.20gb (0),1,,13,[CUDA memset]
3532604409,67167,198820,,,,,,,,,,1.235,18385.846,Pinned,Device,NVIDIA A100-SXM4-40GB MIG 4g.20gb (0),1,,13,[CUDA memcpy Host-to-Device]
3532675544,14240,198821,,,,,,,,,,0.197,13806.600,Pinned,Device,NVIDIA A100-SXM4-40GB MIG 4g.20gb (0),1,,13,[CUDA memcpy Host-to-Device]
3532699672,8864,198822,69,4,1,48,1,1,76,0.002,0.000,,,,,NVIDIA A100-SXM4-40GB MIG 4g.20gb (0),1,,13,"void ch_est::windowedChEstPreNoDftSOfdmKernel<float, __half, float, (unsigned int)2, (unsigned int)1, (unsigned short)4>(ch_est::puschRxChEstStatDescr_t *, ch_est::puschRxChEstDynDescr_t *)"
3532710360,7968,198823,137,2,1,24,2,1,44,0.001,0.001,,,,,NVIDIA A100-SXM4-40GB MIG 4g.20gb (0),1,,13,"void ch_est::chEstFilterNoDftSOfdmDispatchKernel<float, __half, float, (unsigned int)2>(ch_est::puschRxChEstStatDescr_t *, ch_est::puschRxChEstDynDescr_t *)"
3532722552,5568,198824,137,2,1,24,2,1,44,0.001,0.001,,,,,NVIDIA A100-SXM4-40GB MIG 4g.20gb (0),1,,13,"void ch_est::chEstFilterNoDftSOfdmDispatchKernel<float, __half, float, (unsigned int)2>(ch_est::puschRxChEstStatDescr_t *, ch_est::puschRxChEstDynDescr_t *)"
3532733016,2687,198835,103,1,1,128,1,1,16,0.000,0.000,,,,,NVIDIA A100-SXM4-40GB MIG 4g.20gb (0),1,,13,cupy_copy__complex64_complex64
3532738647,12960,198845,1434,1,1,128,1,1,16,0.000,0.000,,,,,NVIDIA A100-SXM4-40GB MIG 4g.20gb (0),1,,13,cupy_copy__complex64_complex64
3532758967,2496,198852,103,1,1,128,1,1,16,0.000,0.000,,,,,NVIDIA A100-SXM4-40GB MIG 4g.20gb (0),1,,13,cupy_copy__complex64_complex64
3532765303,84479,198859,1,1,1,32,32,1,30,0.000,0.000,,,,,NVIDIA A100-SXM4-40GB MIG 4g.20gb (0),1,,13,"void convert_kernel<__half2, float2>(tensor_layout_any, T1 *, tensor_layout_any, const T2 *)"
3532877846,9184,198862,,,,,,,,,,0.094,10202.089,Pinned,Device,NVIDIA A100-SXM4-40GB MIG 4g.20gb (0),1,,13,[CUDA memcpy Host-to-Device]
3532894678,48319,198863,,,,,,,,,,35.810,741086.294,Device,,NVIDIA A100-SXM4-40GB MIG 4g.20gb (0),1,,13,[CUDA memset]
3532947093,2592,198865,,,,,,,,,,0.000,30.864,Pinned,Device,NVIDIA A100-SXM4-40GB MIG 4g.20gb (0),1,,13,[CUDA memcpy Host-to-Device]
3532952853,11712,198866,,,,,,,,,,0.197,16786.784,Pinned,Device,NVIDIA A100-SXM4-40GB MIG 4g.20gb (0),1,,13,[CUDA memcpy Host-to-Device]
3532973141,9951,198867,273,1,1,48,1,1,40,0.000,0.001,,,,,NVIDIA A100-SXM4-40GB MIG 4g.20gb (0),1,,13,"void pusch_noise_intf_est::noiseIntfEstNoDftSOfdmKernel<float, __half, float, float, (unsigned int)2, (unsigned int)1, (unsigned char)4, (unsigned char)4>(pusch_noise_intf_est::puschRxNoiseIntfEstDynDescr)"
3532986324,2912,198878,35,1,1,128,1,1,16,0.000,0.000,,,,,NVIDIA A100-SXM4-40GB MIG 4g.20gb (0),1,,13,cupy_copy__complex64_complex64
3532998484,1952,198887,1,1,1,1,1,1,18,0.000,0.000,,,,,NVIDIA A100-SXM4-40GB MIG 4g.20gb (0),1,,13,cupy_copy__float32_float32
3533035412,1568,198893,,,,,,,,,,0.000,2.551,Device,Pageable,NVIDIA A100-SXM4-40GB MIG 4g.20gb (0),1,,7,[CUDA memcpy Device-to-Host]
3533095443,12992,198904,1434,1,1,128,1,1,16,0.000,0.000,,,,,NVIDIA A100-SXM4-40GB MIG 4g.20gb (0),1,,13,cupy_copy__complex64_complex64
3533122835,2816,198911,103,1,1,128,1,1,16,0.000,0.000,,,,,NVIDIA A100-SXM4-40GB MIG 4g.20gb (0),1,,13,cupy_copy__complex64_complex64
3533143858,2400,198918,35,1,1,128,1,1,16,0.000,0.000,,,,,NVIDIA A100-SXM4-40GB MIG 4g.20gb (0),1,,13,cupy_copy__complex64_complex64
3533165842,1824,198925,1,1,1,1,1,1,18,0.000,0.000,,,,,NVIDIA A100-SXM4-40GB MIG 4g.20gb (0),1,,13,cupy_copy__float32_float32
3533299185,83295,198936,1,1,1,32,32,1,30,0.000,0.000,,,,,NVIDIA A100-SXM4-40GB MIG 4g.20gb (0),1,,13,"void convert_kernel<__half2, float2>(tensor_layout_any, T1 *, tensor_layout_any, const T2 *)"
3533409743,5632,198939,,,,,,,,,,0.094,16636.287,Pinned,Device,NVIDIA A100-SXM4-40GB MIG 4g.20gb (0),1,,13,[CUDA memcpy Host-to-Device]
3533424015,3616,198940,,,,,,,,,,1.547,427715.774,Device,,NVIDIA A100-SXM4-40GB MIG 4g.20gb (0),1,,13,[CUDA memset]
3533430959,3008,198945,,,,,,,,,,0.031,10404.230,Pinned,Device,NVIDIA A100-SXM4-40GB MIG 4g.20gb (0),1,,13,[CUDA memcpy Host-to-Device]
3533436527,9440,198946,,,,,,,,,,0.197,20827.079,Pinned,Device,NVIDIA A100-SXM4-40GB MIG 4g.20gb (0),1,,13,[CUDA memcpy Host-to-Device]
3533450575,6336,198947,273,1,1,8,4,1,39,0.002,0.000,,,,,NVIDIA A100-SXM4-40GB MIG 4g.20gb (0),1,,13,"void channel_eq::eqMmseCoefCompLowMimoKernel<float, float, float, (unsigned int)4, (unsigned int)1, (unsigned int)4>(const channel_eq::_puschRxChEqStatDescr *, channel_eq::_puschRxChEqCoefCompDynDescr)"
3533457935,6271,198948,273,1,1,12,11,1,51,0.002,0.000,,,,,NVIDIA A100-SXM4-40GB MIG 4g.20gb (0),1,,13,"void channel_eq::eqMmseSoftDemapKernel<float, __half, __half, float, (unsigned int)4, (unsigned short)16383>(channel_eq::_puschRxChEqStatDescr *, channel_eq::_puschRxChEqSoftDemapDynDescr)"
3533465294,283005,198949,1,1,1,32,32,1,30,0.000,0.000,,,,,NVIDIA A100-SXM4-40GB MIG 4g.20gb (0),1,,13,"void convert_kernel<float2, __half2>(tensor_layout_any, T1 *, tensor_layout_any, const T2 *)"
3533750795,10784,198961,2253,1,1,128,1,1,16,0.000,0.000,,,,,NVIDIA A100-SXM4-40GB MIG 4g.20gb (0),1,,13,cupy_copy__float16_float16
3533762955,3008,198970,282,1,1,128,1,1,16,0.000,0.000,,,,,NVIDIA A100-SXM4-40GB MIG 4g.20gb (0),1,,13,cupy_copy__complex64_complex64
3533766923,2272,198979,26,1,1,128,1,1,16,0.000,0.000,,,,,NVIDIA A100-SXM4-40GB MIG 4g.20gb (0),1,,13,cupy_copy__float32_float32
3533772459,3264,198988,103,1,1,128,1,1,16,0.000,0.000,,,,,NVIDIA A100-SXM4-40GB MIG 4g.20gb (0),1,,13,cupy_copy__complex64_complex64
3533778283,12319,198998,1434,1,1,128,1,1,16,0.000,0.000,,,,,NVIDIA A100-SXM4-40GB MIG 4g.20gb (0),1,,13,cupy_copy__complex64_complex64
3533797802,87167,199003,1,1,1,32,32,1,30,0.000,0.000,,,,,NVIDIA A100-SXM4-40GB MIG 4g.20gb (0),1,,13,"void convert_kernel<__half2, float2>(tensor_layout_any, T1 *, tensor_layout_any, const T2 *)"
3533912233,5376,199006,,,,,,,,,,0.094,17428.487,Pinned,Device,NVIDIA A100-SXM4-40GB MIG 4g.20gb (0),1,,13,[CUDA memcpy Host-to-Device]
3533922057,599320,199007,,,,,,,,,,456.561,761544.482,Device,,NVIDIA A100-SXM4-40GB MIG 4g.20gb (0),1,,13,[CUDA memset]
3534527329,71423,199012,,,,,,,,,,1.235,17290.451,Pinned,Device,NVIDIA A100-SXM4-40GB MIG 4g.20gb (0),1,,13,[CUDA memcpy Host-to-Device]
3534602272,14368,199013,,,,,,,,,,0.197,13683.720,Pinned,Device,NVIDIA A100-SXM4-40GB MIG 4g.20gb (0),1,,13,[CUDA memcpy Host-to-Device]
3534622208,9536,199014,69,4,1,48,1,1,76,0.002,0.000,,,,,NVIDIA A100-SXM4-40GB MIG 4g.20gb (0),1,,13,"void ch_est::windowedChEstPreNoDftSOfdmKernel<float, __half, float, (unsigned int)2, (unsigned int)1, (unsigned short)4>(ch_est::puschRxChEstStatDescr_t *, ch_est::puschRxChEstDynDescr_t *)"
3534637600,6496,199015,137,2,1,24,2,1,44,0.001,0.001,,,,,NVIDIA A100-SXM4-40GB MIG 4g.20gb (0),1,,13,"void ch_est::chEstFilterNoDftSOfdmDispatchKernel<float, __half, float, (unsigned int)2>(ch_est::puschRxChEstStatDescr_t *, ch_est::puschRxChEstDynDescr_t *)"
3534648448,5088,199016,137,2,1,24,2,1,44,0.001,0.001,,,,,NVIDIA A100-SXM4-40GB MIG 4g.20gb (0),1,,13,"void ch_est::chEstFilterNoDftSOfdmDispatchKernel<float, __half, float, (unsigned int)2>(ch_est::puschRxChEstStatDescr_t *, ch_est::puschRxChEstDynDescr_t *)"
3534660032,2560,199027,103,1,1,128,1,1,16,0.000,0.000,,,,,NVIDIA A100-SXM4-40GB MIG 4g.20gb (0),1,,13,cupy_copy__complex64_complex64
3534665760,12575,199037,1434,1,1,128,1,1,16,0.000,0.000,,,,,NVIDIA A100-SXM4-40GB MIG 4g.20gb (0),1,,13,cupy_copy__complex64_complex64
3534685663,2688,199044,103,1,1,128,1,1,16,0.000,0.000,,,,,NVIDIA A100-SXM4-40GB MIG 4g.20gb (0),1,,13,cupy_copy__complex64_complex64
3534691423,83199,199051,1,1,1,32,32,1,30,0.000,0.000,,,,,NVIDIA A100-SXM4-40GB MIG 4g.20gb (0),1,,13,"void convert_kernel<__half2, float2>(tensor_layout_any, T1 *, tensor_layout_any, const T2 *)"
3534802654,9120,199054,,,,,,,,,,0.094,10273.673,Pinned,Device,NVIDIA A100-SXM4-40GB MIG 4g.20gb (0),1,,13,[CUDA memcpy Host-to-Device]
3534820222,47231,199055,,,,,,,,,,35.810,758167.626,Device,,NVIDIA A100-SXM4-40GB MIG 4g.20gb (0),1,,13,[CUDA memset]
3534870685,2720,199057,,,,,,,,,,0.000,29.412,Pinned,Device,NVIDIA A100-SXM4-40GB MIG 4g.20gb (0),1,,13,[CUDA memcpy Host-to-Device]
3534878013,12672,199058,,,,,,,,,,0.197,15515.124,Pinned,Device,NVIDIA A100-SXM4-40GB MIG 4g.20gb (0),1,,13,[CUDA memcpy Host-to-Device]
3534896829,10016,199059,273,1,1,48,1,1,40,0.000,0.001,,,,,NVIDIA A100-SXM4-40GB MIG 4g.20gb (0),1,,13,"void pusch_noise_intf_est::noiseIntfEstNoDftSOfdmKernel<float, __half, float, float, (unsigned int)2, (unsigned int)1, (unsigned char)4, (unsigned char)4>(pusch_noise_intf_est::puschRxNoiseIntfEstDynDescr)"
3534910173,3040,199070,35,1,1,128,1,1,16,0.000,0.000,,,,,NVIDIA A100-SXM4-40GB MIG 4g.20gb (0),1,,13,cupy_copy__complex64_complex64
3534929532,1952,199079,1,1,1,1,1,1,18,0.000,0.000,,,,,NVIDIA A100-SXM4-40GB MIG 4g.20gb (0),1,,13,cupy_copy__float32_float32
3534961340,1600,199085,,,,,,,,,,0.000,2.500,Device,Pageable,NVIDIA A100-SXM4-40GB MIG 4g.20gb (0),1,,7,[CUDA memcpy Device-to-Host]
3535019963,13088,199096,1434,1,1,128,1,1,16,0.000,0.000,,,,,NVIDIA A100-SXM4-40GB MIG 4g.20gb (0),1,,13,cupy_copy__complex64_complex64
3535047867,3680,199103,103,1,1,128,1,1,16,0.000,0.000,,,,,NVIDIA A100-SXM4-40GB MIG 4g.20gb (0),1,,13,cupy_copy__complex64_complex64
3535072059,2176,199110,35,1,1,128,1,1,16,0.000,0.000,,,,,NVIDIA A100-SXM4-40GB MIG 4g.20gb (0),1,,13,cupy_copy__complex64_complex64
3535093370,1760,199117,1,1,1,1,1,1,18,0.000,0.000,,,,,NVIDIA A100-SXM4-40GB MIG 4g.20gb (0),1,,13,cupy_copy__float32_float32
3535224473,86911,199128,1,1,1,32,32,1,30,0.000,0.000,,,,,NVIDIA A100-SXM4-40GB MIG 4g.20gb (0),1,,13,"void convert_kernel<__half2, float2>(tensor_layout_any, T1 *, tensor_layout_any, const T2 *)"
3535339415,5568,199131,,,,,,,,,,0.094,16827.521,Pinned,Device,NVIDIA A100-SXM4-40GB MIG 4g.20gb (0),1,,13,[CUDA memcpy Host-to-Device]
3535355255,3200,199132,,,,,,,,,,1.547,483320.000,Device,,NVIDIA A100-SXM4-40GB MIG 4g.20gb (0),1,,13,[CUDA memset]
3535360055,3136,199137,,,,,,,,,,0.031,9979.575,Pinned,Device,NVIDIA A100-SXM4-40GB MIG 4g.20gb (0),1,,13,[CUDA memcpy Host-to-Device]
3535365623,9504,199138,,,,,,,,,,0.197,20686.701,Pinned,Device,NVIDIA A100-SXM4-40GB MIG 4g.20gb (0),1,,13,[CUDA memcpy Host-to-Device]
3535378743,6368,199139,273,1,1,8,4,1,39,0.002,0.000,,,,,NVIDIA A100-SXM4-40GB MIG 4g.20gb (0),1,,13,"void channel_eq::eqMmseCoefCompLowMimoKernel<float, float, float, (unsigned int)4, (unsigned int)1, (unsigned int)4>(const channel_eq::_puschRxChEqStatDescr *, channel_eq::_puschRxChEqCoefCompDynDescr)"
3535387863,5792,199140,273,1,1,12,11,1,51,0.002,0.000,,,,,NVIDIA A100-SXM4-40GB MIG 4g.20gb (0),1,,13,"void channel_eq::eqMmseSoftDemapKernel<float, __half, __half, float, (unsigned int)4, (unsigned short)16383>(channel_eq::_puschRxChEqStatDescr *, channel_eq::_puschRxChEqSoftDemapDynDescr)"
3535394711,283196,199141,1,1,1,32,32,1,30,0.000,0.000,,,,,NVIDIA A100-SXM4-40GB MIG 4g.20gb (0),1,,13,"void convert_kernel<float2, __half2>(tensor_layout_any, T1 *, tensor_layout_any, const T2 *)"
3535678931,10880,199153,2253,1,1,128,1,1,16,0.000,0.000,,,,,NVIDIA A100-SXM4-40GB MIG 4g.20gb (0),1,,13,cupy_copy__float16_float16
3535691027,3104,199162,282,1,1,128,1,1,16,0.000,0.000,,,,,NVIDIA A100-SXM4-40GB MIG 4g.20gb (0),1,,13,cupy_copy__complex64_complex64
3535695219,2272,199171,26,1,1,128,1,1,16,0.000,0.000,,,,,NVIDIA A100-SXM4-40GB MIG 4g.20gb (0),1,,13,cupy_copy__float32_float32
3535700179,3328,199180,103,1,1,128,1,1,16,0.000,0.000,,,,,NVIDIA A100-SXM4-40GB MIG 4g.20gb (0),1,,13,cupy_copy__complex64_complex64
3535706195,12512,199190,1434,1,1,128,1,1,16,0.000,0.000,,,,,NVIDIA A100-SXM4-40GB MIG 4g.20gb (0),1,,13,cupy_copy__complex64_complex64
3535723443,83103,199195,1,1,1,32,32,1,30,0.000,0.000,,,,,NVIDIA A100-SXM4-40GB MIG 4g.20gb (0),1,,13,"void convert_kernel<__half2, float2>(tensor_layout_any, T1 *, tensor_layout_any, const T2 *)"
3535833233,5408,199198,,,,,,,,,,0.094,17325.421,Pinned,Device,NVIDIA A100-SXM4-40GB MIG 4g.20gb (0),1,,13,[CUDA memcpy Host-to-Device]
3535846641,606169,199199,,,,,,,,,,456.561,752869.815,Device,,NVIDIA A100-SXM4-40GB MIG 4g.20gb (0),1,,13,[CUDA memset]
3536454442,70207,199204,,,,,,,,,,1.235,17589.307,Pinned,Device,NVIDIA A100-SXM4-40GB MIG 4g.20gb (0),1,,13,[CUDA memcpy Host-to-Device]
3536528809,15711,199205,,,,,,,,,,0.197,12513.903,Pinned,Device,NVIDIA A100-SXM4-40GB MIG 4g.20gb (0),1,,13,[CUDA memcpy Host-to-Device]
3536554120,8608,199206,69,4,1,48,1,1,76,0.002,0.000,,,,,NVIDIA A100-SXM4-40GB MIG 4g.20gb (0),1,,13,"void ch_est::windowedChEstPreNoDftSOfdmKernel<float, __half, float, (unsigned int)2, (unsigned int)1, (unsigned short)4>(ch_est::puschRxChEstStatDescr_t *, ch_est::puschRxChEstDynDescr_t *)"
3536565512,6400,199207,137,2,1,24,2,1,44,0.001,0.001,,,,,NVIDIA A100-SXM4-40GB MIG 4g.20gb (0),1,,13,"void ch_est::chEstFilterNoDftSOfdmDispatchKernel<float, __half, float, (unsigned int)2>(ch_est::puschRxChEstStatDescr_t *, ch_est::puschRxChEstDynDescr_t *)"
3536574568,5280,199208,137,2,1,24,2,1,44,0.001,0.001,,,,,NVIDIA A100-SXM4-40GB MIG 4g.20gb (0),1,,13,"void ch_est::chEstFilterNoDftSOfdmDispatchKernel<float, __half, float, (unsigned int)2>(ch_est::puschRxChEstStatDescr_t *, ch_est::puschRxChEstDynDescr_t *)"
3536583400,2560,199219,103,1,1,128,1,1,16,0.000,0.000,,,,,NVIDIA A100-SXM4-40GB MIG 4g.20gb (0),1,,13,cupy_copy__complex64_complex64
3536589800,12576,199229,1434,1,1,128,1,1,16,0.000,0.000,,,,,NVIDIA A100-SXM4-40GB MIG 4g.20gb (0),1,,13,cupy_copy__complex64_complex64
3536608360,2624,199236,103,1,1,128,1,1,16,0.000,0.000,,,,,NVIDIA A100-SXM4-40GB MIG 4g.20gb (0),1,,13,cupy_copy__complex64_complex64
3536614888,93118,199243,1,1,1,32,32,1,30,0.000,0.000,,,,,NVIDIA A100-SXM4-40GB MIG 4g.20gb (0),1,,13,"void convert_kernel<__half2, float2>(tensor_layout_any, T1 *, tensor_layout_any, const T2 *)"
3536737318,8480,199246,,,,,,,,,,0.094,11049.007,Pinned,Device,NVIDIA A100-SXM4-40GB MIG 4g.20gb (0),1,,13,[CUDA memcpy Host-to-Device]
3536751686,47327,199247,,,,,,,,,,35.810,756627.800,Device,,NVIDIA A100-SXM4-40GB MIG 4g.20gb (0),1,,13,[CUDA memset]
3536801957,3488,199249,,,,,,,,,,0.000,22.936,Pinned,Device,NVIDIA A100-SXM4-40GB MIG 4g.20gb (0),1,,13,[CUDA memcpy Host-to-Device]
3536808965,13664,199250,,,,,,,,,,0.197,14388.756,Pinned,Device,NVIDIA A100-SXM4-40GB MIG 4g.20gb (0),1,,13,[CUDA memcpy Host-to-Device]
3536832229,9952,199251,273,1,1,48,1,1,40,0.000,0.001,,,,,NVIDIA A100-SXM4-40GB MIG 4g.20gb (0),1,,13,"void pusch_noise_intf_est::noiseIntfEstNoDftSOfdmKernel<float, __half, float, float, (unsigned int)2, (unsigned int)1, (unsigned char)4, (unsigned char)4>(pusch_noise_intf_est::puschRxNoiseIntfEstDynDescr)"
3536844517,2976,199262,35,1,1,128,1,1,16,0.000,0.000,,,,,NVIDIA A100-SXM4-40GB MIG 4g.20gb (0),1,,13,cupy_copy__complex64_complex64
3536855973,1984,199271,1,1,1,1,1,1,18,0.000,0.000,,,,,NVIDIA A100-SXM4-40GB MIG 4g.20gb (0),1,,13,cupy_copy__float32_float32
3536887556,1600,199277,,,,,,,,,,0.000,2.500,Device,Pageable,NVIDIA A100-SXM4-40GB MIG 4g.20gb (0),1,,7,[CUDA memcpy Device-to-Host]
3536947779,12864,199288,1434,1,1,128,1,1,16,0.000,0.000,,,,,NVIDIA A100-SXM4-40GB MIG 4g.20gb (0),1,,13,cupy_copy__complex64_complex64
3536977699,3008,199295,103,1,1,128,1,1,16,0.000,0.000,,,,,NVIDIA A100-SXM4-40GB MIG 4g.20gb (0),1,,13,cupy_copy__complex64_complex64
3537000963,2624,199302,35,1,1,128,1,1,16,0.000,0.000,,,,,NVIDIA A100-SXM4-40GB MIG 4g.20gb (0),1,,13,cupy_copy__complex64_complex64
3537017315,1792,199309,1,1,1,1,1,1,18,0.000,0.000,,,,,NVIDIA A100-SXM4-40GB MIG 4g.20gb (0),1,,13,cupy_copy__float32_float32
3537148193,87967,199320,1,1,1,32,32,1,30,0.000,0.000,,,,,NVIDIA A100-SXM4-40GB MIG 4g.20gb (0),1,,13,"void convert_kernel<__half2, float2>(tensor_layout_any, T1 *, tensor_layout_any, const T2 *)"
3537263264,5439,199323,,,,,,,,,,0.094,17226.665,Pinned,Device,NVIDIA A100-SXM4-40GB MIG 4g.20gb (0),1,,13,[CUDA memcpy Host-to-Device]
3537279039,3232,199324,,,,,,,,,,1.547,478533.199,Device,,NVIDIA A100-SXM4-40GB MIG 4g.20gb (0),1,,13,[CUDA memset]
3537284255,3200,199329,,,,,,,,,,0.031,9780.000,Pinned,Device,NVIDIA A100-SXM4-40GB MIG 4g.20gb (0),1,,13,[CUDA memcpy Host-to-Device]
3537289535,9344,199330,,,,,,,,,,0.197,21040.988,Pinned,Device,NVIDIA A100-SXM4-40GB MIG 4g.20gb (0),1,,13,[CUDA memcpy Host-to-Device]
3537302559,7936,199331,273,1,1,8,4,1,39,0.002,0.000,,,,,NVIDIA A100-SXM4-40GB MIG 4g.20gb (0),1,,13,"void channel_eq::eqMmseCoefCompLowMimoKernel<float, float, float, (unsigned int)4, (unsigned int)1, (unsigned int)4>(const channel_eq::_puschRxChEqStatDescr *, channel_eq::_puschRxChEqCoefCompDynDescr)"
3537311583,5920,199332,273,1,1,12,11,1,51,0.002,0.000,,,,,NVIDIA A100-SXM4-40GB MIG 4g.20gb (0),1,,13,"void channel_eq::eqMmseSoftDemapKernel<float, __half, __half, float, (unsigned int)4, (unsigned short)16383>(channel_eq::_puschRxChEqStatDescr *, channel_eq::_puschRxChEqSoftDemapDynDescr)"
3537318591,282908,199333,1,1,1,32,32,1,30,0.000,0.000,,,,,NVIDIA A100-SXM4-40GB MIG 4g.20gb (0),1,,13,"void convert_kernel<float2, __half2>(tensor_layout_any, T1 *, tensor_layout_any, const T2 *)"
3537603707,11008,199345,2253,1,1,128,1,1,16,0.000,0.000,,,,,NVIDIA A100-SXM4-40GB MIG 4g.20gb (0),1,,13,cupy_copy__float16_float16
3537618555,2752,199354,282,1,1,128,1,1,16,0.000,0.000,,,,,NVIDIA A100-SXM4-40GB MIG 4g.20gb (0),1,,13,cupy_copy__complex64_complex64
3537625627,2240,199363,26,1,1,128,1,1,16,0.000,0.000,,,,,NVIDIA A100-SXM4-40GB MIG 4g.20gb (0),1,,13,cupy_copy__float32_float32
3537628955,2944,199372,103,1,1,128,1,1,16,0.000,0.000,,,,,NVIDIA A100-SXM4-40GB MIG 4g.20gb (0),1,,13,cupy_copy__complex64_complex64
3537632859,12256,199382,1434,1,1,128,1,1,16,0.000,0.000,,,,,NVIDIA A100-SXM4-40GB MIG 4g.20gb (0),1,,13,cupy_copy__complex64_complex64
3537648251,87071,199387,1,1,1,32,32,1,30,0.000,0.000,,,,,NVIDIA A100-SXM4-40GB MIG 4g.20gb (0),1,,13,"void convert_kernel<__half2, float2>(tensor_layout_any, T1 *, tensor_layout_any, const T2 *)"
3537762457,5536,199390,,,,,,,,,,0.094,16924.777,Pinned,Device,NVIDIA A100-SXM4-40GB MIG 4g.20gb (0),1,,13,[CUDA memcpy Host-to-Device]
3537772505,605273,199391,,,,,,,,,,456.561,754239.499,Device,,NVIDIA A100-SXM4-40GB MIG 4g.20gb (0),1,,13,[CUDA memset]
3538381266,70111,199396,,,,,,,,,,1.235,17614.006,Pinned,Device,NVIDIA A100-SXM4-40GB MIG 4g.20gb (0),1,,13,[CUDA memcpy Host-to-Device]
3538455185,13984,199397,,,,,,,,,,0.197,14059.438,Pinned,Device,NVIDIA A100-SXM4-40GB MIG 4g.20gb (0),1,,13,[CUDA memcpy Host-to-Device]
3538476337,8415,199398,69,4,1,48,1,1,76,0.002,0.000,,,,,NVIDIA A100-SXM4-40GB MIG 4g.20gb (0),1,,13,"void ch_est::windowedChEstPreNoDftSOfdmKernel<float, __half, float, (unsigned int)2, (unsigned int)1, (unsigned short)4>(ch_est::puschRxChEstStatDescr_t *, ch_est::puschRxChEstDynDescr_t *)"
3538488112,7168,199399,137,2,1,24,2,1,44,0.001,0.001,,,,,NVIDIA A100-SXM4-40GB MIG 4g.20gb (0),1,,13,"void ch_est::chEstFilterNoDftSOfdmDispatchKernel<float, __half, float, (unsigned int)2>(ch_est::puschRxChEstStatDescr_t *, ch_est::puschRxChEstDynDescr_t *)"
3538498096,5504,199400,137,2,1,24,2,1,44,0.001,0.001,,,,,NVIDIA A100-SXM4-40GB MIG 4g.20gb (0),1,,13,"void ch_est::chEstFilterNoDftSOfdmDispatchKernel<float, __half, float, (unsigned int)2>(ch_est::puschRxChEstStatDescr_t *, ch_est::puschRxChEstDynDescr_t *)"
3538507888,2720,199411,103,1,1,128,1,1,16,0.000,0.000,,,,,NVIDIA A100-SXM4-40GB MIG 4g.20gb (0),1,,13,cupy_copy__complex64_complex64
3538512752,12480,199421,1434,1,1,128,1,1,16,0.000,0.000,,,,,NVIDIA A100-SXM4-40GB MIG 4g.20gb (0),1,,13,cupy_copy__complex64_complex64
3538526416,2720,199428,103,1,1,128,1,1,16,0.000,0.000,,,,,NVIDIA A100-SXM4-40GB MIG 4g.20gb (0),1,,13,cupy_copy__complex64_complex64
3538532272,82719,199435,1,1,1,32,32,1,30,0.000,0.000,,,,,NVIDIA A100-SXM4-40GB MIG 4g.20gb (0),1,,13,"void convert_kernel<__half2, float2>(tensor_layout_any, T1 *, tensor_layout_any, const T2 *)"
3538643278,8480,199438,,,,,,,,,,0.094,11049.007,Pinned,Device,NVIDIA A100-SXM4-40GB MIG 4g.20gb (0),1,,13,[CUDA memcpy Host-to-Device]
3538658510,47168,199439,,,,,,,,,,35.810,759170.304,Device,,NVIDIA A100-SXM4-40GB MIG 4g.20gb (0),1,,13,[CUDA memset]
3538711790,2528,199441,,,,,,,,,,0.000,31.646,Pinned,Device,NVIDIA A100-SXM4-40GB MIG 4g.20gb (0),1,,13,[CUDA memcpy Host-to-Device]
3538718286,13023,199442,,,,,,,,,,0.197,15096.938,Pinned,Device,NVIDIA A100-SXM4-40GB MIG 4g.20gb (0),1,,13,[CUDA memcpy Host-to-Device]
3538738957,9984,199443,273,1,1,48,1,1,40,0.000,0.001,,,,,NVIDIA A100-SXM4-40GB MIG 4g.20gb (0),1,,13,"void pusch_noise_intf_est::noiseIntfEstNoDftSOfdmKernel<float, __half, float, float, (unsigned int)2, (unsigned int)1, (unsigned char)4, (unsigned char)4>(pusch_noise_intf_est::puschRxNoiseIntfEstDynDescr)"
3538750637,2880,199454,35,1,1,128,1,1,16,0.000,0.000,,,,,NVIDIA A100-SXM4-40GB MIG 4g.20gb (0),1,,13,cupy_copy__complex64_complex64
3538766381,2016,199463,1,1,1,1,1,1,18,0.000,0.000,,,,,NVIDIA A100-SXM4-40GB MIG 4g.20gb (0),1,,13,cupy_copy__float32_float32
3538795437,1600,199469,,,,,,,,,,0.000,2.500,Device,Pageable,NVIDIA A100-SXM4-40GB MIG 4g.20gb (0),1,,7,[CUDA memcpy Device-to-Host]
3538866412,13024,199480,1434,1,1,128,1,1,16,0.000,0.000,,,,,NVIDIA A100-SXM4-40GB MIG 4g.20gb (0),1,,13,cupy_copy__complex64_complex64
3538892875,2688,199487,103,1,1,128,1,1,16,0.000,0.000,,,,,NVIDIA A100-SXM4-40GB MIG 4g.20gb (0),1,,13,cupy_copy__complex64_complex64
3538913227,2592,199494,35,1,1,128,1,1,16,0.000,0.000,,,,,NVIDIA A100-SXM4-40GB MIG 4g.20gb (0),1,,13,cupy_copy__complex64_complex64
3538931115,2048,199501,1,1,1,1,1,1,18,0.000,0.000,,,,,NVIDIA A100-SXM4-40GB MIG 4g.20gb (0),1,,13,cupy_copy__float32_float32
3539064489,87295,199512,1,1,1,32,32,1,30,0.000,0.000,,,,,NVIDIA A100-SXM4-40GB MIG 4g.20gb (0),1,,13,"void convert_kernel<__half2, float2>(tensor_layout_any, T1 *, tensor_layout_any, const T2 *)"
3539179240,5472,199515,,,,,,,,,,0.094,17122.757,Pinned,Device,NVIDIA A100-SXM4-40GB MIG 4g.20gb (0),1,,13,[CUDA memcpy Host-to-Device]
3539193320,3296,199516,,,,,,,,,,1.547,469242.628,Device,,NVIDIA A100-SXM4-40GB MIG 4g.20gb (0),1,,13,[CUDA memset]
3539200520,3040,199521,,,,,,,,,,0.031,10294.725,Pinned,Device,NVIDIA A100-SXM4-40GB MIG 4g.20gb (0),1,,13,[CUDA memcpy Host-to-Device]
3539206248,9375,199522,,,,,,,,,,0.197,20971.389,Pinned,Device,NVIDIA A100-SXM4-40GB MIG 4g.20gb (0),1,,13,[CUDA memcpy Host-to-Device]
3539221127,6624,199523,273,1,1,8,4,1,39,0.002,0.000,,,,,NVIDIA A100-SXM4-40GB MIG 4g.20gb (0),1,,13,"void channel_eq::eqMmseCoefCompLowMimoKernel<float, float, float, (unsigned int)4, (unsigned int)1, (unsigned int)4>(const channel_eq::_puschRxChEqStatDescr *, channel_eq::_puschRxChEqCoefCompDynDescr)"
3539228871,7808,199524,273,1,1,12,11,1,51,0.002,0.000,,,,,NVIDIA A100-SXM4-40GB MIG 4g.20gb (0),1,,13,"void channel_eq::eqMmseSoftDemapKernel<float, __half, __half, float, (unsigned int)4, (unsigned short)16383>(channel_eq::_puschRxChEqStatDescr *, channel_eq::_puschRxChEqSoftDemapDynDescr)"
3539237703,282749,199525,1,1,1,32,32,1,30,0.000,0.000,,,,,NVIDIA A100-SXM4-40GB MIG 4g.20gb (0),1,,13,"void convert_kernel<float2, __half2>(tensor_layout_any, T1 *, tensor_layout_any, const T2 *)"
3539522884,10847,199537,2253,1,1,128,1,1,16,0.000,0.000,,,,,NVIDIA A100-SXM4-40GB MIG 4g.20gb (0),1,,13,cupy_copy__float16_float16
3539537987,3424,199546,282,1,1,128,1,1,16,0.000,0.000,,,,,NVIDIA A100-SXM4-40GB MIG 4g.20gb (0),1,,13,cupy_copy__complex64_complex64
3539543587,2592,199555,26,1,1,128,1,1,16,0.000,0.000,,,,,NVIDIA A100-SXM4-40GB MIG 4g.20gb (0),1,,13,cupy_copy__float32_float32
3539547171,2944,199564,103,1,1,128,1,1,16,0.000,0.000,,,,,NVIDIA A100-SXM4-40GB MIG 4g.20gb (0),1,,13,cupy_copy__complex64_complex64
3539552419,11968,199574,1434,1,1,128,1,1,16,0.000,0.000,,,,,NVIDIA A100-SXM4-40GB MIG 4g.20gb (0),1,,13,cupy_copy__complex64_complex64
3539567971,81919,199579,1,1,1,32,32,1,30,0.000,0.000,,,,,NVIDIA A100-SXM4-40GB MIG 4g.20gb (0),1,,13,"void convert_kernel<__half2, float2>(tensor_layout_any, T1 *, tensor_layout_any, const T2 *)"
3539676418,5568,199582,,,,,,,,,,0.094,16827.521,Pinned,Device,NVIDIA A100-SXM4-40GB MIG 4g.20gb (0),1,,13,[CUDA memcpy Host-to-Device]
3539686210,602232,199583,,,,,,,,,,456.561,757891.990,Device,,NVIDIA A100-SXM4-40GB MIG 4g.20gb (0),1,,13,[CUDA memset]
3540292506,66431,199588,,,,,,,,,,1.235,18589.612,Pinned,Device,NVIDIA A100-SXM4-40GB MIG 4g.20gb (0),1,,13,[CUDA memcpy Host-to-Device]
3540363737,15136,199589,,,,,,,,,,0.197,12989.301,Pinned,Device,NVIDIA A100-SXM4-40GB MIG 4g.20gb (0),1,,13,[CUDA memcpy Host-to-Device]
3540385689,8896,199590,69,4,1,48,1,1,76,0.002,0.000,,,,,NVIDIA A100-SXM4-40GB MIG 4g.20gb (0),1,,13,"void ch_est::windowedChEstPreNoDftSOfdmKernel<float, __half, float, (unsigned int)2, (unsigned int)1, (unsigned short)4>(ch_est::puschRxChEstStatDescr_t *, ch_est::puschRxChEstDynDescr_t *)"
3540397305,7584,199591,137,2,1,24,2,1,44,0.001,0.001,,,,,NVIDIA A100-SXM4-40GB MIG 4g.20gb (0),1,,13,"void ch_est::chEstFilterNoDftSOfdmDispatchKernel<float, __half, float, (unsigned int)2>(ch_est::puschRxChEstStatDescr_t *, ch_est::puschRxChEstDynDescr_t *)"
3540408377,6432,199592,137,2,1,24,2,1,44,0.001,0.001,,,,,NVIDIA A100-SXM4-40GB MIG 4g.20gb (0),1,,13,"void ch_est::chEstFilterNoDftSOfdmDispatchKernel<float, __half, float, (unsigned int)2>(ch_est::puschRxChEstStatDescr_t *, ch_est::puschRxChEstDynDescr_t *)"
3540418425,2623,199603,103,1,1,128,1,1,16,0.000,0.000,,,,,NVIDIA A100-SXM4-40GB MIG 4g.20gb (0),1,,13,cupy_copy__complex64_complex64
3540423928,12544,199613,1434,1,1,128,1,1,16,0.000,0.000,,,,,NVIDIA A100-SXM4-40GB MIG 4g.20gb (0),1,,13,cupy_copy__complex64_complex64
3540439128,2912,199620,103,1,1,128,1,1,16,0.000,0.000,,,,,NVIDIA A100-SXM4-40GB MIG 4g.20gb (0),1,,13,cupy_copy__complex64_complex64
3540446520,84063,199627,1,1,1,32,32,1,30,0.000,0.000,,,,,NVIDIA A100-SXM4-40GB MIG 4g.20gb (0),1,,13,"void convert_kernel<__half2, float2>(tensor_layout_any, T1 *, tensor_layout_any, const T2 *)"
3540559255,8640,199630,,,,,,,,,,0.094,10844.375,Pinned,Device,NVIDIA A100-SXM4-40GB MIG 4g.20gb (0),1,,13,[CUDA memcpy Host-to-Device]
3540573047,47071,199631,,,,,,,,,,35.810,760745.940,Device,,NVIDIA A100-SXM4-40GB MIG 4g.20gb (0),1,,13,[CUDA memset]
3540626646,3232,199633,,,,,,,,,,0.000,24.752,Pinned,Device,NVIDIA A100-SXM4-40GB MIG 4g.20gb (0),1,,13,[CUDA memcpy Host-to-Device]
3540634294,13216,199634,,,,,,,,,,0.197,14876.344,Pinned,Device,NVIDIA A100-SXM4-40GB MIG 4g.20gb (0),1,,13,[CUDA memcpy Host-to-Device]
3540656726,11039,199635,273,1,1,48,1,1,40,0.000,0.001,,,,,NVIDIA A100-SXM4-40GB MIG 4g.20gb (0),1,,13,"void pusch_noise_intf_est::noiseIntfEstNoDftSOfdmKernel<float, __half, float, float, (unsigned int)2, (unsigned int)1, (unsigned char)4, (unsigned char)4>(pusch_noise_intf_est::puschRxNoiseIntfEstDynDescr)"
3540670869,2976,199646,35,1,1,128,1,1,16,0.000,0.000,,,,,NVIDIA A100-SXM4-40GB MIG 4g.20gb (0),1,,13,cupy_copy__complex64_complex64
3540680085,2080,199655,1,1,1,1,1,1,18,0.000,0.000,,,,,NVIDIA A100-SXM4-40GB MIG 4g.20gb (0),1,,13,cupy_copy__float32_float32
3540713365,1600,199661,,,,,,,,,,0.000,2.500,Device,Pageable,NVIDIA A100-SXM4-40GB MIG 4g.20gb (0),1,,7,[CUDA memcpy Device-to-Host]
3540775732,13056,199672,1434,1,1,128,1,1,16,0.000,0.000,,,,,NVIDIA A100-SXM4-40GB MIG 4g.20gb (0),1,,13,cupy_copy__complex64_complex64
3540801364,3040,199679,103,1,1,128,1,1,16,0.000,0.000,,,,,NVIDIA A100-SXM4-40GB MIG 4g.20gb (0),1,,13,cupy_copy__complex64_complex64
3540822164,2176,199686,35,1,1,128,1,1,16,0.000,0.000,,,,,NVIDIA A100-SXM4-40GB MIG 4g.20gb (0),1,,13,cupy_copy__complex64_complex64
3540840115,1760,199693,1,1,1,1,1,1,18,0.000,0.000,,,,,NVIDIA A100-SXM4-40GB MIG 4g.20gb (0),1,,13,cupy_copy__float32_float32
3540974130,82815,199704,1,1,1,32,32,1,30,0.000,0.000,,,,,NVIDIA A100-SXM4-40GB MIG 4g.20gb (0),1,,13,"void convert_kernel<__half2, float2>(tensor_layout_any, T1 *, tensor_layout_any, const T2 *)"
3541083632,5536,199707,,,,,,,,,,0.094,16924.777,Pinned,Device,NVIDIA A100-SXM4-40GB MIG 4g.20gb (0),1,,13,[CUDA memcpy Host-to-Device]
3541098640,3232,199708,,,,,,,,,,1.547,478533.199,Device,,NVIDIA A100-SXM4-40GB MIG 4g.20gb (0),1,,13,[CUDA memset]
3541104304,3072,199713,,,,,,,,,,0.031,10187.474,Pinned,Device,NVIDIA A100-SXM4-40GB MIG 4g.20gb (0),1,,13,[CUDA memcpy Host-to-Device]
3541109808,9696,199714,,,,,,,,,,0.197,20277.166,Pinned,Device,NVIDIA A100-SXM4-40GB MIG 4g.20gb (0),1,,13,[CUDA memcpy Host-to-Device]
3541124720,6176,199715,273,1,1,8,4,1,39,0.002,0.000,,,,,NVIDIA A100-SXM4-40GB MIG 4g.20gb (0),1,,13,"void channel_eq::eqMmseCoefCompLowMimoKernel<float, float, float, (unsigned int)4, (unsigned int)1, (unsigned int)4>(const channel_eq::_puschRxChEqStatDescr *, channel_eq::_puschRxChEqCoefCompDynDescr)"
3541132144,5536,199716,273,1,1,12,11,1,51,0.002,0.000,,,,,NVIDIA A100-SXM4-40GB MIG 4g.20gb (0),1,,13,"void channel_eq::eqMmseSoftDemapKernel<float, __half, __half, float, (unsigned int)4, (unsigned short)16383>(channel_eq::_puschRxChEqStatDescr *, channel_eq::_puschRxChEqSoftDemapDynDescr)"
3541138704,294684,199717,1,1,1,32,32,1,30,0.000,0.000,,,,,NVIDIA A100-SXM4-40GB MIG 4g.20gb (0),1,,13,"void convert_kernel<float2, __half2>(tensor_layout_any, T1 *, tensor_layout_any, const T2 *)"
3541434412,10976,199729,2253,1,1,128,1,1,16,0.000,0.000,,,,,NVIDIA A100-SXM4-40GB MIG 4g.20gb (0),1,,13,cupy_copy__float16_float16
3541447148,3520,199738,282,1,1,128,1,1,16,0.000,0.000,,,,,NVIDIA A100-SXM4-40GB MIG 4g.20gb (0),1,,13,cupy_copy__complex64_complex64
3541453580,2272,199747,26,1,1,128,1,1,16,0.000,0.000,,,,,NVIDIA A100-SXM4-40GB MIG 4g.20gb (0),1,,13,cupy_copy__float32_float32
3541458700,2784,199756,103,1,1,128,1,1,16,0.000,0.000,,,,,NVIDIA A100-SXM4-40GB MIG 4g.20gb (0),1,,13,cupy_copy__complex64_complex64
3541464396,12095,199766,1434,1,1,128,1,1,16,0.000,0.000,,,,,NVIDIA A100-SXM4-40GB MIG 4g.20gb (0),1,,13,cupy_copy__complex64_complex64
3541478635,82335,199771,1,1,1,32,32,1,30,0.000,0.000,,,,,NVIDIA A100-SXM4-40GB MIG 4g.20gb (0),1,,13,"void convert_kernel<__half2, float2>(tensor_layout_any, T1 *, tensor_layout_any, const T2 *)"
3541587690,5440,199774,,,,,,,,,,0.094,17223.480,Pinned,Device,NVIDIA A100-SXM4-40GB MIG 4g.20gb (0),1,,13,[CUDA memcpy Host-to-Device]
3541597322,606328,199775,,,,,,,,,,456.561,752869.815,Device,,NVIDIA A100-SXM4-40GB MIG 4g.20gb (0),1,,13,[CUDA memset]
3542206338,69088,199780,,,,,,,,,,1.235,17874.579,Pinned,Device,NVIDIA A100-SXM4-40GB MIG 4g.20gb (0),1,,13,[CUDA memcpy Host-to-Device]
3542279298,14495,199781,,,,,,,,,,0.197,13563.789,Pinned,Device,NVIDIA A100-SXM4-40GB MIG 4g.20gb (0),1,,13,[CUDA memcpy Host-to-Device]
3542301217,8160,199782,69,4,1,48,1,1,76,0.002,0.000,,,,,NVIDIA A100-SXM4-40GB MIG 4g.20gb (0),1,,13,"void ch_est::windowedChEstPreNoDftSOfdmKernel<float, __half, float, (unsigned int)2, (unsigned int)1, (unsigned short)4>(ch_est::puschRxChEstStatDescr_t *, ch_est::puschRxChEstDynDescr_t *)"
3542312705,6048,199783,137,2,1,24,2,1,44,0.001,0.001,,,,,NVIDIA A100-SXM4-40GB MIG 4g.20gb (0),1,,13,"void ch_est::chEstFilterNoDftSOfdmDispatchKernel<float, __half, float, (unsigned int)2>(ch_est::puschRxChEstStatDescr_t *, ch_est::puschRxChEstDynDescr_t *)"
3542321857,5024,199784,137,2,1,24,2,1,44,0.001,0.001,,,,,NVIDIA A100-SXM4-40GB MIG 4g.20gb (0),1,,13,"void ch_est::chEstFilterNoDftSOfdmDispatchKernel<float, __half, float, (unsigned int)2>(ch_est::puschRxChEstStatDescr_t *, ch_est::puschRxChEstDynDescr_t *)"
3542332897,2784,199795,103,1,1,128,1,1,16,0.000,0.000,,,,,NVIDIA A100-SXM4-40GB MIG 4g.20gb (0),1,,13,cupy_copy__complex64_complex64
3542338721,12608,199805,1434,1,1,128,1,1,16,0.000,0.000,,,,,NVIDIA A100-SXM4-40GB MIG 4g.20gb (0),1,,13,cupy_copy__complex64_complex64
3542359105,3007,199812,103,1,1,128,1,1,16,0.000,0.000,,,,,NVIDIA A100-SXM4-40GB MIG 4g.20gb (0),1,,13,cupy_copy__complex64_complex64
3542364928,83743,199819,1,1,1,32,32,1,30,0.000,0.000,,,,,NVIDIA A100-SXM4-40GB MIG 4g.20gb (0),1,,13,"void convert_kernel<__half2, float2>(tensor_layout_any, T1 *, tensor_layout_any, const T2 *)"
3542476543,9664,199822,,,,,,,,,,0.094,9695.287,Pinned,Device,NVIDIA A100-SXM4-40GB MIG 4g.20gb (0),1,,13,[CUDA memcpy Host-to-Device]
3542492383,48447,199823,,,,,,,,,,35.810,739152.559,Device,,NVIDIA A100-SXM4-40GB MIG 4g.20gb (0),1,,13,[CUDA memset]
3542543710,4160,199825,,,,,,,,,,0.000,19.231,Pinned,Device,NVIDIA A100-SXM4-40GB MIG 4g.20gb (0),1,,13,[CUDA memcpy Host-to-Device]
3542552030,13216,199826,,,,,,,,,,0.197,14876.344,Pinned,Device,NVIDIA A100-SXM4-40GB MIG 4g.20gb (0),1,,13,[CUDA memcpy Host-to-Device]
3542575390,9472,199827,273,1,1,48,1,1,40,0.000,0.001,,,,,NVIDIA A100-SXM4-40GB MIG 4g.20gb (0),1,,13,"void pusch_noise_intf_est::noiseIntfEstNoDftSOfdmKernel<float, __half, float, float, (unsigned int)2, (unsigned int)1, (unsigned char)4, (unsigned char)4>(pusch_noise_intf_est::puschRxNoiseIntfEstDynDescr)"
3542589790,3008,199838,35,1,1,128,1,1,16,0.000,0.000,,,,,NVIDIA A100-SXM4-40GB MIG 4g.20gb (0),1,,13,cupy_copy__complex64_complex64
3542602590,2047,199847,1,1,1,1,1,1,18,0.000,0.000,,,,,NVIDIA A100-SXM4-40GB MIG 4g.20gb (0),1,,13,cupy_copy__float32_float32
3542630653,2304,199853,,,,,,,,,,0.000,1.736,Device,Pageable,NVIDIA A100-SXM4-40GB MIG 4g.20gb (0),1,,7,[CUDA memcpy Device-to-Host]
3542693020,12832,199864,1434,1,1,128,1,1,16,0.000,0.000,,,,,NVIDIA A100-SXM4-40GB MIG 4g.20gb (0),1,,13,cupy_copy__complex64_complex64
3542719068,2656,199871,103,1,1,128,1,1,16,0.000,0.000,,,,,NVIDIA A100-SXM4-40GB MIG 4g.20gb (0),1,,13,cupy_copy__complex64_complex64
3542739708,2720,199878,35,1,1,128,1,1,16,0.000,0.000,,,,,NVIDIA A100-SXM4-40GB MIG 4g.20gb (0),1,,13,cupy_copy__complex64_complex64
3542758428,1792,199885,1,1,1,1,1,1,18,0.000,0.000,,,,,NVIDIA A100-SXM4-40GB MIG 4g.20gb (0),1,,13,cupy_copy__float32_float32
3542896282,82047,199896,1,1,1,32,32,1,30,0.000,0.000,,,,,NVIDIA A100-SXM4-40GB MIG 4g.20gb (0),1,,13,"void convert_kernel<__half2, float2>(tensor_layout_any, T1 *, tensor_layout_any, const T2 *)"
3543005977,5407,199899,,,,,,,,,,0.094,17328.607,Pinned,Device,NVIDIA A100-SXM4-40GB MIG 4g.20gb (0),1,,13,[CUDA memcpy Host-to-Device]
3543020024,3328,199900,,,,,,,,,,1.547,464729.580,Device,,NVIDIA A100-SXM4-40GB MIG 4g.20gb (0),1,,13,[CUDA memset]
3543027000,3072,199905,,,,,,,,,,0.031,10187.474,Pinned,Device,NVIDIA A100-SXM4-40GB MIG 4g.20gb (0),1,,13,[CUDA memcpy Host-to-Device]
3543032504,9504,199906,,,,,,,,,,0.197,20686.701,Pinned,Device,NVIDIA A100-SXM4-40GB MIG 4g.20gb (0),1,,13,[CUDA memcpy Host-to-Device]
3543047832,6304,199907,273,1,1,8,4,1,39,0.002,0.000,,,,,NVIDIA A100-SXM4-40GB MIG 4g.20gb (0),1,,13,"void channel_eq::eqMmseCoefCompLowMimoKernel<float, float, float, (unsigned int)4, (unsigned int)1, (unsigned int)4>(const channel_eq::_puschRxChEqStatDescr *, channel_eq::_puschRxChEqCoefCompDynDescr)"
3543055224,5824,199908,273,1,1,12,11,1,51,0.002,0.000,,,,,NVIDIA A100-SXM4-40GB MIG 4g.20gb (0),1,,13,"void channel_eq::eqMmseSoftDemapKernel<float, __half, __half, float, (unsigned int)4, (unsigned short)16383>(channel_eq::_puschRxChEqStatDescr *, channel_eq::_puschRxChEqSoftDemapDynDescr)"
3543062104,282492,199909,1,1,1,32,32,1,30,0.000,0.000,,,,,NVIDIA A100-SXM4-40GB MIG 4g.20gb (0),1,,13,"void convert_kernel<float2, __half2>(tensor_layout_any, T1 *, tensor_layout_any, const T2 *)"
3543345716,10880,199921,2253,1,1,128,1,1,16,0.000,0.000,,,,,NVIDIA A100-SXM4-40GB MIG 4g.20gb (0),1,,13,cupy_copy__float16_float16
3543358356,3776,199930,282,1,1,128,1,1,16,0.000,0.000,,,,,NVIDIA A100-SXM4-40GB MIG 4g.20gb (0),1,,13,cupy_copy__complex64_complex64
3543363860,2560,199939,26,1,1,128,1,1,16,0.000,0.000,,,,,NVIDIA A100-SXM4-40GB MIG 4g.20gb (0),1,,13,cupy_copy__float32_float32
3543369716,4896,199948,103,1,1,128,1,1,16,0.000,0.000,,,,,NVIDIA A100-SXM4-40GB MIG 4g.20gb (0),1,,13,cupy_copy__complex64_complex64
3543375636,12096,199958,1434,1,1,128,1,1,16,0.000,0.000,,,,,NVIDIA A100-SXM4-40GB MIG 4g.20gb (0),1,,13,cupy_copy__complex64_complex64
3543394420,82943,199963,1,1,1,32,32,1,30,0.000,0.000,,,,,NVIDIA A100-SXM4-40GB MIG 4g.20gb (0),1,,13,"void convert_kernel<__half2, float2>(tensor_layout_any, T1 *, tensor_layout_any, const T2 *)"
3543504338,5312,199966,,,,,,,,,,0.094,17638.553,Pinned,Device,NVIDIA A100-SXM4-40GB MIG 4g.20gb (0),1,,13,[CUDA memcpy Host-to-Device]
3543515122,606649,199967,,,,,,,,,,456.561,752413.253,Device,,NVIDIA A100-SXM4-40GB MIG 4g.20gb (0),1,,13,[CUDA memset]
3544127659,71487,199972,,,,,,,,,,1.235,17274.397,Pinned,Device,NVIDIA A100-SXM4-40GB MIG 4g.20gb (0),1,,13,[CUDA memcpy Host-to-Device]
3544202570,15168,199973,,,,,,,,,,0.197,12961.972,Pinned,Device,NVIDIA A100-SXM4-40GB MIG 4g.20gb (0),1,,13,[CUDA memcpy Host-to-Device]
3544223561,8672,199974,69,4,1,48,1,1,76,0.002,0.000,,,,,NVIDIA A100-SXM4-40GB MIG 4g.20gb (0),1,,13,"void ch_est::windowedChEstPreNoDftSOfdmKernel<float, __half, float, (unsigned int)2, (unsigned int)1, (unsigned short)4>(ch_est::puschRxChEstStatDescr_t *, ch_est::puschRxChEstDynDescr_t *)"
3544234473,6720,199975,137,2,1,24,2,1,44,0.001,0.001,,,,,NVIDIA A100-SXM4-40GB MIG 4g.20gb (0),1,,13,"void ch_est::chEstFilterNoDftSOfdmDispatchKernel<float, __half, float, (unsigned int)2>(ch_est::puschRxChEstStatDescr_t *, ch_est::puschRxChEstDynDescr_t *)"
3544245289,5568,199976,137,2,1,24,2,1,44,0.001,0.001,,,,,NVIDIA A100-SXM4-40GB MIG 4g.20gb (0),1,,13,"void ch_est::chEstFilterNoDftSOfdmDispatchKernel<float, __half, float, (unsigned int)2>(ch_est::puschRxChEstStatDescr_t *, ch_est::puschRxChEstDynDescr_t *)"
3544255753,2560,199987,103,1,1,128,1,1,16,0.000,0.000,,,,,NVIDIA A100-SXM4-40GB MIG 4g.20gb (0),1,,13,cupy_copy__complex64_complex64
3544262409,12576,199997,1434,1,1,128,1,1,16,0.000,0.000,,,,,NVIDIA A100-SXM4-40GB MIG 4g.20gb (0),1,,13,cupy_copy__complex64_complex64
3544283433,2528,200004,103,1,1,128,1,1,16,0.000,0.000,,,,,NVIDIA A100-SXM4-40GB MIG 4g.20gb (0),1,,13,cupy_copy__complex64_complex64
3544289609,84703,200011,1,1,1,32,32,1,30,0.000,0.000,,,,,NVIDIA A100-SXM4-40GB MIG 4g.20gb (0),1,,13,"void convert_kernel<__half2, float2>(tensor_layout_any, T1 *, tensor_layout_any, const T2 *)"
3544402279,8160,200014,,,,,,,,,,0.094,11482.351,Pinned,Device,NVIDIA A100-SXM4-40GB MIG 4g.20gb (0),1,,13,[CUDA memcpy Host-to-Device]
3544419271,47871,200015,,,,,,,,,,35.810,748033.419,Device,,NVIDIA A100-SXM4-40GB MIG 4g.20gb (0),1,,13,[CUDA memset]
3544470022,3328,200017,,,,,,,,,,0.000,24.038,Pinned,Device,NVIDIA A100-SXM4-40GB MIG 4g.20gb (0),1,,13,[CUDA memcpy Host-to-Device]
3544476998,12640,200018,,,,,,,,,,0.197,15554.249,Pinned,Device,NVIDIA A100-SXM4-40GB MIG 4g.20gb (0),1,,13,[CUDA memcpy Host-to-Device]
3544499206,10240,200019,273,1,1,48,1,1,40,0.000,0.001,,,,,NVIDIA A100-SXM4-40GB MIG 4g.20gb (0),1,,13,"void pusch_noise_intf_est::noiseIntfEstNoDftSOfdmKernel<float, __half, float, float, (unsigned int)2, (unsigned int)1, (unsigned char)4, (unsigned char)4>(pusch_noise_intf_est::puschRxNoiseIntfEstDynDescr)"
3544512806,2848,200030,35,1,1,128,1,1,16,0.000,0.000,,,,,NVIDIA A100-SXM4-40GB MIG 4g.20gb (0),1,,13,cupy_copy__complex64_complex64
3544524710,2016,200039,1,1,1,1,1,1,18,0.000,0.000,,,,,NVIDIA A100-SXM4-40GB MIG 4g.20gb (0),1,,13,cupy_copy__float32_float32
3544555717,2496,200045,,,,,,,,,,0.000,1.603,Device,Pageable,NVIDIA A100-SXM4-40GB MIG 4g.20gb (0),1,,7,[CUDA memcpy Device-to-Host]
3544618469,12831,200056,1434,1,1,128,1,1,16,0.000,0.000,,,,,NVIDIA A100-SXM4-40GB MIG 4g.20gb (0),1,,13,cupy_copy__complex64_complex64
3544645348,2688,200063,103,1,1,128,1,1,16,0.000,0.000,,,,,NVIDIA A100-SXM4-40GB MIG 4g.20gb (0),1,,13,cupy_copy__complex64_complex64
3544666564,2336,200070,35,1,1,128,1,1,16,0.000,0.000,,,,,NVIDIA A100-SXM4-40GB MIG 4g.20gb (0),1,,13,cupy_copy__complex64_complex64
3544683524,1760,200077,1,1,1,1,1,1,18,0.000,0.000,,,,,NVIDIA A100-SXM4-40GB MIG 4g.20gb (0),1,,13,cupy_copy__float32_float32
3544814082,82623,200088,1,1,1,32,32,1,30,0.000,0.000,,,,,NVIDIA A100-SXM4-40GB MIG 4g.20gb (0),1,,13,"void convert_kernel<__half2, float2>(tensor_layout_any, T1 *, tensor_layout_any, const T2 *)"
3544923521,5408,200091,,,,,,,,,,0.094,17325.421,Pinned,Device,NVIDIA A100-SXM4-40GB MIG 4g.20gb (0),1,,13,[CUDA memcpy Host-to-Device]
3544938337,3456,200092,,,,,,,,,,1.547,447517.201,Device,,NVIDIA A100-SXM4-40GB MIG 4g.20gb (0),1,,13,[CUDA memset]
3544944417,3040,200097,,,,,,,,,,0.031,10294.725,Pinned,Device,NVIDIA A100-SXM4-40GB MIG 4g.20gb (0),1,,13,[CUDA memcpy Host-to-Device]
3544949537,9535,200098,,,,,,,,,,0.197,20619.461,Pinned,Device,NVIDIA A100-SXM4-40GB MIG 4g.20gb (0),1,,13,[CUDA memcpy Host-to-Device]
3544964128,6272,200099,273,1,1,8,4,1,39,0.002,0.000,,,,,NVIDIA A100-SXM4-40GB MIG 4g.20gb (0),1,,13,"void channel_eq::eqMmseCoefCompLowMimoKernel<float, float, float, (unsigned int)4, (unsigned int)1, (unsigned int)4>(const channel_eq::_puschRxChEqStatDescr *, channel_eq::_puschRxChEqCoefCompDynDescr)"
3544971552,5856,200100,273,1,1,12,11,1,51,0.002,0.000,,,,,NVIDIA A100-SXM4-40GB MIG 4g.20gb (0),1,,13,"void channel_eq::eqMmseSoftDemapKernel<float, __half, __half, float, (unsigned int)4, (unsigned short)16383>(channel_eq::_puschRxChEqStatDescr *, channel_eq::_puschRxChEqSoftDemapDynDescr)"
3544978496,282429,200101,1,1,1,32,32,1,30,0.000,0.000,,,,,NVIDIA A100-SXM4-40GB MIG 4g.20gb (0),1,,13,"void convert_kernel<float2, __half2>(tensor_layout_any, T1 *, tensor_layout_any, const T2 *)"
3545262461,11231,200113,2253,1,1,128,1,1,16,0.000,0.000,,,,,NVIDIA A100-SXM4-40GB MIG 4g.20gb (0),1,,13,cupy_copy__float16_float16
3545277756,3456,200122,282,1,1,128,1,1,16,0.000,0.000,,,,,NVIDIA A100-SXM4-40GB MIG 4g.20gb (0),1,,13,cupy_copy__complex64_complex64
3545284156,2240,200131,26,1,1,128,1,1,16,0.000,0.000,,,,,NVIDIA A100-SXM4-40GB MIG 4g.20gb (0),1,,13,cupy_copy__float32_float32
3545287484,2944,200140,103,1,1,128,1,1,16,0.000,0.000,,,,,NVIDIA A100-SXM4-40GB MIG 4g.20gb (0),1,,13,cupy_copy__complex64_complex64
3545291804,12416,200150,1434,1,1,128,1,1,16,0.000,0.000,,,,,NVIDIA A100-SXM4-40GB MIG 4g.20gb (0),1,,13,cupy_copy__complex64_complex64
3545310140,81791,200155,1,1,1,32,32,1,30,0.000,0.000,,,,,NVIDIA A100-SXM4-40GB MIG 4g.20gb (0),1,,13,"void convert_kernel<__half2, float2>(tensor_layout_any, T1 *, tensor_layout_any, const T2 *)"
3545418395,5344,200158,,,,,,,,,,0.094,17532.864,Pinned,Device,NVIDIA A100-SXM4-40GB MIG 4g.20gb (0),1,,13,[CUDA memcpy Host-to-Device]
3545429755,601880,200159,,,,,,,,,,456.561,758348.552,Device,,NVIDIA A100-SXM4-40GB MIG 4g.20gb (0),1,,13,[CUDA memset]
3546038419,68735,200164,,,,,,,,,,1.235,17965.965,Pinned,Device,NVIDIA A100-SXM4-40GB MIG 4g.20gb (0),1,,13,[CUDA memcpy Host-to-Device]
3546110642,13952,200165,,,,,,,,,,0.197,14091.682,Pinned,Device,NVIDIA A100-SXM4-40GB MIG 4g.20gb (0),1,,13,[CUDA memcpy Host-to-Device]
3546129234,8032,200166,69,4,1,48,1,1,76,0.002,0.000,,,,,NVIDIA A100-SXM4-40GB MIG 4g.20gb (0),1,,13,"void ch_est::windowedChEstPreNoDftSOfdmKernel<float, __half, float, (unsigned int)2, (unsigned int)1, (unsigned short)4>(ch_est::puschRxChEstStatDescr_t *, ch_est::puschRxChEstDynDescr_t *)"
3546141170,6432,200167,137,2,1,24,2,1,44,0.001,0.001,,,,,NVIDIA A100-SXM4-40GB MIG 4g.20gb (0),1,,13,"void ch_est::chEstFilterNoDftSOfdmDispatchKernel<float, __half, float, (unsigned int)2>(ch_est::puschRxChEstStatDescr_t *, ch_est::puschRxChEstDynDescr_t *)"
3546151730,5184,200168,137,2,1,24,2,1,44,0.001,0.001,,,,,NVIDIA A100-SXM4-40GB MIG 4g.20gb (0),1,,13,"void ch_est::chEstFilterNoDftSOfdmDispatchKernel<float, __half, float, (unsigned int)2>(ch_est::puschRxChEstStatDescr_t *, ch_est::puschRxChEstDynDescr_t *)"
3546163441,2528,200179,103,1,1,128,1,1,16,0.000,0.000,,,,,NVIDIA A100-SXM4-40GB MIG 4g.20gb (0),1,,13,cupy_copy__complex64_complex64
3546170097,12864,200189,1434,1,1,128,1,1,16,0.000,0.000,,,,,NVIDIA A100-SXM4-40GB MIG 4g.20gb (0),1,,13,cupy_copy__complex64_complex64
3546184465,2624,200196,103,1,1,128,1,1,16,0.000,0.000,,,,,NVIDIA A100-SXM4-40GB MIG 4g.20gb (0),1,,13,cupy_copy__complex64_complex64
3546191569,84639,200203,1,1,1,32,32,1,30,0.000,0.000,,,,,NVIDIA A100-SXM4-40GB MIG 4g.20gb (0),1,,13,"void convert_kernel<__half2, float2>(tensor_layout_any, T1 *, tensor_layout_any, const T2 *)"
3546303408,9280,200206,,,,,,,,,,0.094,10096.494,Pinned,Device,NVIDIA A100-SXM4-40GB MIG 4g.20gb (0),1,,13,[CUDA memcpy Host-to-Device]
3546317808,48447,200207,,,,,,,,,,35.810,739152.559,Device,,NVIDIA A100-SXM4-40GB MIG 4g.20gb (0),1,,13,[CUDA memset]
3546373263,3520,200209,,,,,,,,,,0.000,22.727,Pinned,Device,NVIDIA A100-SXM4-40GB MIG 4g.20gb (0),1,,13,[CUDA memcpy Host-to-Device]
3546380815,13856,200210,,,,,,,,,,0.197,14189.199,Pinned,Device,NVIDIA A100-SXM4-40GB MIG 4g.20gb (0),1,,13,[CUDA memcpy Host-to-Device]
3546402223,9663,200211,273,1,1,48,1,1,40,0.000,0.001,,,,,NVIDIA A100-SXM4-40GB MIG 4g.20gb (0),1,,13,"void pusch_noise_intf_est::noiseIntfEstNoDftSOfdmKernel<float, __half, float, float, (unsigned int)2, (unsigned int)1, (unsigned char)4, (unsigned char)4>(pusch_noise_intf_est::puschRxNoiseIntfEstDynDescr)"
3546419310,2848,200222,35,1,1,128,1,1,16,0.000,0.000,,,,,NVIDIA A100-SXM4-40GB MIG 4g.20gb (0),1,,13,cupy_copy__complex64_complex64
3546427598,1888,200231,1,1,1,1,1,1,18,0.000,0.000,,,,,NVIDIA A100-SXM4-40GB MIG 4g.20gb (0),1,,13,cupy_copy__float32_float32
3546458158,1824,200237,,,,,,,,,,0.000,2.193,Device,Pageable,NVIDIA A100-SXM4-40GB MIG 4g.20gb (0),1,,7,[CUDA memcpy Device-to-Host]
3546519501,12992,200248,1434,1,1,128,1,1,16,0.000,0.000,,,,,NVIDIA A100-SXM4-40GB MIG 4g.20gb (0),1,,13,cupy_copy__complex64_complex64
3546546125,2944,200255,103,1,1,128,1,1,16,0.000,0.000,,,,,NVIDIA A100-SXM4-40GB MIG 4g.20gb (0),1,,13,cupy_copy__complex64_complex64
3546565965,2175,200262,35,1,1,128,1,1,16,0.000,0.000,,,,,NVIDIA A100-SXM4-40GB MIG 4g.20gb (0),1,,13,cupy_copy__complex64_complex64
3546585100,1920,200269,1,1,1,1,1,1,18,0.000,0.000,,,,,NVIDIA A100-SXM4-40GB MIG 4g.20gb (0),1,,13,cupy_copy__float32_float32
3546714315,82847,200280,1,1,1,32,32,1,30,0.000,0.000,,,,,NVIDIA A100-SXM4-40GB MIG 4g.20gb (0),1,,13,"void convert_kernel<__half2, float2>(tensor_layout_any, T1 *, tensor_layout_any, const T2 *)"
3546824201,5664,200283,,,,,,,,,,0.094,16542.310,Pinned,Device,NVIDIA A100-SXM4-40GB MIG 4g.20gb (0),1,,13,[CUDA memcpy Host-to-Device]
3546838281,3264,200284,,,,,,,,,,1.547,473842.288,Device,,NVIDIA A100-SXM4-40GB MIG 4g.20gb (0),1,,13,[CUDA memset]
3546852041,3040,200289,,,,,,,,,,0.031,10294.725,Pinned,Device,NVIDIA A100-SXM4-40GB MIG 4g.20gb (0),1,,13,[CUDA memcpy Host-to-Device]
3546857513,9504,200290,,,,,,,,,,0.197,20686.701,Pinned,Device,NVIDIA A100-SXM4-40GB MIG 4g.20gb (0),1,,13,[CUDA memcpy Host-to-Device]
3546871049,5568,200291,273,1,1,8,4,1,39,0.002,0.000,,,,,NVIDIA A100-SXM4-40GB MIG 4g.20gb (0),1,,13,"void channel_eq::eqMmseCoefCompLowMimoKernel<float, float, float, (unsigned int)4, (unsigned int)1, (unsigned int)4>(const channel_eq::_puschRxChEqStatDescr *, channel_eq::_puschRxChEqCoefCompDynDescr)"
3546877737,5856,200292,273,1,1,12,11,1,51,0.002,0.000,,,,,NVIDIA A100-SXM4-40GB MIG 4g.20gb (0),1,,13,"void channel_eq::eqMmseSoftDemapKernel<float, __half, __half, float, (unsigned int)4, (unsigned short)16383>(channel_eq::_puschRxChEqStatDescr *, channel_eq::_puschRxChEqSoftDemapDynDescr)"
3546884649,295036,200293,1,1,1,32,32,1,30,0.000,0.000,,,,,NVIDIA A100-SXM4-40GB MIG 4g.20gb (0),1,,13,"void convert_kernel<float2, __half2>(tensor_layout_any, T1 *, tensor_layout_any, const T2 *)"
3547182405,10848,200305,2253,1,1,128,1,1,16,0.000,0.000,,,,,NVIDIA A100-SXM4-40GB MIG 4g.20gb (0),1,,13,cupy_copy__float16_float16
3547197189,2592,200314,282,1,1,128,1,1,16,0.000,0.000,,,,,NVIDIA A100-SXM4-40GB MIG 4g.20gb (0),1,,13,cupy_copy__complex64_complex64
3547201509,2304,200323,26,1,1,128,1,1,16,0.000,0.000,,,,,NVIDIA A100-SXM4-40GB MIG 4g.20gb (0),1,,13,cupy_copy__float32_float32
3547204901,2784,200332,103,1,1,128,1,1,16,0.000,0.000,,,,,NVIDIA A100-SXM4-40GB MIG 4g.20gb (0),1,,13,cupy_copy__complex64_complex64
3547208837,12159,200342,1434,1,1,128,1,1,16,0.000,0.000,,,,,NVIDIA A100-SXM4-40GB MIG 4g.20gb (0),1,,13,cupy_copy__complex64_complex64
3547224292,82559,200347,1,1,1,32,32,1,30,0.000,0.000,,,,,NVIDIA A100-SXM4-40GB MIG 4g.20gb (0),1,,13,"void convert_kernel<__half2, float2>(tensor_layout_any, T1 *, tensor_layout_any, const T2 *)"
3547333283,5408,200350,,,,,,,,,,0.094,17325.421,Pinned,Device,NVIDIA A100-SXM4-40GB MIG 4g.20gb (0),1,,13,[CUDA memcpy Host-to-Device]
3547344515,604600,200351,,,,,,,,,,456.561,754696.060,Device,,NVIDIA A100-SXM4-40GB MIG 4g.20gb (0),1,,13,[CUDA memset]
3547956027,68831,200356,,,,,,,,,,1.235,17941.266,Pinned,Device,NVIDIA A100-SXM4-40GB MIG 4g.20gb (0),1,,13,[CUDA memcpy Host-to-Device]
3548028570,14496,200357,,,,,,,,,,0.197,13562.806,Pinned,Device,NVIDIA A100-SXM4-40GB MIG 4g.20gb (0),1,,13,[CUDA memcpy Host-to-Device]
3548053530,8320,200358,69,4,1,48,1,1,76,0.002,0.000,,,,,NVIDIA A100-SXM4-40GB MIG 4g.20gb (0),1,,13,"void ch_est::windowedChEstPreNoDftSOfdmKernel<float, __half, float, (unsigned int)2, (unsigned int)1, (unsigned short)4>(ch_est::puschRxChEstStatDescr_t *, ch_est::puschRxChEstDynDescr_t *)"
3548064986,6496,200359,137,2,1,24,2,1,44,0.001,0.001,,,,,NVIDIA A100-SXM4-40GB MIG 4g.20gb (0),1,,13,"void ch_est::chEstFilterNoDftSOfdmDispatchKernel<float, __half, float, (unsigned int)2>(ch_est::puschRxChEstStatDescr_t *, ch_est::puschRxChEstDynDescr_t *)"
3548076730,5504,200360,137,2,1,24,2,1,44,0.001,0.001,,,,,NVIDIA A100-SXM4-40GB MIG 4g.20gb (0),1,,13,"void ch_est::chEstFilterNoDftSOfdmDispatchKernel<float, __half, float, (unsigned int)2>(ch_est::puschRxChEstStatDescr_t *, ch_est::puschRxChEstDynDescr_t *)"
3548087226,2560,200371,103,1,1,128,1,1,16,0.000,0.000,,,,,NVIDIA A100-SXM4-40GB MIG 4g.20gb (0),1,,13,cupy_copy__complex64_complex64
3548092730,12767,200381,1434,1,1,128,1,1,16,0.000,0.000,,,,,NVIDIA A100-SXM4-40GB MIG 4g.20gb (0),1,,13,cupy_copy__complex64_complex64
3548108953,2496,200388,103,1,1,128,1,1,16,0.000,0.000,,,,,NVIDIA A100-SXM4-40GB MIG 4g.20gb (0),1,,13,cupy_copy__complex64_complex64
3548116665,88511,200395,1,1,1,32,32,1,30,0.000,0.000,,,,,NVIDIA A100-SXM4-40GB MIG 4g.20gb (0),1,,13,"void convert_kernel<__half2, float2>(tensor_layout_any, T1 *, tensor_layout_any, const T2 *)"
3548233240,9504,200398,,,,,,,,,,0.094,9858.506,Pinned,Device,NVIDIA A100-SXM4-40GB MIG 4g.20gb (0),1,,13,[CUDA memcpy Host-to-Device]
3548251448,47775,200399,,,,,,,,,,35.810,749537.436,Device,,NVIDIA A100-SXM4-40GB MIG 4g.20gb (0),1,,13,[CUDA memset]
3548300503,3104,200401,,,,,,,,,,0.000,25.773,Pinned,Device,NVIDIA A100-SXM4-40GB MIG 4g.20gb (0),1,,13,[CUDA memcpy Host-to-Device]
3548308887,13664,200402,,,,,,,,,,0.197,14388.756,Pinned,Device,NVIDIA A100-SXM4-40GB MIG 4g.20gb (0),1,,13,[CUDA memcpy Host-to-Device]
3548327831,10176,200403,273,1,1,48,1,1,40,0.000,0.001,,,,,NVIDIA A100-SXM4-40GB MIG 4g.20gb (0),1,,13,"void pusch_noise_intf_est::noiseIntfEstNoDftSOfdmKernel<float, __half, float, float, (unsigned int)2, (unsigned int)1, (unsigned char)4, (unsigned char)4>(pusch_noise_intf_est::puschRxNoiseIntfEstDynDescr)"
3548342551,2784,200414,35,1,1,128,1,1,16,0.000,0.000,,,,,NVIDIA A100-SXM4-40GB MIG 4g.20gb (0),1,,13,cupy_copy__complex64_complex64
3548356054,1856,200423,1,1,1,1,1,1,18,0.000,0.000,,,,,NVIDIA A100-SXM4-40GB MIG 4g.20gb (0),1,,13,cupy_copy__float32_float32
3548385910,2144,200429,,,,,,,,,,0.000,1.866,Device,Pageable,NVIDIA A100-SXM4-40GB MIG 4g.20gb (0),1,,7,[CUDA memcpy Device-to-Host]
3548446869,12704,200440,1434,1,1,128,1,1,16,0.000,0.000,,,,,NVIDIA A100-SXM4-40GB MIG 4g.20gb (0),1,,13,cupy_copy__complex64_complex64
3548473237,2912,200447,103,1,1,128,1,1,16,0.000,0.000,,,,,NVIDIA A100-SXM4-40GB MIG 4g.20gb (0),1,,13,cupy_copy__complex64_complex64
3548493941,2144,200454,35,1,1,128,1,1,16,0.000,0.000,,,,,NVIDIA A100-SXM4-40GB MIG 4g.20gb (0),1,,13,cupy_copy__complex64_complex64
3548512180,1792,200461,1,1,1,1,1,1,18,0.000,0.000,,,,,NVIDIA A100-SXM4-40GB MIG 4g.20gb (0),1,,13,cupy_copy__float32_float32
3548642899,82815,200472,1,1,1,32,32,1,30,0.000,0.000,,,,,NVIDIA A100-SXM4-40GB MIG 4g.20gb (0),1,,13,"void convert_kernel<__half2, float2>(tensor_layout_any, T1 *, tensor_layout_any, const T2 *)"
3548753393,5472,200475,,,,,,,,,,0.094,17122.757,Pinned,Device,NVIDIA A100-SXM4-40GB MIG 4g.20gb (0),1,,13,[CUDA memcpy Host-to-Device]
3548767281,3296,200476,,,,,,,,,,1.547,469242.628,Device,,NVIDIA A100-SXM4-40GB MIG 4g.20gb (0),1,,13,[CUDA memset]
3548774193,3072,200481,,,,,,,,,,0.031,10187.474,Pinned,Device,NVIDIA A100-SXM4-40GB MIG 4g.20gb (0),1,,13,[CUDA memcpy Host-to-Device]
3548779857,9344,200482,,,,,,,,,,0.197,21040.988,Pinned,Device,NVIDIA A100-SXM4-40GB MIG 4g.20gb (0),1,,13,[CUDA memcpy Host-to-Device]
3548794129,7648,200483,273,1,1,8,4,1,39,0.002,0.000,,,,,NVIDIA A100-SXM4-40GB MIG 4g.20gb (0),1,,13,"void channel_eq::eqMmseCoefCompLowMimoKernel<float, float, float, (unsigned int)4, (unsigned int)1, (unsigned int)4>(const channel_eq::_puschRxChEqStatDescr *, channel_eq::_puschRxChEqCoefCompDynDescr)"
3548804113,5088,200484,273,1,1,12,11,1,51,0.002,0.000,,,,,NVIDIA A100-SXM4-40GB MIG 4g.20gb (0),1,,13,"void channel_eq::eqMmseSoftDemapKernel<float, __half, __half, float, (unsigned int)4, (unsigned short)16383>(channel_eq::_puschRxChEqStatDescr *, channel_eq::_puschRxChEqSoftDemapDynDescr)"
3548811025,290108,200485,1,1,1,32,32,1,30,0.000,0.000,,,,,NVIDIA A100-SXM4-40GB MIG 4g.20gb (0),1,,13,"void convert_kernel<float2, __half2>(tensor_layout_any, T1 *, tensor_layout_any, const T2 *)"
3549102957,11072,200497,2253,1,1,128,1,1,16,0.000,0.000,,,,,NVIDIA A100-SXM4-40GB MIG 4g.20gb (0),1,,13,cupy_copy__float16_float16
3549116365,3808,200506,282,1,1,128,1,1,16,0.000,0.000,,,,,NVIDIA A100-SXM4-40GB MIG 4g.20gb (0),1,,13,cupy_copy__complex64_complex64
3549121293,2112,200515,26,1,1,128,1,1,16,0.000,0.000,,,,,NVIDIA A100-SXM4-40GB MIG 4g.20gb (0),1,,13,cupy_copy__float32_float32
3549125293,3200,200524,103,1,1,128,1,1,16,0.000,0.000,,,,,NVIDIA A100-SXM4-40GB MIG 4g.20gb (0),1,,13,cupy_copy__complex64_complex64
3549130061,12000,200534,1434,1,1,128,1,1,16,0.000,0.000,,,,,NVIDIA A100-SXM4-40GB MIG 4g.20gb (0),1,,13,cupy_copy__complex64_complex64
3549146125,80383,200539,1,1,1,32,32,1,30,0.000,0.000,,,,,NVIDIA A100-SXM4-40GB MIG 4g.20gb (0),1,,13,"void convert_kernel<__half2, float2>(tensor_layout_any, T1 *, tensor_layout_any, const T2 *)"
3549253099,5440,200542,,,,,,,,,,0.094,17223.480,Pinned,Device,NVIDIA A100-SXM4-40GB MIG 4g.20gb (0),1,,13,[CUDA memcpy Host-to-Device]
3549262987,603865,200543,,,,,,,,,,456.561,755609.183,Device,,NVIDIA A100-SXM4-40GB MIG 4g.20gb (0),1,,13,[CUDA memset]
3549872228,69695,200548,,,,,,,,,,1.235,17718.977,Pinned,Device,NVIDIA A100-SXM4-40GB MIG 4g.20gb (0),1,,13,[CUDA memcpy Host-to-Device]
3549946467,15776,200549,,,,,,,,,,0.197,12462.391,Pinned,Device,NVIDIA A100-SXM4-40GB MIG 4g.20gb (0),1,,13,[CUDA memcpy Host-to-Device]
3549970082,8320,200550,69,4,1,48,1,1,76,0.002,0.000,,,,,NVIDIA A100-SXM4-40GB MIG 4g.20gb (0),1,,13,"void ch_est::windowedChEstPreNoDftSOfdmKernel<float, __half, float, (unsigned int)2, (unsigned int)1, (unsigned short)4>(ch_est::puschRxChEstStatDescr_t *, ch_est::puschRxChEstDynDescr_t *)"
3549981858,6240,200551,137,2,1,24,2,1,44,0.001,0.001,,,,,NVIDIA A100-SXM4-40GB MIG 4g.20gb (0),1,,13,"void ch_est::chEstFilterNoDftSOfdmDispatchKernel<float, __half, float, (unsigned int)2>(ch_est::puschRxChEstStatDescr_t *, ch_est::puschRxChEstDynDescr_t *)"
3549991874,5216,200552,137,2,1,24,2,1,44,0.001,0.001,,,,,NVIDIA A100-SXM4-40GB MIG 4g.20gb (0),1,,13,"void ch_est::chEstFilterNoDftSOfdmDispatchKernel<float, __half, float, (unsigned int)2>(ch_est::puschRxChEstStatDescr_t *, ch_est::puschRxChEstDynDescr_t *)"
3550003074,2784,200563,103,1,1,128,1,1,16,0.000,0.000,,,,,NVIDIA A100-SXM4-40GB MIG 4g.20gb (0),1,,13,cupy_copy__complex64_complex64
3550008610,12512,200573,1434,1,1,128,1,1,16,0.000,0.000,,,,,NVIDIA A100-SXM4-40GB MIG 4g.20gb (0),1,,13,cupy_copy__complex64_complex64
3550023362,2976,200580,103,1,1,128,1,1,16,0.000,0.000,,,,,NVIDIA A100-SXM4-40GB MIG 4g.20gb (0),1,,13,cupy_copy__complex64_complex64
3550030050,82879,200587,1,1,1,32,32,1,30,0.000,0.000,,,,,NVIDIA A100-SXM4-40GB MIG 4g.20gb (0),1,,13,"void convert_kernel<__half2, float2>(tensor_layout_any, T1 *, tensor_layout_any, const T2 *)"
3550140576,9664,200590,,,,,,,,,,0.094,9695.287,Pinned,Device,NVIDIA A100-SXM4-40GB MIG 4g.20gb (0),1,,13,[CUDA memcpy Host-to-Device]
3550155552,47840,200591,,,,,,,,,,35.810,748534.758,Device,,NVIDIA A100-SXM4-40GB MIG 4g.20gb (0),1,,13,[CUDA memset]
3550207679,4000,200593,,,,,,,,,,0.000,20.000,Pinned,Device,NVIDIA A100-SXM4-40GB MIG 4g.20gb (0),1,,13,[CUDA memcpy Host-to-Device]
3550215359,12576,200594,,,,,,,,,,0.197,15633.482,Pinned,Device,NVIDIA A100-SXM4-40GB MIG 4g.20gb (0),1,,13,[CUDA memcpy Host-to-Device]
3550234655,9472,200595,273,1,1,48,1,1,40,0.000,0.001,,,,,NVIDIA A100-SXM4-40GB MIG 4g.20gb (0),1,,13,"void pusch_noise_intf_est::noiseIntfEstNoDftSOfdmKernel<float, __half, float, float, (unsigned int)2, (unsigned int)1, (unsigned char)4, (unsigned char)4>(pusch_noise_intf_est::puschRxNoiseIntfEstDynDescr)"
3550248447,2944,200606,35,1,1,128,1,1,16,0.000,0.000,,,,,NVIDIA A100-SXM4-40GB MIG 4g.20gb (0),1,,13,cupy_copy__complex64_complex64
3550262495,2016,200615,1,1,1,1,1,1,18,0.000,0.000,,,,,NVIDIA A100-SXM4-40GB MIG 4g.20gb (0),1,,13,cupy_copy__float32_float32
3550291166,1632,200621,,,,,,,,,,0.000,2.451,Device,Pageable,NVIDIA A100-SXM4-40GB MIG 4g.20gb (0),1,,7,[CUDA memcpy Device-to-Host]
3550352894,13120,200632,1434,1,1,128,1,1,16,0.000,0.000,,,,,NVIDIA A100-SXM4-40GB MIG 4g.20gb (0),1,,13,cupy_copy__complex64_complex64
3550379229,2912,200639,103,1,1,128,1,1,16,0.000,0.000,,,,,NVIDIA A100-SXM4-40GB MIG 4g.20gb (0),1,,13,cupy_copy__complex64_complex64
3550398749,2560,200646,35,1,1,128,1,1,16,0.000,0.000,,,,,NVIDIA A100-SXM4-40GB MIG 4g.20gb (0),1,,13,cupy_copy__complex64_complex64
3550417181,1728,200653,1,1,1,1,1,1,18,0.000,0.000,,,,,NVIDIA A100-SXM4-40GB MIG 4g.20gb (0),1,,13,cupy_copy__float32_float32
3550547515,86719,200664,1,1,1,32,32,1,30,0.000,0.000,,,,,NVIDIA A100-SXM4-40GB MIG 4g.20gb (0),1,,13,"void convert_kernel<__half2, float2>(tensor_layout_any, T1 *, tensor_layout_any, const T2 *)"
3550663066,5440,200667,,,,,,,,,,0.094,17223.480,Pinned,Device,NVIDIA A100-SXM4-40GB MIG 4g.20gb (0),1,,13,[CUDA memcpy Host-to-Device]
3550677626,3264,200668,,,,,,,,,,1.547,473842.288,Device,,NVIDIA A100-SXM4-40GB MIG 4g.20gb (0),1,,13,[CUDA memset]
3550683130,3232,200673,,,,,,,,,,0.031,9683.139,Pinned,Device,NVIDIA A100-SXM4-40GB MIG 4g.20gb (0),1,,13,[CUDA memcpy Host-to-Device]
3550688442,9439,200674,,,,,,,,,,0.197,20829.241,Pinned,Device,NVIDIA A100-SXM4-40GB MIG 4g.20gb (0),1,,13,[CUDA memcpy Host-to-Device]
3550703321,6240,200675,273,1,1,8,4,1,39,0.002,0.000,,,,,NVIDIA A100-SXM4-40GB MIG 4g.20gb (0),1,,13,"void channel_eq::eqMmseCoefCompLowMimoKernel<float, float, float, (unsigned int)4, (unsigned int)1, (unsigned int)4>(const channel_eq::_puschRxChEqStatDescr *, channel_eq::_puschRxChEqCoefCompDynDescr)"
3550712697,5856,200676,273,1,1,12,11,1,51,0.002,0.000,,,,,NVIDIA A100-SXM4-40GB MIG 4g.20gb (0),1,,13,"void channel_eq::eqMmseSoftDemapKernel<float, __half, __half, float, (unsigned int)4, (unsigned short)16383>(channel_eq::_puschRxChEqStatDescr *, channel_eq::_puschRxChEqSoftDemapDynDescr)"
3550722233,293885,200677,1,1,1,32,32,1,30,0.000,0.000,,,,,NVIDIA A100-SXM4-40GB MIG 4g.20gb (0),1,,13,"void convert_kernel<float2, __half2>(tensor_layout_any, T1 *, tensor_layout_any, const T2 *)"
3551017493,11072,200689,2253,1,1,128,1,1,16,0.000,0.000,,,,,NVIDIA A100-SXM4-40GB MIG 4g.20gb (0),1,,13,cupy_copy__float16_float16
3551029781,3008,200698,282,1,1,128,1,1,16,0.000,0.000,,,,,NVIDIA A100-SXM4-40GB MIG 4g.20gb (0),1,,13,cupy_copy__complex64_complex64
3551038165,2336,200707,26,1,1,128,1,1,16,0.000,0.000,,,,,NVIDIA A100-SXM4-40GB MIG 4g.20gb (0),1,,13,cupy_copy__float32_float32
3551042709,2912,200716,103,1,1,128,1,1,16,0.000,0.000,,,,,NVIDIA A100-SXM4-40GB MIG 4g.20gb (0),1,,13,cupy_copy__complex64_complex64
3551046613,11968,200726,1434,1,1,128,1,1,16,0.000,0.000,,,,,NVIDIA A100-SXM4-40GB MIG 4g.20gb (0),1,,13,cupy_copy__complex64_complex64
3551061461,86591,200731,1,1,1,32,32,1,30,0.000,0.000,,,,,NVIDIA A100-SXM4-40GB MIG 4g.20gb (0),1,,13,"void convert_kernel<__half2, float2>(tensor_layout_any, T1 *, tensor_layout_any, const T2 *)"
3551175956,5727,200734,,,,,,,,,,0.094,16360.352,Pinned,Device,NVIDIA A100-SXM4-40GB MIG 4g.20gb (0),1,,13,[CUDA memcpy Host-to-Device]
3551186099,599001,200735,,,,,,,,,,456.561,762001.043,Device,,NVIDIA A100-SXM4-40GB MIG 4g.20gb (0),1,,13,[CUDA memset]
3551786700,70527,200740,,,,,,,,,,1.235,17509.036,Pinned,Device,NVIDIA A100-SXM4-40GB MIG 4g.20gb (0),1,,13,[CUDA memcpy Host-to-Device]
3551860523,15168,200741,,,,,,,,,,0.197,12961.972,Pinned,Device,NVIDIA A100-SXM4-40GB MIG 4g.20gb (0),1,,13,[CUDA memcpy Host-to-Device]
3551886315,8544,200742,69,4,1,48,1,1,76,0.002,0.000,,,,,NVIDIA A100-SXM4-40GB MIG 4g.20gb (0),1,,13,"void ch_est::windowedChEstPreNoDftSOfdmKernel<float, __half, float, (unsigned int)2, (unsigned int)1, (unsigned short)4>(ch_est::puschRxChEstStatDescr_t *, ch_est::puschRxChEstDynDescr_t *)"
3551897707,6432,200743,137,2,1,24,2,1,44,0.001,0.001,,,,,NVIDIA A100-SXM4-40GB MIG 4g.20gb (0),1,,13,"void ch_est::chEstFilterNoDftSOfdmDispatchKernel<float, __half, float, (unsigned int)2>(ch_est::puschRxChEstStatDescr_t *, ch_est::puschRxChEstDynDescr_t *)"
3551908074,5056,200744,137,2,1,24,2,1,44,0.001,0.001,,,,,NVIDIA A100-SXM4-40GB MIG 4g.20gb (0),1,,13,"void ch_est::chEstFilterNoDftSOfdmDispatchKernel<float, __half, float, (unsigned int)2>(ch_est::puschRxChEstStatDescr_t *, ch_est::puschRxChEstDynDescr_t *)"
3551920106,2528,200755,103,1,1,128,1,1,16,0.000,0.000,,,,,NVIDIA A100-SXM4-40GB MIG 4g.20gb (0),1,,13,cupy_copy__complex64_complex64
3551926666,12512,200765,1434,1,1,128,1,1,16,0.000,0.000,,,,,NVIDIA A100-SXM4-40GB MIG 4g.20gb (0),1,,13,cupy_copy__complex64_complex64
3551942762,2624,200772,103,1,1,128,1,1,16,0.000,0.000,,,,,NVIDIA A100-SXM4-40GB MIG 4g.20gb (0),1,,13,cupy_copy__complex64_complex64
3551948778,92543,200779,1,1,1,32,32,1,30,0.000,0.000,,,,,NVIDIA A100-SXM4-40GB MIG 4g.20gb (0),1,,13,"void convert_kernel<__half2, float2>(tensor_layout_any, T1 *, tensor_layout_any, const T2 *)"
3552070344,8384,200782,,,,,,,,,,0.094,11175.497,Pinned,Device,NVIDIA A100-SXM4-40GB MIG 4g.20gb (0),1,,13,[CUDA memcpy Host-to-Device]
3552087720,47168,200783,,,,,,,,,,35.810,759170.304,Device,,NVIDIA A100-SXM4-40GB MIG 4g.20gb (0),1,,13,[CUDA memset]
3552136168,4896,200785,,,,,,,,,,0.000,16.340,Pinned,Device,NVIDIA A100-SXM4-40GB MIG 4g.20gb (0),1,,13,[CUDA memcpy Host-to-Device]
3552145032,13247,200786,,,,,,,,,,0.197,14841.545,Pinned,Device,NVIDIA A100-SXM4-40GB MIG 4g.20gb (0),1,,13,[CUDA memcpy Host-to-Device]
3552165607,9472,200787,273,1,1,48,1,1,40,0.000,0.001,,,,,NVIDIA A100-SXM4-40GB MIG 4g.20gb (0),1,,13,"void pusch_noise_intf_est::noiseIntfEstNoDftSOfdmKernel<float, __half, float, float, (unsigned int)2, (unsigned int)1, (unsigned char)4, (unsigned char)4>(pusch_noise_intf_est::puschRxNoiseIntfEstDynDescr)"
3552180647,2912,200798,35,1,1,128,1,1,16,0.000,0.000,,,,,NVIDIA A100-SXM4-40GB MIG 4g.20gb (0),1,,13,cupy_copy__complex64_complex64
3552191367,1856,200807,1,1,1,1,1,1,18,0.000,0.000,,,,,NVIDIA A100-SXM4-40GB MIG 4g.20gb (0),1,,13,cupy_copy__float32_float32
3552222599,2144,200813,,,,,,,,,,0.000,1.866,Device,Pageable,NVIDIA A100-SXM4-40GB MIG 4g.20gb (0),1,,7,[CUDA memcpy Device-to-Host]
3552284774,12896,200824,1434,1,1,128,1,1,16,0.000,0.000,,,,,NVIDIA A100-SXM4-40GB MIG 4g.20gb (0),1,,13,cupy_copy__complex64_complex64
3552311077,2560,200831,103,1,1,128,1,1,16,0.000,0.000,,,,,NVIDIA A100-SXM4-40GB MIG 4g.20gb (0),1,,13,cupy_copy__complex64_complex64
3552333061,2144,200838,35,1,1,128,1,1,16,0.000,0.000,,,,,NVIDIA A100-SXM4-40GB MIG 4g.20gb (0),1,,13,cupy_copy__complex64_complex64
3552351013,1856,200845,1,1,1,1,1,1,18,0.000,0.000,,,,,NVIDIA A100-SXM4-40GB MIG 4g.20gb (0),1,,13,cupy_copy__float32_float32
3552480835,82015,200856,1,1,1,32,32,1,30,0.000,0.000,,,,,NVIDIA A100-SXM4-40GB MIG 4g.20gb (0),1,,13,"void convert_kernel<__half2, float2>(tensor_layout_any, T1 *, tensor_layout_any, const T2 *)"
3552589730,5824,200859,,,,,,,,,,0.094,16087.884,Pinned,Device,NVIDIA A100-SXM4-40GB MIG 4g.20gb (0),1,,13,[CUDA memcpy Host-to-Device]
3552604866,3200,200860,,,,,,,,,,1.547,483320.000,Device,,NVIDIA A100-SXM4-40GB MIG 4g.20gb (0),1,,13,[CUDA memset]
3552610850,3008,200865,,,,,,,,,,0.031,10404.230,Pinned,Device,NVIDIA A100-SXM4-40GB MIG 4g.20gb (0),1,,13,[CUDA memcpy Host-to-Device]
3552616738,9408,200866,,,,,,,,,,0.197,20897.858,Pinned,Device,NVIDIA A100-SXM4-40GB MIG 4g.20gb (0),1,,13,[CUDA memcpy Host-to-Device]
3552630850,6111,200867,273,1,1,8,4,1,39,0.002,0.000,,,,,NVIDIA A100-SXM4-40GB MIG 4g.20gb (0),1,,13,"void channel_eq::eqMmseCoefCompLowMimoKernel<float, float, float, (unsigned int)4, (unsigned int)1, (unsigned int)4>(const channel_eq::_puschRxChEqStatDescr *, channel_eq::_puschRxChEqCoefCompDynDescr)"
3552638081,8000,200868,273,1,1,12,11,1,51,0.002,0.000,,,,,NVIDIA A100-SXM4-40GB MIG 4g.20gb (0),1,,13,"void channel_eq::eqMmseSoftDemapKernel<float, __half, __half, float, (unsigned int)4, (unsigned short)16383>(channel_eq::_puschRxChEqStatDescr *, channel_eq::_puschRxChEqSoftDemapDynDescr)"
3552647713,290429,200869,1,1,1,32,32,1,30,0.000,0.000,,,,,NVIDIA A100-SXM4-40GB MIG 4g.20gb (0),1,,13,"void convert_kernel<float2, __half2>(tensor_layout_any, T1 *, tensor_layout_any, const T2 *)"
3552939486,10816,200881,2253,1,1,128,1,1,16,0.000,0.000,,,,,NVIDIA A100-SXM4-40GB MIG 4g.20gb (0),1,,13,cupy_copy__float16_float16
3552952286,3808,200890,282,1,1,128,1,1,16,0.000,0.000,,,,,NVIDIA A100-SXM4-40GB MIG 4g.20gb (0),1,,13,cupy_copy__complex64_complex64
3552958813,2112,200899,26,1,1,128,1,1,16,0.000,0.000,,,,,NVIDIA A100-SXM4-40GB MIG 4g.20gb (0),1,,13,cupy_copy__float32_float32
3552963453,2784,200908,103,1,1,128,1,1,16,0.000,0.000,,,,,NVIDIA A100-SXM4-40GB MIG 4g.20gb (0),1,,13,cupy_copy__complex64_complex64
3552967165,11840,200918,1434,1,1,128,1,1,16,0.000,0.000,,,,,NVIDIA A100-SXM4-40GB MIG 4g.20gb (0),1,,13,cupy_copy__complex64_complex64
3552982493,86559,200923,1,1,1,32,32,1,30,0.000,0.000,,,,,NVIDIA A100-SXM4-40GB MIG 4g.20gb (0),1,,13,"void convert_kernel<__half2, float2>(tensor_layout_any, T1 *, tensor_layout_any, const T2 *)"
3553095356,5344,200926,,,,,,,,,,0.094,17532.864,Pinned,Device,NVIDIA A100-SXM4-40GB MIG 4g.20gb (0),1,,13,[CUDA memcpy Host-to-Device]
3553105020,606488,200927,,,,,,,,,,456.561,752413.253,Device,,NVIDIA A100-SXM4-40GB MIG 4g.20gb (0),1,,13,[CUDA memset]
3553712564,69599,200932,,,,,,,,,,1.235,17743.675,Pinned,Device,NVIDIA A100-SXM4-40GB MIG 4g.20gb (0),1,,13,[CUDA memcpy Host-to-Device]
3553786547,14400,200933,,,,,,,,,,0.197,13653.246,Pinned,Device,NVIDIA A100-SXM4-40GB MIG 4g.20gb (0),1,,13,[CUDA memcpy Host-to-Device]
3553808563,8192,200934,69,4,1,48,1,1,76,0.002,0.000,,,,,NVIDIA A100-SXM4-40GB MIG 4g.20gb (0),1,,13,"void ch_est::windowedChEstPreNoDftSOfdmKernel<float, __half, float, (unsigned int)2, (unsigned int)1, (unsigned short)4>(ch_est::puschRxChEstStatDescr_t *, ch_est::puschRxChEstDynDescr_t *)"
3553820147,6592,200935,137,2,1,24,2,1,44,0.001,0.001,,,,,NVIDIA A100-SXM4-40GB MIG 4g.20gb (0),1,,13,"void ch_est::chEstFilterNoDftSOfdmDispatchKernel<float, __half, float, (unsigned int)2>(ch_est::puschRxChEstStatDescr_t *, ch_est::puschRxChEstDynDescr_t *)"
3553830867,5536,200936,137,2,1,24,2,1,44,0.001,0.001,,,,,NVIDIA A100-SXM4-40GB MIG 4g.20gb (0),1,,13,"void ch_est::chEstFilterNoDftSOfdmDispatchKernel<float, __half, float, (unsigned int)2>(ch_est::puschRxChEstStatDescr_t *, ch_est::puschRxChEstDynDescr_t *)"
3553841619,2656,200947,103,1,1,128,1,1,16,0.000,0.000,,,,,NVIDIA A100-SXM4-40GB MIG 4g.20gb (0),1,,13,cupy_copy__complex64_complex64
3553847347,12639,200957,1434,1,1,128,1,1,16,0.000,0.000,,,,,NVIDIA A100-SXM4-40GB MIG 4g.20gb (0),1,,13,cupy_copy__complex64_complex64
3553862450,2912,200964,103,1,1,128,1,1,16,0.000,0.000,,,,,NVIDIA A100-SXM4-40GB MIG 4g.20gb (0),1,,13,cupy_copy__complex64_complex64
3553868402,83519,200971,1,1,1,32,32,1,30,0.000,0.000,,,,,NVIDIA A100-SXM4-40GB MIG 4g.20gb (0),1,,13,"void convert_kernel<__half2, float2>(tensor_layout_any, T1 *, tensor_layout_any, const T2 *)"
3553980433,9088,200974,,,,,,,,,,0.094,10309.839,Pinned,Device,NVIDIA A100-SXM4-40GB MIG 4g.20gb (0),1,,13,[CUDA memcpy Host-to-Device]
3553996785,48031,200975,,,,,,,,,,35.810,745526.724,Device,,NVIDIA A100-SXM4-40GB MIG 4g.20gb (0),1,,13,[CUDA memset]
3554047824,3424,200977,,,,,,,,,,0.000,23.364,Pinned,Device,NVIDIA A100-SXM4-40GB MIG 4g.20gb (0),1,,13,[CUDA memcpy Host-to-Device]
3554055856,13568,200978,,,,,,,,,,0.197,14490.403,Pinned,Device,NVIDIA A100-SXM4-40GB MIG 4g.20gb (0),1,,13,[CUDA memcpy Host-to-Device]
3554077680,10976,200979,273,1,1,48,1,1,40,0.000,0.001,,,,,NVIDIA A100-SXM4-40GB MIG 4g.20gb (0),1,,13,"void pusch_noise_intf_est::noiseIntfEstNoDftSOfdmKernel<float, __half, float, float, (unsigned int)2, (unsigned int)1, (unsigned char)4, (unsigned char)4>(pusch_noise_intf_est::puschRxNoiseIntfEstDynDescr)"
3554092687,3008,200990,35,1,1,128,1,1,16,0.000,0.000,,,,,NVIDIA A100-SXM4-40GB MIG 4g.20gb (0),1,,13,cupy_copy__complex64_complex64
3554100335,1696,200999,1,1,1,1,1,1,18,0.000,0.000,,,,,NVIDIA A100-SXM4-40GB MIG 4g.20gb (0),1,,13,cupy_copy__float32_float32
3554132239,2528,201005,,,,,,,,,,0.000,1.582,Device,Pageable,NVIDIA A100-SXM4-40GB MIG 4g.20gb (0),1,,7,[CUDA memcpy Device-to-Host]
3554193582,12928,201016,1434,1,1,128,1,1,16,0.000,0.000,,,,,NVIDIA A100-SXM4-40GB MIG 4g.20gb (0),1,,13,cupy_copy__complex64_complex64
3554221038,2784,201023,103,1,1,128,1,1,16,0.000,0.000,,,,,NVIDIA A100-SXM4-40GB MIG 4g.20gb (0),1,,13,cupy_copy__complex64_complex64
3554240718,2624,201030,35,1,1,128,1,1,16,0.000,0.000,,,,,NVIDIA A100-SXM4-40GB MIG 4g.20gb (0),1,,13,cupy_copy__complex64_complex64
3554261677,1856,201037,1,1,1,1,1,1,18,0.000,0.000,,,,,NVIDIA A100-SXM4-40GB MIG 4g.20gb (0),1,,13,cupy_copy__float32_float32
3554389836,82847,201048,1,1,1,32,32,1,30,0.000,0.000,,,,,NVIDIA A100-SXM4-40GB MIG 4g.20gb (0),1,,13,"void convert_kernel<__half2, float2>(tensor_layout_any, T1 *, tensor_layout_any, const T2 *)"
3554499946,5440,201051,,,,,,,,,,0.094,17223.480,Pinned,Device,NVIDIA A100-SXM4-40GB MIG 4g.20gb (0),1,,13,[CUDA memcpy Host-to-Device]
3554519210,3552,201052,,,,,,,,,,1.547,435422.601,Device,,NVIDIA A100-SXM4-40GB MIG 4g.20gb (0),1,,13,[CUDA memset]
3554525354,3072,201057,,,,,,,,,,0.031,10187.474,Pinned,Device,NVIDIA A100-SXM4-40GB MIG 4g.20gb (0),1,,13,[CUDA memcpy Host-to-Device]
3554530858,9568,201058,,,,,,,,,,0.197,20548.485,Pinned,Device,NVIDIA A100-SXM4-40GB MIG 4g.20gb (0),1,,13,[CUDA memcpy Host-to-Device]
3554545834,6368,201059,273,1,1,8,4,1,39,0.002,0.000,,,,,NVIDIA A100-SXM4-40GB MIG 4g.20gb (0),1,,13,"void channel_eq::eqMmseCoefCompLowMimoKernel<float, float, float, (unsigned int)4, (unsigned int)1, (unsigned int)4>(const channel_eq::_puschRxChEqStatDescr *, channel_eq::_puschRxChEqCoefCompDynDescr)"
3554553898,5824,201060,273,1,1,12,11,1,51,0.002,0.000,,,,,NVIDIA A100-SXM4-40GB MIG 4g.20gb (0),1,,13,"void channel_eq::eqMmseSoftDemapKernel<float, __half, __half, float, (unsigned int)4, (unsigned short)16383>(channel_eq::_puschRxChEqStatDescr *, channel_eq::_puschRxChEqSoftDemapDynDescr)"
3554560778,294588,201061,1,1,1,32,32,1,30,0.000,0.000,,,,,NVIDIA A100-SXM4-40GB MIG 4g.20gb (0),1,,13,"void convert_kernel<float2, __half2>(tensor_layout_any, T1 *, tensor_layout_any, const T2 *)"
3554856582,10880,201073,2253,1,1,128,1,1,16,0.000,0.000,,,,,NVIDIA A100-SXM4-40GB MIG 4g.20gb (0),1,,13,cupy_copy__float16_float16
3554869158,3584,201082,282,1,1,128,1,1,16,0.000,0.000,,,,,NVIDIA A100-SXM4-40GB MIG 4g.20gb (0),1,,13,cupy_copy__complex64_complex64
3554874854,2304,201091,26,1,1,128,1,1,16,0.000,0.000,,,,,NVIDIA A100-SXM4-40GB MIG 4g.20gb (0),1,,13,cupy_copy__float32_float32
3554879174,3616,201100,103,1,1,128,1,1,16,0.000,0.000,,,,,NVIDIA A100-SXM4-40GB MIG 4g.20gb (0),1,,13,cupy_copy__complex64_complex64
3554883782,11776,201110,1434,1,1,128,1,1,16,0.000,0.000,,,,,NVIDIA A100-SXM4-40GB MIG 4g.20gb (0),1,,13,cupy_copy__complex64_complex64
3554898918,82398,201115,1,1,1,32,32,1,30,0.000,0.000,,,,,NVIDIA A100-SXM4-40GB MIG 4g.20gb (0),1,,13,"void convert_kernel<__half2, float2>(tensor_layout_any, T1 *, tensor_layout_any, const T2 *)"
3555008612,5408,201118,,,,,,,,,,0.094,17325.421,Pinned,Device,NVIDIA A100-SXM4-40GB MIG 4g.20gb (0),1,,13,[CUDA memcpy Host-to-Device]
3555020772,603993,201119,,,,,,,,,,456.561,755609.183,Device,,NVIDIA A100-SXM4-40GB MIG 4g.20gb (0),1,,13,[CUDA memset]
3555629052,66112,201124,,,,,,,,,,1.235,18678.528,Pinned,Device,NVIDIA A100-SXM4-40GB MIG 4g.20gb (0),1,,13,[CUDA memcpy Host-to-Device]
3555698748,14655,201125,,,,,,,,,,0.197,13415.743,Pinned,Device,NVIDIA A100-SXM4-40GB MIG 4g.20gb (0),1,,13,[CUDA memcpy Host-to-Device]
3555722619,7936,201126,69,4,1,48,1,1,76,0.002,0.000,,,,,NVIDIA A100-SXM4-40GB MIG 4g.20gb (0),1,,13,"void ch_est::windowedChEstPreNoDftSOfdmKernel<float, __half, float, (unsigned int)2, (unsigned int)1, (unsigned short)4>(ch_est::puschRxChEstStatDescr_t *, ch_est::puschRxChEstDynDescr_t *)"
3555737979,6272,201127,137,2,1,24,2,1,44,0.001,0.001,,,,,NVIDIA A100-SXM4-40GB MIG 4g.20gb (0),1,,13,"void ch_est::chEstFilterNoDftSOfdmDispatchKernel<float, __half, float, (unsigned int)2>(ch_est::puschRxChEstStatDescr_t *, ch_est::puschRxChEstDynDescr_t *)"
3555749115,5664,201128,137,2,1,24,2,1,44,0.001,0.001,,,,,NVIDIA A100-SXM4-40GB MIG 4g.20gb (0),1,,13,"void ch_est::chEstFilterNoDftSOfdmDispatchKernel<float, __half, float, (unsigned int)2>(ch_est::puschRxChEstStatDescr_t *, ch_est::puschRxChEstDynDescr_t *)"
3555759771,2720,201139,103,1,1,128,1,1,16,0.000,0.000,,,,,NVIDIA A100-SXM4-40GB MIG 4g.20gb (0),1,,13,cupy_copy__complex64_complex64
3555765787,12928,201149,1434,1,1,128,1,1,16,0.000,0.000,,,,,NVIDIA A100-SXM4-40GB MIG 4g.20gb (0),1,,13,cupy_copy__complex64_complex64
3555779931,2496,201156,103,1,1,128,1,1,16,0.000,0.000,,,,,NVIDIA A100-SXM4-40GB MIG 4g.20gb (0),1,,13,cupy_copy__complex64_complex64
3555789114,84543,201163,1,1,1,32,32,1,30,0.000,0.000,,,,,NVIDIA A100-SXM4-40GB MIG 4g.20gb (0),1,,13,"void convert_kernel<__half2, float2>(tensor_layout_any, T1 *, tensor_layout_any, const T2 *)"
3555901977,9216,201166,,,,,,,,,,0.094,10166.578,Pinned,Device,NVIDIA A100-SXM4-40GB MIG 4g.20gb (0),1,,13,[CUDA memcpy Host-to-Device]
3555917113,49983,201167,,,,,,,,,,35.810,716413.260,Device,,NVIDIA A100-SXM4-40GB MIG 4g.20gb (0),1,,13,[CUDA memset]
3555975192,3904,201169,,,,,,,,,,0.000,20.492,Pinned,Device,NVIDIA A100-SXM4-40GB MIG 4g.20gb (0),1,,13,[CUDA memcpy Host-to-Device]
3555983032,13312,201170,,,,,,,,,,0.197,14769.193,Pinned,Device,NVIDIA A100-SXM4-40GB MIG 4g.20gb (0),1,,13,[CUDA memcpy Host-to-Device]
3556005592,10176,201171,273,1,1,48,1,1,40,0.000,0.001,,,,,NVIDIA A100-SXM4-40GB MIG 4g.20gb (0),1,,13,"void pusch_noise_intf_est::noiseIntfEstNoDftSOfdmKernel<float, __half, float, float, (unsigned int)2, (unsigned int)1, (unsigned char)4, (unsigned char)4>(pusch_noise_intf_est::puschRxNoiseIntfEstDynDescr)"
3556021240,2976,201182,35,1,1,128,1,1,16,0.000,0.000,,,,,NVIDIA A100-SXM4-40GB MIG 4g.20gb (0),1,,13,cupy_copy__complex64_complex64
3556027096,1760,201191,1,1,1,1,1,1,18,0.000,0.000,,,,,NVIDIA A100-SXM4-40GB MIG 4g.20gb (0),1,,13,cupy_copy__float32_float32
3556053207,1856,201197,,,,,,,,,,0.000,2.155,Device,Pageable,NVIDIA A100-SXM4-40GB MIG 4g.20gb (0),1,,7,[CUDA memcpy Device-to-Host]
3556114102,12800,201208,1434,1,1,128,1,1,16,0.000,0.000,,,,,NVIDIA A100-SXM4-40GB MIG 4g.20gb (0),1,,13,cupy_copy__complex64_complex64
3556141366,3104,201215,103,1,1,128,1,1,16,0.000,0.000,,,,,NVIDIA A100-SXM4-40GB MIG 4g.20gb (0),1,,13,cupy_copy__complex64_complex64
3556162198,2496,201222,35,1,1,128,1,1,16,0.000,0.000,,,,,NVIDIA A100-SXM4-40GB MIG 4g.20gb (0),1,,13,cupy_copy__complex64_complex64
3556179670,1728,201229,1,1,1,1,1,1,18,0.000,0.000,,,,,NVIDIA A100-SXM4-40GB MIG 4g.20gb (0),1,,13,cupy_copy__float32_float32
3556310900,86783,201240,1,1,1,32,32,1,30,0.000,0.000,,,,,NVIDIA A100-SXM4-40GB MIG 4g.20gb (0),1,,13,"void convert_kernel<__half2, float2>(tensor_layout_any, T1 *, tensor_layout_any, const T2 *)"
3556425139,5408,201243,,,,,,,,,,0.094,17325.421,Pinned,Device,NVIDIA A100-SXM4-40GB MIG 4g.20gb (0),1,,13,[CUDA memcpy Host-to-Device]
3556440082,3456,201244,,,,,,,,,,1.547,447517.201,Device,,NVIDIA A100-SXM4-40GB MIG 4g.20gb (0),1,,13,[CUDA memset]
3556448114,3040,201249,,,,,,,,,,0.031,10294.725,Pinned,Device,NVIDIA A100-SXM4-40GB MIG 4g.20gb (0),1,,13,[CUDA memcpy Host-to-Device]
3556453714,9408,201250,,,,,,,,,,0.197,20897.858,Pinned,Device,NVIDIA A100-SXM4-40GB MIG 4g.20gb (0),1,,13,[CUDA memcpy Host-to-Device]
3556467890,6304,201251,273,1,1,8,4,1,39,0.002,0.000,,,,,NVIDIA A100-SXM4-40GB MIG 4g.20gb (0),1,,13,"void channel_eq::eqMmseCoefCompLowMimoKernel<float, float, float, (unsigned int)4, (unsigned int)1, (unsigned int)4>(const channel_eq::_puschRxChEqStatDescr *, channel_eq::_puschRxChEqCoefCompDynDescr)"
3556476178,6080,201252,273,1,1,12,11,1,51,0.002,0.000,,,,,NVIDIA A100-SXM4-40GB MIG 4g.20gb (0),1,,13,"void channel_eq::eqMmseSoftDemapKernel<float, __half, __half, float, (unsigned int)4, (unsigned short)16383>(channel_eq::_puschRxChEqStatDescr *, channel_eq::_puschRxChEqSoftDemapDynDescr)"
3556483314,294876,201253,1,1,1,32,32,1,30,0.000,0.000,,,,,NVIDIA A100-SXM4-40GB MIG 4g.20gb (0),1,,13,"void convert_kernel<float2, __half2>(tensor_layout_any, T1 *, tensor_layout_any, const T2 *)"
3556779278,11008,201265,2253,1,1,128,1,1,16,0.000,0.000,,,,,NVIDIA A100-SXM4-40GB MIG 4g.20gb (0),1,,13,cupy_copy__float16_float16
3556791470,3072,201274,282,1,1,128,1,1,16,0.000,0.000,,,,,NVIDIA A100-SXM4-40GB MIG 4g.20gb (0),1,,13,cupy_copy__complex64_complex64
3556796078,2464,201283,26,1,1,128,1,1,16,0.000,0.000,,,,,NVIDIA A100-SXM4-40GB MIG 4g.20gb (0),1,,13,cupy_copy__float32_float32
3556801166,4704,201292,103,1,1,128,1,1,16,0.000,0.000,,,,,NVIDIA A100-SXM4-40GB MIG 4g.20gb (0),1,,13,cupy_copy__complex64_complex64
3556807982,12512,201302,1434,1,1,128,1,1,16,0.000,0.000,,,,,NVIDIA A100-SXM4-40GB MIG 4g.20gb (0),1,,13,cupy_copy__complex64_complex64
3556823022,86047,201307,1,1,1,32,32,1,30,0.000,0.000,,,,,NVIDIA A100-SXM4-40GB MIG 4g.20gb (0),1,,13,"void convert_kernel<__half2, float2>(tensor_layout_any, T1 *, tensor_layout_any, const T2 *)"
3556935948,5568,201310,,,,,,,,,,0.094,16827.521,Pinned,Device,NVIDIA A100-SXM4-40GB MIG 4g.20gb (0),1,,13,[CUDA memcpy Host-to-Device]
3556946060,604825,201311,,,,,,,,,,456.561,754696.060,Device,,NVIDIA A100-SXM4-40GB MIG 4g.20gb (0),1,,13,[CUDA memset]
3557557957,69599,201316,,,,,,,,,,1.235,17743.675,Pinned,Device,NVIDIA A100-SXM4-40GB MIG 4g.20gb (0),1,,13,[CUDA memcpy Host-to-Device]
3557630436,15296,201317,,,,,,,,,,0.197,12853.445,Pinned,Device,NVIDIA A100-SXM4-40GB MIG 4g.20gb (0),1,,13,[CUDA memcpy Host-to-Device]
3557651203,8416,201318,69,4,1,48,1,1,76,0.002,0.000,,,,,NVIDIA A100-SXM4-40GB MIG 4g.20gb (0),1,,13,"void ch_est::windowedChEstPreNoDftSOfdmKernel<float, __half, float, (unsigned int)2, (unsigned int)1, (unsigned short)4>(ch_est::puschRxChEstStatDescr_t *, ch_est::puschRxChEstDynDescr_t *)"
3557665059,6080,201319,137,2,1,24,2,1,44,0.001,0.001,,,,,NVIDIA A100-SXM4-40GB MIG 4g.20gb (0),1,,13,"void ch_est::chEstFilterNoDftSOfdmDispatchKernel<float, __half, float, (unsigned int)2>(ch_est::puschRxChEstStatDescr_t *, ch_est::puschRxChEstDynDescr_t *)"
3557675907,5536,201320,137,2,1,24,2,1,44,0.001,0.001,,,,,NVIDIA A100-SXM4-40GB MIG 4g.20gb (0),1,,13,"void ch_est::chEstFilterNoDftSOfdmDispatchKernel<float, __half, float, (unsigned int)2>(ch_est::puschRxChEstStatDescr_t *, ch_est::puschRxChEstDynDescr_t *)"
3557687107,2656,201331,103,1,1,128,1,1,16,0.000,0.000,,,,,NVIDIA A100-SXM4-40GB MIG 4g.20gb (0),1,,13,cupy_copy__complex64_complex64
3557692835,12704,201341,1434,1,1,128,1,1,16,0.000,0.000,,,,,NVIDIA A100-SXM4-40GB MIG 4g.20gb (0),1,,13,cupy_copy__complex64_complex64
3557710819,2848,201348,103,1,1,128,1,1,16,0.000,0.000,,,,,NVIDIA A100-SXM4-40GB MIG 4g.20gb (0),1,,13,cupy_copy__complex64_complex64
3557716835,89343,201355,1,1,1,32,32,1,30,0.000,0.000,,,,,NVIDIA A100-SXM4-40GB MIG 4g.20gb (0),1,,13,"void convert_kernel<__half2, float2>(tensor_layout_any, T1 *, tensor_layout_any, const T2 *)"
3557834465,9248,201358,,,,,,,,,,0.094,10131.442,Pinned,Device,NVIDIA A100-SXM4-40GB MIG 4g.20gb (0),1,,13,[CUDA memcpy Host-to-Device]
3557850977,48607,201359,,,,,,,,,,35.810,736717.484,Device,,NVIDIA A100-SXM4-40GB MIG 4g.20gb (0),1,,13,[CUDA memset]
3557905344,2304,201361,,,,,,,,,,0.000,34.722,Pinned,Device,NVIDIA A100-SXM4-40GB MIG 4g.20gb (0),1,,13,[CUDA memcpy Host-to-Device]
3557911200,12032,201362,,,,,,,,,,0.197,16340.287,Pinned,Device,NVIDIA A100-SXM4-40GB MIG 4g.20gb (0),1,,13,[CUDA memcpy Host-to-Device]
3557930496,9504,201363,273,1,1,48,1,1,40,0.000,0.001,,,,,NVIDIA A100-SXM4-40GB MIG 4g.20gb (0),1,,13,"void pusch_noise_intf_est::noiseIntfEstNoDftSOfdmKernel<float, __half, float, float, (unsigned int)2, (unsigned int)1, (unsigned char)4, (unsigned char)4>(pusch_noise_intf_est::puschRxNoiseIntfEstDynDescr)"
3557946144,2848,201374,35,1,1,128,1,1,16,0.000,0.000,,,,,NVIDIA A100-SXM4-40GB MIG 4g.20gb (0),1,,13,cupy_copy__complex64_complex64
3557952960,1984,201383,1,1,1,1,1,1,18,0.000,0.000,,,,,NVIDIA A100-SXM4-40GB MIG 4g.20gb (0),1,,13,cupy_copy__float32_float32
3557984543,2624,201389,,,,,,,,,,0.000,1.524,Device,Pageable,NVIDIA A100-SXM4-40GB MIG 4g.20gb (0),1,,7,[CUDA memcpy Device-to-Host]
3558047327,13023,201400,1434,1,1,128,1,1,16,0.000,0.000,,,,,NVIDIA A100-SXM4-40GB MIG 4g.20gb (0),1,,13,cupy_copy__complex64_complex64
3558074174,2656,201407,103,1,1,128,1,1,16,0.000,0.000,,,,,NVIDIA A100-SXM4-40GB MIG 4g.20gb (0),1,,13,cupy_copy__complex64_complex64
3558093790,2176,201414,35,1,1,128,1,1,16,0.000,0.000,,,,,NVIDIA A100-SXM4-40GB MIG 4g.20gb (0),1,,13,cupy_copy__complex64_complex64
3558111742,1920,201421,1,1,1,1,1,1,18,0.000,0.000,,,,,NVIDIA A100-SXM4-40GB MIG 4g.20gb (0),1,,13,cupy_copy__float32_float32
3558241660,81983,201432,1,1,1,32,32,1,30,0.000,0.000,,,,,NVIDIA A100-SXM4-40GB MIG 4g.20gb (0),1,,13,"void convert_kernel<__half2, float2>(tensor_layout_any, T1 *, tensor_layout_any, const T2 *)"
3558351035,5408,201435,,,,,,,,,,0.094,17325.421,Pinned,Device,NVIDIA A100-SXM4-40GB MIG 4g.20gb (0),1,,13,[CUDA memcpy Host-to-Device]
3558367547,3328,201436,,,,,,,,,,1.547,464729.580,Device,,NVIDIA A100-SXM4-40GB MIG 4g.20gb (0),1,,13,[CUDA memset]
3558375099,3103,201441,,,,,,,,,,0.031,10085.699,Pinned,Device,NVIDIA A100-SXM4-40GB MIG 4g.20gb (0),1,,13,[CUDA memcpy Host-to-Device]
3558380794,9792,201442,,,,,,,,,,0.197,20078.395,Pinned,Device,NVIDIA A100-SXM4-40GB MIG 4g.20gb (0),1,,13,[CUDA memcpy Host-to-Device]
3558394842,6624,201443,273,1,1,8,4,1,39,0.002,0.000,,,,,NVIDIA A100-SXM4-40GB MIG 4g.20gb (0),1,,13,"void channel_eq::eqMmseCoefCompLowMimoKernel<float, float, float, (unsigned int)4, (unsigned int)1, (unsigned int)4>(const channel_eq::_puschRxChEqStatDescr *, channel_eq::_puschRxChEqCoefCompDynDescr)"
3558403354,6080,201444,273,1,1,12,11,1,51,0.002,0.000,,,,,NVIDIA A100-SXM4-40GB MIG 4g.20gb (0),1,,13,"void channel_eq::eqMmseSoftDemapKernel<float, __half, __half, float, (unsigned int)4, (unsigned short)16383>(channel_eq::_puschRxChEqStatDescr *, channel_eq::_puschRxChEqSoftDemapDynDescr)"
3558410490,282205,201445,1,1,1,32,32,1,30,0.000,0.000,,,,,NVIDIA A100-SXM4-40GB MIG 4g.20gb (0),1,,13,"void convert_kernel<float2, __half2>(tensor_layout_any, T1 *, tensor_layout_any, const T2 *)"
3558695063,11295,201457,2253,1,1,128,1,1,16,0.000,0.000,,,,,NVIDIA A100-SXM4-40GB MIG 4g.20gb (0),1,,13,cupy_copy__float16_float16
3558709654,3424,201466,282,1,1,128,1,1,16,0.000,0.000,,,,,NVIDIA A100-SXM4-40GB MIG 4g.20gb (0),1,,13,cupy_copy__complex64_complex64
3558714998,2240,201475,26,1,1,128,1,1,16,0.000,0.000,,,,,NVIDIA A100-SXM4-40GB MIG 4g.20gb (0),1,,13,cupy_copy__float32_float32
3558719446,3680,201484,103,1,1,128,1,1,16,0.000,0.000,,,,,NVIDIA A100-SXM4-40GB MIG 4g.20gb (0),1,,13,cupy_copy__complex64_complex64
3558725302,12128,201494,1434,1,1,128,1,1,16,0.000,0.000,,,,,NVIDIA A100-SXM4-40GB MIG 4g.20gb (0),1,,13,cupy_copy__complex64_complex64
3558742166,82175,201499,1,1,1,32,32,1,30,0.000,0.000,,,,,NVIDIA A100-SXM4-40GB MIG 4g.20gb (0),1,,13,"void convert_kernel<__half2, float2>(tensor_layout_any, T1 *, tensor_layout_any, const T2 *)"
3558858997,5439,201502,,,,,,,,,,0.094,17226.665,Pinned,Device,NVIDIA A100-SXM4-40GB MIG 4g.20gb (0),1,,13,[CUDA memcpy Host-to-Device]
3558868916,600505,201503,,,,,,,,,,456.561,760174.798,Device,,NVIDIA A100-SXM4-40GB MIG 4g.20gb (0),1,,13,[CUDA memset]
3559474861,68863,201508,,,,,,,,,,1.235,17932.622,Pinned,Device,NVIDIA A100-SXM4-40GB MIG 4g.20gb (0),1,,13,[CUDA memcpy Host-to-Device]
3559547276,14336,201509,,,,,,,,,,0.197,13714.194,Pinned,Device,NVIDIA A100-SXM4-40GB MIG 4g.20gb (0),1,,13,[CUDA memcpy Host-to-Device]
3559567180,8256,201510,69,4,1,48,1,1,76,0.002,0.000,,,,,NVIDIA A100-SXM4-40GB MIG 4g.20gb (0),1,,13,"void ch_est::windowedChEstPreNoDftSOfdmKernel<float, __half, float, (unsigned int)2, (unsigned int)1, (unsigned short)4>(ch_est::puschRxChEstStatDescr_t *, ch_est::puschRxChEstDynDescr_t *)"
3559578156,6240,201511,137,2,1,24,2,1,44,0.001,0.001,,,,,NVIDIA A100-SXM4-40GB MIG 4g.20gb (0),1,,13,"void ch_est::chEstFilterNoDftSOfdmDispatchKernel<float, __half, float, (unsigned int)2>(ch_est::puschRxChEstStatDescr_t *, ch_est::puschRxChEstDynDescr_t *)"
3559588588,5439,201512,137,2,1,24,2,1,44,0.001,0.001,,,,,NVIDIA A100-SXM4-40GB MIG 4g.20gb (0),1,,13,"void ch_est::chEstFilterNoDftSOfdmDispatchKernel<float, __half, float, (unsigned int)2>(ch_est::puschRxChEstStatDescr_t *, ch_est::puschRxChEstDynDescr_t *)"
3559598187,2880,201523,103,1,1,128,1,1,16,0.000,0.000,,,,,NVIDIA A100-SXM4-40GB MIG 4g.20gb (0),1,,13,cupy_copy__complex64_complex64
3559605515,12480,201533,1434,1,1,128,1,1,16,0.000,0.000,,,,,NVIDIA A100-SXM4-40GB MIG 4g.20gb (0),1,,13,cupy_copy__complex64_complex64
3559626027,2656,201540,103,1,1,128,1,1,16,0.000,0.000,,,,,NVIDIA A100-SXM4-40GB MIG 4g.20gb (0),1,,13,cupy_copy__complex64_complex64
3559632427,83583,201547,1,1,1,32,32,1,30,0.000,0.000,,,,,NVIDIA A100-SXM4-40GB MIG 4g.20gb (0),1,,13,"void convert_kernel<__half2, float2>(tensor_layout_any, T1 *, tensor_layout_any, const T2 *)"
3559745514,9599,201550,,,,,,,,,,0.094,9760.968,Pinned,Device,NVIDIA A100-SXM4-40GB MIG 4g.20gb (0),1,,13,[CUDA memcpy Host-to-Device]
3559761513,48128,201551,,,,,,,,,,35.810,744022.708,Device,,NVIDIA A100-SXM4-40GB MIG 4g.20gb (0),1,,13,[CUDA memset]
3559814121,2912,201553,,,,,,,,,,0.000,27.472,Pinned,Device,NVIDIA A100-SXM4-40GB MIG 4g.20gb (0),1,,13,[CUDA memcpy Host-to-Device]
3559820905,13887,201554,,,,,,,,,,0.197,14157.545,Pinned,Device,NVIDIA A100-SXM4-40GB MIG 4g.20gb (0),1,,13,[CUDA memcpy Host-to-Device]
3559841800,10432,201555,273,1,1,48,1,1,40,0.000,0.001,,,,,NVIDIA A100-SXM4-40GB MIG 4g.20gb (0),1,,13,"void pusch_noise_intf_est::noiseIntfEstNoDftSOfdmKernel<float, __half, float, float, (unsigned int)2, (unsigned int)1, (unsigned char)4, (unsigned char)4>(pusch_noise_intf_est::puschRxNoiseIntfEstDynDescr)"
3559857800,2912,201566,35,1,1,128,1,1,16,0.000,0.000,,,,,NVIDIA A100-SXM4-40GB MIG 4g.20gb (0),1,,13,cupy_copy__complex64_complex64
3559866920,1952,201575,1,1,1,1,1,1,18,0.000,0.000,,,,,NVIDIA A100-SXM4-40GB MIG 4g.20gb (0),1,,13,cupy_copy__float32_float32
3559896712,2304,201581,,,,,,,,,,0.000,1.736,Device,Pageable,NVIDIA A100-SXM4-40GB MIG 4g.20gb (0),1,,7,[CUDA memcpy Device-to-Host]
3559960583,13280,201592,1434,1,1,128,1,1,16,0.000,0.000,,,,,NVIDIA A100-SXM4-40GB MIG 4g.20gb (0),1,,13,cupy_copy__complex64_complex64
3559985895,3200,201599,103,1,1,128,1,1,16,0.000,0.000,,,,,NVIDIA A100-SXM4-40GB MIG 4g.20gb (0),1,,13,cupy_copy__complex64_complex64
3560006150,2688,201606,35,1,1,128,1,1,16,0.000,0.000,,,,,NVIDIA A100-SXM4-40GB MIG 4g.20gb (0),1,,13,cupy_copy__complex64_complex64
3560024614,1824,201613,1,1,1,1,1,1,18,0.000,0.000,,,,,NVIDIA A100-SXM4-40GB MIG 4g.20gb (0),1,,13,cupy_copy__float32_float32
3560156517,82654,201624,1,1,1,32,32,1,30,0.000,0.000,,,,,NVIDIA A100-SXM4-40GB MIG 4g.20gb (0),1,,13,"void convert_kernel<__half2, float2>(tensor_layout_any, T1 *, tensor_layout_any, const T2 *)"
3560267139,5440,201627,,,,,,,,,,0.094,17223.480,Pinned,Device,NVIDIA A100-SXM4-40GB MIG 4g.20gb (0),1,,13,[CUDA memcpy Host-to-Device]
3560281635,3712,201628,,,,,,,,,,1.547,416654.319,Device,,NVIDIA A100-SXM4-40GB MIG 4g.20gb (0),1,,13,[CUDA memset]
3560288387,3168,201633,,,,,,,,,,0.031,9878.770,Pinned,Device,NVIDIA A100-SXM4-40GB MIG 4g.20gb (0),1,,13,[CUDA memcpy Host-to-Device]
3560293987,9632,201634,,,,,,,,,,0.197,20411.843,Pinned,Device,NVIDIA A100-SXM4-40GB MIG 4g.20gb (0),1,,13,[CUDA memcpy Host-to-Device]
3560307267,6784,201635,273,1,1,8,4,1,39,0.002,0.000,,,,,NVIDIA A100-SXM4-40GB MIG 4g.20gb (0),1,,13,"void channel_eq::eqMmseCoefCompLowMimoKernel<float, float, float, (unsigned int)4, (unsigned int)1, (unsigned int)4>(const channel_eq::_puschRxChEqStatDescr *, channel_eq::_puschRxChEqCoefCompDynDescr)"
3560317155,6207,201636,273,1,1,12,11,1,51,0.002,0.000,,,,,NVIDIA A100-SXM4-40GB MIG 4g.20gb (0),1,,13,"void channel_eq::eqMmseSoftDemapKernel<float, __half, __half, float, (unsigned int)4, (unsigned short)16383>(channel_eq::_puschRxChEqStatDescr *, channel_eq::_puschRxChEqSoftDemapDynDescr)"
3560326498,290173,201637,1,1,1,32,32,1,30,0.000,0.000,,,,,NVIDIA A100-SXM4-40GB MIG 4g.20gb (0),1,,13,"void convert_kernel<float2, __half2>(tensor_layout_any, T1 *, tensor_layout_any, const T2 *)"
3560618047,11008,201649,2253,1,1,128,1,1,16,0.000,0.000,,,,,NVIDIA A100-SXM4-40GB MIG 4g.20gb (0),1,,13,cupy_copy__float16_float16
3560634431,3616,201658,282,1,1,128,1,1,16,0.000,0.000,,,,,NVIDIA A100-SXM4-40GB MIG 4g.20gb (0),1,,13,cupy_copy__complex64_complex64
3560640735,2111,201667,26,1,1,128,1,1,16,0.000,0.000,,,,,NVIDIA A100-SXM4-40GB MIG 4g.20gb (0),1,,13,cupy_copy__float32_float32
3560645918,3424,201676,103,1,1,128,1,1,16,0.000,0.000,,,,,NVIDIA A100-SXM4-40GB MIG 4g.20gb (0),1,,13,cupy_copy__complex64_complex64
3560650334,12032,201686,1434,1,1,128,1,1,16,0.000,0.000,,,,,NVIDIA A100-SXM4-40GB MIG 4g.20gb (0),1,,13,cupy_copy__complex64_complex64
3560664446,87647,201691,1,1,1,32,32,1,30,0.000,0.000,,,,,NVIDIA A100-SXM4-40GB MIG 4g.20gb (0),1,,13,"void convert_kernel<__half2, float2>(tensor_layout_any, T1 *, tensor_layout_any, const T2 *)"
3560779005,5728,201694,,,,,,,,,,0.094,16357.541,Pinned,Device,NVIDIA A100-SXM4-40GB MIG 4g.20gb (0),1,,13,[CUDA memcpy Host-to-Device]
3560789757,602936,201695,,,,,,,,,,456.561,756978.868,Device,,NVIDIA A100-SXM4-40GB MIG 4g.20gb (0),1,,13,[CUDA memset]
3561398933,70911,201700,,,,,,,,,,1.235,17415.180,Pinned,Device,NVIDIA A100-SXM4-40GB MIG 4g.20gb (0),1,,13,[CUDA memcpy Host-to-Device]
3561473044,14368,201701,,,,,,,,,,0.197,13683.720,Pinned,Device,NVIDIA A100-SXM4-40GB MIG 4g.20gb (0),1,,13,[CUDA memcpy Host-to-Device]
3561492980,8864,201702,69,4,1,48,1,1,76,0.002,0.000,,,,,NVIDIA A100-SXM4-40GB MIG 4g.20gb (0),1,,13,"void ch_est::windowedChEstPreNoDftSOfdmKernel<float, __half, float, (unsigned int)2, (unsigned int)1, (unsigned short)4>(ch_est::puschRxChEstStatDescr_t *, ch_est::puschRxChEstDynDescr_t *)"
3561503892,7776,201703,137,2,1,24,2,1,44,0.001,0.001,,,,,NVIDIA A100-SXM4-40GB MIG 4g.20gb (0),1,,13,"void ch_est::chEstFilterNoDftSOfdmDispatchKernel<float, __half, float, (unsigned int)2>(ch_est::puschRxChEstStatDescr_t *, ch_est::puschRxChEstDynDescr_t *)"
3561514612,5344,201704,137,2,1,24,2,1,44,0.001,0.001,,,,,NVIDIA A100-SXM4-40GB MIG 4g.20gb (0),1,,13,"void ch_est::chEstFilterNoDftSOfdmDispatchKernel<float, __half, float, (unsigned int)2>(ch_est::puschRxChEstStatDescr_t *, ch_est::puschRxChEstDynDescr_t *)"
3561524820,2688,201715,103,1,1,128,1,1,16,0.000,0.000,,,,,NVIDIA A100-SXM4-40GB MIG 4g.20gb (0),1,,13,cupy_copy__complex64_complex64
3561530356,12863,201725,1434,1,1,128,1,1,16,0.000,0.000,,,,,NVIDIA A100-SXM4-40GB MIG 4g.20gb (0),1,,13,cupy_copy__complex64_complex64
3561548019,2560,201732,103,1,1,128,1,1,16,0.000,0.000,,,,,NVIDIA A100-SXM4-40GB MIG 4g.20gb (0),1,,13,cupy_copy__complex64_complex64
3561554451,84223,201739,1,1,1,32,32,1,30,0.000,0.000,,,,,NVIDIA A100-SXM4-40GB MIG 4g.20gb (0),1,,13,"void convert_kernel<__half2, float2>(tensor_layout_any, T1 *, tensor_layout_any, const T2 *)"
3561667506,9376,201742,,,,,,,,,,0.094,9993.147,Pinned,Device,NVIDIA A100-SXM4-40GB MIG 4g.20gb (0),1,,13,[CUDA memcpy Host-to-Device]
3561684658,47071,201743,,,,,,,,,,35.810,760745.940,Device,,NVIDIA A100-SXM4-40GB MIG 4g.20gb (0),1,,13,[CUDA memset]
3561732497,4992,201745,,,,,,,,,,0.000,16.026,Pinned,Device,NVIDIA A100-SXM4-40GB MIG 4g.20gb (0),1,,13,[CUDA memcpy Host-to-Device]
3561741361,15072,201746,,,,,,,,,,0.197,13044.548,Pinned,Device,NVIDIA A100-SXM4-40GB MIG 4g.20gb (0),1,,13,[CUDA memcpy Host-to-Device]
3561765169,12927,201747,273,1,1,48,1,1,40,0.000,0.001,,,,,NVIDIA A100-SXM4-40GB MIG 4g.20gb (0),1,,13,"void pusch_noise_intf_est::noiseIntfEstNoDftSOfdmKernel<float, __half, float, float, (unsigned int)2, (unsigned int)1, (unsigned char)4, (unsigned char)4>(pusch_noise_intf_est::puschRxNoiseIntfEstDynDescr)"
3561780144,2816,201758,35,1,1,128,1,1,16,0.000,0.000,,,,,NVIDIA A100-SXM4-40GB MIG 4g.20gb (0),1,,13,cupy_copy__complex64_complex64
3561785776,1920,201767,1,1,1,1,1,1,18,0.000,0.000,,,,,NVIDIA A100-SXM4-40GB MIG 4g.20gb (0),1,,13,cupy_copy__float32_float32
3561817264,1760,201773,,,,,,,,,,0.000,2.273,Device,Pageable,NVIDIA A100-SXM4-40GB MIG 4g.20gb (0),1,,7,[CUDA memcpy Device-to-Host]
3561879407,12864,201784,1434,1,1,128,1,1,16,0.000,0.000,,,,,NVIDIA A100-SXM4-40GB MIG 4g.20gb (0),1,,13,cupy_copy__complex64_complex64
3561903727,3040,201791,103,1,1,128,1,1,16,0.000,0.000,,,,,NVIDIA A100-SXM4-40GB MIG 4g.20gb (0),1,,13,cupy_copy__complex64_complex64
3561923919,2272,201798,35,1,1,128,1,1,16,0.000,0.000,,,,,NVIDIA A100-SXM4-40GB MIG 4g.20gb (0),1,,13,cupy_copy__complex64_complex64
3561941550,1760,201805,1,1,1,1,1,1,18,0.000,0.000,,,,,NVIDIA A100-SXM4-40GB MIG 4g.20gb (0),1,,13,cupy_copy__float32_float32
3562073485,87167,201816,1,1,1,32,32,1,30,0.000,0.000,,,,,NVIDIA A100-SXM4-40GB MIG 4g.20gb (0),1,,13,"void convert_kernel<__half2, float2>(tensor_layout_any, T1 *, tensor_layout_any, const T2 *)"
3562188523,5504,201819,,,,,,,,,,0.094,17023.251,Pinned,Device,NVIDIA A100-SXM4-40GB MIG 4g.20gb (0),1,,13,[CUDA memcpy Host-to-Device]
3562203147,3296,201820,,,,,,,,,,1.547,469242.628,Device,,NVIDIA A100-SXM4-40GB MIG 4g.20gb (0),1,,13,[CUDA memset]
3562210027,3232,201825,,,,,,,,,,0.031,9683.139,Pinned,Device,NVIDIA A100-SXM4-40GB MIG 4g.20gb (0),1,,13,[CUDA memcpy Host-to-Device]
3562215659,9408,201826,,,,,,,,,,0.197,20897.858,Pinned,Device,NVIDIA A100-SXM4-40GB MIG 4g.20gb (0),1,,13,[CUDA memcpy Host-to-Device]
3562228811,6336,201827,273,1,1,8,4,1,39,0.002,0.000,,,,,NVIDIA A100-SXM4-40GB MIG 4g.20gb (0),1,,13,"void channel_eq::eqMmseCoefCompLowMimoKernel<float, float, float, (unsigned int)4, (unsigned int)1, (unsigned int)4>(const channel_eq::_puschRxChEqStatDescr *, channel_eq::_puschRxChEqCoefCompDynDescr)"
3562236139,6048,201828,273,1,1,12,11,1,51,0.002,0.000,,,,,NVIDIA A100-SXM4-40GB MIG 4g.20gb (0),1,,13,"void channel_eq::eqMmseSoftDemapKernel<float, __half, __half, float, (unsigned int)4, (unsigned short)16383>(channel_eq::_puschRxChEqStatDescr *, channel_eq::_puschRxChEqSoftDemapDynDescr)"
3562243499,294140,201829,1,1,1,32,32,1,30,0.000,0.000,,,,,NVIDIA A100-SXM4-40GB MIG 4g.20gb (0),1,,13,"void convert_kernel<float2, __half2>(tensor_layout_any, T1 *, tensor_layout_any, const T2 *)"
3562539623,10912,201841,2253,1,1,128,1,1,16,0.000,0.000,,,,,NVIDIA A100-SXM4-40GB MIG 4g.20gb (0),1,,13,cupy_copy__float16_float16
3562552199,3552,201850,282,1,1,128,1,1,16,0.000,0.000,,,,,NVIDIA A100-SXM4-40GB MIG 4g.20gb (0),1,,13,cupy_copy__complex64_complex64
3562558599,2016,201859,26,1,1,128,1,1,16,0.000,0.000,,,,,NVIDIA A100-SXM4-40GB MIG 4g.20gb (0),1,,13,cupy_copy__float32_float32
3562561671,4384,201868,103,1,1,128,1,1,16,0.000,0.000,,,,,NVIDIA A100-SXM4-40GB MIG 4g.20gb (0),1,,13,cupy_copy__complex64_complex64
3562568871,11968,201878,1434,1,1,128,1,1,16,0.000,0.000,,,,,NVIDIA A100-SXM4-40GB MIG 4g.20gb (0),1,,13,cupy_copy__complex64_complex64
3562585190,81407,201883,1,1,1,32,32,1,30,0.000,0.000,,,,,NVIDIA A100-SXM4-40GB MIG 4g.20gb (0),1,,13,"void convert_kernel<__half2, float2>(tensor_layout_any, T1 *, tensor_layout_any, const T2 *)"
3562693573,5408,201886,,,,,,,,,,0.094,17325.421,Pinned,Device,NVIDIA A100-SXM4-40GB MIG 4g.20gb (0),1,,13,[CUDA memcpy Host-to-Device]
3562703653,602521,201887,,,,,,,,,,456.561,757435.429,Device,,NVIDIA A100-SXM4-40GB MIG 4g.20gb (0),1,,13,[CUDA memset]
3563312061,68192,201892,,,,,,,,,,1.235,18109.219,Pinned,Device,NVIDIA A100-SXM4-40GB MIG 4g.20gb (0),1,,13,[CUDA memcpy Host-to-Device]
3563384861,14783,201893,,,,,,,,,,0.197,13299.548,Pinned,Device,NVIDIA A100-SXM4-40GB MIG 4g.20gb (0),1,,13,[CUDA memcpy Host-to-Device]
3563408636,8640,201894,69,4,1,48,1,1,76,0.002,0.000,,,,,NVIDIA A100-SXM4-40GB MIG 4g.20gb (0),1,,13,"void ch_est::windowedChEstPreNoDftSOfdmKernel<float, __half, float, (unsigned int)2, (unsigned int)1, (unsigned short)4>(ch_est::puschRxChEstStatDescr_t *, ch_est::puschRxChEstDynDescr_t *)"
3563419932,7296,201895,137,2,1,24,2,1,44,0.001,0.001,,,,,NVIDIA A100-SXM4-40GB MIG 4g.20gb (0),1,,13,"void ch_est::chEstFilterNoDftSOfdmDispatchKernel<float, __half, float, (unsigned int)2>(ch_est::puschRxChEstStatDescr_t *, ch_est::puschRxChEstDynDescr_t *)"
3563431644,5504,201896,137,2,1,24,2,1,44,0.001,0.001,,,,,NVIDIA A100-SXM4-40GB MIG 4g.20gb (0),1,,13,"void ch_est::chEstFilterNoDftSOfdmDispatchKernel<float, __half, float, (unsigned int)2>(ch_est::puschRxChEstStatDescr_t *, ch_est::puschRxChEstDynDescr_t *)"
3563440828,2784,201907,103,1,1,128,1,1,16,0.000,0.000,,,,,NVIDIA A100-SXM4-40GB MIG 4g.20gb (0),1,,13,cupy_copy__complex64_complex64
3563446524,12448,201917,1434,1,1,128,1,1,16,0.000,0.000,,,,,NVIDIA A100-SXM4-40GB MIG 4g.20gb (0),1,,13,cupy_copy__complex64_complex64
3563465436,2528,201924,103,1,1,128,1,1,16,0.000,0.000,,,,,NVIDIA A100-SXM4-40GB MIG 4g.20gb (0),1,,13,cupy_copy__complex64_complex64
3563472636,91102,201931,1,1,1,32,32,1,30,0.000,0.000,,,,,NVIDIA A100-SXM4-40GB MIG 4g.20gb (0),1,,13,"void convert_kernel<__half2, float2>(tensor_layout_any, T1 *, tensor_layout_any, const T2 *)"
3563591930,9440,201934,,,,,,,,,,0.094,9925.405,Pinned,Device,NVIDIA A100-SXM4-40GB MIG 4g.20gb (0),1,,13,[CUDA memcpy Host-to-Device]
3563606426,46143,201935,,,,,,,,,,35.810,776036.776,Device,,NVIDIA A100-SXM4-40GB MIG 4g.20gb (0),1,,13,[CUDA memset]
3563659513,3264,201937,,,,,,,,,,0.000,24.510,Pinned,Device,NVIDIA A100-SXM4-40GB MIG 4g.20gb (0),1,,13,[CUDA memcpy Host-to-Device]
3563667449,14016,201938,,,,,,,,,,0.197,14027.391,Pinned,Device,NVIDIA A100-SXM4-40GB MIG 4g.20gb (0),1,,13,[CUDA memcpy Host-to-Device]
3563686489,11104,201939,273,1,1,48,1,1,40,0.000,0.001,,,,,NVIDIA A100-SXM4-40GB MIG 4g.20gb (0),1,,13,"void pusch_noise_intf_est::noiseIntfEstNoDftSOfdmKernel<float, __half, float, float, (unsigned int)2, (unsigned int)1, (unsigned char)4, (unsigned char)4>(pusch_noise_intf_est::puschRxNoiseIntfEstDynDescr)"
3563701721,2944,201950,35,1,1,128,1,1,16,0.000,0.000,,,,,NVIDIA A100-SXM4-40GB MIG 4g.20gb (0),1,,13,cupy_copy__complex64_complex64
3563711705,1824,201959,1,1,1,1,1,1,18,0.000,0.000,,,,,NVIDIA A100-SXM4-40GB MIG 4g.20gb (0),1,,13,cupy_copy__float32_float32
3563741720,2336,201965,,,,,,,,,,0.000,1.712,Device,Pageable,NVIDIA A100-SXM4-40GB MIG 4g.20gb (0),1,,7,[CUDA memcpy Device-to-Host]
3563802391,13248,201976,1434,1,1,128,1,1,16,0.000,0.000,,,,,NVIDIA A100-SXM4-40GB MIG 4g.20gb (0),1,,13,cupy_copy__complex64_complex64
3563828055,2816,201983,103,1,1,128,1,1,16,0.000,0.000,,,,,NVIDIA A100-SXM4-40GB MIG 4g.20gb (0),1,,13,cupy_copy__complex64_complex64
3563848375,2304,201990,35,1,1,128,1,1,16,0.000,0.000,,,,,NVIDIA A100-SXM4-40GB MIG 4g.20gb (0),1,,13,cupy_copy__complex64_complex64
3563867127,1760,201997,1,1,1,1,1,1,18,0.000,0.000,,,,,NVIDIA A100-SXM4-40GB MIG 4g.20gb (0),1,,13,cupy_copy__float32_float32
3564001813,85823,202008,1,1,1,32,32,1,30,0.000,0.000,,,,,NVIDIA A100-SXM4-40GB MIG 4g.20gb (0),1,,13,"void convert_kernel<__half2, float2>(tensor_layout_any, T1 *, tensor_layout_any, const T2 *)"
3564114260,5440,202011,,,,,,,,,,0.094,17223.480,Pinned,Device,NVIDIA A100-SXM4-40GB MIG 4g.20gb (0),1,,13,[CUDA memcpy Host-to-Device]
3564129011,3200,202012,,,,,,,,,,1.547,483320.000,Device,,NVIDIA A100-SXM4-40GB MIG 4g.20gb (0),1,,13,[CUDA memset]
3564135571,3008,202017,,,,,,,,,,0.031,10404.230,Pinned,Device,NVIDIA A100-SXM4-40GB MIG 4g.20gb (0),1,,13,[CUDA memcpy Host-to-Device]
3564140979,9568,202018,,,,,,,,,,0.197,20548.485,Pinned,Device,NVIDIA A100-SXM4-40GB MIG 4g.20gb (0),1,,13,[CUDA memcpy Host-to-Device]
3564156083,6304,202019,273,1,1,8,4,1,39,0.002,0.000,,,,,NVIDIA A100-SXM4-40GB MIG 4g.20gb (0),1,,13,"void channel_eq::eqMmseCoefCompLowMimoKernel<float, float, float, (unsigned int)4, (unsigned int)1, (unsigned int)4>(const channel_eq::_puschRxChEqStatDescr *, channel_eq::_puschRxChEqCoefCompDynDescr)"
3564163475,6048,202020,273,1,1,12,11,1,51,0.002,0.000,,,,,NVIDIA A100-SXM4-40GB MIG 4g.20gb (0),1,,13,"void channel_eq::eqMmseSoftDemapKernel<float, __half, __half, float, (unsigned int)4, (unsigned short)16383>(channel_eq::_puschRxChEqStatDescr *, channel_eq::_puschRxChEqSoftDemapDynDescr)"
3564170611,294844,202021,1,1,1,32,32,1,30,0.000,0.000,,,,,NVIDIA A100-SXM4-40GB MIG 4g.20gb (0),1,,13,"void convert_kernel<float2, __half2>(tensor_layout_any, T1 *, tensor_layout_any, const T2 *)"
3564466383,10912,202033,2253,1,1,128,1,1,16,0.000,0.000,,,,,NVIDIA A100-SXM4-40GB MIG 4g.20gb (0),1,,13,cupy_copy__float16_float16
3564478575,3232,202042,282,1,1,128,1,1,16,0.000,0.000,,,,,NVIDIA A100-SXM4-40GB MIG 4g.20gb (0),1,,13,cupy_copy__complex64_complex64
3564485743,2560,202051,26,1,1,128,1,1,16,0.000,0.000,,,,,NVIDIA A100-SXM4-40GB MIG 4g.20gb (0),1,,13,cupy_copy__float32_float32
3564492591,4512,202060,103,1,1,128,1,1,16,0.000,0.000,,,,,NVIDIA A100-SXM4-40GB MIG 4g.20gb (0),1,,13,cupy_copy__complex64_complex64
3564551310,11936,202076,1434,1,1,128,1,1,16,0.000,0.000,,,,,NVIDIA A100-SXM4-40GB MIG 4g.20gb (0),1,,13,cupy_copy__complex64_complex64
3564667789,81567,202081,1,1,1,32,32,1,30,0.000,0.000,,,,,NVIDIA A100-SXM4-40GB MIG 4g.20gb (0),1,,13,"void convert_kernel<__half2, float2>(tensor_layout_any, T1 *, tensor_layout_any, const T2 *)"
3564776555,5440,202084,,,,,,,,,,0.094,17223.480,Pinned,Device,NVIDIA A100-SXM4-40GB MIG 4g.20gb (0),1,,13,[CUDA memcpy Host-to-Device]
3564786859,605209,202085,,,,,,,,,,456.561,754239.499,Device,,NVIDIA A100-SXM4-40GB MIG 4g.20gb (0),1,,13,[CUDA memset]
3565398948,68319,202090,,,,,,,,,,1.235,18075.875,Pinned,Device,NVIDIA A100-SXM4-40GB MIG 4g.20gb (0),1,,13,[CUDA memcpy Host-to-Device]
3565470947,15200,202091,,,,,,,,,,0.197,12934.644,Pinned,Device,NVIDIA A100-SXM4-40GB MIG 4g.20gb (0),1,,13,[CUDA memcpy Host-to-Device]
3565495043,7967,202092,69,4,1,48,1,1,76,0.002,0.000,,,,,NVIDIA A100-SXM4-40GB MIG 4g.20gb (0),1,,13,"void ch_est::windowedChEstPreNoDftSOfdmKernel<float, __half, float, (unsigned int)2, (unsigned int)1, (unsigned short)4>(ch_est::puschRxChEstStatDescr_t *, ch_est::puschRxChEstDynDescr_t *)"
3565506594,6752,202093,137,2,1,24,2,1,44,0.001,0.001,,,,,NVIDIA A100-SXM4-40GB MIG 4g.20gb (0),1,,13,"void ch_est::chEstFilterNoDftSOfdmDispatchKernel<float, __half, float, (unsigned int)2>(ch_est::puschRxChEstStatDescr_t *, ch_est::puschRxChEstDynDescr_t *)"
3565516578,6816,202094,137,2,1,24,2,1,44,0.001,0.001,,,,,NVIDIA A100-SXM4-40GB MIG 4g.20gb (0),1,,13,"void ch_est::chEstFilterNoDftSOfdmDispatchKernel<float, __half, float, (unsigned int)2>(ch_est::puschRxChEstStatDescr_t *, ch_est::puschRxChEstDynDescr_t *)"
3565528738,2848,202105,103,1,1,128,1,1,16,0.000,0.000,,,,,NVIDIA A100-SXM4-40GB MIG 4g.20gb (0),1,,13,cupy_copy__complex64_complex64
3565534338,12608,202115,1434,1,1,128,1,1,16,0.000,0.000,,,,,NVIDIA A100-SXM4-40GB MIG 4g.20gb (0),1,,13,cupy_copy__complex64_complex64
3565551714,2560,202122,103,1,1,128,1,1,16,0.000,0.000,,,,,NVIDIA A100-SXM4-40GB MIG 4g.20gb (0),1,,13,cupy_copy__complex64_complex64
3565557826,84255,202129,1,1,1,32,32,1,30,0.000,0.000,,,,,NVIDIA A100-SXM4-40GB MIG 4g.20gb (0),1,,13,"void convert_kernel<__half2, float2>(tensor_layout_any, T1 *, tensor_layout_any, const T2 *)"
3565669728,6208,202132,,,,,,,,,,0.094,15092.739,Pinned,Device,NVIDIA A100-SXM4-40GB MIG 4g.20gb (0),1,,13,[CUDA memcpy Host-to-Device]
3565684256,47072,202133,,,,,,,,,,35.810,760745.940,Device,,NVIDIA A100-SXM4-40GB MIG 4g.20gb (0),1,,13,[CUDA memset]
3565737216,2335,202135,,,,,,,,,,0.000,34.261,Pinned,Device,NVIDIA A100-SXM4-40GB MIG 4g.20gb (0),1,,13,[CUDA memcpy Host-to-Device]
3565742399,11168,202136,,,,,,,,,,0.197,17604.477,Pinned,Device,NVIDIA A100-SXM4-40GB MIG 4g.20gb (0),1,,13,[CUDA memcpy Host-to-Device]
3565760959,10528,202137,273,1,1,48,1,1,40,0.000,0.001,,,,,NVIDIA A100-SXM4-40GB MIG 4g.20gb (0),1,,13,"void pusch_noise_intf_est::noiseIntfEstNoDftSOfdmKernel<float, __half, float, float, (unsigned int)2, (unsigned int)1, (unsigned char)4, (unsigned char)4>(pusch_noise_intf_est::puschRxNoiseIntfEstDynDescr)"
3565773215,2976,202148,35,1,1,128,1,1,16,0.000,0.000,,,,,NVIDIA A100-SXM4-40GB MIG 4g.20gb (0),1,,13,cupy_copy__complex64_complex64
3565788159,2048,202157,1,1,1,1,1,1,18,0.000,0.000,,,,,NVIDIA A100-SXM4-40GB MIG 4g.20gb (0),1,,13,cupy_copy__float32_float32
3565820766,1824,202163,,,,,,,,,,0.000,2.193,Device,Pageable,NVIDIA A100-SXM4-40GB MIG 4g.20gb (0),1,,7,[CUDA memcpy Device-to-Host]
3565879262,13184,202174,1434,1,1,128,1,1,16,0.000,0.000,,,,,NVIDIA A100-SXM4-40GB MIG 4g.20gb (0),1,,13,cupy_copy__complex64_complex64
3565905885,2784,202181,103,1,1,128,1,1,16,0.000,0.000,,,,,NVIDIA A100-SXM4-40GB MIG 4g.20gb (0),1,,13,cupy_copy__complex64_complex64
3565930685,2464,202188,35,1,1,128,1,1,16,0.000,0.000,,,,,NVIDIA A100-SXM4-40GB MIG 4g.20gb (0),1,,13,cupy_copy__complex64_complex64
3565949341,1824,202195,1,1,1,1,1,1,18,0.000,0.000,,,,,NVIDIA A100-SXM4-40GB MIG 4g.20gb (0),1,,13,cupy_copy__float32_float32
3566079323,88511,202206,1,1,1,32,32,1,30,0.000,0.000,,,,,NVIDIA A100-SXM4-40GB MIG 4g.20gb (0),1,,13,"void convert_kernel<__half2, float2>(tensor_layout_any, T1 *, tensor_layout_any, const T2 *)"
3566194874,5408,202209,,,,,,,,,,0.094,17325.421,Pinned,Device,NVIDIA A100-SXM4-40GB MIG 4g.20gb (0),1,,13,[CUDA memcpy Host-to-Device]
3566210138,3424,202210,,,,,,,,,,1.547,451700.819,Device,,NVIDIA A100-SXM4-40GB MIG 4g.20gb (0),1,,13,[CUDA memset]
3566216410,3200,202215,,,,,,,,,,0.031,9780.000,Pinned,Device,NVIDIA A100-SXM4-40GB MIG 4g.20gb (0),1,,13,[CUDA memcpy Host-to-Device]
3566222138,9407,202216,,,,,,,,,,0.197,20900.020,Pinned,Device,NVIDIA A100-SXM4-40GB MIG 4g.20gb (0),1,,13,[CUDA memcpy Host-to-Device]
3566236249,6240,202217,273,1,1,8,4,1,39,0.002,0.000,,,,,NVIDIA A100-SXM4-40GB MIG 4g.20gb (0),1,,13,"void channel_eq::eqMmseCoefCompLowMimoKernel<float, float, float, (unsigned int)4, (unsigned int)1, (unsigned int)4>(const channel_eq::_puschRxChEqStatDescr *, channel_eq::_puschRxChEqCoefCompDynDescr)"
3566243481,6144,202218,273,1,1,12,11,1,51,0.002,0.000,,,,,NVIDIA A100-SXM4-40GB MIG 4g.20gb (0),1,,13,"void channel_eq::eqMmseSoftDemapKernel<float, __half, __half, float, (unsigned int)4, (unsigned short)16383>(channel_eq::_puschRxChEqStatDescr *, channel_eq::_puschRxChEqSoftDemapDynDescr)"
3566250617,282173,202219,1,1,1,32,32,1,30,0.000,0.000,,,,,NVIDIA A100-SXM4-40GB MIG 4g.20gb (0),1,,13,"void convert_kernel<float2, __half2>(tensor_layout_any, T1 *, tensor_layout_any, const T2 *)"
3566534582,10912,202231,2253,1,1,128,1,1,16,0.000,0.000,,,,,NVIDIA A100-SXM4-40GB MIG 4g.20gb (0),1,,13,cupy_copy__float16_float16
3566546710,3007,202240,282,1,1,128,1,1,16,0.000,0.000,,,,,NVIDIA A100-SXM4-40GB MIG 4g.20gb (0),1,,13,cupy_copy__complex64_complex64
3566550741,2336,202249,26,1,1,128,1,1,16,0.000,0.000,,,,,NVIDIA A100-SXM4-40GB MIG 4g.20gb (0),1,,13,cupy_copy__float32_float32
3566556341,2976,202258,103,1,1,128,1,1,16,0.000,0.000,,,,,NVIDIA A100-SXM4-40GB MIG 4g.20gb (0),1,,13,cupy_copy__complex64_complex64
3566560277,11872,202268,1434,1,1,128,1,1,16,0.000,0.000,,,,,NVIDIA A100-SXM4-40GB MIG 4g.20gb (0),1,,13,cupy_copy__complex64_complex64
3566579957,87359,202273,1,1,1,32,32,1,30,0.000,0.000,,,,,NVIDIA A100-SXM4-40GB MIG 4g.20gb (0),1,,13,"void convert_kernel<__half2, float2>(tensor_layout_any, T1 *, tensor_layout_any, const T2 *)"
3566694612,5536,202276,,,,,,,,,,0.094,16924.777,Pinned,Device,NVIDIA A100-SXM4-40GB MIG 4g.20gb (0),1,,13,[CUDA memcpy Host-to-Device]
3566706836,606616,202277,,,,,,,,,,456.561,752413.253,Device,,NVIDIA A100-SXM4-40GB MIG 4g.20gb (0),1,,13,[CUDA memset]
3567316940,70431,202282,,,,,,,,,,1.235,17533.735,Pinned,Device,NVIDIA A100-SXM4-40GB MIG 4g.20gb (0),1,,13,[CUDA memcpy Host-to-Device]
3567389931,14304,202283,,,,,,,,,,0.197,13744.865,Pinned,Device,NVIDIA A100-SXM4-40GB MIG 4g.20gb (0),1,,13,[CUDA memcpy Host-to-Device]
3567413419,8512,202284,69,4,1,48,1,1,76,0.002,0.000,,,,,NVIDIA A100-SXM4-40GB MIG 4g.20gb (0),1,,13,"void ch_est::windowedChEstPreNoDftSOfdmKernel<float, __half, float, (unsigned int)2, (unsigned int)1, (unsigned short)4>(ch_est::puschRxChEstStatDescr_t *, ch_est::puschRxChEstDynDescr_t *)"
3567425035,6592,202285,137,2,1,24,2,1,44,0.001,0.001,,,,,NVIDIA A100-SXM4-40GB MIG 4g.20gb (0),1,,13,"void ch_est::chEstFilterNoDftSOfdmDispatchKernel<float, __half, float, (unsigned int)2>(ch_est::puschRxChEstStatDescr_t *, ch_est::puschRxChEstDynDescr_t *)"
3567434059,5471,202286,137,2,1,24,2,1,44,0.001,0.001,,,,,NVIDIA A100-SXM4-40GB MIG 4g.20gb (0),1,,13,"void ch_est::chEstFilterNoDftSOfdmDispatchKernel<float, __half, float, (unsigned int)2>(ch_est::puschRxChEstStatDescr_t *, ch_est::puschRxChEstDynDescr_t *)"
3567444490,2528,202297,103,1,1,128,1,1,16,0.000,0.000,,,,,NVIDIA A100-SXM4-40GB MIG 4g.20gb (0),1,,13,cupy_copy__complex64_complex64
3567451402,12384,202307,1434,1,1,128,1,1,16,0.000,0.000,,,,,NVIDIA A100-SXM4-40GB MIG 4g.20gb (0),1,,13,cupy_copy__complex64_complex64
3567469706,2528,202314,103,1,1,128,1,1,16,0.000,0.000,,,,,NVIDIA A100-SXM4-40GB MIG 4g.20gb (0),1,,13,cupy_copy__complex64_complex64
3567476042,83679,202321,1,1,1,32,32,1,30,0.000,0.000,,,,,NVIDIA A100-SXM4-40GB MIG 4g.20gb (0),1,,13,"void convert_kernel<__half2, float2>(tensor_layout_any, T1 *, tensor_layout_any, const T2 *)"
3567587433,7392,202324,,,,,,,,,,0.094,12675.289,Pinned,Device,NVIDIA A100-SXM4-40GB MIG 4g.20gb (0),1,,13,[CUDA memcpy Host-to-Device]
3567602248,47264,202325,,,,,,,,,,35.810,757630.477,Device,,NVIDIA A100-SXM4-40GB MIG 4g.20gb (0),1,,13,[CUDA memset]
3567654792,1824,202327,,,,,,,,,,0.000,43.860,Pinned,Device,NVIDIA A100-SXM4-40GB MIG 4g.20gb (0),1,,13,[CUDA memcpy Host-to-Device]
3567660008,10880,202328,,,,,,,,,,0.197,18070.438,Pinned,Device,NVIDIA A100-SXM4-40GB MIG 4g.20gb (0),1,,13,[CUDA memcpy Host-to-Device]
3567676648,13343,202329,273,1,1,48,1,1,40,0.000,0.001,,,,,NVIDIA A100-SXM4-40GB MIG 4g.20gb (0),1,,13,"void pusch_noise_intf_est::noiseIntfEstNoDftSOfdmKernel<float, __half, float, float, (unsigned int)2, (unsigned int)1, (unsigned char)4, (unsigned char)4>(pusch_noise_intf_est::puschRxNoiseIntfEstDynDescr)"
3567691271,2752,202340,35,1,1,128,1,1,16,0.000,0.000,,,,,NVIDIA A100-SXM4-40GB MIG 4g.20gb (0),1,,13,cupy_copy__complex64_complex64
3567706823,1856,202349,1,1,1,1,1,1,18,0.000,0.000,,,,,NVIDIA A100-SXM4-40GB MIG 4g.20gb (0),1,,13,cupy_copy__float32_float32
3567738375,1632,202355,,,,,,,,,,0.000,2.451,Device,Pageable,NVIDIA A100-SXM4-40GB MIG 4g.20gb (0),1,,7,[CUDA memcpy Device-to-Host]
3567797702,12512,202366,1434,1,1,128,1,1,16,0.000,0.000,,,,,NVIDIA A100-SXM4-40GB MIG 4g.20gb (0),1,,13,cupy_copy__complex64_complex64
3567827974,2816,202373,103,1,1,128,1,1,16,0.000,0.000,,,,,NVIDIA A100-SXM4-40GB MIG 4g.20gb (0),1,,13,cupy_copy__complex64_complex64
3567848901,2336,202380,35,1,1,128,1,1,16,0.000,0.000,,,,,NVIDIA A100-SXM4-40GB MIG 4g.20gb (0),1,,13,cupy_copy__complex64_complex64
3567866981,1856,202387,1,1,1,1,1,1,18,0.000,0.000,,,,,NVIDIA A100-SXM4-40GB MIG 4g.20gb (0),1,,13,cupy_copy__float32_float32
3568001604,81503,202398,1,1,1,32,32,1,30,0.000,0.000,,,,,NVIDIA A100-SXM4-40GB MIG 4g.20gb (0),1,,13,"void convert_kernel<__half2, float2>(tensor_layout_any, T1 *, tensor_layout_any, const T2 *)"
3568110242,5440,202401,,,,,,,,,,0.094,17223.480,Pinned,Device,NVIDIA A100-SXM4-40GB MIG 4g.20gb (0),1,,13,[CUDA memcpy Host-to-Device]
3568124514,3392,202402,,,,,,,,,,1.547,455961.768,Device,,NVIDIA A100-SXM4-40GB MIG 4g.20gb (0),1,,13,[CUDA memset]
3568131394,3040,202407,,,,,,,,,,0.031,10294.725,Pinned,Device,NVIDIA A100-SXM4-40GB MIG 4g.20gb (0),1,,13,[CUDA memcpy Host-to-Device]
3568136962,9440,202408,,,,,,,,,,0.197,20827.079,Pinned,Device,NVIDIA A100-SXM4-40GB MIG 4g.20gb (0),1,,13,[CUDA memcpy Host-to-Device]
3568151394,6528,202409,273,1,1,8,4,1,39,0.002,0.000,,,,,NVIDIA A100-SXM4-40GB MIG 4g.20gb (0),1,,13,"void channel_eq::eqMmseCoefCompLowMimoKernel<float, float, float, (unsigned int)4, (unsigned int)1, (unsigned int)4>(const channel_eq::_puschRxChEqStatDescr *, channel_eq::_puschRxChEqCoefCompDynDescr)"
3568159266,6143,202410,273,1,1,12,11,1,51,0.002,0.000,,,,,NVIDIA A100-SXM4-40GB MIG 4g.20gb (0),1,,13,"void channel_eq::eqMmseSoftDemapKernel<float, __half, __half, float, (unsigned int)4, (unsigned short)16383>(channel_eq::_puschRxChEqStatDescr *, channel_eq::_puschRxChEqSoftDemapDynDescr)"
3568166497,294397,202411,1,1,1,32,32,1,30,0.000,0.000,,,,,NVIDIA A100-SXM4-40GB MIG 4g.20gb (0),1,,13,"void convert_kernel<float2, __half2>(tensor_layout_any, T1 *, tensor_layout_any, const T2 *)"
3568462142,11008,202423,2253,1,1,128,1,1,16,0.000,0.000,,,,,NVIDIA A100-SXM4-40GB MIG 4g.20gb (0),1,,13,cupy_copy__float16_float16
3568476414,3744,202432,282,1,1,128,1,1,16,0.000,0.000,,,,,NVIDIA A100-SXM4-40GB MIG 4g.20gb (0),1,,13,cupy_copy__complex64_complex64
3568481758,2240,202441,26,1,1,128,1,1,16,0.000,0.000,,,,,NVIDIA A100-SXM4-40GB MIG 4g.20gb (0),1,,13,cupy_copy__float32_float32
3568486494,4543,202450,103,1,1,128,1,1,16,0.000,0.000,,,,,NVIDIA A100-SXM4-40GB MIG 4g.20gb (0),1,,13,cupy_copy__complex64_complex64
3568492349,12000,202460,1434,1,1,128,1,1,16,0.000,0.000,,,,,NVIDIA A100-SXM4-40GB MIG 4g.20gb (0),1,,13,cupy_copy__complex64_complex64
3568505853,81631,202465,1,1,1,32,32,1,30,0.000,0.000,,,,,NVIDIA A100-SXM4-40GB MIG 4g.20gb (0),1,,13,"void convert_kernel<__half2, float2>(tensor_layout_any, T1 *, tensor_layout_any, const T2 *)"
3568614556,5440,202468,,,,,,,,,,0.094,17223.480,Pinned,Device,NVIDIA A100-SXM4-40GB MIG 4g.20gb (0),1,,13,[CUDA memcpy Host-to-Device]
3568624380,601816,202469,,,,,,,,,,456.561,758348.552,Device,,NVIDIA A100-SXM4-40GB MIG 4g.20gb (0),1,,13,[CUDA memset]
3569230708,67455,202474,,,,,,,,,,1.235,18306.810,Pinned,Device,NVIDIA A100-SXM4-40GB MIG 4g.20gb (0),1,,13,[CUDA memcpy Host-to-Device]
3569302067,15200,202475,,,,,,,,,,0.197,12934.644,Pinned,Device,NVIDIA A100-SXM4-40GB MIG 4g.20gb (0),1,,13,[CUDA memcpy Host-to-Device]
3569326227,8800,202476,69,4,1,48,1,1,76,0.002,0.000,,,,,NVIDIA A100-SXM4-40GB MIG 4g.20gb (0),1,,13,"void ch_est::windowedChEstPreNoDftSOfdmKernel<float, __half, float, (unsigned int)2, (unsigned int)1, (unsigned short)4>(ch_est::puschRxChEstStatDescr_t *, ch_est::puschRxChEstDynDescr_t *)"
3569337587,7328,202477,137,2,1,24,2,1,44,0.001,0.001,,,,,NVIDIA A100-SXM4-40GB MIG 4g.20gb (0),1,,13,"void ch_est::chEstFilterNoDftSOfdmDispatchKernel<float, __half, float, (unsigned int)2>(ch_est::puschRxChEstStatDescr_t *, ch_est::puschRxChEstDynDescr_t *)"
3569348659,5216,202478,137,2,1,24,2,1,44,0.001,0.001,,,,,NVIDIA A100-SXM4-40GB MIG 4g.20gb (0),1,,13,"void ch_est::chEstFilterNoDftSOfdmDispatchKernel<float, __half, float, (unsigned int)2>(ch_est::puschRxChEstStatDescr_t *, ch_est::puschRxChEstDynDescr_t *)"
3569359507,2656,202489,103,1,1,128,1,1,16,0.000,0.000,,,,,NVIDIA A100-SXM4-40GB MIG 4g.20gb (0),1,,13,cupy_copy__complex64_complex64
3569365395,12640,202499,1434,1,1,128,1,1,16,0.000,0.000,,,,,NVIDIA A100-SXM4-40GB MIG 4g.20gb (0),1,,13,cupy_copy__complex64_complex64
3569382354,2688,202506,103,1,1,128,1,1,16,0.000,0.000,,,,,NVIDIA A100-SXM4-40GB MIG 4g.20gb (0),1,,13,cupy_copy__complex64_complex64
3569387378,85343,202513,1,1,1,32,32,1,30,0.000,0.000,,,,,NVIDIA A100-SXM4-40GB MIG 4g.20gb (0),1,,13,"void convert_kernel<__half2, float2>(tensor_layout_any, T1 *, tensor_layout_any, const T2 *)"
3569501393,7360,202516,,,,,,,,,,0.094,12730.382,Pinned,Device,NVIDIA A100-SXM4-40GB MIG 4g.20gb (0),1,,13,[CUDA memcpy Host-to-Device]
3569513969,46911,202517,,,,,,,,,,35.810,763324.255,Device,,NVIDIA A100-SXM4-40GB MIG 4g.20gb (0),1,,13,[CUDA memset]
3569566960,1920,202519,,,,,,,,,,0.000,41.667,Pinned,Device,NVIDIA A100-SXM4-40GB MIG 4g.20gb (0),1,,13,[CUDA memcpy Host-to-Device]
3569571920,11712,202520,,,,,,,,,,0.197,16786.784,Pinned,Device,NVIDIA A100-SXM4-40GB MIG 4g.20gb (0),1,,13,[CUDA memcpy Host-to-Device]
3569591440,12416,202521,273,1,1,48,1,1,40,0.000,0.001,,,,,NVIDIA A100-SXM4-40GB MIG 4g.20gb (0),1,,13,"void pusch_noise_intf_est::noiseIntfEstNoDftSOfdmKernel<float, __half, float, float, (unsigned int)2, (unsigned int)1, (unsigned char)4, (unsigned char)4>(pusch_noise_intf_est::puschRxNoiseIntfEstDynDescr)"
3569608560,3360,202532,35,1,1,128,1,1,16,0.000,0.000,,,,,NVIDIA A100-SXM4-40GB MIG 4g.20gb (0),1,,13,cupy_copy__complex64_complex64
3569620368,2015,202541,1,1,1,1,1,1,18,0.000,0.000,,,,,NVIDIA A100-SXM4-40GB MIG 4g.20gb (0),1,,13,cupy_copy__float32_float32
3569650575,1984,202547,,,,,,,,,,0.000,2.016,Device,Pageable,NVIDIA A100-SXM4-40GB MIG 4g.20gb (0),1,,7,[CUDA memcpy Device-to-Host]
3569713422,12736,202558,1434,1,1,128,1,1,16,0.000,0.000,,,,,NVIDIA A100-SXM4-40GB MIG 4g.20gb (0),1,,13,cupy_copy__complex64_complex64
3569741102,2624,202565,103,1,1,128,1,1,16,0.000,0.000,,,,,NVIDIA A100-SXM4-40GB MIG 4g.20gb (0),1,,13,cupy_copy__complex64_complex64
3569762702,2176,202572,35,1,1,128,1,1,16,0.000,0.000,,,,,NVIDIA A100-SXM4-40GB MIG 4g.20gb (0),1,,13,cupy_copy__complex64_complex64
3569779694,1824,202579,1,1,1,1,1,1,18,0.000,0.000,,,,,NVIDIA A100-SXM4-40GB MIG 4g.20gb (0),1,,13,cupy_copy__float32_float32
3569910508,82463,202590,1,1,1,32,32,1,30,0.000,0.000,,,,,NVIDIA A100-SXM4-40GB MIG 4g.20gb (0),1,,13,"void convert_kernel<__half2, float2>(tensor_layout_any, T1 *, tensor_layout_any, const T2 *)"
3570020459,5375,202593,,,,,,,,,,0.094,17431.766,Pinned,Device,NVIDIA A100-SXM4-40GB MIG 4g.20gb (0),1,,13,[CUDA memcpy Host-to-Device]
3570035690,3232,202594,,,,,,,,,,1.547,478533.199,Device,,NVIDIA A100-SXM4-40GB MIG 4g.20gb (0),1,,13,[CUDA memset]
3570041450,3424,202599,,,,,,,,,,0.031,9140.185,Pinned,Device,NVIDIA A100-SXM4-40GB MIG 4g.20gb (0),1,,13,[CUDA memcpy Host-to-Device]
3570047498,9408,202600,,,,,,,,,,0.197,20897.858,Pinned,Device,NVIDIA A100-SXM4-40GB MIG 4g.20gb (0),1,,13,[CUDA memcpy Host-to-Device]
3570060554,8192,202601,273,1,1,8,4,1,39,0.002,0.000,,,,,NVIDIA A100-SXM4-40GB MIG 4g.20gb (0),1,,13,"void channel_eq::eqMmseCoefCompLowMimoKernel<float, float, float, (unsigned int)4, (unsigned int)1, (unsigned int)4>(const channel_eq::_puschRxChEqStatDescr *, channel_eq::_puschRxChEqCoefCompDynDescr)"
3570069770,6432,202602,273,1,1,12,11,1,51,0.002,0.000,,,,,NVIDIA A100-SXM4-40GB MIG 4g.20gb (0),1,,13,"void channel_eq::eqMmseSoftDemapKernel<float, __half, __half, float, (unsigned int)4, (unsigned short)16383>(channel_eq::_puschRxChEqStatDescr *, channel_eq::_puschRxChEqSoftDemapDynDescr)"
3570077322,283036,202603,1,1,1,32,32,1,30,0.000,0.000,,,,,NVIDIA A100-SXM4-40GB MIG 4g.20gb (0),1,,13,"void convert_kernel<float2, __half2>(tensor_layout_any, T1 *, tensor_layout_any, const T2 *)"
3570361414,10944,202615,2253,1,1,128,1,1,16,0.000,0.000,,,,,NVIDIA A100-SXM4-40GB MIG 4g.20gb (0),1,,13,cupy_copy__float16_float16
3570377894,3008,202624,282,1,1,128,1,1,16,0.000,0.000,,,,,NVIDIA A100-SXM4-40GB MIG 4g.20gb (0),1,,13,cupy_copy__complex64_complex64
3570382918,2240,202633,26,1,1,128,1,1,16,0.000,0.000,,,,,NVIDIA A100-SXM4-40GB MIG 4g.20gb (0),1,,13,cupy_copy__float32_float32
3570386214,2880,202642,103,1,1,128,1,1,16,0.000,0.000,,,,,NVIDIA A100-SXM4-40GB MIG 4g.20gb (0),1,,13,cupy_copy__complex64_complex64
3570390374,12064,202652,1434,1,1,128,1,1,16,0.000,0.000,,,,,NVIDIA A100-SXM4-40GB MIG 4g.20gb (0),1,,13,cupy_copy__complex64_complex64
3570408102,82015,202657,1,1,1,32,32,1,30,0.000,0.000,,,,,NVIDIA A100-SXM4-40GB MIG 4g.20gb (0),1,,13,"void convert_kernel<__half2, float2>(tensor_layout_any, T1 *, tensor_layout_any, const T2 *)"
3570517412,5376,202660,,,,,,,,,,0.094,17428.487,Pinned,Device,NVIDIA A100-SXM4-40GB MIG 4g.20gb (0),1,,13,[CUDA memcpy Host-to-Device]
3570527204,606649,202661,,,,,,,,,,456.561,752413.253,Device,,NVIDIA A100-SXM4-40GB MIG 4g.20gb (0),1,,13,[CUDA memset]
3571142173,72223,202666,,,,,,,,,,1.235,17099.035,Pinned,Device,NVIDIA A100-SXM4-40GB MIG 4g.20gb (0),1,,13,[CUDA memcpy Host-to-Device]
3571218172,14976,202667,,,,,,,,,,0.197,13128.106,Pinned,Device,NVIDIA A100-SXM4-40GB MIG 4g.20gb (0),1,,13,[CUDA memcpy Host-to-Device]
3571238396,8031,202668,69,4,1,48,1,1,76,0.002,0.000,,,,,NVIDIA A100-SXM4-40GB MIG 4g.20gb (0),1,,13,"void ch_est::windowedChEstPreNoDftSOfdmKernel<float, __half, float, (unsigned int)2, (unsigned int)1, (unsigned short)4>(ch_est::puschRxChEstStatDescr_t *, ch_est::puschRxChEstDynDescr_t *)"
3571249531,6784,202669,137,2,1,24,2,1,44,0.001,0.001,,,,,NVIDIA A100-SXM4-40GB MIG 4g.20gb (0),1,,13,"void ch_est::chEstFilterNoDftSOfdmDispatchKernel<float, __half, float, (unsigned int)2>(ch_est::puschRxChEstStatDescr_t *, ch_est::puschRxChEstDynDescr_t *)"
3571261147,5568,202670,137,2,1,24,2,1,44,0.001,0.001,,,,,NVIDIA A100-SXM4-40GB MIG 4g.20gb (0),1,,13,"void ch_est::chEstFilterNoDftSOfdmDispatchKernel<float, __half, float, (unsigned int)2>(ch_est::puschRxChEstStatDescr_t *, ch_est::puschRxChEstDynDescr_t *)"
3571271099,2816,202681,103,1,1,128,1,1,16,0.000,0.000,,,,,NVIDIA A100-SXM4-40GB MIG 4g.20gb (0),1,,13,cupy_copy__complex64_complex64
3571276059,12384,202691,1434,1,1,128,1,1,16,0.000,0.000,,,,,NVIDIA A100-SXM4-40GB MIG 4g.20gb (0),1,,13,cupy_copy__complex64_complex64
3571296187,2528,202698,103,1,1,128,1,1,16,0.000,0.000,,,,,NVIDIA A100-SXM4-40GB MIG 4g.20gb (0),1,,13,cupy_copy__complex64_complex64
3571303579,90207,202705,1,1,1,32,32,1,30,0.000,0.000,,,,,NVIDIA A100-SXM4-40GB MIG 4g.20gb (0),1,,13,"void convert_kernel<__half2, float2>(tensor_layout_any, T1 *, tensor_layout_any, const T2 *)"
3571423417,8992,202708,,,,,,,,,,0.094,10419.838,Pinned,Device,NVIDIA A100-SXM4-40GB MIG 4g.20gb (0),1,,13,[CUDA memcpy Host-to-Device]
3571438329,47263,202709,,,,,,,,,,35.810,757666.287,Device,,NVIDIA A100-SXM4-40GB MIG 4g.20gb (0),1,,13,[CUDA memset]
3571491032,3072,202711,,,,,,,,,,0.000,26.042,Pinned,Device,NVIDIA A100-SXM4-40GB MIG 4g.20gb (0),1,,13,[CUDA memcpy Host-to-Device]
3571497848,12000,202712,,,,,,,,,,0.197,16383.934,Pinned,Device,NVIDIA A100-SXM4-40GB MIG 4g.20gb (0),1,,13,[CUDA memcpy Host-to-Device]
3571516056,11008,202713,273,1,1,48,1,1,40,0.000,0.001,,,,,NVIDIA A100-SXM4-40GB MIG 4g.20gb (0),1,,13,"void pusch_noise_intf_est::noiseIntfEstNoDftSOfdmKernel<float, __half, float, float, (unsigned int)2, (unsigned int)1, (unsigned char)4, (unsigned char)4>(pusch_noise_intf_est::puschRxNoiseIntfEstDynDescr)"
3571529624,3104,202724,35,1,1,128,1,1,16,0.000,0.000,,,,,NVIDIA A100-SXM4-40GB MIG 4g.20gb (0),1,,13,cupy_copy__complex64_complex64
3571544728,2048,202733,1,1,1,1,1,1,18,0.000,0.000,,,,,NVIDIA A100-SXM4-40GB MIG 4g.20gb (0),1,,13,cupy_copy__float32_float32
3571578103,2112,202739,,,,,,,,,,0.000,1.894,Device,Pageable,NVIDIA A100-SXM4-40GB MIG 4g.20gb (0),1,,7,[CUDA memcpy Device-to-Host]
3571638391,12895,202750,1434,1,1,128,1,1,16,0.000,0.000,,,,,NVIDIA A100-SXM4-40GB MIG 4g.20gb (0),1,,13,cupy_copy__complex64_complex64
3571665974,3488,202757,103,1,1,128,1,1,16,0.000,0.000,,,,,NVIDIA A100-SXM4-40GB MIG 4g.20gb (0),1,,13,cupy_copy__complex64_complex64
3571687542,2368,202764,35,1,1,128,1,1,16,0.000,0.000,,,,,NVIDIA A100-SXM4-40GB MIG 4g.20gb (0),1,,13,cupy_copy__complex64_complex64
3571703574,1856,202771,1,1,1,1,1,1,18,0.000,0.000,,,,,NVIDIA A100-SXM4-40GB MIG 4g.20gb (0),1,,13,cupy_copy__float32_float32
3571836692,82975,202782,1,1,1,32,32,1,30,0.000,0.000,,,,,NVIDIA A100-SXM4-40GB MIG 4g.20gb (0),1,,13,"void convert_kernel<__half2, float2>(tensor_layout_any, T1 *, tensor_layout_any, const T2 *)"
3571946867,5568,202785,,,,,,,,,,0.094,16827.521,Pinned,Device,NVIDIA A100-SXM4-40GB MIG 4g.20gb (0),1,,13,[CUDA memcpy Host-to-Device]
3571960947,3456,202786,,,,,,,,,,1.547,447517.201,Device,,NVIDIA A100-SXM4-40GB MIG 4g.20gb (0),1,,13,[CUDA memset]
3571967698,3072,202791,,,,,,,,,,0.031,10187.474,Pinned,Device,NVIDIA A100-SXM4-40GB MIG 4g.20gb (0),1,,13,[CUDA memcpy Host-to-Device]
3571973202,9440,202792,,,,,,,,,,0.197,20827.079,Pinned,Device,NVIDIA A100-SXM4-40GB MIG 4g.20gb (0),1,,13,[CUDA memcpy Host-to-Device]
3571986258,6688,202793,273,1,1,8,4,1,39,0.002,0.000,,,,,NVIDIA A100-SXM4-40GB MIG 4g.20gb (0),1,,13,"void channel_eq::eqMmseCoefCompLowMimoKernel<float, float, float, (unsigned int)4, (unsigned int)1, (unsigned int)4>(const channel_eq::_puschRxChEqStatDescr *, channel_eq::_puschRxChEqCoefCompDynDescr)"
3571994802,5856,202794,273,1,1,12,11,1,51,0.002,0.000,,,,,NVIDIA A100-SXM4-40GB MIG 4g.20gb (0),1,,13,"void channel_eq::eqMmseSoftDemapKernel<float, __half, __half, float, (unsigned int)4, (unsigned short)16383>(channel_eq::_puschRxChEqStatDescr *, channel_eq::_puschRxChEqSoftDemapDynDescr)"
3572001906,294812,202795,1,1,1,32,32,1,30,0.000,0.000,,,,,NVIDIA A100-SXM4-40GB MIG 4g.20gb (0),1,,13,"void convert_kernel<float2, __half2>(tensor_layout_any, T1 *, tensor_layout_any, const T2 *)"
3572298126,10944,202807,2253,1,1,128,1,1,16,0.000,0.000,,,,,NVIDIA A100-SXM4-40GB MIG 4g.20gb (0),1,,13,cupy_copy__float16_float16
3572311822,3104,202816,282,1,1,128,1,1,16,0.000,0.000,,,,,NVIDIA A100-SXM4-40GB MIG 4g.20gb (0),1,,13,cupy_copy__complex64_complex64
3572318158,2976,202825,26,1,1,128,1,1,16,0.000,0.000,,,,,NVIDIA A100-SXM4-40GB MIG 4g.20gb (0),1,,13,cupy_copy__float32_float32
3572325486,4736,202834,103,1,1,128,1,1,16,0.000,0.000,,,,,NVIDIA A100-SXM4-40GB MIG 4g.20gb (0),1,,13,cupy_copy__complex64_complex64
3572332846,12448,202844,1434,1,1,128,1,1,16,0.000,0.000,,,,,NVIDIA A100-SXM4-40GB MIG 4g.20gb (0),1,,13,cupy_copy__complex64_complex64
3572348270,80095,202849,1,1,1,32,32,1,30,0.000,0.000,,,,,NVIDIA A100-SXM4-40GB MIG 4g.20gb (0),1,,13,"void convert_kernel<__half2, float2>(tensor_layout_any, T1 *, tensor_layout_any, const T2 *)"
3572455628,5376,202852,,,,,,,,,,0.094,17428.487,Pinned,Device,NVIDIA A100-SXM4-40GB MIG 4g.20gb (0),1,,13,[CUDA memcpy Host-to-Device]
3572465196,600217,202853,,,,,,,,,,456.561,760631.359,Device,,NVIDIA A100-SXM4-40GB MIG 4g.20gb (0),1,,13,[CUDA memset]
3573070469,73055,202858,,,,,,,,,,1.235,16903.913,Pinned,Device,NVIDIA A100-SXM4-40GB MIG 4g.20gb (0),1,,13,[CUDA memcpy Host-to-Device]
3573147524,14080,202859,,,,,,,,,,0.197,13963.493,Pinned,Device,NVIDIA A100-SXM4-40GB MIG 4g.20gb (0),1,,13,[CUDA memcpy Host-to-Device]
3573171652,8160,202860,69,4,1,48,1,1,76,0.002,0.000,,,,,NVIDIA A100-SXM4-40GB MIG 4g.20gb (0),1,,13,"void ch_est::windowedChEstPreNoDftSOfdmKernel<float, __half, float, (unsigned int)2, (unsigned int)1, (unsigned short)4>(ch_est::puschRxChEstStatDescr_t *, ch_est::puschRxChEstDynDescr_t *)"
3573185987,6368,202861,137,2,1,24,2,1,44,0.001,0.001,,,,,NVIDIA A100-SXM4-40GB MIG 4g.20gb (0),1,,13,"void ch_est::chEstFilterNoDftSOfdmDispatchKernel<float, __half, float, (unsigned int)2>(ch_est::puschRxChEstStatDescr_t *, ch_est::puschRxChEstDynDescr_t *)"
3573194723,5120,202862,137,2,1,24,2,1,44,0.001,0.001,,,,,NVIDIA A100-SXM4-40GB MIG 4g.20gb (0),1,,13,"void ch_est::chEstFilterNoDftSOfdmDispatchKernel<float, __half, float, (unsigned int)2>(ch_est::puschRxChEstStatDescr_t *, ch_est::puschRxChEstDynDescr_t *)"
3573206179,2688,202873,103,1,1,128,1,1,16,0.000,0.000,,,,,NVIDIA A100-SXM4-40GB MIG 4g.20gb (0),1,,13,cupy_copy__complex64_complex64
3573211683,12832,202883,1434,1,1,128,1,1,16,0.000,0.000,,,,,NVIDIA A100-SXM4-40GB MIG 4g.20gb (0),1,,13,cupy_copy__complex64_complex64
3573232387,2784,202890,103,1,1,128,1,1,16,0.000,0.000,,,,,NVIDIA A100-SXM4-40GB MIG 4g.20gb (0),1,,13,cupy_copy__complex64_complex64
3573238211,84319,202897,1,1,1,32,32,1,30,0.000,0.000,,,,,NVIDIA A100-SXM4-40GB MIG 4g.20gb (0),1,,13,"void convert_kernel<__half2, float2>(tensor_layout_any, T1 *, tensor_layout_any, const T2 *)"
3573350849,8288,202900,,,,,,,,,,0.094,11304.985,Pinned,Device,NVIDIA A100-SXM4-40GB MIG 4g.20gb (0),1,,13,[CUDA memcpy Host-to-Device]
3573364193,47840,202901,,,,,,,,,,35.810,748534.758,Device,,NVIDIA A100-SXM4-40GB MIG 4g.20gb (0),1,,13,[CUDA memset]
3573416801,3328,202903,,,,,,,,,,0.000,24.038,Pinned,Device,NVIDIA A100-SXM4-40GB MIG 4g.20gb (0),1,,13,[CUDA memcpy Host-to-Device]
3573423232,12352,202904,,,,,,,,,,0.197,15916.990,Pinned,Device,NVIDIA A100-SXM4-40GB MIG 4g.20gb (0),1,,13,[CUDA memcpy Host-to-Device]
3573441344,10144,202905,273,1,1,48,1,1,40,0.000,0.001,,,,,NVIDIA A100-SXM4-40GB MIG 4g.20gb (0),1,,13,"void pusch_noise_intf_est::noiseIntfEstNoDftSOfdmKernel<float, __half, float, float, (unsigned int)2, (unsigned int)1, (unsigned char)4, (unsigned char)4>(pusch_noise_intf_est::puschRxNoiseIntfEstDynDescr)"
3573453056,3040,202916,35,1,1,128,1,1,16,0.000,0.000,,,,,NVIDIA A100-SXM4-40GB MIG 4g.20gb (0),1,,13,cupy_copy__complex64_complex64
3573473632,1952,202925,1,1,1,1,1,1,18,0.000,0.000,,,,,NVIDIA A100-SXM4-40GB MIG 4g.20gb (0),1,,13,cupy_copy__float32_float32
3573503807,1600,202931,,,,,,,,,,0.000,2.500,Device,Pageable,NVIDIA A100-SXM4-40GB MIG 4g.20gb (0),1,,7,[CUDA memcpy Device-to-Host]
3573562879,12832,202942,1434,1,1,128,1,1,16,0.000,0.000,,,,,NVIDIA A100-SXM4-40GB MIG 4g.20gb (0),1,,13,cupy_copy__complex64_complex64
3573591358,2656,202949,103,1,1,128,1,1,16,0.000,0.000,,,,,NVIDIA A100-SXM4-40GB MIG 4g.20gb (0),1,,13,cupy_copy__complex64_complex64
3573610334,2848,202956,35,1,1,128,1,1,16,0.000,0.000,,,,,NVIDIA A100-SXM4-40GB MIG 4g.20gb (0),1,,13,cupy_copy__complex64_complex64
3573627390,1760,202963,1,1,1,1,1,1,18,0.000,0.000,,,,,NVIDIA A100-SXM4-40GB MIG 4g.20gb (0),1,,13,cupy_copy__float32_float32
3573760732,81983,202974,1,1,1,32,32,1,30,0.000,0.000,,,,,NVIDIA A100-SXM4-40GB MIG 4g.20gb (0),1,,13,"void convert_kernel<__half2, float2>(tensor_layout_any, T1 *, tensor_layout_any, const T2 *)"
3573870331,5408,202977,,,,,,,,,,0.094,17325.421,Pinned,Device,NVIDIA A100-SXM4-40GB MIG 4g.20gb (0),1,,13,[CUDA memcpy Host-to-Device]
3573884859,3072,202978,,,,,,,,,,1.547,503457.044,Device,,NVIDIA A100-SXM4-40GB MIG 4g.20gb (0),1,,13,[CUDA memset]
3573891323,3008,202983,,,,,,,,,,0.031,10404.230,Pinned,Device,NVIDIA A100-SXM4-40GB MIG 4g.20gb (0),1,,13,[CUDA memcpy Host-to-Device]
3573896795,9344,202984,,,,,,,,,,0.197,21040.988,Pinned,Device,NVIDIA A100-SXM4-40GB MIG 4g.20gb (0),1,,13,[CUDA memcpy Host-to-Device]
3573910746,6432,202985,273,1,1,8,4,1,39,0.002,0.000,,,,,NVIDIA A100-SXM4-40GB MIG 4g.20gb (0),1,,13,"void channel_eq::eqMmseCoefCompLowMimoKernel<float, float, float, (unsigned int)4, (unsigned int)1, (unsigned int)4>(const channel_eq::_puschRxChEqStatDescr *, channel_eq::_puschRxChEqCoefCompDynDescr)"
3573920090,5696,202986,273,1,1,12,11,1,51,0.002,0.000,,,,,NVIDIA A100-SXM4-40GB MIG 4g.20gb (0),1,,13,"void channel_eq::eqMmseSoftDemapKernel<float, __half, __half, float, (unsigned int)4, (unsigned short)16383>(channel_eq::_puschRxChEqStatDescr *, channel_eq::_puschRxChEqSoftDemapDynDescr)"
3573927418,295037,202987,1,1,1,32,32,1,30,0.000,0.000,,,,,NVIDIA A100-SXM4-40GB MIG 4g.20gb (0),1,,13,"void convert_kernel<float2, __half2>(tensor_layout_any, T1 *, tensor_layout_any, const T2 *)"
3574224919,11359,202999,2253,1,1,128,1,1,16,0.000,0.000,,,,,NVIDIA A100-SXM4-40GB MIG 4g.20gb (0),1,,13,cupy_copy__float16_float16
3574238422,3104,203008,282,1,1,128,1,1,16,0.000,0.000,,,,,NVIDIA A100-SXM4-40GB MIG 4g.20gb (0),1,,13,cupy_copy__complex64_complex64
3574243670,1984,203017,26,1,1,128,1,1,16,0.000,0.000,,,,,NVIDIA A100-SXM4-40GB MIG 4g.20gb (0),1,,13,cupy_copy__float32_float32
3574247350,4608,203026,103,1,1,128,1,1,16,0.000,0.000,,,,,NVIDIA A100-SXM4-40GB MIG 4g.20gb (0),1,,13,cupy_copy__complex64_complex64
3574254454,12032,203036,1434,1,1,128,1,1,16,0.000,0.000,,,,,NVIDIA A100-SXM4-40GB MIG 4g.20gb (0),1,,13,cupy_copy__complex64_complex64
3574268502,87711,203041,1,1,1,32,32,1,30,0.000,0.000,,,,,NVIDIA A100-SXM4-40GB MIG 4g.20gb (0),1,,13,"void convert_kernel<__half2, float2>(tensor_layout_any, T1 *, tensor_layout_any, const T2 *)"
3574383285,5344,203044,,,,,,,,,,0.094,17532.864,Pinned,Device,NVIDIA A100-SXM4-40GB MIG 4g.20gb (0),1,,13,[CUDA memcpy Host-to-Device]
3574393652,599513,203045,,,,,,,,,,456.561,761544.482,Device,,NVIDIA A100-SXM4-40GB MIG 4g.20gb (0),1,,13,[CUDA memset]
3574998829,65663,203050,,,,,,,,,,1.235,18806.962,Pinned,Device,NVIDIA A100-SXM4-40GB MIG 4g.20gb (0),1,,13,[CUDA memcpy Host-to-Device]
3575068332,15232,203051,,,,,,,,,,0.197,12907.512,Pinned,Device,NVIDIA A100-SXM4-40GB MIG 4g.20gb (0),1,,13,[CUDA memcpy Host-to-Device]
3575092300,8416,203052,69,4,1,48,1,1,76,0.002,0.000,,,,,NVIDIA A100-SXM4-40GB MIG 4g.20gb (0),1,,13,"void ch_est::windowedChEstPreNoDftSOfdmKernel<float, __half, float, (unsigned int)2, (unsigned int)1, (unsigned short)4>(ch_est::puschRxChEstStatDescr_t *, ch_est::puschRxChEstDynDescr_t *)"
3575103756,6336,203053,137,2,1,24,2,1,44,0.001,0.001,,,,,NVIDIA A100-SXM4-40GB MIG 4g.20gb (0),1,,13,"void ch_est::chEstFilterNoDftSOfdmDispatchKernel<float, __half, float, (unsigned int)2>(ch_est::puschRxChEstStatDescr_t *, ch_est::puschRxChEstDynDescr_t *)"
3575113708,5376,203054,137,2,1,24,2,1,44,0.001,0.001,,,,,NVIDIA A100-SXM4-40GB MIG 4g.20gb (0),1,,13,"void ch_est::chEstFilterNoDftSOfdmDispatchKernel<float, __half, float, (unsigned int)2>(ch_est::puschRxChEstStatDescr_t *, ch_est::puschRxChEstDynDescr_t *)"
3575124555,2592,203065,103,1,1,128,1,1,16,0.000,0.000,,,,,NVIDIA A100-SXM4-40GB MIG 4g.20gb (0),1,,13,cupy_copy__complex64_complex64
3575131147,12896,203075,1434,1,1,128,1,1,16,0.000,0.000,,,,,NVIDIA A100-SXM4-40GB MIG 4g.20gb (0),1,,13,cupy_copy__complex64_complex64
3575146411,3072,203082,103,1,1,128,1,1,16,0.000,0.000,,,,,NVIDIA A100-SXM4-40GB MIG 4g.20gb (0),1,,13,cupy_copy__complex64_complex64
3575153739,90943,203089,1,1,1,32,32,1,30,0.000,0.000,,,,,NVIDIA A100-SXM4-40GB MIG 4g.20gb (0),1,,13,"void convert_kernel<__half2, float2>(tensor_layout_any, T1 *, tensor_layout_any, const T2 *)"
3575274218,9375,203092,,,,,,,,,,0.094,9994.178,Pinned,Device,NVIDIA A100-SXM4-40GB MIG 4g.20gb (0),1,,13,[CUDA memcpy Host-to-Device]
3575290153,48032,203093,,,,,,,,,,35.810,745526.724,Device,,NVIDIA A100-SXM4-40GB MIG 4g.20gb (0),1,,13,[CUDA memset]
3575340585,4288,203095,,,,,,,,,,0.000,18.657,Pinned,Device,NVIDIA A100-SXM4-40GB MIG 4g.20gb (0),1,,13,[CUDA memcpy Host-to-Device]
3575348041,11840,203096,,,,,,,,,,0.197,16605.315,Pinned,Device,NVIDIA A100-SXM4-40GB MIG 4g.20gb (0),1,,13,[CUDA memcpy Host-to-Device]
3575369736,10656,203097,273,1,1,48,1,1,40,0.000,0.001,,,,,NVIDIA A100-SXM4-40GB MIG 4g.20gb (0),1,,13,"void pusch_noise_intf_est::noiseIntfEstNoDftSOfdmKernel<float, __half, float, float, (unsigned int)2, (unsigned int)1, (unsigned char)4, (unsigned char)4>(pusch_noise_intf_est::puschRxNoiseIntfEstDynDescr)"
3575383816,2976,203108,35,1,1,128,1,1,16,0.000,0.000,,,,,NVIDIA A100-SXM4-40GB MIG 4g.20gb (0),1,,13,cupy_copy__complex64_complex64
3575396488,2016,203117,1,1,1,1,1,1,18,0.000,0.000,,,,,NVIDIA A100-SXM4-40GB MIG 4g.20gb (0),1,,13,cupy_copy__float32_float32
3575428808,1600,203123,,,,,,,,,,0.000,2.500,Device,Pageable,NVIDIA A100-SXM4-40GB MIG 4g.20gb (0),1,,7,[CUDA memcpy Device-to-Host]
3575489095,13280,203134,1434,1,1,128,1,1,16,0.000,0.000,,,,,NVIDIA A100-SXM4-40GB MIG 4g.20gb (0),1,,13,cupy_copy__complex64_complex64
3575514951,2752,203141,103,1,1,128,1,1,16,0.000,0.000,,,,,NVIDIA A100-SXM4-40GB MIG 4g.20gb (0),1,,13,cupy_copy__complex64_complex64
3575535878,2560,203148,35,1,1,128,1,1,16,0.000,0.000,,,,,NVIDIA A100-SXM4-40GB MIG 4g.20gb (0),1,,13,cupy_copy__complex64_complex64
3575554790,1760,203155,1,1,1,1,1,1,18,0.000,0.000,,,,,NVIDIA A100-SXM4-40GB MIG 4g.20gb (0),1,,13,cupy_copy__float32_float32
3575686597,81695,203166,1,1,1,32,32,1,30,0.000,0.000,,,,,NVIDIA A100-SXM4-40GB MIG 4g.20gb (0),1,,13,"void convert_kernel<__half2, float2>(tensor_layout_any, T1 *, tensor_layout_any, const T2 *)"
3575794851,5472,203169,,,,,,,,,,0.094,17122.757,Pinned,Device,NVIDIA A100-SXM4-40GB MIG 4g.20gb (0),1,,13,[CUDA memcpy Host-to-Device]
3575808963,3456,203170,,,,,,,,,,1.547,447517.201,Device,,NVIDIA A100-SXM4-40GB MIG 4g.20gb (0),1,,13,[CUDA memset]
3575815779,3040,203175,,,,,,,,,,0.031,10294.725,Pinned,Device,NVIDIA A100-SXM4-40GB MIG 4g.20gb (0),1,,13,[CUDA memcpy Host-to-Device]
3575821251,9408,203176,,,,,,,,,,0.197,20897.858,Pinned,Device,NVIDIA A100-SXM4-40GB MIG 4g.20gb (0),1,,13,[CUDA memcpy Host-to-Device]
3575834275,6176,203177,273,1,1,8,4,1,39,0.002,0.000,,,,,NVIDIA A100-SXM4-40GB MIG 4g.20gb (0),1,,13,"void channel_eq::eqMmseCoefCompLowMimoKernel<float, float, float, (unsigned int)4, (unsigned int)1, (unsigned int)4>(const channel_eq::_puschRxChEqStatDescr *, channel_eq::_puschRxChEqCoefCompDynDescr)"
3575843363,5760,203178,273,1,1,12,11,1,51,0.002,0.000,,,,,NVIDIA A100-SXM4-40GB MIG 4g.20gb (0),1,,13,"void channel_eq::eqMmseSoftDemapKernel<float, __half, __half, float, (unsigned int)4, (unsigned short)16383>(channel_eq::_puschRxChEqStatDescr *, channel_eq::_puschRxChEqSoftDemapDynDescr)"
3575850722,282301,203179,1,1,1,32,32,1,30,0.000,0.000,,,,,NVIDIA A100-SXM4-40GB MIG 4g.20gb (0),1,,13,"void convert_kernel<float2, __half2>(tensor_layout_any, T1 *, tensor_layout_any, const T2 *)"
3576134175,10880,203191,2253,1,1,128,1,1,16,0.000,0.000,,,,,NVIDIA A100-SXM4-40GB MIG 4g.20gb (0),1,,13,cupy_copy__float16_float16
3576147199,3232,203200,282,1,1,128,1,1,16,0.000,0.000,,,,,NVIDIA A100-SXM4-40GB MIG 4g.20gb (0),1,,13,cupy_copy__complex64_complex64
3576151455,2016,203209,26,1,1,128,1,1,16,0.000,0.000,,,,,NVIDIA A100-SXM4-40GB MIG 4g.20gb (0),1,,13,cupy_copy__float32_float32
3576156063,3680,203218,103,1,1,128,1,1,16,0.000,0.000,,,,,NVIDIA A100-SXM4-40GB MIG 4g.20gb (0),1,,13,cupy_copy__complex64_complex64
3576161503,12095,203228,1434,1,1,128,1,1,16,0.000,0.000,,,,,NVIDIA A100-SXM4-40GB MIG 4g.20gb (0),1,,13,cupy_copy__complex64_complex64
3576185310,82303,203233,1,1,1,32,32,1,30,0.000,0.000,,,,,NVIDIA A100-SXM4-40GB MIG 4g.20gb (0),1,,13,"void convert_kernel<__half2, float2>(tensor_layout_any, T1 *, tensor_layout_any, const T2 *)"
3576293981,5568,203236,,,,,,,,,,0.094,16827.521,Pinned,Device,NVIDIA A100-SXM4-40GB MIG 4g.20gb (0),1,,13,[CUDA memcpy Host-to-Device]
3576303613,603704,203237,,,,,,,,,,456.561,756065.745,Device,,NVIDIA A100-SXM4-40GB MIG 4g.20gb (0),1,,13,[CUDA memset]
3576910421,69344,203242,,,,,,,,,,1.235,17807.892,Pinned,Device,NVIDIA A100-SXM4-40GB MIG 4g.20gb (0),1,,13,[CUDA memcpy Host-to-Device]
3576983060,14144,203243,,,,,,,,,,0.197,13900.382,Pinned,Device,NVIDIA A100-SXM4-40GB MIG 4g.20gb (0),1,,13,[CUDA memcpy Host-to-Device]
3577002452,8320,203244,69,4,1,48,1,1,76,0.002,0.000,,,,,NVIDIA A100-SXM4-40GB MIG 4g.20gb (0),1,,13,"void ch_est::windowedChEstPreNoDftSOfdmKernel<float, __half, float, (unsigned int)2, (unsigned int)1, (unsigned short)4>(ch_est::puschRxChEstStatDescr_t *, ch_est::puschRxChEstDynDescr_t *)"
3577013652,6560,203245,137,2,1,24,2,1,44,0.001,0.001,,,,,NVIDIA A100-SXM4-40GB MIG 4g.20gb (0),1,,13,"void ch_est::chEstFilterNoDftSOfdmDispatchKernel<float, __half, float, (unsigned int)2>(ch_est::puschRxChEstStatDescr_t *, ch_est::puschRxChEstDynDescr_t *)"
3577022868,5152,203246,137,2,1,24,2,1,44,0.001,0.001,,,,,NVIDIA A100-SXM4-40GB MIG 4g.20gb (0),1,,13,"void ch_est::chEstFilterNoDftSOfdmDispatchKernel<float, __half, float, (unsigned int)2>(ch_est::puschRxChEstStatDescr_t *, ch_est::puschRxChEstDynDescr_t *)"
3577033236,2688,203257,103,1,1,128,1,1,16,0.000,0.000,,,,,NVIDIA A100-SXM4-40GB MIG 4g.20gb (0),1,,13,cupy_copy__complex64_complex64
3577038900,12608,203267,1434,1,1,128,1,1,16,0.000,0.000,,,,,NVIDIA A100-SXM4-40GB MIG 4g.20gb (0),1,,13,cupy_copy__complex64_complex64
3577060052,2560,203274,103,1,1,128,1,1,16,0.000,0.000,,,,,NVIDIA A100-SXM4-40GB MIG 4g.20gb (0),1,,13,cupy_copy__complex64_complex64
3577067219,83295,203281,1,1,1,32,32,1,30,0.000,0.000,,,,,NVIDIA A100-SXM4-40GB MIG 4g.20gb (0),1,,13,"void convert_kernel<__half2, float2>(tensor_layout_any, T1 *, tensor_layout_any, const T2 *)"
3577179570,7968,203284,,,,,,,,,,0.094,11759.035,Pinned,Device,NVIDIA A100-SXM4-40GB MIG 4g.20gb (0),1,,13,[CUDA memcpy Host-to-Device]
3577193170,48639,203285,,,,,,,,,,35.810,736216.145,Device,,NVIDIA A100-SXM4-40GB MIG 4g.20gb (0),1,,13,[CUDA memset]
3577247505,4800,203287,,,,,,,,,,0.000,16.667,Pinned,Device,NVIDIA A100-SXM4-40GB MIG 4g.20gb (0),1,,13,[CUDA memcpy Host-to-Device]
3577257041,12544,203288,,,,,,,,,,0.197,15673.393,Pinned,Device,NVIDIA A100-SXM4-40GB MIG 4g.20gb (0),1,,13,[CUDA memcpy Host-to-Device]
3577278609,10208,203289,273,1,1,48,1,1,40,0.000,0.001,,,,,NVIDIA A100-SXM4-40GB MIG 4g.20gb (0),1,,13,"void pusch_noise_intf_est::noiseIntfEstNoDftSOfdmKernel<float, __half, float, float, (unsigned int)2, (unsigned int)1, (unsigned char)4, (unsigned char)4>(pusch_noise_intf_est::puschRxNoiseIntfEstDynDescr)"
3577292945,3040,203300,35,1,1,128,1,1,16,0.000,0.000,,,,,NVIDIA A100-SXM4-40GB MIG 4g.20gb (0),1,,13,cupy_copy__complex64_complex64
3577300529,2208,203309,1,1,1,1,1,1,18,0.000,0.000,,,,,NVIDIA A100-SXM4-40GB MIG 4g.20gb (0),1,,13,cupy_copy__float32_float32
3577332944,1632,203315,,,,,,,,,,0.000,2.451,Device,Pageable,NVIDIA A100-SXM4-40GB MIG 4g.20gb (0),1,,7,[CUDA memcpy Device-to-Host]
3577393423,12768,203326,1434,1,1,128,1,1,16,0.000,0.000,,,,,NVIDIA A100-SXM4-40GB MIG 4g.20gb (0),1,,13,cupy_copy__complex64_complex64
3577420495,2816,203333,103,1,1,128,1,1,16,0.000,0.000,,,,,NVIDIA A100-SXM4-40GB MIG 4g.20gb (0),1,,13,cupy_copy__complex64_complex64
3577440943,2240,203340,35,1,1,128,1,1,16,0.000,0.000,,,,,NVIDIA A100-SXM4-40GB MIG 4g.20gb (0),1,,13,cupy_copy__complex64_complex64
3577458063,1792,203347,1,1,1,1,1,1,18,0.000,0.000,,,,,NVIDIA A100-SXM4-40GB MIG 4g.20gb (0),1,,13,cupy_copy__float32_float32
3577592141,81631,203358,1,1,1,32,32,1,30,0.000,0.000,,,,,NVIDIA A100-SXM4-40GB MIG 4g.20gb (0),1,,13,"void convert_kernel<__half2, float2>(tensor_layout_any, T1 *, tensor_layout_any, const T2 *)"
3577701100,5408,203361,,,,,,,,,,0.094,17325.421,Pinned,Device,NVIDIA A100-SXM4-40GB MIG 4g.20gb (0),1,,13,[CUDA memcpy Host-to-Device]
3577716075,3328,203362,,,,,,,,,,1.547,464729.580,Device,,NVIDIA A100-SXM4-40GB MIG 4g.20gb (0),1,,13,[CUDA memset]
3577722763,3072,203367,,,,,,,,,,0.031,10187.474,Pinned,Device,NVIDIA A100-SXM4-40GB MIG 4g.20gb (0),1,,13,[CUDA memcpy Host-to-Device]
3577728395,9632,203368,,,,,,,,,,0.197,20411.843,Pinned,Device,NVIDIA A100-SXM4-40GB MIG 4g.20gb (0),1,,13,[CUDA memcpy Host-to-Device]
3577741899,6880,203369,273,1,1,8,4,1,39,0.002,0.000,,,,,NVIDIA A100-SXM4-40GB MIG 4g.20gb (0),1,,13,"void channel_eq::eqMmseCoefCompLowMimoKernel<float, float, float, (unsigned int)4, (unsigned int)1, (unsigned int)4>(const channel_eq::_puschRxChEqStatDescr *, channel_eq::_puschRxChEqCoefCompDynDescr)"
3577749803,5888,203370,273,1,1,12,11,1,51,0.002,0.000,,,,,NVIDIA A100-SXM4-40GB MIG 4g.20gb (0),1,,13,"void channel_eq::eqMmseSoftDemapKernel<float, __half, __half, float, (unsigned int)4, (unsigned short)16383>(channel_eq::_puschRxChEqStatDescr *, channel_eq::_puschRxChEqSoftDemapDynDescr)"
3577756779,294332,203371,1,1,1,32,32,1,30,0.000,0.000,,,,,NVIDIA A100-SXM4-40GB MIG 4g.20gb (0),1,,13,"void convert_kernel<float2, __half2>(tensor_layout_any, T1 *, tensor_layout_any, const T2 *)"
3578052999,11168,203383,2253,1,1,128,1,1,16,0.000,0.000,,,,,NVIDIA A100-SXM4-40GB MIG 4g.20gb (0),1,,13,cupy_copy__float16_float16
3578066055,3008,203392,282,1,1,128,1,1,16,0.000,0.000,,,,,NVIDIA A100-SXM4-40GB MIG 4g.20gb (0),1,,13,cupy_copy__complex64_complex64
3578070183,2112,203401,26,1,1,128,1,1,16,0.000,0.000,,,,,NVIDIA A100-SXM4-40GB MIG 4g.20gb (0),1,,13,cupy_copy__float32_float32
3578075431,3008,203410,103,1,1,128,1,1,16,0.000,0.000,,,,,NVIDIA A100-SXM4-40GB MIG 4g.20gb (0),1,,13,cupy_copy__complex64_complex64
3578079463,12000,203420,1434,1,1,128,1,1,16,0.000,0.000,,,,,NVIDIA A100-SXM4-40GB MIG 4g.20gb (0),1,,13,cupy_copy__complex64_complex64
3578095207,80895,203425,1,1,1,32,32,1,30,0.000,0.000,,,,,NVIDIA A100-SXM4-40GB MIG 4g.20gb (0),1,,13,"void convert_kernel<__half2, float2>(tensor_layout_any, T1 *, tensor_layout_any, const T2 *)"
3578203173,5376,203428,,,,,,,,,,0.094,17428.487,Pinned,Device,NVIDIA A100-SXM4-40GB MIG 4g.20gb (0),1,,13,[CUDA memcpy Host-to-Device]
3578213669,603129,203429,,,,,,,,,,456.561,756978.868,Device,,NVIDIA A100-SXM4-40GB MIG 4g.20gb (0),1,,13,[CUDA memset]
3578825150,73023,203434,,,,,,,,,,1.235,16911.323,Pinned,Device,NVIDIA A100-SXM4-40GB MIG 4g.20gb (0),1,,13,[CUDA memcpy Host-to-Device]
3578901981,15136,203435,,,,,,,,,,0.197,12989.301,Pinned,Device,NVIDIA A100-SXM4-40GB MIG 4g.20gb (0),1,,13,[CUDA memcpy Host-to-Device]
3578926876,8032,203436,69,4,1,48,1,1,76,0.002,0.000,,,,,NVIDIA A100-SXM4-40GB MIG 4g.20gb (0),1,,13,"void ch_est::windowedChEstPreNoDftSOfdmKernel<float, __half, float, (unsigned int)2, (unsigned int)1, (unsigned short)4>(ch_est::puschRxChEstStatDescr_t *, ch_est::puschRxChEstDynDescr_t *)"
3578938044,6368,203437,137,2,1,24,2,1,44,0.001,0.001,,,,,NVIDIA A100-SXM4-40GB MIG 4g.20gb (0),1,,13,"void ch_est::chEstFilterNoDftSOfdmDispatchKernel<float, __half, float, (unsigned int)2>(ch_est::puschRxChEstStatDescr_t *, ch_est::puschRxChEstDynDescr_t *)"
3578949212,5472,203438,137,2,1,24,2,1,44,0.001,0.001,,,,,NVIDIA A100-SXM4-40GB MIG 4g.20gb (0),1,,13,"void ch_est::chEstFilterNoDftSOfdmDispatchKernel<float, __half, float, (unsigned int)2>(ch_est::puschRxChEstStatDescr_t *, ch_est::puschRxChEstDynDescr_t *)"
3578958620,2880,203449,103,1,1,128,1,1,16,0.000,0.000,,,,,NVIDIA A100-SXM4-40GB MIG 4g.20gb (0),1,,13,cupy_copy__complex64_complex64
3578964156,12512,203459,1434,1,1,128,1,1,16,0.000,0.000,,,,,NVIDIA A100-SXM4-40GB MIG 4g.20gb (0),1,,13,cupy_copy__complex64_complex64
3578978204,2464,203466,103,1,1,128,1,1,16,0.000,0.000,,,,,NVIDIA A100-SXM4-40GB MIG 4g.20gb (0),1,,13,cupy_copy__complex64_complex64
3578986428,85663,203473,1,1,1,32,32,1,30,0.000,0.000,,,,,NVIDIA A100-SXM4-40GB MIG 4g.20gb (0),1,,13,"void convert_kernel<__half2, float2>(tensor_layout_any, T1 *, tensor_layout_any, const T2 *)"
3579102458,10048,203476,,,,,,,,,,0.094,9324.813,Pinned,Device,NVIDIA A100-SXM4-40GB MIG 4g.20gb (0),1,,13,[CUDA memcpy Host-to-Device]
3579120250,47903,203477,,,,,,,,,,35.810,747532.080,Device,,NVIDIA A100-SXM4-40GB MIG 4g.20gb (0),1,,13,[CUDA memset]
3579169657,3648,203479,,,,,,,,,,0.000,21.930,Pinned,Device,NVIDIA A100-SXM4-40GB MIG 4g.20gb (0),1,,13,[CUDA memcpy Host-to-Device]
3579178297,13952,203480,,,,,,,,,,0.197,14091.682,Pinned,Device,NVIDIA A100-SXM4-40GB MIG 4g.20gb (0),1,,13,[CUDA memcpy Host-to-Device]
3579198681,10688,203481,273,1,1,48,1,1,40,0.000,0.001,,,,,NVIDIA A100-SXM4-40GB MIG 4g.20gb (0),1,,13,"void pusch_noise_intf_est::noiseIntfEstNoDftSOfdmKernel<float, __half, float, float, (unsigned int)2, (unsigned int)1, (unsigned char)4, (unsigned char)4>(pusch_noise_intf_est::puschRxNoiseIntfEstDynDescr)"
3579211801,3232,203492,35,1,1,128,1,1,16,0.000,0.000,,,,,NVIDIA A100-SXM4-40GB MIG 4g.20gb (0),1,,13,cupy_copy__complex64_complex64
3579225561,2080,203501,1,1,1,1,1,1,18,0.000,0.000,,,,,NVIDIA A100-SXM4-40GB MIG 4g.20gb (0),1,,13,cupy_copy__float32_float32
3579257432,1728,203507,,,,,,,,,,0.000,2.315,Device,Pageable,NVIDIA A100-SXM4-40GB MIG 4g.20gb (0),1,,7,[CUDA memcpy Device-to-Host]
3579318488,12799,203518,1434,1,1,128,1,1,16,0.000,0.000,,,,,NVIDIA A100-SXM4-40GB MIG 4g.20gb (0),1,,13,cupy_copy__complex64_complex64
3579344855,2880,203525,103,1,1,128,1,1,16,0.000,0.000,,,,,NVIDIA A100-SXM4-40GB MIG 4g.20gb (0),1,,13,cupy_copy__complex64_complex64
3579366807,2400,203532,35,1,1,128,1,1,16,0.000,0.000,,,,,NVIDIA A100-SXM4-40GB MIG 4g.20gb (0),1,,13,cupy_copy__complex64_complex64
3579383863,1792,203539,1,1,1,1,1,1,18,0.000,0.000,,,,,NVIDIA A100-SXM4-40GB MIG 4g.20gb (0),1,,13,cupy_copy__float32_float32
3579515189,82623,203550,1,1,1,32,32,1,30,0.000,0.000,,,,,NVIDIA A100-SXM4-40GB MIG 4g.20gb (0),1,,13,"void convert_kernel<__half2, float2>(tensor_layout_any, T1 *, tensor_layout_any, const T2 *)"
3579624916,5472,203553,,,,,,,,,,0.094,17122.757,Pinned,Device,NVIDIA A100-SXM4-40GB MIG 4g.20gb (0),1,,13,[CUDA memcpy Host-to-Device]
3579639796,3296,203554,,,,,,,,,,1.547,469242.628,Device,,NVIDIA A100-SXM4-40GB MIG 4g.20gb (0),1,,13,[CUDA memset]
3579645972,3072,203559,,,,,,,,,,0.031,10187.474,Pinned,Device,NVIDIA A100-SXM4-40GB MIG 4g.20gb (0),1,,13,[CUDA memcpy Host-to-Device]
3579651635,9440,203560,,,,,,,,,,0.197,20827.079,Pinned,Device,NVIDIA A100-SXM4-40GB MIG 4g.20gb (0),1,,13,[CUDA memcpy Host-to-Device]
3579665459,7584,203561,273,1,1,8,4,1,39,0.002,0.000,,,,,NVIDIA A100-SXM4-40GB MIG 4g.20gb (0),1,,13,"void channel_eq::eqMmseCoefCompLowMimoKernel<float, float, float, (unsigned int)4, (unsigned int)1, (unsigned int)4>(const channel_eq::_puschRxChEqStatDescr *, channel_eq::_puschRxChEqCoefCompDynDescr)"
3579674675,5888,203562,273,1,1,12,11,1,51,0.002,0.000,,,,,NVIDIA A100-SXM4-40GB MIG 4g.20gb (0),1,,13,"void channel_eq::eqMmseSoftDemapKernel<float, __half, __half, float, (unsigned int)4, (unsigned short)16383>(channel_eq::_puschRxChEqStatDescr *, channel_eq::_puschRxChEqSoftDemapDynDescr)"
3579681715,290749,203563,1,1,1,32,32,1,30,0.000,0.000,,,,,NVIDIA A100-SXM4-40GB MIG 4g.20gb (0),1,,13,"void convert_kernel<float2, __half2>(tensor_layout_any, T1 *, tensor_layout_any, const T2 *)"
3579973392,11039,203575,2253,1,1,128,1,1,16,0.000,0.000,,,,,NVIDIA A100-SXM4-40GB MIG 4g.20gb (0),1,,13,cupy_copy__float16_float16
3579985359,3040,203584,282,1,1,128,1,1,16,0.000,0.000,,,,,NVIDIA A100-SXM4-40GB MIG 4g.20gb (0),1,,13,cupy_copy__complex64_complex64
3579989327,2048,203593,26,1,1,128,1,1,16,0.000,0.000,,,,,NVIDIA A100-SXM4-40GB MIG 4g.20gb (0),1,,13,cupy_copy__float32_float32
3579992431,3168,203602,103,1,1,128,1,1,16,0.000,0.000,,,,,NVIDIA A100-SXM4-40GB MIG 4g.20gb (0),1,,13,cupy_copy__complex64_complex64
3579997295,12128,203612,1434,1,1,128,1,1,16,0.000,0.000,,,,,NVIDIA A100-SXM4-40GB MIG 4g.20gb (0),1,,13,cupy_copy__complex64_complex64
3580014575,87007,203617,1,1,1,32,32,1,30,0.000,0.000,,,,,NVIDIA A100-SXM4-40GB MIG 4g.20gb (0),1,,13,"void convert_kernel<__half2, float2>(tensor_layout_any, T1 *, tensor_layout_any, const T2 *)"
3580128782,5440,203620,,,,,,,,,,0.094,17223.480,Pinned,Device,NVIDIA A100-SXM4-40GB MIG 4g.20gb (0),1,,13,[CUDA memcpy Host-to-Device]
3580138381,600857,203621,,,,,,,,,,456.561,759718.236,Device,,NVIDIA A100-SXM4-40GB MIG 4g.20gb (0),1,,13,[CUDA memset]
3580743078,70719,203626,,,,,,,,,,1.235,17462.108,Pinned,Device,NVIDIA A100-SXM4-40GB MIG 4g.20gb (0),1,,13,[CUDA memcpy Host-to-Device]
3580817733,14592,203627,,,,,,,,,,0.197,13473.546,Pinned,Device,NVIDIA A100-SXM4-40GB MIG 4g.20gb (0),1,,13,[CUDA memcpy Host-to-Device]
3580839493,8512,203628,69,4,1,48,1,1,76,0.002,0.000,,,,,NVIDIA A100-SXM4-40GB MIG 4g.20gb (0),1,,13,"void ch_est::windowedChEstPreNoDftSOfdmKernel<float, __half, float, (unsigned int)2, (unsigned int)1, (unsigned short)4>(ch_est::puschRxChEstStatDescr_t *, ch_est::puschRxChEstDynDescr_t *)"
3580854405,7008,203629,137,2,1,24,2,1,44,0.001,0.001,,,,,NVIDIA A100-SXM4-40GB MIG 4g.20gb (0),1,,13,"void ch_est::chEstFilterNoDftSOfdmDispatchKernel<float, __half, float, (unsigned int)2>(ch_est::puschRxChEstStatDescr_t *, ch_est::puschRxChEstDynDescr_t *)"
3580865892,5152,203630,137,2,1,24,2,1,44,0.001,0.001,,,,,NVIDIA A100-SXM4-40GB MIG 4g.20gb (0),1,,13,"void ch_est::chEstFilterNoDftSOfdmDispatchKernel<float, __half, float, (unsigned int)2>(ch_est::puschRxChEstStatDescr_t *, ch_est::puschRxChEstDynDescr_t *)"
3580877156,2656,203641,103,1,1,128,1,1,16,0.000,0.000,,,,,NVIDIA A100-SXM4-40GB MIG 4g.20gb (0),1,,13,cupy_copy__complex64_complex64
3580883044,12832,203651,1434,1,1,128,1,1,16,0.000,0.000,,,,,NVIDIA A100-SXM4-40GB MIG 4g.20gb (0),1,,13,cupy_copy__complex64_complex64
3580902820,2592,203658,103,1,1,128,1,1,16,0.000,0.000,,,,,NVIDIA A100-SXM4-40GB MIG 4g.20gb (0),1,,13,cupy_copy__complex64_complex64
3580910916,89503,203665,1,1,1,32,32,1,30,0.000,0.000,,,,,NVIDIA A100-SXM4-40GB MIG 4g.20gb (0),1,,13,"void convert_kernel<__half2, float2>(tensor_layout_any, T1 *, tensor_layout_any, const T2 *)"
3581029346,8288,203668,,,,,,,,,,0.094,11304.985,Pinned,Device,NVIDIA A100-SXM4-40GB MIG 4g.20gb (0),1,,13,[CUDA memcpy Host-to-Device]
3581045506,47776,203669,,,,,,,,,,35.810,749537.436,Device,,NVIDIA A100-SXM4-40GB MIG 4g.20gb (0),1,,13,[CUDA memset]
3581096738,3104,203671,,,,,,,,,,0.000,25.773,Pinned,Device,NVIDIA A100-SXM4-40GB MIG 4g.20gb (0),1,,13,[CUDA memcpy Host-to-Device]
3581103234,12543,203672,,,,,,,,,,0.197,15674.573,Pinned,Device,NVIDIA A100-SXM4-40GB MIG 4g.20gb (0),1,,13,[CUDA memcpy Host-to-Device]
3581122145,10144,203673,273,1,1,48,1,1,40,0.000,0.001,,,,,NVIDIA A100-SXM4-40GB MIG 4g.20gb (0),1,,13,"void pusch_noise_intf_est::noiseIntfEstNoDftSOfdmKernel<float, __half, float, float, (unsigned int)2, (unsigned int)1, (unsigned char)4, (unsigned char)4>(pusch_noise_intf_est::puschRxNoiseIntfEstDynDescr)"
3581134657,3232,203684,35,1,1,128,1,1,16,0.000,0.000,,,,,NVIDIA A100-SXM4-40GB MIG 4g.20gb (0),1,,13,cupy_copy__complex64_complex64
3581151649,1952,203693,1,1,1,1,1,1,18,0.000,0.000,,,,,NVIDIA A100-SXM4-40GB MIG 4g.20gb (0),1,,13,cupy_copy__float32_float32
3581181537,1760,203699,,,,,,,,,,0.000,2.273,Device,Pageable,NVIDIA A100-SXM4-40GB MIG 4g.20gb (0),1,,7,[CUDA memcpy Device-to-Host]
3581242528,12960,203710,1434,1,1,128,1,1,16,0.000,0.000,,,,,NVIDIA A100-SXM4-40GB MIG 4g.20gb (0),1,,13,cupy_copy__complex64_complex64
3581269407,3072,203717,103,1,1,128,1,1,16,0.000,0.000,,,,,NVIDIA A100-SXM4-40GB MIG 4g.20gb (0),1,,13,cupy_copy__complex64_complex64
3581289663,2208,203724,35,1,1,128,1,1,16,0.000,0.000,,,,,NVIDIA A100-SXM4-40GB MIG 4g.20gb (0),1,,13,cupy_copy__complex64_complex64
3581308671,1952,203731,1,1,1,1,1,1,18,0.000,0.000,,,,,NVIDIA A100-SXM4-40GB MIG 4g.20gb (0),1,,13,cupy_copy__float32_float32
3581438013,82783,203742,1,1,1,32,32,1,30,0.000,0.000,,,,,NVIDIA A100-SXM4-40GB MIG 4g.20gb (0),1,,13,"void convert_kernel<__half2, float2>(tensor_layout_any, T1 *, tensor_layout_any, const T2 *)"
3581548220,5376,203745,,,,,,,,,,0.094,17428.487,Pinned,Device,NVIDIA A100-SXM4-40GB MIG 4g.20gb (0),1,,13,[CUDA memcpy Host-to-Device]
3581562588,3200,203746,,,,,,,,,,1.547,483320.000,Device,,NVIDIA A100-SXM4-40GB MIG 4g.20gb (0),1,,13,[CUDA memset]
3581569308,3232,203751,,,,,,,,,,0.031,9683.139,Pinned,Device,NVIDIA A100-SXM4-40GB MIG 4g.20gb (0),1,,13,[CUDA memcpy Host-to-Device]
3581575004,9728,203752,,,,,,,,,,0.197,20210.516,Pinned,Device,NVIDIA A100-SXM4-40GB MIG 4g.20gb (0),1,,13,[CUDA memcpy Host-to-Device]
3581589884,6079,203753,273,1,1,8,4,1,39,0.002,0.000,,,,,NVIDIA A100-SXM4-40GB MIG 4g.20gb (0),1,,13,"void channel_eq::eqMmseCoefCompLowMimoKernel<float, float, float, (unsigned int)4, (unsigned int)1, (unsigned int)4>(const channel_eq::_puschRxChEqStatDescr *, channel_eq::_puschRxChEqCoefCompDynDescr)"
3581597051,6080,203754,273,1,1,12,11,1,51,0.002,0.000,,,,,NVIDIA A100-SXM4-40GB MIG 4g.20gb (0),1,,13,"void channel_eq::eqMmseSoftDemapKernel<float, __half, __half, float, (unsigned int)4, (unsigned short)16383>(channel_eq::_puschRxChEqStatDescr *, channel_eq::_puschRxChEqSoftDemapDynDescr)"
3581604123,282333,203755,1,1,1,32,32,1,30,0.000,0.000,,,,,NVIDIA A100-SXM4-40GB MIG 4g.20gb (0),1,,13,"void convert_kernel<float2, __half2>(tensor_layout_any, T1 *, tensor_layout_any, const T2 *)"
3581887768,11392,203767,2253,1,1,128,1,1,16,0.000,0.000,,,,,NVIDIA A100-SXM4-40GB MIG 4g.20gb (0),1,,13,cupy_copy__float16_float16
3581903544,3072,203776,282,1,1,128,1,1,16,0.000,0.000,,,,,NVIDIA A100-SXM4-40GB MIG 4g.20gb (0),1,,13,cupy_copy__complex64_complex64
3581909304,2240,203785,26,1,1,128,1,1,16,0.000,0.000,,,,,NVIDIA A100-SXM4-40GB MIG 4g.20gb (0),1,,13,cupy_copy__float32_float32
3581912504,2880,203794,103,1,1,128,1,1,16,0.000,0.000,,,,,NVIDIA A100-SXM4-40GB MIG 4g.20gb (0),1,,13,cupy_copy__complex64_complex64
3581918327,12704,203804,1434,1,1,128,1,1,16,0.000,0.000,,,,,NVIDIA A100-SXM4-40GB MIG 4g.20gb (0),1,,13,cupy_copy__complex64_complex64
3581935767,82559,203809,1,1,1,32,32,1,30,0.000,0.000,,,,,NVIDIA A100-SXM4-40GB MIG 4g.20gb (0),1,,13,"void convert_kernel<__half2, float2>(tensor_layout_any, T1 *, tensor_layout_any, const T2 *)"
3582044886,5440,203812,,,,,,,,,,0.094,17223.480,Pinned,Device,NVIDIA A100-SXM4-40GB MIG 4g.20gb (0),1,,13,[CUDA memcpy Host-to-Device]
3582057334,605528,203813,,,,,,,,,,456.561,753782.937,Device,,NVIDIA A100-SXM4-40GB MIG 4g.20gb (0),1,,13,[CUDA memset]
3582663918,69855,203818,,,,,,,,,,1.235,17678.223,Pinned,Device,NVIDIA A100-SXM4-40GB MIG 4g.20gb (0),1,,13,[CUDA memcpy Host-to-Device]
3582737933,15040,203819,,,,,,,,,,0.197,13072.269,Pinned,Device,NVIDIA A100-SXM4-40GB MIG 4g.20gb (0),1,,13,[CUDA memcpy Host-to-Device]
3582758285,8480,203820,69,4,1,48,1,1,76,0.002,0.000,,,,,NVIDIA A100-SXM4-40GB MIG 4g.20gb (0),1,,13,"void ch_est::windowedChEstPreNoDftSOfdmKernel<float, __half, float, (unsigned int)2, (unsigned int)1, (unsigned short)4>(ch_est::puschRxChEstStatDescr_t *, ch_est::puschRxChEstDynDescr_t *)"
3582770125,6624,203821,137,2,1,24,2,1,44,0.001,0.001,,,,,NVIDIA A100-SXM4-40GB MIG 4g.20gb (0),1,,13,"void ch_est::chEstFilterNoDftSOfdmDispatchKernel<float, __half, float, (unsigned int)2>(ch_est::puschRxChEstStatDescr_t *, ch_est::puschRxChEstDynDescr_t *)"
3582780717,5248,203822,137,2,1,24,2,1,44,0.001,0.001,,,,,NVIDIA A100-SXM4-40GB MIG 4g.20gb (0),1,,13,"void ch_est::chEstFilterNoDftSOfdmDispatchKernel<float, __half, float, (unsigned int)2>(ch_est::puschRxChEstStatDescr_t *, ch_est::puschRxChEstDynDescr_t *)"
3582791437,2528,203833,103,1,1,128,1,1,16,0.000,0.000,,,,,NVIDIA A100-SXM4-40GB MIG 4g.20gb (0),1,,13,cupy_copy__complex64_complex64
3582797773,12479,203843,1434,1,1,128,1,1,16,0.000,0.000,,,,,NVIDIA A100-SXM4-40GB MIG 4g.20gb (0),1,,13,cupy_copy__complex64_complex64
3582815340,2688,203850,103,1,1,128,1,1,16,0.000,0.000,,,,,NVIDIA A100-SXM4-40GB MIG 4g.20gb (0),1,,13,cupy_copy__complex64_complex64
3582821964,84511,203857,1,1,1,32,32,1,30,0.000,0.000,,,,,NVIDIA A100-SXM4-40GB MIG 4g.20gb (0),1,,13,"void convert_kernel<__half2, float2>(tensor_layout_any, T1 *, tensor_layout_any, const T2 *)"
3582937547,8736,203860,,,,,,,,,,0.094,10725.194,Pinned,Device,NVIDIA A100-SXM4-40GB MIG 4g.20gb (0),1,,13,[CUDA memcpy Host-to-Device]
3582950699,48319,203861,,,,,,,,,,35.810,741086.294,Device,,NVIDIA A100-SXM4-40GB MIG 4g.20gb (0),1,,13,[CUDA memset]
3583002922,4832,203863,,,,,,,,,,0.000,16.556,Pinned,Device,NVIDIA A100-SXM4-40GB MIG 4g.20gb (0),1,,13,[CUDA memcpy Host-to-Device]
3583011402,12000,203864,,,,,,,,,,0.197,16383.934,Pinned,Device,NVIDIA A100-SXM4-40GB MIG 4g.20gb (0),1,,13,[CUDA memcpy Host-to-Device]
3583030826,9920,203865,273,1,1,48,1,1,40,0.000,0.001,,,,,NVIDIA A100-SXM4-40GB MIG 4g.20gb (0),1,,13,"void pusch_noise_intf_est::noiseIntfEstNoDftSOfdmKernel<float, __half, float, float, (unsigned int)2, (unsigned int)1, (unsigned char)4, (unsigned char)4>(pusch_noise_intf_est::puschRxNoiseIntfEstDynDescr)"
3583045802,3007,203876,35,1,1,128,1,1,16,0.000,0.000,,,,,NVIDIA A100-SXM4-40GB MIG 4g.20gb (0),1,,13,cupy_copy__complex64_complex64
3583059945,2048,203885,1,1,1,1,1,1,18,0.000,0.000,,,,,NVIDIA A100-SXM4-40GB MIG 4g.20gb (0),1,,13,cupy_copy__float32_float32
3583089705,1696,203891,,,,,,,,,,0.000,2.358,Device,Pageable,NVIDIA A100-SXM4-40GB MIG 4g.20gb (0),1,,7,[CUDA memcpy Device-to-Host]
3583150408,12768,203902,1434,1,1,128,1,1,16,0.000,0.000,,,,,NVIDIA A100-SXM4-40GB MIG 4g.20gb (0),1,,13,cupy_copy__complex64_complex64
3583177256,2848,203909,103,1,1,128,1,1,16,0.000,0.000,,,,,NVIDIA A100-SXM4-40GB MIG 4g.20gb (0),1,,13,cupy_copy__complex64_complex64
3583199272,2528,203916,35,1,1,128,1,1,16,0.000,0.000,,,,,NVIDIA A100-SXM4-40GB MIG 4g.20gb (0),1,,13,cupy_copy__complex64_complex64
3583216135,1792,203923,1,1,1,1,1,1,18,0.000,0.000,,,,,NVIDIA A100-SXM4-40GB MIG 4g.20gb (0),1,,13,cupy_copy__float32_float32
3583345990,82399,203934,1,1,1,32,32,1,30,0.000,0.000,,,,,NVIDIA A100-SXM4-40GB MIG 4g.20gb (0),1,,13,"void convert_kernel<__half2, float2>(tensor_layout_any, T1 *, tensor_layout_any, const T2 *)"
3583455588,5440,203937,,,,,,,,,,0.094,17223.480,Pinned,Device,NVIDIA A100-SXM4-40GB MIG 4g.20gb (0),1,,13,[CUDA memcpy Host-to-Device]
3583470308,3488,203938,,,,,,,,,,1.547,443412.461,Device,,NVIDIA A100-SXM4-40GB MIG 4g.20gb (0),1,,13,[CUDA memset]
3583477092,3040,203943,,,,,,,,,,0.031,10294.725,Pinned,Device,NVIDIA A100-SXM4-40GB MIG 4g.20gb (0),1,,13,[CUDA memcpy Host-to-Device]
3583482756,9472,203944,,,,,,,,,,0.197,20756.693,Pinned,Device,NVIDIA A100-SXM4-40GB MIG 4g.20gb (0),1,,13,[CUDA memcpy Host-to-Device]
3583496228,6080,203945,273,1,1,8,4,1,39,0.002,0.000,,,,,NVIDIA A100-SXM4-40GB MIG 4g.20gb (0),1,,13,"void channel_eq::eqMmseCoefCompLowMimoKernel<float, float, float, (unsigned int)4, (unsigned int)1, (unsigned int)4>(const channel_eq::_puschRxChEqStatDescr *, channel_eq::_puschRxChEqCoefCompDynDescr)"
3583503428,5728,203946,273,1,1,12,11,1,51,0.002,0.000,,,,,NVIDIA A100-SXM4-40GB MIG 4g.20gb (0),1,,13,"void channel_eq::eqMmseSoftDemapKernel<float, __half, __half, float, (unsigned int)4, (unsigned short)16383>(channel_eq::_puschRxChEqStatDescr *, channel_eq::_puschRxChEqSoftDemapDynDescr)"
3583510756,282460,203947,1,1,1,32,32,1,30,0.000,0.000,,,,,NVIDIA A100-SXM4-40GB MIG 4g.20gb (0),1,,13,"void convert_kernel<float2, __half2>(tensor_layout_any, T1 *, tensor_layout_any, const T2 *)"
3583794624,11136,203959,2253,1,1,128,1,1,16,0.000,0.000,,,,,NVIDIA A100-SXM4-40GB MIG 4g.20gb (0),1,,13,cupy_copy__float16_float16
3583807168,3552,203968,282,1,1,128,1,1,16,0.000,0.000,,,,,NVIDIA A100-SXM4-40GB MIG 4g.20gb (0),1,,13,cupy_copy__complex64_complex64
3583812704,2016,203977,26,1,1,128,1,1,16,0.000,0.000,,,,,NVIDIA A100-SXM4-40GB MIG 4g.20gb (0),1,,13,cupy_copy__float32_float32
3583817024,3040,203986,103,1,1,128,1,1,16,0.000,0.000,,,,,NVIDIA A100-SXM4-40GB MIG 4g.20gb (0),1,,13,cupy_copy__complex64_complex64
3583821280,12064,203996,1434,1,1,128,1,1,16,0.000,0.000,,,,,NVIDIA A100-SXM4-40GB MIG 4g.20gb (0),1,,13,cupy_copy__complex64_complex64
3583842560,82111,204001,1,1,1,32,32,1,30,0.000,0.000,,,,,NVIDIA A100-SXM4-40GB MIG 4g.20gb (0),1,,13,"void convert_kernel<__half2, float2>(tensor_layout_any, T1 *, tensor_layout_any, const T2 *)"
3583951870,5344,204004,,,,,,,,,,0.094,17532.864,Pinned,Device,NVIDIA A100-SXM4-40GB MIG 4g.20gb (0),1,,13,[CUDA memcpy Host-to-Device]
3583961374,601113,204005,,,,,,,,,,456.561,759261.675,Device,,NVIDIA A100-SXM4-40GB MIG 4g.20gb (0),1,,13,[CUDA memset]
3584564887,69279,204010,,,,,,,,,,1.235,17825.182,Pinned,Device,NVIDIA A100-SXM4-40GB MIG 4g.20gb (0),1,,13,[CUDA memcpy Host-to-Device]
3584637686,15200,204011,,,,,,,,,,0.197,12934.644,Pinned,Device,NVIDIA A100-SXM4-40GB MIG 4g.20gb (0),1,,13,[CUDA memcpy Host-to-Device]
3584660150,8095,204012,69,4,1,48,1,1,76,0.002,0.000,,,,,NVIDIA A100-SXM4-40GB MIG 4g.20gb (0),1,,13,"void ch_est::windowedChEstPreNoDftSOfdmKernel<float, __half, float, (unsigned int)2, (unsigned int)1, (unsigned short)4>(ch_est::puschRxChEstStatDescr_t *, ch_est::puschRxChEstDynDescr_t *)"
3584671221,6752,204013,137,2,1,24,2,1,44,0.001,0.001,,,,,NVIDIA A100-SXM4-40GB MIG 4g.20gb (0),1,,13,"void ch_est::chEstFilterNoDftSOfdmDispatchKernel<float, __half, float, (unsigned int)2>(ch_est::puschRxChEstStatDescr_t *, ch_est::puschRxChEstDynDescr_t *)"
3584680245,5216,204014,137,2,1,24,2,1,44,0.001,0.001,,,,,NVIDIA A100-SXM4-40GB MIG 4g.20gb (0),1,,13,"void ch_est::chEstFilterNoDftSOfdmDispatchKernel<float, __half, float, (unsigned int)2>(ch_est::puschRxChEstStatDescr_t *, ch_est::puschRxChEstDynDescr_t *)"
3584690293,2752,204025,103,1,1,128,1,1,16,0.000,0.000,,,,,NVIDIA A100-SXM4-40GB MIG 4g.20gb (0),1,,13,cupy_copy__complex64_complex64
3584696373,12640,204035,1434,1,1,128,1,1,16,0.000,0.000,,,,,NVIDIA A100-SXM4-40GB MIG 4g.20gb (0),1,,13,cupy_copy__complex64_complex64
3584711733,2592,204042,103,1,1,128,1,1,16,0.000,0.000,,,,,NVIDIA A100-SXM4-40GB MIG 4g.20gb (0),1,,13,cupy_copy__complex64_complex64
3584717781,84095,204049,1,1,1,32,32,1,30,0.000,0.000,,,,,NVIDIA A100-SXM4-40GB MIG 4g.20gb (0),1,,13,"void convert_kernel<__half2, float2>(tensor_layout_any, T1 *, tensor_layout_any, const T2 *)"
3584830259,8480,204052,,,,,,,,,,0.094,11049.007,Pinned,Device,NVIDIA A100-SXM4-40GB MIG 4g.20gb (0),1,,13,[CUDA memcpy Host-to-Device]
3584844115,46560,204053,,,,,,,,,,35.810,769089.652,Device,,NVIDIA A100-SXM4-40GB MIG 4g.20gb (0),1,,13,[CUDA memset]
3584894515,2720,204055,,,,,,,,,,0.000,29.412,Pinned,Device,NVIDIA A100-SXM4-40GB MIG 4g.20gb (0),1,,13,[CUDA memcpy Host-to-Device]
3584900979,12671,204056,,,,,,,,,,0.197,15516.303,Pinned,Device,NVIDIA A100-SXM4-40GB MIG 4g.20gb (0),1,,13,[CUDA memcpy Host-to-Device]
3584920402,10592,204057,273,1,1,48,1,1,40,0.000,0.001,,,,,NVIDIA A100-SXM4-40GB MIG 4g.20gb (0),1,,13,"void pusch_noise_intf_est::noiseIntfEstNoDftSOfdmKernel<float, __half, float, float, (unsigned int)2, (unsigned int)1, (unsigned char)4, (unsigned char)4>(pusch_noise_intf_est::puschRxNoiseIntfEstDynDescr)"
3584936338,2880,204068,35,1,1,128,1,1,16,0.000,0.000,,,,,NVIDIA A100-SXM4-40GB MIG 4g.20gb (0),1,,13,cupy_copy__complex64_complex64
3584949586,2080,204077,1,1,1,1,1,1,18,0.000,0.000,,,,,NVIDIA A100-SXM4-40GB MIG 4g.20gb (0),1,,13,cupy_copy__float32_float32
3584979762,1728,204083,,,,,,,,,,0.000,2.315,Device,Pageable,NVIDIA A100-SXM4-40GB MIG 4g.20gb (0),1,,7,[CUDA memcpy Device-to-Host]
3585041681,12896,204094,1434,1,1,128,1,1,16,0.000,0.000,,,,,NVIDIA A100-SXM4-40GB MIG 4g.20gb (0),1,,13,cupy_copy__complex64_complex64
3585068657,2975,204101,103,1,1,128,1,1,16,0.000,0.000,,,,,NVIDIA A100-SXM4-40GB MIG 4g.20gb (0),1,,13,cupy_copy__complex64_complex64
3585089104,2304,204108,35,1,1,128,1,1,16,0.000,0.000,,,,,NVIDIA A100-SXM4-40GB MIG 4g.20gb (0),1,,13,cupy_copy__complex64_complex64
3585105936,1728,204115,1,1,1,1,1,1,18,0.000,0.000,,,,,NVIDIA A100-SXM4-40GB MIG 4g.20gb (0),1,,13,cupy_copy__float32_float32
3585240878,82943,204126,1,1,1,32,32,1,30,0.000,0.000,,,,,NVIDIA A100-SXM4-40GB MIG 4g.20gb (0),1,,13,"void convert_kernel<__half2, float2>(tensor_layout_any, T1 *, tensor_layout_any, const T2 *)"
3585351245,5536,204129,,,,,,,,,,0.094,16924.777,Pinned,Device,NVIDIA A100-SXM4-40GB MIG 4g.20gb (0),1,,13,[CUDA memcpy Host-to-Device]
3585365517,3168,204130,,,,,,,,,,1.547,488201.145,Device,,NVIDIA A100-SXM4-40GB MIG 4g.20gb (0),1,,13,[CUDA memset]
3585372365,3072,204135,,,,,,,,,,0.031,10187.474,Pinned,Device,NVIDIA A100-SXM4-40GB MIG 4g.20gb (0),1,,13,[CUDA memcpy Host-to-Device]
3585377485,9344,204136,,,,,,,,,,0.197,21040.988,Pinned,Device,NVIDIA A100-SXM4-40GB MIG 4g.20gb (0),1,,13,[CUDA memcpy Host-to-Device]
3585391853,6655,204137,273,1,1,8,4,1,39,0.002,0.000,,,,,NVIDIA A100-SXM4-40GB MIG 4g.20gb (0),1,,13,"void channel_eq::eqMmseCoefCompLowMimoKernel<float, float, float, (unsigned int)4, (unsigned int)1, (unsigned int)4>(const channel_eq::_puschRxChEqStatDescr *, channel_eq::_puschRxChEqCoefCompDynDescr)"
3585399500,6176,204138,273,1,1,12,11,1,51,0.002,0.000,,,,,NVIDIA A100-SXM4-40GB MIG 4g.20gb (0),1,,13,"void channel_eq::eqMmseSoftDemapKernel<float, __half, __half, float, (unsigned int)4, (unsigned short)16383>(channel_eq::_puschRxChEqStatDescr *, channel_eq::_puschRxChEqSoftDemapDynDescr)"
3585406636,282205,204139,1,1,1,32,32,1,30,0.000,0.000,,,,,NVIDIA A100-SXM4-40GB MIG 4g.20gb (0),1,,13,"void convert_kernel<float2, __half2>(tensor_layout_any, T1 *, tensor_layout_any, const T2 *)"
3585690729,11104,204151,2253,1,1,128,1,1,16,0.000,0.000,,,,,NVIDIA A100-SXM4-40GB MIG 4g.20gb (0),1,,13,cupy_copy__float16_float16
3585703209,3232,204160,282,1,1,128,1,1,16,0.000,0.000,,,,,NVIDIA A100-SXM4-40GB MIG 4g.20gb (0),1,,13,cupy_copy__complex64_complex64
3585710185,2080,204169,26,1,1,128,1,1,16,0.000,0.000,,,,,NVIDIA A100-SXM4-40GB MIG 4g.20gb (0),1,,13,cupy_copy__float32_float32
3585715497,4639,204178,103,1,1,128,1,1,16,0.000,0.000,,,,,NVIDIA A100-SXM4-40GB MIG 4g.20gb (0),1,,13,cupy_copy__complex64_complex64
3585721320,12672,204188,1434,1,1,128,1,1,16,0.000,0.000,,,,,NVIDIA A100-SXM4-40GB MIG 4g.20gb (0),1,,13,cupy_copy__complex64_complex64
3585740488,86783,204193,1,1,1,32,32,1,30,0.000,0.000,,,,,NVIDIA A100-SXM4-40GB MIG 4g.20gb (0),1,,13,"void convert_kernel<__half2, float2>(tensor_layout_any, T1 *, tensor_layout_any, const T2 *)"
3585854215,5472,204196,,,,,,,,,,0.094,17122.757,Pinned,Device,NVIDIA A100-SXM4-40GB MIG 4g.20gb (0),1,,13,[CUDA memcpy Host-to-Device]
3585864167,604248,204197,,,,,,,,,,456.561,755152.622,Device,,NVIDIA A100-SXM4-40GB MIG 4g.20gb (0),1,,13,[CUDA memset]
3586470303,69535,204202,,,,,,,,,,1.235,17759.730,Pinned,Device,NVIDIA A100-SXM4-40GB MIG 4g.20gb (0),1,,13,[CUDA memcpy Host-to-Device]
3586542718,14624,204203,,,,,,,,,,0.197,13444.055,Pinned,Device,NVIDIA A100-SXM4-40GB MIG 4g.20gb (0),1,,13,[CUDA memcpy Host-to-Device]
3586564286,8320,204204,69,4,1,48,1,1,76,0.002,0.000,,,,,NVIDIA A100-SXM4-40GB MIG 4g.20gb (0),1,,13,"void ch_est::windowedChEstPreNoDftSOfdmKernel<float, __half, float, (unsigned int)2, (unsigned int)1, (unsigned short)4>(ch_est::puschRxChEstStatDescr_t *, ch_est::puschRxChEstDynDescr_t *)"
3586578302,6688,204205,137,2,1,24,2,1,44,0.001,0.001,,,,,NVIDIA A100-SXM4-40GB MIG 4g.20gb (0),1,,13,"void ch_est::chEstFilterNoDftSOfdmDispatchKernel<float, __half, float, (unsigned int)2>(ch_est::puschRxChEstStatDescr_t *, ch_est::puschRxChEstDynDescr_t *)"
3586589918,5280,204206,137,2,1,24,2,1,44,0.001,0.001,,,,,NVIDIA A100-SXM4-40GB MIG 4g.20gb (0),1,,13,"void ch_est::chEstFilterNoDftSOfdmDispatchKernel<float, __half, float, (unsigned int)2>(ch_est::puschRxChEstStatDescr_t *, ch_est::puschRxChEstDynDescr_t *)"
3586600030,2656,204217,103,1,1,128,1,1,16,0.000,0.000,,,,,NVIDIA A100-SXM4-40GB MIG 4g.20gb (0),1,,13,cupy_copy__complex64_complex64
3586605694,12671,204227,1434,1,1,128,1,1,16,0.000,0.000,,,,,NVIDIA A100-SXM4-40GB MIG 4g.20gb (0),1,,13,cupy_copy__complex64_complex64
3586623517,2816,204234,103,1,1,128,1,1,16,0.000,0.000,,,,,NVIDIA A100-SXM4-40GB MIG 4g.20gb (0),1,,13,cupy_copy__complex64_complex64
3586630077,84383,204241,1,1,1,32,32,1,30,0.000,0.000,,,,,NVIDIA A100-SXM4-40GB MIG 4g.20gb (0),1,,13,"void convert_kernel<__half2, float2>(tensor_layout_any, T1 *, tensor_layout_any, const T2 *)"
3586743036,9632,204244,,,,,,,,,,0.094,9727.519,Pinned,Device,NVIDIA A100-SXM4-40GB MIG 4g.20gb (0),1,,13,[CUDA memcpy Host-to-Device]
3586762076,48095,204245,,,,,,,,,,35.810,744559.857,Device,,NVIDIA A100-SXM4-40GB MIG 4g.20gb (0),1,,13,[CUDA memset]
3586816187,2816,204247,,,,,,,,,,0.000,28.409,Pinned,Device,NVIDIA A100-SXM4-40GB MIG 4g.20gb (0),1,,13,[CUDA memcpy Host-to-Device]
3586823643,13728,204248,,,,,,,,,,0.197,14321.517,Pinned,Device,NVIDIA A100-SXM4-40GB MIG 4g.20gb (0),1,,13,[CUDA memcpy Host-to-Device]
3586843643,10015,204249,273,1,1,48,1,1,40,0.000,0.001,,,,,NVIDIA A100-SXM4-40GB MIG 4g.20gb (0),1,,13,"void pusch_noise_intf_est::noiseIntfEstNoDftSOfdmKernel<float, __half, float, float, (unsigned int)2, (unsigned int)1, (unsigned char)4, (unsigned char)4>(pusch_noise_intf_est::puschRxNoiseIntfEstDynDescr)"
3586857402,2624,204260,35,1,1,128,1,1,16,0.000,0.000,,,,,NVIDIA A100-SXM4-40GB MIG 4g.20gb (0),1,,13,cupy_copy__complex64_complex64
3586869946,2144,204269,1,1,1,1,1,1,18,0.000,0.000,,,,,NVIDIA A100-SXM4-40GB MIG 4g.20gb (0),1,,13,cupy_copy__float32_float32
3586902074,2176,204275,,,,,,,,,,0.000,1.838,Device,Pageable,NVIDIA A100-SXM4-40GB MIG 4g.20gb (0),1,,7,[CUDA memcpy Device-to-Host]
3586962681,12640,204286,1434,1,1,128,1,1,16,0.000,0.000,,,,,NVIDIA A100-SXM4-40GB MIG 4g.20gb (0),1,,13,cupy_copy__complex64_complex64
3586988729,3328,204293,103,1,1,128,1,1,16,0.000,0.000,,,,,NVIDIA A100-SXM4-40GB MIG 4g.20gb (0),1,,13,cupy_copy__complex64_complex64
3587010521,2495,204300,35,1,1,128,1,1,16,0.000,0.000,,,,,NVIDIA A100-SXM4-40GB MIG 4g.20gb (0),1,,13,cupy_copy__complex64_complex64
3587029496,1760,204307,1,1,1,1,1,1,18,0.000,0.000,,,,,NVIDIA A100-SXM4-40GB MIG 4g.20gb (0),1,,13,cupy_copy__float32_float32
3587159031,82559,204318,1,1,1,32,32,1,30,0.000,0.000,,,,,NVIDIA A100-SXM4-40GB MIG 4g.20gb (0),1,,13,"void convert_kernel<__half2, float2>(tensor_layout_any, T1 *, tensor_layout_any, const T2 *)"
3587269269,5408,204321,,,,,,,,,,0.094,17325.421,Pinned,Device,NVIDIA A100-SXM4-40GB MIG 4g.20gb (0),1,,13,[CUDA memcpy Host-to-Device]
3587283509,3328,204322,,,,,,,,,,1.547,464729.580,Device,,NVIDIA A100-SXM4-40GB MIG 4g.20gb (0),1,,13,[CUDA memset]
3587290261,3104,204327,,,,,,,,,,0.031,10082.445,Pinned,Device,NVIDIA A100-SXM4-40GB MIG 4g.20gb (0),1,,13,[CUDA memcpy Host-to-Device]
3587295893,9504,204328,,,,,,,,,,0.197,20686.701,Pinned,Device,NVIDIA A100-SXM4-40GB MIG 4g.20gb (0),1,,13,[CUDA memcpy Host-to-Device]
3587310293,6112,204329,273,1,1,8,4,1,39,0.002,0.000,,,,,NVIDIA A100-SXM4-40GB MIG 4g.20gb (0),1,,13,"void channel_eq::eqMmseCoefCompLowMimoKernel<float, float, float, (unsigned int)4, (unsigned int)1, (unsigned int)4>(const channel_eq::_puschRxChEqStatDescr *, channel_eq::_puschRxChEqCoefCompDynDescr)"
3587317493,6240,204330,273,1,1,12,11,1,51,0.002,0.000,,,,,NVIDIA A100-SXM4-40GB MIG 4g.20gb (0),1,,13,"void channel_eq::eqMmseSoftDemapKernel<float, __half, __half, float, (unsigned int)4, (unsigned short)16383>(channel_eq::_puschRxChEqStatDescr *, channel_eq::_puschRxChEqSoftDemapDynDescr)"
3587324853,282268,204331,1,1,1,32,32,1,30,0.000,0.000,,,,,NVIDIA A100-SXM4-40GB MIG 4g.20gb (0),1,,13,"void convert_kernel<float2, __half2>(tensor_layout_any, T1 *, tensor_layout_any, const T2 *)"
3587608145,11040,204343,2253,1,1,128,1,1,16,0.000,0.000,,,,,NVIDIA A100-SXM4-40GB MIG 4g.20gb (0),1,,13,cupy_copy__float16_float16
3587623121,3232,204352,282,1,1,128,1,1,16,0.000,0.000,,,,,NVIDIA A100-SXM4-40GB MIG 4g.20gb (0),1,,13,cupy_copy__complex64_complex64
3587628977,2048,204361,26,1,1,128,1,1,16,0.000,0.000,,,,,NVIDIA A100-SXM4-40GB MIG 4g.20gb (0),1,,13,cupy_copy__float32_float32
3587632433,3840,204370,103,1,1,128,1,1,16,0.000,0.000,,,,,NVIDIA A100-SXM4-40GB MIG 4g.20gb (0),1,,13,cupy_copy__complex64_complex64
3587637265,11904,204380,1434,1,1,128,1,1,16,0.000,0.000,,,,,NVIDIA A100-SXM4-40GB MIG 4g.20gb (0),1,,13,cupy_copy__complex64_complex64
3587655601,81759,204385,1,1,1,32,32,1,30,0.000,0.000,,,,,NVIDIA A100-SXM4-40GB MIG 4g.20gb (0),1,,13,"void convert_kernel<__half2, float2>(tensor_layout_any, T1 *, tensor_layout_any, const T2 *)"
3587763759,5408,204388,,,,,,,,,,0.094,17325.421,Pinned,Device,NVIDIA A100-SXM4-40GB MIG 4g.20gb (0),1,,13,[CUDA memcpy Host-to-Device]
3587773455,602329,204389,,,,,,,,,,456.561,757891.990,Device,,NVIDIA A100-SXM4-40GB MIG 4g.20gb (0),1,,13,[CUDA memset]
3588377832,67071,204394,,,,,,,,,,1.235,18411.780,Pinned,Device,NVIDIA A100-SXM4-40GB MIG 4g.20gb (0),1,,13,[CUDA memcpy Host-to-Device]
3588448871,14656,204395,,,,,,,,,,0.197,13414.760,Pinned,Device,NVIDIA A100-SXM4-40GB MIG 4g.20gb (0),1,,13,[CUDA memcpy Host-to-Device]
3588470886,8448,204396,69,4,1,48,1,1,76,0.002,0.000,,,,,NVIDIA A100-SXM4-40GB MIG 4g.20gb (0),1,,13,"void ch_est::windowedChEstPreNoDftSOfdmKernel<float, __half, float, (unsigned int)2, (unsigned int)1, (unsigned short)4>(ch_est::puschRxChEstStatDescr_t *, ch_est::puschRxChEstDynDescr_t *)"
3588482502,6496,204397,137,2,1,24,2,1,44,0.001,0.001,,,,,NVIDIA A100-SXM4-40GB MIG 4g.20gb (0),1,,13,"void ch_est::chEstFilterNoDftSOfdmDispatchKernel<float, __half, float, (unsigned int)2>(ch_est::puschRxChEstStatDescr_t *, ch_est::puschRxChEstDynDescr_t *)"
3588492870,5184,204398,137,2,1,24,2,1,44,0.001,0.001,,,,,NVIDIA A100-SXM4-40GB MIG 4g.20gb (0),1,,13,"void ch_est::chEstFilterNoDftSOfdmDispatchKernel<float, __half, float, (unsigned int)2>(ch_est::puschRxChEstStatDescr_t *, ch_est::puschRxChEstDynDescr_t *)"
3588505382,2592,204409,103,1,1,128,1,1,16,0.000,0.000,,,,,NVIDIA A100-SXM4-40GB MIG 4g.20gb (0),1,,13,cupy_copy__complex64_complex64
3588511718,12384,204419,1434,1,1,128,1,1,16,0.000,0.000,,,,,NVIDIA A100-SXM4-40GB MIG 4g.20gb (0),1,,13,cupy_copy__complex64_complex64
3588530150,2720,204426,103,1,1,128,1,1,16,0.000,0.000,,,,,NVIDIA A100-SXM4-40GB MIG 4g.20gb (0),1,,13,cupy_copy__complex64_complex64
3588537958,84447,204433,1,1,1,32,32,1,30,0.000,0.000,,,,,NVIDIA A100-SXM4-40GB MIG 4g.20gb (0),1,,13,"void convert_kernel<__half2, float2>(tensor_layout_any, T1 *, tensor_layout_any, const T2 *)"
3588651396,9728,204436,,,,,,,,,,0.094,9631.574,Pinned,Device,NVIDIA A100-SXM4-40GB MIG 4g.20gb (0),1,,13,[CUDA memcpy Host-to-Device]
3588667780,47295,204437,,,,,,,,,,35.810,757129.139,Device,,NVIDIA A100-SXM4-40GB MIG 4g.20gb (0),1,,13,[CUDA memset]
3588716387,3712,204439,,,,,,,,,,0.000,21.552,Pinned,Device,NVIDIA A100-SXM4-40GB MIG 4g.20gb (0),1,,13,[CUDA memcpy Host-to-Device]
3588723683,13792,204440,,,,,,,,,,0.197,14255.063,Pinned,Device,NVIDIA A100-SXM4-40GB MIG 4g.20gb (0),1,,13,[CUDA memcpy Host-to-Device]
3588747107,9216,204441,273,1,1,48,1,1,40,0.000,0.001,,,,,NVIDIA A100-SXM4-40GB MIG 4g.20gb (0),1,,13,"void pusch_noise_intf_est::noiseIntfEstNoDftSOfdmKernel<float, __half, float, float, (unsigned int)2, (unsigned int)1, (unsigned char)4, (unsigned char)4>(pusch_noise_intf_est::puschRxNoiseIntfEstDynDescr)"
3588760419,2880,204452,35,1,1,128,1,1,16,0.000,0.000,,,,,NVIDIA A100-SXM4-40GB MIG 4g.20gb (0),1,,13,cupy_copy__complex64_complex64
3588770563,1920,204461,1,1,1,1,1,1,18,0.000,0.000,,,,,NVIDIA A100-SXM4-40GB MIG 4g.20gb (0),1,,13,cupy_copy__float32_float32
3588799970,1792,204467,,,,,,,,,,0.000,2.232,Device,Pageable,NVIDIA A100-SXM4-40GB MIG 4g.20gb (0),1,,7,[CUDA memcpy Device-to-Host]
3588863714,12895,204478,1434,1,1,128,1,1,16,0.000,0.000,,,,,NVIDIA A100-SXM4-40GB MIG 4g.20gb (0),1,,13,cupy_copy__complex64_complex64
3588888033,2912,204485,103,1,1,128,1,1,16,0.000,0.000,,,,,NVIDIA A100-SXM4-40GB MIG 4g.20gb (0),1,,13,cupy_copy__complex64_complex64
3588909473,2560,204492,35,1,1,128,1,1,16,0.000,0.000,,,,,NVIDIA A100-SXM4-40GB MIG 4g.20gb (0),1,,13,cupy_copy__complex64_complex64
3588927265,2048,204499,1,1,1,1,1,1,18,0.000,0.000,,,,,NVIDIA A100-SXM4-40GB MIG 4g.20gb (0),1,,13,cupy_copy__float32_float32
3589098911,86623,204510,1,1,1,32,32,1,30,0.000,0.000,,,,,NVIDIA A100-SXM4-40GB MIG 4g.20gb (0),1,,13,"void convert_kernel<__half2, float2>(tensor_layout_any, T1 *, tensor_layout_any, const T2 *)"
3589212989,5472,204513,,,,,,,,,,0.094,17122.757,Pinned,Device,NVIDIA A100-SXM4-40GB MIG 4g.20gb (0),1,,13,[CUDA memcpy Host-to-Device]
3589228445,3232,204514,,,,,,,,,,1.547,478533.199,Device,,NVIDIA A100-SXM4-40GB MIG 4g.20gb (0),1,,13,[CUDA memset]
3589235869,3232,204519,,,,,,,,,,0.031,9683.139,Pinned,Device,NVIDIA A100-SXM4-40GB MIG 4g.20gb (0),1,,13,[CUDA memcpy Host-to-Device]
3589241533,9536,204520,,,,,,,,,,0.197,20617.298,Pinned,Device,NVIDIA A100-SXM4-40GB MIG 4g.20gb (0),1,,13,[CUDA memcpy Host-to-Device]
3589255165,6432,204521,273,1,1,8,4,1,39,0.002,0.000,,,,,NVIDIA A100-SXM4-40GB MIG 4g.20gb (0),1,,13,"void channel_eq::eqMmseCoefCompLowMimoKernel<float, float, float, (unsigned int)4, (unsigned int)1, (unsigned int)4>(const channel_eq::_puschRxChEqStatDescr *, channel_eq::_puschRxChEqCoefCompDynDescr)"
3589263965,6080,204522,273,1,1,12,11,1,51,0.002,0.000,,,,,NVIDIA A100-SXM4-40GB MIG 4g.20gb (0),1,,13,"void channel_eq::eqMmseSoftDemapKernel<float, __half, __half, float, (unsigned int)4, (unsigned short)16383>(channel_eq::_puschRxChEqStatDescr *, channel_eq::_puschRxChEqSoftDemapDynDescr)"
3589271325,282684,204523,1,1,1,32,32,1,30,0.000,0.000,,,,,NVIDIA A100-SXM4-40GB MIG 4g.20gb (0),1,,13,"void convert_kernel<float2, __half2>(tensor_layout_any, T1 *, tensor_layout_any, const T2 *)"
3589557241,10912,204535,2253,1,1,128,1,1,16,0.000,0.000,,,,,NVIDIA A100-SXM4-40GB MIG 4g.20gb (0),1,,13,cupy_copy__float16_float16
3589570265,3776,204544,282,1,1,128,1,1,16,0.000,0.000,,,,,NVIDIA A100-SXM4-40GB MIG 4g.20gb (0),1,,13,cupy_copy__complex64_complex64
3589575065,2336,204553,26,1,1,128,1,1,16,0.000,0.000,,,,,NVIDIA A100-SXM4-40GB MIG 4g.20gb (0),1,,13,cupy_copy__float32_float32
3589579513,2880,204562,103,1,1,128,1,1,16,0.000,0.000,,,,,NVIDIA A100-SXM4-40GB MIG 4g.20gb (0),1,,13,cupy_copy__complex64_complex64
3589585785,12032,204572,1434,1,1,128,1,1,16,0.000,0.000,,,,,NVIDIA A100-SXM4-40GB MIG 4g.20gb (0),1,,13,cupy_copy__complex64_complex64
3589605880,82431,204577,1,1,1,32,32,1,30,0.000,0.000,,,,,NVIDIA A100-SXM4-40GB MIG 4g.20gb (0),1,,13,"void convert_kernel<__half2, float2>(tensor_layout_any, T1 *, tensor_layout_any, const T2 *)"
3589715063,5536,204580,,,,,,,,,,0.094,16924.777,Pinned,Device,NVIDIA A100-SXM4-40GB MIG 4g.20gb (0),1,,13,[CUDA memcpy Host-to-Device]
3589725239,598105,204581,,,,,,,,,,456.561,762914.166,Device,,NVIDIA A100-SXM4-40GB MIG 4g.20gb (0),1,,13,[CUDA memset]
3590324304,69951,204586,,,,,,,,,,1.235,17653.524,Pinned,Device,NVIDIA A100-SXM4-40GB MIG 4g.20gb (0),1,,13,[CUDA memcpy Host-to-Device]
3590397327,15967,204587,,,,,,,,,,0.197,12313.362,Pinned,Device,NVIDIA A100-SXM4-40GB MIG 4g.20gb (0),1,,13,[CUDA memcpy Host-to-Device]
3590420142,8096,204588,69,4,1,48,1,1,76,0.002,0.000,,,,,NVIDIA A100-SXM4-40GB MIG 4g.20gb (0),1,,13,"void ch_est::windowedChEstPreNoDftSOfdmKernel<float, __half, float, (unsigned int)2, (unsigned int)1, (unsigned short)4>(ch_est::puschRxChEstStatDescr_t *, ch_est::puschRxChEstDynDescr_t *)"
3590432142,6592,204589,137,2,1,24,2,1,44,0.001,0.001,,,,,NVIDIA A100-SXM4-40GB MIG 4g.20gb (0),1,,13,"void ch_est::chEstFilterNoDftSOfdmDispatchKernel<float, __half, float, (unsigned int)2>(ch_est::puschRxChEstStatDescr_t *, ch_est::puschRxChEstDynDescr_t *)"
3590441710,5824,204590,137,2,1,24,2,1,44,0.001,0.001,,,,,NVIDIA A100-SXM4-40GB MIG 4g.20gb (0),1,,13,"void ch_est::chEstFilterNoDftSOfdmDispatchKernel<float, __half, float, (unsigned int)2>(ch_est::puschRxChEstStatDescr_t *, ch_est::puschRxChEstDynDescr_t *)"
3590452750,2560,204601,103,1,1,128,1,1,16,0.000,0.000,,,,,NVIDIA A100-SXM4-40GB MIG 4g.20gb (0),1,,13,cupy_copy__complex64_complex64
3590459342,12448,204611,1434,1,1,128,1,1,16,0.000,0.000,,,,,NVIDIA A100-SXM4-40GB MIG 4g.20gb (0),1,,13,cupy_copy__complex64_complex64
3590475502,2688,204618,103,1,1,128,1,1,16,0.000,0.000,,,,,NVIDIA A100-SXM4-40GB MIG 4g.20gb (0),1,,13,cupy_copy__complex64_complex64
3590482478,89342,204625,1,1,1,32,32,1,30,0.000,0.000,,,,,NVIDIA A100-SXM4-40GB MIG 4g.20gb (0),1,,13,"void convert_kernel<__half2, float2>(tensor_layout_any, T1 *, tensor_layout_any, const T2 *)"
3590599308,9760,204628,,,,,,,,,,0.094,9599.998,Pinned,Device,NVIDIA A100-SXM4-40GB MIG 4g.20gb (0),1,,13,[CUDA memcpy Host-to-Device]
3590617804,48255,204629,,,,,,,,,,35.810,742088.972,Device,,NVIDIA A100-SXM4-40GB MIG 4g.20gb (0),1,,13,[CUDA memset]
3590673707,3264,204631,,,,,,,,,,0.000,24.510,Pinned,Device,NVIDIA A100-SXM4-40GB MIG 4g.20gb (0),1,,13,[CUDA memcpy Host-to-Device]
3590680907,12768,204632,,,,,,,,,,0.197,15398.339,Pinned,Device,NVIDIA A100-SXM4-40GB MIG 4g.20gb (0),1,,13,[CUDA memcpy Host-to-Device]
3590700395,11360,204633,273,1,1,48,1,1,40,0.000,0.001,,,,,NVIDIA A100-SXM4-40GB MIG 4g.20gb (0),1,,13,"void pusch_noise_intf_est::noiseIntfEstNoDftSOfdmKernel<float, __half, float, float, (unsigned int)2, (unsigned int)1, (unsigned char)4, (unsigned char)4>(pusch_noise_intf_est::puschRxNoiseIntfEstDynDescr)"
3590713131,3072,204644,35,1,1,128,1,1,16,0.000,0.000,,,,,NVIDIA A100-SXM4-40GB MIG 4g.20gb (0),1,,13,cupy_copy__complex64_complex64
3590721483,2016,204653,1,1,1,1,1,1,18,0.000,0.000,,,,,NVIDIA A100-SXM4-40GB MIG 4g.20gb (0),1,,13,cupy_copy__float32_float32
3590751274,2144,204659,,,,,,,,,,0.000,1.866,Device,Pageable,NVIDIA A100-SXM4-40GB MIG 4g.20gb (0),1,,7,[CUDA memcpy Device-to-Host]
3590812714,12703,204670,1434,1,1,128,1,1,16,0.000,0.000,,,,,NVIDIA A100-SXM4-40GB MIG 4g.20gb (0),1,,13,cupy_copy__complex64_complex64
3590839689,2624,204677,103,1,1,128,1,1,16,0.000,0.000,,,,,NVIDIA A100-SXM4-40GB MIG 4g.20gb (0),1,,13,cupy_copy__complex64_complex64
3590985735,2304,204684,35,1,1,128,1,1,16,0.000,0.000,,,,,NVIDIA A100-SXM4-40GB MIG 4g.20gb (0),1,,13,cupy_copy__complex64_complex64
3591012039,1824,204691,1,1,1,1,1,1,18,0.000,0.000,,,,,NVIDIA A100-SXM4-40GB MIG 4g.20gb (0),1,,13,cupy_copy__float32_float32
3591204645,81919,204702,1,1,1,32,32,1,30,0.000,0.000,,,,,NVIDIA A100-SXM4-40GB MIG 4g.20gb (0),1,,13,"void convert_kernel<__half2, float2>(tensor_layout_any, T1 *, tensor_layout_any, const T2 *)"
3591318435,5600,204705,,,,,,,,,,0.094,16731.388,Pinned,Device,NVIDIA A100-SXM4-40GB MIG 4g.20gb (0),1,,13,[CUDA memcpy Host-to-Device]
3591335523,3392,204706,,,,,,,,,,1.547,455961.768,Device,,NVIDIA A100-SXM4-40GB MIG 4g.20gb (0),1,,13,[CUDA memset]
3591342595,3008,204711,,,,,,,,,,0.031,10404.230,Pinned,Device,NVIDIA A100-SXM4-40GB MIG 4g.20gb (0),1,,13,[CUDA memcpy Host-to-Device]
3591348355,9408,204712,,,,,,,,,,0.197,20897.858,Pinned,Device,NVIDIA A100-SXM4-40GB MIG 4g.20gb (0),1,,13,[CUDA memcpy Host-to-Device]
3591362147,7744,204713,273,1,1,8,4,1,39,0.002,0.000,,,,,NVIDIA A100-SXM4-40GB MIG 4g.20gb (0),1,,13,"void channel_eq::eqMmseCoefCompLowMimoKernel<float, float, float, (unsigned int)4, (unsigned int)1, (unsigned int)4>(const channel_eq::_puschRxChEqStatDescr *, channel_eq::_puschRxChEqCoefCompDynDescr)"
3591370947,7680,204714,273,1,1,12,11,1,51,0.002,0.000,,,,,NVIDIA A100-SXM4-40GB MIG 4g.20gb (0),1,,13,"void channel_eq::eqMmseSoftDemapKernel<float, __half, __half, float, (unsigned int)4, (unsigned short)16383>(channel_eq::_puschRxChEqStatDescr *, channel_eq::_puschRxChEqSoftDemapDynDescr)"
3591379651,282396,204715,1,1,1,32,32,1,30,0.000,0.000,,,,,NVIDIA A100-SXM4-40GB MIG 4g.20gb (0),1,,13,"void convert_kernel<float2, __half2>(tensor_layout_any, T1 *, tensor_layout_any, const T2 *)"
3591663135,11008,204727,2253,1,1,128,1,1,16,0.000,0.000,,,,,NVIDIA A100-SXM4-40GB MIG 4g.20gb (0),1,,13,cupy_copy__float16_float16
3591677343,3168,204736,282,1,1,128,1,1,16,0.000,0.000,,,,,NVIDIA A100-SXM4-40GB MIG 4g.20gb (0),1,,13,cupy_copy__complex64_complex64
3591682911,2304,204745,26,1,1,128,1,1,16,0.000,0.000,,,,,NVIDIA A100-SXM4-40GB MIG 4g.20gb (0),1,,13,cupy_copy__float32_float32
3591686239,2912,204754,103,1,1,128,1,1,16,0.000,0.000,,,,,NVIDIA A100-SXM4-40GB MIG 4g.20gb (0),1,,13,cupy_copy__complex64_complex64
3591690847,12671,204764,1434,1,1,128,1,1,16,0.000,0.000,,,,,NVIDIA A100-SXM4-40GB MIG 4g.20gb (0),1,,13,cupy_copy__complex64_complex64
3591732702,82591,204769,1,1,1,32,32,1,30,0.000,0.000,,,,,NVIDIA A100-SXM4-40GB MIG 4g.20gb (0),1,,13,"void convert_kernel<__half2, float2>(tensor_layout_any, T1 *, tensor_layout_any, const T2 *)"
3591842269,5376,204772,,,,,,,,,,0.094,17428.487,Pinned,Device,NVIDIA A100-SXM4-40GB MIG 4g.20gb (0),1,,13,[CUDA memcpy Host-to-Device]
3591853053,604792,204773,,,,,,,,,,456.561,754696.060,Device,,NVIDIA A100-SXM4-40GB MIG 4g.20gb (0),1,,13,[CUDA memset]
3592462933,70175,204778,,,,,,,,,,1.235,17597.952,Pinned,Device,NVIDIA A100-SXM4-40GB MIG 4g.20gb (0),1,,13,[CUDA memcpy Host-to-Device]
3592537172,14720,204779,,,,,,,,,,0.197,13356.368,Pinned,Device,NVIDIA A100-SXM4-40GB MIG 4g.20gb (0),1,,13,[CUDA memcpy Host-to-Device]
3592559540,8352,204780,69,4,1,48,1,1,76,0.002,0.000,,,,,NVIDIA A100-SXM4-40GB MIG 4g.20gb (0),1,,13,"void ch_est::windowedChEstPreNoDftSOfdmKernel<float, __half, float, (unsigned int)2, (unsigned int)1, (unsigned short)4>(ch_est::puschRxChEstStatDescr_t *, ch_est::puschRxChEstDynDescr_t *)"
3592570676,6848,204781,137,2,1,24,2,1,44,0.001,0.001,,,,,NVIDIA A100-SXM4-40GB MIG 4g.20gb (0),1,,13,"void ch_est::chEstFilterNoDftSOfdmDispatchKernel<float, __half, float, (unsigned int)2>(ch_est::puschRxChEstStatDescr_t *, ch_est::puschRxChEstDynDescr_t *)"
3592582196,5152,204782,137,2,1,24,2,1,44,0.001,0.001,,,,,NVIDIA A100-SXM4-40GB MIG 4g.20gb (0),1,,13,"void ch_est::chEstFilterNoDftSOfdmDispatchKernel<float, __half, float, (unsigned int)2>(ch_est::puschRxChEstStatDescr_t *, ch_est::puschRxChEstDynDescr_t *)"
3592592596,2591,204793,103,1,1,128,1,1,16,0.000,0.000,,,,,NVIDIA A100-SXM4-40GB MIG 4g.20gb (0),1,,13,cupy_copy__complex64_complex64
3592599123,12448,204803,1434,1,1,128,1,1,16,0.000,0.000,,,,,NVIDIA A100-SXM4-40GB MIG 4g.20gb (0),1,,13,cupy_copy__complex64_complex64
3592619091,2688,204810,103,1,1,128,1,1,16,0.000,0.000,,,,,NVIDIA A100-SXM4-40GB MIG 4g.20gb (0),1,,13,cupy_copy__complex64_complex64
3592623827,84095,204817,1,1,1,32,32,1,30,0.000,0.000,,,,,NVIDIA A100-SXM4-40GB MIG 4g.20gb (0),1,,13,"void convert_kernel<__half2, float2>(tensor_layout_any, T1 *, tensor_layout_any, const T2 *)"
3592735346,5760,204820,,,,,,,,,,0.094,16266.656,Pinned,Device,NVIDIA A100-SXM4-40GB MIG 4g.20gb (0),1,,13,[CUDA memcpy Host-to-Device]
3592748338,47807,204821,,,,,,,,,,35.810,749036.097,Device,,NVIDIA A100-SXM4-40GB MIG 4g.20gb (0),1,,13,[CUDA memset]
3592799057,2784,204823,,,,,,,,,,0.000,28.736,Pinned,Device,NVIDIA A100-SXM4-40GB MIG 4g.20gb (0),1,,13,[CUDA memcpy Host-to-Device]
3592804337,10784,204824,,,,,,,,,,0.197,18231.263,Pinned,Device,NVIDIA A100-SXM4-40GB MIG 4g.20gb (0),1,,13,[CUDA memcpy Host-to-Device]
3592819505,11296,204825,273,1,1,48,1,1,40,0.000,0.001,,,,,NVIDIA A100-SXM4-40GB MIG 4g.20gb (0),1,,13,"void pusch_noise_intf_est::noiseIntfEstNoDftSOfdmKernel<float, __half, float, float, (unsigned int)2, (unsigned int)1, (unsigned char)4, (unsigned char)4>(pusch_noise_intf_est::puschRxNoiseIntfEstDynDescr)"
3592833233,3231,204836,35,1,1,128,1,1,16,0.000,0.000,,,,,NVIDIA A100-SXM4-40GB MIG 4g.20gb (0),1,,13,cupy_copy__complex64_complex64
3592853936,1984,204845,1,1,1,1,1,1,18,0.000,0.000,,,,,NVIDIA A100-SXM4-40GB MIG 4g.20gb (0),1,,13,cupy_copy__float32_float32
3592903696,1632,204851,,,,,,,,,,0.000,2.451,Device,Pageable,NVIDIA A100-SXM4-40GB MIG 4g.20gb (0),1,,7,[CUDA memcpy Device-to-Host]
3592988239,12927,204862,1434,1,1,128,1,1,16,0.000,0.000,,,,,NVIDIA A100-SXM4-40GB MIG 4g.20gb (0),1,,13,cupy_copy__complex64_complex64
3593015086,2784,204869,103,1,1,128,1,1,16,0.000,0.000,,,,,NVIDIA A100-SXM4-40GB MIG 4g.20gb (0),1,,13,cupy_copy__complex64_complex64
3593036622,2176,204876,35,1,1,128,1,1,16,0.000,0.000,,,,,NVIDIA A100-SXM4-40GB MIG 4g.20gb (0),1,,13,cupy_copy__complex64_complex64
3593055118,1760,204883,1,1,1,1,1,1,18,0.000,0.000,,,,,NVIDIA A100-SXM4-40GB MIG 4g.20gb (0),1,,13,cupy_copy__float32_float32
3593189260,87359,204894,1,1,1,32,32,1,30,0.000,0.000,,,,,NVIDIA A100-SXM4-40GB MIG 4g.20gb (0),1,,13,"void convert_kernel<__half2, float2>(tensor_layout_any, T1 *, tensor_layout_any, const T2 *)"
3593304491,5440,204897,,,,,,,,,,0.094,17223.480,Pinned,Device,NVIDIA A100-SXM4-40GB MIG 4g.20gb (0),1,,13,[CUDA memcpy Host-to-Device]
3593319051,3455,204898,,,,,,,,,,1.547,447647.117,Device,,NVIDIA A100-SXM4-40GB MIG 4g.20gb (0),1,,13,[CUDA memset]
3593326154,3072,204903,,,,,,,,,,0.031,10187.474,Pinned,Device,NVIDIA A100-SXM4-40GB MIG 4g.20gb (0),1,,13,[CUDA memcpy Host-to-Device]
3593331466,9504,204904,,,,,,,,,,0.197,20686.701,Pinned,Device,NVIDIA A100-SXM4-40GB MIG 4g.20gb (0),1,,13,[CUDA memcpy Host-to-Device]
3593345418,6688,204905,273,1,1,8,4,1,39,0.002,0.000,,,,,NVIDIA A100-SXM4-40GB MIG 4g.20gb (0),1,,13,"void channel_eq::eqMmseCoefCompLowMimoKernel<float, float, float, (unsigned int)4, (unsigned int)1, (unsigned int)4>(const channel_eq::_puschRxChEqStatDescr *, channel_eq::_puschRxChEqCoefCompDynDescr)"
3593353226,6304,204906,273,1,1,12,11,1,51,0.002,0.000,,,,,NVIDIA A100-SXM4-40GB MIG 4g.20gb (0),1,,13,"void channel_eq::eqMmseSoftDemapKernel<float, __half, __half, float, (unsigned int)4, (unsigned short)16383>(channel_eq::_puschRxChEqStatDescr *, channel_eq::_puschRxChEqSoftDemapDynDescr)"
3593360586,282237,204907,1,1,1,32,32,1,30,0.000,0.000,,,,,NVIDIA A100-SXM4-40GB MIG 4g.20gb (0),1,,13,"void convert_kernel<float2, __half2>(tensor_layout_any, T1 *, tensor_layout_any, const T2 *)"
3593644934,10912,204919,2253,1,1,128,1,1,16,0.000,0.000,,,,,NVIDIA A100-SXM4-40GB MIG 4g.20gb (0),1,,13,cupy_copy__float16_float16
3593661158,3552,204928,282,1,1,128,1,1,16,0.000,0.000,,,,,NVIDIA A100-SXM4-40GB MIG 4g.20gb (0),1,,13,cupy_copy__complex64_complex64
3593666982,2272,204937,26,1,1,128,1,1,16,0.000,0.000,,,,,NVIDIA A100-SXM4-40GB MIG 4g.20gb (0),1,,13,cupy_copy__float32_float32
3593670982,4512,204946,103,1,1,128,1,1,16,0.000,0.000,,,,,NVIDIA A100-SXM4-40GB MIG 4g.20gb (0),1,,13,cupy_copy__complex64_complex64
3593677414,12576,204956,1434,1,1,128,1,1,16,0.000,0.000,,,,,NVIDIA A100-SXM4-40GB MIG 4g.20gb (0),1,,13,cupy_copy__complex64_complex64
3593692646,89503,204961,1,1,1,32,32,1,30,0.000,0.000,,,,,NVIDIA A100-SXM4-40GB MIG 4g.20gb (0),1,,13,"void convert_kernel<__half2, float2>(tensor_layout_any, T1 *, tensor_layout_any, const T2 *)"
3593808868,5472,204964,,,,,,,,,,0.094,17122.757,Pinned,Device,NVIDIA A100-SXM4-40GB MIG 4g.20gb (0),1,,13,[CUDA memcpy Host-to-Device]
3593818500,599993,204965,,,,,,,,,,456.561,760631.359,Device,,NVIDIA A100-SXM4-40GB MIG 4g.20gb (0),1,,13,[CUDA memset]
3594419965,68703,204970,,,,,,,,,,1.235,17974.610,Pinned,Device,NVIDIA A100-SXM4-40GB MIG 4g.20gb (0),1,,13,[CUDA memcpy Host-to-Device]
3594493596,15424,204971,,,,,,,,,,0.197,12746.883,Pinned,Device,NVIDIA A100-SXM4-40GB MIG 4g.20gb (0),1,,13,[CUDA memcpy Host-to-Device]
3594518396,8416,204972,69,4,1,48,1,1,76,0.002,0.000,,,,,NVIDIA A100-SXM4-40GB MIG 4g.20gb (0),1,,13,"void ch_est::windowedChEstPreNoDftSOfdmKernel<float, __half, float, (unsigned int)2, (unsigned int)1, (unsigned short)4>(ch_est::puschRxChEstStatDescr_t *, ch_est::puschRxChEstDynDescr_t *)"
3594529660,6719,204973,137,2,1,24,2,1,44,0.001,0.001,,,,,NVIDIA A100-SXM4-40GB MIG 4g.20gb (0),1,,13,"void ch_est::chEstFilterNoDftSOfdmDispatchKernel<float, __half, float, (unsigned int)2>(ch_est::puschRxChEstStatDescr_t *, ch_est::puschRxChEstDynDescr_t *)"
3594540891,5056,204974,137,2,1,24,2,1,44,0.001,0.001,,,,,NVIDIA A100-SXM4-40GB MIG 4g.20gb (0),1,,13,"void ch_est::chEstFilterNoDftSOfdmDispatchKernel<float, __half, float, (unsigned int)2>(ch_est::puschRxChEstStatDescr_t *, ch_est::puschRxChEstDynDescr_t *)"
3594550971,2528,204985,103,1,1,128,1,1,16,0.000,0.000,,,,,NVIDIA A100-SXM4-40GB MIG 4g.20gb (0),1,,13,cupy_copy__complex64_complex64
3594557403,12736,204995,1434,1,1,128,1,1,16,0.000,0.000,,,,,NVIDIA A100-SXM4-40GB MIG 4g.20gb (0),1,,13,cupy_copy__complex64_complex64
3594575995,2528,205002,103,1,1,128,1,1,16,0.000,0.000,,,,,NVIDIA A100-SXM4-40GB MIG 4g.20gb (0),1,,13,cupy_copy__complex64_complex64
3594583099,89503,205009,1,1,1,32,32,1,30,0.000,0.000,,,,,NVIDIA A100-SXM4-40GB MIG 4g.20gb (0),1,,13,"void convert_kernel<__half2, float2>(tensor_layout_any, T1 *, tensor_layout_any, const T2 *)"
3594700313,6208,205012,,,,,,,,,,0.094,15092.739,Pinned,Device,NVIDIA A100-SXM4-40GB MIG 4g.20gb (0),1,,13,[CUDA memcpy Host-to-Device]
3594713017,47520,205013,,,,,,,,,,35.810,753548.147,Device,,NVIDIA A100-SXM4-40GB MIG 4g.20gb (0),1,,13,[CUDA memset]
3594765561,2528,205015,,,,,,,,,,0.000,31.646,Pinned,Device,NVIDIA A100-SXM4-40GB MIG 4g.20gb (0),1,,13,[CUDA memcpy Host-to-Device]
3594771481,10655,205016,,,,,,,,,,0.197,18452.054,Pinned,Device,NVIDIA A100-SXM4-40GB MIG 4g.20gb (0),1,,13,[CUDA memcpy Host-to-Device]
3594789432,11552,205017,273,1,1,48,1,1,40,0.000,0.001,,,,,NVIDIA A100-SXM4-40GB MIG 4g.20gb (0),1,,13,"void pusch_noise_intf_est::noiseIntfEstNoDftSOfdmKernel<float, __half, float, float, (unsigned int)2, (unsigned int)1, (unsigned char)4, (unsigned char)4>(pusch_noise_intf_est::puschRxNoiseIntfEstDynDescr)"
3594803896,2976,205028,35,1,1,128,1,1,16,0.000,0.000,,,,,NVIDIA A100-SXM4-40GB MIG 4g.20gb (0),1,,13,cupy_copy__complex64_complex64
3594819256,1728,205037,1,1,1,1,1,1,18,0.000,0.000,,,,,NVIDIA A100-SXM4-40GB MIG 4g.20gb (0),1,,13,cupy_copy__float32_float32
3594859127,1600,205043,,,,,,,,,,0.000,2.500,Device,Pageable,NVIDIA A100-SXM4-40GB MIG 4g.20gb (0),1,,7,[CUDA memcpy Device-to-Host]
3594919735,12832,205054,1434,1,1,128,1,1,16,0.000,0.000,,,,,NVIDIA A100-SXM4-40GB MIG 4g.20gb (0),1,,13,cupy_copy__complex64_complex64
3594946550,2752,205061,103,1,1,128,1,1,16,0.000,0.000,,,,,NVIDIA A100-SXM4-40GB MIG 4g.20gb (0),1,,13,cupy_copy__complex64_complex64
3594968598,2272,205068,35,1,1,128,1,1,16,0.000,0.000,,,,,NVIDIA A100-SXM4-40GB MIG 4g.20gb (0),1,,13,cupy_copy__complex64_complex64
3594986006,1824,205075,1,1,1,1,1,1,18,0.000,0.000,,,,,NVIDIA A100-SXM4-40GB MIG 4g.20gb (0),1,,13,cupy_copy__float32_float32
3595122324,82399,205086,1,1,1,32,32,1,30,0.000,0.000,,,,,NVIDIA A100-SXM4-40GB MIG 4g.20gb (0),1,,13,"void convert_kernel<__half2, float2>(tensor_layout_any, T1 *, tensor_layout_any, const T2 *)"
3595231955,5440,205089,,,,,,,,,,0.094,17223.480,Pinned,Device,NVIDIA A100-SXM4-40GB MIG 4g.20gb (0),1,,13,[CUDA memcpy Host-to-Device]
3595246483,3296,205090,,,,,,,,,,1.547,469242.628,Device,,NVIDIA A100-SXM4-40GB MIG 4g.20gb (0),1,,13,[CUDA memset]
3595252499,3008,205095,,,,,,,,,,0.031,10404.230,Pinned,Device,NVIDIA A100-SXM4-40GB MIG 4g.20gb (0),1,,13,[CUDA memcpy Host-to-Device]
3595258099,9343,205096,,,,,,,,,,0.197,21043.347,Pinned,Device,NVIDIA A100-SXM4-40GB MIG 4g.20gb (0),1,,13,[CUDA memcpy Host-to-Device]
3595272722,6560,205097,273,1,1,8,4,1,39,0.002,0.000,,,,,NVIDIA A100-SXM4-40GB MIG 4g.20gb (0),1,,13,"void channel_eq::eqMmseCoefCompLowMimoKernel<float, float, float, (unsigned int)4, (unsigned int)1, (unsigned int)4>(const channel_eq::_puschRxChEqStatDescr *, channel_eq::_puschRxChEqCoefCompDynDescr)"
3595282578,5024,205098,273,1,1,12,11,1,51,0.002,0.000,,,,,NVIDIA A100-SXM4-40GB MIG 4g.20gb (0),1,,13,"void channel_eq::eqMmseSoftDemapKernel<float, __half, __half, float, (unsigned int)4, (unsigned short)16383>(channel_eq::_puschRxChEqStatDescr *, channel_eq::_puschRxChEqSoftDemapDynDescr)"
3595289842,279421,205099,1,1,1,32,32,1,30,0.000,0.000,,,,,NVIDIA A100-SXM4-40GB MIG 4g.20gb (0),1,,13,"void convert_kernel<float2, __half2>(tensor_layout_any, T1 *, tensor_layout_any, const T2 *)"
3595570191,10816,205111,2253,1,1,128,1,1,16,0.000,0.000,,,,,NVIDIA A100-SXM4-40GB MIG 4g.20gb (0),1,,13,cupy_copy__float16_float16
3595583823,2943,205120,282,1,1,128,1,1,16,0.000,0.000,,,,,NVIDIA A100-SXM4-40GB MIG 4g.20gb (0),1,,13,cupy_copy__complex64_complex64
3595588046,2080,205129,26,1,1,128,1,1,16,0.000,0.000,,,,,NVIDIA A100-SXM4-40GB MIG 4g.20gb (0),1,,13,cupy_copy__float32_float32
3595591310,3104,205138,103,1,1,128,1,1,16,0.000,0.000,,,,,NVIDIA A100-SXM4-40GB MIG 4g.20gb (0),1,,13,cupy_copy__complex64_complex64
3595596302,12192,205148,1434,1,1,128,1,1,16,0.000,0.000,,,,,NVIDIA A100-SXM4-40GB MIG 4g.20gb (0),1,,13,cupy_copy__complex64_complex64
3595618542,81951,205153,1,1,1,32,32,1,30,0.000,0.000,,,,,NVIDIA A100-SXM4-40GB MIG 4g.20gb (0),1,,13,"void convert_kernel<__half2, float2>(tensor_layout_any, T1 *, tensor_layout_any, const T2 *)"
3595727309,5376,205156,,,,,,,,,,0.094,17428.487,Pinned,Device,NVIDIA A100-SXM4-40GB MIG 4g.20gb (0),1,,13,[CUDA memcpy Host-to-Device]
3595738093,610616,205157,,,,,,,,,,456.561,747391.077,Device,,NVIDIA A100-SXM4-40GB MIG 4g.20gb (0),1,,13,[CUDA memset]
3596352037,70367,205162,,,,,,,,,,1.235,17549.789,Pinned,Device,NVIDIA A100-SXM4-40GB MIG 4g.20gb (0),1,,13,[CUDA memcpy Host-to-Device]
3596426532,15072,205163,,,,,,,,,,0.197,13044.548,Pinned,Device,NVIDIA A100-SXM4-40GB MIG 4g.20gb (0),1,,13,[CUDA memcpy Host-to-Device]
3596449252,8224,205164,69,4,1,48,1,1,76,0.002,0.000,,,,,NVIDIA A100-SXM4-40GB MIG 4g.20gb (0),1,,13,"void ch_est::windowedChEstPreNoDftSOfdmKernel<float, __half, float, (unsigned int)2, (unsigned int)1, (unsigned short)4>(ch_est::puschRxChEstStatDescr_t *, ch_est::puschRxChEstDynDescr_t *)"
3596460708,6272,205165,137,2,1,24,2,1,44,0.001,0.001,,,,,NVIDIA A100-SXM4-40GB MIG 4g.20gb (0),1,,13,"void ch_est::chEstFilterNoDftSOfdmDispatchKernel<float, __half, float, (unsigned int)2>(ch_est::puschRxChEstStatDescr_t *, ch_est::puschRxChEstDynDescr_t *)"
3596470180,5152,205166,137,2,1,24,2,1,44,0.001,0.001,,,,,NVIDIA A100-SXM4-40GB MIG 4g.20gb (0),1,,13,"void ch_est::chEstFilterNoDftSOfdmDispatchKernel<float, __half, float, (unsigned int)2>(ch_est::puschRxChEstStatDescr_t *, ch_est::puschRxChEstDynDescr_t *)"
3596480611,2816,205177,103,1,1,128,1,1,16,0.000,0.000,,,,,NVIDIA A100-SXM4-40GB MIG 4g.20gb (0),1,,13,cupy_copy__complex64_complex64
3596486403,12608,205187,1434,1,1,128,1,1,16,0.000,0.000,,,,,NVIDIA A100-SXM4-40GB MIG 4g.20gb (0),1,,13,cupy_copy__complex64_complex64
3596507715,2880,205194,103,1,1,128,1,1,16,0.000,0.000,,,,,NVIDIA A100-SXM4-40GB MIG 4g.20gb (0),1,,13,cupy_copy__complex64_complex64
3596513667,83263,205201,1,1,1,32,32,1,30,0.000,0.000,,,,,NVIDIA A100-SXM4-40GB MIG 4g.20gb (0),1,,13,"void convert_kernel<__half2, float2>(tensor_layout_any, T1 *, tensor_layout_any, const T2 *)"
3596624482,6112,205204,,,,,,,,,,0.094,15329.790,Pinned,Device,NVIDIA A100-SXM4-40GB MIG 4g.20gb (0),1,,13,[CUDA memcpy Host-to-Device]
3596636482,46591,205205,,,,,,,,,,35.810,768588.313,Device,,NVIDIA A100-SXM4-40GB MIG 4g.20gb (0),1,,13,[CUDA memset]
3596688481,2560,205207,,,,,,,,,,0.000,31.250,Pinned,Device,NVIDIA A100-SXM4-40GB MIG 4g.20gb (0),1,,13,[CUDA memcpy Host-to-Device]
3596694433,10656,205208,,,,,,,,,,0.197,18450.285,Pinned,Device,NVIDIA A100-SXM4-40GB MIG 4g.20gb (0),1,,13,[CUDA memcpy Host-to-Device]
3596711073,9631,205209,273,1,1,48,1,1,40,0.000,0.001,,,,,NVIDIA A100-SXM4-40GB MIG 4g.20gb (0),1,,13,"void pusch_noise_intf_est::noiseIntfEstNoDftSOfdmKernel<float, __half, float, float, (unsigned int)2, (unsigned int)1, (unsigned char)4, (unsigned char)4>(pusch_noise_intf_est::puschRxNoiseIntfEstDynDescr)"
3596722336,3168,205220,35,1,1,128,1,1,16,0.000,0.000,,,,,NVIDIA A100-SXM4-40GB MIG 4g.20gb (0),1,,13,cupy_copy__complex64_complex64
3596744416,1984,205229,1,1,1,1,1,1,18,0.000,0.000,,,,,NVIDIA A100-SXM4-40GB MIG 4g.20gb (0),1,,13,cupy_copy__float32_float32
3596776832,1568,205235,,,,,,,,,,0.000,2.551,Device,Pageable,NVIDIA A100-SXM4-40GB MIG 4g.20gb (0),1,,7,[CUDA memcpy Device-to-Host]
3596835999,13120,205246,1434,1,1,128,1,1,16,0.000,0.000,,,,,NVIDIA A100-SXM4-40GB MIG 4g.20gb (0),1,,13,cupy_copy__complex64_complex64
3596862591,2624,205253,103,1,1,128,1,1,16,0.000,0.000,,,,,NVIDIA A100-SXM4-40GB MIG 4g.20gb (0),1,,13,cupy_copy__complex64_complex64
3596882814,2624,205260,35,1,1,128,1,1,16,0.000,0.000,,,,,NVIDIA A100-SXM4-40GB MIG 4g.20gb (0),1,,13,cupy_copy__complex64_complex64
3596905246,1792,205267,1,1,1,1,1,1,18,0.000,0.000,,,,,NVIDIA A100-SXM4-40GB MIG 4g.20gb (0),1,,13,cupy_copy__float32_float32
3597037533,83039,205278,1,1,1,32,32,1,30,0.000,0.000,,,,,NVIDIA A100-SXM4-40GB MIG 4g.20gb (0),1,,13,"void convert_kernel<__half2, float2>(tensor_layout_any, T1 *, tensor_layout_any, const T2 *)"
3597147931,5568,205281,,,,,,,,,,0.094,16827.521,Pinned,Device,NVIDIA A100-SXM4-40GB MIG 4g.20gb (0),1,,13,[CUDA memcpy Host-to-Device]
3597161883,3392,205282,,,,,,,,,,1.547,455961.768,Device,,NVIDIA A100-SXM4-40GB MIG 4g.20gb (0),1,,13,[CUDA memset]
3597168763,3264,205287,,,,,,,,,,0.031,9588.218,Pinned,Device,NVIDIA A100-SXM4-40GB MIG 4g.20gb (0),1,,13,[CUDA memcpy Host-to-Device]
3597174459,9376,205288,,,,,,,,,,0.197,20969.226,Pinned,Device,NVIDIA A100-SXM4-40GB MIG 4g.20gb (0),1,,13,[CUDA memcpy Host-to-Device]
3597187707,6400,205289,273,1,1,8,4,1,39,0.002,0.000,,,,,NVIDIA A100-SXM4-40GB MIG 4g.20gb (0),1,,13,"void channel_eq::eqMmseCoefCompLowMimoKernel<float, float, float, (unsigned int)4, (unsigned int)1, (unsigned int)4>(const channel_eq::_puschRxChEqStatDescr *, channel_eq::_puschRxChEqCoefCompDynDescr)"
3597196475,5440,205290,273,1,1,12,11,1,51,0.002,0.000,,,,,NVIDIA A100-SXM4-40GB MIG 4g.20gb (0),1,,13,"void channel_eq::eqMmseSoftDemapKernel<float, __half, __half, float, (unsigned int)4, (unsigned short)16383>(channel_eq::_puschRxChEqStatDescr *, channel_eq::_puschRxChEqSoftDemapDynDescr)"
3597203643,294652,205291,1,1,1,32,32,1,30,0.000,0.000,,,,,NVIDIA A100-SXM4-40GB MIG 4g.20gb (0),1,,13,"void convert_kernel<float2, __half2>(tensor_layout_any, T1 *, tensor_layout_any, const T2 *)"
3597499351,11136,205303,2253,1,1,128,1,1,16,0.000,0.000,,,,,NVIDIA A100-SXM4-40GB MIG 4g.20gb (0),1,,13,cupy_copy__float16_float16
3597512471,3232,205312,282,1,1,128,1,1,16,0.000,0.000,,,,,NVIDIA A100-SXM4-40GB MIG 4g.20gb (0),1,,13,cupy_copy__complex64_complex64
3597516759,2048,205321,26,1,1,128,1,1,16,0.000,0.000,,,,,NVIDIA A100-SXM4-40GB MIG 4g.20gb (0),1,,13,cupy_copy__float32_float32
3597519991,4896,205330,103,1,1,128,1,1,16,0.000,0.000,,,,,NVIDIA A100-SXM4-40GB MIG 4g.20gb (0),1,,13,cupy_copy__complex64_complex64
3597526039,12095,205340,1434,1,1,128,1,1,16,0.000,0.000,,,,,NVIDIA A100-SXM4-40GB MIG 4g.20gb (0),1,,13,cupy_copy__complex64_complex64
3597541494,88191,205345,1,1,1,32,32,1,30,0.000,0.000,,,,,NVIDIA A100-SXM4-40GB MIG 4g.20gb (0),1,,13,"void convert_kernel<__half2, float2>(tensor_layout_any, T1 *, tensor_layout_any, const T2 *)"
3597656597,5440,205348,,,,,,,,,,0.094,17223.480,Pinned,Device,NVIDIA A100-SXM4-40GB MIG 4g.20gb (0),1,,13,[CUDA memcpy Host-to-Device]
3597666229,609272,205349,,,,,,,,,,456.561,749217.323,Device,,NVIDIA A100-SXM4-40GB MIG 4g.20gb (0),1,,13,[CUDA memset]
3598281229,70303,205354,,,,,,,,,,1.235,17565.843,Pinned,Device,NVIDIA A100-SXM4-40GB MIG 4g.20gb (0),1,,13,[CUDA memcpy Host-to-Device]
3598355436,15040,205355,,,,,,,,,,0.197,13072.269,Pinned,Device,NVIDIA A100-SXM4-40GB MIG 4g.20gb (0),1,,13,[CUDA memcpy Host-to-Device]
3598380620,8448,205356,69,4,1,48,1,1,76,0.002,0.000,,,,,NVIDIA A100-SXM4-40GB MIG 4g.20gb (0),1,,13,"void ch_est::windowedChEstPreNoDftSOfdmKernel<float, __half, float, (unsigned int)2, (unsigned int)1, (unsigned short)4>(ch_est::puschRxChEstStatDescr_t *, ch_est::puschRxChEstDynDescr_t *)"
3598392332,6560,205357,137,2,1,24,2,1,44,0.001,0.001,,,,,NVIDIA A100-SXM4-40GB MIG 4g.20gb (0),1,,13,"void ch_est::chEstFilterNoDftSOfdmDispatchKernel<float, __half, float, (unsigned int)2>(ch_est::puschRxChEstStatDescr_t *, ch_est::puschRxChEstDynDescr_t *)"
3598402188,5376,205358,137,2,1,24,2,1,44,0.001,0.001,,,,,NVIDIA A100-SXM4-40GB MIG 4g.20gb (0),1,,13,"void ch_est::chEstFilterNoDftSOfdmDispatchKernel<float, __half, float, (unsigned int)2>(ch_est::puschRxChEstStatDescr_t *, ch_est::puschRxChEstDynDescr_t *)"
3598413420,2496,205369,103,1,1,128,1,1,16,0.000,0.000,,,,,NVIDIA A100-SXM4-40GB MIG 4g.20gb (0),1,,13,cupy_copy__complex64_complex64
3598420299,12672,205379,1434,1,1,128,1,1,16,0.000,0.000,,,,,NVIDIA A100-SXM4-40GB MIG 4g.20gb (0),1,,13,cupy_copy__complex64_complex64
3598437643,2624,205386,103,1,1,128,1,1,16,0.000,0.000,,,,,NVIDIA A100-SXM4-40GB MIG 4g.20gb (0),1,,13,cupy_copy__complex64_complex64
3598443275,83871,205393,1,1,1,32,32,1,30,0.000,0.000,,,,,NVIDIA A100-SXM4-40GB MIG 4g.20gb (0),1,,13,"void convert_kernel<__half2, float2>(tensor_layout_any, T1 *, tensor_layout_any, const T2 *)"
3598554730,5376,205396,,,,,,,,,,0.094,17428.487,Pinned,Device,NVIDIA A100-SXM4-40GB MIG 4g.20gb (0),1,,13,[CUDA memcpy Host-to-Device]
3598566858,46687,205397,,,,,,,,,,35.810,767012.676,Device,,NVIDIA A100-SXM4-40GB MIG 4g.20gb (0),1,,13,[CUDA memset]
3598619849,1920,205399,,,,,,,,,,0.000,41.667,Pinned,Device,NVIDIA A100-SXM4-40GB MIG 4g.20gb (0),1,,13,[CUDA memcpy Host-to-Device]
3598625289,11872,205400,,,,,,,,,,0.197,16560.488,Pinned,Device,NVIDIA A100-SXM4-40GB MIG 4g.20gb (0),1,,13,[CUDA memcpy Host-to-Device]
3598641609,12896,205401,273,1,1,48,1,1,40,0.000,0.001,,,,,NVIDIA A100-SXM4-40GB MIG 4g.20gb (0),1,,13,"void pusch_noise_intf_est::noiseIntfEstNoDftSOfdmKernel<float, __half, float, float, (unsigned int)2, (unsigned int)1, (unsigned char)4, (unsigned char)4>(pusch_noise_intf_est::puschRxNoiseIntfEstDynDescr)"
3598656457,2848,205412,35,1,1,128,1,1,16,0.000,0.000,,,,,NVIDIA A100-SXM4-40GB MIG 4g.20gb (0),1,,13,cupy_copy__complex64_complex64
3598673160,1888,205421,1,1,1,1,1,1,18,0.000,0.000,,,,,NVIDIA A100-SXM4-40GB MIG 4g.20gb (0),1,,13,cupy_copy__float32_float32
3598705864,1568,205427,,,,,,,,,,0.000,2.551,Device,Pageable,NVIDIA A100-SXM4-40GB MIG 4g.20gb (0),1,,7,[CUDA memcpy Device-to-Host]
3598764327,12736,205438,1434,1,1,128,1,1,16,0.000,0.000,,,,,NVIDIA A100-SXM4-40GB MIG 4g.20gb (0),1,,13,cupy_copy__complex64_complex64
3598790695,2688,205445,103,1,1,128,1,1,16,0.000,0.000,,,,,NVIDIA A100-SXM4-40GB MIG 4g.20gb (0),1,,13,cupy_copy__complex64_complex64
3598814887,2624,205452,35,1,1,128,1,1,16,0.000,0.000,,,,,NVIDIA A100-SXM4-40GB MIG 4g.20gb (0),1,,13,cupy_copy__complex64_complex64
3598833798,1792,205459,1,1,1,1,1,1,18,0.000,0.000,,,,,NVIDIA A100-SXM4-40GB MIG 4g.20gb (0),1,,13,cupy_copy__float32_float32
3598972581,81727,205470,1,1,1,32,32,1,30,0.000,0.000,,,,,NVIDIA A100-SXM4-40GB MIG 4g.20gb (0),1,,13,"void convert_kernel<__half2, float2>(tensor_layout_any, T1 *, tensor_layout_any, const T2 *)"
3599081859,5504,205473,,,,,,,,,,0.094,17023.251,Pinned,Device,NVIDIA A100-SXM4-40GB MIG 4g.20gb (0),1,,13,[CUDA memcpy Host-to-Device]
3599096387,3328,205474,,,,,,,,,,1.547,464729.580,Device,,NVIDIA A100-SXM4-40GB MIG 4g.20gb (0),1,,13,[CUDA memset]
3599102595,3008,205479,,,,,,,,,,0.031,10404.230,Pinned,Device,NVIDIA A100-SXM4-40GB MIG 4g.20gb (0),1,,13,[CUDA memcpy Host-to-Device]
3599108387,9568,205480,,,,,,,,,,0.197,20548.485,Pinned,Device,NVIDIA A100-SXM4-40GB MIG 4g.20gb (0),1,,13,[CUDA memcpy Host-to-Device]
3599123075,8000,205481,273,1,1,8,4,1,39,0.002,0.000,,,,,NVIDIA A100-SXM4-40GB MIG 4g.20gb (0),1,,13,"void channel_eq::eqMmseCoefCompLowMimoKernel<float, float, float, (unsigned int)4, (unsigned int)1, (unsigned int)4>(const channel_eq::_puschRxChEqStatDescr *, channel_eq::_puschRxChEqCoefCompDynDescr)"
3599133027,5760,205482,273,1,1,12,11,1,51,0.002,0.000,,,,,NVIDIA A100-SXM4-40GB MIG 4g.20gb (0),1,,13,"void channel_eq::eqMmseSoftDemapKernel<float, __half, __half, float, (unsigned int)4, (unsigned short)16383>(channel_eq::_puschRxChEqStatDescr *, channel_eq::_puschRxChEqSoftDemapDynDescr)"
3599140515,292412,205483,1,1,1,32,32,1,30,0.000,0.000,,,,,NVIDIA A100-SXM4-40GB MIG 4g.20gb (0),1,,13,"void convert_kernel<float2, __half2>(tensor_layout_any, T1 *, tensor_layout_any, const T2 *)"
3599433919,11104,205495,2253,1,1,128,1,1,16,0.000,0.000,,,,,NVIDIA A100-SXM4-40GB MIG 4g.20gb (0),1,,13,cupy_copy__float16_float16
3599448831,3328,205504,282,1,1,128,1,1,16,0.000,0.000,,,,,NVIDIA A100-SXM4-40GB MIG 4g.20gb (0),1,,13,cupy_copy__complex64_complex64
3599455327,2112,205513,26,1,1,128,1,1,16,0.000,0.000,,,,,NVIDIA A100-SXM4-40GB MIG 4g.20gb (0),1,,13,cupy_copy__float32_float32
3599458431,2976,205522,103,1,1,128,1,1,16,0.000,0.000,,,,,NVIDIA A100-SXM4-40GB MIG 4g.20gb (0),1,,13,cupy_copy__complex64_complex64
3599462751,11967,205532,1434,1,1,128,1,1,16,0.000,0.000,,,,,NVIDIA A100-SXM4-40GB MIG 4g.20gb (0),1,,13,cupy_copy__complex64_complex64
3599479038,86559,205537,1,1,1,32,32,1,30,0.000,0.000,,,,,NVIDIA A100-SXM4-40GB MIG 4g.20gb (0),1,,13,"void convert_kernel<__half2, float2>(tensor_layout_any, T1 *, tensor_layout_any, const T2 *)"
3599592733,5568,205540,,,,,,,,,,0.094,16827.521,Pinned,Device,NVIDIA A100-SXM4-40GB MIG 4g.20gb (0),1,,13,[CUDA memcpy Host-to-Device]
3599602365,599896,205541,,,,,,,,,,456.561,760631.359,Device,,NVIDIA A100-SXM4-40GB MIG 4g.20gb (0),1,,13,[CUDA memset]
3600210421,69823,205546,,,,,,,,,,1.235,17685.633,Pinned,Device,NVIDIA A100-SXM4-40GB MIG 4g.20gb (0),1,,13,[CUDA memcpy Host-to-Device]
3600284148,14848,205547,,,,,,,,,,0.197,13241.352,Pinned,Device,NVIDIA A100-SXM4-40GB MIG 4g.20gb (0),1,,13,[CUDA memcpy Host-to-Device]
3600306708,7264,205548,69,4,1,48,1,1,76,0.002,0.000,,,,,NVIDIA A100-SXM4-40GB MIG 4g.20gb (0),1,,13,"void ch_est::windowedChEstPreNoDftSOfdmKernel<float, __half, float, (unsigned int)2, (unsigned int)1, (unsigned short)4>(ch_est::puschRxChEstStatDescr_t *, ch_est::puschRxChEstDynDescr_t *)"
3600318196,6528,205549,137,2,1,24,2,1,44,0.001,0.001,,,,,NVIDIA A100-SXM4-40GB MIG 4g.20gb (0),1,,13,"void ch_est::chEstFilterNoDftSOfdmDispatchKernel<float, __half, float, (unsigned int)2>(ch_est::puschRxChEstStatDescr_t *, ch_est::puschRxChEstDynDescr_t *)"
3600329364,5152,205550,137,2,1,24,2,1,44,0.001,0.001,,,,,NVIDIA A100-SXM4-40GB MIG 4g.20gb (0),1,,13,"void ch_est::chEstFilterNoDftSOfdmDispatchKernel<float, __half, float, (unsigned int)2>(ch_est::puschRxChEstStatDescr_t *, ch_est::puschRxChEstDynDescr_t *)"
3600339828,2592,205561,103,1,1,128,1,1,16,0.000,0.000,,,,,NVIDIA A100-SXM4-40GB MIG 4g.20gb (0),1,,13,cupy_copy__complex64_complex64
3600346132,12671,205571,1434,1,1,128,1,1,16,0.000,0.000,,,,,NVIDIA A100-SXM4-40GB MIG 4g.20gb (0),1,,13,cupy_copy__complex64_complex64
3600364435,2464,205578,103,1,1,128,1,1,16,0.000,0.000,,,,,NVIDIA A100-SXM4-40GB MIG 4g.20gb (0),1,,13,cupy_copy__complex64_complex64
3600370515,83871,205585,1,1,1,32,32,1,30,0.000,0.000,,,,,NVIDIA A100-SXM4-40GB MIG 4g.20gb (0),1,,13,"void convert_kernel<__half2, float2>(tensor_layout_any, T1 *, tensor_layout_any, const T2 *)"
3600481938,5632,205588,,,,,,,,,,0.094,16636.287,Pinned,Device,NVIDIA A100-SXM4-40GB MIG 4g.20gb (0),1,,13,[CUDA memcpy Host-to-Device]
3600494322,46559,205589,,,,,,,,,,35.810,769125.462,Device,,NVIDIA A100-SXM4-40GB MIG 4g.20gb (0),1,,13,[CUDA memset]
3600546993,2016,205591,,,,,,,,,,0.000,39.682,Pinned,Device,NVIDIA A100-SXM4-40GB MIG 4g.20gb (0),1,,13,[CUDA memcpy Host-to-Device]
3600551537,12096,205592,,,,,,,,,,0.197,16253.780,Pinned,Device,NVIDIA A100-SXM4-40GB MIG 4g.20gb (0),1,,13,[CUDA memcpy Host-to-Device]
3600571889,11360,205593,273,1,1,48,1,1,40,0.000,0.001,,,,,NVIDIA A100-SXM4-40GB MIG 4g.20gb (0),1,,13,"void pusch_noise_intf_est::noiseIntfEstNoDftSOfdmKernel<float, __half, float, float, (unsigned int)2, (unsigned int)1, (unsigned char)4, (unsigned char)4>(pusch_noise_intf_est::puschRxNoiseIntfEstDynDescr)"
3600586993,3200,205604,35,1,1,128,1,1,16,0.000,0.000,,,,,NVIDIA A100-SXM4-40GB MIG 4g.20gb (0),1,,13,cupy_copy__complex64_complex64
3600600401,2015,205613,1,1,1,1,1,1,18,0.000,0.000,,,,,NVIDIA A100-SXM4-40GB MIG 4g.20gb (0),1,,13,cupy_copy__float32_float32
3600633488,1920,205619,,,,,,,,,,0.000,2.083,Device,Pageable,NVIDIA A100-SXM4-40GB MIG 4g.20gb (0),1,,7,[CUDA memcpy Device-to-Host]
3600692879,12896,205630,1434,1,1,128,1,1,16,0.000,0.000,,,,,NVIDIA A100-SXM4-40GB MIG 4g.20gb (0),1,,13,cupy_copy__complex64_complex64
3600723151,3584,205637,103,1,1,128,1,1,16,0.000,0.000,,,,,NVIDIA A100-SXM4-40GB MIG 4g.20gb (0),1,,13,cupy_copy__complex64_complex64
3600742735,2208,205644,35,1,1,128,1,1,16,0.000,0.000,,,,,NVIDIA A100-SXM4-40GB MIG 4g.20gb (0),1,,13,cupy_copy__complex64_complex64
3600761263,1983,205651,1,1,1,1,1,1,18,0.000,0.000,,,,,NVIDIA A100-SXM4-40GB MIG 4g.20gb (0),1,,13,cupy_copy__float32_float32
3600890541,82527,205662,1,1,1,32,32,1,30,0.000,0.000,,,,,NVIDIA A100-SXM4-40GB MIG 4g.20gb (0),1,,13,"void convert_kernel<__half2, float2>(tensor_layout_any, T1 *, tensor_layout_any, const T2 *)"
3601000876,5535,205665,,,,,,,,,,0.094,16927.869,Pinned,Device,NVIDIA A100-SXM4-40GB MIG 4g.20gb (0),1,,13,[CUDA memcpy Host-to-Device]
3601014987,3264,205666,,,,,,,,,,1.547,473842.288,Device,,NVIDIA A100-SXM4-40GB MIG 4g.20gb (0),1,,13,[CUDA memset]
3601021771,3200,205671,,,,,,,,,,0.031,9780.000,Pinned,Device,NVIDIA A100-SXM4-40GB MIG 4g.20gb (0),1,,13,[CUDA memcpy Host-to-Device]
3601027115,9472,205672,,,,,,,,,,0.197,20756.693,Pinned,Device,NVIDIA A100-SXM4-40GB MIG 4g.20gb (0),1,,13,[CUDA memcpy Host-to-Device]
3601041131,6048,205673,273,1,1,8,4,1,39,0.002,0.000,,,,,NVIDIA A100-SXM4-40GB MIG 4g.20gb (0),1,,13,"void channel_eq::eqMmseCoefCompLowMimoKernel<float, float, float, (unsigned int)4, (unsigned int)1, (unsigned int)4>(const channel_eq::_puschRxChEqStatDescr *, channel_eq::_puschRxChEqCoefCompDynDescr)"
3601048171,5568,205674,273,1,1,12,11,1,51,0.002,0.000,,,,,NVIDIA A100-SXM4-40GB MIG 4g.20gb (0),1,,13,"void channel_eq::eqMmseSoftDemapKernel<float, __half, __half, float, (unsigned int)4, (unsigned short)16383>(channel_eq::_puschRxChEqStatDescr *, channel_eq::_puschRxChEqSoftDemapDynDescr)"
3601054859,290332,205675,1,1,1,32,32,1,30,0.000,0.000,,,,,NVIDIA A100-SXM4-40GB MIG 4g.20gb (0),1,,13,"void convert_kernel<float2, __half2>(tensor_layout_any, T1 *, tensor_layout_any, const T2 *)"
3601348007,10848,205687,2253,1,1,128,1,1,16,0.000,0.000,,,,,NVIDIA A100-SXM4-40GB MIG 4g.20gb (0),1,,13,cupy_copy__float16_float16
3601362535,3008,205696,282,1,1,128,1,1,16,0.000,0.000,,,,,NVIDIA A100-SXM4-40GB MIG 4g.20gb (0),1,,13,cupy_copy__complex64_complex64
3601368455,2304,205705,26,1,1,128,1,1,16,0.000,0.000,,,,,NVIDIA A100-SXM4-40GB MIG 4g.20gb (0),1,,13,cupy_copy__float32_float32
3601371815,2880,205714,103,1,1,128,1,1,16,0.000,0.000,,,,,NVIDIA A100-SXM4-40GB MIG 4g.20gb (0),1,,13,cupy_copy__complex64_complex64
3601377383,12288,205724,1434,1,1,128,1,1,16,0.000,0.000,,,,,NVIDIA A100-SXM4-40GB MIG 4g.20gb (0),1,,13,cupy_copy__complex64_complex64
3601392679,80735,205729,1,1,1,32,32,1,30,0.000,0.000,,,,,NVIDIA A100-SXM4-40GB MIG 4g.20gb (0),1,,13,"void convert_kernel<__half2, float2>(tensor_layout_any, T1 *, tensor_layout_any, const T2 *)"
3601500741,5440,205732,,,,,,,,,,0.094,17223.480,Pinned,Device,NVIDIA A100-SXM4-40GB MIG 4g.20gb (0),1,,13,[CUDA memcpy Host-to-Device]
3601511269,601465,205733,,,,,,,,,,456.561,758805.113,Device,,NVIDIA A100-SXM4-40GB MIG 4g.20gb (0),1,,13,[CUDA memset]
3602117566,67359,205738,,,,,,,,,,1.235,18332.744,Pinned,Device,NVIDIA A100-SXM4-40GB MIG 4g.20gb (0),1,,13,[CUDA memcpy Host-to-Device]
3602189533,14880,205739,,,,,,,,,,0.197,13212.844,Pinned,Device,NVIDIA A100-SXM4-40GB MIG 4g.20gb (0),1,,13,[CUDA memcpy Host-to-Device]
3602212573,7295,205740,69,4,1,48,1,1,76,0.002,0.000,,,,,NVIDIA A100-SXM4-40GB MIG 4g.20gb (0),1,,13,"void ch_est::windowedChEstPreNoDftSOfdmKernel<float, __half, float, (unsigned int)2, (unsigned int)1, (unsigned short)4>(ch_est::puschRxChEstStatDescr_t *, ch_est::puschRxChEstDynDescr_t *)"
3602224252,6752,205741,137,2,1,24,2,1,44,0.001,0.001,,,,,NVIDIA A100-SXM4-40GB MIG 4g.20gb (0),1,,13,"void ch_est::chEstFilterNoDftSOfdmDispatchKernel<float, __half, float, (unsigned int)2>(ch_est::puschRxChEstStatDescr_t *, ch_est::puschRxChEstDynDescr_t *)"
3602235356,5632,205742,137,2,1,24,2,1,44,0.001,0.001,,,,,NVIDIA A100-SXM4-40GB MIG 4g.20gb (0),1,,13,"void ch_est::chEstFilterNoDftSOfdmDispatchKernel<float, __half, float, (unsigned int)2>(ch_est::puschRxChEstStatDescr_t *, ch_est::puschRxChEstDynDescr_t *)"
3602246684,2656,205753,103,1,1,128,1,1,16,0.000,0.000,,,,,NVIDIA A100-SXM4-40GB MIG 4g.20gb (0),1,,13,cupy_copy__complex64_complex64
3602252732,12448,205763,1434,1,1,128,1,1,16,0.000,0.000,,,,,NVIDIA A100-SXM4-40GB MIG 4g.20gb (0),1,,13,cupy_copy__complex64_complex64
3602270044,2592,205770,103,1,1,128,1,1,16,0.000,0.000,,,,,NVIDIA A100-SXM4-40GB MIG 4g.20gb (0),1,,13,cupy_copy__complex64_complex64
3602277852,92511,205777,1,1,1,32,32,1,30,0.000,0.000,,,,,NVIDIA A100-SXM4-40GB MIG 4g.20gb (0),1,,13,"void convert_kernel<__half2, float2>(tensor_layout_any, T1 *, tensor_layout_any, const T2 *)"
3602397882,8096,205780,,,,,,,,,,0.094,11573.049,Pinned,Device,NVIDIA A100-SXM4-40GB MIG 4g.20gb (0),1,,13,[CUDA memcpy Host-to-Device]
3602412282,47200,205781,,,,,,,,,,35.810,758668.965,Device,,NVIDIA A100-SXM4-40GB MIG 4g.20gb (0),1,,13,[CUDA memset]
3602464473,3456,205783,,,,,,,,,,0.000,23.148,Pinned,Device,NVIDIA A100-SXM4-40GB MIG 4g.20gb (0),1,,13,[CUDA memcpy Host-to-Device]
3602470617,9856,205784,,,,,,,,,,0.197,19948.044,Pinned,Device,NVIDIA A100-SXM4-40GB MIG 4g.20gb (0),1,,13,[CUDA memcpy Host-to-Device]
3602488153,12416,205785,273,1,1,48,1,1,40,0.000,0.001,,,,,NVIDIA A100-SXM4-40GB MIG 4g.20gb (0),1,,13,"void pusch_noise_intf_est::noiseIntfEstNoDftSOfdmKernel<float, __half, float, float, (unsigned int)2, (unsigned int)1, (unsigned char)4, (unsigned char)4>(pusch_noise_intf_est::puschRxNoiseIntfEstDynDescr)"
3602504569,3360,205796,35,1,1,128,1,1,16,0.000,0.000,,,,,NVIDIA A100-SXM4-40GB MIG 4g.20gb (0),1,,13,cupy_copy__complex64_complex64
3602516153,1888,205805,1,1,1,1,1,1,18,0.000,0.000,,,,,NVIDIA A100-SXM4-40GB MIG 4g.20gb (0),1,,13,cupy_copy__float32_float32
3602547928,2176,205811,,,,,,,,,,0.000,1.838,Device,Pageable,NVIDIA A100-SXM4-40GB MIG 4g.20gb (0),1,,7,[CUDA memcpy Device-to-Host]
3602611960,12991,205822,1434,1,1,128,1,1,16,0.000,0.000,,,,,NVIDIA A100-SXM4-40GB MIG 4g.20gb (0),1,,13,cupy_copy__complex64_complex64
3602637015,2784,205829,103,1,1,128,1,1,16,0.000,0.000,,,,,NVIDIA A100-SXM4-40GB MIG 4g.20gb (0),1,,13,cupy_copy__complex64_complex64
3602658007,2624,205836,35,1,1,128,1,1,16,0.000,0.000,,,,,NVIDIA A100-SXM4-40GB MIG 4g.20gb (0),1,,13,cupy_copy__complex64_complex64
3602677143,1856,205843,1,1,1,1,1,1,18,0.000,0.000,,,,,NVIDIA A100-SXM4-40GB MIG 4g.20gb (0),1,,13,cupy_copy__float32_float32
3602805205,87135,205854,1,1,1,32,32,1,30,0.000,0.000,,,,,NVIDIA A100-SXM4-40GB MIG 4g.20gb (0),1,,13,"void convert_kernel<__half2, float2>(tensor_layout_any, T1 *, tensor_layout_any, const T2 *)"
3602920884,5632,205857,,,,,,,,,,0.094,16636.287,Pinned,Device,NVIDIA A100-SXM4-40GB MIG 4g.20gb (0),1,,13,[CUDA memcpy Host-to-Device]
3602935604,3360,205858,,,,,,,,,,1.547,460304.688,Device,,NVIDIA A100-SXM4-40GB MIG 4g.20gb (0),1,,13,[CUDA memset]
3602942612,3040,205863,,,,,,,,,,0.031,10294.725,Pinned,Device,NVIDIA A100-SXM4-40GB MIG 4g.20gb (0),1,,13,[CUDA memcpy Host-to-Device]
3602948179,9440,205864,,,,,,,,,,0.197,20827.079,Pinned,Device,NVIDIA A100-SXM4-40GB MIG 4g.20gb (0),1,,13,[CUDA memcpy Host-to-Device]
3602962131,6976,205865,273,1,1,8,4,1,39,0.002,0.000,,,,,NVIDIA A100-SXM4-40GB MIG 4g.20gb (0),1,,13,"void channel_eq::eqMmseCoefCompLowMimoKernel<float, float, float, (unsigned int)4, (unsigned int)1, (unsigned int)4>(const channel_eq::_puschRxChEqStatDescr *, channel_eq::_puschRxChEqCoefCompDynDescr)"
3602972339,6048,205866,273,1,1,12,11,1,51,0.002,0.000,,,,,NVIDIA A100-SXM4-40GB MIG 4g.20gb (0),1,,13,"void channel_eq::eqMmseSoftDemapKernel<float, __half, __half, float, (unsigned int)4, (unsigned short)16383>(channel_eq::_puschRxChEqStatDescr *, channel_eq::_puschRxChEqSoftDemapDynDescr)"
3602979315,282493,205867,1,1,1,32,32,1,30,0.000,0.000,,,,,NVIDIA A100-SXM4-40GB MIG 4g.20gb (0),1,,13,"void convert_kernel<float2, __half2>(tensor_layout_any, T1 *, tensor_layout_any, const T2 *)"
3603262832,11167,205879,2253,1,1,128,1,1,16,0.000,0.000,,,,,NVIDIA A100-SXM4-40GB MIG 4g.20gb (0),1,,13,cupy_copy__float16_float16
3603275311,3104,205888,282,1,1,128,1,1,16,0.000,0.000,,,,,NVIDIA A100-SXM4-40GB MIG 4g.20gb (0),1,,13,cupy_copy__complex64_complex64
3603279663,2336,205897,26,1,1,128,1,1,16,0.000,0.000,,,,,NVIDIA A100-SXM4-40GB MIG 4g.20gb (0),1,,13,cupy_copy__float32_float32
3603285071,3200,205906,103,1,1,128,1,1,16,0.000,0.000,,,,,NVIDIA A100-SXM4-40GB MIG 4g.20gb (0),1,,13,cupy_copy__complex64_complex64
3603341615,12159,205922,1434,1,1,128,1,1,16,0.000,0.000,,,,,NVIDIA A100-SXM4-40GB MIG 4g.20gb (0),1,,13,cupy_copy__complex64_complex64
3603459149,82879,205927,1,1,1,32,32,1,30,0.000,0.000,,,,,NVIDIA A100-SXM4-40GB MIG 4g.20gb (0),1,,13,"void convert_kernel<__half2, float2>(tensor_layout_any, T1 *, tensor_layout_any, const T2 *)"
3603569100,5376,205930,,,,,,,,,,0.094,17428.487,Pinned,Device,NVIDIA A100-SXM4-40GB MIG 4g.20gb (0),1,,13,[CUDA memcpy Host-to-Device]
3603579180,598552,205931,,,,,,,,,,456.561,762457.605,Device,,NVIDIA A100-SXM4-40GB MIG 4g.20gb (0),1,,13,[CUDA memset]
3604181860,68159,205936,,,,,,,,,,1.235,18117.863,Pinned,Device,NVIDIA A100-SXM4-40GB MIG 4g.20gb (0),1,,13,[CUDA memcpy Host-to-Device]
3604253603,14784,205937,,,,,,,,,,0.197,13298.565,Pinned,Device,NVIDIA A100-SXM4-40GB MIG 4g.20gb (0),1,,13,[CUDA memcpy Host-to-Device]
3604275811,8608,205938,69,4,1,48,1,1,76,0.002,0.000,,,,,NVIDIA A100-SXM4-40GB MIG 4g.20gb (0),1,,13,"void ch_est::windowedChEstPreNoDftSOfdmKernel<float, __half, float, (unsigned int)2, (unsigned int)1, (unsigned short)4>(ch_est::puschRxChEstStatDescr_t *, ch_est::puschRxChEstDynDescr_t *)"
3604290179,6816,205939,137,2,1,24,2,1,44,0.001,0.001,,,,,NVIDIA A100-SXM4-40GB MIG 4g.20gb (0),1,,13,"void ch_est::chEstFilterNoDftSOfdmDispatchKernel<float, __half, float, (unsigned int)2>(ch_est::puschRxChEstStatDescr_t *, ch_est::puschRxChEstDynDescr_t *)"
3604299779,5312,205940,137,2,1,24,2,1,44,0.001,0.001,,,,,NVIDIA A100-SXM4-40GB MIG 4g.20gb (0),1,,13,"void ch_est::chEstFilterNoDftSOfdmDispatchKernel<float, __half, float, (unsigned int)2>(ch_est::puschRxChEstStatDescr_t *, ch_est::puschRxChEstDynDescr_t *)"
3604310979,2752,205951,103,1,1,128,1,1,16,0.000,0.000,,,,,NVIDIA A100-SXM4-40GB MIG 4g.20gb (0),1,,13,cupy_copy__complex64_complex64
3604317059,12479,205961,1434,1,1,128,1,1,16,0.000,0.000,,,,,NVIDIA A100-SXM4-40GB MIG 4g.20gb (0),1,,13,cupy_copy__complex64_complex64
3604330786,2592,205968,103,1,1,128,1,1,16,0.000,0.000,,,,,NVIDIA A100-SXM4-40GB MIG 4g.20gb (0),1,,13,cupy_copy__complex64_complex64
3604337410,84383,205975,1,1,1,32,32,1,30,0.000,0.000,,,,,NVIDIA A100-SXM4-40GB MIG 4g.20gb (0),1,,13,"void convert_kernel<__half2, float2>(tensor_layout_any, T1 *, tensor_layout_any, const T2 *)"
3604449953,5664,205978,,,,,,,,,,0.094,16542.310,Pinned,Device,NVIDIA A100-SXM4-40GB MIG 4g.20gb (0),1,,13,[CUDA memcpy Host-to-Device]
3604462753,47647,205979,,,,,,,,,,35.810,751542.791,Device,,NVIDIA A100-SXM4-40GB MIG 4g.20gb (0),1,,13,[CUDA memset]
3604513920,2048,205981,,,,,,,,,,0.000,39.062,Pinned,Device,NVIDIA A100-SXM4-40GB MIG 4g.20gb (0),1,,13,[CUDA memcpy Host-to-Device]
3604518912,10176,205982,,,,,,,,,,0.197,19320.668,Pinned,Device,NVIDIA A100-SXM4-40GB MIG 4g.20gb (0),1,,13,[CUDA memcpy Host-to-Device]
3604533440,13184,205983,273,1,1,48,1,1,40,0.000,0.001,,,,,NVIDIA A100-SXM4-40GB MIG 4g.20gb (0),1,,13,"void pusch_noise_intf_est::noiseIntfEstNoDftSOfdmKernel<float, __half, float, float, (unsigned int)2, (unsigned int)1, (unsigned char)4, (unsigned char)4>(pusch_noise_intf_est::puschRxNoiseIntfEstDynDescr)"
3604549056,3040,205994,35,1,1,128,1,1,16,0.000,0.000,,,,,NVIDIA A100-SXM4-40GB MIG 4g.20gb (0),1,,13,cupy_copy__complex64_complex64
3604572447,1856,206003,1,1,1,1,1,1,18,0.000,0.000,,,,,NVIDIA A100-SXM4-40GB MIG 4g.20gb (0),1,,13,cupy_copy__float32_float32
3604605535,1568,206009,,,,,,,,,,0.000,2.551,Device,Pageable,NVIDIA A100-SXM4-40GB MIG 4g.20gb (0),1,,7,[CUDA memcpy Device-to-Host]
3604665598,12768,206020,1434,1,1,128,1,1,16,0.000,0.000,,,,,NVIDIA A100-SXM4-40GB MIG 4g.20gb (0),1,,13,cupy_copy__complex64_complex64
3604690718,3488,206027,103,1,1,128,1,1,16,0.000,0.000,,,,,NVIDIA A100-SXM4-40GB MIG 4g.20gb (0),1,,13,cupy_copy__complex64_complex64
3604711198,2400,206034,35,1,1,128,1,1,16,0.000,0.000,,,,,NVIDIA A100-SXM4-40GB MIG 4g.20gb (0),1,,13,cupy_copy__complex64_complex64
3604730013,1824,206041,1,1,1,1,1,1,18,0.000,0.000,,,,,NVIDIA A100-SXM4-40GB MIG 4g.20gb (0),1,,13,cupy_copy__float32_float32
3604860700,88095,206052,1,1,1,32,32,1,30,0.000,0.000,,,,,NVIDIA A100-SXM4-40GB MIG 4g.20gb (0),1,,13,"void convert_kernel<__half2, float2>(tensor_layout_any, T1 *, tensor_layout_any, const T2 *)"
3604975962,5632,206055,,,,,,,,,,0.094,16636.287,Pinned,Device,NVIDIA A100-SXM4-40GB MIG 4g.20gb (0),1,,13,[CUDA memcpy Host-to-Device]
3604990170,3296,206056,,,,,,,,,,1.547,469242.628,Device,,NVIDIA A100-SXM4-40GB MIG 4g.20gb (0),1,,13,[CUDA memset]
3604996922,3040,206061,,,,,,,,,,0.031,10294.725,Pinned,Device,NVIDIA A100-SXM4-40GB MIG 4g.20gb (0),1,,13,[CUDA memcpy Host-to-Device]
3605002522,9376,206062,,,,,,,,,,0.197,20969.226,Pinned,Device,NVIDIA A100-SXM4-40GB MIG 4g.20gb (0),1,,13,[CUDA memcpy Host-to-Device]
3605018234,6624,206063,273,1,1,8,4,1,39,0.002,0.000,,,,,NVIDIA A100-SXM4-40GB MIG 4g.20gb (0),1,,13,"void channel_eq::eqMmseCoefCompLowMimoKernel<float, float, float, (unsigned int)4, (unsigned int)1, (unsigned int)4>(const channel_eq::_puschRxChEqStatDescr *, channel_eq::_puschRxChEqCoefCompDynDescr)"
3605025786,5888,206064,273,1,1,12,11,1,51,0.002,0.000,,,,,NVIDIA A100-SXM4-40GB MIG 4g.20gb (0),1,,13,"void channel_eq::eqMmseSoftDemapKernel<float, __half, __half, float, (unsigned int)4, (unsigned short)16383>(channel_eq::_puschRxChEqStatDescr *, channel_eq::_puschRxChEqSoftDemapDynDescr)"
3605032730,283004,206065,1,1,1,32,32,1,30,0.000,0.000,,,,,NVIDIA A100-SXM4-40GB MIG 4g.20gb (0),1,,13,"void convert_kernel<float2, __half2>(tensor_layout_any, T1 *, tensor_layout_any, const T2 *)"
3605317366,11072,206077,2253,1,1,128,1,1,16,0.000,0.000,,,,,NVIDIA A100-SXM4-40GB MIG 4g.20gb (0),1,,13,cupy_copy__float16_float16
3605331574,3808,206086,282,1,1,128,1,1,16,0.000,0.000,,,,,NVIDIA A100-SXM4-40GB MIG 4g.20gb (0),1,,13,cupy_copy__complex64_complex64
3605337814,2272,206095,26,1,1,128,1,1,16,0.000,0.000,,,,,NVIDIA A100-SXM4-40GB MIG 4g.20gb (0),1,,13,cupy_copy__float32_float32
3605341622,2976,206104,103,1,1,128,1,1,16,0.000,0.000,,,,,NVIDIA A100-SXM4-40GB MIG 4g.20gb (0),1,,13,cupy_copy__complex64_complex64
3605347414,12000,206114,1434,1,1,128,1,1,16,0.000,0.000,,,,,NVIDIA A100-SXM4-40GB MIG 4g.20gb (0),1,,13,cupy_copy__complex64_complex64
3605366166,82591,206119,1,1,1,32,32,1,30,0.000,0.000,,,,,NVIDIA A100-SXM4-40GB MIG 4g.20gb (0),1,,13,"void convert_kernel<__half2, float2>(tensor_layout_any, T1 *, tensor_layout_any, const T2 *)"
3605474964,5344,206122,,,,,,,,,,0.094,17532.864,Pinned,Device,NVIDIA A100-SXM4-40GB MIG 4g.20gb (0),1,,13,[CUDA memcpy Host-to-Device]
3605485620,608217,206123,,,,,,,,,,456.561,750587.007,Device,,NVIDIA A100-SXM4-40GB MIG 4g.20gb (0),1,,13,[CUDA memset]
3606098349,68575,206128,,,,,,,,,,1.235,18007.953,Pinned,Device,NVIDIA A100-SXM4-40GB MIG 4g.20gb (0),1,,13,[CUDA memcpy Host-to-Device]
3606171212,13823,206129,,,,,,,,,,0.197,14223.213,Pinned,Device,NVIDIA A100-SXM4-40GB MIG 4g.20gb (0),1,,13,[CUDA memcpy Host-to-Device]
3606192171,8320,206130,69,4,1,48,1,1,76,0.002,0.000,,,,,NVIDIA A100-SXM4-40GB MIG 4g.20gb (0),1,,13,"void ch_est::windowedChEstPreNoDftSOfdmKernel<float, __half, float, (unsigned int)2, (unsigned int)1, (unsigned short)4>(ch_est::puschRxChEstStatDescr_t *, ch_est::puschRxChEstDynDescr_t *)"
3606203531,5792,206131,137,2,1,24,2,1,44,0.001,0.001,,,,,NVIDIA A100-SXM4-40GB MIG 4g.20gb (0),1,,13,"void ch_est::chEstFilterNoDftSOfdmDispatchKernel<float, __half, float, (unsigned int)2>(ch_est::puschRxChEstStatDescr_t *, ch_est::puschRxChEstDynDescr_t *)"
3606213195,5344,206132,137,2,1,24,2,1,44,0.001,0.001,,,,,NVIDIA A100-SXM4-40GB MIG 4g.20gb (0),1,,13,"void ch_est::chEstFilterNoDftSOfdmDispatchKernel<float, __half, float, (unsigned int)2>(ch_est::puschRxChEstStatDescr_t *, ch_est::puschRxChEstDynDescr_t *)"
3606223755,2464,206143,103,1,1,128,1,1,16,0.000,0.000,,,,,NVIDIA A100-SXM4-40GB MIG 4g.20gb (0),1,,13,cupy_copy__complex64_complex64
3606230347,13056,206153,1434,1,1,128,1,1,16,0.000,0.000,,,,,NVIDIA A100-SXM4-40GB MIG 4g.20gb (0),1,,13,cupy_copy__complex64_complex64
3606246987,2592,206160,103,1,1,128,1,1,16,0.000,0.000,,,,,NVIDIA A100-SXM4-40GB MIG 4g.20gb (0),1,,13,cupy_copy__complex64_complex64
3606253995,89599,206167,1,1,1,32,32,1,30,0.000,0.000,,,,,NVIDIA A100-SXM4-40GB MIG 4g.20gb (0),1,,13,"void convert_kernel<__half2, float2>(tensor_layout_any, T1 *, tensor_layout_any, const T2 *)"
3606371561,6144,206170,,,,,,,,,,0.094,15249.961,Pinned,Device,NVIDIA A100-SXM4-40GB MIG 4g.20gb (0),1,,13,[CUDA memcpy Host-to-Device]
3606386473,47807,206171,,,,,,,,,,35.810,749036.097,Device,,NVIDIA A100-SXM4-40GB MIG 4g.20gb (0),1,,13,[CUDA memset]
3606438120,1824,206173,,,,,,,,,,0.000,43.860,Pinned,Device,NVIDIA A100-SXM4-40GB MIG 4g.20gb (0),1,,13,[CUDA memcpy Host-to-Device]
3606443176,10208,206174,,,,,,,,,,0.197,19260.113,Pinned,Device,NVIDIA A100-SXM4-40GB MIG 4g.20gb (0),1,,13,[CUDA memcpy Host-to-Device]
3606461000,10240,206175,273,1,1,48,1,1,40,0.000,0.001,,,,,NVIDIA A100-SXM4-40GB MIG 4g.20gb (0),1,,13,"void pusch_noise_intf_est::noiseIntfEstNoDftSOfdmKernel<float, __half, float, float, (unsigned int)2, (unsigned int)1, (unsigned char)4, (unsigned char)4>(pusch_noise_intf_est::puschRxNoiseIntfEstDynDescr)"
3606473704,3232,206186,35,1,1,128,1,1,16,0.000,0.000,,,,,NVIDIA A100-SXM4-40GB MIG 4g.20gb (0),1,,13,cupy_copy__complex64_complex64
3606495912,1952,206195,1,1,1,1,1,1,18,0.000,0.000,,,,,NVIDIA A100-SXM4-40GB MIG 4g.20gb (0),1,,13,cupy_copy__float32_float32
3606527879,1632,206201,,,,,,,,,,0.000,2.451,Device,Pageable,NVIDIA A100-SXM4-40GB MIG 4g.20gb (0),1,,7,[CUDA memcpy Device-to-Host]
3606586919,12831,206212,1434,1,1,128,1,1,16,0.000,0.000,,,,,NVIDIA A100-SXM4-40GB MIG 4g.20gb (0),1,,13,cupy_copy__complex64_complex64
3606613670,2880,206219,103,1,1,128,1,1,16,0.000,0.000,,,,,NVIDIA A100-SXM4-40GB MIG 4g.20gb (0),1,,13,cupy_copy__complex64_complex64
3606634406,2304,206226,35,1,1,128,1,1,16,0.000,0.000,,,,,NVIDIA A100-SXM4-40GB MIG 4g.20gb (0),1,,13,cupy_copy__complex64_complex64
3606652614,1792,206233,1,1,1,1,1,1,18,0.000,0.000,,,,,NVIDIA A100-SXM4-40GB MIG 4g.20gb (0),1,,13,cupy_copy__float32_float32
3606783300,82303,206244,1,1,1,32,32,1,30,0.000,0.000,,,,,NVIDIA A100-SXM4-40GB MIG 4g.20gb (0),1,,13,"void convert_kernel<__half2, float2>(tensor_layout_any, T1 *, tensor_layout_any, const T2 *)"
3606893571,5408,206247,,,,,,,,,,0.094,17325.421,Pinned,Device,NVIDIA A100-SXM4-40GB MIG 4g.20gb (0),1,,13,[CUDA memcpy Host-to-Device]
3606907843,3167,206248,,,,,,,,,,1.547,488355.808,Device,,NVIDIA A100-SXM4-40GB MIG 4g.20gb (0),1,,13,[CUDA memset]
3606914626,3136,206253,,,,,,,,,,0.031,9979.575,Pinned,Device,NVIDIA A100-SXM4-40GB MIG 4g.20gb (0),1,,13,[CUDA memcpy Host-to-Device]
3606920162,9440,206254,,,,,,,,,,0.197,20827.079,Pinned,Device,NVIDIA A100-SXM4-40GB MIG 4g.20gb (0),1,,13,[CUDA memcpy Host-to-Device]
3606934882,6464,206255,273,1,1,8,4,1,39,0.002,0.000,,,,,NVIDIA A100-SXM4-40GB MIG 4g.20gb (0),1,,13,"void channel_eq::eqMmseCoefCompLowMimoKernel<float, float, float, (unsigned int)4, (unsigned int)1, (unsigned int)4>(const channel_eq::_puschRxChEqStatDescr *, channel_eq::_puschRxChEqCoefCompDynDescr)"
3606943330,7744,206256,273,1,1,12,11,1,51,0.002,0.000,,,,,NVIDIA A100-SXM4-40GB MIG 4g.20gb (0),1,,13,"void channel_eq::eqMmseSoftDemapKernel<float, __half, __half, float, (unsigned int)4, (unsigned short)16383>(channel_eq::_puschRxChEqStatDescr *, channel_eq::_puschRxChEqSoftDemapDynDescr)"
3606952162,282428,206257,1,1,1,32,32,1,30,0.000,0.000,,,,,NVIDIA A100-SXM4-40GB MIG 4g.20gb (0),1,,13,"void convert_kernel<float2, __half2>(tensor_layout_any, T1 *, tensor_layout_any, const T2 *)"
3607236926,10848,206269,2253,1,1,128,1,1,16,0.000,0.000,,,,,NVIDIA A100-SXM4-40GB MIG 4g.20gb (0),1,,13,cupy_copy__float16_float16
3607252574,2912,206278,282,1,1,128,1,1,16,0.000,0.000,,,,,NVIDIA A100-SXM4-40GB MIG 4g.20gb (0),1,,13,cupy_copy__complex64_complex64
3607257854,2496,206287,26,1,1,128,1,1,16,0.000,0.000,,,,,NVIDIA A100-SXM4-40GB MIG 4g.20gb (0),1,,13,cupy_copy__float32_float32
3607261310,2912,206296,103,1,1,128,1,1,16,0.000,0.000,,,,,NVIDIA A100-SXM4-40GB MIG 4g.20gb (0),1,,13,cupy_copy__complex64_complex64
3607266270,11840,206306,1434,1,1,128,1,1,16,0.000,0.000,,,,,NVIDIA A100-SXM4-40GB MIG 4g.20gb (0),1,,13,cupy_copy__complex64_complex64
3607286206,82047,206311,1,1,1,32,32,1,30,0.000,0.000,,,,,NVIDIA A100-SXM4-40GB MIG 4g.20gb (0),1,,13,"void convert_kernel<__half2, float2>(tensor_layout_any, T1 *, tensor_layout_any, const T2 *)"
3607395357,5503,206314,,,,,,,,,,0.094,17026.343,Pinned,Device,NVIDIA A100-SXM4-40GB MIG 4g.20gb (0),1,,13,[CUDA memcpy Host-to-Device]
3607405212,609817,206315,,,,,,,,,,456.561,748304.200,Device,,NVIDIA A100-SXM4-40GB MIG 4g.20gb (0),1,,13,[CUDA memset]
3608017557,65535,206320,,,,,,,,,,1.235,18844.010,Pinned,Device,NVIDIA A100-SXM4-40GB MIG 4g.20gb (0),1,,13,[CUDA memcpy Host-to-Device]
3608086324,15296,206321,,,,,,,,,,0.197,12853.445,Pinned,Device,NVIDIA A100-SXM4-40GB MIG 4g.20gb (0),1,,13,[CUDA memcpy Host-to-Device]
3608110292,8384,206322,69,4,1,48,1,1,76,0.002,0.000,,,,,NVIDIA A100-SXM4-40GB MIG 4g.20gb (0),1,,13,"void ch_est::windowedChEstPreNoDftSOfdmKernel<float, __half, float, (unsigned int)2, (unsigned int)1, (unsigned short)4>(ch_est::puschRxChEstStatDescr_t *, ch_est::puschRxChEstDynDescr_t *)"
3608121716,6303,206323,137,2,1,24,2,1,44,0.001,0.001,,,,,NVIDIA A100-SXM4-40GB MIG 4g.20gb (0),1,,13,"void ch_est::chEstFilterNoDftSOfdmDispatchKernel<float, __half, float, (unsigned int)2>(ch_est::puschRxChEstStatDescr_t *, ch_est::puschRxChEstDynDescr_t *)"
3608131091,5376,206324,137,2,1,24,2,1,44,0.001,0.001,,,,,NVIDIA A100-SXM4-40GB MIG 4g.20gb (0),1,,13,"void ch_est::chEstFilterNoDftSOfdmDispatchKernel<float, __half, float, (unsigned int)2>(ch_est::puschRxChEstStatDescr_t *, ch_est::puschRxChEstDynDescr_t *)"
3608141427,2816,206335,103,1,1,128,1,1,16,0.000,0.000,,,,,NVIDIA A100-SXM4-40GB MIG 4g.20gb (0),1,,13,cupy_copy__complex64_complex64
3608146547,12608,206345,1434,1,1,128,1,1,16,0.000,0.000,,,,,NVIDIA A100-SXM4-40GB MIG 4g.20gb (0),1,,13,cupy_copy__complex64_complex64
3608161619,2944,206352,103,1,1,128,1,1,16,0.000,0.000,,,,,NVIDIA A100-SXM4-40GB MIG 4g.20gb (0),1,,13,cupy_copy__complex64_complex64
3608167955,84415,206359,1,1,1,32,32,1,30,0.000,0.000,,,,,NVIDIA A100-SXM4-40GB MIG 4g.20gb (0),1,,13,"void convert_kernel<__half2, float2>(tensor_layout_any, T1 *, tensor_layout_any, const T2 *)"
3608279666,7487,206362,,,,,,,,,,0.094,12514.413,Pinned,Device,NVIDIA A100-SXM4-40GB MIG 4g.20gb (0),1,,13,[CUDA memcpy Host-to-Device]
3608295185,47840,206363,,,,,,,,,,35.810,748534.758,Device,,NVIDIA A100-SXM4-40GB MIG 4g.20gb (0),1,,13,[CUDA memset]
3608346193,2272,206365,,,,,,,,,,0.000,35.211,Pinned,Device,NVIDIA A100-SXM4-40GB MIG 4g.20gb (0),1,,13,[CUDA memcpy Host-to-Device]
3608352817,11200,206366,,,,,,,,,,0.197,17554.145,Pinned,Device,NVIDIA A100-SXM4-40GB MIG 4g.20gb (0),1,,13,[CUDA memcpy Host-to-Device]
3608370672,10240,206367,273,1,1,48,1,1,40,0.000,0.001,,,,,NVIDIA A100-SXM4-40GB MIG 4g.20gb (0),1,,13,"void pusch_noise_intf_est::noiseIntfEstNoDftSOfdmKernel<float, __half, float, float, (unsigned int)2, (unsigned int)1, (unsigned char)4, (unsigned char)4>(pusch_noise_intf_est::puschRxNoiseIntfEstDynDescr)"
3608383216,3104,206378,35,1,1,128,1,1,16,0.000,0.000,,,,,NVIDIA A100-SXM4-40GB MIG 4g.20gb (0),1,,13,cupy_copy__complex64_complex64
3608401872,1920,206387,1,1,1,1,1,1,18,0.000,0.000,,,,,NVIDIA A100-SXM4-40GB MIG 4g.20gb (0),1,,13,cupy_copy__float32_float32
3608433968,1600,206393,,,,,,,,,,0.000,2.500,Device,Pageable,NVIDIA A100-SXM4-40GB MIG 4g.20gb (0),1,,7,[CUDA memcpy Device-to-Host]
3608493583,12800,206404,1434,1,1,128,1,1,16,0.000,0.000,,,,,NVIDIA A100-SXM4-40GB MIG 4g.20gb (0),1,,13,cupy_copy__complex64_complex64
3608520303,3488,206411,103,1,1,128,1,1,16,0.000,0.000,,,,,NVIDIA A100-SXM4-40GB MIG 4g.20gb (0),1,,13,cupy_copy__complex64_complex64
3608540110,2336,206418,35,1,1,128,1,1,16,0.000,0.000,,,,,NVIDIA A100-SXM4-40GB MIG 4g.20gb (0),1,,13,cupy_copy__complex64_complex64
3608557870,2112,206425,1,1,1,1,1,1,18,0.000,0.000,,,,,NVIDIA A100-SXM4-40GB MIG 4g.20gb (0),1,,13,cupy_copy__float32_float32
3608688973,82622,206436,1,1,1,32,32,1,30,0.000,0.000,,,,,NVIDIA A100-SXM4-40GB MIG 4g.20gb (0),1,,13,"void convert_kernel<__half2, float2>(tensor_layout_any, T1 *, tensor_layout_any, const T2 *)"
3608799435,5472,206439,,,,,,,,,,0.094,17122.757,Pinned,Device,NVIDIA A100-SXM4-40GB MIG 4g.20gb (0),1,,13,[CUDA memcpy Host-to-Device]
3608813227,3360,206440,,,,,,,,,,1.547,460304.688,Device,,NVIDIA A100-SXM4-40GB MIG 4g.20gb (0),1,,13,[CUDA memset]
3608820299,3200,206445,,,,,,,,,,0.031,9780.000,Pinned,Device,NVIDIA A100-SXM4-40GB MIG 4g.20gb (0),1,,13,[CUDA memcpy Host-to-Device]
3608825963,9440,206446,,,,,,,,,,0.197,20827.079,Pinned,Device,NVIDIA A100-SXM4-40GB MIG 4g.20gb (0),1,,13,[CUDA memcpy Host-to-Device]
3608840459,8000,206447,273,1,1,8,4,1,39,0.002,0.000,,,,,NVIDIA A100-SXM4-40GB MIG 4g.20gb (0),1,,13,"void channel_eq::eqMmseCoefCompLowMimoKernel<float, float, float, (unsigned int)4, (unsigned int)1, (unsigned int)4>(const channel_eq::_puschRxChEqStatDescr *, channel_eq::_puschRxChEqCoefCompDynDescr)"
3608849483,5599,206448,273,1,1,12,11,1,51,0.002,0.000,,,,,NVIDIA A100-SXM4-40GB MIG 4g.20gb (0),1,,13,"void channel_eq::eqMmseSoftDemapKernel<float, __half, __half, float, (unsigned int)4, (unsigned short)16383>(channel_eq::_puschRxChEqStatDescr *, channel_eq::_puschRxChEqSoftDemapDynDescr)"
3608856170,283197,206449,1,1,1,32,32,1,30,0.000,0.000,,,,,NVIDIA A100-SXM4-40GB MIG 4g.20gb (0),1,,13,"void convert_kernel<float2, __half2>(tensor_layout_any, T1 *, tensor_layout_any, const T2 *)"
3609140391,10944,206461,2253,1,1,128,1,1,16,0.000,0.000,,,,,NVIDIA A100-SXM4-40GB MIG 4g.20gb (0),1,,13,cupy_copy__float16_float16
3609154887,3584,206470,282,1,1,128,1,1,16,0.000,0.000,,,,,NVIDIA A100-SXM4-40GB MIG 4g.20gb (0),1,,13,cupy_copy__complex64_complex64
3609160391,2080,206479,26,1,1,128,1,1,16,0.000,0.000,,,,,NVIDIA A100-SXM4-40GB MIG 4g.20gb (0),1,,13,cupy_copy__float32_float32
3609165095,4480,206488,103,1,1,128,1,1,16,0.000,0.000,,,,,NVIDIA A100-SXM4-40GB MIG 4g.20gb (0),1,,13,cupy_copy__complex64_complex64
3609171719,12063,206498,1434,1,1,128,1,1,16,0.000,0.000,,,,,NVIDIA A100-SXM4-40GB MIG 4g.20gb (0),1,,13,cupy_copy__complex64_complex64
3609189958,87615,206503,1,1,1,32,32,1,30,0.000,0.000,,,,,NVIDIA A100-SXM4-40GB MIG 4g.20gb (0),1,,13,"void convert_kernel<__half2, float2>(tensor_layout_any, T1 *, tensor_layout_any, const T2 *)"
3609304453,5408,206506,,,,,,,,,,0.094,17325.421,Pinned,Device,NVIDIA A100-SXM4-40GB MIG 4g.20gb (0),1,,13,[CUDA memcpy Host-to-Device]
3609315013,608568,206507,,,,,,,,,,456.561,750130.446,Device,,NVIDIA A100-SXM4-40GB MIG 4g.20gb (0),1,,13,[CUDA memset]
3609929085,71807,206512,,,,,,,,,,1.235,17197.830,Pinned,Device,NVIDIA A100-SXM4-40GB MIG 4g.20gb (0),1,,13,[CUDA memcpy Host-to-Device]
3610005212,15520,206513,,,,,,,,,,0.197,12667.847,Pinned,Device,NVIDIA A100-SXM4-40GB MIG 4g.20gb (0),1,,13,[CUDA memcpy Host-to-Device]
3610026300,8640,206514,69,4,1,48,1,1,76,0.002,0.000,,,,,NVIDIA A100-SXM4-40GB MIG 4g.20gb (0),1,,13,"void ch_est::windowedChEstPreNoDftSOfdmKernel<float, __half, float, (unsigned int)2, (unsigned int)1, (unsigned short)4>(ch_est::puschRxChEstStatDescr_t *, ch_est::puschRxChEstDynDescr_t *)"
3610037372,7776,206515,137,2,1,24,2,1,44,0.001,0.001,,,,,NVIDIA A100-SXM4-40GB MIG 4g.20gb (0),1,,13,"void ch_est::chEstFilterNoDftSOfdmDispatchKernel<float, __half, float, (unsigned int)2>(ch_est::puschRxChEstStatDescr_t *, ch_est::puschRxChEstDynDescr_t *)"
3610049596,5408,206516,137,2,1,24,2,1,44,0.001,0.001,,,,,NVIDIA A100-SXM4-40GB MIG 4g.20gb (0),1,,13,"void ch_est::chEstFilterNoDftSOfdmDispatchKernel<float, __half, float, (unsigned int)2>(ch_est::puschRxChEstStatDescr_t *, ch_est::puschRxChEstDynDescr_t *)"
3610059420,2656,206527,103,1,1,128,1,1,16,0.000,0.000,,,,,NVIDIA A100-SXM4-40GB MIG 4g.20gb (0),1,,13,cupy_copy__complex64_complex64
3610065275,12864,206537,1434,1,1,128,1,1,16,0.000,0.000,,,,,NVIDIA A100-SXM4-40GB MIG 4g.20gb (0),1,,13,cupy_copy__complex64_complex64
3610082651,2400,206544,103,1,1,128,1,1,16,0.000,0.000,,,,,NVIDIA A100-SXM4-40GB MIG 4g.20gb (0),1,,13,cupy_copy__complex64_complex64
3610090875,83167,206551,1,1,1,32,32,1,30,0.000,0.000,,,,,NVIDIA A100-SXM4-40GB MIG 4g.20gb (0),1,,13,"void convert_kernel<__half2, float2>(tensor_layout_any, T1 *, tensor_layout_any, const T2 *)"
3610202938,8512,206554,,,,,,,,,,0.094,11007.500,Pinned,Device,NVIDIA A100-SXM4-40GB MIG 4g.20gb (0),1,,13,[CUDA memcpy Host-to-Device]
3610219770,47487,206555,,,,,,,,,,35.810,754085.295,Device,,NVIDIA A100-SXM4-40GB MIG 4g.20gb (0),1,,13,[CUDA memset]
3610268921,3840,206557,,,,,,,,,,0.000,20.833,Pinned,Device,NVIDIA A100-SXM4-40GB MIG 4g.20gb (0),1,,13,[CUDA memcpy Host-to-Device]
3610275417,12640,206558,,,,,,,,,,0.197,15554.249,Pinned,Device,NVIDIA A100-SXM4-40GB MIG 4g.20gb (0),1,,13,[CUDA memcpy Host-to-Device]
3610295609,10336,206559,273,1,1,48,1,1,40,0.000,0.001,,,,,NVIDIA A100-SXM4-40GB MIG 4g.20gb (0),1,,13,"void pusch_noise_intf_est::noiseIntfEstNoDftSOfdmKernel<float, __half, float, float, (unsigned int)2, (unsigned int)1, (unsigned char)4, (unsigned char)4>(pusch_noise_intf_est::puschRxNoiseIntfEstDynDescr)"
3610307577,3103,206570,35,1,1,128,1,1,16,0.000,0.000,,,,,NVIDIA A100-SXM4-40GB MIG 4g.20gb (0),1,,13,cupy_copy__complex64_complex64
3610323608,2080,206579,1,1,1,1,1,1,18,0.000,0.000,,,,,NVIDIA A100-SXM4-40GB MIG 4g.20gb (0),1,,13,cupy_copy__float32_float32
3610357816,1600,206585,,,,,,,,,,0.000,2.500,Device,Pageable,NVIDIA A100-SXM4-40GB MIG 4g.20gb (0),1,,7,[CUDA memcpy Device-to-Host]
3610417591,12800,206596,1434,1,1,128,1,1,16,0.000,0.000,,,,,NVIDIA A100-SXM4-40GB MIG 4g.20gb (0),1,,13,cupy_copy__complex64_complex64
3610444119,2976,206603,103,1,1,128,1,1,16,0.000,0.000,,,,,NVIDIA A100-SXM4-40GB MIG 4g.20gb (0),1,,13,cupy_copy__complex64_complex64
3610465111,2528,206610,35,1,1,128,1,1,16,0.000,0.000,,,,,NVIDIA A100-SXM4-40GB MIG 4g.20gb (0),1,,13,cupy_copy__complex64_complex64
3610483830,1760,206617,1,1,1,1,1,1,18,0.000,0.000,,,,,NVIDIA A100-SXM4-40GB MIG 4g.20gb (0),1,,13,cupy_copy__float32_float32
3610614613,81855,206628,1,1,1,32,32,1,30,0.000,0.000,,,,,NVIDIA A100-SXM4-40GB MIG 4g.20gb (0),1,,13,"void convert_kernel<__half2, float2>(tensor_layout_any, T1 *, tensor_layout_any, const T2 *)"
3610724243,5408,206631,,,,,,,,,,0.094,17325.421,Pinned,Device,NVIDIA A100-SXM4-40GB MIG 4g.20gb (0),1,,13,[CUDA memcpy Host-to-Device]
3610738483,3328,206632,,,,,,,,,,1.547,464729.580,Device,,NVIDIA A100-SXM4-40GB MIG 4g.20gb (0),1,,13,[CUDA memset]
3610744531,3424,206637,,,,,,,,,,0.031,9140.185,Pinned,Device,NVIDIA A100-SXM4-40GB MIG 4g.20gb (0),1,,13,[CUDA memcpy Host-to-Device]
3610750387,9600,206638,,,,,,,,,,0.197,20479.869,Pinned,Device,NVIDIA A100-SXM4-40GB MIG 4g.20gb (0),1,,13,[CUDA memcpy Host-to-Device]
3610763891,6720,206639,273,1,1,8,4,1,39,0.002,0.000,,,,,NVIDIA A100-SXM4-40GB MIG 4g.20gb (0),1,,13,"void channel_eq::eqMmseCoefCompLowMimoKernel<float, float, float, (unsigned int)4, (unsigned int)1, (unsigned int)4>(const channel_eq::_puschRxChEqStatDescr *, channel_eq::_puschRxChEqCoefCompDynDescr)"
3610771571,6336,206640,273,1,1,12,11,1,51,0.002,0.000,,,,,NVIDIA A100-SXM4-40GB MIG 4g.20gb (0),1,,13,"void channel_eq::eqMmseSoftDemapKernel<float, __half, __half, float, (unsigned int)4, (unsigned short)16383>(channel_eq::_puschRxChEqStatDescr *, channel_eq::_puschRxChEqSoftDemapDynDescr)"
3610778995,282588,206641,1,1,1,32,32,1,30,0.000,0.000,,,,,NVIDIA A100-SXM4-40GB MIG 4g.20gb (0),1,,13,"void convert_kernel<float2, __half2>(tensor_layout_any, T1 *, tensor_layout_any, const T2 *)"
3611063791,10976,206653,2253,1,1,128,1,1,16,0.000,0.000,,,,,NVIDIA A100-SXM4-40GB MIG 4g.20gb (0),1,,13,cupy_copy__float16_float16
3611077775,3168,206662,282,1,1,128,1,1,16,0.000,0.000,,,,,NVIDIA A100-SXM4-40GB MIG 4g.20gb (0),1,,13,cupy_copy__complex64_complex64
3611083951,2624,206671,26,1,1,128,1,1,16,0.000,0.000,,,,,NVIDIA A100-SXM4-40GB MIG 4g.20gb (0),1,,13,cupy_copy__float32_float32
3611087567,2912,206680,103,1,1,128,1,1,16,0.000,0.000,,,,,NVIDIA A100-SXM4-40GB MIG 4g.20gb (0),1,,13,cupy_copy__complex64_complex64
3611092367,11904,206690,1434,1,1,128,1,1,16,0.000,0.000,,,,,NVIDIA A100-SXM4-40GB MIG 4g.20gb (0),1,,13,cupy_copy__complex64_complex64
3611124622,82463,206695,1,1,1,32,32,1,30,0.000,0.000,,,,,NVIDIA A100-SXM4-40GB MIG 4g.20gb (0),1,,13,"void convert_kernel<__half2, float2>(tensor_layout_any, T1 *, tensor_layout_any, const T2 *)"
3611235437,5376,206698,,,,,,,,,,0.094,17428.487,Pinned,Device,NVIDIA A100-SXM4-40GB MIG 4g.20gb (0),1,,13,[CUDA memcpy Host-to-Device]
3611245325,600600,206699,,,,,,,,,,456.561,760174.798,Device,,NVIDIA A100-SXM4-40GB MIG 4g.20gb (0),1,,13,[CUDA memset]
3611847749,72832,206704,,,,,,,,,,1.235,16955.781,Pinned,Device,NVIDIA A100-SXM4-40GB MIG 4g.20gb (0),1,,13,[CUDA memcpy Host-to-Device]
3611924869,15039,206705,,,,,,,,,,0.197,13073.056,Pinned,Device,NVIDIA A100-SXM4-40GB MIG 4g.20gb (0),1,,13,[CUDA memcpy Host-to-Device]
3611949124,8064,206706,69,4,1,48,1,1,76,0.002,0.000,,,,,NVIDIA A100-SXM4-40GB MIG 4g.20gb (0),1,,13,"void ch_est::windowedChEstPreNoDftSOfdmKernel<float, __half, float, (unsigned int)2, (unsigned int)1, (unsigned short)4>(ch_est::puschRxChEstStatDescr_t *, ch_est::puschRxChEstDynDescr_t *)"
3611960580,6592,206707,137,2,1,24,2,1,44,0.001,0.001,,,,,NVIDIA A100-SXM4-40GB MIG 4g.20gb (0),1,,13,"void ch_est::chEstFilterNoDftSOfdmDispatchKernel<float, __half, float, (unsigned int)2>(ch_est::puschRxChEstStatDescr_t *, ch_est::puschRxChEstDynDescr_t *)"
3611969668,5216,206708,137,2,1,24,2,1,44,0.001,0.001,,,,,NVIDIA A100-SXM4-40GB MIG 4g.20gb (0),1,,13,"void ch_est::chEstFilterNoDftSOfdmDispatchKernel<float, __half, float, (unsigned int)2>(ch_est::puschRxChEstStatDescr_t *, ch_est::puschRxChEstDynDescr_t *)"
3611980964,2656,206719,103,1,1,128,1,1,16,0.000,0.000,,,,,NVIDIA A100-SXM4-40GB MIG 4g.20gb (0),1,,13,cupy_copy__complex64_complex64
3611986116,12544,206729,1434,1,1,128,1,1,16,0.000,0.000,,,,,NVIDIA A100-SXM4-40GB MIG 4g.20gb (0),1,,13,cupy_copy__complex64_complex64
3612006851,2720,206736,103,1,1,128,1,1,16,0.000,0.000,,,,,NVIDIA A100-SXM4-40GB MIG 4g.20gb (0),1,,13,cupy_copy__complex64_complex64
3612012643,88927,206743,1,1,1,32,32,1,30,0.000,0.000,,,,,NVIDIA A100-SXM4-40GB MIG 4g.20gb (0),1,,13,"void convert_kernel<__half2, float2>(tensor_layout_any, T1 *, tensor_layout_any, const T2 *)"
3612128802,8800,206746,,,,,,,,,,0.094,10647.239,Pinned,Device,NVIDIA A100-SXM4-40GB MIG 4g.20gb (0),1,,13,[CUDA memcpy Host-to-Device]
3612146402,47711,206747,,,,,,,,,,35.810,750540.113,Device,,NVIDIA A100-SXM4-40GB MIG 4g.20gb (0),1,,13,[CUDA memset]
3612198241,2144,206749,,,,,,,,,,0.000,37.313,Pinned,Device,NVIDIA A100-SXM4-40GB MIG 4g.20gb (0),1,,13,[CUDA memcpy Host-to-Device]
3612204129,12448,206750,,,,,,,,,,0.197,15794.307,Pinned,Device,NVIDIA A100-SXM4-40GB MIG 4g.20gb (0),1,,13,[CUDA memcpy Host-to-Device]
3612223201,12544,206751,273,1,1,48,1,1,40,0.000,0.001,,,,,NVIDIA A100-SXM4-40GB MIG 4g.20gb (0),1,,13,"void pusch_noise_intf_est::noiseIntfEstNoDftSOfdmKernel<float, __half, float, float, (unsigned int)2, (unsigned int)1, (unsigned char)4, (unsigned char)4>(pusch_noise_intf_est::puschRxNoiseIntfEstDynDescr)"
3612236993,2848,206762,35,1,1,128,1,1,16,0.000,0.000,,,,,NVIDIA A100-SXM4-40GB MIG 4g.20gb (0),1,,13,cupy_copy__complex64_complex64
3612251360,2048,206771,1,1,1,1,1,1,18,0.000,0.000,,,,,NVIDIA A100-SXM4-40GB MIG 4g.20gb (0),1,,13,cupy_copy__float32_float32
3612283808,1568,206777,,,,,,,,,,0.000,2.551,Device,Pageable,NVIDIA A100-SXM4-40GB MIG 4g.20gb (0),1,,7,[CUDA memcpy Device-to-Host]
3612344063,12800,206788,1434,1,1,128,1,1,16,0.000,0.000,,,,,NVIDIA A100-SXM4-40GB MIG 4g.20gb (0),1,,13,cupy_copy__complex64_complex64
3612369663,3424,206795,103,1,1,128,1,1,16,0.000,0.000,,,,,NVIDIA A100-SXM4-40GB MIG 4g.20gb (0),1,,13,cupy_copy__complex64_complex64
3612390111,2400,206802,35,1,1,128,1,1,16,0.000,0.000,,,,,NVIDIA A100-SXM4-40GB MIG 4g.20gb (0),1,,13,cupy_copy__complex64_complex64
3612408031,1792,206809,1,1,1,1,1,1,18,0.000,0.000,,,,,NVIDIA A100-SXM4-40GB MIG 4g.20gb (0),1,,13,cupy_copy__float32_float32
3612539869,87039,206820,1,1,1,32,32,1,30,0.000,0.000,,,,,NVIDIA A100-SXM4-40GB MIG 4g.20gb (0),1,,13,"void convert_kernel<__half2, float2>(tensor_layout_any, T1 *, tensor_layout_any, const T2 *)"
3612654491,5536,206823,,,,,,,,,,0.094,16924.777,Pinned,Device,NVIDIA A100-SXM4-40GB MIG 4g.20gb (0),1,,13,[CUDA memcpy Host-to-Device]
3612668443,3424,206824,,,,,,,,,,1.547,451700.819,Device,,NVIDIA A100-SXM4-40GB MIG 4g.20gb (0),1,,13,[CUDA memset]
3612675675,3168,206829,,,,,,,,,,0.031,9878.770,Pinned,Device,NVIDIA A100-SXM4-40GB MIG 4g.20gb (0),1,,13,[CUDA memcpy Host-to-Device]
3612681339,9408,206830,,,,,,,,,,0.197,20897.858,Pinned,Device,NVIDIA A100-SXM4-40GB MIG 4g.20gb (0),1,,13,[CUDA memcpy Host-to-Device]
3612695355,6912,206831,273,1,1,8,4,1,39,0.002,0.000,,,,,NVIDIA A100-SXM4-40GB MIG 4g.20gb (0),1,,13,"void channel_eq::eqMmseCoefCompLowMimoKernel<float, float, float, (unsigned int)4, (unsigned int)1, (unsigned int)4>(const channel_eq::_puschRxChEqStatDescr *, channel_eq::_puschRxChEqCoefCompDynDescr)"
3612704987,5984,206832,273,1,1,12,11,1,51,0.002,0.000,,,,,NVIDIA A100-SXM4-40GB MIG 4g.20gb (0),1,,13,"void channel_eq::eqMmseSoftDemapKernel<float, __half, __half, float, (unsigned int)4, (unsigned short)16383>(channel_eq::_puschRxChEqStatDescr *, channel_eq::_puschRxChEqSoftDemapDynDescr)"
3612712027,282780,206833,1,1,1,32,32,1,30,0.000,0.000,,,,,NVIDIA A100-SXM4-40GB MIG 4g.20gb (0),1,,13,"void convert_kernel<float2, __half2>(tensor_layout_any, T1 *, tensor_layout_any, const T2 *)"
3612995863,11136,206845,2253,1,1,128,1,1,16,0.000,0.000,,,,,NVIDIA A100-SXM4-40GB MIG 4g.20gb (0),1,,13,cupy_copy__float16_float16
3613008951,3296,206854,282,1,1,128,1,1,16,0.000,0.000,,,,,NVIDIA A100-SXM4-40GB MIG 4g.20gb (0),1,,13,cupy_copy__complex64_complex64
3613014615,2208,206863,26,1,1,128,1,1,16,0.000,0.000,,,,,NVIDIA A100-SXM4-40GB MIG 4g.20gb (0),1,,13,cupy_copy__float32_float32
3613017879,2848,206872,103,1,1,128,1,1,16,0.000,0.000,,,,,NVIDIA A100-SXM4-40GB MIG 4g.20gb (0),1,,13,cupy_copy__complex64_complex64
3613023031,12128,206882,1434,1,1,128,1,1,16,0.000,0.000,,,,,NVIDIA A100-SXM4-40GB MIG 4g.20gb (0),1,,13,cupy_copy__complex64_complex64
3613041815,83295,206887,1,1,1,32,32,1,30,0.000,0.000,,,,,NVIDIA A100-SXM4-40GB MIG 4g.20gb (0),1,,13,"void convert_kernel<__half2, float2>(tensor_layout_any, T1 *, tensor_layout_any, const T2 *)"
3613152117,5472,206890,,,,,,,,,,0.094,17122.757,Pinned,Device,NVIDIA A100-SXM4-40GB MIG 4g.20gb (0),1,,13,[CUDA memcpy Host-to-Device]
3613162037,605657,206891,,,,,,,,,,456.561,753782.937,Device,,NVIDIA A100-SXM4-40GB MIG 4g.20gb (0),1,,13,[CUDA memset]
3613773838,70079,206896,,,,,,,,,,1.235,17621.416,Pinned,Device,NVIDIA A100-SXM4-40GB MIG 4g.20gb (0),1,,13,[CUDA memcpy Host-to-Device]
3613847053,13856,206897,,,,,,,,,,0.197,14189.199,Pinned,Device,NVIDIA A100-SXM4-40GB MIG 4g.20gb (0),1,,13,[CUDA memcpy Host-to-Device]
3613865997,8191,206898,69,4,1,48,1,1,76,0.002,0.000,,,,,NVIDIA A100-SXM4-40GB MIG 4g.20gb (0),1,,13,"void ch_est::windowedChEstPreNoDftSOfdmKernel<float, __half, float, (unsigned int)2, (unsigned int)1, (unsigned short)4>(ch_est::puschRxChEstStatDescr_t *, ch_est::puschRxChEstDynDescr_t *)"
3613877580,6496,206899,137,2,1,24,2,1,44,0.001,0.001,,,,,NVIDIA A100-SXM4-40GB MIG 4g.20gb (0),1,,13,"void ch_est::chEstFilterNoDftSOfdmDispatchKernel<float, __half, float, (unsigned int)2>(ch_est::puschRxChEstStatDescr_t *, ch_est::puschRxChEstDynDescr_t *)"
3613886700,5472,206900,137,2,1,24,2,1,44,0.001,0.001,,,,,NVIDIA A100-SXM4-40GB MIG 4g.20gb (0),1,,13,"void ch_est::chEstFilterNoDftSOfdmDispatchKernel<float, __half, float, (unsigned int)2>(ch_est::puschRxChEstStatDescr_t *, ch_est::puschRxChEstDynDescr_t *)"
3613896460,2464,206911,103,1,1,128,1,1,16,0.000,0.000,,,,,NVIDIA A100-SXM4-40GB MIG 4g.20gb (0),1,,13,cupy_copy__complex64_complex64
3613903244,12512,206921,1434,1,1,128,1,1,16,0.000,0.000,,,,,NVIDIA A100-SXM4-40GB MIG 4g.20gb (0),1,,13,cupy_copy__complex64_complex64
3613920396,2656,206928,103,1,1,128,1,1,16,0.000,0.000,,,,,NVIDIA A100-SXM4-40GB MIG 4g.20gb (0),1,,13,cupy_copy__complex64_complex64
3613926636,92383,206935,1,1,1,32,32,1,30,0.000,0.000,,,,,NVIDIA A100-SXM4-40GB MIG 4g.20gb (0),1,,13,"void convert_kernel<__half2, float2>(tensor_layout_any, T1 *, tensor_layout_any, const T2 *)"
3614047690,10112,206938,,,,,,,,,,0.094,9265.785,Pinned,Device,NVIDIA A100-SXM4-40GB MIG 4g.20gb (0),1,,13,[CUDA memcpy Host-to-Device]
3614063370,48895,206939,,,,,,,,,,35.810,732348.674,Device,,NVIDIA A100-SXM4-40GB MIG 4g.20gb (0),1,,13,[CUDA memset]
3614118025,2688,206941,,,,,,,,,,0.000,29.762,Pinned,Device,NVIDIA A100-SXM4-40GB MIG 4g.20gb (0),1,,13,[CUDA memcpy Host-to-Device]
3614125673,12896,206942,,,,,,,,,,0.197,15245.574,Pinned,Device,NVIDIA A100-SXM4-40GB MIG 4g.20gb (0),1,,13,[CUDA memcpy Host-to-Device]
3614145513,10400,206943,273,1,1,48,1,1,40,0.000,0.001,,,,,NVIDIA A100-SXM4-40GB MIG 4g.20gb (0),1,,13,"void pusch_noise_intf_est::noiseIntfEstNoDftSOfdmKernel<float, __half, float, float, (unsigned int)2, (unsigned int)1, (unsigned char)4, (unsigned char)4>(pusch_noise_intf_est::puschRxNoiseIntfEstDynDescr)"
3614159593,2912,206954,35,1,1,128,1,1,16,0.000,0.000,,,,,NVIDIA A100-SXM4-40GB MIG 4g.20gb (0),1,,13,cupy_copy__complex64_complex64
3614168777,1984,206963,1,1,1,1,1,1,18,0.000,0.000,,,,,NVIDIA A100-SXM4-40GB MIG 4g.20gb (0),1,,13,cupy_copy__float32_float32
3614199656,1600,206969,,,,,,,,,,0.000,2.500,Device,Pageable,NVIDIA A100-SXM4-40GB MIG 4g.20gb (0),1,,7,[CUDA memcpy Device-to-Host]
3614258984,12735,206980,1434,1,1,128,1,1,16,0.000,0.000,,,,,NVIDIA A100-SXM4-40GB MIG 4g.20gb (0),1,,13,cupy_copy__complex64_complex64
3614285959,2752,206987,103,1,1,128,1,1,16,0.000,0.000,,,,,NVIDIA A100-SXM4-40GB MIG 4g.20gb (0),1,,13,cupy_copy__complex64_complex64
3614305095,2656,206994,35,1,1,128,1,1,16,0.000,0.000,,,,,NVIDIA A100-SXM4-40GB MIG 4g.20gb (0),1,,13,cupy_copy__complex64_complex64
3614323271,1792,207001,1,1,1,1,1,1,18,0.000,0.000,,,,,NVIDIA A100-SXM4-40GB MIG 4g.20gb (0),1,,13,cupy_copy__float32_float32
3614454245,83295,207012,1,1,1,32,32,1,30,0.000,0.000,,,,,NVIDIA A100-SXM4-40GB MIG 4g.20gb (0),1,,13,"void convert_kernel<__half2, float2>(tensor_layout_any, T1 *, tensor_layout_any, const T2 *)"
3614564900,5408,207015,,,,,,,,,,0.094,17325.421,Pinned,Device,NVIDIA A100-SXM4-40GB MIG 4g.20gb (0),1,,13,[CUDA memcpy Host-to-Device]
3614578564,3232,207016,,,,,,,,,,1.547,478533.199,Device,,NVIDIA A100-SXM4-40GB MIG 4g.20gb (0),1,,13,[CUDA memset]
3614585668,3008,207021,,,,,,,,,,0.031,10404.230,Pinned,Device,NVIDIA A100-SXM4-40GB MIG 4g.20gb (0),1,,13,[CUDA memcpy Host-to-Device]
3614591396,9375,207022,,,,,,,,,,0.197,20971.389,Pinned,Device,NVIDIA A100-SXM4-40GB MIG 4g.20gb (0),1,,13,[CUDA memcpy Host-to-Device]
3614604387,8000,207023,273,1,1,8,4,1,39,0.002,0.000,,,,,NVIDIA A100-SXM4-40GB MIG 4g.20gb (0),1,,13,"void channel_eq::eqMmseCoefCompLowMimoKernel<float, float, float, (unsigned int)4, (unsigned int)1, (unsigned int)4>(const channel_eq::_puschRxChEqStatDescr *, channel_eq::_puschRxChEqCoefCompDynDescr)"
3614613891,5888,207024,273,1,1,12,11,1,51,0.002,0.000,,,,,NVIDIA A100-SXM4-40GB MIG 4g.20gb (0),1,,13,"void channel_eq::eqMmseSoftDemapKernel<float, __half, __half, float, (unsigned int)4, (unsigned short)16383>(channel_eq::_puschRxChEqStatDescr *, channel_eq::_puschRxChEqSoftDemapDynDescr)"
3614621411,283197,207025,1,1,1,32,32,1,30,0.000,0.000,,,,,NVIDIA A100-SXM4-40GB MIG 4g.20gb (0),1,,13,"void convert_kernel<float2, __half2>(tensor_layout_any, T1 *, tensor_layout_any, const T2 *)"
3614905696,10944,207037,2253,1,1,128,1,1,16,0.000,0.000,,,,,NVIDIA A100-SXM4-40GB MIG 4g.20gb (0),1,,13,cupy_copy__float16_float16
3614919679,3776,207046,282,1,1,128,1,1,16,0.000,0.000,,,,,NVIDIA A100-SXM4-40GB MIG 4g.20gb (0),1,,13,cupy_copy__complex64_complex64
3614924575,2240,207055,26,1,1,128,1,1,16,0.000,0.000,,,,,NVIDIA A100-SXM4-40GB MIG 4g.20gb (0),1,,13,cupy_copy__float32_float32
3614928703,3104,207064,103,1,1,128,1,1,16,0.000,0.000,,,,,NVIDIA A100-SXM4-40GB MIG 4g.20gb (0),1,,13,cupy_copy__complex64_complex64
3614935519,12032,207074,1434,1,1,128,1,1,16,0.000,0.000,,,,,NVIDIA A100-SXM4-40GB MIG 4g.20gb (0),1,,13,cupy_copy__complex64_complex64
3614961887,83103,207079,1,1,1,32,32,1,30,0.000,0.000,,,,,NVIDIA A100-SXM4-40GB MIG 4g.20gb (0),1,,13,"void convert_kernel<__half2, float2>(tensor_layout_any, T1 *, tensor_layout_any, const T2 *)"
3615071550,5312,207082,,,,,,,,,,0.094,17638.553,Pinned,Device,NVIDIA A100-SXM4-40GB MIG 4g.20gb (0),1,,13,[CUDA memcpy Host-to-Device]
3615081309,609049,207083,,,,,,,,,,456.561,749217.323,Device,,NVIDIA A100-SXM4-40GB MIG 4g.20gb (0),1,,13,[CUDA memset]
3615694966,69791,207088,,,,,,,,,,1.235,17694.278,Pinned,Device,NVIDIA A100-SXM4-40GB MIG 4g.20gb (0),1,,13,[CUDA memcpy Host-to-Device]
3615768501,13984,207089,,,,,,,,,,0.197,14059.438,Pinned,Device,NVIDIA A100-SXM4-40GB MIG 4g.20gb (0),1,,13,[CUDA memcpy Host-to-Device]
3615790069,7776,207090,69,4,1,48,1,1,76,0.002,0.000,,,,,NVIDIA A100-SXM4-40GB MIG 4g.20gb (0),1,,13,"void ch_est::windowedChEstPreNoDftSOfdmKernel<float, __half, float, (unsigned int)2, (unsigned int)1, (unsigned short)4>(ch_est::puschRxChEstStatDescr_t *, ch_est::puschRxChEstDynDescr_t *)"
3615801653,6336,207091,137,2,1,24,2,1,44,0.001,0.001,,,,,NVIDIA A100-SXM4-40GB MIG 4g.20gb (0),1,,13,"void ch_est::chEstFilterNoDftSOfdmDispatchKernel<float, __half, float, (unsigned int)2>(ch_est::puschRxChEstStatDescr_t *, ch_est::puschRxChEstDynDescr_t *)"
3615810356,5376,207092,137,2,1,24,2,1,44,0.001,0.001,,,,,NVIDIA A100-SXM4-40GB MIG 4g.20gb (0),1,,13,"void ch_est::chEstFilterNoDftSOfdmDispatchKernel<float, __half, float, (unsigned int)2>(ch_est::puschRxChEstStatDescr_t *, ch_est::puschRxChEstDynDescr_t *)"
3615821812,2528,207103,103,1,1,128,1,1,16,0.000,0.000,,,,,NVIDIA A100-SXM4-40GB MIG 4g.20gb (0),1,,13,cupy_copy__complex64_complex64
3615828276,12480,207113,1434,1,1,128,1,1,16,0.000,0.000,,,,,NVIDIA A100-SXM4-40GB MIG 4g.20gb (0),1,,13,cupy_copy__complex64_complex64
3615843284,2976,207120,103,1,1,128,1,1,16,0.000,0.000,,,,,NVIDIA A100-SXM4-40GB MIG 4g.20gb (0),1,,13,cupy_copy__complex64_complex64
3615849524,83423,207127,1,1,1,32,32,1,30,0.000,0.000,,,,,NVIDIA A100-SXM4-40GB MIG 4g.20gb (0),1,,13,"void convert_kernel<__half2, float2>(tensor_layout_any, T1 *, tensor_layout_any, const T2 *)"
3615962099,8767,207130,,,,,,,,,,0.094,10687.341,Pinned,Device,NVIDIA A100-SXM4-40GB MIG 4g.20gb (0),1,,13,[CUDA memcpy Host-to-Device]
3615976274,48128,207131,,,,,,,,,,35.810,744022.708,Device,,NVIDIA A100-SXM4-40GB MIG 4g.20gb (0),1,,13,[CUDA memset]
3616026098,3808,207133,,,,,,,,,,0.000,21.008,Pinned,Device,NVIDIA A100-SXM4-40GB MIG 4g.20gb (0),1,,13,[CUDA memcpy Host-to-Device]
3616033458,14496,207134,,,,,,,,,,0.197,13562.806,Pinned,Device,NVIDIA A100-SXM4-40GB MIG 4g.20gb (0),1,,13,[CUDA memcpy Host-to-Device]
3616054449,10720,207135,273,1,1,48,1,1,40,0.000,0.001,,,,,NVIDIA A100-SXM4-40GB MIG 4g.20gb (0),1,,13,"void pusch_noise_intf_est::noiseIntfEstNoDftSOfdmKernel<float, __half, float, float, (unsigned int)2, (unsigned int)1, (unsigned char)4, (unsigned char)4>(pusch_noise_intf_est::puschRxNoiseIntfEstDynDescr)"
3616069105,3168,207146,35,1,1,128,1,1,16,0.000,0.000,,,,,NVIDIA A100-SXM4-40GB MIG 4g.20gb (0),1,,13,cupy_copy__complex64_complex64
3616081329,1920,207155,1,1,1,1,1,1,18,0.000,0.000,,,,,NVIDIA A100-SXM4-40GB MIG 4g.20gb (0),1,,13,cupy_copy__float32_float32
3616112561,2208,207161,,,,,,,,,,0.000,1.812,Device,Pageable,NVIDIA A100-SXM4-40GB MIG 4g.20gb (0),1,,7,[CUDA memcpy Device-to-Host]
3616172368,12544,207172,1434,1,1,128,1,1,16,0.000,0.000,,,,,NVIDIA A100-SXM4-40GB MIG 4g.20gb (0),1,,13,cupy_copy__complex64_complex64
3616198704,2880,207179,103,1,1,128,1,1,16,0.000,0.000,,,,,NVIDIA A100-SXM4-40GB MIG 4g.20gb (0),1,,13,cupy_copy__complex64_complex64
3616219247,2176,207186,35,1,1,128,1,1,16,0.000,0.000,,,,,NVIDIA A100-SXM4-40GB MIG 4g.20gb (0),1,,13,cupy_copy__complex64_complex64
3616289711,1792,207193,1,1,1,1,1,1,18,0.000,0.000,,,,,NVIDIA A100-SXM4-40GB MIG 4g.20gb (0),1,,13,cupy_copy__float32_float32
3616801640,86879,207204,1,1,1,32,32,1,30,0.000,0.000,,,,,NVIDIA A100-SXM4-40GB MIG 4g.20gb (0),1,,13,"void convert_kernel<__half2, float2>(tensor_layout_any, T1 *, tensor_layout_any, const T2 *)"
3616920519,5408,207207,,,,,,,,,,0.094,17325.421,Pinned,Device,NVIDIA A100-SXM4-40GB MIG 4g.20gb (0),1,,13,[CUDA memcpy Host-to-Device]
3616937159,3328,207208,,,,,,,,,,1.547,464729.580,Device,,NVIDIA A100-SXM4-40GB MIG 4g.20gb (0),1,,13,[CUDA memset]
3616943622,3008,207213,,,,,,,,,,0.031,10404.230,Pinned,Device,NVIDIA A100-SXM4-40GB MIG 4g.20gb (0),1,,13,[CUDA memcpy Host-to-Device]
3616949062,9728,207214,,,,,,,,,,0.197,20210.516,Pinned,Device,NVIDIA A100-SXM4-40GB MIG 4g.20gb (0),1,,13,[CUDA memcpy Host-to-Device]
3616963622,7712,207215,273,1,1,8,4,1,39,0.002,0.000,,,,,NVIDIA A100-SXM4-40GB MIG 4g.20gb (0),1,,13,"void channel_eq::eqMmseCoefCompLowMimoKernel<float, float, float, (unsigned int)4, (unsigned int)1, (unsigned int)4>(const channel_eq::_puschRxChEqStatDescr *, channel_eq::_puschRxChEqCoefCompDynDescr)"
3616973350,6432,207216,273,1,1,12,11,1,51,0.002,0.000,,,,,NVIDIA A100-SXM4-40GB MIG 4g.20gb (0),1,,13,"void channel_eq::eqMmseSoftDemapKernel<float, __half, __half, float, (unsigned int)4, (unsigned short)16383>(channel_eq::_puschRxChEqStatDescr *, channel_eq::_puschRxChEqSoftDemapDynDescr)"
3616981798,294908,207217,1,1,1,32,32,1,30,0.000,0.000,,,,,NVIDIA A100-SXM4-40GB MIG 4g.20gb (0),1,,13,"void convert_kernel<float2, __half2>(tensor_layout_any, T1 *, tensor_layout_any, const T2 *)"
3617279618,10976,207229,2253,1,1,128,1,1,16,0.000,0.000,,,,,NVIDIA A100-SXM4-40GB MIG 4g.20gb (0),1,,13,cupy_copy__float16_float16
3617294882,3456,207238,282,1,1,128,1,1,16,0.000,0.000,,,,,NVIDIA A100-SXM4-40GB MIG 4g.20gb (0),1,,13,cupy_copy__complex64_complex64
3617301346,2208,207247,26,1,1,128,1,1,16,0.000,0.000,,,,,NVIDIA A100-SXM4-40GB MIG 4g.20gb (0),1,,13,cupy_copy__float32_float32
3617305122,2816,207256,103,1,1,128,1,1,16,0.000,0.000,,,,,NVIDIA A100-SXM4-40GB MIG 4g.20gb (0),1,,13,cupy_copy__complex64_complex64
3617309218,12768,207266,1434,1,1,128,1,1,16,0.000,0.000,,,,,NVIDIA A100-SXM4-40GB MIG 4g.20gb (0),1,,13,cupy_copy__complex64_complex64
3617398017,82687,207271,1,1,1,32,32,1,30,0.000,0.000,,,,,NVIDIA A100-SXM4-40GB MIG 4g.20gb (0),1,,13,"void convert_kernel<__half2, float2>(tensor_layout_any, T1 *, tensor_layout_any, const T2 *)"
3617508447,5440,207274,,,,,,,,,,0.094,17223.480,Pinned,Device,NVIDIA A100-SXM4-40GB MIG 4g.20gb (0),1,,13,[CUDA memcpy Host-to-Device]
3617518175,600185,207275,,,,,,,,,,456.561,760631.359,Device,,NVIDIA A100-SXM4-40GB MIG 4g.20gb (0),1,,13,[CUDA memset]
3618120120,56255,207280,,,,,,,,,,1.235,21952.365,Pinned,Device,NVIDIA A100-SXM4-40GB MIG 4g.20gb (0),1,,13,[CUDA memcpy Host-to-Device]
3618178839,9952,207281,,,,,,,,,,0.197,19755.565,Pinned,Device,NVIDIA A100-SXM4-40GB MIG 4g.20gb (0),1,,13,[CUDA memcpy Host-to-Device]
3618194903,7904,207282,69,4,1,48,1,1,76,0.002,0.000,,,,,NVIDIA A100-SXM4-40GB MIG 4g.20gb (0),1,,13,"void ch_est::windowedChEstPreNoDftSOfdmKernel<float, __half, float, (unsigned int)2, (unsigned int)1, (unsigned short)4>(ch_est::puschRxChEstStatDescr_t *, ch_est::puschRxChEstDynDescr_t *)"
3618204919,7392,207283,137,2,1,24,2,1,44,0.001,0.001,,,,,NVIDIA A100-SXM4-40GB MIG 4g.20gb (0),1,,13,"void ch_est::chEstFilterNoDftSOfdmDispatchKernel<float, __half, float, (unsigned int)2>(ch_est::puschRxChEstStatDescr_t *, ch_est::puschRxChEstDynDescr_t *)"
3618214359,5248,207284,137,2,1,24,2,1,44,0.001,0.001,,,,,NVIDIA A100-SXM4-40GB MIG 4g.20gb (0),1,,13,"void ch_est::chEstFilterNoDftSOfdmDispatchKernel<float, __half, float, (unsigned int)2>(ch_est::puschRxChEstStatDescr_t *, ch_est::puschRxChEstDynDescr_t *)"
3618221367,2912,207295,103,1,1,128,1,1,16,0.000,0.000,,,,,NVIDIA A100-SXM4-40GB MIG 4g.20gb (0),1,,13,cupy_copy__complex64_complex64
3618225207,12895,207305,1434,1,1,128,1,1,16,0.000,0.000,,,,,NVIDIA A100-SXM4-40GB MIG 4g.20gb (0),1,,13,cupy_copy__complex64_complex64
3618239830,2624,207312,103,1,1,128,1,1,16,0.000,0.000,,,,,NVIDIA A100-SXM4-40GB MIG 4g.20gb (0),1,,13,cupy_copy__complex64_complex64
3618246582,80639,207319,1,1,1,32,32,1,30,0.000,0.000,,,,,NVIDIA A100-SXM4-40GB MIG 4g.20gb (0),1,,13,"void convert_kernel<__half2, float2>(tensor_layout_any, T1 *, tensor_layout_any, const T2 *)"
3618355477,5632,207322,,,,,,,,,,0.094,16636.287,Pinned,Device,NVIDIA A100-SXM4-40GB MIG 4g.20gb (0),1,,13,[CUDA memcpy Host-to-Device]
3618367957,47743,207323,,,,,,,,,,35.810,750038.774,Device,,NVIDIA A100-SXM4-40GB MIG 4g.20gb (0),1,,13,[CUDA memset]
3618419572,2208,207325,,,,,,,,,,0.000,36.232,Pinned,Device,NVIDIA A100-SXM4-40GB MIG 4g.20gb (0),1,,13,[CUDA memcpy Host-to-Device]
3618424788,9952,207326,,,,,,,,,,0.197,19755.565,Pinned,Device,NVIDIA A100-SXM4-40GB MIG 4g.20gb (0),1,,13,[CUDA memcpy Host-to-Device]
3618439540,12896,207327,273,1,1,48,1,1,40,0.000,0.001,,,,,NVIDIA A100-SXM4-40GB MIG 4g.20gb (0),1,,13,"void pusch_noise_intf_est::noiseIntfEstNoDftSOfdmKernel<float, __half, float, float, (unsigned int)2, (unsigned int)1, (unsigned char)4, (unsigned char)4>(pusch_noise_intf_est::puschRxNoiseIntfEstDynDescr)"
3618454708,3008,207338,35,1,1,128,1,1,16,0.000,0.000,,,,,NVIDIA A100-SXM4-40GB MIG 4g.20gb (0),1,,13,cupy_copy__complex64_complex64
3618473972,1952,207347,1,1,1,1,1,1,18,0.000,0.000,,,,,NVIDIA A100-SXM4-40GB MIG 4g.20gb (0),1,,13,cupy_copy__float32_float32
3618621618,1600,207353,,,,,,,,,,0.000,2.500,Device,Pageable,NVIDIA A100-SXM4-40GB MIG 4g.20gb (0),1,,7,[CUDA memcpy Device-to-Host]
3618681585,12896,207364,1434,1,1,128,1,1,16,0.000,0.000,,,,,NVIDIA A100-SXM4-40GB MIG 4g.20gb (0),1,,13,cupy_copy__complex64_complex64
3618712209,2848,207371,103,1,1,128,1,1,16,0.000,0.000,,,,,NVIDIA A100-SXM4-40GB MIG 4g.20gb (0),1,,13,cupy_copy__complex64_complex64
3618732976,2656,207378,35,1,1,128,1,1,16,0.000,0.000,,,,,NVIDIA A100-SXM4-40GB MIG 4g.20gb (0),1,,13,cupy_copy__complex64_complex64
3618750896,1792,207385,1,1,1,1,1,1,18,0.000,0.000,,,,,NVIDIA A100-SXM4-40GB MIG 4g.20gb (0),1,,13,cupy_copy__float32_float32
3618953518,87551,207396,1,1,1,32,32,1,30,0.000,0.000,,,,,NVIDIA A100-SXM4-40GB MIG 4g.20gb (0),1,,13,"void convert_kernel<__half2, float2>(tensor_layout_any, T1 *, tensor_layout_any, const T2 *)"
3619068972,5472,207399,,,,,,,,,,0.094,17122.757,Pinned,Device,NVIDIA A100-SXM4-40GB MIG 4g.20gb (0),1,,13,[CUDA memcpy Host-to-Device]
3619083916,3456,207400,,,,,,,,,,1.547,447517.201,Device,,NVIDIA A100-SXM4-40GB MIG 4g.20gb (0),1,,13,[CUDA memset]
3619090572,3328,207405,,,,,,,,,,0.031,9403.822,Pinned,Device,NVIDIA A100-SXM4-40GB MIG 4g.20gb (0),1,,13,[CUDA memcpy Host-to-Device]
3619096332,9600,207406,,,,,,,,,,0.197,20479.869,Pinned,Device,NVIDIA A100-SXM4-40GB MIG 4g.20gb (0),1,,13,[CUDA memcpy Host-to-Device]
3619110252,6080,207407,273,1,1,8,4,1,39,0.002,0.000,,,,,NVIDIA A100-SXM4-40GB MIG 4g.20gb (0),1,,13,"void channel_eq::eqMmseCoefCompLowMimoKernel<float, float, float, (unsigned int)4, (unsigned int)1, (unsigned int)4>(const channel_eq::_puschRxChEqStatDescr *, channel_eq::_puschRxChEqCoefCompDynDescr)"
3619117292,5984,207408,273,1,1,12,11,1,51,0.002,0.000,,,,,NVIDIA A100-SXM4-40GB MIG 4g.20gb (0),1,,13,"void channel_eq::eqMmseSoftDemapKernel<float, __half, __half, float, (unsigned int)4, (unsigned short)16383>(channel_eq::_puschRxChEqStatDescr *, channel_eq::_puschRxChEqSoftDemapDynDescr)"
3619124236,282556,207409,1,1,1,32,32,1,30,0.000,0.000,,,,,NVIDIA A100-SXM4-40GB MIG 4g.20gb (0),1,,13,"void convert_kernel<float2, __half2>(tensor_layout_any, T1 *, tensor_layout_any, const T2 *)"
3619408392,10880,207421,2253,1,1,128,1,1,16,0.000,0.000,,,,,NVIDIA A100-SXM4-40GB MIG 4g.20gb (0),1,,13,cupy_copy__float16_float16
3619421256,3040,207430,282,1,1,128,1,1,16,0.000,0.000,,,,,NVIDIA A100-SXM4-40GB MIG 4g.20gb (0),1,,13,cupy_copy__complex64_complex64
3619427240,2112,207439,26,1,1,128,1,1,16,0.000,0.000,,,,,NVIDIA A100-SXM4-40GB MIG 4g.20gb (0),1,,13,cupy_copy__float32_float32
3619431720,3360,207448,103,1,1,128,1,1,16,0.000,0.000,,,,,NVIDIA A100-SXM4-40GB MIG 4g.20gb (0),1,,13,cupy_copy__complex64_complex64
3619438184,12063,207458,1434,1,1,128,1,1,16,0.000,0.000,,,,,NVIDIA A100-SXM4-40GB MIG 4g.20gb (0),1,,13,cupy_copy__complex64_complex64
3619576838,82367,207463,1,1,1,32,32,1,30,0.000,0.000,,,,,NVIDIA A100-SXM4-40GB MIG 4g.20gb (0),1,,13,"void convert_kernel<__half2, float2>(tensor_layout_any, T1 *, tensor_layout_any, const T2 *)"
3619689381,5407,207466,,,,,,,,,,0.094,17328.607,Pinned,Device,NVIDIA A100-SXM4-40GB MIG 4g.20gb (0),1,,13,[CUDA memcpy Host-to-Device]
3619700804,599065,207467,,,,,,,,,,456.561,762001.043,Device,,NVIDIA A100-SXM4-40GB MIG 4g.20gb (0),1,,13,[CUDA memset]
3620307197,55359,207472,,,,,,,,,,1.235,22306.793,Pinned,Device,NVIDIA A100-SXM4-40GB MIG 4g.20gb (0),1,,13,[CUDA memcpy Host-to-Device]
3620365820,11776,207473,,,,,,,,,,0.197,16695.558,Pinned,Device,NVIDIA A100-SXM4-40GB MIG 4g.20gb (0),1,,13,[CUDA memcpy Host-to-Device]
3620383772,8384,207474,69,4,1,48,1,1,76,0.002,0.000,,,,,NVIDIA A100-SXM4-40GB MIG 4g.20gb (0),1,,13,"void ch_est::windowedChEstPreNoDftSOfdmKernel<float, __half, float, (unsigned int)2, (unsigned int)1, (unsigned short)4>(ch_est::puschRxChEstStatDescr_t *, ch_est::puschRxChEstDynDescr_t *)"
3620394012,6912,207475,137,2,1,24,2,1,44,0.001,0.001,,,,,NVIDIA A100-SXM4-40GB MIG 4g.20gb (0),1,,13,"void ch_est::chEstFilterNoDftSOfdmDispatchKernel<float, __half, float, (unsigned int)2>(ch_est::puschRxChEstStatDescr_t *, ch_est::puschRxChEstDynDescr_t *)"
3620402748,5600,207476,137,2,1,24,2,1,44,0.001,0.001,,,,,NVIDIA A100-SXM4-40GB MIG 4g.20gb (0),1,,13,"void ch_est::chEstFilterNoDftSOfdmDispatchKernel<float, __half, float, (unsigned int)2>(ch_est::puschRxChEstStatDescr_t *, ch_est::puschRxChEstDynDescr_t *)"
3620409692,2944,207487,103,1,1,128,1,1,16,0.000,0.000,,,,,NVIDIA A100-SXM4-40GB MIG 4g.20gb (0),1,,13,cupy_copy__complex64_complex64
3620414428,12607,207497,1434,1,1,128,1,1,16,0.000,0.000,,,,,NVIDIA A100-SXM4-40GB MIG 4g.20gb (0),1,,13,cupy_copy__complex64_complex64
3620428923,2688,207504,103,1,1,128,1,1,16,0.000,0.000,,,,,NVIDIA A100-SXM4-40GB MIG 4g.20gb (0),1,,13,cupy_copy__complex64_complex64
3620434363,88607,207511,1,1,1,32,32,1,30,0.000,0.000,,,,,NVIDIA A100-SXM4-40GB MIG 4g.20gb (0),1,,13,"void convert_kernel<__half2, float2>(tensor_layout_any, T1 *, tensor_layout_any, const T2 *)"
3620550970,6112,207514,,,,,,,,,,0.094,15329.790,Pinned,Device,NVIDIA A100-SXM4-40GB MIG 4g.20gb (0),1,,13,[CUDA memcpy Host-to-Device]
3620563834,47071,207515,,,,,,,,,,35.810,760745.940,Device,,NVIDIA A100-SXM4-40GB MIG 4g.20gb (0),1,,13,[CUDA memset]
3620615001,2592,207517,,,,,,,,,,0.000,30.864,Pinned,Device,NVIDIA A100-SXM4-40GB MIG 4g.20gb (0),1,,13,[CUDA memcpy Host-to-Device]
3620620345,10336,207518,,,,,,,,,,0.197,19021.627,Pinned,Device,NVIDIA A100-SXM4-40GB MIG 4g.20gb (0),1,,13,[CUDA memcpy Host-to-Device]
3620637945,10240,207519,273,1,1,48,1,1,40,0.000,0.001,,,,,NVIDIA A100-SXM4-40GB MIG 4g.20gb (0),1,,13,"void pusch_noise_intf_est::noiseIntfEstNoDftSOfdmKernel<float, __half, float, float, (unsigned int)2, (unsigned int)1, (unsigned char)4, (unsigned char)4>(pusch_noise_intf_est::puschRxNoiseIntfEstDynDescr)"
3620651417,3328,207530,35,1,1,128,1,1,16,0.000,0.000,,,,,NVIDIA A100-SXM4-40GB MIG 4g.20gb (0),1,,13,cupy_copy__complex64_complex64
3620672376,1952,207539,1,1,1,1,1,1,18,0.000,0.000,,,,,NVIDIA A100-SXM4-40GB MIG 4g.20gb (0),1,,13,cupy_copy__float32_float32
3620823478,1600,207545,,,,,,,,,,0.000,2.500,Device,Pageable,NVIDIA A100-SXM4-40GB MIG 4g.20gb (0),1,,7,[CUDA memcpy Device-to-Host]
3620886230,12832,207556,1434,1,1,128,1,1,16,0.000,0.000,,,,,NVIDIA A100-SXM4-40GB MIG 4g.20gb (0),1,,13,cupy_copy__complex64_complex64
3620913109,2944,207563,103,1,1,128,1,1,16,0.000,0.000,,,,,NVIDIA A100-SXM4-40GB MIG 4g.20gb (0),1,,13,cupy_copy__complex64_complex64
3620934421,2688,207570,35,1,1,128,1,1,16,0.000,0.000,,,,,NVIDIA A100-SXM4-40GB MIG 4g.20gb (0),1,,13,cupy_copy__complex64_complex64
3620952597,1824,207577,1,1,1,1,1,1,18,0.000,0.000,,,,,NVIDIA A100-SXM4-40GB MIG 4g.20gb (0),1,,13,cupy_copy__float32_float32
3621178098,81759,207588,1,1,1,32,32,1,30,0.000,0.000,,,,,NVIDIA A100-SXM4-40GB MIG 4g.20gb (0),1,,13,"void convert_kernel<__half2, float2>(tensor_layout_any, T1 *, tensor_layout_any, const T2 *)"
3621287441,5440,207591,,,,,,,,,,0.094,17223.480,Pinned,Device,NVIDIA A100-SXM4-40GB MIG 4g.20gb (0),1,,13,[CUDA memcpy Host-to-Device]
3621302321,3232,207592,,,,,,,,,,1.547,478533.199,Device,,NVIDIA A100-SXM4-40GB MIG 4g.20gb (0),1,,13,[CUDA memset]
3621308433,3039,207597,,,,,,,,,,0.031,10298.105,Pinned,Device,NVIDIA A100-SXM4-40GB MIG 4g.20gb (0),1,,13,[CUDA memcpy Host-to-Device]
3621313872,9632,207598,,,,,,,,,,0.197,20411.843,Pinned,Device,NVIDIA A100-SXM4-40GB MIG 4g.20gb (0),1,,13,[CUDA memcpy Host-to-Device]
3621328016,8352,207599,273,1,1,8,4,1,39,0.002,0.000,,,,,NVIDIA A100-SXM4-40GB MIG 4g.20gb (0),1,,13,"void channel_eq::eqMmseCoefCompLowMimoKernel<float, float, float, (unsigned int)4, (unsigned int)1, (unsigned int)4>(const channel_eq::_puschRxChEqStatDescr *, channel_eq::_puschRxChEqCoefCompDynDescr)"
3621337392,6560,207600,273,1,1,12,11,1,51,0.002,0.000,,,,,NVIDIA A100-SXM4-40GB MIG 4g.20gb (0),1,,13,"void channel_eq::eqMmseSoftDemapKernel<float, __half, __half, float, (unsigned int)4, (unsigned short)16383>(channel_eq::_puschRxChEqStatDescr *, channel_eq::_puschRxChEqSoftDemapDynDescr)"
3621348560,282781,207601,1,1,1,32,32,1,30,0.000,0.000,,,,,NVIDIA A100-SXM4-40GB MIG 4g.20gb (0),1,,13,"void convert_kernel<float2, __half2>(tensor_layout_any, T1 *, tensor_layout_any, const T2 *)"
3621633036,10976,207613,2253,1,1,128,1,1,16,0.000,0.000,,,,,NVIDIA A100-SXM4-40GB MIG 4g.20gb (0),1,,13,cupy_copy__float16_float16
3621646028,3200,207622,282,1,1,128,1,1,16,0.000,0.000,,,,,NVIDIA A100-SXM4-40GB MIG 4g.20gb (0),1,,13,cupy_copy__complex64_complex64
3621650700,2048,207631,26,1,1,128,1,1,16,0.000,0.000,,,,,NVIDIA A100-SXM4-40GB MIG 4g.20gb (0),1,,13,cupy_copy__float32_float32
3621655276,3168,207640,103,1,1,128,1,1,16,0.000,0.000,,,,,NVIDIA A100-SXM4-40GB MIG 4g.20gb (0),1,,13,cupy_copy__complex64_complex64
3621723179,11936,207650,1434,1,1,128,1,1,16,0.000,0.000,,,,,NVIDIA A100-SXM4-40GB MIG 4g.20gb (0),1,,13,cupy_copy__complex64_complex64
3621864106,82847,207655,1,1,1,32,32,1,30,0.000,0.000,,,,,NVIDIA A100-SXM4-40GB MIG 4g.20gb (0),1,,13,"void convert_kernel<__half2, float2>(tensor_layout_any, T1 *, tensor_layout_any, const T2 *)"
3621975112,5408,207658,,,,,,,,,,0.094,17325.421,Pinned,Device,NVIDIA A100-SXM4-40GB MIG 4g.20gb (0),1,,13,[CUDA memcpy Host-to-Device]
3621985256,596313,207659,,,,,,,,,,456.561,765196.973,Device,,NVIDIA A100-SXM4-40GB MIG 4g.20gb (0),1,,13,[CUDA memset]
3622589345,171486,207664,,,,,,,,,,1.235,7200.958,Pinned,Device,NVIDIA A100-SXM4-40GB MIG 4g.20gb (0),1,,13,[CUDA memcpy Host-to-Device]
3622774142,34080,207665,,,,,,,,,,0.197,5768.872,Pinned,Device,NVIDIA A100-SXM4-40GB MIG 4g.20gb (0),1,,13,[CUDA memcpy Host-to-Device]
3622822814,8096,207666,69,4,1,48,1,1,76,0.002,0.000,,,,,NVIDIA A100-SXM4-40GB MIG 4g.20gb (0),1,,13,"void ch_est::windowedChEstPreNoDftSOfdmKernel<float, __half, float, (unsigned int)2, (unsigned int)1, (unsigned short)4>(ch_est::puschRxChEstStatDescr_t *, ch_est::puschRxChEstDynDescr_t *)"
3622834494,6176,207667,137,2,1,24,2,1,44,0.001,0.001,,,,,NVIDIA A100-SXM4-40GB MIG 4g.20gb (0),1,,13,"void ch_est::chEstFilterNoDftSOfdmDispatchKernel<float, __half, float, (unsigned int)2>(ch_est::puschRxChEstStatDescr_t *, ch_est::puschRxChEstDynDescr_t *)"
3622850301,5504,207668,137,2,1,24,2,1,44,0.001,0.001,,,,,NVIDIA A100-SXM4-40GB MIG 4g.20gb (0),1,,13,"void ch_est::chEstFilterNoDftSOfdmDispatchKernel<float, __half, float, (unsigned int)2>(ch_est::puschRxChEstStatDescr_t *, ch_est::puschRxChEstDynDescr_t *)"
3622859389,2528,207679,103,1,1,128,1,1,16,0.000,0.000,,,,,NVIDIA A100-SXM4-40GB MIG 4g.20gb (0),1,,13,cupy_copy__complex64_complex64
3622876861,12416,207689,1434,1,1,128,1,1,16,0.000,0.000,,,,,NVIDIA A100-SXM4-40GB MIG 4g.20gb (0),1,,13,cupy_copy__complex64_complex64
3622892221,2784,207696,103,1,1,128,1,1,16,0.000,0.000,,,,,NVIDIA A100-SXM4-40GB MIG 4g.20gb (0),1,,13,cupy_copy__complex64_complex64
3622902589,87423,207703,1,1,1,32,32,1,30,0.000,0.000,,,,,NVIDIA A100-SXM4-40GB MIG 4g.20gb (0),1,,13,"void convert_kernel<__half2, float2>(tensor_layout_any, T1 *, tensor_layout_any, const T2 *)"
3623024955,17344,207706,,,,,,,,,,0.094,5402.137,Pinned,Device,NVIDIA A100-SXM4-40GB MIG 4g.20gb (0),1,,13,[CUDA memcpy Host-to-Device]
3623058363,46431,207707,,,,,,,,,,35.810,771238.247,Device,,NVIDIA A100-SXM4-40GB MIG 4g.20gb (0),1,,13,[CUDA memset]
3623117402,6848,207709,,,,,,,,,,0.000,11.682,Pinned,Device,NVIDIA A100-SXM4-40GB MIG 4g.20gb (0),1,,13,[CUDA memcpy Host-to-Device]
3623134298,22784,207710,,,,,,,,,,0.197,8629.125,Pinned,Device,NVIDIA A100-SXM4-40GB MIG 4g.20gb (0),1,,13,[CUDA memcpy Host-to-Device]
3623188473,10176,207711,273,1,1,48,1,1,40,0.000,0.001,,,,,NVIDIA A100-SXM4-40GB MIG 4g.20gb (0),1,,13,"void pusch_noise_intf_est::noiseIntfEstNoDftSOfdmKernel<float, __half, float, float, (unsigned int)2, (unsigned int)1, (unsigned char)4, (unsigned char)4>(pusch_noise_intf_est::puschRxNoiseIntfEstDynDescr)"
3623204729,2784,207722,35,1,1,128,1,1,16,0.000,0.000,,,,,NVIDIA A100-SXM4-40GB MIG 4g.20gb (0),1,,13,cupy_copy__complex64_complex64
3623219417,1728,207731,1,1,1,1,1,1,18,0.000,0.000,,,,,NVIDIA A100-SXM4-40GB MIG 4g.20gb (0),1,,13,cupy_copy__float32_float32
3623225369,4896,207737,,,,,,,,,,0.000,0.817,Device,Pageable,NVIDIA A100-SXM4-40GB MIG 4g.20gb (0),1,,7,[CUDA memcpy Device-to-Host]
3623311896,12672,207748,1434,1,1,128,1,1,16,0.000,0.000,,,,,NVIDIA A100-SXM4-40GB MIG 4g.20gb (0),1,,13,cupy_copy__complex64_complex64
3623344983,2752,207755,103,1,1,128,1,1,16,0.000,0.000,,,,,NVIDIA A100-SXM4-40GB MIG 4g.20gb (0),1,,13,cupy_copy__complex64_complex64
3623362327,2464,207762,35,1,1,128,1,1,16,0.000,0.000,,,,,NVIDIA A100-SXM4-40GB MIG 4g.20gb (0),1,,13,cupy_copy__complex64_complex64
3623378711,1888,207769,1,1,1,1,1,1,18,0.000,0.000,,,,,NVIDIA A100-SXM4-40GB MIG 4g.20gb (0),1,,13,cupy_copy__float32_float32
3623685427,83167,207780,1,1,1,32,32,1,30,0.000,0.000,,,,,NVIDIA A100-SXM4-40GB MIG 4g.20gb (0),1,,13,"void convert_kernel<__half2, float2>(tensor_layout_any, T1 *, tensor_layout_any, const T2 *)"
3623796050,5728,207783,,,,,,,,,,0.094,16357.541,Pinned,Device,NVIDIA A100-SXM4-40GB MIG 4g.20gb (0),1,,13,[CUDA memcpy Host-to-Device]
3623810738,3232,207784,,,,,,,,,,1.547,478533.199,Device,,NVIDIA A100-SXM4-40GB MIG 4g.20gb (0),1,,13,[CUDA memset]
3623817393,3008,207789,,,,,,,,,,0.031,10404.230,Pinned,Device,NVIDIA A100-SXM4-40GB MIG 4g.20gb (0),1,,13,[CUDA memcpy Host-to-Device]
3623823089,9760,207790,,,,,,,,,,0.197,20144.259,Pinned,Device,NVIDIA A100-SXM4-40GB MIG 4g.20gb (0),1,,13,[CUDA memcpy Host-to-Device]
3623838705,6208,207791,273,1,1,8,4,1,39,0.002,0.000,,,,,NVIDIA A100-SXM4-40GB MIG 4g.20gb (0),1,,13,"void channel_eq::eqMmseCoefCompLowMimoKernel<float, float, float, (unsigned int)4, (unsigned int)1, (unsigned int)4>(const channel_eq::_puschRxChEqStatDescr *, channel_eq::_puschRxChEqCoefCompDynDescr)"
3623848369,5536,207792,273,1,1,12,11,1,51,0.002,0.000,,,,,NVIDIA A100-SXM4-40GB MIG 4g.20gb (0),1,,13,"void channel_eq::eqMmseSoftDemapKernel<float, __half, __half, float, (unsigned int)4, (unsigned short)16383>(channel_eq::_puschRxChEqStatDescr *, channel_eq::_puschRxChEqSoftDemapDynDescr)"
3623856049,282269,207793,1,1,1,32,32,1,30,0.000,0.000,,,,,NVIDIA A100-SXM4-40GB MIG 4g.20gb (0),1,,13,"void convert_kernel<float2, __half2>(tensor_layout_any, T1 *, tensor_layout_any, const T2 *)"
3624139534,11007,207805,2253,1,1,128,1,1,16,0.000,0.000,,,,,NVIDIA A100-SXM4-40GB MIG 4g.20gb (0),1,,13,cupy_copy__float16_float16
3624155469,2912,207814,282,1,1,128,1,1,16,0.000,0.000,,,,,NVIDIA A100-SXM4-40GB MIG 4g.20gb (0),1,,13,cupy_copy__complex64_complex64
3624161261,1984,207823,26,1,1,128,1,1,16,0.000,0.000,,,,,NVIDIA A100-SXM4-40GB MIG 4g.20gb (0),1,,13,cupy_copy__float32_float32
3624165261,3008,207832,103,1,1,128,1,1,16,0.000,0.000,,,,,NVIDIA A100-SXM4-40GB MIG 4g.20gb (0),1,,13,cupy_copy__complex64_complex64
3624171245,12224,207842,1434,1,1,128,1,1,16,0.000,0.000,,,,,NVIDIA A100-SXM4-40GB MIG 4g.20gb (0),1,,13,cupy_copy__complex64_complex64
3624192781,82271,207847,1,1,1,32,32,1,30,0.000,0.000,,,,,NVIDIA A100-SXM4-40GB MIG 4g.20gb (0),1,,13,"void convert_kernel<__half2, float2>(tensor_layout_any, T1 *, tensor_layout_any, const T2 *)"
3624305547,6272,207850,,,,,,,,,,0.094,14938.703,Pinned,Device,NVIDIA A100-SXM4-40GB MIG 4g.20gb (0),1,,13,[CUDA memcpy Host-to-Device]
3624317163,596889,207851,,,,,,,,,,456.561,764740.412,Device,,NVIDIA A100-SXM4-40GB MIG 4g.20gb (0),1,,13,[CUDA memset]
3624920260,87167,207856,,,,,,,,,,1.235,14167.278,Pinned,Device,NVIDIA A100-SXM4-40GB MIG 4g.20gb (0),1,,13,[CUDA memcpy Host-to-Device]
3625014915,21247,207857,,,,,,,,,,0.197,9253.356,Pinned,Device,NVIDIA A100-SXM4-40GB MIG 4g.20gb (0),1,,13,[CUDA memcpy Host-to-Device]
3625050306,8864,207858,69,4,1,48,1,1,76,0.002,0.000,,,,,NVIDIA A100-SXM4-40GB MIG 4g.20gb (0),1,,13,"void ch_est::windowedChEstPreNoDftSOfdmKernel<float, __half, float, (unsigned int)2, (unsigned int)1, (unsigned short)4>(ch_est::puschRxChEstStatDescr_t *, ch_est::puschRxChEstDynDescr_t *)"
3625070050,6816,207859,137,2,1,24,2,1,44,0.001,0.001,,,,,NVIDIA A100-SXM4-40GB MIG 4g.20gb (0),1,,13,"void ch_est::chEstFilterNoDftSOfdmDispatchKernel<float, __half, float, (unsigned int)2>(ch_est::puschRxChEstStatDescr_t *, ch_est::puschRxChEstDynDescr_t *)"
3625085826,5024,207860,137,2,1,24,2,1,44,0.001,0.001,,,,,NVIDIA A100-SXM4-40GB MIG 4g.20gb (0),1,,13,"void ch_est::chEstFilterNoDftSOfdmDispatchKernel<float, __half, float, (unsigned int)2>(ch_est::puschRxChEstStatDescr_t *, ch_est::puschRxChEstDynDescr_t *)"
3625093410,3264,207871,103,1,1,128,1,1,16,0.000,0.000,,,,,NVIDIA A100-SXM4-40GB MIG 4g.20gb (0),1,,13,cupy_copy__complex64_complex64
3625100066,12415,207881,1434,1,1,128,1,1,16,0.000,0.000,,,,,NVIDIA A100-SXM4-40GB MIG 4g.20gb (0),1,,13,cupy_copy__complex64_complex64
3625118177,2912,207888,103,1,1,128,1,1,16,0.000,0.000,,,,,NVIDIA A100-SXM4-40GB MIG 4g.20gb (0),1,,13,cupy_copy__complex64_complex64
3625124897,88031,207895,1,1,1,32,32,1,30,0.000,0.000,,,,,NVIDIA A100-SXM4-40GB MIG 4g.20gb (0),1,,13,"void convert_kernel<__half2, float2>(tensor_layout_any, T1 *, tensor_layout_any, const T2 *)"
3625241280,5472,207898,,,,,,,,,,0.094,17122.757,Pinned,Device,NVIDIA A100-SXM4-40GB MIG 4g.20gb (0),1,,13,[CUDA memcpy Host-to-Device]
3625252992,46847,207899,,,,,,,,,,35.810,764398.552,Device,,NVIDIA A100-SXM4-40GB MIG 4g.20gb (0),1,,13,[CUDA memset]
3625305983,3232,207901,,,,,,,,,,0.000,24.752,Pinned,Device,NVIDIA A100-SXM4-40GB MIG 4g.20gb (0),1,,13,[CUDA memcpy Host-to-Device]
3625313919,11456,207902,,,,,,,,,,0.197,17161.912,Pinned,Device,NVIDIA A100-SXM4-40GB MIG 4g.20gb (0),1,,13,[CUDA memcpy Host-to-Device]
3625332767,11712,207903,273,1,1,48,1,1,40,0.000,0.001,,,,,NVIDIA A100-SXM4-40GB MIG 4g.20gb (0),1,,13,"void pusch_noise_intf_est::noiseIntfEstNoDftSOfdmKernel<float, __half, float, float, (unsigned int)2, (unsigned int)1, (unsigned char)4, (unsigned char)4>(pusch_noise_intf_est::puschRxNoiseIntfEstDynDescr)"
3625349343,3104,207914,35,1,1,128,1,1,16,0.000,0.000,,,,,NVIDIA A100-SXM4-40GB MIG 4g.20gb (0),1,,13,cupy_copy__complex64_complex64
3625362078,1888,207923,1,1,1,1,1,1,18,0.000,0.000,,,,,NVIDIA A100-SXM4-40GB MIG 4g.20gb (0),1,,13,cupy_copy__float32_float32
3625397950,1632,207929,,,,,,,,,,0.000,2.451,Device,Pageable,NVIDIA A100-SXM4-40GB MIG 4g.20gb (0),1,,7,[CUDA memcpy Device-to-Host]
3625460349,13056,207940,1434,1,1,128,1,1,16,0.000,0.000,,,,,NVIDIA A100-SXM4-40GB MIG 4g.20gb (0),1,,13,cupy_copy__complex64_complex64
3625484829,2752,207947,103,1,1,128,1,1,16,0.000,0.000,,,,,NVIDIA A100-SXM4-40GB MIG 4g.20gb (0),1,,13,cupy_copy__complex64_complex64
3625506045,2592,207954,35,1,1,128,1,1,16,0.000,0.000,,,,,NVIDIA A100-SXM4-40GB MIG 4g.20gb (0),1,,13,cupy_copy__complex64_complex64
3625524060,1792,207961,1,1,1,1,1,1,18,0.000,0.000,,,,,NVIDIA A100-SXM4-40GB MIG 4g.20gb (0),1,,13,cupy_copy__float32_float32
3625657531,81887,207972,1,1,1,32,32,1,30,0.000,0.000,,,,,NVIDIA A100-SXM4-40GB MIG 4g.20gb (0),1,,13,"void convert_kernel<__half2, float2>(tensor_layout_any, T1 *, tensor_layout_any, const T2 *)"
3625767481,5408,207975,,,,,,,,,,0.094,17325.421,Pinned,Device,NVIDIA A100-SXM4-40GB MIG 4g.20gb (0),1,,13,[CUDA memcpy Host-to-Device]
3625781817,3328,207976,,,,,,,,,,1.547,464729.580,Device,,NVIDIA A100-SXM4-40GB MIG 4g.20gb (0),1,,13,[CUDA memset]
3625789433,3232,207981,,,,,,,,,,0.031,9683.139,Pinned,Device,NVIDIA A100-SXM4-40GB MIG 4g.20gb (0),1,,13,[CUDA memcpy Host-to-Device]
3625794937,9760,207982,,,,,,,,,,0.197,20144.259,Pinned,Device,NVIDIA A100-SXM4-40GB MIG 4g.20gb (0),1,,13,[CUDA memcpy Host-to-Device]
3625810713,6048,207983,273,1,1,8,4,1,39,0.002,0.000,,,,,NVIDIA A100-SXM4-40GB MIG 4g.20gb (0),1,,13,"void channel_eq::eqMmseCoefCompLowMimoKernel<float, float, float, (unsigned int)4, (unsigned int)1, (unsigned int)4>(const channel_eq::_puschRxChEqStatDescr *, channel_eq::_puschRxChEqCoefCompDynDescr)"
3625817721,6176,207984,273,1,1,12,11,1,51,0.002,0.000,,,,,NVIDIA A100-SXM4-40GB MIG 4g.20gb (0),1,,13,"void channel_eq::eqMmseSoftDemapKernel<float, __half, __half, float, (unsigned int)4, (unsigned short)16383>(channel_eq::_puschRxChEqStatDescr *, channel_eq::_puschRxChEqSoftDemapDynDescr)"
3625825785,294812,207985,1,1,1,32,32,1,30,0.000,0.000,,,,,NVIDIA A100-SXM4-40GB MIG 4g.20gb (0),1,,13,"void convert_kernel<float2, __half2>(tensor_layout_any, T1 *, tensor_layout_any, const T2 *)"
3626121749,11072,207997,2253,1,1,128,1,1,16,0.000,0.000,,,,,NVIDIA A100-SXM4-40GB MIG 4g.20gb (0),1,,13,cupy_copy__float16_float16
3626138037,3488,208006,282,1,1,128,1,1,16,0.000,0.000,,,,,NVIDIA A100-SXM4-40GB MIG 4g.20gb (0),1,,13,cupy_copy__complex64_complex64
3626143221,2336,208015,26,1,1,128,1,1,16,0.000,0.000,,,,,NVIDIA A100-SXM4-40GB MIG 4g.20gb (0),1,,13,cupy_copy__float32_float32
3626146549,3904,208024,103,1,1,128,1,1,16,0.000,0.000,,,,,NVIDIA A100-SXM4-40GB MIG 4g.20gb (0),1,,13,cupy_copy__complex64_complex64
3626151989,12639,208034,1434,1,1,128,1,1,16,0.000,0.000,,,,,NVIDIA A100-SXM4-40GB MIG 4g.20gb (0),1,,13,cupy_copy__complex64_complex64
3626169268,81919,208039,1,1,1,32,32,1,30,0.000,0.000,,,,,NVIDIA A100-SXM4-40GB MIG 4g.20gb (0),1,,13,"void convert_kernel<__half2, float2>(tensor_layout_any, T1 *, tensor_layout_any, const T2 *)"
3626277875,5408,208042,,,,,,,,,,0.094,17325.421,Pinned,Device,NVIDIA A100-SXM4-40GB MIG 4g.20gb (0),1,,13,[CUDA memcpy Host-to-Device]
3626287955,601273,208043,,,,,,,,,,456.561,759261.675,Device,,NVIDIA A100-SXM4-40GB MIG 4g.20gb (0),1,,13,[CUDA memset]
3626896395,159262,208048,,,,,,,,,,1.235,7752.978,Pinned,Device,NVIDIA A100-SXM4-40GB MIG 4g.20gb (0),1,,13,[CUDA memcpy Host-to-Device]
3627067593,35488,208049,,,,,,,,,,0.197,5540.020,Pinned,Device,NVIDIA A100-SXM4-40GB MIG 4g.20gb (0),1,,13,[CUDA memcpy Host-to-Device]
3627129737,8095,208050,69,4,1,48,1,1,76,0.002,0.000,,,,,NVIDIA A100-SXM4-40GB MIG 4g.20gb (0),1,,13,"void ch_est::windowedChEstPreNoDftSOfdmKernel<float, __half, float, (unsigned int)2, (unsigned int)1, (unsigned short)4>(ch_est::puschRxChEstStatDescr_t *, ch_est::puschRxChEstDynDescr_t *)"
3627146088,6752,208051,137,2,1,24,2,1,44,0.001,0.001,,,,,NVIDIA A100-SXM4-40GB MIG 4g.20gb (0),1,,13,"void ch_est::chEstFilterNoDftSOfdmDispatchKernel<float, __half, float, (unsigned int)2>(ch_est::puschRxChEstStatDescr_t *, ch_est::puschRxChEstDynDescr_t *)"
3627161224,5088,208052,137,2,1,24,2,1,44,0.001,0.001,,,,,NVIDIA A100-SXM4-40GB MIG 4g.20gb (0),1,,13,"void ch_est::chEstFilterNoDftSOfdmDispatchKernel<float, __half, float, (unsigned int)2>(ch_est::puschRxChEstStatDescr_t *, ch_est::puschRxChEstDynDescr_t *)"
3627174632,2976,208063,103,1,1,128,1,1,16,0.000,0.000,,,,,NVIDIA A100-SXM4-40GB MIG 4g.20gb (0),1,,13,cupy_copy__complex64_complex64
3627189864,12704,208073,1434,1,1,128,1,1,16,0.000,0.000,,,,,NVIDIA A100-SXM4-40GB MIG 4g.20gb (0),1,,13,cupy_copy__complex64_complex64
3627205800,2912,208080,103,1,1,128,1,1,16,0.000,0.000,,,,,NVIDIA A100-SXM4-40GB MIG 4g.20gb (0),1,,13,cupy_copy__complex64_complex64
3627224519,81631,208087,1,1,1,32,32,1,30,0.000,0.000,,,,,NVIDIA A100-SXM4-40GB MIG 4g.20gb (0),1,,13,"void convert_kernel<__half2, float2>(tensor_layout_any, T1 *, tensor_layout_any, const T2 *)"
3627334406,5376,208090,,,,,,,,,,0.094,17428.487,Pinned,Device,NVIDIA A100-SXM4-40GB MIG 4g.20gb (0),1,,13,[CUDA memcpy Host-to-Device]
3627346790,46559,208091,,,,,,,,,,35.810,769125.462,Device,,NVIDIA A100-SXM4-40GB MIG 4g.20gb (0),1,,13,[CUDA memset]
3627399877,4384,208093,,,,,,,,,,0.000,18.248,Pinned,Device,NVIDIA A100-SXM4-40GB MIG 4g.20gb (0),1,,13,[CUDA memcpy Host-to-Device]
3627408613,11904,208094,,,,,,,,,,0.197,16516.055,Pinned,Device,NVIDIA A100-SXM4-40GB MIG 4g.20gb (0),1,,13,[CUDA memcpy Host-to-Device]
3627429157,10112,208095,273,1,1,48,1,1,40,0.000,0.001,,,,,NVIDIA A100-SXM4-40GB MIG 4g.20gb (0),1,,13,"void pusch_noise_intf_est::noiseIntfEstNoDftSOfdmKernel<float, __half, float, float, (unsigned int)2, (unsigned int)1, (unsigned char)4, (unsigned char)4>(pusch_noise_intf_est::puschRxNoiseIntfEstDynDescr)"
3627441957,3264,208106,35,1,1,128,1,1,16,0.000,0.000,,,,,NVIDIA A100-SXM4-40GB MIG 4g.20gb (0),1,,13,cupy_copy__complex64_complex64
3627461636,1760,208115,1,1,1,1,1,1,18,0.000,0.000,,,,,NVIDIA A100-SXM4-40GB MIG 4g.20gb (0),1,,13,cupy_copy__float32_float32
3627492228,1888,208121,,,,,,,,,,0.000,2.119,Device,Pageable,NVIDIA A100-SXM4-40GB MIG 4g.20gb (0),1,,7,[CUDA memcpy Device-to-Host]
3627552611,12896,208132,1434,1,1,128,1,1,16,0.000,0.000,,,,,NVIDIA A100-SXM4-40GB MIG 4g.20gb (0),1,,13,cupy_copy__complex64_complex64
3627579619,2912,208139,103,1,1,128,1,1,16,0.000,0.000,,,,,NVIDIA A100-SXM4-40GB MIG 4g.20gb (0),1,,13,cupy_copy__complex64_complex64
3627600323,2336,208146,35,1,1,128,1,1,16,0.000,0.000,,,,,NVIDIA A100-SXM4-40GB MIG 4g.20gb (0),1,,13,cupy_copy__complex64_complex64
3627618338,1760,208153,1,1,1,1,1,1,18,0.000,0.000,,,,,NVIDIA A100-SXM4-40GB MIG 4g.20gb (0),1,,13,cupy_copy__float32_float32
3627750625,82399,208164,1,1,1,32,32,1,30,0.000,0.000,,,,,NVIDIA A100-SXM4-40GB MIG 4g.20gb (0),1,,13,"void convert_kernel<__half2, float2>(tensor_layout_any, T1 *, tensor_layout_any, const T2 *)"
3627860512,5983,208167,,,,,,,,,,0.094,15660.349,Pinned,Device,NVIDIA A100-SXM4-40GB MIG 4g.20gb (0),1,,13,[CUDA memcpy Host-to-Device]
3627874271,3360,208168,,,,,,,,,,1.547,460304.688,Device,,NVIDIA A100-SXM4-40GB MIG 4g.20gb (0),1,,13,[CUDA memset]
3627880927,3040,208173,,,,,,,,,,0.031,10294.725,Pinned,Device,NVIDIA A100-SXM4-40GB MIG 4g.20gb (0),1,,13,[CUDA memcpy Host-to-Device]
3627886527,9888,208174,,,,,,,,,,0.197,19883.360,Pinned,Device,NVIDIA A100-SXM4-40GB MIG 4g.20gb (0),1,,13,[CUDA memcpy Host-to-Device]
3627902943,6528,208175,273,1,1,8,4,1,39,0.002,0.000,,,,,NVIDIA A100-SXM4-40GB MIG 4g.20gb (0),1,,13,"void channel_eq::eqMmseCoefCompLowMimoKernel<float, float, float, (unsigned int)4, (unsigned int)1, (unsigned int)4>(const channel_eq::_puschRxChEqStatDescr *, channel_eq::_puschRxChEqCoefCompDynDescr)"
3627912735,6240,208176,273,1,1,12,11,1,51,0.002,0.000,,,,,NVIDIA A100-SXM4-40GB MIG 4g.20gb (0),1,,13,"void channel_eq::eqMmseSoftDemapKernel<float, __half, __half, float, (unsigned int)4, (unsigned short)16383>(channel_eq::_puschRxChEqStatDescr *, channel_eq::_puschRxChEqSoftDemapDynDescr)"
3627922271,279932,208177,1,1,1,32,32,1,30,0.000,0.000,,,,,NVIDIA A100-SXM4-40GB MIG 4g.20gb (0),1,,13,"void convert_kernel<float2, __half2>(tensor_layout_any, T1 *, tensor_layout_any, const T2 *)"
3628204667,10944,208189,2253,1,1,128,1,1,16,0.000,0.000,,,,,NVIDIA A100-SXM4-40GB MIG 4g.20gb (0),1,,13,cupy_copy__float16_float16
3628218939,3488,208198,282,1,1,128,1,1,16,0.000,0.000,,,,,NVIDIA A100-SXM4-40GB MIG 4g.20gb (0),1,,13,cupy_copy__complex64_complex64
3628224251,2144,208207,26,1,1,128,1,1,16,0.000,0.000,,,,,NVIDIA A100-SXM4-40GB MIG 4g.20gb (0),1,,13,cupy_copy__float32_float32
3628227419,3776,208216,103,1,1,128,1,1,16,0.000,0.000,,,,,NVIDIA A100-SXM4-40GB MIG 4g.20gb (0),1,,13,cupy_copy__complex64_complex64
3628232251,12128,208226,1434,1,1,128,1,1,16,0.000,0.000,,,,,NVIDIA A100-SXM4-40GB MIG 4g.20gb (0),1,,13,cupy_copy__complex64_complex64
3628253435,88095,208231,1,1,1,32,32,1,30,0.000,0.000,,,,,NVIDIA A100-SXM4-40GB MIG 4g.20gb (0),1,,13,"void convert_kernel<__half2, float2>(tensor_layout_any, T1 *, tensor_layout_any, const T2 *)"
3628369369,5792,208234,,,,,,,,,,0.094,16176.708,Pinned,Device,NVIDIA A100-SXM4-40GB MIG 4g.20gb (0),1,,13,[CUDA memcpy Host-to-Device]
3628380249,597785,208235,,,,,,,,,,456.561,763370.728,Device,,NVIDIA A100-SXM4-40GB MIG 4g.20gb (0),1,,13,[CUDA memset]
3628982322,164510,208240,,,,,,,,,,1.235,7505.990,Pinned,Device,NVIDIA A100-SXM4-40GB MIG 4g.20gb (0),1,,13,[CUDA memcpy Host-to-Device]
3629159983,44640,208241,,,,,,,,,,0.197,4404.216,Pinned,Device,NVIDIA A100-SXM4-40GB MIG 4g.20gb (0),1,,13,[CUDA memcpy Host-to-Device]
3629236398,7840,208242,69,4,1,48,1,1,76,0.002,0.000,,,,,NVIDIA A100-SXM4-40GB MIG 4g.20gb (0),1,,13,"void ch_est::windowedChEstPreNoDftSOfdmKernel<float, __half, float, (unsigned int)2, (unsigned int)1, (unsigned short)4>(ch_est::puschRxChEstStatDescr_t *, ch_est::puschRxChEstDynDescr_t *)"
3629254318,6368,208243,137,2,1,24,2,1,44,0.001,0.001,,,,,NVIDIA A100-SXM4-40GB MIG 4g.20gb (0),1,,13,"void ch_est::chEstFilterNoDftSOfdmDispatchKernel<float, __half, float, (unsigned int)2>(ch_est::puschRxChEstStatDescr_t *, ch_est::puschRxChEstDynDescr_t *)"
3629271566,4736,208244,137,2,1,24,2,1,44,0.001,0.001,,,,,NVIDIA A100-SXM4-40GB MIG 4g.20gb (0),1,,13,"void ch_est::chEstFilterNoDftSOfdmDispatchKernel<float, __half, float, (unsigned int)2>(ch_est::puschRxChEstStatDescr_t *, ch_est::puschRxChEstDynDescr_t *)"
3629289742,2752,208255,103,1,1,128,1,1,16,0.000,0.000,,,,,NVIDIA A100-SXM4-40GB MIG 4g.20gb (0),1,,13,cupy_copy__complex64_complex64
3629306798,12575,208265,1434,1,1,128,1,1,16,0.000,0.000,,,,,NVIDIA A100-SXM4-40GB MIG 4g.20gb (0),1,,13,cupy_copy__complex64_complex64
3629325389,2944,208272,103,1,1,128,1,1,16,0.000,0.000,,,,,NVIDIA A100-SXM4-40GB MIG 4g.20gb (0),1,,13,cupy_copy__complex64_complex64
3629348365,87839,208279,1,1,1,32,32,1,30,0.000,0.000,,,,,NVIDIA A100-SXM4-40GB MIG 4g.20gb (0),1,,13,"void convert_kernel<__half2, float2>(tensor_layout_any, T1 *, tensor_layout_any, const T2 *)"
3629472268,17823,208282,,,,,,,,,,0.094,5257.001,Pinned,Device,NVIDIA A100-SXM4-40GB MIG 4g.20gb (0),1,,13,[CUDA memcpy Host-to-Device]
3629503019,47392,208283,,,,,,,,,,35.810,755589.312,Device,,NVIDIA A100-SXM4-40GB MIG 4g.20gb (0),1,,13,[CUDA memset]
3629552939,9759,208285,,,,,,,,,,0.000,8.198,Pinned,Device,NVIDIA A100-SXM4-40GB MIG 4g.20gb (0),1,,13,[CUDA memcpy Host-to-Device]
3629569002,17056,208286,,,,,,,,,,0.197,11527.127,Pinned,Device,NVIDIA A100-SXM4-40GB MIG 4g.20gb (0),1,,13,[CUDA memcpy Host-to-Device]
3629598954,10176,208287,273,1,1,48,1,1,40,0.000,0.001,,,,,NVIDIA A100-SXM4-40GB MIG 4g.20gb (0),1,,13,"void pusch_noise_intf_est::noiseIntfEstNoDftSOfdmKernel<float, __half, float, float, (unsigned int)2, (unsigned int)1, (unsigned char)4, (unsigned char)4>(pusch_noise_intf_est::puschRxNoiseIntfEstDynDescr)"
3629621002,2720,208298,35,1,1,128,1,1,16,0.000,0.000,,,,,NVIDIA A100-SXM4-40GB MIG 4g.20gb (0),1,,13,cupy_copy__complex64_complex64
3629630698,1952,208307,1,1,1,1,1,1,18,0.000,0.000,,,,,NVIDIA A100-SXM4-40GB MIG 4g.20gb (0),1,,13,cupy_copy__float32_float32
3629638474,7071,208313,,,,,,,,,,0.000,0.566,Device,Pageable,NVIDIA A100-SXM4-40GB MIG 4g.20gb (0),1,,7,[CUDA memcpy Device-to-Host]
3629710857,12767,208324,1434,1,1,128,1,1,16,0.000,0.000,,,,,NVIDIA A100-SXM4-40GB MIG 4g.20gb (0),1,,13,cupy_copy__complex64_complex64
3629737768,3136,208331,103,1,1,128,1,1,16,0.000,0.000,,,,,NVIDIA A100-SXM4-40GB MIG 4g.20gb (0),1,,13,cupy_copy__complex64_complex64
3629758376,2176,208338,35,1,1,128,1,1,16,0.000,0.000,,,,,NVIDIA A100-SXM4-40GB MIG 4g.20gb (0),1,,13,cupy_copy__complex64_complex64
3629775720,1792,208345,1,1,1,1,1,1,18,0.000,0.000,,,,,NVIDIA A100-SXM4-40GB MIG 4g.20gb (0),1,,13,cupy_copy__float32_float32
3629910982,87135,208356,1,1,1,32,32,1,30,0.000,0.000,,,,,NVIDIA A100-SXM4-40GB MIG 4g.20gb (0),1,,13,"void convert_kernel<__half2, float2>(tensor_layout_any, T1 *, tensor_layout_any, const T2 *)"
3630026213,5600,208359,,,,,,,,,,0.094,16731.388,Pinned,Device,NVIDIA A100-SXM4-40GB MIG 4g.20gb (0),1,,13,[CUDA memcpy Host-to-Device]
3630040261,3712,208360,,,,,,,,,,1.547,416654.319,Device,,NVIDIA A100-SXM4-40GB MIG 4g.20gb (0),1,,13,[CUDA memset]
3630047108,3776,208365,,,,,,,,,,0.031,8288.120,Pinned,Device,NVIDIA A100-SXM4-40GB MIG 4g.20gb (0),1,,13,[CUDA memcpy Host-to-Device]
3630053604,10016,208366,,,,,,,,,,0.197,19629.343,Pinned,Device,NVIDIA A100-SXM4-40GB MIG 4g.20gb (0),1,,13,[CUDA memcpy Host-to-Device]
3630067876,6464,208367,273,1,1,8,4,1,39,0.002,0.000,,,,,NVIDIA A100-SXM4-40GB MIG 4g.20gb (0),1,,13,"void channel_eq::eqMmseCoefCompLowMimoKernel<float, float, float, (unsigned int)4, (unsigned int)1, (unsigned int)4>(const channel_eq::_puschRxChEqStatDescr *, channel_eq::_puschRxChEqCoefCompDynDescr)"
3630076100,6048,208368,273,1,1,12,11,1,51,0.002,0.000,,,,,NVIDIA A100-SXM4-40GB MIG 4g.20gb (0),1,,13,"void channel_eq::eqMmseSoftDemapKernel<float, __half, __half, float, (unsigned int)4, (unsigned short)16383>(channel_eq::_puschRxChEqStatDescr *, channel_eq::_puschRxChEqSoftDemapDynDescr)"
3630083364,289660,208369,1,1,1,32,32,1,30,0.000,0.000,,,,,NVIDIA A100-SXM4-40GB MIG 4g.20gb (0),1,,13,"void convert_kernel<float2, __half2>(tensor_layout_any, T1 *, tensor_layout_any, const T2 *)"
3630374880,10976,208381,2253,1,1,128,1,1,16,0.000,0.000,,,,,NVIDIA A100-SXM4-40GB MIG 4g.20gb (0),1,,13,cupy_copy__float16_float16
3630390240,2656,208390,282,1,1,128,1,1,16,0.000,0.000,,,,,NVIDIA A100-SXM4-40GB MIG 4g.20gb (0),1,,13,cupy_copy__complex64_complex64
3630394272,3488,208399,26,1,1,128,1,1,16,0.000,0.000,,,,,NVIDIA A100-SXM4-40GB MIG 4g.20gb (0),1,,13,cupy_copy__float32_float32
3630398816,2784,208408,103,1,1,128,1,1,16,0.000,0.000,,,,,NVIDIA A100-SXM4-40GB MIG 4g.20gb (0),1,,13,cupy_copy__complex64_complex64
3630402656,12064,208418,1434,1,1,128,1,1,16,0.000,0.000,,,,,NVIDIA A100-SXM4-40GB MIG 4g.20gb (0),1,,13,cupy_copy__complex64_complex64
3630419840,82687,208423,1,1,1,32,32,1,30,0.000,0.000,,,,,NVIDIA A100-SXM4-40GB MIG 4g.20gb (0),1,,13,"void convert_kernel<__half2, float2>(tensor_layout_any, T1 *, tensor_layout_any, const T2 *)"
3630529695,5951,208426,,,,,,,,,,0.094,15744.488,Pinned,Device,NVIDIA A100-SXM4-40GB MIG 4g.20gb (0),1,,13,[CUDA memcpy Host-to-Device]
3630541662,598841,208427,,,,,,,,,,456.561,762001.043,Device,,NVIDIA A100-SXM4-40GB MIG 4g.20gb (0),1,,13,[CUDA memset]
3631141879,168830,208432,,,,,,,,,,1.235,7314.573,Pinned,Device,NVIDIA A100-SXM4-40GB MIG 4g.20gb (0),1,,13,[CUDA memcpy Host-to-Device]
3631323829,39967,208433,,,,,,,,,,0.197,4919.132,Pinned,Device,NVIDIA A100-SXM4-40GB MIG 4g.20gb (0),1,,13,[CUDA memcpy Host-to-Device]
3631385972,7808,208434,69,4,1,48,1,1,76,0.002,0.000,,,,,NVIDIA A100-SXM4-40GB MIG 4g.20gb (0),1,,13,"void ch_est::windowedChEstPreNoDftSOfdmKernel<float, __half, float, (unsigned int)2, (unsigned int)1, (unsigned short)4>(ch_est::puschRxChEstStatDescr_t *, ch_est::puschRxChEstDynDescr_t *)"
3631403988,6432,208435,137,2,1,24,2,1,44,0.001,0.001,,,,,NVIDIA A100-SXM4-40GB MIG 4g.20gb (0),1,,13,"void ch_est::chEstFilterNoDftSOfdmDispatchKernel<float, __half, float, (unsigned int)2>(ch_est::puschRxChEstStatDescr_t *, ch_est::puschRxChEstDynDescr_t *)"
3631419668,4703,208436,137,2,1,24,2,1,44,0.001,0.001,,,,,NVIDIA A100-SXM4-40GB MIG 4g.20gb (0),1,,13,"void ch_est::chEstFilterNoDftSOfdmDispatchKernel<float, __half, float, (unsigned int)2>(ch_est::puschRxChEstStatDescr_t *, ch_est::puschRxChEstDynDescr_t *)"
3631440083,2560,208447,103,1,1,128,1,1,16,0.000,0.000,,,,,NVIDIA A100-SXM4-40GB MIG 4g.20gb (0),1,,13,cupy_copy__complex64_complex64
3631458707,12256,208457,1434,1,1,128,1,1,16,0.000,0.000,,,,,NVIDIA A100-SXM4-40GB MIG 4g.20gb (0),1,,13,cupy_copy__complex64_complex64
3631480403,2560,208464,103,1,1,128,1,1,16,0.000,0.000,,,,,NVIDIA A100-SXM4-40GB MIG 4g.20gb (0),1,,13,cupy_copy__complex64_complex64
3631501266,87583,208471,1,1,1,32,32,1,30,0.000,0.000,,,,,NVIDIA A100-SXM4-40GB MIG 4g.20gb (0),1,,13,"void convert_kernel<__half2, float2>(tensor_layout_any, T1 *, tensor_layout_any, const T2 *)"
3631624145,26528,208474,,,,,,,,,,0.094,3531.964,Pinned,Device,NVIDIA A100-SXM4-40GB MIG 4g.20gb (0),1,,13,[CUDA memcpy Host-to-Device]
3631681744,46912,208475,,,,,,,,,,35.810,763324.255,Device,,NVIDIA A100-SXM4-40GB MIG 4g.20gb (0),1,,13,[CUDA memset]
3631731216,14815,208477,,,,,,,,,,0.000,5.400,Pinned,Device,NVIDIA A100-SXM4-40GB MIG 4g.20gb (0),1,,13,[CUDA memcpy Host-to-Device]
3631755727,25952,208478,,,,,,,,,,0.197,7575.699,Pinned,Device,NVIDIA A100-SXM4-40GB MIG 4g.20gb (0),1,,13,[CUDA memcpy Host-to-Device]
3631808111,9696,208479,273,1,1,48,1,1,40,0.000,0.001,,,,,NVIDIA A100-SXM4-40GB MIG 4g.20gb (0),1,,13,"void pusch_noise_intf_est::noiseIntfEstNoDftSOfdmKernel<float, __half, float, float, (unsigned int)2, (unsigned int)1, (unsigned char)4, (unsigned char)4>(pusch_noise_intf_est::puschRxNoiseIntfEstDynDescr)"
3631824175,2751,208490,35,1,1,128,1,1,16,0.000,0.000,,,,,NVIDIA A100-SXM4-40GB MIG 4g.20gb (0),1,,13,cupy_copy__complex64_complex64
3631839918,1728,208499,1,1,1,1,1,1,18,0.000,0.000,,,,,NVIDIA A100-SXM4-40GB MIG 4g.20gb (0),1,,13,cupy_copy__float32_float32
3631846510,6848,208505,,,,,,,,,,0.000,0.584,Device,Pageable,NVIDIA A100-SXM4-40GB MIG 4g.20gb (0),1,,7,[CUDA memcpy Device-to-Host]
3631939469,12736,208516,1434,1,1,128,1,1,16,0.000,0.000,,,,,NVIDIA A100-SXM4-40GB MIG 4g.20gb (0),1,,13,cupy_copy__complex64_complex64
3631962989,3040,208523,103,1,1,128,1,1,16,0.000,0.000,,,,,NVIDIA A100-SXM4-40GB MIG 4g.20gb (0),1,,13,cupy_copy__complex64_complex64
3631985581,2751,208530,35,1,1,128,1,1,16,0.000,0.000,,,,,NVIDIA A100-SXM4-40GB MIG 4g.20gb (0),1,,13,cupy_copy__complex64_complex64
3631995084,1824,208537,1,1,1,1,1,1,18,0.000,0.000,,,,,NVIDIA A100-SXM4-40GB MIG 4g.20gb (0),1,,13,cupy_copy__float32_float32
3632129131,88575,208548,1,1,1,32,32,1,30,0.000,0.000,,,,,NVIDIA A100-SXM4-40GB MIG 4g.20gb (0),1,,13,"void convert_kernel<__half2, float2>(tensor_layout_any, T1 *, tensor_layout_any, const T2 *)"
3632246729,5376,208551,,,,,,,,,,0.094,17428.487,Pinned,Device,NVIDIA A100-SXM4-40GB MIG 4g.20gb (0),1,,13,[CUDA memcpy Host-to-Device]
3632264457,3232,208552,,,,,,,,,,1.547,478533.199,Device,,NVIDIA A100-SXM4-40GB MIG 4g.20gb (0),1,,13,[CUDA memset]
3632268809,3488,208557,,,,,,,,,,0.031,8972.469,Pinned,Device,NVIDIA A100-SXM4-40GB MIG 4g.20gb (0),1,,13,[CUDA memcpy Host-to-Device]
3632274377,10176,208558,,,,,,,,,,0.197,19320.668,Pinned,Device,NVIDIA A100-SXM4-40GB MIG 4g.20gb (0),1,,13,[CUDA memcpy Host-to-Device]
3632288905,6464,208559,273,1,1,8,4,1,39,0.002,0.000,,,,,NVIDIA A100-SXM4-40GB MIG 4g.20gb (0),1,,13,"void channel_eq::eqMmseCoefCompLowMimoKernel<float, float, float, (unsigned int)4, (unsigned int)1, (unsigned int)4>(const channel_eq::_puschRxChEqStatDescr *, channel_eq::_puschRxChEqCoefCompDynDescr)"
3632298025,6208,208560,273,1,1,12,11,1,51,0.002,0.000,,,,,NVIDIA A100-SXM4-40GB MIG 4g.20gb (0),1,,13,"void channel_eq::eqMmseSoftDemapKernel<float, __half, __half, float, (unsigned int)4, (unsigned short)16383>(channel_eq::_puschRxChEqStatDescr *, channel_eq::_puschRxChEqSoftDemapDynDescr)"
3632305321,282332,208561,1,1,1,32,32,1,30,0.000,0.000,,,,,NVIDIA A100-SXM4-40GB MIG 4g.20gb (0),1,,13,"void convert_kernel<float2, __half2>(tensor_layout_any, T1 *, tensor_layout_any, const T2 *)"
3632589893,10912,208573,2253,1,1,128,1,1,16,0.000,0.000,,,,,NVIDIA A100-SXM4-40GB MIG 4g.20gb (0),1,,13,cupy_copy__float16_float16
3632603493,3264,208582,282,1,1,128,1,1,16,0.000,0.000,,,,,NVIDIA A100-SXM4-40GB MIG 4g.20gb (0),1,,13,cupy_copy__complex64_complex64
3632608805,2336,208591,26,1,1,128,1,1,16,0.000,0.000,,,,,NVIDIA A100-SXM4-40GB MIG 4g.20gb (0),1,,13,cupy_copy__float32_float32
3632612741,4608,208600,103,1,1,128,1,1,16,0.000,0.000,,,,,NVIDIA A100-SXM4-40GB MIG 4g.20gb (0),1,,13,cupy_copy__complex64_complex64
3632618757,12704,208610,1434,1,1,128,1,1,16,0.000,0.000,,,,,NVIDIA A100-SXM4-40GB MIG 4g.20gb (0),1,,13,cupy_copy__complex64_complex64
3632643396,82559,208615,1,1,1,32,32,1,30,0.000,0.000,,,,,NVIDIA A100-SXM4-40GB MIG 4g.20gb (0),1,,13,"void convert_kernel<__half2, float2>(tensor_layout_any, T1 *, tensor_layout_any, const T2 *)"
3632753891,5504,208618,,,,,,,,,,0.094,17023.251,Pinned,Device,NVIDIA A100-SXM4-40GB MIG 4g.20gb (0),1,,13,[CUDA memcpy Host-to-Device]
3632764099,597432,208619,,,,,,,,,,456.561,763827.289,Device,,NVIDIA A100-SXM4-40GB MIG 4g.20gb (0),1,,13,[CUDA memset]
3633364731,138463,208624,,,,,,,,,,1.235,8918.766,Pinned,Device,NVIDIA A100-SXM4-40GB MIG 4g.20gb (0),1,,13,[CUDA memcpy Host-to-Device]
3633513274,27423,208625,,,,,,,,,,0.197,7169.311,Pinned,Device,NVIDIA A100-SXM4-40GB MIG 4g.20gb (0),1,,13,[CUDA memcpy Host-to-Device]
3633555769,8256,208626,69,4,1,48,1,1,76,0.002,0.000,,,,,NVIDIA A100-SXM4-40GB MIG 4g.20gb (0),1,,13,"void ch_est::windowedChEstPreNoDftSOfdmKernel<float, __half, float, (unsigned int)2, (unsigned int)1, (unsigned short)4>(ch_est::puschRxChEstStatDescr_t *, ch_est::puschRxChEstDynDescr_t *)"
3633571737,6720,208627,137,2,1,24,2,1,44,0.001,0.001,,,,,NVIDIA A100-SXM4-40GB MIG 4g.20gb (0),1,,13,"void ch_est::chEstFilterNoDftSOfdmDispatchKernel<float, __half, float, (unsigned int)2>(ch_est::puschRxChEstStatDescr_t *, ch_est::puschRxChEstDynDescr_t *)"
3633586329,4736,208628,137,2,1,24,2,1,44,0.001,0.001,,,,,NVIDIA A100-SXM4-40GB MIG 4g.20gb (0),1,,13,"void ch_est::chEstFilterNoDftSOfdmDispatchKernel<float, __half, float, (unsigned int)2>(ch_est::puschRxChEstStatDescr_t *, ch_est::puschRxChEstDynDescr_t *)"
3633596761,3104,208639,103,1,1,128,1,1,16,0.000,0.000,,,,,NVIDIA A100-SXM4-40GB MIG 4g.20gb (0),1,,13,cupy_copy__complex64_complex64
3633610456,13024,208649,1434,1,1,128,1,1,16,0.000,0.000,,,,,NVIDIA A100-SXM4-40GB MIG 4g.20gb (0),1,,13,cupy_copy__complex64_complex64
3633633656,2752,208656,103,1,1,128,1,1,16,0.000,0.000,,,,,NVIDIA A100-SXM4-40GB MIG 4g.20gb (0),1,,13,cupy_copy__complex64_complex64
3633650840,82015,208663,1,1,1,32,32,1,30,0.000,0.000,,,,,NVIDIA A100-SXM4-40GB MIG 4g.20gb (0),1,,13,"void convert_kernel<__half2, float2>(tensor_layout_any, T1 *, tensor_layout_any, const T2 *)"
3633760343,14303,208666,,,,,,,,,,0.094,6550.756,Pinned,Device,NVIDIA A100-SXM4-40GB MIG 4g.20gb (0),1,,13,[CUDA memcpy Host-to-Device]
3633794550,47264,208667,,,,,,,,,,35.810,757630.477,Device,,NVIDIA A100-SXM4-40GB MIG 4g.20gb (0),1,,13,[CUDA memset]
3633847317,10624,208669,,,,,,,,,,0.000,7.530,Pinned,Device,NVIDIA A100-SXM4-40GB MIG 4g.20gb (0),1,,13,[CUDA memcpy Host-to-Device]
3633867829,24448,208670,,,,,,,,,,0.197,8041.857,Pinned,Device,NVIDIA A100-SXM4-40GB MIG 4g.20gb (0),1,,13,[CUDA memcpy Host-to-Device]
3633910901,9504,208671,273,1,1,48,1,1,40,0.000,0.001,,,,,NVIDIA A100-SXM4-40GB MIG 4g.20gb (0),1,,13,"void pusch_noise_intf_est::noiseIntfEstNoDftSOfdmKernel<float, __half, float, float, (unsigned int)2, (unsigned int)1, (unsigned char)4, (unsigned char)4>(pusch_noise_intf_est::puschRxNoiseIntfEstDynDescr)"
3633926037,2783,208682,35,1,1,128,1,1,16,0.000,0.000,,,,,NVIDIA A100-SXM4-40GB MIG 4g.20gb (0),1,,13,cupy_copy__complex64_complex64
3633941140,1696,208691,1,1,1,1,1,1,18,0.000,0.000,,,,,NVIDIA A100-SXM4-40GB MIG 4g.20gb (0),1,,13,cupy_copy__float32_float32
3633948756,7200,208697,,,,,,,,,,0.000,0.556,Device,Pageable,NVIDIA A100-SXM4-40GB MIG 4g.20gb (0),1,,7,[CUDA memcpy Device-to-Host]
3634043859,12576,208708,1434,1,1,128,1,1,16,0.000,0.000,,,,,NVIDIA A100-SXM4-40GB MIG 4g.20gb (0),1,,13,cupy_copy__complex64_complex64
3634066675,3360,208715,103,1,1,128,1,1,16,0.000,0.000,,,,,NVIDIA A100-SXM4-40GB MIG 4g.20gb (0),1,,13,cupy_copy__complex64_complex64
3634087091,2591,208722,35,1,1,128,1,1,16,0.000,0.000,,,,,NVIDIA A100-SXM4-40GB MIG 4g.20gb (0),1,,13,cupy_copy__complex64_complex64
3634110002,1824,208729,1,1,1,1,1,1,18,0.000,0.000,,,,,NVIDIA A100-SXM4-40GB MIG 4g.20gb (0),1,,13,cupy_copy__float32_float32
3634241617,92862,208740,1,1,1,32,32,1,30,0.000,0.000,,,,,NVIDIA A100-SXM4-40GB MIG 4g.20gb (0),1,,13,"void convert_kernel<__half2, float2>(tensor_layout_any, T1 *, tensor_layout_any, const T2 *)"
3634365807,18176,208743,,,,,,,,,,0.094,5154.873,Pinned,Device,NVIDIA A100-SXM4-40GB MIG 4g.20gb (0),1,,13,[CUDA memcpy Host-to-Device]
3634396879,3424,208744,,,,,,,,,,1.547,451700.819,Device,,NVIDIA A100-SXM4-40GB MIG 4g.20gb (0),1,,13,[CUDA memset]
3634406479,11583,208749,,,,,,,,,,0.031,2701.878,Pinned,Device,NVIDIA A100-SXM4-40GB MIG 4g.20gb (0),1,,13,[CUDA memcpy Host-to-Device]
3634429646,24896,208750,,,,,,,,,,0.197,7897.154,Pinned,Device,NVIDIA A100-SXM4-40GB MIG 4g.20gb (0),1,,13,[CUDA memcpy Host-to-Device]
3634472046,8096,208751,273,1,1,8,4,1,39,0.002,0.000,,,,,NVIDIA A100-SXM4-40GB MIG 4g.20gb (0),1,,13,"void channel_eq::eqMmseCoefCompLowMimoKernel<float, float, float, (unsigned int)4, (unsigned int)1, (unsigned int)4>(const channel_eq::_puschRxChEqStatDescr *, channel_eq::_puschRxChEqCoefCompDynDescr)"
3634488238,5599,208752,273,1,1,12,11,1,51,0.002,0.000,,,,,NVIDIA A100-SXM4-40GB MIG 4g.20gb (0),1,,13,"void channel_eq::eqMmseSoftDemapKernel<float, __half, __half, float, (unsigned int)4, (unsigned short)16383>(channel_eq::_puschRxChEqStatDescr *, channel_eq::_puschRxChEqSoftDemapDynDescr)"
3634503213,281789,208753,1,1,1,32,32,1,30,0.000,0.000,,,,,NVIDIA A100-SXM4-40GB MIG 4g.20gb (0),1,,13,"void convert_kernel<float2, __half2>(tensor_layout_any, T1 *, tensor_layout_any, const T2 *)"
3634787946,11328,208765,2253,1,1,128,1,1,16,0.000,0.000,,,,,NVIDIA A100-SXM4-40GB MIG 4g.20gb (0),1,,13,cupy_copy__float16_float16
3634802634,3232,208774,282,1,1,128,1,1,16,0.000,0.000,,,,,NVIDIA A100-SXM4-40GB MIG 4g.20gb (0),1,,13,cupy_copy__complex64_complex64
3634809002,2272,208783,26,1,1,128,1,1,16,0.000,0.000,,,,,NVIDIA A100-SXM4-40GB MIG 4g.20gb (0),1,,13,cupy_copy__float32_float32
3634813162,3008,208792,103,1,1,128,1,1,16,0.000,0.000,,,,,NVIDIA A100-SXM4-40GB MIG 4g.20gb (0),1,,13,cupy_copy__complex64_complex64
3634817257,12352,208802,1434,1,1,128,1,1,16,0.000,0.000,,,,,NVIDIA A100-SXM4-40GB MIG 4g.20gb (0),1,,13,cupy_copy__complex64_complex64
3634830953,82847,208807,1,1,1,32,32,1,30,0.000,0.000,,,,,NVIDIA A100-SXM4-40GB MIG 4g.20gb (0),1,,13,"void convert_kernel<__half2, float2>(tensor_layout_any, T1 *, tensor_layout_any, const T2 *)"
3634941448,6240,208810,,,,,,,,,,0.094,15015.346,Pinned,Device,NVIDIA A100-SXM4-40GB MIG 4g.20gb (0),1,,13,[CUDA memcpy Host-to-Device]
3634951816,597176,208811,,,,,,,,,,456.561,764283.851,Device,,NVIDIA A100-SXM4-40GB MIG 4g.20gb (0),1,,13,[CUDA memset]
3635551552,149759,208816,,,,,,,,,,1.235,8245.721,Pinned,Device,NVIDIA A100-SXM4-40GB MIG 4g.20gb (0),1,,13,[CUDA memcpy Host-to-Device]
3635717662,33824,208817,,,,,,,,,,0.197,5812.519,Pinned,Device,NVIDIA A100-SXM4-40GB MIG 4g.20gb (0),1,,13,[CUDA memcpy Host-to-Device]
3635771518,7712,208818,69,4,1,48,1,1,76,0.002,0.000,,,,,NVIDIA A100-SXM4-40GB MIG 4g.20gb (0),1,,13,"void ch_est::windowedChEstPreNoDftSOfdmKernel<float, __half, float, (unsigned int)2, (unsigned int)1, (unsigned short)4>(ch_est::puschRxChEstStatDescr_t *, ch_est::puschRxChEstDynDescr_t *)"
3635788093,6656,208819,137,2,1,24,2,1,44,0.001,0.001,,,,,NVIDIA A100-SXM4-40GB MIG 4g.20gb (0),1,,13,"void ch_est::chEstFilterNoDftSOfdmDispatchKernel<float, __half, float, (unsigned int)2>(ch_est::puschRxChEstStatDescr_t *, ch_est::puschRxChEstDynDescr_t *)"
3635800861,4704,208820,137,2,1,24,2,1,44,0.001,0.001,,,,,NVIDIA A100-SXM4-40GB MIG 4g.20gb (0),1,,13,"void ch_est::chEstFilterNoDftSOfdmDispatchKernel<float, __half, float, (unsigned int)2>(ch_est::puschRxChEstStatDescr_t *, ch_est::puschRxChEstDynDescr_t *)"
3635815197,2496,208831,103,1,1,128,1,1,16,0.000,0.000,,,,,NVIDIA A100-SXM4-40GB MIG 4g.20gb (0),1,,13,cupy_copy__complex64_complex64
3635828925,12288,208841,1434,1,1,128,1,1,16,0.000,0.000,,,,,NVIDIA A100-SXM4-40GB MIG 4g.20gb (0),1,,13,cupy_copy__complex64_complex64
3635850365,2528,208848,103,1,1,128,1,1,16,0.000,0.000,,,,,NVIDIA A100-SXM4-40GB MIG 4g.20gb (0),1,,13,cupy_copy__complex64_complex64
3635859165,82687,208855,1,1,1,32,32,1,30,0.000,0.000,,,,,NVIDIA A100-SXM4-40GB MIG 4g.20gb (0),1,,13,"void convert_kernel<__half2, float2>(tensor_layout_any, T1 *, tensor_layout_any, const T2 *)"
3635974011,21184,208858,,,,,,,,,,0.094,4422.920,Pinned,Device,NVIDIA A100-SXM4-40GB MIG 4g.20gb (0),1,,13,[CUDA memcpy Host-to-Device]
3636009371,47135,208859,,,,,,,,,,35.810,759707.453,Device,,NVIDIA A100-SXM4-40GB MIG 4g.20gb (0),1,,13,[CUDA memset]
3636060922,9184,208861,,,,,,,,,,0.000,8.711,Pinned,Device,NVIDIA A100-SXM4-40GB MIG 4g.20gb (0),1,,13,[CUDA memcpy Host-to-Device]
3636078106,21600,208862,,,,,,,,,,0.197,9102.164,Pinned,Device,NVIDIA A100-SXM4-40GB MIG 4g.20gb (0),1,,13,[CUDA memcpy Host-to-Device]
3636114745,9760,208863,273,1,1,48,1,1,40,0.000,0.001,,,,,NVIDIA A100-SXM4-40GB MIG 4g.20gb (0),1,,13,"void pusch_noise_intf_est::noiseIntfEstNoDftSOfdmKernel<float, __half, float, float, (unsigned int)2, (unsigned int)1, (unsigned char)4, (unsigned char)4>(pusch_noise_intf_est::puschRxNoiseIntfEstDynDescr)"
3636133913,3232,208874,35,1,1,128,1,1,16,0.000,0.000,,,,,NVIDIA A100-SXM4-40GB MIG 4g.20gb (0),1,,13,cupy_copy__complex64_complex64
3636141753,1760,208883,1,1,1,1,1,1,18,0.000,0.000,,,,,NVIDIA A100-SXM4-40GB MIG 4g.20gb (0),1,,13,cupy_copy__float32_float32
3636150329,4320,208889,,,,,,,,,,0.000,0.926,Device,Pageable,NVIDIA A100-SXM4-40GB MIG 4g.20gb (0),1,,7,[CUDA memcpy Device-to-Host]
3636230776,13184,208900,1434,1,1,128,1,1,16,0.000,0.000,,,,,NVIDIA A100-SXM4-40GB MIG 4g.20gb (0),1,,13,cupy_copy__complex64_complex64
3636256184,2720,208907,103,1,1,128,1,1,16,0.000,0.000,,,,,NVIDIA A100-SXM4-40GB MIG 4g.20gb (0),1,,13,cupy_copy__complex64_complex64
3636275319,2656,208914,35,1,1,128,1,1,16,0.000,0.000,,,,,NVIDIA A100-SXM4-40GB MIG 4g.20gb (0),1,,13,cupy_copy__complex64_complex64
3636294743,1984,208921,1,1,1,1,1,1,18,0.000,0.000,,,,,NVIDIA A100-SXM4-40GB MIG 4g.20gb (0),1,,13,cupy_copy__float32_float32
3636419318,82591,208932,1,1,1,32,32,1,30,0.000,0.000,,,,,NVIDIA A100-SXM4-40GB MIG 4g.20gb (0),1,,13,"void convert_kernel<__half2, float2>(tensor_layout_any, T1 *, tensor_layout_any, const T2 *)"
3636529172,5376,208935,,,,,,,,,,0.094,17428.487,Pinned,Device,NVIDIA A100-SXM4-40GB MIG 4g.20gb (0),1,,13,[CUDA memcpy Host-to-Device]
3636545108,3392,208936,,,,,,,,,,1.547,455961.768,Device,,NVIDIA A100-SXM4-40GB MIG 4g.20gb (0),1,,13,[CUDA memset]
3636550228,3744,208941,,,,,,,,,,0.031,8358.974,Pinned,Device,NVIDIA A100-SXM4-40GB MIG 4g.20gb (0),1,,13,[CUDA memcpy Host-to-Device]
3636556500,9408,208942,,,,,,,,,,0.197,20897.858,Pinned,Device,NVIDIA A100-SXM4-40GB MIG 4g.20gb (0),1,,13,[CUDA memcpy Host-to-Device]
3636569940,8192,208943,273,1,1,8,4,1,39,0.002,0.000,,,,,NVIDIA A100-SXM4-40GB MIG 4g.20gb (0),1,,13,"void channel_eq::eqMmseCoefCompLowMimoKernel<float, float, float, (unsigned int)4, (unsigned int)1, (unsigned int)4>(const channel_eq::_puschRxChEqStatDescr *, channel_eq::_puschRxChEqCoefCompDynDescr)"
3636579924,6336,208944,273,1,1,12,11,1,51,0.002,0.000,,,,,NVIDIA A100-SXM4-40GB MIG 4g.20gb (0),1,,13,"void channel_eq::eqMmseSoftDemapKernel<float, __half, __half, float, (unsigned int)4, (unsigned short)16383>(channel_eq::_puschRxChEqStatDescr *, channel_eq::_puschRxChEqSoftDemapDynDescr)"
3636587380,282940,208945,1,1,1,32,32,1,30,0.000,0.000,,,,,NVIDIA A100-SXM4-40GB MIG 4g.20gb (0),1,,13,"void convert_kernel<float2, __half2>(tensor_layout_any, T1 *, tensor_layout_any, const T2 *)"
3636873136,10848,208957,2253,1,1,128,1,1,16,0.000,0.000,,,,,NVIDIA A100-SXM4-40GB MIG 4g.20gb (0),1,,13,cupy_copy__float16_float16
3636887728,3776,208966,282,1,1,128,1,1,16,0.000,0.000,,,,,NVIDIA A100-SXM4-40GB MIG 4g.20gb (0),1,,13,cupy_copy__complex64_complex64
3636892720,2048,208975,26,1,1,128,1,1,16,0.000,0.000,,,,,NVIDIA A100-SXM4-40GB MIG 4g.20gb (0),1,,13,cupy_copy__float32_float32
3636898256,2944,208984,103,1,1,128,1,1,16,0.000,0.000,,,,,NVIDIA A100-SXM4-40GB MIG 4g.20gb (0),1,,13,cupy_copy__complex64_complex64
3636902864,11968,208994,1434,1,1,128,1,1,16,0.000,0.000,,,,,NVIDIA A100-SXM4-40GB MIG 4g.20gb (0),1,,13,cupy_copy__complex64_complex64
3636923567,81919,208999,1,1,1,32,32,1,30,0.000,0.000,,,,,NVIDIA A100-SXM4-40GB MIG 4g.20gb (0),1,,13,"void convert_kernel<__half2, float2>(tensor_layout_any, T1 *, tensor_layout_any, const T2 *)"
3637032206,5472,209002,,,,,,,,,,0.094,17122.757,Pinned,Device,NVIDIA A100-SXM4-40GB MIG 4g.20gb (0),1,,13,[CUDA memcpy Host-to-Device]
3637042798,595833,209003,,,,,,,,,,456.561,766110.096,Device,,NVIDIA A100-SXM4-40GB MIG 4g.20gb (0),1,,13,[CUDA memset]
3637641127,159966,209008,,,,,,,,,,1.235,7719.635,Pinned,Device,NVIDIA A100-SXM4-40GB MIG 4g.20gb (0),1,,13,[CUDA memcpy Host-to-Device]
3637812772,31328,209009,,,,,,,,,,0.197,6275.727,Pinned,Device,NVIDIA A100-SXM4-40GB MIG 4g.20gb (0),1,,13,[CUDA memcpy Host-to-Device]
3637852836,8352,209010,69,4,1,48,1,1,76,0.002,0.000,,,,,NVIDIA A100-SXM4-40GB MIG 4g.20gb (0),1,,13,"void ch_est::windowedChEstPreNoDftSOfdmKernel<float, __half, float, (unsigned int)2, (unsigned int)1, (unsigned short)4>(ch_est::puschRxChEstStatDescr_t *, ch_est::puschRxChEstDynDescr_t *)"
3637871940,6976,209011,137,2,1,24,2,1,44,0.001,0.001,,,,,NVIDIA A100-SXM4-40GB MIG 4g.20gb (0),1,,13,"void ch_est::chEstFilterNoDftSOfdmDispatchKernel<float, __half, float, (unsigned int)2>(ch_est::puschRxChEstStatDescr_t *, ch_est::puschRxChEstDynDescr_t *)"
3637893667,4704,209012,137,2,1,24,2,1,44,0.001,0.001,,,,,NVIDIA A100-SXM4-40GB MIG 4g.20gb (0),1,,13,"void ch_est::chEstFilterNoDftSOfdmDispatchKernel<float, __half, float, (unsigned int)2>(ch_est::puschRxChEstStatDescr_t *, ch_est::puschRxChEstDynDescr_t *)"
3637908771,2656,209023,103,1,1,128,1,1,16,0.000,0.000,,,,,NVIDIA A100-SXM4-40GB MIG 4g.20gb (0),1,,13,cupy_copy__complex64_complex64
3637921443,12608,209033,1434,1,1,128,1,1,16,0.000,0.000,,,,,NVIDIA A100-SXM4-40GB MIG 4g.20gb (0),1,,13,cupy_copy__complex64_complex64
3637946595,2656,209040,103,1,1,128,1,1,16,0.000,0.000,,,,,NVIDIA A100-SXM4-40GB MIG 4g.20gb (0),1,,13,cupy_copy__complex64_complex64
3637962275,83103,209047,1,1,1,32,32,1,30,0.000,0.000,,,,,NVIDIA A100-SXM4-40GB MIG 4g.20gb (0),1,,13,"void convert_kernel<__half2, float2>(tensor_layout_any, T1 *, tensor_layout_any, const T2 *)"
3638078113,18080,209050,,,,,,,,,,0.094,5182.232,Pinned,Device,NVIDIA A100-SXM4-40GB MIG 4g.20gb (0),1,,13,[CUDA memcpy Host-to-Device]
3638109953,46943,209051,,,,,,,,,,35.810,762822.916,Device,,NVIDIA A100-SXM4-40GB MIG 4g.20gb (0),1,,13,[CUDA memset]
3638162144,10528,209053,,,,,,,,,,0.000,7.599,Pinned,Device,NVIDIA A100-SXM4-40GB MIG 4g.20gb (0),1,,13,[CUDA memcpy Host-to-Device]
3638184736,22688,209054,,,,,,,,,,0.197,8665.694,Pinned,Device,NVIDIA A100-SXM4-40GB MIG 4g.20gb (0),1,,13,[CUDA memcpy Host-to-Device]
3638229663,9216,209055,273,1,1,48,1,1,40,0.000,0.001,,,,,NVIDIA A100-SXM4-40GB MIG 4g.20gb (0),1,,13,"void pusch_noise_intf_est::noiseIntfEstNoDftSOfdmKernel<float, __half, float, float, (unsigned int)2, (unsigned int)1, (unsigned char)4, (unsigned char)4>(pusch_noise_intf_est::puschRxNoiseIntfEstDynDescr)"
3638244319,2944,209066,35,1,1,128,1,1,16,0.000,0.000,,,,,NVIDIA A100-SXM4-40GB MIG 4g.20gb (0),1,,13,cupy_copy__complex64_complex64
3638256671,1760,209075,1,1,1,1,1,1,18,0.000,0.000,,,,,NVIDIA A100-SXM4-40GB MIG 4g.20gb (0),1,,13,cupy_copy__float32_float32
3638260767,6560,209081,,,,,,,,,,0.000,0.610,Device,Pageable,NVIDIA A100-SXM4-40GB MIG 4g.20gb (0),1,,7,[CUDA memcpy Device-to-Host]
3638352734,12960,209092,1434,1,1,128,1,1,16,0.000,0.000,,,,,NVIDIA A100-SXM4-40GB MIG 4g.20gb (0),1,,13,cupy_copy__complex64_complex64
3638385277,3424,209099,103,1,1,128,1,1,16,0.000,0.000,,,,,NVIDIA A100-SXM4-40GB MIG 4g.20gb (0),1,,13,cupy_copy__complex64_complex64
3638400893,2496,209106,35,1,1,128,1,1,16,0.000,0.000,,,,,NVIDIA A100-SXM4-40GB MIG 4g.20gb (0),1,,13,cupy_copy__complex64_complex64
3638412093,1792,209113,1,1,1,1,1,1,18,0.000,0.000,,,,,NVIDIA A100-SXM4-40GB MIG 4g.20gb (0),1,,13,cupy_copy__float32_float32
3638553435,87327,209124,1,1,1,32,32,1,30,0.000,0.000,,,,,NVIDIA A100-SXM4-40GB MIG 4g.20gb (0),1,,13,"void convert_kernel<__half2, float2>(tensor_layout_any, T1 *, tensor_layout_any, const T2 *)"
3638673370,18592,209127,,,,,,,,,,0.094,5039.533,Pinned,Device,NVIDIA A100-SXM4-40GB MIG 4g.20gb (0),1,,13,[CUDA memcpy Host-to-Device]
3638704249,3328,209128,,,,,,,,,,1.547,464729.580,Device,,NVIDIA A100-SXM4-40GB MIG 4g.20gb (0),1,,13,[CUDA memset]
3638714073,3936,209133,,,,,,,,,,0.031,7951.218,Pinned,Device,NVIDIA A100-SXM4-40GB MIG 4g.20gb (0),1,,13,[CUDA memcpy Host-to-Device]
3638731129,22400,209134,,,,,,,,,,0.197,8776.974,Pinned,Device,NVIDIA A100-SXM4-40GB MIG 4g.20gb (0),1,,13,[CUDA memcpy Host-to-Device]
3638781432,6048,209135,273,1,1,8,4,1,39,0.002,0.000,,,,,NVIDIA A100-SXM4-40GB MIG 4g.20gb (0),1,,13,"void channel_eq::eqMmseCoefCompLowMimoKernel<float, float, float, (unsigned int)4, (unsigned int)1, (unsigned int)4>(const channel_eq::_puschRxChEqStatDescr *, channel_eq::_puschRxChEqCoefCompDynDescr)"
3638796536,6144,209136,273,1,1,12,11,1,51,0.002,0.000,,,,,NVIDIA A100-SXM4-40GB MIG 4g.20gb (0),1,,13,"void channel_eq::eqMmseSoftDemapKernel<float, __half, __half, float, (unsigned int)4, (unsigned short)16383>(channel_eq::_puschRxChEqStatDescr *, channel_eq::_puschRxChEqSoftDemapDynDescr)"
3638809368,282269,209137,1,1,1,32,32,1,30,0.000,0.000,,,,,NVIDIA A100-SXM4-40GB MIG 4g.20gb (0),1,,13,"void convert_kernel<float2, __half2>(tensor_layout_any, T1 *, tensor_layout_any, const T2 *)"
3639092725,11040,209149,2253,1,1,128,1,1,16,0.000,0.000,,,,,NVIDIA A100-SXM4-40GB MIG 4g.20gb (0),1,,13,cupy_copy__float16_float16
3639106132,3776,209158,282,1,1,128,1,1,16,0.000,0.000,,,,,NVIDIA A100-SXM4-40GB MIG 4g.20gb (0),1,,13,cupy_copy__complex64_complex64
3639111540,2272,209167,26,1,1,128,1,1,16,0.000,0.000,,,,,NVIDIA A100-SXM4-40GB MIG 4g.20gb (0),1,,13,cupy_copy__float32_float32
3639115348,3136,209176,103,1,1,128,1,1,16,0.000,0.000,,,,,NVIDIA A100-SXM4-40GB MIG 4g.20gb (0),1,,13,cupy_copy__complex64_complex64
3639119636,12352,209186,1434,1,1,128,1,1,16,0.000,0.000,,,,,NVIDIA A100-SXM4-40GB MIG 4g.20gb (0),1,,13,cupy_copy__complex64_complex64
3639133588,82431,209191,1,1,1,32,32,1,30,0.000,0.000,,,,,NVIDIA A100-SXM4-40GB MIG 4g.20gb (0),1,,13,"void convert_kernel<__half2, float2>(tensor_layout_any, T1 *, tensor_layout_any, const T2 *)"
3639243027,5376,209194,,,,,,,,,,0.094,17428.487,Pinned,Device,NVIDIA A100-SXM4-40GB MIG 4g.20gb (0),1,,13,[CUDA memcpy Host-to-Device]
3639253587,598264,209195,,,,,,,,,,456.561,762914.166,Device,,NVIDIA A100-SXM4-40GB MIG 4g.20gb (0),1,,13,[CUDA memset]
3639855915,134271,209200,,,,,,,,,,1.235,9196.628,Pinned,Device,NVIDIA A100-SXM4-40GB MIG 4g.20gb (0),1,,13,[CUDA memcpy Host-to-Device]
3640006377,40800,209201,,,,,,,,,,0.197,4818.665,Pinned,Device,NVIDIA A100-SXM4-40GB MIG 4g.20gb (0),1,,13,[CUDA memcpy Host-to-Device]
3640076648,8288,209202,69,4,1,48,1,1,76,0.002,0.000,,,,,NVIDIA A100-SXM4-40GB MIG 4g.20gb (0),1,,13,"void ch_est::windowedChEstPreNoDftSOfdmKernel<float, __half, float, (unsigned int)2, (unsigned int)1, (unsigned short)4>(ch_est::puschRxChEstStatDescr_t *, ch_est::puschRxChEstDynDescr_t *)"
3640096136,6496,209203,137,2,1,24,2,1,44,0.001,0.001,,,,,NVIDIA A100-SXM4-40GB MIG 4g.20gb (0),1,,13,"void ch_est::chEstFilterNoDftSOfdmDispatchKernel<float, __half, float, (unsigned int)2>(ch_est::puschRxChEstStatDescr_t *, ch_est::puschRxChEstDynDescr_t *)"
3640113000,4768,209204,137,2,1,24,2,1,44,0.001,0.001,,,,,NVIDIA A100-SXM4-40GB MIG 4g.20gb (0),1,,13,"void ch_est::chEstFilterNoDftSOfdmDispatchKernel<float, __half, float, (unsigned int)2>(ch_est::puschRxChEstStatDescr_t *, ch_est::puschRxChEstDynDescr_t *)"
3640130376,2496,209215,103,1,1,128,1,1,16,0.000,0.000,,,,,NVIDIA A100-SXM4-40GB MIG 4g.20gb (0),1,,13,cupy_copy__complex64_complex64
3640147880,12447,209225,1434,1,1,128,1,1,16,0.000,0.000,,,,,NVIDIA A100-SXM4-40GB MIG 4g.20gb (0),1,,13,cupy_copy__complex64_complex64
3640167239,2528,209232,103,1,1,128,1,1,16,0.000,0.000,,,,,NVIDIA A100-SXM4-40GB MIG 4g.20gb (0),1,,13,cupy_copy__complex64_complex64
3640189063,101663,209239,1,1,1,32,32,1,30,0.000,0.000,,,,,NVIDIA A100-SXM4-40GB MIG 4g.20gb (0),1,,13,"void convert_kernel<__half2, float2>(tensor_layout_any, T1 *, tensor_layout_any, const T2 *)"
3640327621,26368,209242,,,,,,,,,,0.094,3553.327,Pinned,Device,NVIDIA A100-SXM4-40GB MIG 4g.20gb (0),1,,13,[CUDA memcpy Host-to-Device]
3640371525,47071,209243,,,,,,,,,,35.810,760745.940,Device,,NVIDIA A100-SXM4-40GB MIG 4g.20gb (0),1,,13,[CUDA memset]
3640425700,10080,209245,,,,,,,,,,0.000,7.936,Pinned,Device,NVIDIA A100-SXM4-40GB MIG 4g.20gb (0),1,,13,[CUDA memcpy Host-to-Device]
3640448324,32671,209246,,,,,,,,,,0.197,6017.778,Pinned,Device,NVIDIA A100-SXM4-40GB MIG 4g.20gb (0),1,,13,[CUDA memcpy Host-to-Device]
3640505091,9888,209247,273,1,1,48,1,1,40,0.000,0.001,,,,,NVIDIA A100-SXM4-40GB MIG 4g.20gb (0),1,,13,"void pusch_noise_intf_est::noiseIntfEstNoDftSOfdmKernel<float, __half, float, float, (unsigned int)2, (unsigned int)1, (unsigned char)4, (unsigned char)4>(pusch_noise_intf_est::puschRxNoiseIntfEstDynDescr)"
3640521603,2624,209258,35,1,1,128,1,1,16,0.000,0.000,,,,,NVIDIA A100-SXM4-40GB MIG 4g.20gb (0),1,,13,cupy_copy__complex64_complex64
3640537219,1696,209267,1,1,1,1,1,1,18,0.000,0.000,,,,,NVIDIA A100-SXM4-40GB MIG 4g.20gb (0),1,,13,cupy_copy__float32_float32
3640543235,5184,209273,,,,,,,,,,0.000,0.772,Device,Pageable,NVIDIA A100-SXM4-40GB MIG 4g.20gb (0),1,,7,[CUDA memcpy Device-to-Host]
3640630466,12767,209284,1434,1,1,128,1,1,16,0.000,0.000,,,,,NVIDIA A100-SXM4-40GB MIG 4g.20gb (0),1,,13,cupy_copy__complex64_complex64
3640669345,3360,209291,103,1,1,128,1,1,16,0.000,0.000,,,,,NVIDIA A100-SXM4-40GB MIG 4g.20gb (0),1,,13,cupy_copy__complex64_complex64
3640689729,2304,209298,35,1,1,128,1,1,16,0.000,0.000,,,,,NVIDIA A100-SXM4-40GB MIG 4g.20gb (0),1,,13,cupy_copy__complex64_complex64
3640705889,1760,209305,1,1,1,1,1,1,18,0.000,0.000,,,,,NVIDIA A100-SXM4-40GB MIG 4g.20gb (0),1,,13,cupy_copy__float32_float32
3640830559,87263,209316,1,1,1,32,32,1,30,0.000,0.000,,,,,NVIDIA A100-SXM4-40GB MIG 4g.20gb (0),1,,13,"void convert_kernel<__half2, float2>(tensor_layout_any, T1 *, tensor_layout_any, const T2 *)"
3640946046,5760,209319,,,,,,,,,,0.094,16266.656,Pinned,Device,NVIDIA A100-SXM4-40GB MIG 4g.20gb (0),1,,13,[CUDA memcpy Host-to-Device]
3640960446,3392,209320,,,,,,,,,,1.547,455961.768,Device,,NVIDIA A100-SXM4-40GB MIG 4g.20gb (0),1,,13,[CUDA memset]
3640967709,3264,209325,,,,,,,,,,0.031,9588.218,Pinned,Device,NVIDIA A100-SXM4-40GB MIG 4g.20gb (0),1,,13,[CUDA memcpy Host-to-Device]
3640973373,9504,209326,,,,,,,,,,0.197,20686.701,Pinned,Device,NVIDIA A100-SXM4-40GB MIG 4g.20gb (0),1,,13,[CUDA memcpy Host-to-Device]
3640987965,6208,209327,273,1,1,8,4,1,39,0.002,0.000,,,,,NVIDIA A100-SXM4-40GB MIG 4g.20gb (0),1,,13,"void channel_eq::eqMmseCoefCompLowMimoKernel<float, float, float, (unsigned int)4, (unsigned int)1, (unsigned int)4>(const channel_eq::_puschRxChEqStatDescr *, channel_eq::_puschRxChEqCoefCompDynDescr)"
3640997373,6208,209328,273,1,1,12,11,1,51,0.002,0.000,,,,,NVIDIA A100-SXM4-40GB MIG 4g.20gb (0),1,,13,"void channel_eq::eqMmseSoftDemapKernel<float, __half, __half, float, (unsigned int)4, (unsigned short)16383>(channel_eq::_puschRxChEqStatDescr *, channel_eq::_puschRxChEqSoftDemapDynDescr)"
3641004957,283356,209329,1,1,1,32,32,1,30,0.000,0.000,,,,,NVIDIA A100-SXM4-40GB MIG 4g.20gb (0),1,,13,"void convert_kernel<float2, __half2>(tensor_layout_any, T1 *, tensor_layout_any, const T2 *)"
3641291321,11104,209341,2253,1,1,128,1,1,16,0.000,0.000,,,,,NVIDIA A100-SXM4-40GB MIG 4g.20gb (0),1,,13,cupy_copy__float16_float16
3641307033,3168,209350,282,1,1,128,1,1,16,0.000,0.000,,,,,NVIDIA A100-SXM4-40GB MIG 4g.20gb (0),1,,13,cupy_copy__complex64_complex64
3641313177,2240,209359,26,1,1,128,1,1,16,0.000,0.000,,,,,NVIDIA A100-SXM4-40GB MIG 4g.20gb (0),1,,13,cupy_copy__float32_float32
3641316953,3552,209368,103,1,1,128,1,1,16,0.000,0.000,,,,,NVIDIA A100-SXM4-40GB MIG 4g.20gb (0),1,,13,cupy_copy__complex64_complex64
3641322201,11968,209378,1434,1,1,128,1,1,16,0.000,0.000,,,,,NVIDIA A100-SXM4-40GB MIG 4g.20gb (0),1,,13,cupy_copy__complex64_complex64
3641342649,82847,209383,1,1,1,32,32,1,30,0.000,0.000,,,,,NVIDIA A100-SXM4-40GB MIG 4g.20gb (0),1,,13,"void convert_kernel<__half2, float2>(tensor_layout_any, T1 *, tensor_layout_any, const T2 *)"
3641453015,5728,209386,,,,,,,,,,0.094,16357.541,Pinned,Device,NVIDIA A100-SXM4-40GB MIG 4g.20gb (0),1,,13,[CUDA memcpy Host-to-Device]
3641462423,596953,209387,,,,,,,,,,456.561,764740.412,Device,,NVIDIA A100-SXM4-40GB MIG 4g.20gb (0),1,,13,[CUDA memset]
3642060304,70847,209392,,,,,,,,,,1.235,17430.000,Pinned,Device,NVIDIA A100-SXM4-40GB MIG 4g.20gb (0),1,,13,[CUDA memcpy Host-to-Device]
3642134607,10720,209393,,,,,,,,,,0.197,18340.184,Pinned,Device,NVIDIA A100-SXM4-40GB MIG 4g.20gb (0),1,,13,[CUDA memcpy Host-to-Device]
3642149135,8032,209394,69,4,1,48,1,1,76,0.002,0.000,,,,,NVIDIA A100-SXM4-40GB MIG 4g.20gb (0),1,,13,"void ch_est::windowedChEstPreNoDftSOfdmKernel<float, __half, float, (unsigned int)2, (unsigned int)1, (unsigned short)4>(ch_est::puschRxChEstStatDescr_t *, ch_est::puschRxChEstDynDescr_t *)"
3642160207,6784,209395,137,2,1,24,2,1,44,0.001,0.001,,,,,NVIDIA A100-SXM4-40GB MIG 4g.20gb (0),1,,13,"void ch_est::chEstFilterNoDftSOfdmDispatchKernel<float, __half, float, (unsigned int)2>(ch_est::puschRxChEstStatDescr_t *, ch_est::puschRxChEstDynDescr_t *)"
3642169839,5024,209396,137,2,1,24,2,1,44,0.001,0.001,,,,,NVIDIA A100-SXM4-40GB MIG 4g.20gb (0),1,,13,"void ch_est::chEstFilterNoDftSOfdmDispatchKernel<float, __half, float, (unsigned int)2>(ch_est::puschRxChEstStatDescr_t *, ch_est::puschRxChEstDynDescr_t *)"
3642177519,2559,209407,103,1,1,128,1,1,16,0.000,0.000,,,,,NVIDIA A100-SXM4-40GB MIG 4g.20gb (0),1,,13,cupy_copy__complex64_complex64
3642182126,12352,209417,1434,1,1,128,1,1,16,0.000,0.000,,,,,NVIDIA A100-SXM4-40GB MIG 4g.20gb (0),1,,13,cupy_copy__complex64_complex64
3642197006,2752,209424,103,1,1,128,1,1,16,0.000,0.000,,,,,NVIDIA A100-SXM4-40GB MIG 4g.20gb (0),1,,13,cupy_copy__complex64_complex64
3642201326,81503,209431,1,1,1,32,32,1,30,0.000,0.000,,,,,NVIDIA A100-SXM4-40GB MIG 4g.20gb (0),1,,13,"void convert_kernel<__half2, float2>(tensor_layout_any, T1 *, tensor_layout_any, const T2 *)"
3642310189,6016,209434,,,,,,,,,,0.094,15574.430,Pinned,Device,NVIDIA A100-SXM4-40GB MIG 4g.20gb (0),1,,13,[CUDA memcpy Host-to-Device]
3642322285,47455,209435,,,,,,,,,,35.810,754586.634,Device,,NVIDIA A100-SXM4-40GB MIG 4g.20gb (0),1,,13,[CUDA memset]
3642374828,5760,209437,,,,,,,,,,0.000,13.889,Pinned,Device,NVIDIA A100-SXM4-40GB MIG 4g.20gb (0),1,,13,[CUDA memcpy Host-to-Device]
3642386028,13984,209438,,,,,,,,,,0.197,14059.438,Pinned,Device,NVIDIA A100-SXM4-40GB MIG 4g.20gb (0),1,,13,[CUDA memcpy Host-to-Device]
3642410380,12831,209439,273,1,1,48,1,1,40,0.000,0.001,,,,,NVIDIA A100-SXM4-40GB MIG 4g.20gb (0),1,,13,"void pusch_noise_intf_est::noiseIntfEstNoDftSOfdmKernel<float, __half, float, float, (unsigned int)2, (unsigned int)1, (unsigned char)4, (unsigned char)4>(pusch_noise_intf_est::puschRxNoiseIntfEstDynDescr)"
3642425387,2912,209450,35,1,1,128,1,1,16,0.000,0.000,,,,,NVIDIA A100-SXM4-40GB MIG 4g.20gb (0),1,,13,cupy_copy__complex64_complex64
3642431563,1984,209459,1,1,1,1,1,1,18,0.000,0.000,,,,,NVIDIA A100-SXM4-40GB MIG 4g.20gb (0),1,,13,cupy_copy__float32_float32
3642464491,1568,209465,,,,,,,,,,0.000,2.551,Device,Pageable,NVIDIA A100-SXM4-40GB MIG 4g.20gb (0),1,,7,[CUDA memcpy Device-to-Host]
3642526730,12928,209476,1434,1,1,128,1,1,16,0.000,0.000,,,,,NVIDIA A100-SXM4-40GB MIG 4g.20gb (0),1,,13,cupy_copy__complex64_complex64
3642550442,3264,209483,103,1,1,128,1,1,16,0.000,0.000,,,,,NVIDIA A100-SXM4-40GB MIG 4g.20gb (0),1,,13,cupy_copy__complex64_complex64
3642571242,2880,209490,35,1,1,128,1,1,16,0.000,0.000,,,,,NVIDIA A100-SXM4-40GB MIG 4g.20gb (0),1,,13,cupy_copy__complex64_complex64
3642588937,1824,209497,1,1,1,1,1,1,18,0.000,0.000,,,,,NVIDIA A100-SXM4-40GB MIG 4g.20gb (0),1,,13,cupy_copy__float32_float32
3642719720,82559,209508,1,1,1,32,32,1,30,0.000,0.000,,,,,NVIDIA A100-SXM4-40GB MIG 4g.20gb (0),1,,13,"void convert_kernel<__half2, float2>(tensor_layout_any, T1 *, tensor_layout_any, const T2 *)"
3642830086,5568,209511,,,,,,,,,,0.094,16827.521,Pinned,Device,NVIDIA A100-SXM4-40GB MIG 4g.20gb (0),1,,13,[CUDA memcpy Host-to-Device]
3642853318,3136,209512,,,,,,,,,,1.547,493182.821,Device,,NVIDIA A100-SXM4-40GB MIG 4g.20gb (0),1,,13,[CUDA memset]
3642861542,3648,209517,,,,,,,,,,0.031,8578.922,Pinned,Device,NVIDIA A100-SXM4-40GB MIG 4g.20gb (0),1,,13,[CUDA memcpy Host-to-Device]
3642867750,9696,209518,,,,,,,,,,0.197,20277.166,Pinned,Device,NVIDIA A100-SXM4-40GB MIG 4g.20gb (0),1,,13,[CUDA memcpy Host-to-Device]
3642881510,6592,209519,273,1,1,8,4,1,39,0.002,0.000,,,,,NVIDIA A100-SXM4-40GB MIG 4g.20gb (0),1,,13,"void channel_eq::eqMmseCoefCompLowMimoKernel<float, float, float, (unsigned int)4, (unsigned int)1, (unsigned int)4>(const channel_eq::_puschRxChEqStatDescr *, channel_eq::_puschRxChEqCoefCompDynDescr)"
3642890438,6176,209520,273,1,1,12,11,1,51,0.002,0.000,,,,,NVIDIA A100-SXM4-40GB MIG 4g.20gb (0),1,,13,"void channel_eq::eqMmseSoftDemapKernel<float, __half, __half, float, (unsigned int)4, (unsigned short)16383>(channel_eq::_puschRxChEqStatDescr *, channel_eq::_puschRxChEqSoftDemapDynDescr)"
3642900006,290524,209521,1,1,1,32,32,1,30,0.000,0.000,,,,,NVIDIA A100-SXM4-40GB MIG 4g.20gb (0),1,,13,"void convert_kernel<float2, __half2>(tensor_layout_any, T1 *, tensor_layout_any, const T2 *)"
3643193378,10880,209533,2253,1,1,128,1,1,16,0.000,0.000,,,,,NVIDIA A100-SXM4-40GB MIG 4g.20gb (0),1,,13,cupy_copy__float16_float16
3643206722,3168,209542,282,1,1,128,1,1,16,0.000,0.000,,,,,NVIDIA A100-SXM4-40GB MIG 4g.20gb (0),1,,13,cupy_copy__complex64_complex64
3643210882,2208,209551,26,1,1,128,1,1,16,0.000,0.000,,,,,NVIDIA A100-SXM4-40GB MIG 4g.20gb (0),1,,13,cupy_copy__float32_float32
3643215682,2816,209560,103,1,1,128,1,1,16,0.000,0.000,,,,,NVIDIA A100-SXM4-40GB MIG 4g.20gb (0),1,,13,cupy_copy__complex64_complex64
3643220258,12319,209570,1434,1,1,128,1,1,16,0.000,0.000,,,,,NVIDIA A100-SXM4-40GB MIG 4g.20gb (0),1,,13,cupy_copy__complex64_complex64
3643235297,82207,209575,1,1,1,32,32,1,30,0.000,0.000,,,,,NVIDIA A100-SXM4-40GB MIG 4g.20gb (0),1,,13,"void convert_kernel<__half2, float2>(tensor_layout_any, T1 *, tensor_layout_any, const T2 *)"
3643344640,5504,209578,,,,,,,,,,0.094,17023.251,Pinned,Device,NVIDIA A100-SXM4-40GB MIG 4g.20gb (0),1,,13,[CUDA memcpy Host-to-Device]
3643355424,596665,209579,,,,,,,,,,456.561,764740.412,Device,,NVIDIA A100-SXM4-40GB MIG 4g.20gb (0),1,,13,[CUDA memset]
3643953305,151678,209584,,,,,,,,,,1.235,8140.751,Pinned,Device,NVIDIA A100-SXM4-40GB MIG 4g.20gb (0),1,,13,[CUDA memcpy Host-to-Device]
3644117335,43199,209585,,,,,,,,,,0.197,4551.082,Pinned,Device,NVIDIA A100-SXM4-40GB MIG 4g.20gb (0),1,,13,[CUDA memcpy Host-to-Device]
3644187830,7840,209586,69,4,1,48,1,1,76,0.002,0.000,,,,,NVIDIA A100-SXM4-40GB MIG 4g.20gb (0),1,,13,"void ch_est::windowedChEstPreNoDftSOfdmKernel<float, __half, float, (unsigned int)2, (unsigned int)1, (unsigned short)4>(ch_est::puschRxChEstStatDescr_t *, ch_est::puschRxChEstDynDescr_t *)"
3644204053,6816,209587,137,2,1,24,2,1,44,0.001,0.001,,,,,NVIDIA A100-SXM4-40GB MIG 4g.20gb (0),1,,13,"void ch_est::chEstFilterNoDftSOfdmDispatchKernel<float, __half, float, (unsigned int)2>(ch_est::puschRxChEstStatDescr_t *, ch_est::puschRxChEstDynDescr_t *)"
3644218709,4672,209588,137,2,1,24,2,1,44,0.001,0.001,,,,,NVIDIA A100-SXM4-40GB MIG 4g.20gb (0),1,,13,"void ch_est::chEstFilterNoDftSOfdmDispatchKernel<float, __half, float, (unsigned int)2>(ch_est::puschRxChEstStatDescr_t *, ch_est::puschRxChEstDynDescr_t *)"
3644234325,2592,209599,103,1,1,128,1,1,16,0.000,0.000,,,,,NVIDIA A100-SXM4-40GB MIG 4g.20gb (0),1,,13,cupy_copy__complex64_complex64
3644249429,12416,209609,1434,1,1,128,1,1,16,0.000,0.000,,,,,NVIDIA A100-SXM4-40GB MIG 4g.20gb (0),1,,13,cupy_copy__complex64_complex64
3644264789,3072,209616,103,1,1,128,1,1,16,0.000,0.000,,,,,NVIDIA A100-SXM4-40GB MIG 4g.20gb (0),1,,13,cupy_copy__complex64_complex64
3644282740,87583,209623,1,1,1,32,32,1,30,0.000,0.000,,,,,NVIDIA A100-SXM4-40GB MIG 4g.20gb (0),1,,13,"void convert_kernel<__half2, float2>(tensor_layout_any, T1 *, tensor_layout_any, const T2 *)"
3644400659,6048,209626,,,,,,,,,,0.094,15491.978,Pinned,Device,NVIDIA A100-SXM4-40GB MIG 4g.20gb (0),1,,13,[CUDA memcpy Host-to-Device]
3644413235,46879,209627,,,,,,,,,,35.810,763861.404,Device,,NVIDIA A100-SXM4-40GB MIG 4g.20gb (0),1,,13,[CUDA memset]
3644467858,4672,209629,,,,,,,,,,0.000,17.123,Pinned,Device,NVIDIA A100-SXM4-40GB MIG 4g.20gb (0),1,,13,[CUDA memcpy Host-to-Device]
3644478482,11680,209630,,,,,,,,,,0.197,16832.791,Pinned,Device,NVIDIA A100-SXM4-40GB MIG 4g.20gb (0),1,,13,[CUDA memcpy Host-to-Device]
3644498098,12544,209631,273,1,1,48,1,1,40,0.000,0.001,,,,,NVIDIA A100-SXM4-40GB MIG 4g.20gb (0),1,,13,"void pusch_noise_intf_est::noiseIntfEstNoDftSOfdmKernel<float, __half, float, float, (unsigned int)2, (unsigned int)1, (unsigned char)4, (unsigned char)4>(pusch_noise_intf_est::puschRxNoiseIntfEstDynDescr)"
3644514258,3104,209642,35,1,1,128,1,1,16,0.000,0.000,,,,,NVIDIA A100-SXM4-40GB MIG 4g.20gb (0),1,,13,cupy_copy__complex64_complex64
3644527761,1824,209651,1,1,1,1,1,1,18,0.000,0.000,,,,,NVIDIA A100-SXM4-40GB MIG 4g.20gb (0),1,,13,cupy_copy__float32_float32
3644564017,1600,209657,,,,,,,,,,0.000,2.500,Device,Pageable,NVIDIA A100-SXM4-40GB MIG 4g.20gb (0),1,,7,[CUDA memcpy Device-to-Host]
3644624208,12896,209668,1434,1,1,128,1,1,16,0.000,0.000,,,,,NVIDIA A100-SXM4-40GB MIG 4g.20gb (0),1,,13,cupy_copy__complex64_complex64
3644651696,3648,209675,103,1,1,128,1,1,16,0.000,0.000,,,,,NVIDIA A100-SXM4-40GB MIG 4g.20gb (0),1,,13,cupy_copy__complex64_complex64
3644672848,2400,209682,35,1,1,128,1,1,16,0.000,0.000,,,,,NVIDIA A100-SXM4-40GB MIG 4g.20gb (0),1,,13,cupy_copy__complex64_complex64
3644690287,1792,209689,1,1,1,1,1,1,18,0.000,0.000,,,,,NVIDIA A100-SXM4-40GB MIG 4g.20gb (0),1,,13,cupy_copy__float32_float32
3644825486,82527,209700,1,1,1,32,32,1,30,0.000,0.000,,,,,NVIDIA A100-SXM4-40GB MIG 4g.20gb (0),1,,13,"void convert_kernel<__half2, float2>(tensor_layout_any, T1 *, tensor_layout_any, const T2 *)"
3644936044,5888,209703,,,,,,,,,,0.094,15912.954,Pinned,Device,NVIDIA A100-SXM4-40GB MIG 4g.20gb (0),1,,13,[CUDA memcpy Host-to-Device]
3644953580,3232,209704,,,,,,,,,,1.547,478533.199,Device,,NVIDIA A100-SXM4-40GB MIG 4g.20gb (0),1,,13,[CUDA memset]
3644961132,3168,209709,,,,,,,,,,0.031,9878.770,Pinned,Device,NVIDIA A100-SXM4-40GB MIG 4g.20gb (0),1,,13,[CUDA memcpy Host-to-Device]
3644967020,9600,209710,,,,,,,,,,0.197,20479.869,Pinned,Device,NVIDIA A100-SXM4-40GB MIG 4g.20gb (0),1,,13,[CUDA memcpy Host-to-Device]
3644980620,6432,209711,273,1,1,8,4,1,39,0.002,0.000,,,,,NVIDIA A100-SXM4-40GB MIG 4g.20gb (0),1,,13,"void channel_eq::eqMmseCoefCompLowMimoKernel<float, float, float, (unsigned int)4, (unsigned int)1, (unsigned int)4>(const channel_eq::_puschRxChEqStatDescr *, channel_eq::_puschRxChEqCoefCompDynDescr)"
3644989196,7136,209712,273,1,1,12,11,1,51,0.002,0.000,,,,,NVIDIA A100-SXM4-40GB MIG 4g.20gb (0),1,,13,"void channel_eq::eqMmseSoftDemapKernel<float, __half, __half, float, (unsigned int)4, (unsigned short)16383>(channel_eq::_puschRxChEqStatDescr *, channel_eq::_puschRxChEqSoftDemapDynDescr)"
3644997356,282684,209713,1,1,1,32,32,1,30,0.000,0.000,,,,,NVIDIA A100-SXM4-40GB MIG 4g.20gb (0),1,,13,"void convert_kernel<float2, __half2>(tensor_layout_any, T1 *, tensor_layout_any, const T2 *)"
3645281032,11040,209725,2253,1,1,128,1,1,16,0.000,0.000,,,,,NVIDIA A100-SXM4-40GB MIG 4g.20gb (0),1,,13,cupy_copy__float16_float16
3645294408,3776,209734,282,1,1,128,1,1,16,0.000,0.000,,,,,NVIDIA A100-SXM4-40GB MIG 4g.20gb (0),1,,13,cupy_copy__complex64_complex64
3645300296,2336,209743,26,1,1,128,1,1,16,0.000,0.000,,,,,NVIDIA A100-SXM4-40GB MIG 4g.20gb (0),1,,13,cupy_copy__float32_float32
3645304456,3072,209752,103,1,1,128,1,1,16,0.000,0.000,,,,,NVIDIA A100-SXM4-40GB MIG 4g.20gb (0),1,,13,cupy_copy__complex64_complex64
3645366055,12160,209768,1434,1,1,128,1,1,16,0.000,0.000,,,,,NVIDIA A100-SXM4-40GB MIG 4g.20gb (0),1,,13,cupy_copy__complex64_complex64
3645489798,87006,209773,1,1,1,32,32,1,30,0.000,0.000,,,,,NVIDIA A100-SXM4-40GB MIG 4g.20gb (0),1,,13,"void convert_kernel<__half2, float2>(tensor_layout_any, T1 *, tensor_layout_any, const T2 *)"
3645604356,5568,209776,,,,,,,,,,0.094,16827.521,Pinned,Device,NVIDIA A100-SXM4-40GB MIG 4g.20gb (0),1,,13,[CUDA memcpy Host-to-Device]
3645615236,597433,209777,,,,,,,,,,456.561,763827.289,Device,,NVIDIA A100-SXM4-40GB MIG 4g.20gb (0),1,,13,[CUDA memset]
3646214141,159582,209782,,,,,,,,,,1.235,7738.159,Pinned,Device,NVIDIA A100-SXM4-40GB MIG 4g.20gb (0),1,,13,[CUDA memcpy Host-to-Device]
3646389338,40928,209783,,,,,,,,,,0.197,4803.723,Pinned,Device,NVIDIA A100-SXM4-40GB MIG 4g.20gb (0),1,,13,[CUDA memcpy Host-to-Device]
3646445626,7936,209784,69,4,1,48,1,1,76,0.002,0.000,,,,,NVIDIA A100-SXM4-40GB MIG 4g.20gb (0),1,,13,"void ch_est::windowedChEstPreNoDftSOfdmKernel<float, __half, float, (unsigned int)2, (unsigned int)1, (unsigned short)4>(ch_est::puschRxChEstStatDescr_t *, ch_est::puschRxChEstDynDescr_t *)"
3646459706,6751,209785,137,2,1,24,2,1,44,0.001,0.001,,,,,NVIDIA A100-SXM4-40GB MIG 4g.20gb (0),1,,13,"void ch_est::chEstFilterNoDftSOfdmDispatchKernel<float, __half, float, (unsigned int)2>(ch_est::puschRxChEstStatDescr_t *, ch_est::puschRxChEstDynDescr_t *)"
3646475737,4768,209786,137,2,1,24,2,1,44,0.001,0.001,,,,,NVIDIA A100-SXM4-40GB MIG 4g.20gb (0),1,,13,"void ch_est::chEstFilterNoDftSOfdmDispatchKernel<float, __half, float, (unsigned int)2>(ch_est::puschRxChEstStatDescr_t *, ch_est::puschRxChEstDynDescr_t *)"
3646491769,2624,209797,103,1,1,128,1,1,16,0.000,0.000,,,,,NVIDIA A100-SXM4-40GB MIG 4g.20gb (0),1,,13,cupy_copy__complex64_complex64
3646504377,13056,209807,1434,1,1,128,1,1,16,0.000,0.000,,,,,NVIDIA A100-SXM4-40GB MIG 4g.20gb (0),1,,13,cupy_copy__complex64_complex64
3646532665,2624,209814,103,1,1,128,1,1,16,0.000,0.000,,,,,NVIDIA A100-SXM4-40GB MIG 4g.20gb (0),1,,13,cupy_copy__complex64_complex64
3646540473,86878,209821,1,1,1,32,32,1,30,0.000,0.000,,,,,NVIDIA A100-SXM4-40GB MIG 4g.20gb (0),1,,13,"void convert_kernel<__half2, float2>(tensor_layout_any, T1 *, tensor_layout_any, const T2 *)"
3646654583,5568,209824,,,,,,,,,,0.094,16827.521,Pinned,Device,NVIDIA A100-SXM4-40GB MIG 4g.20gb (0),1,,13,[CUDA memcpy Host-to-Device]
3646669111,46591,209825,,,,,,,,,,35.810,768588.313,Device,,NVIDIA A100-SXM4-40GB MIG 4g.20gb (0),1,,13,[CUDA memset]
3646719542,5216,209827,,,,,,,,,,0.000,15.337,Pinned,Device,NVIDIA A100-SXM4-40GB MIG 4g.20gb (0),1,,13,[CUDA memcpy Host-to-Device]
3646729782,12800,209828,,,,,,,,,,0.197,15360.000,Pinned,Device,NVIDIA A100-SXM4-40GB MIG 4g.20gb (0),1,,13,[CUDA memcpy Host-to-Device]
3646751766,11008,209829,273,1,1,48,1,1,40,0.000,0.001,,,,,NVIDIA A100-SXM4-40GB MIG 4g.20gb (0),1,,13,"void pusch_noise_intf_est::noiseIntfEstNoDftSOfdmKernel<float, __half, float, float, (unsigned int)2, (unsigned int)1, (unsigned char)4, (unsigned char)4>(pusch_noise_intf_est::puschRxNoiseIntfEstDynDescr)"
3646767222,2912,209840,35,1,1,128,1,1,16,0.000,0.000,,,,,NVIDIA A100-SXM4-40GB MIG 4g.20gb (0),1,,13,cupy_copy__complex64_complex64
3646776214,1984,209849,1,1,1,1,1,1,18,0.000,0.000,,,,,NVIDIA A100-SXM4-40GB MIG 4g.20gb (0),1,,13,cupy_copy__float32_float32
3646809557,1568,209855,,,,,,,,,,0.000,2.551,Device,Pageable,NVIDIA A100-SXM4-40GB MIG 4g.20gb (0),1,,7,[CUDA memcpy Device-to-Host]
3646879828,12896,209866,1434,1,1,128,1,1,16,0.000,0.000,,,,,NVIDIA A100-SXM4-40GB MIG 4g.20gb (0),1,,13,cupy_copy__complex64_complex64
3646907220,2592,209873,103,1,1,128,1,1,16,0.000,0.000,,,,,NVIDIA A100-SXM4-40GB MIG 4g.20gb (0),1,,13,cupy_copy__complex64_complex64
3646928916,2592,209880,35,1,1,128,1,1,16,0.000,0.000,,,,,NVIDIA A100-SXM4-40GB MIG 4g.20gb (0),1,,13,cupy_copy__complex64_complex64
3646947188,1792,209887,1,1,1,1,1,1,18,0.000,0.000,,,,,NVIDIA A100-SXM4-40GB MIG 4g.20gb (0),1,,13,cupy_copy__float32_float32
3647087570,87007,209898,1,1,1,32,32,1,30,0.000,0.000,,,,,NVIDIA A100-SXM4-40GB MIG 4g.20gb (0),1,,13,"void convert_kernel<__half2, float2>(tensor_layout_any, T1 *, tensor_layout_any, const T2 *)"
3647202800,5504,209901,,,,,,,,,,0.094,17023.251,Pinned,Device,NVIDIA A100-SXM4-40GB MIG 4g.20gb (0),1,,13,[CUDA memcpy Host-to-Device]
3647217520,3296,209902,,,,,,,,,,1.547,469242.628,Device,,NVIDIA A100-SXM4-40GB MIG 4g.20gb (0),1,,13,[CUDA memset]
3647224688,3296,209907,,,,,,,,,,0.031,9495.144,Pinned,Device,NVIDIA A100-SXM4-40GB MIG 4g.20gb (0),1,,13,[CUDA memcpy Host-to-Device]
3647230736,9984,209908,,,,,,,,,,0.197,19692.257,Pinned,Device,NVIDIA A100-SXM4-40GB MIG 4g.20gb (0),1,,13,[CUDA memcpy Host-to-Device]
3647246576,6272,209909,273,1,1,8,4,1,39,0.002,0.000,,,,,NVIDIA A100-SXM4-40GB MIG 4g.20gb (0),1,,13,"void channel_eq::eqMmseCoefCompLowMimoKernel<float, float, float, (unsigned int)4, (unsigned int)1, (unsigned int)4>(const channel_eq::_puschRxChEqStatDescr *, channel_eq::_puschRxChEqCoefCompDynDescr)"
3647253904,6304,209910,273,1,1,12,11,1,51,0.002,0.000,,,,,NVIDIA A100-SXM4-40GB MIG 4g.20gb (0),1,,13,"void channel_eq::eqMmseSoftDemapKernel<float, __half, __half, float, (unsigned int)4, (unsigned short)16383>(channel_eq::_puschRxChEqStatDescr *, channel_eq::_puschRxChEqSoftDemapDynDescr)"
3647261328,281724,209911,1,1,1,32,32,1,30,0.000,0.000,,,,,NVIDIA A100-SXM4-40GB MIG 4g.20gb (0),1,,13,"void convert_kernel<float2, __half2>(tensor_layout_any, T1 *, tensor_layout_any, const T2 *)"
3647544204,11040,209923,2253,1,1,128,1,1,16,0.000,0.000,,,,,NVIDIA A100-SXM4-40GB MIG 4g.20gb (0),1,,13,cupy_copy__float16_float16
3647560364,3328,209932,282,1,1,128,1,1,16,0.000,0.000,,,,,NVIDIA A100-SXM4-40GB MIG 4g.20gb (0),1,,13,cupy_copy__complex64_complex64
3647566028,2368,209941,26,1,1,128,1,1,16,0.000,0.000,,,,,NVIDIA A100-SXM4-40GB MIG 4g.20gb (0),1,,13,cupy_copy__float32_float32
3647569484,2880,209950,103,1,1,128,1,1,16,0.000,0.000,,,,,NVIDIA A100-SXM4-40GB MIG 4g.20gb (0),1,,13,cupy_copy__complex64_complex64
3647575948,11904,209960,1434,1,1,128,1,1,16,0.000,0.000,,,,,NVIDIA A100-SXM4-40GB MIG 4g.20gb (0),1,,13,cupy_copy__complex64_complex64
3647597324,87326,209965,1,1,1,32,32,1,30,0.000,0.000,,,,,NVIDIA A100-SXM4-40GB MIG 4g.20gb (0),1,,13,"void convert_kernel<__half2, float2>(tensor_layout_any, T1 *, tensor_layout_any, const T2 *)"
3647711626,5472,209968,,,,,,,,,,0.094,17122.757,Pinned,Device,NVIDIA A100-SXM4-40GB MIG 4g.20gb (0),1,,13,[CUDA memcpy Host-to-Device]
3647721674,597017,209969,,,,,,,,,,456.561,764283.851,Device,,NVIDIA A100-SXM4-40GB MIG 4g.20gb (0),1,,13,[CUDA memset]
3648326562,150719,209974,,,,,,,,,,1.235,8192.618,Pinned,Device,NVIDIA A100-SXM4-40GB MIG 4g.20gb (0),1,,13,[CUDA memcpy Host-to-Device]
3648492224,43008,209975,,,,,,,,,,0.197,4571.333,Pinned,Device,NVIDIA A100-SXM4-40GB MIG 4g.20gb (0),1,,13,[CUDA memcpy Host-to-Device]
3648564416,8319,209976,69,4,1,48,1,1,76,0.002,0.000,,,,,NVIDIA A100-SXM4-40GB MIG 4g.20gb (0),1,,13,"void ch_est::windowedChEstPreNoDftSOfdmKernel<float, __half, float, (unsigned int)2, (unsigned int)1, (unsigned short)4>(ch_est::puschRxChEstStatDescr_t *, ch_est::puschRxChEstDynDescr_t *)"
3648581695,6720,209977,137,2,1,24,2,1,44,0.001,0.001,,,,,NVIDIA A100-SXM4-40GB MIG 4g.20gb (0),1,,13,"void ch_est::chEstFilterNoDftSOfdmDispatchKernel<float, __half, float, (unsigned int)2>(ch_est::puschRxChEstStatDescr_t *, ch_est::puschRxChEstDynDescr_t *)"
3648599167,4704,209978,137,2,1,24,2,1,44,0.001,0.001,,,,,NVIDIA A100-SXM4-40GB MIG 4g.20gb (0),1,,13,"void ch_est::chEstFilterNoDftSOfdmDispatchKernel<float, __half, float, (unsigned int)2>(ch_est::puschRxChEstStatDescr_t *, ch_est::puschRxChEstDynDescr_t *)"
3648615583,2528,209989,103,1,1,128,1,1,16,0.000,0.000,,,,,NVIDIA A100-SXM4-40GB MIG 4g.20gb (0),1,,13,cupy_copy__complex64_complex64
3648634655,12352,209999,1434,1,1,128,1,1,16,0.000,0.000,,,,,NVIDIA A100-SXM4-40GB MIG 4g.20gb (0),1,,13,cupy_copy__complex64_complex64
3648653406,2944,210006,103,1,1,128,1,1,16,0.000,0.000,,,,,NVIDIA A100-SXM4-40GB MIG 4g.20gb (0),1,,13,cupy_copy__complex64_complex64
3648679998,94559,210013,1,1,1,32,32,1,30,0.000,0.000,,,,,NVIDIA A100-SXM4-40GB MIG 4g.20gb (0),1,,13,"void convert_kernel<__half2, float2>(tensor_layout_any, T1 *, tensor_layout_any, const T2 *)"
3648807645,15647,210016,,,,,,,,,,0.094,5988.111,Pinned,Device,NVIDIA A100-SXM4-40GB MIG 4g.20gb (0),1,,13,[CUDA memcpy Host-to-Device]
3648837244,47168,210017,,,,,,,,,,35.810,759170.304,Device,,NVIDIA A100-SXM4-40GB MIG 4g.20gb (0),1,,13,[CUDA memset]
3648888604,7519,210019,,,,,,,,,,0.000,10.640,Pinned,Device,NVIDIA A100-SXM4-40GB MIG 4g.20gb (0),1,,13,[CUDA memcpy Host-to-Device]
3648903387,12704,210020,,,,,,,,,,0.197,15475.999,Pinned,Device,NVIDIA A100-SXM4-40GB MIG 4g.20gb (0),1,,13,[CUDA memcpy Host-to-Device]
3648928699,12128,210021,273,1,1,48,1,1,40,0.000,0.001,,,,,NVIDIA A100-SXM4-40GB MIG 4g.20gb (0),1,,13,"void pusch_noise_intf_est::noiseIntfEstNoDftSOfdmKernel<float, __half, float, float, (unsigned int)2, (unsigned int)1, (unsigned char)4, (unsigned char)4>(pusch_noise_intf_est::puschRxNoiseIntfEstDynDescr)"
3648944795,3104,210032,35,1,1,128,1,1,16,0.000,0.000,,,,,NVIDIA A100-SXM4-40GB MIG 4g.20gb (0),1,,13,cupy_copy__complex64_complex64
3648950235,1824,210041,1,1,1,1,1,1,18,0.000,0.000,,,,,NVIDIA A100-SXM4-40GB MIG 4g.20gb (0),1,,13,cupy_copy__float32_float32
3648959899,2176,210047,,,,,,,,,,0.000,1.838,Device,Pageable,NVIDIA A100-SXM4-40GB MIG 4g.20gb (0),1,,7,[CUDA memcpy Device-to-Host]
3649023930,13248,210058,1434,1,1,128,1,1,16,0.000,0.000,,,,,NVIDIA A100-SXM4-40GB MIG 4g.20gb (0),1,,13,cupy_copy__complex64_complex64
3649049370,2784,210065,103,1,1,128,1,1,16,0.000,0.000,,,,,NVIDIA A100-SXM4-40GB MIG 4g.20gb (0),1,,13,cupy_copy__complex64_complex64
3649070681,2496,210072,35,1,1,128,1,1,16,0.000,0.000,,,,,NVIDIA A100-SXM4-40GB MIG 4g.20gb (0),1,,13,cupy_copy__complex64_complex64
3649089401,1792,210079,1,1,1,1,1,1,18,0.000,0.000,,,,,NVIDIA A100-SXM4-40GB MIG 4g.20gb (0),1,,13,cupy_copy__float32_float32
3649228183,81759,210090,1,1,1,32,32,1,30,0.000,0.000,,,,,NVIDIA A100-SXM4-40GB MIG 4g.20gb (0),1,,13,"void convert_kernel<__half2, float2>(tensor_layout_any, T1 *, tensor_layout_any, const T2 *)"
3649338038,5408,210093,,,,,,,,,,0.094,17325.421,Pinned,Device,NVIDIA A100-SXM4-40GB MIG 4g.20gb (0),1,,13,[CUDA memcpy Host-to-Device]
3649351926,3360,210094,,,,,,,,,,1.547,460304.688,Device,,NVIDIA A100-SXM4-40GB MIG 4g.20gb (0),1,,13,[CUDA memset]
3649358870,3328,210099,,,,,,,,,,0.031,9403.822,Pinned,Device,NVIDIA A100-SXM4-40GB MIG 4g.20gb (0),1,,13,[CUDA memcpy Host-to-Device]
3649364694,9728,210100,,,,,,,,,,0.197,20210.516,Pinned,Device,NVIDIA A100-SXM4-40GB MIG 4g.20gb (0),1,,13,[CUDA memcpy Host-to-Device]
3649380757,6400,210101,273,1,1,8,4,1,39,0.002,0.000,,,,,NVIDIA A100-SXM4-40GB MIG 4g.20gb (0),1,,13,"void channel_eq::eqMmseCoefCompLowMimoKernel<float, float, float, (unsigned int)4, (unsigned int)1, (unsigned int)4>(const channel_eq::_puschRxChEqStatDescr *, channel_eq::_puschRxChEqCoefCompDynDescr)"
3649389653,5504,210102,273,1,1,12,11,1,51,0.002,0.000,,,,,NVIDIA A100-SXM4-40GB MIG 4g.20gb (0),1,,13,"void channel_eq::eqMmseSoftDemapKernel<float, __half, __half, float, (unsigned int)4, (unsigned short)16383>(channel_eq::_puschRxChEqStatDescr *, channel_eq::_puschRxChEqSoftDemapDynDescr)"
3649396789,282301,210103,1,1,1,32,32,1,30,0.000,0.000,,,,,NVIDIA A100-SXM4-40GB MIG 4g.20gb (0),1,,13,"void convert_kernel<float2, __half2>(tensor_layout_any, T1 *, tensor_layout_any, const T2 *)"
3649680146,10880,210115,2253,1,1,128,1,1,16,0.000,0.000,,,,,NVIDIA A100-SXM4-40GB MIG 4g.20gb (0),1,,13,cupy_copy__float16_float16
3649694770,2688,210124,282,1,1,128,1,1,16,0.000,0.000,,,,,NVIDIA A100-SXM4-40GB MIG 4g.20gb (0),1,,13,cupy_copy__complex64_complex64
3649700625,2016,210133,26,1,1,128,1,1,16,0.000,0.000,,,,,NVIDIA A100-SXM4-40GB MIG 4g.20gb (0),1,,13,cupy_copy__float32_float32
3649704081,3136,210142,103,1,1,128,1,1,16,0.000,0.000,,,,,NVIDIA A100-SXM4-40GB MIG 4g.20gb (0),1,,13,cupy_copy__complex64_complex64
3649708401,12192,210152,1434,1,1,128,1,1,16,0.000,0.000,,,,,NVIDIA A100-SXM4-40GB MIG 4g.20gb (0),1,,13,cupy_copy__complex64_complex64
3649728465,87199,210157,1,1,1,32,32,1,30,0.000,0.000,,,,,NVIDIA A100-SXM4-40GB MIG 4g.20gb (0),1,,13,"void convert_kernel<__half2, float2>(tensor_layout_any, T1 *, tensor_layout_any, const T2 *)"
3649843024,6016,210160,,,,,,,,,,0.094,15574.430,Pinned,Device,NVIDIA A100-SXM4-40GB MIG 4g.20gb (0),1,,13,[CUDA memcpy Host-to-Device]
3649854096,601176,210161,,,,,,,,,,456.561,759261.675,Device,,NVIDIA A100-SXM4-40GB MIG 4g.20gb (0),1,,13,[CUDA memset]
3650465576,131870,210166,,,,,,,,,,1.235,9364.580,Pinned,Device,NVIDIA A100-SXM4-40GB MIG 4g.20gb (0),1,,13,[CUDA memcpy Host-to-Device]
3650609062,40736,210167,,,,,,,,,,0.197,4826.333,Pinned,Device,NVIDIA A100-SXM4-40GB MIG 4g.20gb (0),1,,13,[CUDA memcpy Host-to-Device]
3650671397,7840,210168,69,4,1,48,1,1,76,0.002,0.000,,,,,NVIDIA A100-SXM4-40GB MIG 4g.20gb (0),1,,13,"void ch_est::windowedChEstPreNoDftSOfdmKernel<float, __half, float, (unsigned int)2, (unsigned int)1, (unsigned short)4>(ch_est::puschRxChEstStatDescr_t *, ch_est::puschRxChEstDynDescr_t *)"
3650690629,6528,210169,137,2,1,24,2,1,44,0.001,0.001,,,,,NVIDIA A100-SXM4-40GB MIG 4g.20gb (0),1,,13,"void ch_est::chEstFilterNoDftSOfdmDispatchKernel<float, __half, float, (unsigned int)2>(ch_est::puschRxChEstStatDescr_t *, ch_est::puschRxChEstDynDescr_t *)"
3650707685,4736,210170,137,2,1,24,2,1,44,0.001,0.001,,,,,NVIDIA A100-SXM4-40GB MIG 4g.20gb (0),1,,13,"void ch_est::chEstFilterNoDftSOfdmDispatchKernel<float, __half, float, (unsigned int)2>(ch_est::puschRxChEstStatDescr_t *, ch_est::puschRxChEstDynDescr_t *)"
3650725253,2592,210181,103,1,1,128,1,1,16,0.000,0.000,,,,,NVIDIA A100-SXM4-40GB MIG 4g.20gb (0),1,,13,cupy_copy__complex64_complex64
3650741733,12511,210191,1434,1,1,128,1,1,16,0.000,0.000,,,,,NVIDIA A100-SXM4-40GB MIG 4g.20gb (0),1,,13,cupy_copy__complex64_complex64
3650763268,2912,210198,103,1,1,128,1,1,16,0.000,0.000,,,,,NVIDIA A100-SXM4-40GB MIG 4g.20gb (0),1,,13,cupy_copy__complex64_complex64
3650786276,86751,210205,1,1,1,32,32,1,30,0.000,0.000,,,,,NVIDIA A100-SXM4-40GB MIG 4g.20gb (0),1,,13,"void convert_kernel<__half2, float2>(tensor_layout_any, T1 *, tensor_layout_any, const T2 *)"
3650909699,25759,210208,,,,,,,,,,0.094,3637.372,Pinned,Device,NVIDIA A100-SXM4-40GB MIG 4g.20gb (0),1,,13,[CUDA memcpy Host-to-Device]
3650962722,46911,210209,,,,,,,,,,35.810,763324.255,Device,,NVIDIA A100-SXM4-40GB MIG 4g.20gb (0),1,,13,[CUDA memset]
3651016385,8896,210211,,,,,,,,,,0.000,8.993,Pinned,Device,NVIDIA A100-SXM4-40GB MIG 4g.20gb (0),1,,13,[CUDA memcpy Host-to-Device]
3651035969,29696,210212,,,,,,,,,,0.197,6620.578,Pinned,Device,NVIDIA A100-SXM4-40GB MIG 4g.20gb (0),1,,13,[CUDA memcpy Host-to-Device]
3651086080,9600,210213,273,1,1,48,1,1,40,0.000,0.001,,,,,NVIDIA A100-SXM4-40GB MIG 4g.20gb (0),1,,13,"void pusch_noise_intf_est::noiseIntfEstNoDftSOfdmKernel<float, __half, float, float, (unsigned int)2, (unsigned int)1, (unsigned char)4, (unsigned char)4>(pusch_noise_intf_est::puschRxNoiseIntfEstDynDescr)"
3651103072,2848,210224,35,1,1,128,1,1,16,0.000,0.000,,,,,NVIDIA A100-SXM4-40GB MIG 4g.20gb (0),1,,13,cupy_copy__complex64_complex64
3651120032,1696,210233,1,1,1,1,1,1,18,0.000,0.000,,,,,NVIDIA A100-SXM4-40GB MIG 4g.20gb (0),1,,13,cupy_copy__float32_float32
3651124096,7584,210239,,,,,,,,,,0.000,0.527,Device,Pageable,NVIDIA A100-SXM4-40GB MIG 4g.20gb (0),1,,7,[CUDA memcpy Device-to-Host]
3651224543,12608,210250,1434,1,1,128,1,1,16,0.000,0.000,,,,,NVIDIA A100-SXM4-40GB MIG 4g.20gb (0),1,,13,cupy_copy__complex64_complex64
3651244606,3328,210257,103,1,1,128,1,1,16,0.000,0.000,,,,,NVIDIA A100-SXM4-40GB MIG 4g.20gb (0),1,,13,cupy_copy__complex64_complex64
3651272030,2560,210264,35,1,1,128,1,1,16,0.000,0.000,,,,,NVIDIA A100-SXM4-40GB MIG 4g.20gb (0),1,,13,cupy_copy__complex64_complex64
3651286014,1760,210271,1,1,1,1,1,1,18,0.000,0.000,,,,,NVIDIA A100-SXM4-40GB MIG 4g.20gb (0),1,,13,cupy_copy__float32_float32
3651420476,88991,210282,1,1,1,32,32,1,30,0.000,0.000,,,,,NVIDIA A100-SXM4-40GB MIG 4g.20gb (0),1,,13,"void convert_kernel<__half2, float2>(tensor_layout_any, T1 *, tensor_layout_any, const T2 *)"
3651538203,5568,210285,,,,,,,,,,0.094,16827.521,Pinned,Device,NVIDIA A100-SXM4-40GB MIG 4g.20gb (0),1,,13,[CUDA memcpy Host-to-Device]
3651552923,3616,210286,,,,,,,,,,1.547,427715.774,Device,,NVIDIA A100-SXM4-40GB MIG 4g.20gb (0),1,,13,[CUDA memset]
3651559675,3519,210291,,,,,,,,,,0.031,8893.416,Pinned,Device,NVIDIA A100-SXM4-40GB MIG 4g.20gb (0),1,,13,[CUDA memcpy Host-to-Device]
3651565850,9696,210292,,,,,,,,,,0.197,20277.166,Pinned,Device,NVIDIA A100-SXM4-40GB MIG 4g.20gb (0),1,,13,[CUDA memcpy Host-to-Device]
3651580474,6688,210293,273,1,1,8,4,1,39,0.002,0.000,,,,,NVIDIA A100-SXM4-40GB MIG 4g.20gb (0),1,,13,"void channel_eq::eqMmseCoefCompLowMimoKernel<float, float, float, (unsigned int)4, (unsigned int)1, (unsigned int)4>(const channel_eq::_puschRxChEqStatDescr *, channel_eq::_puschRxChEqCoefCompDynDescr)"
3651589210,6336,210294,273,1,1,12,11,1,51,0.002,0.000,,,,,NVIDIA A100-SXM4-40GB MIG 4g.20gb (0),1,,13,"void channel_eq::eqMmseSoftDemapKernel<float, __half, __half, float, (unsigned int)4, (unsigned short)16383>(channel_eq::_puschRxChEqStatDescr *, channel_eq::_puschRxChEqSoftDemapDynDescr)"
3651596634,282173,210295,1,1,1,32,32,1,30,0.000,0.000,,,,,NVIDIA A100-SXM4-40GB MIG 4g.20gb (0),1,,13,"void convert_kernel<float2, __half2>(tensor_layout_any, T1 *, tensor_layout_any, const T2 *)"
3651879831,11039,210307,2253,1,1,128,1,1,16,0.000,0.000,,,,,NVIDIA A100-SXM4-40GB MIG 4g.20gb (0),1,,13,cupy_copy__float16_float16
3651893046,3264,210316,282,1,1,128,1,1,16,0.000,0.000,,,,,NVIDIA A100-SXM4-40GB MIG 4g.20gb (0),1,,13,cupy_copy__complex64_complex64
3651898742,2368,210325,26,1,1,128,1,1,16,0.000,0.000,,,,,NVIDIA A100-SXM4-40GB MIG 4g.20gb (0),1,,13,cupy_copy__float32_float32
3651902838,4608,210334,103,1,1,128,1,1,16,0.000,0.000,,,,,NVIDIA A100-SXM4-40GB MIG 4g.20gb (0),1,,13,cupy_copy__complex64_complex64
3651908726,12032,210344,1434,1,1,128,1,1,16,0.000,0.000,,,,,NVIDIA A100-SXM4-40GB MIG 4g.20gb (0),1,,13,cupy_copy__complex64_complex64
3651925718,87807,210349,1,1,1,32,32,1,30,0.000,0.000,,,,,NVIDIA A100-SXM4-40GB MIG 4g.20gb (0),1,,13,"void convert_kernel<__half2, float2>(tensor_layout_any, T1 *, tensor_layout_any, const T2 *)"
3652041141,5791,210352,,,,,,,,,,0.094,16179.519,Pinned,Device,NVIDIA A100-SXM4-40GB MIG 4g.20gb (0),1,,13,[CUDA memcpy Host-to-Device]
3652051316,602457,210353,,,,,,,,,,456.561,757435.429,Device,,NVIDIA A100-SXM4-40GB MIG 4g.20gb (0),1,,13,[CUDA memset]
3652660077,80063,210358,,,,,,,,,,1.235,15424.451,Pinned,Device,NVIDIA A100-SXM4-40GB MIG 4g.20gb (0),1,,13,[CUDA memcpy Host-to-Device]
3652747116,16000,210359,,,,,,,,,,0.197,12288.000,Pinned,Device,NVIDIA A100-SXM4-40GB MIG 4g.20gb (0),1,,13,[CUDA memcpy Host-to-Device]
3652772460,8159,210360,69,4,1,48,1,1,76,0.002,0.000,,,,,NVIDIA A100-SXM4-40GB MIG 4g.20gb (0),1,,13,"void ch_est::windowedChEstPreNoDftSOfdmKernel<float, __half, float, (unsigned int)2, (unsigned int)1, (unsigned short)4>(ch_est::puschRxChEstStatDescr_t *, ch_est::puschRxChEstDynDescr_t *)"
3652785195,6432,210361,137,2,1,24,2,1,44,0.001,0.001,,,,,NVIDIA A100-SXM4-40GB MIG 4g.20gb (0),1,,13,"void ch_est::chEstFilterNoDftSOfdmDispatchKernel<float, __half, float, (unsigned int)2>(ch_est::puschRxChEstStatDescr_t *, ch_est::puschRxChEstDynDescr_t *)"
3652796971,5216,210362,137,2,1,24,2,1,44,0.001,0.001,,,,,NVIDIA A100-SXM4-40GB MIG 4g.20gb (0),1,,13,"void ch_est::chEstFilterNoDftSOfdmDispatchKernel<float, __half, float, (unsigned int)2>(ch_est::puschRxChEstStatDescr_t *, ch_est::puschRxChEstDynDescr_t *)"
3652806667,3360,210373,103,1,1,128,1,1,16,0.000,0.000,,,,,NVIDIA A100-SXM4-40GB MIG 4g.20gb (0),1,,13,cupy_copy__complex64_complex64
3652811371,12672,210383,1434,1,1,128,1,1,16,0.000,0.000,,,,,NVIDIA A100-SXM4-40GB MIG 4g.20gb (0),1,,13,cupy_copy__complex64_complex64
3652825739,2624,210390,103,1,1,128,1,1,16,0.000,0.000,,,,,NVIDIA A100-SXM4-40GB MIG 4g.20gb (0),1,,13,cupy_copy__complex64_complex64
3652831883,82463,210397,1,1,1,32,32,1,30,0.000,0.000,,,,,NVIDIA A100-SXM4-40GB MIG 4g.20gb (0),1,,13,"void convert_kernel<__half2, float2>(tensor_layout_any, T1 *, tensor_layout_any, const T2 *)"
3652941801,5920,210400,,,,,,,,,,0.094,15826.941,Pinned,Device,NVIDIA A100-SXM4-40GB MIG 4g.20gb (0),1,,13,[CUDA memcpy Host-to-Device]
3652953961,47136,210401,,,,,,,,,,35.810,759707.453,Device,,NVIDIA A100-SXM4-40GB MIG 4g.20gb (0),1,,13,[CUDA memset]
3653007241,2304,210403,,,,,,,,,,0.000,34.722,Pinned,Device,NVIDIA A100-SXM4-40GB MIG 4g.20gb (0),1,,13,[CUDA memcpy Host-to-Device]
3653013609,11839,210404,,,,,,,,,,0.197,16606.691,Pinned,Device,NVIDIA A100-SXM4-40GB MIG 4g.20gb (0),1,,13,[CUDA memcpy Host-to-Device]
3653034056,10304,210405,273,1,1,48,1,1,40,0.000,0.001,,,,,NVIDIA A100-SXM4-40GB MIG 4g.20gb (0),1,,13,"void pusch_noise_intf_est::noiseIntfEstNoDftSOfdmKernel<float, __half, float, float, (unsigned int)2, (unsigned int)1, (unsigned char)4, (unsigned char)4>(pusch_noise_intf_est::puschRxNoiseIntfEstDynDescr)"
3653048200,3232,210416,35,1,1,128,1,1,16,0.000,0.000,,,,,NVIDIA A100-SXM4-40GB MIG 4g.20gb (0),1,,13,cupy_copy__complex64_complex64
3653064712,1888,210425,1,1,1,1,1,1,18,0.000,0.000,,,,,NVIDIA A100-SXM4-40GB MIG 4g.20gb (0),1,,13,cupy_copy__float32_float32
3653094280,1824,210431,,,,,,,,,,0.000,2.193,Device,Pageable,NVIDIA A100-SXM4-40GB MIG 4g.20gb (0),1,,7,[CUDA memcpy Device-to-Host]
3653156135,12960,210442,1434,1,1,128,1,1,16,0.000,0.000,,,,,NVIDIA A100-SXM4-40GB MIG 4g.20gb (0),1,,13,cupy_copy__complex64_complex64
3653183302,2592,210449,103,1,1,128,1,1,16,0.000,0.000,,,,,NVIDIA A100-SXM4-40GB MIG 4g.20gb (0),1,,13,cupy_copy__complex64_complex64
3653207782,2464,210456,35,1,1,128,1,1,16,0.000,0.000,,,,,NVIDIA A100-SXM4-40GB MIG 4g.20gb (0),1,,13,cupy_copy__complex64_complex64
3653226118,1824,210463,1,1,1,1,1,1,18,0.000,0.000,,,,,NVIDIA A100-SXM4-40GB MIG 4g.20gb (0),1,,13,cupy_copy__float32_float32
3653359652,81727,210474,1,1,1,32,32,1,30,0.000,0.000,,,,,NVIDIA A100-SXM4-40GB MIG 4g.20gb (0),1,,13,"void convert_kernel<__half2, float2>(tensor_layout_any, T1 *, tensor_layout_any, const T2 *)"
3653469667,5792,210477,,,,,,,,,,0.094,16176.708,Pinned,Device,NVIDIA A100-SXM4-40GB MIG 4g.20gb (0),1,,13,[CUDA memcpy Host-to-Device]
3653482659,3232,210478,,,,,,,,,,1.547,478533.199,Device,,NVIDIA A100-SXM4-40GB MIG 4g.20gb (0),1,,13,[CUDA memset]
3653489891,3168,210483,,,,,,,,,,0.031,9878.770,Pinned,Device,NVIDIA A100-SXM4-40GB MIG 4g.20gb (0),1,,13,[CUDA memcpy Host-to-Device]
3653495683,9375,210484,,,,,,,,,,0.197,20971.389,Pinned,Device,NVIDIA A100-SXM4-40GB MIG 4g.20gb (0),1,,13,[CUDA memcpy Host-to-Device]
3653509154,6240,210485,273,1,1,8,4,1,39,0.002,0.000,,,,,NVIDIA A100-SXM4-40GB MIG 4g.20gb (0),1,,13,"void channel_eq::eqMmseCoefCompLowMimoKernel<float, float, float, (unsigned int)4, (unsigned int)1, (unsigned int)4>(const channel_eq::_puschRxChEqStatDescr *, channel_eq::_puschRxChEqCoefCompDynDescr)"
3653519394,5952,210486,273,1,1,12,11,1,51,0.002,0.000,,,,,NVIDIA A100-SXM4-40GB MIG 4g.20gb (0),1,,13,"void channel_eq::eqMmseSoftDemapKernel<float, __half, __half, float, (unsigned int)4, (unsigned short)16383>(channel_eq::_puschRxChEqStatDescr *, channel_eq::_puschRxChEqSoftDemapDynDescr)"
3653526370,299517,210487,1,1,1,32,32,1,30,0.000,0.000,,,,,NVIDIA A100-SXM4-40GB MIG 4g.20gb (0),1,,13,"void convert_kernel<float2, __half2>(tensor_layout_any, T1 *, tensor_layout_any, const T2 *)"
3653827614,10944,210499,2253,1,1,128,1,1,16,0.000,0.000,,,,,NVIDIA A100-SXM4-40GB MIG 4g.20gb (0),1,,13,cupy_copy__float16_float16
3653840254,3616,210508,282,1,1,128,1,1,16,0.000,0.000,,,,,NVIDIA A100-SXM4-40GB MIG 4g.20gb (0),1,,13,cupy_copy__complex64_complex64
3653847230,2144,210517,26,1,1,128,1,1,16,0.000,0.000,,,,,NVIDIA A100-SXM4-40GB MIG 4g.20gb (0),1,,13,cupy_copy__float32_float32
3653851806,2880,210526,103,1,1,128,1,1,16,0.000,0.000,,,,,NVIDIA A100-SXM4-40GB MIG 4g.20gb (0),1,,13,cupy_copy__complex64_complex64
3653855742,11904,210536,1434,1,1,128,1,1,16,0.000,0.000,,,,,NVIDIA A100-SXM4-40GB MIG 4g.20gb (0),1,,13,cupy_copy__complex64_complex64
3653871390,87967,210541,1,1,1,32,32,1,30,0.000,0.000,,,,,NVIDIA A100-SXM4-40GB MIG 4g.20gb (0),1,,13,"void convert_kernel<__half2, float2>(tensor_layout_any, T1 *, tensor_layout_any, const T2 *)"
3653987197,5567,210544,,,,,,,,,,0.094,16830.519,Pinned,Device,NVIDIA A100-SXM4-40GB MIG 4g.20gb (0),1,,13,[CUDA memcpy Host-to-Device]
3653999260,597753,210545,,,,,,,,,,456.561,763370.728,Device,,NVIDIA A100-SXM4-40GB MIG 4g.20gb (0),1,,13,[CUDA memset]
3654603477,133246,210550,,,,,,,,,,1.235,9267.020,Pinned,Device,NVIDIA A100-SXM4-40GB MIG 4g.20gb (0),1,,13,[CUDA memcpy Host-to-Device]
3654749011,40544,210551,,,,,,,,,,0.197,4849.140,Pinned,Device,NVIDIA A100-SXM4-40GB MIG 4g.20gb (0),1,,13,[CUDA memcpy Host-to-Device]
3654806546,8160,210552,69,4,1,48,1,1,76,0.002,0.000,,,,,NVIDIA A100-SXM4-40GB MIG 4g.20gb (0),1,,13,"void ch_est::windowedChEstPreNoDftSOfdmKernel<float, __half, float, (unsigned int)2, (unsigned int)1, (unsigned short)4>(ch_est::puschRxChEstStatDescr_t *, ch_est::puschRxChEstDynDescr_t *)"
3654822610,6944,210553,137,2,1,24,2,1,44,0.001,0.001,,,,,NVIDIA A100-SXM4-40GB MIG 4g.20gb (0),1,,13,"void ch_est::chEstFilterNoDftSOfdmDispatchKernel<float, __half, float, (unsigned int)2>(ch_est::puschRxChEstStatDescr_t *, ch_est::puschRxChEstDynDescr_t *)"
3654836146,4928,210554,137,2,1,24,2,1,44,0.001,0.001,,,,,NVIDIA A100-SXM4-40GB MIG 4g.20gb (0),1,,13,"void ch_est::chEstFilterNoDftSOfdmDispatchKernel<float, __half, float, (unsigned int)2>(ch_est::puschRxChEstStatDescr_t *, ch_est::puschRxChEstDynDescr_t *)"
3654849554,2592,210565,103,1,1,128,1,1,16,0.000,0.000,,,,,NVIDIA A100-SXM4-40GB MIG 4g.20gb (0),1,,13,cupy_copy__complex64_complex64
3654860882,12608,210575,1434,1,1,128,1,1,16,0.000,0.000,,,,,NVIDIA A100-SXM4-40GB MIG 4g.20gb (0),1,,13,cupy_copy__complex64_complex64
3654880529,2560,210582,103,1,1,128,1,1,16,0.000,0.000,,,,,NVIDIA A100-SXM4-40GB MIG 4g.20gb (0),1,,13,cupy_copy__complex64_complex64
3654892017,82975,210589,1,1,1,32,32,1,30,0.000,0.000,,,,,NVIDIA A100-SXM4-40GB MIG 4g.20gb (0),1,,13,"void convert_kernel<__half2, float2>(tensor_layout_any, T1 *, tensor_layout_any, const T2 *)"
3655004528,10560,210592,,,,,,,,,,0.094,8872.636,Pinned,Device,NVIDIA A100-SXM4-40GB MIG 4g.20gb (0),1,,13,[CUDA memcpy Host-to-Device]
3655026160,46751,210593,,,,,,,,,,35.810,765938.379,Device,,NVIDIA A100-SXM4-40GB MIG 4g.20gb (0),1,,13,[CUDA memset]
3655080783,5696,210595,,,,,,,,,,0.000,14.045,Pinned,Device,NVIDIA A100-SXM4-40GB MIG 4g.20gb (0),1,,13,[CUDA memcpy Host-to-Device]
3655091983,15296,210596,,,,,,,,,,0.197,12853.445,Pinned,Device,NVIDIA A100-SXM4-40GB MIG 4g.20gb (0),1,,13,[CUDA memcpy Host-to-Device]
3655114895,10463,210597,273,1,1,48,1,1,40,0.000,0.001,,,,,NVIDIA A100-SXM4-40GB MIG 4g.20gb (0),1,,13,"void pusch_noise_intf_est::noiseIntfEstNoDftSOfdmKernel<float, __half, float, float, (unsigned int)2, (unsigned int)1, (unsigned char)4, (unsigned char)4>(pusch_noise_intf_est::puschRxNoiseIntfEstDynDescr)"
3655129390,2752,210608,35,1,1,128,1,1,16,0.000,0.000,,,,,NVIDIA A100-SXM4-40GB MIG 4g.20gb (0),1,,13,cupy_copy__complex64_complex64
3655133390,1952,210617,1,1,1,1,1,1,18,0.000,0.000,,,,,NVIDIA A100-SXM4-40GB MIG 4g.20gb (0),1,,13,cupy_copy__float32_float32
3655162158,1600,210623,,,,,,,,,,0.000,2.500,Device,Pageable,NVIDIA A100-SXM4-40GB MIG 4g.20gb (0),1,,7,[CUDA memcpy Device-to-Host]
3655223149,13408,210634,1434,1,1,128,1,1,16,0.000,0.000,,,,,NVIDIA A100-SXM4-40GB MIG 4g.20gb (0),1,,13,cupy_copy__complex64_complex64
3655253965,2880,210641,103,1,1,128,1,1,16,0.000,0.000,,,,,NVIDIA A100-SXM4-40GB MIG 4g.20gb (0),1,,13,cupy_copy__complex64_complex64
3655274957,2592,210648,35,1,1,128,1,1,16,0.000,0.000,,,,,NVIDIA A100-SXM4-40GB MIG 4g.20gb (0),1,,13,cupy_copy__complex64_complex64
3655292652,1760,210655,1,1,1,1,1,1,18,0.000,0.000,,,,,NVIDIA A100-SXM4-40GB MIG 4g.20gb (0),1,,13,cupy_copy__float32_float32
3655428619,82303,210666,1,1,1,32,32,1,30,0.000,0.000,,,,,NVIDIA A100-SXM4-40GB MIG 4g.20gb (0),1,,13,"void convert_kernel<__half2, float2>(tensor_layout_any, T1 *, tensor_layout_any, const T2 *)"
3655538889,5504,210669,,,,,,,,,,0.094,17023.251,Pinned,Device,NVIDIA A100-SXM4-40GB MIG 4g.20gb (0),1,,13,[CUDA memcpy Host-to-Device]
3655554281,3520,210670,,,,,,,,,,1.547,439380.412,Device,,NVIDIA A100-SXM4-40GB MIG 4g.20gb (0),1,,13,[CUDA memset]
3655560553,3136,210675,,,,,,,,,,0.031,9979.575,Pinned,Device,NVIDIA A100-SXM4-40GB MIG 4g.20gb (0),1,,13,[CUDA memcpy Host-to-Device]
3655566121,9824,210676,,,,,,,,,,0.197,20012.925,Pinned,Device,NVIDIA A100-SXM4-40GB MIG 4g.20gb (0),1,,13,[CUDA memcpy Host-to-Device]
3655581673,6176,210677,273,1,1,8,4,1,39,0.002,0.000,,,,,NVIDIA A100-SXM4-40GB MIG 4g.20gb (0),1,,13,"void channel_eq::eqMmseCoefCompLowMimoKernel<float, float, float, (unsigned int)4, (unsigned int)1, (unsigned int)4>(const channel_eq::_puschRxChEqStatDescr *, channel_eq::_puschRxChEqCoefCompDynDescr)"
3655589065,6272,210678,273,1,1,12,11,1,51,0.002,0.000,,,,,NVIDIA A100-SXM4-40GB MIG 4g.20gb (0),1,,13,"void channel_eq::eqMmseSoftDemapKernel<float, __half, __half, float, (unsigned int)4, (unsigned short)16383>(channel_eq::_puschRxChEqStatDescr *, channel_eq::_puschRxChEqSoftDemapDynDescr)"
3655596425,283004,210679,1,1,1,32,32,1,30,0.000,0.000,,,,,NVIDIA A100-SXM4-40GB MIG 4g.20gb (0),1,,13,"void convert_kernel<float2, __half2>(tensor_layout_any, T1 *, tensor_layout_any, const T2 *)"
3655880517,11040,210691,2253,1,1,128,1,1,16,0.000,0.000,,,,,NVIDIA A100-SXM4-40GB MIG 4g.20gb (0),1,,13,cupy_copy__float16_float16
3655895269,3392,210700,282,1,1,128,1,1,16,0.000,0.000,,,,,NVIDIA A100-SXM4-40GB MIG 4g.20gb (0),1,,13,cupy_copy__complex64_complex64
3655900485,2176,210709,26,1,1,128,1,1,16,0.000,0.000,,,,,NVIDIA A100-SXM4-40GB MIG 4g.20gb (0),1,,13,cupy_copy__float32_float32
3655903685,3008,210718,103,1,1,128,1,1,16,0.000,0.000,,,,,NVIDIA A100-SXM4-40GB MIG 4g.20gb (0),1,,13,cupy_copy__complex64_complex64
3655907973,12544,210728,1434,1,1,128,1,1,16,0.000,0.000,,,,,NVIDIA A100-SXM4-40GB MIG 4g.20gb (0),1,,13,cupy_copy__complex64_complex64
3655932292,81823,210733,1,1,1,32,32,1,30,0.000,0.000,,,,,NVIDIA A100-SXM4-40GB MIG 4g.20gb (0),1,,13,"void convert_kernel<__half2, float2>(tensor_layout_any, T1 *, tensor_layout_any, const T2 *)"
3656042915,6176,210736,,,,,,,,,,0.094,15170.975,Pinned,Device,NVIDIA A100-SXM4-40GB MIG 4g.20gb (0),1,,13,[CUDA memcpy Host-to-Device]
3656055139,597497,210737,,,,,,,,,,456.561,763827.289,Device,,NVIDIA A100-SXM4-40GB MIG 4g.20gb (0),1,,13,[CUDA memset]
3656659259,156607,210742,,,,,,,,,,1.235,7885.117,Pinned,Device,NVIDIA A100-SXM4-40GB MIG 4g.20gb (0),1,,13,[CUDA memcpy Host-to-Device]
3656825273,40096,210743,,,,,,,,,,0.197,4903.404,Pinned,Device,NVIDIA A100-SXM4-40GB MIG 4g.20gb (0),1,,13,[CUDA memcpy Host-to-Device]
3656894265,8351,210744,69,4,1,48,1,1,76,0.002,0.000,,,,,NVIDIA A100-SXM4-40GB MIG 4g.20gb (0),1,,13,"void ch_est::windowedChEstPreNoDftSOfdmKernel<float, __half, float, (unsigned int)2, (unsigned int)1, (unsigned short)4>(ch_est::puschRxChEstStatDescr_t *, ch_est::puschRxChEstDynDescr_t *)"
3656912056,6784,210745,137,2,1,24,2,1,44,0.001,0.001,,,,,NVIDIA A100-SXM4-40GB MIG 4g.20gb (0),1,,13,"void ch_est::chEstFilterNoDftSOfdmDispatchKernel<float, __half, float, (unsigned int)2>(ch_est::puschRxChEstStatDescr_t *, ch_est::puschRxChEstDynDescr_t *)"
3656929752,4736,210746,137,2,1,24,2,1,44,0.001,0.001,,,,,NVIDIA A100-SXM4-40GB MIG 4g.20gb (0),1,,13,"void ch_est::chEstFilterNoDftSOfdmDispatchKernel<float, __half, float, (unsigned int)2>(ch_est::puschRxChEstStatDescr_t *, ch_est::puschRxChEstDynDescr_t *)"
3656946136,2528,210757,103,1,1,128,1,1,16,0.000,0.000,,,,,NVIDIA A100-SXM4-40GB MIG 4g.20gb (0),1,,13,cupy_copy__complex64_complex64
3656965688,12800,210767,1434,1,1,128,1,1,16,0.000,0.000,,,,,NVIDIA A100-SXM4-40GB MIG 4g.20gb (0),1,,13,cupy_copy__complex64_complex64
3656987799,2528,210774,103,1,1,128,1,1,16,0.000,0.000,,,,,NVIDIA A100-SXM4-40GB MIG 4g.20gb (0),1,,13,cupy_copy__complex64_complex64
3657008663,88959,210781,1,1,1,32,32,1,30,0.000,0.000,,,,,NVIDIA A100-SXM4-40GB MIG 4g.20gb (0),1,,13,"void convert_kernel<__half2, float2>(tensor_layout_any, T1 *, tensor_layout_any, const T2 *)"
3657129366,15711,210784,,,,,,,,,,0.094,5963.657,Pinned,Device,NVIDIA A100-SXM4-40GB MIG 4g.20gb (0),1,,13,[CUDA memcpy Host-to-Device]
3657163573,47360,210785,,,,,,,,,,35.810,756090.651,Device,,NVIDIA A100-SXM4-40GB MIG 4g.20gb (0),1,,13,[CUDA memset]
3657212917,7456,210787,,,,,,,,,,0.000,10.730,Pinned,Device,NVIDIA A100-SXM4-40GB MIG 4g.20gb (0),1,,13,[CUDA memcpy Host-to-Device]
3657223572,18400,210788,,,,,,,,,,0.197,10685.055,Pinned,Device,NVIDIA A100-SXM4-40GB MIG 4g.20gb (0),1,,13,[CUDA memcpy Host-to-Device]
3657252372,11968,210789,273,1,1,48,1,1,40,0.000,0.001,,,,,NVIDIA A100-SXM4-40GB MIG 4g.20gb (0),1,,13,"void pusch_noise_intf_est::noiseIntfEstNoDftSOfdmKernel<float, __half, float, float, (unsigned int)2, (unsigned int)1, (unsigned char)4, (unsigned char)4>(pusch_noise_intf_est::puschRxNoiseIntfEstDynDescr)"
3657266900,2944,210800,35,1,1,128,1,1,16,0.000,0.000,,,,,NVIDIA A100-SXM4-40GB MIG 4g.20gb (0),1,,13,cupy_copy__complex64_complex64
3657275348,1888,210809,1,1,1,1,1,1,18,0.000,0.000,,,,,NVIDIA A100-SXM4-40GB MIG 4g.20gb (0),1,,13,cupy_copy__float32_float32
3657281332,5760,210815,,,,,,,,,,0.000,0.694,Device,Pageable,NVIDIA A100-SXM4-40GB MIG 4g.20gb (0),1,,7,[CUDA memcpy Device-to-Host]
3657364019,12768,210826,1434,1,1,128,1,1,16,0.000,0.000,,,,,NVIDIA A100-SXM4-40GB MIG 4g.20gb (0),1,,13,cupy_copy__complex64_complex64
3657388850,3424,210833,103,1,1,128,1,1,16,0.000,0.000,,,,,NVIDIA A100-SXM4-40GB MIG 4g.20gb (0),1,,13,cupy_copy__complex64_complex64
3657407954,2624,210840,35,1,1,128,1,1,16,0.000,0.000,,,,,NVIDIA A100-SXM4-40GB MIG 4g.20gb (0),1,,13,cupy_copy__complex64_complex64
3657428658,2112,210847,1,1,1,1,1,1,18,0.000,0.000,,,,,NVIDIA A100-SXM4-40GB MIG 4g.20gb (0),1,,13,cupy_copy__float32_float32
3657560848,81535,210858,1,1,1,32,32,1,30,0.000,0.000,,,,,NVIDIA A100-SXM4-40GB MIG 4g.20gb (0),1,,13,"void convert_kernel<__half2, float2>(tensor_layout_any, T1 *, tensor_layout_any, const T2 *)"
3657670927,5440,210861,,,,,,,,,,0.094,17223.480,Pinned,Device,NVIDIA A100-SXM4-40GB MIG 4g.20gb (0),1,,13,[CUDA memcpy Host-to-Device]
3657685199,3264,210862,,,,,,,,,,1.547,473842.288,Device,,NVIDIA A100-SXM4-40GB MIG 4g.20gb (0),1,,13,[CUDA memset]
3657691983,3360,210867,,,,,,,,,,0.031,9314.284,Pinned,Device,NVIDIA A100-SXM4-40GB MIG 4g.20gb (0),1,,13,[CUDA memcpy Host-to-Device]
3657697999,10080,210868,,,,,,,,,,0.197,19504.693,Pinned,Device,NVIDIA A100-SXM4-40GB MIG 4g.20gb (0),1,,13,[CUDA memcpy Host-to-Device]
3657715502,8416,210869,273,1,1,8,4,1,39,0.002,0.000,,,,,NVIDIA A100-SXM4-40GB MIG 4g.20gb (0),1,,13,"void channel_eq::eqMmseCoefCompLowMimoKernel<float, float, float, (unsigned int)4, (unsigned int)1, (unsigned int)4>(const channel_eq::_puschRxChEqStatDescr *, channel_eq::_puschRxChEqCoefCompDynDescr)"
3657727022,6112,210870,273,1,1,12,11,1,51,0.002,0.000,,,,,NVIDIA A100-SXM4-40GB MIG 4g.20gb (0),1,,13,"void channel_eq::eqMmseSoftDemapKernel<float, __half, __half, float, (unsigned int)4, (unsigned short)16383>(channel_eq::_puschRxChEqStatDescr *, channel_eq::_puschRxChEqSoftDemapDynDescr)"
3657734318,290109,210871,1,1,1,32,32,1,30,0.000,0.000,,,,,NVIDIA A100-SXM4-40GB MIG 4g.20gb (0),1,,13,"void convert_kernel<float2, __half2>(tensor_layout_any, T1 *, tensor_layout_any, const T2 *)"
3658026571,11071,210883,2253,1,1,128,1,1,16,0.000,0.000,,,,,NVIDIA A100-SXM4-40GB MIG 4g.20gb (0),1,,13,cupy_copy__float16_float16
3658041962,2720,210892,282,1,1,128,1,1,16,0.000,0.000,,,,,NVIDIA A100-SXM4-40GB MIG 4g.20gb (0),1,,13,cupy_copy__complex64_complex64
3658045866,2016,210901,26,1,1,128,1,1,16,0.000,0.000,,,,,NVIDIA A100-SXM4-40GB MIG 4g.20gb (0),1,,13,cupy_copy__float32_float32
3658049034,2912,210910,103,1,1,128,1,1,16,0.000,0.000,,,,,NVIDIA A100-SXM4-40GB MIG 4g.20gb (0),1,,13,cupy_copy__complex64_complex64
3658053354,11936,210920,1434,1,1,128,1,1,16,0.000,0.000,,,,,NVIDIA A100-SXM4-40GB MIG 4g.20gb (0),1,,13,cupy_copy__complex64_complex64
3658072202,81823,210925,1,1,1,32,32,1,30,0.000,0.000,,,,,NVIDIA A100-SXM4-40GB MIG 4g.20gb (0),1,,13,"void convert_kernel<__half2, float2>(tensor_layout_any, T1 *, tensor_layout_any, const T2 *)"
3658181033,5568,210928,,,,,,,,,,0.094,16827.521,Pinned,Device,NVIDIA A100-SXM4-40GB MIG 4g.20gb (0),1,,13,[CUDA memcpy Host-to-Device]
3658191593,598968,210929,,,,,,,,,,456.561,762001.043,Device,,NVIDIA A100-SXM4-40GB MIG 4g.20gb (0),1,,13,[CUDA memset]
3658795969,143166,210934,,,,,,,,,,1.235,8624.849,Pinned,Device,NVIDIA A100-SXM4-40GB MIG 4g.20gb (0),1,,13,[CUDA memcpy Host-to-Device]
3658948255,32352,210935,,,,,,,,,,0.197,6076.957,Pinned,Device,NVIDIA A100-SXM4-40GB MIG 4g.20gb (0),1,,13,[CUDA memcpy Host-to-Device]
3658994239,8192,210936,69,4,1,48,1,1,76,0.002,0.000,,,,,NVIDIA A100-SXM4-40GB MIG 4g.20gb (0),1,,13,"void ch_est::windowedChEstPreNoDftSOfdmKernel<float, __half, float, (unsigned int)2, (unsigned int)1, (unsigned short)4>(ch_est::puschRxChEstStatDescr_t *, ch_est::puschRxChEstDynDescr_t *)"
3659020766,6816,210937,137,2,1,24,2,1,44,0.001,0.001,,,,,NVIDIA A100-SXM4-40GB MIG 4g.20gb (0),1,,13,"void ch_est::chEstFilterNoDftSOfdmDispatchKernel<float, __half, float, (unsigned int)2>(ch_est::puschRxChEstStatDescr_t *, ch_est::puschRxChEstDynDescr_t *)"
3659033886,4768,210938,137,2,1,24,2,1,44,0.001,0.001,,,,,NVIDIA A100-SXM4-40GB MIG 4g.20gb (0),1,,13,"void ch_est::chEstFilterNoDftSOfdmDispatchKernel<float, __half, float, (unsigned int)2>(ch_est::puschRxChEstStatDescr_t *, ch_est::puschRxChEstDynDescr_t *)"
3659047134,2752,210949,103,1,1,128,1,1,16,0.000,0.000,,,,,NVIDIA A100-SXM4-40GB MIG 4g.20gb (0),1,,13,cupy_copy__complex64_complex64
3659060606,12512,210959,1434,1,1,128,1,1,16,0.000,0.000,,,,,NVIDIA A100-SXM4-40GB MIG 4g.20gb (0),1,,13,cupy_copy__complex64_complex64
3659093501,2624,210966,103,1,1,128,1,1,16,0.000,0.000,,,,,NVIDIA A100-SXM4-40GB MIG 4g.20gb (0),1,,13,cupy_copy__complex64_complex64
3659108413,85279,210973,1,1,1,32,32,1,30,0.000,0.000,,,,,NVIDIA A100-SXM4-40GB MIG 4g.20gb (0),1,,13,"void convert_kernel<__half2, float2>(tensor_layout_any, T1 *, tensor_layout_any, const T2 *)"
3659228988,26111,210976,,,,,,,,,,0.094,3588.369,Pinned,Device,NVIDIA A100-SXM4-40GB MIG 4g.20gb (0),1,,13,[CUDA memcpy Host-to-Device]
3659280731,46335,210977,,,,,,,,,,35.810,772813.884,Device,,NVIDIA A100-SXM4-40GB MIG 4g.20gb (0),1,,13,[CUDA memset]
3659332314,9056,210979,,,,,,,,,,0.000,8.834,Pinned,Device,NVIDIA A100-SXM4-40GB MIG 4g.20gb (0),1,,13,[CUDA memcpy Host-to-Device]
3659356058,25312,210980,,,,,,,,,,0.197,7767.196,Pinned,Device,NVIDIA A100-SXM4-40GB MIG 4g.20gb (0),1,,13,[CUDA memcpy Host-to-Device]
3659413625,9504,210981,273,1,1,48,1,1,40,0.000,0.001,,,,,NVIDIA A100-SXM4-40GB MIG 4g.20gb (0),1,,13,"void pusch_noise_intf_est::noiseIntfEstNoDftSOfdmKernel<float, __half, float, float, (unsigned int)2, (unsigned int)1, (unsigned char)4, (unsigned char)4>(pusch_noise_intf_est::puschRxNoiseIntfEstDynDescr)"
3659430393,2752,210992,35,1,1,128,1,1,16,0.000,0.000,,,,,NVIDIA A100-SXM4-40GB MIG 4g.20gb (0),1,,13,cupy_copy__complex64_complex64
3659446617,1728,211001,1,1,1,1,1,1,18,0.000,0.000,,,,,NVIDIA A100-SXM4-40GB MIG 4g.20gb (0),1,,13,cupy_copy__float32_float32
3659453913,6080,211007,,,,,,,,,,0.000,0.658,Device,Pageable,NVIDIA A100-SXM4-40GB MIG 4g.20gb (0),1,,7,[CUDA memcpy Device-to-Host]
3659550744,13184,211018,1434,1,1,128,1,1,16,0.000,0.000,,,,,NVIDIA A100-SXM4-40GB MIG 4g.20gb (0),1,,13,cupy_copy__complex64_complex64
3659571287,2976,211025,103,1,1,128,1,1,16,0.000,0.000,,,,,NVIDIA A100-SXM4-40GB MIG 4g.20gb (0),1,,13,cupy_copy__complex64_complex64
3659592951,2560,211032,35,1,1,128,1,1,16,0.000,0.000,,,,,NVIDIA A100-SXM4-40GB MIG 4g.20gb (0),1,,13,cupy_copy__complex64_complex64
3659604215,1920,211039,1,1,1,1,1,1,18,0.000,0.000,,,,,NVIDIA A100-SXM4-40GB MIG 4g.20gb (0),1,,13,cupy_copy__float32_float32
3659739893,81823,211050,1,1,1,32,32,1,30,0.000,0.000,,,,,NVIDIA A100-SXM4-40GB MIG 4g.20gb (0),1,,13,"void convert_kernel<__half2, float2>(tensor_layout_any, T1 *, tensor_layout_any, const T2 *)"
3659850932,13888,211053,,,,,,,,,,0.094,6746.487,Pinned,Device,NVIDIA A100-SXM4-40GB MIG 4g.20gb (0),1,,13,[CUDA memcpy Host-to-Device]
3659874548,3424,211054,,,,,,,,,,1.547,451700.819,Device,,NVIDIA A100-SXM4-40GB MIG 4g.20gb (0),1,,13,[CUDA memset]
3659881940,7136,211059,,,,,,,,,,0.031,4385.634,Pinned,Device,NVIDIA A100-SXM4-40GB MIG 4g.20gb (0),1,,13,[CUDA memcpy Host-to-Device]
3659891572,17695,211060,,,,,,,,,,0.197,11110.908,Pinned,Device,NVIDIA A100-SXM4-40GB MIG 4g.20gb (0),1,,13,[CUDA memcpy Host-to-Device]
3659918931,8640,211061,273,1,1,8,4,1,39,0.002,0.000,,,,,NVIDIA A100-SXM4-40GB MIG 4g.20gb (0),1,,13,"void channel_eq::eqMmseCoefCompLowMimoKernel<float, float, float, (unsigned int)4, (unsigned int)1, (unsigned int)4>(const channel_eq::_puschRxChEqStatDescr *, channel_eq::_puschRxChEqCoefCompDynDescr)"
3659934547,7872,211062,273,1,1,12,11,1,51,0.002,0.000,,,,,NVIDIA A100-SXM4-40GB MIG 4g.20gb (0),1,,13,"void channel_eq::eqMmseSoftDemapKernel<float, __half, __half, float, (unsigned int)4, (unsigned short)16383>(channel_eq::_puschRxChEqStatDescr *, channel_eq::_puschRxChEqSoftDemapDynDescr)"
3659946771,289692,211063,1,1,1,32,32,1,30,0.000,0.000,,,,,NVIDIA A100-SXM4-40GB MIG 4g.20gb (0),1,,13,"void convert_kernel<float2, __half2>(tensor_layout_any, T1 *, tensor_layout_any, const T2 *)"
3660237647,11328,211075,2253,1,1,128,1,1,16,0.000,0.000,,,,,NVIDIA A100-SXM4-40GB MIG 4g.20gb (0),1,,13,cupy_copy__float16_float16
3660253103,3328,211084,282,1,1,128,1,1,16,0.000,0.000,,,,,NVIDIA A100-SXM4-40GB MIG 4g.20gb (0),1,,13,cupy_copy__complex64_complex64
3660259471,2368,211093,26,1,1,128,1,1,16,0.000,0.000,,,,,NVIDIA A100-SXM4-40GB MIG 4g.20gb (0),1,,13,cupy_copy__float32_float32
3660262863,3936,211102,103,1,1,128,1,1,16,0.000,0.000,,,,,NVIDIA A100-SXM4-40GB MIG 4g.20gb (0),1,,13,cupy_copy__complex64_complex64
3660268847,12416,211112,1434,1,1,128,1,1,16,0.000,0.000,,,,,NVIDIA A100-SXM4-40GB MIG 4g.20gb (0),1,,13,cupy_copy__complex64_complex64
3660286223,86687,211117,1,1,1,32,32,1,30,0.000,0.000,,,,,NVIDIA A100-SXM4-40GB MIG 4g.20gb (0),1,,13,"void convert_kernel<__half2, float2>(tensor_layout_any, T1 *, tensor_layout_any, const T2 *)"
3660400109,5408,211120,,,,,,,,,,0.094,17325.421,Pinned,Device,NVIDIA A100-SXM4-40GB MIG 4g.20gb (0),1,,13,[CUDA memcpy Host-to-Device]
3660411853,600249,211121,,,,,,,,,,456.561,760174.798,Device,,NVIDIA A100-SXM4-40GB MIG 4g.20gb (0),1,,13,[CUDA memset]
3661018726,74367,211126,,,,,,,,,,1.235,16605.057,Pinned,Device,NVIDIA A100-SXM4-40GB MIG 4g.20gb (0),1,,13,[CUDA memcpy Host-to-Device]
3661100869,17695,211127,,,,,,,,,,0.197,11110.908,Pinned,Device,NVIDIA A100-SXM4-40GB MIG 4g.20gb (0),1,,13,[CUDA memcpy Host-to-Device]
3661132260,8576,211128,69,4,1,48,1,1,76,0.002,0.000,,,,,NVIDIA A100-SXM4-40GB MIG 4g.20gb (0),1,,13,"void ch_est::windowedChEstPreNoDftSOfdmKernel<float, __half, float, (unsigned int)2, (unsigned int)1, (unsigned short)4>(ch_est::puschRxChEstStatDescr_t *, ch_est::puschRxChEstDynDescr_t *)"
3661148228,7328,211129,137,2,1,24,2,1,44,0.001,0.001,,,,,NVIDIA A100-SXM4-40GB MIG 4g.20gb (0),1,,13,"void ch_est::chEstFilterNoDftSOfdmDispatchKernel<float, __half, float, (unsigned int)2>(ch_est::puschRxChEstStatDescr_t *, ch_est::puschRxChEstDynDescr_t *)"
3661157156,6368,211130,137,2,1,24,2,1,44,0.001,0.001,,,,,NVIDIA A100-SXM4-40GB MIG 4g.20gb (0),1,,13,"void ch_est::chEstFilterNoDftSOfdmDispatchKernel<float, __half, float, (unsigned int)2>(ch_est::puschRxChEstStatDescr_t *, ch_est::puschRxChEstDynDescr_t *)"
3661165988,2976,211141,103,1,1,128,1,1,16,0.000,0.000,,,,,NVIDIA A100-SXM4-40GB MIG 4g.20gb (0),1,,13,cupy_copy__complex64_complex64
3661175364,12991,211151,1434,1,1,128,1,1,16,0.000,0.000,,,,,NVIDIA A100-SXM4-40GB MIG 4g.20gb (0),1,,13,cupy_copy__complex64_complex64
3661193187,3040,211158,103,1,1,128,1,1,16,0.000,0.000,,,,,NVIDIA A100-SXM4-40GB MIG 4g.20gb (0),1,,13,cupy_copy__complex64_complex64
3661204419,89983,211165,1,1,1,32,32,1,30,0.000,0.000,,,,,NVIDIA A100-SXM4-40GB MIG 4g.20gb (0),1,,13,"void convert_kernel<__half2, float2>(tensor_layout_any, T1 *, tensor_layout_any, const T2 *)"
3661325378,5696,211168,,,,,,,,,,0.094,16449.363,Pinned,Device,NVIDIA A100-SXM4-40GB MIG 4g.20gb (0),1,,13,[CUDA memcpy Host-to-Device]
3661341442,46623,211169,,,,,,,,,,35.810,768051.164,Device,,NVIDIA A100-SXM4-40GB MIG 4g.20gb (0),1,,13,[CUDA memset]
3661392449,2080,211171,,,,,,,,,,0.000,38.462,Pinned,Device,NVIDIA A100-SXM4-40GB MIG 4g.20gb (0),1,,13,[CUDA memcpy Host-to-Device]
3661397633,11584,211172,,,,,,,,,,0.197,16972.186,Pinned,Device,NVIDIA A100-SXM4-40GB MIG 4g.20gb (0),1,,13,[CUDA memcpy Host-to-Device]
3661415969,9984,211173,273,1,1,48,1,1,40,0.000,0.001,,,,,NVIDIA A100-SXM4-40GB MIG 4g.20gb (0),1,,13,"void pusch_noise_intf_est::noiseIntfEstNoDftSOfdmKernel<float, __half, float, float, (unsigned int)2, (unsigned int)1, (unsigned char)4, (unsigned char)4>(pusch_noise_intf_est::puschRxNoiseIntfEstDynDescr)"
3661430720,2816,211184,35,1,1,128,1,1,16,0.000,0.000,,,,,NVIDIA A100-SXM4-40GB MIG 4g.20gb (0),1,,13,cupy_copy__complex64_complex64
3661451584,1952,211193,1,1,1,1,1,1,18,0.000,0.000,,,,,NVIDIA A100-SXM4-40GB MIG 4g.20gb (0),1,,13,cupy_copy__float32_float32
3661486048,1600,211199,,,,,,,,,,0.000,2.500,Device,Pageable,NVIDIA A100-SXM4-40GB MIG 4g.20gb (0),1,,7,[CUDA memcpy Device-to-Host]
3661546911,12832,211210,1434,1,1,128,1,1,16,0.000,0.000,,,,,NVIDIA A100-SXM4-40GB MIG 4g.20gb (0),1,,13,cupy_copy__complex64_complex64
3661573343,2816,211217,103,1,1,128,1,1,16,0.000,0.000,,,,,NVIDIA A100-SXM4-40GB MIG 4g.20gb (0),1,,13,cupy_copy__complex64_complex64
3661595838,2432,211224,35,1,1,128,1,1,16,0.000,0.000,,,,,NVIDIA A100-SXM4-40GB MIG 4g.20gb (0),1,,13,cupy_copy__complex64_complex64
3661612574,1824,211231,1,1,1,1,1,1,18,0.000,0.000,,,,,NVIDIA A100-SXM4-40GB MIG 4g.20gb (0),1,,13,cupy_copy__float32_float32
3661743421,82015,211242,1,1,1,32,32,1,30,0.000,0.000,,,,,NVIDIA A100-SXM4-40GB MIG 4g.20gb (0),1,,13,"void convert_kernel<__half2, float2>(tensor_layout_any, T1 *, tensor_layout_any, const T2 *)"
3661853115,5568,211245,,,,,,,,,,0.094,16827.521,Pinned,Device,NVIDIA A100-SXM4-40GB MIG 4g.20gb (0),1,,13,[CUDA memcpy Host-to-Device]
3661868603,3360,211246,,,,,,,,,,1.547,460304.688,Device,,NVIDIA A100-SXM4-40GB MIG 4g.20gb (0),1,,13,[CUDA memset]
3661874651,3104,211251,,,,,,,,,,0.031,10082.445,Pinned,Device,NVIDIA A100-SXM4-40GB MIG 4g.20gb (0),1,,13,[CUDA memcpy Host-to-Device]
3661881307,9472,211252,,,,,,,,,,0.197,20756.693,Pinned,Device,NVIDIA A100-SXM4-40GB MIG 4g.20gb (0),1,,13,[CUDA memcpy Host-to-Device]
3661894811,6208,211253,273,1,1,8,4,1,39,0.002,0.000,,,,,NVIDIA A100-SXM4-40GB MIG 4g.20gb (0),1,,13,"void channel_eq::eqMmseCoefCompLowMimoKernel<float, float, float, (unsigned int)4, (unsigned int)1, (unsigned int)4>(const channel_eq::_puschRxChEqStatDescr *, channel_eq::_puschRxChEqCoefCompDynDescr)"
3661902107,6144,211254,273,1,1,12,11,1,51,0.002,0.000,,,,,NVIDIA A100-SXM4-40GB MIG 4g.20gb (0),1,,13,"void channel_eq::eqMmseSoftDemapKernel<float, __half, __half, float, (unsigned int)4, (unsigned short)16383>(channel_eq::_puschRxChEqStatDescr *, channel_eq::_puschRxChEqSoftDemapDynDescr)"
3661909307,282940,211255,1,1,1,32,32,1,30,0.000,0.000,,,,,NVIDIA A100-SXM4-40GB MIG 4g.20gb (0),1,,13,"void convert_kernel<float2, __half2>(tensor_layout_any, T1 *, tensor_layout_any, const T2 *)"
3662193271,11040,211267,2253,1,1,128,1,1,16,0.000,0.000,,,,,NVIDIA A100-SXM4-40GB MIG 4g.20gb (0),1,,13,cupy_copy__float16_float16
3662207991,3488,211276,282,1,1,128,1,1,16,0.000,0.000,,,,,NVIDIA A100-SXM4-40GB MIG 4g.20gb (0),1,,13,cupy_copy__complex64_complex64
3662215255,2112,211285,26,1,1,128,1,1,16,0.000,0.000,,,,,NVIDIA A100-SXM4-40GB MIG 4g.20gb (0),1,,13,cupy_copy__float32_float32
3662219287,5088,211294,103,1,1,128,1,1,16,0.000,0.000,,,,,NVIDIA A100-SXM4-40GB MIG 4g.20gb (0),1,,13,cupy_copy__complex64_complex64
3662226935,12671,211304,1434,1,1,128,1,1,16,0.000,0.000,,,,,NVIDIA A100-SXM4-40GB MIG 4g.20gb (0),1,,13,cupy_copy__complex64_complex64
3662250134,87455,211309,1,1,1,32,32,1,30,0.000,0.000,,,,,NVIDIA A100-SXM4-40GB MIG 4g.20gb (0),1,,13,"void convert_kernel<__half2, float2>(tensor_layout_any, T1 *, tensor_layout_any, const T2 *)"
3662364661,5536,211312,,,,,,,,,,0.094,16924.777,Pinned,Device,NVIDIA A100-SXM4-40GB MIG 4g.20gb (0),1,,13,[CUDA memcpy Host-to-Device]
3662374421,599992,211313,,,,,,,,,,456.561,760631.359,Device,,NVIDIA A100-SXM4-40GB MIG 4g.20gb (0),1,,13,[CUDA memset]
3662980845,144607,211318,,,,,,,,,,1.235,8539.638,Pinned,Device,NVIDIA A100-SXM4-40GB MIG 4g.20gb (0),1,,13,[CUDA memcpy Host-to-Device]
3663137387,30592,211319,,,,,,,,,,0.197,6426.722,Pinned,Device,NVIDIA A100-SXM4-40GB MIG 4g.20gb (0),1,,13,[CUDA memcpy Host-to-Device]
3663184427,8288,211320,69,4,1,48,1,1,76,0.002,0.000,,,,,NVIDIA A100-SXM4-40GB MIG 4g.20gb (0),1,,13,"void ch_est::windowedChEstPreNoDftSOfdmKernel<float, __half, float, (unsigned int)2, (unsigned int)1, (unsigned short)4>(ch_est::puschRxChEstStatDescr_t *, ch_est::puschRxChEstDynDescr_t *)"
3663195851,6816,211321,137,2,1,24,2,1,44,0.001,0.001,,,,,NVIDIA A100-SXM4-40GB MIG 4g.20gb (0),1,,13,"void ch_est::chEstFilterNoDftSOfdmDispatchKernel<float, __half, float, (unsigned int)2>(ch_est::puschRxChEstStatDescr_t *, ch_est::puschRxChEstDynDescr_t *)"
3663205547,5023,211322,137,2,1,24,2,1,44,0.001,0.001,,,,,NVIDIA A100-SXM4-40GB MIG 4g.20gb (0),1,,13,"void ch_est::chEstFilterNoDftSOfdmDispatchKernel<float, __half, float, (unsigned int)2>(ch_est::puschRxChEstStatDescr_t *, ch_est::puschRxChEstDynDescr_t *)"
3663216586,2752,211333,103,1,1,128,1,1,16,0.000,0.000,,,,,NVIDIA A100-SXM4-40GB MIG 4g.20gb (0),1,,13,cupy_copy__complex64_complex64
3663225290,12832,211343,1434,1,1,128,1,1,16,0.000,0.000,,,,,NVIDIA A100-SXM4-40GB MIG 4g.20gb (0),1,,13,cupy_copy__complex64_complex64
3663240970,2688,211350,103,1,1,128,1,1,16,0.000,0.000,,,,,NVIDIA A100-SXM4-40GB MIG 4g.20gb (0),1,,13,cupy_copy__complex64_complex64
3663249098,83839,211357,1,1,1,32,32,1,30,0.000,0.000,,,,,NVIDIA A100-SXM4-40GB MIG 4g.20gb (0),1,,13,"void convert_kernel<__half2, float2>(tensor_layout_any, T1 *, tensor_layout_any, const T2 *)"
3663367593,13151,211360,,,,,,,,,,0.094,7124.550,Pinned,Device,NVIDIA A100-SXM4-40GB MIG 4g.20gb (0),1,,13,[CUDA memcpy Host-to-Device]
3663392776,47872,211361,,,,,,,,,,35.810,748033.419,Device,,NVIDIA A100-SXM4-40GB MIG 4g.20gb (0),1,,13,[CUDA memset]
3663442984,9183,211363,,,,,,,,,,0.000,8.712,Pinned,Device,NVIDIA A100-SXM4-40GB MIG 4g.20gb (0),1,,13,[CUDA memcpy Host-to-Device]
3663456231,18176,211364,,,,,,,,,,0.197,10816.782,Pinned,Device,NVIDIA A100-SXM4-40GB MIG 4g.20gb (0),1,,13,[CUDA memcpy Host-to-Device]
3663490247,10048,211365,273,1,1,48,1,1,40,0.000,0.001,,,,,NVIDIA A100-SXM4-40GB MIG 4g.20gb (0),1,,13,"void pusch_noise_intf_est::noiseIntfEstNoDftSOfdmKernel<float, __half, float, float, (unsigned int)2, (unsigned int)1, (unsigned char)4, (unsigned char)4>(pusch_noise_intf_est::puschRxNoiseIntfEstDynDescr)"
3663509255,2880,211376,35,1,1,128,1,1,16,0.000,0.000,,,,,NVIDIA A100-SXM4-40GB MIG 4g.20gb (0),1,,13,cupy_copy__complex64_complex64
3663517831,1760,211385,1,1,1,1,1,1,18,0.000,0.000,,,,,NVIDIA A100-SXM4-40GB MIG 4g.20gb (0),1,,13,cupy_copy__float32_float32
3663524807,6176,211391,,,,,,,,,,0.000,0.648,Device,Pageable,NVIDIA A100-SXM4-40GB MIG 4g.20gb (0),1,,7,[CUDA memcpy Device-to-Host]
3663598470,12928,211402,1434,1,1,128,1,1,16,0.000,0.000,,,,,NVIDIA A100-SXM4-40GB MIG 4g.20gb (0),1,,13,cupy_copy__complex64_complex64
3663627365,2944,211409,103,1,1,128,1,1,16,0.000,0.000,,,,,NVIDIA A100-SXM4-40GB MIG 4g.20gb (0),1,,13,cupy_copy__complex64_complex64
3663646597,2304,211416,35,1,1,128,1,1,16,0.000,0.000,,,,,NVIDIA A100-SXM4-40GB MIG 4g.20gb (0),1,,13,cupy_copy__complex64_complex64
3663661477,2016,211423,1,1,1,1,1,1,18,0.000,0.000,,,,,NVIDIA A100-SXM4-40GB MIG 4g.20gb (0),1,,13,cupy_copy__float32_float32
3663795939,82879,211434,1,1,1,32,32,1,30,0.000,0.000,,,,,NVIDIA A100-SXM4-40GB MIG 4g.20gb (0),1,,13,"void convert_kernel<__half2, float2>(tensor_layout_any, T1 *, tensor_layout_any, const T2 *)"
3663906914,5696,211437,,,,,,,,,,0.094,16449.363,Pinned,Device,NVIDIA A100-SXM4-40GB MIG 4g.20gb (0),1,,13,[CUDA memcpy Host-to-Device]
3663921538,3520,211438,,,,,,,,,,1.547,439380.412,Device,,NVIDIA A100-SXM4-40GB MIG 4g.20gb (0),1,,13,[CUDA memset]
3663927682,3744,211443,,,,,,,,,,0.031,8358.974,Pinned,Device,NVIDIA A100-SXM4-40GB MIG 4g.20gb (0),1,,13,[CUDA memcpy Host-to-Device]
3663934210,9599,211444,,,,,,,,,,0.197,20482.032,Pinned,Device,NVIDIA A100-SXM4-40GB MIG 4g.20gb (0),1,,13,[CUDA memcpy Host-to-Device]
3663948705,6560,211445,273,1,1,8,4,1,39,0.002,0.000,,,,,NVIDIA A100-SXM4-40GB MIG 4g.20gb (0),1,,13,"void channel_eq::eqMmseCoefCompLowMimoKernel<float, float, float, (unsigned int)4, (unsigned int)1, (unsigned int)4>(const channel_eq::_puschRxChEqStatDescr *, channel_eq::_puschRxChEqCoefCompDynDescr)"
3663956705,6016,211446,273,1,1,12,11,1,51,0.002,0.000,,,,,NVIDIA A100-SXM4-40GB MIG 4g.20gb (0),1,,13,"void channel_eq::eqMmseSoftDemapKernel<float, __half, __half, float, (unsigned int)4, (unsigned short)16383>(channel_eq::_puschRxChEqStatDescr *, channel_eq::_puschRxChEqSoftDemapDynDescr)"
3663964033,295069,211447,1,1,1,32,32,1,30,0.000,0.000,,,,,NVIDIA A100-SXM4-40GB MIG 4g.20gb (0),1,,13,"void convert_kernel<float2, __half2>(tensor_layout_any, T1 *, tensor_layout_any, const T2 *)"
3664261629,10944,211459,2253,1,1,128,1,1,16,0.000,0.000,,,,,NVIDIA A100-SXM4-40GB MIG 4g.20gb (0),1,,13,cupy_copy__float16_float16
3664274013,3872,211468,282,1,1,128,1,1,16,0.000,0.000,,,,,NVIDIA A100-SXM4-40GB MIG 4g.20gb (0),1,,13,cupy_copy__complex64_complex64
3664280861,2240,211477,26,1,1,128,1,1,16,0.000,0.000,,,,,NVIDIA A100-SXM4-40GB MIG 4g.20gb (0),1,,13,cupy_copy__float32_float32
3664285213,2976,211486,103,1,1,128,1,1,16,0.000,0.000,,,,,NVIDIA A100-SXM4-40GB MIG 4g.20gb (0),1,,13,cupy_copy__complex64_complex64
3664289309,11872,211496,1434,1,1,128,1,1,16,0.000,0.000,,,,,NVIDIA A100-SXM4-40GB MIG 4g.20gb (0),1,,13,cupy_copy__complex64_complex64
3664310141,81855,211501,1,1,1,32,32,1,30,0.000,0.000,,,,,NVIDIA A100-SXM4-40GB MIG 4g.20gb (0),1,,13,"void convert_kernel<__half2, float2>(tensor_layout_any, T1 *, tensor_layout_any, const T2 *)"
3664419260,5887,211504,,,,,,,,,,0.094,15915.671,Pinned,Device,NVIDIA A100-SXM4-40GB MIG 4g.20gb (0),1,,13,[CUDA memcpy Host-to-Device]
3664430043,598233,211505,,,,,,,,,,456.561,762914.166,Device,,NVIDIA A100-SXM4-40GB MIG 4g.20gb (0),1,,13,[CUDA memset]
3665031028,128254,211510,,,,,,,,,,1.235,9628.858,Pinned,Device,NVIDIA A100-SXM4-40GB MIG 4g.20gb (0),1,,13,[CUDA memcpy Host-to-Device]
3665174482,37568,211511,,,,,,,,,,0.197,5233.312,Pinned,Device,NVIDIA A100-SXM4-40GB MIG 4g.20gb (0),1,,13,[CUDA memcpy Host-to-Device]
3665237489,7904,211512,69,4,1,48,1,1,76,0.002,0.000,,,,,NVIDIA A100-SXM4-40GB MIG 4g.20gb (0),1,,13,"void ch_est::windowedChEstPreNoDftSOfdmKernel<float, __half, float, (unsigned int)2, (unsigned int)1, (unsigned short)4>(ch_est::puschRxChEstStatDescr_t *, ch_est::puschRxChEstDynDescr_t *)"
3665255313,6752,211513,137,2,1,24,2,1,44,0.001,0.001,,,,,NVIDIA A100-SXM4-40GB MIG 4g.20gb (0),1,,13,"void ch_est::chEstFilterNoDftSOfdmDispatchKernel<float, __half, float, (unsigned int)2>(ch_est::puschRxChEstStatDescr_t *, ch_est::puschRxChEstDynDescr_t *)"
3665272721,4768,211514,137,2,1,24,2,1,44,0.001,0.001,,,,,NVIDIA A100-SXM4-40GB MIG 4g.20gb (0),1,,13,"void ch_est::chEstFilterNoDftSOfdmDispatchKernel<float, __half, float, (unsigned int)2>(ch_est::puschRxChEstStatDescr_t *, ch_est::puschRxChEstDynDescr_t *)"
3665289713,2496,211525,103,1,1,128,1,1,16,0.000,0.000,,,,,NVIDIA A100-SXM4-40GB MIG 4g.20gb (0),1,,13,cupy_copy__complex64_complex64
3665308625,12383,211535,1434,1,1,128,1,1,16,0.000,0.000,,,,,NVIDIA A100-SXM4-40GB MIG 4g.20gb (0),1,,13,cupy_copy__complex64_complex64
3665327376,2912,211542,103,1,1,128,1,1,16,0.000,0.000,,,,,NVIDIA A100-SXM4-40GB MIG 4g.20gb (0),1,,13,cupy_copy__complex64_complex64
3665349104,96639,211549,1,1,1,32,32,1,30,0.000,0.000,,,,,NVIDIA A100-SXM4-40GB MIG 4g.20gb (0),1,,13,"void convert_kernel<__half2, float2>(tensor_layout_any, T1 *, tensor_layout_any, const T2 *)"
3665478830,15072,211552,,,,,,,,,,0.094,6216.542,Pinned,Device,NVIDIA A100-SXM4-40GB MIG 4g.20gb (0),1,,13,[CUDA memcpy Host-to-Device]
3665505614,48800,211553,,,,,,,,,,35.810,733781.071,Device,,NVIDIA A100-SXM4-40GB MIG 4g.20gb (0),1,,13,[CUDA memset]
3665561997,3456,211555,,,,,,,,,,0.000,23.148,Pinned,Device,NVIDIA A100-SXM4-40GB MIG 4g.20gb (0),1,,13,[CUDA memcpy Host-to-Device]
3665572493,14240,211556,,,,,,,,,,0.197,13806.600,Pinned,Device,NVIDIA A100-SXM4-40GB MIG 4g.20gb (0),1,,13,[CUDA memcpy Host-to-Device]
3665596525,10336,211557,273,1,1,48,1,1,40,0.000,0.001,,,,,NVIDIA A100-SXM4-40GB MIG 4g.20gb (0),1,,13,"void pusch_noise_intf_est::noiseIntfEstNoDftSOfdmKernel<float, __half, float, float, (unsigned int)2, (unsigned int)1, (unsigned char)4, (unsigned char)4>(pusch_noise_intf_est::puschRxNoiseIntfEstDynDescr)"
3665613677,2848,211568,35,1,1,128,1,1,16,0.000,0.000,,,,,NVIDIA A100-SXM4-40GB MIG 4g.20gb (0),1,,13,cupy_copy__complex64_complex64
3665621965,1760,211577,1,1,1,1,1,1,18,0.000,0.000,,,,,NVIDIA A100-SXM4-40GB MIG 4g.20gb (0),1,,13,cupy_copy__float32_float32
3665633709,5919,211583,,,,,,,,,,0.000,0.676,Device,Pageable,NVIDIA A100-SXM4-40GB MIG 4g.20gb (0),1,,7,[CUDA memcpy Device-to-Host]
3665717835,12864,211594,1434,1,1,128,1,1,16,0.000,0.000,,,,,NVIDIA A100-SXM4-40GB MIG 4g.20gb (0),1,,13,cupy_copy__complex64_complex64
3665749323,3296,211601,103,1,1,128,1,1,16,0.000,0.000,,,,,NVIDIA A100-SXM4-40GB MIG 4g.20gb (0),1,,13,cupy_copy__complex64_complex64
3665765291,2848,211608,35,1,1,128,1,1,16,0.000,0.000,,,,,NVIDIA A100-SXM4-40GB MIG 4g.20gb (0),1,,13,cupy_copy__complex64_complex64
3665780747,1760,211615,1,1,1,1,1,1,18,0.000,0.000,,,,,NVIDIA A100-SXM4-40GB MIG 4g.20gb (0),1,,13,cupy_copy__float32_float32
3665920329,91071,211626,1,1,1,32,32,1,30,0.000,0.000,,,,,NVIDIA A100-SXM4-40GB MIG 4g.20gb (0),1,,13,"void convert_kernel<__half2, float2>(tensor_layout_any, T1 *, tensor_layout_any, const T2 *)"
3666040647,5856,211629,,,,,,,,,,0.094,15999.997,Pinned,Device,NVIDIA A100-SXM4-40GB MIG 4g.20gb (0),1,,13,[CUDA memcpy Host-to-Device]
3666054215,3232,211630,,,,,,,,,,1.547,478533.199,Device,,NVIDIA A100-SXM4-40GB MIG 4g.20gb (0),1,,13,[CUDA memset]
3666061255,3456,211635,,,,,,,,,,0.031,9055.529,Pinned,Device,NVIDIA A100-SXM4-40GB MIG 4g.20gb (0),1,,13,[CUDA memcpy Host-to-Device]
3666067143,9568,211636,,,,,,,,,,0.197,20548.485,Pinned,Device,NVIDIA A100-SXM4-40GB MIG 4g.20gb (0),1,,13,[CUDA memcpy Host-to-Device]
3666080583,7552,211637,273,1,1,8,4,1,39,0.002,0.000,,,,,NVIDIA A100-SXM4-40GB MIG 4g.20gb (0),1,,13,"void channel_eq::eqMmseCoefCompLowMimoKernel<float, float, float, (unsigned int)4, (unsigned int)1, (unsigned int)4>(const channel_eq::_puschRxChEqStatDescr *, channel_eq::_puschRxChEqCoefCompDynDescr)"
3666092743,6016,211638,273,1,1,12,11,1,51,0.002,0.000,,,,,NVIDIA A100-SXM4-40GB MIG 4g.20gb (0),1,,13,"void channel_eq::eqMmseSoftDemapKernel<float, __half, __half, float, (unsigned int)4, (unsigned short)16383>(channel_eq::_puschRxChEqStatDescr *, channel_eq::_puschRxChEqSoftDemapDynDescr)"
3666100455,282812,211639,1,1,1,32,32,1,30,0.000,0.000,,,,,NVIDIA A100-SXM4-40GB MIG 4g.20gb (0),1,,13,"void convert_kernel<float2, __half2>(tensor_layout_any, T1 *, tensor_layout_any, const T2 *)"
3666384419,10912,211651,2253,1,1,128,1,1,16,0.000,0.000,,,,,NVIDIA A100-SXM4-40GB MIG 4g.20gb (0),1,,13,cupy_copy__float16_float16
3666398499,3904,211660,282,1,1,128,1,1,16,0.000,0.000,,,,,NVIDIA A100-SXM4-40GB MIG 4g.20gb (0),1,,13,cupy_copy__complex64_complex64
3666404355,2368,211669,26,1,1,128,1,1,16,0.000,0.000,,,,,NVIDIA A100-SXM4-40GB MIG 4g.20gb (0),1,,13,cupy_copy__float32_float32
3666408355,2912,211678,103,1,1,128,1,1,16,0.000,0.000,,,,,NVIDIA A100-SXM4-40GB MIG 4g.20gb (0),1,,13,cupy_copy__complex64_complex64
3666412771,12256,211688,1434,1,1,128,1,1,16,0.000,0.000,,,,,NVIDIA A100-SXM4-40GB MIG 4g.20gb (0),1,,13,cupy_copy__complex64_complex64
3666434051,87295,211693,1,1,1,32,32,1,30,0.000,0.000,,,,,NVIDIA A100-SXM4-40GB MIG 4g.20gb (0),1,,13,"void convert_kernel<__half2, float2>(tensor_layout_any, T1 *, tensor_layout_any, const T2 *)"
3666549217,5920,211696,,,,,,,,,,0.094,15826.941,Pinned,Device,NVIDIA A100-SXM4-40GB MIG 4g.20gb (0),1,,13,[CUDA memcpy Host-to-Device]
3666561537,597337,211697,,,,,,,,,,456.561,764283.851,Device,,NVIDIA A100-SXM4-40GB MIG 4g.20gb (0),1,,13,[CUDA memset]
3667166906,149982,211702,,,,,,,,,,1.235,8233.372,Pinned,Device,NVIDIA A100-SXM4-40GB MIG 4g.20gb (0),1,,13,[CUDA memcpy Host-to-Device]
3667330584,36095,211703,,,,,,,,,,0.197,5446.828,Pinned,Device,NVIDIA A100-SXM4-40GB MIG 4g.20gb (0),1,,13,[CUDA memcpy Host-to-Device]
3667384599,8032,211704,69,4,1,48,1,1,76,0.002,0.000,,,,,NVIDIA A100-SXM4-40GB MIG 4g.20gb (0),1,,13,"void ch_est::windowedChEstPreNoDftSOfdmKernel<float, __half, float, (unsigned int)2, (unsigned int)1, (unsigned short)4>(ch_est::puschRxChEstStatDescr_t *, ch_est::puschRxChEstDynDescr_t *)"
3667399639,6848,211705,137,2,1,24,2,1,44,0.001,0.001,,,,,NVIDIA A100-SXM4-40GB MIG 4g.20gb (0),1,,13,"void ch_est::chEstFilterNoDftSOfdmDispatchKernel<float, __half, float, (unsigned int)2>(ch_est::puschRxChEstStatDescr_t *, ch_est::puschRxChEstDynDescr_t *)"
3667412951,4703,211706,137,2,1,24,2,1,44,0.001,0.001,,,,,NVIDIA A100-SXM4-40GB MIG 4g.20gb (0),1,,13,"void ch_est::chEstFilterNoDftSOfdmDispatchKernel<float, __half, float, (unsigned int)2>(ch_est::puschRxChEstStatDescr_t *, ch_est::puschRxChEstDynDescr_t *)"
3667425942,2752,211717,103,1,1,128,1,1,16,0.000,0.000,,,,,NVIDIA A100-SXM4-40GB MIG 4g.20gb (0),1,,13,cupy_copy__complex64_complex64
3667438966,12608,211727,1434,1,1,128,1,1,16,0.000,0.000,,,,,NVIDIA A100-SXM4-40GB MIG 4g.20gb (0),1,,13,cupy_copy__complex64_complex64
3667462902,2592,211734,103,1,1,128,1,1,16,0.000,0.000,,,,,NVIDIA A100-SXM4-40GB MIG 4g.20gb (0),1,,13,cupy_copy__complex64_complex64
3667475766,88511,211741,1,1,1,32,32,1,30,0.000,0.000,,,,,NVIDIA A100-SXM4-40GB MIG 4g.20gb (0),1,,13,"void convert_kernel<__half2, float2>(tensor_layout_any, T1 *, tensor_layout_any, const T2 *)"
3667598388,19328,211744,,,,,,,,,,0.094,4847.644,Pinned,Device,NVIDIA A100-SXM4-40GB MIG 4g.20gb (0),1,,13,[CUDA memcpy Host-to-Device]
3667632916,47455,211745,,,,,,,,,,35.810,754586.634,Device,,NVIDIA A100-SXM4-40GB MIG 4g.20gb (0),1,,13,[CUDA memset]
3667682419,13696,211747,,,,,,,,,,0.000,5.841,Pinned,Device,NVIDIA A100-SXM4-40GB MIG 4g.20gb (0),1,,13,[CUDA memcpy Host-to-Device]
3667706611,31392,211748,,,,,,,,,,0.197,6262.948,Pinned,Device,NVIDIA A100-SXM4-40GB MIG 4g.20gb (0),1,,13,[CUDA memcpy Host-to-Device]
3667762866,9888,211749,273,1,1,48,1,1,40,0.000,0.001,,,,,NVIDIA A100-SXM4-40GB MIG 4g.20gb (0),1,,13,"void pusch_noise_intf_est::noiseIntfEstNoDftSOfdmKernel<float, __half, float, float, (unsigned int)2, (unsigned int)1, (unsigned char)4, (unsigned char)4>(pusch_noise_intf_est::puschRxNoiseIntfEstDynDescr)"
3667776530,2592,211760,35,1,1,128,1,1,16,0.000,0.000,,,,,NVIDIA A100-SXM4-40GB MIG 4g.20gb (0),1,,13,cupy_copy__complex64_complex64
3667790482,1760,211769,1,1,1,1,1,1,18,0.000,0.000,,,,,NVIDIA A100-SXM4-40GB MIG 4g.20gb (0),1,,13,cupy_copy__float32_float32
3667795314,3808,211775,,,,,,,,,,0.000,1.050,Device,Pageable,NVIDIA A100-SXM4-40GB MIG 4g.20gb (0),1,,7,[CUDA memcpy Device-to-Host]
3667871185,12736,211786,1434,1,1,128,1,1,16,0.000,0.000,,,,,NVIDIA A100-SXM4-40GB MIG 4g.20gb (0),1,,13,cupy_copy__complex64_complex64
3667896881,3488,211793,103,1,1,128,1,1,16,0.000,0.000,,,,,NVIDIA A100-SXM4-40GB MIG 4g.20gb (0),1,,13,cupy_copy__complex64_complex64
3667919792,2688,211800,35,1,1,128,1,1,16,0.000,0.000,,,,,NVIDIA A100-SXM4-40GB MIG 4g.20gb (0),1,,13,cupy_copy__complex64_complex64
3667940176,1888,211807,1,1,1,1,1,1,18,0.000,0.000,,,,,NVIDIA A100-SXM4-40GB MIG 4g.20gb (0),1,,13,cupy_copy__float32_float32
3668068014,90431,211818,1,1,1,32,32,1,30,0.000,0.000,,,,,NVIDIA A100-SXM4-40GB MIG 4g.20gb (0),1,,13,"void convert_kernel<__half2, float2>(tensor_layout_any, T1 *, tensor_layout_any, const T2 *)"
3668187533,7456,211821,,,,,,,,,,0.094,12566.508,Pinned,Device,NVIDIA A100-SXM4-40GB MIG 4g.20gb (0),1,,13,[CUDA memcpy Host-to-Device]
3668204653,3360,211822,,,,,,,,,,1.547,460304.688,Device,,NVIDIA A100-SXM4-40GB MIG 4g.20gb (0),1,,13,[CUDA memset]
3668208493,4448,211827,,,,,,,,,,0.031,7035.967,Pinned,Device,NVIDIA A100-SXM4-40GB MIG 4g.20gb (0),1,,13,[CUDA memcpy Host-to-Device]
3668216333,10271,211828,,,,,,,,,,0.197,19141.951,Pinned,Device,NVIDIA A100-SXM4-40GB MIG 4g.20gb (0),1,,13,[CUDA memcpy Host-to-Device]
3668232620,8352,211829,273,1,1,8,4,1,39,0.002,0.000,,,,,NVIDIA A100-SXM4-40GB MIG 4g.20gb (0),1,,13,"void channel_eq::eqMmseCoefCompLowMimoKernel<float, float, float, (unsigned int)4, (unsigned int)1, (unsigned int)4>(const channel_eq::_puschRxChEqStatDescr *, channel_eq::_puschRxChEqCoefCompDynDescr)"
3668244588,7712,211830,273,1,1,12,11,1,51,0.002,0.000,,,,,NVIDIA A100-SXM4-40GB MIG 4g.20gb (0),1,,13,"void channel_eq::eqMmseSoftDemapKernel<float, __half, __half, float, (unsigned int)4, (unsigned short)16383>(channel_eq::_puschRxChEqStatDescr *, channel_eq::_puschRxChEqSoftDemapDynDescr)"
3668254444,282909,211831,1,1,1,32,32,1,30,0.000,0.000,,,,,NVIDIA A100-SXM4-40GB MIG 4g.20gb (0),1,,13,"void convert_kernel<float2, __half2>(tensor_layout_any, T1 *, tensor_layout_any, const T2 *)"
3668538441,10847,211843,2253,1,1,128,1,1,16,0.000,0.000,,,,,NVIDIA A100-SXM4-40GB MIG 4g.20gb (0),1,,13,cupy_copy__float16_float16
3668551304,3104,211852,282,1,1,128,1,1,16,0.000,0.000,,,,,NVIDIA A100-SXM4-40GB MIG 4g.20gb (0),1,,13,cupy_copy__complex64_complex64
3668555688,2144,211861,26,1,1,128,1,1,16,0.000,0.000,,,,,NVIDIA A100-SXM4-40GB MIG 4g.20gb (0),1,,13,cupy_copy__float32_float32
3668561064,2784,211870,103,1,1,128,1,1,16,0.000,0.000,,,,,NVIDIA A100-SXM4-40GB MIG 4g.20gb (0),1,,13,cupy_copy__complex64_complex64
3668567080,12096,211880,1434,1,1,128,1,1,16,0.000,0.000,,,,,NVIDIA A100-SXM4-40GB MIG 4g.20gb (0),1,,13,cupy_copy__complex64_complex64
3668580616,82879,211885,1,1,1,32,32,1,30,0.000,0.000,,,,,NVIDIA A100-SXM4-40GB MIG 4g.20gb (0),1,,13,"void convert_kernel<__half2, float2>(tensor_layout_any, T1 *, tensor_layout_any, const T2 *)"
3668690631,5568,211888,,,,,,,,,,0.094,16827.521,Pinned,Device,NVIDIA A100-SXM4-40GB MIG 4g.20gb (0),1,,13,[CUDA memcpy Host-to-Device]
3668700295,596856,211889,,,,,,,,,,456.561,764740.412,Device,,NVIDIA A100-SXM4-40GB MIG 4g.20gb (0),1,,13,[CUDA memset]
3669303967,149342,211894,,,,,,,,,,1.235,8269.185,Pinned,Device,NVIDIA A100-SXM4-40GB MIG 4g.20gb (0),1,,13,[CUDA memcpy Host-to-Device]
3669462045,40512,211895,,,,,,,,,,0.197,4853.072,Pinned,Device,NVIDIA A100-SXM4-40GB MIG 4g.20gb (0),1,,13,[CUDA memcpy Host-to-Device]
3669531164,8160,211896,69,4,1,48,1,1,76,0.002,0.000,,,,,NVIDIA A100-SXM4-40GB MIG 4g.20gb (0),1,,13,"void ch_est::windowedChEstPreNoDftSOfdmKernel<float, __half, float, (unsigned int)2, (unsigned int)1, (unsigned short)4>(ch_est::puschRxChEstStatDescr_t *, ch_est::puschRxChEstDynDescr_t *)"
3669550396,7104,211897,137,2,1,24,2,1,44,0.001,0.001,,,,,NVIDIA A100-SXM4-40GB MIG 4g.20gb (0),1,,13,"void ch_est::chEstFilterNoDftSOfdmDispatchKernel<float, __half, float, (unsigned int)2>(ch_est::puschRxChEstStatDescr_t *, ch_est::puschRxChEstDynDescr_t *)"
3669568444,4896,211898,137,2,1,24,2,1,44,0.001,0.001,,,,,NVIDIA A100-SXM4-40GB MIG 4g.20gb (0),1,,13,"void ch_est::chEstFilterNoDftSOfdmDispatchKernel<float, __half, float, (unsigned int)2>(ch_est::puschRxChEstStatDescr_t *, ch_est::puschRxChEstDynDescr_t *)"
3669585596,2624,211909,103,1,1,128,1,1,16,0.000,0.000,,,,,NVIDIA A100-SXM4-40GB MIG 4g.20gb (0),1,,13,cupy_copy__complex64_complex64
3669602139,12672,211919,1434,1,1,128,1,1,16,0.000,0.000,,,,,NVIDIA A100-SXM4-40GB MIG 4g.20gb (0),1,,13,cupy_copy__complex64_complex64
3669621435,2912,211926,103,1,1,128,1,1,16,0.000,0.000,,,,,NVIDIA A100-SXM4-40GB MIG 4g.20gb (0),1,,13,cupy_copy__complex64_complex64
3669646011,87967,211933,1,1,1,32,32,1,30,0.000,0.000,,,,,NVIDIA A100-SXM4-40GB MIG 4g.20gb (0),1,,13,"void convert_kernel<__half2, float2>(tensor_layout_any, T1 *, tensor_layout_any, const T2 *)"
3669767865,24608,211936,,,,,,,,,,0.094,3807.524,Pinned,Device,NVIDIA A100-SXM4-40GB MIG 4g.20gb (0),1,,13,[CUDA memcpy Host-to-Device]
3669814681,46783,211937,,,,,,,,,,35.810,765437.040,Device,,NVIDIA A100-SXM4-40GB MIG 4g.20gb (0),1,,13,[CUDA memset]
3669870232,8448,211939,,,,,,,,,,0.000,9.470,Pinned,Device,NVIDIA A100-SXM4-40GB MIG 4g.20gb (0),1,,13,[CUDA memcpy Host-to-Device]
3669888536,22976,211940,,,,,,,,,,0.197,8556.970,Pinned,Device,NVIDIA A100-SXM4-40GB MIG 4g.20gb (0),1,,13,[CUDA memcpy Host-to-Device]
3669930423,9920,211941,273,1,1,48,1,1,40,0.000,0.001,,,,,NVIDIA A100-SXM4-40GB MIG 4g.20gb (0),1,,13,"void pusch_noise_intf_est::noiseIntfEstNoDftSOfdmKernel<float, __half, float, float, (unsigned int)2, (unsigned int)1, (unsigned char)4, (unsigned char)4>(pusch_noise_intf_est::puschRxNoiseIntfEstDynDescr)"
3669945911,2880,211952,35,1,1,128,1,1,16,0.000,0.000,,,,,NVIDIA A100-SXM4-40GB MIG 4g.20gb (0),1,,13,cupy_copy__complex64_complex64
3669965559,2080,211961,1,1,1,1,1,1,18,0.000,0.000,,,,,NVIDIA A100-SXM4-40GB MIG 4g.20gb (0),1,,13,cupy_copy__float32_float32
3669971607,6400,211967,,,,,,,,,,0.000,0.625,Device,Pageable,NVIDIA A100-SXM4-40GB MIG 4g.20gb (0),1,,7,[CUDA memcpy Device-to-Host]
3670052982,12800,211978,1434,1,1,128,1,1,16,0.000,0.000,,,,,NVIDIA A100-SXM4-40GB MIG 4g.20gb (0),1,,13,cupy_copy__complex64_complex64
3670085621,3360,211985,103,1,1,128,1,1,16,0.000,0.000,,,,,NVIDIA A100-SXM4-40GB MIG 4g.20gb (0),1,,13,cupy_copy__complex64_complex64
3670104117,2528,211992,35,1,1,128,1,1,16,0.000,0.000,,,,,NVIDIA A100-SXM4-40GB MIG 4g.20gb (0),1,,13,cupy_copy__complex64_complex64
3670118325,1824,211999,1,1,1,1,1,1,18,0.000,0.000,,,,,NVIDIA A100-SXM4-40GB MIG 4g.20gb (0),1,,13,cupy_copy__float32_float32
3670242388,81247,212010,1,1,1,32,32,1,30,0.000,0.000,,,,,NVIDIA A100-SXM4-40GB MIG 4g.20gb (0),1,,13,"void convert_kernel<__half2, float2>(tensor_layout_any, T1 *, tensor_layout_any, const T2 *)"
3670351762,5920,212013,,,,,,,,,,0.094,15826.941,Pinned,Device,NVIDIA A100-SXM4-40GB MIG 4g.20gb (0),1,,13,[CUDA memcpy Host-to-Device]
3670366162,3264,212014,,,,,,,,,,1.547,473842.288,Device,,NVIDIA A100-SXM4-40GB MIG 4g.20gb (0),1,,13,[CUDA memset]
3670372562,3424,212019,,,,,,,,,,0.031,9140.185,Pinned,Device,NVIDIA A100-SXM4-40GB MIG 4g.20gb (0),1,,13,[CUDA memcpy Host-to-Device]
3670378226,9568,212020,,,,,,,,,,0.197,20548.485,Pinned,Device,NVIDIA A100-SXM4-40GB MIG 4g.20gb (0),1,,13,[CUDA memcpy Host-to-Device]
3670392658,8320,212021,273,1,1,8,4,1,39,0.002,0.000,,,,,NVIDIA A100-SXM4-40GB MIG 4g.20gb (0),1,,13,"void channel_eq::eqMmseCoefCompLowMimoKernel<float, float, float, (unsigned int)4, (unsigned int)1, (unsigned int)4>(const channel_eq::_puschRxChEqStatDescr *, channel_eq::_puschRxChEqCoefCompDynDescr)"
3670402034,5600,212022,273,1,1,12,11,1,51,0.002,0.000,,,,,NVIDIA A100-SXM4-40GB MIG 4g.20gb (0),1,,13,"void channel_eq::eqMmseSoftDemapKernel<float, __half, __half, float, (unsigned int)4, (unsigned short)16383>(channel_eq::_puschRxChEqStatDescr *, channel_eq::_puschRxChEqSoftDemapDynDescr)"
3670409201,282717,212023,1,1,1,32,32,1,30,0.000,0.000,,,,,NVIDIA A100-SXM4-40GB MIG 4g.20gb (0),1,,13,"void convert_kernel<float2, __half2>(tensor_layout_any, T1 *, tensor_layout_any, const T2 *)"
3670693806,11168,212035,2253,1,1,128,1,1,16,0.000,0.000,,,,,NVIDIA A100-SXM4-40GB MIG 4g.20gb (0),1,,13,cupy_copy__float16_float16
3670706798,3680,212044,282,1,1,128,1,1,16,0.000,0.000,,,,,NVIDIA A100-SXM4-40GB MIG 4g.20gb (0),1,,13,cupy_copy__complex64_complex64
3670712878,2208,212053,26,1,1,128,1,1,16,0.000,0.000,,,,,NVIDIA A100-SXM4-40GB MIG 4g.20gb (0),1,,13,cupy_copy__float32_float32
3670716174,2784,212062,103,1,1,128,1,1,16,0.000,0.000,,,,,NVIDIA A100-SXM4-40GB MIG 4g.20gb (0),1,,13,cupy_copy__complex64_complex64
3670719950,12159,212072,1434,1,1,128,1,1,16,0.000,0.000,,,,,NVIDIA A100-SXM4-40GB MIG 4g.20gb (0),1,,13,cupy_copy__complex64_complex64
3670745325,82911,212077,1,1,1,32,32,1,30,0.000,0.000,,,,,NVIDIA A100-SXM4-40GB MIG 4g.20gb (0),1,,13,"void convert_kernel<__half2, float2>(tensor_layout_any, T1 *, tensor_layout_any, const T2 *)"
3670863244,5536,212080,,,,,,,,,,0.094,16924.777,Pinned,Device,NVIDIA A100-SXM4-40GB MIG 4g.20gb (0),1,,13,[CUDA memcpy Host-to-Device]
3670874380,598392,212081,,,,,,,,,,456.561,762914.166,Device,,NVIDIA A100-SXM4-40GB MIG 4g.20gb (0),1,,13,[CUDA memset]
3671476548,95135,212086,,,,,,,,,,1.235,12980.496,Pinned,Device,NVIDIA A100-SXM4-40GB MIG 4g.20gb (0),1,,13,[CUDA memcpy Host-to-Device]
3671578435,17632,212087,,,,,,,,,,0.197,11150.623,Pinned,Device,NVIDIA A100-SXM4-40GB MIG 4g.20gb (0),1,,13,[CUDA memcpy Host-to-Device]
3671609507,8288,212088,69,4,1,48,1,1,76,0.002,0.000,,,,,NVIDIA A100-SXM4-40GB MIG 4g.20gb (0),1,,13,"void ch_est::windowedChEstPreNoDftSOfdmKernel<float, __half, float, (unsigned int)2, (unsigned int)1, (unsigned short)4>(ch_est::puschRxChEstStatDescr_t *, ch_est::puschRxChEstDynDescr_t *)"
3671626178,6496,212089,137,2,1,24,2,1,44,0.001,0.001,,,,,NVIDIA A100-SXM4-40GB MIG 4g.20gb (0),1,,13,"void ch_est::chEstFilterNoDftSOfdmDispatchKernel<float, __half, float, (unsigned int)2>(ch_est::puschRxChEstStatDescr_t *, ch_est::puschRxChEstDynDescr_t *)"
3671641890,5024,212090,137,2,1,24,2,1,44,0.001,0.001,,,,,NVIDIA A100-SXM4-40GB MIG 4g.20gb (0),1,,13,"void ch_est::chEstFilterNoDftSOfdmDispatchKernel<float, __half, float, (unsigned int)2>(ch_est::puschRxChEstStatDescr_t *, ch_est::puschRxChEstDynDescr_t *)"
3671650562,2560,212101,103,1,1,128,1,1,16,0.000,0.000,,,,,NVIDIA A100-SXM4-40GB MIG 4g.20gb (0),1,,13,cupy_copy__complex64_complex64
3671659778,12896,212111,1434,1,1,128,1,1,16,0.000,0.000,,,,,NVIDIA A100-SXM4-40GB MIG 4g.20gb (0),1,,13,cupy_copy__complex64_complex64
3671676610,2816,212118,103,1,1,128,1,1,16,0.000,0.000,,,,,NVIDIA A100-SXM4-40GB MIG 4g.20gb (0),1,,13,cupy_copy__complex64_complex64
3671685026,91871,212125,1,1,1,32,32,1,30,0.000,0.000,,,,,NVIDIA A100-SXM4-40GB MIG 4g.20gb (0),1,,13,"void convert_kernel<__half2, float2>(tensor_layout_any, T1 *, tensor_layout_any, const T2 *)"
3671808480,13376,212128,,,,,,,,,,0.094,7004.713,Pinned,Device,NVIDIA A100-SXM4-40GB MIG 4g.20gb (0),1,,13,[CUDA memcpy Host-to-Device]
3671826880,48063,212129,,,,,,,,,,35.810,745061.196,Device,,NVIDIA A100-SXM4-40GB MIG 4g.20gb (0),1,,13,[CUDA memset]
3671882047,3648,212131,,,,,,,,,,0.000,21.930,Pinned,Device,NVIDIA A100-SXM4-40GB MIG 4g.20gb (0),1,,13,[CUDA memcpy Host-to-Device]
3671896095,17632,212132,,,,,,,,,,0.197,11150.623,Pinned,Device,NVIDIA A100-SXM4-40GB MIG 4g.20gb (0),1,,13,[CUDA memcpy Host-to-Device]
3671934303,9472,212133,273,1,1,48,1,1,40,0.000,0.001,,,,,NVIDIA A100-SXM4-40GB MIG 4g.20gb (0),1,,13,"void pusch_noise_intf_est::noiseIntfEstNoDftSOfdmKernel<float, __half, float, float, (unsigned int)2, (unsigned int)1, (unsigned char)4, (unsigned char)4>(pusch_noise_intf_est::puschRxNoiseIntfEstDynDescr)"
3671953438,2880,212144,35,1,1,128,1,1,16,0.000,0.000,,,,,NVIDIA A100-SXM4-40GB MIG 4g.20gb (0),1,,13,cupy_copy__complex64_complex64
3671962814,1696,212153,1,1,1,1,1,1,18,0.000,0.000,,,,,NVIDIA A100-SXM4-40GB MIG 4g.20gb (0),1,,13,cupy_copy__float32_float32
3671972094,6752,212159,,,,,,,,,,0.000,0.592,Device,Pageable,NVIDIA A100-SXM4-40GB MIG 4g.20gb (0),1,,7,[CUDA memcpy Device-to-Host]
3672054237,13408,212170,1434,1,1,128,1,1,16,0.000,0.000,,,,,NVIDIA A100-SXM4-40GB MIG 4g.20gb (0),1,,13,cupy_copy__complex64_complex64
3672075453,3456,212177,103,1,1,128,1,1,16,0.000,0.000,,,,,NVIDIA A100-SXM4-40GB MIG 4g.20gb (0),1,,13,cupy_copy__complex64_complex64
3672105117,2591,212184,35,1,1,128,1,1,16,0.000,0.000,,,,,NVIDIA A100-SXM4-40GB MIG 4g.20gb (0),1,,13,cupy_copy__complex64_complex64
3672116604,1952,212191,1,1,1,1,1,1,18,0.000,0.000,,,,,NVIDIA A100-SXM4-40GB MIG 4g.20gb (0),1,,13,cupy_copy__float32_float32
3672241307,82719,212202,1,1,1,32,32,1,30,0.000,0.000,,,,,NVIDIA A100-SXM4-40GB MIG 4g.20gb (0),1,,13,"void convert_kernel<__half2, float2>(tensor_layout_any, T1 *, tensor_layout_any, const T2 *)"
3672351545,5664,212205,,,,,,,,,,0.094,16542.310,Pinned,Device,NVIDIA A100-SXM4-40GB MIG 4g.20gb (0),1,,13,[CUDA memcpy Host-to-Device]
3672366297,3488,212206,,,,,,,,,,1.547,443412.461,Device,,NVIDIA A100-SXM4-40GB MIG 4g.20gb (0),1,,13,[CUDA memset]
3672373241,3584,212211,,,,,,,,,,0.031,8732.116,Pinned,Device,NVIDIA A100-SXM4-40GB MIG 4g.20gb (0),1,,13,[CUDA memcpy Host-to-Device]
3672379225,9472,212212,,,,,,,,,,0.197,20756.693,Pinned,Device,NVIDIA A100-SXM4-40GB MIG 4g.20gb (0),1,,13,[CUDA memcpy Host-to-Device]
3672393977,6560,212213,273,1,1,8,4,1,39,0.002,0.000,,,,,NVIDIA A100-SXM4-40GB MIG 4g.20gb (0),1,,13,"void channel_eq::eqMmseCoefCompLowMimoKernel<float, float, float, (unsigned int)4, (unsigned int)1, (unsigned int)4>(const channel_eq::_puschRxChEqStatDescr *, channel_eq::_puschRxChEqCoefCompDynDescr)"
3672401561,6496,212214,273,1,1,12,11,1,51,0.002,0.000,,,,,NVIDIA A100-SXM4-40GB MIG 4g.20gb (0),1,,13,"void channel_eq::eqMmseSoftDemapKernel<float, __half, __half, float, (unsigned int)4, (unsigned short)16383>(channel_eq::_puschRxChEqStatDescr *, channel_eq::_puschRxChEqSoftDemapDynDescr)"
3672409017,281852,212215,1,1,1,32,32,1,30,0.000,0.000,,,,,NVIDIA A100-SXM4-40GB MIG 4g.20gb (0),1,,13,"void convert_kernel<float2, __half2>(tensor_layout_any, T1 *, tensor_layout_any, const T2 *)"
3672693109,11104,212227,2253,1,1,128,1,1,16,0.000,0.000,,,,,NVIDIA A100-SXM4-40GB MIG 4g.20gb (0),1,,13,cupy_copy__float16_float16
3672709493,3552,212236,282,1,1,128,1,1,16,0.000,0.000,,,,,NVIDIA A100-SXM4-40GB MIG 4g.20gb (0),1,,13,cupy_copy__complex64_complex64
3672714933,2016,212245,26,1,1,128,1,1,16,0.000,0.000,,,,,NVIDIA A100-SXM4-40GB MIG 4g.20gb (0),1,,13,cupy_copy__float32_float32
3672718357,3104,212254,103,1,1,128,1,1,16,0.000,0.000,,,,,NVIDIA A100-SXM4-40GB MIG 4g.20gb (0),1,,13,cupy_copy__complex64_complex64
3672722581,12064,212264,1434,1,1,128,1,1,16,0.000,0.000,,,,,NVIDIA A100-SXM4-40GB MIG 4g.20gb (0),1,,13,cupy_copy__complex64_complex64
3672747317,86879,212269,1,1,1,32,32,1,30,0.000,0.000,,,,,NVIDIA A100-SXM4-40GB MIG 4g.20gb (0),1,,13,"void convert_kernel<__half2, float2>(tensor_layout_any, T1 *, tensor_layout_any, const T2 *)"
3672861203,5888,212272,,,,,,,,,,0.094,15912.954,Pinned,Device,NVIDIA A100-SXM4-40GB MIG 4g.20gb (0),1,,13,[CUDA memcpy Host-to-Device]
3672871283,598905,212273,,,,,,,,,,456.561,762001.043,Device,,NVIDIA A100-SXM4-40GB MIG 4g.20gb (0),1,,13,[CUDA memset]
3673476716,132446,212278,,,,,,,,,,1.235,9323.827,Pinned,Device,NVIDIA A100-SXM4-40GB MIG 4g.20gb (0),1,,13,[CUDA memcpy Host-to-Device]
3673618186,32415,212279,,,,,,,,,,0.197,6065.160,Pinned,Device,NVIDIA A100-SXM4-40GB MIG 4g.20gb (0),1,,13,[CUDA memcpy Host-to-Device]
3673662729,8256,212280,69,4,1,48,1,1,76,0.002,0.000,,,,,NVIDIA A100-SXM4-40GB MIG 4g.20gb (0),1,,13,"void ch_est::windowedChEstPreNoDftSOfdmKernel<float, __half, float, (unsigned int)2, (unsigned int)1, (unsigned short)4>(ch_est::puschRxChEstStatDescr_t *, ch_est::puschRxChEstDynDescr_t *)"
3673684617,7488,212281,137,2,1,24,2,1,44,0.001,0.001,,,,,NVIDIA A100-SXM4-40GB MIG 4g.20gb (0),1,,13,"void ch_est::chEstFilterNoDftSOfdmDispatchKernel<float, __half, float, (unsigned int)2>(ch_est::puschRxChEstStatDescr_t *, ch_est::puschRxChEstDynDescr_t *)"
3673699529,5376,212282,137,2,1,24,2,1,44,0.001,0.001,,,,,NVIDIA A100-SXM4-40GB MIG 4g.20gb (0),1,,13,"void ch_est::chEstFilterNoDftSOfdmDispatchKernel<float, __half, float, (unsigned int)2>(ch_est::puschRxChEstStatDescr_t *, ch_est::puschRxChEstDynDescr_t *)"
3673710633,2560,212293,103,1,1,128,1,1,16,0.000,0.000,,,,,NVIDIA A100-SXM4-40GB MIG 4g.20gb (0),1,,13,cupy_copy__complex64_complex64
3673718313,12639,212303,1434,1,1,128,1,1,16,0.000,0.000,,,,,NVIDIA A100-SXM4-40GB MIG 4g.20gb (0),1,,13,cupy_copy__complex64_complex64
3673733864,2912,212310,103,1,1,128,1,1,16,0.000,0.000,,,,,NVIDIA A100-SXM4-40GB MIG 4g.20gb (0),1,,13,cupy_copy__complex64_complex64
3673738824,87455,212317,1,1,1,32,32,1,30,0.000,0.000,,,,,NVIDIA A100-SXM4-40GB MIG 4g.20gb (0),1,,13,"void convert_kernel<__half2, float2>(tensor_layout_any, T1 *, tensor_layout_any, const T2 *)"
3673854055,6304,212320,,,,,,,,,,0.094,14862.903,Pinned,Device,NVIDIA A100-SXM4-40GB MIG 4g.20gb (0),1,,13,[CUDA memcpy Host-to-Device]
3673866823,47519,212321,,,,,,,,,,35.810,753583.956,Device,,NVIDIA A100-SXM4-40GB MIG 4g.20gb (0),1,,13,[CUDA memset]
3673919622,4096,212323,,,,,,,,,,0.000,19.531,Pinned,Device,NVIDIA A100-SXM4-40GB MIG 4g.20gb (0),1,,13,[CUDA memcpy Host-to-Device]
3673928454,12448,212324,,,,,,,,,,0.197,15794.307,Pinned,Device,NVIDIA A100-SXM4-40GB MIG 4g.20gb (0),1,,13,[CUDA memcpy Host-to-Device]
3673951494,13344,212325,273,1,1,48,1,1,40,0.000,0.001,,,,,NVIDIA A100-SXM4-40GB MIG 4g.20gb (0),1,,13,"void pusch_noise_intf_est::noiseIntfEstNoDftSOfdmKernel<float, __half, float, float, (unsigned int)2, (unsigned int)1, (unsigned char)4, (unsigned char)4>(pusch_noise_intf_est::puschRxNoiseIntfEstDynDescr)"
3673967589,3392,212336,35,1,1,128,1,1,16,0.000,0.000,,,,,NVIDIA A100-SXM4-40GB MIG 4g.20gb (0),1,,13,cupy_copy__complex64_complex64
3673977573,2048,212345,1,1,1,1,1,1,18,0.000,0.000,,,,,NVIDIA A100-SXM4-40GB MIG 4g.20gb (0),1,,13,cupy_copy__float32_float32
3674006661,1792,212351,,,,,,,,,,0.000,2.232,Device,Pageable,NVIDIA A100-SXM4-40GB MIG 4g.20gb (0),1,,7,[CUDA memcpy Device-to-Host]
3674067108,12512,212362,1434,1,1,128,1,1,16,0.000,0.000,,,,,NVIDIA A100-SXM4-40GB MIG 4g.20gb (0),1,,13,cupy_copy__complex64_complex64
3674094148,2752,212369,103,1,1,128,1,1,16,0.000,0.000,,,,,NVIDIA A100-SXM4-40GB MIG 4g.20gb (0),1,,13,cupy_copy__complex64_complex64
3674116964,2368,212376,35,1,1,128,1,1,16,0.000,0.000,,,,,NVIDIA A100-SXM4-40GB MIG 4g.20gb (0),1,,13,cupy_copy__complex64_complex64
3674133603,1856,212383,1,1,1,1,1,1,18,0.000,0.000,,,,,NVIDIA A100-SXM4-40GB MIG 4g.20gb (0),1,,13,cupy_copy__float32_float32
3674266754,81919,212394,1,1,1,32,32,1,30,0.000,0.000,,,,,NVIDIA A100-SXM4-40GB MIG 4g.20gb (0),1,,13,"void convert_kernel<__half2, float2>(tensor_layout_any, T1 *, tensor_layout_any, const T2 *)"
3674376896,5440,212397,,,,,,,,,,0.094,17223.480,Pinned,Device,NVIDIA A100-SXM4-40GB MIG 4g.20gb (0),1,,13,[CUDA memcpy Host-to-Device]
3674391936,3328,212398,,,,,,,,,,1.547,464729.580,Device,,NVIDIA A100-SXM4-40GB MIG 4g.20gb (0),1,,13,[CUDA memset]
3674398944,3328,212403,,,,,,,,,,0.031,9403.822,Pinned,Device,NVIDIA A100-SXM4-40GB MIG 4g.20gb (0),1,,13,[CUDA memcpy Host-to-Device]
3674405056,9824,212404,,,,,,,,,,0.197,20012.925,Pinned,Device,NVIDIA A100-SXM4-40GB MIG 4g.20gb (0),1,,13,[CUDA memcpy Host-to-Device]
3674420864,8032,212405,273,1,1,8,4,1,39,0.002,0.000,,,,,NVIDIA A100-SXM4-40GB MIG 4g.20gb (0),1,,13,"void channel_eq::eqMmseCoefCompLowMimoKernel<float, float, float, (unsigned int)4, (unsigned int)1, (unsigned int)4>(const channel_eq::_puschRxChEqStatDescr *, channel_eq::_puschRxChEqCoefCompDynDescr)"
3674429888,6368,212406,273,1,1,12,11,1,51,0.002,0.000,,,,,NVIDIA A100-SXM4-40GB MIG 4g.20gb (0),1,,13,"void channel_eq::eqMmseSoftDemapKernel<float, __half, __half, float, (unsigned int)4, (unsigned short)16383>(channel_eq::_puschRxChEqStatDescr *, channel_eq::_puschRxChEqSoftDemapDynDescr)"
3674439392,282332,212407,1,1,1,32,32,1,30,0.000,0.000,,,,,NVIDIA A100-SXM4-40GB MIG 4g.20gb (0),1,,13,"void convert_kernel<float2, __half2>(tensor_layout_any, T1 *, tensor_layout_any, const T2 *)"
3674722684,10976,212419,2253,1,1,128,1,1,16,0.000,0.000,,,,,NVIDIA A100-SXM4-40GB MIG 4g.20gb (0),1,,13,cupy_copy__float16_float16
3674737532,3584,212428,282,1,1,128,1,1,16,0.000,0.000,,,,,NVIDIA A100-SXM4-40GB MIG 4g.20gb (0),1,,13,cupy_copy__complex64_complex64
3674743644,2272,212437,26,1,1,128,1,1,16,0.000,0.000,,,,,NVIDIA A100-SXM4-40GB MIG 4g.20gb (0),1,,13,cupy_copy__float32_float32
3674747580,3040,212446,103,1,1,128,1,1,16,0.000,0.000,,,,,NVIDIA A100-SXM4-40GB MIG 4g.20gb (0),1,,13,cupy_copy__complex64_complex64
3674751612,12224,212456,1434,1,1,128,1,1,16,0.000,0.000,,,,,NVIDIA A100-SXM4-40GB MIG 4g.20gb (0),1,,13,cupy_copy__complex64_complex64
3674767324,87295,212461,1,1,1,32,32,1,30,0.000,0.000,,,,,NVIDIA A100-SXM4-40GB MIG 4g.20gb (0),1,,13,"void convert_kernel<__half2, float2>(tensor_layout_any, T1 *, tensor_layout_any, const T2 *)"
3674885146,5408,212464,,,,,,,,,,0.094,17325.421,Pinned,Device,NVIDIA A100-SXM4-40GB MIG 4g.20gb (0),1,,13,[CUDA memcpy Host-to-Device]
3674897722,596633,212465,,,,,,,,,,456.561,765196.973,Device,,NVIDIA A100-SXM4-40GB MIG 4g.20gb (0),1,,13,[CUDA memset]
3675497587,156542,212470,,,,,,,,,,1.235,7888.822,Pinned,Device,NVIDIA A100-SXM4-40GB MIG 4g.20gb (0),1,,13,[CUDA memcpy Host-to-Device]
3675671120,46240,212471,,,,,,,,,,0.197,4251.845,Pinned,Device,NVIDIA A100-SXM4-40GB MIG 4g.20gb (0),1,,13,[CUDA memcpy Host-to-Device]
3675747023,7936,212472,69,4,1,48,1,1,76,0.002,0.000,,,,,NVIDIA A100-SXM4-40GB MIG 4g.20gb (0),1,,13,"void ch_est::windowedChEstPreNoDftSOfdmKernel<float, __half, float, (unsigned int)2, (unsigned int)1, (unsigned short)4>(ch_est::puschRxChEstStatDescr_t *, ch_est::puschRxChEstDynDescr_t *)"
3675766607,6432,212473,137,2,1,24,2,1,44,0.001,0.001,,,,,NVIDIA A100-SXM4-40GB MIG 4g.20gb (0),1,,13,"void ch_est::chEstFilterNoDftSOfdmDispatchKernel<float, __half, float, (unsigned int)2>(ch_est::puschRxChEstStatDescr_t *, ch_est::puschRxChEstDynDescr_t *)"
3675783567,4800,212474,137,2,1,24,2,1,44,0.001,0.001,,,,,NVIDIA A100-SXM4-40GB MIG 4g.20gb (0),1,,13,"void ch_est::chEstFilterNoDftSOfdmDispatchKernel<float, __half, float, (unsigned int)2>(ch_est::puschRxChEstStatDescr_t *, ch_est::puschRxChEstDynDescr_t *)"
3675801071,2656,212485,103,1,1,128,1,1,16,0.000,0.000,,,,,NVIDIA A100-SXM4-40GB MIG 4g.20gb (0),1,,13,cupy_copy__complex64_complex64
3675818223,12479,212495,1434,1,1,128,1,1,16,0.000,0.000,,,,,NVIDIA A100-SXM4-40GB MIG 4g.20gb (0),1,,13,cupy_copy__complex64_complex64
3675840206,2848,212502,103,1,1,128,1,1,16,0.000,0.000,,,,,NVIDIA A100-SXM4-40GB MIG 4g.20gb (0),1,,13,cupy_copy__complex64_complex64
3675865646,91263,212509,1,1,1,32,32,1,30,0.000,0.000,,,,,NVIDIA A100-SXM4-40GB MIG 4g.20gb (0),1,,13,"void convert_kernel<__half2, float2>(tensor_layout_any, T1 *, tensor_layout_any, const T2 *)"
3675987981,11871,212512,,,,,,,,,,0.094,7892.764,Pinned,Device,NVIDIA A100-SXM4-40GB MIG 4g.20gb (0),1,,13,[CUDA memcpy Host-to-Device]
3676007020,47392,212513,,,,,,,,,,35.810,755589.312,Device,,NVIDIA A100-SXM4-40GB MIG 4g.20gb (0),1,,13,[CUDA memset]
3676056492,4288,212515,,,,,,,,,,0.000,18.657,Pinned,Device,NVIDIA A100-SXM4-40GB MIG 4g.20gb (0),1,,13,[CUDA memcpy Host-to-Device]
3676064876,12383,212516,,,,,,,,,,0.197,15877.079,Pinned,Device,NVIDIA A100-SXM4-40GB MIG 4g.20gb (0),1,,13,[CUDA memcpy Host-to-Device]
3676083659,12864,212517,273,1,1,48,1,1,40,0.000,0.001,,,,,NVIDIA A100-SXM4-40GB MIG 4g.20gb (0),1,,13,"void pusch_noise_intf_est::noiseIntfEstNoDftSOfdmKernel<float, __half, float, float, (unsigned int)2, (unsigned int)1, (unsigned char)4, (unsigned char)4>(pusch_noise_intf_est::puschRxNoiseIntfEstDynDescr)"
3676097867,2848,212528,35,1,1,128,1,1,16,0.000,0.000,,,,,NVIDIA A100-SXM4-40GB MIG 4g.20gb (0),1,,13,cupy_copy__complex64_complex64
3676108075,2176,212537,1,1,1,1,1,1,18,0.000,0.000,,,,,NVIDIA A100-SXM4-40GB MIG 4g.20gb (0),1,,13,cupy_copy__float32_float32
3676140011,1600,212543,,,,,,,,,,0.000,2.500,Device,Pageable,NVIDIA A100-SXM4-40GB MIG 4g.20gb (0),1,,7,[CUDA memcpy Device-to-Host]
3676201258,12672,212554,1434,1,1,128,1,1,16,0.000,0.000,,,,,NVIDIA A100-SXM4-40GB MIG 4g.20gb (0),1,,13,cupy_copy__complex64_complex64
3676228522,2912,212561,103,1,1,128,1,1,16,0.000,0.000,,,,,NVIDIA A100-SXM4-40GB MIG 4g.20gb (0),1,,13,cupy_copy__complex64_complex64
3676249033,2432,212568,35,1,1,128,1,1,16,0.000,0.000,,,,,NVIDIA A100-SXM4-40GB MIG 4g.20gb (0),1,,13,cupy_copy__complex64_complex64
3676268681,1760,212575,1,1,1,1,1,1,18,0.000,0.000,,,,,NVIDIA A100-SXM4-40GB MIG 4g.20gb (0),1,,13,cupy_copy__float32_float32
3676401735,81951,212586,1,1,1,32,32,1,30,0.000,0.000,,,,,NVIDIA A100-SXM4-40GB MIG 4g.20gb (0),1,,13,"void convert_kernel<__half2, float2>(tensor_layout_any, T1 *, tensor_layout_any, const T2 *)"
3676513510,5856,212589,,,,,,,,,,0.094,15999.997,Pinned,Device,NVIDIA A100-SXM4-40GB MIG 4g.20gb (0),1,,13,[CUDA memcpy Host-to-Device]
3676528070,3520,212590,,,,,,,,,,1.547,439380.412,Device,,NVIDIA A100-SXM4-40GB MIG 4g.20gb (0),1,,13,[CUDA memset]
3676536774,3520,212595,,,,,,,,,,0.031,8890.881,Pinned,Device,NVIDIA A100-SXM4-40GB MIG 4g.20gb (0),1,,13,[CUDA memcpy Host-to-Device]
3676543654,10016,212596,,,,,,,,,,0.197,19629.343,Pinned,Device,NVIDIA A100-SXM4-40GB MIG 4g.20gb (0),1,,13,[CUDA memcpy Host-to-Device]
3676556837,6368,212597,273,1,1,8,4,1,39,0.002,0.000,,,,,NVIDIA A100-SXM4-40GB MIG 4g.20gb (0),1,,13,"void channel_eq::eqMmseCoefCompLowMimoKernel<float, float, float, (unsigned int)4, (unsigned int)1, (unsigned int)4>(const channel_eq::_puschRxChEqStatDescr *, channel_eq::_puschRxChEqCoefCompDynDescr)"
3676564261,6208,212598,273,1,1,12,11,1,51,0.002,0.000,,,,,NVIDIA A100-SXM4-40GB MIG 4g.20gb (0),1,,13,"void channel_eq::eqMmseSoftDemapKernel<float, __half, __half, float, (unsigned int)4, (unsigned short)16383>(channel_eq::_puschRxChEqStatDescr *, channel_eq::_puschRxChEqSoftDemapDynDescr)"
3676573989,283037,212599,1,1,1,32,32,1,30,0.000,0.000,,,,,NVIDIA A100-SXM4-40GB MIG 4g.20gb (0),1,,13,"void convert_kernel<float2, __half2>(tensor_layout_any, T1 *, tensor_layout_any, const T2 *)"
3676858018,10976,212611,2253,1,1,128,1,1,16,0.000,0.000,,,,,NVIDIA A100-SXM4-40GB MIG 4g.20gb (0),1,,13,cupy_copy__float16_float16
3676870530,3456,212620,282,1,1,128,1,1,16,0.000,0.000,,,,,NVIDIA A100-SXM4-40GB MIG 4g.20gb (0),1,,13,cupy_copy__complex64_complex64
3676875970,2080,212629,26,1,1,128,1,1,16,0.000,0.000,,,,,NVIDIA A100-SXM4-40GB MIG 4g.20gb (0),1,,13,cupy_copy__float32_float32
3676879106,2847,212638,103,1,1,128,1,1,16,0.000,0.000,,,,,NVIDIA A100-SXM4-40GB MIG 4g.20gb (0),1,,13,cupy_copy__complex64_complex64
3676884705,12000,212648,1434,1,1,128,1,1,16,0.000,0.000,,,,,NVIDIA A100-SXM4-40GB MIG 4g.20gb (0),1,,13,cupy_copy__complex64_complex64
3676902689,87679,212653,1,1,1,32,32,1,30,0.000,0.000,,,,,NVIDIA A100-SXM4-40GB MIG 4g.20gb (0),1,,13,"void convert_kernel<__half2, float2>(tensor_layout_any, T1 *, tensor_layout_any, const T2 *)"
3677017664,5952,212656,,,,,,,,,,0.094,15741.865,Pinned,Device,NVIDIA A100-SXM4-40GB MIG 4g.20gb (0),1,,13,[CUDA memcpy Host-to-Device]
3677027648,600408,212657,,,,,,,,,,456.561,760174.798,Device,,NVIDIA A100-SXM4-40GB MIG 4g.20gb (0),1,,13,[CUDA memset]
3677633080,150462,212662,,,,,,,,,,1.235,8207.438,Pinned,Device,NVIDIA A100-SXM4-40GB MIG 4g.20gb (0),1,,13,[CUDA memcpy Host-to-Device]
3677796758,41312,212663,,,,,,,,,,0.197,4759.093,Pinned,Device,NVIDIA A100-SXM4-40GB MIG 4g.20gb (0),1,,13,[CUDA memcpy Host-to-Device]
3677867061,8032,212664,69,4,1,48,1,1,76,0.002,0.000,,,,,NVIDIA A100-SXM4-40GB MIG 4g.20gb (0),1,,13,"void ch_est::windowedChEstPreNoDftSOfdmKernel<float, __half, float, (unsigned int)2, (unsigned int)1, (unsigned short)4>(ch_est::puschRxChEstStatDescr_t *, ch_est::puschRxChEstDynDescr_t *)"
3677886517,6880,212665,137,2,1,24,2,1,44,0.001,0.001,,,,,NVIDIA A100-SXM4-40GB MIG 4g.20gb (0),1,,13,"void ch_est::chEstFilterNoDftSOfdmDispatchKernel<float, __half, float, (unsigned int)2>(ch_est::puschRxChEstStatDescr_t *, ch_est::puschRxChEstDynDescr_t *)"
3677904821,4800,212666,137,2,1,24,2,1,44,0.001,0.001,,,,,NVIDIA A100-SXM4-40GB MIG 4g.20gb (0),1,,13,"void ch_est::chEstFilterNoDftSOfdmDispatchKernel<float, __half, float, (unsigned int)2>(ch_est::puschRxChEstStatDescr_t *, ch_est::puschRxChEstDynDescr_t *)"
3677921909,2624,212677,103,1,1,128,1,1,16,0.000,0.000,,,,,NVIDIA A100-SXM4-40GB MIG 4g.20gb (0),1,,13,cupy_copy__complex64_complex64
3677938932,12352,212687,1434,1,1,128,1,1,16,0.000,0.000,,,,,NVIDIA A100-SXM4-40GB MIG 4g.20gb (0),1,,13,cupy_copy__complex64_complex64
3677962068,2528,212694,103,1,1,128,1,1,16,0.000,0.000,,,,,NVIDIA A100-SXM4-40GB MIG 4g.20gb (0),1,,13,cupy_copy__complex64_complex64
3677986260,87135,212701,1,1,1,32,32,1,30,0.000,0.000,,,,,NVIDIA A100-SXM4-40GB MIG 4g.20gb (0),1,,13,"void convert_kernel<__half2, float2>(tensor_layout_any, T1 *, tensor_layout_any, const T2 *)"
3678108882,27616,212704,,,,,,,,,,0.094,3392.732,Pinned,Device,NVIDIA A100-SXM4-40GB MIG 4g.20gb (0),1,,13,[CUDA memcpy Host-to-Device]
3678161778,46687,212705,,,,,,,,,,35.810,767012.676,Device,,NVIDIA A100-SXM4-40GB MIG 4g.20gb (0),1,,13,[CUDA memset]
3678215729,11680,212707,,,,,,,,,,0.000,6.849,Pinned,Device,NVIDIA A100-SXM4-40GB MIG 4g.20gb (0),1,,13,[CUDA memcpy Host-to-Device]
3678234897,29695,212708,,,,,,,,,,0.197,6620.774,Pinned,Device,NVIDIA A100-SXM4-40GB MIG 4g.20gb (0),1,,13,[CUDA memcpy Host-to-Device]
3678283728,9888,212709,273,1,1,48,1,1,40,0.000,0.001,,,,,NVIDIA A100-SXM4-40GB MIG 4g.20gb (0),1,,13,"void pusch_noise_intf_est::noiseIntfEstNoDftSOfdmKernel<float, __half, float, float, (unsigned int)2, (unsigned int)1, (unsigned char)4, (unsigned char)4>(pusch_noise_intf_est::puschRxNoiseIntfEstDynDescr)"
3678300240,2784,212720,35,1,1,128,1,1,16,0.000,0.000,,,,,NVIDIA A100-SXM4-40GB MIG 4g.20gb (0),1,,13,cupy_copy__complex64_complex64
3678317520,1696,212729,1,1,1,1,1,1,18,0.000,0.000,,,,,NVIDIA A100-SXM4-40GB MIG 4g.20gb (0),1,,13,cupy_copy__float32_float32
3678322224,6656,212735,,,,,,,,,,0.000,0.601,Device,Pageable,NVIDIA A100-SXM4-40GB MIG 4g.20gb (0),1,,7,[CUDA memcpy Device-to-Host]
3678409999,12991,212746,1434,1,1,128,1,1,16,0.000,0.000,,,,,NVIDIA A100-SXM4-40GB MIG 4g.20gb (0),1,,13,cupy_copy__complex64_complex64
3678442702,3424,212753,103,1,1,128,1,1,16,0.000,0.000,,,,,NVIDIA A100-SXM4-40GB MIG 4g.20gb (0),1,,13,cupy_copy__complex64_complex64
3678457710,2528,212760,35,1,1,128,1,1,16,0.000,0.000,,,,,NVIDIA A100-SXM4-40GB MIG 4g.20gb (0),1,,13,cupy_copy__complex64_complex64
3678477358,1792,212767,1,1,1,1,1,1,18,0.000,0.000,,,,,NVIDIA A100-SXM4-40GB MIG 4g.20gb (0),1,,13,cupy_copy__float32_float32
3678600428,83295,212778,1,1,1,32,32,1,30,0.000,0.000,,,,,NVIDIA A100-SXM4-40GB MIG 4g.20gb (0),1,,13,"void convert_kernel<__half2, float2>(tensor_layout_any, T1 *, tensor_layout_any, const T2 *)"
3678714059,6048,212781,,,,,,,,,,0.094,15491.978,Pinned,Device,NVIDIA A100-SXM4-40GB MIG 4g.20gb (0),1,,13,[CUDA memcpy Host-to-Device]
3678729483,3264,212782,,,,,,,,,,1.547,473842.288,Device,,NVIDIA A100-SXM4-40GB MIG 4g.20gb (0),1,,13,[CUDA memset]
3678739722,3200,212787,,,,,,,,,,0.031,9780.000,Pinned,Device,NVIDIA A100-SXM4-40GB MIG 4g.20gb (0),1,,13,[CUDA memcpy Host-to-Device]
3678745354,9760,212788,,,,,,,,,,0.197,20144.259,Pinned,Device,NVIDIA A100-SXM4-40GB MIG 4g.20gb (0),1,,13,[CUDA memcpy Host-to-Device]
3678760714,6048,212789,273,1,1,8,4,1,39,0.002,0.000,,,,,NVIDIA A100-SXM4-40GB MIG 4g.20gb (0),1,,13,"void channel_eq::eqMmseCoefCompLowMimoKernel<float, float, float, (unsigned int)4, (unsigned int)1, (unsigned int)4>(const channel_eq::_puschRxChEqStatDescr *, channel_eq::_puschRxChEqCoefCompDynDescr)"
3678767722,6560,212790,273,1,1,12,11,1,51,0.002,0.000,,,,,NVIDIA A100-SXM4-40GB MIG 4g.20gb (0),1,,13,"void channel_eq::eqMmseSoftDemapKernel<float, __half, __half, float, (unsigned int)4, (unsigned short)16383>(channel_eq::_puschRxChEqStatDescr *, channel_eq::_puschRxChEqSoftDemapDynDescr)"
3678775210,282365,212791,1,1,1,32,32,1,30,0.000,0.000,,,,,NVIDIA A100-SXM4-40GB MIG 4g.20gb (0),1,,13,"void convert_kernel<float2, __half2>(tensor_layout_any, T1 *, tensor_layout_any, const T2 *)"
3679058567,10975,212803,2253,1,1,128,1,1,16,0.000,0.000,,,,,NVIDIA A100-SXM4-40GB MIG 4g.20gb (0),1,,13,cupy_copy__float16_float16
3679073190,3104,212812,282,1,1,128,1,1,16,0.000,0.000,,,,,NVIDIA A100-SXM4-40GB MIG 4g.20gb (0),1,,13,cupy_copy__complex64_complex64
3679079686,2208,212821,26,1,1,128,1,1,16,0.000,0.000,,,,,NVIDIA A100-SXM4-40GB MIG 4g.20gb (0),1,,13,cupy_copy__float32_float32
3679082918,3104,212830,103,1,1,128,1,1,16,0.000,0.000,,,,,NVIDIA A100-SXM4-40GB MIG 4g.20gb (0),1,,13,cupy_copy__complex64_complex64
3679087206,12000,212840,1434,1,1,128,1,1,16,0.000,0.000,,,,,NVIDIA A100-SXM4-40GB MIG 4g.20gb (0),1,,13,cupy_copy__complex64_complex64
3679121990,82015,212845,1,1,1,32,32,1,30,0.000,0.000,,,,,NVIDIA A100-SXM4-40GB MIG 4g.20gb (0),1,,13,"void convert_kernel<__half2, float2>(tensor_layout_any, T1 *, tensor_layout_any, const T2 *)"
3679231204,5536,212848,,,,,,,,,,0.094,16924.777,Pinned,Device,NVIDIA A100-SXM4-40GB MIG 4g.20gb (0),1,,13,[CUDA memcpy Host-to-Device]
3679242628,598041,212849,,,,,,,,,,456.561,763370.728,Device,,NVIDIA A100-SXM4-40GB MIG 4g.20gb (0),1,,13,[CUDA memset]
3679847965,70623,212854,,,,,,,,,,1.235,17485.572,Pinned,Device,NVIDIA A100-SXM4-40GB MIG 4g.20gb (0),1,,13,[CUDA memcpy Host-to-Device]
3679922332,13056,212855,,,,,,,,,,0.197,15058.797,Pinned,Device,NVIDIA A100-SXM4-40GB MIG 4g.20gb (0),1,,13,[CUDA memcpy Host-to-Device]
3679941436,8096,212856,69,4,1,48,1,1,76,0.002,0.000,,,,,NVIDIA A100-SXM4-40GB MIG 4g.20gb (0),1,,13,"void ch_est::windowedChEstPreNoDftSOfdmKernel<float, __half, float, (unsigned int)2, (unsigned int)1, (unsigned short)4>(ch_est::puschRxChEstStatDescr_t *, ch_est::puschRxChEstDynDescr_t *)"
3679953915,6976,212857,137,2,1,24,2,1,44,0.001,0.001,,,,,NVIDIA A100-SXM4-40GB MIG 4g.20gb (0),1,,13,"void ch_est::chEstFilterNoDftSOfdmDispatchKernel<float, __half, float, (unsigned int)2>(ch_est::puschRxChEstStatDescr_t *, ch_est::puschRxChEstDynDescr_t *)"
3679961819,4864,212858,137,2,1,24,2,1,44,0.001,0.001,,,,,NVIDIA A100-SXM4-40GB MIG 4g.20gb (0),1,,13,"void ch_est::chEstFilterNoDftSOfdmDispatchKernel<float, __half, float, (unsigned int)2>(ch_est::puschRxChEstStatDescr_t *, ch_est::puschRxChEstDynDescr_t *)"
3679969691,2816,212869,103,1,1,128,1,1,16,0.000,0.000,,,,,NVIDIA A100-SXM4-40GB MIG 4g.20gb (0),1,,13,cupy_copy__complex64_complex64
3679973499,12448,212879,1434,1,1,128,1,1,16,0.000,0.000,,,,,NVIDIA A100-SXM4-40GB MIG 4g.20gb (0),1,,13,cupy_copy__complex64_complex64
3679987547,2560,212886,103,1,1,128,1,1,16,0.000,0.000,,,,,NVIDIA A100-SXM4-40GB MIG 4g.20gb (0),1,,13,cupy_copy__complex64_complex64
3679992379,81695,212893,1,1,1,32,32,1,30,0.000,0.000,,,,,NVIDIA A100-SXM4-40GB MIG 4g.20gb (0),1,,13,"void convert_kernel<__half2, float2>(tensor_layout_any, T1 *, tensor_layout_any, const T2 *)"
3680105434,5632,212896,,,,,,,,,,0.094,16636.287,Pinned,Device,NVIDIA A100-SXM4-40GB MIG 4g.20gb (0),1,,13,[CUDA memcpy Host-to-Device]
3680122553,46816,212897,,,,,,,,,,35.810,764899.891,Device,,NVIDIA A100-SXM4-40GB MIG 4g.20gb (0),1,,13,[CUDA memset]
3680176345,4224,212899,,,,,,,,,,0.000,18.939,Pinned,Device,NVIDIA A100-SXM4-40GB MIG 4g.20gb (0),1,,13,[CUDA memcpy Host-to-Device]
3680183449,12383,212900,,,,,,,,,,0.197,15877.079,Pinned,Device,NVIDIA A100-SXM4-40GB MIG 4g.20gb (0),1,,13,[CUDA memcpy Host-to-Device]
3680204600,11104,212901,273,1,1,48,1,1,40,0.000,0.001,,,,,NVIDIA A100-SXM4-40GB MIG 4g.20gb (0),1,,13,"void pusch_noise_intf_est::noiseIntfEstNoDftSOfdmKernel<float, __half, float, float, (unsigned int)2, (unsigned int)1, (unsigned char)4, (unsigned char)4>(pusch_noise_intf_est::puschRxNoiseIntfEstDynDescr)"
3680218008,3360,212912,35,1,1,128,1,1,16,0.000,0.000,,,,,NVIDIA A100-SXM4-40GB MIG 4g.20gb (0),1,,13,cupy_copy__complex64_complex64
3680242616,1792,212921,1,1,1,1,1,1,18,0.000,0.000,,,,,NVIDIA A100-SXM4-40GB MIG 4g.20gb (0),1,,13,cupy_copy__float32_float32
3680277783,1568,212927,,,,,,,,,,0.000,2.551,Device,Pageable,NVIDIA A100-SXM4-40GB MIG 4g.20gb (0),1,,7,[CUDA memcpy Device-to-Host]
3680339735,12960,212938,1434,1,1,128,1,1,16,0.000,0.000,,,,,NVIDIA A100-SXM4-40GB MIG 4g.20gb (0),1,,13,cupy_copy__complex64_complex64
3680365526,2912,212945,103,1,1,128,1,1,16,0.000,0.000,,,,,NVIDIA A100-SXM4-40GB MIG 4g.20gb (0),1,,13,cupy_copy__complex64_complex64
3680386518,2336,212952,35,1,1,128,1,1,16,0.000,0.000,,,,,NVIDIA A100-SXM4-40GB MIG 4g.20gb (0),1,,13,cupy_copy__complex64_complex64
3680405206,1888,212959,1,1,1,1,1,1,18,0.000,0.000,,,,,NVIDIA A100-SXM4-40GB MIG 4g.20gb (0),1,,13,cupy_copy__float32_float32
3680537428,83263,212970,1,1,1,32,32,1,30,0.000,0.000,,,,,NVIDIA A100-SXM4-40GB MIG 4g.20gb (0),1,,13,"void convert_kernel<__half2, float2>(tensor_layout_any, T1 *, tensor_layout_any, const T2 *)"
3680648947,5536,212973,,,,,,,,,,0.094,16924.777,Pinned,Device,NVIDIA A100-SXM4-40GB MIG 4g.20gb (0),1,,13,[CUDA memcpy Host-to-Device]
3680663411,3168,212974,,,,,,,,,,1.547,488201.145,Device,,NVIDIA A100-SXM4-40GB MIG 4g.20gb (0),1,,13,[CUDA memset]
3680670163,3008,212979,,,,,,,,,,0.031,10404.230,Pinned,Device,NVIDIA A100-SXM4-40GB MIG 4g.20gb (0),1,,13,[CUDA memcpy Host-to-Device]
3680676435,9535,212980,,,,,,,,,,0.197,20619.461,Pinned,Device,NVIDIA A100-SXM4-40GB MIG 4g.20gb (0),1,,13,[CUDA memcpy Host-to-Device]
3680692050,6112,212981,273,1,1,8,4,1,39,0.002,0.000,,,,,NVIDIA A100-SXM4-40GB MIG 4g.20gb (0),1,,13,"void channel_eq::eqMmseCoefCompLowMimoKernel<float, float, float, (unsigned int)4, (unsigned int)1, (unsigned int)4>(const channel_eq::_puschRxChEqStatDescr *, channel_eq::_puschRxChEqCoefCompDynDescr)"
3680699890,5696,212982,273,1,1,12,11,1,51,0.002,0.000,,,,,NVIDIA A100-SXM4-40GB MIG 4g.20gb (0),1,,13,"void channel_eq::eqMmseSoftDemapKernel<float, __half, __half, float, (unsigned int)4, (unsigned short)16383>(channel_eq::_puschRxChEqStatDescr *, channel_eq::_puschRxChEqSoftDemapDynDescr)"
3680707922,289949,212983,1,1,1,32,32,1,30,0.000,0.000,,,,,NVIDIA A100-SXM4-40GB MIG 4g.20gb (0),1,,13,"void convert_kernel<float2, __half2>(tensor_layout_any, T1 *, tensor_layout_any, const T2 *)"
3680999983,11039,212995,2253,1,1,128,1,1,16,0.000,0.000,,,,,NVIDIA A100-SXM4-40GB MIG 4g.20gb (0),1,,13,cupy_copy__float16_float16
3681012622,3680,213004,282,1,1,128,1,1,16,0.000,0.000,,,,,NVIDIA A100-SXM4-40GB MIG 4g.20gb (0),1,,13,cupy_copy__complex64_complex64
3681019726,2080,213013,26,1,1,128,1,1,16,0.000,0.000,,,,,NVIDIA A100-SXM4-40GB MIG 4g.20gb (0),1,,13,cupy_copy__float32_float32
3681022990,4768,213022,103,1,1,128,1,1,16,0.000,0.000,,,,,NVIDIA A100-SXM4-40GB MIG 4g.20gb (0),1,,13,cupy_copy__complex64_complex64
3681028718,11904,213032,1434,1,1,128,1,1,16,0.000,0.000,,,,,NVIDIA A100-SXM4-40GB MIG 4g.20gb (0),1,,13,cupy_copy__complex64_complex64
3681042062,82015,213037,1,1,1,32,32,1,30,0.000,0.000,,,,,NVIDIA A100-SXM4-40GB MIG 4g.20gb (0),1,,13,"void convert_kernel<__half2, float2>(tensor_layout_any, T1 *, tensor_layout_any, const T2 *)"
3681152141,6400,213040,,,,,,,,,,0.094,14640.000,Pinned,Device,NVIDIA A100-SXM4-40GB MIG 4g.20gb (0),1,,13,[CUDA memcpy Host-to-Device]
3681162349,596664,213041,,,,,,,,,,456.561,764740.412,Device,,NVIDIA A100-SXM4-40GB MIG 4g.20gb (0),1,,13,[CUDA memset]
3681765125,139742,213046,,,,,,,,,,1.235,8837.259,Pinned,Device,NVIDIA A100-SXM4-40GB MIG 4g.20gb (0),1,,13,[CUDA memcpy Host-to-Device]
3681918275,39232,213047,,,,,,,,,,0.197,5011.341,Pinned,Device,NVIDIA A100-SXM4-40GB MIG 4g.20gb (0),1,,13,[CUDA memcpy Host-to-Device]
3681984162,8032,213048,69,4,1,48,1,1,76,0.002,0.000,,,,,NVIDIA A100-SXM4-40GB MIG 4g.20gb (0),1,,13,"void ch_est::windowedChEstPreNoDftSOfdmKernel<float, __half, float, (unsigned int)2, (unsigned int)1, (unsigned short)4>(ch_est::puschRxChEstStatDescr_t *, ch_est::puschRxChEstDynDescr_t *)"
3681998754,6368,213049,137,2,1,24,2,1,44,0.001,0.001,,,,,NVIDIA A100-SXM4-40GB MIG 4g.20gb (0),1,,13,"void ch_est::chEstFilterNoDftSOfdmDispatchKernel<float, __half, float, (unsigned int)2>(ch_est::puschRxChEstStatDescr_t *, ch_est::puschRxChEstDynDescr_t *)"
3682012354,4928,213050,137,2,1,24,2,1,44,0.001,0.001,,,,,NVIDIA A100-SXM4-40GB MIG 4g.20gb (0),1,,13,"void ch_est::chEstFilterNoDftSOfdmDispatchKernel<float, __half, float, (unsigned int)2>(ch_est::puschRxChEstStatDescr_t *, ch_est::puschRxChEstDynDescr_t *)"
3682022850,2496,213061,103,1,1,128,1,1,16,0.000,0.000,,,,,NVIDIA A100-SXM4-40GB MIG 4g.20gb (0),1,,13,cupy_copy__complex64_complex64
3682037122,12864,213071,1434,1,1,128,1,1,16,0.000,0.000,,,,,NVIDIA A100-SXM4-40GB MIG 4g.20gb (0),1,,13,cupy_copy__complex64_complex64
3682055746,2623,213078,103,1,1,128,1,1,16,0.000,0.000,,,,,NVIDIA A100-SXM4-40GB MIG 4g.20gb (0),1,,13,cupy_copy__complex64_complex64
3682064225,88447,213085,1,1,1,32,32,1,30,0.000,0.000,,,,,NVIDIA A100-SXM4-40GB MIG 4g.20gb (0),1,,13,"void convert_kernel<__half2, float2>(tensor_layout_any, T1 *, tensor_layout_any, const T2 *)"
3682182656,5504,213088,,,,,,,,,,0.094,17023.251,Pinned,Device,NVIDIA A100-SXM4-40GB MIG 4g.20gb (0),1,,13,[CUDA memcpy Host-to-Device]
3682196608,46463,213089,,,,,,,,,,35.810,770701.098,Device,,NVIDIA A100-SXM4-40GB MIG 4g.20gb (0),1,,13,[CUDA memset]
3682249535,4704,213091,,,,,,,,,,0.000,17.007,Pinned,Device,NVIDIA A100-SXM4-40GB MIG 4g.20gb (0),1,,13,[CUDA memcpy Host-to-Device]
3682259423,12608,213092,,,,,,,,,,0.197,15593.767,Pinned,Device,NVIDIA A100-SXM4-40GB MIG 4g.20gb (0),1,,13,[CUDA memcpy Host-to-Device]
3682278463,12064,213093,273,1,1,48,1,1,40,0.000,0.001,,,,,NVIDIA A100-SXM4-40GB MIG 4g.20gb (0),1,,13,"void pusch_noise_intf_est::noiseIntfEstNoDftSOfdmKernel<float, __half, float, float, (unsigned int)2, (unsigned int)1, (unsigned char)4, (unsigned char)4>(pusch_noise_intf_est::puschRxNoiseIntfEstDynDescr)"
3682292575,3168,213104,35,1,1,128,1,1,16,0.000,0.000,,,,,NVIDIA A100-SXM4-40GB MIG 4g.20gb (0),1,,13,cupy_copy__complex64_complex64
3682309118,1920,213113,1,1,1,1,1,1,18,0.000,0.000,,,,,NVIDIA A100-SXM4-40GB MIG 4g.20gb (0),1,,13,cupy_copy__float32_float32
3682339678,1568,213119,,,,,,,,,,0.000,2.551,Device,Pageable,NVIDIA A100-SXM4-40GB MIG 4g.20gb (0),1,,7,[CUDA memcpy Device-to-Host]
3682400189,12928,213130,1434,1,1,128,1,1,16,0.000,0.000,,,,,NVIDIA A100-SXM4-40GB MIG 4g.20gb (0),1,,13,cupy_copy__complex64_complex64
3682426813,2752,213137,103,1,1,128,1,1,16,0.000,0.000,,,,,NVIDIA A100-SXM4-40GB MIG 4g.20gb (0),1,,13,cupy_copy__complex64_complex64
3682448413,2688,213144,35,1,1,128,1,1,16,0.000,0.000,,,,,NVIDIA A100-SXM4-40GB MIG 4g.20gb (0),1,,13,cupy_copy__complex64_complex64
3682466012,1760,213151,1,1,1,1,1,1,18,0.000,0.000,,,,,NVIDIA A100-SXM4-40GB MIG 4g.20gb (0),1,,13,cupy_copy__float32_float32
3682601755,87135,213162,1,1,1,32,32,1,30,0.000,0.000,,,,,NVIDIA A100-SXM4-40GB MIG 4g.20gb (0),1,,13,"void convert_kernel<__half2, float2>(tensor_layout_any, T1 *, tensor_layout_any, const T2 *)"
3682716441,5760,213165,,,,,,,,,,0.094,16266.656,Pinned,Device,NVIDIA A100-SXM4-40GB MIG 4g.20gb (0),1,,13,[CUDA memcpy Host-to-Device]
3682730649,3392,213166,,,,,,,,,,1.547,455961.768,Device,,NVIDIA A100-SXM4-40GB MIG 4g.20gb (0),1,,13,[CUDA memset]
3682737625,3072,213171,,,,,,,,,,0.031,10187.474,Pinned,Device,NVIDIA A100-SXM4-40GB MIG 4g.20gb (0),1,,13,[CUDA memcpy Host-to-Device]
3682743161,9888,213172,,,,,,,,,,0.197,19883.360,Pinned,Device,NVIDIA A100-SXM4-40GB MIG 4g.20gb (0),1,,13,[CUDA memcpy Host-to-Device]
3682757465,6432,213173,273,1,1,8,4,1,39,0.002,0.000,,,,,NVIDIA A100-SXM4-40GB MIG 4g.20gb (0),1,,13,"void channel_eq::eqMmseCoefCompLowMimoKernel<float, float, float, (unsigned int)4, (unsigned int)1, (unsigned int)4>(const channel_eq::_puschRxChEqStatDescr *, channel_eq::_puschRxChEqCoefCompDynDescr)"
3682764985,6048,213174,273,1,1,12,11,1,51,0.002,0.000,,,,,NVIDIA A100-SXM4-40GB MIG 4g.20gb (0),1,,13,"void channel_eq::eqMmseSoftDemapKernel<float, __half, __half, float, (unsigned int)4, (unsigned short)16383>(channel_eq::_puschRxChEqStatDescr *, channel_eq::_puschRxChEqSoftDemapDynDescr)"
3682771961,282652,213175,1,1,1,32,32,1,30,0.000,0.000,,,,,NVIDIA A100-SXM4-40GB MIG 4g.20gb (0),1,,13,"void convert_kernel<float2, __half2>(tensor_layout_any, T1 *, tensor_layout_any, const T2 *)"
3683055669,11008,213187,2253,1,1,128,1,1,16,0.000,0.000,,,,,NVIDIA A100-SXM4-40GB MIG 4g.20gb (0),1,,13,cupy_copy__float16_float16
3683068853,3072,213196,282,1,1,128,1,1,16,0.000,0.000,,,,,NVIDIA A100-SXM4-40GB MIG 4g.20gb (0),1,,13,cupy_copy__complex64_complex64
3683074293,2304,213205,26,1,1,128,1,1,16,0.000,0.000,,,,,NVIDIA A100-SXM4-40GB MIG 4g.20gb (0),1,,13,cupy_copy__float32_float32
3683078581,2880,213214,103,1,1,128,1,1,16,0.000,0.000,,,,,NVIDIA A100-SXM4-40GB MIG 4g.20gb (0),1,,13,cupy_copy__complex64_complex64
3683083861,12000,213224,1434,1,1,128,1,1,16,0.000,0.000,,,,,NVIDIA A100-SXM4-40GB MIG 4g.20gb (0),1,,13,cupy_copy__complex64_complex64
3683117748,83423,213229,1,1,1,32,32,1,30,0.000,0.000,,,,,NVIDIA A100-SXM4-40GB MIG 4g.20gb (0),1,,13,"void convert_kernel<__half2, float2>(tensor_layout_any, T1 *, tensor_layout_any, const T2 *)"
3683228019,5632,213232,,,,,,,,,,0.094,16636.287,Pinned,Device,NVIDIA A100-SXM4-40GB MIG 4g.20gb (0),1,,13,[CUDA memcpy Host-to-Device]
3683237651,596665,213233,,,,,,,,,,456.561,764740.412,Device,,NVIDIA A100-SXM4-40GB MIG 4g.20gb (0),1,,13,[CUDA memset]
3683836075,143647,213238,,,,,,,,,,1.235,8596.445,Pinned,Device,NVIDIA A100-SXM4-40GB MIG 4g.20gb (0),1,,13,[CUDA memcpy Host-to-Device]
3683989898,40095,213239,,,,,,,,,,0.197,4903.404,Pinned,Device,NVIDIA A100-SXM4-40GB MIG 4g.20gb (0),1,,13,[CUDA memcpy Host-to-Device]
3684060521,8256,213240,69,4,1,48,1,1,76,0.002,0.000,,,,,NVIDIA A100-SXM4-40GB MIG 4g.20gb (0),1,,13,"void ch_est::windowedChEstPreNoDftSOfdmKernel<float, __half, float, (unsigned int)2, (unsigned int)1, (unsigned short)4>(ch_est::puschRxChEstStatDescr_t *, ch_est::puschRxChEstDynDescr_t *)"
3684079912,6432,213241,137,2,1,24,2,1,44,0.001,0.001,,,,,NVIDIA A100-SXM4-40GB MIG 4g.20gb (0),1,,13,"void ch_est::chEstFilterNoDftSOfdmDispatchKernel<float, __half, float, (unsigned int)2>(ch_est::puschRxChEstStatDescr_t *, ch_est::puschRxChEstDynDescr_t *)"
3684096552,4800,213242,137,2,1,24,2,1,44,0.001,0.001,,,,,NVIDIA A100-SXM4-40GB MIG 4g.20gb (0),1,,13,"void ch_est::chEstFilterNoDftSOfdmDispatchKernel<float, __half, float, (unsigned int)2>(ch_est::puschRxChEstStatDescr_t *, ch_est::puschRxChEstDynDescr_t *)"
3684113704,2656,213253,103,1,1,128,1,1,16,0.000,0.000,,,,,NVIDIA A100-SXM4-40GB MIG 4g.20gb (0),1,,13,cupy_copy__complex64_complex64
3684130408,12320,213263,1434,1,1,128,1,1,16,0.000,0.000,,,,,NVIDIA A100-SXM4-40GB MIG 4g.20gb (0),1,,13,cupy_copy__complex64_complex64
3684152008,2976,213270,103,1,1,128,1,1,16,0.000,0.000,,,,,NVIDIA A100-SXM4-40GB MIG 4g.20gb (0),1,,13,cupy_copy__complex64_complex64
3684175879,86207,213277,1,1,1,32,32,1,30,0.000,0.000,,,,,NVIDIA A100-SXM4-40GB MIG 4g.20gb (0),1,,13,"void convert_kernel<__half2, float2>(tensor_layout_any, T1 *, tensor_layout_any, const T2 *)"
3684293606,17056,213280,,,,,,,,,,0.094,5493.396,Pinned,Device,NVIDIA A100-SXM4-40GB MIG 4g.20gb (0),1,,13,[CUDA memcpy Host-to-Device]
3684319206,47551,213281,,,,,,,,,,35.810,753082.618,Device,,NVIDIA A100-SXM4-40GB MIG 4g.20gb (0),1,,13,[CUDA memset]
3684371173,9216,213283,,,,,,,,,,0.000,8.680,Pinned,Device,NVIDIA A100-SXM4-40GB MIG 4g.20gb (0),1,,13,[CUDA memcpy Host-to-Device]
3684385925,17471,213284,,,,,,,,,,0.197,11253.252,Pinned,Device,NVIDIA A100-SXM4-40GB MIG 4g.20gb (0),1,,13,[CUDA memcpy Host-to-Device]
3684412324,9824,213285,273,1,1,48,1,1,40,0.000,0.001,,,,,NVIDIA A100-SXM4-40GB MIG 4g.20gb (0),1,,13,"void pusch_noise_intf_est::noiseIntfEstNoDftSOfdmKernel<float, __half, float, float, (unsigned int)2, (unsigned int)1, (unsigned char)4, (unsigned char)4>(pusch_noise_intf_est::puschRxNoiseIntfEstDynDescr)"
3684429124,3200,213296,35,1,1,128,1,1,16,0.000,0.000,,,,,NVIDIA A100-SXM4-40GB MIG 4g.20gb (0),1,,13,cupy_copy__complex64_complex64
3684437764,2016,213305,1,1,1,1,1,1,18,0.000,0.000,,,,,NVIDIA A100-SXM4-40GB MIG 4g.20gb (0),1,,13,cupy_copy__float32_float32
3684443620,5888,213311,,,,,,,,,,0.000,0.679,Device,Pageable,NVIDIA A100-SXM4-40GB MIG 4g.20gb (0),1,,7,[CUDA memcpy Device-to-Host]
3684515203,13024,213322,1434,1,1,128,1,1,16,0.000,0.000,,,,,NVIDIA A100-SXM4-40GB MIG 4g.20gb (0),1,,13,cupy_copy__complex64_complex64
3684545731,3360,213329,103,1,1,128,1,1,16,0.000,0.000,,,,,NVIDIA A100-SXM4-40GB MIG 4g.20gb (0),1,,13,cupy_copy__complex64_complex64
3684566882,2688,213336,35,1,1,128,1,1,16,0.000,0.000,,,,,NVIDIA A100-SXM4-40GB MIG 4g.20gb (0),1,,13,cupy_copy__complex64_complex64
3684585826,1792,213343,1,1,1,1,1,1,18,0.000,0.000,,,,,NVIDIA A100-SXM4-40GB MIG 4g.20gb (0),1,,13,cupy_copy__float32_float32
3684724577,83070,213354,1,1,1,32,32,1,30,0.000,0.000,,,,,NVIDIA A100-SXM4-40GB MIG 4g.20gb (0),1,,13,"void convert_kernel<__half2, float2>(tensor_layout_any, T1 *, tensor_layout_any, const T2 *)"
3684835423,5376,213357,,,,,,,,,,0.094,17428.487,Pinned,Device,NVIDIA A100-SXM4-40GB MIG 4g.20gb (0),1,,13,[CUDA memcpy Host-to-Device]
3684851487,3136,213358,,,,,,,,,,1.547,493182.821,Device,,NVIDIA A100-SXM4-40GB MIG 4g.20gb (0),1,,13,[CUDA memset]
3684856959,3776,213363,,,,,,,,,,0.031,8288.120,Pinned,Device,NVIDIA A100-SXM4-40GB MIG 4g.20gb (0),1,,13,[CUDA memcpy Host-to-Device]
3684862847,10112,213364,,,,,,,,,,0.197,19442.958,Pinned,Device,NVIDIA A100-SXM4-40GB MIG 4g.20gb (0),1,,13,[CUDA memcpy Host-to-Device]
3684877919,6272,213365,273,1,1,8,4,1,39,0.002,0.000,,,,,NVIDIA A100-SXM4-40GB MIG 4g.20gb (0),1,,13,"void channel_eq::eqMmseCoefCompLowMimoKernel<float, float, float, (unsigned int)4, (unsigned int)1, (unsigned int)4>(const channel_eq::_puschRxChEqStatDescr *, channel_eq::_puschRxChEqCoefCompDynDescr)"
3684887486,7936,213366,273,1,1,12,11,1,51,0.002,0.000,,,,,NVIDIA A100-SXM4-40GB MIG 4g.20gb (0),1,,13,"void channel_eq::eqMmseSoftDemapKernel<float, __half, __half, float, (unsigned int)4, (unsigned short)16383>(channel_eq::_puschRxChEqStatDescr *, channel_eq::_puschRxChEqSoftDemapDynDescr)"
3684897022,295133,213367,1,1,1,32,32,1,30,0.000,0.000,,,,,NVIDIA A100-SXM4-40GB MIG 4g.20gb (0),1,,13,"void convert_kernel<float2, __half2>(tensor_layout_any, T1 *, tensor_layout_any, const T2 *)"
3685194235,11008,213379,2253,1,1,128,1,1,16,0.000,0.000,,,,,NVIDIA A100-SXM4-40GB MIG 4g.20gb (0),1,,13,cupy_copy__float16_float16
3685208571,3455,213388,282,1,1,128,1,1,16,0.000,0.000,,,,,NVIDIA A100-SXM4-40GB MIG 4g.20gb (0),1,,13,cupy_copy__complex64_complex64
3685213082,2048,213397,26,1,1,128,1,1,16,0.000,0.000,,,,,NVIDIA A100-SXM4-40GB MIG 4g.20gb (0),1,,13,cupy_copy__float32_float32
3685217178,2912,213406,103,1,1,128,1,1,16,0.000,0.000,,,,,NVIDIA A100-SXM4-40GB MIG 4g.20gb (0),1,,13,cupy_copy__complex64_complex64
3685221082,11968,213416,1434,1,1,128,1,1,16,0.000,0.000,,,,,NVIDIA A100-SXM4-40GB MIG 4g.20gb (0),1,,13,cupy_copy__complex64_complex64
3685235034,86975,213421,1,1,1,32,32,1,30,0.000,0.000,,,,,NVIDIA A100-SXM4-40GB MIG 4g.20gb (0),1,,13,"void convert_kernel<__half2, float2>(tensor_layout_any, T1 *, tensor_layout_any, const T2 *)"
3685349081,5472,213424,,,,,,,,,,0.094,17122.757,Pinned,Device,NVIDIA A100-SXM4-40GB MIG 4g.20gb (0),1,,13,[CUDA memcpy Host-to-Device]
3685358777,601368,213425,,,,,,,,,,456.561,758805.113,Device,,NVIDIA A100-SXM4-40GB MIG 4g.20gb (0),1,,13,[CUDA memset]
3685968337,144542,213430,,,,,,,,,,1.235,8543.343,Pinned,Device,NVIDIA A100-SXM4-40GB MIG 4g.20gb (0),1,,13,[CUDA memcpy Host-to-Device]
3686125999,40416,213431,,,,,,,,,,0.197,4864.475,Pinned,Device,NVIDIA A100-SXM4-40GB MIG 4g.20gb (0),1,,13,[CUDA memcpy Host-to-Device]
3686187918,8256,213432,69,4,1,48,1,1,76,0.002,0.000,,,,,NVIDIA A100-SXM4-40GB MIG 4g.20gb (0),1,,13,"void ch_est::windowedChEstPreNoDftSOfdmKernel<float, __half, float, (unsigned int)2, (unsigned int)1, (unsigned short)4>(ch_est::puschRxChEstStatDescr_t *, ch_est::puschRxChEstDynDescr_t *)"
3686205550,7200,213433,137,2,1,24,2,1,44,0.001,0.001,,,,,NVIDIA A100-SXM4-40GB MIG 4g.20gb (0),1,,13,"void ch_est::chEstFilterNoDftSOfdmDispatchKernel<float, __half, float, (unsigned int)2>(ch_est::puschRxChEstStatDescr_t *, ch_est::puschRxChEstDynDescr_t *)"
3686225262,4768,213434,137,2,1,24,2,1,44,0.001,0.001,,,,,NVIDIA A100-SXM4-40GB MIG 4g.20gb (0),1,,13,"void ch_est::chEstFilterNoDftSOfdmDispatchKernel<float, __half, float, (unsigned int)2>(ch_est::puschRxChEstStatDescr_t *, ch_est::puschRxChEstDynDescr_t *)"
3686242350,2752,213445,103,1,1,128,1,1,16,0.000,0.000,,,,,NVIDIA A100-SXM4-40GB MIG 4g.20gb (0),1,,13,cupy_copy__complex64_complex64
3686259438,12639,213455,1434,1,1,128,1,1,16,0.000,0.000,,,,,NVIDIA A100-SXM4-40GB MIG 4g.20gb (0),1,,13,cupy_copy__complex64_complex64
3686279245,2912,213462,103,1,1,128,1,1,16,0.000,0.000,,,,,NVIDIA A100-SXM4-40GB MIG 4g.20gb (0),1,,13,cupy_copy__complex64_complex64
3686300749,94431,213469,1,1,1,32,32,1,30,0.000,0.000,,,,,NVIDIA A100-SXM4-40GB MIG 4g.20gb (0),1,,13,"void convert_kernel<__half2, float2>(tensor_layout_any, T1 *, tensor_layout_any, const T2 *)"
3686427915,19616,213472,,,,,,,,,,0.094,4776.435,Pinned,Device,NVIDIA A100-SXM4-40GB MIG 4g.20gb (0),1,,13,[CUDA memcpy Host-to-Device]
3686470603,47231,213473,,,,,,,,,,35.810,758167.626,Device,,NVIDIA A100-SXM4-40GB MIG 4g.20gb (0),1,,13,[CUDA memset]
3686518922,9472,213475,,,,,,,,,,0.000,8.446,Pinned,Device,NVIDIA A100-SXM4-40GB MIG 4g.20gb (0),1,,13,[CUDA memcpy Host-to-Device]
3686538218,36640,213476,,,,,,,,,,0.197,5365.826,Pinned,Device,NVIDIA A100-SXM4-40GB MIG 4g.20gb (0),1,,13,[CUDA memcpy Host-to-Device]
3686594729,9568,213477,273,1,1,48,1,1,40,0.000,0.001,,,,,NVIDIA A100-SXM4-40GB MIG 4g.20gb (0),1,,13,"void pusch_noise_intf_est::noiseIntfEstNoDftSOfdmKernel<float, __half, float, float, (unsigned int)2, (unsigned int)1, (unsigned char)4, (unsigned char)4>(pusch_noise_intf_est::puschRxNoiseIntfEstDynDescr)"
3686611721,2624,213488,35,1,1,128,1,1,16,0.000,0.000,,,,,NVIDIA A100-SXM4-40GB MIG 4g.20gb (0),1,,13,cupy_copy__complex64_complex64
3686628041,1728,213497,1,1,1,1,1,1,18,0.000,0.000,,,,,NVIDIA A100-SXM4-40GB MIG 4g.20gb (0),1,,13,cupy_copy__float32_float32
3686633929,6080,213503,,,,,,,,,,0.000,0.658,Device,Pageable,NVIDIA A100-SXM4-40GB MIG 4g.20gb (0),1,,7,[CUDA memcpy Device-to-Host]
3686729768,12864,213514,1434,1,1,128,1,1,16,0.000,0.000,,,,,NVIDIA A100-SXM4-40GB MIG 4g.20gb (0),1,,13,cupy_copy__complex64_complex64
3686749159,8448,213521,103,1,1,128,1,1,16,0.000,0.000,,,,,NVIDIA A100-SXM4-40GB MIG 4g.20gb (0),1,,13,cupy_copy__complex64_complex64
3686778055,2592,213528,35,1,1,128,1,1,16,0.000,0.000,,,,,NVIDIA A100-SXM4-40GB MIG 4g.20gb (0),1,,13,cupy_copy__complex64_complex64
3686793287,1952,213535,1,1,1,1,1,1,18,0.000,0.000,,,,,NVIDIA A100-SXM4-40GB MIG 4g.20gb (0),1,,13,cupy_copy__float32_float32
3686940133,87871,213546,1,1,1,32,32,1,30,0.000,0.000,,,,,NVIDIA A100-SXM4-40GB MIG 4g.20gb (0),1,,13,"void convert_kernel<__half2, float2>(tensor_layout_any, T1 *, tensor_layout_any, const T2 *)"
3687055812,5504,213549,,,,,,,,,,0.094,17023.251,Pinned,Device,NVIDIA A100-SXM4-40GB MIG 4g.20gb (0),1,,13,[CUDA memcpy Host-to-Device]
3687070692,3263,213550,,,,,,,,,,1.547,473987.671,Device,,NVIDIA A100-SXM4-40GB MIG 4g.20gb (0),1,,13,[CUDA memset]
3687077667,3264,213555,,,,,,,,,,0.031,9588.218,Pinned,Device,NVIDIA A100-SXM4-40GB MIG 4g.20gb (0),1,,13,[CUDA memcpy Host-to-Device]
3687083139,10080,213556,,,,,,,,,,0.197,19504.693,Pinned,Device,NVIDIA A100-SXM4-40GB MIG 4g.20gb (0),1,,13,[CUDA memcpy Host-to-Device]
3687098147,6208,213557,273,1,1,8,4,1,39,0.002,0.000,,,,,NVIDIA A100-SXM4-40GB MIG 4g.20gb (0),1,,13,"void channel_eq::eqMmseCoefCompLowMimoKernel<float, float, float, (unsigned int)4, (unsigned int)1, (unsigned int)4>(const channel_eq::_puschRxChEqStatDescr *, channel_eq::_puschRxChEqCoefCompDynDescr)"
3687106243,6496,213558,273,1,1,12,11,1,51,0.002,0.000,,,,,NVIDIA A100-SXM4-40GB MIG 4g.20gb (0),1,,13,"void channel_eq::eqMmseSoftDemapKernel<float, __half, __half, float, (unsigned int)4, (unsigned short)16383>(channel_eq::_puschRxChEqStatDescr *, channel_eq::_puschRxChEqSoftDemapDynDescr)"
3687113667,282652,213559,1,1,1,32,32,1,30,0.000,0.000,,,,,NVIDIA A100-SXM4-40GB MIG 4g.20gb (0),1,,13,"void convert_kernel<float2, __half2>(tensor_layout_any, T1 *, tensor_layout_any, const T2 *)"
3687397471,11040,213571,2253,1,1,128,1,1,16,0.000,0.000,,,,,NVIDIA A100-SXM4-40GB MIG 4g.20gb (0),1,,13,cupy_copy__float16_float16
3687412319,3424,213580,282,1,1,128,1,1,16,0.000,0.000,,,,,NVIDIA A100-SXM4-40GB MIG 4g.20gb (0),1,,13,cupy_copy__complex64_complex64
3687420319,2112,213589,26,1,1,128,1,1,16,0.000,0.000,,,,,NVIDIA A100-SXM4-40GB MIG 4g.20gb (0),1,,13,cupy_copy__float32_float32
3687425247,2976,213598,103,1,1,128,1,1,16,0.000,0.000,,,,,NVIDIA A100-SXM4-40GB MIG 4g.20gb (0),1,,13,cupy_copy__complex64_complex64
3687487934,12512,213614,1434,1,1,128,1,1,16,0.000,0.000,,,,,NVIDIA A100-SXM4-40GB MIG 4g.20gb (0),1,,13,cupy_copy__complex64_complex64
3687602013,81631,213619,1,1,1,32,32,1,30,0.000,0.000,,,,,NVIDIA A100-SXM4-40GB MIG 4g.20gb (0),1,,13,"void convert_kernel<__half2, float2>(tensor_layout_any, T1 *, tensor_layout_any, const T2 *)"
3687710652,5728,213622,,,,,,,,,,0.094,16357.541,Pinned,Device,NVIDIA A100-SXM4-40GB MIG 4g.20gb (0),1,,13,[CUDA memcpy Host-to-Device]
3687723899,599033,213623,,,,,,,,,,456.561,762001.043,Device,,NVIDIA A100-SXM4-40GB MIG 4g.20gb (0),1,,13,[CUDA memset]
3688331700,128286,213628,,,,,,,,,,1.235,9626.388,Pinned,Device,NVIDIA A100-SXM4-40GB MIG 4g.20gb (0),1,,13,[CUDA memcpy Host-to-Device]
3688468306,33056,213629,,,,,,,,,,0.197,5947.589,Pinned,Device,NVIDIA A100-SXM4-40GB MIG 4g.20gb (0),1,,13,[CUDA memcpy Host-to-Device]
3688523890,8223,213630,69,4,1,48,1,1,76,0.002,0.000,,,,,NVIDIA A100-SXM4-40GB MIG 4g.20gb (0),1,,13,"void ch_est::windowedChEstPreNoDftSOfdmKernel<float, __half, float, (unsigned int)2, (unsigned int)1, (unsigned short)4>(ch_est::puschRxChEstStatDescr_t *, ch_est::puschRxChEstDynDescr_t *)"
3688540241,7008,213631,137,2,1,24,2,1,44,0.001,0.001,,,,,NVIDIA A100-SXM4-40GB MIG 4g.20gb (0),1,,13,"void ch_est::chEstFilterNoDftSOfdmDispatchKernel<float, __half, float, (unsigned int)2>(ch_est::puschRxChEstStatDescr_t *, ch_est::puschRxChEstDynDescr_t *)"
3688554097,4736,213632,137,2,1,24,2,1,44,0.001,0.001,,,,,NVIDIA A100-SXM4-40GB MIG 4g.20gb (0),1,,13,"void ch_est::chEstFilterNoDftSOfdmDispatchKernel<float, __half, float, (unsigned int)2>(ch_est::puschRxChEstStatDescr_t *, ch_est::puschRxChEstDynDescr_t *)"
3688570161,2560,213643,103,1,1,128,1,1,16,0.000,0.000,,,,,NVIDIA A100-SXM4-40GB MIG 4g.20gb (0),1,,13,cupy_copy__complex64_complex64
3688584049,12512,213653,1434,1,1,128,1,1,16,0.000,0.000,,,,,NVIDIA A100-SXM4-40GB MIG 4g.20gb (0),1,,13,cupy_copy__complex64_complex64
3688619472,2592,213660,103,1,1,128,1,1,16,0.000,0.000,,,,,NVIDIA A100-SXM4-40GB MIG 4g.20gb (0),1,,13,cupy_copy__complex64_complex64
3688634896,87423,213667,1,1,1,32,32,1,30,0.000,0.000,,,,,NVIDIA A100-SXM4-40GB MIG 4g.20gb (0),1,,13,"void convert_kernel<__half2, float2>(tensor_layout_any, T1 *, tensor_layout_any, const T2 *)"
3688758351,23743,213670,,,,,,,,,,0.094,3946.194,Pinned,Device,NVIDIA A100-SXM4-40GB MIG 4g.20gb (0),1,,13,[CUDA memcpy Host-to-Device]
3688799918,47776,213671,,,,,,,,,,35.810,749537.436,Device,,NVIDIA A100-SXM4-40GB MIG 4g.20gb (0),1,,13,[CUDA memset]
3688851725,10144,213673,,,,,,,,,,0.000,7.886,Pinned,Device,NVIDIA A100-SXM4-40GB MIG 4g.20gb (0),1,,13,[CUDA memcpy Host-to-Device]
3688874861,32384,213674,,,,,,,,,,0.197,6071.058,Pinned,Device,NVIDIA A100-SXM4-40GB MIG 4g.20gb (0),1,,13,[CUDA memcpy Host-to-Device]
3688936492,9664,213675,273,1,1,48,1,1,40,0.000,0.001,,,,,NVIDIA A100-SXM4-40GB MIG 4g.20gb (0),1,,13,"void pusch_noise_intf_est::noiseIntfEstNoDftSOfdmKernel<float, __half, float, float, (unsigned int)2, (unsigned int)1, (unsigned char)4, (unsigned char)4>(pusch_noise_intf_est::puschRxNoiseIntfEstDynDescr)"
3688953420,2784,213686,35,1,1,128,1,1,16,0.000,0.000,,,,,NVIDIA A100-SXM4-40GB MIG 4g.20gb (0),1,,13,cupy_copy__complex64_complex64
3688970156,1760,213695,1,1,1,1,1,1,18,0.000,0.000,,,,,NVIDIA A100-SXM4-40GB MIG 4g.20gb (0),1,,13,cupy_copy__float32_float32
3688972396,9152,213701,,,,,,,,,,0.000,0.437,Device,Pageable,NVIDIA A100-SXM4-40GB MIG 4g.20gb (0),1,,7,[CUDA memcpy Device-to-Host]
3689065387,12768,213712,1434,1,1,128,1,1,16,0.000,0.000,,,,,NVIDIA A100-SXM4-40GB MIG 4g.20gb (0),1,,13,cupy_copy__complex64_complex64
3689101994,3328,213719,103,1,1,128,1,1,16,0.000,0.000,,,,,NVIDIA A100-SXM4-40GB MIG 4g.20gb (0),1,,13,cupy_copy__complex64_complex64
3689119914,2176,213726,35,1,1,128,1,1,16,0.000,0.000,,,,,NVIDIA A100-SXM4-40GB MIG 4g.20gb (0),1,,13,cupy_copy__complex64_complex64
3689126442,1824,213733,1,1,1,1,1,1,18,0.000,0.000,,,,,NVIDIA A100-SXM4-40GB MIG 4g.20gb (0),1,,13,cupy_copy__float32_float32
3689266472,89727,213744,1,1,1,32,32,1,30,0.000,0.000,,,,,NVIDIA A100-SXM4-40GB MIG 4g.20gb (0),1,,13,"void convert_kernel<__half2, float2>(tensor_layout_any, T1 *, tensor_layout_any, const T2 *)"
3689384039,13760,213747,,,,,,,,,,0.094,6809.263,Pinned,Device,NVIDIA A100-SXM4-40GB MIG 4g.20gb (0),1,,13,[CUDA memcpy Host-to-Device]
3689409383,3520,213748,,,,,,,,,,1.547,439380.412,Device,,NVIDIA A100-SXM4-40GB MIG 4g.20gb (0),1,,13,[CUDA memset]
3689414759,3039,213753,,,,,,,,,,0.031,10298.105,Pinned,Device,NVIDIA A100-SXM4-40GB MIG 4g.20gb (0),1,,13,[CUDA memcpy Host-to-Device]
3689424838,12576,213754,,,,,,,,,,0.197,15633.482,Pinned,Device,NVIDIA A100-SXM4-40GB MIG 4g.20gb (0),1,,13,[CUDA memcpy Host-to-Device]
3689448902,8288,213755,273,1,1,8,4,1,39,0.002,0.000,,,,,NVIDIA A100-SXM4-40GB MIG 4g.20gb (0),1,,13,"void channel_eq::eqMmseCoefCompLowMimoKernel<float, float, float, (unsigned int)4, (unsigned int)1, (unsigned int)4>(const channel_eq::_puschRxChEqStatDescr *, channel_eq::_puschRxChEqCoefCompDynDescr)"
3689465254,7392,213756,273,1,1,12,11,1,51,0.002,0.000,,,,,NVIDIA A100-SXM4-40GB MIG 4g.20gb (0),1,,13,"void channel_eq::eqMmseSoftDemapKernel<float, __half, __half, float, (unsigned int)4, (unsigned short)16383>(channel_eq::_puschRxChEqStatDescr *, channel_eq::_puschRxChEqSoftDemapDynDescr)"
3689480550,289692,213757,1,1,1,32,32,1,30,0.000,0.000,,,,,NVIDIA A100-SXM4-40GB MIG 4g.20gb (0),1,,13,"void convert_kernel<float2, __half2>(tensor_layout_any, T1 *, tensor_layout_any, const T2 *)"
3689771170,11040,213769,2253,1,1,128,1,1,16,0.000,0.000,,,,,NVIDIA A100-SXM4-40GB MIG 4g.20gb (0),1,,13,cupy_copy__float16_float16
3689783394,2848,213778,282,1,1,128,1,1,16,0.000,0.000,,,,,NVIDIA A100-SXM4-40GB MIG 4g.20gb (0),1,,13,cupy_copy__complex64_complex64
3689790018,1984,213787,26,1,1,128,1,1,16,0.000,0.000,,,,,NVIDIA A100-SXM4-40GB MIG 4g.20gb (0),1,,13,cupy_copy__float32_float32
3689796450,4480,213796,103,1,1,128,1,1,16,0.000,0.000,,,,,NVIDIA A100-SXM4-40GB MIG 4g.20gb (0),1,,13,cupy_copy__complex64_complex64
3689803394,12352,213806,1434,1,1,128,1,1,16,0.000,0.000,,,,,NVIDIA A100-SXM4-40GB MIG 4g.20gb (0),1,,13,cupy_copy__complex64_complex64
3689818914,80415,213811,1,1,1,32,32,1,30,0.000,0.000,,,,,NVIDIA A100-SXM4-40GB MIG 4g.20gb (0),1,,13,"void convert_kernel<__half2, float2>(tensor_layout_any, T1 *, tensor_layout_any, const T2 *)"
3689925952,5344,213814,,,,,,,,,,0.094,17532.864,Pinned,Device,NVIDIA A100-SXM4-40GB MIG 4g.20gb (0),1,,13,[CUDA memcpy Host-to-Device]
3689936672,598969,213815,,,,,,,,,,456.561,762001.043,Device,,NVIDIA A100-SXM4-40GB MIG 4g.20gb (0),1,,13,[CUDA memset]
3690540441,141278,213820,,,,,,,,,,1.235,8740.934,Pinned,Device,NVIDIA A100-SXM4-40GB MIG 4g.20gb (0),1,,13,[CUDA memcpy Host-to-Device]
3690685783,20544,213821,,,,,,,,,,0.197,9570.091,Pinned,Device,NVIDIA A100-SXM4-40GB MIG 4g.20gb (0),1,,13,[CUDA memcpy Host-to-Device]
3690721718,8992,213822,69,4,1,48,1,1,76,0.002,0.000,,,,,NVIDIA A100-SXM4-40GB MIG 4g.20gb (0),1,,13,"void ch_est::windowedChEstPreNoDftSOfdmKernel<float, __half, float, (unsigned int)2, (unsigned int)1, (unsigned short)4>(ch_est::puschRxChEstStatDescr_t *, ch_est::puschRxChEstDynDescr_t *)"
3690737590,6400,213823,137,2,1,24,2,1,44,0.001,0.001,,,,,NVIDIA A100-SXM4-40GB MIG 4g.20gb (0),1,,13,"void ch_est::chEstFilterNoDftSOfdmDispatchKernel<float, __half, float, (unsigned int)2>(ch_est::puschRxChEstStatDescr_t *, ch_est::puschRxChEstDynDescr_t *)"
3690751830,5216,213824,137,2,1,24,2,1,44,0.001,0.001,,,,,NVIDIA A100-SXM4-40GB MIG 4g.20gb (0),1,,13,"void ch_est::chEstFilterNoDftSOfdmDispatchKernel<float, __half, float, (unsigned int)2>(ch_est::puschRxChEstStatDescr_t *, ch_est::puschRxChEstDynDescr_t *)"
3690759574,3232,213835,103,1,1,128,1,1,16,0.000,0.000,,,,,NVIDIA A100-SXM4-40GB MIG 4g.20gb (0),1,,13,cupy_copy__complex64_complex64
3690767702,12960,213845,1434,1,1,128,1,1,16,0.000,0.000,,,,,NVIDIA A100-SXM4-40GB MIG 4g.20gb (0),1,,13,cupy_copy__complex64_complex64
3690783190,2624,213852,103,1,1,128,1,1,16,0.000,0.000,,,,,NVIDIA A100-SXM4-40GB MIG 4g.20gb (0),1,,13,cupy_copy__complex64_complex64
3690792821,82943,213859,1,1,1,32,32,1,30,0.000,0.000,,,,,NVIDIA A100-SXM4-40GB MIG 4g.20gb (0),1,,13,"void convert_kernel<__half2, float2>(tensor_layout_any, T1 *, tensor_layout_any, const T2 *)"
3690907412,13120,213862,,,,,,,,,,0.094,7141.415,Pinned,Device,NVIDIA A100-SXM4-40GB MIG 4g.20gb (0),1,,13,[CUDA memcpy Host-to-Device]
3690931348,46975,213863,,,,,,,,,,35.810,762285.767,Device,,NVIDIA A100-SXM4-40GB MIG 4g.20gb (0),1,,13,[CUDA memset]
3690978803,8032,213865,,,,,,,,,,0.000,9.960,Pinned,Device,NVIDIA A100-SXM4-40GB MIG 4g.20gb (0),1,,13,[CUDA memcpy Host-to-Device]
3690991475,17600,213866,,,,,,,,,,0.197,11170.873,Pinned,Device,NVIDIA A100-SXM4-40GB MIG 4g.20gb (0),1,,13,[CUDA memcpy Host-to-Device]
3691020659,9472,213867,273,1,1,48,1,1,40,0.000,0.001,,,,,NVIDIA A100-SXM4-40GB MIG 4g.20gb (0),1,,13,"void pusch_noise_intf_est::noiseIntfEstNoDftSOfdmKernel<float, __half, float, float, (unsigned int)2, (unsigned int)1, (unsigned char)4, (unsigned char)4>(pusch_noise_intf_est::puschRxNoiseIntfEstDynDescr)"
3691033299,2591,213878,35,1,1,128,1,1,16,0.000,0.000,,,,,NVIDIA A100-SXM4-40GB MIG 4g.20gb (0),1,,13,cupy_copy__complex64_complex64
3691040498,1760,213887,1,1,1,1,1,1,18,0.000,0.000,,,,,NVIDIA A100-SXM4-40GB MIG 4g.20gb (0),1,,13,cupy_copy__float32_float32
3691064690,2016,213893,,,,,,,,,,0.000,1.984,Device,Pageable,NVIDIA A100-SXM4-40GB MIG 4g.20gb (0),1,,7,[CUDA memcpy Device-to-Host]
3691129201,12960,213904,1434,1,1,128,1,1,16,0.000,0.000,,,,,NVIDIA A100-SXM4-40GB MIG 4g.20gb (0),1,,13,cupy_copy__complex64_complex64
3691156145,3392,213911,103,1,1,128,1,1,16,0.000,0.000,,,,,NVIDIA A100-SXM4-40GB MIG 4g.20gb (0),1,,13,cupy_copy__complex64_complex64
3691176945,2176,213918,35,1,1,128,1,1,16,0.000,0.000,,,,,NVIDIA A100-SXM4-40GB MIG 4g.20gb (0),1,,13,cupy_copy__complex64_complex64
3691195601,1759,213925,1,1,1,1,1,1,18,0.000,0.000,,,,,NVIDIA A100-SXM4-40GB MIG 4g.20gb (0),1,,13,cupy_copy__float32_float32
3691334447,82367,213936,1,1,1,32,32,1,30,0.000,0.000,,,,,NVIDIA A100-SXM4-40GB MIG 4g.20gb (0),1,,13,"void convert_kernel<__half2, float2>(tensor_layout_any, T1 *, tensor_layout_any, const T2 *)"
3691443789,5632,213939,,,,,,,,,,0.094,16636.287,Pinned,Device,NVIDIA A100-SXM4-40GB MIG 4g.20gb (0),1,,13,[CUDA memcpy Host-to-Device]
3691458829,3584,213940,,,,,,,,,,1.547,431534.389,Device,,NVIDIA A100-SXM4-40GB MIG 4g.20gb (0),1,,13,[CUDA memset]
3691466029,3648,213945,,,,,,,,,,0.031,8578.922,Pinned,Device,NVIDIA A100-SXM4-40GB MIG 4g.20gb (0),1,,13,[CUDA memcpy Host-to-Device]
3691472109,9984,213946,,,,,,,,,,0.197,19692.257,Pinned,Device,NVIDIA A100-SXM4-40GB MIG 4g.20gb (0),1,,13,[CUDA memcpy Host-to-Device]
3691487181,6208,213947,273,1,1,8,4,1,39,0.002,0.000,,,,,NVIDIA A100-SXM4-40GB MIG 4g.20gb (0),1,,13,"void channel_eq::eqMmseCoefCompLowMimoKernel<float, float, float, (unsigned int)4, (unsigned int)1, (unsigned int)4>(const channel_eq::_puschRxChEqStatDescr *, channel_eq::_puschRxChEqCoefCompDynDescr)"
3691494413,5728,213948,273,1,1,12,11,1,51,0.002,0.000,,,,,NVIDIA A100-SXM4-40GB MIG 4g.20gb (0),1,,13,"void channel_eq::eqMmseSoftDemapKernel<float, __half, __half, float, (unsigned int)4, (unsigned short)16383>(channel_eq::_puschRxChEqStatDescr *, channel_eq::_puschRxChEqSoftDemapDynDescr)"
3691501101,282236,213949,1,1,1,32,32,1,30,0.000,0.000,,,,,NVIDIA A100-SXM4-40GB MIG 4g.20gb (0),1,,13,"void convert_kernel<float2, __half2>(tensor_layout_any, T1 *, tensor_layout_any, const T2 *)"
3691784425,11136,213961,2253,1,1,128,1,1,16,0.000,0.000,,,,,NVIDIA A100-SXM4-40GB MIG 4g.20gb (0),1,,13,cupy_copy__float16_float16
3691801289,3104,213970,282,1,1,128,1,1,16,0.000,0.000,,,,,NVIDIA A100-SXM4-40GB MIG 4g.20gb (0),1,,13,cupy_copy__complex64_complex64
3691806377,2048,213979,26,1,1,128,1,1,16,0.000,0.000,,,,,NVIDIA A100-SXM4-40GB MIG 4g.20gb (0),1,,13,cupy_copy__float32_float32
3691812841,3136,213988,103,1,1,128,1,1,16,0.000,0.000,,,,,NVIDIA A100-SXM4-40GB MIG 4g.20gb (0),1,,13,cupy_copy__complex64_complex64
3691817833,11936,213998,1434,1,1,128,1,1,16,0.000,0.000,,,,,NVIDIA A100-SXM4-40GB MIG 4g.20gb (0),1,,13,cupy_copy__complex64_complex64
3691834409,82559,214003,1,1,1,32,32,1,30,0.000,0.000,,,,,NVIDIA A100-SXM4-40GB MIG 4g.20gb (0),1,,13,"void convert_kernel<__half2, float2>(tensor_layout_any, T1 *, tensor_layout_any, const T2 *)"
3691944967,5728,214006,,,,,,,,,,0.094,16357.541,Pinned,Device,NVIDIA A100-SXM4-40GB MIG 4g.20gb (0),1,,13,[CUDA memcpy Host-to-Device]
3691954919,598137,214007,,,,,,,,,,456.561,762914.166,Device,,NVIDIA A100-SXM4-40GB MIG 4g.20gb (0),1,,13,[CUDA memset]
3692558176,140766,214012,,,,,,,,,,1.235,8771.807,Pinned,Device,NVIDIA A100-SXM4-40GB MIG 4g.20gb (0),1,,13,[CUDA memcpy Host-to-Device]
3692711486,39199,214013,,,,,,,,,,0.197,5015.470,Pinned,Device,NVIDIA A100-SXM4-40GB MIG 4g.20gb (0),1,,13,[CUDA memcpy Host-to-Device]
3692781053,8096,214014,69,4,1,48,1,1,76,0.002,0.000,,,,,NVIDIA A100-SXM4-40GB MIG 4g.20gb (0),1,,13,"void ch_est::windowedChEstPreNoDftSOfdmKernel<float, __half, float, (unsigned int)2, (unsigned int)1, (unsigned short)4>(ch_est::puschRxChEstStatDescr_t *, ch_est::puschRxChEstDynDescr_t *)"
3692800957,6656,214015,137,2,1,24,2,1,44,0.001,0.001,,,,,NVIDIA A100-SXM4-40GB MIG 4g.20gb (0),1,,13,"void ch_est::chEstFilterNoDftSOfdmDispatchKernel<float, __half, float, (unsigned int)2>(ch_est::puschRxChEstStatDescr_t *, ch_est::puschRxChEstDynDescr_t *)"
3692818076,4736,214016,137,2,1,24,2,1,44,0.001,0.001,,,,,NVIDIA A100-SXM4-40GB MIG 4g.20gb (0),1,,13,"void ch_est::chEstFilterNoDftSOfdmDispatchKernel<float, __half, float, (unsigned int)2>(ch_est::puschRxChEstStatDescr_t *, ch_est::puschRxChEstDynDescr_t *)"
3692835260,2720,214027,103,1,1,128,1,1,16,0.000,0.000,,,,,NVIDIA A100-SXM4-40GB MIG 4g.20gb (0),1,,13,cupy_copy__complex64_complex64
3692851196,12384,214037,1434,1,1,128,1,1,16,0.000,0.000,,,,,NVIDIA A100-SXM4-40GB MIG 4g.20gb (0),1,,13,cupy_copy__complex64_complex64
3692870460,2880,214044,103,1,1,128,1,1,16,0.000,0.000,,,,,NVIDIA A100-SXM4-40GB MIG 4g.20gb (0),1,,13,cupy_copy__complex64_complex64
3692889820,85823,214051,1,1,1,32,32,1,30,0.000,0.000,,,,,NVIDIA A100-SXM4-40GB MIG 4g.20gb (0),1,,13,"void convert_kernel<__half2, float2>(tensor_layout_any, T1 *, tensor_layout_any, const T2 *)"
3693010554,13888,214054,,,,,,,,,,0.094,6746.487,Pinned,Device,NVIDIA A100-SXM4-40GB MIG 4g.20gb (0),1,,13,[CUDA memcpy Host-to-Device]
3693034682,46975,214055,,,,,,,,,,35.810,762285.767,Device,,NVIDIA A100-SXM4-40GB MIG 4g.20gb (0),1,,13,[CUDA memset]
3693089145,4000,214057,,,,,,,,,,0.000,20.000,Pinned,Device,NVIDIA A100-SXM4-40GB MIG 4g.20gb (0),1,,13,[CUDA memcpy Host-to-Device]
3693101273,21056,214058,,,,,,,,,,0.197,9337.307,Pinned,Device,NVIDIA A100-SXM4-40GB MIG 4g.20gb (0),1,,13,[CUDA memcpy Host-to-Device]
3693138040,12192,214059,273,1,1,48,1,1,40,0.000,0.001,,,,,NVIDIA A100-SXM4-40GB MIG 4g.20gb (0),1,,13,"void pusch_noise_intf_est::noiseIntfEstNoDftSOfdmKernel<float, __half, float, float, (unsigned int)2, (unsigned int)1, (unsigned char)4, (unsigned char)4>(pusch_noise_intf_est::puschRxNoiseIntfEstDynDescr)"
3693159704,2784,214070,35,1,1,128,1,1,16,0.000,0.000,,,,,NVIDIA A100-SXM4-40GB MIG 4g.20gb (0),1,,13,cupy_copy__complex64_complex64
3693169752,1760,214079,1,1,1,1,1,1,18,0.000,0.000,,,,,NVIDIA A100-SXM4-40GB MIG 4g.20gb (0),1,,13,cupy_copy__float32_float32
3693175864,3872,214085,,,,,,,,,,0.000,1.033,Device,Pageable,NVIDIA A100-SXM4-40GB MIG 4g.20gb (0),1,,7,[CUDA memcpy Device-to-Host]
3693258679,12832,214096,1434,1,1,128,1,1,16,0.000,0.000,,,,,NVIDIA A100-SXM4-40GB MIG 4g.20gb (0),1,,13,cupy_copy__complex64_complex64
3693289399,3392,214103,103,1,1,128,1,1,16,0.000,0.000,,,,,NVIDIA A100-SXM4-40GB MIG 4g.20gb (0),1,,13,cupy_copy__complex64_complex64
3693310646,2688,214110,35,1,1,128,1,1,16,0.000,0.000,,,,,NVIDIA A100-SXM4-40GB MIG 4g.20gb (0),1,,13,cupy_copy__complex64_complex64
3693323126,1792,214117,1,1,1,1,1,1,18,0.000,0.000,,,,,NVIDIA A100-SXM4-40GB MIG 4g.20gb (0),1,,13,cupy_copy__float32_float32
3693454549,88670,214128,1,1,1,32,32,1,30,0.000,0.000,,,,,NVIDIA A100-SXM4-40GB MIG 4g.20gb (0),1,,13,"void convert_kernel<__half2, float2>(tensor_layout_any, T1 *, tensor_layout_any, const T2 *)"
3693570771,5728,214131,,,,,,,,,,0.094,16357.541,Pinned,Device,NVIDIA A100-SXM4-40GB MIG 4g.20gb (0),1,,13,[CUDA memcpy Host-to-Device]
3693586515,3168,214132,,,,,,,,,,1.547,488201.145,Device,,NVIDIA A100-SXM4-40GB MIG 4g.20gb (0),1,,13,[CUDA memset]
3693591507,3264,214137,,,,,,,,,,0.031,9588.218,Pinned,Device,NVIDIA A100-SXM4-40GB MIG 4g.20gb (0),1,,13,[CUDA memcpy Host-to-Device]
3693597555,9440,214138,,,,,,,,,,0.197,20827.079,Pinned,Device,NVIDIA A100-SXM4-40GB MIG 4g.20gb (0),1,,13,[CUDA memcpy Host-to-Device]
3693611443,6560,214139,273,1,1,8,4,1,39,0.002,0.000,,,,,NVIDIA A100-SXM4-40GB MIG 4g.20gb (0),1,,13,"void channel_eq::eqMmseCoefCompLowMimoKernel<float, float, float, (unsigned int)4, (unsigned int)1, (unsigned int)4>(const channel_eq::_puschRxChEqStatDescr *, channel_eq::_puschRxChEqCoefCompDynDescr)"
3693621043,6143,214140,273,1,1,12,11,1,51,0.002,0.000,,,,,NVIDIA A100-SXM4-40GB MIG 4g.20gb (0),1,,13,"void channel_eq::eqMmseSoftDemapKernel<float, __half, __half, float, (unsigned int)4, (unsigned short)16383>(channel_eq::_puschRxChEqStatDescr *, channel_eq::_puschRxChEqSoftDemapDynDescr)"
3693628146,283453,214141,1,1,1,32,32,1,30,0.000,0.000,,,,,NVIDIA A100-SXM4-40GB MIG 4g.20gb (0),1,,13,"void convert_kernel<float2, __half2>(tensor_layout_any, T1 *, tensor_layout_any, const T2 *)"
3693913423,11008,214153,2253,1,1,128,1,1,16,0.000,0.000,,,,,NVIDIA A100-SXM4-40GB MIG 4g.20gb (0),1,,13,cupy_copy__float16_float16
3693926671,3200,214162,282,1,1,128,1,1,16,0.000,0.000,,,,,NVIDIA A100-SXM4-40GB MIG 4g.20gb (0),1,,13,cupy_copy__complex64_complex64
3693933007,2272,214171,26,1,1,128,1,1,16,0.000,0.000,,,,,NVIDIA A100-SXM4-40GB MIG 4g.20gb (0),1,,13,cupy_copy__float32_float32
3693936783,4576,214180,103,1,1,128,1,1,16,0.000,0.000,,,,,NVIDIA A100-SXM4-40GB MIG 4g.20gb (0),1,,13,cupy_copy__complex64_complex64
3693944175,11967,214190,1434,1,1,128,1,1,16,0.000,0.000,,,,,NVIDIA A100-SXM4-40GB MIG 4g.20gb (0),1,,13,cupy_copy__complex64_complex64
3693962702,83199,214195,1,1,1,32,32,1,30,0.000,0.000,,,,,NVIDIA A100-SXM4-40GB MIG 4g.20gb (0),1,,13,"void convert_kernel<__half2, float2>(tensor_layout_any, T1 *, tensor_layout_any, const T2 *)"
3694072621,6048,214198,,,,,,,,,,0.094,15491.978,Pinned,Device,NVIDIA A100-SXM4-40GB MIG 4g.20gb (0),1,,13,[CUDA memcpy Host-to-Device]
3694082669,597400,214199,,,,,,,,,,456.561,763827.289,Device,,NVIDIA A100-SXM4-40GB MIG 4g.20gb (0),1,,13,[CUDA memset]
3694683077,161950,214204,,,,,,,,,,1.235,7624.544,Pinned,Device,NVIDIA A100-SXM4-40GB MIG 4g.20gb (0),1,,13,[CUDA memcpy Host-to-Device]
3694854499,34336,214205,,,,,,,,,,0.197,5725.815,Pinned,Device,NVIDIA A100-SXM4-40GB MIG 4g.20gb (0),1,,13,[CUDA memcpy Host-to-Device]
3694906307,8192,214206,69,4,1,48,1,1,76,0.002,0.000,,,,,NVIDIA A100-SXM4-40GB MIG 4g.20gb (0),1,,13,"void ch_est::windowedChEstPreNoDftSOfdmKernel<float, __half, float, (unsigned int)2, (unsigned int)1, (unsigned short)4>(ch_est::puschRxChEstStatDescr_t *, ch_est::puschRxChEstDynDescr_t *)"
3694921250,7008,214207,137,2,1,24,2,1,44,0.001,0.001,,,,,NVIDIA A100-SXM4-40GB MIG 4g.20gb (0),1,,13,"void ch_est::chEstFilterNoDftSOfdmDispatchKernel<float, __half, float, (unsigned int)2>(ch_est::puschRxChEstStatDescr_t *, ch_est::puschRxChEstDynDescr_t *)"
3694936898,4800,214208,137,2,1,24,2,1,44,0.001,0.001,,,,,NVIDIA A100-SXM4-40GB MIG 4g.20gb (0),1,,13,"void ch_est::chEstFilterNoDftSOfdmDispatchKernel<float, __half, float, (unsigned int)2>(ch_est::puschRxChEstStatDescr_t *, ch_est::puschRxChEstDynDescr_t *)"
3694949218,2656,214219,103,1,1,128,1,1,16,0.000,0.000,,,,,NVIDIA A100-SXM4-40GB MIG 4g.20gb (0),1,,13,cupy_copy__complex64_complex64
3694957602,12608,214229,1434,1,1,128,1,1,16,0.000,0.000,,,,,NVIDIA A100-SXM4-40GB MIG 4g.20gb (0),1,,13,cupy_copy__complex64_complex64
3694977954,2880,214236,103,1,1,128,1,1,16,0.000,0.000,,,,,NVIDIA A100-SXM4-40GB MIG 4g.20gb (0),1,,13,cupy_copy__complex64_complex64
3694995490,84382,214243,1,1,1,32,32,1,30,0.000,0.000,,,,,NVIDIA A100-SXM4-40GB MIG 4g.20gb (0),1,,13,"void convert_kernel<__half2, float2>(tensor_layout_any, T1 *, tensor_layout_any, const T2 *)"
3695113536,17280,214246,,,,,,,,,,0.094,5422.188,Pinned,Device,NVIDIA A100-SXM4-40GB MIG 4g.20gb (0),1,,13,[CUDA memcpy Host-to-Device]
3695153664,46303,214247,,,,,,,,,,35.810,773351.032,Device,,NVIDIA A100-SXM4-40GB MIG 4g.20gb (0),1,,13,[CUDA memset]
3695206527,11936,214249,,,,,,,,,,0.000,6.702,Pinned,Device,NVIDIA A100-SXM4-40GB MIG 4g.20gb (0),1,,13,[CUDA memcpy Host-to-Device]
3695229439,18623,214250,,,,,,,,,,0.197,10557.260,Pinned,Device,NVIDIA A100-SXM4-40GB MIG 4g.20gb (0),1,,13,[CUDA memcpy Host-to-Device]
3695262334,10048,214251,273,1,1,48,1,1,40,0.000,0.001,,,,,NVIDIA A100-SXM4-40GB MIG 4g.20gb (0),1,,13,"void pusch_noise_intf_est::noiseIntfEstNoDftSOfdmKernel<float, __half, float, float, (unsigned int)2, (unsigned int)1, (unsigned char)4, (unsigned char)4>(pusch_noise_intf_est::puschRxNoiseIntfEstDynDescr)"
3695280958,2976,214262,35,1,1,128,1,1,16,0.000,0.000,,,,,NVIDIA A100-SXM4-40GB MIG 4g.20gb (0),1,,13,cupy_copy__complex64_complex64
3695289278,2016,214271,1,1,1,1,1,1,18,0.000,0.000,,,,,NVIDIA A100-SXM4-40GB MIG 4g.20gb (0),1,,13,cupy_copy__float32_float32
3695296542,5568,214277,,,,,,,,,,0.000,0.718,Device,Pageable,NVIDIA A100-SXM4-40GB MIG 4g.20gb (0),1,,7,[CUDA memcpy Device-to-Host]
3695373533,12960,214288,1434,1,1,128,1,1,16,0.000,0.000,,,,,NVIDIA A100-SXM4-40GB MIG 4g.20gb (0),1,,13,cupy_copy__complex64_complex64
3695401821,3327,214295,103,1,1,128,1,1,16,0.000,0.000,,,,,NVIDIA A100-SXM4-40GB MIG 4g.20gb (0),1,,13,cupy_copy__complex64_complex64
3695419548,2496,214302,35,1,1,128,1,1,16,0.000,0.000,,,,,NVIDIA A100-SXM4-40GB MIG 4g.20gb (0),1,,13,cupy_copy__complex64_complex64
3695439516,2048,214309,1,1,1,1,1,1,18,0.000,0.000,,,,,NVIDIA A100-SXM4-40GB MIG 4g.20gb (0),1,,13,cupy_copy__float32_float32
3695571802,83327,214320,1,1,1,32,32,1,30,0.000,0.000,,,,,NVIDIA A100-SXM4-40GB MIG 4g.20gb (0),1,,13,"void convert_kernel<__half2, float2>(tensor_layout_any, T1 *, tensor_layout_any, const T2 *)"
3695687129,5952,214323,,,,,,,,,,0.094,15741.865,Pinned,Device,NVIDIA A100-SXM4-40GB MIG 4g.20gb (0),1,,13,[CUDA memcpy Host-to-Device]
3695702329,3392,214324,,,,,,,,,,1.547,455961.768,Device,,NVIDIA A100-SXM4-40GB MIG 4g.20gb (0),1,,13,[CUDA memset]
3695709465,3680,214329,,,,,,,,,,0.031,8504.344,Pinned,Device,NVIDIA A100-SXM4-40GB MIG 4g.20gb (0),1,,13,[CUDA memcpy Host-to-Device]
3695715225,9952,214330,,,,,,,,,,0.197,19755.565,Pinned,Device,NVIDIA A100-SXM4-40GB MIG 4g.20gb (0),1,,13,[CUDA memcpy Host-to-Device]
3695729976,6624,214331,273,1,1,8,4,1,39,0.002,0.000,,,,,NVIDIA A100-SXM4-40GB MIG 4g.20gb (0),1,,13,"void channel_eq::eqMmseCoefCompLowMimoKernel<float, float, float, (unsigned int)4, (unsigned int)1, (unsigned int)4>(const channel_eq::_puschRxChEqStatDescr *, channel_eq::_puschRxChEqCoefCompDynDescr)"
3695737624,6176,214332,273,1,1,12,11,1,51,0.002,0.000,,,,,NVIDIA A100-SXM4-40GB MIG 4g.20gb (0),1,,13,"void channel_eq::eqMmseSoftDemapKernel<float, __half, __half, float, (unsigned int)4, (unsigned short)16383>(channel_eq::_puschRxChEqStatDescr *, channel_eq::_puschRxChEqSoftDemapDynDescr)"
3695744792,282589,214333,1,1,1,32,32,1,30,0.000,0.000,,,,,NVIDIA A100-SXM4-40GB MIG 4g.20gb (0),1,,13,"void convert_kernel<float2, __half2>(tensor_layout_any, T1 *, tensor_layout_any, const T2 *)"
3696028629,11136,214345,2253,1,1,128,1,1,16,0.000,0.000,,,,,NVIDIA A100-SXM4-40GB MIG 4g.20gb (0),1,,13,cupy_copy__float16_float16
3696042037,3488,214354,282,1,1,128,1,1,16,0.000,0.000,,,,,NVIDIA A100-SXM4-40GB MIG 4g.20gb (0),1,,13,cupy_copy__complex64_complex64
3696046773,2048,214363,26,1,1,128,1,1,16,0.000,0.000,,,,,NVIDIA A100-SXM4-40GB MIG 4g.20gb (0),1,,13,cupy_copy__float32_float32
3696052500,2912,214372,103,1,1,128,1,1,16,0.000,0.000,,,,,NVIDIA A100-SXM4-40GB MIG 4g.20gb (0),1,,13,cupy_copy__complex64_complex64
3696057556,12032,214382,1434,1,1,128,1,1,16,0.000,0.000,,,,,NVIDIA A100-SXM4-40GB MIG 4g.20gb (0),1,,13,cupy_copy__complex64_complex64
3696089364,82111,214387,1,1,1,32,32,1,30,0.000,0.000,,,,,NVIDIA A100-SXM4-40GB MIG 4g.20gb (0),1,,13,"void convert_kernel<__half2, float2>(tensor_layout_any, T1 *, tensor_layout_any, const T2 *)"
3696199603,5408,214390,,,,,,,,,,0.094,17325.421,Pinned,Device,NVIDIA A100-SXM4-40GB MIG 4g.20gb (0),1,,13,[CUDA memcpy Host-to-Device]
3696209331,597976,214391,,,,,,,,,,456.561,763370.728,Device,,NVIDIA A100-SXM4-40GB MIG 4g.20gb (0),1,,13,[CUDA memset]
3696815531,156350,214396,,,,,,,,,,1.235,7897.467,Pinned,Device,NVIDIA A100-SXM4-40GB MIG 4g.20gb (0),1,,13,[CUDA memcpy Host-to-Device]
3696984681,40671,214397,,,,,,,,,,0.197,4834.001,Pinned,Device,NVIDIA A100-SXM4-40GB MIG 4g.20gb (0),1,,13,[CUDA memcpy Host-to-Device]
3697058824,7808,214398,69,4,1,48,1,1,76,0.002,0.000,,,,,NVIDIA A100-SXM4-40GB MIG 4g.20gb (0),1,,13,"void ch_est::windowedChEstPreNoDftSOfdmKernel<float, __half, float, (unsigned int)2, (unsigned int)1, (unsigned short)4>(ch_est::puschRxChEstStatDescr_t *, ch_est::puschRxChEstDynDescr_t *)"
3697076520,6912,214399,137,2,1,24,2,1,44,0.001,0.001,,,,,NVIDIA A100-SXM4-40GB MIG 4g.20gb (0),1,,13,"void ch_est::chEstFilterNoDftSOfdmDispatchKernel<float, __half, float, (unsigned int)2>(ch_est::puschRxChEstStatDescr_t *, ch_est::puschRxChEstDynDescr_t *)"
3697093704,4704,214400,137,2,1,24,2,1,44,0.001,0.001,,,,,NVIDIA A100-SXM4-40GB MIG 4g.20gb (0),1,,13,"void ch_est::chEstFilterNoDftSOfdmDispatchKernel<float, __half, float, (unsigned int)2>(ch_est::puschRxChEstStatDescr_t *, ch_est::puschRxChEstDynDescr_t *)"
3697109831,2656,214411,103,1,1,128,1,1,16,0.000,0.000,,,,,NVIDIA A100-SXM4-40GB MIG 4g.20gb (0),1,,13,cupy_copy__complex64_complex64
3697126183,12352,214421,1434,1,1,128,1,1,16,0.000,0.000,,,,,NVIDIA A100-SXM4-40GB MIG 4g.20gb (0),1,,13,cupy_copy__complex64_complex64
3697145255,2912,214428,103,1,1,128,1,1,16,0.000,0.000,,,,,NVIDIA A100-SXM4-40GB MIG 4g.20gb (0),1,,13,cupy_copy__complex64_complex64
3697170055,85183,214435,1,1,1,32,32,1,30,0.000,0.000,,,,,NVIDIA A100-SXM4-40GB MIG 4g.20gb (0),1,,13,"void convert_kernel<__half2, float2>(tensor_layout_any, T1 *, tensor_layout_any, const T2 *)"
3697286885,20768,214438,,,,,,,,,,0.094,4511.556,Pinned,Device,NVIDIA A100-SXM4-40GB MIG 4g.20gb (0),1,,13,[CUDA memcpy Host-to-Device]
3697330341,47135,214439,,,,,,,,,,35.810,759707.453,Device,,NVIDIA A100-SXM4-40GB MIG 4g.20gb (0),1,,13,[CUDA memset]
3697386276,5920,214441,,,,,,,,,,0.000,13.513,Pinned,Device,NVIDIA A100-SXM4-40GB MIG 4g.20gb (0),1,,13,[CUDA memcpy Host-to-Device]
3697402276,27423,214442,,,,,,,,,,0.197,7169.311,Pinned,Device,NVIDIA A100-SXM4-40GB MIG 4g.20gb (0),1,,13,[CUDA memcpy Host-to-Device]
3697456003,9408,214443,273,1,1,48,1,1,40,0.000,0.001,,,,,NVIDIA A100-SXM4-40GB MIG 4g.20gb (0),1,,13,"void pusch_noise_intf_est::noiseIntfEstNoDftSOfdmKernel<float, __half, float, float, (unsigned int)2, (unsigned int)1, (unsigned char)4, (unsigned char)4>(pusch_noise_intf_est::puschRxNoiseIntfEstDynDescr)"
3697471587,2592,214454,35,1,1,128,1,1,16,0.000,0.000,,,,,NVIDIA A100-SXM4-40GB MIG 4g.20gb (0),1,,13,cupy_copy__complex64_complex64
3697487171,1696,214463,1,1,1,1,1,1,18,0.000,0.000,,,,,NVIDIA A100-SXM4-40GB MIG 4g.20gb (0),1,,13,cupy_copy__float32_float32
3697491971,6112,214469,,,,,,,,,,0.000,0.654,Device,Pageable,NVIDIA A100-SXM4-40GB MIG 4g.20gb (0),1,,7,[CUDA memcpy Device-to-Host]
3697592673,12608,214480,1434,1,1,128,1,1,16,0.000,0.000,,,,,NVIDIA A100-SXM4-40GB MIG 4g.20gb (0),1,,13,cupy_copy__complex64_complex64
3697612161,3328,214487,103,1,1,128,1,1,16,0.000,0.000,,,,,NVIDIA A100-SXM4-40GB MIG 4g.20gb (0),1,,13,cupy_copy__complex64_complex64
3697630017,2592,214494,35,1,1,128,1,1,16,0.000,0.000,,,,,NVIDIA A100-SXM4-40GB MIG 4g.20gb (0),1,,13,cupy_copy__complex64_complex64
3697652321,1792,214501,1,1,1,1,1,1,18,0.000,0.000,,,,,NVIDIA A100-SXM4-40GB MIG 4g.20gb (0),1,,13,cupy_copy__float32_float32
3697776543,89471,214512,1,1,1,32,32,1,30,0.000,0.000,,,,,NVIDIA A100-SXM4-40GB MIG 4g.20gb (0),1,,13,"void convert_kernel<__half2, float2>(tensor_layout_any, T1 *, tensor_layout_any, const T2 *)"
3697893694,15200,214515,,,,,,,,,,0.094,6164.166,Pinned,Device,NVIDIA A100-SXM4-40GB MIG 4g.20gb (0),1,,13,[CUDA memcpy Host-to-Device]
3697916029,3424,214516,,,,,,,,,,1.547,451700.819,Device,,NVIDIA A100-SXM4-40GB MIG 4g.20gb (0),1,,13,[CUDA memset]
3697924093,7776,214521,,,,,,,,,,0.031,4024.666,Pinned,Device,NVIDIA A100-SXM4-40GB MIG 4g.20gb (0),1,,13,[CUDA memcpy Host-to-Device]
3697935101,13952,214522,,,,,,,,,,0.197,14091.682,Pinned,Device,NVIDIA A100-SXM4-40GB MIG 4g.20gb (0),1,,13,[CUDA memcpy Host-to-Device]
3697956925,8192,214523,273,1,1,8,4,1,39,0.002,0.000,,,,,NVIDIA A100-SXM4-40GB MIG 4g.20gb (0),1,,13,"void channel_eq::eqMmseCoefCompLowMimoKernel<float, float, float, (unsigned int)4, (unsigned int)1, (unsigned int)4>(const channel_eq::_puschRxChEqStatDescr *, channel_eq::_puschRxChEqCoefCompDynDescr)"
3697973341,7680,214524,273,1,1,12,11,1,51,0.002,0.000,,,,,NVIDIA A100-SXM4-40GB MIG 4g.20gb (0),1,,13,"void channel_eq::eqMmseSoftDemapKernel<float, __half, __half, float, (unsigned int)4, (unsigned short)16383>(channel_eq::_puschRxChEqStatDescr *, channel_eq::_puschRxChEqSoftDemapDynDescr)"
3697988061,290108,214525,1,1,1,32,32,1,30,0.000,0.000,,,,,NVIDIA A100-SXM4-40GB MIG 4g.20gb (0),1,,13,"void convert_kernel<float2, __half2>(tensor_layout_any, T1 *, tensor_layout_any, const T2 *)"
3698279289,10944,214537,2253,1,1,128,1,1,16,0.000,0.000,,,,,NVIDIA A100-SXM4-40GB MIG 4g.20gb (0),1,,13,cupy_copy__float16_float16
3698293049,3104,214546,282,1,1,128,1,1,16,0.000,0.000,,,,,NVIDIA A100-SXM4-40GB MIG 4g.20gb (0),1,,13,cupy_copy__complex64_complex64
3698298617,2016,214555,26,1,1,128,1,1,16,0.000,0.000,,,,,NVIDIA A100-SXM4-40GB MIG 4g.20gb (0),1,,13,cupy_copy__float32_float32
3698301785,3136,214564,103,1,1,128,1,1,16,0.000,0.000,,,,,NVIDIA A100-SXM4-40GB MIG 4g.20gb (0),1,,13,cupy_copy__complex64_complex64
3698307705,12063,214574,1434,1,1,128,1,1,16,0.000,0.000,,,,,NVIDIA A100-SXM4-40GB MIG 4g.20gb (0),1,,13,cupy_copy__complex64_complex64
3698323192,86847,214579,1,1,1,32,32,1,30,0.000,0.000,,,,,NVIDIA A100-SXM4-40GB MIG 4g.20gb (0),1,,13,"void convert_kernel<__half2, float2>(tensor_layout_any, T1 *, tensor_layout_any, const T2 *)"
3698437623,5568,214582,,,,,,,,,,0.094,16827.521,Pinned,Device,NVIDIA A100-SXM4-40GB MIG 4g.20gb (0),1,,13,[CUDA memcpy Host-to-Device]
3698448727,599288,214583,,,,,,,,,,456.561,761544.482,Device,,NVIDIA A100-SXM4-40GB MIG 4g.20gb (0),1,,13,[CUDA memset]
3699055919,70943,214588,,,,,,,,,,1.235,17406.536,Pinned,Device,NVIDIA A100-SXM4-40GB MIG 4g.20gb (0),1,,13,[CUDA memcpy Host-to-Device]
3699133710,17088,214589,,,,,,,,,,0.197,11505.500,Pinned,Device,NVIDIA A100-SXM4-40GB MIG 4g.20gb (0),1,,13,[CUDA memcpy Host-to-Device]
3699160782,8032,214590,69,4,1,48,1,1,76,0.002,0.000,,,,,NVIDIA A100-SXM4-40GB MIG 4g.20gb (0),1,,13,"void ch_est::windowedChEstPreNoDftSOfdmKernel<float, __half, float, (unsigned int)2, (unsigned int)1, (unsigned short)4>(ch_est::puschRxChEstStatDescr_t *, ch_est::puschRxChEstDynDescr_t *)"
3699178158,7072,214591,137,2,1,24,2,1,44,0.001,0.001,,,,,NVIDIA A100-SXM4-40GB MIG 4g.20gb (0),1,,13,"void ch_est::chEstFilterNoDftSOfdmDispatchKernel<float, __half, float, (unsigned int)2>(ch_est::puschRxChEstStatDescr_t *, ch_est::puschRxChEstDynDescr_t *)"
3699193742,5120,214592,137,2,1,24,2,1,44,0.001,0.001,,,,,NVIDIA A100-SXM4-40GB MIG 4g.20gb (0),1,,13,"void ch_est::chEstFilterNoDftSOfdmDispatchKernel<float, __half, float, (unsigned int)2>(ch_est::puschRxChEstStatDescr_t *, ch_est::puschRxChEstDynDescr_t *)"
3699202798,2623,214603,103,1,1,128,1,1,16,0.000,0.000,,,,,NVIDIA A100-SXM4-40GB MIG 4g.20gb (0),1,,13,cupy_copy__complex64_complex64
3699211085,12896,214613,1434,1,1,128,1,1,16,0.000,0.000,,,,,NVIDIA A100-SXM4-40GB MIG 4g.20gb (0),1,,13,cupy_copy__complex64_complex64
3699226157,3168,214620,103,1,1,128,1,1,16,0.000,0.000,,,,,NVIDIA A100-SXM4-40GB MIG 4g.20gb (0),1,,13,cupy_copy__complex64_complex64
3699233997,88543,214627,1,1,1,32,32,1,30,0.000,0.000,,,,,NVIDIA A100-SXM4-40GB MIG 4g.20gb (0),1,,13,"void convert_kernel<__half2, float2>(tensor_layout_any, T1 *, tensor_layout_any, const T2 *)"
3699353452,14079,214630,,,,,,,,,,0.094,6654.946,Pinned,Device,NVIDIA A100-SXM4-40GB MIG 4g.20gb (0),1,,13,[CUDA memcpy Host-to-Device]
3699379275,46688,214631,,,,,,,,,,35.810,766976.867,Device,,NVIDIA A100-SXM4-40GB MIG 4g.20gb (0),1,,13,[CUDA memset]
3699426507,8032,214633,,,,,,,,,,0.000,9.960,Pinned,Device,NVIDIA A100-SXM4-40GB MIG 4g.20gb (0),1,,13,[CUDA memcpy Host-to-Device]
3699440459,25535,214634,,,,,,,,,,0.197,7699.366,Pinned,Device,NVIDIA A100-SXM4-40GB MIG 4g.20gb (0),1,,13,[CUDA memcpy Host-to-Device]
3699476906,9248,214635,273,1,1,48,1,1,40,0.000,0.001,,,,,NVIDIA A100-SXM4-40GB MIG 4g.20gb (0),1,,13,"void pusch_noise_intf_est::noiseIntfEstNoDftSOfdmKernel<float, __half, float, float, (unsigned int)2, (unsigned int)1, (unsigned char)4, (unsigned char)4>(pusch_noise_intf_est::puschRxNoiseIntfEstDynDescr)"
3699497642,2848,214646,35,1,1,128,1,1,16,0.000,0.000,,,,,NVIDIA A100-SXM4-40GB MIG 4g.20gb (0),1,,13,cupy_copy__complex64_complex64
3699506954,1888,214655,1,1,1,1,1,1,18,0.000,0.000,,,,,NVIDIA A100-SXM4-40GB MIG 4g.20gb (0),1,,13,cupy_copy__float32_float32
3699514410,2592,214661,,,,,,,,,,0.000,1.543,Device,Pageable,NVIDIA A100-SXM4-40GB MIG 4g.20gb (0),1,,7,[CUDA memcpy Device-to-Host]
3699590697,12704,214672,1434,1,1,128,1,1,16,0.000,0.000,,,,,NVIDIA A100-SXM4-40GB MIG 4g.20gb (0),1,,13,cupy_copy__complex64_complex64
3699620872,3328,214679,103,1,1,128,1,1,16,0.000,0.000,,,,,NVIDIA A100-SXM4-40GB MIG 4g.20gb (0),1,,13,cupy_copy__complex64_complex64
3699635016,2656,214686,35,1,1,128,1,1,16,0.000,0.000,,,,,NVIDIA A100-SXM4-40GB MIG 4g.20gb (0),1,,13,cupy_copy__complex64_complex64
3699653192,1856,214693,1,1,1,1,1,1,18,0.000,0.000,,,,,NVIDIA A100-SXM4-40GB MIG 4g.20gb (0),1,,13,cupy_copy__float32_float32
3699784294,81567,214704,1,1,1,32,32,1,30,0.000,0.000,,,,,NVIDIA A100-SXM4-40GB MIG 4g.20gb (0),1,,13,"void convert_kernel<__half2, float2>(tensor_layout_any, T1 *, tensor_layout_any, const T2 *)"
3699893701,5888,214707,,,,,,,,,,0.094,15912.954,Pinned,Device,NVIDIA A100-SXM4-40GB MIG 4g.20gb (0),1,,13,[CUDA memcpy Host-to-Device]
3699907813,3552,214708,,,,,,,,,,1.547,435422.601,Device,,NVIDIA A100-SXM4-40GB MIG 4g.20gb (0),1,,13,[CUDA memset]
3699914885,3168,214713,,,,,,,,,,0.031,9878.770,Pinned,Device,NVIDIA A100-SXM4-40GB MIG 4g.20gb (0),1,,13,[CUDA memcpy Host-to-Device]
3699920453,9632,214714,,,,,,,,,,0.197,20411.843,Pinned,Device,NVIDIA A100-SXM4-40GB MIG 4g.20gb (0),1,,13,[CUDA memcpy Host-to-Device]
3699933700,8320,214715,273,1,1,8,4,1,39,0.002,0.000,,,,,NVIDIA A100-SXM4-40GB MIG 4g.20gb (0),1,,13,"void channel_eq::eqMmseCoefCompLowMimoKernel<float, float, float, (unsigned int)4, (unsigned int)1, (unsigned int)4>(const channel_eq::_puschRxChEqStatDescr *, channel_eq::_puschRxChEqCoefCompDynDescr)"
3699943396,5888,214716,273,1,1,12,11,1,51,0.002,0.000,,,,,NVIDIA A100-SXM4-40GB MIG 4g.20gb (0),1,,13,"void channel_eq::eqMmseSoftDemapKernel<float, __half, __half, float, (unsigned int)4, (unsigned short)16383>(channel_eq::_puschRxChEqStatDescr *, channel_eq::_puschRxChEqSoftDemapDynDescr)"
3699952644,282269,214717,1,1,1,32,32,1,30,0.000,0.000,,,,,NVIDIA A100-SXM4-40GB MIG 4g.20gb (0),1,,13,"void convert_kernel<float2, __half2>(tensor_layout_any, T1 *, tensor_layout_any, const T2 *)"
3700235937,10976,214729,2253,1,1,128,1,1,16,0.000,0.000,,,,,NVIDIA A100-SXM4-40GB MIG 4g.20gb (0),1,,13,cupy_copy__float16_float16
3700250209,3168,214738,282,1,1,128,1,1,16,0.000,0.000,,,,,NVIDIA A100-SXM4-40GB MIG 4g.20gb (0),1,,13,cupy_copy__complex64_complex64
3700256352,2304,214747,26,1,1,128,1,1,16,0.000,0.000,,,,,NVIDIA A100-SXM4-40GB MIG 4g.20gb (0),1,,13,cupy_copy__float32_float32
3700261472,2912,214756,103,1,1,128,1,1,16,0.000,0.000,,,,,NVIDIA A100-SXM4-40GB MIG 4g.20gb (0),1,,13,cupy_copy__complex64_complex64
3700265472,12160,214766,1434,1,1,128,1,1,16,0.000,0.000,,,,,NVIDIA A100-SXM4-40GB MIG 4g.20gb (0),1,,13,cupy_copy__complex64_complex64
3700290528,86591,214771,1,1,1,32,32,1,30,0.000,0.000,,,,,NVIDIA A100-SXM4-40GB MIG 4g.20gb (0),1,,13,"void convert_kernel<__half2, float2>(tensor_layout_any, T1 *, tensor_layout_any, const T2 *)"
3700404031,5376,214774,,,,,,,,,,0.094,17428.487,Pinned,Device,NVIDIA A100-SXM4-40GB MIG 4g.20gb (0),1,,13,[CUDA memcpy Host-to-Device]
3700415007,598104,214775,,,,,,,,,,456.561,762914.166,Device,,NVIDIA A100-SXM4-40GB MIG 4g.20gb (0),1,,13,[CUDA memset]
3701017559,130590,214780,,,,,,,,,,1.235,9455.966,Pinned,Device,NVIDIA A100-SXM4-40GB MIG 4g.20gb (0),1,,13,[CUDA memcpy Host-to-Device]
3701160533,33664,214781,,,,,,,,,,0.197,5840.241,Pinned,Device,NVIDIA A100-SXM4-40GB MIG 4g.20gb (0),1,,13,[CUDA memcpy Host-to-Device]
3701209205,8224,214782,69,4,1,48,1,1,76,0.002,0.000,,,,,NVIDIA A100-SXM4-40GB MIG 4g.20gb (0),1,,13,"void ch_est::windowedChEstPreNoDftSOfdmKernel<float, __half, float, (unsigned int)2, (unsigned int)1, (unsigned short)4>(ch_est::puschRxChEstStatDescr_t *, ch_est::puschRxChEstDynDescr_t *)"
3701219605,6208,214783,137,2,1,24,2,1,44,0.001,0.001,,,,,NVIDIA A100-SXM4-40GB MIG 4g.20gb (0),1,,13,"void ch_est::chEstFilterNoDftSOfdmDispatchKernel<float, __half, float, (unsigned int)2>(ch_est::puschRxChEstStatDescr_t *, ch_est::puschRxChEstDynDescr_t *)"
3701229108,4896,214784,137,2,1,24,2,1,44,0.001,0.001,,,,,NVIDIA A100-SXM4-40GB MIG 4g.20gb (0),1,,13,"void ch_est::chEstFilterNoDftSOfdmDispatchKernel<float, __half, float, (unsigned int)2>(ch_est::puschRxChEstStatDescr_t *, ch_est::puschRxChEstDynDescr_t *)"
3701238996,2592,214795,103,1,1,128,1,1,16,0.000,0.000,,,,,NVIDIA A100-SXM4-40GB MIG 4g.20gb (0),1,,13,cupy_copy__complex64_complex64
3701246900,12512,214805,1434,1,1,128,1,1,16,0.000,0.000,,,,,NVIDIA A100-SXM4-40GB MIG 4g.20gb (0),1,,13,cupy_copy__complex64_complex64
3701263604,2944,214812,103,1,1,128,1,1,16,0.000,0.000,,,,,NVIDIA A100-SXM4-40GB MIG 4g.20gb (0),1,,13,cupy_copy__complex64_complex64
3701272724,83903,214819,1,1,1,32,32,1,30,0.000,0.000,,,,,NVIDIA A100-SXM4-40GB MIG 4g.20gb (0),1,,13,"void convert_kernel<__half2, float2>(tensor_layout_any, T1 *, tensor_layout_any, const T2 *)"
3701384595,6079,214822,,,,,,,,,,0.094,15412.992,Pinned,Device,NVIDIA A100-SXM4-40GB MIG 4g.20gb (0),1,,13,[CUDA memcpy Host-to-Device]
3701400818,48352,214823,,,,,,,,,,35.810,740584.956,Device,,NVIDIA A100-SXM4-40GB MIG 4g.20gb (0),1,,13,[CUDA memset]
3701452370,5024,214825,,,,,,,,,,0.000,15.924,Pinned,Device,NVIDIA A100-SXM4-40GB MIG 4g.20gb (0),1,,13,[CUDA memcpy Host-to-Device]
3701461106,16287,214826,,,,,,,,,,0.197,12071.338,Pinned,Device,NVIDIA A100-SXM4-40GB MIG 4g.20gb (0),1,,13,[CUDA memcpy Host-to-Device]
3701483793,9056,214827,273,1,1,48,1,1,40,0.000,0.001,,,,,NVIDIA A100-SXM4-40GB MIG 4g.20gb (0),1,,13,"void pusch_noise_intf_est::noiseIntfEstNoDftSOfdmKernel<float, __half, float, float, (unsigned int)2, (unsigned int)1, (unsigned char)4, (unsigned char)4>(pusch_noise_intf_est::puschRxNoiseIntfEstDynDescr)"
3701497425,2976,214838,35,1,1,128,1,1,16,0.000,0.000,,,,,NVIDIA A100-SXM4-40GB MIG 4g.20gb (0),1,,13,cupy_copy__complex64_complex64
3701511281,1824,214847,1,1,1,1,1,1,18,0.000,0.000,,,,,NVIDIA A100-SXM4-40GB MIG 4g.20gb (0),1,,13,cupy_copy__float32_float32
3701539857,2624,214853,,,,,,,,,,0.000,1.524,Device,Pageable,NVIDIA A100-SXM4-40GB MIG 4g.20gb (0),1,,7,[CUDA memcpy Device-to-Host]
3701603056,13184,214864,1434,1,1,128,1,1,16,0.000,0.000,,,,,NVIDIA A100-SXM4-40GB MIG 4g.20gb (0),1,,13,cupy_copy__complex64_complex64
3701631471,2784,214871,103,1,1,128,1,1,16,0.000,0.000,,,,,NVIDIA A100-SXM4-40GB MIG 4g.20gb (0),1,,13,cupy_copy__complex64_complex64
3701653583,2464,214878,35,1,1,128,1,1,16,0.000,0.000,,,,,NVIDIA A100-SXM4-40GB MIG 4g.20gb (0),1,,13,cupy_copy__complex64_complex64
3701669039,1888,214885,1,1,1,1,1,1,18,0.000,0.000,,,,,NVIDIA A100-SXM4-40GB MIG 4g.20gb (0),1,,13,cupy_copy__float32_float32
3701800877,86335,214896,1,1,1,32,32,1,30,0.000,0.000,,,,,NVIDIA A100-SXM4-40GB MIG 4g.20gb (0),1,,13,"void convert_kernel<__half2, float2>(tensor_layout_any, T1 *, tensor_layout_any, const T2 *)"
3701915500,5792,214899,,,,,,,,,,0.094,16176.708,Pinned,Device,NVIDIA A100-SXM4-40GB MIG 4g.20gb (0),1,,13,[CUDA memcpy Host-to-Device]
3701929420,3520,214900,,,,,,,,,,1.547,439380.412,Device,,NVIDIA A100-SXM4-40GB MIG 4g.20gb (0),1,,13,[CUDA memset]
3701936300,3136,214905,,,,,,,,,,0.031,9979.575,Pinned,Device,NVIDIA A100-SXM4-40GB MIG 4g.20gb (0),1,,13,[CUDA memcpy Host-to-Device]
3701942860,9952,214906,,,,,,,,,,0.197,19755.565,Pinned,Device,NVIDIA A100-SXM4-40GB MIG 4g.20gb (0),1,,13,[CUDA memcpy Host-to-Device]
3701957355,6496,214907,273,1,1,8,4,1,39,0.002,0.000,,,,,NVIDIA A100-SXM4-40GB MIG 4g.20gb (0),1,,13,"void channel_eq::eqMmseCoefCompLowMimoKernel<float, float, float, (unsigned int)4, (unsigned int)1, (unsigned int)4>(const channel_eq::_puschRxChEqStatDescr *, channel_eq::_puschRxChEqCoefCompDynDescr)"
3701966507,6208,214908,273,1,1,12,11,1,51,0.002,0.000,,,,,NVIDIA A100-SXM4-40GB MIG 4g.20gb (0),1,,13,"void channel_eq::eqMmseSoftDemapKernel<float, __half, __half, float, (unsigned int)4, (unsigned short)16383>(channel_eq::_puschRxChEqStatDescr *, channel_eq::_puschRxChEqSoftDemapDynDescr)"
3701973707,282749,214909,1,1,1,32,32,1,30,0.000,0.000,,,,,NVIDIA A100-SXM4-40GB MIG 4g.20gb (0),1,,13,"void convert_kernel<float2, __half2>(tensor_layout_any, T1 *, tensor_layout_any, const T2 *)"
3702257448,10848,214921,2253,1,1,128,1,1,16,0.000,0.000,,,,,NVIDIA A100-SXM4-40GB MIG 4g.20gb (0),1,,13,cupy_copy__float16_float16
3702270952,2880,214930,282,1,1,128,1,1,16,0.000,0.000,,,,,NVIDIA A100-SXM4-40GB MIG 4g.20gb (0),1,,13,cupy_copy__complex64_complex64
3702275752,2048,214939,26,1,1,128,1,1,16,0.000,0.000,,,,,NVIDIA A100-SXM4-40GB MIG 4g.20gb (0),1,,13,cupy_copy__float32_float32
3702279751,4800,214948,103,1,1,128,1,1,16,0.000,0.000,,,,,NVIDIA A100-SXM4-40GB MIG 4g.20gb (0),1,,13,cupy_copy__complex64_complex64
3702285639,11840,214958,1434,1,1,128,1,1,16,0.000,0.000,,,,,NVIDIA A100-SXM4-40GB MIG 4g.20gb (0),1,,13,cupy_copy__complex64_complex64
3702307367,81887,214963,1,1,1,32,32,1,30,0.000,0.000,,,,,NVIDIA A100-SXM4-40GB MIG 4g.20gb (0),1,,13,"void convert_kernel<__half2, float2>(tensor_layout_any, T1 *, tensor_layout_any, const T2 *)"
3702416774,6144,214966,,,,,,,,,,0.094,15249.961,Pinned,Device,NVIDIA A100-SXM4-40GB MIG 4g.20gb (0),1,,13,[CUDA memcpy Host-to-Device]
3702428550,598520,214967,,,,,,,,,,456.561,762457.605,Device,,NVIDIA A100-SXM4-40GB MIG 4g.20gb (0),1,,13,[CUDA memset]
3703030014,134815,214972,,,,,,,,,,1.235,9159.580,Pinned,Device,NVIDIA A100-SXM4-40GB MIG 4g.20gb (0),1,,13,[CUDA memcpy Host-to-Device]
3703176700,39680,214973,,,,,,,,,,0.197,4954.718,Pinned,Device,NVIDIA A100-SXM4-40GB MIG 4g.20gb (0),1,,13,[CUDA memcpy Host-to-Device]
3703237500,7840,214974,69,4,1,48,1,1,76,0.002,0.000,,,,,NVIDIA A100-SXM4-40GB MIG 4g.20gb (0),1,,13,"void ch_est::windowedChEstPreNoDftSOfdmKernel<float, __half, float, (unsigned int)2, (unsigned int)1, (unsigned short)4>(ch_est::puschRxChEstStatDescr_t *, ch_est::puschRxChEstDynDescr_t *)"
3703253083,6784,214975,137,2,1,24,2,1,44,0.001,0.001,,,,,NVIDIA A100-SXM4-40GB MIG 4g.20gb (0),1,,13,"void ch_est::chEstFilterNoDftSOfdmDispatchKernel<float, __half, float, (unsigned int)2>(ch_est::puschRxChEstStatDescr_t *, ch_est::puschRxChEstDynDescr_t *)"
3703269083,4928,214976,137,2,1,24,2,1,44,0.001,0.001,,,,,NVIDIA A100-SXM4-40GB MIG 4g.20gb (0),1,,13,"void ch_est::chEstFilterNoDftSOfdmDispatchKernel<float, __half, float, (unsigned int)2>(ch_est::puschRxChEstStatDescr_t *, ch_est::puschRxChEstDynDescr_t *)"
3703282651,2752,214987,103,1,1,128,1,1,16,0.000,0.000,,,,,NVIDIA A100-SXM4-40GB MIG 4g.20gb (0),1,,13,cupy_copy__complex64_complex64
3703295739,12864,214997,1434,1,1,128,1,1,16,0.000,0.000,,,,,NVIDIA A100-SXM4-40GB MIG 4g.20gb (0),1,,13,cupy_copy__complex64_complex64
3703327739,2559,215004,103,1,1,128,1,1,16,0.000,0.000,,,,,NVIDIA A100-SXM4-40GB MIG 4g.20gb (0),1,,13,cupy_copy__complex64_complex64
3703340218,86303,215011,1,1,1,32,32,1,30,0.000,0.000,,,,,NVIDIA A100-SXM4-40GB MIG 4g.20gb (0),1,,13,"void convert_kernel<__half2, float2>(tensor_layout_any, T1 *, tensor_layout_any, const T2 *)"
3703455673,9280,215014,,,,,,,,,,0.094,10096.494,Pinned,Device,NVIDIA A100-SXM4-40GB MIG 4g.20gb (0),1,,13,[CUDA memcpy Host-to-Device]
3703473337,47647,215015,,,,,,,,,,35.810,751542.791,Device,,NVIDIA A100-SXM4-40GB MIG 4g.20gb (0),1,,13,[CUDA memset]
3703525368,2240,215017,,,,,,,,,,0.000,35.714,Pinned,Device,NVIDIA A100-SXM4-40GB MIG 4g.20gb (0),1,,13,[CUDA memcpy Host-to-Device]
3703531544,11904,215018,,,,,,,,,,0.197,16516.055,Pinned,Device,NVIDIA A100-SXM4-40GB MIG 4g.20gb (0),1,,13,[CUDA memcpy Host-to-Device]
3703553592,9568,215019,273,1,1,48,1,1,40,0.000,0.001,,,,,NVIDIA A100-SXM4-40GB MIG 4g.20gb (0),1,,13,"void pusch_noise_intf_est::noiseIntfEstNoDftSOfdmKernel<float, __half, float, float, (unsigned int)2, (unsigned int)1, (unsigned char)4, (unsigned char)4>(pusch_noise_intf_est::puschRxNoiseIntfEstDynDescr)"
3703566840,3008,215030,35,1,1,128,1,1,16,0.000,0.000,,,,,NVIDIA A100-SXM4-40GB MIG 4g.20gb (0),1,,13,cupy_copy__complex64_complex64
3703578967,1888,215039,1,1,1,1,1,1,18,0.000,0.000,,,,,NVIDIA A100-SXM4-40GB MIG 4g.20gb (0),1,,13,cupy_copy__float32_float32
3703611351,1856,215045,,,,,,,,,,0.000,2.155,Device,Pageable,NVIDIA A100-SXM4-40GB MIG 4g.20gb (0),1,,7,[CUDA memcpy Device-to-Host]
3703672630,12832,215056,1434,1,1,128,1,1,16,0.000,0.000,,,,,NVIDIA A100-SXM4-40GB MIG 4g.20gb (0),1,,13,cupy_copy__complex64_complex64
3703698518,2976,215063,103,1,1,128,1,1,16,0.000,0.000,,,,,NVIDIA A100-SXM4-40GB MIG 4g.20gb (0),1,,13,cupy_copy__complex64_complex64
3703719030,2592,215070,35,1,1,128,1,1,16,0.000,0.000,,,,,NVIDIA A100-SXM4-40GB MIG 4g.20gb (0),1,,13,cupy_copy__complex64_complex64
3703739381,1728,215077,1,1,1,1,1,1,18,0.000,0.000,,,,,NVIDIA A100-SXM4-40GB MIG 4g.20gb (0),1,,13,cupy_copy__float32_float32
3703870260,81567,215088,1,1,1,32,32,1,30,0.000,0.000,,,,,NVIDIA A100-SXM4-40GB MIG 4g.20gb (0),1,,13,"void convert_kernel<__half2, float2>(tensor_layout_any, T1 *, tensor_layout_any, const T2 *)"
3703980082,6176,215091,,,,,,,,,,0.094,15170.975,Pinned,Device,NVIDIA A100-SXM4-40GB MIG 4g.20gb (0),1,,13,[CUDA memcpy Host-to-Device]
3703993970,3264,215092,,,,,,,,,,1.547,473842.288,Device,,NVIDIA A100-SXM4-40GB MIG 4g.20gb (0),1,,13,[CUDA memset]
3704001074,3040,215097,,,,,,,,,,0.031,10294.725,Pinned,Device,NVIDIA A100-SXM4-40GB MIG 4g.20gb (0),1,,13,[CUDA memcpy Host-to-Device]
3704007090,9472,215098,,,,,,,,,,0.197,20756.693,Pinned,Device,NVIDIA A100-SXM4-40GB MIG 4g.20gb (0),1,,13,[CUDA memcpy Host-to-Device]
3704022578,6688,215099,273,1,1,8,4,1,39,0.002,0.000,,,,,NVIDIA A100-SXM4-40GB MIG 4g.20gb (0),1,,13,"void channel_eq::eqMmseCoefCompLowMimoKernel<float, float, float, (unsigned int)4, (unsigned int)1, (unsigned int)4>(const channel_eq::_puschRxChEqStatDescr *, channel_eq::_puschRxChEqCoefCompDynDescr)"
3704031698,6080,215100,273,1,1,12,11,1,51,0.002,0.000,,,,,NVIDIA A100-SXM4-40GB MIG 4g.20gb (0),1,,13,"void channel_eq::eqMmseSoftDemapKernel<float, __half, __half, float, (unsigned int)4, (unsigned short)16383>(channel_eq::_puschRxChEqStatDescr *, channel_eq::_puschRxChEqSoftDemapDynDescr)"
3704038802,289404,215101,1,1,1,32,32,1,30,0.000,0.000,,,,,NVIDIA A100-SXM4-40GB MIG 4g.20gb (0),1,,13,"void convert_kernel<float2, __half2>(tensor_layout_any, T1 *, tensor_layout_any, const T2 *)"
3704329326,11136,215113,2253,1,1,128,1,1,16,0.000,0.000,,,,,NVIDIA A100-SXM4-40GB MIG 4g.20gb (0),1,,13,cupy_copy__float16_float16
3704344558,3616,215122,282,1,1,128,1,1,16,0.000,0.000,,,,,NVIDIA A100-SXM4-40GB MIG 4g.20gb (0),1,,13,cupy_copy__complex64_complex64
3704350094,2112,215131,26,1,1,128,1,1,16,0.000,0.000,,,,,NVIDIA A100-SXM4-40GB MIG 4g.20gb (0),1,,13,cupy_copy__float32_float32
3704354030,4640,215140,103,1,1,128,1,1,16,0.000,0.000,,,,,NVIDIA A100-SXM4-40GB MIG 4g.20gb (0),1,,13,cupy_copy__complex64_complex64
3704360686,12064,215150,1434,1,1,128,1,1,16,0.000,0.000,,,,,NVIDIA A100-SXM4-40GB MIG 4g.20gb (0),1,,13,cupy_copy__complex64_complex64
3704373902,81855,215155,1,1,1,32,32,1,30,0.000,0.000,,,,,NVIDIA A100-SXM4-40GB MIG 4g.20gb (0),1,,13,"void convert_kernel<__half2, float2>(tensor_layout_any, T1 *, tensor_layout_any, const T2 *)"
3704482892,5856,215158,,,,,,,,,,0.094,15999.997,Pinned,Device,NVIDIA A100-SXM4-40GB MIG 4g.20gb (0),1,,13,[CUDA memcpy Host-to-Device]
3704493804,596249,215159,,,,,,,,,,456.561,765653.535,Device,,NVIDIA A100-SXM4-40GB MIG 4g.20gb (0),1,,13,[CUDA memset]
3705097445,175133,215164,,,,,,,,,,1.235,7050.295,Pinned,Device,NVIDIA A100-SXM4-40GB MIG 4g.20gb (0),1,,13,[CUDA memcpy Host-to-Device]
3705284738,40512,215165,,,,,,,,,,0.197,4853.072,Pinned,Device,NVIDIA A100-SXM4-40GB MIG 4g.20gb (0),1,,13,[CUDA memcpy Host-to-Device]
3705358977,8544,215166,69,4,1,48,1,1,76,0.002,0.000,,,,,NVIDIA A100-SXM4-40GB MIG 4g.20gb (0),1,,13,"void ch_est::windowedChEstPreNoDftSOfdmKernel<float, __half, float, (unsigned int)2, (unsigned int)1, (unsigned short)4>(ch_est::puschRxChEstStatDescr_t *, ch_est::puschRxChEstDynDescr_t *)"
3705378401,6944,215167,137,2,1,24,2,1,44,0.001,0.001,,,,,NVIDIA A100-SXM4-40GB MIG 4g.20gb (0),1,,13,"void ch_est::chEstFilterNoDftSOfdmDispatchKernel<float, __half, float, (unsigned int)2>(ch_est::puschRxChEstStatDescr_t *, ch_est::puschRxChEstDynDescr_t *)"
3705395425,4736,215168,137,2,1,24,2,1,44,0.001,0.001,,,,,NVIDIA A100-SXM4-40GB MIG 4g.20gb (0),1,,13,"void ch_est::chEstFilterNoDftSOfdmDispatchKernel<float, __half, float, (unsigned int)2>(ch_est::puschRxChEstStatDescr_t *, ch_est::puschRxChEstDynDescr_t *)"
3705415137,2592,215179,103,1,1,128,1,1,16,0.000,0.000,,,,,NVIDIA A100-SXM4-40GB MIG 4g.20gb (0),1,,13,cupy_copy__complex64_complex64
3705431489,12671,215189,1434,1,1,128,1,1,16,0.000,0.000,,,,,NVIDIA A100-SXM4-40GB MIG 4g.20gb (0),1,,13,cupy_copy__complex64_complex64
3705450784,2944,215196,103,1,1,128,1,1,16,0.000,0.000,,,,,NVIDIA A100-SXM4-40GB MIG 4g.20gb (0),1,,13,cupy_copy__complex64_complex64
3705477248,94847,215203,1,1,1,32,32,1,30,0.000,0.000,,,,,NVIDIA A100-SXM4-40GB MIG 4g.20gb (0),1,,13,"void convert_kernel<__half2, float2>(tensor_layout_any, T1 *, tensor_layout_any, const T2 *)"
3705609278,24608,215206,,,,,,,,,,0.094,3807.524,Pinned,Device,NVIDIA A100-SXM4-40GB MIG 4g.20gb (0),1,,13,[CUDA memcpy Host-to-Device]
3705648126,46623,215207,,,,,,,,,,35.810,768051.164,Device,,NVIDIA A100-SXM4-40GB MIG 4g.20gb (0),1,,13,[CUDA memset]
3705701597,5120,215209,,,,,,,,,,0.000,15.625,Pinned,Device,NVIDIA A100-SXM4-40GB MIG 4g.20gb (0),1,,13,[CUDA memcpy Host-to-Device]
3705717021,32224,215210,,,,,,,,,,0.197,6101.139,Pinned,Device,NVIDIA A100-SXM4-40GB MIG 4g.20gb (0),1,,13,[CUDA memcpy Host-to-Device]
3705769308,9792,215211,273,1,1,48,1,1,40,0.000,0.001,,,,,NVIDIA A100-SXM4-40GB MIG 4g.20gb (0),1,,13,"void pusch_noise_intf_est::noiseIntfEstNoDftSOfdmKernel<float, __half, float, float, (unsigned int)2, (unsigned int)1, (unsigned char)4, (unsigned char)4>(pusch_noise_intf_est::puschRxNoiseIntfEstDynDescr)"
3705794428,2752,215222,35,1,1,128,1,1,16,0.000,0.000,,,,,NVIDIA A100-SXM4-40GB MIG 4g.20gb (0),1,,13,cupy_copy__complex64_complex64
3705806172,1696,215231,1,1,1,1,1,1,18,0.000,0.000,,,,,NVIDIA A100-SXM4-40GB MIG 4g.20gb (0),1,,13,cupy_copy__float32_float32
3705814236,4704,215237,,,,,,,,,,0.000,0.850,Device,Pageable,NVIDIA A100-SXM4-40GB MIG 4g.20gb (0),1,,7,[CUDA memcpy Device-to-Host]
3705880891,13152,215248,1434,1,1,128,1,1,16,0.000,0.000,,,,,NVIDIA A100-SXM4-40GB MIG 4g.20gb (0),1,,13,cupy_copy__complex64_complex64
3705908411,3584,215255,103,1,1,128,1,1,16,0.000,0.000,,,,,NVIDIA A100-SXM4-40GB MIG 4g.20gb (0),1,,13,cupy_copy__complex64_complex64
3705928250,2528,215262,35,1,1,128,1,1,16,0.000,0.000,,,,,NVIDIA A100-SXM4-40GB MIG 4g.20gb (0),1,,13,cupy_copy__complex64_complex64
3705946682,1856,215269,1,1,1,1,1,1,18,0.000,0.000,,,,,NVIDIA A100-SXM4-40GB MIG 4g.20gb (0),1,,13,cupy_copy__float32_float32
3706081080,81759,215280,1,1,1,32,32,1,30,0.000,0.000,,,,,NVIDIA A100-SXM4-40GB MIG 4g.20gb (0),1,,13,"void convert_kernel<__half2, float2>(tensor_layout_any, T1 *, tensor_layout_any, const T2 *)"
3706191351,5824,215283,,,,,,,,,,0.094,16087.884,Pinned,Device,NVIDIA A100-SXM4-40GB MIG 4g.20gb (0),1,,13,[CUDA memcpy Host-to-Device]
3706205495,3520,215284,,,,,,,,,,1.547,439380.412,Device,,NVIDIA A100-SXM4-40GB MIG 4g.20gb (0),1,,13,[CUDA memset]
3706213399,3392,215289,,,,,,,,,,0.031,9226.405,Pinned,Device,NVIDIA A100-SXM4-40GB MIG 4g.20gb (0),1,,13,[CUDA memcpy Host-to-Device]
3706219223,9952,215290,,,,,,,,,,0.197,19755.565,Pinned,Device,NVIDIA A100-SXM4-40GB MIG 4g.20gb (0),1,,13,[CUDA memcpy Host-to-Device]
3706234775,6080,215291,273,1,1,8,4,1,39,0.002,0.000,,,,,NVIDIA A100-SXM4-40GB MIG 4g.20gb (0),1,,13,"void channel_eq::eqMmseCoefCompLowMimoKernel<float, float, float, (unsigned int)4, (unsigned int)1, (unsigned int)4>(const channel_eq::_puschRxChEqStatDescr *, channel_eq::_puschRxChEqCoefCompDynDescr)"
3706241942,6272,215292,273,1,1,12,11,1,51,0.002,0.000,,,,,NVIDIA A100-SXM4-40GB MIG 4g.20gb (0),1,,13,"void channel_eq::eqMmseSoftDemapKernel<float, __half, __half, float, (unsigned int)4, (unsigned short)16383>(channel_eq::_puschRxChEqStatDescr *, channel_eq::_puschRxChEqSoftDemapDynDescr)"
3706249270,282429,215293,1,1,1,32,32,1,30,0.000,0.000,,,,,NVIDIA A100-SXM4-40GB MIG 4g.20gb (0),1,,13,"void convert_kernel<float2, __half2>(tensor_layout_any, T1 *, tensor_layout_any, const T2 *)"
3706533651,10976,215305,2253,1,1,128,1,1,16,0.000,0.000,,,,,NVIDIA A100-SXM4-40GB MIG 4g.20gb (0),1,,13,cupy_copy__float16_float16
3706548307,3552,215314,282,1,1,128,1,1,16,0.000,0.000,,,,,NVIDIA A100-SXM4-40GB MIG 4g.20gb (0),1,,13,cupy_copy__complex64_complex64
3706556595,2176,215323,26,1,1,128,1,1,16,0.000,0.000,,,,,NVIDIA A100-SXM4-40GB MIG 4g.20gb (0),1,,13,cupy_copy__float32_float32
3706561651,2912,215332,103,1,1,128,1,1,16,0.000,0.000,,,,,NVIDIA A100-SXM4-40GB MIG 4g.20gb (0),1,,13,cupy_copy__complex64_complex64
3706566386,12224,215342,1434,1,1,128,1,1,16,0.000,0.000,,,,,NVIDIA A100-SXM4-40GB MIG 4g.20gb (0),1,,13,cupy_copy__complex64_complex64
3706584274,82335,215347,1,1,1,32,32,1,30,0.000,0.000,,,,,NVIDIA A100-SXM4-40GB MIG 4g.20gb (0),1,,13,"void convert_kernel<__half2, float2>(tensor_layout_any, T1 *, tensor_layout_any, const T2 *)"
3706693809,6208,215350,,,,,,,,,,0.094,15092.739,Pinned,Device,NVIDIA A100-SXM4-40GB MIG 4g.20gb (0),1,,13,[CUDA memcpy Host-to-Device]
3706704305,596632,215351,,,,,,,,,,456.561,765196.973,Device,,NVIDIA A100-SXM4-40GB MIG 4g.20gb (0),1,,13,[CUDA memset]
3707307913,140895,215356,,,,,,,,,,1.235,8764.398,Pinned,Device,NVIDIA A100-SXM4-40GB MIG 4g.20gb (0),1,,13,[CUDA memcpy Host-to-Device]
3707463527,42592,215357,,,,,,,,,,0.197,4615.963,Pinned,Device,NVIDIA A100-SXM4-40GB MIG 4g.20gb (0),1,,13,[CUDA memcpy Host-to-Device]
3707539942,8096,215358,69,4,1,48,1,1,76,0.002,0.000,,,,,NVIDIA A100-SXM4-40GB MIG 4g.20gb (0),1,,13,"void ch_est::windowedChEstPreNoDftSOfdmKernel<float, __half, float, (unsigned int)2, (unsigned int)1, (unsigned short)4>(ch_est::puschRxChEstStatDescr_t *, ch_est::puschRxChEstDynDescr_t *)"
3707558854,6688,215359,137,2,1,24,2,1,44,0.001,0.001,,,,,NVIDIA A100-SXM4-40GB MIG 4g.20gb (0),1,,13,"void ch_est::chEstFilterNoDftSOfdmDispatchKernel<float, __half, float, (unsigned int)2>(ch_est::puschRxChEstStatDescr_t *, ch_est::puschRxChEstDynDescr_t *)"
3707576198,5056,215360,137,2,1,24,2,1,44,0.001,0.001,,,,,NVIDIA A100-SXM4-40GB MIG 4g.20gb (0),1,,13,"void ch_est::chEstFilterNoDftSOfdmDispatchKernel<float, __half, float, (unsigned int)2>(ch_est::puschRxChEstStatDescr_t *, ch_est::puschRxChEstDynDescr_t *)"
3707593286,2496,215371,103,1,1,128,1,1,16,0.000,0.000,,,,,NVIDIA A100-SXM4-40GB MIG 4g.20gb (0),1,,13,cupy_copy__complex64_complex64
3707611110,12255,215381,1434,1,1,128,1,1,16,0.000,0.000,,,,,NVIDIA A100-SXM4-40GB MIG 4g.20gb (0),1,,13,cupy_copy__complex64_complex64
3707630853,2912,215388,103,1,1,128,1,1,16,0.000,0.000,,,,,NVIDIA A100-SXM4-40GB MIG 4g.20gb (0),1,,13,cupy_copy__complex64_complex64
3707654949,90047,215395,1,1,1,32,32,1,30,0.000,0.000,,,,,NVIDIA A100-SXM4-40GB MIG 4g.20gb (0),1,,13,"void convert_kernel<__half2, float2>(tensor_layout_any, T1 *, tensor_layout_any, const T2 *)"
3707781731,23808,215398,,,,,,,,,,0.094,3935.419,Pinned,Device,NVIDIA A100-SXM4-40GB MIG 4g.20gb (0),1,,13,[CUDA memcpy Host-to-Device]
3707823619,47487,215399,,,,,,,,,,35.810,754085.295,Device,,NVIDIA A100-SXM4-40GB MIG 4g.20gb (0),1,,13,[CUDA memset]
3707879618,8448,215401,,,,,,,,,,0.000,9.470,Pinned,Device,NVIDIA A100-SXM4-40GB MIG 4g.20gb (0),1,,13,[CUDA memcpy Host-to-Device]
3707898178,27840,215402,,,,,,,,,,0.197,7061.963,Pinned,Device,NVIDIA A100-SXM4-40GB MIG 4g.20gb (0),1,,13,[CUDA memcpy Host-to-Device]
3707958049,9568,215403,273,1,1,48,1,1,40,0.000,0.001,,,,,NVIDIA A100-SXM4-40GB MIG 4g.20gb (0),1,,13,"void pusch_noise_intf_est::noiseIntfEstNoDftSOfdmKernel<float, __half, float, float, (unsigned int)2, (unsigned int)1, (unsigned char)4, (unsigned char)4>(pusch_noise_intf_est::puschRxNoiseIntfEstDynDescr)"
3707974913,2784,215414,35,1,1,128,1,1,16,0.000,0.000,,,,,NVIDIA A100-SXM4-40GB MIG 4g.20gb (0),1,,13,cupy_copy__complex64_complex64
3707991425,1760,215423,1,1,1,1,1,1,18,0.000,0.000,,,,,NVIDIA A100-SXM4-40GB MIG 4g.20gb (0),1,,13,cupy_copy__float32_float32
3708000449,7168,215429,,,,,,,,,,0.000,0.558,Device,Pageable,NVIDIA A100-SXM4-40GB MIG 4g.20gb (0),1,,7,[CUDA memcpy Device-to-Host]
3708099552,12895,215440,1434,1,1,128,1,1,16,0.000,0.000,,,,,NVIDIA A100-SXM4-40GB MIG 4g.20gb (0),1,,13,cupy_copy__complex64_complex64
3708125919,2720,215447,103,1,1,128,1,1,16,0.000,0.000,,,,,NVIDIA A100-SXM4-40GB MIG 4g.20gb (0),1,,13,cupy_copy__complex64_complex64
3708143231,2144,215454,35,1,1,128,1,1,16,0.000,0.000,,,,,NVIDIA A100-SXM4-40GB MIG 4g.20gb (0),1,,13,cupy_copy__complex64_complex64
3708146879,1760,215461,1,1,1,1,1,1,18,0.000,0.000,,,,,NVIDIA A100-SXM4-40GB MIG 4g.20gb (0),1,,13,cupy_copy__float32_float32
3708286589,87007,215472,1,1,1,32,32,1,30,0.000,0.000,,,,,NVIDIA A100-SXM4-40GB MIG 4g.20gb (0),1,,13,"void convert_kernel<__half2, float2>(tensor_layout_any, T1 *, tensor_layout_any, const T2 *)"
3708401980,6272,215475,,,,,,,,,,0.094,14938.703,Pinned,Device,NVIDIA A100-SXM4-40GB MIG 4g.20gb (0),1,,13,[CUDA memcpy Host-to-Device]
3708417244,3520,215476,,,,,,,,,,1.547,439380.412,Device,,NVIDIA A100-SXM4-40GB MIG 4g.20gb (0),1,,13,[CUDA memset]
3708424124,3903,215481,,,,,,,,,,0.031,8018.442,Pinned,Device,NVIDIA A100-SXM4-40GB MIG 4g.20gb (0),1,,13,[CUDA memcpy Host-to-Device]
3708430459,10208,215482,,,,,,,,,,0.197,19260.113,Pinned,Device,NVIDIA A100-SXM4-40GB MIG 4g.20gb (0),1,,13,[CUDA memcpy Host-to-Device]
3708445627,6624,215483,273,1,1,8,4,1,39,0.002,0.000,,,,,NVIDIA A100-SXM4-40GB MIG 4g.20gb (0),1,,13,"void channel_eq::eqMmseCoefCompLowMimoKernel<float, float, float, (unsigned int)4, (unsigned int)1, (unsigned int)4>(const channel_eq::_puschRxChEqStatDescr *, channel_eq::_puschRxChEqCoefCompDynDescr)"
3708453755,6208,215484,273,1,1,12,11,1,51,0.002,0.000,,,,,NVIDIA A100-SXM4-40GB MIG 4g.20gb (0),1,,13,"void channel_eq::eqMmseSoftDemapKernel<float, __half, __half, float, (unsigned int)4, (unsigned short)16383>(channel_eq::_puschRxChEqStatDescr *, channel_eq::_puschRxChEqSoftDemapDynDescr)"
3708461819,282301,215485,1,1,1,32,32,1,30,0.000,0.000,,,,,NVIDIA A100-SXM4-40GB MIG 4g.20gb (0),1,,13,"void convert_kernel<float2, __half2>(tensor_layout_any, T1 *, tensor_layout_any, const T2 *)"
3708746872,11007,215497,2253,1,1,128,1,1,16,0.000,0.000,,,,,NVIDIA A100-SXM4-40GB MIG 4g.20gb (0),1,,13,cupy_copy__float16_float16
3708762711,2624,215506,282,1,1,128,1,1,16,0.000,0.000,,,,,NVIDIA A100-SXM4-40GB MIG 4g.20gb (0),1,,13,cupy_copy__complex64_complex64
3708768599,2336,215515,26,1,1,128,1,1,16,0.000,0.000,,,,,NVIDIA A100-SXM4-40GB MIG 4g.20gb (0),1,,13,cupy_copy__float32_float32
3708776055,2976,215524,103,1,1,128,1,1,16,0.000,0.000,,,,,NVIDIA A100-SXM4-40GB MIG 4g.20gb (0),1,,13,cupy_copy__complex64_complex64
3708783191,11904,215534,1434,1,1,128,1,1,16,0.000,0.000,,,,,NVIDIA A100-SXM4-40GB MIG 4g.20gb (0),1,,13,cupy_copy__complex64_complex64
3708797527,87039,215539,1,1,1,32,32,1,30,0.000,0.000,,,,,NVIDIA A100-SXM4-40GB MIG 4g.20gb (0),1,,13,"void convert_kernel<__half2, float2>(tensor_layout_any, T1 *, tensor_layout_any, const T2 *)"
3708911477,5408,215542,,,,,,,,,,0.094,17325.421,Pinned,Device,NVIDIA A100-SXM4-40GB MIG 4g.20gb (0),1,,13,[CUDA memcpy Host-to-Device]
3708921717,599929,215543,,,,,,,,,,456.561,760631.359,Device,,NVIDIA A100-SXM4-40GB MIG 4g.20gb (0),1,,13,[CUDA memset]
3709525166,119742,215548,,,,,,,,,,1.235,10313.017,Pinned,Device,NVIDIA A100-SXM4-40GB MIG 4g.20gb (0),1,,13,[CUDA memcpy Host-to-Device]
3709658604,40000,215549,,,,,,,,,,0.197,4915.200,Pinned,Device,NVIDIA A100-SXM4-40GB MIG 4g.20gb (0),1,,13,[CUDA memcpy Host-to-Device]
3709722507,8512,215550,69,4,1,48,1,1,76,0.002,0.000,,,,,NVIDIA A100-SXM4-40GB MIG 4g.20gb (0),1,,13,"void ch_est::windowedChEstPreNoDftSOfdmKernel<float, __half, float, (unsigned int)2, (unsigned int)1, (unsigned short)4>(ch_est::puschRxChEstStatDescr_t *, ch_est::puschRxChEstDynDescr_t *)"
3709735179,6752,215551,137,2,1,24,2,1,44,0.001,0.001,,,,,NVIDIA A100-SXM4-40GB MIG 4g.20gb (0),1,,13,"void ch_est::chEstFilterNoDftSOfdmDispatchKernel<float, __half, float, (unsigned int)2>(ch_est::puschRxChEstStatDescr_t *, ch_est::puschRxChEstDynDescr_t *)"
3709746443,5280,215552,137,2,1,24,2,1,44,0.001,0.001,,,,,NVIDIA A100-SXM4-40GB MIG 4g.20gb (0),1,,13,"void ch_est::chEstFilterNoDftSOfdmDispatchKernel<float, __half, float, (unsigned int)2>(ch_est::puschRxChEstStatDescr_t *, ch_est::puschRxChEstDynDescr_t *)"
3709756171,2656,215563,103,1,1,128,1,1,16,0.000,0.000,,,,,NVIDIA A100-SXM4-40GB MIG 4g.20gb (0),1,,13,cupy_copy__complex64_complex64
3709766283,12768,215573,1434,1,1,128,1,1,16,0.000,0.000,,,,,NVIDIA A100-SXM4-40GB MIG 4g.20gb (0),1,,13,cupy_copy__complex64_complex64
3709784299,2592,215580,103,1,1,128,1,1,16,0.000,0.000,,,,,NVIDIA A100-SXM4-40GB MIG 4g.20gb (0),1,,13,cupy_copy__complex64_complex64
3709793867,83359,215587,1,1,1,32,32,1,30,0.000,0.000,,,,,NVIDIA A100-SXM4-40GB MIG 4g.20gb (0),1,,13,"void convert_kernel<__half2, float2>(tensor_layout_any, T1 *, tensor_layout_any, const T2 *)"
3709904169,5920,215590,,,,,,,,,,0.094,15826.941,Pinned,Device,NVIDIA A100-SXM4-40GB MIG 4g.20gb (0),1,,13,[CUDA memcpy Host-to-Device]
3709915977,47455,215591,,,,,,,,,,35.810,754586.634,Device,,NVIDIA A100-SXM4-40GB MIG 4g.20gb (0),1,,13,[CUDA memset]
3709968232,3200,215593,,,,,,,,,,0.000,25.000,Pinned,Device,NVIDIA A100-SXM4-40GB MIG 4g.20gb (0),1,,13,[CUDA memcpy Host-to-Device]
3709975592,12416,215594,,,,,,,,,,0.197,15835.005,Pinned,Device,NVIDIA A100-SXM4-40GB MIG 4g.20gb (0),1,,13,[CUDA memcpy Host-to-Device]
3709998184,12352,215595,273,1,1,48,1,1,40,0.000,0.001,,,,,NVIDIA A100-SXM4-40GB MIG 4g.20gb (0),1,,13,"void pusch_noise_intf_est::noiseIntfEstNoDftSOfdmKernel<float, __half, float, float, (unsigned int)2, (unsigned int)1, (unsigned char)4, (unsigned char)4>(pusch_noise_intf_est::puschRxNoiseIntfEstDynDescr)"
3710015944,2816,215606,35,1,1,128,1,1,16,0.000,0.000,,,,,NVIDIA A100-SXM4-40GB MIG 4g.20gb (0),1,,13,cupy_copy__complex64_complex64
3710025448,1920,215615,1,1,1,1,1,1,18,0.000,0.000,,,,,NVIDIA A100-SXM4-40GB MIG 4g.20gb (0),1,,13,cupy_copy__float32_float32
3710055335,1728,215621,,,,,,,,,,0.000,2.315,Device,Pageable,NVIDIA A100-SXM4-40GB MIG 4g.20gb (0),1,,7,[CUDA memcpy Device-to-Host]
3710113895,13119,215632,1434,1,1,128,1,1,16,0.000,0.000,,,,,NVIDIA A100-SXM4-40GB MIG 4g.20gb (0),1,,13,cupy_copy__complex64_complex64
3710142022,2912,215639,103,1,1,128,1,1,16,0.000,0.000,,,,,NVIDIA A100-SXM4-40GB MIG 4g.20gb (0),1,,13,cupy_copy__complex64_complex64
3710162598,2304,215646,35,1,1,128,1,1,16,0.000,0.000,,,,,NVIDIA A100-SXM4-40GB MIG 4g.20gb (0),1,,13,cupy_copy__complex64_complex64
3710180710,1760,215653,1,1,1,1,1,1,18,0.000,0.000,,,,,NVIDIA A100-SXM4-40GB MIG 4g.20gb (0),1,,13,cupy_copy__float32_float32
3710314532,82495,215664,1,1,1,32,32,1,30,0.000,0.000,,,,,NVIDIA A100-SXM4-40GB MIG 4g.20gb (0),1,,13,"void convert_kernel<__half2, float2>(tensor_layout_any, T1 *, tensor_layout_any, const T2 *)"
3710425155,5856,215667,,,,,,,,,,0.094,15999.997,Pinned,Device,NVIDIA A100-SXM4-40GB MIG 4g.20gb (0),1,,13,[CUDA memcpy Host-to-Device]
3710439523,3232,215668,,,,,,,,,,1.547,478533.199,Device,,NVIDIA A100-SXM4-40GB MIG 4g.20gb (0),1,,13,[CUDA memset]
3710446659,3039,215673,,,,,,,,,,0.031,10298.105,Pinned,Device,NVIDIA A100-SXM4-40GB MIG 4g.20gb (0),1,,13,[CUDA memcpy Host-to-Device]
3710452226,9952,215674,,,,,,,,,,0.197,19755.565,Pinned,Device,NVIDIA A100-SXM4-40GB MIG 4g.20gb (0),1,,13,[CUDA memcpy Host-to-Device]
3710469026,6272,215675,273,1,1,8,4,1,39,0.002,0.000,,,,,NVIDIA A100-SXM4-40GB MIG 4g.20gb (0),1,,13,"void channel_eq::eqMmseCoefCompLowMimoKernel<float, float, float, (unsigned int)4, (unsigned int)1, (unsigned int)4>(const channel_eq::_puschRxChEqStatDescr *, channel_eq::_puschRxChEqCoefCompDynDescr)"
3710476418,5760,215676,273,1,1,12,11,1,51,0.002,0.000,,,,,NVIDIA A100-SXM4-40GB MIG 4g.20gb (0),1,,13,"void channel_eq::eqMmseSoftDemapKernel<float, __half, __half, float, (unsigned int)4, (unsigned short)16383>(channel_eq::_puschRxChEqStatDescr *, channel_eq::_puschRxChEqSoftDemapDynDescr)"
3710483106,282301,215677,1,1,1,32,32,1,30,0.000,0.000,,,,,NVIDIA A100-SXM4-40GB MIG 4g.20gb (0),1,,13,"void convert_kernel<float2, __half2>(tensor_layout_any, T1 *, tensor_layout_any, const T2 *)"
3710768479,11007,215689,2253,1,1,128,1,1,16,0.000,0.000,,,,,NVIDIA A100-SXM4-40GB MIG 4g.20gb (0),1,,13,cupy_copy__float16_float16
3710783006,3520,215698,282,1,1,128,1,1,16,0.000,0.000,,,,,NVIDIA A100-SXM4-40GB MIG 4g.20gb (0),1,,13,cupy_copy__complex64_complex64
3710789246,2304,215707,26,1,1,128,1,1,16,0.000,0.000,,,,,NVIDIA A100-SXM4-40GB MIG 4g.20gb (0),1,,13,cupy_copy__float32_float32
3710792510,4192,215716,103,1,1,128,1,1,16,0.000,0.000,,,,,NVIDIA A100-SXM4-40GB MIG 4g.20gb (0),1,,13,cupy_copy__complex64_complex64
3710798174,12288,215726,1434,1,1,128,1,1,16,0.000,0.000,,,,,NVIDIA A100-SXM4-40GB MIG 4g.20gb (0),1,,13,cupy_copy__complex64_complex64
3710816606,81951,215731,1,1,1,32,32,1,30,0.000,0.000,,,,,NVIDIA A100-SXM4-40GB MIG 4g.20gb (0),1,,13,"void convert_kernel<__half2, float2>(tensor_layout_any, T1 *, tensor_layout_any, const T2 *)"
3710926365,5472,215734,,,,,,,,,,0.094,17122.757,Pinned,Device,NVIDIA A100-SXM4-40GB MIG 4g.20gb (0),1,,13,[CUDA memcpy Host-to-Device]
3710936252,599673,215735,,,,,,,,,,456.561,761087.920,Device,,NVIDIA A100-SXM4-40GB MIG 4g.20gb (0),1,,13,[CUDA memset]
3711542101,159262,215740,,,,,,,,,,1.235,7752.978,Pinned,Device,NVIDIA A100-SXM4-40GB MIG 4g.20gb (0),1,,13,[CUDA memcpy Host-to-Device]
3711714131,40383,215741,,,,,,,,,,0.197,4868.407,Pinned,Device,NVIDIA A100-SXM4-40GB MIG 4g.20gb (0),1,,13,[CUDA memcpy Host-to-Device]
3711771794,8480,215742,69,4,1,48,1,1,76,0.002,0.000,,,,,NVIDIA A100-SXM4-40GB MIG 4g.20gb (0),1,,13,"void ch_est::windowedChEstPreNoDftSOfdmKernel<float, __half, float, (unsigned int)2, (unsigned int)1, (unsigned short)4>(ch_est::puschRxChEstStatDescr_t *, ch_est::puschRxChEstDynDescr_t *)"
3711789842,6880,215743,137,2,1,24,2,1,44,0.001,0.001,,,,,NVIDIA A100-SXM4-40GB MIG 4g.20gb (0),1,,13,"void ch_est::chEstFilterNoDftSOfdmDispatchKernel<float, __half, float, (unsigned int)2>(ch_est::puschRxChEstStatDescr_t *, ch_est::puschRxChEstDynDescr_t *)"
3711809330,4768,215744,137,2,1,24,2,1,44,0.001,0.001,,,,,NVIDIA A100-SXM4-40GB MIG 4g.20gb (0),1,,13,"void ch_est::chEstFilterNoDftSOfdmDispatchKernel<float, __half, float, (unsigned int)2>(ch_est::puschRxChEstStatDescr_t *, ch_est::puschRxChEstDynDescr_t *)"
3711825969,2720,215755,103,1,1,128,1,1,16,0.000,0.000,,,,,NVIDIA A100-SXM4-40GB MIG 4g.20gb (0),1,,13,cupy_copy__complex64_complex64
3711842993,12512,215765,1434,1,1,128,1,1,16,0.000,0.000,,,,,NVIDIA A100-SXM4-40GB MIG 4g.20gb (0),1,,13,cupy_copy__complex64_complex64
3711861617,2912,215772,103,1,1,128,1,1,16,0.000,0.000,,,,,NVIDIA A100-SXM4-40GB MIG 4g.20gb (0),1,,13,cupy_copy__complex64_complex64
3711884529,89471,215779,1,1,1,32,32,1,30,0.000,0.000,,,,,NVIDIA A100-SXM4-40GB MIG 4g.20gb (0),1,,13,"void convert_kernel<__half2, float2>(tensor_layout_any, T1 *, tensor_layout_any, const T2 *)"
3712006575,16256,215782,,,,,,,,,,0.094,5763.709,Pinned,Device,NVIDIA A100-SXM4-40GB MIG 4g.20gb (0),1,,13,[CUDA memcpy Host-to-Device]
3712034383,48575,215783,,,,,,,,,,35.810,737183.013,Device,,NVIDIA A100-SXM4-40GB MIG 4g.20gb (0),1,,13,[CUDA memset]
3712087886,8032,215785,,,,,,,,,,0.000,9.960,Pinned,Device,NVIDIA A100-SXM4-40GB MIG 4g.20gb (0),1,,13,[CUDA memcpy Host-to-Device]
3712098382,13984,215786,,,,,,,,,,0.197,14059.438,Pinned,Device,NVIDIA A100-SXM4-40GB MIG 4g.20gb (0),1,,13,[CUDA memcpy Host-to-Device]
3712125742,13088,215787,273,1,1,48,1,1,40,0.000,0.001,,,,,NVIDIA A100-SXM4-40GB MIG 4g.20gb (0),1,,13,"void pusch_noise_intf_est::noiseIntfEstNoDftSOfdmKernel<float, __half, float, float, (unsigned int)2, (unsigned int)1, (unsigned char)4, (unsigned char)4>(pusch_noise_intf_est::puschRxNoiseIntfEstDynDescr)"
3712140302,2720,215798,35,1,1,128,1,1,16,0.000,0.000,,,,,NVIDIA A100-SXM4-40GB MIG 4g.20gb (0),1,,13,cupy_copy__complex64_complex64
3712148813,1888,215807,1,1,1,1,1,1,18,0.000,0.000,,,,,NVIDIA A100-SXM4-40GB MIG 4g.20gb (0),1,,13,cupy_copy__float32_float32
3712154893,6112,215813,,,,,,,,,,0.000,0.654,Device,Pageable,NVIDIA A100-SXM4-40GB MIG 4g.20gb (0),1,,7,[CUDA memcpy Device-to-Host]
3712228364,12928,215824,1434,1,1,128,1,1,16,0.000,0.000,,,,,NVIDIA A100-SXM4-40GB MIG 4g.20gb (0),1,,13,cupy_copy__complex64_complex64
3712253292,2720,215831,103,1,1,128,1,1,16,0.000,0.000,,,,,NVIDIA A100-SXM4-40GB MIG 4g.20gb (0),1,,13,cupy_copy__complex64_complex64
3712274412,2528,215838,35,1,1,128,1,1,16,0.000,0.000,,,,,NVIDIA A100-SXM4-40GB MIG 4g.20gb (0),1,,13,cupy_copy__complex64_complex64
3712292332,1728,215845,1,1,1,1,1,1,18,0.000,0.000,,,,,NVIDIA A100-SXM4-40GB MIG 4g.20gb (0),1,,13,cupy_copy__float32_float32
3712427882,87327,215856,1,1,1,32,32,1,30,0.000,0.000,,,,,NVIDIA A100-SXM4-40GB MIG 4g.20gb (0),1,,13,"void convert_kernel<__half2, float2>(tensor_layout_any, T1 *, tensor_layout_any, const T2 *)"
3712543209,5408,215859,,,,,,,,,,0.094,17325.421,Pinned,Device,NVIDIA A100-SXM4-40GB MIG 4g.20gb (0),1,,13,[CUDA memcpy Host-to-Device]
3712558376,3104,215860,,,,,,,,,,1.547,498266.574,Device,,NVIDIA A100-SXM4-40GB MIG 4g.20gb (0),1,,13,[CUDA memset]
3712566568,3136,215865,,,,,,,,,,0.031,9979.575,Pinned,Device,NVIDIA A100-SXM4-40GB MIG 4g.20gb (0),1,,13,[CUDA memcpy Host-to-Device]
3712572328,9792,215866,,,,,,,,,,0.197,20078.395,Pinned,Device,NVIDIA A100-SXM4-40GB MIG 4g.20gb (0),1,,13,[CUDA memcpy Host-to-Device]
3712587688,6528,215867,273,1,1,8,4,1,39,0.002,0.000,,,,,NVIDIA A100-SXM4-40GB MIG 4g.20gb (0),1,,13,"void channel_eq::eqMmseCoefCompLowMimoKernel<float, float, float, (unsigned int)4, (unsigned int)1, (unsigned int)4>(const channel_eq::_puschRxChEqStatDescr *, channel_eq::_puschRxChEqCoefCompDynDescr)"
3712595304,7872,215868,273,1,1,12,11,1,51,0.002,0.000,,,,,NVIDIA A100-SXM4-40GB MIG 4g.20gb (0),1,,13,"void channel_eq::eqMmseSoftDemapKernel<float, __half, __half, float, (unsigned int)4, (unsigned short)16383>(channel_eq::_puschRxChEqStatDescr *, channel_eq::_puschRxChEqSoftDemapDynDescr)"
3712605480,282268,215869,1,1,1,32,32,1,30,0.000,0.000,,,,,NVIDIA A100-SXM4-40GB MIG 4g.20gb (0),1,,13,"void convert_kernel<float2, __half2>(tensor_layout_any, T1 *, tensor_layout_any, const T2 *)"
3712888708,11072,215881,2253,1,1,128,1,1,16,0.000,0.000,,,,,NVIDIA A100-SXM4-40GB MIG 4g.20gb (0),1,,13,cupy_copy__float16_float16
3712903268,2880,215890,282,1,1,128,1,1,16,0.000,0.000,,,,,NVIDIA A100-SXM4-40GB MIG 4g.20gb (0),1,,13,cupy_copy__complex64_complex64
3712909508,2336,215899,26,1,1,128,1,1,16,0.000,0.000,,,,,NVIDIA A100-SXM4-40GB MIG 4g.20gb (0),1,,13,cupy_copy__float32_float32
3712915044,3168,215908,103,1,1,128,1,1,16,0.000,0.000,,,,,NVIDIA A100-SXM4-40GB MIG 4g.20gb (0),1,,13,cupy_copy__complex64_complex64
3712919204,11904,215918,1434,1,1,128,1,1,16,0.000,0.000,,,,,NVIDIA A100-SXM4-40GB MIG 4g.20gb (0),1,,13,cupy_copy__complex64_complex64
3712934244,82623,215923,1,1,1,32,32,1,30,0.000,0.000,,,,,NVIDIA A100-SXM4-40GB MIG 4g.20gb (0),1,,13,"void convert_kernel<__half2, float2>(tensor_layout_any, T1 *, tensor_layout_any, const T2 *)"
3713043458,5408,215926,,,,,,,,,,0.094,17325.421,Pinned,Device,NVIDIA A100-SXM4-40GB MIG 4g.20gb (0),1,,13,[CUDA memcpy Host-to-Device]
3713055426,598585,215927,,,,,,,,,,456.561,762457.605,Device,,NVIDIA A100-SXM4-40GB MIG 4g.20gb (0),1,,13,[CUDA memset]
3713654555,158462,215932,,,,,,,,,,1.235,7792.497,Pinned,Device,NVIDIA A100-SXM4-40GB MIG 4g.20gb (0),1,,13,[CUDA memcpy Host-to-Device]
3713826329,41695,215933,,,,,,,,,,0.197,4715.250,Pinned,Device,NVIDIA A100-SXM4-40GB MIG 4g.20gb (0),1,,13,[CUDA memcpy Host-to-Device]
3713896184,8480,215934,69,4,1,48,1,1,76,0.002,0.000,,,,,NVIDIA A100-SXM4-40GB MIG 4g.20gb (0),1,,13,"void ch_est::windowedChEstPreNoDftSOfdmKernel<float, __half, float, (unsigned int)2, (unsigned int)1, (unsigned short)4>(ch_est::puschRxChEstStatDescr_t *, ch_est::puschRxChEstDynDescr_t *)"
3713913912,6720,215935,137,2,1,24,2,1,44,0.001,0.001,,,,,NVIDIA A100-SXM4-40GB MIG 4g.20gb (0),1,,13,"void ch_est::chEstFilterNoDftSOfdmDispatchKernel<float, __half, float, (unsigned int)2>(ch_est::puschRxChEstStatDescr_t *, ch_est::puschRxChEstDynDescr_t *)"
3713931383,4736,215936,137,2,1,24,2,1,44,0.001,0.001,,,,,NVIDIA A100-SXM4-40GB MIG 4g.20gb (0),1,,13,"void ch_est::chEstFilterNoDftSOfdmDispatchKernel<float, __half, float, (unsigned int)2>(ch_est::puschRxChEstStatDescr_t *, ch_est::puschRxChEstDynDescr_t *)"
3713949207,2784,215947,103,1,1,128,1,1,16,0.000,0.000,,,,,NVIDIA A100-SXM4-40GB MIG 4g.20gb (0),1,,13,cupy_copy__complex64_complex64
3713966807,12736,215957,1434,1,1,128,1,1,16,0.000,0.000,,,,,NVIDIA A100-SXM4-40GB MIG 4g.20gb (0),1,,13,cupy_copy__complex64_complex64
3713989047,2560,215964,103,1,1,128,1,1,16,0.000,0.000,,,,,NVIDIA A100-SXM4-40GB MIG 4g.20gb (0),1,,13,cupy_copy__complex64_complex64
3714011286,89951,215971,1,1,1,32,32,1,30,0.000,0.000,,,,,NVIDIA A100-SXM4-40GB MIG 4g.20gb (0),1,,13,"void convert_kernel<__half2, float2>(tensor_layout_any, T1 *, tensor_layout_any, const T2 *)"
3714138677,24352,215974,,,,,,,,,,0.094,3847.533,Pinned,Device,NVIDIA A100-SXM4-40GB MIG 4g.20gb (0),1,,13,[CUDA memcpy Host-to-Device]
3714180628,47872,215975,,,,,,,,,,35.810,748033.419,Device,,NVIDIA A100-SXM4-40GB MIG 4g.20gb (0),1,,13,[CUDA memset]
3714234484,17151,215977,,,,,,,,,,0.000,4.664,Pinned,Device,NVIDIA A100-SXM4-40GB MIG 4g.20gb (0),1,,13,[CUDA memcpy Host-to-Device]
3714260819,23488,215978,,,,,,,,,,0.197,8370.389,Pinned,Device,NVIDIA A100-SXM4-40GB MIG 4g.20gb (0),1,,13,[CUDA memcpy Host-to-Device]
3714304787,10080,215979,273,1,1,48,1,1,40,0.000,0.001,,,,,NVIDIA A100-SXM4-40GB MIG 4g.20gb (0),1,,13,"void pusch_noise_intf_est::noiseIntfEstNoDftSOfdmKernel<float, __half, float, float, (unsigned int)2, (unsigned int)1, (unsigned char)4, (unsigned char)4>(pusch_noise_intf_est::puschRxNoiseIntfEstDynDescr)"
3714321203,2784,215990,35,1,1,128,1,1,16,0.000,0.000,,,,,NVIDIA A100-SXM4-40GB MIG 4g.20gb (0),1,,13,cupy_copy__complex64_complex64
3714338066,1728,215999,1,1,1,1,1,1,18,0.000,0.000,,,,,NVIDIA A100-SXM4-40GB MIG 4g.20gb (0),1,,13,cupy_copy__float32_float32
3714343026,7072,216005,,,,,,,,,,0.000,0.566,Device,Pageable,NVIDIA A100-SXM4-40GB MIG 4g.20gb (0),1,,7,[CUDA memcpy Device-to-Host]
3714444049,12800,216016,1434,1,1,128,1,1,16,0.000,0.000,,,,,NVIDIA A100-SXM4-40GB MIG 4g.20gb (0),1,,13,cupy_copy__complex64_complex64
3714464945,3552,216023,103,1,1,128,1,1,16,0.000,0.000,,,,,NVIDIA A100-SXM4-40GB MIG 4g.20gb (0),1,,13,cupy_copy__complex64_complex64
3714491921,2431,216030,35,1,1,128,1,1,16,0.000,0.000,,,,,NVIDIA A100-SXM4-40GB MIG 4g.20gb (0),1,,13,cupy_copy__complex64_complex64
3714503728,1696,216037,1,1,1,1,1,1,18,0.000,0.000,,,,,NVIDIA A100-SXM4-40GB MIG 4g.20gb (0),1,,13,cupy_copy__float32_float32
3714629775,83103,216048,1,1,1,32,32,1,30,0.000,0.000,,,,,NVIDIA A100-SXM4-40GB MIG 4g.20gb (0),1,,13,"void convert_kernel<__half2, float2>(tensor_layout_any, T1 *, tensor_layout_any, const T2 *)"
3714741261,6112,216051,,,,,,,,,,0.094,15329.790,Pinned,Device,NVIDIA A100-SXM4-40GB MIG 4g.20gb (0),1,,13,[CUDA memcpy Host-to-Device]
3714758637,3296,216052,,,,,,,,,,1.547,469242.628,Device,,NVIDIA A100-SXM4-40GB MIG 4g.20gb (0),1,,13,[CUDA memset]
3714765773,3296,216057,,,,,,,,,,0.031,9495.144,Pinned,Device,NVIDIA A100-SXM4-40GB MIG 4g.20gb (0),1,,13,[CUDA memcpy Host-to-Device]
3714772461,9728,216058,,,,,,,,,,0.197,20210.516,Pinned,Device,NVIDIA A100-SXM4-40GB MIG 4g.20gb (0),1,,13,[CUDA memcpy Host-to-Device]
3714787789,5984,216059,273,1,1,8,4,1,39,0.002,0.000,,,,,NVIDIA A100-SXM4-40GB MIG 4g.20gb (0),1,,13,"void channel_eq::eqMmseCoefCompLowMimoKernel<float, float, float, (unsigned int)4, (unsigned int)1, (unsigned int)4>(const channel_eq::_puschRxChEqStatDescr *, channel_eq::_puschRxChEqCoefCompDynDescr)"
3714794893,8096,216060,273,1,1,12,11,1,51,0.002,0.000,,,,,NVIDIA A100-SXM4-40GB MIG 4g.20gb (0),1,,13,"void channel_eq::eqMmseSoftDemapKernel<float, __half, __half, float, (unsigned int)4, (unsigned short)16383>(channel_eq::_puschRxChEqStatDescr *, channel_eq::_puschRxChEqSoftDemapDynDescr)"
3714804749,282268,216061,1,1,1,32,32,1,30,0.000,0.000,,,,,NVIDIA A100-SXM4-40GB MIG 4g.20gb (0),1,,13,"void convert_kernel<float2, __half2>(tensor_layout_any, T1 *, tensor_layout_any, const T2 *)"
3715088105,10912,216073,2253,1,1,128,1,1,16,0.000,0.000,,,,,NVIDIA A100-SXM4-40GB MIG 4g.20gb (0),1,,13,cupy_copy__float16_float16
3715102825,3488,216082,282,1,1,128,1,1,16,0.000,0.000,,,,,NVIDIA A100-SXM4-40GB MIG 4g.20gb (0),1,,13,cupy_copy__complex64_complex64
3715110569,2336,216091,26,1,1,128,1,1,16,0.000,0.000,,,,,NVIDIA A100-SXM4-40GB MIG 4g.20gb (0),1,,13,cupy_copy__float32_float32
3715115689,3232,216100,103,1,1,128,1,1,16,0.000,0.000,,,,,NVIDIA A100-SXM4-40GB MIG 4g.20gb (0),1,,13,cupy_copy__complex64_complex64
3715119913,11840,216110,1434,1,1,128,1,1,16,0.000,0.000,,,,,NVIDIA A100-SXM4-40GB MIG 4g.20gb (0),1,,13,cupy_copy__complex64_complex64
3715143560,82015,216115,1,1,1,32,32,1,30,0.000,0.000,,,,,NVIDIA A100-SXM4-40GB MIG 4g.20gb (0),1,,13,"void convert_kernel<__half2, float2>(tensor_layout_any, T1 *, tensor_layout_any, const T2 *)"
3715252967,5760,216118,,,,,,,,,,0.094,16266.656,Pinned,Device,NVIDIA A100-SXM4-40GB MIG 4g.20gb (0),1,,13,[CUDA memcpy Host-to-Device]
3715263719,599865,216119,,,,,,,,,,456.561,761087.920,Device,,NVIDIA A100-SXM4-40GB MIG 4g.20gb (0),1,,13,[CUDA memset]
3715869183,87967,216124,,,,,,,,,,1.235,14037.608,Pinned,Device,NVIDIA A100-SXM4-40GB MIG 4g.20gb (0),1,,13,[CUDA memcpy Host-to-Device]
3715960158,20160,216125,,,,,,,,,,0.197,9752.347,Pinned,Device,NVIDIA A100-SXM4-40GB MIG 4g.20gb (0),1,,13,[CUDA memcpy Host-to-Device]
3715989054,8480,216126,69,4,1,48,1,1,76,0.002,0.000,,,,,NVIDIA A100-SXM4-40GB MIG 4g.20gb (0),1,,13,"void ch_est::windowedChEstPreNoDftSOfdmKernel<float, __half, float, (unsigned int)2, (unsigned int)1, (unsigned short)4>(ch_est::puschRxChEstStatDescr_t *, ch_est::puschRxChEstDynDescr_t *)"
3715999518,5984,216127,137,2,1,24,2,1,44,0.001,0.001,,,,,NVIDIA A100-SXM4-40GB MIG 4g.20gb (0),1,,13,"void ch_est::chEstFilterNoDftSOfdmDispatchKernel<float, __half, float, (unsigned int)2>(ch_est::puschRxChEstStatDescr_t *, ch_est::puschRxChEstDynDescr_t *)"
3716006878,6240,216128,137,2,1,24,2,1,44,0.001,0.001,,,,,NVIDIA A100-SXM4-40GB MIG 4g.20gb (0),1,,13,"void ch_est::chEstFilterNoDftSOfdmDispatchKernel<float, __half, float, (unsigned int)2>(ch_est::puschRxChEstStatDescr_t *, ch_est::puschRxChEstDynDescr_t *)"
3716014558,3136,216139,103,1,1,128,1,1,16,0.000,0.000,,,,,NVIDIA A100-SXM4-40GB MIG 4g.20gb (0),1,,13,cupy_copy__complex64_complex64
3716022750,12543,216149,1434,1,1,128,1,1,16,0.000,0.000,,,,,NVIDIA A100-SXM4-40GB MIG 4g.20gb (0),1,,13,cupy_copy__complex64_complex64
3716037533,2688,216156,103,1,1,128,1,1,16,0.000,0.000,,,,,NVIDIA A100-SXM4-40GB MIG 4g.20gb (0),1,,13,cupy_copy__complex64_complex64
3716047005,83295,216163,1,1,1,32,32,1,30,0.000,0.000,,,,,NVIDIA A100-SXM4-40GB MIG 4g.20gb (0),1,,13,"void convert_kernel<__half2, float2>(tensor_layout_any, T1 *, tensor_layout_any, const T2 *)"
3716158460,5888,216166,,,,,,,,,,0.094,15912.954,Pinned,Device,NVIDIA A100-SXM4-40GB MIG 4g.20gb (0),1,,13,[CUDA memcpy Host-to-Device]
3716170492,46431,216167,,,,,,,,,,35.810,771238.247,Device,,NVIDIA A100-SXM4-40GB MIG 4g.20gb (0),1,,13,[CUDA memset]
3716222811,3360,216169,,,,,,,,,,0.000,23.810,Pinned,Device,NVIDIA A100-SXM4-40GB MIG 4g.20gb (0),1,,13,[CUDA memcpy Host-to-Device]
3716230811,13984,216170,,,,,,,,,,0.197,14059.438,Pinned,Device,NVIDIA A100-SXM4-40GB MIG 4g.20gb (0),1,,13,[CUDA memcpy Host-to-Device]
3716252411,11488,216171,273,1,1,48,1,1,40,0.000,0.001,,,,,NVIDIA A100-SXM4-40GB MIG 4g.20gb (0),1,,13,"void pusch_noise_intf_est::noiseIntfEstNoDftSOfdmKernel<float, __half, float, float, (unsigned int)2, (unsigned int)1, (unsigned char)4, (unsigned char)4>(pusch_noise_intf_est::puschRxNoiseIntfEstDynDescr)"
3716267067,3232,216182,35,1,1,128,1,1,16,0.000,0.000,,,,,NVIDIA A100-SXM4-40GB MIG 4g.20gb (0),1,,13,cupy_copy__complex64_complex64
3716280570,1888,216191,1,1,1,1,1,1,18,0.000,0.000,,,,,NVIDIA A100-SXM4-40GB MIG 4g.20gb (0),1,,13,cupy_copy__float32_float32
3716310458,1696,216197,,,,,,,,,,0.000,2.358,Device,Pageable,NVIDIA A100-SXM4-40GB MIG 4g.20gb (0),1,,7,[CUDA memcpy Device-to-Host]
3716369401,13088,216208,1434,1,1,128,1,1,16,0.000,0.000,,,,,NVIDIA A100-SXM4-40GB MIG 4g.20gb (0),1,,13,cupy_copy__complex64_complex64
3716396121,2944,216215,103,1,1,128,1,1,16,0.000,0.000,,,,,NVIDIA A100-SXM4-40GB MIG 4g.20gb (0),1,,13,cupy_copy__complex64_complex64
3716416409,2176,216222,35,1,1,128,1,1,16,0.000,0.000,,,,,NVIDIA A100-SXM4-40GB MIG 4g.20gb (0),1,,13,cupy_copy__complex64_complex64
3716434520,1792,216229,1,1,1,1,1,1,18,0.000,0.000,,,,,NVIDIA A100-SXM4-40GB MIG 4g.20gb (0),1,,13,cupy_copy__float32_float32
3716566295,83199,216240,1,1,1,32,32,1,30,0.000,0.000,,,,,NVIDIA A100-SXM4-40GB MIG 4g.20gb (0),1,,13,"void convert_kernel<__half2, float2>(tensor_layout_any, T1 *, tensor_layout_any, const T2 *)"
3716677557,6208,216243,,,,,,,,,,0.094,15092.739,Pinned,Device,NVIDIA A100-SXM4-40GB MIG 4g.20gb (0),1,,13,[CUDA memcpy Host-to-Device]
3716691957,3552,216244,,,,,,,,,,1.547,435422.601,Device,,NVIDIA A100-SXM4-40GB MIG 4g.20gb (0),1,,13,[CUDA memset]
3716698581,3136,216249,,,,,,,,,,0.031,9979.575,Pinned,Device,NVIDIA A100-SXM4-40GB MIG 4g.20gb (0),1,,13,[CUDA memcpy Host-to-Device]
3716704341,9376,216250,,,,,,,,,,0.197,20969.226,Pinned,Device,NVIDIA A100-SXM4-40GB MIG 4g.20gb (0),1,,13,[CUDA memcpy Host-to-Device]
3716717781,8512,216251,273,1,1,8,4,1,39,0.002,0.000,,,,,NVIDIA A100-SXM4-40GB MIG 4g.20gb (0),1,,13,"void channel_eq::eqMmseCoefCompLowMimoKernel<float, float, float, (unsigned int)4, (unsigned int)1, (unsigned int)4>(const channel_eq::_puschRxChEqStatDescr *, channel_eq::_puschRxChEqCoefCompDynDescr)"
3716727413,5632,216252,273,1,1,12,11,1,51,0.002,0.000,,,,,NVIDIA A100-SXM4-40GB MIG 4g.20gb (0),1,,13,"void channel_eq::eqMmseSoftDemapKernel<float, __half, __half, float, (unsigned int)4, (unsigned short)16383>(channel_eq::_puschRxChEqStatDescr *, channel_eq::_puschRxChEqSoftDemapDynDescr)"
3716734069,282908,216253,1,1,1,32,32,1,30,0.000,0.000,,,,,NVIDIA A100-SXM4-40GB MIG 4g.20gb (0),1,,13,"void convert_kernel<float2, __half2>(tensor_layout_any, T1 *, tensor_layout_any, const T2 *)"
3717017969,10880,216265,2253,1,1,128,1,1,16,0.000,0.000,,,,,NVIDIA A100-SXM4-40GB MIG 4g.20gb (0),1,,13,cupy_copy__float16_float16
3717034001,2912,216274,282,1,1,128,1,1,16,0.000,0.000,,,,,NVIDIA A100-SXM4-40GB MIG 4g.20gb (0),1,,13,cupy_copy__complex64_complex64
3717039601,2304,216283,26,1,1,128,1,1,16,0.000,0.000,,,,,NVIDIA A100-SXM4-40GB MIG 4g.20gb (0),1,,13,cupy_copy__float32_float32
3717042897,4480,216292,103,1,1,128,1,1,16,0.000,0.000,,,,,NVIDIA A100-SXM4-40GB MIG 4g.20gb (0),1,,13,cupy_copy__complex64_complex64
3717049681,12160,216302,1434,1,1,128,1,1,16,0.000,0.000,,,,,NVIDIA A100-SXM4-40GB MIG 4g.20gb (0),1,,13,cupy_copy__complex64_complex64
3717066161,87071,216307,1,1,1,32,32,1,30,0.000,0.000,,,,,NVIDIA A100-SXM4-40GB MIG 4g.20gb (0),1,,13,"void convert_kernel<__half2, float2>(tensor_layout_any, T1 *, tensor_layout_any, const T2 *)"
3717180623,5824,216310,,,,,,,,,,0.094,16087.884,Pinned,Device,NVIDIA A100-SXM4-40GB MIG 4g.20gb (0),1,,13,[CUDA memcpy Host-to-Device]
3717190383,596409,216311,,,,,,,,,,456.561,765196.973,Device,,NVIDIA A100-SXM4-40GB MIG 4g.20gb (0),1,,13,[CUDA memset]
3717795240,149438,216316,,,,,,,,,,1.235,8263.010,Pinned,Device,NVIDIA A100-SXM4-40GB MIG 4g.20gb (0),1,,13,[CUDA memcpy Host-to-Device]
3717956902,39391,216317,,,,,,,,,,0.197,4991.091,Pinned,Device,NVIDIA A100-SXM4-40GB MIG 4g.20gb (0),1,,13,[CUDA memcpy Host-to-Device]
3718026981,8384,216318,69,4,1,48,1,1,76,0.002,0.000,,,,,NVIDIA A100-SXM4-40GB MIG 4g.20gb (0),1,,13,"void ch_est::windowedChEstPreNoDftSOfdmKernel<float, __half, float, (unsigned int)2, (unsigned int)1, (unsigned short)4>(ch_est::puschRxChEstStatDescr_t *, ch_est::puschRxChEstDynDescr_t *)"
3718046277,6463,216319,137,2,1,24,2,1,44,0.001,0.001,,,,,NVIDIA A100-SXM4-40GB MIG 4g.20gb (0),1,,13,"void ch_est::chEstFilterNoDftSOfdmDispatchKernel<float, __half, float, (unsigned int)2>(ch_est::puschRxChEstStatDescr_t *, ch_est::puschRxChEstDynDescr_t *)"
3718062724,4736,216320,137,2,1,24,2,1,44,0.001,0.001,,,,,NVIDIA A100-SXM4-40GB MIG 4g.20gb (0),1,,13,"void ch_est::chEstFilterNoDftSOfdmDispatchKernel<float, __half, float, (unsigned int)2>(ch_est::puschRxChEstStatDescr_t *, ch_est::puschRxChEstDynDescr_t *)"
3718078788,2592,216331,103,1,1,128,1,1,16,0.000,0.000,,,,,NVIDIA A100-SXM4-40GB MIG 4g.20gb (0),1,,13,cupy_copy__complex64_complex64
3718092260,12800,216341,1434,1,1,128,1,1,16,0.000,0.000,,,,,NVIDIA A100-SXM4-40GB MIG 4g.20gb (0),1,,13,cupy_copy__complex64_complex64
3718111972,3104,216348,103,1,1,128,1,1,16,0.000,0.000,,,,,NVIDIA A100-SXM4-40GB MIG 4g.20gb (0),1,,13,cupy_copy__complex64_complex64
3718125572,83967,216355,1,1,1,32,32,1,30,0.000,0.000,,,,,NVIDIA A100-SXM4-40GB MIG 4g.20gb (0),1,,13,"void convert_kernel<__half2, float2>(tensor_layout_any, T1 *, tensor_layout_any, const T2 *)"
3718238402,13632,216358,,,,,,,,,,0.094,6873.164,Pinned,Device,NVIDIA A100-SXM4-40GB MIG 4g.20gb (0),1,,13,[CUDA memcpy Host-to-Device]
3718264322,47231,216359,,,,,,,,,,35.810,758167.626,Device,,NVIDIA A100-SXM4-40GB MIG 4g.20gb (0),1,,13,[CUDA memset]
3718315713,7520,216361,,,,,,,,,,0.000,10.638,Pinned,Device,NVIDIA A100-SXM4-40GB MIG 4g.20gb (0),1,,13,[CUDA memcpy Host-to-Device]
3718327073,17536,216362,,,,,,,,,,0.197,11211.571,Pinned,Device,NVIDIA A100-SXM4-40GB MIG 4g.20gb (0),1,,13,[CUDA memcpy Host-to-Device]
3718350369,9664,216363,273,1,1,48,1,1,40,0.000,0.001,,,,,NVIDIA A100-SXM4-40GB MIG 4g.20gb (0),1,,13,"void pusch_noise_intf_est::noiseIntfEstNoDftSOfdmKernel<float, __half, float, float, (unsigned int)2, (unsigned int)1, (unsigned char)4, (unsigned char)4>(pusch_noise_intf_est::puschRxNoiseIntfEstDynDescr)"
3718363553,2816,216374,35,1,1,128,1,1,16,0.000,0.000,,,,,NVIDIA A100-SXM4-40GB MIG 4g.20gb (0),1,,13,cupy_copy__complex64_complex64
3718372001,1696,216383,1,1,1,1,1,1,18,0.000,0.000,,,,,NVIDIA A100-SXM4-40GB MIG 4g.20gb (0),1,,13,cupy_copy__float32_float32
3718387680,3008,216389,,,,,,,,,,0.000,1.330,Device,Pageable,NVIDIA A100-SXM4-40GB MIG 4g.20gb (0),1,,7,[CUDA memcpy Device-to-Host]
3718451680,13439,216400,1434,1,1,128,1,1,16,0.000,0.000,,,,,NVIDIA A100-SXM4-40GB MIG 4g.20gb (0),1,,13,cupy_copy__complex64_complex64
3718479199,2752,216407,103,1,1,128,1,1,16,0.000,0.000,,,,,NVIDIA A100-SXM4-40GB MIG 4g.20gb (0),1,,13,cupy_copy__complex64_complex64
3718499743,2432,216414,35,1,1,128,1,1,16,0.000,0.000,,,,,NVIDIA A100-SXM4-40GB MIG 4g.20gb (0),1,,13,cupy_copy__complex64_complex64
3718518271,1824,216421,1,1,1,1,1,1,18,0.000,0.000,,,,,NVIDIA A100-SXM4-40GB MIG 4g.20gb (0),1,,13,cupy_copy__float32_float32
3718652957,86111,216432,1,1,1,32,32,1,30,0.000,0.000,,,,,NVIDIA A100-SXM4-40GB MIG 4g.20gb (0),1,,13,"void convert_kernel<__half2, float2>(tensor_layout_any, T1 *, tensor_layout_any, const T2 *)"
3718767068,5664,216435,,,,,,,,,,0.094,16542.310,Pinned,Device,NVIDIA A100-SXM4-40GB MIG 4g.20gb (0),1,,13,[CUDA memcpy Host-to-Device]
3718782363,3328,216436,,,,,,,,,,1.547,464729.580,Device,,NVIDIA A100-SXM4-40GB MIG 4g.20gb (0),1,,13,[CUDA memset]
3718788251,3008,216441,,,,,,,,,,0.031,10404.230,Pinned,Device,NVIDIA A100-SXM4-40GB MIG 4g.20gb (0),1,,13,[CUDA memcpy Host-to-Device]
3718794011,9472,216442,,,,,,,,,,0.197,20756.693,Pinned,Device,NVIDIA A100-SXM4-40GB MIG 4g.20gb (0),1,,13,[CUDA memcpy Host-to-Device]
3718809179,7392,216443,273,1,1,8,4,1,39,0.002,0.000,,,,,NVIDIA A100-SXM4-40GB MIG 4g.20gb (0),1,,13,"void channel_eq::eqMmseCoefCompLowMimoKernel<float, float, float, (unsigned int)4, (unsigned int)1, (unsigned int)4>(const channel_eq::_puschRxChEqStatDescr *, channel_eq::_puschRxChEqCoefCompDynDescr)"
3718818203,5760,216444,273,1,1,12,11,1,51,0.002,0.000,,,,,NVIDIA A100-SXM4-40GB MIG 4g.20gb (0),1,,13,"void channel_eq::eqMmseSoftDemapKernel<float, __half, __half, float, (unsigned int)4, (unsigned short)16383>(channel_eq::_puschRxChEqStatDescr *, channel_eq::_puschRxChEqSoftDemapDynDescr)"
3718824955,282748,216445,1,1,1,32,32,1,30,0.000,0.000,,,,,NVIDIA A100-SXM4-40GB MIG 4g.20gb (0),1,,13,"void convert_kernel<float2, __half2>(tensor_layout_any, T1 *, tensor_layout_any, const T2 *)"
3719111159,10848,216457,2253,1,1,128,1,1,16,0.000,0.000,,,,,NVIDIA A100-SXM4-40GB MIG 4g.20gb (0),1,,13,cupy_copy__float16_float16
3719124311,3616,216466,282,1,1,128,1,1,16,0.000,0.000,,,,,NVIDIA A100-SXM4-40GB MIG 4g.20gb (0),1,,13,cupy_copy__complex64_complex64
3719130967,2272,216475,26,1,1,128,1,1,16,0.000,0.000,,,,,NVIDIA A100-SXM4-40GB MIG 4g.20gb (0),1,,13,cupy_copy__float32_float32
3719134455,2816,216484,103,1,1,128,1,1,16,0.000,0.000,,,,,NVIDIA A100-SXM4-40GB MIG 4g.20gb (0),1,,13,cupy_copy__complex64_complex64
3719138263,11936,216494,1434,1,1,128,1,1,16,0.000,0.000,,,,,NVIDIA A100-SXM4-40GB MIG 4g.20gb (0),1,,13,cupy_copy__complex64_complex64
3719166231,82719,216499,1,1,1,32,32,1,30,0.000,0.000,,,,,NVIDIA A100-SXM4-40GB MIG 4g.20gb (0),1,,13,"void convert_kernel<__half2, float2>(tensor_layout_any, T1 *, tensor_layout_any, const T2 *)"
3719276373,6016,216502,,,,,,,,,,0.094,15574.430,Pinned,Device,NVIDIA A100-SXM4-40GB MIG 4g.20gb (0),1,,13,[CUDA memcpy Host-to-Device]
3719286581,597113,216503,,,,,,,,,,456.561,764283.851,Device,,NVIDIA A100-SXM4-40GB MIG 4g.20gb (0),1,,13,[CUDA memset]
3719887534,150046,216508,,,,,,,,,,1.235,8229.667,Pinned,Device,NVIDIA A100-SXM4-40GB MIG 4g.20gb (0),1,,13,[CUDA memcpy Host-to-Device]
3720051116,40447,216509,,,,,,,,,,0.197,4860.740,Pinned,Device,NVIDIA A100-SXM4-40GB MIG 4g.20gb (0),1,,13,[CUDA memcpy Host-to-Device]
3720121195,8128,216510,69,4,1,48,1,1,76,0.002,0.000,,,,,NVIDIA A100-SXM4-40GB MIG 4g.20gb (0),1,,13,"void ch_est::windowedChEstPreNoDftSOfdmKernel<float, __half, float, (unsigned int)2, (unsigned int)1, (unsigned short)4>(ch_est::puschRxChEstStatDescr_t *, ch_est::puschRxChEstDynDescr_t *)"
3720139115,6592,216511,137,2,1,24,2,1,44,0.001,0.001,,,,,NVIDIA A100-SXM4-40GB MIG 4g.20gb (0),1,,13,"void ch_est::chEstFilterNoDftSOfdmDispatchKernel<float, __half, float, (unsigned int)2>(ch_est::puschRxChEstStatDescr_t *, ch_est::puschRxChEstDynDescr_t *)"
3720158698,4608,216512,137,2,1,24,2,1,44,0.001,0.001,,,,,NVIDIA A100-SXM4-40GB MIG 4g.20gb (0),1,,13,"void ch_est::chEstFilterNoDftSOfdmDispatchKernel<float, __half, float, (unsigned int)2>(ch_est::puschRxChEstStatDescr_t *, ch_est::puschRxChEstDynDescr_t *)"
3720175434,2688,216523,103,1,1,128,1,1,16,0.000,0.000,,,,,NVIDIA A100-SXM4-40GB MIG 4g.20gb (0),1,,13,cupy_copy__complex64_complex64
3720192778,12672,216533,1434,1,1,128,1,1,16,0.000,0.000,,,,,NVIDIA A100-SXM4-40GB MIG 4g.20gb (0),1,,13,cupy_copy__complex64_complex64
3720211370,2912,216540,103,1,1,128,1,1,16,0.000,0.000,,,,,NVIDIA A100-SXM4-40GB MIG 4g.20gb (0),1,,13,cupy_copy__complex64_complex64
3720236969,97023,216547,1,1,1,32,32,1,30,0.000,0.000,,,,,NVIDIA A100-SXM4-40GB MIG 4g.20gb (0),1,,13,"void convert_kernel<__half2, float2>(tensor_layout_any, T1 *, tensor_layout_any, const T2 *)"
3720370312,19200,216550,,,,,,,,,,0.094,4879.969,Pinned,Device,NVIDIA A100-SXM4-40GB MIG 4g.20gb (0),1,,13,[CUDA memcpy Host-to-Device]
3720411399,47456,216551,,,,,,,,,,35.810,754586.634,Device,,NVIDIA A100-SXM4-40GB MIG 4g.20gb (0),1,,13,[CUDA memset]
3720459783,11328,216553,,,,,,,,,,0.000,7.062,Pinned,Device,NVIDIA A100-SXM4-40GB MIG 4g.20gb (0),1,,13,[CUDA memcpy Host-to-Device]
3720477191,24031,216554,,,,,,,,,,0.197,8181.252,Pinned,Device,NVIDIA A100-SXM4-40GB MIG 4g.20gb (0),1,,13,[CUDA memcpy Host-to-Device]
3720516646,9568,216555,273,1,1,48,1,1,40,0.000,0.001,,,,,NVIDIA A100-SXM4-40GB MIG 4g.20gb (0),1,,13,"void pusch_noise_intf_est::noiseIntfEstNoDftSOfdmKernel<float, __half, float, float, (unsigned int)2, (unsigned int)1, (unsigned char)4, (unsigned char)4>(pusch_noise_intf_est::puschRxNoiseIntfEstDynDescr)"
3720533990,3040,216566,35,1,1,128,1,1,16,0.000,0.000,,,,,NVIDIA A100-SXM4-40GB MIG 4g.20gb (0),1,,13,cupy_copy__complex64_complex64
3720543270,1696,216575,1,1,1,1,1,1,18,0.000,0.000,,,,,NVIDIA A100-SXM4-40GB MIG 4g.20gb (0),1,,13,cupy_copy__float32_float32
3720549094,5920,216581,,,,,,,,,,0.000,0.676,Device,Pageable,NVIDIA A100-SXM4-40GB MIG 4g.20gb (0),1,,7,[CUDA memcpy Device-to-Host]
3720628837,12863,216592,1434,1,1,128,1,1,16,0.000,0.000,,,,,NVIDIA A100-SXM4-40GB MIG 4g.20gb (0),1,,13,cupy_copy__complex64_complex64
3720651524,3552,216599,103,1,1,128,1,1,16,0.000,0.000,,,,,NVIDIA A100-SXM4-40GB MIG 4g.20gb (0),1,,13,cupy_copy__complex64_complex64
3720668516,2720,216606,35,1,1,128,1,1,16,0.000,0.000,,,,,NVIDIA A100-SXM4-40GB MIG 4g.20gb (0),1,,13,cupy_copy__complex64_complex64
3720701700,1952,216613,1,1,1,1,1,1,18,0.000,0.000,,,,,NVIDIA A100-SXM4-40GB MIG 4g.20gb (0),1,,13,cupy_copy__float32_float32
3720818498,87807,216624,1,1,1,32,32,1,30,0.000,0.000,,,,,NVIDIA A100-SXM4-40GB MIG 4g.20gb (0),1,,13,"void convert_kernel<__half2, float2>(tensor_layout_any, T1 *, tensor_layout_any, const T2 *)"
3720934017,5792,216627,,,,,,,,,,0.094,16176.708,Pinned,Device,NVIDIA A100-SXM4-40GB MIG 4g.20gb (0),1,,13,[CUDA memcpy Host-to-Device]
3720951041,3232,216628,,,,,,,,,,1.547,478533.199,Device,,NVIDIA A100-SXM4-40GB MIG 4g.20gb (0),1,,13,[CUDA memset]
3720954849,3232,216633,,,,,,,,,,0.031,9683.139,Pinned,Device,NVIDIA A100-SXM4-40GB MIG 4g.20gb (0),1,,13,[CUDA memcpy Host-to-Device]
3720960481,9727,216634,,,,,,,,,,0.197,20212.482,Pinned,Device,NVIDIA A100-SXM4-40GB MIG 4g.20gb (0),1,,13,[CUDA memcpy Host-to-Device]
3720977472,6048,216635,273,1,1,8,4,1,39,0.002,0.000,,,,,NVIDIA A100-SXM4-40GB MIG 4g.20gb (0),1,,13,"void channel_eq::eqMmseCoefCompLowMimoKernel<float, float, float, (unsigned int)4, (unsigned int)1, (unsigned int)4>(const channel_eq::_puschRxChEqStatDescr *, channel_eq::_puschRxChEqCoefCompDynDescr)"
3720985088,6080,216636,273,1,1,12,11,1,51,0.002,0.000,,,,,NVIDIA A100-SXM4-40GB MIG 4g.20gb (0),1,,13,"void channel_eq::eqMmseSoftDemapKernel<float, __half, __half, float, (unsigned int)4, (unsigned short)16383>(channel_eq::_puschRxChEqStatDescr *, channel_eq::_puschRxChEqSoftDemapDynDescr)"
3720992160,294045,216637,1,1,1,32,32,1,30,0.000,0.000,,,,,NVIDIA A100-SXM4-40GB MIG 4g.20gb (0),1,,13,"void convert_kernel<float2, __half2>(tensor_layout_any, T1 *, tensor_layout_any, const T2 *)"
3721287324,11072,216649,2253,1,1,128,1,1,16,0.000,0.000,,,,,NVIDIA A100-SXM4-40GB MIG 4g.20gb (0),1,,13,cupy_copy__float16_float16
3721303164,3520,216658,282,1,1,128,1,1,16,0.000,0.000,,,,,NVIDIA A100-SXM4-40GB MIG 4g.20gb (0),1,,13,cupy_copy__complex64_complex64
3721308252,2752,216667,26,1,1,128,1,1,16,0.000,0.000,,,,,NVIDIA A100-SXM4-40GB MIG 4g.20gb (0),1,,13,cupy_copy__float32_float32
3721313852,3264,216676,103,1,1,128,1,1,16,0.000,0.000,,,,,NVIDIA A100-SXM4-40GB MIG 4g.20gb (0),1,,13,cupy_copy__complex64_complex64
3721318204,12000,216686,1434,1,1,128,1,1,16,0.000,0.000,,,,,NVIDIA A100-SXM4-40GB MIG 4g.20gb (0),1,,13,cupy_copy__complex64_complex64
3721333980,85727,216691,1,1,1,32,32,1,30,0.000,0.000,,,,,NVIDIA A100-SXM4-40GB MIG 4g.20gb (0),1,,13,"void convert_kernel<__half2, float2>(tensor_layout_any, T1 *, tensor_layout_any, const T2 *)"
3721447259,5727,216694,,,,,,,,,,0.094,16360.352,Pinned,Device,NVIDIA A100-SXM4-40GB MIG 4g.20gb (0),1,,13,[CUDA memcpy Host-to-Device]
3721460730,598457,216695,,,,,,,,,,456.561,762457.605,Device,,NVIDIA A100-SXM4-40GB MIG 4g.20gb (0),1,,13,[CUDA memset]
3722063027,142558,216700,,,,,,,,,,1.235,8661.897,Pinned,Device,NVIDIA A100-SXM4-40GB MIG 4g.20gb (0),1,,13,[CUDA memcpy Host-to-Device]
3722215377,32896,216701,,,,,,,,,,0.197,5976.490,Pinned,Device,NVIDIA A100-SXM4-40GB MIG 4g.20gb (0),1,,13,[CUDA memcpy Host-to-Device]
3722265552,8096,216702,69,4,1,48,1,1,76,0.002,0.000,,,,,NVIDIA A100-SXM4-40GB MIG 4g.20gb (0),1,,13,"void ch_est::windowedChEstPreNoDftSOfdmKernel<float, __half, float, (unsigned int)2, (unsigned int)1, (unsigned short)4>(ch_est::puschRxChEstStatDescr_t *, ch_est::puschRxChEstDynDescr_t *)"
3722281744,6880,216703,137,2,1,24,2,1,44,0.001,0.001,,,,,NVIDIA A100-SXM4-40GB MIG 4g.20gb (0),1,,13,"void ch_est::chEstFilterNoDftSOfdmDispatchKernel<float, __half, float, (unsigned int)2>(ch_est::puschRxChEstStatDescr_t *, ch_est::puschRxChEstDynDescr_t *)"
3722293808,4736,216704,137,2,1,24,2,1,44,0.001,0.001,,,,,NVIDIA A100-SXM4-40GB MIG 4g.20gb (0),1,,13,"void ch_est::chEstFilterNoDftSOfdmDispatchKernel<float, __half, float, (unsigned int)2>(ch_est::puschRxChEstStatDescr_t *, ch_est::puschRxChEstDynDescr_t *)"
3722304560,2720,216715,103,1,1,128,1,1,16,0.000,0.000,,,,,NVIDIA A100-SXM4-40GB MIG 4g.20gb (0),1,,13,cupy_copy__complex64_complex64
3722312784,12480,216725,1434,1,1,128,1,1,16,0.000,0.000,,,,,NVIDIA A100-SXM4-40GB MIG 4g.20gb (0),1,,13,cupy_copy__complex64_complex64
3722336848,2623,216732,103,1,1,128,1,1,16,0.000,0.000,,,,,NVIDIA A100-SXM4-40GB MIG 4g.20gb (0),1,,13,cupy_copy__complex64_complex64
3722351983,88351,216739,1,1,1,32,32,1,30,0.000,0.000,,,,,NVIDIA A100-SXM4-40GB MIG 4g.20gb (0),1,,13,"void convert_kernel<__half2, float2>(tensor_layout_any, T1 *, tensor_layout_any, const T2 *)"
3722471982,19552,216742,,,,,,,,,,0.094,4792.082,Pinned,Device,NVIDIA A100-SXM4-40GB MIG 4g.20gb (0),1,,13,[CUDA memcpy Host-to-Device]
3722506829,46176,216743,,,,,,,,,,35.810,775499.628,Device,,NVIDIA A100-SXM4-40GB MIG 4g.20gb (0),1,,13,[CUDA memset]
3722560205,14816,216745,,,,,,,,,,0.000,5.400,Pinned,Device,NVIDIA A100-SXM4-40GB MIG 4g.20gb (0),1,,13,[CUDA memcpy Host-to-Device]
3722587244,31040,216746,,,,,,,,,,0.197,6333.923,Pinned,Device,NVIDIA A100-SXM4-40GB MIG 4g.20gb (0),1,,13,[CUDA memcpy Host-to-Device]
3722639756,9760,216747,273,1,1,48,1,1,40,0.000,0.001,,,,,NVIDIA A100-SXM4-40GB MIG 4g.20gb (0),1,,13,"void pusch_noise_intf_est::noiseIntfEstNoDftSOfdmKernel<float, __half, float, float, (unsigned int)2, (unsigned int)1, (unsigned char)4, (unsigned char)4>(pusch_noise_intf_est::puschRxNoiseIntfEstDynDescr)"
3722655852,2752,216758,35,1,1,128,1,1,16,0.000,0.000,,,,,NVIDIA A100-SXM4-40GB MIG 4g.20gb (0),1,,13,cupy_copy__complex64_complex64
3722672779,1664,216767,1,1,1,1,1,1,18,0.000,0.000,,,,,NVIDIA A100-SXM4-40GB MIG 4g.20gb (0),1,,13,cupy_copy__float32_float32
3722678987,5280,216773,,,,,,,,,,0.000,0.758,Device,Pageable,NVIDIA A100-SXM4-40GB MIG 4g.20gb (0),1,,7,[CUDA memcpy Device-to-Host]
3722779274,12608,216784,1434,1,1,128,1,1,16,0.000,0.000,,,,,NVIDIA A100-SXM4-40GB MIG 4g.20gb (0),1,,13,cupy_copy__complex64_complex64
3722802634,3328,216791,103,1,1,128,1,1,16,0.000,0.000,,,,,NVIDIA A100-SXM4-40GB MIG 4g.20gb (0),1,,13,cupy_copy__complex64_complex64
3722822986,2591,216798,35,1,1,128,1,1,16,0.000,0.000,,,,,NVIDIA A100-SXM4-40GB MIG 4g.20gb (0),1,,13,cupy_copy__complex64_complex64
3722845577,1760,216805,1,1,1,1,1,1,18,0.000,0.000,,,,,NVIDIA A100-SXM4-40GB MIG 4g.20gb (0),1,,13,cupy_copy__float32_float32
3722982536,82271,216816,1,1,1,32,32,1,30,0.000,0.000,,,,,NVIDIA A100-SXM4-40GB MIG 4g.20gb (0),1,,13,"void convert_kernel<__half2, float2>(tensor_layout_any, T1 *, tensor_layout_any, const T2 *)"
3723098406,13856,216819,,,,,,,,,,0.094,6762.040,Pinned,Device,NVIDIA A100-SXM4-40GB MIG 4g.20gb (0),1,,13,[CUDA memcpy Host-to-Device]
3723116774,3456,216820,,,,,,,,,,1.547,447517.201,Device,,NVIDIA A100-SXM4-40GB MIG 4g.20gb (0),1,,13,[CUDA memset]
3723123398,8160,216825,,,,,,,,,,0.031,3835.294,Pinned,Device,NVIDIA A100-SXM4-40GB MIG 4g.20gb (0),1,,13,[CUDA memcpy Host-to-Device]
3723138694,16863,216826,,,,,,,,,,0.197,11659.051,Pinned,Device,NVIDIA A100-SXM4-40GB MIG 4g.20gb (0),1,,13,[CUDA memcpy Host-to-Device]
3723161541,6112,216827,273,1,1,8,4,1,39,0.002,0.000,,,,,NVIDIA A100-SXM4-40GB MIG 4g.20gb (0),1,,13,"void channel_eq::eqMmseCoefCompLowMimoKernel<float, float, float, (unsigned int)4, (unsigned int)1, (unsigned int)4>(const channel_eq::_puschRxChEqStatDescr *, channel_eq::_puschRxChEqCoefCompDynDescr)"
3723170085,6112,216828,273,1,1,12,11,1,51,0.002,0.000,,,,,NVIDIA A100-SXM4-40GB MIG 4g.20gb (0),1,,13,"void channel_eq::eqMmseSoftDemapKernel<float, __half, __half, float, (unsigned int)4, (unsigned short)16383>(channel_eq::_puschRxChEqStatDescr *, channel_eq::_puschRxChEqSoftDemapDynDescr)"
3723178597,282685,216829,1,1,1,32,32,1,30,0.000,0.000,,,,,NVIDIA A100-SXM4-40GB MIG 4g.20gb (0),1,,13,"void convert_kernel<float2, __half2>(tensor_layout_any, T1 *, tensor_layout_any, const T2 *)"
3723463202,11231,216841,2253,1,1,128,1,1,16,0.000,0.000,,,,,NVIDIA A100-SXM4-40GB MIG 4g.20gb (0),1,,13,cupy_copy__float16_float16
3723478241,2688,216850,282,1,1,128,1,1,16,0.000,0.000,,,,,NVIDIA A100-SXM4-40GB MIG 4g.20gb (0),1,,13,cupy_copy__complex64_complex64
3723483457,2048,216859,26,1,1,128,1,1,16,0.000,0.000,,,,,NVIDIA A100-SXM4-40GB MIG 4g.20gb (0),1,,13,cupy_copy__float32_float32
3723488833,6304,216868,103,1,1,128,1,1,16,0.000,0.000,,,,,NVIDIA A100-SXM4-40GB MIG 4g.20gb (0),1,,13,cupy_copy__complex64_complex64
3723496257,12576,216878,1434,1,1,128,1,1,16,0.000,0.000,,,,,NVIDIA A100-SXM4-40GB MIG 4g.20gb (0),1,,13,cupy_copy__complex64_complex64
3723512289,81791,216883,1,1,1,32,32,1,30,0.000,0.000,,,,,NVIDIA A100-SXM4-40GB MIG 4g.20gb (0),1,,13,"void convert_kernel<__half2, float2>(tensor_layout_any, T1 *, tensor_layout_any, const T2 *)"
3723621184,6080,216886,,,,,,,,,,0.094,15410.462,Pinned,Device,NVIDIA A100-SXM4-40GB MIG 4g.20gb (0),1,,13,[CUDA memcpy Host-to-Device]
3723634175,599385,216887,,,,,,,,,,456.561,761544.482,Device,,NVIDIA A100-SXM4-40GB MIG 4g.20gb (0),1,,13,[CUDA memset]
3724240888,120254,216892,,,,,,,,,,1.235,10268.559,Pinned,Device,NVIDIA A100-SXM4-40GB MIG 4g.20gb (0),1,,13,[CUDA memcpy Host-to-Device]
3724370038,18496,216893,,,,,,,,,,0.197,10629.612,Pinned,Device,NVIDIA A100-SXM4-40GB MIG 4g.20gb (0),1,,13,[CUDA memcpy Host-to-Device]
3724403318,8192,216894,69,4,1,48,1,1,76,0.002,0.000,,,,,NVIDIA A100-SXM4-40GB MIG 4g.20gb (0),1,,13,"void ch_est::windowedChEstPreNoDftSOfdmKernel<float, __half, float, (unsigned int)2, (unsigned int)1, (unsigned short)4>(ch_est::puschRxChEstStatDescr_t *, ch_est::puschRxChEstDynDescr_t *)"
3724417974,7008,216895,137,2,1,24,2,1,44,0.001,0.001,,,,,NVIDIA A100-SXM4-40GB MIG 4g.20gb (0),1,,13,"void ch_est::chEstFilterNoDftSOfdmDispatchKernel<float, __half, float, (unsigned int)2>(ch_est::puschRxChEstStatDescr_t *, ch_est::puschRxChEstDynDescr_t *)"
3724432694,6304,216896,137,2,1,24,2,1,44,0.001,0.001,,,,,NVIDIA A100-SXM4-40GB MIG 4g.20gb (0),1,,13,"void ch_est::chEstFilterNoDftSOfdmDispatchKernel<float, __half, float, (unsigned int)2>(ch_est::puschRxChEstStatDescr_t *, ch_est::puschRxChEstDynDescr_t *)"
3724440758,3071,216907,103,1,1,128,1,1,16,0.000,0.000,,,,,NVIDIA A100-SXM4-40GB MIG 4g.20gb (0),1,,13,cupy_copy__complex64_complex64
3724449749,12928,216917,1434,1,1,128,1,1,16,0.000,0.000,,,,,NVIDIA A100-SXM4-40GB MIG 4g.20gb (0),1,,13,cupy_copy__complex64_complex64
3724465141,2656,216924,103,1,1,128,1,1,16,0.000,0.000,,,,,NVIDIA A100-SXM4-40GB MIG 4g.20gb (0),1,,13,cupy_copy__complex64_complex64
3724474357,86943,216931,1,1,1,32,32,1,30,0.000,0.000,,,,,NVIDIA A100-SXM4-40GB MIG 4g.20gb (0),1,,13,"void convert_kernel<__half2, float2>(tensor_layout_any, T1 *, tensor_layout_any, const T2 *)"
3724589844,10336,216934,,,,,,,,,,0.094,9064.994,Pinned,Device,NVIDIA A100-SXM4-40GB MIG 4g.20gb (0),1,,13,[CUDA memcpy Host-to-Device]
3724607763,46880,216935,,,,,,,,,,35.810,763861.404,Device,,NVIDIA A100-SXM4-40GB MIG 4g.20gb (0),1,,13,[CUDA memset]
3724659539,7232,216937,,,,,,,,,,0.000,11.062,Pinned,Device,NVIDIA A100-SXM4-40GB MIG 4g.20gb (0),1,,13,[CUDA memcpy Host-to-Device]
3724673491,18303,216938,,,,,,,,,,0.197,10741.678,Pinned,Device,NVIDIA A100-SXM4-40GB MIG 4g.20gb (0),1,,13,[CUDA memcpy Host-to-Device]
3724697970,9024,216939,273,1,1,48,1,1,40,0.000,0.001,,,,,NVIDIA A100-SXM4-40GB MIG 4g.20gb (0),1,,13,"void pusch_noise_intf_est::noiseIntfEstNoDftSOfdmKernel<float, __half, float, float, (unsigned int)2, (unsigned int)1, (unsigned char)4, (unsigned char)4>(pusch_noise_intf_est::puschRxNoiseIntfEstDynDescr)"
3724713938,2656,216950,35,1,1,128,1,1,16,0.000,0.000,,,,,NVIDIA A100-SXM4-40GB MIG 4g.20gb (0),1,,13,cupy_copy__complex64_complex64
3724721074,1664,216959,1,1,1,1,1,1,18,0.000,0.000,,,,,NVIDIA A100-SXM4-40GB MIG 4g.20gb (0),1,,13,cupy_copy__float32_float32
3724741458,1856,216965,,,,,,,,,,0.000,2.155,Device,Pageable,NVIDIA A100-SXM4-40GB MIG 4g.20gb (0),1,,7,[CUDA memcpy Device-to-Host]
3724802001,12608,216976,1434,1,1,128,1,1,16,0.000,0.000,,,,,NVIDIA A100-SXM4-40GB MIG 4g.20gb (0),1,,13,cupy_copy__complex64_complex64
3724832401,2656,216983,103,1,1,128,1,1,16,0.000,0.000,,,,,NVIDIA A100-SXM4-40GB MIG 4g.20gb (0),1,,13,cupy_copy__complex64_complex64
3724854224,2176,216990,35,1,1,128,1,1,16,0.000,0.000,,,,,NVIDIA A100-SXM4-40GB MIG 4g.20gb (0),1,,13,cupy_copy__complex64_complex64
3724870576,1760,216997,1,1,1,1,1,1,18,0.000,0.000,,,,,NVIDIA A100-SXM4-40GB MIG 4g.20gb (0),1,,13,cupy_copy__float32_float32
3725001327,82239,217008,1,1,1,32,32,1,30,0.000,0.000,,,,,NVIDIA A100-SXM4-40GB MIG 4g.20gb (0),1,,13,"void convert_kernel<__half2, float2>(tensor_layout_any, T1 *, tensor_layout_any, const T2 *)"
3725110445,5664,217011,,,,,,,,,,0.094,16542.310,Pinned,Device,NVIDIA A100-SXM4-40GB MIG 4g.20gb (0),1,,13,[CUDA memcpy Host-to-Device]
3725125005,3200,217012,,,,,,,,,,1.547,483320.000,Device,,NVIDIA A100-SXM4-40GB MIG 4g.20gb (0),1,,13,[CUDA memset]
3725131789,3200,217017,,,,,,,,,,0.031,9780.000,Pinned,Device,NVIDIA A100-SXM4-40GB MIG 4g.20gb (0),1,,13,[CUDA memcpy Host-to-Device]
3725137421,9792,217018,,,,,,,,,,0.197,20078.395,Pinned,Device,NVIDIA A100-SXM4-40GB MIG 4g.20gb (0),1,,13,[CUDA memcpy Host-to-Device]
3725151501,6048,217019,273,1,1,8,4,1,39,0.002,0.000,,,,,NVIDIA A100-SXM4-40GB MIG 4g.20gb (0),1,,13,"void channel_eq::eqMmseCoefCompLowMimoKernel<float, float, float, (unsigned int)4, (unsigned int)1, (unsigned int)4>(const channel_eq::_puschRxChEqStatDescr *, channel_eq::_puschRxChEqCoefCompDynDescr)"
3725158509,5632,217020,273,1,1,12,11,1,51,0.002,0.000,,,,,NVIDIA A100-SXM4-40GB MIG 4g.20gb (0),1,,13,"void channel_eq::eqMmseSoftDemapKernel<float, __half, __half, float, (unsigned int)4, (unsigned short)16383>(channel_eq::_puschRxChEqStatDescr *, channel_eq::_puschRxChEqSoftDemapDynDescr)"
3725165133,300028,217021,1,1,1,32,32,1,30,0.000,0.000,,,,,NVIDIA A100-SXM4-40GB MIG 4g.20gb (0),1,,13,"void convert_kernel<float2, __half2>(tensor_layout_any, T1 *, tensor_layout_any, const T2 *)"
3725466857,10944,217033,2253,1,1,128,1,1,16,0.000,0.000,,,,,NVIDIA A100-SXM4-40GB MIG 4g.20gb (0),1,,13,cupy_copy__float16_float16
3725479817,3712,217042,282,1,1,128,1,1,16,0.000,0.000,,,,,NVIDIA A100-SXM4-40GB MIG 4g.20gb (0),1,,13,cupy_copy__complex64_complex64
3725485929,2208,217051,26,1,1,128,1,1,16,0.000,0.000,,,,,NVIDIA A100-SXM4-40GB MIG 4g.20gb (0),1,,13,cupy_copy__float32_float32
3725490089,3231,217060,103,1,1,128,1,1,16,0.000,0.000,,,,,NVIDIA A100-SXM4-40GB MIG 4g.20gb (0),1,,13,cupy_copy__complex64_complex64
3725495048,12128,217070,1434,1,1,128,1,1,16,0.000,0.000,,,,,NVIDIA A100-SXM4-40GB MIG 4g.20gb (0),1,,13,cupy_copy__complex64_complex64
3725511144,82271,217075,1,1,1,32,32,1,30,0.000,0.000,,,,,NVIDIA A100-SXM4-40GB MIG 4g.20gb (0),1,,13,"void convert_kernel<__half2, float2>(tensor_layout_any, T1 *, tensor_layout_any, const T2 *)"
3725621063,5824,217078,,,,,,,,,,0.094,16087.884,Pinned,Device,NVIDIA A100-SXM4-40GB MIG 4g.20gb (0),1,,13,[CUDA memcpy Host-to-Device]
3725632295,598328,217079,,,,,,,,,,456.561,762914.166,Device,,NVIDIA A100-SXM4-40GB MIG 4g.20gb (0),1,,13,[CUDA memset]
3726237663,136831,217084,,,,,,,,,,1.235,9024.971,Pinned,Device,NVIDIA A100-SXM4-40GB MIG 4g.20gb (0),1,,13,[CUDA memcpy Host-to-Device]
3726383677,41344,217085,,,,,,,,,,0.197,4755.358,Pinned,Device,NVIDIA A100-SXM4-40GB MIG 4g.20gb (0),1,,13,[CUDA memcpy Host-to-Device]
3726454493,7968,217086,69,4,1,48,1,1,76,0.002,0.000,,,,,NVIDIA A100-SXM4-40GB MIG 4g.20gb (0),1,,13,"void ch_est::windowedChEstPreNoDftSOfdmKernel<float, __half, float, (unsigned int)2, (unsigned int)1, (unsigned short)4>(ch_est::puschRxChEstStatDescr_t *, ch_est::puschRxChEstDynDescr_t *)"
3726472220,6976,217087,137,2,1,24,2,1,44,0.001,0.001,,,,,NVIDIA A100-SXM4-40GB MIG 4g.20gb (0),1,,13,"void ch_est::chEstFilterNoDftSOfdmDispatchKernel<float, __half, float, (unsigned int)2>(ch_est::puschRxChEstStatDescr_t *, ch_est::puschRxChEstDynDescr_t *)"
3726489756,4800,217088,137,2,1,24,2,1,44,0.001,0.001,,,,,NVIDIA A100-SXM4-40GB MIG 4g.20gb (0),1,,13,"void ch_est::chEstFilterNoDftSOfdmDispatchKernel<float, __half, float, (unsigned int)2>(ch_est::puschRxChEstStatDescr_t *, ch_est::puschRxChEstDynDescr_t *)"
3726506140,2688,217099,103,1,1,128,1,1,16,0.000,0.000,,,,,NVIDIA A100-SXM4-40GB MIG 4g.20gb (0),1,,13,cupy_copy__complex64_complex64
3726522492,12448,217109,1434,1,1,128,1,1,16,0.000,0.000,,,,,NVIDIA A100-SXM4-40GB MIG 4g.20gb (0),1,,13,cupy_copy__complex64_complex64
3726541116,2912,217116,103,1,1,128,1,1,16,0.000,0.000,,,,,NVIDIA A100-SXM4-40GB MIG 4g.20gb (0),1,,13,cupy_copy__complex64_complex64
3726558107,85663,217123,1,1,1,32,32,1,30,0.000,0.000,,,,,NVIDIA A100-SXM4-40GB MIG 4g.20gb (0),1,,13,"void convert_kernel<__half2, float2>(tensor_layout_any, T1 *, tensor_layout_any, const T2 *)"
3726673242,14048,217126,,,,,,,,,,0.094,6669.656,Pinned,Device,NVIDIA A100-SXM4-40GB MIG 4g.20gb (0),1,,13,[CUDA memcpy Host-to-Device]
3726698266,46591,217127,,,,,,,,,,35.810,768588.313,Device,,NVIDIA A100-SXM4-40GB MIG 4g.20gb (0),1,,13,[CUDA memset]
3726749369,9184,217129,,,,,,,,,,0.000,8.711,Pinned,Device,NVIDIA A100-SXM4-40GB MIG 4g.20gb (0),1,,13,[CUDA memcpy Host-to-Device]
3726767513,15808,217130,,,,,,,,,,0.197,12437.225,Pinned,Device,NVIDIA A100-SXM4-40GB MIG 4g.20gb (0),1,,13,[CUDA memcpy Host-to-Device]
3726797400,10048,217131,273,1,1,48,1,1,40,0.000,0.001,,,,,NVIDIA A100-SXM4-40GB MIG 4g.20gb (0),1,,13,"void pusch_noise_intf_est::noiseIntfEstNoDftSOfdmKernel<float, __half, float, float, (unsigned int)2, (unsigned int)1, (unsigned char)4, (unsigned char)4>(pusch_noise_intf_est::puschRxNoiseIntfEstDynDescr)"
3726815384,2848,217142,35,1,1,128,1,1,16,0.000,0.000,,,,,NVIDIA A100-SXM4-40GB MIG 4g.20gb (0),1,,13,cupy_copy__complex64_complex64
3726825112,1792,217151,1,1,1,1,1,1,18,0.000,0.000,,,,,NVIDIA A100-SXM4-40GB MIG 4g.20gb (0),1,,13,cupy_copy__float32_float32
3726833624,7232,217157,,,,,,,,,,0.000,0.553,Device,Pageable,NVIDIA A100-SXM4-40GB MIG 4g.20gb (0),1,,7,[CUDA memcpy Device-to-Host]
3726919255,13216,217168,1434,1,1,128,1,1,16,0.000,0.000,,,,,NVIDIA A100-SXM4-40GB MIG 4g.20gb (0),1,,13,cupy_copy__complex64_complex64
3726945463,3488,217175,103,1,1,128,1,1,16,0.000,0.000,,,,,NVIDIA A100-SXM4-40GB MIG 4g.20gb (0),1,,13,cupy_copy__complex64_complex64
3726966230,2560,217182,35,1,1,128,1,1,16,0.000,0.000,,,,,NVIDIA A100-SXM4-40GB MIG 4g.20gb (0),1,,13,cupy_copy__complex64_complex64
3726983574,1920,217189,1,1,1,1,1,1,18,0.000,0.000,,,,,NVIDIA A100-SXM4-40GB MIG 4g.20gb (0),1,,13,cupy_copy__float32_float32
3727108469,82943,217200,1,1,1,32,32,1,30,0.000,0.000,,,,,NVIDIA A100-SXM4-40GB MIG 4g.20gb (0),1,,13,"void convert_kernel<__half2, float2>(tensor_layout_any, T1 *, tensor_layout_any, const T2 *)"
3727219283,5856,217203,,,,,,,,,,0.094,15999.997,Pinned,Device,NVIDIA A100-SXM4-40GB MIG 4g.20gb (0),1,,13,[CUDA memcpy Host-to-Device]
3727233491,3648,217204,,,,,,,,,,1.547,423963.664,Device,,NVIDIA A100-SXM4-40GB MIG 4g.20gb (0),1,,13,[CUDA memset]
3727240563,3712,217209,,,,,,,,,,0.031,8431.017,Pinned,Device,NVIDIA A100-SXM4-40GB MIG 4g.20gb (0),1,,13,[CUDA memcpy Host-to-Device]
3727246867,9728,217210,,,,,,,,,,0.197,20210.516,Pinned,Device,NVIDIA A100-SXM4-40GB MIG 4g.20gb (0),1,,13,[CUDA memcpy Host-to-Device]
3727261363,6336,217211,273,1,1,8,4,1,39,0.002,0.000,,,,,NVIDIA A100-SXM4-40GB MIG 4g.20gb (0),1,,13,"void channel_eq::eqMmseCoefCompLowMimoKernel<float, float, float, (unsigned int)4, (unsigned int)1, (unsigned int)4>(const channel_eq::_puschRxChEqStatDescr *, channel_eq::_puschRxChEqCoefCompDynDescr)"
3727270387,6303,217212,273,1,1,12,11,1,51,0.002,0.000,,,,,NVIDIA A100-SXM4-40GB MIG 4g.20gb (0),1,,13,"void channel_eq::eqMmseSoftDemapKernel<float, __half, __half, float, (unsigned int)4, (unsigned short)16383>(channel_eq::_puschRxChEqStatDescr *, channel_eq::_puschRxChEqSoftDemapDynDescr)"
3727277778,282717,217213,1,1,1,32,32,1,30,0.000,0.000,,,,,NVIDIA A100-SXM4-40GB MIG 4g.20gb (0),1,,13,"void convert_kernel<float2, __half2>(tensor_layout_any, T1 *, tensor_layout_any, const T2 *)"
3727561519,11040,217225,2253,1,1,128,1,1,16,0.000,0.000,,,,,NVIDIA A100-SXM4-40GB MIG 4g.20gb (0),1,,13,cupy_copy__float16_float16
3727575887,3808,217234,282,1,1,128,1,1,16,0.000,0.000,,,,,NVIDIA A100-SXM4-40GB MIG 4g.20gb (0),1,,13,cupy_copy__complex64_complex64
3727582703,2336,217243,26,1,1,128,1,1,16,0.000,0.000,,,,,NVIDIA A100-SXM4-40GB MIG 4g.20gb (0),1,,13,cupy_copy__float32_float32
3727586127,4544,217252,103,1,1,128,1,1,16,0.000,0.000,,,,,NVIDIA A100-SXM4-40GB MIG 4g.20gb (0),1,,13,cupy_copy__complex64_complex64
3727591791,12191,217262,1434,1,1,128,1,1,16,0.000,0.000,,,,,NVIDIA A100-SXM4-40GB MIG 4g.20gb (0),1,,13,cupy_copy__complex64_complex64
3727609038,87295,217267,1,1,1,32,32,1,30,0.000,0.000,,,,,NVIDIA A100-SXM4-40GB MIG 4g.20gb (0),1,,13,"void convert_kernel<__half2, float2>(tensor_layout_any, T1 *, tensor_layout_any, const T2 *)"
3727723149,5408,217270,,,,,,,,,,0.094,17325.421,Pinned,Device,NVIDIA A100-SXM4-40GB MIG 4g.20gb (0),1,,13,[CUDA memcpy Host-to-Device]
3727733517,599064,217271,,,,,,,,,,456.561,762001.043,Device,,NVIDIA A100-SXM4-40GB MIG 4g.20gb (0),1,,13,[CUDA memset]
3728338213,133439,217276,,,,,,,,,,1.235,9254.670,Pinned,Device,NVIDIA A100-SXM4-40GB MIG 4g.20gb (0),1,,13,[CUDA memcpy Host-to-Device]
3728482500,32319,217277,,,,,,,,,,0.197,6083.248,Pinned,Device,NVIDIA A100-SXM4-40GB MIG 4g.20gb (0),1,,13,[CUDA memcpy Host-to-Device]
3728527075,8480,217278,69,4,1,48,1,1,76,0.002,0.000,,,,,NVIDIA A100-SXM4-40GB MIG 4g.20gb (0),1,,13,"void ch_est::windowedChEstPreNoDftSOfdmKernel<float, __half, float, (unsigned int)2, (unsigned int)1, (unsigned short)4>(ch_est::puschRxChEstStatDescr_t *, ch_est::puschRxChEstDynDescr_t *)"
3728547747,6784,217279,137,2,1,24,2,1,44,0.001,0.001,,,,,NVIDIA A100-SXM4-40GB MIG 4g.20gb (0),1,,13,"void ch_est::chEstFilterNoDftSOfdmDispatchKernel<float, __half, float, (unsigned int)2>(ch_est::puschRxChEstStatDescr_t *, ch_est::puschRxChEstDynDescr_t *)"
3728564099,4735,217280,137,2,1,24,2,1,44,0.001,0.001,,,,,NVIDIA A100-SXM4-40GB MIG 4g.20gb (0),1,,13,"void ch_est::chEstFilterNoDftSOfdmDispatchKernel<float, __half, float, (unsigned int)2>(ch_est::puschRxChEstStatDescr_t *, ch_est::puschRxChEstDynDescr_t *)"
3728577442,2752,217291,103,1,1,128,1,1,16,0.000,0.000,,,,,NVIDIA A100-SXM4-40GB MIG 4g.20gb (0),1,,13,cupy_copy__complex64_complex64
3728590722,12384,217301,1434,1,1,128,1,1,16,0.000,0.000,,,,,NVIDIA A100-SXM4-40GB MIG 4g.20gb (0),1,,13,cupy_copy__complex64_complex64
3728625794,2528,217308,103,1,1,128,1,1,16,0.000,0.000,,,,,NVIDIA A100-SXM4-40GB MIG 4g.20gb (0),1,,13,cupy_copy__complex64_complex64
3728642658,87806,217315,1,1,1,32,32,1,30,0.000,0.000,,,,,NVIDIA A100-SXM4-40GB MIG 4g.20gb (0),1,,13,"void convert_kernel<__half2, float2>(tensor_layout_any, T1 *, tensor_layout_any, const T2 *)"
3728761056,26112,217318,,,,,,,,,,0.094,3588.182,Pinned,Device,NVIDIA A100-SXM4-40GB MIG 4g.20gb (0),1,,13,[CUDA memcpy Host-to-Device]
3728798304,47071,217319,,,,,,,,,,35.810,760745.940,Device,,NVIDIA A100-SXM4-40GB MIG 4g.20gb (0),1,,13,[CUDA memset]
3728851903,12000,217321,,,,,,,,,,0.000,6.667,Pinned,Device,NVIDIA A100-SXM4-40GB MIG 4g.20gb (0),1,,13,[CUDA memcpy Host-to-Device]
3728877183,31551,217322,,,,,,,,,,0.197,6231.294,Pinned,Device,NVIDIA A100-SXM4-40GB MIG 4g.20gb (0),1,,13,[CUDA memcpy Host-to-Device]
3728927006,9568,217323,273,1,1,48,1,1,40,0.000,0.001,,,,,NVIDIA A100-SXM4-40GB MIG 4g.20gb (0),1,,13,"void pusch_noise_intf_est::noiseIntfEstNoDftSOfdmKernel<float, __half, float, float, (unsigned int)2, (unsigned int)1, (unsigned char)4, (unsigned char)4>(pusch_noise_intf_est::puschRxNoiseIntfEstDynDescr)"
3728949086,2688,217334,35,1,1,128,1,1,16,0.000,0.000,,,,,NVIDIA A100-SXM4-40GB MIG 4g.20gb (0),1,,13,cupy_copy__complex64_complex64
3728959934,1792,217343,1,1,1,1,1,1,18,0.000,0.000,,,,,NVIDIA A100-SXM4-40GB MIG 4g.20gb (0),1,,13,cupy_copy__float32_float32
3728964222,2400,217349,,,,,,,,,,0.000,1.667,Device,Pageable,NVIDIA A100-SXM4-40GB MIG 4g.20gb (0),1,,7,[CUDA memcpy Device-to-Host]
3729039005,13120,217360,1434,1,1,128,1,1,16,0.000,0.000,,,,,NVIDIA A100-SXM4-40GB MIG 4g.20gb (0),1,,13,cupy_copy__complex64_complex64
3729066844,3168,217367,103,1,1,128,1,1,16,0.000,0.000,,,,,NVIDIA A100-SXM4-40GB MIG 4g.20gb (0),1,,13,cupy_copy__complex64_complex64
3729092540,2848,217374,35,1,1,128,1,1,16,0.000,0.000,,,,,NVIDIA A100-SXM4-40GB MIG 4g.20gb (0),1,,13,cupy_copy__complex64_complex64
3729107900,1952,217381,1,1,1,1,1,1,18,0.000,0.000,,,,,NVIDIA A100-SXM4-40GB MIG 4g.20gb (0),1,,13,cupy_copy__float32_float32
3729240090,81503,217392,1,1,1,32,32,1,30,0.000,0.000,,,,,NVIDIA A100-SXM4-40GB MIG 4g.20gb (0),1,,13,"void convert_kernel<__half2, float2>(tensor_layout_any, T1 *, tensor_layout_any, const T2 *)"
3729351801,9216,217395,,,,,,,,,,0.094,10166.578,Pinned,Device,NVIDIA A100-SXM4-40GB MIG 4g.20gb (0),1,,13,[CUDA memcpy Host-to-Device]
3729371257,3520,217396,,,,,,,,,,1.547,439380.412,Device,,NVIDIA A100-SXM4-40GB MIG 4g.20gb (0),1,,13,[CUDA memset]
3729380216,3456,217401,,,,,,,,,,0.031,9055.529,Pinned,Device,NVIDIA A100-SXM4-40GB MIG 4g.20gb (0),1,,13,[CUDA memcpy Host-to-Device]
3729388728,14080,217402,,,,,,,,,,0.197,13963.493,Pinned,Device,NVIDIA A100-SXM4-40GB MIG 4g.20gb (0),1,,13,[CUDA memcpy Host-to-Device]
3729410008,8128,217403,273,1,1,8,4,1,39,0.002,0.000,,,,,NVIDIA A100-SXM4-40GB MIG 4g.20gb (0),1,,13,"void channel_eq::eqMmseCoefCompLowMimoKernel<float, float, float, (unsigned int)4, (unsigned int)1, (unsigned int)4>(const channel_eq::_puschRxChEqStatDescr *, channel_eq::_puschRxChEqCoefCompDynDescr)"
3729419384,7968,217404,273,1,1,12,11,1,51,0.002,0.000,,,,,NVIDIA A100-SXM4-40GB MIG 4g.20gb (0),1,,13,"void channel_eq::eqMmseSoftDemapKernel<float, __half, __half, float, (unsigned int)4, (unsigned short)16383>(channel_eq::_puschRxChEqStatDescr *, channel_eq::_puschRxChEqSoftDemapDynDescr)"
3729432536,282556,217405,1,1,1,32,32,1,30,0.000,0.000,,,,,NVIDIA A100-SXM4-40GB MIG 4g.20gb (0),1,,13,"void convert_kernel<float2, __half2>(tensor_layout_any, T1 *, tensor_layout_any, const T2 *)"
3729718932,10944,217417,2253,1,1,128,1,1,16,0.000,0.000,,,,,NVIDIA A100-SXM4-40GB MIG 4g.20gb (0),1,,13,cupy_copy__float16_float16
3729734292,3520,217426,282,1,1,128,1,1,16,0.000,0.000,,,,,NVIDIA A100-SXM4-40GB MIG 4g.20gb (0),1,,13,cupy_copy__complex64_complex64
3729740468,2176,217435,26,1,1,128,1,1,16,0.000,0.000,,,,,NVIDIA A100-SXM4-40GB MIG 4g.20gb (0),1,,13,cupy_copy__float32_float32
3729744788,3264,217444,103,1,1,128,1,1,16,0.000,0.000,,,,,NVIDIA A100-SXM4-40GB MIG 4g.20gb (0),1,,13,cupy_copy__complex64_complex64
3729797043,11968,217460,1434,1,1,128,1,1,16,0.000,0.000,,,,,NVIDIA A100-SXM4-40GB MIG 4g.20gb (0),1,,13,cupy_copy__complex64_complex64
3729911986,82335,217465,1,1,1,32,32,1,30,0.000,0.000,,,,,NVIDIA A100-SXM4-40GB MIG 4g.20gb (0),1,,13,"void convert_kernel<__half2, float2>(tensor_layout_any, T1 *, tensor_layout_any, const T2 *)"
3730021553,5567,217468,,,,,,,,,,0.094,16830.519,Pinned,Device,NVIDIA A100-SXM4-40GB MIG 4g.20gb (0),1,,13,[CUDA memcpy Host-to-Device]
3730032688,597657,217469,,,,,,,,,,456.561,763827.289,Device,,NVIDIA A100-SXM4-40GB MIG 4g.20gb (0),1,,13,[CUDA memset]
3730634057,135678,217474,,,,,,,,,,1.235,9101.537,Pinned,Device,NVIDIA A100-SXM4-40GB MIG 4g.20gb (0),1,,13,[CUDA memcpy Host-to-Device]
3730782183,39968,217475,,,,,,,,,,0.197,4919.132,Pinned,Device,NVIDIA A100-SXM4-40GB MIG 4g.20gb (0),1,,13,[CUDA memcpy Host-to-Device]
3730842182,7968,217476,69,4,1,48,1,1,76,0.002,0.000,,,,,NVIDIA A100-SXM4-40GB MIG 4g.20gb (0),1,,13,"void ch_est::windowedChEstPreNoDftSOfdmKernel<float, __half, float, (unsigned int)2, (unsigned int)1, (unsigned short)4>(ch_est::puschRxChEstStatDescr_t *, ch_est::puschRxChEstDynDescr_t *)"
3730857766,6464,217477,137,2,1,24,2,1,44,0.001,0.001,,,,,NVIDIA A100-SXM4-40GB MIG 4g.20gb (0),1,,13,"void ch_est::chEstFilterNoDftSOfdmDispatchKernel<float, __half, float, (unsigned int)2>(ch_est::puschRxChEstStatDescr_t *, ch_est::puschRxChEstDynDescr_t *)"
3730871142,4704,217478,137,2,1,24,2,1,44,0.001,0.001,,,,,NVIDIA A100-SXM4-40GB MIG 4g.20gb (0),1,,13,"void ch_est::chEstFilterNoDftSOfdmDispatchKernel<float, __half, float, (unsigned int)2>(ch_est::puschRxChEstStatDescr_t *, ch_est::puschRxChEstDynDescr_t *)"
3730885670,2656,217489,103,1,1,128,1,1,16,0.000,0.000,,,,,NVIDIA A100-SXM4-40GB MIG 4g.20gb (0),1,,13,cupy_copy__complex64_complex64
3730897990,12768,217499,1434,1,1,128,1,1,16,0.000,0.000,,,,,NVIDIA A100-SXM4-40GB MIG 4g.20gb (0),1,,13,cupy_copy__complex64_complex64
3730919621,2912,217506,103,1,1,128,1,1,16,0.000,0.000,,,,,NVIDIA A100-SXM4-40GB MIG 4g.20gb (0),1,,13,cupy_copy__complex64_complex64
3730927749,85887,217513,1,1,1,32,32,1,30,0.000,0.000,,,,,NVIDIA A100-SXM4-40GB MIG 4g.20gb (0),1,,13,"void convert_kernel<__half2, float2>(tensor_layout_any, T1 *, tensor_layout_any, const T2 *)"
3731046020,14368,217516,,,,,,,,,,0.094,6521.148,Pinned,Device,NVIDIA A100-SXM4-40GB MIG 4g.20gb (0),1,,13,[CUDA memcpy Host-to-Device]
3731072004,45887,217517,,,,,,,,,,35.810,780369.777,Device,,NVIDIA A100-SXM4-40GB MIG 4g.20gb (0),1,,13,[CUDA memset]
3731126179,11680,217519,,,,,,,,,,0.000,6.849,Pinned,Device,NVIDIA A100-SXM4-40GB MIG 4g.20gb (0),1,,13,[CUDA memcpy Host-to-Device]
3731146307,23391,217520,,,,,,,,,,0.197,8405.189,Pinned,Device,NVIDIA A100-SXM4-40GB MIG 4g.20gb (0),1,,13,[CUDA memcpy Host-to-Device]
3731193666,9920,217521,273,1,1,48,1,1,40,0.000,0.001,,,,,NVIDIA A100-SXM4-40GB MIG 4g.20gb (0),1,,13,"void pusch_noise_intf_est::noiseIntfEstNoDftSOfdmKernel<float, __half, float, float, (unsigned int)2, (unsigned int)1, (unsigned char)4, (unsigned char)4>(pusch_noise_intf_est::puschRxNoiseIntfEstDynDescr)"
3731210306,2752,217532,35,1,1,128,1,1,16,0.000,0.000,,,,,NVIDIA A100-SXM4-40GB MIG 4g.20gb (0),1,,13,cupy_copy__complex64_complex64
3731226690,1728,217541,1,1,1,1,1,1,18,0.000,0.000,,,,,NVIDIA A100-SXM4-40GB MIG 4g.20gb (0),1,,13,cupy_copy__float32_float32
3731234722,8031,217547,,,,,,,,,,0.000,0.498,Device,Pageable,NVIDIA A100-SXM4-40GB MIG 4g.20gb (0),1,,7,[CUDA memcpy Device-to-Host]
3731322592,12960,217558,1434,1,1,128,1,1,16,0.000,0.000,,,,,NVIDIA A100-SXM4-40GB MIG 4g.20gb (0),1,,13,cupy_copy__complex64_complex64
3731349696,5728,217565,103,1,1,128,1,1,16,0.000,0.000,,,,,NVIDIA A100-SXM4-40GB MIG 4g.20gb (0),1,,13,cupy_copy__complex64_complex64
3731368768,2592,217572,35,1,1,128,1,1,16,0.000,0.000,,,,,NVIDIA A100-SXM4-40GB MIG 4g.20gb (0),1,,13,cupy_copy__complex64_complex64
3731384512,2112,217579,1,1,1,1,1,1,18,0.000,0.000,,,,,NVIDIA A100-SXM4-40GB MIG 4g.20gb (0),1,,13,cupy_copy__float32_float32
3731519230,88639,217590,1,1,1,32,32,1,30,0.000,0.000,,,,,NVIDIA A100-SXM4-40GB MIG 4g.20gb (0),1,,13,"void convert_kernel<__half2, float2>(tensor_layout_any, T1 *, tensor_layout_any, const T2 *)"
3731639773,12287,217593,,,,,,,,,,0.094,7625.543,Pinned,Device,NVIDIA A100-SXM4-40GB MIG 4g.20gb (0),1,,13,[CUDA memcpy Host-to-Device]
3731656924,3488,217594,,,,,,,,,,1.547,443412.461,Device,,NVIDIA A100-SXM4-40GB MIG 4g.20gb (0),1,,13,[CUDA memset]
3731667548,6144,217599,,,,,,,,,,0.031,5093.737,Pinned,Device,NVIDIA A100-SXM4-40GB MIG 4g.20gb (0),1,,13,[CUDA memcpy Host-to-Device]
3731676636,12480,217600,,,,,,,,,,0.197,15753.806,Pinned,Device,NVIDIA A100-SXM4-40GB MIG 4g.20gb (0),1,,13,[CUDA memcpy Host-to-Device]
3731700412,6176,217601,273,1,1,8,4,1,39,0.002,0.000,,,,,NVIDIA A100-SXM4-40GB MIG 4g.20gb (0),1,,13,"void channel_eq::eqMmseCoefCompLowMimoKernel<float, float, float, (unsigned int)4, (unsigned int)1, (unsigned int)4>(const channel_eq::_puschRxChEqStatDescr *, channel_eq::_puschRxChEqCoefCompDynDescr)"
3731709948,6080,217602,273,1,1,12,11,1,51,0.002,0.000,,,,,NVIDIA A100-SXM4-40GB MIG 4g.20gb (0),1,,13,"void channel_eq::eqMmseSoftDemapKernel<float, __half, __half, float, (unsigned int)4, (unsigned short)16383>(channel_eq::_puschRxChEqStatDescr *, channel_eq::_puschRxChEqSoftDemapDynDescr)"
3731719580,295196,217603,1,1,1,32,32,1,30,0.000,0.000,,,,,NVIDIA A100-SXM4-40GB MIG 4g.20gb (0),1,,13,"void convert_kernel<float2, __half2>(tensor_layout_any, T1 *, tensor_layout_any, const T2 *)"
3732015768,10944,217615,2253,1,1,128,1,1,16,0.000,0.000,,,,,NVIDIA A100-SXM4-40GB MIG 4g.20gb (0),1,,13,cupy_copy__float16_float16
3732030808,3648,217624,282,1,1,128,1,1,16,0.000,0.000,,,,,NVIDIA A100-SXM4-40GB MIG 4g.20gb (0),1,,13,cupy_copy__complex64_complex64
3732038744,2016,217633,26,1,1,128,1,1,16,0.000,0.000,,,,,NVIDIA A100-SXM4-40GB MIG 4g.20gb (0),1,,13,cupy_copy__float32_float32
3732043448,4639,217642,103,1,1,128,1,1,16,0.000,0.000,,,,,NVIDIA A100-SXM4-40GB MIG 4g.20gb (0),1,,13,cupy_copy__complex64_complex64
3732050487,11968,217652,1434,1,1,128,1,1,16,0.000,0.000,,,,,NVIDIA A100-SXM4-40GB MIG 4g.20gb (0),1,,13,cupy_copy__complex64_complex64
3732065015,87295,217657,1,1,1,32,32,1,30,0.000,0.000,,,,,NVIDIA A100-SXM4-40GB MIG 4g.20gb (0),1,,13,"void convert_kernel<__half2, float2>(tensor_layout_any, T1 *, tensor_layout_any, const T2 *)"
3732179958,5792,217660,,,,,,,,,,0.094,16176.708,Pinned,Device,NVIDIA A100-SXM4-40GB MIG 4g.20gb (0),1,,13,[CUDA memcpy Host-to-Device]
3732191894,595672,217661,,,,,,,,,,456.561,766110.096,Device,,NVIDIA A100-SXM4-40GB MIG 4g.20gb (0),1,,13,[CUDA memset]
3732794478,186494,217666,,,,,,,,,,1.235,6621.770,Pinned,Device,NVIDIA A100-SXM4-40GB MIG 4g.20gb (0),1,,13,[CUDA memcpy Host-to-Device]
3732992268,41247,217667,,,,,,,,,,0.197,4766.564,Pinned,Device,NVIDIA A100-SXM4-40GB MIG 4g.20gb (0),1,,13,[CUDA memcpy Host-to-Device]
3733055371,8352,217668,69,4,1,48,1,1,76,0.002,0.000,,,,,NVIDIA A100-SXM4-40GB MIG 4g.20gb (0),1,,13,"void ch_est::windowedChEstPreNoDftSOfdmKernel<float, __half, float, (unsigned int)2, (unsigned int)1, (unsigned short)4>(ch_est::puschRxChEstStatDescr_t *, ch_est::puschRxChEstDynDescr_t *)"
3733074539,6944,217669,137,2,1,24,2,1,44,0.001,0.001,,,,,NVIDIA A100-SXM4-40GB MIG 4g.20gb (0),1,,13,"void ch_est::chEstFilterNoDftSOfdmDispatchKernel<float, __half, float, (unsigned int)2>(ch_est::puschRxChEstStatDescr_t *, ch_est::puschRxChEstDynDescr_t *)"
3733091307,4768,217670,137,2,1,24,2,1,44,0.001,0.001,,,,,NVIDIA A100-SXM4-40GB MIG 4g.20gb (0),1,,13,"void ch_est::chEstFilterNoDftSOfdmDispatchKernel<float, __half, float, (unsigned int)2>(ch_est::puschRxChEstStatDescr_t *, ch_est::puschRxChEstDynDescr_t *)"
3733108458,2528,217681,103,1,1,128,1,1,16,0.000,0.000,,,,,NVIDIA A100-SXM4-40GB MIG 4g.20gb (0),1,,13,cupy_copy__complex64_complex64
3733126826,12800,217691,1434,1,1,128,1,1,16,0.000,0.000,,,,,NVIDIA A100-SXM4-40GB MIG 4g.20gb (0),1,,13,cupy_copy__complex64_complex64
3733146026,2880,217698,103,1,1,128,1,1,16,0.000,0.000,,,,,NVIDIA A100-SXM4-40GB MIG 4g.20gb (0),1,,13,cupy_copy__complex64_complex64
3733172714,86910,217705,1,1,1,32,32,1,30,0.000,0.000,,,,,NVIDIA A100-SXM4-40GB MIG 4g.20gb (0),1,,13,"void convert_kernel<__half2, float2>(tensor_layout_any, T1 *, tensor_layout_any, const T2 *)"
3733291080,26624,217708,,,,,,,,,,0.094,3519.222,Pinned,Device,NVIDIA A100-SXM4-40GB MIG 4g.20gb (0),1,,13,[CUDA memcpy Host-to-Device]
3733342823,47552,217709,,,,,,,,,,35.810,753046.808,Device,,NVIDIA A100-SXM4-40GB MIG 4g.20gb (0),1,,13,[CUDA memset]
3733397383,9920,217711,,,,,,,,,,0.000,8.064,Pinned,Device,NVIDIA A100-SXM4-40GB MIG 4g.20gb (0),1,,13,[CUDA memcpy Host-to-Device]
3733415239,25311,217712,,,,,,,,,,0.197,7767.589,Pinned,Device,NVIDIA A100-SXM4-40GB MIG 4g.20gb (0),1,,13,[CUDA memcpy Host-to-Device]
3733462790,9856,217713,273,1,1,48,1,1,40,0.000,0.001,,,,,NVIDIA A100-SXM4-40GB MIG 4g.20gb (0),1,,13,"void pusch_noise_intf_est::noiseIntfEstNoDftSOfdmKernel<float, __half, float, float, (unsigned int)2, (unsigned int)1, (unsigned char)4, (unsigned char)4>(pusch_noise_intf_est::puschRxNoiseIntfEstDynDescr)"
3733490214,2624,217724,35,1,1,128,1,1,16,0.000,0.000,,,,,NVIDIA A100-SXM4-40GB MIG 4g.20gb (0),1,,13,cupy_copy__complex64_complex64
3733506149,1696,217733,1,1,1,1,1,1,18,0.000,0.000,,,,,NVIDIA A100-SXM4-40GB MIG 4g.20gb (0),1,,13,cupy_copy__float32_float32
3733516069,4992,217739,,,,,,,,,,0.000,0.801,Device,Pageable,NVIDIA A100-SXM4-40GB MIG 4g.20gb (0),1,,7,[CUDA memcpy Device-to-Host]
3733590372,13088,217750,1434,1,1,128,1,1,16,0.000,0.000,,,,,NVIDIA A100-SXM4-40GB MIG 4g.20gb (0),1,,13,cupy_copy__complex64_complex64
3733620452,3392,217757,103,1,1,128,1,1,16,0.000,0.000,,,,,NVIDIA A100-SXM4-40GB MIG 4g.20gb (0),1,,13,cupy_copy__complex64_complex64
3733637636,2368,217764,35,1,1,128,1,1,16,0.000,0.000,,,,,NVIDIA A100-SXM4-40GB MIG 4g.20gb (0),1,,13,cupy_copy__complex64_complex64
3733656324,1792,217771,1,1,1,1,1,1,18,0.000,0.000,,,,,NVIDIA A100-SXM4-40GB MIG 4g.20gb (0),1,,13,cupy_copy__float32_float32
3733784770,81695,217782,1,1,1,32,32,1,30,0.000,0.000,,,,,NVIDIA A100-SXM4-40GB MIG 4g.20gb (0),1,,13,"void convert_kernel<__half2, float2>(tensor_layout_any, T1 *, tensor_layout_any, const T2 *)"
3733894433,5472,217785,,,,,,,,,,0.094,17122.757,Pinned,Device,NVIDIA A100-SXM4-40GB MIG 4g.20gb (0),1,,13,[CUDA memcpy Host-to-Device]
3733908544,3552,217786,,,,,,,,,,1.547,435422.601,Device,,NVIDIA A100-SXM4-40GB MIG 4g.20gb (0),1,,13,[CUDA memset]
3733915296,3296,217791,,,,,,,,,,0.031,9495.144,Pinned,Device,NVIDIA A100-SXM4-40GB MIG 4g.20gb (0),1,,13,[CUDA memcpy Host-to-Device]
3733921120,9696,217792,,,,,,,,,,0.197,20277.166,Pinned,Device,NVIDIA A100-SXM4-40GB MIG 4g.20gb (0),1,,13,[CUDA memcpy Host-to-Device]
3733936992,6496,217793,273,1,1,8,4,1,39,0.002,0.000,,,,,NVIDIA A100-SXM4-40GB MIG 4g.20gb (0),1,,13,"void channel_eq::eqMmseCoefCompLowMimoKernel<float, float, float, (unsigned int)4, (unsigned int)1, (unsigned int)4>(const channel_eq::_puschRxChEqStatDescr *, channel_eq::_puschRxChEqCoefCompDynDescr)"
3733944480,8032,217794,273,1,1,12,11,1,51,0.002,0.000,,,,,NVIDIA A100-SXM4-40GB MIG 4g.20gb (0),1,,13,"void channel_eq::eqMmseSoftDemapKernel<float, __half, __half, float, (unsigned int)4, (unsigned short)16383>(channel_eq::_puschRxChEqStatDescr *, channel_eq::_puschRxChEqSoftDemapDynDescr)"
3733953952,294332,217795,1,1,1,32,32,1,30,0.000,0.000,,,,,NVIDIA A100-SXM4-40GB MIG 4g.20gb (0),1,,13,"void convert_kernel<float2, __half2>(tensor_layout_any, T1 *, tensor_layout_any, const T2 *)"
3734250780,10912,217807,2253,1,1,128,1,1,16,0.000,0.000,,,,,NVIDIA A100-SXM4-40GB MIG 4g.20gb (0),1,,13,cupy_copy__float16_float16
3734265372,3616,217816,282,1,1,128,1,1,16,0.000,0.000,,,,,NVIDIA A100-SXM4-40GB MIG 4g.20gb (0),1,,13,cupy_copy__complex64_complex64
3734271740,2368,217825,26,1,1,128,1,1,16,0.000,0.000,,,,,NVIDIA A100-SXM4-40GB MIG 4g.20gb (0),1,,13,cupy_copy__float32_float32
3734276924,2912,217834,103,1,1,128,1,1,16,0.000,0.000,,,,,NVIDIA A100-SXM4-40GB MIG 4g.20gb (0),1,,13,cupy_copy__complex64_complex64
3734281244,12576,217844,1434,1,1,128,1,1,16,0.000,0.000,,,,,NVIDIA A100-SXM4-40GB MIG 4g.20gb (0),1,,13,cupy_copy__complex64_complex64
3734297020,86335,217849,1,1,1,32,32,1,30,0.000,0.000,,,,,NVIDIA A100-SXM4-40GB MIG 4g.20gb (0),1,,13,"void convert_kernel<__half2, float2>(tensor_layout_any, T1 *, tensor_layout_any, const T2 *)"
3734410938,5696,217852,,,,,,,,,,0.094,16449.363,Pinned,Device,NVIDIA A100-SXM4-40GB MIG 4g.20gb (0),1,,13,[CUDA memcpy Host-to-Device]
3734420890,600313,217853,,,,,,,,,,456.561,760174.798,Device,,NVIDIA A100-SXM4-40GB MIG 4g.20gb (0),1,,13,[CUDA memset]
3735025523,73119,217858,,,,,,,,,,1.235,16889.094,Pinned,Device,NVIDIA A100-SXM4-40GB MIG 4g.20gb (0),1,,13,[CUDA memcpy Host-to-Device]
3735102898,19039,217859,,,,,,,,,,0.197,10326.442,Pinned,Device,NVIDIA A100-SXM4-40GB MIG 4g.20gb (0),1,,13,[CUDA memcpy Host-to-Device]
3735133393,8576,217860,69,4,1,48,1,1,76,0.002,0.000,,,,,NVIDIA A100-SXM4-40GB MIG 4g.20gb (0),1,,13,"void ch_est::windowedChEstPreNoDftSOfdmKernel<float, __half, float, (unsigned int)2, (unsigned int)1, (unsigned short)4>(ch_est::puschRxChEstStatDescr_t *, ch_est::puschRxChEstDynDescr_t *)"
3735148945,7488,217861,137,2,1,24,2,1,44,0.001,0.001,,,,,NVIDIA A100-SXM4-40GB MIG 4g.20gb (0),1,,13,"void ch_est::chEstFilterNoDftSOfdmDispatchKernel<float, __half, float, (unsigned int)2>(ch_est::puschRxChEstStatDescr_t *, ch_est::puschRxChEstDynDescr_t *)"
3735163345,6240,217862,137,2,1,24,2,1,44,0.001,0.001,,,,,NVIDIA A100-SXM4-40GB MIG 4g.20gb (0),1,,13,"void ch_est::chEstFilterNoDftSOfdmDispatchKernel<float, __half, float, (unsigned int)2>(ch_est::puschRxChEstStatDescr_t *, ch_est::puschRxChEstDynDescr_t *)"
3735171249,3104,217873,103,1,1,128,1,1,16,0.000,0.000,,,,,NVIDIA A100-SXM4-40GB MIG 4g.20gb (0),1,,13,cupy_copy__complex64_complex64
3735179153,12640,217883,1434,1,1,128,1,1,16,0.000,0.000,,,,,NVIDIA A100-SXM4-40GB MIG 4g.20gb (0),1,,13,cupy_copy__complex64_complex64
3735196497,2912,217890,103,1,1,128,1,1,16,0.000,0.000,,,,,NVIDIA A100-SXM4-40GB MIG 4g.20gb (0),1,,13,cupy_copy__complex64_complex64
3735204208,87615,217897,1,1,1,32,32,1,30,0.000,0.000,,,,,NVIDIA A100-SXM4-40GB MIG 4g.20gb (0),1,,13,"void convert_kernel<__half2, float2>(tensor_layout_any, T1 *, tensor_layout_any, const T2 *)"
3735323631,13600,217900,,,,,,,,,,0.094,6889.373,Pinned,Device,NVIDIA A100-SXM4-40GB MIG 4g.20gb (0),1,,13,[CUDA memcpy Host-to-Device]
3735343503,46687,217901,,,,,,,,,,35.810,767012.676,Device,,NVIDIA A100-SXM4-40GB MIG 4g.20gb (0),1,,13,[CUDA memset]
3735394350,8864,217903,,,,,,,,,,0.000,9.025,Pinned,Device,NVIDIA A100-SXM4-40GB MIG 4g.20gb (0),1,,13,[CUDA memcpy Host-to-Device]
3735408046,16608,217904,,,,,,,,,,0.197,11837.964,Pinned,Device,NVIDIA A100-SXM4-40GB MIG 4g.20gb (0),1,,13,[CUDA memcpy Host-to-Device]
3735444077,8704,217905,273,1,1,48,1,1,40,0.000,0.001,,,,,NVIDIA A100-SXM4-40GB MIG 4g.20gb (0),1,,13,"void pusch_noise_intf_est::noiseIntfEstNoDftSOfdmKernel<float, __half, float, float, (unsigned int)2, (unsigned int)1, (unsigned char)4, (unsigned char)4>(pusch_noise_intf_est::puschRxNoiseIntfEstDynDescr)"
3735456685,2752,217916,35,1,1,128,1,1,16,0.000,0.000,,,,,NVIDIA A100-SXM4-40GB MIG 4g.20gb (0),1,,13,cupy_copy__complex64_complex64
3735466285,1728,217925,1,1,1,1,1,1,18,0.000,0.000,,,,,NVIDIA A100-SXM4-40GB MIG 4g.20gb (0),1,,13,cupy_copy__float32_float32
3735481965,7040,217931,,,,,,,,,,0.000,0.568,Device,Pageable,NVIDIA A100-SXM4-40GB MIG 4g.20gb (0),1,,7,[CUDA memcpy Device-to-Host]
3735562348,13184,217942,1434,1,1,128,1,1,16,0.000,0.000,,,,,NVIDIA A100-SXM4-40GB MIG 4g.20gb (0),1,,13,cupy_copy__complex64_complex64
3735591116,3392,217949,103,1,1,128,1,1,16,0.000,0.000,,,,,NVIDIA A100-SXM4-40GB MIG 4g.20gb (0),1,,13,cupy_copy__complex64_complex64
3735610571,2592,217956,35,1,1,128,1,1,16,0.000,0.000,,,,,NVIDIA A100-SXM4-40GB MIG 4g.20gb (0),1,,13,cupy_copy__complex64_complex64
3735627659,1856,217963,1,1,1,1,1,1,18,0.000,0.000,,,,,NVIDIA A100-SXM4-40GB MIG 4g.20gb (0),1,,13,cupy_copy__float32_float32
3735750410,87423,217974,1,1,1,32,32,1,30,0.000,0.000,,,,,NVIDIA A100-SXM4-40GB MIG 4g.20gb (0),1,,13,"void convert_kernel<__half2, float2>(tensor_layout_any, T1 *, tensor_layout_any, const T2 *)"
3735865224,5632,217977,,,,,,,,,,0.094,16636.287,Pinned,Device,NVIDIA A100-SXM4-40GB MIG 4g.20gb (0),1,,13,[CUDA memcpy Host-to-Device]
3735879976,3424,217978,,,,,,,,,,1.547,451700.819,Device,,NVIDIA A100-SXM4-40GB MIG 4g.20gb (0),1,,13,[CUDA memset]
3735886696,3552,217983,,,,,,,,,,0.031,8810.794,Pinned,Device,NVIDIA A100-SXM4-40GB MIG 4g.20gb (0),1,,13,[CUDA memcpy Host-to-Device]
3735892808,9888,217984,,,,,,,,,,0.197,19883.360,Pinned,Device,NVIDIA A100-SXM4-40GB MIG 4g.20gb (0),1,,13,[CUDA memcpy Host-to-Device]
3735906888,6656,217985,273,1,1,8,4,1,39,0.002,0.000,,,,,NVIDIA A100-SXM4-40GB MIG 4g.20gb (0),1,,13,"void channel_eq::eqMmseCoefCompLowMimoKernel<float, float, float, (unsigned int)4, (unsigned int)1, (unsigned int)4>(const channel_eq::_puschRxChEqStatDescr *, channel_eq::_puschRxChEqCoefCompDynDescr)"
3735914504,6464,217986,273,1,1,12,11,1,51,0.002,0.000,,,,,NVIDIA A100-SXM4-40GB MIG 4g.20gb (0),1,,13,"void channel_eq::eqMmseSoftDemapKernel<float, __half, __half, float, (unsigned int)4, (unsigned short)16383>(channel_eq::_puschRxChEqStatDescr *, channel_eq::_puschRxChEqSoftDemapDynDescr)"
3735922056,282204,217987,1,1,1,32,32,1,30,0.000,0.000,,,,,NVIDIA A100-SXM4-40GB MIG 4g.20gb (0),1,,13,"void convert_kernel<float2, __half2>(tensor_layout_any, T1 *, tensor_layout_any, const T2 *)"
3736205284,11008,217999,2253,1,1,128,1,1,16,0.000,0.000,,,,,NVIDIA A100-SXM4-40GB MIG 4g.20gb (0),1,,13,cupy_copy__float16_float16
3736218148,3136,218008,282,1,1,128,1,1,16,0.000,0.000,,,,,NVIDIA A100-SXM4-40GB MIG 4g.20gb (0),1,,13,cupy_copy__complex64_complex64
3736223332,2304,218017,26,1,1,128,1,1,16,0.000,0.000,,,,,NVIDIA A100-SXM4-40GB MIG 4g.20gb (0),1,,13,cupy_copy__float32_float32
3736227556,2880,218026,103,1,1,128,1,1,16,0.000,0.000,,,,,NVIDIA A100-SXM4-40GB MIG 4g.20gb (0),1,,13,cupy_copy__complex64_complex64
3736232676,12608,218036,1434,1,1,128,1,1,16,0.000,0.000,,,,,NVIDIA A100-SXM4-40GB MIG 4g.20gb (0),1,,13,cupy_copy__complex64_complex64
3736255427,87615,218041,1,1,1,32,32,1,30,0.000,0.000,,,,,NVIDIA A100-SXM4-40GB MIG 4g.20gb (0),1,,13,"void convert_kernel<__half2, float2>(tensor_layout_any, T1 *, tensor_layout_any, const T2 *)"
3736370594,5504,218044,,,,,,,,,,0.094,17023.251,Pinned,Device,NVIDIA A100-SXM4-40GB MIG 4g.20gb (0),1,,13,[CUDA memcpy Host-to-Device]
3736380802,599064,218045,,,,,,,,,,456.561,762001.043,Device,,NVIDIA A100-SXM4-40GB MIG 4g.20gb (0),1,,13,[CUDA memset]
3736987482,114751,218050,,,,,,,,,,1.235,10761.302,Pinned,Device,NVIDIA A100-SXM4-40GB MIG 4g.20gb (0),1,,13,[CUDA memcpy Host-to-Device]
3737110905,31135,218051,,,,,,,,,,0.197,6314.656,Pinned,Device,NVIDIA A100-SXM4-40GB MIG 4g.20gb (0),1,,13,[CUDA memcpy Host-to-Device]
3737164760,8416,218052,69,4,1,48,1,1,76,0.002,0.000,,,,,NVIDIA A100-SXM4-40GB MIG 4g.20gb (0),1,,13,"void ch_est::windowedChEstPreNoDftSOfdmKernel<float, __half, float, (unsigned int)2, (unsigned int)1, (unsigned short)4>(ch_est::puschRxChEstStatDescr_t *, ch_est::puschRxChEstDynDescr_t *)"
3737180440,7072,218053,137,2,1,24,2,1,44,0.001,0.001,,,,,NVIDIA A100-SXM4-40GB MIG 4g.20gb (0),1,,13,"void ch_est::chEstFilterNoDftSOfdmDispatchKernel<float, __half, float, (unsigned int)2>(ch_est::puschRxChEstStatDescr_t *, ch_est::puschRxChEstDynDescr_t *)"
3737194200,4896,218054,137,2,1,24,2,1,44,0.001,0.001,,,,,NVIDIA A100-SXM4-40GB MIG 4g.20gb (0),1,,13,"void ch_est::chEstFilterNoDftSOfdmDispatchKernel<float, __half, float, (unsigned int)2>(ch_est::puschRxChEstStatDescr_t *, ch_est::puschRxChEstDynDescr_t *)"
3737205208,2656,218065,103,1,1,128,1,1,16,0.000,0.000,,,,,NVIDIA A100-SXM4-40GB MIG 4g.20gb (0),1,,13,cupy_copy__complex64_complex64
3737214616,12543,218075,1434,1,1,128,1,1,16,0.000,0.000,,,,,NVIDIA A100-SXM4-40GB MIG 4g.20gb (0),1,,13,cupy_copy__complex64_complex64
3737233015,2464,218082,103,1,1,128,1,1,16,0.000,0.000,,,,,NVIDIA A100-SXM4-40GB MIG 4g.20gb (0),1,,13,cupy_copy__complex64_complex64
3737243639,83775,218089,1,1,1,32,32,1,30,0.000,0.000,,,,,NVIDIA A100-SXM4-40GB MIG 4g.20gb (0),1,,13,"void convert_kernel<__half2, float2>(tensor_layout_any, T1 *, tensor_layout_any, const T2 *)"
3737355734,5696,218092,,,,,,,,,,0.094,16449.363,Pinned,Device,NVIDIA A100-SXM4-40GB MIG 4g.20gb (0),1,,13,[CUDA memcpy Host-to-Device]
3737372118,46239,218093,,,,,,,,,,35.810,774425.330,Device,,NVIDIA A100-SXM4-40GB MIG 4g.20gb (0),1,,13,[CUDA memset]
3737425557,3968,218095,,,,,,,,,,0.000,20.161,Pinned,Device,NVIDIA A100-SXM4-40GB MIG 4g.20gb (0),1,,13,[CUDA memcpy Host-to-Device]
3737434101,11424,218096,,,,,,,,,,0.197,17210.081,Pinned,Device,NVIDIA A100-SXM4-40GB MIG 4g.20gb (0),1,,13,[CUDA memcpy Host-to-Device]
3737453525,10976,218097,273,1,1,48,1,1,40,0.000,0.001,,,,,NVIDIA A100-SXM4-40GB MIG 4g.20gb (0),1,,13,"void pusch_noise_intf_est::noiseIntfEstNoDftSOfdmKernel<float, __half, float, float, (unsigned int)2, (unsigned int)1, (unsigned char)4, (unsigned char)4>(pusch_noise_intf_est::puschRxNoiseIntfEstDynDescr)"
3737466420,3104,218108,35,1,1,128,1,1,16,0.000,0.000,,,,,NVIDIA A100-SXM4-40GB MIG 4g.20gb (0),1,,13,cupy_copy__complex64_complex64
3737479476,1920,218117,1,1,1,1,1,1,18,0.000,0.000,,,,,NVIDIA A100-SXM4-40GB MIG 4g.20gb (0),1,,13,cupy_copy__float32_float32
3737508820,1600,218123,,,,,,,,,,0.000,2.500,Device,Pageable,NVIDIA A100-SXM4-40GB MIG 4g.20gb (0),1,,7,[CUDA memcpy Device-to-Host]
3737569331,12800,218134,1434,1,1,128,1,1,16,0.000,0.000,,,,,NVIDIA A100-SXM4-40GB MIG 4g.20gb (0),1,,13,cupy_copy__complex64_complex64
3737595155,2976,218141,103,1,1,128,1,1,16,0.000,0.000,,,,,NVIDIA A100-SXM4-40GB MIG 4g.20gb (0),1,,13,cupy_copy__complex64_complex64
3737615411,2176,218148,35,1,1,128,1,1,16,0.000,0.000,,,,,NVIDIA A100-SXM4-40GB MIG 4g.20gb (0),1,,13,cupy_copy__complex64_complex64
3737633746,2048,218155,1,1,1,1,1,1,18,0.000,0.000,,,,,NVIDIA A100-SXM4-40GB MIG 4g.20gb (0),1,,13,cupy_copy__float32_float32
3737766897,82207,218166,1,1,1,32,32,1,30,0.000,0.000,,,,,NVIDIA A100-SXM4-40GB MIG 4g.20gb (0),1,,13,"void convert_kernel<__half2, float2>(tensor_layout_any, T1 *, tensor_layout_any, const T2 *)"
3737876143,5984,218169,,,,,,,,,,0.094,15657.726,Pinned,Device,NVIDIA A100-SXM4-40GB MIG 4g.20gb (0),1,,13,[CUDA memcpy Host-to-Device]
3737890255,3328,218170,,,,,,,,,,1.547,464729.580,Device,,NVIDIA A100-SXM4-40GB MIG 4g.20gb (0),1,,13,[CUDA memset]
3737897103,3456,218175,,,,,,,,,,0.031,9055.529,Pinned,Device,NVIDIA A100-SXM4-40GB MIG 4g.20gb (0),1,,13,[CUDA memcpy Host-to-Device]
3737903727,9408,218176,,,,,,,,,,0.197,20897.858,Pinned,Device,NVIDIA A100-SXM4-40GB MIG 4g.20gb (0),1,,13,[CUDA memcpy Host-to-Device]
3737917455,8224,218177,273,1,1,8,4,1,39,0.002,0.000,,,,,NVIDIA A100-SXM4-40GB MIG 4g.20gb (0),1,,13,"void channel_eq::eqMmseCoefCompLowMimoKernel<float, float, float, (unsigned int)4, (unsigned int)1, (unsigned int)4>(const channel_eq::_puschRxChEqStatDescr *, channel_eq::_puschRxChEqCoefCompDynDescr)"
3737927887,6240,218178,273,1,1,12,11,1,51,0.002,0.000,,,,,NVIDIA A100-SXM4-40GB MIG 4g.20gb (0),1,,13,"void channel_eq::eqMmseSoftDemapKernel<float, __half, __half, float, (unsigned int)4, (unsigned short)16383>(channel_eq::_puschRxChEqStatDescr *, channel_eq::_puschRxChEqSoftDemapDynDescr)"
3737937135,294652,218179,1,1,1,32,32,1,30,0.000,0.000,,,,,NVIDIA A100-SXM4-40GB MIG 4g.20gb (0),1,,13,"void convert_kernel<float2, __half2>(tensor_layout_any, T1 *, tensor_layout_any, const T2 *)"
3738232779,10912,218191,2253,1,1,128,1,1,16,0.000,0.000,,,,,NVIDIA A100-SXM4-40GB MIG 4g.20gb (0),1,,13,cupy_copy__float16_float16
3738247147,3072,218200,282,1,1,128,1,1,16,0.000,0.000,,,,,NVIDIA A100-SXM4-40GB MIG 4g.20gb (0),1,,13,cupy_copy__complex64_complex64
3738252971,2048,218209,26,1,1,128,1,1,16,0.000,0.000,,,,,NVIDIA A100-SXM4-40GB MIG 4g.20gb (0),1,,13,cupy_copy__float32_float32
3738256203,3264,218218,103,1,1,128,1,1,16,0.000,0.000,,,,,NVIDIA A100-SXM4-40GB MIG 4g.20gb (0),1,,13,cupy_copy__complex64_complex64
3738260427,11904,218228,1434,1,1,128,1,1,16,0.000,0.000,,,,,NVIDIA A100-SXM4-40GB MIG 4g.20gb (0),1,,13,cupy_copy__complex64_complex64
3738277738,82399,218233,1,1,1,32,32,1,30,0.000,0.000,,,,,NVIDIA A100-SXM4-40GB MIG 4g.20gb (0),1,,13,"void convert_kernel<__half2, float2>(tensor_layout_any, T1 *, tensor_layout_any, const T2 *)"
3738388041,5664,218236,,,,,,,,,,0.094,16542.310,Pinned,Device,NVIDIA A100-SXM4-40GB MIG 4g.20gb (0),1,,13,[CUDA memcpy Host-to-Device]
3738398057,596601,218237,,,,,,,,,,456.561,765196.973,Device,,NVIDIA A100-SXM4-40GB MIG 4g.20gb (0),1,,13,[CUDA memset]
3738996258,149310,218242,,,,,,,,,,1.235,8270.420,Pinned,Device,NVIDIA A100-SXM4-40GB MIG 4g.20gb (0),1,,13,[CUDA memcpy Host-to-Device]
3739157568,39711,218243,,,,,,,,,,0.197,4950.786,Pinned,Device,NVIDIA A100-SXM4-40GB MIG 4g.20gb (0),1,,13,[CUDA memcpy Host-to-Device]
3739226111,8288,218244,69,4,1,48,1,1,76,0.002,0.000,,,,,NVIDIA A100-SXM4-40GB MIG 4g.20gb (0),1,,13,"void ch_est::windowedChEstPreNoDftSOfdmKernel<float, __half, float, (unsigned int)2, (unsigned int)1, (unsigned short)4>(ch_est::puschRxChEstStatDescr_t *, ch_est::puschRxChEstDynDescr_t *)"
3739244414,6688,218245,137,2,1,24,2,1,44,0.001,0.001,,,,,NVIDIA A100-SXM4-40GB MIG 4g.20gb (0),1,,13,"void ch_est::chEstFilterNoDftSOfdmDispatchKernel<float, __half, float, (unsigned int)2>(ch_est::puschRxChEstStatDescr_t *, ch_est::puschRxChEstDynDescr_t *)"
3739260222,4736,218246,137,2,1,24,2,1,44,0.001,0.001,,,,,NVIDIA A100-SXM4-40GB MIG 4g.20gb (0),1,,13,"void ch_est::chEstFilterNoDftSOfdmDispatchKernel<float, __half, float, (unsigned int)2>(ch_est::puschRxChEstStatDescr_t *, ch_est::puschRxChEstDynDescr_t *)"
3739277598,2624,218257,103,1,1,128,1,1,16,0.000,0.000,,,,,NVIDIA A100-SXM4-40GB MIG 4g.20gb (0),1,,13,cupy_copy__complex64_complex64
3739292478,12352,218267,1434,1,1,128,1,1,16,0.000,0.000,,,,,NVIDIA A100-SXM4-40GB MIG 4g.20gb (0),1,,13,cupy_copy__complex64_complex64
3739328541,2592,218274,103,1,1,128,1,1,16,0.000,0.000,,,,,NVIDIA A100-SXM4-40GB MIG 4g.20gb (0),1,,13,cupy_copy__complex64_complex64
3739345309,85439,218281,1,1,1,32,32,1,30,0.000,0.000,,,,,NVIDIA A100-SXM4-40GB MIG 4g.20gb (0),1,,13,"void convert_kernel<__half2, float2>(tensor_layout_any, T1 *, tensor_layout_any, const T2 *)"
3739461084,12608,218284,,,,,,,,,,0.094,7431.405,Pinned,Device,NVIDIA A100-SXM4-40GB MIG 4g.20gb (0),1,,13,[CUDA memcpy Host-to-Device]
3739484732,48095,218285,,,,,,,,,,35.810,744559.857,Device,,NVIDIA A100-SXM4-40GB MIG 4g.20gb (0),1,,13,[CUDA memset]
3739536859,4832,218287,,,,,,,,,,0.000,16.556,Pinned,Device,NVIDIA A100-SXM4-40GB MIG 4g.20gb (0),1,,13,[CUDA memcpy Host-to-Device]
3739545627,11104,218288,,,,,,,,,,0.197,17705.927,Pinned,Device,NVIDIA A100-SXM4-40GB MIG 4g.20gb (0),1,,13,[CUDA memcpy Host-to-Device]
3739561979,9727,218289,273,1,1,48,1,1,40,0.000,0.001,,,,,NVIDIA A100-SXM4-40GB MIG 4g.20gb (0),1,,13,"void pusch_noise_intf_est::noiseIntfEstNoDftSOfdmKernel<float, __half, float, float, (unsigned int)2, (unsigned int)1, (unsigned char)4, (unsigned char)4>(pusch_noise_intf_est::puschRxNoiseIntfEstDynDescr)"
3739574522,3104,218300,35,1,1,128,1,1,16,0.000,0.000,,,,,NVIDIA A100-SXM4-40GB MIG 4g.20gb (0),1,,13,cupy_copy__complex64_complex64
3739580218,1856,218309,1,1,1,1,1,1,18,0.000,0.000,,,,,NVIDIA A100-SXM4-40GB MIG 4g.20gb (0),1,,13,cupy_copy__float32_float32
3739610810,1568,218315,,,,,,,,,,0.000,2.551,Device,Pageable,NVIDIA A100-SXM4-40GB MIG 4g.20gb (0),1,,7,[CUDA memcpy Device-to-Host]
3739674521,13216,218326,1434,1,1,128,1,1,16,0.000,0.000,,,,,NVIDIA A100-SXM4-40GB MIG 4g.20gb (0),1,,13,cupy_copy__complex64_complex64
3739699641,2784,218333,103,1,1,128,1,1,16,0.000,0.000,,,,,NVIDIA A100-SXM4-40GB MIG 4g.20gb (0),1,,13,cupy_copy__complex64_complex64
3739718713,2784,218340,35,1,1,128,1,1,16,0.000,0.000,,,,,NVIDIA A100-SXM4-40GB MIG 4g.20gb (0),1,,13,cupy_copy__complex64_complex64
3739736376,1984,218347,1,1,1,1,1,1,18,0.000,0.000,,,,,NVIDIA A100-SXM4-40GB MIG 4g.20gb (0),1,,13,cupy_copy__float32_float32
3739868119,82687,218358,1,1,1,32,32,1,30,0.000,0.000,,,,,NVIDIA A100-SXM4-40GB MIG 4g.20gb (0),1,,13,"void convert_kernel<__half2, float2>(tensor_layout_any, T1 *, tensor_layout_any, const T2 *)"
3739978229,5760,218361,,,,,,,,,,0.094,16266.656,Pinned,Device,NVIDIA A100-SXM4-40GB MIG 4g.20gb (0),1,,13,[CUDA memcpy Host-to-Device]
3739991829,3296,218362,,,,,,,,,,1.547,469242.628,Device,,NVIDIA A100-SXM4-40GB MIG 4g.20gb (0),1,,13,[CUDA memset]
3739998677,3040,218367,,,,,,,,,,0.031,10294.725,Pinned,Device,NVIDIA A100-SXM4-40GB MIG 4g.20gb (0),1,,13,[CUDA memcpy Host-to-Device]
3740004245,9920,218368,,,,,,,,,,0.197,19819.266,Pinned,Device,NVIDIA A100-SXM4-40GB MIG 4g.20gb (0),1,,13,[CUDA memcpy Host-to-Device]
3740019669,6400,218369,273,1,1,8,4,1,39,0.002,0.000,,,,,NVIDIA A100-SXM4-40GB MIG 4g.20gb (0),1,,13,"void channel_eq::eqMmseCoefCompLowMimoKernel<float, float, float, (unsigned int)4, (unsigned int)1, (unsigned int)4>(const channel_eq::_puschRxChEqStatDescr *, channel_eq::_puschRxChEqCoefCompDynDescr)"
3740028917,7168,218370,273,1,1,12,11,1,51,0.002,0.000,,,,,NVIDIA A100-SXM4-40GB MIG 4g.20gb (0),1,,13,"void channel_eq::eqMmseSoftDemapKernel<float, __half, __half, float, (unsigned int)4, (unsigned short)16383>(channel_eq::_puschRxChEqStatDescr *, channel_eq::_puschRxChEqSoftDemapDynDescr)"
3740037205,283132,218371,1,1,1,32,32,1,30,0.000,0.000,,,,,NVIDIA A100-SXM4-40GB MIG 4g.20gb (0),1,,13,"void convert_kernel<float2, __half2>(tensor_layout_any, T1 *, tensor_layout_any, const T2 *)"
3740321361,10912,218383,2253,1,1,128,1,1,16,0.000,0.000,,,,,NVIDIA A100-SXM4-40GB MIG 4g.20gb (0),1,,13,cupy_copy__float16_float16
3740337457,2784,218392,282,1,1,128,1,1,16,0.000,0.000,,,,,NVIDIA A100-SXM4-40GB MIG 4g.20gb (0),1,,13,cupy_copy__complex64_complex64
3740343761,2048,218401,26,1,1,128,1,1,16,0.000,0.000,,,,,NVIDIA A100-SXM4-40GB MIG 4g.20gb (0),1,,13,cupy_copy__float32_float32
3740347153,4736,218410,103,1,1,128,1,1,16,0.000,0.000,,,,,NVIDIA A100-SXM4-40GB MIG 4g.20gb (0),1,,13,cupy_copy__complex64_complex64
3740352849,12032,218420,1434,1,1,128,1,1,16,0.000,0.000,,,,,NVIDIA A100-SXM4-40GB MIG 4g.20gb (0),1,,13,cupy_copy__complex64_complex64
3740370097,87582,218425,1,1,1,32,32,1,30,0.000,0.000,,,,,NVIDIA A100-SXM4-40GB MIG 4g.20gb (0),1,,13,"void convert_kernel<__half2, float2>(tensor_layout_any, T1 *, tensor_layout_any, const T2 *)"
3740484655,5600,218428,,,,,,,,,,0.094,16731.388,Pinned,Device,NVIDIA A100-SXM4-40GB MIG 4g.20gb (0),1,,13,[CUDA memcpy Host-to-Device]
3740496495,597977,218429,,,,,,,,,,456.561,763370.728,Device,,NVIDIA A100-SXM4-40GB MIG 4g.20gb (0),1,,13,[CUDA memset]
3741102568,166461,218434,,,,,,,,,,1.235,7418.309,Pinned,Device,NVIDIA A100-SXM4-40GB MIG 4g.20gb (0),1,,13,[CUDA memcpy Host-to-Device]
3741283493,41504,218435,,,,,,,,,,0.197,4737.073,Pinned,Device,NVIDIA A100-SXM4-40GB MIG 4g.20gb (0),1,,13,[CUDA memcpy Host-to-Device]
3741358756,7968,218436,69,4,1,48,1,1,76,0.002,0.000,,,,,NVIDIA A100-SXM4-40GB MIG 4g.20gb (0),1,,13,"void ch_est::windowedChEstPreNoDftSOfdmKernel<float, __half, float, (unsigned int)2, (unsigned int)1, (unsigned short)4>(ch_est::puschRxChEstStatDescr_t *, ch_est::puschRxChEstDynDescr_t *)"
3741378788,7008,218437,137,2,1,24,2,1,44,0.001,0.001,,,,,NVIDIA A100-SXM4-40GB MIG 4g.20gb (0),1,,13,"void ch_est::chEstFilterNoDftSOfdmDispatchKernel<float, __half, float, (unsigned int)2>(ch_est::puschRxChEstStatDescr_t *, ch_est::puschRxChEstDynDescr_t *)"
3741395844,4736,218438,137,2,1,24,2,1,44,0.001,0.001,,,,,NVIDIA A100-SXM4-40GB MIG 4g.20gb (0),1,,13,"void ch_est::chEstFilterNoDftSOfdmDispatchKernel<float, __half, float, (unsigned int)2>(ch_est::puschRxChEstStatDescr_t *, ch_est::puschRxChEstDynDescr_t *)"
3741412676,2496,218449,103,1,1,128,1,1,16,0.000,0.000,,,,,NVIDIA A100-SXM4-40GB MIG 4g.20gb (0),1,,13,cupy_copy__complex64_complex64
3741431747,12352,218459,1434,1,1,128,1,1,16,0.000,0.000,,,,,NVIDIA A100-SXM4-40GB MIG 4g.20gb (0),1,,13,cupy_copy__complex64_complex64
3741450659,2944,218466,103,1,1,128,1,1,16,0.000,0.000,,,,,NVIDIA A100-SXM4-40GB MIG 4g.20gb (0),1,,13,cupy_copy__complex64_complex64
3741475811,101247,218473,1,1,1,32,32,1,30,0.000,0.000,,,,,NVIDIA A100-SXM4-40GB MIG 4g.20gb (0),1,,13,"void convert_kernel<__half2, float2>(tensor_layout_any, T1 *, tensor_layout_any, const T2 *)"
3741609249,25568,218476,,,,,,,,,,0.094,3664.544,Pinned,Device,NVIDIA A100-SXM4-40GB MIG 4g.20gb (0),1,,13,[CUDA memcpy Host-to-Device]
3741662625,47167,218477,,,,,,,,,,35.810,759206.114,Device,,NVIDIA A100-SXM4-40GB MIG 4g.20gb (0),1,,13,[CUDA memset]
3741712192,14432,218479,,,,,,,,,,0.000,5.543,Pinned,Device,NVIDIA A100-SXM4-40GB MIG 4g.20gb (0),1,,13,[CUDA memcpy Host-to-Device]
3741739072,27455,218480,,,,,,,,,,0.197,7161.053,Pinned,Device,NVIDIA A100-SXM4-40GB MIG 4g.20gb (0),1,,13,[CUDA memcpy Host-to-Device]
3741783967,14176,218481,273,1,1,48,1,1,40,0.000,0.001,,,,,NVIDIA A100-SXM4-40GB MIG 4g.20gb (0),1,,13,"void pusch_noise_intf_est::noiseIntfEstNoDftSOfdmKernel<float, __half, float, float, (unsigned int)2, (unsigned int)1, (unsigned char)4, (unsigned char)4>(pusch_noise_intf_est::puschRxNoiseIntfEstDynDescr)"
3741817183,2816,218492,35,1,1,128,1,1,16,0.000,0.000,,,,,NVIDIA A100-SXM4-40GB MIG 4g.20gb (0),1,,13,cupy_copy__complex64_complex64
3741831807,1695,218501,1,1,1,1,1,1,18,0.000,0.000,,,,,NVIDIA A100-SXM4-40GB MIG 4g.20gb (0),1,,13,cupy_copy__float32_float32
3741840158,5632,218507,,,,,,,,,,0.000,0.710,Device,Pageable,NVIDIA A100-SXM4-40GB MIG 4g.20gb (0),1,,7,[CUDA memcpy Device-to-Host]
3741920509,13088,218518,1434,1,1,128,1,1,16,0.000,0.000,,,,,NVIDIA A100-SXM4-40GB MIG 4g.20gb (0),1,,13,cupy_copy__complex64_complex64
3741940925,3552,218525,103,1,1,128,1,1,16,0.000,0.000,,,,,NVIDIA A100-SXM4-40GB MIG 4g.20gb (0),1,,13,cupy_copy__complex64_complex64
3741963485,2560,218532,35,1,1,128,1,1,16,0.000,0.000,,,,,NVIDIA A100-SXM4-40GB MIG 4g.20gb (0),1,,13,cupy_copy__complex64_complex64
3741979261,1952,218539,1,1,1,1,1,1,18,0.000,0.000,,,,,NVIDIA A100-SXM4-40GB MIG 4g.20gb (0),1,,13,cupy_copy__float32_float32
3742112443,81503,218550,1,1,1,32,32,1,30,0.000,0.000,,,,,NVIDIA A100-SXM4-40GB MIG 4g.20gb (0),1,,13,"void convert_kernel<__half2, float2>(tensor_layout_any, T1 *, tensor_layout_any, const T2 *)"
3742221146,6016,218553,,,,,,,,,,0.094,15574.430,Pinned,Device,NVIDIA A100-SXM4-40GB MIG 4g.20gb (0),1,,13,[CUDA memcpy Host-to-Device]
3742235130,3391,218554,,,,,,,,,,1.547,456096.324,Device,,NVIDIA A100-SXM4-40GB MIG 4g.20gb (0),1,,13,[CUDA memset]
3742241849,3776,218559,,,,,,,,,,0.031,8288.120,Pinned,Device,NVIDIA A100-SXM4-40GB MIG 4g.20gb (0),1,,13,[CUDA memcpy Host-to-Device]
3742248633,9376,218560,,,,,,,,,,0.197,20969.226,Pinned,Device,NVIDIA A100-SXM4-40GB MIG 4g.20gb (0),1,,13,[CUDA memcpy Host-to-Device]
3742262425,8288,218561,273,1,1,8,4,1,39,0.002,0.000,,,,,NVIDIA A100-SXM4-40GB MIG 4g.20gb (0),1,,13,"void channel_eq::eqMmseCoefCompLowMimoKernel<float, float, float, (unsigned int)4, (unsigned int)1, (unsigned int)4>(const channel_eq::_puschRxChEqStatDescr *, channel_eq::_puschRxChEqCoefCompDynDescr)"
3742274073,5984,218562,273,1,1,12,11,1,51,0.002,0.000,,,,,NVIDIA A100-SXM4-40GB MIG 4g.20gb (0),1,,13,"void channel_eq::eqMmseSoftDemapKernel<float, __half, __half, float, (unsigned int)4, (unsigned short)16383>(channel_eq::_puschRxChEqStatDescr *, channel_eq::_puschRxChEqSoftDemapDynDescr)"
3742282009,283164,218563,1,1,1,32,32,1,30,0.000,0.000,,,,,NVIDIA A100-SXM4-40GB MIG 4g.20gb (0),1,,13,"void convert_kernel<float2, __half2>(tensor_layout_any, T1 *, tensor_layout_any, const T2 *)"
3742566869,11136,218575,2253,1,1,128,1,1,16,0.000,0.000,,,,,NVIDIA A100-SXM4-40GB MIG 4g.20gb (0),1,,13,cupy_copy__float16_float16
3742579541,3264,218584,282,1,1,128,1,1,16,0.000,0.000,,,,,NVIDIA A100-SXM4-40GB MIG 4g.20gb (0),1,,13,cupy_copy__complex64_complex64
3742585173,2144,218593,26,1,1,128,1,1,16,0.000,0.000,,,,,NVIDIA A100-SXM4-40GB MIG 4g.20gb (0),1,,13,cupy_copy__float32_float32
3742588533,4384,218602,103,1,1,128,1,1,16,0.000,0.000,,,,,NVIDIA A100-SXM4-40GB MIG 4g.20gb (0),1,,13,cupy_copy__complex64_complex64
3742594069,12256,218612,1434,1,1,128,1,1,16,0.000,0.000,,,,,NVIDIA A100-SXM4-40GB MIG 4g.20gb (0),1,,13,cupy_copy__complex64_complex64
3742608757,88255,218617,1,1,1,32,32,1,30,0.000,0.000,,,,,NVIDIA A100-SXM4-40GB MIG 4g.20gb (0),1,,13,"void convert_kernel<__half2, float2>(tensor_layout_any, T1 *, tensor_layout_any, const T2 *)"
3742723571,5728,218620,,,,,,,,,,0.094,16357.541,Pinned,Device,NVIDIA A100-SXM4-40GB MIG 4g.20gb (0),1,,13,[CUDA memcpy Host-to-Device]
3742735155,595225,218621,,,,,,,,,,456.561,767023.219,Device,,NVIDIA A100-SXM4-40GB MIG 4g.20gb (0),1,,13,[CUDA memset]
3743336204,102271,218626,,,,,,,,,,1.235,12074.047,Pinned,Device,NVIDIA A100-SXM4-40GB MIG 4g.20gb (0),1,,13,[CUDA memcpy Host-to-Device]
3743449483,29055,218627,,,,,,,,,,0.197,6766.658,Pinned,Device,NVIDIA A100-SXM4-40GB MIG 4g.20gb (0),1,,13,[CUDA memcpy Host-to-Device]
3743490250,7840,218628,69,4,1,48,1,1,76,0.002,0.000,,,,,NVIDIA A100-SXM4-40GB MIG 4g.20gb (0),1,,13,"void ch_est::windowedChEstPreNoDftSOfdmKernel<float, __half, float, (unsigned int)2, (unsigned int)1, (unsigned short)4>(ch_est::puschRxChEstStatDescr_t *, ch_est::puschRxChEstDynDescr_t *)"
3743505674,6816,218629,137,2,1,24,2,1,44,0.001,0.001,,,,,NVIDIA A100-SXM4-40GB MIG 4g.20gb (0),1,,13,"void ch_est::chEstFilterNoDftSOfdmDispatchKernel<float, __half, float, (unsigned int)2>(ch_est::puschRxChEstStatDescr_t *, ch_est::puschRxChEstDynDescr_t *)"
3743519882,4736,218630,137,2,1,24,2,1,44,0.001,0.001,,,,,NVIDIA A100-SXM4-40GB MIG 4g.20gb (0),1,,13,"void ch_est::chEstFilterNoDftSOfdmDispatchKernel<float, __half, float, (unsigned int)2>(ch_est::puschRxChEstStatDescr_t *, ch_est::puschRxChEstDynDescr_t *)"
3743535561,2656,218641,103,1,1,128,1,1,16,0.000,0.000,,,,,NVIDIA A100-SXM4-40GB MIG 4g.20gb (0),1,,13,cupy_copy__complex64_complex64
3743548073,12640,218651,1434,1,1,128,1,1,16,0.000,0.000,,,,,NVIDIA A100-SXM4-40GB MIG 4g.20gb (0),1,,13,cupy_copy__complex64_complex64
3743563593,2880,218658,103,1,1,128,1,1,16,0.000,0.000,,,,,NVIDIA A100-SXM4-40GB MIG 4g.20gb (0),1,,13,cupy_copy__complex64_complex64
3743585897,87423,218665,1,1,1,32,32,1,30,0.000,0.000,,,,,NVIDIA A100-SXM4-40GB MIG 4g.20gb (0),1,,13,"void convert_kernel<__half2, float2>(tensor_layout_any, T1 *, tensor_layout_any, const T2 *)"
3743707527,25568,218668,,,,,,,,,,0.094,3664.544,Pinned,Device,NVIDIA A100-SXM4-40GB MIG 4g.20gb (0),1,,13,[CUDA memcpy Host-to-Device]
3743753287,46975,218669,,,,,,,,,,35.810,762285.767,Device,,NVIDIA A100-SXM4-40GB MIG 4g.20gb (0),1,,13,[CUDA memset]
3743807878,15296,218671,,,,,,,,,,0.000,5.230,Pinned,Device,NVIDIA A100-SXM4-40GB MIG 4g.20gb (0),1,,13,[CUDA memcpy Host-to-Device]
3743833574,36095,218672,,,,,,,,,,0.197,5446.828,Pinned,Device,NVIDIA A100-SXM4-40GB MIG 4g.20gb (0),1,,13,[CUDA memcpy Host-to-Device]
3743894917,9728,218673,273,1,1,48,1,1,40,0.000,0.001,,,,,NVIDIA A100-SXM4-40GB MIG 4g.20gb (0),1,,13,"void pusch_noise_intf_est::noiseIntfEstNoDftSOfdmKernel<float, __half, float, float, (unsigned int)2, (unsigned int)1, (unsigned char)4, (unsigned char)4>(pusch_noise_intf_est::puschRxNoiseIntfEstDynDescr)"
3743911141,2816,218684,35,1,1,128,1,1,16,0.000,0.000,,,,,NVIDIA A100-SXM4-40GB MIG 4g.20gb (0),1,,13,cupy_copy__complex64_complex64
3743928133,1760,218693,1,1,1,1,1,1,18,0.000,0.000,,,,,NVIDIA A100-SXM4-40GB MIG 4g.20gb (0),1,,13,cupy_copy__float32_float32
3743930821,8479,218699,,,,,,,,,,0.000,0.472,Device,Pageable,NVIDIA A100-SXM4-40GB MIG 4g.20gb (0),1,,7,[CUDA memcpy Device-to-Host]
3744021763,12672,218710,1434,1,1,128,1,1,16,0.000,0.000,,,,,NVIDIA A100-SXM4-40GB MIG 4g.20gb (0),1,,13,cupy_copy__complex64_complex64
3744044835,3360,218717,103,1,1,128,1,1,16,0.000,0.000,,,,,NVIDIA A100-SXM4-40GB MIG 4g.20gb (0),1,,13,cupy_copy__complex64_complex64
3744064835,2336,218724,35,1,1,128,1,1,16,0.000,0.000,,,,,NVIDIA A100-SXM4-40GB MIG 4g.20gb (0),1,,13,cupy_copy__complex64_complex64
3744086019,1760,218731,1,1,1,1,1,1,18,0.000,0.000,,,,,NVIDIA A100-SXM4-40GB MIG 4g.20gb (0),1,,13,cupy_copy__float32_float32
3744223649,88159,218742,1,1,1,32,32,1,30,0.000,0.000,,,,,NVIDIA A100-SXM4-40GB MIG 4g.20gb (0),1,,13,"void convert_kernel<__half2, float2>(tensor_layout_any, T1 *, tensor_layout_any, const T2 *)"
3744343167,18976,218745,,,,,,,,,,0.094,4937.592,Pinned,Device,NVIDIA A100-SXM4-40GB MIG 4g.20gb (0),1,,13,[CUDA memcpy Host-to-Device]
3744377023,3520,218746,,,,,,,,,,1.547,439380.412,Device,,NVIDIA A100-SXM4-40GB MIG 4g.20gb (0),1,,13,[CUDA memset]
3744387519,7776,218751,,,,,,,,,,0.031,4024.666,Pinned,Device,NVIDIA A100-SXM4-40GB MIG 4g.20gb (0),1,,13,[CUDA memcpy Host-to-Device]
3744401055,15584,218752,,,,,,,,,,0.197,12615.942,Pinned,Device,NVIDIA A100-SXM4-40GB MIG 4g.20gb (0),1,,13,[CUDA memcpy Host-to-Device]
3744427582,7872,218753,273,1,1,8,4,1,39,0.002,0.000,,,,,NVIDIA A100-SXM4-40GB MIG 4g.20gb (0),1,,13,"void channel_eq::eqMmseCoefCompLowMimoKernel<float, float, float, (unsigned int)4, (unsigned int)1, (unsigned int)4>(const channel_eq::_puschRxChEqStatDescr *, channel_eq::_puschRxChEqCoefCompDynDescr)"
3744437374,6048,218754,273,1,1,12,11,1,51,0.002,0.000,,,,,NVIDIA A100-SXM4-40GB MIG 4g.20gb (0),1,,13,"void channel_eq::eqMmseSoftDemapKernel<float, __half, __half, float, (unsigned int)4, (unsigned short)16383>(channel_eq::_puschRxChEqStatDescr *, channel_eq::_puschRxChEqSoftDemapDynDescr)"
3744445118,282013,218755,1,1,1,32,32,1,30,0.000,0.000,,,,,NVIDIA A100-SXM4-40GB MIG 4g.20gb (0),1,,13,"void convert_kernel<float2, __half2>(tensor_layout_any, T1 *, tensor_layout_any, const T2 *)"
3744729467,10880,218767,2253,1,1,128,1,1,16,0.000,0.000,,,,,NVIDIA A100-SXM4-40GB MIG 4g.20gb (0),1,,13,cupy_copy__float16_float16
3744743067,3615,218776,282,1,1,128,1,1,16,0.000,0.000,,,,,NVIDIA A100-SXM4-40GB MIG 4g.20gb (0),1,,13,cupy_copy__complex64_complex64
3744747802,2240,218785,26,1,1,128,1,1,16,0.000,0.000,,,,,NVIDIA A100-SXM4-40GB MIG 4g.20gb (0),1,,13,cupy_copy__float32_float32
3744752410,2816,218794,103,1,1,128,1,1,16,0.000,0.000,,,,,NVIDIA A100-SXM4-40GB MIG 4g.20gb (0),1,,13,cupy_copy__complex64_complex64
3744758842,12160,218804,1434,1,1,128,1,1,16,0.000,0.000,,,,,NVIDIA A100-SXM4-40GB MIG 4g.20gb (0),1,,13,cupy_copy__complex64_complex64
3744772634,82591,218809,1,1,1,32,32,1,30,0.000,0.000,,,,,NVIDIA A100-SXM4-40GB MIG 4g.20gb (0),1,,13,"void convert_kernel<__half2, float2>(tensor_layout_any, T1 *, tensor_layout_any, const T2 *)"
3744882201,5568,218812,,,,,,,,,,0.094,16827.521,Pinned,Device,NVIDIA A100-SXM4-40GB MIG 4g.20gb (0),1,,13,[CUDA memcpy Host-to-Device]
3744892153,596728,218813,,,,,,,,,,456.561,764740.412,Device,,NVIDIA A100-SXM4-40GB MIG 4g.20gb (0),1,,13,[CUDA memset]
3745496817,159070,218818,,,,,,,,,,1.235,7762.858,Pinned,Device,NVIDIA A100-SXM4-40GB MIG 4g.20gb (0),1,,13,[CUDA memcpy Host-to-Device]
3745668207,37984,218819,,,,,,,,,,0.197,5175.902,Pinned,Device,NVIDIA A100-SXM4-40GB MIG 4g.20gb (0),1,,13,[CUDA memcpy Host-to-Device]
3745722254,8320,218820,69,4,1,48,1,1,76,0.002,0.000,,,,,NVIDIA A100-SXM4-40GB MIG 4g.20gb (0),1,,13,"void ch_est::windowedChEstPreNoDftSOfdmKernel<float, __half, float, (unsigned int)2, (unsigned int)1, (unsigned short)4>(ch_est::puschRxChEstStatDescr_t *, ch_est::puschRxChEstDynDescr_t *)"
3745736718,6432,218821,137,2,1,24,2,1,44,0.001,0.001,,,,,NVIDIA A100-SXM4-40GB MIG 4g.20gb (0),1,,13,"void ch_est::chEstFilterNoDftSOfdmDispatchKernel<float, __half, float, (unsigned int)2>(ch_est::puschRxChEstStatDescr_t *, ch_est::puschRxChEstDynDescr_t *)"
3745753614,4992,218822,137,2,1,24,2,1,44,0.001,0.001,,,,,NVIDIA A100-SXM4-40GB MIG 4g.20gb (0),1,,13,"void ch_est::chEstFilterNoDftSOfdmDispatchKernel<float, __half, float, (unsigned int)2>(ch_est::puschRxChEstStatDescr_t *, ch_est::puschRxChEstDynDescr_t *)"
3745764302,2656,218833,103,1,1,128,1,1,16,0.000,0.000,,,,,NVIDIA A100-SXM4-40GB MIG 4g.20gb (0),1,,13,cupy_copy__complex64_complex64
3745776654,12576,218843,1434,1,1,128,1,1,16,0.000,0.000,,,,,NVIDIA A100-SXM4-40GB MIG 4g.20gb (0),1,,13,cupy_copy__complex64_complex64
3745795918,2559,218850,103,1,1,128,1,1,16,0.000,0.000,,,,,NVIDIA A100-SXM4-40GB MIG 4g.20gb (0),1,,13,cupy_copy__complex64_complex64
3745807117,85567,218857,1,1,1,32,32,1,30,0.000,0.000,,,,,NVIDIA A100-SXM4-40GB MIG 4g.20gb (0),1,,13,"void convert_kernel<__half2, float2>(tensor_layout_any, T1 *, tensor_layout_any, const T2 *)"
3745920140,6016,218860,,,,,,,,,,0.094,15574.430,Pinned,Device,NVIDIA A100-SXM4-40GB MIG 4g.20gb (0),1,,13,[CUDA memcpy Host-to-Device]
3745932460,47071,218861,,,,,,,,,,35.810,760745.940,Device,,NVIDIA A100-SXM4-40GB MIG 4g.20gb (0),1,,13,[CUDA memset]
3745985963,4512,218863,,,,,,,,,,0.000,17.730,Pinned,Device,NVIDIA A100-SXM4-40GB MIG 4g.20gb (0),1,,13,[CUDA memcpy Host-to-Device]
3745994475,11712,218864,,,,,,,,,,0.197,16786.784,Pinned,Device,NVIDIA A100-SXM4-40GB MIG 4g.20gb (0),1,,13,[CUDA memcpy Host-to-Device]
3746013259,9728,218865,273,1,1,48,1,1,40,0.000,0.001,,,,,NVIDIA A100-SXM4-40GB MIG 4g.20gb (0),1,,13,"void pusch_noise_intf_est::noiseIntfEstNoDftSOfdmKernel<float, __half, float, float, (unsigned int)2, (unsigned int)1, (unsigned char)4, (unsigned char)4>(pusch_noise_intf_est::puschRxNoiseIntfEstDynDescr)"
3746027787,3008,218876,35,1,1,128,1,1,16,0.000,0.000,,,,,NVIDIA A100-SXM4-40GB MIG 4g.20gb (0),1,,13,cupy_copy__complex64_complex64
3746039562,1920,218885,1,1,1,1,1,1,18,0.000,0.000,,,,,NVIDIA A100-SXM4-40GB MIG 4g.20gb (0),1,,13,cupy_copy__float32_float32
3746071914,1632,218891,,,,,,,,,,0.000,2.451,Device,Pageable,NVIDIA A100-SXM4-40GB MIG 4g.20gb (0),1,,7,[CUDA memcpy Device-to-Host]
3746130729,12832,218902,1434,1,1,128,1,1,16,0.000,0.000,,,,,NVIDIA A100-SXM4-40GB MIG 4g.20gb (0),1,,13,cupy_copy__complex64_complex64
3746157865,3456,218909,103,1,1,128,1,1,16,0.000,0.000,,,,,NVIDIA A100-SXM4-40GB MIG 4g.20gb (0),1,,13,cupy_copy__complex64_complex64
3746179433,2816,218916,35,1,1,128,1,1,16,0.000,0.000,,,,,NVIDIA A100-SXM4-40GB MIG 4g.20gb (0),1,,13,cupy_copy__complex64_complex64
3746198473,1792,218923,1,1,1,1,1,1,18,0.000,0.000,,,,,NVIDIA A100-SXM4-40GB MIG 4g.20gb (0),1,,13,cupy_copy__float32_float32
3746327943,87167,218934,1,1,1,32,32,1,30,0.000,0.000,,,,,NVIDIA A100-SXM4-40GB MIG 4g.20gb (0),1,,13,"void convert_kernel<__half2, float2>(tensor_layout_any, T1 *, tensor_layout_any, const T2 *)"
3746442278,5567,218937,,,,,,,,,,0.094,16830.519,Pinned,Device,NVIDIA A100-SXM4-40GB MIG 4g.20gb (0),1,,13,[CUDA memcpy Host-to-Device]
3746456197,3264,218938,,,,,,,,,,1.547,473842.288,Device,,NVIDIA A100-SXM4-40GB MIG 4g.20gb (0),1,,13,[CUDA memset]
3746464261,3264,218943,,,,,,,,,,0.031,9588.218,Pinned,Device,NVIDIA A100-SXM4-40GB MIG 4g.20gb (0),1,,13,[CUDA memcpy Host-to-Device]
3746470149,9792,218944,,,,,,,,,,0.197,20078.395,Pinned,Device,NVIDIA A100-SXM4-40GB MIG 4g.20gb (0),1,,13,[CUDA memcpy Host-to-Device]
3746486725,6624,218945,273,1,1,8,4,1,39,0.002,0.000,,,,,NVIDIA A100-SXM4-40GB MIG 4g.20gb (0),1,,13,"void channel_eq::eqMmseCoefCompLowMimoKernel<float, float, float, (unsigned int)4, (unsigned int)1, (unsigned int)4>(const channel_eq::_puschRxChEqStatDescr *, channel_eq::_puschRxChEqCoefCompDynDescr)"
3746496517,6080,218946,273,1,1,12,11,1,51,0.002,0.000,,,,,NVIDIA A100-SXM4-40GB MIG 4g.20gb (0),1,,13,"void channel_eq::eqMmseSoftDemapKernel<float, __half, __half, float, (unsigned int)4, (unsigned short)16383>(channel_eq::_puschRxChEqStatDescr *, channel_eq::_puschRxChEqSoftDemapDynDescr)"
3746503653,282908,218947,1,1,1,32,32,1,30,0.000,0.000,,,,,NVIDIA A100-SXM4-40GB MIG 4g.20gb (0),1,,13,"void convert_kernel<float2, __half2>(tensor_layout_any, T1 *, tensor_layout_any, const T2 *)"
3746787521,10880,218959,2253,1,1,128,1,1,16,0.000,0.000,,,,,NVIDIA A100-SXM4-40GB MIG 4g.20gb (0),1,,13,cupy_copy__float16_float16
3746803553,2880,218968,282,1,1,128,1,1,16,0.000,0.000,,,,,NVIDIA A100-SXM4-40GB MIG 4g.20gb (0),1,,13,cupy_copy__complex64_complex64
3746808193,2528,218977,26,1,1,128,1,1,16,0.000,0.000,,,,,NVIDIA A100-SXM4-40GB MIG 4g.20gb (0),1,,13,cupy_copy__float32_float32
3746811713,2912,218986,103,1,1,128,1,1,16,0.000,0.000,,,,,NVIDIA A100-SXM4-40GB MIG 4g.20gb (0),1,,13,cupy_copy__complex64_complex64
3746817921,12160,218996,1434,1,1,128,1,1,16,0.000,0.000,,,,,NVIDIA A100-SXM4-40GB MIG 4g.20gb (0),1,,13,cupy_copy__complex64_complex64
3746831265,82591,219001,1,1,1,32,32,1,30,0.000,0.000,,,,,NVIDIA A100-SXM4-40GB MIG 4g.20gb (0),1,,13,"void convert_kernel<__half2, float2>(tensor_layout_any, T1 *, tensor_layout_any, const T2 *)"
3746941887,5632,219004,,,,,,,,,,0.094,16636.287,Pinned,Device,NVIDIA A100-SXM4-40GB MIG 4g.20gb (0),1,,13,[CUDA memcpy Host-to-Device]
3746952319,598041,219005,,,,,,,,,,456.561,763370.728,Device,,NVIDIA A100-SXM4-40GB MIG 4g.20gb (0),1,,13,[CUDA memset]
3747551000,162302,219010,,,,,,,,,,1.235,7608.490,Pinned,Device,NVIDIA A100-SXM4-40GB MIG 4g.20gb (0),1,,13,[CUDA memcpy Host-to-Device]
3747721686,41983,219011,,,,,,,,,,0.197,4683.006,Pinned,Device,NVIDIA A100-SXM4-40GB MIG 4g.20gb (0),1,,13,[CUDA memcpy Host-to-Device]
3747791349,8128,219012,69,4,1,48,1,1,76,0.002,0.000,,,,,NVIDIA A100-SXM4-40GB MIG 4g.20gb (0),1,,13,"void ch_est::windowedChEstPreNoDftSOfdmKernel<float, __half, float, (unsigned int)2, (unsigned int)1, (unsigned short)4>(ch_est::puschRxChEstStatDescr_t *, ch_est::puschRxChEstDynDescr_t *)"
3747810389,6816,219013,137,2,1,24,2,1,44,0.001,0.001,,,,,NVIDIA A100-SXM4-40GB MIG 4g.20gb (0),1,,13,"void ch_est::chEstFilterNoDftSOfdmDispatchKernel<float, __half, float, (unsigned int)2>(ch_est::puschRxChEstStatDescr_t *, ch_est::puschRxChEstDynDescr_t *)"
3747827316,4704,219014,137,2,1,24,2,1,44,0.001,0.001,,,,,NVIDIA A100-SXM4-40GB MIG 4g.20gb (0),1,,13,"void ch_est::chEstFilterNoDftSOfdmDispatchKernel<float, __half, float, (unsigned int)2>(ch_est::puschRxChEstStatDescr_t *, ch_est::puschRxChEstDynDescr_t *)"
3747846452,2624,219025,103,1,1,128,1,1,16,0.000,0.000,,,,,NVIDIA A100-SXM4-40GB MIG 4g.20gb (0),1,,13,cupy_copy__complex64_complex64
3747863252,12512,219035,1434,1,1,128,1,1,16,0.000,0.000,,,,,NVIDIA A100-SXM4-40GB MIG 4g.20gb (0),1,,13,cupy_copy__complex64_complex64
3747882868,2912,219042,103,1,1,128,1,1,16,0.000,0.000,,,,,NVIDIA A100-SXM4-40GB MIG 4g.20gb (0),1,,13,cupy_copy__complex64_complex64
3747903379,87327,219049,1,1,1,32,32,1,30,0.000,0.000,,,,,NVIDIA A100-SXM4-40GB MIG 4g.20gb (0),1,,13,"void convert_kernel<__half2, float2>(tensor_layout_any, T1 *, tensor_layout_any, const T2 *)"
3748021906,20928,219052,,,,,,,,,,0.094,4476.982,Pinned,Device,NVIDIA A100-SXM4-40GB MIG 4g.20gb (0),1,,13,[CUDA memcpy Host-to-Device]
3748052018,46175,219053,,,,,,,,,,35.810,775499.628,Device,,NVIDIA A100-SXM4-40GB MIG 4g.20gb (0),1,,13,[CUDA memset]
3748098737,11264,219055,,,,,,,,,,0.000,7.102,Pinned,Device,NVIDIA A100-SXM4-40GB MIG 4g.20gb (0),1,,13,[CUDA memcpy Host-to-Device]
3748118961,18528,219056,,,,,,,,,,0.197,10611.327,Pinned,Device,NVIDIA A100-SXM4-40GB MIG 4g.20gb (0),1,,13,[CUDA memcpy Host-to-Device]
3748153264,13024,219057,273,1,1,48,1,1,40,0.000,0.001,,,,,NVIDIA A100-SXM4-40GB MIG 4g.20gb (0),1,,13,"void pusch_noise_intf_est::noiseIntfEstNoDftSOfdmKernel<float, __half, float, float, (unsigned int)2, (unsigned int)1, (unsigned char)4, (unsigned char)4>(pusch_noise_intf_est::puschRxNoiseIntfEstDynDescr)"
3748168432,3264,219068,35,1,1,128,1,1,16,0.000,0.000,,,,,NVIDIA A100-SXM4-40GB MIG 4g.20gb (0),1,,13,cupy_copy__complex64_complex64
3748176688,1984,219077,1,1,1,1,1,1,18,0.000,0.000,,,,,NVIDIA A100-SXM4-40GB MIG 4g.20gb (0),1,,13,cupy_copy__float32_float32
3748183440,5856,219083,,,,,,,,,,0.000,0.683,Device,Pageable,NVIDIA A100-SXM4-40GB MIG 4g.20gb (0),1,,7,[CUDA memcpy Device-to-Host]
3748256079,12768,219094,1434,1,1,128,1,1,16,0.000,0.000,,,,,NVIDIA A100-SXM4-40GB MIG 4g.20gb (0),1,,13,cupy_copy__complex64_complex64
3748283663,3040,219101,103,1,1,128,1,1,16,0.000,0.000,,,,,NVIDIA A100-SXM4-40GB MIG 4g.20gb (0),1,,13,cupy_copy__complex64_complex64
3748300655,2592,219108,35,1,1,128,1,1,16,0.000,0.000,,,,,NVIDIA A100-SXM4-40GB MIG 4g.20gb (0),1,,13,cupy_copy__complex64_complex64
3748319246,1792,219115,1,1,1,1,1,1,18,0.000,0.000,,,,,NVIDIA A100-SXM4-40GB MIG 4g.20gb (0),1,,13,cupy_copy__float32_float32
3748450125,81887,219126,1,1,1,32,32,1,30,0.000,0.000,,,,,NVIDIA A100-SXM4-40GB MIG 4g.20gb (0),1,,13,"void convert_kernel<__half2, float2>(tensor_layout_any, T1 *, tensor_layout_any, const T2 *)"
3748559595,5664,219129,,,,,,,,,,0.094,16542.310,Pinned,Device,NVIDIA A100-SXM4-40GB MIG 4g.20gb (0),1,,13,[CUDA memcpy Host-to-Device]
3748577163,3232,219130,,,,,,,,,,1.547,478533.199,Device,,NVIDIA A100-SXM4-40GB MIG 4g.20gb (0),1,,13,[CUDA memset]
3748583307,3104,219135,,,,,,,,,,0.031,10082.445,Pinned,Device,NVIDIA A100-SXM4-40GB MIG 4g.20gb (0),1,,13,[CUDA memcpy Host-to-Device]
3748589099,10208,219136,,,,,,,,,,0.197,19260.113,Pinned,Device,NVIDIA A100-SXM4-40GB MIG 4g.20gb (0),1,,13,[CUDA memcpy Host-to-Device]
3748604363,6528,219137,273,1,1,8,4,1,39,0.002,0.000,,,,,NVIDIA A100-SXM4-40GB MIG 4g.20gb (0),1,,13,"void channel_eq::eqMmseCoefCompLowMimoKernel<float, float, float, (unsigned int)4, (unsigned int)1, (unsigned int)4>(const channel_eq::_puschRxChEqStatDescr *, channel_eq::_puschRxChEqCoefCompDynDescr)"
3748613451,7104,219138,273,1,1,12,11,1,51,0.002,0.000,,,,,NVIDIA A100-SXM4-40GB MIG 4g.20gb (0),1,,13,"void channel_eq::eqMmseSoftDemapKernel<float, __half, __half, float, (unsigned int)4, (unsigned short)16383>(channel_eq::_puschRxChEqStatDescr *, channel_eq::_puschRxChEqSoftDemapDynDescr)"
3748621611,282332,219139,1,1,1,32,32,1,30,0.000,0.000,,,,,NVIDIA A100-SXM4-40GB MIG 4g.20gb (0),1,,13,"void convert_kernel<float2, __half2>(tensor_layout_any, T1 *, tensor_layout_any, const T2 *)"
3748907079,11040,219151,2253,1,1,128,1,1,16,0.000,0.000,,,,,NVIDIA A100-SXM4-40GB MIG 4g.20gb (0),1,,13,cupy_copy__float16_float16
3748921255,3040,219160,282,1,1,128,1,1,16,0.000,0.000,,,,,NVIDIA A100-SXM4-40GB MIG 4g.20gb (0),1,,13,cupy_copy__complex64_complex64
3748925511,2016,219169,26,1,1,128,1,1,16,0.000,0.000,,,,,NVIDIA A100-SXM4-40GB MIG 4g.20gb (0),1,,13,cupy_copy__float32_float32
3748929543,3072,219178,103,1,1,128,1,1,16,0.000,0.000,,,,,NVIDIA A100-SXM4-40GB MIG 4g.20gb (0),1,,13,cupy_copy__complex64_complex64
3748934919,12000,219188,1434,1,1,128,1,1,16,0.000,0.000,,,,,NVIDIA A100-SXM4-40GB MIG 4g.20gb (0),1,,13,cupy_copy__complex64_complex64
3748949799,87678,219193,1,1,1,32,32,1,30,0.000,0.000,,,,,NVIDIA A100-SXM4-40GB MIG 4g.20gb (0),1,,13,"void convert_kernel<__half2, float2>(tensor_layout_any, T1 *, tensor_layout_any, const T2 *)"
3749064869,5760,219196,,,,,,,,,,0.094,16266.656,Pinned,Device,NVIDIA A100-SXM4-40GB MIG 4g.20gb (0),1,,13,[CUDA memcpy Host-to-Device]
3749074533,598361,219197,,,,,,,,,,456.561,762914.166,Device,,NVIDIA A100-SXM4-40GB MIG 4g.20gb (0),1,,13,[CUDA memset]
3749680509,128255,219202,,,,,,,,,,1.235,9627.623,Pinned,Device,NVIDIA A100-SXM4-40GB MIG 4g.20gb (0),1,,13,[CUDA memcpy Host-to-Device]
3749821340,39743,219203,,,,,,,,,,0.197,4946.854,Pinned,Device,NVIDIA A100-SXM4-40GB MIG 4g.20gb (0),1,,13,[CUDA memcpy Host-to-Device]
3749895739,7904,219204,69,4,1,48,1,1,76,0.002,0.000,,,,,NVIDIA A100-SXM4-40GB MIG 4g.20gb (0),1,,13,"void ch_est::windowedChEstPreNoDftSOfdmKernel<float, __half, float, (unsigned int)2, (unsigned int)1, (unsigned short)4>(ch_est::puschRxChEstStatDescr_t *, ch_est::puschRxChEstDynDescr_t *)"
3749915899,6623,219205,137,2,1,24,2,1,44,0.001,0.001,,,,,NVIDIA A100-SXM4-40GB MIG 4g.20gb (0),1,,13,"void ch_est::chEstFilterNoDftSOfdmDispatchKernel<float, __half, float, (unsigned int)2>(ch_est::puschRxChEstStatDescr_t *, ch_est::puschRxChEstDynDescr_t *)"
3749932826,4768,219206,137,2,1,24,2,1,44,0.001,0.001,,,,,NVIDIA A100-SXM4-40GB MIG 4g.20gb (0),1,,13,"void ch_est::chEstFilterNoDftSOfdmDispatchKernel<float, __half, float, (unsigned int)2>(ch_est::puschRxChEstStatDescr_t *, ch_est::puschRxChEstDynDescr_t *)"
3749950266,2528,219217,103,1,1,128,1,1,16,0.000,0.000,,,,,NVIDIA A100-SXM4-40GB MIG 4g.20gb (0),1,,13,cupy_copy__complex64_complex64
3749967866,12480,219227,1434,1,1,128,1,1,16,0.000,0.000,,,,,NVIDIA A100-SXM4-40GB MIG 4g.20gb (0),1,,13,cupy_copy__complex64_complex64
3749988026,2912,219234,103,1,1,128,1,1,16,0.000,0.000,,,,,NVIDIA A100-SXM4-40GB MIG 4g.20gb (0),1,,13,cupy_copy__complex64_complex64
3750006009,85375,219241,1,1,1,32,32,1,30,0.000,0.000,,,,,NVIDIA A100-SXM4-40GB MIG 4g.20gb (0),1,,13,"void convert_kernel<__half2, float2>(tensor_layout_any, T1 *, tensor_layout_any, const T2 *)"
3750127256,25024,219244,,,,,,,,,,0.094,3744.186,Pinned,Device,NVIDIA A100-SXM4-40GB MIG 4g.20gb (0),1,,13,[CUDA memcpy Host-to-Device]
3750166807,48128,219245,,,,,,,,,,35.810,744022.708,Device,,NVIDIA A100-SXM4-40GB MIG 4g.20gb (0),1,,13,[CUDA memset]
3750220471,12800,219247,,,,,,,,,,0.000,6.250,Pinned,Device,NVIDIA A100-SXM4-40GB MIG 4g.20gb (0),1,,13,[CUDA memcpy Host-to-Device]
3750244599,31391,219248,,,,,,,,,,0.197,6263.144,Pinned,Device,NVIDIA A100-SXM4-40GB MIG 4g.20gb (0),1,,13,[CUDA memcpy Host-to-Device]
3750301526,9856,219249,273,1,1,48,1,1,40,0.000,0.001,,,,,NVIDIA A100-SXM4-40GB MIG 4g.20gb (0),1,,13,"void pusch_noise_intf_est::noiseIntfEstNoDftSOfdmKernel<float, __half, float, float, (unsigned int)2, (unsigned int)1, (unsigned char)4, (unsigned char)4>(pusch_noise_intf_est::puschRxNoiseIntfEstDynDescr)"
3750318198,2624,219260,35,1,1,128,1,1,16,0.000,0.000,,,,,NVIDIA A100-SXM4-40GB MIG 4g.20gb (0),1,,13,cupy_copy__complex64_complex64
3750335285,1696,219269,1,1,1,1,1,1,18,0.000,0.000,,,,,NVIDIA A100-SXM4-40GB MIG 4g.20gb (0),1,,13,cupy_copy__float32_float32
3750342325,4448,219275,,,,,,,,,,0.000,0.899,Device,Pageable,NVIDIA A100-SXM4-40GB MIG 4g.20gb (0),1,,7,[CUDA memcpy Device-to-Host]
3750441172,12608,219286,1434,1,1,128,1,1,16,0.000,0.000,,,,,NVIDIA A100-SXM4-40GB MIG 4g.20gb (0),1,,13,cupy_copy__complex64_complex64
3750467540,2624,219293,103,1,1,128,1,1,16,0.000,0.000,,,,,NVIDIA A100-SXM4-40GB MIG 4g.20gb (0),1,,13,cupy_copy__complex64_complex64
3750483924,2336,219300,35,1,1,128,1,1,16,0.000,0.000,,,,,NVIDIA A100-SXM4-40GB MIG 4g.20gb (0),1,,13,cupy_copy__complex64_complex64
3750500179,1856,219307,1,1,1,1,1,1,18,0.000,0.000,,,,,NVIDIA A100-SXM4-40GB MIG 4g.20gb (0),1,,13,cupy_copy__float32_float32
3750622098,86655,219318,1,1,1,32,32,1,30,0.000,0.000,,,,,NVIDIA A100-SXM4-40GB MIG 4g.20gb (0),1,,13,"void convert_kernel<__half2, float2>(tensor_layout_any, T1 *, tensor_layout_any, const T2 *)"
3750740464,11488,219321,,,,,,,,,,0.094,8155.956,Pinned,Device,NVIDIA A100-SXM4-40GB MIG 4g.20gb (0),1,,13,[CUDA memcpy Host-to-Device]
3750759184,3520,219322,,,,,,,,,,1.547,439380.412,Device,,NVIDIA A100-SXM4-40GB MIG 4g.20gb (0),1,,13,[CUDA memset]
3750767280,5280,219327,,,,,,,,,,0.031,5927.243,Pinned,Device,NVIDIA A100-SXM4-40GB MIG 4g.20gb (0),1,,13,[CUDA memcpy Host-to-Device]
3750775376,12768,219328,,,,,,,,,,0.197,15398.339,Pinned,Device,NVIDIA A100-SXM4-40GB MIG 4g.20gb (0),1,,13,[CUDA memcpy Host-to-Device]
3750794576,8384,219329,273,1,1,8,4,1,39,0.002,0.000,,,,,NVIDIA A100-SXM4-40GB MIG 4g.20gb (0),1,,13,"void channel_eq::eqMmseCoefCompLowMimoKernel<float, float, float, (unsigned int)4, (unsigned int)1, (unsigned int)4>(const channel_eq::_puschRxChEqStatDescr *, channel_eq::_puschRxChEqCoefCompDynDescr)"
3750807184,8031,219330,273,1,1,12,11,1,51,0.002,0.000,,,,,NVIDIA A100-SXM4-40GB MIG 4g.20gb (0),1,,13,"void channel_eq::eqMmseSoftDemapKernel<float, __half, __half, float, (unsigned int)4, (unsigned short)16383>(channel_eq::_puschRxChEqStatDescr *, channel_eq::_puschRxChEqSoftDemapDynDescr)"
3750816751,282429,219331,1,1,1,32,32,1,30,0.000,0.000,,,,,NVIDIA A100-SXM4-40GB MIG 4g.20gb (0),1,,13,"void convert_kernel<float2, __half2>(tensor_layout_any, T1 *, tensor_layout_any, const T2 *)"
3751102188,11008,219343,2253,1,1,128,1,1,16,0.000,0.000,,,,,NVIDIA A100-SXM4-40GB MIG 4g.20gb (0),1,,13,cupy_copy__float16_float16
3751116140,3200,219352,282,1,1,128,1,1,16,0.000,0.000,,,,,NVIDIA A100-SXM4-40GB MIG 4g.20gb (0),1,,13,cupy_copy__complex64_complex64
3751123084,2272,219361,26,1,1,128,1,1,16,0.000,0.000,,,,,NVIDIA A100-SXM4-40GB MIG 4g.20gb (0),1,,13,cupy_copy__float32_float32
3751126732,2944,219370,103,1,1,128,1,1,16,0.000,0.000,,,,,NVIDIA A100-SXM4-40GB MIG 4g.20gb (0),1,,13,cupy_copy__complex64_complex64
3751131084,12191,219380,1434,1,1,128,1,1,16,0.000,0.000,,,,,NVIDIA A100-SXM4-40GB MIG 4g.20gb (0),1,,13,cupy_copy__complex64_complex64
3751144491,82271,219385,1,1,1,32,32,1,30,0.000,0.000,,,,,NVIDIA A100-SXM4-40GB MIG 4g.20gb (0),1,,13,"void convert_kernel<__half2, float2>(tensor_layout_any, T1 *, tensor_layout_any, const T2 *)"
3751254058,5440,219388,,,,,,,,,,0.094,17223.480,Pinned,Device,NVIDIA A100-SXM4-40GB MIG 4g.20gb (0),1,,13,[CUDA memcpy Host-to-Device]
3751263978,599704,219389,,,,,,,,,,456.561,761087.920,Device,,NVIDIA A100-SXM4-40GB MIG 4g.20gb (0),1,,13,[CUDA memset]
3751871842,116063,219394,,,,,,,,,,1.235,10640.278,Pinned,Device,NVIDIA A100-SXM4-40GB MIG 4g.20gb (0),1,,13,[CUDA memcpy Host-to-Device]
3751992033,20160,219395,,,,,,,,,,0.197,9752.347,Pinned,Device,NVIDIA A100-SXM4-40GB MIG 4g.20gb (0),1,,13,[CUDA memcpy Host-to-Device]
3752021953,8447,219396,69,4,1,48,1,1,76,0.002,0.000,,,,,NVIDIA A100-SXM4-40GB MIG 4g.20gb (0),1,,13,"void ch_est::windowedChEstPreNoDftSOfdmKernel<float, __half, float, (unsigned int)2, (unsigned int)1, (unsigned short)4>(ch_est::puschRxChEstStatDescr_t *, ch_est::puschRxChEstDynDescr_t *)"
3752036896,7840,219397,137,2,1,24,2,1,44,0.001,0.001,,,,,NVIDIA A100-SXM4-40GB MIG 4g.20gb (0),1,,13,"void ch_est::chEstFilterNoDftSOfdmDispatchKernel<float, __half, float, (unsigned int)2>(ch_est::puschRxChEstStatDescr_t *, ch_est::puschRxChEstDynDescr_t *)"
3752051552,6240,219398,137,2,1,24,2,1,44,0.001,0.001,,,,,NVIDIA A100-SXM4-40GB MIG 4g.20gb (0),1,,13,"void ch_est::chEstFilterNoDftSOfdmDispatchKernel<float, __half, float, (unsigned int)2>(ch_est::puschRxChEstStatDescr_t *, ch_est::puschRxChEstDynDescr_t *)"
3752059552,3136,219409,103,1,1,128,1,1,16,0.000,0.000,,,,,NVIDIA A100-SXM4-40GB MIG 4g.20gb (0),1,,13,cupy_copy__complex64_complex64
3752067168,12832,219419,1434,1,1,128,1,1,16,0.000,0.000,,,,,NVIDIA A100-SXM4-40GB MIG 4g.20gb (0),1,,13,cupy_copy__complex64_complex64
3752083040,2848,219426,103,1,1,128,1,1,16,0.000,0.000,,,,,NVIDIA A100-SXM4-40GB MIG 4g.20gb (0),1,,13,cupy_copy__complex64_complex64
3752092288,92287,219433,1,1,1,32,32,1,30,0.000,0.000,,,,,NVIDIA A100-SXM4-40GB MIG 4g.20gb (0),1,,13,"void convert_kernel<__half2, float2>(tensor_layout_any, T1 *, tensor_layout_any, const T2 *)"
3752213406,5696,219436,,,,,,,,,,0.094,16449.363,Pinned,Device,NVIDIA A100-SXM4-40GB MIG 4g.20gb (0),1,,13,[CUDA memcpy Host-to-Device]
3752224830,47455,219437,,,,,,,,,,35.810,754586.634,Device,,NVIDIA A100-SXM4-40GB MIG 4g.20gb (0),1,,13,[CUDA memset]
3752276701,3232,219439,,,,,,,,,,0.000,24.752,Pinned,Device,NVIDIA A100-SXM4-40GB MIG 4g.20gb (0),1,,13,[CUDA memcpy Host-to-Device]
3752284093,10944,219440,,,,,,,,,,0.197,17964.859,Pinned,Device,NVIDIA A100-SXM4-40GB MIG 4g.20gb (0),1,,13,[CUDA memcpy Host-to-Device]
3752305405,11744,219441,273,1,1,48,1,1,40,0.000,0.001,,,,,NVIDIA A100-SXM4-40GB MIG 4g.20gb (0),1,,13,"void pusch_noise_intf_est::noiseIntfEstNoDftSOfdmKernel<float, __half, float, float, (unsigned int)2, (unsigned int)1, (unsigned char)4, (unsigned char)4>(pusch_noise_intf_est::puschRxNoiseIntfEstDynDescr)"
3752320317,3136,219452,35,1,1,128,1,1,16,0.000,0.000,,,,,NVIDIA A100-SXM4-40GB MIG 4g.20gb (0),1,,13,cupy_copy__complex64_complex64
3752331421,1824,219461,1,1,1,1,1,1,18,0.000,0.000,,,,,NVIDIA A100-SXM4-40GB MIG 4g.20gb (0),1,,13,cupy_copy__float32_float32
3752364540,1568,219467,,,,,,,,,,0.000,2.551,Device,Pageable,NVIDIA A100-SXM4-40GB MIG 4g.20gb (0),1,,7,[CUDA memcpy Device-to-Host]
3752425532,12767,219478,1434,1,1,128,1,1,16,0.000,0.000,,,,,NVIDIA A100-SXM4-40GB MIG 4g.20gb (0),1,,13,cupy_copy__complex64_complex64
3752453275,2848,219485,103,1,1,128,1,1,16,0.000,0.000,,,,,NVIDIA A100-SXM4-40GB MIG 4g.20gb (0),1,,13,cupy_copy__complex64_complex64
3752475387,2400,219492,35,1,1,128,1,1,16,0.000,0.000,,,,,NVIDIA A100-SXM4-40GB MIG 4g.20gb (0),1,,13,cupy_copy__complex64_complex64
3752491195,1952,219499,1,1,1,1,1,1,18,0.000,0.000,,,,,NVIDIA A100-SXM4-40GB MIG 4g.20gb (0),1,,13,cupy_copy__float32_float32
3752626969,86719,219510,1,1,1,32,32,1,30,0.000,0.000,,,,,NVIDIA A100-SXM4-40GB MIG 4g.20gb (0),1,,13,"void convert_kernel<__half2, float2>(tensor_layout_any, T1 *, tensor_layout_any, const T2 *)"
3752741656,6016,219513,,,,,,,,,,0.094,15574.430,Pinned,Device,NVIDIA A100-SXM4-40GB MIG 4g.20gb (0),1,,13,[CUDA memcpy Host-to-Device]
3752755543,3360,219514,,,,,,,,,,1.547,460304.688,Device,,NVIDIA A100-SXM4-40GB MIG 4g.20gb (0),1,,13,[CUDA memset]
3752762519,3136,219519,,,,,,,,,,0.031,9979.575,Pinned,Device,NVIDIA A100-SXM4-40GB MIG 4g.20gb (0),1,,13,[CUDA memcpy Host-to-Device]
3752768247,9344,219520,,,,,,,,,,0.197,21040.988,Pinned,Device,NVIDIA A100-SXM4-40GB MIG 4g.20gb (0),1,,13,[CUDA memcpy Host-to-Device]
3752782007,5824,219521,273,1,1,8,4,1,39,0.002,0.000,,,,,NVIDIA A100-SXM4-40GB MIG 4g.20gb (0),1,,13,"void channel_eq::eqMmseCoefCompLowMimoKernel<float, float, float, (unsigned int)4, (unsigned int)1, (unsigned int)4>(const channel_eq::_puschRxChEqStatDescr *, channel_eq::_puschRxChEqCoefCompDynDescr)"
3752792247,6816,219522,273,1,1,12,11,1,51,0.002,0.000,,,,,NVIDIA A100-SXM4-40GB MIG 4g.20gb (0),1,,13,"void channel_eq::eqMmseSoftDemapKernel<float, __half, __half, float, (unsigned int)4, (unsigned short)16383>(channel_eq::_puschRxChEqStatDescr *, channel_eq::_puschRxChEqSoftDemapDynDescr)"
3752800183,282108,219523,1,1,1,32,32,1,30,0.000,0.000,,,,,NVIDIA A100-SXM4-40GB MIG 4g.20gb (0),1,,13,"void convert_kernel<float2, __half2>(tensor_layout_any, T1 *, tensor_layout_any, const T2 *)"
3753084275,11040,219535,2253,1,1,128,1,1,16,0.000,0.000,,,,,NVIDIA A100-SXM4-40GB MIG 4g.20gb (0),1,,13,cupy_copy__float16_float16
3753097587,3296,219544,282,1,1,128,1,1,16,0.000,0.000,,,,,NVIDIA A100-SXM4-40GB MIG 4g.20gb (0),1,,13,cupy_copy__complex64_complex64
3753103603,2048,219553,26,1,1,128,1,1,16,0.000,0.000,,,,,NVIDIA A100-SXM4-40GB MIG 4g.20gb (0),1,,13,cupy_copy__float32_float32
3753109203,4704,219562,103,1,1,128,1,1,16,0.000,0.000,,,,,NVIDIA A100-SXM4-40GB MIG 4g.20gb (0),1,,13,cupy_copy__complex64_complex64
3753115539,12064,219572,1434,1,1,128,1,1,16,0.000,0.000,,,,,NVIDIA A100-SXM4-40GB MIG 4g.20gb (0),1,,13,cupy_copy__complex64_complex64
3753133683,82655,219577,1,1,1,32,32,1,30,0.000,0.000,,,,,NVIDIA A100-SXM4-40GB MIG 4g.20gb (0),1,,13,"void convert_kernel<__half2, float2>(tensor_layout_any, T1 *, tensor_layout_any, const T2 *)"
3753243217,5984,219580,,,,,,,,,,0.094,15657.726,Pinned,Device,NVIDIA A100-SXM4-40GB MIG 4g.20gb (0),1,,13,[CUDA memcpy Host-to-Device]
3753253649,598713,219581,,,,,,,,,,456.561,762457.605,Device,,NVIDIA A100-SXM4-40GB MIG 4g.20gb (0),1,,13,[CUDA memset]
3753855274,143134,219586,,,,,,,,,,1.235,8627.319,Pinned,Device,NVIDIA A100-SXM4-40GB MIG 4g.20gb (0),1,,13,[CUDA memcpy Host-to-Device]
3754010664,39775,219587,,,,,,,,,,0.197,4942.922,Pinned,Device,NVIDIA A100-SXM4-40GB MIG 4g.20gb (0),1,,13,[CUDA memcpy Host-to-Device]
3754084135,8000,219588,69,4,1,48,1,1,76,0.002,0.000,,,,,NVIDIA A100-SXM4-40GB MIG 4g.20gb (0),1,,13,"void ch_est::windowedChEstPreNoDftSOfdmKernel<float, __half, float, (unsigned int)2, (unsigned int)1, (unsigned short)4>(ch_est::puschRxChEstStatDescr_t *, ch_est::puschRxChEstDynDescr_t *)"
3754104391,6336,219589,137,2,1,24,2,1,44,0.001,0.001,,,,,NVIDIA A100-SXM4-40GB MIG 4g.20gb (0),1,,13,"void ch_est::chEstFilterNoDftSOfdmDispatchKernel<float, __half, float, (unsigned int)2>(ch_est::puschRxChEstStatDescr_t *, ch_est::puschRxChEstDynDescr_t *)"
3754123111,4767,219590,137,2,1,24,2,1,44,0.001,0.001,,,,,NVIDIA A100-SXM4-40GB MIG 4g.20gb (0),1,,13,"void ch_est::chEstFilterNoDftSOfdmDispatchKernel<float, __half, float, (unsigned int)2>(ch_est::puschRxChEstStatDescr_t *, ch_est::puschRxChEstDynDescr_t *)"
3754139910,2656,219601,103,1,1,128,1,1,16,0.000,0.000,,,,,NVIDIA A100-SXM4-40GB MIG 4g.20gb (0),1,,13,cupy_copy__complex64_complex64
3754154342,12448,219611,1434,1,1,128,1,1,16,0.000,0.000,,,,,NVIDIA A100-SXM4-40GB MIG 4g.20gb (0),1,,13,cupy_copy__complex64_complex64
3754189126,2464,219618,103,1,1,128,1,1,16,0.000,0.000,,,,,NVIDIA A100-SXM4-40GB MIG 4g.20gb (0),1,,13,cupy_copy__complex64_complex64
3754208006,84830,219625,1,1,1,32,32,1,30,0.000,0.000,,,,,NVIDIA A100-SXM4-40GB MIG 4g.20gb (0),1,,13,"void convert_kernel<__half2, float2>(tensor_layout_any, T1 *, tensor_layout_any, const T2 *)"
3754322436,13824,219628,,,,,,,,,,0.094,6777.688,Pinned,Device,NVIDIA A100-SXM4-40GB MIG 4g.20gb (0),1,,13,[CUDA memcpy Host-to-Device]
3754346052,46911,219629,,,,,,,,,,35.810,763324.255,Device,,NVIDIA A100-SXM4-40GB MIG 4g.20gb (0),1,,13,[CUDA memset]
3754398019,8576,219631,,,,,,,,,,0.000,9.328,Pinned,Device,NVIDIA A100-SXM4-40GB MIG 4g.20gb (0),1,,13,[CUDA memcpy Host-to-Device]
3754410691,19936,219632,,,,,,,,,,0.197,9861.857,Pinned,Device,NVIDIA A100-SXM4-40GB MIG 4g.20gb (0),1,,13,[CUDA memcpy Host-to-Device]
3754445475,9247,219633,273,1,1,48,1,1,40,0.000,0.001,,,,,NVIDIA A100-SXM4-40GB MIG 4g.20gb (0),1,,13,"void pusch_noise_intf_est::noiseIntfEstNoDftSOfdmKernel<float, __half, float, float, (unsigned int)2, (unsigned int)1, (unsigned char)4, (unsigned char)4>(pusch_noise_intf_est::puschRxNoiseIntfEstDynDescr)"
3754465026,2848,219644,35,1,1,128,1,1,16,0.000,0.000,,,,,NVIDIA A100-SXM4-40GB MIG 4g.20gb (0),1,,13,cupy_copy__complex64_complex64
3754475714,1696,219653,1,1,1,1,1,1,18,0.000,0.000,,,,,NVIDIA A100-SXM4-40GB MIG 4g.20gb (0),1,,13,cupy_copy__float32_float32
3754483010,5600,219659,,,,,,,,,,0.000,0.714,Device,Pageable,NVIDIA A100-SXM4-40GB MIG 4g.20gb (0),1,,7,[CUDA memcpy Device-to-Host]
3754556097,12832,219670,1434,1,1,128,1,1,16,0.000,0.000,,,,,NVIDIA A100-SXM4-40GB MIG 4g.20gb (0),1,,13,cupy_copy__complex64_complex64
3754578177,2880,219677,103,1,1,128,1,1,16,0.000,0.000,,,,,NVIDIA A100-SXM4-40GB MIG 4g.20gb (0),1,,13,cupy_copy__complex64_complex64
3754598817,2528,219684,35,1,1,128,1,1,16,0.000,0.000,,,,,NVIDIA A100-SXM4-40GB MIG 4g.20gb (0),1,,13,cupy_copy__complex64_complex64
3754621568,1856,219691,1,1,1,1,1,1,18,0.000,0.000,,,,,NVIDIA A100-SXM4-40GB MIG 4g.20gb (0),1,,13,cupy_copy__float32_float32
3754753791,81343,219702,1,1,1,32,32,1,30,0.000,0.000,,,,,NVIDIA A100-SXM4-40GB MIG 4g.20gb (0),1,,13,"void convert_kernel<__half2, float2>(tensor_layout_any, T1 *, tensor_layout_any, const T2 *)"
3754870301,6144,219705,,,,,,,,,,0.094,15249.961,Pinned,Device,NVIDIA A100-SXM4-40GB MIG 4g.20gb (0),1,,13,[CUDA memcpy Host-to-Device]
3754884669,3424,219706,,,,,,,,,,1.547,451700.819,Device,,NVIDIA A100-SXM4-40GB MIG 4g.20gb (0),1,,13,[CUDA memset]
3754891933,3616,219711,,,,,,,,,,0.031,8654.846,Pinned,Device,NVIDIA A100-SXM4-40GB MIG 4g.20gb (0),1,,13,[CUDA memcpy Host-to-Device]
3754898205,10112,219712,,,,,,,,,,0.197,19442.958,Pinned,Device,NVIDIA A100-SXM4-40GB MIG 4g.20gb (0),1,,13,[CUDA memcpy Host-to-Device]
3754914269,9696,219713,273,1,1,8,4,1,39,0.002,0.000,,,,,NVIDIA A100-SXM4-40GB MIG 4g.20gb (0),1,,13,"void channel_eq::eqMmseCoefCompLowMimoKernel<float, float, float, (unsigned int)4, (unsigned int)1, (unsigned int)4>(const channel_eq::_puschRxChEqStatDescr *, channel_eq::_puschRxChEqCoefCompDynDescr)"
3754925053,6176,219714,273,1,1,12,11,1,51,0.002,0.000,,,,,NVIDIA A100-SXM4-40GB MIG 4g.20gb (0),1,,13,"void channel_eq::eqMmseSoftDemapKernel<float, __half, __half, float, (unsigned int)4, (unsigned short)16383>(channel_eq::_puschRxChEqStatDescr *, channel_eq::_puschRxChEqSoftDemapDynDescr)"
3754932253,282428,219715,1,1,1,32,32,1,30,0.000,0.000,,,,,NVIDIA A100-SXM4-40GB MIG 4g.20gb (0),1,,13,"void convert_kernel<float2, __half2>(tensor_layout_any, T1 *, tensor_layout_any, const T2 *)"
3755217017,10848,219727,2253,1,1,128,1,1,16,0.000,0.000,,,,,NVIDIA A100-SXM4-40GB MIG 4g.20gb (0),1,,13,cupy_copy__float16_float16
3755230425,3744,219736,282,1,1,128,1,1,16,0.000,0.000,,,,,NVIDIA A100-SXM4-40GB MIG 4g.20gb (0),1,,13,cupy_copy__complex64_complex64
3755235577,2144,219745,26,1,1,128,1,1,16,0.000,0.000,,,,,NVIDIA A100-SXM4-40GB MIG 4g.20gb (0),1,,13,cupy_copy__float32_float32
3755239577,2880,219754,103,1,1,128,1,1,16,0.000,0.000,,,,,NVIDIA A100-SXM4-40GB MIG 4g.20gb (0),1,,13,cupy_copy__complex64_complex64
3755243961,12320,219764,1434,1,1,128,1,1,16,0.000,0.000,,,,,NVIDIA A100-SXM4-40GB MIG 4g.20gb (0),1,,13,cupy_copy__complex64_complex64
3755261528,82143,219769,1,1,1,32,32,1,30,0.000,0.000,,,,,NVIDIA A100-SXM4-40GB MIG 4g.20gb (0),1,,13,"void convert_kernel<__half2, float2>(tensor_layout_any, T1 *, tensor_layout_any, const T2 *)"
3755370359,5440,219772,,,,,,,,,,0.094,17223.480,Pinned,Device,NVIDIA A100-SXM4-40GB MIG 4g.20gb (0),1,,13,[CUDA memcpy Host-to-Device]
3755380439,596889,219773,,,,,,,,,,456.561,764740.412,Device,,NVIDIA A100-SXM4-40GB MIG 4g.20gb (0),1,,13,[CUDA memset]
3755981136,149502,219778,,,,,,,,,,1.235,8259.305,Pinned,Device,NVIDIA A100-SXM4-40GB MIG 4g.20gb (0),1,,13,[CUDA memcpy Host-to-Device]
3756143182,40255,219779,,,,,,,,,,0.197,4883.939,Pinned,Device,NVIDIA A100-SXM4-40GB MIG 4g.20gb (0),1,,13,[CUDA memcpy Host-to-Device]
3756201165,8064,219780,69,4,1,48,1,1,76,0.002,0.000,,,,,NVIDIA A100-SXM4-40GB MIG 4g.20gb (0),1,,13,"void ch_est::windowedChEstPreNoDftSOfdmKernel<float, __half, float, (unsigned int)2, (unsigned int)1, (unsigned short)4>(ch_est::puschRxChEstStatDescr_t *, ch_est::puschRxChEstDynDescr_t *)"
3756218797,6816,219781,137,2,1,24,2,1,44,0.001,0.001,,,,,NVIDIA A100-SXM4-40GB MIG 4g.20gb (0),1,,13,"void ch_est::chEstFilterNoDftSOfdmDispatchKernel<float, __half, float, (unsigned int)2>(ch_est::puschRxChEstStatDescr_t *, ch_est::puschRxChEstDynDescr_t *)"
3756235948,4736,219782,137,2,1,24,2,1,44,0.001,0.001,,,,,NVIDIA A100-SXM4-40GB MIG 4g.20gb (0),1,,13,"void ch_est::chEstFilterNoDftSOfdmDispatchKernel<float, __half, float, (unsigned int)2>(ch_est::puschRxChEstStatDescr_t *, ch_est::puschRxChEstDynDescr_t *)"
3756254060,2656,219793,103,1,1,128,1,1,16,0.000,0.000,,,,,NVIDIA A100-SXM4-40GB MIG 4g.20gb (0),1,,13,cupy_copy__complex64_complex64
3756271020,12384,219803,1434,1,1,128,1,1,16,0.000,0.000,,,,,NVIDIA A100-SXM4-40GB MIG 4g.20gb (0),1,,13,cupy_copy__complex64_complex64
3756289548,2912,219810,103,1,1,128,1,1,16,0.000,0.000,,,,,NVIDIA A100-SXM4-40GB MIG 4g.20gb (0),1,,13,cupy_copy__complex64_complex64
3756315147,85599,219817,1,1,1,32,32,1,30,0.000,0.000,,,,,NVIDIA A100-SXM4-40GB MIG 4g.20gb (0),1,,13,"void convert_kernel<__half2, float2>(tensor_layout_any, T1 *, tensor_layout_any, const T2 *)"
3756435402,26176,219820,,,,,,,,,,0.094,3579.375,Pinned,Device,NVIDIA A100-SXM4-40GB MIG 4g.20gb (0),1,,13,[CUDA memcpy Host-to-Device]
3756482857,47040,219821,,,,,,,,,,35.810,761247.279,Device,,NVIDIA A100-SXM4-40GB MIG 4g.20gb (0),1,,13,[CUDA memset]
3756536425,6784,219823,,,,,,,,,,0.000,11.792,Pinned,Device,NVIDIA A100-SXM4-40GB MIG 4g.20gb (0),1,,13,[CUDA memcpy Host-to-Device]
3756553193,19135,219824,,,,,,,,,,0.197,10274.734,Pinned,Device,NVIDIA A100-SXM4-40GB MIG 4g.20gb (0),1,,13,[CUDA memcpy Host-to-Device]
3756586536,9536,219825,273,1,1,48,1,1,40,0.000,0.001,,,,,NVIDIA A100-SXM4-40GB MIG 4g.20gb (0),1,,13,"void pusch_noise_intf_est::noiseIntfEstNoDftSOfdmKernel<float, __half, float, float, (unsigned int)2, (unsigned int)1, (unsigned char)4, (unsigned char)4>(pusch_noise_intf_est::puschRxNoiseIntfEstDynDescr)"
3756606184,2720,219836,35,1,1,128,1,1,16,0.000,0.000,,,,,NVIDIA A100-SXM4-40GB MIG 4g.20gb (0),1,,13,cupy_copy__complex64_complex64
3756616104,1728,219845,1,1,1,1,1,1,18,0.000,0.000,,,,,NVIDIA A100-SXM4-40GB MIG 4g.20gb (0),1,,13,cupy_copy__float32_float32
3756618600,4160,219851,,,,,,,,,,0.000,0.962,Device,Pageable,NVIDIA A100-SXM4-40GB MIG 4g.20gb (0),1,,7,[CUDA memcpy Device-to-Host]
3756693863,13024,219862,1434,1,1,128,1,1,16,0.000,0.000,,,,,NVIDIA A100-SXM4-40GB MIG 4g.20gb (0),1,,13,cupy_copy__complex64_complex64
3756722566,2880,219869,103,1,1,128,1,1,16,0.000,0.000,,,,,NVIDIA A100-SXM4-40GB MIG 4g.20gb (0),1,,13,cupy_copy__complex64_complex64
3756747974,2848,219876,35,1,1,128,1,1,16,0.000,0.000,,,,,NVIDIA A100-SXM4-40GB MIG 4g.20gb (0),1,,13,cupy_copy__complex64_complex64
3756762406,1856,219883,1,1,1,1,1,1,18,0.000,0.000,,,,,NVIDIA A100-SXM4-40GB MIG 4g.20gb (0),1,,13,cupy_copy__float32_float32
3756894020,87519,219894,1,1,1,32,32,1,30,0.000,0.000,,,,,NVIDIA A100-SXM4-40GB MIG 4g.20gb (0),1,,13,"void convert_kernel<__half2, float2>(tensor_layout_any, T1 *, tensor_layout_any, const T2 *)"
3757008835,5472,219897,,,,,,,,,,0.094,17122.757,Pinned,Device,NVIDIA A100-SXM4-40GB MIG 4g.20gb (0),1,,13,[CUDA memcpy Host-to-Device]
3757023811,3264,219898,,,,,,,,,,1.547,473842.288,Device,,NVIDIA A100-SXM4-40GB MIG 4g.20gb (0),1,,13,[CUDA memset]
3757029699,3040,219903,,,,,,,,,,0.031,10294.725,Pinned,Device,NVIDIA A100-SXM4-40GB MIG 4g.20gb (0),1,,13,[CUDA memcpy Host-to-Device]
3757036099,9727,219904,,,,,,,,,,0.197,20212.482,Pinned,Device,NVIDIA A100-SXM4-40GB MIG 4g.20gb (0),1,,13,[CUDA memcpy Host-to-Device]
3757050466,6208,219905,273,1,1,8,4,1,39,0.002,0.000,,,,,NVIDIA A100-SXM4-40GB MIG 4g.20gb (0),1,,13,"void channel_eq::eqMmseCoefCompLowMimoKernel<float, float, float, (unsigned int)4, (unsigned int)1, (unsigned int)4>(const channel_eq::_puschRxChEqStatDescr *, channel_eq::_puschRxChEqCoefCompDynDescr)"
3757058370,6080,219906,273,1,1,12,11,1,51,0.002,0.000,,,,,NVIDIA A100-SXM4-40GB MIG 4g.20gb (0),1,,13,"void channel_eq::eqMmseSoftDemapKernel<float, __half, __half, float, (unsigned int)4, (unsigned short)16383>(channel_eq::_puschRxChEqStatDescr *, channel_eq::_puschRxChEqSoftDemapDynDescr)"
3757065570,282077,219907,1,1,1,32,32,1,30,0.000,0.000,,,,,NVIDIA A100-SXM4-40GB MIG 4g.20gb (0),1,,13,"void convert_kernel<float2, __half2>(tensor_layout_any, T1 *, tensor_layout_any, const T2 *)"
3757348607,11072,219919,2253,1,1,128,1,1,16,0.000,0.000,,,,,NVIDIA A100-SXM4-40GB MIG 4g.20gb (0),1,,13,cupy_copy__float16_float16
3757364254,2688,219928,282,1,1,128,1,1,16,0.000,0.000,,,,,NVIDIA A100-SXM4-40GB MIG 4g.20gb (0),1,,13,cupy_copy__complex64_complex64
3757370846,2016,219937,26,1,1,128,1,1,16,0.000,0.000,,,,,NVIDIA A100-SXM4-40GB MIG 4g.20gb (0),1,,13,cupy_copy__float32_float32
3757373854,3040,219946,103,1,1,128,1,1,16,0.000,0.000,,,,,NVIDIA A100-SXM4-40GB MIG 4g.20gb (0),1,,13,cupy_copy__complex64_complex64
3757379294,12000,219956,1434,1,1,128,1,1,16,0.000,0.000,,,,,NVIDIA A100-SXM4-40GB MIG 4g.20gb (0),1,,13,cupy_copy__complex64_complex64
3757395774,90527,219961,1,1,1,32,32,1,30,0.000,0.000,,,,,NVIDIA A100-SXM4-40GB MIG 4g.20gb (0),1,,13,"void convert_kernel<__half2, float2>(tensor_layout_any, T1 *, tensor_layout_any, const T2 *)"
3757512733,5408,219964,,,,,,,,,,0.094,17325.421,Pinned,Device,NVIDIA A100-SXM4-40GB MIG 4g.20gb (0),1,,13,[CUDA memcpy Host-to-Device]
3757522813,597400,219965,,,,,,,,,,456.561,763827.289,Device,,NVIDIA A100-SXM4-40GB MIG 4g.20gb (0),1,,13,[CUDA memset]
3758124309,149630,219970,,,,,,,,,,1.235,8253.131,Pinned,Device,NVIDIA A100-SXM4-40GB MIG 4g.20gb (0),1,,13,[CUDA memcpy Host-to-Device]
3758285075,38304,219971,,,,,,,,,,0.197,5132.648,Pinned,Device,NVIDIA A100-SXM4-40GB MIG 4g.20gb (0),1,,13,[CUDA memcpy Host-to-Device]
3758343474,8000,219972,69,4,1,48,1,1,76,0.002,0.000,,,,,NVIDIA A100-SXM4-40GB MIG 4g.20gb (0),1,,13,"void ch_est::windowedChEstPreNoDftSOfdmKernel<float, __half, float, (unsigned int)2, (unsigned int)1, (unsigned short)4>(ch_est::puschRxChEstStatDescr_t *, ch_est::puschRxChEstDynDescr_t *)"
3758358290,6720,219973,137,2,1,24,2,1,44,0.001,0.001,,,,,NVIDIA A100-SXM4-40GB MIG 4g.20gb (0),1,,13,"void ch_est::chEstFilterNoDftSOfdmDispatchKernel<float, __half, float, (unsigned int)2>(ch_est::puschRxChEstStatDescr_t *, ch_est::puschRxChEstDynDescr_t *)"
3758370962,4736,219974,137,2,1,24,2,1,44,0.001,0.001,,,,,NVIDIA A100-SXM4-40GB MIG 4g.20gb (0),1,,13,"void ch_est::chEstFilterNoDftSOfdmDispatchKernel<float, __half, float, (unsigned int)2>(ch_est::puschRxChEstStatDescr_t *, ch_est::puschRxChEstDynDescr_t *)"
3758383602,2528,219985,103,1,1,128,1,1,16,0.000,0.000,,,,,NVIDIA A100-SXM4-40GB MIG 4g.20gb (0),1,,13,cupy_copy__complex64_complex64
3758398034,12320,219995,1434,1,1,128,1,1,16,0.000,0.000,,,,,NVIDIA A100-SXM4-40GB MIG 4g.20gb (0),1,,13,cupy_copy__complex64_complex64
3758411314,2432,220002,103,1,1,128,1,1,16,0.000,0.000,,,,,NVIDIA A100-SXM4-40GB MIG 4g.20gb (0),1,,13,cupy_copy__complex64_complex64
3758418289,90079,220009,1,1,1,32,32,1,30,0.000,0.000,,,,,NVIDIA A100-SXM4-40GB MIG 4g.20gb (0),1,,13,"void convert_kernel<__half2, float2>(tensor_layout_any, T1 *, tensor_layout_any, const T2 *)"
3758538224,15200,220012,,,,,,,,,,0.094,6164.166,Pinned,Device,NVIDIA A100-SXM4-40GB MIG 4g.20gb (0),1,,13,[CUDA memcpy Host-to-Device]
3758574640,47295,220013,,,,,,,,,,35.810,757129.139,Device,,NVIDIA A100-SXM4-40GB MIG 4g.20gb (0),1,,13,[CUDA memset]
3758628975,9120,220015,,,,,,,,,,0.000,8.772,Pinned,Device,NVIDIA A100-SXM4-40GB MIG 4g.20gb (0),1,,13,[CUDA memcpy Host-to-Device]
3758648975,27999,220016,,,,,,,,,,0.197,7021.855,Pinned,Device,NVIDIA A100-SXM4-40GB MIG 4g.20gb (0),1,,13,[CUDA memcpy Host-to-Device]
3758698702,9376,220017,273,1,1,48,1,1,40,0.000,0.001,,,,,NVIDIA A100-SXM4-40GB MIG 4g.20gb (0),1,,13,"void pusch_noise_intf_est::noiseIntfEstNoDftSOfdmKernel<float, __half, float, float, (unsigned int)2, (unsigned int)1, (unsigned char)4, (unsigned char)4>(pusch_noise_intf_est::puschRxNoiseIntfEstDynDescr)"
3758714094,2784,220028,35,1,1,128,1,1,16,0.000,0.000,,,,,NVIDIA A100-SXM4-40GB MIG 4g.20gb (0),1,,13,cupy_copy__complex64_complex64
3758730350,1696,220037,1,1,1,1,1,1,18,0.000,0.000,,,,,NVIDIA A100-SXM4-40GB MIG 4g.20gb (0),1,,13,cupy_copy__float32_float32
3758734926,6815,220043,,,,,,,,,,0.000,0.587,Device,Pageable,NVIDIA A100-SXM4-40GB MIG 4g.20gb (0),1,,7,[CUDA memcpy Device-to-Host]
3758837516,12704,220054,1434,1,1,128,1,1,16,0.000,0.000,,,,,NVIDIA A100-SXM4-40GB MIG 4g.20gb (0),1,,13,cupy_copy__complex64_complex64
3758873516,3360,220061,103,1,1,128,1,1,16,0.000,0.000,,,,,NVIDIA A100-SXM4-40GB MIG 4g.20gb (0),1,,13,cupy_copy__complex64_complex64
3758893580,2336,220068,35,1,1,128,1,1,16,0.000,0.000,,,,,NVIDIA A100-SXM4-40GB MIG 4g.20gb (0),1,,13,cupy_copy__complex64_complex64
3758913611,1792,220075,1,1,1,1,1,1,18,0.000,0.000,,,,,NVIDIA A100-SXM4-40GB MIG 4g.20gb (0),1,,13,cupy_copy__float32_float32
3759035946,81631,220086,1,1,1,32,32,1,30,0.000,0.000,,,,,NVIDIA A100-SXM4-40GB MIG 4g.20gb (0),1,,13,"void convert_kernel<__half2, float2>(tensor_layout_any, T1 *, tensor_layout_any, const T2 *)"
3759149736,10016,220089,,,,,,,,,,0.094,9354.609,Pinned,Device,NVIDIA A100-SXM4-40GB MIG 4g.20gb (0),1,,13,[CUDA memcpy Host-to-Device]
3759170792,3712,220090,,,,,,,,,,1.547,416654.319,Device,,NVIDIA A100-SXM4-40GB MIG 4g.20gb (0),1,,13,[CUDA memset]
3759175944,3008,220095,,,,,,,,,,0.031,10404.230,Pinned,Device,NVIDIA A100-SXM4-40GB MIG 4g.20gb (0),1,,13,[CUDA memcpy Host-to-Device]
3759186248,13632,220096,,,,,,,,,,0.197,14422.376,Pinned,Device,NVIDIA A100-SXM4-40GB MIG 4g.20gb (0),1,,13,[CUDA memcpy Host-to-Device]
3759216872,5984,220097,273,1,1,8,4,1,39,0.002,0.000,,,,,NVIDIA A100-SXM4-40GB MIG 4g.20gb (0),1,,13,"void channel_eq::eqMmseCoefCompLowMimoKernel<float, float, float, (unsigned int)4, (unsigned int)1, (unsigned int)4>(const channel_eq::_puschRxChEqStatDescr *, channel_eq::_puschRxChEqCoefCompDynDescr)"
3759225095,7488,220098,273,1,1,12,11,1,51,0.002,0.000,,,,,NVIDIA A100-SXM4-40GB MIG 4g.20gb (0),1,,13,"void channel_eq::eqMmseSoftDemapKernel<float, __half, __half, float, (unsigned int)4, (unsigned short)16383>(channel_eq::_puschRxChEqStatDescr *, channel_eq::_puschRxChEqSoftDemapDynDescr)"
3759234695,282909,220099,1,1,1,32,32,1,30,0.000,0.000,,,,,NVIDIA A100-SXM4-40GB MIG 4g.20gb (0),1,,13,"void convert_kernel<float2, __half2>(tensor_layout_any, T1 *, tensor_layout_any, const T2 *)"
3759520516,11040,220111,2253,1,1,128,1,1,16,0.000,0.000,,,,,NVIDIA A100-SXM4-40GB MIG 4g.20gb (0),1,,13,cupy_copy__float16_float16
3759535684,3136,220120,282,1,1,128,1,1,16,0.000,0.000,,,,,NVIDIA A100-SXM4-40GB MIG 4g.20gb (0),1,,13,cupy_copy__complex64_complex64
3759541092,2016,220129,26,1,1,128,1,1,16,0.000,0.000,,,,,NVIDIA A100-SXM4-40GB MIG 4g.20gb (0),1,,13,cupy_copy__float32_float32
3759545540,3199,220138,103,1,1,128,1,1,16,0.000,0.000,,,,,NVIDIA A100-SXM4-40GB MIG 4g.20gb (0),1,,13,cupy_copy__complex64_complex64
3759549699,12064,220148,1434,1,1,128,1,1,16,0.000,0.000,,,,,NVIDIA A100-SXM4-40GB MIG 4g.20gb (0),1,,13,cupy_copy__complex64_complex64
3759563619,82431,220153,1,1,1,32,32,1,30,0.000,0.000,,,,,NVIDIA A100-SXM4-40GB MIG 4g.20gb (0),1,,13,"void convert_kernel<__half2, float2>(tensor_layout_any, T1 *, tensor_layout_any, const T2 *)"
3759675522,5728,220156,,,,,,,,,,0.094,16357.541,Pinned,Device,NVIDIA A100-SXM4-40GB MIG 4g.20gb (0),1,,13,[CUDA memcpy Host-to-Device]
3759685858,597496,220157,,,,,,,,,,456.561,763827.289,Device,,NVIDIA A100-SXM4-40GB MIG 4g.20gb (0),1,,13,[CUDA memset]
3760288794,110687,220162,,,,,,,,,,1.235,11156.484,Pinned,Device,NVIDIA A100-SXM4-40GB MIG 4g.20gb (0),1,,13,[CUDA memcpy Host-to-Device]
3760403737,17984,220163,,,,,,,,,,0.197,10932.191,Pinned,Device,NVIDIA A100-SXM4-40GB MIG 4g.20gb (0),1,,13,[CUDA memcpy Host-to-Device]
3760434841,9247,220164,69,4,1,48,1,1,76,0.002,0.000,,,,,NVIDIA A100-SXM4-40GB MIG 4g.20gb (0),1,,13,"void ch_est::windowedChEstPreNoDftSOfdmKernel<float, __half, float, (unsigned int)2, (unsigned int)1, (unsigned short)4>(ch_est::puschRxChEstStatDescr_t *, ch_est::puschRxChEstDynDescr_t *)"
3760450200,6272,220165,137,2,1,24,2,1,44,0.001,0.001,,,,,NVIDIA A100-SXM4-40GB MIG 4g.20gb (0),1,,13,"void ch_est::chEstFilterNoDftSOfdmDispatchKernel<float, __half, float, (unsigned int)2>(ch_est::puschRxChEstStatDescr_t *, ch_est::puschRxChEstDynDescr_t *)"
3760457816,6272,220166,137,2,1,24,2,1,44,0.001,0.001,,,,,NVIDIA A100-SXM4-40GB MIG 4g.20gb (0),1,,13,"void ch_est::chEstFilterNoDftSOfdmDispatchKernel<float, __half, float, (unsigned int)2>(ch_est::puschRxChEstStatDescr_t *, ch_est::puschRxChEstDynDescr_t *)"
3760465592,3168,220177,103,1,1,128,1,1,16,0.000,0.000,,,,,NVIDIA A100-SXM4-40GB MIG 4g.20gb (0),1,,13,cupy_copy__complex64_complex64
3760473208,13184,220187,1434,1,1,128,1,1,16,0.000,0.000,,,,,NVIDIA A100-SXM4-40GB MIG 4g.20gb (0),1,,13,cupy_copy__complex64_complex64
3760490136,2848,220194,103,1,1,128,1,1,16,0.000,0.000,,,,,NVIDIA A100-SXM4-40GB MIG 4g.20gb (0),1,,13,cupy_copy__complex64_complex64
3760499832,87871,220201,1,1,1,32,32,1,30,0.000,0.000,,,,,NVIDIA A100-SXM4-40GB MIG 4g.20gb (0),1,,13,"void convert_kernel<__half2, float2>(tensor_layout_any, T1 *, tensor_layout_any, const T2 *)"
3760614582,13088,220204,,,,,,,,,,0.094,7158.843,Pinned,Device,NVIDIA A100-SXM4-40GB MIG 4g.20gb (0),1,,13,[CUDA memcpy Host-to-Device]
3760642134,46975,220205,,,,,,,,,,35.810,762285.767,Device,,NVIDIA A100-SXM4-40GB MIG 4g.20gb (0),1,,13,[CUDA memset]
3760690453,9280,220207,,,,,,,,,,0.000,8.621,Pinned,Device,NVIDIA A100-SXM4-40GB MIG 4g.20gb (0),1,,13,[CUDA memcpy Host-to-Device]
3760704501,17632,220208,,,,,,,,,,0.197,11150.623,Pinned,Device,NVIDIA A100-SXM4-40GB MIG 4g.20gb (0),1,,13,[CUDA memcpy Host-to-Device]
3760736309,9536,220209,273,1,1,48,1,1,40,0.000,0.001,,,,,NVIDIA A100-SXM4-40GB MIG 4g.20gb (0),1,,13,"void pusch_noise_intf_est::noiseIntfEstNoDftSOfdmKernel<float, __half, float, float, (unsigned int)2, (unsigned int)1, (unsigned char)4, (unsigned char)4>(pusch_noise_intf_est::puschRxNoiseIntfEstDynDescr)"
3760753781,2720,220220,35,1,1,128,1,1,16,0.000,0.000,,,,,NVIDIA A100-SXM4-40GB MIG 4g.20gb (0),1,,13,cupy_copy__complex64_complex64
3760762804,1760,220229,1,1,1,1,1,1,18,0.000,0.000,,,,,NVIDIA A100-SXM4-40GB MIG 4g.20gb (0),1,,13,cupy_copy__float32_float32
3760769108,5440,220235,,,,,,,,,,0.000,0.735,Device,Pageable,NVIDIA A100-SXM4-40GB MIG 4g.20gb (0),1,,7,[CUDA memcpy Device-to-Host]
3760840020,12799,220246,1434,1,1,128,1,1,16,0.000,0.000,,,,,NVIDIA A100-SXM4-40GB MIG 4g.20gb (0),1,,13,cupy_copy__complex64_complex64
3760867187,3360,220253,103,1,1,128,1,1,16,0.000,0.000,,,,,NVIDIA A100-SXM4-40GB MIG 4g.20gb (0),1,,13,cupy_copy__complex64_complex64
3760887251,2176,220260,35,1,1,128,1,1,16,0.000,0.000,,,,,NVIDIA A100-SXM4-40GB MIG 4g.20gb (0),1,,13,cupy_copy__complex64_complex64
3760908499,1760,220267,1,1,1,1,1,1,18,0.000,0.000,,,,,NVIDIA A100-SXM4-40GB MIG 4g.20gb (0),1,,13,cupy_copy__float32_float32
3761036913,86815,220278,1,1,1,32,32,1,30,0.000,0.000,,,,,NVIDIA A100-SXM4-40GB MIG 4g.20gb (0),1,,13,"void convert_kernel<__half2, float2>(tensor_layout_any, T1 *, tensor_layout_any, const T2 *)"
3761151536,5856,220281,,,,,,,,,,0.094,15999.997,Pinned,Device,NVIDIA A100-SXM4-40GB MIG 4g.20gb (0),1,,13,[CUDA memcpy Host-to-Device]
3761167055,3584,220282,,,,,,,,,,1.547,431534.389,Device,,NVIDIA A100-SXM4-40GB MIG 4g.20gb (0),1,,13,[CUDA memset]
3761173231,3296,220287,,,,,,,,,,0.031,9495.144,Pinned,Device,NVIDIA A100-SXM4-40GB MIG 4g.20gb (0),1,,13,[CUDA memcpy Host-to-Device]
3761179407,9824,220288,,,,,,,,,,0.197,20012.925,Pinned,Device,NVIDIA A100-SXM4-40GB MIG 4g.20gb (0),1,,13,[CUDA memcpy Host-to-Device]
3761194703,5792,220289,273,1,1,8,4,1,39,0.002,0.000,,,,,NVIDIA A100-SXM4-40GB MIG 4g.20gb (0),1,,13,"void channel_eq::eqMmseCoefCompLowMimoKernel<float, float, float, (unsigned int)4, (unsigned int)1, (unsigned int)4>(const channel_eq::_puschRxChEqStatDescr *, channel_eq::_puschRxChEqCoefCompDynDescr)"
3761202959,5696,220290,273,1,1,12,11,1,51,0.002,0.000,,,,,NVIDIA A100-SXM4-40GB MIG 4g.20gb (0),1,,13,"void channel_eq::eqMmseSoftDemapKernel<float, __half, __half, float, (unsigned int)4, (unsigned short)16383>(channel_eq::_puschRxChEqStatDescr *, channel_eq::_puschRxChEqSoftDemapDynDescr)"
3761210383,294588,220291,1,1,1,32,32,1,30,0.000,0.000,,,,,NVIDIA A100-SXM4-40GB MIG 4g.20gb (0),1,,13,"void convert_kernel<float2, __half2>(tensor_layout_any, T1 *, tensor_layout_any, const T2 *)"
3761506091,11296,220303,2253,1,1,128,1,1,16,0.000,0.000,,,,,NVIDIA A100-SXM4-40GB MIG 4g.20gb (0),1,,13,cupy_copy__float16_float16
3761521579,2912,220312,282,1,1,128,1,1,16,0.000,0.000,,,,,NVIDIA A100-SXM4-40GB MIG 4g.20gb (0),1,,13,cupy_copy__complex64_complex64
3761526315,2048,220321,26,1,1,128,1,1,16,0.000,0.000,,,,,NVIDIA A100-SXM4-40GB MIG 4g.20gb (0),1,,13,cupy_copy__float32_float32
3761529323,4832,220330,103,1,1,128,1,1,16,0.000,0.000,,,,,NVIDIA A100-SXM4-40GB MIG 4g.20gb (0),1,,13,cupy_copy__complex64_complex64
3761535243,11968,220340,1434,1,1,128,1,1,16,0.000,0.000,,,,,NVIDIA A100-SXM4-40GB MIG 4g.20gb (0),1,,13,cupy_copy__complex64_complex64
3761550571,87295,220345,1,1,1,32,32,1,30,0.000,0.000,,,,,NVIDIA A100-SXM4-40GB MIG 4g.20gb (0),1,,13,"void convert_kernel<__half2, float2>(tensor_layout_any, T1 *, tensor_layout_any, const T2 *)"
3761665065,5792,220348,,,,,,,,,,0.094,16176.708,Pinned,Device,NVIDIA A100-SXM4-40GB MIG 4g.20gb (0),1,,13,[CUDA memcpy Host-to-Device]
3761676425,598169,220349,,,,,,,,,,456.561,762914.166,Device,,NVIDIA A100-SXM4-40GB MIG 4g.20gb (0),1,,13,[CUDA memset]
3762279906,159262,220354,,,,,,,,,,1.235,7752.978,Pinned,Device,NVIDIA A100-SXM4-40GB MIG 4g.20gb (0),1,,13,[CUDA memcpy Host-to-Device]
3762450752,40863,220355,,,,,,,,,,0.197,4811.391,Pinned,Device,NVIDIA A100-SXM4-40GB MIG 4g.20gb (0),1,,13,[CUDA memcpy Host-to-Device]
3762511359,8064,220356,69,4,1,48,1,1,76,0.002,0.000,,,,,NVIDIA A100-SXM4-40GB MIG 4g.20gb (0),1,,13,"void ch_est::windowedChEstPreNoDftSOfdmKernel<float, __half, float, (unsigned int)2, (unsigned int)1, (unsigned short)4>(ch_est::puschRxChEstStatDescr_t *, ch_est::puschRxChEstDynDescr_t *)"
3762529983,7168,220357,137,2,1,24,2,1,44,0.001,0.001,,,,,NVIDIA A100-SXM4-40GB MIG 4g.20gb (0),1,,13,"void ch_est::chEstFilterNoDftSOfdmDispatchKernel<float, __half, float, (unsigned int)2>(ch_est::puschRxChEstStatDescr_t *, ch_est::puschRxChEstDynDescr_t *)"
3762543614,4800,220358,137,2,1,24,2,1,44,0.001,0.001,,,,,NVIDIA A100-SXM4-40GB MIG 4g.20gb (0),1,,13,"void ch_est::chEstFilterNoDftSOfdmDispatchKernel<float, __half, float, (unsigned int)2>(ch_est::puschRxChEstStatDescr_t *, ch_est::puschRxChEstDynDescr_t *)"
3762557758,2688,220369,103,1,1,128,1,1,16,0.000,0.000,,,,,NVIDIA A100-SXM4-40GB MIG 4g.20gb (0),1,,13,cupy_copy__complex64_complex64
3762567998,12416,220379,1434,1,1,128,1,1,16,0.000,0.000,,,,,NVIDIA A100-SXM4-40GB MIG 4g.20gb (0),1,,13,cupy_copy__complex64_complex64
3762589598,2528,220386,103,1,1,128,1,1,16,0.000,0.000,,,,,NVIDIA A100-SXM4-40GB MIG 4g.20gb (0),1,,13,cupy_copy__complex64_complex64
3762603006,83839,220393,1,1,1,32,32,1,30,0.000,0.000,,,,,NVIDIA A100-SXM4-40GB MIG 4g.20gb (0),1,,13,"void convert_kernel<__half2, float2>(tensor_layout_any, T1 *, tensor_layout_any, const T2 *)"
3762718844,9664,220396,,,,,,,,,,0.094,9695.287,Pinned,Device,NVIDIA A100-SXM4-40GB MIG 4g.20gb (0),1,,13,[CUDA memcpy Host-to-Device]
3762738076,47487,220397,,,,,,,,,,35.810,754085.295,Device,,NVIDIA A100-SXM4-40GB MIG 4g.20gb (0),1,,13,[CUDA memset]
3762788411,10368,220399,,,,,,,,,,0.000,7.716,Pinned,Device,NVIDIA A100-SXM4-40GB MIG 4g.20gb (0),1,,13,[CUDA memcpy Host-to-Device]
3762808187,18944,220400,,,,,,,,,,0.197,10378.346,Pinned,Device,NVIDIA A100-SXM4-40GB MIG 4g.20gb (0),1,,13,[CUDA memcpy Host-to-Device]
3762846555,9664,220401,273,1,1,48,1,1,40,0.000,0.001,,,,,NVIDIA A100-SXM4-40GB MIG 4g.20gb (0),1,,13,"void pusch_noise_intf_est::noiseIntfEstNoDftSOfdmKernel<float, __half, float, float, (unsigned int)2, (unsigned int)1, (unsigned char)4, (unsigned char)4>(pusch_noise_intf_est::puschRxNoiseIntfEstDynDescr)"
3762864090,2752,220412,35,1,1,128,1,1,16,0.000,0.000,,,,,NVIDIA A100-SXM4-40GB MIG 4g.20gb (0),1,,13,cupy_copy__complex64_complex64
3762873530,1952,220421,1,1,1,1,1,1,18,0.000,0.000,,,,,NVIDIA A100-SXM4-40GB MIG 4g.20gb (0),1,,13,cupy_copy__float32_float32
3762879642,7040,220427,,,,,,,,,,0.000,0.568,Device,Pageable,NVIDIA A100-SXM4-40GB MIG 4g.20gb (0),1,,7,[CUDA memcpy Device-to-Host]
3762960121,13504,220438,1434,1,1,128,1,1,16,0.000,0.000,,,,,NVIDIA A100-SXM4-40GB MIG 4g.20gb (0),1,,13,cupy_copy__complex64_complex64
3762986905,3392,220445,103,1,1,128,1,1,16,0.000,0.000,,,,,NVIDIA A100-SXM4-40GB MIG 4g.20gb (0),1,,13,cupy_copy__complex64_complex64
3763007033,2496,220452,35,1,1,128,1,1,16,0.000,0.000,,,,,NVIDIA A100-SXM4-40GB MIG 4g.20gb (0),1,,13,cupy_copy__complex64_complex64
3763025816,1760,220459,1,1,1,1,1,1,18,0.000,0.000,,,,,NVIDIA A100-SXM4-40GB MIG 4g.20gb (0),1,,13,cupy_copy__float32_float32
3763149783,82239,220470,1,1,1,32,32,1,30,0.000,0.000,,,,,NVIDIA A100-SXM4-40GB MIG 4g.20gb (0),1,,13,"void convert_kernel<__half2, float2>(tensor_layout_any, T1 *, tensor_layout_any, const T2 *)"
3763264438,5535,220473,,,,,,,,,,0.094,16927.869,Pinned,Device,NVIDIA A100-SXM4-40GB MIG 4g.20gb (0),1,,13,[CUDA memcpy Host-to-Device]
3763281365,3488,220474,,,,,,,,,,1.547,443412.461,Device,,NVIDIA A100-SXM4-40GB MIG 4g.20gb (0),1,,13,[CUDA memset]
3763286261,3040,220479,,,,,,,,,,0.031,10294.725,Pinned,Device,NVIDIA A100-SXM4-40GB MIG 4g.20gb (0),1,,13,[CUDA memcpy Host-to-Device]
3763291637,9760,220480,,,,,,,,,,0.197,20144.259,Pinned,Device,NVIDIA A100-SXM4-40GB MIG 4g.20gb (0),1,,13,[CUDA memcpy Host-to-Device]
3763306133,6176,220481,273,1,1,8,4,1,39,0.002,0.000,,,,,NVIDIA A100-SXM4-40GB MIG 4g.20gb (0),1,,13,"void channel_eq::eqMmseCoefCompLowMimoKernel<float, float, float, (unsigned int)4, (unsigned int)1, (unsigned int)4>(const channel_eq::_puschRxChEqStatDescr *, channel_eq::_puschRxChEqCoefCompDynDescr)"
3763314709,5728,220482,273,1,1,12,11,1,51,0.002,0.000,,,,,NVIDIA A100-SXM4-40GB MIG 4g.20gb (0),1,,13,"void channel_eq::eqMmseSoftDemapKernel<float, __half, __half, float, (unsigned int)4, (unsigned short)16383>(channel_eq::_puschRxChEqStatDescr *, channel_eq::_puschRxChEqSoftDemapDynDescr)"
3763321557,282876,220483,1,1,1,32,32,1,30,0.000,0.000,,,,,NVIDIA A100-SXM4-40GB MIG 4g.20gb (0),1,,13,"void convert_kernel<float2, __half2>(tensor_layout_any, T1 *, tensor_layout_any, const T2 *)"
3763606289,11008,220495,2253,1,1,128,1,1,16,0.000,0.000,,,,,NVIDIA A100-SXM4-40GB MIG 4g.20gb (0),1,,13,cupy_copy__float16_float16
3763621617,3744,220504,282,1,1,128,1,1,16,0.000,0.000,,,,,NVIDIA A100-SXM4-40GB MIG 4g.20gb (0),1,,13,cupy_copy__complex64_complex64
3763627441,2176,220513,26,1,1,128,1,1,16,0.000,0.000,,,,,NVIDIA A100-SXM4-40GB MIG 4g.20gb (0),1,,13,cupy_copy__float32_float32
3763631441,4544,220522,103,1,1,128,1,1,16,0.000,0.000,,,,,NVIDIA A100-SXM4-40GB MIG 4g.20gb (0),1,,13,cupy_copy__complex64_complex64
3763638801,11840,220532,1434,1,1,128,1,1,16,0.000,0.000,,,,,NVIDIA A100-SXM4-40GB MIG 4g.20gb (0),1,,13,cupy_copy__complex64_complex64
3763660305,82431,220537,1,1,1,32,32,1,30,0.000,0.000,,,,,NVIDIA A100-SXM4-40GB MIG 4g.20gb (0),1,,13,"void convert_kernel<__half2, float2>(tensor_layout_any, T1 *, tensor_layout_any, const T2 *)"
3763769935,5600,220540,,,,,,,,,,0.094,16731.388,Pinned,Device,NVIDIA A100-SXM4-40GB MIG 4g.20gb (0),1,,13,[CUDA memcpy Host-to-Device]
3763779695,599257,220541,,,,,,,,,,456.561,761544.482,Device,,NVIDIA A100-SXM4-40GB MIG 4g.20gb (0),1,,13,[CUDA memset]
3764385288,123134,220546,,,,,,,,,,1.235,10028.980,Pinned,Device,NVIDIA A100-SXM4-40GB MIG 4g.20gb (0),1,,13,[CUDA memcpy Host-to-Device]
3764517862,32704,220547,,,,,,,,,,0.197,6011.683,Pinned,Device,NVIDIA A100-SXM4-40GB MIG 4g.20gb (0),1,,13,[CUDA memcpy Host-to-Device]
3764563301,7936,220548,69,4,1,48,1,1,76,0.002,0.000,,,,,NVIDIA A100-SXM4-40GB MIG 4g.20gb (0),1,,13,"void ch_est::windowedChEstPreNoDftSOfdmKernel<float, __half, float, (unsigned int)2, (unsigned int)1, (unsigned short)4>(ch_est::puschRxChEstStatDescr_t *, ch_est::puschRxChEstDynDescr_t *)"
3764583877,6752,220549,137,2,1,24,2,1,44,0.001,0.001,,,,,NVIDIA A100-SXM4-40GB MIG 4g.20gb (0),1,,13,"void ch_est::chEstFilterNoDftSOfdmDispatchKernel<float, __half, float, (unsigned int)2>(ch_est::puschRxChEstStatDescr_t *, ch_est::puschRxChEstDynDescr_t *)"
3764599845,4736,220550,137,2,1,24,2,1,44,0.001,0.001,,,,,NVIDIA A100-SXM4-40GB MIG 4g.20gb (0),1,,13,"void ch_est::chEstFilterNoDftSOfdmDispatchKernel<float, __half, float, (unsigned int)2>(ch_est::puschRxChEstStatDescr_t *, ch_est::puschRxChEstDynDescr_t *)"
3764618117,2688,220561,103,1,1,128,1,1,16,0.000,0.000,,,,,NVIDIA A100-SXM4-40GB MIG 4g.20gb (0),1,,13,cupy_copy__complex64_complex64
3764630917,12511,220571,1434,1,1,128,1,1,16,0.000,0.000,,,,,NVIDIA A100-SXM4-40GB MIG 4g.20gb (0),1,,13,cupy_copy__complex64_complex64
3764665764,2528,220578,103,1,1,128,1,1,16,0.000,0.000,,,,,NVIDIA A100-SXM4-40GB MIG 4g.20gb (0),1,,13,cupy_copy__complex64_complex64
3764681252,86367,220585,1,1,1,32,32,1,30,0.000,0.000,,,,,NVIDIA A100-SXM4-40GB MIG 4g.20gb (0),1,,13,"void convert_kernel<__half2, float2>(tensor_layout_any, T1 *, tensor_layout_any, const T2 *)"
3764801379,15615,220588,,,,,,,,,,0.094,6000.292,Pinned,Device,NVIDIA A100-SXM4-40GB MIG 4g.20gb (0),1,,13,[CUDA memcpy Host-to-Device]
3764828706,47040,220589,,,,,,,,,,35.810,761247.279,Device,,NVIDIA A100-SXM4-40GB MIG 4g.20gb (0),1,,13,[CUDA memset]
3764885218,4255,220591,,,,,,,,,,0.000,18.801,Pinned,Device,NVIDIA A100-SXM4-40GB MIG 4g.20gb (0),1,,13,[CUDA memcpy Host-to-Device]
3764896641,15968,220592,,,,,,,,,,0.197,12312.576,Pinned,Device,NVIDIA A100-SXM4-40GB MIG 4g.20gb (0),1,,13,[CUDA memcpy Host-to-Device]
3764924449,10464,220593,273,1,1,48,1,1,40,0.000,0.001,,,,,NVIDIA A100-SXM4-40GB MIG 4g.20gb (0),1,,13,"void pusch_noise_intf_est::noiseIntfEstNoDftSOfdmKernel<float, __half, float, float, (unsigned int)2, (unsigned int)1, (unsigned char)4, (unsigned char)4>(pusch_noise_intf_est::puschRxNoiseIntfEstDynDescr)"
3764939841,3136,220604,35,1,1,128,1,1,16,0.000,0.000,,,,,NVIDIA A100-SXM4-40GB MIG 4g.20gb (0),1,,13,cupy_copy__complex64_complex64
3764947585,1792,220613,1,1,1,1,1,1,18,0.000,0.000,,,,,NVIDIA A100-SXM4-40GB MIG 4g.20gb (0),1,,13,cupy_copy__float32_float32
3764954017,5888,220619,,,,,,,,,,0.000,0.679,Device,Pageable,NVIDIA A100-SXM4-40GB MIG 4g.20gb (0),1,,7,[CUDA memcpy Device-to-Host]
3765031104,12512,220630,1434,1,1,128,1,1,16,0.000,0.000,,,,,NVIDIA A100-SXM4-40GB MIG 4g.20gb (0),1,,13,cupy_copy__complex64_complex64
3765061215,3392,220637,103,1,1,128,1,1,16,0.000,0.000,,,,,NVIDIA A100-SXM4-40GB MIG 4g.20gb (0),1,,13,cupy_copy__complex64_complex64
3765077823,2560,220644,35,1,1,128,1,1,16,0.000,0.000,,,,,NVIDIA A100-SXM4-40GB MIG 4g.20gb (0),1,,13,cupy_copy__complex64_complex64
3765098975,1856,220651,1,1,1,1,1,1,18,0.000,0.000,,,,,NVIDIA A100-SXM4-40GB MIG 4g.20gb (0),1,,13,cupy_copy__float32_float32
3765227581,87743,220662,1,1,1,32,32,1,30,0.000,0.000,,,,,NVIDIA A100-SXM4-40GB MIG 4g.20gb (0),1,,13,"void convert_kernel<__half2, float2>(tensor_layout_any, T1 *, tensor_layout_any, const T2 *)"
3765343548,12064,220665,,,,,,,,,,0.094,7766.555,Pinned,Device,NVIDIA A100-SXM4-40GB MIG 4g.20gb (0),1,,13,[CUDA memcpy Host-to-Device]
3765365724,3424,220666,,,,,,,,,,1.547,451700.819,Device,,NVIDIA A100-SXM4-40GB MIG 4g.20gb (0),1,,13,[CUDA memset]
3765374139,3040,220671,,,,,,,,,,0.031,10294.725,Pinned,Device,NVIDIA A100-SXM4-40GB MIG 4g.20gb (0),1,,13,[CUDA memcpy Host-to-Device]
3765381627,10624,220672,,,,,,,,,,0.197,18505.925,Pinned,Device,NVIDIA A100-SXM4-40GB MIG 4g.20gb (0),1,,13,[CUDA memcpy Host-to-Device]
3765399611,6592,220673,273,1,1,8,4,1,39,0.002,0.000,,,,,NVIDIA A100-SXM4-40GB MIG 4g.20gb (0),1,,13,"void channel_eq::eqMmseCoefCompLowMimoKernel<float, float, float, (unsigned int)4, (unsigned int)1, (unsigned int)4>(const channel_eq::_puschRxChEqStatDescr *, channel_eq::_puschRxChEqCoefCompDynDescr)"
3765408155,5760,220674,273,1,1,12,11,1,51,0.002,0.000,,,,,NVIDIA A100-SXM4-40GB MIG 4g.20gb (0),1,,13,"void channel_eq::eqMmseSoftDemapKernel<float, __half, __half, float, (unsigned int)4, (unsigned short)16383>(channel_eq::_puschRxChEqStatDescr *, channel_eq::_puschRxChEqSoftDemapDynDescr)"
3765418011,282492,220675,1,1,1,32,32,1,30,0.000,0.000,,,,,NVIDIA A100-SXM4-40GB MIG 4g.20gb (0),1,,13,"void convert_kernel<float2, __half2>(tensor_layout_any, T1 *, tensor_layout_any, const T2 *)"
3765702583,11232,220687,2253,1,1,128,1,1,16,0.000,0.000,,,,,NVIDIA A100-SXM4-40GB MIG 4g.20gb (0),1,,13,cupy_copy__float16_float16
3765715703,3424,220696,282,1,1,128,1,1,16,0.000,0.000,,,,,NVIDIA A100-SXM4-40GB MIG 4g.20gb (0),1,,13,cupy_copy__complex64_complex64
3765720759,2048,220705,26,1,1,128,1,1,16,0.000,0.000,,,,,NVIDIA A100-SXM4-40GB MIG 4g.20gb (0),1,,13,cupy_copy__float32_float32
3765727543,2880,220714,103,1,1,128,1,1,16,0.000,0.000,,,,,NVIDIA A100-SXM4-40GB MIG 4g.20gb (0),1,,13,cupy_copy__complex64_complex64
3765734519,12000,220724,1434,1,1,128,1,1,16,0.000,0.000,,,,,NVIDIA A100-SXM4-40GB MIG 4g.20gb (0),1,,13,cupy_copy__complex64_complex64
3765750135,87711,220729,1,1,1,32,32,1,30,0.000,0.000,,,,,NVIDIA A100-SXM4-40GB MIG 4g.20gb (0),1,,13,"void convert_kernel<__half2, float2>(tensor_layout_any, T1 *, tensor_layout_any, const T2 *)"
3765864437,5376,220732,,,,,,,,,,0.094,17428.487,Pinned,Device,NVIDIA A100-SXM4-40GB MIG 4g.20gb (0),1,,13,[CUDA memcpy Host-to-Device]
3765874677,597241,220733,,,,,,,,,,456.561,764283.851,Device,,NVIDIA A100-SXM4-40GB MIG 4g.20gb (0),1,,13,[CUDA memset]
3766473646,165214,220738,,,,,,,,,,1.235,7473.881,Pinned,Device,NVIDIA A100-SXM4-40GB MIG 4g.20gb (0),1,,13,[CUDA memcpy Host-to-Device]
3766650444,43039,220739,,,,,,,,,,0.197,4567.990,Pinned,Device,NVIDIA A100-SXM4-40GB MIG 4g.20gb (0),1,,13,[CUDA memcpy Host-to-Device]
3766720619,8384,220740,69,4,1,48,1,1,76,0.002,0.000,,,,,NVIDIA A100-SXM4-40GB MIG 4g.20gb (0),1,,13,"void ch_est::windowedChEstPreNoDftSOfdmKernel<float, __half, float, (unsigned int)2, (unsigned int)1, (unsigned short)4>(ch_est::puschRxChEstStatDescr_t *, ch_est::puschRxChEstDynDescr_t *)"
3766740043,6815,220741,137,2,1,24,2,1,44,0.001,0.001,,,,,NVIDIA A100-SXM4-40GB MIG 4g.20gb (0),1,,13,"void ch_est::chEstFilterNoDftSOfdmDispatchKernel<float, __half, float, (unsigned int)2>(ch_est::puschRxChEstStatDescr_t *, ch_est::puschRxChEstDynDescr_t *)"
3766756458,4704,220742,137,2,1,24,2,1,44,0.001,0.001,,,,,NVIDIA A100-SXM4-40GB MIG 4g.20gb (0),1,,13,"void ch_est::chEstFilterNoDftSOfdmDispatchKernel<float, __half, float, (unsigned int)2>(ch_est::puschRxChEstStatDescr_t *, ch_est::puschRxChEstDynDescr_t *)"
3766773418,2528,220753,103,1,1,128,1,1,16,0.000,0.000,,,,,NVIDIA A100-SXM4-40GB MIG 4g.20gb (0),1,,13,cupy_copy__complex64_complex64
3766791050,12192,220763,1434,1,1,128,1,1,16,0.000,0.000,,,,,NVIDIA A100-SXM4-40GB MIG 4g.20gb (0),1,,13,cupy_copy__complex64_complex64
3766814250,2560,220770,103,1,1,128,1,1,16,0.000,0.000,,,,,NVIDIA A100-SXM4-40GB MIG 4g.20gb (0),1,,13,cupy_copy__complex64_complex64
3766835433,89887,220777,1,1,1,32,32,1,30,0.000,0.000,,,,,NVIDIA A100-SXM4-40GB MIG 4g.20gb (0),1,,13,"void convert_kernel<__half2, float2>(tensor_layout_any, T1 *, tensor_layout_any, const T2 *)"
3766956968,20928,220780,,,,,,,,,,0.094,4476.982,Pinned,Device,NVIDIA A100-SXM4-40GB MIG 4g.20gb (0),1,,13,[CUDA memcpy Host-to-Device]
3767002567,48448,220781,,,,,,,,,,35.810,739116.749,Device,,NVIDIA A100-SXM4-40GB MIG 4g.20gb (0),1,,13,[CUDA memset]
3767054535,10752,220783,,,,,,,,,,0.000,7.440,Pinned,Device,NVIDIA A100-SXM4-40GB MIG 4g.20gb (0),1,,13,[CUDA memcpy Host-to-Device]
3767073414,22176,220784,,,,,,,,,,0.197,8865.645,Pinned,Device,NVIDIA A100-SXM4-40GB MIG 4g.20gb (0),1,,13,[CUDA memcpy Host-to-Device]
3767114246,9888,220785,273,1,1,48,1,1,40,0.000,0.001,,,,,NVIDIA A100-SXM4-40GB MIG 4g.20gb (0),1,,13,"void pusch_noise_intf_est::noiseIntfEstNoDftSOfdmKernel<float, __half, float, float, (unsigned int)2, (unsigned int)1, (unsigned char)4, (unsigned char)4>(pusch_noise_intf_est::puschRxNoiseIntfEstDynDescr)"
3767129766,2880,220796,35,1,1,128,1,1,16,0.000,0.000,,,,,NVIDIA A100-SXM4-40GB MIG 4g.20gb (0),1,,13,cupy_copy__complex64_complex64
3767151045,1984,220805,1,1,1,1,1,1,18,0.000,0.000,,,,,NVIDIA A100-SXM4-40GB MIG 4g.20gb (0),1,,13,cupy_copy__float32_float32
3767158949,4128,220811,,,,,,,,,,0.000,0.969,Device,Pageable,NVIDIA A100-SXM4-40GB MIG 4g.20gb (0),1,,7,[CUDA memcpy Device-to-Host]
3767241508,13376,220822,1434,1,1,128,1,1,16,0.000,0.000,,,,,NVIDIA A100-SXM4-40GB MIG 4g.20gb (0),1,,13,cupy_copy__complex64_complex64
3767265540,3104,220829,103,1,1,128,1,1,16,0.000,0.000,,,,,NVIDIA A100-SXM4-40GB MIG 4g.20gb (0),1,,13,cupy_copy__complex64_complex64
3767282084,2304,220836,35,1,1,128,1,1,16,0.000,0.000,,,,,NVIDIA A100-SXM4-40GB MIG 4g.20gb (0),1,,13,cupy_copy__complex64_complex64
3767297988,1984,220843,1,1,1,1,1,1,18,0.000,0.000,,,,,NVIDIA A100-SXM4-40GB MIG 4g.20gb (0),1,,13,cupy_copy__float32_float32
3767428354,82207,220854,1,1,1,32,32,1,30,0.000,0.000,,,,,NVIDIA A100-SXM4-40GB MIG 4g.20gb (0),1,,13,"void convert_kernel<__half2, float2>(tensor_layout_any, T1 *, tensor_layout_any, const T2 *)"
3767538721,5760,220857,,,,,,,,,,0.094,16266.656,Pinned,Device,NVIDIA A100-SXM4-40GB MIG 4g.20gb (0),1,,13,[CUDA memcpy Host-to-Device]
3767553057,3391,220858,,,,,,,,,,1.547,456096.324,Device,,NVIDIA A100-SXM4-40GB MIG 4g.20gb (0),1,,13,[CUDA memset]
3767560160,3584,220863,,,,,,,,,,0.031,8732.116,Pinned,Device,NVIDIA A100-SXM4-40GB MIG 4g.20gb (0),1,,13,[CUDA memcpy Host-to-Device]
3767566752,9376,220864,,,,,,,,,,0.197,20969.226,Pinned,Device,NVIDIA A100-SXM4-40GB MIG 4g.20gb (0),1,,13,[CUDA memcpy Host-to-Device]
3767581248,6688,220865,273,1,1,8,4,1,39,0.002,0.000,,,,,NVIDIA A100-SXM4-40GB MIG 4g.20gb (0),1,,13,"void channel_eq::eqMmseCoefCompLowMimoKernel<float, float, float, (unsigned int)4, (unsigned int)1, (unsigned int)4>(const channel_eq::_puschRxChEqStatDescr *, channel_eq::_puschRxChEqCoefCompDynDescr)"
3767588960,6048,220866,273,1,1,12,11,1,51,0.002,0.000,,,,,NVIDIA A100-SXM4-40GB MIG 4g.20gb (0),1,,13,"void channel_eq::eqMmseSoftDemapKernel<float, __half, __half, float, (unsigned int)4, (unsigned short)16383>(channel_eq::_puschRxChEqStatDescr *, channel_eq::_puschRxChEqSoftDemapDynDescr)"
3767595968,295196,220867,1,1,1,32,32,1,30,0.000,0.000,,,,,NVIDIA A100-SXM4-40GB MIG 4g.20gb (0),1,,13,"void convert_kernel<float2, __half2>(tensor_layout_any, T1 *, tensor_layout_any, const T2 *)"
3767892284,11200,220879,2253,1,1,128,1,1,16,0.000,0.000,,,,,NVIDIA A100-SXM4-40GB MIG 4g.20gb (0),1,,13,cupy_copy__float16_float16
3767906428,3168,220888,282,1,1,128,1,1,16,0.000,0.000,,,,,NVIDIA A100-SXM4-40GB MIG 4g.20gb (0),1,,13,cupy_copy__complex64_complex64
3767914460,2176,220897,26,1,1,128,1,1,16,0.000,0.000,,,,,NVIDIA A100-SXM4-40GB MIG 4g.20gb (0),1,,13,cupy_copy__float32_float32
3767918076,2976,220906,103,1,1,128,1,1,16,0.000,0.000,,,,,NVIDIA A100-SXM4-40GB MIG 4g.20gb (0),1,,13,cupy_copy__complex64_complex64
3767922332,12416,220916,1434,1,1,128,1,1,16,0.000,0.000,,,,,NVIDIA A100-SXM4-40GB MIG 4g.20gb (0),1,,13,cupy_copy__complex64_complex64
3767936444,88223,220921,1,1,1,32,32,1,30,0.000,0.000,,,,,NVIDIA A100-SXM4-40GB MIG 4g.20gb (0),1,,13,"void convert_kernel<__half2, float2>(tensor_layout_any, T1 *, tensor_layout_any, const T2 *)"
3768052058,5888,220924,,,,,,,,,,0.094,15912.954,Pinned,Device,NVIDIA A100-SXM4-40GB MIG 4g.20gb (0),1,,13,[CUDA memcpy Host-to-Device]
3768064282,602425,220925,,,,,,,,,,456.561,757435.429,Device,,NVIDIA A100-SXM4-40GB MIG 4g.20gb (0),1,,13,[CUDA memset]
3768673843,99902,220930,,,,,,,,,,1.235,12360.554,Pinned,Device,NVIDIA A100-SXM4-40GB MIG 4g.20gb (0),1,,13,[CUDA memcpy Host-to-Device]
3768780593,29824,220931,,,,,,,,,,0.197,6592.266,Pinned,Device,NVIDIA A100-SXM4-40GB MIG 4g.20gb (0),1,,13,[CUDA memcpy Host-to-Device]
3768836145,8416,220932,69,4,1,48,1,1,76,0.002,0.000,,,,,NVIDIA A100-SXM4-40GB MIG 4g.20gb (0),1,,13,"void ch_est::windowedChEstPreNoDftSOfdmKernel<float, __half, float, (unsigned int)2, (unsigned int)1, (unsigned short)4>(ch_est::puschRxChEstStatDescr_t *, ch_est::puschRxChEstDynDescr_t *)"
3768850128,6912,220933,137,2,1,24,2,1,44,0.001,0.001,,,,,NVIDIA A100-SXM4-40GB MIG 4g.20gb (0),1,,13,"void ch_est::chEstFilterNoDftSOfdmDispatchKernel<float, __half, float, (unsigned int)2>(ch_est::puschRxChEstStatDescr_t *, ch_est::puschRxChEstDynDescr_t *)"
3768868016,4768,220934,137,2,1,24,2,1,44,0.001,0.001,,,,,NVIDIA A100-SXM4-40GB MIG 4g.20gb (0),1,,13,"void ch_est::chEstFilterNoDftSOfdmDispatchKernel<float, __half, float, (unsigned int)2>(ch_est::puschRxChEstStatDescr_t *, ch_est::puschRxChEstDynDescr_t *)"
3768880784,2560,220945,103,1,1,128,1,1,16,0.000,0.000,,,,,NVIDIA A100-SXM4-40GB MIG 4g.20gb (0),1,,13,cupy_copy__complex64_complex64
3768898352,12672,220955,1434,1,1,128,1,1,16,0.000,0.000,,,,,NVIDIA A100-SXM4-40GB MIG 4g.20gb (0),1,,13,cupy_copy__complex64_complex64
3768930735,2560,220962,103,1,1,128,1,1,16,0.000,0.000,,,,,NVIDIA A100-SXM4-40GB MIG 4g.20gb (0),1,,13,cupy_copy__complex64_complex64
3768946959,82911,220969,1,1,1,32,32,1,30,0.000,0.000,,,,,NVIDIA A100-SXM4-40GB MIG 4g.20gb (0),1,,13,"void convert_kernel<__half2, float2>(tensor_layout_any, T1 *, tensor_layout_any, const T2 *)"
3769060814,26592,220972,,,,,,,,,,0.094,3523.438,Pinned,Device,NVIDIA A100-SXM4-40GB MIG 4g.20gb (0),1,,13,[CUDA memcpy Host-to-Device]
3769108333,46496,220973,,,,,,,,,,35.810,770163.949,Device,,NVIDIA A100-SXM4-40GB MIG 4g.20gb (0),1,,13,[CUDA memset]
3769159469,10112,220975,,,,,,,,,,0.000,7.911,Pinned,Device,NVIDIA A100-SXM4-40GB MIG 4g.20gb (0),1,,13,[CUDA memcpy Host-to-Device]
3769177420,32896,220976,,,,,,,,,,0.197,5976.490,Pinned,Device,NVIDIA A100-SXM4-40GB MIG 4g.20gb (0),1,,13,[CUDA memcpy Host-to-Device]
3769230860,10208,220977,273,1,1,48,1,1,40,0.000,0.001,,,,,NVIDIA A100-SXM4-40GB MIG 4g.20gb (0),1,,13,"void pusch_noise_intf_est::noiseIntfEstNoDftSOfdmKernel<float, __half, float, float, (unsigned int)2, (unsigned int)1, (unsigned char)4, (unsigned char)4>(pusch_noise_intf_est::puschRxNoiseIntfEstDynDescr)"
3769248108,2752,220988,35,1,1,128,1,1,16,0.000,0.000,,,,,NVIDIA A100-SXM4-40GB MIG 4g.20gb (0),1,,13,cupy_copy__complex64_complex64
3769264907,1760,220997,1,1,1,1,1,1,18,0.000,0.000,,,,,NVIDIA A100-SXM4-40GB MIG 4g.20gb (0),1,,13,cupy_copy__float32_float32
3769274827,5888,221003,,,,,,,,,,0.000,0.679,Device,Pageable,NVIDIA A100-SXM4-40GB MIG 4g.20gb (0),1,,7,[CUDA memcpy Device-to-Host]
3769371050,12992,221014,1434,1,1,128,1,1,16,0.000,0.000,,,,,NVIDIA A100-SXM4-40GB MIG 4g.20gb (0),1,,13,cupy_copy__complex64_complex64
3769394858,3360,221021,103,1,1,128,1,1,16,0.000,0.000,,,,,NVIDIA A100-SXM4-40GB MIG 4g.20gb (0),1,,13,cupy_copy__complex64_complex64
3769418313,2464,221028,35,1,1,128,1,1,16,0.000,0.000,,,,,NVIDIA A100-SXM4-40GB MIG 4g.20gb (0),1,,13,cupy_copy__complex64_complex64
3769436585,1696,221035,1,1,1,1,1,1,18,0.000,0.000,,,,,NVIDIA A100-SXM4-40GB MIG 4g.20gb (0),1,,13,cupy_copy__float32_float32
3769565032,87327,221046,1,1,1,32,32,1,30,0.000,0.000,,,,,NVIDIA A100-SXM4-40GB MIG 4g.20gb (0),1,,13,"void convert_kernel<__half2, float2>(tensor_layout_any, T1 *, tensor_layout_any, const T2 *)"
3769682438,11712,221049,,,,,,,,,,0.094,7999.952,Pinned,Device,NVIDIA A100-SXM4-40GB MIG 4g.20gb (0),1,,13,[CUDA memcpy Host-to-Device]
3769706150,3424,221050,,,,,,,,,,1.547,451700.819,Device,,NVIDIA A100-SXM4-40GB MIG 4g.20gb (0),1,,13,[CUDA memset]
3769712774,3328,221055,,,,,,,,,,0.031,9403.822,Pinned,Device,NVIDIA A100-SXM4-40GB MIG 4g.20gb (0),1,,13,[CUDA memcpy Host-to-Device]
3769718758,10080,221056,,,,,,,,,,0.197,19504.693,Pinned,Device,NVIDIA A100-SXM4-40GB MIG 4g.20gb (0),1,,13,[CUDA memcpy Host-to-Device]
3769733126,6719,221057,273,1,1,8,4,1,39,0.002,0.000,,,,,NVIDIA A100-SXM4-40GB MIG 4g.20gb (0),1,,13,"void channel_eq::eqMmseCoefCompLowMimoKernel<float, float, float, (unsigned int)4, (unsigned int)1, (unsigned int)4>(const channel_eq::_puschRxChEqStatDescr *, channel_eq::_puschRxChEqCoefCompDynDescr)"
3769741509,6496,221058,273,1,1,12,11,1,51,0.002,0.000,,,,,NVIDIA A100-SXM4-40GB MIG 4g.20gb (0),1,,13,"void channel_eq::eqMmseSoftDemapKernel<float, __half, __half, float, (unsigned int)4, (unsigned short)16383>(channel_eq::_puschRxChEqStatDescr *, channel_eq::_puschRxChEqSoftDemapDynDescr)"
3769751749,301117,221059,1,1,1,32,32,1,30,0.000,0.000,,,,,NVIDIA A100-SXM4-40GB MIG 4g.20gb (0),1,,13,"void convert_kernel<float2, __half2>(tensor_layout_any, T1 *, tensor_layout_any, const T2 *)"
3770054018,11007,221071,2253,1,1,128,1,1,16,0.000,0.000,,,,,NVIDIA A100-SXM4-40GB MIG 4g.20gb (0),1,,13,cupy_copy__float16_float16
3770069953,3136,221080,282,1,1,128,1,1,16,0.000,0.000,,,,,NVIDIA A100-SXM4-40GB MIG 4g.20gb (0),1,,13,cupy_copy__complex64_complex64
3770075649,2048,221089,26,1,1,128,1,1,16,0.000,0.000,,,,,NVIDIA A100-SXM4-40GB MIG 4g.20gb (0),1,,13,cupy_copy__float32_float32
3770080193,3104,221098,103,1,1,128,1,1,16,0.000,0.000,,,,,NVIDIA A100-SXM4-40GB MIG 4g.20gb (0),1,,13,cupy_copy__complex64_complex64
3770084257,11904,221108,1434,1,1,128,1,1,16,0.000,0.000,,,,,NVIDIA A100-SXM4-40GB MIG 4g.20gb (0),1,,13,cupy_copy__complex64_complex64
3770098689,80863,221113,1,1,1,32,32,1,30,0.000,0.000,,,,,NVIDIA A100-SXM4-40GB MIG 4g.20gb (0),1,,13,"void convert_kernel<__half2, float2>(tensor_layout_any, T1 *, tensor_layout_any, const T2 *)"
3770207392,6496,221116,,,,,,,,,,0.094,14423.562,Pinned,Device,NVIDIA A100-SXM4-40GB MIG 4g.20gb (0),1,,13,[CUDA memcpy Host-to-Device]
3770218080,597720,221117,,,,,,,,,,456.561,763827.289,Device,,NVIDIA A100-SXM4-40GB MIG 4g.20gb (0),1,,13,[CUDA memset]
3770819000,169246,221122,,,,,,,,,,1.235,7296.049,Pinned,Device,NVIDIA A100-SXM4-40GB MIG 4g.20gb (0),1,,13,[CUDA memcpy Host-to-Device]
3771003446,38943,221123,,,,,,,,,,0.197,5048.500,Pinned,Device,NVIDIA A100-SXM4-40GB MIG 4g.20gb (0),1,,13,[CUDA memcpy Host-to-Device]
3771069941,8320,221124,69,4,1,48,1,1,76,0.002,0.000,,,,,NVIDIA A100-SXM4-40GB MIG 4g.20gb (0),1,,13,"void ch_est::windowedChEstPreNoDftSOfdmKernel<float, __half, float, (unsigned int)2, (unsigned int)1, (unsigned short)4>(ch_est::puschRxChEstStatDescr_t *, ch_est::puschRxChEstDynDescr_t *)"
3771083637,6496,221125,137,2,1,24,2,1,44,0.001,0.001,,,,,NVIDIA A100-SXM4-40GB MIG 4g.20gb (0),1,,13,"void ch_est::chEstFilterNoDftSOfdmDispatchKernel<float, __half, float, (unsigned int)2>(ch_est::puschRxChEstStatDescr_t *, ch_est::puschRxChEstDynDescr_t *)"
3771096949,4960,221126,137,2,1,24,2,1,44,0.001,0.001,,,,,NVIDIA A100-SXM4-40GB MIG 4g.20gb (0),1,,13,"void ch_est::chEstFilterNoDftSOfdmDispatchKernel<float, __half, float, (unsigned int)2>(ch_est::puschRxChEstStatDescr_t *, ch_est::puschRxChEstDynDescr_t *)"
3771106069,2720,221137,103,1,1,128,1,1,16,0.000,0.000,,,,,NVIDIA A100-SXM4-40GB MIG 4g.20gb (0),1,,13,cupy_copy__complex64_complex64
3771114676,12608,221147,1434,1,1,128,1,1,16,0.000,0.000,,,,,NVIDIA A100-SXM4-40GB MIG 4g.20gb (0),1,,13,cupy_copy__complex64_complex64
3771136628,2560,221154,103,1,1,128,1,1,16,0.000,0.000,,,,,NVIDIA A100-SXM4-40GB MIG 4g.20gb (0),1,,13,cupy_copy__complex64_complex64
3771144724,82911,221161,1,1,1,32,32,1,30,0.000,0.000,,,,,NVIDIA A100-SXM4-40GB MIG 4g.20gb (0),1,,13,"void convert_kernel<__half2, float2>(tensor_layout_any, T1 *, tensor_layout_any, const T2 *)"
3771257107,5728,221164,,,,,,,,,,0.094,16357.541,Pinned,Device,NVIDIA A100-SXM4-40GB MIG 4g.20gb (0),1,,13,[CUDA memcpy Host-to-Device]
3771268755,46207,221165,,,,,,,,,,35.810,774962.479,Device,,NVIDIA A100-SXM4-40GB MIG 4g.20gb (0),1,,13,[CUDA memset]
3771316658,4768,221167,,,,,,,,,,0.000,16.778,Pinned,Device,NVIDIA A100-SXM4-40GB MIG 4g.20gb (0),1,,13,[CUDA memcpy Host-to-Device]
3771326674,12672,221168,,,,,,,,,,0.197,15515.124,Pinned,Device,NVIDIA A100-SXM4-40GB MIG 4g.20gb (0),1,,13,[CUDA memcpy Host-to-Device]
3771347186,12831,221169,273,1,1,48,1,1,40,0.000,0.001,,,,,NVIDIA A100-SXM4-40GB MIG 4g.20gb (0),1,,13,"void pusch_noise_intf_est::noiseIntfEstNoDftSOfdmKernel<float, __half, float, float, (unsigned int)2, (unsigned int)1, (unsigned char)4, (unsigned char)4>(pusch_noise_intf_est::puschRxNoiseIntfEstDynDescr)"
3771364465,3008,221180,35,1,1,128,1,1,16,0.000,0.000,,,,,NVIDIA A100-SXM4-40GB MIG 4g.20gb (0),1,,13,cupy_copy__complex64_complex64
3771381265,1824,221189,1,1,1,1,1,1,18,0.000,0.000,,,,,NVIDIA A100-SXM4-40GB MIG 4g.20gb (0),1,,13,cupy_copy__float32_float32
3771413841,1664,221195,,,,,,,,,,0.000,2.404,Device,Pageable,NVIDIA A100-SXM4-40GB MIG 4g.20gb (0),1,,7,[CUDA memcpy Device-to-Host]
3771473648,12768,221206,1434,1,1,128,1,1,16,0.000,0.000,,,,,NVIDIA A100-SXM4-40GB MIG 4g.20gb (0),1,,13,cupy_copy__complex64_complex64
3771502512,3456,221213,103,1,1,128,1,1,16,0.000,0.000,,,,,NVIDIA A100-SXM4-40GB MIG 4g.20gb (0),1,,13,cupy_copy__complex64_complex64
3771520943,2240,221220,35,1,1,128,1,1,16,0.000,0.000,,,,,NVIDIA A100-SXM4-40GB MIG 4g.20gb (0),1,,13,cupy_copy__complex64_complex64
3771539151,2016,221227,1,1,1,1,1,1,18,0.000,0.000,,,,,NVIDIA A100-SXM4-40GB MIG 4g.20gb (0),1,,13,cupy_copy__float32_float32
3771672334,81503,221238,1,1,1,32,32,1,30,0.000,0.000,,,,,NVIDIA A100-SXM4-40GB MIG 4g.20gb (0),1,,13,"void convert_kernel<__half2, float2>(tensor_layout_any, T1 *, tensor_layout_any, const T2 *)"
3771780972,5568,221241,,,,,,,,,,0.094,16827.521,Pinned,Device,NVIDIA A100-SXM4-40GB MIG 4g.20gb (0),1,,13,[CUDA memcpy Host-to-Device]
3771797388,3456,221242,,,,,,,,,,1.547,447517.201,Device,,NVIDIA A100-SXM4-40GB MIG 4g.20gb (0),1,,13,[CUDA memset]
3771802316,3648,221247,,,,,,,,,,0.031,8578.922,Pinned,Device,NVIDIA A100-SXM4-40GB MIG 4g.20gb (0),1,,13,[CUDA memcpy Host-to-Device]
3771808652,9472,221248,,,,,,,,,,0.197,20756.693,Pinned,Device,NVIDIA A100-SXM4-40GB MIG 4g.20gb (0),1,,13,[CUDA memcpy Host-to-Device]
3771823788,6464,221249,273,1,1,8,4,1,39,0.002,0.000,,,,,NVIDIA A100-SXM4-40GB MIG 4g.20gb (0),1,,13,"void channel_eq::eqMmseCoefCompLowMimoKernel<float, float, float, (unsigned int)4, (unsigned int)1, (unsigned int)4>(const channel_eq::_puschRxChEqStatDescr *, channel_eq::_puschRxChEqCoefCompDynDescr)"
3771832812,6304,221250,273,1,1,12,11,1,51,0.002,0.000,,,,,NVIDIA A100-SXM4-40GB MIG 4g.20gb (0),1,,13,"void channel_eq::eqMmseSoftDemapKernel<float, __half, __half, float, (unsigned int)4, (unsigned short)16383>(channel_eq::_puschRxChEqStatDescr *, channel_eq::_puschRxChEqSoftDemapDynDescr)"
3771840492,282044,221251,1,1,1,32,32,1,30,0.000,0.000,,,,,NVIDIA A100-SXM4-40GB MIG 4g.20gb (0),1,,13,"void convert_kernel<float2, __half2>(tensor_layout_any, T1 *, tensor_layout_any, const T2 *)"
3772123624,11040,221263,2253,1,1,128,1,1,16,0.000,0.000,,,,,NVIDIA A100-SXM4-40GB MIG 4g.20gb (0),1,,13,cupy_copy__float16_float16
3772140072,3392,221272,282,1,1,128,1,1,16,0.000,0.000,,,,,NVIDIA A100-SXM4-40GB MIG 4g.20gb (0),1,,13,cupy_copy__complex64_complex64
3772145608,2144,221281,26,1,1,128,1,1,16,0.000,0.000,,,,,NVIDIA A100-SXM4-40GB MIG 4g.20gb (0),1,,13,cupy_copy__float32_float32
3772148808,2880,221290,103,1,1,128,1,1,16,0.000,0.000,,,,,NVIDIA A100-SXM4-40GB MIG 4g.20gb (0),1,,13,cupy_copy__complex64_complex64
3772207751,12256,221306,1434,1,1,128,1,1,16,0.000,0.000,,,,,NVIDIA A100-SXM4-40GB MIG 4g.20gb (0),1,,13,cupy_copy__complex64_complex64
3772321670,82527,221311,1,1,1,32,32,1,30,0.000,0.000,,,,,NVIDIA A100-SXM4-40GB MIG 4g.20gb (0),1,,13,"void convert_kernel<__half2, float2>(tensor_layout_any, T1 *, tensor_layout_any, const T2 *)"
3772431428,5408,221314,,,,,,,,,,0.094,17325.421,Pinned,Device,NVIDIA A100-SXM4-40GB MIG 4g.20gb (0),1,,13,[CUDA memcpy Host-to-Device]
3772441572,602745,221315,,,,,,,,,,456.561,757435.429,Device,,NVIDIA A100-SXM4-40GB MIG 4g.20gb (0),1,,13,[CUDA memset]
3773051165,147166,221320,,,,,,,,,,1.235,8391.444,Pinned,Device,NVIDIA A100-SXM4-40GB MIG 4g.20gb (0),1,,13,[CUDA memcpy Host-to-Device]
3773210043,40255,221321,,,,,,,,,,0.197,4883.939,Pinned,Device,NVIDIA A100-SXM4-40GB MIG 4g.20gb (0),1,,13,[CUDA memcpy Host-to-Device]
3773269050,8096,221322,69,4,1,48,1,1,76,0.002,0.000,,,,,NVIDIA A100-SXM4-40GB MIG 4g.20gb (0),1,,13,"void ch_est::windowedChEstPreNoDftSOfdmKernel<float, __half, float, (unsigned int)2, (unsigned int)1, (unsigned short)4>(ch_est::puschRxChEstStatDescr_t *, ch_est::puschRxChEstDynDescr_t *)"
3773285338,6592,221323,137,2,1,24,2,1,44,0.001,0.001,,,,,NVIDIA A100-SXM4-40GB MIG 4g.20gb (0),1,,13,"void ch_est::chEstFilterNoDftSOfdmDispatchKernel<float, __half, float, (unsigned int)2>(ch_est::puschRxChEstStatDescr_t *, ch_est::puschRxChEstDynDescr_t *)"
3773295930,4831,221324,137,2,1,24,2,1,44,0.001,0.001,,,,,NVIDIA A100-SXM4-40GB MIG 4g.20gb (0),1,,13,"void ch_est::chEstFilterNoDftSOfdmDispatchKernel<float, __half, float, (unsigned int)2>(ch_est::puschRxChEstStatDescr_t *, ch_est::puschRxChEstDynDescr_t *)"
3773309593,2624,221335,103,1,1,128,1,1,16,0.000,0.000,,,,,NVIDIA A100-SXM4-40GB MIG 4g.20gb (0),1,,13,cupy_copy__complex64_complex64
3773317817,12672,221345,1434,1,1,128,1,1,16,0.000,0.000,,,,,NVIDIA A100-SXM4-40GB MIG 4g.20gb (0),1,,13,cupy_copy__complex64_complex64
3773333465,2976,221352,103,1,1,128,1,1,16,0.000,0.000,,,,,NVIDIA A100-SXM4-40GB MIG 4g.20gb (0),1,,13,cupy_copy__complex64_complex64
3773343001,82975,221359,1,1,1,32,32,1,30,0.000,0.000,,,,,NVIDIA A100-SXM4-40GB MIG 4g.20gb (0),1,,13,"void convert_kernel<__half2, float2>(tensor_layout_any, T1 *, tensor_layout_any, const T2 *)"
3773453752,5664,221362,,,,,,,,,,0.094,16542.310,Pinned,Device,NVIDIA A100-SXM4-40GB MIG 4g.20gb (0),1,,13,[CUDA memcpy Host-to-Device]
3773465591,47072,221363,,,,,,,,,,35.810,760745.940,Device,,NVIDIA A100-SXM4-40GB MIG 4g.20gb (0),1,,13,[CUDA memset]
3773519959,4096,221365,,,,,,,,,,0.000,19.531,Pinned,Device,NVIDIA A100-SXM4-40GB MIG 4g.20gb (0),1,,13,[CUDA memcpy Host-to-Device]
3773529623,13663,221366,,,,,,,,,,0.197,14389.740,Pinned,Device,NVIDIA A100-SXM4-40GB MIG 4g.20gb (0),1,,13,[CUDA memcpy Host-to-Device]
3773552054,11904,221367,273,1,1,48,1,1,40,0.000,0.001,,,,,NVIDIA A100-SXM4-40GB MIG 4g.20gb (0),1,,13,"void pusch_noise_intf_est::noiseIntfEstNoDftSOfdmKernel<float, __half, float, float, (unsigned int)2, (unsigned int)1, (unsigned char)4, (unsigned char)4>(pusch_noise_intf_est::puschRxNoiseIntfEstDynDescr)"
3773566550,3328,221378,35,1,1,128,1,1,16,0.000,0.000,,,,,NVIDIA A100-SXM4-40GB MIG 4g.20gb (0),1,,13,cupy_copy__complex64_complex64
3773575702,1984,221387,1,1,1,1,1,1,18,0.000,0.000,,,,,NVIDIA A100-SXM4-40GB MIG 4g.20gb (0),1,,13,cupy_copy__float32_float32
3773606038,1664,221393,,,,,,,,,,0.000,2.404,Device,Pageable,NVIDIA A100-SXM4-40GB MIG 4g.20gb (0),1,,7,[CUDA memcpy Device-to-Host]
3773667285,12800,221404,1434,1,1,128,1,1,16,0.000,0.000,,,,,NVIDIA A100-SXM4-40GB MIG 4g.20gb (0),1,,13,cupy_copy__complex64_complex64
3773691829,2592,221411,103,1,1,128,1,1,16,0.000,0.000,,,,,NVIDIA A100-SXM4-40GB MIG 4g.20gb (0),1,,13,cupy_copy__complex64_complex64
3773712340,2400,221418,35,1,1,128,1,1,16,0.000,0.000,,,,,NVIDIA A100-SXM4-40GB MIG 4g.20gb (0),1,,13,cupy_copy__complex64_complex64
3773730804,1824,221425,1,1,1,1,1,1,18,0.000,0.000,,,,,NVIDIA A100-SXM4-40GB MIG 4g.20gb (0),1,,13,cupy_copy__float32_float32
3773862291,82975,221436,1,1,1,32,32,1,30,0.000,0.000,,,,,NVIDIA A100-SXM4-40GB MIG 4g.20gb (0),1,,13,"void convert_kernel<__half2, float2>(tensor_layout_any, T1 *, tensor_layout_any, const T2 *)"
3773972881,5632,221439,,,,,,,,,,0.094,16636.287,Pinned,Device,NVIDIA A100-SXM4-40GB MIG 4g.20gb (0),1,,13,[CUDA memcpy Host-to-Device]
3773986929,3264,221440,,,,,,,,,,1.547,473842.288,Device,,NVIDIA A100-SXM4-40GB MIG 4g.20gb (0),1,,13,[CUDA memset]
3773993617,3008,221445,,,,,,,,,,0.031,10404.230,Pinned,Device,NVIDIA A100-SXM4-40GB MIG 4g.20gb (0),1,,13,[CUDA memcpy Host-to-Device]
3773999793,9664,221446,,,,,,,,,,0.197,20344.209,Pinned,Device,NVIDIA A100-SXM4-40GB MIG 4g.20gb (0),1,,13,[CUDA memcpy Host-to-Device]
3774015409,8448,221447,273,1,1,8,4,1,39,0.002,0.000,,,,,NVIDIA A100-SXM4-40GB MIG 4g.20gb (0),1,,13,"void channel_eq::eqMmseCoefCompLowMimoKernel<float, float, float, (unsigned int)4, (unsigned int)1, (unsigned int)4>(const channel_eq::_puschRxChEqStatDescr *, channel_eq::_puschRxChEqCoefCompDynDescr)"
3774024977,6559,221448,273,1,1,12,11,1,51,0.002,0.000,,,,,NVIDIA A100-SXM4-40GB MIG 4g.20gb (0),1,,13,"void channel_eq::eqMmseSoftDemapKernel<float, __half, __half, float, (unsigned int)4, (unsigned short)16383>(channel_eq::_puschRxChEqStatDescr *, channel_eq::_puschRxChEqSoftDemapDynDescr)"
3774032656,290973,221449,1,1,1,32,32,1,30,0.000,0.000,,,,,NVIDIA A100-SXM4-40GB MIG 4g.20gb (0),1,,13,"void convert_kernel<float2, __half2>(tensor_layout_any, T1 *, tensor_layout_any, const T2 *)"
3774325485,10976,221461,2253,1,1,128,1,1,16,0.000,0.000,,,,,NVIDIA A100-SXM4-40GB MIG 4g.20gb (0),1,,13,cupy_copy__float16_float16
3774338413,3680,221470,282,1,1,128,1,1,16,0.000,0.000,,,,,NVIDIA A100-SXM4-40GB MIG 4g.20gb (0),1,,13,cupy_copy__complex64_complex64
3774345421,2208,221479,26,1,1,128,1,1,16,0.000,0.000,,,,,NVIDIA A100-SXM4-40GB MIG 4g.20gb (0),1,,13,cupy_copy__float32_float32
3774350764,3168,221488,103,1,1,128,1,1,16,0.000,0.000,,,,,NVIDIA A100-SXM4-40GB MIG 4g.20gb (0),1,,13,cupy_copy__complex64_complex64
3774356524,12096,221498,1434,1,1,128,1,1,16,0.000,0.000,,,,,NVIDIA A100-SXM4-40GB MIG 4g.20gb (0),1,,13,cupy_copy__complex64_complex64
3774371436,87487,221503,1,1,1,32,32,1,30,0.000,0.000,,,,,NVIDIA A100-SXM4-40GB MIG 4g.20gb (0),1,,13,"void convert_kernel<__half2, float2>(tensor_layout_any, T1 *, tensor_layout_any, const T2 *)"
3774486219,5664,221506,,,,,,,,,,0.094,16542.310,Pinned,Device,NVIDIA A100-SXM4-40GB MIG 4g.20gb (0),1,,13,[CUDA memcpy Host-to-Device]
3774495851,597048,221507,,,,,,,,,,456.561,764283.851,Device,,NVIDIA A100-SXM4-40GB MIG 4g.20gb (0),1,,13,[CUDA memset]
3775098371,149278,221512,,,,,,,,,,1.235,8271.655,Pinned,Device,NVIDIA A100-SXM4-40GB MIG 4g.20gb (0),1,,13,[CUDA memcpy Host-to-Device]
3775258785,40768,221513,,,,,,,,,,0.197,4822.598,Pinned,Device,NVIDIA A100-SXM4-40GB MIG 4g.20gb (0),1,,13,[CUDA memcpy Host-to-Device]
3775329472,7680,221514,69,4,1,48,1,1,76,0.002,0.000,,,,,NVIDIA A100-SXM4-40GB MIG 4g.20gb (0),1,,13,"void ch_est::windowedChEstPreNoDftSOfdmKernel<float, __half, float, (unsigned int)2, (unsigned int)1, (unsigned short)4>(ch_est::puschRxChEstStatDescr_t *, ch_est::puschRxChEstDynDescr_t *)"
3775348928,6560,221515,137,2,1,24,2,1,44,0.001,0.001,,,,,NVIDIA A100-SXM4-40GB MIG 4g.20gb (0),1,,13,"void ch_est::chEstFilterNoDftSOfdmDispatchKernel<float, __half, float, (unsigned int)2>(ch_est::puschRxChEstStatDescr_t *, ch_est::puschRxChEstDynDescr_t *)"
3775365696,4672,221516,137,2,1,24,2,1,44,0.001,0.001,,,,,NVIDIA A100-SXM4-40GB MIG 4g.20gb (0),1,,13,"void ch_est::chEstFilterNoDftSOfdmDispatchKernel<float, __half, float, (unsigned int)2>(ch_est::puschRxChEstStatDescr_t *, ch_est::puschRxChEstDynDescr_t *)"
3775382784,2528,221527,103,1,1,128,1,1,16,0.000,0.000,,,,,NVIDIA A100-SXM4-40GB MIG 4g.20gb (0),1,,13,cupy_copy__complex64_complex64
3775400384,12255,221537,1434,1,1,128,1,1,16,0.000,0.000,,,,,NVIDIA A100-SXM4-40GB MIG 4g.20gb (0),1,,13,cupy_copy__complex64_complex64
3775419935,2944,221544,103,1,1,128,1,1,16,0.000,0.000,,,,,NVIDIA A100-SXM4-40GB MIG 4g.20gb (0),1,,13,cupy_copy__complex64_complex64
3775444191,83583,221551,1,1,1,32,32,1,30,0.000,0.000,,,,,NVIDIA A100-SXM4-40GB MIG 4g.20gb (0),1,,13,"void convert_kernel<__half2, float2>(tensor_layout_any, T1 *, tensor_layout_any, const T2 *)"
3775559806,14783,221554,,,,,,,,,,0.094,6338.066,Pinned,Device,NVIDIA A100-SXM4-40GB MIG 4g.20gb (0),1,,13,[CUDA memcpy Host-to-Device]
3775587197,47776,221555,,,,,,,,,,35.810,749537.436,Device,,NVIDIA A100-SXM4-40GB MIG 4g.20gb (0),1,,13,[CUDA memset]
3775640637,4671,221557,,,,,,,,,,0.000,17.127,Pinned,Device,NVIDIA A100-SXM4-40GB MIG 4g.20gb (0),1,,13,[CUDA memcpy Host-to-Device]
3775649212,16544,221558,,,,,,,,,,0.197,11883.774,Pinned,Device,NVIDIA A100-SXM4-40GB MIG 4g.20gb (0),1,,13,[CUDA memcpy Host-to-Device]
3775674716,12416,221559,273,1,1,48,1,1,40,0.000,0.001,,,,,NVIDIA A100-SXM4-40GB MIG 4g.20gb (0),1,,13,"void pusch_noise_intf_est::noiseIntfEstNoDftSOfdmKernel<float, __half, float, float, (unsigned int)2, (unsigned int)1, (unsigned char)4, (unsigned char)4>(pusch_noise_intf_est::puschRxNoiseIntfEstDynDescr)"
3775688828,2816,221570,35,1,1,128,1,1,16,0.000,0.000,,,,,NVIDIA A100-SXM4-40GB MIG 4g.20gb (0),1,,13,cupy_copy__complex64_complex64
3775696316,1888,221579,1,1,1,1,1,1,18,0.000,0.000,,,,,NVIDIA A100-SXM4-40GB MIG 4g.20gb (0),1,,13,cupy_copy__float32_float32
3775710044,3744,221585,,,,,,,,,,0.000,1.068,Device,Pageable,NVIDIA A100-SXM4-40GB MIG 4g.20gb (0),1,,7,[CUDA memcpy Device-to-Host]
3775774747,12896,221596,1434,1,1,128,1,1,16,0.000,0.000,,,,,NVIDIA A100-SXM4-40GB MIG 4g.20gb (0),1,,13,cupy_copy__complex64_complex64
3775804955,2975,221603,103,1,1,128,1,1,16,0.000,0.000,,,,,NVIDIA A100-SXM4-40GB MIG 4g.20gb (0),1,,13,cupy_copy__complex64_complex64
3775822554,2624,221610,35,1,1,128,1,1,16,0.000,0.000,,,,,NVIDIA A100-SXM4-40GB MIG 4g.20gb (0),1,,13,cupy_copy__complex64_complex64
3775841978,1760,221617,1,1,1,1,1,1,18,0.000,0.000,,,,,NVIDIA A100-SXM4-40GB MIG 4g.20gb (0),1,,13,cupy_copy__float32_float32
3775971736,87423,221628,1,1,1,32,32,1,30,0.000,0.000,,,,,NVIDIA A100-SXM4-40GB MIG 4g.20gb (0),1,,13,"void convert_kernel<__half2, float2>(tensor_layout_any, T1 *, tensor_layout_any, const T2 *)"
3776086775,5600,221631,,,,,,,,,,0.094,16731.388,Pinned,Device,NVIDIA A100-SXM4-40GB MIG 4g.20gb (0),1,,13,[CUDA memcpy Host-to-Device]
3776103735,3264,221632,,,,,,,,,,1.547,473842.288,Device,,NVIDIA A100-SXM4-40GB MIG 4g.20gb (0),1,,13,[CUDA memset]
3776108151,3808,221637,,,,,,,,,,0.031,8218.486,Pinned,Device,NVIDIA A100-SXM4-40GB MIG 4g.20gb (0),1,,13,[CUDA memcpy Host-to-Device]
3776114039,9984,221638,,,,,,,,,,0.197,19692.257,Pinned,Device,NVIDIA A100-SXM4-40GB MIG 4g.20gb (0),1,,13,[CUDA memcpy Host-to-Device]
3776127735,6527,221639,273,1,1,8,4,1,39,0.002,0.000,,,,,NVIDIA A100-SXM4-40GB MIG 4g.20gb (0),1,,13,"void channel_eq::eqMmseCoefCompLowMimoKernel<float, float, float, (unsigned int)4, (unsigned int)1, (unsigned int)4>(const channel_eq::_puschRxChEqStatDescr *, channel_eq::_puschRxChEqCoefCompDynDescr)"
3776135254,6272,221640,273,1,1,12,11,1,51,0.002,0.000,,,,,NVIDIA A100-SXM4-40GB MIG 4g.20gb (0),1,,13,"void channel_eq::eqMmseSoftDemapKernel<float, __half, __half, float, (unsigned int)4, (unsigned short)16383>(channel_eq::_puschRxChEqStatDescr *, channel_eq::_puschRxChEqSoftDemapDynDescr)"
3776144342,295037,221641,1,1,1,32,32,1,30,0.000,0.000,,,,,NVIDIA A100-SXM4-40GB MIG 4g.20gb (0),1,,13,"void convert_kernel<float2, __half2>(tensor_layout_any, T1 *, tensor_layout_any, const T2 *)"
3776442899,10943,221653,2253,1,1,128,1,1,16,0.000,0.000,,,,,NVIDIA A100-SXM4-40GB MIG 4g.20gb (0),1,,13,cupy_copy__float16_float16
3776458578,2784,221662,282,1,1,128,1,1,16,0.000,0.000,,,,,NVIDIA A100-SXM4-40GB MIG 4g.20gb (0),1,,13,cupy_copy__complex64_complex64
3776464786,2112,221671,26,1,1,128,1,1,16,0.000,0.000,,,,,NVIDIA A100-SXM4-40GB MIG 4g.20gb (0),1,,13,cupy_copy__float32_float32
3776468562,3872,221680,103,1,1,128,1,1,16,0.000,0.000,,,,,NVIDIA A100-SXM4-40GB MIG 4g.20gb (0),1,,13,cupy_copy__complex64_complex64
3776473394,11936,221690,1434,1,1,128,1,1,16,0.000,0.000,,,,,NVIDIA A100-SXM4-40GB MIG 4g.20gb (0),1,,13,cupy_copy__complex64_complex64
3776488914,87135,221695,1,1,1,32,32,1,30,0.000,0.000,,,,,NVIDIA A100-SXM4-40GB MIG 4g.20gb (0),1,,13,"void convert_kernel<__half2, float2>(tensor_layout_any, T1 *, tensor_layout_any, const T2 *)"
3776603601,6016,221698,,,,,,,,,,0.094,15574.430,Pinned,Device,NVIDIA A100-SXM4-40GB MIG 4g.20gb (0),1,,13,[CUDA memcpy Host-to-Device]
3776614289,597464,221699,,,,,,,,,,456.561,763827.289,Device,,NVIDIA A100-SXM4-40GB MIG 4g.20gb (0),1,,13,[CUDA memset]
3777215753,157086,221704,,,,,,,,,,1.235,7860.419,Pinned,Device,NVIDIA A100-SXM4-40GB MIG 4g.20gb (0),1,,13,[CUDA memcpy Host-to-Device]
3777388711,42399,221705,,,,,,,,,,0.197,4637.000,Pinned,Device,NVIDIA A100-SXM4-40GB MIG 4g.20gb (0),1,,13,[CUDA memcpy Host-to-Device]
3777458470,8640,221706,69,4,1,48,1,1,76,0.002,0.000,,,,,NVIDIA A100-SXM4-40GB MIG 4g.20gb (0),1,,13,"void ch_est::windowedChEstPreNoDftSOfdmKernel<float, __half, float, (unsigned int)2, (unsigned int)1, (unsigned short)4>(ch_est::puschRxChEstStatDescr_t *, ch_est::puschRxChEstDynDescr_t *)"
3777477734,6848,221707,137,2,1,24,2,1,44,0.001,0.001,,,,,NVIDIA A100-SXM4-40GB MIG 4g.20gb (0),1,,13,"void ch_est::chEstFilterNoDftSOfdmDispatchKernel<float, __half, float, (unsigned int)2>(ch_est::puschRxChEstStatDescr_t *, ch_est::puschRxChEstDynDescr_t *)"
3777494694,4736,221708,137,2,1,24,2,1,44,0.001,0.001,,,,,NVIDIA A100-SXM4-40GB MIG 4g.20gb (0),1,,13,"void ch_est::chEstFilterNoDftSOfdmDispatchKernel<float, __half, float, (unsigned int)2>(ch_est::puschRxChEstStatDescr_t *, ch_est::puschRxChEstDynDescr_t *)"
3777512101,2656,221719,103,1,1,128,1,1,16,0.000,0.000,,,,,NVIDIA A100-SXM4-40GB MIG 4g.20gb (0),1,,13,cupy_copy__complex64_complex64
3777528837,12576,221729,1434,1,1,128,1,1,16,0.000,0.000,,,,,NVIDIA A100-SXM4-40GB MIG 4g.20gb (0),1,,13,cupy_copy__complex64_complex64
3777550373,2912,221736,103,1,1,128,1,1,16,0.000,0.000,,,,,NVIDIA A100-SXM4-40GB MIG 4g.20gb (0),1,,13,cupy_copy__complex64_complex64
3777575909,88991,221743,1,1,1,32,32,1,30,0.000,0.000,,,,,NVIDIA A100-SXM4-40GB MIG 4g.20gb (0),1,,13,"void convert_kernel<__half2, float2>(tensor_layout_any, T1 *, tensor_layout_any, const T2 *)"
3777696707,24928,221746,,,,,,,,,,0.094,3758.615,Pinned,Device,NVIDIA A100-SXM4-40GB MIG 4g.20gb (0),1,,13,[CUDA memcpy Host-to-Device]
3777749218,46848,221747,,,,,,,,,,35.810,764362.742,Device,,NVIDIA A100-SXM4-40GB MIG 4g.20gb (0),1,,13,[CUDA memset]
3777799426,11168,221749,,,,,,,,,,0.000,7.163,Pinned,Device,NVIDIA A100-SXM4-40GB MIG 4g.20gb (0),1,,13,[CUDA memcpy Host-to-Device]
3777819810,25887,221750,,,,,,,,,,0.197,7594.770,Pinned,Device,NVIDIA A100-SXM4-40GB MIG 4g.20gb (0),1,,13,[CUDA memcpy Host-to-Device]
3777868513,9856,221751,273,1,1,48,1,1,40,0.000,0.001,,,,,NVIDIA A100-SXM4-40GB MIG 4g.20gb (0),1,,13,"void pusch_noise_intf_est::noiseIntfEstNoDftSOfdmKernel<float, __half, float, float, (unsigned int)2, (unsigned int)1, (unsigned char)4, (unsigned char)4>(pusch_noise_intf_est::puschRxNoiseIntfEstDynDescr)"
3777893889,2656,221762,35,1,1,128,1,1,16,0.000,0.000,,,,,NVIDIA A100-SXM4-40GB MIG 4g.20gb (0),1,,13,cupy_copy__complex64_complex64
3777903585,1824,221771,1,1,1,1,1,1,18,0.000,0.000,,,,,NVIDIA A100-SXM4-40GB MIG 4g.20gb (0),1,,13,cupy_copy__float32_float32
3777911136,4928,221777,,,,,,,,,,0.000,0.812,Device,Pageable,NVIDIA A100-SXM4-40GB MIG 4g.20gb (0),1,,7,[CUDA memcpy Device-to-Host]
3777988768,12703,221788,1434,1,1,128,1,1,16,0.000,0.000,,,,,NVIDIA A100-SXM4-40GB MIG 4g.20gb (0),1,,13,cupy_copy__complex64_complex64
3778017183,3296,221795,103,1,1,128,1,1,16,0.000,0.000,,,,,NVIDIA A100-SXM4-40GB MIG 4g.20gb (0),1,,13,cupy_copy__complex64_complex64
3778041471,2400,221802,35,1,1,128,1,1,16,0.000,0.000,,,,,NVIDIA A100-SXM4-40GB MIG 4g.20gb (0),1,,13,cupy_copy__complex64_complex64
3778058399,1792,221809,1,1,1,1,1,1,18,0.000,0.000,,,,,NVIDIA A100-SXM4-40GB MIG 4g.20gb (0),1,,13,cupy_copy__float32_float32
3778182813,82815,221820,1,1,1,32,32,1,30,0.000,0.000,,,,,NVIDIA A100-SXM4-40GB MIG 4g.20gb (0),1,,13,"void convert_kernel<__half2, float2>(tensor_layout_any, T1 *, tensor_layout_any, const T2 *)"
3778292828,5568,221823,,,,,,,,,,0.094,16827.521,Pinned,Device,NVIDIA A100-SXM4-40GB MIG 4g.20gb (0),1,,13,[CUDA memcpy Host-to-Device]
3778307228,3360,221824,,,,,,,,,,1.547,460304.688,Device,,NVIDIA A100-SXM4-40GB MIG 4g.20gb (0),1,,13,[CUDA memset]
3778314203,3168,221829,,,,,,,,,,0.031,9878.770,Pinned,Device,NVIDIA A100-SXM4-40GB MIG 4g.20gb (0),1,,13,[CUDA memcpy Host-to-Device]
3778319803,9536,221830,,,,,,,,,,0.197,20617.298,Pinned,Device,NVIDIA A100-SXM4-40GB MIG 4g.20gb (0),1,,13,[CUDA memcpy Host-to-Device]
3778335355,6304,221831,273,1,1,8,4,1,39,0.002,0.000,,,,,NVIDIA A100-SXM4-40GB MIG 4g.20gb (0),1,,13,"void channel_eq::eqMmseCoefCompLowMimoKernel<float, float, float, (unsigned int)4, (unsigned int)1, (unsigned int)4>(const channel_eq::_puschRxChEqStatDescr *, channel_eq::_puschRxChEqCoefCompDynDescr)"
3778343675,6080,221832,273,1,1,12,11,1,51,0.002,0.000,,,,,NVIDIA A100-SXM4-40GB MIG 4g.20gb (0),1,,13,"void channel_eq::eqMmseSoftDemapKernel<float, __half, __half, float, (unsigned int)4, (unsigned short)16383>(channel_eq::_puschRxChEqStatDescr *, channel_eq::_puschRxChEqSoftDemapDynDescr)"
3778351259,289820,221833,1,1,1,32,32,1,30,0.000,0.000,,,,,NVIDIA A100-SXM4-40GB MIG 4g.20gb (0),1,,13,"void convert_kernel<float2, __half2>(tensor_layout_any, T1 *, tensor_layout_any, const T2 *)"
3778644151,10944,221845,2253,1,1,128,1,1,16,0.000,0.000,,,,,NVIDIA A100-SXM4-40GB MIG 4g.20gb (0),1,,13,cupy_copy__float16_float16
3778657303,3264,221854,282,1,1,128,1,1,16,0.000,0.000,,,,,NVIDIA A100-SXM4-40GB MIG 4g.20gb (0),1,,13,cupy_copy__complex64_complex64
3778662231,2144,221863,26,1,1,128,1,1,16,0.000,0.000,,,,,NVIDIA A100-SXM4-40GB MIG 4g.20gb (0),1,,13,cupy_copy__float32_float32
3778668407,3072,221872,103,1,1,128,1,1,16,0.000,0.000,,,,,NVIDIA A100-SXM4-40GB MIG 4g.20gb (0),1,,13,cupy_copy__complex64_complex64
3778675447,11936,221882,1434,1,1,128,1,1,16,0.000,0.000,,,,,NVIDIA A100-SXM4-40GB MIG 4g.20gb (0),1,,13,cupy_copy__complex64_complex64
3778691511,81599,221887,1,1,1,32,32,1,30,0.000,0.000,,,,,NVIDIA A100-SXM4-40GB MIG 4g.20gb (0),1,,13,"void convert_kernel<__half2, float2>(tensor_layout_any, T1 *, tensor_layout_any, const T2 *)"
3778800437,5408,221890,,,,,,,,,,0.094,17325.421,Pinned,Device,NVIDIA A100-SXM4-40GB MIG 4g.20gb (0),1,,13,[CUDA memcpy Host-to-Device]
3778810517,597369,221891,,,,,,,,,,456.561,764283.851,Device,,NVIDIA A100-SXM4-40GB MIG 4g.20gb (0),1,,13,[CUDA memset]
3779415342,169246,221896,,,,,,,,,,1.235,7296.049,Pinned,Device,NVIDIA A100-SXM4-40GB MIG 4g.20gb (0),1,,13,[CUDA memcpy Host-to-Device]
3779593132,30847,221897,,,,,,,,,,0.197,6373.638,Pinned,Device,NVIDIA A100-SXM4-40GB MIG 4g.20gb (0),1,,13,[CUDA memcpy Host-to-Device]
3779641387,7680,221898,69,4,1,48,1,1,76,0.002,0.000,,,,,NVIDIA A100-SXM4-40GB MIG 4g.20gb (0),1,,13,"void ch_est::windowedChEstPreNoDftSOfdmKernel<float, __half, float, (unsigned int)2, (unsigned int)1, (unsigned short)4>(ch_est::puschRxChEstStatDescr_t *, ch_est::puschRxChEstDynDescr_t *)"
3779657515,6880,221899,137,2,1,24,2,1,44,0.001,0.001,,,,,NVIDIA A100-SXM4-40GB MIG 4g.20gb (0),1,,13,"void ch_est::chEstFilterNoDftSOfdmDispatchKernel<float, __half, float, (unsigned int)2>(ch_est::puschRxChEstStatDescr_t *, ch_est::puschRxChEstDynDescr_t *)"
3779673579,4736,221900,137,2,1,24,2,1,44,0.001,0.001,,,,,NVIDIA A100-SXM4-40GB MIG 4g.20gb (0),1,,13,"void ch_est::chEstFilterNoDftSOfdmDispatchKernel<float, __half, float, (unsigned int)2>(ch_est::puschRxChEstStatDescr_t *, ch_est::puschRxChEstDynDescr_t *)"
3779686475,2591,221911,103,1,1,128,1,1,16,0.000,0.000,,,,,NVIDIA A100-SXM4-40GB MIG 4g.20gb (0),1,,13,cupy_copy__complex64_complex64
3779699434,12480,221921,1434,1,1,128,1,1,16,0.000,0.000,,,,,NVIDIA A100-SXM4-40GB MIG 4g.20gb (0),1,,13,cupy_copy__complex64_complex64
3779735466,2400,221928,103,1,1,128,1,1,16,0.000,0.000,,,,,NVIDIA A100-SXM4-40GB MIG 4g.20gb (0),1,,13,cupy_copy__complex64_complex64
3779752970,85055,221935,1,1,1,32,32,1,30,0.000,0.000,,,,,NVIDIA A100-SXM4-40GB MIG 4g.20gb (0),1,,13,"void convert_kernel<__half2, float2>(tensor_layout_any, T1 *, tensor_layout_any, const T2 *)"
3779869000,26496,221938,,,,,,,,,,0.094,3536.181,Pinned,Device,NVIDIA A100-SXM4-40GB MIG 4g.20gb (0),1,,13,[CUDA memcpy Host-to-Device]
3779920808,47039,221939,,,,,,,,,,35.810,761247.279,Device,,NVIDIA A100-SXM4-40GB MIG 4g.20gb (0),1,,13,[CUDA memset]
3779970599,10464,221941,,,,,,,,,,0.000,7.645,Pinned,Device,NVIDIA A100-SXM4-40GB MIG 4g.20gb (0),1,,13,[CUDA memcpy Host-to-Device]
3779990759,30687,221942,,,,,,,,,,0.197,6406.865,Pinned,Device,NVIDIA A100-SXM4-40GB MIG 4g.20gb (0),1,,13,[CUDA memcpy Host-to-Device]
3780044070,9888,221943,273,1,1,48,1,1,40,0.000,0.001,,,,,NVIDIA A100-SXM4-40GB MIG 4g.20gb (0),1,,13,"void pusch_noise_intf_est::noiseIntfEstNoDftSOfdmKernel<float, __half, float, float, (unsigned int)2, (unsigned int)1, (unsigned char)4, (unsigned char)4>(pusch_noise_intf_est::puschRxNoiseIntfEstDynDescr)"
3780060518,2656,221954,35,1,1,128,1,1,16,0.000,0.000,,,,,NVIDIA A100-SXM4-40GB MIG 4g.20gb (0),1,,13,cupy_copy__complex64_complex64
3780077318,1696,221963,1,1,1,1,1,1,18,0.000,0.000,,,,,NVIDIA A100-SXM4-40GB MIG 4g.20gb (0),1,,13,cupy_copy__float32_float32
3780083014,5920,221969,,,,,,,,,,0.000,0.676,Device,Pageable,NVIDIA A100-SXM4-40GB MIG 4g.20gb (0),1,,7,[CUDA memcpy Device-to-Host]
3780183780,12960,221980,1434,1,1,128,1,1,16,0.000,0.000,,,,,NVIDIA A100-SXM4-40GB MIG 4g.20gb (0),1,,13,cupy_copy__complex64_complex64
3780207108,3424,221987,103,1,1,128,1,1,16,0.000,0.000,,,,,NVIDIA A100-SXM4-40GB MIG 4g.20gb (0),1,,13,cupy_copy__complex64_complex64
3780226788,2560,221994,35,1,1,128,1,1,16,0.000,0.000,,,,,NVIDIA A100-SXM4-40GB MIG 4g.20gb (0),1,,13,cupy_copy__complex64_complex64
3780248228,1792,222001,1,1,1,1,1,1,18,0.000,0.000,,,,,NVIDIA A100-SXM4-40GB MIG 4g.20gb (0),1,,13,cupy_copy__float32_float32
3780394146,90783,222012,1,1,1,32,32,1,30,0.000,0.000,,,,,NVIDIA A100-SXM4-40GB MIG 4g.20gb (0),1,,13,"void convert_kernel<__half2, float2>(tensor_layout_any, T1 *, tensor_layout_any, const T2 *)"
3780513920,10336,222015,,,,,,,,,,0.094,9064.994,Pinned,Device,NVIDIA A100-SXM4-40GB MIG 4g.20gb (0),1,,13,[CUDA memcpy Host-to-Device]
3780533600,3584,222016,,,,,,,,,,1.547,431534.389,Device,,NVIDIA A100-SXM4-40GB MIG 4g.20gb (0),1,,13,[CUDA memset]
3780539616,7776,222021,,,,,,,,,,0.031,4024.666,Pinned,Device,NVIDIA A100-SXM4-40GB MIG 4g.20gb (0),1,,13,[CUDA memcpy Host-to-Device]
3780554560,13184,222022,,,,,,,,,,0.197,14912.520,Pinned,Device,NVIDIA A100-SXM4-40GB MIG 4g.20gb (0),1,,13,[CUDA memcpy Host-to-Device]
3780578272,8095,222023,273,1,1,8,4,1,39,0.002,0.000,,,,,NVIDIA A100-SXM4-40GB MIG 4g.20gb (0),1,,13,"void channel_eq::eqMmseCoefCompLowMimoKernel<float, float, float, (unsigned int)4, (unsigned int)1, (unsigned int)4>(const channel_eq::_puschRxChEqStatDescr *, channel_eq::_puschRxChEqCoefCompDynDescr)"
3780594591,6048,222024,273,1,1,12,11,1,51,0.002,0.000,,,,,NVIDIA A100-SXM4-40GB MIG 4g.20gb (0),1,,13,"void channel_eq::eqMmseSoftDemapKernel<float, __half, __half, float, (unsigned int)4, (unsigned short)16383>(channel_eq::_puschRxChEqStatDescr *, channel_eq::_puschRxChEqSoftDemapDynDescr)"
3780607679,290045,222025,1,1,1,32,32,1,30,0.000,0.000,,,,,NVIDIA A100-SXM4-40GB MIG 4g.20gb (0),1,,13,"void convert_kernel<float2, __half2>(tensor_layout_any, T1 *, tensor_layout_any, const T2 *)"
3780898748,10943,222037,2253,1,1,128,1,1,16,0.000,0.000,,,,,NVIDIA A100-SXM4-40GB MIG 4g.20gb (0),1,,13,cupy_copy__float16_float16
3780914939,2848,222046,282,1,1,128,1,1,16,0.000,0.000,,,,,NVIDIA A100-SXM4-40GB MIG 4g.20gb (0),1,,13,cupy_copy__complex64_complex64
3780920603,2368,222055,26,1,1,128,1,1,16,0.000,0.000,,,,,NVIDIA A100-SXM4-40GB MIG 4g.20gb (0),1,,13,cupy_copy__float32_float32
3780923963,2816,222064,103,1,1,128,1,1,16,0.000,0.000,,,,,NVIDIA A100-SXM4-40GB MIG 4g.20gb (0),1,,13,cupy_copy__complex64_complex64
3780930331,12000,222074,1434,1,1,128,1,1,16,0.000,0.000,,,,,NVIDIA A100-SXM4-40GB MIG 4g.20gb (0),1,,13,cupy_copy__complex64_complex64
3780946107,81375,222079,1,1,1,32,32,1,30,0.000,0.000,,,,,NVIDIA A100-SXM4-40GB MIG 4g.20gb (0),1,,13,"void convert_kernel<__half2, float2>(tensor_layout_any, T1 *, tensor_layout_any, const T2 *)"
3781055418,6080,222082,,,,,,,,,,0.094,15410.462,Pinned,Device,NVIDIA A100-SXM4-40GB MIG 4g.20gb (0),1,,13,[CUDA memcpy Host-to-Device]
3781065785,595449,222083,,,,,,,,,,456.561,766566.658,Device,,NVIDIA A100-SXM4-40GB MIG 4g.20gb (0),1,,13,[CUDA memset]
3781672114,88799,222088,,,,,,,,,,1.235,13906.704,Pinned,Device,NVIDIA A100-SXM4-40GB MIG 4g.20gb (0),1,,13,[CUDA memcpy Host-to-Device]
3781763665,20352,222089,,,,,,,,,,0.197,9660.334,Pinned,Device,NVIDIA A100-SXM4-40GB MIG 4g.20gb (0),1,,13,[CUDA memcpy Host-to-Device]
3781793008,8320,222090,69,4,1,48,1,1,76,0.002,0.000,,,,,NVIDIA A100-SXM4-40GB MIG 4g.20gb (0),1,,13,"void ch_est::windowedChEstPreNoDftSOfdmKernel<float, __half, float, (unsigned int)2, (unsigned int)1, (unsigned short)4>(ch_est::puschRxChEstStatDescr_t *, ch_est::puschRxChEstDynDescr_t *)"
3781808592,7488,222091,137,2,1,24,2,1,44,0.001,0.001,,,,,NVIDIA A100-SXM4-40GB MIG 4g.20gb (0),1,,13,"void ch_est::chEstFilterNoDftSOfdmDispatchKernel<float, __half, float, (unsigned int)2>(ch_est::puschRxChEstStatDescr_t *, ch_est::puschRxChEstDynDescr_t *)"
3781823440,6336,222092,137,2,1,24,2,1,44,0.001,0.001,,,,,NVIDIA A100-SXM4-40GB MIG 4g.20gb (0),1,,13,"void ch_est::chEstFilterNoDftSOfdmDispatchKernel<float, __half, float, (unsigned int)2>(ch_est::puschRxChEstStatDescr_t *, ch_est::puschRxChEstDynDescr_t *)"
3781831792,3008,222103,103,1,1,128,1,1,16,0.000,0.000,,,,,NVIDIA A100-SXM4-40GB MIG 4g.20gb (0),1,,13,cupy_copy__complex64_complex64
3781839536,12832,222113,1434,1,1,128,1,1,16,0.000,0.000,,,,,NVIDIA A100-SXM4-40GB MIG 4g.20gb (0),1,,13,cupy_copy__complex64_complex64
3781854832,3200,222120,103,1,1,128,1,1,16,0.000,0.000,,,,,NVIDIA A100-SXM4-40GB MIG 4g.20gb (0),1,,13,cupy_copy__complex64_complex64
3781862672,87295,222127,1,1,1,32,32,1,30,0.000,0.000,,,,,NVIDIA A100-SXM4-40GB MIG 4g.20gb (0),1,,13,"void convert_kernel<__half2, float2>(tensor_layout_any, T1 *, tensor_layout_any, const T2 *)"
3781978030,7552,222130,,,,,,,,,,0.094,12406.756,Pinned,Device,NVIDIA A100-SXM4-40GB MIG 4g.20gb (0),1,,13,[CUDA memcpy Host-to-Device]
3781993550,46815,222131,,,,,,,,,,35.810,764899.891,Device,,NVIDIA A100-SXM4-40GB MIG 4g.20gb (0),1,,13,[CUDA memset]
3782044013,3872,222133,,,,,,,,,,0.000,20.661,Pinned,Device,NVIDIA A100-SXM4-40GB MIG 4g.20gb (0),1,,13,[CUDA memcpy Host-to-Device]
3782051789,11552,222134,,,,,,,,,,0.197,17019.372,Pinned,Device,NVIDIA A100-SXM4-40GB MIG 4g.20gb (0),1,,13,[CUDA memcpy Host-to-Device]
3782071117,11168,222135,273,1,1,48,1,1,40,0.000,0.001,,,,,NVIDIA A100-SXM4-40GB MIG 4g.20gb (0),1,,13,"void pusch_noise_intf_est::noiseIntfEstNoDftSOfdmKernel<float, __half, float, float, (unsigned int)2, (unsigned int)1, (unsigned char)4, (unsigned char)4>(pusch_noise_intf_est::puschRxNoiseIntfEstDynDescr)"
3782084941,3040,222146,35,1,1,128,1,1,16,0.000,0.000,,,,,NVIDIA A100-SXM4-40GB MIG 4g.20gb (0),1,,13,cupy_copy__complex64_complex64
3782096493,1920,222155,1,1,1,1,1,1,18,0.000,0.000,,,,,NVIDIA A100-SXM4-40GB MIG 4g.20gb (0),1,,13,cupy_copy__float32_float32
3782130028,1600,222161,,,,,,,,,,0.000,2.500,Device,Pageable,NVIDIA A100-SXM4-40GB MIG 4g.20gb (0),1,,7,[CUDA memcpy Device-to-Host]
3782191532,13119,222172,1434,1,1,128,1,1,16,0.000,0.000,,,,,NVIDIA A100-SXM4-40GB MIG 4g.20gb (0),1,,13,cupy_copy__complex64_complex64
3782217227,2912,222179,103,1,1,128,1,1,16,0.000,0.000,,,,,NVIDIA A100-SXM4-40GB MIG 4g.20gb (0),1,,13,cupy_copy__complex64_complex64
3782238475,2400,222186,35,1,1,128,1,1,16,0.000,0.000,,,,,NVIDIA A100-SXM4-40GB MIG 4g.20gb (0),1,,13,cupy_copy__complex64_complex64
3782258763,1792,222193,1,1,1,1,1,1,18,0.000,0.000,,,,,NVIDIA A100-SXM4-40GB MIG 4g.20gb (0),1,,13,cupy_copy__float32_float32
3782389513,86783,222204,1,1,1,32,32,1,30,0.000,0.000,,,,,NVIDIA A100-SXM4-40GB MIG 4g.20gb (0),1,,13,"void convert_kernel<__half2, float2>(tensor_layout_any, T1 *, tensor_layout_any, const T2 *)"
3782504936,5760,222207,,,,,,,,,,0.094,16266.656,Pinned,Device,NVIDIA A100-SXM4-40GB MIG 4g.20gb (0),1,,13,[CUDA memcpy Host-to-Device]
3782518280,3135,222208,,,,,,,,,,1.547,493340.577,Device,,NVIDIA A100-SXM4-40GB MIG 4g.20gb (0),1,,13,[CUDA memset]
3782527879,3232,222213,,,,,,,,,,0.031,9683.139,Pinned,Device,NVIDIA A100-SXM4-40GB MIG 4g.20gb (0),1,,13,[CUDA memcpy Host-to-Device]
3782534119,9696,222214,,,,,,,,,,0.197,20277.166,Pinned,Device,NVIDIA A100-SXM4-40GB MIG 4g.20gb (0),1,,13,[CUDA memcpy Host-to-Device]
3782550375,5952,222215,273,1,1,8,4,1,39,0.002,0.000,,,,,NVIDIA A100-SXM4-40GB MIG 4g.20gb (0),1,,13,"void channel_eq::eqMmseCoefCompLowMimoKernel<float, float, float, (unsigned int)4, (unsigned int)1, (unsigned int)4>(const channel_eq::_puschRxChEqStatDescr *, channel_eq::_puschRxChEqCoefCompDynDescr)"
3782557319,5088,222216,273,1,1,12,11,1,51,0.002,0.000,,,,,NVIDIA A100-SXM4-40GB MIG 4g.20gb (0),1,,13,"void channel_eq::eqMmseSoftDemapKernel<float, __half, __half, float, (unsigned int)4, (unsigned short)16383>(channel_eq::_puschRxChEqStatDescr *, channel_eq::_puschRxChEqSoftDemapDynDescr)"
3782564871,289628,222217,1,1,1,32,32,1,30,0.000,0.000,,,,,NVIDIA A100-SXM4-40GB MIG 4g.20gb (0),1,,13,"void convert_kernel<float2, __half2>(tensor_layout_any, T1 *, tensor_layout_any, const T2 *)"
3782856579,10816,222229,2253,1,1,128,1,1,16,0.000,0.000,,,,,NVIDIA A100-SXM4-40GB MIG 4g.20gb (0),1,,13,cupy_copy__float16_float16
3782869411,3264,222238,282,1,1,128,1,1,16,0.000,0.000,,,,,NVIDIA A100-SXM4-40GB MIG 4g.20gb (0),1,,13,cupy_copy__complex64_complex64
3782875715,2240,222247,26,1,1,128,1,1,16,0.000,0.000,,,,,NVIDIA A100-SXM4-40GB MIG 4g.20gb (0),1,,13,cupy_copy__float32_float32
3782879491,3168,222256,103,1,1,128,1,1,16,0.000,0.000,,,,,NVIDIA A100-SXM4-40GB MIG 4g.20gb (0),1,,13,cupy_copy__complex64_complex64
3782884707,12000,222266,1434,1,1,128,1,1,16,0.000,0.000,,,,,NVIDIA A100-SXM4-40GB MIG 4g.20gb (0),1,,13,cupy_copy__complex64_complex64
3782902019,82527,222271,1,1,1,32,32,1,30,0.000,0.000,,,,,NVIDIA A100-SXM4-40GB MIG 4g.20gb (0),1,,13,"void convert_kernel<__half2, float2>(tensor_layout_any, T1 *, tensor_layout_any, const T2 *)"
3783011201,5504,222274,,,,,,,,,,0.094,17023.251,Pinned,Device,NVIDIA A100-SXM4-40GB MIG 4g.20gb (0),1,,13,[CUDA memcpy Host-to-Device]
3783022753,597945,222275,,,,,,,,,,456.561,763370.728,Device,,NVIDIA A100-SXM4-40GB MIG 4g.20gb (0),1,,13,[CUDA memset]
3783629082,128510,222280,,,,,,,,,,1.235,9609.099,Pinned,Device,NVIDIA A100-SXM4-40GB MIG 4g.20gb (0),1,,13,[CUDA memcpy Host-to-Device]
3783771960,42239,222281,,,,,,,,,,0.197,4654.498,Pinned,Device,NVIDIA A100-SXM4-40GB MIG 4g.20gb (0),1,,13,[CUDA memcpy Host-to-Device]
3783835991,7840,222282,69,4,1,48,1,1,76,0.002,0.000,,,,,NVIDIA A100-SXM4-40GB MIG 4g.20gb (0),1,,13,"void ch_est::windowedChEstPreNoDftSOfdmKernel<float, __half, float, (unsigned int)2, (unsigned int)1, (unsigned short)4>(ch_est::puschRxChEstStatDescr_t *, ch_est::puschRxChEstDynDescr_t *)"
3783855991,6848,222283,137,2,1,24,2,1,44,0.001,0.001,,,,,NVIDIA A100-SXM4-40GB MIG 4g.20gb (0),1,,13,"void ch_est::chEstFilterNoDftSOfdmDispatchKernel<float, __half, float, (unsigned int)2>(ch_est::puschRxChEstStatDescr_t *, ch_est::puschRxChEstDynDescr_t *)"
3783872599,4896,222284,137,2,1,24,2,1,44,0.001,0.001,,,,,NVIDIA A100-SXM4-40GB MIG 4g.20gb (0),1,,13,"void ch_est::chEstFilterNoDftSOfdmDispatchKernel<float, __half, float, (unsigned int)2>(ch_est::puschRxChEstStatDescr_t *, ch_est::puschRxChEstDynDescr_t *)"
3783889879,2496,222295,103,1,1,128,1,1,16,0.000,0.000,,,,,NVIDIA A100-SXM4-40GB MIG 4g.20gb (0),1,,13,cupy_copy__complex64_complex64
3783906486,12352,222305,1434,1,1,128,1,1,16,0.000,0.000,,,,,NVIDIA A100-SXM4-40GB MIG 4g.20gb (0),1,,13,cupy_copy__complex64_complex64
3783940918,2592,222312,103,1,1,128,1,1,16,0.000,0.000,,,,,NVIDIA A100-SXM4-40GB MIG 4g.20gb (0),1,,13,cupy_copy__complex64_complex64
3783954390,85887,222319,1,1,1,32,32,1,30,0.000,0.000,,,,,NVIDIA A100-SXM4-40GB MIG 4g.20gb (0),1,,13,"void convert_kernel<__half2, float2>(tensor_layout_any, T1 *, tensor_layout_any, const T2 *)"
3784071028,13376,222322,,,,,,,,,,0.094,7004.713,Pinned,Device,NVIDIA A100-SXM4-40GB MIG 4g.20gb (0),1,,13,[CUDA memcpy Host-to-Device]
3784097780,47455,222323,,,,,,,,,,35.810,754586.634,Device,,NVIDIA A100-SXM4-40GB MIG 4g.20gb (0),1,,13,[CUDA memset]
3784147731,7808,222325,,,,,,,,,,0.000,10.246,Pinned,Device,NVIDIA A100-SXM4-40GB MIG 4g.20gb (0),1,,13,[CUDA memcpy Host-to-Device]
3784163443,18816,222326,,,,,,,,,,0.197,10448.929,Pinned,Device,NVIDIA A100-SXM4-40GB MIG 4g.20gb (0),1,,13,[CUDA memcpy Host-to-Device]
3784195955,10784,222327,273,1,1,48,1,1,40,0.000,0.001,,,,,NVIDIA A100-SXM4-40GB MIG 4g.20gb (0),1,,13,"void pusch_noise_intf_est::noiseIntfEstNoDftSOfdmKernel<float, __half, float, float, (unsigned int)2, (unsigned int)1, (unsigned char)4, (unsigned char)4>(pusch_noise_intf_est::puschRxNoiseIntfEstDynDescr)"
3784216595,2623,222338,35,1,1,128,1,1,16,0.000,0.000,,,,,NVIDIA A100-SXM4-40GB MIG 4g.20gb (0),1,,13,cupy_copy__complex64_complex64
3784226802,1728,222347,1,1,1,1,1,1,18,0.000,0.000,,,,,NVIDIA A100-SXM4-40GB MIG 4g.20gb (0),1,,13,cupy_copy__float32_float32
3784232210,3232,222353,,,,,,,,,,0.000,1.238,Device,Pageable,NVIDIA A100-SXM4-40GB MIG 4g.20gb (0),1,,7,[CUDA memcpy Device-to-Host]
3784315505,12928,222364,1434,1,1,128,1,1,16,0.000,0.000,,,,,NVIDIA A100-SXM4-40GB MIG 4g.20gb (0),1,,13,cupy_copy__complex64_complex64
3784332977,2976,222371,103,1,1,128,1,1,16,0.000,0.000,,,,,NVIDIA A100-SXM4-40GB MIG 4g.20gb (0),1,,13,cupy_copy__complex64_complex64
3784366865,2272,222378,35,1,1,128,1,1,16,0.000,0.000,,,,,NVIDIA A100-SXM4-40GB MIG 4g.20gb (0),1,,13,cupy_copy__complex64_complex64
3784379569,1791,222385,1,1,1,1,1,1,18,0.000,0.000,,,,,NVIDIA A100-SXM4-40GB MIG 4g.20gb (0),1,,13,cupy_copy__float32_float32
3784503279,86751,222396,1,1,1,32,32,1,30,0.000,0.000,,,,,NVIDIA A100-SXM4-40GB MIG 4g.20gb (0),1,,13,"void convert_kernel<__half2, float2>(tensor_layout_any, T1 *, tensor_layout_any, const T2 *)"
3784619022,6431,222399,,,,,,,,,,0.094,14569.353,Pinned,Device,NVIDIA A100-SXM4-40GB MIG 4g.20gb (0),1,,13,[CUDA memcpy Host-to-Device]
3784633133,3488,222400,,,,,,,,,,1.547,443412.461,Device,,NVIDIA A100-SXM4-40GB MIG 4g.20gb (0),1,,13,[CUDA memset]
3784640141,3200,222405,,,,,,,,,,0.031,9780.000,Pinned,Device,NVIDIA A100-SXM4-40GB MIG 4g.20gb (0),1,,13,[CUDA memcpy Host-to-Device]
3784645933,9696,222406,,,,,,,,,,0.197,20277.166,Pinned,Device,NVIDIA A100-SXM4-40GB MIG 4g.20gb (0),1,,13,[CUDA memcpy Host-to-Device]
3784661197,6240,222407,273,1,1,8,4,1,39,0.002,0.000,,,,,NVIDIA A100-SXM4-40GB MIG 4g.20gb (0),1,,13,"void channel_eq::eqMmseCoefCompLowMimoKernel<float, float, float, (unsigned int)4, (unsigned int)1, (unsigned int)4>(const channel_eq::_puschRxChEqStatDescr *, channel_eq::_puschRxChEqCoefCompDynDescr)"
3784668589,6080,222408,273,1,1,12,11,1,51,0.002,0.000,,,,,NVIDIA A100-SXM4-40GB MIG 4g.20gb (0),1,,13,"void channel_eq::eqMmseSoftDemapKernel<float, __half, __half, float, (unsigned int)4, (unsigned short)16383>(channel_eq::_puschRxChEqStatDescr *, channel_eq::_puschRxChEqSoftDemapDynDescr)"
3784675821,282812,222409,1,1,1,32,32,1,30,0.000,0.000,,,,,NVIDIA A100-SXM4-40GB MIG 4g.20gb (0),1,,13,"void convert_kernel<float2, __half2>(tensor_layout_any, T1 *, tensor_layout_any, const T2 *)"
3784961385,10848,222421,2253,1,1,128,1,1,16,0.000,0.000,,,,,NVIDIA A100-SXM4-40GB MIG 4g.20gb (0),1,,13,cupy_copy__float16_float16
3784977001,2688,222430,282,1,1,128,1,1,16,0.000,0.000,,,,,NVIDIA A100-SXM4-40GB MIG 4g.20gb (0),1,,13,cupy_copy__complex64_complex64
3784982889,2304,222439,26,1,1,128,1,1,16,0.000,0.000,,,,,NVIDIA A100-SXM4-40GB MIG 4g.20gb (0),1,,13,cupy_copy__float32_float32
3784987913,2912,222448,103,1,1,128,1,1,16,0.000,0.000,,,,,NVIDIA A100-SXM4-40GB MIG 4g.20gb (0),1,,13,cupy_copy__complex64_complex64
3784993737,12096,222458,1434,1,1,128,1,1,16,0.000,0.000,,,,,NVIDIA A100-SXM4-40GB MIG 4g.20gb (0),1,,13,cupy_copy__complex64_complex64
3785009769,87455,222463,1,1,1,32,32,1,30,0.000,0.000,,,,,NVIDIA A100-SXM4-40GB MIG 4g.20gb (0),1,,13,"void convert_kernel<__half2, float2>(tensor_layout_any, T1 *, tensor_layout_any, const T2 *)"
3785124167,5792,222466,,,,,,,,,,0.094,16176.708,Pinned,Device,NVIDIA A100-SXM4-40GB MIG 4g.20gb (0),1,,13,[CUDA memcpy Host-to-Device]
3785134759,597465,222467,,,,,,,,,,456.561,763827.289,Device,,NVIDIA A100-SXM4-40GB MIG 4g.20gb (0),1,,13,[CUDA memset]
3785738720,150142,222472,,,,,,,,,,1.235,8224.727,Pinned,Device,NVIDIA A100-SXM4-40GB MIG 4g.20gb (0),1,,13,[CUDA memcpy Host-to-Device]
3785896926,32799,222473,,,,,,,,,,0.197,5994.185,Pinned,Device,NVIDIA A100-SXM4-40GB MIG 4g.20gb (0),1,,13,[CUDA memcpy Host-to-Device]
3785942717,8032,222474,69,4,1,48,1,1,76,0.002,0.000,,,,,NVIDIA A100-SXM4-40GB MIG 4g.20gb (0),1,,13,"void ch_est::windowedChEstPreNoDftSOfdmKernel<float, __half, float, (unsigned int)2, (unsigned int)1, (unsigned short)4>(ch_est::puschRxChEstStatDescr_t *, ch_est::puschRxChEstDynDescr_t *)"
3785958397,6944,222475,137,2,1,24,2,1,44,0.001,0.001,,,,,NVIDIA A100-SXM4-40GB MIG 4g.20gb (0),1,,13,"void ch_est::chEstFilterNoDftSOfdmDispatchKernel<float, __half, float, (unsigned int)2>(ch_est::puschRxChEstStatDescr_t *, ch_est::puschRxChEstDynDescr_t *)"
3785971933,4768,222476,137,2,1,24,2,1,44,0.001,0.001,,,,,NVIDIA A100-SXM4-40GB MIG 4g.20gb (0),1,,13,"void ch_est::chEstFilterNoDftSOfdmDispatchKernel<float, __half, float, (unsigned int)2>(ch_est::puschRxChEstStatDescr_t *, ch_est::puschRxChEstDynDescr_t *)"
3785985501,2656,222487,103,1,1,128,1,1,16,0.000,0.000,,,,,NVIDIA A100-SXM4-40GB MIG 4g.20gb (0),1,,13,cupy_copy__complex64_complex64
3785999516,12928,222497,1434,1,1,128,1,1,16,0.000,0.000,,,,,NVIDIA A100-SXM4-40GB MIG 4g.20gb (0),1,,13,cupy_copy__complex64_complex64
3786024732,2688,222504,103,1,1,128,1,1,16,0.000,0.000,,,,,NVIDIA A100-SXM4-40GB MIG 4g.20gb (0),1,,13,cupy_copy__complex64_complex64
3786040540,82559,222511,1,1,1,32,32,1,30,0.000,0.000,,,,,NVIDIA A100-SXM4-40GB MIG 4g.20gb (0),1,,13,"void convert_kernel<__half2, float2>(tensor_layout_any, T1 *, tensor_layout_any, const T2 *)"
3786156411,25183,222514,,,,,,,,,,0.094,3720.574,Pinned,Device,NVIDIA A100-SXM4-40GB MIG 4g.20gb (0),1,,13,[CUDA memcpy Host-to-Device]
3786196506,47007,222515,,,,,,,,,,35.810,761784.428,Device,,NVIDIA A100-SXM4-40GB MIG 4g.20gb (0),1,,13,[CUDA memset]
3786252153,7520,222517,,,,,,,,,,0.000,10.638,Pinned,Device,NVIDIA A100-SXM4-40GB MIG 4g.20gb (0),1,,13,[CUDA memcpy Host-to-Device]
3786270649,23424,222518,,,,,,,,,,0.197,8393.392,Pinned,Device,NVIDIA A100-SXM4-40GB MIG 4g.20gb (0),1,,13,[CUDA memcpy Host-to-Device]
3786308601,9824,222519,273,1,1,48,1,1,40,0.000,0.001,,,,,NVIDIA A100-SXM4-40GB MIG 4g.20gb (0),1,,13,"void pusch_noise_intf_est::noiseIntfEstNoDftSOfdmKernel<float, __half, float, float, (unsigned int)2, (unsigned int)1, (unsigned char)4, (unsigned char)4>(pusch_noise_intf_est::puschRxNoiseIntfEstDynDescr)"
3786326360,3008,222530,35,1,1,128,1,1,16,0.000,0.000,,,,,NVIDIA A100-SXM4-40GB MIG 4g.20gb (0),1,,13,cupy_copy__complex64_complex64
3786334296,1792,222539,1,1,1,1,1,1,18,0.000,0.000,,,,,NVIDIA A100-SXM4-40GB MIG 4g.20gb (0),1,,13,cupy_copy__float32_float32
3786341624,5280,222545,,,,,,,,,,0.000,0.758,Device,Pageable,NVIDIA A100-SXM4-40GB MIG 4g.20gb (0),1,,7,[CUDA memcpy Device-to-Host]
3786419959,12736,222556,1434,1,1,128,1,1,16,0.000,0.000,,,,,NVIDIA A100-SXM4-40GB MIG 4g.20gb (0),1,,13,cupy_copy__complex64_complex64
3786445079,2976,222563,103,1,1,128,1,1,16,0.000,0.000,,,,,NVIDIA A100-SXM4-40GB MIG 4g.20gb (0),1,,13,cupy_copy__complex64_complex64
3786469879,2464,222570,35,1,1,128,1,1,16,0.000,0.000,,,,,NVIDIA A100-SXM4-40GB MIG 4g.20gb (0),1,,13,cupy_copy__complex64_complex64
3786485302,1760,222577,1,1,1,1,1,1,18,0.000,0.000,,,,,NVIDIA A100-SXM4-40GB MIG 4g.20gb (0),1,,13,cupy_copy__float32_float32
3786618677,86911,222588,1,1,1,32,32,1,30,0.000,0.000,,,,,NVIDIA A100-SXM4-40GB MIG 4g.20gb (0),1,,13,"void convert_kernel<__half2, float2>(tensor_layout_any, T1 *, tensor_layout_any, const T2 *)"
3786733811,11456,222591,,,,,,,,,,0.094,8178.724,Pinned,Device,NVIDIA A100-SXM4-40GB MIG 4g.20gb (0),1,,13,[CUDA memcpy Host-to-Device]
3786753459,3456,222592,,,,,,,,,,1.547,447517.201,Device,,NVIDIA A100-SXM4-40GB MIG 4g.20gb (0),1,,13,[CUDA memset]
3786757363,3808,222597,,,,,,,,,,0.031,8218.486,Pinned,Device,NVIDIA A100-SXM4-40GB MIG 4g.20gb (0),1,,13,[CUDA memcpy Host-to-Device]
3786764659,11328,222598,,,,,,,,,,0.197,17355.768,Pinned,Device,NVIDIA A100-SXM4-40GB MIG 4g.20gb (0),1,,13,[CUDA memcpy Host-to-Device]
3786783699,8128,222599,273,1,1,8,4,1,39,0.002,0.000,,,,,NVIDIA A100-SXM4-40GB MIG 4g.20gb (0),1,,13,"void channel_eq::eqMmseCoefCompLowMimoKernel<float, float, float, (unsigned int)4, (unsigned int)1, (unsigned int)4>(const channel_eq::_puschRxChEqStatDescr *, channel_eq::_puschRxChEqCoefCompDynDescr)"
3786794963,6944,222600,273,1,1,12,11,1,51,0.002,0.000,,,,,NVIDIA A100-SXM4-40GB MIG 4g.20gb (0),1,,13,"void channel_eq::eqMmseSoftDemapKernel<float, __half, __half, float, (unsigned int)4, (unsigned short)16383>(channel_eq::_puschRxChEqStatDescr *, channel_eq::_puschRxChEqSoftDemapDynDescr)"
3786803891,282332,222601,1,1,1,32,32,1,30,0.000,0.000,,,,,NVIDIA A100-SXM4-40GB MIG 4g.20gb (0),1,,13,"void convert_kernel<float2, __half2>(tensor_layout_any, T1 *, tensor_layout_any, const T2 *)"
3787088335,11072,222613,2253,1,1,128,1,1,16,0.000,0.000,,,,,NVIDIA A100-SXM4-40GB MIG 4g.20gb (0),1,,13,cupy_copy__float16_float16
3787101295,3808,222622,282,1,1,128,1,1,16,0.000,0.000,,,,,NVIDIA A100-SXM4-40GB MIG 4g.20gb (0),1,,13,cupy_copy__complex64_complex64
3787108399,2208,222631,26,1,1,128,1,1,16,0.000,0.000,,,,,NVIDIA A100-SXM4-40GB MIG 4g.20gb (0),1,,13,cupy_copy__float32_float32
3787113231,2784,222640,103,1,1,128,1,1,16,0.000,0.000,,,,,NVIDIA A100-SXM4-40GB MIG 4g.20gb (0),1,,13,cupy_copy__complex64_complex64
3787118319,12095,222650,1434,1,1,128,1,1,16,0.000,0.000,,,,,NVIDIA A100-SXM4-40GB MIG 4g.20gb (0),1,,13,cupy_copy__complex64_complex64
3787134094,82463,222655,1,1,1,32,32,1,30,0.000,0.000,,,,,NVIDIA A100-SXM4-40GB MIG 4g.20gb (0),1,,13,"void convert_kernel<__half2, float2>(tensor_layout_any, T1 *, tensor_layout_any, const T2 *)"
3787242861,5504,222658,,,,,,,,,,0.094,17023.251,Pinned,Device,NVIDIA A100-SXM4-40GB MIG 4g.20gb (0),1,,13,[CUDA memcpy Host-to-Device]
3787256045,597433,222659,,,,,,,,,,456.561,763827.289,Device,,NVIDIA A100-SXM4-40GB MIG 4g.20gb (0),1,,13,[CUDA memset]
3787855238,159934,222664,,,,,,,,,,1.235,7720.870,Pinned,Device,NVIDIA A100-SXM4-40GB MIG 4g.20gb (0),1,,13,[CUDA memcpy Host-to-Device]
3788027811,39264,222665,,,,,,,,,,0.197,5007.213,Pinned,Device,NVIDIA A100-SXM4-40GB MIG 4g.20gb (0),1,,13,[CUDA memcpy Host-to-Device]
3788089955,8256,222666,69,4,1,48,1,1,76,0.002,0.000,,,,,NVIDIA A100-SXM4-40GB MIG 4g.20gb (0),1,,13,"void ch_est::windowedChEstPreNoDftSOfdmKernel<float, __half, float, (unsigned int)2, (unsigned int)1, (unsigned short)4>(ch_est::puschRxChEstStatDescr_t *, ch_est::puschRxChEstDynDescr_t *)"
3788108194,6624,222667,137,2,1,24,2,1,44,0.001,0.001,,,,,NVIDIA A100-SXM4-40GB MIG 4g.20gb (0),1,,13,"void ch_est::chEstFilterNoDftSOfdmDispatchKernel<float, __half, float, (unsigned int)2>(ch_est::puschRxChEstStatDescr_t *, ch_est::puschRxChEstDynDescr_t *)"
3788127650,4704,222668,137,2,1,24,2,1,44,0.001,0.001,,,,,NVIDIA A100-SXM4-40GB MIG 4g.20gb (0),1,,13,"void ch_est::chEstFilterNoDftSOfdmDispatchKernel<float, __half, float, (unsigned int)2>(ch_est::puschRxChEstStatDescr_t *, ch_est::puschRxChEstDynDescr_t *)"
3788144226,2720,222679,103,1,1,128,1,1,16,0.000,0.000,,,,,NVIDIA A100-SXM4-40GB MIG 4g.20gb (0),1,,13,cupy_copy__complex64_complex64
3788161026,12256,222689,1434,1,1,128,1,1,16,0.000,0.000,,,,,NVIDIA A100-SXM4-40GB MIG 4g.20gb (0),1,,13,cupy_copy__complex64_complex64
3788180130,2911,222696,103,1,1,128,1,1,16,0.000,0.000,,,,,NVIDIA A100-SXM4-40GB MIG 4g.20gb (0),1,,13,cupy_copy__complex64_complex64
3788201313,88799,222703,1,1,1,32,32,1,30,0.000,0.000,,,,,NVIDIA A100-SXM4-40GB MIG 4g.20gb (0),1,,13,"void convert_kernel<__half2, float2>(tensor_layout_any, T1 *, tensor_layout_any, const T2 *)"
3788322496,19648,222706,,,,,,,,,,0.094,4768.658,Pinned,Device,NVIDIA A100-SXM4-40GB MIG 4g.20gb (0),1,,13,[CUDA memcpy Host-to-Device]
3788356447,46976,222707,,,,,,,,,,35.810,762285.767,Device,,NVIDIA A100-SXM4-40GB MIG 4g.20gb (0),1,,13,[CUDA memset]
3788409055,8416,222709,,,,,,,,,,0.000,9.506,Pinned,Device,NVIDIA A100-SXM4-40GB MIG 4g.20gb (0),1,,13,[CUDA memcpy Host-to-Device]
3788424415,24543,222710,,,,,,,,,,0.197,8010.596,Pinned,Device,NVIDIA A100-SXM4-40GB MIG 4g.20gb (0),1,,13,[CUDA memcpy Host-to-Device]
3788464990,9344,222711,273,1,1,48,1,1,40,0.000,0.001,,,,,NVIDIA A100-SXM4-40GB MIG 4g.20gb (0),1,,13,"void pusch_noise_intf_est::noiseIntfEstNoDftSOfdmKernel<float, __half, float, float, (unsigned int)2, (unsigned int)1, (unsigned char)4, (unsigned char)4>(pusch_noise_intf_est::puschRxNoiseIntfEstDynDescr)"
3788486814,2752,222722,35,1,1,128,1,1,16,0.000,0.000,,,,,NVIDIA A100-SXM4-40GB MIG 4g.20gb (0),1,,13,cupy_copy__complex64_complex64
3788498174,1696,222731,1,1,1,1,1,1,18,0.000,0.000,,,,,NVIDIA A100-SXM4-40GB MIG 4g.20gb (0),1,,13,cupy_copy__float32_float32
3788504286,5055,222737,,,,,,,,,,0.000,0.791,Device,Pageable,NVIDIA A100-SXM4-40GB MIG 4g.20gb (0),1,,7,[CUDA memcpy Device-to-Host]
3788579549,13567,222748,1434,1,1,128,1,1,16,0.000,0.000,,,,,NVIDIA A100-SXM4-40GB MIG 4g.20gb (0),1,,13,cupy_copy__complex64_complex64
3788609468,3392,222755,103,1,1,128,1,1,16,0.000,0.000,,,,,NVIDIA A100-SXM4-40GB MIG 4g.20gb (0),1,,13,cupy_copy__complex64_complex64
3788630780,2432,222762,35,1,1,128,1,1,16,0.000,0.000,,,,,NVIDIA A100-SXM4-40GB MIG 4g.20gb (0),1,,13,cupy_copy__complex64_complex64
3788651228,1824,222769,1,1,1,1,1,1,18,0.000,0.000,,,,,NVIDIA A100-SXM4-40GB MIG 4g.20gb (0),1,,13,cupy_copy__float32_float32
3788776570,82431,222780,1,1,1,32,32,1,30,0.000,0.000,,,,,NVIDIA A100-SXM4-40GB MIG 4g.20gb (0),1,,13,"void convert_kernel<__half2, float2>(tensor_layout_any, T1 *, tensor_layout_any, const T2 *)"
3788887193,5856,222783,,,,,,,,,,0.094,15999.997,Pinned,Device,NVIDIA A100-SXM4-40GB MIG 4g.20gb (0),1,,13,[CUDA memcpy Host-to-Device]
3788901017,3424,222784,,,,,,,,,,1.547,451700.819,Device,,NVIDIA A100-SXM4-40GB MIG 4g.20gb (0),1,,13,[CUDA memset]
3788907673,3295,222789,,,,,,,,,,0.031,9498.023,Pinned,Device,NVIDIA A100-SXM4-40GB MIG 4g.20gb (0),1,,13,[CUDA memcpy Host-to-Device]
3788913592,9344,222790,,,,,,,,,,0.197,21040.988,Pinned,Device,NVIDIA A100-SXM4-40GB MIG 4g.20gb (0),1,,13,[CUDA memcpy Host-to-Device]
3788928568,8416,222791,273,1,1,8,4,1,39,0.002,0.000,,,,,NVIDIA A100-SXM4-40GB MIG 4g.20gb (0),1,,13,"void channel_eq::eqMmseCoefCompLowMimoKernel<float, float, float, (unsigned int)4, (unsigned int)1, (unsigned int)4>(const channel_eq::_puschRxChEqStatDescr *, channel_eq::_puschRxChEqCoefCompDynDescr)"
3788938136,6080,222792,273,1,1,12,11,1,51,0.002,0.000,,,,,NVIDIA A100-SXM4-40GB MIG 4g.20gb (0),1,,13,"void channel_eq::eqMmseSoftDemapKernel<float, __half, __half, float, (unsigned int)4, (unsigned short)16383>(channel_eq::_puschRxChEqStatDescr *, channel_eq::_puschRxChEqSoftDemapDynDescr)"
3788945176,282557,222793,1,1,1,32,32,1,30,0.000,0.000,,,,,NVIDIA A100-SXM4-40GB MIG 4g.20gb (0),1,,13,"void convert_kernel<float2, __half2>(tensor_layout_any, T1 *, tensor_layout_any, const T2 *)"
3789229109,11103,222805,2253,1,1,128,1,1,16,0.000,0.000,,,,,NVIDIA A100-SXM4-40GB MIG 4g.20gb (0),1,,13,cupy_copy__float16_float16
3789242132,3264,222814,282,1,1,128,1,1,16,0.000,0.000,,,,,NVIDIA A100-SXM4-40GB MIG 4g.20gb (0),1,,13,cupy_copy__complex64_complex64
3789247284,2016,222823,26,1,1,128,1,1,16,0.000,0.000,,,,,NVIDIA A100-SXM4-40GB MIG 4g.20gb (0),1,,13,cupy_copy__float32_float32
3789250452,4640,222832,103,1,1,128,1,1,16,0.000,0.000,,,,,NVIDIA A100-SXM4-40GB MIG 4g.20gb (0),1,,13,cupy_copy__complex64_complex64
3789256212,12160,222842,1434,1,1,128,1,1,16,0.000,0.000,,,,,NVIDIA A100-SXM4-40GB MIG 4g.20gb (0),1,,13,cupy_copy__complex64_complex64
3789274836,82463,222847,1,1,1,32,32,1,30,0.000,0.000,,,,,NVIDIA A100-SXM4-40GB MIG 4g.20gb (0),1,,13,"void convert_kernel<__half2, float2>(tensor_layout_any, T1 *, tensor_layout_any, const T2 *)"
3789384211,5568,222850,,,,,,,,,,0.094,16827.521,Pinned,Device,NVIDIA A100-SXM4-40GB MIG 4g.20gb (0),1,,13,[CUDA memcpy Host-to-Device]
3789394259,598680,222851,,,,,,,,,,456.561,762457.605,Device,,NVIDIA A100-SXM4-40GB MIG 4g.20gb (0),1,,13,[CUDA memset]
3790001355,78719,222856,,,,,,,,,,1.235,15687.494,Pinned,Device,NVIDIA A100-SXM4-40GB MIG 4g.20gb (0),1,,13,[CUDA memcpy Host-to-Device]
3790086730,16736,222857,,,,,,,,,,0.197,11747.525,Pinned,Device,NVIDIA A100-SXM4-40GB MIG 4g.20gb (0),1,,13,[CUDA memcpy Host-to-Device]
3790118730,8319,222858,69,4,1,48,1,1,76,0.002,0.000,,,,,NVIDIA A100-SXM4-40GB MIG 4g.20gb (0),1,,13,"void ch_est::windowedChEstPreNoDftSOfdmKernel<float, __half, float, (unsigned int)2, (unsigned int)1, (unsigned short)4>(ch_est::puschRxChEstStatDescr_t *, ch_est::puschRxChEstDynDescr_t *)"
3790134313,7008,222859,137,2,1,24,2,1,44,0.001,0.001,,,,,NVIDIA A100-SXM4-40GB MIG 4g.20gb (0),1,,13,"void ch_est::chEstFilterNoDftSOfdmDispatchKernel<float, __half, float, (unsigned int)2>(ch_est::puschRxChEstStatDescr_t *, ch_est::puschRxChEstDynDescr_t *)"
3790149545,6496,222860,137,2,1,24,2,1,44,0.001,0.001,,,,,NVIDIA A100-SXM4-40GB MIG 4g.20gb (0),1,,13,"void ch_est::chEstFilterNoDftSOfdmDispatchKernel<float, __half, float, (unsigned int)2>(ch_est::puschRxChEstStatDescr_t *, ch_est::puschRxChEstDynDescr_t *)"
3790158313,3168,222871,103,1,1,128,1,1,16,0.000,0.000,,,,,NVIDIA A100-SXM4-40GB MIG 4g.20gb (0),1,,13,cupy_copy__complex64_complex64
3790166249,12736,222881,1434,1,1,128,1,1,16,0.000,0.000,,,,,NVIDIA A100-SXM4-40GB MIG 4g.20gb (0),1,,13,cupy_copy__complex64_complex64
3790181833,3104,222888,103,1,1,128,1,1,16,0.000,0.000,,,,,NVIDIA A100-SXM4-40GB MIG 4g.20gb (0),1,,13,cupy_copy__complex64_complex64
3790190313,89471,222895,1,1,1,32,32,1,30,0.000,0.000,,,,,NVIDIA A100-SXM4-40GB MIG 4g.20gb (0),1,,13,"void convert_kernel<__half2, float2>(tensor_layout_any, T1 *, tensor_layout_any, const T2 *)"
3790311559,13760,222898,,,,,,,,,,0.094,6809.263,Pinned,Device,NVIDIA A100-SXM4-40GB MIG 4g.20gb (0),1,,13,[CUDA memcpy Host-to-Device]
3790337383,47551,222899,,,,,,,,,,35.810,753082.618,Device,,NVIDIA A100-SXM4-40GB MIG 4g.20gb (0),1,,13,[CUDA memset]
3790391174,3552,222901,,,,,,,,,,0.000,22.522,Pinned,Device,NVIDIA A100-SXM4-40GB MIG 4g.20gb (0),1,,13,[CUDA memcpy Host-to-Device]
3790399878,21152,222902,,,,,,,,,,0.197,9294.840,Pinned,Device,NVIDIA A100-SXM4-40GB MIG 4g.20gb (0),1,,13,[CUDA memcpy Host-to-Device]
3790433638,9248,222903,273,1,1,48,1,1,40,0.000,0.001,,,,,NVIDIA A100-SXM4-40GB MIG 4g.20gb (0),1,,13,"void pusch_noise_intf_est::noiseIntfEstNoDftSOfdmKernel<float, __half, float, float, (unsigned int)2, (unsigned int)1, (unsigned char)4, (unsigned char)4>(pusch_noise_intf_est::puschRxNoiseIntfEstDynDescr)"
3790451141,2816,222914,35,1,1,128,1,1,16,0.000,0.000,,,,,NVIDIA A100-SXM4-40GB MIG 4g.20gb (0),1,,13,cupy_copy__complex64_complex64
3790460901,1760,222923,1,1,1,1,1,1,18,0.000,0.000,,,,,NVIDIA A100-SXM4-40GB MIG 4g.20gb (0),1,,13,cupy_copy__float32_float32
3790471365,5408,222929,,,,,,,,,,0.000,0.740,Device,Pageable,NVIDIA A100-SXM4-40GB MIG 4g.20gb (0),1,,7,[CUDA memcpy Device-to-Host]
3790550628,13216,222940,1434,1,1,128,1,1,16,0.000,0.000,,,,,NVIDIA A100-SXM4-40GB MIG 4g.20gb (0),1,,13,cupy_copy__complex64_complex64
3790579684,2848,222947,103,1,1,128,1,1,16,0.000,0.000,,,,,NVIDIA A100-SXM4-40GB MIG 4g.20gb (0),1,,13,cupy_copy__complex64_complex64
3790592676,2624,222954,35,1,1,128,1,1,16,0.000,0.000,,,,,NVIDIA A100-SXM4-40GB MIG 4g.20gb (0),1,,13,cupy_copy__complex64_complex64
3790619459,1760,222961,1,1,1,1,1,1,18,0.000,0.000,,,,,NVIDIA A100-SXM4-40GB MIG 4g.20gb (0),1,,13,cupy_copy__float32_float32
3790744386,82879,222972,1,1,1,32,32,1,30,0.000,0.000,,,,,NVIDIA A100-SXM4-40GB MIG 4g.20gb (0),1,,13,"void convert_kernel<__half2, float2>(tensor_layout_any, T1 *, tensor_layout_any, const T2 *)"
3790861952,5504,222975,,,,,,,,,,0.094,17023.251,Pinned,Device,NVIDIA A100-SXM4-40GB MIG 4g.20gb (0),1,,13,[CUDA memcpy Host-to-Device]
3790878016,3232,222976,,,,,,,,,,1.547,478533.199,Device,,NVIDIA A100-SXM4-40GB MIG 4g.20gb (0),1,,13,[CUDA memset]
3790883968,3136,222981,,,,,,,,,,0.031,9979.575,Pinned,Device,NVIDIA A100-SXM4-40GB MIG 4g.20gb (0),1,,13,[CUDA memcpy Host-to-Device]
3790890144,9568,222982,,,,,,,,,,0.197,20548.485,Pinned,Device,NVIDIA A100-SXM4-40GB MIG 4g.20gb (0),1,,13,[CUDA memcpy Host-to-Device]
3790905280,8192,222983,273,1,1,8,4,1,39,0.002,0.000,,,,,NVIDIA A100-SXM4-40GB MIG 4g.20gb (0),1,,13,"void channel_eq::eqMmseCoefCompLowMimoKernel<float, float, float, (unsigned int)4, (unsigned int)1, (unsigned int)4>(const channel_eq::_puschRxChEqStatDescr *, channel_eq::_puschRxChEqCoefCompDynDescr)"
3790914592,5728,222984,273,1,1,12,11,1,51,0.002,0.000,,,,,NVIDIA A100-SXM4-40GB MIG 4g.20gb (0),1,,13,"void channel_eq::eqMmseSoftDemapKernel<float, __half, __half, float, (unsigned int)4, (unsigned short)16383>(channel_eq::_puschRxChEqStatDescr *, channel_eq::_puschRxChEqSoftDemapDynDescr)"
3790922368,282524,222985,1,1,1,32,32,1,30,0.000,0.000,,,,,NVIDIA A100-SXM4-40GB MIG 4g.20gb (0),1,,13,"void convert_kernel<float2, __half2>(tensor_layout_any, T1 *, tensor_layout_any, const T2 *)"
3791207132,11168,222997,2253,1,1,128,1,1,16,0.000,0.000,,,,,NVIDIA A100-SXM4-40GB MIG 4g.20gb (0),1,,13,cupy_copy__float16_float16
3791220636,3296,223006,282,1,1,128,1,1,16,0.000,0.000,,,,,NVIDIA A100-SXM4-40GB MIG 4g.20gb (0),1,,13,cupy_copy__complex64_complex64
3791225820,2272,223015,26,1,1,128,1,1,16,0.000,0.000,,,,,NVIDIA A100-SXM4-40GB MIG 4g.20gb (0),1,,13,cupy_copy__float32_float32
3791230972,5216,223024,103,1,1,128,1,1,16,0.000,0.000,,,,,NVIDIA A100-SXM4-40GB MIG 4g.20gb (0),1,,13,cupy_copy__complex64_complex64
3791237980,11968,223034,1434,1,1,128,1,1,16,0.000,0.000,,,,,NVIDIA A100-SXM4-40GB MIG 4g.20gb (0),1,,13,cupy_copy__complex64_complex64
3791255644,81502,223039,1,1,1,32,32,1,30,0.000,0.000,,,,,NVIDIA A100-SXM4-40GB MIG 4g.20gb (0),1,,13,"void convert_kernel<__half2, float2>(tensor_layout_any, T1 *, tensor_layout_any, const T2 *)"
3791364026,5792,223042,,,,,,,,,,0.094,16176.708,Pinned,Device,NVIDIA A100-SXM4-40GB MIG 4g.20gb (0),1,,13,[CUDA memcpy Host-to-Device]
3791375226,598745,223043,,,,,,,,,,456.561,762457.605,Device,,NVIDIA A100-SXM4-40GB MIG 4g.20gb (0),1,,13,[CUDA memset]
3791982771,102398,223048,,,,,,,,,,1.235,12059.228,Pinned,Device,NVIDIA A100-SXM4-40GB MIG 4g.20gb (0),1,,13,[CUDA memcpy Host-to-Device]
3792093649,32000,223049,,,,,,,,,,0.197,6144.000,Pinned,Device,NVIDIA A100-SXM4-40GB MIG 4g.20gb (0),1,,13,[CUDA memcpy Host-to-Device]
3792139089,7999,223050,69,4,1,48,1,1,76,0.002,0.000,,,,,NVIDIA A100-SXM4-40GB MIG 4g.20gb (0),1,,13,"void ch_est::windowedChEstPreNoDftSOfdmKernel<float, __half, float, (unsigned int)2, (unsigned int)1, (unsigned short)4>(ch_est::puschRxChEstStatDescr_t *, ch_est::puschRxChEstDynDescr_t *)"
3792154384,6880,223051,137,2,1,24,2,1,44,0.001,0.001,,,,,NVIDIA A100-SXM4-40GB MIG 4g.20gb (0),1,,13,"void ch_est::chEstFilterNoDftSOfdmDispatchKernel<float, __half, float, (unsigned int)2>(ch_est::puschRxChEstStatDescr_t *, ch_est::puschRxChEstDynDescr_t *)"
3792167984,4960,223052,137,2,1,24,2,1,44,0.001,0.001,,,,,NVIDIA A100-SXM4-40GB MIG 4g.20gb (0),1,,13,"void ch_est::chEstFilterNoDftSOfdmDispatchKernel<float, __half, float, (unsigned int)2>(ch_est::puschRxChEstStatDescr_t *, ch_est::puschRxChEstDynDescr_t *)"
3792180656,2528,223063,103,1,1,128,1,1,16,0.000,0.000,,,,,NVIDIA A100-SXM4-40GB MIG 4g.20gb (0),1,,13,cupy_copy__complex64_complex64
3792195152,12480,223073,1434,1,1,128,1,1,16,0.000,0.000,,,,,NVIDIA A100-SXM4-40GB MIG 4g.20gb (0),1,,13,cupy_copy__complex64_complex64
3792219440,2560,223080,103,1,1,128,1,1,16,0.000,0.000,,,,,NVIDIA A100-SXM4-40GB MIG 4g.20gb (0),1,,13,cupy_copy__complex64_complex64
3792231247,86271,223087,1,1,1,32,32,1,30,0.000,0.000,,,,,NVIDIA A100-SXM4-40GB MIG 4g.20gb (0),1,,13,"void convert_kernel<__half2, float2>(tensor_layout_any, T1 *, tensor_layout_any, const T2 *)"
3792346670,6240,223090,,,,,,,,,,0.094,15015.346,Pinned,Device,NVIDIA A100-SXM4-40GB MIG 4g.20gb (0),1,,13,[CUDA memcpy Host-to-Device]
3792360014,46783,223091,,,,,,,,,,35.810,765437.040,Device,,NVIDIA A100-SXM4-40GB MIG 4g.20gb (0),1,,13,[CUDA memset]
3792411757,4352,223093,,,,,,,,,,0.000,18.382,Pinned,Device,NVIDIA A100-SXM4-40GB MIG 4g.20gb (0),1,,13,[CUDA memcpy Host-to-Device]
3792419981,13216,223094,,,,,,,,,,0.197,14876.344,Pinned,Device,NVIDIA A100-SXM4-40GB MIG 4g.20gb (0),1,,13,[CUDA memcpy Host-to-Device]
3792441357,12960,223095,273,1,1,48,1,1,40,0.000,0.001,,,,,NVIDIA A100-SXM4-40GB MIG 4g.20gb (0),1,,13,"void pusch_noise_intf_est::noiseIntfEstNoDftSOfdmKernel<float, __half, float, float, (unsigned int)2, (unsigned int)1, (unsigned char)4, (unsigned char)4>(pusch_noise_intf_est::puschRxNoiseIntfEstDynDescr)"
3792456237,2752,223106,35,1,1,128,1,1,16,0.000,0.000,,,,,NVIDIA A100-SXM4-40GB MIG 4g.20gb (0),1,,13,cupy_copy__complex64_complex64
3792467181,1887,223115,1,1,1,1,1,1,18,0.000,0.000,,,,,NVIDIA A100-SXM4-40GB MIG 4g.20gb (0),1,,13,cupy_copy__float32_float32
3792498508,1952,223121,,,,,,,,,,0.000,2.049,Device,Pageable,NVIDIA A100-SXM4-40GB MIG 4g.20gb (0),1,,7,[CUDA memcpy Device-to-Host]
3792559627,12928,223132,1434,1,1,128,1,1,16,0.000,0.000,,,,,NVIDIA A100-SXM4-40GB MIG 4g.20gb (0),1,,13,cupy_copy__complex64_complex64
3792586187,2784,223139,103,1,1,128,1,1,16,0.000,0.000,,,,,NVIDIA A100-SXM4-40GB MIG 4g.20gb (0),1,,13,cupy_copy__complex64_complex64
3792612043,2880,223146,35,1,1,128,1,1,16,0.000,0.000,,,,,NVIDIA A100-SXM4-40GB MIG 4g.20gb (0),1,,13,cupy_copy__complex64_complex64
3792628651,1856,223153,1,1,1,1,1,1,18,0.000,0.000,,,,,NVIDIA A100-SXM4-40GB MIG 4g.20gb (0),1,,13,cupy_copy__float32_float32
3792759945,83071,223164,1,1,1,32,32,1,30,0.000,0.000,,,,,NVIDIA A100-SXM4-40GB MIG 4g.20gb (0),1,,13,"void convert_kernel<__half2, float2>(tensor_layout_any, T1 *, tensor_layout_any, const T2 *)"
3792870024,5503,223167,,,,,,,,,,0.094,17026.343,Pinned,Device,NVIDIA A100-SXM4-40GB MIG 4g.20gb (0),1,,13,[CUDA memcpy Host-to-Device]
3792885671,3168,223168,,,,,,,,,,1.547,488201.145,Device,,NVIDIA A100-SXM4-40GB MIG 4g.20gb (0),1,,13,[CUDA memset]
3792891239,3392,223173,,,,,,,,,,0.031,9226.405,Pinned,Device,NVIDIA A100-SXM4-40GB MIG 4g.20gb (0),1,,13,[CUDA memcpy Host-to-Device]
3792897415,10304,223174,,,,,,,,,,0.197,19080.610,Pinned,Device,NVIDIA A100-SXM4-40GB MIG 4g.20gb (0),1,,13,[CUDA memcpy Host-to-Device]
3792913479,6112,223175,273,1,1,8,4,1,39,0.002,0.000,,,,,NVIDIA A100-SXM4-40GB MIG 4g.20gb (0),1,,13,"void channel_eq::eqMmseCoefCompLowMimoKernel<float, float, float, (unsigned int)4, (unsigned int)1, (unsigned int)4>(const channel_eq::_puschRxChEqStatDescr *, channel_eq::_puschRxChEqCoefCompDynDescr)"
3792921607,5920,223176,273,1,1,12,11,1,51,0.002,0.000,,,,,NVIDIA A100-SXM4-40GB MIG 4g.20gb (0),1,,13,"void channel_eq::eqMmseSoftDemapKernel<float, __half, __half, float, (unsigned int)4, (unsigned short)16383>(channel_eq::_puschRxChEqStatDescr *, channel_eq::_puschRxChEqSoftDemapDynDescr)"
3792929991,289724,223177,1,1,1,32,32,1,30,0.000,0.000,,,,,NVIDIA A100-SXM4-40GB MIG 4g.20gb (0),1,,13,"void convert_kernel<float2, __half2>(tensor_layout_any, T1 *, tensor_layout_any, const T2 *)"
3793222083,10912,223189,2253,1,1,128,1,1,16,0.000,0.000,,,,,NVIDIA A100-SXM4-40GB MIG 4g.20gb (0),1,,13,cupy_copy__float16_float16
3793234595,3520,223198,282,1,1,128,1,1,16,0.000,0.000,,,,,NVIDIA A100-SXM4-40GB MIG 4g.20gb (0),1,,13,cupy_copy__complex64_complex64
3793241603,2208,223207,26,1,1,128,1,1,16,0.000,0.000,,,,,NVIDIA A100-SXM4-40GB MIG 4g.20gb (0),1,,13,cupy_copy__float32_float32
3793246211,2784,223216,103,1,1,128,1,1,16,0.000,0.000,,,,,NVIDIA A100-SXM4-40GB MIG 4g.20gb (0),1,,13,cupy_copy__complex64_complex64
3793250147,12096,223226,1434,1,1,128,1,1,16,0.000,0.000,,,,,NVIDIA A100-SXM4-40GB MIG 4g.20gb (0),1,,13,cupy_copy__complex64_complex64
3793266307,80319,223231,1,1,1,32,32,1,30,0.000,0.000,,,,,NVIDIA A100-SXM4-40GB MIG 4g.20gb (0),1,,13,"void convert_kernel<__half2, float2>(tensor_layout_any, T1 *, tensor_layout_any, const T2 *)"
3793373185,5376,223234,,,,,,,,,,0.094,17428.487,Pinned,Device,NVIDIA A100-SXM4-40GB MIG 4g.20gb (0),1,,13,[CUDA memcpy Host-to-Device]
3793385697,599097,223235,,,,,,,,,,456.561,762001.043,Device,,NVIDIA A100-SXM4-40GB MIG 4g.20gb (0),1,,13,[CUDA memset]
3793991514,173246,223240,,,,,,,,,,1.235,7128.097,Pinned,Device,NVIDIA A100-SXM4-40GB MIG 4g.20gb (0),1,,13,[CUDA memcpy Host-to-Device]
3794177207,40544,223241,,,,,,,,,,0.197,4849.140,Pinned,Device,NVIDIA A100-SXM4-40GB MIG 4g.20gb (0),1,,13,[CUDA memcpy Host-to-Device]
3794235415,8256,223242,69,4,1,48,1,1,76,0.002,0.000,,,,,NVIDIA A100-SXM4-40GB MIG 4g.20gb (0),1,,13,"void ch_est::windowedChEstPreNoDftSOfdmKernel<float, __half, float, (unsigned int)2, (unsigned int)1, (unsigned short)4>(ch_est::puschRxChEstStatDescr_t *, ch_est::puschRxChEstDynDescr_t *)"
3794253430,6656,223243,137,2,1,24,2,1,44,0.001,0.001,,,,,NVIDIA A100-SXM4-40GB MIG 4g.20gb (0),1,,13,"void ch_est::chEstFilterNoDftSOfdmDispatchKernel<float, __half, float, (unsigned int)2>(ch_est::puschRxChEstStatDescr_t *, ch_est::puschRxChEstDynDescr_t *)"
3794269142,4832,223244,137,2,1,24,2,1,44,0.001,0.001,,,,,NVIDIA A100-SXM4-40GB MIG 4g.20gb (0),1,,13,"void ch_est::chEstFilterNoDftSOfdmDispatchKernel<float, __half, float, (unsigned int)2>(ch_est::puschRxChEstStatDescr_t *, ch_est::puschRxChEstDynDescr_t *)"
3794284342,2560,223255,103,1,1,128,1,1,16,0.000,0.000,,,,,NVIDIA A100-SXM4-40GB MIG 4g.20gb (0),1,,13,cupy_copy__complex64_complex64
3794299030,12576,223265,1434,1,1,128,1,1,16,0.000,0.000,,,,,NVIDIA A100-SXM4-40GB MIG 4g.20gb (0),1,,13,cupy_copy__complex64_complex64
3794314134,2912,223272,103,1,1,128,1,1,16,0.000,0.000,,,,,NVIDIA A100-SXM4-40GB MIG 4g.20gb (0),1,,13,cupy_copy__complex64_complex64
3794335285,85279,223279,1,1,1,32,32,1,30,0.000,0.000,,,,,NVIDIA A100-SXM4-40GB MIG 4g.20gb (0),1,,13,"void convert_kernel<__half2, float2>(tensor_layout_any, T1 *, tensor_layout_any, const T2 *)"
3794450676,10976,223282,,,,,,,,,,0.094,8536.361,Pinned,Device,NVIDIA A100-SXM4-40GB MIG 4g.20gb (0),1,,13,[CUDA memcpy Host-to-Device]
3794470676,46751,223283,,,,,,,,,,35.810,765938.379,Device,,NVIDIA A100-SXM4-40GB MIG 4g.20gb (0),1,,13,[CUDA memset]
3794521939,5120,223285,,,,,,,,,,0.000,15.625,Pinned,Device,NVIDIA A100-SXM4-40GB MIG 4g.20gb (0),1,,13,[CUDA memcpy Host-to-Device]
3794529843,13248,223286,,,,,,,,,,0.197,14840.562,Pinned,Device,NVIDIA A100-SXM4-40GB MIG 4g.20gb (0),1,,13,[CUDA memcpy Host-to-Device]
3794552755,11520,223287,273,1,1,48,1,1,40,0.000,0.001,,,,,NVIDIA A100-SXM4-40GB MIG 4g.20gb (0),1,,13,"void pusch_noise_intf_est::noiseIntfEstNoDftSOfdmKernel<float, __half, float, float, (unsigned int)2, (unsigned int)1, (unsigned char)4, (unsigned char)4>(pusch_noise_intf_est::puschRxNoiseIntfEstDynDescr)"
3794569011,2944,223298,35,1,1,128,1,1,16,0.000,0.000,,,,,NVIDIA A100-SXM4-40GB MIG 4g.20gb (0),1,,13,cupy_copy__complex64_complex64
3794574034,1920,223307,1,1,1,1,1,1,18,0.000,0.000,,,,,NVIDIA A100-SXM4-40GB MIG 4g.20gb (0),1,,13,cupy_copy__float32_float32
3794599634,1952,223313,,,,,,,,,,0.000,2.049,Device,Pageable,NVIDIA A100-SXM4-40GB MIG 4g.20gb (0),1,,7,[CUDA memcpy Device-to-Host]
3794662193,12896,223324,1434,1,1,128,1,1,16,0.000,0.000,,,,,NVIDIA A100-SXM4-40GB MIG 4g.20gb (0),1,,13,cupy_copy__complex64_complex64
3794693905,2912,223331,103,1,1,128,1,1,16,0.000,0.000,,,,,NVIDIA A100-SXM4-40GB MIG 4g.20gb (0),1,,13,cupy_copy__complex64_complex64
3794711633,2912,223338,35,1,1,128,1,1,16,0.000,0.000,,,,,NVIDIA A100-SXM4-40GB MIG 4g.20gb (0),1,,13,cupy_copy__complex64_complex64
3794731985,1888,223345,1,1,1,1,1,1,18,0.000,0.000,,,,,NVIDIA A100-SXM4-40GB MIG 4g.20gb (0),1,,13,cupy_copy__float32_float32
3794870095,87999,223356,1,1,1,32,32,1,30,0.000,0.000,,,,,NVIDIA A100-SXM4-40GB MIG 4g.20gb (0),1,,13,"void convert_kernel<__half2, float2>(tensor_layout_any, T1 *, tensor_layout_any, const T2 *)"
3794985965,5888,223359,,,,,,,,,,0.094,15912.954,Pinned,Device,NVIDIA A100-SXM4-40GB MIG 4g.20gb (0),1,,13,[CUDA memcpy Host-to-Device]
3795003149,3200,223360,,,,,,,,,,1.547,483320.000,Device,,NVIDIA A100-SXM4-40GB MIG 4g.20gb (0),1,,13,[CUDA memset]
3795007341,3360,223365,,,,,,,,,,0.031,9314.284,Pinned,Device,NVIDIA A100-SXM4-40GB MIG 4g.20gb (0),1,,13,[CUDA memcpy Host-to-Device]
3795013165,10272,223366,,,,,,,,,,0.197,19140.182,Pinned,Device,NVIDIA A100-SXM4-40GB MIG 4g.20gb (0),1,,13,[CUDA memcpy Host-to-Device]
3795028269,6848,223367,273,1,1,8,4,1,39,0.002,0.000,,,,,NVIDIA A100-SXM4-40GB MIG 4g.20gb (0),1,,13,"void channel_eq::eqMmseCoefCompLowMimoKernel<float, float, float, (unsigned int)4, (unsigned int)1, (unsigned int)4>(const channel_eq::_puschRxChEqStatDescr *, channel_eq::_puschRxChEqCoefCompDynDescr)"
3795038253,7072,223368,273,1,1,12,11,1,51,0.002,0.000,,,,,NVIDIA A100-SXM4-40GB MIG 4g.20gb (0),1,,13,"void channel_eq::eqMmseSoftDemapKernel<float, __half, __half, float, (unsigned int)4, (unsigned short)16383>(channel_eq::_puschRxChEqStatDescr *, channel_eq::_puschRxChEqSoftDemapDynDescr)"
3795046509,282684,223369,1,1,1,32,32,1,30,0.000,0.000,,,,,NVIDIA A100-SXM4-40GB MIG 4g.20gb (0),1,,13,"void convert_kernel<float2, __half2>(tensor_layout_any, T1 *, tensor_layout_any, const T2 *)"
3795331881,10912,223381,2253,1,1,128,1,1,16,0.000,0.000,,,,,NVIDIA A100-SXM4-40GB MIG 4g.20gb (0),1,,13,cupy_copy__float16_float16
3795345865,2688,223390,282,1,1,128,1,1,16,0.000,0.000,,,,,NVIDIA A100-SXM4-40GB MIG 4g.20gb (0),1,,13,cupy_copy__complex64_complex64
3795350249,2368,223399,26,1,1,128,1,1,16,0.000,0.000,,,,,NVIDIA A100-SXM4-40GB MIG 4g.20gb (0),1,,13,cupy_copy__float32_float32
3795353897,4256,223408,103,1,1,128,1,1,16,0.000,0.000,,,,,NVIDIA A100-SXM4-40GB MIG 4g.20gb (0),1,,13,cupy_copy__complex64_complex64
3795360041,12128,223418,1434,1,1,128,1,1,16,0.000,0.000,,,,,NVIDIA A100-SXM4-40GB MIG 4g.20gb (0),1,,13,cupy_copy__complex64_complex64
3795375337,87134,223423,1,1,1,32,32,1,30,0.000,0.000,,,,,NVIDIA A100-SXM4-40GB MIG 4g.20gb (0),1,,13,"void convert_kernel<__half2, float2>(tensor_layout_any, T1 *, tensor_layout_any, const T2 *)"
3795489831,5888,223426,,,,,,,,,,0.094,15912.954,Pinned,Device,NVIDIA A100-SXM4-40GB MIG 4g.20gb (0),1,,13,[CUDA memcpy Host-to-Device]
3795499367,596569,223427,,,,,,,,,,456.561,765196.973,Device,,NVIDIA A100-SXM4-40GB MIG 4g.20gb (0),1,,13,[CUDA memset]
3796104000,148190,223432,,,,,,,,,,1.235,8333.402,Pinned,Device,NVIDIA A100-SXM4-40GB MIG 4g.20gb (0),1,,13,[CUDA memcpy Host-to-Device]
3796267262,39967,223433,,,,,,,,,,0.197,4919.132,Pinned,Device,NVIDIA A100-SXM4-40GB MIG 4g.20gb (0),1,,13,[CUDA memcpy Host-to-Device]
3796329533,8160,223434,69,4,1,48,1,1,76,0.002,0.000,,,,,NVIDIA A100-SXM4-40GB MIG 4g.20gb (0),1,,13,"void ch_est::windowedChEstPreNoDftSOfdmKernel<float, __half, float, (unsigned int)2, (unsigned int)1, (unsigned short)4>(ch_est::puschRxChEstStatDescr_t *, ch_est::puschRxChEstDynDescr_t *)"
3796347389,6655,223435,137,2,1,24,2,1,44,0.001,0.001,,,,,NVIDIA A100-SXM4-40GB MIG 4g.20gb (0),1,,13,"void ch_est::chEstFilterNoDftSOfdmDispatchKernel<float, __half, float, (unsigned int)2>(ch_est::puschRxChEstStatDescr_t *, ch_est::puschRxChEstDynDescr_t *)"
3796366940,4768,223436,137,2,1,24,2,1,44,0.001,0.001,,,,,NVIDIA A100-SXM4-40GB MIG 4g.20gb (0),1,,13,"void ch_est::chEstFilterNoDftSOfdmDispatchKernel<float, __half, float, (unsigned int)2>(ch_est::puschRxChEstStatDescr_t *, ch_est::puschRxChEstDynDescr_t *)"
3796383900,2688,223447,103,1,1,128,1,1,16,0.000,0.000,,,,,NVIDIA A100-SXM4-40GB MIG 4g.20gb (0),1,,13,cupy_copy__complex64_complex64
3796400956,12288,223457,1434,1,1,128,1,1,16,0.000,0.000,,,,,NVIDIA A100-SXM4-40GB MIG 4g.20gb (0),1,,13,cupy_copy__complex64_complex64
3796423132,2528,223464,103,1,1,128,1,1,16,0.000,0.000,,,,,NVIDIA A100-SXM4-40GB MIG 4g.20gb (0),1,,13,cupy_copy__complex64_complex64
3796445499,91199,223471,1,1,1,32,32,1,30,0.000,0.000,,,,,NVIDIA A100-SXM4-40GB MIG 4g.20gb (0),1,,13,"void convert_kernel<__half2, float2>(tensor_layout_any, T1 *, tensor_layout_any, const T2 *)"
3796574874,16512,223474,,,,,,,,,,0.094,5674.417,Pinned,Device,NVIDIA A100-SXM4-40GB MIG 4g.20gb (0),1,,13,[CUDA memcpy Host-to-Device]
3796621785,47168,223475,,,,,,,,,,35.810,759170.304,Device,,NVIDIA A100-SXM4-40GB MIG 4g.20gb (0),1,,13,[CUDA memset]
3796671065,14399,223477,,,,,,,,,,0.000,5.556,Pinned,Device,NVIDIA A100-SXM4-40GB MIG 4g.20gb (0),1,,13,[CUDA memcpy Host-to-Device]
3796695448,34016,223478,,,,,,,,,,0.197,5779.685,Pinned,Device,NVIDIA A100-SXM4-40GB MIG 4g.20gb (0),1,,13,[CUDA memcpy Host-to-Device]
3796759863,9568,223479,273,1,1,48,1,1,40,0.000,0.001,,,,,NVIDIA A100-SXM4-40GB MIG 4g.20gb (0),1,,13,"void pusch_noise_intf_est::noiseIntfEstNoDftSOfdmKernel<float, __half, float, float, (unsigned int)2, (unsigned int)1, (unsigned char)4, (unsigned char)4>(pusch_noise_intf_est::puschRxNoiseIntfEstDynDescr)"
3796775159,2784,223490,35,1,1,128,1,1,16,0.000,0.000,,,,,NVIDIA A100-SXM4-40GB MIG 4g.20gb (0),1,,13,cupy_copy__complex64_complex64
3796790583,1664,223499,1,1,1,1,1,1,18,0.000,0.000,,,,,NVIDIA A100-SXM4-40GB MIG 4g.20gb (0),1,,13,cupy_copy__float32_float32
3796798583,6144,223505,,,,,,,,,,0.000,0.651,Device,Pageable,NVIDIA A100-SXM4-40GB MIG 4g.20gb (0),1,,7,[CUDA memcpy Device-to-Host]
3796879510,12864,223516,1434,1,1,128,1,1,16,0.000,0.000,,,,,NVIDIA A100-SXM4-40GB MIG 4g.20gb (0),1,,13,cupy_copy__complex64_complex64
3796907158,3008,223523,103,1,1,128,1,1,16,0.000,0.000,,,,,NVIDIA A100-SXM4-40GB MIG 4g.20gb (0),1,,13,cupy_copy__complex64_complex64
3796923957,2464,223530,35,1,1,128,1,1,16,0.000,0.000,,,,,NVIDIA A100-SXM4-40GB MIG 4g.20gb (0),1,,13,cupy_copy__complex64_complex64
3796941589,1920,223537,1,1,1,1,1,1,18,0.000,0.000,,,,,NVIDIA A100-SXM4-40GB MIG 4g.20gb (0),1,,13,cupy_copy__float32_float32
3797073108,87902,223548,1,1,1,32,32,1,30,0.000,0.000,,,,,NVIDIA A100-SXM4-40GB MIG 4g.20gb (0),1,,13,"void convert_kernel<__half2, float2>(tensor_layout_any, T1 *, tensor_layout_any, const T2 *)"
3797188242,5504,223551,,,,,,,,,,0.094,17023.251,Pinned,Device,NVIDIA A100-SXM4-40GB MIG 4g.20gb (0),1,,13,[CUDA memcpy Host-to-Device]
3797203826,3072,223552,,,,,,,,,,1.547,503457.044,Device,,NVIDIA A100-SXM4-40GB MIG 4g.20gb (0),1,,13,[CUDA memset]
3797209458,3424,223557,,,,,,,,,,0.031,9140.185,Pinned,Device,NVIDIA A100-SXM4-40GB MIG 4g.20gb (0),1,,13,[CUDA memcpy Host-to-Device]
3797215282,9568,223558,,,,,,,,,,0.197,20548.485,Pinned,Device,NVIDIA A100-SXM4-40GB MIG 4g.20gb (0),1,,13,[CUDA memcpy Host-to-Device]
3797232466,8320,223559,273,1,1,8,4,1,39,0.002,0.000,,,,,NVIDIA A100-SXM4-40GB MIG 4g.20gb (0),1,,13,"void channel_eq::eqMmseCoefCompLowMimoKernel<float, float, float, (unsigned int)4, (unsigned int)1, (unsigned int)4>(const channel_eq::_puschRxChEqStatDescr *, channel_eq::_puschRxChEqCoefCompDynDescr)"
3797241809,5440,223560,273,1,1,12,11,1,51,0.002,0.000,,,,,NVIDIA A100-SXM4-40GB MIG 4g.20gb (0),1,,13,"void channel_eq::eqMmseSoftDemapKernel<float, __half, __half, float, (unsigned int)4, (unsigned short)16383>(channel_eq::_puschRxChEqStatDescr *, channel_eq::_puschRxChEqSoftDemapDynDescr)"
3797248305,294685,223561,1,1,1,32,32,1,30,0.000,0.000,,,,,NVIDIA A100-SXM4-40GB MIG 4g.20gb (0),1,,13,"void convert_kernel<float2, __half2>(tensor_layout_any, T1 *, tensor_layout_any, const T2 *)"
3797546190,10880,223573,2253,1,1,128,1,1,16,0.000,0.000,,,,,NVIDIA A100-SXM4-40GB MIG 4g.20gb (0),1,,13,cupy_copy__float16_float16
3797561838,2848,223582,282,1,1,128,1,1,16,0.000,0.000,,,,,NVIDIA A100-SXM4-40GB MIG 4g.20gb (0),1,,13,cupy_copy__complex64_complex64
3797567597,2144,223591,26,1,1,128,1,1,16,0.000,0.000,,,,,NVIDIA A100-SXM4-40GB MIG 4g.20gb (0),1,,13,cupy_copy__float32_float32
3797573357,3168,223600,103,1,1,128,1,1,16,0.000,0.000,,,,,NVIDIA A100-SXM4-40GB MIG 4g.20gb (0),1,,13,cupy_copy__complex64_complex64
3797579021,12000,223610,1434,1,1,128,1,1,16,0.000,0.000,,,,,NVIDIA A100-SXM4-40GB MIG 4g.20gb (0),1,,13,cupy_copy__complex64_complex64
3797595789,87263,223615,1,1,1,32,32,1,30,0.000,0.000,,,,,NVIDIA A100-SXM4-40GB MIG 4g.20gb (0),1,,13,"void convert_kernel<__half2, float2>(tensor_layout_any, T1 *, tensor_layout_any, const T2 *)"
3797710732,5376,223618,,,,,,,,,,0.094,17428.487,Pinned,Device,NVIDIA A100-SXM4-40GB MIG 4g.20gb (0),1,,13,[CUDA memcpy Host-to-Device]
3797720172,596856,223619,,,,,,,,,,456.561,764740.412,Device,,NVIDIA A100-SXM4-40GB MIG 4g.20gb (0),1,,13,[CUDA memset]
3798321956,145918,223624,,,,,,,,,,1.235,8463.071,Pinned,Device,NVIDIA A100-SXM4-40GB MIG 4g.20gb (0),1,,13,[CUDA memcpy Host-to-Device]
3798481090,43328,223625,,,,,,,,,,0.197,4537.516,Pinned,Device,NVIDIA A100-SXM4-40GB MIG 4g.20gb (0),1,,13,[CUDA memcpy Host-to-Device]
3798548353,8480,223626,69,4,1,48,1,1,76,0.002,0.000,,,,,NVIDIA A100-SXM4-40GB MIG 4g.20gb (0),1,,13,"void ch_est::windowedChEstPreNoDftSOfdmKernel<float, __half, float, (unsigned int)2, (unsigned int)1, (unsigned short)4>(ch_est::puschRxChEstStatDescr_t *, ch_est::puschRxChEstDynDescr_t *)"
3798566337,7072,223627,137,2,1,24,2,1,44,0.001,0.001,,,,,NVIDIA A100-SXM4-40GB MIG 4g.20gb (0),1,,13,"void ch_est::chEstFilterNoDftSOfdmDispatchKernel<float, __half, float, (unsigned int)2>(ch_est::puschRxChEstStatDescr_t *, ch_est::puschRxChEstDynDescr_t *)"
3798583521,4704,223628,137,2,1,24,2,1,44,0.001,0.001,,,,,NVIDIA A100-SXM4-40GB MIG 4g.20gb (0),1,,13,"void ch_est::chEstFilterNoDftSOfdmDispatchKernel<float, __half, float, (unsigned int)2>(ch_est::puschRxChEstStatDescr_t *, ch_est::puschRxChEstDynDescr_t *)"
3798600353,2752,223639,103,1,1,128,1,1,16,0.000,0.000,,,,,NVIDIA A100-SXM4-40GB MIG 4g.20gb (0),1,,13,cupy_copy__complex64_complex64
3798617568,12640,223649,1434,1,1,128,1,1,16,0.000,0.000,,,,,NVIDIA A100-SXM4-40GB MIG 4g.20gb (0),1,,13,cupy_copy__complex64_complex64
3798640192,2560,223656,103,1,1,128,1,1,16,0.000,0.000,,,,,NVIDIA A100-SXM4-40GB MIG 4g.20gb (0),1,,13,cupy_copy__complex64_complex64
3798662560,82143,223663,1,1,1,32,32,1,30,0.000,0.000,,,,,NVIDIA A100-SXM4-40GB MIG 4g.20gb (0),1,,13,"void convert_kernel<__half2, float2>(tensor_layout_any, T1 *, tensor_layout_any, const T2 *)"
3798780158,24064,223666,,,,,,,,,,0.094,3893.537,Pinned,Device,NVIDIA A100-SXM4-40GB MIG 4g.20gb (0),1,,13,[CUDA memcpy Host-to-Device]
3798821982,47583,223667,,,,,,,,,,35.810,752545.469,Device,,NVIDIA A100-SXM4-40GB MIG 4g.20gb (0),1,,13,[CUDA memset]
3798876253,15136,223669,,,,,,,,,,0.000,5.285,Pinned,Device,NVIDIA A100-SXM4-40GB MIG 4g.20gb (0),1,,13,[CUDA memcpy Host-to-Device]
3798904221,25376,223670,,,,,,,,,,0.197,7747.731,Pinned,Device,NVIDIA A100-SXM4-40GB MIG 4g.20gb (0),1,,13,[CUDA memcpy Host-to-Device]
3798947068,9408,223671,273,1,1,48,1,1,40,0.000,0.001,,,,,NVIDIA A100-SXM4-40GB MIG 4g.20gb (0),1,,13,"void pusch_noise_intf_est::noiseIntfEstNoDftSOfdmKernel<float, __half, float, float, (unsigned int)2, (unsigned int)1, (unsigned char)4, (unsigned char)4>(pusch_noise_intf_est::puschRxNoiseIntfEstDynDescr)"
3798963740,2816,223682,35,1,1,128,1,1,16,0.000,0.000,,,,,NVIDIA A100-SXM4-40GB MIG 4g.20gb (0),1,,13,cupy_copy__complex64_complex64
3798980476,1696,223691,1,1,1,1,1,1,18,0.000,0.000,,,,,NVIDIA A100-SXM4-40GB MIG 4g.20gb (0),1,,13,cupy_copy__float32_float32
3798986844,5312,223697,,,,,,,,,,0.000,0.753,Device,Pageable,NVIDIA A100-SXM4-40GB MIG 4g.20gb (0),1,,7,[CUDA memcpy Device-to-Host]
3799086267,13024,223708,1434,1,1,128,1,1,16,0.000,0.000,,,,,NVIDIA A100-SXM4-40GB MIG 4g.20gb (0),1,,13,cupy_copy__complex64_complex64
3799108986,3040,223715,103,1,1,128,1,1,16,0.000,0.000,,,,,NVIDIA A100-SXM4-40GB MIG 4g.20gb (0),1,,13,cupy_copy__complex64_complex64
3799128282,2560,223722,35,1,1,128,1,1,16,0.000,0.000,,,,,NVIDIA A100-SXM4-40GB MIG 4g.20gb (0),1,,13,cupy_copy__complex64_complex64
3799150106,1792,223729,1,1,1,1,1,1,18,0.000,0.000,,,,,NVIDIA A100-SXM4-40GB MIG 4g.20gb (0),1,,13,cupy_copy__float32_float32
3799286200,89919,223740,1,1,1,32,32,1,30,0.000,0.000,,,,,NVIDIA A100-SXM4-40GB MIG 4g.20gb (0),1,,13,"void convert_kernel<__half2, float2>(tensor_layout_any, T1 *, tensor_layout_any, const T2 *)"
3799406039,13024,223743,,,,,,,,,,0.094,7194.073,Pinned,Device,NVIDIA A100-SXM4-40GB MIG 4g.20gb (0),1,,13,[CUDA memcpy Host-to-Device]
3799428854,3488,223744,,,,,,,,,,1.547,443412.461,Device,,NVIDIA A100-SXM4-40GB MIG 4g.20gb (0),1,,13,[CUDA memset]
3799435030,5728,223749,,,,,,,,,,0.031,5463.687,Pinned,Device,NVIDIA A100-SXM4-40GB MIG 4g.20gb (0),1,,13,[CUDA memcpy Host-to-Device]
3799443990,11488,223750,,,,,,,,,,0.197,17114.137,Pinned,Device,NVIDIA A100-SXM4-40GB MIG 4g.20gb (0),1,,13,[CUDA memcpy Host-to-Device]
3799460758,6400,223751,273,1,1,8,4,1,39,0.002,0.000,,,,,NVIDIA A100-SXM4-40GB MIG 4g.20gb (0),1,,13,"void channel_eq::eqMmseCoefCompLowMimoKernel<float, float, float, (unsigned int)4, (unsigned int)1, (unsigned int)4>(const channel_eq::_puschRxChEqStatDescr *, channel_eq::_puschRxChEqCoefCompDynDescr)"
3799468758,8448,223752,273,1,1,12,11,1,51,0.002,0.000,,,,,NVIDIA A100-SXM4-40GB MIG 4g.20gb (0),1,,13,"void channel_eq::eqMmseSoftDemapKernel<float, __half, __half, float, (unsigned int)4, (unsigned short)16383>(channel_eq::_puschRxChEqStatDescr *, channel_eq::_puschRxChEqSoftDemapDynDescr)"
3799480982,282780,223753,1,1,1,32,32,1,30,0.000,0.000,,,,,NVIDIA A100-SXM4-40GB MIG 4g.20gb (0),1,,13,"void convert_kernel<float2, __half2>(tensor_layout_any, T1 *, tensor_layout_any, const T2 *)"
3799764914,10976,223765,2253,1,1,128,1,1,16,0.000,0.000,,,,,NVIDIA A100-SXM4-40GB MIG 4g.20gb (0),1,,13,cupy_copy__float16_float16
3799779410,3424,223774,282,1,1,128,1,1,16,0.000,0.000,,,,,NVIDIA A100-SXM4-40GB MIG 4g.20gb (0),1,,13,cupy_copy__complex64_complex64
3799784978,2304,223783,26,1,1,128,1,1,16,0.000,0.000,,,,,NVIDIA A100-SXM4-40GB MIG 4g.20gb (0),1,,13,cupy_copy__float32_float32
3799788338,3456,223792,103,1,1,128,1,1,16,0.000,0.000,,,,,NVIDIA A100-SXM4-40GB MIG 4g.20gb (0),1,,13,cupy_copy__complex64_complex64
3799793522,12256,223802,1434,1,1,128,1,1,16,0.000,0.000,,,,,NVIDIA A100-SXM4-40GB MIG 4g.20gb (0),1,,13,cupy_copy__complex64_complex64
3799809554,86815,223807,1,1,1,32,32,1,30,0.000,0.000,,,,,NVIDIA A100-SXM4-40GB MIG 4g.20gb (0),1,,13,"void convert_kernel<__half2, float2>(tensor_layout_any, T1 *, tensor_layout_any, const T2 *)"
3799923792,5728,223810,,,,,,,,,,0.094,16357.541,Pinned,Device,NVIDIA A100-SXM4-40GB MIG 4g.20gb (0),1,,13,[CUDA memcpy Host-to-Device]
3799933488,597497,223811,,,,,,,,,,456.561,763827.289,Device,,NVIDIA A100-SXM4-40GB MIG 4g.20gb (0),1,,13,[CUDA memset]
3800534089,145214,223816,,,,,,,,,,1.235,8503.824,Pinned,Device,NVIDIA A100-SXM4-40GB MIG 4g.20gb (0),1,,13,[CUDA memcpy Host-to-Device]
3800692391,40415,223817,,,,,,,,,,0.197,4864.672,Pinned,Device,NVIDIA A100-SXM4-40GB MIG 4g.20gb (0),1,,13,[CUDA memcpy Host-to-Device]
3800754118,8256,223818,69,4,1,48,1,1,76,0.002,0.000,,,,,NVIDIA A100-SXM4-40GB MIG 4g.20gb (0),1,,13,"void ch_est::windowedChEstPreNoDftSOfdmKernel<float, __half, float, (unsigned int)2, (unsigned int)1, (unsigned short)4>(ch_est::puschRxChEstStatDescr_t *, ch_est::puschRxChEstDynDescr_t *)"
3800772070,6720,223819,137,2,1,24,2,1,44,0.001,0.001,,,,,NVIDIA A100-SXM4-40GB MIG 4g.20gb (0),1,,13,"void ch_est::chEstFilterNoDftSOfdmDispatchKernel<float, __half, float, (unsigned int)2>(ch_est::puschRxChEstStatDescr_t *, ch_est::puschRxChEstDynDescr_t *)"
3800788262,4928,223820,137,2,1,24,2,1,44,0.001,0.001,,,,,NVIDIA A100-SXM4-40GB MIG 4g.20gb (0),1,,13,"void ch_est::chEstFilterNoDftSOfdmDispatchKernel<float, __half, float, (unsigned int)2>(ch_est::puschRxChEstStatDescr_t *, ch_est::puschRxChEstDynDescr_t *)"
3800802565,2528,223831,103,1,1,128,1,1,16,0.000,0.000,,,,,NVIDIA A100-SXM4-40GB MIG 4g.20gb (0),1,,13,cupy_copy__complex64_complex64
3800817765,12832,223841,1434,1,1,128,1,1,16,0.000,0.000,,,,,NVIDIA A100-SXM4-40GB MIG 4g.20gb (0),1,,13,cupy_copy__complex64_complex64
3800840069,2624,223848,103,1,1,128,1,1,16,0.000,0.000,,,,,NVIDIA A100-SXM4-40GB MIG 4g.20gb (0),1,,13,cupy_copy__complex64_complex64
3800852069,85631,223855,1,1,1,32,32,1,30,0.000,0.000,,,,,NVIDIA A100-SXM4-40GB MIG 4g.20gb (0),1,,13,"void convert_kernel<__half2, float2>(tensor_layout_any, T1 *, tensor_layout_any, const T2 *)"
3800965603,6048,223858,,,,,,,,,,0.094,15491.978,Pinned,Device,NVIDIA A100-SXM4-40GB MIG 4g.20gb (0),1,,13,[CUDA memcpy Host-to-Device]
3800979779,46816,223859,,,,,,,,,,35.810,764899.891,Device,,NVIDIA A100-SXM4-40GB MIG 4g.20gb (0),1,,13,[CUDA memset]
3801033475,4512,223861,,,,,,,,,,0.000,17.730,Pinned,Device,NVIDIA A100-SXM4-40GB MIG 4g.20gb (0),1,,13,[CUDA memcpy Host-to-Device]
3801042595,13631,223862,,,,,,,,,,0.197,14423.556,Pinned,Device,NVIDIA A100-SXM4-40GB MIG 4g.20gb (0),1,,13,[CUDA memcpy Host-to-Device]
3801069090,10688,223863,273,1,1,48,1,1,40,0.000,0.001,,,,,NVIDIA A100-SXM4-40GB MIG 4g.20gb (0),1,,13,"void pusch_noise_intf_est::noiseIntfEstNoDftSOfdmKernel<float, __half, float, float, (unsigned int)2, (unsigned int)1, (unsigned char)4, (unsigned char)4>(pusch_noise_intf_est::puschRxNoiseIntfEstDynDescr)"
3801083042,3264,223874,35,1,1,128,1,1,16,0.000,0.000,,,,,NVIDIA A100-SXM4-40GB MIG 4g.20gb (0),1,,13,cupy_copy__complex64_complex64
3801089922,2080,223883,1,1,1,1,1,1,18,0.000,0.000,,,,,NVIDIA A100-SXM4-40GB MIG 4g.20gb (0),1,,13,cupy_copy__float32_float32
3801122754,1599,223889,,,,,,,,,,0.000,2.502,Device,Pageable,NVIDIA A100-SXM4-40GB MIG 4g.20gb (0),1,,7,[CUDA memcpy Device-to-Host]
3801182593,12768,223900,1434,1,1,128,1,1,16,0.000,0.000,,,,,NVIDIA A100-SXM4-40GB MIG 4g.20gb (0),1,,13,cupy_copy__complex64_complex64
3801209376,3072,223907,103,1,1,128,1,1,16,0.000,0.000,,,,,NVIDIA A100-SXM4-40GB MIG 4g.20gb (0),1,,13,cupy_copy__complex64_complex64
3801229952,2176,223914,35,1,1,128,1,1,16,0.000,0.000,,,,,NVIDIA A100-SXM4-40GB MIG 4g.20gb (0),1,,13,cupy_copy__complex64_complex64
3801249696,1984,223921,1,1,1,1,1,1,18,0.000,0.000,,,,,NVIDIA A100-SXM4-40GB MIG 4g.20gb (0),1,,13,cupy_copy__float32_float32
3801379934,82271,223932,1,1,1,32,32,1,30,0.000,0.000,,,,,NVIDIA A100-SXM4-40GB MIG 4g.20gb (0),1,,13,"void convert_kernel<__half2, float2>(tensor_layout_any, T1 *, tensor_layout_any, const T2 *)"
3801490749,5408,223935,,,,,,,,,,0.094,17325.421,Pinned,Device,NVIDIA A100-SXM4-40GB MIG 4g.20gb (0),1,,13,[CUDA memcpy Host-to-Device]
3801506141,3072,223936,,,,,,,,,,1.547,503457.044,Device,,NVIDIA A100-SXM4-40GB MIG 4g.20gb (0),1,,13,[CUDA memset]
3801512061,3168,223941,,,,,,,,,,0.031,9878.770,Pinned,Device,NVIDIA A100-SXM4-40GB MIG 4g.20gb (0),1,,13,[CUDA memcpy Host-to-Device]
3801517309,9696,223942,,,,,,,,,,0.197,20277.166,Pinned,Device,NVIDIA A100-SXM4-40GB MIG 4g.20gb (0),1,,13,[CUDA memcpy Host-to-Device]
3801532476,6272,223943,273,1,1,8,4,1,39,0.002,0.000,,,,,NVIDIA A100-SXM4-40GB MIG 4g.20gb (0),1,,13,"void channel_eq::eqMmseCoefCompLowMimoKernel<float, float, float, (unsigned int)4, (unsigned int)1, (unsigned int)4>(const channel_eq::_puschRxChEqStatDescr *, channel_eq::_puschRxChEqCoefCompDynDescr)"
3801539836,6144,223944,273,1,1,12,11,1,51,0.002,0.000,,,,,NVIDIA A100-SXM4-40GB MIG 4g.20gb (0),1,,13,"void channel_eq::eqMmseSoftDemapKernel<float, __half, __half, float, (unsigned int)4, (unsigned short)16383>(channel_eq::_puschRxChEqStatDescr *, channel_eq::_puschRxChEqSoftDemapDynDescr)"
3801546940,282365,223945,1,1,1,32,32,1,30,0.000,0.000,,,,,NVIDIA A100-SXM4-40GB MIG 4g.20gb (0),1,,13,"void convert_kernel<float2, __half2>(tensor_layout_any, T1 *, tensor_layout_any, const T2 *)"
3801830361,11072,223957,2253,1,1,128,1,1,16,0.000,0.000,,,,,NVIDIA A100-SXM4-40GB MIG 4g.20gb (0),1,,13,cupy_copy__float16_float16
3801844697,3712,223966,282,1,1,128,1,1,16,0.000,0.000,,,,,NVIDIA A100-SXM4-40GB MIG 4g.20gb (0),1,,13,cupy_copy__complex64_complex64
3801851449,2303,223975,26,1,1,128,1,1,16,0.000,0.000,,,,,NVIDIA A100-SXM4-40GB MIG 4g.20gb (0),1,,13,cupy_copy__float32_float32
3801855256,2816,223984,103,1,1,128,1,1,16,0.000,0.000,,,,,NVIDIA A100-SXM4-40GB MIG 4g.20gb (0),1,,13,cupy_copy__complex64_complex64
3801861368,12128,223994,1434,1,1,128,1,1,16,0.000,0.000,,,,,NVIDIA A100-SXM4-40GB MIG 4g.20gb (0),1,,13,cupy_copy__complex64_complex64
3801880696,87711,223999,1,1,1,32,32,1,30,0.000,0.000,,,,,NVIDIA A100-SXM4-40GB MIG 4g.20gb (0),1,,13,"void convert_kernel<__half2, float2>(tensor_layout_any, T1 *, tensor_layout_any, const T2 *)"
3801995415,5664,224002,,,,,,,,,,0.094,16542.310,Pinned,Device,NVIDIA A100-SXM4-40GB MIG 4g.20gb (0),1,,13,[CUDA memcpy Host-to-Device]
3802006391,597976,224003,,,,,,,,,,456.561,763370.728,Device,,NVIDIA A100-SXM4-40GB MIG 4g.20gb (0),1,,13,[CUDA memset]
3802610735,146334,224008,,,,,,,,,,1.235,8438.372,Pinned,Device,NVIDIA A100-SXM4-40GB MIG 4g.20gb (0),1,,13,[CUDA memcpy Host-to-Device]
3802769837,39968,224009,,,,,,,,,,0.197,4919.132,Pinned,Device,NVIDIA A100-SXM4-40GB MIG 4g.20gb (0),1,,13,[CUDA memcpy Host-to-Device]
3802840396,8256,224010,69,4,1,48,1,1,76,0.002,0.000,,,,,NVIDIA A100-SXM4-40GB MIG 4g.20gb (0),1,,13,"void ch_est::windowedChEstPreNoDftSOfdmKernel<float, __half, float, (unsigned int)2, (unsigned int)1, (unsigned short)4>(ch_est::puschRxChEstStatDescr_t *, ch_est::puschRxChEstDynDescr_t *)"
3802860204,6464,224011,137,2,1,24,2,1,44,0.001,0.001,,,,,NVIDIA A100-SXM4-40GB MIG 4g.20gb (0),1,,13,"void ch_est::chEstFilterNoDftSOfdmDispatchKernel<float, __half, float, (unsigned int)2>(ch_est::puschRxChEstStatDescr_t *, ch_est::puschRxChEstDynDescr_t *)"
3802877260,4800,224012,137,2,1,24,2,1,44,0.001,0.001,,,,,NVIDIA A100-SXM4-40GB MIG 4g.20gb (0),1,,13,"void ch_est::chEstFilterNoDftSOfdmDispatchKernel<float, __half, float, (unsigned int)2>(ch_est::puschRxChEstStatDescr_t *, ch_est::puschRxChEstDynDescr_t *)"
3802894540,2688,224023,103,1,1,128,1,1,16,0.000,0.000,,,,,NVIDIA A100-SXM4-40GB MIG 4g.20gb (0),1,,13,cupy_copy__complex64_complex64
3802911307,12512,224033,1434,1,1,128,1,1,16,0.000,0.000,,,,,NVIDIA A100-SXM4-40GB MIG 4g.20gb (0),1,,13,cupy_copy__complex64_complex64
3802932843,2912,224040,103,1,1,128,1,1,16,0.000,0.000,,,,,NVIDIA A100-SXM4-40GB MIG 4g.20gb (0),1,,13,cupy_copy__complex64_complex64
3802958283,89791,224047,1,1,1,32,32,1,30,0.000,0.000,,,,,NVIDIA A100-SXM4-40GB MIG 4g.20gb (0),1,,13,"void convert_kernel<__half2, float2>(tensor_layout_any, T1 *, tensor_layout_any, const T2 *)"
3803080617,19072,224050,,,,,,,,,,0.094,4912.669,Pinned,Device,NVIDIA A100-SXM4-40GB MIG 4g.20gb (0),1,,13,[CUDA memcpy Host-to-Device]
3803108553,47103,224051,,,,,,,,,,35.810,760244.602,Device,,NVIDIA A100-SXM4-40GB MIG 4g.20gb (0),1,,13,[CUDA memset]
3803158632,9472,224053,,,,,,,,,,0.000,8.446,Pinned,Device,NVIDIA A100-SXM4-40GB MIG 4g.20gb (0),1,,13,[CUDA memcpy Host-to-Device]
3803175432,13344,224054,,,,,,,,,,0.197,14733.804,Pinned,Device,NVIDIA A100-SXM4-40GB MIG 4g.20gb (0),1,,13,[CUDA memcpy Host-to-Device]
3803196392,9888,224055,273,1,1,48,1,1,40,0.000,0.001,,,,,NVIDIA A100-SXM4-40GB MIG 4g.20gb (0),1,,13,"void pusch_noise_intf_est::noiseIntfEstNoDftSOfdmKernel<float, __half, float, float, (unsigned int)2, (unsigned int)1, (unsigned char)4, (unsigned char)4>(pusch_noise_intf_est::puschRxNoiseIntfEstDynDescr)"
3803212424,3328,224066,35,1,1,128,1,1,16,0.000,0.000,,,,,NVIDIA A100-SXM4-40GB MIG 4g.20gb (0),1,,13,cupy_copy__complex64_complex64
3803220360,1856,224075,1,1,1,1,1,1,18,0.000,0.000,,,,,NVIDIA A100-SXM4-40GB MIG 4g.20gb (0),1,,13,cupy_copy__float32_float32
3803232359,5856,224081,,,,,,,,,,0.000,0.683,Device,Pageable,NVIDIA A100-SXM4-40GB MIG 4g.20gb (0),1,,7,[CUDA memcpy Device-to-Host]
3803304167,12991,224092,1434,1,1,128,1,1,16,0.000,0.000,,,,,NVIDIA A100-SXM4-40GB MIG 4g.20gb (0),1,,13,cupy_copy__complex64_complex64
3803329446,2880,224099,103,1,1,128,1,1,16,0.000,0.000,,,,,NVIDIA A100-SXM4-40GB MIG 4g.20gb (0),1,,13,cupy_copy__complex64_complex64
3803348038,2368,224106,35,1,1,128,1,1,16,0.000,0.000,,,,,NVIDIA A100-SXM4-40GB MIG 4g.20gb (0),1,,13,cupy_copy__complex64_complex64
3803365126,1984,224113,1,1,1,1,1,1,18,0.000,0.000,,,,,NVIDIA A100-SXM4-40GB MIG 4g.20gb (0),1,,13,cupy_copy__float32_float32
3803498020,82847,224124,1,1,1,32,32,1,30,0.000,0.000,,,,,NVIDIA A100-SXM4-40GB MIG 4g.20gb (0),1,,13,"void convert_kernel<__half2, float2>(tensor_layout_any, T1 *, tensor_layout_any, const T2 *)"
3803608483,5920,224127,,,,,,,,,,0.094,15826.941,Pinned,Device,NVIDIA A100-SXM4-40GB MIG 4g.20gb (0),1,,13,[CUDA memcpy Host-to-Device]
3803624899,3360,224128,,,,,,,,,,1.547,460304.688,Device,,NVIDIA A100-SXM4-40GB MIG 4g.20gb (0),1,,13,[CUDA memset]
3803630819,3487,224133,,,,,,,,,,0.031,8975.036,Pinned,Device,NVIDIA A100-SXM4-40GB MIG 4g.20gb (0),1,,13,[CUDA memcpy Host-to-Device]
3803637154,10496,224134,,,,,,,,,,0.197,18731.631,Pinned,Device,NVIDIA A100-SXM4-40GB MIG 4g.20gb (0),1,,13,[CUDA memcpy Host-to-Device]
3803652738,6688,224135,273,1,1,8,4,1,39,0.002,0.000,,,,,NVIDIA A100-SXM4-40GB MIG 4g.20gb (0),1,,13,"void channel_eq::eqMmseCoefCompLowMimoKernel<float, float, float, (unsigned int)4, (unsigned int)1, (unsigned int)4>(const channel_eq::_puschRxChEqStatDescr *, channel_eq::_puschRxChEqCoefCompDynDescr)"
3803661602,6016,224136,273,1,1,12,11,1,51,0.002,0.000,,,,,NVIDIA A100-SXM4-40GB MIG 4g.20gb (0),1,,13,"void channel_eq::eqMmseSoftDemapKernel<float, __half, __half, float, (unsigned int)4, (unsigned short)16383>(channel_eq::_puschRxChEqStatDescr *, channel_eq::_puschRxChEqSoftDemapDynDescr)"
3803669282,290236,224137,1,1,1,32,32,1,30,0.000,0.000,,,,,NVIDIA A100-SXM4-40GB MIG 4g.20gb (0),1,,13,"void convert_kernel<float2, __half2>(tensor_layout_any, T1 *, tensor_layout_any, const T2 *)"
3803962430,10944,224149,2253,1,1,128,1,1,16,0.000,0.000,,,,,NVIDIA A100-SXM4-40GB MIG 4g.20gb (0),1,,13,cupy_copy__float16_float16
3803976798,3360,224158,282,1,1,128,1,1,16,0.000,0.000,,,,,NVIDIA A100-SXM4-40GB MIG 4g.20gb (0),1,,13,cupy_copy__complex64_complex64
3803983998,2016,224167,26,1,1,128,1,1,16,0.000,0.000,,,,,NVIDIA A100-SXM4-40GB MIG 4g.20gb (0),1,,13,cupy_copy__float32_float32
3803987102,3616,224176,103,1,1,128,1,1,16,0.000,0.000,,,,,NVIDIA A100-SXM4-40GB MIG 4g.20gb (0),1,,13,cupy_copy__complex64_complex64
3803991870,11872,224186,1434,1,1,128,1,1,16,0.000,0.000,,,,,NVIDIA A100-SXM4-40GB MIG 4g.20gb (0),1,,13,cupy_copy__complex64_complex64
3804007678,79199,224191,1,1,1,32,32,1,30,0.000,0.000,,,,,NVIDIA A100-SXM4-40GB MIG 4g.20gb (0),1,,13,"void convert_kernel<__half2, float2>(tensor_layout_any, T1 *, tensor_layout_any, const T2 *)"
3804113853,5791,224194,,,,,,,,,,0.094,16179.519,Pinned,Device,NVIDIA A100-SXM4-40GB MIG 4g.20gb (0),1,,13,[CUDA memcpy Host-to-Device]
3804124284,596217,224195,,,,,,,,,,456.561,765653.535,Device,,NVIDIA A100-SXM4-40GB MIG 4g.20gb (0),1,,13,[CUDA memset]
3804726037,117631,224200,,,,,,,,,,1.235,10498.259,Pinned,Device,NVIDIA A100-SXM4-40GB MIG 4g.20gb (0),1,,13,[CUDA memcpy Host-to-Device]
3804856499,41536,224201,,,,,,,,,,0.197,4733.338,Pinned,Device,NVIDIA A100-SXM4-40GB MIG 4g.20gb (0),1,,13,[CUDA memcpy Host-to-Device]
3804925619,8543,224202,69,4,1,48,1,1,76,0.002,0.000,,,,,NVIDIA A100-SXM4-40GB MIG 4g.20gb (0),1,,13,"void ch_est::windowedChEstPreNoDftSOfdmKernel<float, __half, float, (unsigned int)2, (unsigned int)1, (unsigned short)4>(ch_est::puschRxChEstStatDescr_t *, ch_est::puschRxChEstDynDescr_t *)"
3804945650,6784,224203,137,2,1,24,2,1,44,0.001,0.001,,,,,NVIDIA A100-SXM4-40GB MIG 4g.20gb (0),1,,13,"void ch_est::chEstFilterNoDftSOfdmDispatchKernel<float, __half, float, (unsigned int)2>(ch_est::puschRxChEstStatDescr_t *, ch_est::puschRxChEstDynDescr_t *)"
3804963538,4704,224204,137,2,1,24,2,1,44,0.001,0.001,,,,,NVIDIA A100-SXM4-40GB MIG 4g.20gb (0),1,,13,"void ch_est::chEstFilterNoDftSOfdmDispatchKernel<float, __half, float, (unsigned int)2>(ch_est::puschRxChEstStatDescr_t *, ch_est::puschRxChEstDynDescr_t *)"
3804980818,2592,224215,103,1,1,128,1,1,16,0.000,0.000,,,,,NVIDIA A100-SXM4-40GB MIG 4g.20gb (0),1,,13,cupy_copy__complex64_complex64
3804997490,12511,224225,1434,1,1,128,1,1,16,0.000,0.000,,,,,NVIDIA A100-SXM4-40GB MIG 4g.20gb (0),1,,13,cupy_copy__complex64_complex64
3805016817,2912,224232,103,1,1,128,1,1,16,0.000,0.000,,,,,NVIDIA A100-SXM4-40GB MIG 4g.20gb (0),1,,13,cupy_copy__complex64_complex64
3805043825,88703,224239,1,1,1,32,32,1,30,0.000,0.000,,,,,NVIDIA A100-SXM4-40GB MIG 4g.20gb (0),1,,13,"void convert_kernel<__half2, float2>(tensor_layout_any, T1 *, tensor_layout_any, const T2 *)"
3805164752,31583,224242,,,,,,,,,,0.094,2966.603,Pinned,Device,NVIDIA A100-SXM4-40GB MIG 4g.20gb (0),1,,13,[CUDA memcpy Host-to-Device]
3805221807,46783,224243,,,,,,,,,,35.810,765437.040,Device,,NVIDIA A100-SXM4-40GB MIG 4g.20gb (0),1,,13,[CUDA memset]
3805272206,14720,224245,,,,,,,,,,0.000,5.435,Pinned,Device,NVIDIA A100-SXM4-40GB MIG 4g.20gb (0),1,,13,[CUDA memcpy Host-to-Device]
3805297102,25728,224246,,,,,,,,,,0.197,7641.760,Pinned,Device,NVIDIA A100-SXM4-40GB MIG 4g.20gb (0),1,,13,[CUDA memcpy Host-to-Device]
3805344717,9760,224247,273,1,1,48,1,1,40,0.000,0.001,,,,,NVIDIA A100-SXM4-40GB MIG 4g.20gb (0),1,,13,"void pusch_noise_intf_est::noiseIntfEstNoDftSOfdmKernel<float, __half, float, float, (unsigned int)2, (unsigned int)1, (unsigned char)4, (unsigned char)4>(pusch_noise_intf_est::puschRxNoiseIntfEstDynDescr)"
3805361261,2560,224258,35,1,1,128,1,1,16,0.000,0.000,,,,,NVIDIA A100-SXM4-40GB MIG 4g.20gb (0),1,,13,cupy_copy__complex64_complex64
3805377869,1728,224267,1,1,1,1,1,1,18,0.000,0.000,,,,,NVIDIA A100-SXM4-40GB MIG 4g.20gb (0),1,,13,cupy_copy__float32_float32
3805385741,7584,224273,,,,,,,,,,0.000,0.527,Device,Pageable,NVIDIA A100-SXM4-40GB MIG 4g.20gb (0),1,,7,[CUDA memcpy Device-to-Host]
3805484012,12863,224284,1434,1,1,128,1,1,16,0.000,0.000,,,,,NVIDIA A100-SXM4-40GB MIG 4g.20gb (0),1,,13,cupy_copy__complex64_complex64
3805505931,3008,224291,103,1,1,128,1,1,16,0.000,0.000,,,,,NVIDIA A100-SXM4-40GB MIG 4g.20gb (0),1,,13,cupy_copy__complex64_complex64
3805526219,2560,224298,35,1,1,128,1,1,16,0.000,0.000,,,,,NVIDIA A100-SXM4-40GB MIG 4g.20gb (0),1,,13,cupy_copy__complex64_complex64
3805543595,1792,224305,1,1,1,1,1,1,18,0.000,0.000,,,,,NVIDIA A100-SXM4-40GB MIG 4g.20gb (0),1,,13,cupy_copy__float32_float32
3805667241,81759,224316,1,1,1,32,32,1,30,0.000,0.000,,,,,NVIDIA A100-SXM4-40GB MIG 4g.20gb (0),1,,13,"void convert_kernel<__half2, float2>(tensor_layout_any, T1 *, tensor_layout_any, const T2 *)"
3805777192,13056,224319,,,,,,,,,,0.094,7176.458,Pinned,Device,NVIDIA A100-SXM4-40GB MIG 4g.20gb (0),1,,13,[CUDA memcpy Host-to-Device]
3805800296,3392,224320,,,,,,,,,,1.547,455961.768,Device,,NVIDIA A100-SXM4-40GB MIG 4g.20gb (0),1,,13,[CUDA memset]
3805807304,5440,224325,,,,,,,,,,0.031,5752.925,Pinned,Device,NVIDIA A100-SXM4-40GB MIG 4g.20gb (0),1,,13,[CUDA memcpy Host-to-Device]
3805815592,13439,224326,,,,,,,,,,0.197,14629.601,Pinned,Device,NVIDIA A100-SXM4-40GB MIG 4g.20gb (0),1,,13,[CUDA memcpy Host-to-Device]
3805836263,8096,224327,273,1,1,8,4,1,39,0.002,0.000,,,,,NVIDIA A100-SXM4-40GB MIG 4g.20gb (0),1,,13,"void channel_eq::eqMmseCoefCompLowMimoKernel<float, float, float, (unsigned int)4, (unsigned int)1, (unsigned int)4>(const channel_eq::_puschRxChEqStatDescr *, channel_eq::_puschRxChEqCoefCompDynDescr)"
3805845895,7936,224328,273,1,1,12,11,1,51,0.002,0.000,,,,,NVIDIA A100-SXM4-40GB MIG 4g.20gb (0),1,,13,"void channel_eq::eqMmseSoftDemapKernel<float, __half, __half, float, (unsigned int)4, (unsigned short)16383>(channel_eq::_puschRxChEqStatDescr *, channel_eq::_puschRxChEqSoftDemapDynDescr)"
3805858407,282812,224329,1,1,1,32,32,1,30,0.000,0.000,,,,,NVIDIA A100-SXM4-40GB MIG 4g.20gb (0),1,,13,"void convert_kernel<float2, __half2>(tensor_layout_any, T1 *, tensor_layout_any, const T2 *)"
3806142307,10880,224341,2253,1,1,128,1,1,16,0.000,0.000,,,,,NVIDIA A100-SXM4-40GB MIG 4g.20gb (0),1,,13,cupy_copy__float16_float16
3806157891,2816,224350,282,1,1,128,1,1,16,0.000,0.000,,,,,NVIDIA A100-SXM4-40GB MIG 4g.20gb (0),1,,13,cupy_copy__complex64_complex64
3806163875,2464,224359,26,1,1,128,1,1,16,0.000,0.000,,,,,NVIDIA A100-SXM4-40GB MIG 4g.20gb (0),1,,13,cupy_copy__float32_float32
3806167651,3872,224368,103,1,1,128,1,1,16,0.000,0.000,,,,,NVIDIA A100-SXM4-40GB MIG 4g.20gb (0),1,,13,cupy_copy__complex64_complex64
3806174435,12096,224378,1434,1,1,128,1,1,16,0.000,0.000,,,,,NVIDIA A100-SXM4-40GB MIG 4g.20gb (0),1,,13,cupy_copy__complex64_complex64
3806189027,90687,224383,1,1,1,32,32,1,30,0.000,0.000,,,,,NVIDIA A100-SXM4-40GB MIG 4g.20gb (0),1,,13,"void convert_kernel<__half2, float2>(tensor_layout_any, T1 *, tensor_layout_any, const T2 *)"
3806307041,5728,224386,,,,,,,,,,0.094,16357.541,Pinned,Device,NVIDIA A100-SXM4-40GB MIG 4g.20gb (0),1,,13,[CUDA memcpy Host-to-Device]
3806317185,597561,224387,,,,,,,,,,456.561,763827.289,Device,,NVIDIA A100-SXM4-40GB MIG 4g.20gb (0),1,,13,[CUDA memset]
3806920698,114814,224392,,,,,,,,,,1.235,10755.127,Pinned,Device,NVIDIA A100-SXM4-40GB MIG 4g.20gb (0),1,,13,[CUDA memcpy Host-to-Device]
3807042200,18112,224393,,,,,,,,,,0.197,10855.121,Pinned,Device,NVIDIA A100-SXM4-40GB MIG 4g.20gb (0),1,,13,[CUDA memcpy Host-to-Device]
3807074104,7744,224394,69,4,1,48,1,1,76,0.002,0.000,,,,,NVIDIA A100-SXM4-40GB MIG 4g.20gb (0),1,,13,"void ch_est::windowedChEstPreNoDftSOfdmKernel<float, __half, float, (unsigned int)2, (unsigned int)1, (unsigned short)4>(ch_est::puschRxChEstStatDescr_t *, ch_est::puschRxChEstDynDescr_t *)"
3807083640,6240,224395,137,2,1,24,2,1,44,0.001,0.001,,,,,NVIDIA A100-SXM4-40GB MIG 4g.20gb (0),1,,13,"void ch_est::chEstFilterNoDftSOfdmDispatchKernel<float, __half, float, (unsigned int)2>(ch_est::puschRxChEstStatDescr_t *, ch_est::puschRxChEstDynDescr_t *)"
3807091512,5984,224396,137,2,1,24,2,1,44,0.001,0.001,,,,,NVIDIA A100-SXM4-40GB MIG 4g.20gb (0),1,,13,"void ch_est::chEstFilterNoDftSOfdmDispatchKernel<float, __half, float, (unsigned int)2>(ch_est::puschRxChEstStatDescr_t *, ch_est::puschRxChEstDynDescr_t *)"
3807100120,2752,224407,103,1,1,128,1,1,16,0.000,0.000,,,,,NVIDIA A100-SXM4-40GB MIG 4g.20gb (0),1,,13,cupy_copy__complex64_complex64
3807107704,12991,224417,1434,1,1,128,1,1,16,0.000,0.000,,,,,NVIDIA A100-SXM4-40GB MIG 4g.20gb (0),1,,13,cupy_copy__complex64_complex64
3807122711,3104,224424,103,1,1,128,1,1,16,0.000,0.000,,,,,NVIDIA A100-SXM4-40GB MIG 4g.20gb (0),1,,13,cupy_copy__complex64_complex64
3807131703,87295,224431,1,1,1,32,32,1,30,0.000,0.000,,,,,NVIDIA A100-SXM4-40GB MIG 4g.20gb (0),1,,13,"void convert_kernel<__half2, float2>(tensor_layout_any, T1 *, tensor_layout_any, const T2 *)"
3807247926,5376,224434,,,,,,,,,,0.094,17428.487,Pinned,Device,NVIDIA A100-SXM4-40GB MIG 4g.20gb (0),1,,13,[CUDA memcpy Host-to-Device]
3807260214,47391,224435,,,,,,,,,,35.810,755625.122,Device,,NVIDIA A100-SXM4-40GB MIG 4g.20gb (0),1,,13,[CUDA memset]
3807315637,2688,224437,,,,,,,,,,0.000,29.762,Pinned,Device,NVIDIA A100-SXM4-40GB MIG 4g.20gb (0),1,,13,[CUDA memcpy Host-to-Device]
3807324213,12608,224438,,,,,,,,,,0.197,15593.767,Pinned,Device,NVIDIA A100-SXM4-40GB MIG 4g.20gb (0),1,,13,[CUDA memcpy Host-to-Device]
3807346421,9279,224439,273,1,1,48,1,1,40,0.000,0.001,,,,,NVIDIA A100-SXM4-40GB MIG 4g.20gb (0),1,,13,"void pusch_noise_intf_est::noiseIntfEstNoDftSOfdmKernel<float, __half, float, float, (unsigned int)2, (unsigned int)1, (unsigned char)4, (unsigned char)4>(pusch_noise_intf_est::puschRxNoiseIntfEstDynDescr)"
3807360820,3104,224450,35,1,1,128,1,1,16,0.000,0.000,,,,,NVIDIA A100-SXM4-40GB MIG 4g.20gb (0),1,,13,cupy_copy__complex64_complex64
3807372020,1888,224459,1,1,1,1,1,1,18,0.000,0.000,,,,,NVIDIA A100-SXM4-40GB MIG 4g.20gb (0),1,,13,cupy_copy__float32_float32
3807403636,1568,224465,,,,,,,,,,0.000,2.551,Device,Pageable,NVIDIA A100-SXM4-40GB MIG 4g.20gb (0),1,,7,[CUDA memcpy Device-to-Host]
3807464211,12672,224476,1434,1,1,128,1,1,16,0.000,0.000,,,,,NVIDIA A100-SXM4-40GB MIG 4g.20gb (0),1,,13,cupy_copy__complex64_complex64
3807488627,3456,224483,103,1,1,128,1,1,16,0.000,0.000,,,,,NVIDIA A100-SXM4-40GB MIG 4g.20gb (0),1,,13,cupy_copy__complex64_complex64
3807510931,2848,224490,35,1,1,128,1,1,16,0.000,0.000,,,,,NVIDIA A100-SXM4-40GB MIG 4g.20gb (0),1,,13,cupy_copy__complex64_complex64
3807527826,1760,224497,1,1,1,1,1,1,18,0.000,0.000,,,,,NVIDIA A100-SXM4-40GB MIG 4g.20gb (0),1,,13,cupy_copy__float32_float32
3807665137,81375,224508,1,1,1,32,32,1,30,0.000,0.000,,,,,NVIDIA A100-SXM4-40GB MIG 4g.20gb (0),1,,13,"void convert_kernel<__half2, float2>(tensor_layout_any, T1 *, tensor_layout_any, const T2 *)"
3807773327,5664,224511,,,,,,,,,,0.094,16542.310,Pinned,Device,NVIDIA A100-SXM4-40GB MIG 4g.20gb (0),1,,13,[CUDA memcpy Host-to-Device]
3807789231,3392,224512,,,,,,,,,,1.547,455961.768,Device,,NVIDIA A100-SXM4-40GB MIG 4g.20gb (0),1,,13,[CUDA memset]
3807794927,3328,224517,,,,,,,,,,0.031,9403.822,Pinned,Device,NVIDIA A100-SXM4-40GB MIG 4g.20gb (0),1,,13,[CUDA memcpy Host-to-Device]
3807800687,9440,224518,,,,,,,,,,0.197,20827.079,Pinned,Device,NVIDIA A100-SXM4-40GB MIG 4g.20gb (0),1,,13,[CUDA memcpy Host-to-Device]
3807815695,6368,224519,273,1,1,8,4,1,39,0.002,0.000,,,,,NVIDIA A100-SXM4-40GB MIG 4g.20gb (0),1,,13,"void channel_eq::eqMmseCoefCompLowMimoKernel<float, float, float, (unsigned int)4, (unsigned int)1, (unsigned int)4>(const channel_eq::_puschRxChEqStatDescr *, channel_eq::_puschRxChEqCoefCompDynDescr)"
3807822991,6176,224520,273,1,1,12,11,1,51,0.002,0.000,,,,,NVIDIA A100-SXM4-40GB MIG 4g.20gb (0),1,,13,"void channel_eq::eqMmseSoftDemapKernel<float, __half, __half, float, (unsigned int)4, (unsigned short)16383>(channel_eq::_puschRxChEqStatDescr *, channel_eq::_puschRxChEqSoftDemapDynDescr)"
3807830287,282300,224521,1,1,1,32,32,1,30,0.000,0.000,,,,,NVIDIA A100-SXM4-40GB MIG 4g.20gb (0),1,,13,"void convert_kernel<float2, __half2>(tensor_layout_any, T1 *, tensor_layout_any, const T2 *)"
3808115435,11008,224533,2253,1,1,128,1,1,16,0.000,0.000,,,,,NVIDIA A100-SXM4-40GB MIG 4g.20gb (0),1,,13,cupy_copy__float16_float16
3808129835,3712,224542,282,1,1,128,1,1,16,0.000,0.000,,,,,NVIDIA A100-SXM4-40GB MIG 4g.20gb (0),1,,13,cupy_copy__complex64_complex64
3808137099,2048,224551,26,1,1,128,1,1,16,0.000,0.000,,,,,NVIDIA A100-SXM4-40GB MIG 4g.20gb (0),1,,13,cupy_copy__float32_float32
3808140203,4576,224560,103,1,1,128,1,1,16,0.000,0.000,,,,,NVIDIA A100-SXM4-40GB MIG 4g.20gb (0),1,,13,cupy_copy__complex64_complex64
3808145899,12128,224570,1434,1,1,128,1,1,16,0.000,0.000,,,,,NVIDIA A100-SXM4-40GB MIG 4g.20gb (0),1,,13,cupy_copy__complex64_complex64
3808165066,87263,224575,1,1,1,32,32,1,30,0.000,0.000,,,,,NVIDIA A100-SXM4-40GB MIG 4g.20gb (0),1,,13,"void convert_kernel<__half2, float2>(tensor_layout_any, T1 *, tensor_layout_any, const T2 *)"
3808279625,6176,224578,,,,,,,,,,0.094,15170.975,Pinned,Device,NVIDIA A100-SXM4-40GB MIG 4g.20gb (0),1,,13,[CUDA memcpy Host-to-Device]
3808290633,598872,224579,,,,,,,,,,456.561,762001.043,Device,,NVIDIA A100-SXM4-40GB MIG 4g.20gb (0),1,,13,[CUDA memset]
3808895169,158814,224584,,,,,,,,,,1.235,7775.207,Pinned,Device,NVIDIA A100-SXM4-40GB MIG 4g.20gb (0),1,,13,[CUDA memcpy Host-to-Device]
3809067583,40768,224585,,,,,,,,,,0.197,4822.598,Pinned,Device,NVIDIA A100-SXM4-40GB MIG 4g.20gb (0),1,,13,[CUDA memcpy Host-to-Device]
3809136958,7936,224586,69,4,1,48,1,1,76,0.002,0.000,,,,,NVIDIA A100-SXM4-40GB MIG 4g.20gb (0),1,,13,"void ch_est::windowedChEstPreNoDftSOfdmKernel<float, __half, float, (unsigned int)2, (unsigned int)1, (unsigned short)4>(ch_est::puschRxChEstStatDescr_t *, ch_est::puschRxChEstDynDescr_t *)"
3809152158,6688,224587,137,2,1,24,2,1,44,0.001,0.001,,,,,NVIDIA A100-SXM4-40GB MIG 4g.20gb (0),1,,13,"void ch_est::chEstFilterNoDftSOfdmDispatchKernel<float, __half, float, (unsigned int)2>(ch_est::puschRxChEstStatDescr_t *, ch_est::puschRxChEstDynDescr_t *)"
3809167998,5344,224588,137,2,1,24,2,1,44,0.001,0.001,,,,,NVIDIA A100-SXM4-40GB MIG 4g.20gb (0),1,,13,"void ch_est::chEstFilterNoDftSOfdmDispatchKernel<float, __half, float, (unsigned int)2>(ch_est::puschRxChEstStatDescr_t *, ch_est::puschRxChEstDynDescr_t *)"
3809180286,2528,224599,103,1,1,128,1,1,16,0.000,0.000,,,,,NVIDIA A100-SXM4-40GB MIG 4g.20gb (0),1,,13,cupy_copy__complex64_complex64
3809197406,12736,224609,1434,1,1,128,1,1,16,0.000,0.000,,,,,NVIDIA A100-SXM4-40GB MIG 4g.20gb (0),1,,13,cupy_copy__complex64_complex64
3809217757,2560,224616,103,1,1,128,1,1,16,0.000,0.000,,,,,NVIDIA A100-SXM4-40GB MIG 4g.20gb (0),1,,13,cupy_copy__complex64_complex64
3809227645,85663,224623,1,1,1,32,32,1,30,0.000,0.000,,,,,NVIDIA A100-SXM4-40GB MIG 4g.20gb (0),1,,13,"void convert_kernel<__half2, float2>(tensor_layout_any, T1 *, tensor_layout_any, const T2 *)"
3809349916,13408,224626,,,,,,,,,,0.094,6988.035,Pinned,Device,NVIDIA A100-SXM4-40GB MIG 4g.20gb (0),1,,13,[CUDA memcpy Host-to-Device]
3809368348,47103,224627,,,,,,,,,,35.810,760244.602,Device,,NVIDIA A100-SXM4-40GB MIG 4g.20gb (0),1,,13,[CUDA memset]
3809419259,7424,224629,,,,,,,,,,0.000,10.776,Pinned,Device,NVIDIA A100-SXM4-40GB MIG 4g.20gb (0),1,,13,[CUDA memcpy Host-to-Device]
3809430299,21760,224630,,,,,,,,,,0.197,9035.121,Pinned,Device,NVIDIA A100-SXM4-40GB MIG 4g.20gb (0),1,,13,[CUDA memcpy Host-to-Device]
3809470906,9600,224631,273,1,1,48,1,1,40,0.000,0.001,,,,,NVIDIA A100-SXM4-40GB MIG 4g.20gb (0),1,,13,"void pusch_noise_intf_est::noiseIntfEstNoDftSOfdmKernel<float, __half, float, float, (unsigned int)2, (unsigned int)1, (unsigned char)4, (unsigned char)4>(pusch_noise_intf_est::puschRxNoiseIntfEstDynDescr)"
3809489658,2880,224642,35,1,1,128,1,1,16,0.000,0.000,,,,,NVIDIA A100-SXM4-40GB MIG 4g.20gb (0),1,,13,cupy_copy__complex64_complex64
3809498010,1888,224651,1,1,1,1,1,1,18,0.000,0.000,,,,,NVIDIA A100-SXM4-40GB MIG 4g.20gb (0),1,,13,cupy_copy__float32_float32
3809502842,5120,224657,,,,,,,,,,0.000,0.781,Device,Pageable,NVIDIA A100-SXM4-40GB MIG 4g.20gb (0),1,,7,[CUDA memcpy Device-to-Host]
3809570265,13056,224668,1434,1,1,128,1,1,16,0.000,0.000,,,,,NVIDIA A100-SXM4-40GB MIG 4g.20gb (0),1,,13,cupy_copy__complex64_complex64
3809596057,2592,224675,103,1,1,128,1,1,16,0.000,0.000,,,,,NVIDIA A100-SXM4-40GB MIG 4g.20gb (0),1,,13,cupy_copy__complex64_complex64
3809616569,2591,224682,35,1,1,128,1,1,16,0.000,0.000,,,,,NVIDIA A100-SXM4-40GB MIG 4g.20gb (0),1,,13,cupy_copy__complex64_complex64
3809634712,1824,224689,1,1,1,1,1,1,18,0.000,0.000,,,,,NVIDIA A100-SXM4-40GB MIG 4g.20gb (0),1,,13,cupy_copy__float32_float32
3809768279,86687,224700,1,1,1,32,32,1,30,0.000,0.000,,,,,NVIDIA A100-SXM4-40GB MIG 4g.20gb (0),1,,13,"void convert_kernel<__half2, float2>(tensor_layout_any, T1 *, tensor_layout_any, const T2 *)"
3809882901,6336,224703,,,,,,,,,,0.094,14787.852,Pinned,Device,NVIDIA A100-SXM4-40GB MIG 4g.20gb (0),1,,13,[CUDA memcpy Host-to-Device]
3809897877,3520,224704,,,,,,,,,,1.547,439380.412,Device,,NVIDIA A100-SXM4-40GB MIG 4g.20gb (0),1,,13,[CUDA memset]
3809904149,3104,224709,,,,,,,,,,0.031,10082.445,Pinned,Device,NVIDIA A100-SXM4-40GB MIG 4g.20gb (0),1,,13,[CUDA memcpy Host-to-Device]
3809910389,9600,224710,,,,,,,,,,0.197,20479.869,Pinned,Device,NVIDIA A100-SXM4-40GB MIG 4g.20gb (0),1,,13,[CUDA memcpy Host-to-Device]
3809925077,6112,224711,273,1,1,8,4,1,39,0.002,0.000,,,,,NVIDIA A100-SXM4-40GB MIG 4g.20gb (0),1,,13,"void channel_eq::eqMmseCoefCompLowMimoKernel<float, float, float, (unsigned int)4, (unsigned int)1, (unsigned int)4>(const channel_eq::_puschRxChEqStatDescr *, channel_eq::_puschRxChEqCoefCompDynDescr)"
3809934453,6176,224712,273,1,1,12,11,1,51,0.002,0.000,,,,,NVIDIA A100-SXM4-40GB MIG 4g.20gb (0),1,,13,"void channel_eq::eqMmseSoftDemapKernel<float, __half, __half, float, (unsigned int)4, (unsigned short)16383>(channel_eq::_puschRxChEqStatDescr *, channel_eq::_puschRxChEqSoftDemapDynDescr)"
3809941748,282589,224713,1,1,1,32,32,1,30,0.000,0.000,,,,,NVIDIA A100-SXM4-40GB MIG 4g.20gb (0),1,,13,"void convert_kernel<float2, __half2>(tensor_layout_any, T1 *, tensor_layout_any, const T2 *)"
3810225553,11104,224725,2253,1,1,128,1,1,16,0.000,0.000,,,,,NVIDIA A100-SXM4-40GB MIG 4g.20gb (0),1,,13,cupy_copy__float16_float16
3810238609,3232,224734,282,1,1,128,1,1,16,0.000,0.000,,,,,NVIDIA A100-SXM4-40GB MIG 4g.20gb (0),1,,13,cupy_copy__complex64_complex64
3810245297,2496,224743,26,1,1,128,1,1,16,0.000,0.000,,,,,NVIDIA A100-SXM4-40GB MIG 4g.20gb (0),1,,13,cupy_copy__float32_float32
3810253617,2784,224752,103,1,1,128,1,1,16,0.000,0.000,,,,,NVIDIA A100-SXM4-40GB MIG 4g.20gb (0),1,,13,cupy_copy__complex64_complex64
3810258001,12447,224762,1434,1,1,128,1,1,16,0.000,0.000,,,,,NVIDIA A100-SXM4-40GB MIG 4g.20gb (0),1,,13,cupy_copy__complex64_complex64
3810275856,87135,224767,1,1,1,32,32,1,30,0.000,0.000,,,,,NVIDIA A100-SXM4-40GB MIG 4g.20gb (0),1,,13,"void convert_kernel<__half2, float2>(tensor_layout_any, T1 *, tensor_layout_any, const T2 *)"
3810389807,5472,224770,,,,,,,,,,0.094,17122.757,Pinned,Device,NVIDIA A100-SXM4-40GB MIG 4g.20gb (0),1,,13,[CUDA memcpy Host-to-Device]
3810401807,597144,224771,,,,,,,,,,456.561,764283.851,Device,,NVIDIA A100-SXM4-40GB MIG 4g.20gb (0),1,,13,[CUDA memset]
3811008231,141599,224776,,,,,,,,,,1.235,8721.175,Pinned,Device,NVIDIA A100-SXM4-40GB MIG 4g.20gb (0),1,,13,[CUDA memcpy Host-to-Device]
3811165637,39936,224777,,,,,,,,,,0.197,4923.064,Pinned,Device,NVIDIA A100-SXM4-40GB MIG 4g.20gb (0),1,,13,[CUDA memcpy Host-to-Device]
3811235300,8544,224778,69,4,1,48,1,1,76,0.002,0.000,,,,,NVIDIA A100-SXM4-40GB MIG 4g.20gb (0),1,,13,"void ch_est::windowedChEstPreNoDftSOfdmKernel<float, __half, float, (unsigned int)2, (unsigned int)1, (unsigned short)4>(ch_est::puschRxChEstStatDescr_t *, ch_est::puschRxChEstDynDescr_t *)"
3811252964,6848,224779,137,2,1,24,2,1,44,0.001,0.001,,,,,NVIDIA A100-SXM4-40GB MIG 4g.20gb (0),1,,13,"void ch_est::chEstFilterNoDftSOfdmDispatchKernel<float, __half, float, (unsigned int)2>(ch_est::puschRxChEstStatDescr_t *, ch_est::puschRxChEstDynDescr_t *)"
3811270532,4864,224780,137,2,1,24,2,1,44,0.001,0.001,,,,,NVIDIA A100-SXM4-40GB MIG 4g.20gb (0),1,,13,"void ch_est::chEstFilterNoDftSOfdmDispatchKernel<float, __half, float, (unsigned int)2>(ch_est::puschRxChEstStatDescr_t *, ch_est::puschRxChEstDynDescr_t *)"
3811286532,2592,224791,103,1,1,128,1,1,16,0.000,0.000,,,,,NVIDIA A100-SXM4-40GB MIG 4g.20gb (0),1,,13,cupy_copy__complex64_complex64
3811303204,12608,224801,1434,1,1,128,1,1,16,0.000,0.000,,,,,NVIDIA A100-SXM4-40GB MIG 4g.20gb (0),1,,13,cupy_copy__complex64_complex64
3811324899,2912,224808,103,1,1,128,1,1,16,0.000,0.000,,,,,NVIDIA A100-SXM4-40GB MIG 4g.20gb (0),1,,13,cupy_copy__complex64_complex64
3811349379,86079,224815,1,1,1,32,32,1,30,0.000,0.000,,,,,NVIDIA A100-SXM4-40GB MIG 4g.20gb (0),1,,13,"void convert_kernel<__half2, float2>(tensor_layout_any, T1 *, tensor_layout_any, const T2 *)"
3811468354,21919,224818,,,,,,,,,,0.094,4274.599,Pinned,Device,NVIDIA A100-SXM4-40GB MIG 4g.20gb (0),1,,13,[CUDA memcpy Host-to-Device]
3811512801,47327,224819,,,,,,,,,,35.810,756627.800,Device,,NVIDIA A100-SXM4-40GB MIG 4g.20gb (0),1,,13,[CUDA memset]
3811565792,8160,224821,,,,,,,,,,0.000,9.804,Pinned,Device,NVIDIA A100-SXM4-40GB MIG 4g.20gb (0),1,,13,[CUDA memcpy Host-to-Device]
3811577312,18880,224822,,,,,,,,,,0.197,10413.539,Pinned,Device,NVIDIA A100-SXM4-40GB MIG 4g.20gb (0),1,,13,[CUDA memcpy Host-to-Device]
3811606528,12064,224823,273,1,1,48,1,1,40,0.000,0.001,,,,,NVIDIA A100-SXM4-40GB MIG 4g.20gb (0),1,,13,"void pusch_noise_intf_est::noiseIntfEstNoDftSOfdmKernel<float, __half, float, float, (unsigned int)2, (unsigned int)1, (unsigned char)4, (unsigned char)4>(pusch_noise_intf_est::puschRxNoiseIntfEstDynDescr)"
3811622880,2752,224834,35,1,1,128,1,1,16,0.000,0.000,,,,,NVIDIA A100-SXM4-40GB MIG 4g.20gb (0),1,,13,cupy_copy__complex64_complex64
3811631392,1824,224843,1,1,1,1,1,1,18,0.000,0.000,,,,,NVIDIA A100-SXM4-40GB MIG 4g.20gb (0),1,,13,cupy_copy__float32_float32
3811637888,5695,224849,,,,,,,,,,0.000,0.702,Device,Pageable,NVIDIA A100-SXM4-40GB MIG 4g.20gb (0),1,,7,[CUDA memcpy Device-to-Host]
3811715039,13119,224860,1434,1,1,128,1,1,16,0.000,0.000,,,,,NVIDIA A100-SXM4-40GB MIG 4g.20gb (0),1,,13,cupy_copy__complex64_complex64
3811738878,2944,224867,103,1,1,128,1,1,16,0.000,0.000,,,,,NVIDIA A100-SXM4-40GB MIG 4g.20gb (0),1,,13,cupy_copy__complex64_complex64
3811764958,2688,224874,35,1,1,128,1,1,16,0.000,0.000,,,,,NVIDIA A100-SXM4-40GB MIG 4g.20gb (0),1,,13,cupy_copy__complex64_complex64
3811782110,2016,224881,1,1,1,1,1,1,18,0.000,0.000,,,,,NVIDIA A100-SXM4-40GB MIG 4g.20gb (0),1,,13,cupy_copy__float32_float32
3811908060,82975,224892,1,1,1,32,32,1,30,0.000,0.000,,,,,NVIDIA A100-SXM4-40GB MIG 4g.20gb (0),1,,13,"void convert_kernel<__half2, float2>(tensor_layout_any, T1 *, tensor_layout_any, const T2 *)"
3812018875,5472,224895,,,,,,,,,,0.094,17122.757,Pinned,Device,NVIDIA A100-SXM4-40GB MIG 4g.20gb (0),1,,13,[CUDA memcpy Host-to-Device]
3812033307,3552,224896,,,,,,,,,,1.547,435422.601,Device,,NVIDIA A100-SXM4-40GB MIG 4g.20gb (0),1,,13,[CUDA memset]
3812040155,3488,224901,,,,,,,,,,0.031,8972.469,Pinned,Device,NVIDIA A100-SXM4-40GB MIG 4g.20gb (0),1,,13,[CUDA memcpy Host-to-Device]
3812046042,9664,224902,,,,,,,,,,0.197,20344.209,Pinned,Device,NVIDIA A100-SXM4-40GB MIG 4g.20gb (0),1,,13,[CUDA memcpy Host-to-Device]
3812059354,6368,224903,273,1,1,8,4,1,39,0.002,0.000,,,,,NVIDIA A100-SXM4-40GB MIG 4g.20gb (0),1,,13,"void channel_eq::eqMmseCoefCompLowMimoKernel<float, float, float, (unsigned int)4, (unsigned int)1, (unsigned int)4>(const channel_eq::_puschRxChEqStatDescr *, channel_eq::_puschRxChEqCoefCompDynDescr)"
3812068474,5728,224904,273,1,1,12,11,1,51,0.002,0.000,,,,,NVIDIA A100-SXM4-40GB MIG 4g.20gb (0),1,,13,"void channel_eq::eqMmseSoftDemapKernel<float, __half, __half, float, (unsigned int)4, (unsigned short)16383>(channel_eq::_puschRxChEqStatDescr *, channel_eq::_puschRxChEqSoftDemapDynDescr)"
3812075834,294460,224905,1,1,1,32,32,1,30,0.000,0.000,,,,,NVIDIA A100-SXM4-40GB MIG 4g.20gb (0),1,,13,"void convert_kernel<float2, __half2>(tensor_layout_any, T1 *, tensor_layout_any, const T2 *)"
3812371766,11008,224917,2253,1,1,128,1,1,16,0.000,0.000,,,,,NVIDIA A100-SXM4-40GB MIG 4g.20gb (0),1,,13,cupy_copy__float16_float16
3812385238,3424,224926,282,1,1,128,1,1,16,0.000,0.000,,,,,NVIDIA A100-SXM4-40GB MIG 4g.20gb (0),1,,13,cupy_copy__complex64_complex64
3812391830,3296,224935,26,1,1,128,1,1,16,0.000,0.000,,,,,NVIDIA A100-SXM4-40GB MIG 4g.20gb (0),1,,13,cupy_copy__float32_float32
3812396118,4640,224944,103,1,1,128,1,1,16,0.000,0.000,,,,,NVIDIA A100-SXM4-40GB MIG 4g.20gb (0),1,,13,cupy_copy__complex64_complex64
3812401814,12096,224954,1434,1,1,128,1,1,16,0.000,0.000,,,,,NVIDIA A100-SXM4-40GB MIG 4g.20gb (0),1,,13,cupy_copy__complex64_complex64
3812417014,79711,224959,1,1,1,32,32,1,30,0.000,0.000,,,,,NVIDIA A100-SXM4-40GB MIG 4g.20gb (0),1,,13,"void convert_kernel<__half2, float2>(tensor_layout_any, T1 *, tensor_layout_any, const T2 *)"
3812524501,5695,224962,,,,,,,,,,0.094,16452.268,Pinned,Device,NVIDIA A100-SXM4-40GB MIG 4g.20gb (0),1,,13,[CUDA memcpy Host-to-Device]
3812533620,597785,224963,,,,,,,,,,456.561,763370.728,Device,,NVIDIA A100-SXM4-40GB MIG 4g.20gb (0),1,,13,[CUDA memset]
3813146733,161598,224968,,,,,,,,,,1.235,7641.833,Pinned,Device,NVIDIA A100-SXM4-40GB MIG 4g.20gb (0),1,,13,[CUDA memcpy Host-to-Device]
3813316043,31551,224969,,,,,,,,,,0.197,6231.294,Pinned,Device,NVIDIA A100-SXM4-40GB MIG 4g.20gb (0),1,,13,[CUDA memcpy Host-to-Device]
3813370474,8064,224970,69,4,1,48,1,1,76,0.002,0.000,,,,,NVIDIA A100-SXM4-40GB MIG 4g.20gb (0),1,,13,"void ch_est::windowedChEstPreNoDftSOfdmKernel<float, __half, float, (unsigned int)2, (unsigned int)1, (unsigned short)4>(ch_est::puschRxChEstStatDescr_t *, ch_est::puschRxChEstDynDescr_t *)"
3813390634,6784,224971,137,2,1,24,2,1,44,0.001,0.001,,,,,NVIDIA A100-SXM4-40GB MIG 4g.20gb (0),1,,13,"void ch_est::chEstFilterNoDftSOfdmDispatchKernel<float, __half, float, (unsigned int)2>(ch_est::puschRxChEstStatDescr_t *, ch_est::puschRxChEstDynDescr_t *)"
3813406986,4800,224972,137,2,1,24,2,1,44,0.001,0.001,,,,,NVIDIA A100-SXM4-40GB MIG 4g.20gb (0),1,,13,"void ch_est::chEstFilterNoDftSOfdmDispatchKernel<float, __half, float, (unsigned int)2>(ch_est::puschRxChEstStatDescr_t *, ch_est::puschRxChEstDynDescr_t *)"
3813419625,2656,224983,103,1,1,128,1,1,16,0.000,0.000,,,,,NVIDIA A100-SXM4-40GB MIG 4g.20gb (0),1,,13,cupy_copy__complex64_complex64
3813432233,12864,224993,1434,1,1,128,1,1,16,0.000,0.000,,,,,NVIDIA A100-SXM4-40GB MIG 4g.20gb (0),1,,13,cupy_copy__complex64_complex64
3813463593,2496,225000,103,1,1,128,1,1,16,0.000,0.000,,,,,NVIDIA A100-SXM4-40GB MIG 4g.20gb (0),1,,13,cupy_copy__complex64_complex64
3813479721,84799,225007,1,1,1,32,32,1,30,0.000,0.000,,,,,NVIDIA A100-SXM4-40GB MIG 4g.20gb (0),1,,13,"void convert_kernel<__half2, float2>(tensor_layout_any, T1 *, tensor_layout_any, const T2 *)"
3813601351,21920,225010,,,,,,,,,,0.094,4274.412,Pinned,Device,NVIDIA A100-SXM4-40GB MIG 4g.20gb (0),1,,13,[CUDA memcpy Host-to-Device]
3813639399,46847,225011,,,,,,,,,,35.810,764398.552,Device,,NVIDIA A100-SXM4-40GB MIG 4g.20gb (0),1,,13,[CUDA memset]
3813693190,10848,225013,,,,,,,,,,0.000,7.375,Pinned,Device,NVIDIA A100-SXM4-40GB MIG 4g.20gb (0),1,,13,[CUDA memcpy Host-to-Device]
3813717382,27487,225014,,,,,,,,,,0.197,7152.599,Pinned,Device,NVIDIA A100-SXM4-40GB MIG 4g.20gb (0),1,,13,[CUDA memcpy Host-to-Device]
3813769605,9728,225015,273,1,1,48,1,1,40,0.000,0.001,,,,,NVIDIA A100-SXM4-40GB MIG 4g.20gb (0),1,,13,"void pusch_noise_intf_est::noiseIntfEstNoDftSOfdmKernel<float, __half, float, float, (unsigned int)2, (unsigned int)1, (unsigned char)4, (unsigned char)4>(pusch_noise_intf_est::puschRxNoiseIntfEstDynDescr)"
3813786565,2752,225026,35,1,1,128,1,1,16,0.000,0.000,,,,,NVIDIA A100-SXM4-40GB MIG 4g.20gb (0),1,,13,cupy_copy__complex64_complex64
3813803429,1760,225035,1,1,1,1,1,1,18,0.000,0.000,,,,,NVIDIA A100-SXM4-40GB MIG 4g.20gb (0),1,,13,cupy_copy__float32_float32
3813808037,7520,225041,,,,,,,,,,0.000,0.532,Device,Pageable,NVIDIA A100-SXM4-40GB MIG 4g.20gb (0),1,,7,[CUDA memcpy Device-to-Host]
3813908803,13056,225052,1434,1,1,128,1,1,16,0.000,0.000,,,,,NVIDIA A100-SXM4-40GB MIG 4g.20gb (0),1,,13,cupy_copy__complex64_complex64
3813928675,8128,225059,103,1,1,128,1,1,16,0.000,0.000,,,,,NVIDIA A100-SXM4-40GB MIG 4g.20gb (0),1,,13,cupy_copy__complex64_complex64
3813946019,2528,225066,35,1,1,128,1,1,16,0.000,0.000,,,,,NVIDIA A100-SXM4-40GB MIG 4g.20gb (0),1,,13,cupy_copy__complex64_complex64
3813967779,2016,225073,1,1,1,1,1,1,18,0.000,0.000,,,,,NVIDIA A100-SXM4-40GB MIG 4g.20gb (0),1,,13,cupy_copy__float32_float32
3814096545,88159,225084,1,1,1,32,32,1,30,0.000,0.000,,,,,NVIDIA A100-SXM4-40GB MIG 4g.20gb (0),1,,13,"void convert_kernel<__half2, float2>(tensor_layout_any, T1 *, tensor_layout_any, const T2 *)"
3814214208,14527,225087,,,,,,,,,,0.094,6449.752,Pinned,Device,NVIDIA A100-SXM4-40GB MIG 4g.20gb (0),1,,13,[CUDA memcpy Host-to-Device]
3814237887,3328,225088,,,,,,,,,,1.547,464729.580,Device,,NVIDIA A100-SXM4-40GB MIG 4g.20gb (0),1,,13,[CUDA memset]
3814243935,7552,225093,,,,,,,,,,0.031,4144.060,Pinned,Device,NVIDIA A100-SXM4-40GB MIG 4g.20gb (0),1,,13,[CUDA memcpy Host-to-Device]
3814254879,13792,225094,,,,,,,,,,0.197,14255.063,Pinned,Device,NVIDIA A100-SXM4-40GB MIG 4g.20gb (0),1,,13,[CUDA memcpy Host-to-Device]
3814277183,8224,225095,273,1,1,8,4,1,39,0.002,0.000,,,,,NVIDIA A100-SXM4-40GB MIG 4g.20gb (0),1,,13,"void channel_eq::eqMmseCoefCompLowMimoKernel<float, float, float, (unsigned int)4, (unsigned int)1, (unsigned int)4>(const channel_eq::_puschRxChEqStatDescr *, channel_eq::_puschRxChEqCoefCompDynDescr)"
3814293119,5792,225096,273,1,1,12,11,1,51,0.002,0.000,,,,,NVIDIA A100-SXM4-40GB MIG 4g.20gb (0),1,,13,"void channel_eq::eqMmseSoftDemapKernel<float, __half, __half, float, (unsigned int)4, (unsigned short)16383>(channel_eq::_puschRxChEqStatDescr *, channel_eq::_puschRxChEqSoftDemapDynDescr)"
3814300511,282940,225097,1,1,1,32,32,1,30,0.000,0.000,,,,,NVIDIA A100-SXM4-40GB MIG 4g.20gb (0),1,,13,"void convert_kernel<float2, __half2>(tensor_layout_any, T1 *, tensor_layout_any, const T2 *)"
3814585563,10880,225109,2253,1,1,128,1,1,16,0.000,0.000,,,,,NVIDIA A100-SXM4-40GB MIG 4g.20gb (0),1,,13,cupy_copy__float16_float16
3814599899,3360,225118,282,1,1,128,1,1,16,0.000,0.000,,,,,NVIDIA A100-SXM4-40GB MIG 4g.20gb (0),1,,13,cupy_copy__complex64_complex64
3814607675,2112,225127,26,1,1,128,1,1,16,0.000,0.000,,,,,NVIDIA A100-SXM4-40GB MIG 4g.20gb (0),1,,13,cupy_copy__float32_float32
3814612315,3104,225136,103,1,1,128,1,1,16,0.000,0.000,,,,,NVIDIA A100-SXM4-40GB MIG 4g.20gb (0),1,,13,cupy_copy__complex64_complex64
3814665562,12640,225152,1434,1,1,128,1,1,16,0.000,0.000,,,,,NVIDIA A100-SXM4-40GB MIG 4g.20gb (0),1,,13,cupy_copy__complex64_complex64
3814782169,82271,225157,1,1,1,32,32,1,30,0.000,0.000,,,,,NVIDIA A100-SXM4-40GB MIG 4g.20gb (0),1,,13,"void convert_kernel<__half2, float2>(tensor_layout_any, T1 *, tensor_layout_any, const T2 *)"
3814892567,5600,225160,,,,,,,,,,0.094,16731.388,Pinned,Device,NVIDIA A100-SXM4-40GB MIG 4g.20gb (0),1,,13,[CUDA memcpy Host-to-Device]
3814903063,597593,225161,,,,,,,,,,456.561,763827.289,Device,,NVIDIA A100-SXM4-40GB MIG 4g.20gb (0),1,,13,[CUDA memset]
3815505488,151102,225166,,,,,,,,,,1.235,8172.859,Pinned,Device,NVIDIA A100-SXM4-40GB MIG 4g.20gb (0),1,,13,[CUDA memcpy Host-to-Device]
3815669230,36959,225167,,,,,,,,,,0.197,5319.623,Pinned,Device,NVIDIA A100-SXM4-40GB MIG 4g.20gb (0),1,,13,[CUDA memcpy Host-to-Device]
3815730445,8352,225168,69,4,1,48,1,1,76,0.002,0.000,,,,,NVIDIA A100-SXM4-40GB MIG 4g.20gb (0),1,,13,"void ch_est::windowedChEstPreNoDftSOfdmKernel<float, __half, float, (unsigned int)2, (unsigned int)1, (unsigned short)4>(ch_est::puschRxChEstStatDescr_t *, ch_est::puschRxChEstDynDescr_t *)"
3815747469,6656,225169,137,2,1,24,2,1,44,0.001,0.001,,,,,NVIDIA A100-SXM4-40GB MIG 4g.20gb (0),1,,13,"void ch_est::chEstFilterNoDftSOfdmDispatchKernel<float, __half, float, (unsigned int)2>(ch_est::puschRxChEstStatDescr_t *, ch_est::puschRxChEstDynDescr_t *)"
3815763053,4767,225170,137,2,1,24,2,1,44,0.001,0.001,,,,,NVIDIA A100-SXM4-40GB MIG 4g.20gb (0),1,,13,"void ch_est::chEstFilterNoDftSOfdmDispatchKernel<float, __half, float, (unsigned int)2>(ch_est::puschRxChEstStatDescr_t *, ch_est::puschRxChEstDynDescr_t *)"
3815779692,2656,225181,103,1,1,128,1,1,16,0.000,0.000,,,,,NVIDIA A100-SXM4-40GB MIG 4g.20gb (0),1,,13,cupy_copy__complex64_complex64
3815794764,12416,225191,1434,1,1,128,1,1,16,0.000,0.000,,,,,NVIDIA A100-SXM4-40GB MIG 4g.20gb (0),1,,13,cupy_copy__complex64_complex64
3815832236,2368,225198,103,1,1,128,1,1,16,0.000,0.000,,,,,NVIDIA A100-SXM4-40GB MIG 4g.20gb (0),1,,13,cupy_copy__complex64_complex64
3815849227,83583,225205,1,1,1,32,32,1,30,0.000,0.000,,,,,NVIDIA A100-SXM4-40GB MIG 4g.20gb (0),1,,13,"void convert_kernel<__half2, float2>(tensor_layout_any, T1 *, tensor_layout_any, const T2 *)"
3815964138,15040,225208,,,,,,,,,,0.094,6229.753,Pinned,Device,NVIDIA A100-SXM4-40GB MIG 4g.20gb (0),1,,13,[CUDA memcpy Host-to-Device]
3815994666,46175,225209,,,,,,,,,,35.810,775499.628,Device,,NVIDIA A100-SXM4-40GB MIG 4g.20gb (0),1,,13,[CUDA memset]
3816047177,10016,225211,,,,,,,,,,0.000,7.987,Pinned,Device,NVIDIA A100-SXM4-40GB MIG 4g.20gb (0),1,,13,[CUDA memcpy Host-to-Device]
3816064425,26367,225212,,,,,,,,,,0.197,7456.555,Pinned,Device,NVIDIA A100-SXM4-40GB MIG 4g.20gb (0),1,,13,[CUDA memcpy Host-to-Device]
3816109288,9632,225213,273,1,1,48,1,1,40,0.000,0.001,,,,,NVIDIA A100-SXM4-40GB MIG 4g.20gb (0),1,,13,"void pusch_noise_intf_est::noiseIntfEstNoDftSOfdmKernel<float, __half, float, float, (unsigned int)2, (unsigned int)1, (unsigned char)4, (unsigned char)4>(pusch_noise_intf_est::puschRxNoiseIntfEstDynDescr)"
3816124488,2752,225224,35,1,1,128,1,1,16,0.000,0.000,,,,,NVIDIA A100-SXM4-40GB MIG 4g.20gb (0),1,,13,cupy_copy__complex64_complex64
3816139912,1728,225233,1,1,1,1,1,1,18,0.000,0.000,,,,,NVIDIA A100-SXM4-40GB MIG 4g.20gb (0),1,,13,cupy_copy__float32_float32
3816148552,6368,225239,,,,,,,,,,0.000,0.628,Device,Pageable,NVIDIA A100-SXM4-40GB MIG 4g.20gb (0),1,,7,[CUDA memcpy Device-to-Host]
3816244743,12703,225250,1434,1,1,128,1,1,16,0.000,0.000,,,,,NVIDIA A100-SXM4-40GB MIG 4g.20gb (0),1,,13,cupy_copy__complex64_complex64
3816270150,2976,225257,103,1,1,128,1,1,16,0.000,0.000,,,,,NVIDIA A100-SXM4-40GB MIG 4g.20gb (0),1,,13,cupy_copy__complex64_complex64
3816287494,2336,225264,35,1,1,128,1,1,16,0.000,0.000,,,,,NVIDIA A100-SXM4-40GB MIG 4g.20gb (0),1,,13,cupy_copy__complex64_complex64
3816305446,1760,225271,1,1,1,1,1,1,18,0.000,0.000,,,,,NVIDIA A100-SXM4-40GB MIG 4g.20gb (0),1,,13,cupy_copy__float32_float32
3816430980,87295,225282,1,1,1,32,32,1,30,0.000,0.000,,,,,NVIDIA A100-SXM4-40GB MIG 4g.20gb (0),1,,13,"void convert_kernel<__half2, float2>(tensor_layout_any, T1 *, tensor_layout_any, const T2 *)"
3816548195,9632,225285,,,,,,,,,,0.094,9727.519,Pinned,Device,NVIDIA A100-SXM4-40GB MIG 4g.20gb (0),1,,13,[CUDA memcpy Host-to-Device]
3816573475,3455,225286,,,,,,,,,,1.547,447647.117,Device,,NVIDIA A100-SXM4-40GB MIG 4g.20gb (0),1,,13,[CUDA memset]
3816580674,3648,225291,,,,,,,,,,0.031,8578.922,Pinned,Device,NVIDIA A100-SXM4-40GB MIG 4g.20gb (0),1,,13,[CUDA memcpy Host-to-Device]
3816590434,13568,225292,,,,,,,,,,0.197,14490.403,Pinned,Device,NVIDIA A100-SXM4-40GB MIG 4g.20gb (0),1,,13,[CUDA memcpy Host-to-Device]
3816620066,6112,225293,273,1,1,8,4,1,39,0.002,0.000,,,,,NVIDIA A100-SXM4-40GB MIG 4g.20gb (0),1,,13,"void channel_eq::eqMmseCoefCompLowMimoKernel<float, float, float, (unsigned int)4, (unsigned int)1, (unsigned int)4>(const channel_eq::_puschRxChEqStatDescr *, channel_eq::_puschRxChEqCoefCompDynDescr)"
3816628066,5440,225294,273,1,1,12,11,1,51,0.002,0.000,,,,,NVIDIA A100-SXM4-40GB MIG 4g.20gb (0),1,,13,"void channel_eq::eqMmseSoftDemapKernel<float, __half, __half, float, (unsigned int)4, (unsigned short)16383>(channel_eq::_puschRxChEqStatDescr *, channel_eq::_puschRxChEqSoftDemapDynDescr)"
3816636706,294780,225295,1,1,1,32,32,1,30,0.000,0.000,,,,,NVIDIA A100-SXM4-40GB MIG 4g.20gb (0),1,,13,"void convert_kernel<float2, __half2>(tensor_layout_any, T1 *, tensor_layout_any, const T2 *)"
3816933342,10944,225307,2253,1,1,128,1,1,16,0.000,0.000,,,,,NVIDIA A100-SXM4-40GB MIG 4g.20gb (0),1,,13,cupy_copy__float16_float16
3816945950,3744,225316,282,1,1,128,1,1,16,0.000,0.000,,,,,NVIDIA A100-SXM4-40GB MIG 4g.20gb (0),1,,13,cupy_copy__complex64_complex64
3816953438,2016,225325,26,1,1,128,1,1,16,0.000,0.000,,,,,NVIDIA A100-SXM4-40GB MIG 4g.20gb (0),1,,13,cupy_copy__float32_float32
3816958558,4480,225334,103,1,1,128,1,1,16,0.000,0.000,,,,,NVIDIA A100-SXM4-40GB MIG 4g.20gb (0),1,,13,cupy_copy__complex64_complex64
3816964222,12096,225344,1434,1,1,128,1,1,16,0.000,0.000,,,,,NVIDIA A100-SXM4-40GB MIG 4g.20gb (0),1,,13,cupy_copy__complex64_complex64
3816979869,86175,225349,1,1,1,32,32,1,30,0.000,0.000,,,,,NVIDIA A100-SXM4-40GB MIG 4g.20gb (0),1,,13,"void convert_kernel<__half2, float2>(tensor_layout_any, T1 *, tensor_layout_any, const T2 *)"
3817092988,6080,225352,,,,,,,,,,0.094,15410.462,Pinned,Device,NVIDIA A100-SXM4-40GB MIG 4g.20gb (0),1,,13,[CUDA memcpy Host-to-Device]
3817103452,597561,225353,,,,,,,,,,456.561,763827.289,Device,,NVIDIA A100-SXM4-40GB MIG 4g.20gb (0),1,,13,[CUDA memset]
3817705653,84574,225358,,,,,,,,,,1.235,14600.743,Pinned,Device,NVIDIA A100-SXM4-40GB MIG 4g.20gb (0),1,,13,[CUDA memcpy Host-to-Device]
3817796563,18048,225359,,,,,,,,,,0.197,10893.459,Pinned,Device,NVIDIA A100-SXM4-40GB MIG 4g.20gb (0),1,,13,[CUDA memcpy Host-to-Device]
3817827827,8928,225360,69,4,1,48,1,1,76,0.002,0.000,,,,,NVIDIA A100-SXM4-40GB MIG 4g.20gb (0),1,,13,"void ch_est::windowedChEstPreNoDftSOfdmKernel<float, __half, float, (unsigned int)2, (unsigned int)1, (unsigned short)4>(ch_est::puschRxChEstStatDescr_t *, ch_est::puschRxChEstDynDescr_t *)"
3817843571,7360,225361,137,2,1,24,2,1,44,0.001,0.001,,,,,NVIDIA A100-SXM4-40GB MIG 4g.20gb (0),1,,13,"void ch_est::chEstFilterNoDftSOfdmDispatchKernel<float, __half, float, (unsigned int)2>(ch_est::puschRxChEstStatDescr_t *, ch_est::puschRxChEstDynDescr_t *)"
3817859699,4928,225362,137,2,1,24,2,1,44,0.001,0.001,,,,,NVIDIA A100-SXM4-40GB MIG 4g.20gb (0),1,,13,"void ch_est::chEstFilterNoDftSOfdmDispatchKernel<float, __half, float, (unsigned int)2>(ch_est::puschRxChEstStatDescr_t *, ch_est::puschRxChEstDynDescr_t *)"
3817869714,3008,225373,103,1,1,128,1,1,16,0.000,0.000,,,,,NVIDIA A100-SXM4-40GB MIG 4g.20gb (0),1,,13,cupy_copy__complex64_complex64
3817878642,12672,225383,1434,1,1,128,1,1,16,0.000,0.000,,,,,NVIDIA A100-SXM4-40GB MIG 4g.20gb (0),1,,13,cupy_copy__complex64_complex64
3817894226,3072,225390,103,1,1,128,1,1,16,0.000,0.000,,,,,NVIDIA A100-SXM4-40GB MIG 4g.20gb (0),1,,13,cupy_copy__complex64_complex64
3817903346,89983,225397,1,1,1,32,32,1,30,0.000,0.000,,,,,NVIDIA A100-SXM4-40GB MIG 4g.20gb (0),1,,13,"void convert_kernel<__half2, float2>(tensor_layout_any, T1 *, tensor_layout_any, const T2 *)"
3818025713,13535,225400,,,,,,,,,,0.094,6922.448,Pinned,Device,NVIDIA A100-SXM4-40GB MIG 4g.20gb (0),1,,13,[CUDA memcpy Host-to-Device]
3818044560,46976,225401,,,,,,,,,,35.810,762285.767,Device,,NVIDIA A100-SXM4-40GB MIG 4g.20gb (0),1,,13,[CUDA memset]
3818094160,12032,225403,,,,,,,,,,0.000,6.649,Pinned,Device,NVIDIA A100-SXM4-40GB MIG 4g.20gb (0),1,,13,[CUDA memcpy Host-to-Device]
3818110895,19104,225404,,,,,,,,,,0.197,10291.446,Pinned,Device,NVIDIA A100-SXM4-40GB MIG 4g.20gb (0),1,,13,[CUDA memcpy Host-to-Device]
3818149103,9248,225405,273,1,1,48,1,1,40,0.000,0.001,,,,,NVIDIA A100-SXM4-40GB MIG 4g.20gb (0),1,,13,"void pusch_noise_intf_est::noiseIntfEstNoDftSOfdmKernel<float, __half, float, float, (unsigned int)2, (unsigned int)1, (unsigned char)4, (unsigned char)4>(pusch_noise_intf_est::puschRxNoiseIntfEstDynDescr)"
3818170671,2752,225416,35,1,1,128,1,1,16,0.000,0.000,,,,,NVIDIA A100-SXM4-40GB MIG 4g.20gb (0),1,,13,cupy_copy__complex64_complex64
3818181615,1728,225425,1,1,1,1,1,1,18,0.000,0.000,,,,,NVIDIA A100-SXM4-40GB MIG 4g.20gb (0),1,,13,cupy_copy__float32_float32
3818186607,3648,225431,,,,,,,,,,0.000,1.096,Device,Pageable,NVIDIA A100-SXM4-40GB MIG 4g.20gb (0),1,,7,[CUDA memcpy Device-to-Host]
3818257070,12896,225442,1434,1,1,128,1,1,16,0.000,0.000,,,,,NVIDIA A100-SXM4-40GB MIG 4g.20gb (0),1,,13,cupy_copy__complex64_complex64
3818285549,2912,225449,103,1,1,128,1,1,16,0.000,0.000,,,,,NVIDIA A100-SXM4-40GB MIG 4g.20gb (0),1,,13,cupy_copy__complex64_complex64
3818306093,2816,225456,35,1,1,128,1,1,16,0.000,0.000,,,,,NVIDIA A100-SXM4-40GB MIG 4g.20gb (0),1,,13,cupy_copy__complex64_complex64
3818319789,1920,225463,1,1,1,1,1,1,18,0.000,0.000,,,,,NVIDIA A100-SXM4-40GB MIG 4g.20gb (0),1,,13,cupy_copy__float32_float32
3818452779,82879,225474,1,1,1,32,32,1,30,0.000,0.000,,,,,NVIDIA A100-SXM4-40GB MIG 4g.20gb (0),1,,13,"void convert_kernel<__half2, float2>(tensor_layout_any, T1 *, tensor_layout_any, const T2 *)"
3818563690,5600,225477,,,,,,,,,,0.094,16731.388,Pinned,Device,NVIDIA A100-SXM4-40GB MIG 4g.20gb (0),1,,13,[CUDA memcpy Host-to-Device]
3818580010,3200,225478,,,,,,,,,,1.547,483320.000,Device,,NVIDIA A100-SXM4-40GB MIG 4g.20gb (0),1,,13,[CUDA memset]
3818586794,3008,225483,,,,,,,,,,0.031,10404.230,Pinned,Device,NVIDIA A100-SXM4-40GB MIG 4g.20gb (0),1,,13,[CUDA memcpy Host-to-Device]
3818592234,9791,225484,,,,,,,,,,0.197,20080.361,Pinned,Device,NVIDIA A100-SXM4-40GB MIG 4g.20gb (0),1,,13,[CUDA memcpy Host-to-Device]
3818606569,6080,225485,273,1,1,8,4,1,39,0.002,0.000,,,,,NVIDIA A100-SXM4-40GB MIG 4g.20gb (0),1,,13,"void channel_eq::eqMmseCoefCompLowMimoKernel<float, float, float, (unsigned int)4, (unsigned int)1, (unsigned int)4>(const channel_eq::_puschRxChEqStatDescr *, channel_eq::_puschRxChEqCoefCompDynDescr)"
3818613673,6240,225486,273,1,1,12,11,1,51,0.002,0.000,,,,,NVIDIA A100-SXM4-40GB MIG 4g.20gb (0),1,,13,"void channel_eq::eqMmseSoftDemapKernel<float, __half, __half, float, (unsigned int)4, (unsigned short)16383>(channel_eq::_puschRxChEqStatDescr *, channel_eq::_puschRxChEqSoftDemapDynDescr)"
3818620905,282973,225487,1,1,1,32,32,1,30,0.000,0.000,,,,,NVIDIA A100-SXM4-40GB MIG 4g.20gb (0),1,,13,"void convert_kernel<float2, __half2>(tensor_layout_any, T1 *, tensor_layout_any, const T2 *)"
3818906726,11104,225499,2253,1,1,128,1,1,16,0.000,0.000,,,,,NVIDIA A100-SXM4-40GB MIG 4g.20gb (0),1,,13,cupy_copy__float16_float16
3818919142,3007,225508,282,1,1,128,1,1,16,0.000,0.000,,,,,NVIDIA A100-SXM4-40GB MIG 4g.20gb (0),1,,13,cupy_copy__complex64_complex64
3818924037,2208,225517,26,1,1,128,1,1,16,0.000,0.000,,,,,NVIDIA A100-SXM4-40GB MIG 4g.20gb (0),1,,13,cupy_copy__float32_float32
3818929285,4608,225526,103,1,1,128,1,1,16,0.000,0.000,,,,,NVIDIA A100-SXM4-40GB MIG 4g.20gb (0),1,,13,cupy_copy__complex64_complex64
3818935045,11904,225536,1434,1,1,128,1,1,16,0.000,0.000,,,,,NVIDIA A100-SXM4-40GB MIG 4g.20gb (0),1,,13,cupy_copy__complex64_complex64
3818964165,82719,225541,1,1,1,32,32,1,30,0.000,0.000,,,,,NVIDIA A100-SXM4-40GB MIG 4g.20gb (0),1,,13,"void convert_kernel<__half2, float2>(tensor_layout_any, T1 *, tensor_layout_any, const T2 *)"
3819073764,6016,225544,,,,,,,,,,0.094,15574.430,Pinned,Device,NVIDIA A100-SXM4-40GB MIG 4g.20gb (0),1,,13,[CUDA memcpy Host-to-Device]
3819084547,600825,225545,,,,,,,,,,456.561,759718.236,Device,,NVIDIA A100-SXM4-40GB MIG 4g.20gb (0),1,,13,[CUDA memset]
3819691004,165662,225550,,,,,,,,,,1.235,7454.122,Pinned,Device,NVIDIA A100-SXM4-40GB MIG 4g.20gb (0),1,,13,[CUDA memcpy Host-to-Device]
3819867834,31103,225551,,,,,,,,,,0.197,6321.144,Pinned,Device,NVIDIA A100-SXM4-40GB MIG 4g.20gb (0),1,,13,[CUDA memcpy Host-to-Device]
3819908729,8224,225552,69,4,1,48,1,1,76,0.002,0.000,,,,,NVIDIA A100-SXM4-40GB MIG 4g.20gb (0),1,,13,"void ch_est::windowedChEstPreNoDftSOfdmKernel<float, __half, float, (unsigned int)2, (unsigned int)1, (unsigned short)4>(ch_est::puschRxChEstStatDescr_t *, ch_est::puschRxChEstDynDescr_t *)"
3819922009,6688,225553,137,2,1,24,2,1,44,0.001,0.001,,,,,NVIDIA A100-SXM4-40GB MIG 4g.20gb (0),1,,13,"void ch_est::chEstFilterNoDftSOfdmDispatchKernel<float, __half, float, (unsigned int)2>(ch_est::puschRxChEstStatDescr_t *, ch_est::puschRxChEstDynDescr_t *)"
3819930425,5056,225554,137,2,1,24,2,1,44,0.001,0.001,,,,,NVIDIA A100-SXM4-40GB MIG 4g.20gb (0),1,,13,"void ch_est::chEstFilterNoDftSOfdmDispatchKernel<float, __half, float, (unsigned int)2>(ch_est::puschRxChEstStatDescr_t *, ch_est::puschRxChEstDynDescr_t *)"
3819938329,2848,225565,103,1,1,128,1,1,16,0.000,0.000,,,,,NVIDIA A100-SXM4-40GB MIG 4g.20gb (0),1,,13,cupy_copy__complex64_complex64
3819946937,12832,225575,1434,1,1,128,1,1,16,0.000,0.000,,,,,NVIDIA A100-SXM4-40GB MIG 4g.20gb (0),1,,13,cupy_copy__complex64_complex64
3819963033,2656,225582,103,1,1,128,1,1,16,0.000,0.000,,,,,NVIDIA A100-SXM4-40GB MIG 4g.20gb (0),1,,13,cupy_copy__complex64_complex64
3819971992,87711,225589,1,1,1,32,32,1,30,0.000,0.000,,,,,NVIDIA A100-SXM4-40GB MIG 4g.20gb (0),1,,13,"void convert_kernel<__half2, float2>(tensor_layout_any, T1 *, tensor_layout_any, const T2 *)"
3820087191,9856,225592,,,,,,,,,,0.094,9506.490,Pinned,Device,NVIDIA A100-SXM4-40GB MIG 4g.20gb (0),1,,13,[CUDA memcpy Host-to-Device]
3820102167,46399,225593,,,,,,,,,,35.810,771775.396,Device,,NVIDIA A100-SXM4-40GB MIG 4g.20gb (0),1,,13,[CUDA memset]
3820155734,4352,225595,,,,,,,,,,0.000,18.382,Pinned,Device,NVIDIA A100-SXM4-40GB MIG 4g.20gb (0),1,,13,[CUDA memcpy Host-to-Device]
3820168566,18208,225596,,,,,,,,,,0.197,10797.711,Pinned,Device,NVIDIA A100-SXM4-40GB MIG 4g.20gb (0),1,,13,[CUDA memcpy Host-to-Device]
3820206454,9951,225597,273,1,1,48,1,1,40,0.000,0.001,,,,,NVIDIA A100-SXM4-40GB MIG 4g.20gb (0),1,,13,"void pusch_noise_intf_est::noiseIntfEstNoDftSOfdmKernel<float, __half, float, float, (unsigned int)2, (unsigned int)1, (unsigned char)4, (unsigned char)4>(pusch_noise_intf_est::puschRxNoiseIntfEstDynDescr)"
3820219893,2656,225608,35,1,1,128,1,1,16,0.000,0.000,,,,,NVIDIA A100-SXM4-40GB MIG 4g.20gb (0),1,,13,cupy_copy__complex64_complex64
3820229045,1760,225617,1,1,1,1,1,1,18,0.000,0.000,,,,,NVIDIA A100-SXM4-40GB MIG 4g.20gb (0),1,,13,cupy_copy__float32_float32
3820243701,2720,225623,,,,,,,,,,0.000,1.471,Device,Pageable,NVIDIA A100-SXM4-40GB MIG 4g.20gb (0),1,,7,[CUDA memcpy Device-to-Host]
3820319796,12832,225634,1434,1,1,128,1,1,16,0.000,0.000,,,,,NVIDIA A100-SXM4-40GB MIG 4g.20gb (0),1,,13,cupy_copy__complex64_complex64
3820355412,2976,225641,103,1,1,128,1,1,16,0.000,0.000,,,,,NVIDIA A100-SXM4-40GB MIG 4g.20gb (0),1,,13,cupy_copy__complex64_complex64
3820370228,2688,225648,35,1,1,128,1,1,16,0.000,0.000,,,,,NVIDIA A100-SXM4-40GB MIG 4g.20gb (0),1,,13,cupy_copy__complex64_complex64
3820391635,1984,225655,1,1,1,1,1,1,18,0.000,0.000,,,,,NVIDIA A100-SXM4-40GB MIG 4g.20gb (0),1,,13,cupy_copy__float32_float32
3820527154,88927,225666,1,1,1,32,32,1,30,0.000,0.000,,,,,NVIDIA A100-SXM4-40GB MIG 4g.20gb (0),1,,13,"void convert_kernel<__half2, float2>(tensor_layout_any, T1 *, tensor_layout_any, const T2 *)"
3820645136,5568,225669,,,,,,,,,,0.094,16827.521,Pinned,Device,NVIDIA A100-SXM4-40GB MIG 4g.20gb (0),1,,13,[CUDA memcpy Host-to-Device]
3820659344,3232,225670,,,,,,,,,,1.547,478533.199,Device,,NVIDIA A100-SXM4-40GB MIG 4g.20gb (0),1,,13,[CUDA memset]
3820666544,3456,225675,,,,,,,,,,0.031,9055.529,Pinned,Device,NVIDIA A100-SXM4-40GB MIG 4g.20gb (0),1,,13,[CUDA memcpy Host-to-Device]
3820672112,9408,225676,,,,,,,,,,0.197,20897.858,Pinned,Device,NVIDIA A100-SXM4-40GB MIG 4g.20gb (0),1,,13,[CUDA memcpy Host-to-Device]
3820687568,6560,225677,273,1,1,8,4,1,39,0.002,0.000,,,,,NVIDIA A100-SXM4-40GB MIG 4g.20gb (0),1,,13,"void channel_eq::eqMmseCoefCompLowMimoKernel<float, float, float, (unsigned int)4, (unsigned int)1, (unsigned int)4>(const channel_eq::_puschRxChEqStatDescr *, channel_eq::_puschRxChEqCoefCompDynDescr)"
3820695184,6463,225678,273,1,1,12,11,1,51,0.002,0.000,,,,,NVIDIA A100-SXM4-40GB MIG 4g.20gb (0),1,,13,"void channel_eq::eqMmseSoftDemapKernel<float, __half, __half, float, (unsigned int)4, (unsigned short)16383>(channel_eq::_puschRxChEqStatDescr *, channel_eq::_puschRxChEqSoftDemapDynDescr)"
3820702575,282397,225679,1,1,1,32,32,1,30,0.000,0.000,,,,,NVIDIA A100-SXM4-40GB MIG 4g.20gb (0),1,,13,"void convert_kernel<float2, __half2>(tensor_layout_any, T1 *, tensor_layout_any, const T2 *)"
3820987308,11232,225691,2253,1,1,128,1,1,16,0.000,0.000,,,,,NVIDIA A100-SXM4-40GB MIG 4g.20gb (0),1,,13,cupy_copy__float16_float16
3821002380,3168,225700,282,1,1,128,1,1,16,0.000,0.000,,,,,NVIDIA A100-SXM4-40GB MIG 4g.20gb (0),1,,13,cupy_copy__complex64_complex64
3821008812,2112,225709,26,1,1,128,1,1,16,0.000,0.000,,,,,NVIDIA A100-SXM4-40GB MIG 4g.20gb (0),1,,13,cupy_copy__float32_float32
3821012556,3456,225718,103,1,1,128,1,1,16,0.000,0.000,,,,,NVIDIA A100-SXM4-40GB MIG 4g.20gb (0),1,,13,cupy_copy__complex64_complex64
3821017004,11967,225728,1434,1,1,128,1,1,16,0.000,0.000,,,,,NVIDIA A100-SXM4-40GB MIG 4g.20gb (0),1,,13,cupy_copy__complex64_complex64
3821031499,87807,225733,1,1,1,32,32,1,30,0.000,0.000,,,,,NVIDIA A100-SXM4-40GB MIG 4g.20gb (0),1,,13,"void convert_kernel<__half2, float2>(tensor_layout_any, T1 *, tensor_layout_any, const T2 *)"
3821146154,5760,225736,,,,,,,,,,0.094,16266.656,Pinned,Device,NVIDIA A100-SXM4-40GB MIG 4g.20gb (0),1,,13,[CUDA memcpy Host-to-Device]
3821157226,600472,225737,,,,,,,,,,456.561,760174.798,Device,,NVIDIA A100-SXM4-40GB MIG 4g.20gb (0),1,,13,[CUDA memset]
3821765442,136127,225742,,,,,,,,,,1.235,9071.899,Pinned,Device,NVIDIA A100-SXM4-40GB MIG 4g.20gb (0),1,,13,[CUDA memcpy Host-to-Device]
3821913664,40480,225743,,,,,,,,,,0.197,4856.807,Pinned,Device,NVIDIA A100-SXM4-40GB MIG 4g.20gb (0),1,,13,[CUDA memcpy Host-to-Device]
3821978848,8000,225744,69,4,1,48,1,1,76,0.002,0.000,,,,,NVIDIA A100-SXM4-40GB MIG 4g.20gb (0),1,,13,"void ch_est::windowedChEstPreNoDftSOfdmKernel<float, __half, float, (unsigned int)2, (unsigned int)1, (unsigned short)4>(ch_est::puschRxChEstStatDescr_t *, ch_est::puschRxChEstDynDescr_t *)"
3821997023,6848,225745,137,2,1,24,2,1,44,0.001,0.001,,,,,NVIDIA A100-SXM4-40GB MIG 4g.20gb (0),1,,13,"void ch_est::chEstFilterNoDftSOfdmDispatchKernel<float, __half, float, (unsigned int)2>(ch_est::puschRxChEstStatDescr_t *, ch_est::puschRxChEstDynDescr_t *)"
3822013279,4800,225746,137,2,1,24,2,1,44,0.001,0.001,,,,,NVIDIA A100-SXM4-40GB MIG 4g.20gb (0),1,,13,"void ch_est::chEstFilterNoDftSOfdmDispatchKernel<float, __half, float, (unsigned int)2>(ch_est::puschRxChEstStatDescr_t *, ch_est::puschRxChEstDynDescr_t *)"
3822028319,2656,225757,103,1,1,128,1,1,16,0.000,0.000,,,,,NVIDIA A100-SXM4-40GB MIG 4g.20gb (0),1,,13,cupy_copy__complex64_complex64
3822042623,12352,225767,1434,1,1,128,1,1,16,0.000,0.000,,,,,NVIDIA A100-SXM4-40GB MIG 4g.20gb (0),1,,13,cupy_copy__complex64_complex64
3822078334,2496,225774,103,1,1,128,1,1,16,0.000,0.000,,,,,NVIDIA A100-SXM4-40GB MIG 4g.20gb (0),1,,13,cupy_copy__complex64_complex64
3822098334,84991,225781,1,1,1,32,32,1,30,0.000,0.000,,,,,NVIDIA A100-SXM4-40GB MIG 4g.20gb (0),1,,13,"void convert_kernel<__half2, float2>(tensor_layout_any, T1 *, tensor_layout_any, const T2 *)"
3822210013,5600,225784,,,,,,,,,,0.094,16731.388,Pinned,Device,NVIDIA A100-SXM4-40GB MIG 4g.20gb (0),1,,13,[CUDA memcpy Host-to-Device]
3822223261,47711,225785,,,,,,,,,,35.810,750540.113,Device,,NVIDIA A100-SXM4-40GB MIG 4g.20gb (0),1,,13,[CUDA memset]
3822277820,4512,225787,,,,,,,,,,0.000,17.730,Pinned,Device,NVIDIA A100-SXM4-40GB MIG 4g.20gb (0),1,,13,[CUDA memcpy Host-to-Device]
3822286844,11488,225788,,,,,,,,,,0.197,17114.137,Pinned,Device,NVIDIA A100-SXM4-40GB MIG 4g.20gb (0),1,,13,[CUDA memcpy Host-to-Device]
3822307772,11455,225789,273,1,1,48,1,1,40,0.000,0.001,,,,,NVIDIA A100-SXM4-40GB MIG 4g.20gb (0),1,,13,"void pusch_noise_intf_est::noiseIntfEstNoDftSOfdmKernel<float, __half, float, float, (unsigned int)2, (unsigned int)1, (unsigned char)4, (unsigned char)4>(pusch_noise_intf_est::puschRxNoiseIntfEstDynDescr)"
3822321755,2816,225800,35,1,1,128,1,1,16,0.000,0.000,,,,,NVIDIA A100-SXM4-40GB MIG 4g.20gb (0),1,,13,cupy_copy__complex64_complex64
3822331547,1856,225809,1,1,1,1,1,1,18,0.000,0.000,,,,,NVIDIA A100-SXM4-40GB MIG 4g.20gb (0),1,,13,cupy_copy__float32_float32
3822360923,1600,225815,,,,,,,,,,0.000,2.500,Device,Pageable,NVIDIA A100-SXM4-40GB MIG 4g.20gb (0),1,,7,[CUDA memcpy Device-to-Host]
3822421658,12768,225826,1434,1,1,128,1,1,16,0.000,0.000,,,,,NVIDIA A100-SXM4-40GB MIG 4g.20gb (0),1,,13,cupy_copy__complex64_complex64
3822446938,2592,225833,103,1,1,128,1,1,16,0.000,0.000,,,,,NVIDIA A100-SXM4-40GB MIG 4g.20gb (0),1,,13,cupy_copy__complex64_complex64
3822469594,2144,225840,35,1,1,128,1,1,16,0.000,0.000,,,,,NVIDIA A100-SXM4-40GB MIG 4g.20gb (0),1,,13,cupy_copy__complex64_complex64
3822485657,1760,225847,1,1,1,1,1,1,18,0.000,0.000,,,,,NVIDIA A100-SXM4-40GB MIG 4g.20gb (0),1,,13,cupy_copy__float32_float32
3822621144,82975,225858,1,1,1,32,32,1,30,0.000,0.000,,,,,NVIDIA A100-SXM4-40GB MIG 4g.20gb (0),1,,13,"void convert_kernel<__half2, float2>(tensor_layout_any, T1 *, tensor_layout_any, const T2 *)"
3822731414,5664,225861,,,,,,,,,,0.094,16542.310,Pinned,Device,NVIDIA A100-SXM4-40GB MIG 4g.20gb (0),1,,13,[CUDA memcpy Host-to-Device]
3822746454,3392,225862,,,,,,,,,,1.547,455961.768,Device,,NVIDIA A100-SXM4-40GB MIG 4g.20gb (0),1,,13,[CUDA memset]
3822752502,3456,225867,,,,,,,,,,0.031,9055.529,Pinned,Device,NVIDIA A100-SXM4-40GB MIG 4g.20gb (0),1,,13,[CUDA memcpy Host-to-Device]
3822758390,9792,225868,,,,,,,,,,0.197,20078.395,Pinned,Device,NVIDIA A100-SXM4-40GB MIG 4g.20gb (0),1,,13,[CUDA memcpy Host-to-Device]
3822774774,6176,225869,273,1,1,8,4,1,39,0.002,0.000,,,,,NVIDIA A100-SXM4-40GB MIG 4g.20gb (0),1,,13,"void channel_eq::eqMmseCoefCompLowMimoKernel<float, float, float, (unsigned int)4, (unsigned int)1, (unsigned int)4>(const channel_eq::_puschRxChEqStatDescr *, channel_eq::_puschRxChEqCoefCompDynDescr)"
3822781910,8032,225870,273,1,1,12,11,1,51,0.002,0.000,,,,,NVIDIA A100-SXM4-40GB MIG 4g.20gb (0),1,,13,"void channel_eq::eqMmseSoftDemapKernel<float, __half, __half, float, (unsigned int)4, (unsigned short)16383>(channel_eq::_puschRxChEqStatDescr *, channel_eq::_puschRxChEqSoftDemapDynDescr)"
3822790998,282364,225871,1,1,1,32,32,1,30,0.000,0.000,,,,,NVIDIA A100-SXM4-40GB MIG 4g.20gb (0),1,,13,"void convert_kernel<float2, __half2>(tensor_layout_any, T1 *, tensor_layout_any, const T2 *)"
3823076370,11232,225883,2253,1,1,128,1,1,16,0.000,0.000,,,,,NVIDIA A100-SXM4-40GB MIG 4g.20gb (0),1,,13,cupy_copy__float16_float16
3823089010,3584,225892,282,1,1,128,1,1,16,0.000,0.000,,,,,NVIDIA A100-SXM4-40GB MIG 4g.20gb (0),1,,13,cupy_copy__complex64_complex64
3823094258,2144,225901,26,1,1,128,1,1,16,0.000,0.000,,,,,NVIDIA A100-SXM4-40GB MIG 4g.20gb (0),1,,13,cupy_copy__float32_float32
3823100370,2880,225910,103,1,1,128,1,1,16,0.000,0.000,,,,,NVIDIA A100-SXM4-40GB MIG 4g.20gb (0),1,,13,cupy_copy__complex64_complex64
3823106162,12160,225920,1434,1,1,128,1,1,16,0.000,0.000,,,,,NVIDIA A100-SXM4-40GB MIG 4g.20gb (0),1,,13,cupy_copy__complex64_complex64
3823128433,81407,225925,1,1,1,32,32,1,30,0.000,0.000,,,,,NVIDIA A100-SXM4-40GB MIG 4g.20gb (0),1,,13,"void convert_kernel<__half2, float2>(tensor_layout_any, T1 *, tensor_layout_any, const T2 *)"
3823236336,5728,225928,,,,,,,,,,0.094,16357.541,Pinned,Device,NVIDIA A100-SXM4-40GB MIG 4g.20gb (0),1,,13,[CUDA memcpy Host-to-Device]
3823246608,597945,225929,,,,,,,,,,456.561,763370.728,Device,,NVIDIA A100-SXM4-40GB MIG 4g.20gb (0),1,,13,[CUDA memset]
3823849065,154942,225934,,,,,,,,,,1.235,7970.329,Pinned,Device,NVIDIA A100-SXM4-40GB MIG 4g.20gb (0),1,,13,[CUDA memcpy Host-to-Device]
3824019238,40608,225935,,,,,,,,,,0.197,4841.472,Pinned,Device,NVIDIA A100-SXM4-40GB MIG 4g.20gb (0),1,,13,[CUDA memcpy Host-to-Device]
3824094118,8511,225936,69,4,1,48,1,1,76,0.002,0.000,,,,,NVIDIA A100-SXM4-40GB MIG 4g.20gb (0),1,,13,"void ch_est::windowedChEstPreNoDftSOfdmKernel<float, __half, float, (unsigned int)2, (unsigned int)1, (unsigned short)4>(ch_est::puschRxChEstStatDescr_t *, ch_est::puschRxChEstDynDescr_t *)"
3824113509,6368,225937,137,2,1,24,2,1,44,0.001,0.001,,,,,NVIDIA A100-SXM4-40GB MIG 4g.20gb (0),1,,13,"void ch_est::chEstFilterNoDftSOfdmDispatchKernel<float, __half, float, (unsigned int)2>(ch_est::puschRxChEstStatDescr_t *, ch_est::puschRxChEstDynDescr_t *)"
3824130117,4736,225938,137,2,1,24,2,1,44,0.001,0.001,,,,,NVIDIA A100-SXM4-40GB MIG 4g.20gb (0),1,,13,"void ch_est::chEstFilterNoDftSOfdmDispatchKernel<float, __half, float, (unsigned int)2>(ch_est::puschRxChEstStatDescr_t *, ch_est::puschRxChEstDynDescr_t *)"
3824150277,2624,225949,103,1,1,128,1,1,16,0.000,0.000,,,,,NVIDIA A100-SXM4-40GB MIG 4g.20gb (0),1,,13,cupy_copy__complex64_complex64
3824166565,12287,225959,1434,1,1,128,1,1,16,0.000,0.000,,,,,NVIDIA A100-SXM4-40GB MIG 4g.20gb (0),1,,13,cupy_copy__complex64_complex64
3824185988,2944,225966,103,1,1,128,1,1,16,0.000,0.000,,,,,NVIDIA A100-SXM4-40GB MIG 4g.20gb (0),1,,13,cupy_copy__complex64_complex64
3824211556,90719,225973,1,1,1,32,32,1,30,0.000,0.000,,,,,NVIDIA A100-SXM4-40GB MIG 4g.20gb (0),1,,13,"void convert_kernel<__half2, float2>(tensor_layout_any, T1 *, tensor_layout_any, const T2 *)"
3824333091,30783,225976,,,,,,,,,,0.094,3043.715,Pinned,Device,NVIDIA A100-SXM4-40GB MIG 4g.20gb (0),1,,13,[CUDA memcpy Host-to-Device]
3824382466,47007,225977,,,,,,,,,,35.810,761784.428,Device,,NVIDIA A100-SXM4-40GB MIG 4g.20gb (0),1,,13,[CUDA memset]
3824437857,8256,225979,,,,,,,,,,0.000,9.690,Pinned,Device,NVIDIA A100-SXM4-40GB MIG 4g.20gb (0),1,,13,[CUDA memcpy Host-to-Device]
3824457185,22720,225980,,,,,,,,,,0.197,8653.505,Pinned,Device,NVIDIA A100-SXM4-40GB MIG 4g.20gb (0),1,,13,[CUDA memcpy Host-to-Device]
3824493857,10815,225981,273,1,1,48,1,1,40,0.000,0.001,,,,,NVIDIA A100-SXM4-40GB MIG 4g.20gb (0),1,,13,"void pusch_noise_intf_est::noiseIntfEstNoDftSOfdmKernel<float, __half, float, float, (unsigned int)2, (unsigned int)1, (unsigned char)4, (unsigned char)4>(pusch_noise_intf_est::puschRxNoiseIntfEstDynDescr)"
3824508704,2880,225992,35,1,1,128,1,1,16,0.000,0.000,,,,,NVIDIA A100-SXM4-40GB MIG 4g.20gb (0),1,,13,cupy_copy__complex64_complex64
3824513696,1824,226001,1,1,1,1,1,1,18,0.000,0.000,,,,,NVIDIA A100-SXM4-40GB MIG 4g.20gb (0),1,,13,cupy_copy__float32_float32
3824517920,1664,226007,,,,,,,,,,0.000,2.404,Device,Pageable,NVIDIA A100-SXM4-40GB MIG 4g.20gb (0),1,,7,[CUDA memcpy Device-to-Host]
3824579904,13215,226018,1434,1,1,128,1,1,16,0.000,0.000,,,,,NVIDIA A100-SXM4-40GB MIG 4g.20gb (0),1,,13,cupy_copy__complex64_complex64
3824606143,2912,226025,103,1,1,128,1,1,16,0.000,0.000,,,,,NVIDIA A100-SXM4-40GB MIG 4g.20gb (0),1,,13,cupy_copy__complex64_complex64
3824627775,2240,226032,35,1,1,128,1,1,16,0.000,0.000,,,,,NVIDIA A100-SXM4-40GB MIG 4g.20gb (0),1,,13,cupy_copy__complex64_complex64
3824648831,1760,226039,1,1,1,1,1,1,18,0.000,0.000,,,,,NVIDIA A100-SXM4-40GB MIG 4g.20gb (0),1,,13,cupy_copy__float32_float32
3824784637,82271,226050,1,1,1,32,32,1,30,0.000,0.000,,,,,NVIDIA A100-SXM4-40GB MIG 4g.20gb (0),1,,13,"void convert_kernel<__half2, float2>(tensor_layout_any, T1 *, tensor_layout_any, const T2 *)"
3824894300,5856,226053,,,,,,,,,,0.094,15999.997,Pinned,Device,NVIDIA A100-SXM4-40GB MIG 4g.20gb (0),1,,13,[CUDA memcpy Host-to-Device]
3824909883,3360,226054,,,,,,,,,,1.547,460304.688,Device,,NVIDIA A100-SXM4-40GB MIG 4g.20gb (0),1,,13,[CUDA memset]
3824916251,3584,226059,,,,,,,,,,0.031,8732.116,Pinned,Device,NVIDIA A100-SXM4-40GB MIG 4g.20gb (0),1,,13,[CUDA memcpy Host-to-Device]
3824922747,10560,226060,,,,,,,,,,0.197,18617.991,Pinned,Device,NVIDIA A100-SXM4-40GB MIG 4g.20gb (0),1,,13,[CUDA memcpy Host-to-Device]
3824939291,8288,226061,273,1,1,8,4,1,39,0.002,0.000,,,,,NVIDIA A100-SXM4-40GB MIG 4g.20gb (0),1,,13,"void channel_eq::eqMmseCoefCompLowMimoKernel<float, float, float, (unsigned int)4, (unsigned int)1, (unsigned int)4>(const channel_eq::_puschRxChEqStatDescr *, channel_eq::_puschRxChEqCoefCompDynDescr)"
3824948635,6208,226062,273,1,1,12,11,1,51,0.002,0.000,,,,,NVIDIA A100-SXM4-40GB MIG 4g.20gb (0),1,,13,"void channel_eq::eqMmseSoftDemapKernel<float, __half, __half, float, (unsigned int)4, (unsigned short)16383>(channel_eq::_puschRxChEqStatDescr *, channel_eq::_puschRxChEqSoftDemapDynDescr)"
3824956443,295260,226063,1,1,1,32,32,1,30,0.000,0.000,,,,,NVIDIA A100-SXM4-40GB MIG 4g.20gb (0),1,,13,"void convert_kernel<float2, __half2>(tensor_layout_any, T1 *, tensor_layout_any, const T2 *)"
3825252759,10976,226075,2253,1,1,128,1,1,16,0.000,0.000,,,,,NVIDIA A100-SXM4-40GB MIG 4g.20gb (0),1,,13,cupy_copy__float16_float16
3825268055,2624,226084,282,1,1,128,1,1,16,0.000,0.000,,,,,NVIDIA A100-SXM4-40GB MIG 4g.20gb (0),1,,13,cupy_copy__complex64_complex64
3825273399,2400,226093,26,1,1,128,1,1,16,0.000,0.000,,,,,NVIDIA A100-SXM4-40GB MIG 4g.20gb (0),1,,13,cupy_copy__float32_float32
3825276887,2944,226102,103,1,1,128,1,1,16,0.000,0.000,,,,,NVIDIA A100-SXM4-40GB MIG 4g.20gb (0),1,,13,cupy_copy__complex64_complex64
3825281399,12192,226112,1434,1,1,128,1,1,16,0.000,0.000,,,,,NVIDIA A100-SXM4-40GB MIG 4g.20gb (0),1,,13,cupy_copy__complex64_complex64
3825298583,82847,226117,1,1,1,32,32,1,30,0.000,0.000,,,,,NVIDIA A100-SXM4-40GB MIG 4g.20gb (0),1,,13,"void convert_kernel<__half2, float2>(tensor_layout_any, T1 *, tensor_layout_any, const T2 *)"
3825408437,5664,226120,,,,,,,,,,0.094,16542.310,Pinned,Device,NVIDIA A100-SXM4-40GB MIG 4g.20gb (0),1,,13,[CUDA memcpy Host-to-Device]
3825417877,597657,226121,,,,,,,,,,456.561,763827.289,Device,,NVIDIA A100-SXM4-40GB MIG 4g.20gb (0),1,,13,[CUDA memset]
3826021038,129886,226126,,,,,,,,,,1.235,9507.834,Pinned,Device,NVIDIA A100-SXM4-40GB MIG 4g.20gb (0),1,,13,[CUDA memcpy Host-to-Device]
3826163628,40031,226127,,,,,,,,,,0.197,4911.268,Pinned,Device,NVIDIA A100-SXM4-40GB MIG 4g.20gb (0),1,,13,[CUDA memcpy Host-to-Device]
3826220683,8384,226128,69,4,1,48,1,1,76,0.002,0.000,,,,,NVIDIA A100-SXM4-40GB MIG 4g.20gb (0),1,,13,"void ch_est::windowedChEstPreNoDftSOfdmKernel<float, __half, float, (unsigned int)2, (unsigned int)1, (unsigned short)4>(ch_est::puschRxChEstStatDescr_t *, ch_est::puschRxChEstDynDescr_t *)"
3826238571,6688,226129,137,2,1,24,2,1,44,0.001,0.001,,,,,NVIDIA A100-SXM4-40GB MIG 4g.20gb (0),1,,13,"void ch_est::chEstFilterNoDftSOfdmDispatchKernel<float, __half, float, (unsigned int)2>(ch_est::puschRxChEstStatDescr_t *, ch_est::puschRxChEstDynDescr_t *)"
3826256235,4768,226130,137,2,1,24,2,1,44,0.001,0.001,,,,,NVIDIA A100-SXM4-40GB MIG 4g.20gb (0),1,,13,"void ch_est::chEstFilterNoDftSOfdmDispatchKernel<float, __half, float, (unsigned int)2>(ch_est::puschRxChEstStatDescr_t *, ch_est::puschRxChEstDynDescr_t *)"
3826272811,2496,226141,103,1,1,128,1,1,16,0.000,0.000,,,,,NVIDIA A100-SXM4-40GB MIG 4g.20gb (0),1,,13,cupy_copy__complex64_complex64
3826292202,12384,226151,1434,1,1,128,1,1,16,0.000,0.000,,,,,NVIDIA A100-SXM4-40GB MIG 4g.20gb (0),1,,13,cupy_copy__complex64_complex64
3826311146,2912,226158,103,1,1,128,1,1,16,0.000,0.000,,,,,NVIDIA A100-SXM4-40GB MIG 4g.20gb (0),1,,13,cupy_copy__complex64_complex64
3826333962,88639,226165,1,1,1,32,32,1,30,0.000,0.000,,,,,NVIDIA A100-SXM4-40GB MIG 4g.20gb (0),1,,13,"void convert_kernel<__half2, float2>(tensor_layout_any, T1 *, tensor_layout_any, const T2 *)"
3826456232,24512,226168,,,,,,,,,,0.094,3822.422,Pinned,Device,NVIDIA A100-SXM4-40GB MIG 4g.20gb (0),1,,13,[CUDA memcpy Host-to-Device]
3826498312,47135,226169,,,,,,,,,,35.810,759707.453,Device,,NVIDIA A100-SXM4-40GB MIG 4g.20gb (0),1,,13,[CUDA memset]
3826551655,11616,226171,,,,,,,,,,0.000,6.887,Pinned,Device,NVIDIA A100-SXM4-40GB MIG 4g.20gb (0),1,,13,[CUDA memcpy Host-to-Device]
3826571527,32799,226172,,,,,,,,,,0.197,5994.185,Pinned,Device,NVIDIA A100-SXM4-40GB MIG 4g.20gb (0),1,,13,[CUDA memcpy Host-to-Device]
3826628678,9536,226173,273,1,1,48,1,1,40,0.000,0.001,,,,,NVIDIA A100-SXM4-40GB MIG 4g.20gb (0),1,,13,"void pusch_noise_intf_est::noiseIntfEstNoDftSOfdmKernel<float, __half, float, float, (unsigned int)2, (unsigned int)1, (unsigned char)4, (unsigned char)4>(pusch_noise_intf_est::puschRxNoiseIntfEstDynDescr)"
3826645158,2688,226184,35,1,1,128,1,1,16,0.000,0.000,,,,,NVIDIA A100-SXM4-40GB MIG 4g.20gb (0),1,,13,cupy_copy__complex64_complex64
3826662502,1664,226193,1,1,1,1,1,1,18,0.000,0.000,,,,,NVIDIA A100-SXM4-40GB MIG 4g.20gb (0),1,,13,cupy_copy__float32_float32
3826670342,8064,226199,,,,,,,,,,0.000,0.496,Device,Pageable,NVIDIA A100-SXM4-40GB MIG 4g.20gb (0),1,,7,[CUDA memcpy Device-to-Host]
3826768804,12736,226210,1434,1,1,128,1,1,16,0.000,0.000,,,,,NVIDIA A100-SXM4-40GB MIG 4g.20gb (0),1,,13,cupy_copy__complex64_complex64
3826792516,2688,226217,103,1,1,128,1,1,16,0.000,0.000,,,,,NVIDIA A100-SXM4-40GB MIG 4g.20gb (0),1,,13,cupy_copy__complex64_complex64
3826823780,2528,226224,35,1,1,128,1,1,16,0.000,0.000,,,,,NVIDIA A100-SXM4-40GB MIG 4g.20gb (0),1,,13,cupy_copy__complex64_complex64
3826844484,1696,226231,1,1,1,1,1,1,18,0.000,0.000,,,,,NVIDIA A100-SXM4-40GB MIG 4g.20gb (0),1,,13,cupy_copy__float32_float32
3826968546,82751,226242,1,1,1,32,32,1,30,0.000,0.000,,,,,NVIDIA A100-SXM4-40GB MIG 4g.20gb (0),1,,13,"void convert_kernel<__half2, float2>(tensor_layout_any, T1 *, tensor_layout_any, const T2 *)"
3827079745,6368,226245,,,,,,,,,,0.094,14713.551,Pinned,Device,NVIDIA A100-SXM4-40GB MIG 4g.20gb (0),1,,13,[CUDA memcpy Host-to-Device]
3827096480,3040,226246,,,,,,,,,,1.547,508757.325,Device,,NVIDIA A100-SXM4-40GB MIG 4g.20gb (0),1,,13,[CUDA memset]
3827100928,3712,226251,,,,,,,,,,0.031,8431.017,Pinned,Device,NVIDIA A100-SXM4-40GB MIG 4g.20gb (0),1,,13,[CUDA memcpy Host-to-Device]
3827107136,9824,226252,,,,,,,,,,0.197,20012.925,Pinned,Device,NVIDIA A100-SXM4-40GB MIG 4g.20gb (0),1,,13,[CUDA memcpy Host-to-Device]
3827122816,6496,226253,273,1,1,8,4,1,39,0.002,0.000,,,,,NVIDIA A100-SXM4-40GB MIG 4g.20gb (0),1,,13,"void channel_eq::eqMmseCoefCompLowMimoKernel<float, float, float, (unsigned int)4, (unsigned int)1, (unsigned int)4>(const channel_eq::_puschRxChEqStatDescr *, channel_eq::_puschRxChEqCoefCompDynDescr)"
3827130368,6400,226254,273,1,1,12,11,1,51,0.002,0.000,,,,,NVIDIA A100-SXM4-40GB MIG 4g.20gb (0),1,,13,"void channel_eq::eqMmseSoftDemapKernel<float, __half, __half, float, (unsigned int)4, (unsigned short)16383>(channel_eq::_puschRxChEqStatDescr *, channel_eq::_puschRxChEqSoftDemapDynDescr)"
3827137728,283004,226255,1,1,1,32,32,1,30,0.000,0.000,,,,,NVIDIA A100-SXM4-40GB MIG 4g.20gb (0),1,,13,"void convert_kernel<float2, __half2>(tensor_layout_any, T1 *, tensor_layout_any, const T2 *)"
3827421852,11040,226267,2253,1,1,128,1,1,16,0.000,0.000,,,,,NVIDIA A100-SXM4-40GB MIG 4g.20gb (0),1,,13,cupy_copy__float16_float16
3827435068,2880,226276,282,1,1,128,1,1,16,0.000,0.000,,,,,NVIDIA A100-SXM4-40GB MIG 4g.20gb (0),1,,13,cupy_copy__complex64_complex64
3827439548,2176,226285,26,1,1,128,1,1,16,0.000,0.000,,,,,NVIDIA A100-SXM4-40GB MIG 4g.20gb (0),1,,13,cupy_copy__float32_float32
3827444380,4896,226294,103,1,1,128,1,1,16,0.000,0.000,,,,,NVIDIA A100-SXM4-40GB MIG 4g.20gb (0),1,,13,cupy_copy__complex64_complex64
3827451612,11872,226304,1434,1,1,128,1,1,16,0.000,0.000,,,,,NVIDIA A100-SXM4-40GB MIG 4g.20gb (0),1,,13,cupy_copy__complex64_complex64
3827470492,82463,226309,1,1,1,32,32,1,30,0.000,0.000,,,,,NVIDIA A100-SXM4-40GB MIG 4g.20gb (0),1,,13,"void convert_kernel<__half2, float2>(tensor_layout_any, T1 *, tensor_layout_any, const T2 *)"
3827579994,6240,226312,,,,,,,,,,0.094,15015.346,Pinned,Device,NVIDIA A100-SXM4-40GB MIG 4g.20gb (0),1,,13,[CUDA memcpy Host-to-Device]
3827589978,597817,226313,,,,,,,,,,456.561,763370.728,Device,,NVIDIA A100-SXM4-40GB MIG 4g.20gb (0),1,,13,[CUDA memset]
3828191987,131102,226318,,,,,,,,,,1.235,9418.918,Pinned,Device,NVIDIA A100-SXM4-40GB MIG 4g.20gb (0),1,,13,[CUDA memcpy Host-to-Device]
3828330641,18784,226319,,,,,,,,,,0.197,10466.623,Pinned,Device,NVIDIA A100-SXM4-40GB MIG 4g.20gb (0),1,,13,[CUDA memcpy Host-to-Device]
3828366865,8448,226320,69,4,1,48,1,1,76,0.002,0.000,,,,,NVIDIA A100-SXM4-40GB MIG 4g.20gb (0),1,,13,"void ch_est::windowedChEstPreNoDftSOfdmKernel<float, __half, float, (unsigned int)2, (unsigned int)1, (unsigned short)4>(ch_est::puschRxChEstStatDescr_t *, ch_est::puschRxChEstDynDescr_t *)"
3828382001,7199,226321,137,2,1,24,2,1,44,0.001,0.001,,,,,NVIDIA A100-SXM4-40GB MIG 4g.20gb (0),1,,13,"void ch_est::chEstFilterNoDftSOfdmDispatchKernel<float, __half, float, (unsigned int)2>(ch_est::puschRxChEstStatDescr_t *, ch_est::puschRxChEstDynDescr_t *)"
3828397392,5312,226322,137,2,1,24,2,1,44,0.001,0.001,,,,,NVIDIA A100-SXM4-40GB MIG 4g.20gb (0),1,,13,"void ch_est::chEstFilterNoDftSOfdmDispatchKernel<float, __half, float, (unsigned int)2>(ch_est::puschRxChEstStatDescr_t *, ch_est::puschRxChEstDynDescr_t *)"
3828405232,2752,226333,103,1,1,128,1,1,16,0.000,0.000,,,,,NVIDIA A100-SXM4-40GB MIG 4g.20gb (0),1,,13,cupy_copy__complex64_complex64
3828412336,12800,226343,1434,1,1,128,1,1,16,0.000,0.000,,,,,NVIDIA A100-SXM4-40GB MIG 4g.20gb (0),1,,13,cupy_copy__complex64_complex64
3828430960,2688,226350,103,1,1,128,1,1,16,0.000,0.000,,,,,NVIDIA A100-SXM4-40GB MIG 4g.20gb (0),1,,13,cupy_copy__complex64_complex64
3828436688,88063,226357,1,1,1,32,32,1,30,0.000,0.000,,,,,NVIDIA A100-SXM4-40GB MIG 4g.20gb (0),1,,13,"void convert_kernel<__half2, float2>(tensor_layout_any, T1 *, tensor_layout_any, const T2 *)"
3828552430,5600,226360,,,,,,,,,,0.094,16731.388,Pinned,Device,NVIDIA A100-SXM4-40GB MIG 4g.20gb (0),1,,13,[CUDA memcpy Host-to-Device]
3828564750,47360,226361,,,,,,,,,,35.810,756090.651,Device,,NVIDIA A100-SXM4-40GB MIG 4g.20gb (0),1,,13,[CUDA memset]
3828617966,2432,226363,,,,,,,,,,0.000,32.895,Pinned,Device,NVIDIA A100-SXM4-40GB MIG 4g.20gb (0),1,,13,[CUDA memcpy Host-to-Device]
3828625806,12351,226364,,,,,,,,,,0.197,15918.367,Pinned,Device,NVIDIA A100-SXM4-40GB MIG 4g.20gb (0),1,,13,[CUDA memcpy Host-to-Device]
3828648141,12928,226365,273,1,1,48,1,1,40,0.000,0.001,,,,,NVIDIA A100-SXM4-40GB MIG 4g.20gb (0),1,,13,"void pusch_noise_intf_est::noiseIntfEstNoDftSOfdmKernel<float, __half, float, float, (unsigned int)2, (unsigned int)1, (unsigned char)4, (unsigned char)4>(pusch_noise_intf_est::puschRxNoiseIntfEstDynDescr)"
3828663853,2816,226376,35,1,1,128,1,1,16,0.000,0.000,,,,,NVIDIA A100-SXM4-40GB MIG 4g.20gb (0),1,,13,cupy_copy__complex64_complex64
3828672493,2016,226385,1,1,1,1,1,1,18,0.000,0.000,,,,,NVIDIA A100-SXM4-40GB MIG 4g.20gb (0),1,,13,cupy_copy__float32_float32
3828704461,1856,226391,,,,,,,,,,0.000,2.155,Device,Pageable,NVIDIA A100-SXM4-40GB MIG 4g.20gb (0),1,,7,[CUDA memcpy Device-to-Host]
3828764460,12960,226402,1434,1,1,128,1,1,16,0.000,0.000,,,,,NVIDIA A100-SXM4-40GB MIG 4g.20gb (0),1,,13,cupy_copy__complex64_complex64
3828794763,2912,226409,103,1,1,128,1,1,16,0.000,0.000,,,,,NVIDIA A100-SXM4-40GB MIG 4g.20gb (0),1,,13,cupy_copy__complex64_complex64
3828815947,2176,226416,35,1,1,128,1,1,16,0.000,0.000,,,,,NVIDIA A100-SXM4-40GB MIG 4g.20gb (0),1,,13,cupy_copy__complex64_complex64
3828833739,1792,226423,1,1,1,1,1,1,18,0.000,0.000,,,,,NVIDIA A100-SXM4-40GB MIG 4g.20gb (0),1,,13,cupy_copy__float32_float32
3828966505,81919,226434,1,1,1,32,32,1,30,0.000,0.000,,,,,NVIDIA A100-SXM4-40GB MIG 4g.20gb (0),1,,13,"void convert_kernel<__half2, float2>(tensor_layout_any, T1 *, tensor_layout_any, const T2 *)"
3829075944,5632,226437,,,,,,,,,,0.094,16636.287,Pinned,Device,NVIDIA A100-SXM4-40GB MIG 4g.20gb (0),1,,13,[CUDA memcpy Host-to-Device]
3829090152,3200,226438,,,,,,,,,,1.547,483320.000,Device,,NVIDIA A100-SXM4-40GB MIG 4g.20gb (0),1,,13,[CUDA memset]
3829097384,3584,226443,,,,,,,,,,0.031,8732.116,Pinned,Device,NVIDIA A100-SXM4-40GB MIG 4g.20gb (0),1,,13,[CUDA memcpy Host-to-Device]
3829103400,9887,226444,,,,,,,,,,0.197,19885.326,Pinned,Device,NVIDIA A100-SXM4-40GB MIG 4g.20gb (0),1,,13,[CUDA memcpy Host-to-Device]
3829117063,6400,226445,273,1,1,8,4,1,39,0.002,0.000,,,,,NVIDIA A100-SXM4-40GB MIG 4g.20gb (0),1,,13,"void channel_eq::eqMmseCoefCompLowMimoKernel<float, float, float, (unsigned int)4, (unsigned int)1, (unsigned int)4>(const channel_eq::_puschRxChEqStatDescr *, channel_eq::_puschRxChEqCoefCompDynDescr)"
3829124679,5984,226446,273,1,1,12,11,1,51,0.002,0.000,,,,,NVIDIA A100-SXM4-40GB MIG 4g.20gb (0),1,,13,"void channel_eq::eqMmseSoftDemapKernel<float, __half, __half, float, (unsigned int)4, (unsigned short)16383>(channel_eq::_puschRxChEqStatDescr *, channel_eq::_puschRxChEqSoftDemapDynDescr)"
3829131719,281853,226447,1,1,1,32,32,1,30,0.000,0.000,,,,,NVIDIA A100-SXM4-40GB MIG 4g.20gb (0),1,,13,"void convert_kernel<float2, __half2>(tensor_layout_any, T1 *, tensor_layout_any, const T2 *)"
3829415684,10816,226459,2253,1,1,128,1,1,16,0.000,0.000,,,,,NVIDIA A100-SXM4-40GB MIG 4g.20gb (0),1,,13,cupy_copy__float16_float16
3829428100,3616,226468,282,1,1,128,1,1,16,0.000,0.000,,,,,NVIDIA A100-SXM4-40GB MIG 4g.20gb (0),1,,13,cupy_copy__complex64_complex64
3829434724,2271,226477,26,1,1,128,1,1,16,0.000,0.000,,,,,NVIDIA A100-SXM4-40GB MIG 4g.20gb (0),1,,13,cupy_copy__float32_float32
3829438083,2880,226486,103,1,1,128,1,1,16,0.000,0.000,,,,,NVIDIA A100-SXM4-40GB MIG 4g.20gb (0),1,,13,cupy_copy__complex64_complex64
3829444259,11968,226496,1434,1,1,128,1,1,16,0.000,0.000,,,,,NVIDIA A100-SXM4-40GB MIG 4g.20gb (0),1,,13,cupy_copy__complex64_complex64
3829461059,83071,226501,1,1,1,32,32,1,30,0.000,0.000,,,,,NVIDIA A100-SXM4-40GB MIG 4g.20gb (0),1,,13,"void convert_kernel<__half2, float2>(tensor_layout_any, T1 *, tensor_layout_any, const T2 *)"
3829571394,5600,226504,,,,,,,,,,0.094,16731.388,Pinned,Device,NVIDIA A100-SXM4-40GB MIG 4g.20gb (0),1,,13,[CUDA memcpy Host-to-Device]
3829581346,597720,226505,,,,,,,,,,456.561,763827.289,Device,,NVIDIA A100-SXM4-40GB MIG 4g.20gb (0),1,,13,[CUDA memset]
3830188762,141662,226510,,,,,,,,,,1.235,8717.470,Pinned,Device,NVIDIA A100-SXM4-40GB MIG 4g.20gb (0),1,,13,[CUDA memcpy Host-to-Device]
3830346904,42496,226511,,,,,,,,,,0.197,4626.383,Pinned,Device,NVIDIA A100-SXM4-40GB MIG 4g.20gb (0),1,,13,[CUDA memcpy Host-to-Device]
3830417943,8000,226512,69,4,1,48,1,1,76,0.002,0.000,,,,,NVIDIA A100-SXM4-40GB MIG 4g.20gb (0),1,,13,"void ch_est::windowedChEstPreNoDftSOfdmKernel<float, __half, float, (unsigned int)2, (unsigned int)1, (unsigned short)4>(ch_est::puschRxChEstStatDescr_t *, ch_est::puschRxChEstDynDescr_t *)"
3830437399,6688,226513,137,2,1,24,2,1,44,0.001,0.001,,,,,NVIDIA A100-SXM4-40GB MIG 4g.20gb (0),1,,13,"void ch_est::chEstFilterNoDftSOfdmDispatchKernel<float, __half, float, (unsigned int)2>(ch_est::puschRxChEstStatDescr_t *, ch_est::puschRxChEstDynDescr_t *)"
3830454359,4736,226514,137,2,1,24,2,1,44,0.001,0.001,,,,,NVIDIA A100-SXM4-40GB MIG 4g.20gb (0),1,,13,"void ch_est::chEstFilterNoDftSOfdmDispatchKernel<float, __half, float, (unsigned int)2>(ch_est::puschRxChEstStatDescr_t *, ch_est::puschRxChEstDynDescr_t *)"
3830471223,2720,226525,103,1,1,128,1,1,16,0.000,0.000,,,,,NVIDIA A100-SXM4-40GB MIG 4g.20gb (0),1,,13,cupy_copy__complex64_complex64
3830484535,12767,226535,1434,1,1,128,1,1,16,0.000,0.000,,,,,NVIDIA A100-SXM4-40GB MIG 4g.20gb (0),1,,13,cupy_copy__complex64_complex64
3830519094,2368,226542,103,1,1,128,1,1,16,0.000,0.000,,,,,NVIDIA A100-SXM4-40GB MIG 4g.20gb (0),1,,13,cupy_copy__complex64_complex64
3830532982,86239,226549,1,1,1,32,32,1,30,0.000,0.000,,,,,NVIDIA A100-SXM4-40GB MIG 4g.20gb (0),1,,13,"void convert_kernel<__half2, float2>(tensor_layout_any, T1 *, tensor_layout_any, const T2 *)"
3830651188,5888,226552,,,,,,,,,,0.094,15912.954,Pinned,Device,NVIDIA A100-SXM4-40GB MIG 4g.20gb (0),1,,13,[CUDA memcpy Host-to-Device]
3830666004,47552,226553,,,,,,,,,,35.810,753046.808,Device,,NVIDIA A100-SXM4-40GB MIG 4g.20gb (0),1,,13,[CUDA memset]
3830719892,6720,226555,,,,,,,,,,0.000,11.905,Pinned,Device,NVIDIA A100-SXM4-40GB MIG 4g.20gb (0),1,,13,[CUDA memcpy Host-to-Device]
3830733427,14688,226556,,,,,,,,,,0.197,13385.466,Pinned,Device,NVIDIA A100-SXM4-40GB MIG 4g.20gb (0),1,,13,[CUDA memcpy Host-to-Device]
3830759955,10752,226557,273,1,1,48,1,1,40,0.000,0.001,,,,,NVIDIA A100-SXM4-40GB MIG 4g.20gb (0),1,,13,"void pusch_noise_intf_est::noiseIntfEstNoDftSOfdmKernel<float, __half, float, float, (unsigned int)2, (unsigned int)1, (unsigned char)4, (unsigned char)4>(pusch_noise_intf_est::puschRxNoiseIntfEstDynDescr)"
3830772595,3040,226568,35,1,1,128,1,1,16,0.000,0.000,,,,,NVIDIA A100-SXM4-40GB MIG 4g.20gb (0),1,,13,cupy_copy__complex64_complex64
3830778451,2080,226577,1,1,1,1,1,1,18,0.000,0.000,,,,,NVIDIA A100-SXM4-40GB MIG 4g.20gb (0),1,,13,cupy_copy__float32_float32
3830798163,1664,226583,,,,,,,,,,0.000,2.404,Device,Pageable,NVIDIA A100-SXM4-40GB MIG 4g.20gb (0),1,,7,[CUDA memcpy Device-to-Host]
3830869202,12992,226594,1434,1,1,128,1,1,16,0.000,0.000,,,,,NVIDIA A100-SXM4-40GB MIG 4g.20gb (0),1,,13,cupy_copy__complex64_complex64
3830896625,2848,226601,103,1,1,128,1,1,16,0.000,0.000,,,,,NVIDIA A100-SXM4-40GB MIG 4g.20gb (0),1,,13,cupy_copy__complex64_complex64
3830919537,2528,226608,35,1,1,128,1,1,16,0.000,0.000,,,,,NVIDIA A100-SXM4-40GB MIG 4g.20gb (0),1,,13,cupy_copy__complex64_complex64
3830934961,1824,226615,1,1,1,1,1,1,18,0.000,0.000,,,,,NVIDIA A100-SXM4-40GB MIG 4g.20gb (0),1,,13,cupy_copy__float32_float32
3831069455,81855,226626,1,1,1,32,32,1,30,0.000,0.000,,,,,NVIDIA A100-SXM4-40GB MIG 4g.20gb (0),1,,13,"void convert_kernel<__half2, float2>(tensor_layout_any, T1 *, tensor_layout_any, const T2 *)"
3831178926,5824,226629,,,,,,,,,,0.094,16087.884,Pinned,Device,NVIDIA A100-SXM4-40GB MIG 4g.20gb (0),1,,13,[CUDA memcpy Host-to-Device]
3831195246,3136,226630,,,,,,,,,,1.547,493182.821,Device,,NVIDIA A100-SXM4-40GB MIG 4g.20gb (0),1,,13,[CUDA memset]
3831200398,3648,226635,,,,,,,,,,0.031,8578.922,Pinned,Device,NVIDIA A100-SXM4-40GB MIG 4g.20gb (0),1,,13,[CUDA memcpy Host-to-Device]
3831206830,9695,226636,,,,,,,,,,0.197,20279.132,Pinned,Device,NVIDIA A100-SXM4-40GB MIG 4g.20gb (0),1,,13,[CUDA memcpy Host-to-Device]
3831223373,8288,226637,273,1,1,8,4,1,39,0.002,0.000,,,,,NVIDIA A100-SXM4-40GB MIG 4g.20gb (0),1,,13,"void channel_eq::eqMmseCoefCompLowMimoKernel<float, float, float, (unsigned int)4, (unsigned int)1, (unsigned int)4>(const channel_eq::_puschRxChEqStatDescr *, channel_eq::_puschRxChEqCoefCompDynDescr)"
3831232781,6048,226638,273,1,1,12,11,1,51,0.002,0.000,,,,,NVIDIA A100-SXM4-40GB MIG 4g.20gb (0),1,,13,"void channel_eq::eqMmseSoftDemapKernel<float, __half, __half, float, (unsigned int)4, (unsigned short)16383>(channel_eq::_puschRxChEqStatDescr *, channel_eq::_puschRxChEqSoftDemapDynDescr)"
3831241869,294397,226639,1,1,1,32,32,1,30,0.000,0.000,,,,,NVIDIA A100-SXM4-40GB MIG 4g.20gb (0),1,,13,"void convert_kernel<float2, __half2>(tensor_layout_any, T1 *, tensor_layout_any, const T2 *)"
3831537226,10879,226651,2253,1,1,128,1,1,16,0.000,0.000,,,,,NVIDIA A100-SXM4-40GB MIG 4g.20gb (0),1,,13,cupy_copy__float16_float16
3831553545,3488,226660,282,1,1,128,1,1,16,0.000,0.000,,,,,NVIDIA A100-SXM4-40GB MIG 4g.20gb (0),1,,13,cupy_copy__complex64_complex64
3831558089,2560,226669,26,1,1,128,1,1,16,0.000,0.000,,,,,NVIDIA A100-SXM4-40GB MIG 4g.20gb (0),1,,13,cupy_copy__float32_float32
3831562441,2784,226678,103,1,1,128,1,1,16,0.000,0.000,,,,,NVIDIA A100-SXM4-40GB MIG 4g.20gb (0),1,,13,cupy_copy__complex64_complex64
3831568201,12064,226688,1434,1,1,128,1,1,16,0.000,0.000,,,,,NVIDIA A100-SXM4-40GB MIG 4g.20gb (0),1,,13,cupy_copy__complex64_complex64
3831582441,81183,226693,1,1,1,32,32,1,30,0.000,0.000,,,,,NVIDIA A100-SXM4-40GB MIG 4g.20gb (0),1,,13,"void convert_kernel<__half2, float2>(tensor_layout_any, T1 *, tensor_layout_any, const T2 *)"
3831689960,5600,226696,,,,,,,,,,0.094,16731.388,Pinned,Device,NVIDIA A100-SXM4-40GB MIG 4g.20gb (0),1,,13,[CUDA memcpy Host-to-Device]
3831701319,599641,226697,,,,,,,,,,456.561,761087.920,Device,,NVIDIA A100-SXM4-40GB MIG 4g.20gb (0),1,,13,[CUDA memset]
3832308096,151038,226702,,,,,,,,,,1.235,8175.329,Pinned,Device,NVIDIA A100-SXM4-40GB MIG 4g.20gb (0),1,,13,[CUDA memcpy Host-to-Device]
3832472094,38943,226703,,,,,,,,,,0.197,5048.500,Pinned,Device,NVIDIA A100-SXM4-40GB MIG 4g.20gb (0),1,,13,[CUDA memcpy Host-to-Device]
3832533629,8512,226704,69,4,1,48,1,1,76,0.002,0.000,,,,,NVIDIA A100-SXM4-40GB MIG 4g.20gb (0),1,,13,"void ch_est::windowedChEstPreNoDftSOfdmKernel<float, __half, float, (unsigned int)2, (unsigned int)1, (unsigned short)4>(ch_est::puschRxChEstStatDescr_t *, ch_est::puschRxChEstDynDescr_t *)"
3832551549,6976,226705,137,2,1,24,2,1,44,0.001,0.001,,,,,NVIDIA A100-SXM4-40GB MIG 4g.20gb (0),1,,13,"void ch_est::chEstFilterNoDftSOfdmDispatchKernel<float, __half, float, (unsigned int)2>(ch_est::puschRxChEstStatDescr_t *, ch_est::puschRxChEstDynDescr_t *)"
3832568765,4736,226706,137,2,1,24,2,1,44,0.001,0.001,,,,,NVIDIA A100-SXM4-40GB MIG 4g.20gb (0),1,,13,"void ch_est::chEstFilterNoDftSOfdmDispatchKernel<float, __half, float, (unsigned int)2>(ch_est::puschRxChEstStatDescr_t *, ch_est::puschRxChEstDynDescr_t *)"
3832586557,2656,226717,103,1,1,128,1,1,16,0.000,0.000,,,,,NVIDIA A100-SXM4-40GB MIG 4g.20gb (0),1,,13,cupy_copy__complex64_complex64
3832604380,12352,226727,1434,1,1,128,1,1,16,0.000,0.000,,,,,NVIDIA A100-SXM4-40GB MIG 4g.20gb (0),1,,13,cupy_copy__complex64_complex64
3832622684,2944,226734,103,1,1,128,1,1,16,0.000,0.000,,,,,NVIDIA A100-SXM4-40GB MIG 4g.20gb (0),1,,13,cupy_copy__complex64_complex64
3832647580,82367,226741,1,1,1,32,32,1,30,0.000,0.000,,,,,NVIDIA A100-SXM4-40GB MIG 4g.20gb (0),1,,13,"void convert_kernel<__half2, float2>(tensor_layout_any, T1 *, tensor_layout_any, const T2 *)"
3832762298,23136,226744,,,,,,,,,,0.094,4049.729,Pinned,Device,NVIDIA A100-SXM4-40GB MIG 4g.20gb (0),1,,13,[CUDA memcpy Host-to-Device]
3832795674,47359,226745,,,,,,,,,,35.810,756126.461,Device,,NVIDIA A100-SXM4-40GB MIG 4g.20gb (0),1,,13,[CUDA memset]
3832847001,10368,226747,,,,,,,,,,0.000,7.716,Pinned,Device,NVIDIA A100-SXM4-40GB MIG 4g.20gb (0),1,,13,[CUDA memcpy Host-to-Device]
3832861369,27808,226748,,,,,,,,,,0.197,7070.024,Pinned,Device,NVIDIA A100-SXM4-40GB MIG 4g.20gb (0),1,,13,[CUDA memcpy Host-to-Device]
3832901977,9952,226749,273,1,1,48,1,1,40,0.000,0.001,,,,,NVIDIA A100-SXM4-40GB MIG 4g.20gb (0),1,,13,"void pusch_noise_intf_est::noiseIntfEstNoDftSOfdmKernel<float, __half, float, float, (unsigned int)2, (unsigned int)1, (unsigned char)4, (unsigned char)4>(pusch_noise_intf_est::puschRxNoiseIntfEstDynDescr)"
3832923352,3008,226760,35,1,1,128,1,1,16,0.000,0.000,,,,,NVIDIA A100-SXM4-40GB MIG 4g.20gb (0),1,,13,cupy_copy__complex64_complex64
3832932088,2048,226769,1,1,1,1,1,1,18,0.000,0.000,,,,,NVIDIA A100-SXM4-40GB MIG 4g.20gb (0),1,,13,cupy_copy__float32_float32
3832935800,2336,226775,,,,,,,,,,0.000,1.712,Device,Pageable,NVIDIA A100-SXM4-40GB MIG 4g.20gb (0),1,,7,[CUDA memcpy Device-to-Host]
3833007575,13024,226786,1434,1,1,128,1,1,16,0.000,0.000,,,,,NVIDIA A100-SXM4-40GB MIG 4g.20gb (0),1,,13,cupy_copy__complex64_complex64
3833031479,3456,226793,103,1,1,128,1,1,16,0.000,0.000,,,,,NVIDIA A100-SXM4-40GB MIG 4g.20gb (0),1,,13,cupy_copy__complex64_complex64
3833049335,2624,226800,35,1,1,128,1,1,16,0.000,0.000,,,,,NVIDIA A100-SXM4-40GB MIG 4g.20gb (0),1,,13,cupy_copy__complex64_complex64
3833076694,1984,226807,1,1,1,1,1,1,18,0.000,0.000,,,,,NVIDIA A100-SXM4-40GB MIG 4g.20gb (0),1,,13,cupy_copy__float32_float32
3833200053,81951,226818,1,1,1,32,32,1,30,0.000,0.000,,,,,NVIDIA A100-SXM4-40GB MIG 4g.20gb (0),1,,13,"void convert_kernel<__half2, float2>(tensor_layout_any, T1 *, tensor_layout_any, const T2 *)"
3833309460,5472,226821,,,,,,,,,,0.094,17122.757,Pinned,Device,NVIDIA A100-SXM4-40GB MIG 4g.20gb (0),1,,13,[CUDA memcpy Host-to-Device]
3833325171,3232,226822,,,,,,,,,,1.547,478533.199,Device,,NVIDIA A100-SXM4-40GB MIG 4g.20gb (0),1,,13,[CUDA memset]
3833331059,3072,226827,,,,,,,,,,0.031,10187.474,Pinned,Device,NVIDIA A100-SXM4-40GB MIG 4g.20gb (0),1,,13,[CUDA memcpy Host-to-Device]
3833336595,10464,226828,,,,,,,,,,0.197,18788.844,Pinned,Device,NVIDIA A100-SXM4-40GB MIG 4g.20gb (0),1,,13,[CUDA memcpy Host-to-Device]
3833352147,6464,226829,273,1,1,8,4,1,39,0.002,0.000,,,,,NVIDIA A100-SXM4-40GB MIG 4g.20gb (0),1,,13,"void channel_eq::eqMmseCoefCompLowMimoKernel<float, float, float, (unsigned int)4, (unsigned int)1, (unsigned int)4>(const channel_eq::_puschRxChEqStatDescr *, channel_eq::_puschRxChEqCoefCompDynDescr)"
3833360147,6080,226830,273,1,1,12,11,1,51,0.002,0.000,,,,,NVIDIA A100-SXM4-40GB MIG 4g.20gb (0),1,,13,"void channel_eq::eqMmseSoftDemapKernel<float, __half, __half, float, (unsigned int)4, (unsigned short)16383>(channel_eq::_puschRxChEqStatDescr *, channel_eq::_puschRxChEqSoftDemapDynDescr)"
3833367315,282716,226831,1,1,1,32,32,1,30,0.000,0.000,,,,,NVIDIA A100-SXM4-40GB MIG 4g.20gb (0),1,,13,"void convert_kernel<float2, __half2>(tensor_layout_any, T1 *, tensor_layout_any, const T2 *)"
3833652943,11008,226843,2253,1,1,128,1,1,16,0.000,0.000,,,,,NVIDIA A100-SXM4-40GB MIG 4g.20gb (0),1,,13,cupy_copy__float16_float16
3833666127,3680,226852,282,1,1,128,1,1,16,0.000,0.000,,,,,NVIDIA A100-SXM4-40GB MIG 4g.20gb (0),1,,13,cupy_copy__complex64_complex64
3833673679,2208,226861,26,1,1,128,1,1,16,0.000,0.000,,,,,NVIDIA A100-SXM4-40GB MIG 4g.20gb (0),1,,13,cupy_copy__float32_float32
3833676911,3104,226870,103,1,1,128,1,1,16,0.000,0.000,,,,,NVIDIA A100-SXM4-40GB MIG 4g.20gb (0),1,,13,cupy_copy__complex64_complex64
3833680975,12288,226880,1434,1,1,128,1,1,16,0.000,0.000,,,,,NVIDIA A100-SXM4-40GB MIG 4g.20gb (0),1,,13,cupy_copy__complex64_complex64
3833702479,81759,226885,1,1,1,32,32,1,30,0.000,0.000,,,,,NVIDIA A100-SXM4-40GB MIG 4g.20gb (0),1,,13,"void convert_kernel<__half2, float2>(tensor_layout_any, T1 *, tensor_layout_any, const T2 *)"
3833810893,5792,226888,,,,,,,,,,0.094,16176.708,Pinned,Device,NVIDIA A100-SXM4-40GB MIG 4g.20gb (0),1,,13,[CUDA memcpy Host-to-Device]
3833820845,598617,226889,,,,,,,,,,456.561,762457.605,Device,,NVIDIA A100-SXM4-40GB MIG 4g.20gb (0),1,,13,[CUDA memset]
3834427046,148126,226894,,,,,,,,,,1.235,8337.107,Pinned,Device,NVIDIA A100-SXM4-40GB MIG 4g.20gb (0),1,,13,[CUDA memcpy Host-to-Device]
3834586628,38463,226895,,,,,,,,,,0.197,5111.611,Pinned,Device,NVIDIA A100-SXM4-40GB MIG 4g.20gb (0),1,,13,[CUDA memcpy Host-to-Device]
3834647107,8128,226896,69,4,1,48,1,1,76,0.002,0.000,,,,,NVIDIA A100-SXM4-40GB MIG 4g.20gb (0),1,,13,"void ch_est::windowedChEstPreNoDftSOfdmKernel<float, __half, float, (unsigned int)2, (unsigned int)1, (unsigned short)4>(ch_est::puschRxChEstStatDescr_t *, ch_est::puschRxChEstDynDescr_t *)"
3834662467,6912,226897,137,2,1,24,2,1,44,0.001,0.001,,,,,NVIDIA A100-SXM4-40GB MIG 4g.20gb (0),1,,13,"void ch_est::chEstFilterNoDftSOfdmDispatchKernel<float, __half, float, (unsigned int)2>(ch_est::puschRxChEstStatDescr_t *, ch_est::puschRxChEstDynDescr_t *)"
3834676099,4736,226898,137,2,1,24,2,1,44,0.001,0.001,,,,,NVIDIA A100-SXM4-40GB MIG 4g.20gb (0),1,,13,"void ch_est::chEstFilterNoDftSOfdmDispatchKernel<float, __half, float, (unsigned int)2>(ch_est::puschRxChEstStatDescr_t *, ch_est::puschRxChEstDynDescr_t *)"
3834689475,2528,226909,103,1,1,128,1,1,16,0.000,0.000,,,,,NVIDIA A100-SXM4-40GB MIG 4g.20gb (0),1,,13,cupy_copy__complex64_complex64
3834704898,12800,226919,1434,1,1,128,1,1,16,0.000,0.000,,,,,NVIDIA A100-SXM4-40GB MIG 4g.20gb (0),1,,13,cupy_copy__complex64_complex64
3834734018,2624,226926,103,1,1,128,1,1,16,0.000,0.000,,,,,NVIDIA A100-SXM4-40GB MIG 4g.20gb (0),1,,13,cupy_copy__complex64_complex64
3834742690,91743,226933,1,1,1,32,32,1,30,0.000,0.000,,,,,NVIDIA A100-SXM4-40GB MIG 4g.20gb (0),1,,13,"void convert_kernel<__half2, float2>(tensor_layout_any, T1 *, tensor_layout_any, const T2 *)"
3834879104,19424,226936,,,,,,,,,,0.094,4823.657,Pinned,Device,NVIDIA A100-SXM4-40GB MIG 4g.20gb (0),1,,13,[CUDA memcpy Host-to-Device]
3834913952,47167,226937,,,,,,,,,,35.810,759206.114,Device,,NVIDIA A100-SXM4-40GB MIG 4g.20gb (0),1,,13,[CUDA memset]
3834972991,14688,226939,,,,,,,,,,0.000,5.447,Pinned,Device,NVIDIA A100-SXM4-40GB MIG 4g.20gb (0),1,,13,[CUDA memcpy Host-to-Device]
3834995199,34815,226940,,,,,,,,,,0.197,5647.172,Pinned,Device,NVIDIA A100-SXM4-40GB MIG 4g.20gb (0),1,,13,[CUDA memcpy Host-to-Device]
3835049758,9408,226941,273,1,1,48,1,1,40,0.000,0.001,,,,,NVIDIA A100-SXM4-40GB MIG 4g.20gb (0),1,,13,"void pusch_noise_intf_est::noiseIntfEstNoDftSOfdmKernel<float, __half, float, float, (unsigned int)2, (unsigned int)1, (unsigned char)4, (unsigned char)4>(pusch_noise_intf_est::puschRxNoiseIntfEstDynDescr)"
3835066462,2688,226952,35,1,1,128,1,1,16,0.000,0.000,,,,,NVIDIA A100-SXM4-40GB MIG 4g.20gb (0),1,,13,cupy_copy__complex64_complex64
3835083262,1696,226961,1,1,1,1,1,1,18,0.000,0.000,,,,,NVIDIA A100-SXM4-40GB MIG 4g.20gb (0),1,,13,cupy_copy__float32_float32
3835088542,6624,226967,,,,,,,,,,0.000,0.604,Device,Pageable,NVIDIA A100-SXM4-40GB MIG 4g.20gb (0),1,,7,[CUDA memcpy Device-to-Host]
3835191420,12672,226978,1434,1,1,128,1,1,16,0.000,0.000,,,,,NVIDIA A100-SXM4-40GB MIG 4g.20gb (0),1,,13,cupy_copy__complex64_complex64
3835216764,2592,226985,103,1,1,128,1,1,16,0.000,0.000,,,,,NVIDIA A100-SXM4-40GB MIG 4g.20gb (0),1,,13,cupy_copy__complex64_complex64
3835233116,2304,226992,35,1,1,128,1,1,16,0.000,0.000,,,,,NVIDIA A100-SXM4-40GB MIG 4g.20gb (0),1,,13,cupy_copy__complex64_complex64
3835249340,1952,226999,1,1,1,1,1,1,18,0.000,0.000,,,,,NVIDIA A100-SXM4-40GB MIG 4g.20gb (0),1,,13,cupy_copy__float32_float32
3835380506,81887,227010,1,1,1,32,32,1,30,0.000,0.000,,,,,NVIDIA A100-SXM4-40GB MIG 4g.20gb (0),1,,13,"void convert_kernel<__half2, float2>(tensor_layout_any, T1 *, tensor_layout_any, const T2 *)"
3835491993,11327,227013,,,,,,,,,,0.094,8271.858,Pinned,Device,NVIDIA A100-SXM4-40GB MIG 4g.20gb (0),1,,13,[CUDA memcpy Host-to-Device]
3835514968,3456,227014,,,,,,,,,,1.547,447517.201,Device,,NVIDIA A100-SXM4-40GB MIG 4g.20gb (0),1,,13,[CUDA memset]
3835522392,7072,227019,,,,,,,,,,0.031,4425.317,Pinned,Device,NVIDIA A100-SXM4-40GB MIG 4g.20gb (0),1,,13,[CUDA memcpy Host-to-Device]
3835532600,12704,227020,,,,,,,,,,0.197,15475.999,Pinned,Device,NVIDIA A100-SXM4-40GB MIG 4g.20gb (0),1,,13,[CUDA memcpy Host-to-Device]
3835556440,8128,227021,273,1,1,8,4,1,39,0.002,0.000,,,,,NVIDIA A100-SXM4-40GB MIG 4g.20gb (0),1,,13,"void channel_eq::eqMmseCoefCompLowMimoKernel<float, float, float, (unsigned int)4, (unsigned int)1, (unsigned int)4>(const channel_eq::_puschRxChEqStatDescr *, channel_eq::_puschRxChEqCoefCompDynDescr)"
3835572184,6176,227022,273,1,1,12,11,1,51,0.002,0.000,,,,,NVIDIA A100-SXM4-40GB MIG 4g.20gb (0),1,,13,"void channel_eq::eqMmseSoftDemapKernel<float, __half, __half, float, (unsigned int)4, (unsigned short)16383>(channel_eq::_puschRxChEqStatDescr *, channel_eq::_puschRxChEqSoftDemapDynDescr)"
3835585815,282781,227023,1,1,1,32,32,1,30,0.000,0.000,,,,,NVIDIA A100-SXM4-40GB MIG 4g.20gb (0),1,,13,"void convert_kernel<float2, __half2>(tensor_layout_any, T1 *, tensor_layout_any, const T2 *)"
3835869748,10944,227035,2253,1,1,128,1,1,16,0.000,0.000,,,,,NVIDIA A100-SXM4-40GB MIG 4g.20gb (0),1,,13,cupy_copy__float16_float16
3835882324,3168,227044,282,1,1,128,1,1,16,0.000,0.000,,,,,NVIDIA A100-SXM4-40GB MIG 4g.20gb (0),1,,13,cupy_copy__complex64_complex64
3835887540,2368,227053,26,1,1,128,1,1,16,0.000,0.000,,,,,NVIDIA A100-SXM4-40GB MIG 4g.20gb (0),1,,13,cupy_copy__float32_float32
3835892372,2912,227062,103,1,1,128,1,1,16,0.000,0.000,,,,,NVIDIA A100-SXM4-40GB MIG 4g.20gb (0),1,,13,cupy_copy__complex64_complex64
3835896372,11935,227072,1434,1,1,128,1,1,16,0.000,0.000,,,,,NVIDIA A100-SXM4-40GB MIG 4g.20gb (0),1,,13,cupy_copy__complex64_complex64
3835910931,81663,227077,1,1,1,32,32,1,30,0.000,0.000,,,,,NVIDIA A100-SXM4-40GB MIG 4g.20gb (0),1,,13,"void convert_kernel<__half2, float2>(tensor_layout_any, T1 *, tensor_layout_any, const T2 *)"
3836019602,5664,227080,,,,,,,,,,0.094,16542.310,Pinned,Device,NVIDIA A100-SXM4-40GB MIG 4g.20gb (0),1,,13,[CUDA memcpy Host-to-Device]
3836029618,596313,227081,,,,,,,,,,456.561,765196.973,Device,,NVIDIA A100-SXM4-40GB MIG 4g.20gb (0),1,,13,[CUDA memset]
3836626827,99454,227086,,,,,,,,,,1.235,12416.127,Pinned,Device,NVIDIA A100-SXM4-40GB MIG 4g.20gb (0),1,,13,[CUDA memcpy Host-to-Device]
3836732873,19648,227087,,,,,,,,,,0.197,10006.364,Pinned,Device,NVIDIA A100-SXM4-40GB MIG 4g.20gb (0),1,,13,[CUDA memcpy Host-to-Device]
3836762537,8544,227088,69,4,1,48,1,1,76,0.002,0.000,,,,,NVIDIA A100-SXM4-40GB MIG 4g.20gb (0),1,,13,"void ch_est::windowedChEstPreNoDftSOfdmKernel<float, __half, float, (unsigned int)2, (unsigned int)1, (unsigned short)4>(ch_est::puschRxChEstStatDescr_t *, ch_est::puschRxChEstDynDescr_t *)"
3836777577,6496,227089,137,2,1,24,2,1,44,0.001,0.001,,,,,NVIDIA A100-SXM4-40GB MIG 4g.20gb (0),1,,13,"void ch_est::chEstFilterNoDftSOfdmDispatchKernel<float, __half, float, (unsigned int)2>(ch_est::puschRxChEstStatDescr_t *, ch_est::puschRxChEstDynDescr_t *)"
3836785737,5248,227090,137,2,1,24,2,1,44,0.001,0.001,,,,,NVIDIA A100-SXM4-40GB MIG 4g.20gb (0),1,,13,"void ch_est::chEstFilterNoDftSOfdmDispatchKernel<float, __half, float, (unsigned int)2>(ch_est::puschRxChEstStatDescr_t *, ch_est::puschRxChEstDynDescr_t *)"
3836793449,2943,227101,103,1,1,128,1,1,16,0.000,0.000,,,,,NVIDIA A100-SXM4-40GB MIG 4g.20gb (0),1,,13,cupy_copy__complex64_complex64
3836801128,12960,227111,1434,1,1,128,1,1,16,0.000,0.000,,,,,NVIDIA A100-SXM4-40GB MIG 4g.20gb (0),1,,13,cupy_copy__complex64_complex64
3836819976,2624,227118,103,1,1,128,1,1,16,0.000,0.000,,,,,NVIDIA A100-SXM4-40GB MIG 4g.20gb (0),1,,13,cupy_copy__complex64_complex64
3836828488,91295,227125,1,1,1,32,32,1,30,0.000,0.000,,,,,NVIDIA A100-SXM4-40GB MIG 4g.20gb (0),1,,13,"void convert_kernel<__half2, float2>(tensor_layout_any, T1 *, tensor_layout_any, const T2 *)"
3836951335,5824,227128,,,,,,,,,,0.094,16087.884,Pinned,Device,NVIDIA A100-SXM4-40GB MIG 4g.20gb (0),1,,13,[CUDA memcpy Host-to-Device]
3836963238,47200,227129,,,,,,,,,,35.810,758668.965,Device,,NVIDIA A100-SXM4-40GB MIG 4g.20gb (0),1,,13,[CUDA memset]
3837017414,4256,227131,,,,,,,,,,0.000,18.797,Pinned,Device,NVIDIA A100-SXM4-40GB MIG 4g.20gb (0),1,,13,[CUDA memcpy Host-to-Device]
3837030214,19935,227132,,,,,,,,,,0.197,9862.447,Pinned,Device,NVIDIA A100-SXM4-40GB MIG 4g.20gb (0),1,,13,[CUDA memcpy Host-to-Device]
3837062629,11264,227133,273,1,1,48,1,1,40,0.000,0.001,,,,,NVIDIA A100-SXM4-40GB MIG 4g.20gb (0),1,,13,"void pusch_noise_intf_est::noiseIntfEstNoDftSOfdmKernel<float, __half, float, float, (unsigned int)2, (unsigned int)1, (unsigned char)4, (unsigned char)4>(pusch_noise_intf_est::puschRxNoiseIntfEstDynDescr)"
3837078981,3104,227144,35,1,1,128,1,1,16,0.000,0.000,,,,,NVIDIA A100-SXM4-40GB MIG 4g.20gb (0),1,,13,cupy_copy__complex64_complex64
3837088357,1664,227153,1,1,1,1,1,1,18,0.000,0.000,,,,,NVIDIA A100-SXM4-40GB MIG 4g.20gb (0),1,,13,cupy_copy__float32_float32
3837104709,2400,227159,,,,,,,,,,0.000,1.667,Device,Pageable,NVIDIA A100-SXM4-40GB MIG 4g.20gb (0),1,,7,[CUDA memcpy Device-to-Host]
3837168100,12928,227170,1434,1,1,128,1,1,16,0.000,0.000,,,,,NVIDIA A100-SXM4-40GB MIG 4g.20gb (0),1,,13,cupy_copy__complex64_complex64
3837198116,2975,227177,103,1,1,128,1,1,16,0.000,0.000,,,,,NVIDIA A100-SXM4-40GB MIG 4g.20gb (0),1,,13,cupy_copy__complex64_complex64
3837215907,2688,227184,35,1,1,128,1,1,16,0.000,0.000,,,,,NVIDIA A100-SXM4-40GB MIG 4g.20gb (0),1,,13,cupy_copy__complex64_complex64
3837233571,1760,227191,1,1,1,1,1,1,18,0.000,0.000,,,,,NVIDIA A100-SXM4-40GB MIG 4g.20gb (0),1,,13,cupy_copy__float32_float32
3837365889,82175,227202,1,1,1,32,32,1,30,0.000,0.000,,,,,NVIDIA A100-SXM4-40GB MIG 4g.20gb (0),1,,13,"void convert_kernel<__half2, float2>(tensor_layout_any, T1 *, tensor_layout_any, const T2 *)"
3837476160,5792,227205,,,,,,,,,,0.094,16176.708,Pinned,Device,NVIDIA A100-SXM4-40GB MIG 4g.20gb (0),1,,13,[CUDA memcpy Host-to-Device]
3837490720,3456,227206,,,,,,,,,,1.547,447517.201,Device,,NVIDIA A100-SXM4-40GB MIG 4g.20gb (0),1,,13,[CUDA memset]
3837497216,3168,227211,,,,,,,,,,0.031,9878.770,Pinned,Device,NVIDIA A100-SXM4-40GB MIG 4g.20gb (0),1,,13,[CUDA memcpy Host-to-Device]
3837503136,9632,227212,,,,,,,,,,0.197,20411.843,Pinned,Device,NVIDIA A100-SXM4-40GB MIG 4g.20gb (0),1,,13,[CUDA memcpy Host-to-Device]
3837516416,5888,227213,273,1,1,8,4,1,39,0.002,0.000,,,,,NVIDIA A100-SXM4-40GB MIG 4g.20gb (0),1,,13,"void channel_eq::eqMmseCoefCompLowMimoKernel<float, float, float, (unsigned int)4, (unsigned int)1, (unsigned int)4>(const channel_eq::_puschRxChEqStatDescr *, channel_eq::_puschRxChEqCoefCompDynDescr)"
3837525759,5504,227214,273,1,1,12,11,1,51,0.002,0.000,,,,,NVIDIA A100-SXM4-40GB MIG 4g.20gb (0),1,,13,"void channel_eq::eqMmseSoftDemapKernel<float, __half, __half, float, (unsigned int)4, (unsigned short)16383>(channel_eq::_puschRxChEqStatDescr *, channel_eq::_puschRxChEqSoftDemapDynDescr)"
3837534463,282973,227215,1,1,1,32,32,1,30,0.000,0.000,,,,,NVIDIA A100-SXM4-40GB MIG 4g.20gb (0),1,,13,"void convert_kernel<float2, __half2>(tensor_layout_any, T1 *, tensor_layout_any, const T2 *)"
3837818428,10944,227227,2253,1,1,128,1,1,16,0.000,0.000,,,,,NVIDIA A100-SXM4-40GB MIG 4g.20gb (0),1,,13,cupy_copy__float16_float16
3837832700,3648,227236,282,1,1,128,1,1,16,0.000,0.000,,,,,NVIDIA A100-SXM4-40GB MIG 4g.20gb (0),1,,13,cupy_copy__complex64_complex64
3837838172,2240,227245,26,1,1,128,1,1,16,0.000,0.000,,,,,NVIDIA A100-SXM4-40GB MIG 4g.20gb (0),1,,13,cupy_copy__float32_float32
3837842972,2752,227254,103,1,1,128,1,1,16,0.000,0.000,,,,,NVIDIA A100-SXM4-40GB MIG 4g.20gb (0),1,,13,cupy_copy__complex64_complex64
3837848859,12224,227264,1434,1,1,128,1,1,16,0.000,0.000,,,,,NVIDIA A100-SXM4-40GB MIG 4g.20gb (0),1,,13,cupy_copy__complex64_complex64
3837868187,81279,227269,1,1,1,32,32,1,30,0.000,0.000,,,,,NVIDIA A100-SXM4-40GB MIG 4g.20gb (0),1,,13,"void convert_kernel<__half2, float2>(tensor_layout_any, T1 *, tensor_layout_any, const T2 *)"
3837976442,5920,227272,,,,,,,,,,0.094,15826.941,Pinned,Device,NVIDIA A100-SXM4-40GB MIG 4g.20gb (0),1,,13,[CUDA memcpy Host-to-Device]
3837985818,596792,227273,,,,,,,,,,456.561,764740.412,Device,,NVIDIA A100-SXM4-40GB MIG 4g.20gb (0),1,,13,[CUDA memset]
3838590994,146079,227278,,,,,,,,,,1.235,8453.192,Pinned,Device,NVIDIA A100-SXM4-40GB MIG 4g.20gb (0),1,,13,[CUDA memcpy Host-to-Device]
3838748944,40224,227279,,,,,,,,,,0.197,4887.675,Pinned,Device,NVIDIA A100-SXM4-40GB MIG 4g.20gb (0),1,,13,[CUDA memcpy Host-to-Device]
3838819055,8288,227280,69,4,1,48,1,1,76,0.002,0.000,,,,,NVIDIA A100-SXM4-40GB MIG 4g.20gb (0),1,,13,"void ch_est::windowedChEstPreNoDftSOfdmKernel<float, __half, float, (unsigned int)2, (unsigned int)1, (unsigned short)4>(ch_est::puschRxChEstStatDescr_t *, ch_est::puschRxChEstDynDescr_t *)"
3838837103,6752,227281,137,2,1,24,2,1,44,0.001,0.001,,,,,NVIDIA A100-SXM4-40GB MIG 4g.20gb (0),1,,13,"void ch_est::chEstFilterNoDftSOfdmDispatchKernel<float, __half, float, (unsigned int)2>(ch_est::puschRxChEstStatDescr_t *, ch_est::puschRxChEstDynDescr_t *)"
3838856783,4896,227282,137,2,1,24,2,1,44,0.001,0.001,,,,,NVIDIA A100-SXM4-40GB MIG 4g.20gb (0),1,,13,"void ch_est::chEstFilterNoDftSOfdmDispatchKernel<float, __half, float, (unsigned int)2>(ch_est::puschRxChEstStatDescr_t *, ch_est::puschRxChEstDynDescr_t *)"
3838870479,2720,227293,103,1,1,128,1,1,16,0.000,0.000,,,,,NVIDIA A100-SXM4-40GB MIG 4g.20gb (0),1,,13,cupy_copy__complex64_complex64
3838884495,12608,227303,1434,1,1,128,1,1,16,0.000,0.000,,,,,NVIDIA A100-SXM4-40GB MIG 4g.20gb (0),1,,13,cupy_copy__complex64_complex64
3838910094,2560,227310,103,1,1,128,1,1,16,0.000,0.000,,,,,NVIDIA A100-SXM4-40GB MIG 4g.20gb (0),1,,13,cupy_copy__complex64_complex64
3838921422,82751,227317,1,1,1,32,32,1,30,0.000,0.000,,,,,NVIDIA A100-SXM4-40GB MIG 4g.20gb (0),1,,13,"void convert_kernel<__half2, float2>(tensor_layout_any, T1 *, tensor_layout_any, const T2 *)"
3839032909,10080,227320,,,,,,,,,,0.094,9295.205,Pinned,Device,NVIDIA A100-SXM4-40GB MIG 4g.20gb (0),1,,13,[CUDA memcpy Host-to-Device]
3839051501,46911,227321,,,,,,,,,,35.810,763324.255,Device,,NVIDIA A100-SXM4-40GB MIG 4g.20gb (0),1,,13,[CUDA memset]
3839104684,6240,227323,,,,,,,,,,0.000,12.820,Pinned,Device,NVIDIA A100-SXM4-40GB MIG 4g.20gb (0),1,,13,[CUDA memcpy Host-to-Device]
3839118828,15072,227324,,,,,,,,,,0.197,13044.548,Pinned,Device,NVIDIA A100-SXM4-40GB MIG 4g.20gb (0),1,,13,[CUDA memcpy Host-to-Device]
3839149547,9760,227325,273,1,1,48,1,1,40,0.000,0.001,,,,,NVIDIA A100-SXM4-40GB MIG 4g.20gb (0),1,,13,"void pusch_noise_intf_est::noiseIntfEstNoDftSOfdmKernel<float, __half, float, float, (unsigned int)2, (unsigned int)1, (unsigned char)4, (unsigned char)4>(pusch_noise_intf_est::puschRxNoiseIntfEstDynDescr)"
3839166763,2560,227336,35,1,1,128,1,1,16,0.000,0.000,,,,,NVIDIA A100-SXM4-40GB MIG 4g.20gb (0),1,,13,cupy_copy__complex64_complex64
3839178731,1760,227345,1,1,1,1,1,1,18,0.000,0.000,,,,,NVIDIA A100-SXM4-40GB MIG 4g.20gb (0),1,,13,cupy_copy__float32_float32
3839194827,7648,227351,,,,,,,,,,0.000,0.523,Device,Pageable,NVIDIA A100-SXM4-40GB MIG 4g.20gb (0),1,,7,[CUDA memcpy Device-to-Host]
3839277994,13312,227362,1434,1,1,128,1,1,16,0.000,0.000,,,,,NVIDIA A100-SXM4-40GB MIG 4g.20gb (0),1,,13,cupy_copy__complex64_complex64
3839304393,3648,227369,103,1,1,128,1,1,16,0.000,0.000,,,,,NVIDIA A100-SXM4-40GB MIG 4g.20gb (0),1,,13,cupy_copy__complex64_complex64
3839318505,2592,227376,35,1,1,128,1,1,16,0.000,0.000,,,,,NVIDIA A100-SXM4-40GB MIG 4g.20gb (0),1,,13,cupy_copy__complex64_complex64
3839345929,1792,227383,1,1,1,1,1,1,18,0.000,0.000,,,,,NVIDIA A100-SXM4-40GB MIG 4g.20gb (0),1,,13,cupy_copy__float32_float32
3839465991,87519,227394,1,1,1,32,32,1,30,0.000,0.000,,,,,NVIDIA A100-SXM4-40GB MIG 4g.20gb (0),1,,13,"void convert_kernel<__half2, float2>(tensor_layout_any, T1 *, tensor_layout_any, const T2 *)"
3839581446,6304,227397,,,,,,,,,,0.094,14862.903,Pinned,Device,NVIDIA A100-SXM4-40GB MIG 4g.20gb (0),1,,13,[CUDA memcpy Host-to-Device]
3839597766,3520,227398,,,,,,,,,,1.547,439380.412,Device,,NVIDIA A100-SXM4-40GB MIG 4g.20gb (0),1,,13,[CUDA memset]
3839602342,3136,227403,,,,,,,,,,0.031,9979.575,Pinned,Device,NVIDIA A100-SXM4-40GB MIG 4g.20gb (0),1,,13,[CUDA memcpy Host-to-Device]
3839608198,9728,227404,,,,,,,,,,0.197,20210.516,Pinned,Device,NVIDIA A100-SXM4-40GB MIG 4g.20gb (0),1,,13,[CUDA memcpy Host-to-Device]
3839623238,6591,227405,273,1,1,8,4,1,39,0.002,0.000,,,,,NVIDIA A100-SXM4-40GB MIG 4g.20gb (0),1,,13,"void channel_eq::eqMmseCoefCompLowMimoKernel<float, float, float, (unsigned int)4, (unsigned int)1, (unsigned int)4>(const channel_eq::_puschRxChEqStatDescr *, channel_eq::_puschRxChEqCoefCompDynDescr)"
3839631525,6208,227406,273,1,1,12,11,1,51,0.002,0.000,,,,,NVIDIA A100-SXM4-40GB MIG 4g.20gb (0),1,,13,"void channel_eq::eqMmseSoftDemapKernel<float, __half, __half, float, (unsigned int)4, (unsigned short)16383>(channel_eq::_puschRxChEqStatDescr *, channel_eq::_puschRxChEqSoftDemapDynDescr)"
3839638757,294749,227407,1,1,1,32,32,1,30,0.000,0.000,,,,,NVIDIA A100-SXM4-40GB MIG 4g.20gb (0),1,,13,"void convert_kernel<float2, __half2>(tensor_layout_any, T1 *, tensor_layout_any, const T2 *)"
3839935394,10528,227419,2253,1,1,128,1,1,16,0.000,0.000,,,,,NVIDIA A100-SXM4-40GB MIG 4g.20gb (0),1,,13,cupy_copy__float16_float16
3839950913,2816,227428,282,1,1,128,1,1,16,0.000,0.000,,,,,NVIDIA A100-SXM4-40GB MIG 4g.20gb (0),1,,13,cupy_copy__complex64_complex64
3839956833,2112,227437,26,1,1,128,1,1,16,0.000,0.000,,,,,NVIDIA A100-SXM4-40GB MIG 4g.20gb (0),1,,13,cupy_copy__float32_float32
3839960545,3456,227446,103,1,1,128,1,1,16,0.000,0.000,,,,,NVIDIA A100-SXM4-40GB MIG 4g.20gb (0),1,,13,cupy_copy__complex64_complex64
3839964993,11904,227456,1434,1,1,128,1,1,16,0.000,0.000,,,,,NVIDIA A100-SXM4-40GB MIG 4g.20gb (0),1,,13,cupy_copy__complex64_complex64
3839979361,82207,227461,1,1,1,32,32,1,30,0.000,0.000,,,,,NVIDIA A100-SXM4-40GB MIG 4g.20gb (0),1,,13,"void convert_kernel<__half2, float2>(tensor_layout_any, T1 *, tensor_layout_any, const T2 *)"
3840088800,5824,227464,,,,,,,,,,0.094,16087.884,Pinned,Device,NVIDIA A100-SXM4-40GB MIG 4g.20gb (0),1,,13,[CUDA memcpy Host-to-Device]
3840098592,597592,227465,,,,,,,,,,456.561,763827.289,Device,,NVIDIA A100-SXM4-40GB MIG 4g.20gb (0),1,,13,[CUDA memset]
3840704088,130975,227470,,,,,,,,,,1.235,9428.797,Pinned,Device,NVIDIA A100-SXM4-40GB MIG 4g.20gb (0),1,,13,[CUDA memcpy Host-to-Device]
3840846422,37696,227471,,,,,,,,,,0.197,5215.617,Pinned,Device,NVIDIA A100-SXM4-40GB MIG 4g.20gb (0),1,,13,[CUDA memcpy Host-to-Device]
3840906070,8064,227472,69,4,1,48,1,1,76,0.002,0.000,,,,,NVIDIA A100-SXM4-40GB MIG 4g.20gb (0),1,,13,"void ch_est::windowedChEstPreNoDftSOfdmKernel<float, __half, float, (unsigned int)2, (unsigned int)1, (unsigned short)4>(ch_est::puschRxChEstStatDescr_t *, ch_est::puschRxChEstDynDescr_t *)"
3840921142,6975,227473,137,2,1,24,2,1,44,0.001,0.001,,,,,NVIDIA A100-SXM4-40GB MIG 4g.20gb (0),1,,13,"void ch_est::chEstFilterNoDftSOfdmDispatchKernel<float, __half, float, (unsigned int)2>(ch_est::puschRxChEstStatDescr_t *, ch_est::puschRxChEstDynDescr_t *)"
3840934293,4736,227474,137,2,1,24,2,1,44,0.001,0.001,,,,,NVIDIA A100-SXM4-40GB MIG 4g.20gb (0),1,,13,"void ch_est::chEstFilterNoDftSOfdmDispatchKernel<float, __half, float, (unsigned int)2>(ch_est::puschRxChEstStatDescr_t *, ch_est::puschRxChEstDynDescr_t *)"
3840949397,2592,227485,103,1,1,128,1,1,16,0.000,0.000,,,,,NVIDIA A100-SXM4-40GB MIG 4g.20gb (0),1,,13,cupy_copy__complex64_complex64
3840962133,12896,227495,1434,1,1,128,1,1,16,0.000,0.000,,,,,NVIDIA A100-SXM4-40GB MIG 4g.20gb (0),1,,13,cupy_copy__complex64_complex64
3840981557,2624,227502,103,1,1,128,1,1,16,0.000,0.000,,,,,NVIDIA A100-SXM4-40GB MIG 4g.20gb (0),1,,13,cupy_copy__complex64_complex64
3840990293,87871,227509,1,1,1,32,32,1,30,0.000,0.000,,,,,NVIDIA A100-SXM4-40GB MIG 4g.20gb (0),1,,13,"void convert_kernel<__half2, float2>(tensor_layout_any, T1 *, tensor_layout_any, const T2 *)"
3841111027,12608,227512,,,,,,,,,,0.094,7431.405,Pinned,Device,NVIDIA A100-SXM4-40GB MIG 4g.20gb (0),1,,13,[CUDA memcpy Host-to-Device]
3841133619,47135,227513,,,,,,,,,,35.810,759707.453,Device,,NVIDIA A100-SXM4-40GB MIG 4g.20gb (0),1,,13,[CUDA memset]
3841187410,6400,227515,,,,,,,,,,0.000,12.500,Pinned,Device,NVIDIA A100-SXM4-40GB MIG 4g.20gb (0),1,,13,[CUDA memcpy Host-to-Device]
3841201554,16672,227516,,,,,,,,,,0.197,11792.548,Pinned,Device,NVIDIA A100-SXM4-40GB MIG 4g.20gb (0),1,,13,[CUDA memcpy Host-to-Device]
3841230674,9440,227517,273,1,1,48,1,1,40,0.000,0.001,,,,,NVIDIA A100-SXM4-40GB MIG 4g.20gb (0),1,,13,"void pusch_noise_intf_est::noiseIntfEstNoDftSOfdmKernel<float, __half, float, float, (unsigned int)2, (unsigned int)1, (unsigned char)4, (unsigned char)4>(pusch_noise_intf_est::puschRxNoiseIntfEstDynDescr)"
3841242514,2847,227528,35,1,1,128,1,1,16,0.000,0.000,,,,,NVIDIA A100-SXM4-40GB MIG 4g.20gb (0),1,,13,cupy_copy__complex64_complex64
3841248337,1888,227537,1,1,1,1,1,1,18,0.000,0.000,,,,,NVIDIA A100-SXM4-40GB MIG 4g.20gb (0),1,,13,cupy_copy__float32_float32
3841260817,4320,227543,,,,,,,,,,0.000,0.926,Device,Pageable,NVIDIA A100-SXM4-40GB MIG 4g.20gb (0),1,,7,[CUDA memcpy Device-to-Host]
3841329008,12800,227554,1434,1,1,128,1,1,16,0.000,0.000,,,,,NVIDIA A100-SXM4-40GB MIG 4g.20gb (0),1,,13,cupy_copy__complex64_complex64
3841354768,3328,227561,103,1,1,128,1,1,16,0.000,0.000,,,,,NVIDIA A100-SXM4-40GB MIG 4g.20gb (0),1,,13,cupy_copy__complex64_complex64
3841375792,2336,227568,35,1,1,128,1,1,16,0.000,0.000,,,,,NVIDIA A100-SXM4-40GB MIG 4g.20gb (0),1,,13,cupy_copy__complex64_complex64
3841393232,1920,227575,1,1,1,1,1,1,18,0.000,0.000,,,,,NVIDIA A100-SXM4-40GB MIG 4g.20gb (0),1,,13,cupy_copy__float32_float32
3841525070,86751,227586,1,1,1,32,32,1,30,0.000,0.000,,,,,NVIDIA A100-SXM4-40GB MIG 4g.20gb (0),1,,13,"void convert_kernel<__half2, float2>(tensor_layout_any, T1 *, tensor_layout_any, const T2 *)"
3841639309,5440,227589,,,,,,,,,,0.094,17223.480,Pinned,Device,NVIDIA A100-SXM4-40GB MIG 4g.20gb (0),1,,13,[CUDA memcpy Host-to-Device]
3841653612,3296,227590,,,,,,,,,,1.547,469242.628,Device,,NVIDIA A100-SXM4-40GB MIG 4g.20gb (0),1,,13,[CUDA memset]
3841660684,3296,227595,,,,,,,,,,0.031,9495.144,Pinned,Device,NVIDIA A100-SXM4-40GB MIG 4g.20gb (0),1,,13,[CUDA memcpy Host-to-Device]
3841666412,9984,227596,,,,,,,,,,0.197,19692.257,Pinned,Device,NVIDIA A100-SXM4-40GB MIG 4g.20gb (0),1,,13,[CUDA memcpy Host-to-Device]
3841681996,6112,227597,273,1,1,8,4,1,39,0.002,0.000,,,,,NVIDIA A100-SXM4-40GB MIG 4g.20gb (0),1,,13,"void channel_eq::eqMmseCoefCompLowMimoKernel<float, float, float, (unsigned int)4, (unsigned int)1, (unsigned int)4>(const channel_eq::_puschRxChEqStatDescr *, channel_eq::_puschRxChEqCoefCompDynDescr)"
3841689356,6400,227598,273,1,1,12,11,1,51,0.002,0.000,,,,,NVIDIA A100-SXM4-40GB MIG 4g.20gb (0),1,,13,"void channel_eq::eqMmseSoftDemapKernel<float, __half, __half, float, (unsigned int)4, (unsigned short)16383>(channel_eq::_puschRxChEqStatDescr *, channel_eq::_puschRxChEqSoftDemapDynDescr)"
3841697420,282204,227599,1,1,1,32,32,1,30,0.000,0.000,,,,,NVIDIA A100-SXM4-40GB MIG 4g.20gb (0),1,,13,"void convert_kernel<float2, __half2>(tensor_layout_any, T1 *, tensor_layout_any, const T2 *)"
3841983048,10976,227611,2253,1,1,128,1,1,16,0.000,0.000,,,,,NVIDIA A100-SXM4-40GB MIG 4g.20gb (0),1,,13,cupy_copy__float16_float16
3841995752,3264,227620,282,1,1,128,1,1,16,0.000,0.000,,,,,NVIDIA A100-SXM4-40GB MIG 4g.20gb (0),1,,13,cupy_copy__complex64_complex64
3842001640,2080,227629,26,1,1,128,1,1,16,0.000,0.000,,,,,NVIDIA A100-SXM4-40GB MIG 4g.20gb (0),1,,13,cupy_copy__float32_float32
3842006792,6624,227638,103,1,1,128,1,1,16,0.000,0.000,,,,,NVIDIA A100-SXM4-40GB MIG 4g.20gb (0),1,,13,cupy_copy__complex64_complex64
3842016328,11904,227648,1434,1,1,128,1,1,16,0.000,0.000,,,,,NVIDIA A100-SXM4-40GB MIG 4g.20gb (0),1,,13,cupy_copy__complex64_complex64
3842031912,87423,227653,1,1,1,32,32,1,30,0.000,0.000,,,,,NVIDIA A100-SXM4-40GB MIG 4g.20gb (0),1,,13,"void convert_kernel<__half2, float2>(tensor_layout_any, T1 *, tensor_layout_any, const T2 *)"
3842145990,5632,227656,,,,,,,,,,0.094,16636.287,Pinned,Device,NVIDIA A100-SXM4-40GB MIG 4g.20gb (0),1,,13,[CUDA memcpy Host-to-Device]
3842155686,596953,227657,,,,,,,,,,456.561,764740.412,Device,,NVIDIA A100-SXM4-40GB MIG 4g.20gb (0),1,,13,[CUDA memset]
3842760255,155230,227662,,,,,,,,,,1.235,7955.509,Pinned,Device,NVIDIA A100-SXM4-40GB MIG 4g.20gb (0),1,,13,[CUDA memcpy Host-to-Device]
3842924317,42431,227663,,,,,,,,,,0.197,4633.461,Pinned,Device,NVIDIA A100-SXM4-40GB MIG 4g.20gb (0),1,,13,[CUDA memcpy Host-to-Device]
3842995964,8320,227664,69,4,1,48,1,1,76,0.002,0.000,,,,,NVIDIA A100-SXM4-40GB MIG 4g.20gb (0),1,,13,"void ch_est::windowedChEstPreNoDftSOfdmKernel<float, __half, float, (unsigned int)2, (unsigned int)1, (unsigned short)4>(ch_est::puschRxChEstStatDescr_t *, ch_est::puschRxChEstDynDescr_t *)"
3843015324,6784,227665,137,2,1,24,2,1,44,0.001,0.001,,,,,NVIDIA A100-SXM4-40GB MIG 4g.20gb (0),1,,13,"void ch_est::chEstFilterNoDftSOfdmDispatchKernel<float, __half, float, (unsigned int)2>(ch_est::puschRxChEstStatDescr_t *, ch_est::puschRxChEstDynDescr_t *)"
3843032571,4704,227666,137,2,1,24,2,1,44,0.001,0.001,,,,,NVIDIA A100-SXM4-40GB MIG 4g.20gb (0),1,,13,"void ch_est::chEstFilterNoDftSOfdmDispatchKernel<float, __half, float, (unsigned int)2>(ch_est::puschRxChEstStatDescr_t *, ch_est::puschRxChEstDynDescr_t *)"
3843049915,2528,227677,103,1,1,128,1,1,16,0.000,0.000,,,,,NVIDIA A100-SXM4-40GB MIG 4g.20gb (0),1,,13,cupy_copy__complex64_complex64
3843067451,12352,227687,1434,1,1,128,1,1,16,0.000,0.000,,,,,NVIDIA A100-SXM4-40GB MIG 4g.20gb (0),1,,13,cupy_copy__complex64_complex64
3843087227,2944,227694,103,1,1,128,1,1,16,0.000,0.000,,,,,NVIDIA A100-SXM4-40GB MIG 4g.20gb (0),1,,13,cupy_copy__complex64_complex64
3843112506,87551,227701,1,1,1,32,32,1,30,0.000,0.000,,,,,NVIDIA A100-SXM4-40GB MIG 4g.20gb (0),1,,13,"void convert_kernel<__half2, float2>(tensor_layout_any, T1 *, tensor_layout_any, const T2 *)"
3843235961,26560,227704,,,,,,,,,,0.094,3527.654,Pinned,Device,NVIDIA A100-SXM4-40GB MIG 4g.20gb (0),1,,13,[CUDA memcpy Host-to-Device]
3843277912,46304,227705,,,,,,,,,,35.810,773351.032,Device,,NVIDIA A100-SXM4-40GB MIG 4g.20gb (0),1,,13,[CUDA memset]
3843330616,9216,227707,,,,,,,,,,0.000,8.680,Pinned,Device,NVIDIA A100-SXM4-40GB MIG 4g.20gb (0),1,,13,[CUDA memcpy Host-to-Device]
3843349623,23872,227708,,,,,,,,,,0.197,8235.909,Pinned,Device,NVIDIA A100-SXM4-40GB MIG 4g.20gb (0),1,,13,[CUDA memcpy Host-to-Device]
3843395799,9760,227709,273,1,1,48,1,1,40,0.000,0.001,,,,,NVIDIA A100-SXM4-40GB MIG 4g.20gb (0),1,,13,"void pusch_noise_intf_est::noiseIntfEstNoDftSOfdmKernel<float, __half, float, float, (unsigned int)2, (unsigned int)1, (unsigned char)4, (unsigned char)4>(pusch_noise_intf_est::puschRxNoiseIntfEstDynDescr)"
3843423255,2624,227720,35,1,1,128,1,1,16,0.000,0.000,,,,,NVIDIA A100-SXM4-40GB MIG 4g.20gb (0),1,,13,cupy_copy__complex64_complex64
3843436662,1760,227729,1,1,1,1,1,1,18,0.000,0.000,,,,,NVIDIA A100-SXM4-40GB MIG 4g.20gb (0),1,,13,cupy_copy__float32_float32
3843441206,8032,227735,,,,,,,,,,0.000,0.498,Device,Pageable,NVIDIA A100-SXM4-40GB MIG 4g.20gb (0),1,,7,[CUDA memcpy Device-to-Host]
3843524501,13088,227746,1434,1,1,128,1,1,16,0.000,0.000,,,,,NVIDIA A100-SXM4-40GB MIG 4g.20gb (0),1,,13,cupy_copy__complex64_complex64
3843560853,2944,227753,103,1,1,128,1,1,16,0.000,0.000,,,,,NVIDIA A100-SXM4-40GB MIG 4g.20gb (0),1,,13,cupy_copy__complex64_complex64
3843571029,2464,227760,35,1,1,128,1,1,16,0.000,0.000,,,,,NVIDIA A100-SXM4-40GB MIG 4g.20gb (0),1,,13,cupy_copy__complex64_complex64
3843587189,2016,227767,1,1,1,1,1,1,18,0.000,0.000,,,,,NVIDIA A100-SXM4-40GB MIG 4g.20gb (0),1,,13,cupy_copy__float32_float32
3843714035,82783,227778,1,1,1,32,32,1,30,0.000,0.000,,,,,NVIDIA A100-SXM4-40GB MIG 4g.20gb (0),1,,13,"void convert_kernel<__half2, float2>(tensor_layout_any, T1 *, tensor_layout_any, const T2 *)"
3843824434,5440,227781,,,,,,,,,,0.094,17223.480,Pinned,Device,NVIDIA A100-SXM4-40GB MIG 4g.20gb (0),1,,13,[CUDA memcpy Host-to-Device]
3843839345,3552,227782,,,,,,,,,,1.547,435422.601,Device,,NVIDIA A100-SXM4-40GB MIG 4g.20gb (0),1,,13,[CUDA memset]
3843845489,3232,227787,,,,,,,,,,0.031,9683.139,Pinned,Device,NVIDIA A100-SXM4-40GB MIG 4g.20gb (0),1,,13,[CUDA memcpy Host-to-Device]
3843851153,10528,227788,,,,,,,,,,0.197,18674.614,Pinned,Device,NVIDIA A100-SXM4-40GB MIG 4g.20gb (0),1,,13,[CUDA memcpy Host-to-Device]
3843867409,6240,227789,273,1,1,8,4,1,39,0.002,0.000,,,,,NVIDIA A100-SXM4-40GB MIG 4g.20gb (0),1,,13,"void channel_eq::eqMmseCoefCompLowMimoKernel<float, float, float, (unsigned int)4, (unsigned int)1, (unsigned int)4>(const channel_eq::_puschRxChEqStatDescr *, channel_eq::_puschRxChEqCoefCompDynDescr)"
3843876273,5536,227790,273,1,1,12,11,1,51,0.002,0.000,,,,,NVIDIA A100-SXM4-40GB MIG 4g.20gb (0),1,,13,"void channel_eq::eqMmseSoftDemapKernel<float, __half, __half, float, (unsigned int)4, (unsigned short)16383>(channel_eq::_puschRxChEqStatDescr *, channel_eq::_puschRxChEqSoftDemapDynDescr)"
3843885649,289948,227791,1,1,1,32,32,1,30,0.000,0.000,,,,,NVIDIA A100-SXM4-40GB MIG 4g.20gb (0),1,,13,"void convert_kernel<float2, __half2>(tensor_layout_any, T1 *, tensor_layout_any, const T2 *)"
3844176589,11072,227803,2253,1,1,128,1,1,16,0.000,0.000,,,,,NVIDIA A100-SXM4-40GB MIG 4g.20gb (0),1,,13,cupy_copy__float16_float16
3844192941,3520,227812,282,1,1,128,1,1,16,0.000,0.000,,,,,NVIDIA A100-SXM4-40GB MIG 4g.20gb (0),1,,13,cupy_copy__complex64_complex64
3844197773,2048,227821,26,1,1,128,1,1,16,0.000,0.000,,,,,NVIDIA A100-SXM4-40GB MIG 4g.20gb (0),1,,13,cupy_copy__float32_float32
3844201709,2880,227830,103,1,1,128,1,1,16,0.000,0.000,,,,,NVIDIA A100-SXM4-40GB MIG 4g.20gb (0),1,,13,cupy_copy__complex64_complex64
3844207181,11936,227840,1434,1,1,128,1,1,16,0.000,0.000,,,,,NVIDIA A100-SXM4-40GB MIG 4g.20gb (0),1,,13,cupy_copy__complex64_complex64
3844223661,82207,227845,1,1,1,32,32,1,30,0.000,0.000,,,,,NVIDIA A100-SXM4-40GB MIG 4g.20gb (0),1,,13,"void convert_kernel<__half2, float2>(tensor_layout_any, T1 *, tensor_layout_any, const T2 *)"
3844333035,5472,227848,,,,,,,,,,0.094,17122.757,Pinned,Device,NVIDIA A100-SXM4-40GB MIG 4g.20gb (0),1,,13,[CUDA memcpy Host-to-Device]
3844343947,600025,227849,,,,,,,,,,456.561,760631.359,Device,,NVIDIA A100-SXM4-40GB MIG 4g.20gb (0),1,,13,[CUDA memset]
3844946084,71583,227854,,,,,,,,,,1.235,17250.933,Pinned,Device,NVIDIA A100-SXM4-40GB MIG 4g.20gb (0),1,,13,[CUDA memcpy Host-to-Device]
3845024323,16768,227855,,,,,,,,,,0.197,11725.111,Pinned,Device,NVIDIA A100-SXM4-40GB MIG 4g.20gb (0),1,,13,[CUDA memcpy Host-to-Device]
3845058434,8384,227856,69,4,1,48,1,1,76,0.002,0.000,,,,,NVIDIA A100-SXM4-40GB MIG 4g.20gb (0),1,,13,"void ch_est::windowedChEstPreNoDftSOfdmKernel<float, __half, float, (unsigned int)2, (unsigned int)1, (unsigned short)4>(ch_est::puschRxChEstStatDescr_t *, ch_est::puschRxChEstDynDescr_t *)"
3845074626,6592,227857,137,2,1,24,2,1,44,0.001,0.001,,,,,NVIDIA A100-SXM4-40GB MIG 4g.20gb (0),1,,13,"void ch_est::chEstFilterNoDftSOfdmDispatchKernel<float, __half, float, (unsigned int)2>(ch_est::puschRxChEstStatDescr_t *, ch_est::puschRxChEstDynDescr_t *)"
3845083426,6592,227858,137,2,1,24,2,1,44,0.001,0.001,,,,,NVIDIA A100-SXM4-40GB MIG 4g.20gb (0),1,,13,"void ch_est::chEstFilterNoDftSOfdmDispatchKernel<float, __half, float, (unsigned int)2>(ch_est::puschRxChEstStatDescr_t *, ch_est::puschRxChEstDynDescr_t *)"
3845091458,2752,227869,103,1,1,128,1,1,16,0.000,0.000,,,,,NVIDIA A100-SXM4-40GB MIG 4g.20gb (0),1,,13,cupy_copy__complex64_complex64
3845099298,12896,227879,1434,1,1,128,1,1,16,0.000,0.000,,,,,NVIDIA A100-SXM4-40GB MIG 4g.20gb (0),1,,13,cupy_copy__complex64_complex64
3845116546,2880,227886,103,1,1,128,1,1,16,0.000,0.000,,,,,NVIDIA A100-SXM4-40GB MIG 4g.20gb (0),1,,13,cupy_copy__complex64_complex64
3845126018,88894,227893,1,1,1,32,32,1,30,0.000,0.000,,,,,NVIDIA A100-SXM4-40GB MIG 4g.20gb (0),1,,13,"void convert_kernel<__half2, float2>(tensor_layout_any, T1 *, tensor_layout_any, const T2 *)"
3845246176,9408,227896,,,,,,,,,,0.094,9959.135,Pinned,Device,NVIDIA A100-SXM4-40GB MIG 4g.20gb (0),1,,13,[CUDA memcpy Host-to-Device]
3845260704,47071,227897,,,,,,,,,,35.810,760745.940,Device,,NVIDIA A100-SXM4-40GB MIG 4g.20gb (0),1,,13,[CUDA memset]
3845315807,4992,227899,,,,,,,,,,0.000,16.026,Pinned,Device,NVIDIA A100-SXM4-40GB MIG 4g.20gb (0),1,,13,[CUDA memcpy Host-to-Device]
3845328479,19616,227900,,,,,,,,,,0.197,10022.683,Pinned,Device,NVIDIA A100-SXM4-40GB MIG 4g.20gb (0),1,,13,[CUDA memcpy Host-to-Device]
3845361247,9823,227901,273,1,1,48,1,1,40,0.000,0.001,,,,,NVIDIA A100-SXM4-40GB MIG 4g.20gb (0),1,,13,"void pusch_noise_intf_est::noiseIntfEstNoDftSOfdmKernel<float, __half, float, float, (unsigned int)2, (unsigned int)1, (unsigned char)4, (unsigned char)4>(pusch_noise_intf_est::puschRxNoiseIntfEstDynDescr)"
3845381566,2880,227912,35,1,1,128,1,1,16,0.000,0.000,,,,,NVIDIA A100-SXM4-40GB MIG 4g.20gb (0),1,,13,cupy_copy__complex64_complex64
3845391230,1920,227921,1,1,1,1,1,1,18,0.000,0.000,,,,,NVIDIA A100-SXM4-40GB MIG 4g.20gb (0),1,,13,cupy_copy__float32_float32
3845397630,7008,227927,,,,,,,,,,0.000,0.571,Device,Pageable,NVIDIA A100-SXM4-40GB MIG 4g.20gb (0),1,,7,[CUDA memcpy Device-to-Host]
3845479069,13120,227938,1434,1,1,128,1,1,16,0.000,0.000,,,,,NVIDIA A100-SXM4-40GB MIG 4g.20gb (0),1,,13,cupy_copy__complex64_complex64
3845509341,6368,227945,103,1,1,128,1,1,16,0.000,0.000,,,,,NVIDIA A100-SXM4-40GB MIG 4g.20gb (0),1,,13,cupy_copy__complex64_complex64
3845522045,2560,227952,35,1,1,128,1,1,16,0.000,0.000,,,,,NVIDIA A100-SXM4-40GB MIG 4g.20gb (0),1,,13,cupy_copy__complex64_complex64
3845542460,1760,227959,1,1,1,1,1,1,18,0.000,0.000,,,,,NVIDIA A100-SXM4-40GB MIG 4g.20gb (0),1,,13,cupy_copy__float32_float32
3845674331,83423,227970,1,1,1,32,32,1,30,0.000,0.000,,,,,NVIDIA A100-SXM4-40GB MIG 4g.20gb (0),1,,13,"void convert_kernel<__half2, float2>(tensor_layout_any, T1 *, tensor_layout_any, const T2 *)"
3845785625,5536,227973,,,,,,,,,,0.094,16924.777,Pinned,Device,NVIDIA A100-SXM4-40GB MIG 4g.20gb (0),1,,13,[CUDA memcpy Host-to-Device]
3845800249,3008,227974,,,,,,,,,,1.547,514168.962,Device,,NVIDIA A100-SXM4-40GB MIG 4g.20gb (0),1,,13,[CUDA memset]
3845806809,3072,227979,,,,,,,,,,0.031,10187.474,Pinned,Device,NVIDIA A100-SXM4-40GB MIG 4g.20gb (0),1,,13,[CUDA memcpy Host-to-Device]
3845812473,9600,227980,,,,,,,,,,0.197,20479.869,Pinned,Device,NVIDIA A100-SXM4-40GB MIG 4g.20gb (0),1,,13,[CUDA memcpy Host-to-Device]
3845827897,8192,227981,273,1,1,8,4,1,39,0.002,0.000,,,,,NVIDIA A100-SXM4-40GB MIG 4g.20gb (0),1,,13,"void channel_eq::eqMmseCoefCompLowMimoKernel<float, float, float, (unsigned int)4, (unsigned int)1, (unsigned int)4>(const channel_eq::_puschRxChEqStatDescr *, channel_eq::_puschRxChEqCoefCompDynDescr)"
3845837049,6016,227982,273,1,1,12,11,1,51,0.002,0.000,,,,,NVIDIA A100-SXM4-40GB MIG 4g.20gb (0),1,,13,"void channel_eq::eqMmseSoftDemapKernel<float, __half, __half, float, (unsigned int)4, (unsigned short)16383>(channel_eq::_puschRxChEqStatDescr *, channel_eq::_puschRxChEqSoftDemapDynDescr)"
3845844249,281820,227983,1,1,1,32,32,1,30,0.000,0.000,,,,,NVIDIA A100-SXM4-40GB MIG 4g.20gb (0),1,,13,"void convert_kernel<float2, __half2>(tensor_layout_any, T1 *, tensor_layout_any, const T2 *)"
3846130101,11104,227995,2253,1,1,128,1,1,16,0.000,0.000,,,,,NVIDIA A100-SXM4-40GB MIG 4g.20gb (0),1,,13,cupy_copy__float16_float16
3846143861,3264,228004,282,1,1,128,1,1,16,0.000,0.000,,,,,NVIDIA A100-SXM4-40GB MIG 4g.20gb (0),1,,13,cupy_copy__complex64_complex64
3846152309,2304,228013,26,1,1,128,1,1,16,0.000,0.000,,,,,NVIDIA A100-SXM4-40GB MIG 4g.20gb (0),1,,13,cupy_copy__float32_float32
3846156565,3008,228022,103,1,1,128,1,1,16,0.000,0.000,,,,,NVIDIA A100-SXM4-40GB MIG 4g.20gb (0),1,,13,cupy_copy__complex64_complex64
3846160789,12416,228032,1434,1,1,128,1,1,16,0.000,0.000,,,,,NVIDIA A100-SXM4-40GB MIG 4g.20gb (0),1,,13,cupy_copy__complex64_complex64
3846174357,81855,228037,1,1,1,32,32,1,30,0.000,0.000,,,,,NVIDIA A100-SXM4-40GB MIG 4g.20gb (0),1,,13,"void convert_kernel<__half2, float2>(tensor_layout_any, T1 *, tensor_layout_any, const T2 *)"
3846283667,5600,228040,,,,,,,,,,0.094,16731.388,Pinned,Device,NVIDIA A100-SXM4-40GB MIG 4g.20gb (0),1,,13,[CUDA memcpy Host-to-Device]
3846292787,598169,228041,,,,,,,,,,456.561,762914.166,Device,,NVIDIA A100-SXM4-40GB MIG 4g.20gb (0),1,,13,[CUDA memset]
3846891724,153374,228046,,,,,,,,,,1.235,8051.835,Pinned,Device,NVIDIA A100-SXM4-40GB MIG 4g.20gb (0),1,,13,[CUDA memcpy Host-to-Device]
3847056458,33023,228047,,,,,,,,,,0.197,5953.487,Pinned,Device,NVIDIA A100-SXM4-40GB MIG 4g.20gb (0),1,,13,[CUDA memcpy Host-to-Device]
3847108585,9088,228048,69,4,1,48,1,1,76,0.002,0.000,,,,,NVIDIA A100-SXM4-40GB MIG 4g.20gb (0),1,,13,"void ch_est::windowedChEstPreNoDftSOfdmKernel<float, __half, float, (unsigned int)2, (unsigned int)1, (unsigned short)4>(ch_est::puschRxChEstStatDescr_t *, ch_est::puschRxChEstDynDescr_t *)"
3847121353,6560,228049,137,2,1,24,2,1,44,0.001,0.001,,,,,NVIDIA A100-SXM4-40GB MIG 4g.20gb (0),1,,13,"void ch_est::chEstFilterNoDftSOfdmDispatchKernel<float, __half, float, (unsigned int)2>(ch_est::puschRxChEstStatDescr_t *, ch_est::puschRxChEstDynDescr_t *)"
3847137897,5184,228050,137,2,1,24,2,1,44,0.001,0.001,,,,,NVIDIA A100-SXM4-40GB MIG 4g.20gb (0),1,,13,"void ch_est::chEstFilterNoDftSOfdmDispatchKernel<float, __half, float, (unsigned int)2>(ch_est::puschRxChEstStatDescr_t *, ch_est::puschRxChEstDynDescr_t *)"
3847151208,3136,228061,103,1,1,128,1,1,16,0.000,0.000,,,,,NVIDIA A100-SXM4-40GB MIG 4g.20gb (0),1,,13,cupy_copy__complex64_complex64
3847155912,12832,228071,1434,1,1,128,1,1,16,0.000,0.000,,,,,NVIDIA A100-SXM4-40GB MIG 4g.20gb (0),1,,13,cupy_copy__complex64_complex64
3847173128,3136,228078,103,1,1,128,1,1,16,0.000,0.000,,,,,NVIDIA A100-SXM4-40GB MIG 4g.20gb (0),1,,13,cupy_copy__complex64_complex64
3847178984,83103,228085,1,1,1,32,32,1,30,0.000,0.000,,,,,NVIDIA A100-SXM4-40GB MIG 4g.20gb (0),1,,13,"void convert_kernel<__half2, float2>(tensor_layout_any, T1 *, tensor_layout_any, const T2 *)"
3847291687,5760,228088,,,,,,,,,,0.094,16266.656,Pinned,Device,NVIDIA A100-SXM4-40GB MIG 4g.20gb (0),1,,13,[CUDA memcpy Host-to-Device]
3847304775,47519,228089,,,,,,,,,,35.810,753583.956,Device,,NVIDIA A100-SXM4-40GB MIG 4g.20gb (0),1,,13,[CUDA memset]
3847358662,2400,228091,,,,,,,,,,0.000,33.333,Pinned,Device,NVIDIA A100-SXM4-40GB MIG 4g.20gb (0),1,,13,[CUDA memcpy Host-to-Device]
3847364198,12832,228092,,,,,,,,,,0.197,15321.661,Pinned,Device,NVIDIA A100-SXM4-40GB MIG 4g.20gb (0),1,,13,[CUDA memcpy Host-to-Device]
3847385414,11359,228093,273,1,1,48,1,1,40,0.000,0.001,,,,,NVIDIA A100-SXM4-40GB MIG 4g.20gb (0),1,,13,"void pusch_noise_intf_est::noiseIntfEstNoDftSOfdmKernel<float, __half, float, float, (unsigned int)2, (unsigned int)1, (unsigned char)4, (unsigned char)4>(pusch_noise_intf_est::puschRxNoiseIntfEstDynDescr)"
3847401285,2848,228104,35,1,1,128,1,1,16,0.000,0.000,,,,,NVIDIA A100-SXM4-40GB MIG 4g.20gb (0),1,,13,cupy_copy__complex64_complex64
3847413989,2016,228113,1,1,1,1,1,1,18,0.000,0.000,,,,,NVIDIA A100-SXM4-40GB MIG 4g.20gb (0),1,,13,cupy_copy__float32_float32
3847444357,1600,228119,,,,,,,,,,0.000,2.500,Device,Pageable,NVIDIA A100-SXM4-40GB MIG 4g.20gb (0),1,,7,[CUDA memcpy Device-to-Host]
3847504612,12864,228130,1434,1,1,128,1,1,16,0.000,0.000,,,,,NVIDIA A100-SXM4-40GB MIG 4g.20gb (0),1,,13,cupy_copy__complex64_complex64
3847532740,2592,228137,103,1,1,128,1,1,16,0.000,0.000,,,,,NVIDIA A100-SXM4-40GB MIG 4g.20gb (0),1,,13,cupy_copy__complex64_complex64
3847551940,2303,228144,35,1,1,128,1,1,16,0.000,0.000,,,,,NVIDIA A100-SXM4-40GB MIG 4g.20gb (0),1,,13,cupy_copy__complex64_complex64
3847571843,1760,228151,1,1,1,1,1,1,18,0.000,0.000,,,,,NVIDIA A100-SXM4-40GB MIG 4g.20gb (0),1,,13,cupy_copy__float32_float32
3847703458,83359,228162,1,1,1,32,32,1,30,0.000,0.000,,,,,NVIDIA A100-SXM4-40GB MIG 4g.20gb (0),1,,13,"void convert_kernel<__half2, float2>(tensor_layout_any, T1 *, tensor_layout_any, const T2 *)"
3847814496,6048,228165,,,,,,,,,,0.094,15491.978,Pinned,Device,NVIDIA A100-SXM4-40GB MIG 4g.20gb (0),1,,13,[CUDA memcpy Host-to-Device]
3847829536,3136,228166,,,,,,,,,,1.547,493182.821,Device,,NVIDIA A100-SXM4-40GB MIG 4g.20gb (0),1,,13,[CUDA memset]
3847835840,3488,228171,,,,,,,,,,0.031,8972.469,Pinned,Device,NVIDIA A100-SXM4-40GB MIG 4g.20gb (0),1,,13,[CUDA memcpy Host-to-Device]
3847842016,10176,228172,,,,,,,,,,0.197,19320.668,Pinned,Device,NVIDIA A100-SXM4-40GB MIG 4g.20gb (0),1,,13,[CUDA memcpy Host-to-Device]
3847856352,6400,228173,273,1,1,8,4,1,39,0.002,0.000,,,,,NVIDIA A100-SXM4-40GB MIG 4g.20gb (0),1,,13,"void channel_eq::eqMmseCoefCompLowMimoKernel<float, float, float, (unsigned int)4, (unsigned int)1, (unsigned int)4>(const channel_eq::_puschRxChEqStatDescr *, channel_eq::_puschRxChEqCoefCompDynDescr)"
3847865728,5312,228174,273,1,1,12,11,1,51,0.002,0.000,,,,,NVIDIA A100-SXM4-40GB MIG 4g.20gb (0),1,,13,"void channel_eq::eqMmseSoftDemapKernel<float, __half, __half, float, (unsigned int)4, (unsigned short)16383>(channel_eq::_puschRxChEqStatDescr *, channel_eq::_puschRxChEqSoftDemapDynDescr)"
3847873088,279868,228175,1,1,1,32,32,1,30,0.000,0.000,,,,,NVIDIA A100-SXM4-40GB MIG 4g.20gb (0),1,,13,"void convert_kernel<float2, __half2>(tensor_layout_any, T1 *, tensor_layout_any, const T2 *)"
3848155868,11040,228187,2253,1,1,128,1,1,16,0.000,0.000,,,,,NVIDIA A100-SXM4-40GB MIG 4g.20gb (0),1,,13,cupy_copy__float16_float16
3848168124,3136,228196,282,1,1,128,1,1,16,0.000,0.000,,,,,NVIDIA A100-SXM4-40GB MIG 4g.20gb (0),1,,13,cupy_copy__complex64_complex64
3848172764,2272,228205,26,1,1,128,1,1,16,0.000,0.000,,,,,NVIDIA A100-SXM4-40GB MIG 4g.20gb (0),1,,13,cupy_copy__float32_float32
3848177276,2912,228214,103,1,1,128,1,1,16,0.000,0.000,,,,,NVIDIA A100-SXM4-40GB MIG 4g.20gb (0),1,,13,cupy_copy__complex64_complex64
3848181244,12064,228224,1434,1,1,128,1,1,16,0.000,0.000,,,,,NVIDIA A100-SXM4-40GB MIG 4g.20gb (0),1,,13,cupy_copy__complex64_complex64
3848203355,87647,228229,1,1,1,32,32,1,30,0.000,0.000,,,,,NVIDIA A100-SXM4-40GB MIG 4g.20gb (0),1,,13,"void convert_kernel<__half2, float2>(tensor_layout_any, T1 *, tensor_layout_any, const T2 *)"
3848317978,5472,228232,,,,,,,,,,0.094,17122.757,Pinned,Device,NVIDIA A100-SXM4-40GB MIG 4g.20gb (0),1,,13,[CUDA memcpy Host-to-Device]
3848328186,598265,228233,,,,,,,,,,456.561,762914.166,Device,,NVIDIA A100-SXM4-40GB MIG 4g.20gb (0),1,,13,[CUDA memset]
3848933874,150431,228238,,,,,,,,,,1.235,8208.673,Pinned,Device,NVIDIA A100-SXM4-40GB MIG 4g.20gb (0),1,,13,[CUDA memcpy Host-to-Device]
3849095536,41760,228239,,,,,,,,,,0.197,4707.975,Pinned,Device,NVIDIA A100-SXM4-40GB MIG 4g.20gb (0),1,,13,[CUDA memcpy Host-to-Device]
3849159056,8288,228240,69,4,1,48,1,1,76,0.002,0.000,,,,,NVIDIA A100-SXM4-40GB MIG 4g.20gb (0),1,,13,"void ch_est::windowedChEstPreNoDftSOfdmKernel<float, __half, float, (unsigned int)2, (unsigned int)1, (unsigned short)4>(ch_est::puschRxChEstStatDescr_t *, ch_est::puschRxChEstDynDescr_t *)"
3849178607,6560,228241,137,2,1,24,2,1,44,0.001,0.001,,,,,NVIDIA A100-SXM4-40GB MIG 4g.20gb (0),1,,13,"void ch_est::chEstFilterNoDftSOfdmDispatchKernel<float, __half, float, (unsigned int)2>(ch_est::puschRxChEstStatDescr_t *, ch_est::puschRxChEstDynDescr_t *)"
3849195215,4736,228242,137,2,1,24,2,1,44,0.001,0.001,,,,,NVIDIA A100-SXM4-40GB MIG 4g.20gb (0),1,,13,"void ch_est::chEstFilterNoDftSOfdmDispatchKernel<float, __half, float, (unsigned int)2>(ch_est::puschRxChEstStatDescr_t *, ch_est::puschRxChEstDynDescr_t *)"
3849214479,2624,228253,103,1,1,128,1,1,16,0.000,0.000,,,,,NVIDIA A100-SXM4-40GB MIG 4g.20gb (0),1,,13,cupy_copy__complex64_complex64
3849231151,12352,228263,1434,1,1,128,1,1,16,0.000,0.000,,,,,NVIDIA A100-SXM4-40GB MIG 4g.20gb (0),1,,13,cupy_copy__complex64_complex64
3849249583,2944,228270,103,1,1,128,1,1,16,0.000,0.000,,,,,NVIDIA A100-SXM4-40GB MIG 4g.20gb (0),1,,13,cupy_copy__complex64_complex64
3849269390,92511,228277,1,1,1,32,32,1,30,0.000,0.000,,,,,NVIDIA A100-SXM4-40GB MIG 4g.20gb (0),1,,13,"void convert_kernel<__half2, float2>(tensor_layout_any, T1 *, tensor_layout_any, const T2 *)"
3849393325,11904,228280,,,,,,,,,,0.094,7870.932,Pinned,Device,NVIDIA A100-SXM4-40GB MIG 4g.20gb (0),1,,13,[CUDA memcpy Host-to-Device]
3849411597,46783,228281,,,,,,,,,,35.810,765437.040,Device,,NVIDIA A100-SXM4-40GB MIG 4g.20gb (0),1,,13,[CUDA memset]
3849463212,5696,228283,,,,,,,,,,0.000,14.045,Pinned,Device,NVIDIA A100-SXM4-40GB MIG 4g.20gb (0),1,,13,[CUDA memcpy Host-to-Device]
3849476300,10848,228284,,,,,,,,,,0.197,18123.719,Pinned,Device,NVIDIA A100-SXM4-40GB MIG 4g.20gb (0),1,,13,[CUDA memcpy Host-to-Device]
3849496747,12224,228285,273,1,1,48,1,1,40,0.000,0.001,,,,,NVIDIA A100-SXM4-40GB MIG 4g.20gb (0),1,,13,"void pusch_noise_intf_est::noiseIntfEstNoDftSOfdmKernel<float, __half, float, float, (unsigned int)2, (unsigned int)1, (unsigned char)4, (unsigned char)4>(pusch_noise_intf_est::puschRxNoiseIntfEstDynDescr)"
3849510635,2976,228296,35,1,1,128,1,1,16,0.000,0.000,,,,,NVIDIA A100-SXM4-40GB MIG 4g.20gb (0),1,,13,cupy_copy__complex64_complex64
3849515883,1888,228305,1,1,1,1,1,1,18,0.000,0.000,,,,,NVIDIA A100-SXM4-40GB MIG 4g.20gb (0),1,,13,cupy_copy__float32_float32
3849540811,1568,228311,,,,,,,,,,0.000,2.551,Device,Pageable,NVIDIA A100-SXM4-40GB MIG 4g.20gb (0),1,,7,[CUDA memcpy Device-to-Host]
3849602634,13056,228322,1434,1,1,128,1,1,16,0.000,0.000,,,,,NVIDIA A100-SXM4-40GB MIG 4g.20gb (0),1,,13,cupy_copy__complex64_complex64
3849629514,2624,228329,103,1,1,128,1,1,16,0.000,0.000,,,,,NVIDIA A100-SXM4-40GB MIG 4g.20gb (0),1,,13,cupy_copy__complex64_complex64
3849649962,2400,228336,35,1,1,128,1,1,16,0.000,0.000,,,,,NVIDIA A100-SXM4-40GB MIG 4g.20gb (0),1,,13,cupy_copy__complex64_complex64
3849667689,1824,228343,1,1,1,1,1,1,18,0.000,0.000,,,,,NVIDIA A100-SXM4-40GB MIG 4g.20gb (0),1,,13,cupy_copy__float32_float32
3849800552,82495,228354,1,1,1,32,32,1,30,0.000,0.000,,,,,NVIDIA A100-SXM4-40GB MIG 4g.20gb (0),1,,13,"void convert_kernel<__half2, float2>(tensor_layout_any, T1 *, tensor_layout_any, const T2 *)"
3849910950,5408,228357,,,,,,,,,,0.094,17325.421,Pinned,Device,NVIDIA A100-SXM4-40GB MIG 4g.20gb (0),1,,13,[CUDA memcpy Host-to-Device]
3849924550,3392,228358,,,,,,,,,,1.547,455961.768,Device,,NVIDIA A100-SXM4-40GB MIG 4g.20gb (0),1,,13,[CUDA memset]
3849931494,3296,228363,,,,,,,,,,0.031,9495.144,Pinned,Device,NVIDIA A100-SXM4-40GB MIG 4g.20gb (0),1,,13,[CUDA memcpy Host-to-Device]
3849937478,9440,228364,,,,,,,,,,0.197,20827.079,Pinned,Device,NVIDIA A100-SXM4-40GB MIG 4g.20gb (0),1,,13,[CUDA memcpy Host-to-Device]
3849952518,6208,228365,273,1,1,8,4,1,39,0.002,0.000,,,,,NVIDIA A100-SXM4-40GB MIG 4g.20gb (0),1,,13,"void channel_eq::eqMmseCoefCompLowMimoKernel<float, float, float, (unsigned int)4, (unsigned int)1, (unsigned int)4>(const channel_eq::_puschRxChEqStatDescr *, channel_eq::_puschRxChEqCoefCompDynDescr)"
3849961574,6208,228366,273,1,1,12,11,1,51,0.002,0.000,,,,,NVIDIA A100-SXM4-40GB MIG 4g.20gb (0),1,,13,"void channel_eq::eqMmseSoftDemapKernel<float, __half, __half, float, (unsigned int)4, (unsigned short)16383>(channel_eq::_puschRxChEqStatDescr *, channel_eq::_puschRxChEqSoftDemapDynDescr)"
3849968870,282844,228367,1,1,1,32,32,1,30,0.000,0.000,,,,,NVIDIA A100-SXM4-40GB MIG 4g.20gb (0),1,,13,"void convert_kernel<float2, __half2>(tensor_layout_any, T1 *, tensor_layout_any, const T2 *)"
3850254050,10976,228379,2253,1,1,128,1,1,16,0.000,0.000,,,,,NVIDIA A100-SXM4-40GB MIG 4g.20gb (0),1,,13,cupy_copy__float16_float16
3850268034,3552,228388,282,1,1,128,1,1,16,0.000,0.000,,,,,NVIDIA A100-SXM4-40GB MIG 4g.20gb (0),1,,13,cupy_copy__complex64_complex64
3850272706,2016,228397,26,1,1,128,1,1,16,0.000,0.000,,,,,NVIDIA A100-SXM4-40GB MIG 4g.20gb (0),1,,13,cupy_copy__float32_float32
3850278082,3168,228406,103,1,1,128,1,1,16,0.000,0.000,,,,,NVIDIA A100-SXM4-40GB MIG 4g.20gb (0),1,,13,cupy_copy__complex64_complex64
3850284578,11936,228416,1434,1,1,128,1,1,16,0.000,0.000,,,,,NVIDIA A100-SXM4-40GB MIG 4g.20gb (0),1,,13,cupy_copy__complex64_complex64
3850301442,81983,228421,1,1,1,32,32,1,30,0.000,0.000,,,,,NVIDIA A100-SXM4-40GB MIG 4g.20gb (0),1,,13,"void convert_kernel<__half2, float2>(tensor_layout_any, T1 *, tensor_layout_any, const T2 *)"
3850410848,5792,228424,,,,,,,,,,0.094,16176.708,Pinned,Device,NVIDIA A100-SXM4-40GB MIG 4g.20gb (0),1,,13,[CUDA memcpy Host-to-Device]
3850420768,597977,228425,,,,,,,,,,456.561,763370.728,Device,,NVIDIA A100-SXM4-40GB MIG 4g.20gb (0),1,,13,[CUDA memset]
3851023513,151518,228430,,,,,,,,,,1.235,8149.395,Pinned,Device,NVIDIA A100-SXM4-40GB MIG 4g.20gb (0),1,,13,[CUDA memcpy Host-to-Device]
3851187607,39615,228431,,,,,,,,,,0.197,4962.779,Pinned,Device,NVIDIA A100-SXM4-40GB MIG 4g.20gb (0),1,,13,[CUDA memcpy Host-to-Device]
3851257974,7936,228432,69,4,1,48,1,1,76,0.002,0.000,,,,,NVIDIA A100-SXM4-40GB MIG 4g.20gb (0),1,,13,"void ch_est::windowedChEstPreNoDftSOfdmKernel<float, __half, float, (unsigned int)2, (unsigned int)1, (unsigned short)4>(ch_est::puschRxChEstStatDescr_t *, ch_est::puschRxChEstDynDescr_t *)"
3851277589,6528,228433,137,2,1,24,2,1,44,0.001,0.001,,,,,NVIDIA A100-SXM4-40GB MIG 4g.20gb (0),1,,13,"void ch_est::chEstFilterNoDftSOfdmDispatchKernel<float, __half, float, (unsigned int)2>(ch_est::puschRxChEstStatDescr_t *, ch_est::puschRxChEstDynDescr_t *)"
3851294581,4800,228434,137,2,1,24,2,1,44,0.001,0.001,,,,,NVIDIA A100-SXM4-40GB MIG 4g.20gb (0),1,,13,"void ch_est::chEstFilterNoDftSOfdmDispatchKernel<float, __half, float, (unsigned int)2>(ch_est::puschRxChEstStatDescr_t *, ch_est::puschRxChEstDynDescr_t *)"
3851311669,2528,228445,103,1,1,128,1,1,16,0.000,0.000,,,,,NVIDIA A100-SXM4-40GB MIG 4g.20gb (0),1,,13,cupy_copy__complex64_complex64
3851329909,12352,228455,1434,1,1,128,1,1,16,0.000,0.000,,,,,NVIDIA A100-SXM4-40GB MIG 4g.20gb (0),1,,13,cupy_copy__complex64_complex64
3851349269,2592,228462,103,1,1,128,1,1,16,0.000,0.000,,,,,NVIDIA A100-SXM4-40GB MIG 4g.20gb (0),1,,13,cupy_copy__complex64_complex64
3851370164,90175,228469,1,1,1,32,32,1,30,0.000,0.000,,,,,NVIDIA A100-SXM4-40GB MIG 4g.20gb (0),1,,13,"void convert_kernel<__half2, float2>(tensor_layout_any, T1 *, tensor_layout_any, const T2 *)"
3851489779,28063,228472,,,,,,,,,,0.094,3338.763,Pinned,Device,NVIDIA A100-SXM4-40GB MIG 4g.20gb (0),1,,13,[CUDA memcpy Host-to-Device]
3851530578,47008,228473,,,,,,,,,,35.810,761748.618,Device,,NVIDIA A100-SXM4-40GB MIG 4g.20gb (0),1,,13,[CUDA memset]
3851588050,11775,228475,,,,,,,,,,0.000,6.794,Pinned,Device,NVIDIA A100-SXM4-40GB MIG 4g.20gb (0),1,,13,[CUDA memcpy Host-to-Device]
3851608753,27552,228476,,,,,,,,,,0.197,7135.887,Pinned,Device,NVIDIA A100-SXM4-40GB MIG 4g.20gb (0),1,,13,[CUDA memcpy Host-to-Device]
3851655569,9504,228477,273,1,1,48,1,1,40,0.000,0.001,,,,,NVIDIA A100-SXM4-40GB MIG 4g.20gb (0),1,,13,"void pusch_noise_intf_est::noiseIntfEstNoDftSOfdmKernel<float, __half, float, float, (unsigned int)2, (unsigned int)1, (unsigned char)4, (unsigned char)4>(pusch_noise_intf_est::puschRxNoiseIntfEstDynDescr)"
3851670097,2816,228488,35,1,1,128,1,1,16,0.000,0.000,,,,,NVIDIA A100-SXM4-40GB MIG 4g.20gb (0),1,,13,cupy_copy__complex64_complex64
3851680880,1728,228497,1,1,1,1,1,1,18,0.000,0.000,,,,,NVIDIA A100-SXM4-40GB MIG 4g.20gb (0),1,,13,cupy_copy__float32_float32
3851684304,6016,228503,,,,,,,,,,0.000,0.665,Device,Pageable,NVIDIA A100-SXM4-40GB MIG 4g.20gb (0),1,,7,[CUDA memcpy Device-to-Host]
3851767791,12960,228514,1434,1,1,128,1,1,16,0.000,0.000,,,,,NVIDIA A100-SXM4-40GB MIG 4g.20gb (0),1,,13,cupy_copy__complex64_complex64
3851795791,2688,228521,103,1,1,128,1,1,16,0.000,0.000,,,,,NVIDIA A100-SXM4-40GB MIG 4g.20gb (0),1,,13,cupy_copy__complex64_complex64
3851814767,2560,228528,35,1,1,128,1,1,16,0.000,0.000,,,,,NVIDIA A100-SXM4-40GB MIG 4g.20gb (0),1,,13,cupy_copy__complex64_complex64
3851828751,2080,228535,1,1,1,1,1,1,18,0.000,0.000,,,,,NVIDIA A100-SXM4-40GB MIG 4g.20gb (0),1,,13,cupy_copy__float32_float32
3851956717,86879,228546,1,1,1,32,32,1,30,0.000,0.000,,,,,NVIDIA A100-SXM4-40GB MIG 4g.20gb (0),1,,13,"void convert_kernel<__half2, float2>(tensor_layout_any, T1 *, tensor_layout_any, const T2 *)"
3852071052,5376,228549,,,,,,,,,,0.094,17428.487,Pinned,Device,NVIDIA A100-SXM4-40GB MIG 4g.20gb (0),1,,13,[CUDA memcpy Host-to-Device]
3852086731,3488,228550,,,,,,,,,,1.547,443412.461,Device,,NVIDIA A100-SXM4-40GB MIG 4g.20gb (0),1,,13,[CUDA memset]
3852094539,3040,228555,,,,,,,,,,0.031,10294.725,Pinned,Device,NVIDIA A100-SXM4-40GB MIG 4g.20gb (0),1,,13,[CUDA memcpy Host-to-Device]
3852100107,9760,228556,,,,,,,,,,0.197,20144.259,Pinned,Device,NVIDIA A100-SXM4-40GB MIG 4g.20gb (0),1,,13,[CUDA memcpy Host-to-Device]
3852115627,8128,228557,273,1,1,8,4,1,39,0.002,0.000,,,,,NVIDIA A100-SXM4-40GB MIG 4g.20gb (0),1,,13,"void channel_eq::eqMmseCoefCompLowMimoKernel<float, float, float, (unsigned int)4, (unsigned int)1, (unsigned int)4>(const channel_eq::_puschRxChEqStatDescr *, channel_eq::_puschRxChEqCoefCompDynDescr)"
3852125003,5984,228558,273,1,1,12,11,1,51,0.002,0.000,,,,,NVIDIA A100-SXM4-40GB MIG 4g.20gb (0),1,,13,"void channel_eq::eqMmseSoftDemapKernel<float, __half, __half, float, (unsigned int)4, (unsigned short)16383>(channel_eq::_puschRxChEqStatDescr *, channel_eq::_puschRxChEqSoftDemapDynDescr)"
3852132267,295100,228559,1,1,1,32,32,1,30,0.000,0.000,,,,,NVIDIA A100-SXM4-40GB MIG 4g.20gb (0),1,,13,"void convert_kernel<float2, __half2>(tensor_layout_any, T1 *, tensor_layout_any, const T2 *)"
3852429095,11104,228571,2253,1,1,128,1,1,16,0.000,0.000,,,,,NVIDIA A100-SXM4-40GB MIG 4g.20gb (0),1,,13,cupy_copy__float16_float16
3852442951,3072,228580,282,1,1,128,1,1,16,0.000,0.000,,,,,NVIDIA A100-SXM4-40GB MIG 4g.20gb (0),1,,13,cupy_copy__complex64_complex64
3852448359,2048,228589,26,1,1,128,1,1,16,0.000,0.000,,,,,NVIDIA A100-SXM4-40GB MIG 4g.20gb (0),1,,13,cupy_copy__float32_float32
3852452295,4608,228598,103,1,1,128,1,1,16,0.000,0.000,,,,,NVIDIA A100-SXM4-40GB MIG 4g.20gb (0),1,,13,cupy_copy__complex64_complex64
3852459719,12480,228608,1434,1,1,128,1,1,16,0.000,0.000,,,,,NVIDIA A100-SXM4-40GB MIG 4g.20gb (0),1,,13,cupy_copy__complex64_complex64
3852473447,82463,228613,1,1,1,32,32,1,30,0.000,0.000,,,,,NVIDIA A100-SXM4-40GB MIG 4g.20gb (0),1,,13,"void convert_kernel<__half2, float2>(tensor_layout_any, T1 *, tensor_layout_any, const T2 *)"
3852584165,5728,228616,,,,,,,,,,0.094,16357.541,Pinned,Device,NVIDIA A100-SXM4-40GB MIG 4g.20gb (0),1,,13,[CUDA memcpy Host-to-Device]
3852594277,599769,228617,,,,,,,,,,456.561,761087.920,Device,,NVIDIA A100-SXM4-40GB MIG 4g.20gb (0),1,,13,[CUDA memset]
3853199486,95039,228622,,,,,,,,,,1.235,12992.846,Pinned,Device,NVIDIA A100-SXM4-40GB MIG 4g.20gb (0),1,,13,[CUDA memcpy Host-to-Device]
3853302652,18816,228623,,,,,,,,,,0.197,10448.929,Pinned,Device,NVIDIA A100-SXM4-40GB MIG 4g.20gb (0),1,,13,[CUDA memcpy Host-to-Device]
3853333468,8320,228624,69,4,1,48,1,1,76,0.002,0.000,,,,,NVIDIA A100-SXM4-40GB MIG 4g.20gb (0),1,,13,"void ch_est::windowedChEstPreNoDftSOfdmKernel<float, __half, float, (unsigned int)2, (unsigned int)1, (unsigned short)4>(ch_est::puschRxChEstStatDescr_t *, ch_est::puschRxChEstDynDescr_t *)"
3853352892,6752,228625,137,2,1,24,2,1,44,0.001,0.001,,,,,NVIDIA A100-SXM4-40GB MIG 4g.20gb (0),1,,13,"void ch_est::chEstFilterNoDftSOfdmDispatchKernel<float, __half, float, (unsigned int)2>(ch_est::puschRxChEstStatDescr_t *, ch_est::puschRxChEstDynDescr_t *)"
3853366300,4800,228626,137,2,1,24,2,1,44,0.001,0.001,,,,,NVIDIA A100-SXM4-40GB MIG 4g.20gb (0),1,,13,"void ch_est::chEstFilterNoDftSOfdmDispatchKernel<float, __half, float, (unsigned int)2>(ch_est::puschRxChEstStatDescr_t *, ch_est::puschRxChEstDynDescr_t *)"
3853378619,2816,228637,103,1,1,128,1,1,16,0.000,0.000,,,,,NVIDIA A100-SXM4-40GB MIG 4g.20gb (0),1,,13,cupy_copy__complex64_complex64
3853390875,12608,228647,1434,1,1,128,1,1,16,0.000,0.000,,,,,NVIDIA A100-SXM4-40GB MIG 4g.20gb (0),1,,13,cupy_copy__complex64_complex64
3853404891,2528,228654,103,1,1,128,1,1,16,0.000,0.000,,,,,NVIDIA A100-SXM4-40GB MIG 4g.20gb (0),1,,13,cupy_copy__complex64_complex64
3853416123,86047,228661,1,1,1,32,32,1,30,0.000,0.000,,,,,NVIDIA A100-SXM4-40GB MIG 4g.20gb (0),1,,13,"void convert_kernel<__half2, float2>(tensor_layout_any, T1 *, tensor_layout_any, const T2 *)"
3853534490,15423,228664,,,,,,,,,,0.094,6075.061,Pinned,Device,NVIDIA A100-SXM4-40GB MIG 4g.20gb (0),1,,13,[CUDA memcpy Host-to-Device]
3853564601,47488,228665,,,,,,,,,,35.810,754049.485,Device,,NVIDIA A100-SXM4-40GB MIG 4g.20gb (0),1,,13,[CUDA memset]
3853617785,9471,228667,,,,,,,,,,0.000,8.447,Pinned,Device,NVIDIA A100-SXM4-40GB MIG 4g.20gb (0),1,,13,[CUDA memcpy Host-to-Device]
3853639000,26816,228668,,,,,,,,,,0.197,7331.709,Pinned,Device,NVIDIA A100-SXM4-40GB MIG 4g.20gb (0),1,,13,[CUDA memcpy Host-to-Device]
3853681240,9472,228669,273,1,1,48,1,1,40,0.000,0.001,,,,,NVIDIA A100-SXM4-40GB MIG 4g.20gb (0),1,,13,"void pusch_noise_intf_est::noiseIntfEstNoDftSOfdmKernel<float, __half, float, float, (unsigned int)2, (unsigned int)1, (unsigned char)4, (unsigned char)4>(pusch_noise_intf_est::puschRxNoiseIntfEstDynDescr)"
3853700472,2847,228680,35,1,1,128,1,1,16,0.000,0.000,,,,,NVIDIA A100-SXM4-40GB MIG 4g.20gb (0),1,,13,cupy_copy__complex64_complex64
3853716439,1664,228689,1,1,1,1,1,1,18,0.000,0.000,,,,,NVIDIA A100-SXM4-40GB MIG 4g.20gb (0),1,,13,cupy_copy__float32_float32
3853718647,9056,228695,,,,,,,,,,0.000,0.442,Device,Pageable,NVIDIA A100-SXM4-40GB MIG 4g.20gb (0),1,,7,[CUDA memcpy Device-to-Host]
3853810870,12928,228706,1434,1,1,128,1,1,16,0.000,0.000,,,,,NVIDIA A100-SXM4-40GB MIG 4g.20gb (0),1,,13,cupy_copy__complex64_complex64
3853834070,3360,228713,103,1,1,128,1,1,16,0.000,0.000,,,,,NVIDIA A100-SXM4-40GB MIG 4g.20gb (0),1,,13,cupy_copy__complex64_complex64
3853856118,2272,228720,35,1,1,128,1,1,16,0.000,0.000,,,,,NVIDIA A100-SXM4-40GB MIG 4g.20gb (0),1,,13,cupy_copy__complex64_complex64
3853875573,1760,228727,1,1,1,1,1,1,18,0.000,0.000,,,,,NVIDIA A100-SXM4-40GB MIG 4g.20gb (0),1,,13,cupy_copy__float32_float32
3854006868,87775,228738,1,1,1,32,32,1,30,0.000,0.000,,,,,NVIDIA A100-SXM4-40GB MIG 4g.20gb (0),1,,13,"void convert_kernel<__half2, float2>(tensor_layout_any, T1 *, tensor_layout_any, const T2 *)"
3854123762,16480,228741,,,,,,,,,,0.094,5685.380,Pinned,Device,NVIDIA A100-SXM4-40GB MIG 4g.20gb (0),1,,13,[CUDA memcpy Host-to-Device]
3854150770,3488,228742,,,,,,,,,,1.547,443412.461,Device,,NVIDIA A100-SXM4-40GB MIG 4g.20gb (0),1,,13,[CUDA memset]
3854156914,3104,228747,,,,,,,,,,0.031,10082.445,Pinned,Device,NVIDIA A100-SXM4-40GB MIG 4g.20gb (0),1,,13,[CUDA memcpy Host-to-Device]
3854166546,14464,228748,,,,,,,,,,0.197,13592.887,Pinned,Device,NVIDIA A100-SXM4-40GB MIG 4g.20gb (0),1,,13,[CUDA memcpy Host-to-Device]
3854190929,8320,228749,273,1,1,8,4,1,39,0.002,0.000,,,,,NVIDIA A100-SXM4-40GB MIG 4g.20gb (0),1,,13,"void channel_eq::eqMmseCoefCompLowMimoKernel<float, float, float, (unsigned int)4, (unsigned int)1, (unsigned int)4>(const channel_eq::_puschRxChEqStatDescr *, channel_eq::_puschRxChEqCoefCompDynDescr)"
3854208817,5696,228750,273,1,1,12,11,1,51,0.002,0.000,,,,,NVIDIA A100-SXM4-40GB MIG 4g.20gb (0),1,,13,"void channel_eq::eqMmseSoftDemapKernel<float, __half, __half, float, (unsigned int)4, (unsigned short)16383>(channel_eq::_puschRxChEqStatDescr *, channel_eq::_puschRxChEqSoftDemapDynDescr)"
3854216369,289981,228751,1,1,1,32,32,1,30,0.000,0.000,,,,,NVIDIA A100-SXM4-40GB MIG 4g.20gb (0),1,,13,"void convert_kernel<float2, __half2>(tensor_layout_any, T1 *, tensor_layout_any, const T2 *)"
3854508654,11103,228763,2253,1,1,128,1,1,16,0.000,0.000,,,,,NVIDIA A100-SXM4-40GB MIG 4g.20gb (0),1,,13,cupy_copy__float16_float16
3854523341,3040,228772,282,1,1,128,1,1,16,0.000,0.000,,,,,NVIDIA A100-SXM4-40GB MIG 4g.20gb (0),1,,13,cupy_copy__complex64_complex64
3854528365,1984,228781,26,1,1,128,1,1,16,0.000,0.000,,,,,NVIDIA A100-SXM4-40GB MIG 4g.20gb (0),1,,13,cupy_copy__float32_float32
3854531917,4672,228790,103,1,1,128,1,1,16,0.000,0.000,,,,,NVIDIA A100-SXM4-40GB MIG 4g.20gb (0),1,,13,cupy_copy__complex64_complex64
3854539373,12576,228800,1434,1,1,128,1,1,16,0.000,0.000,,,,,NVIDIA A100-SXM4-40GB MIG 4g.20gb (0),1,,13,cupy_copy__complex64_complex64
3854556941,81759,228805,1,1,1,32,32,1,30,0.000,0.000,,,,,NVIDIA A100-SXM4-40GB MIG 4g.20gb (0),1,,13,"void convert_kernel<__half2, float2>(tensor_layout_any, T1 *, tensor_layout_any, const T2 *)"
3854665228,5408,228808,,,,,,,,,,0.094,17325.421,Pinned,Device,NVIDIA A100-SXM4-40GB MIG 4g.20gb (0),1,,13,[CUDA memcpy Host-to-Device]
3854677131,596857,228809,,,,,,,,,,456.561,764740.412,Device,,NVIDIA A100-SXM4-40GB MIG 4g.20gb (0),1,,13,[CUDA memset]
3855278628,131038,228814,,,,,,,,,,1.235,9423.858,Pinned,Device,NVIDIA A100-SXM4-40GB MIG 4g.20gb (0),1,,13,[CUDA memcpy Host-to-Device]
3855423074,29504,228815,,,,,,,,,,0.197,6663.635,Pinned,Device,NVIDIA A100-SXM4-40GB MIG 4g.20gb (0),1,,13,[CUDA memcpy Host-to-Device]
3855476578,8287,228816,69,4,1,48,1,1,76,0.002,0.000,,,,,NVIDIA A100-SXM4-40GB MIG 4g.20gb (0),1,,13,"void ch_est::windowedChEstPreNoDftSOfdmKernel<float, __half, float, (unsigned int)2, (unsigned int)1, (unsigned short)4>(ch_est::puschRxChEstStatDescr_t *, ch_est::puschRxChEstDynDescr_t *)"
3855487233,7392,228817,137,2,1,24,2,1,44,0.001,0.001,,,,,NVIDIA A100-SXM4-40GB MIG 4g.20gb (0),1,,13,"void ch_est::chEstFilterNoDftSOfdmDispatchKernel<float, __half, float, (unsigned int)2>(ch_est::puschRxChEstStatDescr_t *, ch_est::puschRxChEstDynDescr_t *)"
3855499873,5184,228818,137,2,1,24,2,1,44,0.001,0.001,,,,,NVIDIA A100-SXM4-40GB MIG 4g.20gb (0),1,,13,"void ch_est::chEstFilterNoDftSOfdmDispatchKernel<float, __half, float, (unsigned int)2>(ch_est::puschRxChEstStatDescr_t *, ch_est::puschRxChEstDynDescr_t *)"
3855507425,3072,228829,103,1,1,128,1,1,16,0.000,0.000,,,,,NVIDIA A100-SXM4-40GB MIG 4g.20gb (0),1,,13,cupy_copy__complex64_complex64
3855517569,12576,228839,1434,1,1,128,1,1,16,0.000,0.000,,,,,NVIDIA A100-SXM4-40GB MIG 4g.20gb (0),1,,13,cupy_copy__complex64_complex64
3855544065,2400,228846,103,1,1,128,1,1,16,0.000,0.000,,,,,NVIDIA A100-SXM4-40GB MIG 4g.20gb (0),1,,13,cupy_copy__complex64_complex64
3855560257,86462,228853,1,1,1,32,32,1,30,0.000,0.000,,,,,NVIDIA A100-SXM4-40GB MIG 4g.20gb (0),1,,13,"void convert_kernel<__half2, float2>(tensor_layout_any, T1 *, tensor_layout_any, const T2 *)"
3855677471,13536,228856,,,,,,,,,,0.094,6921.979,Pinned,Device,NVIDIA A100-SXM4-40GB MIG 4g.20gb (0),1,,13,[CUDA memcpy Host-to-Device]
3855703775,46239,228857,,,,,,,,,,35.810,774425.330,Device,,NVIDIA A100-SXM4-40GB MIG 4g.20gb (0),1,,13,[CUDA memset]
3855754686,9056,228859,,,,,,,,,,0.000,8.834,Pinned,Device,NVIDIA A100-SXM4-40GB MIG 4g.20gb (0),1,,13,[CUDA memcpy Host-to-Device]
3855771294,15904,228860,,,,,,,,,,0.197,12362.121,Pinned,Device,NVIDIA A100-SXM4-40GB MIG 4g.20gb (0),1,,13,[CUDA memcpy Host-to-Device]
3855803262,10047,228861,273,1,1,48,1,1,40,0.000,0.001,,,,,NVIDIA A100-SXM4-40GB MIG 4g.20gb (0),1,,13,"void pusch_noise_intf_est::noiseIntfEstNoDftSOfdmKernel<float, __half, float, float, (unsigned int)2, (unsigned int)1, (unsigned char)4, (unsigned char)4>(pusch_noise_intf_est::puschRxNoiseIntfEstDynDescr)"
3855819773,2752,228872,35,1,1,128,1,1,16,0.000,0.000,,,,,NVIDIA A100-SXM4-40GB MIG 4g.20gb (0),1,,13,cupy_copy__complex64_complex64
3855828669,1728,228881,1,1,1,1,1,1,18,0.000,0.000,,,,,NVIDIA A100-SXM4-40GB MIG 4g.20gb (0),1,,13,cupy_copy__float32_float32
3855837277,3072,228887,,,,,,,,,,0.000,1.302,Device,Pageable,NVIDIA A100-SXM4-40GB MIG 4g.20gb (0),1,,7,[CUDA memcpy Device-to-Host]
3855902812,12448,228898,1434,1,1,128,1,1,16,0.000,0.000,,,,,NVIDIA A100-SXM4-40GB MIG 4g.20gb (0),1,,13,cupy_copy__complex64_complex64
3855931516,3040,228905,103,1,1,128,1,1,16,0.000,0.000,,,,,NVIDIA A100-SXM4-40GB MIG 4g.20gb (0),1,,13,cupy_copy__complex64_complex64
3855950748,2304,228912,35,1,1,128,1,1,16,0.000,0.000,,,,,NVIDIA A100-SXM4-40GB MIG 4g.20gb (0),1,,13,cupy_copy__complex64_complex64
3855970491,1792,228919,1,1,1,1,1,1,18,0.000,0.000,,,,,NVIDIA A100-SXM4-40GB MIG 4g.20gb (0),1,,13,cupy_copy__float32_float32
3856101338,82431,228930,1,1,1,32,32,1,30,0.000,0.000,,,,,NVIDIA A100-SXM4-40GB MIG 4g.20gb (0),1,,13,"void convert_kernel<__half2, float2>(tensor_layout_any, T1 *, tensor_layout_any, const T2 *)"
3856210840,5440,228933,,,,,,,,,,0.094,17223.480,Pinned,Device,NVIDIA A100-SXM4-40GB MIG 4g.20gb (0),1,,13,[CUDA memcpy Host-to-Device]
3856225944,3296,228934,,,,,,,,,,1.547,469242.628,Device,,NVIDIA A100-SXM4-40GB MIG 4g.20gb (0),1,,13,[CUDA memset]
3856232056,3232,228939,,,,,,,,,,0.031,9683.139,Pinned,Device,NVIDIA A100-SXM4-40GB MIG 4g.20gb (0),1,,13,[CUDA memcpy Host-to-Device]
3856237432,9408,228940,,,,,,,,,,0.197,20897.858,Pinned,Device,NVIDIA A100-SXM4-40GB MIG 4g.20gb (0),1,,13,[CUDA memcpy Host-to-Device]
3856253272,6112,228941,273,1,1,8,4,1,39,0.002,0.000,,,,,NVIDIA A100-SXM4-40GB MIG 4g.20gb (0),1,,13,"void channel_eq::eqMmseCoefCompLowMimoKernel<float, float, float, (unsigned int)4, (unsigned int)1, (unsigned int)4>(const channel_eq::_puschRxChEqStatDescr *, channel_eq::_puschRxChEqCoefCompDynDescr)"
3856260440,6304,228942,273,1,1,12,11,1,51,0.002,0.000,,,,,NVIDIA A100-SXM4-40GB MIG 4g.20gb (0),1,,13,"void channel_eq::eqMmseSoftDemapKernel<float, __half, __half, float, (unsigned int)4, (unsigned short)16383>(channel_eq::_puschRxChEqStatDescr *, channel_eq::_puschRxChEqSoftDemapDynDescr)"
3856267832,282684,228943,1,1,1,32,32,1,30,0.000,0.000,,,,,NVIDIA A100-SXM4-40GB MIG 4g.20gb (0),1,,13,"void convert_kernel<float2, __half2>(tensor_layout_any, T1 *, tensor_layout_any, const T2 *)"
3856552564,10944,228955,2253,1,1,128,1,1,16,0.000,0.000,,,,,NVIDIA A100-SXM4-40GB MIG 4g.20gb (0),1,,13,cupy_copy__float16_float16
3856567348,3424,228964,282,1,1,128,1,1,16,0.000,0.000,,,,,NVIDIA A100-SXM4-40GB MIG 4g.20gb (0),1,,13,cupy_copy__complex64_complex64
3856573620,2048,228973,26,1,1,128,1,1,16,0.000,0.000,,,,,NVIDIA A100-SXM4-40GB MIG 4g.20gb (0),1,,13,cupy_copy__float32_float32
3856578964,3040,228982,103,1,1,128,1,1,16,0.000,0.000,,,,,NVIDIA A100-SXM4-40GB MIG 4g.20gb (0),1,,13,cupy_copy__complex64_complex64
3856633107,12032,228998,1434,1,1,128,1,1,16,0.000,0.000,,,,,NVIDIA A100-SXM4-40GB MIG 4g.20gb (0),1,,13,cupy_copy__complex64_complex64
3856748146,82207,229003,1,1,1,32,32,1,30,0.000,0.000,,,,,NVIDIA A100-SXM4-40GB MIG 4g.20gb (0),1,,13,"void convert_kernel<__half2, float2>(tensor_layout_any, T1 *, tensor_layout_any, const T2 *)"
3856857296,5696,229006,,,,,,,,,,0.094,16449.363,Pinned,Device,NVIDIA A100-SXM4-40GB MIG 4g.20gb (0),1,,13,[CUDA memcpy Host-to-Device]
3856867408,601145,229007,,,,,,,,,,456.561,759261.675,Device,,NVIDIA A100-SXM4-40GB MIG 4g.20gb (0),1,,13,[CUDA memset]
3857470761,155966,229012,,,,,,,,,,1.235,7917.226,Pinned,Device,NVIDIA A100-SXM4-40GB MIG 4g.20gb (0),1,,13,[CUDA memcpy Host-to-Device]
3857637159,27936,229013,,,,,,,,,,0.197,7037.780,Pinned,Device,NVIDIA A100-SXM4-40GB MIG 4g.20gb (0),1,,13,[CUDA memcpy Host-to-Device]
3857685478,7936,229014,69,4,1,48,1,1,76,0.002,0.000,,,,,NVIDIA A100-SXM4-40GB MIG 4g.20gb (0),1,,13,"void ch_est::windowedChEstPreNoDftSOfdmKernel<float, __half, float, (unsigned int)2, (unsigned int)1, (unsigned short)4>(ch_est::puschRxChEstStatDescr_t *, ch_est::puschRxChEstDynDescr_t *)"
3857696422,6464,229015,137,2,1,24,2,1,44,0.001,0.001,,,,,NVIDIA A100-SXM4-40GB MIG 4g.20gb (0),1,,13,"void ch_est::chEstFilterNoDftSOfdmDispatchKernel<float, __half, float, (unsigned int)2>(ch_est::puschRxChEstStatDescr_t *, ch_est::puschRxChEstDynDescr_t *)"
3857711942,5056,229016,137,2,1,24,2,1,44,0.001,0.001,,,,,NVIDIA A100-SXM4-40GB MIG 4g.20gb (0),1,,13,"void ch_est::chEstFilterNoDftSOfdmDispatchKernel<float, __half, float, (unsigned int)2>(ch_est::puschRxChEstStatDescr_t *, ch_est::puschRxChEstDynDescr_t *)"
3857722758,2496,229027,103,1,1,128,1,1,16,0.000,0.000,,,,,NVIDIA A100-SXM4-40GB MIG 4g.20gb (0),1,,13,cupy_copy__complex64_complex64
3857733478,12831,229037,1434,1,1,128,1,1,16,0.000,0.000,,,,,NVIDIA A100-SXM4-40GB MIG 4g.20gb (0),1,,13,cupy_copy__complex64_complex64
3857756837,2624,229044,103,1,1,128,1,1,16,0.000,0.000,,,,,NVIDIA A100-SXM4-40GB MIG 4g.20gb (0),1,,13,cupy_copy__complex64_complex64
3857766661,88927,229051,1,1,1,32,32,1,30,0.000,0.000,,,,,NVIDIA A100-SXM4-40GB MIG 4g.20gb (0),1,,13,"void convert_kernel<__half2, float2>(tensor_layout_any, T1 *, tensor_layout_any, const T2 *)"
3857883556,13088,229054,,,,,,,,,,0.094,7158.843,Pinned,Device,NVIDIA A100-SXM4-40GB MIG 4g.20gb (0),1,,13,[CUDA memcpy Host-to-Device]
3857909603,47040,229055,,,,,,,,,,35.810,761247.279,Device,,NVIDIA A100-SXM4-40GB MIG 4g.20gb (0),1,,13,[CUDA memset]
3857959715,8992,229057,,,,,,,,,,0.000,8.897,Pinned,Device,NVIDIA A100-SXM4-40GB MIG 4g.20gb (0),1,,13,[CUDA memcpy Host-to-Device]
3857976067,17439,229058,,,,,,,,,,0.197,11273.896,Pinned,Device,NVIDIA A100-SXM4-40GB MIG 4g.20gb (0),1,,13,[CUDA memcpy Host-to-Device]
3858004034,10240,229059,273,1,1,48,1,1,40,0.000,0.001,,,,,NVIDIA A100-SXM4-40GB MIG 4g.20gb (0),1,,13,"void pusch_noise_intf_est::noiseIntfEstNoDftSOfdmKernel<float, __half, float, float, (unsigned int)2, (unsigned int)1, (unsigned char)4, (unsigned char)4>(pusch_noise_intf_est::puschRxNoiseIntfEstDynDescr)"
3858021986,2912,229070,35,1,1,128,1,1,16,0.000,0.000,,,,,NVIDIA A100-SXM4-40GB MIG 4g.20gb (0),1,,13,cupy_copy__complex64_complex64
3858032098,1760,229079,1,1,1,1,1,1,18,0.000,0.000,,,,,NVIDIA A100-SXM4-40GB MIG 4g.20gb (0),1,,13,cupy_copy__float32_float32
3858040866,6560,229085,,,,,,,,,,0.000,0.610,Device,Pageable,NVIDIA A100-SXM4-40GB MIG 4g.20gb (0),1,,7,[CUDA memcpy Device-to-Host]
3858121537,12992,229096,1434,1,1,128,1,1,16,0.000,0.000,,,,,NVIDIA A100-SXM4-40GB MIG 4g.20gb (0),1,,13,cupy_copy__complex64_complex64
3858147809,3551,229103,103,1,1,128,1,1,16,0.000,0.000,,,,,NVIDIA A100-SXM4-40GB MIG 4g.20gb (0),1,,13,cupy_copy__complex64_complex64
3858164704,2528,229110,35,1,1,128,1,1,16,0.000,0.000,,,,,NVIDIA A100-SXM4-40GB MIG 4g.20gb (0),1,,13,cupy_copy__complex64_complex64
3858186848,1792,229117,1,1,1,1,1,1,18,0.000,0.000,,,,,NVIDIA A100-SXM4-40GB MIG 4g.20gb (0),1,,13,cupy_copy__float32_float32
3858315422,82879,229128,1,1,1,32,32,1,30,0.000,0.000,,,,,NVIDIA A100-SXM4-40GB MIG 4g.20gb (0),1,,13,"void convert_kernel<__half2, float2>(tensor_layout_any, T1 *, tensor_layout_any, const T2 *)"
3858426653,5568,229131,,,,,,,,,,0.094,16827.521,Pinned,Device,NVIDIA A100-SXM4-40GB MIG 4g.20gb (0),1,,13,[CUDA memcpy Host-to-Device]
3858442141,3328,229132,,,,,,,,,,1.547,464729.580,Device,,NVIDIA A100-SXM4-40GB MIG 4g.20gb (0),1,,13,[CUDA memset]
3858447901,3040,229137,,,,,,,,,,0.031,10294.725,Pinned,Device,NVIDIA A100-SXM4-40GB MIG 4g.20gb (0),1,,13,[CUDA memcpy Host-to-Device]
3858453373,9920,229138,,,,,,,,,,0.197,19819.266,Pinned,Device,NVIDIA A100-SXM4-40GB MIG 4g.20gb (0),1,,13,[CUDA memcpy Host-to-Device]
3858469053,6815,229139,273,1,1,8,4,1,39,0.002,0.000,,,,,NVIDIA A100-SXM4-40GB MIG 4g.20gb (0),1,,13,"void channel_eq::eqMmseCoefCompLowMimoKernel<float, float, float, (unsigned int)4, (unsigned int)1, (unsigned int)4>(const channel_eq::_puschRxChEqStatDescr *, channel_eq::_puschRxChEqCoefCompDynDescr)"
3858476828,6304,229140,273,1,1,12,11,1,51,0.002,0.000,,,,,NVIDIA A100-SXM4-40GB MIG 4g.20gb (0),1,,13,"void channel_eq::eqMmseSoftDemapKernel<float, __half, __half, float, (unsigned int)4, (unsigned short)16383>(channel_eq::_puschRxChEqStatDescr *, channel_eq::_puschRxChEqSoftDemapDynDescr)"
3858484092,282557,229141,1,1,1,32,32,1,30,0.000,0.000,,,,,NVIDIA A100-SXM4-40GB MIG 4g.20gb (0),1,,13,"void convert_kernel<float2, __half2>(tensor_layout_any, T1 *, tensor_layout_any, const T2 *)"
3858769785,10560,229153,2253,1,1,128,1,1,16,0.000,0.000,,,,,NVIDIA A100-SXM4-40GB MIG 4g.20gb (0),1,,13,cupy_copy__float16_float16
3858781817,2816,229162,282,1,1,128,1,1,16,0.000,0.000,,,,,NVIDIA A100-SXM4-40GB MIG 4g.20gb (0),1,,13,cupy_copy__complex64_complex64
3858788985,2336,229171,26,1,1,128,1,1,16,0.000,0.000,,,,,NVIDIA A100-SXM4-40GB MIG 4g.20gb (0),1,,13,cupy_copy__float32_float32
3858794521,3008,229180,103,1,1,128,1,1,16,0.000,0.000,,,,,NVIDIA A100-SXM4-40GB MIG 4g.20gb (0),1,,13,cupy_copy__complex64_complex64
3858799896,12000,229190,1434,1,1,128,1,1,16,0.000,0.000,,,,,NVIDIA A100-SXM4-40GB MIG 4g.20gb (0),1,,13,cupy_copy__complex64_complex64
3858814968,87295,229195,1,1,1,32,32,1,30,0.000,0.000,,,,,NVIDIA A100-SXM4-40GB MIG 4g.20gb (0),1,,13,"void convert_kernel<__half2, float2>(tensor_layout_any, T1 *, tensor_layout_any, const T2 *)"
3858930103,5728,229198,,,,,,,,,,0.094,16357.541,Pinned,Device,NVIDIA A100-SXM4-40GB MIG 4g.20gb (0),1,,13,[CUDA memcpy Host-to-Device]
3858940247,598552,229199,,,,,,,,,,456.561,762457.605,Device,,NVIDIA A100-SXM4-40GB MIG 4g.20gb (0),1,,13,[CUDA memset]
3859539791,116511,229204,,,,,,,,,,1.235,10598.289,Pinned,Device,NVIDIA A100-SXM4-40GB MIG 4g.20gb (0),1,,13,[CUDA memcpy Host-to-Device]
3859664622,32415,229205,,,,,,,,,,0.197,6065.160,Pinned,Device,NVIDIA A100-SXM4-40GB MIG 4g.20gb (0),1,,13,[CUDA memcpy Host-to-Device]
3859715213,8384,229206,69,4,1,48,1,1,76,0.002,0.000,,,,,NVIDIA A100-SXM4-40GB MIG 4g.20gb (0),1,,13,"void ch_est::windowedChEstPreNoDftSOfdmKernel<float, __half, float, (unsigned int)2, (unsigned int)1, (unsigned short)4>(ch_est::puschRxChEstStatDescr_t *, ch_est::puschRxChEstDynDescr_t *)"
3859730893,6976,229207,137,2,1,24,2,1,44,0.001,0.001,,,,,NVIDIA A100-SXM4-40GB MIG 4g.20gb (0),1,,13,"void ch_est::chEstFilterNoDftSOfdmDispatchKernel<float, __half, float, (unsigned int)2>(ch_est::puschRxChEstStatDescr_t *, ch_est::puschRxChEstDynDescr_t *)"
3859745005,4736,229208,137,2,1,24,2,1,44,0.001,0.001,,,,,NVIDIA A100-SXM4-40GB MIG 4g.20gb (0),1,,13,"void ch_est::chEstFilterNoDftSOfdmDispatchKernel<float, __half, float, (unsigned int)2>(ch_est::puschRxChEstStatDescr_t *, ch_est::puschRxChEstDynDescr_t *)"
3859759245,2528,229219,103,1,1,128,1,1,16,0.000,0.000,,,,,NVIDIA A100-SXM4-40GB MIG 4g.20gb (0),1,,13,cupy_copy__complex64_complex64
3859775660,12352,229229,1434,1,1,128,1,1,16,0.000,0.000,,,,,NVIDIA A100-SXM4-40GB MIG 4g.20gb (0),1,,13,cupy_copy__complex64_complex64
3859811468,2688,229236,103,1,1,128,1,1,16,0.000,0.000,,,,,NVIDIA A100-SXM4-40GB MIG 4g.20gb (0),1,,13,cupy_copy__complex64_complex64
3859827500,89599,229243,1,1,1,32,32,1,30,0.000,0.000,,,,,NVIDIA A100-SXM4-40GB MIG 4g.20gb (0),1,,13,"void convert_kernel<__half2, float2>(tensor_layout_any, T1 *, tensor_layout_any, const T2 *)"
3859949642,18944,229246,,,,,,,,,,0.094,4945.931,Pinned,Device,NVIDIA A100-SXM4-40GB MIG 4g.20gb (0),1,,13,[CUDA memcpy Host-to-Device]
3859986378,46847,229247,,,,,,,,,,35.810,764398.552,Device,,NVIDIA A100-SXM4-40GB MIG 4g.20gb (0),1,,13,[CUDA memset]
3860035817,6400,229249,,,,,,,,,,0.000,12.500,Pinned,Device,NVIDIA A100-SXM4-40GB MIG 4g.20gb (0),1,,13,[CUDA memcpy Host-to-Device]
3860049065,17920,229250,,,,,,,,,,0.197,10971.316,Pinned,Device,NVIDIA A100-SXM4-40GB MIG 4g.20gb (0),1,,13,[CUDA memcpy Host-to-Device]
3860073833,12224,229251,273,1,1,48,1,1,40,0.000,0.001,,,,,NVIDIA A100-SXM4-40GB MIG 4g.20gb (0),1,,13,"void pusch_noise_intf_est::noiseIntfEstNoDftSOfdmKernel<float, __half, float, float, (unsigned int)2, (unsigned int)1, (unsigned char)4, (unsigned char)4>(pusch_noise_intf_est::puschRxNoiseIntfEstDynDescr)"
3860089673,3007,229262,35,1,1,128,1,1,16,0.000,0.000,,,,,NVIDIA A100-SXM4-40GB MIG 4g.20gb (0),1,,13,cupy_copy__complex64_complex64
3860097992,1856,229271,1,1,1,1,1,1,18,0.000,0.000,,,,,NVIDIA A100-SXM4-40GB MIG 4g.20gb (0),1,,13,cupy_copy__float32_float32
3860105576,5536,229277,,,,,,,,,,0.000,0.723,Device,Pageable,NVIDIA A100-SXM4-40GB MIG 4g.20gb (0),1,,7,[CUDA memcpy Device-to-Host]
3860176775,12640,229288,1434,1,1,128,1,1,16,0.000,0.000,,,,,NVIDIA A100-SXM4-40GB MIG 4g.20gb (0),1,,13,cupy_copy__complex64_complex64
3860205735,2848,229295,103,1,1,128,1,1,16,0.000,0.000,,,,,NVIDIA A100-SXM4-40GB MIG 4g.20gb (0),1,,13,cupy_copy__complex64_complex64
3860233895,2784,229302,35,1,1,128,1,1,16,0.000,0.000,,,,,NVIDIA A100-SXM4-40GB MIG 4g.20gb (0),1,,13,cupy_copy__complex64_complex64
3860256390,1888,229309,1,1,1,1,1,1,18,0.000,0.000,,,,,NVIDIA A100-SXM4-40GB MIG 4g.20gb (0),1,,13,cupy_copy__float32_float32
3860385637,82335,229320,1,1,1,32,32,1,30,0.000,0.000,,,,,NVIDIA A100-SXM4-40GB MIG 4g.20gb (0),1,,13,"void convert_kernel<__half2, float2>(tensor_layout_any, T1 *, tensor_layout_any, const T2 *)"
3860496931,9344,229323,,,,,,,,,,0.094,10027.346,Pinned,Device,NVIDIA A100-SXM4-40GB MIG 4g.20gb (0),1,,13,[CUDA memcpy Host-to-Device]
3860515139,3232,229324,,,,,,,,,,1.547,478533.199,Device,,NVIDIA A100-SXM4-40GB MIG 4g.20gb (0),1,,13,[CUDA memset]
3860518979,3616,229329,,,,,,,,,,0.031,8654.846,Pinned,Device,NVIDIA A100-SXM4-40GB MIG 4g.20gb (0),1,,13,[CUDA memcpy Host-to-Device]
3860526531,9632,229330,,,,,,,,,,0.197,20411.843,Pinned,Device,NVIDIA A100-SXM4-40GB MIG 4g.20gb (0),1,,13,[CUDA memcpy Host-to-Device]
3860540835,7424,229331,273,1,1,8,4,1,39,0.002,0.000,,,,,NVIDIA A100-SXM4-40GB MIG 4g.20gb (0),1,,13,"void channel_eq::eqMmseCoefCompLowMimoKernel<float, float, float, (unsigned int)4, (unsigned int)1, (unsigned int)4>(const channel_eq::_puschRxChEqStatDescr *, channel_eq::_puschRxChEqCoefCompDynDescr)"
3860550755,5536,229332,273,1,1,12,11,1,51,0.002,0.000,,,,,NVIDIA A100-SXM4-40GB MIG 4g.20gb (0),1,,13,"void channel_eq::eqMmseSoftDemapKernel<float, __half, __half, float, (unsigned int)4, (unsigned short)16383>(channel_eq::_puschRxChEqStatDescr *, channel_eq::_puschRxChEqSoftDemapDynDescr)"
3860558083,295196,229333,1,1,1,32,32,1,30,0.000,0.000,,,,,NVIDIA A100-SXM4-40GB MIG 4g.20gb (0),1,,13,"void convert_kernel<float2, __half2>(tensor_layout_any, T1 *, tensor_layout_any, const T2 *)"
3860854687,11168,229345,2253,1,1,128,1,1,16,0.000,0.000,,,,,NVIDIA A100-SXM4-40GB MIG 4g.20gb (0),1,,13,cupy_copy__float16_float16
3860867999,2880,229354,282,1,1,128,1,1,16,0.000,0.000,,,,,NVIDIA A100-SXM4-40GB MIG 4g.20gb (0),1,,13,cupy_copy__complex64_complex64
3860873183,2144,229363,26,1,1,128,1,1,16,0.000,0.000,,,,,NVIDIA A100-SXM4-40GB MIG 4g.20gb (0),1,,13,cupy_copy__float32_float32
3860877055,3904,229372,103,1,1,128,1,1,16,0.000,0.000,,,,,NVIDIA A100-SXM4-40GB MIG 4g.20gb (0),1,,13,cupy_copy__complex64_complex64
3860882847,11872,229382,1434,1,1,128,1,1,16,0.000,0.000,,,,,NVIDIA A100-SXM4-40GB MIG 4g.20gb (0),1,,13,cupy_copy__complex64_complex64
3860898431,90430,229387,1,1,1,32,32,1,30,0.000,0.000,,,,,NVIDIA A100-SXM4-40GB MIG 4g.20gb (0),1,,13,"void convert_kernel<__half2, float2>(tensor_layout_any, T1 *, tensor_layout_any, const T2 *)"
3861016957,5600,229390,,,,,,,,,,0.094,16731.388,Pinned,Device,NVIDIA A100-SXM4-40GB MIG 4g.20gb (0),1,,13,[CUDA memcpy Host-to-Device]
3861026845,597401,229391,,,,,,,,,,456.561,763827.289,Device,,NVIDIA A100-SXM4-40GB MIG 4g.20gb (0),1,,13,[CUDA memset]
3861633717,163742,229396,,,,,,,,,,1.235,7541.803,Pinned,Device,NVIDIA A100-SXM4-40GB MIG 4g.20gb (0),1,,13,[CUDA memcpy Host-to-Device]
3861809971,39872,229397,,,,,,,,,,0.197,4930.929,Pinned,Device,NVIDIA A100-SXM4-40GB MIG 4g.20gb (0),1,,13,[CUDA memcpy Host-to-Device]
3861875570,7808,229398,69,4,1,48,1,1,76,0.002,0.000,,,,,NVIDIA A100-SXM4-40GB MIG 4g.20gb (0),1,,13,"void ch_est::windowedChEstPreNoDftSOfdmKernel<float, __half, float, (unsigned int)2, (unsigned int)1, (unsigned short)4>(ch_est::puschRxChEstStatDescr_t *, ch_est::puschRxChEstDynDescr_t *)"
3861894706,6560,229399,137,2,1,24,2,1,44,0.001,0.001,,,,,NVIDIA A100-SXM4-40GB MIG 4g.20gb (0),1,,13,"void ch_est::chEstFilterNoDftSOfdmDispatchKernel<float, __half, float, (unsigned int)2>(ch_est::puschRxChEstStatDescr_t *, ch_est::puschRxChEstDynDescr_t *)"
3861911090,4768,229400,137,2,1,24,2,1,44,0.001,0.001,,,,,NVIDIA A100-SXM4-40GB MIG 4g.20gb (0),1,,13,"void ch_est::chEstFilterNoDftSOfdmDispatchKernel<float, __half, float, (unsigned int)2>(ch_est::puschRxChEstStatDescr_t *, ch_est::puschRxChEstDynDescr_t *)"
3861927858,2624,229411,103,1,1,128,1,1,16,0.000,0.000,,,,,NVIDIA A100-SXM4-40GB MIG 4g.20gb (0),1,,13,cupy_copy__complex64_complex64
3861944242,12575,229421,1434,1,1,128,1,1,16,0.000,0.000,,,,,NVIDIA A100-SXM4-40GB MIG 4g.20gb (0),1,,13,cupy_copy__complex64_complex64
3861968497,2528,229428,103,1,1,128,1,1,16,0.000,0.000,,,,,NVIDIA A100-SXM4-40GB MIG 4g.20gb (0),1,,13,cupy_copy__complex64_complex64
3861990897,92863,229435,1,1,1,32,32,1,30,0.000,0.000,,,,,NVIDIA A100-SXM4-40GB MIG 4g.20gb (0),1,,13,"void convert_kernel<__half2, float2>(tensor_layout_any, T1 *, tensor_layout_any, const T2 *)"
3862113008,17599,229438,,,,,,,,,,0.094,5323.900,Pinned,Device,NVIDIA A100-SXM4-40GB MIG 4g.20gb (0),1,,13,[CUDA memcpy Host-to-Device]
3862158415,47775,229439,,,,,,,,,,35.810,749537.436,Device,,NVIDIA A100-SXM4-40GB MIG 4g.20gb (0),1,,13,[CUDA memset]
3862215694,13376,229441,,,,,,,,,,0.000,5.981,Pinned,Device,NVIDIA A100-SXM4-40GB MIG 4g.20gb (0),1,,13,[CUDA memcpy Host-to-Device]
3862236974,20736,229442,,,,,,,,,,0.197,9481.421,Pinned,Device,NVIDIA A100-SXM4-40GB MIG 4g.20gb (0),1,,13,[CUDA memcpy Host-to-Device]
3862274222,9343,229443,273,1,1,48,1,1,40,0.000,0.001,,,,,NVIDIA A100-SXM4-40GB MIG 4g.20gb (0),1,,13,"void pusch_noise_intf_est::noiseIntfEstNoDftSOfdmKernel<float, __half, float, float, (unsigned int)2, (unsigned int)1, (unsigned char)4, (unsigned char)4>(pusch_noise_intf_est::puschRxNoiseIntfEstDynDescr)"
3862288493,2656,229454,35,1,1,128,1,1,16,0.000,0.000,,,,,NVIDIA A100-SXM4-40GB MIG 4g.20gb (0),1,,13,cupy_copy__complex64_complex64
3862299885,1760,229463,1,1,1,1,1,1,18,0.000,0.000,,,,,NVIDIA A100-SXM4-40GB MIG 4g.20gb (0),1,,13,cupy_copy__float32_float32
3862302733,6816,229469,,,,,,,,,,0.000,0.587,Device,Pageable,NVIDIA A100-SXM4-40GB MIG 4g.20gb (0),1,,7,[CUDA memcpy Device-to-Host]
3862382444,12864,229480,1434,1,1,128,1,1,16,0.000,0.000,,,,,NVIDIA A100-SXM4-40GB MIG 4g.20gb (0),1,,13,cupy_copy__complex64_complex64
3862413036,2880,229487,103,1,1,128,1,1,16,0.000,0.000,,,,,NVIDIA A100-SXM4-40GB MIG 4g.20gb (0),1,,13,cupy_copy__complex64_complex64
3862436556,2335,229494,35,1,1,128,1,1,16,0.000,0.000,,,,,NVIDIA A100-SXM4-40GB MIG 4g.20gb (0),1,,13,cupy_copy__complex64_complex64
3862452811,1792,229501,1,1,1,1,1,1,18,0.000,0.000,,,,,NVIDIA A100-SXM4-40GB MIG 4g.20gb (0),1,,13,cupy_copy__float32_float32
3862586282,88479,229512,1,1,1,32,32,1,30,0.000,0.000,,,,,NVIDIA A100-SXM4-40GB MIG 4g.20gb (0),1,,13,"void convert_kernel<__half2, float2>(tensor_layout_any, T1 *, tensor_layout_any, const T2 *)"
3862703784,6784,229515,,,,,,,,,,0.094,13811.259,Pinned,Device,NVIDIA A100-SXM4-40GB MIG 4g.20gb (0),1,,13,[CUDA memcpy Host-to-Device]
3862722440,3488,229516,,,,,,,,,,1.547,443412.461,Device,,NVIDIA A100-SXM4-40GB MIG 4g.20gb (0),1,,13,[CUDA memset]
3862726344,3232,229521,,,,,,,,,,0.031,9683.139,Pinned,Device,NVIDIA A100-SXM4-40GB MIG 4g.20gb (0),1,,13,[CUDA memcpy Host-to-Device]
3862732008,10272,229522,,,,,,,,,,0.197,19140.182,Pinned,Device,NVIDIA A100-SXM4-40GB MIG 4g.20gb (0),1,,13,[CUDA memcpy Host-to-Device]
3862747208,6784,229523,273,1,1,8,4,1,39,0.002,0.000,,,,,NVIDIA A100-SXM4-40GB MIG 4g.20gb (0),1,,13,"void channel_eq::eqMmseCoefCompLowMimoKernel<float, float, float, (unsigned int)4, (unsigned int)1, (unsigned int)4>(const channel_eq::_puschRxChEqStatDescr *, channel_eq::_puschRxChEqCoefCompDynDescr)"
3862758888,6143,229524,273,1,1,12,11,1,51,0.002,0.000,,,,,NVIDIA A100-SXM4-40GB MIG 4g.20gb (0),1,,13,"void channel_eq::eqMmseSoftDemapKernel<float, __half, __half, float, (unsigned int)4, (unsigned short)16383>(channel_eq::_puschRxChEqStatDescr *, channel_eq::_puschRxChEqSoftDemapDynDescr)"
3862767367,282045,229525,1,1,1,32,32,1,30,0.000,0.000,,,,,NVIDIA A100-SXM4-40GB MIG 4g.20gb (0),1,,13,"void convert_kernel<float2, __half2>(tensor_layout_any, T1 *, tensor_layout_any, const T2 *)"
3863050788,11008,229537,2253,1,1,128,1,1,16,0.000,0.000,,,,,NVIDIA A100-SXM4-40GB MIG 4g.20gb (0),1,,13,cupy_copy__float16_float16
3863063844,2816,229546,282,1,1,128,1,1,16,0.000,0.000,,,,,NVIDIA A100-SXM4-40GB MIG 4g.20gb (0),1,,13,cupy_copy__complex64_complex64
3863068100,2112,229555,26,1,1,128,1,1,16,0.000,0.000,,,,,NVIDIA A100-SXM4-40GB MIG 4g.20gb (0),1,,13,cupy_copy__float32_float32
3863073412,2912,229564,103,1,1,128,1,1,16,0.000,0.000,,,,,NVIDIA A100-SXM4-40GB MIG 4g.20gb (0),1,,13,cupy_copy__complex64_complex64
3863079492,12063,229574,1434,1,1,128,1,1,16,0.000,0.000,,,,,NVIDIA A100-SXM4-40GB MIG 4g.20gb (0),1,,13,cupy_copy__complex64_complex64
3863103139,81567,229579,1,1,1,32,32,1,30,0.000,0.000,,,,,NVIDIA A100-SXM4-40GB MIG 4g.20gb (0),1,,13,"void convert_kernel<__half2, float2>(tensor_layout_any, T1 *, tensor_layout_any, const T2 *)"
3863214114,5856,229582,,,,,,,,,,0.094,15999.997,Pinned,Device,NVIDIA A100-SXM4-40GB MIG 4g.20gb (0),1,,13,[CUDA memcpy Host-to-Device]
3863225090,598520,229583,,,,,,,,,,456.561,762457.605,Device,,NVIDIA A100-SXM4-40GB MIG 4g.20gb (0),1,,13,[CUDA memset]
3863829434,106015,229588,,,,,,,,,,1.235,11647.992,Pinned,Device,NVIDIA A100-SXM4-40GB MIG 4g.20gb (0),1,,13,[CUDA memcpy Host-to-Device]
3863945913,33247,229589,,,,,,,,,,0.197,5913.379,Pinned,Device,NVIDIA A100-SXM4-40GB MIG 4g.20gb (0),1,,13,[CUDA memcpy Host-to-Device]
3863996504,8000,229590,69,4,1,48,1,1,76,0.002,0.000,,,,,NVIDIA A100-SXM4-40GB MIG 4g.20gb (0),1,,13,"void ch_est::windowedChEstPreNoDftSOfdmKernel<float, __half, float, (unsigned int)2, (unsigned int)1, (unsigned short)4>(ch_est::puschRxChEstStatDescr_t *, ch_est::puschRxChEstDynDescr_t *)"
3864011992,6656,229591,137,2,1,24,2,1,44,0.001,0.001,,,,,NVIDIA A100-SXM4-40GB MIG 4g.20gb (0),1,,13,"void ch_est::chEstFilterNoDftSOfdmDispatchKernel<float, __half, float, (unsigned int)2>(ch_est::puschRxChEstStatDescr_t *, ch_est::puschRxChEstDynDescr_t *)"
3864026744,4672,229592,137,2,1,24,2,1,44,0.001,0.001,,,,,NVIDIA A100-SXM4-40GB MIG 4g.20gb (0),1,,13,"void ch_est::chEstFilterNoDftSOfdmDispatchKernel<float, __half, float, (unsigned int)2>(ch_est::puschRxChEstStatDescr_t *, ch_est::puschRxChEstDynDescr_t *)"
3864041112,2528,229603,103,1,1,128,1,1,16,0.000,0.000,,,,,NVIDIA A100-SXM4-40GB MIG 4g.20gb (0),1,,13,cupy_copy__complex64_complex64
3864054776,12639,229613,1434,1,1,128,1,1,16,0.000,0.000,,,,,NVIDIA A100-SXM4-40GB MIG 4g.20gb (0),1,,13,cupy_copy__complex64_complex64
3864077879,2528,229620,103,1,1,128,1,1,16,0.000,0.000,,,,,NVIDIA A100-SXM4-40GB MIG 4g.20gb (0),1,,13,cupy_copy__complex64_complex64
3864096119,89791,229627,1,1,1,32,32,1,30,0.000,0.000,,,,,NVIDIA A100-SXM4-40GB MIG 4g.20gb (0),1,,13,"void convert_kernel<__half2, float2>(tensor_layout_any, T1 *, tensor_layout_any, const T2 *)"
3864223317,22112,229630,,,,,,,,,,0.094,4237.308,Pinned,Device,NVIDIA A100-SXM4-40GB MIG 4g.20gb (0),1,,13,[CUDA memcpy Host-to-Device]
3864262517,46751,229631,,,,,,,,,,35.810,765938.379,Device,,NVIDIA A100-SXM4-40GB MIG 4g.20gb (0),1,,13,[CUDA memset]
3864315348,11424,229633,,,,,,,,,,0.000,7.003,Pinned,Device,NVIDIA A100-SXM4-40GB MIG 4g.20gb (0),1,,13,[CUDA memcpy Host-to-Device]
3864333460,33216,229634,,,,,,,,,,0.197,5918.884,Pinned,Device,NVIDIA A100-SXM4-40GB MIG 4g.20gb (0),1,,13,[CUDA memcpy Host-to-Device]
3864389843,8736,229635,273,1,1,48,1,1,40,0.000,0.001,,,,,NVIDIA A100-SXM4-40GB MIG 4g.20gb (0),1,,13,"void pusch_noise_intf_est::noiseIntfEstNoDftSOfdmKernel<float, __half, float, float, (unsigned int)2, (unsigned int)1, (unsigned char)4, (unsigned char)4>(pusch_noise_intf_est::puschRxNoiseIntfEstDynDescr)"
3864406003,2592,229646,35,1,1,128,1,1,16,0.000,0.000,,,,,NVIDIA A100-SXM4-40GB MIG 4g.20gb (0),1,,13,cupy_copy__complex64_complex64
3864422259,1728,229655,1,1,1,1,1,1,18,0.000,0.000,,,,,NVIDIA A100-SXM4-40GB MIG 4g.20gb (0),1,,13,cupy_copy__float32_float32
3864426803,6688,229661,,,,,,,,,,0.000,0.598,Device,Pageable,NVIDIA A100-SXM4-40GB MIG 4g.20gb (0),1,,7,[CUDA memcpy Device-to-Host]
3864529906,12895,229672,1434,1,1,128,1,1,16,0.000,0.000,,,,,NVIDIA A100-SXM4-40GB MIG 4g.20gb (0),1,,13,cupy_copy__complex64_complex64
3864554545,3104,229679,103,1,1,128,1,1,16,0.000,0.000,,,,,NVIDIA A100-SXM4-40GB MIG 4g.20gb (0),1,,13,cupy_copy__complex64_complex64
3864569553,2272,229686,35,1,1,128,1,1,16,0.000,0.000,,,,,NVIDIA A100-SXM4-40GB MIG 4g.20gb (0),1,,13,cupy_copy__complex64_complex64
3864582481,1824,229693,1,1,1,1,1,1,18,0.000,0.000,,,,,NVIDIA A100-SXM4-40GB MIG 4g.20gb (0),1,,13,cupy_copy__float32_float32
3864716911,87775,229704,1,1,1,32,32,1,30,0.000,0.000,,,,,NVIDIA A100-SXM4-40GB MIG 4g.20gb (0),1,,13,"void convert_kernel<__half2, float2>(tensor_layout_any, T1 *, tensor_layout_any, const T2 *)"
3864832334,5664,229707,,,,,,,,,,0.094,16542.310,Pinned,Device,NVIDIA A100-SXM4-40GB MIG 4g.20gb (0),1,,13,[CUDA memcpy Host-to-Device]
3864847982,3360,229708,,,,,,,,,,1.547,460304.688,Device,,NVIDIA A100-SXM4-40GB MIG 4g.20gb (0),1,,13,[CUDA memset]
3864853038,3296,229713,,,,,,,,,,0.031,9495.144,Pinned,Device,NVIDIA A100-SXM4-40GB MIG 4g.20gb (0),1,,13,[CUDA memcpy Host-to-Device]
3864858766,10047,229714,,,,,,,,,,0.197,19568.787,Pinned,Device,NVIDIA A100-SXM4-40GB MIG 4g.20gb (0),1,,13,[CUDA memcpy Host-to-Device]
3864874445,6336,229715,273,1,1,8,4,1,39,0.002,0.000,,,,,NVIDIA A100-SXM4-40GB MIG 4g.20gb (0),1,,13,"void channel_eq::eqMmseCoefCompLowMimoKernel<float, float, float, (unsigned int)4, (unsigned int)1, (unsigned int)4>(const channel_eq::_puschRxChEqStatDescr *, channel_eq::_puschRxChEqCoefCompDynDescr)"
3864884269,5792,229716,273,1,1,12,11,1,51,0.002,0.000,,,,,NVIDIA A100-SXM4-40GB MIG 4g.20gb (0),1,,13,"void channel_eq::eqMmseSoftDemapKernel<float, __half, __half, float, (unsigned int)4, (unsigned short)16383>(channel_eq::_puschRxChEqStatDescr *, channel_eq::_puschRxChEqSoftDemapDynDescr)"
3864891981,290269,229717,1,1,1,32,32,1,30,0.000,0.000,,,,,NVIDIA A100-SXM4-40GB MIG 4g.20gb (0),1,,13,"void convert_kernel<float2, __half2>(tensor_layout_any, T1 *, tensor_layout_any, const T2 *)"
3865183722,10751,229729,2253,1,1,128,1,1,16,0.000,0.000,,,,,NVIDIA A100-SXM4-40GB MIG 4g.20gb (0),1,,13,cupy_copy__float16_float16
3865200073,2976,229738,282,1,1,128,1,1,16,0.000,0.000,,,,,NVIDIA A100-SXM4-40GB MIG 4g.20gb (0),1,,13,cupy_copy__complex64_complex64
3865205417,1984,229747,26,1,1,128,1,1,16,0.000,0.000,,,,,NVIDIA A100-SXM4-40GB MIG 4g.20gb (0),1,,13,cupy_copy__float32_float32
3865208425,4672,229756,103,1,1,128,1,1,16,0.000,0.000,,,,,NVIDIA A100-SXM4-40GB MIG 4g.20gb (0),1,,13,cupy_copy__complex64_complex64
3865214473,12096,229766,1434,1,1,128,1,1,16,0.000,0.000,,,,,NVIDIA A100-SXM4-40GB MIG 4g.20gb (0),1,,13,cupy_copy__complex64_complex64
3865229193,86111,229771,1,1,1,32,32,1,30,0.000,0.000,,,,,NVIDIA A100-SXM4-40GB MIG 4g.20gb (0),1,,13,"void convert_kernel<__half2, float2>(tensor_layout_any, T1 *, tensor_layout_any, const T2 *)"
3865342792,5696,229774,,,,,,,,,,0.094,16449.363,Pinned,Device,NVIDIA A100-SXM4-40GB MIG 4g.20gb (0),1,,13,[CUDA memcpy Host-to-Device]
3865352743,598841,229775,,,,,,,,,,456.561,762001.043,Device,,NVIDIA A100-SXM4-40GB MIG 4g.20gb (0),1,,13,[CUDA memset]
3865957664,115295,229780,,,,,,,,,,1.235,10710.669,Pinned,Device,NVIDIA A100-SXM4-40GB MIG 4g.20gb (0),1,,13,[CUDA memcpy Host-to-Device]
3866077311,16255,229781,,,,,,,,,,0.197,12095.128,Pinned,Device,NVIDIA A100-SXM4-40GB MIG 4g.20gb (0),1,,13,[CUDA memcpy Host-to-Device]
3866102558,8384,229782,69,4,1,48,1,1,76,0.002,0.000,,,,,NVIDIA A100-SXM4-40GB MIG 4g.20gb (0),1,,13,"void ch_est::windowedChEstPreNoDftSOfdmKernel<float, __half, float, (unsigned int)2, (unsigned int)1, (unsigned short)4>(ch_est::puschRxChEstStatDescr_t *, ch_est::puschRxChEstDynDescr_t *)"
3866113854,7168,229783,137,2,1,24,2,1,44,0.001,0.001,,,,,NVIDIA A100-SXM4-40GB MIG 4g.20gb (0),1,,13,"void ch_est::chEstFilterNoDftSOfdmDispatchKernel<float, __half, float, (unsigned int)2>(ch_est::puschRxChEstStatDescr_t *, ch_est::puschRxChEstDynDescr_t *)"
3866126046,5440,229784,137,2,1,24,2,1,44,0.001,0.001,,,,,NVIDIA A100-SXM4-40GB MIG 4g.20gb (0),1,,13,"void ch_est::chEstFilterNoDftSOfdmDispatchKernel<float, __half, float, (unsigned int)2>(ch_est::puschRxChEstStatDescr_t *, ch_est::puschRxChEstDynDescr_t *)"
3866134526,2528,229795,103,1,1,128,1,1,16,0.000,0.000,,,,,NVIDIA A100-SXM4-40GB MIG 4g.20gb (0),1,,13,cupy_copy__complex64_complex64
3866138878,12832,229805,1434,1,1,128,1,1,16,0.000,0.000,,,,,NVIDIA A100-SXM4-40GB MIG 4g.20gb (0),1,,13,cupy_copy__complex64_complex64
3866154334,2976,229812,103,1,1,128,1,1,16,0.000,0.000,,,,,NVIDIA A100-SXM4-40GB MIG 4g.20gb (0),1,,13,cupy_copy__complex64_complex64
3866160381,87775,229819,1,1,1,32,32,1,30,0.000,0.000,,,,,NVIDIA A100-SXM4-40GB MIG 4g.20gb (0),1,,13,"void convert_kernel<__half2, float2>(tensor_layout_any, T1 *, tensor_layout_any, const T2 *)"
3866275516,6304,229822,,,,,,,,,,0.094,14862.903,Pinned,Device,NVIDIA A100-SXM4-40GB MIG 4g.20gb (0),1,,13,[CUDA memcpy Host-to-Device]
3866287868,47007,229823,,,,,,,,,,35.810,761784.428,Device,,NVIDIA A100-SXM4-40GB MIG 4g.20gb (0),1,,13,[CUDA memset]
3866341339,4320,229825,,,,,,,,,,0.000,18.518,Pinned,Device,NVIDIA A100-SXM4-40GB MIG 4g.20gb (0),1,,13,[CUDA memcpy Host-to-Device]
3866350619,11232,229826,,,,,,,,,,0.197,17504.207,Pinned,Device,NVIDIA A100-SXM4-40GB MIG 4g.20gb (0),1,,13,[CUDA memcpy Host-to-Device]
3866373435,12864,229827,273,1,1,48,1,1,40,0.000,0.001,,,,,NVIDIA A100-SXM4-40GB MIG 4g.20gb (0),1,,13,"void pusch_noise_intf_est::noiseIntfEstNoDftSOfdmKernel<float, __half, float, float, (unsigned int)2, (unsigned int)1, (unsigned char)4, (unsigned char)4>(pusch_noise_intf_est::puschRxNoiseIntfEstDynDescr)"
3866388251,3008,229838,35,1,1,128,1,1,16,0.000,0.000,,,,,NVIDIA A100-SXM4-40GB MIG 4g.20gb (0),1,,13,cupy_copy__complex64_complex64
3866396667,1952,229847,1,1,1,1,1,1,18,0.000,0.000,,,,,NVIDIA A100-SXM4-40GB MIG 4g.20gb (0),1,,13,cupy_copy__float32_float32
3866430490,1600,229853,,,,,,,,,,0.000,2.500,Device,Pageable,NVIDIA A100-SXM4-40GB MIG 4g.20gb (0),1,,7,[CUDA memcpy Device-to-Host]
3866489977,12832,229864,1434,1,1,128,1,1,16,0.000,0.000,,,,,NVIDIA A100-SXM4-40GB MIG 4g.20gb (0),1,,13,cupy_copy__complex64_complex64
3866517209,2784,229871,103,1,1,128,1,1,16,0.000,0.000,,,,,NVIDIA A100-SXM4-40GB MIG 4g.20gb (0),1,,13,cupy_copy__complex64_complex64
3866537945,2176,229878,35,1,1,128,1,1,16,0.000,0.000,,,,,NVIDIA A100-SXM4-40GB MIG 4g.20gb (0),1,,13,cupy_copy__complex64_complex64
3866555609,1792,229885,1,1,1,1,1,1,18,0.000,0.000,,,,,NVIDIA A100-SXM4-40GB MIG 4g.20gb (0),1,,13,cupy_copy__float32_float32
3866688727,82655,229896,1,1,1,32,32,1,30,0.000,0.000,,,,,NVIDIA A100-SXM4-40GB MIG 4g.20gb (0),1,,13,"void convert_kernel<__half2, float2>(tensor_layout_any, T1 *, tensor_layout_any, const T2 *)"
3866798902,5728,229899,,,,,,,,,,0.094,16357.541,Pinned,Device,NVIDIA A100-SXM4-40GB MIG 4g.20gb (0),1,,13,[CUDA memcpy Host-to-Device]
3866813493,3424,229900,,,,,,,,,,1.547,451700.819,Device,,NVIDIA A100-SXM4-40GB MIG 4g.20gb (0),1,,13,[CUDA memset]
3866820149,3040,229905,,,,,,,,,,0.031,10294.725,Pinned,Device,NVIDIA A100-SXM4-40GB MIG 4g.20gb (0),1,,13,[CUDA memcpy Host-to-Device]
3866825717,9536,229906,,,,,,,,,,0.197,20617.298,Pinned,Device,NVIDIA A100-SXM4-40GB MIG 4g.20gb (0),1,,13,[CUDA memcpy Host-to-Device]
3866839925,6112,229907,273,1,1,8,4,1,39,0.002,0.000,,,,,NVIDIA A100-SXM4-40GB MIG 4g.20gb (0),1,,13,"void channel_eq::eqMmseCoefCompLowMimoKernel<float, float, float, (unsigned int)4, (unsigned int)1, (unsigned int)4>(const channel_eq::_puschRxChEqStatDescr *, channel_eq::_puschRxChEqCoefCompDynDescr)"
3866848693,5248,229908,273,1,1,12,11,1,51,0.002,0.000,,,,,NVIDIA A100-SXM4-40GB MIG 4g.20gb (0),1,,13,"void channel_eq::eqMmseSoftDemapKernel<float, __half, __half, float, (unsigned int)4, (unsigned short)16383>(channel_eq::_puschRxChEqStatDescr *, channel_eq::_puschRxChEqSoftDemapDynDescr)"
3866857525,282332,229909,1,1,1,32,32,1,30,0.000,0.000,,,,,NVIDIA A100-SXM4-40GB MIG 4g.20gb (0),1,,13,"void convert_kernel<float2, __half2>(tensor_layout_any, T1 *, tensor_layout_any, const T2 *)"
3867140913,11168,229921,2253,1,1,128,1,1,16,0.000,0.000,,,,,NVIDIA A100-SXM4-40GB MIG 4g.20gb (0),1,,13,cupy_copy__float16_float16
3867154545,3136,229930,282,1,1,128,1,1,16,0.000,0.000,,,,,NVIDIA A100-SXM4-40GB MIG 4g.20gb (0),1,,13,cupy_copy__complex64_complex64
3867158641,2048,229939,26,1,1,128,1,1,16,0.000,0.000,,,,,NVIDIA A100-SXM4-40GB MIG 4g.20gb (0),1,,13,cupy_copy__float32_float32
3867161841,3168,229948,103,1,1,128,1,1,16,0.000,0.000,,,,,NVIDIA A100-SXM4-40GB MIG 4g.20gb (0),1,,13,cupy_copy__complex64_complex64
3867165937,12064,229958,1434,1,1,128,1,1,16,0.000,0.000,,,,,NVIDIA A100-SXM4-40GB MIG 4g.20gb (0),1,,13,cupy_copy__complex64_complex64
3867201489,87327,229963,1,1,1,32,32,1,30,0.000,0.000,,,,,NVIDIA A100-SXM4-40GB MIG 4g.20gb (0),1,,13,"void convert_kernel<__half2, float2>(tensor_layout_any, T1 *, tensor_layout_any, const T2 *)"
3867316655,5600,229966,,,,,,,,,,0.094,16731.388,Pinned,Device,NVIDIA A100-SXM4-40GB MIG 4g.20gb (0),1,,13,[CUDA memcpy Host-to-Device]
3867326703,596889,229967,,,,,,,,,,456.561,764740.412,Device,,NVIDIA A100-SXM4-40GB MIG 4g.20gb (0),1,,13,[CUDA memset]
3867927400,166814,229972,,,,,,,,,,1.235,7402.254,Pinned,Device,NVIDIA A100-SXM4-40GB MIG 4g.20gb (0),1,,13,[CUDA memcpy Host-to-Device]
3868109861,39232,229973,,,,,,,,,,0.197,5011.341,Pinned,Device,NVIDIA A100-SXM4-40GB MIG 4g.20gb (0),1,,13,[CUDA memcpy Host-to-Device]
3868176517,7775,229974,69,4,1,48,1,1,76,0.002,0.000,,,,,NVIDIA A100-SXM4-40GB MIG 4g.20gb (0),1,,13,"void ch_est::windowedChEstPreNoDftSOfdmKernel<float, __half, float, (unsigned int)2, (unsigned int)1, (unsigned short)4>(ch_est::puschRxChEstStatDescr_t *, ch_est::puschRxChEstDynDescr_t *)"
3868193988,6656,229975,137,2,1,24,2,1,44,0.001,0.001,,,,,NVIDIA A100-SXM4-40GB MIG 4g.20gb (0),1,,13,"void ch_est::chEstFilterNoDftSOfdmDispatchKernel<float, __half, float, (unsigned int)2>(ch_est::puschRxChEstStatDescr_t *, ch_est::puschRxChEstDynDescr_t *)"
3868209124,4992,229976,137,2,1,24,2,1,44,0.001,0.001,,,,,NVIDIA A100-SXM4-40GB MIG 4g.20gb (0),1,,13,"void ch_est::chEstFilterNoDftSOfdmDispatchKernel<float, __half, float, (unsigned int)2>(ch_est::puschRxChEstStatDescr_t *, ch_est::puschRxChEstDynDescr_t *)"
3868223492,2496,229987,103,1,1,128,1,1,16,0.000,0.000,,,,,NVIDIA A100-SXM4-40GB MIG 4g.20gb (0),1,,13,cupy_copy__complex64_complex64
3868237924,12736,229997,1434,1,1,128,1,1,16,0.000,0.000,,,,,NVIDIA A100-SXM4-40GB MIG 4g.20gb (0),1,,13,cupy_copy__complex64_complex64
3868262947,2400,230004,103,1,1,128,1,1,16,0.000,0.000,,,,,NVIDIA A100-SXM4-40GB MIG 4g.20gb (0),1,,13,cupy_copy__complex64_complex64
3868275619,84479,230011,1,1,1,32,32,1,30,0.000,0.000,,,,,NVIDIA A100-SXM4-40GB MIG 4g.20gb (0),1,,13,"void convert_kernel<__half2, float2>(tensor_layout_any, T1 *, tensor_layout_any, const T2 *)"
3868387266,5696,230014,,,,,,,,,,0.094,16449.363,Pinned,Device,NVIDIA A100-SXM4-40GB MIG 4g.20gb (0),1,,13,[CUDA memcpy Host-to-Device]
3868399426,45983,230015,,,,,,,,,,35.810,778758.330,Device,,NVIDIA A100-SXM4-40GB MIG 4g.20gb (0),1,,13,[CUDA memset]
3868452097,3680,230017,,,,,,,,,,0.000,21.739,Pinned,Device,NVIDIA A100-SXM4-40GB MIG 4g.20gb (0),1,,13,[CUDA memcpy Host-to-Device]
3868460641,13024,230018,,,,,,,,,,0.197,15095.759,Pinned,Device,NVIDIA A100-SXM4-40GB MIG 4g.20gb (0),1,,13,[CUDA memcpy Host-to-Device]
3868484289,11392,230019,273,1,1,48,1,1,40,0.000,0.001,,,,,NVIDIA A100-SXM4-40GB MIG 4g.20gb (0),1,,13,"void pusch_noise_intf_est::noiseIntfEstNoDftSOfdmKernel<float, __half, float, float, (unsigned int)2, (unsigned int)1, (unsigned char)4, (unsigned char)4>(pusch_noise_intf_est::puschRxNoiseIntfEstDynDescr)"
3868497441,3168,230030,35,1,1,128,1,1,16,0.000,0.000,,,,,NVIDIA A100-SXM4-40GB MIG 4g.20gb (0),1,,13,cupy_copy__complex64_complex64
3868506784,1760,230039,1,1,1,1,1,1,18,0.000,0.000,,,,,NVIDIA A100-SXM4-40GB MIG 4g.20gb (0),1,,13,cupy_copy__float32_float32
3868540928,1888,230045,,,,,,,,,,0.000,2.119,Device,Pageable,NVIDIA A100-SXM4-40GB MIG 4g.20gb (0),1,,7,[CUDA memcpy Device-to-Host]
3868600607,13024,230056,1434,1,1,128,1,1,16,0.000,0.000,,,,,NVIDIA A100-SXM4-40GB MIG 4g.20gb (0),1,,13,cupy_copy__complex64_complex64
3868628415,2624,230063,103,1,1,128,1,1,16,0.000,0.000,,,,,NVIDIA A100-SXM4-40GB MIG 4g.20gb (0),1,,13,cupy_copy__complex64_complex64
3868648223,2752,230070,35,1,1,128,1,1,16,0.000,0.000,,,,,NVIDIA A100-SXM4-40GB MIG 4g.20gb (0),1,,13,cupy_copy__complex64_complex64
3868665695,1823,230077,1,1,1,1,1,1,18,0.000,0.000,,,,,NVIDIA A100-SXM4-40GB MIG 4g.20gb (0),1,,13,cupy_copy__float32_float32
3868796957,82655,230088,1,1,1,32,32,1,30,0.000,0.000,,,,,NVIDIA A100-SXM4-40GB MIG 4g.20gb (0),1,,13,"void convert_kernel<__half2, float2>(tensor_layout_any, T1 *, tensor_layout_any, const T2 *)"
3868906940,5759,230091,,,,,,,,,,0.094,16269.467,Pinned,Device,NVIDIA A100-SXM4-40GB MIG 4g.20gb (0),1,,13,[CUDA memcpy Host-to-Device]
3868921563,3392,230092,,,,,,,,,,1.547,455961.768,Device,,NVIDIA A100-SXM4-40GB MIG 4g.20gb (0),1,,13,[CUDA memset]
3868927739,3360,230097,,,,,,,,,,0.031,9314.284,Pinned,Device,NVIDIA A100-SXM4-40GB MIG 4g.20gb (0),1,,13,[CUDA memcpy Host-to-Device]
3868933755,9472,230098,,,,,,,,,,0.197,20756.693,Pinned,Device,NVIDIA A100-SXM4-40GB MIG 4g.20gb (0),1,,13,[CUDA memcpy Host-to-Device]
3868947035,8032,230099,273,1,1,8,4,1,39,0.002,0.000,,,,,NVIDIA A100-SXM4-40GB MIG 4g.20gb (0),1,,13,"void channel_eq::eqMmseCoefCompLowMimoKernel<float, float, float, (unsigned int)4, (unsigned int)1, (unsigned int)4>(const channel_eq::_puschRxChEqStatDescr *, channel_eq::_puschRxChEqCoefCompDynDescr)"
3868956091,6016,230100,273,1,1,12,11,1,51,0.002,0.000,,,,,NVIDIA A100-SXM4-40GB MIG 4g.20gb (0),1,,13,"void channel_eq::eqMmseSoftDemapKernel<float, __half, __half, float, (unsigned int)4, (unsigned short)16383>(channel_eq::_puschRxChEqStatDescr *, channel_eq::_puschRxChEqSoftDemapDynDescr)"
3868963451,294940,230101,1,1,1,32,32,1,30,0.000,0.000,,,,,NVIDIA A100-SXM4-40GB MIG 4g.20gb (0),1,,13,"void convert_kernel<float2, __half2>(tensor_layout_any, T1 *, tensor_layout_any, const T2 *)"
3869260247,11040,230113,2253,1,1,128,1,1,16,0.000,0.000,,,,,NVIDIA A100-SXM4-40GB MIG 4g.20gb (0),1,,13,cupy_copy__float16_float16
3869273687,3776,230122,282,1,1,128,1,1,16,0.000,0.000,,,,,NVIDIA A100-SXM4-40GB MIG 4g.20gb (0),1,,13,cupy_copy__complex64_complex64
3869280183,2304,230131,26,1,1,128,1,1,16,0.000,0.000,,,,,NVIDIA A100-SXM4-40GB MIG 4g.20gb (0),1,,13,cupy_copy__float32_float32
3869283575,2880,230140,103,1,1,128,1,1,16,0.000,0.000,,,,,NVIDIA A100-SXM4-40GB MIG 4g.20gb (0),1,,13,cupy_copy__complex64_complex64
3869289335,12608,230150,1434,1,1,128,1,1,16,0.000,0.000,,,,,NVIDIA A100-SXM4-40GB MIG 4g.20gb (0),1,,13,cupy_copy__complex64_complex64
3869306327,86783,230155,1,1,1,32,32,1,30,0.000,0.000,,,,,NVIDIA A100-SXM4-40GB MIG 4g.20gb (0),1,,13,"void convert_kernel<__half2, float2>(tensor_layout_any, T1 *, tensor_layout_any, const T2 *)"
3869420597,5888,230158,,,,,,,,,,0.094,15912.954,Pinned,Device,NVIDIA A100-SXM4-40GB MIG 4g.20gb (0),1,,13,[CUDA memcpy Host-to-Device]
3869431285,603385,230159,,,,,,,,,,456.561,756522.306,Device,,NVIDIA A100-SXM4-40GB MIG 4g.20gb (0),1,,13,[CUDA memset]
3870040430,175325,230164,,,,,,,,,,1.235,7042.886,Pinned,Device,NVIDIA A100-SXM4-40GB MIG 4g.20gb (0),1,,13,[CUDA memcpy Host-to-Device]
3870229099,40224,230165,,,,,,,,,,0.197,4887.675,Pinned,Device,NVIDIA A100-SXM4-40GB MIG 4g.20gb (0),1,,13,[CUDA memcpy Host-to-Device]
3870286890,7744,230166,69,4,1,48,1,1,76,0.002,0.000,,,,,NVIDIA A100-SXM4-40GB MIG 4g.20gb (0),1,,13,"void ch_est::windowedChEstPreNoDftSOfdmKernel<float, __half, float, (unsigned int)2, (unsigned int)1, (unsigned short)4>(ch_est::puschRxChEstStatDescr_t *, ch_est::puschRxChEstDynDescr_t *)"
3870304362,7040,230167,137,2,1,24,2,1,44,0.001,0.001,,,,,NVIDIA A100-SXM4-40GB MIG 4g.20gb (0),1,,13,"void ch_est::chEstFilterNoDftSOfdmDispatchKernel<float, __half, float, (unsigned int)2>(ch_est::puschRxChEstStatDescr_t *, ch_est::puschRxChEstDynDescr_t *)"
3870321514,4768,230168,137,2,1,24,2,1,44,0.001,0.001,,,,,NVIDIA A100-SXM4-40GB MIG 4g.20gb (0),1,,13,"void ch_est::chEstFilterNoDftSOfdmDispatchKernel<float, __half, float, (unsigned int)2>(ch_est::puschRxChEstStatDescr_t *, ch_est::puschRxChEstDynDescr_t *)"
3870338026,2720,230179,103,1,1,128,1,1,16,0.000,0.000,,,,,NVIDIA A100-SXM4-40GB MIG 4g.20gb (0),1,,13,cupy_copy__complex64_complex64
3870354762,12415,230189,1434,1,1,128,1,1,16,0.000,0.000,,,,,NVIDIA A100-SXM4-40GB MIG 4g.20gb (0),1,,13,cupy_copy__complex64_complex64
3870375337,2880,230196,103,1,1,128,1,1,16,0.000,0.000,,,,,NVIDIA A100-SXM4-40GB MIG 4g.20gb (0),1,,13,cupy_copy__complex64_complex64
3870398345,89215,230203,1,1,1,32,32,1,30,0.000,0.000,,,,,NVIDIA A100-SXM4-40GB MIG 4g.20gb (0),1,,13,"void convert_kernel<__half2, float2>(tensor_layout_any, T1 *, tensor_layout_any, const T2 *)"
3870520328,15871,230206,,,,,,,,,,0.094,5903.598,Pinned,Device,NVIDIA A100-SXM4-40GB MIG 4g.20gb (0),1,,13,[CUDA memcpy Host-to-Device]
3870548071,48416,230207,,,,,,,,,,35.810,739618.088,Device,,NVIDIA A100-SXM4-40GB MIG 4g.20gb (0),1,,13,[CUDA memset]
3870602471,2016,230209,,,,,,,,,,0.000,39.682,Pinned,Device,NVIDIA A100-SXM4-40GB MIG 4g.20gb (0),1,,13,[CUDA memcpy Host-to-Device]
3870609062,18240,230210,,,,,,,,,,0.197,10778.837,Pinned,Device,NVIDIA A100-SXM4-40GB MIG 4g.20gb (0),1,,13,[CUDA memcpy Host-to-Device]
3870636646,10688,230211,273,1,1,48,1,1,40,0.000,0.001,,,,,NVIDIA A100-SXM4-40GB MIG 4g.20gb (0),1,,13,"void pusch_noise_intf_est::noiseIntfEstNoDftSOfdmKernel<float, __half, float, float, (unsigned int)2, (unsigned int)1, (unsigned char)4, (unsigned char)4>(pusch_noise_intf_est::puschRxNoiseIntfEstDynDescr)"
3870649798,2848,230222,35,1,1,128,1,1,16,0.000,0.000,,,,,NVIDIA A100-SXM4-40GB MIG 4g.20gb (0),1,,13,cupy_copy__complex64_complex64
3870655782,1888,230231,1,1,1,1,1,1,18,0.000,0.000,,,,,NVIDIA A100-SXM4-40GB MIG 4g.20gb (0),1,,13,cupy_copy__float32_float32
3870670854,1920,230237,,,,,,,,,,0.000,2.083,Device,Pageable,NVIDIA A100-SXM4-40GB MIG 4g.20gb (0),1,,7,[CUDA memcpy Device-to-Host]
3870732101,12672,230248,1434,1,1,128,1,1,16,0.000,0.000,,,,,NVIDIA A100-SXM4-40GB MIG 4g.20gb (0),1,,13,cupy_copy__complex64_complex64
3870760837,2976,230255,103,1,1,128,1,1,16,0.000,0.000,,,,,NVIDIA A100-SXM4-40GB MIG 4g.20gb (0),1,,13,cupy_copy__complex64_complex64
3870779204,2816,230262,35,1,1,128,1,1,16,0.000,0.000,,,,,NVIDIA A100-SXM4-40GB MIG 4g.20gb (0),1,,13,cupy_copy__complex64_complex64
3870798660,1760,230269,1,1,1,1,1,1,18,0.000,0.000,,,,,NVIDIA A100-SXM4-40GB MIG 4g.20gb (0),1,,13,cupy_copy__float32_float32
3870940834,90911,230280,1,1,1,32,32,1,30,0.000,0.000,,,,,NVIDIA A100-SXM4-40GB MIG 4g.20gb (0),1,,13,"void convert_kernel<__half2, float2>(tensor_layout_any, T1 *, tensor_layout_any, const T2 *)"
3871059073,5632,230283,,,,,,,,,,0.094,16636.287,Pinned,Device,NVIDIA A100-SXM4-40GB MIG 4g.20gb (0),1,,13,[CUDA memcpy Host-to-Device]
3871074625,3360,230284,,,,,,,,,,1.547,460304.688,Device,,NVIDIA A100-SXM4-40GB MIG 4g.20gb (0),1,,13,[CUDA memset]
3871080417,3168,230289,,,,,,,,,,0.031,9878.770,Pinned,Device,NVIDIA A100-SXM4-40GB MIG 4g.20gb (0),1,,13,[CUDA memcpy Host-to-Device]
3871086433,9759,230290,,,,,,,,,,0.197,20146.225,Pinned,Device,NVIDIA A100-SXM4-40GB MIG 4g.20gb (0),1,,13,[CUDA memcpy Host-to-Device]
3871101504,8320,230291,273,1,1,8,4,1,39,0.002,0.000,,,,,NVIDIA A100-SXM4-40GB MIG 4g.20gb (0),1,,13,"void channel_eq::eqMmseCoefCompLowMimoKernel<float, float, float, (unsigned int)4, (unsigned int)1, (unsigned int)4>(const channel_eq::_puschRxChEqStatDescr *, channel_eq::_puschRxChEqCoefCompDynDescr)"
3871111904,5760,230292,273,1,1,12,11,1,51,0.002,0.000,,,,,NVIDIA A100-SXM4-40GB MIG 4g.20gb (0),1,,13,"void channel_eq::eqMmseSoftDemapKernel<float, __half, __half, float, (unsigned int)4, (unsigned short)16383>(channel_eq::_puschRxChEqStatDescr *, channel_eq::_puschRxChEqSoftDemapDynDescr)"
3871119488,282365,230293,1,1,1,32,32,1,30,0.000,0.000,,,,,NVIDIA A100-SXM4-40GB MIG 4g.20gb (0),1,,13,"void convert_kernel<float2, __half2>(tensor_layout_any, T1 *, tensor_layout_any, const T2 *)"
3871402973,11040,230305,2253,1,1,128,1,1,16,0.000,0.000,,,,,NVIDIA A100-SXM4-40GB MIG 4g.20gb (0),1,,13,cupy_copy__float16_float16
3871418140,3296,230314,282,1,1,128,1,1,16,0.000,0.000,,,,,NVIDIA A100-SXM4-40GB MIG 4g.20gb (0),1,,13,cupy_copy__complex64_complex64
3871422844,2560,230323,26,1,1,128,1,1,16,0.000,0.000,,,,,NVIDIA A100-SXM4-40GB MIG 4g.20gb (0),1,,13,cupy_copy__float32_float32
3871426492,2880,230332,103,1,1,128,1,1,16,0.000,0.000,,,,,NVIDIA A100-SXM4-40GB MIG 4g.20gb (0),1,,13,cupy_copy__complex64_complex64
3871431900,12128,230342,1434,1,1,128,1,1,16,0.000,0.000,,,,,NVIDIA A100-SXM4-40GB MIG 4g.20gb (0),1,,13,cupy_copy__complex64_complex64
3871450300,82463,230347,1,1,1,32,32,1,30,0.000,0.000,,,,,NVIDIA A100-SXM4-40GB MIG 4g.20gb (0),1,,13,"void convert_kernel<__half2, float2>(tensor_layout_any, T1 *, tensor_layout_any, const T2 *)"
3871559611,5568,230350,,,,,,,,,,0.094,16827.521,Pinned,Device,NVIDIA A100-SXM4-40GB MIG 4g.20gb (0),1,,13,[CUDA memcpy Host-to-Device]
3871571003,596664,230351,,,,,,,,,,456.561,764740.412,Device,,NVIDIA A100-SXM4-40GB MIG 4g.20gb (0),1,,13,[CUDA memset]
3872177235,182334,230356,,,,,,,,,,1.235,6772.433,Pinned,Device,NVIDIA A100-SXM4-40GB MIG 4g.20gb (0),1,,13,[CUDA memcpy Host-to-Device]
3872372241,42655,230357,,,,,,,,,,0.197,4609.081,Pinned,Device,NVIDIA A100-SXM4-40GB MIG 4g.20gb (0),1,,13,[CUDA memcpy Host-to-Device]
3872446544,8000,230358,69,4,1,48,1,1,76,0.002,0.000,,,,,NVIDIA A100-SXM4-40GB MIG 4g.20gb (0),1,,13,"void ch_est::windowedChEstPreNoDftSOfdmKernel<float, __half, float, (unsigned int)2, (unsigned int)1, (unsigned short)4>(ch_est::puschRxChEstStatDescr_t *, ch_est::puschRxChEstDynDescr_t *)"
3872465872,6367,230359,137,2,1,24,2,1,44,0.001,0.001,,,,,NVIDIA A100-SXM4-40GB MIG 4g.20gb (0),1,,13,"void ch_est::chEstFilterNoDftSOfdmDispatchKernel<float, __half, float, (unsigned int)2>(ch_est::puschRxChEstStatDescr_t *, ch_est::puschRxChEstDynDescr_t *)"
3872483983,4736,230360,137,2,1,24,2,1,44,0.001,0.001,,,,,NVIDIA A100-SXM4-40GB MIG 4g.20gb (0),1,,13,"void ch_est::chEstFilterNoDftSOfdmDispatchKernel<float, __half, float, (unsigned int)2>(ch_est::puschRxChEstStatDescr_t *, ch_est::puschRxChEstDynDescr_t *)"
3872501103,2656,230371,103,1,1,128,1,1,16,0.000,0.000,,,,,NVIDIA A100-SXM4-40GB MIG 4g.20gb (0),1,,13,cupy_copy__complex64_complex64
3872517711,12416,230381,1434,1,1,128,1,1,16,0.000,0.000,,,,,NVIDIA A100-SXM4-40GB MIG 4g.20gb (0),1,,13,cupy_copy__complex64_complex64
3872540783,2624,230388,103,1,1,128,1,1,16,0.000,0.000,,,,,NVIDIA A100-SXM4-40GB MIG 4g.20gb (0),1,,13,cupy_copy__complex64_complex64
3872565166,93183,230395,1,1,1,32,32,1,30,0.000,0.000,,,,,NVIDIA A100-SXM4-40GB MIG 4g.20gb (0),1,,13,"void convert_kernel<__half2, float2>(tensor_layout_any, T1 *, tensor_layout_any, const T2 *)"
3872692557,24575,230398,,,,,,,,,,0.094,3812.584,Pinned,Device,NVIDIA A100-SXM4-40GB MIG 4g.20gb (0),1,,13,[CUDA memcpy Host-to-Device]
3872742508,47712,230399,,,,,,,,,,35.810,750540.113,Device,,NVIDIA A100-SXM4-40GB MIG 4g.20gb (0),1,,13,[CUDA memset]
3872795851,10624,230401,,,,,,,,,,0.000,7.530,Pinned,Device,NVIDIA A100-SXM4-40GB MIG 4g.20gb (0),1,,13,[CUDA memcpy Host-to-Device]
3872815819,34400,230402,,,,,,,,,,0.197,5715.198,Pinned,Device,NVIDIA A100-SXM4-40GB MIG 4g.20gb (0),1,,13,[CUDA memcpy Host-to-Device]
3872870507,9823,230403,273,1,1,48,1,1,40,0.000,0.001,,,,,NVIDIA A100-SXM4-40GB MIG 4g.20gb (0),1,,13,"void pusch_noise_intf_est::noiseIntfEstNoDftSOfdmKernel<float, __half, float, float, (unsigned int)2, (unsigned int)1, (unsigned char)4, (unsigned char)4>(pusch_noise_intf_est::puschRxNoiseIntfEstDynDescr)"
3872883818,2624,230414,35,1,1,128,1,1,16,0.000,0.000,,,,,NVIDIA A100-SXM4-40GB MIG 4g.20gb (0),1,,13,cupy_copy__complex64_complex64
3872898698,1664,230423,1,1,1,1,1,1,18,0.000,0.000,,,,,NVIDIA A100-SXM4-40GB MIG 4g.20gb (0),1,,13,cupy_copy__float32_float32
3872908170,9152,230429,,,,,,,,,,0.000,0.437,Device,Pageable,NVIDIA A100-SXM4-40GB MIG 4g.20gb (0),1,,7,[CUDA memcpy Device-to-Host]
3872993929,12768,230440,1434,1,1,128,1,1,16,0.000,0.000,,,,,NVIDIA A100-SXM4-40GB MIG 4g.20gb (0),1,,13,cupy_copy__complex64_complex64
3873019657,3616,230447,103,1,1,128,1,1,16,0.000,0.000,,,,,NVIDIA A100-SXM4-40GB MIG 4g.20gb (0),1,,13,cupy_copy__complex64_complex64
3873041800,2336,230454,35,1,1,128,1,1,16,0.000,0.000,,,,,NVIDIA A100-SXM4-40GB MIG 4g.20gb (0),1,,13,cupy_copy__complex64_complex64
3873057608,1952,230461,1,1,1,1,1,1,18,0.000,0.000,,,,,NVIDIA A100-SXM4-40GB MIG 4g.20gb (0),1,,13,cupy_copy__float32_float32
3873181927,87007,230472,1,1,1,32,32,1,30,0.000,0.000,,,,,NVIDIA A100-SXM4-40GB MIG 4g.20gb (0),1,,13,"void convert_kernel<__half2, float2>(tensor_layout_any, T1 *, tensor_layout_any, const T2 *)"
3873297669,5536,230475,,,,,,,,,,0.094,16924.777,Pinned,Device,NVIDIA A100-SXM4-40GB MIG 4g.20gb (0),1,,13,[CUDA memcpy Host-to-Device]
3873312517,3296,230476,,,,,,,,,,1.547,469242.628,Device,,NVIDIA A100-SXM4-40GB MIG 4g.20gb (0),1,,13,[CUDA memset]
3873319557,3584,230481,,,,,,,,,,0.031,8732.116,Pinned,Device,NVIDIA A100-SXM4-40GB MIG 4g.20gb (0),1,,13,[CUDA memcpy Host-to-Device]
3873325989,9600,230482,,,,,,,,,,0.197,20479.869,Pinned,Device,NVIDIA A100-SXM4-40GB MIG 4g.20gb (0),1,,13,[CUDA memcpy Host-to-Device]
3873341221,6400,230483,273,1,1,8,4,1,39,0.002,0.000,,,,,NVIDIA A100-SXM4-40GB MIG 4g.20gb (0),1,,13,"void channel_eq::eqMmseCoefCompLowMimoKernel<float, float, float, (unsigned int)4, (unsigned int)1, (unsigned int)4>(const channel_eq::_puschRxChEqStatDescr *, channel_eq::_puschRxChEqCoefCompDynDescr)"
3873349637,6176,230484,273,1,1,12,11,1,51,0.002,0.000,,,,,NVIDIA A100-SXM4-40GB MIG 4g.20gb (0),1,,13,"void channel_eq::eqMmseSoftDemapKernel<float, __half, __half, float, (unsigned int)4, (unsigned short)16383>(channel_eq::_puschRxChEqStatDescr *, channel_eq::_puschRxChEqSoftDemapDynDescr)"
3873356901,281980,230485,1,1,1,32,32,1,30,0.000,0.000,,,,,NVIDIA A100-SXM4-40GB MIG 4g.20gb (0),1,,13,"void convert_kernel<float2, __half2>(tensor_layout_any, T1 *, tensor_layout_any, const T2 *)"
3873639841,10976,230497,2253,1,1,128,1,1,16,0.000,0.000,,,,,NVIDIA A100-SXM4-40GB MIG 4g.20gb (0),1,,13,cupy_copy__float16_float16
3873654625,3552,230506,282,1,1,128,1,1,16,0.000,0.000,,,,,NVIDIA A100-SXM4-40GB MIG 4g.20gb (0),1,,13,cupy_copy__complex64_complex64
3873661185,2400,230515,26,1,1,128,1,1,16,0.000,0.000,,,,,NVIDIA A100-SXM4-40GB MIG 4g.20gb (0),1,,13,cupy_copy__float32_float32
3873666049,2784,230524,103,1,1,128,1,1,16,0.000,0.000,,,,,NVIDIA A100-SXM4-40GB MIG 4g.20gb (0),1,,13,cupy_copy__complex64_complex64
3873669825,11903,230534,1434,1,1,128,1,1,16,0.000,0.000,,,,,NVIDIA A100-SXM4-40GB MIG 4g.20gb (0),1,,13,cupy_copy__complex64_complex64
3873688256,81663,230539,1,1,1,32,32,1,30,0.000,0.000,,,,,NVIDIA A100-SXM4-40GB MIG 4g.20gb (0),1,,13,"void convert_kernel<__half2, float2>(tensor_layout_any, T1 *, tensor_layout_any, const T2 *)"
3873796959,6016,230542,,,,,,,,,,0.094,15574.430,Pinned,Device,NVIDIA A100-SXM4-40GB MIG 4g.20gb (0),1,,13,[CUDA memcpy Host-to-Device]
3873808575,598521,230543,,,,,,,,,,456.561,762457.605,Device,,NVIDIA A100-SXM4-40GB MIG 4g.20gb (0),1,,13,[CUDA memset]
3874407992,81407,230548,,,,,,,,,,1.235,15168.817,Pinned,Device,NVIDIA A100-SXM4-40GB MIG 4g.20gb (0),1,,13,[CUDA memcpy Host-to-Device]
3874498422,19648,230549,,,,,,,,,,0.197,10006.364,Pinned,Device,NVIDIA A100-SXM4-40GB MIG 4g.20gb (0),1,,13,[CUDA memcpy Host-to-Device]
3874532886,8448,230550,69,4,1,48,1,1,76,0.002,0.000,,,,,NVIDIA A100-SXM4-40GB MIG 4g.20gb (0),1,,13,"void ch_est::windowedChEstPreNoDftSOfdmKernel<float, __half, float, (unsigned int)2, (unsigned int)1, (unsigned short)4>(ch_est::puschRxChEstStatDescr_t *, ch_est::puschRxChEstDynDescr_t *)"
3874548470,6720,230551,137,2,1,24,2,1,44,0.001,0.001,,,,,NVIDIA A100-SXM4-40GB MIG 4g.20gb (0),1,,13,"void ch_est::chEstFilterNoDftSOfdmDispatchKernel<float, __half, float, (unsigned int)2>(ch_est::puschRxChEstStatDescr_t *, ch_est::puschRxChEstDynDescr_t *)"
3874566806,4831,230552,137,2,1,24,2,1,44,0.001,0.001,,,,,NVIDIA A100-SXM4-40GB MIG 4g.20gb (0),1,,13,"void ch_est::chEstFilterNoDftSOfdmDispatchKernel<float, __half, float, (unsigned int)2>(ch_est::puschRxChEstStatDescr_t *, ch_est::puschRxChEstDynDescr_t *)"
3874575125,2720,230563,103,1,1,128,1,1,16,0.000,0.000,,,,,NVIDIA A100-SXM4-40GB MIG 4g.20gb (0),1,,13,cupy_copy__complex64_complex64
3874588277,12416,230573,1434,1,1,128,1,1,16,0.000,0.000,,,,,NVIDIA A100-SXM4-40GB MIG 4g.20gb (0),1,,13,cupy_copy__complex64_complex64
3874615157,2656,230580,103,1,1,128,1,1,16,0.000,0.000,,,,,NVIDIA A100-SXM4-40GB MIG 4g.20gb (0),1,,13,cupy_copy__complex64_complex64
3874628501,84479,230587,1,1,1,32,32,1,30,0.000,0.000,,,,,NVIDIA A100-SXM4-40GB MIG 4g.20gb (0),1,,13,"void convert_kernel<__half2, float2>(tensor_layout_any, T1 *, tensor_layout_any, const T2 *)"
3874744115,15584,230590,,,,,,,,,,0.094,6012.285,Pinned,Device,NVIDIA A100-SXM4-40GB MIG 4g.20gb (0),1,,13,[CUDA memcpy Host-to-Device]
3874773427,46847,230591,,,,,,,,,,35.810,764398.552,Device,,NVIDIA A100-SXM4-40GB MIG 4g.20gb (0),1,,13,[CUDA memset]
3874822098,12544,230593,,,,,,,,,,0.000,6.378,Pinned,Device,NVIDIA A100-SXM4-40GB MIG 4g.20gb (0),1,,13,[CUDA memcpy Host-to-Device]
3874845362,22528,230594,,,,,,,,,,0.197,8727.233,Pinned,Device,NVIDIA A100-SXM4-40GB MIG 4g.20gb (0),1,,13,[CUDA memcpy Host-to-Device]
3874890258,9119,230595,273,1,1,48,1,1,40,0.000,0.001,,,,,NVIDIA A100-SXM4-40GB MIG 4g.20gb (0),1,,13,"void pusch_noise_intf_est::noiseIntfEstNoDftSOfdmKernel<float, __half, float, float, (unsigned int)2, (unsigned int)1, (unsigned char)4, (unsigned char)4>(pusch_noise_intf_est::puschRxNoiseIntfEstDynDescr)"
3874904753,2752,230606,35,1,1,128,1,1,16,0.000,0.000,,,,,NVIDIA A100-SXM4-40GB MIG 4g.20gb (0),1,,13,cupy_copy__complex64_complex64
3874920977,1728,230615,1,1,1,1,1,1,18,0.000,0.000,,,,,NVIDIA A100-SXM4-40GB MIG 4g.20gb (0),1,,13,cupy_copy__float32_float32
3874924401,7168,230621,,,,,,,,,,0.000,0.558,Device,Pageable,NVIDIA A100-SXM4-40GB MIG 4g.20gb (0),1,,7,[CUDA memcpy Device-to-Host]
3875026896,12832,230632,1434,1,1,128,1,1,16,0.000,0.000,,,,,NVIDIA A100-SXM4-40GB MIG 4g.20gb (0),1,,13,cupy_copy__complex64_complex64
3875049232,3360,230639,103,1,1,128,1,1,16,0.000,0.000,,,,,NVIDIA A100-SXM4-40GB MIG 4g.20gb (0),1,,13,cupy_copy__complex64_complex64
3875068847,2144,230646,35,1,1,128,1,1,16,0.000,0.000,,,,,NVIDIA A100-SXM4-40GB MIG 4g.20gb (0),1,,13,cupy_copy__complex64_complex64
3875072559,1760,230653,1,1,1,1,1,1,18,0.000,0.000,,,,,NVIDIA A100-SXM4-40GB MIG 4g.20gb (0),1,,13,cupy_copy__float32_float32
3875212526,89566,230664,1,1,1,32,32,1,30,0.000,0.000,,,,,NVIDIA A100-SXM4-40GB MIG 4g.20gb (0),1,,13,"void convert_kernel<__half2, float2>(tensor_layout_any, T1 *, tensor_layout_any, const T2 *)"
3875338156,13440,230667,,,,,,,,,,0.094,6971.357,Pinned,Device,NVIDIA A100-SXM4-40GB MIG 4g.20gb (0),1,,13,[CUDA memcpy Host-to-Device]
3875366156,3392,230668,,,,,,,,,,1.547,455961.768,Device,,NVIDIA A100-SXM4-40GB MIG 4g.20gb (0),1,,13,[CUDA memset]
3875370380,6112,230673,,,,,,,,,,0.031,5120.401,Pinned,Device,NVIDIA A100-SXM4-40GB MIG 4g.20gb (0),1,,13,[CUDA memcpy Host-to-Device]
3875385515,19616,230674,,,,,,,,,,0.197,10022.683,Pinned,Device,NVIDIA A100-SXM4-40GB MIG 4g.20gb (0),1,,13,[CUDA memcpy Host-to-Device]
3875418603,5856,230675,273,1,1,8,4,1,39,0.002,0.000,,,,,NVIDIA A100-SXM4-40GB MIG 4g.20gb (0),1,,13,"void channel_eq::eqMmseCoefCompLowMimoKernel<float, float, float, (unsigned int)4, (unsigned int)1, (unsigned int)4>(const channel_eq::_puschRxChEqStatDescr *, channel_eq::_puschRxChEqCoefCompDynDescr)"
3875427371,5184,230676,273,1,1,12,11,1,51,0.002,0.000,,,,,NVIDIA A100-SXM4-40GB MIG 4g.20gb (0),1,,13,"void channel_eq::eqMmseSoftDemapKernel<float, __half, __half, float, (unsigned int)4, (unsigned short)16383>(channel_eq::_puschRxChEqStatDescr *, channel_eq::_puschRxChEqSoftDemapDynDescr)"
3875436587,294396,230677,1,1,1,32,32,1,30,0.000,0.000,,,,,NVIDIA A100-SXM4-40GB MIG 4g.20gb (0),1,,13,"void convert_kernel<float2, __half2>(tensor_layout_any, T1 *, tensor_layout_any, const T2 *)"
3875734023,11072,230689,2253,1,1,128,1,1,16,0.000,0.000,,,,,NVIDIA A100-SXM4-40GB MIG 4g.20gb (0),1,,13,cupy_copy__float16_float16
3875751591,3136,230698,282,1,1,128,1,1,16,0.000,0.000,,,,,NVIDIA A100-SXM4-40GB MIG 4g.20gb (0),1,,13,cupy_copy__complex64_complex64
3875756615,2208,230707,26,1,1,128,1,1,16,0.000,0.000,,,,,NVIDIA A100-SXM4-40GB MIG 4g.20gb (0),1,,13,cupy_copy__float32_float32
3875761287,2912,230716,103,1,1,128,1,1,16,0.000,0.000,,,,,NVIDIA A100-SXM4-40GB MIG 4g.20gb (0),1,,13,cupy_copy__complex64_complex64
3875765127,11904,230726,1434,1,1,128,1,1,16,0.000,0.000,,,,,NVIDIA A100-SXM4-40GB MIG 4g.20gb (0),1,,13,cupy_copy__complex64_complex64
3875781191,91006,230731,1,1,1,32,32,1,30,0.000,0.000,,,,,NVIDIA A100-SXM4-40GB MIG 4g.20gb (0),1,,13,"void convert_kernel<__half2, float2>(tensor_layout_any, T1 *, tensor_layout_any, const T2 *)"
3875899877,5376,230734,,,,,,,,,,0.094,17428.487,Pinned,Device,NVIDIA A100-SXM4-40GB MIG 4g.20gb (0),1,,13,[CUDA memcpy Host-to-Device]
3875909957,597785,230735,,,,,,,,,,456.561,763370.728,Device,,NVIDIA A100-SXM4-40GB MIG 4g.20gb (0),1,,13,[CUDA memset]
3876513949,149503,230740,,,,,,,,,,1.235,8259.305,Pinned,Device,NVIDIA A100-SXM4-40GB MIG 4g.20gb (0),1,,13,[CUDA memcpy Host-to-Device]
3876673372,29599,230741,,,,,,,,,,0.197,6642.205,Pinned,Device,NVIDIA A100-SXM4-40GB MIG 4g.20gb (0),1,,13,[CUDA memcpy Host-to-Device]
3876716123,7904,230742,69,4,1,48,1,1,76,0.002,0.000,,,,,NVIDIA A100-SXM4-40GB MIG 4g.20gb (0),1,,13,"void ch_est::windowedChEstPreNoDftSOfdmKernel<float, __half, float, (unsigned int)2, (unsigned int)1, (unsigned short)4>(ch_est::puschRxChEstStatDescr_t *, ch_est::puschRxChEstDynDescr_t *)"
3876726843,7168,230743,137,2,1,24,2,1,44,0.001,0.001,,,,,NVIDIA A100-SXM4-40GB MIG 4g.20gb (0),1,,13,"void ch_est::chEstFilterNoDftSOfdmDispatchKernel<float, __half, float, (unsigned int)2>(ch_est::puschRxChEstStatDescr_t *, ch_est::puschRxChEstDynDescr_t *)"
3876740507,5504,230744,137,2,1,24,2,1,44,0.001,0.001,,,,,NVIDIA A100-SXM4-40GB MIG 4g.20gb (0),1,,13,"void ch_est::chEstFilterNoDftSOfdmDispatchKernel<float, __half, float, (unsigned int)2>(ch_est::puschRxChEstStatDescr_t *, ch_est::puschRxChEstDynDescr_t *)"
3876750939,2240,230755,103,1,1,128,1,1,16,0.000,0.000,,,,,NVIDIA A100-SXM4-40GB MIG 4g.20gb (0),1,,13,cupy_copy__complex64_complex64
3876759546,12480,230765,1434,1,1,128,1,1,16,0.000,0.000,,,,,NVIDIA A100-SXM4-40GB MIG 4g.20gb (0),1,,13,cupy_copy__complex64_complex64
3876782298,2784,230772,103,1,1,128,1,1,16,0.000,0.000,,,,,NVIDIA A100-SXM4-40GB MIG 4g.20gb (0),1,,13,cupy_copy__complex64_complex64
3876793466,92127,230779,1,1,1,32,32,1,30,0.000,0.000,,,,,NVIDIA A100-SXM4-40GB MIG 4g.20gb (0),1,,13,"void convert_kernel<__half2, float2>(tensor_layout_any, T1 *, tensor_layout_any, const T2 *)"
3876917592,13248,230782,,,,,,,,,,0.094,7072.455,Pinned,Device,NVIDIA A100-SXM4-40GB MIG 4g.20gb (0),1,,13,[CUDA memcpy Host-to-Device]
3876942520,47200,230783,,,,,,,,,,35.810,758668.965,Device,,NVIDIA A100-SXM4-40GB MIG 4g.20gb (0),1,,13,[CUDA memset]
3876991960,7583,230785,,,,,,,,,,0.000,10.550,Pinned,Device,NVIDIA A100-SXM4-40GB MIG 4g.20gb (0),1,,13,[CUDA memcpy Host-to-Device]
3877004151,20768,230786,,,,,,,,,,0.197,9466.872,Pinned,Device,NVIDIA A100-SXM4-40GB MIG 4g.20gb (0),1,,13,[CUDA memcpy Host-to-Device]
3877037623,9952,230787,273,1,1,48,1,1,40,0.000,0.001,,,,,NVIDIA A100-SXM4-40GB MIG 4g.20gb (0),1,,13,"void pusch_noise_intf_est::noiseIntfEstNoDftSOfdmKernel<float, __half, float, float, (unsigned int)2, (unsigned int)1, (unsigned char)4, (unsigned char)4>(pusch_noise_intf_est::puschRxNoiseIntfEstDynDescr)"
3877053591,2656,230798,35,1,1,128,1,1,16,0.000,0.000,,,,,NVIDIA A100-SXM4-40GB MIG 4g.20gb (0),1,,13,cupy_copy__complex64_complex64
3877061463,1760,230807,1,1,1,1,1,1,18,0.000,0.000,,,,,NVIDIA A100-SXM4-40GB MIG 4g.20gb (0),1,,13,cupy_copy__float32_float32
3877071319,2464,230813,,,,,,,,,,0.000,1.623,Device,Pageable,NVIDIA A100-SXM4-40GB MIG 4g.20gb (0),1,,7,[CUDA memcpy Device-to-Host]
3877135574,12704,230824,1434,1,1,128,1,1,16,0.000,0.000,,,,,NVIDIA A100-SXM4-40GB MIG 4g.20gb (0),1,,13,cupy_copy__complex64_complex64
3877163189,2592,230831,103,1,1,128,1,1,16,0.000,0.000,,,,,NVIDIA A100-SXM4-40GB MIG 4g.20gb (0),1,,13,cupy_copy__complex64_complex64
3877183637,2176,230838,35,1,1,128,1,1,16,0.000,0.000,,,,,NVIDIA A100-SXM4-40GB MIG 4g.20gb (0),1,,13,cupy_copy__complex64_complex64
3877201461,1760,230845,1,1,1,1,1,1,18,0.000,0.000,,,,,NVIDIA A100-SXM4-40GB MIG 4g.20gb (0),1,,13,cupy_copy__float32_float32
3877331603,82047,230856,1,1,1,32,32,1,30,0.000,0.000,,,,,NVIDIA A100-SXM4-40GB MIG 4g.20gb (0),1,,13,"void convert_kernel<__half2, float2>(tensor_layout_any, T1 *, tensor_layout_any, const T2 *)"
3877440914,5920,230859,,,,,,,,,,0.094,15826.941,Pinned,Device,NVIDIA A100-SXM4-40GB MIG 4g.20gb (0),1,,13,[CUDA memcpy Host-to-Device]
3877454706,3232,230860,,,,,,,,,,1.547,478533.199,Device,,NVIDIA A100-SXM4-40GB MIG 4g.20gb (0),1,,13,[CUDA memset]
3877461650,3680,230865,,,,,,,,,,0.031,8504.344,Pinned,Device,NVIDIA A100-SXM4-40GB MIG 4g.20gb (0),1,,13,[CUDA memcpy Host-to-Device]
3877467762,9504,230866,,,,,,,,,,0.197,20686.701,Pinned,Device,NVIDIA A100-SXM4-40GB MIG 4g.20gb (0),1,,13,[CUDA memcpy Host-to-Device]
3877482929,6176,230867,273,1,1,8,4,1,39,0.002,0.000,,,,,NVIDIA A100-SXM4-40GB MIG 4g.20gb (0),1,,13,"void channel_eq::eqMmseCoefCompLowMimoKernel<float, float, float, (unsigned int)4, (unsigned int)1, (unsigned int)4>(const channel_eq::_puschRxChEqStatDescr *, channel_eq::_puschRxChEqCoefCompDynDescr)"
3877490513,6112,230868,273,1,1,12,11,1,51,0.002,0.000,,,,,NVIDIA A100-SXM4-40GB MIG 4g.20gb (0),1,,13,"void channel_eq::eqMmseSoftDemapKernel<float, __half, __half, float, (unsigned int)4, (unsigned short)16383>(channel_eq::_puschRxChEqStatDescr *, channel_eq::_puschRxChEqSoftDemapDynDescr)"
3877497681,282333,230869,1,1,1,32,32,1,30,0.000,0.000,,,,,NVIDIA A100-SXM4-40GB MIG 4g.20gb (0),1,,13,"void convert_kernel<float2, __half2>(tensor_layout_any, T1 *, tensor_layout_any, const T2 *)"
3877781006,11008,230881,2253,1,1,128,1,1,16,0.000,0.000,,,,,NVIDIA A100-SXM4-40GB MIG 4g.20gb (0),1,,13,cupy_copy__float16_float16
3877793902,3744,230890,282,1,1,128,1,1,16,0.000,0.000,,,,,NVIDIA A100-SXM4-40GB MIG 4g.20gb (0),1,,13,cupy_copy__complex64_complex64
3877799374,2048,230899,26,1,1,128,1,1,16,0.000,0.000,,,,,NVIDIA A100-SXM4-40GB MIG 4g.20gb (0),1,,13,cupy_copy__float32_float32
3877803470,3103,230908,103,1,1,128,1,1,16,0.000,0.000,,,,,NVIDIA A100-SXM4-40GB MIG 4g.20gb (0),1,,13,cupy_copy__complex64_complex64
3877809869,11968,230918,1434,1,1,128,1,1,16,0.000,0.000,,,,,NVIDIA A100-SXM4-40GB MIG 4g.20gb (0),1,,13,cupy_copy__complex64_complex64
3877830381,82303,230923,1,1,1,32,32,1,30,0.000,0.000,,,,,NVIDIA A100-SXM4-40GB MIG 4g.20gb (0),1,,13,"void convert_kernel<__half2, float2>(tensor_layout_any, T1 *, tensor_layout_any, const T2 *)"
3877939564,5632,230926,,,,,,,,,,0.094,16636.287,Pinned,Device,NVIDIA A100-SXM4-40GB MIG 4g.20gb (0),1,,13,[CUDA memcpy Host-to-Device]
3877950220,595704,230927,,,,,,,,,,456.561,766110.096,Device,,NVIDIA A100-SXM4-40GB MIG 4g.20gb (0),1,,13,[CUDA memset]
3878553732,142654,230932,,,,,,,,,,1.235,8655.722,Pinned,Device,NVIDIA A100-SXM4-40GB MIG 4g.20gb (0),1,,13,[CUDA memcpy Host-to-Device]
3878712386,41408,230933,,,,,,,,,,0.197,4747.887,Pinned,Device,NVIDIA A100-SXM4-40GB MIG 4g.20gb (0),1,,13,[CUDA memcpy Host-to-Device]
3878782625,8448,230934,69,4,1,48,1,1,76,0.002,0.000,,,,,NVIDIA A100-SXM4-40GB MIG 4g.20gb (0),1,,13,"void ch_est::windowedChEstPreNoDftSOfdmKernel<float, __half, float, (unsigned int)2, (unsigned int)1, (unsigned short)4>(ch_est::puschRxChEstStatDescr_t *, ch_est::puschRxChEstDynDescr_t *)"
3878802273,6816,230935,137,2,1,24,2,1,44,0.001,0.001,,,,,NVIDIA A100-SXM4-40GB MIG 4g.20gb (0),1,,13,"void ch_est::chEstFilterNoDftSOfdmDispatchKernel<float, __half, float, (unsigned int)2>(ch_est::puschRxChEstStatDescr_t *, ch_est::puschRxChEstDynDescr_t *)"
3878818977,4768,230936,137,2,1,24,2,1,44,0.001,0.001,,,,,NVIDIA A100-SXM4-40GB MIG 4g.20gb (0),1,,13,"void ch_est::chEstFilterNoDftSOfdmDispatchKernel<float, __half, float, (unsigned int)2>(ch_est::puschRxChEstStatDescr_t *, ch_est::puschRxChEstDynDescr_t *)"
3878836641,2720,230947,103,1,1,128,1,1,16,0.000,0.000,,,,,NVIDIA A100-SXM4-40GB MIG 4g.20gb (0),1,,13,cupy_copy__complex64_complex64
3878854049,12319,230957,1434,1,1,128,1,1,16,0.000,0.000,,,,,NVIDIA A100-SXM4-40GB MIG 4g.20gb (0),1,,13,cupy_copy__complex64_complex64
3878873504,2880,230964,103,1,1,128,1,1,16,0.000,0.000,,,,,NVIDIA A100-SXM4-40GB MIG 4g.20gb (0),1,,13,cupy_copy__complex64_complex64
3878896672,84799,230971,1,1,1,32,32,1,30,0.000,0.000,,,,,NVIDIA A100-SXM4-40GB MIG 4g.20gb (0),1,,13,"void convert_kernel<__half2, float2>(tensor_layout_any, T1 *, tensor_layout_any, const T2 *)"
3879010527,17215,230974,,,,,,,,,,0.094,5442.613,Pinned,Device,NVIDIA A100-SXM4-40GB MIG 4g.20gb (0),1,,13,[CUDA memcpy Host-to-Device]
3879044062,47360,230975,,,,,,,,,,35.810,756090.651,Device,,NVIDIA A100-SXM4-40GB MIG 4g.20gb (0),1,,13,[CUDA memset]
3879098494,7743,230977,,,,,,,,,,0.000,10.332,Pinned,Device,NVIDIA A100-SXM4-40GB MIG 4g.20gb (0),1,,13,[CUDA memcpy Host-to-Device]
3879113149,19872,230978,,,,,,,,,,0.197,9893.708,Pinned,Device,NVIDIA A100-SXM4-40GB MIG 4g.20gb (0),1,,13,[CUDA memcpy Host-to-Device]
3879145277,13152,230979,273,1,1,48,1,1,40,0.000,0.001,,,,,NVIDIA A100-SXM4-40GB MIG 4g.20gb (0),1,,13,"void pusch_noise_intf_est::noiseIntfEstNoDftSOfdmKernel<float, __half, float, float, (unsigned int)2, (unsigned int)1, (unsigned char)4, (unsigned char)4>(pusch_noise_intf_est::puschRxNoiseIntfEstDynDescr)"
3879164445,2816,230990,35,1,1,128,1,1,16,0.000,0.000,,,,,NVIDIA A100-SXM4-40GB MIG 4g.20gb (0),1,,13,cupy_copy__complex64_complex64
3879172189,1856,230999,1,1,1,1,1,1,18,0.000,0.000,,,,,NVIDIA A100-SXM4-40GB MIG 4g.20gb (0),1,,13,cupy_copy__float32_float32
3879181117,3711,231005,,,,,,,,,,0.000,1.078,Device,Pageable,NVIDIA A100-SXM4-40GB MIG 4g.20gb (0),1,,7,[CUDA memcpy Device-to-Host]
3879264123,13120,231016,1434,1,1,128,1,1,16,0.000,0.000,,,,,NVIDIA A100-SXM4-40GB MIG 4g.20gb (0),1,,13,cupy_copy__complex64_complex64
3879283995,6336,231023,103,1,1,128,1,1,16,0.000,0.000,,,,,NVIDIA A100-SXM4-40GB MIG 4g.20gb (0),1,,13,cupy_copy__complex64_complex64
3879310619,2528,231030,35,1,1,128,1,1,16,0.000,0.000,,,,,NVIDIA A100-SXM4-40GB MIG 4g.20gb (0),1,,13,cupy_copy__complex64_complex64
3879327451,2112,231037,1,1,1,1,1,1,18,0.000,0.000,,,,,NVIDIA A100-SXM4-40GB MIG 4g.20gb (0),1,,13,cupy_copy__float32_float32
3879453273,82143,231048,1,1,1,32,32,1,30,0.000,0.000,,,,,NVIDIA A100-SXM4-40GB MIG 4g.20gb (0),1,,13,"void convert_kernel<__half2, float2>(tensor_layout_any, T1 *, tensor_layout_any, const T2 *)"
3879563288,5376,231051,,,,,,,,,,0.094,17428.487,Pinned,Device,NVIDIA A100-SXM4-40GB MIG 4g.20gb (0),1,,13,[CUDA memcpy Host-to-Device]
3879577560,3520,231052,,,,,,,,,,1.547,439380.412,Device,,NVIDIA A100-SXM4-40GB MIG 4g.20gb (0),1,,13,[CUDA memset]
3879584536,4063,231057,,,,,,,,,,0.031,7702.665,Pinned,Device,NVIDIA A100-SXM4-40GB MIG 4g.20gb (0),1,,13,[CUDA memcpy Host-to-Device]
3879591127,9568,231058,,,,,,,,,,0.197,20548.485,Pinned,Device,NVIDIA A100-SXM4-40GB MIG 4g.20gb (0),1,,13,[CUDA memcpy Host-to-Device]
3879606391,6560,231059,273,1,1,8,4,1,39,0.002,0.000,,,,,NVIDIA A100-SXM4-40GB MIG 4g.20gb (0),1,,13,"void channel_eq::eqMmseCoefCompLowMimoKernel<float, float, float, (unsigned int)4, (unsigned int)1, (unsigned int)4>(const channel_eq::_puschRxChEqStatDescr *, channel_eq::_puschRxChEqCoefCompDynDescr)"
3879613943,6240,231060,273,1,1,12,11,1,51,0.002,0.000,,,,,NVIDIA A100-SXM4-40GB MIG 4g.20gb (0),1,,13,"void channel_eq::eqMmseSoftDemapKernel<float, __half, __half, float, (unsigned int)4, (unsigned short)16383>(channel_eq::_puschRxChEqStatDescr *, channel_eq::_puschRxChEqSoftDemapDynDescr)"
3879621175,282845,231061,1,1,1,32,32,1,30,0.000,0.000,,,,,NVIDIA A100-SXM4-40GB MIG 4g.20gb (0),1,,13,"void convert_kernel<float2, __half2>(tensor_layout_any, T1 *, tensor_layout_any, const T2 *)"
3879904980,10975,231073,2253,1,1,128,1,1,16,0.000,0.000,,,,,NVIDIA A100-SXM4-40GB MIG 4g.20gb (0),1,,13,cupy_copy__float16_float16
3879920339,2880,231082,282,1,1,128,1,1,16,0.000,0.000,,,,,NVIDIA A100-SXM4-40GB MIG 4g.20gb (0),1,,13,cupy_copy__complex64_complex64
3879926707,2048,231091,26,1,1,128,1,1,16,0.000,0.000,,,,,NVIDIA A100-SXM4-40GB MIG 4g.20gb (0),1,,13,cupy_copy__float32_float32
3879929907,3296,231100,103,1,1,128,1,1,16,0.000,0.000,,,,,NVIDIA A100-SXM4-40GB MIG 4g.20gb (0),1,,13,cupy_copy__complex64_complex64
3879936243,11936,231110,1434,1,1,128,1,1,16,0.000,0.000,,,,,NVIDIA A100-SXM4-40GB MIG 4g.20gb (0),1,,13,cupy_copy__complex64_complex64
3879952787,81663,231115,1,1,1,32,32,1,30,0.000,0.000,,,,,NVIDIA A100-SXM4-40GB MIG 4g.20gb (0),1,,13,"void convert_kernel<__half2, float2>(tensor_layout_any, T1 *, tensor_layout_any, const T2 *)"
3880060914,5568,231118,,,,,,,,,,0.094,16827.521,Pinned,Device,NVIDIA A100-SXM4-40GB MIG 4g.20gb (0),1,,13,[CUDA memcpy Host-to-Device]
3880072625,596793,231119,,,,,,,,,,456.561,764740.412,Device,,NVIDIA A100-SXM4-40GB MIG 4g.20gb (0),1,,13,[CUDA memset]
3880671626,147934,231124,,,,,,,,,,1.235,8346.986,Pinned,Device,NVIDIA A100-SXM4-40GB MIG 4g.20gb (0),1,,13,[CUDA memcpy Host-to-Device]
3880830216,34880,231125,,,,,,,,,,0.197,5636.555,Pinned,Device,NVIDIA A100-SXM4-40GB MIG 4g.20gb (0),1,,13,[CUDA memcpy Host-to-Device]
3880888743,8096,231126,69,4,1,48,1,1,76,0.002,0.000,,,,,NVIDIA A100-SXM4-40GB MIG 4g.20gb (0),1,,13,"void ch_est::windowedChEstPreNoDftSOfdmKernel<float, __half, float, (unsigned int)2, (unsigned int)1, (unsigned short)4>(ch_est::puschRxChEstStatDescr_t *, ch_est::puschRxChEstDynDescr_t *)"
3880906951,6784,231127,137,2,1,24,2,1,44,0.001,0.001,,,,,NVIDIA A100-SXM4-40GB MIG 4g.20gb (0),1,,13,"void ch_est::chEstFilterNoDftSOfdmDispatchKernel<float, __half, float, (unsigned int)2>(ch_est::puschRxChEstStatDescr_t *, ch_est::puschRxChEstDynDescr_t *)"
3880922727,4768,231128,137,2,1,24,2,1,44,0.001,0.001,,,,,NVIDIA A100-SXM4-40GB MIG 4g.20gb (0),1,,13,"void ch_est::chEstFilterNoDftSOfdmDispatchKernel<float, __half, float, (unsigned int)2>(ch_est::puschRxChEstStatDescr_t *, ch_est::puschRxChEstDynDescr_t *)"
3880934727,2592,231139,103,1,1,128,1,1,16,0.000,0.000,,,,,NVIDIA A100-SXM4-40GB MIG 4g.20gb (0),1,,13,cupy_copy__complex64_complex64
3880942631,12864,231149,1434,1,1,128,1,1,16,0.000,0.000,,,,,NVIDIA A100-SXM4-40GB MIG 4g.20gb (0),1,,13,cupy_copy__complex64_complex64
3880978566,2592,231156,103,1,1,128,1,1,16,0.000,0.000,,,,,NVIDIA A100-SXM4-40GB MIG 4g.20gb (0),1,,13,cupy_copy__complex64_complex64
3880994982,84063,231163,1,1,1,32,32,1,30,0.000,0.000,,,,,NVIDIA A100-SXM4-40GB MIG 4g.20gb (0),1,,13,"void convert_kernel<__half2, float2>(tensor_layout_any, T1 *, tensor_layout_any, const T2 *)"
3881113573,17983,231166,,,,,,,,,,0.094,5210.247,Pinned,Device,NVIDIA A100-SXM4-40GB MIG 4g.20gb (0),1,,13,[CUDA memcpy Host-to-Device]
3881154308,46784,231167,,,,,,,,,,35.810,765401.230,Device,,NVIDIA A100-SXM4-40GB MIG 4g.20gb (0),1,,13,[CUDA memset]
3881207011,6400,231169,,,,,,,,,,0.000,12.500,Pinned,Device,NVIDIA A100-SXM4-40GB MIG 4g.20gb (0),1,,13,[CUDA memcpy Host-to-Device]
3881222467,23488,231170,,,,,,,,,,0.197,8370.389,Pinned,Device,NVIDIA A100-SXM4-40GB MIG 4g.20gb (0),1,,13,[CUDA memcpy Host-to-Device]
3881264611,9856,231171,273,1,1,48,1,1,40,0.000,0.001,,,,,NVIDIA A100-SXM4-40GB MIG 4g.20gb (0),1,,13,"void pusch_noise_intf_est::noiseIntfEstNoDftSOfdmKernel<float, __half, float, float, (unsigned int)2, (unsigned int)1, (unsigned char)4, (unsigned char)4>(pusch_noise_intf_est::puschRxNoiseIntfEstDynDescr)"
3881290402,2656,231182,35,1,1,128,1,1,16,0.000,0.000,,,,,NVIDIA A100-SXM4-40GB MIG 4g.20gb (0),1,,13,cupy_copy__complex64_complex64
3881300738,1760,231191,1,1,1,1,1,1,18,0.000,0.000,,,,,NVIDIA A100-SXM4-40GB MIG 4g.20gb (0),1,,13,cupy_copy__float32_float32
3881308258,1792,231197,,,,,,,,,,0.000,2.232,Device,Pageable,NVIDIA A100-SXM4-40GB MIG 4g.20gb (0),1,,7,[CUDA memcpy Device-to-Host]
3881393217,13152,231208,1434,1,1,128,1,1,16,0.000,0.000,,,,,NVIDIA A100-SXM4-40GB MIG 4g.20gb (0),1,,13,cupy_copy__complex64_complex64
3881421089,3104,231215,103,1,1,128,1,1,16,0.000,0.000,,,,,NVIDIA A100-SXM4-40GB MIG 4g.20gb (0),1,,13,cupy_copy__complex64_complex64
3881433057,2496,231222,35,1,1,128,1,1,16,0.000,0.000,,,,,NVIDIA A100-SXM4-40GB MIG 4g.20gb (0),1,,13,cupy_copy__complex64_complex64
3881450048,2080,231229,1,1,1,1,1,1,18,0.000,0.000,,,,,NVIDIA A100-SXM4-40GB MIG 4g.20gb (0),1,,13,cupy_copy__float32_float32
3881585919,87519,231240,1,1,1,32,32,1,30,0.000,0.000,,,,,NVIDIA A100-SXM4-40GB MIG 4g.20gb (0),1,,13,"void convert_kernel<__half2, float2>(tensor_layout_any, T1 *, tensor_layout_any, const T2 *)"
3881705405,10240,231243,,,,,,,,,,0.094,9149.977,Pinned,Device,NVIDIA A100-SXM4-40GB MIG 4g.20gb (0),1,,13,[CUDA memcpy Host-to-Device]
3881724157,3584,231244,,,,,,,,,,1.547,431534.389,Device,,NVIDIA A100-SXM4-40GB MIG 4g.20gb (0),1,,13,[CUDA memset]
3881732893,6144,231249,,,,,,,,,,0.031,5093.737,Pinned,Device,NVIDIA A100-SXM4-40GB MIG 4g.20gb (0),1,,13,[CUDA memcpy Host-to-Device]
3881743261,14880,231250,,,,,,,,,,0.197,13212.844,Pinned,Device,NVIDIA A100-SXM4-40GB MIG 4g.20gb (0),1,,13,[CUDA memcpy Host-to-Device]
3881769021,8639,231251,273,1,1,8,4,1,39,0.002,0.000,,,,,NVIDIA A100-SXM4-40GB MIG 4g.20gb (0),1,,13,"void channel_eq::eqMmseCoefCompLowMimoKernel<float, float, float, (unsigned int)4, (unsigned int)1, (unsigned int)4>(const channel_eq::_puschRxChEqStatDescr *, channel_eq::_puschRxChEqCoefCompDynDescr)"
3881782524,6112,231252,273,1,1,12,11,1,51,0.002,0.000,,,,,NVIDIA A100-SXM4-40GB MIG 4g.20gb (0),1,,13,"void channel_eq::eqMmseSoftDemapKernel<float, __half, __half, float, (unsigned int)4, (unsigned short)16383>(channel_eq::_puschRxChEqStatDescr *, channel_eq::_puschRxChEqSoftDemapDynDescr)"
3881794076,282301,231253,1,1,1,32,32,1,30,0.000,0.000,,,,,NVIDIA A100-SXM4-40GB MIG 4g.20gb (0),1,,13,"void convert_kernel<float2, __half2>(tensor_layout_any, T1 *, tensor_layout_any, const T2 *)"
3882079929,11136,231265,2253,1,1,128,1,1,16,0.000,0.000,,,,,NVIDIA A100-SXM4-40GB MIG 4g.20gb (0),1,,13,cupy_copy__float16_float16
3882094296,3808,231274,282,1,1,128,1,1,16,0.000,0.000,,,,,NVIDIA A100-SXM4-40GB MIG 4g.20gb (0),1,,13,cupy_copy__complex64_complex64
3882101912,2208,231283,26,1,1,128,1,1,16,0.000,0.000,,,,,NVIDIA A100-SXM4-40GB MIG 4g.20gb (0),1,,13,cupy_copy__float32_float32
3882105304,3104,231292,103,1,1,128,1,1,16,0.000,0.000,,,,,NVIDIA A100-SXM4-40GB MIG 4g.20gb (0),1,,13,cupy_copy__complex64_complex64
3882110584,12192,231302,1434,1,1,128,1,1,16,0.000,0.000,,,,,NVIDIA A100-SXM4-40GB MIG 4g.20gb (0),1,,13,cupy_copy__complex64_complex64
3882126712,82303,231307,1,1,1,32,32,1,30,0.000,0.000,,,,,NVIDIA A100-SXM4-40GB MIG 4g.20gb (0),1,,13,"void convert_kernel<__half2, float2>(tensor_layout_any, T1 *, tensor_layout_any, const T2 *)"
3882236855,5472,231310,,,,,,,,,,0.094,17122.757,Pinned,Device,NVIDIA A100-SXM4-40GB MIG 4g.20gb (0),1,,13,[CUDA memcpy Host-to-Device]
3882246999,602264,231311,,,,,,,,,,456.561,757891.990,Device,,NVIDIA A100-SXM4-40GB MIG 4g.20gb (0),1,,13,[CUDA memset]
3882854447,139134,231316,,,,,,,,,,1.235,8875.543,Pinned,Device,NVIDIA A100-SXM4-40GB MIG 4g.20gb (0),1,,13,[CUDA memcpy Host-to-Device]
3883001933,41536,231317,,,,,,,,,,0.197,4733.338,Pinned,Device,NVIDIA A100-SXM4-40GB MIG 4g.20gb (0),1,,13,[CUDA memcpy Host-to-Device]
3883072812,8384,231318,69,4,1,48,1,1,76,0.002,0.000,,,,,NVIDIA A100-SXM4-40GB MIG 4g.20gb (0),1,,13,"void ch_est::windowedChEstPreNoDftSOfdmKernel<float, __half, float, (unsigned int)2, (unsigned int)1, (unsigned short)4>(ch_est::puschRxChEstStatDescr_t *, ch_est::puschRxChEstDynDescr_t *)"
3883092172,6656,231319,137,2,1,24,2,1,44,0.001,0.001,,,,,NVIDIA A100-SXM4-40GB MIG 4g.20gb (0),1,,13,"void ch_est::chEstFilterNoDftSOfdmDispatchKernel<float, __half, float, (unsigned int)2>(ch_est::puschRxChEstStatDescr_t *, ch_est::puschRxChEstDynDescr_t *)"
3883108940,4704,231320,137,2,1,24,2,1,44,0.001,0.001,,,,,NVIDIA A100-SXM4-40GB MIG 4g.20gb (0),1,,13,"void ch_est::chEstFilterNoDftSOfdmDispatchKernel<float, __half, float, (unsigned int)2>(ch_est::puschRxChEstStatDescr_t *, ch_est::puschRxChEstDynDescr_t *)"
3883128396,2528,231331,103,1,1,128,1,1,16,0.000,0.000,,,,,NVIDIA A100-SXM4-40GB MIG 4g.20gb (0),1,,13,cupy_copy__complex64_complex64
3883145163,12640,231341,1434,1,1,128,1,1,16,0.000,0.000,,,,,NVIDIA A100-SXM4-40GB MIG 4g.20gb (0),1,,13,cupy_copy__complex64_complex64
3883164171,2944,231348,103,1,1,128,1,1,16,0.000,0.000,,,,,NVIDIA A100-SXM4-40GB MIG 4g.20gb (0),1,,13,cupy_copy__complex64_complex64
3883191275,82751,231355,1,1,1,32,32,1,30,0.000,0.000,,,,,NVIDIA A100-SXM4-40GB MIG 4g.20gb (0),1,,13,"void convert_kernel<__half2, float2>(tensor_layout_any, T1 *, tensor_layout_any, const T2 *)"
3883309705,25888,231358,,,,,,,,,,0.094,3619.195,Pinned,Device,NVIDIA A100-SXM4-40GB MIG 4g.20gb (0),1,,13,[CUDA memcpy Host-to-Device]
3883351209,47551,231359,,,,,,,,,,35.810,753082.618,Device,,NVIDIA A100-SXM4-40GB MIG 4g.20gb (0),1,,13,[CUDA memset]
3883409832,11552,231361,,,,,,,,,,0.000,6.925,Pinned,Device,NVIDIA A100-SXM4-40GB MIG 4g.20gb (0),1,,13,[CUDA memcpy Host-to-Device]
3883428296,27424,231362,,,,,,,,,,0.197,7169.114,Pinned,Device,NVIDIA A100-SXM4-40GB MIG 4g.20gb (0),1,,13,[CUDA memcpy Host-to-Device]
3883476775,9952,231363,273,1,1,48,1,1,40,0.000,0.001,,,,,NVIDIA A100-SXM4-40GB MIG 4g.20gb (0),1,,13,"void pusch_noise_intf_est::noiseIntfEstNoDftSOfdmKernel<float, __half, float, float, (unsigned int)2, (unsigned int)1, (unsigned char)4, (unsigned char)4>(pusch_noise_intf_est::puschRxNoiseIntfEstDynDescr)"
3883503687,2880,231374,35,1,1,128,1,1,16,0.000,0.000,,,,,NVIDIA A100-SXM4-40GB MIG 4g.20gb (0),1,,13,cupy_copy__complex64_complex64
3883516231,1696,231383,1,1,1,1,1,1,18,0.000,0.000,,,,,NVIDIA A100-SXM4-40GB MIG 4g.20gb (0),1,,13,cupy_copy__float32_float32
3883519047,5184,231389,,,,,,,,,,0.000,0.772,Device,Pageable,NVIDIA A100-SXM4-40GB MIG 4g.20gb (0),1,,7,[CUDA memcpy Device-to-Host]
3883600070,13376,231400,1434,1,1,128,1,1,16,0.000,0.000,,,,,NVIDIA A100-SXM4-40GB MIG 4g.20gb (0),1,,13,cupy_copy__complex64_complex64
3883631397,3072,231407,103,1,1,128,1,1,16,0.000,0.000,,,,,NVIDIA A100-SXM4-40GB MIG 4g.20gb (0),1,,13,cupy_copy__complex64_complex64
3883646949,2560,231414,35,1,1,128,1,1,16,0.000,0.000,,,,,NVIDIA A100-SXM4-40GB MIG 4g.20gb (0),1,,13,cupy_copy__complex64_complex64
3883668613,1984,231421,1,1,1,1,1,1,18,0.000,0.000,,,,,NVIDIA A100-SXM4-40GB MIG 4g.20gb (0),1,,13,cupy_copy__float32_float32
3883788900,81279,231432,1,1,1,32,32,1,30,0.000,0.000,,,,,NVIDIA A100-SXM4-40GB MIG 4g.20gb (0),1,,13,"void convert_kernel<__half2, float2>(tensor_layout_any, T1 *, tensor_layout_any, const T2 *)"
3883898466,5952,231435,,,,,,,,,,0.094,15741.865,Pinned,Device,NVIDIA A100-SXM4-40GB MIG 4g.20gb (0),1,,13,[CUDA memcpy Host-to-Device]
3883912194,3392,231436,,,,,,,,,,1.547,455961.768,Device,,NVIDIA A100-SXM4-40GB MIG 4g.20gb (0),1,,13,[CUDA memset]
3883919266,3168,231441,,,,,,,,,,0.031,9878.770,Pinned,Device,NVIDIA A100-SXM4-40GB MIG 4g.20gb (0),1,,13,[CUDA memcpy Host-to-Device]
3883924962,9856,231442,,,,,,,,,,0.197,19948.044,Pinned,Device,NVIDIA A100-SXM4-40GB MIG 4g.20gb (0),1,,13,[CUDA memcpy Host-to-Device]
3883940898,6496,231443,273,1,1,8,4,1,39,0.002,0.000,,,,,NVIDIA A100-SXM4-40GB MIG 4g.20gb (0),1,,13,"void channel_eq::eqMmseCoefCompLowMimoKernel<float, float, float, (unsigned int)4, (unsigned int)1, (unsigned int)4>(const channel_eq::_puschRxChEqStatDescr *, channel_eq::_puschRxChEqCoefCompDynDescr)"
3883949410,6111,231444,273,1,1,12,11,1,51,0.002,0.000,,,,,NVIDIA A100-SXM4-40GB MIG 4g.20gb (0),1,,13,"void channel_eq::eqMmseSoftDemapKernel<float, __half, __half, float, (unsigned int)4, (unsigned short)16383>(channel_eq::_puschRxChEqStatDescr *, channel_eq::_puschRxChEqSoftDemapDynDescr)"
3883956673,295037,231445,1,1,1,32,32,1,30,0.000,0.000,,,,,NVIDIA A100-SXM4-40GB MIG 4g.20gb (0),1,,13,"void convert_kernel<float2, __half2>(tensor_layout_any, T1 *, tensor_layout_any, const T2 *)"
3884253374,10816,231457,2253,1,1,128,1,1,16,0.000,0.000,,,,,NVIDIA A100-SXM4-40GB MIG 4g.20gb (0),1,,13,cupy_copy__float16_float16
3884268702,2656,231466,282,1,1,128,1,1,16,0.000,0.000,,,,,NVIDIA A100-SXM4-40GB MIG 4g.20gb (0),1,,13,cupy_copy__complex64_complex64
3884274462,2016,231475,26,1,1,128,1,1,16,0.000,0.000,,,,,NVIDIA A100-SXM4-40GB MIG 4g.20gb (0),1,,13,cupy_copy__float32_float32
3884279261,2784,231484,103,1,1,128,1,1,16,0.000,0.000,,,,,NVIDIA A100-SXM4-40GB MIG 4g.20gb (0),1,,13,cupy_copy__complex64_complex64
3884283069,12096,231494,1434,1,1,128,1,1,16,0.000,0.000,,,,,NVIDIA A100-SXM4-40GB MIG 4g.20gb (0),1,,13,cupy_copy__complex64_complex64
3884300605,87487,231499,1,1,1,32,32,1,30,0.000,0.000,,,,,NVIDIA A100-SXM4-40GB MIG 4g.20gb (0),1,,13,"void convert_kernel<__half2, float2>(tensor_layout_any, T1 *, tensor_layout_any, const T2 *)"
3884415324,5824,231502,,,,,,,,,,0.094,16087.884,Pinned,Device,NVIDIA A100-SXM4-40GB MIG 4g.20gb (0),1,,13,[CUDA memcpy Host-to-Device]
3884426012,599736,231503,,,,,,,,,,456.561,761087.920,Device,,NVIDIA A100-SXM4-40GB MIG 4g.20gb (0),1,,13,[CUDA memset]
3885030676,94815,231508,,,,,,,,,,1.235,13023.719,Pinned,Device,NVIDIA A100-SXM4-40GB MIG 4g.20gb (0),1,,13,[CUDA memcpy Host-to-Device]
3885132275,18016,231509,,,,,,,,,,0.197,10912.924,Pinned,Device,NVIDIA A100-SXM4-40GB MIG 4g.20gb (0),1,,13,[CUDA memcpy Host-to-Device]
3885164755,8959,231510,69,4,1,48,1,1,76,0.002,0.000,,,,,NVIDIA A100-SXM4-40GB MIG 4g.20gb (0),1,,13,"void ch_est::windowedChEstPreNoDftSOfdmKernel<float, __half, float, (unsigned int)2, (unsigned int)1, (unsigned short)4>(ch_est::puschRxChEstStatDescr_t *, ch_est::puschRxChEstDynDescr_t *)"
3885180050,7328,231511,137,2,1,24,2,1,44,0.001,0.001,,,,,NVIDIA A100-SXM4-40GB MIG 4g.20gb (0),1,,13,"void ch_est::chEstFilterNoDftSOfdmDispatchKernel<float, __half, float, (unsigned int)2>(ch_est::puschRxChEstStatDescr_t *, ch_est::puschRxChEstDynDescr_t *)"
3885194674,5088,231512,137,2,1,24,2,1,44,0.001,0.001,,,,,NVIDIA A100-SXM4-40GB MIG 4g.20gb (0),1,,13,"void ch_est::chEstFilterNoDftSOfdmDispatchKernel<float, __half, float, (unsigned int)2>(ch_est::puschRxChEstStatDescr_t *, ch_est::puschRxChEstDynDescr_t *)"
3885202546,2976,231523,103,1,1,128,1,1,16,0.000,0.000,,,,,NVIDIA A100-SXM4-40GB MIG 4g.20gb (0),1,,13,cupy_copy__complex64_complex64
3885210802,13056,231533,1434,1,1,128,1,1,16,0.000,0.000,,,,,NVIDIA A100-SXM4-40GB MIG 4g.20gb (0),1,,13,cupy_copy__complex64_complex64
3885234066,2720,231540,103,1,1,128,1,1,16,0.000,0.000,,,,,NVIDIA A100-SXM4-40GB MIG 4g.20gb (0),1,,13,cupy_copy__complex64_complex64
3885242802,94110,231547,1,1,1,32,32,1,30,0.000,0.000,,,,,NVIDIA A100-SXM4-40GB MIG 4g.20gb (0),1,,13,"void convert_kernel<__half2, float2>(tensor_layout_any, T1 *, tensor_layout_any, const T2 *)"
3885364656,10208,231550,,,,,,,,,,0.094,9178.648,Pinned,Device,NVIDIA A100-SXM4-40GB MIG 4g.20gb (0),1,,13,[CUDA memcpy Host-to-Device]
3885391664,47039,231551,,,,,,,,,,35.810,761247.279,Device,,NVIDIA A100-SXM4-40GB MIG 4g.20gb (0),1,,13,[CUDA memset]
3885445871,2816,231553,,,,,,,,,,0.000,28.409,Pinned,Device,NVIDIA A100-SXM4-40GB MIG 4g.20gb (0),1,,13,[CUDA memcpy Host-to-Device]
3885456751,22304,231554,,,,,,,,,,0.197,8814.920,Pinned,Device,NVIDIA A100-SXM4-40GB MIG 4g.20gb (0),1,,13,[CUDA memcpy Host-to-Device]
3885496718,9344,231555,273,1,1,48,1,1,40,0.000,0.001,,,,,NVIDIA A100-SXM4-40GB MIG 4g.20gb (0),1,,13,"void pusch_noise_intf_est::noiseIntfEstNoDftSOfdmKernel<float, __half, float, float, (unsigned int)2, (unsigned int)1, (unsigned char)4, (unsigned char)4>(pusch_noise_intf_est::puschRxNoiseIntfEstDynDescr)"
3885513934,2656,231566,35,1,1,128,1,1,16,0.000,0.000,,,,,NVIDIA A100-SXM4-40GB MIG 4g.20gb (0),1,,13,cupy_copy__complex64_complex64
3885523406,1664,231575,1,1,1,1,1,1,18,0.000,0.000,,,,,NVIDIA A100-SXM4-40GB MIG 4g.20gb (0),1,,13,cupy_copy__float32_float32
3885529134,2624,231581,,,,,,,,,,0.000,1.524,Device,Pageable,NVIDIA A100-SXM4-40GB MIG 4g.20gb (0),1,,7,[CUDA memcpy Device-to-Host]
3885605453,12832,231592,1434,1,1,128,1,1,16,0.000,0.000,,,,,NVIDIA A100-SXM4-40GB MIG 4g.20gb (0),1,,13,cupy_copy__complex64_complex64
3885629805,2880,231599,103,1,1,128,1,1,16,0.000,0.000,,,,,NVIDIA A100-SXM4-40GB MIG 4g.20gb (0),1,,13,cupy_copy__complex64_complex64
3885651085,2559,231606,35,1,1,128,1,1,16,0.000,0.000,,,,,NVIDIA A100-SXM4-40GB MIG 4g.20gb (0),1,,13,cupy_copy__complex64_complex64
3885669900,1856,231613,1,1,1,1,1,1,18,0.000,0.000,,,,,NVIDIA A100-SXM4-40GB MIG 4g.20gb (0),1,,13,cupy_copy__float32_float32
3885796587,82623,231624,1,1,1,32,32,1,30,0.000,0.000,,,,,NVIDIA A100-SXM4-40GB MIG 4g.20gb (0),1,,13,"void convert_kernel<__half2, float2>(tensor_layout_any, T1 *, tensor_layout_any, const T2 *)"
3885906825,5504,231627,,,,,,,,,,0.094,17023.251,Pinned,Device,NVIDIA A100-SXM4-40GB MIG 4g.20gb (0),1,,13,[CUDA memcpy Host-to-Device]
3885921513,3328,231628,,,,,,,,,,1.547,464729.580,Device,,NVIDIA A100-SXM4-40GB MIG 4g.20gb (0),1,,13,[CUDA memset]
3885929705,3296,231633,,,,,,,,,,0.031,9495.144,Pinned,Device,NVIDIA A100-SXM4-40GB MIG 4g.20gb (0),1,,13,[CUDA memcpy Host-to-Device]
3885935657,9408,231634,,,,,,,,,,0.197,20897.858,Pinned,Device,NVIDIA A100-SXM4-40GB MIG 4g.20gb (0),1,,13,[CUDA memcpy Host-to-Device]
3885949001,6048,231635,273,1,1,8,4,1,39,0.002,0.000,,,,,NVIDIA A100-SXM4-40GB MIG 4g.20gb (0),1,,13,"void channel_eq::eqMmseCoefCompLowMimoKernel<float, float, float, (unsigned int)4, (unsigned int)1, (unsigned int)4>(const channel_eq::_puschRxChEqStatDescr *, channel_eq::_puschRxChEqCoefCompDynDescr)"
3885956105,5472,231636,273,1,1,12,11,1,51,0.002,0.000,,,,,NVIDIA A100-SXM4-40GB MIG 4g.20gb (0),1,,13,"void channel_eq::eqMmseSoftDemapKernel<float, __half, __half, float, (unsigned int)4, (unsigned short)16383>(channel_eq::_puschRxChEqStatDescr *, channel_eq::_puschRxChEqSoftDemapDynDescr)"
3885962505,294972,231637,1,1,1,32,32,1,30,0.000,0.000,,,,,NVIDIA A100-SXM4-40GB MIG 4g.20gb (0),1,,13,"void convert_kernel<float2, __half2>(tensor_layout_any, T1 *, tensor_layout_any, const T2 *)"
3886258565,11392,231649,2253,1,1,128,1,1,16,0.000,0.000,,,,,NVIDIA A100-SXM4-40GB MIG 4g.20gb (0),1,,13,cupy_copy__float16_float16
3886275013,2816,231658,282,1,1,128,1,1,16,0.000,0.000,,,,,NVIDIA A100-SXM4-40GB MIG 4g.20gb (0),1,,13,cupy_copy__complex64_complex64
3886280517,2208,231667,26,1,1,128,1,1,16,0.000,0.000,,,,,NVIDIA A100-SXM4-40GB MIG 4g.20gb (0),1,,13,cupy_copy__float32_float32
3886283717,3168,231676,103,1,1,128,1,1,16,0.000,0.000,,,,,NVIDIA A100-SXM4-40GB MIG 4g.20gb (0),1,,13,cupy_copy__complex64_complex64
3886290277,11903,231686,1434,1,1,128,1,1,16,0.000,0.000,,,,,NVIDIA A100-SXM4-40GB MIG 4g.20gb (0),1,,13,cupy_copy__complex64_complex64
3886306212,82783,231691,1,1,1,32,32,1,30,0.000,0.000,,,,,NVIDIA A100-SXM4-40GB MIG 4g.20gb (0),1,,13,"void convert_kernel<__half2, float2>(tensor_layout_any, T1 *, tensor_layout_any, const T2 *)"
3886415747,5920,231694,,,,,,,,,,0.094,15826.941,Pinned,Device,NVIDIA A100-SXM4-40GB MIG 4g.20gb (0),1,,13,[CUDA memcpy Host-to-Device]
3886426275,597497,231695,,,,,,,,,,456.561,763827.289,Device,,NVIDIA A100-SXM4-40GB MIG 4g.20gb (0),1,,13,[CUDA memset]
3887030299,139295,231700,,,,,,,,,,1.235,8865.663,Pinned,Device,NVIDIA A100-SXM4-40GB MIG 4g.20gb (0),1,,13,[CUDA memcpy Host-to-Device]
3887179738,30975,231701,,,,,,,,,,0.197,6347.293,Pinned,Device,NVIDIA A100-SXM4-40GB MIG 4g.20gb (0),1,,13,[CUDA memcpy Host-to-Device]
3887221881,7872,231702,69,4,1,48,1,1,76,0.002,0.000,,,,,NVIDIA A100-SXM4-40GB MIG 4g.20gb (0),1,,13,"void ch_est::windowedChEstPreNoDftSOfdmKernel<float, __half, float, (unsigned int)2, (unsigned int)1, (unsigned short)4>(ch_est::puschRxChEstStatDescr_t *, ch_est::puschRxChEstDynDescr_t *)"
3887238329,6144,231703,137,2,1,24,2,1,44,0.001,0.001,,,,,NVIDIA A100-SXM4-40GB MIG 4g.20gb (0),1,,13,"void ch_est::chEstFilterNoDftSOfdmDispatchKernel<float, __half, float, (unsigned int)2>(ch_est::puschRxChEstStatDescr_t *, ch_est::puschRxChEstDynDescr_t *)"
3887250521,4768,231704,137,2,1,24,2,1,44,0.001,0.001,,,,,NVIDIA A100-SXM4-40GB MIG 4g.20gb (0),1,,13,"void ch_est::chEstFilterNoDftSOfdmDispatchKernel<float, __half, float, (unsigned int)2>(ch_est::puschRxChEstStatDescr_t *, ch_est::puschRxChEstDynDescr_t *)"
3887261529,2816,231715,103,1,1,128,1,1,16,0.000,0.000,,,,,NVIDIA A100-SXM4-40GB MIG 4g.20gb (0),1,,13,cupy_copy__complex64_complex64
3887271832,12608,231725,1434,1,1,128,1,1,16,0.000,0.000,,,,,NVIDIA A100-SXM4-40GB MIG 4g.20gb (0),1,,13,cupy_copy__complex64_complex64
3887288248,2592,231732,103,1,1,128,1,1,16,0.000,0.000,,,,,NVIDIA A100-SXM4-40GB MIG 4g.20gb (0),1,,13,cupy_copy__complex64_complex64
3887299256,88927,231739,1,1,1,32,32,1,30,0.000,0.000,,,,,NVIDIA A100-SXM4-40GB MIG 4g.20gb (0),1,,13,"void convert_kernel<__half2, float2>(tensor_layout_any, T1 *, tensor_layout_any, const T2 *)"
3887415895,5504,231742,,,,,,,,,,0.094,17023.251,Pinned,Device,NVIDIA A100-SXM4-40GB MIG 4g.20gb (0),1,,13,[CUDA memcpy Host-to-Device]
3887428567,47327,231743,,,,,,,,,,35.810,756627.800,Device,,NVIDIA A100-SXM4-40GB MIG 4g.20gb (0),1,,13,[CUDA memset]
3887482070,3008,231745,,,,,,,,,,0.000,26.596,Pinned,Device,NVIDIA A100-SXM4-40GB MIG 4g.20gb (0),1,,13,[CUDA memcpy Host-to-Device]
3887490486,14208,231746,,,,,,,,,,0.197,13837.664,Pinned,Device,NVIDIA A100-SXM4-40GB MIG 4g.20gb (0),1,,13,[CUDA memcpy Host-to-Device]
3887513333,9312,231747,273,1,1,48,1,1,40,0.000,0.001,,,,,NVIDIA A100-SXM4-40GB MIG 4g.20gb (0),1,,13,"void pusch_noise_intf_est::noiseIntfEstNoDftSOfdmKernel<float, __half, float, float, (unsigned int)2, (unsigned int)1, (unsigned char)4, (unsigned char)4>(pusch_noise_intf_est::puschRxNoiseIntfEstDynDescr)"
3887526453,2752,231758,35,1,1,128,1,1,16,0.000,0.000,,,,,NVIDIA A100-SXM4-40GB MIG 4g.20gb (0),1,,13,cupy_copy__complex64_complex64
3887540213,1984,231767,1,1,1,1,1,1,18,0.000,0.000,,,,,NVIDIA A100-SXM4-40GB MIG 4g.20gb (0),1,,13,cupy_copy__float32_float32
3887569077,1856,231773,,,,,,,,,,0.000,2.155,Device,Pageable,NVIDIA A100-SXM4-40GB MIG 4g.20gb (0),1,,7,[CUDA memcpy Device-to-Host]
3887630196,13312,231784,1434,1,1,128,1,1,16,0.000,0.000,,,,,NVIDIA A100-SXM4-40GB MIG 4g.20gb (0),1,,13,cupy_copy__complex64_complex64
3887656244,2752,231791,103,1,1,128,1,1,16,0.000,0.000,,,,,NVIDIA A100-SXM4-40GB MIG 4g.20gb (0),1,,13,cupy_copy__complex64_complex64
3887676851,2176,231798,35,1,1,128,1,1,16,0.000,0.000,,,,,NVIDIA A100-SXM4-40GB MIG 4g.20gb (0),1,,13,cupy_copy__complex64_complex64
3887696179,1824,231805,1,1,1,1,1,1,18,0.000,0.000,,,,,NVIDIA A100-SXM4-40GB MIG 4g.20gb (0),1,,13,cupy_copy__float32_float32
3887826258,82719,231816,1,1,1,32,32,1,30,0.000,0.000,,,,,NVIDIA A100-SXM4-40GB MIG 4g.20gb (0),1,,13,"void convert_kernel<__half2, float2>(tensor_layout_any, T1 *, tensor_layout_any, const T2 *)"
3887936752,5696,231819,,,,,,,,,,0.094,16449.363,Pinned,Device,NVIDIA A100-SXM4-40GB MIG 4g.20gb (0),1,,13,[CUDA memcpy Host-to-Device]
3887953520,3232,231820,,,,,,,,,,1.547,478533.199,Device,,NVIDIA A100-SXM4-40GB MIG 4g.20gb (0),1,,13,[CUDA memset]
3887960528,3424,231825,,,,,,,,,,0.031,9140.185,Pinned,Device,NVIDIA A100-SXM4-40GB MIG 4g.20gb (0),1,,13,[CUDA memcpy Host-to-Device]
3887966352,9760,231826,,,,,,,,,,0.197,20144.259,Pinned,Device,NVIDIA A100-SXM4-40GB MIG 4g.20gb (0),1,,13,[CUDA memcpy Host-to-Device]
3887981296,5856,231827,273,1,1,8,4,1,39,0.002,0.000,,,,,NVIDIA A100-SXM4-40GB MIG 4g.20gb (0),1,,13,"void channel_eq::eqMmseCoefCompLowMimoKernel<float, float, float, (unsigned int)4, (unsigned int)1, (unsigned int)4>(const channel_eq::_puschRxChEqStatDescr *, channel_eq::_puschRxChEqCoefCompDynDescr)"
3887988176,5792,231828,273,1,1,12,11,1,51,0.002,0.000,,,,,NVIDIA A100-SXM4-40GB MIG 4g.20gb (0),1,,13,"void channel_eq::eqMmseSoftDemapKernel<float, __half, __half, float, (unsigned int)4, (unsigned short)16383>(channel_eq::_puschRxChEqStatDescr *, channel_eq::_puschRxChEqSoftDemapDynDescr)"
3887998320,282844,231829,1,1,1,32,32,1,30,0.000,0.000,,,,,NVIDIA A100-SXM4-40GB MIG 4g.20gb (0),1,,13,"void convert_kernel<float2, __half2>(tensor_layout_any, T1 *, tensor_layout_any, const T2 *)"
3888283756,10848,231841,2253,1,1,128,1,1,16,0.000,0.000,,,,,NVIDIA A100-SXM4-40GB MIG 4g.20gb (0),1,,13,cupy_copy__float16_float16
3888297516,3808,231850,282,1,1,128,1,1,16,0.000,0.000,,,,,NVIDIA A100-SXM4-40GB MIG 4g.20gb (0),1,,13,cupy_copy__complex64_complex64
3888302252,2368,231859,26,1,1,128,1,1,16,0.000,0.000,,,,,NVIDIA A100-SXM4-40GB MIG 4g.20gb (0),1,,13,cupy_copy__float32_float32
3888307212,2880,231868,103,1,1,128,1,1,16,0.000,0.000,,,,,NVIDIA A100-SXM4-40GB MIG 4g.20gb (0),1,,13,cupy_copy__complex64_complex64
3888311916,12063,231878,1434,1,1,128,1,1,16,0.000,0.000,,,,,NVIDIA A100-SXM4-40GB MIG 4g.20gb (0),1,,13,cupy_copy__complex64_complex64
3888328843,81855,231883,1,1,1,32,32,1,30,0.000,0.000,,,,,NVIDIA A100-SXM4-40GB MIG 4g.20gb (0),1,,13,"void convert_kernel<__half2, float2>(tensor_layout_any, T1 *, tensor_layout_any, const T2 *)"
3888438314,6208,231886,,,,,,,,,,0.094,15092.739,Pinned,Device,NVIDIA A100-SXM4-40GB MIG 4g.20gb (0),1,,13,[CUDA memcpy Host-to-Device]
3888451594,597145,231887,,,,,,,,,,456.561,764283.851,Device,,NVIDIA A100-SXM4-40GB MIG 4g.20gb (0),1,,13,[CUDA memset]
3889052514,164158,231892,,,,,,,,,,1.235,7522.044,Pinned,Device,NVIDIA A100-SXM4-40GB MIG 4g.20gb (0),1,,13,[CUDA memcpy Host-to-Device]
3889231520,43808,231893,,,,,,,,,,0.197,4487.774,Pinned,Device,NVIDIA A100-SXM4-40GB MIG 4g.20gb (0),1,,13,[CUDA memcpy Host-to-Device]
3889295967,8352,231894,69,4,1,48,1,1,76,0.002,0.000,,,,,NVIDIA A100-SXM4-40GB MIG 4g.20gb (0),1,,13,"void ch_est::windowedChEstPreNoDftSOfdmKernel<float, __half, float, (unsigned int)2, (unsigned int)1, (unsigned short)4>(ch_est::puschRxChEstStatDescr_t *, ch_est::puschRxChEstDynDescr_t *)"
3889315295,6976,231895,137,2,1,24,2,1,44,0.001,0.001,,,,,NVIDIA A100-SXM4-40GB MIG 4g.20gb (0),1,,13,"void ch_est::chEstFilterNoDftSOfdmDispatchKernel<float, __half, float, (unsigned int)2>(ch_est::puschRxChEstStatDescr_t *, ch_est::puschRxChEstDynDescr_t *)"
3889332863,4704,231896,137,2,1,24,2,1,44,0.001,0.001,,,,,NVIDIA A100-SXM4-40GB MIG 4g.20gb (0),1,,13,"void ch_est::chEstFilterNoDftSOfdmDispatchKernel<float, __half, float, (unsigned int)2>(ch_est::puschRxChEstStatDescr_t *, ch_est::puschRxChEstDynDescr_t *)"
3889349631,2720,231907,103,1,1,128,1,1,16,0.000,0.000,,,,,NVIDIA A100-SXM4-40GB MIG 4g.20gb (0),1,,13,cupy_copy__complex64_complex64
3889366239,12415,231917,1434,1,1,128,1,1,16,0.000,0.000,,,,,NVIDIA A100-SXM4-40GB MIG 4g.20gb (0),1,,13,cupy_copy__complex64_complex64
3889384958,2880,231924,103,1,1,128,1,1,16,0.000,0.000,,,,,NVIDIA A100-SXM4-40GB MIG 4g.20gb (0),1,,13,cupy_copy__complex64_complex64
3889409182,89247,231931,1,1,1,32,32,1,30,0.000,0.000,,,,,NVIDIA A100-SXM4-40GB MIG 4g.20gb (0),1,,13,"void convert_kernel<__half2, float2>(tensor_layout_any, T1 *, tensor_layout_any, const T2 *)"
3889527997,6720,231934,,,,,,,,,,0.094,13942.808,Pinned,Device,NVIDIA A100-SXM4-40GB MIG 4g.20gb (0),1,,13,[CUDA memcpy Host-to-Device]
3889542524,47232,231935,,,,,,,,,,35.810,758167.626,Device,,NVIDIA A100-SXM4-40GB MIG 4g.20gb (0),1,,13,[CUDA memset]
3889591036,4032,231937,,,,,,,,,,0.000,19.841,Pinned,Device,NVIDIA A100-SXM4-40GB MIG 4g.20gb (0),1,,13,[CUDA memcpy Host-to-Device]
3889600412,11008,231938,,,,,,,,,,0.197,17860.461,Pinned,Device,NVIDIA A100-SXM4-40GB MIG 4g.20gb (0),1,,13,[CUDA memcpy Host-to-Device]
3889619739,13088,231939,273,1,1,48,1,1,40,0.000,0.001,,,,,NVIDIA A100-SXM4-40GB MIG 4g.20gb (0),1,,13,"void pusch_noise_intf_est::noiseIntfEstNoDftSOfdmKernel<float, __half, float, float, (unsigned int)2, (unsigned int)1, (unsigned char)4, (unsigned char)4>(pusch_noise_intf_est::puschRxNoiseIntfEstDynDescr)"
3889637691,3296,231950,35,1,1,128,1,1,16,0.000,0.000,,,,,NVIDIA A100-SXM4-40GB MIG 4g.20gb (0),1,,13,cupy_copy__complex64_complex64
3889649627,1856,231959,1,1,1,1,1,1,18,0.000,0.000,,,,,NVIDIA A100-SXM4-40GB MIG 4g.20gb (0),1,,13,cupy_copy__float32_float32
3889680763,2080,231965,,,,,,,,,,0.000,1.923,Device,Pageable,NVIDIA A100-SXM4-40GB MIG 4g.20gb (0),1,,7,[CUDA memcpy Device-to-Host]
3889740922,13056,231976,1434,1,1,128,1,1,16,0.000,0.000,,,,,NVIDIA A100-SXM4-40GB MIG 4g.20gb (0),1,,13,cupy_copy__complex64_complex64
3889768858,3776,231983,103,1,1,128,1,1,16,0.000,0.000,,,,,NVIDIA A100-SXM4-40GB MIG 4g.20gb (0),1,,13,cupy_copy__complex64_complex64
3889790361,2656,231990,35,1,1,128,1,1,16,0.000,0.000,,,,,NVIDIA A100-SXM4-40GB MIG 4g.20gb (0),1,,13,cupy_copy__complex64_complex64
3889807001,1984,231997,1,1,1,1,1,1,18,0.000,0.000,,,,,NVIDIA A100-SXM4-40GB MIG 4g.20gb (0),1,,13,cupy_copy__float32_float32
3889938360,82175,232008,1,1,1,32,32,1,30,0.000,0.000,,,,,NVIDIA A100-SXM4-40GB MIG 4g.20gb (0),1,,13,"void convert_kernel<__half2, float2>(tensor_layout_any, T1 *, tensor_layout_any, const T2 *)"
3890048054,6656,232011,,,,,,,,,,0.094,14076.887,Pinned,Device,NVIDIA A100-SXM4-40GB MIG 4g.20gb (0),1,,13,[CUDA memcpy Host-to-Device]
3890064374,3520,232012,,,,,,,,,,1.547,439380.412,Device,,NVIDIA A100-SXM4-40GB MIG 4g.20gb (0),1,,13,[CUDA memset]
3890069942,3104,232017,,,,,,,,,,0.031,10082.445,Pinned,Device,NVIDIA A100-SXM4-40GB MIG 4g.20gb (0),1,,13,[CUDA memcpy Host-to-Device]
3890075510,9376,232018,,,,,,,,,,0.197,20969.226,Pinned,Device,NVIDIA A100-SXM4-40GB MIG 4g.20gb (0),1,,13,[CUDA memcpy Host-to-Device]
3890090262,6624,232019,273,1,1,8,4,1,39,0.002,0.000,,,,,NVIDIA A100-SXM4-40GB MIG 4g.20gb (0),1,,13,"void channel_eq::eqMmseCoefCompLowMimoKernel<float, float, float, (unsigned int)4, (unsigned int)1, (unsigned int)4>(const channel_eq::_puschRxChEqStatDescr *, channel_eq::_puschRxChEqCoefCompDynDescr)"
3890099638,6175,232020,273,1,1,12,11,1,51,0.002,0.000,,,,,NVIDIA A100-SXM4-40GB MIG 4g.20gb (0),1,,13,"void channel_eq::eqMmseSoftDemapKernel<float, __half, __half, float, (unsigned int)4, (unsigned short)16383>(channel_eq::_puschRxChEqStatDescr *, channel_eq::_puschRxChEqSoftDemapDynDescr)"
3890109397,282397,232021,1,1,1,32,32,1,30,0.000,0.000,,,,,NVIDIA A100-SXM4-40GB MIG 4g.20gb (0),1,,13,"void convert_kernel<float2, __half2>(tensor_layout_any, T1 *, tensor_layout_any, const T2 *)"
3890392818,11136,232033,2253,1,1,128,1,1,16,0.000,0.000,,,,,NVIDIA A100-SXM4-40GB MIG 4g.20gb (0),1,,13,cupy_copy__float16_float16
3890406962,3584,232042,282,1,1,128,1,1,16,0.000,0.000,,,,,NVIDIA A100-SXM4-40GB MIG 4g.20gb (0),1,,13,cupy_copy__complex64_complex64
3890411698,2048,232051,26,1,1,128,1,1,16,0.000,0.000,,,,,NVIDIA A100-SXM4-40GB MIG 4g.20gb (0),1,,13,cupy_copy__float32_float32
3890415634,4640,232060,103,1,1,128,1,1,16,0.000,0.000,,,,,NVIDIA A100-SXM4-40GB MIG 4g.20gb (0),1,,13,cupy_copy__complex64_complex64
3890422610,12191,232070,1434,1,1,128,1,1,16,0.000,0.000,,,,,NVIDIA A100-SXM4-40GB MIG 4g.20gb (0),1,,13,cupy_copy__complex64_complex64
3890439729,81759,232075,1,1,1,32,32,1,30,0.000,0.000,,,,,NVIDIA A100-SXM4-40GB MIG 4g.20gb (0),1,,13,"void convert_kernel<__half2, float2>(tensor_layout_any, T1 *, tensor_layout_any, const T2 *)"
3890549232,5600,232078,,,,,,,,,,0.094,16731.388,Pinned,Device,NVIDIA A100-SXM4-40GB MIG 4g.20gb (0),1,,13,[CUDA memcpy Host-to-Device]
3890562032,595512,232079,,,,,,,,,,456.561,766566.658,Device,,NVIDIA A100-SXM4-40GB MIG 4g.20gb (0),1,,13,[CUDA memset]
3891163816,156894,232084,,,,,,,,,,1.235,7870.298,Pinned,Device,NVIDIA A100-SXM4-40GB MIG 4g.20gb (0),1,,13,[CUDA memcpy Host-to-Device]
3891331494,38688,232085,,,,,,,,,,0.197,5081.727,Pinned,Device,NVIDIA A100-SXM4-40GB MIG 4g.20gb (0),1,,13,[CUDA memcpy Host-to-Device]
3891395398,7839,232086,69,4,1,48,1,1,76,0.002,0.000,,,,,NVIDIA A100-SXM4-40GB MIG 4g.20gb (0),1,,13,"void ch_est::windowedChEstPreNoDftSOfdmKernel<float, __half, float, (unsigned int)2, (unsigned int)1, (unsigned short)4>(ch_est::puschRxChEstStatDescr_t *, ch_est::puschRxChEstDynDescr_t *)"
3891414917,6784,232087,137,2,1,24,2,1,44,0.001,0.001,,,,,NVIDIA A100-SXM4-40GB MIG 4g.20gb (0),1,,13,"void ch_est::chEstFilterNoDftSOfdmDispatchKernel<float, __half, float, (unsigned int)2>(ch_est::puschRxChEstStatDescr_t *, ch_est::puschRxChEstDynDescr_t *)"
3891431429,4768,232088,137,2,1,24,2,1,44,0.001,0.001,,,,,NVIDIA A100-SXM4-40GB MIG 4g.20gb (0),1,,13,"void ch_est::chEstFilterNoDftSOfdmDispatchKernel<float, __half, float, (unsigned int)2>(ch_est::puschRxChEstStatDescr_t *, ch_est::puschRxChEstDynDescr_t *)"
3891450853,2720,232099,103,1,1,128,1,1,16,0.000,0.000,,,,,NVIDIA A100-SXM4-40GB MIG 4g.20gb (0),1,,13,cupy_copy__complex64_complex64
3891467653,12415,232109,1434,1,1,128,1,1,16,0.000,0.000,,,,,NVIDIA A100-SXM4-40GB MIG 4g.20gb (0),1,,13,cupy_copy__complex64_complex64
3891487524,2912,232116,103,1,1,128,1,1,16,0.000,0.000,,,,,NVIDIA A100-SXM4-40GB MIG 4g.20gb (0),1,,13,cupy_copy__complex64_complex64
3891511076,84767,232123,1,1,1,32,32,1,30,0.000,0.000,,,,,NVIDIA A100-SXM4-40GB MIG 4g.20gb (0),1,,13,"void convert_kernel<__half2, float2>(tensor_layout_any, T1 *, tensor_layout_any, const T2 *)"
3891634179,23999,232126,,,,,,,,,,0.094,3904.125,Pinned,Device,NVIDIA A100-SXM4-40GB MIG 4g.20gb (0),1,,13,[CUDA memcpy Host-to-Device]
3891675106,46943,232127,,,,,,,,,,35.810,762822.916,Device,,NVIDIA A100-SXM4-40GB MIG 4g.20gb (0),1,,13,[CUDA memset]
3891732545,10400,232129,,,,,,,,,,0.000,7.692,Pinned,Device,NVIDIA A100-SXM4-40GB MIG 4g.20gb (0),1,,13,[CUDA memcpy Host-to-Device]
3891753057,34176,232130,,,,,,,,,,0.197,5752.750,Pinned,Device,NVIDIA A100-SXM4-40GB MIG 4g.20gb (0),1,,13,[CUDA memcpy Host-to-Device]
3891807168,9440,232131,273,1,1,48,1,1,40,0.000,0.001,,,,,NVIDIA A100-SXM4-40GB MIG 4g.20gb (0),1,,13,"void pusch_noise_intf_est::noiseIntfEstNoDftSOfdmKernel<float, __half, float, float, (unsigned int)2, (unsigned int)1, (unsigned char)4, (unsigned char)4>(pusch_noise_intf_est::puschRxNoiseIntfEstDynDescr)"
3891822240,3008,232142,35,1,1,128,1,1,16,0.000,0.000,,,,,NVIDIA A100-SXM4-40GB MIG 4g.20gb (0),1,,13,cupy_copy__complex64_complex64
3891833344,1856,232151,1,1,1,1,1,1,18,0.000,0.000,,,,,NVIDIA A100-SXM4-40GB MIG 4g.20gb (0),1,,13,cupy_copy__float32_float32
3891836896,5888,232157,,,,,,,,,,0.000,0.679,Device,Pageable,NVIDIA A100-SXM4-40GB MIG 4g.20gb (0),1,,7,[CUDA memcpy Device-to-Host]
3891912063,12992,232168,1434,1,1,128,1,1,16,0.000,0.000,,,,,NVIDIA A100-SXM4-40GB MIG 4g.20gb (0),1,,13,cupy_copy__complex64_complex64
3891938271,2848,232175,103,1,1,128,1,1,16,0.000,0.000,,,,,NVIDIA A100-SXM4-40GB MIG 4g.20gb (0),1,,13,cupy_copy__complex64_complex64
3891956031,2624,232182,35,1,1,128,1,1,16,0.000,0.000,,,,,NVIDIA A100-SXM4-40GB MIG 4g.20gb (0),1,,13,cupy_copy__complex64_complex64
3891974366,1760,232189,1,1,1,1,1,1,18,0.000,0.000,,,,,NVIDIA A100-SXM4-40GB MIG 4g.20gb (0),1,,13,cupy_copy__float32_float32
3892109085,82719,232200,1,1,1,32,32,1,30,0.000,0.000,,,,,NVIDIA A100-SXM4-40GB MIG 4g.20gb (0),1,,13,"void convert_kernel<__half2, float2>(tensor_layout_any, T1 *, tensor_layout_any, const T2 *)"
3892220219,5792,232203,,,,,,,,,,0.094,16176.708,Pinned,Device,NVIDIA A100-SXM4-40GB MIG 4g.20gb (0),1,,13,[CUDA memcpy Host-to-Device]
3892234139,3520,232204,,,,,,,,,,1.547,439380.412,Device,,NVIDIA A100-SXM4-40GB MIG 4g.20gb (0),1,,13,[CUDA memset]
3892240219,3488,232209,,,,,,,,,,0.031,8972.469,Pinned,Device,NVIDIA A100-SXM4-40GB MIG 4g.20gb (0),1,,13,[CUDA memcpy Host-to-Device]
3892246267,9472,232210,,,,,,,,,,0.197,20756.693,Pinned,Device,NVIDIA A100-SXM4-40GB MIG 4g.20gb (0),1,,13,[CUDA memcpy Host-to-Device]
3892260827,6496,232211,273,1,1,8,4,1,39,0.002,0.000,,,,,NVIDIA A100-SXM4-40GB MIG 4g.20gb (0),1,,13,"void channel_eq::eqMmseCoefCompLowMimoKernel<float, float, float, (unsigned int)4, (unsigned int)1, (unsigned int)4>(const channel_eq::_puschRxChEqStatDescr *, channel_eq::_puschRxChEqCoefCompDynDescr)"
3892268411,6208,232212,273,1,1,12,11,1,51,0.002,0.000,,,,,NVIDIA A100-SXM4-40GB MIG 4g.20gb (0),1,,13,"void channel_eq::eqMmseSoftDemapKernel<float, __half, __half, float, (unsigned int)4, (unsigned short)16383>(channel_eq::_puschRxChEqStatDescr *, channel_eq::_puschRxChEqSoftDemapDynDescr)"
3892275643,282012,232213,1,1,1,32,32,1,30,0.000,0.000,,,,,NVIDIA A100-SXM4-40GB MIG 4g.20gb (0),1,,13,"void convert_kernel<float2, __half2>(tensor_layout_any, T1 *, tensor_layout_any, const T2 *)"
3892561175,11040,232225,2253,1,1,128,1,1,16,0.000,0.000,,,,,NVIDIA A100-SXM4-40GB MIG 4g.20gb (0),1,,13,cupy_copy__float16_float16
3892573847,3712,232234,282,1,1,128,1,1,16,0.000,0.000,,,,,NVIDIA A100-SXM4-40GB MIG 4g.20gb (0),1,,13,cupy_copy__complex64_complex64
3892580823,2176,232243,26,1,1,128,1,1,16,0.000,0.000,,,,,NVIDIA A100-SXM4-40GB MIG 4g.20gb (0),1,,13,cupy_copy__float32_float32
3892586775,3008,232252,103,1,1,128,1,1,16,0.000,0.000,,,,,NVIDIA A100-SXM4-40GB MIG 4g.20gb (0),1,,13,cupy_copy__complex64_complex64
3892592983,12032,232262,1434,1,1,128,1,1,16,0.000,0.000,,,,,NVIDIA A100-SXM4-40GB MIG 4g.20gb (0),1,,13,cupy_copy__complex64_complex64
3892609174,80640,232267,1,1,1,32,32,1,30,0.000,0.000,,,,,NVIDIA A100-SXM4-40GB MIG 4g.20gb (0),1,,13,"void convert_kernel<__half2, float2>(tensor_layout_any, T1 *, tensor_layout_any, const T2 *)"
3892717077,5920,232270,,,,,,,,,,0.094,15826.941,Pinned,Device,NVIDIA A100-SXM4-40GB MIG 4g.20gb (0),1,,13,[CUDA memcpy Host-to-Device]
3892726933,597497,232271,,,,,,,,,,456.561,763827.289,Device,,NVIDIA A100-SXM4-40GB MIG 4g.20gb (0),1,,13,[CUDA memset]
3893331406,152830,232276,,,,,,,,,,1.235,8080.239,Pinned,Device,NVIDIA A100-SXM4-40GB MIG 4g.20gb (0),1,,13,[CUDA memcpy Host-to-Device]
3893496844,45247,232277,,,,,,,,,,0.197,4345.037,Pinned,Device,NVIDIA A100-SXM4-40GB MIG 4g.20gb (0),1,,13,[CUDA memcpy Host-to-Device]
3893559179,8160,232278,69,4,1,48,1,1,76,0.002,0.000,,,,,NVIDIA A100-SXM4-40GB MIG 4g.20gb (0),1,,13,"void ch_est::windowedChEstPreNoDftSOfdmKernel<float, __half, float, (unsigned int)2, (unsigned int)1, (unsigned short)4>(ch_est::puschRxChEstStatDescr_t *, ch_est::puschRxChEstDynDescr_t *)"
3893578155,6783,232279,137,2,1,24,2,1,44,0.001,0.001,,,,,NVIDIA A100-SXM4-40GB MIG 4g.20gb (0),1,,13,"void ch_est::chEstFilterNoDftSOfdmDispatchKernel<float, __half, float, (unsigned int)2>(ch_est::puschRxChEstStatDescr_t *, ch_est::puschRxChEstDynDescr_t *)"
3893595114,4800,232280,137,2,1,24,2,1,44,0.001,0.001,,,,,NVIDIA A100-SXM4-40GB MIG 4g.20gb (0),1,,13,"void ch_est::chEstFilterNoDftSOfdmDispatchKernel<float, __half, float, (unsigned int)2>(ch_est::puschRxChEstStatDescr_t *, ch_est::puschRxChEstDynDescr_t *)"
3893612298,2528,232291,103,1,1,128,1,1,16,0.000,0.000,,,,,NVIDIA A100-SXM4-40GB MIG 4g.20gb (0),1,,13,cupy_copy__complex64_complex64
3893630218,12544,232301,1434,1,1,128,1,1,16,0.000,0.000,,,,,NVIDIA A100-SXM4-40GB MIG 4g.20gb (0),1,,13,cupy_copy__complex64_complex64
3893649866,2912,232308,103,1,1,128,1,1,16,0.000,0.000,,,,,NVIDIA A100-SXM4-40GB MIG 4g.20gb (0),1,,13,cupy_copy__complex64_complex64
3893672041,91967,232315,1,1,1,32,32,1,30,0.000,0.000,,,,,NVIDIA A100-SXM4-40GB MIG 4g.20gb (0),1,,13,"void convert_kernel<__half2, float2>(tensor_layout_any, T1 *, tensor_layout_any, const T2 *)"
3893799944,23807,232318,,,,,,,,,,0.094,3935.607,Pinned,Device,NVIDIA A100-SXM4-40GB MIG 4g.20gb (0),1,,13,[CUDA memcpy Host-to-Device]
3893841703,47584,232319,,,,,,,,,,35.810,752545.469,Device,,NVIDIA A100-SXM4-40GB MIG 4g.20gb (0),1,,13,[CUDA memset]
3893890375,11744,232321,,,,,,,,,,0.000,6.812,Pinned,Device,NVIDIA A100-SXM4-40GB MIG 4g.20gb (0),1,,13,[CUDA memcpy Host-to-Device]
3893909926,30400,232322,,,,,,,,,,0.197,6467.224,Pinned,Device,NVIDIA A100-SXM4-40GB MIG 4g.20gb (0),1,,13,[CUDA memcpy Host-to-Device]
3893965510,9888,232323,273,1,1,48,1,1,40,0.000,0.001,,,,,NVIDIA A100-SXM4-40GB MIG 4g.20gb (0),1,,13,"void pusch_noise_intf_est::noiseIntfEstNoDftSOfdmKernel<float, __half, float, float, (unsigned int)2, (unsigned int)1, (unsigned char)4, (unsigned char)4>(pusch_noise_intf_est::puschRxNoiseIntfEstDynDescr)"
3893982086,2751,232334,35,1,1,128,1,1,16,0.000,0.000,,,,,NVIDIA A100-SXM4-40GB MIG 4g.20gb (0),1,,13,cupy_copy__complex64_complex64
3893999429,1696,232343,1,1,1,1,1,1,18,0.000,0.000,,,,,NVIDIA A100-SXM4-40GB MIG 4g.20gb (0),1,,13,cupy_copy__float32_float32
3894006405,4544,232349,,,,,,,,,,0.000,0.880,Device,Pageable,NVIDIA A100-SXM4-40GB MIG 4g.20gb (0),1,,7,[CUDA memcpy Device-to-Host]
3894105444,12864,232360,1434,1,1,128,1,1,16,0.000,0.000,,,,,NVIDIA A100-SXM4-40GB MIG 4g.20gb (0),1,,13,cupy_copy__complex64_complex64
3894131652,2624,232367,103,1,1,128,1,1,16,0.000,0.000,,,,,NVIDIA A100-SXM4-40GB MIG 4g.20gb (0),1,,13,cupy_copy__complex64_complex64
3894149187,2304,232374,35,1,1,128,1,1,16,0.000,0.000,,,,,NVIDIA A100-SXM4-40GB MIG 4g.20gb (0),1,,13,cupy_copy__complex64_complex64
3894168259,1792,232381,1,1,1,1,1,1,18,0.000,0.000,,,,,NVIDIA A100-SXM4-40GB MIG 4g.20gb (0),1,,13,cupy_copy__float32_float32
3894297314,86815,232392,1,1,1,32,32,1,30,0.000,0.000,,,,,NVIDIA A100-SXM4-40GB MIG 4g.20gb (0),1,,13,"void convert_kernel<__half2, float2>(tensor_layout_any, T1 *, tensor_layout_any, const T2 *)"
3894413728,13248,232395,,,,,,,,,,0.094,7072.455,Pinned,Device,NVIDIA A100-SXM4-40GB MIG 4g.20gb (0),1,,13,[CUDA memcpy Host-to-Device]
3894435136,3424,232396,,,,,,,,,,1.547,451700.819,Device,,NVIDIA A100-SXM4-40GB MIG 4g.20gb (0),1,,13,[CUDA memset]
3894442624,6560,232401,,,,,,,,,,0.031,4770.731,Pinned,Device,NVIDIA A100-SXM4-40GB MIG 4g.20gb (0),1,,13,[CUDA memcpy Host-to-Device]
3894451648,14912,232402,,,,,,,,,,0.197,13184.532,Pinned,Device,NVIDIA A100-SXM4-40GB MIG 4g.20gb (0),1,,13,[CUDA memcpy Host-to-Device]
3894478463,8160,232403,273,1,1,8,4,1,39,0.002,0.000,,,,,NVIDIA A100-SXM4-40GB MIG 4g.20gb (0),1,,13,"void channel_eq::eqMmseCoefCompLowMimoKernel<float, float, float, (unsigned int)4, (unsigned int)1, (unsigned int)4>(const channel_eq::_puschRxChEqStatDescr *, channel_eq::_puschRxChEqCoefCompDynDescr)"
3894488607,7552,232404,273,1,1,12,11,1,51,0.002,0.000,,,,,NVIDIA A100-SXM4-40GB MIG 4g.20gb (0),1,,13,"void channel_eq::eqMmseSoftDemapKernel<float, __half, __half, float, (unsigned int)4, (unsigned short)16383>(channel_eq::_puschRxChEqStatDescr *, channel_eq::_puschRxChEqSoftDemapDynDescr)"
3894497855,282781,232405,1,1,1,32,32,1,30,0.000,0.000,,,,,NVIDIA A100-SXM4-40GB MIG 4g.20gb (0),1,,13,"void convert_kernel<float2, __half2>(tensor_layout_any, T1 *, tensor_layout_any, const T2 *)"
3894782268,10975,232417,2253,1,1,128,1,1,16,0.000,0.000,,,,,NVIDIA A100-SXM4-40GB MIG 4g.20gb (0),1,,13,cupy_copy__float16_float16
3894795547,3360,232426,282,1,1,128,1,1,16,0.000,0.000,,,,,NVIDIA A100-SXM4-40GB MIG 4g.20gb (0),1,,13,cupy_copy__complex64_complex64
3894802971,2304,232435,26,1,1,128,1,1,16,0.000,0.000,,,,,NVIDIA A100-SXM4-40GB MIG 4g.20gb (0),1,,13,cupy_copy__float32_float32
3894808027,3552,232444,103,1,1,128,1,1,16,0.000,0.000,,,,,NVIDIA A100-SXM4-40GB MIG 4g.20gb (0),1,,13,cupy_copy__complex64_complex64
3894812667,11904,232454,1434,1,1,128,1,1,16,0.000,0.000,,,,,NVIDIA A100-SXM4-40GB MIG 4g.20gb (0),1,,13,cupy_copy__complex64_complex64
3894827067,87743,232459,1,1,1,32,32,1,30,0.000,0.000,,,,,NVIDIA A100-SXM4-40GB MIG 4g.20gb (0),1,,13,"void convert_kernel<__half2, float2>(tensor_layout_any, T1 *, tensor_layout_any, const T2 *)"
3894943354,5568,232462,,,,,,,,,,0.094,16827.521,Pinned,Device,NVIDIA A100-SXM4-40GB MIG 4g.20gb (0),1,,13,[CUDA memcpy Host-to-Device]
3894955065,602137,232463,,,,,,,,,,456.561,757891.990,Device,,NVIDIA A100-SXM4-40GB MIG 4g.20gb (0),1,,13,[CUDA memset]
3895563186,148158,232468,,,,,,,,,,1.235,8334.637,Pinned,Device,NVIDIA A100-SXM4-40GB MIG 4g.20gb (0),1,,13,[CUDA memcpy Host-to-Device]
3895722288,35520,232469,,,,,,,,,,0.197,5535.105,Pinned,Device,NVIDIA A100-SXM4-40GB MIG 4g.20gb (0),1,,13,[CUDA memcpy Host-to-Device]
3895768559,7968,232470,69,4,1,48,1,1,76,0.002,0.000,,,,,NVIDIA A100-SXM4-40GB MIG 4g.20gb (0),1,,13,"void ch_est::windowedChEstPreNoDftSOfdmKernel<float, __half, float, (unsigned int)2, (unsigned int)1, (unsigned short)4>(ch_est::puschRxChEstStatDescr_t *, ch_est::puschRxChEstDynDescr_t *)"
3895783247,6464,232471,137,2,1,24,2,1,44,0.001,0.001,,,,,NVIDIA A100-SXM4-40GB MIG 4g.20gb (0),1,,13,"void ch_est::chEstFilterNoDftSOfdmDispatchKernel<float, __half, float, (unsigned int)2>(ch_est::puschRxChEstStatDescr_t *, ch_est::puschRxChEstDynDescr_t *)"
3895791887,4960,232472,137,2,1,24,2,1,44,0.001,0.001,,,,,NVIDIA A100-SXM4-40GB MIG 4g.20gb (0),1,,13,"void ch_est::chEstFilterNoDftSOfdmDispatchKernel<float, __half, float, (unsigned int)2>(ch_est::puschRxChEstStatDescr_t *, ch_est::puschRxChEstDynDescr_t *)"
3895802351,2784,232483,103,1,1,128,1,1,16,0.000,0.000,,,,,NVIDIA A100-SXM4-40GB MIG 4g.20gb (0),1,,13,cupy_copy__complex64_complex64
3895810991,13184,232493,1434,1,1,128,1,1,16,0.000,0.000,,,,,NVIDIA A100-SXM4-40GB MIG 4g.20gb (0),1,,13,cupy_copy__complex64_complex64
3895827471,2400,232500,103,1,1,128,1,1,16,0.000,0.000,,,,,NVIDIA A100-SXM4-40GB MIG 4g.20gb (0),1,,13,cupy_copy__complex64_complex64
3895835887,93086,232507,1,1,1,32,32,1,30,0.000,0.000,,,,,NVIDIA A100-SXM4-40GB MIG 4g.20gb (0),1,,13,"void convert_kernel<__half2, float2>(tensor_layout_any, T1 *, tensor_layout_any, const T2 *)"
3895955853,5760,232510,,,,,,,,,,0.094,16266.656,Pinned,Device,NVIDIA A100-SXM4-40GB MIG 4g.20gb (0),1,,13,[CUDA memcpy Host-to-Device]
3895969869,46431,232511,,,,,,,,,,35.810,771238.247,Device,,NVIDIA A100-SXM4-40GB MIG 4g.20gb (0),1,,13,[CUDA memset]
3896021612,4160,232513,,,,,,,,,,0.000,19.231,Pinned,Device,NVIDIA A100-SXM4-40GB MIG 4g.20gb (0),1,,13,[CUDA memcpy Host-to-Device]
3896030188,11968,232514,,,,,,,,,,0.197,16427.778,Pinned,Device,NVIDIA A100-SXM4-40GB MIG 4g.20gb (0),1,,13,[CUDA memcpy Host-to-Device]
3896050380,11936,232515,273,1,1,48,1,1,40,0.000,0.001,,,,,NVIDIA A100-SXM4-40GB MIG 4g.20gb (0),1,,13,"void pusch_noise_intf_est::noiseIntfEstNoDftSOfdmKernel<float, __half, float, float, (unsigned int)2, (unsigned int)1, (unsigned char)4, (unsigned char)4>(pusch_noise_intf_est::puschRxNoiseIntfEstDynDescr)"
3896065580,2912,232526,35,1,1,128,1,1,16,0.000,0.000,,,,,NVIDIA A100-SXM4-40GB MIG 4g.20gb (0),1,,13,cupy_copy__complex64_complex64
3896076972,2016,232535,1,1,1,1,1,1,18,0.000,0.000,,,,,NVIDIA A100-SXM4-40GB MIG 4g.20gb (0),1,,13,cupy_copy__float32_float32
3896107051,1600,232541,,,,,,,,,,0.000,2.500,Device,Pageable,NVIDIA A100-SXM4-40GB MIG 4g.20gb (0),1,,7,[CUDA memcpy Device-to-Host]
3896168490,12800,232552,1434,1,1,128,1,1,16,0.000,0.000,,,,,NVIDIA A100-SXM4-40GB MIG 4g.20gb (0),1,,13,cupy_copy__complex64_complex64
3896192810,2752,232559,103,1,1,128,1,1,16,0.000,0.000,,,,,NVIDIA A100-SXM4-40GB MIG 4g.20gb (0),1,,13,cupy_copy__complex64_complex64
3896217578,2304,232566,35,1,1,128,1,1,16,0.000,0.000,,,,,NVIDIA A100-SXM4-40GB MIG 4g.20gb (0),1,,13,cupy_copy__complex64_complex64
3896236458,1952,232573,1,1,1,1,1,1,18,0.000,0.000,,,,,NVIDIA A100-SXM4-40GB MIG 4g.20gb (0),1,,13,cupy_copy__float32_float32
3896367880,88735,232584,1,1,1,32,32,1,30,0.000,0.000,,,,,NVIDIA A100-SXM4-40GB MIG 4g.20gb (0),1,,13,"void convert_kernel<__half2, float2>(tensor_layout_any, T1 *, tensor_layout_any, const T2 *)"
3896484359,6176,232587,,,,,,,,,,0.094,15170.975,Pinned,Device,NVIDIA A100-SXM4-40GB MIG 4g.20gb (0),1,,13,[CUDA memcpy Host-to-Device]
3896498662,3296,232588,,,,,,,,,,1.547,469242.628,Device,,NVIDIA A100-SXM4-40GB MIG 4g.20gb (0),1,,13,[CUDA memset]
3896505446,3168,232593,,,,,,,,,,0.031,9878.770,Pinned,Device,NVIDIA A100-SXM4-40GB MIG 4g.20gb (0),1,,13,[CUDA memcpy Host-to-Device]
3896511206,9568,232594,,,,,,,,,,0.197,20548.485,Pinned,Device,NVIDIA A100-SXM4-40GB MIG 4g.20gb (0),1,,13,[CUDA memcpy Host-to-Device]
3896526822,6304,232595,273,1,1,8,4,1,39,0.002,0.000,,,,,NVIDIA A100-SXM4-40GB MIG 4g.20gb (0),1,,13,"void channel_eq::eqMmseCoefCompLowMimoKernel<float, float, float, (unsigned int)4, (unsigned int)1, (unsigned int)4>(const channel_eq::_puschRxChEqStatDescr *, channel_eq::_puschRxChEqCoefCompDynDescr)"
3896534246,6304,232596,273,1,1,12,11,1,51,0.002,0.000,,,,,NVIDIA A100-SXM4-40GB MIG 4g.20gb (0),1,,13,"void channel_eq::eqMmseSoftDemapKernel<float, __half, __half, float, (unsigned int)4, (unsigned short)16383>(channel_eq::_puschRxChEqStatDescr *, channel_eq::_puschRxChEqSoftDemapDynDescr)"
3896542150,282652,232597,1,1,1,32,32,1,30,0.000,0.000,,,,,NVIDIA A100-SXM4-40GB MIG 4g.20gb (0),1,,13,"void convert_kernel<float2, __half2>(tensor_layout_any, T1 *, tensor_layout_any, const T2 *)"
3896826562,10848,232609,2253,1,1,128,1,1,16,0.000,0.000,,,,,NVIDIA A100-SXM4-40GB MIG 4g.20gb (0),1,,13,cupy_copy__float16_float16
3896840322,3584,232618,282,1,1,128,1,1,16,0.000,0.000,,,,,NVIDIA A100-SXM4-40GB MIG 4g.20gb (0),1,,13,cupy_copy__complex64_complex64
3896845026,2240,232627,26,1,1,128,1,1,16,0.000,0.000,,,,,NVIDIA A100-SXM4-40GB MIG 4g.20gb (0),1,,13,cupy_copy__float32_float32
3896849474,3424,232636,103,1,1,128,1,1,16,0.000,0.000,,,,,NVIDIA A100-SXM4-40GB MIG 4g.20gb (0),1,,13,cupy_copy__complex64_complex64
3896855138,12128,232646,1434,1,1,128,1,1,16,0.000,0.000,,,,,NVIDIA A100-SXM4-40GB MIG 4g.20gb (0),1,,13,cupy_copy__complex64_complex64
3896872258,82335,232651,1,1,1,32,32,1,30,0.000,0.000,,,,,NVIDIA A100-SXM4-40GB MIG 4g.20gb (0),1,,13,"void convert_kernel<__half2, float2>(tensor_layout_any, T1 *, tensor_layout_any, const T2 *)"
3896981632,6272,232654,,,,,,,,,,0.094,14938.703,Pinned,Device,NVIDIA A100-SXM4-40GB MIG 4g.20gb (0),1,,13,[CUDA memcpy Host-to-Device]
3896992064,597977,232655,,,,,,,,,,456.561,763370.728,Device,,NVIDIA A100-SXM4-40GB MIG 4g.20gb (0),1,,13,[CUDA memset]
3897601497,161470,232660,,,,,,,,,,1.235,7648.008,Pinned,Device,NVIDIA A100-SXM4-40GB MIG 4g.20gb (0),1,,13,[CUDA memcpy Host-to-Device]
3897774135,38687,232661,,,,,,,,,,0.197,5081.924,Pinned,Device,NVIDIA A100-SXM4-40GB MIG 4g.20gb (0),1,,13,[CUDA memcpy Host-to-Device]
3897836566,7968,232662,69,4,1,48,1,1,76,0.002,0.000,,,,,NVIDIA A100-SXM4-40GB MIG 4g.20gb (0),1,,13,"void ch_est::windowedChEstPreNoDftSOfdmKernel<float, __half, float, (unsigned int)2, (unsigned int)1, (unsigned short)4>(ch_est::puschRxChEstStatDescr_t *, ch_est::puschRxChEstDynDescr_t *)"
3897856086,6656,232663,137,2,1,24,2,1,44,0.001,0.001,,,,,NVIDIA A100-SXM4-40GB MIG 4g.20gb (0),1,,13,"void ch_est::chEstFilterNoDftSOfdmDispatchKernel<float, __half, float, (unsigned int)2>(ch_est::puschRxChEstStatDescr_t *, ch_est::puschRxChEstDynDescr_t *)"
3897874197,4800,232664,137,2,1,24,2,1,44,0.001,0.001,,,,,NVIDIA A100-SXM4-40GB MIG 4g.20gb (0),1,,13,"void ch_est::chEstFilterNoDftSOfdmDispatchKernel<float, __half, float, (unsigned int)2>(ch_est::puschRxChEstStatDescr_t *, ch_est::puschRxChEstDynDescr_t *)"
3897891413,2688,232675,103,1,1,128,1,1,16,0.000,0.000,,,,,NVIDIA A100-SXM4-40GB MIG 4g.20gb (0),1,,13,cupy_copy__complex64_complex64
3897907989,12512,232685,1434,1,1,128,1,1,16,0.000,0.000,,,,,NVIDIA A100-SXM4-40GB MIG 4g.20gb (0),1,,13,cupy_copy__complex64_complex64
3897930037,2528,232692,103,1,1,128,1,1,16,0.000,0.000,,,,,NVIDIA A100-SXM4-40GB MIG 4g.20gb (0),1,,13,cupy_copy__complex64_complex64
3897950356,96575,232699,1,1,1,32,32,1,30,0.000,0.000,,,,,NVIDIA A100-SXM4-40GB MIG 4g.20gb (0),1,,13,"void convert_kernel<__half2, float2>(tensor_layout_any, T1 *, tensor_layout_any, const T2 *)"
3898078099,12768,232702,,,,,,,,,,0.094,7338.271,Pinned,Device,NVIDIA A100-SXM4-40GB MIG 4g.20gb (0),1,,13,[CUDA memcpy Host-to-Device]
3898096467,47135,232703,,,,,,,,,,35.810,759707.453,Device,,NVIDIA A100-SXM4-40GB MIG 4g.20gb (0),1,,13,[CUDA memset]
3898151506,4032,232705,,,,,,,,,,0.000,19.841,Pinned,Device,NVIDIA A100-SXM4-40GB MIG 4g.20gb (0),1,,13,[CUDA memcpy Host-to-Device]
3898162642,20704,232706,,,,,,,,,,0.197,9495.970,Pinned,Device,NVIDIA A100-SXM4-40GB MIG 4g.20gb (0),1,,13,[CUDA memcpy Host-to-Device]
3898193041,12832,232707,273,1,1,48,1,1,40,0.000,0.001,,,,,NVIDIA A100-SXM4-40GB MIG 4g.20gb (0),1,,13,"void pusch_noise_intf_est::noiseIntfEstNoDftSOfdmKernel<float, __half, float, float, (unsigned int)2, (unsigned int)1, (unsigned char)4, (unsigned char)4>(pusch_noise_intf_est::puschRxNoiseIntfEstDynDescr)"
3898209009,3136,232718,35,1,1,128,1,1,16,0.000,0.000,,,,,NVIDIA A100-SXM4-40GB MIG 4g.20gb (0),1,,13,cupy_copy__complex64_complex64
3898218161,1984,232727,1,1,1,1,1,1,18,0.000,0.000,,,,,NVIDIA A100-SXM4-40GB MIG 4g.20gb (0),1,,13,cupy_copy__float32_float32
3898225969,7040,232733,,,,,,,,,,0.000,0.568,Device,Pageable,NVIDIA A100-SXM4-40GB MIG 4g.20gb (0),1,,7,[CUDA memcpy Device-to-Host]
3898300432,13248,232744,1434,1,1,128,1,1,16,0.000,0.000,,,,,NVIDIA A100-SXM4-40GB MIG 4g.20gb (0),1,,13,cupy_copy__complex64_complex64
3898332432,3616,232751,103,1,1,128,1,1,16,0.000,0.000,,,,,NVIDIA A100-SXM4-40GB MIG 4g.20gb (0),1,,13,cupy_copy__complex64_complex64
3898348752,2688,232758,35,1,1,128,1,1,16,0.000,0.000,,,,,NVIDIA A100-SXM4-40GB MIG 4g.20gb (0),1,,13,cupy_copy__complex64_complex64
3898367279,1920,232765,1,1,1,1,1,1,18,0.000,0.000,,,,,NVIDIA A100-SXM4-40GB MIG 4g.20gb (0),1,,13,cupy_copy__float32_float32
3898499438,82751,232776,1,1,1,32,32,1,30,0.000,0.000,,,,,NVIDIA A100-SXM4-40GB MIG 4g.20gb (0),1,,13,"void convert_kernel<__half2, float2>(tensor_layout_any, T1 *, tensor_layout_any, const T2 *)"
3898609932,5504,232779,,,,,,,,,,0.094,17023.251,Pinned,Device,NVIDIA A100-SXM4-40GB MIG 4g.20gb (0),1,,13,[CUDA memcpy Host-to-Device]
3898624140,3392,232780,,,,,,,,,,1.547,455961.768,Device,,NVIDIA A100-SXM4-40GB MIG 4g.20gb (0),1,,13,[CUDA memset]
3898630892,3520,232785,,,,,,,,,,0.031,8890.881,Pinned,Device,NVIDIA A100-SXM4-40GB MIG 4g.20gb (0),1,,13,[CUDA memcpy Host-to-Device]
3898637100,9376,232786,,,,,,,,,,0.197,20969.226,Pinned,Device,NVIDIA A100-SXM4-40GB MIG 4g.20gb (0),1,,13,[CUDA memcpy Host-to-Device]
3898652140,6016,232787,273,1,1,8,4,1,39,0.002,0.000,,,,,NVIDIA A100-SXM4-40GB MIG 4g.20gb (0),1,,13,"void channel_eq::eqMmseCoefCompLowMimoKernel<float, float, float, (unsigned int)4, (unsigned int)1, (unsigned int)4>(const channel_eq::_puschRxChEqStatDescr *, channel_eq::_puschRxChEqCoefCompDynDescr)"
3898659116,7872,232788,273,1,1,12,11,1,51,0.002,0.000,,,,,NVIDIA A100-SXM4-40GB MIG 4g.20gb (0),1,,13,"void channel_eq::eqMmseSoftDemapKernel<float, __half, __half, float, (unsigned int)4, (unsigned short)16383>(channel_eq::_puschRxChEqStatDescr *, channel_eq::_puschRxChEqSoftDemapDynDescr)"
3898667948,282268,232789,1,1,1,32,32,1,30,0.000,0.000,,,,,NVIDIA A100-SXM4-40GB MIG 4g.20gb (0),1,,13,"void convert_kernel<float2, __half2>(tensor_layout_any, T1 *, tensor_layout_any, const T2 *)"
3898952712,11040,232801,2253,1,1,128,1,1,16,0.000,0.000,,,,,NVIDIA A100-SXM4-40GB MIG 4g.20gb (0),1,,13,cupy_copy__float16_float16
3898964936,3104,232810,282,1,1,128,1,1,16,0.000,0.000,,,,,NVIDIA A100-SXM4-40GB MIG 4g.20gb (0),1,,13,cupy_copy__complex64_complex64
3898969544,2016,232819,26,1,1,128,1,1,16,0.000,0.000,,,,,NVIDIA A100-SXM4-40GB MIG 4g.20gb (0),1,,13,cupy_copy__float32_float32
3898973128,3008,232828,103,1,1,128,1,1,16,0.000,0.000,,,,,NVIDIA A100-SXM4-40GB MIG 4g.20gb (0),1,,13,cupy_copy__complex64_complex64
3899033575,12000,232844,1434,1,1,128,1,1,16,0.000,0.000,,,,,NVIDIA A100-SXM4-40GB MIG 4g.20gb (0),1,,13,cupy_copy__complex64_complex64
3899149510,82271,232849,1,1,1,32,32,1,30,0.000,0.000,,,,,NVIDIA A100-SXM4-40GB MIG 4g.20gb (0),1,,13,"void convert_kernel<__half2, float2>(tensor_layout_any, T1 *, tensor_layout_any, const T2 *)"
3899259492,5536,232852,,,,,,,,,,0.094,16924.777,Pinned,Device,NVIDIA A100-SXM4-40GB MIG 4g.20gb (0),1,,13,[CUDA memcpy Host-to-Device]
3899269604,598681,232853,,,,,,,,,,456.561,762457.605,Device,,NVIDIA A100-SXM4-40GB MIG 4g.20gb (0),1,,13,[CUDA memset]
3899877245,124414,232858,,,,,,,,,,1.235,9925.245,Pinned,Device,NVIDIA A100-SXM4-40GB MIG 4g.20gb (0),1,,13,[CUDA memcpy Host-to-Device]
3900015419,41119,232859,,,,,,,,,,0.197,4781.310,Pinned,Device,NVIDIA A100-SXM4-40GB MIG 4g.20gb (0),1,,13,[CUDA memcpy Host-to-Device]
3900090170,7680,232860,69,4,1,48,1,1,76,0.002,0.000,,,,,NVIDIA A100-SXM4-40GB MIG 4g.20gb (0),1,,13,"void ch_est::windowedChEstPreNoDftSOfdmKernel<float, __half, float, (unsigned int)2, (unsigned int)1, (unsigned short)4>(ch_est::puschRxChEstStatDescr_t *, ch_est::puschRxChEstDynDescr_t *)"
3900109402,6624,232861,137,2,1,24,2,1,44,0.001,0.001,,,,,NVIDIA A100-SXM4-40GB MIG 4g.20gb (0),1,,13,"void ch_est::chEstFilterNoDftSOfdmDispatchKernel<float, __half, float, (unsigned int)2>(ch_est::puschRxChEstStatDescr_t *, ch_est::puschRxChEstDynDescr_t *)"
3900126170,4736,232862,137,2,1,24,2,1,44,0.001,0.001,,,,,NVIDIA A100-SXM4-40GB MIG 4g.20gb (0),1,,13,"void ch_est::chEstFilterNoDftSOfdmDispatchKernel<float, __half, float, (unsigned int)2>(ch_est::puschRxChEstStatDescr_t *, ch_est::puschRxChEstDynDescr_t *)"
3900145561,2656,232873,103,1,1,128,1,1,16,0.000,0.000,,,,,NVIDIA A100-SXM4-40GB MIG 4g.20gb (0),1,,13,cupy_copy__complex64_complex64
3900162681,12416,232883,1434,1,1,128,1,1,16,0.000,0.000,,,,,NVIDIA A100-SXM4-40GB MIG 4g.20gb (0),1,,13,cupy_copy__complex64_complex64
3900182201,2944,232890,103,1,1,128,1,1,16,0.000,0.000,,,,,NVIDIA A100-SXM4-40GB MIG 4g.20gb (0),1,,13,cupy_copy__complex64_complex64
3900206233,87071,232897,1,1,1,32,32,1,30,0.000,0.000,,,,,NVIDIA A100-SXM4-40GB MIG 4g.20gb (0),1,,13,"void convert_kernel<__half2, float2>(tensor_layout_any, T1 *, tensor_layout_any, const T2 *)"
3900323447,17504,232900,,,,,,,,,,0.094,5352.759,Pinned,Device,NVIDIA A100-SXM4-40GB MIG 4g.20gb (0),1,,13,[CUDA memcpy Host-to-Device]
3900357687,47423,232901,,,,,,,,,,35.810,755087.973,Device,,NVIDIA A100-SXM4-40GB MIG 4g.20gb (0),1,,13,[CUDA memset]
3900406390,10144,232903,,,,,,,,,,0.000,7.886,Pinned,Device,NVIDIA A100-SXM4-40GB MIG 4g.20gb (0),1,,13,[CUDA memcpy Host-to-Device]
3900423862,18240,232904,,,,,,,,,,0.197,10778.837,Pinned,Device,NVIDIA A100-SXM4-40GB MIG 4g.20gb (0),1,,13,[CUDA memcpy Host-to-Device]
3900455317,10048,232905,273,1,1,48,1,1,40,0.000,0.001,,,,,NVIDIA A100-SXM4-40GB MIG 4g.20gb (0),1,,13,"void pusch_noise_intf_est::noiseIntfEstNoDftSOfdmKernel<float, __half, float, float, (unsigned int)2, (unsigned int)1, (unsigned char)4, (unsigned char)4>(pusch_noise_intf_est::puschRxNoiseIntfEstDynDescr)"
3900470869,3328,232916,35,1,1,128,1,1,16,0.000,0.000,,,,,NVIDIA A100-SXM4-40GB MIG 4g.20gb (0),1,,13,cupy_copy__complex64_complex64
3900480053,1792,232925,1,1,1,1,1,1,18,0.000,0.000,,,,,NVIDIA A100-SXM4-40GB MIG 4g.20gb (0),1,,13,cupy_copy__float32_float32
3900488565,4064,232931,,,,,,,,,,0.000,0.984,Device,Pageable,NVIDIA A100-SXM4-40GB MIG 4g.20gb (0),1,,7,[CUDA memcpy Device-to-Host]
3900566516,13120,232942,1434,1,1,128,1,1,16,0.000,0.000,,,,,NVIDIA A100-SXM4-40GB MIG 4g.20gb (0),1,,13,cupy_copy__complex64_complex64
3900600820,3008,232949,103,1,1,128,1,1,16,0.000,0.000,,,,,NVIDIA A100-SXM4-40GB MIG 4g.20gb (0),1,,13,cupy_copy__complex64_complex64
3900616820,2399,232956,35,1,1,128,1,1,16,0.000,0.000,,,,,NVIDIA A100-SXM4-40GB MIG 4g.20gb (0),1,,13,cupy_copy__complex64_complex64
3900631411,2208,232963,1,1,1,1,1,1,18,0.000,0.000,,,,,NVIDIA A100-SXM4-40GB MIG 4g.20gb (0),1,,13,cupy_copy__float32_float32
3900757522,81503,232974,1,1,1,32,32,1,30,0.000,0.000,,,,,NVIDIA A100-SXM4-40GB MIG 4g.20gb (0),1,,13,"void convert_kernel<__half2, float2>(tensor_layout_any, T1 *, tensor_layout_any, const T2 *)"
3900866576,5536,232977,,,,,,,,,,0.094,16924.777,Pinned,Device,NVIDIA A100-SXM4-40GB MIG 4g.20gb (0),1,,13,[CUDA memcpy Host-to-Device]
3900881936,3360,232978,,,,,,,,,,1.547,460304.688,Device,,NVIDIA A100-SXM4-40GB MIG 4g.20gb (0),1,,13,[CUDA memset]
3900887248,3296,232983,,,,,,,,,,0.031,9495.144,Pinned,Device,NVIDIA A100-SXM4-40GB MIG 4g.20gb (0),1,,13,[CUDA memcpy Host-to-Device]
3900893456,9984,232984,,,,,,,,,,0.197,19692.257,Pinned,Device,NVIDIA A100-SXM4-40GB MIG 4g.20gb (0),1,,13,[CUDA memcpy Host-to-Device]
3900909072,6656,232985,273,1,1,8,4,1,39,0.002,0.000,,,,,NVIDIA A100-SXM4-40GB MIG 4g.20gb (0),1,,13,"void channel_eq::eqMmseCoefCompLowMimoKernel<float, float, float, (unsigned int)4, (unsigned int)1, (unsigned int)4>(const channel_eq::_puschRxChEqStatDescr *, channel_eq::_puschRxChEqCoefCompDynDescr)"
3900918192,5952,232986,273,1,1,12,11,1,51,0.002,0.000,,,,,NVIDIA A100-SXM4-40GB MIG 4g.20gb (0),1,,13,"void channel_eq::eqMmseSoftDemapKernel<float, __half, __half, float, (unsigned int)4, (unsigned short)16383>(channel_eq::_puschRxChEqStatDescr *, channel_eq::_puschRxChEqSoftDemapDynDescr)"
3900925232,283036,232987,1,1,1,32,32,1,30,0.000,0.000,,,,,NVIDIA A100-SXM4-40GB MIG 4g.20gb (0),1,,13,"void convert_kernel<float2, __half2>(tensor_layout_any, T1 *, tensor_layout_any, const T2 *)"
3901209900,10912,232999,2253,1,1,128,1,1,16,0.000,0.000,,,,,NVIDIA A100-SXM4-40GB MIG 4g.20gb (0),1,,13,cupy_copy__float16_float16
3901225260,2656,233008,282,1,1,128,1,1,16,0.000,0.000,,,,,NVIDIA A100-SXM4-40GB MIG 4g.20gb (0),1,,13,cupy_copy__complex64_complex64
3901231180,2336,233017,26,1,1,128,1,1,16,0.000,0.000,,,,,NVIDIA A100-SXM4-40GB MIG 4g.20gb (0),1,,13,cupy_copy__float32_float32
3901234572,2912,233026,103,1,1,128,1,1,16,0.000,0.000,,,,,NVIDIA A100-SXM4-40GB MIG 4g.20gb (0),1,,13,cupy_copy__complex64_complex64
3901240300,11968,233036,1434,1,1,128,1,1,16,0.000,0.000,,,,,NVIDIA A100-SXM4-40GB MIG 4g.20gb (0),1,,13,cupy_copy__complex64_complex64
3901255884,86975,233041,1,1,1,32,32,1,30,0.000,0.000,,,,,NVIDIA A100-SXM4-40GB MIG 4g.20gb (0),1,,13,"void convert_kernel<__half2, float2>(tensor_layout_any, T1 *, tensor_layout_any, const T2 *)"
3901369930,5472,233044,,,,,,,,,,0.094,17122.757,Pinned,Device,NVIDIA A100-SXM4-40GB MIG 4g.20gb (0),1,,13,[CUDA memcpy Host-to-Device]
3901379914,599673,233045,,,,,,,,,,456.561,761087.920,Device,,NVIDIA A100-SXM4-40GB MIG 4g.20gb (0),1,,13,[CUDA memset]
3901988259,128382,233050,,,,,,,,,,1.235,9618.979,Pinned,Device,NVIDIA A100-SXM4-40GB MIG 4g.20gb (0),1,,13,[CUDA memcpy Host-to-Device]
3902125089,32703,233051,,,,,,,,,,0.197,6011.879,Pinned,Device,NVIDIA A100-SXM4-40GB MIG 4g.20gb (0),1,,13,[CUDA memcpy Host-to-Device]
3902181280,7936,233052,69,4,1,48,1,1,76,0.002,0.000,,,,,NVIDIA A100-SXM4-40GB MIG 4g.20gb (0),1,,13,"void ch_est::windowedChEstPreNoDftSOfdmKernel<float, __half, float, (unsigned int)2, (unsigned int)1, (unsigned short)4>(ch_est::puschRxChEstStatDescr_t *, ch_est::puschRxChEstDynDescr_t *)"
3902208544,6432,233053,137,2,1,24,2,1,44,0.001,0.001,,,,,NVIDIA A100-SXM4-40GB MIG 4g.20gb (0),1,,13,"void ch_est::chEstFilterNoDftSOfdmDispatchKernel<float, __half, float, (unsigned int)2>(ch_est::puschRxChEstStatDescr_t *, ch_est::puschRxChEstDynDescr_t *)"
3902224864,4672,233054,137,2,1,24,2,1,44,0.001,0.001,,,,,NVIDIA A100-SXM4-40GB MIG 4g.20gb (0),1,,13,"void ch_est::chEstFilterNoDftSOfdmDispatchKernel<float, __half, float, (unsigned int)2>(ch_est::puschRxChEstStatDescr_t *, ch_est::puschRxChEstDynDescr_t *)"
3902241695,2496,233065,103,1,1,128,1,1,16,0.000,0.000,,,,,NVIDIA A100-SXM4-40GB MIG 4g.20gb (0),1,,13,cupy_copy__complex64_complex64
3902257023,12832,233075,1434,1,1,128,1,1,16,0.000,0.000,,,,,NVIDIA A100-SXM4-40GB MIG 4g.20gb (0),1,,13,cupy_copy__complex64_complex64
3902288991,2496,233082,103,1,1,128,1,1,16,0.000,0.000,,,,,NVIDIA A100-SXM4-40GB MIG 4g.20gb (0),1,,13,cupy_copy__complex64_complex64
3902305599,86079,233089,1,1,1,32,32,1,30,0.000,0.000,,,,,NVIDIA A100-SXM4-40GB MIG 4g.20gb (0),1,,13,"void convert_kernel<__half2, float2>(tensor_layout_any, T1 *, tensor_layout_any, const T2 *)"
3902426045,25120,233092,,,,,,,,,,0.094,3729.850,Pinned,Device,NVIDIA A100-SXM4-40GB MIG 4g.20gb (0),1,,13,[CUDA memcpy Host-to-Device]
3902466077,47199,233093,,,,,,,,,,35.810,758668.965,Device,,NVIDIA A100-SXM4-40GB MIG 4g.20gb (0),1,,13,[CUDA memset]
3902520156,11040,233095,,,,,,,,,,0.000,7.246,Pinned,Device,NVIDIA A100-SXM4-40GB MIG 4g.20gb (0),1,,13,[CUDA memcpy Host-to-Device]
3902540284,34847,233096,,,,,,,,,,0.197,5641.863,Pinned,Device,NVIDIA A100-SXM4-40GB MIG 4g.20gb (0),1,,13,[CUDA memcpy Host-to-Device]
3902598395,10080,233097,273,1,1,48,1,1,40,0.000,0.001,,,,,NVIDIA A100-SXM4-40GB MIG 4g.20gb (0),1,,13,"void pusch_noise_intf_est::noiseIntfEstNoDftSOfdmKernel<float, __half, float, float, (unsigned int)2, (unsigned int)1, (unsigned char)4, (unsigned char)4>(pusch_noise_intf_est::puschRxNoiseIntfEstDynDescr)"
3902615195,2560,233108,35,1,1,128,1,1,16,0.000,0.000,,,,,NVIDIA A100-SXM4-40GB MIG 4g.20gb (0),1,,13,cupy_copy__complex64_complex64
3902631675,1664,233117,1,1,1,1,1,1,18,0.000,0.000,,,,,NVIDIA A100-SXM4-40GB MIG 4g.20gb (0),1,,13,cupy_copy__float32_float32
3902640666,5536,233123,,,,,,,,,,0.000,0.723,Device,Pageable,NVIDIA A100-SXM4-40GB MIG 4g.20gb (0),1,,7,[CUDA memcpy Device-to-Host]
3902730489,12672,233134,1434,1,1,128,1,1,16,0.000,0.000,,,,,NVIDIA A100-SXM4-40GB MIG 4g.20gb (0),1,,13,cupy_copy__complex64_complex64
3902751577,2848,233141,103,1,1,128,1,1,16,0.000,0.000,,,,,NVIDIA A100-SXM4-40GB MIG 4g.20gb (0),1,,13,cupy_copy__complex64_complex64
3902773081,2560,233148,35,1,1,128,1,1,16,0.000,0.000,,,,,NVIDIA A100-SXM4-40GB MIG 4g.20gb (0),1,,13,cupy_copy__complex64_complex64
3902786553,1952,233155,1,1,1,1,1,1,18,0.000,0.000,,,,,NVIDIA A100-SXM4-40GB MIG 4g.20gb (0),1,,13,cupy_copy__float32_float32
3902932759,86591,233166,1,1,1,32,32,1,30,0.000,0.000,,,,,NVIDIA A100-SXM4-40GB MIG 4g.20gb (0),1,,13,"void convert_kernel<__half2, float2>(tensor_layout_any, T1 *, tensor_layout_any, const T2 *)"
3903050517,12992,233169,,,,,,,,,,0.094,7211.781,Pinned,Device,NVIDIA A100-SXM4-40GB MIG 4g.20gb (0),1,,13,[CUDA memcpy Host-to-Device]
3903069077,3424,233170,,,,,,,,,,1.547,451700.819,Device,,NVIDIA A100-SXM4-40GB MIG 4g.20gb (0),1,,13,[CUDA memset]
3903077205,5056,233175,,,,,,,,,,0.031,6189.848,Pinned,Device,NVIDIA A100-SXM4-40GB MIG 4g.20gb (0),1,,13,[CUDA memcpy Host-to-Device]
3903085589,13824,233176,,,,,,,,,,0.197,14222.033,Pinned,Device,NVIDIA A100-SXM4-40GB MIG 4g.20gb (0),1,,13,[CUDA memcpy Host-to-Device]
3903106837,6784,233177,273,1,1,8,4,1,39,0.002,0.000,,,,,NVIDIA A100-SXM4-40GB MIG 4g.20gb (0),1,,13,"void channel_eq::eqMmseCoefCompLowMimoKernel<float, float, float, (unsigned int)4, (unsigned int)1, (unsigned int)4>(const channel_eq::_puschRxChEqStatDescr *, channel_eq::_puschRxChEqCoefCompDynDescr)"
3903116725,7999,233178,273,1,1,12,11,1,51,0.002,0.000,,,,,NVIDIA A100-SXM4-40GB MIG 4g.20gb (0),1,,13,"void channel_eq::eqMmseSoftDemapKernel<float, __half, __half, float, (unsigned int)4, (unsigned short)16383>(channel_eq::_puschRxChEqStatDescr *, channel_eq::_puschRxChEqSoftDemapDynDescr)"
3903128980,289949,233179,1,1,1,32,32,1,30,0.000,0.000,,,,,NVIDIA A100-SXM4-40GB MIG 4g.20gb (0),1,,13,"void convert_kernel<float2, __half2>(tensor_layout_any, T1 *, tensor_layout_any, const T2 *)"
3903419889,10944,233191,2253,1,1,128,1,1,16,0.000,0.000,,,,,NVIDIA A100-SXM4-40GB MIG 4g.20gb (0),1,,13,cupy_copy__float16_float16
3903434737,3680,233200,282,1,1,128,1,1,16,0.000,0.000,,,,,NVIDIA A100-SXM4-40GB MIG 4g.20gb (0),1,,13,cupy_copy__complex64_complex64
3903440497,2560,233209,26,1,1,128,1,1,16,0.000,0.000,,,,,NVIDIA A100-SXM4-40GB MIG 4g.20gb (0),1,,13,cupy_copy__float32_float32
3903444689,2912,233218,103,1,1,128,1,1,16,0.000,0.000,,,,,NVIDIA A100-SXM4-40GB MIG 4g.20gb (0),1,,13,cupy_copy__complex64_complex64
3903448688,12032,233228,1434,1,1,128,1,1,16,0.000,0.000,,,,,NVIDIA A100-SXM4-40GB MIG 4g.20gb (0),1,,13,cupy_copy__complex64_complex64
3903465072,87263,233233,1,1,1,32,32,1,30,0.000,0.000,,,,,NVIDIA A100-SXM4-40GB MIG 4g.20gb (0),1,,13,"void convert_kernel<__half2, float2>(tensor_layout_any, T1 *, tensor_layout_any, const T2 *)"
3903579631,5536,233236,,,,,,,,,,0.094,16924.777,Pinned,Device,NVIDIA A100-SXM4-40GB MIG 4g.20gb (0),1,,13,[CUDA memcpy Host-to-Device]
3903589967,598936,233237,,,,,,,,,,456.561,762001.043,Device,,NVIDIA A100-SXM4-40GB MIG 4g.20gb (0),1,,13,[CUDA memset]
3904194055,112671,233242,,,,,,,,,,1.235,10960.128,Pinned,Device,NVIDIA A100-SXM4-40GB MIG 4g.20gb (0),1,,13,[CUDA memcpy Host-to-Device]
3904314758,30079,233243,,,,,,,,,,0.197,6536.233,Pinned,Device,NVIDIA A100-SXM4-40GB MIG 4g.20gb (0),1,,13,[CUDA memcpy Host-to-Device]
3904372517,8480,233244,69,4,1,48,1,1,76,0.002,0.000,,,,,NVIDIA A100-SXM4-40GB MIG 4g.20gb (0),1,,13,"void ch_est::windowedChEstPreNoDftSOfdmKernel<float, __half, float, (unsigned int)2, (unsigned int)1, (unsigned short)4>(ch_est::puschRxChEstStatDescr_t *, ch_est::puschRxChEstDynDescr_t *)"
3904388965,6592,233245,137,2,1,24,2,1,44,0.001,0.001,,,,,NVIDIA A100-SXM4-40GB MIG 4g.20gb (0),1,,13,"void ch_est::chEstFilterNoDftSOfdmDispatchKernel<float, __half, float, (unsigned int)2>(ch_est::puschRxChEstStatDescr_t *, ch_est::puschRxChEstDynDescr_t *)"
3904401861,4768,233246,137,2,1,24,2,1,44,0.001,0.001,,,,,NVIDIA A100-SXM4-40GB MIG 4g.20gb (0),1,,13,"void ch_est::chEstFilterNoDftSOfdmDispatchKernel<float, __half, float, (unsigned int)2>(ch_est::puschRxChEstStatDescr_t *, ch_est::puschRxChEstDynDescr_t *)"
3904417509,2751,233257,103,1,1,128,1,1,16,0.000,0.000,,,,,NVIDIA A100-SXM4-40GB MIG 4g.20gb (0),1,,13,cupy_copy__complex64_complex64
3904430948,12608,233267,1434,1,1,128,1,1,16,0.000,0.000,,,,,NVIDIA A100-SXM4-40GB MIG 4g.20gb (0),1,,13,cupy_copy__complex64_complex64
3904446244,2912,233274,103,1,1,128,1,1,16,0.000,0.000,,,,,NVIDIA A100-SXM4-40GB MIG 4g.20gb (0),1,,13,cupy_copy__complex64_complex64
3904468804,82047,233281,1,1,1,32,32,1,30,0.000,0.000,,,,,NVIDIA A100-SXM4-40GB MIG 4g.20gb (0),1,,13,"void convert_kernel<__half2, float2>(tensor_layout_any, T1 *, tensor_layout_any, const T2 *)"
3904582882,19232,233284,,,,,,,,,,0.094,4871.817,Pinned,Device,NVIDIA A100-SXM4-40GB MIG 4g.20gb (0),1,,13,[CUDA memcpy Host-to-Device]
3904615906,47391,233285,,,,,,,,,,35.810,755625.122,Device,,NVIDIA A100-SXM4-40GB MIG 4g.20gb (0),1,,13,[CUDA memset]
3904674433,9536,233287,,,,,,,,,,0.000,8.389,Pinned,Device,NVIDIA A100-SXM4-40GB MIG 4g.20gb (0),1,,13,[CUDA memcpy Host-to-Device]
3904693377,20704,233288,,,,,,,,,,0.197,9495.970,Pinned,Device,NVIDIA A100-SXM4-40GB MIG 4g.20gb (0),1,,13,[CUDA memcpy Host-to-Device]
3904730273,9120,233289,273,1,1,48,1,1,40,0.000,0.001,,,,,NVIDIA A100-SXM4-40GB MIG 4g.20gb (0),1,,13,"void pusch_noise_intf_est::noiseIntfEstNoDftSOfdmKernel<float, __half, float, float, (unsigned int)2, (unsigned int)1, (unsigned char)4, (unsigned char)4>(pusch_noise_intf_est::puschRxNoiseIntfEstDynDescr)"
3904746784,2688,233300,35,1,1,128,1,1,16,0.000,0.000,,,,,NVIDIA A100-SXM4-40GB MIG 4g.20gb (0),1,,13,cupy_copy__complex64_complex64
3904759584,1728,233309,1,1,1,1,1,1,18,0.000,0.000,,,,,NVIDIA A100-SXM4-40GB MIG 4g.20gb (0),1,,13,cupy_copy__float32_float32
3904768832,6752,233315,,,,,,,,,,0.000,0.592,Device,Pageable,NVIDIA A100-SXM4-40GB MIG 4g.20gb (0),1,,7,[CUDA memcpy Device-to-Host]
3904850143,13504,233326,1434,1,1,128,1,1,16,0.000,0.000,,,,,NVIDIA A100-SXM4-40GB MIG 4g.20gb (0),1,,13,cupy_copy__complex64_complex64
3904883839,3360,233333,103,1,1,128,1,1,16,0.000,0.000,,,,,NVIDIA A100-SXM4-40GB MIG 4g.20gb (0),1,,13,cupy_copy__complex64_complex64
3904903391,2559,233340,35,1,1,128,1,1,16,0.000,0.000,,,,,NVIDIA A100-SXM4-40GB MIG 4g.20gb (0),1,,13,cupy_copy__complex64_complex64
3904907614,1728,233347,1,1,1,1,1,1,18,0.000,0.000,,,,,NVIDIA A100-SXM4-40GB MIG 4g.20gb (0),1,,13,cupy_copy__float32_float32
3905043709,87487,233358,1,1,1,32,32,1,30,0.000,0.000,,,,,NVIDIA A100-SXM4-40GB MIG 4g.20gb (0),1,,13,"void convert_kernel<__half2, float2>(tensor_layout_any, T1 *, tensor_layout_any, const T2 *)"
3905160155,6752,233361,,,,,,,,,,0.094,13876.752,Pinned,Device,NVIDIA A100-SXM4-40GB MIG 4g.20gb (0),1,,13,[CUDA memcpy Host-to-Device]
3905177531,3520,233362,,,,,,,,,,1.547,439380.412,Device,,NVIDIA A100-SXM4-40GB MIG 4g.20gb (0),1,,13,[CUDA memset]
3905181883,3040,233367,,,,,,,,,,0.031,10294.725,Pinned,Device,NVIDIA A100-SXM4-40GB MIG 4g.20gb (0),1,,13,[CUDA memcpy Host-to-Device]
3905188699,10368,233368,,,,,,,,,,0.197,18962.842,Pinned,Device,NVIDIA A100-SXM4-40GB MIG 4g.20gb (0),1,,13,[CUDA memcpy Host-to-Device]
3905207099,6400,233369,273,1,1,8,4,1,39,0.002,0.000,,,,,NVIDIA A100-SXM4-40GB MIG 4g.20gb (0),1,,13,"void channel_eq::eqMmseCoefCompLowMimoKernel<float, float, float, (unsigned int)4, (unsigned int)1, (unsigned int)4>(const channel_eq::_puschRxChEqStatDescr *, channel_eq::_puschRxChEqCoefCompDynDescr)"
3905215419,6464,233370,273,1,1,12,11,1,51,0.002,0.000,,,,,NVIDIA A100-SXM4-40GB MIG 4g.20gb (0),1,,13,"void channel_eq::eqMmseSoftDemapKernel<float, __half, __half, float, (unsigned int)4, (unsigned short)16383>(channel_eq::_puschRxChEqStatDescr *, channel_eq::_puschRxChEqSoftDemapDynDescr)"
3905223419,282876,233371,1,1,1,32,32,1,30,0.000,0.000,,,,,NVIDIA A100-SXM4-40GB MIG 4g.20gb (0),1,,13,"void convert_kernel<float2, __half2>(tensor_layout_any, T1 *, tensor_layout_any, const T2 *)"
3905507255,10976,233383,2253,1,1,128,1,1,16,0.000,0.000,,,,,NVIDIA A100-SXM4-40GB MIG 4g.20gb (0),1,,13,cupy_copy__float16_float16
3905521591,3456,233392,282,1,1,128,1,1,16,0.000,0.000,,,,,NVIDIA A100-SXM4-40GB MIG 4g.20gb (0),1,,13,cupy_copy__complex64_complex64
3905529175,2592,233401,26,1,1,128,1,1,16,0.000,0.000,,,,,NVIDIA A100-SXM4-40GB MIG 4g.20gb (0),1,,13,cupy_copy__float32_float32
3905535575,3104,233410,103,1,1,128,1,1,16,0.000,0.000,,,,,NVIDIA A100-SXM4-40GB MIG 4g.20gb (0),1,,13,cupy_copy__complex64_complex64
3905540375,12095,233420,1434,1,1,128,1,1,16,0.000,0.000,,,,,NVIDIA A100-SXM4-40GB MIG 4g.20gb (0),1,,13,cupy_copy__complex64_complex64
3905554742,87167,233425,1,1,1,32,32,1,30,0.000,0.000,,,,,NVIDIA A100-SXM4-40GB MIG 4g.20gb (0),1,,13,"void convert_kernel<__half2, float2>(tensor_layout_any, T1 *, tensor_layout_any, const T2 *)"
3905668821,5792,233428,,,,,,,,,,0.094,16176.708,Pinned,Device,NVIDIA A100-SXM4-40GB MIG 4g.20gb (0),1,,13,[CUDA memcpy Host-to-Device]
3905678389,598393,233429,,,,,,,,,,456.561,762914.166,Device,,NVIDIA A100-SXM4-40GB MIG 4g.20gb (0),1,,13,[CUDA memset]
3906281965,126815,233434,,,,,,,,,,1.235,9737.533,Pinned,Device,NVIDIA A100-SXM4-40GB MIG 4g.20gb (0),1,,13,[CUDA memcpy Host-to-Device]
3906421868,38047,233435,,,,,,,,,,0.197,5167.448,Pinned,Device,NVIDIA A100-SXM4-40GB MIG 4g.20gb (0),1,,13,[CUDA memcpy Host-to-Device]
3906484651,8096,233436,69,4,1,48,1,1,76,0.002,0.000,,,,,NVIDIA A100-SXM4-40GB MIG 4g.20gb (0),1,,13,"void ch_est::windowedChEstPreNoDftSOfdmKernel<float, __half, float, (unsigned int)2, (unsigned int)1, (unsigned short)4>(ch_est::puschRxChEstStatDescr_t *, ch_est::puschRxChEstDynDescr_t *)"
3906497515,6592,233437,137,2,1,24,2,1,44,0.001,0.001,,,,,NVIDIA A100-SXM4-40GB MIG 4g.20gb (0),1,,13,"void ch_est::chEstFilterNoDftSOfdmDispatchKernel<float, __half, float, (unsigned int)2>(ch_est::puschRxChEstStatDescr_t *, ch_est::puschRxChEstDynDescr_t *)"
3906514667,5024,233438,137,2,1,24,2,1,44,0.001,0.001,,,,,NVIDIA A100-SXM4-40GB MIG 4g.20gb (0),1,,13,"void ch_est::chEstFilterNoDftSOfdmDispatchKernel<float, __half, float, (unsigned int)2>(ch_est::puschRxChEstStatDescr_t *, ch_est::puschRxChEstDynDescr_t *)"
3906525162,2656,233449,103,1,1,128,1,1,16,0.000,0.000,,,,,NVIDIA A100-SXM4-40GB MIG 4g.20gb (0),1,,13,cupy_copy__complex64_complex64
3906537802,12512,233459,1434,1,1,128,1,1,16,0.000,0.000,,,,,NVIDIA A100-SXM4-40GB MIG 4g.20gb (0),1,,13,cupy_copy__complex64_complex64
3906559818,2528,233466,103,1,1,128,1,1,16,0.000,0.000,,,,,NVIDIA A100-SXM4-40GB MIG 4g.20gb (0),1,,13,cupy_copy__complex64_complex64
3906570314,88671,233473,1,1,1,32,32,1,30,0.000,0.000,,,,,NVIDIA A100-SXM4-40GB MIG 4g.20gb (0),1,,13,"void convert_kernel<__half2, float2>(tensor_layout_any, T1 *, tensor_layout_any, const T2 *)"
3906690888,13408,233476,,,,,,,,,,0.094,6988.035,Pinned,Device,NVIDIA A100-SXM4-40GB MIG 4g.20gb (0),1,,13,[CUDA memcpy Host-to-Device]
3906709928,47456,233477,,,,,,,,,,35.810,754586.634,Device,,NVIDIA A100-SXM4-40GB MIG 4g.20gb (0),1,,13,[CUDA memset]
3906758824,7519,233479,,,,,,,,,,0.000,10.640,Pinned,Device,NVIDIA A100-SXM4-40GB MIG 4g.20gb (0),1,,13,[CUDA memcpy Host-to-Device]
3906772327,24480,233480,,,,,,,,,,0.197,8031.240,Pinned,Device,NVIDIA A100-SXM4-40GB MIG 4g.20gb (0),1,,13,[CUDA memcpy Host-to-Device]
3906816391,9824,233481,273,1,1,48,1,1,40,0.000,0.001,,,,,NVIDIA A100-SXM4-40GB MIG 4g.20gb (0),1,,13,"void pusch_noise_intf_est::noiseIntfEstNoDftSOfdmKernel<float, __half, float, float, (unsigned int)2, (unsigned int)1, (unsigned char)4, (unsigned char)4>(pusch_noise_intf_est::puschRxNoiseIntfEstDynDescr)"
3906834247,2624,233492,35,1,1,128,1,1,16,0.000,0.000,,,,,NVIDIA A100-SXM4-40GB MIG 4g.20gb (0),1,,13,cupy_copy__complex64_complex64
3906846118,1952,233501,1,1,1,1,1,1,18,0.000,0.000,,,,,NVIDIA A100-SXM4-40GB MIG 4g.20gb (0),1,,13,cupy_copy__float32_float32
3906853830,7232,233507,,,,,,,,,,0.000,0.553,Device,Pageable,NVIDIA A100-SXM4-40GB MIG 4g.20gb (0),1,,7,[CUDA memcpy Device-to-Host]
3906935749,12672,233518,1434,1,1,128,1,1,16,0.000,0.000,,,,,NVIDIA A100-SXM4-40GB MIG 4g.20gb (0),1,,13,cupy_copy__complex64_complex64
3906963013,2848,233525,103,1,1,128,1,1,16,0.000,0.000,,,,,NVIDIA A100-SXM4-40GB MIG 4g.20gb (0),1,,13,cupy_copy__complex64_complex64
3906979653,2816,233532,35,1,1,128,1,1,16,0.000,0.000,,,,,NVIDIA A100-SXM4-40GB MIG 4g.20gb (0),1,,13,cupy_copy__complex64_complex64
3907003461,1792,233539,1,1,1,1,1,1,18,0.000,0.000,,,,,NVIDIA A100-SXM4-40GB MIG 4g.20gb (0),1,,13,cupy_copy__float32_float32
3907126659,83551,233550,1,1,1,32,32,1,30,0.000,0.000,,,,,NVIDIA A100-SXM4-40GB MIG 4g.20gb (0),1,,13,"void convert_kernel<__half2, float2>(tensor_layout_any, T1 *, tensor_layout_any, const T2 *)"
3907237730,5792,233553,,,,,,,,,,0.094,16176.708,Pinned,Device,NVIDIA A100-SXM4-40GB MIG 4g.20gb (0),1,,13,[CUDA memcpy Host-to-Device]
3907251713,3232,233554,,,,,,,,,,1.547,478533.199,Device,,NVIDIA A100-SXM4-40GB MIG 4g.20gb (0),1,,13,[CUDA memset]
3907258369,3072,233559,,,,,,,,,,0.031,10187.474,Pinned,Device,NVIDIA A100-SXM4-40GB MIG 4g.20gb (0),1,,13,[CUDA memcpy Host-to-Device]
3907264545,9792,233560,,,,,,,,,,0.197,20078.395,Pinned,Device,NVIDIA A100-SXM4-40GB MIG 4g.20gb (0),1,,13,[CUDA memcpy Host-to-Device]
3907278977,6144,233561,273,1,1,8,4,1,39,0.002,0.000,,,,,NVIDIA A100-SXM4-40GB MIG 4g.20gb (0),1,,13,"void channel_eq::eqMmseCoefCompLowMimoKernel<float, float, float, (unsigned int)4, (unsigned int)1, (unsigned int)4>(const channel_eq::_puschRxChEqStatDescr *, channel_eq::_puschRxChEqCoefCompDynDescr)"
3907286177,5984,233562,273,1,1,12,11,1,51,0.002,0.000,,,,,NVIDIA A100-SXM4-40GB MIG 4g.20gb (0),1,,13,"void channel_eq::eqMmseSoftDemapKernel<float, __half, __half, float, (unsigned int)4, (unsigned short)16383>(channel_eq::_puschRxChEqStatDescr *, channel_eq::_puschRxChEqSoftDemapDynDescr)"
3907293729,294748,233563,1,1,1,32,32,1,30,0.000,0.000,,,,,NVIDIA A100-SXM4-40GB MIG 4g.20gb (0),1,,13,"void convert_kernel<float2, __half2>(tensor_layout_any, T1 *, tensor_layout_any, const T2 *)"
3907591549,11072,233575,2253,1,1,128,1,1,16,0.000,0.000,,,,,NVIDIA A100-SXM4-40GB MIG 4g.20gb (0),1,,13,cupy_copy__float16_float16
3907603933,2880,233584,282,1,1,128,1,1,16,0.000,0.000,,,,,NVIDIA A100-SXM4-40GB MIG 4g.20gb (0),1,,13,cupy_copy__complex64_complex64
3907608381,2368,233593,26,1,1,128,1,1,16,0.000,0.000,,,,,NVIDIA A100-SXM4-40GB MIG 4g.20gb (0),1,,13,cupy_copy__float32_float32
3907613085,3168,233602,103,1,1,128,1,1,16,0.000,0.000,,,,,NVIDIA A100-SXM4-40GB MIG 4g.20gb (0),1,,13,cupy_copy__complex64_complex64
3907617565,12000,233612,1434,1,1,128,1,1,16,0.000,0.000,,,,,NVIDIA A100-SXM4-40GB MIG 4g.20gb (0),1,,13,cupy_copy__complex64_complex64
3907631741,88255,233617,1,1,1,32,32,1,30,0.000,0.000,,,,,NVIDIA A100-SXM4-40GB MIG 4g.20gb (0),1,,13,"void convert_kernel<__half2, float2>(tensor_layout_any, T1 *, tensor_layout_any, const T2 *)"
3907746875,5568,233620,,,,,,,,,,0.094,16827.521,Pinned,Device,NVIDIA A100-SXM4-40GB MIG 4g.20gb (0),1,,13,[CUDA memcpy Host-to-Device]
3907757371,597401,233621,,,,,,,,,,456.561,763827.289,Device,,NVIDIA A100-SXM4-40GB MIG 4g.20gb (0),1,,13,[CUDA memset]
3908361588,146718,233626,,,,,,,,,,1.235,8416.143,Pinned,Device,NVIDIA A100-SXM4-40GB MIG 4g.20gb (0),1,,13,[CUDA memcpy Host-to-Device]
3908521810,35359,233627,,,,,,,,,,0.197,5560.271,Pinned,Device,NVIDIA A100-SXM4-40GB MIG 4g.20gb (0),1,,13,[CUDA memcpy Host-to-Device]
3908571697,8128,233628,69,4,1,48,1,1,76,0.002,0.000,,,,,NVIDIA A100-SXM4-40GB MIG 4g.20gb (0),1,,13,"void ch_est::windowedChEstPreNoDftSOfdmKernel<float, __half, float, (unsigned int)2, (unsigned int)1, (unsigned short)4>(ch_est::puschRxChEstStatDescr_t *, ch_est::puschRxChEstDynDescr_t *)"
3908586929,6624,233629,137,2,1,24,2,1,44,0.001,0.001,,,,,NVIDIA A100-SXM4-40GB MIG 4g.20gb (0),1,,13,"void ch_est::chEstFilterNoDftSOfdmDispatchKernel<float, __half, float, (unsigned int)2>(ch_est::puschRxChEstStatDescr_t *, ch_est::puschRxChEstDynDescr_t *)"
3908600433,4768,233630,137,2,1,24,2,1,44,0.001,0.001,,,,,NVIDIA A100-SXM4-40GB MIG 4g.20gb (0),1,,13,"void ch_est::chEstFilterNoDftSOfdmDispatchKernel<float, __half, float, (unsigned int)2>(ch_est::puschRxChEstStatDescr_t *, ch_est::puschRxChEstDynDescr_t *)"
3908615537,2656,233641,103,1,1,128,1,1,16,0.000,0.000,,,,,NVIDIA A100-SXM4-40GB MIG 4g.20gb (0),1,,13,cupy_copy__complex64_complex64
3908628496,12384,233651,1434,1,1,128,1,1,16,0.000,0.000,,,,,NVIDIA A100-SXM4-40GB MIG 4g.20gb (0),1,,13,cupy_copy__complex64_complex64
3908648016,2592,233658,103,1,1,128,1,1,16,0.000,0.000,,,,,NVIDIA A100-SXM4-40GB MIG 4g.20gb (0),1,,13,cupy_copy__complex64_complex64
3908658288,82559,233665,1,1,1,32,32,1,30,0.000,0.000,,,,,NVIDIA A100-SXM4-40GB MIG 4g.20gb (0),1,,13,"void convert_kernel<__half2, float2>(tensor_layout_any, T1 *, tensor_layout_any, const T2 *)"
3908769359,12384,233668,,,,,,,,,,0.094,7565.858,Pinned,Device,NVIDIA A100-SXM4-40GB MIG 4g.20gb (0),1,,13,[CUDA memcpy Host-to-Device]
3908793870,48320,233669,,,,,,,,,,35.810,741086.294,Device,,NVIDIA A100-SXM4-40GB MIG 4g.20gb (0),1,,13,[CUDA memset]
3908844206,6368,233671,,,,,,,,,,0.000,12.563,Pinned,Device,NVIDIA A100-SXM4-40GB MIG 4g.20gb (0),1,,13,[CUDA memcpy Host-to-Device]
3908855310,15263,233672,,,,,,,,,,0.197,12881.166,Pinned,Device,NVIDIA A100-SXM4-40GB MIG 4g.20gb (0),1,,13,[CUDA memcpy Host-to-Device]
3908880077,10144,233673,273,1,1,48,1,1,40,0.000,0.001,,,,,NVIDIA A100-SXM4-40GB MIG 4g.20gb (0),1,,13,"void pusch_noise_intf_est::noiseIntfEstNoDftSOfdmKernel<float, __half, float, float, (unsigned int)2, (unsigned int)1, (unsigned char)4, (unsigned char)4>(pusch_noise_intf_est::puschRxNoiseIntfEstDynDescr)"
3908895885,3552,233684,35,1,1,128,1,1,16,0.000,0.000,,,,,NVIDIA A100-SXM4-40GB MIG 4g.20gb (0),1,,13,cupy_copy__complex64_complex64
3908901293,1856,233693,1,1,1,1,1,1,18,0.000,0.000,,,,,NVIDIA A100-SXM4-40GB MIG 4g.20gb (0),1,,13,cupy_copy__float32_float32
3908923757,2368,233699,,,,,,,,,,0.000,1.689,Device,Pageable,NVIDIA A100-SXM4-40GB MIG 4g.20gb (0),1,,7,[CUDA memcpy Device-to-Host]
3908986764,13216,233710,1434,1,1,128,1,1,16,0.000,0.000,,,,,NVIDIA A100-SXM4-40GB MIG 4g.20gb (0),1,,13,cupy_copy__complex64_complex64
3909013228,3488,233717,103,1,1,128,1,1,16,0.000,0.000,,,,,NVIDIA A100-SXM4-40GB MIG 4g.20gb (0),1,,13,cupy_copy__complex64_complex64
3909033387,2464,233724,35,1,1,128,1,1,16,0.000,0.000,,,,,NVIDIA A100-SXM4-40GB MIG 4g.20gb (0),1,,13,cupy_copy__complex64_complex64
3909051403,1856,233731,1,1,1,1,1,1,18,0.000,0.000,,,,,NVIDIA A100-SXM4-40GB MIG 4g.20gb (0),1,,13,cupy_copy__float32_float32
3909183242,81887,233742,1,1,1,32,32,1,30,0.000,0.000,,,,,NVIDIA A100-SXM4-40GB MIG 4g.20gb (0),1,,13,"void convert_kernel<__half2, float2>(tensor_layout_any, T1 *, tensor_layout_any, const T2 *)"
3909292872,6240,233745,,,,,,,,,,0.094,15015.346,Pinned,Device,NVIDIA A100-SXM4-40GB MIG 4g.20gb (0),1,,13,[CUDA memcpy Host-to-Device]
3909307080,3392,233746,,,,,,,,,,1.547,455961.768,Device,,NVIDIA A100-SXM4-40GB MIG 4g.20gb (0),1,,13,[CUDA memset]
3909313320,3232,233751,,,,,,,,,,0.031,9683.139,Pinned,Device,NVIDIA A100-SXM4-40GB MIG 4g.20gb (0),1,,13,[CUDA memcpy Host-to-Device]
3909319496,9792,233752,,,,,,,,,,0.197,20078.395,Pinned,Device,NVIDIA A100-SXM4-40GB MIG 4g.20gb (0),1,,13,[CUDA memcpy Host-to-Device]
3909335304,6432,233753,273,1,1,8,4,1,39,0.002,0.000,,,,,NVIDIA A100-SXM4-40GB MIG 4g.20gb (0),1,,13,"void channel_eq::eqMmseCoefCompLowMimoKernel<float, float, float, (unsigned int)4, (unsigned int)1, (unsigned int)4>(const channel_eq::_puschRxChEqStatDescr *, channel_eq::_puschRxChEqCoefCompDynDescr)"
3909342952,6112,233754,273,1,1,12,11,1,51,0.002,0.000,,,,,NVIDIA A100-SXM4-40GB MIG 4g.20gb (0),1,,13,"void channel_eq::eqMmseSoftDemapKernel<float, __half, __half, float, (unsigned int)4, (unsigned short)16383>(channel_eq::_puschRxChEqStatDescr *, channel_eq::_puschRxChEqSoftDemapDynDescr)"
3909350024,282588,233755,1,1,1,32,32,1,30,0.000,0.000,,,,,NVIDIA A100-SXM4-40GB MIG 4g.20gb (0),1,,13,"void convert_kernel<float2, __half2>(tensor_layout_any, T1 *, tensor_layout_any, const T2 *)"
3909633604,10944,233767,2253,1,1,128,1,1,16,0.000,0.000,,,,,NVIDIA A100-SXM4-40GB MIG 4g.20gb (0),1,,13,cupy_copy__float16_float16
3909649092,2688,233776,282,1,1,128,1,1,16,0.000,0.000,,,,,NVIDIA A100-SXM4-40GB MIG 4g.20gb (0),1,,13,cupy_copy__complex64_complex64
3909655396,2336,233785,26,1,1,128,1,1,16,0.000,0.000,,,,,NVIDIA A100-SXM4-40GB MIG 4g.20gb (0),1,,13,cupy_copy__float32_float32
3909662436,2976,233794,103,1,1,128,1,1,16,0.000,0.000,,,,,NVIDIA A100-SXM4-40GB MIG 4g.20gb (0),1,,13,cupy_copy__complex64_complex64
3909669412,12511,233804,1434,1,1,128,1,1,16,0.000,0.000,,,,,NVIDIA A100-SXM4-40GB MIG 4g.20gb (0),1,,13,cupy_copy__complex64_complex64
3909685827,86655,233809,1,1,1,32,32,1,30,0.000,0.000,,,,,NVIDIA A100-SXM4-40GB MIG 4g.20gb (0),1,,13,"void convert_kernel<__half2, float2>(tensor_layout_any, T1 *, tensor_layout_any, const T2 *)"
3909799170,5728,233812,,,,,,,,,,0.094,16357.541,Pinned,Device,NVIDIA A100-SXM4-40GB MIG 4g.20gb (0),1,,13,[CUDA memcpy Host-to-Device]
3909809090,598808,233813,,,,,,,,,,456.561,762001.043,Device,,NVIDIA A100-SXM4-40GB MIG 4g.20gb (0),1,,13,[CUDA memset]
3910411002,139647,233818,,,,,,,,,,1.235,8842.199,Pinned,Device,NVIDIA A100-SXM4-40GB MIG 4g.20gb (0),1,,13,[CUDA memcpy Host-to-Device]
3910560217,40095,233819,,,,,,,,,,0.197,4903.404,Pinned,Device,NVIDIA A100-SXM4-40GB MIG 4g.20gb (0),1,,13,[CUDA memcpy Host-to-Device]
3910629912,8160,233820,69,4,1,48,1,1,76,0.002,0.000,,,,,NVIDIA A100-SXM4-40GB MIG 4g.20gb (0),1,,13,"void ch_est::windowedChEstPreNoDftSOfdmKernel<float, __half, float, (unsigned int)2, (unsigned int)1, (unsigned short)4>(ch_est::puschRxChEstStatDescr_t *, ch_est::puschRxChEstDynDescr_t *)"
3910647735,6816,233821,137,2,1,24,2,1,44,0.001,0.001,,,,,NVIDIA A100-SXM4-40GB MIG 4g.20gb (0),1,,13,"void ch_est::chEstFilterNoDftSOfdmDispatchKernel<float, __half, float, (unsigned int)2>(ch_est::puschRxChEstStatDescr_t *, ch_est::puschRxChEstDynDescr_t *)"
3910664951,4768,233822,137,2,1,24,2,1,44,0.001,0.001,,,,,NVIDIA A100-SXM4-40GB MIG 4g.20gb (0),1,,13,"void ch_est::chEstFilterNoDftSOfdmDispatchKernel<float, __half, float, (unsigned int)2>(ch_est::puschRxChEstStatDescr_t *, ch_est::puschRxChEstDynDescr_t *)"
3910681591,2528,233833,103,1,1,128,1,1,16,0.000,0.000,,,,,NVIDIA A100-SXM4-40GB MIG 4g.20gb (0),1,,13,cupy_copy__complex64_complex64
3910700631,12544,233843,1434,1,1,128,1,1,16,0.000,0.000,,,,,NVIDIA A100-SXM4-40GB MIG 4g.20gb (0),1,,13,cupy_copy__complex64_complex64
3910719159,2912,233850,103,1,1,128,1,1,16,0.000,0.000,,,,,NVIDIA A100-SXM4-40GB MIG 4g.20gb (0),1,,13,cupy_copy__complex64_complex64
3910746774,82943,233857,1,1,1,32,32,1,30,0.000,0.000,,,,,NVIDIA A100-SXM4-40GB MIG 4g.20gb (0),1,,13,"void convert_kernel<__half2, float2>(tensor_layout_any, T1 *, tensor_layout_any, const T2 *)"
3910874741,26143,233860,,,,,,,,,,0.094,3583.966,Pinned,Device,NVIDIA A100-SXM4-40GB MIG 4g.20gb (0),1,,13,[CUDA memcpy Host-to-Device]
3910918932,46624,233861,,,,,,,,,,35.810,768051.164,Device,,NVIDIA A100-SXM4-40GB MIG 4g.20gb (0),1,,13,[CUDA memset]
3910974259,8832,233863,,,,,,,,,,0.000,9.058,Pinned,Device,NVIDIA A100-SXM4-40GB MIG 4g.20gb (0),1,,13,[CUDA memcpy Host-to-Device]
3910992979,22464,233864,,,,,,,,,,0.197,8752.005,Pinned,Device,NVIDIA A100-SXM4-40GB MIG 4g.20gb (0),1,,13,[CUDA memcpy Host-to-Device]
3911032019,9728,233865,273,1,1,48,1,1,40,0.000,0.001,,,,,NVIDIA A100-SXM4-40GB MIG 4g.20gb (0),1,,13,"void pusch_noise_intf_est::noiseIntfEstNoDftSOfdmKernel<float, __half, float, float, (unsigned int)2, (unsigned int)1, (unsigned char)4, (unsigned char)4>(pusch_noise_intf_est::puschRxNoiseIntfEstDynDescr)"
3911047155,2592,233876,35,1,1,128,1,1,16,0.000,0.000,,,,,NVIDIA A100-SXM4-40GB MIG 4g.20gb (0),1,,13,cupy_copy__complex64_complex64
3911061650,1696,233885,1,1,1,1,1,1,18,0.000,0.000,,,,,NVIDIA A100-SXM4-40GB MIG 4g.20gb (0),1,,13,cupy_copy__float32_float32
3911068402,6816,233891,,,,,,,,,,0.000,0.587,Device,Pageable,NVIDIA A100-SXM4-40GB MIG 4g.20gb (0),1,,7,[CUDA memcpy Device-to-Host]
3911145681,12736,233902,1434,1,1,128,1,1,16,0.000,0.000,,,,,NVIDIA A100-SXM4-40GB MIG 4g.20gb (0),1,,13,cupy_copy__complex64_complex64
3911179121,2816,233909,103,1,1,128,1,1,16,0.000,0.000,,,,,NVIDIA A100-SXM4-40GB MIG 4g.20gb (0),1,,13,cupy_copy__complex64_complex64
3911195121,2592,233916,35,1,1,128,1,1,16,0.000,0.000,,,,,NVIDIA A100-SXM4-40GB MIG 4g.20gb (0),1,,13,cupy_copy__complex64_complex64
3911207185,2016,233923,1,1,1,1,1,1,18,0.000,0.000,,,,,NVIDIA A100-SXM4-40GB MIG 4g.20gb (0),1,,13,cupy_copy__float32_float32
3911338447,82207,233934,1,1,1,32,32,1,30,0.000,0.000,,,,,NVIDIA A100-SXM4-40GB MIG 4g.20gb (0),1,,13,"void convert_kernel<__half2, float2>(tensor_layout_any, T1 *, tensor_layout_any, const T2 *)"
3911448142,5920,233937,,,,,,,,,,0.094,15826.941,Pinned,Device,NVIDIA A100-SXM4-40GB MIG 4g.20gb (0),1,,13,[CUDA memcpy Host-to-Device]
3911465677,3328,233938,,,,,,,,,,1.547,464729.580,Device,,NVIDIA A100-SXM4-40GB MIG 4g.20gb (0),1,,13,[CUDA memset]
3911469805,3072,233943,,,,,,,,,,0.031,10187.474,Pinned,Device,NVIDIA A100-SXM4-40GB MIG 4g.20gb (0),1,,13,[CUDA memcpy Host-to-Device]
3911475597,9440,233944,,,,,,,,,,0.197,20827.079,Pinned,Device,NVIDIA A100-SXM4-40GB MIG 4g.20gb (0),1,,13,[CUDA memcpy Host-to-Device]
3911488749,8352,233945,273,1,1,8,4,1,39,0.002,0.000,,,,,NVIDIA A100-SXM4-40GB MIG 4g.20gb (0),1,,13,"void channel_eq::eqMmseCoefCompLowMimoKernel<float, float, float, (unsigned int)4, (unsigned int)1, (unsigned int)4>(const channel_eq::_puschRxChEqStatDescr *, channel_eq::_puschRxChEqCoefCompDynDescr)"
3911498509,6336,233946,273,1,1,12,11,1,51,0.002,0.000,,,,,NVIDIA A100-SXM4-40GB MIG 4g.20gb (0),1,,13,"void channel_eq::eqMmseSoftDemapKernel<float, __half, __half, float, (unsigned int)4, (unsigned short)16383>(channel_eq::_puschRxChEqStatDescr *, channel_eq::_puschRxChEqSoftDemapDynDescr)"
3911506061,294652,233947,1,1,1,32,32,1,30,0.000,0.000,,,,,NVIDIA A100-SXM4-40GB MIG 4g.20gb (0),1,,13,"void convert_kernel<float2, __half2>(tensor_layout_any, T1 *, tensor_layout_any, const T2 *)"
3911801865,11040,233959,2253,1,1,128,1,1,16,0.000,0.000,,,,,NVIDIA A100-SXM4-40GB MIG 4g.20gb (0),1,,13,cupy_copy__float16_float16
3911818377,3456,233968,282,1,1,128,1,1,16,0.000,0.000,,,,,NVIDIA A100-SXM4-40GB MIG 4g.20gb (0),1,,13,cupy_copy__complex64_complex64
3911823465,2048,233977,26,1,1,128,1,1,16,0.000,0.000,,,,,NVIDIA A100-SXM4-40GB MIG 4g.20gb (0),1,,13,cupy_copy__float32_float32
3911829961,4288,233986,103,1,1,128,1,1,16,0.000,0.000,,,,,NVIDIA A100-SXM4-40GB MIG 4g.20gb (0),1,,13,cupy_copy__complex64_complex64
3911836009,12224,233996,1434,1,1,128,1,1,16,0.000,0.000,,,,,NVIDIA A100-SXM4-40GB MIG 4g.20gb (0),1,,13,cupy_copy__complex64_complex64
3911850441,87903,234001,1,1,1,32,32,1,30,0.000,0.000,,,,,NVIDIA A100-SXM4-40GB MIG 4g.20gb (0),1,,13,"void convert_kernel<__half2, float2>(tensor_layout_any, T1 *, tensor_layout_any, const T2 *)"
3911964903,5600,234004,,,,,,,,,,0.094,16731.388,Pinned,Device,NVIDIA A100-SXM4-40GB MIG 4g.20gb (0),1,,13,[CUDA memcpy Host-to-Device]
3911974919,598009,234005,,,,,,,,,,456.561,763370.728,Device,,NVIDIA A100-SXM4-40GB MIG 4g.20gb (0),1,,13,[CUDA memset]
3912583392,106718,234010,,,,,,,,,,1.235,11571.425,Pinned,Device,NVIDIA A100-SXM4-40GB MIG 4g.20gb (0),1,,13,[CUDA memcpy Host-to-Device]
3912704286,23968,234011,,,,,,,,,,0.197,8202.879,Pinned,Device,NVIDIA A100-SXM4-40GB MIG 4g.20gb (0),1,,13,[CUDA memcpy Host-to-Device]
3912752189,8192,234012,69,4,1,48,1,1,76,0.002,0.000,,,,,NVIDIA A100-SXM4-40GB MIG 4g.20gb (0),1,,13,"void ch_est::windowedChEstPreNoDftSOfdmKernel<float, __half, float, (unsigned int)2, (unsigned int)1, (unsigned short)4>(ch_est::puschRxChEstStatDescr_t *, ch_est::puschRxChEstDynDescr_t *)"
3912765821,6656,234013,137,2,1,24,2,1,44,0.001,0.001,,,,,NVIDIA A100-SXM4-40GB MIG 4g.20gb (0),1,,13,"void ch_est::chEstFilterNoDftSOfdmDispatchKernel<float, __half, float, (unsigned int)2>(ch_est::puschRxChEstStatDescr_t *, ch_est::puschRxChEstDynDescr_t *)"
3912782397,4736,234014,137,2,1,24,2,1,44,0.001,0.001,,,,,NVIDIA A100-SXM4-40GB MIG 4g.20gb (0),1,,13,"void ch_est::chEstFilterNoDftSOfdmDispatchKernel<float, __half, float, (unsigned int)2>(ch_est::puschRxChEstStatDescr_t *, ch_est::puschRxChEstDynDescr_t *)"
3912798013,2752,234025,103,1,1,128,1,1,16,0.000,0.000,,,,,NVIDIA A100-SXM4-40GB MIG 4g.20gb (0),1,,13,cupy_copy__complex64_complex64
3912811133,12544,234035,1434,1,1,128,1,1,16,0.000,0.000,,,,,NVIDIA A100-SXM4-40GB MIG 4g.20gb (0),1,,13,cupy_copy__complex64_complex64
3912826397,2880,234042,103,1,1,128,1,1,16,0.000,0.000,,,,,NVIDIA A100-SXM4-40GB MIG 4g.20gb (0),1,,13,cupy_copy__complex64_complex64
3912849660,91839,234049,1,1,1,32,32,1,30,0.000,0.000,,,,,NVIDIA A100-SXM4-40GB MIG 4g.20gb (0),1,,13,"void convert_kernel<__half2, float2>(tensor_layout_any, T1 *, tensor_layout_any, const T2 *)"
3912979163,21919,234052,,,,,,,,,,0.094,4274.599,Pinned,Device,NVIDIA A100-SXM4-40GB MIG 4g.20gb (0),1,,13,[CUDA memcpy Host-to-Device]
3913018234,46752,234053,,,,,,,,,,35.810,765938.379,Device,,NVIDIA A100-SXM4-40GB MIG 4g.20gb (0),1,,13,[CUDA memset]
3913070010,12031,234055,,,,,,,,,,0.000,6.649,Pinned,Device,NVIDIA A100-SXM4-40GB MIG 4g.20gb (0),1,,13,[CUDA memcpy Host-to-Device]
3913093945,28928,234056,,,,,,,,,,0.197,6796.345,Pinned,Device,NVIDIA A100-SXM4-40GB MIG 4g.20gb (0),1,,13,[CUDA memcpy Host-to-Device]
3913154968,9856,234057,273,1,1,48,1,1,40,0.000,0.001,,,,,NVIDIA A100-SXM4-40GB MIG 4g.20gb (0),1,,13,"void pusch_noise_intf_est::noiseIntfEstNoDftSOfdmKernel<float, __half, float, float, (unsigned int)2, (unsigned int)1, (unsigned char)4, (unsigned char)4>(pusch_noise_intf_est::puschRxNoiseIntfEstDynDescr)"
3913171864,2784,234068,35,1,1,128,1,1,16,0.000,0.000,,,,,NVIDIA A100-SXM4-40GB MIG 4g.20gb (0),1,,13,cupy_copy__complex64_complex64
3913188440,1728,234077,1,1,1,1,1,1,18,0.000,0.000,,,,,NVIDIA A100-SXM4-40GB MIG 4g.20gb (0),1,,13,cupy_copy__float32_float32
3913190808,9312,234083,,,,,,,,,,0.000,0.430,Device,Pageable,NVIDIA A100-SXM4-40GB MIG 4g.20gb (0),1,,7,[CUDA memcpy Device-to-Host]
3913284343,12800,234094,1434,1,1,128,1,1,16,0.000,0.000,,,,,NVIDIA A100-SXM4-40GB MIG 4g.20gb (0),1,,13,cupy_copy__complex64_complex64
3913310199,2976,234101,103,1,1,128,1,1,16,0.000,0.000,,,,,NVIDIA A100-SXM4-40GB MIG 4g.20gb (0),1,,13,cupy_copy__complex64_complex64
3913329206,2592,234108,35,1,1,128,1,1,16,0.000,0.000,,,,,NVIDIA A100-SXM4-40GB MIG 4g.20gb (0),1,,13,cupy_copy__complex64_complex64
3913351318,1760,234115,1,1,1,1,1,1,18,0.000,0.000,,,,,NVIDIA A100-SXM4-40GB MIG 4g.20gb (0),1,,13,cupy_copy__float32_float32
3913485332,88191,234126,1,1,1,32,32,1,30,0.000,0.000,,,,,NVIDIA A100-SXM4-40GB MIG 4g.20gb (0),1,,13,"void convert_kernel<__half2, float2>(tensor_layout_any, T1 *, tensor_layout_any, const T2 *)"
3913606067,16512,234129,,,,,,,,,,0.094,5674.417,Pinned,Device,NVIDIA A100-SXM4-40GB MIG 4g.20gb (0),1,,13,[CUDA memcpy Host-to-Device]
3913629843,3392,234130,,,,,,,,,,1.547,455961.768,Device,,NVIDIA A100-SXM4-40GB MIG 4g.20gb (0),1,,13,[CUDA memset]
3913640338,6240,234135,,,,,,,,,,0.031,5015.372,Pinned,Device,NVIDIA A100-SXM4-40GB MIG 4g.20gb (0),1,,13,[CUDA memcpy Host-to-Device]
3913650834,11264,234136,,,,,,,,,,0.197,17454.465,Pinned,Device,NVIDIA A100-SXM4-40GB MIG 4g.20gb (0),1,,13,[CUDA memcpy Host-to-Device]
3913669618,6816,234137,273,1,1,8,4,1,39,0.002,0.000,,,,,NVIDIA A100-SXM4-40GB MIG 4g.20gb (0),1,,13,"void channel_eq::eqMmseCoefCompLowMimoKernel<float, float, float, (unsigned int)4, (unsigned int)1, (unsigned int)4>(const channel_eq::_puschRxChEqStatDescr *, channel_eq::_puschRxChEqCoefCompDynDescr)"
3913678034,6240,234138,273,1,1,12,11,1,51,0.002,0.000,,,,,NVIDIA A100-SXM4-40GB MIG 4g.20gb (0),1,,13,"void channel_eq::eqMmseSoftDemapKernel<float, __half, __half, float, (unsigned int)4, (unsigned short)16383>(channel_eq::_puschRxChEqStatDescr *, channel_eq::_puschRxChEqSoftDemapDynDescr)"
3913686706,282364,234139,1,1,1,32,32,1,30,0.000,0.000,,,,,NVIDIA A100-SXM4-40GB MIG 4g.20gb (0),1,,13,"void convert_kernel<float2, __half2>(tensor_layout_any, T1 *, tensor_layout_any, const T2 *)"
3913970030,10912,234151,2253,1,1,128,1,1,16,0.000,0.000,,,,,NVIDIA A100-SXM4-40GB MIG 4g.20gb (0),1,,13,cupy_copy__float16_float16
3913985390,3392,234160,282,1,1,128,1,1,16,0.000,0.000,,,,,NVIDIA A100-SXM4-40GB MIG 4g.20gb (0),1,,13,cupy_copy__complex64_complex64
3913991982,2048,234169,26,1,1,128,1,1,16,0.000,0.000,,,,,NVIDIA A100-SXM4-40GB MIG 4g.20gb (0),1,,13,cupy_copy__float32_float32
3913995598,2944,234178,103,1,1,128,1,1,16,0.000,0.000,,,,,NVIDIA A100-SXM4-40GB MIG 4g.20gb (0),1,,13,cupy_copy__complex64_complex64
3913999566,11808,234188,1434,1,1,128,1,1,16,0.000,0.000,,,,,NVIDIA A100-SXM4-40GB MIG 4g.20gb (0),1,,13,cupy_copy__complex64_complex64
3914012910,83071,234193,1,1,1,32,32,1,30,0.000,0.000,,,,,NVIDIA A100-SXM4-40GB MIG 4g.20gb (0),1,,13,"void convert_kernel<__half2, float2>(tensor_layout_any, T1 *, tensor_layout_any, const T2 *)"
3914123853,5887,234196,,,,,,,,,,0.094,15915.671,Pinned,Device,NVIDIA A100-SXM4-40GB MIG 4g.20gb (0),1,,13,[CUDA memcpy Host-to-Device]
3914134028,598009,234197,,,,,,,,,,456.561,763370.728,Device,,NVIDIA A100-SXM4-40GB MIG 4g.20gb (0),1,,13,[CUDA memset]
3914736325,148446,234202,,,,,,,,,,1.235,8318.583,Pinned,Device,NVIDIA A100-SXM4-40GB MIG 4g.20gb (0),1,,13,[CUDA memcpy Host-to-Device]
3914896963,41311,234203,,,,,,,,,,0.197,4759.093,Pinned,Device,NVIDIA A100-SXM4-40GB MIG 4g.20gb (0),1,,13,[CUDA memcpy Host-to-Device]
3914959618,8672,234204,69,4,1,48,1,1,76,0.002,0.000,,,,,NVIDIA A100-SXM4-40GB MIG 4g.20gb (0),1,,13,"void ch_est::windowedChEstPreNoDftSOfdmKernel<float, __half, float, (unsigned int)2, (unsigned int)1, (unsigned short)4>(ch_est::puschRxChEstStatDescr_t *, ch_est::puschRxChEstDynDescr_t *)"
3914978722,6816,234205,137,2,1,24,2,1,44,0.001,0.001,,,,,NVIDIA A100-SXM4-40GB MIG 4g.20gb (0),1,,13,"void ch_est::chEstFilterNoDftSOfdmDispatchKernel<float, __half, float, (unsigned int)2>(ch_est::puschRxChEstStatDescr_t *, ch_est::puschRxChEstDynDescr_t *)"
3914994274,4768,234206,137,2,1,24,2,1,44,0.001,0.001,,,,,NVIDIA A100-SXM4-40GB MIG 4g.20gb (0),1,,13,"void ch_est::chEstFilterNoDftSOfdmDispatchKernel<float, __half, float, (unsigned int)2>(ch_est::puschRxChEstStatDescr_t *, ch_est::puschRxChEstDynDescr_t *)"
3915008994,2560,234217,103,1,1,128,1,1,16,0.000,0.000,,,,,NVIDIA A100-SXM4-40GB MIG 4g.20gb (0),1,,13,cupy_copy__complex64_complex64
3915019777,12448,234227,1434,1,1,128,1,1,16,0.000,0.000,,,,,NVIDIA A100-SXM4-40GB MIG 4g.20gb (0),1,,13,cupy_copy__complex64_complex64
3915042145,2496,234234,103,1,1,128,1,1,16,0.000,0.000,,,,,NVIDIA A100-SXM4-40GB MIG 4g.20gb (0),1,,13,cupy_copy__complex64_complex64
3915055265,85407,234241,1,1,1,32,32,1,30,0.000,0.000,,,,,NVIDIA A100-SXM4-40GB MIG 4g.20gb (0),1,,13,"void convert_kernel<__half2, float2>(tensor_layout_any, T1 *, tensor_layout_any, const T2 *)"
3915168960,6592,234244,,,,,,,,,,0.094,14213.590,Pinned,Device,NVIDIA A100-SXM4-40GB MIG 4g.20gb (0),1,,13,[CUDA memcpy Host-to-Device]
3915183231,46656,234245,,,,,,,,,,35.810,767514.015,Device,,NVIDIA A100-SXM4-40GB MIG 4g.20gb (0),1,,13,[CUDA memset]
3915236223,3232,234247,,,,,,,,,,0.000,24.752,Pinned,Device,NVIDIA A100-SXM4-40GB MIG 4g.20gb (0),1,,13,[CUDA memcpy Host-to-Device]
3915244895,11968,234248,,,,,,,,,,0.197,16427.778,Pinned,Device,NVIDIA A100-SXM4-40GB MIG 4g.20gb (0),1,,13,[CUDA memcpy Host-to-Device]
3915263486,11648,234249,273,1,1,48,1,1,40,0.000,0.001,,,,,NVIDIA A100-SXM4-40GB MIG 4g.20gb (0),1,,13,"void pusch_noise_intf_est::noiseIntfEstNoDftSOfdmKernel<float, __half, float, float, (unsigned int)2, (unsigned int)1, (unsigned char)4, (unsigned char)4>(pusch_noise_intf_est::puschRxNoiseIntfEstDynDescr)"
3915280286,3072,234260,35,1,1,128,1,1,16,0.000,0.000,,,,,NVIDIA A100-SXM4-40GB MIG 4g.20gb (0),1,,13,cupy_copy__complex64_complex64
3915290878,1856,234269,1,1,1,1,1,1,18,0.000,0.000,,,,,NVIDIA A100-SXM4-40GB MIG 4g.20gb (0),1,,13,cupy_copy__float32_float32
3915324126,1600,234275,,,,,,,,,,0.000,2.500,Device,Pageable,NVIDIA A100-SXM4-40GB MIG 4g.20gb (0),1,,7,[CUDA memcpy Device-to-Host]
3915383069,13216,234286,1434,1,1,128,1,1,16,0.000,0.000,,,,,NVIDIA A100-SXM4-40GB MIG 4g.20gb (0),1,,13,cupy_copy__complex64_complex64
3915409885,3488,234293,103,1,1,128,1,1,16,0.000,0.000,,,,,NVIDIA A100-SXM4-40GB MIG 4g.20gb (0),1,,13,cupy_copy__complex64_complex64
3915430748,2304,234300,35,1,1,128,1,1,16,0.000,0.000,,,,,NVIDIA A100-SXM4-40GB MIG 4g.20gb (0),1,,13,cupy_copy__complex64_complex64
3915447516,1760,234307,1,1,1,1,1,1,18,0.000,0.000,,,,,NVIDIA A100-SXM4-40GB MIG 4g.20gb (0),1,,13,cupy_copy__float32_float32
3915579739,87134,234318,1,1,1,32,32,1,30,0.000,0.000,,,,,NVIDIA A100-SXM4-40GB MIG 4g.20gb (0),1,,13,"void convert_kernel<__half2, float2>(tensor_layout_any, T1 *, tensor_layout_any, const T2 *)"
3915695577,5440,234321,,,,,,,,,,0.094,17223.480,Pinned,Device,NVIDIA A100-SXM4-40GB MIG 4g.20gb (0),1,,13,[CUDA memcpy Host-to-Device]
3915712473,3200,234322,,,,,,,,,,1.547,483320.000,Device,,NVIDIA A100-SXM4-40GB MIG 4g.20gb (0),1,,13,[CUDA memset]
3915716281,3328,234327,,,,,,,,,,0.031,9403.822,Pinned,Device,NVIDIA A100-SXM4-40GB MIG 4g.20gb (0),1,,13,[CUDA memcpy Host-to-Device]
3915721849,9536,234328,,,,,,,,,,0.197,20617.298,Pinned,Device,NVIDIA A100-SXM4-40GB MIG 4g.20gb (0),1,,13,[CUDA memcpy Host-to-Device]
3915739737,6367,234329,273,1,1,8,4,1,39,0.002,0.000,,,,,NVIDIA A100-SXM4-40GB MIG 4g.20gb (0),1,,13,"void channel_eq::eqMmseCoefCompLowMimoKernel<float, float, float, (unsigned int)4, (unsigned int)1, (unsigned int)4>(const channel_eq::_puschRxChEqStatDescr *, channel_eq::_puschRxChEqCoefCompDynDescr)"
3915748984,5792,234330,273,1,1,12,11,1,51,0.002,0.000,,,,,NVIDIA A100-SXM4-40GB MIG 4g.20gb (0),1,,13,"void channel_eq::eqMmseSoftDemapKernel<float, __half, __half, float, (unsigned int)4, (unsigned short)16383>(channel_eq::_puschRxChEqStatDescr *, channel_eq::_puschRxChEqSoftDemapDynDescr)"
3915756920,282749,234331,1,1,1,32,32,1,30,0.000,0.000,,,,,NVIDIA A100-SXM4-40GB MIG 4g.20gb (0),1,,13,"void convert_kernel<float2, __half2>(tensor_layout_any, T1 *, tensor_layout_any, const T2 *)"
3916040693,10880,234343,2253,1,1,128,1,1,16,0.000,0.000,,,,,NVIDIA A100-SXM4-40GB MIG 4g.20gb (0),1,,13,cupy_copy__float16_float16
3916054581,3680,234352,282,1,1,128,1,1,16,0.000,0.000,,,,,NVIDIA A100-SXM4-40GB MIG 4g.20gb (0),1,,13,cupy_copy__complex64_complex64
3916061077,2304,234361,26,1,1,128,1,1,16,0.000,0.000,,,,,NVIDIA A100-SXM4-40GB MIG 4g.20gb (0),1,,13,cupy_copy__float32_float32
3916064501,4831,234370,103,1,1,128,1,1,16,0.000,0.000,,,,,NVIDIA A100-SXM4-40GB MIG 4g.20gb (0),1,,13,cupy_copy__complex64_complex64
3916070356,12352,234380,1434,1,1,128,1,1,16,0.000,0.000,,,,,NVIDIA A100-SXM4-40GB MIG 4g.20gb (0),1,,13,cupy_copy__complex64_complex64
3916088948,87647,234385,1,1,1,32,32,1,30,0.000,0.000,,,,,NVIDIA A100-SXM4-40GB MIG 4g.20gb (0),1,,13,"void convert_kernel<__half2, float2>(tensor_layout_any, T1 *, tensor_layout_any, const T2 *)"
3916203891,5472,234388,,,,,,,,,,0.094,17122.757,Pinned,Device,NVIDIA A100-SXM4-40GB MIG 4g.20gb (0),1,,13,[CUDA memcpy Host-to-Device]
3916213811,598168,234389,,,,,,,,,,456.561,762914.166,Device,,NVIDIA A100-SXM4-40GB MIG 4g.20gb (0),1,,13,[CUDA memset]
3916818091,165726,234394,,,,,,,,,,1.235,7451.652,Pinned,Device,NVIDIA A100-SXM4-40GB MIG 4g.20gb (0),1,,13,[CUDA memcpy Host-to-Device]
3916995881,41216,234395,,,,,,,,,,0.197,4770.103,Pinned,Device,NVIDIA A100-SXM4-40GB MIG 4g.20gb (0),1,,13,[CUDA memcpy Host-to-Device]
3917058792,8160,234396,69,4,1,48,1,1,76,0.002,0.000,,,,,NVIDIA A100-SXM4-40GB MIG 4g.20gb (0),1,,13,"void ch_est::windowedChEstPreNoDftSOfdmKernel<float, __half, float, (unsigned int)2, (unsigned int)1, (unsigned short)4>(ch_est::puschRxChEstStatDescr_t *, ch_est::puschRxChEstDynDescr_t *)"
3917078376,6432,234397,137,2,1,24,2,1,44,0.001,0.001,,,,,NVIDIA A100-SXM4-40GB MIG 4g.20gb (0),1,,13,"void ch_est::chEstFilterNoDftSOfdmDispatchKernel<float, __half, float, (unsigned int)2>(ch_est::puschRxChEstStatDescr_t *, ch_est::puschRxChEstDynDescr_t *)"
3917095272,4704,234398,137,2,1,24,2,1,44,0.001,0.001,,,,,NVIDIA A100-SXM4-40GB MIG 4g.20gb (0),1,,13,"void ch_est::chEstFilterNoDftSOfdmDispatchKernel<float, __half, float, (unsigned int)2>(ch_est::puschRxChEstStatDescr_t *, ch_est::puschRxChEstDynDescr_t *)"
3917114472,2688,234409,103,1,1,128,1,1,16,0.000,0.000,,,,,NVIDIA A100-SXM4-40GB MIG 4g.20gb (0),1,,13,cupy_copy__complex64_complex64
3917131527,12448,234419,1434,1,1,128,1,1,16,0.000,0.000,,,,,NVIDIA A100-SXM4-40GB MIG 4g.20gb (0),1,,13,cupy_copy__complex64_complex64
3917150759,2560,234426,103,1,1,128,1,1,16,0.000,0.000,,,,,NVIDIA A100-SXM4-40GB MIG 4g.20gb (0),1,,13,cupy_copy__complex64_complex64
3917172999,87135,234433,1,1,1,32,32,1,30,0.000,0.000,,,,,NVIDIA A100-SXM4-40GB MIG 4g.20gb (0),1,,13,"void convert_kernel<__half2, float2>(tensor_layout_any, T1 *, tensor_layout_any, const T2 *)"
3917290981,16832,234436,,,,,,,,,,0.094,5566.479,Pinned,Device,NVIDIA A100-SXM4-40GB MIG 4g.20gb (0),1,,13,[CUDA memcpy Host-to-Device]
3917316357,47327,234437,,,,,,,,,,35.810,756627.800,Device,,NVIDIA A100-SXM4-40GB MIG 4g.20gb (0),1,,13,[CUDA memset]
3917369700,3936,234439,,,,,,,,,,0.000,20.325,Pinned,Device,NVIDIA A100-SXM4-40GB MIG 4g.20gb (0),1,,13,[CUDA memcpy Host-to-Device]
3917381156,16960,234440,,,,,,,,,,0.197,11592.401,Pinned,Device,NVIDIA A100-SXM4-40GB MIG 4g.20gb (0),1,,13,[CUDA memcpy Host-to-Device]
3917410852,10688,234441,273,1,1,48,1,1,40,0.000,0.001,,,,,NVIDIA A100-SXM4-40GB MIG 4g.20gb (0),1,,13,"void pusch_noise_intf_est::noiseIntfEstNoDftSOfdmKernel<float, __half, float, float, (unsigned int)2, (unsigned int)1, (unsigned char)4, (unsigned char)4>(pusch_noise_intf_est::puschRxNoiseIntfEstDynDescr)"
3917425156,3008,234452,35,1,1,128,1,1,16,0.000,0.000,,,,,NVIDIA A100-SXM4-40GB MIG 4g.20gb (0),1,,13,cupy_copy__complex64_complex64
3917432644,1856,234461,1,1,1,1,1,1,18,0.000,0.000,,,,,NVIDIA A100-SXM4-40GB MIG 4g.20gb (0),1,,13,cupy_copy__float32_float32
3917444099,2016,234467,,,,,,,,,,0.000,1.984,Device,Pageable,NVIDIA A100-SXM4-40GB MIG 4g.20gb (0),1,,7,[CUDA memcpy Device-to-Host]
3917513603,12735,234478,1434,1,1,128,1,1,16,0.000,0.000,,,,,NVIDIA A100-SXM4-40GB MIG 4g.20gb (0),1,,13,cupy_copy__complex64_complex64
3917540706,3424,234485,103,1,1,128,1,1,16,0.000,0.000,,,,,NVIDIA A100-SXM4-40GB MIG 4g.20gb (0),1,,13,cupy_copy__complex64_complex64
3917559362,2400,234492,35,1,1,128,1,1,16,0.000,0.000,,,,,NVIDIA A100-SXM4-40GB MIG 4g.20gb (0),1,,13,cupy_copy__complex64_complex64
3917578146,1792,234499,1,1,1,1,1,1,18,0.000,0.000,,,,,NVIDIA A100-SXM4-40GB MIG 4g.20gb (0),1,,13,cupy_copy__float32_float32
3917708544,82047,234510,1,1,1,32,32,1,30,0.000,0.000,,,,,NVIDIA A100-SXM4-40GB MIG 4g.20gb (0),1,,13,"void convert_kernel<__half2, float2>(tensor_layout_any, T1 *, tensor_layout_any, const T2 *)"
3917819039,5536,234513,,,,,,,,,,0.094,16924.777,Pinned,Device,NVIDIA A100-SXM4-40GB MIG 4g.20gb (0),1,,13,[CUDA memcpy Host-to-Device]
3917832863,3424,234514,,,,,,,,,,1.547,451700.819,Device,,NVIDIA A100-SXM4-40GB MIG 4g.20gb (0),1,,13,[CUDA memset]
3917839391,3264,234519,,,,,,,,,,0.031,9588.218,Pinned,Device,NVIDIA A100-SXM4-40GB MIG 4g.20gb (0),1,,13,[CUDA memcpy Host-to-Device]
3917845151,9535,234520,,,,,,,,,,0.197,20619.461,Pinned,Device,NVIDIA A100-SXM4-40GB MIG 4g.20gb (0),1,,13,[CUDA memcpy Host-to-Device]
3917860382,8256,234521,273,1,1,8,4,1,39,0.002,0.000,,,,,NVIDIA A100-SXM4-40GB MIG 4g.20gb (0),1,,13,"void channel_eq::eqMmseCoefCompLowMimoKernel<float, float, float, (unsigned int)4, (unsigned int)1, (unsigned int)4>(const channel_eq::_puschRxChEqStatDescr *, channel_eq::_puschRxChEqCoefCompDynDescr)"
3917871038,5888,234522,273,1,1,12,11,1,51,0.002,0.000,,,,,NVIDIA A100-SXM4-40GB MIG 4g.20gb (0),1,,13,"void channel_eq::eqMmseSoftDemapKernel<float, __half, __half, float, (unsigned int)4, (unsigned short)16383>(channel_eq::_puschRxChEqStatDescr *, channel_eq::_puschRxChEqSoftDemapDynDescr)"
3917878110,294588,234523,1,1,1,32,32,1,30,0.000,0.000,,,,,NVIDIA A100-SXM4-40GB MIG 4g.20gb (0),1,,13,"void convert_kernel<float2, __half2>(tensor_layout_any, T1 *, tensor_layout_any, const T2 *)"
3918174938,10912,234535,2253,1,1,128,1,1,16,0.000,0.000,,,,,NVIDIA A100-SXM4-40GB MIG 4g.20gb (0),1,,13,cupy_copy__float16_float16
3918188986,3456,234544,282,1,1,128,1,1,16,0.000,0.000,,,,,NVIDIA A100-SXM4-40GB MIG 4g.20gb (0),1,,13,cupy_copy__complex64_complex64
3918195738,2304,234553,26,1,1,128,1,1,16,0.000,0.000,,,,,NVIDIA A100-SXM4-40GB MIG 4g.20gb (0),1,,13,cupy_copy__float32_float32
3918200154,3264,234562,103,1,1,128,1,1,16,0.000,0.000,,,,,NVIDIA A100-SXM4-40GB MIG 4g.20gb (0),1,,13,cupy_copy__complex64_complex64
3918204442,11968,234572,1434,1,1,128,1,1,16,0.000,0.000,,,,,NVIDIA A100-SXM4-40GB MIG 4g.20gb (0),1,,13,cupy_copy__complex64_complex64
3918220346,86175,234577,1,1,1,32,32,1,30,0.000,0.000,,,,,NVIDIA A100-SXM4-40GB MIG 4g.20gb (0),1,,13,"void convert_kernel<__half2, float2>(tensor_layout_any, T1 *, tensor_layout_any, const T2 *)"
3918333464,5856,234580,,,,,,,,,,0.094,15999.997,Pinned,Device,NVIDIA A100-SXM4-40GB MIG 4g.20gb (0),1,,13,[CUDA memcpy Host-to-Device]
3918343672,600697,234581,,,,,,,,,,456.561,759718.236,Device,,NVIDIA A100-SXM4-40GB MIG 4g.20gb (0),1,,13,[CUDA memset]
3918946929,134846,234586,,,,,,,,,,1.235,9157.110,Pinned,Device,NVIDIA A100-SXM4-40GB MIG 4g.20gb (0),1,,13,[CUDA memcpy Host-to-Device]
3919098223,40704,234587,,,,,,,,,,0.197,4830.069,Pinned,Device,NVIDIA A100-SXM4-40GB MIG 4g.20gb (0),1,,13,[CUDA memcpy Host-to-Device]
3919168686,8224,234588,69,4,1,48,1,1,76,0.002,0.000,,,,,NVIDIA A100-SXM4-40GB MIG 4g.20gb (0),1,,13,"void ch_est::windowedChEstPreNoDftSOfdmKernel<float, __half, float, (unsigned int)2, (unsigned int)1, (unsigned short)4>(ch_est::puschRxChEstStatDescr_t *, ch_est::puschRxChEstDynDescr_t *)"
3919186030,6912,234589,137,2,1,24,2,1,44,0.001,0.001,,,,,NVIDIA A100-SXM4-40GB MIG 4g.20gb (0),1,,13,"void ch_est::chEstFilterNoDftSOfdmDispatchKernel<float, __half, float, (unsigned int)2>(ch_est::puschRxChEstStatDescr_t *, ch_est::puschRxChEstDynDescr_t *)"
3919203214,4736,234590,137,2,1,24,2,1,44,0.001,0.001,,,,,NVIDIA A100-SXM4-40GB MIG 4g.20gb (0),1,,13,"void ch_est::chEstFilterNoDftSOfdmDispatchKernel<float, __half, float, (unsigned int)2>(ch_est::puschRxChEstStatDescr_t *, ch_est::puschRxChEstDynDescr_t *)"
3919219630,2559,234601,103,1,1,128,1,1,16,0.000,0.000,,,,,NVIDIA A100-SXM4-40GB MIG 4g.20gb (0),1,,13,cupy_copy__complex64_complex64
3919239373,12416,234611,1434,1,1,128,1,1,16,0.000,0.000,,,,,NVIDIA A100-SXM4-40GB MIG 4g.20gb (0),1,,13,cupy_copy__complex64_complex64
3919258221,2912,234618,103,1,1,128,1,1,16,0.000,0.000,,,,,NVIDIA A100-SXM4-40GB MIG 4g.20gb (0),1,,13,cupy_copy__complex64_complex64
3919283245,85983,234625,1,1,1,32,32,1,30,0.000,0.000,,,,,NVIDIA A100-SXM4-40GB MIG 4g.20gb (0),1,,13,"void convert_kernel<__half2, float2>(tensor_layout_any, T1 *, tensor_layout_any, const T2 *)"
3919404939,26496,234628,,,,,,,,,,0.094,3536.181,Pinned,Device,NVIDIA A100-SXM4-40GB MIG 4g.20gb (0),1,,13,[CUDA memcpy Host-to-Device]
3919447307,48159,234629,,,,,,,,,,35.810,743557.179,Device,,NVIDIA A100-SXM4-40GB MIG 4g.20gb (0),1,,13,[CUDA memset]
3919499242,13280,234631,,,,,,,,,,0.000,6.024,Pinned,Device,NVIDIA A100-SXM4-40GB MIG 4g.20gb (0),1,,13,[CUDA memcpy Host-to-Device]
3919519594,36159,234632,,,,,,,,,,0.197,5437.194,Pinned,Device,NVIDIA A100-SXM4-40GB MIG 4g.20gb (0),1,,13,[CUDA memcpy Host-to-Device]
3919576809,9760,234633,273,1,1,48,1,1,40,0.000,0.001,,,,,NVIDIA A100-SXM4-40GB MIG 4g.20gb (0),1,,13,"void pusch_noise_intf_est::noiseIntfEstNoDftSOfdmKernel<float, __half, float, float, (unsigned int)2, (unsigned int)1, (unsigned char)4, (unsigned char)4>(pusch_noise_intf_est::puschRxNoiseIntfEstDynDescr)"
3919593321,2752,234644,35,1,1,128,1,1,16,0.000,0.000,,,,,NVIDIA A100-SXM4-40GB MIG 4g.20gb (0),1,,13,cupy_copy__complex64_complex64
3919609769,1664,234653,1,1,1,1,1,1,18,0.000,0.000,,,,,NVIDIA A100-SXM4-40GB MIG 4g.20gb (0),1,,13,cupy_copy__float32_float32
3919613577,7680,234659,,,,,,,,,,0.000,0.521,Device,Pageable,NVIDIA A100-SXM4-40GB MIG 4g.20gb (0),1,,7,[CUDA memcpy Device-to-Host]
3919716263,12608,234670,1434,1,1,128,1,1,16,0.000,0.000,,,,,NVIDIA A100-SXM4-40GB MIG 4g.20gb (0),1,,13,cupy_copy__complex64_complex64
3919742215,2720,234677,103,1,1,128,1,1,16,0.000,0.000,,,,,NVIDIA A100-SXM4-40GB MIG 4g.20gb (0),1,,13,cupy_copy__complex64_complex64
3919757767,2496,234684,35,1,1,128,1,1,16,0.000,0.000,,,,,NVIDIA A100-SXM4-40GB MIG 4g.20gb (0),1,,13,cupy_copy__complex64_complex64
3919774663,1824,234691,1,1,1,1,1,1,18,0.000,0.000,,,,,NVIDIA A100-SXM4-40GB MIG 4g.20gb (0),1,,13,cupy_copy__float32_float32
3919902021,83039,234702,1,1,1,32,32,1,30,0.000,0.000,,,,,NVIDIA A100-SXM4-40GB MIG 4g.20gb (0),1,,13,"void convert_kernel<__half2, float2>(tensor_layout_any, T1 *, tensor_layout_any, const T2 *)"
3920013892,6304,234705,,,,,,,,,,0.094,14862.903,Pinned,Device,NVIDIA A100-SXM4-40GB MIG 4g.20gb (0),1,,13,[CUDA memcpy Host-to-Device]
3920027972,3327,234706,,,,,,,,,,1.547,464870.322,Device,,NVIDIA A100-SXM4-40GB MIG 4g.20gb (0),1,,13,[CUDA memset]
3920034723,3072,234711,,,,,,,,,,0.031,10187.474,Pinned,Device,NVIDIA A100-SXM4-40GB MIG 4g.20gb (0),1,,13,[CUDA memcpy Host-to-Device]
3920040387,9952,234712,,,,,,,,,,0.197,19755.565,Pinned,Device,NVIDIA A100-SXM4-40GB MIG 4g.20gb (0),1,,13,[CUDA memcpy Host-to-Device]
3920054947,7680,234713,273,1,1,8,4,1,39,0.002,0.000,,,,,NVIDIA A100-SXM4-40GB MIG 4g.20gb (0),1,,13,"void channel_eq::eqMmseCoefCompLowMimoKernel<float, float, float, (unsigned int)4, (unsigned int)1, (unsigned int)4>(const channel_eq::_puschRxChEqStatDescr *, channel_eq::_puschRxChEqCoefCompDynDescr)"
3920064355,6048,234714,273,1,1,12,11,1,51,0.002,0.000,,,,,NVIDIA A100-SXM4-40GB MIG 4g.20gb (0),1,,13,"void channel_eq::eqMmseSoftDemapKernel<float, __half, __half, float, (unsigned int)4, (unsigned short)16383>(channel_eq::_puschRxChEqStatDescr *, channel_eq::_puschRxChEqSoftDemapDynDescr)"
3920071811,290044,234715,1,1,1,32,32,1,30,0.000,0.000,,,,,NVIDIA A100-SXM4-40GB MIG 4g.20gb (0),1,,13,"void convert_kernel<float2, __half2>(tensor_layout_any, T1 *, tensor_layout_any, const T2 *)"
3920362975,11104,234727,2253,1,1,128,1,1,16,0.000,0.000,,,,,NVIDIA A100-SXM4-40GB MIG 4g.20gb (0),1,,13,cupy_copy__float16_float16
3920379519,2816,234736,282,1,1,128,1,1,16,0.000,0.000,,,,,NVIDIA A100-SXM4-40GB MIG 4g.20gb (0),1,,13,cupy_copy__complex64_complex64
3920384703,2112,234745,26,1,1,128,1,1,16,0.000,0.000,,,,,NVIDIA A100-SXM4-40GB MIG 4g.20gb (0),1,,13,cupy_copy__float32_float32
3920391583,5760,234754,103,1,1,128,1,1,16,0.000,0.000,,,,,NVIDIA A100-SXM4-40GB MIG 4g.20gb (0),1,,13,cupy_copy__complex64_complex64
3920399391,12064,234764,1434,1,1,128,1,1,16,0.000,0.000,,,,,NVIDIA A100-SXM4-40GB MIG 4g.20gb (0),1,,13,cupy_copy__complex64_complex64
3920414431,83007,234769,1,1,1,32,32,1,30,0.000,0.000,,,,,NVIDIA A100-SXM4-40GB MIG 4g.20gb (0),1,,13,"void convert_kernel<__half2, float2>(tensor_layout_any, T1 *, tensor_layout_any, const T2 *)"
3920524093,5728,234772,,,,,,,,,,0.094,16357.541,Pinned,Device,NVIDIA A100-SXM4-40GB MIG 4g.20gb (0),1,,13,[CUDA memcpy Host-to-Device]
3920535101,598297,234773,,,,,,,,,,456.561,762914.166,Device,,NVIDIA A100-SXM4-40GB MIG 4g.20gb (0),1,,13,[CUDA memset]
3921140342,108830,234778,,,,,,,,,,1.235,11346.665,Pinned,Device,NVIDIA A100-SXM4-40GB MIG 4g.20gb (0),1,,13,[CUDA memcpy Host-to-Device]
3921256404,17568,234779,,,,,,,,,,0.197,11191.124,Pinned,Device,NVIDIA A100-SXM4-40GB MIG 4g.20gb (0),1,,13,[CUDA memcpy Host-to-Device]
3921288724,8320,234780,69,4,1,48,1,1,76,0.002,0.000,,,,,NVIDIA A100-SXM4-40GB MIG 4g.20gb (0),1,,13,"void ch_est::windowedChEstPreNoDftSOfdmKernel<float, __half, float, (unsigned int)2, (unsigned int)1, (unsigned short)4>(ch_est::puschRxChEstStatDescr_t *, ch_est::puschRxChEstDynDescr_t *)"
3921304180,6272,234781,137,2,1,24,2,1,44,0.001,0.001,,,,,NVIDIA A100-SXM4-40GB MIG 4g.20gb (0),1,,13,"void ch_est::chEstFilterNoDftSOfdmDispatchKernel<float, __half, float, (unsigned int)2>(ch_est::puschRxChEstStatDescr_t *, ch_est::puschRxChEstDynDescr_t *)"
3921312884,5088,234782,137,2,1,24,2,1,44,0.001,0.001,,,,,NVIDIA A100-SXM4-40GB MIG 4g.20gb (0),1,,13,"void ch_est::chEstFilterNoDftSOfdmDispatchKernel<float, __half, float, (unsigned int)2>(ch_est::puschRxChEstStatDescr_t *, ch_est::puschRxChEstDynDescr_t *)"
3921321460,2592,234793,103,1,1,128,1,1,16,0.000,0.000,,,,,NVIDIA A100-SXM4-40GB MIG 4g.20gb (0),1,,13,cupy_copy__complex64_complex64
3921328883,12704,234803,1434,1,1,128,1,1,16,0.000,0.000,,,,,NVIDIA A100-SXM4-40GB MIG 4g.20gb (0),1,,13,cupy_copy__complex64_complex64
3921346387,2944,234810,103,1,1,128,1,1,16,0.000,0.000,,,,,NVIDIA A100-SXM4-40GB MIG 4g.20gb (0),1,,13,cupy_copy__complex64_complex64
3921354483,89791,234817,1,1,1,32,32,1,30,0.000,0.000,,,,,NVIDIA A100-SXM4-40GB MIG 4g.20gb (0),1,,13,"void convert_kernel<__half2, float2>(tensor_layout_any, T1 *, tensor_layout_any, const T2 *)"
3921471570,6048,234820,,,,,,,,,,0.094,15491.978,Pinned,Device,NVIDIA A100-SXM4-40GB MIG 4g.20gb (0),1,,13,[CUDA memcpy Host-to-Device]
3921483506,46591,234821,,,,,,,,,,35.810,768588.313,Device,,NVIDIA A100-SXM4-40GB MIG 4g.20gb (0),1,,13,[CUDA memset]
3921536625,4352,234823,,,,,,,,,,0.000,18.382,Pinned,Device,NVIDIA A100-SXM4-40GB MIG 4g.20gb (0),1,,13,[CUDA memcpy Host-to-Device]
3921545233,11200,234824,,,,,,,,,,0.197,17554.145,Pinned,Device,NVIDIA A100-SXM4-40GB MIG 4g.20gb (0),1,,13,[CUDA memcpy Host-to-Device]
3921563569,10047,234825,273,1,1,48,1,1,40,0.000,0.001,,,,,NVIDIA A100-SXM4-40GB MIG 4g.20gb (0),1,,13,"void pusch_noise_intf_est::noiseIntfEstNoDftSOfdmKernel<float, __half, float, float, (unsigned int)2, (unsigned int)1, (unsigned char)4, (unsigned char)4>(pusch_noise_intf_est::puschRxNoiseIntfEstDynDescr)"
3921578864,3392,234836,35,1,1,128,1,1,16,0.000,0.000,,,,,NVIDIA A100-SXM4-40GB MIG 4g.20gb (0),1,,13,cupy_copy__complex64_complex64
3921593712,1888,234845,1,1,1,1,1,1,18,0.000,0.000,,,,,NVIDIA A100-SXM4-40GB MIG 4g.20gb (0),1,,13,cupy_copy__float32_float32
3921623440,1888,234851,,,,,,,,,,0.000,2.119,Device,Pageable,NVIDIA A100-SXM4-40GB MIG 4g.20gb (0),1,,7,[CUDA memcpy Device-to-Host]
3921682863,13056,234862,1434,1,1,128,1,1,16,0.000,0.000,,,,,NVIDIA A100-SXM4-40GB MIG 4g.20gb (0),1,,13,cupy_copy__complex64_complex64
3921710831,2912,234869,103,1,1,128,1,1,16,0.000,0.000,,,,,NVIDIA A100-SXM4-40GB MIG 4g.20gb (0),1,,13,cupy_copy__complex64_complex64
3921731502,2592,234876,35,1,1,128,1,1,16,0.000,0.000,,,,,NVIDIA A100-SXM4-40GB MIG 4g.20gb (0),1,,13,cupy_copy__complex64_complex64
3921749966,1760,234883,1,1,1,1,1,1,18,0.000,0.000,,,,,NVIDIA A100-SXM4-40GB MIG 4g.20gb (0),1,,13,cupy_copy__float32_float32
3921879821,87423,234894,1,1,1,32,32,1,30,0.000,0.000,,,,,NVIDIA A100-SXM4-40GB MIG 4g.20gb (0),1,,13,"void convert_kernel<__half2, float2>(tensor_layout_any, T1 *, tensor_layout_any, const T2 *)"
3921995147,5728,234897,,,,,,,,,,0.094,16357.541,Pinned,Device,NVIDIA A100-SXM4-40GB MIG 4g.20gb (0),1,,13,[CUDA memcpy Host-to-Device]
3922009899,3392,234898,,,,,,,,,,1.547,455961.768,Device,,NVIDIA A100-SXM4-40GB MIG 4g.20gb (0),1,,13,[CUDA memset]
3922017963,3136,234903,,,,,,,,,,0.031,9979.575,Pinned,Device,NVIDIA A100-SXM4-40GB MIG 4g.20gb (0),1,,13,[CUDA memcpy Host-to-Device]
3922023851,10048,234904,,,,,,,,,,0.197,19566.821,Pinned,Device,NVIDIA A100-SXM4-40GB MIG 4g.20gb (0),1,,13,[CUDA memcpy Host-to-Device]
3922037643,7104,234905,273,1,1,8,4,1,39,0.002,0.000,,,,,NVIDIA A100-SXM4-40GB MIG 4g.20gb (0),1,,13,"void channel_eq::eqMmseCoefCompLowMimoKernel<float, float, float, (unsigned int)4, (unsigned int)1, (unsigned int)4>(const channel_eq::_puschRxChEqStatDescr *, channel_eq::_puschRxChEqCoefCompDynDescr)"
3922045739,6304,234906,273,1,1,12,11,1,51,0.002,0.000,,,,,NVIDIA A100-SXM4-40GB MIG 4g.20gb (0),1,,13,"void channel_eq::eqMmseSoftDemapKernel<float, __half, __half, float, (unsigned int)4, (unsigned short)16383>(channel_eq::_puschRxChEqStatDescr *, channel_eq::_puschRxChEqSoftDemapDynDescr)"
3922053098,282397,234907,1,1,1,32,32,1,30,0.000,0.000,,,,,NVIDIA A100-SXM4-40GB MIG 4g.20gb (0),1,,13,"void convert_kernel<float2, __half2>(tensor_layout_any, T1 *, tensor_layout_any, const T2 *)"
3922336647,10816,234919,2253,1,1,128,1,1,16,0.000,0.000,,,,,NVIDIA A100-SXM4-40GB MIG 4g.20gb (0),1,,13,cupy_copy__float16_float16
3922349319,3136,234928,282,1,1,128,1,1,16,0.000,0.000,,,,,NVIDIA A100-SXM4-40GB MIG 4g.20gb (0),1,,13,cupy_copy__complex64_complex64
3922354407,2560,234937,26,1,1,128,1,1,16,0.000,0.000,,,,,NVIDIA A100-SXM4-40GB MIG 4g.20gb (0),1,,13,cupy_copy__float32_float32
3922359335,3136,234946,103,1,1,128,1,1,16,0.000,0.000,,,,,NVIDIA A100-SXM4-40GB MIG 4g.20gb (0),1,,13,cupy_copy__complex64_complex64
3922363495,11744,234956,1434,1,1,128,1,1,16,0.000,0.000,,,,,NVIDIA A100-SXM4-40GB MIG 4g.20gb (0),1,,13,cupy_copy__complex64_complex64
3922383462,82207,234961,1,1,1,32,32,1,30,0.000,0.000,,,,,NVIDIA A100-SXM4-40GB MIG 4g.20gb (0),1,,13,"void convert_kernel<__half2, float2>(tensor_layout_any, T1 *, tensor_layout_any, const T2 *)"
3922492261,5888,234964,,,,,,,,,,0.094,15912.954,Pinned,Device,NVIDIA A100-SXM4-40GB MIG 4g.20gb (0),1,,13,[CUDA memcpy Host-to-Device]
3922502021,600505,234965,,,,,,,,,,456.561,760174.798,Device,,NVIDIA A100-SXM4-40GB MIG 4g.20gb (0),1,,13,[CUDA memset]
3923107805,167806,234970,,,,,,,,,,1.235,7359.031,Pinned,Device,NVIDIA A100-SXM4-40GB MIG 4g.20gb (0),1,,13,[CUDA memcpy Host-to-Device]
3923288443,39296,234971,,,,,,,,,,0.197,5003.084,Pinned,Device,NVIDIA A100-SXM4-40GB MIG 4g.20gb (0),1,,13,[CUDA memcpy Host-to-Device]
3923357850,8000,234972,69,4,1,48,1,1,76,0.002,0.000,,,,,NVIDIA A100-SXM4-40GB MIG 4g.20gb (0),1,,13,"void ch_est::windowedChEstPreNoDftSOfdmKernel<float, __half, float, (unsigned int)2, (unsigned int)1, (unsigned short)4>(ch_est::puschRxChEstStatDescr_t *, ch_est::puschRxChEstDynDescr_t *)"
3923377210,6592,234973,137,2,1,24,2,1,44,0.001,0.001,,,,,NVIDIA A100-SXM4-40GB MIG 4g.20gb (0),1,,13,"void ch_est::chEstFilterNoDftSOfdmDispatchKernel<float, __half, float, (unsigned int)2>(ch_est::puschRxChEstStatDescr_t *, ch_est::puschRxChEstDynDescr_t *)"
3923393242,4736,234974,137,2,1,24,2,1,44,0.001,0.001,,,,,NVIDIA A100-SXM4-40GB MIG 4g.20gb (0),1,,13,"void ch_est::chEstFilterNoDftSOfdmDispatchKernel<float, __half, float, (unsigned int)2>(ch_est::puschRxChEstStatDescr_t *, ch_est::puschRxChEstDynDescr_t *)"
3923408922,2624,234985,103,1,1,128,1,1,16,0.000,0.000,,,,,NVIDIA A100-SXM4-40GB MIG 4g.20gb (0),1,,13,cupy_copy__complex64_complex64
3923420698,12703,234995,1434,1,1,128,1,1,16,0.000,0.000,,,,,NVIDIA A100-SXM4-40GB MIG 4g.20gb (0),1,,13,cupy_copy__complex64_complex64
3923446969,2560,235002,103,1,1,128,1,1,16,0.000,0.000,,,,,NVIDIA A100-SXM4-40GB MIG 4g.20gb (0),1,,13,cupy_copy__complex64_complex64
3923458233,87199,235009,1,1,1,32,32,1,30,0.000,0.000,,,,,NVIDIA A100-SXM4-40GB MIG 4g.20gb (0),1,,13,"void convert_kernel<__half2, float2>(tensor_layout_any, T1 *, tensor_layout_any, const T2 *)"
3923577432,6336,235012,,,,,,,,,,0.094,14787.852,Pinned,Device,NVIDIA A100-SXM4-40GB MIG 4g.20gb (0),1,,13,[CUDA memcpy Host-to-Device]
3923590423,47360,235013,,,,,,,,,,35.810,756090.651,Device,,NVIDIA A100-SXM4-40GB MIG 4g.20gb (0),1,,13,[CUDA memset]
3923643671,5632,235015,,,,,,,,,,0.000,14.204,Pinned,Device,NVIDIA A100-SXM4-40GB MIG 4g.20gb (0),1,,13,[CUDA memcpy Host-to-Device]
3923656311,15967,235016,,,,,,,,,,0.197,12313.362,Pinned,Device,NVIDIA A100-SXM4-40GB MIG 4g.20gb (0),1,,13,[CUDA memcpy Host-to-Device]
3923680182,12512,235017,273,1,1,48,1,1,40,0.000,0.001,,,,,NVIDIA A100-SXM4-40GB MIG 4g.20gb (0),1,,13,"void pusch_noise_intf_est::noiseIntfEstNoDftSOfdmKernel<float, __half, float, float, (unsigned int)2, (unsigned int)1, (unsigned char)4, (unsigned char)4>(pusch_noise_intf_est::puschRxNoiseIntfEstDynDescr)"
3923696854,2848,235028,35,1,1,128,1,1,16,0.000,0.000,,,,,NVIDIA A100-SXM4-40GB MIG 4g.20gb (0),1,,13,cupy_copy__complex64_complex64
3923704118,2304,235037,1,1,1,1,1,1,18,0.000,0.000,,,,,NVIDIA A100-SXM4-40GB MIG 4g.20gb (0),1,,13,cupy_copy__float32_float32
3923727510,1792,235043,,,,,,,,,,0.000,2.232,Device,Pageable,NVIDIA A100-SXM4-40GB MIG 4g.20gb (0),1,,7,[CUDA memcpy Device-to-Host]
3923787797,13216,235054,1434,1,1,128,1,1,16,0.000,0.000,,,,,NVIDIA A100-SXM4-40GB MIG 4g.20gb (0),1,,13,cupy_copy__complex64_complex64
3923814101,3424,235061,103,1,1,128,1,1,16,0.000,0.000,,,,,NVIDIA A100-SXM4-40GB MIG 4g.20gb (0),1,,13,cupy_copy__complex64_complex64
3923835572,2560,235068,35,1,1,128,1,1,16,0.000,0.000,,,,,NVIDIA A100-SXM4-40GB MIG 4g.20gb (0),1,,13,cupy_copy__complex64_complex64
3923853524,1792,235075,1,1,1,1,1,1,18,0.000,0.000,,,,,NVIDIA A100-SXM4-40GB MIG 4g.20gb (0),1,,13,cupy_copy__float32_float32
3923984083,87647,235086,1,1,1,32,32,1,30,0.000,0.000,,,,,NVIDIA A100-SXM4-40GB MIG 4g.20gb (0),1,,13,"void convert_kernel<__half2, float2>(tensor_layout_any, T1 *, tensor_layout_any, const T2 *)"
3924098961,6016,235089,,,,,,,,,,0.094,15574.430,Pinned,Device,NVIDIA A100-SXM4-40GB MIG 4g.20gb (0),1,,13,[CUDA memcpy Host-to-Device]
3924114129,3296,235090,,,,,,,,,,1.547,469242.628,Device,,NVIDIA A100-SXM4-40GB MIG 4g.20gb (0),1,,13,[CUDA memset]
3924120273,3456,235095,,,,,,,,,,0.031,9055.529,Pinned,Device,NVIDIA A100-SXM4-40GB MIG 4g.20gb (0),1,,13,[CUDA memcpy Host-to-Device]
3924126417,10048,235096,,,,,,,,,,0.197,19566.821,Pinned,Device,NVIDIA A100-SXM4-40GB MIG 4g.20gb (0),1,,13,[CUDA memcpy Host-to-Device]
3924140849,6176,235097,273,1,1,8,4,1,39,0.002,0.000,,,,,NVIDIA A100-SXM4-40GB MIG 4g.20gb (0),1,,13,"void channel_eq::eqMmseCoefCompLowMimoKernel<float, float, float, (unsigned int)4, (unsigned int)1, (unsigned int)4>(const channel_eq::_puschRxChEqStatDescr *, channel_eq::_puschRxChEqCoefCompDynDescr)"
3924148241,6016,235098,273,1,1,12,11,1,51,0.002,0.000,,,,,NVIDIA A100-SXM4-40GB MIG 4g.20gb (0),1,,13,"void channel_eq::eqMmseSoftDemapKernel<float, __half, __half, float, (unsigned int)4, (unsigned short)16383>(channel_eq::_puschRxChEqStatDescr *, channel_eq::_puschRxChEqSoftDemapDynDescr)"
3924155601,294172,235099,1,1,1,32,32,1,30,0.000,0.000,,,,,NVIDIA A100-SXM4-40GB MIG 4g.20gb (0),1,,13,"void convert_kernel<float2, __half2>(tensor_layout_any, T1 *, tensor_layout_any, const T2 *)"
3924451853,10944,235111,2253,1,1,128,1,1,16,0.000,0.000,,,,,NVIDIA A100-SXM4-40GB MIG 4g.20gb (0),1,,13,cupy_copy__float16_float16
3924467661,2944,235120,282,1,1,128,1,1,16,0.000,0.000,,,,,NVIDIA A100-SXM4-40GB MIG 4g.20gb (0),1,,13,cupy_copy__complex64_complex64
3924473645,2016,235129,26,1,1,128,1,1,16,0.000,0.000,,,,,NVIDIA A100-SXM4-40GB MIG 4g.20gb (0),1,,13,cupy_copy__float32_float32
3924476621,4543,235138,103,1,1,128,1,1,16,0.000,0.000,,,,,NVIDIA A100-SXM4-40GB MIG 4g.20gb (0),1,,13,cupy_copy__complex64_complex64
3924482220,11936,235148,1434,1,1,128,1,1,16,0.000,0.000,,,,,NVIDIA A100-SXM4-40GB MIG 4g.20gb (0),1,,13,cupy_copy__complex64_complex64
3924496204,87903,235153,1,1,1,32,32,1,30,0.000,0.000,,,,,NVIDIA A100-SXM4-40GB MIG 4g.20gb (0),1,,13,"void convert_kernel<__half2, float2>(tensor_layout_any, T1 *, tensor_layout_any, const T2 *)"
3924611819,5568,235156,,,,,,,,,,0.094,16827.521,Pinned,Device,NVIDIA A100-SXM4-40GB MIG 4g.20gb (0),1,,13,[CUDA memcpy Host-to-Device]
3924622251,596216,235157,,,,,,,,,,456.561,765653.535,Device,,NVIDIA A100-SXM4-40GB MIG 4g.20gb (0),1,,13,[CUDA memset]
3925223875,138239,235162,,,,,,,,,,1.235,8932.350,Pinned,Device,NVIDIA A100-SXM4-40GB MIG 4g.20gb (0),1,,13,[CUDA memcpy Host-to-Device]
3925374337,40096,235163,,,,,,,,,,0.197,4903.404,Pinned,Device,NVIDIA A100-SXM4-40GB MIG 4g.20gb (0),1,,13,[CUDA memcpy Host-to-Device]
3925432065,8288,235164,69,4,1,48,1,1,76,0.002,0.000,,,,,NVIDIA A100-SXM4-40GB MIG 4g.20gb (0),1,,13,"void ch_est::windowedChEstPreNoDftSOfdmKernel<float, __half, float, (unsigned int)2, (unsigned int)1, (unsigned short)4>(ch_est::puschRxChEstStatDescr_t *, ch_est::puschRxChEstDynDescr_t *)"
3925449920,6944,235165,137,2,1,24,2,1,44,0.001,0.001,,,,,NVIDIA A100-SXM4-40GB MIG 4g.20gb (0),1,,13,"void ch_est::chEstFilterNoDftSOfdmDispatchKernel<float, __half, float, (unsigned int)2>(ch_est::puschRxChEstStatDescr_t *, ch_est::puschRxChEstDynDescr_t *)"
3925467648,4768,235166,137,2,1,24,2,1,44,0.001,0.001,,,,,NVIDIA A100-SXM4-40GB MIG 4g.20gb (0),1,,13,"void ch_est::chEstFilterNoDftSOfdmDispatchKernel<float, __half, float, (unsigned int)2>(ch_est::puschRxChEstStatDescr_t *, ch_est::puschRxChEstDynDescr_t *)"
3925485440,2720,235177,103,1,1,128,1,1,16,0.000,0.000,,,,,NVIDIA A100-SXM4-40GB MIG 4g.20gb (0),1,,13,cupy_copy__complex64_complex64
3925502752,12576,235187,1434,1,1,128,1,1,16,0.000,0.000,,,,,NVIDIA A100-SXM4-40GB MIG 4g.20gb (0),1,,13,cupy_copy__complex64_complex64
3925521280,2912,235194,103,1,1,128,1,1,16,0.000,0.000,,,,,NVIDIA A100-SXM4-40GB MIG 4g.20gb (0),1,,13,cupy_copy__complex64_complex64
3925546335,86367,235201,1,1,1,32,32,1,30,0.000,0.000,,,,,NVIDIA A100-SXM4-40GB MIG 4g.20gb (0),1,,13,"void convert_kernel<__half2, float2>(tensor_layout_any, T1 *, tensor_layout_any, const T2 *)"
3925665406,24832,235204,,,,,,,,,,0.094,3773.138,Pinned,Device,NVIDIA A100-SXM4-40GB MIG 4g.20gb (0),1,,13,[CUDA memcpy Host-to-Device]
3925708829,47552,235205,,,,,,,,,,35.810,753046.808,Device,,NVIDIA A100-SXM4-40GB MIG 4g.20gb (0),1,,13,[CUDA memset]
3925763517,6240,235207,,,,,,,,,,0.000,12.820,Pinned,Device,NVIDIA A100-SXM4-40GB MIG 4g.20gb (0),1,,13,[CUDA memcpy Host-to-Device]
3925780700,20768,235208,,,,,,,,,,0.197,9466.872,Pinned,Device,NVIDIA A100-SXM4-40GB MIG 4g.20gb (0),1,,13,[CUDA memcpy Host-to-Device]
3925818876,9824,235209,273,1,1,48,1,1,40,0.000,0.001,,,,,NVIDIA A100-SXM4-40GB MIG 4g.20gb (0),1,,13,"void pusch_noise_intf_est::noiseIntfEstNoDftSOfdmKernel<float, __half, float, float, (unsigned int)2, (unsigned int)1, (unsigned char)4, (unsigned char)4>(pusch_noise_intf_est::puschRxNoiseIntfEstDynDescr)"
3925833212,3232,235220,35,1,1,128,1,1,16,0.000,0.000,,,,,NVIDIA A100-SXM4-40GB MIG 4g.20gb (0),1,,13,cupy_copy__complex64_complex64
3925841244,1952,235229,1,1,1,1,1,1,18,0.000,0.000,,,,,NVIDIA A100-SXM4-40GB MIG 4g.20gb (0),1,,13,cupy_copy__float32_float32
3925848636,5344,235235,,,,,,,,,,0.000,0.749,Device,Pageable,NVIDIA A100-SXM4-40GB MIG 4g.20gb (0),1,,7,[CUDA memcpy Device-to-Host]
3925921595,12992,235246,1434,1,1,128,1,1,16,0.000,0.000,,,,,NVIDIA A100-SXM4-40GB MIG 4g.20gb (0),1,,13,cupy_copy__complex64_complex64
3925948570,2880,235253,103,1,1,128,1,1,16,0.000,0.000,,,,,NVIDIA A100-SXM4-40GB MIG 4g.20gb (0),1,,13,cupy_copy__complex64_complex64
3925972666,2560,235260,35,1,1,128,1,1,16,0.000,0.000,,,,,NVIDIA A100-SXM4-40GB MIG 4g.20gb (0),1,,13,cupy_copy__complex64_complex64
3925990138,2016,235267,1,1,1,1,1,1,18,0.000,0.000,,,,,NVIDIA A100-SXM4-40GB MIG 4g.20gb (0),1,,13,cupy_copy__float32_float32
3926113848,82047,235278,1,1,1,32,32,1,30,0.000,0.000,,,,,NVIDIA A100-SXM4-40GB MIG 4g.20gb (0),1,,13,"void convert_kernel<__half2, float2>(tensor_layout_any, T1 *, tensor_layout_any, const T2 *)"
3926224823,5984,235281,,,,,,,,,,0.094,15657.726,Pinned,Device,NVIDIA A100-SXM4-40GB MIG 4g.20gb (0),1,,13,[CUDA memcpy Host-to-Device]
3926240343,3584,235282,,,,,,,,,,1.547,431534.389,Device,,NVIDIA A100-SXM4-40GB MIG 4g.20gb (0),1,,13,[CUDA memset]
3926246103,3264,235287,,,,,,,,,,0.031,9588.218,Pinned,Device,NVIDIA A100-SXM4-40GB MIG 4g.20gb (0),1,,13,[CUDA memcpy Host-to-Device]
3926251927,9375,235288,,,,,,,,,,0.197,20971.389,Pinned,Device,NVIDIA A100-SXM4-40GB MIG 4g.20gb (0),1,,13,[CUDA memcpy Host-to-Device]
3926266838,7744,235289,273,1,1,8,4,1,39,0.002,0.000,,,,,NVIDIA A100-SXM4-40GB MIG 4g.20gb (0),1,,13,"void channel_eq::eqMmseCoefCompLowMimoKernel<float, float, float, (unsigned int)4, (unsigned int)1, (unsigned int)4>(const channel_eq::_puschRxChEqStatDescr *, channel_eq::_puschRxChEqCoefCompDynDescr)"
3926275670,6336,235290,273,1,1,12,11,1,51,0.002,0.000,,,,,NVIDIA A100-SXM4-40GB MIG 4g.20gb (0),1,,13,"void channel_eq::eqMmseSoftDemapKernel<float, __half, __half, float, (unsigned int)4, (unsigned short)16383>(channel_eq::_puschRxChEqStatDescr *, channel_eq::_puschRxChEqSoftDemapDynDescr)"
3926283094,282525,235291,1,1,1,32,32,1,30,0.000,0.000,,,,,NVIDIA A100-SXM4-40GB MIG 4g.20gb (0),1,,13,"void convert_kernel<float2, __half2>(tensor_layout_any, T1 *, tensor_layout_any, const T2 *)"
3926568435,11008,235303,2253,1,1,128,1,1,16,0.000,0.000,,,,,NVIDIA A100-SXM4-40GB MIG 4g.20gb (0),1,,13,cupy_copy__float16_float16
3926581875,3231,235312,282,1,1,128,1,1,16,0.000,0.000,,,,,NVIDIA A100-SXM4-40GB MIG 4g.20gb (0),1,,13,cupy_copy__complex64_complex64
3926588786,2176,235321,26,1,1,128,1,1,16,0.000,0.000,,,,,NVIDIA A100-SXM4-40GB MIG 4g.20gb (0),1,,13,cupy_copy__float32_float32
3926594450,2784,235330,103,1,1,128,1,1,16,0.000,0.000,,,,,NVIDIA A100-SXM4-40GB MIG 4g.20gb (0),1,,13,cupy_copy__complex64_complex64
3926600082,12000,235340,1434,1,1,128,1,1,16,0.000,0.000,,,,,NVIDIA A100-SXM4-40GB MIG 4g.20gb (0),1,,13,cupy_copy__complex64_complex64
3926615986,82143,235345,1,1,1,32,32,1,30,0.000,0.000,,,,,NVIDIA A100-SXM4-40GB MIG 4g.20gb (0),1,,13,"void convert_kernel<__half2, float2>(tensor_layout_any, T1 *, tensor_layout_any, const T2 *)"
3926725969,5344,235348,,,,,,,,,,0.094,17532.864,Pinned,Device,NVIDIA A100-SXM4-40GB MIG 4g.20gb (0),1,,13,[CUDA memcpy Host-to-Device]
3926738001,595512,235349,,,,,,,,,,456.561,766566.658,Device,,NVIDIA A100-SXM4-40GB MIG 4g.20gb (0),1,,13,[CUDA memset]
3927339241,135870,235354,,,,,,,,,,1.235,9087.953,Pinned,Device,NVIDIA A100-SXM4-40GB MIG 4g.20gb (0),1,,13,[CUDA memcpy Host-to-Device]
3927483687,31776,235355,,,,,,,,,,0.197,6187.254,Pinned,Device,NVIDIA A100-SXM4-40GB MIG 4g.20gb (0),1,,13,[CUDA memcpy Host-to-Device]
3927536487,8288,235356,69,4,1,48,1,1,76,0.002,0.000,,,,,NVIDIA A100-SXM4-40GB MIG 4g.20gb (0),1,,13,"void ch_est::windowedChEstPreNoDftSOfdmKernel<float, __half, float, (unsigned int)2, (unsigned int)1, (unsigned short)4>(ch_est::puschRxChEstStatDescr_t *, ch_est::puschRxChEstDynDescr_t *)"
3927551687,6815,235357,137,2,1,24,2,1,44,0.001,0.001,,,,,NVIDIA A100-SXM4-40GB MIG 4g.20gb (0),1,,13,"void ch_est::chEstFilterNoDftSOfdmDispatchKernel<float, __half, float, (unsigned int)2>(ch_est::puschRxChEstStatDescr_t *, ch_est::puschRxChEstDynDescr_t *)"
3927564614,4704,235358,137,2,1,24,2,1,44,0.001,0.001,,,,,NVIDIA A100-SXM4-40GB MIG 4g.20gb (0),1,,13,"void ch_est::chEstFilterNoDftSOfdmDispatchKernel<float, __half, float, (unsigned int)2>(ch_est::puschRxChEstStatDescr_t *, ch_est::puschRxChEstDynDescr_t *)"
3927577734,2496,235369,103,1,1,128,1,1,16,0.000,0.000,,,,,NVIDIA A100-SXM4-40GB MIG 4g.20gb (0),1,,13,cupy_copy__complex64_complex64
3927593478,12320,235379,1434,1,1,128,1,1,16,0.000,0.000,,,,,NVIDIA A100-SXM4-40GB MIG 4g.20gb (0),1,,13,cupy_copy__complex64_complex64
3927626726,2560,235386,103,1,1,128,1,1,16,0.000,0.000,,,,,NVIDIA A100-SXM4-40GB MIG 4g.20gb (0),1,,13,cupy_copy__complex64_complex64
3927642565,85695,235393,1,1,1,32,32,1,30,0.000,0.000,,,,,NVIDIA A100-SXM4-40GB MIG 4g.20gb (0),1,,13,"void convert_kernel<__half2, float2>(tensor_layout_any, T1 *, tensor_layout_any, const T2 *)"
3927761988,26272,235396,,,,,,,,,,0.094,3566.351,Pinned,Device,NVIDIA A100-SXM4-40GB MIG 4g.20gb (0),1,,13,[CUDA memcpy Host-to-Device]
3927804003,47552,235397,,,,,,,,,,35.810,753046.808,Device,,NVIDIA A100-SXM4-40GB MIG 4g.20gb (0),1,,13,[CUDA memset]
3927856355,16128,235399,,,,,,,,,,0.000,4.960,Pinned,Device,NVIDIA A100-SXM4-40GB MIG 4g.20gb (0),1,,13,[CUDA memcpy Host-to-Device]
3927879778,36672,235400,,,,,,,,,,0.197,5361.107,Pinned,Device,NVIDIA A100-SXM4-40GB MIG 4g.20gb (0),1,,13,[CUDA memcpy Host-to-Device]
3927936258,9568,235401,273,1,1,48,1,1,40,0.000,0.001,,,,,NVIDIA A100-SXM4-40GB MIG 4g.20gb (0),1,,13,"void pusch_noise_intf_est::noiseIntfEstNoDftSOfdmKernel<float, __half, float, float, (unsigned int)2, (unsigned int)1, (unsigned char)4, (unsigned char)4>(pusch_noise_intf_est::puschRxNoiseIntfEstDynDescr)"
3927953218,2752,235412,35,1,1,128,1,1,16,0.000,0.000,,,,,NVIDIA A100-SXM4-40GB MIG 4g.20gb (0),1,,13,cupy_copy__complex64_complex64
3927970049,1728,235421,1,1,1,1,1,1,18,0.000,0.000,,,,,NVIDIA A100-SXM4-40GB MIG 4g.20gb (0),1,,13,cupy_copy__float32_float32
3927976481,6240,235427,,,,,,,,,,0.000,0.641,Device,Pageable,NVIDIA A100-SXM4-40GB MIG 4g.20gb (0),1,,7,[CUDA memcpy Device-to-Host]
3928078848,13056,235438,1434,1,1,128,1,1,16,0.000,0.000,,,,,NVIDIA A100-SXM4-40GB MIG 4g.20gb (0),1,,13,cupy_copy__complex64_complex64
3928104992,2720,235445,103,1,1,128,1,1,16,0.000,0.000,,,,,NVIDIA A100-SXM4-40GB MIG 4g.20gb (0),1,,13,cupy_copy__complex64_complex64
3928124223,2304,235452,35,1,1,128,1,1,16,0.000,0.000,,,,,NVIDIA A100-SXM4-40GB MIG 4g.20gb (0),1,,13,cupy_copy__complex64_complex64
3928140735,1696,235459,1,1,1,1,1,1,18,0.000,0.000,,,,,NVIDIA A100-SXM4-40GB MIG 4g.20gb (0),1,,13,cupy_copy__float32_float32
3928265694,82367,235470,1,1,1,32,32,1,30,0.000,0.000,,,,,NVIDIA A100-SXM4-40GB MIG 4g.20gb (0),1,,13,"void convert_kernel<__half2, float2>(tensor_layout_any, T1 *, tensor_layout_any, const T2 *)"
3928375708,14112,235473,,,,,,,,,,0.094,6639.392,Pinned,Device,NVIDIA A100-SXM4-40GB MIG 4g.20gb (0),1,,13,[CUDA memcpy Host-to-Device]
3928399484,3584,235474,,,,,,,,,,1.547,431534.389,Device,,NVIDIA A100-SXM4-40GB MIG 4g.20gb (0),1,,13,[CUDA memset]
3928405212,3904,235479,,,,,,,,,,0.031,8016.377,Pinned,Device,NVIDIA A100-SXM4-40GB MIG 4g.20gb (0),1,,13,[CUDA memcpy Host-to-Device]
3928415548,13280,235480,,,,,,,,,,0.197,14804.779,Pinned,Device,NVIDIA A100-SXM4-40GB MIG 4g.20gb (0),1,,13,[CUDA memcpy Host-to-Device]
3928446619,8512,235481,273,1,1,8,4,1,39,0.002,0.000,,,,,NVIDIA A100-SXM4-40GB MIG 4g.20gb (0),1,,13,"void channel_eq::eqMmseCoefCompLowMimoKernel<float, float, float, (unsigned int)4, (unsigned int)1, (unsigned int)4>(const channel_eq::_puschRxChEqStatDescr *, channel_eq::_puschRxChEqCoefCompDynDescr)"
3928462075,8096,235482,273,1,1,12,11,1,51,0.002,0.000,,,,,NVIDIA A100-SXM4-40GB MIG 4g.20gb (0),1,,13,"void channel_eq::eqMmseSoftDemapKernel<float, __half, __half, float, (unsigned int)4, (unsigned short)16383>(channel_eq::_puschRxChEqStatDescr *, channel_eq::_puschRxChEqSoftDemapDynDescr)"
3928478779,282589,235483,1,1,1,32,32,1,30,0.000,0.000,,,,,NVIDIA A100-SXM4-40GB MIG 4g.20gb (0),1,,13,"void convert_kernel<float2, __half2>(tensor_layout_any, T1 *, tensor_layout_any, const T2 *)"
3928763768,11103,235495,2253,1,1,128,1,1,16,0.000,0.000,,,,,NVIDIA A100-SXM4-40GB MIG 4g.20gb (0),1,,13,cupy_copy__float16_float16
3928781495,2912,235504,282,1,1,128,1,1,16,0.000,0.000,,,,,NVIDIA A100-SXM4-40GB MIG 4g.20gb (0),1,,13,cupy_copy__complex64_complex64
3928785879,2048,235513,26,1,1,128,1,1,16,0.000,0.000,,,,,NVIDIA A100-SXM4-40GB MIG 4g.20gb (0),1,,13,cupy_copy__float32_float32
3928789015,3040,235522,103,1,1,128,1,1,16,0.000,0.000,,,,,NVIDIA A100-SXM4-40GB MIG 4g.20gb (0),1,,13,cupy_copy__complex64_complex64
3928795511,11968,235532,1434,1,1,128,1,1,16,0.000,0.000,,,,,NVIDIA A100-SXM4-40GB MIG 4g.20gb (0),1,,13,cupy_copy__complex64_complex64
3928813143,82047,235537,1,1,1,32,32,1,30,0.000,0.000,,,,,NVIDIA A100-SXM4-40GB MIG 4g.20gb (0),1,,13,"void convert_kernel<__half2, float2>(tensor_layout_any, T1 *, tensor_layout_any, const T2 *)"
3928921782,5696,235540,,,,,,,,,,0.094,16449.363,Pinned,Device,NVIDIA A100-SXM4-40GB MIG 4g.20gb (0),1,,13,[CUDA memcpy Host-to-Device]
3928931317,598009,235541,,,,,,,,,,456.561,763370.728,Device,,NVIDIA A100-SXM4-40GB MIG 4g.20gb (0),1,,13,[CUDA memset]
3929533678,104319,235546,,,,,,,,,,1.235,11836.938,Pinned,Device,NVIDIA A100-SXM4-40GB MIG 4g.20gb (0),1,,13,[CUDA memcpy Host-to-Device]
3929646605,19359,235547,,,,,,,,,,0.197,10155.786,Pinned,Device,NVIDIA A100-SXM4-40GB MIG 4g.20gb (0),1,,13,[CUDA memcpy Host-to-Device]
3929679756,8064,235548,69,4,1,48,1,1,76,0.002,0.000,,,,,NVIDIA A100-SXM4-40GB MIG 4g.20gb (0),1,,13,"void ch_est::windowedChEstPreNoDftSOfdmKernel<float, __half, float, (unsigned int)2, (unsigned int)1, (unsigned short)4>(ch_est::puschRxChEstStatDescr_t *, ch_est::puschRxChEstDynDescr_t *)"
3929689836,7552,235549,137,2,1,24,2,1,44,0.001,0.001,,,,,NVIDIA A100-SXM4-40GB MIG 4g.20gb (0),1,,13,"void ch_est::chEstFilterNoDftSOfdmDispatchKernel<float, __half, float, (unsigned int)2>(ch_est::puschRxChEstStatDescr_t *, ch_est::puschRxChEstDynDescr_t *)"
3929705516,6304,235550,137,2,1,24,2,1,44,0.001,0.001,,,,,NVIDIA A100-SXM4-40GB MIG 4g.20gb (0),1,,13,"void ch_est::chEstFilterNoDftSOfdmDispatchKernel<float, __half, float, (unsigned int)2>(ch_est::puschRxChEstStatDescr_t *, ch_est::puschRxChEstDynDescr_t *)"
3929713388,2944,235561,103,1,1,128,1,1,16,0.000,0.000,,,,,NVIDIA A100-SXM4-40GB MIG 4g.20gb (0),1,,13,cupy_copy__complex64_complex64
3929721356,13536,235571,1434,1,1,128,1,1,16,0.000,0.000,,,,,NVIDIA A100-SXM4-40GB MIG 4g.20gb (0),1,,13,cupy_copy__complex64_complex64
3929738891,2464,235578,103,1,1,128,1,1,16,0.000,0.000,,,,,NVIDIA A100-SXM4-40GB MIG 4g.20gb (0),1,,13,cupy_copy__complex64_complex64
3929746955,88607,235585,1,1,1,32,32,1,30,0.000,0.000,,,,,NVIDIA A100-SXM4-40GB MIG 4g.20gb (0),1,,13,"void convert_kernel<__half2, float2>(tensor_layout_any, T1 *, tensor_layout_any, const T2 *)"
3929867850,13472,235588,,,,,,,,,,0.094,6954.867,Pinned,Device,NVIDIA A100-SXM4-40GB MIG 4g.20gb (0),1,,13,[CUDA memcpy Host-to-Device]
3929885770,47007,235589,,,,,,,,,,35.810,761784.428,Device,,NVIDIA A100-SXM4-40GB MIG 4g.20gb (0),1,,13,[CUDA memset]
3929940169,6944,235591,,,,,,,,,,0.000,11.521,Pinned,Device,NVIDIA A100-SXM4-40GB MIG 4g.20gb (0),1,,13,[CUDA memcpy Host-to-Device]
3929953033,15136,235592,,,,,,,,,,0.197,12989.301,Pinned,Device,NVIDIA A100-SXM4-40GB MIG 4g.20gb (0),1,,13,[CUDA memcpy Host-to-Device]
3929980200,9152,235593,273,1,1,48,1,1,40,0.000,0.001,,,,,NVIDIA A100-SXM4-40GB MIG 4g.20gb (0),1,,13,"void pusch_noise_intf_est::noiseIntfEstNoDftSOfdmKernel<float, __half, float, float, (unsigned int)2, (unsigned int)1, (unsigned char)4, (unsigned char)4>(pusch_noise_intf_est::puschRxNoiseIntfEstDynDescr)"
3929998504,2848,235604,35,1,1,128,1,1,16,0.000,0.000,,,,,NVIDIA A100-SXM4-40GB MIG 4g.20gb (0),1,,13,cupy_copy__complex64_complex64
3930005704,1760,235613,1,1,1,1,1,1,18,0.000,0.000,,,,,NVIDIA A100-SXM4-40GB MIG 4g.20gb (0),1,,13,cupy_copy__float32_float32
3930016136,3296,235619,,,,,,,,,,0.000,1.214,Device,Pageable,NVIDIA A100-SXM4-40GB MIG 4g.20gb (0),1,,7,[CUDA memcpy Device-to-Host]
3930079655,12832,235630,1434,1,1,128,1,1,16,0.000,0.000,,,,,NVIDIA A100-SXM4-40GB MIG 4g.20gb (0),1,,13,cupy_copy__complex64_complex64
3930107559,2944,235637,103,1,1,128,1,1,16,0.000,0.000,,,,,NVIDIA A100-SXM4-40GB MIG 4g.20gb (0),1,,13,cupy_copy__complex64_complex64
3930128263,2400,235644,35,1,1,128,1,1,16,0.000,0.000,,,,,NVIDIA A100-SXM4-40GB MIG 4g.20gb (0),1,,13,cupy_copy__complex64_complex64
3930150566,1792,235651,1,1,1,1,1,1,18,0.000,0.000,,,,,NVIDIA A100-SXM4-40GB MIG 4g.20gb (0),1,,13,cupy_copy__float32_float32
3930282501,81663,235662,1,1,1,32,32,1,30,0.000,0.000,,,,,NVIDIA A100-SXM4-40GB MIG 4g.20gb (0),1,,13,"void convert_kernel<__half2, float2>(tensor_layout_any, T1 *, tensor_layout_any, const T2 *)"
3930391875,5664,235665,,,,,,,,,,0.094,16542.310,Pinned,Device,NVIDIA A100-SXM4-40GB MIG 4g.20gb (0),1,,13,[CUDA memcpy Host-to-Device]
3930406659,3520,235666,,,,,,,,,,1.547,439380.412,Device,,NVIDIA A100-SXM4-40GB MIG 4g.20gb (0),1,,13,[CUDA memset]
3930413475,3296,235671,,,,,,,,,,0.031,9495.144,Pinned,Device,NVIDIA A100-SXM4-40GB MIG 4g.20gb (0),1,,13,[CUDA memcpy Host-to-Device]
3930419299,9376,235672,,,,,,,,,,0.197,20969.226,Pinned,Device,NVIDIA A100-SXM4-40GB MIG 4g.20gb (0),1,,13,[CUDA memcpy Host-to-Device]
3930434051,8320,235673,273,1,1,8,4,1,39,0.002,0.000,,,,,NVIDIA A100-SXM4-40GB MIG 4g.20gb (0),1,,13,"void channel_eq::eqMmseCoefCompLowMimoKernel<float, float, float, (unsigned int)4, (unsigned int)1, (unsigned int)4>(const channel_eq::_puschRxChEqStatDescr *, channel_eq::_puschRxChEqCoefCompDynDescr)"
3930445219,5920,235674,273,1,1,12,11,1,51,0.002,0.000,,,,,NVIDIA A100-SXM4-40GB MIG 4g.20gb (0),1,,13,"void channel_eq::eqMmseSoftDemapKernel<float, __half, __half, float, (unsigned int)4, (unsigned short)16383>(channel_eq::_puschRxChEqStatDescr *, channel_eq::_puschRxChEqSoftDemapDynDescr)"
3930453763,294748,235675,1,1,1,32,32,1,30,0.000,0.000,,,,,NVIDIA A100-SXM4-40GB MIG 4g.20gb (0),1,,13,"void convert_kernel<float2, __half2>(tensor_layout_any, T1 *, tensor_layout_any, const T2 *)"
3930749599,10880,235687,2253,1,1,128,1,1,16,0.000,0.000,,,,,NVIDIA A100-SXM4-40GB MIG 4g.20gb (0),1,,13,cupy_copy__float16_float16
3930762239,3264,235696,282,1,1,128,1,1,16,0.000,0.000,,,,,NVIDIA A100-SXM4-40GB MIG 4g.20gb (0),1,,13,cupy_copy__complex64_complex64
3930766527,2048,235705,26,1,1,128,1,1,16,0.000,0.000,,,,,NVIDIA A100-SXM4-40GB MIG 4g.20gb (0),1,,13,cupy_copy__float32_float32
3930771775,3072,235714,103,1,1,128,1,1,16,0.000,0.000,,,,,NVIDIA A100-SXM4-40GB MIG 4g.20gb (0),1,,13,cupy_copy__complex64_complex64
3930778335,12639,235724,1434,1,1,128,1,1,16,0.000,0.000,,,,,NVIDIA A100-SXM4-40GB MIG 4g.20gb (0),1,,13,cupy_copy__complex64_complex64
3930793982,87167,235729,1,1,1,32,32,1,30,0.000,0.000,,,,,NVIDIA A100-SXM4-40GB MIG 4g.20gb (0),1,,13,"void convert_kernel<__half2, float2>(tensor_layout_any, T1 *, tensor_layout_any, const T2 *)"
3930909341,5728,235732,,,,,,,,,,0.094,16357.541,Pinned,Device,NVIDIA A100-SXM4-40GB MIG 4g.20gb (0),1,,13,[CUDA memcpy Host-to-Device]
3930919805,597208,235733,,,,,,,,,,456.561,764283.851,Device,,NVIDIA A100-SXM4-40GB MIG 4g.20gb (0),1,,13,[CUDA memset]
3931518677,164478,235738,,,,,,,,,,1.235,7507.225,Pinned,Device,NVIDIA A100-SXM4-40GB MIG 4g.20gb (0),1,,13,[CUDA memcpy Host-to-Device]
3931697395,41056,235739,,,,,,,,,,0.197,4788.584,Pinned,Device,NVIDIA A100-SXM4-40GB MIG 4g.20gb (0),1,,13,[CUDA memcpy Host-to-Device]
3931767346,8192,235740,69,4,1,48,1,1,76,0.002,0.000,,,,,NVIDIA A100-SXM4-40GB MIG 4g.20gb (0),1,,13,"void ch_est::windowedChEstPreNoDftSOfdmKernel<float, __half, float, (unsigned int)2, (unsigned int)1, (unsigned short)4>(ch_est::puschRxChEstStatDescr_t *, ch_est::puschRxChEstDynDescr_t *)"
3931783410,6848,235741,137,2,1,24,2,1,44,0.001,0.001,,,,,NVIDIA A100-SXM4-40GB MIG 4g.20gb (0),1,,13,"void ch_est::chEstFilterNoDftSOfdmDispatchKernel<float, __half, float, (unsigned int)2>(ch_est::puschRxChEstStatDescr_t *, ch_est::puschRxChEstDynDescr_t *)"
3931801650,5248,235742,137,2,1,24,2,1,44,0.001,0.001,,,,,NVIDIA A100-SXM4-40GB MIG 4g.20gb (0),1,,13,"void ch_est::chEstFilterNoDftSOfdmDispatchKernel<float, __half, float, (unsigned int)2>(ch_est::puschRxChEstStatDescr_t *, ch_est::puschRxChEstDynDescr_t *)"
3931813938,2720,235753,103,1,1,128,1,1,16,0.000,0.000,,,,,NVIDIA A100-SXM4-40GB MIG 4g.20gb (0),1,,13,cupy_copy__complex64_complex64
3931829042,12671,235763,1434,1,1,128,1,1,16,0.000,0.000,,,,,NVIDIA A100-SXM4-40GB MIG 4g.20gb (0),1,,13,cupy_copy__complex64_complex64
3931854865,2656,235770,103,1,1,128,1,1,16,0.000,0.000,,,,,NVIDIA A100-SXM4-40GB MIG 4g.20gb (0),1,,13,cupy_copy__complex64_complex64
3931866609,86847,235777,1,1,1,32,32,1,30,0.000,0.000,,,,,NVIDIA A100-SXM4-40GB MIG 4g.20gb (0),1,,13,"void convert_kernel<__half2, float2>(tensor_layout_any, T1 *, tensor_layout_any, const T2 *)"
3931985008,9856,235780,,,,,,,,,,0.094,9506.490,Pinned,Device,NVIDIA A100-SXM4-40GB MIG 4g.20gb (0),1,,13,[CUDA memcpy Host-to-Device]
3932002095,47040,235781,,,,,,,,,,35.810,761247.279,Device,,NVIDIA A100-SXM4-40GB MIG 4g.20gb (0),1,,13,[CUDA memset]
3932050767,7744,235783,,,,,,,,,,0.000,10.331,Pinned,Device,NVIDIA A100-SXM4-40GB MIG 4g.20gb (0),1,,13,[CUDA memcpy Host-to-Device]
3932065679,20287,235784,,,,,,,,,,0.197,9691.202,Pinned,Device,NVIDIA A100-SXM4-40GB MIG 4g.20gb (0),1,,13,[CUDA memcpy Host-to-Device]
3932101198,10176,235785,273,1,1,48,1,1,40,0.000,0.001,,,,,NVIDIA A100-SXM4-40GB MIG 4g.20gb (0),1,,13,"void pusch_noise_intf_est::noiseIntfEstNoDftSOfdmKernel<float, __half, float, float, (unsigned int)2, (unsigned int)1, (unsigned char)4, (unsigned char)4>(pusch_noise_intf_est::puschRxNoiseIntfEstDynDescr)"
3932120718,2848,235796,35,1,1,128,1,1,16,0.000,0.000,,,,,NVIDIA A100-SXM4-40GB MIG 4g.20gb (0),1,,13,cupy_copy__complex64_complex64
3932131310,1728,235805,1,1,1,1,1,1,18,0.000,0.000,,,,,NVIDIA A100-SXM4-40GB MIG 4g.20gb (0),1,,13,cupy_copy__float32_float32
3932137870,6304,235811,,,,,,,,,,0.000,0.635,Device,Pageable,NVIDIA A100-SXM4-40GB MIG 4g.20gb (0),1,,7,[CUDA memcpy Device-to-Host]
3932216909,12864,235822,1434,1,1,128,1,1,16,0.000,0.000,,,,,NVIDIA A100-SXM4-40GB MIG 4g.20gb (0),1,,13,cupy_copy__complex64_complex64
3932244620,2848,235829,103,1,1,128,1,1,16,0.000,0.000,,,,,NVIDIA A100-SXM4-40GB MIG 4g.20gb (0),1,,13,cupy_copy__complex64_complex64
3932271660,2656,235836,35,1,1,128,1,1,16,0.000,0.000,,,,,NVIDIA A100-SXM4-40GB MIG 4g.20gb (0),1,,13,cupy_copy__complex64_complex64
3932288460,1728,235843,1,1,1,1,1,1,18,0.000,0.000,,,,,NVIDIA A100-SXM4-40GB MIG 4g.20gb (0),1,,13,cupy_copy__float32_float32
3932411562,87583,235854,1,1,1,32,32,1,30,0.000,0.000,,,,,NVIDIA A100-SXM4-40GB MIG 4g.20gb (0),1,,13,"void convert_kernel<__half2, float2>(tensor_layout_any, T1 *, tensor_layout_any, const T2 *)"
3932527081,6016,235857,,,,,,,,,,0.094,15574.430,Pinned,Device,NVIDIA A100-SXM4-40GB MIG 4g.20gb (0),1,,13,[CUDA memcpy Host-to-Device]
3932541769,3296,235858,,,,,,,,,,1.547,469242.628,Device,,NVIDIA A100-SXM4-40GB MIG 4g.20gb (0),1,,13,[CUDA memset]
3932547785,3040,235863,,,,,,,,,,0.031,10294.725,Pinned,Device,NVIDIA A100-SXM4-40GB MIG 4g.20gb (0),1,,13,[CUDA memcpy Host-to-Device]
3932553449,9920,235864,,,,,,,,,,0.197,19819.266,Pinned,Device,NVIDIA A100-SXM4-40GB MIG 4g.20gb (0),1,,13,[CUDA memcpy Host-to-Device]
3932568264,8448,235865,273,1,1,8,4,1,39,0.002,0.000,,,,,NVIDIA A100-SXM4-40GB MIG 4g.20gb (0),1,,13,"void channel_eq::eqMmseCoefCompLowMimoKernel<float, float, float, (unsigned int)4, (unsigned int)1, (unsigned int)4>(const channel_eq::_puschRxChEqStatDescr *, channel_eq::_puschRxChEqCoefCompDynDescr)"
3932577800,5760,235866,273,1,1,12,11,1,51,0.002,0.000,,,,,NVIDIA A100-SXM4-40GB MIG 4g.20gb (0),1,,13,"void channel_eq::eqMmseSoftDemapKernel<float, __half, __half, float, (unsigned int)4, (unsigned short)16383>(channel_eq::_puschRxChEqStatDescr *, channel_eq::_puschRxChEqSoftDemapDynDescr)"
3932585192,279197,235867,1,1,1,32,32,1,30,0.000,0.000,,,,,NVIDIA A100-SXM4-40GB MIG 4g.20gb (0),1,,13,"void convert_kernel<float2, __half2>(tensor_layout_any, T1 *, tensor_layout_any, const T2 *)"
3932866053,11040,235879,2253,1,1,128,1,1,16,0.000,0.000,,,,,NVIDIA A100-SXM4-40GB MIG 4g.20gb (0),1,,13,cupy_copy__float16_float16
3932882309,3168,235888,282,1,1,128,1,1,16,0.000,0.000,,,,,NVIDIA A100-SXM4-40GB MIG 4g.20gb (0),1,,13,cupy_copy__complex64_complex64
3932887653,2272,235897,26,1,1,128,1,1,16,0.000,0.000,,,,,NVIDIA A100-SXM4-40GB MIG 4g.20gb (0),1,,13,cupy_copy__float32_float32
3932891013,4607,235906,103,1,1,128,1,1,16,0.000,0.000,,,,,NVIDIA A100-SXM4-40GB MIG 4g.20gb (0),1,,13,cupy_copy__complex64_complex64
3932896740,12224,235916,1434,1,1,128,1,1,16,0.000,0.000,,,,,NVIDIA A100-SXM4-40GB MIG 4g.20gb (0),1,,13,cupy_copy__complex64_complex64
3932915620,81439,235921,1,1,1,32,32,1,30,0.000,0.000,,,,,NVIDIA A100-SXM4-40GB MIG 4g.20gb (0),1,,13,"void convert_kernel<__half2, float2>(tensor_layout_any, T1 *, tensor_layout_any, const T2 *)"
3933024899,5504,235924,,,,,,,,,,0.094,17023.251,Pinned,Device,NVIDIA A100-SXM4-40GB MIG 4g.20gb (0),1,,13,[CUDA memcpy Host-to-Device]
3933037091,599000,235925,,,,,,,,,,456.561,762001.043,Device,,NVIDIA A100-SXM4-40GB MIG 4g.20gb (0),1,,13,[CUDA memset]
3933641883,125663,235930,,,,,,,,,,1.235,9826.449,Pinned,Device,NVIDIA A100-SXM4-40GB MIG 4g.20gb (0),1,,13,[CUDA memcpy Host-to-Device]
3933778234,27935,235931,,,,,,,,,,0.197,7037.977,Pinned,Device,NVIDIA A100-SXM4-40GB MIG 4g.20gb (0),1,,13,[CUDA memcpy Host-to-Device]
3933829945,8128,235932,69,4,1,48,1,1,76,0.002,0.000,,,,,NVIDIA A100-SXM4-40GB MIG 4g.20gb (0),1,,13,"void ch_est::windowedChEstPreNoDftSOfdmKernel<float, __half, float, (unsigned int)2, (unsigned int)1, (unsigned short)4>(ch_est::puschRxChEstStatDescr_t *, ch_est::puschRxChEstDynDescr_t *)"
3933849401,6240,235933,137,2,1,24,2,1,44,0.001,0.001,,,,,NVIDIA A100-SXM4-40GB MIG 4g.20gb (0),1,,13,"void ch_est::chEstFilterNoDftSOfdmDispatchKernel<float, __half, float, (unsigned int)2>(ch_est::puschRxChEstStatDescr_t *, ch_est::puschRxChEstDynDescr_t *)"
3933865528,4736,235934,137,2,1,24,2,1,44,0.001,0.001,,,,,NVIDIA A100-SXM4-40GB MIG 4g.20gb (0),1,,13,"void ch_est::chEstFilterNoDftSOfdmDispatchKernel<float, __half, float, (unsigned int)2>(ch_est::puschRxChEstStatDescr_t *, ch_est::puschRxChEstDynDescr_t *)"
3933880728,2624,235945,103,1,1,128,1,1,16,0.000,0.000,,,,,NVIDIA A100-SXM4-40GB MIG 4g.20gb (0),1,,13,cupy_copy__complex64_complex64
3933894200,12448,235955,1434,1,1,128,1,1,16,0.000,0.000,,,,,NVIDIA A100-SXM4-40GB MIG 4g.20gb (0),1,,13,cupy_copy__complex64_complex64
3933929112,2624,235962,103,1,1,128,1,1,16,0.000,0.000,,,,,NVIDIA A100-SXM4-40GB MIG 4g.20gb (0),1,,13,cupy_copy__complex64_complex64
3933945111,82463,235969,1,1,1,32,32,1,30,0.000,0.000,,,,,NVIDIA A100-SXM4-40GB MIG 4g.20gb (0),1,,13,"void convert_kernel<__half2, float2>(tensor_layout_any, T1 *, tensor_layout_any, const T2 *)"
3934061526,20128,235972,,,,,,,,,,0.094,4655.005,Pinned,Device,NVIDIA A100-SXM4-40GB MIG 4g.20gb (0),1,,13,[CUDA memcpy Host-to-Device]
3934094966,47199,235973,,,,,,,,,,35.810,758668.965,Device,,NVIDIA A100-SXM4-40GB MIG 4g.20gb (0),1,,13,[CUDA memset]
3934152213,5920,235975,,,,,,,,,,0.000,13.513,Pinned,Device,NVIDIA A100-SXM4-40GB MIG 4g.20gb (0),1,,13,[CUDA memcpy Host-to-Device]
3934167541,22047,235976,,,,,,,,,,0.197,8917.549,Pinned,Device,NVIDIA A100-SXM4-40GB MIG 4g.20gb (0),1,,13,[CUDA memcpy Host-to-Device]
3934208916,9696,235977,273,1,1,48,1,1,40,0.000,0.001,,,,,NVIDIA A100-SXM4-40GB MIG 4g.20gb (0),1,,13,"void pusch_noise_intf_est::noiseIntfEstNoDftSOfdmKernel<float, __half, float, float, (unsigned int)2, (unsigned int)1, (unsigned char)4, (unsigned char)4>(pusch_noise_intf_est::puschRxNoiseIntfEstDynDescr)"
3934221652,2880,235988,35,1,1,128,1,1,16,0.000,0.000,,,,,NVIDIA A100-SXM4-40GB MIG 4g.20gb (0),1,,13,cupy_copy__complex64_complex64
3934230964,2208,235997,1,1,1,1,1,1,18,0.000,0.000,,,,,NVIDIA A100-SXM4-40GB MIG 4g.20gb (0),1,,13,cupy_copy__float32_float32
3934233748,3296,236003,,,,,,,,,,0.000,1.214,Device,Pageable,NVIDIA A100-SXM4-40GB MIG 4g.20gb (0),1,,7,[CUDA memcpy Device-to-Host]
3934309587,13152,236014,1434,1,1,128,1,1,16,0.000,0.000,,,,,NVIDIA A100-SXM4-40GB MIG 4g.20gb (0),1,,13,cupy_copy__complex64_complex64
3934342803,3104,236021,103,1,1,128,1,1,16,0.000,0.000,,,,,NVIDIA A100-SXM4-40GB MIG 4g.20gb (0),1,,13,cupy_copy__complex64_complex64
3934360626,2592,236028,35,1,1,128,1,1,16,0.000,0.000,,,,,NVIDIA A100-SXM4-40GB MIG 4g.20gb (0),1,,13,cupy_copy__complex64_complex64
3934378098,1792,236035,1,1,1,1,1,1,18,0.000,0.000,,,,,NVIDIA A100-SXM4-40GB MIG 4g.20gb (0),1,,13,cupy_copy__float32_float32
3934511376,81759,236046,1,1,1,32,32,1,30,0.000,0.000,,,,,NVIDIA A100-SXM4-40GB MIG 4g.20gb (0),1,,13,"void convert_kernel<__half2, float2>(tensor_layout_any, T1 *, tensor_layout_any, const T2 *)"
3934626255,9280,236049,,,,,,,,,,0.094,10096.494,Pinned,Device,NVIDIA A100-SXM4-40GB MIG 4g.20gb (0),1,,13,[CUDA memcpy Host-to-Device]
3934643695,3584,236050,,,,,,,,,,1.547,431534.389,Device,,NVIDIA A100-SXM4-40GB MIG 4g.20gb (0),1,,13,[CUDA memset]
3934652559,4640,236055,,,,,,,,,,0.031,6744.820,Pinned,Device,NVIDIA A100-SXM4-40GB MIG 4g.20gb (0),1,,13,[CUDA memcpy Host-to-Device]
3934662191,10783,236056,,,,,,,,,,0.197,18233.033,Pinned,Device,NVIDIA A100-SXM4-40GB MIG 4g.20gb (0),1,,13,[CUDA memcpy Host-to-Device]
3934681966,8288,236057,273,1,1,8,4,1,39,0.002,0.000,,,,,NVIDIA A100-SXM4-40GB MIG 4g.20gb (0),1,,13,"void channel_eq::eqMmseCoefCompLowMimoKernel<float, float, float, (unsigned int)4, (unsigned int)1, (unsigned int)4>(const channel_eq::_puschRxChEqStatDescr *, channel_eq::_puschRxChEqCoefCompDynDescr)"
3934694382,6368,236058,273,1,1,12,11,1,51,0.002,0.000,,,,,NVIDIA A100-SXM4-40GB MIG 4g.20gb (0),1,,13,"void channel_eq::eqMmseSoftDemapKernel<float, __half, __half, float, (unsigned int)4, (unsigned short)16383>(channel_eq::_puschRxChEqStatDescr *, channel_eq::_puschRxChEqSoftDemapDynDescr)"
3934704270,295196,236059,1,1,1,32,32,1,30,0.000,0.000,,,,,NVIDIA A100-SXM4-40GB MIG 4g.20gb (0),1,,13,"void convert_kernel<float2, __half2>(tensor_layout_any, T1 *, tensor_layout_any, const T2 *)"
3935002058,11008,236071,2253,1,1,128,1,1,16,0.000,0.000,,,,,NVIDIA A100-SXM4-40GB MIG 4g.20gb (0),1,,13,cupy_copy__float16_float16
3935015274,2816,236080,282,1,1,128,1,1,16,0.000,0.000,,,,,NVIDIA A100-SXM4-40GB MIG 4g.20gb (0),1,,13,cupy_copy__complex64_complex64
3935021226,2272,236089,26,1,1,128,1,1,16,0.000,0.000,,,,,NVIDIA A100-SXM4-40GB MIG 4g.20gb (0),1,,13,cupy_copy__float32_float32
3935025034,3136,236098,103,1,1,128,1,1,16,0.000,0.000,,,,,NVIDIA A100-SXM4-40GB MIG 4g.20gb (0),1,,13,cupy_copy__complex64_complex64
3935029098,12160,236108,1434,1,1,128,1,1,16,0.000,0.000,,,,,NVIDIA A100-SXM4-40GB MIG 4g.20gb (0),1,,13,cupy_copy__complex64_complex64
3935043786,87775,236113,1,1,1,32,32,1,30,0.000,0.000,,,,,NVIDIA A100-SXM4-40GB MIG 4g.20gb (0),1,,13,"void convert_kernel<__half2, float2>(tensor_layout_any, T1 *, tensor_layout_any, const T2 *)"
3935159176,5536,236116,,,,,,,,,,0.094,16924.777,Pinned,Device,NVIDIA A100-SXM4-40GB MIG 4g.20gb (0),1,,13,[CUDA memcpy Host-to-Device]
3935169032,599353,236117,,,,,,,,,,456.561,761544.482,Device,,NVIDIA A100-SXM4-40GB MIG 4g.20gb (0),1,,13,[CUDA memset]
3935776897,133918,236122,,,,,,,,,,1.235,9221.327,Pinned,Device,NVIDIA A100-SXM4-40GB MIG 4g.20gb (0),1,,13,[CUDA memcpy Host-to-Device]
3935923295,40448,236123,,,,,,,,,,0.197,4860.740,Pinned,Device,NVIDIA A100-SXM4-40GB MIG 4g.20gb (0),1,,13,[CUDA memcpy Host-to-Device]
3935985182,8256,236124,69,4,1,48,1,1,76,0.002,0.000,,,,,NVIDIA A100-SXM4-40GB MIG 4g.20gb (0),1,,13,"void ch_est::windowedChEstPreNoDftSOfdmKernel<float, __half, float, (unsigned int)2, (unsigned int)1, (unsigned short)4>(ch_est::puschRxChEstStatDescr_t *, ch_est::puschRxChEstDynDescr_t *)"
3936002910,7008,236125,137,2,1,24,2,1,44,0.001,0.001,,,,,NVIDIA A100-SXM4-40GB MIG 4g.20gb (0),1,,13,"void ch_est::chEstFilterNoDftSOfdmDispatchKernel<float, __half, float, (unsigned int)2>(ch_est::puschRxChEstStatDescr_t *, ch_est::puschRxChEstDynDescr_t *)"
3936020094,4704,236126,137,2,1,24,2,1,44,0.001,0.001,,,,,NVIDIA A100-SXM4-40GB MIG 4g.20gb (0),1,,13,"void ch_est::chEstFilterNoDftSOfdmDispatchKernel<float, __half, float, (unsigned int)2>(ch_est::puschRxChEstStatDescr_t *, ch_est::puschRxChEstDynDescr_t *)"
3936037054,2496,236137,103,1,1,128,1,1,16,0.000,0.000,,,,,NVIDIA A100-SXM4-40GB MIG 4g.20gb (0),1,,13,cupy_copy__complex64_complex64
3936056221,12448,236147,1434,1,1,128,1,1,16,0.000,0.000,,,,,NVIDIA A100-SXM4-40GB MIG 4g.20gb (0),1,,13,cupy_copy__complex64_complex64
3936074781,2912,236154,103,1,1,128,1,1,16,0.000,0.000,,,,,NVIDIA A100-SXM4-40GB MIG 4g.20gb (0),1,,13,cupy_copy__complex64_complex64
3936098013,90367,236161,1,1,1,32,32,1,30,0.000,0.000,,,,,NVIDIA A100-SXM4-40GB MIG 4g.20gb (0),1,,13,"void convert_kernel<__half2, float2>(tensor_layout_any, T1 *, tensor_layout_any, const T2 *)"
3936220091,23168,236164,,,,,,,,,,0.094,4044.107,Pinned,Device,NVIDIA A100-SXM4-40GB MIG 4g.20gb (0),1,,13,[CUDA memcpy Host-to-Device]
3936265755,47871,236165,,,,,,,,,,35.810,748033.419,Device,,NVIDIA A100-SXM4-40GB MIG 4g.20gb (0),1,,13,[CUDA memset]
3936321978,10496,236167,,,,,,,,,,0.000,7.622,Pinned,Device,NVIDIA A100-SXM4-40GB MIG 4g.20gb (0),1,,13,[CUDA memcpy Host-to-Device]
3936341242,33535,236168,,,,,,,,,,0.197,5862.654,Pinned,Device,NVIDIA A100-SXM4-40GB MIG 4g.20gb (0),1,,13,[CUDA memcpy Host-to-Device]
3936393465,9728,236169,273,1,1,48,1,1,40,0.000,0.001,,,,,NVIDIA A100-SXM4-40GB MIG 4g.20gb (0),1,,13,"void pusch_noise_intf_est::noiseIntfEstNoDftSOfdmKernel<float, __half, float, float, (unsigned int)2, (unsigned int)1, (unsigned char)4, (unsigned char)4>(pusch_noise_intf_est::puschRxNoiseIntfEstDynDescr)"
3936409369,2912,236180,35,1,1,128,1,1,16,0.000,0.000,,,,,NVIDIA A100-SXM4-40GB MIG 4g.20gb (0),1,,13,cupy_copy__complex64_complex64
3936431321,1728,236189,1,1,1,1,1,1,18,0.000,0.000,,,,,NVIDIA A100-SXM4-40GB MIG 4g.20gb (0),1,,13,cupy_copy__float32_float32
3936439417,7264,236195,,,,,,,,,,0.000,0.551,Device,Pageable,NVIDIA A100-SXM4-40GB MIG 4g.20gb (0),1,,7,[CUDA memcpy Device-to-Host]
3936521624,13023,236206,1434,1,1,128,1,1,16,0.000,0.000,,,,,NVIDIA A100-SXM4-40GB MIG 4g.20gb (0),1,,13,cupy_copy__complex64_complex64
3936552663,3456,236213,103,1,1,128,1,1,16,0.000,0.000,,,,,NVIDIA A100-SXM4-40GB MIG 4g.20gb (0),1,,13,cupy_copy__complex64_complex64
3936567223,2304,236220,35,1,1,128,1,1,16,0.000,0.000,,,,,NVIDIA A100-SXM4-40GB MIG 4g.20gb (0),1,,13,cupy_copy__complex64_complex64
3936587511,1984,236227,1,1,1,1,1,1,18,0.000,0.000,,,,,NVIDIA A100-SXM4-40GB MIG 4g.20gb (0),1,,13,cupy_copy__float32_float32
3936713589,87775,236238,1,1,1,32,32,1,30,0.000,0.000,,,,,NVIDIA A100-SXM4-40GB MIG 4g.20gb (0),1,,13,"void convert_kernel<__half2, float2>(tensor_layout_any, T1 *, tensor_layout_any, const T2 *)"
3936829172,6656,236241,,,,,,,,,,0.094,14076.887,Pinned,Device,NVIDIA A100-SXM4-40GB MIG 4g.20gb (0),1,,13,[CUDA memcpy Host-to-Device]
3936843732,3488,236242,,,,,,,,,,1.547,443412.461,Device,,NVIDIA A100-SXM4-40GB MIG 4g.20gb (0),1,,13,[CUDA memset]
3936850260,3072,236247,,,,,,,,,,0.031,10187.474,Pinned,Device,NVIDIA A100-SXM4-40GB MIG 4g.20gb (0),1,,13,[CUDA memcpy Host-to-Device]
3936856019,9888,236248,,,,,,,,,,0.197,19883.360,Pinned,Device,NVIDIA A100-SXM4-40GB MIG 4g.20gb (0),1,,13,[CUDA memcpy Host-to-Device]
3936871795,6176,236249,273,1,1,8,4,1,39,0.002,0.000,,,,,NVIDIA A100-SXM4-40GB MIG 4g.20gb (0),1,,13,"void channel_eq::eqMmseCoefCompLowMimoKernel<float, float, float, (unsigned int)4, (unsigned int)1, (unsigned int)4>(const channel_eq::_puschRxChEqStatDescr *, channel_eq::_puschRxChEqCoefCompDynDescr)"
3936879347,6272,236250,273,1,1,12,11,1,51,0.002,0.000,,,,,NVIDIA A100-SXM4-40GB MIG 4g.20gb (0),1,,13,"void channel_eq::eqMmseSoftDemapKernel<float, __half, __half, float, (unsigned int)4, (unsigned short)16383>(channel_eq::_puschRxChEqStatDescr *, channel_eq::_puschRxChEqSoftDemapDynDescr)"
3936886643,282269,236251,1,1,1,32,32,1,30,0.000,0.000,,,,,NVIDIA A100-SXM4-40GB MIG 4g.20gb (0),1,,13,"void convert_kernel<float2, __half2>(tensor_layout_any, T1 *, tensor_layout_any, const T2 *)"
3937171664,11071,236263,2253,1,1,128,1,1,16,0.000,0.000,,,,,NVIDIA A100-SXM4-40GB MIG 4g.20gb (0),1,,13,cupy_copy__float16_float16
3937188015,2784,236272,282,1,1,128,1,1,16,0.000,0.000,,,,,NVIDIA A100-SXM4-40GB MIG 4g.20gb (0),1,,13,cupy_copy__complex64_complex64
3937193231,2272,236281,26,1,1,128,1,1,16,0.000,0.000,,,,,NVIDIA A100-SXM4-40GB MIG 4g.20gb (0),1,,13,cupy_copy__float32_float32
3937197263,3008,236290,103,1,1,128,1,1,16,0.000,0.000,,,,,NVIDIA A100-SXM4-40GB MIG 4g.20gb (0),1,,13,cupy_copy__complex64_complex64
3937201295,12352,236300,1434,1,1,128,1,1,16,0.000,0.000,,,,,NVIDIA A100-SXM4-40GB MIG 4g.20gb (0),1,,13,cupy_copy__complex64_complex64
3937222703,82207,236305,1,1,1,32,32,1,30,0.000,0.000,,,,,NVIDIA A100-SXM4-40GB MIG 4g.20gb (0),1,,13,"void convert_kernel<__half2, float2>(tensor_layout_any, T1 *, tensor_layout_any, const T2 *)"
3937332334,5600,236308,,,,,,,,,,0.094,16731.388,Pinned,Device,NVIDIA A100-SXM4-40GB MIG 4g.20gb (0),1,,13,[CUDA memcpy Host-to-Device]
3937343213,599225,236309,,,,,,,,,,456.561,761544.482,Device,,NVIDIA A100-SXM4-40GB MIG 4g.20gb (0),1,,13,[CUDA memset]
3937944710,74047,236314,,,,,,,,,,1.235,16676.684,Pinned,Device,NVIDIA A100-SXM4-40GB MIG 4g.20gb (0),1,,13,[CUDA memcpy Host-to-Device]
3938025381,15648,236315,,,,,,,,,,0.197,12564.234,Pinned,Device,NVIDIA A100-SXM4-40GB MIG 4g.20gb (0),1,,13,[CUDA memcpy Host-to-Device]
3938052645,8576,236316,69,4,1,48,1,1,76,0.002,0.000,,,,,NVIDIA A100-SXM4-40GB MIG 4g.20gb (0),1,,13,"void ch_est::windowedChEstPreNoDftSOfdmKernel<float, __half, float, (unsigned int)2, (unsigned int)1, (unsigned short)4>(ch_est::puschRxChEstStatDescr_t *, ch_est::puschRxChEstDynDescr_t *)"
3938068612,6496,236317,137,2,1,24,2,1,44,0.001,0.001,,,,,NVIDIA A100-SXM4-40GB MIG 4g.20gb (0),1,,13,"void ch_est::chEstFilterNoDftSOfdmDispatchKernel<float, __half, float, (unsigned int)2>(ch_est::puschRxChEstStatDescr_t *, ch_est::puschRxChEstDynDescr_t *)"
3938078180,6304,236318,137,2,1,24,2,1,44,0.001,0.001,,,,,NVIDIA A100-SXM4-40GB MIG 4g.20gb (0),1,,13,"void ch_est::chEstFilterNoDftSOfdmDispatchKernel<float, __half, float, (unsigned int)2>(ch_est::puschRxChEstStatDescr_t *, ch_est::puschRxChEstDynDescr_t *)"
3938087140,2816,236329,103,1,1,128,1,1,16,0.000,0.000,,,,,NVIDIA A100-SXM4-40GB MIG 4g.20gb (0),1,,13,cupy_copy__complex64_complex64
3938094948,13120,236339,1434,1,1,128,1,1,16,0.000,0.000,,,,,NVIDIA A100-SXM4-40GB MIG 4g.20gb (0),1,,13,cupy_copy__complex64_complex64
3938110916,3104,236346,103,1,1,128,1,1,16,0.000,0.000,,,,,NVIDIA A100-SXM4-40GB MIG 4g.20gb (0),1,,13,cupy_copy__complex64_complex64
3938119108,88735,236353,1,1,1,32,32,1,30,0.000,0.000,,,,,NVIDIA A100-SXM4-40GB MIG 4g.20gb (0),1,,13,"void convert_kernel<__half2, float2>(tensor_layout_any, T1 *, tensor_layout_any, const T2 *)"
3938235682,13568,236356,,,,,,,,,,0.094,6905.583,Pinned,Device,NVIDIA A100-SXM4-40GB MIG 4g.20gb (0),1,,13,[CUDA memcpy Host-to-Device]
3938255874,47552,236357,,,,,,,,,,35.810,753046.808,Device,,NVIDIA A100-SXM4-40GB MIG 4g.20gb (0),1,,13,[CUDA memset]
3938308258,8383,236359,,,,,,,,,,0.000,9.543,Pinned,Device,NVIDIA A100-SXM4-40GB MIG 4g.20gb (0),1,,13,[CUDA memcpy Host-to-Device]
3938322433,24672,236360,,,,,,,,,,0.197,7968.719,Pinned,Device,NVIDIA A100-SXM4-40GB MIG 4g.20gb (0),1,,13,[CUDA memcpy Host-to-Device]
3938361985,9728,236361,273,1,1,48,1,1,40,0.000,0.001,,,,,NVIDIA A100-SXM4-40GB MIG 4g.20gb (0),1,,13,"void pusch_noise_intf_est::noiseIntfEstNoDftSOfdmKernel<float, __half, float, float, (unsigned int)2, (unsigned int)1, (unsigned char)4, (unsigned char)4>(pusch_noise_intf_est::puschRxNoiseIntfEstDynDescr)"
3938385537,2848,236372,35,1,1,128,1,1,16,0.000,0.000,,,,,NVIDIA A100-SXM4-40GB MIG 4g.20gb (0),1,,13,cupy_copy__complex64_complex64
3938395424,1792,236381,1,1,1,1,1,1,18,0.000,0.000,,,,,NVIDIA A100-SXM4-40GB MIG 4g.20gb (0),1,,13,cupy_copy__float32_float32
3938401600,4224,236387,,,,,,,,,,0.000,0.947,Device,Pageable,NVIDIA A100-SXM4-40GB MIG 4g.20gb (0),1,,7,[CUDA memcpy Device-to-Host]
3938489407,12608,236398,1434,1,1,128,1,1,16,0.000,0.000,,,,,NVIDIA A100-SXM4-40GB MIG 4g.20gb (0),1,,13,cupy_copy__complex64_complex64
3938507935,3168,236405,103,1,1,128,1,1,16,0.000,0.000,,,,,NVIDIA A100-SXM4-40GB MIG 4g.20gb (0),1,,13,cupy_copy__complex64_complex64
3938535071,2464,236412,35,1,1,128,1,1,16,0.000,0.000,,,,,NVIDIA A100-SXM4-40GB MIG 4g.20gb (0),1,,13,cupy_copy__complex64_complex64
3938550271,1792,236419,1,1,1,1,1,1,18,0.000,0.000,,,,,NVIDIA A100-SXM4-40GB MIG 4g.20gb (0),1,,13,cupy_copy__float32_float32
3938680477,89343,236430,1,1,1,32,32,1,30,0.000,0.000,,,,,NVIDIA A100-SXM4-40GB MIG 4g.20gb (0),1,,13,"void convert_kernel<__half2, float2>(tensor_layout_any, T1 *, tensor_layout_any, const T2 *)"
3938797435,5632,236433,,,,,,,,,,0.094,16636.287,Pinned,Device,NVIDIA A100-SXM4-40GB MIG 4g.20gb (0),1,,13,[CUDA memcpy Host-to-Device]
3938814715,2976,236434,,,,,,,,,,1.547,519698.143,Device,,NVIDIA A100-SXM4-40GB MIG 4g.20gb (0),1,,13,[CUDA memset]
3938818107,3424,236439,,,,,,,,,,0.031,9140.185,Pinned,Device,NVIDIA A100-SXM4-40GB MIG 4g.20gb (0),1,,13,[CUDA memcpy Host-to-Device]
3938824059,9664,236440,,,,,,,,,,0.197,20344.209,Pinned,Device,NVIDIA A100-SXM4-40GB MIG 4g.20gb (0),1,,13,[CUDA memcpy Host-to-Device]
3938837275,8096,236441,273,1,1,8,4,1,39,0.002,0.000,,,,,NVIDIA A100-SXM4-40GB MIG 4g.20gb (0),1,,13,"void channel_eq::eqMmseCoefCompLowMimoKernel<float, float, float, (unsigned int)4, (unsigned int)1, (unsigned int)4>(const channel_eq::_puschRxChEqStatDescr *, channel_eq::_puschRxChEqCoefCompDynDescr)"
3938846363,6400,236442,273,1,1,12,11,1,51,0.002,0.000,,,,,NVIDIA A100-SXM4-40GB MIG 4g.20gb (0),1,,13,"void channel_eq::eqMmseSoftDemapKernel<float, __half, __half, float, (unsigned int)4, (unsigned short)16383>(channel_eq::_puschRxChEqStatDescr *, channel_eq::_puschRxChEqSoftDemapDynDescr)"
3938853787,294876,236443,1,1,1,32,32,1,30,0.000,0.000,,,,,NVIDIA A100-SXM4-40GB MIG 4g.20gb (0),1,,13,"void convert_kernel<float2, __half2>(tensor_layout_any, T1 *, tensor_layout_any, const T2 *)"
3939151831,11072,236455,2253,1,1,128,1,1,16,0.000,0.000,,,,,NVIDIA A100-SXM4-40GB MIG 4g.20gb (0),1,,13,cupy_copy__float16_float16
3939164471,3008,236464,282,1,1,128,1,1,16,0.000,0.000,,,,,NVIDIA A100-SXM4-40GB MIG 4g.20gb (0),1,,13,cupy_copy__complex64_complex64
3939171767,2432,236473,26,1,1,128,1,1,16,0.000,0.000,,,,,NVIDIA A100-SXM4-40GB MIG 4g.20gb (0),1,,13,cupy_copy__float32_float32
3939178007,3232,236482,103,1,1,128,1,1,16,0.000,0.000,,,,,NVIDIA A100-SXM4-40GB MIG 4g.20gb (0),1,,13,cupy_copy__complex64_complex64
3939183959,12192,236492,1434,1,1,128,1,1,16,0.000,0.000,,,,,NVIDIA A100-SXM4-40GB MIG 4g.20gb (0),1,,13,cupy_copy__complex64_complex64
3939198327,87070,236497,1,1,1,32,32,1,30,0.000,0.000,,,,,NVIDIA A100-SXM4-40GB MIG 4g.20gb (0),1,,13,"void convert_kernel<__half2, float2>(tensor_layout_any, T1 *, tensor_layout_any, const T2 *)"
3939312757,5408,236500,,,,,,,,,,0.094,17325.421,Pinned,Device,NVIDIA A100-SXM4-40GB MIG 4g.20gb (0),1,,13,[CUDA memcpy Host-to-Device]
3939322453,596793,236501,,,,,,,,,,456.561,764740.412,Device,,NVIDIA A100-SXM4-40GB MIG 4g.20gb (0),1,,13,[CUDA memset]
3939926382,146302,236506,,,,,,,,,,1.235,8440.842,Pinned,Device,NVIDIA A100-SXM4-40GB MIG 4g.20gb (0),1,,13,[CUDA memcpy Host-to-Device]
3940081036,26591,236507,,,,,,,,,,0.197,7393.640,Pinned,Device,NVIDIA A100-SXM4-40GB MIG 4g.20gb (0),1,,13,[CUDA memcpy Host-to-Device]
3940118635,8544,236508,69,4,1,48,1,1,76,0.002,0.000,,,,,NVIDIA A100-SXM4-40GB MIG 4g.20gb (0),1,,13,"void ch_est::windowedChEstPreNoDftSOfdmKernel<float, __half, float, (unsigned int)2, (unsigned int)1, (unsigned short)4>(ch_est::puschRxChEstStatDescr_t *, ch_est::puschRxChEstDynDescr_t *)"
3940132171,6528,236509,137,2,1,24,2,1,44,0.001,0.001,,,,,NVIDIA A100-SXM4-40GB MIG 4g.20gb (0),1,,13,"void ch_est::chEstFilterNoDftSOfdmDispatchKernel<float, __half, float, (unsigned int)2>(ch_est::puschRxChEstStatDescr_t *, ch_est::puschRxChEstDynDescr_t *)"
3940142859,5472,236510,137,2,1,24,2,1,44,0.001,0.001,,,,,NVIDIA A100-SXM4-40GB MIG 4g.20gb (0),1,,13,"void ch_est::chEstFilterNoDftSOfdmDispatchKernel<float, __half, float, (unsigned int)2>(ch_est::puschRxChEstStatDescr_t *, ch_est::puschRxChEstDynDescr_t *)"
3940152555,2656,236521,103,1,1,128,1,1,16,0.000,0.000,,,,,NVIDIA A100-SXM4-40GB MIG 4g.20gb (0),1,,13,cupy_copy__complex64_complex64
3940159115,12511,236531,1434,1,1,128,1,1,16,0.000,0.000,,,,,NVIDIA A100-SXM4-40GB MIG 4g.20gb (0),1,,13,cupy_copy__complex64_complex64
3940173418,2528,236538,103,1,1,128,1,1,16,0.000,0.000,,,,,NVIDIA A100-SXM4-40GB MIG 4g.20gb (0),1,,13,cupy_copy__complex64_complex64
3940180522,88223,236545,1,1,1,32,32,1,30,0.000,0.000,,,,,NVIDIA A100-SXM4-40GB MIG 4g.20gb (0),1,,13,"void convert_kernel<__half2, float2>(tensor_layout_any, T1 *, tensor_layout_any, const T2 *)"
3940295849,5504,236548,,,,,,,,,,0.094,17023.251,Pinned,Device,NVIDIA A100-SXM4-40GB MIG 4g.20gb (0),1,,13,[CUDA memcpy Host-to-Device]
3940308265,46175,236549,,,,,,,,,,35.810,775499.628,Device,,NVIDIA A100-SXM4-40GB MIG 4g.20gb (0),1,,13,[CUDA memset]
3940361608,3712,236551,,,,,,,,,,0.000,21.552,Pinned,Device,NVIDIA A100-SXM4-40GB MIG 4g.20gb (0),1,,13,[CUDA memcpy Host-to-Device]
3940369256,11840,236552,,,,,,,,,,0.197,16605.315,Pinned,Device,NVIDIA A100-SXM4-40GB MIG 4g.20gb (0),1,,13,[CUDA memcpy Host-to-Device]
3940389160,10080,236553,273,1,1,48,1,1,40,0.000,0.001,,,,,NVIDIA A100-SXM4-40GB MIG 4g.20gb (0),1,,13,"void pusch_noise_intf_est::noiseIntfEstNoDftSOfdmKernel<float, __half, float, float, (unsigned int)2, (unsigned int)1, (unsigned char)4, (unsigned char)4>(pusch_noise_intf_est::puschRxNoiseIntfEstDynDescr)"
3940403624,3264,236564,35,1,1,128,1,1,16,0.000,0.000,,,,,NVIDIA A100-SXM4-40GB MIG 4g.20gb (0),1,,13,cupy_copy__complex64_complex64
3940420903,1920,236573,1,1,1,1,1,1,18,0.000,0.000,,,,,NVIDIA A100-SXM4-40GB MIG 4g.20gb (0),1,,13,cupy_copy__float32_float32
3940450439,2016,236579,,,,,,,,,,0.000,1.984,Device,Pageable,NVIDIA A100-SXM4-40GB MIG 4g.20gb (0),1,,7,[CUDA memcpy Device-to-Host]
3940511270,12768,236590,1434,1,1,128,1,1,16,0.000,0.000,,,,,NVIDIA A100-SXM4-40GB MIG 4g.20gb (0),1,,13,cupy_copy__complex64_complex64
3940537670,3456,236597,103,1,1,128,1,1,16,0.000,0.000,,,,,NVIDIA A100-SXM4-40GB MIG 4g.20gb (0),1,,13,cupy_copy__complex64_complex64
3940558406,2304,236604,35,1,1,128,1,1,16,0.000,0.000,,,,,NVIDIA A100-SXM4-40GB MIG 4g.20gb (0),1,,13,cupy_copy__complex64_complex64
3940575846,1855,236611,1,1,1,1,1,1,18,0.000,0.000,,,,,NVIDIA A100-SXM4-40GB MIG 4g.20gb (0),1,,13,cupy_copy__float32_float32
3940707460,87935,236622,1,1,1,32,32,1,30,0.000,0.000,,,,,NVIDIA A100-SXM4-40GB MIG 4g.20gb (0),1,,13,"void convert_kernel<__half2, float2>(tensor_layout_any, T1 *, tensor_layout_any, const T2 *)"
3940822786,5440,236625,,,,,,,,,,0.094,17223.480,Pinned,Device,NVIDIA A100-SXM4-40GB MIG 4g.20gb (0),1,,13,[CUDA memcpy Host-to-Device]
3940836930,3296,236626,,,,,,,,,,1.547,469242.628,Device,,NVIDIA A100-SXM4-40GB MIG 4g.20gb (0),1,,13,[CUDA memset]
3940843522,3520,236631,,,,,,,,,,0.031,8890.881,Pinned,Device,NVIDIA A100-SXM4-40GB MIG 4g.20gb (0),1,,13,[CUDA memcpy Host-to-Device]
3940849538,10048,236632,,,,,,,,,,0.197,19566.821,Pinned,Device,NVIDIA A100-SXM4-40GB MIG 4g.20gb (0),1,,13,[CUDA memcpy Host-to-Device]
3940863874,5984,236633,273,1,1,8,4,1,39,0.002,0.000,,,,,NVIDIA A100-SXM4-40GB MIG 4g.20gb (0),1,,13,"void channel_eq::eqMmseCoefCompLowMimoKernel<float, float, float, (unsigned int)4, (unsigned int)1, (unsigned int)4>(const channel_eq::_puschRxChEqStatDescr *, channel_eq::_puschRxChEqCoefCompDynDescr)"
3940872770,5728,236634,273,1,1,12,11,1,51,0.002,0.000,,,,,NVIDIA A100-SXM4-40GB MIG 4g.20gb (0),1,,13,"void channel_eq::eqMmseSoftDemapKernel<float, __half, __half, float, (unsigned int)4, (unsigned short)16383>(channel_eq::_puschRxChEqStatDescr *, channel_eq::_puschRxChEqSoftDemapDynDescr)"
3940880034,294172,236635,1,1,1,32,32,1,30,0.000,0.000,,,,,NVIDIA A100-SXM4-40GB MIG 4g.20gb (0),1,,13,"void convert_kernel<float2, __half2>(tensor_layout_any, T1 *, tensor_layout_any, const T2 *)"
3941175326,11008,236647,2253,1,1,128,1,1,16,0.000,0.000,,,,,NVIDIA A100-SXM4-40GB MIG 4g.20gb (0),1,,13,cupy_copy__float16_float16
3941188286,3200,236656,282,1,1,128,1,1,16,0.000,0.000,,,,,NVIDIA A100-SXM4-40GB MIG 4g.20gb (0),1,,13,cupy_copy__complex64_complex64
3941194558,2176,236665,26,1,1,128,1,1,16,0.000,0.000,,,,,NVIDIA A100-SXM4-40GB MIG 4g.20gb (0),1,,13,cupy_copy__float32_float32
3941197822,3904,236674,103,1,1,128,1,1,16,0.000,0.000,,,,,NVIDIA A100-SXM4-40GB MIG 4g.20gb (0),1,,13,cupy_copy__complex64_complex64
3941256477,12032,236690,1434,1,1,128,1,1,16,0.000,0.000,,,,,NVIDIA A100-SXM4-40GB MIG 4g.20gb (0),1,,13,cupy_copy__complex64_complex64
3941371068,82143,236695,1,1,1,32,32,1,30,0.000,0.000,,,,,NVIDIA A100-SXM4-40GB MIG 4g.20gb (0),1,,13,"void convert_kernel<__half2, float2>(tensor_layout_any, T1 *, tensor_layout_any, const T2 *)"
3941479610,5632,236698,,,,,,,,,,0.094,16636.287,Pinned,Device,NVIDIA A100-SXM4-40GB MIG 4g.20gb (0),1,,13,[CUDA memcpy Host-to-Device]
3941489786,596985,236699,,,,,,,,,,456.561,764740.412,Device,,NVIDIA A100-SXM4-40GB MIG 4g.20gb (0),1,,13,[CUDA memset]
3942094195,137662,236704,,,,,,,,,,1.235,8970.633,Pinned,Device,NVIDIA A100-SXM4-40GB MIG 4g.20gb (0),1,,13,[CUDA memcpy Host-to-Device]
3942240849,30176,236705,,,,,,,,,,0.197,6515.196,Pinned,Device,NVIDIA A100-SXM4-40GB MIG 4g.20gb (0),1,,13,[CUDA memcpy Host-to-Device]
3942284816,8064,236706,69,4,1,48,1,1,76,0.002,0.000,,,,,NVIDIA A100-SXM4-40GB MIG 4g.20gb (0),1,,13,"void ch_est::windowedChEstPreNoDftSOfdmKernel<float, __half, float, (unsigned int)2, (unsigned int)1, (unsigned short)4>(ch_est::puschRxChEstStatDescr_t *, ch_est::puschRxChEstDynDescr_t *)"
3942297168,6880,236707,137,2,1,24,2,1,44,0.001,0.001,,,,,NVIDIA A100-SXM4-40GB MIG 4g.20gb (0),1,,13,"void ch_est::chEstFilterNoDftSOfdmDispatchKernel<float, __half, float, (unsigned int)2>(ch_est::puschRxChEstStatDescr_t *, ch_est::puschRxChEstDynDescr_t *)"
3942310736,5152,236708,137,2,1,24,2,1,44,0.001,0.001,,,,,NVIDIA A100-SXM4-40GB MIG 4g.20gb (0),1,,13,"void ch_est::chEstFilterNoDftSOfdmDispatchKernel<float, __half, float, (unsigned int)2>(ch_est::puschRxChEstStatDescr_t *, ch_est::puschRxChEstDynDescr_t *)"
3942321744,2720,236719,103,1,1,128,1,1,16,0.000,0.000,,,,,NVIDIA A100-SXM4-40GB MIG 4g.20gb (0),1,,13,cupy_copy__complex64_complex64
3942329776,12800,236729,1434,1,1,128,1,1,16,0.000,0.000,,,,,NVIDIA A100-SXM4-40GB MIG 4g.20gb (0),1,,13,cupy_copy__complex64_complex64
3942350288,2592,236736,103,1,1,128,1,1,16,0.000,0.000,,,,,NVIDIA A100-SXM4-40GB MIG 4g.20gb (0),1,,13,cupy_copy__complex64_complex64
3942356943,83231,236743,1,1,1,32,32,1,30,0.000,0.000,,,,,NVIDIA A100-SXM4-40GB MIG 4g.20gb (0),1,,13,"void convert_kernel<__half2, float2>(tensor_layout_any, T1 *, tensor_layout_any, const T2 *)"
3942467854,6048,236746,,,,,,,,,,0.094,15491.978,Pinned,Device,NVIDIA A100-SXM4-40GB MIG 4g.20gb (0),1,,13,[CUDA memcpy Host-to-Device]
3942479438,45951,236747,,,,,,,,,,35.810,779295.479,Device,,NVIDIA A100-SXM4-40GB MIG 4g.20gb (0),1,,13,[CUDA memset]
3942532141,3168,236749,,,,,,,,,,0.000,25.252,Pinned,Device,NVIDIA A100-SXM4-40GB MIG 4g.20gb (0),1,,13,[CUDA memcpy Host-to-Device]
3942538829,12480,236750,,,,,,,,,,0.197,15753.806,Pinned,Device,NVIDIA A100-SXM4-40GB MIG 4g.20gb (0),1,,13,[CUDA memcpy Host-to-Device]
3942556813,10144,236751,273,1,1,48,1,1,40,0.000,0.001,,,,,NVIDIA A100-SXM4-40GB MIG 4g.20gb (0),1,,13,"void pusch_noise_intf_est::noiseIntfEstNoDftSOfdmKernel<float, __half, float, float, (unsigned int)2, (unsigned int)1, (unsigned char)4, (unsigned char)4>(pusch_noise_intf_est::puschRxNoiseIntfEstDynDescr)"
3942568717,3008,236762,35,1,1,128,1,1,16,0.000,0.000,,,,,NVIDIA A100-SXM4-40GB MIG 4g.20gb (0),1,,13,cupy_copy__complex64_complex64
3942592525,1920,236771,1,1,1,1,1,1,18,0.000,0.000,,,,,NVIDIA A100-SXM4-40GB MIG 4g.20gb (0),1,,13,cupy_copy__float32_float32
3942623372,1984,236777,,,,,,,,,,0.000,2.016,Device,Pageable,NVIDIA A100-SXM4-40GB MIG 4g.20gb (0),1,,7,[CUDA memcpy Device-to-Host]
3942682731,12960,236788,1434,1,1,128,1,1,16,0.000,0.000,,,,,NVIDIA A100-SXM4-40GB MIG 4g.20gb (0),1,,13,cupy_copy__complex64_complex64
3942710347,3392,236795,103,1,1,128,1,1,16,0.000,0.000,,,,,NVIDIA A100-SXM4-40GB MIG 4g.20gb (0),1,,13,cupy_copy__complex64_complex64
3942731179,2784,236802,35,1,1,128,1,1,16,0.000,0.000,,,,,NVIDIA A100-SXM4-40GB MIG 4g.20gb (0),1,,13,cupy_copy__complex64_complex64
3942748011,1760,236809,1,1,1,1,1,1,18,0.000,0.000,,,,,NVIDIA A100-SXM4-40GB MIG 4g.20gb (0),1,,13,cupy_copy__float32_float32
3942889737,81215,236820,1,1,1,32,32,1,30,0.000,0.000,,,,,NVIDIA A100-SXM4-40GB MIG 4g.20gb (0),1,,13,"void convert_kernel<__half2, float2>(tensor_layout_any, T1 *, tensor_layout_any, const T2 *)"
3942999592,5599,236823,,,,,,,,,,0.094,16734.387,Pinned,Device,NVIDIA A100-SXM4-40GB MIG 4g.20gb (0),1,,13,[CUDA memcpy Host-to-Device]
3943014503,3168,236824,,,,,,,,,,1.547,488201.145,Device,,NVIDIA A100-SXM4-40GB MIG 4g.20gb (0),1,,13,[CUDA memset]
3943021095,3744,236829,,,,,,,,,,0.031,8358.974,Pinned,Device,NVIDIA A100-SXM4-40GB MIG 4g.20gb (0),1,,13,[CUDA memcpy Host-to-Device]
3943027367,10304,236830,,,,,,,,,,0.197,19080.610,Pinned,Device,NVIDIA A100-SXM4-40GB MIG 4g.20gb (0),1,,13,[CUDA memcpy Host-to-Device]
3943043271,6336,236831,273,1,1,8,4,1,39,0.002,0.000,,,,,NVIDIA A100-SXM4-40GB MIG 4g.20gb (0),1,,13,"void channel_eq::eqMmseCoefCompLowMimoKernel<float, float, float, (unsigned int)4, (unsigned int)1, (unsigned int)4>(const channel_eq::_puschRxChEqStatDescr *, channel_eq::_puschRxChEqCoefCompDynDescr)"
3943052871,6112,236832,273,1,1,12,11,1,51,0.002,0.000,,,,,NVIDIA A100-SXM4-40GB MIG 4g.20gb (0),1,,13,"void channel_eq::eqMmseSoftDemapKernel<float, __half, __half, float, (unsigned int)4, (unsigned short)16383>(channel_eq::_puschRxChEqStatDescr *, channel_eq::_puschRxChEqSoftDemapDynDescr)"
3943060071,289340,236833,1,1,1,32,32,1,30,0.000,0.000,,,,,NVIDIA A100-SXM4-40GB MIG 4g.20gb (0),1,,13,"void convert_kernel<float2, __half2>(tensor_layout_any, T1 *, tensor_layout_any, const T2 *)"
3943350563,10976,236845,2253,1,1,128,1,1,16,0.000,0.000,,,,,NVIDIA A100-SXM4-40GB MIG 4g.20gb (0),1,,13,cupy_copy__float16_float16
3943365603,3328,236854,282,1,1,128,1,1,16,0.000,0.000,,,,,NVIDIA A100-SXM4-40GB MIG 4g.20gb (0),1,,13,cupy_copy__complex64_complex64
3943371043,2144,236863,26,1,1,128,1,1,16,0.000,0.000,,,,,NVIDIA A100-SXM4-40GB MIG 4g.20gb (0),1,,13,cupy_copy__float32_float32
3943374275,2912,236872,103,1,1,128,1,1,16,0.000,0.000,,,,,NVIDIA A100-SXM4-40GB MIG 4g.20gb (0),1,,13,cupy_copy__complex64_complex64
3943379811,11968,236882,1434,1,1,128,1,1,16,0.000,0.000,,,,,NVIDIA A100-SXM4-40GB MIG 4g.20gb (0),1,,13,cupy_copy__complex64_complex64
3943394179,83071,236887,1,1,1,32,32,1,30,0.000,0.000,,,,,NVIDIA A100-SXM4-40GB MIG 4g.20gb (0),1,,13,"void convert_kernel<__half2, float2>(tensor_layout_any, T1 *, tensor_layout_any, const T2 *)"
3943504609,6048,236890,,,,,,,,,,0.094,15491.978,Pinned,Device,NVIDIA A100-SXM4-40GB MIG 4g.20gb (0),1,,13,[CUDA memcpy Host-to-Device]
3943517761,599481,236891,,,,,,,,,,456.561,761544.482,Device,,NVIDIA A100-SXM4-40GB MIG 4g.20gb (0),1,,13,[CUDA memset]
3944121754,140478,236896,,,,,,,,,,1.235,8790.331,Pinned,Device,NVIDIA A100-SXM4-40GB MIG 4g.20gb (0),1,,13,[CUDA memcpy Host-to-Device]
3944276184,40223,236897,,,,,,,,,,0.197,4887.871,Pinned,Device,NVIDIA A100-SXM4-40GB MIG 4g.20gb (0),1,,13,[CUDA memcpy Host-to-Device]
3944337399,8320,236898,69,4,1,48,1,1,76,0.002,0.000,,,,,NVIDIA A100-SXM4-40GB MIG 4g.20gb (0),1,,13,"void ch_est::windowedChEstPreNoDftSOfdmKernel<float, __half, float, (unsigned int)2, (unsigned int)1, (unsigned short)4>(ch_est::puschRxChEstStatDescr_t *, ch_est::puschRxChEstDynDescr_t *)"
3944356599,6816,236899,137,2,1,24,2,1,44,0.001,0.001,,,,,NVIDIA A100-SXM4-40GB MIG 4g.20gb (0),1,,13,"void ch_est::chEstFilterNoDftSOfdmDispatchKernel<float, __half, float, (unsigned int)2>(ch_est::puschRxChEstStatDescr_t *, ch_est::puschRxChEstDynDescr_t *)"
3944373367,4767,236900,137,2,1,24,2,1,44,0.001,0.001,,,,,NVIDIA A100-SXM4-40GB MIG 4g.20gb (0),1,,13,"void ch_est::chEstFilterNoDftSOfdmDispatchKernel<float, __half, float, (unsigned int)2>(ch_est::puschRxChEstStatDescr_t *, ch_est::puschRxChEstDynDescr_t *)"
3944390582,2496,236911,103,1,1,128,1,1,16,0.000,0.000,,,,,NVIDIA A100-SXM4-40GB MIG 4g.20gb (0),1,,13,cupy_copy__complex64_complex64
3944408790,12320,236921,1434,1,1,128,1,1,16,0.000,0.000,,,,,NVIDIA A100-SXM4-40GB MIG 4g.20gb (0),1,,13,cupy_copy__complex64_complex64
3944429238,2944,236928,103,1,1,128,1,1,16,0.000,0.000,,,,,NVIDIA A100-SXM4-40GB MIG 4g.20gb (0),1,,13,cupy_copy__complex64_complex64
3944448822,84863,236935,1,1,1,32,32,1,30,0.000,0.000,,,,,NVIDIA A100-SXM4-40GB MIG 4g.20gb (0),1,,13,"void convert_kernel<__half2, float2>(tensor_layout_any, T1 *, tensor_layout_any, const T2 *)"
3944565012,11584,236938,,,,,,,,,,0.094,8088.307,Pinned,Device,NVIDIA A100-SXM4-40GB MIG 4g.20gb (0),1,,13,[CUDA memcpy Host-to-Device]
3944583636,47039,236939,,,,,,,,,,35.810,761247.279,Device,,NVIDIA A100-SXM4-40GB MIG 4g.20gb (0),1,,13,[CUDA memset]
3944632243,4800,236941,,,,,,,,,,0.000,16.667,Pinned,Device,NVIDIA A100-SXM4-40GB MIG 4g.20gb (0),1,,13,[CUDA memcpy Host-to-Device]
3944642867,12064,236942,,,,,,,,,,0.197,16297.034,Pinned,Device,NVIDIA A100-SXM4-40GB MIG 4g.20gb (0),1,,13,[CUDA memcpy Host-to-Device]
3944661843,10080,236943,273,1,1,48,1,1,40,0.000,0.001,,,,,NVIDIA A100-SXM4-40GB MIG 4g.20gb (0),1,,13,"void pusch_noise_intf_est::noiseIntfEstNoDftSOfdmKernel<float, __half, float, float, (unsigned int)2, (unsigned int)1, (unsigned char)4, (unsigned char)4>(pusch_noise_intf_est::puschRxNoiseIntfEstDynDescr)"
3944673779,2752,236954,35,1,1,128,1,1,16,0.000,0.000,,,,,NVIDIA A100-SXM4-40GB MIG 4g.20gb (0),1,,13,cupy_copy__complex64_complex64
3944683251,1792,236963,1,1,1,1,1,1,18,0.000,0.000,,,,,NVIDIA A100-SXM4-40GB MIG 4g.20gb (0),1,,13,cupy_copy__float32_float32
3944716434,1632,236969,,,,,,,,,,0.000,2.451,Device,Pageable,NVIDIA A100-SXM4-40GB MIG 4g.20gb (0),1,,7,[CUDA memcpy Device-to-Host]
3944778770,13087,236980,1434,1,1,128,1,1,16,0.000,0.000,,,,,NVIDIA A100-SXM4-40GB MIG 4g.20gb (0),1,,13,cupy_copy__complex64_complex64
3944804401,2912,236987,103,1,1,128,1,1,16,0.000,0.000,,,,,NVIDIA A100-SXM4-40GB MIG 4g.20gb (0),1,,13,cupy_copy__complex64_complex64
3944825969,2560,236994,35,1,1,128,1,1,16,0.000,0.000,,,,,NVIDIA A100-SXM4-40GB MIG 4g.20gb (0),1,,13,cupy_copy__complex64_complex64
3944845585,1760,237001,1,1,1,1,1,1,18,0.000,0.000,,,,,NVIDIA A100-SXM4-40GB MIG 4g.20gb (0),1,,13,cupy_copy__float32_float32
3944976783,82719,237012,1,1,1,32,32,1,30,0.000,0.000,,,,,NVIDIA A100-SXM4-40GB MIG 4g.20gb (0),1,,13,"void convert_kernel<__half2, float2>(tensor_layout_any, T1 *, tensor_layout_any, const T2 *)"
3945087150,5664,237015,,,,,,,,,,0.094,16542.310,Pinned,Device,NVIDIA A100-SXM4-40GB MIG 4g.20gb (0),1,,13,[CUDA memcpy Host-to-Device]
3945101582,3200,237016,,,,,,,,,,1.547,483320.000,Device,,NVIDIA A100-SXM4-40GB MIG 4g.20gb (0),1,,13,[CUDA memset]
3945108397,3040,237021,,,,,,,,,,0.031,10294.725,Pinned,Device,NVIDIA A100-SXM4-40GB MIG 4g.20gb (0),1,,13,[CUDA memcpy Host-to-Device]
3945114573,10016,237022,,,,,,,,,,0.197,19629.343,Pinned,Device,NVIDIA A100-SXM4-40GB MIG 4g.20gb (0),1,,13,[CUDA memcpy Host-to-Device]
3945130317,6112,237023,273,1,1,8,4,1,39,0.002,0.000,,,,,NVIDIA A100-SXM4-40GB MIG 4g.20gb (0),1,,13,"void channel_eq::eqMmseCoefCompLowMimoKernel<float, float, float, (unsigned int)4, (unsigned int)1, (unsigned int)4>(const channel_eq::_puschRxChEqStatDescr *, channel_eq::_puschRxChEqCoefCompDynDescr)"
3945137709,7680,237024,273,1,1,12,11,1,51,0.002,0.000,,,,,NVIDIA A100-SXM4-40GB MIG 4g.20gb (0),1,,13,"void channel_eq::eqMmseSoftDemapKernel<float, __half, __half, float, (unsigned int)4, (unsigned short)16383>(channel_eq::_puschRxChEqStatDescr *, channel_eq::_puschRxChEqSoftDemapDynDescr)"
3945147053,293980,237025,1,1,1,32,32,1,30,0.000,0.000,,,,,NVIDIA A100-SXM4-40GB MIG 4g.20gb (0),1,,13,"void convert_kernel<float2, __half2>(tensor_layout_any, T1 *, tensor_layout_any, const T2 *)"
3945442537,10848,237037,2253,1,1,128,1,1,16,0.000,0.000,,,,,NVIDIA A100-SXM4-40GB MIG 4g.20gb (0),1,,13,cupy_copy__float16_float16
3945455625,3136,237046,282,1,1,128,1,1,16,0.000,0.000,,,,,NVIDIA A100-SXM4-40GB MIG 4g.20gb (0),1,,13,cupy_copy__complex64_complex64
3945459881,2016,237055,26,1,1,128,1,1,16,0.000,0.000,,,,,NVIDIA A100-SXM4-40GB MIG 4g.20gb (0),1,,13,cupy_copy__float32_float32
3945465065,2816,237064,103,1,1,128,1,1,16,0.000,0.000,,,,,NVIDIA A100-SXM4-40GB MIG 4g.20gb (0),1,,13,cupy_copy__complex64_complex64
3945472233,12384,237074,1434,1,1,128,1,1,16,0.000,0.000,,,,,NVIDIA A100-SXM4-40GB MIG 4g.20gb (0),1,,13,cupy_copy__complex64_complex64
3945487625,86431,237079,1,1,1,32,32,1,30,0.000,0.000,,,,,NVIDIA A100-SXM4-40GB MIG 4g.20gb (0),1,,13,"void convert_kernel<__half2, float2>(tensor_layout_any, T1 *, tensor_layout_any, const T2 *)"
3945600647,5664,237082,,,,,,,,,,0.094,16542.310,Pinned,Device,NVIDIA A100-SXM4-40GB MIG 4g.20gb (0),1,,13,[CUDA memcpy Host-to-Device]
3945610855,600953,237083,,,,,,,,,,456.561,759718.236,Device,,NVIDIA A100-SXM4-40GB MIG 4g.20gb (0),1,,13,[CUDA memset]
3946217344,142174,237088,,,,,,,,,,1.235,8685.361,Pinned,Device,NVIDIA A100-SXM4-40GB MIG 4g.20gb (0),1,,13,[CUDA memcpy Host-to-Device]
3946375870,42975,237089,,,,,,,,,,0.197,4574.872,Pinned,Device,NVIDIA A100-SXM4-40GB MIG 4g.20gb (0),1,,13,[CUDA memcpy Host-to-Device]
3946445853,8608,237090,69,4,1,48,1,1,76,0.002,0.000,,,,,NVIDIA A100-SXM4-40GB MIG 4g.20gb (0),1,,13,"void ch_est::windowedChEstPreNoDftSOfdmKernel<float, __half, float, (unsigned int)2, (unsigned int)1, (unsigned short)4>(ch_est::puschRxChEstStatDescr_t *, ch_est::puschRxChEstDynDescr_t *)"
3946463773,6656,237091,137,2,1,24,2,1,44,0.001,0.001,,,,,NVIDIA A100-SXM4-40GB MIG 4g.20gb (0),1,,13,"void ch_est::chEstFilterNoDftSOfdmDispatchKernel<float, __half, float, (unsigned int)2>(ch_est::puschRxChEstStatDescr_t *, ch_est::puschRxChEstDynDescr_t *)"
3946481020,4768,237092,137,2,1,24,2,1,44,0.001,0.001,,,,,NVIDIA A100-SXM4-40GB MIG 4g.20gb (0),1,,13,"void ch_est::chEstFilterNoDftSOfdmDispatchKernel<float, __half, float, (unsigned int)2>(ch_est::puschRxChEstStatDescr_t *, ch_est::puschRxChEstDynDescr_t *)"
3946497852,2688,237103,103,1,1,128,1,1,16,0.000,0.000,,,,,NVIDIA A100-SXM4-40GB MIG 4g.20gb (0),1,,13,cupy_copy__complex64_complex64
3946514652,12384,237113,1434,1,1,128,1,1,16,0.000,0.000,,,,,NVIDIA A100-SXM4-40GB MIG 4g.20gb (0),1,,13,cupy_copy__complex64_complex64
3946534844,2912,237120,103,1,1,128,1,1,16,0.000,0.000,,,,,NVIDIA A100-SXM4-40GB MIG 4g.20gb (0),1,,13,cupy_copy__complex64_complex64
3946560444,92894,237127,1,1,1,32,32,1,30,0.000,0.000,,,,,NVIDIA A100-SXM4-40GB MIG 4g.20gb (0),1,,13,"void convert_kernel<__half2, float2>(tensor_layout_any, T1 *, tensor_layout_any, const T2 *)"
3946686490,27360,237130,,,,,,,,,,0.094,3424.495,Pinned,Device,NVIDIA A100-SXM4-40GB MIG 4g.20gb (0),1,,13,[CUDA memcpy Host-to-Device]
3946735577,47136,237131,,,,,,,,,,35.810,759707.453,Device,,NVIDIA A100-SXM4-40GB MIG 4g.20gb (0),1,,13,[CUDA memset]
3946790201,14176,237133,,,,,,,,,,0.000,5.643,Pinned,Device,NVIDIA A100-SXM4-40GB MIG 4g.20gb (0),1,,13,[CUDA memcpy Host-to-Device]
3946814616,30176,237134,,,,,,,,,,0.197,6515.196,Pinned,Device,NVIDIA A100-SXM4-40GB MIG 4g.20gb (0),1,,13,[CUDA memcpy Host-to-Device]
3946870360,9344,237135,273,1,1,48,1,1,40,0.000,0.001,,,,,NVIDIA A100-SXM4-40GB MIG 4g.20gb (0),1,,13,"void pusch_noise_intf_est::noiseIntfEstNoDftSOfdmKernel<float, __half, float, float, (unsigned int)2, (unsigned int)1, (unsigned char)4, (unsigned char)4>(pusch_noise_intf_est::puschRxNoiseIntfEstDynDescr)"
3946886647,2624,237146,35,1,1,128,1,1,16,0.000,0.000,,,,,NVIDIA A100-SXM4-40GB MIG 4g.20gb (0),1,,13,cupy_copy__complex64_complex64
3946903255,1728,237155,1,1,1,1,1,1,18,0.000,0.000,,,,,NVIDIA A100-SXM4-40GB MIG 4g.20gb (0),1,,13,cupy_copy__float32_float32
3946906935,6944,237161,,,,,,,,,,0.000,0.576,Device,Pageable,NVIDIA A100-SXM4-40GB MIG 4g.20gb (0),1,,7,[CUDA memcpy Device-to-Host]
3946999606,13056,237172,1434,1,1,128,1,1,16,0.000,0.000,,,,,NVIDIA A100-SXM4-40GB MIG 4g.20gb (0),1,,13,cupy_copy__complex64_complex64
3947023318,2656,237179,103,1,1,128,1,1,16,0.000,0.000,,,,,NVIDIA A100-SXM4-40GB MIG 4g.20gb (0),1,,13,cupy_copy__complex64_complex64
3947042262,2624,237186,35,1,1,128,1,1,16,0.000,0.000,,,,,NVIDIA A100-SXM4-40GB MIG 4g.20gb (0),1,,13,cupy_copy__complex64_complex64
3947061941,1920,237193,1,1,1,1,1,1,18,0.000,0.000,,,,,NVIDIA A100-SXM4-40GB MIG 4g.20gb (0),1,,13,cupy_copy__float32_float32
3947186004,82655,237204,1,1,1,32,32,1,30,0.000,0.000,,,,,NVIDIA A100-SXM4-40GB MIG 4g.20gb (0),1,,13,"void convert_kernel<__half2, float2>(tensor_layout_any, T1 *, tensor_layout_any, const T2 *)"
3947296754,5568,237207,,,,,,,,,,0.094,16827.521,Pinned,Device,NVIDIA A100-SXM4-40GB MIG 4g.20gb (0),1,,13,[CUDA memcpy Host-to-Device]
3947312626,3296,237208,,,,,,,,,,1.547,469242.628,Device,,NVIDIA A100-SXM4-40GB MIG 4g.20gb (0),1,,13,[CUDA memset]
3947318482,3008,237213,,,,,,,,,,0.031,10404.230,Pinned,Device,NVIDIA A100-SXM4-40GB MIG 4g.20gb (0),1,,13,[CUDA memcpy Host-to-Device]
3947323954,9856,237214,,,,,,,,,,0.197,19948.044,Pinned,Device,NVIDIA A100-SXM4-40GB MIG 4g.20gb (0),1,,13,[CUDA memcpy Host-to-Device]
3947339570,6144,237215,273,1,1,8,4,1,39,0.002,0.000,,,,,NVIDIA A100-SXM4-40GB MIG 4g.20gb (0),1,,13,"void channel_eq::eqMmseCoefCompLowMimoKernel<float, float, float, (unsigned int)4, (unsigned int)1, (unsigned int)4>(const channel_eq::_puschRxChEqStatDescr *, channel_eq::_puschRxChEqCoefCompDynDescr)"
3947347442,5568,237216,273,1,1,12,11,1,51,0.002,0.000,,,,,NVIDIA A100-SXM4-40GB MIG 4g.20gb (0),1,,13,"void channel_eq::eqMmseSoftDemapKernel<float, __half, __half, float, (unsigned int)4, (unsigned short)16383>(channel_eq::_puschRxChEqStatDescr *, channel_eq::_puschRxChEqSoftDemapDynDescr)"
3947354770,282236,237217,1,1,1,32,32,1,30,0.000,0.000,,,,,NVIDIA A100-SXM4-40GB MIG 4g.20gb (0),1,,13,"void convert_kernel<float2, __half2>(tensor_layout_any, T1 *, tensor_layout_any, const T2 *)"
3947638094,11040,237229,2253,1,1,128,1,1,16,0.000,0.000,,,,,NVIDIA A100-SXM4-40GB MIG 4g.20gb (0),1,,13,cupy_copy__float16_float16
3947650766,3008,237238,282,1,1,128,1,1,16,0.000,0.000,,,,,NVIDIA A100-SXM4-40GB MIG 4g.20gb (0),1,,13,cupy_copy__complex64_complex64
3947656238,2240,237247,26,1,1,128,1,1,16,0.000,0.000,,,,,NVIDIA A100-SXM4-40GB MIG 4g.20gb (0),1,,13,cupy_copy__float32_float32
3947660654,3008,237256,103,1,1,128,1,1,16,0.000,0.000,,,,,NVIDIA A100-SXM4-40GB MIG 4g.20gb (0),1,,13,cupy_copy__complex64_complex64
3947664750,12032,237266,1434,1,1,128,1,1,16,0.000,0.000,,,,,NVIDIA A100-SXM4-40GB MIG 4g.20gb (0),1,,13,cupy_copy__complex64_complex64
3947687662,87582,237271,1,1,1,32,32,1,30,0.000,0.000,,,,,NVIDIA A100-SXM4-40GB MIG 4g.20gb (0),1,,13,"void convert_kernel<__half2, float2>(tensor_layout_any, T1 *, tensor_layout_any, const T2 *)"
3947802060,5600,237274,,,,,,,,,,0.094,16731.388,Pinned,Device,NVIDIA A100-SXM4-40GB MIG 4g.20gb (0),1,,13,[CUDA memcpy Host-to-Device]
3947811436,597593,237275,,,,,,,,,,456.561,763827.289,Device,,NVIDIA A100-SXM4-40GB MIG 4g.20gb (0),1,,13,[CUDA memset]
3948415525,87902,237280,,,,,,,,,,1.235,14048.723,Pinned,Device,NVIDIA A100-SXM4-40GB MIG 4g.20gb (0),1,,13,[CUDA memcpy Host-to-Device]
3948511267,16800,237281,,,,,,,,,,0.197,11702.698,Pinned,Device,NVIDIA A100-SXM4-40GB MIG 4g.20gb (0),1,,13,[CUDA memcpy Host-to-Device]
3948540931,8416,237282,69,4,1,48,1,1,76,0.002,0.000,,,,,NVIDIA A100-SXM4-40GB MIG 4g.20gb (0),1,,13,"void ch_est::windowedChEstPreNoDftSOfdmKernel<float, __half, float, (unsigned int)2, (unsigned int)1, (unsigned short)4>(ch_est::puschRxChEstStatDescr_t *, ch_est::puschRxChEstDynDescr_t *)"
3948556387,7104,237283,137,2,1,24,2,1,44,0.001,0.001,,,,,NVIDIA A100-SXM4-40GB MIG 4g.20gb (0),1,,13,"void ch_est::chEstFilterNoDftSOfdmDispatchKernel<float, __half, float, (unsigned int)2>(ch_est::puschRxChEstStatDescr_t *, ch_est::puschRxChEstDynDescr_t *)"
3948576995,5824,237284,137,2,1,24,2,1,44,0.001,0.001,,,,,NVIDIA A100-SXM4-40GB MIG 4g.20gb (0),1,,13,"void ch_est::chEstFilterNoDftSOfdmDispatchKernel<float, __half, float, (unsigned int)2>(ch_est::puschRxChEstStatDescr_t *, ch_est::puschRxChEstDynDescr_t *)"
3948588482,3104,237295,103,1,1,128,1,1,16,0.000,0.000,,,,,NVIDIA A100-SXM4-40GB MIG 4g.20gb (0),1,,13,cupy_copy__complex64_complex64
3948596962,13280,237305,1434,1,1,128,1,1,16,0.000,0.000,,,,,NVIDIA A100-SXM4-40GB MIG 4g.20gb (0),1,,13,cupy_copy__complex64_complex64
3948618850,2560,237312,103,1,1,128,1,1,16,0.000,0.000,,,,,NVIDIA A100-SXM4-40GB MIG 4g.20gb (0),1,,13,cupy_copy__complex64_complex64
3948628034,86847,237319,1,1,1,32,32,1,30,0.000,0.000,,,,,NVIDIA A100-SXM4-40GB MIG 4g.20gb (0),1,,13,"void convert_kernel<__half2, float2>(tensor_layout_any, T1 *, tensor_layout_any, const T2 *)"
3948742369,10399,237322,,,,,,,,,,0.094,9010.088,Pinned,Device,NVIDIA A100-SXM4-40GB MIG 4g.20gb (0),1,,13,[CUDA memcpy Host-to-Device]
3948760928,47872,237323,,,,,,,,,,35.810,748033.419,Device,,NVIDIA A100-SXM4-40GB MIG 4g.20gb (0),1,,13,[CUDA memset]
3948815264,9088,237325,,,,,,,,,,0.000,8.803,Pinned,Device,NVIDIA A100-SXM4-40GB MIG 4g.20gb (0),1,,13,[CUDA memcpy Host-to-Device]
3948830847,22432,237326,,,,,,,,,,0.197,8764.588,Pinned,Device,NVIDIA A100-SXM4-40GB MIG 4g.20gb (0),1,,13,[CUDA memcpy Host-to-Device]
3948878047,9696,237327,273,1,1,48,1,1,40,0.000,0.001,,,,,NVIDIA A100-SXM4-40GB MIG 4g.20gb (0),1,,13,"void pusch_noise_intf_est::noiseIntfEstNoDftSOfdmKernel<float, __half, float, float, (unsigned int)2, (unsigned int)1, (unsigned char)4, (unsigned char)4>(pusch_noise_intf_est::puschRxNoiseIntfEstDynDescr)"
3948904607,2592,237338,35,1,1,128,1,1,16,0.000,0.000,,,,,NVIDIA A100-SXM4-40GB MIG 4g.20gb (0),1,,13,cupy_copy__complex64_complex64
3948917598,1696,237347,1,1,1,1,1,1,18,0.000,0.000,,,,,NVIDIA A100-SXM4-40GB MIG 4g.20gb (0),1,,13,cupy_copy__float32_float32
3948921118,5792,237353,,,,,,,,,,0.000,0.691,Device,Pageable,NVIDIA A100-SXM4-40GB MIG 4g.20gb (0),1,,7,[CUDA memcpy Device-to-Host]
3949010429,12896,237364,1434,1,1,128,1,1,16,0.000,0.000,,,,,NVIDIA A100-SXM4-40GB MIG 4g.20gb (0),1,,13,cupy_copy__complex64_complex64
3949033341,3008,237371,103,1,1,128,1,1,16,0.000,0.000,,,,,NVIDIA A100-SXM4-40GB MIG 4g.20gb (0),1,,13,cupy_copy__complex64_complex64
3949053245,2304,237378,35,1,1,128,1,1,16,0.000,0.000,,,,,NVIDIA A100-SXM4-40GB MIG 4g.20gb (0),1,,13,cupy_copy__complex64_complex64
3949071228,1792,237385,1,1,1,1,1,1,18,0.000,0.000,,,,,NVIDIA A100-SXM4-40GB MIG 4g.20gb (0),1,,13,cupy_copy__float32_float32
3949201467,88639,237396,1,1,1,32,32,1,30,0.000,0.000,,,,,NVIDIA A100-SXM4-40GB MIG 4g.20gb (0),1,,13,"void convert_kernel<__half2, float2>(tensor_layout_any, T1 *, tensor_layout_any, const T2 *)"
3949321465,16640,237399,,,,,,,,,,0.094,5630.755,Pinned,Device,NVIDIA A100-SXM4-40GB MIG 4g.20gb (0),1,,13,[CUDA memcpy Host-to-Device]
3949353369,3456,237400,,,,,,,,,,1.547,447517.201,Device,,NVIDIA A100-SXM4-40GB MIG 4g.20gb (0),1,,13,[CUDA memset]
3949359065,5888,237405,,,,,,,,,,0.031,5315.187,Pinned,Device,NVIDIA A100-SXM4-40GB MIG 4g.20gb (0),1,,13,[CUDA memcpy Host-to-Device]
3949371641,17952,237406,,,,,,,,,,0.197,10951.852,Pinned,Device,NVIDIA A100-SXM4-40GB MIG 4g.20gb (0),1,,13,[CUDA memcpy Host-to-Device]
3949399800,6112,237407,273,1,1,8,4,1,39,0.002,0.000,,,,,NVIDIA A100-SXM4-40GB MIG 4g.20gb (0),1,,13,"void channel_eq::eqMmseCoefCompLowMimoKernel<float, float, float, (unsigned int)4, (unsigned int)1, (unsigned int)4>(const channel_eq::_puschRxChEqStatDescr *, channel_eq::_puschRxChEqCoefCompDynDescr)"
3949407832,7264,237408,273,1,1,12,11,1,51,0.002,0.000,,,,,NVIDIA A100-SXM4-40GB MIG 4g.20gb (0),1,,13,"void channel_eq::eqMmseSoftDemapKernel<float, __half, __half, float, (unsigned int)4, (unsigned short)16383>(channel_eq::_puschRxChEqStatDescr *, channel_eq::_puschRxChEqSoftDemapDynDescr)"
3949422552,290365,237409,1,1,1,32,32,1,30,0.000,0.000,,,,,NVIDIA A100-SXM4-40GB MIG 4g.20gb (0),1,,13,"void convert_kernel<float2, __half2>(tensor_layout_any, T1 *, tensor_layout_any, const T2 *)"
3949716149,11007,237421,2253,1,1,128,1,1,16,0.000,0.000,,,,,NVIDIA A100-SXM4-40GB MIG 4g.20gb (0),1,,13,cupy_copy__float16_float16
3949729044,3040,237430,282,1,1,128,1,1,16,0.000,0.000,,,,,NVIDIA A100-SXM4-40GB MIG 4g.20gb (0),1,,13,cupy_copy__complex64_complex64
3949735700,2112,237439,26,1,1,128,1,1,16,0.000,0.000,,,,,NVIDIA A100-SXM4-40GB MIG 4g.20gb (0),1,,13,cupy_copy__float32_float32
3949740628,2912,237448,103,1,1,128,1,1,16,0.000,0.000,,,,,NVIDIA A100-SXM4-40GB MIG 4g.20gb (0),1,,13,cupy_copy__complex64_complex64
3949745588,12224,237458,1434,1,1,128,1,1,16,0.000,0.000,,,,,NVIDIA A100-SXM4-40GB MIG 4g.20gb (0),1,,13,cupy_copy__complex64_complex64
3949761108,81663,237463,1,1,1,32,32,1,30,0.000,0.000,,,,,NVIDIA A100-SXM4-40GB MIG 4g.20gb (0),1,,13,"void convert_kernel<__half2, float2>(tensor_layout_any, T1 *, tensor_layout_any, const T2 *)"
3949870387,6080,237466,,,,,,,,,,0.094,15410.462,Pinned,Device,NVIDIA A100-SXM4-40GB MIG 4g.20gb (0),1,,13,[CUDA memcpy Host-to-Device]
3949880370,596985,237467,,,,,,,,,,456.561,764740.412,Device,,NVIDIA A100-SXM4-40GB MIG 4g.20gb (0),1,,13,[CUDA memset]
3950483627,143646,237472,,,,,,,,,,1.235,8596.445,Pinned,Device,NVIDIA A100-SXM4-40GB MIG 4g.20gb (0),1,,13,[CUDA memcpy Host-to-Device]
3950636585,28736,237473,,,,,,,,,,0.197,6841.762,Pinned,Device,NVIDIA A100-SXM4-40GB MIG 4g.20gb (0),1,,13,[CUDA memcpy Host-to-Device]
3950679273,7935,237474,69,4,1,48,1,1,76,0.002,0.000,,,,,NVIDIA A100-SXM4-40GB MIG 4g.20gb (0),1,,13,"void ch_est::windowedChEstPreNoDftSOfdmKernel<float, __half, float, (unsigned int)2, (unsigned int)1, (unsigned short)4>(ch_est::puschRxChEstStatDescr_t *, ch_est::puschRxChEstDynDescr_t *)"
3950689928,7424,237475,137,2,1,24,2,1,44,0.001,0.001,,,,,NVIDIA A100-SXM4-40GB MIG 4g.20gb (0),1,,13,"void ch_est::chEstFilterNoDftSOfdmDispatchKernel<float, __half, float, (unsigned int)2>(ch_est::puschRxChEstStatDescr_t *, ch_est::puschRxChEstDynDescr_t *)"
3950704168,5120,237476,137,2,1,24,2,1,44,0.001,0.001,,,,,NVIDIA A100-SXM4-40GB MIG 4g.20gb (0),1,,13,"void ch_est::chEstFilterNoDftSOfdmDispatchKernel<float, __half, float, (unsigned int)2>(ch_est::puschRxChEstStatDescr_t *, ch_est::puschRxChEstDynDescr_t *)"
3950714408,2688,237487,103,1,1,128,1,1,16,0.000,0.000,,,,,NVIDIA A100-SXM4-40GB MIG 4g.20gb (0),1,,13,cupy_copy__complex64_complex64
3950722280,12768,237497,1434,1,1,128,1,1,16,0.000,0.000,,,,,NVIDIA A100-SXM4-40GB MIG 4g.20gb (0),1,,13,cupy_copy__complex64_complex64
3950741992,2624,237504,103,1,1,128,1,1,16,0.000,0.000,,,,,NVIDIA A100-SXM4-40GB MIG 4g.20gb (0),1,,13,cupy_copy__complex64_complex64
3950752552,90271,237511,1,1,1,32,32,1,30,0.000,0.000,,,,,NVIDIA A100-SXM4-40GB MIG 4g.20gb (0),1,,13,"void convert_kernel<__half2, float2>(tensor_layout_any, T1 *, tensor_layout_any, const T2 *)"
3950874182,13152,237514,,,,,,,,,,0.094,7124.082,Pinned,Device,NVIDIA A100-SXM4-40GB MIG 4g.20gb (0),1,,13,[CUDA memcpy Host-to-Device]
3950892710,47327,237515,,,,,,,,,,35.810,756627.800,Device,,NVIDIA A100-SXM4-40GB MIG 4g.20gb (0),1,,13,[CUDA memset]
3950942661,7008,237517,,,,,,,,,,0.000,11.416,Pinned,Device,NVIDIA A100-SXM4-40GB MIG 4g.20gb (0),1,,13,[CUDA memcpy Host-to-Device]
3950956613,15136,237518,,,,,,,,,,0.197,12989.301,Pinned,Device,NVIDIA A100-SXM4-40GB MIG 4g.20gb (0),1,,13,[CUDA memcpy Host-to-Device]
3950986853,10528,237519,273,1,1,48,1,1,40,0.000,0.001,,,,,NVIDIA A100-SXM4-40GB MIG 4g.20gb (0),1,,13,"void pusch_noise_intf_est::noiseIntfEstNoDftSOfdmKernel<float, __half, float, float, (unsigned int)2, (unsigned int)1, (unsigned char)4, (unsigned char)4>(pusch_noise_intf_est::puschRxNoiseIntfEstDynDescr)"
3951002181,2784,237530,35,1,1,128,1,1,16,0.000,0.000,,,,,NVIDIA A100-SXM4-40GB MIG 4g.20gb (0),1,,13,cupy_copy__complex64_complex64
3951008133,1856,237539,1,1,1,1,1,1,18,0.000,0.000,,,,,NVIDIA A100-SXM4-40GB MIG 4g.20gb (0),1,,13,cupy_copy__float32_float32
3951026948,1888,237545,,,,,,,,,,0.000,2.119,Device,Pageable,NVIDIA A100-SXM4-40GB MIG 4g.20gb (0),1,,7,[CUDA memcpy Device-to-Host]
3951087716,12863,237556,1434,1,1,128,1,1,16,0.000,0.000,,,,,NVIDIA A100-SXM4-40GB MIG 4g.20gb (0),1,,13,cupy_copy__complex64_complex64
3951114723,3424,237563,103,1,1,128,1,1,16,0.000,0.000,,,,,NVIDIA A100-SXM4-40GB MIG 4g.20gb (0),1,,13,cupy_copy__complex64_complex64
3951134883,2592,237570,35,1,1,128,1,1,16,0.000,0.000,,,,,NVIDIA A100-SXM4-40GB MIG 4g.20gb (0),1,,13,cupy_copy__complex64_complex64
3951155011,1856,237577,1,1,1,1,1,1,18,0.000,0.000,,,,,NVIDIA A100-SXM4-40GB MIG 4g.20gb (0),1,,13,cupy_copy__float32_float32
3951284577,82655,237588,1,1,1,32,32,1,30,0.000,0.000,,,,,NVIDIA A100-SXM4-40GB MIG 4g.20gb (0),1,,13,"void convert_kernel<__half2, float2>(tensor_layout_any, T1 *, tensor_layout_any, const T2 *)"
3951394528,5504,237591,,,,,,,,,,0.094,17023.251,Pinned,Device,NVIDIA A100-SXM4-40GB MIG 4g.20gb (0),1,,13,[CUDA memcpy Host-to-Device]
3951411104,3264,237592,,,,,,,,,,1.547,473842.288,Device,,NVIDIA A100-SXM4-40GB MIG 4g.20gb (0),1,,13,[CUDA memset]
3951416255,3584,237597,,,,,,,,,,0.031,8732.116,Pinned,Device,NVIDIA A100-SXM4-40GB MIG 4g.20gb (0),1,,13,[CUDA memcpy Host-to-Device]
3951422399,9536,237598,,,,,,,,,,0.197,20617.298,Pinned,Device,NVIDIA A100-SXM4-40GB MIG 4g.20gb (0),1,,13,[CUDA memcpy Host-to-Device]
3951437087,8352,237599,273,1,1,8,4,1,39,0.002,0.000,,,,,NVIDIA A100-SXM4-40GB MIG 4g.20gb (0),1,,13,"void channel_eq::eqMmseCoefCompLowMimoKernel<float, float, float, (unsigned int)4, (unsigned int)1, (unsigned int)4>(const channel_eq::_puschRxChEqStatDescr *, channel_eq::_puschRxChEqCoefCompDynDescr)"
3951448095,6304,237600,273,1,1,12,11,1,51,0.002,0.000,,,,,NVIDIA A100-SXM4-40GB MIG 4g.20gb (0),1,,13,"void channel_eq::eqMmseSoftDemapKernel<float, __half, __half, float, (unsigned int)4, (unsigned short)16383>(channel_eq::_puschRxChEqStatDescr *, channel_eq::_puschRxChEqSoftDemapDynDescr)"
3951457631,289820,237601,1,1,1,32,32,1,30,0.000,0.000,,,,,NVIDIA A100-SXM4-40GB MIG 4g.20gb (0),1,,13,"void convert_kernel<float2, __half2>(tensor_layout_any, T1 *, tensor_layout_any, const T2 *)"
3951748507,10944,237613,2253,1,1,128,1,1,16,0.000,0.000,,,,,NVIDIA A100-SXM4-40GB MIG 4g.20gb (0),1,,13,cupy_copy__float16_float16
3951762395,3296,237622,282,1,1,128,1,1,16,0.000,0.000,,,,,NVIDIA A100-SXM4-40GB MIG 4g.20gb (0),1,,13,cupy_copy__complex64_complex64
3951767611,2176,237631,26,1,1,128,1,1,16,0.000,0.000,,,,,NVIDIA A100-SXM4-40GB MIG 4g.20gb (0),1,,13,cupy_copy__float32_float32
3951770907,4768,237640,103,1,1,128,1,1,16,0.000,0.000,,,,,NVIDIA A100-SXM4-40GB MIG 4g.20gb (0),1,,13,cupy_copy__complex64_complex64
3951777275,11968,237650,1434,1,1,128,1,1,16,0.000,0.000,,,,,NVIDIA A100-SXM4-40GB MIG 4g.20gb (0),1,,13,cupy_copy__complex64_complex64
3951792603,81151,237655,1,1,1,32,32,1,30,0.000,0.000,,,,,NVIDIA A100-SXM4-40GB MIG 4g.20gb (0),1,,13,"void convert_kernel<__half2, float2>(tensor_layout_any, T1 *, tensor_layout_any, const T2 *)"
3951901369,5728,237658,,,,,,,,,,0.094,16357.541,Pinned,Device,NVIDIA A100-SXM4-40GB MIG 4g.20gb (0),1,,13,[CUDA memcpy Host-to-Device]
3951911257,596153,237659,,,,,,,,,,456.561,765653.535,Device,,NVIDIA A100-SXM4-40GB MIG 4g.20gb (0),1,,13,[CUDA memset]
3952509682,151870,237664,,,,,,,,,,1.235,8130.871,Pinned,Device,NVIDIA A100-SXM4-40GB MIG 4g.20gb (0),1,,13,[CUDA memcpy Host-to-Device]
3952674064,40703,237665,,,,,,,,,,0.197,4830.265,Pinned,Device,NVIDIA A100-SXM4-40GB MIG 4g.20gb (0),1,,13,[CUDA memcpy Host-to-Device]
3952748207,8256,237666,69,4,1,48,1,1,76,0.002,0.000,,,,,NVIDIA A100-SXM4-40GB MIG 4g.20gb (0),1,,13,"void ch_est::windowedChEstPreNoDftSOfdmKernel<float, __half, float, (unsigned int)2, (unsigned int)1, (unsigned short)4>(ch_est::puschRxChEstStatDescr_t *, ch_est::puschRxChEstDynDescr_t *)"
3952765999,7040,237667,137,2,1,24,2,1,44,0.001,0.001,,,,,NVIDIA A100-SXM4-40GB MIG 4g.20gb (0),1,,13,"void ch_est::chEstFilterNoDftSOfdmDispatchKernel<float, __half, float, (unsigned int)2>(ch_est::puschRxChEstStatDescr_t *, ch_est::puschRxChEstDynDescr_t *)"
3952783823,4768,237668,137,2,1,24,2,1,44,0.001,0.001,,,,,NVIDIA A100-SXM4-40GB MIG 4g.20gb (0),1,,13,"void ch_est::chEstFilterNoDftSOfdmDispatchKernel<float, __half, float, (unsigned int)2>(ch_est::puschRxChEstStatDescr_t *, ch_est::puschRxChEstDynDescr_t *)"
3952799918,2496,237679,103,1,1,128,1,1,16,0.000,0.000,,,,,NVIDIA A100-SXM4-40GB MIG 4g.20gb (0),1,,13,cupy_copy__complex64_complex64
3952818478,12384,237689,1434,1,1,128,1,1,16,0.000,0.000,,,,,NVIDIA A100-SXM4-40GB MIG 4g.20gb (0),1,,13,cupy_copy__complex64_complex64
3952850446,2592,237696,103,1,1,128,1,1,16,0.000,0.000,,,,,NVIDIA A100-SXM4-40GB MIG 4g.20gb (0),1,,13,cupy_copy__complex64_complex64
3952867534,89374,237703,1,1,1,32,32,1,30,0.000,0.000,,,,,NVIDIA A100-SXM4-40GB MIG 4g.20gb (0),1,,13,"void convert_kernel<__half2, float2>(tensor_layout_any, T1 *, tensor_layout_any, const T2 *)"
3952987532,15040,237706,,,,,,,,,,0.094,6229.753,Pinned,Device,NVIDIA A100-SXM4-40GB MIG 4g.20gb (0),1,,13,[CUDA memcpy Host-to-Device]
3953007788,47167,237707,,,,,,,,,,35.810,759206.114,Device,,NVIDIA A100-SXM4-40GB MIG 4g.20gb (0),1,,13,[CUDA memset]
3953064875,4544,237709,,,,,,,,,,0.000,17.606,Pinned,Device,NVIDIA A100-SXM4-40GB MIG 4g.20gb (0),1,,13,[CUDA memcpy Host-to-Device]
3953077643,16288,237710,,,,,,,,,,0.197,12070.552,Pinned,Device,NVIDIA A100-SXM4-40GB MIG 4g.20gb (0),1,,13,[CUDA memcpy Host-to-Device]
3953106155,10143,237711,273,1,1,48,1,1,40,0.000,0.001,,,,,NVIDIA A100-SXM4-40GB MIG 4g.20gb (0),1,,13,"void pusch_noise_intf_est::noiseIntfEstNoDftSOfdmKernel<float, __half, float, float, (unsigned int)2, (unsigned int)1, (unsigned char)4, (unsigned char)4>(pusch_noise_intf_est::puschRxNoiseIntfEstDynDescr)"
3953124330,2848,237722,35,1,1,128,1,1,16,0.000,0.000,,,,,NVIDIA A100-SXM4-40GB MIG 4g.20gb (0),1,,13,cupy_copy__complex64_complex64
3953132394,1984,237731,1,1,1,1,1,1,18,0.000,0.000,,,,,NVIDIA A100-SXM4-40GB MIG 4g.20gb (0),1,,13,cupy_copy__float32_float32
3953139626,4736,237737,,,,,,,,,,0.000,0.845,Device,Pageable,NVIDIA A100-SXM4-40GB MIG 4g.20gb (0),1,,7,[CUDA memcpy Device-to-Host]
3953222345,12768,237748,1434,1,1,128,1,1,16,0.000,0.000,,,,,NVIDIA A100-SXM4-40GB MIG 4g.20gb (0),1,,13,cupy_copy__complex64_complex64
3953248361,2848,237755,103,1,1,128,1,1,16,0.000,0.000,,,,,NVIDIA A100-SXM4-40GB MIG 4g.20gb (0),1,,13,cupy_copy__complex64_complex64
3953264745,2592,237762,35,1,1,128,1,1,16,0.000,0.000,,,,,NVIDIA A100-SXM4-40GB MIG 4g.20gb (0),1,,13,cupy_copy__complex64_complex64
3953283304,2016,237769,1,1,1,1,1,1,18,0.000,0.000,,,,,NVIDIA A100-SXM4-40GB MIG 4g.20gb (0),1,,13,cupy_copy__float32_float32
3953410823,82495,237780,1,1,1,32,32,1,30,0.000,0.000,,,,,NVIDIA A100-SXM4-40GB MIG 4g.20gb (0),1,,13,"void convert_kernel<__half2, float2>(tensor_layout_any, T1 *, tensor_layout_any, const T2 *)"
3953520677,5792,237783,,,,,,,,,,0.094,16176.708,Pinned,Device,NVIDIA A100-SXM4-40GB MIG 4g.20gb (0),1,,13,[CUDA memcpy Host-to-Device]
3953536805,3424,237784,,,,,,,,,,1.547,451700.819,Device,,NVIDIA A100-SXM4-40GB MIG 4g.20gb (0),1,,13,[CUDA memset]
3953542277,3744,237789,,,,,,,,,,0.031,8358.974,Pinned,Device,NVIDIA A100-SXM4-40GB MIG 4g.20gb (0),1,,13,[CUDA memcpy Host-to-Device]
3953548421,10144,237790,,,,,,,,,,0.197,19381.617,Pinned,Device,NVIDIA A100-SXM4-40GB MIG 4g.20gb (0),1,,13,[CUDA memcpy Host-to-Device]
3953563237,6720,237791,273,1,1,8,4,1,39,0.002,0.000,,,,,NVIDIA A100-SXM4-40GB MIG 4g.20gb (0),1,,13,"void channel_eq::eqMmseCoefCompLowMimoKernel<float, float, float, (unsigned int)4, (unsigned int)1, (unsigned int)4>(const channel_eq::_puschRxChEqStatDescr *, channel_eq::_puschRxChEqCoefCompDynDescr)"
3953570917,6272,237792,273,1,1,12,11,1,51,0.002,0.000,,,,,NVIDIA A100-SXM4-40GB MIG 4g.20gb (0),1,,13,"void channel_eq::eqMmseSoftDemapKernel<float, __half, __half, float, (unsigned int)4, (unsigned short)16383>(channel_eq::_puschRxChEqStatDescr *, channel_eq::_puschRxChEqSoftDemapDynDescr)"
3953578245,281884,237793,1,1,1,32,32,1,30,0.000,0.000,,,,,NVIDIA A100-SXM4-40GB MIG 4g.20gb (0),1,,13,"void convert_kernel<float2, __half2>(tensor_layout_any, T1 *, tensor_layout_any, const T2 *)"
3953862465,10944,237805,2253,1,1,128,1,1,16,0.000,0.000,,,,,NVIDIA A100-SXM4-40GB MIG 4g.20gb (0),1,,13,cupy_copy__float16_float16
3953879521,2720,237814,282,1,1,128,1,1,16,0.000,0.000,,,,,NVIDIA A100-SXM4-40GB MIG 4g.20gb (0),1,,13,cupy_copy__complex64_complex64
3953884161,2080,237823,26,1,1,128,1,1,16,0.000,0.000,,,,,NVIDIA A100-SXM4-40GB MIG 4g.20gb (0),1,,13,cupy_copy__float32_float32
3953887361,2912,237832,103,1,1,128,1,1,16,0.000,0.000,,,,,NVIDIA A100-SXM4-40GB MIG 4g.20gb (0),1,,13,cupy_copy__complex64_complex64
3953893281,11904,237842,1434,1,1,128,1,1,16,0.000,0.000,,,,,NVIDIA A100-SXM4-40GB MIG 4g.20gb (0),1,,13,cupy_copy__complex64_complex64
3953911745,82175,237847,1,1,1,32,32,1,30,0.000,0.000,,,,,NVIDIA A100-SXM4-40GB MIG 4g.20gb (0),1,,13,"void convert_kernel<__half2, float2>(tensor_layout_any, T1 *, tensor_layout_any, const T2 *)"
3954021759,5536,237850,,,,,,,,,,0.094,16924.777,Pinned,Device,NVIDIA A100-SXM4-40GB MIG 4g.20gb (0),1,,13,[CUDA memcpy Host-to-Device]
3954032351,599577,237851,,,,,,,,,,456.561,761087.920,Device,,NVIDIA A100-SXM4-40GB MIG 4g.20gb (0),1,,13,[CUDA memset]
3954634232,147998,237856,,,,,,,,,,1.235,8343.282,Pinned,Device,NVIDIA A100-SXM4-40GB MIG 4g.20gb (0),1,,13,[CUDA memcpy Host-to-Device]
3954789398,32319,237857,,,,,,,,,,0.197,6083.248,Pinned,Device,NVIDIA A100-SXM4-40GB MIG 4g.20gb (0),1,,13,[CUDA memcpy Host-to-Device]
3954836981,8288,237858,69,4,1,48,1,1,76,0.002,0.000,,,,,NVIDIA A100-SXM4-40GB MIG 4g.20gb (0),1,,13,"void ch_est::windowedChEstPreNoDftSOfdmKernel<float, __half, float, (unsigned int)2, (unsigned int)1, (unsigned short)4>(ch_est::puschRxChEstStatDescr_t *, ch_est::puschRxChEstDynDescr_t *)"
3954855573,6688,237859,137,2,1,24,2,1,44,0.001,0.001,,,,,NVIDIA A100-SXM4-40GB MIG 4g.20gb (0),1,,13,"void ch_est::chEstFilterNoDftSOfdmDispatchKernel<float, __half, float, (unsigned int)2>(ch_est::puschRxChEstStatDescr_t *, ch_est::puschRxChEstDynDescr_t *)"
3954868789,4672,237860,137,2,1,24,2,1,44,0.001,0.001,,,,,NVIDIA A100-SXM4-40GB MIG 4g.20gb (0),1,,13,"void ch_est::chEstFilterNoDftSOfdmDispatchKernel<float, __half, float, (unsigned int)2>(ch_est::puschRxChEstStatDescr_t *, ch_est::puschRxChEstDynDescr_t *)"
3954884053,2624,237871,103,1,1,128,1,1,16,0.000,0.000,,,,,NVIDIA A100-SXM4-40GB MIG 4g.20gb (0),1,,13,cupy_copy__complex64_complex64
3954896660,12672,237881,1434,1,1,128,1,1,16,0.000,0.000,,,,,NVIDIA A100-SXM4-40GB MIG 4g.20gb (0),1,,13,cupy_copy__complex64_complex64
3954930260,2784,237888,103,1,1,128,1,1,16,0.000,0.000,,,,,NVIDIA A100-SXM4-40GB MIG 4g.20gb (0),1,,13,cupy_copy__complex64_complex64
3954946708,84703,237895,1,1,1,32,32,1,30,0.000,0.000,,,,,NVIDIA A100-SXM4-40GB MIG 4g.20gb (0),1,,13,"void convert_kernel<__half2, float2>(tensor_layout_any, T1 *, tensor_layout_any, const T2 *)"
3955063922,26752,237898,,,,,,,,,,0.094,3502.356,Pinned,Device,NVIDIA A100-SXM4-40GB MIG 4g.20gb (0),1,,13,[CUDA memcpy Host-to-Device]
3955115538,46047,237899,,,,,,,,,,35.810,777648.223,Device,,NVIDIA A100-SXM4-40GB MIG 4g.20gb (0),1,,13,[CUDA memset]
3955167569,10240,237901,,,,,,,,,,0.000,7.812,Pinned,Device,NVIDIA A100-SXM4-40GB MIG 4g.20gb (0),1,,13,[CUDA memcpy Host-to-Device]
3955189553,20576,237902,,,,,,,,,,0.197,9555.149,Pinned,Device,NVIDIA A100-SXM4-40GB MIG 4g.20gb (0),1,,13,[CUDA memcpy Host-to-Device]
3955222864,8960,237903,273,1,1,48,1,1,40,0.000,0.001,,,,,NVIDIA A100-SXM4-40GB MIG 4g.20gb (0),1,,13,"void pusch_noise_intf_est::noiseIntfEstNoDftSOfdmKernel<float, __half, float, float, (unsigned int)2, (unsigned int)1, (unsigned char)4, (unsigned char)4>(pusch_noise_intf_est::puschRxNoiseIntfEstDynDescr)"
3955236752,2720,237914,35,1,1,128,1,1,16,0.000,0.000,,,,,NVIDIA A100-SXM4-40GB MIG 4g.20gb (0),1,,13,cupy_copy__complex64_complex64
3955249936,1792,237923,1,1,1,1,1,1,18,0.000,0.000,,,,,NVIDIA A100-SXM4-40GB MIG 4g.20gb (0),1,,13,cupy_copy__float32_float32
3955254480,5152,237929,,,,,,,,,,0.000,0.776,Device,Pageable,NVIDIA A100-SXM4-40GB MIG 4g.20gb (0),1,,7,[CUDA memcpy Device-to-Host]
3955337231,12992,237940,1434,1,1,128,1,1,16,0.000,0.000,,,,,NVIDIA A100-SXM4-40GB MIG 4g.20gb (0),1,,13,cupy_copy__complex64_complex64
3955371311,8383,237947,103,1,1,128,1,1,16,0.000,0.000,,,,,NVIDIA A100-SXM4-40GB MIG 4g.20gb (0),1,,13,cupy_copy__complex64_complex64
3955388014,2720,237954,35,1,1,128,1,1,16,0.000,0.000,,,,,NVIDIA A100-SXM4-40GB MIG 4g.20gb (0),1,,13,cupy_copy__complex64_complex64
3955401742,1984,237961,1,1,1,1,1,1,18,0.000,0.000,,,,,NVIDIA A100-SXM4-40GB MIG 4g.20gb (0),1,,13,cupy_copy__float32_float32
3955534381,87614,237972,1,1,1,32,32,1,30,0.000,0.000,,,,,NVIDIA A100-SXM4-40GB MIG 4g.20gb (0),1,,13,"void convert_kernel<__half2, float2>(tensor_layout_any, T1 *, tensor_layout_any, const T2 *)"
3955653707,13056,237975,,,,,,,,,,0.094,7176.458,Pinned,Device,NVIDIA A100-SXM4-40GB MIG 4g.20gb (0),1,,13,[CUDA memcpy Host-to-Device]
3955678251,3296,237976,,,,,,,,,,1.547,469242.628,Device,,NVIDIA A100-SXM4-40GB MIG 4g.20gb (0),1,,13,[CUDA memset]
3955685259,3328,237981,,,,,,,,,,0.031,9403.822,Pinned,Device,NVIDIA A100-SXM4-40GB MIG 4g.20gb (0),1,,13,[CUDA memcpy Host-to-Device]
3955694987,16447,237982,,,,,,,,,,0.197,11953.963,Pinned,Device,NVIDIA A100-SXM4-40GB MIG 4g.20gb (0),1,,13,[CUDA memcpy Host-to-Device]
3955718058,8064,237983,273,1,1,8,4,1,39,0.002,0.000,,,,,NVIDIA A100-SXM4-40GB MIG 4g.20gb (0),1,,13,"void channel_eq::eqMmseCoefCompLowMimoKernel<float, float, float, (unsigned int)4, (unsigned int)1, (unsigned int)4>(const channel_eq::_puschRxChEqStatDescr *, channel_eq::_puschRxChEqCoefCompDynDescr)"
3955731082,8000,237984,273,1,1,12,11,1,51,0.002,0.000,,,,,NVIDIA A100-SXM4-40GB MIG 4g.20gb (0),1,,13,"void channel_eq::eqMmseSoftDemapKernel<float, __half, __half, float, (unsigned int)4, (unsigned short)16383>(channel_eq::_puschRxChEqStatDescr *, channel_eq::_puschRxChEqSoftDemapDynDescr)"
3955742730,290172,237985,1,1,1,32,32,1,30,0.000,0.000,,,,,NVIDIA A100-SXM4-40GB MIG 4g.20gb (0),1,,13,"void convert_kernel<float2, __half2>(tensor_layout_any, T1 *, tensor_layout_any, const T2 *)"
3956034022,11008,237997,2253,1,1,128,1,1,16,0.000,0.000,,,,,NVIDIA A100-SXM4-40GB MIG 4g.20gb (0),1,,13,cupy_copy__float16_float16
3956049318,3872,238006,282,1,1,128,1,1,16,0.000,0.000,,,,,NVIDIA A100-SXM4-40GB MIG 4g.20gb (0),1,,13,cupy_copy__complex64_complex64
3956055110,3488,238015,26,1,1,128,1,1,16,0.000,0.000,,,,,NVIDIA A100-SXM4-40GB MIG 4g.20gb (0),1,,13,cupy_copy__float32_float32
3956061862,3200,238024,103,1,1,128,1,1,16,0.000,0.000,,,,,NVIDIA A100-SXM4-40GB MIG 4g.20gb (0),1,,13,cupy_copy__complex64_complex64
3956066790,12000,238034,1434,1,1,128,1,1,16,0.000,0.000,,,,,NVIDIA A100-SXM4-40GB MIG 4g.20gb (0),1,,13,cupy_copy__complex64_complex64
3956081254,89439,238039,1,1,1,32,32,1,30,0.000,0.000,,,,,NVIDIA A100-SXM4-40GB MIG 4g.20gb (0),1,,13,"void convert_kernel<__half2, float2>(tensor_layout_any, T1 *, tensor_layout_any, const T2 *)"
3956197764,5632,238042,,,,,,,,,,0.094,16636.287,Pinned,Device,NVIDIA A100-SXM4-40GB MIG 4g.20gb (0),1,,13,[CUDA memcpy Host-to-Device]
3956208036,598393,238043,,,,,,,,,,456.561,762914.166,Device,,NVIDIA A100-SXM4-40GB MIG 4g.20gb (0),1,,13,[CUDA memset]
3956810781,102271,238048,,,,,,,,,,1.235,12074.047,Pinned,Device,NVIDIA A100-SXM4-40GB MIG 4g.20gb (0),1,,13,[CUDA memcpy Host-to-Device]
3956921179,31328,238049,,,,,,,,,,0.197,6275.727,Pinned,Device,NVIDIA A100-SXM4-40GB MIG 4g.20gb (0),1,,13,[CUDA memcpy Host-to-Device]
3956969019,8096,238050,69,4,1,48,1,1,76,0.002,0.000,,,,,NVIDIA A100-SXM4-40GB MIG 4g.20gb (0),1,,13,"void ch_est::windowedChEstPreNoDftSOfdmKernel<float, __half, float, (unsigned int)2, (unsigned int)1, (unsigned short)4>(ch_est::puschRxChEstStatDescr_t *, ch_est::puschRxChEstDynDescr_t *)"
3956982715,6656,238051,137,2,1,24,2,1,44,0.001,0.001,,,,,NVIDIA A100-SXM4-40GB MIG 4g.20gb (0),1,,13,"void ch_est::chEstFilterNoDftSOfdmDispatchKernel<float, __half, float, (unsigned int)2>(ch_est::puschRxChEstStatDescr_t *, ch_est::puschRxChEstDynDescr_t *)"
3956998330,4960,238052,137,2,1,24,2,1,44,0.001,0.001,,,,,NVIDIA A100-SXM4-40GB MIG 4g.20gb (0),1,,13,"void ch_est::chEstFilterNoDftSOfdmDispatchKernel<float, __half, float, (unsigned int)2>(ch_est::puschRxChEstStatDescr_t *, ch_est::puschRxChEstDynDescr_t *)"
3957016442,2528,238063,103,1,1,128,1,1,16,0.000,0.000,,,,,NVIDIA A100-SXM4-40GB MIG 4g.20gb (0),1,,13,cupy_copy__complex64_complex64
3957032890,12864,238073,1434,1,1,128,1,1,16,0.000,0.000,,,,,NVIDIA A100-SXM4-40GB MIG 4g.20gb (0),1,,13,cupy_copy__complex64_complex64
3957071226,2496,238080,103,1,1,128,1,1,16,0.000,0.000,,,,,NVIDIA A100-SXM4-40GB MIG 4g.20gb (0),1,,13,cupy_copy__complex64_complex64
3957087705,82399,238087,1,1,1,32,32,1,30,0.000,0.000,,,,,NVIDIA A100-SXM4-40GB MIG 4g.20gb (0),1,,13,"void convert_kernel<__half2, float2>(tensor_layout_any, T1 *, tensor_layout_any, const T2 *)"
3957203608,22240,238090,,,,,,,,,,0.094,4212.947,Pinned,Device,NVIDIA A100-SXM4-40GB MIG 4g.20gb (0),1,,13,[CUDA memcpy Host-to-Device]
3957240887,47168,238091,,,,,,,,,,35.810,759170.304,Device,,NVIDIA A100-SXM4-40GB MIG 4g.20gb (0),1,,13,[CUDA memset]
3957294711,12384,238093,,,,,,,,,,0.000,6.460,Pinned,Device,NVIDIA A100-SXM4-40GB MIG 4g.20gb (0),1,,13,[CUDA memcpy Host-to-Device]
3957315639,40063,238094,,,,,,,,,,0.197,4907.336,Pinned,Device,NVIDIA A100-SXM4-40GB MIG 4g.20gb (0),1,,13,[CUDA memcpy Host-to-Device]
3957374550,9952,238095,273,1,1,48,1,1,40,0.000,0.001,,,,,NVIDIA A100-SXM4-40GB MIG 4g.20gb (0),1,,13,"void pusch_noise_intf_est::noiseIntfEstNoDftSOfdmKernel<float, __half, float, float, (unsigned int)2, (unsigned int)1, (unsigned char)4, (unsigned char)4>(pusch_noise_intf_est::puschRxNoiseIntfEstDynDescr)"
3957394134,2720,238106,35,1,1,128,1,1,16,0.000,0.000,,,,,NVIDIA A100-SXM4-40GB MIG 4g.20gb (0),1,,13,cupy_copy__complex64_complex64
3957406197,1824,238115,1,1,1,1,1,1,18,0.000,0.000,,,,,NVIDIA A100-SXM4-40GB MIG 4g.20gb (0),1,,13,cupy_copy__float32_float32
3957415797,4032,238121,,,,,,,,,,0.000,0.992,Device,Pageable,NVIDIA A100-SXM4-40GB MIG 4g.20gb (0),1,,7,[CUDA memcpy Device-to-Host]
3957494036,12992,238132,1434,1,1,128,1,1,16,0.000,0.000,,,,,NVIDIA A100-SXM4-40GB MIG 4g.20gb (0),1,,13,cupy_copy__complex64_complex64
3957525364,3424,238139,103,1,1,128,1,1,16,0.000,0.000,,,,,NVIDIA A100-SXM4-40GB MIG 4g.20gb (0),1,,13,cupy_copy__complex64_complex64
3957546132,2560,238146,35,1,1,128,1,1,16,0.000,0.000,,,,,NVIDIA A100-SXM4-40GB MIG 4g.20gb (0),1,,13,cupy_copy__complex64_complex64
3957558804,1760,238153,1,1,1,1,1,1,18,0.000,0.000,,,,,NVIDIA A100-SXM4-40GB MIG 4g.20gb (0),1,,13,cupy_copy__float32_float32
3957686546,88703,238164,1,1,1,32,32,1,30,0.000,0.000,,,,,NVIDIA A100-SXM4-40GB MIG 4g.20gb (0),1,,13,"void convert_kernel<__half2, float2>(tensor_layout_any, T1 *, tensor_layout_any, const T2 *)"
3957804017,5951,238167,,,,,,,,,,0.094,15744.488,Pinned,Device,NVIDIA A100-SXM4-40GB MIG 4g.20gb (0),1,,13,[CUDA memcpy Host-to-Device]
3957821488,3072,238168,,,,,,,,,,1.547,503457.044,Device,,NVIDIA A100-SXM4-40GB MIG 4g.20gb (0),1,,13,[CUDA memset]
3957828432,3040,238173,,,,,,,,,,0.031,10294.725,Pinned,Device,NVIDIA A100-SXM4-40GB MIG 4g.20gb (0),1,,13,[CUDA memcpy Host-to-Device]
3957834096,9696,238174,,,,,,,,,,0.197,20277.166,Pinned,Device,NVIDIA A100-SXM4-40GB MIG 4g.20gb (0),1,,13,[CUDA memcpy Host-to-Device]
3957848464,6144,238175,273,1,1,8,4,1,39,0.002,0.000,,,,,NVIDIA A100-SXM4-40GB MIG 4g.20gb (0),1,,13,"void channel_eq::eqMmseCoefCompLowMimoKernel<float, float, float, (unsigned int)4, (unsigned int)1, (unsigned int)4>(const channel_eq::_puschRxChEqStatDescr *, channel_eq::_puschRxChEqCoefCompDynDescr)"
3957857744,5472,238176,273,1,1,12,11,1,51,0.002,0.000,,,,,NVIDIA A100-SXM4-40GB MIG 4g.20gb (0),1,,13,"void channel_eq::eqMmseSoftDemapKernel<float, __half, __half, float, (unsigned int)4, (unsigned short)16383>(channel_eq::_puschRxChEqStatDescr *, channel_eq::_puschRxChEqSoftDemapDynDescr)"
3957865584,289596,238177,1,1,1,32,32,1,30,0.000,0.000,,,,,NVIDIA A100-SXM4-40GB MIG 4g.20gb (0),1,,13,"void convert_kernel<float2, __half2>(tensor_layout_any, T1 *, tensor_layout_any, const T2 *)"
3958156108,11008,238189,2253,1,1,128,1,1,16,0.000,0.000,,,,,NVIDIA A100-SXM4-40GB MIG 4g.20gb (0),1,,13,cupy_copy__float16_float16
3958169132,3232,238198,282,1,1,128,1,1,16,0.000,0.000,,,,,NVIDIA A100-SXM4-40GB MIG 4g.20gb (0),1,,13,cupy_copy__complex64_complex64
3958173964,2400,238207,26,1,1,128,1,1,16,0.000,0.000,,,,,NVIDIA A100-SXM4-40GB MIG 4g.20gb (0),1,,13,cupy_copy__float32_float32
3958178764,2880,238216,103,1,1,128,1,1,16,0.000,0.000,,,,,NVIDIA A100-SXM4-40GB MIG 4g.20gb (0),1,,13,cupy_copy__complex64_complex64
3958182732,11808,238226,1434,1,1,128,1,1,16,0.000,0.000,,,,,NVIDIA A100-SXM4-40GB MIG 4g.20gb (0),1,,13,cupy_copy__complex64_complex64
3958197580,86623,238231,1,1,1,32,32,1,30,0.000,0.000,,,,,NVIDIA A100-SXM4-40GB MIG 4g.20gb (0),1,,13,"void convert_kernel<__half2, float2>(tensor_layout_any, T1 *, tensor_layout_any, const T2 *)"
3958311306,6208,238234,,,,,,,,,,0.094,15092.739,Pinned,Device,NVIDIA A100-SXM4-40GB MIG 4g.20gb (0),1,,13,[CUDA memcpy Host-to-Device]
3958323242,599545,238235,,,,,,,,,,456.561,761087.920,Device,,NVIDIA A100-SXM4-40GB MIG 4g.20gb (0),1,,13,[CUDA memset]
3958925315,92671,238240,,,,,,,,,,1.235,13325.046,Pinned,Device,NVIDIA A100-SXM4-40GB MIG 4g.20gb (0),1,,13,[CUDA memcpy Host-to-Device]
3959025825,15072,238241,,,,,,,,,,0.197,13044.548,Pinned,Device,NVIDIA A100-SXM4-40GB MIG 4g.20gb (0),1,,13,[CUDA memcpy Host-to-Device]
3959049249,8480,238242,69,4,1,48,1,1,76,0.002,0.000,,,,,NVIDIA A100-SXM4-40GB MIG 4g.20gb (0),1,,13,"void ch_est::windowedChEstPreNoDftSOfdmKernel<float, __half, float, (unsigned int)2, (unsigned int)1, (unsigned short)4>(ch_est::puschRxChEstStatDescr_t *, ch_est::puschRxChEstDynDescr_t *)"
3959064961,7552,238243,137,2,1,24,2,1,44,0.001,0.001,,,,,NVIDIA A100-SXM4-40GB MIG 4g.20gb (0),1,,13,"void ch_est::chEstFilterNoDftSOfdmDispatchKernel<float, __half, float, (unsigned int)2>(ch_est::puschRxChEstStatDescr_t *, ch_est::puschRxChEstDynDescr_t *)"
3959080001,6336,238244,137,2,1,24,2,1,44,0.001,0.001,,,,,NVIDIA A100-SXM4-40GB MIG 4g.20gb (0),1,,13,"void ch_est::chEstFilterNoDftSOfdmDispatchKernel<float, __half, float, (unsigned int)2>(ch_est::puschRxChEstStatDescr_t *, ch_est::puschRxChEstDynDescr_t *)"
3959088673,2688,238255,103,1,1,128,1,1,16,0.000,0.000,,,,,NVIDIA A100-SXM4-40GB MIG 4g.20gb (0),1,,13,cupy_copy__complex64_complex64
3959096289,12607,238265,1434,1,1,128,1,1,16,0.000,0.000,,,,,NVIDIA A100-SXM4-40GB MIG 4g.20gb (0),1,,13,cupy_copy__complex64_complex64
3959111296,2624,238272,103,1,1,128,1,1,16,0.000,0.000,,,,,NVIDIA A100-SXM4-40GB MIG 4g.20gb (0),1,,13,cupy_copy__complex64_complex64
3959119648,89727,238279,1,1,1,32,32,1,30,0.000,0.000,,,,,NVIDIA A100-SXM4-40GB MIG 4g.20gb (0),1,,13,"void convert_kernel<__half2, float2>(tensor_layout_any, T1 *, tensor_layout_any, const T2 *)"
3959240959,5952,238282,,,,,,,,,,0.094,15741.865,Pinned,Device,NVIDIA A100-SXM4-40GB MIG 4g.20gb (0),1,,13,[CUDA memcpy Host-to-Device]
3959253919,47903,238283,,,,,,,,,,35.810,747532.080,Device,,NVIDIA A100-SXM4-40GB MIG 4g.20gb (0),1,,13,[CUDA memset]
3959302558,8896,238285,,,,,,,,,,0.000,8.993,Pinned,Device,NVIDIA A100-SXM4-40GB MIG 4g.20gb (0),1,,13,[CUDA memcpy Host-to-Device]
3959315166,18784,238286,,,,,,,,,,0.197,10466.623,Pinned,Device,NVIDIA A100-SXM4-40GB MIG 4g.20gb (0),1,,13,[CUDA memcpy Host-to-Device]
3959350973,9344,238287,273,1,1,48,1,1,40,0.000,0.001,,,,,NVIDIA A100-SXM4-40GB MIG 4g.20gb (0),1,,13,"void pusch_noise_intf_est::noiseIntfEstNoDftSOfdmKernel<float, __half, float, float, (unsigned int)2, (unsigned int)1, (unsigned char)4, (unsigned char)4>(pusch_noise_intf_est::puschRxNoiseIntfEstDynDescr)"
3959367389,2592,238298,35,1,1,128,1,1,16,0.000,0.000,,,,,NVIDIA A100-SXM4-40GB MIG 4g.20gb (0),1,,13,cupy_copy__complex64_complex64
3959377117,1696,238307,1,1,1,1,1,1,18,0.000,0.000,,,,,NVIDIA A100-SXM4-40GB MIG 4g.20gb (0),1,,13,cupy_copy__float32_float32
3959392925,6400,238313,,,,,,,,,,0.000,0.625,Device,Pageable,NVIDIA A100-SXM4-40GB MIG 4g.20gb (0),1,,7,[CUDA memcpy Device-to-Host]
3959473564,13120,238324,1434,1,1,128,1,1,16,0.000,0.000,,,,,NVIDIA A100-SXM4-40GB MIG 4g.20gb (0),1,,13,cupy_copy__complex64_complex64
3959503484,2719,238331,103,1,1,128,1,1,16,0.000,0.000,,,,,NVIDIA A100-SXM4-40GB MIG 4g.20gb (0),1,,13,cupy_copy__complex64_complex64
3959515899,2272,238338,35,1,1,128,1,1,16,0.000,0.000,,,,,NVIDIA A100-SXM4-40GB MIG 4g.20gb (0),1,,13,cupy_copy__complex64_complex64
3959541211,1952,238345,1,1,1,1,1,1,18,0.000,0.000,,,,,NVIDIA A100-SXM4-40GB MIG 4g.20gb (0),1,,13,cupy_copy__float32_float32
3959661818,82367,238356,1,1,1,32,32,1,30,0.000,0.000,,,,,NVIDIA A100-SXM4-40GB MIG 4g.20gb (0),1,,13,"void convert_kernel<__half2, float2>(tensor_layout_any, T1 *, tensor_layout_any, const T2 *)"
3959772408,5600,238359,,,,,,,,,,0.094,16731.388,Pinned,Device,NVIDIA A100-SXM4-40GB MIG 4g.20gb (0),1,,13,[CUDA memcpy Host-to-Device]
3959786360,3584,238360,,,,,,,,,,1.547,431534.389,Device,,NVIDIA A100-SXM4-40GB MIG 4g.20gb (0),1,,13,[CUDA memset]
3959794136,3776,238365,,,,,,,,,,0.031,8288.120,Pinned,Device,NVIDIA A100-SXM4-40GB MIG 4g.20gb (0),1,,13,[CUDA memcpy Host-to-Device]
3959800600,9952,238366,,,,,,,,,,0.197,19755.565,Pinned,Device,NVIDIA A100-SXM4-40GB MIG 4g.20gb (0),1,,13,[CUDA memcpy Host-to-Device]
3959816408,8160,238367,273,1,1,8,4,1,39,0.002,0.000,,,,,NVIDIA A100-SXM4-40GB MIG 4g.20gb (0),1,,13,"void channel_eq::eqMmseCoefCompLowMimoKernel<float, float, float, (unsigned int)4, (unsigned int)1, (unsigned int)4>(const channel_eq::_puschRxChEqStatDescr *, channel_eq::_puschRxChEqCoefCompDynDescr)"
3959827895,7904,238368,273,1,1,12,11,1,51,0.002,0.000,,,,,NVIDIA A100-SXM4-40GB MIG 4g.20gb (0),1,,13,"void channel_eq::eqMmseSoftDemapKernel<float, __half, __half, float, (unsigned int)4, (unsigned short)16383>(channel_eq::_puschRxChEqStatDescr *, channel_eq::_puschRxChEqSoftDemapDynDescr)"
3959837079,281949,238369,1,1,1,32,32,1,30,0.000,0.000,,,,,NVIDIA A100-SXM4-40GB MIG 4g.20gb (0),1,,13,"void convert_kernel<float2, __half2>(tensor_layout_any, T1 *, tensor_layout_any, const T2 *)"
3960122132,10944,238381,2253,1,1,128,1,1,16,0.000,0.000,,,,,NVIDIA A100-SXM4-40GB MIG 4g.20gb (0),1,,13,cupy_copy__float16_float16
3960135796,3008,238390,282,1,1,128,1,1,16,0.000,0.000,,,,,NVIDIA A100-SXM4-40GB MIG 4g.20gb (0),1,,13,cupy_copy__complex64_complex64
3960140660,3136,238399,26,1,1,128,1,1,16,0.000,0.000,,,,,NVIDIA A100-SXM4-40GB MIG 4g.20gb (0),1,,13,cupy_copy__float32_float32
3960146580,3200,238408,103,1,1,128,1,1,16,0.000,0.000,,,,,NVIDIA A100-SXM4-40GB MIG 4g.20gb (0),1,,13,cupy_copy__complex64_complex64
3960152275,12000,238418,1434,1,1,128,1,1,16,0.000,0.000,,,,,NVIDIA A100-SXM4-40GB MIG 4g.20gb (0),1,,13,cupy_copy__complex64_complex64
3960166547,82847,238423,1,1,1,32,32,1,30,0.000,0.000,,,,,NVIDIA A100-SXM4-40GB MIG 4g.20gb (0),1,,13,"void convert_kernel<__half2, float2>(tensor_layout_any, T1 *, tensor_layout_any, const T2 *)"
3960276594,5728,238426,,,,,,,,,,0.094,16357.541,Pinned,Device,NVIDIA A100-SXM4-40GB MIG 4g.20gb (0),1,,13,[CUDA memcpy Host-to-Device]
3960286642,598360,238427,,,,,,,,,,456.561,762914.166,Device,,NVIDIA A100-SXM4-40GB MIG 4g.20gb (0),1,,13,[CUDA memset]
3960891082,150654,238432,,,,,,,,,,1.235,8196.323,Pinned,Device,NVIDIA A100-SXM4-40GB MIG 4g.20gb (0),1,,13,[CUDA memcpy Host-to-Device]
3961051208,34432,238433,,,,,,,,,,0.197,5709.890,Pinned,Device,NVIDIA A100-SXM4-40GB MIG 4g.20gb (0),1,,13,[CUDA memcpy Host-to-Device]
3961098056,7872,238434,69,4,1,48,1,1,76,0.002,0.000,,,,,NVIDIA A100-SXM4-40GB MIG 4g.20gb (0),1,,13,"void ch_est::windowedChEstPreNoDftSOfdmKernel<float, __half, float, (unsigned int)2, (unsigned int)1, (unsigned short)4>(ch_est::puschRxChEstStatDescr_t *, ch_est::puschRxChEstDynDescr_t *)"
3961111496,6912,238435,137,2,1,24,2,1,44,0.001,0.001,,,,,NVIDIA A100-SXM4-40GB MIG 4g.20gb (0),1,,13,"void ch_est::chEstFilterNoDftSOfdmDispatchKernel<float, __half, float, (unsigned int)2>(ch_est::puschRxChEstStatDescr_t *, ch_est::puschRxChEstDynDescr_t *)"
3961130375,4768,238436,137,2,1,24,2,1,44,0.001,0.001,,,,,NVIDIA A100-SXM4-40GB MIG 4g.20gb (0),1,,13,"void ch_est::chEstFilterNoDftSOfdmDispatchKernel<float, __half, float, (unsigned int)2>(ch_est::puschRxChEstStatDescr_t *, ch_est::puschRxChEstDynDescr_t *)"
3961141863,2496,238447,103,1,1,128,1,1,16,0.000,0.000,,,,,NVIDIA A100-SXM4-40GB MIG 4g.20gb (0),1,,13,cupy_copy__complex64_complex64
3961156327,12480,238457,1434,1,1,128,1,1,16,0.000,0.000,,,,,NVIDIA A100-SXM4-40GB MIG 4g.20gb (0),1,,13,cupy_copy__complex64_complex64
3961178631,2592,238464,103,1,1,128,1,1,16,0.000,0.000,,,,,NVIDIA A100-SXM4-40GB MIG 4g.20gb (0),1,,13,cupy_copy__complex64_complex64
3961190727,84479,238471,1,1,1,32,32,1,30,0.000,0.000,,,,,NVIDIA A100-SXM4-40GB MIG 4g.20gb (0),1,,13,"void convert_kernel<__half2, float2>(tensor_layout_any, T1 *, tensor_layout_any, const T2 *)"
3961303141,5920,238474,,,,,,,,,,0.094,15826.941,Pinned,Device,NVIDIA A100-SXM4-40GB MIG 4g.20gb (0),1,,13,[CUDA memcpy Host-to-Device]
3961316485,46432,238475,,,,,,,,,,35.810,771202.437,Device,,NVIDIA A100-SXM4-40GB MIG 4g.20gb (0),1,,13,[CUDA memset]
3961368612,2464,238477,,,,,,,,,,0.000,32.468,Pinned,Device,NVIDIA A100-SXM4-40GB MIG 4g.20gb (0),1,,13,[CUDA memcpy Host-to-Device]
3961376356,14528,238478,,,,,,,,,,0.197,13532.922,Pinned,Device,NVIDIA A100-SXM4-40GB MIG 4g.20gb (0),1,,13,[CUDA memcpy Host-to-Device]
3961397956,10112,238479,273,1,1,48,1,1,40,0.000,0.001,,,,,NVIDIA A100-SXM4-40GB MIG 4g.20gb (0),1,,13,"void pusch_noise_intf_est::noiseIntfEstNoDftSOfdmKernel<float, __half, float, float, (unsigned int)2, (unsigned int)1, (unsigned char)4, (unsigned char)4>(pusch_noise_intf_est::puschRxNoiseIntfEstDynDescr)"
3961411876,3200,238490,35,1,1,128,1,1,16,0.000,0.000,,,,,NVIDIA A100-SXM4-40GB MIG 4g.20gb (0),1,,13,cupy_copy__complex64_complex64
3961424196,2112,238499,1,1,1,1,1,1,18,0.000,0.000,,,,,NVIDIA A100-SXM4-40GB MIG 4g.20gb (0),1,,13,cupy_copy__float32_float32
3961454659,2176,238505,,,,,,,,,,0.000,1.838,Device,Pageable,NVIDIA A100-SXM4-40GB MIG 4g.20gb (0),1,,7,[CUDA memcpy Device-to-Host]
3961515459,12863,238516,1434,1,1,128,1,1,16,0.000,0.000,,,,,NVIDIA A100-SXM4-40GB MIG 4g.20gb (0),1,,13,cupy_copy__complex64_complex64
3961544226,2592,238523,103,1,1,128,1,1,16,0.000,0.000,,,,,NVIDIA A100-SXM4-40GB MIG 4g.20gb (0),1,,13,cupy_copy__complex64_complex64
3961563394,2560,238530,35,1,1,128,1,1,16,0.000,0.000,,,,,NVIDIA A100-SXM4-40GB MIG 4g.20gb (0),1,,13,cupy_copy__complex64_complex64
3961580962,1792,238537,1,1,1,1,1,1,18,0.000,0.000,,,,,NVIDIA A100-SXM4-40GB MIG 4g.20gb (0),1,,13,cupy_copy__float32_float32
3961716512,82143,238548,1,1,1,32,32,1,30,0.000,0.000,,,,,NVIDIA A100-SXM4-40GB MIG 4g.20gb (0),1,,13,"void convert_kernel<__half2, float2>(tensor_layout_any, T1 *, tensor_layout_any, const T2 *)"
3961825855,6016,238551,,,,,,,,,,0.094,15574.430,Pinned,Device,NVIDIA A100-SXM4-40GB MIG 4g.20gb (0),1,,13,[CUDA memcpy Host-to-Device]
3961840927,3200,238552,,,,,,,,,,1.547,483320.000,Device,,NVIDIA A100-SXM4-40GB MIG 4g.20gb (0),1,,13,[CUDA memset]
3961847807,3039,238557,,,,,,,,,,0.031,10298.105,Pinned,Device,NVIDIA A100-SXM4-40GB MIG 4g.20gb (0),1,,13,[CUDA memcpy Host-to-Device]
3961853566,9920,238558,,,,,,,,,,0.197,19819.266,Pinned,Device,NVIDIA A100-SXM4-40GB MIG 4g.20gb (0),1,,13,[CUDA memcpy Host-to-Device]
3961868190,6176,238559,273,1,1,8,4,1,39,0.002,0.000,,,,,NVIDIA A100-SXM4-40GB MIG 4g.20gb (0),1,,13,"void channel_eq::eqMmseCoefCompLowMimoKernel<float, float, float, (unsigned int)4, (unsigned int)1, (unsigned int)4>(const channel_eq::_puschRxChEqStatDescr *, channel_eq::_puschRxChEqCoefCompDynDescr)"
3961878014,6464,238560,273,1,1,12,11,1,51,0.002,0.000,,,,,NVIDIA A100-SXM4-40GB MIG 4g.20gb (0),1,,13,"void channel_eq::eqMmseSoftDemapKernel<float, __half, __half, float, (unsigned int)4, (unsigned short)16383>(channel_eq::_puschRxChEqStatDescr *, channel_eq::_puschRxChEqSoftDemapDynDescr)"
3961887006,294588,238561,1,1,1,32,32,1,30,0.000,0.000,,,,,NVIDIA A100-SXM4-40GB MIG 4g.20gb (0),1,,13,"void convert_kernel<float2, __half2>(tensor_layout_any, T1 *, tensor_layout_any, const T2 *)"
3962182970,10976,238573,2253,1,1,128,1,1,16,0.000,0.000,,,,,NVIDIA A100-SXM4-40GB MIG 4g.20gb (0),1,,13,cupy_copy__float16_float16
3962198810,2752,238582,282,1,1,128,1,1,16,0.000,0.000,,,,,NVIDIA A100-SXM4-40GB MIG 4g.20gb (0),1,,13,cupy_copy__complex64_complex64
3962204282,2400,238591,26,1,1,128,1,1,16,0.000,0.000,,,,,NVIDIA A100-SXM4-40GB MIG 4g.20gb (0),1,,13,cupy_copy__float32_float32
3962209530,2944,238600,103,1,1,128,1,1,16,0.000,0.000,,,,,NVIDIA A100-SXM4-40GB MIG 4g.20gb (0),1,,13,cupy_copy__complex64_complex64
3962213466,12096,238610,1434,1,1,128,1,1,16,0.000,0.000,,,,,NVIDIA A100-SXM4-40GB MIG 4g.20gb (0),1,,13,cupy_copy__complex64_complex64
3962228250,82303,238615,1,1,1,32,32,1,30,0.000,0.000,,,,,NVIDIA A100-SXM4-40GB MIG 4g.20gb (0),1,,13,"void convert_kernel<__half2, float2>(tensor_layout_any, T1 *, tensor_layout_any, const T2 *)"
3962337208,5696,238618,,,,,,,,,,0.094,16449.363,Pinned,Device,NVIDIA A100-SXM4-40GB MIG 4g.20gb (0),1,,13,[CUDA memcpy Host-to-Device]
3962349208,598617,238619,,,,,,,,,,456.561,762457.605,Device,,NVIDIA A100-SXM4-40GB MIG 4g.20gb (0),1,,13,[CUDA memset]
3962954385,146846,238624,,,,,,,,,,1.235,8408.734,Pinned,Device,NVIDIA A100-SXM4-40GB MIG 4g.20gb (0),1,,13,[CUDA memcpy Host-to-Device]
3963117039,39999,238625,,,,,,,,,,0.197,4915.200,Pinned,Device,NVIDIA A100-SXM4-40GB MIG 4g.20gb (0),1,,13,[CUDA memcpy Host-to-Device]
3963178990,8288,238626,69,4,1,48,1,1,76,0.002,0.000,,,,,NVIDIA A100-SXM4-40GB MIG 4g.20gb (0),1,,13,"void ch_est::windowedChEstPreNoDftSOfdmKernel<float, __half, float, (unsigned int)2, (unsigned int)1, (unsigned short)4>(ch_est::puschRxChEstStatDescr_t *, ch_est::puschRxChEstDynDescr_t *)"
3963196686,6880,238627,137,2,1,24,2,1,44,0.001,0.001,,,,,NVIDIA A100-SXM4-40GB MIG 4g.20gb (0),1,,13,"void ch_est::chEstFilterNoDftSOfdmDispatchKernel<float, __half, float, (unsigned int)2>(ch_est::puschRxChEstStatDescr_t *, ch_est::puschRxChEstDynDescr_t *)"
3963213966,4800,238628,137,2,1,24,2,1,44,0.001,0.001,,,,,NVIDIA A100-SXM4-40GB MIG 4g.20gb (0),1,,13,"void ch_est::chEstFilterNoDftSOfdmDispatchKernel<float, __half, float, (unsigned int)2>(ch_est::puschRxChEstStatDescr_t *, ch_est::puschRxChEstDynDescr_t *)"
3963230701,2784,238639,103,1,1,128,1,1,16,0.000,0.000,,,,,NVIDIA A100-SXM4-40GB MIG 4g.20gb (0),1,,13,cupy_copy__complex64_complex64
3963248173,12384,238649,1434,1,1,128,1,1,16,0.000,0.000,,,,,NVIDIA A100-SXM4-40GB MIG 4g.20gb (0),1,,13,cupy_copy__complex64_complex64
3963271981,2592,238656,103,1,1,128,1,1,16,0.000,0.000,,,,,NVIDIA A100-SXM4-40GB MIG 4g.20gb (0),1,,13,cupy_copy__complex64_complex64
3963294189,90399,238663,1,1,1,32,32,1,30,0.000,0.000,,,,,NVIDIA A100-SXM4-40GB MIG 4g.20gb (0),1,,13,"void convert_kernel<__half2, float2>(tensor_layout_any, T1 *, tensor_layout_any, const T2 *)"
3963418059,12768,238666,,,,,,,,,,0.094,7338.271,Pinned,Device,NVIDIA A100-SXM4-40GB MIG 4g.20gb (0),1,,13,[CUDA memcpy Host-to-Device]
3963442315,47359,238667,,,,,,,,,,35.810,756126.461,Device,,NVIDIA A100-SXM4-40GB MIG 4g.20gb (0),1,,13,[CUDA memset]
3963490186,4704,238669,,,,,,,,,,0.000,17.007,Pinned,Device,NVIDIA A100-SXM4-40GB MIG 4g.20gb (0),1,,13,[CUDA memcpy Host-to-Device]
3963500138,11968,238670,,,,,,,,,,0.197,16427.778,Pinned,Device,NVIDIA A100-SXM4-40GB MIG 4g.20gb (0),1,,13,[CUDA memcpy Host-to-Device]
3963519306,10624,238671,273,1,1,48,1,1,40,0.000,0.001,,,,,NVIDIA A100-SXM4-40GB MIG 4g.20gb (0),1,,13,"void pusch_noise_intf_est::noiseIntfEstNoDftSOfdmKernel<float, __half, float, float, (unsigned int)2, (unsigned int)1, (unsigned char)4, (unsigned char)4>(pusch_noise_intf_est::puschRxNoiseIntfEstDynDescr)"
3963531338,3200,238682,35,1,1,128,1,1,16,0.000,0.000,,,,,NVIDIA A100-SXM4-40GB MIG 4g.20gb (0),1,,13,cupy_copy__complex64_complex64
3963537258,1824,238691,1,1,1,1,1,1,18,0.000,0.000,,,,,NVIDIA A100-SXM4-40GB MIG 4g.20gb (0),1,,13,cupy_copy__float32_float32
3963567049,1600,238697,,,,,,,,,,0.000,2.500,Device,Pageable,NVIDIA A100-SXM4-40GB MIG 4g.20gb (0),1,,7,[CUDA memcpy Device-to-Host]
3963629832,13024,238708,1434,1,1,128,1,1,16,0.000,0.000,,,,,NVIDIA A100-SXM4-40GB MIG 4g.20gb (0),1,,13,cupy_copy__complex64_complex64
3963654504,2976,238715,103,1,1,128,1,1,16,0.000,0.000,,,,,NVIDIA A100-SXM4-40GB MIG 4g.20gb (0),1,,13,cupy_copy__complex64_complex64
3963675848,2464,238722,35,1,1,128,1,1,16,0.000,0.000,,,,,NVIDIA A100-SXM4-40GB MIG 4g.20gb (0),1,,13,cupy_copy__complex64_complex64
3963697000,1760,238729,1,1,1,1,1,1,18,0.000,0.000,,,,,NVIDIA A100-SXM4-40GB MIG 4g.20gb (0),1,,13,cupy_copy__float32_float32
3963829830,87679,238740,1,1,1,32,32,1,30,0.000,0.000,,,,,NVIDIA A100-SXM4-40GB MIG 4g.20gb (0),1,,13,"void convert_kernel<__half2, float2>(tensor_layout_any, T1 *, tensor_layout_any, const T2 *)"
3963944933,5632,238743,,,,,,,,,,0.094,16636.287,Pinned,Device,NVIDIA A100-SXM4-40GB MIG 4g.20gb (0),1,,13,[CUDA memcpy Host-to-Device]
3963960100,3232,238744,,,,,,,,,,1.547,478533.199,Device,,NVIDIA A100-SXM4-40GB MIG 4g.20gb (0),1,,13,[CUDA memset]
3963966404,3584,238749,,,,,,,,,,0.031,8732.116,Pinned,Device,NVIDIA A100-SXM4-40GB MIG 4g.20gb (0),1,,13,[CUDA memcpy Host-to-Device]
3963972836,10048,238750,,,,,,,,,,0.197,19566.821,Pinned,Device,NVIDIA A100-SXM4-40GB MIG 4g.20gb (0),1,,13,[CUDA memcpy Host-to-Device]
3963986692,6368,238751,273,1,1,8,4,1,39,0.002,0.000,,,,,NVIDIA A100-SXM4-40GB MIG 4g.20gb (0),1,,13,"void channel_eq::eqMmseCoefCompLowMimoKernel<float, float, float, (unsigned int)4, (unsigned int)1, (unsigned int)4>(const channel_eq::_puschRxChEqStatDescr *, channel_eq::_puschRxChEqCoefCompDynDescr)"
3963994084,6464,238752,273,1,1,12,11,1,51,0.002,0.000,,,,,NVIDIA A100-SXM4-40GB MIG 4g.20gb (0),1,,13,"void channel_eq::eqMmseSoftDemapKernel<float, __half, __half, float, (unsigned int)4, (unsigned short)16383>(channel_eq::_puschRxChEqStatDescr *, channel_eq::_puschRxChEqSoftDemapDynDescr)"
3964001508,282300,238753,1,1,1,32,32,1,30,0.000,0.000,,,,,NVIDIA A100-SXM4-40GB MIG 4g.20gb (0),1,,13,"void convert_kernel<float2, __half2>(tensor_layout_any, T1 *, tensor_layout_any, const T2 *)"
3964285632,10976,238765,2253,1,1,128,1,1,16,0.000,0.000,,,,,NVIDIA A100-SXM4-40GB MIG 4g.20gb (0),1,,13,cupy_copy__float16_float16
3964298816,2912,238774,282,1,1,128,1,1,16,0.000,0.000,,,,,NVIDIA A100-SXM4-40GB MIG 4g.20gb (0),1,,13,cupy_copy__complex64_complex64
3964303776,2144,238783,26,1,1,128,1,1,16,0.000,0.000,,,,,NVIDIA A100-SXM4-40GB MIG 4g.20gb (0),1,,13,cupy_copy__float32_float32
3964306976,2944,238792,103,1,1,128,1,1,16,0.000,0.000,,,,,NVIDIA A100-SXM4-40GB MIG 4g.20gb (0),1,,13,cupy_copy__complex64_complex64
3964312224,11936,238802,1434,1,1,128,1,1,16,0.000,0.000,,,,,NVIDIA A100-SXM4-40GB MIG 4g.20gb (0),1,,13,cupy_copy__complex64_complex64
3964331136,83263,238807,1,1,1,32,32,1,30,0.000,0.000,,,,,NVIDIA A100-SXM4-40GB MIG 4g.20gb (0),1,,13,"void convert_kernel<__half2, float2>(tensor_layout_any, T1 *, tensor_layout_any, const T2 *)"
3964441374,5664,238810,,,,,,,,,,0.094,16542.310,Pinned,Device,NVIDIA A100-SXM4-40GB MIG 4g.20gb (0),1,,13,[CUDA memcpy Host-to-Device]
3964451326,597081,238811,,,,,,,,,,456.561,764283.851,Device,,NVIDIA A100-SXM4-40GB MIG 4g.20gb (0),1,,13,[CUDA memset]
3965053847,150814,238816,,,,,,,,,,1.235,8187.679,Pinned,Device,NVIDIA A100-SXM4-40GB MIG 4g.20gb (0),1,,13,[CUDA memcpy Host-to-Device]
3965221205,40447,238817,,,,,,,,,,0.197,4860.740,Pinned,Device,NVIDIA A100-SXM4-40GB MIG 4g.20gb (0),1,,13,[CUDA memcpy Host-to-Device]
3965291380,8320,238818,69,4,1,48,1,1,76,0.002,0.000,,,,,NVIDIA A100-SXM4-40GB MIG 4g.20gb (0),1,,13,"void ch_est::windowedChEstPreNoDftSOfdmKernel<float, __half, float, (unsigned int)2, (unsigned int)1, (unsigned short)4>(ch_est::puschRxChEstStatDescr_t *, ch_est::puschRxChEstDynDescr_t *)"
3965309108,6880,238819,137,2,1,24,2,1,44,0.001,0.001,,,,,NVIDIA A100-SXM4-40GB MIG 4g.20gb (0),1,,13,"void ch_est::chEstFilterNoDftSOfdmDispatchKernel<float, __half, float, (unsigned int)2>(ch_est::puschRxChEstStatDescr_t *, ch_est::puschRxChEstDynDescr_t *)"
3965328339,4704,238820,137,2,1,24,2,1,44,0.001,0.001,,,,,NVIDIA A100-SXM4-40GB MIG 4g.20gb (0),1,,13,"void ch_est::chEstFilterNoDftSOfdmDispatchKernel<float, __half, float, (unsigned int)2>(ch_est::puschRxChEstStatDescr_t *, ch_est::puschRxChEstDynDescr_t *)"
3965345011,2688,238831,103,1,1,128,1,1,16,0.000,0.000,,,,,NVIDIA A100-SXM4-40GB MIG 4g.20gb (0),1,,13,cupy_copy__complex64_complex64
3965362099,12416,238841,1434,1,1,128,1,1,16,0.000,0.000,,,,,NVIDIA A100-SXM4-40GB MIG 4g.20gb (0),1,,13,cupy_copy__complex64_complex64
3965384531,2528,238848,103,1,1,128,1,1,16,0.000,0.000,,,,,NVIDIA A100-SXM4-40GB MIG 4g.20gb (0),1,,13,cupy_copy__complex64_complex64
3965405587,90142,238855,1,1,1,32,32,1,30,0.000,0.000,,,,,NVIDIA A100-SXM4-40GB MIG 4g.20gb (0),1,,13,"void convert_kernel<__half2, float2>(tensor_layout_any, T1 *, tensor_layout_any, const T2 *)"
3965526033,26304,238858,,,,,,,,,,0.094,3562.041,Pinned,Device,NVIDIA A100-SXM4-40GB MIG 4g.20gb (0),1,,13,[CUDA memcpy Host-to-Device]
3965567121,47487,238859,,,,,,,,,,35.810,754085.295,Device,,NVIDIA A100-SXM4-40GB MIG 4g.20gb (0),1,,13,[CUDA memset]
3965618704,12096,238861,,,,,,,,,,0.000,6.614,Pinned,Device,NVIDIA A100-SXM4-40GB MIG 4g.20gb (0),1,,13,[CUDA memcpy Host-to-Device]
3965643696,28671,238862,,,,,,,,,,0.197,6857.294,Pinned,Device,NVIDIA A100-SXM4-40GB MIG 4g.20gb (0),1,,13,[CUDA memcpy Host-to-Device]
3965702127,9664,238863,273,1,1,48,1,1,40,0.000,0.001,,,,,NVIDIA A100-SXM4-40GB MIG 4g.20gb (0),1,,13,"void pusch_noise_intf_est::noiseIntfEstNoDftSOfdmKernel<float, __half, float, float, (unsigned int)2, (unsigned int)1, (unsigned char)4, (unsigned char)4>(pusch_noise_intf_est::puschRxNoiseIntfEstDynDescr)"
3965718159,2880,238874,35,1,1,128,1,1,16,0.000,0.000,,,,,NVIDIA A100-SXM4-40GB MIG 4g.20gb (0),1,,13,cupy_copy__complex64_complex64
3965730639,1696,238883,1,1,1,1,1,1,18,0.000,0.000,,,,,NVIDIA A100-SXM4-40GB MIG 4g.20gb (0),1,,13,cupy_copy__float32_float32
3965736014,4448,238889,,,,,,,,,,0.000,0.899,Device,Pageable,NVIDIA A100-SXM4-40GB MIG 4g.20gb (0),1,,7,[CUDA memcpy Device-to-Host]
3965824237,13056,238900,1434,1,1,128,1,1,16,0.000,0.000,,,,,NVIDIA A100-SXM4-40GB MIG 4g.20gb (0),1,,13,cupy_copy__complex64_complex64
3965846701,2976,238907,103,1,1,128,1,1,16,0.000,0.000,,,,,NVIDIA A100-SXM4-40GB MIG 4g.20gb (0),1,,13,cupy_copy__complex64_complex64
3965872237,2592,238914,35,1,1,128,1,1,16,0.000,0.000,,,,,NVIDIA A100-SXM4-40GB MIG 4g.20gb (0),1,,13,cupy_copy__complex64_complex64
3965888557,1760,238921,1,1,1,1,1,1,18,0.000,0.000,,,,,NVIDIA A100-SXM4-40GB MIG 4g.20gb (0),1,,13,cupy_copy__float32_float32
3966014283,87231,238932,1,1,1,32,32,1,30,0.000,0.000,,,,,NVIDIA A100-SXM4-40GB MIG 4g.20gb (0),1,,13,"void convert_kernel<__half2, float2>(tensor_layout_any, T1 *, tensor_layout_any, const T2 *)"
3966128714,5408,238935,,,,,,,,,,0.094,17325.421,Pinned,Device,NVIDIA A100-SXM4-40GB MIG 4g.20gb (0),1,,13,[CUDA memcpy Host-to-Device]
3966144073,3360,238936,,,,,,,,,,1.547,460304.688,Device,,NVIDIA A100-SXM4-40GB MIG 4g.20gb (0),1,,13,[CUDA memset]
3966150441,3072,238941,,,,,,,,,,0.031,10187.474,Pinned,Device,NVIDIA A100-SXM4-40GB MIG 4g.20gb (0),1,,13,[CUDA memcpy Host-to-Device]
3966155945,9696,238942,,,,,,,,,,0.197,20277.166,Pinned,Device,NVIDIA A100-SXM4-40GB MIG 4g.20gb (0),1,,13,[CUDA memcpy Host-to-Device]
3966173129,6496,238943,273,1,1,8,4,1,39,0.002,0.000,,,,,NVIDIA A100-SXM4-40GB MIG 4g.20gb (0),1,,13,"void channel_eq::eqMmseCoefCompLowMimoKernel<float, float, float, (unsigned int)4, (unsigned int)1, (unsigned int)4>(const channel_eq::_puschRxChEqStatDescr *, channel_eq::_puschRxChEqCoefCompDynDescr)"
3966180681,5856,238944,273,1,1,12,11,1,51,0.002,0.000,,,,,NVIDIA A100-SXM4-40GB MIG 4g.20gb (0),1,,13,"void channel_eq::eqMmseSoftDemapKernel<float, __half, __half, float, (unsigned int)4, (unsigned short)16383>(channel_eq::_puschRxChEqStatDescr *, channel_eq::_puschRxChEqSoftDemapDynDescr)"
3966187561,294556,238945,1,1,1,32,32,1,30,0.000,0.000,,,,,NVIDIA A100-SXM4-40GB MIG 4g.20gb (0),1,,13,"void convert_kernel<float2, __half2>(tensor_layout_any, T1 *, tensor_layout_any, const T2 *)"
3966483269,10784,238957,2253,1,1,128,1,1,16,0.000,0.000,,,,,NVIDIA A100-SXM4-40GB MIG 4g.20gb (0),1,,13,cupy_copy__float16_float16
3966496709,3616,238966,282,1,1,128,1,1,16,0.000,0.000,,,,,NVIDIA A100-SXM4-40GB MIG 4g.20gb (0),1,,13,cupy_copy__complex64_complex64
3966503557,2048,238975,26,1,1,128,1,1,16,0.000,0.000,,,,,NVIDIA A100-SXM4-40GB MIG 4g.20gb (0),1,,13,cupy_copy__float32_float32
3966506789,4544,238984,103,1,1,128,1,1,16,0.000,0.000,,,,,NVIDIA A100-SXM4-40GB MIG 4g.20gb (0),1,,13,cupy_copy__complex64_complex64
3966512453,11872,238994,1434,1,1,128,1,1,16,0.000,0.000,,,,,NVIDIA A100-SXM4-40GB MIG 4g.20gb (0),1,,13,cupy_copy__complex64_complex64
3966525893,82239,238999,1,1,1,32,32,1,30,0.000,0.000,,,,,NVIDIA A100-SXM4-40GB MIG 4g.20gb (0),1,,13,"void convert_kernel<__half2, float2>(tensor_layout_any, T1 *, tensor_layout_any, const T2 *)"
3966635203,5696,239002,,,,,,,,,,0.094,16449.363,Pinned,Device,NVIDIA A100-SXM4-40GB MIG 4g.20gb (0),1,,13,[CUDA memcpy Host-to-Device]
3966645187,604441,239003,,,,,,,,,,456.561,755152.622,Device,,NVIDIA A100-SXM4-40GB MIG 4g.20gb (0),1,,13,[CUDA memset]
3967257660,84287,239008,,,,,,,,,,1.235,14651.376,Pinned,Device,NVIDIA A100-SXM4-40GB MIG 4g.20gb (0),1,,13,[CUDA memcpy Host-to-Device]
3967350874,16960,239009,,,,,,,,,,0.197,11592.401,Pinned,Device,NVIDIA A100-SXM4-40GB MIG 4g.20gb (0),1,,13,[CUDA memcpy Host-to-Device]
3967380762,8416,239010,69,4,1,48,1,1,76,0.002,0.000,,,,,NVIDIA A100-SXM4-40GB MIG 4g.20gb (0),1,,13,"void ch_est::windowedChEstPreNoDftSOfdmKernel<float, __half, float, (unsigned int)2, (unsigned int)1, (unsigned short)4>(ch_est::puschRxChEstStatDescr_t *, ch_est::puschRxChEstDynDescr_t *)"
3967395130,7360,239011,137,2,1,24,2,1,44,0.001,0.001,,,,,NVIDIA A100-SXM4-40GB MIG 4g.20gb (0),1,,13,"void ch_est::chEstFilterNoDftSOfdmDispatchKernel<float, __half, float, (unsigned int)2>(ch_est::puschRxChEstStatDescr_t *, ch_est::puschRxChEstDynDescr_t *)"
3967409114,6496,239012,137,2,1,24,2,1,44,0.001,0.001,,,,,NVIDIA A100-SXM4-40GB MIG 4g.20gb (0),1,,13,"void ch_est::chEstFilterNoDftSOfdmDispatchKernel<float, __half, float, (unsigned int)2>(ch_est::puschRxChEstStatDescr_t *, ch_est::puschRxChEstDynDescr_t *)"
3967422874,2752,239023,103,1,1,128,1,1,16,0.000,0.000,,,,,NVIDIA A100-SXM4-40GB MIG 4g.20gb (0),1,,13,cupy_copy__complex64_complex64
3967431225,13088,239033,1434,1,1,128,1,1,16,0.000,0.000,,,,,NVIDIA A100-SXM4-40GB MIG 4g.20gb (0),1,,13,cupy_copy__complex64_complex64
3967446233,2656,239040,103,1,1,128,1,1,16,0.000,0.000,,,,,NVIDIA A100-SXM4-40GB MIG 4g.20gb (0),1,,13,cupy_copy__complex64_complex64
3967456249,87231,239047,1,1,1,32,32,1,30,0.000,0.000,,,,,NVIDIA A100-SXM4-40GB MIG 4g.20gb (0),1,,13,"void convert_kernel<__half2, float2>(tensor_layout_any, T1 *, tensor_layout_any, const T2 *)"
3967572600,13600,239050,,,,,,,,,,0.094,6889.373,Pinned,Device,NVIDIA A100-SXM4-40GB MIG 4g.20gb (0),1,,13,[CUDA memcpy Host-to-Device]
3967601847,47552,239051,,,,,,,,,,35.810,753046.808,Device,,NVIDIA A100-SXM4-40GB MIG 4g.20gb (0),1,,13,[CUDA memset]
3967656919,10368,239053,,,,,,,,,,0.000,7.716,Pinned,Device,NVIDIA A100-SXM4-40GB MIG 4g.20gb (0),1,,13,[CUDA memcpy Host-to-Device]
3967671991,26303,239054,,,,,,,,,,0.197,7474.643,Pinned,Device,NVIDIA A100-SXM4-40GB MIG 4g.20gb (0),1,,13,[CUDA memcpy Host-to-Device]
3967718934,9024,239055,273,1,1,48,1,1,40,0.000,0.001,,,,,NVIDIA A100-SXM4-40GB MIG 4g.20gb (0),1,,13,"void pusch_noise_intf_est::noiseIntfEstNoDftSOfdmKernel<float, __half, float, float, (unsigned int)2, (unsigned int)1, (unsigned char)4, (unsigned char)4>(pusch_noise_intf_est::puschRxNoiseIntfEstDynDescr)"
3967732246,2592,239066,35,1,1,128,1,1,16,0.000,0.000,,,,,NVIDIA A100-SXM4-40GB MIG 4g.20gb (0),1,,13,cupy_copy__complex64_complex64
3967746710,1664,239075,1,1,1,1,1,1,18,0.000,0.000,,,,,NVIDIA A100-SXM4-40GB MIG 4g.20gb (0),1,,13,cupy_copy__float32_float32
3967748854,7807,239081,,,,,,,,,,0.000,0.512,Device,Pageable,NVIDIA A100-SXM4-40GB MIG 4g.20gb (0),1,,7,[CUDA memcpy Device-to-Host]
3967841268,12800,239092,1434,1,1,128,1,1,16,0.000,0.000,,,,,NVIDIA A100-SXM4-40GB MIG 4g.20gb (0),1,,13,cupy_copy__complex64_complex64
3967877940,3328,239099,103,1,1,128,1,1,16,0.000,0.000,,,,,NVIDIA A100-SXM4-40GB MIG 4g.20gb (0),1,,13,cupy_copy__complex64_complex64
3967897012,2176,239106,35,1,1,128,1,1,16,0.000,0.000,,,,,NVIDIA A100-SXM4-40GB MIG 4g.20gb (0),1,,13,cupy_copy__complex64_complex64
3967900564,1728,239113,1,1,1,1,1,1,18,0.000,0.000,,,,,NVIDIA A100-SXM4-40GB MIG 4g.20gb (0),1,,13,cupy_copy__float32_float32
3968038578,87071,239124,1,1,1,32,32,1,30,0.000,0.000,,,,,NVIDIA A100-SXM4-40GB MIG 4g.20gb (0),1,,13,"void convert_kernel<__half2, float2>(tensor_layout_any, T1 *, tensor_layout_any, const T2 *)"
3968160272,14912,239127,,,,,,,,,,0.094,6283.254,Pinned,Device,NVIDIA A100-SXM4-40GB MIG 4g.20gb (0),1,,13,[CUDA memcpy Host-to-Device]
3968184720,3424,239128,,,,,,,,,,1.547,451700.819,Device,,NVIDIA A100-SXM4-40GB MIG 4g.20gb (0),1,,13,[CUDA memset]
3968189008,5920,239133,,,,,,,,,,0.031,5286.458,Pinned,Device,NVIDIA A100-SXM4-40GB MIG 4g.20gb (0),1,,13,[CUDA memcpy Host-to-Device]
3968201200,15328,239134,,,,,,,,,,0.197,12826.706,Pinned,Device,NVIDIA A100-SXM4-40GB MIG 4g.20gb (0),1,,13,[CUDA memcpy Host-to-Device]
3968228848,8320,239135,273,1,1,8,4,1,39,0.002,0.000,,,,,NVIDIA A100-SXM4-40GB MIG 4g.20gb (0),1,,13,"void channel_eq::eqMmseCoefCompLowMimoKernel<float, float, float, (unsigned int)4, (unsigned int)1, (unsigned int)4>(const channel_eq::_puschRxChEqStatDescr *, channel_eq::_puschRxChEqCoefCompDynDescr)"
3968244399,5728,239136,273,1,1,12,11,1,51,0.002,0.000,,,,,NVIDIA A100-SXM4-40GB MIG 4g.20gb (0),1,,13,"void channel_eq::eqMmseSoftDemapKernel<float, __half, __half, float, (unsigned int)4, (unsigned short)16383>(channel_eq::_puschRxChEqStatDescr *, channel_eq::_puschRxChEqSoftDemapDynDescr)"
3968253167,295645,239137,1,1,1,32,32,1,30,0.000,0.000,,,,,NVIDIA A100-SXM4-40GB MIG 4g.20gb (0),1,,13,"void convert_kernel<float2, __half2>(tensor_layout_any, T1 *, tensor_layout_any, const T2 *)"
3968550636,11360,239149,2253,1,1,128,1,1,16,0.000,0.000,,,,,NVIDIA A100-SXM4-40GB MIG 4g.20gb (0),1,,13,cupy_copy__float16_float16
3968565163,3680,239158,282,1,1,128,1,1,16,0.000,0.000,,,,,NVIDIA A100-SXM4-40GB MIG 4g.20gb (0),1,,13,cupy_copy__complex64_complex64
3968572043,2304,239167,26,1,1,128,1,1,16,0.000,0.000,,,,,NVIDIA A100-SXM4-40GB MIG 4g.20gb (0),1,,13,cupy_copy__float32_float32
3968575435,4544,239176,103,1,1,128,1,1,16,0.000,0.000,,,,,NVIDIA A100-SXM4-40GB MIG 4g.20gb (0),1,,13,cupy_copy__complex64_complex64
3968582187,12032,239186,1434,1,1,128,1,1,16,0.000,0.000,,,,,NVIDIA A100-SXM4-40GB MIG 4g.20gb (0),1,,13,cupy_copy__complex64_complex64
3968598763,83231,239191,1,1,1,32,32,1,30,0.000,0.000,,,,,NVIDIA A100-SXM4-40GB MIG 4g.20gb (0),1,,13,"void convert_kernel<__half2, float2>(tensor_layout_any, T1 *, tensor_layout_any, const T2 *)"
3968709418,5632,239194,,,,,,,,,,0.094,16636.287,Pinned,Device,NVIDIA A100-SXM4-40GB MIG 4g.20gb (0),1,,13,[CUDA memcpy Host-to-Device]
3968720458,597784,239195,,,,,,,,,,456.561,763370.728,Device,,NVIDIA A100-SXM4-40GB MIG 4g.20gb (0),1,,13,[CUDA memset]
3969322178,147646,239200,,,,,,,,,,1.235,8363.041,Pinned,Device,NVIDIA A100-SXM4-40GB MIG 4g.20gb (0),1,,13,[CUDA memcpy Host-to-Device]
3969479552,29120,239201,,,,,,,,,,0.197,6751.519,Pinned,Device,NVIDIA A100-SXM4-40GB MIG 4g.20gb (0),1,,13,[CUDA memcpy Host-to-Device]
3969523808,7904,239202,69,4,1,48,1,1,76,0.002,0.000,,,,,NVIDIA A100-SXM4-40GB MIG 4g.20gb (0),1,,13,"void ch_est::windowedChEstPreNoDftSOfdmKernel<float, __half, float, (unsigned int)2, (unsigned int)1, (unsigned short)4>(ch_est::puschRxChEstStatDescr_t *, ch_est::puschRxChEstDynDescr_t *)"
3969541599,6528,239203,137,2,1,24,2,1,44,0.001,0.001,,,,,NVIDIA A100-SXM4-40GB MIG 4g.20gb (0),1,,13,"void ch_est::chEstFilterNoDftSOfdmDispatchKernel<float, __half, float, (unsigned int)2>(ch_est::puschRxChEstStatDescr_t *, ch_est::puschRxChEstDynDescr_t *)"
3969556191,4960,239204,137,2,1,24,2,1,44,0.001,0.001,,,,,NVIDIA A100-SXM4-40GB MIG 4g.20gb (0),1,,13,"void ch_est::chEstFilterNoDftSOfdmDispatchKernel<float, __half, float, (unsigned int)2>(ch_est::puschRxChEstStatDescr_t *, ch_est::puschRxChEstDynDescr_t *)"
3969566527,2912,239215,103,1,1,128,1,1,16,0.000,0.000,,,,,NVIDIA A100-SXM4-40GB MIG 4g.20gb (0),1,,13,cupy_copy__complex64_complex64
3969584255,12576,239225,1434,1,1,128,1,1,16,0.000,0.000,,,,,NVIDIA A100-SXM4-40GB MIG 4g.20gb (0),1,,13,cupy_copy__complex64_complex64
3969603455,2720,239232,103,1,1,128,1,1,16,0.000,0.000,,,,,NVIDIA A100-SXM4-40GB MIG 4g.20gb (0),1,,13,cupy_copy__complex64_complex64
3969615902,91423,239239,1,1,1,32,32,1,30,0.000,0.000,,,,,NVIDIA A100-SXM4-40GB MIG 4g.20gb (0),1,,13,"void convert_kernel<__half2, float2>(tensor_layout_any, T1 *, tensor_layout_any, const T2 *)"
3969737629,13536,239242,,,,,,,,,,0.094,6921.979,Pinned,Device,NVIDIA A100-SXM4-40GB MIG 4g.20gb (0),1,,13,[CUDA memcpy Host-to-Device]
3969764637,46623,239243,,,,,,,,,,35.810,768051.164,Device,,NVIDIA A100-SXM4-40GB MIG 4g.20gb (0),1,,13,[CUDA memset]
3969817308,3904,239245,,,,,,,,,,0.000,20.492,Pinned,Device,NVIDIA A100-SXM4-40GB MIG 4g.20gb (0),1,,13,[CUDA memcpy Host-to-Device]
3969826940,13440,239246,,,,,,,,,,0.197,14628.422,Pinned,Device,NVIDIA A100-SXM4-40GB MIG 4g.20gb (0),1,,13,[CUDA memcpy Host-to-Device]
3969853788,10111,239247,273,1,1,48,1,1,40,0.000,0.001,,,,,NVIDIA A100-SXM4-40GB MIG 4g.20gb (0),1,,13,"void pusch_noise_intf_est::noiseIntfEstNoDftSOfdmKernel<float, __half, float, float, (unsigned int)2, (unsigned int)1, (unsigned char)4, (unsigned char)4>(pusch_noise_intf_est::puschRxNoiseIntfEstDynDescr)"
3969869787,2592,239258,35,1,1,128,1,1,16,0.000,0.000,,,,,NVIDIA A100-SXM4-40GB MIG 4g.20gb (0),1,,13,cupy_copy__complex64_complex64
3969875579,1856,239267,1,1,1,1,1,1,18,0.000,0.000,,,,,NVIDIA A100-SXM4-40GB MIG 4g.20gb (0),1,,13,cupy_copy__float32_float32
3969886875,2144,239273,,,,,,,,,,0.000,1.866,Device,Pageable,NVIDIA A100-SXM4-40GB MIG 4g.20gb (0),1,,7,[CUDA memcpy Device-to-Host]
3969950938,12928,239284,1434,1,1,128,1,1,16,0.000,0.000,,,,,NVIDIA A100-SXM4-40GB MIG 4g.20gb (0),1,,13,cupy_copy__complex64_complex64
3969978394,2752,239291,103,1,1,128,1,1,16,0.000,0.000,,,,,NVIDIA A100-SXM4-40GB MIG 4g.20gb (0),1,,13,cupy_copy__complex64_complex64
3969999386,2368,239298,35,1,1,128,1,1,16,0.000,0.000,,,,,NVIDIA A100-SXM4-40GB MIG 4g.20gb (0),1,,13,cupy_copy__complex64_complex64
3970017594,1792,239305,1,1,1,1,1,1,18,0.000,0.000,,,,,NVIDIA A100-SXM4-40GB MIG 4g.20gb (0),1,,13,cupy_copy__float32_float32
3970148472,81919,239316,1,1,1,32,32,1,30,0.000,0.000,,,,,NVIDIA A100-SXM4-40GB MIG 4g.20gb (0),1,,13,"void convert_kernel<__half2, float2>(tensor_layout_any, T1 *, tensor_layout_any, const T2 *)"
3970257623,6079,239319,,,,,,,,,,0.094,15412.992,Pinned,Device,NVIDIA A100-SXM4-40GB MIG 4g.20gb (0),1,,13,[CUDA memcpy Host-to-Device]
3970271830,3296,239320,,,,,,,,,,1.547,469242.628,Device,,NVIDIA A100-SXM4-40GB MIG 4g.20gb (0),1,,13,[CUDA memset]
3970278678,3008,239325,,,,,,,,,,0.031,10404.230,Pinned,Device,NVIDIA A100-SXM4-40GB MIG 4g.20gb (0),1,,13,[CUDA memcpy Host-to-Device]
3970284182,10112,239326,,,,,,,,,,0.197,19442.958,Pinned,Device,NVIDIA A100-SXM4-40GB MIG 4g.20gb (0),1,,13,[CUDA memcpy Host-to-Device]
3970300182,6592,239327,273,1,1,8,4,1,39,0.002,0.000,,,,,NVIDIA A100-SXM4-40GB MIG 4g.20gb (0),1,,13,"void channel_eq::eqMmseCoefCompLowMimoKernel<float, float, float, (unsigned int)4, (unsigned int)1, (unsigned int)4>(const channel_eq::_puschRxChEqStatDescr *, channel_eq::_puschRxChEqCoefCompDynDescr)"
3970308694,8224,239328,273,1,1,12,11,1,51,0.002,0.000,,,,,NVIDIA A100-SXM4-40GB MIG 4g.20gb (0),1,,13,"void channel_eq::eqMmseSoftDemapKernel<float, __half, __half, float, (unsigned int)4, (unsigned short)16383>(channel_eq::_puschRxChEqStatDescr *, channel_eq::_puschRxChEqSoftDemapDynDescr)"
3970320214,282684,239329,1,1,1,32,32,1,30,0.000,0.000,,,,,NVIDIA A100-SXM4-40GB MIG 4g.20gb (0),1,,13,"void convert_kernel<float2, __half2>(tensor_layout_any, T1 *, tensor_layout_any, const T2 *)"
3970604562,10976,239341,2253,1,1,128,1,1,16,0.000,0.000,,,,,NVIDIA A100-SXM4-40GB MIG 4g.20gb (0),1,,13,cupy_copy__float16_float16
3970620466,2784,239350,282,1,1,128,1,1,16,0.000,0.000,,,,,NVIDIA A100-SXM4-40GB MIG 4g.20gb (0),1,,13,cupy_copy__complex64_complex64
3970626034,2656,239359,26,1,1,128,1,1,16,0.000,0.000,,,,,NVIDIA A100-SXM4-40GB MIG 4g.20gb (0),1,,13,cupy_copy__float32_float32
3970631538,2944,239368,103,1,1,128,1,1,16,0.000,0.000,,,,,NVIDIA A100-SXM4-40GB MIG 4g.20gb (0),1,,13,cupy_copy__complex64_complex64
3970636786,12000,239378,1434,1,1,128,1,1,16,0.000,0.000,,,,,NVIDIA A100-SXM4-40GB MIG 4g.20gb (0),1,,13,cupy_copy__complex64_complex64
3970650578,82111,239383,1,1,1,32,32,1,30,0.000,0.000,,,,,NVIDIA A100-SXM4-40GB MIG 4g.20gb (0),1,,13,"void convert_kernel<__half2, float2>(tensor_layout_any, T1 *, tensor_layout_any, const T2 *)"
3970760144,5664,239386,,,,,,,,,,0.094,16542.310,Pinned,Device,NVIDIA A100-SXM4-40GB MIG 4g.20gb (0),1,,13,[CUDA memcpy Host-to-Device]
3970769968,602425,239387,,,,,,,,,,456.561,757435.429,Device,,NVIDIA A100-SXM4-40GB MIG 4g.20gb (0),1,,13,[CUDA memset]
3971379273,135166,239392,,,,,,,,,,1.235,9136.116,Pinned,Device,NVIDIA A100-SXM4-40GB MIG 4g.20gb (0),1,,13,[CUDA memcpy Host-to-Device]
3971529127,37663,239393,,,,,,,,,,0.197,5220.139,Pinned,Device,NVIDIA A100-SXM4-40GB MIG 4g.20gb (0),1,,13,[CUDA memcpy Host-to-Device]
3971591942,7968,239394,69,4,1,48,1,1,76,0.002,0.000,,,,,NVIDIA A100-SXM4-40GB MIG 4g.20gb (0),1,,13,"void ch_est::windowedChEstPreNoDftSOfdmKernel<float, __half, float, (unsigned int)2, (unsigned int)1, (unsigned short)4>(ch_est::puschRxChEstStatDescr_t *, ch_est::puschRxChEstDynDescr_t *)"
3971611654,6592,239395,137,2,1,24,2,1,44,0.001,0.001,,,,,NVIDIA A100-SXM4-40GB MIG 4g.20gb (0),1,,13,"void ch_est::chEstFilterNoDftSOfdmDispatchKernel<float, __half, float, (unsigned int)2>(ch_est::puschRxChEstStatDescr_t *, ch_est::puschRxChEstDynDescr_t *)"
3971628646,4864,239396,137,2,1,24,2,1,44,0.001,0.001,,,,,NVIDIA A100-SXM4-40GB MIG 4g.20gb (0),1,,13,"void ch_est::chEstFilterNoDftSOfdmDispatchKernel<float, __half, float, (unsigned int)2>(ch_est::puschRxChEstStatDescr_t *, ch_est::puschRxChEstDynDescr_t *)"
3971644965,2656,239407,103,1,1,128,1,1,16,0.000,0.000,,,,,NVIDIA A100-SXM4-40GB MIG 4g.20gb (0),1,,13,cupy_copy__complex64_complex64
3971658821,12672,239417,1434,1,1,128,1,1,16,0.000,0.000,,,,,NVIDIA A100-SXM4-40GB MIG 4g.20gb (0),1,,13,cupy_copy__complex64_complex64
3971676997,2880,239424,103,1,1,128,1,1,16,0.000,0.000,,,,,NVIDIA A100-SXM4-40GB MIG 4g.20gb (0),1,,13,cupy_copy__complex64_complex64
3971698149,87135,239431,1,1,1,32,32,1,30,0.000,0.000,,,,,NVIDIA A100-SXM4-40GB MIG 4g.20gb (0),1,,13,"void convert_kernel<__half2, float2>(tensor_layout_any, T1 *, tensor_layout_any, const T2 *)"
3971814787,18304,239434,,,,,,,,,,0.094,5118.800,Pinned,Device,NVIDIA A100-SXM4-40GB MIG 4g.20gb (0),1,,13,[CUDA memcpy Host-to-Device]
3971838307,48127,239435,,,,,,,,,,35.810,744058.518,Device,,NVIDIA A100-SXM4-40GB MIG 4g.20gb (0),1,,13,[CUDA memset]
3971893250,4224,239437,,,,,,,,,,0.000,18.939,Pinned,Device,NVIDIA A100-SXM4-40GB MIG 4g.20gb (0),1,,13,[CUDA memcpy Host-to-Device]
3971906530,19712,239438,,,,,,,,,,0.197,9973.924,Pinned,Device,NVIDIA A100-SXM4-40GB MIG 4g.20gb (0),1,,13,[CUDA memcpy Host-to-Device]
3971939170,9760,239439,273,1,1,48,1,1,40,0.000,0.001,,,,,NVIDIA A100-SXM4-40GB MIG 4g.20gb (0),1,,13,"void pusch_noise_intf_est::noiseIntfEstNoDftSOfdmKernel<float, __half, float, float, (unsigned int)2, (unsigned int)1, (unsigned char)4, (unsigned char)4>(pusch_noise_intf_est::puschRxNoiseIntfEstDynDescr)"
3971960929,2752,239450,35,1,1,128,1,1,16,0.000,0.000,,,,,NVIDIA A100-SXM4-40GB MIG 4g.20gb (0),1,,13,cupy_copy__complex64_complex64
3971972961,1824,239459,1,1,1,1,1,1,18,0.000,0.000,,,,,NVIDIA A100-SXM4-40GB MIG 4g.20gb (0),1,,13,cupy_copy__float32_float32
3971978241,3904,239465,,,,,,,,,,0.000,1.025,Device,Pageable,NVIDIA A100-SXM4-40GB MIG 4g.20gb (0),1,,7,[CUDA memcpy Device-to-Host]
3972055584,13312,239476,1434,1,1,128,1,1,16,0.000,0.000,,,,,NVIDIA A100-SXM4-40GB MIG 4g.20gb (0),1,,13,cupy_copy__complex64_complex64
3972085184,3648,239483,103,1,1,128,1,1,16,0.000,0.000,,,,,NVIDIA A100-SXM4-40GB MIG 4g.20gb (0),1,,13,cupy_copy__complex64_complex64
3972104000,2304,239490,35,1,1,128,1,1,16,0.000,0.000,,,,,NVIDIA A100-SXM4-40GB MIG 4g.20gb (0),1,,13,cupy_copy__complex64_complex64
3972124447,1792,239497,1,1,1,1,1,1,18,0.000,0.000,,,,,NVIDIA A100-SXM4-40GB MIG 4g.20gb (0),1,,13,cupy_copy__float32_float32
3972254302,87839,239508,1,1,1,32,32,1,30,0.000,0.000,,,,,NVIDIA A100-SXM4-40GB MIG 4g.20gb (0),1,,13,"void convert_kernel<__half2, float2>(tensor_layout_any, T1 *, tensor_layout_any, const T2 *)"
3972370556,5632,239511,,,,,,,,,,0.094,16636.287,Pinned,Device,NVIDIA A100-SXM4-40GB MIG 4g.20gb (0),1,,13,[CUDA memcpy Host-to-Device]
3972385180,3360,239512,,,,,,,,,,1.547,460304.688,Device,,NVIDIA A100-SXM4-40GB MIG 4g.20gb (0),1,,13,[CUDA memset]
3972391260,3392,239517,,,,,,,,,,0.031,9226.405,Pinned,Device,NVIDIA A100-SXM4-40GB MIG 4g.20gb (0),1,,13,[CUDA memcpy Host-to-Device]
3972397596,9376,239518,,,,,,,,,,0.197,20969.226,Pinned,Device,NVIDIA A100-SXM4-40GB MIG 4g.20gb (0),1,,13,[CUDA memcpy Host-to-Device]
3972412796,6304,239519,273,1,1,8,4,1,39,0.002,0.000,,,,,NVIDIA A100-SXM4-40GB MIG 4g.20gb (0),1,,13,"void channel_eq::eqMmseCoefCompLowMimoKernel<float, float, float, (unsigned int)4, (unsigned int)1, (unsigned int)4>(const channel_eq::_puschRxChEqStatDescr *, channel_eq::_puschRxChEqCoefCompDynDescr)"
3972420156,8352,239520,273,1,1,12,11,1,51,0.002,0.000,,,,,NVIDIA A100-SXM4-40GB MIG 4g.20gb (0),1,,13,"void channel_eq::eqMmseSoftDemapKernel<float, __half, __half, float, (unsigned int)4, (unsigned short)16383>(channel_eq::_puschRxChEqStatDescr *, channel_eq::_puschRxChEqSoftDemapDynDescr)"
3972429468,282908,239521,1,1,1,32,32,1,30,0.000,0.000,,,,,NVIDIA A100-SXM4-40GB MIG 4g.20gb (0),1,,13,"void convert_kernel<float2, __half2>(tensor_layout_any, T1 *, tensor_layout_any, const T2 *)"
3972713496,10912,239533,2253,1,1,128,1,1,16,0.000,0.000,,,,,NVIDIA A100-SXM4-40GB MIG 4g.20gb (0),1,,13,cupy_copy__float16_float16
3972727352,3712,239542,282,1,1,128,1,1,16,0.000,0.000,,,,,NVIDIA A100-SXM4-40GB MIG 4g.20gb (0),1,,13,cupy_copy__complex64_complex64
3972732216,2496,239551,26,1,1,128,1,1,16,0.000,0.000,,,,,NVIDIA A100-SXM4-40GB MIG 4g.20gb (0),1,,13,cupy_copy__float32_float32
3972737624,3104,239560,103,1,1,128,1,1,16,0.000,0.000,,,,,NVIDIA A100-SXM4-40GB MIG 4g.20gb (0),1,,13,cupy_copy__complex64_complex64
3972744280,11840,239570,1434,1,1,128,1,1,16,0.000,0.000,,,,,NVIDIA A100-SXM4-40GB MIG 4g.20gb (0),1,,13,cupy_copy__complex64_complex64
3972760120,87519,239575,1,1,1,32,32,1,30,0.000,0.000,,,,,NVIDIA A100-SXM4-40GB MIG 4g.20gb (0),1,,13,"void convert_kernel<__half2, float2>(tensor_layout_any, T1 *, tensor_layout_any, const T2 *)"
3972874998,5888,239578,,,,,,,,,,0.094,15912.954,Pinned,Device,NVIDIA A100-SXM4-40GB MIG 4g.20gb (0),1,,13,[CUDA memcpy Host-to-Device]
3972886838,600441,239579,,,,,,,,,,456.561,760174.798,Device,,NVIDIA A100-SXM4-40GB MIG 4g.20gb (0),1,,13,[CUDA memset]
3973497263,124094,239584,,,,,,,,,,1.235,9951.179,Pinned,Device,NVIDIA A100-SXM4-40GB MIG 4g.20gb (0),1,,13,[CUDA memcpy Host-to-Device]
3973634029,42367,239585,,,,,,,,,,0.197,4640.539,Pinned,Device,NVIDIA A100-SXM4-40GB MIG 4g.20gb (0),1,,13,[CUDA memcpy Host-to-Device]
3973702060,8704,239586,69,4,1,48,1,1,76,0.002,0.000,,,,,NVIDIA A100-SXM4-40GB MIG 4g.20gb (0),1,,13,"void ch_est::windowedChEstPreNoDftSOfdmKernel<float, __half, float, (unsigned int)2, (unsigned int)1, (unsigned short)4>(ch_est::puschRxChEstStatDescr_t *, ch_est::puschRxChEstDynDescr_t *)"
3973717260,6688,239587,137,2,1,24,2,1,44,0.001,0.001,,,,,NVIDIA A100-SXM4-40GB MIG 4g.20gb (0),1,,13,"void ch_est::chEstFilterNoDftSOfdmDispatchKernel<float, __half, float, (unsigned int)2>(ch_est::puschRxChEstStatDescr_t *, ch_est::puschRxChEstDynDescr_t *)"
3973733292,4768,239588,137,2,1,24,2,1,44,0.001,0.001,,,,,NVIDIA A100-SXM4-40GB MIG 4g.20gb (0),1,,13,"void ch_est::chEstFilterNoDftSOfdmDispatchKernel<float, __half, float, (unsigned int)2>(ch_est::puschRxChEstStatDescr_t *, ch_est::puschRxChEstDynDescr_t *)"
3973746411,2688,239599,103,1,1,128,1,1,16,0.000,0.000,,,,,NVIDIA A100-SXM4-40GB MIG 4g.20gb (0),1,,13,cupy_copy__complex64_complex64
3973759339,12640,239609,1434,1,1,128,1,1,16,0.000,0.000,,,,,NVIDIA A100-SXM4-40GB MIG 4g.20gb (0),1,,13,cupy_copy__complex64_complex64
3973780203,2528,239616,103,1,1,128,1,1,16,0.000,0.000,,,,,NVIDIA A100-SXM4-40GB MIG 4g.20gb (0),1,,13,cupy_copy__complex64_complex64
3973790763,83903,239623,1,1,1,32,32,1,30,0.000,0.000,,,,,NVIDIA A100-SXM4-40GB MIG 4g.20gb (0),1,,13,"void convert_kernel<__half2, float2>(tensor_layout_any, T1 *, tensor_layout_any, const T2 *)"
3973907081,16928,239626,,,,,,,,,,0.094,5534.904,Pinned,Device,NVIDIA A100-SXM4-40GB MIG 4g.20gb (0),1,,13,[CUDA memcpy Host-to-Device]
3973945001,46367,239627,,,,,,,,,,35.810,772312.545,Device,,NVIDIA A100-SXM4-40GB MIG 4g.20gb (0),1,,13,[CUDA memset]
3973995176,8544,239629,,,,,,,,,,0.000,9.363,Pinned,Device,NVIDIA A100-SXM4-40GB MIG 4g.20gb (0),1,,13,[CUDA memcpy Host-to-Device]
3974012104,28928,239630,,,,,,,,,,0.197,6796.345,Pinned,Device,NVIDIA A100-SXM4-40GB MIG 4g.20gb (0),1,,13,[CUDA memcpy Host-to-Device]
3974056808,9695,239631,273,1,1,48,1,1,40,0.000,0.001,,,,,NVIDIA A100-SXM4-40GB MIG 4g.20gb (0),1,,13,"void pusch_noise_intf_est::noiseIntfEstNoDftSOfdmKernel<float, __half, float, float, (unsigned int)2, (unsigned int)1, (unsigned char)4, (unsigned char)4>(pusch_noise_intf_est::puschRxNoiseIntfEstDynDescr)"
3974078567,2976,239642,35,1,1,128,1,1,16,0.000,0.000,,,,,NVIDIA A100-SXM4-40GB MIG 4g.20gb (0),1,,13,cupy_copy__complex64_complex64
3974087431,1856,239651,1,1,1,1,1,1,18,0.000,0.000,,,,,NVIDIA A100-SXM4-40GB MIG 4g.20gb (0),1,,13,cupy_copy__float32_float32
3974089831,4768,239657,,,,,,,,,,0.000,0.839,Device,Pageable,NVIDIA A100-SXM4-40GB MIG 4g.20gb (0),1,,7,[CUDA memcpy Device-to-Host]
3974170342,13248,239668,1434,1,1,128,1,1,16,0.000,0.000,,,,,NVIDIA A100-SXM4-40GB MIG 4g.20gb (0),1,,13,cupy_copy__complex64_complex64
3974199750,3488,239675,103,1,1,128,1,1,16,0.000,0.000,,,,,NVIDIA A100-SXM4-40GB MIG 4g.20gb (0),1,,13,cupy_copy__complex64_complex64
3974217702,2464,239682,35,1,1,128,1,1,16,0.000,0.000,,,,,NVIDIA A100-SXM4-40GB MIG 4g.20gb (0),1,,13,cupy_copy__complex64_complex64
3974235717,2048,239689,1,1,1,1,1,1,18,0.000,0.000,,,,,NVIDIA A100-SXM4-40GB MIG 4g.20gb (0),1,,13,cupy_copy__float32_float32
3974361380,87903,239700,1,1,1,32,32,1,30,0.000,0.000,,,,,NVIDIA A100-SXM4-40GB MIG 4g.20gb (0),1,,13,"void convert_kernel<__half2, float2>(tensor_layout_any, T1 *, tensor_layout_any, const T2 *)"
3974476802,5408,239703,,,,,,,,,,0.094,17325.421,Pinned,Device,NVIDIA A100-SXM4-40GB MIG 4g.20gb (0),1,,13,[CUDA memcpy Host-to-Device]
3974491106,3392,239704,,,,,,,,,,1.547,455961.768,Device,,NVIDIA A100-SXM4-40GB MIG 4g.20gb (0),1,,13,[CUDA memset]
3974498114,3552,239709,,,,,,,,,,0.031,8810.794,Pinned,Device,NVIDIA A100-SXM4-40GB MIG 4g.20gb (0),1,,13,[CUDA memcpy Host-to-Device]
3974504066,9856,239710,,,,,,,,,,0.197,19948.044,Pinned,Device,NVIDIA A100-SXM4-40GB MIG 4g.20gb (0),1,,13,[CUDA memcpy Host-to-Device]
3974520290,6240,239711,273,1,1,8,4,1,39,0.002,0.000,,,,,NVIDIA A100-SXM4-40GB MIG 4g.20gb (0),1,,13,"void channel_eq::eqMmseCoefCompLowMimoKernel<float, float, float, (unsigned int)4, (unsigned int)1, (unsigned int)4>(const channel_eq::_puschRxChEqStatDescr *, channel_eq::_puschRxChEqCoefCompDynDescr)"
3974527586,7264,239712,273,1,1,12,11,1,51,0.002,0.000,,,,,NVIDIA A100-SXM4-40GB MIG 4g.20gb (0),1,,13,"void channel_eq::eqMmseSoftDemapKernel<float, __half, __half, float, (unsigned int)4, (unsigned short)16383>(channel_eq::_puschRxChEqStatDescr *, channel_eq::_puschRxChEqSoftDemapDynDescr)"
3974535842,281980,239713,1,1,1,32,32,1,30,0.000,0.000,,,,,NVIDIA A100-SXM4-40GB MIG 4g.20gb (0),1,,13,"void convert_kernel<float2, __half2>(tensor_layout_any, T1 *, tensor_layout_any, const T2 *)"
3974820446,10912,239725,2253,1,1,128,1,1,16,0.000,0.000,,,,,NVIDIA A100-SXM4-40GB MIG 4g.20gb (0),1,,13,cupy_copy__float16_float16
3974837534,3296,239734,282,1,1,128,1,1,16,0.000,0.000,,,,,NVIDIA A100-SXM4-40GB MIG 4g.20gb (0),1,,13,cupy_copy__complex64_complex64
3974843870,2016,239743,26,1,1,128,1,1,16,0.000,0.000,,,,,NVIDIA A100-SXM4-40GB MIG 4g.20gb (0),1,,13,cupy_copy__float32_float32
3974846846,2784,239752,103,1,1,128,1,1,16,0.000,0.000,,,,,NVIDIA A100-SXM4-40GB MIG 4g.20gb (0),1,,13,cupy_copy__complex64_complex64
3974850558,12160,239762,1434,1,1,128,1,1,16,0.000,0.000,,,,,NVIDIA A100-SXM4-40GB MIG 4g.20gb (0),1,,13,cupy_copy__complex64_complex64
3974876381,81503,239767,1,1,1,32,32,1,30,0.000,0.000,,,,,NVIDIA A100-SXM4-40GB MIG 4g.20gb (0),1,,13,"void convert_kernel<__half2, float2>(tensor_layout_any, T1 *, tensor_layout_any, const T2 *)"
3974985084,5728,239770,,,,,,,,,,0.094,16357.541,Pinned,Device,NVIDIA A100-SXM4-40GB MIG 4g.20gb (0),1,,13,[CUDA memcpy Host-to-Device]
3974994684,598713,239771,,,,,,,,,,456.561,762457.605,Device,,NVIDIA A100-SXM4-40GB MIG 4g.20gb (0),1,,13,[CUDA memset]
3975598037,103614,239776,,,,,,,,,,1.235,11918.445,Pinned,Device,NVIDIA A100-SXM4-40GB MIG 4g.20gb (0),1,,13,[CUDA memcpy Host-to-Device]
3975713043,28992,239777,,,,,,,,,,0.197,6781.403,Pinned,Device,NVIDIA A100-SXM4-40GB MIG 4g.20gb (0),1,,13,[CUDA memcpy Host-to-Device]
3975757363,8383,239778,69,4,1,48,1,1,76,0.002,0.000,,,,,NVIDIA A100-SXM4-40GB MIG 4g.20gb (0),1,,13,"void ch_est::windowedChEstPreNoDftSOfdmKernel<float, __half, float, (unsigned int)2, (unsigned int)1, (unsigned short)4>(ch_est::puschRxChEstStatDescr_t *, ch_est::puschRxChEstDynDescr_t *)"
3975771602,6848,239779,137,2,1,24,2,1,44,0.001,0.001,,,,,NVIDIA A100-SXM4-40GB MIG 4g.20gb (0),1,,13,"void ch_est::chEstFilterNoDftSOfdmDispatchKernel<float, __half, float, (unsigned int)2>(ch_est::puschRxChEstStatDescr_t *, ch_est::puschRxChEstDynDescr_t *)"
3975787090,5344,239780,137,2,1,24,2,1,44,0.001,0.001,,,,,NVIDIA A100-SXM4-40GB MIG 4g.20gb (0),1,,13,"void ch_est::chEstFilterNoDftSOfdmDispatchKernel<float, __half, float, (unsigned int)2>(ch_est::puschRxChEstStatDescr_t *, ch_est::puschRxChEstDynDescr_t *)"
3975800114,3072,239791,103,1,1,128,1,1,16,0.000,0.000,,,,,NVIDIA A100-SXM4-40GB MIG 4g.20gb (0),1,,13,cupy_copy__complex64_complex64
3975815026,12736,239801,1434,1,1,128,1,1,16,0.000,0.000,,,,,NVIDIA A100-SXM4-40GB MIG 4g.20gb (0),1,,13,cupy_copy__complex64_complex64
3975835186,2592,239808,103,1,1,128,1,1,16,0.000,0.000,,,,,NVIDIA A100-SXM4-40GB MIG 4g.20gb (0),1,,13,cupy_copy__complex64_complex64
3975853361,87999,239815,1,1,1,32,32,1,30,0.000,0.000,,,,,NVIDIA A100-SXM4-40GB MIG 4g.20gb (0),1,,13,"void convert_kernel<__half2, float2>(tensor_layout_any, T1 *, tensor_layout_any, const T2 *)"
3975972368,21664,239818,,,,,,,,,,0.094,4324.914,Pinned,Device,NVIDIA A100-SXM4-40GB MIG 4g.20gb (0),1,,13,[CUDA memcpy Host-to-Device]
3976018031,46880,239819,,,,,,,,,,35.810,763861.404,Device,,NVIDIA A100-SXM4-40GB MIG 4g.20gb (0),1,,13,[CUDA memset]
3976069423,12640,239821,,,,,,,,,,0.000,6.329,Pinned,Device,NVIDIA A100-SXM4-40GB MIG 4g.20gb (0),1,,13,[CUDA memcpy Host-to-Device]
3976089870,22144,239822,,,,,,,,,,0.197,8878.424,Pinned,Device,NVIDIA A100-SXM4-40GB MIG 4g.20gb (0),1,,13,[CUDA memcpy Host-to-Device]
3976132430,9536,239823,273,1,1,48,1,1,40,0.000,0.001,,,,,NVIDIA A100-SXM4-40GB MIG 4g.20gb (0),1,,13,"void pusch_noise_intf_est::noiseIntfEstNoDftSOfdmKernel<float, __half, float, float, (unsigned int)2, (unsigned int)1, (unsigned char)4, (unsigned char)4>(pusch_noise_intf_est::puschRxNoiseIntfEstDynDescr)"
3976161390,2752,239834,35,1,1,128,1,1,16,0.000,0.000,,,,,NVIDIA A100-SXM4-40GB MIG 4g.20gb (0),1,,13,cupy_copy__complex64_complex64
3976175597,1696,239843,1,1,1,1,1,1,18,0.000,0.000,,,,,NVIDIA A100-SXM4-40GB MIG 4g.20gb (0),1,,13,cupy_copy__float32_float32
3976181389,7584,239849,,,,,,,,,,0.000,0.527,Device,Pageable,NVIDIA A100-SXM4-40GB MIG 4g.20gb (0),1,,7,[CUDA memcpy Device-to-Host]
3976261452,12736,239860,1434,1,1,128,1,1,16,0.000,0.000,,,,,NVIDIA A100-SXM4-40GB MIG 4g.20gb (0),1,,13,cupy_copy__complex64_complex64
3976299628,2816,239867,103,1,1,128,1,1,16,0.000,0.000,,,,,NVIDIA A100-SXM4-40GB MIG 4g.20gb (0),1,,13,cupy_copy__complex64_complex64
3976314028,2560,239874,35,1,1,128,1,1,16,0.000,0.000,,,,,NVIDIA A100-SXM4-40GB MIG 4g.20gb (0),1,,13,cupy_copy__complex64_complex64
3976327660,1759,239881,1,1,1,1,1,1,18,0.000,0.000,,,,,NVIDIA A100-SXM4-40GB MIG 4g.20gb (0),1,,13,cupy_copy__float32_float32
3976463338,82111,239892,1,1,1,32,32,1,30,0.000,0.000,,,,,NVIDIA A100-SXM4-40GB MIG 4g.20gb (0),1,,13,"void convert_kernel<__half2, float2>(tensor_layout_any, T1 *, tensor_layout_any, const T2 *)"
3976573512,6528,239895,,,,,,,,,,0.094,14352.915,Pinned,Device,NVIDIA A100-SXM4-40GB MIG 4g.20gb (0),1,,13,[CUDA memcpy Host-to-Device]
3976588392,3392,239896,,,,,,,,,,1.547,455961.768,Device,,NVIDIA A100-SXM4-40GB MIG 4g.20gb (0),1,,13,[CUDA memset]
3976594248,3008,239901,,,,,,,,,,0.031,10404.230,Pinned,Device,NVIDIA A100-SXM4-40GB MIG 4g.20gb (0),1,,13,[CUDA memcpy Host-to-Device]
3976600424,10400,239902,,,,,,,,,,0.197,18904.449,Pinned,Device,NVIDIA A100-SXM4-40GB MIG 4g.20gb (0),1,,13,[CUDA memcpy Host-to-Device]
3976617064,6304,239903,273,1,1,8,4,1,39,0.002,0.000,,,,,NVIDIA A100-SXM4-40GB MIG 4g.20gb (0),1,,13,"void channel_eq::eqMmseCoefCompLowMimoKernel<float, float, float, (unsigned int)4, (unsigned int)1, (unsigned int)4>(const channel_eq::_puschRxChEqStatDescr *, channel_eq::_puschRxChEqCoefCompDynDescr)"
3976625544,6304,239904,273,1,1,12,11,1,51,0.002,0.000,,,,,NVIDIA A100-SXM4-40GB MIG 4g.20gb (0),1,,13,"void channel_eq::eqMmseSoftDemapKernel<float, __half, __half, float, (unsigned int)4, (unsigned short)16383>(channel_eq::_puschRxChEqStatDescr *, channel_eq::_puschRxChEqSoftDemapDynDescr)"
3976633160,283260,239905,1,1,1,32,32,1,30,0.000,0.000,,,,,NVIDIA A100-SXM4-40GB MIG 4g.20gb (0),1,,13,"void convert_kernel<float2, __half2>(tensor_layout_any, T1 *, tensor_layout_any, const T2 *)"
3976919108,10624,239917,2253,1,1,128,1,1,16,0.000,0.000,,,,,NVIDIA A100-SXM4-40GB MIG 4g.20gb (0),1,,13,cupy_copy__float16_float16
3976931204,3008,239926,282,1,1,128,1,1,16,0.000,0.000,,,,,NVIDIA A100-SXM4-40GB MIG 4g.20gb (0),1,,13,cupy_copy__complex64_complex64
3976937124,2464,239935,26,1,1,128,1,1,16,0.000,0.000,,,,,NVIDIA A100-SXM4-40GB MIG 4g.20gb (0),1,,13,cupy_copy__float32_float32
3976941860,3712,239944,103,1,1,128,1,1,16,0.000,0.000,,,,,NVIDIA A100-SXM4-40GB MIG 4g.20gb (0),1,,13,cupy_copy__complex64_complex64
3976946628,12032,239954,1434,1,1,128,1,1,16,0.000,0.000,,,,,NVIDIA A100-SXM4-40GB MIG 4g.20gb (0),1,,13,cupy_copy__complex64_complex64
3976963716,82175,239959,1,1,1,32,32,1,30,0.000,0.000,,,,,NVIDIA A100-SXM4-40GB MIG 4g.20gb (0),1,,13,"void convert_kernel<__half2, float2>(tensor_layout_any, T1 *, tensor_layout_any, const T2 *)"
3977072482,5600,239962,,,,,,,,,,0.094,16731.388,Pinned,Device,NVIDIA A100-SXM4-40GB MIG 4g.20gb (0),1,,13,[CUDA memcpy Host-to-Device]
3977082818,598681,239963,,,,,,,,,,456.561,762457.605,Device,,NVIDIA A100-SXM4-40GB MIG 4g.20gb (0),1,,13,[CUDA memset]
3977685947,103614,239968,,,,,,,,,,1.235,11918.445,Pinned,Device,NVIDIA A100-SXM4-40GB MIG 4g.20gb (0),1,,13,[CUDA memcpy Host-to-Device]
3977799353,18976,239969,,,,,,,,,,0.197,10360.848,Pinned,Device,NVIDIA A100-SXM4-40GB MIG 4g.20gb (0),1,,13,[CUDA memcpy Host-to-Device]
3977827385,9056,239970,69,4,1,48,1,1,76,0.002,0.000,,,,,NVIDIA A100-SXM4-40GB MIG 4g.20gb (0),1,,13,"void ch_est::windowedChEstPreNoDftSOfdmKernel<float, __half, float, (unsigned int)2, (unsigned int)1, (unsigned short)4>(ch_est::puschRxChEstStatDescr_t *, ch_est::puschRxChEstDynDescr_t *)"
3977839065,7200,239971,137,2,1,24,2,1,44,0.001,0.001,,,,,NVIDIA A100-SXM4-40GB MIG 4g.20gb (0),1,,13,"void ch_est::chEstFilterNoDftSOfdmDispatchKernel<float, __half, float, (unsigned int)2>(ch_est::puschRxChEstStatDescr_t *, ch_est::puschRxChEstDynDescr_t *)"
3977850297,5280,239972,137,2,1,24,2,1,44,0.001,0.001,,,,,NVIDIA A100-SXM4-40GB MIG 4g.20gb (0),1,,13,"void ch_est::chEstFilterNoDftSOfdmDispatchKernel<float, __half, float, (unsigned int)2>(ch_est::puschRxChEstStatDescr_t *, ch_est::puschRxChEstDynDescr_t *)"
3977859513,2944,239983,103,1,1,128,1,1,16,0.000,0.000,,,,,NVIDIA A100-SXM4-40GB MIG 4g.20gb (0),1,,13,cupy_copy__complex64_complex64
3977870360,12736,239993,1434,1,1,128,1,1,16,0.000,0.000,,,,,NVIDIA A100-SXM4-40GB MIG 4g.20gb (0),1,,13,cupy_copy__complex64_complex64
3977889752,2816,240000,103,1,1,128,1,1,16,0.000,0.000,,,,,NVIDIA A100-SXM4-40GB MIG 4g.20gb (0),1,,13,cupy_copy__complex64_complex64
3977898712,87999,240007,1,1,1,32,32,1,30,0.000,0.000,,,,,NVIDIA A100-SXM4-40GB MIG 4g.20gb (0),1,,13,"void convert_kernel<__half2, float2>(tensor_layout_any, T1 *, tensor_layout_any, const T2 *)"
3978014871,12895,240010,,,,,,,,,,0.094,7266.031,Pinned,Device,NVIDIA A100-SXM4-40GB MIG 4g.20gb (0),1,,13,[CUDA memcpy Host-to-Device]
3978039510,47712,240011,,,,,,,,,,35.810,750540.113,Device,,NVIDIA A100-SXM4-40GB MIG 4g.20gb (0),1,,13,[CUDA memset]
3978088950,7936,240013,,,,,,,,,,0.000,10.081,Pinned,Device,NVIDIA A100-SXM4-40GB MIG 4g.20gb (0),1,,13,[CUDA memcpy Host-to-Device]
3978105110,23007,240014,,,,,,,,,,0.197,8545.567,Pinned,Device,NVIDIA A100-SXM4-40GB MIG 4g.20gb (0),1,,13,[CUDA memcpy Host-to-Device]
3978142549,9248,240015,273,1,1,48,1,1,40,0.000,0.001,,,,,NVIDIA A100-SXM4-40GB MIG 4g.20gb (0),1,,13,"void pusch_noise_intf_est::noiseIntfEstNoDftSOfdmKernel<float, __half, float, float, (unsigned int)2, (unsigned int)1, (unsigned char)4, (unsigned char)4>(pusch_noise_intf_est::puschRxNoiseIntfEstDynDescr)"
3978158517,2592,240026,35,1,1,128,1,1,16,0.000,0.000,,,,,NVIDIA A100-SXM4-40GB MIG 4g.20gb (0),1,,13,cupy_copy__complex64_complex64
3978167061,1664,240035,1,1,1,1,1,1,18,0.000,0.000,,,,,NVIDIA A100-SXM4-40GB MIG 4g.20gb (0),1,,13,cupy_copy__float32_float32
3978174357,4544,240041,,,,,,,,,,0.000,0.880,Device,Pageable,NVIDIA A100-SXM4-40GB MIG 4g.20gb (0),1,,7,[CUDA memcpy Device-to-Host]
3978257204,12927,240052,1434,1,1,128,1,1,16,0.000,0.000,,,,,NVIDIA A100-SXM4-40GB MIG 4g.20gb (0),1,,13,cupy_copy__complex64_complex64
3978281619,2656,240059,103,1,1,128,1,1,16,0.000,0.000,,,,,NVIDIA A100-SXM4-40GB MIG 4g.20gb (0),1,,13,cupy_copy__complex64_complex64
3978302707,2336,240066,35,1,1,128,1,1,16,0.000,0.000,,,,,NVIDIA A100-SXM4-40GB MIG 4g.20gb (0),1,,13,cupy_copy__complex64_complex64
3978324627,1824,240073,1,1,1,1,1,1,18,0.000,0.000,,,,,NVIDIA A100-SXM4-40GB MIG 4g.20gb (0),1,,13,cupy_copy__float32_float32
3978455089,87839,240084,1,1,1,32,32,1,30,0.000,0.000,,,,,NVIDIA A100-SXM4-40GB MIG 4g.20gb (0),1,,13,"void convert_kernel<__half2, float2>(tensor_layout_any, T1 *, tensor_layout_any, const T2 *)"
3978572016,5664,240087,,,,,,,,,,0.094,16542.310,Pinned,Device,NVIDIA A100-SXM4-40GB MIG 4g.20gb (0),1,,13,[CUDA memcpy Host-to-Device]
3978586160,3360,240088,,,,,,,,,,1.547,460304.688,Device,,NVIDIA A100-SXM4-40GB MIG 4g.20gb (0),1,,13,[CUDA memset]
3978592816,3167,240093,,,,,,,,,,0.031,9881.900,Pinned,Device,NVIDIA A100-SXM4-40GB MIG 4g.20gb (0),1,,13,[CUDA memcpy Host-to-Device]
3978598415,9536,240094,,,,,,,,,,0.197,20617.298,Pinned,Device,NVIDIA A100-SXM4-40GB MIG 4g.20gb (0),1,,13,[CUDA memcpy Host-to-Device]
3978616463,6080,240095,273,1,1,8,4,1,39,0.002,0.000,,,,,NVIDIA A100-SXM4-40GB MIG 4g.20gb (0),1,,13,"void channel_eq::eqMmseCoefCompLowMimoKernel<float, float, float, (unsigned int)4, (unsigned int)1, (unsigned int)4>(const channel_eq::_puschRxChEqStatDescr *, channel_eq::_puschRxChEqCoefCompDynDescr)"
3978624079,5504,240096,273,1,1,12,11,1,51,0.002,0.000,,,,,NVIDIA A100-SXM4-40GB MIG 4g.20gb (0),1,,13,"void channel_eq::eqMmseSoftDemapKernel<float, __half, __half, float, (unsigned int)4, (unsigned short)16383>(channel_eq::_puschRxChEqStatDescr *, channel_eq::_puschRxChEqSoftDemapDynDescr)"
3978630863,283005,240097,1,1,1,32,32,1,30,0.000,0.000,,,,,NVIDIA A100-SXM4-40GB MIG 4g.20gb (0),1,,13,"void convert_kernel<float2, __half2>(tensor_layout_any, T1 *, tensor_layout_any, const T2 *)"
3978916940,10975,240109,2253,1,1,128,1,1,16,0.000,0.000,,,,,NVIDIA A100-SXM4-40GB MIG 4g.20gb (0),1,,13,cupy_copy__float16_float16
3978929867,3168,240118,282,1,1,128,1,1,16,0.000,0.000,,,,,NVIDIA A100-SXM4-40GB MIG 4g.20gb (0),1,,13,cupy_copy__complex64_complex64
3978936555,2240,240127,26,1,1,128,1,1,16,0.000,0.000,,,,,NVIDIA A100-SXM4-40GB MIG 4g.20gb (0),1,,13,cupy_copy__float32_float32
3978940331,2880,240136,103,1,1,128,1,1,16,0.000,0.000,,,,,NVIDIA A100-SXM4-40GB MIG 4g.20gb (0),1,,13,cupy_copy__complex64_complex64
3978944779,12160,240146,1434,1,1,128,1,1,16,0.000,0.000,,,,,NVIDIA A100-SXM4-40GB MIG 4g.20gb (0),1,,13,cupy_copy__complex64_complex64
3978972971,81855,240151,1,1,1,32,32,1,30,0.000,0.000,,,,,NVIDIA A100-SXM4-40GB MIG 4g.20gb (0),1,,13,"void convert_kernel<__half2, float2>(tensor_layout_any, T1 *, tensor_layout_any, const T2 *)"
3979082537,5664,240154,,,,,,,,,,0.094,16542.310,Pinned,Device,NVIDIA A100-SXM4-40GB MIG 4g.20gb (0),1,,13,[CUDA memcpy Host-to-Device]
3979093321,598713,240155,,,,,,,,,,456.561,762457.605,Device,,NVIDIA A100-SXM4-40GB MIG 4g.20gb (0),1,,13,[CUDA memset]
3979700130,154686,240160,,,,,,,,,,1.235,7982.678,Pinned,Device,NVIDIA A100-SXM4-40GB MIG 4g.20gb (0),1,,13,[CUDA memcpy Host-to-Device]
3979866496,35775,240161,,,,,,,,,,0.197,5495.587,Pinned,Device,NVIDIA A100-SXM4-40GB MIG 4g.20gb (0),1,,13,[CUDA memcpy Host-to-Device]
3979924575,8480,240162,69,4,1,48,1,1,76,0.002,0.000,,,,,NVIDIA A100-SXM4-40GB MIG 4g.20gb (0),1,,13,"void ch_est::windowedChEstPreNoDftSOfdmKernel<float, __half, float, (unsigned int)2, (unsigned int)1, (unsigned short)4>(ch_est::puschRxChEstStatDescr_t *, ch_est::puschRxChEstDynDescr_t *)"
3979941311,6688,240163,137,2,1,24,2,1,44,0.001,0.001,,,,,NVIDIA A100-SXM4-40GB MIG 4g.20gb (0),1,,13,"void ch_est::chEstFilterNoDftSOfdmDispatchKernel<float, __half, float, (unsigned int)2>(ch_est::puschRxChEstStatDescr_t *, ch_est::puschRxChEstDynDescr_t *)"
3979952415,4768,240164,137,2,1,24,2,1,44,0.001,0.001,,,,,NVIDIA A100-SXM4-40GB MIG 4g.20gb (0),1,,13,"void ch_est::chEstFilterNoDftSOfdmDispatchKernel<float, __half, float, (unsigned int)2>(ch_est::puschRxChEstStatDescr_t *, ch_est::puschRxChEstDynDescr_t *)"
3979965311,2624,240175,103,1,1,128,1,1,16,0.000,0.000,,,,,NVIDIA A100-SXM4-40GB MIG 4g.20gb (0),1,,13,cupy_copy__complex64_complex64
3979974302,12896,240185,1434,1,1,128,1,1,16,0.000,0.000,,,,,NVIDIA A100-SXM4-40GB MIG 4g.20gb (0),1,,13,cupy_copy__complex64_complex64
3979995838,2752,240192,103,1,1,128,1,1,16,0.000,0.000,,,,,NVIDIA A100-SXM4-40GB MIG 4g.20gb (0),1,,13,cupy_copy__complex64_complex64
3980008862,84575,240199,1,1,1,32,32,1,30,0.000,0.000,,,,,NVIDIA A100-SXM4-40GB MIG 4g.20gb (0),1,,13,"void convert_kernel<__half2, float2>(tensor_layout_any, T1 *, tensor_layout_any, const T2 *)"
3980120157,5792,240202,,,,,,,,,,0.094,16176.708,Pinned,Device,NVIDIA A100-SXM4-40GB MIG 4g.20gb (0),1,,13,[CUDA memcpy Host-to-Device]
3980133468,47296,240203,,,,,,,,,,35.810,757129.139,Device,,NVIDIA A100-SXM4-40GB MIG 4g.20gb (0),1,,13,[CUDA memset]
3980188252,2112,240205,,,,,,,,,,0.000,37.879,Pinned,Device,NVIDIA A100-SXM4-40GB MIG 4g.20gb (0),1,,13,[CUDA memcpy Host-to-Device]
3980194428,10208,240206,,,,,,,,,,0.197,19260.113,Pinned,Device,NVIDIA A100-SXM4-40GB MIG 4g.20gb (0),1,,13,[CUDA memcpy Host-to-Device]
3980212731,10624,240207,273,1,1,48,1,1,40,0.000,0.001,,,,,NVIDIA A100-SXM4-40GB MIG 4g.20gb (0),1,,13,"void pusch_noise_intf_est::noiseIntfEstNoDftSOfdmKernel<float, __half, float, float, (unsigned int)2, (unsigned int)1, (unsigned char)4, (unsigned char)4>(pusch_noise_intf_est::puschRxNoiseIntfEstDynDescr)"
3980227483,3072,240218,35,1,1,128,1,1,16,0.000,0.000,,,,,NVIDIA A100-SXM4-40GB MIG 4g.20gb (0),1,,13,cupy_copy__complex64_complex64
3980242299,1920,240227,1,1,1,1,1,1,18,0.000,0.000,,,,,NVIDIA A100-SXM4-40GB MIG 4g.20gb (0),1,,13,cupy_copy__float32_float32
3980274523,1568,240233,,,,,,,,,,0.000,2.551,Device,Pageable,NVIDIA A100-SXM4-40GB MIG 4g.20gb (0),1,,7,[CUDA memcpy Device-to-Host]
3980335066,13216,240244,1434,1,1,128,1,1,16,0.000,0.000,,,,,NVIDIA A100-SXM4-40GB MIG 4g.20gb (0),1,,13,cupy_copy__complex64_complex64
3980362746,3424,240251,103,1,1,128,1,1,16,0.000,0.000,,,,,NVIDIA A100-SXM4-40GB MIG 4g.20gb (0),1,,13,cupy_copy__complex64_complex64
3980383993,2560,240258,35,1,1,128,1,1,16,0.000,0.000,,,,,NVIDIA A100-SXM4-40GB MIG 4g.20gb (0),1,,13,cupy_copy__complex64_complex64
3980400665,1760,240265,1,1,1,1,1,1,18,0.000,0.000,,,,,NVIDIA A100-SXM4-40GB MIG 4g.20gb (0),1,,13,cupy_copy__float32_float32
3980539319,83071,240276,1,1,1,32,32,1,30,0.000,0.000,,,,,NVIDIA A100-SXM4-40GB MIG 4g.20gb (0),1,,13,"void convert_kernel<__half2, float2>(tensor_layout_any, T1 *, tensor_layout_any, const T2 *)"
3980651894,5952,240279,,,,,,,,,,0.094,15741.865,Pinned,Device,NVIDIA A100-SXM4-40GB MIG 4g.20gb (0),1,,13,[CUDA memcpy Host-to-Device]
3980668438,3232,240280,,,,,,,,,,1.547,478533.199,Device,,NVIDIA A100-SXM4-40GB MIG 4g.20gb (0),1,,13,[CUDA memset]
3980674614,3104,240285,,,,,,,,,,0.031,10082.445,Pinned,Device,NVIDIA A100-SXM4-40GB MIG 4g.20gb (0),1,,13,[CUDA memcpy Host-to-Device]
3980680566,10048,240286,,,,,,,,,,0.197,19566.821,Pinned,Device,NVIDIA A100-SXM4-40GB MIG 4g.20gb (0),1,,13,[CUDA memcpy Host-to-Device]
3980695254,8255,240287,273,1,1,8,4,1,39,0.002,0.000,,,,,NVIDIA A100-SXM4-40GB MIG 4g.20gb (0),1,,13,"void channel_eq::eqMmseCoefCompLowMimoKernel<float, float, float, (unsigned int)4, (unsigned int)1, (unsigned int)4>(const channel_eq::_puschRxChEqStatDescr *, channel_eq::_puschRxChEqCoefCompDynDescr)"
3980704597,7712,240288,273,1,1,12,11,1,51,0.002,0.000,,,,,NVIDIA A100-SXM4-40GB MIG 4g.20gb (0),1,,13,"void channel_eq::eqMmseSoftDemapKernel<float, __half, __half, float, (unsigned int)4, (unsigned short)16383>(channel_eq::_puschRxChEqStatDescr *, channel_eq::_puschRxChEqSoftDemapDynDescr)"
3980713269,282973,240289,1,1,1,32,32,1,30,0.000,0.000,,,,,NVIDIA A100-SXM4-40GB MIG 4g.20gb (0),1,,13,"void convert_kernel<float2, __half2>(tensor_layout_any, T1 *, tensor_layout_any, const T2 *)"
3980997394,10560,240301,2253,1,1,128,1,1,16,0.000,0.000,,,,,NVIDIA A100-SXM4-40GB MIG 4g.20gb (0),1,,13,cupy_copy__float16_float16
3981010290,3360,240310,282,1,1,128,1,1,16,0.000,0.000,,,,,NVIDIA A100-SXM4-40GB MIG 4g.20gb (0),1,,13,cupy_copy__complex64_complex64
3981014770,2016,240319,26,1,1,128,1,1,16,0.000,0.000,,,,,NVIDIA A100-SXM4-40GB MIG 4g.20gb (0),1,,13,cupy_copy__float32_float32
3981019602,3103,240328,103,1,1,128,1,1,16,0.000,0.000,,,,,NVIDIA A100-SXM4-40GB MIG 4g.20gb (0),1,,13,cupy_copy__complex64_complex64
3981026257,12352,240338,1434,1,1,128,1,1,16,0.000,0.000,,,,,NVIDIA A100-SXM4-40GB MIG 4g.20gb (0),1,,13,cupy_copy__complex64_complex64
3981048945,88159,240343,1,1,1,32,32,1,30,0.000,0.000,,,,,NVIDIA A100-SXM4-40GB MIG 4g.20gb (0),1,,13,"void convert_kernel<__half2, float2>(tensor_layout_any, T1 *, tensor_layout_any, const T2 *)"
3981164592,5408,240346,,,,,,,,,,0.094,17325.421,Pinned,Device,NVIDIA A100-SXM4-40GB MIG 4g.20gb (0),1,,13,[CUDA memcpy Host-to-Device]
3981173936,598616,240347,,,,,,,,,,456.561,762457.605,Device,,NVIDIA A100-SXM4-40GB MIG 4g.20gb (0),1,,13,[CUDA memset]
3981774888,137694,240352,,,,,,,,,,1.235,8968.163,Pinned,Device,NVIDIA A100-SXM4-40GB MIG 4g.20gb (0),1,,13,[CUDA memcpy Host-to-Device]
3981923462,35904,240353,,,,,,,,,,0.197,5475.926,Pinned,Device,NVIDIA A100-SXM4-40GB MIG 4g.20gb (0),1,,13,[CUDA memcpy Host-to-Device]
3981985318,8287,240354,69,4,1,48,1,1,76,0.002,0.000,,,,,NVIDIA A100-SXM4-40GB MIG 4g.20gb (0),1,,13,"void ch_est::windowedChEstPreNoDftSOfdmKernel<float, __half, float, (unsigned int)2, (unsigned int)1, (unsigned short)4>(ch_est::puschRxChEstStatDescr_t *, ch_est::puschRxChEstDynDescr_t *)"
3982002597,6880,240355,137,2,1,24,2,1,44,0.001,0.001,,,,,NVIDIA A100-SXM4-40GB MIG 4g.20gb (0),1,,13,"void ch_est::chEstFilterNoDftSOfdmDispatchKernel<float, __half, float, (unsigned int)2>(ch_est::puschRxChEstStatDescr_t *, ch_est::puschRxChEstDynDescr_t *)"
3982022693,4704,240356,137,2,1,24,2,1,44,0.001,0.001,,,,,NVIDIA A100-SXM4-40GB MIG 4g.20gb (0),1,,13,"void ch_est::chEstFilterNoDftSOfdmDispatchKernel<float, __half, float, (unsigned int)2>(ch_est::puschRxChEstStatDescr_t *, ch_est::puschRxChEstDynDescr_t *)"
3982039429,2688,240367,103,1,1,128,1,1,16,0.000,0.000,,,,,NVIDIA A100-SXM4-40GB MIG 4g.20gb (0),1,,13,cupy_copy__complex64_complex64
3982056709,12352,240377,1434,1,1,128,1,1,16,0.000,0.000,,,,,NVIDIA A100-SXM4-40GB MIG 4g.20gb (0),1,,13,cupy_copy__complex64_complex64
3982075108,2912,240384,103,1,1,128,1,1,16,0.000,0.000,,,,,NVIDIA A100-SXM4-40GB MIG 4g.20gb (0),1,,13,cupy_copy__complex64_complex64
3982100932,94015,240391,1,1,1,32,32,1,30,0.000,0.000,,,,,NVIDIA A100-SXM4-40GB MIG 4g.20gb (0),1,,13,"void convert_kernel<__half2, float2>(tensor_layout_any, T1 *, tensor_layout_any, const T2 *)"
3982225507,28031,240394,,,,,,,,,,0.094,3342.511,Pinned,Device,NVIDIA A100-SXM4-40GB MIG 4g.20gb (0),1,,13,[CUDA memcpy Host-to-Device]
3982271362,47103,240395,,,,,,,,,,35.810,760244.602,Device,,NVIDIA A100-SXM4-40GB MIG 4g.20gb (0),1,,13,[CUDA memset]
3982321633,12672,240397,,,,,,,,,,0.000,6.313,Pinned,Device,NVIDIA A100-SXM4-40GB MIG 4g.20gb (0),1,,13,[CUDA memcpy Host-to-Device]
3982342753,14560,240398,,,,,,,,,,0.197,13503.234,Pinned,Device,NVIDIA A100-SXM4-40GB MIG 4g.20gb (0),1,,13,[CUDA memcpy Host-to-Device]
3982369473,10688,240399,273,1,1,48,1,1,40,0.000,0.001,,,,,NVIDIA A100-SXM4-40GB MIG 4g.20gb (0),1,,13,"void pusch_noise_intf_est::noiseIntfEstNoDftSOfdmKernel<float, __half, float, float, (unsigned int)2, (unsigned int)1, (unsigned char)4, (unsigned char)4>(pusch_noise_intf_est::puschRxNoiseIntfEstDynDescr)"
3982383425,3200,240410,35,1,1,128,1,1,16,0.000,0.000,,,,,NVIDIA A100-SXM4-40GB MIG 4g.20gb (0),1,,13,cupy_copy__complex64_complex64
3982390497,1920,240419,1,1,1,1,1,1,18,0.000,0.000,,,,,NVIDIA A100-SXM4-40GB MIG 4g.20gb (0),1,,13,cupy_copy__float32_float32
3982400064,4864,240425,,,,,,,,,,0.000,0.822,Device,Pageable,NVIDIA A100-SXM4-40GB MIG 4g.20gb (0),1,,7,[CUDA memcpy Device-to-Host]
3982466528,13055,240436,1434,1,1,128,1,1,16,0.000,0.000,,,,,NVIDIA A100-SXM4-40GB MIG 4g.20gb (0),1,,13,cupy_copy__complex64_complex64
3982493439,3520,240443,103,1,1,128,1,1,16,0.000,0.000,,,,,NVIDIA A100-SXM4-40GB MIG 4g.20gb (0),1,,13,cupy_copy__complex64_complex64
3982514463,2496,240450,35,1,1,128,1,1,16,0.000,0.000,,,,,NVIDIA A100-SXM4-40GB MIG 4g.20gb (0),1,,13,cupy_copy__complex64_complex64
3982532575,1920,240457,1,1,1,1,1,1,18,0.000,0.000,,,,,NVIDIA A100-SXM4-40GB MIG 4g.20gb (0),1,,13,cupy_copy__float32_float32
3982663741,87423,240468,1,1,1,32,32,1,30,0.000,0.000,,,,,NVIDIA A100-SXM4-40GB MIG 4g.20gb (0),1,,13,"void convert_kernel<__half2, float2>(tensor_layout_any, T1 *, tensor_layout_any, const T2 *)"
3982778300,5920,240471,,,,,,,,,,0.094,15826.941,Pinned,Device,NVIDIA A100-SXM4-40GB MIG 4g.20gb (0),1,,13,[CUDA memcpy Host-to-Device]
3982793916,3104,240472,,,,,,,,,,1.547,498266.574,Device,,NVIDIA A100-SXM4-40GB MIG 4g.20gb (0),1,,13,[CUDA memset]
3982800123,3168,240477,,,,,,,,,,0.031,9878.770,Pinned,Device,NVIDIA A100-SXM4-40GB MIG 4g.20gb (0),1,,13,[CUDA memcpy Host-to-Device]
3982805723,9568,240478,,,,,,,,,,0.197,20548.485,Pinned,Device,NVIDIA A100-SXM4-40GB MIG 4g.20gb (0),1,,13,[CUDA memcpy Host-to-Device]
3982821851,6496,240479,273,1,1,8,4,1,39,0.002,0.000,,,,,NVIDIA A100-SXM4-40GB MIG 4g.20gb (0),1,,13,"void channel_eq::eqMmseCoefCompLowMimoKernel<float, float, float, (unsigned int)4, (unsigned int)1, (unsigned int)4>(const channel_eq::_puschRxChEqStatDescr *, channel_eq::_puschRxChEqCoefCompDynDescr)"
3982831675,5312,240480,273,1,1,12,11,1,51,0.002,0.000,,,,,NVIDIA A100-SXM4-40GB MIG 4g.20gb (0),1,,13,"void channel_eq::eqMmseSoftDemapKernel<float, __half, __half, float, (unsigned int)4, (unsigned short)16383>(channel_eq::_puschRxChEqStatDescr *, channel_eq::_puschRxChEqSoftDemapDynDescr)"
3982840539,282301,240481,1,1,1,32,32,1,30,0.000,0.000,,,,,NVIDIA A100-SXM4-40GB MIG 4g.20gb (0),1,,13,"void convert_kernel<float2, __half2>(tensor_layout_any, T1 *, tensor_layout_any, const T2 *)"
3983123799,11104,240493,2253,1,1,128,1,1,16,0.000,0.000,,,,,NVIDIA A100-SXM4-40GB MIG 4g.20gb (0),1,,13,cupy_copy__float16_float16
3983140055,2816,240502,282,1,1,128,1,1,16,0.000,0.000,,,,,NVIDIA A100-SXM4-40GB MIG 4g.20gb (0),1,,13,cupy_copy__complex64_complex64
3983144919,2240,240511,26,1,1,128,1,1,16,0.000,0.000,,,,,NVIDIA A100-SXM4-40GB MIG 4g.20gb (0),1,,13,cupy_copy__float32_float32
3983150167,3104,240520,103,1,1,128,1,1,16,0.000,0.000,,,,,NVIDIA A100-SXM4-40GB MIG 4g.20gb (0),1,,13,cupy_copy__complex64_complex64
3983205046,12608,240536,1434,1,1,128,1,1,16,0.000,0.000,,,,,NVIDIA A100-SXM4-40GB MIG 4g.20gb (0),1,,13,cupy_copy__complex64_complex64
3983316693,87711,240541,1,1,1,32,32,1,30,0.000,0.000,,,,,NVIDIA A100-SXM4-40GB MIG 4g.20gb (0),1,,13,"void convert_kernel<__half2, float2>(tensor_layout_any, T1 *, tensor_layout_any, const T2 *)"
3983432148,5792,240544,,,,,,,,,,0.094,16176.708,Pinned,Device,NVIDIA A100-SXM4-40GB MIG 4g.20gb (0),1,,13,[CUDA memcpy Host-to-Device]
3983441812,599096,240545,,,,,,,,,,456.561,762001.043,Device,,NVIDIA A100-SXM4-40GB MIG 4g.20gb (0),1,,13,[CUDA memset]
3984043244,127295,240550,,,,,,,,,,1.235,9700.485,Pinned,Device,NVIDIA A100-SXM4-40GB MIG 4g.20gb (0),1,,13,[CUDA memcpy Host-to-Device]
3984183754,41088,240551,,,,,,,,,,0.197,4785.046,Pinned,Device,NVIDIA A100-SXM4-40GB MIG 4g.20gb (0),1,,13,[CUDA memcpy Host-to-Device]
3984242538,7744,240552,69,4,1,48,1,1,76,0.002,0.000,,,,,NVIDIA A100-SXM4-40GB MIG 4g.20gb (0),1,,13,"void ch_est::windowedChEstPreNoDftSOfdmKernel<float, __half, float, (unsigned int)2, (unsigned int)1, (unsigned short)4>(ch_est::puschRxChEstStatDescr_t *, ch_est::puschRxChEstDynDescr_t *)"
3984262153,7040,240553,137,2,1,24,2,1,44,0.001,0.001,,,,,NVIDIA A100-SXM4-40GB MIG 4g.20gb (0),1,,13,"void ch_est::chEstFilterNoDftSOfdmDispatchKernel<float, __half, float, (unsigned int)2>(ch_est::puschRxChEstStatDescr_t *, ch_est::puschRxChEstDynDescr_t *)"
3984279177,4736,240554,137,2,1,24,2,1,44,0.001,0.001,,,,,NVIDIA A100-SXM4-40GB MIG 4g.20gb (0),1,,13,"void ch_est::chEstFilterNoDftSOfdmDispatchKernel<float, __half, float, (unsigned int)2>(ch_est::puschRxChEstStatDescr_t *, ch_est::puschRxChEstDynDescr_t *)"
3984298569,2656,240565,103,1,1,128,1,1,16,0.000,0.000,,,,,NVIDIA A100-SXM4-40GB MIG 4g.20gb (0),1,,13,cupy_copy__complex64_complex64
3984315433,12768,240575,1434,1,1,128,1,1,16,0.000,0.000,,,,,NVIDIA A100-SXM4-40GB MIG 4g.20gb (0),1,,13,cupy_copy__complex64_complex64
3984334377,2943,240582,103,1,1,128,1,1,16,0.000,0.000,,,,,NVIDIA A100-SXM4-40GB MIG 4g.20gb (0),1,,13,cupy_copy__complex64_complex64
3984357992,96799,240589,1,1,1,32,32,1,30,0.000,0.000,,,,,NVIDIA A100-SXM4-40GB MIG 4g.20gb (0),1,,13,"void convert_kernel<__half2, float2>(tensor_layout_any, T1 *, tensor_layout_any, const T2 *)"
3984491271,27359,240592,,,,,,,,,,0.094,3424.682,Pinned,Device,NVIDIA A100-SXM4-40GB MIG 4g.20gb (0),1,,13,[CUDA memcpy Host-to-Device]
3984534886,47039,240593,,,,,,,,,,35.810,761247.279,Device,,NVIDIA A100-SXM4-40GB MIG 4g.20gb (0),1,,13,[CUDA memset]
3984589669,15168,240595,,,,,,,,,,0.000,5.274,Pinned,Device,NVIDIA A100-SXM4-40GB MIG 4g.20gb (0),1,,13,[CUDA memcpy Host-to-Device]
3984613093,28608,240596,,,,,,,,,,0.197,6872.433,Pinned,Device,NVIDIA A100-SXM4-40GB MIG 4g.20gb (0),1,,13,[CUDA memcpy Host-to-Device]
3984660229,9439,240597,273,1,1,48,1,1,40,0.000,0.001,,,,,NVIDIA A100-SXM4-40GB MIG 4g.20gb (0),1,,13,"void pusch_noise_intf_est::noiseIntfEstNoDftSOfdmKernel<float, __half, float, float, (unsigned int)2, (unsigned int)1, (unsigned char)4, (unsigned char)4>(pusch_noise_intf_est::puschRxNoiseIntfEstDynDescr)"
3984672964,2784,240608,35,1,1,128,1,1,16,0.000,0.000,,,,,NVIDIA A100-SXM4-40GB MIG 4g.20gb (0),1,,13,cupy_copy__complex64_complex64
3984687332,1664,240617,1,1,1,1,1,1,18,0.000,0.000,,,,,NVIDIA A100-SXM4-40GB MIG 4g.20gb (0),1,,13,cupy_copy__float32_float32
3984692068,4288,240623,,,,,,,,,,0.000,0.933,Device,Pageable,NVIDIA A100-SXM4-40GB MIG 4g.20gb (0),1,,7,[CUDA memcpy Device-to-Host]
3984771747,12928,240634,1434,1,1,128,1,1,16,0.000,0.000,,,,,NVIDIA A100-SXM4-40GB MIG 4g.20gb (0),1,,13,cupy_copy__complex64_complex64
3984802307,2880,240641,103,1,1,128,1,1,16,0.000,0.000,,,,,NVIDIA A100-SXM4-40GB MIG 4g.20gb (0),1,,13,cupy_copy__complex64_complex64
3984821795,2591,240648,35,1,1,128,1,1,16,0.000,0.000,,,,,NVIDIA A100-SXM4-40GB MIG 4g.20gb (0),1,,13,cupy_copy__complex64_complex64
3984836482,1728,240655,1,1,1,1,1,1,18,0.000,0.000,,,,,NVIDIA A100-SXM4-40GB MIG 4g.20gb (0),1,,13,cupy_copy__float32_float32
3984960929,82591,240666,1,1,1,32,32,1,30,0.000,0.000,,,,,NVIDIA A100-SXM4-40GB MIG 4g.20gb (0),1,,13,"void convert_kernel<__half2, float2>(tensor_layout_any, T1 *, tensor_layout_any, const T2 *)"
3985071871,5856,240669,,,,,,,,,,0.094,15999.997,Pinned,Device,NVIDIA A100-SXM4-40GB MIG 4g.20gb (0),1,,13,[CUDA memcpy Host-to-Device]
3985085663,3360,240670,,,,,,,,,,1.547,460304.688,Device,,NVIDIA A100-SXM4-40GB MIG 4g.20gb (0),1,,13,[CUDA memset]
3985092703,3840,240675,,,,,,,,,,0.031,8149.979,Pinned,Device,NVIDIA A100-SXM4-40GB MIG 4g.20gb (0),1,,13,[CUDA memcpy Host-to-Device]
3985099039,9856,240676,,,,,,,,,,0.197,19948.044,Pinned,Device,NVIDIA A100-SXM4-40GB MIG 4g.20gb (0),1,,13,[CUDA memcpy Host-to-Device]
3985114111,6784,240677,273,1,1,8,4,1,39,0.002,0.000,,,,,NVIDIA A100-SXM4-40GB MIG 4g.20gb (0),1,,13,"void channel_eq::eqMmseCoefCompLowMimoKernel<float, float, float, (unsigned int)4, (unsigned int)1, (unsigned int)4>(const channel_eq::_puschRxChEqStatDescr *, channel_eq::_puschRxChEqCoefCompDynDescr)"
3985121855,6464,240678,273,1,1,12,11,1,51,0.002,0.000,,,,,NVIDIA A100-SXM4-40GB MIG 4g.20gb (0),1,,13,"void channel_eq::eqMmseSoftDemapKernel<float, __half, __half, float, (unsigned int)4, (unsigned short)16383>(channel_eq::_puschRxChEqStatDescr *, channel_eq::_puschRxChEqSoftDemapDynDescr)"
3985131263,295100,240679,1,1,1,32,32,1,30,0.000,0.000,,,,,NVIDIA A100-SXM4-40GB MIG 4g.20gb (0),1,,13,"void convert_kernel<float2, __half2>(tensor_layout_any, T1 *, tensor_layout_any, const T2 *)"
3985427355,10944,240691,2253,1,1,128,1,1,16,0.000,0.000,,,,,NVIDIA A100-SXM4-40GB MIG 4g.20gb (0),1,,13,cupy_copy__float16_float16
3985443547,2880,240700,282,1,1,128,1,1,16,0.000,0.000,,,,,NVIDIA A100-SXM4-40GB MIG 4g.20gb (0),1,,13,cupy_copy__complex64_complex64
3985448859,2016,240709,26,1,1,128,1,1,16,0.000,0.000,,,,,NVIDIA A100-SXM4-40GB MIG 4g.20gb (0),1,,13,cupy_copy__float32_float32
3985454491,2880,240718,103,1,1,128,1,1,16,0.000,0.000,,,,,NVIDIA A100-SXM4-40GB MIG 4g.20gb (0),1,,13,cupy_copy__complex64_complex64
3985458523,11903,240728,1434,1,1,128,1,1,16,0.000,0.000,,,,,NVIDIA A100-SXM4-40GB MIG 4g.20gb (0),1,,13,cupy_copy__complex64_complex64
3985475066,82719,240733,1,1,1,32,32,1,30,0.000,0.000,,,,,NVIDIA A100-SXM4-40GB MIG 4g.20gb (0),1,,13,"void convert_kernel<__half2, float2>(tensor_layout_any, T1 *, tensor_layout_any, const T2 *)"
3985584537,5504,240736,,,,,,,,,,0.094,17023.251,Pinned,Device,NVIDIA A100-SXM4-40GB MIG 4g.20gb (0),1,,13,[CUDA memcpy Host-to-Device]
3985594297,600249,240737,,,,,,,,,,456.561,760174.798,Device,,NVIDIA A100-SXM4-40GB MIG 4g.20gb (0),1,,13,[CUDA memset]
3986202449,73664,240742,,,,,,,,,,1.235,16764.365,Pinned,Device,NVIDIA A100-SXM4-40GB MIG 4g.20gb (0),1,,13,[CUDA memcpy Host-to-Device]
3986281296,14880,240743,,,,,,,,,,0.197,13212.844,Pinned,Device,NVIDIA A100-SXM4-40GB MIG 4g.20gb (0),1,,13,[CUDA memcpy Host-to-Device]
3986307984,8064,240744,69,4,1,48,1,1,76,0.002,0.000,,,,,NVIDIA A100-SXM4-40GB MIG 4g.20gb (0),1,,13,"void ch_est::windowedChEstPreNoDftSOfdmKernel<float, __half, float, (unsigned int)2, (unsigned int)1, (unsigned short)4>(ch_est::puschRxChEstStatDescr_t *, ch_est::puschRxChEstDynDescr_t *)"
3986328688,6528,240745,137,2,1,24,2,1,44,0.001,0.001,,,,,NVIDIA A100-SXM4-40GB MIG 4g.20gb (0),1,,13,"void ch_est::chEstFilterNoDftSOfdmDispatchKernel<float, __half, float, (unsigned int)2>(ch_est::puschRxChEstStatDescr_t *, ch_est::puschRxChEstDynDescr_t *)"
3986337232,5024,240746,137,2,1,24,2,1,44,0.001,0.001,,,,,NVIDIA A100-SXM4-40GB MIG 4g.20gb (0),1,,13,"void ch_est::chEstFilterNoDftSOfdmDispatchKernel<float, __half, float, (unsigned int)2>(ch_est::puschRxChEstStatDescr_t *, ch_est::puschRxChEstDynDescr_t *)"
3986349584,2624,240757,103,1,1,128,1,1,16,0.000,0.000,,,,,NVIDIA A100-SXM4-40GB MIG 4g.20gb (0),1,,13,cupy_copy__complex64_complex64
3986358544,12575,240767,1434,1,1,128,1,1,16,0.000,0.000,,,,,NVIDIA A100-SXM4-40GB MIG 4g.20gb (0),1,,13,cupy_copy__complex64_complex64
3986382895,2496,240774,103,1,1,128,1,1,16,0.000,0.000,,,,,NVIDIA A100-SXM4-40GB MIG 4g.20gb (0),1,,13,cupy_copy__complex64_complex64
3986399631,85791,240781,1,1,1,32,32,1,30,0.000,0.000,,,,,NVIDIA A100-SXM4-40GB MIG 4g.20gb (0),1,,13,"void convert_kernel<__half2, float2>(tensor_layout_any, T1 *, tensor_layout_any, const T2 *)"
3986515022,15199,240784,,,,,,,,,,0.094,6164.541,Pinned,Device,NVIDIA A100-SXM4-40GB MIG 4g.20gb (0),1,,13,[CUDA memcpy Host-to-Device]
3986547917,47040,240785,,,,,,,,,,35.810,761247.279,Device,,NVIDIA A100-SXM4-40GB MIG 4g.20gb (0),1,,13,[CUDA memset]
3986598957,11199,240787,,,,,,,,,,0.000,7.143,Pinned,Device,NVIDIA A100-SXM4-40GB MIG 4g.20gb (0),1,,13,[CUDA memcpy Host-to-Device]
3986620748,22432,240788,,,,,,,,,,0.197,8764.588,Pinned,Device,NVIDIA A100-SXM4-40GB MIG 4g.20gb (0),1,,13,[CUDA memcpy Host-to-Device]
3986659500,9472,240789,273,1,1,48,1,1,40,0.000,0.001,,,,,NVIDIA A100-SXM4-40GB MIG 4g.20gb (0),1,,13,"void pusch_noise_intf_est::noiseIntfEstNoDftSOfdmKernel<float, __half, float, float, (unsigned int)2, (unsigned int)1, (unsigned char)4, (unsigned char)4>(pusch_noise_intf_est::puschRxNoiseIntfEstDynDescr)"
3986674380,2816,240800,35,1,1,128,1,1,16,0.000,0.000,,,,,NVIDIA A100-SXM4-40GB MIG 4g.20gb (0),1,,13,cupy_copy__complex64_complex64
3986690091,1760,240809,1,1,1,1,1,1,18,0.000,0.000,,,,,NVIDIA A100-SXM4-40GB MIG 4g.20gb (0),1,,13,cupy_copy__float32_float32
3986695691,6400,240815,,,,,,,,,,0.000,0.625,Device,Pageable,NVIDIA A100-SXM4-40GB MIG 4g.20gb (0),1,,7,[CUDA memcpy Device-to-Host]
3986793322,13088,240826,1434,1,1,128,1,1,16,0.000,0.000,,,,,NVIDIA A100-SXM4-40GB MIG 4g.20gb (0),1,,13,cupy_copy__complex64_complex64
3986820074,2848,240833,103,1,1,128,1,1,16,0.000,0.000,,,,,NVIDIA A100-SXM4-40GB MIG 4g.20gb (0),1,,13,cupy_copy__complex64_complex64
3986837674,2176,240840,35,1,1,128,1,1,16,0.000,0.000,,,,,NVIDIA A100-SXM4-40GB MIG 4g.20gb (0),1,,13,cupy_copy__complex64_complex64
3986841642,1728,240847,1,1,1,1,1,1,18,0.000,0.000,,,,,NVIDIA A100-SXM4-40GB MIG 4g.20gb (0),1,,13,cupy_copy__float32_float32
3986999016,89214,240858,1,1,1,32,32,1,30,0.000,0.000,,,,,NVIDIA A100-SXM4-40GB MIG 4g.20gb (0),1,,13,"void convert_kernel<__half2, float2>(tensor_layout_any, T1 *, tensor_layout_any, const T2 *)"
3987120198,14016,240861,,,,,,,,,,0.094,6684.929,Pinned,Device,NVIDIA A100-SXM4-40GB MIG 4g.20gb (0),1,,13,[CUDA memcpy Host-to-Device]
3987140998,3520,240862,,,,,,,,,,1.547,439380.412,Device,,NVIDIA A100-SXM4-40GB MIG 4g.20gb (0),1,,13,[CUDA memset]
3987148294,7168,240867,,,,,,,,,,0.031,4366.042,Pinned,Device,NVIDIA A100-SXM4-40GB MIG 4g.20gb (0),1,,13,[CUDA memcpy Host-to-Device]
3987158470,14111,240868,,,,,,,,,,0.197,13932.823,Pinned,Device,NVIDIA A100-SXM4-40GB MIG 4g.20gb (0),1,,13,[CUDA memcpy Host-to-Device]
3987189765,8192,240869,273,1,1,8,4,1,39,0.002,0.000,,,,,NVIDIA A100-SXM4-40GB MIG 4g.20gb (0),1,,13,"void channel_eq::eqMmseCoefCompLowMimoKernel<float, float, float, (unsigned int)4, (unsigned int)1, (unsigned int)4>(const channel_eq::_puschRxChEqStatDescr *, channel_eq::_puschRxChEqCoefCompDynDescr)"
3987204325,6976,240870,273,1,1,12,11,1,51,0.002,0.000,,,,,NVIDIA A100-SXM4-40GB MIG 4g.20gb (0),1,,13,"void channel_eq::eqMmseSoftDemapKernel<float, __half, __half, float, (unsigned int)4, (unsigned short)16383>(channel_eq::_puschRxChEqStatDescr *, channel_eq::_puschRxChEqSoftDemapDynDescr)"
3987219205,283260,240871,1,1,1,32,32,1,30,0.000,0.000,,,,,NVIDIA A100-SXM4-40GB MIG 4g.20gb (0),1,,13,"void convert_kernel<float2, __half2>(tensor_layout_any, T1 *, tensor_layout_any, const T2 *)"
3987505249,10912,240883,2253,1,1,128,1,1,16,0.000,0.000,,,,,NVIDIA A100-SXM4-40GB MIG 4g.20gb (0),1,,13,cupy_copy__float16_float16
3987517473,3008,240892,282,1,1,128,1,1,16,0.000,0.000,,,,,NVIDIA A100-SXM4-40GB MIG 4g.20gb (0),1,,13,cupy_copy__complex64_complex64
3987521537,2048,240901,26,1,1,128,1,1,16,0.000,0.000,,,,,NVIDIA A100-SXM4-40GB MIG 4g.20gb (0),1,,13,cupy_copy__float32_float32
3987526753,4896,240910,103,1,1,128,1,1,16,0.000,0.000,,,,,NVIDIA A100-SXM4-40GB MIG 4g.20gb (0),1,,13,cupy_copy__complex64_complex64
3987534273,12256,240920,1434,1,1,128,1,1,16,0.000,0.000,,,,,NVIDIA A100-SXM4-40GB MIG 4g.20gb (0),1,,13,cupy_copy__complex64_complex64
3987547745,82559,240925,1,1,1,32,32,1,30,0.000,0.000,,,,,NVIDIA A100-SXM4-40GB MIG 4g.20gb (0),1,,13,"void convert_kernel<__half2, float2>(tensor_layout_any, T1 *, tensor_layout_any, const T2 *)"
3987657791,5632,240928,,,,,,,,,,0.094,16636.287,Pinned,Device,NVIDIA A100-SXM4-40GB MIG 4g.20gb (0),1,,13,[CUDA memcpy Host-to-Device]
3987667199,597689,240929,,,,,,,,,,456.561,763827.289,Device,,NVIDIA A100-SXM4-40GB MIG 4g.20gb (0),1,,13,[CUDA memset]
3988271928,137278,240934,,,,,,,,,,1.235,8995.332,Pinned,Device,NVIDIA A100-SXM4-40GB MIG 4g.20gb (0),1,,13,[CUDA memcpy Host-to-Device]
3988421270,38272,240935,,,,,,,,,,0.197,5136.974,Pinned,Device,NVIDIA A100-SXM4-40GB MIG 4g.20gb (0),1,,13,[CUDA memcpy Host-to-Device]
3988473077,8224,240936,69,4,1,48,1,1,76,0.002,0.000,,,,,NVIDIA A100-SXM4-40GB MIG 4g.20gb (0),1,,13,"void ch_est::windowedChEstPreNoDftSOfdmKernel<float, __half, float, (unsigned int)2, (unsigned int)1, (unsigned short)4>(ch_est::puschRxChEstStatDescr_t *, ch_est::puschRxChEstDynDescr_t *)"
3988490453,6880,240937,137,2,1,24,2,1,44,0.001,0.001,,,,,NVIDIA A100-SXM4-40GB MIG 4g.20gb (0),1,,13,"void ch_est::chEstFilterNoDftSOfdmDispatchKernel<float, __half, float, (unsigned int)2>(ch_est::puschRxChEstStatDescr_t *, ch_est::puschRxChEstDynDescr_t *)"
3988501077,4736,240938,137,2,1,24,2,1,44,0.001,0.001,,,,,NVIDIA A100-SXM4-40GB MIG 4g.20gb (0),1,,13,"void ch_est::chEstFilterNoDftSOfdmDispatchKernel<float, __half, float, (unsigned int)2>(ch_est::puschRxChEstStatDescr_t *, ch_est::puschRxChEstDynDescr_t *)"
3988515989,2624,240949,103,1,1,128,1,1,16,0.000,0.000,,,,,NVIDIA A100-SXM4-40GB MIG 4g.20gb (0),1,,13,cupy_copy__complex64_complex64
3988526517,12416,240959,1434,1,1,128,1,1,16,0.000,0.000,,,,,NVIDIA A100-SXM4-40GB MIG 4g.20gb (0),1,,13,cupy_copy__complex64_complex64
3988543540,2592,240966,103,1,1,128,1,1,16,0.000,0.000,,,,,NVIDIA A100-SXM4-40GB MIG 4g.20gb (0),1,,13,cupy_copy__complex64_complex64
3988552372,84287,240973,1,1,1,32,32,1,30,0.000,0.000,,,,,NVIDIA A100-SXM4-40GB MIG 4g.20gb (0),1,,13,"void convert_kernel<__half2, float2>(tensor_layout_any, T1 *, tensor_layout_any, const T2 *)"
3988669043,13120,240976,,,,,,,,,,0.094,7141.415,Pinned,Device,NVIDIA A100-SXM4-40GB MIG 4g.20gb (0),1,,13,[CUDA memcpy Host-to-Device]
3988688243,47903,240977,,,,,,,,,,35.810,747532.080,Device,,NVIDIA A100-SXM4-40GB MIG 4g.20gb (0),1,,13,[CUDA memset]
3988739186,8832,240979,,,,,,,,,,0.000,9.058,Pinned,Device,NVIDIA A100-SXM4-40GB MIG 4g.20gb (0),1,,13,[CUDA memcpy Host-to-Device]
3988753682,18528,240980,,,,,,,,,,0.197,10611.327,Pinned,Device,NVIDIA A100-SXM4-40GB MIG 4g.20gb (0),1,,13,[CUDA memcpy Host-to-Device]
3988786161,12352,240981,273,1,1,48,1,1,40,0.000,0.001,,,,,NVIDIA A100-SXM4-40GB MIG 4g.20gb (0),1,,13,"void pusch_noise_intf_est::noiseIntfEstNoDftSOfdmKernel<float, __half, float, float, (unsigned int)2, (unsigned int)1, (unsigned char)4, (unsigned char)4>(pusch_noise_intf_est::puschRxNoiseIntfEstDynDescr)"
3988806481,3040,240992,35,1,1,128,1,1,16,0.000,0.000,,,,,NVIDIA A100-SXM4-40GB MIG 4g.20gb (0),1,,13,cupy_copy__complex64_complex64
3988812977,1792,241001,1,1,1,1,1,1,18,0.000,0.000,,,,,NVIDIA A100-SXM4-40GB MIG 4g.20gb (0),1,,13,cupy_copy__float32_float32
3988816465,3008,241007,,,,,,,,,,0.000,1.330,Device,Pageable,NVIDIA A100-SXM4-40GB MIG 4g.20gb (0),1,,7,[CUDA memcpy Device-to-Host]
3988879344,12768,241018,1434,1,1,128,1,1,16,0.000,0.000,,,,,NVIDIA A100-SXM4-40GB MIG 4g.20gb (0),1,,13,cupy_copy__complex64_complex64
3988905968,2752,241025,103,1,1,128,1,1,16,0.000,0.000,,,,,NVIDIA A100-SXM4-40GB MIG 4g.20gb (0),1,,13,cupy_copy__complex64_complex64
3988926864,2592,241032,35,1,1,128,1,1,16,0.000,0.000,,,,,NVIDIA A100-SXM4-40GB MIG 4g.20gb (0),1,,13,cupy_copy__complex64_complex64
3988944816,1760,241039,1,1,1,1,1,1,18,0.000,0.000,,,,,NVIDIA A100-SXM4-40GB MIG 4g.20gb (0),1,,13,cupy_copy__float32_float32
3989077806,87743,241050,1,1,1,32,32,1,30,0.000,0.000,,,,,NVIDIA A100-SXM4-40GB MIG 4g.20gb (0),1,,13,"void convert_kernel<__half2, float2>(tensor_layout_any, T1 *, tensor_layout_any, const T2 *)"
3989193452,5600,241053,,,,,,,,,,0.094,16731.388,Pinned,Device,NVIDIA A100-SXM4-40GB MIG 4g.20gb (0),1,,13,[CUDA memcpy Host-to-Device]
3989208140,3232,241054,,,,,,,,,,1.547,478533.199,Device,,NVIDIA A100-SXM4-40GB MIG 4g.20gb (0),1,,13,[CUDA memset]
3989216684,3424,241059,,,,,,,,,,0.031,9140.185,Pinned,Device,NVIDIA A100-SXM4-40GB MIG 4g.20gb (0),1,,13,[CUDA memcpy Host-to-Device]
3989222636,9568,241060,,,,,,,,,,0.197,20548.485,Pinned,Device,NVIDIA A100-SXM4-40GB MIG 4g.20gb (0),1,,13,[CUDA memcpy Host-to-Device]
3989238412,6720,241061,273,1,1,8,4,1,39,0.002,0.000,,,,,NVIDIA A100-SXM4-40GB MIG 4g.20gb (0),1,,13,"void channel_eq::eqMmseCoefCompLowMimoKernel<float, float, float, (unsigned int)4, (unsigned int)1, (unsigned int)4>(const channel_eq::_puschRxChEqStatDescr *, channel_eq::_puschRxChEqCoefCompDynDescr)"
3989248012,6048,241062,273,1,1,12,11,1,51,0.002,0.000,,,,,NVIDIA A100-SXM4-40GB MIG 4g.20gb (0),1,,13,"void channel_eq::eqMmseSoftDemapKernel<float, __half, __half, float, (unsigned int)4, (unsigned short)16383>(channel_eq::_puschRxChEqStatDescr *, channel_eq::_puschRxChEqSoftDemapDynDescr)"
3989255020,283100,241063,1,1,1,32,32,1,30,0.000,0.000,,,,,NVIDIA A100-SXM4-40GB MIG 4g.20gb (0),1,,13,"void convert_kernel<float2, __half2>(tensor_layout_any, T1 *, tensor_layout_any, const T2 *)"
3989541224,11136,241075,2253,1,1,128,1,1,16,0.000,0.000,,,,,NVIDIA A100-SXM4-40GB MIG 4g.20gb (0),1,,13,cupy_copy__float16_float16
3989553352,3136,241084,282,1,1,128,1,1,16,0.000,0.000,,,,,NVIDIA A100-SXM4-40GB MIG 4g.20gb (0),1,,13,cupy_copy__complex64_complex64
3989557832,2144,241093,26,1,1,128,1,1,16,0.000,0.000,,,,,NVIDIA A100-SXM4-40GB MIG 4g.20gb (0),1,,13,cupy_copy__float32_float32
3989561000,2784,241102,103,1,1,128,1,1,16,0.000,0.000,,,,,NVIDIA A100-SXM4-40GB MIG 4g.20gb (0),1,,13,cupy_copy__complex64_complex64
3989566920,12032,241112,1434,1,1,128,1,1,16,0.000,0.000,,,,,NVIDIA A100-SXM4-40GB MIG 4g.20gb (0),1,,13,cupy_copy__complex64_complex64
3989583720,82015,241117,1,1,1,32,32,1,30,0.000,0.000,,,,,NVIDIA A100-SXM4-40GB MIG 4g.20gb (0),1,,13,"void convert_kernel<__half2, float2>(tensor_layout_any, T1 *, tensor_layout_any, const T2 *)"
3989692934,5568,241120,,,,,,,,,,0.094,16827.521,Pinned,Device,NVIDIA A100-SXM4-40GB MIG 4g.20gb (0),1,,13,[CUDA memcpy Host-to-Device]
3989702310,597273,241121,,,,,,,,,,456.561,764283.851,Device,,NVIDIA A100-SXM4-40GB MIG 4g.20gb (0),1,,13,[CUDA memset]
3990302303,151486,241126,,,,,,,,,,1.235,8151.865,Pinned,Device,NVIDIA A100-SXM4-40GB MIG 4g.20gb (0),1,,13,[CUDA memcpy Host-to-Device]
3990465405,37567,241127,,,,,,,,,,0.197,5233.508,Pinned,Device,NVIDIA A100-SXM4-40GB MIG 4g.20gb (0),1,,13,[CUDA memcpy Host-to-Device]
3990527548,7936,241128,69,4,1,48,1,1,76,0.002,0.000,,,,,NVIDIA A100-SXM4-40GB MIG 4g.20gb (0),1,,13,"void ch_est::windowedChEstPreNoDftSOfdmKernel<float, __half, float, (unsigned int)2, (unsigned int)1, (unsigned short)4>(ch_est::puschRxChEstStatDescr_t *, ch_est::puschRxChEstDynDescr_t *)"
3990547100,6784,241129,137,2,1,24,2,1,44,0.001,0.001,,,,,NVIDIA A100-SXM4-40GB MIG 4g.20gb (0),1,,13,"void ch_est::chEstFilterNoDftSOfdmDispatchKernel<float, __half, float, (unsigned int)2>(ch_est::puschRxChEstStatDescr_t *, ch_est::puschRxChEstDynDescr_t *)"
3990565116,4703,241130,137,2,1,24,2,1,44,0.001,0.001,,,,,NVIDIA A100-SXM4-40GB MIG 4g.20gb (0),1,,13,"void ch_est::chEstFilterNoDftSOfdmDispatchKernel<float, __half, float, (unsigned int)2>(ch_est::puschRxChEstStatDescr_t *, ch_est::puschRxChEstDynDescr_t *)"
3990582107,2624,241141,103,1,1,128,1,1,16,0.000,0.000,,,,,NVIDIA A100-SXM4-40GB MIG 4g.20gb (0),1,,13,cupy_copy__complex64_complex64
3990599067,12256,241151,1434,1,1,128,1,1,16,0.000,0.000,,,,,NVIDIA A100-SXM4-40GB MIG 4g.20gb (0),1,,13,cupy_copy__complex64_complex64
3990618811,2944,241158,103,1,1,128,1,1,16,0.000,0.000,,,,,NVIDIA A100-SXM4-40GB MIG 4g.20gb (0),1,,13,cupy_copy__complex64_complex64
3990645755,92894,241165,1,1,1,32,32,1,30,0.000,0.000,,,,,NVIDIA A100-SXM4-40GB MIG 4g.20gb (0),1,,13,"void convert_kernel<__half2, float2>(tensor_layout_any, T1 *, tensor_layout_any, const T2 *)"
3990771705,20128,241168,,,,,,,,,,0.094,4655.005,Pinned,Device,NVIDIA A100-SXM4-40GB MIG 4g.20gb (0),1,,13,[CUDA memcpy Host-to-Device]
3990801529,46847,241169,,,,,,,,,,35.810,764398.552,Device,,NVIDIA A100-SXM4-40GB MIG 4g.20gb (0),1,,13,[CUDA memset]
3990852600,8512,241171,,,,,,,,,,0.000,9.398,Pinned,Device,NVIDIA A100-SXM4-40GB MIG 4g.20gb (0),1,,13,[CUDA memcpy Host-to-Device]
3990867832,19872,241172,,,,,,,,,,0.197,9893.708,Pinned,Device,NVIDIA A100-SXM4-40GB MIG 4g.20gb (0),1,,13,[CUDA memcpy Host-to-Device]
3990897143,12928,241173,273,1,1,48,1,1,40,0.000,0.001,,,,,NVIDIA A100-SXM4-40GB MIG 4g.20gb (0),1,,13,"void pusch_noise_intf_est::noiseIntfEstNoDftSOfdmKernel<float, __half, float, float, (unsigned int)2, (unsigned int)1, (unsigned char)4, (unsigned char)4>(pusch_noise_intf_est::puschRxNoiseIntfEstDynDescr)"
3990912919,2720,241184,35,1,1,128,1,1,16,0.000,0.000,,,,,NVIDIA A100-SXM4-40GB MIG 4g.20gb (0),1,,13,cupy_copy__complex64_complex64
3990921719,2048,241193,1,1,1,1,1,1,18,0.000,0.000,,,,,NVIDIA A100-SXM4-40GB MIG 4g.20gb (0),1,,13,cupy_copy__float32_float32
3990939831,1888,241199,,,,,,,,,,0.000,2.119,Device,Pageable,NVIDIA A100-SXM4-40GB MIG 4g.20gb (0),1,,7,[CUDA memcpy Device-to-Host]
3991018710,12928,241210,1434,1,1,128,1,1,16,0.000,0.000,,,,,NVIDIA A100-SXM4-40GB MIG 4g.20gb (0),1,,13,cupy_copy__complex64_complex64
3991042838,3168,241217,103,1,1,128,1,1,16,0.000,0.000,,,,,NVIDIA A100-SXM4-40GB MIG 4g.20gb (0),1,,13,cupy_copy__complex64_complex64
3991067413,2624,241224,35,1,1,128,1,1,16,0.000,0.000,,,,,NVIDIA A100-SXM4-40GB MIG 4g.20gb (0),1,,13,cupy_copy__complex64_complex64
3991077205,2048,241231,1,1,1,1,1,1,18,0.000,0.000,,,,,NVIDIA A100-SXM4-40GB MIG 4g.20gb (0),1,,13,cupy_copy__float32_float32
3991207668,87326,241242,1,1,1,32,32,1,30,0.000,0.000,,,,,NVIDIA A100-SXM4-40GB MIG 4g.20gb (0),1,,13,"void convert_kernel<__half2, float2>(tensor_layout_any, T1 *, tensor_layout_any, const T2 *)"
3991322514,5408,241245,,,,,,,,,,0.094,17325.421,Pinned,Device,NVIDIA A100-SXM4-40GB MIG 4g.20gb (0),1,,13,[CUDA memcpy Host-to-Device]
3991339538,3200,241246,,,,,,,,,,1.547,483320.000,Device,,NVIDIA A100-SXM4-40GB MIG 4g.20gb (0),1,,13,[CUDA memset]
3991346706,2976,241251,,,,,,,,,,0.031,10516.113,Pinned,Device,NVIDIA A100-SXM4-40GB MIG 4g.20gb (0),1,,13,[CUDA memcpy Host-to-Device]
3991352498,9376,241252,,,,,,,,,,0.197,20969.226,Pinned,Device,NVIDIA A100-SXM4-40GB MIG 4g.20gb (0),1,,13,[CUDA memcpy Host-to-Device]
3991369106,6719,241253,273,1,1,8,4,1,39,0.002,0.000,,,,,NVIDIA A100-SXM4-40GB MIG 4g.20gb (0),1,,13,"void channel_eq::eqMmseCoefCompLowMimoKernel<float, float, float, (unsigned int)4, (unsigned int)1, (unsigned int)4>(const channel_eq::_puschRxChEqStatDescr *, channel_eq::_puschRxChEqCoefCompDynDescr)"
3991376785,5792,241254,273,1,1,12,11,1,51,0.002,0.000,,,,,NVIDIA A100-SXM4-40GB MIG 4g.20gb (0),1,,13,"void channel_eq::eqMmseSoftDemapKernel<float, __half, __half, float, (unsigned int)4, (unsigned short)16383>(channel_eq::_puschRxChEqStatDescr *, channel_eq::_puschRxChEqSoftDemapDynDescr)"
3991383697,282557,241255,1,1,1,32,32,1,30,0.000,0.000,,,,,NVIDIA A100-SXM4-40GB MIG 4g.20gb (0),1,,13,"void convert_kernel<float2, __half2>(tensor_layout_any, T1 *, tensor_layout_any, const T2 *)"
3991668942,11072,241267,2253,1,1,128,1,1,16,0.000,0.000,,,,,NVIDIA A100-SXM4-40GB MIG 4g.20gb (0),1,,13,cupy_copy__float16_float16
3991682542,3232,241276,282,1,1,128,1,1,16,0.000,0.000,,,,,NVIDIA A100-SXM4-40GB MIG 4g.20gb (0),1,,13,cupy_copy__complex64_complex64
3991687630,2016,241285,26,1,1,128,1,1,16,0.000,0.000,,,,,NVIDIA A100-SXM4-40GB MIG 4g.20gb (0),1,,13,cupy_copy__float32_float32
3991691630,4736,241294,103,1,1,128,1,1,16,0.000,0.000,,,,,NVIDIA A100-SXM4-40GB MIG 4g.20gb (0),1,,13,cupy_copy__complex64_complex64
3991697454,11871,241304,1434,1,1,128,1,1,16,0.000,0.000,,,,,NVIDIA A100-SXM4-40GB MIG 4g.20gb (0),1,,13,cupy_copy__complex64_complex64
3991714701,82943,241309,1,1,1,32,32,1,30,0.000,0.000,,,,,NVIDIA A100-SXM4-40GB MIG 4g.20gb (0),1,,13,"void convert_kernel<__half2, float2>(tensor_layout_any, T1 *, tensor_layout_any, const T2 *)"
3991825004,5376,241312,,,,,,,,,,0.094,17428.487,Pinned,Device,NVIDIA A100-SXM4-40GB MIG 4g.20gb (0),1,,13,[CUDA memcpy Host-to-Device]
3991835052,602296,241313,,,,,,,,,,456.561,757891.990,Device,,NVIDIA A100-SXM4-40GB MIG 4g.20gb (0),1,,13,[CUDA memset]
3992444004,135775,241318,,,,,,,,,,1.235,9095.363,Pinned,Device,NVIDIA A100-SXM4-40GB MIG 4g.20gb (0),1,,13,[CUDA memcpy Host-to-Device]
3992590114,33344,241319,,,,,,,,,,0.197,5896.274,Pinned,Device,NVIDIA A100-SXM4-40GB MIG 4g.20gb (0),1,,13,[CUDA memcpy Host-to-Device]
3992635842,8352,241320,69,4,1,48,1,1,76,0.002,0.000,,,,,NVIDIA A100-SXM4-40GB MIG 4g.20gb (0),1,,13,"void ch_est::windowedChEstPreNoDftSOfdmKernel<float, __half, float, (unsigned int)2, (unsigned int)1, (unsigned short)4>(ch_est::puschRxChEstStatDescr_t *, ch_est::puschRxChEstDynDescr_t *)"
3992652706,6656,241321,137,2,1,24,2,1,44,0.001,0.001,,,,,NVIDIA A100-SXM4-40GB MIG 4g.20gb (0),1,,13,"void ch_est::chEstFilterNoDftSOfdmDispatchKernel<float, __half, float, (unsigned int)2>(ch_est::puschRxChEstStatDescr_t *, ch_est::puschRxChEstDynDescr_t *)"
3992664834,4735,241322,137,2,1,24,2,1,44,0.001,0.001,,,,,NVIDIA A100-SXM4-40GB MIG 4g.20gb (0),1,,13,"void ch_est::chEstFilterNoDftSOfdmDispatchKernel<float, __half, float, (unsigned int)2>(ch_est::puschRxChEstStatDescr_t *, ch_est::puschRxChEstDynDescr_t *)"
3992675169,2848,241333,103,1,1,128,1,1,16,0.000,0.000,,,,,NVIDIA A100-SXM4-40GB MIG 4g.20gb (0),1,,13,cupy_copy__complex64_complex64
3992684641,12416,241343,1434,1,1,128,1,1,16,0.000,0.000,,,,,NVIDIA A100-SXM4-40GB MIG 4g.20gb (0),1,,13,cupy_copy__complex64_complex64
3992708513,2592,241350,103,1,1,128,1,1,16,0.000,0.000,,,,,NVIDIA A100-SXM4-40GB MIG 4g.20gb (0),1,,13,cupy_copy__complex64_complex64
3992723745,85951,241357,1,1,1,32,32,1,30,0.000,0.000,,,,,NVIDIA A100-SXM4-40GB MIG 4g.20gb (0),1,,13,"void convert_kernel<__half2, float2>(tensor_layout_any, T1 *, tensor_layout_any, const T2 *)"
3992842111,21280,241360,,,,,,,,,,0.094,4402.962,Pinned,Device,NVIDIA A100-SXM4-40GB MIG 4g.20gb (0),1,,13,[CUDA memcpy Host-to-Device]
3992878847,46815,241361,,,,,,,,,,35.810,764899.891,Device,,NVIDIA A100-SXM4-40GB MIG 4g.20gb (0),1,,13,[CUDA memset]
3992929534,14048,241363,,,,,,,,,,0.000,5.695,Pinned,Device,NVIDIA A100-SXM4-40GB MIG 4g.20gb (0),1,,13,[CUDA memcpy Host-to-Device]
3992956510,24416,241364,,,,,,,,,,0.197,8052.277,Pinned,Device,NVIDIA A100-SXM4-40GB MIG 4g.20gb (0),1,,13,[CUDA memcpy Host-to-Device]
3993002813,9600,241365,273,1,1,48,1,1,40,0.000,0.001,,,,,NVIDIA A100-SXM4-40GB MIG 4g.20gb (0),1,,13,"void pusch_noise_intf_est::noiseIntfEstNoDftSOfdmKernel<float, __half, float, float, (unsigned int)2, (unsigned int)1, (unsigned char)4, (unsigned char)4>(pusch_noise_intf_est::puschRxNoiseIntfEstDynDescr)"
3993019229,2592,241376,35,1,1,128,1,1,16,0.000,0.000,,,,,NVIDIA A100-SXM4-40GB MIG 4g.20gb (0),1,,13,cupy_copy__complex64_complex64
3993035837,1696,241385,1,1,1,1,1,1,18,0.000,0.000,,,,,NVIDIA A100-SXM4-40GB MIG 4g.20gb (0),1,,13,cupy_copy__float32_float32
3993043389,4000,241391,,,,,,,,,,0.000,1.000,Device,Pageable,NVIDIA A100-SXM4-40GB MIG 4g.20gb (0),1,,7,[CUDA memcpy Device-to-Host]
3993142012,13151,241402,1434,1,1,128,1,1,16,0.000,0.000,,,,,NVIDIA A100-SXM4-40GB MIG 4g.20gb (0),1,,13,cupy_copy__complex64_complex64
3993165563,3328,241409,103,1,1,128,1,1,16,0.000,0.000,,,,,NVIDIA A100-SXM4-40GB MIG 4g.20gb (0),1,,13,cupy_copy__complex64_complex64
3993185819,2560,241416,35,1,1,128,1,1,16,0.000,0.000,,,,,NVIDIA A100-SXM4-40GB MIG 4g.20gb (0),1,,13,cupy_copy__complex64_complex64
3993204187,1696,241423,1,1,1,1,1,1,18,0.000,0.000,,,,,NVIDIA A100-SXM4-40GB MIG 4g.20gb (0),1,,13,cupy_copy__float32_float32
3993327769,86943,241434,1,1,1,32,32,1,30,0.000,0.000,,,,,NVIDIA A100-SXM4-40GB MIG 4g.20gb (0),1,,13,"void convert_kernel<__half2, float2>(tensor_layout_any, T1 *, tensor_layout_any, const T2 *)"
3993444696,9408,241437,,,,,,,,,,0.094,9959.135,Pinned,Device,NVIDIA A100-SXM4-40GB MIG 4g.20gb (0),1,,13,[CUDA memcpy Host-to-Device]
3993465112,3552,241438,,,,,,,,,,1.547,435422.601,Device,,NVIDIA A100-SXM4-40GB MIG 4g.20gb (0),1,,13,[CUDA memset]
3993472440,8191,241443,,,,,,,,,,0.031,3820.772,Pinned,Device,NVIDIA A100-SXM4-40GB MIG 4g.20gb (0),1,,13,[CUDA memcpy Host-to-Device]
3993487735,13056,241444,,,,,,,,,,0.197,15058.797,Pinned,Device,NVIDIA A100-SXM4-40GB MIG 4g.20gb (0),1,,13,[CUDA memcpy Host-to-Device]
3993509559,7648,241445,273,1,1,8,4,1,39,0.002,0.000,,,,,NVIDIA A100-SXM4-40GB MIG 4g.20gb (0),1,,13,"void channel_eq::eqMmseCoefCompLowMimoKernel<float, float, float, (unsigned int)4, (unsigned int)1, (unsigned int)4>(const channel_eq::_puschRxChEqStatDescr *, channel_eq::_puschRxChEqCoefCompDynDescr)"
3993525559,7136,241446,273,1,1,12,11,1,51,0.002,0.000,,,,,NVIDIA A100-SXM4-40GB MIG 4g.20gb (0),1,,13,"void channel_eq::eqMmseSoftDemapKernel<float, __half, __half, float, (unsigned int)4, (unsigned short)16383>(channel_eq::_puschRxChEqStatDescr *, channel_eq::_puschRxChEqSoftDemapDynDescr)"
3993535767,282812,241447,1,1,1,32,32,1,30,0.000,0.000,,,,,NVIDIA A100-SXM4-40GB MIG 4g.20gb (0),1,,13,"void convert_kernel<float2, __half2>(tensor_layout_any, T1 *, tensor_layout_any, const T2 *)"
3993820627,11232,241459,2253,1,1,128,1,1,16,0.000,0.000,,,,,NVIDIA A100-SXM4-40GB MIG 4g.20gb (0),1,,13,cupy_copy__float16_float16
3993835123,3040,241468,282,1,1,128,1,1,16,0.000,0.000,,,,,NVIDIA A100-SXM4-40GB MIG 4g.20gb (0),1,,13,cupy_copy__complex64_complex64
3993840339,2240,241477,26,1,1,128,1,1,16,0.000,0.000,,,,,NVIDIA A100-SXM4-40GB MIG 4g.20gb (0),1,,13,cupy_copy__float32_float32
3993844595,2880,241486,103,1,1,128,1,1,16,0.000,0.000,,,,,NVIDIA A100-SXM4-40GB MIG 4g.20gb (0),1,,13,cupy_copy__complex64_complex64
3993848435,11936,241496,1434,1,1,128,1,1,16,0.000,0.000,,,,,NVIDIA A100-SXM4-40GB MIG 4g.20gb (0),1,,13,cupy_copy__complex64_complex64
3993863987,88031,241501,1,1,1,32,32,1,30,0.000,0.000,,,,,NVIDIA A100-SXM4-40GB MIG 4g.20gb (0),1,,13,"void convert_kernel<__half2, float2>(tensor_layout_any, T1 *, tensor_layout_any, const T2 *)"
3993979569,5760,241504,,,,,,,,,,0.094,16266.656,Pinned,Device,NVIDIA A100-SXM4-40GB MIG 4g.20gb (0),1,,13,[CUDA memcpy Host-to-Device]
3993991249,598137,241505,,,,,,,,,,456.561,762914.166,Device,,NVIDIA A100-SXM4-40GB MIG 4g.20gb (0),1,,13,[CUDA memset]
3994595050,118686,241510,,,,,,,,,,1.235,10404.403,Pinned,Device,NVIDIA A100-SXM4-40GB MIG 4g.20gb (0),1,,13,[CUDA memcpy Host-to-Device]
3994721256,22240,241511,,,,,,,,,,0.197,8840.282,Pinned,Device,NVIDIA A100-SXM4-40GB MIG 4g.20gb (0),1,,13,[CUDA memcpy Host-to-Device]
3994757608,8320,241512,69,4,1,48,1,1,76,0.002,0.000,,,,,NVIDIA A100-SXM4-40GB MIG 4g.20gb (0),1,,13,"void ch_est::windowedChEstPreNoDftSOfdmKernel<float, __half, float, (unsigned int)2, (unsigned int)1, (unsigned short)4>(ch_est::puschRxChEstStatDescr_t *, ch_est::puschRxChEstDynDescr_t *)"
3994774215,6336,241513,137,2,1,24,2,1,44,0.001,0.001,,,,,NVIDIA A100-SXM4-40GB MIG 4g.20gb (0),1,,13,"void ch_est::chEstFilterNoDftSOfdmDispatchKernel<float, __half, float, (unsigned int)2>(ch_est::puschRxChEstStatDescr_t *, ch_est::puschRxChEstDynDescr_t *)"
3994782151,5216,241514,137,2,1,24,2,1,44,0.001,0.001,,,,,NVIDIA A100-SXM4-40GB MIG 4g.20gb (0),1,,13,"void ch_est::chEstFilterNoDftSOfdmDispatchKernel<float, __half, float, (unsigned int)2>(ch_est::puschRxChEstStatDescr_t *, ch_est::puschRxChEstDynDescr_t *)"
3994790279,3072,241525,103,1,1,128,1,1,16,0.000,0.000,,,,,NVIDIA A100-SXM4-40GB MIG 4g.20gb (0),1,,13,cupy_copy__complex64_complex64
3994798567,12352,241535,1434,1,1,128,1,1,16,0.000,0.000,,,,,NVIDIA A100-SXM4-40GB MIG 4g.20gb (0),1,,13,cupy_copy__complex64_complex64
3994813991,2976,241542,103,1,1,128,1,1,16,0.000,0.000,,,,,NVIDIA A100-SXM4-40GB MIG 4g.20gb (0),1,,13,cupy_copy__complex64_complex64
3994824327,87103,241549,1,1,1,32,32,1,30,0.000,0.000,,,,,NVIDIA A100-SXM4-40GB MIG 4g.20gb (0),1,,13,"void convert_kernel<__half2, float2>(tensor_layout_any, T1 *, tensor_layout_any, const T2 *)"
3994944613,14336,241552,,,,,,,,,,0.094,6535.671,Pinned,Device,NVIDIA A100-SXM4-40GB MIG 4g.20gb (0),1,,13,[CUDA memcpy Host-to-Device]
3994963365,47552,241553,,,,,,,,,,35.810,753046.808,Device,,NVIDIA A100-SXM4-40GB MIG 4g.20gb (0),1,,13,[CUDA memset]
3995013285,8799,241555,,,,,,,,,,0.000,9.092,Pinned,Device,NVIDIA A100-SXM4-40GB MIG 4g.20gb (0),1,,13,[CUDA memcpy Host-to-Device]
3995028324,19072,241556,,,,,,,,,,0.197,10308.551,Pinned,Device,NVIDIA A100-SXM4-40GB MIG 4g.20gb (0),1,,13,[CUDA memcpy Host-to-Device]
3995060484,9120,241557,273,1,1,48,1,1,40,0.000,0.001,,,,,NVIDIA A100-SXM4-40GB MIG 4g.20gb (0),1,,13,"void pusch_noise_intf_est::noiseIntfEstNoDftSOfdmKernel<float, __half, float, float, (unsigned int)2, (unsigned int)1, (unsigned char)4, (unsigned char)4>(pusch_noise_intf_est::puschRxNoiseIntfEstDynDescr)"
3995077060,3008,241568,35,1,1,128,1,1,16,0.000,0.000,,,,,NVIDIA A100-SXM4-40GB MIG 4g.20gb (0),1,,13,cupy_copy__complex64_complex64
3995084964,1728,241577,1,1,1,1,1,1,18,0.000,0.000,,,,,NVIDIA A100-SXM4-40GB MIG 4g.20gb (0),1,,13,cupy_copy__float32_float32
3995095267,2560,241583,,,,,,,,,,0.000,1.562,Device,Pageable,NVIDIA A100-SXM4-40GB MIG 4g.20gb (0),1,,7,[CUDA memcpy Device-to-Host]
3995159363,12960,241594,1434,1,1,128,1,1,16,0.000,0.000,,,,,NVIDIA A100-SXM4-40GB MIG 4g.20gb (0),1,,13,cupy_copy__complex64_complex64
3995185154,3424,241601,103,1,1,128,1,1,16,0.000,0.000,,,,,NVIDIA A100-SXM4-40GB MIG 4g.20gb (0),1,,13,cupy_copy__complex64_complex64
3995207106,2464,241608,35,1,1,128,1,1,16,0.000,0.000,,,,,NVIDIA A100-SXM4-40GB MIG 4g.20gb (0),1,,13,cupy_copy__complex64_complex64
3995223810,1792,241615,1,1,1,1,1,1,18,0.000,0.000,,,,,NVIDIA A100-SXM4-40GB MIG 4g.20gb (0),1,,13,cupy_copy__float32_float32
3995358528,82015,241626,1,1,1,32,32,1,30,0.000,0.000,,,,,NVIDIA A100-SXM4-40GB MIG 4g.20gb (0),1,,13,"void convert_kernel<__half2, float2>(tensor_layout_any, T1 *, tensor_layout_any, const T2 *)"
3995468159,5440,241629,,,,,,,,,,0.094,17223.480,Pinned,Device,NVIDIA A100-SXM4-40GB MIG 4g.20gb (0),1,,13,[CUDA memcpy Host-to-Device]
3995483199,3232,241630,,,,,,,,,,1.547,478533.199,Device,,NVIDIA A100-SXM4-40GB MIG 4g.20gb (0),1,,13,[CUDA memset]
3995489759,3040,241635,,,,,,,,,,0.031,10294.725,Pinned,Device,NVIDIA A100-SXM4-40GB MIG 4g.20gb (0),1,,13,[CUDA memcpy Host-to-Device]
3995495743,9535,241636,,,,,,,,,,0.197,20619.461,Pinned,Device,NVIDIA A100-SXM4-40GB MIG 4g.20gb (0),1,,13,[CUDA memcpy Host-to-Device]
3995512446,9728,241637,273,1,1,8,4,1,39,0.002,0.000,,,,,NVIDIA A100-SXM4-40GB MIG 4g.20gb (0),1,,13,"void channel_eq::eqMmseCoefCompLowMimoKernel<float, float, float, (unsigned int)4, (unsigned int)1, (unsigned int)4>(const channel_eq::_puschRxChEqStatDescr *, channel_eq::_puschRxChEqCoefCompDynDescr)"
3995525086,6048,241638,273,1,1,12,11,1,51,0.002,0.000,,,,,NVIDIA A100-SXM4-40GB MIG 4g.20gb (0),1,,13,"void channel_eq::eqMmseSoftDemapKernel<float, __half, __half, float, (unsigned int)4, (unsigned short)16383>(channel_eq::_puschRxChEqStatDescr *, channel_eq::_puschRxChEqSoftDemapDynDescr)"
3995533182,283517,241639,1,1,1,32,32,1,30,0.000,0.000,,,,,NVIDIA A100-SXM4-40GB MIG 4g.20gb (0),1,,13,"void convert_kernel<float2, __half2>(tensor_layout_any, T1 *, tensor_layout_any, const T2 *)"
3995818075,10943,241651,2253,1,1,128,1,1,16,0.000,0.000,,,,,NVIDIA A100-SXM4-40GB MIG 4g.20gb (0),1,,13,cupy_copy__float16_float16
3995831258,3712,241660,282,1,1,128,1,1,16,0.000,0.000,,,,,NVIDIA A100-SXM4-40GB MIG 4g.20gb (0),1,,13,cupy_copy__complex64_complex64
3995836026,2016,241669,26,1,1,128,1,1,16,0.000,0.000,,,,,NVIDIA A100-SXM4-40GB MIG 4g.20gb (0),1,,13,cupy_copy__float32_float32
3995839258,3232,241678,103,1,1,128,1,1,16,0.000,0.000,,,,,NVIDIA A100-SXM4-40GB MIG 4g.20gb (0),1,,13,cupy_copy__complex64_complex64
3995843546,12064,241688,1434,1,1,128,1,1,16,0.000,0.000,,,,,NVIDIA A100-SXM4-40GB MIG 4g.20gb (0),1,,13,cupy_copy__complex64_complex64
3995857466,86943,241693,1,1,1,32,32,1,30,0.000,0.000,,,,,NVIDIA A100-SXM4-40GB MIG 4g.20gb (0),1,,13,"void convert_kernel<__half2, float2>(tensor_layout_any, T1 *, tensor_layout_any, const T2 *)"
3995971897,5632,241696,,,,,,,,,,0.094,16636.287,Pinned,Device,NVIDIA A100-SXM4-40GB MIG 4g.20gb (0),1,,13,[CUDA memcpy Host-to-Device]
3995981945,599096,241697,,,,,,,,,,456.561,762001.043,Device,,NVIDIA A100-SXM4-40GB MIG 4g.20gb (0),1,,13,[CUDA memset]
3996588209,135422,241702,,,,,,,,,,1.235,9118.826,Pinned,Device,NVIDIA A100-SXM4-40GB MIG 4g.20gb (0),1,,13,[CUDA memcpy Host-to-Device]
3996738031,40800,241703,,,,,,,,,,0.197,4818.665,Pinned,Device,NVIDIA A100-SXM4-40GB MIG 4g.20gb (0),1,,13,[CUDA memcpy Host-to-Device]
3996808430,7904,241704,69,4,1,48,1,1,76,0.002,0.000,,,,,NVIDIA A100-SXM4-40GB MIG 4g.20gb (0),1,,13,"void ch_est::windowedChEstPreNoDftSOfdmKernel<float, __half, float, (unsigned int)2, (unsigned int)1, (unsigned short)4>(ch_est::puschRxChEstStatDescr_t *, ch_est::puschRxChEstDynDescr_t *)"
3996827630,6656,241705,137,2,1,24,2,1,44,0.001,0.001,,,,,NVIDIA A100-SXM4-40GB MIG 4g.20gb (0),1,,13,"void ch_est::chEstFilterNoDftSOfdmDispatchKernel<float, __half, float, (unsigned int)2>(ch_est::puschRxChEstStatDescr_t *, ch_est::puschRxChEstDynDescr_t *)"
3996844974,4736,241706,137,2,1,24,2,1,44,0.001,0.001,,,,,NVIDIA A100-SXM4-40GB MIG 4g.20gb (0),1,,13,"void ch_est::chEstFilterNoDftSOfdmDispatchKernel<float, __half, float, (unsigned int)2>(ch_est::puschRxChEstStatDescr_t *, ch_est::puschRxChEstDynDescr_t *)"
3996861998,2656,241717,103,1,1,128,1,1,16,0.000,0.000,,,,,NVIDIA A100-SXM4-40GB MIG 4g.20gb (0),1,,13,cupy_copy__complex64_complex64
3996877293,12256,241727,1434,1,1,128,1,1,16,0.000,0.000,,,,,NVIDIA A100-SXM4-40GB MIG 4g.20gb (0),1,,13,cupy_copy__complex64_complex64
3996896301,2912,241734,103,1,1,128,1,1,16,0.000,0.000,,,,,NVIDIA A100-SXM4-40GB MIG 4g.20gb (0),1,,13,cupy_copy__complex64_complex64
3996918093,82271,241741,1,1,1,32,32,1,30,0.000,0.000,,,,,NVIDIA A100-SXM4-40GB MIG 4g.20gb (0),1,,13,"void convert_kernel<__half2, float2>(tensor_layout_any, T1 *, tensor_layout_any, const T2 *)"
3997031660,13151,241744,,,,,,,,,,0.094,7124.550,Pinned,Device,NVIDIA A100-SXM4-40GB MIG 4g.20gb (0),1,,13,[CUDA memcpy Host-to-Device]
3997049899,46336,241745,,,,,,,,,,35.810,772813.884,Device,,NVIDIA A100-SXM4-40GB MIG 4g.20gb (0),1,,13,[CUDA memset]
3997101003,7520,241747,,,,,,,,,,0.000,10.638,Pinned,Device,NVIDIA A100-SXM4-40GB MIG 4g.20gb (0),1,,13,[CUDA memcpy Host-to-Device]
3997116971,19103,241748,,,,,,,,,,0.197,10291.839,Pinned,Device,NVIDIA A100-SXM4-40GB MIG 4g.20gb (0),1,,13,[CUDA memcpy Host-to-Device]
3997155946,9728,241749,273,1,1,48,1,1,40,0.000,0.001,,,,,NVIDIA A100-SXM4-40GB MIG 4g.20gb (0),1,,13,"void pusch_noise_intf_est::noiseIntfEstNoDftSOfdmKernel<float, __half, float, float, (unsigned int)2, (unsigned int)1, (unsigned char)4, (unsigned char)4>(pusch_noise_intf_est::puschRxNoiseIntfEstDynDescr)"
3997168458,3040,241760,35,1,1,128,1,1,16,0.000,0.000,,,,,NVIDIA A100-SXM4-40GB MIG 4g.20gb (0),1,,13,cupy_copy__complex64_complex64
3997177386,1760,241769,1,1,1,1,1,1,18,0.000,0.000,,,,,NVIDIA A100-SXM4-40GB MIG 4g.20gb (0),1,,13,cupy_copy__float32_float32
3997185354,6752,241775,,,,,,,,,,0.000,0.592,Device,Pageable,NVIDIA A100-SXM4-40GB MIG 4g.20gb (0),1,,7,[CUDA memcpy Device-to-Host]
3997266921,12831,241786,1434,1,1,128,1,1,16,0.000,0.000,,,,,NVIDIA A100-SXM4-40GB MIG 4g.20gb (0),1,,13,cupy_copy__complex64_complex64
3997294280,2944,241793,103,1,1,128,1,1,16,0.000,0.000,,,,,NVIDIA A100-SXM4-40GB MIG 4g.20gb (0),1,,13,cupy_copy__complex64_complex64
3997315880,2720,241800,35,1,1,128,1,1,16,0.000,0.000,,,,,NVIDIA A100-SXM4-40GB MIG 4g.20gb (0),1,,13,cupy_copy__complex64_complex64
3997335464,1824,241807,1,1,1,1,1,1,18,0.000,0.000,,,,,NVIDIA A100-SXM4-40GB MIG 4g.20gb (0),1,,13,cupy_copy__float32_float32
3997463398,87551,241818,1,1,1,32,32,1,30,0.000,0.000,,,,,NVIDIA A100-SXM4-40GB MIG 4g.20gb (0),1,,13,"void convert_kernel<__half2, float2>(tensor_layout_any, T1 *, tensor_layout_any, const T2 *)"
3997578757,5824,241821,,,,,,,,,,0.094,16087.884,Pinned,Device,NVIDIA A100-SXM4-40GB MIG 4g.20gb (0),1,,13,[CUDA memcpy Host-to-Device]
3997592549,3392,241822,,,,,,,,,,1.547,455961.768,Device,,NVIDIA A100-SXM4-40GB MIG 4g.20gb (0),1,,13,[CUDA memset]
3997599685,3903,241827,,,,,,,,,,0.031,8018.442,Pinned,Device,NVIDIA A100-SXM4-40GB MIG 4g.20gb (0),1,,13,[CUDA memcpy Host-to-Device]
3997605988,9536,241828,,,,,,,,,,0.197,20617.298,Pinned,Device,NVIDIA A100-SXM4-40GB MIG 4g.20gb (0),1,,13,[CUDA memcpy Host-to-Device]
3997619908,6304,241829,273,1,1,8,4,1,39,0.002,0.000,,,,,NVIDIA A100-SXM4-40GB MIG 4g.20gb (0),1,,13,"void channel_eq::eqMmseCoefCompLowMimoKernel<float, float, float, (unsigned int)4, (unsigned int)1, (unsigned int)4>(const channel_eq::_puschRxChEqStatDescr *, channel_eq::_puschRxChEqCoefCompDynDescr)"
3997627428,6304,241830,273,1,1,12,11,1,51,0.002,0.000,,,,,NVIDIA A100-SXM4-40GB MIG 4g.20gb (0),1,,13,"void channel_eq::eqMmseSoftDemapKernel<float, __half, __half, float, (unsigned int)4, (unsigned short)16383>(channel_eq::_puschRxChEqStatDescr *, channel_eq::_puschRxChEqSoftDemapDynDescr)"
3997634692,282877,241831,1,1,1,32,32,1,30,0.000,0.000,,,,,NVIDIA A100-SXM4-40GB MIG 4g.20gb (0),1,,13,"void convert_kernel<float2, __half2>(tensor_layout_any, T1 *, tensor_layout_any, const T2 *)"
3997918913,10879,241843,2253,1,1,128,1,1,16,0.000,0.000,,,,,NVIDIA A100-SXM4-40GB MIG 4g.20gb (0),1,,13,cupy_copy__float16_float16
3997934720,2688,241852,282,1,1,128,1,1,16,0.000,0.000,,,,,NVIDIA A100-SXM4-40GB MIG 4g.20gb (0),1,,13,cupy_copy__complex64_complex64
3997940832,2304,241861,26,1,1,128,1,1,16,0.000,0.000,,,,,NVIDIA A100-SXM4-40GB MIG 4g.20gb (0),1,,13,cupy_copy__float32_float32
3997944288,2880,241870,103,1,1,128,1,1,16,0.000,0.000,,,,,NVIDIA A100-SXM4-40GB MIG 4g.20gb (0),1,,13,cupy_copy__complex64_complex64
3997949632,12064,241880,1434,1,1,128,1,1,16,0.000,0.000,,,,,NVIDIA A100-SXM4-40GB MIG 4g.20gb (0),1,,13,cupy_copy__complex64_complex64
3997968448,82047,241885,1,1,1,32,32,1,30,0.000,0.000,,,,,NVIDIA A100-SXM4-40GB MIG 4g.20gb (0),1,,13,"void convert_kernel<__half2, float2>(tensor_layout_any, T1 *, tensor_layout_any, const T2 *)"
3998077855,5888,241888,,,,,,,,,,0.094,15912.954,Pinned,Device,NVIDIA A100-SXM4-40GB MIG 4g.20gb (0),1,,13,[CUDA memcpy Host-to-Device]
3998088414,598489,241889,,,,,,,,,,456.561,762457.605,Device,,NVIDIA A100-SXM4-40GB MIG 4g.20gb (0),1,,13,[CUDA memset]
3998692695,137854,241894,,,,,,,,,,1.235,8958.284,Pinned,Device,NVIDIA A100-SXM4-40GB MIG 4g.20gb (0),1,,13,[CUDA memcpy Host-to-Device]
3998839477,38272,241895,,,,,,,,,,0.197,5136.974,Pinned,Device,NVIDIA A100-SXM4-40GB MIG 4g.20gb (0),1,,13,[CUDA memcpy Host-to-Device]
3998897492,8160,241896,69,4,1,48,1,1,76,0.002,0.000,,,,,NVIDIA A100-SXM4-40GB MIG 4g.20gb (0),1,,13,"void ch_est::windowedChEstPreNoDftSOfdmKernel<float, __half, float, (unsigned int)2, (unsigned int)1, (unsigned short)4>(ch_est::puschRxChEstStatDescr_t *, ch_est::puschRxChEstDynDescr_t *)"
3998911860,6784,241897,137,2,1,24,2,1,44,0.001,0.001,,,,,NVIDIA A100-SXM4-40GB MIG 4g.20gb (0),1,,13,"void ch_est::chEstFilterNoDftSOfdmDispatchKernel<float, __half, float, (unsigned int)2>(ch_est::puschRxChEstStatDescr_t *, ch_est::puschRxChEstDynDescr_t *)"
3998928500,4672,241898,137,2,1,24,2,1,44,0.001,0.001,,,,,NVIDIA A100-SXM4-40GB MIG 4g.20gb (0),1,,13,"void ch_est::chEstFilterNoDftSOfdmDispatchKernel<float, __half, float, (unsigned int)2>(ch_est::puschRxChEstStatDescr_t *, ch_est::puschRxChEstDynDescr_t *)"
3998942164,2688,241909,103,1,1,128,1,1,16,0.000,0.000,,,,,NVIDIA A100-SXM4-40GB MIG 4g.20gb (0),1,,13,cupy_copy__complex64_complex64
3998957204,12512,241919,1434,1,1,128,1,1,16,0.000,0.000,,,,,NVIDIA A100-SXM4-40GB MIG 4g.20gb (0),1,,13,cupy_copy__complex64_complex64
3998982355,2496,241926,103,1,1,128,1,1,16,0.000,0.000,,,,,NVIDIA A100-SXM4-40GB MIG 4g.20gb (0),1,,13,cupy_copy__complex64_complex64
3998995091,84735,241933,1,1,1,32,32,1,30,0.000,0.000,,,,,NVIDIA A100-SXM4-40GB MIG 4g.20gb (0),1,,13,"void convert_kernel<__half2, float2>(tensor_layout_any, T1 *, tensor_layout_any, const T2 *)"
3999111282,15200,241936,,,,,,,,,,0.094,6164.166,Pinned,Device,NVIDIA A100-SXM4-40GB MIG 4g.20gb (0),1,,13,[CUDA memcpy Host-to-Device]
3999148305,46848,241937,,,,,,,,,,35.810,764362.742,Device,,NVIDIA A100-SXM4-40GB MIG 4g.20gb (0),1,,13,[CUDA memset]
3999201201,8320,241939,,,,,,,,,,0.000,9.615,Pinned,Device,NVIDIA A100-SXM4-40GB MIG 4g.20gb (0),1,,13,[CUDA memcpy Host-to-Device]
3999215793,26943,241940,,,,,,,,,,0.197,7297.106,Pinned,Device,NVIDIA A100-SXM4-40GB MIG 4g.20gb (0),1,,13,[CUDA memcpy Host-to-Device]
3999258928,10304,241941,273,1,1,48,1,1,40,0.000,0.001,,,,,NVIDIA A100-SXM4-40GB MIG 4g.20gb (0),1,,13,"void pusch_noise_intf_est::noiseIntfEstNoDftSOfdmKernel<float, __half, float, float, (unsigned int)2, (unsigned int)1, (unsigned char)4, (unsigned char)4>(pusch_noise_intf_est::puschRxNoiseIntfEstDynDescr)"
3999276464,2688,241952,35,1,1,128,1,1,16,0.000,0.000,,,,,NVIDIA A100-SXM4-40GB MIG 4g.20gb (0),1,,13,cupy_copy__complex64_complex64
3999285840,1728,241961,1,1,1,1,1,1,18,0.000,0.000,,,,,NVIDIA A100-SXM4-40GB MIG 4g.20gb (0),1,,13,cupy_copy__float32_float32
3999291760,4736,241967,,,,,,,,,,0.000,0.845,Device,Pageable,NVIDIA A100-SXM4-40GB MIG 4g.20gb (0),1,,7,[CUDA memcpy Device-to-Host]
3999361199,13248,241978,1434,1,1,128,1,1,16,0.000,0.000,,,,,NVIDIA A100-SXM4-40GB MIG 4g.20gb (0),1,,13,cupy_copy__complex64_complex64
3999389006,3552,241985,103,1,1,128,1,1,16,0.000,0.000,,,,,NVIDIA A100-SXM4-40GB MIG 4g.20gb (0),1,,13,cupy_copy__complex64_complex64
3999412846,2368,241992,35,1,1,128,1,1,16,0.000,0.000,,,,,NVIDIA A100-SXM4-40GB MIG 4g.20gb (0),1,,13,cupy_copy__complex64_complex64
3999430062,1856,241999,1,1,1,1,1,1,18,0.000,0.000,,,,,NVIDIA A100-SXM4-40GB MIG 4g.20gb (0),1,,13,cupy_copy__float32_float32
3999561068,81887,242010,1,1,1,32,32,1,30,0.000,0.000,,,,,NVIDIA A100-SXM4-40GB MIG 4g.20gb (0),1,,13,"void convert_kernel<__half2, float2>(tensor_layout_any, T1 *, tensor_layout_any, const T2 *)"
3999670667,5664,242013,,,,,,,,,,0.094,16542.310,Pinned,Device,NVIDIA A100-SXM4-40GB MIG 4g.20gb (0),1,,13,[CUDA memcpy Host-to-Device]
3999686859,3232,242014,,,,,,,,,,1.547,478533.199,Device,,NVIDIA A100-SXM4-40GB MIG 4g.20gb (0),1,,13,[CUDA memset]
3999691499,3744,242019,,,,,,,,,,0.031,8358.974,Pinned,Device,NVIDIA A100-SXM4-40GB MIG 4g.20gb (0),1,,13,[CUDA memcpy Host-to-Device]
3999697675,10335,242020,,,,,,,,,,0.197,19023.397,Pinned,Device,NVIDIA A100-SXM4-40GB MIG 4g.20gb (0),1,,13,[CUDA memcpy Host-to-Device]
3999714058,8192,242021,273,1,1,8,4,1,39,0.002,0.000,,,,,NVIDIA A100-SXM4-40GB MIG 4g.20gb (0),1,,13,"void channel_eq::eqMmseCoefCompLowMimoKernel<float, float, float, (unsigned int)4, (unsigned int)1, (unsigned int)4>(const channel_eq::_puschRxChEqStatDescr *, channel_eq::_puschRxChEqCoefCompDynDescr)"
3999725098,6208,242022,273,1,1,12,11,1,51,0.002,0.000,,,,,NVIDIA A100-SXM4-40GB MIG 4g.20gb (0),1,,13,"void channel_eq::eqMmseSoftDemapKernel<float, __half, __half, float, (unsigned int)4, (unsigned short)16383>(channel_eq::_puschRxChEqStatDescr *, channel_eq::_puschRxChEqSoftDemapDynDescr)"
3999732426,282557,242023,1,1,1,32,32,1,30,0.000,0.000,,,,,NVIDIA A100-SXM4-40GB MIG 4g.20gb (0),1,,13,"void convert_kernel<float2, __half2>(tensor_layout_any, T1 *, tensor_layout_any, const T2 *)"
4000016487,11072,242035,2253,1,1,128,1,1,16,0.000,0.000,,,,,NVIDIA A100-SXM4-40GB MIG 4g.20gb (0),1,,13,cupy_copy__float16_float16
4000029894,3520,242044,282,1,1,128,1,1,16,0.000,0.000,,,,,NVIDIA A100-SXM4-40GB MIG 4g.20gb (0),1,,13,cupy_copy__complex64_complex64
4000037190,1984,242053,26,1,1,128,1,1,16,0.000,0.000,,,,,NVIDIA A100-SXM4-40GB MIG 4g.20gb (0),1,,13,cupy_copy__float32_float32
4000040550,4640,242062,103,1,1,128,1,1,16,0.000,0.000,,,,,NVIDIA A100-SXM4-40GB MIG 4g.20gb (0),1,,13,cupy_copy__complex64_complex64
4000047942,12192,242072,1434,1,1,128,1,1,16,0.000,0.000,,,,,NVIDIA A100-SXM4-40GB MIG 4g.20gb (0),1,,13,cupy_copy__complex64_complex64
4000061606,82399,242077,1,1,1,32,32,1,30,0.000,0.000,,,,,NVIDIA A100-SXM4-40GB MIG 4g.20gb (0),1,,13,"void convert_kernel<__half2, float2>(tensor_layout_any, T1 *, tensor_layout_any, const T2 *)"
4000170821,5408,242080,,,,,,,,,,0.094,17325.421,Pinned,Device,NVIDIA A100-SXM4-40GB MIG 4g.20gb (0),1,,13,[CUDA memcpy Host-to-Device]
4000181477,597144,242081,,,,,,,,,,456.561,764283.851,Device,,NVIDIA A100-SXM4-40GB MIG 4g.20gb (0),1,,13,[CUDA memset]
4000780573,181214,242086,,,,,,,,,,1.235,6814.421,Pinned,Device,NVIDIA A100-SXM4-40GB MIG 4g.20gb (0),1,,13,[CUDA memcpy Host-to-Device]
4000971899,37695,242087,,,,,,,,,,0.197,5215.617,Pinned,Device,NVIDIA A100-SXM4-40GB MIG 4g.20gb (0),1,,13,[CUDA memcpy Host-to-Device]
4001037370,8064,242088,69,4,1,48,1,1,76,0.002,0.000,,,,,NVIDIA A100-SXM4-40GB MIG 4g.20gb (0),1,,13,"void ch_est::windowedChEstPreNoDftSOfdmKernel<float, __half, float, (unsigned int)2, (unsigned int)1, (unsigned short)4>(ch_est::puschRxChEstStatDescr_t *, ch_est::puschRxChEstDynDescr_t *)"
4001054618,7008,242089,137,2,1,24,2,1,44,0.001,0.001,,,,,NVIDIA A100-SXM4-40GB MIG 4g.20gb (0),1,,13,"void ch_est::chEstFilterNoDftSOfdmDispatchKernel<float, __half, float, (unsigned int)2>(ch_est::puschRxChEstStatDescr_t *, ch_est::puschRxChEstDynDescr_t *)"
4001071482,4736,242090,137,2,1,24,2,1,44,0.001,0.001,,,,,NVIDIA A100-SXM4-40GB MIG 4g.20gb (0),1,,13,"void ch_est::chEstFilterNoDftSOfdmDispatchKernel<float, __half, float, (unsigned int)2>(ch_est::puschRxChEstStatDescr_t *, ch_est::puschRxChEstDynDescr_t *)"
4001088953,2784,242101,103,1,1,128,1,1,16,0.000,0.000,,,,,NVIDIA A100-SXM4-40GB MIG 4g.20gb (0),1,,13,cupy_copy__complex64_complex64
4001105881,12320,242111,1434,1,1,128,1,1,16,0.000,0.000,,,,,NVIDIA A100-SXM4-40GB MIG 4g.20gb (0),1,,13,cupy_copy__complex64_complex64
4001124409,2912,242118,103,1,1,128,1,1,16,0.000,0.000,,,,,NVIDIA A100-SXM4-40GB MIG 4g.20gb (0),1,,13,cupy_copy__complex64_complex64
4001147385,101214,242125,1,1,1,32,32,1,30,0.000,0.000,,,,,NVIDIA A100-SXM4-40GB MIG 4g.20gb (0),1,,13,"void convert_kernel<__half2, float2>(tensor_layout_any, T1 *, tensor_layout_any, const T2 *)"
4001284023,22496,242128,,,,,,,,,,0.094,4164.975,Pinned,Device,NVIDIA A100-SXM4-40GB MIG 4g.20gb (0),1,,13,[CUDA memcpy Host-to-Device]
4001319095,46943,242129,,,,,,,,,,35.810,762822.916,Device,,NVIDIA A100-SXM4-40GB MIG 4g.20gb (0),1,,13,[CUDA memset]
4001372694,10432,242131,,,,,,,,,,0.000,7.669,Pinned,Device,NVIDIA A100-SXM4-40GB MIG 4g.20gb (0),1,,13,[CUDA memcpy Host-to-Device]
4001389878,26239,242132,,,,,,,,,,0.197,7492.927,Pinned,Device,NVIDIA A100-SXM4-40GB MIG 4g.20gb (0),1,,13,[CUDA memcpy Host-to-Device]
4001435189,9344,242133,273,1,1,48,1,1,40,0.000,0.001,,,,,NVIDIA A100-SXM4-40GB MIG 4g.20gb (0),1,,13,"void pusch_noise_intf_est::noiseIntfEstNoDftSOfdmKernel<float, __half, float, float, (unsigned int)2, (unsigned int)1, (unsigned char)4, (unsigned char)4>(pusch_noise_intf_est::puschRxNoiseIntfEstDynDescr)"
4001450453,2784,242144,35,1,1,128,1,1,16,0.000,0.000,,,,,NVIDIA A100-SXM4-40GB MIG 4g.20gb (0),1,,13,cupy_copy__complex64_complex64
4001458997,1760,242153,1,1,1,1,1,1,18,0.000,0.000,,,,,NVIDIA A100-SXM4-40GB MIG 4g.20gb (0),1,,13,cupy_copy__float32_float32
4001468053,6816,242159,,,,,,,,,,0.000,0.587,Device,Pageable,NVIDIA A100-SXM4-40GB MIG 4g.20gb (0),1,,7,[CUDA memcpy Device-to-Host]
4001546644,13248,242170,1434,1,1,128,1,1,16,0.000,0.000,,,,,NVIDIA A100-SXM4-40GB MIG 4g.20gb (0),1,,13,cupy_copy__complex64_complex64
4001576595,3456,242177,103,1,1,128,1,1,16,0.000,0.000,,,,,NVIDIA A100-SXM4-40GB MIG 4g.20gb (0),1,,13,cupy_copy__complex64_complex64
4001596691,2720,242184,35,1,1,128,1,1,16,0.000,0.000,,,,,NVIDIA A100-SXM4-40GB MIG 4g.20gb (0),1,,13,cupy_copy__complex64_complex64
4001612851,1792,242191,1,1,1,1,1,1,18,0.000,0.000,,,,,NVIDIA A100-SXM4-40GB MIG 4g.20gb (0),1,,13,cupy_copy__float32_float32
4001741073,87839,242202,1,1,1,32,32,1,30,0.000,0.000,,,,,NVIDIA A100-SXM4-40GB MIG 4g.20gb (0),1,,13,"void convert_kernel<__half2, float2>(tensor_layout_any, T1 *, tensor_layout_any, const T2 *)"
4001856464,5696,242205,,,,,,,,,,0.094,16449.363,Pinned,Device,NVIDIA A100-SXM4-40GB MIG 4g.20gb (0),1,,13,[CUDA memcpy Host-to-Device]
4001869808,3200,242206,,,,,,,,,,1.547,483320.000,Device,,NVIDIA A100-SXM4-40GB MIG 4g.20gb (0),1,,13,[CUDA memset]
4001876912,3040,242211,,,,,,,,,,0.031,10294.725,Pinned,Device,NVIDIA A100-SXM4-40GB MIG 4g.20gb (0),1,,13,[CUDA memcpy Host-to-Device]
4001882832,9599,242212,,,,,,,,,,0.197,20482.032,Pinned,Device,NVIDIA A100-SXM4-40GB MIG 4g.20gb (0),1,,13,[CUDA memcpy Host-to-Device]
4001898767,6272,242213,273,1,1,8,4,1,39,0.002,0.000,,,,,NVIDIA A100-SXM4-40GB MIG 4g.20gb (0),1,,13,"void channel_eq::eqMmseCoefCompLowMimoKernel<float, float, float, (unsigned int)4, (unsigned int)1, (unsigned int)4>(const channel_eq::_puschRxChEqStatDescr *, channel_eq::_puschRxChEqCoefCompDynDescr)"
4001906607,5728,242214,273,1,1,12,11,1,51,0.002,0.000,,,,,NVIDIA A100-SXM4-40GB MIG 4g.20gb (0),1,,13,"void channel_eq::eqMmseSoftDemapKernel<float, __half, __half, float, (unsigned int)4, (unsigned short)16383>(channel_eq::_puschRxChEqStatDescr *, channel_eq::_puschRxChEqSoftDemapDynDescr)"
4001914767,282173,242215,1,1,1,32,32,1,30,0.000,0.000,,,,,NVIDIA A100-SXM4-40GB MIG 4g.20gb (0),1,,13,"void convert_kernel<float2, __half2>(tensor_layout_any, T1 *, tensor_layout_any, const T2 *)"
4002198444,10944,242227,2253,1,1,128,1,1,16,0.000,0.000,,,,,NVIDIA A100-SXM4-40GB MIG 4g.20gb (0),1,,13,cupy_copy__float16_float16
4002213803,2688,242236,282,1,1,128,1,1,16,0.000,0.000,,,,,NVIDIA A100-SXM4-40GB MIG 4g.20gb (0),1,,13,cupy_copy__complex64_complex64
4002221387,2208,242245,26,1,1,128,1,1,16,0.000,0.000,,,,,NVIDIA A100-SXM4-40GB MIG 4g.20gb (0),1,,13,cupy_copy__float32_float32
4002225995,2944,242254,103,1,1,128,1,1,16,0.000,0.000,,,,,NVIDIA A100-SXM4-40GB MIG 4g.20gb (0),1,,13,cupy_copy__complex64_complex64
4002229931,12288,242264,1434,1,1,128,1,1,16,0.000,0.000,,,,,NVIDIA A100-SXM4-40GB MIG 4g.20gb (0),1,,13,cupy_copy__complex64_complex64
4002246059,87263,242269,1,1,1,32,32,1,30,0.000,0.000,,,,,NVIDIA A100-SXM4-40GB MIG 4g.20gb (0),1,,13,"void convert_kernel<__half2, float2>(tensor_layout_any, T1 *, tensor_layout_any, const T2 *)"
4002360234,5504,242272,,,,,,,,,,0.094,17023.251,Pinned,Device,NVIDIA A100-SXM4-40GB MIG 4g.20gb (0),1,,13,[CUDA memcpy Host-to-Device]
4002373066,601848,242273,,,,,,,,,,456.561,758348.552,Device,,NVIDIA A100-SXM4-40GB MIG 4g.20gb (0),1,,13,[CUDA memset]
4002978114,78175,242278,,,,,,,,,,1.235,15796.169,Pinned,Device,NVIDIA A100-SXM4-40GB MIG 4g.20gb (0),1,,13,[CUDA memcpy Host-to-Device]
4003062849,15968,242279,,,,,,,,,,0.197,12312.576,Pinned,Device,NVIDIA A100-SXM4-40GB MIG 4g.20gb (0),1,,13,[CUDA memcpy Host-to-Device]
4003088033,9344,242280,69,4,1,48,1,1,76,0.002,0.000,,,,,NVIDIA A100-SXM4-40GB MIG 4g.20gb (0),1,,13,"void ch_est::windowedChEstPreNoDftSOfdmKernel<float, __half, float, (unsigned int)2, (unsigned int)1, (unsigned short)4>(ch_est::puschRxChEstStatDescr_t *, ch_est::puschRxChEstDynDescr_t *)"
4003103360,7520,242281,137,2,1,24,2,1,44,0.001,0.001,,,,,NVIDIA A100-SXM4-40GB MIG 4g.20gb (0),1,,13,"void ch_est::chEstFilterNoDftSOfdmDispatchKernel<float, __half, float, (unsigned int)2>(ch_est::puschRxChEstStatDescr_t *, ch_est::puschRxChEstDynDescr_t *)"
4003118400,4832,242282,137,2,1,24,2,1,44,0.001,0.001,,,,,NVIDIA A100-SXM4-40GB MIG 4g.20gb (0),1,,13,"void ch_est::chEstFilterNoDftSOfdmDispatchKernel<float, __half, float, (unsigned int)2>(ch_est::puschRxChEstStatDescr_t *, ch_est::puschRxChEstDynDescr_t *)"
4003126208,3104,242293,103,1,1,128,1,1,16,0.000,0.000,,,,,NVIDIA A100-SXM4-40GB MIG 4g.20gb (0),1,,13,cupy_copy__complex64_complex64
4003134560,12608,242303,1434,1,1,128,1,1,16,0.000,0.000,,,,,NVIDIA A100-SXM4-40GB MIG 4g.20gb (0),1,,13,cupy_copy__complex64_complex64
4003155584,2688,242310,103,1,1,128,1,1,16,0.000,0.000,,,,,NVIDIA A100-SXM4-40GB MIG 4g.20gb (0),1,,13,cupy_copy__complex64_complex64
4003164128,88127,242317,1,1,1,32,32,1,30,0.000,0.000,,,,,NVIDIA A100-SXM4-40GB MIG 4g.20gb (0),1,,13,"void convert_kernel<__half2, float2>(tensor_layout_any, T1 *, tensor_layout_any, const T2 *)"
4003282046,13440,242320,,,,,,,,,,0.094,6971.357,Pinned,Device,NVIDIA A100-SXM4-40GB MIG 4g.20gb (0),1,,13,[CUDA memcpy Host-to-Device]
4003300990,47519,242321,,,,,,,,,,35.810,753583.956,Device,,NVIDIA A100-SXM4-40GB MIG 4g.20gb (0),1,,13,[CUDA memset]
4003356285,7744,242323,,,,,,,,,,0.000,10.331,Pinned,Device,NVIDIA A100-SXM4-40GB MIG 4g.20gb (0),1,,13,[CUDA memcpy Host-to-Device]
4003367965,20032,242324,,,,,,,,,,0.197,9814.671,Pinned,Device,NVIDIA A100-SXM4-40GB MIG 4g.20gb (0),1,,13,[CUDA memcpy Host-to-Device]
4003401981,9408,242325,273,1,1,48,1,1,40,0.000,0.001,,,,,NVIDIA A100-SXM4-40GB MIG 4g.20gb (0),1,,13,"void pusch_noise_intf_est::noiseIntfEstNoDftSOfdmKernel<float, __half, float, float, (unsigned int)2, (unsigned int)1, (unsigned char)4, (unsigned char)4>(pusch_noise_intf_est::puschRxNoiseIntfEstDynDescr)"
4003423005,2784,242336,35,1,1,128,1,1,16,0.000,0.000,,,,,NVIDIA A100-SXM4-40GB MIG 4g.20gb (0),1,,13,cupy_copy__complex64_complex64
4003434556,1952,242345,1,1,1,1,1,1,18,0.000,0.000,,,,,NVIDIA A100-SXM4-40GB MIG 4g.20gb (0),1,,13,cupy_copy__float32_float32
4003443324,7040,242351,,,,,,,,,,0.000,0.568,Device,Pageable,NVIDIA A100-SXM4-40GB MIG 4g.20gb (0),1,,7,[CUDA memcpy Device-to-Host]
4003534875,12576,242362,1434,1,1,128,1,1,16,0.000,0.000,,,,,NVIDIA A100-SXM4-40GB MIG 4g.20gb (0),1,,13,cupy_copy__complex64_complex64
4003564443,2656,242369,103,1,1,128,1,1,16,0.000,0.000,,,,,NVIDIA A100-SXM4-40GB MIG 4g.20gb (0),1,,13,cupy_copy__complex64_complex64
4003578779,2304,242376,35,1,1,128,1,1,16,0.000,0.000,,,,,NVIDIA A100-SXM4-40GB MIG 4g.20gb (0),1,,13,cupy_copy__complex64_complex64
4003593594,1824,242383,1,1,1,1,1,1,18,0.000,0.000,,,,,NVIDIA A100-SXM4-40GB MIG 4g.20gb (0),1,,13,cupy_copy__float32_float32
4003722649,89247,242394,1,1,1,32,32,1,30,0.000,0.000,,,,,NVIDIA A100-SXM4-40GB MIG 4g.20gb (0),1,,13,"void convert_kernel<__half2, float2>(tensor_layout_any, T1 *, tensor_layout_any, const T2 *)"
4003839383,5888,242397,,,,,,,,,,0.094,15912.954,Pinned,Device,NVIDIA A100-SXM4-40GB MIG 4g.20gb (0),1,,13,[CUDA memcpy Host-to-Device]
4003854359,3488,242398,,,,,,,,,,1.547,443412.461,Device,,NVIDIA A100-SXM4-40GB MIG 4g.20gb (0),1,,13,[CUDA memset]
4003861079,3328,242403,,,,,,,,,,0.031,9403.822,Pinned,Device,NVIDIA A100-SXM4-40GB MIG 4g.20gb (0),1,,13,[CUDA memcpy Host-to-Device]
4003867287,9920,242404,,,,,,,,,,0.197,19819.266,Pinned,Device,NVIDIA A100-SXM4-40GB MIG 4g.20gb (0),1,,13,[CUDA memcpy Host-to-Device]
4003883831,6272,242405,273,1,1,8,4,1,39,0.002,0.000,,,,,NVIDIA A100-SXM4-40GB MIG 4g.20gb (0),1,,13,"void channel_eq::eqMmseCoefCompLowMimoKernel<float, float, float, (unsigned int)4, (unsigned int)1, (unsigned int)4>(const channel_eq::_puschRxChEqStatDescr *, channel_eq::_puschRxChEqCoefCompDynDescr)"
4003892087,5376,242406,273,1,1,12,11,1,51,0.002,0.000,,,,,NVIDIA A100-SXM4-40GB MIG 4g.20gb (0),1,,13,"void channel_eq::eqMmseSoftDemapKernel<float, __half, __half, float, (unsigned int)4, (unsigned short)16383>(channel_eq::_puschRxChEqStatDescr *, channel_eq::_puschRxChEqSoftDemapDynDescr)"
4003899511,282588,242407,1,1,1,32,32,1,30,0.000,0.000,,,,,NVIDIA A100-SXM4-40GB MIG 4g.20gb (0),1,,13,"void convert_kernel<float2, __half2>(tensor_layout_any, T1 *, tensor_layout_any, const T2 *)"
4004183731,10944,242419,2253,1,1,128,1,1,16,0.000,0.000,,,,,NVIDIA A100-SXM4-40GB MIG 4g.20gb (0),1,,13,cupy_copy__float16_float16
4004196851,3712,242428,282,1,1,128,1,1,16,0.000,0.000,,,,,NVIDIA A100-SXM4-40GB MIG 4g.20gb (0),1,,13,cupy_copy__complex64_complex64
4004204147,2240,242437,26,1,1,128,1,1,16,0.000,0.000,,,,,NVIDIA A100-SXM4-40GB MIG 4g.20gb (0),1,,13,cupy_copy__float32_float32
4004207507,2816,242446,103,1,1,128,1,1,16,0.000,0.000,,,,,NVIDIA A100-SXM4-40GB MIG 4g.20gb (0),1,,13,cupy_copy__complex64_complex64
4004212947,11968,242456,1434,1,1,128,1,1,16,0.000,0.000,,,,,NVIDIA A100-SXM4-40GB MIG 4g.20gb (0),1,,13,cupy_copy__complex64_complex64
4004226963,82815,242461,1,1,1,32,32,1,30,0.000,0.000,,,,,NVIDIA A100-SXM4-40GB MIG 4g.20gb (0),1,,13,"void convert_kernel<__half2, float2>(tensor_layout_any, T1 *, tensor_layout_any, const T2 *)"
4004337265,5632,242464,,,,,,,,,,0.094,16636.287,Pinned,Device,NVIDIA A100-SXM4-40GB MIG 4g.20gb (0),1,,13,[CUDA memcpy Host-to-Device]
4004347249,599961,242465,,,,,,,,,,456.561,760631.359,Device,,NVIDIA A100-SXM4-40GB MIG 4g.20gb (0),1,,13,[CUDA memset]
4004955850,157694,242470,,,,,,,,,,1.235,7830.780,Pinned,Device,NVIDIA A100-SXM4-40GB MIG 4g.20gb (0),1,,13,[CUDA memcpy Host-to-Device]
4005121192,31519,242471,,,,,,,,,,0.197,6237.585,Pinned,Device,NVIDIA A100-SXM4-40GB MIG 4g.20gb (0),1,,13,[CUDA memcpy Host-to-Device]
4005168743,8064,242472,69,4,1,48,1,1,76,0.002,0.000,,,,,NVIDIA A100-SXM4-40GB MIG 4g.20gb (0),1,,13,"void ch_est::windowedChEstPreNoDftSOfdmKernel<float, __half, float, (unsigned int)2, (unsigned int)1, (unsigned short)4>(ch_est::puschRxChEstStatDescr_t *, ch_est::puschRxChEstDynDescr_t *)"
4005180487,6816,242473,137,2,1,24,2,1,44,0.001,0.001,,,,,NVIDIA A100-SXM4-40GB MIG 4g.20gb (0),1,,13,"void ch_est::chEstFilterNoDftSOfdmDispatchKernel<float, __half, float, (unsigned int)2>(ch_est::puschRxChEstStatDescr_t *, ch_est::puschRxChEstDynDescr_t *)"
4005192295,5120,242474,137,2,1,24,2,1,44,0.001,0.001,,,,,NVIDIA A100-SXM4-40GB MIG 4g.20gb (0),1,,13,"void ch_est::chEstFilterNoDftSOfdmDispatchKernel<float, __half, float, (unsigned int)2>(ch_est::puschRxChEstStatDescr_t *, ch_est::puschRxChEstDynDescr_t *)"
4005204167,2687,242485,103,1,1,128,1,1,16,0.000,0.000,,,,,NVIDIA A100-SXM4-40GB MIG 4g.20gb (0),1,,13,cupy_copy__complex64_complex64
4005208646,12928,242495,1434,1,1,128,1,1,16,0.000,0.000,,,,,NVIDIA A100-SXM4-40GB MIG 4g.20gb (0),1,,13,cupy_copy__complex64_complex64
4005224422,2752,242502,103,1,1,128,1,1,16,0.000,0.000,,,,,NVIDIA A100-SXM4-40GB MIG 4g.20gb (0),1,,13,cupy_copy__complex64_complex64
4005230054,82495,242509,1,1,1,32,32,1,30,0.000,0.000,,,,,NVIDIA A100-SXM4-40GB MIG 4g.20gb (0),1,,13,"void convert_kernel<__half2, float2>(tensor_layout_any, T1 *, tensor_layout_any, const T2 *)"
4005340805,5664,242512,,,,,,,,,,0.094,16542.310,Pinned,Device,NVIDIA A100-SXM4-40GB MIG 4g.20gb (0),1,,13,[CUDA memcpy Host-to-Device]
4005352805,47807,242513,,,,,,,,,,35.810,749036.097,Device,,NVIDIA A100-SXM4-40GB MIG 4g.20gb (0),1,,13,[CUDA memset]
4005405380,4704,242515,,,,,,,,,,0.000,17.007,Pinned,Device,NVIDIA A100-SXM4-40GB MIG 4g.20gb (0),1,,13,[CUDA memcpy Host-to-Device]
4005413892,13376,242516,,,,,,,,,,0.197,14698.414,Pinned,Device,NVIDIA A100-SXM4-40GB MIG 4g.20gb (0),1,,13,[CUDA memcpy Host-to-Device]
4005439076,12799,242517,273,1,1,48,1,1,40,0.000,0.001,,,,,NVIDIA A100-SXM4-40GB MIG 4g.20gb (0),1,,13,"void pusch_noise_intf_est::noiseIntfEstNoDftSOfdmKernel<float, __half, float, float, (unsigned int)2, (unsigned int)1, (unsigned char)4, (unsigned char)4>(pusch_noise_intf_est::puschRxNoiseIntfEstDynDescr)"
4005456771,2624,242528,35,1,1,128,1,1,16,0.000,0.000,,,,,NVIDIA A100-SXM4-40GB MIG 4g.20gb (0),1,,13,cupy_copy__complex64_complex64
4005464323,1792,242537,1,1,1,1,1,1,18,0.000,0.000,,,,,NVIDIA A100-SXM4-40GB MIG 4g.20gb (0),1,,13,cupy_copy__float32_float32
4005493603,1664,242543,,,,,,,,,,0.000,2.404,Device,Pageable,NVIDIA A100-SXM4-40GB MIG 4g.20gb (0),1,,7,[CUDA memcpy Device-to-Host]
4005554306,12896,242554,1434,1,1,128,1,1,16,0.000,0.000,,,,,NVIDIA A100-SXM4-40GB MIG 4g.20gb (0),1,,13,cupy_copy__complex64_complex64
4005580642,2912,242561,103,1,1,128,1,1,16,0.000,0.000,,,,,NVIDIA A100-SXM4-40GB MIG 4g.20gb (0),1,,13,cupy_copy__complex64_complex64
4005602850,2592,242568,35,1,1,128,1,1,16,0.000,0.000,,,,,NVIDIA A100-SXM4-40GB MIG 4g.20gb (0),1,,13,cupy_copy__complex64_complex64
4005619745,1792,242575,1,1,1,1,1,1,18,0.000,0.000,,,,,NVIDIA A100-SXM4-40GB MIG 4g.20gb (0),1,,13,cupy_copy__float32_float32
4005751680,82143,242586,1,1,1,32,32,1,30,0.000,0.000,,,,,NVIDIA A100-SXM4-40GB MIG 4g.20gb (0),1,,13,"void convert_kernel<__half2, float2>(tensor_layout_any, T1 *, tensor_layout_any, const T2 *)"
4005861566,5440,242589,,,,,,,,,,0.094,17223.480,Pinned,Device,NVIDIA A100-SXM4-40GB MIG 4g.20gb (0),1,,13,[CUDA memcpy Host-to-Device]
4005875966,3552,242590,,,,,,,,,,1.547,435422.601,Device,,NVIDIA A100-SXM4-40GB MIG 4g.20gb (0),1,,13,[CUDA memset]
4005882910,3584,242595,,,,,,,,,,0.031,8732.116,Pinned,Device,NVIDIA A100-SXM4-40GB MIG 4g.20gb (0),1,,13,[CUDA memcpy Host-to-Device]
4005888926,10080,242596,,,,,,,,,,0.197,19504.693,Pinned,Device,NVIDIA A100-SXM4-40GB MIG 4g.20gb (0),1,,13,[CUDA memcpy Host-to-Device]
4005904574,6016,242597,273,1,1,8,4,1,39,0.002,0.000,,,,,NVIDIA A100-SXM4-40GB MIG 4g.20gb (0),1,,13,"void channel_eq::eqMmseCoefCompLowMimoKernel<float, float, float, (unsigned int)4, (unsigned int)1, (unsigned int)4>(const channel_eq::_puschRxChEqStatDescr *, channel_eq::_puschRxChEqCoefCompDynDescr)"
4005913822,6016,242598,273,1,1,12,11,1,51,0.002,0.000,,,,,NVIDIA A100-SXM4-40GB MIG 4g.20gb (0),1,,13,"void channel_eq::eqMmseSoftDemapKernel<float, __half, __half, float, (unsigned int)4, (unsigned short)16383>(channel_eq::_puschRxChEqStatDescr *, channel_eq::_puschRxChEqSoftDemapDynDescr)"
4005922078,282268,242599,1,1,1,32,32,1,30,0.000,0.000,,,,,NVIDIA A100-SXM4-40GB MIG 4g.20gb (0),1,,13,"void convert_kernel<float2, __half2>(tensor_layout_any, T1 *, tensor_layout_any, const T2 *)"
4006205306,10848,242611,2253,1,1,128,1,1,16,0.000,0.000,,,,,NVIDIA A100-SXM4-40GB MIG 4g.20gb (0),1,,13,cupy_copy__float16_float16
4006220250,3584,242620,282,1,1,128,1,1,16,0.000,0.000,,,,,NVIDIA A100-SXM4-40GB MIG 4g.20gb (0),1,,13,cupy_copy__complex64_complex64
4006226330,2016,242629,26,1,1,128,1,1,16,0.000,0.000,,,,,NVIDIA A100-SXM4-40GB MIG 4g.20gb (0),1,,13,cupy_copy__float32_float32
4006231642,3168,242638,103,1,1,128,1,1,16,0.000,0.000,,,,,NVIDIA A100-SXM4-40GB MIG 4g.20gb (0),1,,13,cupy_copy__complex64_complex64
4006237434,12576,242648,1434,1,1,128,1,1,16,0.000,0.000,,,,,NVIDIA A100-SXM4-40GB MIG 4g.20gb (0),1,,13,cupy_copy__complex64_complex64
4006252858,82751,242653,1,1,1,32,32,1,30,0.000,0.000,,,,,NVIDIA A100-SXM4-40GB MIG 4g.20gb (0),1,,13,"void convert_kernel<__half2, float2>(tensor_layout_any, T1 *, tensor_layout_any, const T2 *)"
4006362136,5536,242656,,,,,,,,,,0.094,16924.777,Pinned,Device,NVIDIA A100-SXM4-40GB MIG 4g.20gb (0),1,,13,[CUDA memcpy Host-to-Device]
4006372056,596537,242657,,,,,,,,,,456.561,765196.973,Device,,NVIDIA A100-SXM4-40GB MIG 4g.20gb (0),1,,13,[CUDA memset]
4006970193,167390,242662,,,,,,,,,,1.235,7377.555,Pinned,Device,NVIDIA A100-SXM4-40GB MIG 4g.20gb (0),1,,13,[CUDA memcpy Host-to-Device]
4007150542,40160,242663,,,,,,,,,,0.197,4895.539,Pinned,Device,NVIDIA A100-SXM4-40GB MIG 4g.20gb (0),1,,13,[CUDA memcpy Host-to-Device]
4007208046,7904,242664,69,4,1,48,1,1,76,0.002,0.000,,,,,NVIDIA A100-SXM4-40GB MIG 4g.20gb (0),1,,13,"void ch_est::windowedChEstPreNoDftSOfdmKernel<float, __half, float, (unsigned int)2, (unsigned int)1, (unsigned short)4>(ch_est::puschRxChEstStatDescr_t *, ch_est::puschRxChEstDynDescr_t *)"
4007226094,6463,242665,137,2,1,24,2,1,44,0.001,0.001,,,,,NVIDIA A100-SXM4-40GB MIG 4g.20gb (0),1,,13,"void ch_est::chEstFilterNoDftSOfdmDispatchKernel<float, __half, float, (unsigned int)2>(ch_est::puschRxChEstStatDescr_t *, ch_est::puschRxChEstDynDescr_t *)"
4007245741,4672,242666,137,2,1,24,2,1,44,0.001,0.001,,,,,NVIDIA A100-SXM4-40GB MIG 4g.20gb (0),1,,13,"void ch_est::chEstFilterNoDftSOfdmDispatchKernel<float, __half, float, (unsigned int)2>(ch_est::puschRxChEstStatDescr_t *, ch_est::puschRxChEstDynDescr_t *)"
4007262573,2752,242677,103,1,1,128,1,1,16,0.000,0.000,,,,,NVIDIA A100-SXM4-40GB MIG 4g.20gb (0),1,,13,cupy_copy__complex64_complex64
4007279885,12352,242687,1434,1,1,128,1,1,16,0.000,0.000,,,,,NVIDIA A100-SXM4-40GB MIG 4g.20gb (0),1,,13,cupy_copy__complex64_complex64
4007298157,2912,242694,103,1,1,128,1,1,16,0.000,0.000,,,,,NVIDIA A100-SXM4-40GB MIG 4g.20gb (0),1,,13,cupy_copy__complex64_complex64
4007323468,91647,242701,1,1,1,32,32,1,30,0.000,0.000,,,,,NVIDIA A100-SXM4-40GB MIG 4g.20gb (0),1,,13,"void convert_kernel<__half2, float2>(tensor_layout_any, T1 *, tensor_layout_any, const T2 *)"
4007446251,12704,242704,,,,,,,,,,0.094,7375.281,Pinned,Device,NVIDIA A100-SXM4-40GB MIG 4g.20gb (0),1,,13,[CUDA memcpy Host-to-Device]
4007465227,47903,242705,,,,,,,,,,35.810,747532.080,Device,,NVIDIA A100-SXM4-40GB MIG 4g.20gb (0),1,,13,[CUDA memset]
4007517770,2528,242707,,,,,,,,,,0.000,31.646,Pinned,Device,NVIDIA A100-SXM4-40GB MIG 4g.20gb (0),1,,13,[CUDA memcpy Host-to-Device]
4007524138,10304,242708,,,,,,,,,,0.197,19080.610,Pinned,Device,NVIDIA A100-SXM4-40GB MIG 4g.20gb (0),1,,13,[CUDA memcpy Host-to-Device]
4007543754,10239,242709,273,1,1,48,1,1,40,0.000,0.001,,,,,NVIDIA A100-SXM4-40GB MIG 4g.20gb (0),1,,13,"void pusch_noise_intf_est::noiseIntfEstNoDftSOfdmKernel<float, __half, float, float, (unsigned int)2, (unsigned int)1, (unsigned char)4, (unsigned char)4>(pusch_noise_intf_est::puschRxNoiseIntfEstDynDescr)"
4007555561,2976,242720,35,1,1,128,1,1,16,0.000,0.000,,,,,NVIDIA A100-SXM4-40GB MIG 4g.20gb (0),1,,13,cupy_copy__complex64_complex64
4007563721,1792,242729,1,1,1,1,1,1,18,0.000,0.000,,,,,NVIDIA A100-SXM4-40GB MIG 4g.20gb (0),1,,13,cupy_copy__float32_float32
4007600233,1888,242735,,,,,,,,,,0.000,2.119,Device,Pageable,NVIDIA A100-SXM4-40GB MIG 4g.20gb (0),1,,7,[CUDA memcpy Device-to-Host]
4007660808,13344,242746,1434,1,1,128,1,1,16,0.000,0.000,,,,,NVIDIA A100-SXM4-40GB MIG 4g.20gb (0),1,,13,cupy_copy__complex64_complex64
4007689256,2624,242753,103,1,1,128,1,1,16,0.000,0.000,,,,,NVIDIA A100-SXM4-40GB MIG 4g.20gb (0),1,,13,cupy_copy__complex64_complex64
4007709032,2368,242760,35,1,1,128,1,1,16,0.000,0.000,,,,,NVIDIA A100-SXM4-40GB MIG 4g.20gb (0),1,,13,cupy_copy__complex64_complex64
4007728071,1760,242767,1,1,1,1,1,1,18,0.000,0.000,,,,,NVIDIA A100-SXM4-40GB MIG 4g.20gb (0),1,,13,cupy_copy__float32_float32
4007859206,81951,242778,1,1,1,32,32,1,30,0.000,0.000,,,,,NVIDIA A100-SXM4-40GB MIG 4g.20gb (0),1,,13,"void convert_kernel<__half2, float2>(tensor_layout_any, T1 *, tensor_layout_any, const T2 *)"
4007969028,5408,242781,,,,,,,,,,0.094,17325.421,Pinned,Device,NVIDIA A100-SXM4-40GB MIG 4g.20gb (0),1,,13,[CUDA memcpy Host-to-Device]
4007984516,3296,242782,,,,,,,,,,1.547,469242.628,Device,,NVIDIA A100-SXM4-40GB MIG 4g.20gb (0),1,,13,[CUDA memset]
4007990340,3328,242787,,,,,,,,,,0.031,9403.822,Pinned,Device,NVIDIA A100-SXM4-40GB MIG 4g.20gb (0),1,,13,[CUDA memcpy Host-to-Device]
4007996740,9568,242788,,,,,,,,,,0.197,20548.485,Pinned,Device,NVIDIA A100-SXM4-40GB MIG 4g.20gb (0),1,,13,[CUDA memcpy Host-to-Device]
4008011140,6496,242789,273,1,1,8,4,1,39,0.002,0.000,,,,,NVIDIA A100-SXM4-40GB MIG 4g.20gb (0),1,,13,"void channel_eq::eqMmseCoefCompLowMimoKernel<float, float, float, (unsigned int)4, (unsigned int)1, (unsigned int)4>(const channel_eq::_puschRxChEqStatDescr *, channel_eq::_puschRxChEqCoefCompDynDescr)"
4008018628,7744,242790,273,1,1,12,11,1,51,0.002,0.000,,,,,NVIDIA A100-SXM4-40GB MIG 4g.20gb (0),1,,13,"void channel_eq::eqMmseSoftDemapKernel<float, __half, __half, float, (unsigned int)4, (unsigned short)16383>(channel_eq::_puschRxChEqStatDescr *, channel_eq::_puschRxChEqSoftDemapDynDescr)"
4008027748,294364,242791,1,1,1,32,32,1,30,0.000,0.000,,,,,NVIDIA A100-SXM4-40GB MIG 4g.20gb (0),1,,13,"void convert_kernel<float2, __half2>(tensor_layout_any, T1 *, tensor_layout_any, const T2 *)"
4008323968,11072,242803,2253,1,1,128,1,1,16,0.000,0.000,,,,,NVIDIA A100-SXM4-40GB MIG 4g.20gb (0),1,,13,cupy_copy__float16_float16
4008337152,3296,242812,282,1,1,128,1,1,16,0.000,0.000,,,,,NVIDIA A100-SXM4-40GB MIG 4g.20gb (0),1,,13,cupy_copy__complex64_complex64
4008341696,2400,242821,26,1,1,128,1,1,16,0.000,0.000,,,,,NVIDIA A100-SXM4-40GB MIG 4g.20gb (0),1,,13,cupy_copy__float32_float32
4008346816,3136,242830,103,1,1,128,1,1,16,0.000,0.000,,,,,NVIDIA A100-SXM4-40GB MIG 4g.20gb (0),1,,13,cupy_copy__complex64_complex64
4008351072,11999,242840,1434,1,1,128,1,1,16,0.000,0.000,,,,,NVIDIA A100-SXM4-40GB MIG 4g.20gb (0),1,,13,cupy_copy__complex64_complex64
4008368767,86911,242845,1,1,1,32,32,1,30,0.000,0.000,,,,,NVIDIA A100-SXM4-40GB MIG 4g.20gb (0),1,,13,"void convert_kernel<__half2, float2>(tensor_layout_any, T1 *, tensor_layout_any, const T2 *)"
4008482750,5696,242848,,,,,,,,,,0.094,16449.363,Pinned,Device,NVIDIA A100-SXM4-40GB MIG 4g.20gb (0),1,,13,[CUDA memcpy Host-to-Device]
4008492798,597656,242849,,,,,,,,,,456.561,763827.289,Device,,NVIDIA A100-SXM4-40GB MIG 4g.20gb (0),1,,13,[CUDA memset]
4009099958,148703,242854,,,,,,,,,,1.235,8303.763,Pinned,Device,NVIDIA A100-SXM4-40GB MIG 4g.20gb (0),1,,13,[CUDA memcpy Host-to-Device]
4009262260,41984,242855,,,,,,,,,,0.197,4682.809,Pinned,Device,NVIDIA A100-SXM4-40GB MIG 4g.20gb (0),1,,13,[CUDA memcpy Host-to-Device]
4009334771,8192,242856,69,4,1,48,1,1,76,0.002,0.000,,,,,NVIDIA A100-SXM4-40GB MIG 4g.20gb (0),1,,13,"void ch_est::windowedChEstPreNoDftSOfdmKernel<float, __half, float, (unsigned int)2, (unsigned int)1, (unsigned short)4>(ch_est::puschRxChEstStatDescr_t *, ch_est::puschRxChEstDynDescr_t *)"
4009353971,6816,242857,137,2,1,24,2,1,44,0.001,0.001,,,,,NVIDIA A100-SXM4-40GB MIG 4g.20gb (0),1,,13,"void ch_est::chEstFilterNoDftSOfdmDispatchKernel<float, __half, float, (unsigned int)2>(ch_est::puschRxChEstStatDescr_t *, ch_est::puschRxChEstDynDescr_t *)"
4009370515,4736,242858,137,2,1,24,2,1,44,0.001,0.001,,,,,NVIDIA A100-SXM4-40GB MIG 4g.20gb (0),1,,13,"void ch_est::chEstFilterNoDftSOfdmDispatchKernel<float, __half, float, (unsigned int)2>(ch_est::puschRxChEstStatDescr_t *, ch_est::puschRxChEstDynDescr_t *)"
4009390163,2720,242869,103,1,1,128,1,1,16,0.000,0.000,,,,,NVIDIA A100-SXM4-40GB MIG 4g.20gb (0),1,,13,cupy_copy__complex64_complex64
4009407123,12351,242879,1434,1,1,128,1,1,16,0.000,0.000,,,,,NVIDIA A100-SXM4-40GB MIG 4g.20gb (0),1,,13,cupy_copy__complex64_complex64
4009430226,2560,242886,103,1,1,128,1,1,16,0.000,0.000,,,,,NVIDIA A100-SXM4-40GB MIG 4g.20gb (0),1,,13,cupy_copy__complex64_complex64
4009449586,89535,242893,1,1,1,32,32,1,30,0.000,0.000,,,,,NVIDIA A100-SXM4-40GB MIG 4g.20gb (0),1,,13,"void convert_kernel<__half2, float2>(tensor_layout_any, T1 *, tensor_layout_any, const T2 *)"
4009574096,26944,242896,,,,,,,,,,0.094,3477.433,Pinned,Device,NVIDIA A100-SXM4-40GB MIG 4g.20gb (0),1,,13,[CUDA memcpy Host-to-Device]
4009618864,47391,242897,,,,,,,,,,35.810,755625.122,Device,,NVIDIA A100-SXM4-40GB MIG 4g.20gb (0),1,,13,[CUDA memset]
4009672239,7296,242899,,,,,,,,,,0.000,10.965,Pinned,Device,NVIDIA A100-SXM4-40GB MIG 4g.20gb (0),1,,13,[CUDA memcpy Host-to-Device]
4009690063,32448,242900,,,,,,,,,,0.197,6059.065,Pinned,Device,NVIDIA A100-SXM4-40GB MIG 4g.20gb (0),1,,13,[CUDA memcpy Host-to-Device]
4009743598,9248,242901,273,1,1,48,1,1,40,0.000,0.001,,,,,NVIDIA A100-SXM4-40GB MIG 4g.20gb (0),1,,13,"void pusch_noise_intf_est::noiseIntfEstNoDftSOfdmKernel<float, __half, float, float, (unsigned int)2, (unsigned int)1, (unsigned char)4, (unsigned char)4>(pusch_noise_intf_est::puschRxNoiseIntfEstDynDescr)"
4009762990,2752,242912,35,1,1,128,1,1,16,0.000,0.000,,,,,NVIDIA A100-SXM4-40GB MIG 4g.20gb (0),1,,13,cupy_copy__complex64_complex64
4009779310,1696,242921,1,1,1,1,1,1,18,0.000,0.000,,,,,NVIDIA A100-SXM4-40GB MIG 4g.20gb (0),1,,13,cupy_copy__float32_float32
4009782830,8352,242927,,,,,,,,,,0.000,0.479,Device,Pageable,NVIDIA A100-SXM4-40GB MIG 4g.20gb (0),1,,7,[CUDA memcpy Device-to-Host]
4009872749,13024,242938,1434,1,1,128,1,1,16,0.000,0.000,,,,,NVIDIA A100-SXM4-40GB MIG 4g.20gb (0),1,,13,cupy_copy__complex64_complex64
4009899244,2816,242945,103,1,1,128,1,1,16,0.000,0.000,,,,,NVIDIA A100-SXM4-40GB MIG 4g.20gb (0),1,,13,cupy_copy__complex64_complex64
4009923916,2432,242952,35,1,1,128,1,1,16,0.000,0.000,,,,,NVIDIA A100-SXM4-40GB MIG 4g.20gb (0),1,,13,cupy_copy__complex64_complex64
4009939084,1856,242959,1,1,1,1,1,1,18,0.000,0.000,,,,,NVIDIA A100-SXM4-40GB MIG 4g.20gb (0),1,,13,cupy_copy__float32_float32
4010061578,82527,242970,1,1,1,32,32,1,30,0.000,0.000,,,,,NVIDIA A100-SXM4-40GB MIG 4g.20gb (0),1,,13,"void convert_kernel<__half2, float2>(tensor_layout_any, T1 *, tensor_layout_any, const T2 *)"
4010171753,5600,242973,,,,,,,,,,0.094,16731.388,Pinned,Device,NVIDIA A100-SXM4-40GB MIG 4g.20gb (0),1,,13,[CUDA memcpy Host-to-Device]
4010187241,3104,242974,,,,,,,,,,1.547,498266.574,Device,,NVIDIA A100-SXM4-40GB MIG 4g.20gb (0),1,,13,[CUDA memset]
4010193065,3136,242979,,,,,,,,,,0.031,9979.575,Pinned,Device,NVIDIA A100-SXM4-40GB MIG 4g.20gb (0),1,,13,[CUDA memcpy Host-to-Device]
4010198633,9504,242980,,,,,,,,,,0.197,20686.701,Pinned,Device,NVIDIA A100-SXM4-40GB MIG 4g.20gb (0),1,,13,[CUDA memcpy Host-to-Device]
4010213801,6208,242981,273,1,1,8,4,1,39,0.002,0.000,,,,,NVIDIA A100-SXM4-40GB MIG 4g.20gb (0),1,,13,"void channel_eq::eqMmseCoefCompLowMimoKernel<float, float, float, (unsigned int)4, (unsigned int)1, (unsigned int)4>(const channel_eq::_puschRxChEqStatDescr *, channel_eq::_puschRxChEqCoefCompDynDescr)"
4010223016,5664,242982,273,1,1,12,11,1,51,0.002,0.000,,,,,NVIDIA A100-SXM4-40GB MIG 4g.20gb (0),1,,13,"void channel_eq::eqMmseSoftDemapKernel<float, __half, __half, float, (unsigned int)4, (unsigned short)16383>(channel_eq::_puschRxChEqStatDescr *, channel_eq::_puschRxChEqSoftDemapDynDescr)"
4010230536,282333,242983,1,1,1,32,32,1,30,0.000,0.000,,,,,NVIDIA A100-SXM4-40GB MIG 4g.20gb (0),1,,13,"void convert_kernel<float2, __half2>(tensor_layout_any, T1 *, tensor_layout_any, const T2 *)"
4010514213,10912,242995,2253,1,1,128,1,1,16,0.000,0.000,,,,,NVIDIA A100-SXM4-40GB MIG 4g.20gb (0),1,,13,cupy_copy__float16_float16
4010527397,3168,243004,282,1,1,128,1,1,16,0.000,0.000,,,,,NVIDIA A100-SXM4-40GB MIG 4g.20gb (0),1,,13,cupy_copy__complex64_complex64
4010532613,2112,243013,26,1,1,128,1,1,16,0.000,0.000,,,,,NVIDIA A100-SXM4-40GB MIG 4g.20gb (0),1,,13,cupy_copy__float32_float32
4010537925,3712,243022,103,1,1,128,1,1,16,0.000,0.000,,,,,NVIDIA A100-SXM4-40GB MIG 4g.20gb (0),1,,13,cupy_copy__complex64_complex64
4010544868,11968,243032,1434,1,1,128,1,1,16,0.000,0.000,,,,,NVIDIA A100-SXM4-40GB MIG 4g.20gb (0),1,,13,cupy_copy__complex64_complex64
4010562884,81951,243037,1,1,1,32,32,1,30,0.000,0.000,,,,,NVIDIA A100-SXM4-40GB MIG 4g.20gb (0),1,,13,"void convert_kernel<__half2, float2>(tensor_layout_any, T1 *, tensor_layout_any, const T2 *)"
4010671523,5887,243040,,,,,,,,,,0.094,15915.671,Pinned,Device,NVIDIA A100-SXM4-40GB MIG 4g.20gb (0),1,,13,[CUDA memcpy Host-to-Device]
4010681314,603257,243041,,,,,,,,,,456.561,756522.306,Device,,NVIDIA A100-SXM4-40GB MIG 4g.20gb (0),1,,13,[CUDA memset]
4011287163,67359,243046,,,,,,,,,,1.235,18332.744,Pinned,Device,NVIDIA A100-SXM4-40GB MIG 4g.20gb (0),1,,13,[CUDA memcpy Host-to-Device]
4011359866,13120,243047,,,,,,,,,,0.197,14985.265,Pinned,Device,NVIDIA A100-SXM4-40GB MIG 4g.20gb (0),1,,13,[CUDA memcpy Host-to-Device]
4011380410,8320,243048,69,4,1,48,1,1,76,0.002,0.000,,,,,NVIDIA A100-SXM4-40GB MIG 4g.20gb (0),1,,13,"void ch_est::windowedChEstPreNoDftSOfdmKernel<float, __half, float, (unsigned int)2, (unsigned int)1, (unsigned short)4>(ch_est::puschRxChEstStatDescr_t *, ch_est::puschRxChEstDynDescr_t *)"
4011391162,6656,243049,137,2,1,24,2,1,44,0.001,0.001,,,,,NVIDIA A100-SXM4-40GB MIG 4g.20gb (0),1,,13,"void ch_est::chEstFilterNoDftSOfdmDispatchKernel<float, __half, float, (unsigned int)2>(ch_est::puschRxChEstStatDescr_t *, ch_est::puschRxChEstDynDescr_t *)"
4011399770,5600,243050,137,2,1,24,2,1,44,0.001,0.001,,,,,NVIDIA A100-SXM4-40GB MIG 4g.20gb (0),1,,13,"void ch_est::chEstFilterNoDftSOfdmDispatchKernel<float, __half, float, (unsigned int)2>(ch_est::puschRxChEstStatDescr_t *, ch_est::puschRxChEstDynDescr_t *)"
4011407033,2496,243061,103,1,1,128,1,1,16,0.000,0.000,,,,,NVIDIA A100-SXM4-40GB MIG 4g.20gb (0),1,,13,cupy_copy__complex64_complex64
4011411609,12384,243071,1434,1,1,128,1,1,16,0.000,0.000,,,,,NVIDIA A100-SXM4-40GB MIG 4g.20gb (0),1,,13,cupy_copy__complex64_complex64
4011429145,2688,243078,103,1,1,128,1,1,16,0.000,0.000,,,,,NVIDIA A100-SXM4-40GB MIG 4g.20gb (0),1,,13,cupy_copy__complex64_complex64
4011434841,82719,243085,1,1,1,32,32,1,30,0.000,0.000,,,,,NVIDIA A100-SXM4-40GB MIG 4g.20gb (0),1,,13,"void convert_kernel<__half2, float2>(tensor_layout_any, T1 *, tensor_layout_any, const T2 *)"
4011544952,5888,243088,,,,,,,,,,0.094,15912.954,Pinned,Device,NVIDIA A100-SXM4-40GB MIG 4g.20gb (0),1,,13,[CUDA memcpy Host-to-Device]
4011556792,46911,243089,,,,,,,,,,35.810,763324.255,Device,,NVIDIA A100-SXM4-40GB MIG 4g.20gb (0),1,,13,[CUDA memset]
4011609335,4608,243091,,,,,,,,,,0.000,17.361,Pinned,Device,NVIDIA A100-SXM4-40GB MIG 4g.20gb (0),1,,13,[CUDA memcpy Host-to-Device]
4011617943,13120,243092,,,,,,,,,,0.197,14985.265,Pinned,Device,NVIDIA A100-SXM4-40GB MIG 4g.20gb (0),1,,13,[CUDA memcpy Host-to-Device]
4011640183,10655,243093,273,1,1,48,1,1,40,0.000,0.001,,,,,NVIDIA A100-SXM4-40GB MIG 4g.20gb (0),1,,13,"void pusch_noise_intf_est::noiseIntfEstNoDftSOfdmKernel<float, __half, float, float, (unsigned int)2, (unsigned int)1, (unsigned char)4, (unsigned char)4>(pusch_noise_intf_est::puschRxNoiseIntfEstDynDescr)"
4011654806,2816,243104,35,1,1,128,1,1,16,0.000,0.000,,,,,NVIDIA A100-SXM4-40GB MIG 4g.20gb (0),1,,13,cupy_copy__complex64_complex64
4011667350,2144,243113,1,1,1,1,1,1,18,0.000,0.000,,,,,NVIDIA A100-SXM4-40GB MIG 4g.20gb (0),1,,13,cupy_copy__float32_float32
4011698230,1568,243119,,,,,,,,,,0.000,2.551,Device,Pageable,NVIDIA A100-SXM4-40GB MIG 4g.20gb (0),1,,7,[CUDA memcpy Device-to-Host]
4011757685,12896,243130,1434,1,1,128,1,1,16,0.000,0.000,,,,,NVIDIA A100-SXM4-40GB MIG 4g.20gb (0),1,,13,cupy_copy__complex64_complex64
4011784405,2624,243137,103,1,1,128,1,1,16,0.000,0.000,,,,,NVIDIA A100-SXM4-40GB MIG 4g.20gb (0),1,,13,cupy_copy__complex64_complex64
4011804821,2688,243144,35,1,1,128,1,1,16,0.000,0.000,,,,,NVIDIA A100-SXM4-40GB MIG 4g.20gb (0),1,,13,cupy_copy__complex64_complex64
4011822676,1760,243151,1,1,1,1,1,1,18,0.000,0.000,,,,,NVIDIA A100-SXM4-40GB MIG 4g.20gb (0),1,,13,cupy_copy__float32_float32
4011952979,81695,243162,1,1,1,32,32,1,30,0.000,0.000,,,,,NVIDIA A100-SXM4-40GB MIG 4g.20gb (0),1,,13,"void convert_kernel<__half2, float2>(tensor_layout_any, T1 *, tensor_layout_any, const T2 *)"
4012062161,5728,243165,,,,,,,,,,0.094,16357.541,Pinned,Device,NVIDIA A100-SXM4-40GB MIG 4g.20gb (0),1,,13,[CUDA memcpy Host-to-Device]
4012078993,3232,243166,,,,,,,,,,1.547,478533.199,Device,,NVIDIA A100-SXM4-40GB MIG 4g.20gb (0),1,,13,[CUDA memset]
4012083121,3872,243171,,,,,,,,,,0.031,8082.630,Pinned,Device,NVIDIA A100-SXM4-40GB MIG 4g.20gb (0),1,,13,[CUDA memcpy Host-to-Device]
4012089393,9600,243172,,,,,,,,,,0.197,20479.869,Pinned,Device,NVIDIA A100-SXM4-40GB MIG 4g.20gb (0),1,,13,[CUDA memcpy Host-to-Device]
4012102577,6304,243173,273,1,1,8,4,1,39,0.002,0.000,,,,,NVIDIA A100-SXM4-40GB MIG 4g.20gb (0),1,,13,"void channel_eq::eqMmseCoefCompLowMimoKernel<float, float, float, (unsigned int)4, (unsigned int)1, (unsigned int)4>(const channel_eq::_puschRxChEqStatDescr *, channel_eq::_puschRxChEqCoefCompDynDescr)"
4012111345,6016,243174,273,1,1,12,11,1,51,0.002,0.000,,,,,NVIDIA A100-SXM4-40GB MIG 4g.20gb (0),1,,13,"void channel_eq::eqMmseSoftDemapKernel<float, __half, __half, float, (unsigned int)4, (unsigned short)16383>(channel_eq::_puschRxChEqStatDescr *, channel_eq::_puschRxChEqSoftDemapDynDescr)"
4012118769,282812,243175,1,1,1,32,32,1,30,0.000,0.000,,,,,NVIDIA A100-SXM4-40GB MIG 4g.20gb (0),1,,13,"void convert_kernel<float2, __half2>(tensor_layout_any, T1 *, tensor_layout_any, const T2 *)"
4012402605,10848,243187,2253,1,1,128,1,1,16,0.000,0.000,,,,,NVIDIA A100-SXM4-40GB MIG 4g.20gb (0),1,,13,cupy_copy__float16_float16
4012415405,3200,243196,282,1,1,128,1,1,16,0.000,0.000,,,,,NVIDIA A100-SXM4-40GB MIG 4g.20gb (0),1,,13,cupy_copy__complex64_complex64
4012423757,2112,243205,26,1,1,128,1,1,16,0.000,0.000,,,,,NVIDIA A100-SXM4-40GB MIG 4g.20gb (0),1,,13,cupy_copy__float32_float32
4012428493,4576,243214,103,1,1,128,1,1,16,0.000,0.000,,,,,NVIDIA A100-SXM4-40GB MIG 4g.20gb (0),1,,13,cupy_copy__complex64_complex64
4012436045,12544,243224,1434,1,1,128,1,1,16,0.000,0.000,,,,,NVIDIA A100-SXM4-40GB MIG 4g.20gb (0),1,,13,cupy_copy__complex64_complex64
4012452013,81791,243229,1,1,1,32,32,1,30,0.000,0.000,,,,,NVIDIA A100-SXM4-40GB MIG 4g.20gb (0),1,,13,"void convert_kernel<__half2, float2>(tensor_layout_any, T1 *, tensor_layout_any, const T2 *)"
4012560459,5408,243232,,,,,,,,,,0.094,17325.421,Pinned,Device,NVIDIA A100-SXM4-40GB MIG 4g.20gb (0),1,,13,[CUDA memcpy Host-to-Device]
4012570699,596377,243233,,,,,,,,,,456.561,765196.973,Device,,NVIDIA A100-SXM4-40GB MIG 4g.20gb (0),1,,13,[CUDA memset]
4013171716,162334,243238,,,,,,,,,,1.235,7607.255,Pinned,Device,NVIDIA A100-SXM4-40GB MIG 4g.20gb (0),1,,13,[CUDA memcpy Host-to-Device]
4013346786,41055,243239,,,,,,,,,,0.197,4788.781,Pinned,Device,NVIDIA A100-SXM4-40GB MIG 4g.20gb (0),1,,13,[CUDA memcpy Host-to-Device]
4013416097,8192,243240,69,4,1,48,1,1,76,0.002,0.000,,,,,NVIDIA A100-SXM4-40GB MIG 4g.20gb (0),1,,13,"void ch_est::windowedChEstPreNoDftSOfdmKernel<float, __half, float, (unsigned int)2, (unsigned int)1, (unsigned short)4>(ch_est::puschRxChEstStatDescr_t *, ch_est::puschRxChEstDynDescr_t *)"
4013433505,6911,243241,137,2,1,24,2,1,44,0.001,0.001,,,,,NVIDIA A100-SXM4-40GB MIG 4g.20gb (0),1,,13,"void ch_est::chEstFilterNoDftSOfdmDispatchKernel<float, __half, float, (unsigned int)2>(ch_est::puschRxChEstStatDescr_t *, ch_est::puschRxChEstDynDescr_t *)"
4013445440,4736,243242,137,2,1,24,2,1,44,0.001,0.001,,,,,NVIDIA A100-SXM4-40GB MIG 4g.20gb (0),1,,13,"void ch_est::chEstFilterNoDftSOfdmDispatchKernel<float, __half, float, (unsigned int)2>(ch_est::puschRxChEstStatDescr_t *, ch_est::puschRxChEstDynDescr_t *)"
4013458432,2656,243253,103,1,1,128,1,1,16,0.000,0.000,,,,,NVIDIA A100-SXM4-40GB MIG 4g.20gb (0),1,,13,cupy_copy__complex64_complex64
4013467968,12448,243263,1434,1,1,128,1,1,16,0.000,0.000,,,,,NVIDIA A100-SXM4-40GB MIG 4g.20gb (0),1,,13,cupy_copy__complex64_complex64
4013493472,2688,243270,103,1,1,128,1,1,16,0.000,0.000,,,,,NVIDIA A100-SXM4-40GB MIG 4g.20gb (0),1,,13,cupy_copy__complex64_complex64
4013503552,83935,243277,1,1,1,32,32,1,30,0.000,0.000,,,,,NVIDIA A100-SXM4-40GB MIG 4g.20gb (0),1,,13,"void convert_kernel<__half2, float2>(tensor_layout_any, T1 *, tensor_layout_any, const T2 *)"
4013614526,5504,243280,,,,,,,,,,0.094,17023.251,Pinned,Device,NVIDIA A100-SXM4-40GB MIG 4g.20gb (0),1,,13,[CUDA memcpy Host-to-Device]
4013627486,47744,243281,,,,,,,,,,35.810,750038.774,Device,,NVIDIA A100-SXM4-40GB MIG 4g.20gb (0),1,,13,[CUDA memset]
4013680861,5856,243283,,,,,,,,,,0.000,13.661,Pinned,Device,NVIDIA A100-SXM4-40GB MIG 4g.20gb (0),1,,13,[CUDA memcpy Host-to-Device]
4013690013,12064,243284,,,,,,,,,,0.197,16297.034,Pinned,Device,NVIDIA A100-SXM4-40GB MIG 4g.20gb (0),1,,13,[CUDA memcpy Host-to-Device]
4013708477,10656,243285,273,1,1,48,1,1,40,0.000,0.001,,,,,NVIDIA A100-SXM4-40GB MIG 4g.20gb (0),1,,13,"void pusch_noise_intf_est::noiseIntfEstNoDftSOfdmKernel<float, __half, float, float, (unsigned int)2, (unsigned int)1, (unsigned char)4, (unsigned char)4>(pusch_noise_intf_est::puschRxNoiseIntfEstDynDescr)"
4013723805,3264,243296,35,1,1,128,1,1,16,0.000,0.000,,,,,NVIDIA A100-SXM4-40GB MIG 4g.20gb (0),1,,13,cupy_copy__complex64_complex64
4013735357,1888,243305,1,1,1,1,1,1,18,0.000,0.000,,,,,NVIDIA A100-SXM4-40GB MIG 4g.20gb (0),1,,13,cupy_copy__float32_float32
4013767484,1568,243311,,,,,,,,,,0.000,2.551,Device,Pageable,NVIDIA A100-SXM4-40GB MIG 4g.20gb (0),1,,7,[CUDA memcpy Device-to-Host]
4013829916,12799,243322,1434,1,1,128,1,1,16,0.000,0.000,,,,,NVIDIA A100-SXM4-40GB MIG 4g.20gb (0),1,,13,cupy_copy__complex64_complex64
4013854683,2816,243329,103,1,1,128,1,1,16,0.000,0.000,,,,,NVIDIA A100-SXM4-40GB MIG 4g.20gb (0),1,,13,cupy_copy__complex64_complex64
4013875771,2848,243336,35,1,1,128,1,1,16,0.000,0.000,,,,,NVIDIA A100-SXM4-40GB MIG 4g.20gb (0),1,,13,cupy_copy__complex64_complex64
4013895899,1888,243343,1,1,1,1,1,1,18,0.000,0.000,,,,,NVIDIA A100-SXM4-40GB MIG 4g.20gb (0),1,,13,cupy_copy__float32_float32
4014026297,82079,243354,1,1,1,32,32,1,30,0.000,0.000,,,,,NVIDIA A100-SXM4-40GB MIG 4g.20gb (0),1,,13,"void convert_kernel<__half2, float2>(tensor_layout_any, T1 *, tensor_layout_any, const T2 *)"
4014135640,5504,243357,,,,,,,,,,0.094,17023.251,Pinned,Device,NVIDIA A100-SXM4-40GB MIG 4g.20gb (0),1,,13,[CUDA memcpy Host-to-Device]
4014150712,3264,243358,,,,,,,,,,1.547,473842.288,Device,,NVIDIA A100-SXM4-40GB MIG 4g.20gb (0),1,,13,[CUDA memset]
4014156760,3264,243363,,,,,,,,,,0.031,9588.218,Pinned,Device,NVIDIA A100-SXM4-40GB MIG 4g.20gb (0),1,,13,[CUDA memcpy Host-to-Device]
4014162456,9695,243364,,,,,,,,,,0.197,20279.132,Pinned,Device,NVIDIA A100-SXM4-40GB MIG 4g.20gb (0),1,,13,[CUDA memcpy Host-to-Device]
4014177143,6176,243365,273,1,1,8,4,1,39,0.002,0.000,,,,,NVIDIA A100-SXM4-40GB MIG 4g.20gb (0),1,,13,"void channel_eq::eqMmseCoefCompLowMimoKernel<float, float, float, (unsigned int)4, (unsigned int)1, (unsigned int)4>(const channel_eq::_puschRxChEqStatDescr *, channel_eq::_puschRxChEqCoefCompDynDescr)"
4014186199,6304,243366,273,1,1,12,11,1,51,0.002,0.000,,,,,NVIDIA A100-SXM4-40GB MIG 4g.20gb (0),1,,13,"void channel_eq::eqMmseSoftDemapKernel<float, __half, __half, float, (unsigned int)4, (unsigned short)16383>(channel_eq::_puschRxChEqStatDescr *, channel_eq::_puschRxChEqSoftDemapDynDescr)"
4014194007,281629,243367,1,1,1,32,32,1,30,0.000,0.000,,,,,NVIDIA A100-SXM4-40GB MIG 4g.20gb (0),1,,13,"void convert_kernel<float2, __half2>(tensor_layout_any, T1 *, tensor_layout_any, const T2 *)"
4014477236,10944,243379,2253,1,1,128,1,1,16,0.000,0.000,,,,,NVIDIA A100-SXM4-40GB MIG 4g.20gb (0),1,,13,cupy_copy__float16_float16
4014492691,3232,243388,282,1,1,128,1,1,16,0.000,0.000,,,,,NVIDIA A100-SXM4-40GB MIG 4g.20gb (0),1,,13,cupy_copy__complex64_complex64
4014499315,2176,243397,26,1,1,128,1,1,16,0.000,0.000,,,,,NVIDIA A100-SXM4-40GB MIG 4g.20gb (0),1,,13,cupy_copy__float32_float32
4014502995,2912,243406,103,1,1,128,1,1,16,0.000,0.000,,,,,NVIDIA A100-SXM4-40GB MIG 4g.20gb (0),1,,13,cupy_copy__complex64_complex64
4014506867,11936,243416,1434,1,1,128,1,1,16,0.000,0.000,,,,,NVIDIA A100-SXM4-40GB MIG 4g.20gb (0),1,,13,cupy_copy__complex64_complex64
4014525491,88063,243421,1,1,1,32,32,1,30,0.000,0.000,,,,,NVIDIA A100-SXM4-40GB MIG 4g.20gb (0),1,,13,"void convert_kernel<__half2, float2>(tensor_layout_any, T1 *, tensor_layout_any, const T2 *)"
4014641874,5696,243424,,,,,,,,,,0.094,16449.363,Pinned,Device,NVIDIA A100-SXM4-40GB MIG 4g.20gb (0),1,,13,[CUDA memcpy Host-to-Device]
4014651218,597688,243425,,,,,,,,,,456.561,763827.289,Device,,NVIDIA A100-SXM4-40GB MIG 4g.20gb (0),1,,13,[CUDA memset]
4015253994,171134,243430,,,,,,,,,,1.235,7215.778,Pinned,Device,NVIDIA A100-SXM4-40GB MIG 4g.20gb (0),1,,13,[CUDA memcpy Host-to-Device]
4015433416,40479,243431,,,,,,,,,,0.197,4857.004,Pinned,Device,NVIDIA A100-SXM4-40GB MIG 4g.20gb (0),1,,13,[CUDA memcpy Host-to-Device]
4015503271,7840,243432,69,4,1,48,1,1,76,0.002,0.000,,,,,NVIDIA A100-SXM4-40GB MIG 4g.20gb (0),1,,13,"void ch_est::windowedChEstPreNoDftSOfdmKernel<float, __half, float, (unsigned int)2, (unsigned int)1, (unsigned short)4>(ch_est::puschRxChEstStatDescr_t *, ch_est::puschRxChEstDynDescr_t *)"
4015522503,6464,243433,137,2,1,24,2,1,44,0.001,0.001,,,,,NVIDIA A100-SXM4-40GB MIG 4g.20gb (0),1,,13,"void ch_est::chEstFilterNoDftSOfdmDispatchKernel<float, __half, float, (unsigned int)2>(ch_est::puschRxChEstStatDescr_t *, ch_est::puschRxChEstDynDescr_t *)"
4015540839,4704,243434,137,2,1,24,2,1,44,0.001,0.001,,,,,NVIDIA A100-SXM4-40GB MIG 4g.20gb (0),1,,13,"void ch_est::chEstFilterNoDftSOfdmDispatchKernel<float, __half, float, (unsigned int)2>(ch_est::puschRxChEstStatDescr_t *, ch_est::puschRxChEstDynDescr_t *)"
4015557830,2656,243445,103,1,1,128,1,1,16,0.000,0.000,,,,,NVIDIA A100-SXM4-40GB MIG 4g.20gb (0),1,,13,cupy_copy__complex64_complex64
4015574374,12320,243455,1434,1,1,128,1,1,16,0.000,0.000,,,,,NVIDIA A100-SXM4-40GB MIG 4g.20gb (0),1,,13,cupy_copy__complex64_complex64
4015596294,2528,243462,103,1,1,128,1,1,16,0.000,0.000,,,,,NVIDIA A100-SXM4-40GB MIG 4g.20gb (0),1,,13,cupy_copy__complex64_complex64
4015616870,89823,243469,1,1,1,32,32,1,30,0.000,0.000,,,,,NVIDIA A100-SXM4-40GB MIG 4g.20gb (0),1,,13,"void convert_kernel<__half2, float2>(tensor_layout_any, T1 *, tensor_layout_any, const T2 *)"
4015733860,13280,243472,,,,,,,,,,0.094,7055.402,Pinned,Device,NVIDIA A100-SXM4-40GB MIG 4g.20gb (0),1,,13,[CUDA memcpy Host-to-Device]
4015762820,47231,243473,,,,,,,,,,35.810,758167.626,Device,,NVIDIA A100-SXM4-40GB MIG 4g.20gb (0),1,,13,[CUDA memset]
4015812259,7392,243475,,,,,,,,,,0.000,10.822,Pinned,Device,NVIDIA A100-SXM4-40GB MIG 4g.20gb (0),1,,13,[CUDA memcpy Host-to-Device]
4015824003,14208,243476,,,,,,,,,,0.197,13837.664,Pinned,Device,NVIDIA A100-SXM4-40GB MIG 4g.20gb (0),1,,13,[CUDA memcpy Host-to-Device]
4015848355,10592,243477,273,1,1,48,1,1,40,0.000,0.001,,,,,NVIDIA A100-SXM4-40GB MIG 4g.20gb (0),1,,13,"void pusch_noise_intf_est::noiseIntfEstNoDftSOfdmKernel<float, __half, float, float, (unsigned int)2, (unsigned int)1, (unsigned char)4, (unsigned char)4>(pusch_noise_intf_est::puschRxNoiseIntfEstDynDescr)"
4015864451,3072,243488,35,1,1,128,1,1,16,0.000,0.000,,,,,NVIDIA A100-SXM4-40GB MIG 4g.20gb (0),1,,13,cupy_copy__complex64_complex64
4015873634,2016,243497,1,1,1,1,1,1,18,0.000,0.000,,,,,NVIDIA A100-SXM4-40GB MIG 4g.20gb (0),1,,13,cupy_copy__float32_float32
4015890338,1568,243503,,,,,,,,,,0.000,2.551,Device,Pageable,NVIDIA A100-SXM4-40GB MIG 4g.20gb (0),1,,7,[CUDA memcpy Device-to-Host]
4015952129,12672,243514,1434,1,1,128,1,1,16,0.000,0.000,,,,,NVIDIA A100-SXM4-40GB MIG 4g.20gb (0),1,,13,cupy_copy__complex64_complex64
4015978753,2784,243521,103,1,1,128,1,1,16,0.000,0.000,,,,,NVIDIA A100-SXM4-40GB MIG 4g.20gb (0),1,,13,cupy_copy__complex64_complex64
4016000257,2176,243528,35,1,1,128,1,1,16,0.000,0.000,,,,,NVIDIA A100-SXM4-40GB MIG 4g.20gb (0),1,,13,cupy_copy__complex64_complex64
4016020417,1792,243535,1,1,1,1,1,1,18,0.000,0.000,,,,,NVIDIA A100-SXM4-40GB MIG 4g.20gb (0),1,,13,cupy_copy__float32_float32
4016149503,86207,243546,1,1,1,32,32,1,30,0.000,0.000,,,,,NVIDIA A100-SXM4-40GB MIG 4g.20gb (0),1,,13,"void convert_kernel<__half2, float2>(tensor_layout_any, T1 *, tensor_layout_any, const T2 *)"
4016263230,5600,243549,,,,,,,,,,0.094,16731.388,Pinned,Device,NVIDIA A100-SXM4-40GB MIG 4g.20gb (0),1,,13,[CUDA memcpy Host-to-Device]
4016277693,3744,243550,,,,,,,,,,1.547,413093.991,Device,,NVIDIA A100-SXM4-40GB MIG 4g.20gb (0),1,,13,[CUDA memset]
4016284157,3008,243555,,,,,,,,,,0.031,10404.230,Pinned,Device,NVIDIA A100-SXM4-40GB MIG 4g.20gb (0),1,,13,[CUDA memcpy Host-to-Device]
4016290301,9696,243556,,,,,,,,,,0.197,20277.166,Pinned,Device,NVIDIA A100-SXM4-40GB MIG 4g.20gb (0),1,,13,[CUDA memcpy Host-to-Device]
4016303837,8256,243557,273,1,1,8,4,1,39,0.002,0.000,,,,,NVIDIA A100-SXM4-40GB MIG 4g.20gb (0),1,,13,"void channel_eq::eqMmseCoefCompLowMimoKernel<float, float, float, (unsigned int)4, (unsigned int)1, (unsigned int)4>(const channel_eq::_puschRxChEqStatDescr *, channel_eq::_puschRxChEqCoefCompDynDescr)"
4016315677,6656,243558,273,1,1,12,11,1,51,0.002,0.000,,,,,NVIDIA A100-SXM4-40GB MIG 4g.20gb (0),1,,13,"void channel_eq::eqMmseSoftDemapKernel<float, __half, __half, float, (unsigned int)4, (unsigned short)16383>(channel_eq::_puschRxChEqStatDescr *, channel_eq::_puschRxChEqSoftDemapDynDescr)"
4016323421,282524,243559,1,1,1,32,32,1,30,0.000,0.000,,,,,NVIDIA A100-SXM4-40GB MIG 4g.20gb (0),1,,13,"void convert_kernel<float2, __half2>(tensor_layout_any, T1 *, tensor_layout_any, const T2 *)"
4016606873,10848,243571,2253,1,1,128,1,1,16,0.000,0.000,,,,,NVIDIA A100-SXM4-40GB MIG 4g.20gb (0),1,,13,cupy_copy__float16_float16
4016618969,3104,243580,282,1,1,128,1,1,16,0.000,0.000,,,,,NVIDIA A100-SXM4-40GB MIG 4g.20gb (0),1,,13,cupy_copy__complex64_complex64
4016623673,2016,243589,26,1,1,128,1,1,16,0.000,0.000,,,,,NVIDIA A100-SXM4-40GB MIG 4g.20gb (0),1,,13,cupy_copy__float32_float32
4016627321,2944,243598,103,1,1,128,1,1,16,0.000,0.000,,,,,NVIDIA A100-SXM4-40GB MIG 4g.20gb (0),1,,13,cupy_copy__complex64_complex64
4016632441,12608,243608,1434,1,1,128,1,1,16,0.000,0.000,,,,,NVIDIA A100-SXM4-40GB MIG 4g.20gb (0),1,,13,cupy_copy__complex64_complex64
4016653945,82559,243613,1,1,1,32,32,1,30,0.000,0.000,,,,,NVIDIA A100-SXM4-40GB MIG 4g.20gb (0),1,,13,"void convert_kernel<__half2, float2>(tensor_layout_any, T1 *, tensor_layout_any, const T2 *)"
4016763383,5536,243616,,,,,,,,,,0.094,16924.777,Pinned,Device,NVIDIA A100-SXM4-40GB MIG 4g.20gb (0),1,,13,[CUDA memcpy Host-to-Device]
4016774263,597241,243617,,,,,,,,,,456.561,764283.851,Device,,NVIDIA A100-SXM4-40GB MIG 4g.20gb (0),1,,13,[CUDA memset]
4017380976,136638,243622,,,,,,,,,,1.235,9037.320,Pinned,Device,NVIDIA A100-SXM4-40GB MIG 4g.20gb (0),1,,13,[CUDA memcpy Host-to-Device]
4017533710,37536,243623,,,,,,,,,,0.197,5237.834,Pinned,Device,NVIDIA A100-SXM4-40GB MIG 4g.20gb (0),1,,13,[CUDA memcpy Host-to-Device]
4017589229,8096,243624,69,4,1,48,1,1,76,0.002,0.000,,,,,NVIDIA A100-SXM4-40GB MIG 4g.20gb (0),1,,13,"void ch_est::windowedChEstPreNoDftSOfdmKernel<float, __half, float, (unsigned int)2, (unsigned int)1, (unsigned short)4>(ch_est::puschRxChEstStatDescr_t *, ch_est::puschRxChEstDynDescr_t *)"
4017606797,6816,243625,137,2,1,24,2,1,44,0.001,0.001,,,,,NVIDIA A100-SXM4-40GB MIG 4g.20gb (0),1,,13,"void ch_est::chEstFilterNoDftSOfdmDispatchKernel<float, __half, float, (unsigned int)2>(ch_est::puschRxChEstStatDescr_t *, ch_est::puschRxChEstDynDescr_t *)"
4017623693,4704,243626,137,2,1,24,2,1,44,0.001,0.001,,,,,NVIDIA A100-SXM4-40GB MIG 4g.20gb (0),1,,13,"void ch_est::chEstFilterNoDftSOfdmDispatchKernel<float, __half, float, (unsigned int)2>(ch_est::puschRxChEstStatDescr_t *, ch_est::puschRxChEstDynDescr_t *)"
4017641517,2688,243637,103,1,1,128,1,1,16,0.000,0.000,,,,,NVIDIA A100-SXM4-40GB MIG 4g.20gb (0),1,,13,cupy_copy__complex64_complex64
4017658668,12672,243647,1434,1,1,128,1,1,16,0.000,0.000,,,,,NVIDIA A100-SXM4-40GB MIG 4g.20gb (0),1,,13,cupy_copy__complex64_complex64
4017677228,3104,243654,103,1,1,128,1,1,16,0.000,0.000,,,,,NVIDIA A100-SXM4-40GB MIG 4g.20gb (0),1,,13,cupy_copy__complex64_complex64
4017699628,85599,243661,1,1,1,32,32,1,30,0.000,0.000,,,,,NVIDIA A100-SXM4-40GB MIG 4g.20gb (0),1,,13,"void convert_kernel<__half2, float2>(tensor_layout_any, T1 *, tensor_layout_any, const T2 *)"
4017817515,31135,243664,,,,,,,,,,0.094,3009.328,Pinned,Device,NVIDIA A100-SXM4-40GB MIG 4g.20gb (0),1,,13,[CUDA memcpy Host-to-Device]
4017870506,47711,243665,,,,,,,,,,35.810,750540.113,Device,,NVIDIA A100-SXM4-40GB MIG 4g.20gb (0),1,,13,[CUDA memset]
4017925577,14432,243667,,,,,,,,,,0.000,5.543,Pinned,Device,NVIDIA A100-SXM4-40GB MIG 4g.20gb (0),1,,13,[CUDA memcpy Host-to-Device]
4017951689,28000,243668,,,,,,,,,,0.197,7021.658,Pinned,Device,NVIDIA A100-SXM4-40GB MIG 4g.20gb (0),1,,13,[CUDA memcpy Host-to-Device]
4018000072,9792,243669,273,1,1,48,1,1,40,0.000,0.001,,,,,NVIDIA A100-SXM4-40GB MIG 4g.20gb (0),1,,13,"void pusch_noise_intf_est::noiseIntfEstNoDftSOfdmKernel<float, __half, float, float, (unsigned int)2, (unsigned int)1, (unsigned char)4, (unsigned char)4>(pusch_noise_intf_est::puschRxNoiseIntfEstDynDescr)"
4018027976,3072,243680,35,1,1,128,1,1,16,0.000,0.000,,,,,NVIDIA A100-SXM4-40GB MIG 4g.20gb (0),1,,13,cupy_copy__complex64_complex64
4018039112,1696,243689,1,1,1,1,1,1,18,0.000,0.000,,,,,NVIDIA A100-SXM4-40GB MIG 4g.20gb (0),1,,13,cupy_copy__float32_float32
4018045384,3616,243695,,,,,,,,,,0.000,1.106,Device,Pageable,NVIDIA A100-SXM4-40GB MIG 4g.20gb (0),1,,7,[CUDA memcpy Device-to-Host]
4018130023,13023,243706,1434,1,1,128,1,1,16,0.000,0.000,,,,,NVIDIA A100-SXM4-40GB MIG 4g.20gb (0),1,,13,cupy_copy__complex64_complex64
4018159430,3040,243713,103,1,1,128,1,1,16,0.000,0.000,,,,,NVIDIA A100-SXM4-40GB MIG 4g.20gb (0),1,,13,cupy_copy__complex64_complex64
4018172806,2560,243720,35,1,1,128,1,1,16,0.000,0.000,,,,,NVIDIA A100-SXM4-40GB MIG 4g.20gb (0),1,,13,cupy_copy__complex64_complex64
4018189606,1888,243727,1,1,1,1,1,1,18,0.000,0.000,,,,,NVIDIA A100-SXM4-40GB MIG 4g.20gb (0),1,,13,cupy_copy__float32_float32
4018320420,82623,243738,1,1,1,32,32,1,30,0.000,0.000,,,,,NVIDIA A100-SXM4-40GB MIG 4g.20gb (0),1,,13,"void convert_kernel<__half2, float2>(tensor_layout_any, T1 *, tensor_layout_any, const T2 *)"
4018430979,5536,243741,,,,,,,,,,0.094,16924.777,Pinned,Device,NVIDIA A100-SXM4-40GB MIG 4g.20gb (0),1,,13,[CUDA memcpy Host-to-Device]
4018446755,3264,243742,,,,,,,,,,1.547,473842.288,Device,,NVIDIA A100-SXM4-40GB MIG 4g.20gb (0),1,,13,[CUDA memset]
4018451427,3392,243747,,,,,,,,,,0.031,9226.405,Pinned,Device,NVIDIA A100-SXM4-40GB MIG 4g.20gb (0),1,,13,[CUDA memcpy Host-to-Device]
4018457283,9824,243748,,,,,,,,,,0.197,20012.925,Pinned,Device,NVIDIA A100-SXM4-40GB MIG 4g.20gb (0),1,,13,[CUDA memcpy Host-to-Device]
4018473218,6592,243749,273,1,1,8,4,1,39,0.002,0.000,,,,,NVIDIA A100-SXM4-40GB MIG 4g.20gb (0),1,,13,"void channel_eq::eqMmseCoefCompLowMimoKernel<float, float, float, (unsigned int)4, (unsigned int)1, (unsigned int)4>(const channel_eq::_puschRxChEqStatDescr *, channel_eq::_puschRxChEqCoefCompDynDescr)"
4018480866,6176,243750,273,1,1,12,11,1,51,0.002,0.000,,,,,NVIDIA A100-SXM4-40GB MIG 4g.20gb (0),1,,13,"void channel_eq::eqMmseSoftDemapKernel<float, __half, __half, float, (unsigned int)4, (unsigned short)16383>(channel_eq::_puschRxChEqStatDescr *, channel_eq::_puschRxChEqSoftDemapDynDescr)"
4018488034,282813,243751,1,1,1,32,32,1,30,0.000,0.000,,,,,NVIDIA A100-SXM4-40GB MIG 4g.20gb (0),1,,13,"void convert_kernel<float2, __half2>(tensor_layout_any, T1 *, tensor_layout_any, const T2 *)"
4018772063,11296,243763,2253,1,1,128,1,1,16,0.000,0.000,,,,,NVIDIA A100-SXM4-40GB MIG 4g.20gb (0),1,,13,cupy_copy__float16_float16
4018787551,3552,243772,282,1,1,128,1,1,16,0.000,0.000,,,,,NVIDIA A100-SXM4-40GB MIG 4g.20gb (0),1,,13,cupy_copy__complex64_complex64
4018792382,2080,243781,26,1,1,128,1,1,16,0.000,0.000,,,,,NVIDIA A100-SXM4-40GB MIG 4g.20gb (0),1,,13,cupy_copy__float32_float32
4018796670,3072,243790,103,1,1,128,1,1,16,0.000,0.000,,,,,NVIDIA A100-SXM4-40GB MIG 4g.20gb (0),1,,13,cupy_copy__complex64_complex64
4018800798,12032,243800,1434,1,1,128,1,1,16,0.000,0.000,,,,,NVIDIA A100-SXM4-40GB MIG 4g.20gb (0),1,,13,cupy_copy__complex64_complex64
4018820030,87103,243805,1,1,1,32,32,1,30,0.000,0.000,,,,,NVIDIA A100-SXM4-40GB MIG 4g.20gb (0),1,,13,"void convert_kernel<__half2, float2>(tensor_layout_any, T1 *, tensor_layout_any, const T2 *)"
4018935325,5632,243808,,,,,,,,,,0.094,16636.287,Pinned,Device,NVIDIA A100-SXM4-40GB MIG 4g.20gb (0),1,,13,[CUDA memcpy Host-to-Device]
4018946205,596664,243809,,,,,,,,,,456.561,764740.412,Device,,NVIDIA A100-SXM4-40GB MIG 4g.20gb (0),1,,13,[CUDA memset]
4019548565,108799,243814,,,,,,,,,,1.235,11350.370,Pinned,Device,NVIDIA A100-SXM4-40GB MIG 4g.20gb (0),1,,13,[CUDA memcpy Host-to-Device]
4019667348,28351,243815,,,,,,,,,,0.197,6934.757,Pinned,Device,NVIDIA A100-SXM4-40GB MIG 4g.20gb (0),1,,13,[CUDA memcpy Host-to-Device]
4019703027,8384,243816,69,4,1,48,1,1,76,0.002,0.000,,,,,NVIDIA A100-SXM4-40GB MIG 4g.20gb (0),1,,13,"void ch_est::windowedChEstPreNoDftSOfdmKernel<float, __half, float, (unsigned int)2, (unsigned int)1, (unsigned short)4>(ch_est::puschRxChEstStatDescr_t *, ch_est::puschRxChEstDynDescr_t *)"
4019713715,6592,243817,137,2,1,24,2,1,44,0.001,0.001,,,,,NVIDIA A100-SXM4-40GB MIG 4g.20gb (0),1,,13,"void ch_est::chEstFilterNoDftSOfdmDispatchKernel<float, __half, float, (unsigned int)2>(ch_est::puschRxChEstStatDescr_t *, ch_est::puschRxChEstDynDescr_t *)"
4019727027,5376,243818,137,2,1,24,2,1,44,0.001,0.001,,,,,NVIDIA A100-SXM4-40GB MIG 4g.20gb (0),1,,13,"void ch_est::chEstFilterNoDftSOfdmDispatchKernel<float, __half, float, (unsigned int)2>(ch_est::puschRxChEstStatDescr_t *, ch_est::puschRxChEstDynDescr_t *)"
4019741715,2560,243829,103,1,1,128,1,1,16,0.000,0.000,,,,,NVIDIA A100-SXM4-40GB MIG 4g.20gb (0),1,,13,cupy_copy__complex64_complex64
4019752659,12480,243839,1434,1,1,128,1,1,16,0.000,0.000,,,,,NVIDIA A100-SXM4-40GB MIG 4g.20gb (0),1,,13,cupy_copy__complex64_complex64
4019779922,2848,243846,103,1,1,128,1,1,16,0.000,0.000,,,,,NVIDIA A100-SXM4-40GB MIG 4g.20gb (0),1,,13,cupy_copy__complex64_complex64
4019789426,87519,243853,1,1,1,32,32,1,30,0.000,0.000,,,,,NVIDIA A100-SXM4-40GB MIG 4g.20gb (0),1,,13,"void convert_kernel<__half2, float2>(tensor_layout_any, T1 *, tensor_layout_any, const T2 *)"
4019905265,14560,243856,,,,,,,,,,0.094,6435.135,Pinned,Device,NVIDIA A100-SXM4-40GB MIG 4g.20gb (0),1,,13,[CUDA memcpy Host-to-Device]
4019928177,48415,243857,,,,,,,,,,35.810,739618.088,Device,,NVIDIA A100-SXM4-40GB MIG 4g.20gb (0),1,,13,[CUDA memset]
4019984496,7968,243859,,,,,,,,,,0.000,10.040,Pinned,Device,NVIDIA A100-SXM4-40GB MIG 4g.20gb (0),1,,13,[CUDA memcpy Host-to-Device]
4019998576,19807,243860,,,,,,,,,,0.197,9926.148,Pinned,Device,NVIDIA A100-SXM4-40GB MIG 4g.20gb (0),1,,13,[CUDA memcpy Host-to-Device]
4020034767,9344,243861,273,1,1,48,1,1,40,0.000,0.001,,,,,NVIDIA A100-SXM4-40GB MIG 4g.20gb (0),1,,13,"void pusch_noise_intf_est::noiseIntfEstNoDftSOfdmKernel<float, __half, float, float, (unsigned int)2, (unsigned int)1, (unsigned char)4, (unsigned char)4>(pusch_noise_intf_est::puschRxNoiseIntfEstDynDescr)"
4020047663,2624,243872,35,1,1,128,1,1,16,0.000,0.000,,,,,NVIDIA A100-SXM4-40GB MIG 4g.20gb (0),1,,13,cupy_copy__complex64_complex64
4020062031,1760,243881,1,1,1,1,1,1,18,0.000,0.000,,,,,NVIDIA A100-SXM4-40GB MIG 4g.20gb (0),1,,13,cupy_copy__float32_float32
4020070831,3808,243887,,,,,,,,,,0.000,1.050,Device,Pageable,NVIDIA A100-SXM4-40GB MIG 4g.20gb (0),1,,7,[CUDA memcpy Device-to-Host]
4020158286,12736,243898,1434,1,1,128,1,1,16,0.000,0.000,,,,,NVIDIA A100-SXM4-40GB MIG 4g.20gb (0),1,,13,cupy_copy__complex64_complex64
4020184365,2752,243905,103,1,1,128,1,1,16,0.000,0.000,,,,,NVIDIA A100-SXM4-40GB MIG 4g.20gb (0),1,,13,cupy_copy__complex64_complex64
4020202925,2560,243912,35,1,1,128,1,1,16,0.000,0.000,,,,,NVIDIA A100-SXM4-40GB MIG 4g.20gb (0),1,,13,cupy_copy__complex64_complex64
4020225677,1824,243919,1,1,1,1,1,1,18,0.000,0.000,,,,,NVIDIA A100-SXM4-40GB MIG 4g.20gb (0),1,,13,cupy_copy__float32_float32
4020349291,87231,243930,1,1,1,32,32,1,30,0.000,0.000,,,,,NVIDIA A100-SXM4-40GB MIG 4g.20gb (0),1,,13,"void convert_kernel<__half2, float2>(tensor_layout_any, T1 *, tensor_layout_any, const T2 *)"
4020465162,18880,243933,,,,,,,,,,0.094,4962.702,Pinned,Device,NVIDIA A100-SXM4-40GB MIG 4g.20gb (0),1,,13,[CUDA memcpy Host-to-Device]
4020501289,3200,243934,,,,,,,,,,1.547,483320.000,Device,,NVIDIA A100-SXM4-40GB MIG 4g.20gb (0),1,,13,[CUDA memset]
4020511145,5120,243939,,,,,,,,,,0.031,6112.484,Pinned,Device,NVIDIA A100-SXM4-40GB MIG 4g.20gb (0),1,,13,[CUDA memcpy Host-to-Device]
4020525321,22464,243940,,,,,,,,,,0.197,8752.005,Pinned,Device,NVIDIA A100-SXM4-40GB MIG 4g.20gb (0),1,,13,[CUDA memcpy Host-to-Device]
4020568201,5952,243941,273,1,1,8,4,1,39,0.002,0.000,,,,,NVIDIA A100-SXM4-40GB MIG 4g.20gb (0),1,,13,"void channel_eq::eqMmseCoefCompLowMimoKernel<float, float, float, (unsigned int)4, (unsigned int)1, (unsigned int)4>(const channel_eq::_puschRxChEqStatDescr *, channel_eq::_puschRxChEqCoefCompDynDescr)"
4020581608,6016,243942,273,1,1,12,11,1,51,0.002,0.000,,,,,NVIDIA A100-SXM4-40GB MIG 4g.20gb (0),1,,13,"void channel_eq::eqMmseSoftDemapKernel<float, __half, __half, float, (unsigned int)4, (unsigned short)16383>(channel_eq::_puschRxChEqStatDescr *, channel_eq::_puschRxChEqSoftDemapDynDescr)"
4020591208,282557,243943,1,1,1,32,32,1,30,0.000,0.000,,,,,NVIDIA A100-SXM4-40GB MIG 4g.20gb (0),1,,13,"void convert_kernel<float2, __half2>(tensor_layout_any, T1 *, tensor_layout_any, const T2 *)"
4020875685,10880,243955,2253,1,1,128,1,1,16,0.000,0.000,,,,,NVIDIA A100-SXM4-40GB MIG 4g.20gb (0),1,,13,cupy_copy__float16_float16
4020891141,3072,243964,282,1,1,128,1,1,16,0.000,0.000,,,,,NVIDIA A100-SXM4-40GB MIG 4g.20gb (0),1,,13,cupy_copy__complex64_complex64
4020897477,2400,243973,26,1,1,128,1,1,16,0.000,0.000,,,,,NVIDIA A100-SXM4-40GB MIG 4g.20gb (0),1,,13,cupy_copy__float32_float32
4020902468,3232,243982,103,1,1,128,1,1,16,0.000,0.000,,,,,NVIDIA A100-SXM4-40GB MIG 4g.20gb (0),1,,13,cupy_copy__complex64_complex64
4020906692,12224,243992,1434,1,1,128,1,1,16,0.000,0.000,,,,,NVIDIA A100-SXM4-40GB MIG 4g.20gb (0),1,,13,cupy_copy__complex64_complex64
4020921476,82303,243997,1,1,1,32,32,1,30,0.000,0.000,,,,,NVIDIA A100-SXM4-40GB MIG 4g.20gb (0),1,,13,"void convert_kernel<__half2, float2>(tensor_layout_any, T1 *, tensor_layout_any, const T2 *)"
4021030595,6368,244000,,,,,,,,,,0.094,14713.551,Pinned,Device,NVIDIA A100-SXM4-40GB MIG 4g.20gb (0),1,,13,[CUDA memcpy Host-to-Device]
4021042211,597240,244001,,,,,,,,,,456.561,764283.851,Device,,NVIDIA A100-SXM4-40GB MIG 4g.20gb (0),1,,13,[CUDA memset]
4021642747,141887,244006,,,,,,,,,,1.235,8702.650,Pinned,Device,NVIDIA A100-SXM4-40GB MIG 4g.20gb (0),1,,13,[CUDA memcpy Host-to-Device]
4021791738,28159,244007,,,,,,,,,,0.197,6981.943,Pinned,Device,NVIDIA A100-SXM4-40GB MIG 4g.20gb (0),1,,13,[CUDA memcpy Host-to-Device]
4021843673,8256,244008,69,4,1,48,1,1,76,0.002,0.000,,,,,NVIDIA A100-SXM4-40GB MIG 4g.20gb (0),1,,13,"void ch_est::windowedChEstPreNoDftSOfdmKernel<float, __half, float, (unsigned int)2, (unsigned int)1, (unsigned short)4>(ch_est::puschRxChEstStatDescr_t *, ch_est::puschRxChEstDynDescr_t *)"
4021854745,7552,244009,137,2,1,24,2,1,44,0.001,0.001,,,,,NVIDIA A100-SXM4-40GB MIG 4g.20gb (0),1,,13,"void ch_est::chEstFilterNoDftSOfdmDispatchKernel<float, __half, float, (unsigned int)2>(ch_est::puschRxChEstStatDescr_t *, ch_est::puschRxChEstDynDescr_t *)"
4021873177,5311,244010,137,2,1,24,2,1,44,0.001,0.001,,,,,NVIDIA A100-SXM4-40GB MIG 4g.20gb (0),1,,13,"void ch_est::chEstFilterNoDftSOfdmDispatchKernel<float, __half, float, (unsigned int)2>(ch_est::puschRxChEstStatDescr_t *, ch_est::puschRxChEstDynDescr_t *)"
4021884312,2624,244021,103,1,1,128,1,1,16,0.000,0.000,,,,,NVIDIA A100-SXM4-40GB MIG 4g.20gb (0),1,,13,cupy_copy__complex64_complex64
4021897400,12480,244031,1434,1,1,128,1,1,16,0.000,0.000,,,,,NVIDIA A100-SXM4-40GB MIG 4g.20gb (0),1,,13,cupy_copy__complex64_complex64
4021918168,2560,244038,103,1,1,128,1,1,16,0.000,0.000,,,,,NVIDIA A100-SXM4-40GB MIG 4g.20gb (0),1,,13,cupy_copy__complex64_complex64
4021934872,81119,244045,1,1,1,32,32,1,30,0.000,0.000,,,,,NVIDIA A100-SXM4-40GB MIG 4g.20gb (0),1,,13,"void convert_kernel<__half2, float2>(tensor_layout_any, T1 *, tensor_layout_any, const T2 *)"
4022048086,13184,244048,,,,,,,,,,0.094,7106.748,Pinned,Device,NVIDIA A100-SXM4-40GB MIG 4g.20gb (0),1,,13,[CUDA memcpy Host-to-Device]
4022066710,48480,244049,,,,,,,,,,35.810,738651.220,Device,,NVIDIA A100-SXM4-40GB MIG 4g.20gb (0),1,,13,[CUDA memset]
4022118134,8831,244051,,,,,,,,,,0.000,9.059,Pinned,Device,NVIDIA A100-SXM4-40GB MIG 4g.20gb (0),1,,13,[CUDA memcpy Host-to-Device]
4022133269,21376,244052,,,,,,,,,,0.197,9197.519,Pinned,Device,NVIDIA A100-SXM4-40GB MIG 4g.20gb (0),1,,13,[CUDA memcpy Host-to-Device]
4022166741,10016,244053,273,1,1,48,1,1,40,0.000,0.001,,,,,NVIDIA A100-SXM4-40GB MIG 4g.20gb (0),1,,13,"void pusch_noise_intf_est::noiseIntfEstNoDftSOfdmKernel<float, __half, float, float, (unsigned int)2, (unsigned int)1, (unsigned char)4, (unsigned char)4>(pusch_noise_intf_est::puschRxNoiseIntfEstDynDescr)"
4022187989,2848,244064,35,1,1,128,1,1,16,0.000,0.000,,,,,NVIDIA A100-SXM4-40GB MIG 4g.20gb (0),1,,13,cupy_copy__complex64_complex64
4022198613,1728,244073,1,1,1,1,1,1,18,0.000,0.000,,,,,NVIDIA A100-SXM4-40GB MIG 4g.20gb (0),1,,13,cupy_copy__float32_float32
4022206868,6400,244079,,,,,,,,,,0.000,0.625,Device,Pageable,NVIDIA A100-SXM4-40GB MIG 4g.20gb (0),1,,7,[CUDA memcpy Device-to-Host]
4022288659,12928,244090,1434,1,1,128,1,1,16,0.000,0.000,,,,,NVIDIA A100-SXM4-40GB MIG 4g.20gb (0),1,,13,cupy_copy__complex64_complex64
4022317363,2848,244097,103,1,1,128,1,1,16,0.000,0.000,,,,,NVIDIA A100-SXM4-40GB MIG 4g.20gb (0),1,,13,cupy_copy__complex64_complex64
4022335571,2592,244104,35,1,1,128,1,1,16,0.000,0.000,,,,,NVIDIA A100-SXM4-40GB MIG 4g.20gb (0),1,,13,cupy_copy__complex64_complex64
4022352947,1888,244111,1,1,1,1,1,1,18,0.000,0.000,,,,,NVIDIA A100-SXM4-40GB MIG 4g.20gb (0),1,,13,cupy_copy__float32_float32
4022479505,81727,244122,1,1,1,32,32,1,30,0.000,0.000,,,,,NVIDIA A100-SXM4-40GB MIG 4g.20gb (0),1,,13,"void convert_kernel<__half2, float2>(tensor_layout_any, T1 *, tensor_layout_any, const T2 *)"
4022589040,5760,244125,,,,,,,,,,0.094,16266.656,Pinned,Device,NVIDIA A100-SXM4-40GB MIG 4g.20gb (0),1,,13,[CUDA memcpy Host-to-Device]
4022603184,3424,244126,,,,,,,,,,1.547,451700.819,Device,,NVIDIA A100-SXM4-40GB MIG 4g.20gb (0),1,,13,[CUDA memset]
4022610191,3168,244131,,,,,,,,,,0.031,9878.770,Pinned,Device,NVIDIA A100-SXM4-40GB MIG 4g.20gb (0),1,,13,[CUDA memcpy Host-to-Device]
4022615919,9856,244132,,,,,,,,,,0.197,19948.044,Pinned,Device,NVIDIA A100-SXM4-40GB MIG 4g.20gb (0),1,,13,[CUDA memcpy Host-to-Device]
4022632079,6368,244133,273,1,1,8,4,1,39,0.002,0.000,,,,,NVIDIA A100-SXM4-40GB MIG 4g.20gb (0),1,,13,"void channel_eq::eqMmseCoefCompLowMimoKernel<float, float, float, (unsigned int)4, (unsigned int)1, (unsigned int)4>(const channel_eq::_puschRxChEqStatDescr *, channel_eq::_puschRxChEqCoefCompDynDescr)"
4022642031,7136,244134,273,1,1,12,11,1,51,0.002,0.000,,,,,NVIDIA A100-SXM4-40GB MIG 4g.20gb (0),1,,13,"void channel_eq::eqMmseSoftDemapKernel<float, __half, __half, float, (unsigned int)4, (unsigned short)16383>(channel_eq::_puschRxChEqStatDescr *, channel_eq::_puschRxChEqSoftDemapDynDescr)"
4022650255,282268,244135,1,1,1,32,32,1,30,0.000,0.000,,,,,NVIDIA A100-SXM4-40GB MIG 4g.20gb (0),1,,13,"void convert_kernel<float2, __half2>(tensor_layout_any, T1 *, tensor_layout_any, const T2 *)"
4022933643,11104,244147,2253,1,1,128,1,1,16,0.000,0.000,,,,,NVIDIA A100-SXM4-40GB MIG 4g.20gb (0),1,,13,cupy_copy__float16_float16
4022949035,2752,244156,282,1,1,128,1,1,16,0.000,0.000,,,,,NVIDIA A100-SXM4-40GB MIG 4g.20gb (0),1,,13,cupy_copy__complex64_complex64
4022953739,2464,244165,26,1,1,128,1,1,16,0.000,0.000,,,,,NVIDIA A100-SXM4-40GB MIG 4g.20gb (0),1,,13,cupy_copy__float32_float32
4022957259,2816,244174,103,1,1,128,1,1,16,0.000,0.000,,,,,NVIDIA A100-SXM4-40GB MIG 4g.20gb (0),1,,13,cupy_copy__complex64_complex64
4022963339,11968,244184,1434,1,1,128,1,1,16,0.000,0.000,,,,,NVIDIA A100-SXM4-40GB MIG 4g.20gb (0),1,,13,cupy_copy__complex64_complex64
4022987787,82143,244189,1,1,1,32,32,1,30,0.000,0.000,,,,,NVIDIA A100-SXM4-40GB MIG 4g.20gb (0),1,,13,"void convert_kernel<__half2, float2>(tensor_layout_any, T1 *, tensor_layout_any, const T2 *)"
4023096585,5600,244192,,,,,,,,,,0.094,16731.388,Pinned,Device,NVIDIA A100-SXM4-40GB MIG 4g.20gb (0),1,,13,[CUDA memcpy Host-to-Device]
4023106537,597465,244193,,,,,,,,,,456.561,763827.289,Device,,NVIDIA A100-SXM4-40GB MIG 4g.20gb (0),1,,13,[CUDA memset]
4023711106,108319,244198,,,,,,,,,,1.235,11399.768,Pinned,Device,NVIDIA A100-SXM4-40GB MIG 4g.20gb (0),1,,13,[CUDA memcpy Host-to-Device]
4023828256,30720,244199,,,,,,,,,,0.197,6399.984,Pinned,Device,NVIDIA A100-SXM4-40GB MIG 4g.20gb (0),1,,13,[CUDA memcpy Host-to-Device]
4023877376,8128,244200,69,4,1,48,1,1,76,0.002,0.000,,,,,NVIDIA A100-SXM4-40GB MIG 4g.20gb (0),1,,13,"void ch_est::windowedChEstPreNoDftSOfdmKernel<float, __half, float, (unsigned int)2, (unsigned int)1, (unsigned short)4>(ch_est::puschRxChEstStatDescr_t *, ch_est::puschRxChEstDynDescr_t *)"
4023892896,6752,244201,137,2,1,24,2,1,44,0.001,0.001,,,,,NVIDIA A100-SXM4-40GB MIG 4g.20gb (0),1,,13,"void ch_est::chEstFilterNoDftSOfdmDispatchKernel<float, __half, float, (unsigned int)2>(ch_est::puschRxChEstStatDescr_t *, ch_est::puschRxChEstDynDescr_t *)"
4023909471,4704,244202,137,2,1,24,2,1,44,0.001,0.001,,,,,NVIDIA A100-SXM4-40GB MIG 4g.20gb (0),1,,13,"void ch_est::chEstFilterNoDftSOfdmDispatchKernel<float, __half, float, (unsigned int)2>(ch_est::puschRxChEstStatDescr_t *, ch_est::puschRxChEstDynDescr_t *)"
4023923903,2656,244213,103,1,1,128,1,1,16,0.000,0.000,,,,,NVIDIA A100-SXM4-40GB MIG 4g.20gb (0),1,,13,cupy_copy__complex64_complex64
4023938687,12480,244223,1434,1,1,128,1,1,16,0.000,0.000,,,,,NVIDIA A100-SXM4-40GB MIG 4g.20gb (0),1,,13,cupy_copy__complex64_complex64
4023974303,2496,244230,103,1,1,128,1,1,16,0.000,0.000,,,,,NVIDIA A100-SXM4-40GB MIG 4g.20gb (0),1,,13,cupy_copy__complex64_complex64
4023991550,89823,244237,1,1,1,32,32,1,30,0.000,0.000,,,,,NVIDIA A100-SXM4-40GB MIG 4g.20gb (0),1,,13,"void convert_kernel<__half2, float2>(tensor_layout_any, T1 *, tensor_layout_any, const T2 *)"
4024115613,9664,244240,,,,,,,,,,0.094,9695.287,Pinned,Device,NVIDIA A100-SXM4-40GB MIG 4g.20gb (0),1,,13,[CUDA memcpy Host-to-Device]
4024138909,47999,244241,,,,,,,,,,35.810,746028.063,Device,,NVIDIA A100-SXM4-40GB MIG 4g.20gb (0),1,,13,[CUDA memset]
4024192060,9632,244243,,,,,,,,,,0.000,8.306,Pinned,Device,NVIDIA A100-SXM4-40GB MIG 4g.20gb (0),1,,13,[CUDA memcpy Host-to-Device]
4024208860,20928,244244,,,,,,,,,,0.197,9394.323,Pinned,Device,NVIDIA A100-SXM4-40GB MIG 4g.20gb (0),1,,13,[CUDA memcpy Host-to-Device]
4024246427,9984,244245,273,1,1,48,1,1,40,0.000,0.001,,,,,NVIDIA A100-SXM4-40GB MIG 4g.20gb (0),1,,13,"void pusch_noise_intf_est::noiseIntfEstNoDftSOfdmKernel<float, __half, float, float, (unsigned int)2, (unsigned int)1, (unsigned char)4, (unsigned char)4>(pusch_noise_intf_est::puschRxNoiseIntfEstDynDescr)"
4024268955,2816,244256,35,1,1,128,1,1,16,0.000,0.000,,,,,NVIDIA A100-SXM4-40GB MIG 4g.20gb (0),1,,13,cupy_copy__complex64_complex64
4024279451,1728,244265,1,1,1,1,1,1,18,0.000,0.000,,,,,NVIDIA A100-SXM4-40GB MIG 4g.20gb (0),1,,13,cupy_copy__float32_float32
4024285243,4128,244271,,,,,,,,,,0.000,0.969,Device,Pageable,NVIDIA A100-SXM4-40GB MIG 4g.20gb (0),1,,7,[CUDA memcpy Device-to-Host]
4024369082,12992,244282,1434,1,1,128,1,1,16,0.000,0.000,,,,,NVIDIA A100-SXM4-40GB MIG 4g.20gb (0),1,,13,cupy_copy__complex64_complex64
4024397113,2752,244289,103,1,1,128,1,1,16,0.000,0.000,,,,,NVIDIA A100-SXM4-40GB MIG 4g.20gb (0),1,,13,cupy_copy__complex64_complex64
4024414329,2784,244296,35,1,1,128,1,1,16,0.000,0.000,,,,,NVIDIA A100-SXM4-40GB MIG 4g.20gb (0),1,,13,cupy_copy__complex64_complex64
4024427833,1760,244303,1,1,1,1,1,1,18,0.000,0.000,,,,,NVIDIA A100-SXM4-40GB MIG 4g.20gb (0),1,,13,cupy_copy__float32_float32
4024563895,87903,244314,1,1,1,32,32,1,30,0.000,0.000,,,,,NVIDIA A100-SXM4-40GB MIG 4g.20gb (0),1,,13,"void convert_kernel<__half2, float2>(tensor_layout_any, T1 *, tensor_layout_any, const T2 *)"
4024680406,9888,244317,,,,,,,,,,0.094,9475.664,Pinned,Device,NVIDIA A100-SXM4-40GB MIG 4g.20gb (0),1,,13,[CUDA memcpy Host-to-Device]
4024706166,3712,244318,,,,,,,,,,1.547,416654.319,Device,,NVIDIA A100-SXM4-40GB MIG 4g.20gb (0),1,,13,[CUDA memset]
4024714294,4255,244323,,,,,,,,,,0.031,7355.092,Pinned,Device,NVIDIA A100-SXM4-40GB MIG 4g.20gb (0),1,,13,[CUDA memcpy Host-to-Device]
4024723797,12704,244324,,,,,,,,,,0.197,15475.999,Pinned,Device,NVIDIA A100-SXM4-40GB MIG 4g.20gb (0),1,,13,[CUDA memcpy Host-to-Device]
4024746805,8320,244325,273,1,1,8,4,1,39,0.002,0.000,,,,,NVIDIA A100-SXM4-40GB MIG 4g.20gb (0),1,,13,"void channel_eq::eqMmseCoefCompLowMimoKernel<float, float, float, (unsigned int)4, (unsigned int)1, (unsigned int)4>(const channel_eq::_puschRxChEqStatDescr *, channel_eq::_puschRxChEqCoefCompDynDescr)"
4024759381,7936,244326,273,1,1,12,11,1,51,0.002,0.000,,,,,NVIDIA A100-SXM4-40GB MIG 4g.20gb (0),1,,13,"void channel_eq::eqMmseSoftDemapKernel<float, __half, __half, float, (unsigned int)4, (unsigned short)16383>(channel_eq::_puschRxChEqStatDescr *, channel_eq::_puschRxChEqSoftDemapDynDescr)"
4024771349,282652,244327,1,1,1,32,32,1,30,0.000,0.000,,,,,NVIDIA A100-SXM4-40GB MIG 4g.20gb (0),1,,13,"void convert_kernel<float2, __half2>(tensor_layout_any, T1 *, tensor_layout_any, const T2 *)"
4025055089,10848,244339,2253,1,1,128,1,1,16,0.000,0.000,,,,,NVIDIA A100-SXM4-40GB MIG 4g.20gb (0),1,,13,cupy_copy__float16_float16
4025068145,3136,244348,282,1,1,128,1,1,16,0.000,0.000,,,,,NVIDIA A100-SXM4-40GB MIG 4g.20gb (0),1,,13,cupy_copy__complex64_complex64
4025076465,2112,244357,26,1,1,128,1,1,16,0.000,0.000,,,,,NVIDIA A100-SXM4-40GB MIG 4g.20gb (0),1,,13,cupy_copy__float32_float32
4025080305,4960,244366,103,1,1,128,1,1,16,0.000,0.000,,,,,NVIDIA A100-SXM4-40GB MIG 4g.20gb (0),1,,13,cupy_copy__complex64_complex64
4025141616,12128,244382,1434,1,1,128,1,1,16,0.000,0.000,,,,,NVIDIA A100-SXM4-40GB MIG 4g.20gb (0),1,,13,cupy_copy__complex64_complex64
4025254959,81599,244387,1,1,1,32,32,1,30,0.000,0.000,,,,,NVIDIA A100-SXM4-40GB MIG 4g.20gb (0),1,,13,"void convert_kernel<__half2, float2>(tensor_layout_any, T1 *, tensor_layout_any, const T2 *)"
4025364238,5663,244390,,,,,,,,,,0.094,16545.214,Pinned,Device,NVIDIA A100-SXM4-40GB MIG 4g.20gb (0),1,,13,[CUDA memcpy Host-to-Device]
4025375853,597657,244391,,,,,,,,,,456.561,763827.289,Device,,NVIDIA A100-SXM4-40GB MIG 4g.20gb (0),1,,13,[CUDA memset]
4025981414,148030,244396,,,,,,,,,,1.235,8342.047,Pinned,Device,NVIDIA A100-SXM4-40GB MIG 4g.20gb (0),1,,13,[CUDA memcpy Host-to-Device]
4026141700,36351,244397,,,,,,,,,,0.197,5408.489,Pinned,Device,NVIDIA A100-SXM4-40GB MIG 4g.20gb (0),1,,13,[CUDA memcpy Host-to-Device]
4026191587,8064,244398,69,4,1,48,1,1,76,0.002,0.000,,,,,NVIDIA A100-SXM4-40GB MIG 4g.20gb (0),1,,13,"void ch_est::windowedChEstPreNoDftSOfdmKernel<float, __half, float, (unsigned int)2, (unsigned int)1, (unsigned short)4>(ch_est::puschRxChEstStatDescr_t *, ch_est::puschRxChEstDynDescr_t *)"
4026206275,6944,244399,137,2,1,24,2,1,44,0.001,0.001,,,,,NVIDIA A100-SXM4-40GB MIG 4g.20gb (0),1,,13,"void ch_est::chEstFilterNoDftSOfdmDispatchKernel<float, __half, float, (unsigned int)2>(ch_est::puschRxChEstStatDescr_t *, ch_est::puschRxChEstDynDescr_t *)"
4026221475,4704,244400,137,2,1,24,2,1,44,0.001,0.001,,,,,NVIDIA A100-SXM4-40GB MIG 4g.20gb (0),1,,13,"void ch_est::chEstFilterNoDftSOfdmDispatchKernel<float, __half, float, (unsigned int)2>(ch_est::puschRxChEstStatDescr_t *, ch_est::puschRxChEstDynDescr_t *)"
4026237475,2560,244411,103,1,1,128,1,1,16,0.000,0.000,,,,,NVIDIA A100-SXM4-40GB MIG 4g.20gb (0),1,,13,cupy_copy__complex64_complex64
4026247171,12447,244421,1434,1,1,128,1,1,16,0.000,0.000,,,,,NVIDIA A100-SXM4-40GB MIG 4g.20gb (0),1,,13,cupy_copy__complex64_complex64
4026265026,2624,244428,103,1,1,128,1,1,16,0.000,0.000,,,,,NVIDIA A100-SXM4-40GB MIG 4g.20gb (0),1,,13,cupy_copy__complex64_complex64
4026272738,84191,244435,1,1,1,32,32,1,30,0.000,0.000,,,,,NVIDIA A100-SXM4-40GB MIG 4g.20gb (0),1,,13,"void convert_kernel<__half2, float2>(tensor_layout_any, T1 *, tensor_layout_any, const T2 *)"
4026385217,9184,244438,,,,,,,,,,0.094,10202.089,Pinned,Device,NVIDIA A100-SXM4-40GB MIG 4g.20gb (0),1,,13,[CUDA memcpy Host-to-Device]
4026400673,47679,244439,,,,,,,,,,35.810,751041.452,Device,,NVIDIA A100-SXM4-40GB MIG 4g.20gb (0),1,,13,[CUDA memset]
4026456416,5312,244441,,,,,,,,,,0.000,15.060,Pinned,Device,NVIDIA A100-SXM4-40GB MIG 4g.20gb (0),1,,13,[CUDA memcpy Host-to-Device]
4026470656,14144,244442,,,,,,,,,,0.197,13900.382,Pinned,Device,NVIDIA A100-SXM4-40GB MIG 4g.20gb (0),1,,13,[CUDA memcpy Host-to-Device]
4026505695,10432,244443,273,1,1,48,1,1,40,0.000,0.001,,,,,NVIDIA A100-SXM4-40GB MIG 4g.20gb (0),1,,13,"void pusch_noise_intf_est::noiseIntfEstNoDftSOfdmKernel<float, __half, float, float, (unsigned int)2, (unsigned int)1, (unsigned char)4, (unsigned char)4>(pusch_noise_intf_est::puschRxNoiseIntfEstDynDescr)"
4026522623,2784,244454,35,1,1,128,1,1,16,0.000,0.000,,,,,NVIDIA A100-SXM4-40GB MIG 4g.20gb (0),1,,13,cupy_copy__complex64_complex64
4026531231,1696,244463,1,1,1,1,1,1,18,0.000,0.000,,,,,NVIDIA A100-SXM4-40GB MIG 4g.20gb (0),1,,13,cupy_copy__float32_float32
4026542431,6080,244469,,,,,,,,,,0.000,0.658,Device,Pageable,NVIDIA A100-SXM4-40GB MIG 4g.20gb (0),1,,7,[CUDA memcpy Device-to-Host]
4026612222,12992,244480,1434,1,1,128,1,1,16,0.000,0.000,,,,,NVIDIA A100-SXM4-40GB MIG 4g.20gb (0),1,,13,cupy_copy__complex64_complex64
4026639710,3104,244487,103,1,1,128,1,1,16,0.000,0.000,,,,,NVIDIA A100-SXM4-40GB MIG 4g.20gb (0),1,,13,cupy_copy__complex64_complex64
4026660382,2368,244494,35,1,1,128,1,1,16,0.000,0.000,,,,,NVIDIA A100-SXM4-40GB MIG 4g.20gb (0),1,,13,cupy_copy__complex64_complex64
4026677533,1760,244501,1,1,1,1,1,1,18,0.000,0.000,,,,,NVIDIA A100-SXM4-40GB MIG 4g.20gb (0),1,,13,cupy_copy__float32_float32
4026810300,81631,244512,1,1,1,32,32,1,30,0.000,0.000,,,,,NVIDIA A100-SXM4-40GB MIG 4g.20gb (0),1,,13,"void convert_kernel<__half2, float2>(tensor_layout_any, T1 *, tensor_layout_any, const T2 *)"
4026921018,5600,244515,,,,,,,,,,0.094,16731.388,Pinned,Device,NVIDIA A100-SXM4-40GB MIG 4g.20gb (0),1,,13,[CUDA memcpy Host-to-Device]
4026935930,3328,244516,,,,,,,,,,1.547,464729.580,Device,,NVIDIA A100-SXM4-40GB MIG 4g.20gb (0),1,,13,[CUDA memset]
4026942970,3008,244521,,,,,,,,,,0.031,10404.230,Pinned,Device,NVIDIA A100-SXM4-40GB MIG 4g.20gb (0),1,,13,[CUDA memcpy Host-to-Device]
4026948858,9440,244522,,,,,,,,,,0.197,20827.079,Pinned,Device,NVIDIA A100-SXM4-40GB MIG 4g.20gb (0),1,,13,[CUDA memcpy Host-to-Device]
4026963674,6432,244523,273,1,1,8,4,1,39,0.002,0.000,,,,,NVIDIA A100-SXM4-40GB MIG 4g.20gb (0),1,,13,"void channel_eq::eqMmseCoefCompLowMimoKernel<float, float, float, (unsigned int)4, (unsigned int)1, (unsigned int)4>(const channel_eq::_puschRxChEqStatDescr *, channel_eq::_puschRxChEqCoefCompDynDescr)"
4026971514,5472,244524,273,1,1,12,11,1,51,0.002,0.000,,,,,NVIDIA A100-SXM4-40GB MIG 4g.20gb (0),1,,13,"void channel_eq::eqMmseSoftDemapKernel<float, __half, __half, float, (unsigned int)4, (unsigned short)16383>(channel_eq::_puschRxChEqStatDescr *, channel_eq::_puschRxChEqSoftDemapDynDescr)"
4026978010,294684,244525,1,1,1,32,32,1,30,0.000,0.000,,,,,NVIDIA A100-SXM4-40GB MIG 4g.20gb (0),1,,13,"void convert_kernel<float2, __half2>(tensor_layout_any, T1 *, tensor_layout_any, const T2 *)"
4027273750,10880,244537,2253,1,1,128,1,1,16,0.000,0.000,,,,,NVIDIA A100-SXM4-40GB MIG 4g.20gb (0),1,,13,cupy_copy__float16_float16
4027287126,3552,244546,282,1,1,128,1,1,16,0.000,0.000,,,,,NVIDIA A100-SXM4-40GB MIG 4g.20gb (0),1,,13,cupy_copy__complex64_complex64
4027294166,2016,244555,26,1,1,128,1,1,16,0.000,0.000,,,,,NVIDIA A100-SXM4-40GB MIG 4g.20gb (0),1,,13,cupy_copy__float32_float32
4027300950,2880,244564,103,1,1,128,1,1,16,0.000,0.000,,,,,NVIDIA A100-SXM4-40GB MIG 4g.20gb (0),1,,13,cupy_copy__complex64_complex64
4027306966,11903,244574,1434,1,1,128,1,1,16,0.000,0.000,,,,,NVIDIA A100-SXM4-40GB MIG 4g.20gb (0),1,,13,cupy_copy__complex64_complex64
4027321045,87743,244579,1,1,1,32,32,1,30,0.000,0.000,,,,,NVIDIA A100-SXM4-40GB MIG 4g.20gb (0),1,,13,"void convert_kernel<__half2, float2>(tensor_layout_any, T1 *, tensor_layout_any, const T2 *)"
4027435540,5600,244582,,,,,,,,,,0.094,16731.388,Pinned,Device,NVIDIA A100-SXM4-40GB MIG 4g.20gb (0),1,,13,[CUDA memcpy Host-to-Device]
4027445876,602680,244583,,,,,,,,,,456.561,757435.429,Device,,NVIDIA A100-SXM4-40GB MIG 4g.20gb (0),1,,13,[CUDA memset]
4028052812,163294,244588,,,,,,,,,,1.235,7561.562,Pinned,Device,NVIDIA A100-SXM4-40GB MIG 4g.20gb (0),1,,13,[CUDA memcpy Host-to-Device]
4028226314,40928,244589,,,,,,,,,,0.197,4803.723,Pinned,Device,NVIDIA A100-SXM4-40GB MIG 4g.20gb (0),1,,13,[CUDA memcpy Host-to-Device]
4028289609,8032,244590,69,4,1,48,1,1,76,0.002,0.000,,,,,NVIDIA A100-SXM4-40GB MIG 4g.20gb (0),1,,13,"void ch_est::windowedChEstPreNoDftSOfdmKernel<float, __half, float, (unsigned int)2, (unsigned int)1, (unsigned short)4>(ch_est::puschRxChEstStatDescr_t *, ch_est::puschRxChEstDynDescr_t *)"
4028308969,6944,244591,137,2,1,24,2,1,44,0.001,0.001,,,,,NVIDIA A100-SXM4-40GB MIG 4g.20gb (0),1,,13,"void ch_est::chEstFilterNoDftSOfdmDispatchKernel<float, __half, float, (unsigned int)2>(ch_est::puschRxChEstStatDescr_t *, ch_est::puschRxChEstDynDescr_t *)"
4028325289,4768,244592,137,2,1,24,2,1,44,0.001,0.001,,,,,NVIDIA A100-SXM4-40GB MIG 4g.20gb (0),1,,13,"void ch_est::chEstFilterNoDftSOfdmDispatchKernel<float, __half, float, (unsigned int)2>(ch_est::puschRxChEstStatDescr_t *, ch_est::puschRxChEstDynDescr_t *)"
4028341737,2496,244603,103,1,1,128,1,1,16,0.000,0.000,,,,,NVIDIA A100-SXM4-40GB MIG 4g.20gb (0),1,,13,cupy_copy__complex64_complex64
4028358441,12639,244613,1434,1,1,128,1,1,16,0.000,0.000,,,,,NVIDIA A100-SXM4-40GB MIG 4g.20gb (0),1,,13,cupy_copy__complex64_complex64
4028389256,2560,244620,103,1,1,128,1,1,16,0.000,0.000,,,,,NVIDIA A100-SXM4-40GB MIG 4g.20gb (0),1,,13,cupy_copy__complex64_complex64
4028410792,84671,244627,1,1,1,32,32,1,30,0.000,0.000,,,,,NVIDIA A100-SXM4-40GB MIG 4g.20gb (0),1,,13,"void convert_kernel<__half2, float2>(tensor_layout_any, T1 *, tensor_layout_any, const T2 *)"
4028527079,24511,244630,,,,,,,,,,0.094,3822.609,Pinned,Device,NVIDIA A100-SXM4-40GB MIG 4g.20gb (0),1,,13,[CUDA memcpy Host-to-Device]
4028571750,47359,244631,,,,,,,,,,35.810,756126.461,Device,,NVIDIA A100-SXM4-40GB MIG 4g.20gb (0),1,,13,[CUDA memset]
4028626213,9216,244633,,,,,,,,,,0.000,8.680,Pinned,Device,NVIDIA A100-SXM4-40GB MIG 4g.20gb (0),1,,13,[CUDA memcpy Host-to-Device]
4028643205,20928,244634,,,,,,,,,,0.197,9394.323,Pinned,Device,NVIDIA A100-SXM4-40GB MIG 4g.20gb (0),1,,13,[CUDA memcpy Host-to-Device]
4028676261,9728,244635,273,1,1,48,1,1,40,0.000,0.001,,,,,NVIDIA A100-SXM4-40GB MIG 4g.20gb (0),1,,13,"void pusch_noise_intf_est::noiseIntfEstNoDftSOfdmKernel<float, __half, float, float, (unsigned int)2, (unsigned int)1, (unsigned char)4, (unsigned char)4>(pusch_noise_intf_est::puschRxNoiseIntfEstDynDescr)"
4028696484,3008,244646,35,1,1,128,1,1,16,0.000,0.000,,,,,NVIDIA A100-SXM4-40GB MIG 4g.20gb (0),1,,13,cupy_copy__complex64_complex64
4028708580,1984,244655,1,1,1,1,1,1,18,0.000,0.000,,,,,NVIDIA A100-SXM4-40GB MIG 4g.20gb (0),1,,13,cupy_copy__float32_float32
4028717060,3232,244661,,,,,,,,,,0.000,1.238,Device,Pageable,NVIDIA A100-SXM4-40GB MIG 4g.20gb (0),1,,7,[CUDA memcpy Device-to-Host]
4028782339,12864,244672,1434,1,1,128,1,1,16,0.000,0.000,,,,,NVIDIA A100-SXM4-40GB MIG 4g.20gb (0),1,,13,cupy_copy__complex64_complex64
4028807267,2912,244679,103,1,1,128,1,1,16,0.000,0.000,,,,,NVIDIA A100-SXM4-40GB MIG 4g.20gb (0),1,,13,cupy_copy__complex64_complex64
4028827875,2496,244686,35,1,1,128,1,1,16,0.000,0.000,,,,,NVIDIA A100-SXM4-40GB MIG 4g.20gb (0),1,,13,cupy_copy__complex64_complex64
4028846595,1984,244693,1,1,1,1,1,1,18,0.000,0.000,,,,,NVIDIA A100-SXM4-40GB MIG 4g.20gb (0),1,,13,cupy_copy__float32_float32
4028979297,82527,244704,1,1,1,32,32,1,30,0.000,0.000,,,,,NVIDIA A100-SXM4-40GB MIG 4g.20gb (0),1,,13,"void convert_kernel<__half2, float2>(tensor_layout_any, T1 *, tensor_layout_any, const T2 *)"
4029089792,5728,244707,,,,,,,,,,0.094,16357.541,Pinned,Device,NVIDIA A100-SXM4-40GB MIG 4g.20gb (0),1,,13,[CUDA memcpy Host-to-Device]
4029104863,3296,244708,,,,,,,,,,1.547,469242.628,Device,,NVIDIA A100-SXM4-40GB MIG 4g.20gb (0),1,,13,[CUDA memset]
4029111519,3552,244713,,,,,,,,,,0.031,8810.794,Pinned,Device,NVIDIA A100-SXM4-40GB MIG 4g.20gb (0),1,,13,[CUDA memcpy Host-to-Device]
4029117695,9760,244714,,,,,,,,,,0.197,20144.259,Pinned,Device,NVIDIA A100-SXM4-40GB MIG 4g.20gb (0),1,,13,[CUDA memcpy Host-to-Device]
4029131967,6528,244715,273,1,1,8,4,1,39,0.002,0.000,,,,,NVIDIA A100-SXM4-40GB MIG 4g.20gb (0),1,,13,"void channel_eq::eqMmseCoefCompLowMimoKernel<float, float, float, (unsigned int)4, (unsigned int)1, (unsigned int)4>(const channel_eq::_puschRxChEqStatDescr *, channel_eq::_puschRxChEqCoefCompDynDescr)"
4029140351,5888,244716,273,1,1,12,11,1,51,0.002,0.000,,,,,NVIDIA A100-SXM4-40GB MIG 4g.20gb (0),1,,13,"void channel_eq::eqMmseSoftDemapKernel<float, __half, __half, float, (unsigned int)4, (unsigned short)16383>(channel_eq::_puschRxChEqStatDescr *, channel_eq::_puschRxChEqSoftDemapDynDescr)"
4029147359,282972,244717,1,1,1,32,32,1,30,0.000,0.000,,,,,NVIDIA A100-SXM4-40GB MIG 4g.20gb (0),1,,13,"void convert_kernel<float2, __half2>(tensor_layout_any, T1 *, tensor_layout_any, const T2 *)"
4029431355,11008,244729,2253,1,1,128,1,1,16,0.000,0.000,,,,,NVIDIA A100-SXM4-40GB MIG 4g.20gb (0),1,,13,cupy_copy__float16_float16
4029445467,3104,244738,282,1,1,128,1,1,16,0.000,0.000,,,,,NVIDIA A100-SXM4-40GB MIG 4g.20gb (0),1,,13,cupy_copy__complex64_complex64
4029450267,2112,244747,26,1,1,128,1,1,16,0.000,0.000,,,,,NVIDIA A100-SXM4-40GB MIG 4g.20gb (0),1,,13,cupy_copy__float32_float32
4029453819,4544,244756,103,1,1,128,1,1,16,0.000,0.000,,,,,NVIDIA A100-SXM4-40GB MIG 4g.20gb (0),1,,13,cupy_copy__complex64_complex64
4029459483,12032,244766,1434,1,1,128,1,1,16,0.000,0.000,,,,,NVIDIA A100-SXM4-40GB MIG 4g.20gb (0),1,,13,cupy_copy__complex64_complex64
4029477979,87487,244771,1,1,1,32,32,1,30,0.000,0.000,,,,,NVIDIA A100-SXM4-40GB MIG 4g.20gb (0),1,,13,"void convert_kernel<__half2, float2>(tensor_layout_any, T1 *, tensor_layout_any, const T2 *)"
4029593113,6080,244774,,,,,,,,,,0.094,15410.462,Pinned,Device,NVIDIA A100-SXM4-40GB MIG 4g.20gb (0),1,,13,[CUDA memcpy Host-to-Device]
4029603001,596729,244775,,,,,,,,,,456.561,764740.412,Device,,NVIDIA A100-SXM4-40GB MIG 4g.20gb (0),1,,13,[CUDA memset]
4030208466,141886,244780,,,,,,,,,,1.235,8702.650,Pinned,Device,NVIDIA A100-SXM4-40GB MIG 4g.20gb (0),1,,13,[CUDA memcpy Host-to-Device]
4030366512,46015,244781,,,,,,,,,,0.197,4272.685,Pinned,Device,NVIDIA A100-SXM4-40GB MIG 4g.20gb (0),1,,13,[CUDA memcpy Host-to-Device]
4030439535,8608,244782,69,4,1,48,1,1,76,0.002,0.000,,,,,NVIDIA A100-SXM4-40GB MIG 4g.20gb (0),1,,13,"void ch_est::windowedChEstPreNoDftSOfdmKernel<float, __half, float, (unsigned int)2, (unsigned int)1, (unsigned short)4>(ch_est::puschRxChEstStatDescr_t *, ch_est::puschRxChEstDynDescr_t *)"
4030456975,7040,244783,137,2,1,24,2,1,44,0.001,0.001,,,,,NVIDIA A100-SXM4-40GB MIG 4g.20gb (0),1,,13,"void ch_est::chEstFilterNoDftSOfdmDispatchKernel<float, __half, float, (unsigned int)2>(ch_est::puschRxChEstStatDescr_t *, ch_est::puschRxChEstDynDescr_t *)"
4030473775,4736,244784,137,2,1,24,2,1,44,0.001,0.001,,,,,NVIDIA A100-SXM4-40GB MIG 4g.20gb (0),1,,13,"void ch_est::chEstFilterNoDftSOfdmDispatchKernel<float, __half, float, (unsigned int)2>(ch_est::puschRxChEstStatDescr_t *, ch_est::puschRxChEstDynDescr_t *)"
4030490190,2656,244795,103,1,1,128,1,1,16,0.000,0.000,,,,,NVIDIA A100-SXM4-40GB MIG 4g.20gb (0),1,,13,cupy_copy__complex64_complex64
4030506414,12288,244805,1434,1,1,128,1,1,16,0.000,0.000,,,,,NVIDIA A100-SXM4-40GB MIG 4g.20gb (0),1,,13,cupy_copy__complex64_complex64
4030530286,2624,244812,103,1,1,128,1,1,16,0.000,0.000,,,,,NVIDIA A100-SXM4-40GB MIG 4g.20gb (0),1,,13,cupy_copy__complex64_complex64
4030553038,82975,244819,1,1,1,32,32,1,30,0.000,0.000,,,,,NVIDIA A100-SXM4-40GB MIG 4g.20gb (0),1,,13,"void convert_kernel<__half2, float2>(tensor_layout_any, T1 *, tensor_layout_any, const T2 *)"
4030667212,26624,244822,,,,,,,,,,0.094,3519.222,Pinned,Device,NVIDIA A100-SXM4-40GB MIG 4g.20gb (0),1,,13,[CUDA memcpy Host-to-Device]
4030704908,47071,244823,,,,,,,,,,35.810,760745.940,Device,,NVIDIA A100-SXM4-40GB MIG 4g.20gb (0),1,,13,[CUDA memset]
4030760235,15168,244825,,,,,,,,,,0.000,5.274,Pinned,Device,NVIDIA A100-SXM4-40GB MIG 4g.20gb (0),1,,13,[CUDA memcpy Host-to-Device]
4030785707,26303,244826,,,,,,,,,,0.197,7474.643,Pinned,Device,NVIDIA A100-SXM4-40GB MIG 4g.20gb (0),1,,13,[CUDA memcpy Host-to-Device]
4030835114,9824,244827,273,1,1,48,1,1,40,0.000,0.001,,,,,NVIDIA A100-SXM4-40GB MIG 4g.20gb (0),1,,13,"void pusch_noise_intf_est::noiseIntfEstNoDftSOfdmKernel<float, __half, float, float, (unsigned int)2, (unsigned int)1, (unsigned char)4, (unsigned char)4>(pusch_noise_intf_est::puschRxNoiseIntfEstDynDescr)"
4030852042,2752,244838,35,1,1,128,1,1,16,0.000,0.000,,,,,NVIDIA A100-SXM4-40GB MIG 4g.20gb (0),1,,13,cupy_copy__complex64_complex64
4030869386,1664,244847,1,1,1,1,1,1,18,0.000,0.000,,,,,NVIDIA A100-SXM4-40GB MIG 4g.20gb (0),1,,13,cupy_copy__float32_float32
4030878698,6911,244853,,,,,,,,,,0.000,0.579,Device,Pageable,NVIDIA A100-SXM4-40GB MIG 4g.20gb (0),1,,7,[CUDA memcpy Device-to-Host]
4030975432,12544,244864,1434,1,1,128,1,1,16,0.000,0.000,,,,,NVIDIA A100-SXM4-40GB MIG 4g.20gb (0),1,,13,cupy_copy__complex64_complex64
4030998088,3328,244871,103,1,1,128,1,1,16,0.000,0.000,,,,,NVIDIA A100-SXM4-40GB MIG 4g.20gb (0),1,,13,cupy_copy__complex64_complex64
4031018920,2592,244878,35,1,1,128,1,1,16,0.000,0.000,,,,,NVIDIA A100-SXM4-40GB MIG 4g.20gb (0),1,,13,cupy_copy__complex64_complex64
4031036936,1792,244885,1,1,1,1,1,1,18,0.000,0.000,,,,,NVIDIA A100-SXM4-40GB MIG 4g.20gb (0),1,,13,cupy_copy__float32_float32
4031169062,88223,244896,1,1,1,32,32,1,30,0.000,0.000,,,,,NVIDIA A100-SXM4-40GB MIG 4g.20gb (0),1,,13,"void convert_kernel<__half2, float2>(tensor_layout_any, T1 *, tensor_layout_any, const T2 *)"
4031285285,5887,244899,,,,,,,,,,0.094,15915.671,Pinned,Device,NVIDIA A100-SXM4-40GB MIG 4g.20gb (0),1,,13,[CUDA memcpy Host-to-Device]
4031300196,3168,244900,,,,,,,,,,1.547,488201.145,Device,,NVIDIA A100-SXM4-40GB MIG 4g.20gb (0),1,,13,[CUDA memset]
4031306820,3104,244905,,,,,,,,,,0.031,10082.445,Pinned,Device,NVIDIA A100-SXM4-40GB MIG 4g.20gb (0),1,,13,[CUDA memcpy Host-to-Device]
4031312644,10688,244906,,,,,,,,,,0.197,18395.038,Pinned,Device,NVIDIA A100-SXM4-40GB MIG 4g.20gb (0),1,,13,[CUDA memcpy Host-to-Device]
4031328196,8384,244907,273,1,1,8,4,1,39,0.002,0.000,,,,,NVIDIA A100-SXM4-40GB MIG 4g.20gb (0),1,,13,"void channel_eq::eqMmseCoefCompLowMimoKernel<float, float, float, (unsigned int)4, (unsigned int)1, (unsigned int)4>(const channel_eq::_puschRxChEqStatDescr *, channel_eq::_puschRxChEqCoefCompDynDescr)"
4031339172,6336,244908,273,1,1,12,11,1,51,0.002,0.000,,,,,NVIDIA A100-SXM4-40GB MIG 4g.20gb (0),1,,13,"void channel_eq::eqMmseSoftDemapKernel<float, __half, __half, float, (unsigned int)4, (unsigned short)16383>(channel_eq::_puschRxChEqStatDescr *, channel_eq::_puschRxChEqSoftDemapDynDescr)"
4031347780,282172,244909,1,1,1,32,32,1,30,0.000,0.000,,,,,NVIDIA A100-SXM4-40GB MIG 4g.20gb (0),1,,13,"void convert_kernel<float2, __half2>(tensor_layout_any, T1 *, tensor_layout_any, const T2 *)"
4031631520,10848,244921,2253,1,1,128,1,1,16,0.000,0.000,,,,,NVIDIA A100-SXM4-40GB MIG 4g.20gb (0),1,,13,cupy_copy__float16_float16
4031647584,2912,244930,282,1,1,128,1,1,16,0.000,0.000,,,,,NVIDIA A100-SXM4-40GB MIG 4g.20gb (0),1,,13,cupy_copy__complex64_complex64
4031652928,2144,244939,26,1,1,128,1,1,16,0.000,0.000,,,,,NVIDIA A100-SXM4-40GB MIG 4g.20gb (0),1,,13,cupy_copy__float32_float32
4031656224,2880,244948,103,1,1,128,1,1,16,0.000,0.000,,,,,NVIDIA A100-SXM4-40GB MIG 4g.20gb (0),1,,13,cupy_copy__complex64_complex64
4031661504,12224,244958,1434,1,1,128,1,1,16,0.000,0.000,,,,,NVIDIA A100-SXM4-40GB MIG 4g.20gb (0),1,,13,cupy_copy__complex64_complex64
4031677568,87839,244963,1,1,1,32,32,1,30,0.000,0.000,,,,,NVIDIA A100-SXM4-40GB MIG 4g.20gb (0),1,,13,"void convert_kernel<__half2, float2>(tensor_layout_any, T1 *, tensor_layout_any, const T2 *)"
4031792574,5408,244966,,,,,,,,,,0.094,17325.421,Pinned,Device,NVIDIA A100-SXM4-40GB MIG 4g.20gb (0),1,,13,[CUDA memcpy Host-to-Device]
4031801822,596729,244967,,,,,,,,,,456.561,764740.412,Device,,NVIDIA A100-SXM4-40GB MIG 4g.20gb (0),1,,13,[CUDA memset]
4032402103,116958,244972,,,,,,,,,,1.235,10558.771,Pinned,Device,NVIDIA A100-SXM4-40GB MIG 4g.20gb (0),1,,13,[CUDA memcpy Host-to-Device]
4032528373,20736,244973,,,,,,,,,,0.197,9481.421,Pinned,Device,NVIDIA A100-SXM4-40GB MIG 4g.20gb (0),1,,13,[CUDA memcpy Host-to-Device]
4032562069,8128,244974,69,4,1,48,1,1,76,0.002,0.000,,,,,NVIDIA A100-SXM4-40GB MIG 4g.20gb (0),1,,13,"void ch_est::windowedChEstPreNoDftSOfdmKernel<float, __half, float, (unsigned int)2, (unsigned int)1, (unsigned short)4>(ch_est::puschRxChEstStatDescr_t *, ch_est::puschRxChEstDynDescr_t *)"
4032571637,7328,244975,137,2,1,24,2,1,44,0.001,0.001,,,,,NVIDIA A100-SXM4-40GB MIG 4g.20gb (0),1,,13,"void ch_est::chEstFilterNoDftSOfdmDispatchKernel<float, __half, float, (unsigned int)2>(ch_est::puschRxChEstStatDescr_t *, ch_est::puschRxChEstDynDescr_t *)"
4032580757,6304,244976,137,2,1,24,2,1,44,0.001,0.001,,,,,NVIDIA A100-SXM4-40GB MIG 4g.20gb (0),1,,13,"void ch_est::chEstFilterNoDftSOfdmDispatchKernel<float, __half, float, (unsigned int)2>(ch_est::puschRxChEstStatDescr_t *, ch_est::puschRxChEstDynDescr_t *)"
4032593524,3008,244987,103,1,1,128,1,1,16,0.000,0.000,,,,,NVIDIA A100-SXM4-40GB MIG 4g.20gb (0),1,,13,cupy_copy__complex64_complex64
4032599444,12864,244997,1434,1,1,128,1,1,16,0.000,0.000,,,,,NVIDIA A100-SXM4-40GB MIG 4g.20gb (0),1,,13,cupy_copy__complex64_complex64
4032614420,3072,245004,103,1,1,128,1,1,16,0.000,0.000,,,,,NVIDIA A100-SXM4-40GB MIG 4g.20gb (0),1,,13,cupy_copy__complex64_complex64
4032621780,88639,245011,1,1,1,32,32,1,30,0.000,0.000,,,,,NVIDIA A100-SXM4-40GB MIG 4g.20gb (0),1,,13,"void convert_kernel<__half2, float2>(tensor_layout_any, T1 *, tensor_layout_any, const T2 *)"
4032738355,5472,245014,,,,,,,,,,0.094,17122.757,Pinned,Device,NVIDIA A100-SXM4-40GB MIG 4g.20gb (0),1,,13,[CUDA memcpy Host-to-Device]
4032751475,47071,245015,,,,,,,,,,35.810,760745.940,Device,,NVIDIA A100-SXM4-40GB MIG 4g.20gb (0),1,,13,[CUDA memset]
4032804562,3520,245017,,,,,,,,,,0.000,22.727,Pinned,Device,NVIDIA A100-SXM4-40GB MIG 4g.20gb (0),1,,13,[CUDA memcpy Host-to-Device]
4032813650,11616,245018,,,,,,,,,,0.197,16925.590,Pinned,Device,NVIDIA A100-SXM4-40GB MIG 4g.20gb (0),1,,13,[CUDA memcpy Host-to-Device]
4032833425,10592,245019,273,1,1,48,1,1,40,0.000,0.001,,,,,NVIDIA A100-SXM4-40GB MIG 4g.20gb (0),1,,13,"void pusch_noise_intf_est::noiseIntfEstNoDftSOfdmKernel<float, __half, float, float, (unsigned int)2, (unsigned int)1, (unsigned char)4, (unsigned char)4>(pusch_noise_intf_est::puschRxNoiseIntfEstDynDescr)"
4032847441,3008,245030,35,1,1,128,1,1,16,0.000,0.000,,,,,NVIDIA A100-SXM4-40GB MIG 4g.20gb (0),1,,13,cupy_copy__complex64_complex64
4032859505,1920,245039,1,1,1,1,1,1,18,0.000,0.000,,,,,NVIDIA A100-SXM4-40GB MIG 4g.20gb (0),1,,13,cupy_copy__float32_float32
4032888913,1600,245045,,,,,,,,,,0.000,2.500,Device,Pageable,NVIDIA A100-SXM4-40GB MIG 4g.20gb (0),1,,7,[CUDA memcpy Device-to-Host]
4032948656,12896,245056,1434,1,1,128,1,1,16,0.000,0.000,,,,,NVIDIA A100-SXM4-40GB MIG 4g.20gb (0),1,,13,cupy_copy__complex64_complex64
4032975376,2592,245063,103,1,1,128,1,1,16,0.000,0.000,,,,,NVIDIA A100-SXM4-40GB MIG 4g.20gb (0),1,,13,cupy_copy__complex64_complex64
4032996399,2176,245070,35,1,1,128,1,1,16,0.000,0.000,,,,,NVIDIA A100-SXM4-40GB MIG 4g.20gb (0),1,,13,cupy_copy__complex64_complex64
4033018607,1792,245077,1,1,1,1,1,1,18,0.000,0.000,,,,,NVIDIA A100-SXM4-40GB MIG 4g.20gb (0),1,,13,cupy_copy__float32_float32
4033152078,86463,245088,1,1,1,32,32,1,30,0.000,0.000,,,,,NVIDIA A100-SXM4-40GB MIG 4g.20gb (0),1,,13,"void convert_kernel<__half2, float2>(tensor_layout_any, T1 *, tensor_layout_any, const T2 *)"
4033265964,5984,245091,,,,,,,,,,0.094,15657.726,Pinned,Device,NVIDIA A100-SXM4-40GB MIG 4g.20gb (0),1,,13,[CUDA memcpy Host-to-Device]
4033280300,3136,245092,,,,,,,,,,1.547,493182.821,Device,,NVIDIA A100-SXM4-40GB MIG 4g.20gb (0),1,,13,[CUDA memset]
4033287628,3040,245097,,,,,,,,,,0.031,10294.725,Pinned,Device,NVIDIA A100-SXM4-40GB MIG 4g.20gb (0),1,,13,[CUDA memcpy Host-to-Device]
4033293260,9952,245098,,,,,,,,,,0.197,19755.565,Pinned,Device,NVIDIA A100-SXM4-40GB MIG 4g.20gb (0),1,,13,[CUDA memcpy Host-to-Device]
4033307276,6592,245099,273,1,1,8,4,1,39,0.002,0.000,,,,,NVIDIA A100-SXM4-40GB MIG 4g.20gb (0),1,,13,"void channel_eq::eqMmseCoefCompLowMimoKernel<float, float, float, (unsigned int)4, (unsigned int)1, (unsigned int)4>(const channel_eq::_puschRxChEqStatDescr *, channel_eq::_puschRxChEqCoefCompDynDescr)"
4033314828,5567,245100,273,1,1,12,11,1,51,0.002,0.000,,,,,NVIDIA A100-SXM4-40GB MIG 4g.20gb (0),1,,13,"void channel_eq::eqMmseSoftDemapKernel<float, __half, __half, float, (unsigned int)4, (unsigned short)16383>(channel_eq::_puschRxChEqStatDescr *, channel_eq::_puschRxChEqSoftDemapDynDescr)"
4033321483,282941,245101,1,1,1,32,32,1,30,0.000,0.000,,,,,NVIDIA A100-SXM4-40GB MIG 4g.20gb (0),1,,13,"void convert_kernel<float2, __half2>(tensor_layout_any, T1 *, tensor_layout_any, const T2 *)"
4033605480,11296,245113,2253,1,1,128,1,1,16,0.000,0.000,,,,,NVIDIA A100-SXM4-40GB MIG 4g.20gb (0),1,,13,cupy_copy__float16_float16
4033620584,3584,245122,282,1,1,128,1,1,16,0.000,0.000,,,,,NVIDIA A100-SXM4-40GB MIG 4g.20gb (0),1,,13,cupy_copy__complex64_complex64
4033625928,2048,245131,26,1,1,128,1,1,16,0.000,0.000,,,,,NVIDIA A100-SXM4-40GB MIG 4g.20gb (0),1,,13,cupy_copy__float32_float32
4033629832,4576,245140,103,1,1,128,1,1,16,0.000,0.000,,,,,NVIDIA A100-SXM4-40GB MIG 4g.20gb (0),1,,13,cupy_copy__complex64_complex64
4033635816,12159,245150,1434,1,1,128,1,1,16,0.000,0.000,,,,,NVIDIA A100-SXM4-40GB MIG 4g.20gb (0),1,,13,cupy_copy__complex64_complex64
4033653447,82175,245155,1,1,1,32,32,1,30,0.000,0.000,,,,,NVIDIA A100-SXM4-40GB MIG 4g.20gb (0),1,,13,"void convert_kernel<__half2, float2>(tensor_layout_any, T1 *, tensor_layout_any, const T2 *)"
4033763526,6048,245158,,,,,,,,,,0.094,15491.978,Pinned,Device,NVIDIA A100-SXM4-40GB MIG 4g.20gb (0),1,,13,[CUDA memcpy Host-to-Device]
4033773254,598233,245159,,,,,,,,,,456.561,762914.166,Device,,NVIDIA A100-SXM4-40GB MIG 4g.20gb (0),1,,13,[CUDA memset]
4034375454,161087,245164,,,,,,,,,,1.235,7665.297,Pinned,Device,NVIDIA A100-SXM4-40GB MIG 4g.20gb (0),1,,13,[CUDA memcpy Host-to-Device]
4034548188,40768,245165,,,,,,,,,,0.197,4822.598,Pinned,Device,NVIDIA A100-SXM4-40GB MIG 4g.20gb (0),1,,13,[CUDA memcpy Host-to-Device]
4034611228,8191,245166,69,4,1,48,1,1,76,0.002,0.000,,,,,NVIDIA A100-SXM4-40GB MIG 4g.20gb (0),1,,13,"void ch_est::windowedChEstPreNoDftSOfdmKernel<float, __half, float, (unsigned int)2, (unsigned int)1, (unsigned short)4>(ch_est::puschRxChEstStatDescr_t *, ch_est::puschRxChEstDynDescr_t *)"
4034630683,6528,245167,137,2,1,24,2,1,44,0.001,0.001,,,,,NVIDIA A100-SXM4-40GB MIG 4g.20gb (0),1,,13,"void ch_est::chEstFilterNoDftSOfdmDispatchKernel<float, __half, float, (unsigned int)2>(ch_est::puschRxChEstStatDescr_t *, ch_est::puschRxChEstDynDescr_t *)"
4034646235,4736,245168,137,2,1,24,2,1,44,0.001,0.001,,,,,NVIDIA A100-SXM4-40GB MIG 4g.20gb (0),1,,13,"void ch_est::chEstFilterNoDftSOfdmDispatchKernel<float, __half, float, (unsigned int)2>(ch_est::puschRxChEstStatDescr_t *, ch_est::puschRxChEstDynDescr_t *)"
4034664859,2624,245179,103,1,1,128,1,1,16,0.000,0.000,,,,,NVIDIA A100-SXM4-40GB MIG 4g.20gb (0),1,,13,cupy_copy__complex64_complex64
4034677851,12448,245189,1434,1,1,128,1,1,16,0.000,0.000,,,,,NVIDIA A100-SXM4-40GB MIG 4g.20gb (0),1,,13,cupy_copy__complex64_complex64
4034712474,2560,245196,103,1,1,128,1,1,16,0.000,0.000,,,,,NVIDIA A100-SXM4-40GB MIG 4g.20gb (0),1,,13,cupy_copy__complex64_complex64
4034728986,82111,245203,1,1,1,32,32,1,30,0.000,0.000,,,,,NVIDIA A100-SXM4-40GB MIG 4g.20gb (0),1,,13,"void convert_kernel<__half2, float2>(tensor_layout_any, T1 *, tensor_layout_any, const T2 *)"
4034840057,11168,245206,,,,,,,,,,0.094,8389.634,Pinned,Device,NVIDIA A100-SXM4-40GB MIG 4g.20gb (0),1,,13,[CUDA memcpy Host-to-Device]
4034865432,47712,245207,,,,,,,,,,35.810,750540.113,Device,,NVIDIA A100-SXM4-40GB MIG 4g.20gb (0),1,,13,[CUDA memset]
4034920664,4928,245209,,,,,,,,,,0.000,16.234,Pinned,Device,NVIDIA A100-SXM4-40GB MIG 4g.20gb (0),1,,13,[CUDA memcpy Host-to-Device]
4034928760,13792,245210,,,,,,,,,,0.197,14255.063,Pinned,Device,NVIDIA A100-SXM4-40GB MIG 4g.20gb (0),1,,13,[CUDA memcpy Host-to-Device]
4034949367,12384,245211,273,1,1,48,1,1,40,0.000,0.001,,,,,NVIDIA A100-SXM4-40GB MIG 4g.20gb (0),1,,13,"void pusch_noise_intf_est::noiseIntfEstNoDftSOfdmKernel<float, __half, float, float, (unsigned int)2, (unsigned int)1, (unsigned char)4, (unsigned char)4>(pusch_noise_intf_est::puschRxNoiseIntfEstDynDescr)"
4034963415,3104,245222,35,1,1,128,1,1,16,0.000,0.000,,,,,NVIDIA A100-SXM4-40GB MIG 4g.20gb (0),1,,13,cupy_copy__complex64_complex64
4034971735,1952,245231,1,1,1,1,1,1,18,0.000,0.000,,,,,NVIDIA A100-SXM4-40GB MIG 4g.20gb (0),1,,13,cupy_copy__float32_float32
4035004471,1600,245237,,,,,,,,,,0.000,2.500,Device,Pageable,NVIDIA A100-SXM4-40GB MIG 4g.20gb (0),1,,7,[CUDA memcpy Device-to-Host]
4035063702,12832,245248,1434,1,1,128,1,1,16,0.000,0.000,,,,,NVIDIA A100-SXM4-40GB MIG 4g.20gb (0),1,,13,cupy_copy__complex64_complex64
4035092598,2880,245255,103,1,1,128,1,1,16,0.000,0.000,,,,,NVIDIA A100-SXM4-40GB MIG 4g.20gb (0),1,,13,cupy_copy__complex64_complex64
4035116981,2784,245262,35,1,1,128,1,1,16,0.000,0.000,,,,,NVIDIA A100-SXM4-40GB MIG 4g.20gb (0),1,,13,cupy_copy__complex64_complex64
4035136085,1824,245269,1,1,1,1,1,1,18,0.000,0.000,,,,,NVIDIA A100-SXM4-40GB MIG 4g.20gb (0),1,,13,cupy_copy__float32_float32
4035266868,81887,245280,1,1,1,32,32,1,30,0.000,0.000,,,,,NVIDIA A100-SXM4-40GB MIG 4g.20gb (0),1,,13,"void convert_kernel<__half2, float2>(tensor_layout_any, T1 *, tensor_layout_any, const T2 *)"
4035376818,6016,245283,,,,,,,,,,0.094,15574.430,Pinned,Device,NVIDIA A100-SXM4-40GB MIG 4g.20gb (0),1,,13,[CUDA memcpy Host-to-Device]
4035391282,3264,245284,,,,,,,,,,1.547,473842.288,Device,,NVIDIA A100-SXM4-40GB MIG 4g.20gb (0),1,,13,[CUDA memset]
4035398322,3616,245289,,,,,,,,,,0.031,8654.846,Pinned,Device,NVIDIA A100-SXM4-40GB MIG 4g.20gb (0),1,,13,[CUDA memcpy Host-to-Device]
4035404498,9760,245290,,,,,,,,,,0.197,20144.259,Pinned,Device,NVIDIA A100-SXM4-40GB MIG 4g.20gb (0),1,,13,[CUDA memcpy Host-to-Device]
4035420146,6208,245291,273,1,1,8,4,1,39,0.002,0.000,,,,,NVIDIA A100-SXM4-40GB MIG 4g.20gb (0),1,,13,"void channel_eq::eqMmseCoefCompLowMimoKernel<float, float, float, (unsigned int)4, (unsigned int)1, (unsigned int)4>(const channel_eq::_puschRxChEqStatDescr *, channel_eq::_puschRxChEqCoefCompDynDescr)"
4035427378,6431,245292,273,1,1,12,11,1,51,0.002,0.000,,,,,NVIDIA A100-SXM4-40GB MIG 4g.20gb (0),1,,13,"void channel_eq::eqMmseSoftDemapKernel<float, __half, __half, float, (unsigned int)4, (unsigned short)16383>(channel_eq::_puschRxChEqStatDescr *, channel_eq::_puschRxChEqSoftDemapDynDescr)"
4035434769,282077,245293,1,1,1,32,32,1,30,0.000,0.000,,,,,NVIDIA A100-SXM4-40GB MIG 4g.20gb (0),1,,13,"void convert_kernel<float2, __half2>(tensor_layout_any, T1 *, tensor_layout_any, const T2 *)"
4035717998,11104,245305,2253,1,1,128,1,1,16,0.000,0.000,,,,,NVIDIA A100-SXM4-40GB MIG 4g.20gb (0),1,,13,cupy_copy__float16_float16
4035731502,3776,245314,282,1,1,128,1,1,16,0.000,0.000,,,,,NVIDIA A100-SXM4-40GB MIG 4g.20gb (0),1,,13,cupy_copy__complex64_complex64
4035736686,2112,245323,26,1,1,128,1,1,16,0.000,0.000,,,,,NVIDIA A100-SXM4-40GB MIG 4g.20gb (0),1,,13,cupy_copy__float32_float32
4035739918,2912,245332,103,1,1,128,1,1,16,0.000,0.000,,,,,NVIDIA A100-SXM4-40GB MIG 4g.20gb (0),1,,13,cupy_copy__complex64_complex64
4035743790,11903,245342,1434,1,1,128,1,1,16,0.000,0.000,,,,,NVIDIA A100-SXM4-40GB MIG 4g.20gb (0),1,,13,cupy_copy__complex64_complex64
4035762861,86847,245347,1,1,1,32,32,1,30,0.000,0.000,,,,,NVIDIA A100-SXM4-40GB MIG 4g.20gb (0),1,,13,"void convert_kernel<__half2, float2>(tensor_layout_any, T1 *, tensor_layout_any, const T2 *)"
4035876396,5472,245350,,,,,,,,,,0.094,17122.757,Pinned,Device,NVIDIA A100-SXM4-40GB MIG 4g.20gb (0),1,,13,[CUDA memcpy Host-to-Device]
4035889612,599512,245351,,,,,,,,,,456.561,761544.482,Device,,NVIDIA A100-SXM4-40GB MIG 4g.20gb (0),1,,13,[CUDA memset]
4036493284,163102,245356,,,,,,,,,,1.235,7571.442,Pinned,Device,NVIDIA A100-SXM4-40GB MIG 4g.20gb (0),1,,13,[CUDA memcpy Host-to-Device]
4036670946,41248,245357,,,,,,,,,,0.197,4766.368,Pinned,Device,NVIDIA A100-SXM4-40GB MIG 4g.20gb (0),1,,13,[CUDA memcpy Host-to-Device]
4036745665,7840,245358,69,4,1,48,1,1,76,0.002,0.000,,,,,NVIDIA A100-SXM4-40GB MIG 4g.20gb (0),1,,13,"void ch_est::windowedChEstPreNoDftSOfdmKernel<float, __half, float, (unsigned int)2, (unsigned int)1, (unsigned short)4>(ch_est::puschRxChEstStatDescr_t *, ch_est::puschRxChEstDynDescr_t *)"
4036764961,6688,245359,137,2,1,24,2,1,44,0.001,0.001,,,,,NVIDIA A100-SXM4-40GB MIG 4g.20gb (0),1,,13,"void ch_est::chEstFilterNoDftSOfdmDispatchKernel<float, __half, float, (unsigned int)2>(ch_est::puschRxChEstStatDescr_t *, ch_est::puschRxChEstDynDescr_t *)"
4036781921,4768,245360,137,2,1,24,2,1,44,0.001,0.001,,,,,NVIDIA A100-SXM4-40GB MIG 4g.20gb (0),1,,13,"void ch_est::chEstFilterNoDftSOfdmDispatchKernel<float, __half, float, (unsigned int)2>(ch_est::puschRxChEstStatDescr_t *, ch_est::puschRxChEstDynDescr_t *)"
4036799553,2528,245371,103,1,1,128,1,1,16,0.000,0.000,,,,,NVIDIA A100-SXM4-40GB MIG 4g.20gb (0),1,,13,cupy_copy__complex64_complex64
4036817632,12448,245381,1434,1,1,128,1,1,16,0.000,0.000,,,,,NVIDIA A100-SXM4-40GB MIG 4g.20gb (0),1,,13,cupy_copy__complex64_complex64
4036836960,2912,245388,103,1,1,128,1,1,16,0.000,0.000,,,,,NVIDIA A100-SXM4-40GB MIG 4g.20gb (0),1,,13,cupy_copy__complex64_complex64
4036859904,89087,245395,1,1,1,32,32,1,30,0.000,0.000,,,,,NVIDIA A100-SXM4-40GB MIG 4g.20gb (0),1,,13,"void convert_kernel<__half2, float2>(tensor_layout_any, T1 *, tensor_layout_any, const T2 *)"
4036978430,21952,245398,,,,,,,,,,0.094,4268.134,Pinned,Device,NVIDIA A100-SXM4-40GB MIG 4g.20gb (0),1,,13,[CUDA memcpy Host-to-Device]
4037023390,47199,245399,,,,,,,,,,35.810,758668.965,Device,,NVIDIA A100-SXM4-40GB MIG 4g.20gb (0),1,,13,[CUDA memset]
4037074269,8672,245401,,,,,,,,,,0.000,9.225,Pinned,Device,NVIDIA A100-SXM4-40GB MIG 4g.20gb (0),1,,13,[CUDA memcpy Host-to-Device]
4037089149,18976,245402,,,,,,,,,,0.197,10360.848,Pinned,Device,NVIDIA A100-SXM4-40GB MIG 4g.20gb (0),1,,13,[CUDA memcpy Host-to-Device]
4037122493,12735,245403,273,1,1,48,1,1,40,0.000,0.001,,,,,NVIDIA A100-SXM4-40GB MIG 4g.20gb (0),1,,13,"void pusch_noise_intf_est::noiseIntfEstNoDftSOfdmKernel<float, __half, float, float, (unsigned int)2, (unsigned int)1, (unsigned char)4, (unsigned char)4>(pusch_noise_intf_est::puschRxNoiseIntfEstDynDescr)"
4037138876,3232,245414,35,1,1,128,1,1,16,0.000,0.000,,,,,NVIDIA A100-SXM4-40GB MIG 4g.20gb (0),1,,13,cupy_copy__complex64_complex64
4037146780,1760,245423,1,1,1,1,1,1,18,0.000,0.000,,,,,NVIDIA A100-SXM4-40GB MIG 4g.20gb (0),1,,13,cupy_copy__float32_float32
4037155036,4192,245429,,,,,,,,,,0.000,0.954,Device,Pageable,NVIDIA A100-SXM4-40GB MIG 4g.20gb (0),1,,7,[CUDA memcpy Device-to-Host]
4037230139,13120,245440,1434,1,1,128,1,1,16,0.000,0.000,,,,,NVIDIA A100-SXM4-40GB MIG 4g.20gb (0),1,,13,cupy_copy__complex64_complex64
4037256315,2880,245447,103,1,1,128,1,1,16,0.000,0.000,,,,,NVIDIA A100-SXM4-40GB MIG 4g.20gb (0),1,,13,cupy_copy__complex64_complex64
4037279579,2496,245454,35,1,1,128,1,1,16,0.000,0.000,,,,,NVIDIA A100-SXM4-40GB MIG 4g.20gb (0),1,,13,cupy_copy__complex64_complex64
4037299738,1888,245461,1,1,1,1,1,1,18,0.000,0.000,,,,,NVIDIA A100-SXM4-40GB MIG 4g.20gb (0),1,,13,cupy_copy__float32_float32
4037422009,86527,245472,1,1,1,32,32,1,30,0.000,0.000,,,,,NVIDIA A100-SXM4-40GB MIG 4g.20gb (0),1,,13,"void convert_kernel<__half2, float2>(tensor_layout_any, T1 *, tensor_layout_any, const T2 *)"
4037535864,5855,245475,,,,,,,,,,0.094,16002.715,Pinned,Device,NVIDIA A100-SXM4-40GB MIG 4g.20gb (0),1,,13,[CUDA memcpy Host-to-Device]
4037551031,3456,245476,,,,,,,,,,1.547,447517.201,Device,,NVIDIA A100-SXM4-40GB MIG 4g.20gb (0),1,,13,[CUDA memset]
4037557239,3584,245481,,,,,,,,,,0.031,8732.116,Pinned,Device,NVIDIA A100-SXM4-40GB MIG 4g.20gb (0),1,,13,[CUDA memcpy Host-to-Device]
4037563831,9568,245482,,,,,,,,,,0.197,20548.485,Pinned,Device,NVIDIA A100-SXM4-40GB MIG 4g.20gb (0),1,,13,[CUDA memcpy Host-to-Device]
4037578039,6304,245483,273,1,1,8,4,1,39,0.002,0.000,,,,,NVIDIA A100-SXM4-40GB MIG 4g.20gb (0),1,,13,"void channel_eq::eqMmseCoefCompLowMimoKernel<float, float, float, (unsigned int)4, (unsigned int)1, (unsigned int)4>(const channel_eq::_puschRxChEqStatDescr *, channel_eq::_puschRxChEqCoefCompDynDescr)"
4037586615,5920,245484,273,1,1,12,11,1,51,0.002,0.000,,,,,NVIDIA A100-SXM4-40GB MIG 4g.20gb (0),1,,13,"void channel_eq::eqMmseSoftDemapKernel<float, __half, __half, float, (unsigned int)4, (unsigned short)16383>(channel_eq::_puschRxChEqStatDescr *, channel_eq::_puschRxChEqSoftDemapDynDescr)"
4037594903,282716,245485,1,1,1,32,32,1,30,0.000,0.000,,,,,NVIDIA A100-SXM4-40GB MIG 4g.20gb (0),1,,13,"void convert_kernel<float2, __half2>(tensor_layout_any, T1 *, tensor_layout_any, const T2 *)"
4037878611,11040,245497,2253,1,1,128,1,1,16,0.000,0.000,,,,,NVIDIA A100-SXM4-40GB MIG 4g.20gb (0),1,,13,cupy_copy__float16_float16
4037892435,2848,245506,282,1,1,128,1,1,16,0.000,0.000,,,,,NVIDIA A100-SXM4-40GB MIG 4g.20gb (0),1,,13,cupy_copy__complex64_complex64
4037897107,2048,245515,26,1,1,128,1,1,16,0.000,0.000,,,,,NVIDIA A100-SXM4-40GB MIG 4g.20gb (0),1,,13,cupy_copy__float32_float32
4037902035,3232,245524,103,1,1,128,1,1,16,0.000,0.000,,,,,NVIDIA A100-SXM4-40GB MIG 4g.20gb (0),1,,13,cupy_copy__complex64_complex64
4037908179,12288,245534,1434,1,1,128,1,1,16,0.000,0.000,,,,,NVIDIA A100-SXM4-40GB MIG 4g.20gb (0),1,,13,cupy_copy__complex64_complex64
4037924403,83743,245539,1,1,1,32,32,1,30,0.000,0.000,,,,,NVIDIA A100-SXM4-40GB MIG 4g.20gb (0),1,,13,"void convert_kernel<__half2, float2>(tensor_layout_any, T1 *, tensor_layout_any, const T2 *)"
4038035537,5408,245542,,,,,,,,,,0.094,17325.421,Pinned,Device,NVIDIA A100-SXM4-40GB MIG 4g.20gb (0),1,,13,[CUDA memcpy Host-to-Device]
4038046001,600409,245543,,,,,,,,,,456.561,760174.798,Device,,NVIDIA A100-SXM4-40GB MIG 4g.20gb (0),1,,13,[CUDA memset]
4038653034,141086,245548,,,,,,,,,,1.235,8752.048,Pinned,Device,NVIDIA A100-SXM4-40GB MIG 4g.20gb (0),1,,13,[CUDA memcpy Host-to-Device]
4038803112,31648,245549,,,,,,,,,,0.197,6212.223,Pinned,Device,NVIDIA A100-SXM4-40GB MIG 4g.20gb (0),1,,13,[CUDA memcpy Host-to-Device]
4038853767,8160,245550,69,4,1,48,1,1,76,0.002,0.000,,,,,NVIDIA A100-SXM4-40GB MIG 4g.20gb (0),1,,13,"void ch_est::windowedChEstPreNoDftSOfdmKernel<float, __half, float, (unsigned int)2, (unsigned int)1, (unsigned short)4>(ch_est::puschRxChEstStatDescr_t *, ch_est::puschRxChEstDynDescr_t *)"
4038869575,6848,245551,137,2,1,24,2,1,44,0.001,0.001,,,,,NVIDIA A100-SXM4-40GB MIG 4g.20gb (0),1,,13,"void ch_est::chEstFilterNoDftSOfdmDispatchKernel<float, __half, float, (unsigned int)2>(ch_est::puschRxChEstStatDescr_t *, ch_est::puschRxChEstDynDescr_t *)"
4038882919,4736,245552,137,2,1,24,2,1,44,0.001,0.001,,,,,NVIDIA A100-SXM4-40GB MIG 4g.20gb (0),1,,13,"void ch_est::chEstFilterNoDftSOfdmDispatchKernel<float, __half, float, (unsigned int)2>(ch_est::puschRxChEstStatDescr_t *, ch_est::puschRxChEstDynDescr_t *)"
4038896391,2624,245563,103,1,1,128,1,1,16,0.000,0.000,,,,,NVIDIA A100-SXM4-40GB MIG 4g.20gb (0),1,,13,cupy_copy__complex64_complex64
4038909671,12415,245573,1434,1,1,128,1,1,16,0.000,0.000,,,,,NVIDIA A100-SXM4-40GB MIG 4g.20gb (0),1,,13,cupy_copy__complex64_complex64
4038943430,2656,245580,103,1,1,128,1,1,16,0.000,0.000,,,,,NVIDIA A100-SXM4-40GB MIG 4g.20gb (0),1,,13,cupy_copy__complex64_complex64
4038957254,86687,245587,1,1,1,32,32,1,30,0.000,0.000,,,,,NVIDIA A100-SXM4-40GB MIG 4g.20gb (0),1,,13,"void convert_kernel<__half2, float2>(tensor_layout_any, T1 *, tensor_layout_any, const T2 *)"
4039079141,27615,245590,,,,,,,,,,0.094,3392.920,Pinned,Device,NVIDIA A100-SXM4-40GB MIG 4g.20gb (0),1,,13,[CUDA memcpy Host-to-Device]
4039132900,46655,245591,,,,,,,,,,35.810,767514.015,Device,,NVIDIA A100-SXM4-40GB MIG 4g.20gb (0),1,,13,[CUDA memset]
4039188931,11968,245593,,,,,,,,,,0.000,6.684,Pinned,Device,NVIDIA A100-SXM4-40GB MIG 4g.20gb (0),1,,13,[CUDA memcpy Host-to-Device]
4039213923,25760,245594,,,,,,,,,,0.197,7632.126,Pinned,Device,NVIDIA A100-SXM4-40GB MIG 4g.20gb (0),1,,13,[CUDA memcpy Host-to-Device]
4039267330,9664,245595,273,1,1,48,1,1,40,0.000,0.001,,,,,NVIDIA A100-SXM4-40GB MIG 4g.20gb (0),1,,13,"void pusch_noise_intf_est::noiseIntfEstNoDftSOfdmKernel<float, __half, float, float, (unsigned int)2, (unsigned int)1, (unsigned char)4, (unsigned char)4>(pusch_noise_intf_est::puschRxNoiseIntfEstDynDescr)"
4039284098,2720,245606,35,1,1,128,1,1,16,0.000,0.000,,,,,NVIDIA A100-SXM4-40GB MIG 4g.20gb (0),1,,13,cupy_copy__complex64_complex64
4039300802,1728,245615,1,1,1,1,1,1,18,0.000,0.000,,,,,NVIDIA A100-SXM4-40GB MIG 4g.20gb (0),1,,13,cupy_copy__float32_float32
4039303362,9152,245621,,,,,,,,,,0.000,0.437,Device,Pageable,NVIDIA A100-SXM4-40GB MIG 4g.20gb (0),1,,7,[CUDA memcpy Device-to-Host]
4039408640,12736,245632,1434,1,1,128,1,1,16,0.000,0.000,,,,,NVIDIA A100-SXM4-40GB MIG 4g.20gb (0),1,,13,cupy_copy__complex64_complex64
4039427424,3328,245639,103,1,1,128,1,1,16,0.000,0.000,,,,,NVIDIA A100-SXM4-40GB MIG 4g.20gb (0),1,,13,cupy_copy__complex64_complex64
4039447296,2528,245646,35,1,1,128,1,1,16,0.000,0.000,,,,,NVIDIA A100-SXM4-40GB MIG 4g.20gb (0),1,,13,cupy_copy__complex64_complex64
4039461408,1792,245653,1,1,1,1,1,1,18,0.000,0.000,,,,,NVIDIA A100-SXM4-40GB MIG 4g.20gb (0),1,,13,cupy_copy__float32_float32
4039589374,85919,245664,1,1,1,32,32,1,30,0.000,0.000,,,,,NVIDIA A100-SXM4-40GB MIG 4g.20gb (0),1,,13,"void convert_kernel<__half2, float2>(tensor_layout_any, T1 *, tensor_layout_any, const T2 *)"
4039707165,14400,245667,,,,,,,,,,0.094,6506.625,Pinned,Device,NVIDIA A100-SXM4-40GB MIG 4g.20gb (0),1,,13,[CUDA memcpy Host-to-Device]
4039732412,3328,245668,,,,,,,,,,1.547,464729.580,Device,,NVIDIA A100-SXM4-40GB MIG 4g.20gb (0),1,,13,[CUDA memset]
4039742332,6304,245673,,,,,,,,,,0.031,4964.453,Pinned,Device,NVIDIA A100-SXM4-40GB MIG 4g.20gb (0),1,,13,[CUDA memcpy Host-to-Device]
4039755324,16608,245674,,,,,,,,,,0.197,11837.964,Pinned,Device,NVIDIA A100-SXM4-40GB MIG 4g.20gb (0),1,,13,[CUDA memcpy Host-to-Device]
4039781564,7680,245675,273,1,1,8,4,1,39,0.002,0.000,,,,,NVIDIA A100-SXM4-40GB MIG 4g.20gb (0),1,,13,"void channel_eq::eqMmseCoefCompLowMimoKernel<float, float, float, (unsigned int)4, (unsigned int)1, (unsigned int)4>(const channel_eq::_puschRxChEqStatDescr *, channel_eq::_puschRxChEqCoefCompDynDescr)"
4039793372,8352,245676,273,1,1,12,11,1,51,0.002,0.000,,,,,NVIDIA A100-SXM4-40GB MIG 4g.20gb (0),1,,13,"void channel_eq::eqMmseSoftDemapKernel<float, __half, __half, float, (unsigned int)4, (unsigned short)16383>(channel_eq::_puschRxChEqStatDescr *, channel_eq::_puschRxChEqSoftDemapDynDescr)"
4039803932,291836,245677,1,1,1,32,32,1,30,0.000,0.000,,,,,NVIDIA A100-SXM4-40GB MIG 4g.20gb (0),1,,13,"void convert_kernel<float2, __half2>(tensor_layout_any, T1 *, tensor_layout_any, const T2 *)"
4040096792,11104,245689,2253,1,1,128,1,1,16,0.000,0.000,,,,,NVIDIA A100-SXM4-40GB MIG 4g.20gb (0),1,,13,cupy_copy__float16_float16
4040112056,3136,245698,282,1,1,128,1,1,16,0.000,0.000,,,,,NVIDIA A100-SXM4-40GB MIG 4g.20gb (0),1,,13,cupy_copy__complex64_complex64
4040117944,2048,245707,26,1,1,128,1,1,16,0.000,0.000,,,,,NVIDIA A100-SXM4-40GB MIG 4g.20gb (0),1,,13,cupy_copy__float32_float32
4040122104,3104,245716,103,1,1,128,1,1,16,0.000,0.000,,,,,NVIDIA A100-SXM4-40GB MIG 4g.20gb (0),1,,13,cupy_copy__complex64_complex64
4040126168,12095,245726,1434,1,1,128,1,1,16,0.000,0.000,,,,,NVIDIA A100-SXM4-40GB MIG 4g.20gb (0),1,,13,cupy_copy__complex64_complex64
4040140215,81311,245731,1,1,1,32,32,1,30,0.000,0.000,,,,,NVIDIA A100-SXM4-40GB MIG 4g.20gb (0),1,,13,"void convert_kernel<__half2, float2>(tensor_layout_any, T1 *, tensor_layout_any, const T2 *)"
4040248886,5760,245734,,,,,,,,,,0.094,16266.656,Pinned,Device,NVIDIA A100-SXM4-40GB MIG 4g.20gb (0),1,,13,[CUDA memcpy Host-to-Device]
4040260566,597081,245735,,,,,,,,,,456.561,764283.851,Device,,NVIDIA A100-SXM4-40GB MIG 4g.20gb (0),1,,13,[CUDA memset]
4040859471,82015,245740,,,,,,,,,,1.235,15056.437,Pinned,Device,NVIDIA A100-SXM4-40GB MIG 4g.20gb (0),1,,13,[CUDA memcpy Host-to-Device]
4040948366,17375,245741,,,,,,,,,,0.197,11315.380,Pinned,Device,NVIDIA A100-SXM4-40GB MIG 4g.20gb (0),1,,13,[CUDA memcpy Host-to-Device]
4040979373,8672,245742,69,4,1,48,1,1,76,0.002,0.000,,,,,NVIDIA A100-SXM4-40GB MIG 4g.20gb (0),1,,13,"void ch_est::windowedChEstPreNoDftSOfdmKernel<float, __half, float, (unsigned int)2, (unsigned int)1, (unsigned short)4>(ch_est::puschRxChEstStatDescr_t *, ch_est::puschRxChEstDynDescr_t *)"
4040995277,6976,245743,137,2,1,24,2,1,44,0.001,0.001,,,,,NVIDIA A100-SXM4-40GB MIG 4g.20gb (0),1,,13,"void ch_est::chEstFilterNoDftSOfdmDispatchKernel<float, __half, float, (unsigned int)2>(ch_est::puschRxChEstStatDescr_t *, ch_est::puschRxChEstDynDescr_t *)"
4041003917,6272,245744,137,2,1,24,2,1,44,0.001,0.001,,,,,NVIDIA A100-SXM4-40GB MIG 4g.20gb (0),1,,13,"void ch_est::chEstFilterNoDftSOfdmDispatchKernel<float, __half, float, (unsigned int)2>(ch_est::puschRxChEstStatDescr_t *, ch_est::puschRxChEstDynDescr_t *)"
4041011853,3136,245755,103,1,1,128,1,1,16,0.000,0.000,,,,,NVIDIA A100-SXM4-40GB MIG 4g.20gb (0),1,,13,cupy_copy__complex64_complex64
4041019821,12639,245765,1434,1,1,128,1,1,16,0.000,0.000,,,,,NVIDIA A100-SXM4-40GB MIG 4g.20gb (0),1,,13,cupy_copy__complex64_complex64
4041036364,3040,245772,103,1,1,128,1,1,16,0.000,0.000,,,,,NVIDIA A100-SXM4-40GB MIG 4g.20gb (0),1,,13,cupy_copy__complex64_complex64
4041046316,87679,245779,1,1,1,32,32,1,30,0.000,0.000,,,,,NVIDIA A100-SXM4-40GB MIG 4g.20gb (0),1,,13,"void convert_kernel<__half2, float2>(tensor_layout_any, T1 *, tensor_layout_any, const T2 *)"
4041162443,6240,245782,,,,,,,,,,0.094,15015.346,Pinned,Device,NVIDIA A100-SXM4-40GB MIG 4g.20gb (0),1,,13,[CUDA memcpy Host-to-Device]
4041174091,47967,245783,,,,,,,,,,35.810,746529.402,Device,,NVIDIA A100-SXM4-40GB MIG 4g.20gb (0),1,,13,[CUDA memset]
4041227434,3232,245785,,,,,,,,,,0.000,24.752,Pinned,Device,NVIDIA A100-SXM4-40GB MIG 4g.20gb (0),1,,13,[CUDA memcpy Host-to-Device]
4041234218,10688,245786,,,,,,,,,,0.197,18395.038,Pinned,Device,NVIDIA A100-SXM4-40GB MIG 4g.20gb (0),1,,13,[CUDA memcpy Host-to-Device]
4041252042,11776,245787,273,1,1,48,1,1,40,0.000,0.001,,,,,NVIDIA A100-SXM4-40GB MIG 4g.20gb (0),1,,13,"void pusch_noise_intf_est::noiseIntfEstNoDftSOfdmKernel<float, __half, float, float, (unsigned int)2, (unsigned int)1, (unsigned char)4, (unsigned char)4>(pusch_noise_intf_est::puschRxNoiseIntfEstDynDescr)"
4041267370,3136,245798,35,1,1,128,1,1,16,0.000,0.000,,,,,NVIDIA A100-SXM4-40GB MIG 4g.20gb (0),1,,13,cupy_copy__complex64_complex64
4041281289,1792,245807,1,1,1,1,1,1,18,0.000,0.000,,,,,NVIDIA A100-SXM4-40GB MIG 4g.20gb (0),1,,13,cupy_copy__float32_float32
4041317321,1568,245813,,,,,,,,,,0.000,2.551,Device,Pageable,NVIDIA A100-SXM4-40GB MIG 4g.20gb (0),1,,7,[CUDA memcpy Device-to-Host]
4041377416,12800,245824,1434,1,1,128,1,1,16,0.000,0.000,,,,,NVIDIA A100-SXM4-40GB MIG 4g.20gb (0),1,,13,cupy_copy__complex64_complex64
4041406088,3520,245831,103,1,1,128,1,1,16,0.000,0.000,,,,,NVIDIA A100-SXM4-40GB MIG 4g.20gb (0),1,,13,cupy_copy__complex64_complex64
4041425224,2176,245838,35,1,1,128,1,1,16,0.000,0.000,,,,,NVIDIA A100-SXM4-40GB MIG 4g.20gb (0),1,,13,cupy_copy__complex64_complex64
4041443111,2080,245845,1,1,1,1,1,1,18,0.000,0.000,,,,,NVIDIA A100-SXM4-40GB MIG 4g.20gb (0),1,,13,cupy_copy__float32_float32
4041576838,87583,245856,1,1,1,32,32,1,30,0.000,0.000,,,,,NVIDIA A100-SXM4-40GB MIG 4g.20gb (0),1,,13,"void convert_kernel<__half2, float2>(tensor_layout_any, T1 *, tensor_layout_any, const T2 *)"
4041692804,5664,245859,,,,,,,,,,0.094,16542.310,Pinned,Device,NVIDIA A100-SXM4-40GB MIG 4g.20gb (0),1,,13,[CUDA memcpy Host-to-Device]
4041706820,3456,245860,,,,,,,,,,1.547,447517.201,Device,,NVIDIA A100-SXM4-40GB MIG 4g.20gb (0),1,,13,[CUDA memset]
4041713636,3584,245865,,,,,,,,,,0.031,8732.116,Pinned,Device,NVIDIA A100-SXM4-40GB MIG 4g.20gb (0),1,,13,[CUDA memcpy Host-to-Device]
4041719652,9344,245866,,,,,,,,,,0.197,21040.988,Pinned,Device,NVIDIA A100-SXM4-40GB MIG 4g.20gb (0),1,,13,[CUDA memcpy Host-to-Device]
4041733412,6240,245867,273,1,1,8,4,1,39,0.002,0.000,,,,,NVIDIA A100-SXM4-40GB MIG 4g.20gb (0),1,,13,"void channel_eq::eqMmseCoefCompLowMimoKernel<float, float, float, (unsigned int)4, (unsigned int)1, (unsigned int)4>(const channel_eq::_puschRxChEqStatDescr *, channel_eq::_puschRxChEqCoefCompDynDescr)"
4041743524,7424,245868,273,1,1,12,11,1,51,0.002,0.000,,,,,NVIDIA A100-SXM4-40GB MIG 4g.20gb (0),1,,13,"void channel_eq::eqMmseSoftDemapKernel<float, __half, __half, float, (unsigned int)4, (unsigned short)16383>(channel_eq::_puschRxChEqStatDescr *, channel_eq::_puschRxChEqSoftDemapDynDescr)"
4041751972,282428,245869,1,1,1,32,32,1,30,0.000,0.000,,,,,NVIDIA A100-SXM4-40GB MIG 4g.20gb (0),1,,13,"void convert_kernel<float2, __half2>(tensor_layout_any, T1 *, tensor_layout_any, const T2 *)"
4042036224,11040,245881,2253,1,1,128,1,1,16,0.000,0.000,,,,,NVIDIA A100-SXM4-40GB MIG 4g.20gb (0),1,,13,cupy_copy__float16_float16
4042052192,2816,245890,282,1,1,128,1,1,16,0.000,0.000,,,,,NVIDIA A100-SXM4-40GB MIG 4g.20gb (0),1,,13,cupy_copy__complex64_complex64
4042057248,2112,245899,26,1,1,128,1,1,16,0.000,0.000,,,,,NVIDIA A100-SXM4-40GB MIG 4g.20gb (0),1,,13,cupy_copy__float32_float32
4042062368,4608,245908,103,1,1,128,1,1,16,0.000,0.000,,,,,NVIDIA A100-SXM4-40GB MIG 4g.20gb (0),1,,13,cupy_copy__complex64_complex64
4042070112,12256,245918,1434,1,1,128,1,1,16,0.000,0.000,,,,,NVIDIA A100-SXM4-40GB MIG 4g.20gb (0),1,,13,cupy_copy__complex64_complex64
4042083968,83230,245923,1,1,1,32,32,1,30,0.000,0.000,,,,,NVIDIA A100-SXM4-40GB MIG 4g.20gb (0),1,,13,"void convert_kernel<__half2, float2>(tensor_layout_any, T1 *, tensor_layout_any, const T2 *)"
4042194110,5696,245926,,,,,,,,,,0.094,16449.363,Pinned,Device,NVIDIA A100-SXM4-40GB MIG 4g.20gb (0),1,,13,[CUDA memcpy Host-to-Device]
4042204446,595097,245927,,,,,,,,,,456.561,767023.219,Device,,NVIDIA A100-SXM4-40GB MIG 4g.20gb (0),1,,13,[CUDA memset]
4042807447,163614,245932,,,,,,,,,,1.235,7546.743,Pinned,Device,NVIDIA A100-SXM4-40GB MIG 4g.20gb (0),1,,13,[CUDA memcpy Host-to-Device]
4042978196,34464,245933,,,,,,,,,,0.197,5704.581,Pinned,Device,NVIDIA A100-SXM4-40GB MIG 4g.20gb (0),1,,13,[CUDA memcpy Host-to-Device]
4043034004,8128,245934,69,4,1,48,1,1,76,0.002,0.000,,,,,NVIDIA A100-SXM4-40GB MIG 4g.20gb (0),1,,13,"void ch_est::windowedChEstPreNoDftSOfdmKernel<float, __half, float, (unsigned int)2, (unsigned int)1, (unsigned short)4>(ch_est::puschRxChEstStatDescr_t *, ch_est::puschRxChEstDynDescr_t *)"
4043051636,6272,245935,137,2,1,24,2,1,44,0.001,0.001,,,,,NVIDIA A100-SXM4-40GB MIG 4g.20gb (0),1,,13,"void ch_est::chEstFilterNoDftSOfdmDispatchKernel<float, __half, float, (unsigned int)2>(ch_est::puschRxChEstStatDescr_t *, ch_est::puschRxChEstDynDescr_t *)"
4043061939,4704,245936,137,2,1,24,2,1,44,0.001,0.001,,,,,NVIDIA A100-SXM4-40GB MIG 4g.20gb (0),1,,13,"void ch_est::chEstFilterNoDftSOfdmDispatchKernel<float, __half, float, (unsigned int)2>(ch_est::puschRxChEstStatDescr_t *, ch_est::puschRxChEstDynDescr_t *)"
4043077523,2816,245947,103,1,1,128,1,1,16,0.000,0.000,,,,,NVIDIA A100-SXM4-40GB MIG 4g.20gb (0),1,,13,cupy_copy__complex64_complex64
4043085171,12800,245957,1434,1,1,128,1,1,16,0.000,0.000,,,,,NVIDIA A100-SXM4-40GB MIG 4g.20gb (0),1,,13,cupy_copy__complex64_complex64
4043105523,2784,245964,103,1,1,128,1,1,16,0.000,0.000,,,,,NVIDIA A100-SXM4-40GB MIG 4g.20gb (0),1,,13,cupy_copy__complex64_complex64
4043115475,87391,245971,1,1,1,32,32,1,30,0.000,0.000,,,,,NVIDIA A100-SXM4-40GB MIG 4g.20gb (0),1,,13,"void convert_kernel<__half2, float2>(tensor_layout_any, T1 *, tensor_layout_any, const T2 *)"
4043234417,13632,245974,,,,,,,,,,0.094,6873.164,Pinned,Device,NVIDIA A100-SXM4-40GB MIG 4g.20gb (0),1,,13,[CUDA memcpy Host-to-Device]
4043261201,46847,245975,,,,,,,,,,35.810,764398.552,Device,,NVIDIA A100-SXM4-40GB MIG 4g.20gb (0),1,,13,[CUDA memset]
4043316048,8352,245977,,,,,,,,,,0.000,9.578,Pinned,Device,NVIDIA A100-SXM4-40GB MIG 4g.20gb (0),1,,13,[CUDA memcpy Host-to-Device]
4043332432,17824,245978,,,,,,,,,,0.197,11030.495,Pinned,Device,NVIDIA A100-SXM4-40GB MIG 4g.20gb (0),1,,13,[CUDA memcpy Host-to-Device]
4043371664,10208,245979,273,1,1,48,1,1,40,0.000,0.001,,,,,NVIDIA A100-SXM4-40GB MIG 4g.20gb (0),1,,13,"void pusch_noise_intf_est::noiseIntfEstNoDftSOfdmKernel<float, __half, float, float, (unsigned int)2, (unsigned int)1, (unsigned char)4, (unsigned char)4>(pusch_noise_intf_est::puschRxNoiseIntfEstDynDescr)"
4043394639,3008,245990,35,1,1,128,1,1,16,0.000,0.000,,,,,NVIDIA A100-SXM4-40GB MIG 4g.20gb (0),1,,13,cupy_copy__complex64_complex64
4043404431,1760,245999,1,1,1,1,1,1,18,0.000,0.000,,,,,NVIDIA A100-SXM4-40GB MIG 4g.20gb (0),1,,13,cupy_copy__float32_float32
4043411279,2720,246005,,,,,,,,,,0.000,1.471,Device,Pageable,NVIDIA A100-SXM4-40GB MIG 4g.20gb (0),1,,7,[CUDA memcpy Device-to-Host]
4043491150,12800,246016,1434,1,1,128,1,1,16,0.000,0.000,,,,,NVIDIA A100-SXM4-40GB MIG 4g.20gb (0),1,,13,cupy_copy__complex64_complex64
4043514382,2976,246023,103,1,1,128,1,1,16,0.000,0.000,,,,,NVIDIA A100-SXM4-40GB MIG 4g.20gb (0),1,,13,cupy_copy__complex64_complex64
4043539086,2752,246030,35,1,1,128,1,1,16,0.000,0.000,,,,,NVIDIA A100-SXM4-40GB MIG 4g.20gb (0),1,,13,cupy_copy__complex64_complex64
4043550957,1760,246037,1,1,1,1,1,1,18,0.000,0.000,,,,,NVIDIA A100-SXM4-40GB MIG 4g.20gb (0),1,,13,cupy_copy__float32_float32
4043679372,87519,246048,1,1,1,32,32,1,30,0.000,0.000,,,,,NVIDIA A100-SXM4-40GB MIG 4g.20gb (0),1,,13,"void convert_kernel<__half2, float2>(tensor_layout_any, T1 *, tensor_layout_any, const T2 *)"
4043794538,5728,246051,,,,,,,,,,0.094,16357.541,Pinned,Device,NVIDIA A100-SXM4-40GB MIG 4g.20gb (0),1,,13,[CUDA memcpy Host-to-Device]
4043808426,3232,246052,,,,,,,,,,1.547,478533.199,Device,,NVIDIA A100-SXM4-40GB MIG 4g.20gb (0),1,,13,[CUDA memset]
4043815178,3424,246057,,,,,,,,,,0.031,9140.185,Pinned,Device,NVIDIA A100-SXM4-40GB MIG 4g.20gb (0),1,,13,[CUDA memcpy Host-to-Device]
4043821002,9888,246058,,,,,,,,,,0.197,19883.360,Pinned,Device,NVIDIA A100-SXM4-40GB MIG 4g.20gb (0),1,,13,[CUDA memcpy Host-to-Device]
4043836106,6304,246059,273,1,1,8,4,1,39,0.002,0.000,,,,,NVIDIA A100-SXM4-40GB MIG 4g.20gb (0),1,,13,"void channel_eq::eqMmseCoefCompLowMimoKernel<float, float, float, (unsigned int)4, (unsigned int)1, (unsigned int)4>(const channel_eq::_puschRxChEqStatDescr *, channel_eq::_puschRxChEqCoefCompDynDescr)"
4043843402,6432,246060,273,1,1,12,11,1,51,0.002,0.000,,,,,NVIDIA A100-SXM4-40GB MIG 4g.20gb (0),1,,13,"void channel_eq::eqMmseSoftDemapKernel<float, __half, __half, float, (unsigned int)4, (unsigned short)16383>(channel_eq::_puschRxChEqStatDescr *, channel_eq::_puschRxChEqSoftDemapDynDescr)"
4043850794,283452,246061,1,1,1,32,32,1,30,0.000,0.000,,,,,NVIDIA A100-SXM4-40GB MIG 4g.20gb (0),1,,13,"void convert_kernel<float2, __half2>(tensor_layout_any, T1 *, tensor_layout_any, const T2 *)"
4044135686,10784,246073,2253,1,1,128,1,1,16,0.000,0.000,,,,,NVIDIA A100-SXM4-40GB MIG 4g.20gb (0),1,,13,cupy_copy__float16_float16
4044149606,3104,246082,282,1,1,128,1,1,16,0.000,0.000,,,,,NVIDIA A100-SXM4-40GB MIG 4g.20gb (0),1,,13,cupy_copy__complex64_complex64
4044157286,2144,246091,26,1,1,128,1,1,16,0.000,0.000,,,,,NVIDIA A100-SXM4-40GB MIG 4g.20gb (0),1,,13,cupy_copy__float32_float32
4044162118,2912,246100,103,1,1,128,1,1,16,0.000,0.000,,,,,NVIDIA A100-SXM4-40GB MIG 4g.20gb (0),1,,13,cupy_copy__complex64_complex64
4044165990,12064,246110,1434,1,1,128,1,1,16,0.000,0.000,,,,,NVIDIA A100-SXM4-40GB MIG 4g.20gb (0),1,,13,cupy_copy__complex64_complex64
4044186374,82207,246115,1,1,1,32,32,1,30,0.000,0.000,,,,,NVIDIA A100-SXM4-40GB MIG 4g.20gb (0),1,,13,"void convert_kernel<__half2, float2>(tensor_layout_any, T1 *, tensor_layout_any, const T2 *)"
4044296036,6176,246118,,,,,,,,,,0.094,15170.975,Pinned,Device,NVIDIA A100-SXM4-40GB MIG 4g.20gb (0),1,,13,[CUDA memcpy Host-to-Device]
4044306148,598649,246119,,,,,,,,,,456.561,762457.605,Device,,NVIDIA A100-SXM4-40GB MIG 4g.20gb (0),1,,13,[CUDA memset]
4044910717,113246,246124,,,,,,,,,,1.235,10904.556,Pinned,Device,NVIDIA A100-SXM4-40GB MIG 4g.20gb (0),1,,13,[CUDA memcpy Host-to-Device]
4045031867,34144,246125,,,,,,,,,,0.197,5758.058,Pinned,Device,NVIDIA A100-SXM4-40GB MIG 4g.20gb (0),1,,13,[CUDA memcpy Host-to-Device]
4045085115,7967,246126,69,4,1,48,1,1,76,0.002,0.000,,,,,NVIDIA A100-SXM4-40GB MIG 4g.20gb (0),1,,13,"void ch_est::windowedChEstPreNoDftSOfdmKernel<float, __half, float, (unsigned int)2, (unsigned int)1, (unsigned short)4>(ch_est::puschRxChEstStatDescr_t *, ch_est::puschRxChEstDynDescr_t *)"
4045101850,6816,246127,137,2,1,24,2,1,44,0.001,0.001,,,,,NVIDIA A100-SXM4-40GB MIG 4g.20gb (0),1,,13,"void ch_est::chEstFilterNoDftSOfdmDispatchKernel<float, __half, float, (unsigned int)2>(ch_est::puschRxChEstStatDescr_t *, ch_est::puschRxChEstDynDescr_t *)"
4045116634,4832,246128,137,2,1,24,2,1,44,0.001,0.001,,,,,NVIDIA A100-SXM4-40GB MIG 4g.20gb (0),1,,13,"void ch_est::chEstFilterNoDftSOfdmDispatchKernel<float, __half, float, (unsigned int)2>(ch_est::puschRxChEstStatDescr_t *, ch_est::puschRxChEstDynDescr_t *)"
4045131802,2528,246139,103,1,1,128,1,1,16,0.000,0.000,,,,,NVIDIA A100-SXM4-40GB MIG 4g.20gb (0),1,,13,cupy_copy__complex64_complex64
4045148090,12416,246149,1434,1,1,128,1,1,16,0.000,0.000,,,,,NVIDIA A100-SXM4-40GB MIG 4g.20gb (0),1,,13,cupy_copy__complex64_complex64
4045184441,2592,246156,103,1,1,128,1,1,16,0.000,0.000,,,,,NVIDIA A100-SXM4-40GB MIG 4g.20gb (0),1,,13,cupy_copy__complex64_complex64
4045200537,87039,246163,1,1,1,32,32,1,30,0.000,0.000,,,,,NVIDIA A100-SXM4-40GB MIG 4g.20gb (0),1,,13,"void convert_kernel<__half2, float2>(tensor_layout_any, T1 *, tensor_layout_any, const T2 *)"
4045315768,18143,246166,,,,,,,,,,0.094,5164.242,Pinned,Device,NVIDIA A100-SXM4-40GB MIG 4g.20gb (0),1,,13,[CUDA memcpy Host-to-Device]
4045346167,47648,246167,,,,,,,,,,35.810,751542.791,Device,,NVIDIA A100-SXM4-40GB MIG 4g.20gb (0),1,,13,[CUDA memset]
4045398839,8608,246169,,,,,,,,,,0.000,9.294,Pinned,Device,NVIDIA A100-SXM4-40GB MIG 4g.20gb (0),1,,13,[CUDA memcpy Host-to-Device]
4045414966,23296,246170,,,,,,,,,,0.197,8439.398,Pinned,Device,NVIDIA A100-SXM4-40GB MIG 4g.20gb (0),1,,13,[CUDA memcpy Host-to-Device]
4045454838,9440,246171,273,1,1,48,1,1,40,0.000,0.001,,,,,NVIDIA A100-SXM4-40GB MIG 4g.20gb (0),1,,13,"void pusch_noise_intf_est::noiseIntfEstNoDftSOfdmKernel<float, __half, float, float, (unsigned int)2, (unsigned int)1, (unsigned char)4, (unsigned char)4>(pusch_noise_intf_est::puschRxNoiseIntfEstDynDescr)"
4045474294,2656,246182,35,1,1,128,1,1,16,0.000,0.000,,,,,NVIDIA A100-SXM4-40GB MIG 4g.20gb (0),1,,13,cupy_copy__complex64_complex64
4045484502,1824,246191,1,1,1,1,1,1,18,0.000,0.000,,,,,NVIDIA A100-SXM4-40GB MIG 4g.20gb (0),1,,13,cupy_copy__float32_float32
4045490134,2720,246197,,,,,,,,,,0.000,1.471,Device,Pageable,NVIDIA A100-SXM4-40GB MIG 4g.20gb (0),1,,7,[CUDA memcpy Device-to-Host]
4045565877,12767,246208,1434,1,1,128,1,1,16,0.000,0.000,,,,,NVIDIA A100-SXM4-40GB MIG 4g.20gb (0),1,,13,cupy_copy__complex64_complex64
4045591636,3168,246215,103,1,1,128,1,1,16,0.000,0.000,,,,,NVIDIA A100-SXM4-40GB MIG 4g.20gb (0),1,,13,cupy_copy__complex64_complex64
4045609972,2464,246222,35,1,1,128,1,1,16,0.000,0.000,,,,,NVIDIA A100-SXM4-40GB MIG 4g.20gb (0),1,,13,cupy_copy__complex64_complex64
4045632468,1920,246229,1,1,1,1,1,1,18,0.000,0.000,,,,,NVIDIA A100-SXM4-40GB MIG 4g.20gb (0),1,,13,cupy_copy__float32_float32
4045765042,87391,246240,1,1,1,32,32,1,30,0.000,0.000,,,,,NVIDIA A100-SXM4-40GB MIG 4g.20gb (0),1,,13,"void convert_kernel<__half2, float2>(tensor_layout_any, T1 *, tensor_layout_any, const T2 *)"
4045879921,8192,246243,,,,,,,,,,0.094,11437.471,Pinned,Device,NVIDIA A100-SXM4-40GB MIG 4g.20gb (0),1,,13,[CUDA memcpy Host-to-Device]
4045897073,3487,246244,,,,,,,,,,1.547,443539.284,Device,,NVIDIA A100-SXM4-40GB MIG 4g.20gb (0),1,,13,[CUDA memset]
4045901232,3392,246249,,,,,,,,,,0.031,9226.405,Pinned,Device,NVIDIA A100-SXM4-40GB MIG 4g.20gb (0),1,,13,[CUDA memcpy Host-to-Device]
4045907024,9664,246250,,,,,,,,,,0.197,20344.209,Pinned,Device,NVIDIA A100-SXM4-40GB MIG 4g.20gb (0),1,,13,[CUDA memcpy Host-to-Device]
4045922640,6368,246251,273,1,1,8,4,1,39,0.002,0.000,,,,,NVIDIA A100-SXM4-40GB MIG 4g.20gb (0),1,,13,"void channel_eq::eqMmseCoefCompLowMimoKernel<float, float, float, (unsigned int)4, (unsigned int)1, (unsigned int)4>(const channel_eq::_puschRxChEqStatDescr *, channel_eq::_puschRxChEqCoefCompDynDescr)"
4045932112,5536,246252,273,1,1,12,11,1,51,0.002,0.000,,,,,NVIDIA A100-SXM4-40GB MIG 4g.20gb (0),1,,13,"void channel_eq::eqMmseSoftDemapKernel<float, __half, __half, float, (unsigned int)4, (unsigned short)16383>(channel_eq::_puschRxChEqStatDescr *, channel_eq::_puschRxChEqSoftDemapDynDescr)"
4045941776,279389,246253,1,1,1,32,32,1,30,0.000,0.000,,,,,NVIDIA A100-SXM4-40GB MIG 4g.20gb (0),1,,13,"void convert_kernel<float2, __half2>(tensor_layout_any, T1 *, tensor_layout_any, const T2 *)"
4046222381,11231,246265,2253,1,1,128,1,1,16,0.000,0.000,,,,,NVIDIA A100-SXM4-40GB MIG 4g.20gb (0),1,,13,cupy_copy__float16_float16
4046235852,3616,246274,282,1,1,128,1,1,16,0.000,0.000,,,,,NVIDIA A100-SXM4-40GB MIG 4g.20gb (0),1,,13,cupy_copy__complex64_complex64
4046242924,2336,246283,26,1,1,128,1,1,16,0.000,0.000,,,,,NVIDIA A100-SXM4-40GB MIG 4g.20gb (0),1,,13,cupy_copy__float32_float32
4046248524,3072,246292,103,1,1,128,1,1,16,0.000,0.000,,,,,NVIDIA A100-SXM4-40GB MIG 4g.20gb (0),1,,13,cupy_copy__complex64_complex64
4046252716,11776,246302,1434,1,1,128,1,1,16,0.000,0.000,,,,,NVIDIA A100-SXM4-40GB MIG 4g.20gb (0),1,,13,cupy_copy__complex64_complex64
4046270188,81983,246307,1,1,1,32,32,1,30,0.000,0.000,,,,,NVIDIA A100-SXM4-40GB MIG 4g.20gb (0),1,,13,"void convert_kernel<__half2, float2>(tensor_layout_any, T1 *, tensor_layout_any, const T2 *)"
4046378859,6240,246310,,,,,,,,,,0.094,15015.346,Pinned,Device,NVIDIA A100-SXM4-40GB MIG 4g.20gb (0),1,,13,[CUDA memcpy Host-to-Device]
4046388810,595289,246311,,,,,,,,,,456.561,766566.658,Device,,NVIDIA A100-SXM4-40GB MIG 4g.20gb (0),1,,13,[CUDA memset]
4046989027,135230,246316,,,,,,,,,,1.235,9131.176,Pinned,Device,NVIDIA A100-SXM4-40GB MIG 4g.20gb (0),1,,13,[CUDA memcpy Host-to-Device]
4047136481,40928,246317,,,,,,,,,,0.197,4803.723,Pinned,Device,NVIDIA A100-SXM4-40GB MIG 4g.20gb (0),1,,13,[CUDA memcpy Host-to-Device]
4047195329,8383,246318,69,4,1,48,1,1,76,0.002,0.000,,,,,NVIDIA A100-SXM4-40GB MIG 4g.20gb (0),1,,13,"void ch_est::windowedChEstPreNoDftSOfdmKernel<float, __half, float, (unsigned int)2, (unsigned int)1, (unsigned short)4>(ch_est::puschRxChEstStatDescr_t *, ch_est::puschRxChEstDynDescr_t *)"
4047214624,6816,246319,137,2,1,24,2,1,44,0.001,0.001,,,,,NVIDIA A100-SXM4-40GB MIG 4g.20gb (0),1,,13,"void ch_est::chEstFilterNoDftSOfdmDispatchKernel<float, __half, float, (unsigned int)2>(ch_est::puschRxChEstStatDescr_t *, ch_est::puschRxChEstDynDescr_t *)"
4047231680,4800,246320,137,2,1,24,2,1,44,0.001,0.001,,,,,NVIDIA A100-SXM4-40GB MIG 4g.20gb (0),1,,13,"void ch_est::chEstFilterNoDftSOfdmDispatchKernel<float, __half, float, (unsigned int)2>(ch_est::puschRxChEstStatDescr_t *, ch_est::puschRxChEstDynDescr_t *)"
4047248928,2592,246331,103,1,1,128,1,1,16,0.000,0.000,,,,,NVIDIA A100-SXM4-40GB MIG 4g.20gb (0),1,,13,cupy_copy__complex64_complex64
4047265728,12704,246341,1434,1,1,128,1,1,16,0.000,0.000,,,,,NVIDIA A100-SXM4-40GB MIG 4g.20gb (0),1,,13,cupy_copy__complex64_complex64
4047287167,2880,246348,103,1,1,128,1,1,16,0.000,0.000,,,,,NVIDIA A100-SXM4-40GB MIG 4g.20gb (0),1,,13,cupy_copy__complex64_complex64
4047313631,87199,246355,1,1,1,32,32,1,30,0.000,0.000,,,,,NVIDIA A100-SXM4-40GB MIG 4g.20gb (0),1,,13,"void convert_kernel<__half2, float2>(tensor_layout_any, T1 *, tensor_layout_any, const T2 *)"
4047437854,19103,246358,,,,,,,,,,0.094,4904.705,Pinned,Device,NVIDIA A100-SXM4-40GB MIG 4g.20gb (0),1,,13,[CUDA memcpy Host-to-Device]
4047471709,47264,246359,,,,,,,,,,35.810,757630.477,Device,,NVIDIA A100-SXM4-40GB MIG 4g.20gb (0),1,,13,[CUDA memset]
4047524764,8544,246361,,,,,,,,,,0.000,9.363,Pinned,Device,NVIDIA A100-SXM4-40GB MIG 4g.20gb (0),1,,13,[CUDA memcpy Host-to-Device]
4047540572,33728,246362,,,,,,,,,,0.197,5829.034,Pinned,Device,NVIDIA A100-SXM4-40GB MIG 4g.20gb (0),1,,13,[CUDA memcpy Host-to-Device]
4047595068,9535,246363,273,1,1,48,1,1,40,0.000,0.001,,,,,NVIDIA A100-SXM4-40GB MIG 4g.20gb (0),1,,13,"void pusch_noise_intf_est::noiseIntfEstNoDftSOfdmKernel<float, __half, float, float, (unsigned int)2, (unsigned int)1, (unsigned char)4, (unsigned char)4>(pusch_noise_intf_est::puschRxNoiseIntfEstDynDescr)"
4047621083,3104,246374,35,1,1,128,1,1,16,0.000,0.000,,,,,NVIDIA A100-SXM4-40GB MIG 4g.20gb (0),1,,13,cupy_copy__complex64_complex64
4047633179,1856,246383,1,1,1,1,1,1,18,0.000,0.000,,,,,NVIDIA A100-SXM4-40GB MIG 4g.20gb (0),1,,13,cupy_copy__float32_float32
4047636571,4064,246389,,,,,,,,,,0.000,0.984,Device,Pageable,NVIDIA A100-SXM4-40GB MIG 4g.20gb (0),1,,7,[CUDA memcpy Device-to-Host]
4047708890,12672,246400,1434,1,1,128,1,1,16,0.000,0.000,,,,,NVIDIA A100-SXM4-40GB MIG 4g.20gb (0),1,,13,cupy_copy__complex64_complex64
4047735866,3456,246407,103,1,1,128,1,1,16,0.000,0.000,,,,,NVIDIA A100-SXM4-40GB MIG 4g.20gb (0),1,,13,cupy_copy__complex64_complex64
4047754170,2592,246414,35,1,1,128,1,1,16,0.000,0.000,,,,,NVIDIA A100-SXM4-40GB MIG 4g.20gb (0),1,,13,cupy_copy__complex64_complex64
4047771865,1856,246421,1,1,1,1,1,1,18,0.000,0.000,,,,,NVIDIA A100-SXM4-40GB MIG 4g.20gb (0),1,,13,cupy_copy__float32_float32
4047901880,87167,246432,1,1,1,32,32,1,30,0.000,0.000,,,,,NVIDIA A100-SXM4-40GB MIG 4g.20gb (0),1,,13,"void convert_kernel<__half2, float2>(tensor_layout_any, T1 *, tensor_layout_any, const T2 *)"
4048017430,6016,246435,,,,,,,,,,0.094,15574.430,Pinned,Device,NVIDIA A100-SXM4-40GB MIG 4g.20gb (0),1,,13,[CUDA memcpy Host-to-Device]
4048032214,3456,246436,,,,,,,,,,1.547,447517.201,Device,,NVIDIA A100-SXM4-40GB MIG 4g.20gb (0),1,,13,[CUDA memset]
4048037878,3136,246441,,,,,,,,,,0.031,9979.575,Pinned,Device,NVIDIA A100-SXM4-40GB MIG 4g.20gb (0),1,,13,[CUDA memcpy Host-to-Device]
4048044502,9920,246442,,,,,,,,,,0.197,19819.266,Pinned,Device,NVIDIA A100-SXM4-40GB MIG 4g.20gb (0),1,,13,[CUDA memcpy Host-to-Device]
4048061014,6592,246443,273,1,1,8,4,1,39,0.002,0.000,,,,,NVIDIA A100-SXM4-40GB MIG 4g.20gb (0),1,,13,"void channel_eq::eqMmseCoefCompLowMimoKernel<float, float, float, (unsigned int)4, (unsigned int)1, (unsigned int)4>(const channel_eq::_puschRxChEqStatDescr *, channel_eq::_puschRxChEqCoefCompDynDescr)"
4048068662,6592,246444,273,1,1,12,11,1,51,0.002,0.000,,,,,NVIDIA A100-SXM4-40GB MIG 4g.20gb (0),1,,13,"void channel_eq::eqMmseSoftDemapKernel<float, __half, __half, float, (unsigned int)4, (unsigned short)16383>(channel_eq::_puschRxChEqStatDescr *, channel_eq::_puschRxChEqSoftDemapDynDescr)"
4048076278,282812,246445,1,1,1,32,32,1,30,0.000,0.000,,,,,NVIDIA A100-SXM4-40GB MIG 4g.20gb (0),1,,13,"void convert_kernel<float2, __half2>(tensor_layout_any, T1 *, tensor_layout_any, const T2 *)"
4048360978,10784,246457,2253,1,1,128,1,1,16,0.000,0.000,,,,,NVIDIA A100-SXM4-40GB MIG 4g.20gb (0),1,,13,cupy_copy__float16_float16
4048375058,2880,246466,282,1,1,128,1,1,16,0.000,0.000,,,,,NVIDIA A100-SXM4-40GB MIG 4g.20gb (0),1,,13,cupy_copy__complex64_complex64
4048379410,2048,246475,26,1,1,128,1,1,16,0.000,0.000,,,,,NVIDIA A100-SXM4-40GB MIG 4g.20gb (0),1,,13,cupy_copy__float32_float32
4048382482,2944,246484,103,1,1,128,1,1,16,0.000,0.000,,,,,NVIDIA A100-SXM4-40GB MIG 4g.20gb (0),1,,13,cupy_copy__complex64_complex64
4048387122,12000,246494,1434,1,1,128,1,1,16,0.000,0.000,,,,,NVIDIA A100-SXM4-40GB MIG 4g.20gb (0),1,,13,cupy_copy__complex64_complex64
4048408018,87647,246499,1,1,1,32,32,1,30,0.000,0.000,,,,,NVIDIA A100-SXM4-40GB MIG 4g.20gb (0),1,,13,"void convert_kernel<__half2, float2>(tensor_layout_any, T1 *, tensor_layout_any, const T2 *)"
4048521968,5632,246502,,,,,,,,,,0.094,16636.287,Pinned,Device,NVIDIA A100-SXM4-40GB MIG 4g.20gb (0),1,,13,[CUDA memcpy Host-to-Device]
4048532368,599513,246503,,,,,,,,,,456.561,761544.482,Device,,NVIDIA A100-SXM4-40GB MIG 4g.20gb (0),1,,13,[CUDA memset]
4049141417,106366,246508,,,,,,,,,,1.235,11609.709,Pinned,Device,NVIDIA A100-SXM4-40GB MIG 4g.20gb (0),1,,13,[CUDA memcpy Host-to-Device]
4049258471,31168,246509,,,,,,,,,,0.197,6307.971,Pinned,Device,NVIDIA A100-SXM4-40GB MIG 4g.20gb (0),1,,13,[CUDA memcpy Host-to-Device]
4049316390,8384,246510,69,4,1,48,1,1,76,0.002,0.000,,,,,NVIDIA A100-SXM4-40GB MIG 4g.20gb (0),1,,13,"void ch_est::windowedChEstPreNoDftSOfdmKernel<float, __half, float, (unsigned int)2, (unsigned int)1, (unsigned short)4>(ch_est::puschRxChEstStatDescr_t *, ch_est::puschRxChEstDynDescr_t *)"
4049329446,7072,246511,137,2,1,24,2,1,44,0.001,0.001,,,,,NVIDIA A100-SXM4-40GB MIG 4g.20gb (0),1,,13,"void ch_est::chEstFilterNoDftSOfdmDispatchKernel<float, __half, float, (unsigned int)2>(ch_est::puschRxChEstStatDescr_t *, ch_est::puschRxChEstDynDescr_t *)"
4049344870,5600,246512,137,2,1,24,2,1,44,0.001,0.001,,,,,NVIDIA A100-SXM4-40GB MIG 4g.20gb (0),1,,13,"void ch_est::chEstFilterNoDftSOfdmDispatchKernel<float, __half, float, (unsigned int)2>(ch_est::puschRxChEstStatDescr_t *, ch_est::puschRxChEstDynDescr_t *)"
4049358726,2624,246523,103,1,1,128,1,1,16,0.000,0.000,,,,,NVIDIA A100-SXM4-40GB MIG 4g.20gb (0),1,,13,cupy_copy__complex64_complex64
4049373030,12864,246533,1434,1,1,128,1,1,16,0.000,0.000,,,,,NVIDIA A100-SXM4-40GB MIG 4g.20gb (0),1,,13,cupy_copy__complex64_complex64
4049389286,2879,246540,103,1,1,128,1,1,16,0.000,0.000,,,,,NVIDIA A100-SXM4-40GB MIG 4g.20gb (0),1,,13,cupy_copy__complex64_complex64
4049412261,84063,246547,1,1,1,32,32,1,30,0.000,0.000,,,,,NVIDIA A100-SXM4-40GB MIG 4g.20gb (0),1,,13,"void convert_kernel<__half2, float2>(tensor_layout_any, T1 *, tensor_layout_any, const T2 *)"
4049527268,22528,246550,,,,,,,,,,0.094,4159.072,Pinned,Device,NVIDIA A100-SXM4-40GB MIG 4g.20gb (0),1,,13,[CUDA memcpy Host-to-Device]
4049574467,46656,246551,,,,,,,,,,35.810,767514.015,Device,,NVIDIA A100-SXM4-40GB MIG 4g.20gb (0),1,,13,[CUDA memset]
4049626819,16287,246553,,,,,,,,,,0.000,4.912,Pinned,Device,NVIDIA A100-SXM4-40GB MIG 4g.20gb (0),1,,13,[CUDA memcpy Host-to-Device]
4049655906,37312,246554,,,,,,,,,,0.197,5269.291,Pinned,Device,NVIDIA A100-SXM4-40GB MIG 4g.20gb (0),1,,13,[CUDA memcpy Host-to-Device]
4049712578,9535,246555,273,1,1,48,1,1,40,0.000,0.001,,,,,NVIDIA A100-SXM4-40GB MIG 4g.20gb (0),1,,13,"void pusch_noise_intf_est::noiseIntfEstNoDftSOfdmKernel<float, __half, float, float, (unsigned int)2, (unsigned int)1, (unsigned char)4, (unsigned char)4>(pusch_noise_intf_est::puschRxNoiseIntfEstDynDescr)"
4049728929,2752,246566,35,1,1,128,1,1,16,0.000,0.000,,,,,NVIDIA A100-SXM4-40GB MIG 4g.20gb (0),1,,13,cupy_copy__complex64_complex64
4049745281,1696,246575,1,1,1,1,1,1,18,0.000,0.000,,,,,NVIDIA A100-SXM4-40GB MIG 4g.20gb (0),1,,13,cupy_copy__float32_float32
4049750785,5728,246581,,,,,,,,,,0.000,0.698,Device,Pageable,NVIDIA A100-SXM4-40GB MIG 4g.20gb (0),1,,7,[CUDA memcpy Device-to-Host]
4049841568,12512,246592,1434,1,1,128,1,1,16,0.000,0.000,,,,,NVIDIA A100-SXM4-40GB MIG 4g.20gb (0),1,,13,cupy_copy__complex64_complex64
4049878175,3360,246599,103,1,1,128,1,1,16,0.000,0.000,,,,,NVIDIA A100-SXM4-40GB MIG 4g.20gb (0),1,,13,cupy_copy__complex64_complex64
4049895967,2144,246606,35,1,1,128,1,1,16,0.000,0.000,,,,,NVIDIA A100-SXM4-40GB MIG 4g.20gb (0),1,,13,cupy_copy__complex64_complex64
4049899167,1760,246613,1,1,1,1,1,1,18,0.000,0.000,,,,,NVIDIA A100-SXM4-40GB MIG 4g.20gb (0),1,,13,cupy_copy__float32_float32
4050034878,90686,246624,1,1,1,32,32,1,30,0.000,0.000,,,,,NVIDIA A100-SXM4-40GB MIG 4g.20gb (0),1,,13,"void convert_kernel<__half2, float2>(tensor_layout_any, T1 *, tensor_layout_any, const T2 *)"
4050154492,6016,246627,,,,,,,,,,0.094,15574.430,Pinned,Device,NVIDIA A100-SXM4-40GB MIG 4g.20gb (0),1,,13,[CUDA memcpy Host-to-Device]
4050169020,3488,246628,,,,,,,,,,1.547,443412.461,Device,,NVIDIA A100-SXM4-40GB MIG 4g.20gb (0),1,,13,[CUDA memset]
4050175612,3904,246633,,,,,,,,,,0.031,8016.377,Pinned,Device,NVIDIA A100-SXM4-40GB MIG 4g.20gb (0),1,,13,[CUDA memcpy Host-to-Device]
4050182172,9760,246634,,,,,,,,,,0.197,20144.259,Pinned,Device,NVIDIA A100-SXM4-40GB MIG 4g.20gb (0),1,,13,[CUDA memcpy Host-to-Device]
4050198300,6495,246635,273,1,1,8,4,1,39,0.002,0.000,,,,,NVIDIA A100-SXM4-40GB MIG 4g.20gb (0),1,,13,"void channel_eq::eqMmseCoefCompLowMimoKernel<float, float, float, (unsigned int)4, (unsigned int)1, (unsigned int)4>(const channel_eq::_puschRxChEqStatDescr *, channel_eq::_puschRxChEqCoefCompDynDescr)"
4050207067,7360,246636,273,1,1,12,11,1,51,0.002,0.000,,,,,NVIDIA A100-SXM4-40GB MIG 4g.20gb (0),1,,13,"void channel_eq::eqMmseSoftDemapKernel<float, __half, __half, float, (unsigned int)4, (unsigned short)16383>(channel_eq::_puschRxChEqStatDescr *, channel_eq::_puschRxChEqSoftDemapDynDescr)"
4050216699,294877,246637,1,1,1,32,32,1,30,0.000,0.000,,,,,NVIDIA A100-SXM4-40GB MIG 4g.20gb (0),1,,13,"void convert_kernel<float2, __half2>(tensor_layout_any, T1 *, tensor_layout_any, const T2 *)"
4050512824,11040,246649,2253,1,1,128,1,1,16,0.000,0.000,,,,,NVIDIA A100-SXM4-40GB MIG 4g.20gb (0),1,,13,cupy_copy__float16_float16
4050525879,3808,246658,282,1,1,128,1,1,16,0.000,0.000,,,,,NVIDIA A100-SXM4-40GB MIG 4g.20gb (0),1,,13,cupy_copy__complex64_complex64
4050531543,2240,246667,26,1,1,128,1,1,16,0.000,0.000,,,,,NVIDIA A100-SXM4-40GB MIG 4g.20gb (0),1,,13,cupy_copy__float32_float32
4050534871,2944,246676,103,1,1,128,1,1,16,0.000,0.000,,,,,NVIDIA A100-SXM4-40GB MIG 4g.20gb (0),1,,13,cupy_copy__complex64_complex64
4050538775,11872,246686,1434,1,1,128,1,1,16,0.000,0.000,,,,,NVIDIA A100-SXM4-40GB MIG 4g.20gb (0),1,,13,cupy_copy__complex64_complex64
4050556727,81247,246691,1,1,1,32,32,1,30,0.000,0.000,,,,,NVIDIA A100-SXM4-40GB MIG 4g.20gb (0),1,,13,"void convert_kernel<__half2, float2>(tensor_layout_any, T1 *, tensor_layout_any, const T2 *)"
4050665206,5664,246694,,,,,,,,,,0.094,16542.310,Pinned,Device,NVIDIA A100-SXM4-40GB MIG 4g.20gb (0),1,,13,[CUDA memcpy Host-to-Device]
4050676246,597368,246695,,,,,,,,,,456.561,764283.851,Device,,NVIDIA A100-SXM4-40GB MIG 4g.20gb (0),1,,13,[CUDA memset]
4051278926,131167,246700,,,,,,,,,,1.235,9413.978,Pinned,Device,NVIDIA A100-SXM4-40GB MIG 4g.20gb (0),1,,13,[CUDA memcpy Host-to-Device]
4051419436,26912,246701,,,,,,,,,,0.197,7305.560,Pinned,Device,NVIDIA A100-SXM4-40GB MIG 4g.20gb (0),1,,13,[CUDA memcpy Host-to-Device]
4051460556,8288,246702,69,4,1,48,1,1,76,0.002,0.000,,,,,NVIDIA A100-SXM4-40GB MIG 4g.20gb (0),1,,13,"void ch_est::windowedChEstPreNoDftSOfdmKernel<float, __half, float, (unsigned int)2, (unsigned int)1, (unsigned short)4>(ch_est::puschRxChEstStatDescr_t *, ch_est::puschRxChEstDynDescr_t *)"
4051472332,6752,246703,137,2,1,24,2,1,44,0.001,0.001,,,,,NVIDIA A100-SXM4-40GB MIG 4g.20gb (0),1,,13,"void ch_est::chEstFilterNoDftSOfdmDispatchKernel<float, __half, float, (unsigned int)2>(ch_est::puschRxChEstStatDescr_t *, ch_est::puschRxChEstDynDescr_t *)"
4051486892,6304,246704,137,2,1,24,2,1,44,0.001,0.001,,,,,NVIDIA A100-SXM4-40GB MIG 4g.20gb (0),1,,13,"void ch_est::chEstFilterNoDftSOfdmDispatchKernel<float, __half, float, (unsigned int)2>(ch_est::puschRxChEstStatDescr_t *, ch_est::puschRxChEstDynDescr_t *)"
4051496300,3008,246715,103,1,1,128,1,1,16,0.000,0.000,,,,,NVIDIA A100-SXM4-40GB MIG 4g.20gb (0),1,,13,cupy_copy__complex64_complex64
4051503307,12608,246725,1434,1,1,128,1,1,16,0.000,0.000,,,,,NVIDIA A100-SXM4-40GB MIG 4g.20gb (0),1,,13,cupy_copy__complex64_complex64
4051525003,2720,246732,103,1,1,128,1,1,16,0.000,0.000,,,,,NVIDIA A100-SXM4-40GB MIG 4g.20gb (0),1,,13,cupy_copy__complex64_complex64
4051531787,83167,246739,1,1,1,32,32,1,30,0.000,0.000,,,,,NVIDIA A100-SXM4-40GB MIG 4g.20gb (0),1,,13,"void convert_kernel<__half2, float2>(tensor_layout_any, T1 *, tensor_layout_any, const T2 *)"
4051645290,5472,246742,,,,,,,,,,0.094,17122.757,Pinned,Device,NVIDIA A100-SXM4-40GB MIG 4g.20gb (0),1,,13,[CUDA memcpy Host-to-Device]
4051660426,46559,246743,,,,,,,,,,35.810,769125.462,Device,,NVIDIA A100-SXM4-40GB MIG 4g.20gb (0),1,,13,[CUDA memset]
4051709929,4640,246745,,,,,,,,,,0.000,17.241,Pinned,Device,NVIDIA A100-SXM4-40GB MIG 4g.20gb (0),1,,13,[CUDA memcpy Host-to-Device]
4051719209,14112,246746,,,,,,,,,,0.197,13931.839,Pinned,Device,NVIDIA A100-SXM4-40GB MIG 4g.20gb (0),1,,13,[CUDA memcpy Host-to-Device]
4051741257,9983,246747,273,1,1,48,1,1,40,0.000,0.001,,,,,NVIDIA A100-SXM4-40GB MIG 4g.20gb (0),1,,13,"void pusch_noise_intf_est::noiseIntfEstNoDftSOfdmKernel<float, __half, float, float, (unsigned int)2, (unsigned int)1, (unsigned char)4, (unsigned char)4>(pusch_noise_intf_est::puschRxNoiseIntfEstDynDescr)"
4051756296,3104,246758,35,1,1,128,1,1,16,0.000,0.000,,,,,NVIDIA A100-SXM4-40GB MIG 4g.20gb (0),1,,13,cupy_copy__complex64_complex64
4051767496,1824,246767,1,1,1,1,1,1,18,0.000,0.000,,,,,NVIDIA A100-SXM4-40GB MIG 4g.20gb (0),1,,13,cupy_copy__float32_float32
4051797864,1824,246773,,,,,,,,,,0.000,2.193,Device,Pageable,NVIDIA A100-SXM4-40GB MIG 4g.20gb (0),1,,7,[CUDA memcpy Device-to-Host]
4051857927,12832,246784,1434,1,1,128,1,1,16,0.000,0.000,,,,,NVIDIA A100-SXM4-40GB MIG 4g.20gb (0),1,,13,cupy_copy__complex64_complex64
4051884583,2944,246791,103,1,1,128,1,1,16,0.000,0.000,,,,,NVIDIA A100-SXM4-40GB MIG 4g.20gb (0),1,,13,cupy_copy__complex64_complex64
4051905255,2175,246798,35,1,1,128,1,1,16,0.000,0.000,,,,,NVIDIA A100-SXM4-40GB MIG 4g.20gb (0),1,,13,cupy_copy__complex64_complex64
4051923590,1760,246805,1,1,1,1,1,1,18,0.000,0.000,,,,,NVIDIA A100-SXM4-40GB MIG 4g.20gb (0),1,,13,cupy_copy__float32_float32
4052054053,81855,246816,1,1,1,32,32,1,30,0.000,0.000,,,,,NVIDIA A100-SXM4-40GB MIG 4g.20gb (0),1,,13,"void convert_kernel<__half2, float2>(tensor_layout_any, T1 *, tensor_layout_any, const T2 *)"
4052164067,5536,246819,,,,,,,,,,0.094,16924.777,Pinned,Device,NVIDIA A100-SXM4-40GB MIG 4g.20gb (0),1,,13,[CUDA memcpy Host-to-Device]
4052178051,3328,246820,,,,,,,,,,1.547,464729.580,Device,,NVIDIA A100-SXM4-40GB MIG 4g.20gb (0),1,,13,[CUDA memset]
4052184835,3008,246825,,,,,,,,,,0.031,10404.230,Pinned,Device,NVIDIA A100-SXM4-40GB MIG 4g.20gb (0),1,,13,[CUDA memcpy Host-to-Device]
4052190307,10336,246826,,,,,,,,,,0.197,19021.627,Pinned,Device,NVIDIA A100-SXM4-40GB MIG 4g.20gb (0),1,,13,[CUDA memcpy Host-to-Device]
4052205411,6080,246827,273,1,1,8,4,1,39,0.002,0.000,,,,,NVIDIA A100-SXM4-40GB MIG 4g.20gb (0),1,,13,"void channel_eq::eqMmseCoefCompLowMimoKernel<float, float, float, (unsigned int)4, (unsigned int)1, (unsigned int)4>(const channel_eq::_puschRxChEqStatDescr *, channel_eq::_puschRxChEqCoefCompDynDescr)"
4052212483,6048,246828,273,1,1,12,11,1,51,0.002,0.000,,,,,NVIDIA A100-SXM4-40GB MIG 4g.20gb (0),1,,13,"void channel_eq::eqMmseSoftDemapKernel<float, __half, __half, float, (unsigned int)4, (unsigned short)16383>(channel_eq::_puschRxChEqStatDescr *, channel_eq::_puschRxChEqSoftDemapDynDescr)"
4052219523,282620,246829,1,1,1,32,32,1,30,0.000,0.000,,,,,NVIDIA A100-SXM4-40GB MIG 4g.20gb (0),1,,13,"void convert_kernel<float2, __half2>(tensor_layout_any, T1 *, tensor_layout_any, const T2 *)"
4052503103,10944,246841,2253,1,1,128,1,1,16,0.000,0.000,,,,,NVIDIA A100-SXM4-40GB MIG 4g.20gb (0),1,,13,cupy_copy__float16_float16
4052516031,3808,246850,282,1,1,128,1,1,16,0.000,0.000,,,,,NVIDIA A100-SXM4-40GB MIG 4g.20gb (0),1,,13,cupy_copy__complex64_complex64
4052522271,2400,246859,26,1,1,128,1,1,16,0.000,0.000,,,,,NVIDIA A100-SXM4-40GB MIG 4g.20gb (0),1,,13,cupy_copy__float32_float32
4052526303,2912,246868,103,1,1,128,1,1,16,0.000,0.000,,,,,NVIDIA A100-SXM4-40GB MIG 4g.20gb (0),1,,13,cupy_copy__complex64_complex64
4052531231,12448,246878,1434,1,1,128,1,1,16,0.000,0.000,,,,,NVIDIA A100-SXM4-40GB MIG 4g.20gb (0),1,,13,cupy_copy__complex64_complex64
4052554143,88158,246883,1,1,1,32,32,1,30,0.000,0.000,,,,,NVIDIA A100-SXM4-40GB MIG 4g.20gb (0),1,,13,"void convert_kernel<__half2, float2>(tensor_layout_any, T1 *, tensor_layout_any, const T2 *)"
4052669341,5728,246886,,,,,,,,,,0.094,16357.541,Pinned,Device,NVIDIA A100-SXM4-40GB MIG 4g.20gb (0),1,,13,[CUDA memcpy Host-to-Device]
4052680221,598553,246887,,,,,,,,,,456.561,762457.605,Device,,NVIDIA A100-SXM4-40GB MIG 4g.20gb (0),1,,13,[CUDA memset]
4053283862,158078,246892,,,,,,,,,,1.235,7811.021,Pinned,Device,NVIDIA A100-SXM4-40GB MIG 4g.20gb (0),1,,13,[CUDA memcpy Host-to-Device]
4053453171,42784,246893,,,,,,,,,,0.197,4595.319,Pinned,Device,NVIDIA A100-SXM4-40GB MIG 4g.20gb (0),1,,13,[CUDA memcpy Host-to-Device]
4053523763,8063,246894,69,4,1,48,1,1,76,0.002,0.000,,,,,NVIDIA A100-SXM4-40GB MIG 4g.20gb (0),1,,13,"void ch_est::windowedChEstPreNoDftSOfdmKernel<float, __half, float, (unsigned int)2, (unsigned int)1, (unsigned short)4>(ch_est::puschRxChEstStatDescr_t *, ch_est::puschRxChEstDynDescr_t *)"
4053543282,6784,246895,137,2,1,24,2,1,44,0.001,0.001,,,,,NVIDIA A100-SXM4-40GB MIG 4g.20gb (0),1,,13,"void ch_est::chEstFilterNoDftSOfdmDispatchKernel<float, __half, float, (unsigned int)2>(ch_est::puschRxChEstStatDescr_t *, ch_est::puschRxChEstDynDescr_t *)"
4053560050,4704,246896,137,2,1,24,2,1,44,0.001,0.001,,,,,NVIDIA A100-SXM4-40GB MIG 4g.20gb (0),1,,13,"void ch_est::chEstFilterNoDftSOfdmDispatchKernel<float, __half, float, (unsigned int)2>(ch_est::puschRxChEstStatDescr_t *, ch_est::puschRxChEstDynDescr_t *)"
4053576658,2528,246907,103,1,1,128,1,1,16,0.000,0.000,,,,,NVIDIA A100-SXM4-40GB MIG 4g.20gb (0),1,,13,cupy_copy__complex64_complex64
4053592210,12384,246917,1434,1,1,128,1,1,16,0.000,0.000,,,,,NVIDIA A100-SXM4-40GB MIG 4g.20gb (0),1,,13,cupy_copy__complex64_complex64
4053626929,2720,246924,103,1,1,128,1,1,16,0.000,0.000,,,,,NVIDIA A100-SXM4-40GB MIG 4g.20gb (0),1,,13,cupy_copy__complex64_complex64
4053642385,91487,246931,1,1,1,32,32,1,30,0.000,0.000,,,,,NVIDIA A100-SXM4-40GB MIG 4g.20gb (0),1,,13,"void convert_kernel<__half2, float2>(tensor_layout_any, T1 *, tensor_layout_any, const T2 *)"
4053766992,11647,246934,,,,,,,,,,0.094,8044.645,Pinned,Device,NVIDIA A100-SXM4-40GB MIG 4g.20gb (0),1,,13,[CUDA memcpy Host-to-Device]
4053785903,46144,246935,,,,,,,,,,35.810,776036.776,Device,,NVIDIA A100-SXM4-40GB MIG 4g.20gb (0),1,,13,[CUDA memset]
4053832719,7872,246937,,,,,,,,,,0.000,10.163,Pinned,Device,NVIDIA A100-SXM4-40GB MIG 4g.20gb (0),1,,13,[CUDA memcpy Host-to-Device]
4053848943,11359,246938,,,,,,,,,,0.197,17308.385,Pinned,Device,NVIDIA A100-SXM4-40GB MIG 4g.20gb (0),1,,13,[CUDA memcpy Host-to-Device]
4053871022,10176,246939,273,1,1,48,1,1,40,0.000,0.001,,,,,NVIDIA A100-SXM4-40GB MIG 4g.20gb (0),1,,13,"void pusch_noise_intf_est::noiseIntfEstNoDftSOfdmKernel<float, __half, float, float, (unsigned int)2, (unsigned int)1, (unsigned char)4, (unsigned char)4>(pusch_noise_intf_est::puschRxNoiseIntfEstDynDescr)"
4053884686,3296,246950,35,1,1,128,1,1,16,0.000,0.000,,,,,NVIDIA A100-SXM4-40GB MIG 4g.20gb (0),1,,13,cupy_copy__complex64_complex64
4053890446,2016,246959,1,1,1,1,1,1,18,0.000,0.000,,,,,NVIDIA A100-SXM4-40GB MIG 4g.20gb (0),1,,13,cupy_copy__float32_float32
4053914190,1760,246965,,,,,,,,,,0.000,2.273,Device,Pageable,NVIDIA A100-SXM4-40GB MIG 4g.20gb (0),1,,7,[CUDA memcpy Device-to-Host]
4053975245,13152,246976,1434,1,1,128,1,1,16,0.000,0.000,,,,,NVIDIA A100-SXM4-40GB MIG 4g.20gb (0),1,,13,cupy_copy__complex64_complex64
4054002477,3104,246983,103,1,1,128,1,1,16,0.000,0.000,,,,,NVIDIA A100-SXM4-40GB MIG 4g.20gb (0),1,,13,cupy_copy__complex64_complex64
4054022956,2336,246990,35,1,1,128,1,1,16,0.000,0.000,,,,,NVIDIA A100-SXM4-40GB MIG 4g.20gb (0),1,,13,cupy_copy__complex64_complex64
4054040524,1888,246997,1,1,1,1,1,1,18,0.000,0.000,,,,,NVIDIA A100-SXM4-40GB MIG 4g.20gb (0),1,,13,cupy_copy__float32_float32
4054171755,81631,247008,1,1,1,32,32,1,30,0.000,0.000,,,,,NVIDIA A100-SXM4-40GB MIG 4g.20gb (0),1,,13,"void convert_kernel<__half2, float2>(tensor_layout_any, T1 *, tensor_layout_any, const T2 *)"
4054280745,5792,247011,,,,,,,,,,0.094,16176.708,Pinned,Device,NVIDIA A100-SXM4-40GB MIG 4g.20gb (0),1,,13,[CUDA memcpy Host-to-Device]
4054294985,3456,247012,,,,,,,,,,1.547,447517.201,Device,,NVIDIA A100-SXM4-40GB MIG 4g.20gb (0),1,,13,[CUDA memset]
4054301961,3360,247017,,,,,,,,,,0.031,9314.284,Pinned,Device,NVIDIA A100-SXM4-40GB MIG 4g.20gb (0),1,,13,[CUDA memcpy Host-to-Device]
4054308393,9504,247018,,,,,,,,,,0.197,20686.701,Pinned,Device,NVIDIA A100-SXM4-40GB MIG 4g.20gb (0),1,,13,[CUDA memcpy Host-to-Device]
4054323305,7136,247019,273,1,1,8,4,1,39,0.002,0.000,,,,,NVIDIA A100-SXM4-40GB MIG 4g.20gb (0),1,,13,"void channel_eq::eqMmseCoefCompLowMimoKernel<float, float, float, (unsigned int)4, (unsigned int)1, (unsigned int)4>(const channel_eq::_puschRxChEqStatDescr *, channel_eq::_puschRxChEqCoefCompDynDescr)"
4054331465,7648,247020,273,1,1,12,11,1,51,0.002,0.000,,,,,NVIDIA A100-SXM4-40GB MIG 4g.20gb (0),1,,13,"void channel_eq::eqMmseSoftDemapKernel<float, __half, __half, float, (unsigned int)4, (unsigned short)16383>(channel_eq::_puschRxChEqStatDescr *, channel_eq::_puschRxChEqSoftDemapDynDescr)"
4054340648,295229,247021,1,1,1,32,32,1,30,0.000,0.000,,,,,NVIDIA A100-SXM4-40GB MIG 4g.20gb (0),1,,13,"void convert_kernel<float2, __half2>(tensor_layout_any, T1 *, tensor_layout_any, const T2 *)"
4054638981,10720,247033,2253,1,1,128,1,1,16,0.000,0.000,,,,,NVIDIA A100-SXM4-40GB MIG 4g.20gb (0),1,,13,cupy_copy__float16_float16
4054651653,3296,247042,282,1,1,128,1,1,16,0.000,0.000,,,,,NVIDIA A100-SXM4-40GB MIG 4g.20gb (0),1,,13,cupy_copy__complex64_complex64
4054656005,2112,247051,26,1,1,128,1,1,16,0.000,0.000,,,,,NVIDIA A100-SXM4-40GB MIG 4g.20gb (0),1,,13,cupy_copy__float32_float32
4054659397,3168,247060,103,1,1,128,1,1,16,0.000,0.000,,,,,NVIDIA A100-SXM4-40GB MIG 4g.20gb (0),1,,13,cupy_copy__complex64_complex64
4054665060,12416,247070,1434,1,1,128,1,1,16,0.000,0.000,,,,,NVIDIA A100-SXM4-40GB MIG 4g.20gb (0),1,,13,cupy_copy__complex64_complex64
4054679204,81855,247075,1,1,1,32,32,1,30,0.000,0.000,,,,,NVIDIA A100-SXM4-40GB MIG 4g.20gb (0),1,,13,"void convert_kernel<__half2, float2>(tensor_layout_any, T1 *, tensor_layout_any, const T2 *)"
4054789219,5824,247078,,,,,,,,,,0.094,16087.884,Pinned,Device,NVIDIA A100-SXM4-40GB MIG 4g.20gb (0),1,,13,[CUDA memcpy Host-to-Device]
4054799459,598328,247079,,,,,,,,,,456.561,762914.166,Device,,NVIDIA A100-SXM4-40GB MIG 4g.20gb (0),1,,13,[CUDA memset]
4055406043,128415,247084,,,,,,,,,,1.235,9616.509,Pinned,Device,NVIDIA A100-SXM4-40GB MIG 4g.20gb (0),1,,13,[CUDA memcpy Host-to-Device]
4055545242,40607,247085,,,,,,,,,,0.197,4841.669,Pinned,Device,NVIDIA A100-SXM4-40GB MIG 4g.20gb (0),1,,13,[CUDA memcpy Host-to-Device]
4055615673,7936,247086,69,4,1,48,1,1,76,0.002,0.000,,,,,NVIDIA A100-SXM4-40GB MIG 4g.20gb (0),1,,13,"void ch_est::windowedChEstPreNoDftSOfdmKernel<float, __half, float, (unsigned int)2, (unsigned int)1, (unsigned short)4>(ch_est::puschRxChEstStatDescr_t *, ch_est::puschRxChEstDynDescr_t *)"
4055633753,6687,247087,137,2,1,24,2,1,44,0.001,0.001,,,,,NVIDIA A100-SXM4-40GB MIG 4g.20gb (0),1,,13,"void ch_est::chEstFilterNoDftSOfdmDispatchKernel<float, __half, float, (unsigned int)2>(ch_est::puschRxChEstStatDescr_t *, ch_est::puschRxChEstDynDescr_t *)"
4055650776,4800,247088,137,2,1,24,2,1,44,0.001,0.001,,,,,NVIDIA A100-SXM4-40GB MIG 4g.20gb (0),1,,13,"void ch_est::chEstFilterNoDftSOfdmDispatchKernel<float, __half, float, (unsigned int)2>(ch_est::puschRxChEstStatDescr_t *, ch_est::puschRxChEstDynDescr_t *)"
4055665976,2688,247099,103,1,1,128,1,1,16,0.000,0.000,,,,,NVIDIA A100-SXM4-40GB MIG 4g.20gb (0),1,,13,cupy_copy__complex64_complex64
4055682776,12416,247109,1434,1,1,128,1,1,16,0.000,0.000,,,,,NVIDIA A100-SXM4-40GB MIG 4g.20gb (0),1,,13,cupy_copy__complex64_complex64
4055703000,2912,247116,103,1,1,128,1,1,16,0.000,0.000,,,,,NVIDIA A100-SXM4-40GB MIG 4g.20gb (0),1,,13,cupy_copy__complex64_complex64
4055727063,86879,247123,1,1,1,32,32,1,30,0.000,0.000,,,,,NVIDIA A100-SXM4-40GB MIG 4g.20gb (0),1,,13,"void convert_kernel<__half2, float2>(tensor_layout_any, T1 *, tensor_layout_any, const T2 *)"
4055848982,28064,247126,,,,,,,,,,0.094,3338.576,Pinned,Device,NVIDIA A100-SXM4-40GB MIG 4g.20gb (0),1,,13,[CUDA memcpy Host-to-Device]
4055900821,47104,247127,,,,,,,,,,35.810,760208.792,Device,,NVIDIA A100-SXM4-40GB MIG 4g.20gb (0),1,,13,[CUDA memset]
4055958485,9151,247129,,,,,,,,,,0.000,8.742,Pinned,Device,NVIDIA A100-SXM4-40GB MIG 4g.20gb (0),1,,13,[CUDA memcpy Host-to-Device]
4055975380,30912,247130,,,,,,,,,,0.197,6360.072,Pinned,Device,NVIDIA A100-SXM4-40GB MIG 4g.20gb (0),1,,13,[CUDA memcpy Host-to-Device]
4056023060,9792,247131,273,1,1,48,1,1,40,0.000,0.001,,,,,NVIDIA A100-SXM4-40GB MIG 4g.20gb (0),1,,13,"void pusch_noise_intf_est::noiseIntfEstNoDftSOfdmKernel<float, __half, float, float, (unsigned int)2, (unsigned int)1, (unsigned char)4, (unsigned char)4>(pusch_noise_intf_est::puschRxNoiseIntfEstDynDescr)"
4056043444,3359,247142,35,1,1,128,1,1,16,0.000,0.000,,,,,NVIDIA A100-SXM4-40GB MIG 4g.20gb (0),1,,13,cupy_copy__complex64_complex64
4056059059,1728,247151,1,1,1,1,1,1,18,0.000,0.000,,,,,NVIDIA A100-SXM4-40GB MIG 4g.20gb (0),1,,13,cupy_copy__float32_float32
4056064691,3296,247157,,,,,,,,,,0.000,1.214,Device,Pageable,NVIDIA A100-SXM4-40GB MIG 4g.20gb (0),1,,7,[CUDA memcpy Device-to-Host]
4056147122,13120,247168,1434,1,1,128,1,1,16,0.000,0.000,,,,,NVIDIA A100-SXM4-40GB MIG 4g.20gb (0),1,,13,cupy_copy__complex64_complex64
4056174546,3008,247175,103,1,1,128,1,1,16,0.000,0.000,,,,,NVIDIA A100-SXM4-40GB MIG 4g.20gb (0),1,,13,cupy_copy__complex64_complex64
4056191218,2464,247182,35,1,1,128,1,1,16,0.000,0.000,,,,,NVIDIA A100-SXM4-40GB MIG 4g.20gb (0),1,,13,cupy_copy__complex64_complex64
4056213521,1760,247189,1,1,1,1,1,1,18,0.000,0.000,,,,,NVIDIA A100-SXM4-40GB MIG 4g.20gb (0),1,,13,cupy_copy__float32_float32
4056339152,88767,247200,1,1,1,32,32,1,30,0.000,0.000,,,,,NVIDIA A100-SXM4-40GB MIG 4g.20gb (0),1,,13,"void convert_kernel<__half2, float2>(tensor_layout_any, T1 *, tensor_layout_any, const T2 *)"
4056456142,5760,247203,,,,,,,,,,0.094,16266.656,Pinned,Device,NVIDIA A100-SXM4-40GB MIG 4g.20gb (0),1,,13,[CUDA memcpy Host-to-Device]
4056470574,3328,247204,,,,,,,,,,1.547,464729.580,Device,,NVIDIA A100-SXM4-40GB MIG 4g.20gb (0),1,,13,[CUDA memset]
4056477326,3104,247209,,,,,,,,,,0.031,10082.445,Pinned,Device,NVIDIA A100-SXM4-40GB MIG 4g.20gb (0),1,,13,[CUDA memcpy Host-to-Device]
4056483150,9408,247210,,,,,,,,,,0.197,20897.858,Pinned,Device,NVIDIA A100-SXM4-40GB MIG 4g.20gb (0),1,,13,[CUDA memcpy Host-to-Device]
4056496974,8416,247211,273,1,1,8,4,1,39,0.002,0.000,,,,,NVIDIA A100-SXM4-40GB MIG 4g.20gb (0),1,,13,"void channel_eq::eqMmseCoefCompLowMimoKernel<float, float, float, (unsigned int)4, (unsigned int)1, (unsigned int)4>(const channel_eq::_puschRxChEqStatDescr *, channel_eq::_puschRxChEqCoefCompDynDescr)"
4056508014,6208,247212,273,1,1,12,11,1,51,0.002,0.000,,,,,NVIDIA A100-SXM4-40GB MIG 4g.20gb (0),1,,13,"void channel_eq::eqMmseSoftDemapKernel<float, __half, __half, float, (unsigned int)4, (unsigned short)16383>(channel_eq::_puschRxChEqStatDescr *, channel_eq::_puschRxChEqSoftDemapDynDescr)"
4056515182,283388,247213,1,1,1,32,32,1,30,0.000,0.000,,,,,NVIDIA A100-SXM4-40GB MIG 4g.20gb (0),1,,13,"void convert_kernel<float2, __half2>(tensor_layout_any, T1 *, tensor_layout_any, const T2 *)"
4056799722,10912,247225,2253,1,1,128,1,1,16,0.000,0.000,,,,,NVIDIA A100-SXM4-40GB MIG 4g.20gb (0),1,,13,cupy_copy__float16_float16
4056816010,2944,247234,282,1,1,128,1,1,16,0.000,0.000,,,,,NVIDIA A100-SXM4-40GB MIG 4g.20gb (0),1,,13,cupy_copy__complex64_complex64
4056821674,2048,247243,26,1,1,128,1,1,16,0.000,0.000,,,,,NVIDIA A100-SXM4-40GB MIG 4g.20gb (0),1,,13,cupy_copy__float32_float32
4056826890,4576,247252,103,1,1,128,1,1,16,0.000,0.000,,,,,NVIDIA A100-SXM4-40GB MIG 4g.20gb (0),1,,13,cupy_copy__complex64_complex64
4056833738,12032,247262,1434,1,1,128,1,1,16,0.000,0.000,,,,,NVIDIA A100-SXM4-40GB MIG 4g.20gb (0),1,,13,cupy_copy__complex64_complex64
4056851498,82751,247267,1,1,1,32,32,1,30,0.000,0.000,,,,,NVIDIA A100-SXM4-40GB MIG 4g.20gb (0),1,,13,"void convert_kernel<__half2, float2>(tensor_layout_any, T1 *, tensor_layout_any, const T2 *)"
4056962312,5920,247270,,,,,,,,,,0.094,15826.941,Pinned,Device,NVIDIA A100-SXM4-40GB MIG 4g.20gb (0),1,,13,[CUDA memcpy Host-to-Device]
4056973800,597465,247271,,,,,,,,,,456.561,763827.289,Device,,NVIDIA A100-SXM4-40GB MIG 4g.20gb (0),1,,13,[CUDA memset]
4057577889,96094,247276,,,,,,,,,,1.235,12850.827,Pinned,Device,NVIDIA A100-SXM4-40GB MIG 4g.20gb (0),1,,13,[CUDA memcpy Host-to-Device]
4057683007,28160,247277,,,,,,,,,,0.197,6981.747,Pinned,Device,NVIDIA A100-SXM4-40GB MIG 4g.20gb (0),1,,13,[CUDA memcpy Host-to-Device]
4057725311,8160,247278,69,4,1,48,1,1,76,0.002,0.000,,,,,NVIDIA A100-SXM4-40GB MIG 4g.20gb (0),1,,13,"void ch_est::windowedChEstPreNoDftSOfdmKernel<float, __half, float, (unsigned int)2, (unsigned int)1, (unsigned short)4>(ch_est::puschRxChEstStatDescr_t *, ch_est::puschRxChEstDynDescr_t *)"
4057739135,6816,247279,137,2,1,24,2,1,44,0.001,0.001,,,,,NVIDIA A100-SXM4-40GB MIG 4g.20gb (0),1,,13,"void ch_est::chEstFilterNoDftSOfdmDispatchKernel<float, __half, float, (unsigned int)2>(ch_est::puschRxChEstStatDescr_t *, ch_est::puschRxChEstDynDescr_t *)"
4057749694,4672,247280,137,2,1,24,2,1,44,0.001,0.001,,,,,NVIDIA A100-SXM4-40GB MIG 4g.20gb (0),1,,13,"void ch_est::chEstFilterNoDftSOfdmDispatchKernel<float, __half, float, (unsigned int)2>(ch_est::puschRxChEstStatDescr_t *, ch_est::puschRxChEstDynDescr_t *)"
4057762430,2848,247291,103,1,1,128,1,1,16,0.000,0.000,,,,,NVIDIA A100-SXM4-40GB MIG 4g.20gb (0),1,,13,cupy_copy__complex64_complex64
4057774910,12576,247301,1434,1,1,128,1,1,16,0.000,0.000,,,,,NVIDIA A100-SXM4-40GB MIG 4g.20gb (0),1,,13,cupy_copy__complex64_complex64
4057790654,2880,247308,103,1,1,128,1,1,16,0.000,0.000,,,,,NVIDIA A100-SXM4-40GB MIG 4g.20gb (0),1,,13,cupy_copy__complex64_complex64
4057801502,85631,247315,1,1,1,32,32,1,30,0.000,0.000,,,,,NVIDIA A100-SXM4-40GB MIG 4g.20gb (0),1,,13,"void convert_kernel<__half2, float2>(tensor_layout_any, T1 *, tensor_layout_any, const T2 *)"
4057917372,13248,247318,,,,,,,,,,0.094,7072.455,Pinned,Device,NVIDIA A100-SXM4-40GB MIG 4g.20gb (0),1,,13,[CUDA memcpy Host-to-Device]
4057936252,47008,247319,,,,,,,,,,35.810,761748.618,Device,,NVIDIA A100-SXM4-40GB MIG 4g.20gb (0),1,,13,[CUDA memset]
4057991068,9599,247321,,,,,,,,,,0.000,8.334,Pinned,Device,NVIDIA A100-SXM4-40GB MIG 4g.20gb (0),1,,13,[CUDA memcpy Host-to-Device]
4058009307,27264,247322,,,,,,,,,,0.197,7211.188,Pinned,Device,NVIDIA A100-SXM4-40GB MIG 4g.20gb (0),1,,13,[CUDA memcpy Host-to-Device]
4058055387,9696,247323,273,1,1,48,1,1,40,0.000,0.001,,,,,NVIDIA A100-SXM4-40GB MIG 4g.20gb (0),1,,13,"void pusch_noise_intf_est::noiseIntfEstNoDftSOfdmKernel<float, __half, float, float, (unsigned int)2, (unsigned int)1, (unsigned char)4, (unsigned char)4>(pusch_noise_intf_est::puschRxNoiseIntfEstDynDescr)"
4058074106,2880,247334,35,1,1,128,1,1,16,0.000,0.000,,,,,NVIDIA A100-SXM4-40GB MIG 4g.20gb (0),1,,13,cupy_copy__complex64_complex64
4058088474,1696,247343,1,1,1,1,1,1,18,0.000,0.000,,,,,NVIDIA A100-SXM4-40GB MIG 4g.20gb (0),1,,13,cupy_copy__float32_float32
4058090586,8448,247349,,,,,,,,,,0.000,0.473,Device,Pageable,NVIDIA A100-SXM4-40GB MIG 4g.20gb (0),1,,7,[CUDA memcpy Device-to-Host]
4058180025,12576,247360,1434,1,1,128,1,1,16,0.000,0.000,,,,,NVIDIA A100-SXM4-40GB MIG 4g.20gb (0),1,,13,cupy_copy__complex64_complex64
4058203449,3360,247367,103,1,1,128,1,1,16,0.000,0.000,,,,,NVIDIA A100-SXM4-40GB MIG 4g.20gb (0),1,,13,cupy_copy__complex64_complex64
4058223577,2560,247374,35,1,1,128,1,1,16,0.000,0.000,,,,,NVIDIA A100-SXM4-40GB MIG 4g.20gb (0),1,,13,cupy_copy__complex64_complex64
4058245048,1824,247381,1,1,1,1,1,1,18,0.000,0.000,,,,,NVIDIA A100-SXM4-40GB MIG 4g.20gb (0),1,,13,cupy_copy__float32_float32
4058376087,83295,247392,1,1,1,32,32,1,30,0.000,0.000,,,,,NVIDIA A100-SXM4-40GB MIG 4g.20gb (0),1,,13,"void convert_kernel<__half2, float2>(tensor_layout_any, T1 *, tensor_layout_any, const T2 *)"
4058488981,17536,247395,,,,,,,,,,0.094,5343.014,Pinned,Device,NVIDIA A100-SXM4-40GB MIG 4g.20gb (0),1,,13,[CUDA memcpy Host-to-Device]
4058519893,3520,247396,,,,,,,,,,1.547,439380.412,Device,,NVIDIA A100-SXM4-40GB MIG 4g.20gb (0),1,,13,[CUDA memset]
4058529429,7872,247401,,,,,,,,,,0.031,3975.593,Pinned,Device,NVIDIA A100-SXM4-40GB MIG 4g.20gb (0),1,,13,[CUDA memcpy Host-to-Device]
4058542581,17408,247402,,,,,,,,,,0.197,11293.950,Pinned,Device,NVIDIA A100-SXM4-40GB MIG 4g.20gb (0),1,,13,[CUDA memcpy Host-to-Device]
4058569716,7936,247403,273,1,1,8,4,1,39,0.002,0.000,,,,,NVIDIA A100-SXM4-40GB MIG 4g.20gb (0),1,,13,"void channel_eq::eqMmseCoefCompLowMimoKernel<float, float, float, (unsigned int)4, (unsigned int)1, (unsigned int)4>(const channel_eq::_puschRxChEqStatDescr *, channel_eq::_puschRxChEqCoefCompDynDescr)"
4058585236,5376,247404,273,1,1,12,11,1,51,0.002,0.000,,,,,NVIDIA A100-SXM4-40GB MIG 4g.20gb (0),1,,13,"void channel_eq::eqMmseSoftDemapKernel<float, __half, __half, float, (unsigned int)4, (unsigned short)16383>(channel_eq::_puschRxChEqStatDescr *, channel_eq::_puschRxChEqSoftDemapDynDescr)"
4058593268,282301,247405,1,1,1,32,32,1,30,0.000,0.000,,,,,NVIDIA A100-SXM4-40GB MIG 4g.20gb (0),1,,13,"void convert_kernel<float2, __half2>(tensor_layout_any, T1 *, tensor_layout_any, const T2 *)"
4058876625,11103,247417,2253,1,1,128,1,1,16,0.000,0.000,,,,,NVIDIA A100-SXM4-40GB MIG 4g.20gb (0),1,,13,cupy_copy__float16_float16
4058892304,2656,247426,282,1,1,128,1,1,16,0.000,0.000,,,,,NVIDIA A100-SXM4-40GB MIG 4g.20gb (0),1,,13,cupy_copy__complex64_complex64
4058898352,2016,247435,26,1,1,128,1,1,16,0.000,0.000,,,,,NVIDIA A100-SXM4-40GB MIG 4g.20gb (0),1,,13,cupy_copy__float32_float32
4058902640,4576,247444,103,1,1,128,1,1,16,0.000,0.000,,,,,NVIDIA A100-SXM4-40GB MIG 4g.20gb (0),1,,13,cupy_copy__complex64_complex64
4058909328,11936,247454,1434,1,1,128,1,1,16,0.000,0.000,,,,,NVIDIA A100-SXM4-40GB MIG 4g.20gb (0),1,,13,cupy_copy__complex64_complex64
4058927632,81951,247459,1,1,1,32,32,1,30,0.000,0.000,,,,,NVIDIA A100-SXM4-40GB MIG 4g.20gb (0),1,,13,"void convert_kernel<__half2, float2>(tensor_layout_any, T1 *, tensor_layout_any, const T2 *)"
4059036271,5344,247462,,,,,,,,,,0.094,17532.864,Pinned,Device,NVIDIA A100-SXM4-40GB MIG 4g.20gb (0),1,,13,[CUDA memcpy Host-to-Device]
4059046863,595800,247463,,,,,,,,,,456.561,766110.096,Device,,NVIDIA A100-SXM4-40GB MIG 4g.20gb (0),1,,13,[CUDA memset]
4059645895,112639,247468,,,,,,,,,,1.235,10962.598,Pinned,Device,NVIDIA A100-SXM4-40GB MIG 4g.20gb (0),1,,13,[CUDA memcpy Host-to-Device]
4059767174,24159,247469,,,,,,,,,,0.197,8137.998,Pinned,Device,NVIDIA A100-SXM4-40GB MIG 4g.20gb (0),1,,13,[CUDA memcpy Host-to-Device]
4059809285,8448,247470,69,4,1,48,1,1,76,0.002,0.000,,,,,NVIDIA A100-SXM4-40GB MIG 4g.20gb (0),1,,13,"void ch_est::windowedChEstPreNoDftSOfdmKernel<float, __half, float, (unsigned int)2, (unsigned int)1, (unsigned short)4>(ch_est::puschRxChEstStatDescr_t *, ch_est::puschRxChEstDynDescr_t *)"
4059822021,6944,247471,137,2,1,24,2,1,44,0.001,0.001,,,,,NVIDIA A100-SXM4-40GB MIG 4g.20gb (0),1,,13,"void ch_est::chEstFilterNoDftSOfdmDispatchKernel<float, __half, float, (unsigned int)2>(ch_est::puschRxChEstStatDescr_t *, ch_est::puschRxChEstDynDescr_t *)"
4059835909,5216,247472,137,2,1,24,2,1,44,0.001,0.001,,,,,NVIDIA A100-SXM4-40GB MIG 4g.20gb (0),1,,13,"void ch_est::chEstFilterNoDftSOfdmDispatchKernel<float, __half, float, (unsigned int)2>(ch_est::puschRxChEstStatDescr_t *, ch_est::puschRxChEstDynDescr_t *)"
4059846853,3008,247483,103,1,1,128,1,1,16,0.000,0.000,,,,,NVIDIA A100-SXM4-40GB MIG 4g.20gb (0),1,,13,cupy_copy__complex64_complex64
4059862212,12704,247493,1434,1,1,128,1,1,16,0.000,0.000,,,,,NVIDIA A100-SXM4-40GB MIG 4g.20gb (0),1,,13,cupy_copy__complex64_complex64
4059887172,2720,247500,103,1,1,128,1,1,16,0.000,0.000,,,,,NVIDIA A100-SXM4-40GB MIG 4g.20gb (0),1,,13,cupy_copy__complex64_complex64
4059899684,83647,247507,1,1,1,32,32,1,30,0.000,0.000,,,,,NVIDIA A100-SXM4-40GB MIG 4g.20gb (0),1,,13,"void convert_kernel<__half2, float2>(tensor_layout_any, T1 *, tensor_layout_any, const T2 *)"
4060012291,13407,247510,,,,,,,,,,0.094,6988.504,Pinned,Device,NVIDIA A100-SXM4-40GB MIG 4g.20gb (0),1,,13,[CUDA memcpy Host-to-Device]
4060031042,47648,247511,,,,,,,,,,35.810,751542.791,Device,,NVIDIA A100-SXM4-40GB MIG 4g.20gb (0),1,,13,[CUDA memset]
4060081954,11232,247513,,,,,,,,,,0.000,7.122,Pinned,Device,NVIDIA A100-SXM4-40GB MIG 4g.20gb (0),1,,13,[CUDA memcpy Host-to-Device]
4060097090,15903,247514,,,,,,,,,,0.197,12362.908,Pinned,Device,NVIDIA A100-SXM4-40GB MIG 4g.20gb (0),1,,13,[CUDA memcpy Host-to-Device]
4060124545,9216,247515,273,1,1,48,1,1,40,0.000,0.001,,,,,NVIDIA A100-SXM4-40GB MIG 4g.20gb (0),1,,13,"void pusch_noise_intf_est::noiseIntfEstNoDftSOfdmKernel<float, __half, float, float, (unsigned int)2, (unsigned int)1, (unsigned char)4, (unsigned char)4>(pusch_noise_intf_est::puschRxNoiseIntfEstDynDescr)"
4060145025,2848,247526,35,1,1,128,1,1,16,0.000,0.000,,,,,NVIDIA A100-SXM4-40GB MIG 4g.20gb (0),1,,13,cupy_copy__complex64_complex64
4060154401,1696,247535,1,1,1,1,1,1,18,0.000,0.000,,,,,NVIDIA A100-SXM4-40GB MIG 4g.20gb (0),1,,13,cupy_copy__float32_float32
4060161121,7104,247541,,,,,,,,,,0.000,0.563,Device,Pageable,NVIDIA A100-SXM4-40GB MIG 4g.20gb (0),1,,7,[CUDA memcpy Device-to-Host]
4060241056,13088,247552,1434,1,1,128,1,1,16,0.000,0.000,,,,,NVIDIA A100-SXM4-40GB MIG 4g.20gb (0),1,,13,cupy_copy__complex64_complex64
4060270975,2816,247559,103,1,1,128,1,1,16,0.000,0.000,,,,,NVIDIA A100-SXM4-40GB MIG 4g.20gb (0),1,,13,cupy_copy__complex64_complex64
4060286271,2592,247566,35,1,1,128,1,1,16,0.000,0.000,,,,,NVIDIA A100-SXM4-40GB MIG 4g.20gb (0),1,,13,cupy_copy__complex64_complex64
4060300383,1824,247573,1,1,1,1,1,1,18,0.000,0.000,,,,,NVIDIA A100-SXM4-40GB MIG 4g.20gb (0),1,,13,cupy_copy__float32_float32
4060428765,81855,247584,1,1,1,32,32,1,30,0.000,0.000,,,,,NVIDIA A100-SXM4-40GB MIG 4g.20gb (0),1,,13,"void convert_kernel<__half2, float2>(tensor_layout_any, T1 *, tensor_layout_any, const T2 *)"
4060538492,5408,247587,,,,,,,,,,0.094,17325.421,Pinned,Device,NVIDIA A100-SXM4-40GB MIG 4g.20gb (0),1,,13,[CUDA memcpy Host-to-Device]
4060552508,3360,247588,,,,,,,,,,1.547,460304.688,Device,,NVIDIA A100-SXM4-40GB MIG 4g.20gb (0),1,,13,[CUDA memset]
4060561788,3136,247593,,,,,,,,,,0.031,9979.575,Pinned,Device,NVIDIA A100-SXM4-40GB MIG 4g.20gb (0),1,,13,[CUDA memcpy Host-to-Device]
4060567676,9568,247594,,,,,,,,,,0.197,20548.485,Pinned,Device,NVIDIA A100-SXM4-40GB MIG 4g.20gb (0),1,,13,[CUDA memcpy Host-to-Device]
4060581468,6400,247595,273,1,1,8,4,1,39,0.002,0.000,,,,,NVIDIA A100-SXM4-40GB MIG 4g.20gb (0),1,,13,"void channel_eq::eqMmseCoefCompLowMimoKernel<float, float, float, (unsigned int)4, (unsigned int)1, (unsigned int)4>(const channel_eq::_puschRxChEqStatDescr *, channel_eq::_puschRxChEqCoefCompDynDescr)"
4060588988,5983,247596,273,1,1,12,11,1,51,0.002,0.000,,,,,NVIDIA A100-SXM4-40GB MIG 4g.20gb (0),1,,13,"void channel_eq::eqMmseSoftDemapKernel<float, __half, __half, float, (unsigned int)4, (unsigned short)16383>(channel_eq::_puschRxChEqStatDescr *, channel_eq::_puschRxChEqSoftDemapDynDescr)"
4060595931,282525,247597,1,1,1,32,32,1,30,0.000,0.000,,,,,NVIDIA A100-SXM4-40GB MIG 4g.20gb (0),1,,13,"void convert_kernel<float2, __half2>(tensor_layout_any, T1 *, tensor_layout_any, const T2 *)"
4060879544,11136,247609,2253,1,1,128,1,1,16,0.000,0.000,,,,,NVIDIA A100-SXM4-40GB MIG 4g.20gb (0),1,,13,cupy_copy__float16_float16
4060894840,3136,247618,282,1,1,128,1,1,16,0.000,0.000,,,,,NVIDIA A100-SXM4-40GB MIG 4g.20gb (0),1,,13,cupy_copy__complex64_complex64
4060903544,2720,247627,26,1,1,128,1,1,16,0.000,0.000,,,,,NVIDIA A100-SXM4-40GB MIG 4g.20gb (0),1,,13,cupy_copy__float32_float32
4060908024,2912,247636,103,1,1,128,1,1,16,0.000,0.000,,,,,NVIDIA A100-SXM4-40GB MIG 4g.20gb (0),1,,13,cupy_copy__complex64_complex64
4060911960,12063,247646,1434,1,1,128,1,1,16,0.000,0.000,,,,,NVIDIA A100-SXM4-40GB MIG 4g.20gb (0),1,,13,cupy_copy__complex64_complex64
4060930487,82431,247651,1,1,1,32,32,1,30,0.000,0.000,,,,,NVIDIA A100-SXM4-40GB MIG 4g.20gb (0),1,,13,"void convert_kernel<__half2, float2>(tensor_layout_any, T1 *, tensor_layout_any, const T2 *)"
4061039766,5568,247654,,,,,,,,,,0.094,16827.521,Pinned,Device,NVIDIA A100-SXM4-40GB MIG 4g.20gb (0),1,,13,[CUDA memcpy Host-to-Device]
4061049750,598200,247655,,,,,,,,,,456.561,762914.166,Device,,NVIDIA A100-SXM4-40GB MIG 4g.20gb (0),1,,13,[CUDA memset]
4061653966,127775,247660,,,,,,,,,,1.235,9664.672,Pinned,Device,NVIDIA A100-SXM4-40GB MIG 4g.20gb (0),1,,13,[CUDA memcpy Host-to-Device]
4061791181,35295,247661,,,,,,,,,,0.197,5570.298,Pinned,Device,NVIDIA A100-SXM4-40GB MIG 4g.20gb (0),1,,13,[CUDA memcpy Host-to-Device]
4061849356,7936,247662,69,4,1,48,1,1,76,0.002,0.000,,,,,NVIDIA A100-SXM4-40GB MIG 4g.20gb (0),1,,13,"void ch_est::windowedChEstPreNoDftSOfdmKernel<float, __half, float, (unsigned int)2, (unsigned int)1, (unsigned short)4>(ch_est::puschRxChEstStatDescr_t *, ch_est::puschRxChEstDynDescr_t *)"
4061865004,6848,247663,137,2,1,24,2,1,44,0.001,0.001,,,,,NVIDIA A100-SXM4-40GB MIG 4g.20gb (0),1,,13,"void ch_est::chEstFilterNoDftSOfdmDispatchKernel<float, __half, float, (unsigned int)2>(ch_est::puschRxChEstStatDescr_t *, ch_est::puschRxChEstDynDescr_t *)"
4061879052,4960,247664,137,2,1,24,2,1,44,0.001,0.001,,,,,NVIDIA A100-SXM4-40GB MIG 4g.20gb (0),1,,13,"void ch_est::chEstFilterNoDftSOfdmDispatchKernel<float, __half, float, (unsigned int)2>(ch_est::puschRxChEstStatDescr_t *, ch_est::puschRxChEstDynDescr_t *)"
4061891211,2528,247675,103,1,1,128,1,1,16,0.000,0.000,,,,,NVIDIA A100-SXM4-40GB MIG 4g.20gb (0),1,,13,cupy_copy__complex64_complex64
4061907147,12576,247685,1434,1,1,128,1,1,16,0.000,0.000,,,,,NVIDIA A100-SXM4-40GB MIG 4g.20gb (0),1,,13,cupy_copy__complex64_complex64
4061936299,2656,247692,103,1,1,128,1,1,16,0.000,0.000,,,,,NVIDIA A100-SXM4-40GB MIG 4g.20gb (0),1,,13,cupy_copy__complex64_complex64
4061950667,83903,247699,1,1,1,32,32,1,30,0.000,0.000,,,,,NVIDIA A100-SXM4-40GB MIG 4g.20gb (0),1,,13,"void convert_kernel<__half2, float2>(tensor_layout_any, T1 *, tensor_layout_any, const T2 *)"
4062063529,14016,247702,,,,,,,,,,0.094,6684.929,Pinned,Device,NVIDIA A100-SXM4-40GB MIG 4g.20gb (0),1,,13,[CUDA memcpy Host-to-Device]
4062086313,46655,247703,,,,,,,,,,35.810,767514.015,Device,,NVIDIA A100-SXM4-40GB MIG 4g.20gb (0),1,,13,[CUDA memset]
4062139688,4800,247705,,,,,,,,,,0.000,16.667,Pinned,Device,NVIDIA A100-SXM4-40GB MIG 4g.20gb (0),1,,13,[CUDA memcpy Host-to-Device]
4062151720,18848,247706,,,,,,,,,,0.197,10431.234,Pinned,Device,NVIDIA A100-SXM4-40GB MIG 4g.20gb (0),1,,13,[CUDA memcpy Host-to-Device]
4062193128,8992,247707,273,1,1,48,1,1,40,0.000,0.001,,,,,NVIDIA A100-SXM4-40GB MIG 4g.20gb (0),1,,13,"void pusch_noise_intf_est::noiseIntfEstNoDftSOfdmKernel<float, __half, float, float, (unsigned int)2, (unsigned int)1, (unsigned char)4, (unsigned char)4>(pusch_noise_intf_est::puschRxNoiseIntfEstDynDescr)"
4062214727,2816,247718,35,1,1,128,1,1,16,0.000,0.000,,,,,NVIDIA A100-SXM4-40GB MIG 4g.20gb (0),1,,13,cupy_copy__complex64_complex64
4062224871,1824,247727,1,1,1,1,1,1,18,0.000,0.000,,,,,NVIDIA A100-SXM4-40GB MIG 4g.20gb (0),1,,13,cupy_copy__float32_float32
4062231143,1696,247733,,,,,,,,,,0.000,2.358,Device,Pageable,NVIDIA A100-SXM4-40GB MIG 4g.20gb (0),1,,7,[CUDA memcpy Device-to-Host]
4062308294,13024,247744,1434,1,1,128,1,1,16,0.000,0.000,,,,,NVIDIA A100-SXM4-40GB MIG 4g.20gb (0),1,,13,cupy_copy__complex64_complex64
4062332806,2976,247751,103,1,1,128,1,1,16,0.000,0.000,,,,,NVIDIA A100-SXM4-40GB MIG 4g.20gb (0),1,,13,cupy_copy__complex64_complex64
4062352390,2624,247758,35,1,1,128,1,1,16,0.000,0.000,,,,,NVIDIA A100-SXM4-40GB MIG 4g.20gb (0),1,,13,cupy_copy__complex64_complex64
4062371654,2016,247765,1,1,1,1,1,1,18,0.000,0.000,,,,,NVIDIA A100-SXM4-40GB MIG 4g.20gb (0),1,,13,cupy_copy__float32_float32
4062503396,82047,247776,1,1,1,32,32,1,30,0.000,0.000,,,,,NVIDIA A100-SXM4-40GB MIG 4g.20gb (0),1,,13,"void convert_kernel<__half2, float2>(tensor_layout_any, T1 *, tensor_layout_any, const T2 *)"
4062616163,5791,247779,,,,,,,,,,0.094,16179.519,Pinned,Device,NVIDIA A100-SXM4-40GB MIG 4g.20gb (0),1,,13,[CUDA memcpy Host-to-Device]
4062631042,3520,247780,,,,,,,,,,1.547,439380.412,Device,,NVIDIA A100-SXM4-40GB MIG 4g.20gb (0),1,,13,[CUDA memset]
4062637538,3456,247785,,,,,,,,,,0.031,9055.529,Pinned,Device,NVIDIA A100-SXM4-40GB MIG 4g.20gb (0),1,,13,[CUDA memcpy Host-to-Device]
4062643170,9728,247786,,,,,,,,,,0.197,20210.516,Pinned,Device,NVIDIA A100-SXM4-40GB MIG 4g.20gb (0),1,,13,[CUDA memcpy Host-to-Device]
4062658594,6336,247787,273,1,1,8,4,1,39,0.002,0.000,,,,,NVIDIA A100-SXM4-40GB MIG 4g.20gb (0),1,,13,"void channel_eq::eqMmseCoefCompLowMimoKernel<float, float, float, (unsigned int)4, (unsigned int)1, (unsigned int)4>(const channel_eq::_puschRxChEqStatDescr *, channel_eq::_puschRxChEqCoefCompDynDescr)"
4062667938,6176,247788,273,1,1,12,11,1,51,0.002,0.000,,,,,NVIDIA A100-SXM4-40GB MIG 4g.20gb (0),1,,13,"void channel_eq::eqMmseSoftDemapKernel<float, __half, __half, float, (unsigned int)4, (unsigned short)16383>(channel_eq::_puschRxChEqStatDescr *, channel_eq::_puschRxChEqSoftDemapDynDescr)"
4062675138,282684,247789,1,1,1,32,32,1,30,0.000,0.000,,,,,NVIDIA A100-SXM4-40GB MIG 4g.20gb (0),1,,13,"void convert_kernel<float2, __half2>(tensor_layout_any, T1 *, tensor_layout_any, const T2 *)"
4062963454,10848,247801,2253,1,1,128,1,1,16,0.000,0.000,,,,,NVIDIA A100-SXM4-40GB MIG 4g.20gb (0),1,,13,cupy_copy__float16_float16
4062977790,3776,247810,282,1,1,128,1,1,16,0.000,0.000,,,,,NVIDIA A100-SXM4-40GB MIG 4g.20gb (0),1,,13,cupy_copy__complex64_complex64
4062984606,2336,247819,26,1,1,128,1,1,16,0.000,0.000,,,,,NVIDIA A100-SXM4-40GB MIG 4g.20gb (0),1,,13,cupy_copy__float32_float32
4062988702,4384,247828,103,1,1,128,1,1,16,0.000,0.000,,,,,NVIDIA A100-SXM4-40GB MIG 4g.20gb (0),1,,13,cupy_copy__complex64_complex64
4062995294,11776,247838,1434,1,1,128,1,1,16,0.000,0.000,,,,,NVIDIA A100-SXM4-40GB MIG 4g.20gb (0),1,,13,cupy_copy__complex64_complex64
4063012542,82175,247843,1,1,1,32,32,1,30,0.000,0.000,,,,,NVIDIA A100-SXM4-40GB MIG 4g.20gb (0),1,,13,"void convert_kernel<__half2, float2>(tensor_layout_any, T1 *, tensor_layout_any, const T2 *)"
4063121596,5568,247846,,,,,,,,,,0.094,16827.521,Pinned,Device,NVIDIA A100-SXM4-40GB MIG 4g.20gb (0),1,,13,[CUDA memcpy Host-to-Device]
4063132252,600857,247847,,,,,,,,,,456.561,759718.236,Device,,NVIDIA A100-SXM4-40GB MIG 4g.20gb (0),1,,13,[CUDA memset]
4063735701,132030,247852,,,,,,,,,,1.235,9353.466,Pinned,Device,NVIDIA A100-SXM4-40GB MIG 4g.20gb (0),1,,13,[CUDA memcpy Host-to-Device]
4063880627,39839,247853,,,,,,,,,,0.197,4935.057,Pinned,Device,NVIDIA A100-SXM4-40GB MIG 4g.20gb (0),1,,13,[CUDA memcpy Host-to-Device]
4063942482,8352,247854,69,4,1,48,1,1,76,0.002,0.000,,,,,NVIDIA A100-SXM4-40GB MIG 4g.20gb (0),1,,13,"void ch_est::windowedChEstPreNoDftSOfdmKernel<float, __half, float, (unsigned int)2, (unsigned int)1, (unsigned short)4>(ch_est::puschRxChEstStatDescr_t *, ch_est::puschRxChEstDynDescr_t *)"
4063960210,6880,247855,137,2,1,24,2,1,44,0.001,0.001,,,,,NVIDIA A100-SXM4-40GB MIG 4g.20gb (0),1,,13,"void ch_est::chEstFilterNoDftSOfdmDispatchKernel<float, __half, float, (unsigned int)2>(ch_est::puschRxChEstStatDescr_t *, ch_est::puschRxChEstDynDescr_t *)"
4063978002,4768,247856,137,2,1,24,2,1,44,0.001,0.001,,,,,NVIDIA A100-SXM4-40GB MIG 4g.20gb (0),1,,13,"void ch_est::chEstFilterNoDftSOfdmDispatchKernel<float, __half, float, (unsigned int)2>(ch_est::puschRxChEstStatDescr_t *, ch_est::puschRxChEstDynDescr_t *)"
4063994898,2688,247867,103,1,1,128,1,1,16,0.000,0.000,,,,,NVIDIA A100-SXM4-40GB MIG 4g.20gb (0),1,,13,cupy_copy__complex64_complex64
4064011761,12576,247877,1434,1,1,128,1,1,16,0.000,0.000,,,,,NVIDIA A100-SXM4-40GB MIG 4g.20gb (0),1,,13,cupy_copy__complex64_complex64
4064031985,2880,247884,103,1,1,128,1,1,16,0.000,0.000,,,,,NVIDIA A100-SXM4-40GB MIG 4g.20gb (0),1,,13,cupy_copy__complex64_complex64
4064055345,88351,247891,1,1,1,32,32,1,30,0.000,0.000,,,,,NVIDIA A100-SXM4-40GB MIG 4g.20gb (0),1,,13,"void convert_kernel<__half2, float2>(tensor_layout_any, T1 *, tensor_layout_any, const T2 *)"
4064176943,16544,247894,,,,,,,,,,0.094,5663.361,Pinned,Device,NVIDIA A100-SXM4-40GB MIG 4g.20gb (0),1,,13,[CUDA memcpy Host-to-Device]
4064214159,45887,247895,,,,,,,,,,35.810,780369.777,Device,,NVIDIA A100-SXM4-40GB MIG 4g.20gb (0),1,,13,[CUDA memset]
4064262446,7264,247897,,,,,,,,,,0.000,11.013,Pinned,Device,NVIDIA A100-SXM4-40GB MIG 4g.20gb (0),1,,13,[CUDA memcpy Host-to-Device]
4064278382,17376,247898,,,,,,,,,,0.197,11314.790,Pinned,Device,NVIDIA A100-SXM4-40GB MIG 4g.20gb (0),1,,13,[CUDA memcpy Host-to-Device]
4064308174,9696,247899,273,1,1,48,1,1,40,0.000,0.001,,,,,NVIDIA A100-SXM4-40GB MIG 4g.20gb (0),1,,13,"void pusch_noise_intf_est::noiseIntfEstNoDftSOfdmKernel<float, __half, float, float, (unsigned int)2, (unsigned int)1, (unsigned char)4, (unsigned char)4>(pusch_noise_intf_est::puschRxNoiseIntfEstDynDescr)"
4064323373,3008,247910,35,1,1,128,1,1,16,0.000,0.000,,,,,NVIDIA A100-SXM4-40GB MIG 4g.20gb (0),1,,13,cupy_copy__complex64_complex64
4064331373,1792,247919,1,1,1,1,1,1,18,0.000,0.000,,,,,NVIDIA A100-SXM4-40GB MIG 4g.20gb (0),1,,13,cupy_copy__float32_float32
4064340877,1568,247925,,,,,,,,,,0.000,2.551,Device,Pageable,NVIDIA A100-SXM4-40GB MIG 4g.20gb (0),1,,7,[CUDA memcpy Device-to-Host]
4064411244,13152,247936,1434,1,1,128,1,1,16,0.000,0.000,,,,,NVIDIA A100-SXM4-40GB MIG 4g.20gb (0),1,,13,cupy_copy__complex64_complex64
4064439628,2848,247943,103,1,1,128,1,1,16,0.000,0.000,,,,,NVIDIA A100-SXM4-40GB MIG 4g.20gb (0),1,,13,cupy_copy__complex64_complex64
4064462572,2560,247950,35,1,1,128,1,1,16,0.000,0.000,,,,,NVIDIA A100-SXM4-40GB MIG 4g.20gb (0),1,,13,cupy_copy__complex64_complex64
4064475500,1888,247957,1,1,1,1,1,1,18,0.000,0.000,,,,,NVIDIA A100-SXM4-40GB MIG 4g.20gb (0),1,,13,cupy_copy__float32_float32
4064606186,90143,247968,1,1,1,32,32,1,30,0.000,0.000,,,,,NVIDIA A100-SXM4-40GB MIG 4g.20gb (0),1,,13,"void convert_kernel<__half2, float2>(tensor_layout_any, T1 *, tensor_layout_any, const T2 *)"
4064724873,6079,247971,,,,,,,,,,0.094,15412.992,Pinned,Device,NVIDIA A100-SXM4-40GB MIG 4g.20gb (0),1,,13,[CUDA memcpy Host-to-Device]
4064739496,3424,247972,,,,,,,,,,1.547,451700.819,Device,,NVIDIA A100-SXM4-40GB MIG 4g.20gb (0),1,,13,[CUDA memset]
4064745992,3104,247977,,,,,,,,,,0.031,10082.445,Pinned,Device,NVIDIA A100-SXM4-40GB MIG 4g.20gb (0),1,,13,[CUDA memcpy Host-to-Device]
4064751528,9440,247978,,,,,,,,,,0.197,20827.079,Pinned,Device,NVIDIA A100-SXM4-40GB MIG 4g.20gb (0),1,,13,[CUDA memcpy Host-to-Device]
4064766856,8032,247979,273,1,1,8,4,1,39,0.002,0.000,,,,,NVIDIA A100-SXM4-40GB MIG 4g.20gb (0),1,,13,"void channel_eq::eqMmseCoefCompLowMimoKernel<float, float, float, (unsigned int)4, (unsigned int)1, (unsigned int)4>(const channel_eq::_puschRxChEqStatDescr *, channel_eq::_puschRxChEqCoefCompDynDescr)"
4064776456,6112,247980,273,1,1,12,11,1,51,0.002,0.000,,,,,NVIDIA A100-SXM4-40GB MIG 4g.20gb (0),1,,13,"void channel_eq::eqMmseSoftDemapKernel<float, __half, __half, float, (unsigned int)4, (unsigned short)16383>(channel_eq::_puschRxChEqStatDescr *, channel_eq::_puschRxChEqSoftDemapDynDescr)"
4064783560,283516,247981,1,1,1,32,32,1,30,0.000,0.000,,,,,NVIDIA A100-SXM4-40GB MIG 4g.20gb (0),1,,13,"void convert_kernel<float2, __half2>(tensor_layout_any, T1 *, tensor_layout_any, const T2 *)"
4065068324,10880,247993,2253,1,1,128,1,1,16,0.000,0.000,,,,,NVIDIA A100-SXM4-40GB MIG 4g.20gb (0),1,,13,cupy_copy__float16_float16
4065084004,2880,248002,282,1,1,128,1,1,16,0.000,0.000,,,,,NVIDIA A100-SXM4-40GB MIG 4g.20gb (0),1,,13,cupy_copy__complex64_complex64
4065088900,2048,248011,26,1,1,128,1,1,16,0.000,0.000,,,,,NVIDIA A100-SXM4-40GB MIG 4g.20gb (0),1,,13,cupy_copy__float32_float32
4065093540,4608,248020,103,1,1,128,1,1,16,0.000,0.000,,,,,NVIDIA A100-SXM4-40GB MIG 4g.20gb (0),1,,13,cupy_copy__complex64_complex64
4065100068,12096,248030,1434,1,1,128,1,1,16,0.000,0.000,,,,,NVIDIA A100-SXM4-40GB MIG 4g.20gb (0),1,,13,cupy_copy__complex64_complex64
4065116484,87711,248035,1,1,1,32,32,1,30,0.000,0.000,,,,,NVIDIA A100-SXM4-40GB MIG 4g.20gb (0),1,,13,"void convert_kernel<__half2, float2>(tensor_layout_any, T1 *, tensor_layout_any, const T2 *)"
4065230850,5600,248038,,,,,,,,,,0.094,16731.388,Pinned,Device,NVIDIA A100-SXM4-40GB MIG 4g.20gb (0),1,,13,[CUDA memcpy Host-to-Device]
4065241026,598713,248039,,,,,,,,,,456.561,762457.605,Device,,NVIDIA A100-SXM4-40GB MIG 4g.20gb (0),1,,13,[CUDA memset]
4065841563,99615,248044,,,,,,,,,,1.235,12396.368,Pinned,Device,NVIDIA A100-SXM4-40GB MIG 4g.20gb (0),1,,13,[CUDA memcpy Host-to-Device]
4065950553,32896,248045,,,,,,,,,,0.197,5976.490,Pinned,Device,NVIDIA A100-SXM4-40GB MIG 4g.20gb (0),1,,13,[CUDA memcpy Host-to-Device]
4065999513,8160,248046,69,4,1,48,1,1,76,0.002,0.000,,,,,NVIDIA A100-SXM4-40GB MIG 4g.20gb (0),1,,13,"void ch_est::windowedChEstPreNoDftSOfdmKernel<float, __half, float, (unsigned int)2, (unsigned int)1, (unsigned short)4>(ch_est::puschRxChEstStatDescr_t *, ch_est::puschRxChEstDynDescr_t *)"
4066014361,6656,248047,137,2,1,24,2,1,44,0.001,0.001,,,,,NVIDIA A100-SXM4-40GB MIG 4g.20gb (0),1,,13,"void ch_est::chEstFilterNoDftSOfdmDispatchKernel<float, __half, float, (unsigned int)2>(ch_est::puschRxChEstStatDescr_t *, ch_est::puschRxChEstDynDescr_t *)"
4066029944,5184,248048,137,2,1,24,2,1,44,0.001,0.001,,,,,NVIDIA A100-SXM4-40GB MIG 4g.20gb (0),1,,13,"void ch_est::chEstFilterNoDftSOfdmDispatchKernel<float, __half, float, (unsigned int)2>(ch_est::puschRxChEstStatDescr_t *, ch_est::puschRxChEstDynDescr_t *)"
4066043608,2528,248059,103,1,1,128,1,1,16,0.000,0.000,,,,,NVIDIA A100-SXM4-40GB MIG 4g.20gb (0),1,,13,cupy_copy__complex64_complex64
4066058040,12480,248069,1434,1,1,128,1,1,16,0.000,0.000,,,,,NVIDIA A100-SXM4-40GB MIG 4g.20gb (0),1,,13,cupy_copy__complex64_complex64
4066074808,2528,248076,103,1,1,128,1,1,16,0.000,0.000,,,,,NVIDIA A100-SXM4-40GB MIG 4g.20gb (0),1,,13,cupy_copy__complex64_complex64
4066090168,86975,248083,1,1,1,32,32,1,30,0.000,0.000,,,,,NVIDIA A100-SXM4-40GB MIG 4g.20gb (0),1,,13,"void convert_kernel<__half2, float2>(tensor_layout_any, T1 *, tensor_layout_any, const T2 *)"
4066210934,20704,248086,,,,,,,,,,0.094,4525.423,Pinned,Device,NVIDIA A100-SXM4-40GB MIG 4g.20gb (0),1,,13,[CUDA memcpy Host-to-Device]
4066245878,47967,248087,,,,,,,,,,35.810,746529.402,Device,,NVIDIA A100-SXM4-40GB MIG 4g.20gb (0),1,,13,[CUDA memset]
4066295413,13056,248089,,,,,,,,,,0.000,6.127,Pinned,Device,NVIDIA A100-SXM4-40GB MIG 4g.20gb (0),1,,13,[CUDA memcpy Host-to-Device]
4066318485,37567,248090,,,,,,,,,,0.197,5233.508,Pinned,Device,NVIDIA A100-SXM4-40GB MIG 4g.20gb (0),1,,13,[CUDA memcpy Host-to-Device]
4066381524,9920,248091,273,1,1,48,1,1,40,0.000,0.001,,,,,NVIDIA A100-SXM4-40GB MIG 4g.20gb (0),1,,13,"void pusch_noise_intf_est::noiseIntfEstNoDftSOfdmKernel<float, __half, float, float, (unsigned int)2, (unsigned int)1, (unsigned char)4, (unsigned char)4>(pusch_noise_intf_est::puschRxNoiseIntfEstDynDescr)"
4066397556,2752,248102,35,1,1,128,1,1,16,0.000,0.000,,,,,NVIDIA A100-SXM4-40GB MIG 4g.20gb (0),1,,13,cupy_copy__complex64_complex64
4066414356,1664,248111,1,1,1,1,1,1,18,0.000,0.000,,,,,NVIDIA A100-SXM4-40GB MIG 4g.20gb (0),1,,13,cupy_copy__float32_float32
4066423668,6400,248117,,,,,,,,,,0.000,0.625,Device,Pageable,NVIDIA A100-SXM4-40GB MIG 4g.20gb (0),1,,7,[CUDA memcpy Device-to-Host]
4066511123,12639,248128,1434,1,1,128,1,1,16,0.000,0.000,,,,,NVIDIA A100-SXM4-40GB MIG 4g.20gb (0),1,,13,cupy_copy__complex64_complex64
4066537618,3040,248135,103,1,1,128,1,1,16,0.000,0.000,,,,,NVIDIA A100-SXM4-40GB MIG 4g.20gb (0),1,,13,cupy_copy__complex64_complex64
4066556018,2560,248142,35,1,1,128,1,1,16,0.000,0.000,,,,,NVIDIA A100-SXM4-40GB MIG 4g.20gb (0),1,,13,cupy_copy__complex64_complex64
4066578226,1792,248149,1,1,1,1,1,1,18,0.000,0.000,,,,,NVIDIA A100-SXM4-40GB MIG 4g.20gb (0),1,,13,cupy_copy__float32_float32
4066710192,88767,248160,1,1,1,32,32,1,30,0.000,0.000,,,,,NVIDIA A100-SXM4-40GB MIG 4g.20gb (0),1,,13,"void convert_kernel<__half2, float2>(tensor_layout_any, T1 *, tensor_layout_any, const T2 *)"
4066826543,5824,248163,,,,,,,,,,0.094,16087.884,Pinned,Device,NVIDIA A100-SXM4-40GB MIG 4g.20gb (0),1,,13,[CUDA memcpy Host-to-Device]
4066848942,3232,248164,,,,,,,,,,1.547,478533.199,Device,,NVIDIA A100-SXM4-40GB MIG 4g.20gb (0),1,,13,[CUDA memset]
4066855758,3328,248169,,,,,,,,,,0.031,9403.822,Pinned,Device,NVIDIA A100-SXM4-40GB MIG 4g.20gb (0),1,,13,[CUDA memcpy Host-to-Device]
4066861838,9824,248170,,,,,,,,,,0.197,20012.925,Pinned,Device,NVIDIA A100-SXM4-40GB MIG 4g.20gb (0),1,,13,[CUDA memcpy Host-to-Device]
4066875982,6080,248171,273,1,1,8,4,1,39,0.002,0.000,,,,,NVIDIA A100-SXM4-40GB MIG 4g.20gb (0),1,,13,"void channel_eq::eqMmseCoefCompLowMimoKernel<float, float, float, (unsigned int)4, (unsigned int)1, (unsigned int)4>(const channel_eq::_puschRxChEqStatDescr *, channel_eq::_puschRxChEqCoefCompDynDescr)"
4066883182,5920,248172,273,1,1,12,11,1,51,0.002,0.000,,,,,NVIDIA A100-SXM4-40GB MIG 4g.20gb (0),1,,13,"void channel_eq::eqMmseSoftDemapKernel<float, __half, __half, float, (unsigned int)4, (unsigned short)16383>(channel_eq::_puschRxChEqStatDescr *, channel_eq::_puschRxChEqSoftDemapDynDescr)"
4066890094,294812,248173,1,1,1,32,32,1,30,0.000,0.000,,,,,NVIDIA A100-SXM4-40GB MIG 4g.20gb (0),1,,13,"void convert_kernel<float2, __half2>(tensor_layout_any, T1 *, tensor_layout_any, const T2 *)"
4067186090,10976,248185,2253,1,1,128,1,1,16,0.000,0.000,,,,,NVIDIA A100-SXM4-40GB MIG 4g.20gb (0),1,,13,cupy_copy__float16_float16
4067201770,3584,248194,282,1,1,128,1,1,16,0.000,0.000,,,,,NVIDIA A100-SXM4-40GB MIG 4g.20gb (0),1,,13,cupy_copy__complex64_complex64
4067206922,2112,248203,26,1,1,128,1,1,16,0.000,0.000,,,,,NVIDIA A100-SXM4-40GB MIG 4g.20gb (0),1,,13,cupy_copy__float32_float32
4067210058,3072,248212,103,1,1,128,1,1,16,0.000,0.000,,,,,NVIDIA A100-SXM4-40GB MIG 4g.20gb (0),1,,13,cupy_copy__complex64_complex64
4067266025,11904,248228,1434,1,1,128,1,1,16,0.000,0.000,,,,,NVIDIA A100-SXM4-40GB MIG 4g.20gb (0),1,,13,cupy_copy__complex64_complex64
4067381960,82207,248233,1,1,1,32,32,1,30,0.000,0.000,,,,,NVIDIA A100-SXM4-40GB MIG 4g.20gb (0),1,,13,"void convert_kernel<__half2, float2>(tensor_layout_any, T1 *, tensor_layout_any, const T2 *)"
4067491046,6272,248236,,,,,,,,,,0.094,14938.703,Pinned,Device,NVIDIA A100-SXM4-40GB MIG 4g.20gb (0),1,,13,[CUDA memcpy Host-to-Device]
4067501318,601081,248237,,,,,,,,,,456.561,759261.675,Device,,NVIDIA A100-SXM4-40GB MIG 4g.20gb (0),1,,13,[CUDA memset]
4068109855,87007,248242,,,,,,,,,,1.235,14193.211,Pinned,Device,NVIDIA A100-SXM4-40GB MIG 4g.20gb (0),1,,13,[CUDA memcpy Host-to-Device]
4068204670,11264,248243,,,,,,,,,,0.197,17454.465,Pinned,Device,NVIDIA A100-SXM4-40GB MIG 4g.20gb (0),1,,13,[CUDA memcpy Host-to-Device]
4068237149,8736,248244,69,4,1,48,1,1,76,0.002,0.000,,,,,NVIDIA A100-SXM4-40GB MIG 4g.20gb (0),1,,13,"void ch_est::windowedChEstPreNoDftSOfdmKernel<float, __half, float, (unsigned int)2, (unsigned int)1, (unsigned short)4>(ch_est::puschRxChEstStatDescr_t *, ch_est::puschRxChEstDynDescr_t *)"
4068254941,7200,248245,137,2,1,24,2,1,44,0.001,0.001,,,,,NVIDIA A100-SXM4-40GB MIG 4g.20gb (0),1,,13,"void ch_est::chEstFilterNoDftSOfdmDispatchKernel<float, __half, float, (unsigned int)2>(ch_est::puschRxChEstStatDescr_t *, ch_est::puschRxChEstDynDescr_t *)"
4068275069,5152,248246,137,2,1,24,2,1,44,0.001,0.001,,,,,NVIDIA A100-SXM4-40GB MIG 4g.20gb (0),1,,13,"void ch_est::chEstFilterNoDftSOfdmDispatchKernel<float, __half, float, (unsigned int)2>(ch_est::puschRxChEstStatDescr_t *, ch_est::puschRxChEstDynDescr_t *)"
4068292157,2752,248257,103,1,1,128,1,1,16,0.000,0.000,,,,,NVIDIA A100-SXM4-40GB MIG 4g.20gb (0),1,,13,cupy_copy__complex64_complex64
4068300572,13024,248267,1434,1,1,128,1,1,16,0.000,0.000,,,,,NVIDIA A100-SXM4-40GB MIG 4g.20gb (0),1,,13,cupy_copy__complex64_complex64
4068322588,2784,248274,103,1,1,128,1,1,16,0.000,0.000,,,,,NVIDIA A100-SXM4-40GB MIG 4g.20gb (0),1,,13,cupy_copy__complex64_complex64
4068331708,86143,248281,1,1,1,32,32,1,30,0.000,0.000,,,,,NVIDIA A100-SXM4-40GB MIG 4g.20gb (0),1,,13,"void convert_kernel<__half2, float2>(tensor_layout_any, T1 *, tensor_layout_any, const T2 *)"
4068449723,10912,248284,,,,,,,,,,0.094,8586.489,Pinned,Device,NVIDIA A100-SXM4-40GB MIG 4g.20gb (0),1,,13,[CUDA memcpy Host-to-Device]
4068479002,46784,248285,,,,,,,,,,35.810,765401.230,Device,,NVIDIA A100-SXM4-40GB MIG 4g.20gb (0),1,,13,[CUDA memset]
4068534106,9247,248287,,,,,,,,,,0.000,8.651,Pinned,Device,NVIDIA A100-SXM4-40GB MIG 4g.20gb (0),1,,13,[CUDA memcpy Host-to-Device]
4068550713,21408,248288,,,,,,,,,,0.197,9183.756,Pinned,Device,NVIDIA A100-SXM4-40GB MIG 4g.20gb (0),1,,13,[CUDA memcpy Host-to-Device]
4068591449,9408,248289,273,1,1,48,1,1,40,0.000,0.001,,,,,NVIDIA A100-SXM4-40GB MIG 4g.20gb (0),1,,13,"void pusch_noise_intf_est::noiseIntfEstNoDftSOfdmKernel<float, __half, float, float, (unsigned int)2, (unsigned int)1, (unsigned char)4, (unsigned char)4>(pusch_noise_intf_est::puschRxNoiseIntfEstDynDescr)"
4068608441,2752,248300,35,1,1,128,1,1,16,0.000,0.000,,,,,NVIDIA A100-SXM4-40GB MIG 4g.20gb (0),1,,13,cupy_copy__complex64_complex64
4068620601,1696,248309,1,1,1,1,1,1,18,0.000,0.000,,,,,NVIDIA A100-SXM4-40GB MIG 4g.20gb (0),1,,13,cupy_copy__float32_float32
4068625240,5536,248315,,,,,,,,,,0.000,0.723,Device,Pageable,NVIDIA A100-SXM4-40GB MIG 4g.20gb (0),1,,7,[CUDA memcpy Device-to-Host]
4068713527,12800,248326,1434,1,1,128,1,1,16,0.000,0.000,,,,,NVIDIA A100-SXM4-40GB MIG 4g.20gb (0),1,,13,cupy_copy__complex64_complex64
4068734967,3392,248333,103,1,1,128,1,1,16,0.000,0.000,,,,,NVIDIA A100-SXM4-40GB MIG 4g.20gb (0),1,,13,cupy_copy__complex64_complex64
4068762135,2560,248340,35,1,1,128,1,1,16,0.000,0.000,,,,,NVIDIA A100-SXM4-40GB MIG 4g.20gb (0),1,,13,cupy_copy__complex64_complex64
4068785271,1759,248347,1,1,1,1,1,1,18,0.000,0.000,,,,,NVIDIA A100-SXM4-40GB MIG 4g.20gb (0),1,,13,cupy_copy__float32_float32
4068916821,86815,248358,1,1,1,32,32,1,30,0.000,0.000,,,,,NVIDIA A100-SXM4-40GB MIG 4g.20gb (0),1,,13,"void convert_kernel<__half2, float2>(tensor_layout_any, T1 *, tensor_layout_any, const T2 *)"
4069031091,16992,248361,,,,,,,,,,0.094,5514.103,Pinned,Device,NVIDIA A100-SXM4-40GB MIG 4g.20gb (0),1,,13,[CUDA memcpy Host-to-Device]
4069063411,3232,248362,,,,,,,,,,1.547,478533.199,Device,,NVIDIA A100-SXM4-40GB MIG 4g.20gb (0),1,,13,[CUDA memset]
4069070355,8064,248367,,,,,,,,,,0.031,3880.923,Pinned,Device,NVIDIA A100-SXM4-40GB MIG 4g.20gb (0),1,,13,[CUDA memcpy Host-to-Device]
4069082803,13056,248368,,,,,,,,,,0.197,15058.797,Pinned,Device,NVIDIA A100-SXM4-40GB MIG 4g.20gb (0),1,,13,[CUDA memcpy Host-to-Device]
4069105363,7039,248369,273,1,1,8,4,1,39,0.002,0.000,,,,,NVIDIA A100-SXM4-40GB MIG 4g.20gb (0),1,,13,"void channel_eq::eqMmseCoefCompLowMimoKernel<float, float, float, (unsigned int)4, (unsigned int)1, (unsigned int)4>(const channel_eq::_puschRxChEqStatDescr *, channel_eq::_puschRxChEqCoefCompDynDescr)"
4069114866,6976,248370,273,1,1,12,11,1,51,0.002,0.000,,,,,NVIDIA A100-SXM4-40GB MIG 4g.20gb (0),1,,13,"void channel_eq::eqMmseSoftDemapKernel<float, __half, __half, float, (unsigned int)4, (unsigned short)16383>(channel_eq::_puschRxChEqStatDescr *, channel_eq::_puschRxChEqSoftDemapDynDescr)"
4069124306,281981,248371,1,1,1,32,32,1,30,0.000,0.000,,,,,NVIDIA A100-SXM4-40GB MIG 4g.20gb (0),1,,13,"void convert_kernel<float2, __half2>(tensor_layout_any, T1 *, tensor_layout_any, const T2 *)"
4069407375,11008,248383,2253,1,1,128,1,1,16,0.000,0.000,,,,,NVIDIA A100-SXM4-40GB MIG 4g.20gb (0),1,,13,cupy_copy__float16_float16
4069422863,3520,248392,282,1,1,128,1,1,16,0.000,0.000,,,,,NVIDIA A100-SXM4-40GB MIG 4g.20gb (0),1,,13,cupy_copy__complex64_complex64
4069428271,2848,248401,26,1,1,128,1,1,16,0.000,0.000,,,,,NVIDIA A100-SXM4-40GB MIG 4g.20gb (0),1,,13,cupy_copy__float32_float32
4069433359,2943,248410,103,1,1,128,1,1,16,0.000,0.000,,,,,NVIDIA A100-SXM4-40GB MIG 4g.20gb (0),1,,13,cupy_copy__complex64_complex64
4069437550,12224,248420,1434,1,1,128,1,1,16,0.000,0.000,,,,,NVIDIA A100-SXM4-40GB MIG 4g.20gb (0),1,,13,cupy_copy__complex64_complex64
4069452142,81471,248425,1,1,1,32,32,1,30,0.000,0.000,,,,,NVIDIA A100-SXM4-40GB MIG 4g.20gb (0),1,,13,"void convert_kernel<__half2, float2>(tensor_layout_any, T1 *, tensor_layout_any, const T2 *)"
4069560365,5952,248428,,,,,,,,,,0.094,15741.865,Pinned,Device,NVIDIA A100-SXM4-40GB MIG 4g.20gb (0),1,,13,[CUDA memcpy Host-to-Device]
4069570445,599000,248429,,,,,,,,,,456.561,762001.043,Device,,NVIDIA A100-SXM4-40GB MIG 4g.20gb (0),1,,13,[CUDA memset]
4070179973,141855,248434,,,,,,,,,,1.235,8705.120,Pinned,Device,NVIDIA A100-SXM4-40GB MIG 4g.20gb (0),1,,13,[CUDA memcpy Host-to-Device]
4070331043,27584,248435,,,,,,,,,,0.197,7127.433,Pinned,Device,NVIDIA A100-SXM4-40GB MIG 4g.20gb (0),1,,13,[CUDA memcpy Host-to-Device]
4070382467,8160,248436,69,4,1,48,1,1,76,0.002,0.000,,,,,NVIDIA A100-SXM4-40GB MIG 4g.20gb (0),1,,13,"void ch_est::windowedChEstPreNoDftSOfdmKernel<float, __half, float, (unsigned int)2, (unsigned int)1, (unsigned short)4>(ch_est::puschRxChEstStatDescr_t *, ch_est::puschRxChEstDynDescr_t *)"
4070399267,6752,248437,137,2,1,24,2,1,44,0.001,0.001,,,,,NVIDIA A100-SXM4-40GB MIG 4g.20gb (0),1,,13,"void ch_est::chEstFilterNoDftSOfdmDispatchKernel<float, __half, float, (unsigned int)2>(ch_est::puschRxChEstStatDescr_t *, ch_est::puschRxChEstDynDescr_t *)"
4070414370,4736,248438,137,2,1,24,2,1,44,0.001,0.001,,,,,NVIDIA A100-SXM4-40GB MIG 4g.20gb (0),1,,13,"void ch_est::chEstFilterNoDftSOfdmDispatchKernel<float, __half, float, (unsigned int)2>(ch_est::puschRxChEstStatDescr_t *, ch_est::puschRxChEstDynDescr_t *)"
4070427426,2496,248449,103,1,1,128,1,1,16,0.000,0.000,,,,,NVIDIA A100-SXM4-40GB MIG 4g.20gb (0),1,,13,cupy_copy__complex64_complex64
4070440674,12320,248459,1434,1,1,128,1,1,16,0.000,0.000,,,,,NVIDIA A100-SXM4-40GB MIG 4g.20gb (0),1,,13,cupy_copy__complex64_complex64
4070462274,2560,248466,103,1,1,128,1,1,16,0.000,0.000,,,,,NVIDIA A100-SXM4-40GB MIG 4g.20gb (0),1,,13,cupy_copy__complex64_complex64
4070473954,83263,248473,1,1,1,32,32,1,30,0.000,0.000,,,,,NVIDIA A100-SXM4-40GB MIG 4g.20gb (0),1,,13,"void convert_kernel<__half2, float2>(tensor_layout_any, T1 *, tensor_layout_any, const T2 *)"
4070584448,5568,248476,,,,,,,,,,0.094,16827.521,Pinned,Device,NVIDIA A100-SXM4-40GB MIG 4g.20gb (0),1,,13,[CUDA memcpy Host-to-Device]
4070596640,46144,248477,,,,,,,,,,35.810,776036.776,Device,,NVIDIA A100-SXM4-40GB MIG 4g.20gb (0),1,,13,[CUDA memset]
4070650368,5823,248479,,,,,,,,,,0.000,13.739,Pinned,Device,NVIDIA A100-SXM4-40GB MIG 4g.20gb (0),1,,13,[CUDA memcpy Host-to-Device]
4070660159,11808,248480,,,,,,,,,,0.197,16650.338,Pinned,Device,NVIDIA A100-SXM4-40GB MIG 4g.20gb (0),1,,13,[CUDA memcpy Host-to-Device]
4070682047,12320,248481,273,1,1,48,1,1,40,0.000,0.001,,,,,NVIDIA A100-SXM4-40GB MIG 4g.20gb (0),1,,13,"void pusch_noise_intf_est::noiseIntfEstNoDftSOfdmKernel<float, __half, float, float, (unsigned int)2, (unsigned int)1, (unsigned char)4, (unsigned char)4>(pusch_noise_intf_est::puschRxNoiseIntfEstDynDescr)"
4070698335,2976,248492,35,1,1,128,1,1,16,0.000,0.000,,,,,NVIDIA A100-SXM4-40GB MIG 4g.20gb (0),1,,13,cupy_copy__complex64_complex64
4070703967,1696,248501,1,1,1,1,1,1,18,0.000,0.000,,,,,NVIDIA A100-SXM4-40GB MIG 4g.20gb (0),1,,13,cupy_copy__float32_float32
4070735742,1920,248507,,,,,,,,,,0.000,2.083,Device,Pageable,NVIDIA A100-SXM4-40GB MIG 4g.20gb (0),1,,7,[CUDA memcpy Device-to-Host]
4070795550,12960,248518,1434,1,1,128,1,1,16,0.000,0.000,,,,,NVIDIA A100-SXM4-40GB MIG 4g.20gb (0),1,,13,cupy_copy__complex64_complex64
4070826301,2912,248525,103,1,1,128,1,1,16,0.000,0.000,,,,,NVIDIA A100-SXM4-40GB MIG 4g.20gb (0),1,,13,cupy_copy__complex64_complex64
4070856957,2176,248532,35,1,1,128,1,1,16,0.000,0.000,,,,,NVIDIA A100-SXM4-40GB MIG 4g.20gb (0),1,,13,cupy_copy__complex64_complex64
4070877501,1824,248539,1,1,1,1,1,1,18,0.000,0.000,,,,,NVIDIA A100-SXM4-40GB MIG 4g.20gb (0),1,,13,cupy_copy__float32_float32
4071009787,90783,248550,1,1,1,32,32,1,30,0.000,0.000,,,,,NVIDIA A100-SXM4-40GB MIG 4g.20gb (0),1,,13,"void convert_kernel<__half2, float2>(tensor_layout_any, T1 *, tensor_layout_any, const T2 *)"
4071128282,6048,248553,,,,,,,,,,0.094,15491.978,Pinned,Device,NVIDIA A100-SXM4-40GB MIG 4g.20gb (0),1,,13,[CUDA memcpy Host-to-Device]
4071142297,3520,248554,,,,,,,,,,1.547,439380.412,Device,,NVIDIA A100-SXM4-40GB MIG 4g.20gb (0),1,,13,[CUDA memset]
4071149241,3328,248559,,,,,,,,,,0.031,9403.822,Pinned,Device,NVIDIA A100-SXM4-40GB MIG 4g.20gb (0),1,,13,[CUDA memcpy Host-to-Device]
4071155129,9344,248560,,,,,,,,,,0.197,21040.988,Pinned,Device,NVIDIA A100-SXM4-40GB MIG 4g.20gb (0),1,,13,[CUDA memcpy Host-to-Device]
4071170713,6496,248561,273,1,1,8,4,1,39,0.002,0.000,,,,,NVIDIA A100-SXM4-40GB MIG 4g.20gb (0),1,,13,"void channel_eq::eqMmseCoefCompLowMimoKernel<float, float, float, (unsigned int)4, (unsigned int)1, (unsigned int)4>(const channel_eq::_puschRxChEqStatDescr *, channel_eq::_puschRxChEqCoefCompDynDescr)"
4071179737,6304,248562,273,1,1,12,11,1,51,0.002,0.000,,,,,NVIDIA A100-SXM4-40GB MIG 4g.20gb (0),1,,13,"void channel_eq::eqMmseSoftDemapKernel<float, __half, __half, float, (unsigned int)4, (unsigned short)16383>(channel_eq::_puschRxChEqStatDescr *, channel_eq::_puschRxChEqSoftDemapDynDescr)"
4071187001,282556,248563,1,1,1,32,32,1,30,0.000,0.000,,,,,NVIDIA A100-SXM4-40GB MIG 4g.20gb (0),1,,13,"void convert_kernel<float2, __half2>(tensor_layout_any, T1 *, tensor_layout_any, const T2 *)"
4071473237,10912,248575,2253,1,1,128,1,1,16,0.000,0.000,,,,,NVIDIA A100-SXM4-40GB MIG 4g.20gb (0),1,,13,cupy_copy__float16_float16
4071485461,3872,248584,282,1,1,128,1,1,16,0.000,0.000,,,,,NVIDIA A100-SXM4-40GB MIG 4g.20gb (0),1,,13,cupy_copy__complex64_complex64
4071492725,2016,248593,26,1,1,128,1,1,16,0.000,0.000,,,,,NVIDIA A100-SXM4-40GB MIG 4g.20gb (0),1,,13,cupy_copy__float32_float32
4071496469,3136,248602,103,1,1,128,1,1,16,0.000,0.000,,,,,NVIDIA A100-SXM4-40GB MIG 4g.20gb (0),1,,13,cupy_copy__complex64_complex64
4071500597,11840,248612,1434,1,1,128,1,1,16,0.000,0.000,,,,,NVIDIA A100-SXM4-40GB MIG 4g.20gb (0),1,,13,cupy_copy__complex64_complex64
4071515125,87359,248617,1,1,1,32,32,1,30,0.000,0.000,,,,,NVIDIA A100-SXM4-40GB MIG 4g.20gb (0),1,,13,"void convert_kernel<__half2, float2>(tensor_layout_any, T1 *, tensor_layout_any, const T2 *)"
4071629363,5696,248620,,,,,,,,,,0.094,16449.363,Pinned,Device,NVIDIA A100-SXM4-40GB MIG 4g.20gb (0),1,,13,[CUDA memcpy Host-to-Device]
4071639379,598041,248621,,,,,,,,,,456.561,763370.728,Device,,NVIDIA A100-SXM4-40GB MIG 4g.20gb (0),1,,13,[CUDA memset]
4072242988,139422,248626,,,,,,,,,,1.235,8857.018,Pinned,Device,NVIDIA A100-SXM4-40GB MIG 4g.20gb (0),1,,13,[CUDA memcpy Host-to-Device]
4072394602,41888,248627,,,,,,,,,,0.197,4693.623,Pinned,Device,NVIDIA A100-SXM4-40GB MIG 4g.20gb (0),1,,13,[CUDA memcpy Host-to-Device]
4072454089,8096,248628,69,4,1,48,1,1,76,0.002,0.000,,,,,NVIDIA A100-SXM4-40GB MIG 4g.20gb (0),1,,13,"void ch_est::windowedChEstPreNoDftSOfdmKernel<float, __half, float, (unsigned int)2, (unsigned int)1, (unsigned short)4>(ch_est::puschRxChEstStatDescr_t *, ch_est::puschRxChEstDynDescr_t *)"
4072473161,6656,248629,137,2,1,24,2,1,44,0.001,0.001,,,,,NVIDIA A100-SXM4-40GB MIG 4g.20gb (0),1,,13,"void ch_est::chEstFilterNoDftSOfdmDispatchKernel<float, __half, float, (unsigned int)2>(ch_est::puschRxChEstStatDescr_t *, ch_est::puschRxChEstDynDescr_t *)"
4072489801,4768,248630,137,2,1,24,2,1,44,0.001,0.001,,,,,NVIDIA A100-SXM4-40GB MIG 4g.20gb (0),1,,13,"void ch_est::chEstFilterNoDftSOfdmDispatchKernel<float, __half, float, (unsigned int)2>(ch_est::puschRxChEstStatDescr_t *, ch_est::puschRxChEstDynDescr_t *)"
4072507145,2656,248641,103,1,1,128,1,1,16,0.000,0.000,,,,,NVIDIA A100-SXM4-40GB MIG 4g.20gb (0),1,,13,cupy_copy__complex64_complex64
4072523720,12352,248651,1434,1,1,128,1,1,16,0.000,0.000,,,,,NVIDIA A100-SXM4-40GB MIG 4g.20gb (0),1,,13,cupy_copy__complex64_complex64
4072544936,2880,248658,103,1,1,128,1,1,16,0.000,0.000,,,,,NVIDIA A100-SXM4-40GB MIG 4g.20gb (0),1,,13,cupy_copy__complex64_complex64
4072567240,89439,248665,1,1,1,32,32,1,30,0.000,0.000,,,,,NVIDIA A100-SXM4-40GB MIG 4g.20gb (0),1,,13,"void convert_kernel<__half2, float2>(tensor_layout_any, T1 *, tensor_layout_any, const T2 *)"
4072686118,15456,248668,,,,,,,,,,0.094,6062.038,Pinned,Device,NVIDIA A100-SXM4-40GB MIG 4g.20gb (0),1,,13,[CUDA memcpy Host-to-Device]
4072714790,47968,248669,,,,,,,,,,35.810,746529.402,Device,,NVIDIA A100-SXM4-40GB MIG 4g.20gb (0),1,,13,[CUDA memset]
4072770021,8640,248671,,,,,,,,,,0.000,9.259,Pinned,Device,NVIDIA A100-SXM4-40GB MIG 4g.20gb (0),1,,13,[CUDA memcpy Host-to-Device]
4072782469,18784,248672,,,,,,,,,,0.197,10466.623,Pinned,Device,NVIDIA A100-SXM4-40GB MIG 4g.20gb (0),1,,13,[CUDA memcpy Host-to-Device]
4072816933,10208,248673,273,1,1,48,1,1,40,0.000,0.001,,,,,NVIDIA A100-SXM4-40GB MIG 4g.20gb (0),1,,13,"void pusch_noise_intf_est::noiseIntfEstNoDftSOfdmKernel<float, __half, float, float, (unsigned int)2, (unsigned int)1, (unsigned char)4, (unsigned char)4>(pusch_noise_intf_est::puschRxNoiseIntfEstDynDescr)"
4072836069,2816,248684,35,1,1,128,1,1,16,0.000,0.000,,,,,NVIDIA A100-SXM4-40GB MIG 4g.20gb (0),1,,13,cupy_copy__complex64_complex64
4072845348,1920,248693,1,1,1,1,1,1,18,0.000,0.000,,,,,NVIDIA A100-SXM4-40GB MIG 4g.20gb (0),1,,13,cupy_copy__float32_float32
4072853284,3936,248699,,,,,,,,,,0.000,1.016,Device,Pageable,NVIDIA A100-SXM4-40GB MIG 4g.20gb (0),1,,7,[CUDA memcpy Device-to-Host]
4072922308,13151,248710,1434,1,1,128,1,1,16,0.000,0.000,,,,,NVIDIA A100-SXM4-40GB MIG 4g.20gb (0),1,,13,cupy_copy__complex64_complex64
4072952835,2944,248717,103,1,1,128,1,1,16,0.000,0.000,,,,,NVIDIA A100-SXM4-40GB MIG 4g.20gb (0),1,,13,cupy_copy__complex64_complex64
4072969347,2464,248724,35,1,1,128,1,1,16,0.000,0.000,,,,,NVIDIA A100-SXM4-40GB MIG 4g.20gb (0),1,,13,cupy_copy__complex64_complex64
4072990755,1760,248731,1,1,1,1,1,1,18,0.000,0.000,,,,,NVIDIA A100-SXM4-40GB MIG 4g.20gb (0),1,,13,cupy_copy__float32_float32
4073119713,86943,248742,1,1,1,32,32,1,30,0.000,0.000,,,,,NVIDIA A100-SXM4-40GB MIG 4g.20gb (0),1,,13,"void convert_kernel<__half2, float2>(tensor_layout_any, T1 *, tensor_layout_any, const T2 *)"
4073235104,5472,248745,,,,,,,,,,0.094,17122.757,Pinned,Device,NVIDIA A100-SXM4-40GB MIG 4g.20gb (0),1,,13,[CUDA memcpy Host-to-Device]
4073250144,3487,248746,,,,,,,,,,1.547,443539.284,Device,,NVIDIA A100-SXM4-40GB MIG 4g.20gb (0),1,,13,[CUDA memset]
4073256063,3296,248751,,,,,,,,,,0.031,9495.144,Pinned,Device,NVIDIA A100-SXM4-40GB MIG 4g.20gb (0),1,,13,[CUDA memcpy Host-to-Device]
4073262143,9344,248752,,,,,,,,,,0.197,21040.988,Pinned,Device,NVIDIA A100-SXM4-40GB MIG 4g.20gb (0),1,,13,[CUDA memcpy Host-to-Device]
4073277695,6112,248753,273,1,1,8,4,1,39,0.002,0.000,,,,,NVIDIA A100-SXM4-40GB MIG 4g.20gb (0),1,,13,"void channel_eq::eqMmseCoefCompLowMimoKernel<float, float, float, (unsigned int)4, (unsigned int)1, (unsigned int)4>(const channel_eq::_puschRxChEqStatDescr *, channel_eq::_puschRxChEqCoefCompDynDescr)"
4073285055,5824,248754,273,1,1,12,11,1,51,0.002,0.000,,,,,NVIDIA A100-SXM4-40GB MIG 4g.20gb (0),1,,13,"void channel_eq::eqMmseSoftDemapKernel<float, __half, __half, float, (unsigned int)4, (unsigned short)16383>(channel_eq::_puschRxChEqStatDescr *, channel_eq::_puschRxChEqSoftDemapDynDescr)"
4073292703,283164,248755,1,1,1,32,32,1,30,0.000,0.000,,,,,NVIDIA A100-SXM4-40GB MIG 4g.20gb (0),1,,13,"void convert_kernel<float2, __half2>(tensor_layout_any, T1 *, tensor_layout_any, const T2 *)"
4073577019,11136,248767,2253,1,1,128,1,1,16,0.000,0.000,,,,,NVIDIA A100-SXM4-40GB MIG 4g.20gb (0),1,,13,cupy_copy__float16_float16
4073589339,2944,248776,282,1,1,128,1,1,16,0.000,0.000,,,,,NVIDIA A100-SXM4-40GB MIG 4g.20gb (0),1,,13,cupy_copy__complex64_complex64
4073593883,2016,248785,26,1,1,128,1,1,16,0.000,0.000,,,,,NVIDIA A100-SXM4-40GB MIG 4g.20gb (0),1,,13,cupy_copy__float32_float32
4073597467,4640,248794,103,1,1,128,1,1,16,0.000,0.000,,,,,NVIDIA A100-SXM4-40GB MIG 4g.20gb (0),1,,13,cupy_copy__complex64_complex64
4073603099,11968,248804,1434,1,1,128,1,1,16,0.000,0.000,,,,,NVIDIA A100-SXM4-40GB MIG 4g.20gb (0),1,,13,cupy_copy__complex64_complex64
4073624283,82079,248809,1,1,1,32,32,1,30,0.000,0.000,,,,,NVIDIA A100-SXM4-40GB MIG 4g.20gb (0),1,,13,"void convert_kernel<__half2, float2>(tensor_layout_any, T1 *, tensor_layout_any, const T2 *)"
4073734138,5695,248812,,,,,,,,,,0.094,16452.268,Pinned,Device,NVIDIA A100-SXM4-40GB MIG 4g.20gb (0),1,,13,[CUDA memcpy Host-to-Device]
4073744825,597977,248813,,,,,,,,,,456.561,763370.728,Device,,NVIDIA A100-SXM4-40GB MIG 4g.20gb (0),1,,13,[CUDA memset]
4074346962,135646,248818,,,,,,,,,,1.235,9104.007,Pinned,Device,NVIDIA A100-SXM4-40GB MIG 4g.20gb (0),1,,13,[CUDA memcpy Host-to-Device]
4074494832,39936,248819,,,,,,,,,,0.197,4923.064,Pinned,Device,NVIDIA A100-SXM4-40GB MIG 4g.20gb (0),1,,13,[CUDA memcpy Host-to-Device]
4074552463,8448,248820,69,4,1,48,1,1,76,0.002,0.000,,,,,NVIDIA A100-SXM4-40GB MIG 4g.20gb (0),1,,13,"void ch_est::windowedChEstPreNoDftSOfdmKernel<float, __half, float, (unsigned int)2, (unsigned int)1, (unsigned short)4>(ch_est::puschRxChEstStatDescr_t *, ch_est::puschRxChEstDynDescr_t *)"
4074570671,6880,248821,137,2,1,24,2,1,44,0.001,0.001,,,,,NVIDIA A100-SXM4-40GB MIG 4g.20gb (0),1,,13,"void ch_est::chEstFilterNoDftSOfdmDispatchKernel<float, __half, float, (unsigned int)2>(ch_est::puschRxChEstStatDescr_t *, ch_est::puschRxChEstDynDescr_t *)"
4074590095,4704,248822,137,2,1,24,2,1,44,0.001,0.001,,,,,NVIDIA A100-SXM4-40GB MIG 4g.20gb (0),1,,13,"void ch_est::chEstFilterNoDftSOfdmDispatchKernel<float, __half, float, (unsigned int)2>(ch_est::puschRxChEstStatDescr_t *, ch_est::puschRxChEstDynDescr_t *)"
4074606863,2752,248833,103,1,1,128,1,1,16,0.000,0.000,,,,,NVIDIA A100-SXM4-40GB MIG 4g.20gb (0),1,,13,cupy_copy__complex64_complex64
4074624015,12255,248843,1434,1,1,128,1,1,16,0.000,0.000,,,,,NVIDIA A100-SXM4-40GB MIG 4g.20gb (0),1,,13,cupy_copy__complex64_complex64
4074642286,2880,248850,103,1,1,128,1,1,16,0.000,0.000,,,,,NVIDIA A100-SXM4-40GB MIG 4g.20gb (0),1,,13,cupy_copy__complex64_complex64
4074663726,85727,248857,1,1,1,32,32,1,30,0.000,0.000,,,,,NVIDIA A100-SXM4-40GB MIG 4g.20gb (0),1,,13,"void convert_kernel<__half2, float2>(tensor_layout_any, T1 *, tensor_layout_any, const T2 *)"
4074782573,25119,248860,,,,,,,,,,0.094,3730.038,Pinned,Device,NVIDIA A100-SXM4-40GB MIG 4g.20gb (0),1,,13,[CUDA memcpy Host-to-Device]
4074821964,46880,248861,,,,,,,,,,35.810,763861.404,Device,,NVIDIA A100-SXM4-40GB MIG 4g.20gb (0),1,,13,[CUDA memset]
4074877387,14912,248863,,,,,,,,,,0.000,5.365,Pinned,Device,NVIDIA A100-SXM4-40GB MIG 4g.20gb (0),1,,13,[CUDA memcpy Host-to-Device]
4074903563,28128,248864,,,,,,,,,,0.197,6989.611,Pinned,Device,NVIDIA A100-SXM4-40GB MIG 4g.20gb (0),1,,13,[CUDA memcpy Host-to-Device]
4074949323,9407,248865,273,1,1,48,1,1,40,0.000,0.001,,,,,NVIDIA A100-SXM4-40GB MIG 4g.20gb (0),1,,13,"void pusch_noise_intf_est::noiseIntfEstNoDftSOfdmKernel<float, __half, float, float, (unsigned int)2, (unsigned int)1, (unsigned char)4, (unsigned char)4>(pusch_noise_intf_est::puschRxNoiseIntfEstDynDescr)"
4074965738,2560,248876,35,1,1,128,1,1,16,0.000,0.000,,,,,NVIDIA A100-SXM4-40GB MIG 4g.20gb (0),1,,13,cupy_copy__complex64_complex64
4074979338,1728,248885,1,1,1,1,1,1,18,0.000,0.000,,,,,NVIDIA A100-SXM4-40GB MIG 4g.20gb (0),1,,13,cupy_copy__float32_float32
4074985930,4064,248891,,,,,,,,,,0.000,0.984,Device,Pageable,NVIDIA A100-SXM4-40GB MIG 4g.20gb (0),1,,7,[CUDA memcpy Device-to-Host]
4075077289,13120,248902,1434,1,1,128,1,1,16,0.000,0.000,,,,,NVIDIA A100-SXM4-40GB MIG 4g.20gb (0),1,,13,cupy_copy__complex64_complex64
4075100329,2976,248909,103,1,1,128,1,1,16,0.000,0.000,,,,,NVIDIA A100-SXM4-40GB MIG 4g.20gb (0),1,,13,cupy_copy__complex64_complex64
4075115689,2335,248916,35,1,1,128,1,1,16,0.000,0.000,,,,,NVIDIA A100-SXM4-40GB MIG 4g.20gb (0),1,,13,cupy_copy__complex64_complex64
4075132808,1888,248923,1,1,1,1,1,1,18,0.000,0.000,,,,,NVIDIA A100-SXM4-40GB MIG 4g.20gb (0),1,,13,cupy_copy__float32_float32
4075268903,85823,248934,1,1,1,32,32,1,30,0.000,0.000,,,,,NVIDIA A100-SXM4-40GB MIG 4g.20gb (0),1,,13,"void convert_kernel<__half2, float2>(tensor_layout_any, T1 *, tensor_layout_any, const T2 *)"
4075382789,5536,248937,,,,,,,,,,0.094,16924.777,Pinned,Device,NVIDIA A100-SXM4-40GB MIG 4g.20gb (0),1,,13,[CUDA memcpy Host-to-Device]
4075396389,3296,248938,,,,,,,,,,1.547,469242.628,Device,,NVIDIA A100-SXM4-40GB MIG 4g.20gb (0),1,,13,[CUDA memset]
4075403333,3040,248943,,,,,,,,,,0.031,10294.725,Pinned,Device,NVIDIA A100-SXM4-40GB MIG 4g.20gb (0),1,,13,[CUDA memcpy Host-to-Device]
4075409125,9312,248944,,,,,,,,,,0.197,21113.340,Pinned,Device,NVIDIA A100-SXM4-40GB MIG 4g.20gb (0),1,,13,[CUDA memcpy Host-to-Device]
4075424485,6176,248945,273,1,1,8,4,1,39,0.002,0.000,,,,,NVIDIA A100-SXM4-40GB MIG 4g.20gb (0),1,,13,"void channel_eq::eqMmseCoefCompLowMimoKernel<float, float, float, (unsigned int)4, (unsigned int)1, (unsigned int)4>(const channel_eq::_puschRxChEqStatDescr *, channel_eq::_puschRxChEqCoefCompDynDescr)"
4075432229,5856,248946,273,1,1,12,11,1,51,0.002,0.000,,,,,NVIDIA A100-SXM4-40GB MIG 4g.20gb (0),1,,13,"void channel_eq::eqMmseSoftDemapKernel<float, __half, __half, float, (unsigned int)4, (unsigned short)16383>(channel_eq::_puschRxChEqStatDescr *, channel_eq::_puschRxChEqSoftDemapDynDescr)"
4075439077,282556,248947,1,1,1,32,32,1,30,0.000,0.000,,,,,NVIDIA A100-SXM4-40GB MIG 4g.20gb (0),1,,13,"void convert_kernel<float2, __half2>(tensor_layout_any, T1 *, tensor_layout_any, const T2 *)"
4075723681,10880,248959,2253,1,1,128,1,1,16,0.000,0.000,,,,,NVIDIA A100-SXM4-40GB MIG 4g.20gb (0),1,,13,cupy_copy__float16_float16
4075737761,3104,248968,282,1,1,128,1,1,16,0.000,0.000,,,,,NVIDIA A100-SXM4-40GB MIG 4g.20gb (0),1,,13,cupy_copy__complex64_complex64
4075745665,2240,248977,26,1,1,128,1,1,16,0.000,0.000,,,,,NVIDIA A100-SXM4-40GB MIG 4g.20gb (0),1,,13,cupy_copy__float32_float32
4075750881,4864,248986,103,1,1,128,1,1,16,0.000,0.000,,,,,NVIDIA A100-SXM4-40GB MIG 4g.20gb (0),1,,13,cupy_copy__complex64_complex64
4075757793,12383,248996,1434,1,1,128,1,1,16,0.000,0.000,,,,,NVIDIA A100-SXM4-40GB MIG 4g.20gb (0),1,,13,cupy_copy__complex64_complex64
4075773920,86495,249001,1,1,1,32,32,1,30,0.000,0.000,,,,,NVIDIA A100-SXM4-40GB MIG 4g.20gb (0),1,,13,"void convert_kernel<__half2, float2>(tensor_layout_any, T1 *, tensor_layout_any, const T2 *)"
4075887455,6144,249004,,,,,,,,,,0.094,15249.961,Pinned,Device,NVIDIA A100-SXM4-40GB MIG 4g.20gb (0),1,,13,[CUDA memcpy Host-to-Device]
4075897983,601240,249005,,,,,,,,,,456.561,759261.675,Device,,NVIDIA A100-SXM4-40GB MIG 4g.20gb (0),1,,13,[CUDA memset]
4076505847,121119,249010,,,,,,,,,,1.235,10195.698,Pinned,Device,NVIDIA A100-SXM4-40GB MIG 4g.20gb (0),1,,13,[CUDA memcpy Host-to-Device]
4076637302,28639,249011,,,,,,,,,,0.197,6864.962,Pinned,Device,NVIDIA A100-SXM4-40GB MIG 4g.20gb (0),1,,13,[CUDA memcpy Host-to-Device]
4076692213,8256,249012,69,4,1,48,1,1,76,0.002,0.000,,,,,NVIDIA A100-SXM4-40GB MIG 4g.20gb (0),1,,13,"void ch_est::windowedChEstPreNoDftSOfdmKernel<float, __half, float, (unsigned int)2, (unsigned int)1, (unsigned short)4>(ch_est::puschRxChEstStatDescr_t *, ch_est::puschRxChEstDynDescr_t *)"
4076705717,6784,249013,137,2,1,24,2,1,44,0.001,0.001,,,,,NVIDIA A100-SXM4-40GB MIG 4g.20gb (0),1,,13,"void ch_est::chEstFilterNoDftSOfdmDispatchKernel<float, __half, float, (unsigned int)2>(ch_est::puschRxChEstStatDescr_t *, ch_est::puschRxChEstDynDescr_t *)"
4076715989,6560,249014,137,2,1,24,2,1,44,0.001,0.001,,,,,NVIDIA A100-SXM4-40GB MIG 4g.20gb (0),1,,13,"void ch_est::chEstFilterNoDftSOfdmDispatchKernel<float, __half, float, (unsigned int)2>(ch_est::puschRxChEstStatDescr_t *, ch_est::puschRxChEstDynDescr_t *)"
4076726869,3040,249025,103,1,1,128,1,1,16,0.000,0.000,,,,,NVIDIA A100-SXM4-40GB MIG 4g.20gb (0),1,,13,cupy_copy__complex64_complex64
4076740660,12480,249035,1434,1,1,128,1,1,16,0.000,0.000,,,,,NVIDIA A100-SXM4-40GB MIG 4g.20gb (0),1,,13,cupy_copy__complex64_complex64
4076764788,2592,249042,103,1,1,128,1,1,16,0.000,0.000,,,,,NVIDIA A100-SXM4-40GB MIG 4g.20gb (0),1,,13,cupy_copy__complex64_complex64
4076778100,89151,249049,1,1,1,32,32,1,30,0.000,0.000,,,,,NVIDIA A100-SXM4-40GB MIG 4g.20gb (0),1,,13,"void convert_kernel<__half2, float2>(tensor_layout_any, T1 *, tensor_layout_any, const T2 *)"
4076898195,13407,249052,,,,,,,,,,0.094,6988.504,Pinned,Device,NVIDIA A100-SXM4-40GB MIG 4g.20gb (0),1,,13,[CUDA memcpy Host-to-Device]
4076916818,47232,249053,,,,,,,,,,35.810,758167.626,Device,,NVIDIA A100-SXM4-40GB MIG 4g.20gb (0),1,,13,[CUDA memset]
4076969650,10528,249055,,,,,,,,,,0.000,7.599,Pinned,Device,NVIDIA A100-SXM4-40GB MIG 4g.20gb (0),1,,13,[CUDA memcpy Host-to-Device]
4076985457,18560,249056,,,,,,,,,,0.197,10593.042,Pinned,Device,NVIDIA A100-SXM4-40GB MIG 4g.20gb (0),1,,13,[CUDA memcpy Host-to-Device]
4077027537,9632,249057,273,1,1,48,1,1,40,0.000,0.001,,,,,NVIDIA A100-SXM4-40GB MIG 4g.20gb (0),1,,13,"void pusch_noise_intf_est::noiseIntfEstNoDftSOfdmKernel<float, __half, float, float, (unsigned int)2, (unsigned int)1, (unsigned char)4, (unsigned char)4>(pusch_noise_intf_est::puschRxNoiseIntfEstDynDescr)"
4077058673,3040,249068,35,1,1,128,1,1,16,0.000,0.000,,,,,NVIDIA A100-SXM4-40GB MIG 4g.20gb (0),1,,13,cupy_copy__complex64_complex64
4077072688,1696,249077,1,1,1,1,1,1,18,0.000,0.000,,,,,NVIDIA A100-SXM4-40GB MIG 4g.20gb (0),1,,13,cupy_copy__float32_float32
4077074864,8512,249083,,,,,,,,,,0.000,0.470,Device,Pageable,NVIDIA A100-SXM4-40GB MIG 4g.20gb (0),1,,7,[CUDA memcpy Device-to-Host]
4077163215,12672,249094,1434,1,1,128,1,1,16,0.000,0.000,,,,,NVIDIA A100-SXM4-40GB MIG 4g.20gb (0),1,,13,cupy_copy__complex64_complex64
4077186255,3296,249101,103,1,1,128,1,1,16,0.000,0.000,,,,,NVIDIA A100-SXM4-40GB MIG 4g.20gb (0),1,,13,cupy_copy__complex64_complex64
4077208655,2560,249108,35,1,1,128,1,1,16,0.000,0.000,,,,,NVIDIA A100-SXM4-40GB MIG 4g.20gb (0),1,,13,cupy_copy__complex64_complex64
4077231086,1792,249115,1,1,1,1,1,1,18,0.000,0.000,,,,,NVIDIA A100-SXM4-40GB MIG 4g.20gb (0),1,,13,cupy_copy__float32_float32
4077366861,86559,249126,1,1,1,32,32,1,30,0.000,0.000,,,,,NVIDIA A100-SXM4-40GB MIG 4g.20gb (0),1,,13,"void convert_kernel<__half2, float2>(tensor_layout_any, T1 *, tensor_layout_any, const T2 *)"
4077483147,19616,249129,,,,,,,,,,0.094,4776.435,Pinned,Device,NVIDIA A100-SXM4-40GB MIG 4g.20gb (0),1,,13,[CUDA memcpy Host-to-Device]
4077516107,3168,249130,,,,,,,,,,1.547,488201.145,Device,,NVIDIA A100-SXM4-40GB MIG 4g.20gb (0),1,,13,[CUDA memset]
4077520299,6816,249135,,,,,,,,,,0.031,4591.530,Pinned,Device,NVIDIA A100-SXM4-40GB MIG 4g.20gb (0),1,,13,[CUDA memcpy Host-to-Device]
4077536331,19615,249136,,,,,,,,,,0.197,10023.272,Pinned,Device,NVIDIA A100-SXM4-40GB MIG 4g.20gb (0),1,,13,[CUDA memcpy Host-to-Device]
4077567306,5920,249137,273,1,1,8,4,1,39,0.002,0.000,,,,,NVIDIA A100-SXM4-40GB MIG 4g.20gb (0),1,,13,"void channel_eq::eqMmseCoefCompLowMimoKernel<float, float, float, (unsigned int)4, (unsigned int)1, (unsigned int)4>(const channel_eq::_puschRxChEqStatDescr *, channel_eq::_puschRxChEqCoefCompDynDescr)"
4077582794,6048,249138,273,1,1,12,11,1,51,0.002,0.000,,,,,NVIDIA A100-SXM4-40GB MIG 4g.20gb (0),1,,13,"void channel_eq::eqMmseSoftDemapKernel<float, __half, __half, float, (unsigned int)4, (unsigned short)16383>(channel_eq::_puschRxChEqStatDescr *, channel_eq::_puschRxChEqSoftDemapDynDescr)"
4077593290,282749,249139,1,1,1,32,32,1,30,0.000,0.000,,,,,NVIDIA A100-SXM4-40GB MIG 4g.20gb (0),1,,13,"void convert_kernel<float2, __half2>(tensor_layout_any, T1 *, tensor_layout_any, const T2 *)"
4077877030,10912,249151,2253,1,1,128,1,1,16,0.000,0.000,,,,,NVIDIA A100-SXM4-40GB MIG 4g.20gb (0),1,,13,cupy_copy__float16_float16
4077892678,2688,249160,282,1,1,128,1,1,16,0.000,0.000,,,,,NVIDIA A100-SXM4-40GB MIG 4g.20gb (0),1,,13,cupy_copy__complex64_complex64
4077898694,2016,249169,26,1,1,128,1,1,16,0.000,0.000,,,,,NVIDIA A100-SXM4-40GB MIG 4g.20gb (0),1,,13,cupy_copy__float32_float32
4077902950,4704,249178,103,1,1,128,1,1,16,0.000,0.000,,,,,NVIDIA A100-SXM4-40GB MIG 4g.20gb (0),1,,13,cupy_copy__complex64_complex64
4077910118,12416,249188,1434,1,1,128,1,1,16,0.000,0.000,,,,,NVIDIA A100-SXM4-40GB MIG 4g.20gb (0),1,,13,cupy_copy__complex64_complex64
4077925350,82079,249193,1,1,1,32,32,1,30,0.000,0.000,,,,,NVIDIA A100-SXM4-40GB MIG 4g.20gb (0),1,,13,"void convert_kernel<__half2, float2>(tensor_layout_any, T1 *, tensor_layout_any, const T2 *)"
4078035077,5375,249196,,,,,,,,,,0.094,17431.766,Pinned,Device,NVIDIA A100-SXM4-40GB MIG 4g.20gb (0),1,,13,[CUDA memcpy Host-to-Device]
4078045060,595609,249197,,,,,,,,,,456.561,766110.096,Device,,NVIDIA A100-SXM4-40GB MIG 4g.20gb (0),1,,13,[CUDA memset]
4078643837,115519,249202,,,,,,,,,,1.235,10689.675,Pinned,Device,NVIDIA A100-SXM4-40GB MIG 4g.20gb (0),1,,13,[CUDA memcpy Host-to-Device]
4078775579,38112,249203,,,,,,,,,,0.197,5158.601,Pinned,Device,NVIDIA A100-SXM4-40GB MIG 4g.20gb (0),1,,13,[CUDA memcpy Host-to-Device]
4078838427,8128,249204,69,4,1,48,1,1,76,0.002,0.000,,,,,NVIDIA A100-SXM4-40GB MIG 4g.20gb (0),1,,13,"void ch_est::windowedChEstPreNoDftSOfdmKernel<float, __half, float, (unsigned int)2, (unsigned int)1, (unsigned short)4>(ch_est::puschRxChEstStatDescr_t *, ch_est::puschRxChEstDynDescr_t *)"
4078855994,6560,249205,137,2,1,24,2,1,44,0.001,0.001,,,,,NVIDIA A100-SXM4-40GB MIG 4g.20gb (0),1,,13,"void ch_est::chEstFilterNoDftSOfdmDispatchKernel<float, __half, float, (unsigned int)2>(ch_est::puschRxChEstStatDescr_t *, ch_est::puschRxChEstDynDescr_t *)"
4078871642,4736,249206,137,2,1,24,2,1,44,0.001,0.001,,,,,NVIDIA A100-SXM4-40GB MIG 4g.20gb (0),1,,13,"void ch_est::chEstFilterNoDftSOfdmDispatchKernel<float, __half, float, (unsigned int)2>(ch_est::puschRxChEstStatDescr_t *, ch_est::puschRxChEstDynDescr_t *)"
4078888378,2560,249217,103,1,1,128,1,1,16,0.000,0.000,,,,,NVIDIA A100-SXM4-40GB MIG 4g.20gb (0),1,,13,cupy_copy__complex64_complex64
4078905434,12480,249227,1434,1,1,128,1,1,16,0.000,0.000,,,,,NVIDIA A100-SXM4-40GB MIG 4g.20gb (0),1,,13,cupy_copy__complex64_complex64
4078934521,2496,249234,103,1,1,128,1,1,16,0.000,0.000,,,,,NVIDIA A100-SXM4-40GB MIG 4g.20gb (0),1,,13,cupy_copy__complex64_complex64
4078949561,88127,249241,1,1,1,32,32,1,30,0.000,0.000,,,,,NVIDIA A100-SXM4-40GB MIG 4g.20gb (0),1,,13,"void convert_kernel<__half2, float2>(tensor_layout_any, T1 *, tensor_layout_any, const T2 *)"
4079073752,16512,249244,,,,,,,,,,0.094,5674.417,Pinned,Device,NVIDIA A100-SXM4-40GB MIG 4g.20gb (0),1,,13,[CUDA memcpy Host-to-Device]
4079104023,47040,249245,,,,,,,,,,35.810,761247.279,Device,,NVIDIA A100-SXM4-40GB MIG 4g.20gb (0),1,,13,[CUDA memset]
4079156119,12064,249247,,,,,,,,,,0.000,6.631,Pinned,Device,NVIDIA A100-SXM4-40GB MIG 4g.20gb (0),1,,13,[CUDA memcpy Host-to-Device]
4079175926,17856,249248,,,,,,,,,,0.197,11010.638,Pinned,Device,NVIDIA A100-SXM4-40GB MIG 4g.20gb (0),1,,13,[CUDA memcpy Host-to-Device]
4079205174,9664,249249,273,1,1,48,1,1,40,0.000,0.001,,,,,NVIDIA A100-SXM4-40GB MIG 4g.20gb (0),1,,13,"void pusch_noise_intf_est::noiseIntfEstNoDftSOfdmKernel<float, __half, float, float, (unsigned int)2, (unsigned int)1, (unsigned char)4, (unsigned char)4>(pusch_noise_intf_est::puschRxNoiseIntfEstDynDescr)"
4079226230,2656,249260,35,1,1,128,1,1,16,0.000,0.000,,,,,NVIDIA A100-SXM4-40GB MIG 4g.20gb (0),1,,13,cupy_copy__complex64_complex64
4079237654,1760,249269,1,1,1,1,1,1,18,0.000,0.000,,,,,NVIDIA A100-SXM4-40GB MIG 4g.20gb (0),1,,13,cupy_copy__float32_float32
4079240022,5952,249275,,,,,,,,,,0.000,0.672,Device,Pageable,NVIDIA A100-SXM4-40GB MIG 4g.20gb (0),1,,7,[CUDA memcpy Device-to-Host]
4079328597,12927,249286,1434,1,1,128,1,1,16,0.000,0.000,,,,,NVIDIA A100-SXM4-40GB MIG 4g.20gb (0),1,,13,cupy_copy__complex64_complex64
4079357492,2720,249293,103,1,1,128,1,1,16,0.000,0.000,,,,,NVIDIA A100-SXM4-40GB MIG 4g.20gb (0),1,,13,cupy_copy__complex64_complex64
4079376148,2688,249300,35,1,1,128,1,1,16,0.000,0.000,,,,,NVIDIA A100-SXM4-40GB MIG 4g.20gb (0),1,,13,cupy_copy__complex64_complex64
4079393588,1984,249307,1,1,1,1,1,1,18,0.000,0.000,,,,,NVIDIA A100-SXM4-40GB MIG 4g.20gb (0),1,,13,cupy_copy__float32_float32
4079512466,87071,249318,1,1,1,32,32,1,30,0.000,0.000,,,,,NVIDIA A100-SXM4-40GB MIG 4g.20gb (0),1,,13,"void convert_kernel<__half2, float2>(tensor_layout_any, T1 *, tensor_layout_any, const T2 *)"
4079627153,6048,249321,,,,,,,,,,0.094,15491.978,Pinned,Device,NVIDIA A100-SXM4-40GB MIG 4g.20gb (0),1,,13,[CUDA memcpy Host-to-Device]
4079641905,3168,249322,,,,,,,,,,1.547,488201.145,Device,,NVIDIA A100-SXM4-40GB MIG 4g.20gb (0),1,,13,[CUDA memset]
4079648273,3104,249327,,,,,,,,,,0.031,10082.445,Pinned,Device,NVIDIA A100-SXM4-40GB MIG 4g.20gb (0),1,,13,[CUDA memcpy Host-to-Device]
4079653777,9535,249328,,,,,,,,,,0.197,20619.461,Pinned,Device,NVIDIA A100-SXM4-40GB MIG 4g.20gb (0),1,,13,[CUDA memcpy Host-to-Device]
4079667472,6112,249329,273,1,1,8,4,1,39,0.002,0.000,,,,,NVIDIA A100-SXM4-40GB MIG 4g.20gb (0),1,,13,"void channel_eq::eqMmseCoefCompLowMimoKernel<float, float, float, (unsigned int)4, (unsigned int)1, (unsigned int)4>(const channel_eq::_puschRxChEqStatDescr *, channel_eq::_puschRxChEqCoefCompDynDescr)"
4079674608,6368,249330,273,1,1,12,11,1,51,0.002,0.000,,,,,NVIDIA A100-SXM4-40GB MIG 4g.20gb (0),1,,13,"void channel_eq::eqMmseSoftDemapKernel<float, __half, __half, float, (unsigned int)4, (unsigned short)16383>(channel_eq::_puschRxChEqStatDescr *, channel_eq::_puschRxChEqSoftDemapDynDescr)"
4079681936,282621,249331,1,1,1,32,32,1,30,0.000,0.000,,,,,NVIDIA A100-SXM4-40GB MIG 4g.20gb (0),1,,13,"void convert_kernel<float2, __half2>(tensor_layout_any, T1 *, tensor_layout_any, const T2 *)"
4079965933,11232,249343,2253,1,1,128,1,1,16,0.000,0.000,,,,,NVIDIA A100-SXM4-40GB MIG 4g.20gb (0),1,,13,cupy_copy__float16_float16
4079979373,3648,249352,282,1,1,128,1,1,16,0.000,0.000,,,,,NVIDIA A100-SXM4-40GB MIG 4g.20gb (0),1,,13,cupy_copy__complex64_complex64
4079984173,1984,249361,26,1,1,128,1,1,16,0.000,0.000,,,,,NVIDIA A100-SXM4-40GB MIG 4g.20gb (0),1,,13,cupy_copy__float32_float32
4079990572,4096,249370,103,1,1,128,1,1,16,0.000,0.000,,,,,NVIDIA A100-SXM4-40GB MIG 4g.20gb (0),1,,13,cupy_copy__complex64_complex64
4079998316,11808,249380,1434,1,1,128,1,1,16,0.000,0.000,,,,,NVIDIA A100-SXM4-40GB MIG 4g.20gb (0),1,,13,cupy_copy__complex64_complex64
4080017548,81663,249385,1,1,1,32,32,1,30,0.000,0.000,,,,,NVIDIA A100-SXM4-40GB MIG 4g.20gb (0),1,,13,"void convert_kernel<__half2, float2>(tensor_layout_any, T1 *, tensor_layout_any, const T2 *)"
4080126699,6048,249388,,,,,,,,,,0.094,15491.978,Pinned,Device,NVIDIA A100-SXM4-40GB MIG 4g.20gb (0),1,,13,[CUDA memcpy Host-to-Device]
4080136683,599864,249389,,,,,,,,,,456.561,761087.920,Device,,NVIDIA A100-SXM4-40GB MIG 4g.20gb (0),1,,13,[CUDA memset]
4080741059,134015,249394,,,,,,,,,,1.235,9213.917,Pinned,Device,NVIDIA A100-SXM4-40GB MIG 4g.20gb (0),1,,13,[CUDA memcpy Host-to-Device]
4080885889,32960,249395,,,,,,,,,,0.197,5964.890,Pinned,Device,NVIDIA A100-SXM4-40GB MIG 4g.20gb (0),1,,13,[CUDA memcpy Host-to-Device]
4080944993,8064,249396,69,4,1,48,1,1,76,0.002,0.000,,,,,NVIDIA A100-SXM4-40GB MIG 4g.20gb (0),1,,13,"void ch_est::windowedChEstPreNoDftSOfdmKernel<float, __half, float, (unsigned int)2, (unsigned int)1, (unsigned short)4>(ch_est::puschRxChEstStatDescr_t *, ch_est::puschRxChEstDynDescr_t *)"
4080961216,7008,249397,137,2,1,24,2,1,44,0.001,0.001,,,,,NVIDIA A100-SXM4-40GB MIG 4g.20gb (0),1,,13,"void ch_est::chEstFilterNoDftSOfdmDispatchKernel<float, __half, float, (unsigned int)2>(ch_est::puschRxChEstStatDescr_t *, ch_est::puschRxChEstDynDescr_t *)"
4080975232,4832,249398,137,2,1,24,2,1,44,0.001,0.001,,,,,NVIDIA A100-SXM4-40GB MIG 4g.20gb (0),1,,13,"void ch_est::chEstFilterNoDftSOfdmDispatchKernel<float, __half, float, (unsigned int)2>(ch_est::puschRxChEstStatDescr_t *, ch_est::puschRxChEstDynDescr_t *)"
4080989600,2656,249409,103,1,1,128,1,1,16,0.000,0.000,,,,,NVIDIA A100-SXM4-40GB MIG 4g.20gb (0),1,,13,cupy_copy__complex64_complex64
4081004352,12320,249419,1434,1,1,128,1,1,16,0.000,0.000,,,,,NVIDIA A100-SXM4-40GB MIG 4g.20gb (0),1,,13,cupy_copy__complex64_complex64
4081024192,2880,249426,103,1,1,128,1,1,16,0.000,0.000,,,,,NVIDIA A100-SXM4-40GB MIG 4g.20gb (0),1,,13,cupy_copy__complex64_complex64
4081049151,90591,249433,1,1,1,32,32,1,30,0.000,0.000,,,,,NVIDIA A100-SXM4-40GB MIG 4g.20gb (0),1,,13,"void convert_kernel<__half2, float2>(tensor_layout_any, T1 *, tensor_layout_any, const T2 *)"
4081174942,20480,249436,,,,,,,,,,0.094,4574.988,Pinned,Device,NVIDIA A100-SXM4-40GB MIG 4g.20gb (0),1,,13,[CUDA memcpy Host-to-Device]
4081204254,46815,249437,,,,,,,,,,35.810,764899.891,Device,,NVIDIA A100-SXM4-40GB MIG 4g.20gb (0),1,,13,[CUDA memset]
4081252701,10464,249439,,,,,,,,,,0.000,7.645,Pinned,Device,NVIDIA A100-SXM4-40GB MIG 4g.20gb (0),1,,13,[CUDA memcpy Host-to-Device]
4081268541,21439,249440,,,,,,,,,,0.197,9170.387,Pinned,Device,NVIDIA A100-SXM4-40GB MIG 4g.20gb (0),1,,13,[CUDA memcpy Host-to-Device]
4081301980,10176,249441,273,1,1,48,1,1,40,0.000,0.001,,,,,NVIDIA A100-SXM4-40GB MIG 4g.20gb (0),1,,13,"void pusch_noise_intf_est::noiseIntfEstNoDftSOfdmKernel<float, __half, float, float, (unsigned int)2, (unsigned int)1, (unsigned char)4, (unsigned char)4>(pusch_noise_intf_est::puschRxNoiseIntfEstDynDescr)"
4081320732,3040,249452,35,1,1,128,1,1,16,0.000,0.000,,,,,NVIDIA A100-SXM4-40GB MIG 4g.20gb (0),1,,13,cupy_copy__complex64_complex64
4081333724,1824,249461,1,1,1,1,1,1,18,0.000,0.000,,,,,NVIDIA A100-SXM4-40GB MIG 4g.20gb (0),1,,13,cupy_copy__float32_float32
4081338780,1600,249467,,,,,,,,,,0.000,2.500,Device,Pageable,NVIDIA A100-SXM4-40GB MIG 4g.20gb (0),1,,7,[CUDA memcpy Device-to-Host]
4081416699,13088,249478,1434,1,1,128,1,1,16,0.000,0.000,,,,,NVIDIA A100-SXM4-40GB MIG 4g.20gb (0),1,,13,cupy_copy__complex64_complex64
4081450778,3392,249485,103,1,1,128,1,1,16,0.000,0.000,,,,,NVIDIA A100-SXM4-40GB MIG 4g.20gb (0),1,,13,cupy_copy__complex64_complex64
4081468890,2528,249492,35,1,1,128,1,1,16,0.000,0.000,,,,,NVIDIA A100-SXM4-40GB MIG 4g.20gb (0),1,,13,cupy_copy__complex64_complex64
4081488602,1920,249499,1,1,1,1,1,1,18,0.000,0.000,,,,,NVIDIA A100-SXM4-40GB MIG 4g.20gb (0),1,,13,cupy_copy__float32_float32
4081615768,86943,249510,1,1,1,32,32,1,30,0.000,0.000,,,,,NVIDIA A100-SXM4-40GB MIG 4g.20gb (0),1,,13,"void convert_kernel<__half2, float2>(tensor_layout_any, T1 *, tensor_layout_any, const T2 *)"
4081736183,14208,249513,,,,,,,,,,0.094,6594.512,Pinned,Device,NVIDIA A100-SXM4-40GB MIG 4g.20gb (0),1,,13,[CUDA memcpy Host-to-Device]
4081755287,3424,249514,,,,,,,,,,1.547,451700.819,Device,,NVIDIA A100-SXM4-40GB MIG 4g.20gb (0),1,,13,[CUDA memset]
4081763703,7040,249519,,,,,,,,,,0.031,4445.440,Pinned,Device,NVIDIA A100-SXM4-40GB MIG 4g.20gb (0),1,,13,[CUDA memcpy Host-to-Device]
4081773366,15200,249520,,,,,,,,,,0.197,12934.644,Pinned,Device,NVIDIA A100-SXM4-40GB MIG 4g.20gb (0),1,,13,[CUDA memcpy Host-to-Device]
4081795926,6560,249521,273,1,1,8,4,1,39,0.002,0.000,,,,,NVIDIA A100-SXM4-40GB MIG 4g.20gb (0),1,,13,"void channel_eq::eqMmseCoefCompLowMimoKernel<float, float, float, (unsigned int)4, (unsigned int)1, (unsigned int)4>(const channel_eq::_puschRxChEqStatDescr *, channel_eq::_puschRxChEqCoefCompDynDescr)"
4081807062,7712,249522,273,1,1,12,11,1,51,0.002,0.000,,,,,NVIDIA A100-SXM4-40GB MIG 4g.20gb (0),1,,13,"void channel_eq::eqMmseSoftDemapKernel<float, __half, __half, float, (unsigned int)4, (unsigned short)16383>(channel_eq::_puschRxChEqStatDescr *, channel_eq::_puschRxChEqSoftDemapDynDescr)"
4081816726,294972,249523,1,1,1,32,32,1,30,0.000,0.000,,,,,NVIDIA A100-SXM4-40GB MIG 4g.20gb (0),1,,13,"void convert_kernel<float2, __half2>(tensor_layout_any, T1 *, tensor_layout_any, const T2 *)"
4082112946,11200,249535,2253,1,1,128,1,1,16,0.000,0.000,,,,,NVIDIA A100-SXM4-40GB MIG 4g.20gb (0),1,,13,cupy_copy__float16_float16
4082126322,3008,249544,282,1,1,128,1,1,16,0.000,0.000,,,,,NVIDIA A100-SXM4-40GB MIG 4g.20gb (0),1,,13,cupy_copy__complex64_complex64
4082130738,2208,249553,26,1,1,128,1,1,16,0.000,0.000,,,,,NVIDIA A100-SXM4-40GB MIG 4g.20gb (0),1,,13,cupy_copy__float32_float32
4082136562,2944,249562,103,1,1,128,1,1,16,0.000,0.000,,,,,NVIDIA A100-SXM4-40GB MIG 4g.20gb (0),1,,13,cupy_copy__complex64_complex64
4082141458,12000,249572,1434,1,1,128,1,1,16,0.000,0.000,,,,,NVIDIA A100-SXM4-40GB MIG 4g.20gb (0),1,,13,cupy_copy__complex64_complex64
4082155826,87519,249577,1,1,1,32,32,1,30,0.000,0.000,,,,,NVIDIA A100-SXM4-40GB MIG 4g.20gb (0),1,,13,"void convert_kernel<__half2, float2>(tensor_layout_any, T1 *, tensor_layout_any, const T2 *)"
4082270640,5856,249580,,,,,,,,,,0.094,15999.997,Pinned,Device,NVIDIA A100-SXM4-40GB MIG 4g.20gb (0),1,,13,[CUDA memcpy Host-to-Device]
4082281776,597945,249581,,,,,,,,,,456.561,763370.728,Device,,NVIDIA A100-SXM4-40GB MIG 4g.20gb (0),1,,13,[CUDA memset]
4082883241,130494,249586,,,,,,,,,,1.235,9463.376,Pinned,Device,NVIDIA A100-SXM4-40GB MIG 4g.20gb (0),1,,13,[CUDA memcpy Host-to-Device]
4083024455,32160,249587,,,,,,,,,,0.197,6113.329,Pinned,Device,NVIDIA A100-SXM4-40GB MIG 4g.20gb (0),1,,13,[CUDA memcpy Host-to-Device]
4083065799,8575,249588,69,4,1,48,1,1,76,0.002,0.000,,,,,NVIDIA A100-SXM4-40GB MIG 4g.20gb (0),1,,13,"void ch_est::windowedChEstPreNoDftSOfdmKernel<float, __half, float, (unsigned int)2, (unsigned int)1, (unsigned short)4>(ch_est::puschRxChEstStatDescr_t *, ch_est::puschRxChEstDynDescr_t *)"
4083078598,7392,249589,137,2,1,24,2,1,44,0.001,0.001,,,,,NVIDIA A100-SXM4-40GB MIG 4g.20gb (0),1,,13,"void ch_est::chEstFilterNoDftSOfdmDispatchKernel<float, __half, float, (unsigned int)2>(ch_est::puschRxChEstStatDescr_t *, ch_est::puschRxChEstDynDescr_t *)"
4083090886,6560,249590,137,2,1,24,2,1,44,0.001,0.001,,,,,NVIDIA A100-SXM4-40GB MIG 4g.20gb (0),1,,13,"void ch_est::chEstFilterNoDftSOfdmDispatchKernel<float, __half, float, (unsigned int)2>(ch_est::puschRxChEstStatDescr_t *, ch_est::puschRxChEstDynDescr_t *)"
4083106822,2752,249601,103,1,1,128,1,1,16,0.000,0.000,,,,,NVIDIA A100-SXM4-40GB MIG 4g.20gb (0),1,,13,cupy_copy__complex64_complex64
4083118886,12384,249611,1434,1,1,128,1,1,16,0.000,0.000,,,,,NVIDIA A100-SXM4-40GB MIG 4g.20gb (0),1,,13,cupy_copy__complex64_complex64
4083137350,2496,249618,103,1,1,128,1,1,16,0.000,0.000,,,,,NVIDIA A100-SXM4-40GB MIG 4g.20gb (0),1,,13,cupy_copy__complex64_complex64
4083160805,97631,249625,1,1,1,32,32,1,30,0.000,0.000,,,,,NVIDIA A100-SXM4-40GB MIG 4g.20gb (0),1,,13,"void convert_kernel<__half2, float2>(tensor_layout_any, T1 *, tensor_layout_any, const T2 *)"
4083291684,18368,249628,,,,,,,,,,0.094,5100.998,Pinned,Device,NVIDIA A100-SXM4-40GB MIG 4g.20gb (0),1,,13,[CUDA memcpy Host-to-Device]
4083324035,48000,249629,,,,,,,,,,35.810,746028.063,Device,,NVIDIA A100-SXM4-40GB MIG 4g.20gb (0),1,,13,[CUDA memset]
4083374243,11520,249631,,,,,,,,,,0.000,6.944,Pinned,Device,NVIDIA A100-SXM4-40GB MIG 4g.20gb (0),1,,13,[CUDA memcpy Host-to-Device]
4083392643,18399,249632,,,,,,,,,,0.197,10685.645,Pinned,Device,NVIDIA A100-SXM4-40GB MIG 4g.20gb (0),1,,13,[CUDA memcpy Host-to-Device]
4083428866,9376,249633,273,1,1,48,1,1,40,0.000,0.001,,,,,NVIDIA A100-SXM4-40GB MIG 4g.20gb (0),1,,13,"void pusch_noise_intf_est::noiseIntfEstNoDftSOfdmKernel<float, __half, float, float, (unsigned int)2, (unsigned int)1, (unsigned char)4, (unsigned char)4>(pusch_noise_intf_est::puschRxNoiseIntfEstDynDescr)"
4083452962,2720,249644,35,1,1,128,1,1,16,0.000,0.000,,,,,NVIDIA A100-SXM4-40GB MIG 4g.20gb (0),1,,13,cupy_copy__complex64_complex64
4083460738,1728,249653,1,1,1,1,1,1,18,0.000,0.000,,,,,NVIDIA A100-SXM4-40GB MIG 4g.20gb (0),1,,13,cupy_copy__float32_float32
4083468642,6048,249659,,,,,,,,,,0.000,0.661,Device,Pageable,NVIDIA A100-SXM4-40GB MIG 4g.20gb (0),1,,7,[CUDA memcpy Device-to-Host]
4083554049,12959,249670,1434,1,1,128,1,1,16,0.000,0.000,,,,,NVIDIA A100-SXM4-40GB MIG 4g.20gb (0),1,,13,cupy_copy__complex64_complex64
4083574912,3104,249677,103,1,1,128,1,1,16,0.000,0.000,,,,,NVIDIA A100-SXM4-40GB MIG 4g.20gb (0),1,,13,cupy_copy__complex64_complex64
4083596512,2304,249684,35,1,1,128,1,1,16,0.000,0.000,,,,,NVIDIA A100-SXM4-40GB MIG 4g.20gb (0),1,,13,cupy_copy__complex64_complex64
4083611264,1888,249691,1,1,1,1,1,1,18,0.000,0.000,,,,,NVIDIA A100-SXM4-40GB MIG 4g.20gb (0),1,,13,cupy_copy__float32_float32
4083739454,82143,249702,1,1,1,32,32,1,30,0.000,0.000,,,,,NVIDIA A100-SXM4-40GB MIG 4g.20gb (0),1,,13,"void convert_kernel<__half2, float2>(tensor_layout_any, T1 *, tensor_layout_any, const T2 *)"
4083848701,5920,249705,,,,,,,,,,0.094,15826.941,Pinned,Device,NVIDIA A100-SXM4-40GB MIG 4g.20gb (0),1,,13,[CUDA memcpy Host-to-Device]
4083863389,3168,249706,,,,,,,,,,1.547,488201.145,Device,,NVIDIA A100-SXM4-40GB MIG 4g.20gb (0),1,,13,[CUDA memset]
4083869693,3328,249711,,,,,,,,,,0.031,9403.822,Pinned,Device,NVIDIA A100-SXM4-40GB MIG 4g.20gb (0),1,,13,[CUDA memcpy Host-to-Device]
4083875837,9407,249712,,,,,,,,,,0.197,20900.020,Pinned,Device,NVIDIA A100-SXM4-40GB MIG 4g.20gb (0),1,,13,[CUDA memcpy Host-to-Device]
4083892028,6560,249713,273,1,1,8,4,1,39,0.002,0.000,,,,,NVIDIA A100-SXM4-40GB MIG 4g.20gb (0),1,,13,"void channel_eq::eqMmseCoefCompLowMimoKernel<float, float, float, (unsigned int)4, (unsigned int)1, (unsigned int)4>(const channel_eq::_puschRxChEqStatDescr *, channel_eq::_puschRxChEqCoefCompDynDescr)"
4083899644,5632,249714,273,1,1,12,11,1,51,0.002,0.000,,,,,NVIDIA A100-SXM4-40GB MIG 4g.20gb (0),1,,13,"void channel_eq::eqMmseSoftDemapKernel<float, __half, __half, float, (unsigned int)4, (unsigned short)16383>(channel_eq::_puschRxChEqStatDescr *, channel_eq::_puschRxChEqSoftDemapDynDescr)"
4083906556,294493,249715,1,1,1,32,32,1,30,0.000,0.000,,,,,NVIDIA A100-SXM4-40GB MIG 4g.20gb (0),1,,13,"void convert_kernel<float2, __half2>(tensor_layout_any, T1 *, tensor_layout_any, const T2 *)"
4084202169,11135,249727,2253,1,1,128,1,1,16,0.000,0.000,,,,,NVIDIA A100-SXM4-40GB MIG 4g.20gb (0),1,,13,cupy_copy__float16_float16
4084214584,3136,249736,282,1,1,128,1,1,16,0.000,0.000,,,,,NVIDIA A100-SXM4-40GB MIG 4g.20gb (0),1,,13,cupy_copy__complex64_complex64
4084219608,2528,249745,26,1,1,128,1,1,16,0.000,0.000,,,,,NVIDIA A100-SXM4-40GB MIG 4g.20gb (0),1,,13,cupy_copy__float32_float32
4084223128,2976,249754,103,1,1,128,1,1,16,0.000,0.000,,,,,NVIDIA A100-SXM4-40GB MIG 4g.20gb (0),1,,13,cupy_copy__complex64_complex64
4084227224,11904,249764,1434,1,1,128,1,1,16,0.000,0.000,,,,,NVIDIA A100-SXM4-40GB MIG 4g.20gb (0),1,,13,cupy_copy__complex64_complex64
4084241976,87167,249769,1,1,1,32,32,1,30,0.000,0.000,,,,,NVIDIA A100-SXM4-40GB MIG 4g.20gb (0),1,,13,"void convert_kernel<__half2, float2>(tensor_layout_any, T1 *, tensor_layout_any, const T2 *)"
4084356215,5984,249772,,,,,,,,,,0.094,15657.726,Pinned,Device,NVIDIA A100-SXM4-40GB MIG 4g.20gb (0),1,,13,[CUDA memcpy Host-to-Device]
4084367671,597464,249773,,,,,,,,,,456.561,763827.289,Device,,NVIDIA A100-SXM4-40GB MIG 4g.20gb (0),1,,13,[CUDA memset]
4084974639,175454,249778,,,,,,,,,,1.235,7037.946,Pinned,Device,NVIDIA A100-SXM4-40GB MIG 4g.20gb (0),1,,13,[CUDA memcpy Host-to-Device]
4085162253,35007,249779,,,,,,,,,,0.197,5616.108,Pinned,Device,NVIDIA A100-SXM4-40GB MIG 4g.20gb (0),1,,13,[CUDA memcpy Host-to-Device]
4085212684,7968,249780,69,4,1,48,1,1,76,0.002,0.000,,,,,NVIDIA A100-SXM4-40GB MIG 4g.20gb (0),1,,13,"void ch_est::windowedChEstPreNoDftSOfdmKernel<float, __half, float, (unsigned int)2, (unsigned int)1, (unsigned short)4>(ch_est::puschRxChEstStatDescr_t *, ch_est::puschRxChEstDynDescr_t *)"
4085227116,6688,249781,137,2,1,24,2,1,44,0.001,0.001,,,,,NVIDIA A100-SXM4-40GB MIG 4g.20gb (0),1,,13,"void ch_est::chEstFilterNoDftSOfdmDispatchKernel<float, __half, float, (unsigned int)2>(ch_est::puschRxChEstStatDescr_t *, ch_est::puschRxChEstDynDescr_t *)"
4085242252,5440,249782,137,2,1,24,2,1,44,0.001,0.001,,,,,NVIDIA A100-SXM4-40GB MIG 4g.20gb (0),1,,13,"void ch_est::chEstFilterNoDftSOfdmDispatchKernel<float, __half, float, (unsigned int)2>(ch_est::puschRxChEstStatDescr_t *, ch_est::puschRxChEstDynDescr_t *)"
4085255436,2528,249793,103,1,1,128,1,1,16,0.000,0.000,,,,,NVIDIA A100-SXM4-40GB MIG 4g.20gb (0),1,,13,cupy_copy__complex64_complex64
4085270123,12512,249803,1434,1,1,128,1,1,16,0.000,0.000,,,,,NVIDIA A100-SXM4-40GB MIG 4g.20gb (0),1,,13,cupy_copy__complex64_complex64
4085285035,3072,249810,103,1,1,128,1,1,16,0.000,0.000,,,,,NVIDIA A100-SXM4-40GB MIG 4g.20gb (0),1,,13,cupy_copy__complex64_complex64
4085303211,88255,249817,1,1,1,32,32,1,30,0.000,0.000,,,,,NVIDIA A100-SXM4-40GB MIG 4g.20gb (0),1,,13,"void convert_kernel<__half2, float2>(tensor_layout_any, T1 *, tensor_layout_any, const T2 *)"
4085420202,25183,249820,,,,,,,,,,0.094,3720.574,Pinned,Device,NVIDIA A100-SXM4-40GB MIG 4g.20gb (0),1,,13,[CUDA memcpy Host-to-Device]
4085468329,46687,249821,,,,,,,,,,35.810,767012.676,Device,,NVIDIA A100-SXM4-40GB MIG 4g.20gb (0),1,,13,[CUDA memset]
4085521032,9152,249823,,,,,,,,,,0.000,8.741,Pinned,Device,NVIDIA A100-SXM4-40GB MIG 4g.20gb (0),1,,13,[CUDA memcpy Host-to-Device]
4085539464,39072,249824,,,,,,,,,,0.197,5031.789,Pinned,Device,NVIDIA A100-SXM4-40GB MIG 4g.20gb (0),1,,13,[CUDA memcpy Host-to-Device]
4085598567,9504,249825,273,1,1,48,1,1,40,0.000,0.001,,,,,NVIDIA A100-SXM4-40GB MIG 4g.20gb (0),1,,13,"void pusch_noise_intf_est::noiseIntfEstNoDftSOfdmKernel<float, __half, float, float, (unsigned int)2, (unsigned int)1, (unsigned char)4, (unsigned char)4>(pusch_noise_intf_est::puschRxNoiseIntfEstDynDescr)"
4085615239,2656,249836,35,1,1,128,1,1,16,0.000,0.000,,,,,NVIDIA A100-SXM4-40GB MIG 4g.20gb (0),1,,13,cupy_copy__complex64_complex64
4085632295,1760,249845,1,1,1,1,1,1,18,0.000,0.000,,,,,NVIDIA A100-SXM4-40GB MIG 4g.20gb (0),1,,13,cupy_copy__float32_float32
4085636743,7072,249851,,,,,,,,,,0.000,0.566,Device,Pageable,NVIDIA A100-SXM4-40GB MIG 4g.20gb (0),1,,7,[CUDA memcpy Device-to-Host]
4085737798,12767,249862,1434,1,1,128,1,1,16,0.000,0.000,,,,,NVIDIA A100-SXM4-40GB MIG 4g.20gb (0),1,,13,cupy_copy__complex64_complex64
4085760485,3072,249869,103,1,1,128,1,1,16,0.000,0.000,,,,,NVIDIA A100-SXM4-40GB MIG 4g.20gb (0),1,,13,cupy_copy__complex64_complex64
4085779493,2560,249876,35,1,1,128,1,1,16,0.000,0.000,,,,,NVIDIA A100-SXM4-40GB MIG 4g.20gb (0),1,,13,cupy_copy__complex64_complex64
4085799525,1760,249883,1,1,1,1,1,1,18,0.000,0.000,,,,,NVIDIA A100-SXM4-40GB MIG 4g.20gb (0),1,,13,cupy_copy__float32_float32
4085927971,87231,249894,1,1,1,32,32,1,30,0.000,0.000,,,,,NVIDIA A100-SXM4-40GB MIG 4g.20gb (0),1,,13,"void convert_kernel<__half2, float2>(tensor_layout_any, T1 *, tensor_layout_any, const T2 *)"
4086047458,9120,249897,,,,,,,,,,0.094,10273.673,Pinned,Device,NVIDIA A100-SXM4-40GB MIG 4g.20gb (0),1,,13,[CUDA memcpy Host-to-Device]
4086065666,3584,249898,,,,,,,,,,1.547,431534.389,Device,,NVIDIA A100-SXM4-40GB MIG 4g.20gb (0),1,,13,[CUDA memset]
4086074689,7072,249903,,,,,,,,,,0.031,4425.317,Pinned,Device,NVIDIA A100-SXM4-40GB MIG 4g.20gb (0),1,,13,[CUDA memcpy Host-to-Device]
4086084897,20544,249904,,,,,,,,,,0.197,9570.091,Pinned,Device,NVIDIA A100-SXM4-40GB MIG 4g.20gb (0),1,,13,[CUDA memcpy Host-to-Device]
4086113921,8512,249905,273,1,1,8,4,1,39,0.002,0.000,,,,,NVIDIA A100-SXM4-40GB MIG 4g.20gb (0),1,,13,"void channel_eq::eqMmseCoefCompLowMimoKernel<float, float, float, (unsigned int)4, (unsigned int)1, (unsigned int)4>(const channel_eq::_puschRxChEqStatDescr *, channel_eq::_puschRxChEqCoefCompDynDescr)"
4086128353,5664,249906,273,1,1,12,11,1,51,0.002,0.000,,,,,NVIDIA A100-SXM4-40GB MIG 4g.20gb (0),1,,13,"void channel_eq::eqMmseSoftDemapKernel<float, __half, __half, float, (unsigned int)4, (unsigned short)16383>(channel_eq::_puschRxChEqStatDescr *, channel_eq::_puschRxChEqSoftDemapDynDescr)"
4086138593,282364,249907,1,1,1,32,32,1,30,0.000,0.000,,,,,NVIDIA A100-SXM4-40GB MIG 4g.20gb (0),1,,13,"void convert_kernel<float2, __half2>(tensor_layout_any, T1 *, tensor_layout_any, const T2 *)"
4086421949,10912,249919,2253,1,1,128,1,1,16,0.000,0.000,,,,,NVIDIA A100-SXM4-40GB MIG 4g.20gb (0),1,,13,cupy_copy__float16_float16
4086436285,3744,249928,282,1,1,128,1,1,16,0.000,0.000,,,,,NVIDIA A100-SXM4-40GB MIG 4g.20gb (0),1,,13,cupy_copy__complex64_complex64
4086442717,2048,249937,26,1,1,128,1,1,16,0.000,0.000,,,,,NVIDIA A100-SXM4-40GB MIG 4g.20gb (0),1,,13,cupy_copy__float32_float32
4086446429,3200,249946,103,1,1,128,1,1,16,0.000,0.000,,,,,NVIDIA A100-SXM4-40GB MIG 4g.20gb (0),1,,13,cupy_copy__complex64_complex64
4086450653,12128,249956,1434,1,1,128,1,1,16,0.000,0.000,,,,,NVIDIA A100-SXM4-40GB MIG 4g.20gb (0),1,,13,cupy_copy__complex64_complex64
4086467421,87103,249961,1,1,1,32,32,1,30,0.000,0.000,,,,,NVIDIA A100-SXM4-40GB MIG 4g.20gb (0),1,,13,"void convert_kernel<__half2, float2>(tensor_layout_any, T1 *, tensor_layout_any, const T2 *)"
4086581915,5696,249964,,,,,,,,,,0.094,16449.363,Pinned,Device,NVIDIA A100-SXM4-40GB MIG 4g.20gb (0),1,,13,[CUDA memcpy Host-to-Device]
4086593019,598009,249965,,,,,,,,,,456.561,763370.728,Device,,NVIDIA A100-SXM4-40GB MIG 4g.20gb (0),1,,13,[CUDA memset]
4087195604,160446,249970,,,,,,,,,,1.235,7696.171,Pinned,Device,NVIDIA A100-SXM4-40GB MIG 4g.20gb (0),1,,13,[CUDA memcpy Host-to-Device]
4087363186,25695,249971,,,,,,,,,,0.197,7651.590,Pinned,Device,NVIDIA A100-SXM4-40GB MIG 4g.20gb (0),1,,13,[CUDA memcpy Host-to-Device]
4087400881,7904,249972,69,4,1,48,1,1,76,0.002,0.000,,,,,NVIDIA A100-SXM4-40GB MIG 4g.20gb (0),1,,13,"void ch_est::windowedChEstPreNoDftSOfdmKernel<float, __half, float, (unsigned int)2, (unsigned int)1, (unsigned short)4>(ch_est::puschRxChEstStatDescr_t *, ch_est::puschRxChEstDynDescr_t *)"
4087414801,6976,249973,137,2,1,24,2,1,44,0.001,0.001,,,,,NVIDIA A100-SXM4-40GB MIG 4g.20gb (0),1,,13,"void ch_est::chEstFilterNoDftSOfdmDispatchKernel<float, __half, float, (unsigned int)2>(ch_est::puschRxChEstStatDescr_t *, ch_est::puschRxChEstDynDescr_t *)"
4087427633,5152,249974,137,2,1,24,2,1,44,0.001,0.001,,,,,NVIDIA A100-SXM4-40GB MIG 4g.20gb (0),1,,13,"void ch_est::chEstFilterNoDftSOfdmDispatchKernel<float, __half, float, (unsigned int)2>(ch_est::puschRxChEstStatDescr_t *, ch_est::puschRxChEstDynDescr_t *)"
4087435985,2560,249985,103,1,1,128,1,1,16,0.000,0.000,,,,,NVIDIA A100-SXM4-40GB MIG 4g.20gb (0),1,,13,cupy_copy__complex64_complex64
4087443953,12703,249995,1434,1,1,128,1,1,16,0.000,0.000,,,,,NVIDIA A100-SXM4-40GB MIG 4g.20gb (0),1,,13,cupy_copy__complex64_complex64
4087463024,2496,250002,103,1,1,128,1,1,16,0.000,0.000,,,,,NVIDIA A100-SXM4-40GB MIG 4g.20gb (0),1,,13,cupy_copy__complex64_complex64
4087472592,83839,250009,1,1,1,32,32,1,30,0.000,0.000,,,,,NVIDIA A100-SXM4-40GB MIG 4g.20gb (0),1,,13,"void convert_kernel<__half2, float2>(tensor_layout_any, T1 *, tensor_layout_any, const T2 *)"
4087585039,5536,250012,,,,,,,,,,0.094,16924.777,Pinned,Device,NVIDIA A100-SXM4-40GB MIG 4g.20gb (0),1,,13,[CUDA memcpy Host-to-Device]
4087597295,47071,250013,,,,,,,,,,35.810,760745.940,Device,,NVIDIA A100-SXM4-40GB MIG 4g.20gb (0),1,,13,[CUDA memset]
4087650606,4032,250015,,,,,,,,,,0.000,19.841,Pinned,Device,NVIDIA A100-SXM4-40GB MIG 4g.20gb (0),1,,13,[CUDA memcpy Host-to-Device]
4087658958,12192,250016,,,,,,,,,,0.197,16125.788,Pinned,Device,NVIDIA A100-SXM4-40GB MIG 4g.20gb (0),1,,13,[CUDA memcpy Host-to-Device]
4087678382,11872,250017,273,1,1,48,1,1,40,0.000,0.001,,,,,NVIDIA A100-SXM4-40GB MIG 4g.20gb (0),1,,13,"void pusch_noise_intf_est::noiseIntfEstNoDftSOfdmKernel<float, __half, float, float, (unsigned int)2, (unsigned int)1, (unsigned char)4, (unsigned char)4>(pusch_noise_intf_est::puschRxNoiseIntfEstDynDescr)"
4087695118,2847,250028,35,1,1,128,1,1,16,0.000,0.000,,,,,NVIDIA A100-SXM4-40GB MIG 4g.20gb (0),1,,13,cupy_copy__complex64_complex64
4087708941,2112,250037,1,1,1,1,1,1,18,0.000,0.000,,,,,NVIDIA A100-SXM4-40GB MIG 4g.20gb (0),1,,13,cupy_copy__float32_float32
4087739405,1632,250043,,,,,,,,,,0.000,2.451,Device,Pageable,NVIDIA A100-SXM4-40GB MIG 4g.20gb (0),1,,7,[CUDA memcpy Device-to-Host]
4087800172,13024,250054,1434,1,1,128,1,1,16,0.000,0.000,,,,,NVIDIA A100-SXM4-40GB MIG 4g.20gb (0),1,,13,cupy_copy__complex64_complex64
4087825388,2592,250061,103,1,1,128,1,1,16,0.000,0.000,,,,,NVIDIA A100-SXM4-40GB MIG 4g.20gb (0),1,,13,cupy_copy__complex64_complex64
4087846028,2304,250068,35,1,1,128,1,1,16,0.000,0.000,,,,,NVIDIA A100-SXM4-40GB MIG 4g.20gb (0),1,,13,cupy_copy__complex64_complex64
4087864235,1760,250075,1,1,1,1,1,1,18,0.000,0.000,,,,,NVIDIA A100-SXM4-40GB MIG 4g.20gb (0),1,,13,cupy_copy__float32_float32
4087996042,81471,250086,1,1,1,32,32,1,30,0.000,0.000,,,,,NVIDIA A100-SXM4-40GB MIG 4g.20gb (0),1,,13,"void convert_kernel<__half2, float2>(tensor_layout_any, T1 *, tensor_layout_any, const T2 *)"
4088104840,5664,250089,,,,,,,,,,0.094,16542.310,Pinned,Device,NVIDIA A100-SXM4-40GB MIG 4g.20gb (0),1,,13,[CUDA memcpy Host-to-Device]
4088118472,3392,250090,,,,,,,,,,1.547,455961.768,Device,,NVIDIA A100-SXM4-40GB MIG 4g.20gb (0),1,,13,[CUDA memset]
4088125448,3232,250095,,,,,,,,,,0.031,9683.139,Pinned,Device,NVIDIA A100-SXM4-40GB MIG 4g.20gb (0),1,,13,[CUDA memcpy Host-to-Device]
4088131688,9664,250096,,,,,,,,,,0.197,20344.209,Pinned,Device,NVIDIA A100-SXM4-40GB MIG 4g.20gb (0),1,,13,[CUDA memcpy Host-to-Device]
4088146888,6560,250097,273,1,1,8,4,1,39,0.002,0.000,,,,,NVIDIA A100-SXM4-40GB MIG 4g.20gb (0),1,,13,"void channel_eq::eqMmseCoefCompLowMimoKernel<float, float, float, (unsigned int)4, (unsigned int)1, (unsigned int)4>(const channel_eq::_puschRxChEqStatDescr *, channel_eq::_puschRxChEqCoefCompDynDescr)"
4088154440,6144,250098,273,1,1,12,11,1,51,0.002,0.000,,,,,NVIDIA A100-SXM4-40GB MIG 4g.20gb (0),1,,13,"void channel_eq::eqMmseSoftDemapKernel<float, __half, __half, float, (unsigned int)4, (unsigned short)16383>(channel_eq::_puschRxChEqStatDescr *, channel_eq::_puschRxChEqSoftDemapDynDescr)"
4088161672,282428,250099,1,1,1,32,32,1,30,0.000,0.000,,,,,NVIDIA A100-SXM4-40GB MIG 4g.20gb (0),1,,13,"void convert_kernel<float2, __half2>(tensor_layout_any, T1 *, tensor_layout_any, const T2 *)"
4088445412,10816,250111,2253,1,1,128,1,1,16,0.000,0.000,,,,,NVIDIA A100-SXM4-40GB MIG 4g.20gb (0),1,,13,cupy_copy__float16_float16
4088461284,2976,250120,282,1,1,128,1,1,16,0.000,0.000,,,,,NVIDIA A100-SXM4-40GB MIG 4g.20gb (0),1,,13,cupy_copy__complex64_complex64
4088466532,2112,250129,26,1,1,128,1,1,16,0.000,0.000,,,,,NVIDIA A100-SXM4-40GB MIG 4g.20gb (0),1,,13,cupy_copy__float32_float32
4088470500,5312,250138,103,1,1,128,1,1,16,0.000,0.000,,,,,NVIDIA A100-SXM4-40GB MIG 4g.20gb (0),1,,13,cupy_copy__complex64_complex64
4088477860,12352,250148,1434,1,1,128,1,1,16,0.000,0.000,,,,,NVIDIA A100-SXM4-40GB MIG 4g.20gb (0),1,,13,cupy_copy__complex64_complex64
4088494884,82079,250153,1,1,1,32,32,1,30,0.000,0.000,,,,,NVIDIA A100-SXM4-40GB MIG 4g.20gb (0),1,,13,"void convert_kernel<__half2, float2>(tensor_layout_any, T1 *, tensor_layout_any, const T2 *)"
4088603586,5856,250156,,,,,,,,,,0.094,15999.997,Pinned,Device,NVIDIA A100-SXM4-40GB MIG 4g.20gb (0),1,,13,[CUDA memcpy Host-to-Device]
4088613410,601721,250157,,,,,,,,,,456.561,758348.552,Device,,NVIDIA A100-SXM4-40GB MIG 4g.20gb (0),1,,13,[CUDA memset]
4089216667,148446,250162,,,,,,,,,,1.235,8318.583,Pinned,Device,NVIDIA A100-SXM4-40GB MIG 4g.20gb (0),1,,13,[CUDA memcpy Host-to-Device]
4089379481,47967,250163,,,,,,,,,,0.197,4098.687,Pinned,Device,NVIDIA A100-SXM4-40GB MIG 4g.20gb (0),1,,13,[CUDA memcpy Host-to-Device]
4089445656,8032,250164,69,4,1,48,1,1,76,0.002,0.000,,,,,NVIDIA A100-SXM4-40GB MIG 4g.20gb (0),1,,13,"void ch_est::windowedChEstPreNoDftSOfdmKernel<float, __half, float, (unsigned int)2, (unsigned int)1, (unsigned short)4>(ch_est::puschRxChEstStatDescr_t *, ch_est::puschRxChEstDynDescr_t *)"
4089464856,6688,250165,137,2,1,24,2,1,44,0.001,0.001,,,,,NVIDIA A100-SXM4-40GB MIG 4g.20gb (0),1,,13,"void ch_est::chEstFilterNoDftSOfdmDispatchKernel<float, __half, float, (unsigned int)2>(ch_est::puschRxChEstStatDescr_t *, ch_est::puschRxChEstDynDescr_t *)"
4089481624,4831,250166,137,2,1,24,2,1,44,0.001,0.001,,,,,NVIDIA A100-SXM4-40GB MIG 4g.20gb (0),1,,13,"void ch_est::chEstFilterNoDftSOfdmDispatchKernel<float, __half, float, (unsigned int)2>(ch_est::puschRxChEstStatDescr_t *, ch_est::puschRxChEstDynDescr_t *)"
4089498199,2592,250177,103,1,1,128,1,1,16,0.000,0.000,,,,,NVIDIA A100-SXM4-40GB MIG 4g.20gb (0),1,,13,cupy_copy__complex64_complex64
4089514135,12608,250187,1434,1,1,128,1,1,16,0.000,0.000,,,,,NVIDIA A100-SXM4-40GB MIG 4g.20gb (0),1,,13,cupy_copy__complex64_complex64
4089534039,2880,250194,103,1,1,128,1,1,16,0.000,0.000,,,,,NVIDIA A100-SXM4-40GB MIG 4g.20gb (0),1,,13,cupy_copy__complex64_complex64
4089554455,87263,250201,1,1,1,32,32,1,30,0.000,0.000,,,,,NVIDIA A100-SXM4-40GB MIG 4g.20gb (0),1,,13,"void convert_kernel<__half2, float2>(tensor_layout_any, T1 *, tensor_layout_any, const T2 *)"
4089672853,8288,250204,,,,,,,,,,0.094,11304.985,Pinned,Device,NVIDIA A100-SXM4-40GB MIG 4g.20gb (0),1,,13,[CUDA memcpy Host-to-Device]
4089688981,47999,250205,,,,,,,,,,35.810,746028.063,Device,,NVIDIA A100-SXM4-40GB MIG 4g.20gb (0),1,,13,[CUDA memset]
4089737748,3808,250207,,,,,,,,,,0.000,21.008,Pinned,Device,NVIDIA A100-SXM4-40GB MIG 4g.20gb (0),1,,13,[CUDA memcpy Host-to-Device]
4089745396,13632,250208,,,,,,,,,,0.197,14422.376,Pinned,Device,NVIDIA A100-SXM4-40GB MIG 4g.20gb (0),1,,13,[CUDA memcpy Host-to-Device]
4089767412,12896,250209,273,1,1,48,1,1,40,0.000,0.001,,,,,NVIDIA A100-SXM4-40GB MIG 4g.20gb (0),1,,13,"void pusch_noise_intf_est::noiseIntfEstNoDftSOfdmKernel<float, __half, float, float, (unsigned int)2, (unsigned int)1, (unsigned char)4, (unsigned char)4>(pusch_noise_intf_est::puschRxNoiseIntfEstDynDescr)"
4089782932,3072,250220,35,1,1,128,1,1,16,0.000,0.000,,,,,NVIDIA A100-SXM4-40GB MIG 4g.20gb (0),1,,13,cupy_copy__complex64_complex64
4089790484,1952,250229,1,1,1,1,1,1,18,0.000,0.000,,,,,NVIDIA A100-SXM4-40GB MIG 4g.20gb (0),1,,13,cupy_copy__float32_float32
4089821619,1984,250235,,,,,,,,,,0.000,2.016,Device,Pageable,NVIDIA A100-SXM4-40GB MIG 4g.20gb (0),1,,7,[CUDA memcpy Device-to-Host]
4089882163,12831,250246,1434,1,1,128,1,1,16,0.000,0.000,,,,,NVIDIA A100-SXM4-40GB MIG 4g.20gb (0),1,,13,cupy_copy__complex64_complex64
4089909906,3328,250253,103,1,1,128,1,1,16,0.000,0.000,,,,,NVIDIA A100-SXM4-40GB MIG 4g.20gb (0),1,,13,cupy_copy__complex64_complex64
4089931794,2464,250260,35,1,1,128,1,1,16,0.000,0.000,,,,,NVIDIA A100-SXM4-40GB MIG 4g.20gb (0),1,,13,cupy_copy__complex64_complex64
4089947890,1728,250267,1,1,1,1,1,1,18,0.000,0.000,,,,,NVIDIA A100-SXM4-40GB MIG 4g.20gb (0),1,,13,cupy_copy__float32_float32
4090081104,82047,250278,1,1,1,32,32,1,30,0.000,0.000,,,,,NVIDIA A100-SXM4-40GB MIG 4g.20gb (0),1,,13,"void convert_kernel<__half2, float2>(tensor_layout_any, T1 *, tensor_layout_any, const T2 *)"
4090191087,6080,250281,,,,,,,,,,0.094,15410.462,Pinned,Device,NVIDIA A100-SXM4-40GB MIG 4g.20gb (0),1,,13,[CUDA memcpy Host-to-Device]
4090205487,3424,250282,,,,,,,,,,1.547,451700.819,Device,,NVIDIA A100-SXM4-40GB MIG 4g.20gb (0),1,,13,[CUDA memset]
4090211727,3231,250287,,,,,,,,,,0.031,9686.143,Pinned,Device,NVIDIA A100-SXM4-40GB MIG 4g.20gb (0),1,,13,[CUDA memcpy Host-to-Device]
4090217390,9536,250288,,,,,,,,,,0.197,20617.298,Pinned,Device,NVIDIA A100-SXM4-40GB MIG 4g.20gb (0),1,,13,[CUDA memcpy Host-to-Device]
4090232366,6176,250289,273,1,1,8,4,1,39,0.002,0.000,,,,,NVIDIA A100-SXM4-40GB MIG 4g.20gb (0),1,,13,"void channel_eq::eqMmseCoefCompLowMimoKernel<float, float, float, (unsigned int)4, (unsigned int)1, (unsigned int)4>(const channel_eq::_puschRxChEqStatDescr *, channel_eq::_puschRxChEqCoefCompDynDescr)"
4090240174,6304,250290,273,1,1,12,11,1,51,0.002,0.000,,,,,NVIDIA A100-SXM4-40GB MIG 4g.20gb (0),1,,13,"void channel_eq::eqMmseSoftDemapKernel<float, __half, __half, float, (unsigned int)4, (unsigned short)16383>(channel_eq::_puschRxChEqStatDescr *, channel_eq::_puschRxChEqSoftDemapDynDescr)"
4090249454,294620,250291,1,1,1,32,32,1,30,0.000,0.000,,,,,NVIDIA A100-SXM4-40GB MIG 4g.20gb (0),1,,13,"void convert_kernel<float2, __half2>(tensor_layout_any, T1 *, tensor_layout_any, const T2 *)"
4090545194,10944,250303,2253,1,1,128,1,1,16,0.000,0.000,,,,,NVIDIA A100-SXM4-40GB MIG 4g.20gb (0),1,,13,cupy_copy__float16_float16
4090559818,3616,250312,282,1,1,128,1,1,16,0.000,0.000,,,,,NVIDIA A100-SXM4-40GB MIG 4g.20gb (0),1,,13,cupy_copy__complex64_complex64
4090565386,2016,250321,26,1,1,128,1,1,16,0.000,0.000,,,,,NVIDIA A100-SXM4-40GB MIG 4g.20gb (0),1,,13,cupy_copy__float32_float32
4090571146,3296,250330,103,1,1,128,1,1,16,0.000,0.000,,,,,NVIDIA A100-SXM4-40GB MIG 4g.20gb (0),1,,13,cupy_copy__complex64_complex64
4090576106,12064,250340,1434,1,1,128,1,1,16,0.000,0.000,,,,,NVIDIA A100-SXM4-40GB MIG 4g.20gb (0),1,,13,cupy_copy__complex64_complex64
4090591914,81887,250345,1,1,1,32,32,1,30,0.000,0.000,,,,,NVIDIA A100-SXM4-40GB MIG 4g.20gb (0),1,,13,"void convert_kernel<__half2, float2>(tensor_layout_any, T1 *, tensor_layout_any, const T2 *)"
4090700744,5728,250348,,,,,,,,,,0.094,16357.541,Pinned,Device,NVIDIA A100-SXM4-40GB MIG 4g.20gb (0),1,,13,[CUDA memcpy Host-to-Device]
4090710312,595833,250349,,,,,,,,,,456.561,766110.096,Device,,NVIDIA A100-SXM4-40GB MIG 4g.20gb (0),1,,13,[CUDA memset]
4091313729,172574,250354,,,,,,,,,,1.235,7155.266,Pinned,Device,NVIDIA A100-SXM4-40GB MIG 4g.20gb (0),1,,13,[CUDA memcpy Host-to-Device]
4091495871,40511,250355,,,,,,,,,,0.197,4853.072,Pinned,Device,NVIDIA A100-SXM4-40GB MIG 4g.20gb (0),1,,13,[CUDA memcpy Host-to-Device]
4091565726,8192,250356,69,4,1,48,1,1,76,0.002,0.000,,,,,NVIDIA A100-SXM4-40GB MIG 4g.20gb (0),1,,13,"void ch_est::windowedChEstPreNoDftSOfdmKernel<float, __half, float, (unsigned int)2, (unsigned int)1, (unsigned short)4>(ch_est::puschRxChEstStatDescr_t *, ch_est::puschRxChEstDynDescr_t *)"
4091583934,6912,250357,137,2,1,24,2,1,44,0.001,0.001,,,,,NVIDIA A100-SXM4-40GB MIG 4g.20gb (0),1,,13,"void ch_est::chEstFilterNoDftSOfdmDispatchKernel<float, __half, float, (unsigned int)2>(ch_est::puschRxChEstStatDescr_t *, ch_est::puschRxChEstDynDescr_t *)"
4091603453,4768,250358,137,2,1,24,2,1,44,0.001,0.001,,,,,NVIDIA A100-SXM4-40GB MIG 4g.20gb (0),1,,13,"void ch_est::chEstFilterNoDftSOfdmDispatchKernel<float, __half, float, (unsigned int)2>(ch_est::puschRxChEstStatDescr_t *, ch_est::puschRxChEstDynDescr_t *)"
4091620285,2688,250369,103,1,1,128,1,1,16,0.000,0.000,,,,,NVIDIA A100-SXM4-40GB MIG 4g.20gb (0),1,,13,cupy_copy__complex64_complex64
4091637693,12672,250379,1434,1,1,128,1,1,16,0.000,0.000,,,,,NVIDIA A100-SXM4-40GB MIG 4g.20gb (0),1,,13,cupy_copy__complex64_complex64
4091656061,2912,250386,103,1,1,128,1,1,16,0.000,0.000,,,,,NVIDIA A100-SXM4-40GB MIG 4g.20gb (0),1,,13,cupy_copy__complex64_complex64
4091682652,105055,250393,1,1,1,32,32,1,30,0.000,0.000,,,,,NVIDIA A100-SXM4-40GB MIG 4g.20gb (0),1,,13,"void convert_kernel<__half2, float2>(tensor_layout_any, T1 *, tensor_layout_any, const T2 *)"
4091820827,21087,250396,,,,,,,,,,0.094,4443.252,Pinned,Device,NVIDIA A100-SXM4-40GB MIG 4g.20gb (0),1,,13,[CUDA memcpy Host-to-Device]
4091853210,47232,250397,,,,,,,,,,35.810,758167.626,Device,,NVIDIA A100-SXM4-40GB MIG 4g.20gb (0),1,,13,[CUDA memset]
4091902682,12832,250399,,,,,,,,,,0.000,6.234,Pinned,Device,NVIDIA A100-SXM4-40GB MIG 4g.20gb (0),1,,13,[CUDA memcpy Host-to-Device]
4091923961,19648,250400,,,,,,,,,,0.197,10006.364,Pinned,Device,NVIDIA A100-SXM4-40GB MIG 4g.20gb (0),1,,13,[CUDA memcpy Host-to-Device]
4091960409,9824,250401,273,1,1,48,1,1,40,0.000,0.001,,,,,NVIDIA A100-SXM4-40GB MIG 4g.20gb (0),1,,13,"void pusch_noise_intf_est::noiseIntfEstNoDftSOfdmKernel<float, __half, float, float, (unsigned int)2, (unsigned int)1, (unsigned char)4, (unsigned char)4>(pusch_noise_intf_est::puschRxNoiseIntfEstDynDescr)"
4091979385,2848,250412,35,1,1,128,1,1,16,0.000,0.000,,,,,NVIDIA A100-SXM4-40GB MIG 4g.20gb (0),1,,13,cupy_copy__complex64_complex64
4091997241,1727,250421,1,1,1,1,1,1,18,0.000,0.000,,,,,NVIDIA A100-SXM4-40GB MIG 4g.20gb (0),1,,13,cupy_copy__float32_float32
4092003576,6720,250427,,,,,,,,,,0.000,0.595,Device,Pageable,NVIDIA A100-SXM4-40GB MIG 4g.20gb (0),1,,7,[CUDA memcpy Device-to-Host]
4092079000,12703,250438,1434,1,1,128,1,1,16,0.000,0.000,,,,,NVIDIA A100-SXM4-40GB MIG 4g.20gb (0),1,,13,cupy_copy__complex64_complex64
4092105815,3488,250445,103,1,1,128,1,1,16,0.000,0.000,,,,,NVIDIA A100-SXM4-40GB MIG 4g.20gb (0),1,,13,cupy_copy__complex64_complex64
4092125591,2528,250452,35,1,1,128,1,1,16,0.000,0.000,,,,,NVIDIA A100-SXM4-40GB MIG 4g.20gb (0),1,,13,cupy_copy__complex64_complex64
4092143287,1888,250459,1,1,1,1,1,1,18,0.000,0.000,,,,,NVIDIA A100-SXM4-40GB MIG 4g.20gb (0),1,,13,cupy_copy__float32_float32
4092269141,81791,250470,1,1,1,32,32,1,30,0.000,0.000,,,,,NVIDIA A100-SXM4-40GB MIG 4g.20gb (0),1,,13,"void convert_kernel<__half2, float2>(tensor_layout_any, T1 *, tensor_layout_any, const T2 *)"
4092378324,5568,250473,,,,,,,,,,0.094,16827.521,Pinned,Device,NVIDIA A100-SXM4-40GB MIG 4g.20gb (0),1,,13,[CUDA memcpy Host-to-Device]
4092394516,3168,250474,,,,,,,,,,1.547,488201.145,Device,,NVIDIA A100-SXM4-40GB MIG 4g.20gb (0),1,,13,[CUDA memset]
4092399572,3744,250479,,,,,,,,,,0.031,8358.974,Pinned,Device,NVIDIA A100-SXM4-40GB MIG 4g.20gb (0),1,,13,[CUDA memcpy Host-to-Device]
4092405747,10176,250480,,,,,,,,,,0.197,19320.668,Pinned,Device,NVIDIA A100-SXM4-40GB MIG 4g.20gb (0),1,,13,[CUDA memcpy Host-to-Device]
4092421651,6240,250481,273,1,1,8,4,1,39,0.002,0.000,,,,,NVIDIA A100-SXM4-40GB MIG 4g.20gb (0),1,,13,"void channel_eq::eqMmseCoefCompLowMimoKernel<float, float, float, (unsigned int)4, (unsigned int)1, (unsigned int)4>(const channel_eq::_puschRxChEqStatDescr *, channel_eq::_puschRxChEqCoefCompDynDescr)"
4092429491,6432,250482,273,1,1,12,11,1,51,0.002,0.000,,,,,NVIDIA A100-SXM4-40GB MIG 4g.20gb (0),1,,13,"void channel_eq::eqMmseSoftDemapKernel<float, __half, __half, float, (unsigned int)4, (unsigned short)16383>(channel_eq::_puschRxChEqStatDescr *, channel_eq::_puschRxChEqSoftDemapDynDescr)"
4092438931,279645,250483,1,1,1,32,32,1,30,0.000,0.000,,,,,NVIDIA A100-SXM4-40GB MIG 4g.20gb (0),1,,13,"void convert_kernel<float2, __half2>(tensor_layout_any, T1 *, tensor_layout_any, const T2 *)"
4092719568,11039,250495,2253,1,1,128,1,1,16,0.000,0.000,,,,,NVIDIA A100-SXM4-40GB MIG 4g.20gb (0),1,,13,cupy_copy__float16_float16
4092732495,3168,250504,282,1,1,128,1,1,16,0.000,0.000,,,,,NVIDIA A100-SXM4-40GB MIG 4g.20gb (0),1,,13,cupy_copy__complex64_complex64
4092739023,2400,250513,26,1,1,128,1,1,16,0.000,0.000,,,,,NVIDIA A100-SXM4-40GB MIG 4g.20gb (0),1,,13,cupy_copy__float32_float32
4092743951,3200,250522,103,1,1,128,1,1,16,0.000,0.000,,,,,NVIDIA A100-SXM4-40GB MIG 4g.20gb (0),1,,13,cupy_copy__complex64_complex64
4092749647,11936,250532,1434,1,1,128,1,1,16,0.000,0.000,,,,,NVIDIA A100-SXM4-40GB MIG 4g.20gb (0),1,,13,cupy_copy__complex64_complex64
4092767567,87487,250537,1,1,1,32,32,1,30,0.000,0.000,,,,,NVIDIA A100-SXM4-40GB MIG 4g.20gb (0),1,,13,"void convert_kernel<__half2, float2>(tensor_layout_any, T1 *, tensor_layout_any, const T2 *)"
4092881806,5408,250540,,,,,,,,,,0.094,17325.421,Pinned,Device,NVIDIA A100-SXM4-40GB MIG 4g.20gb (0),1,,13,[CUDA memcpy Host-to-Device]
4092891693,598969,250541,,,,,,,,,,456.561,762001.043,Device,,NVIDIA A100-SXM4-40GB MIG 4g.20gb (0),1,,13,[CUDA memset]
4093494918,108063,250546,,,,,,,,,,1.235,11426.937,Pinned,Device,NVIDIA A100-SXM4-40GB MIG 4g.20gb (0),1,,13,[CUDA memcpy Host-to-Device]
4093611461,25375,250547,,,,,,,,,,0.197,7747.928,Pinned,Device,NVIDIA A100-SXM4-40GB MIG 4g.20gb (0),1,,13,[CUDA memcpy Host-to-Device]
4093654244,8288,250548,69,4,1,48,1,1,76,0.002,0.000,,,,,NVIDIA A100-SXM4-40GB MIG 4g.20gb (0),1,,13,"void ch_est::windowedChEstPreNoDftSOfdmKernel<float, __half, float, (unsigned int)2, (unsigned int)1, (unsigned short)4>(ch_est::puschRxChEstStatDescr_t *, ch_est::puschRxChEstDynDescr_t *)"
4093673348,6624,250549,137,2,1,24,2,1,44,0.001,0.001,,,,,NVIDIA A100-SXM4-40GB MIG 4g.20gb (0),1,,13,"void ch_est::chEstFilterNoDftSOfdmDispatchKernel<float, __half, float, (unsigned int)2>(ch_est::puschRxChEstStatDescr_t *, ch_est::puschRxChEstDynDescr_t *)"
4093686436,4736,250550,137,2,1,24,2,1,44,0.001,0.001,,,,,NVIDIA A100-SXM4-40GB MIG 4g.20gb (0),1,,13,"void ch_est::chEstFilterNoDftSOfdmDispatchKernel<float, __half, float, (unsigned int)2>(ch_est::puschRxChEstStatDescr_t *, ch_est::puschRxChEstDynDescr_t *)"
4093701636,2623,250561,103,1,1,128,1,1,16,0.000,0.000,,,,,NVIDIA A100-SXM4-40GB MIG 4g.20gb (0),1,,13,cupy_copy__complex64_complex64
4093715171,12736,250571,1434,1,1,128,1,1,16,0.000,0.000,,,,,NVIDIA A100-SXM4-40GB MIG 4g.20gb (0),1,,13,cupy_copy__complex64_complex64
4093749411,2560,250578,103,1,1,128,1,1,16,0.000,0.000,,,,,NVIDIA A100-SXM4-40GB MIG 4g.20gb (0),1,,13,cupy_copy__complex64_complex64
4093767715,82655,250585,1,1,1,32,32,1,30,0.000,0.000,,,,,NVIDIA A100-SXM4-40GB MIG 4g.20gb (0),1,,13,"void convert_kernel<__half2, float2>(tensor_layout_any, T1 *, tensor_layout_any, const T2 *)"
4093886689,22368,250588,,,,,,,,,,0.094,4188.773,Pinned,Device,NVIDIA A100-SXM4-40GB MIG 4g.20gb (0),1,,13,[CUDA memcpy Host-to-Device]
4093925505,45855,250589,,,,,,,,,,35.810,780906.925,Device,,NVIDIA A100-SXM4-40GB MIG 4g.20gb (0),1,,13,[CUDA memset]
4093972288,14368,250591,,,,,,,,,,0.000,5.568,Pinned,Device,NVIDIA A100-SXM4-40GB MIG 4g.20gb (0),1,,13,[CUDA memcpy Host-to-Device]
4093997056,39039,250592,,,,,,,,,,0.197,5036.114,Pinned,Device,NVIDIA A100-SXM4-40GB MIG 4g.20gb (0),1,,13,[CUDA memcpy Host-to-Device]
4094063167,9312,250593,273,1,1,48,1,1,40,0.000,0.001,,,,,NVIDIA A100-SXM4-40GB MIG 4g.20gb (0),1,,13,"void pusch_noise_intf_est::noiseIntfEstNoDftSOfdmKernel<float, __half, float, float, (unsigned int)2, (unsigned int)1, (unsigned char)4, (unsigned char)4>(pusch_noise_intf_est::puschRxNoiseIntfEstDynDescr)"
4094080447,2720,250604,35,1,1,128,1,1,16,0.000,0.000,,,,,NVIDIA A100-SXM4-40GB MIG 4g.20gb (0),1,,13,cupy_copy__complex64_complex64
4094097087,1728,250613,1,1,1,1,1,1,18,0.000,0.000,,,,,NVIDIA A100-SXM4-40GB MIG 4g.20gb (0),1,,13,cupy_copy__float32_float32
4094105119,7903,250619,,,,,,,,,,0.000,0.506,Device,Pageable,NVIDIA A100-SXM4-40GB MIG 4g.20gb (0),1,,7,[CUDA memcpy Device-to-Host]
4094205885,12800,250630,1434,1,1,128,1,1,16,0.000,0.000,,,,,NVIDIA A100-SXM4-40GB MIG 4g.20gb (0),1,,13,cupy_copy__complex64_complex64
4094228509,3360,250637,103,1,1,128,1,1,16,0.000,0.000,,,,,NVIDIA A100-SXM4-40GB MIG 4g.20gb (0),1,,13,cupy_copy__complex64_complex64
4094247581,2176,250644,35,1,1,128,1,1,16,0.000,0.000,,,,,NVIDIA A100-SXM4-40GB MIG 4g.20gb (0),1,,13,cupy_copy__complex64_complex64
4094251325,1792,250651,1,1,1,1,1,1,18,0.000,0.000,,,,,NVIDIA A100-SXM4-40GB MIG 4g.20gb (0),1,,13,cupy_copy__float32_float32
4094393243,89599,250662,1,1,1,32,32,1,30,0.000,0.000,,,,,NVIDIA A100-SXM4-40GB MIG 4g.20gb (0),1,,13,"void convert_kernel<__half2, float2>(tensor_layout_any, T1 *, tensor_layout_any, const T2 *)"
4094512122,12767,250665,,,,,,,,,,0.094,7338.833,Pinned,Device,NVIDIA A100-SXM4-40GB MIG 4g.20gb (0),1,,13,[CUDA memcpy Host-to-Device]
4094533113,3392,250666,,,,,,,,,,1.547,455961.768,Device,,NVIDIA A100-SXM4-40GB MIG 4g.20gb (0),1,,13,[CUDA memset]
4094538809,7424,250671,,,,,,,,,,0.031,4215.509,Pinned,Device,NVIDIA A100-SXM4-40GB MIG 4g.20gb (0),1,,13,[CUDA memcpy Host-to-Device]
4094549113,15712,250672,,,,,,,,,,0.197,12513.116,Pinned,Device,NVIDIA A100-SXM4-40GB MIG 4g.20gb (0),1,,13,[CUDA memcpy Host-to-Device]
4094577433,6624,250673,273,1,1,8,4,1,39,0.002,0.000,,,,,NVIDIA A100-SXM4-40GB MIG 4g.20gb (0),1,,13,"void channel_eq::eqMmseCoefCompLowMimoKernel<float, float, float, (unsigned int)4, (unsigned int)1, (unsigned int)4>(const channel_eq::_puschRxChEqStatDescr *, channel_eq::_puschRxChEqCoefCompDynDescr)"
4094588313,8063,250674,273,1,1,12,11,1,51,0.002,0.000,,,,,NVIDIA A100-SXM4-40GB MIG 4g.20gb (0),1,,13,"void channel_eq::eqMmseSoftDemapKernel<float, __half, __half, float, (unsigned int)4, (unsigned short)16383>(channel_eq::_puschRxChEqStatDescr *, channel_eq::_puschRxChEqSoftDemapDynDescr)"
4094601560,282941,250675,1,1,1,32,32,1,30,0.000,0.000,,,,,NVIDIA A100-SXM4-40GB MIG 4g.20gb (0),1,,13,"void convert_kernel<float2, __half2>(tensor_layout_any, T1 *, tensor_layout_any, const T2 *)"
4094886293,11328,250687,2253,1,1,128,1,1,16,0.000,0.000,,,,,NVIDIA A100-SXM4-40GB MIG 4g.20gb (0),1,,13,cupy_copy__float16_float16
4094899797,3200,250696,282,1,1,128,1,1,16,0.000,0.000,,,,,NVIDIA A100-SXM4-40GB MIG 4g.20gb (0),1,,13,cupy_copy__complex64_complex64
4094904853,2176,250705,26,1,1,128,1,1,16,0.000,0.000,,,,,NVIDIA A100-SXM4-40GB MIG 4g.20gb (0),1,,13,cupy_copy__float32_float32
4094911285,2912,250714,103,1,1,128,1,1,16,0.000,0.000,,,,,NVIDIA A100-SXM4-40GB MIG 4g.20gb (0),1,,13,cupy_copy__complex64_complex64
4094915861,11807,250724,1434,1,1,128,1,1,16,0.000,0.000,,,,,NVIDIA A100-SXM4-40GB MIG 4g.20gb (0),1,,13,cupy_copy__complex64_complex64
4094930228,85951,250729,1,1,1,32,32,1,30,0.000,0.000,,,,,NVIDIA A100-SXM4-40GB MIG 4g.20gb (0),1,,13,"void convert_kernel<__half2, float2>(tensor_layout_any, T1 *, tensor_layout_any, const T2 *)"
4095044755,5376,250732,,,,,,,,,,0.094,17428.487,Pinned,Device,NVIDIA A100-SXM4-40GB MIG 4g.20gb (0),1,,13,[CUDA memcpy Host-to-Device]
4095054707,596952,250733,,,,,,,,,,456.561,764740.412,Device,,NVIDIA A100-SXM4-40GB MIG 4g.20gb (0),1,,13,[CUDA memset]
4095655435,144383,250738,,,,,,,,,,1.235,8553.222,Pinned,Device,NVIDIA A100-SXM4-40GB MIG 4g.20gb (0),1,,13,[CUDA memcpy Host-to-Device]
4095809674,26495,250739,,,,,,,,,,0.197,7420.379,Pinned,Device,NVIDIA A100-SXM4-40GB MIG 4g.20gb (0),1,,13,[CUDA memcpy Host-to-Device]
4095848041,8192,250740,69,4,1,48,1,1,76,0.002,0.000,,,,,NVIDIA A100-SXM4-40GB MIG 4g.20gb (0),1,,13,"void ch_est::windowedChEstPreNoDftSOfdmKernel<float, __half, float, (unsigned int)2, (unsigned int)1, (unsigned short)4>(ch_est::puschRxChEstStatDescr_t *, ch_est::puschRxChEstDynDescr_t *)"
4095864713,6944,250741,137,2,1,24,2,1,44,0.001,0.001,,,,,NVIDIA A100-SXM4-40GB MIG 4g.20gb (0),1,,13,"void ch_est::chEstFilterNoDftSOfdmDispatchKernel<float, __half, float, (unsigned int)2>(ch_est::puschRxChEstStatDescr_t *, ch_est::puschRxChEstDynDescr_t *)"
4095877353,4896,250742,137,2,1,24,2,1,44,0.001,0.001,,,,,NVIDIA A100-SXM4-40GB MIG 4g.20gb (0),1,,13,"void ch_est::chEstFilterNoDftSOfdmDispatchKernel<float, __half, float, (unsigned int)2>(ch_est::puschRxChEstStatDescr_t *, ch_est::puschRxChEstDynDescr_t *)"
4095886569,2528,250753,103,1,1,128,1,1,16,0.000,0.000,,,,,NVIDIA A100-SXM4-40GB MIG 4g.20gb (0),1,,13,cupy_copy__complex64_complex64
4095896936,12544,250763,1434,1,1,128,1,1,16,0.000,0.000,,,,,NVIDIA A100-SXM4-40GB MIG 4g.20gb (0),1,,13,cupy_copy__complex64_complex64
4095913864,3008,250770,103,1,1,128,1,1,16,0.000,0.000,,,,,NVIDIA A100-SXM4-40GB MIG 4g.20gb (0),1,,13,cupy_copy__complex64_complex64
4095922376,84095,250777,1,1,1,32,32,1,30,0.000,0.000,,,,,NVIDIA A100-SXM4-40GB MIG 4g.20gb (0),1,,13,"void convert_kernel<__half2, float2>(tensor_layout_any, T1 *, tensor_layout_any, const T2 *)"
4096033895,5408,250780,,,,,,,,,,0.094,17325.421,Pinned,Device,NVIDIA A100-SXM4-40GB MIG 4g.20gb (0),1,,13,[CUDA memcpy Host-to-Device]
4096046439,46783,250781,,,,,,,,,,35.810,765437.040,Device,,NVIDIA A100-SXM4-40GB MIG 4g.20gb (0),1,,13,[CUDA memset]
4096097478,3456,250783,,,,,,,,,,0.000,23.148,Pinned,Device,NVIDIA A100-SXM4-40GB MIG 4g.20gb (0),1,,13,[CUDA memcpy Host-to-Device]
4096104998,11936,250784,,,,,,,,,,0.197,16471.818,Pinned,Device,NVIDIA A100-SXM4-40GB MIG 4g.20gb (0),1,,13,[CUDA memcpy Host-to-Device]
4096123622,10368,250785,273,1,1,48,1,1,40,0.000,0.001,,,,,NVIDIA A100-SXM4-40GB MIG 4g.20gb (0),1,,13,"void pusch_noise_intf_est::noiseIntfEstNoDftSOfdmKernel<float, __half, float, float, (unsigned int)2, (unsigned int)1, (unsigned char)4, (unsigned char)4>(pusch_noise_intf_est::puschRxNoiseIntfEstDynDescr)"
4096138661,3040,250796,35,1,1,128,1,1,16,0.000,0.000,,,,,NVIDIA A100-SXM4-40GB MIG 4g.20gb (0),1,,13,cupy_copy__complex64_complex64
4096157605,1984,250805,1,1,1,1,1,1,18,0.000,0.000,,,,,NVIDIA A100-SXM4-40GB MIG 4g.20gb (0),1,,13,cupy_copy__float32_float32
4096187205,1600,250811,,,,,,,,,,0.000,2.500,Device,Pageable,NVIDIA A100-SXM4-40GB MIG 4g.20gb (0),1,,7,[CUDA memcpy Device-to-Host]
4096247300,13056,250822,1434,1,1,128,1,1,16,0.000,0.000,,,,,NVIDIA A100-SXM4-40GB MIG 4g.20gb (0),1,,13,cupy_copy__complex64_complex64
4096274020,2752,250829,103,1,1,128,1,1,16,0.000,0.000,,,,,NVIDIA A100-SXM4-40GB MIG 4g.20gb (0),1,,13,cupy_copy__complex64_complex64
4096295204,2176,250836,35,1,1,128,1,1,16,0.000,0.000,,,,,NVIDIA A100-SXM4-40GB MIG 4g.20gb (0),1,,13,cupy_copy__complex64_complex64
4096312067,1792,250843,1,1,1,1,1,1,18,0.000,0.000,,,,,NVIDIA A100-SXM4-40GB MIG 4g.20gb (0),1,,13,cupy_copy__float32_float32
4096444290,87583,250854,1,1,1,32,32,1,30,0.000,0.000,,,,,NVIDIA A100-SXM4-40GB MIG 4g.20gb (0),1,,13,"void convert_kernel<__half2, float2>(tensor_layout_any, T1 *, tensor_layout_any, const T2 *)"
4096559648,5472,250857,,,,,,,,,,0.094,17122.757,Pinned,Device,NVIDIA A100-SXM4-40GB MIG 4g.20gb (0),1,,13,[CUDA memcpy Host-to-Device]
4096575840,3232,250858,,,,,,,,,,1.547,478533.199,Device,,NVIDIA A100-SXM4-40GB MIG 4g.20gb (0),1,,13,[CUDA memset]
4096582592,3040,250863,,,,,,,,,,0.031,10294.725,Pinned,Device,NVIDIA A100-SXM4-40GB MIG 4g.20gb (0),1,,13,[CUDA memcpy Host-to-Device]
4096588064,10208,250864,,,,,,,,,,0.197,19260.113,Pinned,Device,NVIDIA A100-SXM4-40GB MIG 4g.20gb (0),1,,13,[CUDA memcpy Host-to-Device]
4096604928,8288,250865,273,1,1,8,4,1,39,0.002,0.000,,,,,NVIDIA A100-SXM4-40GB MIG 4g.20gb (0),1,,13,"void channel_eq::eqMmseCoefCompLowMimoKernel<float, float, float, (unsigned int)4, (unsigned int)1, (unsigned int)4>(const channel_eq::_puschRxChEqStatDescr *, channel_eq::_puschRxChEqCoefCompDynDescr)"
4096616064,5888,250866,273,1,1,12,11,1,51,0.002,0.000,,,,,NVIDIA A100-SXM4-40GB MIG 4g.20gb (0),1,,13,"void channel_eq::eqMmseSoftDemapKernel<float, __half, __half, float, (unsigned int)4, (unsigned short)16383>(channel_eq::_puschRxChEqStatDescr *, channel_eq::_puschRxChEqSoftDemapDynDescr)"
4096623072,282204,250867,1,1,1,32,32,1,30,0.000,0.000,,,,,NVIDIA A100-SXM4-40GB MIG 4g.20gb (0),1,,13,"void convert_kernel<float2, __half2>(tensor_layout_any, T1 *, tensor_layout_any, const T2 *)"
4096906204,11008,250879,2253,1,1,128,1,1,16,0.000,0.000,,,,,NVIDIA A100-SXM4-40GB MIG 4g.20gb (0),1,,13,cupy_copy__float16_float16
4096918812,2976,250888,282,1,1,128,1,1,16,0.000,0.000,,,,,NVIDIA A100-SXM4-40GB MIG 4g.20gb (0),1,,13,cupy_copy__complex64_complex64
4096923644,2048,250897,26,1,1,128,1,1,16,0.000,0.000,,,,,NVIDIA A100-SXM4-40GB MIG 4g.20gb (0),1,,13,cupy_copy__float32_float32
4096929180,3360,250906,103,1,1,128,1,1,16,0.000,0.000,,,,,NVIDIA A100-SXM4-40GB MIG 4g.20gb (0),1,,13,cupy_copy__complex64_complex64
4096933692,12000,250916,1434,1,1,128,1,1,16,0.000,0.000,,,,,NVIDIA A100-SXM4-40GB MIG 4g.20gb (0),1,,13,cupy_copy__complex64_complex64
4096947068,82239,250921,1,1,1,32,32,1,30,0.000,0.000,,,,,NVIDIA A100-SXM4-40GB MIG 4g.20gb (0),1,,13,"void convert_kernel<__half2, float2>(tensor_layout_any, T1 *, tensor_layout_any, const T2 *)"
4097055962,5984,250924,,,,,,,,,,0.094,15657.726,Pinned,Device,NVIDIA A100-SXM4-40GB MIG 4g.20gb (0),1,,13,[CUDA memcpy Host-to-Device]
4097065978,597977,250925,,,,,,,,,,456.561,763370.728,Device,,NVIDIA A100-SXM4-40GB MIG 4g.20gb (0),1,,13,[CUDA memset]
4097668627,152958,250930,,,,,,,,,,1.235,8072.829,Pinned,Device,NVIDIA A100-SXM4-40GB MIG 4g.20gb (0),1,,13,[CUDA memcpy Host-to-Device]
4097833681,41759,250931,,,,,,,,,,0.197,4707.975,Pinned,Device,NVIDIA A100-SXM4-40GB MIG 4g.20gb (0),1,,13,[CUDA memcpy Host-to-Device]
4097894064,8000,250932,69,4,1,48,1,1,76,0.002,0.000,,,,,NVIDIA A100-SXM4-40GB MIG 4g.20gb (0),1,,13,"void ch_est::windowedChEstPreNoDftSOfdmKernel<float, __half, float, (unsigned int)2, (unsigned int)1, (unsigned short)4>(ch_est::puschRxChEstStatDescr_t *, ch_est::puschRxChEstDynDescr_t *)"
4097911920,6784,250933,137,2,1,24,2,1,44,0.001,0.001,,,,,NVIDIA A100-SXM4-40GB MIG 4g.20gb (0),1,,13,"void ch_est::chEstFilterNoDftSOfdmDispatchKernel<float, __half, float, (unsigned int)2>(ch_est::puschRxChEstStatDescr_t *, ch_est::puschRxChEstDynDescr_t *)"
4097928367,4928,250934,137,2,1,24,2,1,44,0.001,0.001,,,,,NVIDIA A100-SXM4-40GB MIG 4g.20gb (0),1,,13,"void ch_est::chEstFilterNoDftSOfdmDispatchKernel<float, __half, float, (unsigned int)2>(ch_est::puschRxChEstStatDescr_t *, ch_est::puschRxChEstDynDescr_t *)"
4097942351,2720,250945,103,1,1,128,1,1,16,0.000,0.000,,,,,NVIDIA A100-SXM4-40GB MIG 4g.20gb (0),1,,13,cupy_copy__complex64_complex64
4097957583,12512,250955,1434,1,1,128,1,1,16,0.000,0.000,,,,,NVIDIA A100-SXM4-40GB MIG 4g.20gb (0),1,,13,cupy_copy__complex64_complex64
4097990543,2560,250962,103,1,1,128,1,1,16,0.000,0.000,,,,,NVIDIA A100-SXM4-40GB MIG 4g.20gb (0),1,,13,cupy_copy__complex64_complex64
4098003247,83838,250969,1,1,1,32,32,1,30,0.000,0.000,,,,,NVIDIA A100-SXM4-40GB MIG 4g.20gb (0),1,,13,"void convert_kernel<__half2, float2>(tensor_layout_any, T1 *, tensor_layout_any, const T2 *)"
4098117165,12928,250972,,,,,,,,,,0.094,7247.479,Pinned,Device,NVIDIA A100-SXM4-40GB MIG 4g.20gb (0),1,,13,[CUDA memcpy Host-to-Device]
4098141133,47743,250973,,,,,,,,,,35.810,750038.774,Device,,NVIDIA A100-SXM4-40GB MIG 4g.20gb (0),1,,13,[CUDA memset]
4098190348,6816,250975,,,,,,,,,,0.000,11.737,Pinned,Device,NVIDIA A100-SXM4-40GB MIG 4g.20gb (0),1,,13,[CUDA memcpy Host-to-Device]
4098203980,14176,250976,,,,,,,,,,0.197,13868.925,Pinned,Device,NVIDIA A100-SXM4-40GB MIG 4g.20gb (0),1,,13,[CUDA memcpy Host-to-Device]
4098228972,12000,250977,273,1,1,48,1,1,40,0.000,0.001,,,,,NVIDIA A100-SXM4-40GB MIG 4g.20gb (0),1,,13,"void pusch_noise_intf_est::noiseIntfEstNoDftSOfdmKernel<float, __half, float, float, (unsigned int)2, (unsigned int)1, (unsigned char)4, (unsigned char)4>(pusch_noise_intf_est::puschRxNoiseIntfEstDynDescr)"
4098245356,3167,250988,35,1,1,128,1,1,16,0.000,0.000,,,,,NVIDIA A100-SXM4-40GB MIG 4g.20gb (0),1,,13,cupy_copy__complex64_complex64
4098254411,1728,250997,1,1,1,1,1,1,18,0.000,0.000,,,,,NVIDIA A100-SXM4-40GB MIG 4g.20gb (0),1,,13,cupy_copy__float32_float32
4098266283,3744,251003,,,,,,,,,,0.000,1.068,Device,Pageable,NVIDIA A100-SXM4-40GB MIG 4g.20gb (0),1,,7,[CUDA memcpy Device-to-Host]
4098331946,12832,251014,1434,1,1,128,1,1,16,0.000,0.000,,,,,NVIDIA A100-SXM4-40GB MIG 4g.20gb (0),1,,13,cupy_copy__complex64_complex64
4098359722,3360,251021,103,1,1,128,1,1,16,0.000,0.000,,,,,NVIDIA A100-SXM4-40GB MIG 4g.20gb (0),1,,13,cupy_copy__complex64_complex64
4098379466,2560,251028,35,1,1,128,1,1,16,0.000,0.000,,,,,NVIDIA A100-SXM4-40GB MIG 4g.20gb (0),1,,13,cupy_copy__complex64_complex64
4098397866,1824,251035,1,1,1,1,1,1,18,0.000,0.000,,,,,NVIDIA A100-SXM4-40GB MIG 4g.20gb (0),1,,13,cupy_copy__float32_float32
4098528520,82495,251046,1,1,1,32,32,1,30,0.000,0.000,,,,,NVIDIA A100-SXM4-40GB MIG 4g.20gb (0),1,,13,"void convert_kernel<__half2, float2>(tensor_layout_any, T1 *, tensor_layout_any, const T2 *)"
4098638503,5376,251049,,,,,,,,,,0.094,17428.487,Pinned,Device,NVIDIA A100-SXM4-40GB MIG 4g.20gb (0),1,,13,[CUDA memcpy Host-to-Device]
4098653479,3327,251050,,,,,,,,,,1.547,464870.322,Device,,NVIDIA A100-SXM4-40GB MIG 4g.20gb (0),1,,13,[CUDA memset]
4098660134,3264,251055,,,,,,,,,,0.031,9588.218,Pinned,Device,NVIDIA A100-SXM4-40GB MIG 4g.20gb (0),1,,13,[CUDA memcpy Host-to-Device]
4098665958,9728,251056,,,,,,,,,,0.197,20210.516,Pinned,Device,NVIDIA A100-SXM4-40GB MIG 4g.20gb (0),1,,13,[CUDA memcpy Host-to-Device]
4098681062,8352,251057,273,1,1,8,4,1,39,0.002,0.000,,,,,NVIDIA A100-SXM4-40GB MIG 4g.20gb (0),1,,13,"void channel_eq::eqMmseCoefCompLowMimoKernel<float, float, float, (unsigned int)4, (unsigned int)1, (unsigned int)4>(const channel_eq::_puschRxChEqStatDescr *, channel_eq::_puschRxChEqCoefCompDynDescr)"
4098690406,6016,251058,273,1,1,12,11,1,51,0.002,0.000,,,,,NVIDIA A100-SXM4-40GB MIG 4g.20gb (0),1,,13,"void channel_eq::eqMmseSoftDemapKernel<float, __half, __half, float, (unsigned int)4, (unsigned short)16383>(channel_eq::_puschRxChEqStatDescr *, channel_eq::_puschRxChEqSoftDemapDynDescr)"
4098697734,295068,251059,1,1,1,32,32,1,30,0.000,0.000,,,,,NVIDIA A100-SXM4-40GB MIG 4g.20gb (0),1,,13,"void convert_kernel<float2, __half2>(tensor_layout_any, T1 *, tensor_layout_any, const T2 *)"
4098993922,11040,251071,2253,1,1,128,1,1,16,0.000,0.000,,,,,NVIDIA A100-SXM4-40GB MIG 4g.20gb (0),1,,13,cupy_copy__float16_float16
4099008194,3328,251080,282,1,1,128,1,1,16,0.000,0.000,,,,,NVIDIA A100-SXM4-40GB MIG 4g.20gb (0),1,,13,cupy_copy__complex64_complex64
4099015266,1984,251089,26,1,1,128,1,1,16,0.000,0.000,,,,,NVIDIA A100-SXM4-40GB MIG 4g.20gb (0),1,,13,cupy_copy__float32_float32
4099019714,5728,251098,103,1,1,128,1,1,16,0.000,0.000,,,,,NVIDIA A100-SXM4-40GB MIG 4g.20gb (0),1,,13,cupy_copy__complex64_complex64
4099029058,12576,251108,1434,1,1,128,1,1,16,0.000,0.000,,,,,NVIDIA A100-SXM4-40GB MIG 4g.20gb (0),1,,13,cupy_copy__complex64_complex64
4099046306,81919,251113,1,1,1,32,32,1,30,0.000,0.000,,,,,NVIDIA A100-SXM4-40GB MIG 4g.20gb (0),1,,13,"void convert_kernel<__half2, float2>(tensor_layout_any, T1 *, tensor_layout_any, const T2 *)"
4099155360,5440,251116,,,,,,,,,,0.094,17223.480,Pinned,Device,NVIDIA A100-SXM4-40GB MIG 4g.20gb (0),1,,13,[CUDA memcpy Host-to-Device]
4099164896,597273,251117,,,,,,,,,,456.561,764283.851,Device,,NVIDIA A100-SXM4-40GB MIG 4g.20gb (0),1,,13,[CUDA memset]
4099765305,165246,251122,,,,,,,,,,1.235,7472.646,Pinned,Device,NVIDIA A100-SXM4-40GB MIG 4g.20gb (0),1,,13,[CUDA memcpy Host-to-Device]
4099942839,40287,251123,,,,,,,,,,0.197,4880.007,Pinned,Device,NVIDIA A100-SXM4-40GB MIG 4g.20gb (0),1,,13,[CUDA memcpy Host-to-Device]
4100000406,8256,251124,69,4,1,48,1,1,76,0.002,0.000,,,,,NVIDIA A100-SXM4-40GB MIG 4g.20gb (0),1,,13,"void ch_est::windowedChEstPreNoDftSOfdmKernel<float, __half, float, (unsigned int)2, (unsigned int)1, (unsigned short)4>(ch_est::puschRxChEstStatDescr_t *, ch_est::puschRxChEstDynDescr_t *)"
4100018358,7168,251125,137,2,1,24,2,1,44,0.001,0.001,,,,,NVIDIA A100-SXM4-40GB MIG 4g.20gb (0),1,,13,"void ch_est::chEstFilterNoDftSOfdmDispatchKernel<float, __half, float, (unsigned int)2>(ch_est::puschRxChEstStatDescr_t *, ch_est::puschRxChEstDynDescr_t *)"
4100037877,4704,251126,137,2,1,24,2,1,44,0.001,0.001,,,,,NVIDIA A100-SXM4-40GB MIG 4g.20gb (0),1,,13,"void ch_est::chEstFilterNoDftSOfdmDispatchKernel<float, __half, float, (unsigned int)2>(ch_est::puschRxChEstStatDescr_t *, ch_est::puschRxChEstDynDescr_t *)"
4100054645,2688,251137,103,1,1,128,1,1,16,0.000,0.000,,,,,NVIDIA A100-SXM4-40GB MIG 4g.20gb (0),1,,13,cupy_copy__complex64_complex64
4100071829,12512,251147,1434,1,1,128,1,1,16,0.000,0.000,,,,,NVIDIA A100-SXM4-40GB MIG 4g.20gb (0),1,,13,cupy_copy__complex64_complex64
4100093717,2496,251154,103,1,1,128,1,1,16,0.000,0.000,,,,,NVIDIA A100-SXM4-40GB MIG 4g.20gb (0),1,,13,cupy_copy__complex64_complex64
4100112725,89758,251161,1,1,1,32,32,1,30,0.000,0.000,,,,,NVIDIA A100-SXM4-40GB MIG 4g.20gb (0),1,,13,"void convert_kernel<__half2, float2>(tensor_layout_any, T1 *, tensor_layout_any, const T2 *)"
4100237587,18560,251164,,,,,,,,,,0.094,5048.247,Pinned,Device,NVIDIA A100-SXM4-40GB MIG 4g.20gb (0),1,,13,[CUDA memcpy Host-to-Device]
4100271219,46975,251165,,,,,,,,,,35.810,762285.767,Device,,NVIDIA A100-SXM4-40GB MIG 4g.20gb (0),1,,13,[CUDA memset]
4100321330,11456,251167,,,,,,,,,,0.000,6.983,Pinned,Device,NVIDIA A100-SXM4-40GB MIG 4g.20gb (0),1,,13,[CUDA memcpy Host-to-Device]
4100341266,24895,251168,,,,,,,,,,0.197,7897.350,Pinned,Device,NVIDIA A100-SXM4-40GB MIG 4g.20gb (0),1,,13,[CUDA memcpy Host-to-Device]
4100376081,12832,251169,273,1,1,48,1,1,40,0.000,0.001,,,,,NVIDIA A100-SXM4-40GB MIG 4g.20gb (0),1,,13,"void pusch_noise_intf_est::noiseIntfEstNoDftSOfdmKernel<float, __half, float, float, (unsigned int)2, (unsigned int)1, (unsigned char)4, (unsigned char)4>(pusch_noise_intf_est::puschRxNoiseIntfEstDynDescr)"
4100391601,2816,251180,35,1,1,128,1,1,16,0.000,0.000,,,,,NVIDIA A100-SXM4-40GB MIG 4g.20gb (0),1,,13,cupy_copy__complex64_complex64
4100404753,1760,251189,1,1,1,1,1,1,18,0.000,0.000,,,,,NVIDIA A100-SXM4-40GB MIG 4g.20gb (0),1,,13,cupy_copy__float32_float32
4100408785,2624,251195,,,,,,,,,,0.000,1.524,Device,Pageable,NVIDIA A100-SXM4-40GB MIG 4g.20gb (0),1,,7,[CUDA memcpy Device-to-Host]
4100484272,13248,251206,1434,1,1,128,1,1,16,0.000,0.000,,,,,NVIDIA A100-SXM4-40GB MIG 4g.20gb (0),1,,13,cupy_copy__complex64_complex64
4100513232,3392,251213,103,1,1,128,1,1,16,0.000,0.000,,,,,NVIDIA A100-SXM4-40GB MIG 4g.20gb (0),1,,13,cupy_copy__complex64_complex64
4100532815,2656,251220,35,1,1,128,1,1,16,0.000,0.000,,,,,NVIDIA A100-SXM4-40GB MIG 4g.20gb (0),1,,13,cupy_copy__complex64_complex64
4100549103,1984,251227,1,1,1,1,1,1,18,0.000,0.000,,,,,NVIDIA A100-SXM4-40GB MIG 4g.20gb (0),1,,13,cupy_copy__float32_float32
4100678542,83807,251238,1,1,1,32,32,1,30,0.000,0.000,,,,,NVIDIA A100-SXM4-40GB MIG 4g.20gb (0),1,,13,"void convert_kernel<__half2, float2>(tensor_layout_any, T1 *, tensor_layout_any, const T2 *)"
4100790444,5696,251241,,,,,,,,,,0.094,16449.363,Pinned,Device,NVIDIA A100-SXM4-40GB MIG 4g.20gb (0),1,,13,[CUDA memcpy Host-to-Device]
4100804780,3232,251242,,,,,,,,,,1.547,478533.199,Device,,NVIDIA A100-SXM4-40GB MIG 4g.20gb (0),1,,13,[CUDA memset]
4100811852,3040,251247,,,,,,,,,,0.031,10294.725,Pinned,Device,NVIDIA A100-SXM4-40GB MIG 4g.20gb (0),1,,13,[CUDA memcpy Host-to-Device]
4100817900,9376,251248,,,,,,,,,,0.197,20969.226,Pinned,Device,NVIDIA A100-SXM4-40GB MIG 4g.20gb (0),1,,13,[CUDA memcpy Host-to-Device]
4100831820,8512,251249,273,1,1,8,4,1,39,0.002,0.000,,,,,NVIDIA A100-SXM4-40GB MIG 4g.20gb (0),1,,13,"void channel_eq::eqMmseCoefCompLowMimoKernel<float, float, float, (unsigned int)4, (unsigned int)1, (unsigned int)4>(const channel_eq::_puschRxChEqStatDescr *, channel_eq::_puschRxChEqCoefCompDynDescr)"
4100841388,7743,251250,273,1,1,12,11,1,51,0.002,0.000,,,,,NVIDIA A100-SXM4-40GB MIG 4g.20gb (0),1,,13,"void channel_eq::eqMmseSoftDemapKernel<float, __half, __half, float, (unsigned int)4, (unsigned short)16383>(channel_eq::_puschRxChEqStatDescr *, channel_eq::_puschRxChEqSoftDemapDynDescr)"
4100852203,294493,251251,1,1,1,32,32,1,30,0.000,0.000,,,,,NVIDIA A100-SXM4-40GB MIG 4g.20gb (0),1,,13,"void convert_kernel<float2, __half2>(tensor_layout_any, T1 *, tensor_layout_any, const T2 *)"
4101149576,10912,251263,2253,1,1,128,1,1,16,0.000,0.000,,,,,NVIDIA A100-SXM4-40GB MIG 4g.20gb (0),1,,13,cupy_copy__float16_float16
4101163016,2720,251272,282,1,1,128,1,1,16,0.000,0.000,,,,,NVIDIA A100-SXM4-40GB MIG 4g.20gb (0),1,,13,cupy_copy__complex64_complex64
4101169032,2303,251281,26,1,1,128,1,1,16,0.000,0.000,,,,,NVIDIA A100-SXM4-40GB MIG 4g.20gb (0),1,,13,cupy_copy__float32_float32
4101172999,3360,251290,103,1,1,128,1,1,16,0.000,0.000,,,,,NVIDIA A100-SXM4-40GB MIG 4g.20gb (0),1,,13,cupy_copy__complex64_complex64
4101177415,12192,251300,1434,1,1,128,1,1,16,0.000,0.000,,,,,NVIDIA A100-SXM4-40GB MIG 4g.20gb (0),1,,13,cupy_copy__complex64_complex64
4101193927,82143,251305,1,1,1,32,32,1,30,0.000,0.000,,,,,NVIDIA A100-SXM4-40GB MIG 4g.20gb (0),1,,13,"void convert_kernel<__half2, float2>(tensor_layout_any, T1 *, tensor_layout_any, const T2 *)"
4101303462,5632,251308,,,,,,,,,,0.094,16636.287,Pinned,Device,NVIDIA A100-SXM4-40GB MIG 4g.20gb (0),1,,13,[CUDA memcpy Host-to-Device]
4101313254,603960,251309,,,,,,,,,,456.561,755609.183,Device,,NVIDIA A100-SXM4-40GB MIG 4g.20gb (0),1,,13,[CUDA memset]
4101921118,92991,251314,,,,,,,,,,1.235,13279.353,Pinned,Device,NVIDIA A100-SXM4-40GB MIG 4g.20gb (0),1,,13,[CUDA memcpy Host-to-Device]
4102024285,26944,251315,,,,,,,,,,0.197,7296.909,Pinned,Device,NVIDIA A100-SXM4-40GB MIG 4g.20gb (0),1,,13,[CUDA memcpy Host-to-Device]
4102067516,8480,251316,69,4,1,48,1,1,76,0.002,0.000,,,,,NVIDIA A100-SXM4-40GB MIG 4g.20gb (0),1,,13,"void ch_est::windowedChEstPreNoDftSOfdmKernel<float, __half, float, (unsigned int)2, (unsigned int)1, (unsigned short)4>(ch_est::puschRxChEstStatDescr_t *, ch_est::puschRxChEstDynDescr_t *)"
4102080220,7072,251317,137,2,1,24,2,1,44,0.001,0.001,,,,,NVIDIA A100-SXM4-40GB MIG 4g.20gb (0),1,,13,"void ch_est::chEstFilterNoDftSOfdmDispatchKernel<float, __half, float, (unsigned int)2>(ch_est::puschRxChEstStatDescr_t *, ch_est::puschRxChEstDynDescr_t *)"
4102092892,5376,251318,137,2,1,24,2,1,44,0.001,0.001,,,,,NVIDIA A100-SXM4-40GB MIG 4g.20gb (0),1,,13,"void ch_est::chEstFilterNoDftSOfdmDispatchKernel<float, __half, float, (unsigned int)2>(ch_est::puschRxChEstStatDescr_t *, ch_est::puschRxChEstDynDescr_t *)"
4102103868,2656,251329,103,1,1,128,1,1,16,0.000,0.000,,,,,NVIDIA A100-SXM4-40GB MIG 4g.20gb (0),1,,13,cupy_copy__complex64_complex64
4102116156,12416,251339,1434,1,1,128,1,1,16,0.000,0.000,,,,,NVIDIA A100-SXM4-40GB MIG 4g.20gb (0),1,,13,cupy_copy__complex64_complex64
4102143356,2591,251346,103,1,1,128,1,1,16,0.000,0.000,,,,,NVIDIA A100-SXM4-40GB MIG 4g.20gb (0),1,,13,cupy_copy__complex64_complex64
4102152827,83935,251353,1,1,1,32,32,1,30,0.000,0.000,,,,,NVIDIA A100-SXM4-40GB MIG 4g.20gb (0),1,,13,"void convert_kernel<__half2, float2>(tensor_layout_any, T1 *, tensor_layout_any, const T2 *)"
4102266010,14240,251356,,,,,,,,,,0.094,6579.708,Pinned,Device,NVIDIA A100-SXM4-40GB MIG 4g.20gb (0),1,,13,[CUDA memcpy Host-to-Device]
4102296762,46655,251357,,,,,,,,,,35.810,767514.015,Device,,NVIDIA A100-SXM4-40GB MIG 4g.20gb (0),1,,13,[CUDA memset]
4102353625,5792,251359,,,,,,,,,,0.000,13.812,Pinned,Device,NVIDIA A100-SXM4-40GB MIG 4g.20gb (0),1,,13,[CUDA memcpy Host-to-Device]
4102368025,26207,251360,,,,,,,,,,0.197,7501.971,Pinned,Device,NVIDIA A100-SXM4-40GB MIG 4g.20gb (0),1,,13,[CUDA memcpy Host-to-Device]
4102415576,9664,251361,273,1,1,48,1,1,40,0.000,0.001,,,,,NVIDIA A100-SXM4-40GB MIG 4g.20gb (0),1,,13,"void pusch_noise_intf_est::noiseIntfEstNoDftSOfdmKernel<float, __half, float, float, (unsigned int)2, (unsigned int)1, (unsigned char)4, (unsigned char)4>(pusch_noise_intf_est::puschRxNoiseIntfEstDynDescr)"
4102443704,2560,251372,35,1,1,128,1,1,16,0.000,0.000,,,,,NVIDIA A100-SXM4-40GB MIG 4g.20gb (0),1,,13,cupy_copy__complex64_complex64
4102458840,1760,251381,1,1,1,1,1,1,18,0.000,0.000,,,,,NVIDIA A100-SXM4-40GB MIG 4g.20gb (0),1,,13,cupy_copy__float32_float32
4102467000,5759,251387,,,,,,,,,,0.000,0.695,Device,Pageable,NVIDIA A100-SXM4-40GB MIG 4g.20gb (0),1,,7,[CUDA memcpy Device-to-Host]
4102560342,13152,251398,1434,1,1,128,1,1,16,0.000,0.000,,,,,NVIDIA A100-SXM4-40GB MIG 4g.20gb (0),1,,13,cupy_copy__complex64_complex64
4102578454,2816,251405,103,1,1,128,1,1,16,0.000,0.000,,,,,NVIDIA A100-SXM4-40GB MIG 4g.20gb (0),1,,13,cupy_copy__complex64_complex64
4102596246,2496,251412,35,1,1,128,1,1,16,0.000,0.000,,,,,NVIDIA A100-SXM4-40GB MIG 4g.20gb (0),1,,13,cupy_copy__complex64_complex64
4102624054,1952,251419,1,1,1,1,1,1,18,0.000,0.000,,,,,NVIDIA A100-SXM4-40GB MIG 4g.20gb (0),1,,13,cupy_copy__float32_float32
4102756052,86015,251430,1,1,1,32,32,1,30,0.000,0.000,,,,,NVIDIA A100-SXM4-40GB MIG 4g.20gb (0),1,,13,"void convert_kernel<__half2, float2>(tensor_layout_any, T1 *, tensor_layout_any, const T2 *)"
4102877810,12832,251433,,,,,,,,,,0.094,7301.729,Pinned,Device,NVIDIA A100-SXM4-40GB MIG 4g.20gb (0),1,,13,[CUDA memcpy Host-to-Device]
4102899570,3520,251434,,,,,,,,,,1.547,439380.412,Device,,NVIDIA A100-SXM4-40GB MIG 4g.20gb (0),1,,13,[CUDA memset]
4102910066,5184,251439,,,,,,,,,,0.031,6037.030,Pinned,Device,NVIDIA A100-SXM4-40GB MIG 4g.20gb (0),1,,13,[CUDA memcpy Host-to-Device]
4102919538,18144,251440,,,,,,,,,,0.197,10835.853,Pinned,Device,NVIDIA A100-SXM4-40GB MIG 4g.20gb (0),1,,13,[CUDA memcpy Host-to-Device]
4102947474,6368,251441,273,1,1,8,4,1,39,0.002,0.000,,,,,NVIDIA A100-SXM4-40GB MIG 4g.20gb (0),1,,13,"void channel_eq::eqMmseCoefCompLowMimoKernel<float, float, float, (unsigned int)4, (unsigned int)1, (unsigned int)4>(const channel_eq::_puschRxChEqStatDescr *, channel_eq::_puschRxChEqCoefCompDynDescr)"
4102955825,5504,251442,273,1,1,12,11,1,51,0.002,0.000,,,,,NVIDIA A100-SXM4-40GB MIG 4g.20gb (0),1,,13,"void channel_eq::eqMmseSoftDemapKernel<float, __half, __half, float, (unsigned int)4, (unsigned short)16383>(channel_eq::_puschRxChEqStatDescr *, channel_eq::_puschRxChEqSoftDemapDynDescr)"
4102964753,282525,251443,1,1,1,32,32,1,30,0.000,0.000,,,,,NVIDIA A100-SXM4-40GB MIG 4g.20gb (0),1,,13,"void convert_kernel<float2, __half2>(tensor_layout_any, T1 *, tensor_layout_any, const T2 *)"
4103248334,11104,251455,2253,1,1,128,1,1,16,0.000,0.000,,,,,NVIDIA A100-SXM4-40GB MIG 4g.20gb (0),1,,13,cupy_copy__float16_float16
4103264430,3072,251464,282,1,1,128,1,1,16,0.000,0.000,,,,,NVIDIA A100-SXM4-40GB MIG 4g.20gb (0),1,,13,cupy_copy__complex64_complex64
4103269678,2048,251473,26,1,1,128,1,1,16,0.000,0.000,,,,,NVIDIA A100-SXM4-40GB MIG 4g.20gb (0),1,,13,cupy_copy__float32_float32
4103273742,4768,251482,103,1,1,128,1,1,16,0.000,0.000,,,,,NVIDIA A100-SXM4-40GB MIG 4g.20gb (0),1,,13,cupy_copy__complex64_complex64
4103281325,12448,251492,1434,1,1,128,1,1,16,0.000,0.000,,,,,NVIDIA A100-SXM4-40GB MIG 4g.20gb (0),1,,13,cupy_copy__complex64_complex64
4103296269,82655,251497,1,1,1,32,32,1,30,0.000,0.000,,,,,NVIDIA A100-SXM4-40GB MIG 4g.20gb (0),1,,13,"void convert_kernel<__half2, float2>(tensor_layout_any, T1 *, tensor_layout_any, const T2 *)"
4103405964,5376,251500,,,,,,,,,,0.094,17428.487,Pinned,Device,NVIDIA A100-SXM4-40GB MIG 4g.20gb (0),1,,13,[CUDA memcpy Host-to-Device]
4103416044,597912,251501,,,,,,,,,,456.561,763370.728,Device,,NVIDIA A100-SXM4-40GB MIG 4g.20gb (0),1,,13,[CUDA memset]
4104018980,151455,251506,,,,,,,,,,1.235,8153.100,Pinned,Device,NVIDIA A100-SXM4-40GB MIG 4g.20gb (0),1,,13,[CUDA memcpy Host-to-Device]
4104182786,38016,251507,,,,,,,,,,0.197,5171.577,Pinned,Device,NVIDIA A100-SXM4-40GB MIG 4g.20gb (0),1,,13,[CUDA memcpy Host-to-Device]
4104236674,8160,251508,69,4,1,48,1,1,76,0.002,0.000,,,,,NVIDIA A100-SXM4-40GB MIG 4g.20gb (0),1,,13,"void ch_est::windowedChEstPreNoDftSOfdmKernel<float, __half, float, (unsigned int)2, (unsigned int)1, (unsigned short)4>(ch_est::puschRxChEstStatDescr_t *, ch_est::puschRxChEstDynDescr_t *)"
4104259681,6752,251509,137,2,1,24,2,1,44,0.001,0.001,,,,,NVIDIA A100-SXM4-40GB MIG 4g.20gb (0),1,,13,"void ch_est::chEstFilterNoDftSOfdmDispatchKernel<float, __half, float, (unsigned int)2>(ch_est::puschRxChEstStatDescr_t *, ch_est::puschRxChEstDynDescr_t *)"
4104276993,5024,251510,137,2,1,24,2,1,44,0.001,0.001,,,,,NVIDIA A100-SXM4-40GB MIG 4g.20gb (0),1,,13,"void ch_est::chEstFilterNoDftSOfdmDispatchKernel<float, __half, float, (unsigned int)2>(ch_est::puschRxChEstStatDescr_t *, ch_est::puschRxChEstDynDescr_t *)"
4104289249,2880,251521,103,1,1,128,1,1,16,0.000,0.000,,,,,NVIDIA A100-SXM4-40GB MIG 4g.20gb (0),1,,13,cupy_copy__complex64_complex64
4104305345,12256,251531,1434,1,1,128,1,1,16,0.000,0.000,,,,,NVIDIA A100-SXM4-40GB MIG 4g.20gb (0),1,,13,cupy_copy__complex64_complex64
4104321601,3008,251538,103,1,1,128,1,1,16,0.000,0.000,,,,,NVIDIA A100-SXM4-40GB MIG 4g.20gb (0),1,,13,cupy_copy__complex64_complex64
4104334241,86686,251545,1,1,1,32,32,1,30,0.000,0.000,,,,,NVIDIA A100-SXM4-40GB MIG 4g.20gb (0),1,,13,"void convert_kernel<__half2, float2>(tensor_layout_any, T1 *, tensor_layout_any, const T2 *)"
4104449535,22528,251548,,,,,,,,,,0.094,4159.072,Pinned,Device,NVIDIA A100-SXM4-40GB MIG 4g.20gb (0),1,,13,[CUDA memcpy Host-to-Device]
4104491391,47167,251549,,,,,,,,,,35.810,759206.114,Device,,NVIDIA A100-SXM4-40GB MIG 4g.20gb (0),1,,13,[CUDA memset]
4104550558,12288,251551,,,,,,,,,,0.000,6.510,Pinned,Device,NVIDIA A100-SXM4-40GB MIG 4g.20gb (0),1,,13,[CUDA memcpy Host-to-Device]
4104570174,29887,251552,,,,,,,,,,0.197,6578.307,Pinned,Device,NVIDIA A100-SXM4-40GB MIG 4g.20gb (0),1,,13,[CUDA memcpy Host-to-Device]
4104627549,9792,251553,273,1,1,48,1,1,40,0.000,0.001,,,,,NVIDIA A100-SXM4-40GB MIG 4g.20gb (0),1,,13,"void pusch_noise_intf_est::noiseIntfEstNoDftSOfdmKernel<float, __half, float, float, (unsigned int)2, (unsigned int)1, (unsigned char)4, (unsigned char)4>(pusch_noise_intf_est::puschRxNoiseIntfEstDynDescr)"
4104656477,2784,251564,35,1,1,128,1,1,16,0.000,0.000,,,,,NVIDIA A100-SXM4-40GB MIG 4g.20gb (0),1,,13,cupy_copy__complex64_complex64
4104670460,1728,251573,1,1,1,1,1,1,18,0.000,0.000,,,,,NVIDIA A100-SXM4-40GB MIG 4g.20gb (0),1,,13,cupy_copy__float32_float32
4104673692,5312,251579,,,,,,,,,,0.000,0.753,Device,Pageable,NVIDIA A100-SXM4-40GB MIG 4g.20gb (0),1,,7,[CUDA memcpy Device-to-Host]
4104751195,13056,251590,1434,1,1,128,1,1,16,0.000,0.000,,,,,NVIDIA A100-SXM4-40GB MIG 4g.20gb (0),1,,13,cupy_copy__complex64_complex64
4104787195,3360,251597,103,1,1,128,1,1,16,0.000,0.000,,,,,NVIDIA A100-SXM4-40GB MIG 4g.20gb (0),1,,13,cupy_copy__complex64_complex64
4104814395,2560,251604,35,1,1,128,1,1,16,0.000,0.000,,,,,NVIDIA A100-SXM4-40GB MIG 4g.20gb (0),1,,13,cupy_copy__complex64_complex64
4104821435,1695,251611,1,1,1,1,1,1,18,0.000,0.000,,,,,NVIDIA A100-SXM4-40GB MIG 4g.20gb (0),1,,13,cupy_copy__float32_float32
4104960505,86911,251622,1,1,1,32,32,1,30,0.000,0.000,,,,,NVIDIA A100-SXM4-40GB MIG 4g.20gb (0),1,,13,"void convert_kernel<__half2, float2>(tensor_layout_any, T1 *, tensor_layout_any, const T2 *)"
4105076791,13696,251625,,,,,,,,,,0.094,6841.120,Pinned,Device,NVIDIA A100-SXM4-40GB MIG 4g.20gb (0),1,,13,[CUDA memcpy Host-to-Device]
4105105623,3328,251626,,,,,,,,,,1.547,464729.580,Device,,NVIDIA A100-SXM4-40GB MIG 4g.20gb (0),1,,13,[CUDA memset]
4105115735,6592,251631,,,,,,,,,,0.031,4747.572,Pinned,Device,NVIDIA A100-SXM4-40GB MIG 4g.20gb (0),1,,13,[CUDA memcpy Host-to-Device]
4105128951,16416,251632,,,,,,,,,,0.197,11976.573,Pinned,Device,NVIDIA A100-SXM4-40GB MIG 4g.20gb (0),1,,13,[CUDA memcpy Host-to-Device]
4105155126,6208,251633,273,1,1,8,4,1,39,0.002,0.000,,,,,NVIDIA A100-SXM4-40GB MIG 4g.20gb (0),1,,13,"void channel_eq::eqMmseCoefCompLowMimoKernel<float, float, float, (unsigned int)4, (unsigned int)1, (unsigned int)4>(const channel_eq::_puschRxChEqStatDescr *, channel_eq::_puschRxChEqCoefCompDynDescr)"
4105165430,6176,251634,273,1,1,12,11,1,51,0.002,0.000,,,,,NVIDIA A100-SXM4-40GB MIG 4g.20gb (0),1,,13,"void channel_eq::eqMmseSoftDemapKernel<float, __half, __half, float, (unsigned int)4, (unsigned short)16383>(channel_eq::_puschRxChEqStatDescr *, channel_eq::_puschRxChEqSoftDemapDynDescr)"
4105176278,282813,251635,1,1,1,32,32,1,30,0.000,0.000,,,,,NVIDIA A100-SXM4-40GB MIG 4g.20gb (0),1,,13,"void convert_kernel<float2, __half2>(tensor_layout_any, T1 *, tensor_layout_any, const T2 *)"
4105462675,10847,251647,2253,1,1,128,1,1,16,0.000,0.000,,,,,NVIDIA A100-SXM4-40GB MIG 4g.20gb (0),1,,13,cupy_copy__float16_float16
4105478226,2816,251656,282,1,1,128,1,1,16,0.000,0.000,,,,,NVIDIA A100-SXM4-40GB MIG 4g.20gb (0),1,,13,cupy_copy__complex64_complex64
4105483666,2560,251665,26,1,1,128,1,1,16,0.000,0.000,,,,,NVIDIA A100-SXM4-40GB MIG 4g.20gb (0),1,,13,cupy_copy__float32_float32
4105488434,4256,251674,103,1,1,128,1,1,16,0.000,0.000,,,,,NVIDIA A100-SXM4-40GB MIG 4g.20gb (0),1,,13,cupy_copy__complex64_complex64
4105495218,12032,251684,1434,1,1,128,1,1,16,0.000,0.000,,,,,NVIDIA A100-SXM4-40GB MIG 4g.20gb (0),1,,13,cupy_copy__complex64_complex64
4105509458,82175,251689,1,1,1,32,32,1,30,0.000,0.000,,,,,NVIDIA A100-SXM4-40GB MIG 4g.20gb (0),1,,13,"void convert_kernel<__half2, float2>(tensor_layout_any, T1 *, tensor_layout_any, const T2 *)"
4105618609,5632,251692,,,,,,,,,,0.094,16636.287,Pinned,Device,NVIDIA A100-SXM4-40GB MIG 4g.20gb (0),1,,13,[CUDA memcpy Host-to-Device]
4105628369,596184,251693,,,,,,,,,,456.561,765653.535,Device,,NVIDIA A100-SXM4-40GB MIG 4g.20gb (0),1,,13,[CUDA memset]
4106228009,148414,251698,,,,,,,,,,1.235,8319.818,Pinned,Device,NVIDIA A100-SXM4-40GB MIG 4g.20gb (0),1,,13,[CUDA memcpy Host-to-Device]
4106387143,23232,251699,,,,,,,,,,0.197,8462.795,Pinned,Device,NVIDIA A100-SXM4-40GB MIG 4g.20gb (0),1,,13,[CUDA memcpy Host-to-Device]
4106433735,8096,251700,69,4,1,48,1,1,76,0.002,0.000,,,,,NVIDIA A100-SXM4-40GB MIG 4g.20gb (0),1,,13,"void ch_est::windowedChEstPreNoDftSOfdmKernel<float, __half, float, (unsigned int)2, (unsigned int)1, (unsigned short)4>(ch_est::puschRxChEstStatDescr_t *, ch_est::puschRxChEstDynDescr_t *)"
4106444519,6687,251701,137,2,1,24,2,1,44,0.001,0.001,,,,,NVIDIA A100-SXM4-40GB MIG 4g.20gb (0),1,,13,"void ch_est::chEstFilterNoDftSOfdmDispatchKernel<float, __half, float, (unsigned int)2>(ch_est::puschRxChEstStatDescr_t *, ch_est::puschRxChEstDynDescr_t *)"
4106462406,6624,251702,137,2,1,24,2,1,44,0.001,0.001,,,,,NVIDIA A100-SXM4-40GB MIG 4g.20gb (0),1,,13,"void ch_est::chEstFilterNoDftSOfdmDispatchKernel<float, __half, float, (unsigned int)2>(ch_est::puschRxChEstStatDescr_t *, ch_est::puschRxChEstDynDescr_t *)"
4106472774,2912,251713,103,1,1,128,1,1,16,0.000,0.000,,,,,NVIDIA A100-SXM4-40GB MIG 4g.20gb (0),1,,13,cupy_copy__complex64_complex64
4106482598,12448,251723,1434,1,1,128,1,1,16,0.000,0.000,,,,,NVIDIA A100-SXM4-40GB MIG 4g.20gb (0),1,,13,cupy_copy__complex64_complex64
4106496614,2688,251730,103,1,1,128,1,1,16,0.000,0.000,,,,,NVIDIA A100-SXM4-40GB MIG 4g.20gb (0),1,,13,cupy_copy__complex64_complex64
4106510182,84639,251737,1,1,1,32,32,1,30,0.000,0.000,,,,,NVIDIA A100-SXM4-40GB MIG 4g.20gb (0),1,,13,"void convert_kernel<__half2, float2>(tensor_layout_any, T1 *, tensor_layout_any, const T2 *)"
4106626084,13088,251740,,,,,,,,,,0.094,7158.843,Pinned,Device,NVIDIA A100-SXM4-40GB MIG 4g.20gb (0),1,,13,[CUDA memcpy Host-to-Device]
4106644452,47295,251741,,,,,,,,,,35.810,757129.139,Device,,NVIDIA A100-SXM4-40GB MIG 4g.20gb (0),1,,13,[CUDA memset]
4106694755,7456,251743,,,,,,,,,,0.000,10.730,Pinned,Device,NVIDIA A100-SXM4-40GB MIG 4g.20gb (0),1,,13,[CUDA memcpy Host-to-Device]
4106707715,25568,251744,,,,,,,,,,0.197,7689.535,Pinned,Device,NVIDIA A100-SXM4-40GB MIG 4g.20gb (0),1,,13,[CUDA memcpy Host-to-Device]
4106747875,12000,251745,273,1,1,48,1,1,40,0.000,0.001,,,,,NVIDIA A100-SXM4-40GB MIG 4g.20gb (0),1,,13,"void pusch_noise_intf_est::noiseIntfEstNoDftSOfdmKernel<float, __half, float, float, (unsigned int)2, (unsigned int)1, (unsigned char)4, (unsigned char)4>(pusch_noise_intf_est::puschRxNoiseIntfEstDynDescr)"
4106767811,3007,251756,35,1,1,128,1,1,16,0.000,0.000,,,,,NVIDIA A100-SXM4-40GB MIG 4g.20gb (0),1,,13,cupy_copy__complex64_complex64
4106784610,1728,251765,1,1,1,1,1,1,18,0.000,0.000,,,,,NVIDIA A100-SXM4-40GB MIG 4g.20gb (0),1,,13,cupy_copy__float32_float32
4106793026,1728,251771,,,,,,,,,,0.000,2.315,Device,Pageable,NVIDIA A100-SXM4-40GB MIG 4g.20gb (0),1,,7,[CUDA memcpy Device-to-Host]
4106881473,13056,251782,1434,1,1,128,1,1,16,0.000,0.000,,,,,NVIDIA A100-SXM4-40GB MIG 4g.20gb (0),1,,13,cupy_copy__complex64_complex64
4106915553,3392,251789,103,1,1,128,1,1,16,0.000,0.000,,,,,NVIDIA A100-SXM4-40GB MIG 4g.20gb (0),1,,13,cupy_copy__complex64_complex64
4106927681,2720,251796,35,1,1,128,1,1,16,0.000,0.000,,,,,NVIDIA A100-SXM4-40GB MIG 4g.20gb (0),1,,13,cupy_copy__complex64_complex64
4106951936,2016,251803,1,1,1,1,1,1,18,0.000,0.000,,,,,NVIDIA A100-SXM4-40GB MIG 4g.20gb (0),1,,13,cupy_copy__float32_float32
4107075775,82463,251814,1,1,1,32,32,1,30,0.000,0.000,,,,,NVIDIA A100-SXM4-40GB MIG 4g.20gb (0),1,,13,"void convert_kernel<__half2, float2>(tensor_layout_any, T1 *, tensor_layout_any, const T2 *)"
4107186045,5568,251817,,,,,,,,,,0.094,16827.521,Pinned,Device,NVIDIA A100-SXM4-40GB MIG 4g.20gb (0),1,,13,[CUDA memcpy Host-to-Device]
4107200765,3296,251818,,,,,,,,,,1.547,469242.628,Device,,NVIDIA A100-SXM4-40GB MIG 4g.20gb (0),1,,13,[CUDA memset]
4107207709,3616,251823,,,,,,,,,,0.031,8654.846,Pinned,Device,NVIDIA A100-SXM4-40GB MIG 4g.20gb (0),1,,13,[CUDA memcpy Host-to-Device]
4107213757,9504,251824,,,,,,,,,,0.197,20686.701,Pinned,Device,NVIDIA A100-SXM4-40GB MIG 4g.20gb (0),1,,13,[CUDA memcpy Host-to-Device]
4107227261,5440,251825,273,1,1,8,4,1,39,0.002,0.000,,,,,NVIDIA A100-SXM4-40GB MIG 4g.20gb (0),1,,13,"void channel_eq::eqMmseCoefCompLowMimoKernel<float, float, float, (unsigned int)4, (unsigned int)1, (unsigned int)4>(const channel_eq::_puschRxChEqStatDescr *, channel_eq::_puschRxChEqCoefCompDynDescr)"
4107234685,6304,251826,273,1,1,12,11,1,51,0.002,0.000,,,,,NVIDIA A100-SXM4-40GB MIG 4g.20gb (0),1,,13,"void channel_eq::eqMmseSoftDemapKernel<float, __half, __half, float, (unsigned int)4, (unsigned short)16383>(channel_eq::_puschRxChEqStatDescr *, channel_eq::_puschRxChEqSoftDemapDynDescr)"
4107242621,282620,251827,1,1,1,32,32,1,30,0.000,0.000,,,,,NVIDIA A100-SXM4-40GB MIG 4g.20gb (0),1,,13,"void convert_kernel<float2, __half2>(tensor_layout_any, T1 *, tensor_layout_any, const T2 *)"
4107526361,11008,251839,2253,1,1,128,1,1,16,0.000,0.000,,,,,NVIDIA A100-SXM4-40GB MIG 4g.20gb (0),1,,13,cupy_copy__float16_float16
4107542585,3488,251848,282,1,1,128,1,1,16,0.000,0.000,,,,,NVIDIA A100-SXM4-40GB MIG 4g.20gb (0),1,,13,cupy_copy__complex64_complex64
4107548537,2112,251857,26,1,1,128,1,1,16,0.000,0.000,,,,,NVIDIA A100-SXM4-40GB MIG 4g.20gb (0),1,,13,cupy_copy__float32_float32
4107553177,3456,251866,103,1,1,128,1,1,16,0.000,0.000,,,,,NVIDIA A100-SXM4-40GB MIG 4g.20gb (0),1,,13,cupy_copy__complex64_complex64
4107557593,11872,251876,1434,1,1,128,1,1,16,0.000,0.000,,,,,NVIDIA A100-SXM4-40GB MIG 4g.20gb (0),1,,13,cupy_copy__complex64_complex64
4107572057,87743,251881,1,1,1,32,32,1,30,0.000,0.000,,,,,NVIDIA A100-SXM4-40GB MIG 4g.20gb (0),1,,13,"void convert_kernel<__half2, float2>(tensor_layout_any, T1 *, tensor_layout_any, const T2 *)"
4107686327,5600,251884,,,,,,,,,,0.094,16731.388,Pinned,Device,NVIDIA A100-SXM4-40GB MIG 4g.20gb (0),1,,13,[CUDA memcpy Host-to-Device]
4107698007,598681,251885,,,,,,,,,,456.561,762457.605,Device,,NVIDIA A100-SXM4-40GB MIG 4g.20gb (0),1,,13,[CUDA memset]
4108297744,153566,251890,,,,,,,,,,1.235,8040.720,Pinned,Device,NVIDIA A100-SXM4-40GB MIG 4g.20gb (0),1,,13,[CUDA memcpy Host-to-Device]
4108459182,31583,251891,,,,,,,,,,0.197,6225.002,Pinned,Device,NVIDIA A100-SXM4-40GB MIG 4g.20gb (0),1,,13,[CUDA memcpy Host-to-Device]
4108512749,8128,251892,69,4,1,48,1,1,76,0.002,0.000,,,,,NVIDIA A100-SXM4-40GB MIG 4g.20gb (0),1,,13,"void ch_est::windowedChEstPreNoDftSOfdmKernel<float, __half, float, (unsigned int)2, (unsigned int)1, (unsigned short)4>(ch_est::puschRxChEstStatDescr_t *, ch_est::puschRxChEstDynDescr_t *)"
4108528141,6528,251893,137,2,1,24,2,1,44,0.001,0.001,,,,,NVIDIA A100-SXM4-40GB MIG 4g.20gb (0),1,,13,"void ch_est::chEstFilterNoDftSOfdmDispatchKernel<float, __half, float, (unsigned int)2>(ch_est::puschRxChEstStatDescr_t *, ch_est::puschRxChEstDynDescr_t *)"
4108542125,4928,251894,137,2,1,24,2,1,44,0.001,0.001,,,,,NVIDIA A100-SXM4-40GB MIG 4g.20gb (0),1,,13,"void ch_est::chEstFilterNoDftSOfdmDispatchKernel<float, __half, float, (unsigned int)2>(ch_est::puschRxChEstStatDescr_t *, ch_est::puschRxChEstDynDescr_t *)"
4108554957,2591,251905,103,1,1,128,1,1,16,0.000,0.000,,,,,NVIDIA A100-SXM4-40GB MIG 4g.20gb (0),1,,13,cupy_copy__complex64_complex64
4108565228,12480,251915,1434,1,1,128,1,1,16,0.000,0.000,,,,,NVIDIA A100-SXM4-40GB MIG 4g.20gb (0),1,,13,cupy_copy__complex64_complex64
4108594796,2560,251922,103,1,1,128,1,1,16,0.000,0.000,,,,,NVIDIA A100-SXM4-40GB MIG 4g.20gb (0),1,,13,cupy_copy__complex64_complex64
4108608524,89503,251929,1,1,1,32,32,1,30,0.000,0.000,,,,,NVIDIA A100-SXM4-40GB MIG 4g.20gb (0),1,,13,"void convert_kernel<__half2, float2>(tensor_layout_any, T1 *, tensor_layout_any, const T2 *)"
4108726026,6528,251932,,,,,,,,,,0.094,14352.915,Pinned,Device,NVIDIA A100-SXM4-40GB MIG 4g.20gb (0),1,,13,[CUDA memcpy Host-to-Device]
4108740842,47104,251933,,,,,,,,,,35.810,760208.792,Device,,NVIDIA A100-SXM4-40GB MIG 4g.20gb (0),1,,13,[CUDA memset]
4108793898,5951,251935,,,,,,,,,,0.000,13.443,Pinned,Device,NVIDIA A100-SXM4-40GB MIG 4g.20gb (0),1,,13,[CUDA memcpy Host-to-Device]
4108802857,13536,251936,,,,,,,,,,0.197,14524.809,Pinned,Device,NVIDIA A100-SXM4-40GB MIG 4g.20gb (0),1,,13,[CUDA memcpy Host-to-Device]
4108825289,13216,251937,273,1,1,48,1,1,40,0.000,0.001,,,,,NVIDIA A100-SXM4-40GB MIG 4g.20gb (0),1,,13,"void pusch_noise_intf_est::noiseIntfEstNoDftSOfdmKernel<float, __half, float, float, (unsigned int)2, (unsigned int)1, (unsigned char)4, (unsigned char)4>(pusch_noise_intf_est::puschRxNoiseIntfEstDynDescr)"
4108840937,2816,251948,35,1,1,128,1,1,16,0.000,0.000,,,,,NVIDIA A100-SXM4-40GB MIG 4g.20gb (0),1,,13,cupy_copy__complex64_complex64
4108851817,1696,251957,1,1,1,1,1,1,18,0.000,0.000,,,,,NVIDIA A100-SXM4-40GB MIG 4g.20gb (0),1,,13,cupy_copy__float32_float32
4108878121,2655,251963,,,,,,,,,,0.000,1.507,Device,Pageable,NVIDIA A100-SXM4-40GB MIG 4g.20gb (0),1,,7,[CUDA memcpy Device-to-Host]
4108942600,13248,251974,1434,1,1,128,1,1,16,0.000,0.000,,,,,NVIDIA A100-SXM4-40GB MIG 4g.20gb (0),1,,13,cupy_copy__complex64_complex64
4108970439,3360,251981,103,1,1,128,1,1,16,0.000,0.000,,,,,NVIDIA A100-SXM4-40GB MIG 4g.20gb (0),1,,13,cupy_copy__complex64_complex64
4108990727,2272,251988,35,1,1,128,1,1,16,0.000,0.000,,,,,NVIDIA A100-SXM4-40GB MIG 4g.20gb (0),1,,13,cupy_copy__complex64_complex64
4109008391,1760,251995,1,1,1,1,1,1,18,0.000,0.000,,,,,NVIDIA A100-SXM4-40GB MIG 4g.20gb (0),1,,13,cupy_copy__float32_float32
4109142373,86687,252006,1,1,1,32,32,1,30,0.000,0.000,,,,,NVIDIA A100-SXM4-40GB MIG 4g.20gb (0),1,,13,"void convert_kernel<__half2, float2>(tensor_layout_any, T1 *, tensor_layout_any, const T2 *)"
4109255908,5376,252009,,,,,,,,,,0.094,17428.487,Pinned,Device,NVIDIA A100-SXM4-40GB MIG 4g.20gb (0),1,,13,[CUDA memcpy Host-to-Device]
4109270244,3264,252010,,,,,,,,,,1.547,473842.288,Device,,NVIDIA A100-SXM4-40GB MIG 4g.20gb (0),1,,13,[CUDA memset]
4109277028,3168,252015,,,,,,,,,,0.031,9878.770,Pinned,Device,NVIDIA A100-SXM4-40GB MIG 4g.20gb (0),1,,13,[CUDA memcpy Host-to-Device]
4109282532,9343,252016,,,,,,,,,,0.197,21043.347,Pinned,Device,NVIDIA A100-SXM4-40GB MIG 4g.20gb (0),1,,13,[CUDA memcpy Host-to-Device]
4109298339,6240,252017,273,1,1,8,4,1,39,0.002,0.000,,,,,NVIDIA A100-SXM4-40GB MIG 4g.20gb (0),1,,13,"void channel_eq::eqMmseCoefCompLowMimoKernel<float, float, float, (unsigned int)4, (unsigned int)1, (unsigned int)4>(const channel_eq::_puschRxChEqStatDescr *, channel_eq::_puschRxChEqCoefCompDynDescr)"
4109307395,6048,252018,273,1,1,12,11,1,51,0.002,0.000,,,,,NVIDIA A100-SXM4-40GB MIG 4g.20gb (0),1,,13,"void channel_eq::eqMmseSoftDemapKernel<float, __half, __half, float, (unsigned int)4, (unsigned short)16383>(channel_eq::_puschRxChEqStatDescr *, channel_eq::_puschRxChEqSoftDemapDynDescr)"
4109314595,282621,252019,1,1,1,32,32,1,30,0.000,0.000,,,,,NVIDIA A100-SXM4-40GB MIG 4g.20gb (0),1,,13,"void convert_kernel<float2, __half2>(tensor_layout_any, T1 *, tensor_layout_any, const T2 *)"
4109598272,10912,252031,2253,1,1,128,1,1,16,0.000,0.000,,,,,NVIDIA A100-SXM4-40GB MIG 4g.20gb (0),1,,13,cupy_copy__float16_float16
4109612031,3072,252040,282,1,1,128,1,1,16,0.000,0.000,,,,,NVIDIA A100-SXM4-40GB MIG 4g.20gb (0),1,,13,cupy_copy__complex64_complex64
4109617151,2016,252049,26,1,1,128,1,1,16,0.000,0.000,,,,,NVIDIA A100-SXM4-40GB MIG 4g.20gb (0),1,,13,cupy_copy__float32_float32
4109620671,4736,252058,103,1,1,128,1,1,16,0.000,0.000,,,,,NVIDIA A100-SXM4-40GB MIG 4g.20gb (0),1,,13,cupy_copy__complex64_complex64
4109674783,12160,252074,1434,1,1,128,1,1,16,0.000,0.000,,,,,NVIDIA A100-SXM4-40GB MIG 4g.20gb (0),1,,13,cupy_copy__complex64_complex64
4109793469,82879,252079,1,1,1,32,32,1,30,0.000,0.000,,,,,NVIDIA A100-SXM4-40GB MIG 4g.20gb (0),1,,13,"void convert_kernel<__half2, float2>(tensor_layout_any, T1 *, tensor_layout_any, const T2 *)"
4109903900,5888,252082,,,,,,,,,,0.094,15912.954,Pinned,Device,NVIDIA A100-SXM4-40GB MIG 4g.20gb (0),1,,13,[CUDA memcpy Host-to-Device]
4109913660,598872,252083,,,,,,,,,,456.561,762001.043,Device,,NVIDIA A100-SXM4-40GB MIG 4g.20gb (0),1,,13,[CUDA memset]
4110515476,125919,252088,,,,,,,,,,1.235,9806.690,Pinned,Device,NVIDIA A100-SXM4-40GB MIG 4g.20gb (0),1,,13,[CUDA memcpy Host-to-Device]
4110650355,32927,252089,,,,,,,,,,0.197,5970.985,Pinned,Device,NVIDIA A100-SXM4-40GB MIG 4g.20gb (0),1,,13,[CUDA memcpy Host-to-Device]
4110704850,8192,252090,69,4,1,48,1,1,76,0.002,0.000,,,,,NVIDIA A100-SXM4-40GB MIG 4g.20gb (0),1,,13,"void ch_est::windowedChEstPreNoDftSOfdmKernel<float, __half, float, (unsigned int)2, (unsigned int)1, (unsigned short)4>(ch_est::puschRxChEstStatDescr_t *, ch_est::puschRxChEstDynDescr_t *)"
4110719250,6624,252091,137,2,1,24,2,1,44,0.001,0.001,,,,,NVIDIA A100-SXM4-40GB MIG 4g.20gb (0),1,,13,"void ch_est::chEstFilterNoDftSOfdmDispatchKernel<float, __half, float, (unsigned int)2>(ch_est::puschRxChEstStatDescr_t *, ch_est::puschRxChEstDynDescr_t *)"
4110732242,4928,252092,137,2,1,24,2,1,44,0.001,0.001,,,,,NVIDIA A100-SXM4-40GB MIG 4g.20gb (0),1,,13,"void ch_est::chEstFilterNoDftSOfdmDispatchKernel<float, __half, float, (unsigned int)2>(ch_est::puschRxChEstStatDescr_t *, ch_est::puschRxChEstDynDescr_t *)"
4110746961,2688,252103,103,1,1,128,1,1,16,0.000,0.000,,,,,NVIDIA A100-SXM4-40GB MIG 4g.20gb (0),1,,13,cupy_copy__complex64_complex64
4110758161,12800,252113,1434,1,1,128,1,1,16,0.000,0.000,,,,,NVIDIA A100-SXM4-40GB MIG 4g.20gb (0),1,,13,cupy_copy__complex64_complex64
4110784593,2752,252120,103,1,1,128,1,1,16,0.000,0.000,,,,,NVIDIA A100-SXM4-40GB MIG 4g.20gb (0),1,,13,cupy_copy__complex64_complex64
4110794065,85119,252127,1,1,1,32,32,1,30,0.000,0.000,,,,,NVIDIA A100-SXM4-40GB MIG 4g.20gb (0),1,,13,"void convert_kernel<__half2, float2>(tensor_layout_any, T1 *, tensor_layout_any, const T2 *)"
4110908112,8351,252130,,,,,,,,,,0.094,11219.721,Pinned,Device,NVIDIA A100-SXM4-40GB MIG 4g.20gb (0),1,,13,[CUDA memcpy Host-to-Device]
4110925679,47008,252131,,,,,,,,,,35.810,761748.618,Device,,NVIDIA A100-SXM4-40GB MIG 4g.20gb (0),1,,13,[CUDA memset]
4110977391,5824,252133,,,,,,,,,,0.000,13.736,Pinned,Device,NVIDIA A100-SXM4-40GB MIG 4g.20gb (0),1,,13,[CUDA memcpy Host-to-Device]
4110987919,16671,252134,,,,,,,,,,0.197,11793.334,Pinned,Device,NVIDIA A100-SXM4-40GB MIG 4g.20gb (0),1,,13,[CUDA memcpy Host-to-Device]
4111010926,10752,252135,273,1,1,48,1,1,40,0.000,0.001,,,,,NVIDIA A100-SXM4-40GB MIG 4g.20gb (0),1,,13,"void pusch_noise_intf_est::noiseIntfEstNoDftSOfdmKernel<float, __half, float, float, (unsigned int)2, (unsigned int)1, (unsigned char)4, (unsigned char)4>(pusch_noise_intf_est::puschRxNoiseIntfEstDynDescr)"
4111025582,3008,252146,35,1,1,128,1,1,16,0.000,0.000,,,,,NVIDIA A100-SXM4-40GB MIG 4g.20gb (0),1,,13,cupy_copy__complex64_complex64
4111034830,1888,252155,1,1,1,1,1,1,18,0.000,0.000,,,,,NVIDIA A100-SXM4-40GB MIG 4g.20gb (0),1,,13,cupy_copy__float32_float32
4111065998,1568,252161,,,,,,,,,,0.000,2.551,Device,Pageable,NVIDIA A100-SXM4-40GB MIG 4g.20gb (0),1,,7,[CUDA memcpy Device-to-Host]
4111126189,12736,252172,1434,1,1,128,1,1,16,0.000,0.000,,,,,NVIDIA A100-SXM4-40GB MIG 4g.20gb (0),1,,13,cupy_copy__complex64_complex64
4111153484,2944,252179,103,1,1,128,1,1,16,0.000,0.000,,,,,NVIDIA A100-SXM4-40GB MIG 4g.20gb (0),1,,13,cupy_copy__complex64_complex64
4111173836,2144,252186,35,1,1,128,1,1,16,0.000,0.000,,,,,NVIDIA A100-SXM4-40GB MIG 4g.20gb (0),1,,13,cupy_copy__complex64_complex64
4111192652,1728,252193,1,1,1,1,1,1,18,0.000,0.000,,,,,NVIDIA A100-SXM4-40GB MIG 4g.20gb (0),1,,13,cupy_copy__float32_float32
4111326378,82303,252204,1,1,1,32,32,1,30,0.000,0.000,,,,,NVIDIA A100-SXM4-40GB MIG 4g.20gb (0),1,,13,"void convert_kernel<__half2, float2>(tensor_layout_any, T1 *, tensor_layout_any, const T2 *)"
4111436777,5536,252207,,,,,,,,,,0.094,16924.777,Pinned,Device,NVIDIA A100-SXM4-40GB MIG 4g.20gb (0),1,,13,[CUDA memcpy Host-to-Device]
4111450569,3360,252208,,,,,,,,,,1.547,460304.688,Device,,NVIDIA A100-SXM4-40GB MIG 4g.20gb (0),1,,13,[CUDA memset]
4111457481,3552,252213,,,,,,,,,,0.031,8810.794,Pinned,Device,NVIDIA A100-SXM4-40GB MIG 4g.20gb (0),1,,13,[CUDA memcpy Host-to-Device]
4111463529,9408,252214,,,,,,,,,,0.197,20897.858,Pinned,Device,NVIDIA A100-SXM4-40GB MIG 4g.20gb (0),1,,13,[CUDA memcpy Host-to-Device]
4111478504,6432,252215,273,1,1,8,4,1,39,0.002,0.000,,,,,NVIDIA A100-SXM4-40GB MIG 4g.20gb (0),1,,13,"void channel_eq::eqMmseCoefCompLowMimoKernel<float, float, float, (unsigned int)4, (unsigned int)1, (unsigned int)4>(const channel_eq::_puschRxChEqStatDescr *, channel_eq::_puschRxChEqCoefCompDynDescr)"
4111486088,6176,252216,273,1,1,12,11,1,51,0.002,0.000,,,,,NVIDIA A100-SXM4-40GB MIG 4g.20gb (0),1,,13,"void channel_eq::eqMmseSoftDemapKernel<float, __half, __half, float, (unsigned int)4, (unsigned short)16383>(channel_eq::_puschRxChEqStatDescr *, channel_eq::_puschRxChEqSoftDemapDynDescr)"
4111493640,295037,252217,1,1,1,32,32,1,30,0.000,0.000,,,,,NVIDIA A100-SXM4-40GB MIG 4g.20gb (0),1,,13,"void convert_kernel<float2, __half2>(tensor_layout_any, T1 *, tensor_layout_any, const T2 *)"
4111789829,10944,252229,2253,1,1,128,1,1,16,0.000,0.000,,,,,NVIDIA A100-SXM4-40GB MIG 4g.20gb (0),1,,13,cupy_copy__float16_float16
4111803524,2880,252238,282,1,1,128,1,1,16,0.000,0.000,,,,,NVIDIA A100-SXM4-40GB MIG 4g.20gb (0),1,,13,cupy_copy__complex64_complex64
4111807716,2080,252247,26,1,1,128,1,1,16,0.000,0.000,,,,,NVIDIA A100-SXM4-40GB MIG 4g.20gb (0),1,,13,cupy_copy__float32_float32
4111811972,2912,252256,103,1,1,128,1,1,16,0.000,0.000,,,,,NVIDIA A100-SXM4-40GB MIG 4g.20gb (0),1,,13,cupy_copy__complex64_complex64
4111817508,12128,252266,1434,1,1,128,1,1,16,0.000,0.000,,,,,NVIDIA A100-SXM4-40GB MIG 4g.20gb (0),1,,13,cupy_copy__complex64_complex64
4111833476,84959,252271,1,1,1,32,32,1,30,0.000,0.000,,,,,NVIDIA A100-SXM4-40GB MIG 4g.20gb (0),1,,13,"void convert_kernel<__half2, float2>(tensor_layout_any, T1 *, tensor_layout_any, const T2 *)"
4111945795,6016,252274,,,,,,,,,,0.094,15574.430,Pinned,Device,NVIDIA A100-SXM4-40GB MIG 4g.20gb (0),1,,13,[CUDA memcpy Host-to-Device]
4111955363,596952,252275,,,,,,,,,,456.561,764740.412,Device,,NVIDIA A100-SXM4-40GB MIG 4g.20gb (0),1,,13,[CUDA memset]
4112560443,146846,252280,,,,,,,,,,1.235,8408.734,Pinned,Device,NVIDIA A100-SXM4-40GB MIG 4g.20gb (0),1,,13,[CUDA memcpy Host-to-Device]
4112715481,41216,252281,,,,,,,,,,0.197,4770.103,Pinned,Device,NVIDIA A100-SXM4-40GB MIG 4g.20gb (0),1,,13,[CUDA memcpy Host-to-Device]
4112785304,8288,252282,69,4,1,48,1,1,76,0.002,0.000,,,,,NVIDIA A100-SXM4-40GB MIG 4g.20gb (0),1,,13,"void ch_est::windowedChEstPreNoDftSOfdmKernel<float, __half, float, (unsigned int)2, (unsigned int)1, (unsigned short)4>(ch_est::puschRxChEstStatDescr_t *, ch_est::puschRxChEstDynDescr_t *)"
4112804120,6880,252283,137,2,1,24,2,1,44,0.001,0.001,,,,,NVIDIA A100-SXM4-40GB MIG 4g.20gb (0),1,,13,"void ch_est::chEstFilterNoDftSOfdmDispatchKernel<float, __half, float, (unsigned int)2>(ch_est::puschRxChEstStatDescr_t *, ch_est::puschRxChEstDynDescr_t *)"
4112820504,4768,252284,137,2,1,24,2,1,44,0.001,0.001,,,,,NVIDIA A100-SXM4-40GB MIG 4g.20gb (0),1,,13,"void ch_est::chEstFilterNoDftSOfdmDispatchKernel<float, __half, float, (unsigned int)2>(ch_est::puschRxChEstStatDescr_t *, ch_est::puschRxChEstDynDescr_t *)"
4112836408,2496,252295,103,1,1,128,1,1,16,0.000,0.000,,,,,NVIDIA A100-SXM4-40GB MIG 4g.20gb (0),1,,13,cupy_copy__complex64_complex64
4112853208,12479,252305,1434,1,1,128,1,1,16,0.000,0.000,,,,,NVIDIA A100-SXM4-40GB MIG 4g.20gb (0),1,,13,cupy_copy__complex64_complex64
4112885623,2624,252312,103,1,1,128,1,1,16,0.000,0.000,,,,,NVIDIA A100-SXM4-40GB MIG 4g.20gb (0),1,,13,cupy_copy__complex64_complex64
4112902007,83007,252319,1,1,1,32,32,1,30,0.000,0.000,,,,,NVIDIA A100-SXM4-40GB MIG 4g.20gb (0),1,,13,"void convert_kernel<__half2, float2>(tensor_layout_any, T1 *, tensor_layout_any, const T2 *)"
4113016118,11007,252322,,,,,,,,,,0.094,8512.375,Pinned,Device,NVIDIA A100-SXM4-40GB MIG 4g.20gb (0),1,,13,[CUDA memcpy Host-to-Device]
4113040309,46912,252323,,,,,,,,,,35.810,763324.255,Device,,NVIDIA A100-SXM4-40GB MIG 4g.20gb (0),1,,13,[CUDA memset]
4113093877,5024,252325,,,,,,,,,,0.000,15.924,Pinned,Device,NVIDIA A100-SXM4-40GB MIG 4g.20gb (0),1,,13,[CUDA memcpy Host-to-Device]
4113106804,19008,252326,,,,,,,,,,0.197,10343.350,Pinned,Device,NVIDIA A100-SXM4-40GB MIG 4g.20gb (0),1,,13,[CUDA memcpy Host-to-Device]
4113134036,12192,252327,273,1,1,48,1,1,40,0.000,0.001,,,,,NVIDIA A100-SXM4-40GB MIG 4g.20gb (0),1,,13,"void pusch_noise_intf_est::noiseIntfEstNoDftSOfdmKernel<float, __half, float, float, (unsigned int)2, (unsigned int)1, (unsigned char)4, (unsigned char)4>(pusch_noise_intf_est::puschRxNoiseIntfEstDynDescr)"
4113151540,2848,252338,35,1,1,128,1,1,16,0.000,0.000,,,,,NVIDIA A100-SXM4-40GB MIG 4g.20gb (0),1,,13,cupy_copy__complex64_complex64
4113160500,1792,252347,1,1,1,1,1,1,18,0.000,0.000,,,,,NVIDIA A100-SXM4-40GB MIG 4g.20gb (0),1,,13,cupy_copy__float32_float32
4113174708,2336,252353,,,,,,,,,,0.000,1.712,Device,Pageable,NVIDIA A100-SXM4-40GB MIG 4g.20gb (0),1,,7,[CUDA memcpy Device-to-Host]
4113242067,12928,252364,1434,1,1,128,1,1,16,0.000,0.000,,,,,NVIDIA A100-SXM4-40GB MIG 4g.20gb (0),1,,13,cupy_copy__complex64_complex64
4113269138,3616,252371,103,1,1,128,1,1,16,0.000,0.000,,,,,NVIDIA A100-SXM4-40GB MIG 4g.20gb (0),1,,13,cupy_copy__complex64_complex64
4113291026,2528,252378,35,1,1,128,1,1,16,0.000,0.000,,,,,NVIDIA A100-SXM4-40GB MIG 4g.20gb (0),1,,13,cupy_copy__complex64_complex64
4113307538,1760,252385,1,1,1,1,1,1,18,0.000,0.000,,,,,NVIDIA A100-SXM4-40GB MIG 4g.20gb (0),1,,13,cupy_copy__float32_float32
4113438800,81567,252396,1,1,1,32,32,1,30,0.000,0.000,,,,,NVIDIA A100-SXM4-40GB MIG 4g.20gb (0),1,,13,"void convert_kernel<__half2, float2>(tensor_layout_any, T1 *, tensor_layout_any, const T2 *)"
4113548239,6048,252399,,,,,,,,,,0.094,15491.978,Pinned,Device,NVIDIA A100-SXM4-40GB MIG 4g.20gb (0),1,,13,[CUDA memcpy Host-to-Device]
4113562031,3392,252400,,,,,,,,,,1.547,455961.768,Device,,NVIDIA A100-SXM4-40GB MIG 4g.20gb (0),1,,13,[CUDA memset]
4113569135,3488,252405,,,,,,,,,,0.031,8972.469,Pinned,Device,NVIDIA A100-SXM4-40GB MIG 4g.20gb (0),1,,13,[CUDA memcpy Host-to-Device]
4113575087,9824,252406,,,,,,,,,,0.197,20012.925,Pinned,Device,NVIDIA A100-SXM4-40GB MIG 4g.20gb (0),1,,13,[CUDA memcpy Host-to-Device]
4113591022,6464,252407,273,1,1,8,4,1,39,0.002,0.000,,,,,NVIDIA A100-SXM4-40GB MIG 4g.20gb (0),1,,13,"void channel_eq::eqMmseCoefCompLowMimoKernel<float, float, float, (unsigned int)4, (unsigned int)1, (unsigned int)4>(const channel_eq::_puschRxChEqStatDescr *, channel_eq::_puschRxChEqCoefCompDynDescr)"
4113598446,6016,252408,273,1,1,12,11,1,51,0.002,0.000,,,,,NVIDIA A100-SXM4-40GB MIG 4g.20gb (0),1,,13,"void channel_eq::eqMmseSoftDemapKernel<float, __half, __half, float, (unsigned int)4, (unsigned short)16383>(channel_eq::_puschRxChEqStatDescr *, channel_eq::_puschRxChEqSoftDemapDynDescr)"
4113605614,282205,252409,1,1,1,32,32,1,30,0.000,0.000,,,,,NVIDIA A100-SXM4-40GB MIG 4g.20gb (0),1,,13,"void convert_kernel<float2, __half2>(tensor_layout_any, T1 *, tensor_layout_any, const T2 *)"
4113888939,10880,252421,2253,1,1,128,1,1,16,0.000,0.000,,,,,NVIDIA A100-SXM4-40GB MIG 4g.20gb (0),1,,13,cupy_copy__float16_float16
4113901803,3136,252430,282,1,1,128,1,1,16,0.000,0.000,,,,,NVIDIA A100-SXM4-40GB MIG 4g.20gb (0),1,,13,cupy_copy__complex64_complex64
4113907019,2016,252439,26,1,1,128,1,1,16,0.000,0.000,,,,,NVIDIA A100-SXM4-40GB MIG 4g.20gb (0),1,,13,cupy_copy__float32_float32
4113911723,3071,252448,103,1,1,128,1,1,16,0.000,0.000,,,,,NVIDIA A100-SXM4-40GB MIG 4g.20gb (0),1,,13,cupy_copy__complex64_complex64
4113915914,12000,252458,1434,1,1,128,1,1,16,0.000,0.000,,,,,NVIDIA A100-SXM4-40GB MIG 4g.20gb (0),1,,13,cupy_copy__complex64_complex64
4113937802,81951,252463,1,1,1,32,32,1,30,0.000,0.000,,,,,NVIDIA A100-SXM4-40GB MIG 4g.20gb (0),1,,13,"void convert_kernel<__half2, float2>(tensor_layout_any, T1 *, tensor_layout_any, const T2 *)"
4114046729,5408,252466,,,,,,,,,,0.094,17325.421,Pinned,Device,NVIDIA A100-SXM4-40GB MIG 4g.20gb (0),1,,13,[CUDA memcpy Host-to-Device]
4114057193,598840,252467,,,,,,,,,,456.561,762001.043,Device,,NVIDIA A100-SXM4-40GB MIG 4g.20gb (0),1,,13,[CUDA memset]
4114661089,152830,252472,,,,,,,,,,1.235,8080.239,Pinned,Device,NVIDIA A100-SXM4-40GB MIG 4g.20gb (0),1,,13,[CUDA memcpy Host-to-Device]
4114826175,40896,252473,,,,,,,,,,0.197,4807.459,Pinned,Device,NVIDIA A100-SXM4-40GB MIG 4g.20gb (0),1,,13,[CUDA memcpy Host-to-Device]
4114884543,8031,252474,69,4,1,48,1,1,76,0.002,0.000,,,,,NVIDIA A100-SXM4-40GB MIG 4g.20gb (0),1,,13,"void ch_est::windowedChEstPreNoDftSOfdmKernel<float, __half, float, (unsigned int)2, (unsigned int)1, (unsigned short)4>(ch_est::puschRxChEstStatDescr_t *, ch_est::puschRxChEstDynDescr_t *)"
4114902910,6496,252475,137,2,1,24,2,1,44,0.001,0.001,,,,,NVIDIA A100-SXM4-40GB MIG 4g.20gb (0),1,,13,"void ch_est::chEstFilterNoDftSOfdmDispatchKernel<float, __half, float, (unsigned int)2>(ch_est::puschRxChEstStatDescr_t *, ch_est::puschRxChEstDynDescr_t *)"
4114920222,4768,252476,137,2,1,24,2,1,44,0.001,0.001,,,,,NVIDIA A100-SXM4-40GB MIG 4g.20gb (0),1,,13,"void ch_est::chEstFilterNoDftSOfdmDispatchKernel<float, __half, float, (unsigned int)2>(ch_est::puschRxChEstStatDescr_t *, ch_est::puschRxChEstDynDescr_t *)"
4114936670,2688,252487,103,1,1,128,1,1,16,0.000,0.000,,,,,NVIDIA A100-SXM4-40GB MIG 4g.20gb (0),1,,13,cupy_copy__complex64_complex64
4114953534,12576,252497,1434,1,1,128,1,1,16,0.000,0.000,,,,,NVIDIA A100-SXM4-40GB MIG 4g.20gb (0),1,,13,cupy_copy__complex64_complex64
4114973885,2880,252504,103,1,1,128,1,1,16,0.000,0.000,,,,,NVIDIA A100-SXM4-40GB MIG 4g.20gb (0),1,,13,cupy_copy__complex64_complex64
4114997437,88863,252511,1,1,1,32,32,1,30,0.000,0.000,,,,,NVIDIA A100-SXM4-40GB MIG 4g.20gb (0),1,,13,"void convert_kernel<__half2, float2>(tensor_layout_any, T1 *, tensor_layout_any, const T2 *)"
4115123132,26303,252514,,,,,,,,,,0.094,3562.135,Pinned,Device,NVIDIA A100-SXM4-40GB MIG 4g.20gb (0),1,,13,[CUDA memcpy Host-to-Device]
4115163931,46943,252515,,,,,,,,,,35.810,762822.916,Device,,NVIDIA A100-SXM4-40GB MIG 4g.20gb (0),1,,13,[CUDA memset]
4115211546,15296,252517,,,,,,,,,,0.000,5.230,Pinned,Device,NVIDIA A100-SXM4-40GB MIG 4g.20gb (0),1,,13,[CUDA memcpy Host-to-Device]
4115235418,30208,252518,,,,,,,,,,0.197,6508.315,Pinned,Device,NVIDIA A100-SXM4-40GB MIG 4g.20gb (0),1,,13,[CUDA memcpy Host-to-Device]
4115289530,9919,252519,273,1,1,48,1,1,40,0.000,0.001,,,,,NVIDIA A100-SXM4-40GB MIG 4g.20gb (0),1,,13,"void pusch_noise_intf_est::noiseIntfEstNoDftSOfdmKernel<float, __half, float, float, (unsigned int)2, (unsigned int)1, (unsigned char)4, (unsigned char)4>(pusch_noise_intf_est::puschRxNoiseIntfEstDynDescr)"
4115306393,2784,252530,35,1,1,128,1,1,16,0.000,0.000,,,,,NVIDIA A100-SXM4-40GB MIG 4g.20gb (0),1,,13,cupy_copy__complex64_complex64
4115322745,1696,252539,1,1,1,1,1,1,18,0.000,0.000,,,,,NVIDIA A100-SXM4-40GB MIG 4g.20gb (0),1,,13,cupy_copy__float32_float32
4115325209,8288,252545,,,,,,,,,,0.000,0.483,Device,Pageable,NVIDIA A100-SXM4-40GB MIG 4g.20gb (0),1,,7,[CUDA memcpy Device-to-Host]
4115415512,13120,252556,1434,1,1,128,1,1,16,0.000,0.000,,,,,NVIDIA A100-SXM4-40GB MIG 4g.20gb (0),1,,13,cupy_copy__complex64_complex64
4115444408,3360,252563,103,1,1,128,1,1,16,0.000,0.000,,,,,NVIDIA A100-SXM4-40GB MIG 4g.20gb (0),1,,13,cupy_copy__complex64_complex64
4115459543,2528,252570,35,1,1,128,1,1,16,0.000,0.000,,,,,NVIDIA A100-SXM4-40GB MIG 4g.20gb (0),1,,13,cupy_copy__complex64_complex64
4115480855,1952,252577,1,1,1,1,1,1,18,0.000,0.000,,,,,NVIDIA A100-SXM4-40GB MIG 4g.20gb (0),1,,13,cupy_copy__float32_float32
4115602358,87903,252588,1,1,1,32,32,1,30,0.000,0.000,,,,,NVIDIA A100-SXM4-40GB MIG 4g.20gb (0),1,,13,"void convert_kernel<__half2, float2>(tensor_layout_any, T1 *, tensor_layout_any, const T2 *)"
4115718100,5600,252591,,,,,,,,,,0.094,16731.388,Pinned,Device,NVIDIA A100-SXM4-40GB MIG 4g.20gb (0),1,,13,[CUDA memcpy Host-to-Device]
4115732884,3296,252592,,,,,,,,,,1.547,469242.628,Device,,NVIDIA A100-SXM4-40GB MIG 4g.20gb (0),1,,13,[CUDA memset]
4115739732,3264,252597,,,,,,,,,,0.031,9588.218,Pinned,Device,NVIDIA A100-SXM4-40GB MIG 4g.20gb (0),1,,13,[CUDA memcpy Host-to-Device]
4115745428,9856,252598,,,,,,,,,,0.197,19948.044,Pinned,Device,NVIDIA A100-SXM4-40GB MIG 4g.20gb (0),1,,13,[CUDA memcpy Host-to-Device]
4115760660,8384,252599,273,1,1,8,4,1,39,0.002,0.000,,,,,NVIDIA A100-SXM4-40GB MIG 4g.20gb (0),1,,13,"void channel_eq::eqMmseCoefCompLowMimoKernel<float, float, float, (unsigned int)4, (unsigned int)1, (unsigned int)4>(const channel_eq::_puschRxChEqStatDescr *, channel_eq::_puschRxChEqCoefCompDynDescr)"
4115771796,6016,252600,273,1,1,12,11,1,51,0.002,0.000,,,,,NVIDIA A100-SXM4-40GB MIG 4g.20gb (0),1,,13,"void channel_eq::eqMmseSoftDemapKernel<float, __half, __half, float, (unsigned int)4, (unsigned short)16383>(channel_eq::_puschRxChEqStatDescr *, channel_eq::_puschRxChEqSoftDemapDynDescr)"
4115781043,282205,252601,1,1,1,32,32,1,30,0.000,0.000,,,,,NVIDIA A100-SXM4-40GB MIG 4g.20gb (0),1,,13,"void convert_kernel<float2, __half2>(tensor_layout_any, T1 *, tensor_layout_any, const T2 *)"
4116064304,11072,252613,2253,1,1,128,1,1,16,0.000,0.000,,,,,NVIDIA A100-SXM4-40GB MIG 4g.20gb (0),1,,13,cupy_copy__float16_float16
4116080496,3040,252622,282,1,1,128,1,1,16,0.000,0.000,,,,,NVIDIA A100-SXM4-40GB MIG 4g.20gb (0),1,,13,cupy_copy__complex64_complex64
4116085840,1984,252631,26,1,1,128,1,1,16,0.000,0.000,,,,,NVIDIA A100-SXM4-40GB MIG 4g.20gb (0),1,,13,cupy_copy__float32_float32
4116089168,4704,252640,103,1,1,128,1,1,16,0.000,0.000,,,,,NVIDIA A100-SXM4-40GB MIG 4g.20gb (0),1,,13,cupy_copy__complex64_complex64
4116095344,12223,252650,1434,1,1,128,1,1,16,0.000,0.000,,,,,NVIDIA A100-SXM4-40GB MIG 4g.20gb (0),1,,13,cupy_copy__complex64_complex64
4116111695,81791,252655,1,1,1,32,32,1,30,0.000,0.000,,,,,NVIDIA A100-SXM4-40GB MIG 4g.20gb (0),1,,13,"void convert_kernel<__half2, float2>(tensor_layout_any, T1 *, tensor_layout_any, const T2 *)"
4116220526,5696,252658,,,,,,,,,,0.094,16449.363,Pinned,Device,NVIDIA A100-SXM4-40GB MIG 4g.20gb (0),1,,13,[CUDA memcpy Host-to-Device]
4116230382,604408,252659,,,,,,,,,,456.561,755152.622,Device,,NVIDIA A100-SXM4-40GB MIG 4g.20gb (0),1,,13,[CUDA memset]
4116839686,62144,252664,,,,,,,,,,1.235,19871.484,Pinned,Device,NVIDIA A100-SXM4-40GB MIG 4g.20gb (0),1,,13,[CUDA memcpy Host-to-Device]
4116904486,9632,252665,,,,,,,,,,0.197,20411.843,Pinned,Device,NVIDIA A100-SXM4-40GB MIG 4g.20gb (0),1,,13,[CUDA memcpy Host-to-Device]
4116918373,7808,252666,69,4,1,48,1,1,76,0.002,0.000,,,,,NVIDIA A100-SXM4-40GB MIG 4g.20gb (0),1,,13,"void ch_est::windowedChEstPreNoDftSOfdmKernel<float, __half, float, (unsigned int)2, (unsigned int)1, (unsigned short)4>(ch_est::puschRxChEstStatDescr_t *, ch_est::puschRxChEstDynDescr_t *)"
4116929573,7200,252667,137,2,1,24,2,1,44,0.001,0.001,,,,,NVIDIA A100-SXM4-40GB MIG 4g.20gb (0),1,,13,"void ch_est::chEstFilterNoDftSOfdmDispatchKernel<float, __half, float, (unsigned int)2>(ch_est::puschRxChEstStatDescr_t *, ch_est::puschRxChEstDynDescr_t *)"
4116939397,4896,252668,137,2,1,24,2,1,44,0.001,0.001,,,,,NVIDIA A100-SXM4-40GB MIG 4g.20gb (0),1,,13,"void ch_est::chEstFilterNoDftSOfdmDispatchKernel<float, __half, float, (unsigned int)2>(ch_est::puschRxChEstStatDescr_t *, ch_est::puschRxChEstDynDescr_t *)"
4116946917,2496,252679,103,1,1,128,1,1,16,0.000,0.000,,,,,NVIDIA A100-SXM4-40GB MIG 4g.20gb (0),1,,13,cupy_copy__complex64_complex64
4116951173,12640,252689,1434,1,1,128,1,1,16,0.000,0.000,,,,,NVIDIA A100-SXM4-40GB MIG 4g.20gb (0),1,,13,cupy_copy__complex64_complex64
4116966181,2880,252696,103,1,1,128,1,1,16,0.000,0.000,,,,,NVIDIA A100-SXM4-40GB MIG 4g.20gb (0),1,,13,cupy_copy__complex64_complex64
4116972613,81503,252703,1,1,1,32,32,1,30,0.000,0.000,,,,,NVIDIA A100-SXM4-40GB MIG 4g.20gb (0),1,,13,"void convert_kernel<__half2, float2>(tensor_layout_any, T1 *, tensor_layout_any, const T2 *)"
4117081667,5856,252706,,,,,,,,,,0.094,15999.997,Pinned,Device,NVIDIA A100-SXM4-40GB MIG 4g.20gb (0),1,,13,[CUDA memcpy Host-to-Device]
4117092963,46624,252707,,,,,,,,,,35.810,768051.164,Device,,NVIDIA A100-SXM4-40GB MIG 4g.20gb (0),1,,13,[CUDA memset]
4117142371,3616,252709,,,,,,,,,,0.000,22.124,Pinned,Device,NVIDIA A100-SXM4-40GB MIG 4g.20gb (0),1,,13,[CUDA memcpy Host-to-Device]
4117150115,13279,252710,,,,,,,,,,0.197,14805.762,Pinned,Device,NVIDIA A100-SXM4-40GB MIG 4g.20gb (0),1,,13,[CUDA memcpy Host-to-Device]
4117173218,10400,252711,273,1,1,48,1,1,40,0.000,0.001,,,,,NVIDIA A100-SXM4-40GB MIG 4g.20gb (0),1,,13,"void pusch_noise_intf_est::noiseIntfEstNoDftSOfdmKernel<float, __half, float, float, (unsigned int)2, (unsigned int)1, (unsigned char)4, (unsigned char)4>(pusch_noise_intf_est::puschRxNoiseIntfEstDynDescr)"
4117187874,2848,252722,35,1,1,128,1,1,16,0.000,0.000,,,,,NVIDIA A100-SXM4-40GB MIG 4g.20gb (0),1,,13,cupy_copy__complex64_complex64
4117204546,2016,252731,1,1,1,1,1,1,18,0.000,0.000,,,,,NVIDIA A100-SXM4-40GB MIG 4g.20gb (0),1,,13,cupy_copy__float32_float32
4117235266,1696,252737,,,,,,,,,,0.000,2.358,Device,Pageable,NVIDIA A100-SXM4-40GB MIG 4g.20gb (0),1,,7,[CUDA memcpy Device-to-Host]
4117296161,12672,252748,1434,1,1,128,1,1,16,0.000,0.000,,,,,NVIDIA A100-SXM4-40GB MIG 4g.20gb (0),1,,13,cupy_copy__complex64_complex64
4117321440,2784,252755,103,1,1,128,1,1,16,0.000,0.000,,,,,NVIDIA A100-SXM4-40GB MIG 4g.20gb (0),1,,13,cupy_copy__complex64_complex64
4117343264,2176,252762,35,1,1,128,1,1,16,0.000,0.000,,,,,NVIDIA A100-SXM4-40GB MIG 4g.20gb (0),1,,13,cupy_copy__complex64_complex64
4117360288,1792,252769,1,1,1,1,1,1,18,0.000,0.000,,,,,NVIDIA A100-SXM4-40GB MIG 4g.20gb (0),1,,13,cupy_copy__float32_float32
4117490622,82239,252780,1,1,1,32,32,1,30,0.000,0.000,,,,,NVIDIA A100-SXM4-40GB MIG 4g.20gb (0),1,,13,"void convert_kernel<__half2, float2>(tensor_layout_any, T1 *, tensor_layout_any, const T2 *)"
4117599357,5408,252783,,,,,,,,,,0.094,17325.421,Pinned,Device,NVIDIA A100-SXM4-40GB MIG 4g.20gb (0),1,,13,[CUDA memcpy Host-to-Device]
4117613565,3584,252784,,,,,,,,,,1.547,431534.389,Device,,NVIDIA A100-SXM4-40GB MIG 4g.20gb (0),1,,13,[CUDA memset]
4117620733,3200,252789,,,,,,,,,,0.031,9780.000,Pinned,Device,NVIDIA A100-SXM4-40GB MIG 4g.20gb (0),1,,13,[CUDA memcpy Host-to-Device]
4117626141,9888,252790,,,,,,,,,,0.197,19883.360,Pinned,Device,NVIDIA A100-SXM4-40GB MIG 4g.20gb (0),1,,13,[CUDA memcpy Host-to-Device]
4117640125,6079,252791,273,1,1,8,4,1,39,0.002,0.000,,,,,NVIDIA A100-SXM4-40GB MIG 4g.20gb (0),1,,13,"void channel_eq::eqMmseCoefCompLowMimoKernel<float, float, float, (unsigned int)4, (unsigned int)1, (unsigned int)4>(const channel_eq::_puschRxChEqStatDescr *, channel_eq::_puschRxChEqCoefCompDynDescr)"
4117649148,6240,252792,273,1,1,12,11,1,51,0.002,0.000,,,,,NVIDIA A100-SXM4-40GB MIG 4g.20gb (0),1,,13,"void channel_eq::eqMmseSoftDemapKernel<float, __half, __half, float, (unsigned int)4, (unsigned short)16383>(channel_eq::_puschRxChEqStatDescr *, channel_eq::_puschRxChEqSoftDemapDynDescr)"
4117656444,282781,252793,1,1,1,32,32,1,30,0.000,0.000,,,,,NVIDIA A100-SXM4-40GB MIG 4g.20gb (0),1,,13,"void convert_kernel<float2, __half2>(tensor_layout_any, T1 *, tensor_layout_any, const T2 *)"
4117940249,11040,252805,2253,1,1,128,1,1,16,0.000,0.000,,,,,NVIDIA A100-SXM4-40GB MIG 4g.20gb (0),1,,13,cupy_copy__float16_float16
4117953561,3232,252814,282,1,1,128,1,1,16,0.000,0.000,,,,,NVIDIA A100-SXM4-40GB MIG 4g.20gb (0),1,,13,cupy_copy__complex64_complex64
4117961849,2336,252823,26,1,1,128,1,1,16,0.000,0.000,,,,,NVIDIA A100-SXM4-40GB MIG 4g.20gb (0),1,,13,cupy_copy__float32_float32
4117966073,3296,252832,103,1,1,128,1,1,16,0.000,0.000,,,,,NVIDIA A100-SXM4-40GB MIG 4g.20gb (0),1,,13,cupy_copy__complex64_complex64
4117972152,12128,252842,1434,1,1,128,1,1,16,0.000,0.000,,,,,NVIDIA A100-SXM4-40GB MIG 4g.20gb (0),1,,13,cupy_copy__complex64_complex64
4117991192,87167,252847,1,1,1,32,32,1,30,0.000,0.000,,,,,NVIDIA A100-SXM4-40GB MIG 4g.20gb (0),1,,13,"void convert_kernel<__half2, float2>(tensor_layout_any, T1 *, tensor_layout_any, const T2 *)"
4118105495,5536,252850,,,,,,,,,,0.094,16924.777,Pinned,Device,NVIDIA A100-SXM4-40GB MIG 4g.20gb (0),1,,13,[CUDA memcpy Host-to-Device]
4118115735,596216,252851,,,,,,,,,,456.561,765653.535,Device,,NVIDIA A100-SXM4-40GB MIG 4g.20gb (0),1,,13,[CUDA memset]
4118716655,152510,252856,,,,,,,,,,1.235,8096.293,Pinned,Device,NVIDIA A100-SXM4-40GB MIG 4g.20gb (0),1,,13,[CUDA memcpy Host-to-Device]
4118882861,40608,252857,,,,,,,,,,0.197,4841.472,Pinned,Device,NVIDIA A100-SXM4-40GB MIG 4g.20gb (0),1,,13,[CUDA memcpy Host-to-Device]
4118953452,8320,252858,69,4,1,48,1,1,76,0.002,0.000,,,,,NVIDIA A100-SXM4-40GB MIG 4g.20gb (0),1,,13,"void ch_est::windowedChEstPreNoDftSOfdmKernel<float, __half, float, (unsigned int)2, (unsigned int)1, (unsigned short)4>(ch_est::puschRxChEstStatDescr_t *, ch_est::puschRxChEstDynDescr_t *)"
4118973004,6944,252859,137,2,1,24,2,1,44,0.001,0.001,,,,,NVIDIA A100-SXM4-40GB MIG 4g.20gb (0),1,,13,"void ch_est::chEstFilterNoDftSOfdmDispatchKernel<float, __half, float, (unsigned int)2>(ch_est::puschRxChEstStatDescr_t *, ch_est::puschRxChEstDynDescr_t *)"
4118990060,4736,252860,137,2,1,24,2,1,44,0.001,0.001,,,,,NVIDIA A100-SXM4-40GB MIG 4g.20gb (0),1,,13,"void ch_est::chEstFilterNoDftSOfdmDispatchKernel<float, __half, float, (unsigned int)2>(ch_est::puschRxChEstStatDescr_t *, ch_est::puschRxChEstDynDescr_t *)"
4119009516,2624,252871,103,1,1,128,1,1,16,0.000,0.000,,,,,NVIDIA A100-SXM4-40GB MIG 4g.20gb (0),1,,13,cupy_copy__complex64_complex64
4119023820,12255,252881,1434,1,1,128,1,1,16,0.000,0.000,,,,,NVIDIA A100-SXM4-40GB MIG 4g.20gb (0),1,,13,cupy_copy__complex64_complex64
4119055339,2400,252888,103,1,1,128,1,1,16,0.000,0.000,,,,,NVIDIA A100-SXM4-40GB MIG 4g.20gb (0),1,,13,cupy_copy__complex64_complex64
4119067371,84799,252895,1,1,1,32,32,1,30,0.000,0.000,,,,,NVIDIA A100-SXM4-40GB MIG 4g.20gb (0),1,,13,"void convert_kernel<__half2, float2>(tensor_layout_any, T1 *, tensor_layout_any, const T2 *)"
4119179658,5600,252898,,,,,,,,,,0.094,16731.388,Pinned,Device,NVIDIA A100-SXM4-40GB MIG 4g.20gb (0),1,,13,[CUDA memcpy Host-to-Device]
4119191785,46944,252899,,,,,,,,,,35.810,762787.106,Device,,NVIDIA A100-SXM4-40GB MIG 4g.20gb (0),1,,13,[CUDA memset]
4119245737,2848,252901,,,,,,,,,,0.000,28.090,Pinned,Device,NVIDIA A100-SXM4-40GB MIG 4g.20gb (0),1,,13,[CUDA memcpy Host-to-Device]
4119253417,11904,252902,,,,,,,,,,0.197,16516.055,Pinned,Device,NVIDIA A100-SXM4-40GB MIG 4g.20gb (0),1,,13,[CUDA memcpy Host-to-Device]
4119273960,12992,252903,273,1,1,48,1,1,40,0.000,0.001,,,,,NVIDIA A100-SXM4-40GB MIG 4g.20gb (0),1,,13,"void pusch_noise_intf_est::noiseIntfEstNoDftSOfdmKernel<float, __half, float, float, (unsigned int)2, (unsigned int)1, (unsigned char)4, (unsigned char)4>(pusch_noise_intf_est::puschRxNoiseIntfEstDynDescr)"
4119291464,3264,252914,35,1,1,128,1,1,16,0.000,0.000,,,,,NVIDIA A100-SXM4-40GB MIG 4g.20gb (0),1,,13,cupy_copy__complex64_complex64
4119305128,1792,252923,1,1,1,1,1,1,18,0.000,0.000,,,,,NVIDIA A100-SXM4-40GB MIG 4g.20gb (0),1,,13,cupy_copy__float32_float32
4119335944,1600,252929,,,,,,,,,,0.000,2.500,Device,Pageable,NVIDIA A100-SXM4-40GB MIG 4g.20gb (0),1,,7,[CUDA memcpy Device-to-Host]
4119395943,13120,252940,1434,1,1,128,1,1,16,0.000,0.000,,,,,NVIDIA A100-SXM4-40GB MIG 4g.20gb (0),1,,13,cupy_copy__complex64_complex64
4119421767,2784,252947,103,1,1,128,1,1,16,0.000,0.000,,,,,NVIDIA A100-SXM4-40GB MIG 4g.20gb (0),1,,13,cupy_copy__complex64_complex64
4119442278,2560,252954,35,1,1,128,1,1,16,0.000,0.000,,,,,NVIDIA A100-SXM4-40GB MIG 4g.20gb (0),1,,13,cupy_copy__complex64_complex64
4119460422,1824,252961,1,1,1,1,1,1,18,0.000,0.000,,,,,NVIDIA A100-SXM4-40GB MIG 4g.20gb (0),1,,13,cupy_copy__float32_float32
4119592741,90494,252972,1,1,1,32,32,1,30,0.000,0.000,,,,,NVIDIA A100-SXM4-40GB MIG 4g.20gb (0),1,,13,"void convert_kernel<__half2, float2>(tensor_layout_any, T1 *, tensor_layout_any, const T2 *)"
4119711139,5824,252975,,,,,,,,,,0.094,16087.884,Pinned,Device,NVIDIA A100-SXM4-40GB MIG 4g.20gb (0),1,,13,[CUDA memcpy Host-to-Device]
4119725731,3328,252976,,,,,,,,,,1.547,464729.580,Device,,NVIDIA A100-SXM4-40GB MIG 4g.20gb (0),1,,13,[CUDA memset]
4119732803,3072,252981,,,,,,,,,,0.031,10187.474,Pinned,Device,NVIDIA A100-SXM4-40GB MIG 4g.20gb (0),1,,13,[CUDA memcpy Host-to-Device]
4119738691,9472,252982,,,,,,,,,,0.197,20756.693,Pinned,Device,NVIDIA A100-SXM4-40GB MIG 4g.20gb (0),1,,13,[CUDA memcpy Host-to-Device]
4119751875,8095,252983,273,1,1,8,4,1,39,0.002,0.000,,,,,NVIDIA A100-SXM4-40GB MIG 4g.20gb (0),1,,13,"void channel_eq::eqMmseCoefCompLowMimoKernel<float, float, float, (unsigned int)4, (unsigned int)1, (unsigned int)4>(const channel_eq::_puschRxChEqStatDescr *, channel_eq::_puschRxChEqCoefCompDynDescr)"
4119761762,7584,252984,273,1,1,12,11,1,51,0.002,0.000,,,,,NVIDIA A100-SXM4-40GB MIG 4g.20gb (0),1,,13,"void channel_eq::eqMmseSoftDemapKernel<float, __half, __half, float, (unsigned int)4, (unsigned short)16383>(channel_eq::_puschRxChEqStatDescr *, channel_eq::_puschRxChEqSoftDemapDynDescr)"
4119772770,280957,252985,1,1,1,32,32,1,30,0.000,0.000,,,,,NVIDIA A100-SXM4-40GB MIG 4g.20gb (0),1,,13,"void convert_kernel<float2, __half2>(tensor_layout_any, T1 *, tensor_layout_any, const T2 *)"
4120055903,11072,252997,2253,1,1,128,1,1,16,0.000,0.000,,,,,NVIDIA A100-SXM4-40GB MIG 4g.20gb (0),1,,13,cupy_copy__float16_float16
4120072351,3392,253006,282,1,1,128,1,1,16,0.000,0.000,,,,,NVIDIA A100-SXM4-40GB MIG 4g.20gb (0),1,,13,cupy_copy__complex64_complex64
4120077599,3231,253015,26,1,1,128,1,1,16,0.000,0.000,,,,,NVIDIA A100-SXM4-40GB MIG 4g.20gb (0),1,,13,cupy_copy__float32_float32
4120081950,2784,253024,103,1,1,128,1,1,16,0.000,0.000,,,,,NVIDIA A100-SXM4-40GB MIG 4g.20gb (0),1,,13,cupy_copy__complex64_complex64
4120087326,12160,253034,1434,1,1,128,1,1,16,0.000,0.000,,,,,NVIDIA A100-SXM4-40GB MIG 4g.20gb (0),1,,13,cupy_copy__complex64_complex64
4120104254,81855,253039,1,1,1,32,32,1,30,0.000,0.000,,,,,NVIDIA A100-SXM4-40GB MIG 4g.20gb (0),1,,13,"void convert_kernel<__half2, float2>(tensor_layout_any, T1 *, tensor_layout_any, const T2 *)"
4120212861,5632,253042,,,,,,,,,,0.094,16636.287,Pinned,Device,NVIDIA A100-SXM4-40GB MIG 4g.20gb (0),1,,13,[CUDA memcpy Host-to-Device]
4120222845,596568,253043,,,,,,,,,,456.561,765196.973,Device,,NVIDIA A100-SXM4-40GB MIG 4g.20gb (0),1,,13,[CUDA memset]
4120828117,136479,253048,,,,,,,,,,1.235,9048.435,Pinned,Device,NVIDIA A100-SXM4-40GB MIG 4g.20gb (0),1,,13,[CUDA memcpy Host-to-Device]
4120978163,43296,253049,,,,,,,,,,0.197,4540.858,Pinned,Device,NVIDIA A100-SXM4-40GB MIG 4g.20gb (0),1,,13,[CUDA memcpy Host-to-Device]
4121050035,7871,253050,69,4,1,48,1,1,76,0.002,0.000,,,,,NVIDIA A100-SXM4-40GB MIG 4g.20gb (0),1,,13,"void ch_est::windowedChEstPreNoDftSOfdmKernel<float, __half, float, (unsigned int)2, (unsigned int)1, (unsigned short)4>(ch_est::puschRxChEstStatDescr_t *, ch_est::puschRxChEstDynDescr_t *)"
4121069362,6752,253051,137,2,1,24,2,1,44,0.001,0.001,,,,,NVIDIA A100-SXM4-40GB MIG 4g.20gb (0),1,,13,"void ch_est::chEstFilterNoDftSOfdmDispatchKernel<float, __half, float, (unsigned int)2>(ch_est::puschRxChEstStatDescr_t *, ch_est::puschRxChEstDynDescr_t *)"
4121086034,4704,253052,137,2,1,24,2,1,44,0.001,0.001,,,,,NVIDIA A100-SXM4-40GB MIG 4g.20gb (0),1,,13,"void ch_est::chEstFilterNoDftSOfdmDispatchKernel<float, __half, float, (unsigned int)2>(ch_est::puschRxChEstStatDescr_t *, ch_est::puschRxChEstDynDescr_t *)"
4121103122,2496,253063,103,1,1,128,1,1,16,0.000,0.000,,,,,NVIDIA A100-SXM4-40GB MIG 4g.20gb (0),1,,13,cupy_copy__complex64_complex64
4121120978,12352,253073,1434,1,1,128,1,1,16,0.000,0.000,,,,,NVIDIA A100-SXM4-40GB MIG 4g.20gb (0),1,,13,cupy_copy__complex64_complex64
4121140305,2912,253080,103,1,1,128,1,1,16,0.000,0.000,,,,,NVIDIA A100-SXM4-40GB MIG 4g.20gb (0),1,,13,cupy_copy__complex64_complex64
4121159377,85503,253087,1,1,1,32,32,1,30,0.000,0.000,,,,,NVIDIA A100-SXM4-40GB MIG 4g.20gb (0),1,,13,"void convert_kernel<__half2, float2>(tensor_layout_any, T1 *, tensor_layout_any, const T2 *)"
4121277936,20543,253090,,,,,,,,,,0.094,4560.934,Pinned,Device,NVIDIA A100-SXM4-40GB MIG 4g.20gb (0),1,,13,[CUDA memcpy Host-to-Device]
4121313487,46976,253091,,,,,,,,,,35.810,762285.767,Device,,NVIDIA A100-SXM4-40GB MIG 4g.20gb (0),1,,13,[CUDA memset]
4121367823,7648,253093,,,,,,,,,,0.000,10.460,Pinned,Device,NVIDIA A100-SXM4-40GB MIG 4g.20gb (0),1,,13,[CUDA memcpy Host-to-Device]
4121383470,20352,253094,,,,,,,,,,0.197,9660.334,Pinned,Device,NVIDIA A100-SXM4-40GB MIG 4g.20gb (0),1,,13,[CUDA memcpy Host-to-Device]
4121416910,9856,253095,273,1,1,48,1,1,40,0.000,0.001,,,,,NVIDIA A100-SXM4-40GB MIG 4g.20gb (0),1,,13,"void pusch_noise_intf_est::noiseIntfEstNoDftSOfdmKernel<float, __half, float, float, (unsigned int)2, (unsigned int)1, (unsigned char)4, (unsigned char)4>(pusch_noise_intf_est::puschRxNoiseIntfEstDynDescr)"
4121431342,3104,253106,35,1,1,128,1,1,16,0.000,0.000,,,,,NVIDIA A100-SXM4-40GB MIG 4g.20gb (0),1,,13,cupy_copy__complex64_complex64
4121438382,1856,253115,1,1,1,1,1,1,18,0.000,0.000,,,,,NVIDIA A100-SXM4-40GB MIG 4g.20gb (0),1,,13,cupy_copy__float32_float32
4121446286,2400,253121,,,,,,,,,,0.000,1.667,Device,Pageable,NVIDIA A100-SXM4-40GB MIG 4g.20gb (0),1,,7,[CUDA memcpy Device-to-Host]
4121511469,12704,253132,1434,1,1,128,1,1,16,0.000,0.000,,,,,NVIDIA A100-SXM4-40GB MIG 4g.20gb (0),1,,13,cupy_copy__complex64_complex64
4121536813,2592,253139,103,1,1,128,1,1,16,0.000,0.000,,,,,NVIDIA A100-SXM4-40GB MIG 4g.20gb (0),1,,13,cupy_copy__complex64_complex64
4121557932,2176,253146,35,1,1,128,1,1,16,0.000,0.000,,,,,NVIDIA A100-SXM4-40GB MIG 4g.20gb (0),1,,13,cupy_copy__complex64_complex64
4121576268,2016,253153,1,1,1,1,1,1,18,0.000,0.000,,,,,NVIDIA A100-SXM4-40GB MIG 4g.20gb (0),1,,13,cupy_copy__float32_float32
4121706122,82175,253164,1,1,1,32,32,1,30,0.000,0.000,,,,,NVIDIA A100-SXM4-40GB MIG 4g.20gb (0),1,,13,"void convert_kernel<__half2, float2>(tensor_layout_any, T1 *, tensor_layout_any, const T2 *)"
4121816041,5952,253167,,,,,,,,,,0.094,15741.865,Pinned,Device,NVIDIA A100-SXM4-40GB MIG 4g.20gb (0),1,,13,[CUDA memcpy Host-to-Device]
4121830537,3296,253168,,,,,,,,,,1.547,469242.628,Device,,NVIDIA A100-SXM4-40GB MIG 4g.20gb (0),1,,13,[CUDA memset]
4121836681,3424,253173,,,,,,,,,,0.031,9140.185,Pinned,Device,NVIDIA A100-SXM4-40GB MIG 4g.20gb (0),1,,13,[CUDA memcpy Host-to-Device]
4121842697,9632,253174,,,,,,,,,,0.197,20411.843,Pinned,Device,NVIDIA A100-SXM4-40GB MIG 4g.20gb (0),1,,13,[CUDA memcpy Host-to-Device]
4121855881,6240,253175,273,1,1,8,4,1,39,0.002,0.000,,,,,NVIDIA A100-SXM4-40GB MIG 4g.20gb (0),1,,13,"void channel_eq::eqMmseCoefCompLowMimoKernel<float, float, float, (unsigned int)4, (unsigned int)1, (unsigned int)4>(const channel_eq::_puschRxChEqStatDescr *, channel_eq::_puschRxChEqCoefCompDynDescr)"
4121863241,6143,253176,273,1,1,12,11,1,51,0.002,0.000,,,,,NVIDIA A100-SXM4-40GB MIG 4g.20gb (0),1,,13,"void channel_eq::eqMmseSoftDemapKernel<float, __half, __half, float, (unsigned int)4, (unsigned short)16383>(channel_eq::_puschRxChEqStatDescr *, channel_eq::_puschRxChEqSoftDemapDynDescr)"
4121870344,294493,253177,1,1,1,32,32,1,30,0.000,0.000,,,,,NVIDIA A100-SXM4-40GB MIG 4g.20gb (0),1,,13,"void convert_kernel<float2, __half2>(tensor_layout_any, T1 *, tensor_layout_any, const T2 *)"
4122165925,10944,253189,2253,1,1,128,1,1,16,0.000,0.000,,,,,NVIDIA A100-SXM4-40GB MIG 4g.20gb (0),1,,13,cupy_copy__float16_float16
4122179685,3200,253198,282,1,1,128,1,1,16,0.000,0.000,,,,,NVIDIA A100-SXM4-40GB MIG 4g.20gb (0),1,,13,cupy_copy__complex64_complex64
4122183877,2048,253207,26,1,1,128,1,1,16,0.000,0.000,,,,,NVIDIA A100-SXM4-40GB MIG 4g.20gb (0),1,,13,cupy_copy__float32_float32
4122189125,2911,253216,103,1,1,128,1,1,16,0.000,0.000,,,,,NVIDIA A100-SXM4-40GB MIG 4g.20gb (0),1,,13,cupy_copy__complex64_complex64
4122195076,11968,253226,1434,1,1,128,1,1,16,0.000,0.000,,,,,NVIDIA A100-SXM4-40GB MIG 4g.20gb (0),1,,13,cupy_copy__complex64_complex64
4122212644,86367,253231,1,1,1,32,32,1,30,0.000,0.000,,,,,NVIDIA A100-SXM4-40GB MIG 4g.20gb (0),1,,13,"void convert_kernel<__half2, float2>(tensor_layout_any, T1 *, tensor_layout_any, const T2 *)"
4122326115,5664,253234,,,,,,,,,,0.094,16542.310,Pinned,Device,NVIDIA A100-SXM4-40GB MIG 4g.20gb (0),1,,13,[CUDA memcpy Host-to-Device]
4122335875,598104,253235,,,,,,,,,,456.561,762914.166,Device,,NVIDIA A100-SXM4-40GB MIG 4g.20gb (0),1,,13,[CUDA memset]
4122938235,168030,253240,,,,,,,,,,1.235,7349.152,Pinned,Device,NVIDIA A100-SXM4-40GB MIG 4g.20gb (0),1,,13,[CUDA memcpy Host-to-Device]
4123121113,40576,253241,,,,,,,,,,0.197,4845.404,Pinned,Device,NVIDIA A100-SXM4-40GB MIG 4g.20gb (0),1,,13,[CUDA memcpy Host-to-Device]
4123179288,8448,253242,69,4,1,48,1,1,76,0.002,0.000,,,,,NVIDIA A100-SXM4-40GB MIG 4g.20gb (0),1,,13,"void ch_est::windowedChEstPreNoDftSOfdmKernel<float, __half, float, (unsigned int)2, (unsigned int)1, (unsigned short)4>(ch_est::puschRxChEstStatDescr_t *, ch_est::puschRxChEstDynDescr_t *)"
4123197656,6816,253243,137,2,1,24,2,1,44,0.001,0.001,,,,,NVIDIA A100-SXM4-40GB MIG 4g.20gb (0),1,,13,"void ch_est::chEstFilterNoDftSOfdmDispatchKernel<float, __half, float, (unsigned int)2>(ch_est::puschRxChEstStatDescr_t *, ch_est::puschRxChEstDynDescr_t *)"
4123215096,4800,253244,137,2,1,24,2,1,44,0.001,0.001,,,,,NVIDIA A100-SXM4-40GB MIG 4g.20gb (0),1,,13,"void ch_est::chEstFilterNoDftSOfdmDispatchKernel<float, __half, float, (unsigned int)2>(ch_est::puschRxChEstStatDescr_t *, ch_est::puschRxChEstDynDescr_t *)"
4123231800,2752,253255,103,1,1,128,1,1,16,0.000,0.000,,,,,NVIDIA A100-SXM4-40GB MIG 4g.20gb (0),1,,13,cupy_copy__complex64_complex64
4123249303,12832,253265,1434,1,1,128,1,1,16,0.000,0.000,,,,,NVIDIA A100-SXM4-40GB MIG 4g.20gb (0),1,,13,cupy_copy__complex64_complex64
4123273303,2592,253272,103,1,1,128,1,1,16,0.000,0.000,,,,,NVIDIA A100-SXM4-40GB MIG 4g.20gb (0),1,,13,cupy_copy__complex64_complex64
4123295511,93279,253279,1,1,1,32,32,1,30,0.000,0.000,,,,,NVIDIA A100-SXM4-40GB MIG 4g.20gb (0),1,,13,"void convert_kernel<__half2, float2>(tensor_layout_any, T1 *, tensor_layout_any, const T2 *)"
4123422517,27776,253282,,,,,,,,,,0.094,3373.243,Pinned,Device,NVIDIA A100-SXM4-40GB MIG 4g.20gb (0),1,,13,[CUDA memcpy Host-to-Device]
4123472149,46943,253283,,,,,,,,,,35.810,762822.916,Device,,NVIDIA A100-SXM4-40GB MIG 4g.20gb (0),1,,13,[CUDA memset]
4123523700,15008,253285,,,,,,,,,,0.000,5.330,Pinned,Device,NVIDIA A100-SXM4-40GB MIG 4g.20gb (0),1,,13,[CUDA memcpy Host-to-Device]
4123545332,24927,253286,,,,,,,,,,0.197,7887.323,Pinned,Device,NVIDIA A100-SXM4-40GB MIG 4g.20gb (0),1,,13,[CUDA memcpy Host-to-Device]
4123586803,9984,253287,273,1,1,48,1,1,40,0.000,0.001,,,,,NVIDIA A100-SXM4-40GB MIG 4g.20gb (0),1,,13,"void pusch_noise_intf_est::noiseIntfEstNoDftSOfdmKernel<float, __half, float, float, (unsigned int)2, (unsigned int)1, (unsigned char)4, (unsigned char)4>(pusch_noise_intf_est::puschRxNoiseIntfEstDynDescr)"
4123603315,2784,253298,35,1,1,128,1,1,16,0.000,0.000,,,,,NVIDIA A100-SXM4-40GB MIG 4g.20gb (0),1,,13,cupy_copy__complex64_complex64
4123620435,1760,253307,1,1,1,1,1,1,18,0.000,0.000,,,,,NVIDIA A100-SXM4-40GB MIG 4g.20gb (0),1,,13,cupy_copy__float32_float32
4123629747,6528,253313,,,,,,,,,,0.000,0.613,Device,Pageable,NVIDIA A100-SXM4-40GB MIG 4g.20gb (0),1,,7,[CUDA memcpy Device-to-Host]
4123720466,12735,253324,1434,1,1,128,1,1,16,0.000,0.000,,,,,NVIDIA A100-SXM4-40GB MIG 4g.20gb (0),1,,13,cupy_copy__complex64_complex64
4123742097,3456,253331,103,1,1,128,1,1,16,0.000,0.000,,,,,NVIDIA A100-SXM4-40GB MIG 4g.20gb (0),1,,13,cupy_copy__complex64_complex64
4123770129,2560,253338,35,1,1,128,1,1,16,0.000,0.000,,,,,NVIDIA A100-SXM4-40GB MIG 4g.20gb (0),1,,13,cupy_copy__complex64_complex64
4123784209,1824,253345,1,1,1,1,1,1,18,0.000,0.000,,,,,NVIDIA A100-SXM4-40GB MIG 4g.20gb (0),1,,13,cupy_copy__float32_float32
4123911791,87423,253356,1,1,1,32,32,1,30,0.000,0.000,,,,,NVIDIA A100-SXM4-40GB MIG 4g.20gb (0),1,,13,"void convert_kernel<__half2, float2>(tensor_layout_any, T1 *, tensor_layout_any, const T2 *)"
4124027310,5952,253359,,,,,,,,,,0.094,15741.865,Pinned,Device,NVIDIA A100-SXM4-40GB MIG 4g.20gb (0),1,,13,[CUDA memcpy Host-to-Device]
4124042414,3424,253360,,,,,,,,,,1.547,451700.819,Device,,NVIDIA A100-SXM4-40GB MIG 4g.20gb (0),1,,13,[CUDA memset]
4124048430,3328,253365,,,,,,,,,,0.031,9403.822,Pinned,Device,NVIDIA A100-SXM4-40GB MIG 4g.20gb (0),1,,13,[CUDA memcpy Host-to-Device]
4124054478,9375,253366,,,,,,,,,,0.197,20971.389,Pinned,Device,NVIDIA A100-SXM4-40GB MIG 4g.20gb (0),1,,13,[CUDA memcpy Host-to-Device]
4124068685,6144,253367,273,1,1,8,4,1,39,0.002,0.000,,,,,NVIDIA A100-SXM4-40GB MIG 4g.20gb (0),1,,13,"void channel_eq::eqMmseCoefCompLowMimoKernel<float, float, float, (unsigned int)4, (unsigned int)1, (unsigned int)4>(const channel_eq::_puschRxChEqStatDescr *, channel_eq::_puschRxChEqCoefCompDynDescr)"
4124077997,5728,253368,273,1,1,12,11,1,51,0.002,0.000,,,,,NVIDIA A100-SXM4-40GB MIG 4g.20gb (0),1,,13,"void channel_eq::eqMmseSoftDemapKernel<float, __half, __half, float, (unsigned int)4, (unsigned short)16383>(channel_eq::_puschRxChEqStatDescr *, channel_eq::_puschRxChEqSoftDemapDynDescr)"
4124084877,282077,253369,1,1,1,32,32,1,30,0.000,0.000,,,,,NVIDIA A100-SXM4-40GB MIG 4g.20gb (0),1,,13,"void convert_kernel<float2, __half2>(tensor_layout_any, T1 *, tensor_layout_any, const T2 *)"
4124368842,10944,253381,2253,1,1,128,1,1,16,0.000,0.000,,,,,NVIDIA A100-SXM4-40GB MIG 4g.20gb (0),1,,13,cupy_copy__float16_float16
4124382601,3168,253390,282,1,1,128,1,1,16,0.000,0.000,,,,,NVIDIA A100-SXM4-40GB MIG 4g.20gb (0),1,,13,cupy_copy__complex64_complex64
4124387721,2048,253399,26,1,1,128,1,1,16,0.000,0.000,,,,,NVIDIA A100-SXM4-40GB MIG 4g.20gb (0),1,,13,cupy_copy__float32_float32
4124391689,3072,253408,103,1,1,128,1,1,16,0.000,0.000,,,,,NVIDIA A100-SXM4-40GB MIG 4g.20gb (0),1,,13,cupy_copy__complex64_complex64
4124395721,12128,253418,1434,1,1,128,1,1,16,0.000,0.000,,,,,NVIDIA A100-SXM4-40GB MIG 4g.20gb (0),1,,13,cupy_copy__complex64_complex64
4124417033,87295,253423,1,1,1,32,32,1,30,0.000,0.000,,,,,NVIDIA A100-SXM4-40GB MIG 4g.20gb (0),1,,13,"void convert_kernel<__half2, float2>(tensor_layout_any, T1 *, tensor_layout_any, const T2 *)"
4124531368,5408,253426,,,,,,,,,,0.094,17325.421,Pinned,Device,NVIDIA A100-SXM4-40GB MIG 4g.20gb (0),1,,13,[CUDA memcpy Host-to-Device]
4124541736,596312,253427,,,,,,,,,,456.561,765196.973,Device,,NVIDIA A100-SXM4-40GB MIG 4g.20gb (0),1,,13,[CUDA memset]
4125141568,89983,253432,,,,,,,,,,1.235,13723.933,Pinned,Device,NVIDIA A100-SXM4-40GB MIG 4g.20gb (0),1,,13,[CUDA memcpy Host-to-Device]
4125238207,16896,253433,,,,,,,,,,0.197,11636.244,Pinned,Device,NVIDIA A100-SXM4-40GB MIG 4g.20gb (0),1,,13,[CUDA memcpy Host-to-Device]
4125268479,9471,253434,69,4,1,48,1,1,76,0.002,0.000,,,,,NVIDIA A100-SXM4-40GB MIG 4g.20gb (0),1,,13,"void ch_est::windowedChEstPreNoDftSOfdmKernel<float, __half, float, (unsigned int)2, (unsigned int)1, (unsigned short)4>(ch_est::puschRxChEstStatDescr_t *, ch_est::puschRxChEstDynDescr_t *)"
4125283614,7456,253435,137,2,1,24,2,1,44,0.001,0.001,,,,,NVIDIA A100-SXM4-40GB MIG 4g.20gb (0),1,,13,"void ch_est::chEstFilterNoDftSOfdmDispatchKernel<float, __half, float, (unsigned int)2>(ch_est::puschRxChEstStatDescr_t *, ch_est::puschRxChEstDynDescr_t *)"
4125297822,6528,253436,137,2,1,24,2,1,44,0.001,0.001,,,,,NVIDIA A100-SXM4-40GB MIG 4g.20gb (0),1,,13,"void ch_est::chEstFilterNoDftSOfdmDispatchKernel<float, __half, float, (unsigned int)2>(ch_est::puschRxChEstStatDescr_t *, ch_est::puschRxChEstDynDescr_t *)"
4125310270,2912,253447,103,1,1,128,1,1,16,0.000,0.000,,,,,NVIDIA A100-SXM4-40GB MIG 4g.20gb (0),1,,13,cupy_copy__complex64_complex64
4125315838,12448,253457,1434,1,1,128,1,1,16,0.000,0.000,,,,,NVIDIA A100-SXM4-40GB MIG 4g.20gb (0),1,,13,cupy_copy__complex64_complex64
4125331070,3008,253464,103,1,1,128,1,1,16,0.000,0.000,,,,,NVIDIA A100-SXM4-40GB MIG 4g.20gb (0),1,,13,cupy_copy__complex64_complex64
4125337086,86751,253471,1,1,1,32,32,1,30,0.000,0.000,,,,,NVIDIA A100-SXM4-40GB MIG 4g.20gb (0),1,,13,"void convert_kernel<__half2, float2>(tensor_layout_any, T1 *, tensor_layout_any, const T2 *)"
4125451420,5824,253474,,,,,,,,,,0.094,16087.884,Pinned,Device,NVIDIA A100-SXM4-40GB MIG 4g.20gb (0),1,,13,[CUDA memcpy Host-to-Device]
4125462972,47200,253475,,,,,,,,,,35.810,758668.965,Device,,NVIDIA A100-SXM4-40GB MIG 4g.20gb (0),1,,13,[CUDA memset]
4125514588,2688,253477,,,,,,,,,,0.000,29.762,Pinned,Device,NVIDIA A100-SXM4-40GB MIG 4g.20gb (0),1,,13,[CUDA memcpy Host-to-Device]
4125522779,13472,253478,,,,,,,,,,0.197,14593.819,Pinned,Device,NVIDIA A100-SXM4-40GB MIG 4g.20gb (0),1,,13,[CUDA memcpy Host-to-Device]
4125544187,11136,253479,273,1,1,48,1,1,40,0.000,0.001,,,,,NVIDIA A100-SXM4-40GB MIG 4g.20gb (0),1,,13,"void pusch_noise_intf_est::noiseIntfEstNoDftSOfdmKernel<float, __half, float, float, (unsigned int)2, (unsigned int)1, (unsigned char)4, (unsigned char)4>(pusch_noise_intf_est::puschRxNoiseIntfEstDynDescr)"
4125560155,2848,253490,35,1,1,128,1,1,16,0.000,0.000,,,,,NVIDIA A100-SXM4-40GB MIG 4g.20gb (0),1,,13,cupy_copy__complex64_complex64
4125573371,1920,253499,1,1,1,1,1,1,18,0.000,0.000,,,,,NVIDIA A100-SXM4-40GB MIG 4g.20gb (0),1,,13,cupy_copy__float32_float32
4125601466,1728,253505,,,,,,,,,,0.000,2.315,Device,Pageable,NVIDIA A100-SXM4-40GB MIG 4g.20gb (0),1,,7,[CUDA memcpy Device-to-Host]
4125661722,13184,253516,1434,1,1,128,1,1,16,0.000,0.000,,,,,NVIDIA A100-SXM4-40GB MIG 4g.20gb (0),1,,13,cupy_copy__complex64_complex64
4125689145,3552,253523,103,1,1,128,1,1,16,0.000,0.000,,,,,NVIDIA A100-SXM4-40GB MIG 4g.20gb (0),1,,13,cupy_copy__complex64_complex64
4125709945,2688,253530,35,1,1,128,1,1,16,0.000,0.000,,,,,NVIDIA A100-SXM4-40GB MIG 4g.20gb (0),1,,13,cupy_copy__complex64_complex64
4125726713,2048,253537,1,1,1,1,1,1,18,0.000,0.000,,,,,NVIDIA A100-SXM4-40GB MIG 4g.20gb (0),1,,13,cupy_copy__float32_float32
4125856247,82271,253548,1,1,1,32,32,1,30,0.000,0.000,,,,,NVIDIA A100-SXM4-40GB MIG 4g.20gb (0),1,,13,"void convert_kernel<__half2, float2>(tensor_layout_any, T1 *, tensor_layout_any, const T2 *)"
4125965910,5408,253551,,,,,,,,,,0.094,17325.421,Pinned,Device,NVIDIA A100-SXM4-40GB MIG 4g.20gb (0),1,,13,[CUDA memcpy Host-to-Device]
4125979766,3360,253552,,,,,,,,,,1.547,460304.688,Device,,NVIDIA A100-SXM4-40GB MIG 4g.20gb (0),1,,13,[CUDA memset]
4125986934,3328,253557,,,,,,,,,,0.031,9403.822,Pinned,Device,NVIDIA A100-SXM4-40GB MIG 4g.20gb (0),1,,13,[CUDA memcpy Host-to-Device]
4125992694,9472,253558,,,,,,,,,,0.197,20756.693,Pinned,Device,NVIDIA A100-SXM4-40GB MIG 4g.20gb (0),1,,13,[CUDA memcpy Host-to-Device]
4126008501,6304,253559,273,1,1,8,4,1,39,0.002,0.000,,,,,NVIDIA A100-SXM4-40GB MIG 4g.20gb (0),1,,13,"void channel_eq::eqMmseCoefCompLowMimoKernel<float, float, float, (unsigned int)4, (unsigned int)1, (unsigned int)4>(const channel_eq::_puschRxChEqStatDescr *, channel_eq::_puschRxChEqCoefCompDynDescr)"
4126015733,5856,253560,273,1,1,12,11,1,51,0.002,0.000,,,,,NVIDIA A100-SXM4-40GB MIG 4g.20gb (0),1,,13,"void channel_eq::eqMmseSoftDemapKernel<float, __half, __half, float, (unsigned int)4, (unsigned short)16383>(channel_eq::_puschRxChEqStatDescr *, channel_eq::_puschRxChEqSoftDemapDynDescr)"
4126022709,283037,253561,1,1,1,32,32,1,30,0.000,0.000,,,,,NVIDIA A100-SXM4-40GB MIG 4g.20gb (0),1,,13,"void convert_kernel<float2, __half2>(tensor_layout_any, T1 *, tensor_layout_any, const T2 *)"
4126307762,10848,253573,2253,1,1,128,1,1,16,0.000,0.000,,,,,NVIDIA A100-SXM4-40GB MIG 4g.20gb (0),1,,13,cupy_copy__float16_float16
4126322578,3552,253582,282,1,1,128,1,1,16,0.000,0.000,,,,,NVIDIA A100-SXM4-40GB MIG 4g.20gb (0),1,,13,cupy_copy__complex64_complex64
4126330129,2144,253591,26,1,1,128,1,1,16,0.000,0.000,,,,,NVIDIA A100-SXM4-40GB MIG 4g.20gb (0),1,,13,cupy_copy__float32_float32
4126333489,3136,253600,103,1,1,128,1,1,16,0.000,0.000,,,,,NVIDIA A100-SXM4-40GB MIG 4g.20gb (0),1,,13,cupy_copy__complex64_complex64
4126338897,11904,253610,1434,1,1,128,1,1,16,0.000,0.000,,,,,NVIDIA A100-SXM4-40GB MIG 4g.20gb (0),1,,13,cupy_copy__complex64_complex64
4126357105,83263,253615,1,1,1,32,32,1,30,0.000,0.000,,,,,NVIDIA A100-SXM4-40GB MIG 4g.20gb (0),1,,13,"void convert_kernel<__half2, float2>(tensor_layout_any, T1 *, tensor_layout_any, const T2 *)"
4126467504,5760,253618,,,,,,,,,,0.094,16266.656,Pinned,Device,NVIDIA A100-SXM4-40GB MIG 4g.20gb (0),1,,13,[CUDA memcpy Host-to-Device]
4126477008,597784,253619,,,,,,,,,,456.561,763370.728,Device,,NVIDIA A100-SXM4-40GB MIG 4g.20gb (0),1,,13,[CUDA memset]
4127083656,125151,253624,,,,,,,,,,1.235,9867.203,Pinned,Device,NVIDIA A100-SXM4-40GB MIG 4g.20gb (0),1,,13,[CUDA memcpy Host-to-Device]
4127222822,40288,253625,,,,,,,,,,0.197,4880.007,Pinned,Device,NVIDIA A100-SXM4-40GB MIG 4g.20gb (0),1,,13,[CUDA memcpy Host-to-Device]
4127294534,8320,253626,69,4,1,48,1,1,76,0.002,0.000,,,,,NVIDIA A100-SXM4-40GB MIG 4g.20gb (0),1,,13,"void ch_est::windowedChEstPreNoDftSOfdmKernel<float, __half, float, (unsigned int)2, (unsigned int)1, (unsigned short)4>(ch_est::puschRxChEstStatDescr_t *, ch_est::puschRxChEstDynDescr_t *)"
4127312805,6848,253627,137,2,1,24,2,1,44,0.001,0.001,,,,,NVIDIA A100-SXM4-40GB MIG 4g.20gb (0),1,,13,"void ch_est::chEstFilterNoDftSOfdmDispatchKernel<float, __half, float, (unsigned int)2>(ch_est::puschRxChEstStatDescr_t *, ch_est::puschRxChEstDynDescr_t *)"
4127325317,4704,253628,137,2,1,24,2,1,44,0.001,0.001,,,,,NVIDIA A100-SXM4-40GB MIG 4g.20gb (0),1,,13,"void ch_est::chEstFilterNoDftSOfdmDispatchKernel<float, __half, float, (unsigned int)2>(ch_est::puschRxChEstStatDescr_t *, ch_est::puschRxChEstDynDescr_t *)"
4127342405,2784,253639,103,1,1,128,1,1,16,0.000,0.000,,,,,NVIDIA A100-SXM4-40GB MIG 4g.20gb (0),1,,13,cupy_copy__complex64_complex64
4127353317,12320,253649,1434,1,1,128,1,1,16,0.000,0.000,,,,,NVIDIA A100-SXM4-40GB MIG 4g.20gb (0),1,,13,cupy_copy__complex64_complex64
4127382213,2751,253656,103,1,1,128,1,1,16,0.000,0.000,,,,,NVIDIA A100-SXM4-40GB MIG 4g.20gb (0),1,,13,cupy_copy__complex64_complex64
4127395492,83519,253663,1,1,1,32,32,1,30,0.000,0.000,,,,,NVIDIA A100-SXM4-40GB MIG 4g.20gb (0),1,,13,"void convert_kernel<__half2, float2>(tensor_layout_any, T1 *, tensor_layout_any, const T2 *)"
4127509571,11392,253666,,,,,,,,,,0.094,8224.635,Pinned,Device,NVIDIA A100-SXM4-40GB MIG 4g.20gb (0),1,,13,[CUDA memcpy Host-to-Device]
4127528579,46975,253667,,,,,,,,,,35.810,762285.767,Device,,NVIDIA A100-SXM4-40GB MIG 4g.20gb (0),1,,13,[CUDA memset]
4127582338,2912,253669,,,,,,,,,,0.000,27.472,Pinned,Device,NVIDIA A100-SXM4-40GB MIG 4g.20gb (0),1,,13,[CUDA memcpy Host-to-Device]
4127592418,12832,253670,,,,,,,,,,0.197,15321.661,Pinned,Device,NVIDIA A100-SXM4-40GB MIG 4g.20gb (0),1,,13,[CUDA memcpy Host-to-Device]
4127613826,10624,253671,273,1,1,48,1,1,40,0.000,0.001,,,,,NVIDIA A100-SXM4-40GB MIG 4g.20gb (0),1,,13,"void pusch_noise_intf_est::noiseIntfEstNoDftSOfdmKernel<float, __half, float, float, (unsigned int)2, (unsigned int)1, (unsigned char)4, (unsigned char)4>(pusch_noise_intf_est::puschRxNoiseIntfEstDynDescr)"
4127625730,2751,253682,35,1,1,128,1,1,16,0.000,0.000,,,,,NVIDIA A100-SXM4-40GB MIG 4g.20gb (0),1,,13,cupy_copy__complex64_complex64
4127633345,2048,253691,1,1,1,1,1,1,18,0.000,0.000,,,,,NVIDIA A100-SXM4-40GB MIG 4g.20gb (0),1,,13,cupy_copy__float32_float32
4127661057,1792,253697,,,,,,,,,,0.000,2.232,Device,Pageable,NVIDIA A100-SXM4-40GB MIG 4g.20gb (0),1,,7,[CUDA memcpy Device-to-Host]
4127720704,12768,253708,1434,1,1,128,1,1,16,0.000,0.000,,,,,NVIDIA A100-SXM4-40GB MIG 4g.20gb (0),1,,13,cupy_copy__complex64_complex64
4127747904,3328,253715,103,1,1,128,1,1,16,0.000,0.000,,,,,NVIDIA A100-SXM4-40GB MIG 4g.20gb (0),1,,13,cupy_copy__complex64_complex64
4127770240,2592,253722,35,1,1,128,1,1,16,0.000,0.000,,,,,NVIDIA A100-SXM4-40GB MIG 4g.20gb (0),1,,13,cupy_copy__complex64_complex64
4127786400,1760,253729,1,1,1,1,1,1,18,0.000,0.000,,,,,NVIDIA A100-SXM4-40GB MIG 4g.20gb (0),1,,13,cupy_copy__float32_float32
4127919870,81439,253740,1,1,1,32,32,1,30,0.000,0.000,,,,,NVIDIA A100-SXM4-40GB MIG 4g.20gb (0),1,,13,"void convert_kernel<__half2, float2>(tensor_layout_any, T1 *, tensor_layout_any, const T2 *)"
4128028925,5599,253743,,,,,,,,,,0.094,16734.387,Pinned,Device,NVIDIA A100-SXM4-40GB MIG 4g.20gb (0),1,,13,[CUDA memcpy Host-to-Device]
4128042972,3424,253744,,,,,,,,,,1.547,451700.819,Device,,NVIDIA A100-SXM4-40GB MIG 4g.20gb (0),1,,13,[CUDA memset]
4128052252,3360,253749,,,,,,,,,,0.031,9314.284,Pinned,Device,NVIDIA A100-SXM4-40GB MIG 4g.20gb (0),1,,13,[CUDA memcpy Host-to-Device]
4128058172,10048,253750,,,,,,,,,,0.197,19566.821,Pinned,Device,NVIDIA A100-SXM4-40GB MIG 4g.20gb (0),1,,13,[CUDA memcpy Host-to-Device]
4128073372,6784,253751,273,1,1,8,4,1,39,0.002,0.000,,,,,NVIDIA A100-SXM4-40GB MIG 4g.20gb (0),1,,13,"void channel_eq::eqMmseCoefCompLowMimoKernel<float, float, float, (unsigned int)4, (unsigned int)1, (unsigned int)4>(const channel_eq::_puschRxChEqStatDescr *, channel_eq::_puschRxChEqCoefCompDynDescr)"
4128081180,6464,253752,273,1,1,12,11,1,51,0.002,0.000,,,,,NVIDIA A100-SXM4-40GB MIG 4g.20gb (0),1,,13,"void channel_eq::eqMmseSoftDemapKernel<float, __half, __half, float, (unsigned int)4, (unsigned short)16383>(channel_eq::_puschRxChEqStatDescr *, channel_eq::_puschRxChEqSoftDemapDynDescr)"
4128091004,282556,253753,1,1,1,32,32,1,30,0.000,0.000,,,,,NVIDIA A100-SXM4-40GB MIG 4g.20gb (0),1,,13,"void convert_kernel<float2, __half2>(tensor_layout_any, T1 *, tensor_layout_any, const T2 *)"
4128375768,10912,253765,2253,1,1,128,1,1,16,0.000,0.000,,,,,NVIDIA A100-SXM4-40GB MIG 4g.20gb (0),1,,13,cupy_copy__float16_float16
4128390840,2912,253774,282,1,1,128,1,1,16,0.000,0.000,,,,,NVIDIA A100-SXM4-40GB MIG 4g.20gb (0),1,,13,cupy_copy__complex64_complex64
4128397304,2016,253783,26,1,1,128,1,1,16,0.000,0.000,,,,,NVIDIA A100-SXM4-40GB MIG 4g.20gb (0),1,,13,cupy_copy__float32_float32
4128400824,2912,253792,103,1,1,128,1,1,16,0.000,0.000,,,,,NVIDIA A100-SXM4-40GB MIG 4g.20gb (0),1,,13,cupy_copy__complex64_complex64
4128404792,11872,253802,1434,1,1,128,1,1,16,0.000,0.000,,,,,NVIDIA A100-SXM4-40GB MIG 4g.20gb (0),1,,13,cupy_copy__complex64_complex64
4128423480,86815,253807,1,1,1,32,32,1,30,0.000,0.000,,,,,NVIDIA A100-SXM4-40GB MIG 4g.20gb (0),1,,13,"void convert_kernel<__half2, float2>(tensor_layout_any, T1 *, tensor_layout_any, const T2 *)"
4128537430,5504,253810,,,,,,,,,,0.094,17023.251,Pinned,Device,NVIDIA A100-SXM4-40GB MIG 4g.20gb (0),1,,13,[CUDA memcpy Host-to-Device]
4128547862,599737,253811,,,,,,,,,,456.561,761087.920,Device,,NVIDIA A100-SXM4-40GB MIG 4g.20gb (0),1,,13,[CUDA memset]
4129152431,121694,253816,,,,,,,,,,1.235,10147.535,Pinned,Device,NVIDIA A100-SXM4-40GB MIG 4g.20gb (0),1,,13,[CUDA memcpy Host-to-Device]
4129289677,39584,253817,,,,,,,,,,0.197,4966.711,Pinned,Device,NVIDIA A100-SXM4-40GB MIG 4g.20gb (0),1,,13,[CUDA memcpy Host-to-Device]
4129359244,8384,253818,69,4,1,48,1,1,76,0.002,0.000,,,,,NVIDIA A100-SXM4-40GB MIG 4g.20gb (0),1,,13,"void ch_est::windowedChEstPreNoDftSOfdmKernel<float, __half, float, (unsigned int)2, (unsigned int)1, (unsigned short)4>(ch_est::puschRxChEstStatDescr_t *, ch_est::puschRxChEstDynDescr_t *)"
4129378860,7104,253819,137,2,1,24,2,1,44,0.001,0.001,,,,,NVIDIA A100-SXM4-40GB MIG 4g.20gb (0),1,,13,"void ch_est::chEstFilterNoDftSOfdmDispatchKernel<float, __half, float, (unsigned int)2>(ch_est::puschRxChEstStatDescr_t *, ch_est::puschRxChEstDynDescr_t *)"
4129395500,4672,253820,137,2,1,24,2,1,44,0.001,0.001,,,,,NVIDIA A100-SXM4-40GB MIG 4g.20gb (0),1,,13,"void ch_est::chEstFilterNoDftSOfdmDispatchKernel<float, __half, float, (unsigned int)2>(ch_est::puschRxChEstStatDescr_t *, ch_est::puschRxChEstDynDescr_t *)"
4129412780,2495,253831,103,1,1,128,1,1,16,0.000,0.000,,,,,NVIDIA A100-SXM4-40GB MIG 4g.20gb (0),1,,13,cupy_copy__complex64_complex64
4129430219,12448,253841,1434,1,1,128,1,1,16,0.000,0.000,,,,,NVIDIA A100-SXM4-40GB MIG 4g.20gb (0),1,,13,cupy_copy__complex64_complex64
4129449771,2880,253848,103,1,1,128,1,1,16,0.000,0.000,,,,,NVIDIA A100-SXM4-40GB MIG 4g.20gb (0),1,,13,cupy_copy__complex64_complex64
4129471787,90815,253855,1,1,1,32,32,1,30,0.000,0.000,,,,,NVIDIA A100-SXM4-40GB MIG 4g.20gb (0),1,,13,"void convert_kernel<__half2, float2>(tensor_layout_any, T1 *, tensor_layout_any, const T2 *)"
4129593289,23808,253858,,,,,,,,,,0.094,3935.419,Pinned,Device,NVIDIA A100-SXM4-40GB MIG 4g.20gb (0),1,,13,[CUDA memcpy Host-to-Device]
4129638665,46655,253859,,,,,,,,,,35.810,767514.015,Device,,NVIDIA A100-SXM4-40GB MIG 4g.20gb (0),1,,13,[CUDA memset]
4129689512,10912,253861,,,,,,,,,,0.000,7.331,Pinned,Device,NVIDIA A100-SXM4-40GB MIG 4g.20gb (0),1,,13,[CUDA memcpy Host-to-Device]
4129706504,25152,253862,,,,,,,,,,0.197,7816.741,Pinned,Device,NVIDIA A100-SXM4-40GB MIG 4g.20gb (0),1,,13,[CUDA memcpy Host-to-Device]
4129745607,12384,253863,273,1,1,48,1,1,40,0.000,0.001,,,,,NVIDIA A100-SXM4-40GB MIG 4g.20gb (0),1,,13,"void pusch_noise_intf_est::noiseIntfEstNoDftSOfdmKernel<float, __half, float, float, (unsigned int)2, (unsigned int)1, (unsigned char)4, (unsigned char)4>(pusch_noise_intf_est::puschRxNoiseIntfEstDynDescr)"
4129762023,3040,253874,35,1,1,128,1,1,16,0.000,0.000,,,,,NVIDIA A100-SXM4-40GB MIG 4g.20gb (0),1,,13,cupy_copy__complex64_complex64
4129770055,2048,253883,1,1,1,1,1,1,18,0.000,0.000,,,,,NVIDIA A100-SXM4-40GB MIG 4g.20gb (0),1,,13,cupy_copy__float32_float32
4129777767,4992,253889,,,,,,,,,,0.000,0.801,Device,Pageable,NVIDIA A100-SXM4-40GB MIG 4g.20gb (0),1,,7,[CUDA memcpy Device-to-Host]
4129854118,13088,253900,1434,1,1,128,1,1,16,0.000,0.000,,,,,NVIDIA A100-SXM4-40GB MIG 4g.20gb (0),1,,13,cupy_copy__complex64_complex64
4129884390,3488,253907,103,1,1,128,1,1,16,0.000,0.000,,,,,NVIDIA A100-SXM4-40GB MIG 4g.20gb (0),1,,13,cupy_copy__complex64_complex64
4129901637,2784,253914,35,1,1,128,1,1,16,0.000,0.000,,,,,NVIDIA A100-SXM4-40GB MIG 4g.20gb (0),1,,13,cupy_copy__complex64_complex64
4129916805,1856,253921,1,1,1,1,1,1,18,0.000,0.000,,,,,NVIDIA A100-SXM4-40GB MIG 4g.20gb (0),1,,13,cupy_copy__float32_float32
4130044580,82495,253932,1,1,1,32,32,1,30,0.000,0.000,,,,,NVIDIA A100-SXM4-40GB MIG 4g.20gb (0),1,,13,"void convert_kernel<__half2, float2>(tensor_layout_any, T1 *, tensor_layout_any, const T2 *)"
4130154562,5440,253935,,,,,,,,,,0.094,17223.480,Pinned,Device,NVIDIA A100-SXM4-40GB MIG 4g.20gb (0),1,,13,[CUDA memcpy Host-to-Device]
4130171586,3296,253936,,,,,,,,,,1.547,469242.628,Device,,NVIDIA A100-SXM4-40GB MIG 4g.20gb (0),1,,13,[CUDA memset]
4130178370,3808,253941,,,,,,,,,,0.031,8218.486,Pinned,Device,NVIDIA A100-SXM4-40GB MIG 4g.20gb (0),1,,13,[CUDA memcpy Host-to-Device]
4130184834,9728,253942,,,,,,,,,,0.197,20210.516,Pinned,Device,NVIDIA A100-SXM4-40GB MIG 4g.20gb (0),1,,13,[CUDA memcpy Host-to-Device]
4130200002,6912,253943,273,1,1,8,4,1,39,0.002,0.000,,,,,NVIDIA A100-SXM4-40GB MIG 4g.20gb (0),1,,13,"void channel_eq::eqMmseCoefCompLowMimoKernel<float, float, float, (unsigned int)4, (unsigned int)1, (unsigned int)4>(const channel_eq::_puschRxChEqStatDescr *, channel_eq::_puschRxChEqCoefCompDynDescr)"
4130207874,6304,253944,273,1,1,12,11,1,51,0.002,0.000,,,,,NVIDIA A100-SXM4-40GB MIG 4g.20gb (0),1,,13,"void channel_eq::eqMmseSoftDemapKernel<float, __half, __half, float, (unsigned int)4, (unsigned short)16383>(channel_eq::_puschRxChEqStatDescr *, channel_eq::_puschRxChEqSoftDemapDynDescr)"
4130215202,282876,253945,1,1,1,32,32,1,30,0.000,0.000,,,,,NVIDIA A100-SXM4-40GB MIG 4g.20gb (0),1,,13,"void convert_kernel<float2, __half2>(tensor_layout_any, T1 *, tensor_layout_any, const T2 *)"
4130500190,11136,253957,2253,1,1,128,1,1,16,0.000,0.000,,,,,NVIDIA A100-SXM4-40GB MIG 4g.20gb (0),1,,13,cupy_copy__float16_float16
4130513598,3168,253966,282,1,1,128,1,1,16,0.000,0.000,,,,,NVIDIA A100-SXM4-40GB MIG 4g.20gb (0),1,,13,cupy_copy__complex64_complex64
4130518078,2048,253975,26,1,1,128,1,1,16,0.000,0.000,,,,,NVIDIA A100-SXM4-40GB MIG 4g.20gb (0),1,,13,cupy_copy__float32_float32
4130521694,2912,253984,103,1,1,128,1,1,16,0.000,0.000,,,,,NVIDIA A100-SXM4-40GB MIG 4g.20gb (0),1,,13,cupy_copy__complex64_complex64
4130526430,12064,253994,1434,1,1,128,1,1,16,0.000,0.000,,,,,NVIDIA A100-SXM4-40GB MIG 4g.20gb (0),1,,13,cupy_copy__complex64_complex64
4130542974,81983,253999,1,1,1,32,32,1,30,0.000,0.000,,,,,NVIDIA A100-SXM4-40GB MIG 4g.20gb (0),1,,13,"void convert_kernel<__half2, float2>(tensor_layout_any, T1 *, tensor_layout_any, const T2 *)"
4130651868,5728,254002,,,,,,,,,,0.094,16357.541,Pinned,Device,NVIDIA A100-SXM4-40GB MIG 4g.20gb (0),1,,13,[CUDA memcpy Host-to-Device]
4130662524,597561,254003,,,,,,,,,,456.561,763827.289,Device,,NVIDIA A100-SXM4-40GB MIG 4g.20gb (0),1,,13,[CUDA memset]
4131270229,128574,254008,,,,,,,,,,1.235,9604.159,Pinned,Device,NVIDIA A100-SXM4-40GB MIG 4g.20gb (0),1,,13,[CUDA memcpy Host-to-Device]
4131409011,36095,254009,,,,,,,,,,0.197,5446.828,Pinned,Device,NVIDIA A100-SXM4-40GB MIG 4g.20gb (0),1,,13,[CUDA memcpy Host-to-Device]
4131470226,8320,254010,69,4,1,48,1,1,76,0.002,0.000,,,,,NVIDIA A100-SXM4-40GB MIG 4g.20gb (0),1,,13,"void ch_est::windowedChEstPreNoDftSOfdmKernel<float, __half, float, (unsigned int)2, (unsigned int)1, (unsigned short)4>(ch_est::puschRxChEstStatDescr_t *, ch_est::puschRxChEstDynDescr_t *)"
4131486002,6816,254011,137,2,1,24,2,1,44,0.001,0.001,,,,,NVIDIA A100-SXM4-40GB MIG 4g.20gb (0),1,,13,"void ch_est::chEstFilterNoDftSOfdmDispatchKernel<float, __half, float, (unsigned int)2>(ch_est::puschRxChEstStatDescr_t *, ch_est::puschRxChEstDynDescr_t *)"
4131498098,4768,254012,137,2,1,24,2,1,44,0.001,0.001,,,,,NVIDIA A100-SXM4-40GB MIG 4g.20gb (0),1,,13,"void ch_est::chEstFilterNoDftSOfdmDispatchKernel<float, __half, float, (unsigned int)2>(ch_est::puschRxChEstStatDescr_t *, ch_est::puschRxChEstDynDescr_t *)"
4131510034,2592,254023,103,1,1,128,1,1,16,0.000,0.000,,,,,NVIDIA A100-SXM4-40GB MIG 4g.20gb (0),1,,13,cupy_copy__complex64_complex64
4131518706,12543,254033,1434,1,1,128,1,1,16,0.000,0.000,,,,,NVIDIA A100-SXM4-40GB MIG 4g.20gb (0),1,,13,cupy_copy__complex64_complex64
4131549969,2560,254040,103,1,1,128,1,1,16,0.000,0.000,,,,,NVIDIA A100-SXM4-40GB MIG 4g.20gb (0),1,,13,cupy_copy__complex64_complex64
4131564593,83583,254047,1,1,1,32,32,1,30,0.000,0.000,,,,,NVIDIA A100-SXM4-40GB MIG 4g.20gb (0),1,,13,"void convert_kernel<__half2, float2>(tensor_layout_any, T1 *, tensor_layout_any, const T2 *)"
4131678960,19167,254050,,,,,,,,,,0.094,4888.401,Pinned,Device,NVIDIA A100-SXM4-40GB MIG 4g.20gb (0),1,,13,[CUDA memcpy Host-to-Device]
4131723631,47327,254051,,,,,,,,,,35.810,756627.800,Device,,NVIDIA A100-SXM4-40GB MIG 4g.20gb (0),1,,13,[CUDA memset]
4131771598,10848,254053,,,,,,,,,,0.000,7.375,Pinned,Device,NVIDIA A100-SXM4-40GB MIG 4g.20gb (0),1,,13,[CUDA memcpy Host-to-Device]
4131794894,32864,254054,,,,,,,,,,0.197,5982.388,Pinned,Device,NVIDIA A100-SXM4-40GB MIG 4g.20gb (0),1,,13,[CUDA memcpy Host-to-Device]
4131855533,9440,254055,273,1,1,48,1,1,40,0.000,0.001,,,,,NVIDIA A100-SXM4-40GB MIG 4g.20gb (0),1,,13,"void pusch_noise_intf_est::noiseIntfEstNoDftSOfdmKernel<float, __half, float, float, (unsigned int)2, (unsigned int)1, (unsigned char)4, (unsigned char)4>(pusch_noise_intf_est::puschRxNoiseIntfEstDynDescr)"
4131872749,2592,254066,35,1,1,128,1,1,16,0.000,0.000,,,,,NVIDIA A100-SXM4-40GB MIG 4g.20gb (0),1,,13,cupy_copy__complex64_complex64
4131889037,1696,254075,1,1,1,1,1,1,18,0.000,0.000,,,,,NVIDIA A100-SXM4-40GB MIG 4g.20gb (0),1,,13,cupy_copy__float32_float32
4131892301,8800,254081,,,,,,,,,,0.000,0.455,Device,Pageable,NVIDIA A100-SXM4-40GB MIG 4g.20gb (0),1,,7,[CUDA memcpy Device-to-Host]
4131997196,12928,254092,1434,1,1,128,1,1,16,0.000,0.000,,,,,NVIDIA A100-SXM4-40GB MIG 4g.20gb (0),1,,13,cupy_copy__complex64_complex64
4132019051,3328,254099,103,1,1,128,1,1,16,0.000,0.000,,,,,NVIDIA A100-SXM4-40GB MIG 4g.20gb (0),1,,13,cupy_copy__complex64_complex64
4132037963,2560,254106,35,1,1,128,1,1,16,0.000,0.000,,,,,NVIDIA A100-SXM4-40GB MIG 4g.20gb (0),1,,13,cupy_copy__complex64_complex64
4132057003,1792,254113,1,1,1,1,1,1,18,0.000,0.000,,,,,NVIDIA A100-SXM4-40GB MIG 4g.20gb (0),1,,13,cupy_copy__float32_float32
4132182697,86847,254124,1,1,1,32,32,1,30,0.000,0.000,,,,,NVIDIA A100-SXM4-40GB MIG 4g.20gb (0),1,,13,"void convert_kernel<__half2, float2>(tensor_layout_any, T1 *, tensor_layout_any, const T2 *)"
4132300616,12896,254127,,,,,,,,,,0.094,7265.469,Pinned,Device,NVIDIA A100-SXM4-40GB MIG 4g.20gb (0),1,,13,[CUDA memcpy Host-to-Device]
4132325576,3232,254128,,,,,,,,,,1.547,478533.199,Device,,NVIDIA A100-SXM4-40GB MIG 4g.20gb (0),1,,13,[CUDA memset]
4132331592,4031,254133,,,,,,,,,,0.031,7763.818,Pinned,Device,NVIDIA A100-SXM4-40GB MIG 4g.20gb (0),1,,13,[CUDA memcpy Host-to-Device]
4132342919,12928,254134,,,,,,,,,,0.197,15207.825,Pinned,Device,NVIDIA A100-SXM4-40GB MIG 4g.20gb (0),1,,13,[CUDA memcpy Host-to-Device]
4132366343,7968,254135,273,1,1,8,4,1,39,0.002,0.000,,,,,NVIDIA A100-SXM4-40GB MIG 4g.20gb (0),1,,13,"void channel_eq::eqMmseCoefCompLowMimoKernel<float, float, float, (unsigned int)4, (unsigned int)1, (unsigned int)4>(const channel_eq::_puschRxChEqStatDescr *, channel_eq::_puschRxChEqCoefCompDynDescr)"
4132380871,5568,254136,273,1,1,12,11,1,51,0.002,0.000,,,,,NVIDIA A100-SXM4-40GB MIG 4g.20gb (0),1,,13,"void channel_eq::eqMmseSoftDemapKernel<float, __half, __half, float, (unsigned int)4, (unsigned short)16383>(channel_eq::_puschRxChEqStatDescr *, channel_eq::_puschRxChEqSoftDemapDynDescr)"
4132388519,290076,254137,1,1,1,32,32,1,30,0.000,0.000,,,,,NVIDIA A100-SXM4-40GB MIG 4g.20gb (0),1,,13,"void convert_kernel<float2, __half2>(tensor_layout_any, T1 *, tensor_layout_any, const T2 *)"
4132680195,11136,254149,2253,1,1,128,1,1,16,0.000,0.000,,,,,NVIDIA A100-SXM4-40GB MIG 4g.20gb (0),1,,13,cupy_copy__float16_float16
4132696227,3264,254158,282,1,1,128,1,1,16,0.000,0.000,,,,,NVIDIA A100-SXM4-40GB MIG 4g.20gb (0),1,,13,cupy_copy__complex64_complex64
4132701475,1984,254167,26,1,1,128,1,1,16,0.000,0.000,,,,,NVIDIA A100-SXM4-40GB MIG 4g.20gb (0),1,,13,cupy_copy__float32_float32
4132705091,4032,254176,103,1,1,128,1,1,16,0.000,0.000,,,,,NVIDIA A100-SXM4-40GB MIG 4g.20gb (0),1,,13,cupy_copy__complex64_complex64
4132710211,12000,254186,1434,1,1,128,1,1,16,0.000,0.000,,,,,NVIDIA A100-SXM4-40GB MIG 4g.20gb (0),1,,13,cupy_copy__complex64_complex64
4132726979,81695,254191,1,1,1,32,32,1,30,0.000,0.000,,,,,NVIDIA A100-SXM4-40GB MIG 4g.20gb (0),1,,13,"void convert_kernel<__half2, float2>(tensor_layout_any, T1 *, tensor_layout_any, const T2 *)"
4132835233,5568,254194,,,,,,,,,,0.094,16827.521,Pinned,Device,NVIDIA A100-SXM4-40GB MIG 4g.20gb (0),1,,13,[CUDA memcpy Host-to-Device]
4132845153,596729,254195,,,,,,,,,,456.561,764740.412,Device,,NVIDIA A100-SXM4-40GB MIG 4g.20gb (0),1,,13,[CUDA memset]
4133449690,109374,254200,,,,,,,,,,1.235,11289.858,Pinned,Device,NVIDIA A100-SXM4-40GB MIG 4g.20gb (0),1,,13,[CUDA memcpy Host-to-Device]
4133565816,17728,254201,,,,,,,,,,0.197,11090.067,Pinned,Device,NVIDIA A100-SXM4-40GB MIG 4g.20gb (0),1,,13,[CUDA memcpy Host-to-Device]
4133598488,8608,254202,69,4,1,48,1,1,76,0.002,0.000,,,,,NVIDIA A100-SXM4-40GB MIG 4g.20gb (0),1,,13,"void ch_est::windowedChEstPreNoDftSOfdmKernel<float, __half, float, (unsigned int)2, (unsigned int)1, (unsigned short)4>(ch_est::puschRxChEstStatDescr_t *, ch_est::puschRxChEstDynDescr_t *)"
4133613848,6176,254203,137,2,1,24,2,1,44,0.001,0.001,,,,,NVIDIA A100-SXM4-40GB MIG 4g.20gb (0),1,,13,"void ch_est::chEstFilterNoDftSOfdmDispatchKernel<float, __half, float, (unsigned int)2>(ch_est::puschRxChEstStatDescr_t *, ch_est::puschRxChEstDynDescr_t *)"
4133622168,6272,254204,137,2,1,24,2,1,44,0.001,0.001,,,,,NVIDIA A100-SXM4-40GB MIG 4g.20gb (0),1,,13,"void ch_est::chEstFilterNoDftSOfdmDispatchKernel<float, __half, float, (unsigned int)2>(ch_est::puschRxChEstStatDescr_t *, ch_est::puschRxChEstDynDescr_t *)"
4133629816,3168,254215,103,1,1,128,1,1,16,0.000,0.000,,,,,NVIDIA A100-SXM4-40GB MIG 4g.20gb (0),1,,13,cupy_copy__complex64_complex64
4133637527,12608,254225,1434,1,1,128,1,1,16,0.000,0.000,,,,,NVIDIA A100-SXM4-40GB MIG 4g.20gb (0),1,,13,cupy_copy__complex64_complex64
4133653143,2528,254232,103,1,1,128,1,1,16,0.000,0.000,,,,,NVIDIA A100-SXM4-40GB MIG 4g.20gb (0),1,,13,cupy_copy__complex64_complex64
4133662967,82335,254239,1,1,1,32,32,1,30,0.000,0.000,,,,,NVIDIA A100-SXM4-40GB MIG 4g.20gb (0),1,,13,"void convert_kernel<__half2, float2>(tensor_layout_any, T1 *, tensor_layout_any, const T2 *)"
4133775318,13760,254242,,,,,,,,,,0.094,6809.263,Pinned,Device,NVIDIA A100-SXM4-40GB MIG 4g.20gb (0),1,,13,[CUDA memcpy Host-to-Device]
4133794326,47583,254243,,,,,,,,,,35.810,752545.469,Device,,NVIDIA A100-SXM4-40GB MIG 4g.20gb (0),1,,13,[CUDA memset]
4133847093,4320,254245,,,,,,,,,,0.000,18.518,Pinned,Device,NVIDIA A100-SXM4-40GB MIG 4g.20gb (0),1,,13,[CUDA memcpy Host-to-Device]
4133858293,16096,254246,,,,,,,,,,0.197,12214.665,Pinned,Device,NVIDIA A100-SXM4-40GB MIG 4g.20gb (0),1,,13,[CUDA memcpy Host-to-Device]
4133890452,9376,254247,273,1,1,48,1,1,40,0.000,0.001,,,,,NVIDIA A100-SXM4-40GB MIG 4g.20gb (0),1,,13,"void pusch_noise_intf_est::noiseIntfEstNoDftSOfdmKernel<float, __half, float, float, (unsigned int)2, (unsigned int)1, (unsigned char)4, (unsigned char)4>(pusch_noise_intf_est::puschRxNoiseIntfEstDynDescr)"
4133905140,2592,254258,35,1,1,128,1,1,16,0.000,0.000,,,,,NVIDIA A100-SXM4-40GB MIG 4g.20gb (0),1,,13,cupy_copy__complex64_complex64
4133913812,1696,254267,1,1,1,1,1,1,18,0.000,0.000,,,,,NVIDIA A100-SXM4-40GB MIG 4g.20gb (0),1,,13,cupy_copy__float32_float32
4133924116,3904,254273,,,,,,,,,,0.000,1.025,Device,Pageable,NVIDIA A100-SXM4-40GB MIG 4g.20gb (0),1,,7,[CUDA memcpy Device-to-Host]
4133987891,12768,254284,1434,1,1,128,1,1,16,0.000,0.000,,,,,NVIDIA A100-SXM4-40GB MIG 4g.20gb (0),1,,13,cupy_copy__complex64_complex64
4134016819,3424,254291,103,1,1,128,1,1,16,0.000,0.000,,,,,NVIDIA A100-SXM4-40GB MIG 4g.20gb (0),1,,13,cupy_copy__complex64_complex64
4134035731,2176,254298,35,1,1,128,1,1,16,0.000,0.000,,,,,NVIDIA A100-SXM4-40GB MIG 4g.20gb (0),1,,13,cupy_copy__complex64_complex64
4134054418,1760,254305,1,1,1,1,1,1,18,0.000,0.000,,,,,NVIDIA A100-SXM4-40GB MIG 4g.20gb (0),1,,13,cupy_copy__float32_float32
4134189265,82271,254316,1,1,1,32,32,1,30,0.000,0.000,,,,,NVIDIA A100-SXM4-40GB MIG 4g.20gb (0),1,,13,"void convert_kernel<__half2, float2>(tensor_layout_any, T1 *, tensor_layout_any, const T2 *)"
4134299439,5504,254319,,,,,,,,,,0.094,17023.251,Pinned,Device,NVIDIA A100-SXM4-40GB MIG 4g.20gb (0),1,,13,[CUDA memcpy Host-to-Device]
4134313935,3328,254320,,,,,,,,,,1.547,464729.580,Device,,NVIDIA A100-SXM4-40GB MIG 4g.20gb (0),1,,13,[CUDA memset]
4134320815,3328,254325,,,,,,,,,,0.031,9403.822,Pinned,Device,NVIDIA A100-SXM4-40GB MIG 4g.20gb (0),1,,13,[CUDA memcpy Host-to-Device]
4134326703,9408,254326,,,,,,,,,,0.197,20897.858,Pinned,Device,NVIDIA A100-SXM4-40GB MIG 4g.20gb (0),1,,13,[CUDA memcpy Host-to-Device]
4134341327,5920,254327,273,1,1,8,4,1,39,0.002,0.000,,,,,NVIDIA A100-SXM4-40GB MIG 4g.20gb (0),1,,13,"void channel_eq::eqMmseCoefCompLowMimoKernel<float, float, float, (unsigned int)4, (unsigned int)1, (unsigned int)4>(const channel_eq::_puschRxChEqStatDescr *, channel_eq::_puschRxChEqCoefCompDynDescr)"
4134349167,5312,254328,273,1,1,12,11,1,51,0.002,0.000,,,,,NVIDIA A100-SXM4-40GB MIG 4g.20gb (0),1,,13,"void channel_eq::eqMmseSoftDemapKernel<float, __half, __half, float, (unsigned int)4, (unsigned short)16383>(channel_eq::_puschRxChEqStatDescr *, channel_eq::_puschRxChEqSoftDemapDynDescr)"
4134356719,283516,254329,1,1,1,32,32,1,30,0.000,0.000,,,,,NVIDIA A100-SXM4-40GB MIG 4g.20gb (0),1,,13,"void convert_kernel<float2, __half2>(tensor_layout_any, T1 *, tensor_layout_any, const T2 *)"
4134641195,11040,254341,2253,1,1,128,1,1,16,0.000,0.000,,,,,NVIDIA A100-SXM4-40GB MIG 4g.20gb (0),1,,13,cupy_copy__float16_float16
4134654827,3680,254350,282,1,1,128,1,1,16,0.000,0.000,,,,,NVIDIA A100-SXM4-40GB MIG 4g.20gb (0),1,,13,cupy_copy__complex64_complex64
4134661387,3424,254359,26,1,1,128,1,1,16,0.000,0.000,,,,,NVIDIA A100-SXM4-40GB MIG 4g.20gb (0),1,,13,cupy_copy__float32_float32
4134668395,3104,254368,103,1,1,128,1,1,16,0.000,0.000,,,,,NVIDIA A100-SXM4-40GB MIG 4g.20gb (0),1,,13,cupy_copy__complex64_complex64
4134674891,12032,254378,1434,1,1,128,1,1,16,0.000,0.000,,,,,NVIDIA A100-SXM4-40GB MIG 4g.20gb (0),1,,13,cupy_copy__complex64_complex64
4134688171,83038,254383,1,1,1,32,32,1,30,0.000,0.000,,,,,NVIDIA A100-SXM4-40GB MIG 4g.20gb (0),1,,13,"void convert_kernel<__half2, float2>(tensor_layout_any, T1 *, tensor_layout_any, const T2 *)"
4134797993,5632,254386,,,,,,,,,,0.094,16636.287,Pinned,Device,NVIDIA A100-SXM4-40GB MIG 4g.20gb (0),1,,13,[CUDA memcpy Host-to-Device]
4134807721,597273,254387,,,,,,,,,,456.561,764283.851,Device,,NVIDIA A100-SXM4-40GB MIG 4g.20gb (0),1,,13,[CUDA memset]
4135408930,144766,254392,,,,,,,,,,1.235,8529.758,Pinned,Device,NVIDIA A100-SXM4-40GB MIG 4g.20gb (0),1,,13,[CUDA memcpy Host-to-Device]
4135570144,40255,254393,,,,,,,,,,0.197,4883.939,Pinned,Device,NVIDIA A100-SXM4-40GB MIG 4g.20gb (0),1,,13,[CUDA memcpy Host-to-Device]
4135640543,8352,254394,69,4,1,48,1,1,76,0.002,0.000,,,,,NVIDIA A100-SXM4-40GB MIG 4g.20gb (0),1,,13,"void ch_est::windowedChEstPreNoDftSOfdmKernel<float, __half, float, (unsigned int)2, (unsigned int)1, (unsigned short)4>(ch_est::puschRxChEstStatDescr_t *, ch_est::puschRxChEstDynDescr_t *)"
4135658495,6559,254395,137,2,1,24,2,1,44,0.001,0.001,,,,,NVIDIA A100-SXM4-40GB MIG 4g.20gb (0),1,,13,"void ch_est::chEstFilterNoDftSOfdmDispatchKernel<float, __half, float, (unsigned int)2>(ch_est::puschRxChEstStatDescr_t *, ch_est::puschRxChEstDynDescr_t *)"
4135675134,4832,254396,137,2,1,24,2,1,44,0.001,0.001,,,,,NVIDIA A100-SXM4-40GB MIG 4g.20gb (0),1,,13,"void ch_est::chEstFilterNoDftSOfdmDispatchKernel<float, __half, float, (unsigned int)2>(ch_est::puschRxChEstStatDescr_t *, ch_est::puschRxChEstDynDescr_t *)"
4135691038,2656,254407,103,1,1,128,1,1,16,0.000,0.000,,,,,NVIDIA A100-SXM4-40GB MIG 4g.20gb (0),1,,13,cupy_copy__complex64_complex64
4135706206,12480,254417,1434,1,1,128,1,1,16,0.000,0.000,,,,,NVIDIA A100-SXM4-40GB MIG 4g.20gb (0),1,,13,cupy_copy__complex64_complex64
4135735230,2560,254424,103,1,1,128,1,1,16,0.000,0.000,,,,,NVIDIA A100-SXM4-40GB MIG 4g.20gb (0),1,,13,cupy_copy__complex64_complex64
4135745373,85375,254431,1,1,1,32,32,1,30,0.000,0.000,,,,,NVIDIA A100-SXM4-40GB MIG 4g.20gb (0),1,,13,"void convert_kernel<__half2, float2>(tensor_layout_any, T1 *, tensor_layout_any, const T2 *)"
4135858524,13504,254434,,,,,,,,,,0.094,6938.376,Pinned,Device,NVIDIA A100-SXM4-40GB MIG 4g.20gb (0),1,,13,[CUDA memcpy Host-to-Device]
4135876700,46815,254435,,,,,,,,,,35.810,764899.891,Device,,NVIDIA A100-SXM4-40GB MIG 4g.20gb (0),1,,13,[CUDA memset]
4135931611,5312,254437,,,,,,,,,,0.000,15.060,Pinned,Device,NVIDIA A100-SXM4-40GB MIG 4g.20gb (0),1,,13,[CUDA memcpy Host-to-Device]
4135940571,21792,254438,,,,,,,,,,0.197,9021.948,Pinned,Device,NVIDIA A100-SXM4-40GB MIG 4g.20gb (0),1,,13,[CUDA memcpy Host-to-Device]
4135977371,8864,254439,273,1,1,48,1,1,40,0.000,0.001,,,,,NVIDIA A100-SXM4-40GB MIG 4g.20gb (0),1,,13,"void pusch_noise_intf_est::noiseIntfEstNoDftSOfdmKernel<float, __half, float, float, (unsigned int)2, (unsigned int)1, (unsigned char)4, (unsigned char)4>(pusch_noise_intf_est::puschRxNoiseIntfEstDynDescr)"
4135988154,2752,254450,35,1,1,128,1,1,16,0.000,0.000,,,,,NVIDIA A100-SXM4-40GB MIG 4g.20gb (0),1,,13,cupy_copy__complex64_complex64
4135997210,1696,254459,1,1,1,1,1,1,18,0.000,0.000,,,,,NVIDIA A100-SXM4-40GB MIG 4g.20gb (0),1,,13,cupy_copy__float32_float32
4136011962,6720,254465,,,,,,,,,,0.000,0.595,Device,Pageable,NVIDIA A100-SXM4-40GB MIG 4g.20gb (0),1,,7,[CUDA memcpy Device-to-Host]
4136095353,12928,254476,1434,1,1,128,1,1,16,0.000,0.000,,,,,NVIDIA A100-SXM4-40GB MIG 4g.20gb (0),1,,13,cupy_copy__complex64_complex64
4136124537,2752,254483,103,1,1,128,1,1,16,0.000,0.000,,,,,NVIDIA A100-SXM4-40GB MIG 4g.20gb (0),1,,13,cupy_copy__complex64_complex64
4136145657,2688,254490,35,1,1,128,1,1,16,0.000,0.000,,,,,NVIDIA A100-SXM4-40GB MIG 4g.20gb (0),1,,13,cupy_copy__complex64_complex64
4136157912,1760,254497,1,1,1,1,1,1,18,0.000,0.000,,,,,NVIDIA A100-SXM4-40GB MIG 4g.20gb (0),1,,13,cupy_copy__float32_float32
4136292567,87743,254508,1,1,1,32,32,1,30,0.000,0.000,,,,,NVIDIA A100-SXM4-40GB MIG 4g.20gb (0),1,,13,"void convert_kernel<__half2, float2>(tensor_layout_any, T1 *, tensor_layout_any, const T2 *)"
4136407829,5408,254511,,,,,,,,,,0.094,17325.421,Pinned,Device,NVIDIA A100-SXM4-40GB MIG 4g.20gb (0),1,,13,[CUDA memcpy Host-to-Device]
4136422037,3456,254512,,,,,,,,,,1.547,447517.201,Device,,NVIDIA A100-SXM4-40GB MIG 4g.20gb (0),1,,13,[CUDA memset]
4136429141,3456,254517,,,,,,,,,,0.031,9055.529,Pinned,Device,NVIDIA A100-SXM4-40GB MIG 4g.20gb (0),1,,13,[CUDA memcpy Host-to-Device]
4136435029,9888,254518,,,,,,,,,,0.197,19883.360,Pinned,Device,NVIDIA A100-SXM4-40GB MIG 4g.20gb (0),1,,13,[CUDA memcpy Host-to-Device]
4136449237,6176,254519,273,1,1,8,4,1,39,0.002,0.000,,,,,NVIDIA A100-SXM4-40GB MIG 4g.20gb (0),1,,13,"void channel_eq::eqMmseCoefCompLowMimoKernel<float, float, float, (unsigned int)4, (unsigned int)1, (unsigned int)4>(const channel_eq::_puschRxChEqStatDescr *, channel_eq::_puschRxChEqCoefCompDynDescr)"
4136456405,6400,254520,273,1,1,12,11,1,51,0.002,0.000,,,,,NVIDIA A100-SXM4-40GB MIG 4g.20gb (0),1,,13,"void channel_eq::eqMmseSoftDemapKernel<float, __half, __half, float, (unsigned int)4, (unsigned short)16383>(channel_eq::_puschRxChEqStatDescr *, channel_eq::_puschRxChEqSoftDemapDynDescr)"
4136463797,282620,254521,1,1,1,32,32,1,30,0.000,0.000,,,,,NVIDIA A100-SXM4-40GB MIG 4g.20gb (0),1,,13,"void convert_kernel<float2, __half2>(tensor_layout_any, T1 *, tensor_layout_any, const T2 *)"
4136751217,11008,254533,2253,1,1,128,1,1,16,0.000,0.000,,,,,NVIDIA A100-SXM4-40GB MIG 4g.20gb (0),1,,13,cupy_copy__float16_float16
4136767409,2848,254542,282,1,1,128,1,1,16,0.000,0.000,,,,,NVIDIA A100-SXM4-40GB MIG 4g.20gb (0),1,,13,cupy_copy__complex64_complex64
4136773137,2176,254551,26,1,1,128,1,1,16,0.000,0.000,,,,,NVIDIA A100-SXM4-40GB MIG 4g.20gb (0),1,,13,cupy_copy__float32_float32
4136777457,2784,254560,103,1,1,128,1,1,16,0.000,0.000,,,,,NVIDIA A100-SXM4-40GB MIG 4g.20gb (0),1,,13,cupy_copy__complex64_complex64
4136781361,12032,254570,1434,1,1,128,1,1,16,0.000,0.000,,,,,NVIDIA A100-SXM4-40GB MIG 4g.20gb (0),1,,13,cupy_copy__complex64_complex64
4136799504,87071,254575,1,1,1,32,32,1,30,0.000,0.000,,,,,NVIDIA A100-SXM4-40GB MIG 4g.20gb (0),1,,13,"void convert_kernel<__half2, float2>(tensor_layout_any, T1 *, tensor_layout_any, const T2 *)"
4136913743,6080,254578,,,,,,,,,,0.094,15410.462,Pinned,Device,NVIDIA A100-SXM4-40GB MIG 4g.20gb (0),1,,13,[CUDA memcpy Host-to-Device]
4136924111,598969,254579,,,,,,,,,,456.561,762001.043,Device,,NVIDIA A100-SXM4-40GB MIG 4g.20gb (0),1,,13,[CUDA memset]
4137530375,153503,254584,,,,,,,,,,1.235,8044.425,Pinned,Device,NVIDIA A100-SXM4-40GB MIG 4g.20gb (0),1,,13,[CUDA memcpy Host-to-Device]
4137694597,31328,254585,,,,,,,,,,0.197,6275.727,Pinned,Device,NVIDIA A100-SXM4-40GB MIG 4g.20gb (0),1,,13,[CUDA memcpy Host-to-Device]
4137742085,8000,254586,69,4,1,48,1,1,76,0.002,0.000,,,,,NVIDIA A100-SXM4-40GB MIG 4g.20gb (0),1,,13,"void ch_est::windowedChEstPreNoDftSOfdmKernel<float, __half, float, (unsigned int)2, (unsigned int)1, (unsigned short)4>(ch_est::puschRxChEstStatDescr_t *, ch_est::puschRxChEstDynDescr_t *)"
4137762149,6784,254587,137,2,1,24,2,1,44,0.001,0.001,,,,,NVIDIA A100-SXM4-40GB MIG 4g.20gb (0),1,,13,"void ch_est::chEstFilterNoDftSOfdmDispatchKernel<float, __half, float, (unsigned int)2>(ch_est::puschRxChEstStatDescr_t *, ch_est::puschRxChEstDynDescr_t *)"
4137778628,4768,254588,137,2,1,24,2,1,44,0.001,0.001,,,,,NVIDIA A100-SXM4-40GB MIG 4g.20gb (0),1,,13,"void ch_est::chEstFilterNoDftSOfdmDispatchKernel<float, __half, float, (unsigned int)2>(ch_est::puschRxChEstStatDescr_t *, ch_est::puschRxChEstDynDescr_t *)"
4137794340,2528,254599,103,1,1,128,1,1,16,0.000,0.000,,,,,NVIDIA A100-SXM4-40GB MIG 4g.20gb (0),1,,13,cupy_copy__complex64_complex64
4137808900,12704,254609,1434,1,1,128,1,1,16,0.000,0.000,,,,,NVIDIA A100-SXM4-40GB MIG 4g.20gb (0),1,,13,cupy_copy__complex64_complex64
4137841252,2496,254616,103,1,1,128,1,1,16,0.000,0.000,,,,,NVIDIA A100-SXM4-40GB MIG 4g.20gb (0),1,,13,cupy_copy__complex64_complex64
4137856675,85759,254623,1,1,1,32,32,1,30,0.000,0.000,,,,,NVIDIA A100-SXM4-40GB MIG 4g.20gb (0),1,,13,"void convert_kernel<__half2, float2>(tensor_layout_any, T1 *, tensor_layout_any, const T2 *)"
4137971426,17888,254626,,,,,,,,,,0.094,5237.887,Pinned,Device,NVIDIA A100-SXM4-40GB MIG 4g.20gb (0),1,,13,[CUDA memcpy Host-to-Device]
4138003234,47199,254627,,,,,,,,,,35.810,758668.965,Device,,NVIDIA A100-SXM4-40GB MIG 4g.20gb (0),1,,13,[CUDA memset]
4138056993,4128,254629,,,,,,,,,,0.000,19.380,Pinned,Device,NVIDIA A100-SXM4-40GB MIG 4g.20gb (0),1,,13,[CUDA memcpy Host-to-Device]
4138069985,17248,254630,,,,,,,,,,0.197,11398.742,Pinned,Device,NVIDIA A100-SXM4-40GB MIG 4g.20gb (0),1,,13,[CUDA memcpy Host-to-Device]
4138095329,9631,254631,273,1,1,48,1,1,40,0.000,0.001,,,,,NVIDIA A100-SXM4-40GB MIG 4g.20gb (0),1,,13,"void pusch_noise_intf_est::noiseIntfEstNoDftSOfdmKernel<float, __half, float, float, (unsigned int)2, (unsigned int)1, (unsigned char)4, (unsigned char)4>(pusch_noise_intf_est::puschRxNoiseIntfEstDynDescr)"
4138109984,3232,254642,35,1,1,128,1,1,16,0.000,0.000,,,,,NVIDIA A100-SXM4-40GB MIG 4g.20gb (0),1,,13,cupy_copy__complex64_complex64
4138117632,1888,254651,1,1,1,1,1,1,18,0.000,0.000,,,,,NVIDIA A100-SXM4-40GB MIG 4g.20gb (0),1,,13,cupy_copy__float32_float32
4138123968,5856,254657,,,,,,,,,,0.000,0.683,Device,Pageable,NVIDIA A100-SXM4-40GB MIG 4g.20gb (0),1,,7,[CUDA memcpy Device-to-Host]
4138200479,13152,254668,1434,1,1,128,1,1,16,0.000,0.000,,,,,NVIDIA A100-SXM4-40GB MIG 4g.20gb (0),1,,13,cupy_copy__complex64_complex64
4138226431,2912,254675,103,1,1,128,1,1,16,0.000,0.000,,,,,NVIDIA A100-SXM4-40GB MIG 4g.20gb (0),1,,13,cupy_copy__complex64_complex64
4138249311,2720,254682,35,1,1,128,1,1,16,0.000,0.000,,,,,NVIDIA A100-SXM4-40GB MIG 4g.20gb (0),1,,13,cupy_copy__complex64_complex64
4138269918,1920,254689,1,1,1,1,1,1,18,0.000,0.000,,,,,NVIDIA A100-SXM4-40GB MIG 4g.20gb (0),1,,13,cupy_copy__float32_float32
4138395709,83103,254700,1,1,1,32,32,1,30,0.000,0.000,,,,,NVIDIA A100-SXM4-40GB MIG 4g.20gb (0),1,,13,"void convert_kernel<__half2, float2>(tensor_layout_any, T1 *, tensor_layout_any, const T2 *)"
4138506907,5760,254703,,,,,,,,,,0.094,16266.656,Pinned,Device,NVIDIA A100-SXM4-40GB MIG 4g.20gb (0),1,,13,[CUDA memcpy Host-to-Device]
4138520731,3392,254704,,,,,,,,,,1.547,455961.768,Device,,NVIDIA A100-SXM4-40GB MIG 4g.20gb (0),1,,13,[CUDA memset]
4138526843,3072,254709,,,,,,,,,,0.031,10187.474,Pinned,Device,NVIDIA A100-SXM4-40GB MIG 4g.20gb (0),1,,13,[CUDA memcpy Host-to-Device]
4138532507,9728,254710,,,,,,,,,,0.197,20210.516,Pinned,Device,NVIDIA A100-SXM4-40GB MIG 4g.20gb (0),1,,13,[CUDA memcpy Host-to-Device]
4138548987,6080,254711,273,1,1,8,4,1,39,0.002,0.000,,,,,NVIDIA A100-SXM4-40GB MIG 4g.20gb (0),1,,13,"void channel_eq::eqMmseCoefCompLowMimoKernel<float, float, float, (unsigned int)4, (unsigned int)1, (unsigned int)4>(const channel_eq::_puschRxChEqStatDescr *, channel_eq::_puschRxChEqCoefCompDynDescr)"
4138558075,6112,254712,273,1,1,12,11,1,51,0.002,0.000,,,,,NVIDIA A100-SXM4-40GB MIG 4g.20gb (0),1,,13,"void channel_eq::eqMmseSoftDemapKernel<float, __half, __half, float, (unsigned int)4, (unsigned short)16383>(channel_eq::_puschRxChEqStatDescr *, channel_eq::_puschRxChEqSoftDemapDynDescr)"
4138565723,282236,254713,1,1,1,32,32,1,30,0.000,0.000,,,,,NVIDIA A100-SXM4-40GB MIG 4g.20gb (0),1,,13,"void convert_kernel<float2, __half2>(tensor_layout_any, T1 *, tensor_layout_any, const T2 *)"
4138850487,10880,254725,2253,1,1,128,1,1,16,0.000,0.000,,,,,NVIDIA A100-SXM4-40GB MIG 4g.20gb (0),1,,13,cupy_copy__float16_float16
4138862999,3200,254734,282,1,1,128,1,1,16,0.000,0.000,,,,,NVIDIA A100-SXM4-40GB MIG 4g.20gb (0),1,,13,cupy_copy__complex64_complex64
4138869911,2464,254743,26,1,1,128,1,1,16,0.000,0.000,,,,,NVIDIA A100-SXM4-40GB MIG 4g.20gb (0),1,,13,cupy_copy__float32_float32
4138874487,2784,254752,103,1,1,128,1,1,16,0.000,0.000,,,,,NVIDIA A100-SXM4-40GB MIG 4g.20gb (0),1,,13,cupy_copy__complex64_complex64
4138878807,12256,254762,1434,1,1,128,1,1,16,0.000,0.000,,,,,NVIDIA A100-SXM4-40GB MIG 4g.20gb (0),1,,13,cupy_copy__complex64_complex64
4138899191,87679,254767,1,1,1,32,32,1,30,0.000,0.000,,,,,NVIDIA A100-SXM4-40GB MIG 4g.20gb (0),1,,13,"void convert_kernel<__half2, float2>(tensor_layout_any, T1 *, tensor_layout_any, const T2 *)"
4139014101,5600,254770,,,,,,,,,,0.094,16731.388,Pinned,Device,NVIDIA A100-SXM4-40GB MIG 4g.20gb (0),1,,13,[CUDA memcpy Host-to-Device]
4139023925,597945,254771,,,,,,,,,,456.561,763370.728,Device,,NVIDIA A100-SXM4-40GB MIG 4g.20gb (0),1,,13,[CUDA memset]
4139630478,134398,254776,,,,,,,,,,1.235,9187.983,Pinned,Device,NVIDIA A100-SXM4-40GB MIG 4g.20gb (0),1,,13,[CUDA memcpy Host-to-Device]
4139777804,35711,254777,,,,,,,,,,0.197,5505.417,Pinned,Device,NVIDIA A100-SXM4-40GB MIG 4g.20gb (0),1,,13,[CUDA memcpy Host-to-Device]
4139839787,8224,254778,69,4,1,48,1,1,76,0.002,0.000,,,,,NVIDIA A100-SXM4-40GB MIG 4g.20gb (0),1,,13,"void ch_est::windowedChEstPreNoDftSOfdmKernel<float, __half, float, (unsigned int)2, (unsigned int)1, (unsigned short)4>(ch_est::puschRxChEstStatDescr_t *, ch_est::puschRxChEstDynDescr_t *)"
4139857515,6688,254779,137,2,1,24,2,1,44,0.001,0.001,,,,,NVIDIA A100-SXM4-40GB MIG 4g.20gb (0),1,,13,"void ch_est::chEstFilterNoDftSOfdmDispatchKernel<float, __half, float, (unsigned int)2>(ch_est::puschRxChEstStatDescr_t *, ch_est::puschRxChEstDynDescr_t *)"
4139874763,4736,254780,137,2,1,24,2,1,44,0.001,0.001,,,,,NVIDIA A100-SXM4-40GB MIG 4g.20gb (0),1,,13,"void ch_est::chEstFilterNoDftSOfdmDispatchKernel<float, __half, float, (unsigned int)2>(ch_est::puschRxChEstStatDescr_t *, ch_est::puschRxChEstDynDescr_t *)"
4139891434,2656,254791,103,1,1,128,1,1,16,0.000,0.000,,,,,NVIDIA A100-SXM4-40GB MIG 4g.20gb (0),1,,13,cupy_copy__complex64_complex64
4139908298,12288,254801,1434,1,1,128,1,1,16,0.000,0.000,,,,,NVIDIA A100-SXM4-40GB MIG 4g.20gb (0),1,,13,cupy_copy__complex64_complex64
4139928298,2880,254808,103,1,1,128,1,1,16,0.000,0.000,,,,,NVIDIA A100-SXM4-40GB MIG 4g.20gb (0),1,,13,cupy_copy__complex64_complex64
4139950698,83839,254815,1,1,1,32,32,1,30,0.000,0.000,,,,,NVIDIA A100-SXM4-40GB MIG 4g.20gb (0),1,,13,"void convert_kernel<__half2, float2>(tensor_layout_any, T1 *, tensor_layout_any, const T2 *)"
4140066792,17280,254818,,,,,,,,,,0.094,5422.188,Pinned,Device,NVIDIA A100-SXM4-40GB MIG 4g.20gb (0),1,,13,[CUDA memcpy Host-to-Device]
4140102152,47871,254819,,,,,,,,,,35.810,748033.419,Device,,NVIDIA A100-SXM4-40GB MIG 4g.20gb (0),1,,13,[CUDA memset]
4140151975,11680,254821,,,,,,,,,,0.000,6.849,Pinned,Device,NVIDIA A100-SXM4-40GB MIG 4g.20gb (0),1,,13,[CUDA memcpy Host-to-Device]
4140171911,31456,254822,,,,,,,,,,0.197,6250.168,Pinned,Device,NVIDIA A100-SXM4-40GB MIG 4g.20gb (0),1,,13,[CUDA memcpy Host-to-Device]
4140219366,9600,254823,273,1,1,48,1,1,40,0.000,0.001,,,,,NVIDIA A100-SXM4-40GB MIG 4g.20gb (0),1,,13,"void pusch_noise_intf_est::noiseIntfEstNoDftSOfdmKernel<float, __half, float, float, (unsigned int)2, (unsigned int)1, (unsigned char)4, (unsigned char)4>(pusch_noise_intf_est::puschRxNoiseIntfEstDynDescr)"
4140237414,2752,254834,35,1,1,128,1,1,16,0.000,0.000,,,,,NVIDIA A100-SXM4-40GB MIG 4g.20gb (0),1,,13,cupy_copy__complex64_complex64
4140252934,1760,254843,1,1,1,1,1,1,18,0.000,0.000,,,,,NVIDIA A100-SXM4-40GB MIG 4g.20gb (0),1,,13,cupy_copy__float32_float32
4140260326,7776,254849,,,,,,,,,,0.000,0.514,Device,Pageable,NVIDIA A100-SXM4-40GB MIG 4g.20gb (0),1,,7,[CUDA memcpy Device-to-Host]
4140358597,12767,254860,1434,1,1,128,1,1,16,0.000,0.000,,,,,NVIDIA A100-SXM4-40GB MIG 4g.20gb (0),1,,13,cupy_copy__complex64_complex64
4140381444,2848,254867,103,1,1,128,1,1,16,0.000,0.000,,,,,NVIDIA A100-SXM4-40GB MIG 4g.20gb (0),1,,13,cupy_copy__complex64_complex64
4140409444,2560,254874,35,1,1,128,1,1,16,0.000,0.000,,,,,NVIDIA A100-SXM4-40GB MIG 4g.20gb (0),1,,13,cupy_copy__complex64_complex64
4140423108,1696,254881,1,1,1,1,1,1,18,0.000,0.000,,,,,NVIDIA A100-SXM4-40GB MIG 4g.20gb (0),1,,13,cupy_copy__float32_float32
4140547906,89311,254892,1,1,1,32,32,1,30,0.000,0.000,,,,,NVIDIA A100-SXM4-40GB MIG 4g.20gb (0),1,,13,"void convert_kernel<__half2, float2>(tensor_layout_any, T1 *, tensor_layout_any, const T2 *)"
4140665249,13728,254895,,,,,,,,,,0.094,6825.098,Pinned,Device,NVIDIA A100-SXM4-40GB MIG 4g.20gb (0),1,,13,[CUDA memcpy Host-to-Device]
4140688545,3456,254896,,,,,,,,,,1.547,447517.201,Device,,NVIDIA A100-SXM4-40GB MIG 4g.20gb (0),1,,13,[CUDA memset]
4140696224,7040,254901,,,,,,,,,,0.031,4445.440,Pinned,Device,NVIDIA A100-SXM4-40GB MIG 4g.20gb (0),1,,13,[CUDA memcpy Host-to-Device]
4140706464,15648,254902,,,,,,,,,,0.197,12564.234,Pinned,Device,NVIDIA A100-SXM4-40GB MIG 4g.20gb (0),1,,13,[CUDA memcpy Host-to-Device]
4140734272,6144,254903,273,1,1,8,4,1,39,0.002,0.000,,,,,NVIDIA A100-SXM4-40GB MIG 4g.20gb (0),1,,13,"void channel_eq::eqMmseCoefCompLowMimoKernel<float, float, float, (unsigned int)4, (unsigned int)1, (unsigned int)4>(const channel_eq::_puschRxChEqStatDescr *, channel_eq::_puschRxChEqCoefCompDynDescr)"
4140743392,6144,254904,273,1,1,12,11,1,51,0.002,0.000,,,,,NVIDIA A100-SXM4-40GB MIG 4g.20gb (0),1,,13,"void channel_eq::eqMmseSoftDemapKernel<float, __half, __half, float, (unsigned int)4, (unsigned short)16383>(channel_eq::_puschRxChEqStatDescr *, channel_eq::_puschRxChEqSoftDemapDynDescr)"
4140752064,283164,254905,1,1,1,32,32,1,30,0.000,0.000,,,,,NVIDIA A100-SXM4-40GB MIG 4g.20gb (0),1,,13,"void convert_kernel<float2, __half2>(tensor_layout_any, T1 *, tensor_layout_any, const T2 *)"
4141037180,11040,254917,2253,1,1,128,1,1,16,0.000,0.000,,,,,NVIDIA A100-SXM4-40GB MIG 4g.20gb (0),1,,13,cupy_copy__float16_float16
4141050716,3136,254926,282,1,1,128,1,1,16,0.000,0.000,,,,,NVIDIA A100-SXM4-40GB MIG 4g.20gb (0),1,,13,cupy_copy__complex64_complex64
4141054940,2016,254935,26,1,1,128,1,1,16,0.000,0.000,,,,,NVIDIA A100-SXM4-40GB MIG 4g.20gb (0),1,,13,cupy_copy__float32_float32
4141060668,4640,254944,103,1,1,128,1,1,16,0.000,0.000,,,,,NVIDIA A100-SXM4-40GB MIG 4g.20gb (0),1,,13,cupy_copy__complex64_complex64
4141066364,12448,254954,1434,1,1,128,1,1,16,0.000,0.000,,,,,NVIDIA A100-SXM4-40GB MIG 4g.20gb (0),1,,13,cupy_copy__complex64_complex64
4141084796,86815,254959,1,1,1,32,32,1,30,0.000,0.000,,,,,NVIDIA A100-SXM4-40GB MIG 4g.20gb (0),1,,13,"void convert_kernel<__half2, float2>(tensor_layout_any, T1 *, tensor_layout_any, const T2 *)"
4141198586,5440,254962,,,,,,,,,,0.094,17223.480,Pinned,Device,NVIDIA A100-SXM4-40GB MIG 4g.20gb (0),1,,13,[CUDA memcpy Host-to-Device]
4141211290,597849,254963,,,,,,,,,,456.561,763370.728,Device,,NVIDIA A100-SXM4-40GB MIG 4g.20gb (0),1,,13,[CUDA memset]
4141817171,79903,254968,,,,,,,,,,1.235,15455.324,Pinned,Device,NVIDIA A100-SXM4-40GB MIG 4g.20gb (0),1,,13,[CUDA memcpy Host-to-Device]
4141904146,16511,254969,,,,,,,,,,0.197,11907.564,Pinned,Device,NVIDIA A100-SXM4-40GB MIG 4g.20gb (0),1,,13,[CUDA memcpy Host-to-Device]
4141929745,8192,254970,69,4,1,48,1,1,76,0.002,0.000,,,,,NVIDIA A100-SXM4-40GB MIG 4g.20gb (0),1,,13,"void ch_est::windowedChEstPreNoDftSOfdmKernel<float, __half, float, (unsigned int)2, (unsigned int)1, (unsigned short)4>(ch_est::puschRxChEstStatDescr_t *, ch_est::puschRxChEstDynDescr_t *)"
4141945745,7456,254971,137,2,1,24,2,1,44,0.001,0.001,,,,,NVIDIA A100-SXM4-40GB MIG 4g.20gb (0),1,,13,"void ch_est::chEstFilterNoDftSOfdmDispatchKernel<float, __half, float, (unsigned int)2>(ch_est::puschRxChEstStatDescr_t *, ch_est::puschRxChEstDynDescr_t *)"
4141961681,5056,254972,137,2,1,24,2,1,44,0.001,0.001,,,,,NVIDIA A100-SXM4-40GB MIG 4g.20gb (0),1,,13,"void ch_est::chEstFilterNoDftSOfdmDispatchKernel<float, __half, float, (unsigned int)2>(ch_est::puschRxChEstStatDescr_t *, ch_est::puschRxChEstDynDescr_t *)"
4141969521,3008,254983,103,1,1,128,1,1,16,0.000,0.000,,,,,NVIDIA A100-SXM4-40GB MIG 4g.20gb (0),1,,13,cupy_copy__complex64_complex64
4141977393,12704,254993,1434,1,1,128,1,1,16,0.000,0.000,,,,,NVIDIA A100-SXM4-40GB MIG 4g.20gb (0),1,,13,cupy_copy__complex64_complex64
4141992817,2367,255000,103,1,1,128,1,1,16,0.000,0.000,,,,,NVIDIA A100-SXM4-40GB MIG 4g.20gb (0),1,,13,cupy_copy__complex64_complex64
4142001904,88319,255007,1,1,1,32,32,1,30,0.000,0.000,,,,,NVIDIA A100-SXM4-40GB MIG 4g.20gb (0),1,,13,"void convert_kernel<__half2, float2>(tensor_layout_any, T1 *, tensor_layout_any, const T2 *)"
4142118287,12864,255010,,,,,,,,,,0.094,7283.552,Pinned,Device,NVIDIA A100-SXM4-40GB MIG 4g.20gb (0),1,,13,[CUDA memcpy Host-to-Device]
4142136559,47135,255011,,,,,,,,,,35.810,759707.453,Device,,NVIDIA A100-SXM4-40GB MIG 4g.20gb (0),1,,13,[CUDA memset]
4142191246,4544,255013,,,,,,,,,,0.000,17.606,Pinned,Device,NVIDIA A100-SXM4-40GB MIG 4g.20gb (0),1,,13,[CUDA memcpy Host-to-Device]
4142203214,18848,255014,,,,,,,,,,0.197,10431.234,Pinned,Device,NVIDIA A100-SXM4-40GB MIG 4g.20gb (0),1,,13,[CUDA memcpy Host-to-Device]
4142243373,9184,255015,273,1,1,48,1,1,40,0.000,0.001,,,,,NVIDIA A100-SXM4-40GB MIG 4g.20gb (0),1,,13,"void pusch_noise_intf_est::noiseIntfEstNoDftSOfdmKernel<float, __half, float, float, (unsigned int)2, (unsigned int)1, (unsigned char)4, (unsigned char)4>(pusch_noise_intf_est::puschRxNoiseIntfEstDynDescr)"
4142264621,2688,255026,35,1,1,128,1,1,16,0.000,0.000,,,,,NVIDIA A100-SXM4-40GB MIG 4g.20gb (0),1,,13,cupy_copy__complex64_complex64
4142276685,1856,255035,1,1,1,1,1,1,18,0.000,0.000,,,,,NVIDIA A100-SXM4-40GB MIG 4g.20gb (0),1,,13,cupy_copy__float32_float32
4142283405,5376,255041,,,,,,,,,,0.000,0.744,Device,Pageable,NVIDIA A100-SXM4-40GB MIG 4g.20gb (0),1,,7,[CUDA memcpy Device-to-Host]
4142360908,12992,255052,1434,1,1,128,1,1,16,0.000,0.000,,,,,NVIDIA A100-SXM4-40GB MIG 4g.20gb (0),1,,13,cupy_copy__complex64_complex64
4142392204,2816,255059,103,1,1,128,1,1,16,0.000,0.000,,,,,NVIDIA A100-SXM4-40GB MIG 4g.20gb (0),1,,13,cupy_copy__complex64_complex64
4142407243,2784,255066,35,1,1,128,1,1,16,0.000,0.000,,,,,NVIDIA A100-SXM4-40GB MIG 4g.20gb (0),1,,13,cupy_copy__complex64_complex64
4142426859,1952,255073,1,1,1,1,1,1,18,0.000,0.000,,,,,NVIDIA A100-SXM4-40GB MIG 4g.20gb (0),1,,13,cupy_copy__float32_float32
4142556906,82175,255084,1,1,1,32,32,1,30,0.000,0.000,,,,,NVIDIA A100-SXM4-40GB MIG 4g.20gb (0),1,,13,"void convert_kernel<__half2, float2>(tensor_layout_any, T1 *, tensor_layout_any, const T2 *)"
4142666440,6016,255087,,,,,,,,,,0.094,15574.430,Pinned,Device,NVIDIA A100-SXM4-40GB MIG 4g.20gb (0),1,,13,[CUDA memcpy Host-to-Device]
4142680776,3296,255088,,,,,,,,,,1.547,469242.628,Device,,NVIDIA A100-SXM4-40GB MIG 4g.20gb (0),1,,13,[CUDA memset]
4142687400,3680,255093,,,,,,,,,,0.031,8504.344,Pinned,Device,NVIDIA A100-SXM4-40GB MIG 4g.20gb (0),1,,13,[CUDA memcpy Host-to-Device]
4142693832,9376,255094,,,,,,,,,,0.197,20969.226,Pinned,Device,NVIDIA A100-SXM4-40GB MIG 4g.20gb (0),1,,13,[CUDA memcpy Host-to-Device]
4142707368,5888,255095,273,1,1,8,4,1,39,0.002,0.000,,,,,NVIDIA A100-SXM4-40GB MIG 4g.20gb (0),1,,13,"void channel_eq::eqMmseCoefCompLowMimoKernel<float, float, float, (unsigned int)4, (unsigned int)1, (unsigned int)4>(const channel_eq::_puschRxChEqStatDescr *, channel_eq::_puschRxChEqCoefCompDynDescr)"
4142716968,7199,255096,273,1,1,12,11,1,51,0.002,0.000,,,,,NVIDIA A100-SXM4-40GB MIG 4g.20gb (0),1,,13,"void channel_eq::eqMmseSoftDemapKernel<float, __half, __half, float, (unsigned int)4, (unsigned short)16383>(channel_eq::_puschRxChEqStatDescr *, channel_eq::_puschRxChEqSoftDemapDynDescr)"
4142725223,294557,255097,1,1,1,32,32,1,30,0.000,0.000,,,,,NVIDIA A100-SXM4-40GB MIG 4g.20gb (0),1,,13,"void convert_kernel<float2, __half2>(tensor_layout_any, T1 *, tensor_layout_any, const T2 *)"
4143020900,10976,255109,2253,1,1,128,1,1,16,0.000,0.000,,,,,NVIDIA A100-SXM4-40GB MIG 4g.20gb (0),1,,13,cupy_copy__float16_float16
4143034948,3072,255118,282,1,1,128,1,1,16,0.000,0.000,,,,,NVIDIA A100-SXM4-40GB MIG 4g.20gb (0),1,,13,cupy_copy__complex64_complex64
4143041092,2016,255127,26,1,1,128,1,1,16,0.000,0.000,,,,,NVIDIA A100-SXM4-40GB MIG 4g.20gb (0),1,,13,cupy_copy__float32_float32
4143045188,4959,255136,103,1,1,128,1,1,16,0.000,0.000,,,,,NVIDIA A100-SXM4-40GB MIG 4g.20gb (0),1,,13,cupy_copy__complex64_complex64
4143052259,12032,255146,1434,1,1,128,1,1,16,0.000,0.000,,,,,NVIDIA A100-SXM4-40GB MIG 4g.20gb (0),1,,13,cupy_copy__complex64_complex64
4143068387,82239,255151,1,1,1,32,32,1,30,0.000,0.000,,,,,NVIDIA A100-SXM4-40GB MIG 4g.20gb (0),1,,13,"void convert_kernel<__half2, float2>(tensor_layout_any, T1 *, tensor_layout_any, const T2 *)"
4143177954,5504,255154,,,,,,,,,,0.094,17023.251,Pinned,Device,NVIDIA A100-SXM4-40GB MIG 4g.20gb (0),1,,13,[CUDA memcpy Host-to-Device]
4143187714,599640,255155,,,,,,,,,,456.561,761087.920,Device,,NVIDIA A100-SXM4-40GB MIG 4g.20gb (0),1,,13,[CUDA memset]
4143791034,126911,255160,,,,,,,,,,1.235,9730.124,Pinned,Device,NVIDIA A100-SXM4-40GB MIG 4g.20gb (0),1,,13,[CUDA memcpy Host-to-Device]
4143928697,35199,255161,,,,,,,,,,0.197,5585.437,Pinned,Device,NVIDIA A100-SXM4-40GB MIG 4g.20gb (0),1,,13,[CUDA memcpy Host-to-Device]
4143980728,8032,255162,69,4,1,48,1,1,76,0.002,0.000,,,,,NVIDIA A100-SXM4-40GB MIG 4g.20gb (0),1,,13,"void ch_est::windowedChEstPreNoDftSOfdmKernel<float, __half, float, (unsigned int)2, (unsigned int)1, (unsigned short)4>(ch_est::puschRxChEstStatDescr_t *, ch_est::puschRxChEstDynDescr_t *)"
4143993848,7360,255163,137,2,1,24,2,1,44,0.001,0.001,,,,,NVIDIA A100-SXM4-40GB MIG 4g.20gb (0),1,,13,"void ch_est::chEstFilterNoDftSOfdmDispatchKernel<float, __half, float, (unsigned int)2>(ch_est::puschRxChEstStatDescr_t *, ch_est::puschRxChEstDynDescr_t *)"
4144004856,5152,255164,137,2,1,24,2,1,44,0.001,0.001,,,,,NVIDIA A100-SXM4-40GB MIG 4g.20gb (0),1,,13,"void ch_est::chEstFilterNoDftSOfdmDispatchKernel<float, __half, float, (unsigned int)2>(ch_est::puschRxChEstStatDescr_t *, ch_est::puschRxChEstDynDescr_t *)"
4144016088,2784,255175,103,1,1,128,1,1,16,0.000,0.000,,,,,NVIDIA A100-SXM4-40GB MIG 4g.20gb (0),1,,13,cupy_copy__complex64_complex64
4144025463,12416,255185,1434,1,1,128,1,1,16,0.000,0.000,,,,,NVIDIA A100-SXM4-40GB MIG 4g.20gb (0),1,,13,cupy_copy__complex64_complex64
4144041175,2656,255192,103,1,1,128,1,1,16,0.000,0.000,,,,,NVIDIA A100-SXM4-40GB MIG 4g.20gb (0),1,,13,cupy_copy__complex64_complex64
4144051415,86079,255199,1,1,1,32,32,1,30,0.000,0.000,,,,,NVIDIA A100-SXM4-40GB MIG 4g.20gb (0),1,,13,"void convert_kernel<__half2, float2>(tensor_layout_any, T1 *, tensor_layout_any, const T2 *)"
4144165078,6496,255202,,,,,,,,,,0.094,14423.562,Pinned,Device,NVIDIA A100-SXM4-40GB MIG 4g.20gb (0),1,,13,[CUDA memcpy Host-to-Device]
4144179478,47263,255203,,,,,,,,,,35.810,757666.287,Device,,NVIDIA A100-SXM4-40GB MIG 4g.20gb (0),1,,13,[CUDA memset]
4144228885,6432,255205,,,,,,,,,,0.000,12.438,Pinned,Device,NVIDIA A100-SXM4-40GB MIG 4g.20gb (0),1,,13,[CUDA memcpy Host-to-Device]
4144240661,14848,255206,,,,,,,,,,0.197,13241.352,Pinned,Device,NVIDIA A100-SXM4-40GB MIG 4g.20gb (0),1,,13,[CUDA memcpy Host-to-Device]
4144265749,9887,255207,273,1,1,48,1,1,40,0.000,0.001,,,,,NVIDIA A100-SXM4-40GB MIG 4g.20gb (0),1,,13,"void pusch_noise_intf_est::noiseIntfEstNoDftSOfdmKernel<float, __half, float, float, (unsigned int)2, (unsigned int)1, (unsigned char)4, (unsigned char)4>(pusch_noise_intf_est::puschRxNoiseIntfEstDynDescr)"
4144281588,3392,255218,35,1,1,128,1,1,16,0.000,0.000,,,,,NVIDIA A100-SXM4-40GB MIG 4g.20gb (0),1,,13,cupy_copy__complex64_complex64
4144288180,1760,255227,1,1,1,1,1,1,18,0.000,0.000,,,,,NVIDIA A100-SXM4-40GB MIG 4g.20gb (0),1,,13,cupy_copy__float32_float32
4144314452,1920,255233,,,,,,,,,,0.000,2.083,Device,Pageable,NVIDIA A100-SXM4-40GB MIG 4g.20gb (0),1,,7,[CUDA memcpy Device-to-Host]
4144377939,13120,255244,1434,1,1,128,1,1,16,0.000,0.000,,,,,NVIDIA A100-SXM4-40GB MIG 4g.20gb (0),1,,13,cupy_copy__complex64_complex64
4144407123,3456,255251,103,1,1,128,1,1,16,0.000,0.000,,,,,NVIDIA A100-SXM4-40GB MIG 4g.20gb (0),1,,13,cupy_copy__complex64_complex64
4144426227,2207,255258,35,1,1,128,1,1,16,0.000,0.000,,,,,NVIDIA A100-SXM4-40GB MIG 4g.20gb (0),1,,13,cupy_copy__complex64_complex64
4144445266,2112,255265,1,1,1,1,1,1,18,0.000,0.000,,,,,NVIDIA A100-SXM4-40GB MIG 4g.20gb (0),1,,13,cupy_copy__float32_float32
4144576849,86463,255276,1,1,1,32,32,1,30,0.000,0.000,,,,,NVIDIA A100-SXM4-40GB MIG 4g.20gb (0),1,,13,"void convert_kernel<__half2, float2>(tensor_layout_any, T1 *, tensor_layout_any, const T2 *)"
4144691119,5536,255279,,,,,,,,,,0.094,16924.777,Pinned,Device,NVIDIA A100-SXM4-40GB MIG 4g.20gb (0),1,,13,[CUDA memcpy Host-to-Device]
4144705007,3168,255280,,,,,,,,,,1.547,488201.145,Device,,NVIDIA A100-SXM4-40GB MIG 4g.20gb (0),1,,13,[CUDA memset]
4144711599,3552,255285,,,,,,,,,,0.031,8810.794,Pinned,Device,NVIDIA A100-SXM4-40GB MIG 4g.20gb (0),1,,13,[CUDA memcpy Host-to-Device]
4144717711,9760,255286,,,,,,,,,,0.197,20144.259,Pinned,Device,NVIDIA A100-SXM4-40GB MIG 4g.20gb (0),1,,13,[CUDA memcpy Host-to-Device]
4144732783,8512,255287,273,1,1,8,4,1,39,0.002,0.000,,,,,NVIDIA A100-SXM4-40GB MIG 4g.20gb (0),1,,13,"void channel_eq::eqMmseCoefCompLowMimoKernel<float, float, float, (unsigned int)4, (unsigned int)1, (unsigned int)4>(const channel_eq::_puschRxChEqStatDescr *, channel_eq::_puschRxChEqCoefCompDynDescr)"
4144742863,7872,255288,273,1,1,12,11,1,51,0.002,0.000,,,,,NVIDIA A100-SXM4-40GB MIG 4g.20gb (0),1,,13,"void channel_eq::eqMmseSoftDemapKernel<float, __half, __half, float, (unsigned int)4, (unsigned short)16383>(channel_eq::_puschRxChEqStatDescr *, channel_eq::_puschRxChEqSoftDemapDynDescr)"
4144751695,282460,255289,1,1,1,32,32,1,30,0.000,0.000,,,,,NVIDIA A100-SXM4-40GB MIG 4g.20gb (0),1,,13,"void convert_kernel<float2, __half2>(tensor_layout_any, T1 *, tensor_layout_any, const T2 *)"
4145035499,11200,255301,2253,1,1,128,1,1,16,0.000,0.000,,,,,NVIDIA A100-SXM4-40GB MIG 4g.20gb (0),1,,13,cupy_copy__float16_float16
4145050571,3776,255310,282,1,1,128,1,1,16,0.000,0.000,,,,,NVIDIA A100-SXM4-40GB MIG 4g.20gb (0),1,,13,cupy_copy__complex64_complex64
4145055691,1984,255319,26,1,1,128,1,1,16,0.000,0.000,,,,,NVIDIA A100-SXM4-40GB MIG 4g.20gb (0),1,,13,cupy_copy__float32_float32
4145059819,3136,255328,103,1,1,128,1,1,16,0.000,0.000,,,,,NVIDIA A100-SXM4-40GB MIG 4g.20gb (0),1,,13,cupy_copy__complex64_complex64
4145064075,11904,255338,1434,1,1,128,1,1,16,0.000,0.000,,,,,NVIDIA A100-SXM4-40GB MIG 4g.20gb (0),1,,13,cupy_copy__complex64_complex64
4145083178,87263,255343,1,1,1,32,32,1,30,0.000,0.000,,,,,NVIDIA A100-SXM4-40GB MIG 4g.20gb (0),1,,13,"void convert_kernel<__half2, float2>(tensor_layout_any, T1 *, tensor_layout_any, const T2 *)"
4145197545,6016,255346,,,,,,,,,,0.094,15574.430,Pinned,Device,NVIDIA A100-SXM4-40GB MIG 4g.20gb (0),1,,13,[CUDA memcpy Host-to-Device]
4145207241,597785,255347,,,,,,,,,,456.561,763370.728,Device,,NVIDIA A100-SXM4-40GB MIG 4g.20gb (0),1,,13,[CUDA memset]
4145810337,159934,255352,,,,,,,,,,1.235,7720.870,Pinned,Device,NVIDIA A100-SXM4-40GB MIG 4g.20gb (0),1,,13,[CUDA memcpy Host-to-Device]
4145980383,33760,255353,,,,,,,,,,0.197,5823.529,Pinned,Device,NVIDIA A100-SXM4-40GB MIG 4g.20gb (0),1,,13,[CUDA memcpy Host-to-Device]
4146028511,8224,255354,69,4,1,48,1,1,76,0.002,0.000,,,,,NVIDIA A100-SXM4-40GB MIG 4g.20gb (0),1,,13,"void ch_est::windowedChEstPreNoDftSOfdmKernel<float, __half, float, (unsigned int)2, (unsigned int)1, (unsigned short)4>(ch_est::puschRxChEstStatDescr_t *, ch_est::puschRxChEstDynDescr_t *)"
4146043903,6816,255355,137,2,1,24,2,1,44,0.001,0.001,,,,,NVIDIA A100-SXM4-40GB MIG 4g.20gb (0),1,,13,"void ch_est::chEstFilterNoDftSOfdmDispatchKernel<float, __half, float, (unsigned int)2>(ch_est::puschRxChEstStatDescr_t *, ch_est::puschRxChEstDynDescr_t *)"
4146057150,4800,255356,137,2,1,24,2,1,44,0.001,0.001,,,,,NVIDIA A100-SXM4-40GB MIG 4g.20gb (0),1,,13,"void ch_est::chEstFilterNoDftSOfdmDispatchKernel<float, __half, float, (unsigned int)2>(ch_est::puschRxChEstStatDescr_t *, ch_est::puschRxChEstDynDescr_t *)"
4146070078,2496,255367,103,1,1,128,1,1,16,0.000,0.000,,,,,NVIDIA A100-SXM4-40GB MIG 4g.20gb (0),1,,13,cupy_copy__complex64_complex64
4146085342,13120,255377,1434,1,1,128,1,1,16,0.000,0.000,,,,,NVIDIA A100-SXM4-40GB MIG 4g.20gb (0),1,,13,cupy_copy__complex64_complex64
4146100446,2720,255384,103,1,1,128,1,1,16,0.000,0.000,,,,,NVIDIA A100-SXM4-40GB MIG 4g.20gb (0),1,,13,cupy_copy__complex64_complex64
4146110302,88511,255391,1,1,1,32,32,1,30,0.000,0.000,,,,,NVIDIA A100-SXM4-40GB MIG 4g.20gb (0),1,,13,"void convert_kernel<__half2, float2>(tensor_layout_any, T1 *, tensor_layout_any, const T2 *)"
4146229404,9408,255394,,,,,,,,,,0.094,9959.135,Pinned,Device,NVIDIA A100-SXM4-40GB MIG 4g.20gb (0),1,,13,[CUDA memcpy Host-to-Device]
4146246396,47712,255395,,,,,,,,,,35.810,750540.113,Device,,NVIDIA A100-SXM4-40GB MIG 4g.20gb (0),1,,13,[CUDA memset]
4146298523,6048,255397,,,,,,,,,,0.000,13.227,Pinned,Device,NVIDIA A100-SXM4-40GB MIG 4g.20gb (0),1,,13,[CUDA memcpy Host-to-Device]
4146309403,14816,255398,,,,,,,,,,0.197,13269.860,Pinned,Device,NVIDIA A100-SXM4-40GB MIG 4g.20gb (0),1,,13,[CUDA memcpy Host-to-Device]
4146331067,11264,255399,273,1,1,48,1,1,40,0.000,0.001,,,,,NVIDIA A100-SXM4-40GB MIG 4g.20gb (0),1,,13,"void pusch_noise_intf_est::noiseIntfEstNoDftSOfdmKernel<float, __half, float, float, (unsigned int)2, (unsigned int)1, (unsigned char)4, (unsigned char)4>(pusch_noise_intf_est::puschRxNoiseIntfEstDynDescr)"
4146345179,2848,255410,35,1,1,128,1,1,16,0.000,0.000,,,,,NVIDIA A100-SXM4-40GB MIG 4g.20gb (0),1,,13,cupy_copy__complex64_complex64
4146350555,1856,255419,1,1,1,1,1,1,18,0.000,0.000,,,,,NVIDIA A100-SXM4-40GB MIG 4g.20gb (0),1,,13,cupy_copy__float32_float32
4146379514,2112,255425,,,,,,,,,,0.000,1.894,Device,Pageable,NVIDIA A100-SXM4-40GB MIG 4g.20gb (0),1,,7,[CUDA memcpy Device-to-Host]
4146440794,12672,255436,1434,1,1,128,1,1,16,0.000,0.000,,,,,NVIDIA A100-SXM4-40GB MIG 4g.20gb (0),1,,13,cupy_copy__complex64_complex64
4146466521,3040,255443,103,1,1,128,1,1,16,0.000,0.000,,,,,NVIDIA A100-SXM4-40GB MIG 4g.20gb (0),1,,13,cupy_copy__complex64_complex64
4146487737,2496,255450,35,1,1,128,1,1,16,0.000,0.000,,,,,NVIDIA A100-SXM4-40GB MIG 4g.20gb (0),1,,13,cupy_copy__complex64_complex64
4146504761,1856,255457,1,1,1,1,1,1,18,0.000,0.000,,,,,NVIDIA A100-SXM4-40GB MIG 4g.20gb (0),1,,13,cupy_copy__float32_float32
4146633719,81631,255468,1,1,1,32,32,1,30,0.000,0.000,,,,,NVIDIA A100-SXM4-40GB MIG 4g.20gb (0),1,,13,"void convert_kernel<__half2, float2>(tensor_layout_any, T1 *, tensor_layout_any, const T2 *)"
4146743318,5952,255471,,,,,,,,,,0.094,15741.865,Pinned,Device,NVIDIA A100-SXM4-40GB MIG 4g.20gb (0),1,,13,[CUDA memcpy Host-to-Device]
4146757430,3360,255472,,,,,,,,,,1.547,460304.688,Device,,NVIDIA A100-SXM4-40GB MIG 4g.20gb (0),1,,13,[CUDA memset]
4146764502,3008,255477,,,,,,,,,,0.031,10404.230,Pinned,Device,NVIDIA A100-SXM4-40GB MIG 4g.20gb (0),1,,13,[CUDA memcpy Host-to-Device]
4146770134,9568,255478,,,,,,,,,,0.197,20548.485,Pinned,Device,NVIDIA A100-SXM4-40GB MIG 4g.20gb (0),1,,13,[CUDA memcpy Host-to-Device]
4146785685,7520,255479,273,1,1,8,4,1,39,0.002,0.000,,,,,NVIDIA A100-SXM4-40GB MIG 4g.20gb (0),1,,13,"void channel_eq::eqMmseCoefCompLowMimoKernel<float, float, float, (unsigned int)4, (unsigned int)1, (unsigned int)4>(const channel_eq::_puschRxChEqStatDescr *, channel_eq::_puschRxChEqCoefCompDynDescr)"
4146794517,5792,255480,273,1,1,12,11,1,51,0.002,0.000,,,,,NVIDIA A100-SXM4-40GB MIG 4g.20gb (0),1,,13,"void channel_eq::eqMmseSoftDemapKernel<float, __half, __half, float, (unsigned int)4, (unsigned short)16383>(channel_eq::_puschRxChEqStatDescr *, channel_eq::_puschRxChEqSoftDemapDynDescr)"
4146801909,282397,255481,1,1,1,32,32,1,30,0.000,0.000,,,,,NVIDIA A100-SXM4-40GB MIG 4g.20gb (0),1,,13,"void convert_kernel<float2, __half2>(tensor_layout_any, T1 *, tensor_layout_any, const T2 *)"
4147086002,10944,255493,2253,1,1,128,1,1,16,0.000,0.000,,,,,NVIDIA A100-SXM4-40GB MIG 4g.20gb (0),1,,13,cupy_copy__float16_float16
4147099122,3200,255502,282,1,1,128,1,1,16,0.000,0.000,,,,,NVIDIA A100-SXM4-40GB MIG 4g.20gb (0),1,,13,cupy_copy__complex64_complex64
4147106098,2175,255511,26,1,1,128,1,1,16,0.000,0.000,,,,,NVIDIA A100-SXM4-40GB MIG 4g.20gb (0),1,,13,cupy_copy__float32_float32
4147111025,4576,255520,103,1,1,128,1,1,16,0.000,0.000,,,,,NVIDIA A100-SXM4-40GB MIG 4g.20gb (0),1,,13,cupy_copy__complex64_complex64
4147118993,11936,255530,1434,1,1,128,1,1,16,0.000,0.000,,,,,NVIDIA A100-SXM4-40GB MIG 4g.20gb (0),1,,13,cupy_copy__complex64_complex64
4147140785,87071,255535,1,1,1,32,32,1,30,0.000,0.000,,,,,NVIDIA A100-SXM4-40GB MIG 4g.20gb (0),1,,13,"void convert_kernel<__half2, float2>(tensor_layout_any, T1 *, tensor_layout_any, const T2 *)"
4147254672,5568,255538,,,,,,,,,,0.094,16827.521,Pinned,Device,NVIDIA A100-SXM4-40GB MIG 4g.20gb (0),1,,13,[CUDA memcpy Host-to-Device]
4147264688,595896,255539,,,,,,,,,,456.561,766110.096,Device,,NVIDIA A100-SXM4-40GB MIG 4g.20gb (0),1,,13,[CUDA memset]
4147868552,167390,255544,,,,,,,,,,1.235,7377.555,Pinned,Device,NVIDIA A100-SXM4-40GB MIG 4g.20gb (0),1,,13,[CUDA memcpy Host-to-Device]
4148050054,39295,255545,,,,,,,,,,0.197,5003.280,Pinned,Device,NVIDIA A100-SXM4-40GB MIG 4g.20gb (0),1,,13,[CUDA memcpy Host-to-Device]
4148119557,8576,255546,69,4,1,48,1,1,76,0.002,0.000,,,,,NVIDIA A100-SXM4-40GB MIG 4g.20gb (0),1,,13,"void ch_est::windowedChEstPreNoDftSOfdmKernel<float, __half, float, (unsigned int)2, (unsigned int)1, (unsigned short)4>(ch_est::puschRxChEstStatDescr_t *, ch_est::puschRxChEstDynDescr_t *)"
4148138565,6720,255547,137,2,1,24,2,1,44,0.001,0.001,,,,,NVIDIA A100-SXM4-40GB MIG 4g.20gb (0),1,,13,"void ch_est::chEstFilterNoDftSOfdmDispatchKernel<float, __half, float, (unsigned int)2>(ch_est::puschRxChEstStatDescr_t *, ch_est::puschRxChEstDynDescr_t *)"
4148155365,4736,255548,137,2,1,24,2,1,44,0.001,0.001,,,,,NVIDIA A100-SXM4-40GB MIG 4g.20gb (0),1,,13,"void ch_est::chEstFilterNoDftSOfdmDispatchKernel<float, __half, float, (unsigned int)2>(ch_est::puschRxChEstStatDescr_t *, ch_est::puschRxChEstDynDescr_t *)"
4148172964,2624,255559,103,1,1,128,1,1,16,0.000,0.000,,,,,NVIDIA A100-SXM4-40GB MIG 4g.20gb (0),1,,13,cupy_copy__complex64_complex64
4148189540,12384,255569,1434,1,1,128,1,1,16,0.000,0.000,,,,,NVIDIA A100-SXM4-40GB MIG 4g.20gb (0),1,,13,cupy_copy__complex64_complex64
4148210948,2912,255576,103,1,1,128,1,1,16,0.000,0.000,,,,,NVIDIA A100-SXM4-40GB MIG 4g.20gb (0),1,,13,cupy_copy__complex64_complex64
4148234596,85055,255583,1,1,1,32,32,1,30,0.000,0.000,,,,,NVIDIA A100-SXM4-40GB MIG 4g.20gb (0),1,,13,"void convert_kernel<__half2, float2>(tensor_layout_any, T1 *, tensor_layout_any, const T2 *)"
4148351298,26368,255586,,,,,,,,,,0.094,3553.327,Pinned,Device,NVIDIA A100-SXM4-40GB MIG 4g.20gb (0),1,,13,[CUDA memcpy Host-to-Device]
4148408001,47520,255587,,,,,,,,,,35.810,753548.147,Device,,NVIDIA A100-SXM4-40GB MIG 4g.20gb (0),1,,13,[CUDA memset]
4148458017,17280,255589,,,,,,,,,,0.000,4.630,Pinned,Device,NVIDIA A100-SXM4-40GB MIG 4g.20gb (0),1,,13,[CUDA memcpy Host-to-Device]
4148483681,27103,255590,,,,,,,,,,0.197,7254.049,Pinned,Device,NVIDIA A100-SXM4-40GB MIG 4g.20gb (0),1,,13,[CUDA memcpy Host-to-Device]
4148533248,9184,255591,273,1,1,48,1,1,40,0.000,0.001,,,,,NVIDIA A100-SXM4-40GB MIG 4g.20gb (0),1,,13,"void pusch_noise_intf_est::noiseIntfEstNoDftSOfdmKernel<float, __half, float, float, (unsigned int)2, (unsigned int)1, (unsigned char)4, (unsigned char)4>(pusch_noise_intf_est::puschRxNoiseIntfEstDynDescr)"
4148548608,2752,255602,35,1,1,128,1,1,16,0.000,0.000,,,,,NVIDIA A100-SXM4-40GB MIG 4g.20gb (0),1,,13,cupy_copy__complex64_complex64
4148562816,1696,255611,1,1,1,1,1,1,18,0.000,0.000,,,,,NVIDIA A100-SXM4-40GB MIG 4g.20gb (0),1,,13,cupy_copy__float32_float32
4148568959,6880,255617,,,,,,,,,,0.000,0.581,Device,Pageable,NVIDIA A100-SXM4-40GB MIG 4g.20gb (0),1,,7,[CUDA memcpy Device-to-Host]
4148643871,13183,255628,1434,1,1,128,1,1,16,0.000,0.000,,,,,NVIDIA A100-SXM4-40GB MIG 4g.20gb (0),1,,13,cupy_copy__complex64_complex64
4148672830,3520,255635,103,1,1,128,1,1,16,0.000,0.000,,,,,NVIDIA A100-SXM4-40GB MIG 4g.20gb (0),1,,13,cupy_copy__complex64_complex64
4148691806,2432,255642,35,1,1,128,1,1,16,0.000,0.000,,,,,NVIDIA A100-SXM4-40GB MIG 4g.20gb (0),1,,13,cupy_copy__complex64_complex64
4148709918,1760,255649,1,1,1,1,1,1,18,0.000,0.000,,,,,NVIDIA A100-SXM4-40GB MIG 4g.20gb (0),1,,13,cupy_copy__float32_float32
4148842172,82015,255660,1,1,1,32,32,1,30,0.000,0.000,,,,,NVIDIA A100-SXM4-40GB MIG 4g.20gb (0),1,,13,"void convert_kernel<__half2, float2>(tensor_layout_any, T1 *, tensor_layout_any, const T2 *)"
4148951643,5536,255663,,,,,,,,,,0.094,16924.777,Pinned,Device,NVIDIA A100-SXM4-40GB MIG 4g.20gb (0),1,,13,[CUDA memcpy Host-to-Device]
4148966875,3424,255664,,,,,,,,,,1.547,451700.819,Device,,NVIDIA A100-SXM4-40GB MIG 4g.20gb (0),1,,13,[CUDA memset]
4148973146,3040,255669,,,,,,,,,,0.031,10294.725,Pinned,Device,NVIDIA A100-SXM4-40GB MIG 4g.20gb (0),1,,13,[CUDA memcpy Host-to-Device]
4148978362,10176,255670,,,,,,,,,,0.197,19320.668,Pinned,Device,NVIDIA A100-SXM4-40GB MIG 4g.20gb (0),1,,13,[CUDA memcpy Host-to-Device]
4148993178,6368,255671,273,1,1,8,4,1,39,0.002,0.000,,,,,NVIDIA A100-SXM4-40GB MIG 4g.20gb (0),1,,13,"void channel_eq::eqMmseCoefCompLowMimoKernel<float, float, float, (unsigned int)4, (unsigned int)1, (unsigned int)4>(const channel_eq::_puschRxChEqStatDescr *, channel_eq::_puschRxChEqCoefCompDynDescr)"
4149002970,5696,255672,273,1,1,12,11,1,51,0.002,0.000,,,,,NVIDIA A100-SXM4-40GB MIG 4g.20gb (0),1,,13,"void channel_eq::eqMmseSoftDemapKernel<float, __half, __half, float, (unsigned int)4, (unsigned short)16383>(channel_eq::_puschRxChEqStatDescr *, channel_eq::_puschRxChEqSoftDemapDynDescr)"
4149012154,282525,255673,1,1,1,32,32,1,30,0.000,0.000,,,,,NVIDIA A100-SXM4-40GB MIG 4g.20gb (0),1,,13,"void convert_kernel<float2, __half2>(tensor_layout_any, T1 *, tensor_layout_any, const T2 *)"
4149298742,11072,255685,2253,1,1,128,1,1,16,0.000,0.000,,,,,NVIDIA A100-SXM4-40GB MIG 4g.20gb (0),1,,13,cupy_copy__float16_float16
4149311638,3648,255694,282,1,1,128,1,1,16,0.000,0.000,,,,,NVIDIA A100-SXM4-40GB MIG 4g.20gb (0),1,,13,cupy_copy__complex64_complex64
4149318710,3424,255703,26,1,1,128,1,1,16,0.000,0.000,,,,,NVIDIA A100-SXM4-40GB MIG 4g.20gb (0),1,,13,cupy_copy__float32_float32
4149324534,4160,255712,103,1,1,128,1,1,16,0.000,0.000,,,,,NVIDIA A100-SXM4-40GB MIG 4g.20gb (0),1,,13,cupy_copy__complex64_complex64
4149331382,12064,255722,1434,1,1,128,1,1,16,0.000,0.000,,,,,NVIDIA A100-SXM4-40GB MIG 4g.20gb (0),1,,13,cupy_copy__complex64_complex64
4149347222,84831,255727,1,1,1,32,32,1,30,0.000,0.000,,,,,NVIDIA A100-SXM4-40GB MIG 4g.20gb (0),1,,13,"void convert_kernel<__half2, float2>(tensor_layout_any, T1 *, tensor_layout_any, const T2 *)"
4149459701,5663,255730,,,,,,,,,,0.094,16545.214,Pinned,Device,NVIDIA A100-SXM4-40GB MIG 4g.20gb (0),1,,13,[CUDA memcpy Host-to-Device]
4149469076,598009,255731,,,,,,,,,,456.561,763370.728,Device,,NVIDIA A100-SXM4-40GB MIG 4g.20gb (0),1,,13,[CUDA memset]
4150072877,170686,255736,,,,,,,,,,1.235,7234.302,Pinned,Device,NVIDIA A100-SXM4-40GB MIG 4g.20gb (0),1,,13,[CUDA memcpy Host-to-Device]
4150255275,39647,255737,,,,,,,,,,0.197,4958.847,Pinned,Device,NVIDIA A100-SXM4-40GB MIG 4g.20gb (0),1,,13,[CUDA memcpy Host-to-Device]
4150327050,8480,255738,69,4,1,48,1,1,76,0.002,0.000,,,,,NVIDIA A100-SXM4-40GB MIG 4g.20gb (0),1,,13,"void ch_est::windowedChEstPreNoDftSOfdmKernel<float, __half, float, (unsigned int)2, (unsigned int)1, (unsigned short)4>(ch_est::puschRxChEstStatDescr_t *, ch_est::puschRxChEstDynDescr_t *)"
4150344650,6944,255739,137,2,1,24,2,1,44,0.001,0.001,,,,,NVIDIA A100-SXM4-40GB MIG 4g.20gb (0),1,,13,"void ch_est::chEstFilterNoDftSOfdmDispatchKernel<float, __half, float, (unsigned int)2>(ch_est::puschRxChEstStatDescr_t *, ch_est::puschRxChEstDynDescr_t *)"
4150364617,4736,255740,137,2,1,24,2,1,44,0.001,0.001,,,,,NVIDIA A100-SXM4-40GB MIG 4g.20gb (0),1,,13,"void ch_est::chEstFilterNoDftSOfdmDispatchKernel<float, __half, float, (unsigned int)2>(ch_est::puschRxChEstStatDescr_t *, ch_est::puschRxChEstDynDescr_t *)"
4150381577,2752,255751,103,1,1,128,1,1,16,0.000,0.000,,,,,NVIDIA A100-SXM4-40GB MIG 4g.20gb (0),1,,13,cupy_copy__complex64_complex64
4150398793,12512,255761,1434,1,1,128,1,1,16,0.000,0.000,,,,,NVIDIA A100-SXM4-40GB MIG 4g.20gb (0),1,,13,cupy_copy__complex64_complex64
4150417385,2880,255768,103,1,1,128,1,1,16,0.000,0.000,,,,,NVIDIA A100-SXM4-40GB MIG 4g.20gb (0),1,,13,cupy_copy__complex64_complex64
4150437096,90591,255775,1,1,1,32,32,1,30,0.000,0.000,,,,,NVIDIA A100-SXM4-40GB MIG 4g.20gb (0),1,,13,"void convert_kernel<__half2, float2>(tensor_layout_any, T1 *, tensor_layout_any, const T2 *)"
4150561223,27744,255778,,,,,,,,,,0.094,3377.085,Pinned,Device,NVIDIA A100-SXM4-40GB MIG 4g.20gb (0),1,,13,[CUDA memcpy Host-to-Device]
4150611046,46880,255779,,,,,,,,,,35.810,763861.404,Device,,NVIDIA A100-SXM4-40GB MIG 4g.20gb (0),1,,13,[CUDA memset]
4150663718,14879,255781,,,,,,,,,,0.000,5.377,Pinned,Device,NVIDIA A100-SXM4-40GB MIG 4g.20gb (0),1,,13,[CUDA memcpy Host-to-Device]
4150688869,29920,255782,,,,,,,,,,0.197,6571.033,Pinned,Device,NVIDIA A100-SXM4-40GB MIG 4g.20gb (0),1,,13,[CUDA memcpy Host-to-Device]
4150737317,10208,255783,273,1,1,48,1,1,40,0.000,0.001,,,,,NVIDIA A100-SXM4-40GB MIG 4g.20gb (0),1,,13,"void pusch_noise_intf_est::noiseIntfEstNoDftSOfdmKernel<float, __half, float, float, (unsigned int)2, (unsigned int)1, (unsigned char)4, (unsigned char)4>(pusch_noise_intf_est::puschRxNoiseIntfEstDynDescr)"
4150753637,2816,255794,35,1,1,128,1,1,16,0.000,0.000,,,,,NVIDIA A100-SXM4-40GB MIG 4g.20gb (0),1,,13,cupy_copy__complex64_complex64
4150770724,1696,255803,1,1,1,1,1,1,18,0.000,0.000,,,,,NVIDIA A100-SXM4-40GB MIG 4g.20gb (0),1,,13,cupy_copy__float32_float32
4150776676,5568,255809,,,,,,,,,,0.000,0.718,Device,Pageable,NVIDIA A100-SXM4-40GB MIG 4g.20gb (0),1,,7,[CUDA memcpy Device-to-Host]
4150876739,12576,255820,1434,1,1,128,1,1,16,0.000,0.000,,,,,NVIDIA A100-SXM4-40GB MIG 4g.20gb (0),1,,13,cupy_copy__complex64_complex64
4150914371,3040,255827,103,1,1,128,1,1,16,0.000,0.000,,,,,NVIDIA A100-SXM4-40GB MIG 4g.20gb (0),1,,13,cupy_copy__complex64_complex64
4150933154,2176,255834,35,1,1,128,1,1,16,0.000,0.000,,,,,NVIDIA A100-SXM4-40GB MIG 4g.20gb (0),1,,13,cupy_copy__complex64_complex64
4150936834,1728,255841,1,1,1,1,1,1,18,0.000,0.000,,,,,NVIDIA A100-SXM4-40GB MIG 4g.20gb (0),1,,13,cupy_copy__float32_float32
4151075105,87103,255852,1,1,1,32,32,1,30,0.000,0.000,,,,,NVIDIA A100-SXM4-40GB MIG 4g.20gb (0),1,,13,"void convert_kernel<__half2, float2>(tensor_layout_any, T1 *, tensor_layout_any, const T2 *)"
4151191327,6304,255855,,,,,,,,,,0.094,14862.903,Pinned,Device,NVIDIA A100-SXM4-40GB MIG 4g.20gb (0),1,,13,[CUDA memcpy Host-to-Device]
4151206815,3456,255856,,,,,,,,,,1.547,447517.201,Device,,NVIDIA A100-SXM4-40GB MIG 4g.20gb (0),1,,13,[CUDA memset]
4151211743,3360,255861,,,,,,,,,,0.031,9314.284,Pinned,Device,NVIDIA A100-SXM4-40GB MIG 4g.20gb (0),1,,13,[CUDA memcpy Host-to-Device]
4151217695,10496,255862,,,,,,,,,,0.197,18731.631,Pinned,Device,NVIDIA A100-SXM4-40GB MIG 4g.20gb (0),1,,13,[CUDA memcpy Host-to-Device]
4151235135,6688,255863,273,1,1,8,4,1,39,0.002,0.000,,,,,NVIDIA A100-SXM4-40GB MIG 4g.20gb (0),1,,13,"void channel_eq::eqMmseCoefCompLowMimoKernel<float, float, float, (unsigned int)4, (unsigned int)1, (unsigned int)4>(const channel_eq::_puschRxChEqStatDescr *, channel_eq::_puschRxChEqCoefCompDynDescr)"
4151246398,6144,255864,273,1,1,12,11,1,51,0.002,0.000,,,,,NVIDIA A100-SXM4-40GB MIG 4g.20gb (0),1,,13,"void channel_eq::eqMmseSoftDemapKernel<float, __half, __half, float, (unsigned int)4, (unsigned short)16383>(channel_eq::_puschRxChEqStatDescr *, channel_eq::_puschRxChEqSoftDemapDynDescr)"
4151254686,282141,255865,1,1,1,32,32,1,30,0.000,0.000,,,,,NVIDIA A100-SXM4-40GB MIG 4g.20gb (0),1,,13,"void convert_kernel<float2, __half2>(tensor_layout_any, T1 *, tensor_layout_any, const T2 *)"
4151537851,10944,255877,2253,1,1,128,1,1,16,0.000,0.000,,,,,NVIDIA A100-SXM4-40GB MIG 4g.20gb (0),1,,13,cupy_copy__float16_float16
4151553435,3552,255886,282,1,1,128,1,1,16,0.000,0.000,,,,,NVIDIA A100-SXM4-40GB MIG 4g.20gb (0),1,,13,cupy_copy__complex64_complex64
4151558075,2144,255895,26,1,1,128,1,1,16,0.000,0.000,,,,,NVIDIA A100-SXM4-40GB MIG 4g.20gb (0),1,,13,cupy_copy__float32_float32
4151561819,2976,255904,103,1,1,128,1,1,16,0.000,0.000,,,,,NVIDIA A100-SXM4-40GB MIG 4g.20gb (0),1,,13,cupy_copy__complex64_complex64
4151618522,12448,255920,1434,1,1,128,1,1,16,0.000,0.000,,,,,NVIDIA A100-SXM4-40GB MIG 4g.20gb (0),1,,13,cupy_copy__complex64_complex64
4151731289,81951,255925,1,1,1,32,32,1,30,0.000,0.000,,,,,NVIDIA A100-SXM4-40GB MIG 4g.20gb (0),1,,13,"void convert_kernel<__half2, float2>(tensor_layout_any, T1 *, tensor_layout_any, const T2 *)"
4151840503,5760,255928,,,,,,,,,,0.094,16266.656,Pinned,Device,NVIDIA A100-SXM4-40GB MIG 4g.20gb (0),1,,13,[CUDA memcpy Host-to-Device]
4151850551,600921,255929,,,,,,,,,,456.561,759718.236,Device,,NVIDIA A100-SXM4-40GB MIG 4g.20gb (0),1,,13,[CUDA memset]
4152452464,85151,255934,,,,,,,,,,1.235,14501.947,Pinned,Device,NVIDIA A100-SXM4-40GB MIG 4g.20gb (0),1,,13,[CUDA memcpy Host-to-Device]
4152542063,11903,255935,,,,,,,,,,0.197,16517.431,Pinned,Device,NVIDIA A100-SXM4-40GB MIG 4g.20gb (0),1,,13,[CUDA memcpy Host-to-Device]
4152558798,8736,255936,69,4,1,48,1,1,76,0.002,0.000,,,,,NVIDIA A100-SXM4-40GB MIG 4g.20gb (0),1,,13,"void ch_est::windowedChEstPreNoDftSOfdmKernel<float, __half, float, (unsigned int)2, (unsigned int)1, (unsigned short)4>(ch_est::puschRxChEstStatDescr_t *, ch_est::puschRxChEstDynDescr_t *)"
4152569166,5984,255937,137,2,1,24,2,1,44,0.001,0.001,,,,,NVIDIA A100-SXM4-40GB MIG 4g.20gb (0),1,,13,"void ch_est::chEstFilterNoDftSOfdmDispatchKernel<float, __half, float, (unsigned int)2>(ch_est::puschRxChEstStatDescr_t *, ch_est::puschRxChEstDynDescr_t *)"
4152576494,5024,255938,137,2,1,24,2,1,44,0.001,0.001,,,,,NVIDIA A100-SXM4-40GB MIG 4g.20gb (0),1,,13,"void ch_est::chEstFilterNoDftSOfdmDispatchKernel<float, __half, float, (unsigned int)2>(ch_est::puschRxChEstStatDescr_t *, ch_est::puschRxChEstDynDescr_t *)"
4152584526,2432,255949,103,1,1,128,1,1,16,0.000,0.000,,,,,NVIDIA A100-SXM4-40GB MIG 4g.20gb (0),1,,13,cupy_copy__complex64_complex64
4152588302,13216,255959,1434,1,1,128,1,1,16,0.000,0.000,,,,,NVIDIA A100-SXM4-40GB MIG 4g.20gb (0),1,,13,cupy_copy__complex64_complex64
4152604910,3136,255966,103,1,1,128,1,1,16,0.000,0.000,,,,,NVIDIA A100-SXM4-40GB MIG 4g.20gb (0),1,,13,cupy_copy__complex64_complex64
4152610158,87423,255973,1,1,1,32,32,1,30,0.000,0.000,,,,,NVIDIA A100-SXM4-40GB MIG 4g.20gb (0),1,,13,"void convert_kernel<__half2, float2>(tensor_layout_any, T1 *, tensor_layout_any, const T2 *)"
4152724268,6208,255976,,,,,,,,,,0.094,15092.739,Pinned,Device,NVIDIA A100-SXM4-40GB MIG 4g.20gb (0),1,,13,[CUDA memcpy Host-to-Device]
4152737644,47264,255977,,,,,,,,,,35.810,757630.477,Device,,NVIDIA A100-SXM4-40GB MIG 4g.20gb (0),1,,13,[CUDA memset]
4152790539,3264,255979,,,,,,,,,,0.000,24.510,Pinned,Device,NVIDIA A100-SXM4-40GB MIG 4g.20gb (0),1,,13,[CUDA memcpy Host-to-Device]
4152798059,12512,255980,,,,,,,,,,0.197,15713.501,Pinned,Device,NVIDIA A100-SXM4-40GB MIG 4g.20gb (0),1,,13,[CUDA memcpy Host-to-Device]
4152818123,9344,255981,273,1,1,48,1,1,40,0.000,0.001,,,,,NVIDIA A100-SXM4-40GB MIG 4g.20gb (0),1,,13,"void pusch_noise_intf_est::noiseIntfEstNoDftSOfdmKernel<float, __half, float, float, (unsigned int)2, (unsigned int)1, (unsigned char)4, (unsigned char)4>(pusch_noise_intf_est::puschRxNoiseIntfEstDynDescr)"
4152832107,2880,255992,35,1,1,128,1,1,16,0.000,0.000,,,,,NVIDIA A100-SXM4-40GB MIG 4g.20gb (0),1,,13,cupy_copy__complex64_complex64
4152848875,1760,256001,1,1,1,1,1,1,18,0.000,0.000,,,,,NVIDIA A100-SXM4-40GB MIG 4g.20gb (0),1,,13,cupy_copy__float32_float32
4152880106,1792,256007,,,,,,,,,,0.000,2.232,Device,Pageable,NVIDIA A100-SXM4-40GB MIG 4g.20gb (0),1,,7,[CUDA memcpy Device-to-Host]
4152940682,13055,256018,1434,1,1,128,1,1,16,0.000,0.000,,,,,NVIDIA A100-SXM4-40GB MIG 4g.20gb (0),1,,13,cupy_copy__complex64_complex64
4152966633,2880,256025,103,1,1,128,1,1,16,0.000,0.000,,,,,NVIDIA A100-SXM4-40GB MIG 4g.20gb (0),1,,13,cupy_copy__complex64_complex64
4152987785,2176,256032,35,1,1,128,1,1,16,0.000,0.000,,,,,NVIDIA A100-SXM4-40GB MIG 4g.20gb (0),1,,13,cupy_copy__complex64_complex64
4153004777,1824,256039,1,1,1,1,1,1,18,0.000,0.000,,,,,NVIDIA A100-SXM4-40GB MIG 4g.20gb (0),1,,13,cupy_copy__float32_float32
4153135783,81727,256050,1,1,1,32,32,1,30,0.000,0.000,,,,,NVIDIA A100-SXM4-40GB MIG 4g.20gb (0),1,,13,"void convert_kernel<__half2, float2>(tensor_layout_any, T1 *, tensor_layout_any, const T2 *)"
4153245190,5408,256053,,,,,,,,,,0.094,17325.421,Pinned,Device,NVIDIA A100-SXM4-40GB MIG 4g.20gb (0),1,,13,[CUDA memcpy Host-to-Device]
4153261094,3456,256054,,,,,,,,,,1.547,447517.201,Device,,NVIDIA A100-SXM4-40GB MIG 4g.20gb (0),1,,13,[CUDA memset]
4153265926,3456,256059,,,,,,,,,,0.031,9055.529,Pinned,Device,NVIDIA A100-SXM4-40GB MIG 4g.20gb (0),1,,13,[CUDA memcpy Host-to-Device]
4153271782,9631,256060,,,,,,,,,,0.197,20414.005,Pinned,Device,NVIDIA A100-SXM4-40GB MIG 4g.20gb (0),1,,13,[CUDA memcpy Host-to-Device]
4153285381,6400,256061,273,1,1,8,4,1,39,0.002,0.000,,,,,NVIDIA A100-SXM4-40GB MIG 4g.20gb (0),1,,13,"void channel_eq::eqMmseCoefCompLowMimoKernel<float, float, float, (unsigned int)4, (unsigned int)1, (unsigned int)4>(const channel_eq::_puschRxChEqStatDescr *, channel_eq::_puschRxChEqCoefCompDynDescr)"
4153293925,5792,256062,273,1,1,12,11,1,51,0.002,0.000,,,,,NVIDIA A100-SXM4-40GB MIG 4g.20gb (0),1,,13,"void channel_eq::eqMmseSoftDemapKernel<float, __half, __half, float, (unsigned int)4, (unsigned short)16383>(channel_eq::_puschRxChEqStatDescr *, channel_eq::_puschRxChEqSoftDemapDynDescr)"
4153300837,294461,256063,1,1,1,32,32,1,30,0.000,0.000,,,,,NVIDIA A100-SXM4-40GB MIG 4g.20gb (0),1,,13,"void convert_kernel<float2, __half2>(tensor_layout_any, T1 *, tensor_layout_any, const T2 *)"
4153598594,10911,256075,2253,1,1,128,1,1,16,0.000,0.000,,,,,NVIDIA A100-SXM4-40GB MIG 4g.20gb (0),1,,13,cupy_copy__float16_float16
4153611073,3136,256084,282,1,1,128,1,1,16,0.000,0.000,,,,,NVIDIA A100-SXM4-40GB MIG 4g.20gb (0),1,,13,cupy_copy__complex64_complex64
4153617729,2112,256093,26,1,1,128,1,1,16,0.000,0.000,,,,,NVIDIA A100-SXM4-40GB MIG 4g.20gb (0),1,,13,cupy_copy__float32_float32
4153622945,3232,256102,103,1,1,128,1,1,16,0.000,0.000,,,,,NVIDIA A100-SXM4-40GB MIG 4g.20gb (0),1,,13,cupy_copy__complex64_complex64
4153628929,12672,256112,1434,1,1,128,1,1,16,0.000,0.000,,,,,NVIDIA A100-SXM4-40GB MIG 4g.20gb (0),1,,13,cupy_copy__complex64_complex64
4153647297,87039,256117,1,1,1,32,32,1,30,0.000,0.000,,,,,NVIDIA A100-SXM4-40GB MIG 4g.20gb (0),1,,13,"void convert_kernel<__half2, float2>(tensor_layout_any, T1 *, tensor_layout_any, const T2 *)"
4153760960,5567,256120,,,,,,,,,,0.094,16830.519,Pinned,Device,NVIDIA A100-SXM4-40GB MIG 4g.20gb (0),1,,13,[CUDA memcpy Host-to-Device]
4153771039,598809,256121,,,,,,,,,,456.561,762001.043,Device,,NVIDIA A100-SXM4-40GB MIG 4g.20gb (0),1,,13,[CUDA memset]
4154375992,170686,256126,,,,,,,,,,1.235,7234.302,Pinned,Device,NVIDIA A100-SXM4-40GB MIG 4g.20gb (0),1,,13,[CUDA memcpy Host-to-Device]
4154559350,42239,256127,,,,,,,,,,0.197,4654.498,Pinned,Device,NVIDIA A100-SXM4-40GB MIG 4g.20gb (0),1,,13,[CUDA memcpy Host-to-Device]
4154623189,8480,256128,69,4,1,48,1,1,76,0.002,0.000,,,,,NVIDIA A100-SXM4-40GB MIG 4g.20gb (0),1,,13,"void ch_est::windowedChEstPreNoDftSOfdmKernel<float, __half, float, (unsigned int)2, (unsigned int)1, (unsigned short)4>(ch_est::puschRxChEstStatDescr_t *, ch_est::puschRxChEstDynDescr_t *)"
4154642357,6400,256129,137,2,1,24,2,1,44,0.001,0.001,,,,,NVIDIA A100-SXM4-40GB MIG 4g.20gb (0),1,,13,"void ch_est::chEstFilterNoDftSOfdmDispatchKernel<float, __half, float, (unsigned int)2>(ch_est::puschRxChEstStatDescr_t *, ch_est::puschRxChEstDynDescr_t *)"
4154657524,4800,256130,137,2,1,24,2,1,44,0.001,0.001,,,,,NVIDIA A100-SXM4-40GB MIG 4g.20gb (0),1,,13,"void ch_est::chEstFilterNoDftSOfdmDispatchKernel<float, __half, float, (unsigned int)2>(ch_est::puschRxChEstStatDescr_t *, ch_est::puschRxChEstDynDescr_t *)"
4154673812,2496,256141,103,1,1,128,1,1,16,0.000,0.000,,,,,NVIDIA A100-SXM4-40GB MIG 4g.20gb (0),1,,13,cupy_copy__complex64_complex64
4154688116,12512,256151,1434,1,1,128,1,1,16,0.000,0.000,,,,,NVIDIA A100-SXM4-40GB MIG 4g.20gb (0),1,,13,cupy_copy__complex64_complex64
4154717524,2720,256158,103,1,1,128,1,1,16,0.000,0.000,,,,,NVIDIA A100-SXM4-40GB MIG 4g.20gb (0),1,,13,cupy_copy__complex64_complex64
4154729588,82207,256165,1,1,1,32,32,1,30,0.000,0.000,,,,,NVIDIA A100-SXM4-40GB MIG 4g.20gb (0),1,,13,"void convert_kernel<__half2, float2>(tensor_layout_any, T1 *, tensor_layout_any, const T2 *)"
4154848338,5440,256168,,,,,,,,,,0.094,17223.480,Pinned,Device,NVIDIA A100-SXM4-40GB MIG 4g.20gb (0),1,,13,[CUDA memcpy Host-to-Device]
4154862770,46559,256169,,,,,,,,,,35.810,769125.462,Device,,NVIDIA A100-SXM4-40GB MIG 4g.20gb (0),1,,13,[CUDA memset]
4154914353,3872,256171,,,,,,,,,,0.000,20.661,Pinned,Device,NVIDIA A100-SXM4-40GB MIG 4g.20gb (0),1,,13,[CUDA memcpy Host-to-Device]
4154922289,11968,256172,,,,,,,,,,0.197,16427.778,Pinned,Device,NVIDIA A100-SXM4-40GB MIG 4g.20gb (0),1,,13,[CUDA memcpy Host-to-Device]
4154943153,10400,256173,273,1,1,48,1,1,40,0.000,0.001,,,,,NVIDIA A100-SXM4-40GB MIG 4g.20gb (0),1,,13,"void pusch_noise_intf_est::noiseIntfEstNoDftSOfdmKernel<float, __half, float, float, (unsigned int)2, (unsigned int)1, (unsigned char)4, (unsigned char)4>(pusch_noise_intf_est::puschRxNoiseIntfEstDynDescr)"
4154959537,3072,256184,35,1,1,128,1,1,16,0.000,0.000,,,,,NVIDIA A100-SXM4-40GB MIG 4g.20gb (0),1,,13,cupy_copy__complex64_complex64
4154972849,1792,256193,1,1,1,1,1,1,18,0.000,0.000,,,,,NVIDIA A100-SXM4-40GB MIG 4g.20gb (0),1,,13,cupy_copy__float32_float32
4155002864,1696,256199,,,,,,,,,,0.000,2.358,Device,Pageable,NVIDIA A100-SXM4-40GB MIG 4g.20gb (0),1,,7,[CUDA memcpy Device-to-Host]
4155062863,13152,256210,1434,1,1,128,1,1,16,0.000,0.000,,,,,NVIDIA A100-SXM4-40GB MIG 4g.20gb (0),1,,13,cupy_copy__complex64_complex64
4155089647,2816,256217,103,1,1,128,1,1,16,0.000,0.000,,,,,NVIDIA A100-SXM4-40GB MIG 4g.20gb (0),1,,13,cupy_copy__complex64_complex64
4155110863,2656,256224,35,1,1,128,1,1,16,0.000,0.000,,,,,NVIDIA A100-SXM4-40GB MIG 4g.20gb (0),1,,13,cupy_copy__complex64_complex64
4155128655,1792,256231,1,1,1,1,1,1,18,0.000,0.000,,,,,NVIDIA A100-SXM4-40GB MIG 4g.20gb (0),1,,13,cupy_copy__float32_float32
4155260141,82239,256242,1,1,1,32,32,1,30,0.000,0.000,,,,,NVIDIA A100-SXM4-40GB MIG 4g.20gb (0),1,,13,"void convert_kernel<__half2, float2>(tensor_layout_any, T1 *, tensor_layout_any, const T2 *)"
4155369836,5536,256245,,,,,,,,,,0.094,16924.777,Pinned,Device,NVIDIA A100-SXM4-40GB MIG 4g.20gb (0),1,,13,[CUDA memcpy Host-to-Device]
4155383628,3231,256246,,,,,,,,,,1.547,478681.675,Device,,NVIDIA A100-SXM4-40GB MIG 4g.20gb (0),1,,13,[CUDA memset]
4155390635,3296,256251,,,,,,,,,,0.031,9495.144,Pinned,Device,NVIDIA A100-SXM4-40GB MIG 4g.20gb (0),1,,13,[CUDA memcpy Host-to-Device]
4155396619,9792,256252,,,,,,,,,,0.197,20078.395,Pinned,Device,NVIDIA A100-SXM4-40GB MIG 4g.20gb (0),1,,13,[CUDA memcpy Host-to-Device]
4155411563,6304,256253,273,1,1,8,4,1,39,0.002,0.000,,,,,NVIDIA A100-SXM4-40GB MIG 4g.20gb (0),1,,13,"void channel_eq::eqMmseCoefCompLowMimoKernel<float, float, float, (unsigned int)4, (unsigned int)1, (unsigned int)4>(const channel_eq::_puschRxChEqStatDescr *, channel_eq::_puschRxChEqCoefCompDynDescr)"
4155418955,7904,256254,273,1,1,12,11,1,51,0.002,0.000,,,,,NVIDIA A100-SXM4-40GB MIG 4g.20gb (0),1,,13,"void channel_eq::eqMmseSoftDemapKernel<float, __half, __half, float, (unsigned int)4, (unsigned short)16383>(channel_eq::_puschRxChEqStatDescr *, channel_eq::_puschRxChEqSoftDemapDynDescr)"
4155429227,294396,256255,1,1,1,32,32,1,30,0.000,0.000,,,,,NVIDIA A100-SXM4-40GB MIG 4g.20gb (0),1,,13,"void convert_kernel<float2, __half2>(tensor_layout_any, T1 *, tensor_layout_any, const T2 *)"
4155724743,10976,256267,2253,1,1,128,1,1,16,0.000,0.000,,,,,NVIDIA A100-SXM4-40GB MIG 4g.20gb (0),1,,13,cupy_copy__float16_float16
4155739911,3904,256276,282,1,1,128,1,1,16,0.000,0.000,,,,,NVIDIA A100-SXM4-40GB MIG 4g.20gb (0),1,,13,cupy_copy__complex64_complex64
4155744967,2304,256285,26,1,1,128,1,1,16,0.000,0.000,,,,,NVIDIA A100-SXM4-40GB MIG 4g.20gb (0),1,,13,cupy_copy__float32_float32
4155750791,4512,256294,103,1,1,128,1,1,16,0.000,0.000,,,,,NVIDIA A100-SXM4-40GB MIG 4g.20gb (0),1,,13,cupy_copy__complex64_complex64
4155758279,12288,256304,1434,1,1,128,1,1,16,0.000,0.000,,,,,NVIDIA A100-SXM4-40GB MIG 4g.20gb (0),1,,13,cupy_copy__complex64_complex64
4155775655,82431,256309,1,1,1,32,32,1,30,0.000,0.000,,,,,NVIDIA A100-SXM4-40GB MIG 4g.20gb (0),1,,13,"void convert_kernel<__half2, float2>(tensor_layout_any, T1 *, tensor_layout_any, const T2 *)"
4155886085,5408,256312,,,,,,,,,,0.094,17325.421,Pinned,Device,NVIDIA A100-SXM4-40GB MIG 4g.20gb (0),1,,13,[CUDA memcpy Host-to-Device]
4155896677,597753,256313,,,,,,,,,,456.561,763370.728,Device,,NVIDIA A100-SXM4-40GB MIG 4g.20gb (0),1,,13,[CUDA memset]
4156498750,163422,256318,,,,,,,,,,1.235,7556.622,Pinned,Device,NVIDIA A100-SXM4-40GB MIG 4g.20gb (0),1,,13,[CUDA memcpy Host-to-Device]
4156674268,41151,256319,,,,,,,,,,0.197,4777.574,Pinned,Device,NVIDIA A100-SXM4-40GB MIG 4g.20gb (0),1,,13,[CUDA memcpy Host-to-Device]
4156733211,8032,256320,69,4,1,48,1,1,76,0.002,0.000,,,,,NVIDIA A100-SXM4-40GB MIG 4g.20gb (0),1,,13,"void ch_est::windowedChEstPreNoDftSOfdmKernel<float, __half, float, (unsigned int)2, (unsigned int)1, (unsigned short)4>(ch_est::puschRxChEstStatDescr_t *, ch_est::puschRxChEstDynDescr_t *)"
4156752315,6816,256321,137,2,1,24,2,1,44,0.001,0.001,,,,,NVIDIA A100-SXM4-40GB MIG 4g.20gb (0),1,,13,"void ch_est::chEstFilterNoDftSOfdmDispatchKernel<float, __half, float, (unsigned int)2>(ch_est::puschRxChEstStatDescr_t *, ch_est::puschRxChEstDynDescr_t *)"
4156769434,4800,256322,137,2,1,24,2,1,44,0.001,0.001,,,,,NVIDIA A100-SXM4-40GB MIG 4g.20gb (0),1,,13,"void ch_est::chEstFilterNoDftSOfdmDispatchKernel<float, __half, float, (unsigned int)2>(ch_est::puschRxChEstStatDescr_t *, ch_est::puschRxChEstDynDescr_t *)"
4156786330,2624,256333,103,1,1,128,1,1,16,0.000,0.000,,,,,NVIDIA A100-SXM4-40GB MIG 4g.20gb (0),1,,13,cupy_copy__complex64_complex64
4156803226,12672,256343,1434,1,1,128,1,1,16,0.000,0.000,,,,,NVIDIA A100-SXM4-40GB MIG 4g.20gb (0),1,,13,cupy_copy__complex64_complex64
4156828154,2528,256350,103,1,1,128,1,1,16,0.000,0.000,,,,,NVIDIA A100-SXM4-40GB MIG 4g.20gb (0),1,,13,cupy_copy__complex64_complex64
4156851609,91903,256357,1,1,1,32,32,1,30,0.000,0.000,,,,,NVIDIA A100-SXM4-40GB MIG 4g.20gb (0),1,,13,"void convert_kernel<__half2, float2>(tensor_layout_any, T1 *, tensor_layout_any, const T2 *)"
4156974072,16896,256360,,,,,,,,,,0.094,5545.398,Pinned,Device,NVIDIA A100-SXM4-40GB MIG 4g.20gb (0),1,,13,[CUDA memcpy Host-to-Device]
4156999192,46591,256361,,,,,,,,,,35.810,768588.313,Device,,NVIDIA A100-SXM4-40GB MIG 4g.20gb (0),1,,13,[CUDA memset]
4157052471,9472,256363,,,,,,,,,,0.000,8.446,Pinned,Device,NVIDIA A100-SXM4-40GB MIG 4g.20gb (0),1,,13,[CUDA memcpy Host-to-Device]
4157064695,17440,256364,,,,,,,,,,0.197,11273.306,Pinned,Device,NVIDIA A100-SXM4-40GB MIG 4g.20gb (0),1,,13,[CUDA memcpy Host-to-Device]
4157092310,12640,256365,273,1,1,48,1,1,40,0.000,0.001,,,,,NVIDIA A100-SXM4-40GB MIG 4g.20gb (0),1,,13,"void pusch_noise_intf_est::noiseIntfEstNoDftSOfdmKernel<float, __half, float, float, (unsigned int)2, (unsigned int)1, (unsigned char)4, (unsigned char)4>(pusch_noise_intf_est::puschRxNoiseIntfEstDynDescr)"
4157108534,3264,256376,35,1,1,128,1,1,16,0.000,0.000,,,,,NVIDIA A100-SXM4-40GB MIG 4g.20gb (0),1,,13,cupy_copy__complex64_complex64
4157115958,1888,256385,1,1,1,1,1,1,18,0.000,0.000,,,,,NVIDIA A100-SXM4-40GB MIG 4g.20gb (0),1,,13,cupy_copy__float32_float32
4157127606,1760,256391,,,,,,,,,,0.000,2.273,Device,Pageable,NVIDIA A100-SXM4-40GB MIG 4g.20gb (0),1,,7,[CUDA memcpy Device-to-Host]
4157198293,12736,256402,1434,1,1,128,1,1,16,0.000,0.000,,,,,NVIDIA A100-SXM4-40GB MIG 4g.20gb (0),1,,13,cupy_copy__complex64_complex64
4157223605,3296,256409,103,1,1,128,1,1,16,0.000,0.000,,,,,NVIDIA A100-SXM4-40GB MIG 4g.20gb (0),1,,13,cupy_copy__complex64_complex64
4157245781,2816,256416,35,1,1,128,1,1,16,0.000,0.000,,,,,NVIDIA A100-SXM4-40GB MIG 4g.20gb (0),1,,13,cupy_copy__complex64_complex64
4157261620,1856,256423,1,1,1,1,1,1,18,0.000,0.000,,,,,NVIDIA A100-SXM4-40GB MIG 4g.20gb (0),1,,13,cupy_copy__float32_float32
4157392595,87455,256434,1,1,1,32,32,1,30,0.000,0.000,,,,,NVIDIA A100-SXM4-40GB MIG 4g.20gb (0),1,,13,"void convert_kernel<__half2, float2>(tensor_layout_any, T1 *, tensor_layout_any, const T2 *)"
4157507601,5408,256437,,,,,,,,,,0.094,17325.421,Pinned,Device,NVIDIA A100-SXM4-40GB MIG 4g.20gb (0),1,,13,[CUDA memcpy Host-to-Device]
4157521393,3424,256438,,,,,,,,,,1.547,451700.819,Device,,NVIDIA A100-SXM4-40GB MIG 4g.20gb (0),1,,13,[CUDA memset]
4157528145,3328,256443,,,,,,,,,,0.031,9403.822,Pinned,Device,NVIDIA A100-SXM4-40GB MIG 4g.20gb (0),1,,13,[CUDA memcpy Host-to-Device]
4157533937,9408,256444,,,,,,,,,,0.197,20897.858,Pinned,Device,NVIDIA A100-SXM4-40GB MIG 4g.20gb (0),1,,13,[CUDA memcpy Host-to-Device]
4157549265,6176,256445,273,1,1,8,4,1,39,0.002,0.000,,,,,NVIDIA A100-SXM4-40GB MIG 4g.20gb (0),1,,13,"void channel_eq::eqMmseCoefCompLowMimoKernel<float, float, float, (unsigned int)4, (unsigned int)1, (unsigned int)4>(const channel_eq::_puschRxChEqStatDescr *, channel_eq::_puschRxChEqCoefCompDynDescr)"
4157558833,5888,256446,273,1,1,12,11,1,51,0.002,0.000,,,,,NVIDIA A100-SXM4-40GB MIG 4g.20gb (0),1,,13,"void channel_eq::eqMmseSoftDemapKernel<float, __half, __half, float, (unsigned int)4, (unsigned short)16383>(channel_eq::_puschRxChEqStatDescr *, channel_eq::_puschRxChEqSoftDemapDynDescr)"
4157565841,282748,256447,1,1,1,32,32,1,30,0.000,0.000,,,,,NVIDIA A100-SXM4-40GB MIG 4g.20gb (0),1,,13,"void convert_kernel<float2, __half2>(tensor_layout_any, T1 *, tensor_layout_any, const T2 *)"
4157849645,10912,256459,2253,1,1,128,1,1,16,0.000,0.000,,,,,NVIDIA A100-SXM4-40GB MIG 4g.20gb (0),1,,13,cupy_copy__float16_float16
4157862797,3008,256468,282,1,1,128,1,1,16,0.000,0.000,,,,,NVIDIA A100-SXM4-40GB MIG 4g.20gb (0),1,,13,cupy_copy__complex64_complex64
4157867789,2048,256477,26,1,1,128,1,1,16,0.000,0.000,,,,,NVIDIA A100-SXM4-40GB MIG 4g.20gb (0),1,,13,cupy_copy__float32_float32
4157870829,2752,256486,103,1,1,128,1,1,16,0.000,0.000,,,,,NVIDIA A100-SXM4-40GB MIG 4g.20gb (0),1,,13,cupy_copy__complex64_complex64
4157875021,12096,256496,1434,1,1,128,1,1,16,0.000,0.000,,,,,NVIDIA A100-SXM4-40GB MIG 4g.20gb (0),1,,13,cupy_copy__complex64_complex64
4157894733,87742,256501,1,1,1,32,32,1,30,0.000,0.000,,,,,NVIDIA A100-SXM4-40GB MIG 4g.20gb (0),1,,13,"void convert_kernel<__half2, float2>(tensor_layout_any, T1 *, tensor_layout_any, const T2 *)"
4158008971,5824,256504,,,,,,,,,,0.094,16087.884,Pinned,Device,NVIDIA A100-SXM4-40GB MIG 4g.20gb (0),1,,13,[CUDA memcpy Host-to-Device]
4158019307,597785,256505,,,,,,,,,,456.561,763370.728,Device,,NVIDIA A100-SXM4-40GB MIG 4g.20gb (0),1,,13,[CUDA memset]
4158623364,158974,256510,,,,,,,,,,1.235,7767.798,Pinned,Device,NVIDIA A100-SXM4-40GB MIG 4g.20gb (0),1,,13,[CUDA memcpy Host-to-Device]
4158794529,40224,256511,,,,,,,,,,0.197,4887.675,Pinned,Device,NVIDIA A100-SXM4-40GB MIG 4g.20gb (0),1,,13,[CUDA memcpy Host-to-Device]
4158852769,8480,256512,69,4,1,48,1,1,76,0.002,0.000,,,,,NVIDIA A100-SXM4-40GB MIG 4g.20gb (0),1,,13,"void ch_est::windowedChEstPreNoDftSOfdmKernel<float, __half, float, (unsigned int)2, (unsigned int)1, (unsigned short)4>(ch_est::puschRxChEstStatDescr_t *, ch_est::puschRxChEstDynDescr_t *)"
4158872001,6751,256513,137,2,1,24,2,1,44,0.001,0.001,,,,,NVIDIA A100-SXM4-40GB MIG 4g.20gb (0),1,,13,"void ch_est::chEstFilterNoDftSOfdmDispatchKernel<float, __half, float, (unsigned int)2>(ch_est::puschRxChEstStatDescr_t *, ch_est::puschRxChEstDynDescr_t *)"
4158890304,4704,256514,137,2,1,24,2,1,44,0.001,0.001,,,,,NVIDIA A100-SXM4-40GB MIG 4g.20gb (0),1,,13,"void ch_est::chEstFilterNoDftSOfdmDispatchKernel<float, __half, float, (unsigned int)2>(ch_est::puschRxChEstStatDescr_t *, ch_est::puschRxChEstDynDescr_t *)"
4158907552,2752,256525,103,1,1,128,1,1,16,0.000,0.000,,,,,NVIDIA A100-SXM4-40GB MIG 4g.20gb (0),1,,13,cupy_copy__complex64_complex64
4158924384,12192,256535,1434,1,1,128,1,1,16,0.000,0.000,,,,,NVIDIA A100-SXM4-40GB MIG 4g.20gb (0),1,,13,cupy_copy__complex64_complex64
4158944096,2944,256542,103,1,1,128,1,1,16,0.000,0.000,,,,,NVIDIA A100-SXM4-40GB MIG 4g.20gb (0),1,,13,cupy_copy__complex64_complex64
4158968735,87487,256549,1,1,1,32,32,1,30,0.000,0.000,,,,,NVIDIA A100-SXM4-40GB MIG 4g.20gb (0),1,,13,"void convert_kernel<__half2, float2>(tensor_layout_any, T1 *, tensor_layout_any, const T2 *)"
4159091070,25440,256552,,,,,,,,,,0.094,3683.002,Pinned,Device,NVIDIA A100-SXM4-40GB MIG 4g.20gb (0),1,,13,[CUDA memcpy Host-to-Device]
4159144029,47168,256553,,,,,,,,,,35.810,759170.304,Device,,NVIDIA A100-SXM4-40GB MIG 4g.20gb (0),1,,13,[CUDA memset]
4159195677,14335,256555,,,,,,,,,,0.000,5.581,Pinned,Device,NVIDIA A100-SXM4-40GB MIG 4g.20gb (0),1,,13,[CUDA memcpy Host-to-Device]
4159217052,32832,256556,,,,,,,,,,0.197,5988.286,Pinned,Device,NVIDIA A100-SXM4-40GB MIG 4g.20gb (0),1,,13,[CUDA memcpy Host-to-Device]
4159270940,9440,256557,273,1,1,48,1,1,40,0.000,0.001,,,,,NVIDIA A100-SXM4-40GB MIG 4g.20gb (0),1,,13,"void pusch_noise_intf_est::noiseIntfEstNoDftSOfdmKernel<float, __half, float, float, (unsigned int)2, (unsigned int)1, (unsigned char)4, (unsigned char)4>(pusch_noise_intf_est::puschRxNoiseIntfEstDynDescr)"
4159287259,2816,256568,35,1,1,128,1,1,16,0.000,0.000,,,,,NVIDIA A100-SXM4-40GB MIG 4g.20gb (0),1,,13,cupy_copy__complex64_complex64
4159304571,1696,256577,1,1,1,1,1,1,18,0.000,0.000,,,,,NVIDIA A100-SXM4-40GB MIG 4g.20gb (0),1,,13,cupy_copy__float32_float32
4159313659,6752,256583,,,,,,,,,,0.000,0.592,Device,Pageable,NVIDIA A100-SXM4-40GB MIG 4g.20gb (0),1,,7,[CUDA memcpy Device-to-Host]
4159408538,12672,256594,1434,1,1,128,1,1,16,0.000,0.000,,,,,NVIDIA A100-SXM4-40GB MIG 4g.20gb (0),1,,13,cupy_copy__complex64_complex64
4159429914,3424,256601,103,1,1,128,1,1,16,0.000,0.000,,,,,NVIDIA A100-SXM4-40GB MIG 4g.20gb (0),1,,13,cupy_copy__complex64_complex64
4159447769,2592,256608,35,1,1,128,1,1,16,0.000,0.000,,,,,NVIDIA A100-SXM4-40GB MIG 4g.20gb (0),1,,13,cupy_copy__complex64_complex64
4159469017,1792,256615,1,1,1,1,1,1,18,0.000,0.000,,,,,NVIDIA A100-SXM4-40GB MIG 4g.20gb (0),1,,13,cupy_copy__float32_float32
4159598552,83071,256626,1,1,1,32,32,1,30,0.000,0.000,,,,,NVIDIA A100-SXM4-40GB MIG 4g.20gb (0),1,,13,"void convert_kernel<__half2, float2>(tensor_layout_any, T1 *, tensor_layout_any, const T2 *)"
4159708950,6208,256629,,,,,,,,,,0.094,15092.739,Pinned,Device,NVIDIA A100-SXM4-40GB MIG 4g.20gb (0),1,,13,[CUDA memcpy Host-to-Device]
4159723446,3232,256630,,,,,,,,,,1.547,478533.199,Device,,NVIDIA A100-SXM4-40GB MIG 4g.20gb (0),1,,13,[CUDA memset]
4159730134,3456,256635,,,,,,,,,,0.031,9055.529,Pinned,Device,NVIDIA A100-SXM4-40GB MIG 4g.20gb (0),1,,13,[CUDA memcpy Host-to-Device]
4159736086,9824,256636,,,,,,,,,,0.197,20012.925,Pinned,Device,NVIDIA A100-SXM4-40GB MIG 4g.20gb (0),1,,13,[CUDA memcpy Host-to-Device]
4159749462,7840,256637,273,1,1,8,4,1,39,0.002,0.000,,,,,NVIDIA A100-SXM4-40GB MIG 4g.20gb (0),1,,13,"void channel_eq::eqMmseCoefCompLowMimoKernel<float, float, float, (unsigned int)4, (unsigned int)1, (unsigned int)4>(const channel_eq::_puschRxChEqStatDescr *, channel_eq::_puschRxChEqCoefCompDynDescr)"
4159760342,7615,256638,273,1,1,12,11,1,51,0.002,0.000,,,,,NVIDIA A100-SXM4-40GB MIG 4g.20gb (0),1,,13,"void channel_eq::eqMmseSoftDemapKernel<float, __half, __half, float, (unsigned int)4, (unsigned short)16383>(channel_eq::_puschRxChEqStatDescr *, channel_eq::_puschRxChEqSoftDemapDynDescr)"
4159769013,282173,256639,1,1,1,32,32,1,30,0.000,0.000,,,,,NVIDIA A100-SXM4-40GB MIG 4g.20gb (0),1,,13,"void convert_kernel<float2, __half2>(tensor_layout_any, T1 *, tensor_layout_any, const T2 *)"
4160054226,11072,256651,2253,1,1,128,1,1,16,0.000,0.000,,,,,NVIDIA A100-SXM4-40GB MIG 4g.20gb (0),1,,13,cupy_copy__float16_float16
4160067314,3328,256660,282,1,1,128,1,1,16,0.000,0.000,,,,,NVIDIA A100-SXM4-40GB MIG 4g.20gb (0),1,,13,cupy_copy__complex64_complex64
4160073458,2048,256669,26,1,1,128,1,1,16,0.000,0.000,,,,,NVIDIA A100-SXM4-40GB MIG 4g.20gb (0),1,,13,cupy_copy__float32_float32
4160077842,2912,256678,103,1,1,128,1,1,16,0.000,0.000,,,,,NVIDIA A100-SXM4-40GB MIG 4g.20gb (0),1,,13,cupy_copy__complex64_complex64
4160083282,12063,256688,1434,1,1,128,1,1,16,0.000,0.000,,,,,NVIDIA A100-SXM4-40GB MIG 4g.20gb (0),1,,13,cupy_copy__complex64_complex64
4160101137,82879,256693,1,1,1,32,32,1,30,0.000,0.000,,,,,NVIDIA A100-SXM4-40GB MIG 4g.20gb (0),1,,13,"void convert_kernel<__half2, float2>(tensor_layout_any, T1 *, tensor_layout_any, const T2 *)"
4160211248,5408,256696,,,,,,,,,,0.094,17325.421,Pinned,Device,NVIDIA A100-SXM4-40GB MIG 4g.20gb (0),1,,13,[CUDA memcpy Host-to-Device]
4160221392,598873,256697,,,,,,,,,,456.561,762001.043,Device,,NVIDIA A100-SXM4-40GB MIG 4g.20gb (0),1,,13,[CUDA memset]
4160828136,84031,256702,,,,,,,,,,1.235,14695.834,Pinned,Device,NVIDIA A100-SXM4-40GB MIG 4g.20gb (0),1,,13,[CUDA memcpy Host-to-Device]
4160919079,16608,256703,,,,,,,,,,0.197,11837.964,Pinned,Device,NVIDIA A100-SXM4-40GB MIG 4g.20gb (0),1,,13,[CUDA memcpy Host-to-Device]
4160943879,9152,256704,69,4,1,48,1,1,76,0.002,0.000,,,,,NVIDIA A100-SXM4-40GB MIG 4g.20gb (0),1,,13,"void ch_est::windowedChEstPreNoDftSOfdmKernel<float, __half, float, (unsigned int)2, (unsigned int)1, (unsigned short)4>(ch_est::puschRxChEstStatDescr_t *, ch_est::puschRxChEstDynDescr_t *)"
4160959623,7200,256705,137,2,1,24,2,1,44,0.001,0.001,,,,,NVIDIA A100-SXM4-40GB MIG 4g.20gb (0),1,,13,"void ch_est::chEstFilterNoDftSOfdmDispatchKernel<float, __half, float, (unsigned int)2>(ch_est::puschRxChEstStatDescr_t *, ch_est::puschRxChEstDynDescr_t *)"
4160974567,4864,256706,137,2,1,24,2,1,44,0.001,0.001,,,,,NVIDIA A100-SXM4-40GB MIG 4g.20gb (0),1,,13,"void ch_est::chEstFilterNoDftSOfdmDispatchKernel<float, __half, float, (unsigned int)2>(ch_est::puschRxChEstStatDescr_t *, ch_est::puschRxChEstDynDescr_t *)"
4160985286,3232,256717,103,1,1,128,1,1,16,0.000,0.000,,,,,NVIDIA A100-SXM4-40GB MIG 4g.20gb (0),1,,13,cupy_copy__complex64_complex64
4160992806,12544,256727,1434,1,1,128,1,1,16,0.000,0.000,,,,,NVIDIA A100-SXM4-40GB MIG 4g.20gb (0),1,,13,cupy_copy__complex64_complex64
4161007302,2720,256734,103,1,1,128,1,1,16,0.000,0.000,,,,,NVIDIA A100-SXM4-40GB MIG 4g.20gb (0),1,,13,cupy_copy__complex64_complex64
4161015686,82303,256741,1,1,1,32,32,1,30,0.000,0.000,,,,,NVIDIA A100-SXM4-40GB MIG 4g.20gb (0),1,,13,"void convert_kernel<__half2, float2>(tensor_layout_any, T1 *, tensor_layout_any, const T2 *)"
4161124805,5696,256744,,,,,,,,,,0.094,16449.363,Pinned,Device,NVIDIA A100-SXM4-40GB MIG 4g.20gb (0),1,,13,[CUDA memcpy Host-to-Device]
4161136549,46335,256745,,,,,,,,,,35.810,772813.884,Device,,NVIDIA A100-SXM4-40GB MIG 4g.20gb (0),1,,13,[CUDA memset]
4161188260,3456,256747,,,,,,,,,,0.000,23.148,Pinned,Device,NVIDIA A100-SXM4-40GB MIG 4g.20gb (0),1,,13,[CUDA memcpy Host-to-Device]
4161196740,11360,256748,,,,,,,,,,0.197,17307.009,Pinned,Device,NVIDIA A100-SXM4-40GB MIG 4g.20gb (0),1,,13,[CUDA memcpy Host-to-Device]
4161214916,9728,256749,273,1,1,48,1,1,40,0.000,0.001,,,,,NVIDIA A100-SXM4-40GB MIG 4g.20gb (0),1,,13,"void pusch_noise_intf_est::noiseIntfEstNoDftSOfdmKernel<float, __half, float, float, (unsigned int)2, (unsigned int)1, (unsigned char)4, (unsigned char)4>(pusch_noise_intf_est::puschRxNoiseIntfEstDynDescr)"
4161228643,2784,256760,35,1,1,128,1,1,16,0.000,0.000,,,,,NVIDIA A100-SXM4-40GB MIG 4g.20gb (0),1,,13,cupy_copy__complex64_complex64
4161244899,2112,256769,1,1,1,1,1,1,18,0.000,0.000,,,,,NVIDIA A100-SXM4-40GB MIG 4g.20gb (0),1,,13,cupy_copy__float32_float32
4161276323,1792,256775,,,,,,,,,,0.000,2.232,Device,Pageable,NVIDIA A100-SXM4-40GB MIG 4g.20gb (0),1,,7,[CUDA memcpy Device-to-Host]
4161336514,13344,256786,1434,1,1,128,1,1,16,0.000,0.000,,,,,NVIDIA A100-SXM4-40GB MIG 4g.20gb (0),1,,13,cupy_copy__complex64_complex64
4161362914,2784,256793,103,1,1,128,1,1,16,0.000,0.000,,,,,NVIDIA A100-SXM4-40GB MIG 4g.20gb (0),1,,13,cupy_copy__complex64_complex64
4161384098,2592,256800,35,1,1,128,1,1,16,0.000,0.000,,,,,NVIDIA A100-SXM4-40GB MIG 4g.20gb (0),1,,13,cupy_copy__complex64_complex64
4161403329,1760,256807,1,1,1,1,1,1,18,0.000,0.000,,,,,NVIDIA A100-SXM4-40GB MIG 4g.20gb (0),1,,13,cupy_copy__float32_float32
4161533632,82783,256818,1,1,1,32,32,1,30,0.000,0.000,,,,,NVIDIA A100-SXM4-40GB MIG 4g.20gb (0),1,,13,"void convert_kernel<__half2, float2>(tensor_layout_any, T1 *, tensor_layout_any, const T2 *)"
4161643326,5792,256821,,,,,,,,,,0.094,16176.708,Pinned,Device,NVIDIA A100-SXM4-40GB MIG 4g.20gb (0),1,,13,[CUDA memcpy Host-to-Device]
4161656702,3520,256822,,,,,,,,,,1.547,439380.412,Device,,NVIDIA A100-SXM4-40GB MIG 4g.20gb (0),1,,13,[CUDA memset]
4161663902,3264,256827,,,,,,,,,,0.031,9588.218,Pinned,Device,NVIDIA A100-SXM4-40GB MIG 4g.20gb (0),1,,13,[CUDA memcpy Host-to-Device]
4161669790,9504,256828,,,,,,,,,,0.197,20686.701,Pinned,Device,NVIDIA A100-SXM4-40GB MIG 4g.20gb (0),1,,13,[CUDA memcpy Host-to-Device]
4161684062,8256,256829,273,1,1,8,4,1,39,0.002,0.000,,,,,NVIDIA A100-SXM4-40GB MIG 4g.20gb (0),1,,13,"void channel_eq::eqMmseCoefCompLowMimoKernel<float, float, float, (unsigned int)4, (unsigned int)1, (unsigned int)4>(const channel_eq::_puschRxChEqStatDescr *, channel_eq::_puschRxChEqCoefCompDynDescr)"
4161695742,7424,256830,273,1,1,12,11,1,51,0.002,0.000,,,,,NVIDIA A100-SXM4-40GB MIG 4g.20gb (0),1,,13,"void channel_eq::eqMmseSoftDemapKernel<float, __half, __half, float, (unsigned int)4, (unsigned short)16383>(channel_eq::_puschRxChEqStatDescr *, channel_eq::_puschRxChEqSoftDemapDynDescr)"
4161705438,282524,256831,1,1,1,32,32,1,30,0.000,0.000,,,,,NVIDIA A100-SXM4-40GB MIG 4g.20gb (0),1,,13,"void convert_kernel<float2, __half2>(tensor_layout_any, T1 *, tensor_layout_any, const T2 *)"
4161990202,11104,256843,2253,1,1,128,1,1,16,0.000,0.000,,,,,NVIDIA A100-SXM4-40GB MIG 4g.20gb (0),1,,13,cupy_copy__float16_float16
4162005402,4032,256852,282,1,1,128,1,1,16,0.000,0.000,,,,,NVIDIA A100-SXM4-40GB MIG 4g.20gb (0),1,,13,cupy_copy__complex64_complex64
4162011066,2016,256861,26,1,1,128,1,1,16,0.000,0.000,,,,,NVIDIA A100-SXM4-40GB MIG 4g.20gb (0),1,,13,cupy_copy__float32_float32
4162015258,3072,256870,103,1,1,128,1,1,16,0.000,0.000,,,,,NVIDIA A100-SXM4-40GB MIG 4g.20gb (0),1,,13,cupy_copy__complex64_complex64
4162019386,11808,256880,1434,1,1,128,1,1,16,0.000,0.000,,,,,NVIDIA A100-SXM4-40GB MIG 4g.20gb (0),1,,13,cupy_copy__complex64_complex64
4162035514,82239,256885,1,1,1,32,32,1,30,0.000,0.000,,,,,NVIDIA A100-SXM4-40GB MIG 4g.20gb (0),1,,13,"void convert_kernel<__half2, float2>(tensor_layout_any, T1 *, tensor_layout_any, const T2 *)"
4162144376,5376,256888,,,,,,,,,,0.094,17428.487,Pinned,Device,NVIDIA A100-SXM4-40GB MIG 4g.20gb (0),1,,13,[CUDA memcpy Host-to-Device]
4162154584,597465,256889,,,,,,,,,,456.561,763827.289,Device,,NVIDIA A100-SXM4-40GB MIG 4g.20gb (0),1,,13,[CUDA memset]
4162759377,172414,256894,,,,,,,,,,1.235,7161.440,Pinned,Device,NVIDIA A100-SXM4-40GB MIG 4g.20gb (0),1,,13,[CUDA memcpy Host-to-Device]
4162945070,41120,256895,,,,,,,,,,0.197,4781.310,Pinned,Device,NVIDIA A100-SXM4-40GB MIG 4g.20gb (0),1,,13,[CUDA memcpy Host-to-Device]
4163003150,8320,256896,69,4,1,48,1,1,76,0.002,0.000,,,,,NVIDIA A100-SXM4-40GB MIG 4g.20gb (0),1,,13,"void ch_est::windowedChEstPreNoDftSOfdmKernel<float, __half, float, (unsigned int)2, (unsigned int)1, (unsigned short)4>(ch_est::puschRxChEstStatDescr_t *, ch_est::puschRxChEstDynDescr_t *)"
4163021517,7136,256897,137,2,1,24,2,1,44,0.001,0.001,,,,,NVIDIA A100-SXM4-40GB MIG 4g.20gb (0),1,,13,"void ch_est::chEstFilterNoDftSOfdmDispatchKernel<float, __half, float, (unsigned int)2>(ch_est::puschRxChEstStatDescr_t *, ch_est::puschRxChEstDynDescr_t *)"
4163034285,4960,256898,137,2,1,24,2,1,44,0.001,0.001,,,,,NVIDIA A100-SXM4-40GB MIG 4g.20gb (0),1,,13,"void ch_est::chEstFilterNoDftSOfdmDispatchKernel<float, __half, float, (unsigned int)2>(ch_est::puschRxChEstStatDescr_t *, ch_est::puschRxChEstDynDescr_t *)"
4163047405,2624,256909,103,1,1,128,1,1,16,0.000,0.000,,,,,NVIDIA A100-SXM4-40GB MIG 4g.20gb (0),1,,13,cupy_copy__complex64_complex64
4163058541,12704,256919,1434,1,1,128,1,1,16,0.000,0.000,,,,,NVIDIA A100-SXM4-40GB MIG 4g.20gb (0),1,,13,cupy_copy__complex64_complex64
4163082093,2720,256926,103,1,1,128,1,1,16,0.000,0.000,,,,,NVIDIA A100-SXM4-40GB MIG 4g.20gb (0),1,,13,cupy_copy__complex64_complex64
4163092845,82111,256933,1,1,1,32,32,1,30,0.000,0.000,,,,,NVIDIA A100-SXM4-40GB MIG 4g.20gb (0),1,,13,"void convert_kernel<__half2, float2>(tensor_layout_any, T1 *, tensor_layout_any, const T2 *)"
4163208395,8864,256936,,,,,,,,,,0.094,10570.314,Pinned,Device,NVIDIA A100-SXM4-40GB MIG 4g.20gb (0),1,,13,[CUDA memcpy Host-to-Device]
4163230411,46815,256937,,,,,,,,,,35.810,764899.891,Device,,NVIDIA A100-SXM4-40GB MIG 4g.20gb (0),1,,13,[CUDA memset]
4163281066,6496,256939,,,,,,,,,,0.000,12.315,Pinned,Device,NVIDIA A100-SXM4-40GB MIG 4g.20gb (0),1,,13,[CUDA memcpy Host-to-Device]
4163295562,12448,256940,,,,,,,,,,0.197,15794.307,Pinned,Device,NVIDIA A100-SXM4-40GB MIG 4g.20gb (0),1,,13,[CUDA memcpy Host-to-Device]
4163320330,10368,256941,273,1,1,48,1,1,40,0.000,0.001,,,,,NVIDIA A100-SXM4-40GB MIG 4g.20gb (0),1,,13,"void pusch_noise_intf_est::noiseIntfEstNoDftSOfdmKernel<float, __half, float, float, (unsigned int)2, (unsigned int)1, (unsigned char)4, (unsigned char)4>(pusch_noise_intf_est::puschRxNoiseIntfEstDynDescr)"
4163337482,2815,256952,35,1,1,128,1,1,16,0.000,0.000,,,,,NVIDIA A100-SXM4-40GB MIG 4g.20gb (0),1,,13,cupy_copy__complex64_complex64
4163343721,1888,256961,1,1,1,1,1,1,18,0.000,0.000,,,,,NVIDIA A100-SXM4-40GB MIG 4g.20gb (0),1,,13,cupy_copy__float32_float32
4163355721,2528,256967,,,,,,,,,,0.000,1.582,Device,Pageable,NVIDIA A100-SXM4-40GB MIG 4g.20gb (0),1,,7,[CUDA memcpy Device-to-Host]
4163416073,13055,256978,1434,1,1,128,1,1,16,0.000,0.000,,,,,NVIDIA A100-SXM4-40GB MIG 4g.20gb (0),1,,13,cupy_copy__complex64_complex64
4163442376,2912,256985,103,1,1,128,1,1,16,0.000,0.000,,,,,NVIDIA A100-SXM4-40GB MIG 4g.20gb (0),1,,13,cupy_copy__complex64_complex64
4163464040,2688,256992,35,1,1,128,1,1,16,0.000,0.000,,,,,NVIDIA A100-SXM4-40GB MIG 4g.20gb (0),1,,13,cupy_copy__complex64_complex64
4163481896,1760,256999,1,1,1,1,1,1,18,0.000,0.000,,,,,NVIDIA A100-SXM4-40GB MIG 4g.20gb (0),1,,13,cupy_copy__float32_float32
4163612806,82239,257010,1,1,1,32,32,1,30,0.000,0.000,,,,,NVIDIA A100-SXM4-40GB MIG 4g.20gb (0),1,,13,"void convert_kernel<__half2, float2>(tensor_layout_any, T1 *, tensor_layout_any, const T2 *)"
4163722885,5888,257013,,,,,,,,,,0.094,15912.954,Pinned,Device,NVIDIA A100-SXM4-40GB MIG 4g.20gb (0),1,,13,[CUDA memcpy Host-to-Device]
4163737061,3392,257014,,,,,,,,,,1.547,455961.768,Device,,NVIDIA A100-SXM4-40GB MIG 4g.20gb (0),1,,13,[CUDA memset]
4163746052,3232,257019,,,,,,,,,,0.031,9683.139,Pinned,Device,NVIDIA A100-SXM4-40GB MIG 4g.20gb (0),1,,13,[CUDA memcpy Host-to-Device]
4163751844,9824,257020,,,,,,,,,,0.197,20012.925,Pinned,Device,NVIDIA A100-SXM4-40GB MIG 4g.20gb (0),1,,13,[CUDA memcpy Host-to-Device]
4163767460,6144,257021,273,1,1,8,4,1,39,0.002,0.000,,,,,NVIDIA A100-SXM4-40GB MIG 4g.20gb (0),1,,13,"void channel_eq::eqMmseCoefCompLowMimoKernel<float, float, float, (unsigned int)4, (unsigned int)1, (unsigned int)4>(const channel_eq::_puschRxChEqStatDescr *, channel_eq::_puschRxChEqCoefCompDynDescr)"
4163775492,6272,257022,273,1,1,12,11,1,51,0.002,0.000,,,,,NVIDIA A100-SXM4-40GB MIG 4g.20gb (0),1,,13,"void channel_eq::eqMmseSoftDemapKernel<float, __half, __half, float, (unsigned int)4, (unsigned short)16383>(channel_eq::_puschRxChEqStatDescr *, channel_eq::_puschRxChEqSoftDemapDynDescr)"
4163782756,282909,257023,1,1,1,32,32,1,30,0.000,0.000,,,,,NVIDIA A100-SXM4-40GB MIG 4g.20gb (0),1,,13,"void convert_kernel<float2, __half2>(tensor_layout_any, T1 *, tensor_layout_any, const T2 *)"
4164068609,10911,257035,2253,1,1,128,1,1,16,0.000,0.000,,,,,NVIDIA A100-SXM4-40GB MIG 4g.20gb (0),1,,13,cupy_copy__float16_float16
4164083168,3552,257044,282,1,1,128,1,1,16,0.000,0.000,,,,,NVIDIA A100-SXM4-40GB MIG 4g.20gb (0),1,,13,cupy_copy__complex64_complex64
4164089056,2048,257053,26,1,1,128,1,1,16,0.000,0.000,,,,,NVIDIA A100-SXM4-40GB MIG 4g.20gb (0),1,,13,cupy_copy__float32_float32
4164092224,2816,257062,103,1,1,128,1,1,16,0.000,0.000,,,,,NVIDIA A100-SXM4-40GB MIG 4g.20gb (0),1,,13,cupy_copy__complex64_complex64
4164097440,11968,257072,1434,1,1,128,1,1,16,0.000,0.000,,,,,NVIDIA A100-SXM4-40GB MIG 4g.20gb (0),1,,13,cupy_copy__complex64_complex64
4164114048,83007,257077,1,1,1,32,32,1,30,0.000,0.000,,,,,NVIDIA A100-SXM4-40GB MIG 4g.20gb (0),1,,13,"void convert_kernel<__half2, float2>(tensor_layout_any, T1 *, tensor_layout_any, const T2 *)"
4164224639,5472,257080,,,,,,,,,,0.094,17122.757,Pinned,Device,NVIDIA A100-SXM4-40GB MIG 4g.20gb (0),1,,13,[CUDA memcpy Host-to-Device]
4164234878,598393,257081,,,,,,,,,,456.561,762914.166,Device,,NVIDIA A100-SXM4-40GB MIG 4g.20gb (0),1,,13,[CUDA memset]
4164840279,170910,257086,,,,,,,,,,1.235,7225.657,Pinned,Device,NVIDIA A100-SXM4-40GB MIG 4g.20gb (0),1,,13,[CUDA memcpy Host-to-Device]
4165023381,40767,257087,,,,,,,,,,0.197,4822.598,Pinned,Device,NVIDIA A100-SXM4-40GB MIG 4g.20gb (0),1,,13,[CUDA memcpy Host-to-Device]
4165081652,8352,257088,69,4,1,48,1,1,76,0.002,0.000,,,,,NVIDIA A100-SXM4-40GB MIG 4g.20gb (0),1,,13,"void ch_est::windowedChEstPreNoDftSOfdmKernel<float, __half, float, (unsigned int)2, (unsigned int)1, (unsigned short)4>(ch_est::puschRxChEstStatDescr_t *, ch_est::puschRxChEstDynDescr_t *)"
4165101044,6592,257089,137,2,1,24,2,1,44,0.001,0.001,,,,,NVIDIA A100-SXM4-40GB MIG 4g.20gb (0),1,,13,"void ch_est::chEstFilterNoDftSOfdmDispatchKernel<float, __half, float, (unsigned int)2>(ch_est::puschRxChEstStatDescr_t *, ch_est::puschRxChEstDynDescr_t *)"
4165118068,4736,257090,137,2,1,24,2,1,44,0.001,0.001,,,,,NVIDIA A100-SXM4-40GB MIG 4g.20gb (0),1,,13,"void ch_est::chEstFilterNoDftSOfdmDispatchKernel<float, __half, float, (unsigned int)2>(ch_est::puschRxChEstStatDescr_t *, ch_est::puschRxChEstDynDescr_t *)"
4165135123,2752,257101,103,1,1,128,1,1,16,0.000,0.000,,,,,NVIDIA A100-SXM4-40GB MIG 4g.20gb (0),1,,13,cupy_copy__complex64_complex64
4165152275,12640,257111,1434,1,1,128,1,1,16,0.000,0.000,,,,,NVIDIA A100-SXM4-40GB MIG 4g.20gb (0),1,,13,cupy_copy__complex64_complex64
4165173587,2880,257118,103,1,1,128,1,1,16,0.000,0.000,,,,,NVIDIA A100-SXM4-40GB MIG 4g.20gb (0),1,,13,cupy_copy__complex64_complex64
4165196947,93214,257125,1,1,1,32,32,1,30,0.000,0.000,,,,,NVIDIA A100-SXM4-40GB MIG 4g.20gb (0),1,,13,"void convert_kernel<__half2, float2>(tensor_layout_any, T1 *, tensor_layout_any, const T2 *)"
4165320785,15808,257128,,,,,,,,,,0.094,5927.115,Pinned,Device,NVIDIA A100-SXM4-40GB MIG 4g.20gb (0),1,,13,[CUDA memcpy Host-to-Device]
4165343377,48479,257129,,,,,,,,,,35.810,738651.220,Device,,NVIDIA A100-SXM4-40GB MIG 4g.20gb (0),1,,13,[CUDA memset]
4165393328,7648,257131,,,,,,,,,,0.000,10.460,Pinned,Device,NVIDIA A100-SXM4-40GB MIG 4g.20gb (0),1,,13,[CUDA memcpy Host-to-Device]
4165407536,18336,257132,,,,,,,,,,0.197,10722.410,Pinned,Device,NVIDIA A100-SXM4-40GB MIG 4g.20gb (0),1,,13,[CUDA memcpy Host-to-Device]
4165437072,9216,257133,273,1,1,48,1,1,40,0.000,0.001,,,,,NVIDIA A100-SXM4-40GB MIG 4g.20gb (0),1,,13,"void pusch_noise_intf_est::noiseIntfEstNoDftSOfdmKernel<float, __half, float, float, (unsigned int)2, (unsigned int)1, (unsigned char)4, (unsigned char)4>(pusch_noise_intf_est::puschRxNoiseIntfEstDynDescr)"
4165454607,3072,257144,35,1,1,128,1,1,16,0.000,0.000,,,,,NVIDIA A100-SXM4-40GB MIG 4g.20gb (0),1,,13,cupy_copy__complex64_complex64
4165462735,1888,257153,1,1,1,1,1,1,18,0.000,0.000,,,,,NVIDIA A100-SXM4-40GB MIG 4g.20gb (0),1,,13,cupy_copy__float32_float32
4165469551,5248,257159,,,,,,,,,,0.000,0.762,Device,Pageable,NVIDIA A100-SXM4-40GB MIG 4g.20gb (0),1,,7,[CUDA memcpy Device-to-Host]
4165548270,12832,257170,1434,1,1,128,1,1,16,0.000,0.000,,,,,NVIDIA A100-SXM4-40GB MIG 4g.20gb (0),1,,13,cupy_copy__complex64_complex64
4165572622,3008,257177,103,1,1,128,1,1,16,0.000,0.000,,,,,NVIDIA A100-SXM4-40GB MIG 4g.20gb (0),1,,13,cupy_copy__complex64_complex64
4165597678,2720,257184,35,1,1,128,1,1,16,0.000,0.000,,,,,NVIDIA A100-SXM4-40GB MIG 4g.20gb (0),1,,13,cupy_copy__complex64_complex64
4165613261,1792,257191,1,1,1,1,1,1,18,0.000,0.000,,,,,NVIDIA A100-SXM4-40GB MIG 4g.20gb (0),1,,13,cupy_copy__float32_float32
4165736588,82399,257202,1,1,1,32,32,1,30,0.000,0.000,,,,,NVIDIA A100-SXM4-40GB MIG 4g.20gb (0),1,,13,"void convert_kernel<__half2, float2>(tensor_layout_any, T1 *, tensor_layout_any, const T2 *)"
4165849291,5727,257205,,,,,,,,,,0.094,16360.352,Pinned,Device,NVIDIA A100-SXM4-40GB MIG 4g.20gb (0),1,,13,[CUDA memcpy Host-to-Device]
4165864330,3232,257206,,,,,,,,,,1.547,478533.199,Device,,NVIDIA A100-SXM4-40GB MIG 4g.20gb (0),1,,13,[CUDA memset]
4165870730,3008,257211,,,,,,,,,,0.031,10404.230,Pinned,Device,NVIDIA A100-SXM4-40GB MIG 4g.20gb (0),1,,13,[CUDA memcpy Host-to-Device]
4165876234,9952,257212,,,,,,,,,,0.197,19755.565,Pinned,Device,NVIDIA A100-SXM4-40GB MIG 4g.20gb (0),1,,13,[CUDA memcpy Host-to-Device]
4165891146,6432,257213,273,1,1,8,4,1,39,0.002,0.000,,,,,NVIDIA A100-SXM4-40GB MIG 4g.20gb (0),1,,13,"void channel_eq::eqMmseCoefCompLowMimoKernel<float, float, float, (unsigned int)4, (unsigned int)1, (unsigned int)4>(const channel_eq::_puschRxChEqStatDescr *, channel_eq::_puschRxChEqCoefCompDynDescr)"
4165898506,6272,257214,273,1,1,12,11,1,51,0.002,0.000,,,,,NVIDIA A100-SXM4-40GB MIG 4g.20gb (0),1,,13,"void channel_eq::eqMmseSoftDemapKernel<float, __half, __half, float, (unsigned int)4, (unsigned short)16383>(channel_eq::_puschRxChEqStatDescr *, channel_eq::_puschRxChEqSoftDemapDynDescr)"
4165905962,283100,257215,1,1,1,32,32,1,30,0.000,0.000,,,,,NVIDIA A100-SXM4-40GB MIG 4g.20gb (0),1,,13,"void convert_kernel<float2, __half2>(tensor_layout_any, T1 *, tensor_layout_any, const T2 *)"
4166192742,10816,257227,2253,1,1,128,1,1,16,0.000,0.000,,,,,NVIDIA A100-SXM4-40GB MIG 4g.20gb (0),1,,13,cupy_copy__float16_float16
4166205830,2720,257236,282,1,1,128,1,1,16,0.000,0.000,,,,,NVIDIA A100-SXM4-40GB MIG 4g.20gb (0),1,,13,cupy_copy__complex64_complex64
4166209894,1984,257245,26,1,1,128,1,1,16,0.000,0.000,,,,,NVIDIA A100-SXM4-40GB MIG 4g.20gb (0),1,,13,cupy_copy__float32_float32
4166214918,4320,257254,103,1,1,128,1,1,16,0.000,0.000,,,,,NVIDIA A100-SXM4-40GB MIG 4g.20gb (0),1,,13,cupy_copy__complex64_complex64
4166222246,12128,257264,1434,1,1,128,1,1,16,0.000,0.000,,,,,NVIDIA A100-SXM4-40GB MIG 4g.20gb (0),1,,13,cupy_copy__complex64_complex64
4166240326,87039,257269,1,1,1,32,32,1,30,0.000,0.000,,,,,NVIDIA A100-SXM4-40GB MIG 4g.20gb (0),1,,13,"void convert_kernel<__half2, float2>(tensor_layout_any, T1 *, tensor_layout_any, const T2 *)"
4166355204,5568,257272,,,,,,,,,,0.094,16827.521,Pinned,Device,NVIDIA A100-SXM4-40GB MIG 4g.20gb (0),1,,13,[CUDA memcpy Host-to-Device]
4166364484,599225,257273,,,,,,,,,,456.561,761544.482,Device,,NVIDIA A100-SXM4-40GB MIG 4g.20gb (0),1,,13,[CUDA memset]
4166968605,147742,257278,,,,,,,,,,1.235,8358.101,Pinned,Device,NVIDIA A100-SXM4-40GB MIG 4g.20gb (0),1,,13,[CUDA memcpy Host-to-Device]
4167127003,29983,257279,,,,,,,,,,0.197,6557.270,Pinned,Device,NVIDIA A100-SXM4-40GB MIG 4g.20gb (0),1,,13,[CUDA memcpy Host-to-Device]
4167174138,8192,257280,69,4,1,48,1,1,76,0.002,0.000,,,,,NVIDIA A100-SXM4-40GB MIG 4g.20gb (0),1,,13,"void ch_est::windowedChEstPreNoDftSOfdmKernel<float, __half, float, (unsigned int)2, (unsigned int)1, (unsigned short)4>(ch_est::puschRxChEstStatDescr_t *, ch_est::puschRxChEstDynDescr_t *)"
4167192826,6560,257281,137,2,1,24,2,1,44,0.001,0.001,,,,,NVIDIA A100-SXM4-40GB MIG 4g.20gb (0),1,,13,"void ch_est::chEstFilterNoDftSOfdmDispatchKernel<float, __half, float, (unsigned int)2>(ch_est::puschRxChEstStatDescr_t *, ch_est::puschRxChEstDynDescr_t *)"
4167209178,4928,257282,137,2,1,24,2,1,44,0.001,0.001,,,,,NVIDIA A100-SXM4-40GB MIG 4g.20gb (0),1,,13,"void ch_est::chEstFilterNoDftSOfdmDispatchKernel<float, __half, float, (unsigned int)2>(ch_est::puschRxChEstStatDescr_t *, ch_est::puschRxChEstDynDescr_t *)"
4167222074,2720,257293,103,1,1,128,1,1,16,0.000,0.000,,,,,NVIDIA A100-SXM4-40GB MIG 4g.20gb (0),1,,13,cupy_copy__complex64_complex64
4167234937,12480,257303,1434,1,1,128,1,1,16,0.000,0.000,,,,,NVIDIA A100-SXM4-40GB MIG 4g.20gb (0),1,,13,cupy_copy__complex64_complex64
4167270617,2528,257310,103,1,1,128,1,1,16,0.000,0.000,,,,,NVIDIA A100-SXM4-40GB MIG 4g.20gb (0),1,,13,cupy_copy__complex64_complex64
4167288249,86527,257317,1,1,1,32,32,1,30,0.000,0.000,,,,,NVIDIA A100-SXM4-40GB MIG 4g.20gb (0),1,,13,"void convert_kernel<__half2, float2>(tensor_layout_any, T1 *, tensor_layout_any, const T2 *)"
4167406679,25152,257320,,,,,,,,,,0.094,3725.166,Pinned,Device,NVIDIA A100-SXM4-40GB MIG 4g.20gb (0),1,,13,[CUDA memcpy Host-to-Device]
4167456887,46111,257321,,,,,,,,,,35.810,776573.925,Device,,NVIDIA A100-SXM4-40GB MIG 4g.20gb (0),1,,13,[CUDA memset]
4167503830,14816,257323,,,,,,,,,,0.000,5.400,Pinned,Device,NVIDIA A100-SXM4-40GB MIG 4g.20gb (0),1,,13,[CUDA memcpy Host-to-Device]
4167532502,28863,257324,,,,,,,,,,0.197,6811.681,Pinned,Device,NVIDIA A100-SXM4-40GB MIG 4g.20gb (0),1,,13,[CUDA memcpy Host-to-Device]
4167583733,9568,257325,273,1,1,48,1,1,40,0.000,0.001,,,,,NVIDIA A100-SXM4-40GB MIG 4g.20gb (0),1,,13,"void pusch_noise_intf_est::noiseIntfEstNoDftSOfdmKernel<float, __half, float, float, (unsigned int)2, (unsigned int)1, (unsigned char)4, (unsigned char)4>(pusch_noise_intf_est::puschRxNoiseIntfEstDynDescr)"
4167603413,2752,257336,35,1,1,128,1,1,16,0.000,0.000,,,,,NVIDIA A100-SXM4-40GB MIG 4g.20gb (0),1,,13,cupy_copy__complex64_complex64
4167619861,1696,257345,1,1,1,1,1,1,18,0.000,0.000,,,,,NVIDIA A100-SXM4-40GB MIG 4g.20gb (0),1,,13,cupy_copy__float32_float32
4167627093,8768,257351,,,,,,,,,,0.000,0.456,Device,Pageable,NVIDIA A100-SXM4-40GB MIG 4g.20gb (0),1,,7,[CUDA memcpy Device-to-Host]
4167723699,13152,257362,1434,1,1,128,1,1,16,0.000,0.000,,,,,NVIDIA A100-SXM4-40GB MIG 4g.20gb (0),1,,13,cupy_copy__complex64_complex64
4167743699,3520,257369,103,1,1,128,1,1,16,0.000,0.000,,,,,NVIDIA A100-SXM4-40GB MIG 4g.20gb (0),1,,13,cupy_copy__complex64_complex64
4167772499,2592,257376,35,1,1,128,1,1,16,0.000,0.000,,,,,NVIDIA A100-SXM4-40GB MIG 4g.20gb (0),1,,13,cupy_copy__complex64_complex64
4167788979,1792,257383,1,1,1,1,1,1,18,0.000,0.000,,,,,NVIDIA A100-SXM4-40GB MIG 4g.20gb (0),1,,13,cupy_copy__float32_float32
4167909713,90367,257394,1,1,1,32,32,1,30,0.000,0.000,,,,,NVIDIA A100-SXM4-40GB MIG 4g.20gb (0),1,,13,"void convert_kernel<__half2, float2>(tensor_layout_any, T1 *, tensor_layout_any, const T2 *)"
4168032624,15039,257397,,,,,,,,,,0.094,6230.128,Pinned,Device,NVIDIA A100-SXM4-40GB MIG 4g.20gb (0),1,,13,[CUDA memcpy Host-to-Device]
4168057007,3520,257398,,,,,,,,,,1.547,439380.412,Device,,NVIDIA A100-SXM4-40GB MIG 4g.20gb (0),1,,13,[CUDA memset]
4168067407,8448,257403,,,,,,,,,,0.031,3704.539,Pinned,Device,NVIDIA A100-SXM4-40GB MIG 4g.20gb (0),1,,13,[CUDA memcpy Host-to-Device]
4168083503,14048,257404,,,,,,,,,,0.197,13995.344,Pinned,Device,NVIDIA A100-SXM4-40GB MIG 4g.20gb (0),1,,13,[CUDA memcpy Host-to-Device]
4168113391,8352,257405,273,1,1,8,4,1,39,0.002,0.000,,,,,NVIDIA A100-SXM4-40GB MIG 4g.20gb (0),1,,13,"void channel_eq::eqMmseCoefCompLowMimoKernel<float, float, float, (unsigned int)4, (unsigned int)1, (unsigned int)4>(const channel_eq::_puschRxChEqStatDescr *, channel_eq::_puschRxChEqCoefCompDynDescr)"
4168127694,7840,257406,273,1,1,12,11,1,51,0.002,0.000,,,,,NVIDIA A100-SXM4-40GB MIG 4g.20gb (0),1,,13,"void channel_eq::eqMmseSoftDemapKernel<float, __half, __half, float, (unsigned int)4, (unsigned short)16383>(channel_eq::_puschRxChEqStatDescr *, channel_eq::_puschRxChEqSoftDemapDynDescr)"
4168140718,290013,257407,1,1,1,32,32,1,30,0.000,0.000,,,,,NVIDIA A100-SXM4-40GB MIG 4g.20gb (0),1,,13,"void convert_kernel<float2, __half2>(tensor_layout_any, T1 *, tensor_layout_any, const T2 *)"
4168433035,10912,257419,2253,1,1,128,1,1,16,0.000,0.000,,,,,NVIDIA A100-SXM4-40GB MIG 4g.20gb (0),1,,13,cupy_copy__float16_float16
4168448043,3551,257428,282,1,1,128,1,1,16,0.000,0.000,,,,,NVIDIA A100-SXM4-40GB MIG 4g.20gb (0),1,,13,cupy_copy__complex64_complex64
4168455018,2176,257437,26,1,1,128,1,1,16,0.000,0.000,,,,,NVIDIA A100-SXM4-40GB MIG 4g.20gb (0),1,,13,cupy_copy__float32_float32
4168458890,2880,257446,103,1,1,128,1,1,16,0.000,0.000,,,,,NVIDIA A100-SXM4-40GB MIG 4g.20gb (0),1,,13,cupy_copy__complex64_complex64
4168462826,12128,257456,1434,1,1,128,1,1,16,0.000,0.000,,,,,NVIDIA A100-SXM4-40GB MIG 4g.20gb (0),1,,13,cupy_copy__complex64_complex64
4168478730,86655,257461,1,1,1,32,32,1,30,0.000,0.000,,,,,NVIDIA A100-SXM4-40GB MIG 4g.20gb (0),1,,13,"void convert_kernel<__half2, float2>(tensor_layout_any, T1 *, tensor_layout_any, const T2 *)"
4168592649,5408,257464,,,,,,,,,,0.094,17325.421,Pinned,Device,NVIDIA A100-SXM4-40GB MIG 4g.20gb (0),1,,13,[CUDA memcpy Host-to-Device]
4168603689,598552,257465,,,,,,,,,,456.561,762457.605,Device,,NVIDIA A100-SXM4-40GB MIG 4g.20gb (0),1,,13,[CUDA memset]
4169213217,105983,257470,,,,,,,,,,1.235,11651.697,Pinned,Device,NVIDIA A100-SXM4-40GB MIG 4g.20gb (0),1,,13,[CUDA memcpy Host-to-Device]
4169329856,33727,257471,,,,,,,,,,0.197,5829.231,Pinned,Device,NVIDIA A100-SXM4-40GB MIG 4g.20gb (0),1,,13,[CUDA memcpy Host-to-Device]
4169380575,7584,257472,69,4,1,48,1,1,76,0.002,0.000,,,,,NVIDIA A100-SXM4-40GB MIG 4g.20gb (0),1,,13,"void ch_est::windowedChEstPreNoDftSOfdmKernel<float, __half, float, (unsigned int)2, (unsigned int)1, (unsigned short)4>(ch_est::puschRxChEstStatDescr_t *, ch_est::puschRxChEstDynDescr_t *)"
4169396127,6240,257473,137,2,1,24,2,1,44,0.001,0.001,,,,,NVIDIA A100-SXM4-40GB MIG 4g.20gb (0),1,,13,"void ch_est::chEstFilterNoDftSOfdmDispatchKernel<float, __half, float, (unsigned int)2>(ch_est::puschRxChEstStatDescr_t *, ch_est::puschRxChEstDynDescr_t *)"
4169409759,4736,257474,137,2,1,24,2,1,44,0.001,0.001,,,,,NVIDIA A100-SXM4-40GB MIG 4g.20gb (0),1,,13,"void ch_est::chEstFilterNoDftSOfdmDispatchKernel<float, __half, float, (unsigned int)2>(ch_est::puschRxChEstStatDescr_t *, ch_est::puschRxChEstDynDescr_t *)"
4169425502,2432,257485,103,1,1,128,1,1,16,0.000,0.000,,,,,NVIDIA A100-SXM4-40GB MIG 4g.20gb (0),1,,13,cupy_copy__complex64_complex64
4169439326,12288,257495,1434,1,1,128,1,1,16,0.000,0.000,,,,,NVIDIA A100-SXM4-40GB MIG 4g.20gb (0),1,,13,cupy_copy__complex64_complex64
4169457822,2432,257502,103,1,1,128,1,1,16,0.000,0.000,,,,,NVIDIA A100-SXM4-40GB MIG 4g.20gb (0),1,,13,cupy_copy__complex64_complex64
4169472958,85375,257509,1,1,1,32,32,1,30,0.000,0.000,,,,,NVIDIA A100-SXM4-40GB MIG 4g.20gb (0),1,,13,"void convert_kernel<__half2, float2>(tensor_layout_any, T1 *, tensor_layout_any, const T2 *)"
4169589244,19904,257512,,,,,,,,,,0.094,4707.381,Pinned,Device,NVIDIA A100-SXM4-40GB MIG 4g.20gb (0),1,,13,[CUDA memcpy Host-to-Device]
4169631164,46847,257513,,,,,,,,,,35.810,764398.552,Device,,NVIDIA A100-SXM4-40GB MIG 4g.20gb (0),1,,13,[CUDA memset]
4169683163,13632,257515,,,,,,,,,,0.000,5.868,Pinned,Device,NVIDIA A100-SXM4-40GB MIG 4g.20gb (0),1,,13,[CUDA memcpy Host-to-Device]
4169703995,23520,257516,,,,,,,,,,0.197,8359.182,Pinned,Device,NVIDIA A100-SXM4-40GB MIG 4g.20gb (0),1,,13,[CUDA memcpy Host-to-Device]
4169745083,9023,257517,273,1,1,48,1,1,40,0.000,0.001,,,,,NVIDIA A100-SXM4-40GB MIG 4g.20gb (0),1,,13,"void pusch_noise_intf_est::noiseIntfEstNoDftSOfdmKernel<float, __half, float, float, (unsigned int)2, (unsigned int)1, (unsigned char)4, (unsigned char)4>(pusch_noise_intf_est::puschRxNoiseIntfEstDynDescr)"
4169760634,2592,257528,35,1,1,128,1,1,16,0.000,0.000,,,,,NVIDIA A100-SXM4-40GB MIG 4g.20gb (0),1,,13,cupy_copy__complex64_complex64
4169769210,1728,257537,1,1,1,1,1,1,18,0.000,0.000,,,,,NVIDIA A100-SXM4-40GB MIG 4g.20gb (0),1,,13,cupy_copy__float32_float32
4169777786,6176,257543,,,,,,,,,,0.000,0.648,Device,Pageable,NVIDIA A100-SXM4-40GB MIG 4g.20gb (0),1,,7,[CUDA memcpy Device-to-Host]
4169853465,12960,257554,1434,1,1,128,1,1,16,0.000,0.000,,,,,NVIDIA A100-SXM4-40GB MIG 4g.20gb (0),1,,13,cupy_copy__complex64_complex64
4169891673,3328,257561,103,1,1,128,1,1,16,0.000,0.000,,,,,NVIDIA A100-SXM4-40GB MIG 4g.20gb (0),1,,13,cupy_copy__complex64_complex64
4169909689,2560,257568,35,1,1,128,1,1,16,0.000,0.000,,,,,NVIDIA A100-SXM4-40GB MIG 4g.20gb (0),1,,13,cupy_copy__complex64_complex64
4169925688,1792,257575,1,1,1,1,1,1,18,0.000,0.000,,,,,NVIDIA A100-SXM4-40GB MIG 4g.20gb (0),1,,13,cupy_copy__float32_float32
4170052919,87295,257586,1,1,1,32,32,1,30,0.000,0.000,,,,,NVIDIA A100-SXM4-40GB MIG 4g.20gb (0),1,,13,"void convert_kernel<__half2, float2>(tensor_layout_any, T1 *, tensor_layout_any, const T2 *)"
4170167797,5952,257589,,,,,,,,,,0.094,15741.865,Pinned,Device,NVIDIA A100-SXM4-40GB MIG 4g.20gb (0),1,,13,[CUDA memcpy Host-to-Device]
4170184949,3328,257590,,,,,,,,,,1.547,464729.580,Device,,NVIDIA A100-SXM4-40GB MIG 4g.20gb (0),1,,13,[CUDA memset]
4170188693,3296,257595,,,,,,,,,,0.031,9495.144,Pinned,Device,NVIDIA A100-SXM4-40GB MIG 4g.20gb (0),1,,13,[CUDA memcpy Host-to-Device]
4170194517,9504,257596,,,,,,,,,,0.197,20686.701,Pinned,Device,NVIDIA A100-SXM4-40GB MIG 4g.20gb (0),1,,13,[CUDA memcpy Host-to-Device]
4170209493,8416,257597,273,1,1,8,4,1,39,0.002,0.000,,,,,NVIDIA A100-SXM4-40GB MIG 4g.20gb (0),1,,13,"void channel_eq::eqMmseCoefCompLowMimoKernel<float, float, float, (unsigned int)4, (unsigned int)1, (unsigned int)4>(const channel_eq::_puschRxChEqStatDescr *, channel_eq::_puschRxChEqCoefCompDynDescr)"
4170222613,5760,257598,273,1,1,12,11,1,51,0.002,0.000,,,,,NVIDIA A100-SXM4-40GB MIG 4g.20gb (0),1,,13,"void channel_eq::eqMmseSoftDemapKernel<float, __half, __half, float, (unsigned int)4, (unsigned short)16383>(channel_eq::_puschRxChEqStatDescr *, channel_eq::_puschRxChEqSoftDemapDynDescr)"
4170231221,295036,257599,1,1,1,32,32,1,30,0.000,0.000,,,,,NVIDIA A100-SXM4-40GB MIG 4g.20gb (0),1,,13,"void convert_kernel<float2, __half2>(tensor_layout_any, T1 *, tensor_layout_any, const T2 *)"
4170527889,10912,257611,2253,1,1,128,1,1,16,0.000,0.000,,,,,NVIDIA A100-SXM4-40GB MIG 4g.20gb (0),1,,13,cupy_copy__float16_float16
4170541713,3648,257620,282,1,1,128,1,1,16,0.000,0.000,,,,,NVIDIA A100-SXM4-40GB MIG 4g.20gb (0),1,,13,cupy_copy__complex64_complex64
4170546993,2304,257629,26,1,1,128,1,1,16,0.000,0.000,,,,,NVIDIA A100-SXM4-40GB MIG 4g.20gb (0),1,,13,cupy_copy__float32_float32
4170551217,2816,257638,103,1,1,128,1,1,16,0.000,0.000,,,,,NVIDIA A100-SXM4-40GB MIG 4g.20gb (0),1,,13,cupy_copy__complex64_complex64
4170555441,12543,257648,1434,1,1,128,1,1,16,0.000,0.000,,,,,NVIDIA A100-SXM4-40GB MIG 4g.20gb (0),1,,13,cupy_copy__complex64_complex64
4170570384,83007,257653,1,1,1,32,32,1,30,0.000,0.000,,,,,NVIDIA A100-SXM4-40GB MIG 4g.20gb (0),1,,13,"void convert_kernel<__half2, float2>(tensor_layout_any, T1 *, tensor_layout_any, const T2 *)"
4170680495,5344,257656,,,,,,,,,,0.094,17532.864,Pinned,Device,NVIDIA A100-SXM4-40GB MIG 4g.20gb (0),1,,13,[CUDA memcpy Host-to-Device]
4170691983,595641,257657,,,,,,,,,,456.561,766110.096,Device,,NVIDIA A100-SXM4-40GB MIG 4g.20gb (0),1,,13,[CUDA memset]
4171296359,136959,257662,,,,,,,,,,1.235,9016.326,Pinned,Device,NVIDIA A100-SXM4-40GB MIG 4g.20gb (0),1,,13,[CUDA memcpy Host-to-Device]
4171444454,35039,257663,,,,,,,,,,0.197,5610.996,Pinned,Device,NVIDIA A100-SXM4-40GB MIG 4g.20gb (0),1,,13,[CUDA memcpy Host-to-Device]
4171502245,7392,257664,69,4,1,48,1,1,76,0.002,0.000,,,,,NVIDIA A100-SXM4-40GB MIG 4g.20gb (0),1,,13,"void ch_est::windowedChEstPreNoDftSOfdmKernel<float, __half, float, (unsigned int)2, (unsigned int)1, (unsigned short)4>(ch_est::puschRxChEstStatDescr_t *, ch_est::puschRxChEstDynDescr_t *)"
4171518277,6528,257665,137,2,1,24,2,1,44,0.001,0.001,,,,,NVIDIA A100-SXM4-40GB MIG 4g.20gb (0),1,,13,"void ch_est::chEstFilterNoDftSOfdmDispatchKernel<float, __half, float, (unsigned int)2>(ch_est::puschRxChEstStatDescr_t *, ch_est::puschRxChEstDynDescr_t *)"
4171527685,4800,257666,137,2,1,24,2,1,44,0.001,0.001,,,,,NVIDIA A100-SXM4-40GB MIG 4g.20gb (0),1,,13,"void ch_est::chEstFilterNoDftSOfdmDispatchKernel<float, __half, float, (unsigned int)2>(ch_est::puschRxChEstStatDescr_t *, ch_est::puschRxChEstDynDescr_t *)"
4171539556,2656,257677,103,1,1,128,1,1,16,0.000,0.000,,,,,NVIDIA A100-SXM4-40GB MIG 4g.20gb (0),1,,13,cupy_copy__complex64_complex64
4171548388,12384,257687,1434,1,1,128,1,1,16,0.000,0.000,,,,,NVIDIA A100-SXM4-40GB MIG 4g.20gb (0),1,,13,cupy_copy__complex64_complex64
4171563844,2592,257694,103,1,1,128,1,1,16,0.000,0.000,,,,,NVIDIA A100-SXM4-40GB MIG 4g.20gb (0),1,,13,cupy_copy__complex64_complex64
4171573060,85727,257701,1,1,1,32,32,1,30,0.000,0.000,,,,,NVIDIA A100-SXM4-40GB MIG 4g.20gb (0),1,,13,"void convert_kernel<__half2, float2>(tensor_layout_any, T1 *, tensor_layout_any, const T2 *)"
4171689059,12927,257704,,,,,,,,,,0.094,7248.041,Pinned,Device,NVIDIA A100-SXM4-40GB MIG 4g.20gb (0),1,,13,[CUDA memcpy Host-to-Device]
4171707426,46848,257705,,,,,,,,,,35.810,764362.742,Device,,NVIDIA A100-SXM4-40GB MIG 4g.20gb (0),1,,13,[CUDA memset]
4171755170,8864,257707,,,,,,,,,,0.000,9.025,Pinned,Device,NVIDIA A100-SXM4-40GB MIG 4g.20gb (0),1,,13,[CUDA memcpy Host-to-Device]
4171768482,22719,257708,,,,,,,,,,0.197,8653.898,Pinned,Device,NVIDIA A100-SXM4-40GB MIG 4g.20gb (0),1,,13,[CUDA memcpy Host-to-Device]
4171804737,10816,257709,273,1,1,48,1,1,40,0.000,0.001,,,,,NVIDIA A100-SXM4-40GB MIG 4g.20gb (0),1,,13,"void pusch_noise_intf_est::noiseIntfEstNoDftSOfdmKernel<float, __half, float, float, (unsigned int)2, (unsigned int)1, (unsigned char)4, (unsigned char)4>(pusch_noise_intf_est::puschRxNoiseIntfEstDynDescr)"
4171823169,2624,257720,35,1,1,128,1,1,16,0.000,0.000,,,,,NVIDIA A100-SXM4-40GB MIG 4g.20gb (0),1,,13,cupy_copy__complex64_complex64
4171832641,1696,257729,1,1,1,1,1,1,18,0.000,0.000,,,,,NVIDIA A100-SXM4-40GB MIG 4g.20gb (0),1,,13,cupy_copy__float32_float32
4171840385,7328,257735,,,,,,,,,,0.000,0.546,Device,Pageable,NVIDIA A100-SXM4-40GB MIG 4g.20gb (0),1,,7,[CUDA memcpy Device-to-Host]
4171922496,13184,257746,1434,1,1,128,1,1,16,0.000,0.000,,,,,NVIDIA A100-SXM4-40GB MIG 4g.20gb (0),1,,13,cupy_copy__complex64_complex64
4171949215,2976,257753,103,1,1,128,1,1,16,0.000,0.000,,,,,NVIDIA A100-SXM4-40GB MIG 4g.20gb (0),1,,13,cupy_copy__complex64_complex64
4171970143,2752,257760,35,1,1,128,1,1,16,0.000,0.000,,,,,NVIDIA A100-SXM4-40GB MIG 4g.20gb (0),1,,13,cupy_copy__complex64_complex64
4171997023,1760,257767,1,1,1,1,1,1,18,0.000,0.000,,,,,NVIDIA A100-SXM4-40GB MIG 4g.20gb (0),1,,13,cupy_copy__float32_float32
4172115805,81887,257778,1,1,1,32,32,1,30,0.000,0.000,,,,,NVIDIA A100-SXM4-40GB MIG 4g.20gb (0),1,,13,"void convert_kernel<__half2, float2>(tensor_layout_any, T1 *, tensor_layout_any, const T2 *)"
4172225980,5888,257781,,,,,,,,,,0.094,15912.954,Pinned,Device,NVIDIA A100-SXM4-40GB MIG 4g.20gb (0),1,,13,[CUDA memcpy Host-to-Device]
4172241756,3296,257782,,,,,,,,,,1.547,469242.628,Device,,NVIDIA A100-SXM4-40GB MIG 4g.20gb (0),1,,13,[CUDA memset]
4172247100,3360,257787,,,,,,,,,,0.031,9314.284,Pinned,Device,NVIDIA A100-SXM4-40GB MIG 4g.20gb (0),1,,13,[CUDA memcpy Host-to-Device]
4172253372,10080,257788,,,,,,,,,,0.197,19504.693,Pinned,Device,NVIDIA A100-SXM4-40GB MIG 4g.20gb (0),1,,13,[CUDA memcpy Host-to-Device]
4172268315,6432,257789,273,1,1,8,4,1,39,0.002,0.000,,,,,NVIDIA A100-SXM4-40GB MIG 4g.20gb (0),1,,13,"void channel_eq::eqMmseCoefCompLowMimoKernel<float, float, float, (unsigned int)4, (unsigned int)1, (unsigned int)4>(const channel_eq::_puschRxChEqStatDescr *, channel_eq::_puschRxChEqCoefCompDynDescr)"
4172275867,5568,257790,273,1,1,12,11,1,51,0.002,0.000,,,,,NVIDIA A100-SXM4-40GB MIG 4g.20gb (0),1,,13,"void channel_eq::eqMmseSoftDemapKernel<float, __half, __half, float, (unsigned int)4, (unsigned short)16383>(channel_eq::_puschRxChEqStatDescr *, channel_eq::_puschRxChEqSoftDemapDynDescr)"
4172282587,294749,257791,1,1,1,32,32,1,30,0.000,0.000,,,,,NVIDIA A100-SXM4-40GB MIG 4g.20gb (0),1,,13,"void convert_kernel<float2, __half2>(tensor_layout_any, T1 *, tensor_layout_any, const T2 *)"
4172578552,10976,257803,2253,1,1,128,1,1,16,0.000,0.000,,,,,NVIDIA A100-SXM4-40GB MIG 4g.20gb (0),1,,13,cupy_copy__float16_float16
4172595287,3008,257812,282,1,1,128,1,1,16,0.000,0.000,,,,,NVIDIA A100-SXM4-40GB MIG 4g.20gb (0),1,,13,cupy_copy__complex64_complex64
4172599543,2112,257821,26,1,1,128,1,1,16,0.000,0.000,,,,,NVIDIA A100-SXM4-40GB MIG 4g.20gb (0),1,,13,cupy_copy__float32_float32
4172603287,4864,257830,103,1,1,128,1,1,16,0.000,0.000,,,,,NVIDIA A100-SXM4-40GB MIG 4g.20gb (0),1,,13,cupy_copy__complex64_complex64
4172609271,12160,257840,1434,1,1,128,1,1,16,0.000,0.000,,,,,NVIDIA A100-SXM4-40GB MIG 4g.20gb (0),1,,13,cupy_copy__complex64_complex64
4172624695,87551,257845,1,1,1,32,32,1,30,0.000,0.000,,,,,NVIDIA A100-SXM4-40GB MIG 4g.20gb (0),1,,13,"void convert_kernel<__half2, float2>(tensor_layout_any, T1 *, tensor_layout_any, const T2 *)"
4172740438,5472,257848,,,,,,,,,,0.094,17122.757,Pinned,Device,NVIDIA A100-SXM4-40GB MIG 4g.20gb (0),1,,13,[CUDA memcpy Host-to-Device]
4172750230,597880,257849,,,,,,,,,,456.561,763370.728,Device,,NVIDIA A100-SXM4-40GB MIG 4g.20gb (0),1,,13,[CUDA memset]
4173352526,169630,257854,,,,,,,,,,1.235,7279.995,Pinned,Device,NVIDIA A100-SXM4-40GB MIG 4g.20gb (0),1,,13,[CUDA memcpy Host-to-Device]
4173533228,35551,257855,,,,,,,,,,0.197,5530.190,Pinned,Device,NVIDIA A100-SXM4-40GB MIG 4g.20gb (0),1,,13,[CUDA memcpy Host-to-Device]
4173591115,8160,257856,69,4,1,48,1,1,76,0.002,0.000,,,,,NVIDIA A100-SXM4-40GB MIG 4g.20gb (0),1,,13,"void ch_est::windowedChEstPreNoDftSOfdmKernel<float, __half, float, (unsigned int)2, (unsigned int)1, (unsigned short)4>(ch_est::puschRxChEstStatDescr_t *, ch_est::puschRxChEstDynDescr_t *)"
4173606635,6944,257857,137,2,1,24,2,1,44,0.001,0.001,,,,,NVIDIA A100-SXM4-40GB MIG 4g.20gb (0),1,,13,"void ch_est::chEstFilterNoDftSOfdmDispatchKernel<float, __half, float, (unsigned int)2>(ch_est::puschRxChEstStatDescr_t *, ch_est::puschRxChEstDynDescr_t *)"
4173619435,4800,257858,137,2,1,24,2,1,44,0.001,0.001,,,,,NVIDIA A100-SXM4-40GB MIG 4g.20gb (0),1,,13,"void ch_est::chEstFilterNoDftSOfdmDispatchKernel<float, __half, float, (unsigned int)2>(ch_est::puschRxChEstStatDescr_t *, ch_est::puschRxChEstDynDescr_t *)"
4173632075,2688,257869,103,1,1,128,1,1,16,0.000,0.000,,,,,NVIDIA A100-SXM4-40GB MIG 4g.20gb (0),1,,13,cupy_copy__complex64_complex64
4173644459,12703,257879,1434,1,1,128,1,1,16,0.000,0.000,,,,,NVIDIA A100-SXM4-40GB MIG 4g.20gb (0),1,,13,cupy_copy__complex64_complex64
4173659562,2912,257886,103,1,1,128,1,1,16,0.000,0.000,,,,,NVIDIA A100-SXM4-40GB MIG 4g.20gb (0),1,,13,cupy_copy__complex64_complex64
4173680554,84319,257893,1,1,1,32,32,1,30,0.000,0.000,,,,,NVIDIA A100-SXM4-40GB MIG 4g.20gb (0),1,,13,"void convert_kernel<__half2, float2>(tensor_layout_any, T1 *, tensor_layout_any, const T2 *)"
4173792873,5760,257896,,,,,,,,,,0.094,16266.656,Pinned,Device,NVIDIA A100-SXM4-40GB MIG 4g.20gb (0),1,,13,[CUDA memcpy Host-to-Device]
4173804585,46591,257897,,,,,,,,,,35.810,768588.313,Device,,NVIDIA A100-SXM4-40GB MIG 4g.20gb (0),1,,13,[CUDA memset]
4173859176,4608,257899,,,,,,,,,,0.000,17.361,Pinned,Device,NVIDIA A100-SXM4-40GB MIG 4g.20gb (0),1,,13,[CUDA memcpy Host-to-Device]
4173869128,14400,257900,,,,,,,,,,0.197,13653.246,Pinned,Device,NVIDIA A100-SXM4-40GB MIG 4g.20gb (0),1,,13,[CUDA memcpy Host-to-Device]
4173893287,10208,257901,273,1,1,48,1,1,40,0.000,0.001,,,,,NVIDIA A100-SXM4-40GB MIG 4g.20gb (0),1,,13,"void pusch_noise_intf_est::noiseIntfEstNoDftSOfdmKernel<float, __half, float, float, (unsigned int)2, (unsigned int)1, (unsigned char)4, (unsigned char)4>(pusch_noise_intf_est::puschRxNoiseIntfEstDynDescr)"
4173908647,3296,257912,35,1,1,128,1,1,16,0.000,0.000,,,,,NVIDIA A100-SXM4-40GB MIG 4g.20gb (0),1,,13,cupy_copy__complex64_complex64
4173913575,2048,257921,1,1,1,1,1,1,18,0.000,0.000,,,,,NVIDIA A100-SXM4-40GB MIG 4g.20gb (0),1,,13,cupy_copy__float32_float32
4173943303,1568,257927,,,,,,,,,,0.000,2.551,Device,Pageable,NVIDIA A100-SXM4-40GB MIG 4g.20gb (0),1,,7,[CUDA memcpy Device-to-Host]
4174004070,12896,257938,1434,1,1,128,1,1,16,0.000,0.000,,,,,NVIDIA A100-SXM4-40GB MIG 4g.20gb (0),1,,13,cupy_copy__complex64_complex64
4174029286,2816,257945,103,1,1,128,1,1,16,0.000,0.000,,,,,NVIDIA A100-SXM4-40GB MIG 4g.20gb (0),1,,13,cupy_copy__complex64_complex64
4174055845,2880,257952,35,1,1,128,1,1,16,0.000,0.000,,,,,NVIDIA A100-SXM4-40GB MIG 4g.20gb (0),1,,13,cupy_copy__complex64_complex64
4174072005,2048,257959,1,1,1,1,1,1,18,0.000,0.000,,,,,NVIDIA A100-SXM4-40GB MIG 4g.20gb (0),1,,13,cupy_copy__float32_float32
4174203044,87999,257970,1,1,1,32,32,1,30,0.000,0.000,,,,,NVIDIA A100-SXM4-40GB MIG 4g.20gb (0),1,,13,"void convert_kernel<__half2, float2>(tensor_layout_any, T1 *, tensor_layout_any, const T2 *)"
4174318818,5728,257973,,,,,,,,,,0.094,16357.541,Pinned,Device,NVIDIA A100-SXM4-40GB MIG 4g.20gb (0),1,,13,[CUDA memcpy Host-to-Device]
4174334434,3232,257974,,,,,,,,,,1.547,478533.199,Device,,NVIDIA A100-SXM4-40GB MIG 4g.20gb (0),1,,13,[CUDA memset]
4174340258,3680,257979,,,,,,,,,,0.031,8504.344,Pinned,Device,NVIDIA A100-SXM4-40GB MIG 4g.20gb (0),1,,13,[CUDA memcpy Host-to-Device]
4174346946,9856,257980,,,,,,,,,,0.197,19948.044,Pinned,Device,NVIDIA A100-SXM4-40GB MIG 4g.20gb (0),1,,13,[CUDA memcpy Host-to-Device]
4174362754,6304,257981,273,1,1,8,4,1,39,0.002,0.000,,,,,NVIDIA A100-SXM4-40GB MIG 4g.20gb (0),1,,13,"void channel_eq::eqMmseCoefCompLowMimoKernel<float, float, float, (unsigned int)4, (unsigned int)1, (unsigned int)4>(const channel_eq::_puschRxChEqStatDescr *, channel_eq::_puschRxChEqCoefCompDynDescr)"
4174370434,6143,257982,273,1,1,12,11,1,51,0.002,0.000,,,,,NVIDIA A100-SXM4-40GB MIG 4g.20gb (0),1,,13,"void channel_eq::eqMmseSoftDemapKernel<float, __half, __half, float, (unsigned int)4, (unsigned short)16383>(channel_eq::_puschRxChEqStatDescr *, channel_eq::_puschRxChEqSoftDemapDynDescr)"
4174378401,282493,257983,1,1,1,32,32,1,30,0.000,0.000,,,,,NVIDIA A100-SXM4-40GB MIG 4g.20gb (0),1,,13,"void convert_kernel<float2, __half2>(tensor_layout_any, T1 *, tensor_layout_any, const T2 *)"
4174661918,11008,257995,2253,1,1,128,1,1,16,0.000,0.000,,,,,NVIDIA A100-SXM4-40GB MIG 4g.20gb (0),1,,13,cupy_copy__float16_float16
4174676958,3360,258004,282,1,1,128,1,1,16,0.000,0.000,,,,,NVIDIA A100-SXM4-40GB MIG 4g.20gb (0),1,,13,cupy_copy__complex64_complex64
4174683294,2304,258013,26,1,1,128,1,1,16,0.000,0.000,,,,,NVIDIA A100-SXM4-40GB MIG 4g.20gb (0),1,,13,cupy_copy__float32_float32
4174686718,3104,258022,103,1,1,128,1,1,16,0.000,0.000,,,,,NVIDIA A100-SXM4-40GB MIG 4g.20gb (0),1,,13,cupy_copy__complex64_complex64
4174692094,12095,258032,1434,1,1,128,1,1,16,0.000,0.000,,,,,NVIDIA A100-SXM4-40GB MIG 4g.20gb (0),1,,13,cupy_copy__complex64_complex64
4174708221,81631,258037,1,1,1,32,32,1,30,0.000,0.000,,,,,NVIDIA A100-SXM4-40GB MIG 4g.20gb (0),1,,13,"void convert_kernel<__half2, float2>(tensor_layout_any, T1 *, tensor_layout_any, const T2 *)"
4174817340,5536,258040,,,,,,,,,,0.094,16924.777,Pinned,Device,NVIDIA A100-SXM4-40GB MIG 4g.20gb (0),1,,13,[CUDA memcpy Host-to-Device]
4174829948,598553,258041,,,,,,,,,,456.561,762457.605,Device,,NVIDIA A100-SXM4-40GB MIG 4g.20gb (0),1,,13,[CUDA memset]
4175434292,154879,258046,,,,,,,,,,1.235,7972.798,Pinned,Device,NVIDIA A100-SXM4-40GB MIG 4g.20gb (0),1,,13,[CUDA memcpy Host-to-Device]
4175601970,36608,258047,,,,,,,,,,0.197,5370.544,Pinned,Device,NVIDIA A100-SXM4-40GB MIG 4g.20gb (0),1,,13,[CUDA memcpy Host-to-Device]
4175664850,8256,258048,69,4,1,48,1,1,76,0.002,0.000,,,,,NVIDIA A100-SXM4-40GB MIG 4g.20gb (0),1,,13,"void ch_est::windowedChEstPreNoDftSOfdmKernel<float, __half, float, (unsigned int)2, (unsigned int)1, (unsigned short)4>(ch_est::puschRxChEstStatDescr_t *, ch_est::puschRxChEstDynDescr_t *)"
4175682385,6880,258049,137,2,1,24,2,1,44,0.001,0.001,,,,,NVIDIA A100-SXM4-40GB MIG 4g.20gb (0),1,,13,"void ch_est::chEstFilterNoDftSOfdmDispatchKernel<float, __half, float, (unsigned int)2>(ch_est::puschRxChEstStatDescr_t *, ch_est::puschRxChEstDynDescr_t *)"
4175702225,4672,258050,137,2,1,24,2,1,44,0.001,0.001,,,,,NVIDIA A100-SXM4-40GB MIG 4g.20gb (0),1,,13,"void ch_est::chEstFilterNoDftSOfdmDispatchKernel<float, __half, float, (unsigned int)2>(ch_est::puschRxChEstStatDescr_t *, ch_est::puschRxChEstDynDescr_t *)"
4175719057,2688,258061,103,1,1,128,1,1,16,0.000,0.000,,,,,NVIDIA A100-SXM4-40GB MIG 4g.20gb (0),1,,13,cupy_copy__complex64_complex64
4175735889,12352,258071,1434,1,1,128,1,1,16,0.000,0.000,,,,,NVIDIA A100-SXM4-40GB MIG 4g.20gb (0),1,,13,cupy_copy__complex64_complex64
4175754129,2911,258078,103,1,1,128,1,1,16,0.000,0.000,,,,,NVIDIA A100-SXM4-40GB MIG 4g.20gb (0),1,,13,cupy_copy__complex64_complex64
4175774032,96319,258085,1,1,1,32,32,1,30,0.000,0.000,,,,,NVIDIA A100-SXM4-40GB MIG 4g.20gb (0),1,,13,"void convert_kernel<__half2, float2>(tensor_layout_any, T1 *, tensor_layout_any, const T2 *)"
4175903919,22751,258088,,,,,,,,,,0.094,4118.314,Pinned,Device,NVIDIA A100-SXM4-40GB MIG 4g.20gb (0),1,,13,[CUDA memcpy Host-to-Device]
4175948238,46944,258089,,,,,,,,,,35.810,762787.106,Device,,NVIDIA A100-SXM4-40GB MIG 4g.20gb (0),1,,13,[CUDA memset]
4175999342,10975,258091,,,,,,,,,,0.000,7.289,Pinned,Device,NVIDIA A100-SXM4-40GB MIG 4g.20gb (0),1,,13,[CUDA memcpy Host-to-Device]
4176019917,17728,258092,,,,,,,,,,0.197,11090.067,Pinned,Device,NVIDIA A100-SXM4-40GB MIG 4g.20gb (0),1,,13,[CUDA memcpy Host-to-Device]
4176046413,9984,258093,273,1,1,48,1,1,40,0.000,0.001,,,,,NVIDIA A100-SXM4-40GB MIG 4g.20gb (0),1,,13,"void pusch_noise_intf_est::noiseIntfEstNoDftSOfdmKernel<float, __half, float, float, (unsigned int)2, (unsigned int)1, (unsigned char)4, (unsigned char)4>(pusch_noise_intf_est::puschRxNoiseIntfEstDynDescr)"
4176063565,2816,258104,35,1,1,128,1,1,16,0.000,0.000,,,,,NVIDIA A100-SXM4-40GB MIG 4g.20gb (0),1,,13,cupy_copy__complex64_complex64
4176070445,1696,258113,1,1,1,1,1,1,18,0.000,0.000,,,,,NVIDIA A100-SXM4-40GB MIG 4g.20gb (0),1,,13,cupy_copy__float32_float32
4176080109,1663,258119,,,,,,,,,,0.000,2.405,Device,Pageable,NVIDIA A100-SXM4-40GB MIG 4g.20gb (0),1,,7,[CUDA memcpy Device-to-Host]
4176140300,12544,258130,1434,1,1,128,1,1,16,0.000,0.000,,,,,NVIDIA A100-SXM4-40GB MIG 4g.20gb (0),1,,13,cupy_copy__complex64_complex64
4176170827,3008,258137,103,1,1,128,1,1,16,0.000,0.000,,,,,NVIDIA A100-SXM4-40GB MIG 4g.20gb (0),1,,13,cupy_copy__complex64_complex64
4176193195,2688,258144,35,1,1,128,1,1,16,0.000,0.000,,,,,NVIDIA A100-SXM4-40GB MIG 4g.20gb (0),1,,13,cupy_copy__complex64_complex64
4176210699,1952,258151,1,1,1,1,1,1,18,0.000,0.000,,,,,NVIDIA A100-SXM4-40GB MIG 4g.20gb (0),1,,13,cupy_copy__float32_float32
4176343945,82207,258162,1,1,1,32,32,1,30,0.000,0.000,,,,,NVIDIA A100-SXM4-40GB MIG 4g.20gb (0),1,,13,"void convert_kernel<__half2, float2>(tensor_layout_any, T1 *, tensor_layout_any, const T2 *)"
4176453864,5856,258165,,,,,,,,,,0.094,15999.997,Pinned,Device,NVIDIA A100-SXM4-40GB MIG 4g.20gb (0),1,,13,[CUDA memcpy Host-to-Device]
4176468264,3328,258166,,,,,,,,,,1.547,464729.580,Device,,NVIDIA A100-SXM4-40GB MIG 4g.20gb (0),1,,13,[CUDA memset]
4176474984,3392,258171,,,,,,,,,,0.031,9226.405,Pinned,Device,NVIDIA A100-SXM4-40GB MIG 4g.20gb (0),1,,13,[CUDA memcpy Host-to-Device]
4176480968,9439,258172,,,,,,,,,,0.197,20829.241,Pinned,Device,NVIDIA A100-SXM4-40GB MIG 4g.20gb (0),1,,13,[CUDA memcpy Host-to-Device]
4176496135,6720,258173,273,1,1,8,4,1,39,0.002,0.000,,,,,NVIDIA A100-SXM4-40GB MIG 4g.20gb (0),1,,13,"void channel_eq::eqMmseCoefCompLowMimoKernel<float, float, float, (unsigned int)4, (unsigned int)1, (unsigned int)4>(const channel_eq::_puschRxChEqStatDescr *, channel_eq::_puschRxChEqCoefCompDynDescr)"
4176505511,6048,258174,273,1,1,12,11,1,51,0.002,0.000,,,,,NVIDIA A100-SXM4-40GB MIG 4g.20gb (0),1,,13,"void channel_eq::eqMmseSoftDemapKernel<float, __half, __half, float, (unsigned int)4, (unsigned short)16383>(channel_eq::_puschRxChEqStatDescr *, channel_eq::_puschRxChEqSoftDemapDynDescr)"
4176513831,282397,258175,1,1,1,32,32,1,30,0.000,0.000,,,,,NVIDIA A100-SXM4-40GB MIG 4g.20gb (0),1,,13,"void convert_kernel<float2, __half2>(tensor_layout_any, T1 *, tensor_layout_any, const T2 *)"
4176797316,11008,258187,2253,1,1,128,1,1,16,0.000,0.000,,,,,NVIDIA A100-SXM4-40GB MIG 4g.20gb (0),1,,13,cupy_copy__float16_float16
4176813155,3072,258196,282,1,1,128,1,1,16,0.000,0.000,,,,,NVIDIA A100-SXM4-40GB MIG 4g.20gb (0),1,,13,cupy_copy__complex64_complex64
4176818787,2112,258205,26,1,1,128,1,1,16,0.000,0.000,,,,,NVIDIA A100-SXM4-40GB MIG 4g.20gb (0),1,,13,cupy_copy__float32_float32
4176823107,3392,258214,103,1,1,128,1,1,16,0.000,0.000,,,,,NVIDIA A100-SXM4-40GB MIG 4g.20gb (0),1,,13,cupy_copy__complex64_complex64
4176827459,11840,258224,1434,1,1,128,1,1,16,0.000,0.000,,,,,NVIDIA A100-SXM4-40GB MIG 4g.20gb (0),1,,13,cupy_copy__complex64_complex64
4176843619,87359,258229,1,1,1,32,32,1,30,0.000,0.000,,,,,NVIDIA A100-SXM4-40GB MIG 4g.20gb (0),1,,13,"void convert_kernel<__half2, float2>(tensor_layout_any, T1 *, tensor_layout_any, const T2 *)"
4176959042,5408,258232,,,,,,,,,,0.094,17325.421,Pinned,Device,NVIDIA A100-SXM4-40GB MIG 4g.20gb (0),1,,13,[CUDA memcpy Host-to-Device]
4176969602,600408,258233,,,,,,,,,,456.561,760174.798,Device,,NVIDIA A100-SXM4-40GB MIG 4g.20gb (0),1,,13,[CUDA memset]
4177575130,172542,258238,,,,,,,,,,1.235,7156.500,Pinned,Device,NVIDIA A100-SXM4-40GB MIG 4g.20gb (0),1,,13,[CUDA memcpy Host-to-Device]
4177760184,42015,258239,,,,,,,,,,0.197,4679.467,Pinned,Device,NVIDIA A100-SXM4-40GB MIG 4g.20gb (0),1,,13,[CUDA memcpy Host-to-Device]
4177823991,8032,258240,69,4,1,48,1,1,76,0.002,0.000,,,,,NVIDIA A100-SXM4-40GB MIG 4g.20gb (0),1,,13,"void ch_est::windowedChEstPreNoDftSOfdmKernel<float, __half, float, (unsigned int)2, (unsigned int)1, (unsigned short)4>(ch_est::puschRxChEstStatDescr_t *, ch_est::puschRxChEstDynDescr_t *)"
4177843447,6784,258241,137,2,1,24,2,1,44,0.001,0.001,,,,,NVIDIA A100-SXM4-40GB MIG 4g.20gb (0),1,,13,"void ch_est::chEstFilterNoDftSOfdmDispatchKernel<float, __half, float, (unsigned int)2>(ch_est::puschRxChEstStatDescr_t *, ch_est::puschRxChEstDynDescr_t *)"
4177860599,4768,258242,137,2,1,24,2,1,44,0.001,0.001,,,,,NVIDIA A100-SXM4-40GB MIG 4g.20gb (0),1,,13,"void ch_est::chEstFilterNoDftSOfdmDispatchKernel<float, __half, float, (unsigned int)2>(ch_est::puschRxChEstStatDescr_t *, ch_est::puschRxChEstDynDescr_t *)"
4177879926,2528,258253,103,1,1,128,1,1,16,0.000,0.000,,,,,NVIDIA A100-SXM4-40GB MIG 4g.20gb (0),1,,13,cupy_copy__complex64_complex64
4177896726,12416,258263,1434,1,1,128,1,1,16,0.000,0.000,,,,,NVIDIA A100-SXM4-40GB MIG 4g.20gb (0),1,,13,cupy_copy__complex64_complex64
4177915862,2944,258270,103,1,1,128,1,1,16,0.000,0.000,,,,,NVIDIA A100-SXM4-40GB MIG 4g.20gb (0),1,,13,cupy_copy__complex64_complex64
4177938710,90462,258277,1,1,1,32,32,1,30,0.000,0.000,,,,,NVIDIA A100-SXM4-40GB MIG 4g.20gb (0),1,,13,"void convert_kernel<__half2, float2>(tensor_layout_any, T1 *, tensor_layout_any, const T2 *)"
4178061684,27360,258280,,,,,,,,,,0.094,3424.495,Pinned,Device,NVIDIA A100-SXM4-40GB MIG 4g.20gb (0),1,,13,[CUDA memcpy Host-to-Device]
4178110515,47424,258281,,,,,,,,,,35.810,755087.973,Device,,NVIDIA A100-SXM4-40GB MIG 4g.20gb (0),1,,13,[CUDA memset]
4178162675,15136,258283,,,,,,,,,,0.000,5.285,Pinned,Device,NVIDIA A100-SXM4-40GB MIG 4g.20gb (0),1,,13,[CUDA memcpy Host-to-Device]
4178186067,46751,258284,,,,,,,,,,0.197,4205.249,Pinned,Device,NVIDIA A100-SXM4-40GB MIG 4g.20gb (0),1,,13,[CUDA memcpy Host-to-Device]
4178258066,9632,258285,273,1,1,48,1,1,40,0.000,0.001,,,,,NVIDIA A100-SXM4-40GB MIG 4g.20gb (0),1,,13,"void pusch_noise_intf_est::noiseIntfEstNoDftSOfdmKernel<float, __half, float, float, (unsigned int)2, (unsigned int)1, (unsigned char)4, (unsigned char)4>(pusch_noise_intf_est::puschRxNoiseIntfEstDynDescr)"
4178274193,2816,258296,35,1,1,128,1,1,16,0.000,0.000,,,,,NVIDIA A100-SXM4-40GB MIG 4g.20gb (0),1,,13,cupy_copy__complex64_complex64
4178290993,1696,258305,1,1,1,1,1,1,18,0.000,0.000,,,,,NVIDIA A100-SXM4-40GB MIG 4g.20gb (0),1,,13,cupy_copy__float32_float32
4178300433,6688,258311,,,,,,,,,,0.000,0.598,Device,Pageable,NVIDIA A100-SXM4-40GB MIG 4g.20gb (0),1,,7,[CUDA memcpy Device-to-Host]
4178392944,12832,258322,1434,1,1,128,1,1,16,0.000,0.000,,,,,NVIDIA A100-SXM4-40GB MIG 4g.20gb (0),1,,13,cupy_copy__complex64_complex64
4178422192,3456,258329,103,1,1,128,1,1,16,0.000,0.000,,,,,NVIDIA A100-SXM4-40GB MIG 4g.20gb (0),1,,13,cupy_copy__complex64_complex64
4178436143,2496,258336,35,1,1,128,1,1,16,0.000,0.000,,,,,NVIDIA A100-SXM4-40GB MIG 4g.20gb (0),1,,13,cupy_copy__complex64_complex64
4178456879,1888,258343,1,1,1,1,1,1,18,0.000,0.000,,,,,NVIDIA A100-SXM4-40GB MIG 4g.20gb (0),1,,13,cupy_copy__float32_float32
4178582094,86815,258354,1,1,1,32,32,1,30,0.000,0.000,,,,,NVIDIA A100-SXM4-40GB MIG 4g.20gb (0),1,,13,"void convert_kernel<__half2, float2>(tensor_layout_any, T1 *, tensor_layout_any, const T2 *)"
4178696844,5696,258357,,,,,,,,,,0.094,16449.363,Pinned,Device,NVIDIA A100-SXM4-40GB MIG 4g.20gb (0),1,,13,[CUDA memcpy Host-to-Device]
4178713036,3552,258358,,,,,,,,,,1.547,435422.601,Device,,NVIDIA A100-SXM4-40GB MIG 4g.20gb (0),1,,13,[CUDA memset]
4178717932,3104,258363,,,,,,,,,,0.031,10082.445,Pinned,Device,NVIDIA A100-SXM4-40GB MIG 4g.20gb (0),1,,13,[CUDA memcpy Host-to-Device]
4178723564,9440,258364,,,,,,,,,,0.197,20827.079,Pinned,Device,NVIDIA A100-SXM4-40GB MIG 4g.20gb (0),1,,13,[CUDA memcpy Host-to-Device]
4178736588,8576,258365,273,1,1,8,4,1,39,0.002,0.000,,,,,NVIDIA A100-SXM4-40GB MIG 4g.20gb (0),1,,13,"void channel_eq::eqMmseCoefCompLowMimoKernel<float, float, float, (unsigned int)4, (unsigned int)1, (unsigned int)4>(const channel_eq::_puschRxChEqStatDescr *, channel_eq::_puschRxChEqCoefCompDynDescr)"
4178746444,5760,258366,273,1,1,12,11,1,51,0.002,0.000,,,,,NVIDIA A100-SXM4-40GB MIG 4g.20gb (0),1,,13,"void channel_eq::eqMmseSoftDemapKernel<float, __half, __half, float, (unsigned int)4, (unsigned short)16383>(channel_eq::_puschRxChEqStatDescr *, channel_eq::_puschRxChEqSoftDemapDynDescr)"
4178753644,282076,258367,1,1,1,32,32,1,30,0.000,0.000,,,,,NVIDIA A100-SXM4-40GB MIG 4g.20gb (0),1,,13,"void convert_kernel<float2, __half2>(tensor_layout_any, T1 *, tensor_layout_any, const T2 *)"
4179037352,10944,258379,2253,1,1,128,1,1,16,0.000,0.000,,,,,NVIDIA A100-SXM4-40GB MIG 4g.20gb (0),1,,13,cupy_copy__float16_float16
4179051816,3680,258388,282,1,1,128,1,1,16,0.000,0.000,,,,,NVIDIA A100-SXM4-40GB MIG 4g.20gb (0),1,,13,cupy_copy__complex64_complex64
4179056584,2016,258397,26,1,1,128,1,1,16,0.000,0.000,,,,,NVIDIA A100-SXM4-40GB MIG 4g.20gb (0),1,,13,cupy_copy__float32_float32
4179060328,4640,258406,103,1,1,128,1,1,16,0.000,0.000,,,,,NVIDIA A100-SXM4-40GB MIG 4g.20gb (0),1,,13,cupy_copy__complex64_complex64
4179069576,12192,258416,1434,1,1,128,1,1,16,0.000,0.000,,,,,NVIDIA A100-SXM4-40GB MIG 4g.20gb (0),1,,13,cupy_copy__complex64_complex64
4179096391,83135,258421,1,1,1,32,32,1,30,0.000,0.000,,,,,NVIDIA A100-SXM4-40GB MIG 4g.20gb (0),1,,13,"void convert_kernel<__half2, float2>(tensor_layout_any, T1 *, tensor_layout_any, const T2 *)"
4179206310,5792,258424,,,,,,,,,,0.094,16176.708,Pinned,Device,NVIDIA A100-SXM4-40GB MIG 4g.20gb (0),1,,13,[CUDA memcpy Host-to-Device]
4179216486,600280,258425,,,,,,,,,,456.561,760174.798,Device,,NVIDIA A100-SXM4-40GB MIG 4g.20gb (0),1,,13,[CUDA memset]
4179820126,70016,258430,,,,,,,,,,1.235,17637.470,Pinned,Device,NVIDIA A100-SXM4-40GB MIG 4g.20gb (0),1,,13,[CUDA memcpy Host-to-Device]
4179894910,16511,258431,,,,,,,,,,0.197,11907.564,Pinned,Device,NVIDIA A100-SXM4-40GB MIG 4g.20gb (0),1,,13,[CUDA memcpy Host-to-Device]
4179919677,8544,258432,69,4,1,48,1,1,76,0.002,0.000,,,,,NVIDIA A100-SXM4-40GB MIG 4g.20gb (0),1,,13,"void ch_est::windowedChEstPreNoDftSOfdmKernel<float, __half, float, (unsigned int)2, (unsigned int)1, (unsigned short)4>(ch_est::puschRxChEstStatDescr_t *, ch_est::puschRxChEstDynDescr_t *)"
4179932093,7136,258433,137,2,1,24,2,1,44,0.001,0.001,,,,,NVIDIA A100-SXM4-40GB MIG 4g.20gb (0),1,,13,"void ch_est::chEstFilterNoDftSOfdmDispatchKernel<float, __half, float, (unsigned int)2>(ch_est::puschRxChEstStatDescr_t *, ch_est::puschRxChEstDynDescr_t *)"
4179943837,5248,258434,137,2,1,24,2,1,44,0.001,0.001,,,,,NVIDIA A100-SXM4-40GB MIG 4g.20gb (0),1,,13,"void ch_est::chEstFilterNoDftSOfdmDispatchKernel<float, __half, float, (unsigned int)2>(ch_est::puschRxChEstStatDescr_t *, ch_est::puschRxChEstDynDescr_t *)"
4179952061,2496,258445,103,1,1,128,1,1,16,0.000,0.000,,,,,NVIDIA A100-SXM4-40GB MIG 4g.20gb (0),1,,13,cupy_copy__complex64_complex64
4179956669,12800,258455,1434,1,1,128,1,1,16,0.000,0.000,,,,,NVIDIA A100-SXM4-40GB MIG 4g.20gb (0),1,,13,cupy_copy__complex64_complex64
4179973437,3327,258462,103,1,1,128,1,1,16,0.000,0.000,,,,,NVIDIA A100-SXM4-40GB MIG 4g.20gb (0),1,,13,cupy_copy__complex64_complex64
4179980060,86015,258469,1,1,1,32,32,1,30,0.000,0.000,,,,,NVIDIA A100-SXM4-40GB MIG 4g.20gb (0),1,,13,"void convert_kernel<__half2, float2>(tensor_layout_any, T1 *, tensor_layout_any, const T2 *)"
4180093627,5568,258472,,,,,,,,,,0.094,16827.521,Pinned,Device,NVIDIA A100-SXM4-40GB MIG 4g.20gb (0),1,,13,[CUDA memcpy Host-to-Device]
4180106395,47647,258473,,,,,,,,,,35.810,751542.791,Device,,NVIDIA A100-SXM4-40GB MIG 4g.20gb (0),1,,13,[CUDA memset]
4180158970,3520,258475,,,,,,,,,,0.000,22.727,Pinned,Device,NVIDIA A100-SXM4-40GB MIG 4g.20gb (0),1,,13,[CUDA memcpy Host-to-Device]
4180165722,11776,258476,,,,,,,,,,0.197,16695.558,Pinned,Device,NVIDIA A100-SXM4-40GB MIG 4g.20gb (0),1,,13,[CUDA memcpy Host-to-Device]
4180187514,10208,258477,273,1,1,48,1,1,40,0.000,0.001,,,,,NVIDIA A100-SXM4-40GB MIG 4g.20gb (0),1,,13,"void pusch_noise_intf_est::noiseIntfEstNoDftSOfdmKernel<float, __half, float, float, (unsigned int)2, (unsigned int)1, (unsigned char)4, (unsigned char)4>(pusch_noise_intf_est::puschRxNoiseIntfEstDynDescr)"
4180202138,3232,258488,35,1,1,128,1,1,16,0.000,0.000,,,,,NVIDIA A100-SXM4-40GB MIG 4g.20gb (0),1,,13,cupy_copy__complex64_complex64
4180215162,1824,258497,1,1,1,1,1,1,18,0.000,0.000,,,,,NVIDIA A100-SXM4-40GB MIG 4g.20gb (0),1,,13,cupy_copy__float32_float32
4180248281,2016,258503,,,,,,,,,,0.000,1.984,Device,Pageable,NVIDIA A100-SXM4-40GB MIG 4g.20gb (0),1,,7,[CUDA memcpy Device-to-Host]
4180308984,13056,258514,1434,1,1,128,1,1,16,0.000,0.000,,,,,NVIDIA A100-SXM4-40GB MIG 4g.20gb (0),1,,13,cupy_copy__complex64_complex64
4180336440,2752,258521,103,1,1,128,1,1,16,0.000,0.000,,,,,NVIDIA A100-SXM4-40GB MIG 4g.20gb (0),1,,13,cupy_copy__complex64_complex64
4180358104,2560,258528,35,1,1,128,1,1,16,0.000,0.000,,,,,NVIDIA A100-SXM4-40GB MIG 4g.20gb (0),1,,13,cupy_copy__complex64_complex64
4180375960,1824,258535,1,1,1,1,1,1,18,0.000,0.000,,,,,NVIDIA A100-SXM4-40GB MIG 4g.20gb (0),1,,13,cupy_copy__float32_float32
4180507574,81439,258546,1,1,1,32,32,1,30,0.000,0.000,,,,,NVIDIA A100-SXM4-40GB MIG 4g.20gb (0),1,,13,"void convert_kernel<__half2, float2>(tensor_layout_any, T1 *, tensor_layout_any, const T2 *)"
4180616405,5472,258549,,,,,,,,,,0.094,17122.757,Pinned,Device,NVIDIA A100-SXM4-40GB MIG 4g.20gb (0),1,,13,[CUDA memcpy Host-to-Device]
4180630804,3168,258550,,,,,,,,,,1.547,488201.145,Device,,NVIDIA A100-SXM4-40GB MIG 4g.20gb (0),1,,13,[CUDA memset]
4180637588,3200,258555,,,,,,,,,,0.031,9780.000,Pinned,Device,NVIDIA A100-SXM4-40GB MIG 4g.20gb (0),1,,13,[CUDA memcpy Host-to-Device]
4180643188,9440,258556,,,,,,,,,,0.197,20827.079,Pinned,Device,NVIDIA A100-SXM4-40GB MIG 4g.20gb (0),1,,13,[CUDA memcpy Host-to-Device]
4180659252,6560,258557,273,1,1,8,4,1,39,0.002,0.000,,,,,NVIDIA A100-SXM4-40GB MIG 4g.20gb (0),1,,13,"void channel_eq::eqMmseCoefCompLowMimoKernel<float, float, float, (unsigned int)4, (unsigned int)1, (unsigned int)4>(const channel_eq::_puschRxChEqStatDescr *, channel_eq::_puschRxChEqCoefCompDynDescr)"
4180668244,6592,258558,273,1,1,12,11,1,51,0.002,0.000,,,,,NVIDIA A100-SXM4-40GB MIG 4g.20gb (0),1,,13,"void channel_eq::eqMmseSoftDemapKernel<float, __half, __half, float, (unsigned int)4, (unsigned short)16383>(channel_eq::_puschRxChEqStatDescr *, channel_eq::_puschRxChEqSoftDemapDynDescr)"
4180676212,295004,258559,1,1,1,32,32,1,30,0.000,0.000,,,,,NVIDIA A100-SXM4-40GB MIG 4g.20gb (0),1,,13,"void convert_kernel<float2, __half2>(tensor_layout_any, T1 *, tensor_layout_any, const T2 *)"
4180972848,10944,258571,2253,1,1,128,1,1,16,0.000,0.000,,,,,NVIDIA A100-SXM4-40GB MIG 4g.20gb (0),1,,13,cupy_copy__float16_float16
4180986640,3680,258580,282,1,1,128,1,1,16,0.000,0.000,,,,,NVIDIA A100-SXM4-40GB MIG 4g.20gb (0),1,,13,cupy_copy__complex64_complex64
4180992304,2464,258589,26,1,1,128,1,1,16,0.000,0.000,,,,,NVIDIA A100-SXM4-40GB MIG 4g.20gb (0),1,,13,cupy_copy__float32_float32
4180997392,3296,258598,103,1,1,128,1,1,16,0.000,0.000,,,,,NVIDIA A100-SXM4-40GB MIG 4g.20gb (0),1,,13,cupy_copy__complex64_complex64
4181002736,12128,258608,1434,1,1,128,1,1,16,0.000,0.000,,,,,NVIDIA A100-SXM4-40GB MIG 4g.20gb (0),1,,13,cupy_copy__complex64_complex64
4181032495,87743,258613,1,1,1,32,32,1,30,0.000,0.000,,,,,NVIDIA A100-SXM4-40GB MIG 4g.20gb (0),1,,13,"void convert_kernel<__half2, float2>(tensor_layout_any, T1 *, tensor_layout_any, const T2 *)"
4181147246,5664,258616,,,,,,,,,,0.094,16542.310,Pinned,Device,NVIDIA A100-SXM4-40GB MIG 4g.20gb (0),1,,13,[CUDA memcpy Host-to-Device]
4181157006,597657,258617,,,,,,,,,,456.561,763827.289,Device,,NVIDIA A100-SXM4-40GB MIG 4g.20gb (0),1,,13,[CUDA memset]
4181763942,137823,258622,,,,,,,,,,1.235,8959.519,Pinned,Device,NVIDIA A100-SXM4-40GB MIG 4g.20gb (0),1,,13,[CUDA memcpy Host-to-Device]
4181915173,40127,258623,,,,,,,,,,0.197,4899.471,Pinned,Device,NVIDIA A100-SXM4-40GB MIG 4g.20gb (0),1,,13,[CUDA memcpy Host-to-Device]
4181973188,8320,258624,69,4,1,48,1,1,76,0.002,0.000,,,,,NVIDIA A100-SXM4-40GB MIG 4g.20gb (0),1,,13,"void ch_est::windowedChEstPreNoDftSOfdmKernel<float, __half, float, (unsigned int)2, (unsigned int)1, (unsigned short)4>(ch_est::puschRxChEstStatDescr_t *, ch_est::puschRxChEstDynDescr_t *)"
4181986820,7072,258625,137,2,1,24,2,1,44,0.001,0.001,,,,,NVIDIA A100-SXM4-40GB MIG 4g.20gb (0),1,,13,"void ch_est::chEstFilterNoDftSOfdmDispatchKernel<float, __half, float, (unsigned int)2>(ch_est::puschRxChEstStatDescr_t *, ch_est::puschRxChEstDynDescr_t *)"
4181999524,5056,258626,137,2,1,24,2,1,44,0.001,0.001,,,,,NVIDIA A100-SXM4-40GB MIG 4g.20gb (0),1,,13,"void ch_est::chEstFilterNoDftSOfdmDispatchKernel<float, __half, float, (unsigned int)2>(ch_est::puschRxChEstStatDescr_t *, ch_est::puschRxChEstDynDescr_t *)"
4182009603,2624,258637,103,1,1,128,1,1,16,0.000,0.000,,,,,NVIDIA A100-SXM4-40GB MIG 4g.20gb (0),1,,13,cupy_copy__complex64_complex64
4182020355,12512,258647,1434,1,1,128,1,1,16,0.000,0.000,,,,,NVIDIA A100-SXM4-40GB MIG 4g.20gb (0),1,,13,cupy_copy__complex64_complex64
4182038947,2496,258654,103,1,1,128,1,1,16,0.000,0.000,,,,,NVIDIA A100-SXM4-40GB MIG 4g.20gb (0),1,,13,cupy_copy__complex64_complex64
4182050051,83967,258661,1,1,1,32,32,1,30,0.000,0.000,,,,,NVIDIA A100-SXM4-40GB MIG 4g.20gb (0),1,,13,"void convert_kernel<__half2, float2>(tensor_layout_any, T1 *, tensor_layout_any, const T2 *)"
4182161506,5568,258664,,,,,,,,,,0.094,16827.521,Pinned,Device,NVIDIA A100-SXM4-40GB MIG 4g.20gb (0),1,,13,[CUDA memcpy Host-to-Device]
4182175809,47264,258665,,,,,,,,,,35.810,757630.477,Device,,NVIDIA A100-SXM4-40GB MIG 4g.20gb (0),1,,13,[CUDA memset]
4182227297,3808,258667,,,,,,,,,,0.000,21.008,Pinned,Device,NVIDIA A100-SXM4-40GB MIG 4g.20gb (0),1,,13,[CUDA memcpy Host-to-Device]
4182235361,12448,258668,,,,,,,,,,0.197,15794.307,Pinned,Device,NVIDIA A100-SXM4-40GB MIG 4g.20gb (0),1,,13,[CUDA memcpy Host-to-Device]
4182256160,10304,258669,273,1,1,48,1,1,40,0.000,0.001,,,,,NVIDIA A100-SXM4-40GB MIG 4g.20gb (0),1,,13,"void pusch_noise_intf_est::noiseIntfEstNoDftSOfdmKernel<float, __half, float, float, (unsigned int)2, (unsigned int)1, (unsigned char)4, (unsigned char)4>(pusch_noise_intf_est::puschRxNoiseIntfEstDynDescr)"
4182271744,3008,258680,35,1,1,128,1,1,16,0.000,0.000,,,,,NVIDIA A100-SXM4-40GB MIG 4g.20gb (0),1,,13,cupy_copy__complex64_complex64
4182287072,1792,258689,1,1,1,1,1,1,18,0.000,0.000,,,,,NVIDIA A100-SXM4-40GB MIG 4g.20gb (0),1,,13,cupy_copy__float32_float32
4182316992,1728,258695,,,,,,,,,,0.000,2.315,Device,Pageable,NVIDIA A100-SXM4-40GB MIG 4g.20gb (0),1,,7,[CUDA memcpy Device-to-Host]
4182378175,12800,258706,1434,1,1,128,1,1,16,0.000,0.000,,,,,NVIDIA A100-SXM4-40GB MIG 4g.20gb (0),1,,13,cupy_copy__complex64_complex64
4182406911,2624,258713,103,1,1,128,1,1,16,0.000,0.000,,,,,NVIDIA A100-SXM4-40GB MIG 4g.20gb (0),1,,13,cupy_copy__complex64_complex64
4182427102,2560,258720,35,1,1,128,1,1,16,0.000,0.000,,,,,NVIDIA A100-SXM4-40GB MIG 4g.20gb (0),1,,13,cupy_copy__complex64_complex64
4182444446,1792,258727,1,1,1,1,1,1,18,0.000,0.000,,,,,NVIDIA A100-SXM4-40GB MIG 4g.20gb (0),1,,13,cupy_copy__float32_float32
4182575068,81791,258738,1,1,1,32,32,1,30,0.000,0.000,,,,,NVIDIA A100-SXM4-40GB MIG 4g.20gb (0),1,,13,"void convert_kernel<__half2, float2>(tensor_layout_any, T1 *, tensor_layout_any, const T2 *)"
4182685147,5600,258741,,,,,,,,,,0.094,16731.388,Pinned,Device,NVIDIA A100-SXM4-40GB MIG 4g.20gb (0),1,,13,[CUDA memcpy Host-to-Device]
4182699899,3328,258742,,,,,,,,,,1.547,464729.580,Device,,NVIDIA A100-SXM4-40GB MIG 4g.20gb (0),1,,13,[CUDA memset]
4182706523,3040,258747,,,,,,,,,,0.031,10294.725,Pinned,Device,NVIDIA A100-SXM4-40GB MIG 4g.20gb (0),1,,13,[CUDA memcpy Host-to-Device]
4182712155,9792,258748,,,,,,,,,,0.197,20078.395,Pinned,Device,NVIDIA A100-SXM4-40GB MIG 4g.20gb (0),1,,13,[CUDA memcpy Host-to-Device]
4182725659,8096,258749,273,1,1,8,4,1,39,0.002,0.000,,,,,NVIDIA A100-SXM4-40GB MIG 4g.20gb (0),1,,13,"void channel_eq::eqMmseCoefCompLowMimoKernel<float, float, float, (unsigned int)4, (unsigned int)1, (unsigned int)4>(const channel_eq::_puschRxChEqStatDescr *, channel_eq::_puschRxChEqCoefCompDynDescr)"
4182735579,6527,258750,273,1,1,12,11,1,51,0.002,0.000,,,,,NVIDIA A100-SXM4-40GB MIG 4g.20gb (0),1,,13,"void channel_eq::eqMmseSoftDemapKernel<float, __half, __half, float, (unsigned int)4, (unsigned short)16383>(channel_eq::_puschRxChEqStatDescr *, channel_eq::_puschRxChEqSoftDemapDynDescr)"
4182744762,294461,258751,1,1,1,32,32,1,30,0.000,0.000,,,,,NVIDIA A100-SXM4-40GB MIG 4g.20gb (0),1,,13,"void convert_kernel<float2, __half2>(tensor_layout_any, T1 *, tensor_layout_any, const T2 *)"
4183040215,11008,258763,2253,1,1,128,1,1,16,0.000,0.000,,,,,NVIDIA A100-SXM4-40GB MIG 4g.20gb (0),1,,13,cupy_copy__float16_float16
4183055799,2656,258772,282,1,1,128,1,1,16,0.000,0.000,,,,,NVIDIA A100-SXM4-40GB MIG 4g.20gb (0),1,,13,cupy_copy__complex64_complex64
4183060630,2304,258781,26,1,1,128,1,1,16,0.000,0.000,,,,,NVIDIA A100-SXM4-40GB MIG 4g.20gb (0),1,,13,cupy_copy__float32_float32
4183063990,2912,258790,103,1,1,128,1,1,16,0.000,0.000,,,,,NVIDIA A100-SXM4-40GB MIG 4g.20gb (0),1,,13,cupy_copy__complex64_complex64
4183069654,12064,258800,1434,1,1,128,1,1,16,0.000,0.000,,,,,NVIDIA A100-SXM4-40GB MIG 4g.20gb (0),1,,13,cupy_copy__complex64_complex64
4183086998,81247,258805,1,1,1,32,32,1,30,0.000,0.000,,,,,NVIDIA A100-SXM4-40GB MIG 4g.20gb (0),1,,13,"void convert_kernel<__half2, float2>(tensor_layout_any, T1 *, tensor_layout_any, const T2 *)"
4183195093,5696,258808,,,,,,,,,,0.094,16449.363,Pinned,Device,NVIDIA A100-SXM4-40GB MIG 4g.20gb (0),1,,13,[CUDA memcpy Host-to-Device]
4183205173,598520,258809,,,,,,,,,,456.561,762457.605,Device,,NVIDIA A100-SXM4-40GB MIG 4g.20gb (0),1,,13,[CUDA memset]
4183811533,166974,258814,,,,,,,,,,1.235,7394.845,Pinned,Device,NVIDIA A100-SXM4-40GB MIG 4g.20gb (0),1,,13,[CUDA memcpy Host-to-Device]
4183991147,40064,258815,,,,,,,,,,0.197,4907.336,Pinned,Device,NVIDIA A100-SXM4-40GB MIG 4g.20gb (0),1,,13,[CUDA memcpy Host-to-Device]
4184053290,8256,258816,69,4,1,48,1,1,76,0.002,0.000,,,,,NVIDIA A100-SXM4-40GB MIG 4g.20gb (0),1,,13,"void ch_est::windowedChEstPreNoDftSOfdmKernel<float, __half, float, (unsigned int)2, (unsigned int)1, (unsigned short)4>(ch_est::puschRxChEstStatDescr_t *, ch_est::puschRxChEstDynDescr_t *)"
4184071370,6976,258817,137,2,1,24,2,1,44,0.001,0.001,,,,,NVIDIA A100-SXM4-40GB MIG 4g.20gb (0),1,,13,"void ch_est::chEstFilterNoDftSOfdmDispatchKernel<float, __half, float, (unsigned int)2>(ch_est::puschRxChEstStatDescr_t *, ch_est::puschRxChEstDynDescr_t *)"
4184090794,4736,258818,137,2,1,24,2,1,44,0.001,0.001,,,,,NVIDIA A100-SXM4-40GB MIG 4g.20gb (0),1,,13,"void ch_est::chEstFilterNoDftSOfdmDispatchKernel<float, __half, float, (unsigned int)2>(ch_est::puschRxChEstStatDescr_t *, ch_est::puschRxChEstDynDescr_t *)"
4184107882,2688,258829,103,1,1,128,1,1,16,0.000,0.000,,,,,NVIDIA A100-SXM4-40GB MIG 4g.20gb (0),1,,13,cupy_copy__complex64_complex64
4184124745,12384,258839,1434,1,1,128,1,1,16,0.000,0.000,,,,,NVIDIA A100-SXM4-40GB MIG 4g.20gb (0),1,,13,cupy_copy__complex64_complex64
4184146633,2528,258846,103,1,1,128,1,1,16,0.000,0.000,,,,,NVIDIA A100-SXM4-40GB MIG 4g.20gb (0),1,,13,cupy_copy__complex64_complex64
4184169225,93119,258853,1,1,1,32,32,1,30,0.000,0.000,,,,,NVIDIA A100-SXM4-40GB MIG 4g.20gb (0),1,,13,"void convert_kernel<__half2, float2>(tensor_layout_any, T1 *, tensor_layout_any, const T2 *)"
4184295367,12064,258856,,,,,,,,,,0.094,7766.555,Pinned,Device,NVIDIA A100-SXM4-40GB MIG 4g.20gb (0),1,,13,[CUDA memcpy Host-to-Device]
4184319975,47903,258857,,,,,,,,,,35.810,747532.080,Device,,NVIDIA A100-SXM4-40GB MIG 4g.20gb (0),1,,13,[CUDA memset]
4184373702,5760,258859,,,,,,,,,,0.000,13.889,Pinned,Device,NVIDIA A100-SXM4-40GB MIG 4g.20gb (0),1,,13,[CUDA memcpy Host-to-Device]
4184386278,18816,258860,,,,,,,,,,0.197,10448.929,Pinned,Device,NVIDIA A100-SXM4-40GB MIG 4g.20gb (0),1,,13,[CUDA memcpy Host-to-Device]
4184416454,9760,258861,273,1,1,48,1,1,40,0.000,0.001,,,,,NVIDIA A100-SXM4-40GB MIG 4g.20gb (0),1,,13,"void pusch_noise_intf_est::noiseIntfEstNoDftSOfdmKernel<float, __half, float, float, (unsigned int)2, (unsigned int)1, (unsigned char)4, (unsigned char)4>(pusch_noise_intf_est::puschRxNoiseIntfEstDynDescr)"
4184431110,2816,258872,35,1,1,128,1,1,16,0.000,0.000,,,,,NVIDIA A100-SXM4-40GB MIG 4g.20gb (0),1,,13,cupy_copy__complex64_complex64
4184441349,1984,258881,1,1,1,1,1,1,18,0.000,0.000,,,,,NVIDIA A100-SXM4-40GB MIG 4g.20gb (0),1,,13,cupy_copy__float32_float32
4184447557,5920,258887,,,,,,,,,,0.000,0.676,Device,Pageable,NVIDIA A100-SXM4-40GB MIG 4g.20gb (0),1,,7,[CUDA memcpy Device-to-Host]
4184516453,12927,258898,1434,1,1,128,1,1,16,0.000,0.000,,,,,NVIDIA A100-SXM4-40GB MIG 4g.20gb (0),1,,13,cupy_copy__complex64_complex64
4184544164,3008,258905,103,1,1,128,1,1,16,0.000,0.000,,,,,NVIDIA A100-SXM4-40GB MIG 4g.20gb (0),1,,13,cupy_copy__complex64_complex64
4184564100,2176,258912,35,1,1,128,1,1,16,0.000,0.000,,,,,NVIDIA A100-SXM4-40GB MIG 4g.20gb (0),1,,13,cupy_copy__complex64_complex64
4184582340,1760,258919,1,1,1,1,1,1,18,0.000,0.000,,,,,NVIDIA A100-SXM4-40GB MIG 4g.20gb (0),1,,13,cupy_copy__float32_float32
4184714562,81343,258930,1,1,1,32,32,1,30,0.000,0.000,,,,,NVIDIA A100-SXM4-40GB MIG 4g.20gb (0),1,,13,"void convert_kernel<__half2, float2>(tensor_layout_any, T1 *, tensor_layout_any, const T2 *)"
4184823617,5504,258933,,,,,,,,,,0.094,17023.251,Pinned,Device,NVIDIA A100-SXM4-40GB MIG 4g.20gb (0),1,,13,[CUDA memcpy Host-to-Device]
4184839905,3424,258934,,,,,,,,,,1.547,451700.819,Device,,NVIDIA A100-SXM4-40GB MIG 4g.20gb (0),1,,13,[CUDA memset]
4184844801,3519,258939,,,,,,,,,,0.031,8893.416,Pinned,Device,NVIDIA A100-SXM4-40GB MIG 4g.20gb (0),1,,13,[CUDA memcpy Host-to-Device]
4184850624,9408,258940,,,,,,,,,,0.197,20897.858,Pinned,Device,NVIDIA A100-SXM4-40GB MIG 4g.20gb (0),1,,13,[CUDA memcpy Host-to-Device]
4184864512,8320,258941,273,1,1,8,4,1,39,0.002,0.000,,,,,NVIDIA A100-SXM4-40GB MIG 4g.20gb (0),1,,13,"void channel_eq::eqMmseCoefCompLowMimoKernel<float, float, float, (unsigned int)4, (unsigned int)1, (unsigned int)4>(const channel_eq::_puschRxChEqStatDescr *, channel_eq::_puschRxChEqCoefCompDynDescr)"
4184874624,6208,258942,273,1,1,12,11,1,51,0.002,0.000,,,,,NVIDIA A100-SXM4-40GB MIG 4g.20gb (0),1,,13,"void channel_eq::eqMmseSoftDemapKernel<float, __half, __half, float, (unsigned int)4, (unsigned short)16383>(channel_eq::_puschRxChEqStatDescr *, channel_eq::_puschRxChEqSoftDemapDynDescr)"
4184881856,294620,258943,1,1,1,32,32,1,30,0.000,0.000,,,,,NVIDIA A100-SXM4-40GB MIG 4g.20gb (0),1,,13,"void convert_kernel<float2, __half2>(tensor_layout_any, T1 *, tensor_layout_any, const T2 *)"
4185178748,10848,258955,2253,1,1,128,1,1,16,0.000,0.000,,,,,NVIDIA A100-SXM4-40GB MIG 4g.20gb (0),1,,13,cupy_copy__float16_float16
4185190972,3712,258964,282,1,1,128,1,1,16,0.000,0.000,,,,,NVIDIA A100-SXM4-40GB MIG 4g.20gb (0),1,,13,cupy_copy__complex64_complex64
4185197660,2112,258973,26,1,1,128,1,1,16,0.000,0.000,,,,,NVIDIA A100-SXM4-40GB MIG 4g.20gb (0),1,,13,cupy_copy__float32_float32
4185200860,2912,258982,103,1,1,128,1,1,16,0.000,0.000,,,,,NVIDIA A100-SXM4-40GB MIG 4g.20gb (0),1,,13,cupy_copy__complex64_complex64
4185205916,11936,258992,1434,1,1,128,1,1,16,0.000,0.000,,,,,NVIDIA A100-SXM4-40GB MIG 4g.20gb (0),1,,13,cupy_copy__complex64_complex64
4185222940,81471,258997,1,1,1,32,32,1,30,0.000,0.000,,,,,NVIDIA A100-SXM4-40GB MIG 4g.20gb (0),1,,13,"void convert_kernel<__half2, float2>(tensor_layout_any, T1 *, tensor_layout_any, const T2 *)"
4185332379,5631,259000,,,,,,,,,,0.094,16639.285,Pinned,Device,NVIDIA A100-SXM4-40GB MIG 4g.20gb (0),1,,13,[CUDA memcpy Host-to-Device]
4185343898,601305,259001,,,,,,,,,,456.561,759261.675,Device,,NVIDIA A100-SXM4-40GB MIG 4g.20gb (0),1,,13,[CUDA memset]
4185949459,154686,259006,,,,,,,,,,1.235,7982.678,Pinned,Device,NVIDIA A100-SXM4-40GB MIG 4g.20gb (0),1,,13,[CUDA memcpy Host-to-Device]
4186117969,42015,259007,,,,,,,,,,0.197,4679.467,Pinned,Device,NVIDIA A100-SXM4-40GB MIG 4g.20gb (0),1,,13,[CUDA memcpy Host-to-Device]
4186182064,8672,259008,69,4,1,48,1,1,76,0.002,0.000,,,,,NVIDIA A100-SXM4-40GB MIG 4g.20gb (0),1,,13,"void ch_est::windowedChEstPreNoDftSOfdmKernel<float, __half, float, (unsigned int)2, (unsigned int)1, (unsigned short)4>(ch_est::puschRxChEstStatDescr_t *, ch_est::puschRxChEstDynDescr_t *)"
4186201456,6336,259009,137,2,1,24,2,1,44,0.001,0.001,,,,,NVIDIA A100-SXM4-40GB MIG 4g.20gb (0),1,,13,"void ch_est::chEstFilterNoDftSOfdmDispatchKernel<float, __half, float, (unsigned int)2>(ch_est::puschRxChEstStatDescr_t *, ch_est::puschRxChEstDynDescr_t *)"
4186218768,4704,259010,137,2,1,24,2,1,44,0.001,0.001,,,,,NVIDIA A100-SXM4-40GB MIG 4g.20gb (0),1,,13,"void ch_est::chEstFilterNoDftSOfdmDispatchKernel<float, __half, float, (unsigned int)2>(ch_est::puschRxChEstStatDescr_t *, ch_est::puschRxChEstDynDescr_t *)"
4186238031,2656,259021,103,1,1,128,1,1,16,0.000,0.000,,,,,NVIDIA A100-SXM4-40GB MIG 4g.20gb (0),1,,13,cupy_copy__complex64_complex64
4186254639,12384,259031,1434,1,1,128,1,1,16,0.000,0.000,,,,,NVIDIA A100-SXM4-40GB MIG 4g.20gb (0),1,,13,cupy_copy__complex64_complex64
4186274191,2528,259038,103,1,1,128,1,1,16,0.000,0.000,,,,,NVIDIA A100-SXM4-40GB MIG 4g.20gb (0),1,,13,cupy_copy__complex64_complex64
4186295567,87295,259045,1,1,1,32,32,1,30,0.000,0.000,,,,,NVIDIA A100-SXM4-40GB MIG 4g.20gb (0),1,,13,"void convert_kernel<__half2, float2>(tensor_layout_any, T1 *, tensor_layout_any, const T2 *)"
4186414253,26752,259048,,,,,,,,,,0.094,3502.356,Pinned,Device,NVIDIA A100-SXM4-40GB MIG 4g.20gb (0),1,,13,[CUDA memcpy Host-to-Device]
4186471628,47296,259049,,,,,,,,,,35.810,757129.139,Device,,NVIDIA A100-SXM4-40GB MIG 4g.20gb (0),1,,13,[CUDA memset]
4186528044,13696,259051,,,,,,,,,,0.000,5.841,Pinned,Device,NVIDIA A100-SXM4-40GB MIG 4g.20gb (0),1,,13,[CUDA memcpy Host-to-Device]
4186551467,36544,259052,,,,,,,,,,0.197,5379.981,Pinned,Device,NVIDIA A100-SXM4-40GB MIG 4g.20gb (0),1,,13,[CUDA memcpy Host-to-Device]
4186617163,9664,259053,273,1,1,48,1,1,40,0.000,0.001,,,,,NVIDIA A100-SXM4-40GB MIG 4g.20gb (0),1,,13,"void pusch_noise_intf_est::noiseIntfEstNoDftSOfdmKernel<float, __half, float, float, (unsigned int)2, (unsigned int)1, (unsigned char)4, (unsigned char)4>(pusch_noise_intf_est::puschRxNoiseIntfEstDynDescr)"
4186632586,3040,259064,35,1,1,128,1,1,16,0.000,0.000,,,,,NVIDIA A100-SXM4-40GB MIG 4g.20gb (0),1,,13,cupy_copy__complex64_complex64
4186644010,1696,259073,1,1,1,1,1,1,18,0.000,0.000,,,,,NVIDIA A100-SXM4-40GB MIG 4g.20gb (0),1,,13,cupy_copy__float32_float32
4186646346,6912,259079,,,,,,,,,,0.000,0.579,Device,Pageable,NVIDIA A100-SXM4-40GB MIG 4g.20gb (0),1,,7,[CUDA memcpy Device-to-Host]
4186728073,12928,259090,1434,1,1,128,1,1,16,0.000,0.000,,,,,NVIDIA A100-SXM4-40GB MIG 4g.20gb (0),1,,13,cupy_copy__complex64_complex64
4186754985,3392,259097,103,1,1,128,1,1,16,0.000,0.000,,,,,NVIDIA A100-SXM4-40GB MIG 4g.20gb (0),1,,13,cupy_copy__complex64_complex64
4186773033,2784,259104,35,1,1,128,1,1,16,0.000,0.000,,,,,NVIDIA A100-SXM4-40GB MIG 4g.20gb (0),1,,13,cupy_copy__complex64_complex64
4186795528,1760,259111,1,1,1,1,1,1,18,0.000,0.000,,,,,NVIDIA A100-SXM4-40GB MIG 4g.20gb (0),1,,13,cupy_copy__float32_float32
4186936327,87615,259122,1,1,1,32,32,1,30,0.000,0.000,,,,,NVIDIA A100-SXM4-40GB MIG 4g.20gb (0),1,,13,"void convert_kernel<__half2, float2>(tensor_layout_any, T1 *, tensor_layout_any, const T2 *)"
4187051749,5696,259125,,,,,,,,,,0.094,16449.363,Pinned,Device,NVIDIA A100-SXM4-40GB MIG 4g.20gb (0),1,,13,[CUDA memcpy Host-to-Device]
4187066053,3520,259126,,,,,,,,,,1.547,439380.412,Device,,NVIDIA A100-SXM4-40GB MIG 4g.20gb (0),1,,13,[CUDA memset]
4187072933,3616,259131,,,,,,,,,,0.031,8654.846,Pinned,Device,NVIDIA A100-SXM4-40GB MIG 4g.20gb (0),1,,13,[CUDA memcpy Host-to-Device]
4187078949,9632,259132,,,,,,,,,,0.197,20411.843,Pinned,Device,NVIDIA A100-SXM4-40GB MIG 4g.20gb (0),1,,13,[CUDA memcpy Host-to-Device]
4187093061,6304,259133,273,1,1,8,4,1,39,0.002,0.000,,,,,NVIDIA A100-SXM4-40GB MIG 4g.20gb (0),1,,13,"void channel_eq::eqMmseCoefCompLowMimoKernel<float, float, float, (unsigned int)4, (unsigned int)1, (unsigned int)4>(const channel_eq::_puschRxChEqStatDescr *, channel_eq::_puschRxChEqCoefCompDynDescr)"
4187100357,6016,259134,273,1,1,12,11,1,51,0.002,0.000,,,,,NVIDIA A100-SXM4-40GB MIG 4g.20gb (0),1,,13,"void channel_eq::eqMmseSoftDemapKernel<float, __half, __half, float, (unsigned int)4, (unsigned short)16383>(channel_eq::_puschRxChEqStatDescr *, channel_eq::_puschRxChEqSoftDemapDynDescr)"
4187107333,294748,259135,1,1,1,32,32,1,30,0.000,0.000,,,,,NVIDIA A100-SXM4-40GB MIG 4g.20gb (0),1,,13,"void convert_kernel<float2, __half2>(tensor_layout_any, T1 *, tensor_layout_any, const T2 *)"
4187403169,10880,259147,2253,1,1,128,1,1,16,0.000,0.000,,,,,NVIDIA A100-SXM4-40GB MIG 4g.20gb (0),1,,13,cupy_copy__float16_float16
4187417601,3744,259156,282,1,1,128,1,1,16,0.000,0.000,,,,,NVIDIA A100-SXM4-40GB MIG 4g.20gb (0),1,,13,cupy_copy__complex64_complex64
4187423617,2432,259165,26,1,1,128,1,1,16,0.000,0.000,,,,,NVIDIA A100-SXM4-40GB MIG 4g.20gb (0),1,,13,cupy_copy__float32_float32
4187427745,2976,259174,103,1,1,128,1,1,16,0.000,0.000,,,,,NVIDIA A100-SXM4-40GB MIG 4g.20gb (0),1,,13,cupy_copy__complex64_complex64
4187431745,12479,259184,1434,1,1,128,1,1,16,0.000,0.000,,,,,NVIDIA A100-SXM4-40GB MIG 4g.20gb (0),1,,13,cupy_copy__complex64_complex64
4187447936,87263,259189,1,1,1,32,32,1,30,0.000,0.000,,,,,NVIDIA A100-SXM4-40GB MIG 4g.20gb (0),1,,13,"void convert_kernel<__half2, float2>(tensor_layout_any, T1 *, tensor_layout_any, const T2 *)"
4187562239,5856,259192,,,,,,,,,,0.094,15999.997,Pinned,Device,NVIDIA A100-SXM4-40GB MIG 4g.20gb (0),1,,13,[CUDA memcpy Host-to-Device]
4187572703,597817,259193,,,,,,,,,,456.561,763370.728,Device,,NVIDIA A100-SXM4-40GB MIG 4g.20gb (0),1,,13,[CUDA memset]
4188177271,100863,259198,,,,,,,,,,1.235,12243.235,Pinned,Device,NVIDIA A100-SXM4-40GB MIG 4g.20gb (0),1,,13,[CUDA memcpy Host-to-Device]
4188289174,30688,259199,,,,,,,,,,0.197,6406.668,Pinned,Device,NVIDIA A100-SXM4-40GB MIG 4g.20gb (0),1,,13,[CUDA memcpy Host-to-Device]
4188340661,8320,259200,69,4,1,48,1,1,76,0.002,0.000,,,,,NVIDIA A100-SXM4-40GB MIG 4g.20gb (0),1,,13,"void ch_est::windowedChEstPreNoDftSOfdmKernel<float, __half, float, (unsigned int)2, (unsigned int)1, (unsigned short)4>(ch_est::puschRxChEstStatDescr_t *, ch_est::puschRxChEstDynDescr_t *)"
4188351829,7520,259201,137,2,1,24,2,1,44,0.001,0.001,,,,,NVIDIA A100-SXM4-40GB MIG 4g.20gb (0),1,,13,"void ch_est::chEstFilterNoDftSOfdmDispatchKernel<float, __half, float, (unsigned int)2>(ch_est::puschRxChEstStatDescr_t *, ch_est::puschRxChEstDynDescr_t *)"
4188371573,5440,259202,137,2,1,24,2,1,44,0.001,0.001,,,,,NVIDIA A100-SXM4-40GB MIG 4g.20gb (0),1,,13,"void ch_est::chEstFilterNoDftSOfdmDispatchKernel<float, __half, float, (unsigned int)2>(ch_est::puschRxChEstStatDescr_t *, ch_est::puschRxChEstDynDescr_t *)"
4188379861,2368,259213,103,1,1,128,1,1,16,0.000,0.000,,,,,NVIDIA A100-SXM4-40GB MIG 4g.20gb (0),1,,13,cupy_copy__complex64_complex64
4188393205,12736,259223,1434,1,1,128,1,1,16,0.000,0.000,,,,,NVIDIA A100-SXM4-40GB MIG 4g.20gb (0),1,,13,cupy_copy__complex64_complex64
4188407509,2592,259230,103,1,1,128,1,1,16,0.000,0.000,,,,,NVIDIA A100-SXM4-40GB MIG 4g.20gb (0),1,,13,cupy_copy__complex64_complex64
4188414101,85662,259237,1,1,1,32,32,1,30,0.000,0.000,,,,,NVIDIA A100-SXM4-40GB MIG 4g.20gb (0),1,,13,"void convert_kernel<__half2, float2>(tensor_layout_any, T1 *, tensor_layout_any, const T2 *)"
4188531699,13728,259240,,,,,,,,,,0.094,6825.098,Pinned,Device,NVIDIA A100-SXM4-40GB MIG 4g.20gb (0),1,,13,[CUDA memcpy Host-to-Device]
4188554547,47903,259241,,,,,,,,,,35.810,747532.080,Device,,NVIDIA A100-SXM4-40GB MIG 4g.20gb (0),1,,13,[CUDA memset]
4188605682,11040,259243,,,,,,,,,,0.000,7.246,Pinned,Device,NVIDIA A100-SXM4-40GB MIG 4g.20gb (0),1,,13,[CUDA memcpy Host-to-Device]
4188629362,22560,259244,,,,,,,,,,0.197,8714.846,Pinned,Device,NVIDIA A100-SXM4-40GB MIG 4g.20gb (0),1,,13,[CUDA memcpy Host-to-Device]
4188668913,9760,259245,273,1,1,48,1,1,40,0.000,0.001,,,,,NVIDIA A100-SXM4-40GB MIG 4g.20gb (0),1,,13,"void pusch_noise_intf_est::noiseIntfEstNoDftSOfdmKernel<float, __half, float, float, (unsigned int)2, (unsigned int)1, (unsigned char)4, (unsigned char)4>(pusch_noise_intf_est::puschRxNoiseIntfEstDynDescr)"
4188684753,2592,259256,35,1,1,128,1,1,16,0.000,0.000,,,,,NVIDIA A100-SXM4-40GB MIG 4g.20gb (0),1,,13,cupy_copy__complex64_complex64
4188700209,1696,259265,1,1,1,1,1,1,18,0.000,0.000,,,,,NVIDIA A100-SXM4-40GB MIG 4g.20gb (0),1,,13,cupy_copy__float32_float32
4188704849,6304,259271,,,,,,,,,,0.000,0.635,Device,Pageable,NVIDIA A100-SXM4-40GB MIG 4g.20gb (0),1,,7,[CUDA memcpy Device-to-Host]
4188805808,12832,259282,1434,1,1,128,1,1,16,0.000,0.000,,,,,NVIDIA A100-SXM4-40GB MIG 4g.20gb (0),1,,13,cupy_copy__complex64_complex64
4188828911,2720,259289,103,1,1,128,1,1,16,0.000,0.000,,,,,NVIDIA A100-SXM4-40GB MIG 4g.20gb (0),1,,13,cupy_copy__complex64_complex64
4188847951,2560,259296,35,1,1,128,1,1,16,0.000,0.000,,,,,NVIDIA A100-SXM4-40GB MIG 4g.20gb (0),1,,13,cupy_copy__complex64_complex64
4188852079,1728,259303,1,1,1,1,1,1,18,0.000,0.000,,,,,NVIDIA A100-SXM4-40GB MIG 4g.20gb (0),1,,13,cupy_copy__float32_float32
4188994381,86463,259314,1,1,1,32,32,1,30,0.000,0.000,,,,,NVIDIA A100-SXM4-40GB MIG 4g.20gb (0),1,,13,"void convert_kernel<__half2, float2>(tensor_layout_any, T1 *, tensor_layout_any, const T2 *)"
4189114284,15328,259317,,,,,,,,,,0.094,6112.727,Pinned,Device,NVIDIA A100-SXM4-40GB MIG 4g.20gb (0),1,,13,[CUDA memcpy Host-to-Device]
4189143948,3296,259318,,,,,,,,,,1.547,469242.628,Device,,NVIDIA A100-SXM4-40GB MIG 4g.20gb (0),1,,13,[CUDA memset]
4189149483,4608,259323,,,,,,,,,,0.031,6791.639,Pinned,Device,NVIDIA A100-SXM4-40GB MIG 4g.20gb (0),1,,13,[CUDA memcpy Host-to-Device]
4189160875,18784,259324,,,,,,,,,,0.197,10466.623,Pinned,Device,NVIDIA A100-SXM4-40GB MIG 4g.20gb (0),1,,13,[CUDA memcpy Host-to-Device]
4189189291,5888,259325,273,1,1,8,4,1,39,0.002,0.000,,,,,NVIDIA A100-SXM4-40GB MIG 4g.20gb (0),1,,13,"void channel_eq::eqMmseCoefCompLowMimoKernel<float, float, float, (unsigned int)4, (unsigned int)1, (unsigned int)4>(const channel_eq::_puschRxChEqStatDescr *, channel_eq::_puschRxChEqCoefCompDynDescr)"
4189197419,5664,259326,273,1,1,12,11,1,51,0.002,0.000,,,,,NVIDIA A100-SXM4-40GB MIG 4g.20gb (0),1,,13,"void channel_eq::eqMmseSoftDemapKernel<float, __half, __half, float, (unsigned int)4, (unsigned short)16383>(channel_eq::_puschRxChEqStatDescr *, channel_eq::_puschRxChEqSoftDemapDynDescr)"
4189206891,294460,259327,1,1,1,32,32,1,30,0.000,0.000,,,,,NVIDIA A100-SXM4-40GB MIG 4g.20gb (0),1,,13,"void convert_kernel<float2, __half2>(tensor_layout_any, T1 *, tensor_layout_any, const T2 *)"
4189504135,10912,259339,2253,1,1,128,1,1,16,0.000,0.000,,,,,NVIDIA A100-SXM4-40GB MIG 4g.20gb (0),1,,13,cupy_copy__float16_float16
4189516551,3008,259348,282,1,1,128,1,1,16,0.000,0.000,,,,,NVIDIA A100-SXM4-40GB MIG 4g.20gb (0),1,,13,cupy_copy__complex64_complex64
4189520903,2112,259357,26,1,1,128,1,1,16,0.000,0.000,,,,,NVIDIA A100-SXM4-40GB MIG 4g.20gb (0),1,,13,cupy_copy__float32_float32
4189524807,3104,259366,103,1,1,128,1,1,16,0.000,0.000,,,,,NVIDIA A100-SXM4-40GB MIG 4g.20gb (0),1,,13,cupy_copy__complex64_complex64
4189528903,12096,259376,1434,1,1,128,1,1,16,0.000,0.000,,,,,NVIDIA A100-SXM4-40GB MIG 4g.20gb (0),1,,13,cupy_copy__complex64_complex64
4189545223,87967,259381,1,1,1,32,32,1,30,0.000,0.000,,,,,NVIDIA A100-SXM4-40GB MIG 4g.20gb (0),1,,13,"void convert_kernel<__half2, float2>(tensor_layout_any, T1 *, tensor_layout_any, const T2 *)"
4189660101,5568,259384,,,,,,,,,,0.094,16827.521,Pinned,Device,NVIDIA A100-SXM4-40GB MIG 4g.20gb (0),1,,13,[CUDA memcpy Host-to-Device]
4189670821,599929,259385,,,,,,,,,,456.561,760631.359,Device,,NVIDIA A100-SXM4-40GB MIG 4g.20gb (0),1,,13,[CUDA memset]
4190283869,126687,259390,,,,,,,,,,1.235,9747.413,Pinned,Device,NVIDIA A100-SXM4-40GB MIG 4g.20gb (0),1,,13,[CUDA memcpy Host-to-Device]
4190421820,32703,259391,,,,,,,,,,0.197,6011.879,Pinned,Device,NVIDIA A100-SXM4-40GB MIG 4g.20gb (0),1,,13,[CUDA memcpy Host-to-Device]
4190472155,8064,259392,69,4,1,48,1,1,76,0.002,0.000,,,,,NVIDIA A100-SXM4-40GB MIG 4g.20gb (0),1,,13,"void ch_est::windowedChEstPreNoDftSOfdmKernel<float, __half, float, (unsigned int)2, (unsigned int)1, (unsigned short)4>(ch_est::puschRxChEstStatDescr_t *, ch_est::puschRxChEstDynDescr_t *)"
4190483035,7328,259393,137,2,1,24,2,1,44,0.001,0.001,,,,,NVIDIA A100-SXM4-40GB MIG 4g.20gb (0),1,,13,"void ch_est::chEstFilterNoDftSOfdmDispatchKernel<float, __half, float, (unsigned int)2>(ch_est::puschRxChEstStatDescr_t *, ch_est::puschRxChEstDynDescr_t *)"
4190496763,5216,259394,137,2,1,24,2,1,44,0.001,0.001,,,,,NVIDIA A100-SXM4-40GB MIG 4g.20gb (0),1,,13,"void ch_est::chEstFilterNoDftSOfdmDispatchKernel<float, __half, float, (unsigned int)2>(ch_est::puschRxChEstStatDescr_t *, ch_est::puschRxChEstDynDescr_t *)"
4190507355,3040,259405,103,1,1,128,1,1,16,0.000,0.000,,,,,NVIDIA A100-SXM4-40GB MIG 4g.20gb (0),1,,13,cupy_copy__complex64_complex64
4190522363,12863,259415,1434,1,1,128,1,1,16,0.000,0.000,,,,,NVIDIA A100-SXM4-40GB MIG 4g.20gb (0),1,,13,cupy_copy__complex64_complex64
4190540954,2560,259422,103,1,1,128,1,1,16,0.000,0.000,,,,,NVIDIA A100-SXM4-40GB MIG 4g.20gb (0),1,,13,cupy_copy__complex64_complex64
4190551130,87455,259429,1,1,1,32,32,1,30,0.000,0.000,,,,,NVIDIA A100-SXM4-40GB MIG 4g.20gb (0),1,,13,"void convert_kernel<__half2, float2>(tensor_layout_any, T1 *, tensor_layout_any, const T2 *)"
4190669081,12768,259432,,,,,,,,,,0.094,7338.271,Pinned,Device,NVIDIA A100-SXM4-40GB MIG 4g.20gb (0),1,,13,[CUDA memcpy Host-to-Device]
4190686777,48479,259433,,,,,,,,,,35.810,738651.220,Device,,NVIDIA A100-SXM4-40GB MIG 4g.20gb (0),1,,13,[CUDA memset]
4190739800,8608,259435,,,,,,,,,,0.000,9.294,Pinned,Device,NVIDIA A100-SXM4-40GB MIG 4g.20gb (0),1,,13,[CUDA memcpy Host-to-Device]
4190754072,15872,259436,,,,,,,,,,0.197,12387.090,Pinned,Device,NVIDIA A100-SXM4-40GB MIG 4g.20gb (0),1,,13,[CUDA memcpy Host-to-Device]
4190789911,9824,259437,273,1,1,48,1,1,40,0.000,0.001,,,,,NVIDIA A100-SXM4-40GB MIG 4g.20gb (0),1,,13,"void pusch_noise_intf_est::noiseIntfEstNoDftSOfdmKernel<float, __half, float, float, (unsigned int)2, (unsigned int)1, (unsigned char)4, (unsigned char)4>(pusch_noise_intf_est::puschRxNoiseIntfEstDynDescr)"
4190808023,3040,259448,35,1,1,128,1,1,16,0.000,0.000,,,,,NVIDIA A100-SXM4-40GB MIG 4g.20gb (0),1,,13,cupy_copy__complex64_complex64
4190819351,1824,259457,1,1,1,1,1,1,18,0.000,0.000,,,,,NVIDIA A100-SXM4-40GB MIG 4g.20gb (0),1,,13,cupy_copy__float32_float32
4190826167,6912,259463,,,,,,,,,,0.000,0.579,Device,Pageable,NVIDIA A100-SXM4-40GB MIG 4g.20gb (0),1,,7,[CUDA memcpy Device-to-Host]
4190911350,13024,259474,1434,1,1,128,1,1,16,0.000,0.000,,,,,NVIDIA A100-SXM4-40GB MIG 4g.20gb (0),1,,13,cupy_copy__complex64_complex64
4190936949,2816,259481,103,1,1,128,1,1,16,0.000,0.000,,,,,NVIDIA A100-SXM4-40GB MIG 4g.20gb (0),1,,13,cupy_copy__complex64_complex64
4190954677,2688,259488,35,1,1,128,1,1,16,0.000,0.000,,,,,NVIDIA A100-SXM4-40GB MIG 4g.20gb (0),1,,13,cupy_copy__complex64_complex64
4190974293,1792,259495,1,1,1,1,1,1,18,0.000,0.000,,,,,NVIDIA A100-SXM4-40GB MIG 4g.20gb (0),1,,13,cupy_copy__float32_float32
4191103379,81951,259506,1,1,1,32,32,1,30,0.000,0.000,,,,,NVIDIA A100-SXM4-40GB MIG 4g.20gb (0),1,,13,"void convert_kernel<__half2, float2>(tensor_layout_any, T1 *, tensor_layout_any, const T2 *)"
4191213426,5760,259509,,,,,,,,,,0.094,16266.656,Pinned,Device,NVIDIA A100-SXM4-40GB MIG 4g.20gb (0),1,,13,[CUDA memcpy Host-to-Device]
4191228082,3296,259510,,,,,,,,,,1.547,469242.628,Device,,NVIDIA A100-SXM4-40GB MIG 4g.20gb (0),1,,13,[CUDA memset]
4191234994,3136,259515,,,,,,,,,,0.031,9979.575,Pinned,Device,NVIDIA A100-SXM4-40GB MIG 4g.20gb (0),1,,13,[CUDA memcpy Host-to-Device]
4191240562,9792,259516,,,,,,,,,,0.197,20078.395,Pinned,Device,NVIDIA A100-SXM4-40GB MIG 4g.20gb (0),1,,13,[CUDA memcpy Host-to-Device]
4191255826,9919,259517,273,1,1,8,4,1,39,0.002,0.000,,,,,NVIDIA A100-SXM4-40GB MIG 4g.20gb (0),1,,13,"void channel_eq::eqMmseCoefCompLowMimoKernel<float, float, float, (unsigned int)4, (unsigned int)1, (unsigned int)4>(const channel_eq::_puschRxChEqStatDescr *, channel_eq::_puschRxChEqCoefCompDynDescr)"
4191266833,6080,259518,273,1,1,12,11,1,51,0.002,0.000,,,,,NVIDIA A100-SXM4-40GB MIG 4g.20gb (0),1,,13,"void channel_eq::eqMmseSoftDemapKernel<float, __half, __half, float, (unsigned int)4, (unsigned short)16383>(channel_eq::_puschRxChEqStatDescr *, channel_eq::_puschRxChEqSoftDemapDynDescr)"
4191276017,295005,259519,1,1,1,32,32,1,30,0.000,0.000,,,,,NVIDIA A100-SXM4-40GB MIG 4g.20gb (0),1,,13,"void convert_kernel<float2, __half2>(tensor_layout_any, T1 *, tensor_layout_any, const T2 *)"
4191574254,10879,259531,2253,1,1,128,1,1,16,0.000,0.000,,,,,NVIDIA A100-SXM4-40GB MIG 4g.20gb (0),1,,13,cupy_copy__float16_float16
4191587053,3744,259540,282,1,1,128,1,1,16,0.000,0.000,,,,,NVIDIA A100-SXM4-40GB MIG 4g.20gb (0),1,,13,cupy_copy__complex64_complex64
4191592973,2272,259549,26,1,1,128,1,1,16,0.000,0.000,,,,,NVIDIA A100-SXM4-40GB MIG 4g.20gb (0),1,,13,cupy_copy__float32_float32
4191599533,3104,259558,103,1,1,128,1,1,16,0.000,0.000,,,,,NVIDIA A100-SXM4-40GB MIG 4g.20gb (0),1,,13,cupy_copy__complex64_complex64
4191606477,12096,259568,1434,1,1,128,1,1,16,0.000,0.000,,,,,NVIDIA A100-SXM4-40GB MIG 4g.20gb (0),1,,13,cupy_copy__complex64_complex64
4191621101,85599,259573,1,1,1,32,32,1,30,0.000,0.000,,,,,NVIDIA A100-SXM4-40GB MIG 4g.20gb (0),1,,13,"void convert_kernel<__half2, float2>(tensor_layout_any, T1 *, tensor_layout_any, const T2 *)"
4191733740,5856,259576,,,,,,,,,,0.094,15999.997,Pinned,Device,NVIDIA A100-SXM4-40GB MIG 4g.20gb (0),1,,13,[CUDA memcpy Host-to-Device]
4191744076,596280,259577,,,,,,,,,,456.561,765653.535,Device,,NVIDIA A100-SXM4-40GB MIG 4g.20gb (0),1,,13,[CUDA memset]
4192349348,157662,259582,,,,,,,,,,1.235,7832.015,Pinned,Device,NVIDIA A100-SXM4-40GB MIG 4g.20gb (0),1,,13,[CUDA memcpy Host-to-Device]
4192519554,41695,259583,,,,,,,,,,0.197,4715.250,Pinned,Device,NVIDIA A100-SXM4-40GB MIG 4g.20gb (0),1,,13,[CUDA memcpy Host-to-Device]
4192578977,8128,259584,69,4,1,48,1,1,76,0.002,0.000,,,,,NVIDIA A100-SXM4-40GB MIG 4g.20gb (0),1,,13,"void ch_est::windowedChEstPreNoDftSOfdmKernel<float, __half, float, (unsigned int)2, (unsigned int)1, (unsigned short)4>(ch_est::puschRxChEstStatDescr_t *, ch_est::puschRxChEstDynDescr_t *)"
4192598721,7008,259585,137,2,1,24,2,1,44,0.001,0.001,,,,,NVIDIA A100-SXM4-40GB MIG 4g.20gb (0),1,,13,"void ch_est::chEstFilterNoDftSOfdmDispatchKernel<float, __half, float, (unsigned int)2>(ch_est::puschRxChEstStatDescr_t *, ch_est::puschRxChEstDynDescr_t *)"
4192613889,4704,259586,137,2,1,24,2,1,44,0.001,0.001,,,,,NVIDIA A100-SXM4-40GB MIG 4g.20gb (0),1,,13,"void ch_est::chEstFilterNoDftSOfdmDispatchKernel<float, __half, float, (unsigned int)2>(ch_est::puschRxChEstStatDescr_t *, ch_est::puschRxChEstDynDescr_t *)"
4192629633,2592,259597,103,1,1,128,1,1,16,0.000,0.000,,,,,NVIDIA A100-SXM4-40GB MIG 4g.20gb (0),1,,13,cupy_copy__complex64_complex64
4192642400,12576,259607,1434,1,1,128,1,1,16,0.000,0.000,,,,,NVIDIA A100-SXM4-40GB MIG 4g.20gb (0),1,,13,cupy_copy__complex64_complex64
4192675872,2560,259614,103,1,1,128,1,1,16,0.000,0.000,,,,,NVIDIA A100-SXM4-40GB MIG 4g.20gb (0),1,,13,cupy_copy__complex64_complex64
4192692096,81663,259621,1,1,1,32,32,1,30,0.000,0.000,,,,,NVIDIA A100-SXM4-40GB MIG 4g.20gb (0),1,,13,"void convert_kernel<__half2, float2>(tensor_layout_any, T1 *, tensor_layout_any, const T2 *)"
4192802590,15040,259624,,,,,,,,,,0.094,6229.753,Pinned,Device,NVIDIA A100-SXM4-40GB MIG 4g.20gb (0),1,,13,[CUDA memcpy Host-to-Device]
4192823806,46752,259625,,,,,,,,,,35.810,765938.379,Device,,NVIDIA A100-SXM4-40GB MIG 4g.20gb (0),1,,13,[CUDA memset]
4192873630,7391,259627,,,,,,,,,,0.000,10.824,Pinned,Device,NVIDIA A100-SXM4-40GB MIG 4g.20gb (0),1,,13,[CUDA memcpy Host-to-Device]
4192885277,20640,259628,,,,,,,,,,0.197,9525.461,Pinned,Device,NVIDIA A100-SXM4-40GB MIG 4g.20gb (0),1,,13,[CUDA memcpy Host-to-Device]
4192918877,12992,259629,273,1,1,48,1,1,40,0.000,0.001,,,,,NVIDIA A100-SXM4-40GB MIG 4g.20gb (0),1,,13,"void pusch_noise_intf_est::noiseIntfEstNoDftSOfdmKernel<float, __half, float, float, (unsigned int)2, (unsigned int)1, (unsigned char)4, (unsigned char)4>(pusch_noise_intf_est::puschRxNoiseIntfEstDynDescr)"
4192935133,2976,259640,35,1,1,128,1,1,16,0.000,0.000,,,,,NVIDIA A100-SXM4-40GB MIG 4g.20gb (0),1,,13,cupy_copy__complex64_complex64
4192945469,1696,259649,1,1,1,1,1,1,18,0.000,0.000,,,,,NVIDIA A100-SXM4-40GB MIG 4g.20gb (0),1,,13,cupy_copy__float32_float32
4192959997,7071,259655,,,,,,,,,,0.000,0.566,Device,Pageable,NVIDIA A100-SXM4-40GB MIG 4g.20gb (0),1,,7,[CUDA memcpy Device-to-Host]
4193041212,13055,259666,1434,1,1,128,1,1,16,0.000,0.000,,,,,NVIDIA A100-SXM4-40GB MIG 4g.20gb (0),1,,13,cupy_copy__complex64_complex64
4193068539,6848,259673,103,1,1,128,1,1,16,0.000,0.000,,,,,NVIDIA A100-SXM4-40GB MIG 4g.20gb (0),1,,13,cupy_copy__complex64_complex64
4193089915,2560,259680,35,1,1,128,1,1,16,0.000,0.000,,,,,NVIDIA A100-SXM4-40GB MIG 4g.20gb (0),1,,13,cupy_copy__complex64_complex64
4193109051,1888,259687,1,1,1,1,1,1,18,0.000,0.000,,,,,NVIDIA A100-SXM4-40GB MIG 4g.20gb (0),1,,13,cupy_copy__float32_float32
4193239993,87903,259698,1,1,1,32,32,1,30,0.000,0.000,,,,,NVIDIA A100-SXM4-40GB MIG 4g.20gb (0),1,,13,"void convert_kernel<__half2, float2>(tensor_layout_any, T1 *, tensor_layout_any, const T2 *)"
4193356216,5440,259701,,,,,,,,,,0.094,17223.480,Pinned,Device,NVIDIA A100-SXM4-40GB MIG 4g.20gb (0),1,,13,[CUDA memcpy Host-to-Device]
4193370551,3328,259702,,,,,,,,,,1.547,464729.580,Device,,NVIDIA A100-SXM4-40GB MIG 4g.20gb (0),1,,13,[CUDA memset]
4193377399,3744,259707,,,,,,,,,,0.031,8358.974,Pinned,Device,NVIDIA A100-SXM4-40GB MIG 4g.20gb (0),1,,13,[CUDA memcpy Host-to-Device]
4193383607,10016,259708,,,,,,,,,,0.197,19629.343,Pinned,Device,NVIDIA A100-SXM4-40GB MIG 4g.20gb (0),1,,13,[CUDA memcpy Host-to-Device]
4193398583,7424,259709,273,1,1,8,4,1,39,0.002,0.000,,,,,NVIDIA A100-SXM4-40GB MIG 4g.20gb (0),1,,13,"void channel_eq::eqMmseCoefCompLowMimoKernel<float, float, float, (unsigned int)4, (unsigned int)1, (unsigned int)4>(const channel_eq::_puschRxChEqStatDescr *, channel_eq::_puschRxChEqCoefCompDynDescr)"
4193408759,5792,259710,273,1,1,12,11,1,51,0.002,0.000,,,,,NVIDIA A100-SXM4-40GB MIG 4g.20gb (0),1,,13,"void channel_eq::eqMmseSoftDemapKernel<float, __half, __half, float, (unsigned int)4, (unsigned short)16383>(channel_eq::_puschRxChEqStatDescr *, channel_eq::_puschRxChEqSoftDemapDynDescr)"
4193416983,282236,259711,1,1,1,32,32,1,30,0.000,0.000,,,,,NVIDIA A100-SXM4-40GB MIG 4g.20gb (0),1,,13,"void convert_kernel<float2, __half2>(tensor_layout_any, T1 *, tensor_layout_any, const T2 *)"
4193700211,10880,259723,2253,1,1,128,1,1,16,0.000,0.000,,,,,NVIDIA A100-SXM4-40GB MIG 4g.20gb (0),1,,13,cupy_copy__float16_float16
4193714163,2656,259732,282,1,1,128,1,1,16,0.000,0.000,,,,,NVIDIA A100-SXM4-40GB MIG 4g.20gb (0),1,,13,cupy_copy__complex64_complex64
4193720179,2016,259741,26,1,1,128,1,1,16,0.000,0.000,,,,,NVIDIA A100-SXM4-40GB MIG 4g.20gb (0),1,,13,cupy_copy__float32_float32
4193723987,3104,259750,103,1,1,128,1,1,16,0.000,0.000,,,,,NVIDIA A100-SXM4-40GB MIG 4g.20gb (0),1,,13,cupy_copy__complex64_complex64
4193776530,12128,259766,1434,1,1,128,1,1,16,0.000,0.000,,,,,NVIDIA A100-SXM4-40GB MIG 4g.20gb (0),1,,13,cupy_copy__complex64_complex64
4193890033,81439,259771,1,1,1,32,32,1,30,0.000,0.000,,,,,NVIDIA A100-SXM4-40GB MIG 4g.20gb (0),1,,13,"void convert_kernel<__half2, float2>(tensor_layout_any, T1 *, tensor_layout_any, const T2 *)"
4193998224,5536,259774,,,,,,,,,,0.094,16924.777,Pinned,Device,NVIDIA A100-SXM4-40GB MIG 4g.20gb (0),1,,13,[CUDA memcpy Host-to-Device]
4194008240,597592,259775,,,,,,,,,,456.561,763827.289,Device,,NVIDIA A100-SXM4-40GB MIG 4g.20gb (0),1,,13,[CUDA memset]
4194610184,100127,259780,,,,,,,,,,1.235,12333.386,Pinned,Device,NVIDIA A100-SXM4-40GB MIG 4g.20gb (0),1,,13,[CUDA memcpy Host-to-Device]
4194719975,31743,259781,,,,,,,,,,0.197,6193.742,Pinned,Device,NVIDIA A100-SXM4-40GB MIG 4g.20gb (0),1,,13,[CUDA memcpy Host-to-Device]
4194772326,7904,259782,69,4,1,48,1,1,76,0.002,0.000,,,,,NVIDIA A100-SXM4-40GB MIG 4g.20gb (0),1,,13,"void ch_est::windowedChEstPreNoDftSOfdmKernel<float, __half, float, (unsigned int)2, (unsigned int)1, (unsigned short)4>(ch_est::puschRxChEstStatDescr_t *, ch_est::puschRxChEstDynDescr_t *)"
4194789734,6624,259783,137,2,1,24,2,1,44,0.001,0.001,,,,,NVIDIA A100-SXM4-40GB MIG 4g.20gb (0),1,,13,"void ch_est::chEstFilterNoDftSOfdmDispatchKernel<float, __half, float, (unsigned int)2>(ch_est::puschRxChEstStatDescr_t *, ch_est::puschRxChEstDynDescr_t *)"
4194803366,4736,259784,137,2,1,24,2,1,44,0.001,0.001,,,,,NVIDIA A100-SXM4-40GB MIG 4g.20gb (0),1,,13,"void ch_est::chEstFilterNoDftSOfdmDispatchKernel<float, __half, float, (unsigned int)2>(ch_est::puschRxChEstStatDescr_t *, ch_est::puschRxChEstDynDescr_t *)"
4194819398,2656,259795,103,1,1,128,1,1,16,0.000,0.000,,,,,NVIDIA A100-SXM4-40GB MIG 4g.20gb (0),1,,13,cupy_copy__complex64_complex64
4194831525,12448,259805,1434,1,1,128,1,1,16,0.000,0.000,,,,,NVIDIA A100-SXM4-40GB MIG 4g.20gb (0),1,,13,cupy_copy__complex64_complex64
4194857925,2528,259812,103,1,1,128,1,1,16,0.000,0.000,,,,,NVIDIA A100-SXM4-40GB MIG 4g.20gb (0),1,,13,cupy_copy__complex64_complex64
4194872549,84703,259819,1,1,1,32,32,1,30,0.000,0.000,,,,,NVIDIA A100-SXM4-40GB MIG 4g.20gb (0),1,,13,"void convert_kernel<__half2, float2>(tensor_layout_any, T1 *, tensor_layout_any, const T2 *)"
4194986020,11423,259822,,,,,,,,,,0.094,8202.335,Pinned,Device,NVIDIA A100-SXM4-40GB MIG 4g.20gb (0),1,,13,[CUDA memcpy Host-to-Device]
4195012003,47776,259823,,,,,,,,,,35.810,749537.436,Device,,NVIDIA A100-SXM4-40GB MIG 4g.20gb (0),1,,13,[CUDA memset]
4195069955,7359,259825,,,,,,,,,,0.000,10.871,Pinned,Device,NVIDIA A100-SXM4-40GB MIG 4g.20gb (0),1,,13,[CUDA memcpy Host-to-Device]
4195085634,17600,259826,,,,,,,,,,0.197,11170.873,Pinned,Device,NVIDIA A100-SXM4-40GB MIG 4g.20gb (0),1,,13,[CUDA memcpy Host-to-Device]
4195115170,9824,259827,273,1,1,48,1,1,40,0.000,0.001,,,,,NVIDIA A100-SXM4-40GB MIG 4g.20gb (0),1,,13,"void pusch_noise_intf_est::noiseIntfEstNoDftSOfdmKernel<float, __half, float, float, (unsigned int)2, (unsigned int)1, (unsigned char)4, (unsigned char)4>(pusch_noise_intf_est::puschRxNoiseIntfEstDynDescr)"
4195132770,2816,259838,35,1,1,128,1,1,16,0.000,0.000,,,,,NVIDIA A100-SXM4-40GB MIG 4g.20gb (0),1,,13,cupy_copy__complex64_complex64
4195142370,1984,259847,1,1,1,1,1,1,18,0.000,0.000,,,,,NVIDIA A100-SXM4-40GB MIG 4g.20gb (0),1,,13,cupy_copy__float32_float32
4195149826,6655,259853,,,,,,,,,,0.000,0.601,Device,Pageable,NVIDIA A100-SXM4-40GB MIG 4g.20gb (0),1,,7,[CUDA memcpy Device-to-Host]
4195227457,13055,259864,1434,1,1,128,1,1,16,0.000,0.000,,,,,NVIDIA A100-SXM4-40GB MIG 4g.20gb (0),1,,13,cupy_copy__complex64_complex64
4195252672,2656,259871,103,1,1,128,1,1,16,0.000,0.000,,,,,NVIDIA A100-SXM4-40GB MIG 4g.20gb (0),1,,13,cupy_copy__complex64_complex64
4195271296,2560,259878,35,1,1,128,1,1,16,0.000,0.000,,,,,NVIDIA A100-SXM4-40GB MIG 4g.20gb (0),1,,13,cupy_copy__complex64_complex64
4195294208,1760,259885,1,1,1,1,1,1,18,0.000,0.000,,,,,NVIDIA A100-SXM4-40GB MIG 4g.20gb (0),1,,13,cupy_copy__float32_float32
4195420158,83071,259896,1,1,1,32,32,1,30,0.000,0.000,,,,,NVIDIA A100-SXM4-40GB MIG 4g.20gb (0),1,,13,"void convert_kernel<__half2, float2>(tensor_layout_any, T1 *, tensor_layout_any, const T2 *)"
4195530781,5472,259899,,,,,,,,,,0.094,17122.757,Pinned,Device,NVIDIA A100-SXM4-40GB MIG 4g.20gb (0),1,,13,[CUDA memcpy Host-to-Device]
4195544573,3360,259900,,,,,,,,,,1.547,460304.688,Device,,NVIDIA A100-SXM4-40GB MIG 4g.20gb (0),1,,13,[CUDA memset]
4195552157,3360,259905,,,,,,,,,,0.031,9314.284,Pinned,Device,NVIDIA A100-SXM4-40GB MIG 4g.20gb (0),1,,13,[CUDA memcpy Host-to-Device]
4195558013,9439,259906,,,,,,,,,,0.197,20829.241,Pinned,Device,NVIDIA A100-SXM4-40GB MIG 4g.20gb (0),1,,13,[CUDA memcpy Host-to-Device]
4195574396,6176,259907,273,1,1,8,4,1,39,0.002,0.000,,,,,NVIDIA A100-SXM4-40GB MIG 4g.20gb (0),1,,13,"void channel_eq::eqMmseCoefCompLowMimoKernel<float, float, float, (unsigned int)4, (unsigned int)1, (unsigned int)4>(const channel_eq::_puschRxChEqStatDescr *, channel_eq::_puschRxChEqCoefCompDynDescr)"
4195582268,6048,259908,273,1,1,12,11,1,51,0.002,0.000,,,,,NVIDIA A100-SXM4-40GB MIG 4g.20gb (0),1,,13,"void channel_eq::eqMmseSoftDemapKernel<float, __half, __half, float, (unsigned int)4, (unsigned short)16383>(channel_eq::_puschRxChEqStatDescr *, channel_eq::_puschRxChEqSoftDemapDynDescr)"
4195589276,282877,259909,1,1,1,32,32,1,30,0.000,0.000,,,,,NVIDIA A100-SXM4-40GB MIG 4g.20gb (0),1,,13,"void convert_kernel<float2, __half2>(tensor_layout_any, T1 *, tensor_layout_any, const T2 *)"
4195873113,11071,259921,2253,1,1,128,1,1,16,0.000,0.000,,,,,NVIDIA A100-SXM4-40GB MIG 4g.20gb (0),1,,13,cupy_copy__float16_float16
4195887736,3712,259930,282,1,1,128,1,1,16,0.000,0.000,,,,,NVIDIA A100-SXM4-40GB MIG 4g.20gb (0),1,,13,cupy_copy__complex64_complex64
4195894840,2144,259939,26,1,1,128,1,1,16,0.000,0.000,,,,,NVIDIA A100-SXM4-40GB MIG 4g.20gb (0),1,,13,cupy_copy__float32_float32
4195899064,2976,259948,103,1,1,128,1,1,16,0.000,0.000,,,,,NVIDIA A100-SXM4-40GB MIG 4g.20gb (0),1,,13,cupy_copy__complex64_complex64
4195903096,11872,259958,1434,1,1,128,1,1,16,0.000,0.000,,,,,NVIDIA A100-SXM4-40GB MIG 4g.20gb (0),1,,13,cupy_copy__complex64_complex64
4195924056,82079,259963,1,1,1,32,32,1,30,0.000,0.000,,,,,NVIDIA A100-SXM4-40GB MIG 4g.20gb (0),1,,13,"void convert_kernel<__half2, float2>(tensor_layout_any, T1 *, tensor_layout_any, const T2 *)"
4196035127,5568,259966,,,,,,,,,,0.094,16827.521,Pinned,Device,NVIDIA A100-SXM4-40GB MIG 4g.20gb (0),1,,13,[CUDA memcpy Host-to-Device]
4196044247,597112,259967,,,,,,,,,,456.561,764283.851,Device,,NVIDIA A100-SXM4-40GB MIG 4g.20gb (0),1,,13,[CUDA memset]
4196646191,179198,259972,,,,,,,,,,1.235,6890.988,Pinned,Device,NVIDIA A100-SXM4-40GB MIG 4g.20gb (0),1,,13,[CUDA memcpy Host-to-Device]
4196838829,44031,259973,,,,,,,,,,0.197,4465.164,Pinned,Device,NVIDIA A100-SXM4-40GB MIG 4g.20gb (0),1,,13,[CUDA memcpy Host-to-Device]
4196906188,8480,259974,69,4,1,48,1,1,76,0.002,0.000,,,,,NVIDIA A100-SXM4-40GB MIG 4g.20gb (0),1,,13,"void ch_est::windowedChEstPreNoDftSOfdmKernel<float, __half, float, (unsigned int)2, (unsigned int)1, (unsigned short)4>(ch_est::puschRxChEstStatDescr_t *, ch_est::puschRxChEstDynDescr_t *)"
4196922700,7104,259975,137,2,1,24,2,1,44,0.001,0.001,,,,,NVIDIA A100-SXM4-40GB MIG 4g.20gb (0),1,,13,"void ch_est::chEstFilterNoDftSOfdmDispatchKernel<float, __half, float, (unsigned int)2>(ch_est::puschRxChEstStatDescr_t *, ch_est::puschRxChEstDynDescr_t *)"
4196938796,4735,259976,137,2,1,24,2,1,44,0.001,0.001,,,,,NVIDIA A100-SXM4-40GB MIG 4g.20gb (0),1,,13,"void ch_est::chEstFilterNoDftSOfdmDispatchKernel<float, __half, float, (unsigned int)2>(ch_est::puschRxChEstStatDescr_t *, ch_est::puschRxChEstDynDescr_t *)"
4196956715,2496,259987,103,1,1,128,1,1,16,0.000,0.000,,,,,NVIDIA A100-SXM4-40GB MIG 4g.20gb (0),1,,13,cupy_copy__complex64_complex64
4196976331,12480,259997,1434,1,1,128,1,1,16,0.000,0.000,,,,,NVIDIA A100-SXM4-40GB MIG 4g.20gb (0),1,,13,cupy_copy__complex64_complex64
4197009643,2592,260004,103,1,1,128,1,1,16,0.000,0.000,,,,,NVIDIA A100-SXM4-40GB MIG 4g.20gb (0),1,,13,cupy_copy__complex64_complex64
4197023658,90847,260011,1,1,1,32,32,1,30,0.000,0.000,,,,,NVIDIA A100-SXM4-40GB MIG 4g.20gb (0),1,,13,"void convert_kernel<__half2, float2>(tensor_layout_any, T1 *, tensor_layout_any, const T2 *)"
4197143785,11456,260014,,,,,,,,,,0.094,8178.724,Pinned,Device,NVIDIA A100-SXM4-40GB MIG 4g.20gb (0),1,,13,[CUDA memcpy Host-to-Device]
4197170665,47455,260015,,,,,,,,,,35.810,754586.634,Device,,NVIDIA A100-SXM4-40GB MIG 4g.20gb (0),1,,13,[CUDA memset]
4197218952,6656,260017,,,,,,,,,,0.000,12.019,Pinned,Device,NVIDIA A100-SXM4-40GB MIG 4g.20gb (0),1,,13,[CUDA memcpy Host-to-Device]
4197232168,19840,260018,,,,,,,,,,0.197,9909.633,Pinned,Device,NVIDIA A100-SXM4-40GB MIG 4g.20gb (0),1,,13,[CUDA memcpy Host-to-Device]
4197268807,9696,260019,273,1,1,48,1,1,40,0.000,0.001,,,,,NVIDIA A100-SXM4-40GB MIG 4g.20gb (0),1,,13,"void pusch_noise_intf_est::noiseIntfEstNoDftSOfdmKernel<float, __half, float, float, (unsigned int)2, (unsigned int)1, (unsigned char)4, (unsigned char)4>(pusch_noise_intf_est::puschRxNoiseIntfEstDynDescr)"
4197290407,2528,260030,35,1,1,128,1,1,16,0.000,0.000,,,,,NVIDIA A100-SXM4-40GB MIG 4g.20gb (0),1,,13,cupy_copy__complex64_complex64
4197303943,1664,260039,1,1,1,1,1,1,18,0.000,0.000,,,,,NVIDIA A100-SXM4-40GB MIG 4g.20gb (0),1,,13,cupy_copy__float32_float32
4197307367,4640,260045,,,,,,,,,,0.000,0.862,Device,Pageable,NVIDIA A100-SXM4-40GB MIG 4g.20gb (0),1,,7,[CUDA memcpy Device-to-Host]
4197387590,12800,260056,1434,1,1,128,1,1,16,0.000,0.000,,,,,NVIDIA A100-SXM4-40GB MIG 4g.20gb (0),1,,13,cupy_copy__complex64_complex64
4197416006,3456,260063,103,1,1,128,1,1,16,0.000,0.000,,,,,NVIDIA A100-SXM4-40GB MIG 4g.20gb (0),1,,13,cupy_copy__complex64_complex64
4197437797,2784,260070,35,1,1,128,1,1,16,0.000,0.000,,,,,NVIDIA A100-SXM4-40GB MIG 4g.20gb (0),1,,13,cupy_copy__complex64_complex64
4197458565,1728,260077,1,1,1,1,1,1,18,0.000,0.000,,,,,NVIDIA A100-SXM4-40GB MIG 4g.20gb (0),1,,13,cupy_copy__float32_float32
4197583972,93022,260088,1,1,1,32,32,1,30,0.000,0.000,,,,,NVIDIA A100-SXM4-40GB MIG 4g.20gb (0),1,,13,"void convert_kernel<__half2, float2>(tensor_layout_any, T1 *, tensor_layout_any, const T2 *)"
4197705570,15232,260091,,,,,,,,,,0.094,6151.236,Pinned,Device,NVIDIA A100-SXM4-40GB MIG 4g.20gb (0),1,,13,[CUDA memcpy Host-to-Device]
4197732546,3488,260092,,,,,,,,,,1.547,443412.461,Device,,NVIDIA A100-SXM4-40GB MIG 4g.20gb (0),1,,13,[CUDA memset]
4197738466,4064,260097,,,,,,,,,,0.031,7700.756,Pinned,Device,NVIDIA A100-SXM4-40GB MIG 4g.20gb (0),1,,13,[CUDA memcpy Host-to-Device]
4197749282,13087,260098,,,,,,,,,,0.197,15023.014,Pinned,Device,NVIDIA A100-SXM4-40GB MIG 4g.20gb (0),1,,13,[CUDA memcpy Host-to-Device]
4197775169,8448,260099,273,1,1,8,4,1,39,0.002,0.000,,,,,NVIDIA A100-SXM4-40GB MIG 4g.20gb (0),1,,13,"void channel_eq::eqMmseCoefCompLowMimoKernel<float, float, float, (unsigned int)4, (unsigned int)1, (unsigned int)4>(const channel_eq::_puschRxChEqStatDescr *, channel_eq::_puschRxChEqCoefCompDynDescr)"
4197790721,7808,260100,273,1,1,12,11,1,51,0.002,0.000,,,,,NVIDIA A100-SXM4-40GB MIG 4g.20gb (0),1,,13,"void channel_eq::eqMmseSoftDemapKernel<float, __half, __half, float, (unsigned int)4, (unsigned short)16383>(channel_eq::_puschRxChEqStatDescr *, channel_eq::_puschRxChEqSoftDemapDynDescr)"
4197806657,289884,260101,1,1,1,32,32,1,30,0.000,0.000,,,,,NVIDIA A100-SXM4-40GB MIG 4g.20gb (0),1,,13,"void convert_kernel<float2, __half2>(tensor_layout_any, T1 *, tensor_layout_any, const T2 *)"
4198097981,10976,260113,2253,1,1,128,1,1,16,0.000,0.000,,,,,NVIDIA A100-SXM4-40GB MIG 4g.20gb (0),1,,13,cupy_copy__float16_float16
4198110941,3616,260122,282,1,1,128,1,1,16,0.000,0.000,,,,,NVIDIA A100-SXM4-40GB MIG 4g.20gb (0),1,,13,cupy_copy__complex64_complex64
4198115517,2048,260131,26,1,1,128,1,1,16,0.000,0.000,,,,,NVIDIA A100-SXM4-40GB MIG 4g.20gb (0),1,,13,cupy_copy__float32_float32
4198120125,6912,260140,103,1,1,128,1,1,16,0.000,0.000,,,,,NVIDIA A100-SXM4-40GB MIG 4g.20gb (0),1,,13,cupy_copy__complex64_complex64
4198128125,11872,260150,1434,1,1,128,1,1,16,0.000,0.000,,,,,NVIDIA A100-SXM4-40GB MIG 4g.20gb (0),1,,13,cupy_copy__complex64_complex64
4198143581,80735,260155,1,1,1,32,32,1,30,0.000,0.000,,,,,NVIDIA A100-SXM4-40GB MIG 4g.20gb (0),1,,13,"void convert_kernel<__half2, float2>(tensor_layout_any, T1 *, tensor_layout_any, const T2 *)"
4198251451,5728,260158,,,,,,,,,,0.094,16357.541,Pinned,Device,NVIDIA A100-SXM4-40GB MIG 4g.20gb (0),1,,13,[CUDA memcpy Host-to-Device]
4198263291,595641,260159,,,,,,,,,,456.561,766110.096,Device,,NVIDIA A100-SXM4-40GB MIG 4g.20gb (0),1,,13,[CUDA memset]
4198860628,101567,260164,,,,,,,,,,1.235,12158.024,Pinned,Device,NVIDIA A100-SXM4-40GB MIG 4g.20gb (0),1,,13,[CUDA memcpy Host-to-Device]
4198970770,29376,260165,,,,,,,,,,0.197,6692.733,Pinned,Device,NVIDIA A100-SXM4-40GB MIG 4g.20gb (0),1,,13,[CUDA memcpy Host-to-Device]
4199016210,8064,260166,69,4,1,48,1,1,76,0.002,0.000,,,,,NVIDIA A100-SXM4-40GB MIG 4g.20gb (0),1,,13,"void ch_est::windowedChEstPreNoDftSOfdmKernel<float, __half, float, (unsigned int)2, (unsigned int)1, (unsigned short)4>(ch_est::puschRxChEstStatDescr_t *, ch_est::puschRxChEstDynDescr_t *)"
4199032178,6432,260167,137,2,1,24,2,1,44,0.001,0.001,,,,,NVIDIA A100-SXM4-40GB MIG 4g.20gb (0),1,,13,"void ch_est::chEstFilterNoDftSOfdmDispatchKernel<float, __half, float, (unsigned int)2>(ch_est::puschRxChEstStatDescr_t *, ch_est::puschRxChEstDynDescr_t *)"
4199045842,4639,260168,137,2,1,24,2,1,44,0.001,0.001,,,,,NVIDIA A100-SXM4-40GB MIG 4g.20gb (0),1,,13,"void ch_est::chEstFilterNoDftSOfdmDispatchKernel<float, __half, float, (unsigned int)2>(ch_est::puschRxChEstStatDescr_t *, ch_est::puschRxChEstDynDescr_t *)"
4199061713,2560,260179,103,1,1,128,1,1,16,0.000,0.000,,,,,NVIDIA A100-SXM4-40GB MIG 4g.20gb (0),1,,13,cupy_copy__complex64_complex64
4199078097,12704,260189,1434,1,1,128,1,1,16,0.000,0.000,,,,,NVIDIA A100-SXM4-40GB MIG 4g.20gb (0),1,,13,cupy_copy__complex64_complex64
4199094737,2944,260196,103,1,1,128,1,1,16,0.000,0.000,,,,,NVIDIA A100-SXM4-40GB MIG 4g.20gb (0),1,,13,cupy_copy__complex64_complex64
4199116369,87295,260203,1,1,1,32,32,1,30,0.000,0.000,,,,,NVIDIA A100-SXM4-40GB MIG 4g.20gb (0),1,,13,"void convert_kernel<__half2, float2>(tensor_layout_any, T1 *, tensor_layout_any, const T2 *)"
4199238735,23200,260206,,,,,,,,,,0.094,4038.579,Pinned,Device,NVIDIA A100-SXM4-40GB MIG 4g.20gb (0),1,,13,[CUDA memcpy Host-to-Device]
4199276943,46623,260207,,,,,,,,,,35.810,768051.164,Device,,NVIDIA A100-SXM4-40GB MIG 4g.20gb (0),1,,13,[CUDA memset]
4199329358,15456,260209,,,,,,,,,,0.000,5.176,Pinned,Device,NVIDIA A100-SXM4-40GB MIG 4g.20gb (0),1,,13,[CUDA memcpy Host-to-Device]
4199358734,24863,260210,,,,,,,,,,0.197,7907.574,Pinned,Device,NVIDIA A100-SXM4-40GB MIG 4g.20gb (0),1,,13,[CUDA memcpy Host-to-Device]
4199409421,9472,260211,273,1,1,48,1,1,40,0.000,0.001,,,,,NVIDIA A100-SXM4-40GB MIG 4g.20gb (0),1,,13,"void pusch_noise_intf_est::noiseIntfEstNoDftSOfdmKernel<float, __half, float, float, (unsigned int)2, (unsigned int)1, (unsigned char)4, (unsigned char)4>(pusch_noise_intf_est::puschRxNoiseIntfEstDynDescr)"
4199430061,2688,260222,35,1,1,128,1,1,16,0.000,0.000,,,,,NVIDIA A100-SXM4-40GB MIG 4g.20gb (0),1,,13,cupy_copy__complex64_complex64
4199444973,1696,260231,1,1,1,1,1,1,18,0.000,0.000,,,,,NVIDIA A100-SXM4-40GB MIG 4g.20gb (0),1,,13,cupy_copy__float32_float32
4199451917,2112,260237,,,,,,,,,,0.000,1.894,Device,Pageable,NVIDIA A100-SXM4-40GB MIG 4g.20gb (0),1,,7,[CUDA memcpy Device-to-Host]
4199529324,12767,260248,1434,1,1,128,1,1,16,0.000,0.000,,,,,NVIDIA A100-SXM4-40GB MIG 4g.20gb (0),1,,13,cupy_copy__complex64_complex64
4199551851,5664,260255,103,1,1,128,1,1,16,0.000,0.000,,,,,NVIDIA A100-SXM4-40GB MIG 4g.20gb (0),1,,13,cupy_copy__complex64_complex64
4199573291,2464,260262,35,1,1,128,1,1,16,0.000,0.000,,,,,NVIDIA A100-SXM4-40GB MIG 4g.20gb (0),1,,13,cupy_copy__complex64_complex64
4199595243,1952,260269,1,1,1,1,1,1,18,0.000,0.000,,,,,NVIDIA A100-SXM4-40GB MIG 4g.20gb (0),1,,13,cupy_copy__float32_float32
4199718345,81983,260280,1,1,1,32,32,1,30,0.000,0.000,,,,,NVIDIA A100-SXM4-40GB MIG 4g.20gb (0),1,,13,"void convert_kernel<__half2, float2>(tensor_layout_any, T1 *, tensor_layout_any, const T2 *)"
4199828456,5568,260283,,,,,,,,,,0.094,16827.521,Pinned,Device,NVIDIA A100-SXM4-40GB MIG 4g.20gb (0),1,,13,[CUDA memcpy Host-to-Device]
4199845256,3072,260284,,,,,,,,,,1.547,503457.044,Device,,NVIDIA A100-SXM4-40GB MIG 4g.20gb (0),1,,13,[CUDA memset]
4199852200,3072,260289,,,,,,,,,,0.031,10187.474,Pinned,Device,NVIDIA A100-SXM4-40GB MIG 4g.20gb (0),1,,13,[CUDA memcpy Host-to-Device]
4199857672,10431,260290,,,,,,,,,,0.197,18848.416,Pinned,Device,NVIDIA A100-SXM4-40GB MIG 4g.20gb (0),1,,13,[CUDA memcpy Host-to-Device]
4199872071,6432,260291,273,1,1,8,4,1,39,0.002,0.000,,,,,NVIDIA A100-SXM4-40GB MIG 4g.20gb (0),1,,13,"void channel_eq::eqMmseCoefCompLowMimoKernel<float, float, float, (unsigned int)4, (unsigned int)1, (unsigned int)4>(const channel_eq::_puschRxChEqStatDescr *, channel_eq::_puschRxChEqCoefCompDynDescr)"
4199879527,6272,260292,273,1,1,12,11,1,51,0.002,0.000,,,,,NVIDIA A100-SXM4-40GB MIG 4g.20gb (0),1,,13,"void channel_eq::eqMmseSoftDemapKernel<float, __half, __half, float, (unsigned int)4, (unsigned short)16383>(channel_eq::_puschRxChEqStatDescr *, channel_eq::_puschRxChEqSoftDemapDynDescr)"
4199889031,279837,260293,1,1,1,32,32,1,30,0.000,0.000,,,,,NVIDIA A100-SXM4-40GB MIG 4g.20gb (0),1,,13,"void convert_kernel<float2, __half2>(tensor_layout_any, T1 *, tensor_layout_any, const T2 *)"
4200170532,10624,260305,2253,1,1,128,1,1,16,0.000,0.000,,,,,NVIDIA A100-SXM4-40GB MIG 4g.20gb (0),1,,13,cupy_copy__float16_float16
4200182788,3903,260314,282,1,1,128,1,1,16,0.000,0.000,,,,,NVIDIA A100-SXM4-40GB MIG 4g.20gb (0),1,,13,cupy_copy__complex64_complex64
4200187779,2048,260323,26,1,1,128,1,1,16,0.000,0.000,,,,,NVIDIA A100-SXM4-40GB MIG 4g.20gb (0),1,,13,cupy_copy__float32_float32
4200192323,4544,260332,103,1,1,128,1,1,16,0.000,0.000,,,,,NVIDIA A100-SXM4-40GB MIG 4g.20gb (0),1,,13,cupy_copy__complex64_complex64
4200199139,12000,260342,1434,1,1,128,1,1,16,0.000,0.000,,,,,NVIDIA A100-SXM4-40GB MIG 4g.20gb (0),1,,13,cupy_copy__complex64_complex64
4200220323,81439,260347,1,1,1,32,32,1,30,0.000,0.000,,,,,NVIDIA A100-SXM4-40GB MIG 4g.20gb (0),1,,13,"void convert_kernel<__half2, float2>(tensor_layout_any, T1 *, tensor_layout_any, const T2 *)"
4200328034,5568,260350,,,,,,,,,,0.094,16827.521,Pinned,Device,NVIDIA A100-SXM4-40GB MIG 4g.20gb (0),1,,13,[CUDA memcpy Host-to-Device]
4200338146,597112,260351,,,,,,,,,,456.561,764283.851,Device,,NVIDIA A100-SXM4-40GB MIG 4g.20gb (0),1,,13,[CUDA memset]
4200940186,158942,260356,,,,,,,,,,1.235,7769.033,Pinned,Device,NVIDIA A100-SXM4-40GB MIG 4g.20gb (0),1,,13,[CUDA memcpy Host-to-Device]
4201109912,24544,260357,,,,,,,,,,0.197,8010.400,Pinned,Device,NVIDIA A100-SXM4-40GB MIG 4g.20gb (0),1,,13,[CUDA memcpy Host-to-Device]
4201160023,8160,260358,69,4,1,48,1,1,76,0.002,0.000,,,,,NVIDIA A100-SXM4-40GB MIG 4g.20gb (0),1,,13,"void ch_est::windowedChEstPreNoDftSOfdmKernel<float, __half, float, (unsigned int)2, (unsigned int)1, (unsigned short)4>(ch_est::puschRxChEstStatDescr_t *, ch_est::puschRxChEstDynDescr_t *)"
4201174423,6592,260359,137,2,1,24,2,1,44,0.001,0.001,,,,,NVIDIA A100-SXM4-40GB MIG 4g.20gb (0),1,,13,"void ch_est::chEstFilterNoDftSOfdmDispatchKernel<float, __half, float, (unsigned int)2>(ch_est::puschRxChEstStatDescr_t *, ch_est::puschRxChEstDynDescr_t *)"
4201183191,4768,260360,137,2,1,24,2,1,44,0.001,0.001,,,,,NVIDIA A100-SXM4-40GB MIG 4g.20gb (0),1,,13,"void ch_est::chEstFilterNoDftSOfdmDispatchKernel<float, __half, float, (unsigned int)2>(ch_est::puschRxChEstStatDescr_t *, ch_est::puschRxChEstDynDescr_t *)"
4201194295,3040,260371,103,1,1,128,1,1,16,0.000,0.000,,,,,NVIDIA A100-SXM4-40GB MIG 4g.20gb (0),1,,13,cupy_copy__complex64_complex64
4201209591,12384,260381,1434,1,1,128,1,1,16,0.000,0.000,,,,,NVIDIA A100-SXM4-40GB MIG 4g.20gb (0),1,,13,cupy_copy__complex64_complex64
4201229527,2944,260388,103,1,1,128,1,1,16,0.000,0.000,,,,,NVIDIA A100-SXM4-40GB MIG 4g.20gb (0),1,,13,cupy_copy__complex64_complex64
4201247702,96831,260395,1,1,1,32,32,1,30,0.000,0.000,,,,,NVIDIA A100-SXM4-40GB MIG 4g.20gb (0),1,,13,"void convert_kernel<__half2, float2>(tensor_layout_any, T1 *, tensor_layout_any, const T2 *)"
4201372021,21408,260398,,,,,,,,,,0.094,4376.634,Pinned,Device,NVIDIA A100-SXM4-40GB MIG 4g.20gb (0),1,,13,[CUDA memcpy Host-to-Device]
4201416916,46720,260399,,,,,,,,,,35.810,766475.528,Device,,NVIDIA A100-SXM4-40GB MIG 4g.20gb (0),1,,13,[CUDA memset]
4201472244,9920,260401,,,,,,,,,,0.000,8.064,Pinned,Device,NVIDIA A100-SXM4-40GB MIG 4g.20gb (0),1,,13,[CUDA memcpy Host-to-Device]
4201489523,38304,260402,,,,,,,,,,0.197,5132.648,Pinned,Device,NVIDIA A100-SXM4-40GB MIG 4g.20gb (0),1,,13,[CUDA memcpy Host-to-Device]
4201547155,9664,260403,273,1,1,48,1,1,40,0.000,0.001,,,,,NVIDIA A100-SXM4-40GB MIG 4g.20gb (0),1,,13,"void pusch_noise_intf_est::noiseIntfEstNoDftSOfdmKernel<float, __half, float, float, (unsigned int)2, (unsigned int)1, (unsigned char)4, (unsigned char)4>(pusch_noise_intf_est::puschRxNoiseIntfEstDynDescr)"
4201564019,2751,260414,35,1,1,128,1,1,16,0.000,0.000,,,,,NVIDIA A100-SXM4-40GB MIG 4g.20gb (0),1,,13,cupy_copy__complex64_complex64
4201580498,1760,260423,1,1,1,1,1,1,18,0.000,0.000,,,,,NVIDIA A100-SXM4-40GB MIG 4g.20gb (0),1,,13,cupy_copy__float32_float32
4201585586,6976,260429,,,,,,,,,,0.000,0.573,Device,Pageable,NVIDIA A100-SXM4-40GB MIG 4g.20gb (0),1,,7,[CUDA memcpy Device-to-Host]
4201689169,12640,260440,1434,1,1,128,1,1,16,0.000,0.000,,,,,NVIDIA A100-SXM4-40GB MIG 4g.20gb (0),1,,13,cupy_copy__complex64_complex64
4201714609,3040,260447,103,1,1,128,1,1,16,0.000,0.000,,,,,NVIDIA A100-SXM4-40GB MIG 4g.20gb (0),1,,13,cupy_copy__complex64_complex64
4201733392,2368,260454,35,1,1,128,1,1,16,0.000,0.000,,,,,NVIDIA A100-SXM4-40GB MIG 4g.20gb (0),1,,13,cupy_copy__complex64_complex64
4201749296,1696,260461,1,1,1,1,1,1,18,0.000,0.000,,,,,NVIDIA A100-SXM4-40GB MIG 4g.20gb (0),1,,13,cupy_copy__float32_float32
4201870575,86911,260472,1,1,1,32,32,1,30,0.000,0.000,,,,,NVIDIA A100-SXM4-40GB MIG 4g.20gb (0),1,,13,"void convert_kernel<__half2, float2>(tensor_layout_any, T1 *, tensor_layout_any, const T2 *)"
4201988333,19584,260475,,,,,,,,,,0.094,4784.305,Pinned,Device,NVIDIA A100-SXM4-40GB MIG 4g.20gb (0),1,,13,[CUDA memcpy Host-to-Device]
4202029037,3488,260476,,,,,,,,,,1.547,443412.461,Device,,NVIDIA A100-SXM4-40GB MIG 4g.20gb (0),1,,13,[CUDA memset]
4202033389,6688,260481,,,,,,,,,,0.031,4679.409,Pinned,Device,NVIDIA A100-SXM4-40GB MIG 4g.20gb (0),1,,13,[CUDA memcpy Host-to-Device]
4202048749,21151,260482,,,,,,,,,,0.197,9295.430,Pinned,Device,NVIDIA A100-SXM4-40GB MIG 4g.20gb (0),1,,13,[CUDA memcpy Host-to-Device]
4202085772,6048,260483,273,1,1,8,4,1,39,0.002,0.000,,,,,NVIDIA A100-SXM4-40GB MIG 4g.20gb (0),1,,13,"void channel_eq::eqMmseCoefCompLowMimoKernel<float, float, float, (unsigned int)4, (unsigned int)1, (unsigned int)4>(const channel_eq::_puschRxChEqStatDescr *, channel_eq::_puschRxChEqCoefCompDynDescr)"
4202093420,7840,260484,273,1,1,12,11,1,51,0.002,0.000,,,,,NVIDIA A100-SXM4-40GB MIG 4g.20gb (0),1,,13,"void channel_eq::eqMmseSoftDemapKernel<float, __half, __half, float, (unsigned int)4, (unsigned short)16383>(channel_eq::_puschRxChEqStatDescr *, channel_eq::_puschRxChEqSoftDemapDynDescr)"
4202107788,279900,260485,1,1,1,32,32,1,30,0.000,0.000,,,,,NVIDIA A100-SXM4-40GB MIG 4g.20gb (0),1,,13,"void convert_kernel<float2, __half2>(tensor_layout_any, T1 *, tensor_layout_any, const T2 *)"
4202388616,10944,260497,2253,1,1,128,1,1,16,0.000,0.000,,,,,NVIDIA A100-SXM4-40GB MIG 4g.20gb (0),1,,13,cupy_copy__float16_float16
4202402760,3648,260506,282,1,1,128,1,1,16,0.000,0.000,,,,,NVIDIA A100-SXM4-40GB MIG 4g.20gb (0),1,,13,cupy_copy__complex64_complex64
4202409384,2144,260515,26,1,1,128,1,1,16,0.000,0.000,,,,,NVIDIA A100-SXM4-40GB MIG 4g.20gb (0),1,,13,cupy_copy__float32_float32
4202415080,2912,260524,103,1,1,128,1,1,16,0.000,0.000,,,,,NVIDIA A100-SXM4-40GB MIG 4g.20gb (0),1,,13,cupy_copy__complex64_complex64
4202418952,12032,260534,1434,1,1,128,1,1,16,0.000,0.000,,,,,NVIDIA A100-SXM4-40GB MIG 4g.20gb (0),1,,13,cupy_copy__complex64_complex64
4202435176,87071,260539,1,1,1,32,32,1,30,0.000,0.000,,,,,NVIDIA A100-SXM4-40GB MIG 4g.20gb (0),1,,13,"void convert_kernel<__half2, float2>(tensor_layout_any, T1 *, tensor_layout_any, const T2 *)"
4202549574,5920,260542,,,,,,,,,,0.094,15826.941,Pinned,Device,NVIDIA A100-SXM4-40GB MIG 4g.20gb (0),1,,13,[CUDA memcpy Host-to-Device]
4202559686,600633,260543,,,,,,,,,,456.561,759718.236,Device,,NVIDIA A100-SXM4-40GB MIG 4g.20gb (0),1,,13,[CUDA memset]
4203161951,99359,260548,,,,,,,,,,1.235,12428.476,Pinned,Device,NVIDIA A100-SXM4-40GB MIG 4g.20gb (0),1,,13,[CUDA memcpy Host-to-Device]
4203269693,26048,260549,,,,,,,,,,0.197,7547.781,Pinned,Device,NVIDIA A100-SXM4-40GB MIG 4g.20gb (0),1,,13,[CUDA memcpy Host-to-Device]
4203316509,7968,260550,69,4,1,48,1,1,76,0.002,0.000,,,,,NVIDIA A100-SXM4-40GB MIG 4g.20gb (0),1,,13,"void ch_est::windowedChEstPreNoDftSOfdmKernel<float, __half, float, (unsigned int)2, (unsigned int)1, (unsigned short)4>(ch_est::puschRxChEstStatDescr_t *, ch_est::puschRxChEstDynDescr_t *)"
4203327165,6976,260551,137,2,1,24,2,1,44,0.001,0.001,,,,,NVIDIA A100-SXM4-40GB MIG 4g.20gb (0),1,,13,"void ch_est::chEstFilterNoDftSOfdmDispatchKernel<float, __half, float, (unsigned int)2>(ch_est::puschRxChEstStatDescr_t *, ch_est::puschRxChEstDynDescr_t *)"
4203340893,5600,260552,137,2,1,24,2,1,44,0.001,0.001,,,,,NVIDIA A100-SXM4-40GB MIG 4g.20gb (0),1,,13,"void ch_est::chEstFilterNoDftSOfdmDispatchKernel<float, __half, float, (unsigned int)2>(ch_est::puschRxChEstStatDescr_t *, ch_est::puschRxChEstDynDescr_t *)"
4203352476,2816,260563,103,1,1,128,1,1,16,0.000,0.000,,,,,NVIDIA A100-SXM4-40GB MIG 4g.20gb (0),1,,13,cupy_copy__complex64_complex64
4203367580,12768,260573,1434,1,1,128,1,1,16,0.000,0.000,,,,,NVIDIA A100-SXM4-40GB MIG 4g.20gb (0),1,,13,cupy_copy__complex64_complex64
4203391676,2368,260580,103,1,1,128,1,1,16,0.000,0.000,,,,,NVIDIA A100-SXM4-40GB MIG 4g.20gb (0),1,,13,cupy_copy__complex64_complex64
4203405404,90399,260587,1,1,1,32,32,1,30,0.000,0.000,,,,,NVIDIA A100-SXM4-40GB MIG 4g.20gb (0),1,,13,"void convert_kernel<__half2, float2>(tensor_layout_any, T1 *, tensor_layout_any, const T2 *)"
4203524570,14496,260590,,,,,,,,,,0.094,6463.525,Pinned,Device,NVIDIA A100-SXM4-40GB MIG 4g.20gb (0),1,,13,[CUDA memcpy Host-to-Device]
4203548666,46879,260591,,,,,,,,,,35.810,763861.404,Device,,NVIDIA A100-SXM4-40GB MIG 4g.20gb (0),1,,13,[CUDA memset]
4203600217,7808,260593,,,,,,,,,,0.000,10.246,Pinned,Device,NVIDIA A100-SXM4-40GB MIG 4g.20gb (0),1,,13,[CUDA memcpy Host-to-Device]
4203616537,16672,260594,,,,,,,,,,0.197,11792.548,Pinned,Device,NVIDIA A100-SXM4-40GB MIG 4g.20gb (0),1,,13,[CUDA memcpy Host-to-Device]
4203638361,13056,260595,273,1,1,48,1,1,40,0.000,0.001,,,,,NVIDIA A100-SXM4-40GB MIG 4g.20gb (0),1,,13,"void pusch_noise_intf_est::noiseIntfEstNoDftSOfdmKernel<float, __half, float, float, (unsigned int)2, (unsigned int)1, (unsigned char)4, (unsigned char)4>(pusch_noise_intf_est::puschRxNoiseIntfEstDynDescr)"
4203653593,2784,260606,35,1,1,128,1,1,16,0.000,0.000,,,,,NVIDIA A100-SXM4-40GB MIG 4g.20gb (0),1,,13,cupy_copy__complex64_complex64
4203659993,1792,260615,1,1,1,1,1,1,18,0.000,0.000,,,,,NVIDIA A100-SXM4-40GB MIG 4g.20gb (0),1,,13,cupy_copy__float32_float32
4203678264,1568,260621,,,,,,,,,,0.000,2.551,Device,Pageable,NVIDIA A100-SXM4-40GB MIG 4g.20gb (0),1,,7,[CUDA memcpy Device-to-Host]
4203738904,12800,260632,1434,1,1,128,1,1,16,0.000,0.000,,,,,NVIDIA A100-SXM4-40GB MIG 4g.20gb (0),1,,13,cupy_copy__complex64_complex64
4203766423,3424,260639,103,1,1,128,1,1,16,0.000,0.000,,,,,NVIDIA A100-SXM4-40GB MIG 4g.20gb (0),1,,13,cupy_copy__complex64_complex64
4203786551,2144,260646,35,1,1,128,1,1,16,0.000,0.000,,,,,NVIDIA A100-SXM4-40GB MIG 4g.20gb (0),1,,13,cupy_copy__complex64_complex64
4203803703,1760,260653,1,1,1,1,1,1,18,0.000,0.000,,,,,NVIDIA A100-SXM4-40GB MIG 4g.20gb (0),1,,13,cupy_copy__float32_float32
4203938517,86335,260664,1,1,1,32,32,1,30,0.000,0.000,,,,,NVIDIA A100-SXM4-40GB MIG 4g.20gb (0),1,,13,"void convert_kernel<__half2, float2>(tensor_layout_any, T1 *, tensor_layout_any, const T2 *)"
4204052308,5376,260667,,,,,,,,,,0.094,17428.487,Pinned,Device,NVIDIA A100-SXM4-40GB MIG 4g.20gb (0),1,,13,[CUDA memcpy Host-to-Device]
4204067860,3168,260668,,,,,,,,,,1.547,488201.145,Device,,NVIDIA A100-SXM4-40GB MIG 4g.20gb (0),1,,13,[CUDA memset]
4204073172,3392,260673,,,,,,,,,,0.031,9226.405,Pinned,Device,NVIDIA A100-SXM4-40GB MIG 4g.20gb (0),1,,13,[CUDA memcpy Host-to-Device]
4204079380,9759,260674,,,,,,,,,,0.197,20146.225,Pinned,Device,NVIDIA A100-SXM4-40GB MIG 4g.20gb (0),1,,13,[CUDA memcpy Host-to-Device]
4204094547,7232,260675,273,1,1,8,4,1,39,0.002,0.000,,,,,NVIDIA A100-SXM4-40GB MIG 4g.20gb (0),1,,13,"void channel_eq::eqMmseCoefCompLowMimoKernel<float, float, float, (unsigned int)4, (unsigned int)1, (unsigned int)4>(const channel_eq::_puschRxChEqStatDescr *, channel_eq::_puschRxChEqCoefCompDynDescr)"
4204105075,7712,260676,273,1,1,12,11,1,51,0.002,0.000,,,,,NVIDIA A100-SXM4-40GB MIG 4g.20gb (0),1,,13,"void channel_eq::eqMmseSoftDemapKernel<float, __half, __half, float, (unsigned int)4, (unsigned short)16383>(channel_eq::_puschRxChEqStatDescr *, channel_eq::_puschRxChEqSoftDemapDynDescr)"
4204114035,289757,260677,1,1,1,32,32,1,30,0.000,0.000,,,,,NVIDIA A100-SXM4-40GB MIG 4g.20gb (0),1,,13,"void convert_kernel<float2, __half2>(tensor_layout_any, T1 *, tensor_layout_any, const T2 *)"
4204405552,10815,260689,2253,1,1,128,1,1,16,0.000,0.000,,,,,NVIDIA A100-SXM4-40GB MIG 4g.20gb (0),1,,13,cupy_copy__float16_float16
4204420047,3392,260698,282,1,1,128,1,1,16,0.000,0.000,,,,,NVIDIA A100-SXM4-40GB MIG 4g.20gb (0),1,,13,cupy_copy__complex64_complex64
4204427599,2304,260707,26,1,1,128,1,1,16,0.000,0.000,,,,,NVIDIA A100-SXM4-40GB MIG 4g.20gb (0),1,,13,cupy_copy__float32_float32
4204431983,3136,260716,103,1,1,128,1,1,16,0.000,0.000,,,,,NVIDIA A100-SXM4-40GB MIG 4g.20gb (0),1,,13,cupy_copy__complex64_complex64
4204436143,11968,260726,1434,1,1,128,1,1,16,0.000,0.000,,,,,NVIDIA A100-SXM4-40GB MIG 4g.20gb (0),1,,13,cupy_copy__complex64_complex64
4204451887,85759,260731,1,1,1,32,32,1,30,0.000,0.000,,,,,NVIDIA A100-SXM4-40GB MIG 4g.20gb (0),1,,13,"void convert_kernel<__half2, float2>(tensor_layout_any, T1 *, tensor_layout_any, const T2 *)"
4204565134,6207,260734,,,,,,,,,,0.094,15095.175,Pinned,Device,NVIDIA A100-SXM4-40GB MIG 4g.20gb (0),1,,13,[CUDA memcpy Host-to-Device]
4204576557,596665,260735,,,,,,,,,,456.561,764740.412,Device,,NVIDIA A100-SXM4-40GB MIG 4g.20gb (0),1,,13,[CUDA memset]
4205178054,144254,260740,,,,,,,,,,1.235,8560.632,Pinned,Device,NVIDIA A100-SXM4-40GB MIG 4g.20gb (0),1,,13,[CUDA memcpy Host-to-Device]
4205333572,34144,260741,,,,,,,,,,0.197,5758.058,Pinned,Device,NVIDIA A100-SXM4-40GB MIG 4g.20gb (0),1,,13,[CUDA memcpy Host-to-Device]
4205382211,8288,260742,69,4,1,48,1,1,76,0.002,0.000,,,,,NVIDIA A100-SXM4-40GB MIG 4g.20gb (0),1,,13,"void ch_est::windowedChEstPreNoDftSOfdmKernel<float, __half, float, (unsigned int)2, (unsigned int)1, (unsigned short)4>(ch_est::puschRxChEstStatDescr_t *, ch_est::puschRxChEstDynDescr_t *)"
4205394275,6592,260743,137,2,1,24,2,1,44,0.001,0.001,,,,,NVIDIA A100-SXM4-40GB MIG 4g.20gb (0),1,,13,"void ch_est::chEstFilterNoDftSOfdmDispatchKernel<float, __half, float, (unsigned int)2>(ch_est::puschRxChEstStatDescr_t *, ch_est::puschRxChEstDynDescr_t *)"
4205407843,4768,260744,137,2,1,24,2,1,44,0.001,0.001,,,,,NVIDIA A100-SXM4-40GB MIG 4g.20gb (0),1,,13,"void ch_est::chEstFilterNoDftSOfdmDispatchKernel<float, __half, float, (unsigned int)2>(ch_est::puschRxChEstStatDescr_t *, ch_est::puschRxChEstDynDescr_t *)"
4205421571,2592,260755,103,1,1,128,1,1,16,0.000,0.000,,,,,NVIDIA A100-SXM4-40GB MIG 4g.20gb (0),1,,13,cupy_copy__complex64_complex64
4205438723,12576,260765,1434,1,1,128,1,1,16,0.000,0.000,,,,,NVIDIA A100-SXM4-40GB MIG 4g.20gb (0),1,,13,cupy_copy__complex64_complex64
4205456675,2976,260772,103,1,1,128,1,1,16,0.000,0.000,,,,,NVIDIA A100-SXM4-40GB MIG 4g.20gb (0),1,,13,cupy_copy__complex64_complex64
4205464354,90143,260779,1,1,1,32,32,1,30,0.000,0.000,,,,,NVIDIA A100-SXM4-40GB MIG 4g.20gb (0),1,,13,"void convert_kernel<__half2, float2>(tensor_layout_any, T1 *, tensor_layout_any, const T2 *)"
4205582401,18144,260782,,,,,,,,,,0.094,5163.961,Pinned,Device,NVIDIA A100-SXM4-40GB MIG 4g.20gb (0),1,,13,[CUDA memcpy Host-to-Device]
4205610369,46399,260783,,,,,,,,,,35.810,771775.396,Device,,NVIDIA A100-SXM4-40GB MIG 4g.20gb (0),1,,13,[CUDA memset]
4205664256,12864,260785,,,,,,,,,,0.000,6.219,Pinned,Device,NVIDIA A100-SXM4-40GB MIG 4g.20gb (0),1,,13,[CUDA memcpy Host-to-Device]
4205689600,22687,260786,,,,,,,,,,0.197,8666.087,Pinned,Device,NVIDIA A100-SXM4-40GB MIG 4g.20gb (0),1,,13,[CUDA memcpy Host-to-Device]
4205729599,9984,260787,273,1,1,48,1,1,40,0.000,0.001,,,,,NVIDIA A100-SXM4-40GB MIG 4g.20gb (0),1,,13,"void pusch_noise_intf_est::noiseIntfEstNoDftSOfdmKernel<float, __half, float, float, (unsigned int)2, (unsigned int)1, (unsigned char)4, (unsigned char)4>(pusch_noise_intf_est::puschRxNoiseIntfEstDynDescr)"
4205745439,2752,260798,35,1,1,128,1,1,16,0.000,0.000,,,,,NVIDIA A100-SXM4-40GB MIG 4g.20gb (0),1,,13,cupy_copy__complex64_complex64
4205760159,1696,260807,1,1,1,1,1,1,18,0.000,0.000,,,,,NVIDIA A100-SXM4-40GB MIG 4g.20gb (0),1,,13,cupy_copy__float32_float32
4205766847,4864,260813,,,,,,,,,,0.000,0.822,Device,Pageable,NVIDIA A100-SXM4-40GB MIG 4g.20gb (0),1,,7,[CUDA memcpy Device-to-Host]
4205864510,12703,260824,1434,1,1,128,1,1,16,0.000,0.000,,,,,NVIDIA A100-SXM4-40GB MIG 4g.20gb (0),1,,13,cupy_copy__complex64_complex64
4205888765,2720,260831,103,1,1,128,1,1,16,0.000,0.000,,,,,NVIDIA A100-SXM4-40GB MIG 4g.20gb (0),1,,13,cupy_copy__complex64_complex64
4205905533,2560,260838,35,1,1,128,1,1,16,0.000,0.000,,,,,NVIDIA A100-SXM4-40GB MIG 4g.20gb (0),1,,13,cupy_copy__complex64_complex64
4205924445,2016,260845,1,1,1,1,1,1,18,0.000,0.000,,,,,NVIDIA A100-SXM4-40GB MIG 4g.20gb (0),1,,13,cupy_copy__float32_float32
4206051035,89247,260856,1,1,1,32,32,1,30,0.000,0.000,,,,,NVIDIA A100-SXM4-40GB MIG 4g.20gb (0),1,,13,"void convert_kernel<__half2, float2>(tensor_layout_any, T1 *, tensor_layout_any, const T2 *)"
4206168762,13248,260859,,,,,,,,,,0.094,7072.455,Pinned,Device,NVIDIA A100-SXM4-40GB MIG 4g.20gb (0),1,,13,[CUDA memcpy Host-to-Device]
4206191002,3423,260860,,,,,,,,,,1.547,451832.282,Device,,NVIDIA A100-SXM4-40GB MIG 4g.20gb (0),1,,13,[CUDA memset]
4206199673,6528,260865,,,,,,,,,,0.031,4794.109,Pinned,Device,NVIDIA A100-SXM4-40GB MIG 4g.20gb (0),1,,13,[CUDA memcpy Host-to-Device]
4206212825,17888,260866,,,,,,,,,,0.197,10990.977,Pinned,Device,NVIDIA A100-SXM4-40GB MIG 4g.20gb (0),1,,13,[CUDA memcpy Host-to-Device]
4206246201,6016,260867,273,1,1,8,4,1,39,0.002,0.000,,,,,NVIDIA A100-SXM4-40GB MIG 4g.20gb (0),1,,13,"void channel_eq::eqMmseCoefCompLowMimoKernel<float, float, float, (unsigned int)4, (unsigned int)1, (unsigned int)4>(const channel_eq::_puschRxChEqStatDescr *, channel_eq::_puschRxChEqCoefCompDynDescr)"
4206258905,7520,260868,273,1,1,12,11,1,51,0.002,0.000,,,,,NVIDIA A100-SXM4-40GB MIG 4g.20gb (0),1,,13,"void channel_eq::eqMmseSoftDemapKernel<float, __half, __half, float, (unsigned int)4, (unsigned short)16383>(channel_eq::_puschRxChEqStatDescr *, channel_eq::_puschRxChEqSoftDemapDynDescr)"
4206271545,282844,260869,1,1,1,32,32,1,30,0.000,0.000,,,,,NVIDIA A100-SXM4-40GB MIG 4g.20gb (0),1,,13,"void convert_kernel<float2, __half2>(tensor_layout_any, T1 *, tensor_layout_any, const T2 *)"
4206558805,10976,260881,2253,1,1,128,1,1,16,0.000,0.000,,,,,NVIDIA A100-SXM4-40GB MIG 4g.20gb (0),1,,13,cupy_copy__float16_float16
4206572757,3104,260890,282,1,1,128,1,1,16,0.000,0.000,,,,,NVIDIA A100-SXM4-40GB MIG 4g.20gb (0),1,,13,cupy_copy__complex64_complex64
4206578197,2432,260899,26,1,1,128,1,1,16,0.000,0.000,,,,,NVIDIA A100-SXM4-40GB MIG 4g.20gb (0),1,,13,cupy_copy__float32_float32
4206581653,2816,260908,103,1,1,128,1,1,16,0.000,0.000,,,,,NVIDIA A100-SXM4-40GB MIG 4g.20gb (0),1,,13,cupy_copy__complex64_complex64
4206587989,12255,260918,1434,1,1,128,1,1,16,0.000,0.000,,,,,NVIDIA A100-SXM4-40GB MIG 4g.20gb (0),1,,13,cupy_copy__complex64_complex64
4206605556,82783,260923,1,1,1,32,32,1,30,0.000,0.000,,,,,NVIDIA A100-SXM4-40GB MIG 4g.20gb (0),1,,13,"void convert_kernel<__half2, float2>(tensor_layout_any, T1 *, tensor_layout_any, const T2 *)"
4206715891,5696,260926,,,,,,,,,,0.094,16449.363,Pinned,Device,NVIDIA A100-SXM4-40GB MIG 4g.20gb (0),1,,13,[CUDA memcpy Host-to-Device]
4206725235,599225,260927,,,,,,,,,,456.561,761544.482,Device,,NVIDIA A100-SXM4-40GB MIG 4g.20gb (0),1,,13,[CUDA memset]
4207332523,94655,260932,,,,,,,,,,1.235,13045.948,Pinned,Device,NVIDIA A100-SXM4-40GB MIG 4g.20gb (0),1,,13,[CUDA memcpy Host-to-Device]
4207437866,24416,260933,,,,,,,,,,0.197,8052.277,Pinned,Device,NVIDIA A100-SXM4-40GB MIG 4g.20gb (0),1,,13,[CUDA memcpy Host-to-Device]
4207475242,7872,260934,69,4,1,48,1,1,76,0.002,0.000,,,,,NVIDIA A100-SXM4-40GB MIG 4g.20gb (0),1,,13,"void ch_est::windowedChEstPreNoDftSOfdmKernel<float, __half, float, (unsigned int)2, (unsigned int)1, (unsigned short)4>(ch_est::puschRxChEstStatDescr_t *, ch_est::puschRxChEstDynDescr_t *)"
4207485066,7039,260935,137,2,1,24,2,1,44,0.001,0.001,,,,,NVIDIA A100-SXM4-40GB MIG 4g.20gb (0),1,,13,"void ch_est::chEstFilterNoDftSOfdmDispatchKernel<float, __half, float, (unsigned int)2>(ch_est::puschRxChEstStatDescr_t *, ch_est::puschRxChEstDynDescr_t *)"
4207498281,5152,260936,137,2,1,24,2,1,44,0.001,0.001,,,,,NVIDIA A100-SXM4-40GB MIG 4g.20gb (0),1,,13,"void ch_est::chEstFilterNoDftSOfdmDispatchKernel<float, __half, float, (unsigned int)2>(ch_est::puschRxChEstStatDescr_t *, ch_est::puschRxChEstDynDescr_t *)"
4207510505,2688,260947,103,1,1,128,1,1,16,0.000,0.000,,,,,NVIDIA A100-SXM4-40GB MIG 4g.20gb (0),1,,13,cupy_copy__complex64_complex64
4207522921,12608,260957,1434,1,1,128,1,1,16,0.000,0.000,,,,,NVIDIA A100-SXM4-40GB MIG 4g.20gb (0),1,,13,cupy_copy__complex64_complex64
4207544425,2912,260964,103,1,1,128,1,1,16,0.000,0.000,,,,,NVIDIA A100-SXM4-40GB MIG 4g.20gb (0),1,,13,cupy_copy__complex64_complex64
4207552713,83007,260971,1,1,1,32,32,1,30,0.000,0.000,,,,,NVIDIA A100-SXM4-40GB MIG 4g.20gb (0),1,,13,"void convert_kernel<__half2, float2>(tensor_layout_any, T1 *, tensor_layout_any, const T2 *)"
4207662663,5600,260974,,,,,,,,,,0.094,16731.388,Pinned,Device,NVIDIA A100-SXM4-40GB MIG 4g.20gb (0),1,,13,[CUDA memcpy Host-to-Device]
4207674503,48160,260975,,,,,,,,,,35.810,743557.179,Device,,NVIDIA A100-SXM4-40GB MIG 4g.20gb (0),1,,13,[CUDA memset]
4207726503,4064,260977,,,,,,,,,,0.000,19.685,Pinned,Device,NVIDIA A100-SXM4-40GB MIG 4g.20gb (0),1,,13,[CUDA memcpy Host-to-Device]
4207736934,12928,260978,,,,,,,,,,0.197,15207.825,Pinned,Device,NVIDIA A100-SXM4-40GB MIG 4g.20gb (0),1,,13,[CUDA memcpy Host-to-Device]
4207758822,12288,260979,273,1,1,48,1,1,40,0.000,0.001,,,,,NVIDIA A100-SXM4-40GB MIG 4g.20gb (0),1,,13,"void pusch_noise_intf_est::noiseIntfEstNoDftSOfdmKernel<float, __half, float, float, (unsigned int)2, (unsigned int)1, (unsigned char)4, (unsigned char)4>(pusch_noise_intf_est::puschRxNoiseIntfEstDynDescr)"
4207773542,3040,260990,35,1,1,128,1,1,16,0.000,0.000,,,,,NVIDIA A100-SXM4-40GB MIG 4g.20gb (0),1,,13,cupy_copy__complex64_complex64
4207784582,1824,260999,1,1,1,1,1,1,18,0.000,0.000,,,,,NVIDIA A100-SXM4-40GB MIG 4g.20gb (0),1,,13,cupy_copy__float32_float32
4207814341,1952,261005,,,,,,,,,,0.000,2.049,Device,Pageable,NVIDIA A100-SXM4-40GB MIG 4g.20gb (0),1,,7,[CUDA memcpy Device-to-Host]
4207874629,12672,261016,1434,1,1,128,1,1,16,0.000,0.000,,,,,NVIDIA A100-SXM4-40GB MIG 4g.20gb (0),1,,13,cupy_copy__complex64_complex64
4207902628,3392,261023,103,1,1,128,1,1,16,0.000,0.000,,,,,NVIDIA A100-SXM4-40GB MIG 4g.20gb (0),1,,13,cupy_copy__complex64_complex64
4207928740,2272,261030,35,1,1,128,1,1,16,0.000,0.000,,,,,NVIDIA A100-SXM4-40GB MIG 4g.20gb (0),1,,13,cupy_copy__complex64_complex64
4207945924,1952,261037,1,1,1,1,1,1,18,0.000,0.000,,,,,NVIDIA A100-SXM4-40GB MIG 4g.20gb (0),1,,13,cupy_copy__float32_float32
4208078306,87487,261048,1,1,1,32,32,1,30,0.000,0.000,,,,,NVIDIA A100-SXM4-40GB MIG 4g.20gb (0),1,,13,"void convert_kernel<__half2, float2>(tensor_layout_any, T1 *, tensor_layout_any, const T2 *)"
4208192993,5568,261051,,,,,,,,,,0.094,16827.521,Pinned,Device,NVIDIA A100-SXM4-40GB MIG 4g.20gb (0),1,,13,[CUDA memcpy Host-to-Device]
4208208225,3392,261052,,,,,,,,,,1.547,455961.768,Device,,NVIDIA A100-SXM4-40GB MIG 4g.20gb (0),1,,13,[CUDA memset]
4208214113,3520,261057,,,,,,,,,,0.031,8890.881,Pinned,Device,NVIDIA A100-SXM4-40GB MIG 4g.20gb (0),1,,13,[CUDA memcpy Host-to-Device]
4208220096,9888,261058,,,,,,,,,,0.197,19883.360,Pinned,Device,NVIDIA A100-SXM4-40GB MIG 4g.20gb (0),1,,13,[CUDA memcpy Host-to-Device]
4208234272,6848,261059,273,1,1,8,4,1,39,0.002,0.000,,,,,NVIDIA A100-SXM4-40GB MIG 4g.20gb (0),1,,13,"void channel_eq::eqMmseCoefCompLowMimoKernel<float, float, float, (unsigned int)4, (unsigned int)1, (unsigned int)4>(const channel_eq::_puschRxChEqStatDescr *, channel_eq::_puschRxChEqCoefCompDynDescr)"
4208242080,6112,261060,273,1,1,12,11,1,51,0.002,0.000,,,,,NVIDIA A100-SXM4-40GB MIG 4g.20gb (0),1,,13,"void channel_eq::eqMmseSoftDemapKernel<float, __half, __half, float, (unsigned int)4, (unsigned short)16383>(channel_eq::_puschRxChEqStatDescr *, channel_eq::_puschRxChEqSoftDemapDynDescr)"
4208249152,282173,261061,1,1,1,32,32,1,30,0.000,0.000,,,,,NVIDIA A100-SXM4-40GB MIG 4g.20gb (0),1,,13,"void convert_kernel<float2, __half2>(tensor_layout_any, T1 *, tensor_layout_any, const T2 *)"
4208532445,10848,261073,2253,1,1,128,1,1,16,0.000,0.000,,,,,NVIDIA A100-SXM4-40GB MIG 4g.20gb (0),1,,13,cupy_copy__float16_float16
4208548252,3008,261082,282,1,1,128,1,1,16,0.000,0.000,,,,,NVIDIA A100-SXM4-40GB MIG 4g.20gb (0),1,,13,cupy_copy__complex64_complex64
4208553916,2400,261091,26,1,1,128,1,1,16,0.000,0.000,,,,,NVIDIA A100-SXM4-40GB MIG 4g.20gb (0),1,,13,cupy_copy__float32_float32
4208557372,2784,261100,103,1,1,128,1,1,16,0.000,0.000,,,,,NVIDIA A100-SXM4-40GB MIG 4g.20gb (0),1,,13,cupy_copy__complex64_complex64
4208561532,11968,261110,1434,1,1,128,1,1,16,0.000,0.000,,,,,NVIDIA A100-SXM4-40GB MIG 4g.20gb (0),1,,13,cupy_copy__complex64_complex64
4208579708,88063,261115,1,1,1,32,32,1,30,0.000,0.000,,,,,NVIDIA A100-SXM4-40GB MIG 4g.20gb (0),1,,13,"void convert_kernel<__half2, float2>(tensor_layout_any, T1 *, tensor_layout_any, const T2 *)"
4208695259,5440,261118,,,,,,,,,,0.094,17223.480,Pinned,Device,NVIDIA A100-SXM4-40GB MIG 4g.20gb (0),1,,13,[CUDA memcpy Host-to-Device]
4208706715,598936,261119,,,,,,,,,,456.561,762001.043,Device,,NVIDIA A100-SXM4-40GB MIG 4g.20gb (0),1,,13,[CUDA memset]
4209311891,161886,261124,,,,,,,,,,1.235,7628.249,Pinned,Device,NVIDIA A100-SXM4-40GB MIG 4g.20gb (0),1,,13,[CUDA memcpy Host-to-Device]
4209486481,40255,261125,,,,,,,,,,0.197,4883.939,Pinned,Device,NVIDIA A100-SXM4-40GB MIG 4g.20gb (0),1,,13,[CUDA memcpy Host-to-Device]
4209547312,8128,261126,69,4,1,48,1,1,76,0.002,0.000,,,,,NVIDIA A100-SXM4-40GB MIG 4g.20gb (0),1,,13,"void ch_est::windowedChEstPreNoDftSOfdmKernel<float, __half, float, (unsigned int)2, (unsigned int)1, (unsigned short)4>(ch_est::puschRxChEstStatDescr_t *, ch_est::puschRxChEstDynDescr_t *)"
4209564176,6432,261127,137,2,1,24,2,1,44,0.001,0.001,,,,,NVIDIA A100-SXM4-40GB MIG 4g.20gb (0),1,,13,"void ch_est::chEstFilterNoDftSOfdmDispatchKernel<float, __half, float, (unsigned int)2>(ch_est::puschRxChEstStatDescr_t *, ch_est::puschRxChEstDynDescr_t *)"
4209579728,5056,261128,137,2,1,24,2,1,44,0.001,0.001,,,,,NVIDIA A100-SXM4-40GB MIG 4g.20gb (0),1,,13,"void ch_est::chEstFilterNoDftSOfdmDispatchKernel<float, __half, float, (unsigned int)2>(ch_est::puschRxChEstStatDescr_t *, ch_est::puschRxChEstDynDescr_t *)"
4209592496,3104,261139,103,1,1,128,1,1,16,0.000,0.000,,,,,NVIDIA A100-SXM4-40GB MIG 4g.20gb (0),1,,13,cupy_copy__complex64_complex64
4209607471,12608,261149,1434,1,1,128,1,1,16,0.000,0.000,,,,,NVIDIA A100-SXM4-40GB MIG 4g.20gb (0),1,,13,cupy_copy__complex64_complex64
4209633903,2400,261156,103,1,1,128,1,1,16,0.000,0.000,,,,,NVIDIA A100-SXM4-40GB MIG 4g.20gb (0),1,,13,cupy_copy__complex64_complex64
4209642991,83455,261163,1,1,1,32,32,1,30,0.000,0.000,,,,,NVIDIA A100-SXM4-40GB MIG 4g.20gb (0),1,,13,"void convert_kernel<__half2, float2>(tensor_layout_any, T1 *, tensor_layout_any, const T2 *)"
4209759150,18559,261166,,,,,,,,,,0.094,5048.528,Pinned,Device,NVIDIA A100-SXM4-40GB MIG 4g.20gb (0),1,,13,[CUDA memcpy Host-to-Device]
4209792141,47040,261167,,,,,,,,,,35.810,761247.279,Device,,NVIDIA A100-SXM4-40GB MIG 4g.20gb (0),1,,13,[CUDA memset]
4209841389,8095,261169,,,,,,,,,,0.000,9.883,Pinned,Device,NVIDIA A100-SXM4-40GB MIG 4g.20gb (0),1,,13,[CUDA memcpy Host-to-Device]
4209856972,28448,261170,,,,,,,,,,0.197,6910.968,Pinned,Device,NVIDIA A100-SXM4-40GB MIG 4g.20gb (0),1,,13,[CUDA memcpy Host-to-Device]
4209897516,9024,261171,273,1,1,48,1,1,40,0.000,0.001,,,,,NVIDIA A100-SXM4-40GB MIG 4g.20gb (0),1,,13,"void pusch_noise_intf_est::noiseIntfEstNoDftSOfdmKernel<float, __half, float, float, (unsigned int)2, (unsigned int)1, (unsigned char)4, (unsigned char)4>(pusch_noise_intf_est::puschRxNoiseIntfEstDynDescr)"
4209916908,2816,261182,35,1,1,128,1,1,16,0.000,0.000,,,,,NVIDIA A100-SXM4-40GB MIG 4g.20gb (0),1,,13,cupy_copy__complex64_complex64
4209924587,1760,261191,1,1,1,1,1,1,18,0.000,0.000,,,,,NVIDIA A100-SXM4-40GB MIG 4g.20gb (0),1,,13,cupy_copy__float32_float32
4209926987,1664,261197,,,,,,,,,,0.000,2.404,Device,Pageable,NVIDIA A100-SXM4-40GB MIG 4g.20gb (0),1,,7,[CUDA memcpy Device-to-Host]
4209989963,12768,261208,1434,1,1,128,1,1,16,0.000,0.000,,,,,NVIDIA A100-SXM4-40GB MIG 4g.20gb (0),1,,13,cupy_copy__complex64_complex64
4210020618,2752,261215,103,1,1,128,1,1,16,0.000,0.000,,,,,NVIDIA A100-SXM4-40GB MIG 4g.20gb (0),1,,13,cupy_copy__complex64_complex64
4210041258,2400,261222,35,1,1,128,1,1,16,0.000,0.000,,,,,NVIDIA A100-SXM4-40GB MIG 4g.20gb (0),1,,13,cupy_copy__complex64_complex64
4210061610,1888,261229,1,1,1,1,1,1,18,0.000,0.000,,,,,NVIDIA A100-SXM4-40GB MIG 4g.20gb (0),1,,13,cupy_copy__float32_float32
4210190088,87423,261240,1,1,1,32,32,1,30,0.000,0.000,,,,,NVIDIA A100-SXM4-40GB MIG 4g.20gb (0),1,,13,"void convert_kernel<__half2, float2>(tensor_layout_any, T1 *, tensor_layout_any, const T2 *)"
4210305127,5472,261243,,,,,,,,,,0.094,17122.757,Pinned,Device,NVIDIA A100-SXM4-40GB MIG 4g.20gb (0),1,,13,[CUDA memcpy Host-to-Device]
4210318663,3136,261244,,,,,,,,,,1.547,493182.821,Device,,NVIDIA A100-SXM4-40GB MIG 4g.20gb (0),1,,13,[CUDA memset]
4210325703,3264,261249,,,,,,,,,,0.031,9588.218,Pinned,Device,NVIDIA A100-SXM4-40GB MIG 4g.20gb (0),1,,13,[CUDA memcpy Host-to-Device]
4210331430,9888,261250,,,,,,,,,,0.197,19883.360,Pinned,Device,NVIDIA A100-SXM4-40GB MIG 4g.20gb (0),1,,13,[CUDA memcpy Host-to-Device]
4210345190,6208,261251,273,1,1,8,4,1,39,0.002,0.000,,,,,NVIDIA A100-SXM4-40GB MIG 4g.20gb (0),1,,13,"void channel_eq::eqMmseCoefCompLowMimoKernel<float, float, float, (unsigned int)4, (unsigned int)1, (unsigned int)4>(const channel_eq::_puschRxChEqStatDescr *, channel_eq::_puschRxChEqCoefCompDynDescr)"
4210352422,6112,261252,273,1,1,12,11,1,51,0.002,0.000,,,,,NVIDIA A100-SXM4-40GB MIG 4g.20gb (0),1,,13,"void channel_eq::eqMmseSoftDemapKernel<float, __half, __half, float, (unsigned int)4, (unsigned short)16383>(channel_eq::_puschRxChEqStatDescr *, channel_eq::_puschRxChEqSoftDemapDynDescr)"
4210359526,282685,261253,1,1,1,32,32,1,30,0.000,0.000,,,,,NVIDIA A100-SXM4-40GB MIG 4g.20gb (0),1,,13,"void convert_kernel<float2, __half2>(tensor_layout_any, T1 *, tensor_layout_any, const T2 *)"
4210643299,11200,261265,2253,1,1,128,1,1,16,0.000,0.000,,,,,NVIDIA A100-SXM4-40GB MIG 4g.20gb (0),1,,13,cupy_copy__float16_float16
4210660130,2816,261274,282,1,1,128,1,1,16,0.000,0.000,,,,,NVIDIA A100-SXM4-40GB MIG 4g.20gb (0),1,,13,cupy_copy__complex64_complex64
4210665218,2176,261283,26,1,1,128,1,1,16,0.000,0.000,,,,,NVIDIA A100-SXM4-40GB MIG 4g.20gb (0),1,,13,cupy_copy__float32_float32
4210668482,3104,261292,103,1,1,128,1,1,16,0.000,0.000,,,,,NVIDIA A100-SXM4-40GB MIG 4g.20gb (0),1,,13,cupy_copy__complex64_complex64
4210674850,12128,261302,1434,1,1,128,1,1,16,0.000,0.000,,,,,NVIDIA A100-SXM4-40GB MIG 4g.20gb (0),1,,13,cupy_copy__complex64_complex64
4210692290,82655,261307,1,1,1,32,32,1,30,0.000,0.000,,,,,NVIDIA A100-SXM4-40GB MIG 4g.20gb (0),1,,13,"void convert_kernel<__half2, float2>(tensor_layout_any, T1 *, tensor_layout_any, const T2 *)"
4210802497,5856,261310,,,,,,,,,,0.094,15999.997,Pinned,Device,NVIDIA A100-SXM4-40GB MIG 4g.20gb (0),1,,13,[CUDA memcpy Host-to-Device]
4210813537,596760,261311,,,,,,,,,,456.561,764740.412,Device,,NVIDIA A100-SXM4-40GB MIG 4g.20gb (0),1,,13,[CUDA memset]
4211413817,141630,261316,,,,,,,,,,1.235,8718.705,Pinned,Device,NVIDIA A100-SXM4-40GB MIG 4g.20gb (0),1,,13,[CUDA memcpy Host-to-Device]
4211571351,43840,261317,,,,,,,,,,0.197,4484.628,Pinned,Device,NVIDIA A100-SXM4-40GB MIG 4g.20gb (0),1,,13,[CUDA memcpy Host-to-Device]
4211636630,8192,261318,69,4,1,48,1,1,76,0.002,0.000,,,,,NVIDIA A100-SXM4-40GB MIG 4g.20gb (0),1,,13,"void ch_est::windowedChEstPreNoDftSOfdmKernel<float, __half, float, (unsigned int)2, (unsigned int)1, (unsigned short)4>(ch_est::puschRxChEstStatDescr_t *, ch_est::puschRxChEstDynDescr_t *)"
4211654294,6848,261319,137,2,1,24,2,1,44,0.001,0.001,,,,,NVIDIA A100-SXM4-40GB MIG 4g.20gb (0),1,,13,"void ch_est::chEstFilterNoDftSOfdmDispatchKernel<float, __half, float, (unsigned int)2>(ch_est::puschRxChEstStatDescr_t *, ch_est::puschRxChEstDynDescr_t *)"
4211671766,4704,261320,137,2,1,24,2,1,44,0.001,0.001,,,,,NVIDIA A100-SXM4-40GB MIG 4g.20gb (0),1,,13,"void ch_est::chEstFilterNoDftSOfdmDispatchKernel<float, __half, float, (unsigned int)2>(ch_est::puschRxChEstStatDescr_t *, ch_est::puschRxChEstDynDescr_t *)"
4211687958,2624,261331,103,1,1,128,1,1,16,0.000,0.000,,,,,NVIDIA A100-SXM4-40GB MIG 4g.20gb (0),1,,13,cupy_copy__complex64_complex64
4211704342,12447,261341,1434,1,1,128,1,1,16,0.000,0.000,,,,,NVIDIA A100-SXM4-40GB MIG 4g.20gb (0),1,,13,cupy_copy__complex64_complex64
4211722997,2912,261348,103,1,1,128,1,1,16,0.000,0.000,,,,,NVIDIA A100-SXM4-40GB MIG 4g.20gb (0),1,,13,cupy_copy__complex64_complex64
4211746645,88383,261355,1,1,1,32,32,1,30,0.000,0.000,,,,,NVIDIA A100-SXM4-40GB MIG 4g.20gb (0),1,,13,"void convert_kernel<__half2, float2>(tensor_layout_any, T1 *, tensor_layout_any, const T2 *)"
4211865716,21631,261358,,,,,,,,,,0.094,4331.472,Pinned,Device,NVIDIA A100-SXM4-40GB MIG 4g.20gb (0),1,,13,[CUDA memcpy Host-to-Device]
4211907603,48063,261359,,,,,,,,,,35.810,745061.196,Device,,NVIDIA A100-SXM4-40GB MIG 4g.20gb (0),1,,13,[CUDA memset]
4211962866,10720,261361,,,,,,,,,,0.000,7.463,Pinned,Device,NVIDIA A100-SXM4-40GB MIG 4g.20gb (0),1,,13,[CUDA memcpy Host-to-Device]
4211980370,22016,261362,,,,,,,,,,0.197,8930.132,Pinned,Device,NVIDIA A100-SXM4-40GB MIG 4g.20gb (0),1,,13,[CUDA memcpy Host-to-Device]
4212026386,9311,261363,273,1,1,48,1,1,40,0.000,0.001,,,,,NVIDIA A100-SXM4-40GB MIG 4g.20gb (0),1,,13,"void pusch_noise_intf_est::noiseIntfEstNoDftSOfdmKernel<float, __half, float, float, (unsigned int)2, (unsigned int)1, (unsigned char)4, (unsigned char)4>(pusch_noise_intf_est::puschRxNoiseIntfEstDynDescr)"
4212042353,3360,261374,35,1,1,128,1,1,16,0.000,0.000,,,,,NVIDIA A100-SXM4-40GB MIG 4g.20gb (0),1,,13,cupy_copy__complex64_complex64
4212057553,1792,261383,1,1,1,1,1,1,18,0.000,0.000,,,,,NVIDIA A100-SXM4-40GB MIG 4g.20gb (0),1,,13,cupy_copy__float32_float32
4212063025,5664,261389,,,,,,,,,,0.000,0.706,Device,Pageable,NVIDIA A100-SXM4-40GB MIG 4g.20gb (0),1,,7,[CUDA memcpy Device-to-Host]
4212154064,12960,261400,1434,1,1,128,1,1,16,0.000,0.000,,,,,NVIDIA A100-SXM4-40GB MIG 4g.20gb (0),1,,13,cupy_copy__complex64_complex64
4212172048,3360,261407,103,1,1,128,1,1,16,0.000,0.000,,,,,NVIDIA A100-SXM4-40GB MIG 4g.20gb (0),1,,13,cupy_copy__complex64_complex64
4212191152,2592,261414,35,1,1,128,1,1,16,0.000,0.000,,,,,NVIDIA A100-SXM4-40GB MIG 4g.20gb (0),1,,13,cupy_copy__complex64_complex64
4212217967,1760,261421,1,1,1,1,1,1,18,0.000,0.000,,,,,NVIDIA A100-SXM4-40GB MIG 4g.20gb (0),1,,13,cupy_copy__float32_float32
4212345358,82879,261432,1,1,1,32,32,1,30,0.000,0.000,,,,,NVIDIA A100-SXM4-40GB MIG 4g.20gb (0),1,,13,"void convert_kernel<__half2, float2>(tensor_layout_any, T1 *, tensor_layout_any, const T2 *)"
4212456044,5888,261435,,,,,,,,,,0.094,15912.954,Pinned,Device,NVIDIA A100-SXM4-40GB MIG 4g.20gb (0),1,,13,[CUDA memcpy Host-to-Device]
4212472108,3392,261436,,,,,,,,,,1.547,455961.768,Device,,NVIDIA A100-SXM4-40GB MIG 4g.20gb (0),1,,13,[CUDA memset]
4212477516,3328,261441,,,,,,,,,,0.031,9403.822,Pinned,Device,NVIDIA A100-SXM4-40GB MIG 4g.20gb (0),1,,13,[CUDA memcpy Host-to-Device]
4212483276,9888,261442,,,,,,,,,,0.197,19883.360,Pinned,Device,NVIDIA A100-SXM4-40GB MIG 4g.20gb (0),1,,13,[CUDA memcpy Host-to-Device]
4212498572,6592,261443,273,1,1,8,4,1,39,0.002,0.000,,,,,NVIDIA A100-SXM4-40GB MIG 4g.20gb (0),1,,13,"void channel_eq::eqMmseCoefCompLowMimoKernel<float, float, float, (unsigned int)4, (unsigned int)1, (unsigned int)4>(const channel_eq::_puschRxChEqStatDescr *, channel_eq::_puschRxChEqCoefCompDynDescr)"
4212506508,6432,261444,273,1,1,12,11,1,51,0.002,0.000,,,,,NVIDIA A100-SXM4-40GB MIG 4g.20gb (0),1,,13,"void channel_eq::eqMmseSoftDemapKernel<float, __half, __half, float, (unsigned int)4, (unsigned short)16383>(channel_eq::_puschRxChEqStatDescr *, channel_eq::_puschRxChEqSoftDemapDynDescr)"
4212514732,282588,261445,1,1,1,32,32,1,30,0.000,0.000,,,,,NVIDIA A100-SXM4-40GB MIG 4g.20gb (0),1,,13,"void convert_kernel<float2, __half2>(tensor_layout_any, T1 *, tensor_layout_any, const T2 *)"
4212798504,10944,261457,2253,1,1,128,1,1,16,0.000,0.000,,,,,NVIDIA A100-SXM4-40GB MIG 4g.20gb (0),1,,13,cupy_copy__float16_float16
4212814760,2688,261466,282,1,1,128,1,1,16,0.000,0.000,,,,,NVIDIA A100-SXM4-40GB MIG 4g.20gb (0),1,,13,cupy_copy__complex64_complex64
4212819816,2400,261475,26,1,1,128,1,1,16,0.000,0.000,,,,,NVIDIA A100-SXM4-40GB MIG 4g.20gb (0),1,,13,cupy_copy__float32_float32
4212824904,3040,261484,103,1,1,128,1,1,16,0.000,0.000,,,,,NVIDIA A100-SXM4-40GB MIG 4g.20gb (0),1,,13,cupy_copy__complex64_complex64
4212829000,12032,261494,1434,1,1,128,1,1,16,0.000,0.000,,,,,NVIDIA A100-SXM4-40GB MIG 4g.20gb (0),1,,13,cupy_copy__complex64_complex64
4212845384,86174,261499,1,1,1,32,32,1,30,0.000,0.000,,,,,NVIDIA A100-SXM4-40GB MIG 4g.20gb (0),1,,13,"void convert_kernel<__half2, float2>(tensor_layout_any, T1 *, tensor_layout_any, const T2 *)"
4212958758,5888,261502,,,,,,,,,,0.094,15912.954,Pinned,Device,NVIDIA A100-SXM4-40GB MIG 4g.20gb (0),1,,13,[CUDA memcpy Host-to-Device]
4212969958,595993,261503,,,,,,,,,,456.561,765653.535,Device,,NVIDIA A100-SXM4-40GB MIG 4g.20gb (0),1,,13,[CUDA memset]
4213575167,133278,261508,,,,,,,,,,1.235,9265.785,Pinned,Device,NVIDIA A100-SXM4-40GB MIG 4g.20gb (0),1,,13,[CUDA memcpy Host-to-Device]
4213717085,26719,261509,,,,,,,,,,0.197,7358.251,Pinned,Device,NVIDIA A100-SXM4-40GB MIG 4g.20gb (0),1,,13,[CUDA memcpy Host-to-Device]
4213760668,8832,261510,69,4,1,48,1,1,76,0.002,0.000,,,,,NVIDIA A100-SXM4-40GB MIG 4g.20gb (0),1,,13,"void ch_est::windowedChEstPreNoDftSOfdmKernel<float, __half, float, (unsigned int)2, (unsigned int)1, (unsigned short)4>(ch_est::puschRxChEstStatDescr_t *, ch_est::puschRxChEstDynDescr_t *)"
4213772860,6528,261511,137,2,1,24,2,1,44,0.001,0.001,,,,,NVIDIA A100-SXM4-40GB MIG 4g.20gb (0),1,,13,"void ch_est::chEstFilterNoDftSOfdmDispatchKernel<float, __half, float, (unsigned int)2>(ch_est::puschRxChEstStatDescr_t *, ch_est::puschRxChEstDynDescr_t *)"
4213782332,5408,261512,137,2,1,24,2,1,44,0.001,0.001,,,,,NVIDIA A100-SXM4-40GB MIG 4g.20gb (0),1,,13,"void ch_est::chEstFilterNoDftSOfdmDispatchKernel<float, __half, float, (unsigned int)2>(ch_est::puschRxChEstStatDescr_t *, ch_est::puschRxChEstDynDescr_t *)"
4213793980,2528,261523,103,1,1,128,1,1,16,0.000,0.000,,,,,NVIDIA A100-SXM4-40GB MIG 4g.20gb (0),1,,13,cupy_copy__complex64_complex64
4213806620,12480,261533,1434,1,1,128,1,1,16,0.000,0.000,,,,,NVIDIA A100-SXM4-40GB MIG 4g.20gb (0),1,,13,cupy_copy__complex64_complex64
4213836763,2976,261540,103,1,1,128,1,1,16,0.000,0.000,,,,,NVIDIA A100-SXM4-40GB MIG 4g.20gb (0),1,,13,cupy_copy__complex64_complex64
4213850683,90495,261547,1,1,1,32,32,1,30,0.000,0.000,,,,,NVIDIA A100-SXM4-40GB MIG 4g.20gb (0),1,,13,"void convert_kernel<__half2, float2>(tensor_layout_any, T1 *, tensor_layout_any, const T2 *)"
4213972538,10303,261550,,,,,,,,,,0.094,9094.040,Pinned,Device,NVIDIA A100-SXM4-40GB MIG 4g.20gb (0),1,,13,[CUDA memcpy Host-to-Device]
4213991609,47968,261551,,,,,,,,,,35.810,746529.402,Device,,NVIDIA A100-SXM4-40GB MIG 4g.20gb (0),1,,13,[CUDA memset]
4214041849,5952,261553,,,,,,,,,,0.000,13.441,Pinned,Device,NVIDIA A100-SXM4-40GB MIG 4g.20gb (0),1,,13,[CUDA memcpy Host-to-Device]
4214056569,20223,261554,,,,,,,,,,0.197,9721.872,Pinned,Device,NVIDIA A100-SXM4-40GB MIG 4g.20gb (0),1,,13,[CUDA memcpy Host-to-Device]
4214086232,8896,261555,273,1,1,48,1,1,40,0.000,0.001,,,,,NVIDIA A100-SXM4-40GB MIG 4g.20gb (0),1,,13,"void pusch_noise_intf_est::noiseIntfEstNoDftSOfdmKernel<float, __half, float, float, (unsigned int)2, (unsigned int)1, (unsigned char)4, (unsigned char)4>(pusch_noise_intf_est::puschRxNoiseIntfEstDynDescr)"
4214108248,2720,261566,35,1,1,128,1,1,16,0.000,0.000,,,,,NVIDIA A100-SXM4-40GB MIG 4g.20gb (0),1,,13,cupy_copy__complex64_complex64
4214119832,1728,261575,1,1,1,1,1,1,18,0.000,0.000,,,,,NVIDIA A100-SXM4-40GB MIG 4g.20gb (0),1,,13,cupy_copy__float32_float32
4214126168,4736,261581,,,,,,,,,,0.000,0.845,Device,Pageable,NVIDIA A100-SXM4-40GB MIG 4g.20gb (0),1,,7,[CUDA memcpy Device-to-Host]
4214196183,12768,261592,1434,1,1,128,1,1,16,0.000,0.000,,,,,NVIDIA A100-SXM4-40GB MIG 4g.20gb (0),1,,13,cupy_copy__complex64_complex64
4214224279,3711,261599,103,1,1,128,1,1,16,0.000,0.000,,,,,NVIDIA A100-SXM4-40GB MIG 4g.20gb (0),1,,13,cupy_copy__complex64_complex64
4214245014,2304,261606,35,1,1,128,1,1,16,0.000,0.000,,,,,NVIDIA A100-SXM4-40GB MIG 4g.20gb (0),1,,13,cupy_copy__complex64_complex64
4214260214,1728,261613,1,1,1,1,1,1,18,0.000,0.000,,,,,NVIDIA A100-SXM4-40GB MIG 4g.20gb (0),1,,13,cupy_copy__float32_float32
4214392308,82591,261624,1,1,1,32,32,1,30,0.000,0.000,,,,,NVIDIA A100-SXM4-40GB MIG 4g.20gb (0),1,,13,"void convert_kernel<__half2, float2>(tensor_layout_any, T1 *, tensor_layout_any, const T2 *)"
4214501971,5728,261627,,,,,,,,,,0.094,16357.541,Pinned,Device,NVIDIA A100-SXM4-40GB MIG 4g.20gb (0),1,,13,[CUDA memcpy Host-to-Device]
4214516275,3392,261628,,,,,,,,,,1.547,455961.768,Device,,NVIDIA A100-SXM4-40GB MIG 4g.20gb (0),1,,13,[CUDA memset]
4214523123,3136,261633,,,,,,,,,,0.031,9979.575,Pinned,Device,NVIDIA A100-SXM4-40GB MIG 4g.20gb (0),1,,13,[CUDA memcpy Host-to-Device]
4214528723,9984,261634,,,,,,,,,,0.197,19692.257,Pinned,Device,NVIDIA A100-SXM4-40GB MIG 4g.20gb (0),1,,13,[CUDA memcpy Host-to-Device]
4214544211,5920,261635,273,1,1,8,4,1,39,0.002,0.000,,,,,NVIDIA A100-SXM4-40GB MIG 4g.20gb (0),1,,13,"void channel_eq::eqMmseCoefCompLowMimoKernel<float, float, float, (unsigned int)4, (unsigned int)1, (unsigned int)4>(const channel_eq::_puschRxChEqStatDescr *, channel_eq::_puschRxChEqCoefCompDynDescr)"
4214553170,5664,261636,273,1,1,12,11,1,51,0.002,0.000,,,,,NVIDIA A100-SXM4-40GB MIG 4g.20gb (0),1,,13,"void channel_eq::eqMmseSoftDemapKernel<float, __half, __half, float, (unsigned int)4, (unsigned short)16383>(channel_eq::_puschRxChEqStatDescr *, channel_eq::_puschRxChEqSoftDemapDynDescr)"
4214561202,282493,261637,1,1,1,32,32,1,30,0.000,0.000,,,,,NVIDIA A100-SXM4-40GB MIG 4g.20gb (0),1,,13,"void convert_kernel<float2, __half2>(tensor_layout_any, T1 *, tensor_layout_any, const T2 *)"
4214844687,10720,261649,2253,1,1,128,1,1,16,0.000,0.000,,,,,NVIDIA A100-SXM4-40GB MIG 4g.20gb (0),1,,13,cupy_copy__float16_float16
4214856495,2912,261658,282,1,1,128,1,1,16,0.000,0.000,,,,,NVIDIA A100-SXM4-40GB MIG 4g.20gb (0),1,,13,cupy_copy__complex64_complex64
4214862255,2240,261667,26,1,1,128,1,1,16,0.000,0.000,,,,,NVIDIA A100-SXM4-40GB MIG 4g.20gb (0),1,,13,cupy_copy__float32_float32
4214865711,4768,261676,103,1,1,128,1,1,16,0.000,0.000,,,,,NVIDIA A100-SXM4-40GB MIG 4g.20gb (0),1,,13,cupy_copy__complex64_complex64
4214871567,12063,261686,1434,1,1,128,1,1,16,0.000,0.000,,,,,NVIDIA A100-SXM4-40GB MIG 4g.20gb (0),1,,13,cupy_copy__complex64_complex64
4214901774,87039,261691,1,1,1,32,32,1,30,0.000,0.000,,,,,NVIDIA A100-SXM4-40GB MIG 4g.20gb (0),1,,13,"void convert_kernel<__half2, float2>(tensor_layout_any, T1 *, tensor_layout_any, const T2 *)"
4215015725,5472,261694,,,,,,,,,,0.094,17122.757,Pinned,Device,NVIDIA A100-SXM4-40GB MIG 4g.20gb (0),1,,13,[CUDA memcpy Host-to-Device]
4215026381,601336,261695,,,,,,,,,,456.561,758805.113,Device,,NVIDIA A100-SXM4-40GB MIG 4g.20gb (0),1,,13,[CUDA memset]
4215633189,151934,261700,,,,,,,,,,1.235,8127.166,Pinned,Device,NVIDIA A100-SXM4-40GB MIG 4g.20gb (0),1,,13,[CUDA memcpy Host-to-Device]
4215797987,39264,261701,,,,,,,,,,0.197,5007.213,Pinned,Device,NVIDIA A100-SXM4-40GB MIG 4g.20gb (0),1,,13,[CUDA memcpy Host-to-Device]
4215865154,8608,261702,69,4,1,48,1,1,76,0.002,0.000,,,,,NVIDIA A100-SXM4-40GB MIG 4g.20gb (0),1,,13,"void ch_est::windowedChEstPreNoDftSOfdmKernel<float, __half, float, (unsigned int)2, (unsigned int)1, (unsigned short)4>(ch_est::puschRxChEstStatDescr_t *, ch_est::puschRxChEstDynDescr_t *)"
4215883586,6880,261703,137,2,1,24,2,1,44,0.001,0.001,,,,,NVIDIA A100-SXM4-40GB MIG 4g.20gb (0),1,,13,"void ch_est::chEstFilterNoDftSOfdmDispatchKernel<float, __half, float, (unsigned int)2>(ch_est::puschRxChEstStatDescr_t *, ch_est::puschRxChEstDynDescr_t *)"
4215895778,4864,261704,137,2,1,24,2,1,44,0.001,0.001,,,,,NVIDIA A100-SXM4-40GB MIG 4g.20gb (0),1,,13,"void ch_est::chEstFilterNoDftSOfdmDispatchKernel<float, __half, float, (unsigned int)2>(ch_est::puschRxChEstStatDescr_t *, ch_est::puschRxChEstDynDescr_t *)"
4215910082,2688,261715,103,1,1,128,1,1,16,0.000,0.000,,,,,NVIDIA A100-SXM4-40GB MIG 4g.20gb (0),1,,13,cupy_copy__complex64_complex64
4215921154,12287,261725,1434,1,1,128,1,1,16,0.000,0.000,,,,,NVIDIA A100-SXM4-40GB MIG 4g.20gb (0),1,,13,cupy_copy__complex64_complex64
4215940097,2592,261732,103,1,1,128,1,1,16,0.000,0.000,,,,,NVIDIA A100-SXM4-40GB MIG 4g.20gb (0),1,,13,cupy_copy__complex64_complex64
4215954785,81663,261739,1,1,1,32,32,1,30,0.000,0.000,,,,,NVIDIA A100-SXM4-40GB MIG 4g.20gb (0),1,,13,"void convert_kernel<__half2, float2>(tensor_layout_any, T1 *, tensor_layout_any, const T2 *)"
4216067904,16192,261742,,,,,,,,,,0.094,5786.478,Pinned,Device,NVIDIA A100-SXM4-40GB MIG 4g.20gb (0),1,,13,[CUDA memcpy Host-to-Device]
4216090816,47487,261743,,,,,,,,,,35.810,754085.295,Device,,NVIDIA A100-SXM4-40GB MIG 4g.20gb (0),1,,13,[CUDA memset]
4216140735,9696,261745,,,,,,,,,,0.000,8.251,Pinned,Device,NVIDIA A100-SXM4-40GB MIG 4g.20gb (0),1,,13,[CUDA memcpy Host-to-Device]
4216160159,23551,261746,,,,,,,,,,0.197,8348.172,Pinned,Device,NVIDIA A100-SXM4-40GB MIG 4g.20gb (0),1,,13,[CUDA memcpy Host-to-Device]
4216208926,10240,261747,273,1,1,48,1,1,40,0.000,0.001,,,,,NVIDIA A100-SXM4-40GB MIG 4g.20gb (0),1,,13,"void pusch_noise_intf_est::noiseIntfEstNoDftSOfdmKernel<float, __half, float, float, (unsigned int)2, (unsigned int)1, (unsigned char)4, (unsigned char)4>(pusch_noise_intf_est::puschRxNoiseIntfEstDynDescr)"
4216226686,2592,261758,35,1,1,128,1,1,16,0.000,0.000,,,,,NVIDIA A100-SXM4-40GB MIG 4g.20gb (0),1,,13,cupy_copy__complex64_complex64
4216239870,1696,261767,1,1,1,1,1,1,18,0.000,0.000,,,,,NVIDIA A100-SXM4-40GB MIG 4g.20gb (0),1,,13,cupy_copy__float32_float32
4216247038,7392,261773,,,,,,,,,,0.000,0.541,Device,Pageable,NVIDIA A100-SXM4-40GB MIG 4g.20gb (0),1,,7,[CUDA memcpy Device-to-Host]
4216331165,13183,261784,1434,1,1,128,1,1,16,0.000,0.000,,,,,NVIDIA A100-SXM4-40GB MIG 4g.20gb (0),1,,13,cupy_copy__complex64_complex64
4216364508,3360,261791,103,1,1,128,1,1,16,0.000,0.000,,,,,NVIDIA A100-SXM4-40GB MIG 4g.20gb (0),1,,13,cupy_copy__complex64_complex64
4216383740,2560,261798,35,1,1,128,1,1,16,0.000,0.000,,,,,NVIDIA A100-SXM4-40GB MIG 4g.20gb (0),1,,13,cupy_copy__complex64_complex64
4216400796,1760,261805,1,1,1,1,1,1,18,0.000,0.000,,,,,NVIDIA A100-SXM4-40GB MIG 4g.20gb (0),1,,13,cupy_copy__float32_float32
4216528826,88223,261816,1,1,1,32,32,1,30,0.000,0.000,,,,,NVIDIA A100-SXM4-40GB MIG 4g.20gb (0),1,,13,"void convert_kernel<__half2, float2>(tensor_layout_any, T1 *, tensor_layout_any, const T2 *)"
4216644697,5696,261819,,,,,,,,,,0.094,16449.363,Pinned,Device,NVIDIA A100-SXM4-40GB MIG 4g.20gb (0),1,,13,[CUDA memcpy Host-to-Device]
4216658937,3359,261820,,,,,,,,,,1.547,460440.791,Device,,NVIDIA A100-SXM4-40GB MIG 4g.20gb (0),1,,13,[CUDA memset]
4216665880,3168,261825,,,,,,,,,,0.031,9878.770,Pinned,Device,NVIDIA A100-SXM4-40GB MIG 4g.20gb (0),1,,13,[CUDA memcpy Host-to-Device]
4216671704,10112,261826,,,,,,,,,,0.197,19442.958,Pinned,Device,NVIDIA A100-SXM4-40GB MIG 4g.20gb (0),1,,13,[CUDA memcpy Host-to-Device]
4216685240,6464,261827,273,1,1,8,4,1,39,0.002,0.000,,,,,NVIDIA A100-SXM4-40GB MIG 4g.20gb (0),1,,13,"void channel_eq::eqMmseCoefCompLowMimoKernel<float, float, float, (unsigned int)4, (unsigned int)1, (unsigned int)4>(const channel_eq::_puschRxChEqStatDescr *, channel_eq::_puschRxChEqCoefCompDynDescr)"
4216695480,5760,261828,273,1,1,12,11,1,51,0.002,0.000,,,,,NVIDIA A100-SXM4-40GB MIG 4g.20gb (0),1,,13,"void channel_eq::eqMmseSoftDemapKernel<float, __half, __half, float, (unsigned int)4, (unsigned short)16383>(channel_eq::_puschRxChEqStatDescr *, channel_eq::_puschRxChEqSoftDemapDynDescr)"
4216704760,282876,261829,1,1,1,32,32,1,30,0.000,0.000,,,,,NVIDIA A100-SXM4-40GB MIG 4g.20gb (0),1,,13,"void convert_kernel<float2, __half2>(tensor_layout_any, T1 *, tensor_layout_any, const T2 *)"
4216990260,10976,261841,2253,1,1,128,1,1,16,0.000,0.000,,,,,NVIDIA A100-SXM4-40GB MIG 4g.20gb (0),1,,13,cupy_copy__float16_float16
4217003636,3232,261850,282,1,1,128,1,1,16,0.000,0.000,,,,,NVIDIA A100-SXM4-40GB MIG 4g.20gb (0),1,,13,cupy_copy__complex64_complex64
4217007860,2240,261859,26,1,1,128,1,1,16,0.000,0.000,,,,,NVIDIA A100-SXM4-40GB MIG 4g.20gb (0),1,,13,cupy_copy__float32_float32
4217012596,3424,261868,103,1,1,128,1,1,16,0.000,0.000,,,,,NVIDIA A100-SXM4-40GB MIG 4g.20gb (0),1,,13,cupy_copy__complex64_complex64
4217017652,12160,261878,1434,1,1,128,1,1,16,0.000,0.000,,,,,NVIDIA A100-SXM4-40GB MIG 4g.20gb (0),1,,13,cupy_copy__complex64_complex64
4217035668,88383,261883,1,1,1,32,32,1,30,0.000,0.000,,,,,NVIDIA A100-SXM4-40GB MIG 4g.20gb (0),1,,13,"void convert_kernel<__half2, float2>(tensor_layout_any, T1 *, tensor_layout_any, const T2 *)"
4217150578,5600,261886,,,,,,,,,,0.094,16731.388,Pinned,Device,NVIDIA A100-SXM4-40GB MIG 4g.20gb (0),1,,13,[CUDA memcpy Host-to-Device]
4217160754,600249,261887,,,,,,,,,,456.561,760174.798,Device,,NVIDIA A100-SXM4-40GB MIG 4g.20gb (0),1,,13,[CUDA memset]
4217764907,104127,261892,,,,,,,,,,1.235,11859.167,Pinned,Device,NVIDIA A100-SXM4-40GB MIG 4g.20gb (0),1,,13,[CUDA memcpy Host-to-Device]
4217875178,22751,261893,,,,,,,,,,0.197,8641.708,Pinned,Device,NVIDIA A100-SXM4-40GB MIG 4g.20gb (0),1,,13,[CUDA memcpy Host-to-Device]
4217916521,8736,261894,69,4,1,48,1,1,76,0.002,0.000,,,,,NVIDIA A100-SXM4-40GB MIG 4g.20gb (0),1,,13,"void ch_est::windowedChEstPreNoDftSOfdmKernel<float, __half, float, (unsigned int)2, (unsigned int)1, (unsigned short)4>(ch_est::puschRxChEstStatDescr_t *, ch_est::puschRxChEstDynDescr_t *)"
4217929417,6976,261895,137,2,1,24,2,1,44,0.001,0.001,,,,,NVIDIA A100-SXM4-40GB MIG 4g.20gb (0),1,,13,"void ch_est::chEstFilterNoDftSOfdmDispatchKernel<float, __half, float, (unsigned int)2>(ch_est::puschRxChEstStatDescr_t *, ch_est::puschRxChEstDynDescr_t *)"
4217943401,5536,261896,137,2,1,24,2,1,44,0.001,0.001,,,,,NVIDIA A100-SXM4-40GB MIG 4g.20gb (0),1,,13,"void ch_est::chEstFilterNoDftSOfdmDispatchKernel<float, __half, float, (unsigned int)2>(ch_est::puschRxChEstStatDescr_t *, ch_est::puschRxChEstDynDescr_t *)"
4217951497,3840,261907,103,1,1,128,1,1,16,0.000,0.000,,,,,NVIDIA A100-SXM4-40GB MIG 4g.20gb (0),1,,13,cupy_copy__complex64_complex64
4217958441,13183,261917,1434,1,1,128,1,1,16,0.000,0.000,,,,,NVIDIA A100-SXM4-40GB MIG 4g.20gb (0),1,,13,cupy_copy__complex64_complex64
4217973736,2560,261924,103,1,1,128,1,1,16,0.000,0.000,,,,,NVIDIA A100-SXM4-40GB MIG 4g.20gb (0),1,,13,cupy_copy__complex64_complex64
4217984776,87423,261931,1,1,1,32,32,1,30,0.000,0.000,,,,,NVIDIA A100-SXM4-40GB MIG 4g.20gb (0),1,,13,"void convert_kernel<__half2, float2>(tensor_layout_any, T1 *, tensor_layout_any, const T2 *)"
4218099079,5696,261934,,,,,,,,,,0.094,16449.363,Pinned,Device,NVIDIA A100-SXM4-40GB MIG 4g.20gb (0),1,,13,[CUDA memcpy Host-to-Device]
4218110663,47423,261935,,,,,,,,,,35.810,755087.973,Device,,NVIDIA A100-SXM4-40GB MIG 4g.20gb (0),1,,13,[CUDA memset]
4218163942,3808,261937,,,,,,,,,,0.000,21.008,Pinned,Device,NVIDIA A100-SXM4-40GB MIG 4g.20gb (0),1,,13,[CUDA memcpy Host-to-Device]
4218172774,14016,261938,,,,,,,,,,0.197,14027.391,Pinned,Device,NVIDIA A100-SXM4-40GB MIG 4g.20gb (0),1,,13,[CUDA memcpy Host-to-Device]
4218197670,12319,261939,273,1,1,48,1,1,40,0.000,0.001,,,,,NVIDIA A100-SXM4-40GB MIG 4g.20gb (0),1,,13,"void pusch_noise_intf_est::noiseIntfEstNoDftSOfdmKernel<float, __half, float, float, (unsigned int)2, (unsigned int)1, (unsigned char)4, (unsigned char)4>(pusch_noise_intf_est::puschRxNoiseIntfEstDynDescr)"
4218214053,3200,261950,35,1,1,128,1,1,16,0.000,0.000,,,,,NVIDIA A100-SXM4-40GB MIG 4g.20gb (0),1,,13,cupy_copy__complex64_complex64
4218221349,1696,261959,1,1,1,1,1,1,18,0.000,0.000,,,,,NVIDIA A100-SXM4-40GB MIG 4g.20gb (0),1,,13,cupy_copy__float32_float32
4218252645,1568,261965,,,,,,,,,,0.000,2.551,Device,Pageable,NVIDIA A100-SXM4-40GB MIG 4g.20gb (0),1,,7,[CUDA memcpy Device-to-Host]
4218312068,13152,261976,1434,1,1,128,1,1,16,0.000,0.000,,,,,NVIDIA A100-SXM4-40GB MIG 4g.20gb (0),1,,13,cupy_copy__complex64_complex64
4218339204,2944,261983,103,1,1,128,1,1,16,0.000,0.000,,,,,NVIDIA A100-SXM4-40GB MIG 4g.20gb (0),1,,13,cupy_copy__complex64_complex64
4218360644,2176,261990,35,1,1,128,1,1,16,0.000,0.000,,,,,NVIDIA A100-SXM4-40GB MIG 4g.20gb (0),1,,13,cupy_copy__complex64_complex64
4218377923,1824,261997,1,1,1,1,1,1,18,0.000,0.000,,,,,NVIDIA A100-SXM4-40GB MIG 4g.20gb (0),1,,13,cupy_copy__float32_float32
4218508098,82143,262008,1,1,1,32,32,1,30,0.000,0.000,,,,,NVIDIA A100-SXM4-40GB MIG 4g.20gb (0),1,,13,"void convert_kernel<__half2, float2>(tensor_layout_any, T1 *, tensor_layout_any, const T2 *)"
4218617504,5952,262011,,,,,,,,,,0.094,15741.865,Pinned,Device,NVIDIA A100-SXM4-40GB MIG 4g.20gb (0),1,,13,[CUDA memcpy Host-to-Device]
4218631968,3296,262012,,,,,,,,,,1.547,469242.628,Device,,NVIDIA A100-SXM4-40GB MIG 4g.20gb (0),1,,13,[CUDA memset]
4218637984,3456,262017,,,,,,,,,,0.031,9055.529,Pinned,Device,NVIDIA A100-SXM4-40GB MIG 4g.20gb (0),1,,13,[CUDA memcpy Host-to-Device]
4218643872,9376,262018,,,,,,,,,,0.197,20969.226,Pinned,Device,NVIDIA A100-SXM4-40GB MIG 4g.20gb (0),1,,13,[CUDA memcpy Host-to-Device]
4218657504,8096,262019,273,1,1,8,4,1,39,0.002,0.000,,,,,NVIDIA A100-SXM4-40GB MIG 4g.20gb (0),1,,13,"void channel_eq::eqMmseCoefCompLowMimoKernel<float, float, float, (unsigned int)4, (unsigned int)1, (unsigned int)4>(const channel_eq::_puschRxChEqStatDescr *, channel_eq::_puschRxChEqCoefCompDynDescr)"
4218666752,5920,262020,273,1,1,12,11,1,51,0.002,0.000,,,,,NVIDIA A100-SXM4-40GB MIG 4g.20gb (0),1,,13,"void channel_eq::eqMmseSoftDemapKernel<float, __half, __half, float, (unsigned int)4, (unsigned short)16383>(channel_eq::_puschRxChEqStatDescr *, channel_eq::_puschRxChEqSoftDemapDynDescr)"
4218674464,294204,262021,1,1,1,32,32,1,30,0.000,0.000,,,,,NVIDIA A100-SXM4-40GB MIG 4g.20gb (0),1,,13,"void convert_kernel<float2, __half2>(tensor_layout_any, T1 *, tensor_layout_any, const T2 *)"
4218969724,11232,262033,2253,1,1,128,1,1,16,0.000,0.000,,,,,NVIDIA A100-SXM4-40GB MIG 4g.20gb (0),1,,13,cupy_copy__float16_float16
4218986108,3104,262042,282,1,1,128,1,1,16,0.000,0.000,,,,,NVIDIA A100-SXM4-40GB MIG 4g.20gb (0),1,,13,cupy_copy__complex64_complex64
4218991324,2112,262051,26,1,1,128,1,1,16,0.000,0.000,,,,,NVIDIA A100-SXM4-40GB MIG 4g.20gb (0),1,,13,cupy_copy__float32_float32
4218996444,4576,262060,103,1,1,128,1,1,16,0.000,0.000,,,,,NVIDIA A100-SXM4-40GB MIG 4g.20gb (0),1,,13,cupy_copy__complex64_complex64
4219003580,12095,262070,1434,1,1,128,1,1,16,0.000,0.000,,,,,NVIDIA A100-SXM4-40GB MIG 4g.20gb (0),1,,13,cupy_copy__complex64_complex64
4219017915,87807,262075,1,1,1,32,32,1,30,0.000,0.000,,,,,NVIDIA A100-SXM4-40GB MIG 4g.20gb (0),1,,13,"void convert_kernel<__half2, float2>(tensor_layout_any, T1 *, tensor_layout_any, const T2 *)"
4219133146,5440,262078,,,,,,,,,,0.094,17223.480,Pinned,Device,NVIDIA A100-SXM4-40GB MIG 4g.20gb (0),1,,13,[CUDA memcpy Host-to-Device]
4219142266,597817,262079,,,,,,,,,,456.561,763370.728,Device,,NVIDIA A100-SXM4-40GB MIG 4g.20gb (0),1,,13,[CUDA memset]
4219743347,157694,262084,,,,,,,,,,1.235,7830.780,Pinned,Device,NVIDIA A100-SXM4-40GB MIG 4g.20gb (0),1,,13,[CUDA memcpy Host-to-Device]
4219917360,42208,262085,,,,,,,,,,0.197,4658.037,Pinned,Device,NVIDIA A100-SXM4-40GB MIG 4g.20gb (0),1,,13,[CUDA memcpy Host-to-Device]
4219986960,8255,262086,69,4,1,48,1,1,76,0.002,0.000,,,,,NVIDIA A100-SXM4-40GB MIG 4g.20gb (0),1,,13,"void ch_est::windowedChEstPreNoDftSOfdmKernel<float, __half, float, (unsigned int)2, (unsigned int)1, (unsigned short)4>(ch_est::puschRxChEstStatDescr_t *, ch_est::puschRxChEstDynDescr_t *)"
4220005519,6592,262087,137,2,1,24,2,1,44,0.001,0.001,,,,,NVIDIA A100-SXM4-40GB MIG 4g.20gb (0),1,,13,"void ch_est::chEstFilterNoDftSOfdmDispatchKernel<float, __half, float, (unsigned int)2>(ch_est::puschRxChEstStatDescr_t *, ch_est::puschRxChEstDynDescr_t *)"
4220021935,4736,262088,137,2,1,24,2,1,44,0.001,0.001,,,,,NVIDIA A100-SXM4-40GB MIG 4g.20gb (0),1,,13,"void ch_est::chEstFilterNoDftSOfdmDispatchKernel<float, __half, float, (unsigned int)2>(ch_est::puschRxChEstStatDescr_t *, ch_est::puschRxChEstDynDescr_t *)"
4220039663,2688,262099,103,1,1,128,1,1,16,0.000,0.000,,,,,NVIDIA A100-SXM4-40GB MIG 4g.20gb (0),1,,13,cupy_copy__complex64_complex64
4220054607,12320,262109,1434,1,1,128,1,1,16,0.000,0.000,,,,,NVIDIA A100-SXM4-40GB MIG 4g.20gb (0),1,,13,cupy_copy__complex64_complex64
4220090350,2560,262116,103,1,1,128,1,1,16,0.000,0.000,,,,,NVIDIA A100-SXM4-40GB MIG 4g.20gb (0),1,,13,cupy_copy__complex64_complex64
4220105262,86431,262123,1,1,1,32,32,1,30,0.000,0.000,,,,,NVIDIA A100-SXM4-40GB MIG 4g.20gb (0),1,,13,"void convert_kernel<__half2, float2>(tensor_layout_any, T1 *, tensor_layout_any, const T2 *)"
4220219245,9408,262126,,,,,,,,,,0.094,9959.135,Pinned,Device,NVIDIA A100-SXM4-40GB MIG 4g.20gb (0),1,,13,[CUDA memcpy Host-to-Device]
4220233580,46816,262127,,,,,,,,,,35.810,764899.891,Device,,NVIDIA A100-SXM4-40GB MIG 4g.20gb (0),1,,13,[CUDA memset]
4220281228,4928,262129,,,,,,,,,,0.000,16.234,Pinned,Device,NVIDIA A100-SXM4-40GB MIG 4g.20gb (0),1,,13,[CUDA memcpy Host-to-Device]
4220290060,12672,262130,,,,,,,,,,0.197,15515.124,Pinned,Device,NVIDIA A100-SXM4-40GB MIG 4g.20gb (0),1,,13,[CUDA memcpy Host-to-Device]
4220311372,10015,262131,273,1,1,48,1,1,40,0.000,0.001,,,,,NVIDIA A100-SXM4-40GB MIG 4g.20gb (0),1,,13,"void pusch_noise_intf_est::noiseIntfEstNoDftSOfdmKernel<float, __half, float, float, (unsigned int)2, (unsigned int)1, (unsigned char)4, (unsigned char)4>(pusch_noise_intf_est::puschRxNoiseIntfEstDynDescr)"
4220325739,3264,262142,35,1,1,128,1,1,16,0.000,0.000,,,,,NVIDIA A100-SXM4-40GB MIG 4g.20gb (0),1,,13,cupy_copy__complex64_complex64
4220343883,2144,262151,1,1,1,1,1,1,18,0.000,0.000,,,,,NVIDIA A100-SXM4-40GB MIG 4g.20gb (0),1,,13,cupy_copy__float32_float32
4220374187,2176,262157,,,,,,,,,,0.000,1.838,Device,Pageable,NVIDIA A100-SXM4-40GB MIG 4g.20gb (0),1,,7,[CUDA memcpy Device-to-Host]
4220435722,12832,262168,1434,1,1,128,1,1,16,0.000,0.000,,,,,NVIDIA A100-SXM4-40GB MIG 4g.20gb (0),1,,13,cupy_copy__complex64_complex64
4220461834,2752,262175,103,1,1,128,1,1,16,0.000,0.000,,,,,NVIDIA A100-SXM4-40GB MIG 4g.20gb (0),1,,13,cupy_copy__complex64_complex64
4220481673,2752,262182,35,1,1,128,1,1,16,0.000,0.000,,,,,NVIDIA A100-SXM4-40GB MIG 4g.20gb (0),1,,13,cupy_copy__complex64_complex64
4220499369,1760,262189,1,1,1,1,1,1,18,0.000,0.000,,,,,NVIDIA A100-SXM4-40GB MIG 4g.20gb (0),1,,13,cupy_copy__float32_float32
4220631016,82111,262200,1,1,1,32,32,1,30,0.000,0.000,,,,,NVIDIA A100-SXM4-40GB MIG 4g.20gb (0),1,,13,"void convert_kernel<__half2, float2>(tensor_layout_any, T1 *, tensor_layout_any, const T2 *)"
4220740326,5824,262203,,,,,,,,,,0.094,16087.884,Pinned,Device,NVIDIA A100-SXM4-40GB MIG 4g.20gb (0),1,,13,[CUDA memcpy Host-to-Device]
4220754790,3360,262204,,,,,,,,,,1.547,460304.688,Device,,NVIDIA A100-SXM4-40GB MIG 4g.20gb (0),1,,13,[CUDA memset]
4220761222,3744,262209,,,,,,,,,,0.031,8358.974,Pinned,Device,NVIDIA A100-SXM4-40GB MIG 4g.20gb (0),1,,13,[CUDA memcpy Host-to-Device]
4220767366,9568,262210,,,,,,,,,,0.197,20548.485,Pinned,Device,NVIDIA A100-SXM4-40GB MIG 4g.20gb (0),1,,13,[CUDA memcpy Host-to-Device]
4220780902,6720,262211,273,1,1,8,4,1,39,0.002,0.000,,,,,NVIDIA A100-SXM4-40GB MIG 4g.20gb (0),1,,13,"void channel_eq::eqMmseCoefCompLowMimoKernel<float, float, float, (unsigned int)4, (unsigned int)1, (unsigned int)4>(const channel_eq::_puschRxChEqStatDescr *, channel_eq::_puschRxChEqCoefCompDynDescr)"
4220788742,6016,262212,273,1,1,12,11,1,51,0.002,0.000,,,,,NVIDIA A100-SXM4-40GB MIG 4g.20gb (0),1,,13,"void channel_eq::eqMmseSoftDemapKernel<float, __half, __half, float, (unsigned int)4, (unsigned short)16383>(channel_eq::_puschRxChEqStatDescr *, channel_eq::_puschRxChEqSoftDemapDynDescr)"
4220795814,282428,262213,1,1,1,32,32,1,30,0.000,0.000,,,,,NVIDIA A100-SXM4-40GB MIG 4g.20gb (0),1,,13,"void convert_kernel<float2, __half2>(tensor_layout_any, T1 *, tensor_layout_any, const T2 *)"
4221080578,10944,262225,2253,1,1,128,1,1,16,0.000,0.000,,,,,NVIDIA A100-SXM4-40GB MIG 4g.20gb (0),1,,13,cupy_copy__float16_float16
4221093602,3872,262234,282,1,1,128,1,1,16,0.000,0.000,,,,,NVIDIA A100-SXM4-40GB MIG 4g.20gb (0),1,,13,cupy_copy__complex64_complex64
4221100322,2368,262243,26,1,1,128,1,1,16,0.000,0.000,,,,,NVIDIA A100-SXM4-40GB MIG 4g.20gb (0),1,,13,cupy_copy__float32_float32
4221103682,2912,262252,103,1,1,128,1,1,16,0.000,0.000,,,,,NVIDIA A100-SXM4-40GB MIG 4g.20gb (0),1,,13,cupy_copy__complex64_complex64
4221109602,12160,262262,1434,1,1,128,1,1,16,0.000,0.000,,,,,NVIDIA A100-SXM4-40GB MIG 4g.20gb (0),1,,13,cupy_copy__complex64_complex64
4221130817,81887,262267,1,1,1,32,32,1,30,0.000,0.000,,,,,NVIDIA A100-SXM4-40GB MIG 4g.20gb (0),1,,13,"void convert_kernel<__half2, float2>(tensor_layout_any, T1 *, tensor_layout_any, const T2 *)"
4221239552,5600,262270,,,,,,,,,,0.094,16731.388,Pinned,Device,NVIDIA A100-SXM4-40GB MIG 4g.20gb (0),1,,13,[CUDA memcpy Host-to-Device]
4221248992,600217,262271,,,,,,,,,,456.561,760631.359,Device,,NVIDIA A100-SXM4-40GB MIG 4g.20gb (0),1,,13,[CUDA memset]
4221850361,141662,262276,,,,,,,,,,1.235,8717.470,Pinned,Device,NVIDIA A100-SXM4-40GB MIG 4g.20gb (0),1,,13,[CUDA memcpy Host-to-Device]
4222004119,39167,262277,,,,,,,,,,0.197,5019.599,Pinned,Device,NVIDIA A100-SXM4-40GB MIG 4g.20gb (0),1,,13,[CUDA memcpy Host-to-Device]
4222061238,7968,262278,69,4,1,48,1,1,76,0.002,0.000,,,,,NVIDIA A100-SXM4-40GB MIG 4g.20gb (0),1,,13,"void ch_est::windowedChEstPreNoDftSOfdmKernel<float, __half, float, (unsigned int)2, (unsigned int)1, (unsigned short)4>(ch_est::puschRxChEstStatDescr_t *, ch_est::puschRxChEstDynDescr_t *)"
4222079286,6944,262279,137,2,1,24,2,1,44,0.001,0.001,,,,,NVIDIA A100-SXM4-40GB MIG 4g.20gb (0),1,,13,"void ch_est::chEstFilterNoDftSOfdmDispatchKernel<float, __half, float, (unsigned int)2>(ch_est::puschRxChEstStatDescr_t *, ch_est::puschRxChEstDynDescr_t *)"
4222096630,4703,262280,137,2,1,24,2,1,44,0.001,0.001,,,,,NVIDIA A100-SXM4-40GB MIG 4g.20gb (0),1,,13,"void ch_est::chEstFilterNoDftSOfdmDispatchKernel<float, __half, float, (unsigned int)2>(ch_est::puschRxChEstStatDescr_t *, ch_est::puschRxChEstDynDescr_t *)"
4222113269,2496,262291,103,1,1,128,1,1,16,0.000,0.000,,,,,NVIDIA A100-SXM4-40GB MIG 4g.20gb (0),1,,13,cupy_copy__complex64_complex64
4222132501,12192,262301,1434,1,1,128,1,1,16,0.000,0.000,,,,,NVIDIA A100-SXM4-40GB MIG 4g.20gb (0),1,,13,cupy_copy__complex64_complex64
4222152213,2912,262308,103,1,1,128,1,1,16,0.000,0.000,,,,,NVIDIA A100-SXM4-40GB MIG 4g.20gb (0),1,,13,cupy_copy__complex64_complex64
4222174133,89022,262315,1,1,1,32,32,1,30,0.000,0.000,,,,,NVIDIA A100-SXM4-40GB MIG 4g.20gb (0),1,,13,"void convert_kernel<__half2, float2>(tensor_layout_any, T1 *, tensor_layout_any, const T2 *)"
4222298515,26112,262318,,,,,,,,,,0.094,3588.182,Pinned,Device,NVIDIA A100-SXM4-40GB MIG 4g.20gb (0),1,,13,[CUDA memcpy Host-to-Device]
4222351538,48032,262319,,,,,,,,,,35.810,745526.724,Device,,NVIDIA A100-SXM4-40GB MIG 4g.20gb (0),1,,13,[CUDA memset]
4222406642,15616,262321,,,,,,,,,,0.000,5.123,Pinned,Device,NVIDIA A100-SXM4-40GB MIG 4g.20gb (0),1,,13,[CUDA memcpy Host-to-Device]
4222433969,21760,262322,,,,,,,,,,0.197,9035.121,Pinned,Device,NVIDIA A100-SXM4-40GB MIG 4g.20gb (0),1,,13,[CUDA memcpy Host-to-Device]
4222478961,9632,262323,273,1,1,48,1,1,40,0.000,0.001,,,,,NVIDIA A100-SXM4-40GB MIG 4g.20gb (0),1,,13,"void pusch_noise_intf_est::noiseIntfEstNoDftSOfdmKernel<float, __half, float, float, (unsigned int)2, (unsigned int)1, (unsigned char)4, (unsigned char)4>(pusch_noise_intf_est::puschRxNoiseIntfEstDynDescr)"
4222494737,2560,262334,35,1,1,128,1,1,16,0.000,0.000,,,,,NVIDIA A100-SXM4-40GB MIG 4g.20gb (0),1,,13,cupy_copy__complex64_complex64
4222509872,1792,262343,1,1,1,1,1,1,18,0.000,0.000,,,,,NVIDIA A100-SXM4-40GB MIG 4g.20gb (0),1,,13,cupy_copy__float32_float32
4222514160,6144,262349,,,,,,,,,,0.000,0.651,Device,Pageable,NVIDIA A100-SXM4-40GB MIG 4g.20gb (0),1,,7,[CUDA memcpy Device-to-Host]
4222600623,13600,262360,1434,1,1,128,1,1,16,0.000,0.000,,,,,NVIDIA A100-SXM4-40GB MIG 4g.20gb (0),1,,13,cupy_copy__complex64_complex64
4222623695,3008,262367,103,1,1,128,1,1,16,0.000,0.000,,,,,NVIDIA A100-SXM4-40GB MIG 4g.20gb (0),1,,13,cupy_copy__complex64_complex64
4222638863,2688,262374,35,1,1,128,1,1,16,0.000,0.000,,,,,NVIDIA A100-SXM4-40GB MIG 4g.20gb (0),1,,13,cupy_copy__complex64_complex64
4222654383,1856,262381,1,1,1,1,1,1,18,0.000,0.000,,,,,NVIDIA A100-SXM4-40GB MIG 4g.20gb (0),1,,13,cupy_copy__float32_float32
4222786125,82431,262392,1,1,1,32,32,1,30,0.000,0.000,,,,,NVIDIA A100-SXM4-40GB MIG 4g.20gb (0),1,,13,"void convert_kernel<__half2, float2>(tensor_layout_any, T1 *, tensor_layout_any, const T2 *)"
4222896588,5728,262395,,,,,,,,,,0.094,16357.541,Pinned,Device,NVIDIA A100-SXM4-40GB MIG 4g.20gb (0),1,,13,[CUDA memcpy Host-to-Device]
4222911019,3552,262396,,,,,,,,,,1.547,435422.601,Device,,NVIDIA A100-SXM4-40GB MIG 4g.20gb (0),1,,13,[CUDA memset]
4222918251,3616,262401,,,,,,,,,,0.031,8654.846,Pinned,Device,NVIDIA A100-SXM4-40GB MIG 4g.20gb (0),1,,13,[CUDA memcpy Host-to-Device]
4222925259,9792,262402,,,,,,,,,,0.197,20078.395,Pinned,Device,NVIDIA A100-SXM4-40GB MIG 4g.20gb (0),1,,13,[CUDA memcpy Host-to-Device]
4222941483,6112,262403,273,1,1,8,4,1,39,0.002,0.000,,,,,NVIDIA A100-SXM4-40GB MIG 4g.20gb (0),1,,13,"void channel_eq::eqMmseCoefCompLowMimoKernel<float, float, float, (unsigned int)4, (unsigned int)1, (unsigned int)4>(const channel_eq::_puschRxChEqStatDescr *, channel_eq::_puschRxChEqCoefCompDynDescr)"
4222950891,6112,262404,273,1,1,12,11,1,51,0.002,0.000,,,,,NVIDIA A100-SXM4-40GB MIG 4g.20gb (0),1,,13,"void channel_eq::eqMmseSoftDemapKernel<float, __half, __half, float, (unsigned int)4, (unsigned short)16383>(channel_eq::_puschRxChEqStatDescr *, channel_eq::_puschRxChEqSoftDemapDynDescr)"
4222958667,282652,262405,1,1,1,32,32,1,30,0.000,0.000,,,,,NVIDIA A100-SXM4-40GB MIG 4g.20gb (0),1,,13,"void convert_kernel<float2, __half2>(tensor_layout_any, T1 *, tensor_layout_any, const T2 *)"
4223244263,11168,262417,2253,1,1,128,1,1,16,0.000,0.000,,,,,NVIDIA A100-SXM4-40GB MIG 4g.20gb (0),1,,13,cupy_copy__float16_float16
4223259911,3776,262426,282,1,1,128,1,1,16,0.000,0.000,,,,,NVIDIA A100-SXM4-40GB MIG 4g.20gb (0),1,,13,cupy_copy__complex64_complex64
4223266439,2272,262435,26,1,1,128,1,1,16,0.000,0.000,,,,,NVIDIA A100-SXM4-40GB MIG 4g.20gb (0),1,,13,cupy_copy__float32_float32
4223269735,3136,262444,103,1,1,128,1,1,16,0.000,0.000,,,,,NVIDIA A100-SXM4-40GB MIG 4g.20gb (0),1,,13,cupy_copy__complex64_complex64
4223274247,12096,262454,1434,1,1,128,1,1,16,0.000,0.000,,,,,NVIDIA A100-SXM4-40GB MIG 4g.20gb (0),1,,13,cupy_copy__complex64_complex64
4223291335,81695,262459,1,1,1,32,32,1,30,0.000,0.000,,,,,NVIDIA A100-SXM4-40GB MIG 4g.20gb (0),1,,13,"void convert_kernel<__half2, float2>(tensor_layout_any, T1 *, tensor_layout_any, const T2 *)"
4223400069,5984,262462,,,,,,,,,,0.094,15657.726,Pinned,Device,NVIDIA A100-SXM4-40GB MIG 4g.20gb (0),1,,13,[CUDA memcpy Host-to-Device]
4223410917,596121,262463,,,,,,,,,,456.561,765653.535,Device,,NVIDIA A100-SXM4-40GB MIG 4g.20gb (0),1,,13,[CUDA memset]
4224013982,73151,262468,,,,,,,,,,1.235,16881.684,Pinned,Device,NVIDIA A100-SXM4-40GB MIG 4g.20gb (0),1,,13,[CUDA memcpy Host-to-Device]
4224093725,20864,262469,,,,,,,,,,0.197,9423.225,Pinned,Device,NVIDIA A100-SXM4-40GB MIG 4g.20gb (0),1,,13,[CUDA memcpy Host-to-Device]
4224129372,8352,262470,69,4,1,48,1,1,76,0.002,0.000,,,,,NVIDIA A100-SXM4-40GB MIG 4g.20gb (0),1,,13,"void ch_est::windowedChEstPreNoDftSOfdmKernel<float, __half, float, (unsigned int)2, (unsigned int)1, (unsigned short)4>(ch_est::puschRxChEstStatDescr_t *, ch_est::puschRxChEstDynDescr_t *)"
4224150012,6432,262471,137,2,1,24,2,1,44,0.001,0.001,,,,,NVIDIA A100-SXM4-40GB MIG 4g.20gb (0),1,,13,"void ch_est::chEstFilterNoDftSOfdmDispatchKernel<float, __half, float, (unsigned int)2>(ch_est::puschRxChEstStatDescr_t *, ch_est::puschRxChEstDynDescr_t *)"
4224162076,5056,262472,137,2,1,24,2,1,44,0.001,0.001,,,,,NVIDIA A100-SXM4-40GB MIG 4g.20gb (0),1,,13,"void ch_est::chEstFilterNoDftSOfdmDispatchKernel<float, __half, float, (unsigned int)2>(ch_est::puschRxChEstStatDescr_t *, ch_est::puschRxChEstDynDescr_t *)"
4224170204,2784,262483,103,1,1,128,1,1,16,0.000,0.000,,,,,NVIDIA A100-SXM4-40GB MIG 4g.20gb (0),1,,13,cupy_copy__complex64_complex64
4224182364,12576,262493,1434,1,1,128,1,1,16,0.000,0.000,,,,,NVIDIA A100-SXM4-40GB MIG 4g.20gb (0),1,,13,cupy_copy__complex64_complex64
4224208508,2559,262500,103,1,1,128,1,1,16,0.000,0.000,,,,,NVIDIA A100-SXM4-40GB MIG 4g.20gb (0),1,,13,cupy_copy__complex64_complex64
4224219547,86655,262507,1,1,1,32,32,1,30,0.000,0.000,,,,,NVIDIA A100-SXM4-40GB MIG 4g.20gb (0),1,,13,"void convert_kernel<__half2, float2>(tensor_layout_any, T1 *, tensor_layout_any, const T2 *)"
4224337562,11392,262510,,,,,,,,,,0.094,8224.635,Pinned,Device,NVIDIA A100-SXM4-40GB MIG 4g.20gb (0),1,,13,[CUDA memcpy Host-to-Device]
4224357498,46367,262511,,,,,,,,,,35.810,772312.545,Device,,NVIDIA A100-SXM4-40GB MIG 4g.20gb (0),1,,13,[CUDA memset]
4224413593,10176,262513,,,,,,,,,,0.000,7.862,Pinned,Device,NVIDIA A100-SXM4-40GB MIG 4g.20gb (0),1,,13,[CUDA memcpy Host-to-Device]
4224431481,26719,262514,,,,,,,,,,0.197,7358.251,Pinned,Device,NVIDIA A100-SXM4-40GB MIG 4g.20gb (0),1,,13,[CUDA memcpy Host-to-Device]
4224477528,9568,262515,273,1,1,48,1,1,40,0.000,0.001,,,,,NVIDIA A100-SXM4-40GB MIG 4g.20gb (0),1,,13,"void pusch_noise_intf_est::noiseIntfEstNoDftSOfdmKernel<float, __half, float, float, (unsigned int)2, (unsigned int)1, (unsigned char)4, (unsigned char)4>(pusch_noise_intf_est::puschRxNoiseIntfEstDynDescr)"
4224495352,2784,262526,35,1,1,128,1,1,16,0.000,0.000,,,,,NVIDIA A100-SXM4-40GB MIG 4g.20gb (0),1,,13,cupy_copy__complex64_complex64
4224508728,1728,262535,1,1,1,1,1,1,18,0.000,0.000,,,,,NVIDIA A100-SXM4-40GB MIG 4g.20gb (0),1,,13,cupy_copy__float32_float32
4224515736,7776,262541,,,,,,,,,,0.000,0.514,Device,Pageable,NVIDIA A100-SXM4-40GB MIG 4g.20gb (0),1,,7,[CUDA memcpy Device-to-Host]
4224610903,12927,262552,1434,1,1,128,1,1,16,0.000,0.000,,,,,NVIDIA A100-SXM4-40GB MIG 4g.20gb (0),1,,13,cupy_copy__complex64_complex64
4224632662,3424,262559,103,1,1,128,1,1,16,0.000,0.000,,,,,NVIDIA A100-SXM4-40GB MIG 4g.20gb (0),1,,13,cupy_copy__complex64_complex64
4224654838,2560,262566,35,1,1,128,1,1,16,0.000,0.000,,,,,NVIDIA A100-SXM4-40GB MIG 4g.20gb (0),1,,13,cupy_copy__complex64_complex64
4224674486,1696,262573,1,1,1,1,1,1,18,0.000,0.000,,,,,NVIDIA A100-SXM4-40GB MIG 4g.20gb (0),1,,13,cupy_copy__float32_float32
4224808692,89407,262584,1,1,1,32,32,1,30,0.000,0.000,,,,,NVIDIA A100-SXM4-40GB MIG 4g.20gb (0),1,,13,"void convert_kernel<__half2, float2>(tensor_layout_any, T1 *, tensor_layout_any, const T2 *)"
4224931379,13919,262587,,,,,,,,,,0.094,6731.495,Pinned,Device,NVIDIA A100-SXM4-40GB MIG 4g.20gb (0),1,,13,[CUDA memcpy Host-to-Device]
4224955186,3328,262588,,,,,,,,,,1.547,464729.580,Device,,NVIDIA A100-SXM4-40GB MIG 4g.20gb (0),1,,13,[CUDA memset]
4224965586,8576,262593,,,,,,,,,,0.031,3649.239,Pinned,Device,NVIDIA A100-SXM4-40GB MIG 4g.20gb (0),1,,13,[CUDA memcpy Host-to-Device]
4224981586,16992,262594,,,,,,,,,,0.197,11570.577,Pinned,Device,NVIDIA A100-SXM4-40GB MIG 4g.20gb (0),1,,13,[CUDA memcpy Host-to-Device]
4225006290,8352,262595,273,1,1,8,4,1,39,0.002,0.000,,,,,NVIDIA A100-SXM4-40GB MIG 4g.20gb (0),1,,13,"void channel_eq::eqMmseCoefCompLowMimoKernel<float, float, float, (unsigned int)4, (unsigned int)1, (unsigned int)4>(const channel_eq::_puschRxChEqStatDescr *, channel_eq::_puschRxChEqCoefCompDynDescr)"
4225021489,6848,262596,273,1,1,12,11,1,51,0.002,0.000,,,,,NVIDIA A100-SXM4-40GB MIG 4g.20gb (0),1,,13,"void channel_eq::eqMmseSoftDemapKernel<float, __half, __half, float, (unsigned int)4, (unsigned short)16383>(channel_eq::_puschRxChEqStatDescr *, channel_eq::_puschRxChEqSoftDemapDynDescr)"
4225030705,283005,262597,1,1,1,32,32,1,30,0.000,0.000,,,,,NVIDIA A100-SXM4-40GB MIG 4g.20gb (0),1,,13,"void convert_kernel<float2, __half2>(tensor_layout_any, T1 *, tensor_layout_any, const T2 *)"
4225315854,11072,262609,2253,1,1,128,1,1,16,0.000,0.000,,,,,NVIDIA A100-SXM4-40GB MIG 4g.20gb (0),1,,13,cupy_copy__float16_float16
4225329230,3488,262618,282,1,1,128,1,1,16,0.000,0.000,,,,,NVIDIA A100-SXM4-40GB MIG 4g.20gb (0),1,,13,cupy_copy__complex64_complex64
4225334222,2080,262627,26,1,1,128,1,1,16,0.000,0.000,,,,,NVIDIA A100-SXM4-40GB MIG 4g.20gb (0),1,,13,cupy_copy__float32_float32
4225337902,3104,262636,103,1,1,128,1,1,16,0.000,0.000,,,,,NVIDIA A100-SXM4-40GB MIG 4g.20gb (0),1,,13,cupy_copy__complex64_complex64
4225342094,11999,262646,1434,1,1,128,1,1,16,0.000,0.000,,,,,NVIDIA A100-SXM4-40GB MIG 4g.20gb (0),1,,13,cupy_copy__complex64_complex64
4225355405,82655,262651,1,1,1,32,32,1,30,0.000,0.000,,,,,NVIDIA A100-SXM4-40GB MIG 4g.20gb (0),1,,13,"void convert_kernel<__half2, float2>(tensor_layout_any, T1 *, tensor_layout_any, const T2 *)"
4225464876,5536,262654,,,,,,,,,,0.094,16924.777,Pinned,Device,NVIDIA A100-SXM4-40GB MIG 4g.20gb (0),1,,13,[CUDA memcpy Host-to-Device]
4225475500,596601,262655,,,,,,,,,,456.561,765196.973,Device,,NVIDIA A100-SXM4-40GB MIG 4g.20gb (0),1,,13,[CUDA memset]
4226079684,136767,262660,,,,,,,,,,1.235,9028.676,Pinned,Device,NVIDIA A100-SXM4-40GB MIG 4g.20gb (0),1,,13,[CUDA memcpy Host-to-Device]
4226230691,41471,262661,,,,,,,,,,0.197,4740.809,Pinned,Device,NVIDIA A100-SXM4-40GB MIG 4g.20gb (0),1,,13,[CUDA memcpy Host-to-Device]
4226300706,8448,262662,69,4,1,48,1,1,76,0.002,0.000,,,,,NVIDIA A100-SXM4-40GB MIG 4g.20gb (0),1,,13,"void ch_est::windowedChEstPreNoDftSOfdmKernel<float, __half, float, (unsigned int)2, (unsigned int)1, (unsigned short)4>(ch_est::puschRxChEstStatDescr_t *, ch_est::puschRxChEstDynDescr_t *)"
4226318242,6527,262663,137,2,1,24,2,1,44,0.001,0.001,,,,,NVIDIA A100-SXM4-40GB MIG 4g.20gb (0),1,,13,"void ch_est::chEstFilterNoDftSOfdmDispatchKernel<float, __half, float, (unsigned int)2>(ch_est::puschRxChEstStatDescr_t *, ch_est::puschRxChEstDynDescr_t *)"
4226333249,5056,262664,137,2,1,24,2,1,44,0.001,0.001,,,,,NVIDIA A100-SXM4-40GB MIG 4g.20gb (0),1,,13,"void ch_est::chEstFilterNoDftSOfdmDispatchKernel<float, __half, float, (unsigned int)2>(ch_est::puschRxChEstStatDescr_t *, ch_est::puschRxChEstDynDescr_t *)"
4226345217,2624,262675,103,1,1,128,1,1,16,0.000,0.000,,,,,NVIDIA A100-SXM4-40GB MIG 4g.20gb (0),1,,13,cupy_copy__complex64_complex64
4226356929,12544,262685,1434,1,1,128,1,1,16,0.000,0.000,,,,,NVIDIA A100-SXM4-40GB MIG 4g.20gb (0),1,,13,cupy_copy__complex64_complex64
4226379329,2560,262692,103,1,1,128,1,1,16,0.000,0.000,,,,,NVIDIA A100-SXM4-40GB MIG 4g.20gb (0),1,,13,cupy_copy__complex64_complex64
4226390817,83615,262699,1,1,1,32,32,1,30,0.000,0.000,,,,,NVIDIA A100-SXM4-40GB MIG 4g.20gb (0),1,,13,"void convert_kernel<__half2, float2>(tensor_layout_any, T1 *, tensor_layout_any, const T2 *)"
4226502879,6752,262702,,,,,,,,,,0.094,13876.752,Pinned,Device,NVIDIA A100-SXM4-40GB MIG 4g.20gb (0),1,,13,[CUDA memcpy Host-to-Device]
4226515807,47327,262703,,,,,,,,,,35.810,756627.800,Device,,NVIDIA A100-SXM4-40GB MIG 4g.20gb (0),1,,13,[CUDA memset]
4226569438,3040,262705,,,,,,,,,,0.000,26.316,Pinned,Device,NVIDIA A100-SXM4-40GB MIG 4g.20gb (0),1,,13,[CUDA memcpy Host-to-Device]
4226577054,12128,262706,,,,,,,,,,0.197,16210.919,Pinned,Device,NVIDIA A100-SXM4-40GB MIG 4g.20gb (0),1,,13,[CUDA memcpy Host-to-Device]
4226594334,12512,262707,273,1,1,48,1,1,40,0.000,0.001,,,,,NVIDIA A100-SXM4-40GB MIG 4g.20gb (0),1,,13,"void pusch_noise_intf_est::noiseIntfEstNoDftSOfdmKernel<float, __half, float, float, (unsigned int)2, (unsigned int)1, (unsigned char)4, (unsigned char)4>(pusch_noise_intf_est::puschRxNoiseIntfEstDynDescr)"
4226610622,3040,262718,35,1,1,128,1,1,16,0.000,0.000,,,,,NVIDIA A100-SXM4-40GB MIG 4g.20gb (0),1,,13,cupy_copy__complex64_complex64
4226622398,1824,262727,1,1,1,1,1,1,18,0.000,0.000,,,,,NVIDIA A100-SXM4-40GB MIG 4g.20gb (0),1,,13,cupy_copy__float32_float32
4226654077,1984,262733,,,,,,,,,,0.000,2.016,Device,Pageable,NVIDIA A100-SXM4-40GB MIG 4g.20gb (0),1,,7,[CUDA memcpy Device-to-Host]
4226715037,13087,262744,1434,1,1,128,1,1,16,0.000,0.000,,,,,NVIDIA A100-SXM4-40GB MIG 4g.20gb (0),1,,13,cupy_copy__complex64_complex64
4226742204,2592,262751,103,1,1,128,1,1,16,0.000,0.000,,,,,NVIDIA A100-SXM4-40GB MIG 4g.20gb (0),1,,13,cupy_copy__complex64_complex64
4226762268,2720,262758,35,1,1,128,1,1,16,0.000,0.000,,,,,NVIDIA A100-SXM4-40GB MIG 4g.20gb (0),1,,13,cupy_copy__complex64_complex64
4226780764,1728,262765,1,1,1,1,1,1,18,0.000,0.000,,,,,NVIDIA A100-SXM4-40GB MIG 4g.20gb (0),1,,13,cupy_copy__float32_float32
4226923514,86975,262776,1,1,1,32,32,1,30,0.000,0.000,,,,,NVIDIA A100-SXM4-40GB MIG 4g.20gb (0),1,,13,"void convert_kernel<__half2, float2>(tensor_layout_any, T1 *, tensor_layout_any, const T2 *)"
4227038329,5856,262779,,,,,,,,,,0.094,15999.997,Pinned,Device,NVIDIA A100-SXM4-40GB MIG 4g.20gb (0),1,,13,[CUDA memcpy Host-to-Device]
4227057624,3488,262780,,,,,,,,,,1.547,443412.461,Device,,NVIDIA A100-SXM4-40GB MIG 4g.20gb (0),1,,13,[CUDA memset]
4227069560,4032,262785,,,,,,,,,,0.031,7761.877,Pinned,Device,NVIDIA A100-SXM4-40GB MIG 4g.20gb (0),1,,13,[CUDA memcpy Host-to-Device]
4227076568,11968,262786,,,,,,,,,,0.197,16427.778,Pinned,Device,NVIDIA A100-SXM4-40GB MIG 4g.20gb (0),1,,13,[CUDA memcpy Host-to-Device]
4227092248,6336,262787,273,1,1,8,4,1,39,0.002,0.000,,,,,NVIDIA A100-SXM4-40GB MIG 4g.20gb (0),1,,13,"void channel_eq::eqMmseCoefCompLowMimoKernel<float, float, float, (unsigned int)4, (unsigned int)1, (unsigned int)4>(const channel_eq::_puschRxChEqStatDescr *, channel_eq::_puschRxChEqCoefCompDynDescr)"
4227099544,6144,262788,273,1,1,12,11,1,51,0.002,0.000,,,,,NVIDIA A100-SXM4-40GB MIG 4g.20gb (0),1,,13,"void channel_eq::eqMmseSoftDemapKernel<float, __half, __half, float, (unsigned int)4, (unsigned short)16383>(channel_eq::_puschRxChEqStatDescr *, channel_eq::_puschRxChEqSoftDemapDynDescr)"
4227106744,282780,262789,1,1,1,32,32,1,30,0.000,0.000,,,,,NVIDIA A100-SXM4-40GB MIG 4g.20gb (0),1,,13,"void convert_kernel<float2, __half2>(tensor_layout_any, T1 *, tensor_layout_any, const T2 *)"
4227390452,11072,262801,2253,1,1,128,1,1,16,0.000,0.000,,,,,NVIDIA A100-SXM4-40GB MIG 4g.20gb (0),1,,13,cupy_copy__float16_float16
4227402772,2848,262810,282,1,1,128,1,1,16,0.000,0.000,,,,,NVIDIA A100-SXM4-40GB MIG 4g.20gb (0),1,,13,cupy_copy__complex64_complex64
4227407572,2144,262819,26,1,1,128,1,1,16,0.000,0.000,,,,,NVIDIA A100-SXM4-40GB MIG 4g.20gb (0),1,,13,cupy_copy__float32_float32
4227411220,4672,262828,103,1,1,128,1,1,16,0.000,0.000,,,,,NVIDIA A100-SXM4-40GB MIG 4g.20gb (0),1,,13,cupy_copy__complex64_complex64
4227416852,12032,262838,1434,1,1,128,1,1,16,0.000,0.000,,,,,NVIDIA A100-SXM4-40GB MIG 4g.20gb (0),1,,13,cupy_copy__complex64_complex64
4227444628,87295,262843,1,1,1,32,32,1,30,0.000,0.000,,,,,NVIDIA A100-SXM4-40GB MIG 4g.20gb (0),1,,13,"void convert_kernel<__half2, float2>(tensor_layout_any, T1 *, tensor_layout_any, const T2 *)"
4227558578,6080,262846,,,,,,,,,,0.094,15410.462,Pinned,Device,NVIDIA A100-SXM4-40GB MIG 4g.20gb (0),1,,13,[CUDA memcpy Host-to-Device]
4227569458,597305,262847,,,,,,,,,,456.561,764283.851,Device,,NVIDIA A100-SXM4-40GB MIG 4g.20gb (0),1,,13,[CUDA memset]
4228174155,149182,262852,,,,,,,,,,1.235,8277.830,Pinned,Device,NVIDIA A100-SXM4-40GB MIG 4g.20gb (0),1,,13,[CUDA memcpy Host-to-Device]
4228333417,39743,262853,,,,,,,,,,0.197,4946.854,Pinned,Device,NVIDIA A100-SXM4-40GB MIG 4g.20gb (0),1,,13,[CUDA memcpy Host-to-Device]
4228402984,8192,262854,69,4,1,48,1,1,76,0.002,0.000,,,,,NVIDIA A100-SXM4-40GB MIG 4g.20gb (0),1,,13,"void ch_est::windowedChEstPreNoDftSOfdmKernel<float, __half, float, (unsigned int)2, (unsigned int)1, (unsigned short)4>(ch_est::puschRxChEstStatDescr_t *, ch_est::puschRxChEstDynDescr_t *)"
4228423144,6591,262855,137,2,1,24,2,1,44,0.001,0.001,,,,,NVIDIA A100-SXM4-40GB MIG 4g.20gb (0),1,,13,"void ch_est::chEstFilterNoDftSOfdmDispatchKernel<float, __half, float, (unsigned int)2>(ch_est::puschRxChEstStatDescr_t *, ch_est::puschRxChEstDynDescr_t *)"
4228439911,4736,262856,137,2,1,24,2,1,44,0.001,0.001,,,,,NVIDIA A100-SXM4-40GB MIG 4g.20gb (0),1,,13,"void ch_est::chEstFilterNoDftSOfdmDispatchKernel<float, __half, float, (unsigned int)2>(ch_est::puschRxChEstStatDescr_t *, ch_est::puschRxChEstDynDescr_t *)"
4228459463,2656,262867,103,1,1,128,1,1,16,0.000,0.000,,,,,NVIDIA A100-SXM4-40GB MIG 4g.20gb (0),1,,13,cupy_copy__complex64_complex64
4228476167,12256,262877,1434,1,1,128,1,1,16,0.000,0.000,,,,,NVIDIA A100-SXM4-40GB MIG 4g.20gb (0),1,,13,cupy_copy__complex64_complex64
4228496007,2944,262884,103,1,1,128,1,1,16,0.000,0.000,,,,,NVIDIA A100-SXM4-40GB MIG 4g.20gb (0),1,,13,cupy_copy__complex64_complex64
4228518150,96767,262891,1,1,1,32,32,1,30,0.000,0.000,,,,,NVIDIA A100-SXM4-40GB MIG 4g.20gb (0),1,,13,"void convert_kernel<__half2, float2>(tensor_layout_any, T1 *, tensor_layout_any, const T2 *)"
4228650437,25791,262894,,,,,,,,,,0.094,3632.875,Pinned,Device,NVIDIA A100-SXM4-40GB MIG 4g.20gb (0),1,,13,[CUDA memcpy Host-to-Device]
4228690820,47328,262895,,,,,,,,,,35.810,756627.800,Device,,NVIDIA A100-SXM4-40GB MIG 4g.20gb (0),1,,13,[CUDA memset]
4228746148,9215,262897,,,,,,,,,,0.000,8.681,Pinned,Device,NVIDIA A100-SXM4-40GB MIG 4g.20gb (0),1,,13,[CUDA memcpy Host-to-Device]
4228763011,31072,262898,,,,,,,,,,0.197,6327.435,Pinned,Device,NVIDIA A100-SXM4-40GB MIG 4g.20gb (0),1,,13,[CUDA memcpy Host-to-Device]
4228811747,9856,262899,273,1,1,48,1,1,40,0.000,0.001,,,,,NVIDIA A100-SXM4-40GB MIG 4g.20gb (0),1,,13,"void pusch_noise_intf_est::noiseIntfEstNoDftSOfdmKernel<float, __half, float, float, (unsigned int)2, (unsigned int)1, (unsigned char)4, (unsigned char)4>(pusch_noise_intf_est::puschRxNoiseIntfEstDynDescr)"
4228824835,2560,262910,35,1,1,128,1,1,16,0.000,0.000,,,,,NVIDIA A100-SXM4-40GB MIG 4g.20gb (0),1,,13,cupy_copy__complex64_complex64
4228840002,1696,262919,1,1,1,1,1,1,18,0.000,0.000,,,,,NVIDIA A100-SXM4-40GB MIG 4g.20gb (0),1,,13,cupy_copy__float32_float32
4228844450,4640,262925,,,,,,,,,,0.000,0.862,Device,Pageable,NVIDIA A100-SXM4-40GB MIG 4g.20gb (0),1,,7,[CUDA memcpy Device-to-Host]
4228923809,13024,262936,1434,1,1,128,1,1,16,0.000,0.000,,,,,NVIDIA A100-SXM4-40GB MIG 4g.20gb (0),1,,13,cupy_copy__complex64_complex64
4228950817,6144,262943,103,1,1,128,1,1,16,0.000,0.000,,,,,NVIDIA A100-SXM4-40GB MIG 4g.20gb (0),1,,13,cupy_copy__complex64_complex64
4228974177,2336,262950,35,1,1,128,1,1,16,0.000,0.000,,,,,NVIDIA A100-SXM4-40GB MIG 4g.20gb (0),1,,13,cupy_copy__complex64_complex64
4228988225,1792,262957,1,1,1,1,1,1,18,0.000,0.000,,,,,NVIDIA A100-SXM4-40GB MIG 4g.20gb (0),1,,13,cupy_copy__float32_float32
4229112255,81823,262968,1,1,1,32,32,1,30,0.000,0.000,,,,,NVIDIA A100-SXM4-40GB MIG 4g.20gb (0),1,,13,"void convert_kernel<__half2, float2>(tensor_layout_any, T1 *, tensor_layout_any, const T2 *)"
4229221694,5568,262971,,,,,,,,,,0.094,16827.521,Pinned,Device,NVIDIA A100-SXM4-40GB MIG 4g.20gb (0),1,,13,[CUDA memcpy Host-to-Device]
4229238046,3295,262972,,,,,,,,,,1.547,469384.918,Device,,NVIDIA A100-SXM4-40GB MIG 4g.20gb (0),1,,13,[CUDA memset]
4229242717,3360,262977,,,,,,,,,,0.031,9314.284,Pinned,Device,NVIDIA A100-SXM4-40GB MIG 4g.20gb (0),1,,13,[CUDA memcpy Host-to-Device]
4229249181,9568,262978,,,,,,,,,,0.197,20548.485,Pinned,Device,NVIDIA A100-SXM4-40GB MIG 4g.20gb (0),1,,13,[CUDA memcpy Host-to-Device]
4229262525,6016,262979,273,1,1,8,4,1,39,0.002,0.000,,,,,NVIDIA A100-SXM4-40GB MIG 4g.20gb (0),1,,13,"void channel_eq::eqMmseCoefCompLowMimoKernel<float, float, float, (unsigned int)4, (unsigned int)1, (unsigned int)4>(const channel_eq::_puschRxChEqStatDescr *, channel_eq::_puschRxChEqCoefCompDynDescr)"
4229270333,5888,262980,273,1,1,12,11,1,51,0.002,0.000,,,,,NVIDIA A100-SXM4-40GB MIG 4g.20gb (0),1,,13,"void channel_eq::eqMmseSoftDemapKernel<float, __half, __half, float, (unsigned int)4, (unsigned short)16383>(channel_eq::_puschRxChEqStatDescr *, channel_eq::_puschRxChEqSoftDemapDynDescr)"
4229279965,282557,262981,1,1,1,32,32,1,30,0.000,0.000,,,,,NVIDIA A100-SXM4-40GB MIG 4g.20gb (0),1,,13,"void convert_kernel<float2, __half2>(tensor_layout_any, T1 *, tensor_layout_any, const T2 *)"
4229563578,10975,262993,2253,1,1,128,1,1,16,0.000,0.000,,,,,NVIDIA A100-SXM4-40GB MIG 4g.20gb (0),1,,13,cupy_copy__float16_float16
4229579705,2688,263002,282,1,1,128,1,1,16,0.000,0.000,,,,,NVIDIA A100-SXM4-40GB MIG 4g.20gb (0),1,,13,cupy_copy__complex64_complex64
4229585273,2080,263011,26,1,1,128,1,1,16,0.000,0.000,,,,,NVIDIA A100-SXM4-40GB MIG 4g.20gb (0),1,,13,cupy_copy__float32_float32
4229589337,3072,263020,103,1,1,128,1,1,16,0.000,0.000,,,,,NVIDIA A100-SXM4-40GB MIG 4g.20gb (0),1,,13,cupy_copy__complex64_complex64
4229594969,11968,263030,1434,1,1,128,1,1,16,0.000,0.000,,,,,NVIDIA A100-SXM4-40GB MIG 4g.20gb (0),1,,13,cupy_copy__complex64_complex64
4229611737,82559,263035,1,1,1,32,32,1,30,0.000,0.000,,,,,NVIDIA A100-SXM4-40GB MIG 4g.20gb (0),1,,13,"void convert_kernel<__half2, float2>(tensor_layout_any, T1 *, tensor_layout_any, const T2 *)"
4229721304,5600,263038,,,,,,,,,,0.094,16731.388,Pinned,Device,NVIDIA A100-SXM4-40GB MIG 4g.20gb (0),1,,13,[CUDA memcpy Host-to-Device]
4229732439,598809,263039,,,,,,,,,,456.561,762001.043,Device,,NVIDIA A100-SXM4-40GB MIG 4g.20gb (0),1,,13,[CUDA memset]
4230337104,142622,263044,,,,,,,,,,1.235,8658.192,Pinned,Device,NVIDIA A100-SXM4-40GB MIG 4g.20gb (0),1,,13,[CUDA memcpy Host-to-Device]
4230490222,36768,263045,,,,,,,,,,0.197,5347.148,Pinned,Device,NVIDIA A100-SXM4-40GB MIG 4g.20gb (0),1,,13,[CUDA memcpy Host-to-Device]
4230546765,8032,263046,69,4,1,48,1,1,76,0.002,0.000,,,,,NVIDIA A100-SXM4-40GB MIG 4g.20gb (0),1,,13,"void ch_est::windowedChEstPreNoDftSOfdmKernel<float, __half, float, (unsigned int)2, (unsigned int)1, (unsigned short)4>(ch_est::puschRxChEstStatDescr_t *, ch_est::puschRxChEstDynDescr_t *)"
4230562573,6720,263047,137,2,1,24,2,1,44,0.001,0.001,,,,,NVIDIA A100-SXM4-40GB MIG 4g.20gb (0),1,,13,"void ch_est::chEstFilterNoDftSOfdmDispatchKernel<float, __half, float, (unsigned int)2>(ch_est::puschRxChEstStatDescr_t *, ch_est::puschRxChEstDynDescr_t *)"
4230587309,4736,263048,137,2,1,24,2,1,44,0.001,0.001,,,,,NVIDIA A100-SXM4-40GB MIG 4g.20gb (0),1,,13,"void ch_est::chEstFilterNoDftSOfdmDispatchKernel<float, __half, float, (unsigned int)2>(ch_est::puschRxChEstStatDescr_t *, ch_est::puschRxChEstDynDescr_t *)"
4230604141,2528,263059,103,1,1,128,1,1,16,0.000,0.000,,,,,NVIDIA A100-SXM4-40GB MIG 4g.20gb (0),1,,13,cupy_copy__complex64_complex64
4230619693,12383,263069,1434,1,1,128,1,1,16,0.000,0.000,,,,,NVIDIA A100-SXM4-40GB MIG 4g.20gb (0),1,,13,cupy_copy__complex64_complex64
4230650540,2496,263076,103,1,1,128,1,1,16,0.000,0.000,,,,,NVIDIA A100-SXM4-40GB MIG 4g.20gb (0),1,,13,cupy_copy__complex64_complex64
4230668300,86431,263083,1,1,1,32,32,1,30,0.000,0.000,,,,,NVIDIA A100-SXM4-40GB MIG 4g.20gb (0),1,,13,"void convert_kernel<__half2, float2>(tensor_layout_any, T1 *, tensor_layout_any, const T2 *)"
4230789290,23712,263086,,,,,,,,,,0.094,3951.348,Pinned,Device,NVIDIA A100-SXM4-40GB MIG 4g.20gb (0),1,,13,[CUDA memcpy Host-to-Device]
4230825930,47711,263087,,,,,,,,,,35.810,750540.113,Device,,NVIDIA A100-SXM4-40GB MIG 4g.20gb (0),1,,13,[CUDA memset]
4230879881,13952,263089,,,,,,,,,,0.000,5.734,Pinned,Device,NVIDIA A100-SXM4-40GB MIG 4g.20gb (0),1,,13,[CUDA memcpy Host-to-Device]
4230907433,28928,263090,,,,,,,,,,0.197,6796.345,Pinned,Device,NVIDIA A100-SXM4-40GB MIG 4g.20gb (0),1,,13,[CUDA memcpy Host-to-Device]
4230963720,9472,263091,273,1,1,48,1,1,40,0.000,0.001,,,,,NVIDIA A100-SXM4-40GB MIG 4g.20gb (0),1,,13,"void pusch_noise_intf_est::noiseIntfEstNoDftSOfdmKernel<float, __half, float, float, (unsigned int)2, (unsigned int)1, (unsigned char)4, (unsigned char)4>(pusch_noise_intf_est::puschRxNoiseIntfEstDynDescr)"
4230983496,2592,263102,35,1,1,128,1,1,16,0.000,0.000,,,,,NVIDIA A100-SXM4-40GB MIG 4g.20gb (0),1,,13,cupy_copy__complex64_complex64
4231002344,1696,263111,1,1,1,1,1,1,18,0.000,0.000,,,,,NVIDIA A100-SXM4-40GB MIG 4g.20gb (0),1,,13,cupy_copy__float32_float32
4231008136,8000,263117,,,,,,,,,,0.000,0.500,Device,Pageable,NVIDIA A100-SXM4-40GB MIG 4g.20gb (0),1,,7,[CUDA memcpy Device-to-Host]
4231109734,12672,263128,1434,1,1,128,1,1,16,0.000,0.000,,,,,NVIDIA A100-SXM4-40GB MIG 4g.20gb (0),1,,13,cupy_copy__complex64_complex64
4231136966,2624,263135,103,1,1,128,1,1,16,0.000,0.000,,,,,NVIDIA A100-SXM4-40GB MIG 4g.20gb (0),1,,13,cupy_copy__complex64_complex64
4231141830,2496,263142,35,1,1,128,1,1,16,0.000,0.000,,,,,NVIDIA A100-SXM4-40GB MIG 4g.20gb (0),1,,13,cupy_copy__complex64_complex64
4231173542,1792,263149,1,1,1,1,1,1,18,0.000,0.000,,,,,NVIDIA A100-SXM4-40GB MIG 4g.20gb (0),1,,13,cupy_copy__float32_float32
4231301828,87711,263160,1,1,1,32,32,1,30,0.000,0.000,,,,,NVIDIA A100-SXM4-40GB MIG 4g.20gb (0),1,,13,"void convert_kernel<__half2, float2>(tensor_layout_any, T1 *, tensor_layout_any, const T2 *)"
4231420675,14111,263163,,,,,,,,,,0.094,6639.861,Pinned,Device,NVIDIA A100-SXM4-40GB MIG 4g.20gb (0),1,,13,[CUDA memcpy Host-to-Device]
4231440162,3456,263164,,,,,,,,,,1.547,447517.201,Device,,NVIDIA A100-SXM4-40GB MIG 4g.20gb (0),1,,13,[CUDA memset]
4231451202,5376,263169,,,,,,,,,,0.031,5821.400,Pinned,Device,NVIDIA A100-SXM4-40GB MIG 4g.20gb (0),1,,13,[CUDA memcpy Host-to-Device]
4231459458,17056,263170,,,,,,,,,,0.197,11527.127,Pinned,Device,NVIDIA A100-SXM4-40GB MIG 4g.20gb (0),1,,13,[CUDA memcpy Host-to-Device]
4231492450,5888,263171,273,1,1,8,4,1,39,0.002,0.000,,,,,NVIDIA A100-SXM4-40GB MIG 4g.20gb (0),1,,13,"void channel_eq::eqMmseCoefCompLowMimoKernel<float, float, float, (unsigned int)4, (unsigned int)1, (unsigned int)4>(const channel_eq::_puschRxChEqStatDescr *, channel_eq::_puschRxChEqCoefCompDynDescr)"
4231500226,7584,263172,273,1,1,12,11,1,51,0.002,0.000,,,,,NVIDIA A100-SXM4-40GB MIG 4g.20gb (0),1,,13,"void channel_eq::eqMmseSoftDemapKernel<float, __half, __half, float, (unsigned int)4, (unsigned short)16383>(channel_eq::_puschRxChEqStatDescr *, channel_eq::_puschRxChEqSoftDemapDynDescr)"
4231516897,282493,263173,1,1,1,32,32,1,30,0.000,0.000,,,,,NVIDIA A100-SXM4-40GB MIG 4g.20gb (0),1,,13,"void convert_kernel<float2, __half2>(tensor_layout_any, T1 *, tensor_layout_any, const T2 *)"
4231801438,11136,263185,2253,1,1,128,1,1,16,0.000,0.000,,,,,NVIDIA A100-SXM4-40GB MIG 4g.20gb (0),1,,13,cupy_copy__float16_float16
4231816926,3584,263194,282,1,1,128,1,1,16,0.000,0.000,,,,,NVIDIA A100-SXM4-40GB MIG 4g.20gb (0),1,,13,cupy_copy__complex64_complex64
4231824126,2176,263203,26,1,1,128,1,1,16,0.000,0.000,,,,,NVIDIA A100-SXM4-40GB MIG 4g.20gb (0),1,,13,cupy_copy__float32_float32
4231828606,2912,263212,103,1,1,128,1,1,16,0.000,0.000,,,,,NVIDIA A100-SXM4-40GB MIG 4g.20gb (0),1,,13,cupy_copy__complex64_complex64
4231832542,12223,263222,1434,1,1,128,1,1,16,0.000,0.000,,,,,NVIDIA A100-SXM4-40GB MIG 4g.20gb (0),1,,13,cupy_copy__complex64_complex64
4231848477,87743,263227,1,1,1,32,32,1,30,0.000,0.000,,,,,NVIDIA A100-SXM4-40GB MIG 4g.20gb (0),1,,13,"void convert_kernel<__half2, float2>(tensor_layout_any, T1 *, tensor_layout_any, const T2 *)"
4231963100,6176,263230,,,,,,,,,,0.094,15170.975,Pinned,Device,NVIDIA A100-SXM4-40GB MIG 4g.20gb (0),1,,13,[CUDA memcpy Host-to-Device]
4231974620,597816,263231,,,,,,,,,,456.561,763370.728,Device,,NVIDIA A100-SXM4-40GB MIG 4g.20gb (0),1,,13,[CUDA memset]
4232580980,156222,263236,,,,,,,,,,1.235,7904.877,Pinned,Device,NVIDIA A100-SXM4-40GB MIG 4g.20gb (0),1,,13,[CUDA memcpy Host-to-Device]
4232752850,37824,263237,,,,,,,,,,0.197,5197.922,Pinned,Device,NVIDIA A100-SXM4-40GB MIG 4g.20gb (0),1,,13,[CUDA memcpy Host-to-Device]
4232804434,8127,263238,69,4,1,48,1,1,76,0.002,0.000,,,,,NVIDIA A100-SXM4-40GB MIG 4g.20gb (0),1,,13,"void ch_est::windowedChEstPreNoDftSOfdmKernel<float, __half, float, (unsigned int)2, (unsigned int)1, (unsigned short)4>(ch_est::puschRxChEstStatDescr_t *, ch_est::puschRxChEstDynDescr_t *)"
4232816945,7168,263239,137,2,1,24,2,1,44,0.001,0.001,,,,,NVIDIA A100-SXM4-40GB MIG 4g.20gb (0),1,,13,"void ch_est::chEstFilterNoDftSOfdmDispatchKernel<float, __half, float, (unsigned int)2>(ch_est::puschRxChEstStatDescr_t *, ch_est::puschRxChEstDynDescr_t *)"
4232828145,5152,263240,137,2,1,24,2,1,44,0.001,0.001,,,,,NVIDIA A100-SXM4-40GB MIG 4g.20gb (0),1,,13,"void ch_est::chEstFilterNoDftSOfdmDispatchKernel<float, __half, float, (unsigned int)2>(ch_est::puschRxChEstStatDescr_t *, ch_est::puschRxChEstDynDescr_t *)"
4232836881,2688,263251,103,1,1,128,1,1,16,0.000,0.000,,,,,NVIDIA A100-SXM4-40GB MIG 4g.20gb (0),1,,13,cupy_copy__complex64_complex64
4232847025,12928,263261,1434,1,1,128,1,1,16,0.000,0.000,,,,,NVIDIA A100-SXM4-40GB MIG 4g.20gb (0),1,,13,cupy_copy__complex64_complex64
4232865841,2656,263268,103,1,1,128,1,1,16,0.000,0.000,,,,,NVIDIA A100-SXM4-40GB MIG 4g.20gb (0),1,,13,cupy_copy__complex64_complex64
4232875505,83295,263275,1,1,1,32,32,1,30,0.000,0.000,,,,,NVIDIA A100-SXM4-40GB MIG 4g.20gb (0),1,,13,"void convert_kernel<__half2, float2>(tensor_layout_any, T1 *, tensor_layout_any, const T2 *)"
4232986543,12352,263278,,,,,,,,,,0.094,7585.441,Pinned,Device,NVIDIA A100-SXM4-40GB MIG 4g.20gb (0),1,,13,[CUDA memcpy Host-to-Device]
4233005423,47712,263279,,,,,,,,,,35.810,750540.113,Device,,NVIDIA A100-SXM4-40GB MIG 4g.20gb (0),1,,13,[CUDA memset]
4233059182,6464,263281,,,,,,,,,,0.000,12.376,Pinned,Device,NVIDIA A100-SXM4-40GB MIG 4g.20gb (0),1,,13,[CUDA memcpy Host-to-Device]
4233069454,25504,263282,,,,,,,,,,0.197,7708.803,Pinned,Device,NVIDIA A100-SXM4-40GB MIG 4g.20gb (0),1,,13,[CUDA memcpy Host-to-Device]
4233109934,9728,263283,273,1,1,48,1,1,40,0.000,0.001,,,,,NVIDIA A100-SXM4-40GB MIG 4g.20gb (0),1,,13,"void pusch_noise_intf_est::noiseIntfEstNoDftSOfdmKernel<float, __half, float, float, (unsigned int)2, (unsigned int)1, (unsigned char)4, (unsigned char)4>(pusch_noise_intf_est::puschRxNoiseIntfEstDynDescr)"
4233129262,2720,263294,35,1,1,128,1,1,16,0.000,0.000,,,,,NVIDIA A100-SXM4-40GB MIG 4g.20gb (0),1,,13,cupy_copy__complex64_complex64
4233136717,1696,263303,1,1,1,1,1,1,18,0.000,0.000,,,,,NVIDIA A100-SXM4-40GB MIG 4g.20gb (0),1,,13,cupy_copy__float32_float32
4233142253,4096,263309,,,,,,,,,,0.000,0.977,Device,Pageable,NVIDIA A100-SXM4-40GB MIG 4g.20gb (0),1,,7,[CUDA memcpy Device-to-Host]
4233206605,12735,263320,1434,1,1,128,1,1,16,0.000,0.000,,,,,NVIDIA A100-SXM4-40GB MIG 4g.20gb (0),1,,13,cupy_copy__complex64_complex64
4233234220,3392,263327,103,1,1,128,1,1,16,0.000,0.000,,,,,NVIDIA A100-SXM4-40GB MIG 4g.20gb (0),1,,13,cupy_copy__complex64_complex64
4233253964,2400,263334,35,1,1,128,1,1,16,0.000,0.000,,,,,NVIDIA A100-SXM4-40GB MIG 4g.20gb (0),1,,13,cupy_copy__complex64_complex64
4233272748,1792,263341,1,1,1,1,1,1,18,0.000,0.000,,,,,NVIDIA A100-SXM4-40GB MIG 4g.20gb (0),1,,13,cupy_copy__float32_float32
4233406634,90527,263352,1,1,1,32,32,1,30,0.000,0.000,,,,,NVIDIA A100-SXM4-40GB MIG 4g.20gb (0),1,,13,"void convert_kernel<__half2, float2>(tensor_layout_any, T1 *, tensor_layout_any, const T2 *)"
4233524745,5376,263355,,,,,,,,,,0.094,17428.487,Pinned,Device,NVIDIA A100-SXM4-40GB MIG 4g.20gb (0),1,,13,[CUDA memcpy Host-to-Device]
4233538441,3488,263356,,,,,,,,,,1.547,443412.461,Device,,NVIDIA A100-SXM4-40GB MIG 4g.20gb (0),1,,13,[CUDA memset]
4233547784,3616,263361,,,,,,,,,,0.031,8654.846,Pinned,Device,NVIDIA A100-SXM4-40GB MIG 4g.20gb (0),1,,13,[CUDA memcpy Host-to-Device]
4233553896,9440,263362,,,,,,,,,,0.197,20827.079,Pinned,Device,NVIDIA A100-SXM4-40GB MIG 4g.20gb (0),1,,13,[CUDA memcpy Host-to-Device]
4233569384,6400,263363,273,1,1,8,4,1,39,0.002,0.000,,,,,NVIDIA A100-SXM4-40GB MIG 4g.20gb (0),1,,13,"void channel_eq::eqMmseCoefCompLowMimoKernel<float, float, float, (unsigned int)4, (unsigned int)1, (unsigned int)4>(const channel_eq::_puschRxChEqStatDescr *, channel_eq::_puschRxChEqCoefCompDynDescr)"
4233576808,5920,263364,273,1,1,12,11,1,51,0.002,0.000,,,,,NVIDIA A100-SXM4-40GB MIG 4g.20gb (0),1,,13,"void channel_eq::eqMmseSoftDemapKernel<float, __half, __half, float, (unsigned int)4, (unsigned short)16383>(channel_eq::_puschRxChEqStatDescr *, channel_eq::_puschRxChEqSoftDemapDynDescr)"
4233583848,294460,263365,1,1,1,32,32,1,30,0.000,0.000,,,,,NVIDIA A100-SXM4-40GB MIG 4g.20gb (0),1,,13,"void convert_kernel<float2, __half2>(tensor_layout_any, T1 *, tensor_layout_any, const T2 *)"
4233879300,10656,263377,2253,1,1,128,1,1,16,0.000,0.000,,,,,NVIDIA A100-SXM4-40GB MIG 4g.20gb (0),1,,13,cupy_copy__float16_float16
4233894020,3648,263386,282,1,1,128,1,1,16,0.000,0.000,,,,,NVIDIA A100-SXM4-40GB MIG 4g.20gb (0),1,,13,cupy_copy__complex64_complex64
4233900836,2176,263395,26,1,1,128,1,1,16,0.000,0.000,,,,,NVIDIA A100-SXM4-40GB MIG 4g.20gb (0),1,,13,cupy_copy__float32_float32
4233905348,3168,263404,103,1,1,128,1,1,16,0.000,0.000,,,,,NVIDIA A100-SXM4-40GB MIG 4g.20gb (0),1,,13,cupy_copy__complex64_complex64
4233909604,11904,263414,1434,1,1,128,1,1,16,0.000,0.000,,,,,NVIDIA A100-SXM4-40GB MIG 4g.20gb (0),1,,13,cupy_copy__complex64_complex64
4233926180,86367,263419,1,1,1,32,32,1,30,0.000,0.000,,,,,NVIDIA A100-SXM4-40GB MIG 4g.20gb (0),1,,13,"void convert_kernel<__half2, float2>(tensor_layout_any, T1 *, tensor_layout_any, const T2 *)"
4234039586,5632,263422,,,,,,,,,,0.094,16636.287,Pinned,Device,NVIDIA A100-SXM4-40GB MIG 4g.20gb (0),1,,13,[CUDA memcpy Host-to-Device]
4234049858,598169,263423,,,,,,,,,,456.561,762914.166,Device,,NVIDIA A100-SXM4-40GB MIG 4g.20gb (0),1,,13,[CUDA memset]
4234652507,148094,263428,,,,,,,,,,1.235,8338.342,Pinned,Device,NVIDIA A100-SXM4-40GB MIG 4g.20gb (0),1,,13,[CUDA memcpy Host-to-Device]
4234812153,42367,263429,,,,,,,,,,0.197,4640.539,Pinned,Device,NVIDIA A100-SXM4-40GB MIG 4g.20gb (0),1,,13,[CUDA memcpy Host-to-Device]
4234884248,8128,263430,69,4,1,48,1,1,76,0.002,0.000,,,,,NVIDIA A100-SXM4-40GB MIG 4g.20gb (0),1,,13,"void ch_est::windowedChEstPreNoDftSOfdmKernel<float, __half, float, (unsigned int)2, (unsigned int)1, (unsigned short)4>(ch_est::puschRxChEstStatDescr_t *, ch_est::puschRxChEstDynDescr_t *)"
4234902136,6656,263431,137,2,1,24,2,1,44,0.001,0.001,,,,,NVIDIA A100-SXM4-40GB MIG 4g.20gb (0),1,,13,"void ch_est::chEstFilterNoDftSOfdmDispatchKernel<float, __half, float, (unsigned int)2>(ch_est::puschRxChEstStatDescr_t *, ch_est::puschRxChEstDynDescr_t *)"
4234922551,4800,263432,137,2,1,24,2,1,44,0.001,0.001,,,,,NVIDIA A100-SXM4-40GB MIG 4g.20gb (0),1,,13,"void ch_est::chEstFilterNoDftSOfdmDispatchKernel<float, __half, float, (unsigned int)2>(ch_est::puschRxChEstStatDescr_t *, ch_est::puschRxChEstDynDescr_t *)"
4234939383,2784,263443,103,1,1,128,1,1,16,0.000,0.000,,,,,NVIDIA A100-SXM4-40GB MIG 4g.20gb (0),1,,13,cupy_copy__complex64_complex64
4234956535,12544,263453,1434,1,1,128,1,1,16,0.000,0.000,,,,,NVIDIA A100-SXM4-40GB MIG 4g.20gb (0),1,,13,cupy_copy__complex64_complex64
4234977111,2912,263460,103,1,1,128,1,1,16,0.000,0.000,,,,,NVIDIA A100-SXM4-40GB MIG 4g.20gb (0),1,,13,cupy_copy__complex64_complex64
4234996471,93470,263467,1,1,1,32,32,1,30,0.000,0.000,,,,,NVIDIA A100-SXM4-40GB MIG 4g.20gb (0),1,,13,"void convert_kernel<__half2, float2>(tensor_layout_any, T1 *, tensor_layout_any, const T2 *)"
4235119733,14656,263470,,,,,,,,,,0.094,6392.972,Pinned,Device,NVIDIA A100-SXM4-40GB MIG 4g.20gb (0),1,,13,[CUDA memcpy Host-to-Device]
4235140117,46463,263471,,,,,,,,,,35.810,770701.098,Device,,NVIDIA A100-SXM4-40GB MIG 4g.20gb (0),1,,13,[CUDA memset]
4235194196,6496,263473,,,,,,,,,,0.000,12.315,Pinned,Device,NVIDIA A100-SXM4-40GB MIG 4g.20gb (0),1,,13,[CUDA memcpy Host-to-Device]
4235207348,13344,263474,,,,,,,,,,0.197,14733.804,Pinned,Device,NVIDIA A100-SXM4-40GB MIG 4g.20gb (0),1,,13,[CUDA memcpy Host-to-Device]
4235229812,9600,263475,273,1,1,48,1,1,40,0.000,0.001,,,,,NVIDIA A100-SXM4-40GB MIG 4g.20gb (0),1,,13,"void pusch_noise_intf_est::noiseIntfEstNoDftSOfdmKernel<float, __half, float, float, (unsigned int)2, (unsigned int)1, (unsigned char)4, (unsigned char)4>(pusch_noise_intf_est::puschRxNoiseIntfEstDynDescr)"
4235246931,2944,263486,35,1,1,128,1,1,16,0.000,0.000,,,,,NVIDIA A100-SXM4-40GB MIG 4g.20gb (0),1,,13,cupy_copy__complex64_complex64
4235255187,1824,263495,1,1,1,1,1,1,18,0.000,0.000,,,,,NVIDIA A100-SXM4-40GB MIG 4g.20gb (0),1,,13,cupy_copy__float32_float32
4235273651,6016,263501,,,,,,,,,,0.000,0.665,Device,Pageable,NVIDIA A100-SXM4-40GB MIG 4g.20gb (0),1,,7,[CUDA memcpy Device-to-Host]
4235349362,12832,263512,1434,1,1,128,1,1,16,0.000,0.000,,,,,NVIDIA A100-SXM4-40GB MIG 4g.20gb (0),1,,13,cupy_copy__complex64_complex64
4235379442,3424,263519,103,1,1,128,1,1,16,0.000,0.000,,,,,NVIDIA A100-SXM4-40GB MIG 4g.20gb (0),1,,13,cupy_copy__complex64_complex64
4235401938,2688,263526,35,1,1,128,1,1,16,0.000,0.000,,,,,NVIDIA A100-SXM4-40GB MIG 4g.20gb (0),1,,13,cupy_copy__complex64_complex64
4235418065,2016,263533,1,1,1,1,1,1,18,0.000,0.000,,,,,NVIDIA A100-SXM4-40GB MIG 4g.20gb (0),1,,13,cupy_copy__float32_float32
4235542640,81727,263544,1,1,1,32,32,1,30,0.000,0.000,,,,,NVIDIA A100-SXM4-40GB MIG 4g.20gb (0),1,,13,"void convert_kernel<__half2, float2>(tensor_layout_any, T1 *, tensor_layout_any, const T2 *)"
4235652462,5536,263547,,,,,,,,,,0.094,16924.777,Pinned,Device,NVIDIA A100-SXM4-40GB MIG 4g.20gb (0),1,,13,[CUDA memcpy Host-to-Device]
4235672110,3552,263548,,,,,,,,,,1.547,435422.601,Device,,NVIDIA A100-SXM4-40GB MIG 4g.20gb (0),1,,13,[CUDA memset]
4235678222,3392,263553,,,,,,,,,,0.031,9226.405,Pinned,Device,NVIDIA A100-SXM4-40GB MIG 4g.20gb (0),1,,13,[CUDA memcpy Host-to-Device]
4235684238,9888,263554,,,,,,,,,,0.197,19883.360,Pinned,Device,NVIDIA A100-SXM4-40GB MIG 4g.20gb (0),1,,13,[CUDA memcpy Host-to-Device]
4235698926,6560,263555,273,1,1,8,4,1,39,0.002,0.000,,,,,NVIDIA A100-SXM4-40GB MIG 4g.20gb (0),1,,13,"void channel_eq::eqMmseCoefCompLowMimoKernel<float, float, float, (unsigned int)4, (unsigned int)1, (unsigned int)4>(const channel_eq::_puschRxChEqStatDescr *, channel_eq::_puschRxChEqCoefCompDynDescr)"
4235706606,7648,263556,273,1,1,12,11,1,51,0.002,0.000,,,,,NVIDIA A100-SXM4-40GB MIG 4g.20gb (0),1,,13,"void channel_eq::eqMmseSoftDemapKernel<float, __half, __half, float, (unsigned int)4, (unsigned short)16383>(channel_eq::_puschRxChEqStatDescr *, channel_eq::_puschRxChEqSoftDemapDynDescr)"
4235716430,294396,263557,1,1,1,32,32,1,30,0.000,0.000,,,,,NVIDIA A100-SXM4-40GB MIG 4g.20gb (0),1,,13,"void convert_kernel<float2, __half2>(tensor_layout_any, T1 *, tensor_layout_any, const T2 *)"
4236012746,11168,263569,2253,1,1,128,1,1,16,0.000,0.000,,,,,NVIDIA A100-SXM4-40GB MIG 4g.20gb (0),1,,13,cupy_copy__float16_float16
4236025226,3712,263578,282,1,1,128,1,1,16,0.000,0.000,,,,,NVIDIA A100-SXM4-40GB MIG 4g.20gb (0),1,,13,cupy_copy__complex64_complex64
4236032234,2112,263587,26,1,1,128,1,1,16,0.000,0.000,,,,,NVIDIA A100-SXM4-40GB MIG 4g.20gb (0),1,,13,cupy_copy__float32_float32
4236037834,3168,263596,103,1,1,128,1,1,16,0.000,0.000,,,,,NVIDIA A100-SXM4-40GB MIG 4g.20gb (0),1,,13,cupy_copy__complex64_complex64
4236093065,12032,263612,1434,1,1,128,1,1,16,0.000,0.000,,,,,NVIDIA A100-SXM4-40GB MIG 4g.20gb (0),1,,13,cupy_copy__complex64_complex64
4236208712,81535,263617,1,1,1,32,32,1,30,0.000,0.000,,,,,NVIDIA A100-SXM4-40GB MIG 4g.20gb (0),1,,13,"void convert_kernel<__half2, float2>(tensor_layout_any, T1 *, tensor_layout_any, const T2 *)"
4236317350,5472,263620,,,,,,,,,,0.094,17122.757,Pinned,Device,NVIDIA A100-SXM4-40GB MIG 4g.20gb (0),1,,13,[CUDA memcpy Host-to-Device]
4236329478,597081,263621,,,,,,,,,,456.561,764283.851,Device,,NVIDIA A100-SXM4-40GB MIG 4g.20gb (0),1,,13,[CUDA memset]
4236928095,155934,263626,,,,,,,,,,1.235,7918.461,Pinned,Device,NVIDIA A100-SXM4-40GB MIG 4g.20gb (0),1,,13,[CUDA memcpy Host-to-Device]
4237097373,40383,263627,,,,,,,,,,0.197,4868.407,Pinned,Device,NVIDIA A100-SXM4-40GB MIG 4g.20gb (0),1,,13,[CUDA memcpy Host-to-Device]
4237155516,8096,263628,69,4,1,48,1,1,76,0.002,0.000,,,,,NVIDIA A100-SXM4-40GB MIG 4g.20gb (0),1,,13,"void ch_est::windowedChEstPreNoDftSOfdmKernel<float, __half, float, (unsigned int)2, (unsigned int)1, (unsigned short)4>(ch_est::puschRxChEstStatDescr_t *, ch_est::puschRxChEstDynDescr_t *)"
4237175100,6944,263629,137,2,1,24,2,1,44,0.001,0.001,,,,,NVIDIA A100-SXM4-40GB MIG 4g.20gb (0),1,,13,"void ch_est::chEstFilterNoDftSOfdmDispatchKernel<float, __half, float, (unsigned int)2>(ch_est::puschRxChEstStatDescr_t *, ch_est::puschRxChEstDynDescr_t *)"
4237191868,4735,263630,137,2,1,24,2,1,44,0.001,0.001,,,,,NVIDIA A100-SXM4-40GB MIG 4g.20gb (0),1,,13,"void ch_est::chEstFilterNoDftSOfdmDispatchKernel<float, __half, float, (unsigned int)2>(ch_est::puschRxChEstStatDescr_t *, ch_est::puschRxChEstDynDescr_t *)"
4237211387,2592,263641,103,1,1,128,1,1,16,0.000,0.000,,,,,NVIDIA A100-SXM4-40GB MIG 4g.20gb (0),1,,13,cupy_copy__complex64_complex64
4237228123,12384,263651,1434,1,1,128,1,1,16,0.000,0.000,,,,,NVIDIA A100-SXM4-40GB MIG 4g.20gb (0),1,,13,cupy_copy__complex64_complex64
4237248315,2944,263658,103,1,1,128,1,1,16,0.000,0.000,,,,,NVIDIA A100-SXM4-40GB MIG 4g.20gb (0),1,,13,cupy_copy__complex64_complex64
4237267227,85695,263665,1,1,1,32,32,1,30,0.000,0.000,,,,,NVIDIA A100-SXM4-40GB MIG 4g.20gb (0),1,,13,"void convert_kernel<__half2, float2>(tensor_layout_any, T1 *, tensor_layout_any, const T2 *)"
4237386105,20224,263668,,,,,,,,,,0.094,4632.892,Pinned,Device,NVIDIA A100-SXM4-40GB MIG 4g.20gb (0),1,,13,[CUDA memcpy Host-to-Device]
4237426905,47903,263669,,,,,,,,,,35.810,747532.080,Device,,NVIDIA A100-SXM4-40GB MIG 4g.20gb (0),1,,13,[CUDA memset]
4237481784,4000,263671,,,,,,,,,,0.000,20.000,Pinned,Device,NVIDIA A100-SXM4-40GB MIG 4g.20gb (0),1,,13,[CUDA memcpy Host-to-Device]
4237492632,21632,263672,,,,,,,,,,0.197,9088.598,Pinned,Device,NVIDIA A100-SXM4-40GB MIG 4g.20gb (0),1,,13,[CUDA memcpy Host-to-Device]
4237523703,11776,263673,273,1,1,48,1,1,40,0.000,0.001,,,,,NVIDIA A100-SXM4-40GB MIG 4g.20gb (0),1,,13,"void pusch_noise_intf_est::noiseIntfEstNoDftSOfdmKernel<float, __half, float, float, (unsigned int)2, (unsigned int)1, (unsigned char)4, (unsigned char)4>(pusch_noise_intf_est::puschRxNoiseIntfEstDynDescr)"
4237538423,3360,263684,35,1,1,128,1,1,16,0.000,0.000,,,,,NVIDIA A100-SXM4-40GB MIG 4g.20gb (0),1,,13,cupy_copy__complex64_complex64
4237546583,1888,263693,1,1,1,1,1,1,18,0.000,0.000,,,,,NVIDIA A100-SXM4-40GB MIG 4g.20gb (0),1,,13,cupy_copy__float32_float32
4237554167,4896,263699,,,,,,,,,,0.000,0.817,Device,Pageable,NVIDIA A100-SXM4-40GB MIG 4g.20gb (0),1,,7,[CUDA memcpy Device-to-Host]
4237629590,13152,263710,1434,1,1,128,1,1,16,0.000,0.000,,,,,NVIDIA A100-SXM4-40GB MIG 4g.20gb (0),1,,13,cupy_copy__complex64_complex64
4237660534,3424,263717,103,1,1,128,1,1,16,0.000,0.000,,,,,NVIDIA A100-SXM4-40GB MIG 4g.20gb (0),1,,13,cupy_copy__complex64_complex64
4237678326,2272,263724,35,1,1,128,1,1,16,0.000,0.000,,,,,NVIDIA A100-SXM4-40GB MIG 4g.20gb (0),1,,13,cupy_copy__complex64_complex64
4237699701,1984,263731,1,1,1,1,1,1,18,0.000,0.000,,,,,NVIDIA A100-SXM4-40GB MIG 4g.20gb (0),1,,13,cupy_copy__float32_float32
4237829652,82911,263742,1,1,1,32,32,1,30,0.000,0.000,,,,,NVIDIA A100-SXM4-40GB MIG 4g.20gb (0),1,,13,"void convert_kernel<__half2, float2>(tensor_layout_any, T1 *, tensor_layout_any, const T2 *)"
4237941330,5856,263745,,,,,,,,,,0.094,15999.997,Pinned,Device,NVIDIA A100-SXM4-40GB MIG 4g.20gb (0),1,,13,[CUDA memcpy Host-to-Device]
4237956306,3360,263746,,,,,,,,,,1.547,460304.688,Device,,NVIDIA A100-SXM4-40GB MIG 4g.20gb (0),1,,13,[CUDA memset]
4237962034,3040,263751,,,,,,,,,,0.031,10294.725,Pinned,Device,NVIDIA A100-SXM4-40GB MIG 4g.20gb (0),1,,13,[CUDA memcpy Host-to-Device]
4237967506,9920,263752,,,,,,,,,,0.197,19819.266,Pinned,Device,NVIDIA A100-SXM4-40GB MIG 4g.20gb (0),1,,13,[CUDA memcpy Host-to-Device]
4237982962,6272,263753,273,1,1,8,4,1,39,0.002,0.000,,,,,NVIDIA A100-SXM4-40GB MIG 4g.20gb (0),1,,13,"void channel_eq::eqMmseCoefCompLowMimoKernel<float, float, float, (unsigned int)4, (unsigned int)1, (unsigned int)4>(const channel_eq::_puschRxChEqStatDescr *, channel_eq::_puschRxChEqCoefCompDynDescr)"
4237990194,5792,263754,273,1,1,12,11,1,51,0.002,0.000,,,,,NVIDIA A100-SXM4-40GB MIG 4g.20gb (0),1,,13,"void channel_eq::eqMmseSoftDemapKernel<float, __half, __half, float, (unsigned int)4, (unsigned short)16383>(channel_eq::_puschRxChEqStatDescr *, channel_eq::_puschRxChEqSoftDemapDynDescr)"
4237996914,282268,263755,1,1,1,32,32,1,30,0.000,0.000,,,,,NVIDIA A100-SXM4-40GB MIG 4g.20gb (0),1,,13,"void convert_kernel<float2, __half2>(tensor_layout_any, T1 *, tensor_layout_any, const T2 *)"
4238280270,11136,263767,2253,1,1,128,1,1,16,0.000,0.000,,,,,NVIDIA A100-SXM4-40GB MIG 4g.20gb (0),1,,13,cupy_copy__float16_float16
4238293966,3232,263776,282,1,1,128,1,1,16,0.000,0.000,,,,,NVIDIA A100-SXM4-40GB MIG 4g.20gb (0),1,,13,cupy_copy__complex64_complex64
4238302030,2560,263785,26,1,1,128,1,1,16,0.000,0.000,,,,,NVIDIA A100-SXM4-40GB MIG 4g.20gb (0),1,,13,cupy_copy__float32_float32
4238307374,4576,263794,103,1,1,128,1,1,16,0.000,0.000,,,,,NVIDIA A100-SXM4-40GB MIG 4g.20gb (0),1,,13,cupy_copy__complex64_complex64
4238313646,12192,263804,1434,1,1,128,1,1,16,0.000,0.000,,,,,NVIDIA A100-SXM4-40GB MIG 4g.20gb (0),1,,13,cupy_copy__complex64_complex64
4238327822,86910,263809,1,1,1,32,32,1,30,0.000,0.000,,,,,NVIDIA A100-SXM4-40GB MIG 4g.20gb (0),1,,13,"void convert_kernel<__half2, float2>(tensor_layout_any, T1 *, tensor_layout_any, const T2 *)"
4238443148,6048,263812,,,,,,,,,,0.094,15491.978,Pinned,Device,NVIDIA A100-SXM4-40GB MIG 4g.20gb (0),1,,13,[CUDA memcpy Host-to-Device]
4238452876,596761,263813,,,,,,,,,,456.561,764740.412,Device,,NVIDIA A100-SXM4-40GB MIG 4g.20gb (0),1,,13,[CUDA memset]
4239055141,153502,263818,,,,,,,,,,1.235,8044.425,Pinned,Device,NVIDIA A100-SXM4-40GB MIG 4g.20gb (0),1,,13,[CUDA memcpy Host-to-Device]
4239218147,42623,263819,,,,,,,,,,0.197,4612.620,Pinned,Device,NVIDIA A100-SXM4-40GB MIG 4g.20gb (0),1,,13,[CUDA memcpy Host-to-Device]
4239286434,7872,263820,69,4,1,48,1,1,76,0.002,0.000,,,,,NVIDIA A100-SXM4-40GB MIG 4g.20gb (0),1,,13,"void ch_est::windowedChEstPreNoDftSOfdmKernel<float, __half, float, (unsigned int)2, (unsigned int)1, (unsigned short)4>(ch_est::puschRxChEstStatDescr_t *, ch_est::puschRxChEstDynDescr_t *)"
4239305537,6528,263821,137,2,1,24,2,1,44,0.001,0.001,,,,,NVIDIA A100-SXM4-40GB MIG 4g.20gb (0),1,,13,"void ch_est::chEstFilterNoDftSOfdmDispatchKernel<float, __half, float, (unsigned int)2>(ch_est::puschRxChEstStatDescr_t *, ch_est::puschRxChEstDynDescr_t *)"
4239322081,4800,263822,137,2,1,24,2,1,44,0.001,0.001,,,,,NVIDIA A100-SXM4-40GB MIG 4g.20gb (0),1,,13,"void ch_est::chEstFilterNoDftSOfdmDispatchKernel<float, __half, float, (unsigned int)2>(ch_est::puschRxChEstStatDescr_t *, ch_est::puschRxChEstDynDescr_t *)"
4239338593,2496,263833,103,1,1,128,1,1,16,0.000,0.000,,,,,NVIDIA A100-SXM4-40GB MIG 4g.20gb (0),1,,13,cupy_copy__complex64_complex64
4239355233,12288,263843,1434,1,1,128,1,1,16,0.000,0.000,,,,,NVIDIA A100-SXM4-40GB MIG 4g.20gb (0),1,,13,cupy_copy__complex64_complex64
4239376801,2560,263850,103,1,1,128,1,1,16,0.000,0.000,,,,,NVIDIA A100-SXM4-40GB MIG 4g.20gb (0),1,,13,cupy_copy__complex64_complex64
4239397216,88255,263857,1,1,1,32,32,1,30,0.000,0.000,,,,,NVIDIA A100-SXM4-40GB MIG 4g.20gb (0),1,,13,"void convert_kernel<__half2, float2>(tensor_layout_any, T1 *, tensor_layout_any, const T2 *)"
4239517663,20064,263860,,,,,,,,,,0.094,4669.809,Pinned,Device,NVIDIA A100-SXM4-40GB MIG 4g.20gb (0),1,,13,[CUDA memcpy Host-to-Device]
4239560990,47136,263861,,,,,,,,,,35.810,759707.453,Device,,NVIDIA A100-SXM4-40GB MIG 4g.20gb (0),1,,13,[CUDA memset]
4239615774,7840,263863,,,,,,,,,,0.000,10.204,Pinned,Device,NVIDIA A100-SXM4-40GB MIG 4g.20gb (0),1,,13,[CUDA memcpy Host-to-Device]
4239634365,24960,263864,,,,,,,,,,0.197,7876.903,Pinned,Device,NVIDIA A100-SXM4-40GB MIG 4g.20gb (0),1,,13,[CUDA memcpy Host-to-Device]
4239677277,9248,263865,273,1,1,48,1,1,40,0.000,0.001,,,,,NVIDIA A100-SXM4-40GB MIG 4g.20gb (0),1,,13,"void pusch_noise_intf_est::noiseIntfEstNoDftSOfdmKernel<float, __half, float, float, (unsigned int)2, (unsigned int)1, (unsigned char)4, (unsigned char)4>(pusch_noise_intf_est::puschRxNoiseIntfEstDynDescr)"
4239691997,2560,263876,35,1,1,128,1,1,16,0.000,0.000,,,,,NVIDIA A100-SXM4-40GB MIG 4g.20gb (0),1,,13,cupy_copy__complex64_complex64
4239707517,1696,263885,1,1,1,1,1,1,18,0.000,0.000,,,,,NVIDIA A100-SXM4-40GB MIG 4g.20gb (0),1,,13,cupy_copy__float32_float32
4239713756,4160,263891,,,,,,,,,,0.000,0.962,Device,Pageable,NVIDIA A100-SXM4-40GB MIG 4g.20gb (0),1,,7,[CUDA memcpy Device-to-Host]
4239804923,12992,263902,1434,1,1,128,1,1,16,0.000,0.000,,,,,NVIDIA A100-SXM4-40GB MIG 4g.20gb (0),1,,13,cupy_copy__complex64_complex64
4239828283,2720,263909,103,1,1,128,1,1,16,0.000,0.000,,,,,NVIDIA A100-SXM4-40GB MIG 4g.20gb (0),1,,13,cupy_copy__complex64_complex64
4239853115,2528,263916,35,1,1,128,1,1,16,0.000,0.000,,,,,NVIDIA A100-SXM4-40GB MIG 4g.20gb (0),1,,13,cupy_copy__complex64_complex64
4239877338,1792,263923,1,1,1,1,1,1,18,0.000,0.000,,,,,NVIDIA A100-SXM4-40GB MIG 4g.20gb (0),1,,13,cupy_copy__float32_float32
4239996025,82719,263934,1,1,1,32,32,1,30,0.000,0.000,,,,,NVIDIA A100-SXM4-40GB MIG 4g.20gb (0),1,,13,"void convert_kernel<__half2, float2>(tensor_layout_any, T1 *, tensor_layout_any, const T2 *)"
4240106520,13791,263937,,,,,,,,,,0.094,6793.991,Pinned,Device,NVIDIA A100-SXM4-40GB MIG 4g.20gb (0),1,,13,[CUDA memcpy Host-to-Device]
4240128823,3392,263938,,,,,,,,,,1.547,455961.768,Device,,NVIDIA A100-SXM4-40GB MIG 4g.20gb (0),1,,13,[CUDA memset]
4240136663,6912,263943,,,,,,,,,,0.031,4527.749,Pinned,Device,NVIDIA A100-SXM4-40GB MIG 4g.20gb (0),1,,13,[CUDA memcpy Host-to-Device]
4240147927,16384,263944,,,,,,,,,,0.197,11999.969,Pinned,Device,NVIDIA A100-SXM4-40GB MIG 4g.20gb (0),1,,13,[CUDA memcpy Host-to-Device]
4240179671,6304,263945,273,1,1,8,4,1,39,0.002,0.000,,,,,NVIDIA A100-SXM4-40GB MIG 4g.20gb (0),1,,13,"void channel_eq::eqMmseCoefCompLowMimoKernel<float, float, float, (unsigned int)4, (unsigned int)1, (unsigned int)4>(const channel_eq::_puschRxChEqStatDescr *, channel_eq::_puschRxChEqCoefCompDynDescr)"
4240188215,6144,263946,273,1,1,12,11,1,51,0.002,0.000,,,,,NVIDIA A100-SXM4-40GB MIG 4g.20gb (0),1,,13,"void channel_eq::eqMmseSoftDemapKernel<float, __half, __half, float, (unsigned int)4, (unsigned short)16383>(channel_eq::_puschRxChEqStatDescr *, channel_eq::_puschRxChEqSoftDemapDynDescr)"
4240195767,290204,263947,1,1,1,32,32,1,30,0.000,0.000,,,,,NVIDIA A100-SXM4-40GB MIG 4g.20gb (0),1,,13,"void convert_kernel<float2, __half2>(tensor_layout_any, T1 *, tensor_layout_any, const T2 *)"
4240486931,11072,263959,2253,1,1,128,1,1,16,0.000,0.000,,,,,NVIDIA A100-SXM4-40GB MIG 4g.20gb (0),1,,13,cupy_copy__float16_float16
4240502163,3520,263968,282,1,1,128,1,1,16,0.000,0.000,,,,,NVIDIA A100-SXM4-40GB MIG 4g.20gb (0),1,,13,cupy_copy__complex64_complex64
4240507123,2112,263977,26,1,1,128,1,1,16,0.000,0.000,,,,,NVIDIA A100-SXM4-40GB MIG 4g.20gb (0),1,,13,cupy_copy__float32_float32
4240511667,3008,263986,103,1,1,128,1,1,16,0.000,0.000,,,,,NVIDIA A100-SXM4-40GB MIG 4g.20gb (0),1,,13,cupy_copy__complex64_complex64
4240515763,11903,263996,1434,1,1,128,1,1,16,0.000,0.000,,,,,NVIDIA A100-SXM4-40GB MIG 4g.20gb (0),1,,13,cupy_copy__complex64_complex64
4240530226,87199,264001,1,1,1,32,32,1,30,0.000,0.000,,,,,NVIDIA A100-SXM4-40GB MIG 4g.20gb (0),1,,13,"void convert_kernel<__half2, float2>(tensor_layout_any, T1 *, tensor_layout_any, const T2 *)"
4240644401,5440,264004,,,,,,,,,,0.094,17223.480,Pinned,Device,NVIDIA A100-SXM4-40GB MIG 4g.20gb (0),1,,13,[CUDA memcpy Host-to-Device]
4240654417,598008,264005,,,,,,,,,,456.561,763370.728,Device,,NVIDIA A100-SXM4-40GB MIG 4g.20gb (0),1,,13,[CUDA memset]
4241254185,80191,264010,,,,,,,,,,1.235,15399.752,Pinned,Device,NVIDIA A100-SXM4-40GB MIG 4g.20gb (0),1,,13,[CUDA memcpy Host-to-Device]
4241341320,16672,264011,,,,,,,,,,0.197,11792.548,Pinned,Device,NVIDIA A100-SXM4-40GB MIG 4g.20gb (0),1,,13,[CUDA memcpy Host-to-Device]
4241367208,9280,264012,69,4,1,48,1,1,76,0.002,0.000,,,,,NVIDIA A100-SXM4-40GB MIG 4g.20gb (0),1,,13,"void ch_est::windowedChEstPreNoDftSOfdmKernel<float, __half, float, (unsigned int)2, (unsigned int)1, (unsigned short)4>(ch_est::puschRxChEstStatDescr_t *, ch_est::puschRxChEstDynDescr_t *)"
4241382824,7264,264013,137,2,1,24,2,1,44,0.001,0.001,,,,,NVIDIA A100-SXM4-40GB MIG 4g.20gb (0),1,,13,"void ch_est::chEstFilterNoDftSOfdmDispatchKernel<float, __half, float, (unsigned int)2>(ch_est::puschRxChEstStatDescr_t *, ch_est::puschRxChEstDynDescr_t *)"
4241397512,5056,264014,137,2,1,24,2,1,44,0.001,0.001,,,,,NVIDIA A100-SXM4-40GB MIG 4g.20gb (0),1,,13,"void ch_est::chEstFilterNoDftSOfdmDispatchKernel<float, __half, float, (unsigned int)2>(ch_est::puschRxChEstStatDescr_t *, ch_est::puschRxChEstDynDescr_t *)"
4241405192,3104,264025,103,1,1,128,1,1,16,0.000,0.000,,,,,NVIDIA A100-SXM4-40GB MIG 4g.20gb (0),1,,13,cupy_copy__complex64_complex64
4241412872,12863,264035,1434,1,1,128,1,1,16,0.000,0.000,,,,,NVIDIA A100-SXM4-40GB MIG 4g.20gb (0),1,,13,cupy_copy__complex64_complex64
4241429255,2720,264042,103,1,1,128,1,1,16,0.000,0.000,,,,,NVIDIA A100-SXM4-40GB MIG 4g.20gb (0),1,,13,cupy_copy__complex64_complex64
4241437703,89407,264049,1,1,1,32,32,1,30,0.000,0.000,,,,,NVIDIA A100-SXM4-40GB MIG 4g.20gb (0),1,,13,"void convert_kernel<__half2, float2>(tensor_layout_any, T1 *, tensor_layout_any, const T2 *)"
4241558534,10784,264052,,,,,,,,,,0.094,8688.336,Pinned,Device,NVIDIA A100-SXM4-40GB MIG 4g.20gb (0),1,,13,[CUDA memcpy Host-to-Device]
4241577989,47872,264053,,,,,,,,,,35.810,748033.419,Device,,NVIDIA A100-SXM4-40GB MIG 4g.20gb (0),1,,13,[CUDA memset]
4241631685,5920,264055,,,,,,,,,,0.000,13.513,Pinned,Device,NVIDIA A100-SXM4-40GB MIG 4g.20gb (0),1,,13,[CUDA memcpy Host-to-Device]
4241646021,19455,264056,,,,,,,,,,0.197,10105.651,Pinned,Device,NVIDIA A100-SXM4-40GB MIG 4g.20gb (0),1,,13,[CUDA memcpy Host-to-Device]
4241687716,9120,264057,273,1,1,48,1,1,40,0.000,0.001,,,,,NVIDIA A100-SXM4-40GB MIG 4g.20gb (0),1,,13,"void pusch_noise_intf_est::noiseIntfEstNoDftSOfdmKernel<float, __half, float, float, (unsigned int)2, (unsigned int)1, (unsigned char)4, (unsigned char)4>(pusch_noise_intf_est::puschRxNoiseIntfEstDynDescr)"
4241699844,2624,264068,35,1,1,128,1,1,16,0.000,0.000,,,,,NVIDIA A100-SXM4-40GB MIG 4g.20gb (0),1,,13,cupy_copy__complex64_complex64
4241710372,1728,264077,1,1,1,1,1,1,18,0.000,0.000,,,,,NVIDIA A100-SXM4-40GB MIG 4g.20gb (0),1,,13,cupy_copy__float32_float32
4241715652,3072,264083,,,,,,,,,,0.000,1.302,Device,Pageable,NVIDIA A100-SXM4-40GB MIG 4g.20gb (0),1,,7,[CUDA memcpy Device-to-Host]
4241794947,12800,264094,1434,1,1,128,1,1,16,0.000,0.000,,,,,NVIDIA A100-SXM4-40GB MIG 4g.20gb (0),1,,13,cupy_copy__complex64_complex64
4241821858,3360,264101,103,1,1,128,1,1,16,0.000,0.000,,,,,NVIDIA A100-SXM4-40GB MIG 4g.20gb (0),1,,13,cupy_copy__complex64_complex64
4241845346,2752,264108,35,1,1,128,1,1,16,0.000,0.000,,,,,NVIDIA A100-SXM4-40GB MIG 4g.20gb (0),1,,13,cupy_copy__complex64_complex64
4241857826,1792,264115,1,1,1,1,1,1,18,0.000,0.000,,,,,NVIDIA A100-SXM4-40GB MIG 4g.20gb (0),1,,13,cupy_copy__float32_float32
4241987648,87231,264126,1,1,1,32,32,1,30,0.000,0.000,,,,,NVIDIA A100-SXM4-40GB MIG 4g.20gb (0),1,,13,"void convert_kernel<__half2, float2>(tensor_layout_any, T1 *, tensor_layout_any, const T2 *)"
4242102239,6176,264129,,,,,,,,,,0.094,15170.975,Pinned,Device,NVIDIA A100-SXM4-40GB MIG 4g.20gb (0),1,,13,[CUDA memcpy Host-to-Device]
4242117279,3360,264130,,,,,,,,,,1.547,460304.688,Device,,NVIDIA A100-SXM4-40GB MIG 4g.20gb (0),1,,13,[CUDA memset]
4242123391,3008,264135,,,,,,,,,,0.031,10404.230,Pinned,Device,NVIDIA A100-SXM4-40GB MIG 4g.20gb (0),1,,13,[CUDA memcpy Host-to-Device]
4242128991,9760,264136,,,,,,,,,,0.197,20144.259,Pinned,Device,NVIDIA A100-SXM4-40GB MIG 4g.20gb (0),1,,13,[CUDA memcpy Host-to-Device]
4242143615,6207,264137,273,1,1,8,4,1,39,0.002,0.000,,,,,NVIDIA A100-SXM4-40GB MIG 4g.20gb (0),1,,13,"void channel_eq::eqMmseCoefCompLowMimoKernel<float, float, float, (unsigned int)4, (unsigned int)1, (unsigned int)4>(const channel_eq::_puschRxChEqStatDescr *, channel_eq::_puschRxChEqCoefCompDynDescr)"
4242154078,6144,264138,273,1,1,12,11,1,51,0.002,0.000,,,,,NVIDIA A100-SXM4-40GB MIG 4g.20gb (0),1,,13,"void channel_eq::eqMmseSoftDemapKernel<float, __half, __half, float, (unsigned int)4, (unsigned short)16383>(channel_eq::_puschRxChEqStatDescr *, channel_eq::_puschRxChEqSoftDemapDynDescr)"
4242161534,294845,264139,1,1,1,32,32,1,30,0.000,0.000,,,,,NVIDIA A100-SXM4-40GB MIG 4g.20gb (0),1,,13,"void convert_kernel<float2, __half2>(tensor_layout_any, T1 *, tensor_layout_any, const T2 *)"
4242457499,11072,264151,2253,1,1,128,1,1,16,0.000,0.000,,,,,NVIDIA A100-SXM4-40GB MIG 4g.20gb (0),1,,13,cupy_copy__float16_float16
4242470234,3776,264160,282,1,1,128,1,1,16,0.000,0.000,,,,,NVIDIA A100-SXM4-40GB MIG 4g.20gb (0),1,,13,cupy_copy__complex64_complex64
4242477978,2048,264169,26,1,1,128,1,1,16,0.000,0.000,,,,,NVIDIA A100-SXM4-40GB MIG 4g.20gb (0),1,,13,cupy_copy__float32_float32
4242483418,2944,264178,103,1,1,128,1,1,16,0.000,0.000,,,,,NVIDIA A100-SXM4-40GB MIG 4g.20gb (0),1,,13,cupy_copy__complex64_complex64
4242489786,12224,264188,1434,1,1,128,1,1,16,0.000,0.000,,,,,NVIDIA A100-SXM4-40GB MIG 4g.20gb (0),1,,13,cupy_copy__complex64_complex64
4242503482,82367,264193,1,1,1,32,32,1,30,0.000,0.000,,,,,NVIDIA A100-SXM4-40GB MIG 4g.20gb (0),1,,13,"void convert_kernel<__half2, float2>(tensor_layout_any, T1 *, tensor_layout_any, const T2 *)"
4242612729,5824,264196,,,,,,,,,,0.094,16087.884,Pinned,Device,NVIDIA A100-SXM4-40GB MIG 4g.20gb (0),1,,13,[CUDA memcpy Host-to-Device]
4242623545,598424,264197,,,,,,,,,,456.561,762914.166,Device,,NVIDIA A100-SXM4-40GB MIG 4g.20gb (0),1,,13,[CUDA memset]
4243228337,139774,264202,,,,,,,,,,1.235,8834.789,Pinned,Device,NVIDIA A100-SXM4-40GB MIG 4g.20gb (0),1,,13,[CUDA memcpy Host-to-Device]
4243381839,31296,264203,,,,,,,,,,0.197,6282.019,Pinned,Device,NVIDIA A100-SXM4-40GB MIG 4g.20gb (0),1,,13,[CUDA memcpy Host-to-Device]
4243427247,8192,264204,69,4,1,48,1,1,76,0.002,0.000,,,,,NVIDIA A100-SXM4-40GB MIG 4g.20gb (0),1,,13,"void ch_est::windowedChEstPreNoDftSOfdmKernel<float, __half, float, (unsigned int)2, (unsigned int)1, (unsigned short)4>(ch_est::puschRxChEstStatDescr_t *, ch_est::puschRxChEstDynDescr_t *)"
4243440815,6431,264205,137,2,1,24,2,1,44,0.001,0.001,,,,,NVIDIA A100-SXM4-40GB MIG 4g.20gb (0),1,,13,"void ch_est::chEstFilterNoDftSOfdmDispatchKernel<float, __half, float, (unsigned int)2>(ch_est::puschRxChEstStatDescr_t *, ch_est::puschRxChEstDynDescr_t *)"
4243450094,4800,264206,137,2,1,24,2,1,44,0.001,0.001,,,,,NVIDIA A100-SXM4-40GB MIG 4g.20gb (0),1,,13,"void ch_est::chEstFilterNoDftSOfdmDispatchKernel<float, __half, float, (unsigned int)2>(ch_est::puschRxChEstStatDescr_t *, ch_est::puschRxChEstDynDescr_t *)"
4243457902,2656,264217,103,1,1,128,1,1,16,0.000,0.000,,,,,NVIDIA A100-SXM4-40GB MIG 4g.20gb (0),1,,13,cupy_copy__complex64_complex64
4243466990,12672,264227,1434,1,1,128,1,1,16,0.000,0.000,,,,,NVIDIA A100-SXM4-40GB MIG 4g.20gb (0),1,,13,cupy_copy__complex64_complex64
4243482702,2592,264234,103,1,1,128,1,1,16,0.000,0.000,,,,,NVIDIA A100-SXM4-40GB MIG 4g.20gb (0),1,,13,cupy_copy__complex64_complex64
4243493070,83039,264241,1,1,1,32,32,1,30,0.000,0.000,,,,,NVIDIA A100-SXM4-40GB MIG 4g.20gb (0),1,,13,"void convert_kernel<__half2, float2>(tensor_layout_any, T1 *, tensor_layout_any, const T2 *)"
4243603309,5759,264244,,,,,,,,,,0.094,16269.467,Pinned,Device,NVIDIA A100-SXM4-40GB MIG 4g.20gb (0),1,,13,[CUDA memcpy Host-to-Device]
4243618604,47296,264245,,,,,,,,,,35.810,757129.139,Device,,NVIDIA A100-SXM4-40GB MIG 4g.20gb (0),1,,13,[CUDA memset]
4243668012,4832,264247,,,,,,,,,,0.000,16.556,Pinned,Device,NVIDIA A100-SXM4-40GB MIG 4g.20gb (0),1,,13,[CUDA memcpy Host-to-Device]
4243677900,12959,264248,,,,,,,,,,0.197,15171.453,Pinned,Device,NVIDIA A100-SXM4-40GB MIG 4g.20gb (0),1,,13,[CUDA memcpy Host-to-Device]
4243699179,10400,264249,273,1,1,48,1,1,40,0.000,0.001,,,,,NVIDIA A100-SXM4-40GB MIG 4g.20gb (0),1,,13,"void pusch_noise_intf_est::noiseIntfEstNoDftSOfdmKernel<float, __half, float, float, (unsigned int)2, (unsigned int)1, (unsigned char)4, (unsigned char)4>(pusch_noise_intf_est::puschRxNoiseIntfEstDynDescr)"
4243713931,2880,264260,35,1,1,128,1,1,16,0.000,0.000,,,,,NVIDIA A100-SXM4-40GB MIG 4g.20gb (0),1,,13,cupy_copy__complex64_complex64
4243726443,1792,264269,1,1,1,1,1,1,18,0.000,0.000,,,,,NVIDIA A100-SXM4-40GB MIG 4g.20gb (0),1,,13,cupy_copy__float32_float32
4243755403,1568,264275,,,,,,,,,,0.000,2.551,Device,Pageable,NVIDIA A100-SXM4-40GB MIG 4g.20gb (0),1,,7,[CUDA memcpy Device-to-Host]
4243818666,12736,264286,1434,1,1,128,1,1,16,0.000,0.000,,,,,NVIDIA A100-SXM4-40GB MIG 4g.20gb (0),1,,13,cupy_copy__complex64_complex64
4243842826,2784,264293,103,1,1,128,1,1,16,0.000,0.000,,,,,NVIDIA A100-SXM4-40GB MIG 4g.20gb (0),1,,13,cupy_copy__complex64_complex64
4243867753,2368,264300,35,1,1,128,1,1,16,0.000,0.000,,,,,NVIDIA A100-SXM4-40GB MIG 4g.20gb (0),1,,13,cupy_copy__complex64_complex64
4243886825,1792,264307,1,1,1,1,1,1,18,0.000,0.000,,,,,NVIDIA A100-SXM4-40GB MIG 4g.20gb (0),1,,13,cupy_copy__float32_float32
4244018311,87519,264318,1,1,1,32,32,1,30,0.000,0.000,,,,,NVIDIA A100-SXM4-40GB MIG 4g.20gb (0),1,,13,"void convert_kernel<__half2, float2>(tensor_layout_any, T1 *, tensor_layout_any, const T2 *)"
4244133766,5472,264321,,,,,,,,,,0.094,17122.757,Pinned,Device,NVIDIA A100-SXM4-40GB MIG 4g.20gb (0),1,,13,[CUDA memcpy Host-to-Device]
4244147718,3520,264322,,,,,,,,,,1.547,439380.412,Device,,NVIDIA A100-SXM4-40GB MIG 4g.20gb (0),1,,13,[CUDA memset]
4244155078,4736,264327,,,,,,,,,,0.031,6608.088,Pinned,Device,NVIDIA A100-SXM4-40GB MIG 4g.20gb (0),1,,13,[CUDA memcpy Host-to-Device]
4244162534,11456,264328,,,,,,,,,,0.197,17161.912,Pinned,Device,NVIDIA A100-SXM4-40GB MIG 4g.20gb (0),1,,13,[CUDA memcpy Host-to-Device]
4244180613,6752,264329,273,1,1,8,4,1,39,0.002,0.000,,,,,NVIDIA A100-SXM4-40GB MIG 4g.20gb (0),1,,13,"void channel_eq::eqMmseCoefCompLowMimoKernel<float, float, float, (unsigned int)4, (unsigned int)1, (unsigned int)4>(const channel_eq::_puschRxChEqStatDescr *, channel_eq::_puschRxChEqCoefCompDynDescr)"
4244189125,8000,264330,273,1,1,12,11,1,51,0.002,0.000,,,,,NVIDIA A100-SXM4-40GB MIG 4g.20gb (0),1,,13,"void channel_eq::eqMmseSoftDemapKernel<float, __half, __half, float, (unsigned int)4, (unsigned short)16383>(channel_eq::_puschRxChEqStatDescr *, channel_eq::_puschRxChEqSoftDemapDynDescr)"
4244198181,282173,264331,1,1,1,32,32,1,30,0.000,0.000,,,,,NVIDIA A100-SXM4-40GB MIG 4g.20gb (0),1,,13,"void convert_kernel<float2, __half2>(tensor_layout_any, T1 *, tensor_layout_any, const T2 *)"
4244482914,10912,264343,2253,1,1,128,1,1,16,0.000,0.000,,,,,NVIDIA A100-SXM4-40GB MIG 4g.20gb (0),1,,13,cupy_copy__float16_float16
4244495362,3040,264352,282,1,1,128,1,1,16,0.000,0.000,,,,,NVIDIA A100-SXM4-40GB MIG 4g.20gb (0),1,,13,cupy_copy__complex64_complex64
4244502433,2304,264361,26,1,1,128,1,1,16,0.000,0.000,,,,,NVIDIA A100-SXM4-40GB MIG 4g.20gb (0),1,,13,cupy_copy__float32_float32
4244508097,2944,264370,103,1,1,128,1,1,16,0.000,0.000,,,,,NVIDIA A100-SXM4-40GB MIG 4g.20gb (0),1,,13,cupy_copy__complex64_complex64
4244514561,11968,264380,1434,1,1,128,1,1,16,0.000,0.000,,,,,NVIDIA A100-SXM4-40GB MIG 4g.20gb (0),1,,13,cupy_copy__complex64_complex64
4244528065,87487,264385,1,1,1,32,32,1,30,0.000,0.000,,,,,NVIDIA A100-SXM4-40GB MIG 4g.20gb (0),1,,13,"void convert_kernel<__half2, float2>(tensor_layout_any, T1 *, tensor_layout_any, const T2 *)"
4244642752,5888,264388,,,,,,,,,,0.094,15912.954,Pinned,Device,NVIDIA A100-SXM4-40GB MIG 4g.20gb (0),1,,13,[CUDA memcpy Host-to-Device]
4244656288,597848,264389,,,,,,,,,,456.561,763370.728,Device,,NVIDIA A100-SXM4-40GB MIG 4g.20gb (0),1,,13,[CUDA memset]
4245259992,131199,264394,,,,,,,,,,1.235,9412.743,Pinned,Device,NVIDIA A100-SXM4-40GB MIG 4g.20gb (0),1,,13,[CUDA memcpy Host-to-Device]
4245402262,35168,264395,,,,,,,,,,0.197,5590.352,Pinned,Device,NVIDIA A100-SXM4-40GB MIG 4g.20gb (0),1,,13,[CUDA memcpy Host-to-Device]
4245455414,8032,264396,69,4,1,48,1,1,76,0.002,0.000,,,,,NVIDIA A100-SXM4-40GB MIG 4g.20gb (0),1,,13,"void ch_est::windowedChEstPreNoDftSOfdmKernel<float, __half, float, (unsigned int)2, (unsigned int)1, (unsigned short)4>(ch_est::puschRxChEstStatDescr_t *, ch_est::puschRxChEstDynDescr_t *)"
4245470870,6879,264397,137,2,1,24,2,1,44,0.001,0.001,,,,,NVIDIA A100-SXM4-40GB MIG 4g.20gb (0),1,,13,"void ch_est::chEstFilterNoDftSOfdmDispatchKernel<float, __half, float, (unsigned int)2>(ch_est::puschRxChEstStatDescr_t *, ch_est::puschRxChEstDynDescr_t *)"
4245483541,4672,264398,137,2,1,24,2,1,44,0.001,0.001,,,,,NVIDIA A100-SXM4-40GB MIG 4g.20gb (0),1,,13,"void ch_est::chEstFilterNoDftSOfdmDispatchKernel<float, __half, float, (unsigned int)2>(ch_est::puschRxChEstStatDescr_t *, ch_est::puschRxChEstDynDescr_t *)"
4245498517,2656,264409,103,1,1,128,1,1,16,0.000,0.000,,,,,NVIDIA A100-SXM4-40GB MIG 4g.20gb (0),1,,13,cupy_copy__complex64_complex64
4245507029,12416,264419,1434,1,1,128,1,1,16,0.000,0.000,,,,,NVIDIA A100-SXM4-40GB MIG 4g.20gb (0),1,,13,cupy_copy__complex64_complex64
4245527221,2880,264426,103,1,1,128,1,1,16,0.000,0.000,,,,,NVIDIA A100-SXM4-40GB MIG 4g.20gb (0),1,,13,cupy_copy__complex64_complex64
4245542229,85951,264433,1,1,1,32,32,1,30,0.000,0.000,,,,,NVIDIA A100-SXM4-40GB MIG 4g.20gb (0),1,,13,"void convert_kernel<__half2, float2>(tensor_layout_any, T1 *, tensor_layout_any, const T2 *)"
4245659219,12288,264436,,,,,,,,,,0.094,7624.980,Pinned,Device,NVIDIA A100-SXM4-40GB MIG 4g.20gb (0),1,,13,[CUDA memcpy Host-to-Device]
4245689203,46367,264437,,,,,,,,,,35.810,772312.545,Device,,NVIDIA A100-SXM4-40GB MIG 4g.20gb (0),1,,13,[CUDA memset]
4245742994,3040,264439,,,,,,,,,,0.000,26.316,Pinned,Device,NVIDIA A100-SXM4-40GB MIG 4g.20gb (0),1,,13,[CUDA memcpy Host-to-Device]
4245753714,13888,264440,,,,,,,,,,0.197,14156.562,Pinned,Device,NVIDIA A100-SXM4-40GB MIG 4g.20gb (0),1,,13,[CUDA memcpy Host-to-Device]
4245780178,12800,264441,273,1,1,48,1,1,40,0.000,0.001,,,,,NVIDIA A100-SXM4-40GB MIG 4g.20gb (0),1,,13,"void pusch_noise_intf_est::noiseIntfEstNoDftSOfdmKernel<float, __half, float, float, (unsigned int)2, (unsigned int)1, (unsigned char)4, (unsigned char)4>(pusch_noise_intf_est::puschRxNoiseIntfEstDynDescr)"
4245795410,3263,264452,35,1,1,128,1,1,16,0.000,0.000,,,,,NVIDIA A100-SXM4-40GB MIG 4g.20gb (0),1,,13,cupy_copy__complex64_complex64
4245801169,1792,264461,1,1,1,1,1,1,18,0.000,0.000,,,,,NVIDIA A100-SXM4-40GB MIG 4g.20gb (0),1,,13,cupy_copy__float32_float32
4245809265,3392,264467,,,,,,,,,,0.000,1.179,Device,Pageable,NVIDIA A100-SXM4-40GB MIG 4g.20gb (0),1,,7,[CUDA memcpy Device-to-Host]
4245873073,13343,264478,1434,1,1,128,1,1,16,0.000,0.000,,,,,NVIDIA A100-SXM4-40GB MIG 4g.20gb (0),1,,13,cupy_copy__complex64_complex64
4245902832,3424,264485,103,1,1,128,1,1,16,0.000,0.000,,,,,NVIDIA A100-SXM4-40GB MIG 4g.20gb (0),1,,13,cupy_copy__complex64_complex64
4245924240,2560,264492,35,1,1,128,1,1,16,0.000,0.000,,,,,NVIDIA A100-SXM4-40GB MIG 4g.20gb (0),1,,13,cupy_copy__complex64_complex64
4245942192,2080,264499,1,1,1,1,1,1,18,0.000,0.000,,,,,NVIDIA A100-SXM4-40GB MIG 4g.20gb (0),1,,13,cupy_copy__float32_float32
4246072910,81279,264510,1,1,1,32,32,1,30,0.000,0.000,,,,,NVIDIA A100-SXM4-40GB MIG 4g.20gb (0),1,,13,"void convert_kernel<__half2, float2>(tensor_layout_any, T1 *, tensor_layout_any, const T2 *)"
4246182445,5760,264513,,,,,,,,,,0.094,16266.656,Pinned,Device,NVIDIA A100-SXM4-40GB MIG 4g.20gb (0),1,,13,[CUDA memcpy Host-to-Device]
4246196749,3360,264514,,,,,,,,,,1.547,460304.688,Device,,NVIDIA A100-SXM4-40GB MIG 4g.20gb (0),1,,13,[CUDA memset]
4246203692,3584,264519,,,,,,,,,,0.031,8732.116,Pinned,Device,NVIDIA A100-SXM4-40GB MIG 4g.20gb (0),1,,13,[CUDA memcpy Host-to-Device]
4246210156,9696,264520,,,,,,,,,,0.197,20277.166,Pinned,Device,NVIDIA A100-SXM4-40GB MIG 4g.20gb (0),1,,13,[CUDA memcpy Host-to-Device]
4246225068,6336,264521,273,1,1,8,4,1,39,0.002,0.000,,,,,NVIDIA A100-SXM4-40GB MIG 4g.20gb (0),1,,13,"void channel_eq::eqMmseCoefCompLowMimoKernel<float, float, float, (unsigned int)4, (unsigned int)1, (unsigned int)4>(const channel_eq::_puschRxChEqStatDescr *, channel_eq::_puschRxChEqCoefCompDynDescr)"
4246234092,5920,264522,273,1,1,12,11,1,51,0.002,0.000,,,,,NVIDIA A100-SXM4-40GB MIG 4g.20gb (0),1,,13,"void channel_eq::eqMmseSoftDemapKernel<float, __half, __half, float, (unsigned int)4, (unsigned short)16383>(channel_eq::_puschRxChEqStatDescr *, channel_eq::_puschRxChEqSoftDemapDynDescr)"
4246242380,294780,264523,1,1,1,32,32,1,30,0.000,0.000,,,,,NVIDIA A100-SXM4-40GB MIG 4g.20gb (0),1,,13,"void convert_kernel<float2, __half2>(tensor_layout_any, T1 *, tensor_layout_any, const T2 *)"
4246540104,10912,264535,2253,1,1,128,1,1,16,0.000,0.000,,,,,NVIDIA A100-SXM4-40GB MIG 4g.20gb (0),1,,13,cupy_copy__float16_float16
4246555336,2688,264544,282,1,1,128,1,1,16,0.000,0.000,,,,,NVIDIA A100-SXM4-40GB MIG 4g.20gb (0),1,,13,cupy_copy__complex64_complex64
4246560520,2144,264553,26,1,1,128,1,1,16,0.000,0.000,,,,,NVIDIA A100-SXM4-40GB MIG 4g.20gb (0),1,,13,cupy_copy__float32_float32
4246563784,3136,264562,103,1,1,128,1,1,16,0.000,0.000,,,,,NVIDIA A100-SXM4-40GB MIG 4g.20gb (0),1,,13,cupy_copy__complex64_complex64
4246568808,12064,264572,1434,1,1,128,1,1,16,0.000,0.000,,,,,NVIDIA A100-SXM4-40GB MIG 4g.20gb (0),1,,13,cupy_copy__complex64_complex64
4246583112,82879,264577,1,1,1,32,32,1,30,0.000,0.000,,,,,NVIDIA A100-SXM4-40GB MIG 4g.20gb (0),1,,13,"void convert_kernel<__half2, float2>(tensor_layout_any, T1 *, tensor_layout_any, const T2 *)"
4246693542,6368,264580,,,,,,,,,,0.094,14713.551,Pinned,Device,NVIDIA A100-SXM4-40GB MIG 4g.20gb (0),1,,13,[CUDA memcpy Host-to-Device]
4246703302,602841,264581,,,,,,,,,,456.561,756978.868,Device,,NVIDIA A100-SXM4-40GB MIG 4g.20gb (0),1,,13,[CUDA memset]
4247310559,157502,264586,,,,,,,,,,1.235,7840.659,Pinned,Device,NVIDIA A100-SXM4-40GB MIG 4g.20gb (0),1,,13,[CUDA memcpy Host-to-Device]
4247482397,35775,264587,,,,,,,,,,0.197,5495.587,Pinned,Device,NVIDIA A100-SXM4-40GB MIG 4g.20gb (0),1,,13,[CUDA memcpy Host-to-Device]
4247544444,8480,264588,69,4,1,48,1,1,76,0.002,0.000,,,,,NVIDIA A100-SXM4-40GB MIG 4g.20gb (0),1,,13,"void ch_est::windowedChEstPreNoDftSOfdmKernel<float, __half, float, (unsigned int)2, (unsigned int)1, (unsigned short)4>(ch_est::puschRxChEstStatDescr_t *, ch_est::puschRxChEstDynDescr_t *)"
4247561916,7296,264589,137,2,1,24,2,1,44,0.001,0.001,,,,,NVIDIA A100-SXM4-40GB MIG 4g.20gb (0),1,,13,"void ch_est::chEstFilterNoDftSOfdmDispatchKernel<float, __half, float, (unsigned int)2>(ch_est::puschRxChEstStatDescr_t *, ch_est::puschRxChEstDynDescr_t *)"
4247579388,4735,264590,137,2,1,24,2,1,44,0.001,0.001,,,,,NVIDIA A100-SXM4-40GB MIG 4g.20gb (0),1,,13,"void ch_est::chEstFilterNoDftSOfdmDispatchKernel<float, __half, float, (unsigned int)2>(ch_est::puschRxChEstStatDescr_t *, ch_est::puschRxChEstDynDescr_t *)"
4247594939,2528,264601,103,1,1,128,1,1,16,0.000,0.000,,,,,NVIDIA A100-SXM4-40GB MIG 4g.20gb (0),1,,13,cupy_copy__complex64_complex64
4247614043,12704,264611,1434,1,1,128,1,1,16,0.000,0.000,,,,,NVIDIA A100-SXM4-40GB MIG 4g.20gb (0),1,,13,cupy_copy__complex64_complex64
4247632859,2912,264618,103,1,1,128,1,1,16,0.000,0.000,,,,,NVIDIA A100-SXM4-40GB MIG 4g.20gb (0),1,,13,cupy_copy__complex64_complex64
4247654363,83935,264625,1,1,1,32,32,1,30,0.000,0.000,,,,,NVIDIA A100-SXM4-40GB MIG 4g.20gb (0),1,,13,"void convert_kernel<__half2, float2>(tensor_layout_any, T1 *, tensor_layout_any, const T2 *)"
4247775161,23616,264628,,,,,,,,,,0.094,3967.463,Pinned,Device,NVIDIA A100-SXM4-40GB MIG 4g.20gb (0),1,,13,[CUDA memcpy Host-to-Device]
4247813977,47871,264629,,,,,,,,,,35.810,748033.419,Device,,NVIDIA A100-SXM4-40GB MIG 4g.20gb (0),1,,13,[CUDA memset]
4247870136,8832,264631,,,,,,,,,,0.000,9.058,Pinned,Device,NVIDIA A100-SXM4-40GB MIG 4g.20gb (0),1,,13,[CUDA memcpy Host-to-Device]
4247885944,18272,264632,,,,,,,,,,0.197,10759.963,Pinned,Device,NVIDIA A100-SXM4-40GB MIG 4g.20gb (0),1,,13,[CUDA memcpy Host-to-Device]
4247919127,9888,264633,273,1,1,48,1,1,40,0.000,0.001,,,,,NVIDIA A100-SXM4-40GB MIG 4g.20gb (0),1,,13,"void pusch_noise_intf_est::noiseIntfEstNoDftSOfdmKernel<float, __half, float, float, (unsigned int)2, (unsigned int)1, (unsigned char)4, (unsigned char)4>(pusch_noise_intf_est::puschRxNoiseIntfEstDynDescr)"
4247945143,2592,264644,35,1,1,128,1,1,16,0.000,0.000,,,,,NVIDIA A100-SXM4-40GB MIG 4g.20gb (0),1,,13,cupy_copy__complex64_complex64
4247957815,1696,264653,1,1,1,1,1,1,18,0.000,0.000,,,,,NVIDIA A100-SXM4-40GB MIG 4g.20gb (0),1,,13,cupy_copy__float32_float32
4247964343,5248,264659,,,,,,,,,,0.000,0.762,Device,Pageable,NVIDIA A100-SXM4-40GB MIG 4g.20gb (0),1,,7,[CUDA memcpy Device-to-Host]
4248042742,12928,264670,1434,1,1,128,1,1,16,0.000,0.000,,,,,NVIDIA A100-SXM4-40GB MIG 4g.20gb (0),1,,13,cupy_copy__complex64_complex64
4248074037,3488,264677,103,1,1,128,1,1,16,0.000,0.000,,,,,NVIDIA A100-SXM4-40GB MIG 4g.20gb (0),1,,13,cupy_copy__complex64_complex64
4248091477,2528,264684,35,1,1,128,1,1,16,0.000,0.000,,,,,NVIDIA A100-SXM4-40GB MIG 4g.20gb (0),1,,13,cupy_copy__complex64_complex64
4248108085,1856,264691,1,1,1,1,1,1,18,0.000,0.000,,,,,NVIDIA A100-SXM4-40GB MIG 4g.20gb (0),1,,13,cupy_copy__float32_float32
4248235955,82143,264702,1,1,1,32,32,1,30,0.000,0.000,,,,,NVIDIA A100-SXM4-40GB MIG 4g.20gb (0),1,,13,"void convert_kernel<__half2, float2>(tensor_layout_any, T1 *, tensor_layout_any, const T2 *)"
4248344786,6016,264705,,,,,,,,,,0.094,15574.430,Pinned,Device,NVIDIA A100-SXM4-40GB MIG 4g.20gb (0),1,,13,[CUDA memcpy Host-to-Device]
4248359026,3296,264706,,,,,,,,,,1.547,469242.628,Device,,NVIDIA A100-SXM4-40GB MIG 4g.20gb (0),1,,13,[CUDA memset]
4248365778,3424,264711,,,,,,,,,,0.031,9140.185,Pinned,Device,NVIDIA A100-SXM4-40GB MIG 4g.20gb (0),1,,13,[CUDA memcpy Host-to-Device]
4248371762,9760,264712,,,,,,,,,,0.197,20144.259,Pinned,Device,NVIDIA A100-SXM4-40GB MIG 4g.20gb (0),1,,13,[CUDA memcpy Host-to-Device]
4248387122,7327,264713,273,1,1,8,4,1,39,0.002,0.000,,,,,NVIDIA A100-SXM4-40GB MIG 4g.20gb (0),1,,13,"void channel_eq::eqMmseCoefCompLowMimoKernel<float, float, float, (unsigned int)4, (unsigned int)1, (unsigned int)4>(const channel_eq::_puschRxChEqStatDescr *, channel_eq::_puschRxChEqCoefCompDynDescr)"
4248396081,6368,264714,273,1,1,12,11,1,51,0.002,0.000,,,,,NVIDIA A100-SXM4-40GB MIG 4g.20gb (0),1,,13,"void channel_eq::eqMmseSoftDemapKernel<float, __half, __half, float, (unsigned int)4, (unsigned short)16383>(channel_eq::_puschRxChEqStatDescr *, channel_eq::_puschRxChEqSoftDemapDynDescr)"
4248405105,294941,264715,1,1,1,32,32,1,30,0.000,0.000,,,,,NVIDIA A100-SXM4-40GB MIG 4g.20gb (0),1,,13,"void convert_kernel<float2, __half2>(tensor_layout_any, T1 *, tensor_layout_any, const T2 *)"
4248701070,10912,264727,2253,1,1,128,1,1,16,0.000,0.000,,,,,NVIDIA A100-SXM4-40GB MIG 4g.20gb (0),1,,13,cupy_copy__float16_float16
4248713198,3072,264736,282,1,1,128,1,1,16,0.000,0.000,,,,,NVIDIA A100-SXM4-40GB MIG 4g.20gb (0),1,,13,cupy_copy__complex64_complex64
4248717838,2239,264745,26,1,1,128,1,1,16,0.000,0.000,,,,,NVIDIA A100-SXM4-40GB MIG 4g.20gb (0),1,,13,cupy_copy__float32_float32
4248723245,4576,264754,103,1,1,128,1,1,16,0.000,0.000,,,,,NVIDIA A100-SXM4-40GB MIG 4g.20gb (0),1,,13,cupy_copy__complex64_complex64
4248730253,11936,264764,1434,1,1,128,1,1,16,0.000,0.000,,,,,NVIDIA A100-SXM4-40GB MIG 4g.20gb (0),1,,13,cupy_copy__complex64_complex64
4248743501,81983,264769,1,1,1,32,32,1,30,0.000,0.000,,,,,NVIDIA A100-SXM4-40GB MIG 4g.20gb (0),1,,13,"void convert_kernel<__half2, float2>(tensor_layout_any, T1 *, tensor_layout_any, const T2 *)"
4248852492,5920,264772,,,,,,,,,,0.094,15826.941,Pinned,Device,NVIDIA A100-SXM4-40GB MIG 4g.20gb (0),1,,13,[CUDA memcpy Host-to-Device]
4248865740,600632,264773,,,,,,,,,,456.561,759718.236,Device,,NVIDIA A100-SXM4-40GB MIG 4g.20gb (0),1,,13,[CUDA memset]
4249473700,70623,264778,,,,,,,,,,1.235,17485.572,Pinned,Device,NVIDIA A100-SXM4-40GB MIG 4g.20gb (0),1,,13,[CUDA memcpy Host-to-Device]
4249550147,16640,264779,,,,,,,,,,0.197,11815.354,Pinned,Device,NVIDIA A100-SXM4-40GB MIG 4g.20gb (0),1,,13,[CUDA memcpy Host-to-Device]
4249582179,8224,264780,69,4,1,48,1,1,76,0.002,0.000,,,,,NVIDIA A100-SXM4-40GB MIG 4g.20gb (0),1,,13,"void ch_est::windowedChEstPreNoDftSOfdmKernel<float, __half, float, (unsigned int)2, (unsigned int)1, (unsigned short)4>(ch_est::puschRxChEstStatDescr_t *, ch_est::puschRxChEstDynDescr_t *)"
4249598115,6048,264781,137,2,1,24,2,1,44,0.001,0.001,,,,,NVIDIA A100-SXM4-40GB MIG 4g.20gb (0),1,,13,"void ch_est::chEstFilterNoDftSOfdmDispatchKernel<float, __half, float, (unsigned int)2>(ch_est::puschRxChEstStatDescr_t *, ch_est::puschRxChEstDynDescr_t *)"
4249605859,4960,264782,137,2,1,24,2,1,44,0.001,0.001,,,,,NVIDIA A100-SXM4-40GB MIG 4g.20gb (0),1,,13,"void ch_est::chEstFilterNoDftSOfdmDispatchKernel<float, __half, float, (unsigned int)2>(ch_est::puschRxChEstStatDescr_t *, ch_est::puschRxChEstDynDescr_t *)"
4249613858,2752,264793,103,1,1,128,1,1,16,0.000,0.000,,,,,NVIDIA A100-SXM4-40GB MIG 4g.20gb (0),1,,13,cupy_copy__complex64_complex64
4249623554,12704,264803,1434,1,1,128,1,1,16,0.000,0.000,,,,,NVIDIA A100-SXM4-40GB MIG 4g.20gb (0),1,,13,cupy_copy__complex64_complex64
4249639842,3136,264810,103,1,1,128,1,1,16,0.000,0.000,,,,,NVIDIA A100-SXM4-40GB MIG 4g.20gb (0),1,,13,cupy_copy__complex64_complex64
4249648546,88735,264817,1,1,1,32,32,1,30,0.000,0.000,,,,,NVIDIA A100-SXM4-40GB MIG 4g.20gb (0),1,,13,"void convert_kernel<__half2, float2>(tensor_layout_any, T1 *, tensor_layout_any, const T2 *)"
4249764513,16191,264820,,,,,,,,,,0.094,5786.852,Pinned,Device,NVIDIA A100-SXM4-40GB MIG 4g.20gb (0),1,,13,[CUDA memcpy Host-to-Device]
4249796704,47392,264821,,,,,,,,,,35.810,755589.312,Device,,NVIDIA A100-SXM4-40GB MIG 4g.20gb (0),1,,13,[CUDA memset]
4249845184,10495,264823,,,,,,,,,,0.000,7.623,Pinned,Device,NVIDIA A100-SXM4-40GB MIG 4g.20gb (0),1,,13,[CUDA memcpy Host-to-Device]
4249860223,20800,264824,,,,,,,,,,0.197,9452.126,Pinned,Device,NVIDIA A100-SXM4-40GB MIG 4g.20gb (0),1,,13,[CUDA memcpy Host-to-Device]
4249899167,9408,264825,273,1,1,48,1,1,40,0.000,0.001,,,,,NVIDIA A100-SXM4-40GB MIG 4g.20gb (0),1,,13,"void pusch_noise_intf_est::noiseIntfEstNoDftSOfdmKernel<float, __half, float, float, (unsigned int)2, (unsigned int)1, (unsigned char)4, (unsigned char)4>(pusch_noise_intf_est::puschRxNoiseIntfEstDynDescr)"
4249921215,2784,264836,35,1,1,128,1,1,16,0.000,0.000,,,,,NVIDIA A100-SXM4-40GB MIG 4g.20gb (0),1,,13,cupy_copy__complex64_complex64
4249931743,1728,264845,1,1,1,1,1,1,18,0.000,0.000,,,,,NVIDIA A100-SXM4-40GB MIG 4g.20gb (0),1,,13,cupy_copy__float32_float32
4249937246,4480,264851,,,,,,,,,,0.000,0.893,Device,Pageable,NVIDIA A100-SXM4-40GB MIG 4g.20gb (0),1,,7,[CUDA memcpy Device-to-Host]
4250014718,12735,264862,1434,1,1,128,1,1,16,0.000,0.000,,,,,NVIDIA A100-SXM4-40GB MIG 4g.20gb (0),1,,13,cupy_copy__complex64_complex64
4250043581,2976,264869,103,1,1,128,1,1,16,0.000,0.000,,,,,NVIDIA A100-SXM4-40GB MIG 4g.20gb (0),1,,13,cupy_copy__complex64_complex64
4250059773,2752,264876,35,1,1,128,1,1,16,0.000,0.000,,,,,NVIDIA A100-SXM4-40GB MIG 4g.20gb (0),1,,13,cupy_copy__complex64_complex64
4250084221,1760,264883,1,1,1,1,1,1,18,0.000,0.000,,,,,NVIDIA A100-SXM4-40GB MIG 4g.20gb (0),1,,13,cupy_copy__float32_float32
4250223611,94143,264894,1,1,1,32,32,1,30,0.000,0.000,,,,,NVIDIA A100-SXM4-40GB MIG 4g.20gb (0),1,,13,"void convert_kernel<__half2, float2>(tensor_layout_any, T1 *, tensor_layout_any, const T2 *)"
4250348249,10432,264897,,,,,,,,,,0.094,8981.511,Pinned,Device,NVIDIA A100-SXM4-40GB MIG 4g.20gb (0),1,,13,[CUDA memcpy Host-to-Device]
4250366489,3552,264898,,,,,,,,,,1.547,435422.601,Device,,NVIDIA A100-SXM4-40GB MIG 4g.20gb (0),1,,13,[CUDA memset]
4250376537,4288,264903,,,,,,,,,,0.031,7298.478,Pinned,Device,NVIDIA A100-SXM4-40GB MIG 4g.20gb (0),1,,13,[CUDA memcpy Host-to-Device]
4250383577,11168,264904,,,,,,,,,,0.197,17604.477,Pinned,Device,NVIDIA A100-SXM4-40GB MIG 4g.20gb (0),1,,13,[CUDA memcpy Host-to-Device]
4250402649,6048,264905,273,1,1,8,4,1,39,0.002,0.000,,,,,NVIDIA A100-SXM4-40GB MIG 4g.20gb (0),1,,13,"void channel_eq::eqMmseCoefCompLowMimoKernel<float, float, float, (unsigned int)4, (unsigned int)1, (unsigned int)4>(const channel_eq::_puschRxChEqStatDescr *, channel_eq::_puschRxChEqCoefCompDynDescr)"
4250411545,6560,264906,273,1,1,12,11,1,51,0.002,0.000,,,,,NVIDIA A100-SXM4-40GB MIG 4g.20gb (0),1,,13,"void channel_eq::eqMmseSoftDemapKernel<float, __half, __half, float, (unsigned int)4, (unsigned short)16383>(channel_eq::_puschRxChEqStatDescr *, channel_eq::_puschRxChEqSoftDemapDynDescr)"
4250421177,289820,264907,1,1,1,32,32,1,30,0.000,0.000,,,,,NVIDIA A100-SXM4-40GB MIG 4g.20gb (0),1,,13,"void convert_kernel<float2, __half2>(tensor_layout_any, T1 *, tensor_layout_any, const T2 *)"
4250712117,10976,264919,2253,1,1,128,1,1,16,0.000,0.000,,,,,NVIDIA A100-SXM4-40GB MIG 4g.20gb (0),1,,13,cupy_copy__float16_float16
4250726773,3456,264928,282,1,1,128,1,1,16,0.000,0.000,,,,,NVIDIA A100-SXM4-40GB MIG 4g.20gb (0),1,,13,cupy_copy__complex64_complex64
4250733589,2272,264937,26,1,1,128,1,1,16,0.000,0.000,,,,,NVIDIA A100-SXM4-40GB MIG 4g.20gb (0),1,,13,cupy_copy__float32_float32
4250736885,2880,264946,103,1,1,128,1,1,16,0.000,0.000,,,,,NVIDIA A100-SXM4-40GB MIG 4g.20gb (0),1,,13,cupy_copy__complex64_complex64
4250743125,11967,264956,1434,1,1,128,1,1,16,0.000,0.000,,,,,NVIDIA A100-SXM4-40GB MIG 4g.20gb (0),1,,13,cupy_copy__complex64_complex64
4250758100,84799,264961,1,1,1,32,32,1,30,0.000,0.000,,,,,NVIDIA A100-SXM4-40GB MIG 4g.20gb (0),1,,13,"void convert_kernel<__half2, float2>(tensor_layout_any, T1 *, tensor_layout_any, const T2 *)"
4250875155,6112,264964,,,,,,,,,,0.094,15329.790,Pinned,Device,NVIDIA A100-SXM4-40GB MIG 4g.20gb (0),1,,13,[CUDA memcpy Host-to-Device]
4250885107,599160,264965,,,,,,,,,,456.561,762001.043,Device,,NVIDIA A100-SXM4-40GB MIG 4g.20gb (0),1,,13,[CUDA memset]
4251489963,161918,264970,,,,,,,,,,1.235,7625.779,Pinned,Device,NVIDIA A100-SXM4-40GB MIG 4g.20gb (0),1,,13,[CUDA memcpy Host-to-Device]
4251671177,44928,264971,,,,,,,,,,0.197,4375.904,Pinned,Device,NVIDIA A100-SXM4-40GB MIG 4g.20gb (0),1,,13,[CUDA memcpy Host-to-Device]
4251737096,8224,264972,69,4,1,48,1,1,76,0.002,0.000,,,,,NVIDIA A100-SXM4-40GB MIG 4g.20gb (0),1,,13,"void ch_est::windowedChEstPreNoDftSOfdmKernel<float, __half, float, (unsigned int)2, (unsigned int)1, (unsigned short)4>(ch_est::puschRxChEstStatDescr_t *, ch_est::puschRxChEstDynDescr_t *)"
4251752104,6624,264973,137,2,1,24,2,1,44,0.001,0.001,,,,,NVIDIA A100-SXM4-40GB MIG 4g.20gb (0),1,,13,"void ch_est::chEstFilterNoDftSOfdmDispatchKernel<float, __half, float, (unsigned int)2>(ch_est::puschRxChEstStatDescr_t *, ch_est::puschRxChEstDynDescr_t *)"
4251767496,5344,264974,137,2,1,24,2,1,44,0.001,0.001,,,,,NVIDIA A100-SXM4-40GB MIG 4g.20gb (0),1,,13,"void ch_est::chEstFilterNoDftSOfdmDispatchKernel<float, __half, float, (unsigned int)2>(ch_est::puschRxChEstStatDescr_t *, ch_est::puschRxChEstDynDescr_t *)"
4251777480,2720,264985,103,1,1,128,1,1,16,0.000,0.000,,,,,NVIDIA A100-SXM4-40GB MIG 4g.20gb (0),1,,13,cupy_copy__complex64_complex64
4251787080,12512,264995,1434,1,1,128,1,1,16,0.000,0.000,,,,,NVIDIA A100-SXM4-40GB MIG 4g.20gb (0),1,,13,cupy_copy__complex64_complex64
4251800904,2431,265002,103,1,1,128,1,1,16,0.000,0.000,,,,,NVIDIA A100-SXM4-40GB MIG 4g.20gb (0),1,,13,cupy_copy__complex64_complex64
4251809927,82463,265009,1,1,1,32,32,1,30,0.000,0.000,,,,,NVIDIA A100-SXM4-40GB MIG 4g.20gb (0),1,,13,"void convert_kernel<__half2, float2>(tensor_layout_any, T1 *, tensor_layout_any, const T2 *)"
4251919494,5408,265012,,,,,,,,,,0.094,17325.421,Pinned,Device,NVIDIA A100-SXM4-40GB MIG 4g.20gb (0),1,,13,[CUDA memcpy Host-to-Device]
4251932262,46879,265013,,,,,,,,,,35.810,763861.404,Device,,NVIDIA A100-SXM4-40GB MIG 4g.20gb (0),1,,13,[CUDA memset]
4251984709,3552,265015,,,,,,,,,,0.000,22.522,Pinned,Device,NVIDIA A100-SXM4-40GB MIG 4g.20gb (0),1,,13,[CUDA memcpy Host-to-Device]
4251992293,12512,265016,,,,,,,,,,0.197,15713.501,Pinned,Device,NVIDIA A100-SXM4-40GB MIG 4g.20gb (0),1,,13,[CUDA memcpy Host-to-Device]
4252013189,9568,265017,273,1,1,48,1,1,40,0.000,0.001,,,,,NVIDIA A100-SXM4-40GB MIG 4g.20gb (0),1,,13,"void pusch_noise_intf_est::noiseIntfEstNoDftSOfdmKernel<float, __half, float, float, (unsigned int)2, (unsigned int)1, (unsigned char)4, (unsigned char)4>(pusch_noise_intf_est::puschRxNoiseIntfEstDynDescr)"
4252030981,2816,265028,35,1,1,128,1,1,16,0.000,0.000,,,,,NVIDIA A100-SXM4-40GB MIG 4g.20gb (0),1,,13,cupy_copy__complex64_complex64
4252046181,1855,265037,1,1,1,1,1,1,18,0.000,0.000,,,,,NVIDIA A100-SXM4-40GB MIG 4g.20gb (0),1,,13,cupy_copy__float32_float32
4252076804,2048,265043,,,,,,,,,,0.000,1.953,Device,Pageable,NVIDIA A100-SXM4-40GB MIG 4g.20gb (0),1,,7,[CUDA memcpy Device-to-Host]
4252137603,12768,265054,1434,1,1,128,1,1,16,0.000,0.000,,,,,NVIDIA A100-SXM4-40GB MIG 4g.20gb (0),1,,13,cupy_copy__complex64_complex64
4252164195,2720,265061,103,1,1,128,1,1,16,0.000,0.000,,,,,NVIDIA A100-SXM4-40GB MIG 4g.20gb (0),1,,13,cupy_copy__complex64_complex64
4252185443,2720,265068,35,1,1,128,1,1,16,0.000,0.000,,,,,NVIDIA A100-SXM4-40GB MIG 4g.20gb (0),1,,13,cupy_copy__complex64_complex64
4252203459,1792,265075,1,1,1,1,1,1,18,0.000,0.000,,,,,NVIDIA A100-SXM4-40GB MIG 4g.20gb (0),1,,13,cupy_copy__float32_float32
4252334849,81695,265086,1,1,1,32,32,1,30,0.000,0.000,,,,,NVIDIA A100-SXM4-40GB MIG 4g.20gb (0),1,,13,"void convert_kernel<__half2, float2>(tensor_layout_any, T1 *, tensor_layout_any, const T2 *)"
4252444192,6368,265089,,,,,,,,,,0.094,14713.551,Pinned,Device,NVIDIA A100-SXM4-40GB MIG 4g.20gb (0),1,,13,[CUDA memcpy Host-to-Device]
4252459263,3392,265090,,,,,,,,,,1.547,455961.768,Device,,NVIDIA A100-SXM4-40GB MIG 4g.20gb (0),1,,13,[CUDA memset]
4252464671,3488,265095,,,,,,,,,,0.031,8972.469,Pinned,Device,NVIDIA A100-SXM4-40GB MIG 4g.20gb (0),1,,13,[CUDA memcpy Host-to-Device]
4252471007,9504,265096,,,,,,,,,,0.197,20686.701,Pinned,Device,NVIDIA A100-SXM4-40GB MIG 4g.20gb (0),1,,13,[CUDA memcpy Host-to-Device]
4252485439,6432,265097,273,1,1,8,4,1,39,0.002,0.000,,,,,NVIDIA A100-SXM4-40GB MIG 4g.20gb (0),1,,13,"void channel_eq::eqMmseCoefCompLowMimoKernel<float, float, float, (unsigned int)4, (unsigned int)1, (unsigned int)4>(const channel_eq::_puschRxChEqStatDescr *, channel_eq::_puschRxChEqCoefCompDynDescr)"
4252492959,6432,265098,273,1,1,12,11,1,51,0.002,0.000,,,,,NVIDIA A100-SXM4-40GB MIG 4g.20gb (0),1,,13,"void channel_eq::eqMmseSoftDemapKernel<float, __half, __half, float, (unsigned int)4, (unsigned short)16383>(channel_eq::_puschRxChEqStatDescr *, channel_eq::_puschRxChEqSoftDemapDynDescr)"
4252500383,283484,265099,1,1,1,32,32,1,30,0.000,0.000,,,,,NVIDIA A100-SXM4-40GB MIG 4g.20gb (0),1,,13,"void convert_kernel<float2, __half2>(tensor_layout_any, T1 *, tensor_layout_any, const T2 *)"
4252786555,11072,265111,2253,1,1,128,1,1,16,0.000,0.000,,,,,NVIDIA A100-SXM4-40GB MIG 4g.20gb (0),1,,13,cupy_copy__float16_float16
4252800123,3136,265120,282,1,1,128,1,1,16,0.000,0.000,,,,,NVIDIA A100-SXM4-40GB MIG 4g.20gb (0),1,,13,cupy_copy__complex64_complex64
4252805851,2400,265129,26,1,1,128,1,1,16,0.000,0.000,,,,,NVIDIA A100-SXM4-40GB MIG 4g.20gb (0),1,,13,cupy_copy__float32_float32
4252810683,2976,265138,103,1,1,128,1,1,16,0.000,0.000,,,,,NVIDIA A100-SXM4-40GB MIG 4g.20gb (0),1,,13,cupy_copy__complex64_complex64
4252814651,12192,265148,1434,1,1,128,1,1,16,0.000,0.000,,,,,NVIDIA A100-SXM4-40GB MIG 4g.20gb (0),1,,13,cupy_copy__complex64_complex64
4252836347,90687,265153,1,1,1,32,32,1,30,0.000,0.000,,,,,NVIDIA A100-SXM4-40GB MIG 4g.20gb (0),1,,13,"void convert_kernel<__half2, float2>(tensor_layout_any, T1 *, tensor_layout_any, const T2 *)"
4252953977,5792,265156,,,,,,,,,,0.094,16176.708,Pinned,Device,NVIDIA A100-SXM4-40GB MIG 4g.20gb (0),1,,13,[CUDA memcpy Host-to-Device]
4252963737,597369,265157,,,,,,,,,,456.561,764283.851,Device,,NVIDIA A100-SXM4-40GB MIG 4g.20gb (0),1,,13,[CUDA memset]
4253563602,146046,265162,,,,,,,,,,1.235,8455.662,Pinned,Device,NVIDIA A100-SXM4-40GB MIG 4g.20gb (0),1,,13,[CUDA memcpy Host-to-Device]
4253721744,41503,265163,,,,,,,,,,0.197,4737.073,Pinned,Device,NVIDIA A100-SXM4-40GB MIG 4g.20gb (0),1,,13,[CUDA memcpy Host-to-Device]
4253781135,8160,265164,69,4,1,48,1,1,76,0.002,0.000,,,,,NVIDIA A100-SXM4-40GB MIG 4g.20gb (0),1,,13,"void ch_est::windowedChEstPreNoDftSOfdmKernel<float, __half, float, (unsigned int)2, (unsigned int)1, (unsigned short)4>(ch_est::puschRxChEstStatDescr_t *, ch_est::puschRxChEstDynDescr_t *)"
4253800175,6912,265165,137,2,1,24,2,1,44,0.001,0.001,,,,,NVIDIA A100-SXM4-40GB MIG 4g.20gb (0),1,,13,"void ch_est::chEstFilterNoDftSOfdmDispatchKernel<float, __half, float, (unsigned int)2>(ch_est::puschRxChEstStatDescr_t *, ch_est::puschRxChEstDynDescr_t *)"
4253816847,4736,265166,137,2,1,24,2,1,44,0.001,0.001,,,,,NVIDIA A100-SXM4-40GB MIG 4g.20gb (0),1,,13,"void ch_est::chEstFilterNoDftSOfdmDispatchKernel<float, __half, float, (unsigned int)2>(ch_est::puschRxChEstStatDescr_t *, ch_est::puschRxChEstDynDescr_t *)"
4253836782,2592,265177,103,1,1,128,1,1,16,0.000,0.000,,,,,NVIDIA A100-SXM4-40GB MIG 4g.20gb (0),1,,13,cupy_copy__complex64_complex64
4253853102,12256,265187,1434,1,1,128,1,1,16,0.000,0.000,,,,,NVIDIA A100-SXM4-40GB MIG 4g.20gb (0),1,,13,cupy_copy__complex64_complex64
4253872494,2560,265194,103,1,1,128,1,1,16,0.000,0.000,,,,,NVIDIA A100-SXM4-40GB MIG 4g.20gb (0),1,,13,cupy_copy__complex64_complex64
4253896718,94655,265201,1,1,1,32,32,1,30,0.000,0.000,,,,,NVIDIA A100-SXM4-40GB MIG 4g.20gb (0),1,,13,"void convert_kernel<__half2, float2>(tensor_layout_any, T1 *, tensor_layout_any, const T2 *)"
4254024876,23776,265204,,,,,,,,,,0.094,3940.760,Pinned,Device,NVIDIA A100-SXM4-40GB MIG 4g.20gb (0),1,,13,[CUDA memcpy Host-to-Device]
4254065292,46431,265205,,,,,,,,,,35.810,771238.247,Device,,NVIDIA A100-SXM4-40GB MIG 4g.20gb (0),1,,13,[CUDA memset]
4254117483,8672,265207,,,,,,,,,,0.000,9.225,Pinned,Device,NVIDIA A100-SXM4-40GB MIG 4g.20gb (0),1,,13,[CUDA memcpy Host-to-Device]
4254133995,12704,265208,,,,,,,,,,0.197,15475.999,Pinned,Device,NVIDIA A100-SXM4-40GB MIG 4g.20gb (0),1,,13,[CUDA memcpy Host-to-Device]
4254157866,10240,265209,273,1,1,48,1,1,40,0.000,0.001,,,,,NVIDIA A100-SXM4-40GB MIG 4g.20gb (0),1,,13,"void pusch_noise_intf_est::noiseIntfEstNoDftSOfdmKernel<float, __half, float, float, (unsigned int)2, (unsigned int)1, (unsigned char)4, (unsigned char)4>(pusch_noise_intf_est::puschRxNoiseIntfEstDynDescr)"
4254170282,3488,265220,35,1,1,128,1,1,16,0.000,0.000,,,,,NVIDIA A100-SXM4-40GB MIG 4g.20gb (0),1,,13,cupy_copy__complex64_complex64
4254176650,1952,265229,1,1,1,1,1,1,18,0.000,0.000,,,,,NVIDIA A100-SXM4-40GB MIG 4g.20gb (0),1,,13,cupy_copy__float32_float32
4254185066,2592,265235,,,,,,,,,,0.000,1.543,Device,Pageable,NVIDIA A100-SXM4-40GB MIG 4g.20gb (0),1,,7,[CUDA memcpy Device-to-Host]
4254249225,13088,265246,1434,1,1,128,1,1,16,0.000,0.000,,,,,NVIDIA A100-SXM4-40GB MIG 4g.20gb (0),1,,13,cupy_copy__complex64_complex64
4254274921,3424,265253,103,1,1,128,1,1,16,0.000,0.000,,,,,NVIDIA A100-SXM4-40GB MIG 4g.20gb (0),1,,13,cupy_copy__complex64_complex64
4254296777,2944,265260,35,1,1,128,1,1,16,0.000,0.000,,,,,NVIDIA A100-SXM4-40GB MIG 4g.20gb (0),1,,13,cupy_copy__complex64_complex64
4254314825,1824,265267,1,1,1,1,1,1,18,0.000,0.000,,,,,NVIDIA A100-SXM4-40GB MIG 4g.20gb (0),1,,13,cupy_copy__float32_float32
4254446919,87263,265278,1,1,1,32,32,1,30,0.000,0.000,,,,,NVIDIA A100-SXM4-40GB MIG 4g.20gb (0),1,,13,"void convert_kernel<__half2, float2>(tensor_layout_any, T1 *, tensor_layout_any, const T2 *)"
4254561446,5695,265281,,,,,,,,,,0.094,16452.268,Pinned,Device,NVIDIA A100-SXM4-40GB MIG 4g.20gb (0),1,,13,[CUDA memcpy Host-to-Device]
4254575109,3296,265282,,,,,,,,,,1.547,469242.628,Device,,NVIDIA A100-SXM4-40GB MIG 4g.20gb (0),1,,13,[CUDA memset]
4254581797,3264,265287,,,,,,,,,,0.031,9588.218,Pinned,Device,NVIDIA A100-SXM4-40GB MIG 4g.20gb (0),1,,13,[CUDA memcpy Host-to-Device]
4254587461,9952,265288,,,,,,,,,,0.197,19755.565,Pinned,Device,NVIDIA A100-SXM4-40GB MIG 4g.20gb (0),1,,13,[CUDA memcpy Host-to-Device]
4254602245,6304,265289,273,1,1,8,4,1,39,0.002,0.000,,,,,NVIDIA A100-SXM4-40GB MIG 4g.20gb (0),1,,13,"void channel_eq::eqMmseCoefCompLowMimoKernel<float, float, float, (unsigned int)4, (unsigned int)1, (unsigned int)4>(const channel_eq::_puschRxChEqStatDescr *, channel_eq::_puschRxChEqCoefCompDynDescr)"
4254610693,6048,265290,273,1,1,12,11,1,51,0.002,0.000,,,,,NVIDIA A100-SXM4-40GB MIG 4g.20gb (0),1,,13,"void channel_eq::eqMmseSoftDemapKernel<float, __half, __half, float, (unsigned int)4, (unsigned short)16383>(channel_eq::_puschRxChEqStatDescr *, channel_eq::_puschRxChEqSoftDemapDynDescr)"
4254618181,282268,265291,1,1,1,32,32,1,30,0.000,0.000,,,,,NVIDIA A100-SXM4-40GB MIG 4g.20gb (0),1,,13,"void convert_kernel<float2, __half2>(tensor_layout_any, T1 *, tensor_layout_any, const T2 *)"
4254902305,11168,265303,2253,1,1,128,1,1,16,0.000,0.000,,,,,NVIDIA A100-SXM4-40GB MIG 4g.20gb (0),1,,13,cupy_copy__float16_float16
4254915681,3680,265312,282,1,1,128,1,1,16,0.000,0.000,,,,,NVIDIA A100-SXM4-40GB MIG 4g.20gb (0),1,,13,cupy_copy__complex64_complex64
4254920353,2464,265321,26,1,1,128,1,1,16,0.000,0.000,,,,,NVIDIA A100-SXM4-40GB MIG 4g.20gb (0),1,,13,cupy_copy__float32_float32
4254923969,3616,265330,103,1,1,128,1,1,16,0.000,0.000,,,,,NVIDIA A100-SXM4-40GB MIG 4g.20gb (0),1,,13,cupy_copy__complex64_complex64
4254928641,12480,265340,1434,1,1,128,1,1,16,0.000,0.000,,,,,NVIDIA A100-SXM4-40GB MIG 4g.20gb (0),1,,13,cupy_copy__complex64_complex64
4254962977,82367,265345,1,1,1,32,32,1,30,0.000,0.000,,,,,NVIDIA A100-SXM4-40GB MIG 4g.20gb (0),1,,13,"void convert_kernel<__half2, float2>(tensor_layout_any, T1 *, tensor_layout_any, const T2 *)"
4255073023,6112,265348,,,,,,,,,,0.094,15329.790,Pinned,Device,NVIDIA A100-SXM4-40GB MIG 4g.20gb (0),1,,13,[CUDA memcpy Host-to-Device]
4255084575,600313,265349,,,,,,,,,,456.561,760174.798,Device,,NVIDIA A100-SXM4-40GB MIG 4g.20gb (0),1,,13,[CUDA memset]
4255693784,158686,265354,,,,,,,,,,1.235,7781.382,Pinned,Device,NVIDIA A100-SXM4-40GB MIG 4g.20gb (0),1,,13,[CUDA memcpy Host-to-Device]
4255862357,40576,265355,,,,,,,,,,0.197,4845.404,Pinned,Device,NVIDIA A100-SXM4-40GB MIG 4g.20gb (0),1,,13,[CUDA memcpy Host-to-Device]
4255932021,8096,265356,69,4,1,48,1,1,76,0.002,0.000,,,,,NVIDIA A100-SXM4-40GB MIG 4g.20gb (0),1,,13,"void ch_est::windowedChEstPreNoDftSOfdmKernel<float, __half, float, (unsigned int)2, (unsigned int)1, (unsigned short)4>(ch_est::puschRxChEstStatDescr_t *, ch_est::puschRxChEstDynDescr_t *)"
4255950036,6656,265357,137,2,1,24,2,1,44,0.001,0.001,,,,,NVIDIA A100-SXM4-40GB MIG 4g.20gb (0),1,,13,"void ch_est::chEstFilterNoDftSOfdmDispatchKernel<float, __half, float, (unsigned int)2>(ch_est::puschRxChEstStatDescr_t *, ch_est::puschRxChEstDynDescr_t *)"
4255967348,4736,265358,137,2,1,24,2,1,44,0.001,0.001,,,,,NVIDIA A100-SXM4-40GB MIG 4g.20gb (0),1,,13,"void ch_est::chEstFilterNoDftSOfdmDispatchKernel<float, __half, float, (unsigned int)2>(ch_est::puschRxChEstStatDescr_t *, ch_est::puschRxChEstDynDescr_t *)"
4255983956,2496,265369,103,1,1,128,1,1,16,0.000,0.000,,,,,NVIDIA A100-SXM4-40GB MIG 4g.20gb (0),1,,13,cupy_copy__complex64_complex64
4256003380,12512,265379,1434,1,1,128,1,1,16,0.000,0.000,,,,,NVIDIA A100-SXM4-40GB MIG 4g.20gb (0),1,,13,cupy_copy__complex64_complex64
4256022004,2943,265386,103,1,1,128,1,1,16,0.000,0.000,,,,,NVIDIA A100-SXM4-40GB MIG 4g.20gb (0),1,,13,cupy_copy__complex64_complex64
4256044051,86975,265393,1,1,1,32,32,1,30,0.000,0.000,,,,,NVIDIA A100-SXM4-40GB MIG 4g.20gb (0),1,,13,"void convert_kernel<__half2, float2>(tensor_layout_any, T1 *, tensor_layout_any, const T2 *)"
4256164306,28511,265396,,,,,,,,,,0.094,3286.294,Pinned,Device,NVIDIA A100-SXM4-40GB MIG 4g.20gb (0),1,,13,[CUDA memcpy Host-to-Device]
4256210673,47008,265397,,,,,,,,,,35.810,761748.618,Device,,NVIDIA A100-SXM4-40GB MIG 4g.20gb (0),1,,13,[CUDA memset]
4256262833,15263,265399,,,,,,,,,,0.000,5.241,Pinned,Device,NVIDIA A100-SXM4-40GB MIG 4g.20gb (0),1,,13,[CUDA memcpy Host-to-Device]
4256291920,27712,265400,,,,,,,,,,0.197,7094.600,Pinned,Device,NVIDIA A100-SXM4-40GB MIG 4g.20gb (0),1,,13,[CUDA memcpy Host-to-Device]
4256340016,9631,265401,273,1,1,48,1,1,40,0.000,0.001,,,,,NVIDIA A100-SXM4-40GB MIG 4g.20gb (0),1,,13,"void pusch_noise_intf_est::noiseIntfEstNoDftSOfdmKernel<float, __half, float, float, (unsigned int)2, (unsigned int)1, (unsigned char)4, (unsigned char)4>(pusch_noise_intf_est::puschRxNoiseIntfEstDynDescr)"
4256357071,2752,265412,35,1,1,128,1,1,16,0.000,0.000,,,,,NVIDIA A100-SXM4-40GB MIG 4g.20gb (0),1,,13,cupy_copy__complex64_complex64
4256374095,1728,265421,1,1,1,1,1,1,18,0.000,0.000,,,,,NVIDIA A100-SXM4-40GB MIG 4g.20gb (0),1,,13,cupy_copy__float32_float32
4256376527,9088,265427,,,,,,,,,,0.000,0.440,Device,Pageable,NVIDIA A100-SXM4-40GB MIG 4g.20gb (0),1,,7,[CUDA memcpy Device-to-Host]
4256468910,12960,265438,1434,1,1,128,1,1,16,0.000,0.000,,,,,NVIDIA A100-SXM4-40GB MIG 4g.20gb (0),1,,13,cupy_copy__complex64_complex64
4256494350,2720,265445,103,1,1,128,1,1,16,0.000,0.000,,,,,NVIDIA A100-SXM4-40GB MIG 4g.20gb (0),1,,13,cupy_copy__complex64_complex64
4256513357,2560,265452,35,1,1,128,1,1,16,0.000,0.000,,,,,NVIDIA A100-SXM4-40GB MIG 4g.20gb (0),1,,13,cupy_copy__complex64_complex64
4256534957,1824,265459,1,1,1,1,1,1,18,0.000,0.000,,,,,NVIDIA A100-SXM4-40GB MIG 4g.20gb (0),1,,13,cupy_copy__float32_float32
4256662700,82719,265470,1,1,1,32,32,1,30,0.000,0.000,,,,,NVIDIA A100-SXM4-40GB MIG 4g.20gb (0),1,,13,"void convert_kernel<__half2, float2>(tensor_layout_any, T1 *, tensor_layout_any, const T2 *)"
4256773258,5440,265473,,,,,,,,,,0.094,17223.480,Pinned,Device,NVIDIA A100-SXM4-40GB MIG 4g.20gb (0),1,,13,[CUDA memcpy Host-to-Device]
4256787018,3232,265474,,,,,,,,,,1.547,478533.199,Device,,NVIDIA A100-SXM4-40GB MIG 4g.20gb (0),1,,13,[CUDA memset]
4256793834,3104,265479,,,,,,,,,,0.031,10082.445,Pinned,Device,NVIDIA A100-SXM4-40GB MIG 4g.20gb (0),1,,13,[CUDA memcpy Host-to-Device]
4256799626,9536,265480,,,,,,,,,,0.197,20617.298,Pinned,Device,NVIDIA A100-SXM4-40GB MIG 4g.20gb (0),1,,13,[CUDA memcpy Host-to-Device]
4256813482,5824,265481,273,1,1,8,4,1,39,0.002,0.000,,,,,NVIDIA A100-SXM4-40GB MIG 4g.20gb (0),1,,13,"void channel_eq::eqMmseCoefCompLowMimoKernel<float, float, float, (unsigned int)4, (unsigned int)1, (unsigned int)4>(const channel_eq::_puschRxChEqStatDescr *, channel_eq::_puschRxChEqCoefCompDynDescr)"
4256823466,8160,265482,273,1,1,12,11,1,51,0.002,0.000,,,,,NVIDIA A100-SXM4-40GB MIG 4g.20gb (0),1,,13,"void channel_eq::eqMmseSoftDemapKernel<float, __half, __half, float, (unsigned int)4, (unsigned short)16383>(channel_eq::_puschRxChEqStatDescr *, channel_eq::_puschRxChEqSoftDemapDynDescr)"
4256834186,294748,265483,1,1,1,32,32,1,30,0.000,0.000,,,,,NVIDIA A100-SXM4-40GB MIG 4g.20gb (0),1,,13,"void convert_kernel<float2, __half2>(tensor_layout_any, T1 *, tensor_layout_any, const T2 *)"
4257130630,10976,265495,2253,1,1,128,1,1,16,0.000,0.000,,,,,NVIDIA A100-SXM4-40GB MIG 4g.20gb (0),1,,13,cupy_copy__float16_float16
4257145958,2784,265504,282,1,1,128,1,1,16,0.000,0.000,,,,,NVIDIA A100-SXM4-40GB MIG 4g.20gb (0),1,,13,cupy_copy__complex64_complex64
4257152262,2016,265513,26,1,1,128,1,1,16,0.000,0.000,,,,,NVIDIA A100-SXM4-40GB MIG 4g.20gb (0),1,,13,cupy_copy__float32_float32
4257158022,3231,265522,103,1,1,128,1,1,16,0.000,0.000,,,,,NVIDIA A100-SXM4-40GB MIG 4g.20gb (0),1,,13,cupy_copy__complex64_complex64
4257162341,11968,265532,1434,1,1,128,1,1,16,0.000,0.000,,,,,NVIDIA A100-SXM4-40GB MIG 4g.20gb (0),1,,13,cupy_copy__complex64_complex64
4257175589,83359,265537,1,1,1,32,32,1,30,0.000,0.000,,,,,NVIDIA A100-SXM4-40GB MIG 4g.20gb (0),1,,13,"void convert_kernel<__half2, float2>(tensor_layout_any, T1 *, tensor_layout_any, const T2 *)"
4257297316,6112,265540,,,,,,,,,,0.094,15329.790,Pinned,Device,NVIDIA A100-SXM4-40GB MIG 4g.20gb (0),1,,13,[CUDA memcpy Host-to-Device]
4257307684,597432,265541,,,,,,,,,,456.561,763827.289,Device,,NVIDIA A100-SXM4-40GB MIG 4g.20gb (0),1,,13,[CUDA memset]
4257913724,104063,265546,,,,,,,,,,1.235,11866.577,Pinned,Device,NVIDIA A100-SXM4-40GB MIG 4g.20gb (0),1,,13,[CUDA memcpy Host-to-Device]
4258026011,23296,265547,,,,,,,,,,0.197,8439.398,Pinned,Device,NVIDIA A100-SXM4-40GB MIG 4g.20gb (0),1,,13,[CUDA memcpy Host-to-Device]
4258066202,8160,265548,69,4,1,48,1,1,76,0.002,0.000,,,,,NVIDIA A100-SXM4-40GB MIG 4g.20gb (0),1,,13,"void ch_est::windowedChEstPreNoDftSOfdmKernel<float, __half, float, (unsigned int)2, (unsigned int)1, (unsigned short)4>(ch_est::puschRxChEstStatDescr_t *, ch_est::puschRxChEstDynDescr_t *)"
4258077114,7040,265549,137,2,1,24,2,1,44,0.001,0.001,,,,,NVIDIA A100-SXM4-40GB MIG 4g.20gb (0),1,,13,"void ch_est::chEstFilterNoDftSOfdmDispatchKernel<float, __half, float, (unsigned int)2>(ch_est::puschRxChEstStatDescr_t *, ch_est::puschRxChEstDynDescr_t *)"
4258091738,5248,265550,137,2,1,24,2,1,44,0.001,0.001,,,,,NVIDIA A100-SXM4-40GB MIG 4g.20gb (0),1,,13,"void ch_est::chEstFilterNoDftSOfdmDispatchKernel<float, __half, float, (unsigned int)2>(ch_est::puschRxChEstStatDescr_t *, ch_est::puschRxChEstDynDescr_t *)"
4258099162,2368,265561,103,1,1,128,1,1,16,0.000,0.000,,,,,NVIDIA A100-SXM4-40GB MIG 4g.20gb (0),1,,13,cupy_copy__complex64_complex64
4258106490,12608,265571,1434,1,1,128,1,1,16,0.000,0.000,,,,,NVIDIA A100-SXM4-40GB MIG 4g.20gb (0),1,,13,cupy_copy__complex64_complex64
4258121498,2688,265578,103,1,1,128,1,1,16,0.000,0.000,,,,,NVIDIA A100-SXM4-40GB MIG 4g.20gb (0),1,,13,cupy_copy__complex64_complex64
4258128634,87742,265585,1,1,1,32,32,1,30,0.000,0.000,,,,,NVIDIA A100-SXM4-40GB MIG 4g.20gb (0),1,,13,"void convert_kernel<__half2, float2>(tensor_layout_any, T1 *, tensor_layout_any, const T2 *)"
4258244472,5440,265588,,,,,,,,,,0.094,17223.480,Pinned,Device,NVIDIA A100-SXM4-40GB MIG 4g.20gb (0),1,,13,[CUDA memcpy Host-to-Device]
4258258392,46943,265589,,,,,,,,,,35.810,762822.916,Device,,NVIDIA A100-SXM4-40GB MIG 4g.20gb (0),1,,13,[CUDA memset]
4258311703,5152,265591,,,,,,,,,,0.000,15.528,Pinned,Device,NVIDIA A100-SXM4-40GB MIG 4g.20gb (0),1,,13,[CUDA memcpy Host-to-Device]
4258322263,12576,265592,,,,,,,,,,0.197,15633.482,Pinned,Device,NVIDIA A100-SXM4-40GB MIG 4g.20gb (0),1,,13,[CUDA memcpy Host-to-Device]
4258343159,10784,265593,273,1,1,48,1,1,40,0.000,0.001,,,,,NVIDIA A100-SXM4-40GB MIG 4g.20gb (0),1,,13,"void pusch_noise_intf_est::noiseIntfEstNoDftSOfdmKernel<float, __half, float, float, (unsigned int)2, (unsigned int)1, (unsigned char)4, (unsigned char)4>(pusch_noise_intf_est::puschRxNoiseIntfEstDynDescr)"
4258361079,3072,265604,35,1,1,128,1,1,16,0.000,0.000,,,,,NVIDIA A100-SXM4-40GB MIG 4g.20gb (0),1,,13,cupy_copy__complex64_complex64
4258407702,1824,265613,1,1,1,1,1,1,18,0.000,0.000,,,,,NVIDIA A100-SXM4-40GB MIG 4g.20gb (0),1,,13,cupy_copy__float32_float32
4258455766,1600,265619,,,,,,,,,,0.000,2.500,Device,Pageable,NVIDIA A100-SXM4-40GB MIG 4g.20gb (0),1,,7,[CUDA memcpy Device-to-Host]
4258535701,13343,265630,1434,1,1,128,1,1,16,0.000,0.000,,,,,NVIDIA A100-SXM4-40GB MIG 4g.20gb (0),1,,13,cupy_copy__complex64_complex64
4258573588,3520,265637,103,1,1,128,1,1,16,0.000,0.000,,,,,NVIDIA A100-SXM4-40GB MIG 4g.20gb (0),1,,13,cupy_copy__complex64_complex64
4258604980,2368,265644,35,1,1,128,1,1,16,0.000,0.000,,,,,NVIDIA A100-SXM4-40GB MIG 4g.20gb (0),1,,13,cupy_copy__complex64_complex64
4258632723,1792,265651,1,1,1,1,1,1,18,0.000,0.000,,,,,NVIDIA A100-SXM4-40GB MIG 4g.20gb (0),1,,13,cupy_copy__float32_float32
4258788721,81663,265662,1,1,1,32,32,1,30,0.000,0.000,,,,,NVIDIA A100-SXM4-40GB MIG 4g.20gb (0),1,,13,"void convert_kernel<__half2, float2>(tensor_layout_any, T1 *, tensor_layout_any, const T2 *)"
4258899376,5568,265665,,,,,,,,,,0.094,16827.521,Pinned,Device,NVIDIA A100-SXM4-40GB MIG 4g.20gb (0),1,,13,[CUDA memcpy Host-to-Device]
4258914064,3104,265666,,,,,,,,,,1.547,498266.574,Device,,NVIDIA A100-SXM4-40GB MIG 4g.20gb (0),1,,13,[CUDA memset]
4258921072,3104,265671,,,,,,,,,,0.031,10082.445,Pinned,Device,NVIDIA A100-SXM4-40GB MIG 4g.20gb (0),1,,13,[CUDA memcpy Host-to-Device]
4258926640,9888,265672,,,,,,,,,,0.197,19883.360,Pinned,Device,NVIDIA A100-SXM4-40GB MIG 4g.20gb (0),1,,13,[CUDA memcpy Host-to-Device]
4258941616,8351,265673,273,1,1,8,4,1,39,0.002,0.000,,,,,NVIDIA A100-SXM4-40GB MIG 4g.20gb (0),1,,13,"void channel_eq::eqMmseCoefCompLowMimoKernel<float, float, float, (unsigned int)4, (unsigned int)1, (unsigned int)4>(const channel_eq::_puschRxChEqStatDescr *, channel_eq::_puschRxChEqCoefCompDynDescr)"
4258951151,4992,265674,273,1,1,12,11,1,51,0.002,0.000,,,,,NVIDIA A100-SXM4-40GB MIG 4g.20gb (0),1,,13,"void channel_eq::eqMmseSoftDemapKernel<float, __half, __half, float, (unsigned int)4, (unsigned short)16383>(channel_eq::_puschRxChEqStatDescr *, channel_eq::_puschRxChEqSoftDemapDynDescr)"
4258959055,279869,265675,1,1,1,32,32,1,30,0.000,0.000,,,,,NVIDIA A100-SXM4-40GB MIG 4g.20gb (0),1,,13,"void convert_kernel<float2, __half2>(tensor_layout_any, T1 *, tensor_layout_any, const T2 *)"
4259241356,10944,265687,2253,1,1,128,1,1,16,0.000,0.000,,,,,NVIDIA A100-SXM4-40GB MIG 4g.20gb (0),1,,13,cupy_copy__float16_float16
4259255404,3040,265696,282,1,1,128,1,1,16,0.000,0.000,,,,,NVIDIA A100-SXM4-40GB MIG 4g.20gb (0),1,,13,cupy_copy__complex64_complex64
4259261100,2144,265705,26,1,1,128,1,1,16,0.000,0.000,,,,,NVIDIA A100-SXM4-40GB MIG 4g.20gb (0),1,,13,cupy_copy__float32_float32
4259264460,2784,265714,103,1,1,128,1,1,16,0.000,0.000,,,,,NVIDIA A100-SXM4-40GB MIG 4g.20gb (0),1,,13,cupy_copy__complex64_complex64
4259270315,12288,265724,1434,1,1,128,1,1,16,0.000,0.000,,,,,NVIDIA A100-SXM4-40GB MIG 4g.20gb (0),1,,13,cupy_copy__complex64_complex64
4259289067,82047,265729,1,1,1,32,32,1,30,0.000,0.000,,,,,NVIDIA A100-SXM4-40GB MIG 4g.20gb (0),1,,13,"void convert_kernel<__half2, float2>(tensor_layout_any, T1 *, tensor_layout_any, const T2 *)"
4259397450,5792,265732,,,,,,,,,,0.094,16176.708,Pinned,Device,NVIDIA A100-SXM4-40GB MIG 4g.20gb (0),1,,13,[CUDA memcpy Host-to-Device]
4259407946,599928,265733,,,,,,,,,,456.561,760631.359,Device,,NVIDIA A100-SXM4-40GB MIG 4g.20gb (0),1,,13,[CUDA memset]
4260018626,159486,265738,,,,,,,,,,1.235,7743.099,Pinned,Device,NVIDIA A100-SXM4-40GB MIG 4g.20gb (0),1,,13,[CUDA memcpy Host-to-Device]
4260189856,38528,265739,,,,,,,,,,0.197,5102.961,Pinned,Device,NVIDIA A100-SXM4-40GB MIG 4g.20gb (0),1,,13,[CUDA memcpy Host-to-Device]
4260243903,7840,265740,69,4,1,48,1,1,76,0.002,0.000,,,,,NVIDIA A100-SXM4-40GB MIG 4g.20gb (0),1,,13,"void ch_est::windowedChEstPreNoDftSOfdmKernel<float, __half, float, (unsigned int)2, (unsigned int)1, (unsigned short)4>(ch_est::puschRxChEstStatDescr_t *, ch_est::puschRxChEstDynDescr_t *)"
4260256511,6592,265741,137,2,1,24,2,1,44,0.001,0.001,,,,,NVIDIA A100-SXM4-40GB MIG 4g.20gb (0),1,,13,"void ch_est::chEstFilterNoDftSOfdmDispatchKernel<float, __half, float, (unsigned int)2>(ch_est::puschRxChEstStatDescr_t *, ch_est::puschRxChEstDynDescr_t *)"
4260267775,5248,265742,137,2,1,24,2,1,44,0.001,0.001,,,,,NVIDIA A100-SXM4-40GB MIG 4g.20gb (0),1,,13,"void ch_est::chEstFilterNoDftSOfdmDispatchKernel<float, __half, float, (unsigned int)2>(ch_est::puschRxChEstStatDescr_t *, ch_est::puschRxChEstDynDescr_t *)"
4260281471,2816,265753,103,1,1,128,1,1,16,0.000,0.000,,,,,NVIDIA A100-SXM4-40GB MIG 4g.20gb (0),1,,13,cupy_copy__complex64_complex64
4260290463,13024,265763,1434,1,1,128,1,1,16,0.000,0.000,,,,,NVIDIA A100-SXM4-40GB MIG 4g.20gb (0),1,,13,cupy_copy__complex64_complex64
4260304767,2400,265770,103,1,1,128,1,1,16,0.000,0.000,,,,,NVIDIA A100-SXM4-40GB MIG 4g.20gb (0),1,,13,cupy_copy__complex64_complex64
4260314175,82687,265777,1,1,1,32,32,1,30,0.000,0.000,,,,,NVIDIA A100-SXM4-40GB MIG 4g.20gb (0),1,,13,"void convert_kernel<__half2, float2>(tensor_layout_any, T1 *, tensor_layout_any, const T2 *)"
4260425661,5888,265780,,,,,,,,,,0.094,15912.954,Pinned,Device,NVIDIA A100-SXM4-40GB MIG 4g.20gb (0),1,,13,[CUDA memcpy Host-to-Device]
4260439325,47808,265781,,,,,,,,,,35.810,749036.097,Device,,NVIDIA A100-SXM4-40GB MIG 4g.20gb (0),1,,13,[CUDA memset]
4260492828,3328,265783,,,,,,,,,,0.000,24.038,Pinned,Device,NVIDIA A100-SXM4-40GB MIG 4g.20gb (0),1,,13,[CUDA memcpy Host-to-Device]
4260500764,12384,265784,,,,,,,,,,0.197,15875.899,Pinned,Device,NVIDIA A100-SXM4-40GB MIG 4g.20gb (0),1,,13,[CUDA memcpy Host-to-Device]
4260521884,11136,265785,273,1,1,48,1,1,40,0.000,0.001,,,,,NVIDIA A100-SXM4-40GB MIG 4g.20gb (0),1,,13,"void pusch_noise_intf_est::noiseIntfEstNoDftSOfdmKernel<float, __half, float, float, (unsigned int)2, (unsigned int)1, (unsigned char)4, (unsigned char)4>(pusch_noise_intf_est::puschRxNoiseIntfEstDynDescr)"
4260539356,3104,265796,35,1,1,128,1,1,16,0.000,0.000,,,,,NVIDIA A100-SXM4-40GB MIG 4g.20gb (0),1,,13,cupy_copy__complex64_complex64
4260547260,1888,265805,1,1,1,1,1,1,18,0.000,0.000,,,,,NVIDIA A100-SXM4-40GB MIG 4g.20gb (0),1,,13,cupy_copy__float32_float32
4260577627,1600,265811,,,,,,,,,,0.000,2.500,Device,Pageable,NVIDIA A100-SXM4-40GB MIG 4g.20gb (0),1,,7,[CUDA memcpy Device-to-Host]
4260638011,13023,265822,1434,1,1,128,1,1,16,0.000,0.000,,,,,NVIDIA A100-SXM4-40GB MIG 4g.20gb (0),1,,13,cupy_copy__complex64_complex64
4260665498,2720,265829,103,1,1,128,1,1,16,0.000,0.000,,,,,NVIDIA A100-SXM4-40GB MIG 4g.20gb (0),1,,13,cupy_copy__complex64_complex64
4260686746,2336,265836,35,1,1,128,1,1,16,0.000,0.000,,,,,NVIDIA A100-SXM4-40GB MIG 4g.20gb (0),1,,13,cupy_copy__complex64_complex64
4260705626,1728,265843,1,1,1,1,1,1,18,0.000,0.000,,,,,NVIDIA A100-SXM4-40GB MIG 4g.20gb (0),1,,13,cupy_copy__float32_float32
4260836504,81023,265854,1,1,1,32,32,1,30,0.000,0.000,,,,,NVIDIA A100-SXM4-40GB MIG 4g.20gb (0),1,,13,"void convert_kernel<__half2, float2>(tensor_layout_any, T1 *, tensor_layout_any, const T2 *)"
4260944663,5856,265857,,,,,,,,,,0.094,15999.997,Pinned,Device,NVIDIA A100-SXM4-40GB MIG 4g.20gb (0),1,,13,[CUDA memcpy Host-to-Device]
4260958967,3232,265858,,,,,,,,,,1.547,478533.199,Device,,NVIDIA A100-SXM4-40GB MIG 4g.20gb (0),1,,13,[CUDA memset]
4260965751,3296,265863,,,,,,,,,,0.031,9495.144,Pinned,Device,NVIDIA A100-SXM4-40GB MIG 4g.20gb (0),1,,13,[CUDA memcpy Host-to-Device]
4260971959,9823,265864,,,,,,,,,,0.197,20014.891,Pinned,Device,NVIDIA A100-SXM4-40GB MIG 4g.20gb (0),1,,13,[CUDA memcpy Host-to-Device]
4260986870,6304,265865,273,1,1,8,4,1,39,0.002,0.000,,,,,NVIDIA A100-SXM4-40GB MIG 4g.20gb (0),1,,13,"void channel_eq::eqMmseCoefCompLowMimoKernel<float, float, float, (unsigned int)4, (unsigned int)1, (unsigned int)4>(const channel_eq::_puschRxChEqStatDescr *, channel_eq::_puschRxChEqCoefCompDynDescr)"
4260994326,5664,265866,273,1,1,12,11,1,51,0.002,0.000,,,,,NVIDIA A100-SXM4-40GB MIG 4g.20gb (0),1,,13,"void channel_eq::eqMmseSoftDemapKernel<float, __half, __half, float, (unsigned int)4, (unsigned short)16383>(channel_eq::_puschRxChEqStatDescr *, channel_eq::_puschRxChEqSoftDemapDynDescr)"
4261002230,282397,265867,1,1,1,32,32,1,30,0.000,0.000,,,,,NVIDIA A100-SXM4-40GB MIG 4g.20gb (0),1,,13,"void convert_kernel<float2, __half2>(tensor_layout_any, T1 *, tensor_layout_any, const T2 *)"
4261285587,11040,265879,2253,1,1,128,1,1,16,0.000,0.000,,,,,NVIDIA A100-SXM4-40GB MIG 4g.20gb (0),1,,13,cupy_copy__float16_float16
4261302706,3072,265888,282,1,1,128,1,1,16,0.000,0.000,,,,,NVIDIA A100-SXM4-40GB MIG 4g.20gb (0),1,,13,cupy_copy__complex64_complex64
4261307890,2304,265897,26,1,1,128,1,1,16,0.000,0.000,,,,,NVIDIA A100-SXM4-40GB MIG 4g.20gb (0),1,,13,cupy_copy__float32_float32
4261312594,2944,265906,103,1,1,128,1,1,16,0.000,0.000,,,,,NVIDIA A100-SXM4-40GB MIG 4g.20gb (0),1,,13,cupy_copy__complex64_complex64
4261316658,11968,265916,1434,1,1,128,1,1,16,0.000,0.000,,,,,NVIDIA A100-SXM4-40GB MIG 4g.20gb (0),1,,13,cupy_copy__complex64_complex64
4261335218,82495,265921,1,1,1,32,32,1,30,0.000,0.000,,,,,NVIDIA A100-SXM4-40GB MIG 4g.20gb (0),1,,13,"void convert_kernel<__half2, float2>(tensor_layout_any, T1 *, tensor_layout_any, const T2 *)"
4261444529,5728,265924,,,,,,,,,,0.094,16357.541,Pinned,Device,NVIDIA A100-SXM4-40GB MIG 4g.20gb (0),1,,13,[CUDA memcpy Host-to-Device]
4261456721,596440,265925,,,,,,,,,,456.561,765196.973,Device,,NVIDIA A100-SXM4-40GB MIG 4g.20gb (0),1,,13,[CUDA memset]
4262060553,166622,265930,,,,,,,,,,1.235,7410.899,Pinned,Device,NVIDIA A100-SXM4-40GB MIG 4g.20gb (0),1,,13,[CUDA memcpy Host-to-Device]
4262238951,41247,265931,,,,,,,,,,0.197,4766.564,Pinned,Device,NVIDIA A100-SXM4-40GB MIG 4g.20gb (0),1,,13,[CUDA memcpy Host-to-Device]
4262302150,7776,265932,69,4,1,48,1,1,76,0.002,0.000,,,,,NVIDIA A100-SXM4-40GB MIG 4g.20gb (0),1,,13,"void ch_est::windowedChEstPreNoDftSOfdmKernel<float, __half, float, (unsigned int)2, (unsigned int)1, (unsigned short)4>(ch_est::puschRxChEstStatDescr_t *, ch_est::puschRxChEstDynDescr_t *)"
4262321478,6368,265933,137,2,1,24,2,1,44,0.001,0.001,,,,,NVIDIA A100-SXM4-40GB MIG 4g.20gb (0),1,,13,"void ch_est::chEstFilterNoDftSOfdmDispatchKernel<float, __half, float, (unsigned int)2>(ch_est::puschRxChEstStatDescr_t *, ch_est::puschRxChEstDynDescr_t *)"
4262338086,4768,265934,137,2,1,24,2,1,44,0.001,0.001,,,,,NVIDIA A100-SXM4-40GB MIG 4g.20gb (0),1,,13,"void ch_est::chEstFilterNoDftSOfdmDispatchKernel<float, __half, float, (unsigned int)2>(ch_est::puschRxChEstStatDescr_t *, ch_est::puschRxChEstDynDescr_t *)"
4262357445,2624,265945,103,1,1,128,1,1,16,0.000,0.000,,,,,NVIDIA A100-SXM4-40GB MIG 4g.20gb (0),1,,13,cupy_copy__complex64_complex64
4262373637,12480,265955,1434,1,1,128,1,1,16,0.000,0.000,,,,,NVIDIA A100-SXM4-40GB MIG 4g.20gb (0),1,,13,cupy_copy__complex64_complex64
4262392901,2944,265962,103,1,1,128,1,1,16,0.000,0.000,,,,,NVIDIA A100-SXM4-40GB MIG 4g.20gb (0),1,,13,cupy_copy__complex64_complex64
4262413861,92031,265969,1,1,1,32,32,1,30,0.000,0.000,,,,,NVIDIA A100-SXM4-40GB MIG 4g.20gb (0),1,,13,"void convert_kernel<__half2, float2>(tensor_layout_any, T1 *, tensor_layout_any, const T2 *)"
4262533123,13120,265972,,,,,,,,,,0.094,7141.415,Pinned,Device,NVIDIA A100-SXM4-40GB MIG 4g.20gb (0),1,,13,[CUDA memcpy Host-to-Device]
4262551107,46463,265973,,,,,,,,,,35.810,770701.098,Device,,NVIDIA A100-SXM4-40GB MIG 4g.20gb (0),1,,13,[CUDA memset]
4262602882,7488,265975,,,,,,,,,,0.000,10.684,Pinned,Device,NVIDIA A100-SXM4-40GB MIG 4g.20gb (0),1,,13,[CUDA memcpy Host-to-Device]
4262618466,18880,265976,,,,,,,,,,0.197,10413.539,Pinned,Device,NVIDIA A100-SXM4-40GB MIG 4g.20gb (0),1,,13,[CUDA memcpy Host-to-Device]
4262647490,10080,265977,273,1,1,48,1,1,40,0.000,0.001,,,,,NVIDIA A100-SXM4-40GB MIG 4g.20gb (0),1,,13,"void pusch_noise_intf_est::noiseIntfEstNoDftSOfdmKernel<float, __half, float, float, (unsigned int)2, (unsigned int)1, (unsigned char)4, (unsigned char)4>(pusch_noise_intf_est::puschRxNoiseIntfEstDynDescr)"
4262661090,2816,265988,35,1,1,128,1,1,16,0.000,0.000,,,,,NVIDIA A100-SXM4-40GB MIG 4g.20gb (0),1,,13,cupy_copy__complex64_complex64
4262667298,1952,265997,1,1,1,1,1,1,18,0.000,0.000,,,,,NVIDIA A100-SXM4-40GB MIG 4g.20gb (0),1,,13,cupy_copy__float32_float32
4262684481,1856,266003,,,,,,,,,,0.000,2.155,Device,Pageable,NVIDIA A100-SXM4-40GB MIG 4g.20gb (0),1,,7,[CUDA memcpy Device-to-Host]
4262745697,13312,266014,1434,1,1,128,1,1,16,0.000,0.000,,,,,NVIDIA A100-SXM4-40GB MIG 4g.20gb (0),1,,13,cupy_copy__complex64_complex64
4262772544,2592,266021,103,1,1,128,1,1,16,0.000,0.000,,,,,NVIDIA A100-SXM4-40GB MIG 4g.20gb (0),1,,13,cupy_copy__complex64_complex64
4262792224,2784,266028,35,1,1,128,1,1,16,0.000,0.000,,,,,NVIDIA A100-SXM4-40GB MIG 4g.20gb (0),1,,13,cupy_copy__complex64_complex64
4262810144,1920,266035,1,1,1,1,1,1,18,0.000,0.000,,,,,NVIDIA A100-SXM4-40GB MIG 4g.20gb (0),1,,13,cupy_copy__float32_float32
4262950238,87231,266046,1,1,1,32,32,1,30,0.000,0.000,,,,,NVIDIA A100-SXM4-40GB MIG 4g.20gb (0),1,,13,"void convert_kernel<__half2, float2>(tensor_layout_any, T1 *, tensor_layout_any, const T2 *)"
4263065501,5568,266049,,,,,,,,,,0.094,16827.521,Pinned,Device,NVIDIA A100-SXM4-40GB MIG 4g.20gb (0),1,,13,[CUDA memcpy Host-to-Device]
4263079773,3424,266050,,,,,,,,,,1.547,451700.819,Device,,NVIDIA A100-SXM4-40GB MIG 4g.20gb (0),1,,13,[CUDA memset]
4263086556,3456,266055,,,,,,,,,,0.031,9055.529,Pinned,Device,NVIDIA A100-SXM4-40GB MIG 4g.20gb (0),1,,13,[CUDA memcpy Host-to-Device]
4263092508,9472,266056,,,,,,,,,,0.197,20756.693,Pinned,Device,NVIDIA A100-SXM4-40GB MIG 4g.20gb (0),1,,13,[CUDA memcpy Host-to-Device]
4263107868,8384,266057,273,1,1,8,4,1,39,0.002,0.000,,,,,NVIDIA A100-SXM4-40GB MIG 4g.20gb (0),1,,13,"void channel_eq::eqMmseCoefCompLowMimoKernel<float, float, float, (unsigned int)4, (unsigned int)1, (unsigned int)4>(const channel_eq::_puschRxChEqStatDescr *, channel_eq::_puschRxChEqCoefCompDynDescr)"
4263117436,5792,266058,273,1,1,12,11,1,51,0.002,0.000,,,,,NVIDIA A100-SXM4-40GB MIG 4g.20gb (0),1,,13,"void channel_eq::eqMmseSoftDemapKernel<float, __half, __half, float, (unsigned int)4, (unsigned short)16383>(channel_eq::_puschRxChEqStatDescr *, channel_eq::_puschRxChEqSoftDemapDynDescr)"
4263124668,282941,266059,1,1,1,32,32,1,30,0.000,0.000,,,,,NVIDIA A100-SXM4-40GB MIG 4g.20gb (0),1,,13,"void convert_kernel<float2, __half2>(tensor_layout_any, T1 *, tensor_layout_any, const T2 *)"
4263410360,10880,266071,2253,1,1,128,1,1,16,0.000,0.000,,,,,NVIDIA A100-SXM4-40GB MIG 4g.20gb (0),1,,13,cupy_copy__float16_float16
4263424760,3456,266080,282,1,1,128,1,1,16,0.000,0.000,,,,,NVIDIA A100-SXM4-40GB MIG 4g.20gb (0),1,,13,cupy_copy__complex64_complex64
4263431128,2272,266089,26,1,1,128,1,1,16,0.000,0.000,,,,,NVIDIA A100-SXM4-40GB MIG 4g.20gb (0),1,,13,cupy_copy__float32_float32
4263434488,4384,266098,103,1,1,128,1,1,16,0.000,0.000,,,,,NVIDIA A100-SXM4-40GB MIG 4g.20gb (0),1,,13,cupy_copy__complex64_complex64
4263441464,11872,266108,1434,1,1,128,1,1,16,0.000,0.000,,,,,NVIDIA A100-SXM4-40GB MIG 4g.20gb (0),1,,13,cupy_copy__complex64_complex64
4263458712,82527,266113,1,1,1,32,32,1,30,0.000,0.000,,,,,NVIDIA A100-SXM4-40GB MIG 4g.20gb (0),1,,13,"void convert_kernel<__half2, float2>(tensor_layout_any, T1 *, tensor_layout_any, const T2 *)"
4263568183,5983,266116,,,,,,,,,,0.094,15660.349,Pinned,Device,NVIDIA A100-SXM4-40GB MIG 4g.20gb (0),1,,13,[CUDA memcpy Host-to-Device]
4263578006,597145,266117,,,,,,,,,,456.561,764283.851,Device,,NVIDIA A100-SXM4-40GB MIG 4g.20gb (0),1,,13,[CUDA memset]
4264176431,151998,266122,,,,,,,,,,1.235,8124.697,Pinned,Device,NVIDIA A100-SXM4-40GB MIG 4g.20gb (0),1,,13,[CUDA memcpy Host-to-Device]
4264343277,40895,266123,,,,,,,,,,0.197,4807.459,Pinned,Device,NVIDIA A100-SXM4-40GB MIG 4g.20gb (0),1,,13,[CUDA memcpy Host-to-Device]
4264413324,8192,266124,69,4,1,48,1,1,76,0.002,0.000,,,,,NVIDIA A100-SXM4-40GB MIG 4g.20gb (0),1,,13,"void ch_est::windowedChEstPreNoDftSOfdmKernel<float, __half, float, (unsigned int)2, (unsigned int)1, (unsigned short)4>(ch_est::puschRxChEstStatDescr_t *, ch_est::puschRxChEstDynDescr_t *)"
4264432556,6368,266125,137,2,1,24,2,1,44,0.001,0.001,,,,,NVIDIA A100-SXM4-40GB MIG 4g.20gb (0),1,,13,"void ch_est::chEstFilterNoDftSOfdmDispatchKernel<float, __half, float, (unsigned int)2>(ch_est::puschRxChEstStatDescr_t *, ch_est::puschRxChEstDynDescr_t *)"
4264449292,4672,266126,137,2,1,24,2,1,44,0.001,0.001,,,,,NVIDIA A100-SXM4-40GB MIG 4g.20gb (0),1,,13,"void ch_est::chEstFilterNoDftSOfdmDispatchKernel<float, __half, float, (unsigned int)2>(ch_est::puschRxChEstStatDescr_t *, ch_est::puschRxChEstDynDescr_t *)"
4264466443,2528,266137,103,1,1,128,1,1,16,0.000,0.000,,,,,NVIDIA A100-SXM4-40GB MIG 4g.20gb (0),1,,13,cupy_copy__complex64_complex64
4264483979,12320,266147,1434,1,1,128,1,1,16,0.000,0.000,,,,,NVIDIA A100-SXM4-40GB MIG 4g.20gb (0),1,,13,cupy_copy__complex64_complex64
4264503531,2592,266154,103,1,1,128,1,1,16,0.000,0.000,,,,,NVIDIA A100-SXM4-40GB MIG 4g.20gb (0),1,,13,cupy_copy__complex64_complex64
4264524491,87519,266161,1,1,1,32,32,1,30,0.000,0.000,,,,,NVIDIA A100-SXM4-40GB MIG 4g.20gb (0),1,,13,"void convert_kernel<__half2, float2>(tensor_layout_any, T1 *, tensor_layout_any, const T2 *)"
4264647145,26240,266164,,,,,,,,,,0.094,3570.661,Pinned,Device,NVIDIA A100-SXM4-40GB MIG 4g.20gb (0),1,,13,[CUDA memcpy Host-to-Device]
4264687657,46975,266165,,,,,,,,,,35.810,762285.767,Device,,NVIDIA A100-SXM4-40GB MIG 4g.20gb (0),1,,13,[CUDA memset]
4264745032,10688,266167,,,,,,,,,,0.000,7.485,Pinned,Device,NVIDIA A100-SXM4-40GB MIG 4g.20gb (0),1,,13,[CUDA memcpy Host-to-Device]
4264765000,36479,266168,,,,,,,,,,0.197,5389.615,Pinned,Device,NVIDIA A100-SXM4-40GB MIG 4g.20gb (0),1,,13,[CUDA memcpy Host-to-Device]
4264816839,9824,266169,273,1,1,48,1,1,40,0.000,0.001,,,,,NVIDIA A100-SXM4-40GB MIG 4g.20gb (0),1,,13,"void pusch_noise_intf_est::noiseIntfEstNoDftSOfdmKernel<float, __half, float, float, (unsigned int)2, (unsigned int)1, (unsigned char)4, (unsigned char)4>(pusch_noise_intf_est::puschRxNoiseIntfEstDynDescr)"
4264837735,2752,266180,35,1,1,128,1,1,16,0.000,0.000,,,,,NVIDIA A100-SXM4-40GB MIG 4g.20gb (0),1,,13,cupy_copy__complex64_complex64
4264848231,1696,266189,1,1,1,1,1,1,18,0.000,0.000,,,,,NVIDIA A100-SXM4-40GB MIG 4g.20gb (0),1,,13,cupy_copy__float32_float32
4264858087,3104,266195,,,,,,,,,,0.000,1.289,Device,Pageable,NVIDIA A100-SXM4-40GB MIG 4g.20gb (0),1,,7,[CUDA memcpy Device-to-Host]
4264931174,13248,266206,1434,1,1,128,1,1,16,0.000,0.000,,,,,NVIDIA A100-SXM4-40GB MIG 4g.20gb (0),1,,13,cupy_copy__complex64_complex64
4264957285,3456,266213,103,1,1,128,1,1,16,0.000,0.000,,,,,NVIDIA A100-SXM4-40GB MIG 4g.20gb (0),1,,13,cupy_copy__complex64_complex64
4264974821,2848,266220,35,1,1,128,1,1,16,0.000,0.000,,,,,NVIDIA A100-SXM4-40GB MIG 4g.20gb (0),1,,13,cupy_copy__complex64_complex64
4264997989,2080,266227,1,1,1,1,1,1,18,0.000,0.000,,,,,NVIDIA A100-SXM4-40GB MIG 4g.20gb (0),1,,13,cupy_copy__float32_float32
4265119171,81567,266238,1,1,1,32,32,1,30,0.000,0.000,,,,,NVIDIA A100-SXM4-40GB MIG 4g.20gb (0),1,,13,"void convert_kernel<__half2, float2>(tensor_layout_any, T1 *, tensor_layout_any, const T2 *)"
4265228226,5792,266241,,,,,,,,,,0.094,16176.708,Pinned,Device,NVIDIA A100-SXM4-40GB MIG 4g.20gb (0),1,,13,[CUDA memcpy Host-to-Device]
4265243362,3488,266242,,,,,,,,,,1.547,443412.461,Device,,NVIDIA A100-SXM4-40GB MIG 4g.20gb (0),1,,13,[CUDA memset]
4265249346,3648,266247,,,,,,,,,,0.031,8578.922,Pinned,Device,NVIDIA A100-SXM4-40GB MIG 4g.20gb (0),1,,13,[CUDA memcpy Host-to-Device]
4265255970,9472,266248,,,,,,,,,,0.197,20756.693,Pinned,Device,NVIDIA A100-SXM4-40GB MIG 4g.20gb (0),1,,13,[CUDA memcpy Host-to-Device]
4265271170,6431,266249,273,1,1,8,4,1,39,0.002,0.000,,,,,NVIDIA A100-SXM4-40GB MIG 4g.20gb (0),1,,13,"void channel_eq::eqMmseCoefCompLowMimoKernel<float, float, float, (unsigned int)4, (unsigned int)1, (unsigned int)4>(const channel_eq::_puschRxChEqStatDescr *, channel_eq::_puschRxChEqCoefCompDynDescr)"
4265281985,7808,266250,273,1,1,12,11,1,51,0.002,0.000,,,,,NVIDIA A100-SXM4-40GB MIG 4g.20gb (0),1,,13,"void channel_eq::eqMmseSoftDemapKernel<float, __half, __half, float, (unsigned int)4, (unsigned short)16383>(channel_eq::_puschRxChEqStatDescr *, channel_eq::_puschRxChEqSoftDemapDynDescr)"
4265290785,294557,266251,1,1,1,32,32,1,30,0.000,0.000,,,,,NVIDIA A100-SXM4-40GB MIG 4g.20gb (0),1,,13,"void convert_kernel<float2, __half2>(tensor_layout_any, T1 *, tensor_layout_any, const T2 *)"
4265586462,11104,266263,2253,1,1,128,1,1,16,0.000,0.000,,,,,NVIDIA A100-SXM4-40GB MIG 4g.20gb (0),1,,13,cupy_copy__float16_float16
4265601661,3680,266272,282,1,1,128,1,1,16,0.000,0.000,,,,,NVIDIA A100-SXM4-40GB MIG 4g.20gb (0),1,,13,cupy_copy__complex64_complex64
4265609245,2560,266281,26,1,1,128,1,1,16,0.000,0.000,,,,,NVIDIA A100-SXM4-40GB MIG 4g.20gb (0),1,,13,cupy_copy__float32_float32
4265615389,3072,266290,103,1,1,128,1,1,16,0.000,0.000,,,,,NVIDIA A100-SXM4-40GB MIG 4g.20gb (0),1,,13,cupy_copy__complex64_complex64
4265621661,12192,266300,1434,1,1,128,1,1,16,0.000,0.000,,,,,NVIDIA A100-SXM4-40GB MIG 4g.20gb (0),1,,13,cupy_copy__complex64_complex64
4265636093,86463,266305,1,1,1,32,32,1,30,0.000,0.000,,,,,NVIDIA A100-SXM4-40GB MIG 4g.20gb (0),1,,13,"void convert_kernel<__half2, float2>(tensor_layout_any, T1 *, tensor_layout_any, const T2 *)"
4265749436,5472,266308,,,,,,,,,,0.094,17122.757,Pinned,Device,NVIDIA A100-SXM4-40GB MIG 4g.20gb (0),1,,13,[CUDA memcpy Host-to-Device]
4265759772,597016,266309,,,,,,,,,,456.561,764283.851,Device,,NVIDIA A100-SXM4-40GB MIG 4g.20gb (0),1,,13,[CUDA memset]
4266365332,147262,266314,,,,,,,,,,1.235,8385.270,Pinned,Device,NVIDIA A100-SXM4-40GB MIG 4g.20gb (0),1,,13,[CUDA memcpy Host-to-Device]
4266519954,32384,266315,,,,,,,,,,0.197,6071.058,Pinned,Device,NVIDIA A100-SXM4-40GB MIG 4g.20gb (0),1,,13,[CUDA memcpy Host-to-Device]
4266565778,7840,266316,69,4,1,48,1,1,76,0.002,0.000,,,,,NVIDIA A100-SXM4-40GB MIG 4g.20gb (0),1,,13,"void ch_est::windowedChEstPreNoDftSOfdmKernel<float, __half, float, (unsigned int)2, (unsigned int)1, (unsigned short)4>(ch_est::puschRxChEstStatDescr_t *, ch_est::puschRxChEstDynDescr_t *)"
4266590705,6720,266317,137,2,1,24,2,1,44,0.001,0.001,,,,,NVIDIA A100-SXM4-40GB MIG 4g.20gb (0),1,,13,"void ch_est::chEstFilterNoDftSOfdmDispatchKernel<float, __half, float, (unsigned int)2>(ch_est::puschRxChEstStatDescr_t *, ch_est::puschRxChEstDynDescr_t *)"
4266603985,4736,266318,137,2,1,24,2,1,44,0.001,0.001,,,,,NVIDIA A100-SXM4-40GB MIG 4g.20gb (0),1,,13,"void ch_est::chEstFilterNoDftSOfdmDispatchKernel<float, __half, float, (unsigned int)2>(ch_est::puschRxChEstStatDescr_t *, ch_est::puschRxChEstDynDescr_t *)"
4266617553,2624,266329,103,1,1,128,1,1,16,0.000,0.000,,,,,NVIDIA A100-SXM4-40GB MIG 4g.20gb (0),1,,13,cupy_copy__complex64_complex64
4266631089,12416,266339,1434,1,1,128,1,1,16,0.000,0.000,,,,,NVIDIA A100-SXM4-40GB MIG 4g.20gb (0),1,,13,cupy_copy__complex64_complex64
4266662224,2560,266346,103,1,1,128,1,1,16,0.000,0.000,,,,,NVIDIA A100-SXM4-40GB MIG 4g.20gb (0),1,,13,cupy_copy__complex64_complex64
4266676944,90015,266353,1,1,1,32,32,1,30,0.000,0.000,,,,,NVIDIA A100-SXM4-40GB MIG 4g.20gb (0),1,,13,"void convert_kernel<__half2, float2>(tensor_layout_any, T1 *, tensor_layout_any, const T2 *)"
4266800815,25087,266356,,,,,,,,,,0.094,3734.816,Pinned,Device,NVIDIA A100-SXM4-40GB MIG 4g.20gb (0),1,,13,[CUDA memcpy Host-to-Device]
4266839982,46880,266357,,,,,,,,,,35.810,763861.404,Device,,NVIDIA A100-SXM4-40GB MIG 4g.20gb (0),1,,13,[CUDA memset]
4266893806,6367,266359,,,,,,,,,,0.000,12.565,Pinned,Device,NVIDIA A100-SXM4-40GB MIG 4g.20gb (0),1,,13,[CUDA memcpy Host-to-Device]
4266909965,25536,266360,,,,,,,,,,0.197,7699.169,Pinned,Device,NVIDIA A100-SXM4-40GB MIG 4g.20gb (0),1,,13,[CUDA memcpy Host-to-Device]
4266956045,9856,266361,273,1,1,48,1,1,40,0.000,0.001,,,,,NVIDIA A100-SXM4-40GB MIG 4g.20gb (0),1,,13,"void pusch_noise_intf_est::noiseIntfEstNoDftSOfdmKernel<float, __half, float, float, (unsigned int)2, (unsigned int)1, (unsigned char)4, (unsigned char)4>(pusch_noise_intf_est::puschRxNoiseIntfEstDynDescr)"
4266973293,2720,266372,35,1,1,128,1,1,16,0.000,0.000,,,,,NVIDIA A100-SXM4-40GB MIG 4g.20gb (0),1,,13,cupy_copy__complex64_complex64
4266990316,1664,266381,1,1,1,1,1,1,18,0.000,0.000,,,,,NVIDIA A100-SXM4-40GB MIG 4g.20gb (0),1,,13,cupy_copy__float32_float32
4266992780,8608,266387,,,,,,,,,,0.000,0.465,Device,Pageable,NVIDIA A100-SXM4-40GB MIG 4g.20gb (0),1,,7,[CUDA memcpy Device-to-Host]
4267083787,12640,266398,1434,1,1,128,1,1,16,0.000,0.000,,,,,NVIDIA A100-SXM4-40GB MIG 4g.20gb (0),1,,13,cupy_copy__complex64_complex64
4267111691,3040,266405,103,1,1,128,1,1,16,0.000,0.000,,,,,NVIDIA A100-SXM4-40GB MIG 4g.20gb (0),1,,13,cupy_copy__complex64_complex64
4267130731,2592,266412,35,1,1,128,1,1,16,0.000,0.000,,,,,NVIDIA A100-SXM4-40GB MIG 4g.20gb (0),1,,13,cupy_copy__complex64_complex64
4267152618,1760,266419,1,1,1,1,1,1,18,0.000,0.000,,,,,NVIDIA A100-SXM4-40GB MIG 4g.20gb (0),1,,13,cupy_copy__float32_float32
4267273257,88063,266430,1,1,1,32,32,1,30,0.000,0.000,,,,,NVIDIA A100-SXM4-40GB MIG 4g.20gb (0),1,,13,"void convert_kernel<__half2, float2>(tensor_layout_any, T1 *, tensor_layout_any, const T2 *)"
4267391783,13664,266433,,,,,,,,,,0.094,6857.142,Pinned,Device,NVIDIA A100-SXM4-40GB MIG 4g.20gb (0),1,,13,[CUDA memcpy Host-to-Device]
4267414951,3488,266434,,,,,,,,,,1.547,443412.461,Device,,NVIDIA A100-SXM4-40GB MIG 4g.20gb (0),1,,13,[CUDA memset]
4267423879,6592,266439,,,,,,,,,,0.031,4747.572,Pinned,Device,NVIDIA A100-SXM4-40GB MIG 4g.20gb (0),1,,13,[CUDA memcpy Host-to-Device]
4267433351,18528,266440,,,,,,,,,,0.197,10611.327,Pinned,Device,NVIDIA A100-SXM4-40GB MIG 4g.20gb (0),1,,13,[CUDA memcpy Host-to-Device]
4267464007,8223,266441,273,1,1,8,4,1,39,0.002,0.000,,,,,NVIDIA A100-SXM4-40GB MIG 4g.20gb (0),1,,13,"void channel_eq::eqMmseCoefCompLowMimoKernel<float, float, float, (unsigned int)4, (unsigned int)1, (unsigned int)4>(const channel_eq::_puschRxChEqStatDescr *, channel_eq::_puschRxChEqCoefCompDynDescr)"
4267480262,5536,266442,273,1,1,12,11,1,51,0.002,0.000,,,,,NVIDIA A100-SXM4-40GB MIG 4g.20gb (0),1,,13,"void channel_eq::eqMmseSoftDemapKernel<float, __half, __half, float, (unsigned int)4, (unsigned short)16383>(channel_eq::_puschRxChEqStatDescr *, channel_eq::_puschRxChEqSoftDemapDynDescr)"
4267489510,283165,266443,1,1,1,32,32,1,30,0.000,0.000,,,,,NVIDIA A100-SXM4-40GB MIG 4g.20gb (0),1,,13,"void convert_kernel<float2, __half2>(tensor_layout_any, T1 *, tensor_layout_any, const T2 *)"
4267777091,11200,266455,2253,1,1,128,1,1,16,0.000,0.000,,,,,NVIDIA A100-SXM4-40GB MIG 4g.20gb (0),1,,13,cupy_copy__float16_float16
4267793026,2624,266464,282,1,1,128,1,1,16,0.000,0.000,,,,,NVIDIA A100-SXM4-40GB MIG 4g.20gb (0),1,,13,cupy_copy__complex64_complex64
4267799362,2240,266473,26,1,1,128,1,1,16,0.000,0.000,,,,,NVIDIA A100-SXM4-40GB MIG 4g.20gb (0),1,,13,cupy_copy__float32_float32
4267803298,2976,266482,103,1,1,128,1,1,16,0.000,0.000,,,,,NVIDIA A100-SXM4-40GB MIG 4g.20gb (0),1,,13,cupy_copy__complex64_complex64
4267807298,11968,266492,1434,1,1,128,1,1,16,0.000,0.000,,,,,NVIDIA A100-SXM4-40GB MIG 4g.20gb (0),1,,13,cupy_copy__complex64_complex64
4267823074,88127,266497,1,1,1,32,32,1,30,0.000,0.000,,,,,NVIDIA A100-SXM4-40GB MIG 4g.20gb (0),1,,13,"void convert_kernel<__half2, float2>(tensor_layout_any, T1 *, tensor_layout_any, const T2 *)"
4267937793,6048,266500,,,,,,,,,,0.094,15491.978,Pinned,Device,NVIDIA A100-SXM4-40GB MIG 4g.20gb (0),1,,13,[CUDA memcpy Host-to-Device]
4267949313,598296,266501,,,,,,,,,,456.561,762914.166,Device,,NVIDIA A100-SXM4-40GB MIG 4g.20gb (0),1,,13,[CUDA memset]
4268554169,135006,266506,,,,,,,,,,1.235,9147.230,Pinned,Device,NVIDIA A100-SXM4-40GB MIG 4g.20gb (0),1,,13,[CUDA memcpy Host-to-Device]
4268697879,21056,266507,,,,,,,,,,0.197,9337.307,Pinned,Device,NVIDIA A100-SXM4-40GB MIG 4g.20gb (0),1,,13,[CUDA memcpy Host-to-Device]
4268734935,8480,266508,69,4,1,48,1,1,76,0.002,0.000,,,,,NVIDIA A100-SXM4-40GB MIG 4g.20gb (0),1,,13,"void ch_est::windowedChEstPreNoDftSOfdmKernel<float, __half, float, (unsigned int)2, (unsigned int)1, (unsigned short)4>(ch_est::puschRxChEstStatDescr_t *, ch_est::puschRxChEstDynDescr_t *)"
4268750391,7168,266509,137,2,1,24,2,1,44,0.001,0.001,,,,,NVIDIA A100-SXM4-40GB MIG 4g.20gb (0),1,,13,"void ch_est::chEstFilterNoDftSOfdmDispatchKernel<float, __half, float, (unsigned int)2>(ch_est::puschRxChEstStatDescr_t *, ch_est::puschRxChEstDynDescr_t *)"
4268758903,4864,266510,137,2,1,24,2,1,44,0.001,0.001,,,,,NVIDIA A100-SXM4-40GB MIG 4g.20gb (0),1,,13,"void ch_est::chEstFilterNoDftSOfdmDispatchKernel<float, __half, float, (unsigned int)2>(ch_est::puschRxChEstStatDescr_t *, ch_est::puschRxChEstDynDescr_t *)"
4268766646,2752,266521,103,1,1,128,1,1,16,0.000,0.000,,,,,NVIDIA A100-SXM4-40GB MIG 4g.20gb (0),1,,13,cupy_copy__complex64_complex64
4268774678,12800,266531,1434,1,1,128,1,1,16,0.000,0.000,,,,,NVIDIA A100-SXM4-40GB MIG 4g.20gb (0),1,,13,cupy_copy__complex64_complex64
4268790486,2272,266538,103,1,1,128,1,1,16,0.000,0.000,,,,,NVIDIA A100-SXM4-40GB MIG 4g.20gb (0),1,,13,cupy_copy__complex64_complex64
4268799702,86047,266545,1,1,1,32,32,1,30,0.000,0.000,,,,,NVIDIA A100-SXM4-40GB MIG 4g.20gb (0),1,,13,"void convert_kernel<__half2, float2>(tensor_layout_any, T1 *, tensor_layout_any, const T2 *)"
4268913589,8832,266548,,,,,,,,,,0.094,10608.636,Pinned,Device,NVIDIA A100-SXM4-40GB MIG 4g.20gb (0),1,,13,[CUDA memcpy Host-to-Device]
4268927829,47455,266549,,,,,,,,,,35.810,754586.634,Device,,NVIDIA A100-SXM4-40GB MIG 4g.20gb (0),1,,13,[CUDA memset]
4268982388,3520,266551,,,,,,,,,,0.000,22.727,Pinned,Device,NVIDIA A100-SXM4-40GB MIG 4g.20gb (0),1,,13,[CUDA memcpy Host-to-Device]
4268989684,13536,266552,,,,,,,,,,0.197,14524.809,Pinned,Device,NVIDIA A100-SXM4-40GB MIG 4g.20gb (0),1,,13,[CUDA memcpy Host-to-Device]
4269012787,9600,266553,273,1,1,48,1,1,40,0.000,0.001,,,,,NVIDIA A100-SXM4-40GB MIG 4g.20gb (0),1,,13,"void pusch_noise_intf_est::noiseIntfEstNoDftSOfdmKernel<float, __half, float, float, (unsigned int)2, (unsigned int)1, (unsigned char)4, (unsigned char)4>(pusch_noise_intf_est::puschRxNoiseIntfEstDynDescr)"
4269026099,3168,266564,35,1,1,128,1,1,16,0.000,0.000,,,,,NVIDIA A100-SXM4-40GB MIG 4g.20gb (0),1,,13,cupy_copy__complex64_complex64
4269032755,1792,266573,1,1,1,1,1,1,18,0.000,0.000,,,,,NVIDIA A100-SXM4-40GB MIG 4g.20gb (0),1,,13,cupy_copy__float32_float32
4269065843,1984,266579,,,,,,,,,,0.000,2.016,Device,Pageable,NVIDIA A100-SXM4-40GB MIG 4g.20gb (0),1,,7,[CUDA memcpy Device-to-Host]
4269126706,13056,266590,1434,1,1,128,1,1,16,0.000,0.000,,,,,NVIDIA A100-SXM4-40GB MIG 4g.20gb (0),1,,13,cupy_copy__complex64_complex64
4269153778,3424,266597,103,1,1,128,1,1,16,0.000,0.000,,,,,NVIDIA A100-SXM4-40GB MIG 4g.20gb (0),1,,13,cupy_copy__complex64_complex64
4269174449,2784,266604,35,1,1,128,1,1,16,0.000,0.000,,,,,NVIDIA A100-SXM4-40GB MIG 4g.20gb (0),1,,13,cupy_copy__complex64_complex64
4269192497,1760,266611,1,1,1,1,1,1,18,0.000,0.000,,,,,NVIDIA A100-SXM4-40GB MIG 4g.20gb (0),1,,13,cupy_copy__float32_float32
4269325808,82943,266622,1,1,1,32,32,1,30,0.000,0.000,,,,,NVIDIA A100-SXM4-40GB MIG 4g.20gb (0),1,,13,"void convert_kernel<__half2, float2>(tensor_layout_any, T1 *, tensor_layout_any, const T2 *)"
4269436462,5632,266625,,,,,,,,,,0.094,16636.287,Pinned,Device,NVIDIA A100-SXM4-40GB MIG 4g.20gb (0),1,,13,[CUDA memcpy Host-to-Device]
4269452014,3264,266626,,,,,,,,,,1.547,473842.288,Device,,NVIDIA A100-SXM4-40GB MIG 4g.20gb (0),1,,13,[CUDA memset]
4269459214,3072,266631,,,,,,,,,,0.031,10187.474,Pinned,Device,NVIDIA A100-SXM4-40GB MIG 4g.20gb (0),1,,13,[CUDA memcpy Host-to-Device]
4269464718,10208,266632,,,,,,,,,,0.197,19260.113,Pinned,Device,NVIDIA A100-SXM4-40GB MIG 4g.20gb (0),1,,13,[CUDA memcpy Host-to-Device]
4269480590,6464,266633,273,1,1,8,4,1,39,0.002,0.000,,,,,NVIDIA A100-SXM4-40GB MIG 4g.20gb (0),1,,13,"void channel_eq::eqMmseCoefCompLowMimoKernel<float, float, float, (unsigned int)4, (unsigned int)1, (unsigned int)4>(const channel_eq::_puschRxChEqStatDescr *, channel_eq::_puschRxChEqCoefCompDynDescr)"
4269488142,5824,266634,273,1,1,12,11,1,51,0.002,0.000,,,,,NVIDIA A100-SXM4-40GB MIG 4g.20gb (0),1,,13,"void channel_eq::eqMmseSoftDemapKernel<float, __half, __half, float, (unsigned int)4, (unsigned short)16383>(channel_eq::_puschRxChEqStatDescr *, channel_eq::_puschRxChEqSoftDemapDynDescr)"
4269494990,281884,266635,1,1,1,32,32,1,30,0.000,0.000,,,,,NVIDIA A100-SXM4-40GB MIG 4g.20gb (0),1,,13,"void convert_kernel<float2, __half2>(tensor_layout_any, T1 *, tensor_layout_any, const T2 *)"
4269778922,11040,266647,2253,1,1,128,1,1,16,0.000,0.000,,,,,NVIDIA A100-SXM4-40GB MIG 4g.20gb (0),1,,13,cupy_copy__float16_float16
4269793162,3168,266656,282,1,1,128,1,1,16,0.000,0.000,,,,,NVIDIA A100-SXM4-40GB MIG 4g.20gb (0),1,,13,cupy_copy__complex64_complex64
4269797450,2016,266665,26,1,1,128,1,1,16,0.000,0.000,,,,,NVIDIA A100-SXM4-40GB MIG 4g.20gb (0),1,,13,cupy_copy__float32_float32
4269800490,3264,266674,103,1,1,128,1,1,16,0.000,0.000,,,,,NVIDIA A100-SXM4-40GB MIG 4g.20gb (0),1,,13,cupy_copy__complex64_complex64
4269805642,12096,266684,1434,1,1,128,1,1,16,0.000,0.000,,,,,NVIDIA A100-SXM4-40GB MIG 4g.20gb (0),1,,13,cupy_copy__complex64_complex64
4269823945,82335,266689,1,1,1,32,32,1,30,0.000,0.000,,,,,NVIDIA A100-SXM4-40GB MIG 4g.20gb (0),1,,13,"void convert_kernel<__half2, float2>(tensor_layout_any, T1 *, tensor_layout_any, const T2 *)"
4269933704,5568,266692,,,,,,,,,,0.094,16827.521,Pinned,Device,NVIDIA A100-SXM4-40GB MIG 4g.20gb (0),1,,13,[CUDA memcpy Host-to-Device]
4269944360,596953,266693,,,,,,,,,,456.561,764740.412,Device,,NVIDIA A100-SXM4-40GB MIG 4g.20gb (0),1,,13,[CUDA memset]
4270546305,154430,266698,,,,,,,,,,1.235,7996.262,Pinned,Device,NVIDIA A100-SXM4-40GB MIG 4g.20gb (0),1,,13,[CUDA memcpy Host-to-Device]
4270712255,41631,266699,,,,,,,,,,0.197,4722.524,Pinned,Device,NVIDIA A100-SXM4-40GB MIG 4g.20gb (0),1,,13,[CUDA memcpy Host-to-Device]
4270775902,7808,266700,69,4,1,48,1,1,76,0.002,0.000,,,,,NVIDIA A100-SXM4-40GB MIG 4g.20gb (0),1,,13,"void ch_est::windowedChEstPreNoDftSOfdmKernel<float, __half, float, (unsigned int)2, (unsigned int)1, (unsigned short)4>(ch_est::puschRxChEstStatDescr_t *, ch_est::puschRxChEstDynDescr_t *)"
4270795581,6944,266701,137,2,1,24,2,1,44,0.001,0.001,,,,,NVIDIA A100-SXM4-40GB MIG 4g.20gb (0),1,,13,"void ch_est::chEstFilterNoDftSOfdmDispatchKernel<float, __half, float, (unsigned int)2>(ch_est::puschRxChEstStatDescr_t *, ch_est::puschRxChEstDynDescr_t *)"
4270812381,4704,266702,137,2,1,24,2,1,44,0.001,0.001,,,,,NVIDIA A100-SXM4-40GB MIG 4g.20gb (0),1,,13,"void ch_est::chEstFilterNoDftSOfdmDispatchKernel<float, __half, float, (unsigned int)2>(ch_est::puschRxChEstStatDescr_t *, ch_est::puschRxChEstDynDescr_t *)"
4270831773,2720,266713,103,1,1,128,1,1,16,0.000,0.000,,,,,NVIDIA A100-SXM4-40GB MIG 4g.20gb (0),1,,13,cupy_copy__complex64_complex64
4270848797,12256,266723,1434,1,1,128,1,1,16,0.000,0.000,,,,,NVIDIA A100-SXM4-40GB MIG 4g.20gb (0),1,,13,cupy_copy__complex64_complex64
4270871293,2560,266730,103,1,1,128,1,1,16,0.000,0.000,,,,,NVIDIA A100-SXM4-40GB MIG 4g.20gb (0),1,,13,cupy_copy__complex64_complex64
4270888796,88351,266737,1,1,1,32,32,1,30,0.000,0.000,,,,,NVIDIA A100-SXM4-40GB MIG 4g.20gb (0),1,,13,"void convert_kernel<__half2, float2>(tensor_layout_any, T1 *, tensor_layout_any, const T2 *)"
4271009211,13888,266740,,,,,,,,,,0.094,6746.487,Pinned,Device,NVIDIA A100-SXM4-40GB MIG 4g.20gb (0),1,,13,[CUDA memcpy Host-to-Device]
4271032827,47263,266741,,,,,,,,,,35.810,757666.287,Device,,NVIDIA A100-SXM4-40GB MIG 4g.20gb (0),1,,13,[CUDA memset]
4271083226,7264,266743,,,,,,,,,,0.000,11.013,Pinned,Device,NVIDIA A100-SXM4-40GB MIG 4g.20gb (0),1,,13,[CUDA memcpy Host-to-Device]
4271094874,16000,266744,,,,,,,,,,0.197,12288.000,Pinned,Device,NVIDIA A100-SXM4-40GB MIG 4g.20gb (0),1,,13,[CUDA memcpy Host-to-Device]
4271123385,9792,266745,273,1,1,48,1,1,40,0.000,0.001,,,,,NVIDIA A100-SXM4-40GB MIG 4g.20gb (0),1,,13,"void pusch_noise_intf_est::noiseIntfEstNoDftSOfdmKernel<float, __half, float, float, (unsigned int)2, (unsigned int)1, (unsigned char)4, (unsigned char)4>(pusch_noise_intf_est::puschRxNoiseIntfEstDynDescr)"
4271142201,2688,266756,35,1,1,128,1,1,16,0.000,0.000,,,,,NVIDIA A100-SXM4-40GB MIG 4g.20gb (0),1,,13,cupy_copy__complex64_complex64
4271150617,1920,266765,1,1,1,1,1,1,18,0.000,0.000,,,,,NVIDIA A100-SXM4-40GB MIG 4g.20gb (0),1,,13,cupy_copy__float32_float32
4271163545,2624,266771,,,,,,,,,,0.000,1.524,Device,Pageable,NVIDIA A100-SXM4-40GB MIG 4g.20gb (0),1,,7,[CUDA memcpy Device-to-Host]
4271239576,13152,266782,1434,1,1,128,1,1,16,0.000,0.000,,,,,NVIDIA A100-SXM4-40GB MIG 4g.20gb (0),1,,13,cupy_copy__complex64_complex64
4271265336,3008,266789,103,1,1,128,1,1,16,0.000,0.000,,,,,NVIDIA A100-SXM4-40GB MIG 4g.20gb (0),1,,13,cupy_copy__complex64_complex64
4271286135,2656,266796,35,1,1,128,1,1,16,0.000,0.000,,,,,NVIDIA A100-SXM4-40GB MIG 4g.20gb (0),1,,13,cupy_copy__complex64_complex64
4271299063,1888,266803,1,1,1,1,1,1,18,0.000,0.000,,,,,NVIDIA A100-SXM4-40GB MIG 4g.20gb (0),1,,13,cupy_copy__float32_float32
4271427062,87487,266814,1,1,1,32,32,1,30,0.000,0.000,,,,,NVIDIA A100-SXM4-40GB MIG 4g.20gb (0),1,,13,"void convert_kernel<__half2, float2>(tensor_layout_any, T1 *, tensor_layout_any, const T2 *)"
4271543252,5760,266817,,,,,,,,,,0.094,16266.656,Pinned,Device,NVIDIA A100-SXM4-40GB MIG 4g.20gb (0),1,,13,[CUDA memcpy Host-to-Device]
4271557972,3168,266818,,,,,,,,,,1.547,488201.145,Device,,NVIDIA A100-SXM4-40GB MIG 4g.20gb (0),1,,13,[CUDA memset]
4271565044,3072,266823,,,,,,,,,,0.031,10187.474,Pinned,Device,NVIDIA A100-SXM4-40GB MIG 4g.20gb (0),1,,13,[CUDA memcpy Host-to-Device]
4271570644,10112,266824,,,,,,,,,,0.197,19442.958,Pinned,Device,NVIDIA A100-SXM4-40GB MIG 4g.20gb (0),1,,13,[CUDA memcpy Host-to-Device]
4271585332,6336,266825,273,1,1,8,4,1,39,0.002,0.000,,,,,NVIDIA A100-SXM4-40GB MIG 4g.20gb (0),1,,13,"void channel_eq::eqMmseCoefCompLowMimoKernel<float, float, float, (unsigned int)4, (unsigned int)1, (unsigned int)4>(const channel_eq::_puschRxChEqStatDescr *, channel_eq::_puschRxChEqCoefCompDynDescr)"
4271594452,5760,266826,273,1,1,12,11,1,51,0.002,0.000,,,,,NVIDIA A100-SXM4-40GB MIG 4g.20gb (0),1,,13,"void channel_eq::eqMmseSoftDemapKernel<float, __half, __half, float, (unsigned int)4, (unsigned short)16383>(channel_eq::_puschRxChEqStatDescr *, channel_eq::_puschRxChEqSoftDemapDynDescr)"
4271601812,294780,266827,1,1,1,32,32,1,30,0.000,0.000,,,,,NVIDIA A100-SXM4-40GB MIG 4g.20gb (0),1,,13,"void convert_kernel<float2, __half2>(tensor_layout_any, T1 *, tensor_layout_any, const T2 *)"
4271899696,10944,266839,2253,1,1,128,1,1,16,0.000,0.000,,,,,NVIDIA A100-SXM4-40GB MIG 4g.20gb (0),1,,13,cupy_copy__float16_float16
4271911696,3136,266848,282,1,1,128,1,1,16,0.000,0.000,,,,,NVIDIA A100-SXM4-40GB MIG 4g.20gb (0),1,,13,cupy_copy__complex64_complex64
4271915792,2176,266857,26,1,1,128,1,1,16,0.000,0.000,,,,,NVIDIA A100-SXM4-40GB MIG 4g.20gb (0),1,,13,cupy_copy__float32_float32
4271919088,4512,266866,103,1,1,128,1,1,16,0.000,0.000,,,,,NVIDIA A100-SXM4-40GB MIG 4g.20gb (0),1,,13,cupy_copy__complex64_complex64
4271924976,12319,266876,1434,1,1,128,1,1,16,0.000,0.000,,,,,NVIDIA A100-SXM4-40GB MIG 4g.20gb (0),1,,13,cupy_copy__complex64_complex64
4271940591,80383,266881,1,1,1,32,32,1,30,0.000,0.000,,,,,NVIDIA A100-SXM4-40GB MIG 4g.20gb (0),1,,13,"void convert_kernel<__half2, float2>(tensor_layout_any, T1 *, tensor_layout_any, const T2 *)"
4272048366,5408,266884,,,,,,,,,,0.094,17325.421,Pinned,Device,NVIDIA A100-SXM4-40GB MIG 4g.20gb (0),1,,13,[CUDA memcpy Host-to-Device]
4272058126,598617,266885,,,,,,,,,,456.561,762457.605,Device,,NVIDIA A100-SXM4-40GB MIG 4g.20gb (0),1,,13,[CUDA memset]
4272660775,134430,266890,,,,,,,,,,1.235,9185.513,Pinned,Device,NVIDIA A100-SXM4-40GB MIG 4g.20gb (0),1,,13,[CUDA memcpy Host-to-Device]
4272805541,33631,266891,,,,,,,,,,0.197,5845.942,Pinned,Device,NVIDIA A100-SXM4-40GB MIG 4g.20gb (0),1,,13,[CUDA memcpy Host-to-Device]
4272856740,8128,266892,69,4,1,48,1,1,76,0.002,0.000,,,,,NVIDIA A100-SXM4-40GB MIG 4g.20gb (0),1,,13,"void ch_est::windowedChEstPreNoDftSOfdmKernel<float, __half, float, (unsigned int)2, (unsigned int)1, (unsigned short)4>(ch_est::puschRxChEstStatDescr_t *, ch_est::puschRxChEstDynDescr_t *)"
4272872164,6784,266893,137,2,1,24,2,1,44,0.001,0.001,,,,,NVIDIA A100-SXM4-40GB MIG 4g.20gb (0),1,,13,"void ch_est::chEstFilterNoDftSOfdmDispatchKernel<float, __half, float, (unsigned int)2>(ch_est::puschRxChEstStatDescr_t *, ch_est::puschRxChEstDynDescr_t *)"
4272885700,4704,266894,137,2,1,24,2,1,44,0.001,0.001,,,,,NVIDIA A100-SXM4-40GB MIG 4g.20gb (0),1,,13,"void ch_est::chEstFilterNoDftSOfdmDispatchKernel<float, __half, float, (unsigned int)2>(ch_est::puschRxChEstStatDescr_t *, ch_est::puschRxChEstDynDescr_t *)"
4272899492,2528,266905,103,1,1,128,1,1,16,0.000,0.000,,,,,NVIDIA A100-SXM4-40GB MIG 4g.20gb (0),1,,13,cupy_copy__complex64_complex64
4272916131,12704,266915,1434,1,1,128,1,1,16,0.000,0.000,,,,,NVIDIA A100-SXM4-40GB MIG 4g.20gb (0),1,,13,cupy_copy__complex64_complex64
4272954115,2560,266922,103,1,1,128,1,1,16,0.000,0.000,,,,,NVIDIA A100-SXM4-40GB MIG 4g.20gb (0),1,,13,cupy_copy__complex64_complex64
4272972995,84575,266929,1,1,1,32,32,1,30,0.000,0.000,,,,,NVIDIA A100-SXM4-40GB MIG 4g.20gb (0),1,,13,"void convert_kernel<__half2, float2>(tensor_layout_any, T1 *, tensor_layout_any, const T2 *)"
4273090657,28032,266932,,,,,,,,,,0.094,3342.417,Pinned,Device,NVIDIA A100-SXM4-40GB MIG 4g.20gb (0),1,,13,[CUDA memcpy Host-to-Device]
4273140161,47551,266933,,,,,,,,,,35.810,753082.618,Device,,NVIDIA A100-SXM4-40GB MIG 4g.20gb (0),1,,13,[CUDA memset]
4273191136,13632,266935,,,,,,,,,,0.000,5.868,Pinned,Device,NVIDIA A100-SXM4-40GB MIG 4g.20gb (0),1,,13,[CUDA memcpy Host-to-Device]
4273211712,26207,266936,,,,,,,,,,0.197,7501.971,Pinned,Device,NVIDIA A100-SXM4-40GB MIG 4g.20gb (0),1,,13,[CUDA memcpy Host-to-Device]
4273255039,9472,266937,273,1,1,48,1,1,40,0.000,0.001,,,,,NVIDIA A100-SXM4-40GB MIG 4g.20gb (0),1,,13,"void pusch_noise_intf_est::noiseIntfEstNoDftSOfdmKernel<float, __half, float, float, (unsigned int)2, (unsigned int)1, (unsigned char)4, (unsigned char)4>(pusch_noise_intf_est::puschRxNoiseIntfEstDynDescr)"
4273268479,2784,266948,35,1,1,128,1,1,16,0.000,0.000,,,,,NVIDIA A100-SXM4-40GB MIG 4g.20gb (0),1,,13,cupy_copy__complex64_complex64
4273277951,1856,266957,1,1,1,1,1,1,18,0.000,0.000,,,,,NVIDIA A100-SXM4-40GB MIG 4g.20gb (0),1,,13,cupy_copy__float32_float32
4273287231,5536,266963,,,,,,,,,,0.000,0.723,Device,Pageable,NVIDIA A100-SXM4-40GB MIG 4g.20gb (0),1,,7,[CUDA memcpy Device-to-Host]
4273365470,13152,266974,1434,1,1,128,1,1,16,0.000,0.000,,,,,NVIDIA A100-SXM4-40GB MIG 4g.20gb (0),1,,13,cupy_copy__complex64_complex64
4273390462,2975,266981,103,1,1,128,1,1,16,0.000,0.000,,,,,NVIDIA A100-SXM4-40GB MIG 4g.20gb (0),1,,13,cupy_copy__complex64_complex64
4273407517,2464,266988,35,1,1,128,1,1,16,0.000,0.000,,,,,NVIDIA A100-SXM4-40GB MIG 4g.20gb (0),1,,13,cupy_copy__complex64_complex64
4273429949,1824,266995,1,1,1,1,1,1,18,0.000,0.000,,,,,NVIDIA A100-SXM4-40GB MIG 4g.20gb (0),1,,13,cupy_copy__float32_float32
4273564347,87423,267006,1,1,1,32,32,1,30,0.000,0.000,,,,,NVIDIA A100-SXM4-40GB MIG 4g.20gb (0),1,,13,"void convert_kernel<__half2, float2>(tensor_layout_any, T1 *, tensor_layout_any, const T2 *)"
4273682138,8192,267009,,,,,,,,,,0.094,11437.471,Pinned,Device,NVIDIA A100-SXM4-40GB MIG 4g.20gb (0),1,,13,[CUDA memcpy Host-to-Device]
4273695770,3456,267010,,,,,,,,,,1.547,447517.201,Device,,NVIDIA A100-SXM4-40GB MIG 4g.20gb (0),1,,13,[CUDA memset]
4273701658,3328,267015,,,,,,,,,,0.031,9403.822,Pinned,Device,NVIDIA A100-SXM4-40GB MIG 4g.20gb (0),1,,13,[CUDA memcpy Host-to-Device]
4273707642,9951,267016,,,,,,,,,,0.197,19757.531,Pinned,Device,NVIDIA A100-SXM4-40GB MIG 4g.20gb (0),1,,13,[CUDA memcpy Host-to-Device]
4273723545,8160,267017,273,1,1,8,4,1,39,0.002,0.000,,,,,NVIDIA A100-SXM4-40GB MIG 4g.20gb (0),1,,13,"void channel_eq::eqMmseCoefCompLowMimoKernel<float, float, float, (unsigned int)4, (unsigned int)1, (unsigned int)4>(const channel_eq::_puschRxChEqStatDescr *, channel_eq::_puschRxChEqCoefCompDynDescr)"
4273732729,7712,267018,273,1,1,12,11,1,51,0.002,0.000,,,,,NVIDIA A100-SXM4-40GB MIG 4g.20gb (0),1,,13,"void channel_eq::eqMmseSoftDemapKernel<float, __half, __half, float, (unsigned int)4, (unsigned short)16383>(channel_eq::_puschRxChEqStatDescr *, channel_eq::_puschRxChEqSoftDemapDynDescr)"
4273741497,282589,267019,1,1,1,32,32,1,30,0.000,0.000,,,,,NVIDIA A100-SXM4-40GB MIG 4g.20gb (0),1,,13,"void convert_kernel<float2, __half2>(tensor_layout_any, T1 *, tensor_layout_any, const T2 *)"
4274027286,11040,267031,2253,1,1,128,1,1,16,0.000,0.000,,,,,NVIDIA A100-SXM4-40GB MIG 4g.20gb (0),1,,13,cupy_copy__float16_float16
4274042229,3584,267040,282,1,1,128,1,1,16,0.000,0.000,,,,,NVIDIA A100-SXM4-40GB MIG 4g.20gb (0),1,,13,cupy_copy__complex64_complex64
4274047701,2048,267049,26,1,1,128,1,1,16,0.000,0.000,,,,,NVIDIA A100-SXM4-40GB MIG 4g.20gb (0),1,,13,cupy_copy__float32_float32
4274052949,2912,267058,103,1,1,128,1,1,16,0.000,0.000,,,,,NVIDIA A100-SXM4-40GB MIG 4g.20gb (0),1,,13,cupy_copy__complex64_complex64
4274056885,11872,267068,1434,1,1,128,1,1,16,0.000,0.000,,,,,NVIDIA A100-SXM4-40GB MIG 4g.20gb (0),1,,13,cupy_copy__complex64_complex64
4274073013,87103,267073,1,1,1,32,32,1,30,0.000,0.000,,,,,NVIDIA A100-SXM4-40GB MIG 4g.20gb (0),1,,13,"void convert_kernel<__half2, float2>(tensor_layout_any, T1 *, tensor_layout_any, const T2 *)"
4274187188,5728,267076,,,,,,,,,,0.094,16357.541,Pinned,Device,NVIDIA A100-SXM4-40GB MIG 4g.20gb (0),1,,13,[CUDA memcpy Host-to-Device]
4274198068,597368,267077,,,,,,,,,,456.561,764283.851,Device,,NVIDIA A100-SXM4-40GB MIG 4g.20gb (0),1,,13,[CUDA memset]
4274799436,142014,267082,,,,,,,,,,1.235,8695.241,Pinned,Device,NVIDIA A100-SXM4-40GB MIG 4g.20gb (0),1,,13,[CUDA memcpy Host-to-Device]
4274951818,41408,267083,,,,,,,,,,0.197,4747.887,Pinned,Device,NVIDIA A100-SXM4-40GB MIG 4g.20gb (0),1,,13,[CUDA memcpy Host-to-Device]
4275018409,8448,267084,69,4,1,48,1,1,76,0.002,0.000,,,,,NVIDIA A100-SXM4-40GB MIG 4g.20gb (0),1,,13,"void ch_est::windowedChEstPreNoDftSOfdmKernel<float, __half, float, (unsigned int)2, (unsigned int)1, (unsigned short)4>(ch_est::puschRxChEstStatDescr_t *, ch_est::puschRxChEstDynDescr_t *)"
4275037641,6656,267085,137,2,1,24,2,1,44,0.001,0.001,,,,,NVIDIA A100-SXM4-40GB MIG 4g.20gb (0),1,,13,"void ch_est::chEstFilterNoDftSOfdmDispatchKernel<float, __half, float, (unsigned int)2>(ch_est::puschRxChEstStatDescr_t *, ch_est::puschRxChEstDynDescr_t *)"
4275054217,4768,267086,137,2,1,24,2,1,44,0.001,0.001,,,,,NVIDIA A100-SXM4-40GB MIG 4g.20gb (0),1,,13,"void ch_est::chEstFilterNoDftSOfdmDispatchKernel<float, __half, float, (unsigned int)2>(ch_est::puschRxChEstStatDescr_t *, ch_est::puschRxChEstDynDescr_t *)"
4275071017,2656,267097,103,1,1,128,1,1,16,0.000,0.000,,,,,NVIDIA A100-SXM4-40GB MIG 4g.20gb (0),1,,13,cupy_copy__complex64_complex64
4275087273,12415,267107,1434,1,1,128,1,1,16,0.000,0.000,,,,,NVIDIA A100-SXM4-40GB MIG 4g.20gb (0),1,,13,cupy_copy__complex64_complex64
4275108552,2912,267114,103,1,1,128,1,1,16,0.000,0.000,,,,,NVIDIA A100-SXM4-40GB MIG 4g.20gb (0),1,,13,cupy_copy__complex64_complex64
4275131272,87999,267121,1,1,1,32,32,1,30,0.000,0.000,,,,,NVIDIA A100-SXM4-40GB MIG 4g.20gb (0),1,,13,"void convert_kernel<__half2, float2>(tensor_layout_any, T1 *, tensor_layout_any, const T2 *)"
4275250919,15871,267124,,,,,,,,,,0.094,5903.598,Pinned,Device,NVIDIA A100-SXM4-40GB MIG 4g.20gb (0),1,,13,[CUDA memcpy Host-to-Device]
4275291654,48255,267125,,,,,,,,,,35.810,742088.972,Device,,NVIDIA A100-SXM4-40GB MIG 4g.20gb (0),1,,13,[CUDA memset]
4275342405,10208,267127,,,,,,,,,,0.000,7.837,Pinned,Device,NVIDIA A100-SXM4-40GB MIG 4g.20gb (0),1,,13,[CUDA memcpy Host-to-Device]
4275359685,21280,267128,,,,,,,,,,0.197,9239.003,Pinned,Device,NVIDIA A100-SXM4-40GB MIG 4g.20gb (0),1,,13,[CUDA memcpy Host-to-Device]
4275397797,9600,267129,273,1,1,48,1,1,40,0.000,0.001,,,,,NVIDIA A100-SXM4-40GB MIG 4g.20gb (0),1,,13,"void pusch_noise_intf_est::noiseIntfEstNoDftSOfdmKernel<float, __half, float, float, (unsigned int)2, (unsigned int)1, (unsigned char)4, (unsigned char)4>(pusch_noise_intf_est::puschRxNoiseIntfEstDynDescr)"
4275415013,2784,267140,35,1,1,128,1,1,16,0.000,0.000,,,,,NVIDIA A100-SXM4-40GB MIG 4g.20gb (0),1,,13,cupy_copy__complex64_complex64
4275428196,1664,267149,1,1,1,1,1,1,18,0.000,0.000,,,,,NVIDIA A100-SXM4-40GB MIG 4g.20gb (0),1,,13,cupy_copy__float32_float32
4275433828,7232,267155,,,,,,,,,,0.000,0.553,Device,Pageable,NVIDIA A100-SXM4-40GB MIG 4g.20gb (0),1,,7,[CUDA memcpy Device-to-Host]
4275523875,12832,267166,1434,1,1,128,1,1,16,0.000,0.000,,,,,NVIDIA A100-SXM4-40GB MIG 4g.20gb (0),1,,13,cupy_copy__complex64_complex64
4275547971,2880,267173,103,1,1,128,1,1,16,0.000,0.000,,,,,NVIDIA A100-SXM4-40GB MIG 4g.20gb (0),1,,13,cupy_copy__complex64_complex64
4275568099,2560,267180,35,1,1,128,1,1,16,0.000,0.000,,,,,NVIDIA A100-SXM4-40GB MIG 4g.20gb (0),1,,13,cupy_copy__complex64_complex64
4275585762,1792,267187,1,1,1,1,1,1,18,0.000,0.000,,,,,NVIDIA A100-SXM4-40GB MIG 4g.20gb (0),1,,13,cupy_copy__float32_float32
4275711329,87999,267198,1,1,1,32,32,1,30,0.000,0.000,,,,,NVIDIA A100-SXM4-40GB MIG 4g.20gb (0),1,,13,"void convert_kernel<__half2, float2>(tensor_layout_any, T1 *, tensor_layout_any, const T2 *)"
4275827551,5856,267201,,,,,,,,,,0.094,15999.997,Pinned,Device,NVIDIA A100-SXM4-40GB MIG 4g.20gb (0),1,,13,[CUDA memcpy Host-to-Device]
4275842367,3552,267202,,,,,,,,,,1.547,435422.601,Device,,NVIDIA A100-SXM4-40GB MIG 4g.20gb (0),1,,13,[CUDA memset]
4275848959,3296,267207,,,,,,,,,,0.031,9495.144,Pinned,Device,NVIDIA A100-SXM4-40GB MIG 4g.20gb (0),1,,13,[CUDA memcpy Host-to-Device]
4275854911,9920,267208,,,,,,,,,,0.197,19819.266,Pinned,Device,NVIDIA A100-SXM4-40GB MIG 4g.20gb (0),1,,13,[CUDA memcpy Host-to-Device]
4275870239,6336,267209,273,1,1,8,4,1,39,0.002,0.000,,,,,NVIDIA A100-SXM4-40GB MIG 4g.20gb (0),1,,13,"void channel_eq::eqMmseCoefCompLowMimoKernel<float, float, float, (unsigned int)4, (unsigned int)1, (unsigned int)4>(const channel_eq::_puschRxChEqStatDescr *, channel_eq::_puschRxChEqCoefCompDynDescr)"
4275877919,7712,267210,273,1,1,12,11,1,51,0.002,0.000,,,,,NVIDIA A100-SXM4-40GB MIG 4g.20gb (0),1,,13,"void channel_eq::eqMmseSoftDemapKernel<float, __half, __half, float, (unsigned int)4, (unsigned short)16383>(channel_eq::_puschRxChEqStatDescr *, channel_eq::_puschRxChEqSoftDemapDynDescr)"
4275889087,282844,267211,1,1,1,32,32,1,30,0.000,0.000,,,,,NVIDIA A100-SXM4-40GB MIG 4g.20gb (0),1,,13,"void convert_kernel<float2, __half2>(tensor_layout_any, T1 *, tensor_layout_any, const T2 *)"
4276174011,10944,267223,2253,1,1,128,1,1,16,0.000,0.000,,,,,NVIDIA A100-SXM4-40GB MIG 4g.20gb (0),1,,13,cupy_copy__float16_float16
4276187131,3712,267232,282,1,1,128,1,1,16,0.000,0.000,,,,,NVIDIA A100-SXM4-40GB MIG 4g.20gb (0),1,,13,cupy_copy__complex64_complex64
4276194779,2272,267241,26,1,1,128,1,1,16,0.000,0.000,,,,,NVIDIA A100-SXM4-40GB MIG 4g.20gb (0),1,,13,cupy_copy__float32_float32
4276198107,2880,267250,103,1,1,128,1,1,16,0.000,0.000,,,,,NVIDIA A100-SXM4-40GB MIG 4g.20gb (0),1,,13,cupy_copy__complex64_complex64
4276203611,12608,267260,1434,1,1,128,1,1,16,0.000,0.000,,,,,NVIDIA A100-SXM4-40GB MIG 4g.20gb (0),1,,13,cupy_copy__complex64_complex64
4276221787,86975,267265,1,1,1,32,32,1,30,0.000,0.000,,,,,NVIDIA A100-SXM4-40GB MIG 4g.20gb (0),1,,13,"void convert_kernel<__half2, float2>(tensor_layout_any, T1 *, tensor_layout_any, const T2 *)"
4276336729,5408,267268,,,,,,,,,,0.094,17325.421,Pinned,Device,NVIDIA A100-SXM4-40GB MIG 4g.20gb (0),1,,13,[CUDA memcpy Host-to-Device]
4276348313,596409,267269,,,,,,,,,,456.561,765196.973,Device,,NVIDIA A100-SXM4-40GB MIG 4g.20gb (0),1,,13,[CUDA memset]
4276946162,108094,267274,,,,,,,,,,1.235,11424.467,Pinned,Device,NVIDIA A100-SXM4-40GB MIG 4g.20gb (0),1,,13,[CUDA memcpy Host-to-Device]
4277060528,21152,267275,,,,,,,,,,0.197,9294.840,Pinned,Device,NVIDIA A100-SXM4-40GB MIG 4g.20gb (0),1,,13,[CUDA memcpy Host-to-Device]
4277090608,8000,267276,69,4,1,48,1,1,76,0.002,0.000,,,,,NVIDIA A100-SXM4-40GB MIG 4g.20gb (0),1,,13,"void ch_est::windowedChEstPreNoDftSOfdmKernel<float, __half, float, (unsigned int)2, (unsigned int)1, (unsigned short)4>(ch_est::puschRxChEstStatDescr_t *, ch_est::puschRxChEstDynDescr_t *)"
4277106640,6304,267277,137,2,1,24,2,1,44,0.001,0.001,,,,,NVIDIA A100-SXM4-40GB MIG 4g.20gb (0),1,,13,"void ch_est::chEstFilterNoDftSOfdmDispatchKernel<float, __half, float, (unsigned int)2>(ch_est::puschRxChEstStatDescr_t *, ch_est::puschRxChEstDynDescr_t *)"
4277114832,6400,267278,137,2,1,24,2,1,44,0.001,0.001,,,,,NVIDIA A100-SXM4-40GB MIG 4g.20gb (0),1,,13,"void ch_est::chEstFilterNoDftSOfdmDispatchKernel<float, __half, float, (unsigned int)2>(ch_est::puschRxChEstStatDescr_t *, ch_est::puschRxChEstDynDescr_t *)"
4277123088,2591,267289,103,1,1,128,1,1,16,0.000,0.000,,,,,NVIDIA A100-SXM4-40GB MIG 4g.20gb (0),1,,13,cupy_copy__complex64_complex64
4277131983,12800,267299,1434,1,1,128,1,1,16,0.000,0.000,,,,,NVIDIA A100-SXM4-40GB MIG 4g.20gb (0),1,,13,cupy_copy__complex64_complex64
4277147535,2528,267306,103,1,1,128,1,1,16,0.000,0.000,,,,,NVIDIA A100-SXM4-40GB MIG 4g.20gb (0),1,,13,cupy_copy__complex64_complex64
4277157423,90015,267313,1,1,1,32,32,1,30,0.000,0.000,,,,,NVIDIA A100-SXM4-40GB MIG 4g.20gb (0),1,,13,"void convert_kernel<__half2, float2>(tensor_layout_any, T1 *, tensor_layout_any, const T2 *)"
4277277806,12671,267316,,,,,,,,,,0.094,7394.488,Pinned,Device,NVIDIA A100-SXM4-40GB MIG 4g.20gb (0),1,,13,[CUDA memcpy Host-to-Device]
4277295469,46720,267317,,,,,,,,,,35.810,766475.528,Device,,NVIDIA A100-SXM4-40GB MIG 4g.20gb (0),1,,13,[CUDA memset]
4277342573,6784,267319,,,,,,,,,,0.000,11.792,Pinned,Device,NVIDIA A100-SXM4-40GB MIG 4g.20gb (0),1,,13,[CUDA memcpy Host-to-Device]
4277361645,16863,267320,,,,,,,,,,0.197,11659.051,Pinned,Device,NVIDIA A100-SXM4-40GB MIG 4g.20gb (0),1,,13,[CUDA memcpy Host-to-Device]
4277393708,9664,267321,273,1,1,48,1,1,40,0.000,0.001,,,,,NVIDIA A100-SXM4-40GB MIG 4g.20gb (0),1,,13,"void pusch_noise_intf_est::noiseIntfEstNoDftSOfdmKernel<float, __half, float, float, (unsigned int)2, (unsigned int)1, (unsigned char)4, (unsigned char)4>(pusch_noise_intf_est::puschRxNoiseIntfEstDynDescr)"
4277413452,2752,267332,35,1,1,128,1,1,16,0.000,0.000,,,,,NVIDIA A100-SXM4-40GB MIG 4g.20gb (0),1,,13,cupy_copy__complex64_complex64
4277424940,1696,267341,1,1,1,1,1,1,18,0.000,0.000,,,,,NVIDIA A100-SXM4-40GB MIG 4g.20gb (0),1,,13,cupy_copy__float32_float32
4277432076,7648,267347,,,,,,,,,,0.000,0.523,Device,Pageable,NVIDIA A100-SXM4-40GB MIG 4g.20gb (0),1,,7,[CUDA memcpy Device-to-Host]
4277507723,12928,267358,1434,1,1,128,1,1,16,0.000,0.000,,,,,NVIDIA A100-SXM4-40GB MIG 4g.20gb (0),1,,13,cupy_copy__complex64_complex64
4277534026,2880,267365,103,1,1,128,1,1,16,0.000,0.000,,,,,NVIDIA A100-SXM4-40GB MIG 4g.20gb (0),1,,13,cupy_copy__complex64_complex64
4277558538,2432,267372,35,1,1,128,1,1,16,0.000,0.000,,,,,NVIDIA A100-SXM4-40GB MIG 4g.20gb (0),1,,13,cupy_copy__complex64_complex64
4277578858,1920,267379,1,1,1,1,1,1,18,0.000,0.000,,,,,NVIDIA A100-SXM4-40GB MIG 4g.20gb (0),1,,13,cupy_copy__float32_float32
4277701576,82655,267390,1,1,1,32,32,1,30,0.000,0.000,,,,,NVIDIA A100-SXM4-40GB MIG 4g.20gb (0),1,,13,"void convert_kernel<__half2, float2>(tensor_layout_any, T1 *, tensor_layout_any, const T2 *)"
4277812167,5952,267393,,,,,,,,,,0.094,15741.865,Pinned,Device,NVIDIA A100-SXM4-40GB MIG 4g.20gb (0),1,,13,[CUDA memcpy Host-to-Device]
4277827559,3488,267394,,,,,,,,,,1.547,443412.461,Device,,NVIDIA A100-SXM4-40GB MIG 4g.20gb (0),1,,13,[CUDA memset]
4277832647,3648,267399,,,,,,,,,,0.031,8578.922,Pinned,Device,NVIDIA A100-SXM4-40GB MIG 4g.20gb (0),1,,13,[CUDA memcpy Host-to-Device]
4277838727,9536,267400,,,,,,,,,,0.197,20617.298,Pinned,Device,NVIDIA A100-SXM4-40GB MIG 4g.20gb (0),1,,13,[CUDA memcpy Host-to-Device]
4277853511,5695,267401,273,1,1,8,4,1,39,0.002,0.000,,,,,NVIDIA A100-SXM4-40GB MIG 4g.20gb (0),1,,13,"void channel_eq::eqMmseCoefCompLowMimoKernel<float, float, float, (unsigned int)4, (unsigned int)1, (unsigned int)4>(const channel_eq::_puschRxChEqStatDescr *, channel_eq::_puschRxChEqCoefCompDynDescr)"
4277860198,5472,267402,273,1,1,12,11,1,51,0.002,0.000,,,,,NVIDIA A100-SXM4-40GB MIG 4g.20gb (0),1,,13,"void channel_eq::eqMmseSoftDemapKernel<float, __half, __half, float, (unsigned int)4, (unsigned short)16383>(channel_eq::_puschRxChEqStatDescr *, channel_eq::_puschRxChEqSoftDemapDynDescr)"
4277866758,279613,267403,1,1,1,32,32,1,30,0.000,0.000,,,,,NVIDIA A100-SXM4-40GB MIG 4g.20gb (0),1,,13,"void convert_kernel<float2, __half2>(tensor_layout_any, T1 *, tensor_layout_any, const T2 *)"
4278147811,11072,267415,2253,1,1,128,1,1,16,0.000,0.000,,,,,NVIDIA A100-SXM4-40GB MIG 4g.20gb (0),1,,13,cupy_copy__float16_float16
4278161411,2816,267424,282,1,1,128,1,1,16,0.000,0.000,,,,,NVIDIA A100-SXM4-40GB MIG 4g.20gb (0),1,,13,cupy_copy__complex64_complex64
4278166339,2656,267433,26,1,1,128,1,1,16,0.000,0.000,,,,,NVIDIA A100-SXM4-40GB MIG 4g.20gb (0),1,,13,cupy_copy__float32_float32
4278170115,3104,267442,103,1,1,128,1,1,16,0.000,0.000,,,,,NVIDIA A100-SXM4-40GB MIG 4g.20gb (0),1,,13,cupy_copy__complex64_complex64
4278221218,11904,267458,1434,1,1,128,1,1,16,0.000,0.000,,,,,NVIDIA A100-SXM4-40GB MIG 4g.20gb (0),1,,13,cupy_copy__complex64_complex64
4278335681,81823,267463,1,1,1,32,32,1,30,0.000,0.000,,,,,NVIDIA A100-SXM4-40GB MIG 4g.20gb (0),1,,13,"void convert_kernel<__half2, float2>(tensor_layout_any, T1 *, tensor_layout_any, const T2 *)"
4278444415,5760,267466,,,,,,,,,,0.094,16266.656,Pinned,Device,NVIDIA A100-SXM4-40GB MIG 4g.20gb (0),1,,13,[CUDA memcpy Host-to-Device]
4278456927,597369,267467,,,,,,,,,,456.561,764283.851,Device,,NVIDIA A100-SXM4-40GB MIG 4g.20gb (0),1,,13,[CUDA memset]
4279055320,139518,267472,,,,,,,,,,1.235,8850.844,Pinned,Device,NVIDIA A100-SXM4-40GB MIG 4g.20gb (0),1,,13,[CUDA memcpy Host-to-Device]
4279203094,19328,267473,,,,,,,,,,0.197,10172.105,Pinned,Device,NVIDIA A100-SXM4-40GB MIG 4g.20gb (0),1,,13,[CUDA memcpy Host-to-Device]
4279233014,8671,267474,69,4,1,48,1,1,76,0.002,0.000,,,,,NVIDIA A100-SXM4-40GB MIG 4g.20gb (0),1,,13,"void ch_est::windowedChEstPreNoDftSOfdmKernel<float, __half, float, (unsigned int)2, (unsigned int)1, (unsigned short)4>(ch_est::puschRxChEstStatDescr_t *, ch_est::puschRxChEstDynDescr_t *)"
4279248341,7008,267475,137,2,1,24,2,1,44,0.001,0.001,,,,,NVIDIA A100-SXM4-40GB MIG 4g.20gb (0),1,,13,"void ch_est::chEstFilterNoDftSOfdmDispatchKernel<float, __half, float, (unsigned int)2>(ch_est::puschRxChEstStatDescr_t *, ch_est::puschRxChEstDynDescr_t *)"
4279262741,4992,267476,137,2,1,24,2,1,44,0.001,0.001,,,,,NVIDIA A100-SXM4-40GB MIG 4g.20gb (0),1,,13,"void ch_est::chEstFilterNoDftSOfdmDispatchKernel<float, __half, float, (unsigned int)2>(ch_est::puschRxChEstStatDescr_t *, ch_est::puschRxChEstDynDescr_t *)"
4279270933,2528,267487,103,1,1,128,1,1,16,0.000,0.000,,,,,NVIDIA A100-SXM4-40GB MIG 4g.20gb (0),1,,13,cupy_copy__complex64_complex64
4279278901,12448,267497,1434,1,1,128,1,1,16,0.000,0.000,,,,,NVIDIA A100-SXM4-40GB MIG 4g.20gb (0),1,,13,cupy_copy__complex64_complex64
4279294069,2784,267504,103,1,1,128,1,1,16,0.000,0.000,,,,,NVIDIA A100-SXM4-40GB MIG 4g.20gb (0),1,,13,cupy_copy__complex64_complex64
4279302517,90367,267511,1,1,1,32,32,1,30,0.000,0.000,,,,,NVIDIA A100-SXM4-40GB MIG 4g.20gb (0),1,,13,"void convert_kernel<__half2, float2>(tensor_layout_any, T1 *, tensor_layout_any, const T2 *)"
4279423763,13568,267514,,,,,,,,,,0.094,6905.583,Pinned,Device,NVIDIA A100-SXM4-40GB MIG 4g.20gb (0),1,,13,[CUDA memcpy Host-to-Device]
4279450515,47199,267515,,,,,,,,,,35.810,758668.965,Device,,NVIDIA A100-SXM4-40GB MIG 4g.20gb (0),1,,13,[CUDA memset]
4279498482,7840,267517,,,,,,,,,,0.000,10.204,Pinned,Device,NVIDIA A100-SXM4-40GB MIG 4g.20gb (0),1,,13,[CUDA memcpy Host-to-Device]
4279511090,25152,267518,,,,,,,,,,0.197,7816.741,Pinned,Device,NVIDIA A100-SXM4-40GB MIG 4g.20gb (0),1,,13,[CUDA memcpy Host-to-Device]
4279549810,9152,267519,273,1,1,48,1,1,40,0.000,0.001,,,,,NVIDIA A100-SXM4-40GB MIG 4g.20gb (0),1,,13,"void pusch_noise_intf_est::noiseIntfEstNoDftSOfdmKernel<float, __half, float, float, (unsigned int)2, (unsigned int)1, (unsigned char)4, (unsigned char)4>(pusch_noise_intf_est::puschRxNoiseIntfEstDynDescr)"
4279570673,2848,267530,35,1,1,128,1,1,16,0.000,0.000,,,,,NVIDIA A100-SXM4-40GB MIG 4g.20gb (0),1,,13,cupy_copy__complex64_complex64
4279579953,1696,267539,1,1,1,1,1,1,18,0.000,0.000,,,,,NVIDIA A100-SXM4-40GB MIG 4g.20gb (0),1,,13,cupy_copy__float32_float32
4279589585,6560,267545,,,,,,,,,,0.000,0.610,Device,Pageable,NVIDIA A100-SXM4-40GB MIG 4g.20gb (0),1,,7,[CUDA memcpy Device-to-Host]
4279671152,13472,267556,1434,1,1,128,1,1,16,0.000,0.000,,,,,NVIDIA A100-SXM4-40GB MIG 4g.20gb (0),1,,13,cupy_copy__complex64_complex64
4279700400,6784,267563,103,1,1,128,1,1,16,0.000,0.000,,,,,NVIDIA A100-SXM4-40GB MIG 4g.20gb (0),1,,13,cupy_copy__complex64_complex64
4279723919,2656,267570,35,1,1,128,1,1,16,0.000,0.000,,,,,NVIDIA A100-SXM4-40GB MIG 4g.20gb (0),1,,13,cupy_copy__complex64_complex64
4279743119,1984,267577,1,1,1,1,1,1,18,0.000,0.000,,,,,NVIDIA A100-SXM4-40GB MIG 4g.20gb (0),1,,13,cupy_copy__float32_float32
4279864558,82271,267588,1,1,1,32,32,1,30,0.000,0.000,,,,,NVIDIA A100-SXM4-40GB MIG 4g.20gb (0),1,,13,"void convert_kernel<__half2, float2>(tensor_layout_any, T1 *, tensor_layout_any, const T2 *)"
4279975340,6176,267591,,,,,,,,,,0.094,15170.975,Pinned,Device,NVIDIA A100-SXM4-40GB MIG 4g.20gb (0),1,,13,[CUDA memcpy Host-to-Device]
4279988940,3136,267592,,,,,,,,,,1.547,493182.821,Device,,NVIDIA A100-SXM4-40GB MIG 4g.20gb (0),1,,13,[CUDA memset]
4279995852,3520,267597,,,,,,,,,,0.031,8890.881,Pinned,Device,NVIDIA A100-SXM4-40GB MIG 4g.20gb (0),1,,13,[CUDA memcpy Host-to-Device]
4280001836,9664,267598,,,,,,,,,,0.197,20344.209,Pinned,Device,NVIDIA A100-SXM4-40GB MIG 4g.20gb (0),1,,13,[CUDA memcpy Host-to-Device]
4280015724,6560,267599,273,1,1,8,4,1,39,0.002,0.000,,,,,NVIDIA A100-SXM4-40GB MIG 4g.20gb (0),1,,13,"void channel_eq::eqMmseCoefCompLowMimoKernel<float, float, float, (unsigned int)4, (unsigned int)1, (unsigned int)4>(const channel_eq::_puschRxChEqStatDescr *, channel_eq::_puschRxChEqCoefCompDynDescr)"
4280024108,7232,267600,273,1,1,12,11,1,51,0.002,0.000,,,,,NVIDIA A100-SXM4-40GB MIG 4g.20gb (0),1,,13,"void channel_eq::eqMmseSoftDemapKernel<float, __half, __half, float, (unsigned int)4, (unsigned short)16383>(channel_eq::_puschRxChEqStatDescr *, channel_eq::_puschRxChEqSoftDemapDynDescr)"
4280032268,282396,267601,1,1,1,32,32,1,30,0.000,0.000,,,,,NVIDIA A100-SXM4-40GB MIG 4g.20gb (0),1,,13,"void convert_kernel<float2, __half2>(tensor_layout_any, T1 *, tensor_layout_any, const T2 *)"
4280317096,10912,267613,2253,1,1,128,1,1,16,0.000,0.000,,,,,NVIDIA A100-SXM4-40GB MIG 4g.20gb (0),1,,13,cupy_copy__float16_float16
4280331272,3552,267622,282,1,1,128,1,1,16,0.000,0.000,,,,,NVIDIA A100-SXM4-40GB MIG 4g.20gb (0),1,,13,cupy_copy__complex64_complex64
4280337288,2112,267631,26,1,1,128,1,1,16,0.000,0.000,,,,,NVIDIA A100-SXM4-40GB MIG 4g.20gb (0),1,,13,cupy_copy__float32_float32
4280340456,3232,267640,103,1,1,128,1,1,16,0.000,0.000,,,,,NVIDIA A100-SXM4-40GB MIG 4g.20gb (0),1,,13,cupy_copy__complex64_complex64
4280346920,12160,267650,1434,1,1,128,1,1,16,0.000,0.000,,,,,NVIDIA A100-SXM4-40GB MIG 4g.20gb (0),1,,13,cupy_copy__complex64_complex64
4280360392,81887,267655,1,1,1,32,32,1,30,0.000,0.000,,,,,NVIDIA A100-SXM4-40GB MIG 4g.20gb (0),1,,13,"void convert_kernel<__half2, float2>(tensor_layout_any, T1 *, tensor_layout_any, const T2 *)"
4280469414,5696,267658,,,,,,,,,,0.094,16449.363,Pinned,Device,NVIDIA A100-SXM4-40GB MIG 4g.20gb (0),1,,13,[CUDA memcpy Host-to-Device]
4280479430,599001,267659,,,,,,,,,,456.561,762001.043,Device,,NVIDIA A100-SXM4-40GB MIG 4g.20gb (0),1,,13,[CUDA memset]
4281083103,161886,267664,,,,,,,,,,1.235,7628.249,Pinned,Device,NVIDIA A100-SXM4-40GB MIG 4g.20gb (0),1,,13,[CUDA memcpy Host-to-Device]
4281255517,39103,267665,,,,,,,,,,0.197,5027.856,Pinned,Device,NVIDIA A100-SXM4-40GB MIG 4g.20gb (0),1,,13,[CUDA memcpy Host-to-Device]
4281313820,8000,267666,69,4,1,48,1,1,76,0.002,0.000,,,,,NVIDIA A100-SXM4-40GB MIG 4g.20gb (0),1,,13,"void ch_est::windowedChEstPreNoDftSOfdmKernel<float, __half, float, (unsigned int)2, (unsigned int)1, (unsigned short)4>(ch_est::puschRxChEstStatDescr_t *, ch_est::puschRxChEstDynDescr_t *)"
4281330588,6944,267667,137,2,1,24,2,1,44,0.001,0.001,,,,,NVIDIA A100-SXM4-40GB MIG 4g.20gb (0),1,,13,"void ch_est::chEstFilterNoDftSOfdmDispatchKernel<float, __half, float, (unsigned int)2>(ch_est::puschRxChEstStatDescr_t *, ch_est::puschRxChEstDynDescr_t *)"
4281345180,4767,267668,137,2,1,24,2,1,44,0.001,0.001,,,,,NVIDIA A100-SXM4-40GB MIG 4g.20gb (0),1,,13,"void ch_est::chEstFilterNoDftSOfdmDispatchKernel<float, __half, float, (unsigned int)2>(ch_est::puschRxChEstStatDescr_t *, ch_est::puschRxChEstDynDescr_t *)"
4281358843,2560,267679,103,1,1,128,1,1,16,0.000,0.000,,,,,NVIDIA A100-SXM4-40GB MIG 4g.20gb (0),1,,13,cupy_copy__complex64_complex64
4281372667,12512,267689,1434,1,1,128,1,1,16,0.000,0.000,,,,,NVIDIA A100-SXM4-40GB MIG 4g.20gb (0),1,,13,cupy_copy__complex64_complex64
4281404187,2464,267696,103,1,1,128,1,1,16,0.000,0.000,,,,,NVIDIA A100-SXM4-40GB MIG 4g.20gb (0),1,,13,cupy_copy__complex64_complex64
4281417595,83039,267703,1,1,1,32,32,1,30,0.000,0.000,,,,,NVIDIA A100-SXM4-40GB MIG 4g.20gb (0),1,,13,"void convert_kernel<__half2, float2>(tensor_layout_any, T1 *, tensor_layout_any, const T2 *)"
4281530841,6080,267706,,,,,,,,,,0.094,15410.462,Pinned,Device,NVIDIA A100-SXM4-40GB MIG 4g.20gb (0),1,,13,[CUDA memcpy Host-to-Device]
4281544857,47231,267707,,,,,,,,,,35.810,758167.626,Device,,NVIDIA A100-SXM4-40GB MIG 4g.20gb (0),1,,13,[CUDA memset]
4281599960,4704,267709,,,,,,,,,,0.000,17.007,Pinned,Device,NVIDIA A100-SXM4-40GB MIG 4g.20gb (0),1,,13,[CUDA memcpy Host-to-Device]
4281609432,12384,267710,,,,,,,,,,0.197,15875.899,Pinned,Device,NVIDIA A100-SXM4-40GB MIG 4g.20gb (0),1,,13,[CUDA memcpy Host-to-Device]
4281629688,10464,267711,273,1,1,48,1,1,40,0.000,0.001,,,,,NVIDIA A100-SXM4-40GB MIG 4g.20gb (0),1,,13,"void pusch_noise_intf_est::noiseIntfEstNoDftSOfdmKernel<float, __half, float, float, (unsigned int)2, (unsigned int)1, (unsigned char)4, (unsigned char)4>(pusch_noise_intf_est::puschRxNoiseIntfEstDynDescr)"
4281642200,2912,267722,35,1,1,128,1,1,16,0.000,0.000,,,,,NVIDIA A100-SXM4-40GB MIG 4g.20gb (0),1,,13,cupy_copy__complex64_complex64
4281659032,2176,267731,1,1,1,1,1,1,18,0.000,0.000,,,,,NVIDIA A100-SXM4-40GB MIG 4g.20gb (0),1,,13,cupy_copy__float32_float32
4281690391,1600,267737,,,,,,,,,,0.000,2.500,Device,Pageable,NVIDIA A100-SXM4-40GB MIG 4g.20gb (0),1,,7,[CUDA memcpy Device-to-Host]
4281755062,12864,267748,1434,1,1,128,1,1,16,0.000,0.000,,,,,NVIDIA A100-SXM4-40GB MIG 4g.20gb (0),1,,13,cupy_copy__complex64_complex64
4281780534,2656,267755,103,1,1,128,1,1,16,0.000,0.000,,,,,NVIDIA A100-SXM4-40GB MIG 4g.20gb (0),1,,13,cupy_copy__complex64_complex64
4281801750,2176,267762,35,1,1,128,1,1,16,0.000,0.000,,,,,NVIDIA A100-SXM4-40GB MIG 4g.20gb (0),1,,13,cupy_copy__complex64_complex64
4281819382,1856,267769,1,1,1,1,1,1,18,0.000,0.000,,,,,NVIDIA A100-SXM4-40GB MIG 4g.20gb (0),1,,13,cupy_copy__float32_float32
4281953748,87487,267780,1,1,1,32,32,1,30,0.000,0.000,,,,,NVIDIA A100-SXM4-40GB MIG 4g.20gb (0),1,,13,"void convert_kernel<__half2, float2>(tensor_layout_any, T1 *, tensor_layout_any, const T2 *)"
4282070355,6239,267783,,,,,,,,,,0.094,15017.782,Pinned,Device,NVIDIA A100-SXM4-40GB MIG 4g.20gb (0),1,,13,[CUDA memcpy Host-to-Device]
4282085266,3456,267784,,,,,,,,,,1.547,447517.201,Device,,NVIDIA A100-SXM4-40GB MIG 4g.20gb (0),1,,13,[CUDA memset]
4282091698,3072,267789,,,,,,,,,,0.031,10187.474,Pinned,Device,NVIDIA A100-SXM4-40GB MIG 4g.20gb (0),1,,13,[CUDA memcpy Host-to-Device]
4282097266,9504,267790,,,,,,,,,,0.197,20686.701,Pinned,Device,NVIDIA A100-SXM4-40GB MIG 4g.20gb (0),1,,13,[CUDA memcpy Host-to-Device]
4282110130,8096,267791,273,1,1,8,4,1,39,0.002,0.000,,,,,NVIDIA A100-SXM4-40GB MIG 4g.20gb (0),1,,13,"void channel_eq::eqMmseCoefCompLowMimoKernel<float, float, float, (unsigned int)4, (unsigned int)1, (unsigned int)4>(const channel_eq::_puschRxChEqStatDescr *, channel_eq::_puschRxChEqCoefCompDynDescr)"
4282120722,5856,267792,273,1,1,12,11,1,51,0.002,0.000,,,,,NVIDIA A100-SXM4-40GB MIG 4g.20gb (0),1,,13,"void channel_eq::eqMmseSoftDemapKernel<float, __half, __half, float, (unsigned int)4, (unsigned short)16383>(channel_eq::_puschRxChEqStatDescr *, channel_eq::_puschRxChEqSoftDemapDynDescr)"
4282128594,294716,267793,1,1,1,32,32,1,30,0.000,0.000,,,,,NVIDIA A100-SXM4-40GB MIG 4g.20gb (0),1,,13,"void convert_kernel<float2, __half2>(tensor_layout_any, T1 *, tensor_layout_any, const T2 *)"
4282425902,11232,267805,2253,1,1,128,1,1,16,0.000,0.000,,,,,NVIDIA A100-SXM4-40GB MIG 4g.20gb (0),1,,13,cupy_copy__float16_float16
4282439406,3584,267814,282,1,1,128,1,1,16,0.000,0.000,,,,,NVIDIA A100-SXM4-40GB MIG 4g.20gb (0),1,,13,cupy_copy__complex64_complex64
4282446510,2176,267823,26,1,1,128,1,1,16,0.000,0.000,,,,,NVIDIA A100-SXM4-40GB MIG 4g.20gb (0),1,,13,cupy_copy__float32_float32
4282452366,3040,267832,103,1,1,128,1,1,16,0.000,0.000,,,,,NVIDIA A100-SXM4-40GB MIG 4g.20gb (0),1,,13,cupy_copy__complex64_complex64
4282458670,12032,267842,1434,1,1,128,1,1,16,0.000,0.000,,,,,NVIDIA A100-SXM4-40GB MIG 4g.20gb (0),1,,13,cupy_copy__complex64_complex64
4282477294,87550,267847,1,1,1,32,32,1,30,0.000,0.000,,,,,NVIDIA A100-SXM4-40GB MIG 4g.20gb (0),1,,13,"void convert_kernel<__half2, float2>(tensor_layout_any, T1 *, tensor_layout_any, const T2 *)"
4282592364,5792,267850,,,,,,,,,,0.094,16176.708,Pinned,Device,NVIDIA A100-SXM4-40GB MIG 4g.20gb (0),1,,13,[CUDA memcpy Host-to-Device]
4282603052,600537,267851,,,,,,,,,,456.561,760174.798,Device,,NVIDIA A100-SXM4-40GB MIG 4g.20gb (0),1,,13,[CUDA memset]
4283207397,151358,267856,,,,,,,,,,1.235,8158.040,Pinned,Device,NVIDIA A100-SXM4-40GB MIG 4g.20gb (0),1,,13,[CUDA memcpy Host-to-Device]
4283367907,41535,267857,,,,,,,,,,0.197,4733.534,Pinned,Device,NVIDIA A100-SXM4-40GB MIG 4g.20gb (0),1,,13,[CUDA memcpy Host-to-Device]
4283438594,8000,267858,69,4,1,48,1,1,76,0.002,0.000,,,,,NVIDIA A100-SXM4-40GB MIG 4g.20gb (0),1,,13,"void ch_est::windowedChEstPreNoDftSOfdmKernel<float, __half, float, (unsigned int)2, (unsigned int)1, (unsigned short)4>(ch_est::puschRxChEstStatDescr_t *, ch_est::puschRxChEstDynDescr_t *)"
4283458177,6528,267859,137,2,1,24,2,1,44,0.001,0.001,,,,,NVIDIA A100-SXM4-40GB MIG 4g.20gb (0),1,,13,"void ch_est::chEstFilterNoDftSOfdmDispatchKernel<float, __half, float, (unsigned int)2>(ch_est::puschRxChEstStatDescr_t *, ch_est::puschRxChEstDynDescr_t *)"
4283474817,4736,267860,137,2,1,24,2,1,44,0.001,0.001,,,,,NVIDIA A100-SXM4-40GB MIG 4g.20gb (0),1,,13,"void ch_est::chEstFilterNoDftSOfdmDispatchKernel<float, __half, float, (unsigned int)2>(ch_est::puschRxChEstStatDescr_t *, ch_est::puschRxChEstDynDescr_t *)"
4283492097,2560,267871,103,1,1,128,1,1,16,0.000,0.000,,,,,NVIDIA A100-SXM4-40GB MIG 4g.20gb (0),1,,13,cupy_copy__complex64_complex64
4283508609,12576,267881,1434,1,1,128,1,1,16,0.000,0.000,,,,,NVIDIA A100-SXM4-40GB MIG 4g.20gb (0),1,,13,cupy_copy__complex64_complex64
4283530401,2880,267888,103,1,1,128,1,1,16,0.000,0.000,,,,,NVIDIA A100-SXM4-40GB MIG 4g.20gb (0),1,,13,cupy_copy__complex64_complex64
4283552480,87519,267895,1,1,1,32,32,1,30,0.000,0.000,,,,,NVIDIA A100-SXM4-40GB MIG 4g.20gb (0),1,,13,"void convert_kernel<__half2, float2>(tensor_layout_any, T1 *, tensor_layout_any, const T2 *)"
4283670591,12544,267898,,,,,,,,,,0.094,7469.351,Pinned,Device,NVIDIA A100-SXM4-40GB MIG 4g.20gb (0),1,,13,[CUDA memcpy Host-to-Device]
4283688127,47359,267899,,,,,,,,,,35.810,756126.461,Device,,NVIDIA A100-SXM4-40GB MIG 4g.20gb (0),1,,13,[CUDA memset]
4283742462,5568,267901,,,,,,,,,,0.000,14.368,Pinned,Device,NVIDIA A100-SXM4-40GB MIG 4g.20gb (0),1,,13,[CUDA memcpy Host-to-Device]
4283754302,16768,267902,,,,,,,,,,0.197,11725.111,Pinned,Device,NVIDIA A100-SXM4-40GB MIG 4g.20gb (0),1,,13,[CUDA memcpy Host-to-Device]
4283779678,9535,267903,273,1,1,48,1,1,40,0.000,0.001,,,,,NVIDIA A100-SXM4-40GB MIG 4g.20gb (0),1,,13,"void pusch_noise_intf_est::noiseIntfEstNoDftSOfdmKernel<float, __half, float, float, (unsigned int)2, (unsigned int)1, (unsigned char)4, (unsigned char)4>(pusch_noise_intf_est::puschRxNoiseIntfEstDynDescr)"
4283790749,3168,267914,35,1,1,128,1,1,16,0.000,0.000,,,,,NVIDIA A100-SXM4-40GB MIG 4g.20gb (0),1,,13,cupy_copy__complex64_complex64
4283798685,1984,267923,1,1,1,1,1,1,18,0.000,0.000,,,,,NVIDIA A100-SXM4-40GB MIG 4g.20gb (0),1,,13,cupy_copy__float32_float32
4283823357,1568,267929,,,,,,,,,,0.000,2.551,Device,Pageable,NVIDIA A100-SXM4-40GB MIG 4g.20gb (0),1,,7,[CUDA memcpy Device-to-Host]
4283884380,12832,267940,1434,1,1,128,1,1,16,0.000,0.000,,,,,NVIDIA A100-SXM4-40GB MIG 4g.20gb (0),1,,13,cupy_copy__complex64_complex64
4283912796,2656,267947,103,1,1,128,1,1,16,0.000,0.000,,,,,NVIDIA A100-SXM4-40GB MIG 4g.20gb (0),1,,13,cupy_copy__complex64_complex64
4283931996,2272,267954,35,1,1,128,1,1,16,0.000,0.000,,,,,NVIDIA A100-SXM4-40GB MIG 4g.20gb (0),1,,13,cupy_copy__complex64_complex64
4283951291,1824,267961,1,1,1,1,1,1,18,0.000,0.000,,,,,NVIDIA A100-SXM4-40GB MIG 4g.20gb (0),1,,13,cupy_copy__float32_float32
4284081882,86271,267972,1,1,1,32,32,1,30,0.000,0.000,,,,,NVIDIA A100-SXM4-40GB MIG 4g.20gb (0),1,,13,"void convert_kernel<__half2, float2>(tensor_layout_any, T1 *, tensor_layout_any, const T2 *)"
4284195288,5440,267975,,,,,,,,,,0.094,17223.480,Pinned,Device,NVIDIA A100-SXM4-40GB MIG 4g.20gb (0),1,,13,[CUDA memcpy Host-to-Device]
4284211736,3104,267976,,,,,,,,,,1.547,498266.574,Device,,NVIDIA A100-SXM4-40GB MIG 4g.20gb (0),1,,13,[CUDA memset]
4284216632,3264,267981,,,,,,,,,,0.031,9588.218,Pinned,Device,NVIDIA A100-SXM4-40GB MIG 4g.20gb (0),1,,13,[CUDA memcpy Host-to-Device]
4284222392,9632,267982,,,,,,,,,,0.197,20411.843,Pinned,Device,NVIDIA A100-SXM4-40GB MIG 4g.20gb (0),1,,13,[CUDA memcpy Host-to-Device]
4284238104,6720,267983,273,1,1,8,4,1,39,0.002,0.000,,,,,NVIDIA A100-SXM4-40GB MIG 4g.20gb (0),1,,13,"void channel_eq::eqMmseCoefCompLowMimoKernel<float, float, float, (unsigned int)4, (unsigned int)1, (unsigned int)4>(const channel_eq::_puschRxChEqStatDescr *, channel_eq::_puschRxChEqCoefCompDynDescr)"
4284245912,6144,267984,273,1,1,12,11,1,51,0.002,0.000,,,,,NVIDIA A100-SXM4-40GB MIG 4g.20gb (0),1,,13,"void channel_eq::eqMmseSoftDemapKernel<float, __half, __half, float, (unsigned int)4, (unsigned short)16383>(channel_eq::_puschRxChEqStatDescr *, channel_eq::_puschRxChEqSoftDemapDynDescr)"
4284253208,282364,267985,1,1,1,32,32,1,30,0.000,0.000,,,,,NVIDIA A100-SXM4-40GB MIG 4g.20gb (0),1,,13,"void convert_kernel<float2, __half2>(tensor_layout_any, T1 *, tensor_layout_any, const T2 *)"
4284538484,10976,267997,2253,1,1,128,1,1,16,0.000,0.000,,,,,NVIDIA A100-SXM4-40GB MIG 4g.20gb (0),1,,13,cupy_copy__float16_float16
4284552852,3616,268006,282,1,1,128,1,1,16,0.000,0.000,,,,,NVIDIA A100-SXM4-40GB MIG 4g.20gb (0),1,,13,cupy_copy__complex64_complex64
4284557556,2016,268015,26,1,1,128,1,1,16,0.000,0.000,,,,,NVIDIA A100-SXM4-40GB MIG 4g.20gb (0),1,,13,cupy_copy__float32_float32
4284561236,3520,268024,103,1,1,128,1,1,16,0.000,0.000,,,,,NVIDIA A100-SXM4-40GB MIG 4g.20gb (0),1,,13,cupy_copy__complex64_complex64
4284565812,12064,268034,1434,1,1,128,1,1,16,0.000,0.000,,,,,NVIDIA A100-SXM4-40GB MIG 4g.20gb (0),1,,13,cupy_copy__complex64_complex64
4284585460,81823,268039,1,1,1,32,32,1,30,0.000,0.000,,,,,NVIDIA A100-SXM4-40GB MIG 4g.20gb (0),1,,13,"void convert_kernel<__half2, float2>(tensor_layout_any, T1 *, tensor_layout_any, const T2 *)"
4284694002,5824,268042,,,,,,,,,,0.094,16087.884,Pinned,Device,NVIDIA A100-SXM4-40GB MIG 4g.20gb (0),1,,13,[CUDA memcpy Host-to-Device]
4284703890,598521,268043,,,,,,,,,,456.561,762457.605,Device,,NVIDIA A100-SXM4-40GB MIG 4g.20gb (0),1,,13,[CUDA memset]
4285309867,155710,268048,,,,,,,,,,1.235,7930.810,Pinned,Device,NVIDIA A100-SXM4-40GB MIG 4g.20gb (0),1,,13,[CUDA memcpy Host-to-Device]
4285480617,41663,268049,,,,,,,,,,0.197,4718.985,Pinned,Device,NVIDIA A100-SXM4-40GB MIG 4g.20gb (0),1,,13,[CUDA memcpy Host-to-Device]
4285539912,8480,268050,69,4,1,48,1,1,76,0.002,0.000,,,,,NVIDIA A100-SXM4-40GB MIG 4g.20gb (0),1,,13,"void ch_est::windowedChEstPreNoDftSOfdmKernel<float, __half, float, (unsigned int)2, (unsigned int)1, (unsigned short)4>(ch_est::puschRxChEstStatDescr_t *, ch_est::puschRxChEstDynDescr_t *)"
4285559336,6847,268051,137,2,1,24,2,1,44,0.001,0.001,,,,,NVIDIA A100-SXM4-40GB MIG 4g.20gb (0),1,,13,"void ch_est::chEstFilterNoDftSOfdmDispatchKernel<float, __half, float, (unsigned int)2>(ch_est::puschRxChEstStatDescr_t *, ch_est::puschRxChEstDynDescr_t *)"
4285577191,4736,268052,137,2,1,24,2,1,44,0.001,0.001,,,,,NVIDIA A100-SXM4-40GB MIG 4g.20gb (0),1,,13,"void ch_est::chEstFilterNoDftSOfdmDispatchKernel<float, __half, float, (unsigned int)2>(ch_est::puschRxChEstStatDescr_t *, ch_est::puschRxChEstDynDescr_t *)"
4285594407,2688,268063,103,1,1,128,1,1,16,0.000,0.000,,,,,NVIDIA A100-SXM4-40GB MIG 4g.20gb (0),1,,13,cupy_copy__complex64_complex64
4285610951,12640,268073,1434,1,1,128,1,1,16,0.000,0.000,,,,,NVIDIA A100-SXM4-40GB MIG 4g.20gb (0),1,,13,cupy_copy__complex64_complex64
4285630407,2912,268080,103,1,1,128,1,1,16,0.000,0.000,,,,,NVIDIA A100-SXM4-40GB MIG 4g.20gb (0),1,,13,cupy_copy__complex64_complex64
4285656390,85919,268087,1,1,1,32,32,1,30,0.000,0.000,,,,,NVIDIA A100-SXM4-40GB MIG 4g.20gb (0),1,,13,"void convert_kernel<__half2, float2>(tensor_layout_any, T1 *, tensor_layout_any, const T2 *)"
4285776261,26688,268090,,,,,,,,,,0.094,3510.789,Pinned,Device,NVIDIA A100-SXM4-40GB MIG 4g.20gb (0),1,,13,[CUDA memcpy Host-to-Device]
4285830116,46944,268091,,,,,,,,,,35.810,762787.106,Device,,NVIDIA A100-SXM4-40GB MIG 4g.20gb (0),1,,13,[CUDA memset]
4285877988,13599,268093,,,,,,,,,,0.000,5.883,Pinned,Device,NVIDIA A100-SXM4-40GB MIG 4g.20gb (0),1,,13,[CUDA memcpy Host-to-Device]
4285902211,24352,268094,,,,,,,,,,0.197,8073.511,Pinned,Device,NVIDIA A100-SXM4-40GB MIG 4g.20gb (0),1,,13,[CUDA memcpy Host-to-Device]
4285952739,9600,268095,273,1,1,48,1,1,40,0.000,0.001,,,,,NVIDIA A100-SXM4-40GB MIG 4g.20gb (0),1,,13,"void pusch_noise_intf_est::noiseIntfEstNoDftSOfdmKernel<float, __half, float, float, (unsigned int)2, (unsigned int)1, (unsigned char)4, (unsigned char)4>(pusch_noise_intf_est::puschRxNoiseIntfEstDynDescr)"
4285967459,2976,268106,35,1,1,128,1,1,16,0.000,0.000,,,,,NVIDIA A100-SXM4-40GB MIG 4g.20gb (0),1,,13,cupy_copy__complex64_complex64
4285978242,1696,268115,1,1,1,1,1,1,18,0.000,0.000,,,,,NVIDIA A100-SXM4-40GB MIG 4g.20gb (0),1,,13,cupy_copy__float32_float32
4285980578,5952,268121,,,,,,,,,,0.000,0.672,Device,Pageable,NVIDIA A100-SXM4-40GB MIG 4g.20gb (0),1,,7,[CUDA memcpy Device-to-Host]
4286062369,12768,268132,1434,1,1,128,1,1,16,0.000,0.000,,,,,NVIDIA A100-SXM4-40GB MIG 4g.20gb (0),1,,13,cupy_copy__complex64_complex64
4286088129,3008,268139,103,1,1,128,1,1,16,0.000,0.000,,,,,NVIDIA A100-SXM4-40GB MIG 4g.20gb (0),1,,13,cupy_copy__complex64_complex64
4286115265,2624,268146,35,1,1,128,1,1,16,0.000,0.000,,,,,NVIDIA A100-SXM4-40GB MIG 4g.20gb (0),1,,13,cupy_copy__complex64_complex64
4286128609,1792,268153,1,1,1,1,1,1,18,0.000,0.000,,,,,NVIDIA A100-SXM4-40GB MIG 4g.20gb (0),1,,13,cupy_copy__float32_float32
4286254975,83327,268164,1,1,1,32,32,1,30,0.000,0.000,,,,,NVIDIA A100-SXM4-40GB MIG 4g.20gb (0),1,,13,"void convert_kernel<__half2, float2>(tensor_layout_any, T1 *, tensor_layout_any, const T2 *)"
4286366046,5952,268167,,,,,,,,,,0.094,15741.865,Pinned,Device,NVIDIA A100-SXM4-40GB MIG 4g.20gb (0),1,,13,[CUDA memcpy Host-to-Device]
4286382013,3392,268168,,,,,,,,,,1.547,455961.768,Device,,NVIDIA A100-SXM4-40GB MIG 4g.20gb (0),1,,13,[CUDA memset]
4286388189,3008,268173,,,,,,,,,,0.031,10404.230,Pinned,Device,NVIDIA A100-SXM4-40GB MIG 4g.20gb (0),1,,13,[CUDA memcpy Host-to-Device]
4286393789,9376,268174,,,,,,,,,,0.197,20969.226,Pinned,Device,NVIDIA A100-SXM4-40GB MIG 4g.20gb (0),1,,13,[CUDA memcpy Host-to-Device]
4286409085,8160,268175,273,1,1,8,4,1,39,0.002,0.000,,,,,NVIDIA A100-SXM4-40GB MIG 4g.20gb (0),1,,13,"void channel_eq::eqMmseCoefCompLowMimoKernel<float, float, float, (unsigned int)4, (unsigned int)1, (unsigned int)4>(const channel_eq::_puschRxChEqStatDescr *, channel_eq::_puschRxChEqCoefCompDynDescr)"
4286419069,6400,268176,273,1,1,12,11,1,51,0.002,0.000,,,,,NVIDIA A100-SXM4-40GB MIG 4g.20gb (0),1,,13,"void channel_eq::eqMmseSoftDemapKernel<float, __half, __half, float, (unsigned int)4, (unsigned short)16383>(channel_eq::_puschRxChEqStatDescr *, channel_eq::_puschRxChEqSoftDemapDynDescr)"
4286427005,282076,268177,1,1,1,32,32,1,30,0.000,0.000,,,,,NVIDIA A100-SXM4-40GB MIG 4g.20gb (0),1,,13,"void convert_kernel<float2, __half2>(tensor_layout_any, T1 *, tensor_layout_any, const T2 *)"
4286711961,10944,268189,2253,1,1,128,1,1,16,0.000,0.000,,,,,NVIDIA A100-SXM4-40GB MIG 4g.20gb (0),1,,13,cupy_copy__float16_float16
4286727545,2688,268198,282,1,1,128,1,1,16,0.000,0.000,,,,,NVIDIA A100-SXM4-40GB MIG 4g.20gb (0),1,,13,cupy_copy__complex64_complex64
4286731769,2304,268207,26,1,1,128,1,1,16,0.000,0.000,,,,,NVIDIA A100-SXM4-40GB MIG 4g.20gb (0),1,,13,cupy_copy__float32_float32
4286735161,2944,268216,103,1,1,128,1,1,16,0.000,0.000,,,,,NVIDIA A100-SXM4-40GB MIG 4g.20gb (0),1,,13,cupy_copy__complex64_complex64
4286741177,12192,268226,1434,1,1,128,1,1,16,0.000,0.000,,,,,NVIDIA A100-SXM4-40GB MIG 4g.20gb (0),1,,13,cupy_copy__complex64_complex64
4286758457,82431,268231,1,1,1,32,32,1,30,0.000,0.000,,,,,NVIDIA A100-SXM4-40GB MIG 4g.20gb (0),1,,13,"void convert_kernel<__half2, float2>(tensor_layout_any, T1 *, tensor_layout_any, const T2 *)"
4286872055,5664,268234,,,,,,,,,,0.094,16542.310,Pinned,Device,NVIDIA A100-SXM4-40GB MIG 4g.20gb (0),1,,13,[CUDA memcpy Host-to-Device]
4286882167,599897,268235,,,,,,,,,,456.561,760631.359,Device,,NVIDIA A100-SXM4-40GB MIG 4g.20gb (0),1,,13,[CUDA memset]
4287489872,88383,268240,,,,,,,,,,1.235,13972.156,Pinned,Device,NVIDIA A100-SXM4-40GB MIG 4g.20gb (0),1,,13,[CUDA memcpy Host-to-Device]
4287588207,22847,268241,,,,,,,,,,0.197,8605.336,Pinned,Device,NVIDIA A100-SXM4-40GB MIG 4g.20gb (0),1,,13,[CUDA memcpy Host-to-Device]
4287630158,8160,268242,69,4,1,48,1,1,76,0.002,0.000,,,,,NVIDIA A100-SXM4-40GB MIG 4g.20gb (0),1,,13,"void ch_est::windowedChEstPreNoDftSOfdmKernel<float, __half, float, (unsigned int)2, (unsigned int)1, (unsigned short)4>(ch_est::puschRxChEstStatDescr_t *, ch_est::puschRxChEstDynDescr_t *)"
4287640334,7104,268243,137,2,1,24,2,1,44,0.001,0.001,,,,,NVIDIA A100-SXM4-40GB MIG 4g.20gb (0),1,,13,"void ch_est::chEstFilterNoDftSOfdmDispatchKernel<float, __half, float, (unsigned int)2>(ch_est::puschRxChEstStatDescr_t *, ch_est::puschRxChEstDynDescr_t *)"
4287655566,6848,268244,137,2,1,24,2,1,44,0.001,0.001,,,,,NVIDIA A100-SXM4-40GB MIG 4g.20gb (0),1,,13,"void ch_est::chEstFilterNoDftSOfdmDispatchKernel<float, __half, float, (unsigned int)2>(ch_est::puschRxChEstStatDescr_t *, ch_est::puschRxChEstDynDescr_t *)"
4287670030,2912,268255,103,1,1,128,1,1,16,0.000,0.000,,,,,NVIDIA A100-SXM4-40GB MIG 4g.20gb (0),1,,13,cupy_copy__complex64_complex64
4287682381,12672,268265,1434,1,1,128,1,1,16,0.000,0.000,,,,,NVIDIA A100-SXM4-40GB MIG 4g.20gb (0),1,,13,cupy_copy__complex64_complex64
4287696653,2720,268272,103,1,1,128,1,1,16,0.000,0.000,,,,,NVIDIA A100-SXM4-40GB MIG 4g.20gb (0),1,,13,cupy_copy__complex64_complex64
4287709389,82431,268279,1,1,1,32,32,1,30,0.000,0.000,,,,,NVIDIA A100-SXM4-40GB MIG 4g.20gb (0),1,,13,"void convert_kernel<__half2, float2>(tensor_layout_any, T1 *, tensor_layout_any, const T2 *)"
4287819180,14528,268282,,,,,,,,,,0.094,6449.283,Pinned,Device,NVIDIA A100-SXM4-40GB MIG 4g.20gb (0),1,,13,[CUDA memcpy Host-to-Device]
4287841611,47712,268283,,,,,,,,,,35.810,750540.113,Device,,NVIDIA A100-SXM4-40GB MIG 4g.20gb (0),1,,13,[CUDA memset]
4287892939,11616,268285,,,,,,,,,,0.000,6.887,Pinned,Device,NVIDIA A100-SXM4-40GB MIG 4g.20gb (0),1,,13,[CUDA memcpy Host-to-Device]
4287913163,28991,268286,,,,,,,,,,0.197,6781.600,Pinned,Device,NVIDIA A100-SXM4-40GB MIG 4g.20gb (0),1,,13,[CUDA memcpy Host-to-Device]
4287954378,9248,268287,273,1,1,48,1,1,40,0.000,0.001,,,,,NVIDIA A100-SXM4-40GB MIG 4g.20gb (0),1,,13,"void pusch_noise_intf_est::noiseIntfEstNoDftSOfdmKernel<float, __half, float, float, (unsigned int)2, (unsigned int)1, (unsigned char)4, (unsigned char)4>(pusch_noise_intf_est::puschRxNoiseIntfEstDynDescr)"
4287982794,2720,268298,35,1,1,128,1,1,16,0.000,0.000,,,,,NVIDIA A100-SXM4-40GB MIG 4g.20gb (0),1,,13,cupy_copy__complex64_complex64
4287994730,1696,268307,1,1,1,1,1,1,18,0.000,0.000,,,,,NVIDIA A100-SXM4-40GB MIG 4g.20gb (0),1,,13,cupy_copy__float32_float32
4287998858,5855,268313,,,,,,,,,,0.000,0.683,Device,Pageable,NVIDIA A100-SXM4-40GB MIG 4g.20gb (0),1,,7,[CUDA memcpy Device-to-Host]
4288093064,12800,268324,1434,1,1,128,1,1,16,0.000,0.000,,,,,NVIDIA A100-SXM4-40GB MIG 4g.20gb (0),1,,13,cupy_copy__complex64_complex64
4288115240,3392,268331,103,1,1,128,1,1,16,0.000,0.000,,,,,NVIDIA A100-SXM4-40GB MIG 4g.20gb (0),1,,13,cupy_copy__complex64_complex64
4288136872,2560,268338,35,1,1,128,1,1,16,0.000,0.000,,,,,NVIDIA A100-SXM4-40GB MIG 4g.20gb (0),1,,13,cupy_copy__complex64_complex64
4288157512,1792,268345,1,1,1,1,1,1,18,0.000,0.000,,,,,NVIDIA A100-SXM4-40GB MIG 4g.20gb (0),1,,13,cupy_copy__float32_float32
4288281702,88639,268356,1,1,1,32,32,1,30,0.000,0.000,,,,,NVIDIA A100-SXM4-40GB MIG 4g.20gb (0),1,,13,"void convert_kernel<__half2, float2>(tensor_layout_any, T1 *, tensor_layout_any, const T2 *)"
4288400613,15167,268359,,,,,,,,,,0.094,6177.565,Pinned,Device,NVIDIA A100-SXM4-40GB MIG 4g.20gb (0),1,,13,[CUDA memcpy Host-to-Device]
4288424036,3552,268360,,,,,,,,,,1.547,435422.601,Device,,NVIDIA A100-SXM4-40GB MIG 4g.20gb (0),1,,13,[CUDA memset]
4288428932,7008,268365,,,,,,,,,,0.031,4465.751,Pinned,Device,NVIDIA A100-SXM4-40GB MIG 4g.20gb (0),1,,13,[CUDA memcpy Host-to-Device]
4288443108,18464,268366,,,,,,,,,,0.197,10648.093,Pinned,Device,NVIDIA A100-SXM4-40GB MIG 4g.20gb (0),1,,13,[CUDA memcpy Host-to-Device]
4288473508,8128,268367,273,1,1,8,4,1,39,0.002,0.000,,,,,NVIDIA A100-SXM4-40GB MIG 4g.20gb (0),1,,13,"void channel_eq::eqMmseCoefCompLowMimoKernel<float, float, float, (unsigned int)4, (unsigned int)1, (unsigned int)4>(const channel_eq::_puschRxChEqStatDescr *, channel_eq::_puschRxChEqCoefCompDynDescr)"
4288489667,6016,268368,273,1,1,12,11,1,51,0.002,0.000,,,,,NVIDIA A100-SXM4-40GB MIG 4g.20gb (0),1,,13,"void channel_eq::eqMmseSoftDemapKernel<float, __half, __half, float, (unsigned int)4, (unsigned short)16383>(channel_eq::_puschRxChEqStatDescr *, channel_eq::_puschRxChEqSoftDemapDynDescr)"
4288499075,283005,268369,1,1,1,32,32,1,30,0.000,0.000,,,,,NVIDIA A100-SXM4-40GB MIG 4g.20gb (0),1,,13,"void convert_kernel<float2, __half2>(tensor_layout_any, T1 *, tensor_layout_any, const T2 *)"
4288784704,11040,268381,2253,1,1,128,1,1,16,0.000,0.000,,,,,NVIDIA A100-SXM4-40GB MIG 4g.20gb (0),1,,13,cupy_copy__float16_float16
4288798496,3104,268390,282,1,1,128,1,1,16,0.000,0.000,,,,,NVIDIA A100-SXM4-40GB MIG 4g.20gb (0),1,,13,cupy_copy__complex64_complex64
4288805888,2240,268399,26,1,1,128,1,1,16,0.000,0.000,,,,,NVIDIA A100-SXM4-40GB MIG 4g.20gb (0),1,,13,cupy_copy__float32_float32
4288809280,4543,268408,103,1,1,128,1,1,16,0.000,0.000,,,,,NVIDIA A100-SXM4-40GB MIG 4g.20gb (0),1,,13,cupy_copy__complex64_complex64
4288816191,11968,268418,1434,1,1,128,1,1,16,0.000,0.000,,,,,NVIDIA A100-SXM4-40GB MIG 4g.20gb (0),1,,13,cupy_copy__complex64_complex64
4288831743,88031,268423,1,1,1,32,32,1,30,0.000,0.000,,,,,NVIDIA A100-SXM4-40GB MIG 4g.20gb (0),1,,13,"void convert_kernel<__half2, float2>(tensor_layout_any, T1 *, tensor_layout_any, const T2 *)"
4288946910,5600,268426,,,,,,,,,,0.094,16731.388,Pinned,Device,NVIDIA A100-SXM4-40GB MIG 4g.20gb (0),1,,13,[CUDA memcpy Host-to-Device]
4288956702,596952,268427,,,,,,,,,,456.561,764740.412,Device,,NVIDIA A100-SXM4-40GB MIG 4g.20gb (0),1,,13,[CUDA memset]
4289562998,162110,268432,,,,,,,,,,1.235,7617.135,Pinned,Device,NVIDIA A100-SXM4-40GB MIG 4g.20gb (0),1,,13,[CUDA memcpy Host-to-Device]
4289737748,24512,268433,,,,,,,,,,0.197,8020.820,Pinned,Device,NVIDIA A100-SXM4-40GB MIG 4g.20gb (0),1,,13,[CUDA memcpy Host-to-Device]
4289781812,7871,268434,69,4,1,48,1,1,76,0.002,0.000,,,,,NVIDIA A100-SXM4-40GB MIG 4g.20gb (0),1,,13,"void ch_est::windowedChEstPreNoDftSOfdmKernel<float, __half, float, (unsigned int)2, (unsigned int)1, (unsigned short)4>(ch_est::puschRxChEstStatDescr_t *, ch_est::puschRxChEstDynDescr_t *)"
4289797683,6624,268435,137,2,1,24,2,1,44,0.001,0.001,,,,,NVIDIA A100-SXM4-40GB MIG 4g.20gb (0),1,,13,"void ch_est::chEstFilterNoDftSOfdmDispatchKernel<float, __half, float, (unsigned int)2>(ch_est::puschRxChEstStatDescr_t *, ch_est::puschRxChEstDynDescr_t *)"
4289812307,4800,268436,137,2,1,24,2,1,44,0.001,0.001,,,,,NVIDIA A100-SXM4-40GB MIG 4g.20gb (0),1,,13,"void ch_est::chEstFilterNoDftSOfdmDispatchKernel<float, __half, float, (unsigned int)2>(ch_est::puschRxChEstStatDescr_t *, ch_est::puschRxChEstDynDescr_t *)"
4289822259,2528,268447,103,1,1,128,1,1,16,0.000,0.000,,,,,NVIDIA A100-SXM4-40GB MIG 4g.20gb (0),1,,13,cupy_copy__complex64_complex64
4289834035,12704,268457,1434,1,1,128,1,1,16,0.000,0.000,,,,,NVIDIA A100-SXM4-40GB MIG 4g.20gb (0),1,,13,cupy_copy__complex64_complex64
4289855379,2752,268464,103,1,1,128,1,1,16,0.000,0.000,,,,,NVIDIA A100-SXM4-40GB MIG 4g.20gb (0),1,,13,cupy_copy__complex64_complex64
4289864819,89182,268471,1,1,1,32,32,1,30,0.000,0.000,,,,,NVIDIA A100-SXM4-40GB MIG 4g.20gb (0),1,,13,"void convert_kernel<__half2, float2>(tensor_layout_any, T1 *, tensor_layout_any, const T2 *)"
4289982833,10144,268474,,,,,,,,,,0.094,9236.552,Pinned,Device,NVIDIA A100-SXM4-40GB MIG 4g.20gb (0),1,,13,[CUDA memcpy Host-to-Device]
4290000817,47999,268475,,,,,,,,,,35.810,746028.063,Device,,NVIDIA A100-SXM4-40GB MIG 4g.20gb (0),1,,13,[CUDA memset]
4290055024,3840,268477,,,,,,,,,,0.000,20.833,Pinned,Device,NVIDIA A100-SXM4-40GB MIG 4g.20gb (0),1,,13,[CUDA memcpy Host-to-Device]
4290068240,17696,268478,,,,,,,,,,0.197,11110.121,Pinned,Device,NVIDIA A100-SXM4-40GB MIG 4g.20gb (0),1,,13,[CUDA memcpy Host-to-Device]
4290098096,9088,268479,273,1,1,48,1,1,40,0.000,0.001,,,,,NVIDIA A100-SXM4-40GB MIG 4g.20gb (0),1,,13,"void pusch_noise_intf_est::noiseIntfEstNoDftSOfdmKernel<float, __half, float, float, (unsigned int)2, (unsigned int)1, (unsigned char)4, (unsigned char)4>(pusch_noise_intf_est::puschRxNoiseIntfEstDynDescr)"
4290116623,2880,268490,35,1,1,128,1,1,16,0.000,0.000,,,,,NVIDIA A100-SXM4-40GB MIG 4g.20gb (0),1,,13,cupy_copy__complex64_complex64
4290125359,1824,268499,1,1,1,1,1,1,18,0.000,0.000,,,,,NVIDIA A100-SXM4-40GB MIG 4g.20gb (0),1,,13,cupy_copy__float32_float32
4290139599,5792,268505,,,,,,,,,,0.000,0.691,Device,Pageable,NVIDIA A100-SXM4-40GB MIG 4g.20gb (0),1,,7,[CUDA memcpy Device-to-Host]
4290207310,12864,268516,1434,1,1,128,1,1,16,0.000,0.000,,,,,NVIDIA A100-SXM4-40GB MIG 4g.20gb (0),1,,13,cupy_copy__complex64_complex64
4290234190,2816,268523,103,1,1,128,1,1,16,0.000,0.000,,,,,NVIDIA A100-SXM4-40GB MIG 4g.20gb (0),1,,13,cupy_copy__complex64_complex64
4290256494,2432,268530,35,1,1,128,1,1,16,0.000,0.000,,,,,NVIDIA A100-SXM4-40GB MIG 4g.20gb (0),1,,13,cupy_copy__complex64_complex64
4290273837,1888,268537,1,1,1,1,1,1,18,0.000,0.000,,,,,NVIDIA A100-SXM4-40GB MIG 4g.20gb (0),1,,13,cupy_copy__float32_float32
4290405196,87775,268548,1,1,1,32,32,1,30,0.000,0.000,,,,,NVIDIA A100-SXM4-40GB MIG 4g.20gb (0),1,,13,"void convert_kernel<__half2, float2>(tensor_layout_any, T1 *, tensor_layout_any, const T2 *)"
4290520458,5376,268551,,,,,,,,,,0.094,17428.487,Pinned,Device,NVIDIA A100-SXM4-40GB MIG 4g.20gb (0),1,,13,[CUDA memcpy Host-to-Device]
4290534666,3360,268552,,,,,,,,,,1.547,460304.688,Device,,NVIDIA A100-SXM4-40GB MIG 4g.20gb (0),1,,13,[CUDA memset]
4290541386,3296,268557,,,,,,,,,,0.031,9495.144,Pinned,Device,NVIDIA A100-SXM4-40GB MIG 4g.20gb (0),1,,13,[CUDA memcpy Host-to-Device]
4290547434,9376,268558,,,,,,,,,,0.197,20969.226,Pinned,Device,NVIDIA A100-SXM4-40GB MIG 4g.20gb (0),1,,13,[CUDA memcpy Host-to-Device]
4290562154,6048,268559,273,1,1,8,4,1,39,0.002,0.000,,,,,NVIDIA A100-SXM4-40GB MIG 4g.20gb (0),1,,13,"void channel_eq::eqMmseCoefCompLowMimoKernel<float, float, float, (unsigned int)4, (unsigned int)1, (unsigned int)4>(const channel_eq::_puschRxChEqStatDescr *, channel_eq::_puschRxChEqCoefCompDynDescr)"
4290569834,5600,268560,273,1,1,12,11,1,51,0.002,0.000,,,,,NVIDIA A100-SXM4-40GB MIG 4g.20gb (0),1,,13,"void channel_eq::eqMmseSoftDemapKernel<float, __half, __half, float, (unsigned int)4, (unsigned short)16383>(channel_eq::_puschRxChEqStatDescr *, channel_eq::_puschRxChEqSoftDemapDynDescr)"
4290577226,282492,268561,1,1,1,32,32,1,30,0.000,0.000,,,,,NVIDIA A100-SXM4-40GB MIG 4g.20gb (0),1,,13,"void convert_kernel<float2, __half2>(tensor_layout_any, T1 *, tensor_layout_any, const T2 *)"
4290862086,10944,268573,2253,1,1,128,1,1,16,0.000,0.000,,,,,NVIDIA A100-SXM4-40GB MIG 4g.20gb (0),1,,13,cupy_copy__float16_float16
4290874982,2880,268582,282,1,1,128,1,1,16,0.000,0.000,,,,,NVIDIA A100-SXM4-40GB MIG 4g.20gb (0),1,,13,cupy_copy__complex64_complex64
4290879782,2112,268591,26,1,1,128,1,1,16,0.000,0.000,,,,,NVIDIA A100-SXM4-40GB MIG 4g.20gb (0),1,,13,cupy_copy__float32_float32
4290883014,2784,268600,103,1,1,128,1,1,16,0.000,0.000,,,,,NVIDIA A100-SXM4-40GB MIG 4g.20gb (0),1,,13,cupy_copy__complex64_complex64
4290888614,11936,268610,1434,1,1,128,1,1,16,0.000,0.000,,,,,NVIDIA A100-SXM4-40GB MIG 4g.20gb (0),1,,13,cupy_copy__complex64_complex64
4290919110,81663,268615,1,1,1,32,32,1,30,0.000,0.000,,,,,NVIDIA A100-SXM4-40GB MIG 4g.20gb (0),1,,13,"void convert_kernel<__half2, float2>(tensor_layout_any, T1 *, tensor_layout_any, const T2 *)"
4291027492,5760,268618,,,,,,,,,,0.094,16266.656,Pinned,Device,NVIDIA A100-SXM4-40GB MIG 4g.20gb (0),1,,13,[CUDA memcpy Host-to-Device]
4291037252,597785,268619,,,,,,,,,,456.561,763370.728,Device,,NVIDIA A100-SXM4-40GB MIG 4g.20gb (0),1,,13,[CUDA memset]
4291646589,138558,268624,,,,,,,,,,1.235,8912.591,Pinned,Device,NVIDIA A100-SXM4-40GB MIG 4g.20gb (0),1,,13,[CUDA memcpy Host-to-Device]
4291796603,37087,268625,,,,,,,,,,0.197,5301.142,Pinned,Device,NVIDIA A100-SXM4-40GB MIG 4g.20gb (0),1,,13,[CUDA memcpy Host-to-Device]
4291860058,8096,268626,69,4,1,48,1,1,76,0.002,0.000,,,,,NVIDIA A100-SXM4-40GB MIG 4g.20gb (0),1,,13,"void ch_est::windowedChEstPreNoDftSOfdmKernel<float, __half, float, (unsigned int)2, (unsigned int)1, (unsigned short)4>(ch_est::puschRxChEstStatDescr_t *, ch_est::puschRxChEstDynDescr_t *)"
4291879930,6624,268627,137,2,1,24,2,1,44,0.001,0.001,,,,,NVIDIA A100-SXM4-40GB MIG 4g.20gb (0),1,,13,"void ch_est::chEstFilterNoDftSOfdmDispatchKernel<float, __half, float, (unsigned int)2>(ch_est::puschRxChEstStatDescr_t *, ch_est::puschRxChEstDynDescr_t *)"
4291896633,4800,268628,137,2,1,24,2,1,44,0.001,0.001,,,,,NVIDIA A100-SXM4-40GB MIG 4g.20gb (0),1,,13,"void ch_est::chEstFilterNoDftSOfdmDispatchKernel<float, __half, float, (unsigned int)2>(ch_est::puschRxChEstStatDescr_t *, ch_est::puschRxChEstDynDescr_t *)"
4291913145,2624,268639,103,1,1,128,1,1,16,0.000,0.000,,,,,NVIDIA A100-SXM4-40GB MIG 4g.20gb (0),1,,13,cupy_copy__complex64_complex64
4291927417,12416,268649,1434,1,1,128,1,1,16,0.000,0.000,,,,,NVIDIA A100-SXM4-40GB MIG 4g.20gb (0),1,,13,cupy_copy__complex64_complex64
4291947225,2560,268656,103,1,1,128,1,1,16,0.000,0.000,,,,,NVIDIA A100-SXM4-40GB MIG 4g.20gb (0),1,,13,cupy_copy__complex64_complex64
4291965593,87999,268663,1,1,1,32,32,1,30,0.000,0.000,,,,,NVIDIA A100-SXM4-40GB MIG 4g.20gb (0),1,,13,"void convert_kernel<__half2, float2>(tensor_layout_any, T1 *, tensor_layout_any, const T2 *)"
4292082263,14080,268666,,,,,,,,,,0.094,6654.477,Pinned,Device,NVIDIA A100-SXM4-40GB MIG 4g.20gb (0),1,,13,[CUDA memcpy Host-to-Device]
4292110391,47455,268667,,,,,,,,,,35.810,754586.634,Device,,NVIDIA A100-SXM4-40GB MIG 4g.20gb (0),1,,13,[CUDA memset]
4292163894,5056,268669,,,,,,,,,,0.000,15.823,Pinned,Device,NVIDIA A100-SXM4-40GB MIG 4g.20gb (0),1,,13,[CUDA memcpy Host-to-Device]
4292175318,18688,268670,,,,,,,,,,0.197,10520.494,Pinned,Device,NVIDIA A100-SXM4-40GB MIG 4g.20gb (0),1,,13,[CUDA memcpy Host-to-Device]
4292206358,11776,268671,273,1,1,48,1,1,40,0.000,0.001,,,,,NVIDIA A100-SXM4-40GB MIG 4g.20gb (0),1,,13,"void pusch_noise_intf_est::noiseIntfEstNoDftSOfdmKernel<float, __half, float, float, (unsigned int)2, (unsigned int)1, (unsigned char)4, (unsigned char)4>(pusch_noise_intf_est::puschRxNoiseIntfEstDynDescr)"
4292224149,2784,268682,35,1,1,128,1,1,16,0.000,0.000,,,,,NVIDIA A100-SXM4-40GB MIG 4g.20gb (0),1,,13,cupy_copy__complex64_complex64
4292234325,1792,268691,1,1,1,1,1,1,18,0.000,0.000,,,,,NVIDIA A100-SXM4-40GB MIG 4g.20gb (0),1,,13,cupy_copy__float32_float32
4292240501,6432,268697,,,,,,,,,,0.000,0.622,Device,Pageable,NVIDIA A100-SXM4-40GB MIG 4g.20gb (0),1,,7,[CUDA memcpy Device-to-Host]
4292321812,13184,268708,1434,1,1,128,1,1,16,0.000,0.000,,,,,NVIDIA A100-SXM4-40GB MIG 4g.20gb (0),1,,13,cupy_copy__complex64_complex64
4292348212,2752,268715,103,1,1,128,1,1,16,0.000,0.000,,,,,NVIDIA A100-SXM4-40GB MIG 4g.20gb (0),1,,13,cupy_copy__complex64_complex64
4292366324,2592,268722,35,1,1,128,1,1,16,0.000,0.000,,,,,NVIDIA A100-SXM4-40GB MIG 4g.20gb (0),1,,13,cupy_copy__complex64_complex64
4292387571,2048,268729,1,1,1,1,1,1,18,0.000,0.000,,,,,NVIDIA A100-SXM4-40GB MIG 4g.20gb (0),1,,13,cupy_copy__float32_float32
4292520370,89151,268740,1,1,1,32,32,1,30,0.000,0.000,,,,,NVIDIA A100-SXM4-40GB MIG 4g.20gb (0),1,,13,"void convert_kernel<__half2, float2>(tensor_layout_any, T1 *, tensor_layout_any, const T2 *)"
4292637360,5472,268743,,,,,,,,,,0.094,17122.757,Pinned,Device,NVIDIA A100-SXM4-40GB MIG 4g.20gb (0),1,,13,[CUDA memcpy Host-to-Device]
4292652112,3616,268744,,,,,,,,,,1.547,427715.774,Device,,NVIDIA A100-SXM4-40GB MIG 4g.20gb (0),1,,13,[CUDA memset]
4292659248,3264,268749,,,,,,,,,,0.031,9588.218,Pinned,Device,NVIDIA A100-SXM4-40GB MIG 4g.20gb (0),1,,13,[CUDA memcpy Host-to-Device]
4292665136,9792,268750,,,,,,,,,,0.197,20078.395,Pinned,Device,NVIDIA A100-SXM4-40GB MIG 4g.20gb (0),1,,13,[CUDA memcpy Host-to-Device]
4292679664,8192,268751,273,1,1,8,4,1,39,0.002,0.000,,,,,NVIDIA A100-SXM4-40GB MIG 4g.20gb (0),1,,13,"void channel_eq::eqMmseCoefCompLowMimoKernel<float, float, float, (unsigned int)4, (unsigned int)1, (unsigned int)4>(const channel_eq::_puschRxChEqStatDescr *, channel_eq::_puschRxChEqCoefCompDynDescr)"
4292690160,5952,268752,273,1,1,12,11,1,51,0.002,0.000,,,,,NVIDIA A100-SXM4-40GB MIG 4g.20gb (0),1,,13,"void channel_eq::eqMmseSoftDemapKernel<float, __half, __half, float, (unsigned int)4, (unsigned short)16383>(channel_eq::_puschRxChEqStatDescr *, channel_eq::_puschRxChEqSoftDemapDynDescr)"
4292697232,282620,268753,1,1,1,32,32,1,30,0.000,0.000,,,,,NVIDIA A100-SXM4-40GB MIG 4g.20gb (0),1,,13,"void convert_kernel<float2, __half2>(tensor_layout_any, T1 *, tensor_layout_any, const T2 *)"
4292981004,11040,268765,2253,1,1,128,1,1,16,0.000,0.000,,,,,NVIDIA A100-SXM4-40GB MIG 4g.20gb (0),1,,13,cupy_copy__float16_float16
4292994988,3872,268774,282,1,1,128,1,1,16,0.000,0.000,,,,,NVIDIA A100-SXM4-40GB MIG 4g.20gb (0),1,,13,cupy_copy__complex64_complex64
4293001324,2112,268783,26,1,1,128,1,1,16,0.000,0.000,,,,,NVIDIA A100-SXM4-40GB MIG 4g.20gb (0),1,,13,cupy_copy__float32_float32
4293006348,3168,268792,103,1,1,128,1,1,16,0.000,0.000,,,,,NVIDIA A100-SXM4-40GB MIG 4g.20gb (0),1,,13,cupy_copy__complex64_complex64
4293010572,11776,268802,1434,1,1,128,1,1,16,0.000,0.000,,,,,NVIDIA A100-SXM4-40GB MIG 4g.20gb (0),1,,13,cupy_copy__complex64_complex64
4293027564,83135,268807,1,1,1,32,32,1,30,0.000,0.000,,,,,NVIDIA A100-SXM4-40GB MIG 4g.20gb (0),1,,13,"void convert_kernel<__half2, float2>(tensor_layout_any, T1 *, tensor_layout_any, const T2 *)"
4293137194,5728,268810,,,,,,,,,,0.094,16357.541,Pinned,Device,NVIDIA A100-SXM4-40GB MIG 4g.20gb (0),1,,13,[CUDA memcpy Host-to-Device]
4293146762,598073,268811,,,,,,,,,,456.561,763370.728,Device,,NVIDIA A100-SXM4-40GB MIG 4g.20gb (0),1,,13,[CUDA memset]
4293755107,138846,268816,,,,,,,,,,1.235,8894.067,Pinned,Device,NVIDIA A100-SXM4-40GB MIG 4g.20gb (0),1,,13,[CUDA memcpy Host-to-Device]
4293905249,39935,268817,,,,,,,,,,0.197,4923.064,Pinned,Device,NVIDIA A100-SXM4-40GB MIG 4g.20gb (0),1,,13,[CUDA memcpy Host-to-Device]
4293972000,8160,268818,69,4,1,48,1,1,76,0.002,0.000,,,,,NVIDIA A100-SXM4-40GB MIG 4g.20gb (0),1,,13,"void ch_est::windowedChEstPreNoDftSOfdmKernel<float, __half, float, (unsigned int)2, (unsigned int)1, (unsigned short)4>(ch_est::puschRxChEstStatDescr_t *, ch_est::puschRxChEstDynDescr_t *)"
4293988832,6496,268819,137,2,1,24,2,1,44,0.001,0.001,,,,,NVIDIA A100-SXM4-40GB MIG 4g.20gb (0),1,,13,"void ch_est::chEstFilterNoDftSOfdmDispatchKernel<float, __half, float, (unsigned int)2>(ch_est::puschRxChEstStatDescr_t *, ch_est::puschRxChEstDynDescr_t *)"
4294005568,4799,268820,137,2,1,24,2,1,44,0.001,0.001,,,,,NVIDIA A100-SXM4-40GB MIG 4g.20gb (0),1,,13,"void ch_est::chEstFilterNoDftSOfdmDispatchKernel<float, __half, float, (unsigned int)2>(ch_est::puschRxChEstStatDescr_t *, ch_est::puschRxChEstDynDescr_t *)"
4294019583,2752,268831,103,1,1,128,1,1,16,0.000,0.000,,,,,NVIDIA A100-SXM4-40GB MIG 4g.20gb (0),1,,13,cupy_copy__complex64_complex64
4294032895,12512,268841,1434,1,1,128,1,1,16,0.000,0.000,,,,,NVIDIA A100-SXM4-40GB MIG 4g.20gb (0),1,,13,cupy_copy__complex64_complex64
4294066847,2880,268848,103,1,1,128,1,1,16,0.000,0.000,,,,,NVIDIA A100-SXM4-40GB MIG 4g.20gb (0),1,,13,cupy_copy__complex64_complex64
4294077951,86399,268855,1,1,1,32,32,1,30,0.000,0.000,,,,,NVIDIA A100-SXM4-40GB MIG 4g.20gb (0),1,,13,"void convert_kernel<__half2, float2>(tensor_layout_any, T1 *, tensor_layout_any, const T2 *)"
4294197309,14176,268858,,,,,,,,,,0.094,6609.410,Pinned,Device,NVIDIA A100-SXM4-40GB MIG 4g.20gb (0),1,,13,[CUDA memcpy Host-to-Device]
4294222909,46911,268859,,,,,,,,,,35.810,763324.255,Device,,NVIDIA A100-SXM4-40GB MIG 4g.20gb (0),1,,13,[CUDA memset]
4294275036,9312,268861,,,,,,,,,,0.000,8.591,Pinned,Device,NVIDIA A100-SXM4-40GB MIG 4g.20gb (0),1,,13,[CUDA memcpy Host-to-Device]
4294293788,22912,268862,,,,,,,,,,0.197,8580.956,Pinned,Device,NVIDIA A100-SXM4-40GB MIG 4g.20gb (0),1,,13,[CUDA memcpy Host-to-Device]
4294339515,9920,268863,273,1,1,48,1,1,40,0.000,0.001,,,,,NVIDIA A100-SXM4-40GB MIG 4g.20gb (0),1,,13,"void pusch_noise_intf_est::noiseIntfEstNoDftSOfdmKernel<float, __half, float, float, (unsigned int)2, (unsigned int)1, (unsigned char)4, (unsigned char)4>(pusch_noise_intf_est::puschRxNoiseIntfEstDynDescr)"
4294362619,2784,268874,35,1,1,128,1,1,16,0.000,0.000,,,,,NVIDIA A100-SXM4-40GB MIG 4g.20gb (0),1,,13,cupy_copy__complex64_complex64
4294372507,1856,268883,1,1,1,1,1,1,18,0.000,0.000,,,,,NVIDIA A100-SXM4-40GB MIG 4g.20gb (0),1,,13,cupy_copy__float32_float32
4294379323,2144,268889,,,,,,,,,,0.000,1.866,Device,Pageable,NVIDIA A100-SXM4-40GB MIG 4g.20gb (0),1,,7,[CUDA memcpy Device-to-Host]
4294450874,12736,268900,1434,1,1,128,1,1,16,0.000,0.000,,,,,NVIDIA A100-SXM4-40GB MIG 4g.20gb (0),1,,13,cupy_copy__complex64_complex64
4294481818,2944,268907,103,1,1,128,1,1,16,0.000,0.000,,,,,NVIDIA A100-SXM4-40GB MIG 4g.20gb (0),1,,13,cupy_copy__complex64_complex64
4294495577,2304,268914,35,1,1,128,1,1,16,0.000,0.000,,,,,NVIDIA A100-SXM4-40GB MIG 4g.20gb (0),1,,13,cupy_copy__complex64_complex64
4294517849,1888,268921,1,1,1,1,1,1,18,0.000,0.000,,,,,NVIDIA A100-SXM4-40GB MIG 4g.20gb (0),1,,13,cupy_copy__float32_float32
4294644856,83103,268932,1,1,1,32,32,1,30,0.000,0.000,,,,,NVIDIA A100-SXM4-40GB MIG 4g.20gb (0),1,,13,"void convert_kernel<__half2, float2>(tensor_layout_any, T1 *, tensor_layout_any, const T2 *)"
4294756214,5728,268935,,,,,,,,,,0.094,16357.541,Pinned,Device,NVIDIA A100-SXM4-40GB MIG 4g.20gb (0),1,,13,[CUDA memcpy Host-to-Device]
4294770326,3680,268936,,,,,,,,,,1.547,420278.059,Device,,NVIDIA A100-SXM4-40GB MIG 4g.20gb (0),1,,13,[CUDA memset]
4294776886,3456,268941,,,,,,,,,,0.031,9055.529,Pinned,Device,NVIDIA A100-SXM4-40GB MIG 4g.20gb (0),1,,13,[CUDA memcpy Host-to-Device]
4294782742,9696,268942,,,,,,,,,,0.197,20277.166,Pinned,Device,NVIDIA A100-SXM4-40GB MIG 4g.20gb (0),1,,13,[CUDA memcpy Host-to-Device]
4294797814,6592,268943,273,1,1,8,4,1,39,0.002,0.000,,,,,NVIDIA A100-SXM4-40GB MIG 4g.20gb (0),1,,13,"void channel_eq::eqMmseCoefCompLowMimoKernel<float, float, float, (unsigned int)4, (unsigned int)1, (unsigned int)4>(const channel_eq::_puschRxChEqStatDescr *, channel_eq::_puschRxChEqCoefCompDynDescr)"
4294805430,5888,268944,273,1,1,12,11,1,51,0.002,0.000,,,,,NVIDIA A100-SXM4-40GB MIG 4g.20gb (0),1,,13,"void channel_eq::eqMmseSoftDemapKernel<float, __half, __half, float, (unsigned int)4, (unsigned short)16383>(channel_eq::_puschRxChEqStatDescr *, channel_eq::_puschRxChEqSoftDemapDynDescr)"
4294812406,281852,268945,1,1,1,32,32,1,30,0.000,0.000,,,,,NVIDIA A100-SXM4-40GB MIG 4g.20gb (0),1,,13,"void convert_kernel<float2, __half2>(tensor_layout_any, T1 *, tensor_layout_any, const T2 *)"
4295095730,11296,268957,2253,1,1,128,1,1,16,0.000,0.000,,,,,NVIDIA A100-SXM4-40GB MIG 4g.20gb (0),1,,13,cupy_copy__float16_float16
4295109202,3072,268966,282,1,1,128,1,1,16,0.000,0.000,,,,,NVIDIA A100-SXM4-40GB MIG 4g.20gb (0),1,,13,cupy_copy__complex64_complex64
4295113586,2048,268975,26,1,1,128,1,1,16,0.000,0.000,,,,,NVIDIA A100-SXM4-40GB MIG 4g.20gb (0),1,,13,cupy_copy__float32_float32
4295118418,4576,268984,103,1,1,128,1,1,16,0.000,0.000,,,,,NVIDIA A100-SXM4-40GB MIG 4g.20gb (0),1,,13,cupy_copy__complex64_complex64
4295125874,11968,268994,1434,1,1,128,1,1,16,0.000,0.000,,,,,NVIDIA A100-SXM4-40GB MIG 4g.20gb (0),1,,13,cupy_copy__complex64_complex64
4295151505,86367,268999,1,1,1,32,32,1,30,0.000,0.000,,,,,NVIDIA A100-SXM4-40GB MIG 4g.20gb (0),1,,13,"void convert_kernel<__half2, float2>(tensor_layout_any, T1 *, tensor_layout_any, const T2 *)"
4295264944,5728,269002,,,,,,,,,,0.094,16357.541,Pinned,Device,NVIDIA A100-SXM4-40GB MIG 4g.20gb (0),1,,13,[CUDA memcpy Host-to-Device]
4295277680,601208,269003,,,,,,,,,,456.561,759261.675,Device,,NVIDIA A100-SXM4-40GB MIG 4g.20gb (0),1,,13,[CUDA memset]
4295886792,163998,269008,,,,,,,,,,1.235,7529.454,Pinned,Device,NVIDIA A100-SXM4-40GB MIG 4g.20gb (0),1,,13,[CUDA memcpy Host-to-Device]
4296063302,40672,269009,,,,,,,,,,0.197,4833.804,Pinned,Device,NVIDIA A100-SXM4-40GB MIG 4g.20gb (0),1,,13,[CUDA memcpy Host-to-Device]
4296133701,8480,269010,69,4,1,48,1,1,76,0.002,0.000,,,,,NVIDIA A100-SXM4-40GB MIG 4g.20gb (0),1,,13,"void ch_est::windowedChEstPreNoDftSOfdmKernel<float, __half, float, (unsigned int)2, (unsigned int)1, (unsigned short)4>(ch_est::puschRxChEstStatDescr_t *, ch_est::puschRxChEstDynDescr_t *)"
4296151429,6688,269011,137,2,1,24,2,1,44,0.001,0.001,,,,,NVIDIA A100-SXM4-40GB MIG 4g.20gb (0),1,,13,"void ch_est::chEstFilterNoDftSOfdmDispatchKernel<float, __half, float, (unsigned int)2>(ch_est::puschRxChEstStatDescr_t *, ch_est::puschRxChEstDynDescr_t *)"
4296168581,4736,269012,137,2,1,24,2,1,44,0.001,0.001,,,,,NVIDIA A100-SXM4-40GB MIG 4g.20gb (0),1,,13,"void ch_est::chEstFilterNoDftSOfdmDispatchKernel<float, __half, float, (unsigned int)2>(ch_est::puschRxChEstStatDescr_t *, ch_est::puschRxChEstDynDescr_t *)"
4296186117,2784,269023,103,1,1,128,1,1,16,0.000,0.000,,,,,NVIDIA A100-SXM4-40GB MIG 4g.20gb (0),1,,13,cupy_copy__complex64_complex64
4296203268,12576,269033,1434,1,1,128,1,1,16,0.000,0.000,,,,,NVIDIA A100-SXM4-40GB MIG 4g.20gb (0),1,,13,cupy_copy__complex64_complex64
4296221796,2944,269040,103,1,1,128,1,1,16,0.000,0.000,,,,,NVIDIA A100-SXM4-40GB MIG 4g.20gb (0),1,,13,cupy_copy__complex64_complex64
4296245220,86847,269047,1,1,1,32,32,1,30,0.000,0.000,,,,,NVIDIA A100-SXM4-40GB MIG 4g.20gb (0),1,,13,"void convert_kernel<__half2, float2>(tensor_layout_any, T1 *, tensor_layout_any, const T2 *)"
4296365922,21376,269050,,,,,,,,,,0.094,4383.193,Pinned,Device,NVIDIA A100-SXM4-40GB MIG 4g.20gb (0),1,,13,[CUDA memcpy Host-to-Device]
4296407074,46815,269051,,,,,,,,,,35.810,764899.891,Device,,NVIDIA A100-SXM4-40GB MIG 4g.20gb (0),1,,13,[CUDA memset]
4296459329,6336,269053,,,,,,,,,,0.000,12.626,Pinned,Device,NVIDIA A100-SXM4-40GB MIG 4g.20gb (0),1,,13,[CUDA memcpy Host-to-Device]
4296474433,23264,269054,,,,,,,,,,0.197,8450.998,Pinned,Device,NVIDIA A100-SXM4-40GB MIG 4g.20gb (0),1,,13,[CUDA memcpy Host-to-Device]
4296513377,9759,269055,273,1,1,48,1,1,40,0.000,0.001,,,,,NVIDIA A100-SXM4-40GB MIG 4g.20gb (0),1,,13,"void pusch_noise_intf_est::noiseIntfEstNoDftSOfdmKernel<float, __half, float, float, (unsigned int)2, (unsigned int)1, (unsigned char)4, (unsigned char)4>(pusch_noise_intf_est::puschRxNoiseIntfEstDynDescr)"
4296538816,2816,269066,35,1,1,128,1,1,16,0.000,0.000,,,,,NVIDIA A100-SXM4-40GB MIG 4g.20gb (0),1,,13,cupy_copy__complex64_complex64
4296551136,1696,269075,1,1,1,1,1,1,18,0.000,0.000,,,,,NVIDIA A100-SXM4-40GB MIG 4g.20gb (0),1,,13,cupy_copy__float32_float32
4296554272,4224,269081,,,,,,,,,,0.000,0.947,Device,Pageable,NVIDIA A100-SXM4-40GB MIG 4g.20gb (0),1,,7,[CUDA memcpy Device-to-Host]
4296634751,13152,269092,1434,1,1,128,1,1,16,0.000,0.000,,,,,NVIDIA A100-SXM4-40GB MIG 4g.20gb (0),1,,13,cupy_copy__complex64_complex64
4296659999,3296,269099,103,1,1,128,1,1,16,0.000,0.000,,,,,NVIDIA A100-SXM4-40GB MIG 4g.20gb (0),1,,13,cupy_copy__complex64_complex64
4296681599,2368,269106,35,1,1,128,1,1,16,0.000,0.000,,,,,NVIDIA A100-SXM4-40GB MIG 4g.20gb (0),1,,13,cupy_copy__complex64_complex64
4296696318,1760,269113,1,1,1,1,1,1,18,0.000,0.000,,,,,NVIDIA A100-SXM4-40GB MIG 4g.20gb (0),1,,13,cupy_copy__float32_float32
4296823037,83007,269124,1,1,1,32,32,1,30,0.000,0.000,,,,,NVIDIA A100-SXM4-40GB MIG 4g.20gb (0),1,,13,"void convert_kernel<__half2, float2>(tensor_layout_any, T1 *, tensor_layout_any, const T2 *)"
4296934523,5728,269127,,,,,,,,,,0.094,16357.541,Pinned,Device,NVIDIA A100-SXM4-40GB MIG 4g.20gb (0),1,,13,[CUDA memcpy Host-to-Device]
4296948667,3264,269128,,,,,,,,,,1.547,473842.288,Device,,NVIDIA A100-SXM4-40GB MIG 4g.20gb (0),1,,13,[CUDA memset]
4296955515,3680,269133,,,,,,,,,,0.031,8504.344,Pinned,Device,NVIDIA A100-SXM4-40GB MIG 4g.20gb (0),1,,13,[CUDA memcpy Host-to-Device]
4296961819,9344,269134,,,,,,,,,,0.197,21040.988,Pinned,Device,NVIDIA A100-SXM4-40GB MIG 4g.20gb (0),1,,13,[CUDA memcpy Host-to-Device]
4296975643,8128,269135,273,1,1,8,4,1,39,0.002,0.000,,,,,NVIDIA A100-SXM4-40GB MIG 4g.20gb (0),1,,13,"void channel_eq::eqMmseCoefCompLowMimoKernel<float, float, float, (unsigned int)4, (unsigned int)1, (unsigned int)4>(const channel_eq::_puschRxChEqStatDescr *, channel_eq::_puschRxChEqCoefCompDynDescr)"
4296984859,7360,269136,273,1,1,12,11,1,51,0.002,0.000,,,,,NVIDIA A100-SXM4-40GB MIG 4g.20gb (0),1,,13,"void channel_eq::eqMmseSoftDemapKernel<float, __half, __half, float, (unsigned int)4, (unsigned short)16383>(channel_eq::_puschRxChEqStatDescr *, channel_eq::_puschRxChEqSoftDemapDynDescr)"
4296993179,282716,269137,1,1,1,32,32,1,30,0.000,0.000,,,,,NVIDIA A100-SXM4-40GB MIG 4g.20gb (0),1,,13,"void convert_kernel<float2, __half2>(tensor_layout_any, T1 *, tensor_layout_any, const T2 *)"
4297278231,10944,269149,2253,1,1,128,1,1,16,0.000,0.000,,,,,NVIDIA A100-SXM4-40GB MIG 4g.20gb (0),1,,13,cupy_copy__float16_float16
4297293879,2752,269158,282,1,1,128,1,1,16,0.000,0.000,,,,,NVIDIA A100-SXM4-40GB MIG 4g.20gb (0),1,,13,cupy_copy__complex64_complex64
4297299639,2240,269167,26,1,1,128,1,1,16,0.000,0.000,,,,,NVIDIA A100-SXM4-40GB MIG 4g.20gb (0),1,,13,cupy_copy__float32_float32
4297304247,2944,269176,103,1,1,128,1,1,16,0.000,0.000,,,,,NVIDIA A100-SXM4-40GB MIG 4g.20gb (0),1,,13,cupy_copy__complex64_complex64
4297308183,11968,269186,1434,1,1,128,1,1,16,0.000,0.000,,,,,NVIDIA A100-SXM4-40GB MIG 4g.20gb (0),1,,13,cupy_copy__complex64_complex64
4297325943,81727,269191,1,1,1,32,32,1,30,0.000,0.000,,,,,NVIDIA A100-SXM4-40GB MIG 4g.20gb (0),1,,13,"void convert_kernel<__half2, float2>(tensor_layout_any, T1 *, tensor_layout_any, const T2 *)"
4297435125,5920,269194,,,,,,,,,,0.094,15826.941,Pinned,Device,NVIDIA A100-SXM4-40GB MIG 4g.20gb (0),1,,13,[CUDA memcpy Host-to-Device]
4297445109,596825,269195,,,,,,,,,,456.561,764740.412,Device,,NVIDIA A100-SXM4-40GB MIG 4g.20gb (0),1,,13,[CUDA memset]
4298043950,109470,269200,,,,,,,,,,1.235,11279.978,Pinned,Device,NVIDIA A100-SXM4-40GB MIG 4g.20gb (0),1,,13,[CUDA memcpy Host-to-Device]
4298162028,17248,269201,,,,,,,,,,0.197,11398.742,Pinned,Device,NVIDIA A100-SXM4-40GB MIG 4g.20gb (0),1,,13,[CUDA memcpy Host-to-Device]
4298187756,8416,269202,69,4,1,48,1,1,76,0.002,0.000,,,,,NVIDIA A100-SXM4-40GB MIG 4g.20gb (0),1,,13,"void ch_est::windowedChEstPreNoDftSOfdmKernel<float, __half, float, (unsigned int)2, (unsigned int)1, (unsigned short)4>(ch_est::puschRxChEstStatDescr_t *, ch_est::puschRxChEstDynDescr_t *)"
4298203340,6528,269203,137,2,1,24,2,1,44,0.001,0.001,,,,,NVIDIA A100-SXM4-40GB MIG 4g.20gb (0),1,,13,"void ch_est::chEstFilterNoDftSOfdmDispatchKernel<float, __half, float, (unsigned int)2>(ch_est::puschRxChEstStatDescr_t *, ch_est::puschRxChEstDynDescr_t *)"
4298218220,5056,269204,137,2,1,24,2,1,44,0.001,0.001,,,,,NVIDIA A100-SXM4-40GB MIG 4g.20gb (0),1,,13,"void ch_est::chEstFilterNoDftSOfdmDispatchKernel<float, __half, float, (unsigned int)2>(ch_est::puschRxChEstStatDescr_t *, ch_est::puschRxChEstDynDescr_t *)"
4298226220,3167,269215,103,1,1,128,1,1,16,0.000,0.000,,,,,NVIDIA A100-SXM4-40GB MIG 4g.20gb (0),1,,13,cupy_copy__complex64_complex64
4298235659,12864,269225,1434,1,1,128,1,1,16,0.000,0.000,,,,,NVIDIA A100-SXM4-40GB MIG 4g.20gb (0),1,,13,cupy_copy__complex64_complex64
4298251115,2880,269232,103,1,1,128,1,1,16,0.000,0.000,,,,,NVIDIA A100-SXM4-40GB MIG 4g.20gb (0),1,,13,cupy_copy__complex64_complex64
4298260075,89087,269239,1,1,1,32,32,1,30,0.000,0.000,,,,,NVIDIA A100-SXM4-40GB MIG 4g.20gb (0),1,,13,"void convert_kernel<__half2, float2>(tensor_layout_any, T1 *, tensor_layout_any, const T2 *)"
4298378410,13791,269242,,,,,,,,,,0.094,6793.991,Pinned,Device,NVIDIA A100-SXM4-40GB MIG 4g.20gb (0),1,,13,[CUDA memcpy Host-to-Device]
4298397609,47744,269243,,,,,,,,,,35.810,750038.774,Device,,NVIDIA A100-SXM4-40GB MIG 4g.20gb (0),1,,13,[CUDA memset]
4298452745,5216,269245,,,,,,,,,,0.000,15.337,Pinned,Device,NVIDIA A100-SXM4-40GB MIG 4g.20gb (0),1,,13,[CUDA memcpy Host-to-Device]
4298465993,16031,269246,,,,,,,,,,0.197,12264.210,Pinned,Device,NVIDIA A100-SXM4-40GB MIG 4g.20gb (0),1,,13,[CUDA memcpy Host-to-Device]
4298497384,10336,269247,273,1,1,48,1,1,40,0.000,0.001,,,,,NVIDIA A100-SXM4-40GB MIG 4g.20gb (0),1,,13,"void pusch_noise_intf_est::noiseIntfEstNoDftSOfdmKernel<float, __half, float, float, (unsigned int)2, (unsigned int)1, (unsigned char)4, (unsigned char)4>(pusch_noise_intf_est::puschRxNoiseIntfEstDynDescr)"
4298514504,3008,269258,35,1,1,128,1,1,16,0.000,0.000,,,,,NVIDIA A100-SXM4-40GB MIG 4g.20gb (0),1,,13,cupy_copy__complex64_complex64
4298530248,1696,269267,1,1,1,1,1,1,18,0.000,0.000,,,,,NVIDIA A100-SXM4-40GB MIG 4g.20gb (0),1,,13,cupy_copy__float32_float32
4298538760,7168,269273,,,,,,,,,,0.000,0.558,Device,Pageable,NVIDIA A100-SXM4-40GB MIG 4g.20gb (0),1,,7,[CUDA memcpy Device-to-Host]
4298615687,12896,269284,1434,1,1,128,1,1,16,0.000,0.000,,,,,NVIDIA A100-SXM4-40GB MIG 4g.20gb (0),1,,13,cupy_copy__complex64_complex64
4298646886,3424,269291,103,1,1,128,1,1,16,0.000,0.000,,,,,NVIDIA A100-SXM4-40GB MIG 4g.20gb (0),1,,13,cupy_copy__complex64_complex64
4298668806,2528,269298,35,1,1,128,1,1,16,0.000,0.000,,,,,NVIDIA A100-SXM4-40GB MIG 4g.20gb (0),1,,13,cupy_copy__complex64_complex64
4298681670,1664,269305,1,1,1,1,1,1,18,0.000,0.000,,,,,NVIDIA A100-SXM4-40GB MIG 4g.20gb (0),1,,13,cupy_copy__float32_float32
4298810020,88191,269316,1,1,1,32,32,1,30,0.000,0.000,,,,,NVIDIA A100-SXM4-40GB MIG 4g.20gb (0),1,,13,"void convert_kernel<__half2, float2>(tensor_layout_any, T1 *, tensor_layout_any, const T2 *)"
4298926979,5472,269319,,,,,,,,,,0.094,17122.757,Pinned,Device,NVIDIA A100-SXM4-40GB MIG 4g.20gb (0),1,,13,[CUDA memcpy Host-to-Device]
4298941379,3552,269320,,,,,,,,,,1.547,435422.601,Device,,NVIDIA A100-SXM4-40GB MIG 4g.20gb (0),1,,13,[CUDA memset]
4298948323,3744,269325,,,,,,,,,,0.031,8358.974,Pinned,Device,NVIDIA A100-SXM4-40GB MIG 4g.20gb (0),1,,13,[CUDA memcpy Host-to-Device]
4298954307,9471,269326,,,,,,,,,,0.197,20758.856,Pinned,Device,NVIDIA A100-SXM4-40GB MIG 4g.20gb (0),1,,13,[CUDA memcpy Host-to-Device]
4298970466,6624,269327,273,1,1,8,4,1,39,0.002,0.000,,,,,NVIDIA A100-SXM4-40GB MIG 4g.20gb (0),1,,13,"void channel_eq::eqMmseCoefCompLowMimoKernel<float, float, float, (unsigned int)4, (unsigned int)1, (unsigned int)4>(const channel_eq::_puschRxChEqStatDescr *, channel_eq::_puschRxChEqCoefCompDynDescr)"
4298978018,6272,269328,273,1,1,12,11,1,51,0.002,0.000,,,,,NVIDIA A100-SXM4-40GB MIG 4g.20gb (0),1,,13,"void channel_eq::eqMmseSoftDemapKernel<float, __half, __half, float, (unsigned int)4, (unsigned short)16383>(channel_eq::_puschRxChEqStatDescr *, channel_eq::_puschRxChEqSoftDemapDynDescr)"
4298987170,279645,269329,1,1,1,32,32,1,30,0.000,0.000,,,,,NVIDIA A100-SXM4-40GB MIG 4g.20gb (0),1,,13,"void convert_kernel<float2, __half2>(tensor_layout_any, T1 *, tensor_layout_any, const T2 *)"
4299267903,11040,269341,2253,1,1,128,1,1,16,0.000,0.000,,,,,NVIDIA A100-SXM4-40GB MIG 4g.20gb (0),1,,13,cupy_copy__float16_float16
4299283934,2848,269350,282,1,1,128,1,1,16,0.000,0.000,,,,,NVIDIA A100-SXM4-40GB MIG 4g.20gb (0),1,,13,cupy_copy__complex64_complex64
4299289598,2112,269359,26,1,1,128,1,1,16,0.000,0.000,,,,,NVIDIA A100-SXM4-40GB MIG 4g.20gb (0),1,,13,cupy_copy__float32_float32
4299293022,3296,269368,103,1,1,128,1,1,16,0.000,0.000,,,,,NVIDIA A100-SXM4-40GB MIG 4g.20gb (0),1,,13,cupy_copy__complex64_complex64
4299298622,12000,269378,1434,1,1,128,1,1,16,0.000,0.000,,,,,NVIDIA A100-SXM4-40GB MIG 4g.20gb (0),1,,13,cupy_copy__complex64_complex64
4299315646,81663,269383,1,1,1,32,32,1,30,0.000,0.000,,,,,NVIDIA A100-SXM4-40GB MIG 4g.20gb (0),1,,13,"void convert_kernel<__half2, float2>(tensor_layout_any, T1 *, tensor_layout_any, const T2 *)"
4299424381,5504,269386,,,,,,,,,,0.094,17023.251,Pinned,Device,NVIDIA A100-SXM4-40GB MIG 4g.20gb (0),1,,13,[CUDA memcpy Host-to-Device]
4299435101,596888,269387,,,,,,,,,,456.561,764740.412,Device,,NVIDIA A100-SXM4-40GB MIG 4g.20gb (0),1,,13,[CUDA memset]
4300040245,142430,269392,,,,,,,,,,1.235,8669.307,Pinned,Device,NVIDIA A100-SXM4-40GB MIG 4g.20gb (0),1,,13,[CUDA memcpy Host-to-Device]
4300194643,39488,269393,,,,,,,,,,0.197,4978.901,Pinned,Device,NVIDIA A100-SXM4-40GB MIG 4g.20gb (0),1,,13,[CUDA memcpy Host-to-Device]
4300250451,8511,269394,69,4,1,48,1,1,76,0.002,0.000,,,,,NVIDIA A100-SXM4-40GB MIG 4g.20gb (0),1,,13,"void ch_est::windowedChEstPreNoDftSOfdmKernel<float, __half, float, (unsigned int)2, (unsigned int)1, (unsigned short)4>(ch_est::puschRxChEstStatDescr_t *, ch_est::puschRxChEstDynDescr_t *)"
4300268018,6976,269395,137,2,1,24,2,1,44,0.001,0.001,,,,,NVIDIA A100-SXM4-40GB MIG 4g.20gb (0),1,,13,"void ch_est::chEstFilterNoDftSOfdmDispatchKernel<float, __half, float, (unsigned int)2>(ch_est::puschRxChEstStatDescr_t *, ch_est::puschRxChEstDynDescr_t *)"
4300282546,4736,269396,137,2,1,24,2,1,44,0.001,0.001,,,,,NVIDIA A100-SXM4-40GB MIG 4g.20gb (0),1,,13,"void ch_est::chEstFilterNoDftSOfdmDispatchKernel<float, __half, float, (unsigned int)2>(ch_est::puschRxChEstStatDescr_t *, ch_est::puschRxChEstDynDescr_t *)"
4300297010,2624,269407,103,1,1,128,1,1,16,0.000,0.000,,,,,NVIDIA A100-SXM4-40GB MIG 4g.20gb (0),1,,13,cupy_copy__complex64_complex64
4300310258,12544,269417,1434,1,1,128,1,1,16,0.000,0.000,,,,,NVIDIA A100-SXM4-40GB MIG 4g.20gb (0),1,,13,cupy_copy__complex64_complex64
4300339697,2592,269424,103,1,1,128,1,1,16,0.000,0.000,,,,,NVIDIA A100-SXM4-40GB MIG 4g.20gb (0),1,,13,cupy_copy__complex64_complex64
4300352593,84511,269431,1,1,1,32,32,1,30,0.000,0.000,,,,,NVIDIA A100-SXM4-40GB MIG 4g.20gb (0),1,,13,"void convert_kernel<__half2, float2>(tensor_layout_any, T1 *, tensor_layout_any, const T2 *)"
4300463696,5728,269434,,,,,,,,,,0.094,16357.541,Pinned,Device,NVIDIA A100-SXM4-40GB MIG 4g.20gb (0),1,,13,[CUDA memcpy Host-to-Device]
4300476656,46719,269435,,,,,,,,,,35.810,766475.528,Device,,NVIDIA A100-SXM4-40GB MIG 4g.20gb (0),1,,13,[CUDA memset]
4300529263,4096,269437,,,,,,,,,,0.000,19.531,Pinned,Device,NVIDIA A100-SXM4-40GB MIG 4g.20gb (0),1,,13,[CUDA memcpy Host-to-Device]
4300538159,13600,269438,,,,,,,,,,0.197,14456.390,Pinned,Device,NVIDIA A100-SXM4-40GB MIG 4g.20gb (0),1,,13,[CUDA memcpy Host-to-Device]
4300561135,10016,269439,273,1,1,48,1,1,40,0.000,0.001,,,,,NVIDIA A100-SXM4-40GB MIG 4g.20gb (0),1,,13,"void pusch_noise_intf_est::noiseIntfEstNoDftSOfdmKernel<float, __half, float, float, (unsigned int)2, (unsigned int)1, (unsigned char)4, (unsigned char)4>(pusch_noise_intf_est::puschRxNoiseIntfEstDynDescr)"
4300576207,3008,269450,35,1,1,128,1,1,16,0.000,0.000,,,,,NVIDIA A100-SXM4-40GB MIG 4g.20gb (0),1,,13,cupy_copy__complex64_complex64
4300584718,2016,269459,1,1,1,1,1,1,18,0.000,0.000,,,,,NVIDIA A100-SXM4-40GB MIG 4g.20gb (0),1,,13,cupy_copy__float32_float32
4300614382,1568,269465,,,,,,,,,,0.000,2.551,Device,Pageable,NVIDIA A100-SXM4-40GB MIG 4g.20gb (0),1,,7,[CUDA memcpy Device-to-Host]
4300673773,12864,269476,1434,1,1,128,1,1,16,0.000,0.000,,,,,NVIDIA A100-SXM4-40GB MIG 4g.20gb (0),1,,13,cupy_copy__complex64_complex64
4300700429,2656,269483,103,1,1,128,1,1,16,0.000,0.000,,,,,NVIDIA A100-SXM4-40GB MIG 4g.20gb (0),1,,13,cupy_copy__complex64_complex64
4300722509,2176,269490,35,1,1,128,1,1,16,0.000,0.000,,,,,NVIDIA A100-SXM4-40GB MIG 4g.20gb (0),1,,13,cupy_copy__complex64_complex64
4300738957,1888,269497,1,1,1,1,1,1,18,0.000,0.000,,,,,NVIDIA A100-SXM4-40GB MIG 4g.20gb (0),1,,13,cupy_copy__float32_float32
4300871531,82847,269508,1,1,1,32,32,1,30,0.000,0.000,,,,,NVIDIA A100-SXM4-40GB MIG 4g.20gb (0),1,,13,"void convert_kernel<__half2, float2>(tensor_layout_any, T1 *, tensor_layout_any, const T2 *)"
4300982474,5695,269511,,,,,,,,,,0.094,16452.268,Pinned,Device,NVIDIA A100-SXM4-40GB MIG 4g.20gb (0),1,,13,[CUDA memcpy Host-to-Device]
4300997065,3328,269512,,,,,,,,,,1.547,464729.580,Device,,NVIDIA A100-SXM4-40GB MIG 4g.20gb (0),1,,13,[CUDA memset]
4301003913,3456,269517,,,,,,,,,,0.031,9055.529,Pinned,Device,NVIDIA A100-SXM4-40GB MIG 4g.20gb (0),1,,13,[CUDA memcpy Host-to-Device]
4301009801,9632,269518,,,,,,,,,,0.197,20411.843,Pinned,Device,NVIDIA A100-SXM4-40GB MIG 4g.20gb (0),1,,13,[CUDA memcpy Host-to-Device]
4301024425,6464,269519,273,1,1,8,4,1,39,0.002,0.000,,,,,NVIDIA A100-SXM4-40GB MIG 4g.20gb (0),1,,13,"void channel_eq::eqMmseCoefCompLowMimoKernel<float, float, float, (unsigned int)4, (unsigned int)1, (unsigned int)4>(const channel_eq::_puschRxChEqStatDescr *, channel_eq::_puschRxChEqCoefCompDynDescr)"
4301032201,6400,269520,273,1,1,12,11,1,51,0.002,0.000,,,,,NVIDIA A100-SXM4-40GB MIG 4g.20gb (0),1,,13,"void channel_eq::eqMmseSoftDemapKernel<float, __half, __half, float, (unsigned int)4, (unsigned short)16383>(channel_eq::_puschRxChEqStatDescr *, channel_eq::_puschRxChEqSoftDemapDynDescr)"
4301039593,282652,269521,1,1,1,32,32,1,30,0.000,0.000,,,,,NVIDIA A100-SXM4-40GB MIG 4g.20gb (0),1,,13,"void convert_kernel<float2, __half2>(tensor_layout_any, T1 *, tensor_layout_any, const T2 *)"
4301324901,10944,269533,2253,1,1,128,1,1,16,0.000,0.000,,,,,NVIDIA A100-SXM4-40GB MIG 4g.20gb (0),1,,13,cupy_copy__float16_float16
4301339877,3424,269542,282,1,1,128,1,1,16,0.000,0.000,,,,,NVIDIA A100-SXM4-40GB MIG 4g.20gb (0),1,,13,cupy_copy__complex64_complex64
4301345349,2432,269551,26,1,1,128,1,1,16,0.000,0.000,,,,,NVIDIA A100-SXM4-40GB MIG 4g.20gb (0),1,,13,cupy_copy__float32_float32
4301351333,2944,269560,103,1,1,128,1,1,16,0.000,0.000,,,,,NVIDIA A100-SXM4-40GB MIG 4g.20gb (0),1,,13,cupy_copy__complex64_complex64
4301355333,12032,269570,1434,1,1,128,1,1,16,0.000,0.000,,,,,NVIDIA A100-SXM4-40GB MIG 4g.20gb (0),1,,13,cupy_copy__complex64_complex64
4301370885,81087,269575,1,1,1,32,32,1,30,0.000,0.000,,,,,NVIDIA A100-SXM4-40GB MIG 4g.20gb (0),1,,13,"void convert_kernel<__half2, float2>(tensor_layout_any, T1 *, tensor_layout_any, const T2 *)"
4301478563,5408,269578,,,,,,,,,,0.094,17325.421,Pinned,Device,NVIDIA A100-SXM4-40GB MIG 4g.20gb (0),1,,13,[CUDA memcpy Host-to-Device]
4301489123,597881,269579,,,,,,,,,,456.561,763370.728,Device,,NVIDIA A100-SXM4-40GB MIG 4g.20gb (0),1,,13,[CUDA memset]
4302095388,161854,269584,,,,,,,,,,1.235,7629.484,Pinned,Device,NVIDIA A100-SXM4-40GB MIG 4g.20gb (0),1,,13,[CUDA memcpy Host-to-Device]
4302270138,37727,269585,,,,,,,,,,0.197,5211.292,Pinned,Device,NVIDIA A100-SXM4-40GB MIG 4g.20gb (0),1,,13,[CUDA memcpy Host-to-Device]
4302333145,8352,269586,69,4,1,48,1,1,76,0.002,0.000,,,,,NVIDIA A100-SXM4-40GB MIG 4g.20gb (0),1,,13,"void ch_est::windowedChEstPreNoDftSOfdmKernel<float, __half, float, (unsigned int)2, (unsigned int)1, (unsigned short)4>(ch_est::puschRxChEstStatDescr_t *, ch_est::puschRxChEstDynDescr_t *)"
4302350777,6368,269587,137,2,1,24,2,1,44,0.001,0.001,,,,,NVIDIA A100-SXM4-40GB MIG 4g.20gb (0),1,,13,"void ch_est::chEstFilterNoDftSOfdmDispatchKernel<float, __half, float, (unsigned int)2>(ch_est::puschRxChEstStatDescr_t *, ch_est::puschRxChEstDynDescr_t *)"
4302370136,4736,269588,137,2,1,24,2,1,44,0.001,0.001,,,,,NVIDIA A100-SXM4-40GB MIG 4g.20gb (0),1,,13,"void ch_est::chEstFilterNoDftSOfdmDispatchKernel<float, __half, float, (unsigned int)2>(ch_est::puschRxChEstStatDescr_t *, ch_est::puschRxChEstDynDescr_t *)"
4302387160,2720,269599,103,1,1,128,1,1,16,0.000,0.000,,,,,NVIDIA A100-SXM4-40GB MIG 4g.20gb (0),1,,13,cupy_copy__complex64_complex64
4302403896,12608,269609,1434,1,1,128,1,1,16,0.000,0.000,,,,,NVIDIA A100-SXM4-40GB MIG 4g.20gb (0),1,,13,cupy_copy__complex64_complex64
4302426168,2528,269616,103,1,1,128,1,1,16,0.000,0.000,,,,,NVIDIA A100-SXM4-40GB MIG 4g.20gb (0),1,,13,cupy_copy__complex64_complex64
4302449175,89631,269623,1,1,1,32,32,1,30,0.000,0.000,,,,,NVIDIA A100-SXM4-40GB MIG 4g.20gb (0),1,,13,"void convert_kernel<__half2, float2>(tensor_layout_any, T1 *, tensor_layout_any, const T2 *)"
4302566326,24480,269626,,,,,,,,,,0.094,3827.388,Pinned,Device,NVIDIA A100-SXM4-40GB MIG 4g.20gb (0),1,,13,[CUDA memcpy Host-to-Device]
4302601270,47359,269627,,,,,,,,,,35.810,756126.461,Device,,NVIDIA A100-SXM4-40GB MIG 4g.20gb (0),1,,13,[CUDA memset]
4302649525,12736,269629,,,,,,,,,,0.000,6.281,Pinned,Device,NVIDIA A100-SXM4-40GB MIG 4g.20gb (0),1,,13,[CUDA memcpy Host-to-Device]
4302671861,22815,269630,,,,,,,,,,0.197,8617.329,Pinned,Device,NVIDIA A100-SXM4-40GB MIG 4g.20gb (0),1,,13,[CUDA memcpy Host-to-Device]
4302709556,11456,269631,273,1,1,48,1,1,40,0.000,0.001,,,,,NVIDIA A100-SXM4-40GB MIG 4g.20gb (0),1,,13,"void pusch_noise_intf_est::noiseIntfEstNoDftSOfdmKernel<float, __half, float, float, (unsigned int)2, (unsigned int)1, (unsigned char)4, (unsigned char)4>(pusch_noise_intf_est::puschRxNoiseIntfEstDynDescr)"
4302728084,2912,269642,35,1,1,128,1,1,16,0.000,0.000,,,,,NVIDIA A100-SXM4-40GB MIG 4g.20gb (0),1,,13,cupy_copy__complex64_complex64
4302735924,1824,269651,1,1,1,1,1,1,18,0.000,0.000,,,,,NVIDIA A100-SXM4-40GB MIG 4g.20gb (0),1,,13,cupy_copy__float32_float32
4302745620,4768,269657,,,,,,,,,,0.000,0.839,Device,Pageable,NVIDIA A100-SXM4-40GB MIG 4g.20gb (0),1,,7,[CUDA memcpy Device-to-Host]
4302813555,12736,269668,1434,1,1,128,1,1,16,0.000,0.000,,,,,NVIDIA A100-SXM4-40GB MIG 4g.20gb (0),1,,13,cupy_copy__complex64_complex64
4302840883,3648,269675,103,1,1,128,1,1,16,0.000,0.000,,,,,NVIDIA A100-SXM4-40GB MIG 4g.20gb (0),1,,13,cupy_copy__complex64_complex64
4302870322,2304,269682,35,1,1,128,1,1,16,0.000,0.000,,,,,NVIDIA A100-SXM4-40GB MIG 4g.20gb (0),1,,13,cupy_copy__complex64_complex64
4302889170,1760,269689,1,1,1,1,1,1,18,0.000,0.000,,,,,NVIDIA A100-SXM4-40GB MIG 4g.20gb (0),1,,13,cupy_copy__float32_float32
4303024464,82143,269700,1,1,1,32,32,1,30,0.000,0.000,,,,,NVIDIA A100-SXM4-40GB MIG 4g.20gb (0),1,,13,"void convert_kernel<__half2, float2>(tensor_layout_any, T1 *, tensor_layout_any, const T2 *)"
4303134319,5408,269703,,,,,,,,,,0.094,17325.421,Pinned,Device,NVIDIA A100-SXM4-40GB MIG 4g.20gb (0),1,,13,[CUDA memcpy Host-to-Device]
4303149071,3552,269704,,,,,,,,,,1.547,435422.601,Device,,NVIDIA A100-SXM4-40GB MIG 4g.20gb (0),1,,13,[CUDA memset]
4303156911,3072,269709,,,,,,,,,,0.031,10187.474,Pinned,Device,NVIDIA A100-SXM4-40GB MIG 4g.20gb (0),1,,13,[CUDA memcpy Host-to-Device]
4303162511,9344,269710,,,,,,,,,,0.197,21040.988,Pinned,Device,NVIDIA A100-SXM4-40GB MIG 4g.20gb (0),1,,13,[CUDA memcpy Host-to-Device]
4303176399,6559,269711,273,1,1,8,4,1,39,0.002,0.000,,,,,NVIDIA A100-SXM4-40GB MIG 4g.20gb (0),1,,13,"void channel_eq::eqMmseCoefCompLowMimoKernel<float, float, float, (unsigned int)4, (unsigned int)1, (unsigned int)4>(const channel_eq::_puschRxChEqStatDescr *, channel_eq::_puschRxChEqCoefCompDynDescr)"
4303185806,6112,269712,273,1,1,12,11,1,51,0.002,0.000,,,,,NVIDIA A100-SXM4-40GB MIG 4g.20gb (0),1,,13,"void channel_eq::eqMmseSoftDemapKernel<float, __half, __half, float, (unsigned int)4, (unsigned short)16383>(channel_eq::_puschRxChEqStatDescr *, channel_eq::_puschRxChEqSoftDemapDynDescr)"
4303193390,282237,269713,1,1,1,32,32,1,30,0.000,0.000,,,,,NVIDIA A100-SXM4-40GB MIG 4g.20gb (0),1,,13,"void convert_kernel<float2, __half2>(tensor_layout_any, T1 *, tensor_layout_any, const T2 *)"
4303476971,11232,269725,2253,1,1,128,1,1,16,0.000,0.000,,,,,NVIDIA A100-SXM4-40GB MIG 4g.20gb (0),1,,13,cupy_copy__float16_float16
4303492395,3584,269734,282,1,1,128,1,1,16,0.000,0.000,,,,,NVIDIA A100-SXM4-40GB MIG 4g.20gb (0),1,,13,cupy_copy__complex64_complex64
4303499531,2304,269743,26,1,1,128,1,1,16,0.000,0.000,,,,,NVIDIA A100-SXM4-40GB MIG 4g.20gb (0),1,,13,cupy_copy__float32_float32
4303504714,2784,269752,103,1,1,128,1,1,16,0.000,0.000,,,,,NVIDIA A100-SXM4-40GB MIG 4g.20gb (0),1,,13,cupy_copy__complex64_complex64
4303508458,12160,269762,1434,1,1,128,1,1,16,0.000,0.000,,,,,NVIDIA A100-SXM4-40GB MIG 4g.20gb (0),1,,13,cupy_copy__complex64_complex64
4303522794,82335,269767,1,1,1,32,32,1,30,0.000,0.000,,,,,NVIDIA A100-SXM4-40GB MIG 4g.20gb (0),1,,13,"void convert_kernel<__half2, float2>(tensor_layout_any, T1 *, tensor_layout_any, const T2 *)"
4303632073,5696,269770,,,,,,,,,,0.094,16449.363,Pinned,Device,NVIDIA A100-SXM4-40GB MIG 4g.20gb (0),1,,13,[CUDA memcpy Host-to-Device]
4303643977,597144,269771,,,,,,,,,,456.561,764283.851,Device,,NVIDIA A100-SXM4-40GB MIG 4g.20gb (0),1,,13,[CUDA memset]
4304247489,146079,269776,,,,,,,,,,1.235,8453.192,Pinned,Device,NVIDIA A100-SXM4-40GB MIG 4g.20gb (0),1,,13,[CUDA memcpy Host-to-Device]
4304406431,40192,269777,,,,,,,,,,0.197,4891.607,Pinned,Device,NVIDIA A100-SXM4-40GB MIG 4g.20gb (0),1,,13,[CUDA memcpy Host-to-Device]
4304476446,8128,269778,69,4,1,48,1,1,76,0.002,0.000,,,,,NVIDIA A100-SXM4-40GB MIG 4g.20gb (0),1,,13,"void ch_est::windowedChEstPreNoDftSOfdmKernel<float, __half, float, (unsigned int)2, (unsigned int)1, (unsigned short)4>(ch_est::puschRxChEstStatDescr_t *, ch_est::puschRxChEstDynDescr_t *)"
4304494174,6688,269779,137,2,1,24,2,1,44,0.001,0.001,,,,,NVIDIA A100-SXM4-40GB MIG 4g.20gb (0),1,,13,"void ch_est::chEstFilterNoDftSOfdmDispatchKernel<float, __half, float, (unsigned int)2>(ch_est::puschRxChEstStatDescr_t *, ch_est::puschRxChEstDynDescr_t *)"
4304511198,4736,269780,137,2,1,24,2,1,44,0.001,0.001,,,,,NVIDIA A100-SXM4-40GB MIG 4g.20gb (0),1,,13,"void ch_est::chEstFilterNoDftSOfdmDispatchKernel<float, __half, float, (unsigned int)2>(ch_est::puschRxChEstStatDescr_t *, ch_est::puschRxChEstDynDescr_t *)"
4304529374,2784,269791,103,1,1,128,1,1,16,0.000,0.000,,,,,NVIDIA A100-SXM4-40GB MIG 4g.20gb (0),1,,13,cupy_copy__complex64_complex64
4304546878,12447,269801,1434,1,1,128,1,1,16,0.000,0.000,,,,,NVIDIA A100-SXM4-40GB MIG 4g.20gb (0),1,,13,cupy_copy__complex64_complex64
4304565661,2912,269808,103,1,1,128,1,1,16,0.000,0.000,,,,,NVIDIA A100-SXM4-40GB MIG 4g.20gb (0),1,,13,cupy_copy__complex64_complex64
4304587261,85407,269815,1,1,1,32,32,1,30,0.000,0.000,,,,,NVIDIA A100-SXM4-40GB MIG 4g.20gb (0),1,,13,"void convert_kernel<__half2, float2>(tensor_layout_any, T1 *, tensor_layout_any, const T2 *)"
4304705052,26591,269818,,,,,,,,,,0.094,3523.532,Pinned,Device,NVIDIA A100-SXM4-40GB MIG 4g.20gb (0),1,,13,[CUDA memcpy Host-to-Device]
4304762363,47679,269819,,,,,,,,,,35.810,751041.452,Device,,NVIDIA A100-SXM4-40GB MIG 4g.20gb (0),1,,13,[CUDA memset]
4304815098,11840,269821,,,,,,,,,,0.000,6.757,Pinned,Device,NVIDIA A100-SXM4-40GB MIG 4g.20gb (0),1,,13,[CUDA memcpy Host-to-Device]
4304837722,33344,269822,,,,,,,,,,0.197,5896.274,Pinned,Device,NVIDIA A100-SXM4-40GB MIG 4g.20gb (0),1,,13,[CUDA memcpy Host-to-Device]
4304901593,9600,269823,273,1,1,48,1,1,40,0.000,0.001,,,,,NVIDIA A100-SXM4-40GB MIG 4g.20gb (0),1,,13,"void pusch_noise_intf_est::noiseIntfEstNoDftSOfdmKernel<float, __half, float, float, (unsigned int)2, (unsigned int)1, (unsigned char)4, (unsigned char)4>(pusch_noise_intf_est::puschRxNoiseIntfEstDynDescr)"
4304917913,2752,269834,35,1,1,128,1,1,16,0.000,0.000,,,,,NVIDIA A100-SXM4-40GB MIG 4g.20gb (0),1,,13,cupy_copy__complex64_complex64
4304934937,1728,269843,1,1,1,1,1,1,18,0.000,0.000,,,,,NVIDIA A100-SXM4-40GB MIG 4g.20gb (0),1,,13,cupy_copy__float32_float32
4304941049,5440,269849,,,,,,,,,,0.000,0.735,Device,Pageable,NVIDIA A100-SXM4-40GB MIG 4g.20gb (0),1,,7,[CUDA memcpy Device-to-Host]
4305040856,12479,269860,1434,1,1,128,1,1,16,0.000,0.000,,,,,NVIDIA A100-SXM4-40GB MIG 4g.20gb (0),1,,13,cupy_copy__complex64_complex64
4305063831,2944,269867,103,1,1,128,1,1,16,0.000,0.000,,,,,NVIDIA A100-SXM4-40GB MIG 4g.20gb (0),1,,13,cupy_copy__complex64_complex64
4305082903,2592,269874,35,1,1,128,1,1,16,0.000,0.000,,,,,NVIDIA A100-SXM4-40GB MIG 4g.20gb (0),1,,13,cupy_copy__complex64_complex64
4305102103,1792,269881,1,1,1,1,1,1,18,0.000,0.000,,,,,NVIDIA A100-SXM4-40GB MIG 4g.20gb (0),1,,13,cupy_copy__float32_float32
4305224373,87615,269892,1,1,1,32,32,1,30,0.000,0.000,,,,,NVIDIA A100-SXM4-40GB MIG 4g.20gb (0),1,,13,"void convert_kernel<__half2, float2>(tensor_layout_any, T1 *, tensor_layout_any, const T2 *)"
4305342964,5664,269895,,,,,,,,,,0.094,16542.310,Pinned,Device,NVIDIA A100-SXM4-40GB MIG 4g.20gb (0),1,,13,[CUDA memcpy Host-to-Device]
4305357812,3200,269896,,,,,,,,,,1.547,483320.000,Device,,NVIDIA A100-SXM4-40GB MIG 4g.20gb (0),1,,13,[CUDA memset]
4305363924,3008,269901,,,,,,,,,,0.031,10404.230,Pinned,Device,NVIDIA A100-SXM4-40GB MIG 4g.20gb (0),1,,13,[CUDA memcpy Host-to-Device]
4305369363,9888,269902,,,,,,,,,,0.197,19883.360,Pinned,Device,NVIDIA A100-SXM4-40GB MIG 4g.20gb (0),1,,13,[CUDA memcpy Host-to-Device]
4305383251,6464,269903,273,1,1,8,4,1,39,0.002,0.000,,,,,NVIDIA A100-SXM4-40GB MIG 4g.20gb (0),1,,13,"void channel_eq::eqMmseCoefCompLowMimoKernel<float, float, float, (unsigned int)4, (unsigned int)1, (unsigned int)4>(const channel_eq::_puschRxChEqStatDescr *, channel_eq::_puschRxChEqCoefCompDynDescr)"
4305392531,6208,269904,273,1,1,12,11,1,51,0.002,0.000,,,,,NVIDIA A100-SXM4-40GB MIG 4g.20gb (0),1,,13,"void channel_eq::eqMmseSoftDemapKernel<float, __half, __half, float, (unsigned int)4, (unsigned short)16383>(channel_eq::_puschRxChEqStatDescr *, channel_eq::_puschRxChEqSoftDemapDynDescr)"
4305399923,294300,269905,1,1,1,32,32,1,30,0.000,0.000,,,,,NVIDIA A100-SXM4-40GB MIG 4g.20gb (0),1,,13,"void convert_kernel<float2, __half2>(tensor_layout_any, T1 *, tensor_layout_any, const T2 *)"
4305695247,11008,269917,2253,1,1,128,1,1,16,0.000,0.000,,,,,NVIDIA A100-SXM4-40GB MIG 4g.20gb (0),1,,13,cupy_copy__float16_float16
4305708879,3840,269926,282,1,1,128,1,1,16,0.000,0.000,,,,,NVIDIA A100-SXM4-40GB MIG 4g.20gb (0),1,,13,cupy_copy__complex64_complex64
4305714447,2176,269935,26,1,1,128,1,1,16,0.000,0.000,,,,,NVIDIA A100-SXM4-40GB MIG 4g.20gb (0),1,,13,cupy_copy__float32_float32
4305718063,4032,269944,103,1,1,128,1,1,16,0.000,0.000,,,,,NVIDIA A100-SXM4-40GB MIG 4g.20gb (0),1,,13,cupy_copy__complex64_complex64
4305723727,12096,269954,1434,1,1,128,1,1,16,0.000,0.000,,,,,NVIDIA A100-SXM4-40GB MIG 4g.20gb (0),1,,13,cupy_copy__complex64_complex64
4305739663,86047,269959,1,1,1,32,32,1,30,0.000,0.000,,,,,NVIDIA A100-SXM4-40GB MIG 4g.20gb (0),1,,13,"void convert_kernel<__half2, float2>(tensor_layout_any, T1 *, tensor_layout_any, const T2 *)"
4305853262,5471,269962,,,,,,,,,,0.094,17125.849,Pinned,Device,NVIDIA A100-SXM4-40GB MIG 4g.20gb (0),1,,13,[CUDA memcpy Host-to-Device]
4305862829,598873,269963,,,,,,,,,,456.561,762001.043,Device,,NVIDIA A100-SXM4-40GB MIG 4g.20gb (0),1,,13,[CUDA memset]
4306468838,123134,269968,,,,,,,,,,1.235,10028.980,Pinned,Device,NVIDIA A100-SXM4-40GB MIG 4g.20gb (0),1,,13,[CUDA memcpy Host-to-Device]
4306599108,17120,269969,,,,,,,,,,0.197,11484.070,Pinned,Device,NVIDIA A100-SXM4-40GB MIG 4g.20gb (0),1,,13,[CUDA memcpy Host-to-Device]
4306625028,9408,269970,69,4,1,48,1,1,76,0.002,0.000,,,,,NVIDIA A100-SXM4-40GB MIG 4g.20gb (0),1,,13,"void ch_est::windowedChEstPreNoDftSOfdmKernel<float, __half, float, (unsigned int)2, (unsigned int)1, (unsigned short)4>(ch_est::puschRxChEstStatDescr_t *, ch_est::puschRxChEstDynDescr_t *)"
4306640356,6176,269971,137,2,1,24,2,1,44,0.001,0.001,,,,,NVIDIA A100-SXM4-40GB MIG 4g.20gb (0),1,,13,"void ch_est::chEstFilterNoDftSOfdmDispatchKernel<float, __half, float, (unsigned int)2>(ch_est::puschRxChEstStatDescr_t *, ch_est::puschRxChEstDynDescr_t *)"
4306653508,6656,269972,137,2,1,24,2,1,44,0.001,0.001,,,,,NVIDIA A100-SXM4-40GB MIG 4g.20gb (0),1,,13,"void ch_est::chEstFilterNoDftSOfdmDispatchKernel<float, __half, float, (unsigned int)2>(ch_est::puschRxChEstStatDescr_t *, ch_est::puschRxChEstDynDescr_t *)"
4306665412,3039,269983,103,1,1,128,1,1,16,0.000,0.000,,,,,NVIDIA A100-SXM4-40GB MIG 4g.20gb (0),1,,13,cupy_copy__complex64_complex64
4306671907,13024,269993,1434,1,1,128,1,1,16,0.000,0.000,,,,,NVIDIA A100-SXM4-40GB MIG 4g.20gb (0),1,,13,cupy_copy__complex64_complex64
4306686659,2560,270000,103,1,1,128,1,1,16,0.000,0.000,,,,,NVIDIA A100-SXM4-40GB MIG 4g.20gb (0),1,,13,cupy_copy__complex64_complex64
4306692867,87679,270007,1,1,1,32,32,1,30,0.000,0.000,,,,,NVIDIA A100-SXM4-40GB MIG 4g.20gb (0),1,,13,"void convert_kernel<__half2, float2>(tensor_layout_any, T1 *, tensor_layout_any, const T2 *)"
4306807874,5760,270010,,,,,,,,,,0.094,16266.656,Pinned,Device,NVIDIA A100-SXM4-40GB MIG 4g.20gb (0),1,,13,[CUDA memcpy Host-to-Device]
4306819906,46687,270011,,,,,,,,,,35.810,767012.676,Device,,NVIDIA A100-SXM4-40GB MIG 4g.20gb (0),1,,13,[CUDA memset]
4306872993,4032,270013,,,,,,,,,,0.000,19.841,Pinned,Device,NVIDIA A100-SXM4-40GB MIG 4g.20gb (0),1,,13,[CUDA memcpy Host-to-Device]
4306880449,10464,270014,,,,,,,,,,0.197,18788.844,Pinned,Device,NVIDIA A100-SXM4-40GB MIG 4g.20gb (0),1,,13,[CUDA memcpy Host-to-Device]
4306896001,12896,270015,273,1,1,48,1,1,40,0.000,0.001,,,,,NVIDIA A100-SXM4-40GB MIG 4g.20gb (0),1,,13,"void pusch_noise_intf_est::noiseIntfEstNoDftSOfdmKernel<float, __half, float, float, (unsigned int)2, (unsigned int)1, (unsigned char)4, (unsigned char)4>(pusch_noise_intf_est::puschRxNoiseIntfEstDynDescr)"
4306910913,2815,270026,35,1,1,128,1,1,16,0.000,0.000,,,,,NVIDIA A100-SXM4-40GB MIG 4g.20gb (0),1,,13,cupy_copy__complex64_complex64
4306934592,1952,270035,1,1,1,1,1,1,18,0.000,0.000,,,,,NVIDIA A100-SXM4-40GB MIG 4g.20gb (0),1,,13,cupy_copy__float32_float32
4306967584,1568,270041,,,,,,,,,,0.000,2.551,Device,Pageable,NVIDIA A100-SXM4-40GB MIG 4g.20gb (0),1,,7,[CUDA memcpy Device-to-Host]
4307028735,12800,270052,1434,1,1,128,1,1,16,0.000,0.000,,,,,NVIDIA A100-SXM4-40GB MIG 4g.20gb (0),1,,13,cupy_copy__complex64_complex64
4307055263,2816,270059,103,1,1,128,1,1,16,0.000,0.000,,,,,NVIDIA A100-SXM4-40GB MIG 4g.20gb (0),1,,13,cupy_copy__complex64_complex64
4307076382,2208,270066,35,1,1,128,1,1,16,0.000,0.000,,,,,NVIDIA A100-SXM4-40GB MIG 4g.20gb (0),1,,13,cupy_copy__complex64_complex64
4307094494,1856,270073,1,1,1,1,1,1,18,0.000,0.000,,,,,NVIDIA A100-SXM4-40GB MIG 4g.20gb (0),1,,13,cupy_copy__float32_float32
4307227581,82111,270084,1,1,1,32,32,1,30,0.000,0.000,,,,,NVIDIA A100-SXM4-40GB MIG 4g.20gb (0),1,,13,"void convert_kernel<__half2, float2>(tensor_layout_any, T1 *, tensor_layout_any, const T2 *)"
4307337307,5792,270087,,,,,,,,,,0.094,16176.708,Pinned,Device,NVIDIA A100-SXM4-40GB MIG 4g.20gb (0),1,,13,[CUDA memcpy Host-to-Device]
4307352315,3360,270088,,,,,,,,,,1.547,460304.688,Device,,NVIDIA A100-SXM4-40GB MIG 4g.20gb (0),1,,13,[CUDA memset]
4307359387,3744,270093,,,,,,,,,,0.031,8358.974,Pinned,Device,NVIDIA A100-SXM4-40GB MIG 4g.20gb (0),1,,13,[CUDA memcpy Host-to-Device]
4307365211,10336,270094,,,,,,,,,,0.197,19021.627,Pinned,Device,NVIDIA A100-SXM4-40GB MIG 4g.20gb (0),1,,13,[CUDA memcpy Host-to-Device]
4307380571,6368,270095,273,1,1,8,4,1,39,0.002,0.000,,,,,NVIDIA A100-SXM4-40GB MIG 4g.20gb (0),1,,13,"void channel_eq::eqMmseCoefCompLowMimoKernel<float, float, float, (unsigned int)4, (unsigned int)1, (unsigned int)4>(const channel_eq::_puschRxChEqStatDescr *, channel_eq::_puschRxChEqCoefCompDynDescr)"
4307388411,5184,270096,273,1,1,12,11,1,51,0.002,0.000,,,,,NVIDIA A100-SXM4-40GB MIG 4g.20gb (0),1,,13,"void channel_eq::eqMmseSoftDemapKernel<float, __half, __half, float, (unsigned int)4, (unsigned short)16383>(channel_eq::_puschRxChEqStatDescr *, channel_eq::_puschRxChEqSoftDemapDynDescr)"
4307396219,294396,270097,1,1,1,32,32,1,30,0.000,0.000,,,,,NVIDIA A100-SXM4-40GB MIG 4g.20gb (0),1,,13,"void convert_kernel<float2, __half2>(tensor_layout_any, T1 *, tensor_layout_any, const T2 *)"
4307692087,11200,270109,2253,1,1,128,1,1,16,0.000,0.000,,,,,NVIDIA A100-SXM4-40GB MIG 4g.20gb (0),1,,13,cupy_copy__float16_float16
4307708823,3360,270118,282,1,1,128,1,1,16,0.000,0.000,,,,,NVIDIA A100-SXM4-40GB MIG 4g.20gb (0),1,,13,cupy_copy__complex64_complex64
4307714487,2432,270127,26,1,1,128,1,1,16,0.000,0.000,,,,,NVIDIA A100-SXM4-40GB MIG 4g.20gb (0),1,,13,cupy_copy__float32_float32
4307718967,3136,270136,103,1,1,128,1,1,16,0.000,0.000,,,,,NVIDIA A100-SXM4-40GB MIG 4g.20gb (0),1,,13,cupy_copy__complex64_complex64
4307723030,12352,270146,1434,1,1,128,1,1,16,0.000,0.000,,,,,NVIDIA A100-SXM4-40GB MIG 4g.20gb (0),1,,13,cupy_copy__complex64_complex64
4307740054,82367,270151,1,1,1,32,32,1,30,0.000,0.000,,,,,NVIDIA A100-SXM4-40GB MIG 4g.20gb (0),1,,13,"void convert_kernel<__half2, float2>(tensor_layout_any, T1 *, tensor_layout_any, const T2 *)"
4307849781,5600,270154,,,,,,,,,,0.094,16731.388,Pinned,Device,NVIDIA A100-SXM4-40GB MIG 4g.20gb (0),1,,13,[CUDA memcpy Host-to-Device]
4307859573,598872,270155,,,,,,,,,,456.561,762001.043,Device,,NVIDIA A100-SXM4-40GB MIG 4g.20gb (0),1,,13,[CUDA memset]
4308466509,175774,270160,,,,,,,,,,1.235,7025.596,Pinned,Device,NVIDIA A100-SXM4-40GB MIG 4g.20gb (0),1,,13,[CUDA memcpy Host-to-Device]
4308655659,39232,270161,,,,,,,,,,0.197,5011.341,Pinned,Device,NVIDIA A100-SXM4-40GB MIG 4g.20gb (0),1,,13,[CUDA memcpy Host-to-Device]
4308709642,8032,270162,69,4,1,48,1,1,76,0.002,0.000,,,,,NVIDIA A100-SXM4-40GB MIG 4g.20gb (0),1,,13,"void ch_est::windowedChEstPreNoDftSOfdmKernel<float, __half, float, (unsigned int)2, (unsigned int)1, (unsigned short)4>(ch_est::puschRxChEstStatDescr_t *, ch_est::puschRxChEstDynDescr_t *)"
4308727498,6784,270163,137,2,1,24,2,1,44,0.001,0.001,,,,,NVIDIA A100-SXM4-40GB MIG 4g.20gb (0),1,,13,"void ch_est::chEstFilterNoDftSOfdmDispatchKernel<float, __half, float, (unsigned int)2>(ch_est::puschRxChEstStatDescr_t *, ch_est::puschRxChEstDynDescr_t *)"
4308739498,4736,270164,137,2,1,24,2,1,44,0.001,0.001,,,,,NVIDIA A100-SXM4-40GB MIG 4g.20gb (0),1,,13,"void ch_est::chEstFilterNoDftSOfdmDispatchKernel<float, __half, float, (unsigned int)2>(ch_est::puschRxChEstStatDescr_t *, ch_est::puschRxChEstDynDescr_t *)"
4308752970,2528,270175,103,1,1,128,1,1,16,0.000,0.000,,,,,NVIDIA A100-SXM4-40GB MIG 4g.20gb (0),1,,13,cupy_copy__complex64_complex64
4308763018,12672,270185,1434,1,1,128,1,1,16,0.000,0.000,,,,,NVIDIA A100-SXM4-40GB MIG 4g.20gb (0),1,,13,cupy_copy__complex64_complex64
4308781513,2528,270192,103,1,1,128,1,1,16,0.000,0.000,,,,,NVIDIA A100-SXM4-40GB MIG 4g.20gb (0),1,,13,cupy_copy__complex64_complex64
4308791369,83071,270199,1,1,1,32,32,1,30,0.000,0.000,,,,,NVIDIA A100-SXM4-40GB MIG 4g.20gb (0),1,,13,"void convert_kernel<__half2, float2>(tensor_layout_any, T1 *, tensor_layout_any, const T2 *)"
4308903560,8224,270202,,,,,,,,,,0.094,11392.965,Pinned,Device,NVIDIA A100-SXM4-40GB MIG 4g.20gb (0),1,,13,[CUDA memcpy Host-to-Device]
4308916104,47007,270203,,,,,,,,,,35.810,761784.428,Device,,NVIDIA A100-SXM4-40GB MIG 4g.20gb (0),1,,13,[CUDA memset]
4308970119,2912,270205,,,,,,,,,,0.000,27.472,Pinned,Device,NVIDIA A100-SXM4-40GB MIG 4g.20gb (0),1,,13,[CUDA memcpy Host-to-Device]
4308978215,11648,270206,,,,,,,,,,0.197,16878.993,Pinned,Device,NVIDIA A100-SXM4-40GB MIG 4g.20gb (0),1,,13,[CUDA memcpy Host-to-Device]
4308999559,11712,270207,273,1,1,48,1,1,40,0.000,0.001,,,,,NVIDIA A100-SXM4-40GB MIG 4g.20gb (0),1,,13,"void pusch_noise_intf_est::noiseIntfEstNoDftSOfdmKernel<float, __half, float, float, (unsigned int)2, (unsigned int)1, (unsigned char)4, (unsigned char)4>(pusch_noise_intf_est::puschRxNoiseIntfEstDynDescr)"
4309014119,3200,270218,35,1,1,128,1,1,16,0.000,0.000,,,,,NVIDIA A100-SXM4-40GB MIG 4g.20gb (0),1,,13,cupy_copy__complex64_complex64
4309020455,1887,270227,1,1,1,1,1,1,18,0.000,0.000,,,,,NVIDIA A100-SXM4-40GB MIG 4g.20gb (0),1,,13,cupy_copy__float32_float32
4309053222,1600,270233,,,,,,,,,,0.000,2.500,Device,Pageable,NVIDIA A100-SXM4-40GB MIG 4g.20gb (0),1,,7,[CUDA memcpy Device-to-Host]
4309114373,13152,270244,1434,1,1,128,1,1,16,0.000,0.000,,,,,NVIDIA A100-SXM4-40GB MIG 4g.20gb (0),1,,13,cupy_copy__complex64_complex64
4309141605,2848,270251,103,1,1,128,1,1,16,0.000,0.000,,,,,NVIDIA A100-SXM4-40GB MIG 4g.20gb (0),1,,13,cupy_copy__complex64_complex64
4309161669,2272,270258,35,1,1,128,1,1,16,0.000,0.000,,,,,NVIDIA A100-SXM4-40GB MIG 4g.20gb (0),1,,13,cupy_copy__complex64_complex64
4309179557,1920,270265,1,1,1,1,1,1,18,0.000,0.000,,,,,NVIDIA A100-SXM4-40GB MIG 4g.20gb (0),1,,13,cupy_copy__float32_float32
4309315203,82975,270276,1,1,1,32,32,1,30,0.000,0.000,,,,,NVIDIA A100-SXM4-40GB MIG 4g.20gb (0),1,,13,"void convert_kernel<__half2, float2>(tensor_layout_any, T1 *, tensor_layout_any, const T2 *)"
4309426018,5407,270279,,,,,,,,,,0.094,17328.607,Pinned,Device,NVIDIA A100-SXM4-40GB MIG 4g.20gb (0),1,,13,[CUDA memcpy Host-to-Device]
4309439777,3296,270280,,,,,,,,,,1.547,469242.628,Device,,NVIDIA A100-SXM4-40GB MIG 4g.20gb (0),1,,13,[CUDA memset]
4309447073,3232,270285,,,,,,,,,,0.031,9683.139,Pinned,Device,NVIDIA A100-SXM4-40GB MIG 4g.20gb (0),1,,13,[CUDA memcpy Host-to-Device]
4309453025,9728,270286,,,,,,,,,,0.197,20210.516,Pinned,Device,NVIDIA A100-SXM4-40GB MIG 4g.20gb (0),1,,13,[CUDA memcpy Host-to-Device]
4309468993,7808,270287,273,1,1,8,4,1,39,0.002,0.000,,,,,NVIDIA A100-SXM4-40GB MIG 4g.20gb (0),1,,13,"void channel_eq::eqMmseCoefCompLowMimoKernel<float, float, float, (unsigned int)4, (unsigned int)1, (unsigned int)4>(const channel_eq::_puschRxChEqStatDescr *, channel_eq::_puschRxChEqCoefCompDynDescr)"
4309477729,7168,270288,273,1,1,12,11,1,51,0.002,0.000,,,,,NVIDIA A100-SXM4-40GB MIG 4g.20gb (0),1,,13,"void channel_eq::eqMmseSoftDemapKernel<float, __half, __half, float, (unsigned int)4, (unsigned short)16383>(channel_eq::_puschRxChEqStatDescr *, channel_eq::_puschRxChEqSoftDemapDynDescr)"
4309485953,282236,270289,1,1,1,32,32,1,30,0.000,0.000,,,,,NVIDIA A100-SXM4-40GB MIG 4g.20gb (0),1,,13,"void convert_kernel<float2, __half2>(tensor_layout_any, T1 *, tensor_layout_any, const T2 *)"
4309769341,11200,270301,2253,1,1,128,1,1,16,0.000,0.000,,,,,NVIDIA A100-SXM4-40GB MIG 4g.20gb (0),1,,13,cupy_copy__float16_float16
4309785725,3040,270310,282,1,1,128,1,1,16,0.000,0.000,,,,,NVIDIA A100-SXM4-40GB MIG 4g.20gb (0),1,,13,cupy_copy__complex64_complex64
4309791261,2336,270319,26,1,1,128,1,1,16,0.000,0.000,,,,,NVIDIA A100-SXM4-40GB MIG 4g.20gb (0),1,,13,cupy_copy__float32_float32
4309794973,4704,270328,103,1,1,128,1,1,16,0.000,0.000,,,,,NVIDIA A100-SXM4-40GB MIG 4g.20gb (0),1,,13,cupy_copy__complex64_complex64
4309802205,12064,270338,1434,1,1,128,1,1,16,0.000,0.000,,,,,NVIDIA A100-SXM4-40GB MIG 4g.20gb (0),1,,13,cupy_copy__complex64_complex64
4309816349,85727,270343,1,1,1,32,32,1,30,0.000,0.000,,,,,NVIDIA A100-SXM4-40GB MIG 4g.20gb (0),1,,13,"void convert_kernel<__half2, float2>(tensor_layout_any, T1 *, tensor_layout_any, const T2 *)"
4309929307,5792,270346,,,,,,,,,,0.094,16176.708,Pinned,Device,NVIDIA A100-SXM4-40GB MIG 4g.20gb (0),1,,13,[CUDA memcpy Host-to-Device]
4309938875,597145,270347,,,,,,,,,,456.561,764283.851,Device,,NVIDIA A100-SXM4-40GB MIG 4g.20gb (0),1,,13,[CUDA memset]
4310543284,144734,270352,,,,,,,,,,1.235,8532.228,Pinned,Device,NVIDIA A100-SXM4-40GB MIG 4g.20gb (0),1,,13,[CUDA memcpy Host-to-Device]
4310699954,41791,270353,,,,,,,,,,0.197,4704.436,Pinned,Device,NVIDIA A100-SXM4-40GB MIG 4g.20gb (0),1,,13,[CUDA memcpy Host-to-Device]
4310763633,7616,270354,69,4,1,48,1,1,76,0.002,0.000,,,,,NVIDIA A100-SXM4-40GB MIG 4g.20gb (0),1,,13,"void ch_est::windowedChEstPreNoDftSOfdmKernel<float, __half, float, (unsigned int)2, (unsigned int)1, (unsigned short)4>(ch_est::puschRxChEstStatDescr_t *, ch_est::puschRxChEstDynDescr_t *)"
4310783249,6528,270355,137,2,1,24,2,1,44,0.001,0.001,,,,,NVIDIA A100-SXM4-40GB MIG 4g.20gb (0),1,,13,"void ch_est::chEstFilterNoDftSOfdmDispatchKernel<float, __half, float, (unsigned int)2>(ch_est::puschRxChEstStatDescr_t *, ch_est::puschRxChEstDynDescr_t *)"
4310801073,4768,270356,137,2,1,24,2,1,44,0.001,0.001,,,,,NVIDIA A100-SXM4-40GB MIG 4g.20gb (0),1,,13,"void ch_est::chEstFilterNoDftSOfdmDispatchKernel<float, __half, float, (unsigned int)2>(ch_est::puschRxChEstStatDescr_t *, ch_est::puschRxChEstDynDescr_t *)"
4310818256,2720,270367,103,1,1,128,1,1,16,0.000,0.000,,,,,NVIDIA A100-SXM4-40GB MIG 4g.20gb (0),1,,13,cupy_copy__complex64_complex64
4310834928,12512,270377,1434,1,1,128,1,1,16,0.000,0.000,,,,,NVIDIA A100-SXM4-40GB MIG 4g.20gb (0),1,,13,cupy_copy__complex64_complex64
4310858032,2560,270384,103,1,1,128,1,1,16,0.000,0.000,,,,,NVIDIA A100-SXM4-40GB MIG 4g.20gb (0),1,,13,cupy_copy__complex64_complex64
4310880400,94014,270391,1,1,1,32,32,1,30,0.000,0.000,,,,,NVIDIA A100-SXM4-40GB MIG 4g.20gb (0),1,,13,"void convert_kernel<__half2, float2>(tensor_layout_any, T1 *, tensor_layout_any, const T2 *)"
4311008910,13888,270394,,,,,,,,,,0.094,6746.487,Pinned,Device,NVIDIA A100-SXM4-40GB MIG 4g.20gb (0),1,,13,[CUDA memcpy Host-to-Device]
4311042830,46591,270395,,,,,,,,,,35.810,768588.313,Device,,NVIDIA A100-SXM4-40GB MIG 4g.20gb (0),1,,13,[CUDA memset]
4311092365,6816,270397,,,,,,,,,,0.000,11.737,Pinned,Device,NVIDIA A100-SXM4-40GB MIG 4g.20gb (0),1,,13,[CUDA memcpy Host-to-Device]
4311104013,21216,270398,,,,,,,,,,0.197,9266.921,Pinned,Device,NVIDIA A100-SXM4-40GB MIG 4g.20gb (0),1,,13,[CUDA memcpy Host-to-Device]
4311137196,12032,270399,273,1,1,48,1,1,40,0.000,0.001,,,,,NVIDIA A100-SXM4-40GB MIG 4g.20gb (0),1,,13,"void pusch_noise_intf_est::noiseIntfEstNoDftSOfdmKernel<float, __half, float, float, (unsigned int)2, (unsigned int)1, (unsigned char)4, (unsigned char)4>(pusch_noise_intf_est::puschRxNoiseIntfEstDynDescr)"
4311152652,3008,270410,35,1,1,128,1,1,16,0.000,0.000,,,,,NVIDIA A100-SXM4-40GB MIG 4g.20gb (0),1,,13,cupy_copy__complex64_complex64
4311164012,2208,270419,1,1,1,1,1,1,18,0.000,0.000,,,,,NVIDIA A100-SXM4-40GB MIG 4g.20gb (0),1,,13,cupy_copy__float32_float32
4311172012,4032,270425,,,,,,,,,,0.000,0.992,Device,Pageable,NVIDIA A100-SXM4-40GB MIG 4g.20gb (0),1,,7,[CUDA memcpy Device-to-Host]
4311245995,13312,270436,1434,1,1,128,1,1,16,0.000,0.000,,,,,NVIDIA A100-SXM4-40GB MIG 4g.20gb (0),1,,13,cupy_copy__complex64_complex64
4311275627,3104,270443,103,1,1,128,1,1,16,0.000,0.000,,,,,NVIDIA A100-SXM4-40GB MIG 4g.20gb (0),1,,13,cupy_copy__complex64_complex64
4311293962,2560,270450,35,1,1,128,1,1,16,0.000,0.000,,,,,NVIDIA A100-SXM4-40GB MIG 4g.20gb (0),1,,13,cupy_copy__complex64_complex64
4311318826,2016,270457,1,1,1,1,1,1,18,0.000,0.000,,,,,NVIDIA A100-SXM4-40GB MIG 4g.20gb (0),1,,13,cupy_copy__float32_float32
4311440041,87263,270468,1,1,1,32,32,1,30,0.000,0.000,,,,,NVIDIA A100-SXM4-40GB MIG 4g.20gb (0),1,,13,"void convert_kernel<__half2, float2>(tensor_layout_any, T1 *, tensor_layout_any, const T2 *)"
4311554663,5792,270471,,,,,,,,,,0.094,16176.708,Pinned,Device,NVIDIA A100-SXM4-40GB MIG 4g.20gb (0),1,,13,[CUDA memcpy Host-to-Device]
4311569415,3200,270472,,,,,,,,,,1.547,483320.000,Device,,NVIDIA A100-SXM4-40GB MIG 4g.20gb (0),1,,13,[CUDA memset]
4311576295,3104,270477,,,,,,,,,,0.031,10082.445,Pinned,Device,NVIDIA A100-SXM4-40GB MIG 4g.20gb (0),1,,13,[CUDA memcpy Host-to-Device]
4311581479,9856,270478,,,,,,,,,,0.197,19948.044,Pinned,Device,NVIDIA A100-SXM4-40GB MIG 4g.20gb (0),1,,13,[CUDA memcpy Host-to-Device]
4311596551,6592,270479,273,1,1,8,4,1,39,0.002,0.000,,,,,NVIDIA A100-SXM4-40GB MIG 4g.20gb (0),1,,13,"void channel_eq::eqMmseCoefCompLowMimoKernel<float, float, float, (unsigned int)4, (unsigned int)1, (unsigned int)4>(const channel_eq::_puschRxChEqStatDescr *, channel_eq::_puschRxChEqCoefCompDynDescr)"
4311604199,6304,270480,273,1,1,12,11,1,51,0.002,0.000,,,,,NVIDIA A100-SXM4-40GB MIG 4g.20gb (0),1,,13,"void channel_eq::eqMmseSoftDemapKernel<float, __half, __half, float, (unsigned int)4, (unsigned short)16383>(channel_eq::_puschRxChEqStatDescr *, channel_eq::_puschRxChEqSoftDemapDynDescr)"
4311611591,282588,270481,1,1,1,32,32,1,30,0.000,0.000,,,,,NVIDIA A100-SXM4-40GB MIG 4g.20gb (0),1,,13,"void convert_kernel<float2, __half2>(tensor_layout_any, T1 *, tensor_layout_any, const T2 *)"
4311895171,10880,270493,2253,1,1,128,1,1,16,0.000,0.000,,,,,NVIDIA A100-SXM4-40GB MIG 4g.20gb (0),1,,13,cupy_copy__float16_float16
4311911267,3456,270502,282,1,1,128,1,1,16,0.000,0.000,,,,,NVIDIA A100-SXM4-40GB MIG 4g.20gb (0),1,,13,cupy_copy__complex64_complex64
4311917123,2336,270511,26,1,1,128,1,1,16,0.000,0.000,,,,,NVIDIA A100-SXM4-40GB MIG 4g.20gb (0),1,,13,cupy_copy__float32_float32
4311920579,2912,270520,103,1,1,128,1,1,16,0.000,0.000,,,,,NVIDIA A100-SXM4-40GB MIG 4g.20gb (0),1,,13,cupy_copy__complex64_complex64
4311925955,12128,270530,1434,1,1,128,1,1,16,0.000,0.000,,,,,NVIDIA A100-SXM4-40GB MIG 4g.20gb (0),1,,13,cupy_copy__complex64_complex64
4311941187,87134,270535,1,1,1,32,32,1,30,0.000,0.000,,,,,NVIDIA A100-SXM4-40GB MIG 4g.20gb (0),1,,13,"void convert_kernel<__half2, float2>(tensor_layout_any, T1 *, tensor_layout_any, const T2 *)"
4312056065,5856,270538,,,,,,,,,,0.094,15999.997,Pinned,Device,NVIDIA A100-SXM4-40GB MIG 4g.20gb (0),1,,13,[CUDA memcpy Host-to-Device]
4312067233,599001,270539,,,,,,,,,,456.561,762001.043,Device,,NVIDIA A100-SXM4-40GB MIG 4g.20gb (0),1,,13,[CUDA memset]
4312668762,113950,270544,,,,,,,,,,1.235,10836.634,Pinned,Device,NVIDIA A100-SXM4-40GB MIG 4g.20gb (0),1,,13,[CUDA memcpy Host-to-Device]
4312791576,29248,270545,,,,,,,,,,0.197,6722.028,Pinned,Device,NVIDIA A100-SXM4-40GB MIG 4g.20gb (0),1,,13,[CUDA memcpy Host-to-Device]
4312842167,8224,270546,69,4,1,48,1,1,76,0.002,0.000,,,,,NVIDIA A100-SXM4-40GB MIG 4g.20gb (0),1,,13,"void ch_est::windowedChEstPreNoDftSOfdmKernel<float, __half, float, (unsigned int)2, (unsigned int)1, (unsigned short)4>(ch_est::puschRxChEstStatDescr_t *, ch_est::puschRxChEstDynDescr_t *)"
4312857815,6880,270547,137,2,1,24,2,1,44,0.001,0.001,,,,,NVIDIA A100-SXM4-40GB MIG 4g.20gb (0),1,,13,"void ch_est::chEstFilterNoDftSOfdmDispatchKernel<float, __half, float, (unsigned int)2>(ch_est::puschRxChEstStatDescr_t *, ch_est::puschRxChEstDynDescr_t *)"
4312871191,4736,270548,137,2,1,24,2,1,44,0.001,0.001,,,,,NVIDIA A100-SXM4-40GB MIG 4g.20gb (0),1,,13,"void ch_est::chEstFilterNoDftSOfdmDispatchKernel<float, __half, float, (unsigned int)2>(ch_est::puschRxChEstStatDescr_t *, ch_est::puschRxChEstDynDescr_t *)"
4312887351,2688,270559,103,1,1,128,1,1,16,0.000,0.000,,,,,NVIDIA A100-SXM4-40GB MIG 4g.20gb (0),1,,13,cupy_copy__complex64_complex64
4312901463,12416,270569,1434,1,1,128,1,1,16,0.000,0.000,,,,,NVIDIA A100-SXM4-40GB MIG 4g.20gb (0),1,,13,cupy_copy__complex64_complex64
4312940854,2624,270576,103,1,1,128,1,1,16,0.000,0.000,,,,,NVIDIA A100-SXM4-40GB MIG 4g.20gb (0),1,,13,cupy_copy__complex64_complex64
4312956086,84799,270583,1,1,1,32,32,1,30,0.000,0.000,,,,,NVIDIA A100-SXM4-40GB MIG 4g.20gb (0),1,,13,"void convert_kernel<__half2, float2>(tensor_layout_any, T1 *, tensor_layout_any, const T2 *)"
4313076469,22719,270586,,,,,,,,,,0.094,4124.123,Pinned,Device,NVIDIA A100-SXM4-40GB MIG 4g.20gb (0),1,,13,[CUDA memcpy Host-to-Device]
4313116852,47359,270587,,,,,,,,,,35.810,756126.461,Device,,NVIDIA A100-SXM4-40GB MIG 4g.20gb (0),1,,13,[CUDA memset]
4313170291,7680,270589,,,,,,,,,,0.000,10.417,Pinned,Device,NVIDIA A100-SXM4-40GB MIG 4g.20gb (0),1,,13,[CUDA memcpy Host-to-Device]
4313190035,20704,270590,,,,,,,,,,0.197,9495.970,Pinned,Device,NVIDIA A100-SXM4-40GB MIG 4g.20gb (0),1,,13,[CUDA memcpy Host-to-Device]
4313232787,9695,270591,273,1,1,48,1,1,40,0.000,0.001,,,,,NVIDIA A100-SXM4-40GB MIG 4g.20gb (0),1,,13,"void pusch_noise_intf_est::noiseIntfEstNoDftSOfdmKernel<float, __half, float, float, (unsigned int)2, (unsigned int)1, (unsigned char)4, (unsigned char)4>(pusch_noise_intf_est::puschRxNoiseIntfEstDynDescr)"
4313249394,2816,270602,35,1,1,128,1,1,16,0.000,0.000,,,,,NVIDIA A100-SXM4-40GB MIG 4g.20gb (0),1,,13,cupy_copy__complex64_complex64
4313265938,1728,270611,1,1,1,1,1,1,18,0.000,0.000,,,,,NVIDIA A100-SXM4-40GB MIG 4g.20gb (0),1,,13,cupy_copy__float32_float32
4313273938,7936,270617,,,,,,,,,,0.000,0.504,Device,Pageable,NVIDIA A100-SXM4-40GB MIG 4g.20gb (0),1,,7,[CUDA memcpy Device-to-Host]
4313363665,12992,270628,1434,1,1,128,1,1,16,0.000,0.000,,,,,NVIDIA A100-SXM4-40GB MIG 4g.20gb (0),1,,13,cupy_copy__complex64_complex64
4313382641,3424,270635,103,1,1,128,1,1,16,0.000,0.000,,,,,NVIDIA A100-SXM4-40GB MIG 4g.20gb (0),1,,13,cupy_copy__complex64_complex64
4313421200,2176,270642,35,1,1,128,1,1,16,0.000,0.000,,,,,NVIDIA A100-SXM4-40GB MIG 4g.20gb (0),1,,13,cupy_copy__complex64_complex64
4313432848,2080,270649,1,1,1,1,1,1,18,0.000,0.000,,,,,NVIDIA A100-SXM4-40GB MIG 4g.20gb (0),1,,13,cupy_copy__float32_float32
4313561935,82591,270660,1,1,1,32,32,1,30,0.000,0.000,,,,,NVIDIA A100-SXM4-40GB MIG 4g.20gb (0),1,,13,"void convert_kernel<__half2, float2>(tensor_layout_any, T1 *, tensor_layout_any, const T2 *)"
4313674861,13696,270663,,,,,,,,,,0.094,6841.120,Pinned,Device,NVIDIA A100-SXM4-40GB MIG 4g.20gb (0),1,,13,[CUDA memcpy Host-to-Device]
4313697869,3456,270664,,,,,,,,,,1.547,447517.201,Device,,NVIDIA A100-SXM4-40GB MIG 4g.20gb (0),1,,13,[CUDA memset]
4313704013,3296,270669,,,,,,,,,,0.031,9495.144,Pinned,Device,NVIDIA A100-SXM4-40GB MIG 4g.20gb (0),1,,13,[CUDA memcpy Host-to-Device]
4313714157,9888,270670,,,,,,,,,,0.197,19883.360,Pinned,Device,NVIDIA A100-SXM4-40GB MIG 4g.20gb (0),1,,13,[CUDA memcpy Host-to-Device]
4313734380,8320,270671,273,1,1,8,4,1,39,0.002,0.000,,,,,NVIDIA A100-SXM4-40GB MIG 4g.20gb (0),1,,13,"void channel_eq::eqMmseCoefCompLowMimoKernel<float, float, float, (unsigned int)4, (unsigned int)1, (unsigned int)4>(const channel_eq::_puschRxChEqStatDescr *, channel_eq::_puschRxChEqCoefCompDynDescr)"
4313751628,6048,270672,273,1,1,12,11,1,51,0.002,0.000,,,,,NVIDIA A100-SXM4-40GB MIG 4g.20gb (0),1,,13,"void channel_eq::eqMmseSoftDemapKernel<float, __half, __half, float, (unsigned int)4, (unsigned short)16383>(channel_eq::_puschRxChEqStatDescr *, channel_eq::_puschRxChEqSoftDemapDynDescr)"
4313759404,289821,270673,1,1,1,32,32,1,30,0.000,0.000,,,,,NVIDIA A100-SXM4-40GB MIG 4g.20gb (0),1,,13,"void convert_kernel<float2, __half2>(tensor_layout_any, T1 *, tensor_layout_any, const T2 *)"
4314050185,11007,270685,2253,1,1,128,1,1,16,0.000,0.000,,,,,NVIDIA A100-SXM4-40GB MIG 4g.20gb (0),1,,13,cupy_copy__float16_float16
4314064296,2976,270694,282,1,1,128,1,1,16,0.000,0.000,,,,,NVIDIA A100-SXM4-40GB MIG 4g.20gb (0),1,,13,cupy_copy__complex64_complex64
4314070664,2144,270703,26,1,1,128,1,1,16,0.000,0.000,,,,,NVIDIA A100-SXM4-40GB MIG 4g.20gb (0),1,,13,cupy_copy__float32_float32
4314074056,2912,270712,103,1,1,128,1,1,16,0.000,0.000,,,,,NVIDIA A100-SXM4-40GB MIG 4g.20gb (0),1,,13,cupy_copy__complex64_complex64
4314078504,12576,270722,1434,1,1,128,1,1,16,0.000,0.000,,,,,NVIDIA A100-SXM4-40GB MIG 4g.20gb (0),1,,13,cupy_copy__complex64_complex64
4314096296,83583,270727,1,1,1,32,32,1,30,0.000,0.000,,,,,NVIDIA A100-SXM4-40GB MIG 4g.20gb (0),1,,13,"void convert_kernel<__half2, float2>(tensor_layout_any, T1 *, tensor_layout_any, const T2 *)"
4314206983,5920,270730,,,,,,,,,,0.094,15826.941,Pinned,Device,NVIDIA A100-SXM4-40GB MIG 4g.20gb (0),1,,13,[CUDA memcpy Host-to-Device]
4314219270,598681,270731,,,,,,,,,,456.561,762457.605,Device,,NVIDIA A100-SXM4-40GB MIG 4g.20gb (0),1,,13,[CUDA memset]
4314823455,108991,270736,,,,,,,,,,1.235,11330.611,Pinned,Device,NVIDIA A100-SXM4-40GB MIG 4g.20gb (0),1,,13,[CUDA memcpy Host-to-Device]
4314941982,25791,270737,,,,,,,,,,0.197,7623.082,Pinned,Device,NVIDIA A100-SXM4-40GB MIG 4g.20gb (0),1,,13,[CUDA memcpy Host-to-Device]
4314976861,8256,270738,69,4,1,48,1,1,76,0.002,0.000,,,,,NVIDIA A100-SXM4-40GB MIG 4g.20gb (0),1,,13,"void ch_est::windowedChEstPreNoDftSOfdmKernel<float, __half, float, (unsigned int)2, (unsigned int)1, (unsigned short)4>(ch_est::puschRxChEstStatDescr_t *, ch_est::puschRxChEstDynDescr_t *)"
4314989469,7264,270739,137,2,1,24,2,1,44,0.001,0.001,,,,,NVIDIA A100-SXM4-40GB MIG 4g.20gb (0),1,,13,"void ch_est::chEstFilterNoDftSOfdmDispatchKernel<float, __half, float, (unsigned int)2>(ch_est::puschRxChEstStatDescr_t *, ch_est::puschRxChEstDynDescr_t *)"
4315003229,5312,270740,137,2,1,24,2,1,44,0.001,0.001,,,,,NVIDIA A100-SXM4-40GB MIG 4g.20gb (0),1,,13,"void ch_est::chEstFilterNoDftSOfdmDispatchKernel<float, __half, float, (unsigned int)2>(ch_est::puschRxChEstStatDescr_t *, ch_est::puschRxChEstDynDescr_t *)"
4315018077,2496,270751,103,1,1,128,1,1,16,0.000,0.000,,,,,NVIDIA A100-SXM4-40GB MIG 4g.20gb (0),1,,13,cupy_copy__complex64_complex64
4315032604,12160,270761,1434,1,1,128,1,1,16,0.000,0.000,,,,,NVIDIA A100-SXM4-40GB MIG 4g.20gb (0),1,,13,cupy_copy__complex64_complex64
4315050844,2880,270768,103,1,1,128,1,1,16,0.000,0.000,,,,,NVIDIA A100-SXM4-40GB MIG 4g.20gb (0),1,,13,cupy_copy__complex64_complex64
4315066780,100415,270775,1,1,1,32,32,1,30,0.000,0.000,,,,,NVIDIA A100-SXM4-40GB MIG 4g.20gb (0),1,,13,"void convert_kernel<__half2, float2>(tensor_layout_any, T1 *, tensor_layout_any, const T2 *)"
4315201434,21120,270778,,,,,,,,,,0.094,4436.318,Pinned,Device,NVIDIA A100-SXM4-40GB MIG 4g.20gb (0),1,,13,[CUDA memcpy Host-to-Device]
4315238298,47327,270779,,,,,,,,,,35.810,756627.800,Device,,NVIDIA A100-SXM4-40GB MIG 4g.20gb (0),1,,13,[CUDA memset]
4315291193,13888,270781,,,,,,,,,,0.000,5.760,Pinned,Device,NVIDIA A100-SXM4-40GB MIG 4g.20gb (0),1,,13,[CUDA memcpy Host-to-Device]
4315313817,28896,270782,,,,,,,,,,0.197,6803.816,Pinned,Device,NVIDIA A100-SXM4-40GB MIG 4g.20gb (0),1,,13,[CUDA memcpy Host-to-Device]
4315359640,9536,270783,273,1,1,48,1,1,40,0.000,0.001,,,,,NVIDIA A100-SXM4-40GB MIG 4g.20gb (0),1,,13,"void pusch_noise_intf_est::noiseIntfEstNoDftSOfdmKernel<float, __half, float, float, (unsigned int)2, (unsigned int)1, (unsigned char)4, (unsigned char)4>(pusch_noise_intf_est::puschRxNoiseIntfEstDynDescr)"
4315386200,2752,270794,35,1,1,128,1,1,16,0.000,0.000,,,,,NVIDIA A100-SXM4-40GB MIG 4g.20gb (0),1,,13,cupy_copy__complex64_complex64
4315398776,1760,270803,1,1,1,1,1,1,18,0.000,0.000,,,,,NVIDIA A100-SXM4-40GB MIG 4g.20gb (0),1,,13,cupy_copy__float32_float32
4315405176,5696,270809,,,,,,,,,,0.000,0.702,Device,Pageable,NVIDIA A100-SXM4-40GB MIG 4g.20gb (0),1,,7,[CUDA memcpy Device-to-Host]
4315484887,13184,270820,1434,1,1,128,1,1,16,0.000,0.000,,,,,NVIDIA A100-SXM4-40GB MIG 4g.20gb (0),1,,13,cupy_copy__complex64_complex64
4315525142,2912,270827,103,1,1,128,1,1,16,0.000,0.000,,,,,NVIDIA A100-SXM4-40GB MIG 4g.20gb (0),1,,13,cupy_copy__complex64_complex64
4315543574,2304,270834,35,1,1,128,1,1,16,0.000,0.000,,,,,NVIDIA A100-SXM4-40GB MIG 4g.20gb (0),1,,13,cupy_copy__complex64_complex64
4315556566,1824,270841,1,1,1,1,1,1,18,0.000,0.000,,,,,NVIDIA A100-SXM4-40GB MIG 4g.20gb (0),1,,13,cupy_copy__float32_float32
4315694196,87423,270852,1,1,1,32,32,1,30,0.000,0.000,,,,,NVIDIA A100-SXM4-40GB MIG 4g.20gb (0),1,,13,"void convert_kernel<__half2, float2>(tensor_layout_any, T1 *, tensor_layout_any, const T2 *)"
4315809523,6400,270855,,,,,,,,,,0.094,14640.000,Pinned,Device,NVIDIA A100-SXM4-40GB MIG 4g.20gb (0),1,,13,[CUDA memcpy Host-to-Device]
4315825171,3488,270856,,,,,,,,,,1.547,443412.461,Device,,NVIDIA A100-SXM4-40GB MIG 4g.20gb (0),1,,13,[CUDA memset]
4315830419,3680,270861,,,,,,,,,,0.031,8504.344,Pinned,Device,NVIDIA A100-SXM4-40GB MIG 4g.20gb (0),1,,13,[CUDA memcpy Host-to-Device]
4315837299,10111,270862,,,,,,,,,,0.197,19444.924,Pinned,Device,NVIDIA A100-SXM4-40GB MIG 4g.20gb (0),1,,13,[CUDA memcpy Host-to-Device]
4315854258,6944,270863,273,1,1,8,4,1,39,0.002,0.000,,,,,NVIDIA A100-SXM4-40GB MIG 4g.20gb (0),1,,13,"void channel_eq::eqMmseCoefCompLowMimoKernel<float, float, float, (unsigned int)4, (unsigned int)1, (unsigned int)4>(const channel_eq::_puschRxChEqStatDescr *, channel_eq::_puschRxChEqCoefCompDynDescr)"
4315863218,6304,270864,273,1,1,12,11,1,51,0.002,0.000,,,,,NVIDIA A100-SXM4-40GB MIG 4g.20gb (0),1,,13,"void channel_eq::eqMmseSoftDemapKernel<float, __half, __half, float, (unsigned int)4, (unsigned short)16383>(channel_eq::_puschRxChEqStatDescr *, channel_eq::_puschRxChEqSoftDemapDynDescr)"
4315871090,282077,270865,1,1,1,32,32,1,30,0.000,0.000,,,,,NVIDIA A100-SXM4-40GB MIG 4g.20gb (0),1,,13,"void convert_kernel<float2, __half2>(tensor_layout_any, T1 *, tensor_layout_any, const T2 *)"
4316154159,11135,270877,2253,1,1,128,1,1,16,0.000,0.000,,,,,NVIDIA A100-SXM4-40GB MIG 4g.20gb (0),1,,13,cupy_copy__float16_float16
4316167726,3168,270886,282,1,1,128,1,1,16,0.000,0.000,,,,,NVIDIA A100-SXM4-40GB MIG 4g.20gb (0),1,,13,cupy_copy__complex64_complex64
4316172718,2048,270895,26,1,1,128,1,1,16,0.000,0.000,,,,,NVIDIA A100-SXM4-40GB MIG 4g.20gb (0),1,,13,cupy_copy__float32_float32
4316177614,4576,270904,103,1,1,128,1,1,16,0.000,0.000,,,,,NVIDIA A100-SXM4-40GB MIG 4g.20gb (0),1,,13,cupy_copy__complex64_complex64
4316183790,12320,270914,1434,1,1,128,1,1,16,0.000,0.000,,,,,NVIDIA A100-SXM4-40GB MIG 4g.20gb (0),1,,13,cupy_copy__complex64_complex64
4316201166,82175,270919,1,1,1,32,32,1,30,0.000,0.000,,,,,NVIDIA A100-SXM4-40GB MIG 4g.20gb (0),1,,13,"void convert_kernel<__half2, float2>(tensor_layout_any, T1 *, tensor_layout_any, const T2 *)"
4316311821,5920,270922,,,,,,,,,,0.094,15826.941,Pinned,Device,NVIDIA A100-SXM4-40GB MIG 4g.20gb (0),1,,13,[CUDA memcpy Host-to-Device]
4316321741,595928,270923,,,,,,,,,,456.561,766110.096,Device,,NVIDIA A100-SXM4-40GB MIG 4g.20gb (0),1,,13,[CUDA memset]
4316924453,123935,270928,,,,,,,,,,1.235,9963.528,Pinned,Device,NVIDIA A100-SXM4-40GB MIG 4g.20gb (0),1,,13,[CUDA memcpy Host-to-Device]
4317061059,39968,270929,,,,,,,,,,0.197,4919.132,Pinned,Device,NVIDIA A100-SXM4-40GB MIG 4g.20gb (0),1,,13,[CUDA memcpy Host-to-Device]
4317116163,8096,270930,69,4,1,48,1,1,76,0.002,0.000,,,,,NVIDIA A100-SXM4-40GB MIG 4g.20gb (0),1,,13,"void ch_est::windowedChEstPreNoDftSOfdmKernel<float, __half, float, (unsigned int)2, (unsigned int)1, (unsigned short)4>(ch_est::puschRxChEstStatDescr_t *, ch_est::puschRxChEstDynDescr_t *)"
4317134307,6207,270931,137,2,1,24,2,1,44,0.001,0.001,,,,,NVIDIA A100-SXM4-40GB MIG 4g.20gb (0),1,,13,"void ch_est::chEstFilterNoDftSOfdmDispatchKernel<float, __half, float, (unsigned int)2>(ch_est::puschRxChEstStatDescr_t *, ch_est::puschRxChEstDynDescr_t *)"
4317146626,4768,270932,137,2,1,24,2,1,44,0.001,0.001,,,,,NVIDIA A100-SXM4-40GB MIG 4g.20gb (0),1,,13,"void ch_est::chEstFilterNoDftSOfdmDispatchKernel<float, __half, float, (unsigned int)2>(ch_est::puschRxChEstStatDescr_t *, ch_est::puschRxChEstDynDescr_t *)"
4317161410,2688,270943,103,1,1,128,1,1,16,0.000,0.000,,,,,NVIDIA A100-SXM4-40GB MIG 4g.20gb (0),1,,13,cupy_copy__complex64_complex64
4317171970,12352,270953,1434,1,1,128,1,1,16,0.000,0.000,,,,,NVIDIA A100-SXM4-40GB MIG 4g.20gb (0),1,,13,cupy_copy__complex64_complex64
4317195170,2752,270960,103,1,1,128,1,1,16,0.000,0.000,,,,,NVIDIA A100-SXM4-40GB MIG 4g.20gb (0),1,,13,cupy_copy__complex64_complex64
4317206018,87039,270967,1,1,1,32,32,1,30,0.000,0.000,,,,,NVIDIA A100-SXM4-40GB MIG 4g.20gb (0),1,,13,"void convert_kernel<__half2, float2>(tensor_layout_any, T1 *, tensor_layout_any, const T2 *)"
4317322176,13888,270970,,,,,,,,,,0.094,6746.487,Pinned,Device,NVIDIA A100-SXM4-40GB MIG 4g.20gb (0),1,,13,[CUDA memcpy Host-to-Device]
4317340928,47423,270971,,,,,,,,,,35.810,755087.973,Device,,NVIDIA A100-SXM4-40GB MIG 4g.20gb (0),1,,13,[CUDA memset]
4317389567,7008,270973,,,,,,,,,,0.000,11.416,Pinned,Device,NVIDIA A100-SXM4-40GB MIG 4g.20gb (0),1,,13,[CUDA memcpy Host-to-Device]
4317401535,16256,270974,,,,,,,,,,0.197,12094.341,Pinned,Device,NVIDIA A100-SXM4-40GB MIG 4g.20gb (0),1,,13,[CUDA memcpy Host-to-Device]
4317431519,9824,270975,273,1,1,48,1,1,40,0.000,0.001,,,,,NVIDIA A100-SXM4-40GB MIG 4g.20gb (0),1,,13,"void pusch_noise_intf_est::noiseIntfEstNoDftSOfdmKernel<float, __half, float, float, (unsigned int)2, (unsigned int)1, (unsigned char)4, (unsigned char)4>(pusch_noise_intf_est::puschRxNoiseIntfEstDynDescr)"
4317451391,2816,270986,35,1,1,128,1,1,16,0.000,0.000,,,,,NVIDIA A100-SXM4-40GB MIG 4g.20gb (0),1,,13,cupy_copy__complex64_complex64
4317462078,1664,270995,1,1,1,1,1,1,18,0.000,0.000,,,,,NVIDIA A100-SXM4-40GB MIG 4g.20gb (0),1,,13,cupy_copy__float32_float32
4317476830,3168,271001,,,,,,,,,,0.000,1.263,Device,Pageable,NVIDIA A100-SXM4-40GB MIG 4g.20gb (0),1,,7,[CUDA memcpy Device-to-Host]
4317554813,13248,271012,1434,1,1,128,1,1,16,0.000,0.000,,,,,NVIDIA A100-SXM4-40GB MIG 4g.20gb (0),1,,13,cupy_copy__complex64_complex64
4317589021,2848,271019,103,1,1,128,1,1,16,0.000,0.000,,,,,NVIDIA A100-SXM4-40GB MIG 4g.20gb (0),1,,13,cupy_copy__complex64_complex64
4317600701,2496,271026,35,1,1,128,1,1,16,0.000,0.000,,,,,NVIDIA A100-SXM4-40GB MIG 4g.20gb (0),1,,13,cupy_copy__complex64_complex64
4317619197,1728,271033,1,1,1,1,1,1,18,0.000,0.000,,,,,NVIDIA A100-SXM4-40GB MIG 4g.20gb (0),1,,13,cupy_copy__float32_float32
4317749627,87583,271044,1,1,1,32,32,1,30,0.000,0.000,,,,,NVIDIA A100-SXM4-40GB MIG 4g.20gb (0),1,,13,"void convert_kernel<__half2, float2>(tensor_layout_any, T1 *, tensor_layout_any, const T2 *)"
4317865146,5759,271047,,,,,,,,,,0.094,16269.467,Pinned,Device,NVIDIA A100-SXM4-40GB MIG 4g.20gb (0),1,,13,[CUDA memcpy Host-to-Device]
4317879449,3232,271048,,,,,,,,,,1.547,478533.199,Device,,NVIDIA A100-SXM4-40GB MIG 4g.20gb (0),1,,13,[CUDA memset]
4317886521,3488,271053,,,,,,,,,,0.031,8972.469,Pinned,Device,NVIDIA A100-SXM4-40GB MIG 4g.20gb (0),1,,13,[CUDA memcpy Host-to-Device]
4317892441,9728,271054,,,,,,,,,,0.197,20210.516,Pinned,Device,NVIDIA A100-SXM4-40GB MIG 4g.20gb (0),1,,13,[CUDA memcpy Host-to-Device]
4317907001,6272,271055,273,1,1,8,4,1,39,0.002,0.000,,,,,NVIDIA A100-SXM4-40GB MIG 4g.20gb (0),1,,13,"void channel_eq::eqMmseCoefCompLowMimoKernel<float, float, float, (unsigned int)4, (unsigned int)1, (unsigned int)4>(const channel_eq::_puschRxChEqStatDescr *, channel_eq::_puschRxChEqCoefCompDynDescr)"
4317916121,6272,271056,273,1,1,12,11,1,51,0.002,0.000,,,,,NVIDIA A100-SXM4-40GB MIG 4g.20gb (0),1,,13,"void channel_eq::eqMmseSoftDemapKernel<float, __half, __half, float, (unsigned int)4, (unsigned short)16383>(channel_eq::_puschRxChEqStatDescr *, channel_eq::_puschRxChEqSoftDemapDynDescr)"
4317923513,282908,271057,1,1,1,32,32,1,30,0.000,0.000,,,,,NVIDIA A100-SXM4-40GB MIG 4g.20gb (0),1,,13,"void convert_kernel<float2, __half2>(tensor_layout_any, T1 *, tensor_layout_any, const T2 *)"
4318208245,11008,271069,2253,1,1,128,1,1,16,0.000,0.000,,,,,NVIDIA A100-SXM4-40GB MIG 4g.20gb (0),1,,13,cupy_copy__float16_float16
4318224117,3648,271078,282,1,1,128,1,1,16,0.000,0.000,,,,,NVIDIA A100-SXM4-40GB MIG 4g.20gb (0),1,,13,cupy_copy__complex64_complex64
4318229909,1984,271087,26,1,1,128,1,1,16,0.000,0.000,,,,,NVIDIA A100-SXM4-40GB MIG 4g.20gb (0),1,,13,cupy_copy__float32_float32
4318233589,3168,271096,103,1,1,128,1,1,16,0.000,0.000,,,,,NVIDIA A100-SXM4-40GB MIG 4g.20gb (0),1,,13,cupy_copy__complex64_complex64
4318237813,12032,271106,1434,1,1,128,1,1,16,0.000,0.000,,,,,NVIDIA A100-SXM4-40GB MIG 4g.20gb (0),1,,13,cupy_copy__complex64_complex64
4318255189,82399,271111,1,1,1,32,32,1,30,0.000,0.000,,,,,NVIDIA A100-SXM4-40GB MIG 4g.20gb (0),1,,13,"void convert_kernel<__half2, float2>(tensor_layout_any, T1 *, tensor_layout_any, const T2 *)"
4318364371,5504,271114,,,,,,,,,,0.094,17023.251,Pinned,Device,NVIDIA A100-SXM4-40GB MIG 4g.20gb (0),1,,13,[CUDA memcpy Host-to-Device]
4318374931,600505,271115,,,,,,,,,,456.561,760174.798,Device,,NVIDIA A100-SXM4-40GB MIG 4g.20gb (0),1,,13,[CUDA memset]
4318977580,160958,271120,,,,,,,,,,1.235,7671.472,Pinned,Device,NVIDIA A100-SXM4-40GB MIG 4g.20gb (0),1,,13,[CUDA memcpy Host-to-Device]
4319149130,32767,271121,,,,,,,,,,0.197,6000.083,Pinned,Device,NVIDIA A100-SXM4-40GB MIG 4g.20gb (0),1,,13,[CUDA memcpy Host-to-Device]
4319205417,8128,271122,69,4,1,48,1,1,76,0.002,0.000,,,,,NVIDIA A100-SXM4-40GB MIG 4g.20gb (0),1,,13,"void ch_est::windowedChEstPreNoDftSOfdmKernel<float, __half, float, (unsigned int)2, (unsigned int)1, (unsigned short)4>(ch_est::puschRxChEstStatDescr_t *, ch_est::puschRxChEstDynDescr_t *)"
4319221129,6880,271123,137,2,1,24,2,1,44,0.001,0.001,,,,,NVIDIA A100-SXM4-40GB MIG 4g.20gb (0),1,,13,"void ch_est::chEstFilterNoDftSOfdmDispatchKernel<float, __half, float, (unsigned int)2>(ch_est::puschRxChEstStatDescr_t *, ch_est::puschRxChEstDynDescr_t *)"
4319241065,4704,271124,137,2,1,24,2,1,44,0.001,0.001,,,,,NVIDIA A100-SXM4-40GB MIG 4g.20gb (0),1,,13,"void ch_est::chEstFilterNoDftSOfdmDispatchKernel<float, __half, float, (unsigned int)2>(ch_est::puschRxChEstStatDescr_t *, ch_est::puschRxChEstDynDescr_t *)"
4319257320,2624,271135,103,1,1,128,1,1,16,0.000,0.000,,,,,NVIDIA A100-SXM4-40GB MIG 4g.20gb (0),1,,13,cupy_copy__complex64_complex64
4319269608,12640,271145,1434,1,1,128,1,1,16,0.000,0.000,,,,,NVIDIA A100-SXM4-40GB MIG 4g.20gb (0),1,,13,cupy_copy__complex64_complex64
4319296712,2400,271152,103,1,1,128,1,1,16,0.000,0.000,,,,,NVIDIA A100-SXM4-40GB MIG 4g.20gb (0),1,,13,cupy_copy__complex64_complex64
4319313928,93727,271159,1,1,1,32,32,1,30,0.000,0.000,,,,,NVIDIA A100-SXM4-40GB MIG 4g.20gb (0),1,,13,"void convert_kernel<__half2, float2>(tensor_layout_any, T1 *, tensor_layout_any, const T2 *)"
4319438630,12704,271162,,,,,,,,,,0.094,7375.281,Pinned,Device,NVIDIA A100-SXM4-40GB MIG 4g.20gb (0),1,,13,[CUDA memcpy Host-to-Device]
4319457670,47199,271163,,,,,,,,,,35.810,758668.965,Device,,NVIDIA A100-SXM4-40GB MIG 4g.20gb (0),1,,13,[CUDA memset]
4319508069,3776,271165,,,,,,,,,,0.000,21.186,Pinned,Device,NVIDIA A100-SXM4-40GB MIG 4g.20gb (0),1,,13,[CUDA memcpy Host-to-Device]
4319518757,17792,271166,,,,,,,,,,0.197,11050.353,Pinned,Device,NVIDIA A100-SXM4-40GB MIG 4g.20gb (0),1,,13,[CUDA memcpy Host-to-Device]
4319550789,12256,271167,273,1,1,48,1,1,40,0.000,0.001,,,,,NVIDIA A100-SXM4-40GB MIG 4g.20gb (0),1,,13,"void pusch_noise_intf_est::noiseIntfEstNoDftSOfdmKernel<float, __half, float, float, (unsigned int)2, (unsigned int)1, (unsigned char)4, (unsigned char)4>(pusch_noise_intf_est::puschRxNoiseIntfEstDynDescr)"
4319566341,2912,271178,35,1,1,128,1,1,16,0.000,0.000,,,,,NVIDIA A100-SXM4-40GB MIG 4g.20gb (0),1,,13,cupy_copy__complex64_complex64
4319575652,1824,271187,1,1,1,1,1,1,18,0.000,0.000,,,,,NVIDIA A100-SXM4-40GB MIG 4g.20gb (0),1,,13,cupy_copy__float32_float32
4319592580,5280,271193,,,,,,,,,,0.000,0.758,Device,Pageable,NVIDIA A100-SXM4-40GB MIG 4g.20gb (0),1,,7,[CUDA memcpy Device-to-Host]
4319664163,13152,271204,1434,1,1,128,1,1,16,0.000,0.000,,,,,NVIDIA A100-SXM4-40GB MIG 4g.20gb (0),1,,13,cupy_copy__complex64_complex64
4319691811,3360,271211,103,1,1,128,1,1,16,0.000,0.000,,,,,NVIDIA A100-SXM4-40GB MIG 4g.20gb (0),1,,13,cupy_copy__complex64_complex64
4319712355,2528,271218,35,1,1,128,1,1,16,0.000,0.000,,,,,NVIDIA A100-SXM4-40GB MIG 4g.20gb (0),1,,13,cupy_copy__complex64_complex64
4319730051,1920,271225,1,1,1,1,1,1,18,0.000,0.000,,,,,NVIDIA A100-SXM4-40GB MIG 4g.20gb (0),1,,13,cupy_copy__float32_float32
4319857985,83295,271236,1,1,1,32,32,1,30,0.000,0.000,,,,,NVIDIA A100-SXM4-40GB MIG 4g.20gb (0),1,,13,"void convert_kernel<__half2, float2>(tensor_layout_any, T1 *, tensor_layout_any, const T2 *)"
4319968448,5472,271239,,,,,,,,,,0.094,17122.757,Pinned,Device,NVIDIA A100-SXM4-40GB MIG 4g.20gb (0),1,,13,[CUDA memcpy Host-to-Device]
4319982687,3360,271240,,,,,,,,,,1.547,460304.688,Device,,NVIDIA A100-SXM4-40GB MIG 4g.20gb (0),1,,13,[CUDA memset]
4319989375,3424,271245,,,,,,,,,,0.031,9140.185,Pinned,Device,NVIDIA A100-SXM4-40GB MIG 4g.20gb (0),1,,13,[CUDA memcpy Host-to-Device]
4319995423,9696,271246,,,,,,,,,,0.197,20277.166,Pinned,Device,NVIDIA A100-SXM4-40GB MIG 4g.20gb (0),1,,13,[CUDA memcpy Host-to-Device]
4320011103,6528,271247,273,1,1,8,4,1,39,0.002,0.000,,,,,NVIDIA A100-SXM4-40GB MIG 4g.20gb (0),1,,13,"void channel_eq::eqMmseCoefCompLowMimoKernel<float, float, float, (unsigned int)4, (unsigned int)1, (unsigned int)4>(const channel_eq::_puschRxChEqStatDescr *, channel_eq::_puschRxChEqCoefCompDynDescr)"
4320020287,6272,271248,273,1,1,12,11,1,51,0.002,0.000,,,,,NVIDIA A100-SXM4-40GB MIG 4g.20gb (0),1,,13,"void channel_eq::eqMmseSoftDemapKernel<float, __half, __half, float, (unsigned int)4, (unsigned short)16383>(channel_eq::_puschRxChEqStatDescr *, channel_eq::_puschRxChEqSoftDemapDynDescr)"
4320027583,282780,271249,1,1,1,32,32,1,30,0.000,0.000,,,,,NVIDIA A100-SXM4-40GB MIG 4g.20gb (0),1,,13,"void convert_kernel<float2, __half2>(tensor_layout_any, T1 *, tensor_layout_any, const T2 *)"
4320311579,11040,271261,2253,1,1,128,1,1,16,0.000,0.000,,,,,NVIDIA A100-SXM4-40GB MIG 4g.20gb (0),1,,13,cupy_copy__float16_float16
4320326907,2976,271270,282,1,1,128,1,1,16,0.000,0.000,,,,,NVIDIA A100-SXM4-40GB MIG 4g.20gb (0),1,,13,cupy_copy__complex64_complex64
4320332507,2208,271279,26,1,1,128,1,1,16,0.000,0.000,,,,,NVIDIA A100-SXM4-40GB MIG 4g.20gb (0),1,,13,cupy_copy__float32_float32
4320336667,2944,271288,103,1,1,128,1,1,16,0.000,0.000,,,,,NVIDIA A100-SXM4-40GB MIG 4g.20gb (0),1,,13,cupy_copy__complex64_complex64
4320389498,12096,271304,1434,1,1,128,1,1,16,0.000,0.000,,,,,NVIDIA A100-SXM4-40GB MIG 4g.20gb (0),1,,13,cupy_copy__complex64_complex64
4320504153,82271,271309,1,1,1,32,32,1,30,0.000,0.000,,,,,NVIDIA A100-SXM4-40GB MIG 4g.20gb (0),1,,13,"void convert_kernel<__half2, float2>(tensor_layout_any, T1 *, tensor_layout_any, const T2 *)"
4320613272,6240,271312,,,,,,,,,,0.094,15015.346,Pinned,Device,NVIDIA A100-SXM4-40GB MIG 4g.20gb (0),1,,13,[CUDA memcpy Host-to-Device]
4320623800,595640,271313,,,,,,,,,,456.561,766110.096,Device,,NVIDIA A100-SXM4-40GB MIG 4g.20gb (0),1,,13,[CUDA memset]
4321225264,162366,271318,,,,,,,,,,1.235,7604.785,Pinned,Device,NVIDIA A100-SXM4-40GB MIG 4g.20gb (0),1,,13,[CUDA memcpy Host-to-Device]
4321398926,32864,271319,,,,,,,,,,0.197,5982.388,Pinned,Device,NVIDIA A100-SXM4-40GB MIG 4g.20gb (0),1,,13,[CUDA memcpy Host-to-Device]
4321448173,7968,271320,69,4,1,48,1,1,76,0.002,0.000,,,,,NVIDIA A100-SXM4-40GB MIG 4g.20gb (0),1,,13,"void ch_est::windowedChEstPreNoDftSOfdmKernel<float, __half, float, (unsigned int)2, (unsigned int)1, (unsigned short)4>(ch_est::puschRxChEstStatDescr_t *, ch_est::puschRxChEstDynDescr_t *)"
4321463885,6528,271321,137,2,1,24,2,1,44,0.001,0.001,,,,,NVIDIA A100-SXM4-40GB MIG 4g.20gb (0),1,,13,"void ch_est::chEstFilterNoDftSOfdmDispatchKernel<float, __half, float, (unsigned int)2>(ch_est::puschRxChEstStatDescr_t *, ch_est::puschRxChEstDynDescr_t *)"
4321476749,4736,271322,137,2,1,24,2,1,44,0.001,0.001,,,,,NVIDIA A100-SXM4-40GB MIG 4g.20gb (0),1,,13,"void ch_est::chEstFilterNoDftSOfdmDispatchKernel<float, __half, float, (unsigned int)2>(ch_est::puschRxChEstStatDescr_t *, ch_est::puschRxChEstDynDescr_t *)"
4321487309,2592,271333,103,1,1,128,1,1,16,0.000,0.000,,,,,NVIDIA A100-SXM4-40GB MIG 4g.20gb (0),1,,13,cupy_copy__complex64_complex64
4321495821,12576,271343,1434,1,1,128,1,1,16,0.000,0.000,,,,,NVIDIA A100-SXM4-40GB MIG 4g.20gb (0),1,,13,cupy_copy__complex64_complex64
4321516237,2880,271350,103,1,1,128,1,1,16,0.000,0.000,,,,,NVIDIA A100-SXM4-40GB MIG 4g.20gb (0),1,,13,cupy_copy__complex64_complex64
4321533772,83871,271357,1,1,1,32,32,1,30,0.000,0.000,,,,,NVIDIA A100-SXM4-40GB MIG 4g.20gb (0),1,,13,"void convert_kernel<__half2, float2>(tensor_layout_any, T1 *, tensor_layout_any, const T2 *)"
4321648715,13984,271360,,,,,,,,,,0.094,6700.201,Pinned,Device,NVIDIA A100-SXM4-40GB MIG 4g.20gb (0),1,,13,[CUDA memcpy Host-to-Device]
4321678795,47071,271361,,,,,,,,,,35.810,760745.940,Device,,NVIDIA A100-SXM4-40GB MIG 4g.20gb (0),1,,13,[CUDA memset]
4321731050,5216,271363,,,,,,,,,,0.000,15.337,Pinned,Device,NVIDIA A100-SXM4-40GB MIG 4g.20gb (0),1,,13,[CUDA memcpy Host-to-Device]
4321742154,14912,271364,,,,,,,,,,0.197,13184.532,Pinned,Device,NVIDIA A100-SXM4-40GB MIG 4g.20gb (0),1,,13,[CUDA memcpy Host-to-Device]
4321765449,11680,271365,273,1,1,48,1,1,40,0.000,0.001,,,,,NVIDIA A100-SXM4-40GB MIG 4g.20gb (0),1,,13,"void pusch_noise_intf_est::noiseIntfEstNoDftSOfdmKernel<float, __half, float, float, (unsigned int)2, (unsigned int)1, (unsigned char)4, (unsigned char)4>(pusch_noise_intf_est::puschRxNoiseIntfEstDynDescr)"
4321779369,3136,271376,35,1,1,128,1,1,16,0.000,0.000,,,,,NVIDIA A100-SXM4-40GB MIG 4g.20gb (0),1,,13,cupy_copy__complex64_complex64
4321788105,2016,271385,1,1,1,1,1,1,18,0.000,0.000,,,,,NVIDIA A100-SXM4-40GB MIG 4g.20gb (0),1,,13,cupy_copy__float32_float32
4321803369,1984,271391,,,,,,,,,,0.000,2.016,Device,Pageable,NVIDIA A100-SXM4-40GB MIG 4g.20gb (0),1,,7,[CUDA memcpy Device-to-Host]
4321871752,12992,271402,1434,1,1,128,1,1,16,0.000,0.000,,,,,NVIDIA A100-SXM4-40GB MIG 4g.20gb (0),1,,13,cupy_copy__complex64_complex64
4321898984,2912,271409,103,1,1,128,1,1,16,0.000,0.000,,,,,NVIDIA A100-SXM4-40GB MIG 4g.20gb (0),1,,13,cupy_copy__complex64_complex64
4321919688,2528,271416,35,1,1,128,1,1,16,0.000,0.000,,,,,NVIDIA A100-SXM4-40GB MIG 4g.20gb (0),1,,13,cupy_copy__complex64_complex64
4321936679,1856,271423,1,1,1,1,1,1,18,0.000,0.000,,,,,NVIDIA A100-SXM4-40GB MIG 4g.20gb (0),1,,13,cupy_copy__float32_float32
4322065574,82911,271434,1,1,1,32,32,1,30,0.000,0.000,,,,,NVIDIA A100-SXM4-40GB MIG 4g.20gb (0),1,,13,"void convert_kernel<__half2, float2>(tensor_layout_any, T1 *, tensor_layout_any, const T2 *)"
4322175428,5568,271437,,,,,,,,,,0.094,16827.521,Pinned,Device,NVIDIA A100-SXM4-40GB MIG 4g.20gb (0),1,,13,[CUDA memcpy Host-to-Device]
4322191908,3360,271438,,,,,,,,,,1.547,460304.688,Device,,NVIDIA A100-SXM4-40GB MIG 4g.20gb (0),1,,13,[CUDA memset]
4322196836,3008,271443,,,,,,,,,,0.031,10404.230,Pinned,Device,NVIDIA A100-SXM4-40GB MIG 4g.20gb (0),1,,13,[CUDA memcpy Host-to-Device]
4322202980,9632,271444,,,,,,,,,,0.197,20411.843,Pinned,Device,NVIDIA A100-SXM4-40GB MIG 4g.20gb (0),1,,13,[CUDA memcpy Host-to-Device]
4322217444,6432,271445,273,1,1,8,4,1,39,0.002,0.000,,,,,NVIDIA A100-SXM4-40GB MIG 4g.20gb (0),1,,13,"void channel_eq::eqMmseCoefCompLowMimoKernel<float, float, float, (unsigned int)4, (unsigned int)1, (unsigned int)4>(const channel_eq::_puschRxChEqStatDescr *, channel_eq::_puschRxChEqCoefCompDynDescr)"
4322226852,5984,271446,273,1,1,12,11,1,51,0.002,0.000,,,,,NVIDIA A100-SXM4-40GB MIG 4g.20gb (0),1,,13,"void channel_eq::eqMmseSoftDemapKernel<float, __half, __half, float, (unsigned int)4, (unsigned short)16383>(channel_eq::_puschRxChEqStatDescr *, channel_eq::_puschRxChEqSoftDemapDynDescr)"
4322236740,282684,271447,1,1,1,32,32,1,30,0.000,0.000,,,,,NVIDIA A100-SXM4-40GB MIG 4g.20gb (0),1,,13,"void convert_kernel<float2, __half2>(tensor_layout_any, T1 *, tensor_layout_any, const T2 *)"
4322520448,11008,271459,2253,1,1,128,1,1,16,0.000,0.000,,,,,NVIDIA A100-SXM4-40GB MIG 4g.20gb (0),1,,13,cupy_copy__float16_float16
4322533664,3168,271468,282,1,1,128,1,1,16,0.000,0.000,,,,,NVIDIA A100-SXM4-40GB MIG 4g.20gb (0),1,,13,cupy_copy__complex64_complex64
4322538432,2336,271477,26,1,1,128,1,1,16,0.000,0.000,,,,,NVIDIA A100-SXM4-40GB MIG 4g.20gb (0),1,,13,cupy_copy__float32_float32
4322543488,3232,271486,103,1,1,128,1,1,16,0.000,0.000,,,,,NVIDIA A100-SXM4-40GB MIG 4g.20gb (0),1,,13,cupy_copy__complex64_complex64
4322548832,11904,271496,1434,1,1,128,1,1,16,0.000,0.000,,,,,NVIDIA A100-SXM4-40GB MIG 4g.20gb (0),1,,13,cupy_copy__complex64_complex64
4322566496,82431,271501,1,1,1,32,32,1,30,0.000,0.000,,,,,NVIDIA A100-SXM4-40GB MIG 4g.20gb (0),1,,13,"void convert_kernel<__half2, float2>(tensor_layout_any, T1 *, tensor_layout_any, const T2 *)"
4322676094,5632,271504,,,,,,,,,,0.094,16636.287,Pinned,Device,NVIDIA A100-SXM4-40GB MIG 4g.20gb (0),1,,13,[CUDA memcpy Host-to-Device]
4322685278,597401,271505,,,,,,,,,,456.561,763827.289,Device,,NVIDIA A100-SXM4-40GB MIG 4g.20gb (0),1,,13,[CUDA memset]
4323288407,165278,271510,,,,,,,,,,1.235,7471.411,Pinned,Device,NVIDIA A100-SXM4-40GB MIG 4g.20gb (0),1,,13,[CUDA memcpy Host-to-Device]
4323463733,42207,271511,,,,,,,,,,0.197,4658.037,Pinned,Device,NVIDIA A100-SXM4-40GB MIG 4g.20gb (0),1,,13,[CUDA memcpy Host-to-Device]
4323527156,8384,271512,69,4,1,48,1,1,76,0.002,0.000,,,,,NVIDIA A100-SXM4-40GB MIG 4g.20gb (0),1,,13,"void ch_est::windowedChEstPreNoDftSOfdmKernel<float, __half, float, (unsigned int)2, (unsigned int)1, (unsigned short)4>(ch_est::puschRxChEstStatDescr_t *, ch_est::puschRxChEstDynDescr_t *)"
4323546388,6943,271513,137,2,1,24,2,1,44,0.001,0.001,,,,,NVIDIA A100-SXM4-40GB MIG 4g.20gb (0),1,,13,"void ch_est::chEstFilterNoDftSOfdmDispatchKernel<float, __half, float, (unsigned int)2>(ch_est::puschRxChEstStatDescr_t *, ch_est::puschRxChEstDynDescr_t *)"
4323563283,4672,271514,137,2,1,24,2,1,44,0.001,0.001,,,,,NVIDIA A100-SXM4-40GB MIG 4g.20gb (0),1,,13,"void ch_est::chEstFilterNoDftSOfdmDispatchKernel<float, __half, float, (unsigned int)2>(ch_est::puschRxChEstStatDescr_t *, ch_est::puschRxChEstDynDescr_t *)"
4323580371,2528,271525,103,1,1,128,1,1,16,0.000,0.000,,,,,NVIDIA A100-SXM4-40GB MIG 4g.20gb (0),1,,13,cupy_copy__complex64_complex64
4323597939,12512,271535,1434,1,1,128,1,1,16,0.000,0.000,,,,,NVIDIA A100-SXM4-40GB MIG 4g.20gb (0),1,,13,cupy_copy__complex64_complex64
4323620851,2560,271542,103,1,1,128,1,1,16,0.000,0.000,,,,,NVIDIA A100-SXM4-40GB MIG 4g.20gb (0),1,,13,cupy_copy__complex64_complex64
4323641010,95583,271549,1,1,1,32,32,1,30,0.000,0.000,,,,,NVIDIA A100-SXM4-40GB MIG 4g.20gb (0),1,,13,"void convert_kernel<__half2, float2>(tensor_layout_any, T1 *, tensor_layout_any, const T2 *)"
4323767281,26559,271552,,,,,,,,,,0.094,3527.842,Pinned,Device,NVIDIA A100-SXM4-40GB MIG 4g.20gb (0),1,,13,[CUDA memcpy Host-to-Device]
4323818448,46080,271553,,,,,,,,,,35.810,777111.074,Device,,NVIDIA A100-SXM4-40GB MIG 4g.20gb (0),1,,13,[CUDA memset]
4323869360,10847,271555,,,,,,,,,,0.000,7.375,Pinned,Device,NVIDIA A100-SXM4-40GB MIG 4g.20gb (0),1,,13,[CUDA memcpy Host-to-Device]
4323889967,20608,271556,,,,,,,,,,0.197,9540.207,Pinned,Device,NVIDIA A100-SXM4-40GB MIG 4g.20gb (0),1,,13,[CUDA memcpy Host-to-Device]
4323926767,9728,271557,273,1,1,48,1,1,40,0.000,0.001,,,,,NVIDIA A100-SXM4-40GB MIG 4g.20gb (0),1,,13,"void pusch_noise_intf_est::noiseIntfEstNoDftSOfdmKernel<float, __half, float, float, (unsigned int)2, (unsigned int)1, (unsigned char)4, (unsigned char)4>(pusch_noise_intf_est::puschRxNoiseIntfEstDynDescr)"
4323947055,2624,271568,35,1,1,128,1,1,16,0.000,0.000,,,,,NVIDIA A100-SXM4-40GB MIG 4g.20gb (0),1,,13,cupy_copy__complex64_complex64
4323955406,1696,271577,1,1,1,1,1,1,18,0.000,0.000,,,,,NVIDIA A100-SXM4-40GB MIG 4g.20gb (0),1,,13,cupy_copy__float32_float32
4323961294,4864,271583,,,,,,,,,,0.000,0.822,Device,Pageable,NVIDIA A100-SXM4-40GB MIG 4g.20gb (0),1,,7,[CUDA memcpy Device-to-Host]
4324038765,12832,271594,1434,1,1,128,1,1,16,0.000,0.000,,,,,NVIDIA A100-SXM4-40GB MIG 4g.20gb (0),1,,13,cupy_copy__complex64_complex64
4324069677,2656,271601,103,1,1,128,1,1,16,0.000,0.000,,,,,NVIDIA A100-SXM4-40GB MIG 4g.20gb (0),1,,13,cupy_copy__complex64_complex64
4324082989,2368,271608,35,1,1,128,1,1,16,0.000,0.000,,,,,NVIDIA A100-SXM4-40GB MIG 4g.20gb (0),1,,13,cupy_copy__complex64_complex64
4324097709,2048,271615,1,1,1,1,1,1,18,0.000,0.000,,,,,NVIDIA A100-SXM4-40GB MIG 4g.20gb (0),1,,13,cupy_copy__float32_float32
4324228395,82303,271626,1,1,1,32,32,1,30,0.000,0.000,,,,,NVIDIA A100-SXM4-40GB MIG 4g.20gb (0),1,,13,"void convert_kernel<__half2, float2>(tensor_layout_any, T1 *, tensor_layout_any, const T2 *)"
4324338538,5376,271629,,,,,,,,,,0.094,17428.487,Pinned,Device,NVIDIA A100-SXM4-40GB MIG 4g.20gb (0),1,,13,[CUDA memcpy Host-to-Device]
4324352490,3328,271630,,,,,,,,,,1.547,464729.580,Device,,NVIDIA A100-SXM4-40GB MIG 4g.20gb (0),1,,13,[CUDA memset]
4324359242,3071,271635,,,,,,,,,,0.031,10190.791,Pinned,Device,NVIDIA A100-SXM4-40GB MIG 4g.20gb (0),1,,13,[CUDA memcpy Host-to-Device]
4324364841,9952,271636,,,,,,,,,,0.197,19755.565,Pinned,Device,NVIDIA A100-SXM4-40GB MIG 4g.20gb (0),1,,13,[CUDA memcpy Host-to-Device]
4324379049,6624,271637,273,1,1,8,4,1,39,0.002,0.000,,,,,NVIDIA A100-SXM4-40GB MIG 4g.20gb (0),1,,13,"void channel_eq::eqMmseCoefCompLowMimoKernel<float, float, float, (unsigned int)4, (unsigned int)1, (unsigned int)4>(const channel_eq::_puschRxChEqStatDescr *, channel_eq::_puschRxChEqCoefCompDynDescr)"
4324386729,6112,271638,273,1,1,12,11,1,51,0.002,0.000,,,,,NVIDIA A100-SXM4-40GB MIG 4g.20gb (0),1,,13,"void channel_eq::eqMmseSoftDemapKernel<float, __half, __half, float, (unsigned int)4, (unsigned short)16383>(channel_eq::_puschRxChEqStatDescr *, channel_eq::_puschRxChEqSoftDemapDynDescr)"
4324393993,282685,271639,1,1,1,32,32,1,30,0.000,0.000,,,,,NVIDIA A100-SXM4-40GB MIG 4g.20gb (0),1,,13,"void convert_kernel<float2, __half2>(tensor_layout_any, T1 *, tensor_layout_any, const T2 *)"
4324678214,10911,271651,2253,1,1,128,1,1,16,0.000,0.000,,,,,NVIDIA A100-SXM4-40GB MIG 4g.20gb (0),1,,13,cupy_copy__float16_float16
4324690757,3616,271660,282,1,1,128,1,1,16,0.000,0.000,,,,,NVIDIA A100-SXM4-40GB MIG 4g.20gb (0),1,,13,cupy_copy__complex64_complex64
4324697125,2144,271669,26,1,1,128,1,1,16,0.000,0.000,,,,,NVIDIA A100-SXM4-40GB MIG 4g.20gb (0),1,,13,cupy_copy__float32_float32
4324701413,3008,271678,103,1,1,128,1,1,16,0.000,0.000,,,,,NVIDIA A100-SXM4-40GB MIG 4g.20gb (0),1,,13,cupy_copy__complex64_complex64
4324705541,12352,271688,1434,1,1,128,1,1,16,0.000,0.000,,,,,NVIDIA A100-SXM4-40GB MIG 4g.20gb (0),1,,13,cupy_copy__complex64_complex64
4324732421,83007,271693,1,1,1,32,32,1,30,0.000,0.000,,,,,NVIDIA A100-SXM4-40GB MIG 4g.20gb (0),1,,13,"void convert_kernel<__half2, float2>(tensor_layout_any, T1 *, tensor_layout_any, const T2 *)"
4324842148,5951,271696,,,,,,,,,,0.094,15744.488,Pinned,Device,NVIDIA A100-SXM4-40GB MIG 4g.20gb (0),1,,13,[CUDA memcpy Host-to-Device]
4324853283,598681,271697,,,,,,,,,,456.561,762457.605,Device,,NVIDIA A100-SXM4-40GB MIG 4g.20gb (0),1,,13,[CUDA memset]
4325456316,103167,271702,,,,,,,,,,1.235,11970.312,Pinned,Device,NVIDIA A100-SXM4-40GB MIG 4g.20gb (0),1,,13,[CUDA memcpy Host-to-Device]
4325574299,31679,271703,,,,,,,,,,0.197,6206.128,Pinned,Device,NVIDIA A100-SXM4-40GB MIG 4g.20gb (0),1,,13,[CUDA memcpy Host-to-Device]
4325624826,8448,271704,69,4,1,48,1,1,76,0.002,0.000,,,,,NVIDIA A100-SXM4-40GB MIG 4g.20gb (0),1,,13,"void ch_est::windowedChEstPreNoDftSOfdmKernel<float, __half, float, (unsigned int)2, (unsigned int)1, (unsigned short)4>(ch_est::puschRxChEstStatDescr_t *, ch_est::puschRxChEstDynDescr_t *)"
4325637338,7680,271705,137,2,1,24,2,1,44,0.001,0.001,,,,,NVIDIA A100-SXM4-40GB MIG 4g.20gb (0),1,,13,"void ch_est::chEstFilterNoDftSOfdmDispatchKernel<float, __half, float, (unsigned int)2>(ch_est::puschRxChEstStatDescr_t *, ch_est::puschRxChEstDynDescr_t *)"
4325653594,5535,271706,137,2,1,24,2,1,44,0.001,0.001,,,,,NVIDIA A100-SXM4-40GB MIG 4g.20gb (0),1,,13,"void ch_est::chEstFilterNoDftSOfdmDispatchKernel<float, __half, float, (unsigned int)2>(ch_est::puschRxChEstStatDescr_t *, ch_est::puschRxChEstDynDescr_t *)"
4325666233,2688,271717,103,1,1,128,1,1,16,0.000,0.000,,,,,NVIDIA A100-SXM4-40GB MIG 4g.20gb (0),1,,13,cupy_copy__complex64_complex64
4325681913,12608,271727,1434,1,1,128,1,1,16,0.000,0.000,,,,,NVIDIA A100-SXM4-40GB MIG 4g.20gb (0),1,,13,cupy_copy__complex64_complex64
4325697689,2912,271734,103,1,1,128,1,1,16,0.000,0.000,,,,,NVIDIA A100-SXM4-40GB MIG 4g.20gb (0),1,,13,cupy_copy__complex64_complex64
4325717305,91807,271741,1,1,1,32,32,1,30,0.000,0.000,,,,,NVIDIA A100-SXM4-40GB MIG 4g.20gb (0),1,,13,"void convert_kernel<__half2, float2>(tensor_layout_any, T1 *, tensor_layout_any, const T2 *)"
4325840791,22464,271744,,,,,,,,,,0.094,4170.877,Pinned,Device,NVIDIA A100-SXM4-40GB MIG 4g.20gb (0),1,,13,[CUDA memcpy Host-to-Device]
4325889207,47647,271745,,,,,,,,,,35.810,751542.791,Device,,NVIDIA A100-SXM4-40GB MIG 4g.20gb (0),1,,13,[CUDA memset]
4325939830,11232,271747,,,,,,,,,,0.000,7.122,Pinned,Device,NVIDIA A100-SXM4-40GB MIG 4g.20gb (0),1,,13,[CUDA memcpy Host-to-Device]
4325957302,27871,271748,,,,,,,,,,0.197,7054.098,Pinned,Device,NVIDIA A100-SXM4-40GB MIG 4g.20gb (0),1,,13,[CUDA memcpy Host-to-Device]
4326021109,9728,271749,273,1,1,48,1,1,40,0.000,0.001,,,,,NVIDIA A100-SXM4-40GB MIG 4g.20gb (0),1,,13,"void pusch_noise_intf_est::noiseIntfEstNoDftSOfdmKernel<float, __half, float, float, (unsigned int)2, (unsigned int)1, (unsigned char)4, (unsigned char)4>(pusch_noise_intf_est::puschRxNoiseIntfEstDynDescr)"
4326038229,2816,271760,35,1,1,128,1,1,16,0.000,0.000,,,,,NVIDIA A100-SXM4-40GB MIG 4g.20gb (0),1,,13,cupy_copy__complex64_complex64
4326054613,1824,271769,1,1,1,1,1,1,18,0.000,0.000,,,,,NVIDIA A100-SXM4-40GB MIG 4g.20gb (0),1,,13,cupy_copy__float32_float32
4326060469,6271,271775,,,,,,,,,,0.000,0.638,Device,Pageable,NVIDIA A100-SXM4-40GB MIG 4g.20gb (0),1,,7,[CUDA memcpy Device-to-Host]
4326162963,12896,271786,1434,1,1,128,1,1,16,0.000,0.000,,,,,NVIDIA A100-SXM4-40GB MIG 4g.20gb (0),1,,13,cupy_copy__complex64_complex64
4326189203,2976,271793,103,1,1,128,1,1,16,0.000,0.000,,,,,NVIDIA A100-SXM4-40GB MIG 4g.20gb (0),1,,13,cupy_copy__complex64_complex64
4326209363,2336,271800,35,1,1,128,1,1,16,0.000,0.000,,,,,NVIDIA A100-SXM4-40GB MIG 4g.20gb (0),1,,13,cupy_copy__complex64_complex64
4326226451,1695,271807,1,1,1,1,1,1,18,0.000,0.000,,,,,NVIDIA A100-SXM4-40GB MIG 4g.20gb (0),1,,13,cupy_copy__float32_float32
4326353937,85727,271818,1,1,1,32,32,1,30,0.000,0.000,,,,,NVIDIA A100-SXM4-40GB MIG 4g.20gb (0),1,,13,"void convert_kernel<__half2, float2>(tensor_layout_any, T1 *, tensor_layout_any, const T2 *)"
4326468720,11487,271821,,,,,,,,,,0.094,8156.612,Pinned,Device,NVIDIA A100-SXM4-40GB MIG 4g.20gb (0),1,,13,[CUDA memcpy Host-to-Device]
4326492687,3520,271822,,,,,,,,,,1.547,439380.412,Device,,NVIDIA A100-SXM4-40GB MIG 4g.20gb (0),1,,13,[CUDA memset]
4326499759,6144,271827,,,,,,,,,,0.031,5093.737,Pinned,Device,NVIDIA A100-SXM4-40GB MIG 4g.20gb (0),1,,13,[CUDA memcpy Host-to-Device]
4326508943,12000,271828,,,,,,,,,,0.197,16383.934,Pinned,Device,NVIDIA A100-SXM4-40GB MIG 4g.20gb (0),1,,13,[CUDA memcpy Host-to-Device]
4326528527,7296,271829,273,1,1,8,4,1,39,0.002,0.000,,,,,NVIDIA A100-SXM4-40GB MIG 4g.20gb (0),1,,13,"void channel_eq::eqMmseCoefCompLowMimoKernel<float, float, float, (unsigned int)4, (unsigned int)1, (unsigned int)4>(const channel_eq::_puschRxChEqStatDescr *, channel_eq::_puschRxChEqCoefCompDynDescr)"
4326537327,5760,271830,273,1,1,12,11,1,51,0.002,0.000,,,,,NVIDIA A100-SXM4-40GB MIG 4g.20gb (0),1,,13,"void channel_eq::eqMmseSoftDemapKernel<float, __half, __half, float, (unsigned int)4, (unsigned short)16383>(channel_eq::_puschRxChEqStatDescr *, channel_eq::_puschRxChEqSoftDemapDynDescr)"
4326544751,282684,271831,1,1,1,32,32,1,30,0.000,0.000,,,,,NVIDIA A100-SXM4-40GB MIG 4g.20gb (0),1,,13,"void convert_kernel<float2, __half2>(tensor_layout_any, T1 *, tensor_layout_any, const T2 *)"
4326830987,10944,271843,2253,1,1,128,1,1,16,0.000,0.000,,,,,NVIDIA A100-SXM4-40GB MIG 4g.20gb (0),1,,13,cupy_copy__float16_float16
4326842955,2976,271852,282,1,1,128,1,1,16,0.000,0.000,,,,,NVIDIA A100-SXM4-40GB MIG 4g.20gb (0),1,,13,cupy_copy__complex64_complex64
4326848907,2112,271861,26,1,1,128,1,1,16,0.000,0.000,,,,,NVIDIA A100-SXM4-40GB MIG 4g.20gb (0),1,,13,cupy_copy__float32_float32
4326852107,4736,271870,103,1,1,128,1,1,16,0.000,0.000,,,,,NVIDIA A100-SXM4-40GB MIG 4g.20gb (0),1,,13,cupy_copy__complex64_complex64
4326859083,11968,271880,1434,1,1,128,1,1,16,0.000,0.000,,,,,NVIDIA A100-SXM4-40GB MIG 4g.20gb (0),1,,13,cupy_copy__complex64_complex64
4326875339,87646,271885,1,1,1,32,32,1,30,0.000,0.000,,,,,NVIDIA A100-SXM4-40GB MIG 4g.20gb (0),1,,13,"void convert_kernel<__half2, float2>(tensor_layout_any, T1 *, tensor_layout_any, const T2 *)"
4326990633,6208,271888,,,,,,,,,,0.094,15092.739,Pinned,Device,NVIDIA A100-SXM4-40GB MIG 4g.20gb (0),1,,13,[CUDA memcpy Host-to-Device]
4327001577,597817,271889,,,,,,,,,,456.561,763370.728,Device,,NVIDIA A100-SXM4-40GB MIG 4g.20gb (0),1,,13,[CUDA memset]
4327610081,157535,271894,,,,,,,,,,1.235,7838.190,Pinned,Device,NVIDIA A100-SXM4-40GB MIG 4g.20gb (0),1,,13,[CUDA memcpy Host-to-Device]
4327774847,35552,271895,,,,,,,,,,0.197,5529.993,Pinned,Device,NVIDIA A100-SXM4-40GB MIG 4g.20gb (0),1,,13,[CUDA memcpy Host-to-Device]
4327832415,9408,271896,69,4,1,48,1,1,76,0.002,0.000,,,,,NVIDIA A100-SXM4-40GB MIG 4g.20gb (0),1,,13,"void ch_est::windowedChEstPreNoDftSOfdmKernel<float, __half, float, (unsigned int)2, (unsigned int)1, (unsigned short)4>(ch_est::puschRxChEstStatDescr_t *, ch_est::puschRxChEstDynDescr_t *)"
4327849759,6495,271897,137,2,1,24,2,1,44,0.001,0.001,,,,,NVIDIA A100-SXM4-40GB MIG 4g.20gb (0),1,,13,"void ch_est::chEstFilterNoDftSOfdmDispatchKernel<float, __half, float, (unsigned int)2>(ch_est::puschRxChEstStatDescr_t *, ch_est::puschRxChEstDynDescr_t *)"
4327860414,6560,271898,137,2,1,24,2,1,44,0.001,0.001,,,,,NVIDIA A100-SXM4-40GB MIG 4g.20gb (0),1,,13,"void ch_est::chEstFilterNoDftSOfdmDispatchKernel<float, __half, float, (unsigned int)2>(ch_est::puschRxChEstStatDescr_t *, ch_est::puschRxChEstDynDescr_t *)"
4327873854,2688,271909,103,1,1,128,1,1,16,0.000,0.000,,,,,NVIDIA A100-SXM4-40GB MIG 4g.20gb (0),1,,13,cupy_copy__complex64_complex64
4327884062,12640,271919,1434,1,1,128,1,1,16,0.000,0.000,,,,,NVIDIA A100-SXM4-40GB MIG 4g.20gb (0),1,,13,cupy_copy__complex64_complex64
4327899838,2912,271926,103,1,1,128,1,1,16,0.000,0.000,,,,,NVIDIA A100-SXM4-40GB MIG 4g.20gb (0),1,,13,cupy_copy__complex64_complex64
4327914622,82751,271933,1,1,1,32,32,1,30,0.000,0.000,,,,,NVIDIA A100-SXM4-40GB MIG 4g.20gb (0),1,,13,"void convert_kernel<__half2, float2>(tensor_layout_any, T1 *, tensor_layout_any, const T2 *)"
4328024796,5824,271936,,,,,,,,,,0.094,16087.884,Pinned,Device,NVIDIA A100-SXM4-40GB MIG 4g.20gb (0),1,,13,[CUDA memcpy Host-to-Device]
4328038236,47968,271937,,,,,,,,,,35.810,746529.402,Device,,NVIDIA A100-SXM4-40GB MIG 4g.20gb (0),1,,13,[CUDA memset]
4328092220,2879,271939,,,,,,,,,,0.000,27.787,Pinned,Device,NVIDIA A100-SXM4-40GB MIG 4g.20gb (0),1,,13,[CUDA memcpy Host-to-Device]
4328100379,14144,271940,,,,,,,,,,0.197,13900.382,Pinned,Device,NVIDIA A100-SXM4-40GB MIG 4g.20gb (0),1,,13,[CUDA memcpy Host-to-Device]
4328124027,9888,271941,273,1,1,48,1,1,40,0.000,0.001,,,,,NVIDIA A100-SXM4-40GB MIG 4g.20gb (0),1,,13,"void pusch_noise_intf_est::noiseIntfEstNoDftSOfdmKernel<float, __half, float, float, (unsigned int)2, (unsigned int)1, (unsigned char)4, (unsigned char)4>(pusch_noise_intf_est::puschRxNoiseIntfEstDynDescr)"
4328139195,2944,271952,35,1,1,128,1,1,16,0.000,0.000,,,,,NVIDIA A100-SXM4-40GB MIG 4g.20gb (0),1,,13,cupy_copy__complex64_complex64
4328149691,1856,271961,1,1,1,1,1,1,18,0.000,0.000,,,,,NVIDIA A100-SXM4-40GB MIG 4g.20gb (0),1,,13,cupy_copy__float32_float32
4328180986,1920,271967,,,,,,,,,,0.000,2.083,Device,Pageable,NVIDIA A100-SXM4-40GB MIG 4g.20gb (0),1,,7,[CUDA memcpy Device-to-Host]
4328241018,12896,271978,1434,1,1,128,1,1,16,0.000,0.000,,,,,NVIDIA A100-SXM4-40GB MIG 4g.20gb (0),1,,13,cupy_copy__complex64_complex64
4328266553,3360,271985,103,1,1,128,1,1,16,0.000,0.000,,,,,NVIDIA A100-SXM4-40GB MIG 4g.20gb (0),1,,13,cupy_copy__complex64_complex64
4328287961,2496,271992,35,1,1,128,1,1,16,0.000,0.000,,,,,NVIDIA A100-SXM4-40GB MIG 4g.20gb (0),1,,13,cupy_copy__complex64_complex64
4328306329,1760,271999,1,1,1,1,1,1,18,0.000,0.000,,,,,NVIDIA A100-SXM4-40GB MIG 4g.20gb (0),1,,13,cupy_copy__float32_float32
4328436823,82047,272010,1,1,1,32,32,1,30,0.000,0.000,,,,,NVIDIA A100-SXM4-40GB MIG 4g.20gb (0),1,,13,"void convert_kernel<__half2, float2>(tensor_layout_any, T1 *, tensor_layout_any, const T2 *)"
4328546870,6048,272013,,,,,,,,,,0.094,15491.978,Pinned,Device,NVIDIA A100-SXM4-40GB MIG 4g.20gb (0),1,,13,[CUDA memcpy Host-to-Device]
4328561654,3520,272014,,,,,,,,,,1.547,439380.412,Device,,NVIDIA A100-SXM4-40GB MIG 4g.20gb (0),1,,13,[CUDA memset]
4328567382,3104,272019,,,,,,,,,,0.031,10082.445,Pinned,Device,NVIDIA A100-SXM4-40GB MIG 4g.20gb (0),1,,13,[CUDA memcpy Host-to-Device]
4328572918,9759,272020,,,,,,,,,,0.197,20146.225,Pinned,Device,NVIDIA A100-SXM4-40GB MIG 4g.20gb (0),1,,13,[CUDA memcpy Host-to-Device]
4328588789,8800,272021,273,1,1,8,4,1,39,0.002,0.000,,,,,NVIDIA A100-SXM4-40GB MIG 4g.20gb (0),1,,13,"void channel_eq::eqMmseCoefCompLowMimoKernel<float, float, float, (unsigned int)4, (unsigned int)1, (unsigned int)4>(const channel_eq::_puschRxChEqStatDescr *, channel_eq::_puschRxChEqCoefCompDynDescr)"
4328600245,5632,272022,273,1,1,12,11,1,51,0.002,0.000,,,,,NVIDIA A100-SXM4-40GB MIG 4g.20gb (0),1,,13,"void channel_eq::eqMmseSoftDemapKernel<float, __half, __half, float, (unsigned int)4, (unsigned short)16383>(channel_eq::_puschRxChEqStatDescr *, channel_eq::_puschRxChEqSoftDemapDynDescr)"
4328606997,281917,272023,1,1,1,32,32,1,30,0.000,0.000,,,,,NVIDIA A100-SXM4-40GB MIG 4g.20gb (0),1,,13,"void convert_kernel<float2, __half2>(tensor_layout_any, T1 *, tensor_layout_any, const T2 *)"
4328890162,10944,272035,2253,1,1,128,1,1,16,0.000,0.000,,,,,NVIDIA A100-SXM4-40GB MIG 4g.20gb (0),1,,13,cupy_copy__float16_float16
4328904018,3455,272044,282,1,1,128,1,1,16,0.000,0.000,,,,,NVIDIA A100-SXM4-40GB MIG 4g.20gb (0),1,,13,cupy_copy__complex64_complex64
4328909745,2336,272053,26,1,1,128,1,1,16,0.000,0.000,,,,,NVIDIA A100-SXM4-40GB MIG 4g.20gb (0),1,,13,cupy_copy__float32_float32
4328914033,3008,272062,103,1,1,128,1,1,16,0.000,0.000,,,,,NVIDIA A100-SXM4-40GB MIG 4g.20gb (0),1,,13,cupy_copy__complex64_complex64
4328918097,12192,272072,1434,1,1,128,1,1,16,0.000,0.000,,,,,NVIDIA A100-SXM4-40GB MIG 4g.20gb (0),1,,13,cupy_copy__complex64_complex64
4328934289,81951,272077,1,1,1,32,32,1,30,0.000,0.000,,,,,NVIDIA A100-SXM4-40GB MIG 4g.20gb (0),1,,13,"void convert_kernel<__half2, float2>(tensor_layout_any, T1 *, tensor_layout_any, const T2 *)"
4329043504,5696,272080,,,,,,,,,,0.094,16449.363,Pinned,Device,NVIDIA A100-SXM4-40GB MIG 4g.20gb (0),1,,13,[CUDA memcpy Host-to-Device]
4329053232,598520,272081,,,,,,,,,,456.561,762457.605,Device,,NVIDIA A100-SXM4-40GB MIG 4g.20gb (0),1,,13,[CUDA memset]
4329660584,157246,272086,,,,,,,,,,1.235,7853.009,Pinned,Device,NVIDIA A100-SXM4-40GB MIG 4g.20gb (0),1,,13,[CUDA memcpy Host-to-Device]
4329830086,41056,272087,,,,,,,,,,0.197,4788.584,Pinned,Device,NVIDIA A100-SXM4-40GB MIG 4g.20gb (0),1,,13,[CUDA memcpy Host-to-Device]
4329889317,8000,272088,69,4,1,48,1,1,76,0.002,0.000,,,,,NVIDIA A100-SXM4-40GB MIG 4g.20gb (0),1,,13,"void ch_est::windowedChEstPreNoDftSOfdmKernel<float, __half, float, (unsigned int)2, (unsigned int)1, (unsigned short)4>(ch_est::puschRxChEstStatDescr_t *, ch_est::puschRxChEstDynDescr_t *)"
4329908901,6368,272089,137,2,1,24,2,1,44,0.001,0.001,,,,,NVIDIA A100-SXM4-40GB MIG 4g.20gb (0),1,,13,"void ch_est::chEstFilterNoDftSOfdmDispatchKernel<float, __half, float, (unsigned int)2>(ch_est::puschRxChEstStatDescr_t *, ch_est::puschRxChEstDynDescr_t *)"
4329925989,4736,272090,137,2,1,24,2,1,44,0.001,0.001,,,,,NVIDIA A100-SXM4-40GB MIG 4g.20gb (0),1,,13,"void ch_est::chEstFilterNoDftSOfdmDispatchKernel<float, __half, float, (unsigned int)2>(ch_est::puschRxChEstStatDescr_t *, ch_est::puschRxChEstDynDescr_t *)"
4329945285,2720,272101,103,1,1,128,1,1,16,0.000,0.000,,,,,NVIDIA A100-SXM4-40GB MIG 4g.20gb (0),1,,13,cupy_copy__complex64_complex64
4329962244,12576,272111,1434,1,1,128,1,1,16,0.000,0.000,,,,,NVIDIA A100-SXM4-40GB MIG 4g.20gb (0),1,,13,cupy_copy__complex64_complex64
4329982340,2944,272118,103,1,1,128,1,1,16,0.000,0.000,,,,,NVIDIA A100-SXM4-40GB MIG 4g.20gb (0),1,,13,cupy_copy__complex64_complex64
4330005700,85791,272125,1,1,1,32,32,1,30,0.000,0.000,,,,,NVIDIA A100-SXM4-40GB MIG 4g.20gb (0),1,,13,"void convert_kernel<__half2, float2>(tensor_layout_any, T1 *, tensor_layout_any, const T2 *)"
4330121667,17855,272128,,,,,,,,,,0.094,5247.538,Pinned,Device,NVIDIA A100-SXM4-40GB MIG 4g.20gb (0),1,,13,[CUDA memcpy Host-to-Device]
4330156994,45952,272129,,,,,,,,,,35.810,779259.669,Device,,NVIDIA A100-SXM4-40GB MIG 4g.20gb (0),1,,13,[CUDA memset]
4330207425,8352,272131,,,,,,,,,,0.000,9.578,Pinned,Device,NVIDIA A100-SXM4-40GB MIG 4g.20gb (0),1,,13,[CUDA memcpy Host-to-Device]
4330221345,18784,272132,,,,,,,,,,0.197,10466.623,Pinned,Device,NVIDIA A100-SXM4-40GB MIG 4g.20gb (0),1,,13,[CUDA memcpy Host-to-Device]
4330251041,10080,272133,273,1,1,48,1,1,40,0.000,0.001,,,,,NVIDIA A100-SXM4-40GB MIG 4g.20gb (0),1,,13,"void pusch_noise_intf_est::noiseIntfEstNoDftSOfdmKernel<float, __half, float, float, (unsigned int)2, (unsigned int)1, (unsigned char)4, (unsigned char)4>(pusch_noise_intf_est::puschRxNoiseIntfEstDynDescr)"
4330265441,2816,272144,35,1,1,128,1,1,16,0.000,0.000,,,,,NVIDIA A100-SXM4-40GB MIG 4g.20gb (0),1,,13,cupy_copy__complex64_complex64
4330272833,2016,272153,1,1,1,1,1,1,18,0.000,0.000,,,,,NVIDIA A100-SXM4-40GB MIG 4g.20gb (0),1,,13,cupy_copy__float32_float32
4330280641,2464,272159,,,,,,,,,,0.000,1.623,Device,Pageable,NVIDIA A100-SXM4-40GB MIG 4g.20gb (0),1,,7,[CUDA memcpy Device-to-Host]
4330344128,12928,272170,1434,1,1,128,1,1,16,0.000,0.000,,,,,NVIDIA A100-SXM4-40GB MIG 4g.20gb (0),1,,13,cupy_copy__complex64_complex64
4330371775,3520,272177,103,1,1,128,1,1,16,0.000,0.000,,,,,NVIDIA A100-SXM4-40GB MIG 4g.20gb (0),1,,13,cupy_copy__complex64_complex64
4330391967,2304,272184,35,1,1,128,1,1,16,0.000,0.000,,,,,NVIDIA A100-SXM4-40GB MIG 4g.20gb (0),1,,13,cupy_copy__complex64_complex64
4330410911,1760,272191,1,1,1,1,1,1,18,0.000,0.000,,,,,NVIDIA A100-SXM4-40GB MIG 4g.20gb (0),1,,13,cupy_copy__float32_float32
4330544477,82303,272202,1,1,1,32,32,1,30,0.000,0.000,,,,,NVIDIA A100-SXM4-40GB MIG 4g.20gb (0),1,,13,"void convert_kernel<__half2, float2>(tensor_layout_any, T1 *, tensor_layout_any, const T2 *)"
4330654428,5472,272205,,,,,,,,,,0.094,17122.757,Pinned,Device,NVIDIA A100-SXM4-40GB MIG 4g.20gb (0),1,,13,[CUDA memcpy Host-to-Device]
4330668252,3392,272206,,,,,,,,,,1.547,455961.768,Device,,NVIDIA A100-SXM4-40GB MIG 4g.20gb (0),1,,13,[CUDA memset]
4330675516,3168,272211,,,,,,,,,,0.031,9878.770,Pinned,Device,NVIDIA A100-SXM4-40GB MIG 4g.20gb (0),1,,13,[CUDA memcpy Host-to-Device]
4330681308,9631,272212,,,,,,,,,,0.197,20414.005,Pinned,Device,NVIDIA A100-SXM4-40GB MIG 4g.20gb (0),1,,13,[CUDA memcpy Host-to-Device]
4330695771,6496,272213,273,1,1,8,4,1,39,0.002,0.000,,,,,NVIDIA A100-SXM4-40GB MIG 4g.20gb (0),1,,13,"void channel_eq::eqMmseCoefCompLowMimoKernel<float, float, float, (unsigned int)4, (unsigned int)1, (unsigned int)4>(const channel_eq::_puschRxChEqStatDescr *, channel_eq::_puschRxChEqCoefCompDynDescr)"
4330705051,6304,272214,273,1,1,12,11,1,51,0.002,0.000,,,,,NVIDIA A100-SXM4-40GB MIG 4g.20gb (0),1,,13,"void channel_eq::eqMmseSoftDemapKernel<float, __half, __half, float, (unsigned int)4, (unsigned short)16383>(channel_eq::_puschRxChEqStatDescr *, channel_eq::_puschRxChEqSoftDemapDynDescr)"
4330712635,294301,272215,1,1,1,32,32,1,30,0.000,0.000,,,,,NVIDIA A100-SXM4-40GB MIG 4g.20gb (0),1,,13,"void convert_kernel<float2, __half2>(tensor_layout_any, T1 *, tensor_layout_any, const T2 *)"
4331008088,10943,272227,2253,1,1,128,1,1,16,0.000,0.000,,,,,NVIDIA A100-SXM4-40GB MIG 4g.20gb (0),1,,13,cupy_copy__float16_float16
4331023223,3424,272236,282,1,1,128,1,1,16,0.000,0.000,,,,,NVIDIA A100-SXM4-40GB MIG 4g.20gb (0),1,,13,cupy_copy__complex64_complex64
4331028567,2240,272245,26,1,1,128,1,1,16,0.000,0.000,,,,,NVIDIA A100-SXM4-40GB MIG 4g.20gb (0),1,,13,cupy_copy__float32_float32
4331031927,2784,272254,103,1,1,128,1,1,16,0.000,0.000,,,,,NVIDIA A100-SXM4-40GB MIG 4g.20gb (0),1,,13,cupy_copy__complex64_complex64
4331037463,12000,272264,1434,1,1,128,1,1,16,0.000,0.000,,,,,NVIDIA A100-SXM4-40GB MIG 4g.20gb (0),1,,13,cupy_copy__complex64_complex64
4331055479,87391,272269,1,1,1,32,32,1,30,0.000,0.000,,,,,NVIDIA A100-SXM4-40GB MIG 4g.20gb (0),1,,13,"void convert_kernel<__half2, float2>(tensor_layout_any, T1 *, tensor_layout_any, const T2 *)"
4331170742,5408,272272,,,,,,,,,,0.094,17325.421,Pinned,Device,NVIDIA A100-SXM4-40GB MIG 4g.20gb (0),1,,13,[CUDA memcpy Host-to-Device]
4331181333,600537,272273,,,,,,,,,,456.561,760174.798,Device,,NVIDIA A100-SXM4-40GB MIG 4g.20gb (0),1,,13,[CUDA memset]
4331787950,134718,272278,,,,,,,,,,1.235,9165.754,Pinned,Device,NVIDIA A100-SXM4-40GB MIG 4g.20gb (0),1,,13,[CUDA memcpy Host-to-Device]
4331935212,41824,272279,,,,,,,,,,0.197,4700.701,Pinned,Device,NVIDIA A100-SXM4-40GB MIG 4g.20gb (0),1,,13,[CUDA memcpy Host-to-Device]
4332007243,8000,272280,69,4,1,48,1,1,76,0.002,0.000,,,,,NVIDIA A100-SXM4-40GB MIG 4g.20gb (0),1,,13,"void ch_est::windowedChEstPreNoDftSOfdmKernel<float, __half, float, (unsigned int)2, (unsigned int)1, (unsigned short)4>(ch_est::puschRxChEstStatDescr_t *, ch_est::puschRxChEstDynDescr_t *)"
4332026475,6688,272281,137,2,1,24,2,1,44,0.001,0.001,,,,,NVIDIA A100-SXM4-40GB MIG 4g.20gb (0),1,,13,"void ch_est::chEstFilterNoDftSOfdmDispatchKernel<float, __half, float, (unsigned int)2>(ch_est::puschRxChEstStatDescr_t *, ch_est::puschRxChEstDynDescr_t *)"
4332043115,4704,272282,137,2,1,24,2,1,44,0.001,0.001,,,,,NVIDIA A100-SXM4-40GB MIG 4g.20gb (0),1,,13,"void ch_est::chEstFilterNoDftSOfdmDispatchKernel<float, __half, float, (unsigned int)2>(ch_est::puschRxChEstStatDescr_t *, ch_est::puschRxChEstDynDescr_t *)"
4332060523,2496,272293,103,1,1,128,1,1,16,0.000,0.000,,,,,NVIDIA A100-SXM4-40GB MIG 4g.20gb (0),1,,13,cupy_copy__complex64_complex64
4332078570,12384,272303,1434,1,1,128,1,1,16,0.000,0.000,,,,,NVIDIA A100-SXM4-40GB MIG 4g.20gb (0),1,,13,cupy_copy__complex64_complex64
4332098666,2912,272310,103,1,1,128,1,1,16,0.000,0.000,,,,,NVIDIA A100-SXM4-40GB MIG 4g.20gb (0),1,,13,cupy_copy__complex64_complex64
4332116874,88831,272317,1,1,1,32,32,1,30,0.000,0.000,,,,,NVIDIA A100-SXM4-40GB MIG 4g.20gb (0),1,,13,"void convert_kernel<__half2, float2>(tensor_layout_any, T1 *, tensor_layout_any, const T2 *)"
4332237736,24064,272320,,,,,,,,,,0.094,3893.537,Pinned,Device,NVIDIA A100-SXM4-40GB MIG 4g.20gb (0),1,,13,[CUDA memcpy Host-to-Device]
4332279368,47551,272321,,,,,,,,,,35.810,753082.618,Device,,NVIDIA A100-SXM4-40GB MIG 4g.20gb (0),1,,13,[CUDA memset]
4332334759,10784,272323,,,,,,,,,,0.000,7.418,Pinned,Device,NVIDIA A100-SXM4-40GB MIG 4g.20gb (0),1,,13,[CUDA memcpy Host-to-Device]
4332357159,20192,272324,,,,,,,,,,0.197,9736.815,Pinned,Device,NVIDIA A100-SXM4-40GB MIG 4g.20gb (0),1,,13,[CUDA memcpy Host-to-Device]
4332403462,9984,272325,273,1,1,48,1,1,40,0.000,0.001,,,,,NVIDIA A100-SXM4-40GB MIG 4g.20gb (0),1,,13,"void pusch_noise_intf_est::noiseIntfEstNoDftSOfdmKernel<float, __half, float, float, (unsigned int)2, (unsigned int)1, (unsigned char)4, (unsigned char)4>(pusch_noise_intf_est::puschRxNoiseIntfEstDynDescr)"
4332420166,2816,272336,35,1,1,128,1,1,16,0.000,0.000,,,,,NVIDIA A100-SXM4-40GB MIG 4g.20gb (0),1,,13,cupy_copy__complex64_complex64
4332435878,1728,272345,1,1,1,1,1,1,18,0.000,0.000,,,,,NVIDIA A100-SXM4-40GB MIG 4g.20gb (0),1,,13,cupy_copy__float32_float32
4332440230,6976,272351,,,,,,,,,,0.000,0.573,Device,Pageable,NVIDIA A100-SXM4-40GB MIG 4g.20gb (0),1,,7,[CUDA memcpy Device-to-Host]
4332530309,13088,272362,1434,1,1,128,1,1,16,0.000,0.000,,,,,NVIDIA A100-SXM4-40GB MIG 4g.20gb (0),1,,13,cupy_copy__complex64_complex64
4332554853,2719,272369,103,1,1,128,1,1,16,0.000,0.000,,,,,NVIDIA A100-SXM4-40GB MIG 4g.20gb (0),1,,13,cupy_copy__complex64_complex64
4332581092,2304,272376,35,1,1,128,1,1,16,0.000,0.000,,,,,NVIDIA A100-SXM4-40GB MIG 4g.20gb (0),1,,13,cupy_copy__complex64_complex64
4332592068,1856,272383,1,1,1,1,1,1,18,0.000,0.000,,,,,NVIDIA A100-SXM4-40GB MIG 4g.20gb (0),1,,13,cupy_copy__float32_float32
4332725858,83295,272394,1,1,1,32,32,1,30,0.000,0.000,,,,,NVIDIA A100-SXM4-40GB MIG 4g.20gb (0),1,,13,"void convert_kernel<__half2, float2>(tensor_layout_any, T1 *, tensor_layout_any, const T2 *)"
4332836961,5536,272397,,,,,,,,,,0.094,16924.777,Pinned,Device,NVIDIA A100-SXM4-40GB MIG 4g.20gb (0),1,,13,[CUDA memcpy Host-to-Device]
4332851841,3392,272398,,,,,,,,,,1.547,455961.768,Device,,NVIDIA A100-SXM4-40GB MIG 4g.20gb (0),1,,13,[CUDA memset]
4332858241,3264,272403,,,,,,,,,,0.031,9588.218,Pinned,Device,NVIDIA A100-SXM4-40GB MIG 4g.20gb (0),1,,13,[CUDA memcpy Host-to-Device]
4332864097,9792,272404,,,,,,,,,,0.197,20078.395,Pinned,Device,NVIDIA A100-SXM4-40GB MIG 4g.20gb (0),1,,13,[CUDA memcpy Host-to-Device]
4332879713,5951,272405,273,1,1,8,4,1,39,0.002,0.000,,,,,NVIDIA A100-SXM4-40GB MIG 4g.20gb (0),1,,13,"void channel_eq::eqMmseCoefCompLowMimoKernel<float, float, float, (unsigned int)4, (unsigned int)1, (unsigned int)4>(const channel_eq::_puschRxChEqStatDescr *, channel_eq::_puschRxChEqCoefCompDynDescr)"
4332886880,6208,272406,273,1,1,12,11,1,51,0.002,0.000,,,,,NVIDIA A100-SXM4-40GB MIG 4g.20gb (0),1,,13,"void channel_eq::eqMmseSoftDemapKernel<float, __half, __half, float, (unsigned int)4, (unsigned short)16383>(channel_eq::_puschRxChEqStatDescr *, channel_eq::_puschRxChEqSoftDemapDynDescr)"
4332894400,283069,272407,1,1,1,32,32,1,30,0.000,0.000,,,,,NVIDIA A100-SXM4-40GB MIG 4g.20gb (0),1,,13,"void convert_kernel<float2, __half2>(tensor_layout_any, T1 *, tensor_layout_any, const T2 *)"
4333179869,11072,272419,2253,1,1,128,1,1,16,0.000,0.000,,,,,NVIDIA A100-SXM4-40GB MIG 4g.20gb (0),1,,13,cupy_copy__float16_float16
4333193149,3360,272428,282,1,1,128,1,1,16,0.000,0.000,,,,,NVIDIA A100-SXM4-40GB MIG 4g.20gb (0),1,,13,cupy_copy__complex64_complex64
4333199869,2176,272437,26,1,1,128,1,1,16,0.000,0.000,,,,,NVIDIA A100-SXM4-40GB MIG 4g.20gb (0),1,,13,cupy_copy__float32_float32
4333205501,2943,272446,103,1,1,128,1,1,16,0.000,0.000,,,,,NVIDIA A100-SXM4-40GB MIG 4g.20gb (0),1,,13,cupy_copy__complex64_complex64
4333210556,12000,272456,1434,1,1,128,1,1,16,0.000,0.000,,,,,NVIDIA A100-SXM4-40GB MIG 4g.20gb (0),1,,13,cupy_copy__complex64_complex64
4333225564,87039,272461,1,1,1,32,32,1,30,0.000,0.000,,,,,NVIDIA A100-SXM4-40GB MIG 4g.20gb (0),1,,13,"void convert_kernel<__half2, float2>(tensor_layout_any, T1 *, tensor_layout_any, const T2 *)"
4333339099,5568,272464,,,,,,,,,,0.094,16827.521,Pinned,Device,NVIDIA A100-SXM4-40GB MIG 4g.20gb (0),1,,13,[CUDA memcpy Host-to-Device]
4333350043,597656,272465,,,,,,,,,,456.561,763827.289,Device,,NVIDIA A100-SXM4-40GB MIG 4g.20gb (0),1,,13,[CUDA memset]
4333949331,83007,272470,,,,,,,,,,1.235,14877.370,Pinned,Device,NVIDIA A100-SXM4-40GB MIG 4g.20gb (0),1,,13,[CUDA memcpy Host-to-Device]
4334035154,21280,272471,,,,,,,,,,0.197,9239.003,Pinned,Device,NVIDIA A100-SXM4-40GB MIG 4g.20gb (0),1,,13,[CUDA memcpy Host-to-Device]
4334067602,8768,272472,69,4,1,48,1,1,76,0.002,0.000,,,,,NVIDIA A100-SXM4-40GB MIG 4g.20gb (0),1,,13,"void ch_est::windowedChEstPreNoDftSOfdmKernel<float, __half, float, (unsigned int)2, (unsigned int)1, (unsigned short)4>(ch_est::puschRxChEstStatDescr_t *, ch_est::puschRxChEstDynDescr_t *)"
4334082770,6752,272473,137,2,1,24,2,1,44,0.001,0.001,,,,,NVIDIA A100-SXM4-40GB MIG 4g.20gb (0),1,,13,"void ch_est::chEstFilterNoDftSOfdmDispatchKernel<float, __half, float, (unsigned int)2>(ch_est::puschRxChEstStatDescr_t *, ch_est::puschRxChEstDynDescr_t *)"
4334095698,5023,272474,137,2,1,24,2,1,44,0.001,0.001,,,,,NVIDIA A100-SXM4-40GB MIG 4g.20gb (0),1,,13,"void ch_est::chEstFilterNoDftSOfdmDispatchKernel<float, __half, float, (unsigned int)2>(ch_est::puschRxChEstStatDescr_t *, ch_est::puschRxChEstDynDescr_t *)"
4334106417,2720,272485,103,1,1,128,1,1,16,0.000,0.000,,,,,NVIDIA A100-SXM4-40GB MIG 4g.20gb (0),1,,13,cupy_copy__complex64_complex64
4334111953,12704,272495,1434,1,1,128,1,1,16,0.000,0.000,,,,,NVIDIA A100-SXM4-40GB MIG 4g.20gb (0),1,,13,cupy_copy__complex64_complex64
4334131473,3648,272502,103,1,1,128,1,1,16,0.000,0.000,,,,,NVIDIA A100-SXM4-40GB MIG 4g.20gb (0),1,,13,cupy_copy__complex64_complex64
4334138161,82175,272509,1,1,1,32,32,1,30,0.000,0.000,,,,,NVIDIA A100-SXM4-40GB MIG 4g.20gb (0),1,,13,"void convert_kernel<__half2, float2>(tensor_layout_any, T1 *, tensor_layout_any, const T2 *)"
4334247536,6048,272512,,,,,,,,,,0.094,15491.978,Pinned,Device,NVIDIA A100-SXM4-40GB MIG 4g.20gb (0),1,,13,[CUDA memcpy Host-to-Device]
4334259312,47615,272513,,,,,,,,,,35.810,752044.130,Device,,NVIDIA A100-SXM4-40GB MIG 4g.20gb (0),1,,13,[CUDA memset]
4334311759,3552,272515,,,,,,,,,,0.000,22.522,Pinned,Device,NVIDIA A100-SXM4-40GB MIG 4g.20gb (0),1,,13,[CUDA memcpy Host-to-Device]
4334318831,12064,272516,,,,,,,,,,0.197,16297.034,Pinned,Device,NVIDIA A100-SXM4-40GB MIG 4g.20gb (0),1,,13,[CUDA memcpy Host-to-Device]
4334341679,10271,272517,273,1,1,48,1,1,40,0.000,0.001,,,,,NVIDIA A100-SXM4-40GB MIG 4g.20gb (0),1,,13,"void pusch_noise_intf_est::noiseIntfEstNoDftSOfdmKernel<float, __half, float, float, (unsigned int)2, (unsigned int)1, (unsigned char)4, (unsigned char)4>(pusch_noise_intf_est::puschRxNoiseIntfEstDynDescr)"
4334356974,2880,272528,35,1,1,128,1,1,16,0.000,0.000,,,,,NVIDIA A100-SXM4-40GB MIG 4g.20gb (0),1,,13,cupy_copy__complex64_complex64
4334369742,1952,272537,1,1,1,1,1,1,18,0.000,0.000,,,,,NVIDIA A100-SXM4-40GB MIG 4g.20gb (0),1,,13,cupy_copy__float32_float32
4334398414,1664,272543,,,,,,,,,,0.000,2.404,Device,Pageable,NVIDIA A100-SXM4-40GB MIG 4g.20gb (0),1,,7,[CUDA memcpy Device-to-Host]
4334458509,12736,272554,1434,1,1,128,1,1,16,0.000,0.000,,,,,NVIDIA A100-SXM4-40GB MIG 4g.20gb (0),1,,13,cupy_copy__complex64_complex64
4334484173,2656,272561,103,1,1,128,1,1,16,0.000,0.000,,,,,NVIDIA A100-SXM4-40GB MIG 4g.20gb (0),1,,13,cupy_copy__complex64_complex64
4334505996,2592,272568,35,1,1,128,1,1,16,0.000,0.000,,,,,NVIDIA A100-SXM4-40GB MIG 4g.20gb (0),1,,13,cupy_copy__complex64_complex64
4334523564,1824,272575,1,1,1,1,1,1,18,0.000,0.000,,,,,NVIDIA A100-SXM4-40GB MIG 4g.20gb (0),1,,13,cupy_copy__float32_float32
4334653195,87295,272586,1,1,1,32,32,1,30,0.000,0.000,,,,,NVIDIA A100-SXM4-40GB MIG 4g.20gb (0),1,,13,"void convert_kernel<__half2, float2>(tensor_layout_any, T1 *, tensor_layout_any, const T2 *)"
4334767785,5984,272589,,,,,,,,,,0.094,15657.726,Pinned,Device,NVIDIA A100-SXM4-40GB MIG 4g.20gb (0),1,,13,[CUDA memcpy Host-to-Device]
4334782409,3328,272590,,,,,,,,,,1.547,464729.580,Device,,NVIDIA A100-SXM4-40GB MIG 4g.20gb (0),1,,13,[CUDA memset]
4334788585,3072,272595,,,,,,,,,,0.031,10187.474,Pinned,Device,NVIDIA A100-SXM4-40GB MIG 4g.20gb (0),1,,13,[CUDA memcpy Host-to-Device]
4334794313,9472,272596,,,,,,,,,,0.197,20756.693,Pinned,Device,NVIDIA A100-SXM4-40GB MIG 4g.20gb (0),1,,13,[CUDA memcpy Host-to-Device]
4334808169,7392,272597,273,1,1,8,4,1,39,0.002,0.000,,,,,NVIDIA A100-SXM4-40GB MIG 4g.20gb (0),1,,13,"void channel_eq::eqMmseCoefCompLowMimoKernel<float, float, float, (unsigned int)4, (unsigned int)1, (unsigned int)4>(const channel_eq::_puschRxChEqStatDescr *, channel_eq::_puschRxChEqCoefCompDynDescr)"
4334816937,7648,272598,273,1,1,12,11,1,51,0.002,0.000,,,,,NVIDIA A100-SXM4-40GB MIG 4g.20gb (0),1,,13,"void channel_eq::eqMmseSoftDemapKernel<float, __half, __half, float, (unsigned int)4, (unsigned short)16383>(channel_eq::_puschRxChEqStatDescr *, channel_eq::_puschRxChEqSoftDemapDynDescr)"
4334826953,282652,272599,1,1,1,32,32,1,30,0.000,0.000,,,,,NVIDIA A100-SXM4-40GB MIG 4g.20gb (0),1,,13,"void convert_kernel<float2, __half2>(tensor_layout_any, T1 *, tensor_layout_any, const T2 *)"
4335111973,10944,272611,2253,1,1,128,1,1,16,0.000,0.000,,,,,NVIDIA A100-SXM4-40GB MIG 4g.20gb (0),1,,13,cupy_copy__float16_float16
4335127589,2656,272620,282,1,1,128,1,1,16,0.000,0.000,,,,,NVIDIA A100-SXM4-40GB MIG 4g.20gb (0),1,,13,cupy_copy__complex64_complex64
4335133605,2368,272629,26,1,1,128,1,1,16,0.000,0.000,,,,,NVIDIA A100-SXM4-40GB MIG 4g.20gb (0),1,,13,cupy_copy__float32_float32
4335137637,3104,272638,103,1,1,128,1,1,16,0.000,0.000,,,,,NVIDIA A100-SXM4-40GB MIG 4g.20gb (0),1,,13,cupy_copy__complex64_complex64
4335141829,11936,272648,1434,1,1,128,1,1,16,0.000,0.000,,,,,NVIDIA A100-SXM4-40GB MIG 4g.20gb (0),1,,13,cupy_copy__complex64_complex64
4335159556,82271,272653,1,1,1,32,32,1,30,0.000,0.000,,,,,NVIDIA A100-SXM4-40GB MIG 4g.20gb (0),1,,13,"void convert_kernel<__half2, float2>(tensor_layout_any, T1 *, tensor_layout_any, const T2 *)"
4335268675,5728,272656,,,,,,,,,,0.094,16357.541,Pinned,Device,NVIDIA A100-SXM4-40GB MIG 4g.20gb (0),1,,13,[CUDA memcpy Host-to-Device]
4335278403,596825,272657,,,,,,,,,,456.561,764740.412,Device,,NVIDIA A100-SXM4-40GB MIG 4g.20gb (0),1,,13,[CUDA memset]
4335887931,161406,272662,,,,,,,,,,1.235,7650.478,Pinned,Device,NVIDIA A100-SXM4-40GB MIG 4g.20gb (0),1,,13,[CUDA memcpy Host-to-Device]
4336060473,32224,272663,,,,,,,,,,0.197,6101.139,Pinned,Device,NVIDIA A100-SXM4-40GB MIG 4g.20gb (0),1,,13,[CUDA memcpy Host-to-Device]
4336107609,8096,272664,69,4,1,48,1,1,76,0.002,0.000,,,,,NVIDIA A100-SXM4-40GB MIG 4g.20gb (0),1,,13,"void ch_est::windowedChEstPreNoDftSOfdmKernel<float, __half, float, (unsigned int)2, (unsigned int)1, (unsigned short)4>(ch_est::puschRxChEstStatDescr_t *, ch_est::puschRxChEstDynDescr_t *)"
4336119289,6752,272665,137,2,1,24,2,1,44,0.001,0.001,,,,,NVIDIA A100-SXM4-40GB MIG 4g.20gb (0),1,,13,"void ch_est::chEstFilterNoDftSOfdmDispatchKernel<float, __half, float, (unsigned int)2>(ch_est::puschRxChEstStatDescr_t *, ch_est::puschRxChEstDynDescr_t *)"
4336136920,5152,272666,137,2,1,24,2,1,44,0.001,0.001,,,,,NVIDIA A100-SXM4-40GB MIG 4g.20gb (0),1,,13,"void ch_est::chEstFilterNoDftSOfdmDispatchKernel<float, __half, float, (unsigned int)2>(ch_est::puschRxChEstStatDescr_t *, ch_est::puschRxChEstDynDescr_t *)"
4336147192,2976,272677,103,1,1,128,1,1,16,0.000,0.000,,,,,NVIDIA A100-SXM4-40GB MIG 4g.20gb (0),1,,13,cupy_copy__complex64_complex64
4336157496,12960,272687,1434,1,1,128,1,1,16,0.000,0.000,,,,,NVIDIA A100-SXM4-40GB MIG 4g.20gb (0),1,,13,cupy_copy__complex64_complex64
4336179288,2592,272694,103,1,1,128,1,1,16,0.000,0.000,,,,,NVIDIA A100-SXM4-40GB MIG 4g.20gb (0),1,,13,cupy_copy__complex64_complex64
4336187736,85055,272701,1,1,1,32,32,1,30,0.000,0.000,,,,,NVIDIA A100-SXM4-40GB MIG 4g.20gb (0),1,,13,"void convert_kernel<__half2, float2>(tensor_layout_any, T1 *, tensor_layout_any, const T2 *)"
4336302646,13760,272704,,,,,,,,,,0.094,6809.263,Pinned,Device,NVIDIA A100-SXM4-40GB MIG 4g.20gb (0),1,,13,[CUDA memcpy Host-to-Device]
4336321494,47552,272705,,,,,,,,,,35.810,753046.808,Device,,NVIDIA A100-SXM4-40GB MIG 4g.20gb (0),1,,13,[CUDA memset]
4336370998,11903,272707,,,,,,,,,,0.000,6.721,Pinned,Device,NVIDIA A100-SXM4-40GB MIG 4g.20gb (0),1,,13,[CUDA memcpy Host-to-Device]
4336396085,16768,272708,,,,,,,,,,0.197,11725.111,Pinned,Device,NVIDIA A100-SXM4-40GB MIG 4g.20gb (0),1,,13,[CUDA memcpy Host-to-Device]
4336424341,11680,272709,273,1,1,48,1,1,40,0.000,0.001,,,,,NVIDIA A100-SXM4-40GB MIG 4g.20gb (0),1,,13,"void pusch_noise_intf_est::noiseIntfEstNoDftSOfdmKernel<float, __half, float, float, (unsigned int)2, (unsigned int)1, (unsigned char)4, (unsigned char)4>(pusch_noise_intf_est::puschRxNoiseIntfEstDynDescr)"
4336442805,2592,272720,35,1,1,128,1,1,16,0.000,0.000,,,,,NVIDIA A100-SXM4-40GB MIG 4g.20gb (0),1,,13,cupy_copy__complex64_complex64
4336453173,1695,272729,1,1,1,1,1,1,18,0.000,0.000,,,,,NVIDIA A100-SXM4-40GB MIG 4g.20gb (0),1,,13,cupy_copy__float32_float32
4336461428,3872,272735,,,,,,,,,,0.000,1.033,Device,Pageable,NVIDIA A100-SXM4-40GB MIG 4g.20gb (0),1,,7,[CUDA memcpy Device-to-Host]
4336528916,13023,272746,1434,1,1,128,1,1,16,0.000,0.000,,,,,NVIDIA A100-SXM4-40GB MIG 4g.20gb (0),1,,13,cupy_copy__complex64_complex64
4336555603,2848,272753,103,1,1,128,1,1,16,0.000,0.000,,,,,NVIDIA A100-SXM4-40GB MIG 4g.20gb (0),1,,13,cupy_copy__complex64_complex64
4336576339,2336,272760,35,1,1,128,1,1,16,0.000,0.000,,,,,NVIDIA A100-SXM4-40GB MIG 4g.20gb (0),1,,13,cupy_copy__complex64_complex64
4336594579,1728,272767,1,1,1,1,1,1,18,0.000,0.000,,,,,NVIDIA A100-SXM4-40GB MIG 4g.20gb (0),1,,13,cupy_copy__float32_float32
4336724625,87775,272778,1,1,1,32,32,1,30,0.000,0.000,,,,,NVIDIA A100-SXM4-40GB MIG 4g.20gb (0),1,,13,"void convert_kernel<__half2, float2>(tensor_layout_any, T1 *, tensor_layout_any, const T2 *)"
4336839440,6080,272781,,,,,,,,,,0.094,15410.462,Pinned,Device,NVIDIA A100-SXM4-40GB MIG 4g.20gb (0),1,,13,[CUDA memcpy Host-to-Device]
4336853648,3200,272782,,,,,,,,,,1.547,483320.000,Device,,NVIDIA A100-SXM4-40GB MIG 4g.20gb (0),1,,13,[CUDA memset]
4336861999,3776,272787,,,,,,,,,,0.031,8288.120,Pinned,Device,NVIDIA A100-SXM4-40GB MIG 4g.20gb (0),1,,13,[CUDA memcpy Host-to-Device]
4336868271,9536,272788,,,,,,,,,,0.197,20617.298,Pinned,Device,NVIDIA A100-SXM4-40GB MIG 4g.20gb (0),1,,13,[CUDA memcpy Host-to-Device]
4336882863,6592,272789,273,1,1,8,4,1,39,0.002,0.000,,,,,NVIDIA A100-SXM4-40GB MIG 4g.20gb (0),1,,13,"void channel_eq::eqMmseCoefCompLowMimoKernel<float, float, float, (unsigned int)4, (unsigned int)1, (unsigned int)4>(const channel_eq::_puschRxChEqStatDescr *, channel_eq::_puschRxChEqCoefCompDynDescr)"
4336890447,5824,272790,273,1,1,12,11,1,51,0.002,0.000,,,,,NVIDIA A100-SXM4-40GB MIG 4g.20gb (0),1,,13,"void channel_eq::eqMmseSoftDemapKernel<float, __half, __half, float, (unsigned int)4, (unsigned short)16383>(channel_eq::_puschRxChEqStatDescr *, channel_eq::_puschRxChEqSoftDemapDynDescr)"
4336897263,282429,272791,1,1,1,32,32,1,30,0.000,0.000,,,,,NVIDIA A100-SXM4-40GB MIG 4g.20gb (0),1,,13,"void convert_kernel<float2, __half2>(tensor_layout_any, T1 *, tensor_layout_any, const T2 *)"
4337180940,11199,272803,2253,1,1,128,1,1,16,0.000,0.000,,,,,NVIDIA A100-SXM4-40GB MIG 4g.20gb (0),1,,13,cupy_copy__float16_float16
4337197067,3488,272812,282,1,1,128,1,1,16,0.000,0.000,,,,,NVIDIA A100-SXM4-40GB MIG 4g.20gb (0),1,,13,cupy_copy__complex64_complex64
4337201931,2304,272821,26,1,1,128,1,1,16,0.000,0.000,,,,,NVIDIA A100-SXM4-40GB MIG 4g.20gb (0),1,,13,cupy_copy__float32_float32
4337205355,2784,272830,103,1,1,128,1,1,16,0.000,0.000,,,,,NVIDIA A100-SXM4-40GB MIG 4g.20gb (0),1,,13,cupy_copy__complex64_complex64
4337209675,11904,272840,1434,1,1,128,1,1,16,0.000,0.000,,,,,NVIDIA A100-SXM4-40GB MIG 4g.20gb (0),1,,13,cupy_copy__complex64_complex64
4337228203,86207,272845,1,1,1,32,32,1,30,0.000,0.000,,,,,NVIDIA A100-SXM4-40GB MIG 4g.20gb (0),1,,13,"void convert_kernel<__half2, float2>(tensor_layout_any, T1 *, tensor_layout_any, const T2 *)"
4337341258,5887,272848,,,,,,,,,,0.094,15915.671,Pinned,Device,NVIDIA A100-SXM4-40GB MIG 4g.20gb (0),1,,13,[CUDA memcpy Host-to-Device]
4337352617,597241,272849,,,,,,,,,,456.561,764283.851,Device,,NVIDIA A100-SXM4-40GB MIG 4g.20gb (0),1,,13,[CUDA memset]
4337957378,153022,272854,,,,,,,,,,1.235,8070.359,Pinned,Device,NVIDIA A100-SXM4-40GB MIG 4g.20gb (0),1,,13,[CUDA memcpy Host-to-Device]
4338123648,38271,272855,,,,,,,,,,0.197,5137.170,Pinned,Device,NVIDIA A100-SXM4-40GB MIG 4g.20gb (0),1,,13,[CUDA memcpy Host-to-Device]
4338186271,8000,272856,69,4,1,48,1,1,76,0.002,0.000,,,,,NVIDIA A100-SXM4-40GB MIG 4g.20gb (0),1,,13,"void ch_est::windowedChEstPreNoDftSOfdmKernel<float, __half, float, (unsigned int)2, (unsigned int)1, (unsigned short)4>(ch_est::puschRxChEstStatDescr_t *, ch_est::puschRxChEstDynDescr_t *)"
4338205471,6592,272857,137,2,1,24,2,1,44,0.001,0.001,,,,,NVIDIA A100-SXM4-40GB MIG 4g.20gb (0),1,,13,"void ch_est::chEstFilterNoDftSOfdmDispatchKernel<float, __half, float, (unsigned int)2>(ch_est::puschRxChEstStatDescr_t *, ch_est::puschRxChEstDynDescr_t *)"
4338222463,4736,272858,137,2,1,24,2,1,44,0.001,0.001,,,,,NVIDIA A100-SXM4-40GB MIG 4g.20gb (0),1,,13,"void ch_est::chEstFilterNoDftSOfdmDispatchKernel<float, __half, float, (unsigned int)2>(ch_est::puschRxChEstStatDescr_t *, ch_est::puschRxChEstDynDescr_t *)"
4338241950,2720,272869,103,1,1,128,1,1,16,0.000,0.000,,,,,NVIDIA A100-SXM4-40GB MIG 4g.20gb (0),1,,13,cupy_copy__complex64_complex64
4338258910,12288,272879,1434,1,1,128,1,1,16,0.000,0.000,,,,,NVIDIA A100-SXM4-40GB MIG 4g.20gb (0),1,,13,cupy_copy__complex64_complex64
4338281726,2592,272886,103,1,1,128,1,1,16,0.000,0.000,,,,,NVIDIA A100-SXM4-40GB MIG 4g.20gb (0),1,,13,cupy_copy__complex64_complex64
4338299454,88607,272893,1,1,1,32,32,1,30,0.000,0.000,,,,,NVIDIA A100-SXM4-40GB MIG 4g.20gb (0),1,,13,"void convert_kernel<__half2, float2>(tensor_layout_any, T1 *, tensor_layout_any, const T2 *)"
4338421180,15680,272896,,,,,,,,,,0.094,5975.462,Pinned,Device,NVIDIA A100-SXM4-40GB MIG 4g.20gb (0),1,,13,[CUDA memcpy Host-to-Device]
4338441820,46783,272897,,,,,,,,,,35.810,765437.040,Device,,NVIDIA A100-SXM4-40GB MIG 4g.20gb (0),1,,13,[CUDA memset]
4338495067,6368,272899,,,,,,,,,,0.000,12.563,Pinned,Device,NVIDIA A100-SXM4-40GB MIG 4g.20gb (0),1,,13,[CUDA memcpy Host-to-Device]
4338511259,19392,272900,,,,,,,,,,0.197,10138.485,Pinned,Device,NVIDIA A100-SXM4-40GB MIG 4g.20gb (0),1,,13,[CUDA memcpy Host-to-Device]
4338544475,9632,272901,273,1,1,48,1,1,40,0.000,0.001,,,,,NVIDIA A100-SXM4-40GB MIG 4g.20gb (0),1,,13,"void pusch_noise_intf_est::noiseIntfEstNoDftSOfdmKernel<float, __half, float, float, (unsigned int)2, (unsigned int)1, (unsigned char)4, (unsigned char)4>(pusch_noise_intf_est::puschRxNoiseIntfEstDynDescr)"
4338561883,2655,272912,35,1,1,128,1,1,16,0.000,0.000,,,,,NVIDIA A100-SXM4-40GB MIG 4g.20gb (0),1,,13,cupy_copy__complex64_complex64
4338572186,1664,272921,1,1,1,1,1,1,18,0.000,0.000,,,,,NVIDIA A100-SXM4-40GB MIG 4g.20gb (0),1,,13,cupy_copy__float32_float32
4338581082,6656,272927,,,,,,,,,,0.000,0.601,Device,Pageable,NVIDIA A100-SXM4-40GB MIG 4g.20gb (0),1,,7,[CUDA memcpy Device-to-Host]
4338663513,13024,272938,1434,1,1,128,1,1,16,0.000,0.000,,,,,NVIDIA A100-SXM4-40GB MIG 4g.20gb (0),1,,13,cupy_copy__complex64_complex64
4338691801,3008,272945,103,1,1,128,1,1,16,0.000,0.000,,,,,NVIDIA A100-SXM4-40GB MIG 4g.20gb (0),1,,13,cupy_copy__complex64_complex64
4338710937,2560,272952,35,1,1,128,1,1,16,0.000,0.000,,,,,NVIDIA A100-SXM4-40GB MIG 4g.20gb (0),1,,13,cupy_copy__complex64_complex64
4338729656,1888,272959,1,1,1,1,1,1,18,0.000,0.000,,,,,NVIDIA A100-SXM4-40GB MIG 4g.20gb (0),1,,13,cupy_copy__float32_float32
4338859319,87327,272970,1,1,1,32,32,1,30,0.000,0.000,,,,,NVIDIA A100-SXM4-40GB MIG 4g.20gb (0),1,,13,"void convert_kernel<__half2, float2>(tensor_layout_any, T1 *, tensor_layout_any, const T2 *)"
4338973909,5536,272973,,,,,,,,,,0.094,16924.777,Pinned,Device,NVIDIA A100-SXM4-40GB MIG 4g.20gb (0),1,,13,[CUDA memcpy Host-to-Device]
4338990677,3232,272974,,,,,,,,,,1.547,478533.199,Device,,NVIDIA A100-SXM4-40GB MIG 4g.20gb (0),1,,13,[CUDA memset]
4338997589,3520,272979,,,,,,,,,,0.031,8890.881,Pinned,Device,NVIDIA A100-SXM4-40GB MIG 4g.20gb (0),1,,13,[CUDA memcpy Host-to-Device]
4339003925,9408,272980,,,,,,,,,,0.197,20897.858,Pinned,Device,NVIDIA A100-SXM4-40GB MIG 4g.20gb (0),1,,13,[CUDA memcpy Host-to-Device]
4339019477,8224,272981,273,1,1,8,4,1,39,0.002,0.000,,,,,NVIDIA A100-SXM4-40GB MIG 4g.20gb (0),1,,13,"void channel_eq::eqMmseCoefCompLowMimoKernel<float, float, float, (unsigned int)4, (unsigned int)1, (unsigned int)4>(const channel_eq::_puschRxChEqStatDescr *, channel_eq::_puschRxChEqCoefCompDynDescr)"
4339028821,6304,272982,273,1,1,12,11,1,51,0.002,0.000,,,,,NVIDIA A100-SXM4-40GB MIG 4g.20gb (0),1,,13,"void channel_eq::eqMmseSoftDemapKernel<float, __half, __half, float, (unsigned int)4, (unsigned short)16383>(channel_eq::_puschRxChEqStatDescr *, channel_eq::_puschRxChEqSoftDemapDynDescr)"
4339038453,282652,272983,1,1,1,32,32,1,30,0.000,0.000,,,,,NVIDIA A100-SXM4-40GB MIG 4g.20gb (0),1,,13,"void convert_kernel<float2, __half2>(tensor_layout_any, T1 *, tensor_layout_any, const T2 *)"
4339322737,11008,272995,2253,1,1,128,1,1,16,0.000,0.000,,,,,NVIDIA A100-SXM4-40GB MIG 4g.20gb (0),1,,13,cupy_copy__float16_float16
4339335665,2944,273004,282,1,1,128,1,1,16,0.000,0.000,,,,,NVIDIA A100-SXM4-40GB MIG 4g.20gb (0),1,,13,cupy_copy__complex64_complex64
4339341169,2112,273013,26,1,1,128,1,1,16,0.000,0.000,,,,,NVIDIA A100-SXM4-40GB MIG 4g.20gb (0),1,,13,cupy_copy__float32_float32
4339346961,2976,273022,103,1,1,128,1,1,16,0.000,0.000,,,,,NVIDIA A100-SXM4-40GB MIG 4g.20gb (0),1,,13,cupy_copy__complex64_complex64
4339352913,12096,273032,1434,1,1,128,1,1,16,0.000,0.000,,,,,NVIDIA A100-SXM4-40GB MIG 4g.20gb (0),1,,13,cupy_copy__complex64_complex64
4339366641,82431,273037,1,1,1,32,32,1,30,0.000,0.000,,,,,NVIDIA A100-SXM4-40GB MIG 4g.20gb (0),1,,13,"void convert_kernel<__half2, float2>(tensor_layout_any, T1 *, tensor_layout_any, const T2 *)"
4339475951,5376,273040,,,,,,,,,,0.094,17428.487,Pinned,Device,NVIDIA A100-SXM4-40GB MIG 4g.20gb (0),1,,13,[CUDA memcpy Host-to-Device]
4339485967,597529,273041,,,,,,,,,,456.561,763827.289,Device,,NVIDIA A100-SXM4-40GB MIG 4g.20gb (0),1,,13,[CUDA memset]
4340088136,149406,273046,,,,,,,,,,1.235,8265.480,Pinned,Device,NVIDIA A100-SXM4-40GB MIG 4g.20gb (0),1,,13,[CUDA memcpy Host-to-Device]
4340248166,35807,273047,,,,,,,,,,0.197,5490.672,Pinned,Device,NVIDIA A100-SXM4-40GB MIG 4g.20gb (0),1,,13,[CUDA memcpy Host-to-Device]
4340301605,8384,273048,69,4,1,48,1,1,76,0.002,0.000,,,,,NVIDIA A100-SXM4-40GB MIG 4g.20gb (0),1,,13,"void ch_est::windowedChEstPreNoDftSOfdmKernel<float, __half, float, (unsigned int)2, (unsigned int)1, (unsigned short)4>(ch_est::puschRxChEstStatDescr_t *, ch_est::puschRxChEstDynDescr_t *)"
4340317189,7040,273049,137,2,1,24,2,1,44,0.001,0.001,,,,,NVIDIA A100-SXM4-40GB MIG 4g.20gb (0),1,,13,"void ch_est::chEstFilterNoDftSOfdmDispatchKernel<float, __half, float, (unsigned int)2>(ch_est::puschRxChEstStatDescr_t *, ch_est::puschRxChEstDynDescr_t *)"
4340330021,4704,273050,137,2,1,24,2,1,44,0.001,0.001,,,,,NVIDIA A100-SXM4-40GB MIG 4g.20gb (0),1,,13,"void ch_est::chEstFilterNoDftSOfdmDispatchKernel<float, __half, float, (unsigned int)2>(ch_est::puschRxChEstStatDescr_t *, ch_est::puschRxChEstDynDescr_t *)"
4340342469,2528,273061,103,1,1,128,1,1,16,0.000,0.000,,,,,NVIDIA A100-SXM4-40GB MIG 4g.20gb (0),1,,13,cupy_copy__complex64_complex64
4340353220,12672,273071,1434,1,1,128,1,1,16,0.000,0.000,,,,,NVIDIA A100-SXM4-40GB MIG 4g.20gb (0),1,,13,cupy_copy__complex64_complex64
4340373700,2592,273078,103,1,1,128,1,1,16,0.000,0.000,,,,,NVIDIA A100-SXM4-40GB MIG 4g.20gb (0),1,,13,cupy_copy__complex64_complex64
4340391492,86143,273085,1,1,1,32,32,1,30,0.000,0.000,,,,,NVIDIA A100-SXM4-40GB MIG 4g.20gb (0),1,,13,"void convert_kernel<__half2, float2>(tensor_layout_any, T1 *, tensor_layout_any, const T2 *)"
4340510563,21951,273088,,,,,,,,,,0.094,4268.415,Pinned,Device,NVIDIA A100-SXM4-40GB MIG 4g.20gb (0),1,,13,[CUDA memcpy Host-to-Device]
4340545538,45952,273089,,,,,,,,,,35.810,779259.669,Device,,NVIDIA A100-SXM4-40GB MIG 4g.20gb (0),1,,13,[CUDA memset]
4340599777,15456,273091,,,,,,,,,,0.000,5.176,Pinned,Device,NVIDIA A100-SXM4-40GB MIG 4g.20gb (0),1,,13,[CUDA memcpy Host-to-Device]
4340621793,34432,273092,,,,,,,,,,0.197,5709.890,Pinned,Device,NVIDIA A100-SXM4-40GB MIG 4g.20gb (0),1,,13,[CUDA memcpy Host-to-Device]
4340676800,9504,273093,273,1,1,48,1,1,40,0.000,0.001,,,,,NVIDIA A100-SXM4-40GB MIG 4g.20gb (0),1,,13,"void pusch_noise_intf_est::noiseIntfEstNoDftSOfdmKernel<float, __half, float, float, (unsigned int)2, (unsigned int)1, (unsigned char)4, (unsigned char)4>(pusch_noise_intf_est::puschRxNoiseIntfEstDynDescr)"
4340692832,2944,273104,35,1,1,128,1,1,16,0.000,0.000,,,,,NVIDIA A100-SXM4-40GB MIG 4g.20gb (0),1,,13,cupy_copy__complex64_complex64
4340704864,1728,273113,1,1,1,1,1,1,18,0.000,0.000,,,,,NVIDIA A100-SXM4-40GB MIG 4g.20gb (0),1,,13,cupy_copy__float32_float32
4340708928,5888,273119,,,,,,,,,,0.000,0.679,Device,Pageable,NVIDIA A100-SXM4-40GB MIG 4g.20gb (0),1,,7,[CUDA memcpy Device-to-Host]
4340793759,13312,273130,1434,1,1,128,1,1,16,0.000,0.000,,,,,NVIDIA A100-SXM4-40GB MIG 4g.20gb (0),1,,13,cupy_copy__complex64_complex64
4340826495,3008,273137,103,1,1,128,1,1,16,0.000,0.000,,,,,NVIDIA A100-SXM4-40GB MIG 4g.20gb (0),1,,13,cupy_copy__complex64_complex64
4340851518,2336,273144,35,1,1,128,1,1,16,0.000,0.000,,,,,NVIDIA A100-SXM4-40GB MIG 4g.20gb (0),1,,13,cupy_copy__complex64_complex64
4340863838,1760,273151,1,1,1,1,1,1,18,0.000,0.000,,,,,NVIDIA A100-SXM4-40GB MIG 4g.20gb (0),1,,13,cupy_copy__float32_float32
4340991389,81535,273162,1,1,1,32,32,1,30,0.000,0.000,,,,,NVIDIA A100-SXM4-40GB MIG 4g.20gb (0),1,,13,"void convert_kernel<__half2, float2>(tensor_layout_any, T1 *, tensor_layout_any, const T2 *)"
4341105819,11552,273165,,,,,,,,,,0.094,8110.794,Pinned,Device,NVIDIA A100-SXM4-40GB MIG 4g.20gb (0),1,,13,[CUDA memcpy Host-to-Device]
4341125179,3424,273166,,,,,,,,,,1.547,451700.819,Device,,NVIDIA A100-SXM4-40GB MIG 4g.20gb (0),1,,13,[CUDA memset]
4341132539,7808,273171,,,,,,,,,,0.031,4008.173,Pinned,Device,NVIDIA A100-SXM4-40GB MIG 4g.20gb (0),1,,13,[CUDA memcpy Host-to-Device]
4341143035,13664,273172,,,,,,,,,,0.197,14388.756,Pinned,Device,NVIDIA A100-SXM4-40GB MIG 4g.20gb (0),1,,13,[CUDA memcpy Host-to-Device]
4341166298,7648,273173,273,1,1,8,4,1,39,0.002,0.000,,,,,NVIDIA A100-SXM4-40GB MIG 4g.20gb (0),1,,13,"void channel_eq::eqMmseCoefCompLowMimoKernel<float, float, float, (unsigned int)4, (unsigned int)1, (unsigned int)4>(const channel_eq::_puschRxChEqStatDescr *, channel_eq::_puschRxChEqCoefCompDynDescr)"
4341181210,8128,273174,273,1,1,12,11,1,51,0.002,0.000,,,,,NVIDIA A100-SXM4-40GB MIG 4g.20gb (0),1,,13,"void channel_eq::eqMmseSoftDemapKernel<float, __half, __half, float, (unsigned int)4, (unsigned short)16383>(channel_eq::_puschRxChEqStatDescr *, channel_eq::_puschRxChEqSoftDemapDynDescr)"
4341196634,282653,273175,1,1,1,32,32,1,30,0.000,0.000,,,,,NVIDIA A100-SXM4-40GB MIG 4g.20gb (0),1,,13,"void convert_kernel<float2, __half2>(tensor_layout_any, T1 *, tensor_layout_any, const T2 *)"
4341481239,10943,273187,2253,1,1,128,1,1,16,0.000,0.000,,,,,NVIDIA A100-SXM4-40GB MIG 4g.20gb (0),1,,13,cupy_copy__float16_float16
4341493910,3168,273196,282,1,1,128,1,1,16,0.000,0.000,,,,,NVIDIA A100-SXM4-40GB MIG 4g.20gb (0),1,,13,cupy_copy__complex64_complex64
4341500918,2272,273205,26,1,1,128,1,1,16,0.000,0.000,,,,,NVIDIA A100-SXM4-40GB MIG 4g.20gb (0),1,,13,cupy_copy__float32_float32
4341504214,2880,273214,103,1,1,128,1,1,16,0.000,0.000,,,,,NVIDIA A100-SXM4-40GB MIG 4g.20gb (0),1,,13,cupy_copy__complex64_complex64
4341510070,12096,273224,1434,1,1,128,1,1,16,0.000,0.000,,,,,NVIDIA A100-SXM4-40GB MIG 4g.20gb (0),1,,13,cupy_copy__complex64_complex64
4341526422,85247,273229,1,1,1,32,32,1,30,0.000,0.000,,,,,NVIDIA A100-SXM4-40GB MIG 4g.20gb (0),1,,13,"void convert_kernel<__half2, float2>(tensor_layout_any, T1 *, tensor_layout_any, const T2 *)"
4341637877,5568,273232,,,,,,,,,,0.094,16827.521,Pinned,Device,NVIDIA A100-SXM4-40GB MIG 4g.20gb (0),1,,13,[CUDA memcpy Host-to-Device]
4341647988,597273,273233,,,,,,,,,,456.561,764283.851,Device,,NVIDIA A100-SXM4-40GB MIG 4g.20gb (0),1,,13,[CUDA memset]
4342248845,129822,273238,,,,,,,,,,1.235,9511.539,Pinned,Device,NVIDIA A100-SXM4-40GB MIG 4g.20gb (0),1,,13,[CUDA memcpy Host-to-Device]
4342388683,32768,273239,,,,,,,,,,0.197,5999.886,Pinned,Device,NVIDIA A100-SXM4-40GB MIG 4g.20gb (0),1,,13,[CUDA memcpy Host-to-Device]
4342443563,9248,273240,69,4,1,48,1,1,76,0.002,0.000,,,,,NVIDIA A100-SXM4-40GB MIG 4g.20gb (0),1,,13,"void ch_est::windowedChEstPreNoDftSOfdmKernel<float, __half, float, (unsigned int)2, (unsigned int)1, (unsigned short)4>(ch_est::puschRxChEstStatDescr_t *, ch_est::puschRxChEstDynDescr_t *)"
4342461450,6624,273241,137,2,1,24,2,1,44,0.001,0.001,,,,,NVIDIA A100-SXM4-40GB MIG 4g.20gb (0),1,,13,"void ch_est::chEstFilterNoDftSOfdmDispatchKernel<float, __half, float, (unsigned int)2>(ch_est::puschRxChEstStatDescr_t *, ch_est::puschRxChEstDynDescr_t *)"
4342475818,4736,273242,137,2,1,24,2,1,44,0.001,0.001,,,,,NVIDIA A100-SXM4-40GB MIG 4g.20gb (0),1,,13,"void ch_est::chEstFilterNoDftSOfdmDispatchKernel<float, __half, float, (unsigned int)2>(ch_est::puschRxChEstStatDescr_t *, ch_est::puschRxChEstDynDescr_t *)"
4342487018,3040,273253,103,1,1,128,1,1,16,0.000,0.000,,,,,NVIDIA A100-SXM4-40GB MIG 4g.20gb (0),1,,13,cupy_copy__complex64_complex64
4342500746,12672,273263,1434,1,1,128,1,1,16,0.000,0.000,,,,,NVIDIA A100-SXM4-40GB MIG 4g.20gb (0),1,,13,cupy_copy__complex64_complex64
4342521482,2912,273270,103,1,1,128,1,1,16,0.000,0.000,,,,,NVIDIA A100-SXM4-40GB MIG 4g.20gb (0),1,,13,cupy_copy__complex64_complex64
4342540457,88735,273277,1,1,1,32,32,1,30,0.000,0.000,,,,,NVIDIA A100-SXM4-40GB MIG 4g.20gb (0),1,,13,"void convert_kernel<__half2, float2>(tensor_layout_any, T1 *, tensor_layout_any, const T2 *)"
4342663784,19648,273280,,,,,,,,,,0.094,4768.658,Pinned,Device,NVIDIA A100-SXM4-40GB MIG 4g.20gb (0),1,,13,[CUDA memcpy Host-to-Device]
4342697352,47007,273281,,,,,,,,,,35.810,761784.428,Device,,NVIDIA A100-SXM4-40GB MIG 4g.20gb (0),1,,13,[CUDA memset]
4342754567,11744,273283,,,,,,,,,,0.000,6.812,Pinned,Device,NVIDIA A100-SXM4-40GB MIG 4g.20gb (0),1,,13,[CUDA memcpy Host-to-Device]
4342779815,33855,273284,,,,,,,,,,0.197,5807.210,Pinned,Device,NVIDIA A100-SXM4-40GB MIG 4g.20gb (0),1,,13,[CUDA memcpy Host-to-Device]
4342835366,9120,273285,273,1,1,48,1,1,40,0.000,0.001,,,,,NVIDIA A100-SXM4-40GB MIG 4g.20gb (0),1,,13,"void pusch_noise_intf_est::noiseIntfEstNoDftSOfdmKernel<float, __half, float, float, (unsigned int)2, (unsigned int)1, (unsigned char)4, (unsigned char)4>(pusch_noise_intf_est::puschRxNoiseIntfEstDynDescr)"
4342849958,2592,273296,35,1,1,128,1,1,16,0.000,0.000,,,,,NVIDIA A100-SXM4-40GB MIG 4g.20gb (0),1,,13,cupy_copy__complex64_complex64
4342863622,1759,273305,1,1,1,1,1,1,18,0.000,0.000,,,,,NVIDIA A100-SXM4-40GB MIG 4g.20gb (0),1,,13,cupy_copy__float32_float32
4342871589,5376,273311,,,,,,,,,,0.000,0.744,Device,Pageable,NVIDIA A100-SXM4-40GB MIG 4g.20gb (0),1,,7,[CUDA memcpy Device-to-Host]
4342946372,13088,273322,1434,1,1,128,1,1,16,0.000,0.000,,,,,NVIDIA A100-SXM4-40GB MIG 4g.20gb (0),1,,13,cupy_copy__complex64_complex64
4342984996,3360,273329,103,1,1,128,1,1,16,0.000,0.000,,,,,NVIDIA A100-SXM4-40GB MIG 4g.20gb (0),1,,13,cupy_copy__complex64_complex64
4343000964,2560,273336,35,1,1,128,1,1,16,0.000,0.000,,,,,NVIDIA A100-SXM4-40GB MIG 4g.20gb (0),1,,13,cupy_copy__complex64_complex64
4343017028,1792,273343,1,1,1,1,1,1,18,0.000,0.000,,,,,NVIDIA A100-SXM4-40GB MIG 4g.20gb (0),1,,13,cupy_copy__float32_float32
4343151042,83551,273354,1,1,1,32,32,1,30,0.000,0.000,,,,,NVIDIA A100-SXM4-40GB MIG 4g.20gb (0),1,,13,"void convert_kernel<__half2, float2>(tensor_layout_any, T1 *, tensor_layout_any, const T2 *)"
4343262849,5472,273357,,,,,,,,,,0.094,17122.757,Pinned,Device,NVIDIA A100-SXM4-40GB MIG 4g.20gb (0),1,,13,[CUDA memcpy Host-to-Device]
4343276512,3424,273358,,,,,,,,,,1.547,451700.819,Device,,NVIDIA A100-SXM4-40GB MIG 4g.20gb (0),1,,13,[CUDA memset]
4343283392,3040,273363,,,,,,,,,,0.031,10294.725,Pinned,Device,NVIDIA A100-SXM4-40GB MIG 4g.20gb (0),1,,13,[CUDA memcpy Host-to-Device]
4343289248,9696,273364,,,,,,,,,,0.197,20277.166,Pinned,Device,NVIDIA A100-SXM4-40GB MIG 4g.20gb (0),1,,13,[CUDA memcpy Host-to-Device]
4343304832,6400,273365,273,1,1,8,4,1,39,0.002,0.000,,,,,NVIDIA A100-SXM4-40GB MIG 4g.20gb (0),1,,13,"void channel_eq::eqMmseCoefCompLowMimoKernel<float, float, float, (unsigned int)4, (unsigned int)1, (unsigned int)4>(const channel_eq::_puschRxChEqStatDescr *, channel_eq::_puschRxChEqCoefCompDynDescr)"
4343312192,5728,273366,273,1,1,12,11,1,51,0.002,0.000,,,,,NVIDIA A100-SXM4-40GB MIG 4g.20gb (0),1,,13,"void channel_eq::eqMmseSoftDemapKernel<float, __half, __half, float, (unsigned int)4, (unsigned short)16383>(channel_eq::_puschRxChEqStatDescr *, channel_eq::_puschRxChEqSoftDemapDynDescr)"
4343319168,281916,273367,1,1,1,32,32,1,30,0.000,0.000,,,,,NVIDIA A100-SXM4-40GB MIG 4g.20gb (0),1,,13,"void convert_kernel<float2, __half2>(tensor_layout_any, T1 *, tensor_layout_any, const T2 *)"
4343605404,11072,273379,2253,1,1,128,1,1,16,0.000,0.000,,,,,NVIDIA A100-SXM4-40GB MIG 4g.20gb (0),1,,13,cupy_copy__float16_float16
4343619068,3584,273388,282,1,1,128,1,1,16,0.000,0.000,,,,,NVIDIA A100-SXM4-40GB MIG 4g.20gb (0),1,,13,cupy_copy__complex64_complex64
4343625468,2144,273397,26,1,1,128,1,1,16,0.000,0.000,,,,,NVIDIA A100-SXM4-40GB MIG 4g.20gb (0),1,,13,cupy_copy__float32_float32
4343628796,2880,273406,103,1,1,128,1,1,16,0.000,0.000,,,,,NVIDIA A100-SXM4-40GB MIG 4g.20gb (0),1,,13,cupy_copy__complex64_complex64
4343633116,12544,273416,1434,1,1,128,1,1,16,0.000,0.000,,,,,NVIDIA A100-SXM4-40GB MIG 4g.20gb (0),1,,13,cupy_copy__complex64_complex64
4343653340,81951,273421,1,1,1,32,32,1,30,0.000,0.000,,,,,NVIDIA A100-SXM4-40GB MIG 4g.20gb (0),1,,13,"void convert_kernel<__half2, float2>(tensor_layout_any, T1 *, tensor_layout_any, const T2 *)"
4343762234,5888,273424,,,,,,,,,,0.094,15912.954,Pinned,Device,NVIDIA A100-SXM4-40GB MIG 4g.20gb (0),1,,13,[CUDA memcpy Host-to-Device]
4343773466,599993,273425,,,,,,,,,,456.561,760631.359,Device,,NVIDIA A100-SXM4-40GB MIG 4g.20gb (0),1,,13,[CUDA memset]
4344384531,132030,273430,,,,,,,,,,1.235,9353.466,Pinned,Device,NVIDIA A100-SXM4-40GB MIG 4g.20gb (0),1,,13,[CUDA memcpy Host-to-Device]
4344525649,26816,273431,,,,,,,,,,0.197,7331.709,Pinned,Device,NVIDIA A100-SXM4-40GB MIG 4g.20gb (0),1,,13,[CUDA memcpy Host-to-Device]
4344563281,7807,273432,69,4,1,48,1,1,76,0.002,0.000,,,,,NVIDIA A100-SXM4-40GB MIG 4g.20gb (0),1,,13,"void ch_est::windowedChEstPreNoDftSOfdmKernel<float, __half, float, (unsigned int)2, (unsigned int)1, (unsigned short)4>(ch_est::puschRxChEstStatDescr_t *, ch_est::puschRxChEstDynDescr_t *)"
4344574992,7072,273433,137,2,1,24,2,1,44,0.001,0.001,,,,,NVIDIA A100-SXM4-40GB MIG 4g.20gb (0),1,,13,"void ch_est::chEstFilterNoDftSOfdmDispatchKernel<float, __half, float, (unsigned int)2>(ch_est::puschRxChEstStatDescr_t *, ch_est::puschRxChEstDynDescr_t *)"
4344583632,5216,273434,137,2,1,24,2,1,44,0.001,0.001,,,,,NVIDIA A100-SXM4-40GB MIG 4g.20gb (0),1,,13,"void ch_est::chEstFilterNoDftSOfdmDispatchKernel<float, __half, float, (unsigned int)2>(ch_est::puschRxChEstStatDescr_t *, ch_est::puschRxChEstDynDescr_t *)"
4344593456,2560,273445,103,1,1,128,1,1,16,0.000,0.000,,,,,NVIDIA A100-SXM4-40GB MIG 4g.20gb (0),1,,13,cupy_copy__complex64_complex64
4344605008,12768,273455,1434,1,1,128,1,1,16,0.000,0.000,,,,,NVIDIA A100-SXM4-40GB MIG 4g.20gb (0),1,,13,cupy_copy__complex64_complex64
4344622640,2432,273462,103,1,1,128,1,1,16,0.000,0.000,,,,,NVIDIA A100-SXM4-40GB MIG 4g.20gb (0),1,,13,cupy_copy__complex64_complex64
4344636624,83551,273469,1,1,1,32,32,1,30,0.000,0.000,,,,,NVIDIA A100-SXM4-40GB MIG 4g.20gb (0),1,,13,"void convert_kernel<__half2, float2>(tensor_layout_any, T1 *, tensor_layout_any, const T2 *)"
4344750990,13792,273472,,,,,,,,,,0.094,6793.428,Pinned,Device,NVIDIA A100-SXM4-40GB MIG 4g.20gb (0),1,,13,[CUDA memcpy Host-to-Device]
4344776846,47903,273473,,,,,,,,,,35.810,747532.080,Device,,NVIDIA A100-SXM4-40GB MIG 4g.20gb (0),1,,13,[CUDA memset]
4344826989,6432,273475,,,,,,,,,,0.000,12.438,Pinned,Device,NVIDIA A100-SXM4-40GB MIG 4g.20gb (0),1,,13,[CUDA memcpy Host-to-Device]
4344837453,18176,273476,,,,,,,,,,0.197,10816.782,Pinned,Device,NVIDIA A100-SXM4-40GB MIG 4g.20gb (0),1,,13,[CUDA memcpy Host-to-Device]
4344871501,9120,273477,273,1,1,48,1,1,40,0.000,0.001,,,,,NVIDIA A100-SXM4-40GB MIG 4g.20gb (0),1,,13,"void pusch_noise_intf_est::noiseIntfEstNoDftSOfdmKernel<float, __half, float, float, (unsigned int)2, (unsigned int)1, (unsigned char)4, (unsigned char)4>(pusch_noise_intf_est::puschRxNoiseIntfEstDynDescr)"
4344889517,2720,273488,35,1,1,128,1,1,16,0.000,0.000,,,,,NVIDIA A100-SXM4-40GB MIG 4g.20gb (0),1,,13,cupy_copy__complex64_complex64
4344900204,1728,273497,1,1,1,1,1,1,18,0.000,0.000,,,,,NVIDIA A100-SXM4-40GB MIG 4g.20gb (0),1,,13,cupy_copy__float32_float32
4344909004,6816,273503,,,,,,,,,,0.000,0.587,Device,Pageable,NVIDIA A100-SXM4-40GB MIG 4g.20gb (0),1,,7,[CUDA memcpy Device-to-Host]
4344989931,13632,273514,1434,1,1,128,1,1,16,0.000,0.000,,,,,NVIDIA A100-SXM4-40GB MIG 4g.20gb (0),1,,13,cupy_copy__complex64_complex64
4345018347,3360,273521,103,1,1,128,1,1,16,0.000,0.000,,,,,NVIDIA A100-SXM4-40GB MIG 4g.20gb (0),1,,13,cupy_copy__complex64_complex64
4345038091,2752,273528,35,1,1,128,1,1,16,0.000,0.000,,,,,NVIDIA A100-SXM4-40GB MIG 4g.20gb (0),1,,13,cupy_copy__complex64_complex64
4345058026,1792,273535,1,1,1,1,1,1,18,0.000,0.000,,,,,NVIDIA A100-SXM4-40GB MIG 4g.20gb (0),1,,13,cupy_copy__float32_float32
4345182665,82079,273546,1,1,1,32,32,1,30,0.000,0.000,,,,,NVIDIA A100-SXM4-40GB MIG 4g.20gb (0),1,,13,"void convert_kernel<__half2, float2>(tensor_layout_any, T1 *, tensor_layout_any, const T2 *)"
4345292456,5760,273549,,,,,,,,,,0.094,16266.656,Pinned,Device,NVIDIA A100-SXM4-40GB MIG 4g.20gb (0),1,,13,[CUDA memcpy Host-to-Device]
4345306375,3552,273550,,,,,,,,,,1.547,435422.601,Device,,NVIDIA A100-SXM4-40GB MIG 4g.20gb (0),1,,13,[CUDA memset]
4345312935,3232,273555,,,,,,,,,,0.031,9683.139,Pinned,Device,NVIDIA A100-SXM4-40GB MIG 4g.20gb (0),1,,13,[CUDA memcpy Host-to-Device]
4345318599,9504,273556,,,,,,,,,,0.197,20686.701,Pinned,Device,NVIDIA A100-SXM4-40GB MIG 4g.20gb (0),1,,13,[CUDA memcpy Host-to-Device]
4345334951,6176,273557,273,1,1,8,4,1,39,0.002,0.000,,,,,NVIDIA A100-SXM4-40GB MIG 4g.20gb (0),1,,13,"void channel_eq::eqMmseCoefCompLowMimoKernel<float, float, float, (unsigned int)4, (unsigned int)1, (unsigned int)4>(const channel_eq::_puschRxChEqStatDescr *, channel_eq::_puschRxChEqCoefCompDynDescr)"
4345343847,5920,273558,273,1,1,12,11,1,51,0.002,0.000,,,,,NVIDIA A100-SXM4-40GB MIG 4g.20gb (0),1,,13,"void channel_eq::eqMmseSoftDemapKernel<float, __half, __half, float, (unsigned int)4, (unsigned short)16383>(channel_eq::_puschRxChEqStatDescr *, channel_eq::_puschRxChEqSoftDemapDynDescr)"
4345350919,282460,273559,1,1,1,32,32,1,30,0.000,0.000,,,,,NVIDIA A100-SXM4-40GB MIG 4g.20gb (0),1,,13,"void convert_kernel<float2, __half2>(tensor_layout_any, T1 *, tensor_layout_any, const T2 *)"
4345634499,10976,273571,2253,1,1,128,1,1,16,0.000,0.000,,,,,NVIDIA A100-SXM4-40GB MIG 4g.20gb (0),1,,13,cupy_copy__float16_float16
4345648195,3008,273580,282,1,1,128,1,1,16,0.000,0.000,,,,,NVIDIA A100-SXM4-40GB MIG 4g.20gb (0),1,,13,cupy_copy__complex64_complex64
4345653507,2208,273589,26,1,1,128,1,1,16,0.000,0.000,,,,,NVIDIA A100-SXM4-40GB MIG 4g.20gb (0),1,,13,cupy_copy__float32_float32
4345657187,4640,273598,103,1,1,128,1,1,16,0.000,0.000,,,,,NVIDIA A100-SXM4-40GB MIG 4g.20gb (0),1,,13,cupy_copy__complex64_complex64
4345662851,11840,273608,1434,1,1,128,1,1,16,0.000,0.000,,,,,NVIDIA A100-SXM4-40GB MIG 4g.20gb (0),1,,13,cupy_copy__complex64_complex64
4345678403,82207,273613,1,1,1,32,32,1,30,0.000,0.000,,,,,NVIDIA A100-SXM4-40GB MIG 4g.20gb (0),1,,13,"void convert_kernel<__half2, float2>(tensor_layout_any, T1 *, tensor_layout_any, const T2 *)"
4345787905,5600,273616,,,,,,,,,,0.094,16731.388,Pinned,Device,NVIDIA A100-SXM4-40GB MIG 4g.20gb (0),1,,13,[CUDA memcpy Host-to-Device]
4345798977,596825,273617,,,,,,,,,,456.561,764740.412,Device,,NVIDIA A100-SXM4-40GB MIG 4g.20gb (0),1,,13,[CUDA memset]
4346402298,141214,273622,,,,,,,,,,1.235,8744.638,Pinned,Device,NVIDIA A100-SXM4-40GB MIG 4g.20gb (0),1,,13,[CUDA memcpy Host-to-Device]
4346551288,38752,273623,,,,,,,,,,0.197,5073.469,Pinned,Device,NVIDIA A100-SXM4-40GB MIG 4g.20gb (0),1,,13,[CUDA memcpy Host-to-Device]
4346606551,8192,273624,69,4,1,48,1,1,76,0.002,0.000,,,,,NVIDIA A100-SXM4-40GB MIG 4g.20gb (0),1,,13,"void ch_est::windowedChEstPreNoDftSOfdmKernel<float, __half, float, (unsigned int)2, (unsigned int)1, (unsigned short)4>(ch_est::puschRxChEstStatDescr_t *, ch_est::puschRxChEstDynDescr_t *)"
4346622071,6848,273625,137,2,1,24,2,1,44,0.001,0.001,,,,,NVIDIA A100-SXM4-40GB MIG 4g.20gb (0),1,,13,"void ch_est::chEstFilterNoDftSOfdmDispatchKernel<float, __half, float, (unsigned int)2>(ch_est::puschRxChEstStatDescr_t *, ch_est::puschRxChEstDynDescr_t *)"
4346643063,4768,273626,137,2,1,24,2,1,44,0.001,0.001,,,,,NVIDIA A100-SXM4-40GB MIG 4g.20gb (0),1,,13,"void ch_est::chEstFilterNoDftSOfdmDispatchKernel<float, __half, float, (unsigned int)2>(ch_est::puschRxChEstStatDescr_t *, ch_est::puschRxChEstDynDescr_t *)"
4346661271,2656,273637,103,1,1,128,1,1,16,0.000,0.000,,,,,NVIDIA A100-SXM4-40GB MIG 4g.20gb (0),1,,13,cupy_copy__complex64_complex64
4346673783,12607,273647,1434,1,1,128,1,1,16,0.000,0.000,,,,,NVIDIA A100-SXM4-40GB MIG 4g.20gb (0),1,,13,cupy_copy__complex64_complex64
4346710902,2592,273654,103,1,1,128,1,1,16,0.000,0.000,,,,,NVIDIA A100-SXM4-40GB MIG 4g.20gb (0),1,,13,cupy_copy__complex64_complex64
4346723606,83615,273661,1,1,1,32,32,1,30,0.000,0.000,,,,,NVIDIA A100-SXM4-40GB MIG 4g.20gb (0),1,,13,"void convert_kernel<__half2, float2>(tensor_layout_any, T1 *, tensor_layout_any, const T2 *)"
4346833973,7935,273664,,,,,,,,,,0.094,11807.851,Pinned,Device,NVIDIA A100-SXM4-40GB MIG 4g.20gb (0),1,,13,[CUDA memcpy Host-to-Device]
4346852788,47136,273665,,,,,,,,,,35.810,759707.453,Device,,NVIDIA A100-SXM4-40GB MIG 4g.20gb (0),1,,13,[CUDA memset]
4346906100,3584,273667,,,,,,,,,,0.000,22.321,Pinned,Device,NVIDIA A100-SXM4-40GB MIG 4g.20gb (0),1,,13,[CUDA memcpy Host-to-Device]
4346913012,10591,273668,,,,,,,,,,0.197,18563.531,Pinned,Device,NVIDIA A100-SXM4-40GB MIG 4g.20gb (0),1,,13,[CUDA memcpy Host-to-Device]
4346929747,9792,273669,273,1,1,48,1,1,40,0.000,0.001,,,,,NVIDIA A100-SXM4-40GB MIG 4g.20gb (0),1,,13,"void pusch_noise_intf_est::noiseIntfEstNoDftSOfdmKernel<float, __half, float, float, (unsigned int)2, (unsigned int)1, (unsigned char)4, (unsigned char)4>(pusch_noise_intf_est::puschRxNoiseIntfEstDynDescr)"
4346941971,2784,273680,35,1,1,128,1,1,16,0.000,0.000,,,,,NVIDIA A100-SXM4-40GB MIG 4g.20gb (0),1,,13,cupy_copy__complex64_complex64
4346965395,2016,273689,1,1,1,1,1,1,18,0.000,0.000,,,,,NVIDIA A100-SXM4-40GB MIG 4g.20gb (0),1,,13,cupy_copy__float32_float32
4346995091,1568,273695,,,,,,,,,,0.000,2.551,Device,Pageable,NVIDIA A100-SXM4-40GB MIG 4g.20gb (0),1,,7,[CUDA memcpy Device-to-Host]
4347054834,13152,273706,1434,1,1,128,1,1,16,0.000,0.000,,,,,NVIDIA A100-SXM4-40GB MIG 4g.20gb (0),1,,13,cupy_copy__complex64_complex64
4347081010,2816,273713,103,1,1,128,1,1,16,0.000,0.000,,,,,NVIDIA A100-SXM4-40GB MIG 4g.20gb (0),1,,13,cupy_copy__complex64_complex64
4347105873,2656,273720,35,1,1,128,1,1,16,0.000,0.000,,,,,NVIDIA A100-SXM4-40GB MIG 4g.20gb (0),1,,13,cupy_copy__complex64_complex64
4347124593,1760,273727,1,1,1,1,1,1,18,0.000,0.000,,,,,NVIDIA A100-SXM4-40GB MIG 4g.20gb (0),1,,13,cupy_copy__float32_float32
4347255759,81855,273738,1,1,1,32,32,1,30,0.000,0.000,,,,,NVIDIA A100-SXM4-40GB MIG 4g.20gb (0),1,,13,"void convert_kernel<__half2, float2>(tensor_layout_any, T1 *, tensor_layout_any, const T2 *)"
4347364878,5856,273741,,,,,,,,,,0.094,15999.997,Pinned,Device,NVIDIA A100-SXM4-40GB MIG 4g.20gb (0),1,,13,[CUDA memcpy Host-to-Device]
4347379822,3584,273742,,,,,,,,,,1.547,431534.389,Device,,NVIDIA A100-SXM4-40GB MIG 4g.20gb (0),1,,13,[CUDA memset]
4347386222,3328,273747,,,,,,,,,,0.031,9403.822,Pinned,Device,NVIDIA A100-SXM4-40GB MIG 4g.20gb (0),1,,13,[CUDA memcpy Host-to-Device]
4347391630,10048,273748,,,,,,,,,,0.197,19566.821,Pinned,Device,NVIDIA A100-SXM4-40GB MIG 4g.20gb (0),1,,13,[CUDA memcpy Host-to-Device]
4347407310,6239,273749,273,1,1,8,4,1,39,0.002,0.000,,,,,NVIDIA A100-SXM4-40GB MIG 4g.20gb (0),1,,13,"void channel_eq::eqMmseCoefCompLowMimoKernel<float, float, float, (unsigned int)4, (unsigned int)1, (unsigned int)4>(const channel_eq::_puschRxChEqStatDescr *, channel_eq::_puschRxChEqCoefCompDynDescr)"
4347414541,6432,273750,273,1,1,12,11,1,51,0.002,0.000,,,,,NVIDIA A100-SXM4-40GB MIG 4g.20gb (0),1,,13,"void channel_eq::eqMmseSoftDemapKernel<float, __half, __half, float, (unsigned int)4, (unsigned short)16383>(channel_eq::_puschRxChEqStatDescr *, channel_eq::_puschRxChEqSoftDemapDynDescr)"
4347421965,282653,273751,1,1,1,32,32,1,30,0.000,0.000,,,,,NVIDIA A100-SXM4-40GB MIG 4g.20gb (0),1,,13,"void convert_kernel<float2, __half2>(tensor_layout_any, T1 *, tensor_layout_any, const T2 *)"
4347705642,11104,273763,2253,1,1,128,1,1,16,0.000,0.000,,,,,NVIDIA A100-SXM4-40GB MIG 4g.20gb (0),1,,13,cupy_copy__float16_float16
4347718474,3200,273772,282,1,1,128,1,1,16,0.000,0.000,,,,,NVIDIA A100-SXM4-40GB MIG 4g.20gb (0),1,,13,cupy_copy__complex64_complex64
4347723050,2016,273781,26,1,1,128,1,1,16,0.000,0.000,,,,,NVIDIA A100-SXM4-40GB MIG 4g.20gb (0),1,,13,cupy_copy__float32_float32
4347727210,3936,273790,103,1,1,128,1,1,16,0.000,0.000,,,,,NVIDIA A100-SXM4-40GB MIG 4g.20gb (0),1,,13,cupy_copy__complex64_complex64
4347733610,12255,273800,1434,1,1,128,1,1,16,0.000,0.000,,,,,NVIDIA A100-SXM4-40GB MIG 4g.20gb (0),1,,13,cupy_copy__complex64_complex64
4347751305,81535,273805,1,1,1,32,32,1,30,0.000,0.000,,,,,NVIDIA A100-SXM4-40GB MIG 4g.20gb (0),1,,13,"void convert_kernel<__half2, float2>(tensor_layout_any, T1 *, tensor_layout_any, const T2 *)"
4347859080,5408,273808,,,,,,,,,,0.094,17325.421,Pinned,Device,NVIDIA A100-SXM4-40GB MIG 4g.20gb (0),1,,13,[CUDA memcpy Host-to-Device]
4347868712,598232,273809,,,,,,,,,,456.561,762914.166,Device,,NVIDIA A100-SXM4-40GB MIG 4g.20gb (0),1,,13,[CUDA memset]
4348478464,123647,273814,,,,,,,,,,1.235,9986.992,Pinned,Device,NVIDIA A100-SXM4-40GB MIG 4g.20gb (0),1,,13,[CUDA memcpy Host-to-Device]
4348612287,46527,273815,,,,,,,,,,0.197,4225.499,Pinned,Device,NVIDIA A100-SXM4-40GB MIG 4g.20gb (0),1,,13,[CUDA memcpy Host-to-Device]
4348681470,8352,273816,69,4,1,48,1,1,76,0.002,0.000,,,,,NVIDIA A100-SXM4-40GB MIG 4g.20gb (0),1,,13,"void ch_est::windowedChEstPreNoDftSOfdmKernel<float, __half, float, (unsigned int)2, (unsigned int)1, (unsigned short)4>(ch_est::puschRxChEstStatDescr_t *, ch_est::puschRxChEstDynDescr_t *)"
4348699230,6880,273817,137,2,1,24,2,1,44,0.001,0.001,,,,,NVIDIA A100-SXM4-40GB MIG 4g.20gb (0),1,,13,"void ch_est::chEstFilterNoDftSOfdmDispatchKernel<float, __half, float, (unsigned int)2>(ch_est::puschRxChEstStatDescr_t *, ch_est::puschRxChEstDynDescr_t *)"
4348716413,4832,273818,137,2,1,24,2,1,44,0.001,0.001,,,,,NVIDIA A100-SXM4-40GB MIG 4g.20gb (0),1,,13,"void ch_est::chEstFilterNoDftSOfdmDispatchKernel<float, __half, float, (unsigned int)2>(ch_est::puschRxChEstStatDescr_t *, ch_est::puschRxChEstDynDescr_t *)"
4348732925,2528,273829,103,1,1,128,1,1,16,0.000,0.000,,,,,NVIDIA A100-SXM4-40GB MIG 4g.20gb (0),1,,13,cupy_copy__complex64_complex64
4348751805,12544,273839,1434,1,1,128,1,1,16,0.000,0.000,,,,,NVIDIA A100-SXM4-40GB MIG 4g.20gb (0),1,,13,cupy_copy__complex64_complex64
4348770077,2912,273846,103,1,1,128,1,1,16,0.000,0.000,,,,,NVIDIA A100-SXM4-40GB MIG 4g.20gb (0),1,,13,cupy_copy__complex64_complex64
4348794524,87391,273853,1,1,1,32,32,1,30,0.000,0.000,,,,,NVIDIA A100-SXM4-40GB MIG 4g.20gb (0),1,,13,"void convert_kernel<__half2, float2>(tensor_layout_any, T1 *, tensor_layout_any, const T2 *)"
4348919419,22208,273856,,,,,,,,,,0.094,4218.943,Pinned,Device,NVIDIA A100-SXM4-40GB MIG 4g.20gb (0),1,,13,[CUDA memcpy Host-to-Device]
4348958362,45984,273857,,,,,,,,,,35.810,778722.520,Device,,NVIDIA A100-SXM4-40GB MIG 4g.20gb (0),1,,13,[CUDA memset]
4349009946,6240,273859,,,,,,,,,,0.000,12.820,Pinned,Device,NVIDIA A100-SXM4-40GB MIG 4g.20gb (0),1,,13,[CUDA memcpy Host-to-Device]
4349025722,29215,273860,,,,,,,,,,0.197,6729.499,Pinned,Device,NVIDIA A100-SXM4-40GB MIG 4g.20gb (0),1,,13,[CUDA memcpy Host-to-Device]
4349072889,9696,273861,273,1,1,48,1,1,40,0.000,0.001,,,,,NVIDIA A100-SXM4-40GB MIG 4g.20gb (0),1,,13,"void pusch_noise_intf_est::noiseIntfEstNoDftSOfdmKernel<float, __half, float, float, (unsigned int)2, (unsigned int)1, (unsigned char)4, (unsigned char)4>(pusch_noise_intf_est::puschRxNoiseIntfEstDynDescr)"
4349098073,3008,273872,35,1,1,128,1,1,16,0.000,0.000,,,,,NVIDIA A100-SXM4-40GB MIG 4g.20gb (0),1,,13,cupy_copy__complex64_complex64
4349107897,1728,273881,1,1,1,1,1,1,18,0.000,0.000,,,,,NVIDIA A100-SXM4-40GB MIG 4g.20gb (0),1,,13,cupy_copy__float32_float32
4349117592,6464,273887,,,,,,,,,,0.000,0.619,Device,Pageable,NVIDIA A100-SXM4-40GB MIG 4g.20gb (0),1,,7,[CUDA memcpy Device-to-Host]
4349189016,12863,273898,1434,1,1,128,1,1,16,0.000,0.000,,,,,NVIDIA A100-SXM4-40GB MIG 4g.20gb (0),1,,13,cupy_copy__complex64_complex64
4349217719,3008,273905,103,1,1,128,1,1,16,0.000,0.000,,,,,NVIDIA A100-SXM4-40GB MIG 4g.20gb (0),1,,13,cupy_copy__complex64_complex64
4349240119,2656,273912,35,1,1,128,1,1,16,0.000,0.000,,,,,NVIDIA A100-SXM4-40GB MIG 4g.20gb (0),1,,13,cupy_copy__complex64_complex64
4349256279,1760,273919,1,1,1,1,1,1,18,0.000,0.000,,,,,NVIDIA A100-SXM4-40GB MIG 4g.20gb (0),1,,13,cupy_copy__float32_float32
4349389269,82335,273930,1,1,1,32,32,1,30,0.000,0.000,,,,,NVIDIA A100-SXM4-40GB MIG 4g.20gb (0),1,,13,"void convert_kernel<__half2, float2>(tensor_layout_any, T1 *, tensor_layout_any, const T2 *)"
4349499700,5824,273933,,,,,,,,,,0.094,16087.884,Pinned,Device,NVIDIA A100-SXM4-40GB MIG 4g.20gb (0),1,,13,[CUDA memcpy Host-to-Device]
4349513972,3232,273934,,,,,,,,,,1.547,478533.199,Device,,NVIDIA A100-SXM4-40GB MIG 4g.20gb (0),1,,13,[CUDA memset]
4349521299,3136,273939,,,,,,,,,,0.031,9979.575,Pinned,Device,NVIDIA A100-SXM4-40GB MIG 4g.20gb (0),1,,13,[CUDA memcpy Host-to-Device]
4349527123,9888,273940,,,,,,,,,,0.197,19883.360,Pinned,Device,NVIDIA A100-SXM4-40GB MIG 4g.20gb (0),1,,13,[CUDA memcpy Host-to-Device]
4349541171,8512,273941,273,1,1,8,4,1,39,0.002,0.000,,,,,NVIDIA A100-SXM4-40GB MIG 4g.20gb (0),1,,13,"void channel_eq::eqMmseCoefCompLowMimoKernel<float, float, float, (unsigned int)4, (unsigned int)1, (unsigned int)4>(const channel_eq::_puschRxChEqStatDescr *, channel_eq::_puschRxChEqCoefCompDynDescr)"
4349551059,5344,273942,273,1,1,12,11,1,51,0.002,0.000,,,,,NVIDIA A100-SXM4-40GB MIG 4g.20gb (0),1,,13,"void channel_eq::eqMmseSoftDemapKernel<float, __half, __half, float, (unsigned int)4, (unsigned short)16383>(channel_eq::_puschRxChEqStatDescr *, channel_eq::_puschRxChEqSoftDemapDynDescr)"
4349558259,282685,273943,1,1,1,32,32,1,30,0.000,0.000,,,,,NVIDIA A100-SXM4-40GB MIG 4g.20gb (0),1,,13,"void convert_kernel<float2, __half2>(tensor_layout_any, T1 *, tensor_layout_any, const T2 *)"
4349842640,11039,273955,2253,1,1,128,1,1,16,0.000,0.000,,,,,NVIDIA A100-SXM4-40GB MIG 4g.20gb (0),1,,13,cupy_copy__float16_float16
4349858639,2592,273964,282,1,1,128,1,1,16,0.000,0.000,,,,,NVIDIA A100-SXM4-40GB MIG 4g.20gb (0),1,,13,cupy_copy__complex64_complex64
4349864207,2336,273973,26,1,1,128,1,1,16,0.000,0.000,,,,,NVIDIA A100-SXM4-40GB MIG 4g.20gb (0),1,,13,cupy_copy__float32_float32
4349867599,2912,273982,103,1,1,128,1,1,16,0.000,0.000,,,,,NVIDIA A100-SXM4-40GB MIG 4g.20gb (0),1,,13,cupy_copy__complex64_complex64
4349873295,12000,273992,1434,1,1,128,1,1,16,0.000,0.000,,,,,NVIDIA A100-SXM4-40GB MIG 4g.20gb (0),1,,13,cupy_copy__complex64_complex64
4349889679,81983,273997,1,1,1,32,32,1,30,0.000,0.000,,,,,NVIDIA A100-SXM4-40GB MIG 4g.20gb (0),1,,13,"void convert_kernel<__half2, float2>(tensor_layout_any, T1 *, tensor_layout_any, const T2 *)"
4349999662,6048,274000,,,,,,,,,,0.094,15491.978,Pinned,Device,NVIDIA A100-SXM4-40GB MIG 4g.20gb (0),1,,13,[CUDA memcpy Host-to-Device]
4350011501,598041,274001,,,,,,,,,,456.561,763370.728,Device,,NVIDIA A100-SXM4-40GB MIG 4g.20gb (0),1,,13,[CUDA memset]
4350616006,168862,274006,,,,,,,,,,1.235,7312.103,Pinned,Device,NVIDIA A100-SXM4-40GB MIG 4g.20gb (0),1,,13,[CUDA memcpy Host-to-Device]
4350793476,41823,274007,,,,,,,,,,0.197,4700.897,Pinned,Device,NVIDIA A100-SXM4-40GB MIG 4g.20gb (0),1,,13,[CUDA memcpy Host-to-Device]
4350864163,8288,274008,69,4,1,48,1,1,76,0.002,0.000,,,,,NVIDIA A100-SXM4-40GB MIG 4g.20gb (0),1,,13,"void ch_est::windowedChEstPreNoDftSOfdmKernel<float, __half, float, (unsigned int)2, (unsigned int)1, (unsigned short)4>(ch_est::puschRxChEstStatDescr_t *, ch_est::puschRxChEstDynDescr_t *)"
4350883395,6784,274009,137,2,1,24,2,1,44,0.001,0.001,,,,,NVIDIA A100-SXM4-40GB MIG 4g.20gb (0),1,,13,"void ch_est::chEstFilterNoDftSOfdmDispatchKernel<float, __half, float, (unsigned int)2>(ch_est::puschRxChEstStatDescr_t *, ch_est::puschRxChEstDynDescr_t *)"
4350900034,4736,274010,137,2,1,24,2,1,44,0.001,0.001,,,,,NVIDIA A100-SXM4-40GB MIG 4g.20gb (0),1,,13,"void ch_est::chEstFilterNoDftSOfdmDispatchKernel<float, __half, float, (unsigned int)2>(ch_est::puschRxChEstStatDescr_t *, ch_est::puschRxChEstDynDescr_t *)"
4350917378,2592,274021,103,1,1,128,1,1,16,0.000,0.000,,,,,NVIDIA A100-SXM4-40GB MIG 4g.20gb (0),1,,13,cupy_copy__complex64_complex64
4350933378,12288,274031,1434,1,1,128,1,1,16,0.000,0.000,,,,,NVIDIA A100-SXM4-40GB MIG 4g.20gb (0),1,,13,cupy_copy__complex64_complex64
4350958626,2560,274038,103,1,1,128,1,1,16,0.000,0.000,,,,,NVIDIA A100-SXM4-40GB MIG 4g.20gb (0),1,,13,cupy_copy__complex64_complex64
4350980450,90814,274045,1,1,1,32,32,1,30,0.000,0.000,,,,,NVIDIA A100-SXM4-40GB MIG 4g.20gb (0),1,,13,"void convert_kernel<__half2, float2>(tensor_layout_any, T1 *, tensor_layout_any, const T2 *)"
4351103648,27200,274048,,,,,,,,,,0.094,3444.640,Pinned,Device,NVIDIA A100-SXM4-40GB MIG 4g.20gb (0),1,,13,[CUDA memcpy Host-to-Device]
4351156863,48000,274049,,,,,,,,,,35.810,746028.063,Device,,NVIDIA A100-SXM4-40GB MIG 4g.20gb (0),1,,13,[CUDA memset]
4351208063,14848,274051,,,,,,,,,,0.000,5.388,Pinned,Device,NVIDIA A100-SXM4-40GB MIG 4g.20gb (0),1,,13,[CUDA memcpy Host-to-Device]
4351232094,26528,274052,,,,,,,,,,0.197,7411.335,Pinned,Device,NVIDIA A100-SXM4-40GB MIG 4g.20gb (0),1,,13,[CUDA memcpy Host-to-Device]
4351277662,10080,274053,273,1,1,48,1,1,40,0.000,0.001,,,,,NVIDIA A100-SXM4-40GB MIG 4g.20gb (0),1,,13,"void pusch_noise_intf_est::noiseIntfEstNoDftSOfdmKernel<float, __half, float, float, (unsigned int)2, (unsigned int)1, (unsigned char)4, (unsigned char)4>(pusch_noise_intf_est::puschRxNoiseIntfEstDynDescr)"
4351294366,2688,274064,35,1,1,128,1,1,16,0.000,0.000,,,,,NVIDIA A100-SXM4-40GB MIG 4g.20gb (0),1,,13,cupy_copy__complex64_complex64
4351310909,1760,274073,1,1,1,1,1,1,18,0.000,0.000,,,,,NVIDIA A100-SXM4-40GB MIG 4g.20gb (0),1,,13,cupy_copy__float32_float32
4351316413,6560,274079,,,,,,,,,,0.000,0.610,Device,Pageable,NVIDIA A100-SXM4-40GB MIG 4g.20gb (0),1,,7,[CUDA memcpy Device-to-Host]
4351418556,12832,274090,1434,1,1,128,1,1,16,0.000,0.000,,,,,NVIDIA A100-SXM4-40GB MIG 4g.20gb (0),1,,13,cupy_copy__complex64_complex64
4351441980,2976,274097,103,1,1,128,1,1,16,0.000,0.000,,,,,NVIDIA A100-SXM4-40GB MIG 4g.20gb (0),1,,13,cupy_copy__complex64_complex64
4351457628,2560,274104,35,1,1,128,1,1,16,0.000,0.000,,,,,NVIDIA A100-SXM4-40GB MIG 4g.20gb (0),1,,13,cupy_copy__complex64_complex64
4351484795,1792,274111,1,1,1,1,1,1,18,0.000,0.000,,,,,NVIDIA A100-SXM4-40GB MIG 4g.20gb (0),1,,13,cupy_copy__float32_float32
4351604538,87903,274122,1,1,1,32,32,1,30,0.000,0.000,,,,,NVIDIA A100-SXM4-40GB MIG 4g.20gb (0),1,,13,"void convert_kernel<__half2, float2>(tensor_layout_any, T1 *, tensor_layout_any, const T2 *)"
4351720824,5856,274125,,,,,,,,,,0.094,15999.997,Pinned,Device,NVIDIA A100-SXM4-40GB MIG 4g.20gb (0),1,,13,[CUDA memcpy Host-to-Device]
4351738424,3392,274126,,,,,,,,,,1.547,455961.768,Device,,NVIDIA A100-SXM4-40GB MIG 4g.20gb (0),1,,13,[CUDA memset]
4351742968,3520,274131,,,,,,,,,,0.031,8890.881,Pinned,Device,NVIDIA A100-SXM4-40GB MIG 4g.20gb (0),1,,13,[CUDA memcpy Host-to-Device]
4351748888,10560,274132,,,,,,,,,,0.197,18617.991,Pinned,Device,NVIDIA A100-SXM4-40GB MIG 4g.20gb (0),1,,13,[CUDA memcpy Host-to-Device]
4351763800,6336,274133,273,1,1,8,4,1,39,0.002,0.000,,,,,NVIDIA A100-SXM4-40GB MIG 4g.20gb (0),1,,13,"void channel_eq::eqMmseCoefCompLowMimoKernel<float, float, float, (unsigned int)4, (unsigned int)1, (unsigned int)4>(const channel_eq::_puschRxChEqStatDescr *, channel_eq::_puschRxChEqCoefCompDynDescr)"
4351771384,6496,274134,273,1,1,12,11,1,51,0.002,0.000,,,,,NVIDIA A100-SXM4-40GB MIG 4g.20gb (0),1,,13,"void channel_eq::eqMmseSoftDemapKernel<float, __half, __half, float, (unsigned int)4, (unsigned short)16383>(channel_eq::_puschRxChEqStatDescr *, channel_eq::_puschRxChEqSoftDemapDynDescr)"
4351780312,283004,274135,1,1,1,32,32,1,30,0.000,0.000,,,,,NVIDIA A100-SXM4-40GB MIG 4g.20gb (0),1,,13,"void convert_kernel<float2, __half2>(tensor_layout_any, T1 *, tensor_layout_any, const T2 *)"
4352064308,10880,274147,2253,1,1,128,1,1,16,0.000,0.000,,,,,NVIDIA A100-SXM4-40GB MIG 4g.20gb (0),1,,13,cupy_copy__float16_float16
4352077652,3616,274156,282,1,1,128,1,1,16,0.000,0.000,,,,,NVIDIA A100-SXM4-40GB MIG 4g.20gb (0),1,,13,cupy_copy__complex64_complex64
4352084468,2464,274165,26,1,1,128,1,1,16,0.000,0.000,,,,,NVIDIA A100-SXM4-40GB MIG 4g.20gb (0),1,,13,cupy_copy__float32_float32
4352088404,2912,274174,103,1,1,128,1,1,16,0.000,0.000,,,,,NVIDIA A100-SXM4-40GB MIG 4g.20gb (0),1,,13,cupy_copy__complex64_complex64
4352092724,12480,274184,1434,1,1,128,1,1,16,0.000,0.000,,,,,NVIDIA A100-SXM4-40GB MIG 4g.20gb (0),1,,13,cupy_copy__complex64_complex64
4352111508,87486,274189,1,1,1,32,32,1,30,0.000,0.000,,,,,NVIDIA A100-SXM4-40GB MIG 4g.20gb (0),1,,13,"void convert_kernel<__half2, float2>(tensor_layout_any, T1 *, tensor_layout_any, const T2 *)"
4352226674,6048,274192,,,,,,,,,,0.094,15491.978,Pinned,Device,NVIDIA A100-SXM4-40GB MIG 4g.20gb (0),1,,13,[CUDA memcpy Host-to-Device]
4352236818,597785,274193,,,,,,,,,,456.561,763370.728,Device,,NVIDIA A100-SXM4-40GB MIG 4g.20gb (0),1,,13,[CUDA memset]
4352838635,111998,274198,,,,,,,,,,1.235,11025.580,Pinned,Device,NVIDIA A100-SXM4-40GB MIG 4g.20gb (0),1,,13,[CUDA memcpy Host-to-Device]
4352958185,18144,274199,,,,,,,,,,0.197,10835.853,Pinned,Device,NVIDIA A100-SXM4-40GB MIG 4g.20gb (0),1,,13,[CUDA memcpy Host-to-Device]
4352985193,9600,274200,69,4,1,48,1,1,76,0.002,0.000,,,,,NVIDIA A100-SXM4-40GB MIG 4g.20gb (0),1,,13,"void ch_est::windowedChEstPreNoDftSOfdmKernel<float, __half, float, (unsigned int)2, (unsigned int)1, (unsigned short)4>(ch_est::puschRxChEstStatDescr_t *, ch_est::puschRxChEstDynDescr_t *)"
4353000841,7104,274201,137,2,1,24,2,1,44,0.001,0.001,,,,,NVIDIA A100-SXM4-40GB MIG 4g.20gb (0),1,,13,"void ch_est::chEstFilterNoDftSOfdmDispatchKernel<float, __half, float, (unsigned int)2>(ch_est::puschRxChEstStatDescr_t *, ch_est::puschRxChEstDynDescr_t *)"
4353015048,6336,274202,137,2,1,24,2,1,44,0.001,0.001,,,,,NVIDIA A100-SXM4-40GB MIG 4g.20gb (0),1,,13,"void ch_est::chEstFilterNoDftSOfdmDispatchKernel<float, __half, float, (unsigned int)2>(ch_est::puschRxChEstStatDescr_t *, ch_est::puschRxChEstDynDescr_t *)"
4353027848,3136,274213,103,1,1,128,1,1,16,0.000,0.000,,,,,NVIDIA A100-SXM4-40GB MIG 4g.20gb (0),1,,13,cupy_copy__complex64_complex64
4353034120,12736,274223,1434,1,1,128,1,1,16,0.000,0.000,,,,,NVIDIA A100-SXM4-40GB MIG 4g.20gb (0),1,,13,cupy_copy__complex64_complex64
4353049736,2560,274230,103,1,1,128,1,1,16,0.000,0.000,,,,,NVIDIA A100-SXM4-40GB MIG 4g.20gb (0),1,,13,cupy_copy__complex64_complex64
4353056200,83103,274237,1,1,1,32,32,1,30,0.000,0.000,,,,,NVIDIA A100-SXM4-40GB MIG 4g.20gb (0),1,,13,"void convert_kernel<__half2, float2>(tensor_layout_any, T1 *, tensor_layout_any, const T2 *)"
4353166503,5440,274240,,,,,,,,,,0.094,17223.480,Pinned,Device,NVIDIA A100-SXM4-40GB MIG 4g.20gb (0),1,,13,[CUDA memcpy Host-to-Device]
4353179046,46720,274241,,,,,,,,,,35.810,766475.528,Device,,NVIDIA A100-SXM4-40GB MIG 4g.20gb (0),1,,13,[CUDA memset]
4353232294,3680,274243,,,,,,,,,,0.000,21.739,Pinned,Device,NVIDIA A100-SXM4-40GB MIG 4g.20gb (0),1,,13,[CUDA memcpy Host-to-Device]
4353239302,12192,274244,,,,,,,,,,0.197,16125.788,Pinned,Device,NVIDIA A100-SXM4-40GB MIG 4g.20gb (0),1,,13,[CUDA memcpy Host-to-Device]
4353256389,11552,274245,273,1,1,48,1,1,40,0.000,0.001,,,,,NVIDIA A100-SXM4-40GB MIG 4g.20gb (0),1,,13,"void pusch_noise_intf_est::noiseIntfEstNoDftSOfdmKernel<float, __half, float, float, (unsigned int)2, (unsigned int)1, (unsigned char)4, (unsigned char)4>(pusch_noise_intf_est::puschRxNoiseIntfEstDynDescr)"
4353271141,2848,274256,35,1,1,128,1,1,16,0.000,0.000,,,,,NVIDIA A100-SXM4-40GB MIG 4g.20gb (0),1,,13,cupy_copy__complex64_complex64
4353286981,1952,274265,1,1,1,1,1,1,18,0.000,0.000,,,,,NVIDIA A100-SXM4-40GB MIG 4g.20gb (0),1,,13,cupy_copy__float32_float32
4353320389,1664,274271,,,,,,,,,,0.000,2.404,Device,Pageable,NVIDIA A100-SXM4-40GB MIG 4g.20gb (0),1,,7,[CUDA memcpy Device-to-Host]
4353379812,12960,274282,1434,1,1,128,1,1,16,0.000,0.000,,,,,NVIDIA A100-SXM4-40GB MIG 4g.20gb (0),1,,13,cupy_copy__complex64_complex64
4353405924,3040,274289,103,1,1,128,1,1,16,0.000,0.000,,,,,NVIDIA A100-SXM4-40GB MIG 4g.20gb (0),1,,13,cupy_copy__complex64_complex64
4353429219,2560,274296,35,1,1,128,1,1,16,0.000,0.000,,,,,NVIDIA A100-SXM4-40GB MIG 4g.20gb (0),1,,13,cupy_copy__complex64_complex64
4353445091,1792,274303,1,1,1,1,1,1,18,0.000,0.000,,,,,NVIDIA A100-SXM4-40GB MIG 4g.20gb (0),1,,13,cupy_copy__float32_float32
4353577314,83518,274314,1,1,1,32,32,1,30,0.000,0.000,,,,,NVIDIA A100-SXM4-40GB MIG 4g.20gb (0),1,,13,"void convert_kernel<__half2, float2>(tensor_layout_any, T1 *, tensor_layout_any, const T2 *)"
4353688064,5856,274317,,,,,,,,,,0.094,15999.997,Pinned,Device,NVIDIA A100-SXM4-40GB MIG 4g.20gb (0),1,,13,[CUDA memcpy Host-to-Device]
4353703328,3200,274318,,,,,,,,,,1.547,483320.000,Device,,NVIDIA A100-SXM4-40GB MIG 4g.20gb (0),1,,13,[CUDA memset]
4353709536,3104,274323,,,,,,,,,,0.031,10082.445,Pinned,Device,NVIDIA A100-SXM4-40GB MIG 4g.20gb (0),1,,13,[CUDA memcpy Host-to-Device]
4353715072,10144,274324,,,,,,,,,,0.197,19381.617,Pinned,Device,NVIDIA A100-SXM4-40GB MIG 4g.20gb (0),1,,13,[CUDA memcpy Host-to-Device]
4353731136,5856,274325,273,1,1,8,4,1,39,0.002,0.000,,,,,NVIDIA A100-SXM4-40GB MIG 4g.20gb (0),1,,13,"void channel_eq::eqMmseCoefCompLowMimoKernel<float, float, float, (unsigned int)4, (unsigned int)1, (unsigned int)4>(const channel_eq::_puschRxChEqStatDescr *, channel_eq::_puschRxChEqCoefCompDynDescr)"
4353740479,5632,274326,273,1,1,12,11,1,51,0.002,0.000,,,,,NVIDIA A100-SXM4-40GB MIG 4g.20gb (0),1,,13,"void channel_eq::eqMmseSoftDemapKernel<float, __half, __half, float, (unsigned int)4, (unsigned short)16383>(channel_eq::_puschRxChEqStatDescr *, channel_eq::_puschRxChEqSoftDemapDynDescr)"
4353747071,290109,274327,1,1,1,32,32,1,30,0.000,0.000,,,,,NVIDIA A100-SXM4-40GB MIG 4g.20gb (0),1,,13,"void convert_kernel<float2, __half2>(tensor_layout_any, T1 *, tensor_layout_any, const T2 *)"
4354038108,10848,274339,2253,1,1,128,1,1,16,0.000,0.000,,,,,NVIDIA A100-SXM4-40GB MIG 4g.20gb (0),1,,13,cupy_copy__float16_float16
4354052348,3712,274348,282,1,1,128,1,1,16,0.000,0.000,,,,,NVIDIA A100-SXM4-40GB MIG 4g.20gb (0),1,,13,cupy_copy__complex64_complex64
4354057180,2048,274357,26,1,1,128,1,1,16,0.000,0.000,,,,,NVIDIA A100-SXM4-40GB MIG 4g.20gb (0),1,,13,cupy_copy__float32_float32
4354061340,5439,274366,103,1,1,128,1,1,16,0.000,0.000,,,,,NVIDIA A100-SXM4-40GB MIG 4g.20gb (0),1,,13,cupy_copy__complex64_complex64
4354071099,12000,274376,1434,1,1,128,1,1,16,0.000,0.000,,,,,NVIDIA A100-SXM4-40GB MIG 4g.20gb (0),1,,13,cupy_copy__complex64_complex64
4354087259,82495,274381,1,1,1,32,32,1,30,0.000,0.000,,,,,NVIDIA A100-SXM4-40GB MIG 4g.20gb (0),1,,13,"void convert_kernel<__half2, float2>(tensor_layout_any, T1 *, tensor_layout_any, const T2 *)"
4354196506,5984,274384,,,,,,,,,,0.094,15657.726,Pinned,Device,NVIDIA A100-SXM4-40GB MIG 4g.20gb (0),1,,13,[CUDA memcpy Host-to-Device]
4354207258,595288,274385,,,,,,,,,,456.561,766566.658,Device,,NVIDIA A100-SXM4-40GB MIG 4g.20gb (0),1,,13,[CUDA memset]
4354812626,144607,274390,,,,,,,,,,1.235,8539.638,Pinned,Device,NVIDIA A100-SXM4-40GB MIG 4g.20gb (0),1,,13,[CUDA memcpy Host-to-Device]
4354969936,40160,274391,,,,,,,,,,0.197,4895.539,Pinned,Device,NVIDIA A100-SXM4-40GB MIG 4g.20gb (0),1,,13,[CUDA memcpy Host-to-Device]
4355038064,8255,274392,69,4,1,48,1,1,76,0.002,0.000,,,,,NVIDIA A100-SXM4-40GB MIG 4g.20gb (0),1,,13,"void ch_est::windowedChEstPreNoDftSOfdmKernel<float, __half, float, (unsigned int)2, (unsigned int)1, (unsigned short)4>(ch_est::puschRxChEstStatDescr_t *, ch_est::puschRxChEstDynDescr_t *)"
4355056527,6816,274393,137,2,1,24,2,1,44,0.001,0.001,,,,,NVIDIA A100-SXM4-40GB MIG 4g.20gb (0),1,,13,"void ch_est::chEstFilterNoDftSOfdmDispatchKernel<float, __half, float, (unsigned int)2>(ch_est::puschRxChEstStatDescr_t *, ch_est::puschRxChEstDynDescr_t *)"
4355069423,4736,274394,137,2,1,24,2,1,44,0.001,0.001,,,,,NVIDIA A100-SXM4-40GB MIG 4g.20gb (0),1,,13,"void ch_est::chEstFilterNoDftSOfdmDispatchKernel<float, __half, float, (unsigned int)2>(ch_est::puschRxChEstStatDescr_t *, ch_est::puschRxChEstDynDescr_t *)"
4355086639,2752,274405,103,1,1,128,1,1,16,0.000,0.000,,,,,NVIDIA A100-SXM4-40GB MIG 4g.20gb (0),1,,13,cupy_copy__complex64_complex64
4355097679,12768,274415,1434,1,1,128,1,1,16,0.000,0.000,,,,,NVIDIA A100-SXM4-40GB MIG 4g.20gb (0),1,,13,cupy_copy__complex64_complex64
4355126830,2624,274422,103,1,1,128,1,1,16,0.000,0.000,,,,,NVIDIA A100-SXM4-40GB MIG 4g.20gb (0),1,,13,cupy_copy__complex64_complex64
4355137102,88127,274429,1,1,1,32,32,1,30,0.000,0.000,,,,,NVIDIA A100-SXM4-40GB MIG 4g.20gb (0),1,,13,"void convert_kernel<__half2, float2>(tensor_layout_any, T1 *, tensor_layout_any, const T2 *)"
4355255629,12768,274432,,,,,,,,,,0.094,7338.271,Pinned,Device,NVIDIA A100-SXM4-40GB MIG 4g.20gb (0),1,,13,[CUDA memcpy Host-to-Device]
4355276365,46975,274433,,,,,,,,,,35.810,762285.767,Device,,NVIDIA A100-SXM4-40GB MIG 4g.20gb (0),1,,13,[CUDA memset]
4355324300,6048,274435,,,,,,,,,,0.000,13.227,Pinned,Device,NVIDIA A100-SXM4-40GB MIG 4g.20gb (0),1,,13,[CUDA memcpy Host-to-Device]
4355335212,16672,274436,,,,,,,,,,0.197,11792.548,Pinned,Device,NVIDIA A100-SXM4-40GB MIG 4g.20gb (0),1,,13,[CUDA memcpy Host-to-Device]
4355363372,10271,274437,273,1,1,48,1,1,40,0.000,0.001,,,,,NVIDIA A100-SXM4-40GB MIG 4g.20gb (0),1,,13,"void pusch_noise_intf_est::noiseIntfEstNoDftSOfdmKernel<float, __half, float, float, (unsigned int)2, (unsigned int)1, (unsigned char)4, (unsigned char)4>(pusch_noise_intf_est::puschRxNoiseIntfEstDynDescr)"
4355380555,3008,274448,35,1,1,128,1,1,16,0.000,0.000,,,,,NVIDIA A100-SXM4-40GB MIG 4g.20gb (0),1,,13,cupy_copy__complex64_complex64
4355386347,1824,274457,1,1,1,1,1,1,18,0.000,0.000,,,,,NVIDIA A100-SXM4-40GB MIG 4g.20gb (0),1,,13,cupy_copy__float32_float32
4355410507,1696,274463,,,,,,,,,,0.000,2.358,Device,Pageable,NVIDIA A100-SXM4-40GB MIG 4g.20gb (0),1,,7,[CUDA memcpy Device-to-Host]
4355470602,12672,274474,1434,1,1,128,1,1,16,0.000,0.000,,,,,NVIDIA A100-SXM4-40GB MIG 4g.20gb (0),1,,13,cupy_copy__complex64_complex64
4355497898,2944,274481,103,1,1,128,1,1,16,0.000,0.000,,,,,NVIDIA A100-SXM4-40GB MIG 4g.20gb (0),1,,13,cupy_copy__complex64_complex64
4355519146,2368,274488,35,1,1,128,1,1,16,0.000,0.000,,,,,NVIDIA A100-SXM4-40GB MIG 4g.20gb (0),1,,13,cupy_copy__complex64_complex64
4355537449,1792,274495,1,1,1,1,1,1,18,0.000,0.000,,,,,NVIDIA A100-SXM4-40GB MIG 4g.20gb (0),1,,13,cupy_copy__float32_float32
4355668200,82143,274506,1,1,1,32,32,1,30,0.000,0.000,,,,,NVIDIA A100-SXM4-40GB MIG 4g.20gb (0),1,,13,"void convert_kernel<__half2, float2>(tensor_layout_any, T1 *, tensor_layout_any, const T2 *)"
4355778790,5440,274509,,,,,,,,,,0.094,17223.480,Pinned,Device,NVIDIA A100-SXM4-40GB MIG 4g.20gb (0),1,,13,[CUDA memcpy Host-to-Device]
4355794150,3328,274510,,,,,,,,,,1.547,464729.580,Device,,NVIDIA A100-SXM4-40GB MIG 4g.20gb (0),1,,13,[CUDA memset]
4355800134,3104,274515,,,,,,,,,,0.031,10082.445,Pinned,Device,NVIDIA A100-SXM4-40GB MIG 4g.20gb (0),1,,13,[CUDA memcpy Host-to-Device]
4355806022,9792,274516,,,,,,,,,,0.197,20078.395,Pinned,Device,NVIDIA A100-SXM4-40GB MIG 4g.20gb (0),1,,13,[CUDA memcpy Host-to-Device]
4355822406,6016,274517,273,1,1,8,4,1,39,0.002,0.000,,,,,NVIDIA A100-SXM4-40GB MIG 4g.20gb (0),1,,13,"void channel_eq::eqMmseCoefCompLowMimoKernel<float, float, float, (unsigned int)4, (unsigned int)1, (unsigned int)4>(const channel_eq::_puschRxChEqStatDescr *, channel_eq::_puschRxChEqCoefCompDynDescr)"
4355834342,5792,274518,273,1,1,12,11,1,51,0.002,0.000,,,,,NVIDIA A100-SXM4-40GB MIG 4g.20gb (0),1,,13,"void channel_eq::eqMmseSoftDemapKernel<float, __half, __half, float, (unsigned int)4, (unsigned short)16383>(channel_eq::_puschRxChEqStatDescr *, channel_eq::_puschRxChEqSoftDemapDynDescr)"
4355841734,282812,274519,1,1,1,32,32,1,30,0.000,0.000,,,,,NVIDIA A100-SXM4-40GB MIG 4g.20gb (0),1,,13,"void convert_kernel<float2, __half2>(tensor_layout_any, T1 *, tensor_layout_any, const T2 *)"
4356125634,10976,274531,2253,1,1,128,1,1,16,0.000,0.000,,,,,NVIDIA A100-SXM4-40GB MIG 4g.20gb (0),1,,13,cupy_copy__float16_float16
4356140322,3712,274540,282,1,1,128,1,1,16,0.000,0.000,,,,,NVIDIA A100-SXM4-40GB MIG 4g.20gb (0),1,,13,cupy_copy__complex64_complex64
4356145826,2144,274549,26,1,1,128,1,1,16,0.000,0.000,,,,,NVIDIA A100-SXM4-40GB MIG 4g.20gb (0),1,,13,cupy_copy__float32_float32
4356149570,3040,274558,103,1,1,128,1,1,16,0.000,0.000,,,,,NVIDIA A100-SXM4-40GB MIG 4g.20gb (0),1,,13,cupy_copy__complex64_complex64
4356153570,12128,274568,1434,1,1,128,1,1,16,0.000,0.000,,,,,NVIDIA A100-SXM4-40GB MIG 4g.20gb (0),1,,13,cupy_copy__complex64_complex64
4356166690,81279,274573,1,1,1,32,32,1,30,0.000,0.000,,,,,NVIDIA A100-SXM4-40GB MIG 4g.20gb (0),1,,13,"void convert_kernel<__half2, float2>(tensor_layout_any, T1 *, tensor_layout_any, const T2 *)"
4356275776,5664,274576,,,,,,,,,,0.094,16542.310,Pinned,Device,NVIDIA A100-SXM4-40GB MIG 4g.20gb (0),1,,13,[CUDA memcpy Host-to-Device]
4356285632,602265,274577,,,,,,,,,,456.561,757891.990,Device,,NVIDIA A100-SXM4-40GB MIG 4g.20gb (0),1,,13,[CUDA memset]
4356893625,162398,274582,,,,,,,,,,1.235,7603.550,Pinned,Device,NVIDIA A100-SXM4-40GB MIG 4g.20gb (0),1,,13,[CUDA memcpy Host-to-Device]
4357068758,40896,274583,,,,,,,,,,0.197,4807.459,Pinned,Device,NVIDIA A100-SXM4-40GB MIG 4g.20gb (0),1,,13,[CUDA memcpy Host-to-Device]
4357127478,7936,274584,69,4,1,48,1,1,76,0.002,0.000,,,,,NVIDIA A100-SXM4-40GB MIG 4g.20gb (0),1,,13,"void ch_est::windowedChEstPreNoDftSOfdmKernel<float, __half, float, (unsigned int)2, (unsigned int)1, (unsigned short)4>(ch_est::puschRxChEstStatDescr_t *, ch_est::puschRxChEstDynDescr_t *)"
4357146710,6655,274585,137,2,1,24,2,1,44,0.001,0.001,,,,,NVIDIA A100-SXM4-40GB MIG 4g.20gb (0),1,,13,"void ch_est::chEstFilterNoDftSOfdmDispatchKernel<float, __half, float, (unsigned int)2>(ch_est::puschRxChEstStatDescr_t *, ch_est::puschRxChEstDynDescr_t *)"
4357163541,4768,274586,137,2,1,24,2,1,44,0.001,0.001,,,,,NVIDIA A100-SXM4-40GB MIG 4g.20gb (0),1,,13,"void ch_est::chEstFilterNoDftSOfdmDispatchKernel<float, __half, float, (unsigned int)2>(ch_est::puschRxChEstStatDescr_t *, ch_est::puschRxChEstDynDescr_t *)"
4357180885,2496,274597,103,1,1,128,1,1,16,0.000,0.000,,,,,NVIDIA A100-SXM4-40GB MIG 4g.20gb (0),1,,13,cupy_copy__complex64_complex64
4357198773,12448,274607,1434,1,1,128,1,1,16,0.000,0.000,,,,,NVIDIA A100-SXM4-40GB MIG 4g.20gb (0),1,,13,cupy_copy__complex64_complex64
4357218421,2912,274614,103,1,1,128,1,1,16,0.000,0.000,,,,,NVIDIA A100-SXM4-40GB MIG 4g.20gb (0),1,,13,cupy_copy__complex64_complex64
4357242036,85151,274621,1,1,1,32,32,1,30,0.000,0.000,,,,,NVIDIA A100-SXM4-40GB MIG 4g.20gb (0),1,,13,"void convert_kernel<__half2, float2>(tensor_layout_any, T1 *, tensor_layout_any, const T2 *)"
4357360691,19712,274624,,,,,,,,,,0.094,4753.198,Pinned,Device,NVIDIA A100-SXM4-40GB MIG 4g.20gb (0),1,,13,[CUDA memcpy Host-to-Device]
4357391731,46943,274625,,,,,,,,,,35.810,762822.916,Device,,NVIDIA A100-SXM4-40GB MIG 4g.20gb (0),1,,13,[CUDA memset]
4357442706,4160,274627,,,,,,,,,,0.000,19.231,Pinned,Device,NVIDIA A100-SXM4-40GB MIG 4g.20gb (0),1,,13,[CUDA memcpy Host-to-Device]
4357453170,21087,274628,,,,,,,,,,0.197,9323.545,Pinned,Device,NVIDIA A100-SXM4-40GB MIG 4g.20gb (0),1,,13,[CUDA memcpy Host-to-Device]
4357484049,12256,274629,273,1,1,48,1,1,40,0.000,0.001,,,,,NVIDIA A100-SXM4-40GB MIG 4g.20gb (0),1,,13,"void pusch_noise_intf_est::noiseIntfEstNoDftSOfdmKernel<float, __half, float, float, (unsigned int)2, (unsigned int)1, (unsigned char)4, (unsigned char)4>(pusch_noise_intf_est::puschRxNoiseIntfEstDynDescr)"
4357499953,2976,274640,35,1,1,128,1,1,16,0.000,0.000,,,,,NVIDIA A100-SXM4-40GB MIG 4g.20gb (0),1,,13,cupy_copy__complex64_complex64
4357507857,2016,274649,1,1,1,1,1,1,18,0.000,0.000,,,,,NVIDIA A100-SXM4-40GB MIG 4g.20gb (0),1,,13,cupy_copy__float32_float32
4357513361,1728,274655,,,,,,,,,,0.000,2.315,Device,Pageable,NVIDIA A100-SXM4-40GB MIG 4g.20gb (0),1,,7,[CUDA memcpy Device-to-Host]
4357591856,12864,274666,1434,1,1,128,1,1,16,0.000,0.000,,,,,NVIDIA A100-SXM4-40GB MIG 4g.20gb (0),1,,13,cupy_copy__complex64_complex64
4357620784,3520,274673,103,1,1,128,1,1,16,0.000,0.000,,,,,NVIDIA A100-SXM4-40GB MIG 4g.20gb (0),1,,13,cupy_copy__complex64_complex64
4357637615,2784,274680,35,1,1,128,1,1,16,0.000,0.000,,,,,NVIDIA A100-SXM4-40GB MIG 4g.20gb (0),1,,13,cupy_copy__complex64_complex64
4357652271,1920,274687,1,1,1,1,1,1,18,0.000,0.000,,,,,NVIDIA A100-SXM4-40GB MIG 4g.20gb (0),1,,13,cupy_copy__float32_float32
4357779854,82623,274698,1,1,1,32,32,1,30,0.000,0.000,,,,,NVIDIA A100-SXM4-40GB MIG 4g.20gb (0),1,,13,"void convert_kernel<__half2, float2>(tensor_layout_any, T1 *, tensor_layout_any, const T2 *)"
4357890380,5600,274701,,,,,,,,,,0.094,16731.388,Pinned,Device,NVIDIA A100-SXM4-40GB MIG 4g.20gb (0),1,,13,[CUDA memcpy Host-to-Device]
4357904876,3296,274702,,,,,,,,,,1.547,469242.628,Device,,NVIDIA A100-SXM4-40GB MIG 4g.20gb (0),1,,13,[CUDA memset]
4357911660,3232,274707,,,,,,,,,,0.031,9683.139,Pinned,Device,NVIDIA A100-SXM4-40GB MIG 4g.20gb (0),1,,13,[CUDA memcpy Host-to-Device]
4357917612,9408,274708,,,,,,,,,,0.197,20897.858,Pinned,Device,NVIDIA A100-SXM4-40GB MIG 4g.20gb (0),1,,13,[CUDA memcpy Host-to-Device]
4357932908,6080,274709,273,1,1,8,4,1,39,0.002,0.000,,,,,NVIDIA A100-SXM4-40GB MIG 4g.20gb (0),1,,13,"void channel_eq::eqMmseCoefCompLowMimoKernel<float, float, float, (unsigned int)4, (unsigned int)1, (unsigned int)4>(const channel_eq::_puschRxChEqStatDescr *, channel_eq::_puschRxChEqCoefCompDynDescr)"
4357940140,6048,274710,273,1,1,12,11,1,51,0.002,0.000,,,,,NVIDIA A100-SXM4-40GB MIG 4g.20gb (0),1,,13,"void channel_eq::eqMmseSoftDemapKernel<float, __half, __half, float, (unsigned int)4, (unsigned short)16383>(channel_eq::_puschRxChEqStatDescr *, channel_eq::_puschRxChEqSoftDemapDynDescr)"
4357947308,294876,274711,1,1,1,32,32,1,30,0.000,0.000,,,,,NVIDIA A100-SXM4-40GB MIG 4g.20gb (0),1,,13,"void convert_kernel<float2, __half2>(tensor_layout_any, T1 *, tensor_layout_any, const T2 *)"
4358244904,10592,274723,2253,1,1,128,1,1,16,0.000,0.000,,,,,NVIDIA A100-SXM4-40GB MIG 4g.20gb (0),1,,13,cupy_copy__float16_float16
4358258760,3168,274732,282,1,1,128,1,1,16,0.000,0.000,,,,,NVIDIA A100-SXM4-40GB MIG 4g.20gb (0),1,,13,cupy_copy__complex64_complex64
4358262984,2080,274741,26,1,1,128,1,1,16,0.000,0.000,,,,,NVIDIA A100-SXM4-40GB MIG 4g.20gb (0),1,,13,cupy_copy__float32_float32
4358268520,2912,274750,103,1,1,128,1,1,16,0.000,0.000,,,,,NVIDIA A100-SXM4-40GB MIG 4g.20gb (0),1,,13,cupy_copy__complex64_complex64
4358273064,12224,274760,1434,1,1,128,1,1,16,0.000,0.000,,,,,NVIDIA A100-SXM4-40GB MIG 4g.20gb (0),1,,13,cupy_copy__complex64_complex64
4358288295,82015,274765,1,1,1,32,32,1,30,0.000,0.000,,,,,NVIDIA A100-SXM4-40GB MIG 4g.20gb (0),1,,13,"void convert_kernel<__half2, float2>(tensor_layout_any, T1 *, tensor_layout_any, const T2 *)"
4358397190,5312,274768,,,,,,,,,,0.094,17638.553,Pinned,Device,NVIDIA A100-SXM4-40GB MIG 4g.20gb (0),1,,13,[CUDA memcpy Host-to-Device]
4358407174,598265,274769,,,,,,,,,,456.561,762914.166,Device,,NVIDIA A100-SXM4-40GB MIG 4g.20gb (0),1,,13,[CUDA memset]
4359009215,144222,274774,,,,,,,,,,1.235,8561.867,Pinned,Device,NVIDIA A100-SXM4-40GB MIG 4g.20gb (0),1,,13,[CUDA memcpy Host-to-Device]
4359165693,31615,274775,,,,,,,,,,0.197,6218.711,Pinned,Device,NVIDIA A100-SXM4-40GB MIG 4g.20gb (0),1,,13,[CUDA memcpy Host-to-Device]
4359217820,8256,274776,69,4,1,48,1,1,76,0.002,0.000,,,,,NVIDIA A100-SXM4-40GB MIG 4g.20gb (0),1,,13,"void ch_est::windowedChEstPreNoDftSOfdmKernel<float, __half, float, (unsigned int)2, (unsigned int)1, (unsigned short)4>(ch_est::puschRxChEstStatDescr_t *, ch_est::puschRxChEstDynDescr_t *)"
4359233596,6880,274777,137,2,1,24,2,1,44,0.001,0.001,,,,,NVIDIA A100-SXM4-40GB MIG 4g.20gb (0),1,,13,"void ch_est::chEstFilterNoDftSOfdmDispatchKernel<float, __half, float, (unsigned int)2>(ch_est::puschRxChEstStatDescr_t *, ch_est::puschRxChEstDynDescr_t *)"
4359245596,4736,274778,137,2,1,24,2,1,44,0.001,0.001,,,,,NVIDIA A100-SXM4-40GB MIG 4g.20gb (0),1,,13,"void ch_est::chEstFilterNoDftSOfdmDispatchKernel<float, __half, float, (unsigned int)2>(ch_est::puschRxChEstStatDescr_t *, ch_est::puschRxChEstDynDescr_t *)"
4359261755,2688,274789,103,1,1,128,1,1,16,0.000,0.000,,,,,NVIDIA A100-SXM4-40GB MIG 4g.20gb (0),1,,13,cupy_copy__complex64_complex64
4359277691,12352,274799,1434,1,1,128,1,1,16,0.000,0.000,,,,,NVIDIA A100-SXM4-40GB MIG 4g.20gb (0),1,,13,cupy_copy__complex64_complex64
4359305595,2656,274806,103,1,1,128,1,1,16,0.000,0.000,,,,,NVIDIA A100-SXM4-40GB MIG 4g.20gb (0),1,,13,cupy_copy__complex64_complex64
4359319963,83423,274813,1,1,1,32,32,1,30,0.000,0.000,,,,,NVIDIA A100-SXM4-40GB MIG 4g.20gb (0),1,,13,"void convert_kernel<__half2, float2>(tensor_layout_any, T1 *, tensor_layout_any, const T2 *)"
4359435449,22848,274816,,,,,,,,,,0.094,4100.793,Pinned,Device,NVIDIA A100-SXM4-40GB MIG 4g.20gb (0),1,,13,[CUDA memcpy Host-to-Device]
4359475769,46655,274817,,,,,,,,,,35.810,767514.015,Device,,NVIDIA A100-SXM4-40GB MIG 4g.20gb (0),1,,13,[CUDA memset]
4359527576,9120,274819,,,,,,,,,,0.000,8.772,Pinned,Device,NVIDIA A100-SXM4-40GB MIG 4g.20gb (0),1,,13,[CUDA memcpy Host-to-Device]
4359547992,26592,274820,,,,,,,,,,0.197,7393.444,Pinned,Device,NVIDIA A100-SXM4-40GB MIG 4g.20gb (0),1,,13,[CUDA memcpy Host-to-Device]
4359598071,9856,274821,273,1,1,48,1,1,40,0.000,0.001,,,,,NVIDIA A100-SXM4-40GB MIG 4g.20gb (0),1,,13,"void pusch_noise_intf_est::noiseIntfEstNoDftSOfdmKernel<float, __half, float, float, (unsigned int)2, (unsigned int)1, (unsigned char)4, (unsigned char)4>(pusch_noise_intf_est::puschRxNoiseIntfEstDynDescr)"
4359628343,2592,274832,35,1,1,128,1,1,16,0.000,0.000,,,,,NVIDIA A100-SXM4-40GB MIG 4g.20gb (0),1,,13,cupy_copy__complex64_complex64
4359644695,1696,274841,1,1,1,1,1,1,18,0.000,0.000,,,,,NVIDIA A100-SXM4-40GB MIG 4g.20gb (0),1,,13,cupy_copy__float32_float32
4359647255,9088,274847,,,,,,,,,,0.000,0.440,Device,Pageable,NVIDIA A100-SXM4-40GB MIG 4g.20gb (0),1,,7,[CUDA memcpy Device-to-Host]
4359740278,13151,274858,1434,1,1,128,1,1,16,0.000,0.000,,,,,NVIDIA A100-SXM4-40GB MIG 4g.20gb (0),1,,13,cupy_copy__complex64_complex64
4359760693,3392,274865,103,1,1,128,1,1,16,0.000,0.000,,,,,NVIDIA A100-SXM4-40GB MIG 4g.20gb (0),1,,13,cupy_copy__complex64_complex64
4359791509,2592,274872,35,1,1,128,1,1,16,0.000,0.000,,,,,NVIDIA A100-SXM4-40GB MIG 4g.20gb (0),1,,13,cupy_copy__complex64_complex64
4359806357,1696,274879,1,1,1,1,1,1,18,0.000,0.000,,,,,NVIDIA A100-SXM4-40GB MIG 4g.20gb (0),1,,13,cupy_copy__float32_float32
4359931091,81919,274890,1,1,1,32,32,1,30,0.000,0.000,,,,,NVIDIA A100-SXM4-40GB MIG 4g.20gb (0),1,,13,"void convert_kernel<__half2, float2>(tensor_layout_any, T1 *, tensor_layout_any, const T2 *)"
4360041042,14208,274893,,,,,,,,,,0.094,6594.512,Pinned,Device,NVIDIA A100-SXM4-40GB MIG 4g.20gb (0),1,,13,[CUDA memcpy Host-to-Device]
4360066066,3424,274894,,,,,,,,,,1.547,451700.819,Device,,NVIDIA A100-SXM4-40GB MIG 4g.20gb (0),1,,13,[CUDA memset]
4360072209,3680,274899,,,,,,,,,,0.031,8504.344,Pinned,Device,NVIDIA A100-SXM4-40GB MIG 4g.20gb (0),1,,13,[CUDA memcpy Host-to-Device]
4360082321,13440,274900,,,,,,,,,,0.197,14628.422,Pinned,Device,NVIDIA A100-SXM4-40GB MIG 4g.20gb (0),1,,13,[CUDA memcpy Host-to-Device]
4360112689,8352,274901,273,1,1,8,4,1,39,0.002,0.000,,,,,NVIDIA A100-SXM4-40GB MIG 4g.20gb (0),1,,13,"void channel_eq::eqMmseCoefCompLowMimoKernel<float, float, float, (unsigned int)4, (unsigned int)1, (unsigned int)4>(const channel_eq::_puschRxChEqStatDescr *, channel_eq::_puschRxChEqCoefCompDynDescr)"
4360129361,7968,274902,273,1,1,12,11,1,51,0.002,0.000,,,,,NVIDIA A100-SXM4-40GB MIG 4g.20gb (0),1,,13,"void channel_eq::eqMmseSoftDemapKernel<float, __half, __half, float, (unsigned int)4, (unsigned short)16383>(channel_eq::_puschRxChEqStatDescr *, channel_eq::_puschRxChEqSoftDemapDynDescr)"
4360144145,289404,274903,1,1,1,32,32,1,30,0.000,0.000,,,,,NVIDIA A100-SXM4-40GB MIG 4g.20gb (0),1,,13,"void convert_kernel<float2, __half2>(tensor_layout_any, T1 *, tensor_layout_any, const T2 *)"
4360435373,11104,274915,2253,1,1,128,1,1,16,0.000,0.000,,,,,NVIDIA A100-SXM4-40GB MIG 4g.20gb (0),1,,13,cupy_copy__float16_float16
4360449165,3680,274924,282,1,1,128,1,1,16,0.000,0.000,,,,,NVIDIA A100-SXM4-40GB MIG 4g.20gb (0),1,,13,cupy_copy__complex64_complex64
4360457741,2240,274933,26,1,1,128,1,1,16,0.000,0.000,,,,,NVIDIA A100-SXM4-40GB MIG 4g.20gb (0),1,,13,cupy_copy__float32_float32
4360460909,4864,274942,103,1,1,128,1,1,16,0.000,0.000,,,,,NVIDIA A100-SXM4-40GB MIG 4g.20gb (0),1,,13,cupy_copy__complex64_complex64
4360466861,12255,274952,1434,1,1,128,1,1,16,0.000,0.000,,,,,NVIDIA A100-SXM4-40GB MIG 4g.20gb (0),1,,13,cupy_copy__complex64_complex64
4360480332,82591,274957,1,1,1,32,32,1,30,0.000,0.000,,,,,NVIDIA A100-SXM4-40GB MIG 4g.20gb (0),1,,13,"void convert_kernel<__half2, float2>(tensor_layout_any, T1 *, tensor_layout_any, const T2 *)"
4360589867,5824,274960,,,,,,,,,,0.094,16087.884,Pinned,Device,NVIDIA A100-SXM4-40GB MIG 4g.20gb (0),1,,13,[CUDA memcpy Host-to-Device]
4360599723,597977,274961,,,,,,,,,,456.561,763370.728,Device,,NVIDIA A100-SXM4-40GB MIG 4g.20gb (0),1,,13,[CUDA memset]
4361204036,100478,274966,,,,,,,,,,1.235,12290.163,Pinned,Device,NVIDIA A100-SXM4-40GB MIG 4g.20gb (0),1,,13,[CUDA memcpy Host-to-Device]
4361311362,17760,274967,,,,,,,,,,0.197,11070.210,Pinned,Device,NVIDIA A100-SXM4-40GB MIG 4g.20gb (0),1,,13,[CUDA memcpy Host-to-Device]
4361343970,8032,274968,69,4,1,48,1,1,76,0.002,0.000,,,,,NVIDIA A100-SXM4-40GB MIG 4g.20gb (0),1,,13,"void ch_est::windowedChEstPreNoDftSOfdmKernel<float, __half, float, (unsigned int)2, (unsigned int)1, (unsigned short)4>(ch_est::puschRxChEstStatDescr_t *, ch_est::puschRxChEstDynDescr_t *)"
4361359554,6592,274969,137,2,1,24,2,1,44,0.001,0.001,,,,,NVIDIA A100-SXM4-40GB MIG 4g.20gb (0),1,,13,"void ch_est::chEstFilterNoDftSOfdmDispatchKernel<float, __half, float, (unsigned int)2>(ch_est::puschRxChEstStatDescr_t *, ch_est::puschRxChEstDynDescr_t *)"
4361367970,6207,274970,137,2,1,24,2,1,44,0.001,0.001,,,,,NVIDIA A100-SXM4-40GB MIG 4g.20gb (0),1,,13,"void ch_est::chEstFilterNoDftSOfdmDispatchKernel<float, __half, float, (unsigned int)2>(ch_est::puschRxChEstStatDescr_t *, ch_est::puschRxChEstDynDescr_t *)"
4361375585,3104,274981,103,1,1,128,1,1,16,0.000,0.000,,,,,NVIDIA A100-SXM4-40GB MIG 4g.20gb (0),1,,13,cupy_copy__complex64_complex64
4361383489,12960,274991,1434,1,1,128,1,1,16,0.000,0.000,,,,,NVIDIA A100-SXM4-40GB MIG 4g.20gb (0),1,,13,cupy_copy__complex64_complex64
4361398849,2592,274998,103,1,1,128,1,1,16,0.000,0.000,,,,,NVIDIA A100-SXM4-40GB MIG 4g.20gb (0),1,,13,cupy_copy__complex64_complex64
4361407425,86975,275005,1,1,1,32,32,1,30,0.000,0.000,,,,,NVIDIA A100-SXM4-40GB MIG 4g.20gb (0),1,,13,"void convert_kernel<__half2, float2>(tensor_layout_any, T1 *, tensor_layout_any, const T2 *)"
4361522976,9855,275008,,,,,,,,,,0.094,9507.427,Pinned,Device,NVIDIA A100-SXM4-40GB MIG 4g.20gb (0),1,,13,[CUDA memcpy Host-to-Device]
4361540959,47264,275009,,,,,,,,,,35.810,757630.477,Device,,NVIDIA A100-SXM4-40GB MIG 4g.20gb (0),1,,13,[CUDA memset]
4361593855,4384,275011,,,,,,,,,,0.000,18.248,Pinned,Device,NVIDIA A100-SXM4-40GB MIG 4g.20gb (0),1,,13,[CUDA memcpy Host-to-Device]
4361605599,14463,275012,,,,,,,,,,0.197,13593.674,Pinned,Device,NVIDIA A100-SXM4-40GB MIG 4g.20gb (0),1,,13,[CUDA memcpy Host-to-Device]
4361631422,9280,275013,273,1,1,48,1,1,40,0.000,0.001,,,,,NVIDIA A100-SXM4-40GB MIG 4g.20gb (0),1,,13,"void pusch_noise_intf_est::noiseIntfEstNoDftSOfdmKernel<float, __half, float, float, (unsigned int)2, (unsigned int)1, (unsigned char)4, (unsigned char)4>(pusch_noise_intf_est::puschRxNoiseIntfEstDynDescr)"
4361643902,2848,275024,35,1,1,128,1,1,16,0.000,0.000,,,,,NVIDIA A100-SXM4-40GB MIG 4g.20gb (0),1,,13,cupy_copy__complex64_complex64
4361651390,1856,275033,1,1,1,1,1,1,18,0.000,0.000,,,,,NVIDIA A100-SXM4-40GB MIG 4g.20gb (0),1,,13,cupy_copy__float32_float32
4361677022,1568,275039,,,,,,,,,,0.000,2.551,Device,Pageable,NVIDIA A100-SXM4-40GB MIG 4g.20gb (0),1,,7,[CUDA memcpy Device-to-Host]
4361736349,12736,275050,1434,1,1,128,1,1,16,0.000,0.000,,,,,NVIDIA A100-SXM4-40GB MIG 4g.20gb (0),1,,13,cupy_copy__complex64_complex64
4361763901,2784,275057,103,1,1,128,1,1,16,0.000,0.000,,,,,NVIDIA A100-SXM4-40GB MIG 4g.20gb (0),1,,13,cupy_copy__complex64_complex64
4361783932,2272,275064,35,1,1,128,1,1,16,0.000,0.000,,,,,NVIDIA A100-SXM4-40GB MIG 4g.20gb (0),1,,13,cupy_copy__complex64_complex64
4361801436,1760,275071,1,1,1,1,1,1,18,0.000,0.000,,,,,NVIDIA A100-SXM4-40GB MIG 4g.20gb (0),1,,13,cupy_copy__float32_float32
4361933211,82271,275082,1,1,1,32,32,1,30,0.000,0.000,,,,,NVIDIA A100-SXM4-40GB MIG 4g.20gb (0),1,,13,"void convert_kernel<__half2, float2>(tensor_layout_any, T1 *, tensor_layout_any, const T2 *)"
4362043385,5600,275085,,,,,,,,,,0.094,16731.388,Pinned,Device,NVIDIA A100-SXM4-40GB MIG 4g.20gb (0),1,,13,[CUDA memcpy Host-to-Device]
4362057177,3296,275086,,,,,,,,,,1.547,469242.628,Device,,NVIDIA A100-SXM4-40GB MIG 4g.20gb (0),1,,13,[CUDA memset]
4362064505,3104,275091,,,,,,,,,,0.031,10082.445,Pinned,Device,NVIDIA A100-SXM4-40GB MIG 4g.20gb (0),1,,13,[CUDA memcpy Host-to-Device]
4362070137,9952,275092,,,,,,,,,,0.197,19755.565,Pinned,Device,NVIDIA A100-SXM4-40GB MIG 4g.20gb (0),1,,13,[CUDA memcpy Host-to-Device]
4362085497,8160,275093,273,1,1,8,4,1,39,0.002,0.000,,,,,NVIDIA A100-SXM4-40GB MIG 4g.20gb (0),1,,13,"void channel_eq::eqMmseCoefCompLowMimoKernel<float, float, float, (unsigned int)4, (unsigned int)1, (unsigned int)4>(const channel_eq::_puschRxChEqStatDescr *, channel_eq::_puschRxChEqCoefCompDynDescr)"
4362096601,5919,275094,273,1,1,12,11,1,51,0.002,0.000,,,,,NVIDIA A100-SXM4-40GB MIG 4g.20gb (0),1,,13,"void channel_eq::eqMmseSoftDemapKernel<float, __half, __half, float, (unsigned int)4, (unsigned short)16383>(channel_eq::_puschRxChEqStatDescr *, channel_eq::_puschRxChEqSoftDemapDynDescr)"
4362103640,282013,275095,1,1,1,32,32,1,30,0.000,0.000,,,,,NVIDIA A100-SXM4-40GB MIG 4g.20gb (0),1,,13,"void convert_kernel<float2, __half2>(tensor_layout_any, T1 *, tensor_layout_any, const T2 *)"
4362387317,10944,275107,2253,1,1,128,1,1,16,0.000,0.000,,,,,NVIDIA A100-SXM4-40GB MIG 4g.20gb (0),1,,13,cupy_copy__float16_float16
4362400885,3520,275116,282,1,1,128,1,1,16,0.000,0.000,,,,,NVIDIA A100-SXM4-40GB MIG 4g.20gb (0),1,,13,cupy_copy__complex64_complex64
4362405685,2144,275125,26,1,1,128,1,1,16,0.000,0.000,,,,,NVIDIA A100-SXM4-40GB MIG 4g.20gb (0),1,,13,cupy_copy__float32_float32
4362410101,2912,275134,103,1,1,128,1,1,16,0.000,0.000,,,,,NVIDIA A100-SXM4-40GB MIG 4g.20gb (0),1,,13,cupy_copy__complex64_complex64
4362467028,12320,275150,1434,1,1,128,1,1,16,0.000,0.000,,,,,NVIDIA A100-SXM4-40GB MIG 4g.20gb (0),1,,13,cupy_copy__complex64_complex64
4362583283,82271,275155,1,1,1,32,32,1,30,0.000,0.000,,,,,NVIDIA A100-SXM4-40GB MIG 4g.20gb (0),1,,13,"void convert_kernel<__half2, float2>(tensor_layout_any, T1 *, tensor_layout_any, const T2 *)"
4362692593,5856,275158,,,,,,,,,,0.094,15999.997,Pinned,Device,NVIDIA A100-SXM4-40GB MIG 4g.20gb (0),1,,13,[CUDA memcpy Host-to-Device]
4362704209,598169,275159,,,,,,,,,,456.561,762914.166,Device,,NVIDIA A100-SXM4-40GB MIG 4g.20gb (0),1,,13,[CUDA memset]
4363310666,121438,275164,,,,,,,,,,1.235,10168.529,Pinned,Device,NVIDIA A100-SXM4-40GB MIG 4g.20gb (0),1,,13,[CUDA memcpy Host-to-Device]
4363441992,25408,275165,,,,,,,,,,0.197,7737.901,Pinned,Device,NVIDIA A100-SXM4-40GB MIG 4g.20gb (0),1,,13,[CUDA memcpy Host-to-Device]
4363479783,6976,275166,69,4,1,48,1,1,76,0.002,0.000,,,,,NVIDIA A100-SXM4-40GB MIG 4g.20gb (0),1,,13,"void ch_est::windowedChEstPreNoDftSOfdmKernel<float, __half, float, (unsigned int)2, (unsigned int)1, (unsigned short)4>(ch_est::puschRxChEstStatDescr_t *, ch_est::puschRxChEstDynDescr_t *)"
4363493191,6592,275167,137,2,1,24,2,1,44,0.001,0.001,,,,,NVIDIA A100-SXM4-40GB MIG 4g.20gb (0),1,,13,"void ch_est::chEstFilterNoDftSOfdmDispatchKernel<float, __half, float, (unsigned int)2>(ch_est::puschRxChEstStatDescr_t *, ch_est::puschRxChEstDynDescr_t *)"
4363507367,6272,275168,137,2,1,24,2,1,44,0.001,0.001,,,,,NVIDIA A100-SXM4-40GB MIG 4g.20gb (0),1,,13,"void ch_est::chEstFilterNoDftSOfdmDispatchKernel<float, __half, float, (unsigned int)2>(ch_est::puschRxChEstStatDescr_t *, ch_est::puschRxChEstDynDescr_t *)"
4363516583,2784,275179,103,1,1,128,1,1,16,0.000,0.000,,,,,NVIDIA A100-SXM4-40GB MIG 4g.20gb (0),1,,13,cupy_copy__complex64_complex64
4363524935,12608,275189,1434,1,1,128,1,1,16,0.000,0.000,,,,,NVIDIA A100-SXM4-40GB MIG 4g.20gb (0),1,,13,cupy_copy__complex64_complex64
4363540519,3072,275196,103,1,1,128,1,1,16,0.000,0.000,,,,,NVIDIA A100-SXM4-40GB MIG 4g.20gb (0),1,,13,cupy_copy__complex64_complex64
4363548391,86655,275203,1,1,1,32,32,1,30,0.000,0.000,,,,,NVIDIA A100-SXM4-40GB MIG 4g.20gb (0),1,,13,"void convert_kernel<__half2, float2>(tensor_layout_any, T1 *, tensor_layout_any, const T2 *)"
4363667653,13408,275206,,,,,,,,,,0.094,6988.035,Pinned,Device,NVIDIA A100-SXM4-40GB MIG 4g.20gb (0),1,,13,[CUDA memcpy Host-to-Device]
4363693637,47199,275207,,,,,,,,,,35.810,758668.965,Device,,NVIDIA A100-SXM4-40GB MIG 4g.20gb (0),1,,13,[CUDA memset]
4363746276,1888,275209,,,,,,,,,,0.000,42.373,Pinned,Device,NVIDIA A100-SXM4-40GB MIG 4g.20gb (0),1,,13,[CUDA memcpy Host-to-Device]
4363757188,24544,275210,,,,,,,,,,0.197,8010.400,Pinned,Device,NVIDIA A100-SXM4-40GB MIG 4g.20gb (0),1,,13,[CUDA memcpy Host-to-Device]
4363793636,9472,275211,273,1,1,48,1,1,40,0.000,0.001,,,,,NVIDIA A100-SXM4-40GB MIG 4g.20gb (0),1,,13,"void pusch_noise_intf_est::noiseIntfEstNoDftSOfdmKernel<float, __half, float, float, (unsigned int)2, (unsigned int)1, (unsigned char)4, (unsigned char)4>(pusch_noise_intf_est::puschRxNoiseIntfEstDynDescr)"
4363812899,2848,275222,35,1,1,128,1,1,16,0.000,0.000,,,,,NVIDIA A100-SXM4-40GB MIG 4g.20gb (0),1,,13,cupy_copy__complex64_complex64
4363822947,1696,275231,1,1,1,1,1,1,18,0.000,0.000,,,,,NVIDIA A100-SXM4-40GB MIG 4g.20gb (0),1,,13,cupy_copy__float32_float32
4363831267,6592,275237,,,,,,,,,,0.000,0.607,Device,Pageable,NVIDIA A100-SXM4-40GB MIG 4g.20gb (0),1,,7,[CUDA memcpy Device-to-Host]
4363906594,12928,275248,1434,1,1,128,1,1,16,0.000,0.000,,,,,NVIDIA A100-SXM4-40GB MIG 4g.20gb (0),1,,13,cupy_copy__complex64_complex64
4363937346,3424,275255,103,1,1,128,1,1,16,0.000,0.000,,,,,NVIDIA A100-SXM4-40GB MIG 4g.20gb (0),1,,13,cupy_copy__complex64_complex64
4363953858,2688,275262,35,1,1,128,1,1,16,0.000,0.000,,,,,NVIDIA A100-SXM4-40GB MIG 4g.20gb (0),1,,13,cupy_copy__complex64_complex64
4363967809,1888,275269,1,1,1,1,1,1,18,0.000,0.000,,,,,NVIDIA A100-SXM4-40GB MIG 4g.20gb (0),1,,13,cupy_copy__float32_float32
4364098880,86975,275280,1,1,1,32,32,1,30,0.000,0.000,,,,,NVIDIA A100-SXM4-40GB MIG 4g.20gb (0),1,,13,"void convert_kernel<__half2, float2>(tensor_layout_any, T1 *, tensor_layout_any, const T2 *)"
4364213598,5536,275283,,,,,,,,,,0.094,16924.777,Pinned,Device,NVIDIA A100-SXM4-40GB MIG 4g.20gb (0),1,,13,[CUDA memcpy Host-to-Device]
4364228318,2976,275284,,,,,,,,,,1.547,519698.143,Device,,NVIDIA A100-SXM4-40GB MIG 4g.20gb (0),1,,13,[CUDA memset]
4364235006,3040,275289,,,,,,,,,,0.031,10294.725,Pinned,Device,NVIDIA A100-SXM4-40GB MIG 4g.20gb (0),1,,13,[CUDA memcpy Host-to-Device]
4364240670,9728,275290,,,,,,,,,,0.197,20210.516,Pinned,Device,NVIDIA A100-SXM4-40GB MIG 4g.20gb (0),1,,13,[CUDA memcpy Host-to-Device]
4364254942,6656,275291,273,1,1,8,4,1,39,0.002,0.000,,,,,NVIDIA A100-SXM4-40GB MIG 4g.20gb (0),1,,13,"void channel_eq::eqMmseCoefCompLowMimoKernel<float, float, float, (unsigned int)4, (unsigned int)1, (unsigned int)4>(const channel_eq::_puschRxChEqStatDescr *, channel_eq::_puschRxChEqCoefCompDynDescr)"
4364263614,5664,275292,273,1,1,12,11,1,51,0.002,0.000,,,,,NVIDIA A100-SXM4-40GB MIG 4g.20gb (0),1,,13,"void channel_eq::eqMmseSoftDemapKernel<float, __half, __half, float, (unsigned int)4, (unsigned short)16383>(channel_eq::_puschRxChEqStatDescr *, channel_eq::_puschRxChEqSoftDemapDynDescr)"
4364271582,295164,275293,1,1,1,32,32,1,30,0.000,0.000,,,,,NVIDIA A100-SXM4-40GB MIG 4g.20gb (0),1,,13,"void convert_kernel<float2, __half2>(tensor_layout_any, T1 *, tensor_layout_any, const T2 *)"
4364568218,10816,275305,2253,1,1,128,1,1,16,0.000,0.000,,,,,NVIDIA A100-SXM4-40GB MIG 4g.20gb (0),1,,13,cupy_copy__float16_float16
4364583738,2976,275314,282,1,1,128,1,1,16,0.000,0.000,,,,,NVIDIA A100-SXM4-40GB MIG 4g.20gb (0),1,,13,cupy_copy__complex64_complex64
4364589594,2048,275323,26,1,1,128,1,1,16,0.000,0.000,,,,,NVIDIA A100-SXM4-40GB MIG 4g.20gb (0),1,,13,cupy_copy__float32_float32
4364594010,4736,275332,103,1,1,128,1,1,16,0.000,0.000,,,,,NVIDIA A100-SXM4-40GB MIG 4g.20gb (0),1,,13,cupy_copy__complex64_complex64
4364601626,12416,275342,1434,1,1,128,1,1,16,0.000,0.000,,,,,NVIDIA A100-SXM4-40GB MIG 4g.20gb (0),1,,13,cupy_copy__complex64_complex64
4364619097,87007,275347,1,1,1,32,32,1,30,0.000,0.000,,,,,NVIDIA A100-SXM4-40GB MIG 4g.20gb (0),1,,13,"void convert_kernel<__half2, float2>(tensor_layout_any, T1 *, tensor_layout_any, const T2 *)"
4364733176,5696,275350,,,,,,,,,,0.094,16449.363,Pinned,Device,NVIDIA A100-SXM4-40GB MIG 4g.20gb (0),1,,13,[CUDA memcpy Host-to-Device]
4364743832,596761,275351,,,,,,,,,,456.561,764740.412,Device,,NVIDIA A100-SXM4-40GB MIG 4g.20gb (0),1,,13,[CUDA memset]
4365348848,173022,275356,,,,,,,,,,1.235,7136.741,Pinned,Device,NVIDIA A100-SXM4-40GB MIG 4g.20gb (0),1,,13,[CUDA memcpy Host-to-Device]
4365534446,39776,275357,,,,,,,,,,0.197,4942.725,Pinned,Device,NVIDIA A100-SXM4-40GB MIG 4g.20gb (0),1,,13,[CUDA memcpy Host-to-Device]
4365594189,8160,275358,69,4,1,48,1,1,76,0.002,0.000,,,,,NVIDIA A100-SXM4-40GB MIG 4g.20gb (0),1,,13,"void ch_est::windowedChEstPreNoDftSOfdmKernel<float, __half, float, (unsigned int)2, (unsigned int)1, (unsigned short)4>(ch_est::puschRxChEstStatDescr_t *, ch_est::puschRxChEstDynDescr_t *)"
4365608845,6624,275359,137,2,1,24,2,1,44,0.001,0.001,,,,,NVIDIA A100-SXM4-40GB MIG 4g.20gb (0),1,,13,"void ch_est::chEstFilterNoDftSOfdmDispatchKernel<float, __half, float, (unsigned int)2>(ch_est::puschRxChEstStatDescr_t *, ch_est::puschRxChEstDynDescr_t *)"
4365624109,5280,275360,137,2,1,24,2,1,44,0.001,0.001,,,,,NVIDIA A100-SXM4-40GB MIG 4g.20gb (0),1,,13,"void ch_est::chEstFilterNoDftSOfdmDispatchKernel<float, __half, float, (unsigned int)2>(ch_est::puschRxChEstStatDescr_t *, ch_est::puschRxChEstDynDescr_t *)"
4365635917,2528,275371,103,1,1,128,1,1,16,0.000,0.000,,,,,NVIDIA A100-SXM4-40GB MIG 4g.20gb (0),1,,13,cupy_copy__complex64_complex64
4365652589,12352,275381,1434,1,1,128,1,1,16,0.000,0.000,,,,,NVIDIA A100-SXM4-40GB MIG 4g.20gb (0),1,,13,cupy_copy__complex64_complex64
4365674540,2720,275388,103,1,1,128,1,1,16,0.000,0.000,,,,,NVIDIA A100-SXM4-40GB MIG 4g.20gb (0),1,,13,cupy_copy__complex64_complex64
4365686252,89503,275395,1,1,1,32,32,1,30,0.000,0.000,,,,,NVIDIA A100-SXM4-40GB MIG 4g.20gb (0),1,,13,"void convert_kernel<__half2, float2>(tensor_layout_any, T1 *, tensor_layout_any, const T2 *)"
4365803179,13280,275398,,,,,,,,,,0.094,7055.402,Pinned,Device,NVIDIA A100-SXM4-40GB MIG 4g.20gb (0),1,,13,[CUDA memcpy Host-to-Device]
4365828523,47007,275399,,,,,,,,,,35.810,761784.428,Device,,NVIDIA A100-SXM4-40GB MIG 4g.20gb (0),1,,13,[CUDA memset]
4365882314,6432,275401,,,,,,,,,,0.000,12.438,Pinned,Device,NVIDIA A100-SXM4-40GB MIG 4g.20gb (0),1,,13,[CUDA memcpy Host-to-Device]
4365898250,23231,275402,,,,,,,,,,0.197,8462.991,Pinned,Device,NVIDIA A100-SXM4-40GB MIG 4g.20gb (0),1,,13,[CUDA memcpy Host-to-Device]
4365933961,10368,275403,273,1,1,48,1,1,40,0.000,0.001,,,,,NVIDIA A100-SXM4-40GB MIG 4g.20gb (0),1,,13,"void pusch_noise_intf_est::noiseIntfEstNoDftSOfdmKernel<float, __half, float, float, (unsigned int)2, (unsigned int)1, (unsigned char)4, (unsigned char)4>(pusch_noise_intf_est::puschRxNoiseIntfEstDynDescr)"
4365954217,2848,275414,35,1,1,128,1,1,16,0.000,0.000,,,,,NVIDIA A100-SXM4-40GB MIG 4g.20gb (0),1,,13,cupy_copy__complex64_complex64
4365964393,1792,275423,1,1,1,1,1,1,18,0.000,0.000,,,,,NVIDIA A100-SXM4-40GB MIG 4g.20gb (0),1,,13,cupy_copy__float32_float32
4365970377,5920,275429,,,,,,,,,,0.000,0.676,Device,Pageable,NVIDIA A100-SXM4-40GB MIG 4g.20gb (0),1,,7,[CUDA memcpy Device-to-Host]
4366053256,12832,275440,1434,1,1,128,1,1,16,0.000,0.000,,,,,NVIDIA A100-SXM4-40GB MIG 4g.20gb (0),1,,13,cupy_copy__complex64_complex64
4366070664,2848,275447,103,1,1,128,1,1,16,0.000,0.000,,,,,NVIDIA A100-SXM4-40GB MIG 4g.20gb (0),1,,13,cupy_copy__complex64_complex64
4366100615,2720,275454,35,1,1,128,1,1,16,0.000,0.000,,,,,NVIDIA A100-SXM4-40GB MIG 4g.20gb (0),1,,13,cupy_copy__complex64_complex64
4366121927,1824,275461,1,1,1,1,1,1,18,0.000,0.000,,,,,NVIDIA A100-SXM4-40GB MIG 4g.20gb (0),1,,13,cupy_copy__float32_float32
4366241573,87519,275472,1,1,1,32,32,1,30,0.000,0.000,,,,,NVIDIA A100-SXM4-40GB MIG 4g.20gb (0),1,,13,"void convert_kernel<__half2, float2>(tensor_layout_any, T1 *, tensor_layout_any, const T2 *)"
4366356548,5408,275475,,,,,,,,,,0.094,17325.421,Pinned,Device,NVIDIA A100-SXM4-40GB MIG 4g.20gb (0),1,,13,[CUDA memcpy Host-to-Device]
4366371460,3520,275476,,,,,,,,,,1.547,439380.412,Device,,NVIDIA A100-SXM4-40GB MIG 4g.20gb (0),1,,13,[CUDA memset]
4366377732,3072,275481,,,,,,,,,,0.031,10187.474,Pinned,Device,NVIDIA A100-SXM4-40GB MIG 4g.20gb (0),1,,13,[CUDA memcpy Host-to-Device]
4366383364,9632,275482,,,,,,,,,,0.197,20411.843,Pinned,Device,NVIDIA A100-SXM4-40GB MIG 4g.20gb (0),1,,13,[CUDA memcpy Host-to-Device]
4366398692,6015,275483,273,1,1,8,4,1,39,0.002,0.000,,,,,NVIDIA A100-SXM4-40GB MIG 4g.20gb (0),1,,13,"void channel_eq::eqMmseCoefCompLowMimoKernel<float, float, float, (unsigned int)4, (unsigned int)1, (unsigned int)4>(const channel_eq::_puschRxChEqStatDescr *, channel_eq::_puschRxChEqCoefCompDynDescr)"
4366405635,6432,275484,273,1,1,12,11,1,51,0.002,0.000,,,,,NVIDIA A100-SXM4-40GB MIG 4g.20gb (0),1,,13,"void channel_eq::eqMmseSoftDemapKernel<float, __half, __half, float, (unsigned int)4, (unsigned short)16383>(channel_eq::_puschRxChEqStatDescr *, channel_eq::_puschRxChEqSoftDemapDynDescr)"
4366413123,282269,275485,1,1,1,32,32,1,30,0.000,0.000,,,,,NVIDIA A100-SXM4-40GB MIG 4g.20gb (0),1,,13,"void convert_kernel<float2, __half2>(tensor_layout_any, T1 *, tensor_layout_any, const T2 *)"
4366696320,10848,275497,2253,1,1,128,1,1,16,0.000,0.000,,,,,NVIDIA A100-SXM4-40GB MIG 4g.20gb (0),1,,13,cupy_copy__float16_float16
4366708544,2816,275506,282,1,1,128,1,1,16,0.000,0.000,,,,,NVIDIA A100-SXM4-40GB MIG 4g.20gb (0),1,,13,cupy_copy__complex64_complex64
4366713568,2016,275515,26,1,1,128,1,1,16,0.000,0.000,,,,,NVIDIA A100-SXM4-40GB MIG 4g.20gb (0),1,,13,cupy_copy__float32_float32
4366718528,2976,275524,103,1,1,128,1,1,16,0.000,0.000,,,,,NVIDIA A100-SXM4-40GB MIG 4g.20gb (0),1,,13,cupy_copy__complex64_complex64
4366723008,12223,275534,1434,1,1,128,1,1,16,0.000,0.000,,,,,NVIDIA A100-SXM4-40GB MIG 4g.20gb (0),1,,13,cupy_copy__complex64_complex64
4366748959,82559,275539,1,1,1,32,32,1,30,0.000,0.000,,,,,NVIDIA A100-SXM4-40GB MIG 4g.20gb (0),1,,13,"void convert_kernel<__half2, float2>(tensor_layout_any, T1 *, tensor_layout_any, const T2 *)"
4366866974,5632,275542,,,,,,,,,,0.094,16636.287,Pinned,Device,NVIDIA A100-SXM4-40GB MIG 4g.20gb (0),1,,13,[CUDA memcpy Host-to-Device]
4366876926,596920,275543,,,,,,,,,,456.561,764740.412,Device,,NVIDIA A100-SXM4-40GB MIG 4g.20gb (0),1,,13,[CUDA memset]
4367485846,161982,275548,,,,,,,,,,1.235,7623.309,Pinned,Device,NVIDIA A100-SXM4-40GB MIG 4g.20gb (0),1,,13,[CUDA memcpy Host-to-Device]
4367662548,36160,275549,,,,,,,,,,0.197,5436.998,Pinned,Device,NVIDIA A100-SXM4-40GB MIG 4g.20gb (0),1,,13,[CUDA memcpy Host-to-Device]
4367719507,7936,275550,69,4,1,48,1,1,76,0.002,0.000,,,,,NVIDIA A100-SXM4-40GB MIG 4g.20gb (0),1,,13,"void ch_est::windowedChEstPreNoDftSOfdmKernel<float, __half, float, (unsigned int)2, (unsigned int)1, (unsigned short)4>(ch_est::puschRxChEstStatDescr_t *, ch_est::puschRxChEstDynDescr_t *)"
4367734355,6720,275551,137,2,1,24,2,1,44,0.001,0.001,,,,,NVIDIA A100-SXM4-40GB MIG 4g.20gb (0),1,,13,"void ch_est::chEstFilterNoDftSOfdmDispatchKernel<float, __half, float, (unsigned int)2>(ch_est::puschRxChEstStatDescr_t *, ch_est::puschRxChEstDynDescr_t *)"
4367746483,4800,275552,137,2,1,24,2,1,44,0.001,0.001,,,,,NVIDIA A100-SXM4-40GB MIG 4g.20gb (0),1,,13,"void ch_est::chEstFilterNoDftSOfdmDispatchKernel<float, __half, float, (unsigned int)2>(ch_est::puschRxChEstStatDescr_t *, ch_est::puschRxChEstDynDescr_t *)"
4367758387,2656,275563,103,1,1,128,1,1,16,0.000,0.000,,,,,NVIDIA A100-SXM4-40GB MIG 4g.20gb (0),1,,13,cupy_copy__complex64_complex64
4367766995,12608,275573,1434,1,1,128,1,1,16,0.000,0.000,,,,,NVIDIA A100-SXM4-40GB MIG 4g.20gb (0),1,,13,cupy_copy__complex64_complex64
4367799218,2528,275580,103,1,1,128,1,1,16,0.000,0.000,,,,,NVIDIA A100-SXM4-40GB MIG 4g.20gb (0),1,,13,cupy_copy__complex64_complex64
4367814258,84287,275587,1,1,1,32,32,1,30,0.000,0.000,,,,,NVIDIA A100-SXM4-40GB MIG 4g.20gb (0),1,,13,"void convert_kernel<__half2, float2>(tensor_layout_any, T1 *, tensor_layout_any, const T2 *)"
4367930769,15551,275590,,,,,,,,,,0.094,6025.028,Pinned,Device,NVIDIA A100-SXM4-40GB MIG 4g.20gb (0),1,,13,[CUDA memcpy Host-to-Device]
4367957936,48096,275591,,,,,,,,,,35.810,744524.047,Device,,NVIDIA A100-SXM4-40GB MIG 4g.20gb (0),1,,13,[CUDA memset]
4368010960,5920,275593,,,,,,,,,,0.000,13.513,Pinned,Device,NVIDIA A100-SXM4-40GB MIG 4g.20gb (0),1,,13,[CUDA memcpy Host-to-Device]
4368023792,16671,275594,,,,,,,,,,0.197,11793.334,Pinned,Device,NVIDIA A100-SXM4-40GB MIG 4g.20gb (0),1,,13,[CUDA memcpy Host-to-Device]
4368048111,10496,275595,273,1,1,48,1,1,40,0.000,0.001,,,,,NVIDIA A100-SXM4-40GB MIG 4g.20gb (0),1,,13,"void pusch_noise_intf_est::noiseIntfEstNoDftSOfdmKernel<float, __half, float, float, (unsigned int)2, (unsigned int)1, (unsigned char)4, (unsigned char)4>(pusch_noise_intf_est::puschRxNoiseIntfEstDynDescr)"
4368063887,3200,275606,35,1,1,128,1,1,16,0.000,0.000,,,,,NVIDIA A100-SXM4-40GB MIG 4g.20gb (0),1,,13,cupy_copy__complex64_complex64
4368071823,2080,275615,1,1,1,1,1,1,18,0.000,0.000,,,,,NVIDIA A100-SXM4-40GB MIG 4g.20gb (0),1,,13,cupy_copy__float32_float32
4368078383,5312,275621,,,,,,,,,,0.000,0.753,Device,Pageable,NVIDIA A100-SXM4-40GB MIG 4g.20gb (0),1,,7,[CUDA memcpy Device-to-Host]
4368148334,12960,275632,1434,1,1,128,1,1,16,0.000,0.000,,,,,NVIDIA A100-SXM4-40GB MIG 4g.20gb (0),1,,13,cupy_copy__complex64_complex64
4368179342,3040,275639,103,1,1,128,1,1,16,0.000,0.000,,,,,NVIDIA A100-SXM4-40GB MIG 4g.20gb (0),1,,13,cupy_copy__complex64_complex64
4368199117,2592,275646,35,1,1,128,1,1,16,0.000,0.000,,,,,NVIDIA A100-SXM4-40GB MIG 4g.20gb (0),1,,13,cupy_copy__complex64_complex64
4368217389,2048,275653,1,1,1,1,1,1,18,0.000,0.000,,,,,NVIDIA A100-SXM4-40GB MIG 4g.20gb (0),1,,13,cupy_copy__float32_float32
4368344300,82751,275664,1,1,1,32,32,1,30,0.000,0.000,,,,,NVIDIA A100-SXM4-40GB MIG 4g.20gb (0),1,,13,"void convert_kernel<__half2, float2>(tensor_layout_any, T1 *, tensor_layout_any, const T2 *)"
4368455114,5600,275667,,,,,,,,,,0.094,16731.388,Pinned,Device,NVIDIA A100-SXM4-40GB MIG 4g.20gb (0),1,,13,[CUDA memcpy Host-to-Device]
4368469130,3360,275668,,,,,,,,,,1.547,460304.688,Device,,NVIDIA A100-SXM4-40GB MIG 4g.20gb (0),1,,13,[CUDA memset]
4368476298,3360,275673,,,,,,,,,,0.031,9314.284,Pinned,Device,NVIDIA A100-SXM4-40GB MIG 4g.20gb (0),1,,13,[CUDA memcpy Host-to-Device]
4368482218,9440,275674,,,,,,,,,,0.197,20827.079,Pinned,Device,NVIDIA A100-SXM4-40GB MIG 4g.20gb (0),1,,13,[CUDA memcpy Host-to-Device]
4368498282,6336,275675,273,1,1,8,4,1,39,0.002,0.000,,,,,NVIDIA A100-SXM4-40GB MIG 4g.20gb (0),1,,13,"void channel_eq::eqMmseCoefCompLowMimoKernel<float, float, float, (unsigned int)4, (unsigned int)1, (unsigned int)4>(const channel_eq::_puschRxChEqStatDescr *, channel_eq::_puschRxChEqCoefCompDynDescr)"
4368505706,6591,275676,273,1,1,12,11,1,51,0.002,0.000,,,,,NVIDIA A100-SXM4-40GB MIG 4g.20gb (0),1,,13,"void channel_eq::eqMmseSoftDemapKernel<float, __half, __half, float, (unsigned int)4, (unsigned short)16383>(channel_eq::_puschRxChEqStatDescr *, channel_eq::_puschRxChEqSoftDemapDynDescr)"
4368513257,282717,275677,1,1,1,32,32,1,30,0.000,0.000,,,,,NVIDIA A100-SXM4-40GB MIG 4g.20gb (0),1,,13,"void convert_kernel<float2, __half2>(tensor_layout_any, T1 *, tensor_layout_any, const T2 *)"
4368797094,11200,275689,2253,1,1,128,1,1,16,0.000,0.000,,,,,NVIDIA A100-SXM4-40GB MIG 4g.20gb (0),1,,13,cupy_copy__float16_float16
4368812006,3072,275698,282,1,1,128,1,1,16,0.000,0.000,,,,,NVIDIA A100-SXM4-40GB MIG 4g.20gb (0),1,,13,cupy_copy__complex64_complex64
4368817286,2048,275707,26,1,1,128,1,1,16,0.000,0.000,,,,,NVIDIA A100-SXM4-40GB MIG 4g.20gb (0),1,,13,cupy_copy__float32_float32
4368821158,4384,275716,103,1,1,128,1,1,16,0.000,0.000,,,,,NVIDIA A100-SXM4-40GB MIG 4g.20gb (0),1,,13,cupy_copy__complex64_complex64
4368826534,11999,275726,1434,1,1,128,1,1,16,0.000,0.000,,,,,NVIDIA A100-SXM4-40GB MIG 4g.20gb (0),1,,13,cupy_copy__complex64_complex64
4368844613,85503,275731,1,1,1,32,32,1,30,0.000,0.000,,,,,NVIDIA A100-SXM4-40GB MIG 4g.20gb (0),1,,13,"void convert_kernel<__half2, float2>(tensor_layout_any, T1 *, tensor_layout_any, const T2 *)"
4368957028,5440,275734,,,,,,,,,,0.094,17223.480,Pinned,Device,NVIDIA A100-SXM4-40GB MIG 4g.20gb (0),1,,13,[CUDA memcpy Host-to-Device]
4368967076,598393,275735,,,,,,,,,,456.561,762914.166,Device,,NVIDIA A100-SXM4-40GB MIG 4g.20gb (0),1,,13,[CUDA memset]
4369572764,147839,275740,,,,,,,,,,1.235,8353.161,Pinned,Device,NVIDIA A100-SXM4-40GB MIG 4g.20gb (0),1,,13,[CUDA memcpy Host-to-Device]
4369733114,44992,275741,,,,,,,,,,0.197,4369.809,Pinned,Device,NVIDIA A100-SXM4-40GB MIG 4g.20gb (0),1,,13,[CUDA memcpy Host-to-Device]
4369805946,8031,275742,69,4,1,48,1,1,76,0.002,0.000,,,,,NVIDIA A100-SXM4-40GB MIG 4g.20gb (0),1,,13,"void ch_est::windowedChEstPreNoDftSOfdmKernel<float, __half, float, (unsigned int)2, (unsigned int)1, (unsigned short)4>(ch_est::puschRxChEstStatDescr_t *, ch_est::puschRxChEstDynDescr_t *)"
4369823417,6656,275743,137,2,1,24,2,1,44,0.001,0.001,,,,,NVIDIA A100-SXM4-40GB MIG 4g.20gb (0),1,,13,"void ch_est::chEstFilterNoDftSOfdmDispatchKernel<float, __half, float, (unsigned int)2>(ch_est::puschRxChEstStatDescr_t *, ch_est::puschRxChEstDynDescr_t *)"
4369842169,4704,275744,137,2,1,24,2,1,44,0.001,0.001,,,,,NVIDIA A100-SXM4-40GB MIG 4g.20gb (0),1,,13,"void ch_est::chEstFilterNoDftSOfdmDispatchKernel<float, __half, float, (unsigned int)2>(ch_est::puschRxChEstStatDescr_t *, ch_est::puschRxChEstDynDescr_t *)"
4369858073,2752,275755,103,1,1,128,1,1,16,0.000,0.000,,,,,NVIDIA A100-SXM4-40GB MIG 4g.20gb (0),1,,13,cupy_copy__complex64_complex64
4369874681,12320,275765,1434,1,1,128,1,1,16,0.000,0.000,,,,,NVIDIA A100-SXM4-40GB MIG 4g.20gb (0),1,,13,cupy_copy__complex64_complex64
4369900632,2464,275772,103,1,1,128,1,1,16,0.000,0.000,,,,,NVIDIA A100-SXM4-40GB MIG 4g.20gb (0),1,,13,cupy_copy__complex64_complex64
4369919960,95679,275779,1,1,1,32,32,1,30,0.000,0.000,,,,,NVIDIA A100-SXM4-40GB MIG 4g.20gb (0),1,,13,"void convert_kernel<__half2, float2>(tensor_layout_any, T1 *, tensor_layout_any, const T2 *)"
4370050583,18047,275782,,,,,,,,,,0.094,5191.695,Pinned,Device,NVIDIA A100-SXM4-40GB MIG 4g.20gb (0),1,,13,[CUDA memcpy Host-to-Device]
4370090038,47583,275783,,,,,,,,,,35.810,752545.469,Device,,NVIDIA A100-SXM4-40GB MIG 4g.20gb (0),1,,13,[CUDA memset]
4370143349,11040,275785,,,,,,,,,,0.000,7.246,Pinned,Device,NVIDIA A100-SXM4-40GB MIG 4g.20gb (0),1,,13,[CUDA memcpy Host-to-Device]
4370163125,18432,275786,,,,,,,,,,0.197,10666.574,Pinned,Device,NVIDIA A100-SXM4-40GB MIG 4g.20gb (0),1,,13,[CUDA memcpy Host-to-Device]
4370196405,9824,275787,273,1,1,48,1,1,40,0.000,0.001,,,,,NVIDIA A100-SXM4-40GB MIG 4g.20gb (0),1,,13,"void pusch_noise_intf_est::noiseIntfEstNoDftSOfdmKernel<float, __half, float, float, (unsigned int)2, (unsigned int)1, (unsigned char)4, (unsigned char)4>(pusch_noise_intf_est::puschRxNoiseIntfEstDynDescr)"
4370212725,2816,275798,35,1,1,128,1,1,16,0.000,0.000,,,,,NVIDIA A100-SXM4-40GB MIG 4g.20gb (0),1,,13,cupy_copy__complex64_complex64
4370228852,1728,275807,1,1,1,1,1,1,18,0.000,0.000,,,,,NVIDIA A100-SXM4-40GB MIG 4g.20gb (0),1,,13,cupy_copy__float32_float32
4370237332,7872,275813,,,,,,,,,,0.000,0.508,Device,Pageable,NVIDIA A100-SXM4-40GB MIG 4g.20gb (0),1,,7,[CUDA memcpy Device-to-Host]
4370322387,12896,275824,1434,1,1,128,1,1,16,0.000,0.000,,,,,NVIDIA A100-SXM4-40GB MIG 4g.20gb (0),1,,13,cupy_copy__complex64_complex64
4370343891,2624,275831,103,1,1,128,1,1,16,0.000,0.000,,,,,NVIDIA A100-SXM4-40GB MIG 4g.20gb (0),1,,13,cupy_copy__complex64_complex64
4370365715,2592,275838,35,1,1,128,1,1,16,0.000,0.000,,,,,NVIDIA A100-SXM4-40GB MIG 4g.20gb (0),1,,13,cupy_copy__complex64_complex64
4370383826,2016,275845,1,1,1,1,1,1,18,0.000,0.000,,,,,NVIDIA A100-SXM4-40GB MIG 4g.20gb (0),1,,13,cupy_copy__float32_float32
4370507729,81695,275856,1,1,1,32,32,1,30,0.000,0.000,,,,,NVIDIA A100-SXM4-40GB MIG 4g.20gb (0),1,,13,"void convert_kernel<__half2, float2>(tensor_layout_any, T1 *, tensor_layout_any, const T2 *)"
4370617360,5439,275859,,,,,,,,,,0.094,17226.665,Pinned,Device,NVIDIA A100-SXM4-40GB MIG 4g.20gb (0),1,,13,[CUDA memcpy Host-to-Device]
4370631791,3200,275860,,,,,,,,,,1.547,483320.000,Device,,NVIDIA A100-SXM4-40GB MIG 4g.20gb (0),1,,13,[CUDA memset]
4370640271,3072,275865,,,,,,,,,,0.031,10187.474,Pinned,Device,NVIDIA A100-SXM4-40GB MIG 4g.20gb (0),1,,13,[CUDA memcpy Host-to-Device]
4370646159,9888,275866,,,,,,,,,,0.197,19883.360,Pinned,Device,NVIDIA A100-SXM4-40GB MIG 4g.20gb (0),1,,13,[CUDA memcpy Host-to-Device]
4370660239,6560,275867,273,1,1,8,4,1,39,0.002,0.000,,,,,NVIDIA A100-SXM4-40GB MIG 4g.20gb (0),1,,13,"void channel_eq::eqMmseCoefCompLowMimoKernel<float, float, float, (unsigned int)4, (unsigned int)1, (unsigned int)4>(const channel_eq::_puschRxChEqStatDescr *, channel_eq::_puschRxChEqCoefCompDynDescr)"
4370669519,5824,275868,273,1,1,12,11,1,51,0.002,0.000,,,,,NVIDIA A100-SXM4-40GB MIG 4g.20gb (0),1,,13,"void channel_eq::eqMmseSoftDemapKernel<float, __half, __half, float, (unsigned int)4, (unsigned short)16383>(channel_eq::_puschRxChEqStatDescr *, channel_eq::_puschRxChEqSoftDemapDynDescr)"
4370678895,294428,275869,1,1,1,32,32,1,30,0.000,0.000,,,,,NVIDIA A100-SXM4-40GB MIG 4g.20gb (0),1,,13,"void convert_kernel<float2, __half2>(tensor_layout_any, T1 *, tensor_layout_any, const T2 *)"
4370974571,11072,275881,2253,1,1,128,1,1,16,0.000,0.000,,,,,NVIDIA A100-SXM4-40GB MIG 4g.20gb (0),1,,13,cupy_copy__float16_float16
4370987243,3584,275890,282,1,1,128,1,1,16,0.000,0.000,,,,,NVIDIA A100-SXM4-40GB MIG 4g.20gb (0),1,,13,cupy_copy__complex64_complex64
4370994987,2368,275899,26,1,1,128,1,1,16,0.000,0.000,,,,,NVIDIA A100-SXM4-40GB MIG 4g.20gb (0),1,,13,cupy_copy__float32_float32
4371000075,2944,275908,103,1,1,128,1,1,16,0.000,0.000,,,,,NVIDIA A100-SXM4-40GB MIG 4g.20gb (0),1,,13,cupy_copy__complex64_complex64
4371007019,12128,275918,1434,1,1,128,1,1,16,0.000,0.000,,,,,NVIDIA A100-SXM4-40GB MIG 4g.20gb (0),1,,13,cupy_copy__complex64_complex64
4371022955,82431,275923,1,1,1,32,32,1,30,0.000,0.000,,,,,NVIDIA A100-SXM4-40GB MIG 4g.20gb (0),1,,13,"void convert_kernel<__half2, float2>(tensor_layout_any, T1 *, tensor_layout_any, const T2 *)"
4371132297,5952,275926,,,,,,,,,,0.094,15741.865,Pinned,Device,NVIDIA A100-SXM4-40GB MIG 4g.20gb (0),1,,13,[CUDA memcpy Host-to-Device]
4371145321,597689,275927,,,,,,,,,,456.561,763827.289,Device,,NVIDIA A100-SXM4-40GB MIG 4g.20gb (0),1,,13,[CUDA memset]
4371746018,75615,275932,,,,,,,,,,1.235,16330.899,Pinned,Device,NVIDIA A100-SXM4-40GB MIG 4g.20gb (0),1,,13,[CUDA memcpy Host-to-Device]
4371828161,18399,275933,,,,,,,,,,0.197,10685.645,Pinned,Device,NVIDIA A100-SXM4-40GB MIG 4g.20gb (0),1,,13,[CUDA memcpy Host-to-Device]
4371858880,8704,275934,69,4,1,48,1,1,76,0.002,0.000,,,,,NVIDIA A100-SXM4-40GB MIG 4g.20gb (0),1,,13,"void ch_est::windowedChEstPreNoDftSOfdmKernel<float, __half, float, (unsigned int)2, (unsigned int)1, (unsigned short)4>(ch_est::puschRxChEstStatDescr_t *, ch_est::puschRxChEstDynDescr_t *)"
4371876320,6368,275935,137,2,1,24,2,1,44,0.001,0.001,,,,,NVIDIA A100-SXM4-40GB MIG 4g.20gb (0),1,,13,"void ch_est::chEstFilterNoDftSOfdmDispatchKernel<float, __half, float, (unsigned int)2>(ch_est::puschRxChEstStatDescr_t *, ch_est::puschRxChEstDynDescr_t *)"
4371885792,5120,275936,137,2,1,24,2,1,44,0.001,0.001,,,,,NVIDIA A100-SXM4-40GB MIG 4g.20gb (0),1,,13,"void ch_est::chEstFilterNoDftSOfdmDispatchKernel<float, __half, float, (unsigned int)2>(ch_est::puschRxChEstStatDescr_t *, ch_est::puschRxChEstDynDescr_t *)"
4371894912,2912,275947,103,1,1,128,1,1,16,0.000,0.000,,,,,NVIDIA A100-SXM4-40GB MIG 4g.20gb (0),1,,13,cupy_copy__complex64_complex64
4371902752,12736,275957,1434,1,1,128,1,1,16,0.000,0.000,,,,,NVIDIA A100-SXM4-40GB MIG 4g.20gb (0),1,,13,cupy_copy__complex64_complex64
4371918336,3231,275964,103,1,1,128,1,1,16,0.000,0.000,,,,,NVIDIA A100-SXM4-40GB MIG 4g.20gb (0),1,,13,cupy_copy__complex64_complex64
4371928607,87967,275971,1,1,1,32,32,1,30,0.000,0.000,,,,,NVIDIA A100-SXM4-40GB MIG 4g.20gb (0),1,,13,"void convert_kernel<__half2, float2>(tensor_layout_any, T1 *, tensor_layout_any, const T2 *)"
4372044926,9696,275974,,,,,,,,,,0.094,9663.337,Pinned,Device,NVIDIA A100-SXM4-40GB MIG 4g.20gb (0),1,,13,[CUDA memcpy Host-to-Device]
4372068030,46271,275975,,,,,,,,,,35.810,773888.181,Device,,NVIDIA A100-SXM4-40GB MIG 4g.20gb (0),1,,13,[CUDA memset]
4372123613,8128,275977,,,,,,,,,,0.000,9.842,Pinned,Device,NVIDIA A100-SXM4-40GB MIG 4g.20gb (0),1,,13,[CUDA memcpy Host-to-Device]
4372135613,15840,275978,,,,,,,,,,0.197,12412.060,Pinned,Device,NVIDIA A100-SXM4-40GB MIG 4g.20gb (0),1,,13,[CUDA memcpy Host-to-Device]
4372171324,9440,275979,273,1,1,48,1,1,40,0.000,0.001,,,,,NVIDIA A100-SXM4-40GB MIG 4g.20gb (0),1,,13,"void pusch_noise_intf_est::noiseIntfEstNoDftSOfdmKernel<float, __half, float, float, (unsigned int)2, (unsigned int)1, (unsigned char)4, (unsigned char)4>(pusch_noise_intf_est::puschRxNoiseIntfEstDynDescr)"
4372191036,2816,275990,35,1,1,128,1,1,16,0.000,0.000,,,,,NVIDIA A100-SXM4-40GB MIG 4g.20gb (0),1,,13,cupy_copy__complex64_complex64
4372200892,1696,275999,1,1,1,1,1,1,18,0.000,0.000,,,,,NVIDIA A100-SXM4-40GB MIG 4g.20gb (0),1,,13,cupy_copy__float32_float32
4372208508,4992,276005,,,,,,,,,,0.000,0.801,Device,Pageable,NVIDIA A100-SXM4-40GB MIG 4g.20gb (0),1,,7,[CUDA memcpy Device-to-Host]
4372277339,12576,276016,1434,1,1,128,1,1,16,0.000,0.000,,,,,NVIDIA A100-SXM4-40GB MIG 4g.20gb (0),1,,13,cupy_copy__complex64_complex64
4372304347,3424,276023,103,1,1,128,1,1,16,0.000,0.000,,,,,NVIDIA A100-SXM4-40GB MIG 4g.20gb (0),1,,13,cupy_copy__complex64_complex64
4372324699,2495,276030,35,1,1,128,1,1,16,0.000,0.000,,,,,NVIDIA A100-SXM4-40GB MIG 4g.20gb (0),1,,13,cupy_copy__complex64_complex64
4372342362,2016,276037,1,1,1,1,1,1,18,0.000,0.000,,,,,NVIDIA A100-SXM4-40GB MIG 4g.20gb (0),1,,13,cupy_copy__float32_float32
4372473881,82719,276048,1,1,1,32,32,1,30,0.000,0.000,,,,,NVIDIA A100-SXM4-40GB MIG 4g.20gb (0),1,,13,"void convert_kernel<__half2, float2>(tensor_layout_any, T1 *, tensor_layout_any, const T2 *)"
4372584887,5728,276051,,,,,,,,,,0.094,16357.541,Pinned,Device,NVIDIA A100-SXM4-40GB MIG 4g.20gb (0),1,,13,[CUDA memcpy Host-to-Device]
4372599127,3328,276052,,,,,,,,,,1.547,464729.580,Device,,NVIDIA A100-SXM4-40GB MIG 4g.20gb (0),1,,13,[CUDA memset]
4372607767,3296,276057,,,,,,,,,,0.031,9495.144,Pinned,Device,NVIDIA A100-SXM4-40GB MIG 4g.20gb (0),1,,13,[CUDA memcpy Host-to-Device]
4372613687,9600,276058,,,,,,,,,,0.197,20479.869,Pinned,Device,NVIDIA A100-SXM4-40GB MIG 4g.20gb (0),1,,13,[CUDA memcpy Host-to-Device]
4372628887,6304,276059,273,1,1,8,4,1,39,0.002,0.000,,,,,NVIDIA A100-SXM4-40GB MIG 4g.20gb (0),1,,13,"void channel_eq::eqMmseCoefCompLowMimoKernel<float, float, float, (unsigned int)4, (unsigned int)1, (unsigned int)4>(const channel_eq::_puschRxChEqStatDescr *, channel_eq::_puschRxChEqCoefCompDynDescr)"
4372636215,5504,276060,273,1,1,12,11,1,51,0.002,0.000,,,,,NVIDIA A100-SXM4-40GB MIG 4g.20gb (0),1,,13,"void channel_eq::eqMmseSoftDemapKernel<float, __half, __half, float, (unsigned int)4, (unsigned short)16383>(channel_eq::_puschRxChEqStatDescr *, channel_eq::_puschRxChEqSoftDemapDynDescr)"
4372643191,294812,276061,1,1,1,32,32,1,30,0.000,0.000,,,,,NVIDIA A100-SXM4-40GB MIG 4g.20gb (0),1,,13,"void convert_kernel<float2, __half2>(tensor_layout_any, T1 *, tensor_layout_any, const T2 *)"
4372938931,10912,276073,2253,1,1,128,1,1,16,0.000,0.000,,,,,NVIDIA A100-SXM4-40GB MIG 4g.20gb (0),1,,13,cupy_copy__float16_float16
4372953043,3424,276082,282,1,1,128,1,1,16,0.000,0.000,,,,,NVIDIA A100-SXM4-40GB MIG 4g.20gb (0),1,,13,cupy_copy__complex64_complex64
4372959507,2048,276091,26,1,1,128,1,1,16,0.000,0.000,,,,,NVIDIA A100-SXM4-40GB MIG 4g.20gb (0),1,,13,cupy_copy__float32_float32
4372962675,3136,276100,103,1,1,128,1,1,16,0.000,0.000,,,,,NVIDIA A100-SXM4-40GB MIG 4g.20gb (0),1,,13,cupy_copy__complex64_complex64
4372968019,11903,276110,1434,1,1,128,1,1,16,0.000,0.000,,,,,NVIDIA A100-SXM4-40GB MIG 4g.20gb (0),1,,13,cupy_copy__complex64_complex64
4372982898,84863,276115,1,1,1,32,32,1,30,0.000,0.000,,,,,NVIDIA A100-SXM4-40GB MIG 4g.20gb (0),1,,13,"void convert_kernel<__half2, float2>(tensor_layout_any, T1 *, tensor_layout_any, const T2 *)"
4373094449,5472,276118,,,,,,,,,,0.094,17122.757,Pinned,Device,NVIDIA A100-SXM4-40GB MIG 4g.20gb (0),1,,13,[CUDA memcpy Host-to-Device]
4373104913,597273,276119,,,,,,,,,,456.561,764283.851,Device,,NVIDIA A100-SXM4-40GB MIG 4g.20gb (0),1,,13,[CUDA memset]
4373711401,154463,276124,,,,,,,,,,1.235,7995.027,Pinned,Device,NVIDIA A100-SXM4-40GB MIG 4g.20gb (0),1,,13,[CUDA memcpy Host-to-Device]
4373878983,30080,276125,,,,,,,,,,0.197,6536.036,Pinned,Device,NVIDIA A100-SXM4-40GB MIG 4g.20gb (0),1,,13,[CUDA memcpy Host-to-Device]
4373924391,8384,276126,69,4,1,48,1,1,76,0.002,0.000,,,,,NVIDIA A100-SXM4-40GB MIG 4g.20gb (0),1,,13,"void ch_est::windowedChEstPreNoDftSOfdmKernel<float, __half, float, (unsigned int)2, (unsigned int)1, (unsigned short)4>(ch_est::puschRxChEstStatDescr_t *, ch_est::puschRxChEstDynDescr_t *)"
4373937127,6688,276127,137,2,1,24,2,1,44,0.001,0.001,,,,,NVIDIA A100-SXM4-40GB MIG 4g.20gb (0),1,,13,"void ch_est::chEstFilterNoDftSOfdmDispatchKernel<float, __half, float, (unsigned int)2>(ch_est::puschRxChEstStatDescr_t *, ch_est::puschRxChEstDynDescr_t *)"
4373952646,5280,276128,137,2,1,24,2,1,44,0.001,0.001,,,,,NVIDIA A100-SXM4-40GB MIG 4g.20gb (0),1,,13,"void ch_est::chEstFilterNoDftSOfdmDispatchKernel<float, __half, float, (unsigned int)2>(ch_est::puschRxChEstStatDescr_t *, ch_est::puschRxChEstDynDescr_t *)"
4373961414,2912,276139,103,1,1,128,1,1,16,0.000,0.000,,,,,NVIDIA A100-SXM4-40GB MIG 4g.20gb (0),1,,13,cupy_copy__complex64_complex64
4373970374,12576,276149,1434,1,1,128,1,1,16,0.000,0.000,,,,,NVIDIA A100-SXM4-40GB MIG 4g.20gb (0),1,,13,cupy_copy__complex64_complex64
4373985638,2752,276156,103,1,1,128,1,1,16,0.000,0.000,,,,,NVIDIA A100-SXM4-40GB MIG 4g.20gb (0),1,,13,cupy_copy__complex64_complex64
4373995462,85407,276163,1,1,1,32,32,1,30,0.000,0.000,,,,,NVIDIA A100-SXM4-40GB MIG 4g.20gb (0),1,,13,"void convert_kernel<__half2, float2>(tensor_layout_any, T1 *, tensor_layout_any, const T2 *)"
4374108389,10015,276166,,,,,,,,,,0.094,9355.546,Pinned,Device,NVIDIA A100-SXM4-40GB MIG 4g.20gb (0),1,,13,[CUDA memcpy Host-to-Device]
4374131140,47360,276167,,,,,,,,,,35.810,756090.651,Device,,NVIDIA A100-SXM4-40GB MIG 4g.20gb (0),1,,13,[CUDA memset]
4374183076,7968,276169,,,,,,,,,,0.000,10.040,Pinned,Device,NVIDIA A100-SXM4-40GB MIG 4g.20gb (0),1,,13,[CUDA memcpy Host-to-Device]
4374196035,22048,276170,,,,,,,,,,0.197,8917.156,Pinned,Device,NVIDIA A100-SXM4-40GB MIG 4g.20gb (0),1,,13,[CUDA memcpy Host-to-Device]
4374230307,9888,276171,273,1,1,48,1,1,40,0.000,0.001,,,,,NVIDIA A100-SXM4-40GB MIG 4g.20gb (0),1,,13,"void pusch_noise_intf_est::noiseIntfEstNoDftSOfdmKernel<float, __half, float, float, (unsigned int)2, (unsigned int)1, (unsigned char)4, (unsigned char)4>(pusch_noise_intf_est::puschRxNoiseIntfEstDynDescr)"
4374251683,2624,276182,35,1,1,128,1,1,16,0.000,0.000,,,,,NVIDIA A100-SXM4-40GB MIG 4g.20gb (0),1,,13,cupy_copy__complex64_complex64
4374262147,1856,276191,1,1,1,1,1,1,18,0.000,0.000,,,,,NVIDIA A100-SXM4-40GB MIG 4g.20gb (0),1,,13,cupy_copy__float32_float32
4374270819,5727,276197,,,,,,,,,,0.000,0.698,Device,Pageable,NVIDIA A100-SXM4-40GB MIG 4g.20gb (0),1,,7,[CUDA memcpy Device-to-Host]
4374349794,12863,276208,1434,1,1,128,1,1,16,0.000,0.000,,,,,NVIDIA A100-SXM4-40GB MIG 4g.20gb (0),1,,13,cupy_copy__complex64_complex64
4374379233,2816,276215,103,1,1,128,1,1,16,0.000,0.000,,,,,NVIDIA A100-SXM4-40GB MIG 4g.20gb (0),1,,13,cupy_copy__complex64_complex64
4374399553,2752,276222,35,1,1,128,1,1,16,0.000,0.000,,,,,NVIDIA A100-SXM4-40GB MIG 4g.20gb (0),1,,13,cupy_copy__complex64_complex64
4374414049,1984,276229,1,1,1,1,1,1,18,0.000,0.000,,,,,NVIDIA A100-SXM4-40GB MIG 4g.20gb (0),1,,13,cupy_copy__float32_float32
4374542463,87967,276240,1,1,1,32,32,1,30,0.000,0.000,,,,,NVIDIA A100-SXM4-40GB MIG 4g.20gb (0),1,,13,"void convert_kernel<__half2, float2>(tensor_layout_any, T1 *, tensor_layout_any, const T2 *)"
4374658430,5600,276243,,,,,,,,,,0.094,16731.388,Pinned,Device,NVIDIA A100-SXM4-40GB MIG 4g.20gb (0),1,,13,[CUDA memcpy Host-to-Device]
4374674238,3232,276244,,,,,,,,,,1.547,478533.199,Device,,NVIDIA A100-SXM4-40GB MIG 4g.20gb (0),1,,13,[CUDA memset]
4374679614,3615,276249,,,,,,,,,,0.031,8657.256,Pinned,Device,NVIDIA A100-SXM4-40GB MIG 4g.20gb (0),1,,13,[CUDA memcpy Host-to-Device]
4374686077,9792,276250,,,,,,,,,,0.197,20078.395,Pinned,Device,NVIDIA A100-SXM4-40GB MIG 4g.20gb (0),1,,13,[CUDA memcpy Host-to-Device]
4374701885,8320,276251,273,1,1,8,4,1,39,0.002,0.000,,,,,NVIDIA A100-SXM4-40GB MIG 4g.20gb (0),1,,13,"void channel_eq::eqMmseCoefCompLowMimoKernel<float, float, float, (unsigned int)4, (unsigned int)1, (unsigned int)4>(const channel_eq::_puschRxChEqStatDescr *, channel_eq::_puschRxChEqCoefCompDynDescr)"
4374712349,7264,276252,273,1,1,12,11,1,51,0.002,0.000,,,,,NVIDIA A100-SXM4-40GB MIG 4g.20gb (0),1,,13,"void channel_eq::eqMmseSoftDemapKernel<float, __half, __half, float, (unsigned int)4, (unsigned short)16383>(channel_eq::_puschRxChEqStatDescr *, channel_eq::_puschRxChEqSoftDemapDynDescr)"
4374721725,281725,276253,1,1,1,32,32,1,30,0.000,0.000,,,,,NVIDIA A100-SXM4-40GB MIG 4g.20gb (0),1,,13,"void convert_kernel<float2, __half2>(tensor_layout_any, T1 *, tensor_layout_any, const T2 *)"
4375006425,10912,276265,2253,1,1,128,1,1,16,0.000,0.000,,,,,NVIDIA A100-SXM4-40GB MIG 4g.20gb (0),1,,13,cupy_copy__float16_float16
4375019929,3552,276274,282,1,1,128,1,1,16,0.000,0.000,,,,,NVIDIA A100-SXM4-40GB MIG 4g.20gb (0),1,,13,cupy_copy__complex64_complex64
4375027449,2016,276283,26,1,1,128,1,1,16,0.000,0.000,,,,,NVIDIA A100-SXM4-40GB MIG 4g.20gb (0),1,,13,cupy_copy__float32_float32
4375030905,4768,276292,103,1,1,128,1,1,16,0.000,0.000,,,,,NVIDIA A100-SXM4-40GB MIG 4g.20gb (0),1,,13,cupy_copy__complex64_complex64
4375038233,11904,276302,1434,1,1,128,1,1,16,0.000,0.000,,,,,NVIDIA A100-SXM4-40GB MIG 4g.20gb (0),1,,13,cupy_copy__complex64_complex64
4375057721,86719,276307,1,1,1,32,32,1,30,0.000,0.000,,,,,NVIDIA A100-SXM4-40GB MIG 4g.20gb (0),1,,13,"void convert_kernel<__half2, float2>(tensor_layout_any, T1 *, tensor_layout_any, const T2 *)"
4375171575,5856,276310,,,,,,,,,,0.094,15999.997,Pinned,Device,NVIDIA A100-SXM4-40GB MIG 4g.20gb (0),1,,13,[CUDA memcpy Host-to-Device]
4375182487,597593,276311,,,,,,,,,,456.561,763827.289,Device,,NVIDIA A100-SXM4-40GB MIG 4g.20gb (0),1,,13,[CUDA memset]
4375782032,142686,276316,,,,,,,,,,1.235,8654.488,Pinned,Device,NVIDIA A100-SXM4-40GB MIG 4g.20gb (0),1,,13,[CUDA memcpy Host-to-Device]
4375934478,39168,276317,,,,,,,,,,0.197,5019.599,Pinned,Device,NVIDIA A100-SXM4-40GB MIG 4g.20gb (0),1,,13,[CUDA memcpy Host-to-Device]
4375996685,8000,276318,69,4,1,48,1,1,76,0.002,0.000,,,,,NVIDIA A100-SXM4-40GB MIG 4g.20gb (0),1,,13,"void ch_est::windowedChEstPreNoDftSOfdmKernel<float, __half, float, (unsigned int)2, (unsigned int)1, (unsigned short)4>(ch_est::puschRxChEstStatDescr_t *, ch_est::puschRxChEstDynDescr_t *)"
4376013261,6688,276319,137,2,1,24,2,1,44,0.001,0.001,,,,,NVIDIA A100-SXM4-40GB MIG 4g.20gb (0),1,,13,"void ch_est::chEstFilterNoDftSOfdmDispatchKernel<float, __half, float, (unsigned int)2>(ch_est::puschRxChEstStatDescr_t *, ch_est::puschRxChEstDynDescr_t *)"
4376027181,4704,276320,137,2,1,24,2,1,44,0.001,0.001,,,,,NVIDIA A100-SXM4-40GB MIG 4g.20gb (0),1,,13,"void ch_est::chEstFilterNoDftSOfdmDispatchKernel<float, __half, float, (unsigned int)2>(ch_est::puschRxChEstStatDescr_t *, ch_est::puschRxChEstDynDescr_t *)"
4376040973,2656,276331,103,1,1,128,1,1,16,0.000,0.000,,,,,NVIDIA A100-SXM4-40GB MIG 4g.20gb (0),1,,13,cupy_copy__complex64_complex64
4376054253,12351,276341,1434,1,1,128,1,1,16,0.000,0.000,,,,,NVIDIA A100-SXM4-40GB MIG 4g.20gb (0),1,,13,cupy_copy__complex64_complex64
4376085580,2560,276348,103,1,1,128,1,1,16,0.000,0.000,,,,,NVIDIA A100-SXM4-40GB MIG 4g.20gb (0),1,,13,cupy_copy__complex64_complex64
4376100844,81567,276355,1,1,1,32,32,1,30,0.000,0.000,,,,,NVIDIA A100-SXM4-40GB MIG 4g.20gb (0),1,,13,"void convert_kernel<__half2, float2>(tensor_layout_any, T1 *, tensor_layout_any, const T2 *)"
4376209259,5440,276358,,,,,,,,,,0.094,17223.480,Pinned,Device,NVIDIA A100-SXM4-40GB MIG 4g.20gb (0),1,,13,[CUDA memcpy Host-to-Device]
4376221451,47327,276359,,,,,,,,,,35.810,756627.800,Device,,NVIDIA A100-SXM4-40GB MIG 4g.20gb (0),1,,13,[CUDA memset]
4376274762,3456,276361,,,,,,,,,,0.000,23.148,Pinned,Device,NVIDIA A100-SXM4-40GB MIG 4g.20gb (0),1,,13,[CUDA memcpy Host-to-Device]
4376282890,12224,276362,,,,,,,,,,0.197,16083.714,Pinned,Device,NVIDIA A100-SXM4-40GB MIG 4g.20gb (0),1,,13,[CUDA memcpy Host-to-Device]
4376302730,11359,276363,273,1,1,48,1,1,40,0.000,0.001,,,,,NVIDIA A100-SXM4-40GB MIG 4g.20gb (0),1,,13,"void pusch_noise_intf_est::noiseIntfEstNoDftSOfdmKernel<float, __half, float, float, (unsigned int)2, (unsigned int)1, (unsigned char)4, (unsigned char)4>(pusch_noise_intf_est::puschRxNoiseIntfEstDynDescr)"
4376317193,3296,276374,35,1,1,128,1,1,16,0.000,0.000,,,,,NVIDIA A100-SXM4-40GB MIG 4g.20gb (0),1,,13,cupy_copy__complex64_complex64
4376329993,1952,276383,1,1,1,1,1,1,18,0.000,0.000,,,,,NVIDIA A100-SXM4-40GB MIG 4g.20gb (0),1,,13,cupy_copy__float32_float32
4376361065,1600,276389,,,,,,,,,,0.000,2.500,Device,Pageable,NVIDIA A100-SXM4-40GB MIG 4g.20gb (0),1,,7,[CUDA memcpy Device-to-Host]
4376421192,12960,276400,1434,1,1,128,1,1,16,0.000,0.000,,,,,NVIDIA A100-SXM4-40GB MIG 4g.20gb (0),1,,13,cupy_copy__complex64_complex64
4376447976,3360,276407,103,1,1,128,1,1,16,0.000,0.000,,,,,NVIDIA A100-SXM4-40GB MIG 4g.20gb (0),1,,13,cupy_copy__complex64_complex64
4376467239,2208,276414,35,1,1,128,1,1,16,0.000,0.000,,,,,NVIDIA A100-SXM4-40GB MIG 4g.20gb (0),1,,13,cupy_copy__complex64_complex64
4376485191,2016,276421,1,1,1,1,1,1,18,0.000,0.000,,,,,NVIDIA A100-SXM4-40GB MIG 4g.20gb (0),1,,13,cupy_copy__float32_float32
4376621638,81247,276432,1,1,1,32,32,1,30,0.000,0.000,,,,,NVIDIA A100-SXM4-40GB MIG 4g.20gb (0),1,,13,"void convert_kernel<__half2, float2>(tensor_layout_any, T1 *, tensor_layout_any, const T2 *)"
4376731460,5504,276435,,,,,,,,,,0.094,17023.251,Pinned,Device,NVIDIA A100-SXM4-40GB MIG 4g.20gb (0),1,,13,[CUDA memcpy Host-to-Device]
4376745796,3360,276436,,,,,,,,,,1.547,460304.688,Device,,NVIDIA A100-SXM4-40GB MIG 4g.20gb (0),1,,13,[CUDA memset]
4376752836,3040,276441,,,,,,,,,,0.031,10294.725,Pinned,Device,NVIDIA A100-SXM4-40GB MIG 4g.20gb (0),1,,13,[CUDA memcpy Host-to-Device]
4376758340,9632,276442,,,,,,,,,,0.197,20411.843,Pinned,Device,NVIDIA A100-SXM4-40GB MIG 4g.20gb (0),1,,13,[CUDA memcpy Host-to-Device]
4376773124,6144,276443,273,1,1,8,4,1,39,0.002,0.000,,,,,NVIDIA A100-SXM4-40GB MIG 4g.20gb (0),1,,13,"void channel_eq::eqMmseCoefCompLowMimoKernel<float, float, float, (unsigned int)4, (unsigned int)1, (unsigned int)4>(const channel_eq::_puschRxChEqStatDescr *, channel_eq::_puschRxChEqCoefCompDynDescr)"
4376780388,6272,276444,273,1,1,12,11,1,51,0.002,0.000,,,,,NVIDIA A100-SXM4-40GB MIG 4g.20gb (0),1,,13,"void channel_eq::eqMmseSoftDemapKernel<float, __half, __half, float, (unsigned int)4, (unsigned short)16383>(channel_eq::_puschRxChEqStatDescr *, channel_eq::_puschRxChEqSoftDemapDynDescr)"
4376787620,294908,276445,1,1,1,32,32,1,30,0.000,0.000,,,,,NVIDIA A100-SXM4-40GB MIG 4g.20gb (0),1,,13,"void convert_kernel<float2, __half2>(tensor_layout_any, T1 *, tensor_layout_any, const T2 *)"
4377083584,10944,276457,2253,1,1,128,1,1,16,0.000,0.000,,,,,NVIDIA A100-SXM4-40GB MIG 4g.20gb (0),1,,13,cupy_copy__float16_float16
4377099520,2720,276466,282,1,1,128,1,1,16,0.000,0.000,,,,,NVIDIA A100-SXM4-40GB MIG 4g.20gb (0),1,,13,cupy_copy__complex64_complex64
4377105056,2144,276475,26,1,1,128,1,1,16,0.000,0.000,,,,,NVIDIA A100-SXM4-40GB MIG 4g.20gb (0),1,,13,cupy_copy__float32_float32
4377109600,3040,276484,103,1,1,128,1,1,16,0.000,0.000,,,,,NVIDIA A100-SXM4-40GB MIG 4g.20gb (0),1,,13,cupy_copy__complex64_complex64
4377113696,11807,276494,1434,1,1,128,1,1,16,0.000,0.000,,,,,NVIDIA A100-SXM4-40GB MIG 4g.20gb (0),1,,13,cupy_copy__complex64_complex64
4377128607,80511,276499,1,1,1,32,32,1,30,0.000,0.000,,,,,NVIDIA A100-SXM4-40GB MIG 4g.20gb (0),1,,13,"void convert_kernel<__half2, float2>(tensor_layout_any, T1 *, tensor_layout_any, const T2 *)"
4377235358,5440,276502,,,,,,,,,,0.094,17223.480,Pinned,Device,NVIDIA A100-SXM4-40GB MIG 4g.20gb (0),1,,13,[CUDA memcpy Host-to-Device]
4377245982,597721,276503,,,,,,,,,,456.561,763827.289,Device,,NVIDIA A100-SXM4-40GB MIG 4g.20gb (0),1,,13,[CUDA memset]
4377850998,163710,276508,,,,,,,,,,1.235,7543.038,Pinned,Device,NVIDIA A100-SXM4-40GB MIG 4g.20gb (0),1,,13,[CUDA memcpy Host-to-Device]
4378024724,40448,276509,,,,,,,,,,0.197,4860.740,Pinned,Device,NVIDIA A100-SXM4-40GB MIG 4g.20gb (0),1,,13,[CUDA memcpy Host-to-Device]
4378094931,8256,276510,69,4,1,48,1,1,76,0.002,0.000,,,,,NVIDIA A100-SXM4-40GB MIG 4g.20gb (0),1,,13,"void ch_est::windowedChEstPreNoDftSOfdmKernel<float, __half, float, (unsigned int)2, (unsigned int)1, (unsigned short)4>(ch_est::puschRxChEstStatDescr_t *, ch_est::puschRxChEstDynDescr_t *)"
4378112819,6944,276511,137,2,1,24,2,1,44,0.001,0.001,,,,,NVIDIA A100-SXM4-40GB MIG 4g.20gb (0),1,,13,"void ch_est::chEstFilterNoDftSOfdmDispatchKernel<float, __half, float, (unsigned int)2>(ch_est::puschRxChEstStatDescr_t *, ch_est::puschRxChEstDynDescr_t *)"
4378132083,4736,276512,137,2,1,24,2,1,44,0.001,0.001,,,,,NVIDIA A100-SXM4-40GB MIG 4g.20gb (0),1,,13,"void ch_est::chEstFilterNoDftSOfdmDispatchKernel<float, __half, float, (unsigned int)2>(ch_est::puschRxChEstStatDescr_t *, ch_est::puschRxChEstDynDescr_t *)"
4378148659,2688,276523,103,1,1,128,1,1,16,0.000,0.000,,,,,NVIDIA A100-SXM4-40GB MIG 4g.20gb (0),1,,13,cupy_copy__complex64_complex64
4378165683,12447,276533,1434,1,1,128,1,1,16,0.000,0.000,,,,,NVIDIA A100-SXM4-40GB MIG 4g.20gb (0),1,,13,cupy_copy__complex64_complex64
4378185362,2912,276540,103,1,1,128,1,1,16,0.000,0.000,,,,,NVIDIA A100-SXM4-40GB MIG 4g.20gb (0),1,,13,cupy_copy__complex64_complex64
4378205298,88447,276547,1,1,1,32,32,1,30,0.000,0.000,,,,,NVIDIA A100-SXM4-40GB MIG 4g.20gb (0),1,,13,"void convert_kernel<__half2, float2>(tensor_layout_any, T1 *, tensor_layout_any, const T2 *)"
4378328753,26751,276550,,,,,,,,,,0.094,3502.450,Pinned,Device,NVIDIA A100-SXM4-40GB MIG 4g.20gb (0),1,,13,[CUDA memcpy Host-to-Device]
4378373456,46751,276551,,,,,,,,,,35.810,765938.379,Device,,NVIDIA A100-SXM4-40GB MIG 4g.20gb (0),1,,13,[CUDA memset]
4378421423,14176,276553,,,,,,,,,,0.000,5.643,Pinned,Device,NVIDIA A100-SXM4-40GB MIG 4g.20gb (0),1,,13,[CUDA memcpy Host-to-Device]
4378444335,20608,276554,,,,,,,,,,0.197,9540.207,Pinned,Device,NVIDIA A100-SXM4-40GB MIG 4g.20gb (0),1,,13,[CUDA memcpy Host-to-Device]
4378479919,10080,276555,273,1,1,48,1,1,40,0.000,0.001,,,,,NVIDIA A100-SXM4-40GB MIG 4g.20gb (0),1,,13,"void pusch_noise_intf_est::noiseIntfEstNoDftSOfdmKernel<float, __half, float, float, (unsigned int)2, (unsigned int)1, (unsigned char)4, (unsigned char)4>(pusch_noise_intf_est::puschRxNoiseIntfEstDynDescr)"
4378495342,3232,276566,35,1,1,128,1,1,16,0.000,0.000,,,,,NVIDIA A100-SXM4-40GB MIG 4g.20gb (0),1,,13,cupy_copy__complex64_complex64
4378500686,1760,276575,1,1,1,1,1,1,18,0.000,0.000,,,,,NVIDIA A100-SXM4-40GB MIG 4g.20gb (0),1,,13,cupy_copy__float32_float32
4378509102,1856,276581,,,,,,,,,,0.000,2.155,Device,Pageable,NVIDIA A100-SXM4-40GB MIG 4g.20gb (0),1,,7,[CUDA memcpy Device-to-Host]
4378570574,12735,276592,1434,1,1,128,1,1,16,0.000,0.000,,,,,NVIDIA A100-SXM4-40GB MIG 4g.20gb (0),1,,13,cupy_copy__complex64_complex64
4378596749,3392,276599,103,1,1,128,1,1,16,0.000,0.000,,,,,NVIDIA A100-SXM4-40GB MIG 4g.20gb (0),1,,13,cupy_copy__complex64_complex64
4378618829,2560,276606,35,1,1,128,1,1,16,0.000,0.000,,,,,NVIDIA A100-SXM4-40GB MIG 4g.20gb (0),1,,13,cupy_copy__complex64_complex64
4378636589,1920,276613,1,1,1,1,1,1,18,0.000,0.000,,,,,NVIDIA A100-SXM4-40GB MIG 4g.20gb (0),1,,13,cupy_copy__float32_float32
4378769963,81663,276624,1,1,1,32,32,1,30,0.000,0.000,,,,,NVIDIA A100-SXM4-40GB MIG 4g.20gb (0),1,,13,"void convert_kernel<__half2, float2>(tensor_layout_any, T1 *, tensor_layout_any, const T2 *)"
4378879978,5376,276627,,,,,,,,,,0.094,17428.487,Pinned,Device,NVIDIA A100-SXM4-40GB MIG 4g.20gb (0),1,,13,[CUDA memcpy Host-to-Device]
4378894122,3168,276628,,,,,,,,,,1.547,488201.145,Device,,NVIDIA A100-SXM4-40GB MIG 4g.20gb (0),1,,13,[CUDA memset]
4378900969,3328,276633,,,,,,,,,,0.031,9403.822,Pinned,Device,NVIDIA A100-SXM4-40GB MIG 4g.20gb (0),1,,13,[CUDA memcpy Host-to-Device]
4378906857,9920,276634,,,,,,,,,,0.197,19819.266,Pinned,Device,NVIDIA A100-SXM4-40GB MIG 4g.20gb (0),1,,13,[CUDA memcpy Host-to-Device]
4378924873,7936,276635,273,1,1,8,4,1,39,0.002,0.000,,,,,NVIDIA A100-SXM4-40GB MIG 4g.20gb (0),1,,13,"void channel_eq::eqMmseCoefCompLowMimoKernel<float, float, float, (unsigned int)4, (unsigned int)1, (unsigned int)4>(const channel_eq::_puschRxChEqStatDescr *, channel_eq::_puschRxChEqCoefCompDynDescr)"
4378936297,7616,276636,273,1,1,12,11,1,51,0.002,0.000,,,,,NVIDIA A100-SXM4-40GB MIG 4g.20gb (0),1,,13,"void channel_eq::eqMmseSoftDemapKernel<float, __half, __half, float, (unsigned int)4, (unsigned short)16383>(channel_eq::_puschRxChEqStatDescr *, channel_eq::_puschRxChEqSoftDemapDynDescr)"
4378945033,282108,276637,1,1,1,32,32,1,30,0.000,0.000,,,,,NVIDIA A100-SXM4-40GB MIG 4g.20gb (0),1,,13,"void convert_kernel<float2, __half2>(tensor_layout_any, T1 *, tensor_layout_any, const T2 *)"
4379229733,11008,276649,2253,1,1,128,1,1,16,0.000,0.000,,,,,NVIDIA A100-SXM4-40GB MIG 4g.20gb (0),1,,13,cupy_copy__float16_float16
4379243717,3552,276658,282,1,1,128,1,1,16,0.000,0.000,,,,,NVIDIA A100-SXM4-40GB MIG 4g.20gb (0),1,,13,cupy_copy__complex64_complex64
4379248357,2368,276667,26,1,1,128,1,1,16,0.000,0.000,,,,,NVIDIA A100-SXM4-40GB MIG 4g.20gb (0),1,,13,cupy_copy__float32_float32
4379252325,2784,276676,103,1,1,128,1,1,16,0.000,0.000,,,,,NVIDIA A100-SXM4-40GB MIG 4g.20gb (0),1,,13,cupy_copy__complex64_complex64
4379256229,12032,276686,1434,1,1,128,1,1,16,0.000,0.000,,,,,NVIDIA A100-SXM4-40GB MIG 4g.20gb (0),1,,13,cupy_copy__complex64_complex64
4379271237,82175,276691,1,1,1,32,32,1,30,0.000,0.000,,,,,NVIDIA A100-SXM4-40GB MIG 4g.20gb (0),1,,13,"void convert_kernel<__half2, float2>(tensor_layout_any, T1 *, tensor_layout_any, const T2 *)"
4379380964,5440,276694,,,,,,,,,,0.094,17223.480,Pinned,Device,NVIDIA A100-SXM4-40GB MIG 4g.20gb (0),1,,13,[CUDA memcpy Host-to-Device]
4379390211,599641,276695,,,,,,,,,,456.561,761087.920,Device,,NVIDIA A100-SXM4-40GB MIG 4g.20gb (0),1,,13,[CUDA memset]
4379999516,127518,276700,,,,,,,,,,1.235,9684.431,Pinned,Device,NVIDIA A100-SXM4-40GB MIG 4g.20gb (0),1,,13,[CUDA memcpy Host-to-Device]
4380139354,39808,276701,,,,,,,,,,0.197,4938.793,Pinned,Device,NVIDIA A100-SXM4-40GB MIG 4g.20gb (0),1,,13,[CUDA memcpy Host-to-Device]
4380200665,7904,276702,69,4,1,48,1,1,76,0.002,0.000,,,,,NVIDIA A100-SXM4-40GB MIG 4g.20gb (0),1,,13,"void ch_est::windowedChEstPreNoDftSOfdmKernel<float, __half, float, (unsigned int)2, (unsigned int)1, (unsigned short)4>(ch_est::puschRxChEstStatDescr_t *, ch_est::puschRxChEstDynDescr_t *)"
4380220025,6784,276703,137,2,1,24,2,1,44,0.001,0.001,,,,,NVIDIA A100-SXM4-40GB MIG 4g.20gb (0),1,,13,"void ch_est::chEstFilterNoDftSOfdmDispatchKernel<float, __half, float, (unsigned int)2>(ch_est::puschRxChEstStatDescr_t *, ch_est::puschRxChEstDynDescr_t *)"
4380237017,4736,276704,137,2,1,24,2,1,44,0.001,0.001,,,,,NVIDIA A100-SXM4-40GB MIG 4g.20gb (0),1,,13,"void ch_est::chEstFilterNoDftSOfdmDispatchKernel<float, __half, float, (unsigned int)2>(ch_est::puschRxChEstStatDescr_t *, ch_est::puschRxChEstDynDescr_t *)"
4380256409,2560,276715,103,1,1,128,1,1,16,0.000,0.000,,,,,NVIDIA A100-SXM4-40GB MIG 4g.20gb (0),1,,13,cupy_copy__complex64_complex64
4380272825,12383,276725,1434,1,1,128,1,1,16,0.000,0.000,,,,,NVIDIA A100-SXM4-40GB MIG 4g.20gb (0),1,,13,cupy_copy__complex64_complex64
4380291960,2944,276732,103,1,1,128,1,1,16,0.000,0.000,,,,,NVIDIA A100-SXM4-40GB MIG 4g.20gb (0),1,,13,cupy_copy__complex64_complex64
4380317656,96159,276739,1,1,1,32,32,1,30,0.000,0.000,,,,,NVIDIA A100-SXM4-40GB MIG 4g.20gb (0),1,,13,"void convert_kernel<__half2, float2>(tensor_layout_any, T1 *, tensor_layout_any, const T2 *)"
4380447382,27008,276742,,,,,,,,,,0.094,3469.188,Pinned,Device,NVIDIA A100-SXM4-40GB MIG 4g.20gb (0),1,,13,[CUDA memcpy Host-to-Device]
4380505142,47807,276743,,,,,,,,,,35.810,749036.097,Device,,NVIDIA A100-SXM4-40GB MIG 4g.20gb (0),1,,13,[CUDA memset]
4380555541,11232,276745,,,,,,,,,,0.000,7.122,Pinned,Device,NVIDIA A100-SXM4-40GB MIG 4g.20gb (0),1,,13,[CUDA memcpy Host-to-Device]
4380576501,28703,276746,,,,,,,,,,0.197,6849.626,Pinned,Device,NVIDIA A100-SXM4-40GB MIG 4g.20gb (0),1,,13,[CUDA memcpy Host-to-Device]
4380627252,10080,276747,273,1,1,48,1,1,40,0.000,0.001,,,,,NVIDIA A100-SXM4-40GB MIG 4g.20gb (0),1,,13,"void pusch_noise_intf_est::noiseIntfEstNoDftSOfdmKernel<float, __half, float, float, (unsigned int)2, (unsigned int)1, (unsigned char)4, (unsigned char)4>(pusch_noise_intf_est::puschRxNoiseIntfEstDynDescr)"
4380644148,2784,276758,35,1,1,128,1,1,16,0.000,0.000,,,,,NVIDIA A100-SXM4-40GB MIG 4g.20gb (0),1,,13,cupy_copy__complex64_complex64
4380661140,1664,276767,1,1,1,1,1,1,18,0.000,0.000,,,,,NVIDIA A100-SXM4-40GB MIG 4g.20gb (0),1,,13,cupy_copy__float32_float32
4380667988,4800,276773,,,,,,,,,,0.000,0.833,Device,Pageable,NVIDIA A100-SXM4-40GB MIG 4g.20gb (0),1,,7,[CUDA memcpy Device-to-Host]
4380767602,12864,276784,1434,1,1,128,1,1,16,0.000,0.000,,,,,NVIDIA A100-SXM4-40GB MIG 4g.20gb (0),1,,13,cupy_copy__complex64_complex64
4380790994,3296,276791,103,1,1,128,1,1,16,0.000,0.000,,,,,NVIDIA A100-SXM4-40GB MIG 4g.20gb (0),1,,13,cupy_copy__complex64_complex64
4380812818,2560,276798,35,1,1,128,1,1,16,0.000,0.000,,,,,NVIDIA A100-SXM4-40GB MIG 4g.20gb (0),1,,13,cupy_copy__complex64_complex64
4380834258,1792,276805,1,1,1,1,1,1,18,0.000,0.000,,,,,NVIDIA A100-SXM4-40GB MIG 4g.20gb (0),1,,13,cupy_copy__float32_float32
4380952784,82687,276816,1,1,1,32,32,1,30,0.000,0.000,,,,,NVIDIA A100-SXM4-40GB MIG 4g.20gb (0),1,,13,"void convert_kernel<__half2, float2>(tensor_layout_any, T1 *, tensor_layout_any, const T2 *)"
4381066255,5696,276819,,,,,,,,,,0.094,16449.363,Pinned,Device,NVIDIA A100-SXM4-40GB MIG 4g.20gb (0),1,,13,[CUDA memcpy Host-to-Device]
4381082927,3168,276820,,,,,,,,,,1.547,488201.145,Device,,NVIDIA A100-SXM4-40GB MIG 4g.20gb (0),1,,13,[CUDA memset]
4381089551,3359,276825,,,,,,,,,,0.031,9317.038,Pinned,Device,NVIDIA A100-SXM4-40GB MIG 4g.20gb (0),1,,13,[CUDA memcpy Host-to-Device]
4381095566,9984,276826,,,,,,,,,,0.197,19692.257,Pinned,Device,NVIDIA A100-SXM4-40GB MIG 4g.20gb (0),1,,13,[CUDA memcpy Host-to-Device]
4381110830,7104,276827,273,1,1,8,4,1,39,0.002,0.000,,,,,NVIDIA A100-SXM4-40GB MIG 4g.20gb (0),1,,13,"void channel_eq::eqMmseCoefCompLowMimoKernel<float, float, float, (unsigned int)4, (unsigned int)1, (unsigned int)4>(const channel_eq::_puschRxChEqStatDescr *, channel_eq::_puschRxChEqCoefCompDynDescr)"
4381118958,6272,276828,273,1,1,12,11,1,51,0.002,0.000,,,,,NVIDIA A100-SXM4-40GB MIG 4g.20gb (0),1,,13,"void channel_eq::eqMmseSoftDemapKernel<float, __half, __half, float, (unsigned int)4, (unsigned short)16383>(channel_eq::_puschRxChEqStatDescr *, channel_eq::_puschRxChEqSoftDemapDynDescr)"
4381126158,282429,276829,1,1,1,32,32,1,30,0.000,0.000,,,,,NVIDIA A100-SXM4-40GB MIG 4g.20gb (0),1,,13,"void convert_kernel<float2, __half2>(tensor_layout_any, T1 *, tensor_layout_any, const T2 *)"
4381410827,11007,276841,2253,1,1,128,1,1,16,0.000,0.000,,,,,NVIDIA A100-SXM4-40GB MIG 4g.20gb (0),1,,13,cupy_copy__float16_float16
4381425898,3424,276850,282,1,1,128,1,1,16,0.000,0.000,,,,,NVIDIA A100-SXM4-40GB MIG 4g.20gb (0),1,,13,cupy_copy__complex64_complex64
4381432842,2112,276859,26,1,1,128,1,1,16,0.000,0.000,,,,,NVIDIA A100-SXM4-40GB MIG 4g.20gb (0),1,,13,cupy_copy__float32_float32
4381435882,4832,276868,103,1,1,128,1,1,16,0.000,0.000,,,,,NVIDIA A100-SXM4-40GB MIG 4g.20gb (0),1,,13,cupy_copy__complex64_complex64
4381441706,12160,276878,1434,1,1,128,1,1,16,0.000,0.000,,,,,NVIDIA A100-SXM4-40GB MIG 4g.20gb (0),1,,13,cupy_copy__complex64_complex64
4381463466,81791,276883,1,1,1,32,32,1,30,0.000,0.000,,,,,NVIDIA A100-SXM4-40GB MIG 4g.20gb (0),1,,13,"void convert_kernel<__half2, float2>(tensor_layout_any, T1 *, tensor_layout_any, const T2 *)"
4381572361,5824,276886,,,,,,,,,,0.094,16087.884,Pinned,Device,NVIDIA A100-SXM4-40GB MIG 4g.20gb (0),1,,13,[CUDA memcpy Host-to-Device]
4381583528,599097,276887,,,,,,,,,,456.561,762001.043,Device,,NVIDIA A100-SXM4-40GB MIG 4g.20gb (0),1,,13,[CUDA memset]
4382190785,114527,276892,,,,,,,,,,1.235,10782.296,Pinned,Device,NVIDIA A100-SXM4-40GB MIG 4g.20gb (0),1,,13,[CUDA memcpy Host-to-Device]
4382313407,17088,276893,,,,,,,,,,0.197,11505.500,Pinned,Device,NVIDIA A100-SXM4-40GB MIG 4g.20gb (0),1,,13,[CUDA memcpy Host-to-Device]
4382344799,8736,276894,69,4,1,48,1,1,76,0.002,0.000,,,,,NVIDIA A100-SXM4-40GB MIG 4g.20gb (0),1,,13,"void ch_est::windowedChEstPreNoDftSOfdmKernel<float, __half, float, (unsigned int)2, (unsigned int)1, (unsigned short)4>(ch_est::puschRxChEstStatDescr_t *, ch_est::puschRxChEstDynDescr_t *)"
4382360127,6912,276895,137,2,1,24,2,1,44,0.001,0.001,,,,,NVIDIA A100-SXM4-40GB MIG 4g.20gb (0),1,,13,"void ch_est::chEstFilterNoDftSOfdmDispatchKernel<float, __half, float, (unsigned int)2>(ch_est::puschRxChEstStatDescr_t *, ch_est::puschRxChEstDynDescr_t *)"
4382375071,5088,276896,137,2,1,24,2,1,44,0.001,0.001,,,,,NVIDIA A100-SXM4-40GB MIG 4g.20gb (0),1,,13,"void ch_est::chEstFilterNoDftSOfdmDispatchKernel<float, __half, float, (unsigned int)2>(ch_est::puschRxChEstStatDescr_t *, ch_est::puschRxChEstDynDescr_t *)"
4382383071,3104,276907,103,1,1,128,1,1,16,0.000,0.000,,,,,NVIDIA A100-SXM4-40GB MIG 4g.20gb (0),1,,13,cupy_copy__complex64_complex64
4382391390,12672,276917,1434,1,1,128,1,1,16,0.000,0.000,,,,,NVIDIA A100-SXM4-40GB MIG 4g.20gb (0),1,,13,cupy_copy__complex64_complex64
4382406494,2784,276924,103,1,1,128,1,1,16,0.000,0.000,,,,,NVIDIA A100-SXM4-40GB MIG 4g.20gb (0),1,,13,cupy_copy__complex64_complex64
4382413694,87871,276931,1,1,1,32,32,1,30,0.000,0.000,,,,,NVIDIA A100-SXM4-40GB MIG 4g.20gb (0),1,,13,"void convert_kernel<__half2, float2>(tensor_layout_any, T1 *, tensor_layout_any, const T2 *)"
4382529181,5856,276934,,,,,,,,,,0.094,15999.997,Pinned,Device,NVIDIA A100-SXM4-40GB MIG 4g.20gb (0),1,,13,[CUDA memcpy Host-to-Device]
4382542269,48575,276935,,,,,,,,,,35.810,737183.013,Device,,NVIDIA A100-SXM4-40GB MIG 4g.20gb (0),1,,13,[CUDA memset]
4382594652,3712,276937,,,,,,,,,,0.000,21.552,Pinned,Device,NVIDIA A100-SXM4-40GB MIG 4g.20gb (0),1,,13,[CUDA memcpy Host-to-Device]
4382602588,15744,276938,,,,,,,,,,0.197,12487.754,Pinned,Device,NVIDIA A100-SXM4-40GB MIG 4g.20gb (0),1,,13,[CUDA memcpy Host-to-Device]
4382627740,10111,276939,273,1,1,48,1,1,40,0.000,0.001,,,,,NVIDIA A100-SXM4-40GB MIG 4g.20gb (0),1,,13,"void pusch_noise_intf_est::noiseIntfEstNoDftSOfdmKernel<float, __half, float, float, (unsigned int)2, (unsigned int)1, (unsigned char)4, (unsigned char)4>(pusch_noise_intf_est::puschRxNoiseIntfEstDynDescr)"
4382642299,2848,276950,35,1,1,128,1,1,16,0.000,0.000,,,,,NVIDIA A100-SXM4-40GB MIG 4g.20gb (0),1,,13,cupy_copy__complex64_complex64
4382651611,1920,276959,1,1,1,1,1,1,18,0.000,0.000,,,,,NVIDIA A100-SXM4-40GB MIG 4g.20gb (0),1,,13,cupy_copy__float32_float32
4382680987,1856,276965,,,,,,,,,,0.000,2.155,Device,Pageable,NVIDIA A100-SXM4-40GB MIG 4g.20gb (0),1,,7,[CUDA memcpy Device-to-Host]
4382745210,12672,276976,1434,1,1,128,1,1,16,0.000,0.000,,,,,NVIDIA A100-SXM4-40GB MIG 4g.20gb (0),1,,13,cupy_copy__complex64_complex64
4382769626,2592,276983,103,1,1,128,1,1,16,0.000,0.000,,,,,NVIDIA A100-SXM4-40GB MIG 4g.20gb (0),1,,13,cupy_copy__complex64_complex64
4382795418,2367,276990,35,1,1,128,1,1,16,0.000,0.000,,,,,NVIDIA A100-SXM4-40GB MIG 4g.20gb (0),1,,13,cupy_copy__complex64_complex64
4382814265,1792,276997,1,1,1,1,1,1,18,0.000,0.000,,,,,NVIDIA A100-SXM4-40GB MIG 4g.20gb (0),1,,13,cupy_copy__float32_float32
4382952088,87134,277008,1,1,1,32,32,1,30,0.000,0.000,,,,,NVIDIA A100-SXM4-40GB MIG 4g.20gb (0),1,,13,"void convert_kernel<__half2, float2>(tensor_layout_any, T1 *, tensor_layout_any, const T2 *)"
4383066870,5536,277011,,,,,,,,,,0.094,16924.777,Pinned,Device,NVIDIA A100-SXM4-40GB MIG 4g.20gb (0),1,,13,[CUDA memcpy Host-to-Device]
4383083222,3136,277012,,,,,,,,,,1.547,493182.821,Device,,NVIDIA A100-SXM4-40GB MIG 4g.20gb (0),1,,13,[CUDA memset]
4383088598,3648,277017,,,,,,,,,,0.031,8578.922,Pinned,Device,NVIDIA A100-SXM4-40GB MIG 4g.20gb (0),1,,13,[CUDA memcpy Host-to-Device]
4383094326,9696,277018,,,,,,,,,,0.197,20277.166,Pinned,Device,NVIDIA A100-SXM4-40GB MIG 4g.20gb (0),1,,13,[CUDA memcpy Host-to-Device]
4383109526,6624,277019,273,1,1,8,4,1,39,0.002,0.000,,,,,NVIDIA A100-SXM4-40GB MIG 4g.20gb (0),1,,13,"void channel_eq::eqMmseCoefCompLowMimoKernel<float, float, float, (unsigned int)4, (unsigned int)1, (unsigned int)4>(const channel_eq::_puschRxChEqStatDescr *, channel_eq::_puschRxChEqCoefCompDynDescr)"
4383117078,6655,277020,273,1,1,12,11,1,51,0.002,0.000,,,,,NVIDIA A100-SXM4-40GB MIG 4g.20gb (0),1,,13,"void channel_eq::eqMmseSoftDemapKernel<float, __half, __half, float, (unsigned int)4, (unsigned short)16383>(channel_eq::_puschRxChEqStatDescr *, channel_eq::_puschRxChEqSoftDemapDynDescr)"
4383124789,282493,277021,1,1,1,32,32,1,30,0.000,0.000,,,,,NVIDIA A100-SXM4-40GB MIG 4g.20gb (0),1,,13,"void convert_kernel<float2, __half2>(tensor_layout_any, T1 *, tensor_layout_any, const T2 *)"
4383409842,11104,277033,2253,1,1,128,1,1,16,0.000,0.000,,,,,NVIDIA A100-SXM4-40GB MIG 4g.20gb (0),1,,13,cupy_copy__float16_float16
4383422930,3840,277042,282,1,1,128,1,1,16,0.000,0.000,,,,,NVIDIA A100-SXM4-40GB MIG 4g.20gb (0),1,,13,cupy_copy__complex64_complex64
4383430450,2336,277051,26,1,1,128,1,1,16,0.000,0.000,,,,,NVIDIA A100-SXM4-40GB MIG 4g.20gb (0),1,,13,cupy_copy__float32_float32
4383433842,2880,277060,103,1,1,128,1,1,16,0.000,0.000,,,,,NVIDIA A100-SXM4-40GB MIG 4g.20gb (0),1,,13,cupy_copy__complex64_complex64
4383439890,11967,277070,1434,1,1,128,1,1,16,0.000,0.000,,,,,NVIDIA A100-SXM4-40GB MIG 4g.20gb (0),1,,13,cupy_copy__complex64_complex64
4383453905,87391,277075,1,1,1,32,32,1,30,0.000,0.000,,,,,NVIDIA A100-SXM4-40GB MIG 4g.20gb (0),1,,13,"void convert_kernel<__half2, float2>(tensor_layout_any, T1 *, tensor_layout_any, const T2 *)"
4383567856,6080,277078,,,,,,,,,,0.094,15410.462,Pinned,Device,NVIDIA A100-SXM4-40GB MIG 4g.20gb (0),1,,13,[CUDA memcpy Host-to-Device]
4383580560,599480,277079,,,,,,,,,,456.561,761544.482,Device,,NVIDIA A100-SXM4-40GB MIG 4g.20gb (0),1,,13,[CUDA memset]
4384190472,156862,277084,,,,,,,,,,1.235,7872.768,Pinned,Device,NVIDIA A100-SXM4-40GB MIG 4g.20gb (0),1,,13,[CUDA memcpy Host-to-Device]
4384359686,40928,277085,,,,,,,,,,0.197,4803.723,Pinned,Device,NVIDIA A100-SXM4-40GB MIG 4g.20gb (0),1,,13,[CUDA memcpy Host-to-Device]
4384418726,8191,277086,69,4,1,48,1,1,76,0.002,0.000,,,,,NVIDIA A100-SXM4-40GB MIG 4g.20gb (0),1,,13,"void ch_est::windowedChEstPreNoDftSOfdmKernel<float, __half, float, (unsigned int)2, (unsigned int)1, (unsigned short)4>(ch_est::puschRxChEstStatDescr_t *, ch_est::puschRxChEstDynDescr_t *)"
4384438117,6688,277087,137,2,1,24,2,1,44,0.001,0.001,,,,,NVIDIA A100-SXM4-40GB MIG 4g.20gb (0),1,,13,"void ch_est::chEstFilterNoDftSOfdmDispatchKernel<float, __half, float, (unsigned int)2>(ch_est::puschRxChEstStatDescr_t *, ch_est::puschRxChEstDynDescr_t *)"
4384452933,4832,277088,137,2,1,24,2,1,44,0.001,0.001,,,,,NVIDIA A100-SXM4-40GB MIG 4g.20gb (0),1,,13,"void ch_est::chEstFilterNoDftSOfdmDispatchKernel<float, __half, float, (unsigned int)2>(ch_est::puschRxChEstStatDescr_t *, ch_est::puschRxChEstDynDescr_t *)"
4384469125,2656,277099,103,1,1,128,1,1,16,0.000,0.000,,,,,NVIDIA A100-SXM4-40GB MIG 4g.20gb (0),1,,13,cupy_copy__complex64_complex64
4384481957,12512,277109,1434,1,1,128,1,1,16,0.000,0.000,,,,,NVIDIA A100-SXM4-40GB MIG 4g.20gb (0),1,,13,cupy_copy__complex64_complex64
4384501860,2944,277116,103,1,1,128,1,1,16,0.000,0.000,,,,,NVIDIA A100-SXM4-40GB MIG 4g.20gb (0),1,,13,cupy_copy__complex64_complex64
4384519716,90751,277123,1,1,1,32,32,1,30,0.000,0.000,,,,,NVIDIA A100-SXM4-40GB MIG 4g.20gb (0),1,,13,"void convert_kernel<__half2, float2>(tensor_layout_any, T1 *, tensor_layout_any, const T2 *)"
4384640227,12768,277126,,,,,,,,,,0.094,7338.271,Pinned,Device,NVIDIA A100-SXM4-40GB MIG 4g.20gb (0),1,,13,[CUDA memcpy Host-to-Device]
4384657955,46943,277127,,,,,,,,,,35.810,762822.916,Device,,NVIDIA A100-SXM4-40GB MIG 4g.20gb (0),1,,13,[CUDA memset]
4384712418,6976,277129,,,,,,,,,,0.000,11.468,Pinned,Device,NVIDIA A100-SXM4-40GB MIG 4g.20gb (0),1,,13,[CUDA memcpy Host-to-Device]
4384726402,12544,277130,,,,,,,,,,0.197,15673.393,Pinned,Device,NVIDIA A100-SXM4-40GB MIG 4g.20gb (0),1,,13,[CUDA memcpy Host-to-Device]
4384750849,12704,277131,273,1,1,48,1,1,40,0.000,0.001,,,,,NVIDIA A100-SXM4-40GB MIG 4g.20gb (0),1,,13,"void pusch_noise_intf_est::noiseIntfEstNoDftSOfdmKernel<float, __half, float, float, (unsigned int)2, (unsigned int)1, (unsigned char)4, (unsigned char)4>(pusch_noise_intf_est::puschRxNoiseIntfEstDynDescr)"
4384766689,2656,277142,35,1,1,128,1,1,16,0.000,0.000,,,,,NVIDIA A100-SXM4-40GB MIG 4g.20gb (0),1,,13,cupy_copy__complex64_complex64
4384772737,1952,277151,1,1,1,1,1,1,18,0.000,0.000,,,,,NVIDIA A100-SXM4-40GB MIG 4g.20gb (0),1,,13,cupy_copy__float32_float32
4384788897,1728,277157,,,,,,,,,,0.000,2.315,Device,Pageable,NVIDIA A100-SXM4-40GB MIG 4g.20gb (0),1,,7,[CUDA memcpy Device-to-Host]
4384851072,12992,277168,1434,1,1,128,1,1,16,0.000,0.000,,,,,NVIDIA A100-SXM4-40GB MIG 4g.20gb (0),1,,13,cupy_copy__complex64_complex64
4384878912,2976,277175,103,1,1,128,1,1,16,0.000,0.000,,,,,NVIDIA A100-SXM4-40GB MIG 4g.20gb (0),1,,13,cupy_copy__complex64_complex64
4384900384,2176,277182,35,1,1,128,1,1,16,0.000,0.000,,,,,NVIDIA A100-SXM4-40GB MIG 4g.20gb (0),1,,13,cupy_copy__complex64_complex64
4384919103,1952,277189,1,1,1,1,1,1,18,0.000,0.000,,,,,NVIDIA A100-SXM4-40GB MIG 4g.20gb (0),1,,13,cupy_copy__float32_float32
4385050910,82591,277200,1,1,1,32,32,1,30,0.000,0.000,,,,,NVIDIA A100-SXM4-40GB MIG 4g.20gb (0),1,,13,"void convert_kernel<__half2, float2>(tensor_layout_any, T1 *, tensor_layout_any, const T2 *)"
4385161596,5728,277203,,,,,,,,,,0.094,16357.541,Pinned,Device,NVIDIA A100-SXM4-40GB MIG 4g.20gb (0),1,,13,[CUDA memcpy Host-to-Device]
4385177116,3328,277204,,,,,,,,,,1.547,464729.580,Device,,NVIDIA A100-SXM4-40GB MIG 4g.20gb (0),1,,13,[CUDA memset]
4385182844,3136,277209,,,,,,,,,,0.031,9979.575,Pinned,Device,NVIDIA A100-SXM4-40GB MIG 4g.20gb (0),1,,13,[CUDA memcpy Host-to-Device]
4385188284,9792,277210,,,,,,,,,,0.197,20078.395,Pinned,Device,NVIDIA A100-SXM4-40GB MIG 4g.20gb (0),1,,13,[CUDA memcpy Host-to-Device]
4385203260,6016,277211,273,1,1,8,4,1,39,0.002,0.000,,,,,NVIDIA A100-SXM4-40GB MIG 4g.20gb (0),1,,13,"void channel_eq::eqMmseCoefCompLowMimoKernel<float, float, float, (unsigned int)4, (unsigned int)1, (unsigned int)4>(const channel_eq::_puschRxChEqStatDescr *, channel_eq::_puschRxChEqCoefCompDynDescr)"
4385210332,6144,277212,273,1,1,12,11,1,51,0.002,0.000,,,,,NVIDIA A100-SXM4-40GB MIG 4g.20gb (0),1,,13,"void channel_eq::eqMmseSoftDemapKernel<float, __half, __half, float, (unsigned int)4, (unsigned short)16383>(channel_eq::_puschRxChEqStatDescr *, channel_eq::_puschRxChEqSoftDemapDynDescr)"
4385217564,294044,277213,1,1,1,32,32,1,30,0.000,0.000,,,,,NVIDIA A100-SXM4-40GB MIG 4g.20gb (0),1,,13,"void convert_kernel<float2, __half2>(tensor_layout_any, T1 *, tensor_layout_any, const T2 *)"
4385512696,10976,277225,2253,1,1,128,1,1,16,0.000,0.000,,,,,NVIDIA A100-SXM4-40GB MIG 4g.20gb (0),1,,13,cupy_copy__float16_float16
4385528696,2912,277234,282,1,1,128,1,1,16,0.000,0.000,,,,,NVIDIA A100-SXM4-40GB MIG 4g.20gb (0),1,,13,cupy_copy__complex64_complex64
4385533784,1984,277243,26,1,1,128,1,1,16,0.000,0.000,,,,,NVIDIA A100-SXM4-40GB MIG 4g.20gb (0),1,,13,cupy_copy__float32_float32
4385536760,4736,277252,103,1,1,128,1,1,16,0.000,0.000,,,,,NVIDIA A100-SXM4-40GB MIG 4g.20gb (0),1,,13,cupy_copy__complex64_complex64
4385542936,12255,277262,1434,1,1,128,1,1,16,0.000,0.000,,,,,NVIDIA A100-SXM4-40GB MIG 4g.20gb (0),1,,13,cupy_copy__complex64_complex64
4385556439,81951,277267,1,1,1,32,32,1,30,0.000,0.000,,,,,NVIDIA A100-SXM4-40GB MIG 4g.20gb (0),1,,13,"void convert_kernel<__half2, float2>(tensor_layout_any, T1 *, tensor_layout_any, const T2 *)"
4385666486,5760,277270,,,,,,,,,,0.094,16266.656,Pinned,Device,NVIDIA A100-SXM4-40GB MIG 4g.20gb (0),1,,13,[CUDA memcpy Host-to-Device]
4385676502,596921,277271,,,,,,,,,,456.561,764740.412,Device,,NVIDIA A100-SXM4-40GB MIG 4g.20gb (0),1,,13,[CUDA memset]
4386277071,158654,277276,,,,,,,,,,1.235,7783.852,Pinned,Device,NVIDIA A100-SXM4-40GB MIG 4g.20gb (0),1,,13,[CUDA memcpy Host-to-Device]
4386446925,36255,277277,,,,,,,,,,0.197,5422.842,Pinned,Device,NVIDIA A100-SXM4-40GB MIG 4g.20gb (0),1,,13,[CUDA memcpy Host-to-Device]
4386509676,8416,277278,69,4,1,48,1,1,76,0.002,0.000,,,,,NVIDIA A100-SXM4-40GB MIG 4g.20gb (0),1,,13,"void ch_est::windowedChEstPreNoDftSOfdmKernel<float, __half, float, (unsigned int)2, (unsigned int)1, (unsigned short)4>(ch_est::puschRxChEstStatDescr_t *, ch_est::puschRxChEstDynDescr_t *)"
4386529483,6880,277279,137,2,1,24,2,1,44,0.001,0.001,,,,,NVIDIA A100-SXM4-40GB MIG 4g.20gb (0),1,,13,"void ch_est::chEstFilterNoDftSOfdmDispatchKernel<float, __half, float, (unsigned int)2>(ch_est::puschRxChEstStatDescr_t *, ch_est::puschRxChEstDynDescr_t *)"
4386547499,4736,277280,137,2,1,24,2,1,44,0.001,0.001,,,,,NVIDIA A100-SXM4-40GB MIG 4g.20gb (0),1,,13,"void ch_est::chEstFilterNoDftSOfdmDispatchKernel<float, __half, float, (unsigned int)2>(ch_est::puschRxChEstStatDescr_t *, ch_est::puschRxChEstDynDescr_t *)"
4386564619,2624,277291,103,1,1,128,1,1,16,0.000,0.000,,,,,NVIDIA A100-SXM4-40GB MIG 4g.20gb (0),1,,13,cupy_copy__complex64_complex64
4386581259,12416,277301,1434,1,1,128,1,1,16,0.000,0.000,,,,,NVIDIA A100-SXM4-40GB MIG 4g.20gb (0),1,,13,cupy_copy__complex64_complex64
4386601099,2912,277308,103,1,1,128,1,1,16,0.000,0.000,,,,,NVIDIA A100-SXM4-40GB MIG 4g.20gb (0),1,,13,cupy_copy__complex64_complex64
4386622602,86879,277315,1,1,1,32,32,1,30,0.000,0.000,,,,,NVIDIA A100-SXM4-40GB MIG 4g.20gb (0),1,,13,"void convert_kernel<__half2, float2>(tensor_layout_any, T1 *, tensor_layout_any, const T2 *)"
4386742025,20480,277318,,,,,,,,,,0.094,4574.988,Pinned,Device,NVIDIA A100-SXM4-40GB MIG 4g.20gb (0),1,,13,[CUDA memcpy Host-to-Device]
4386784584,47136,277319,,,,,,,,,,35.810,759707.453,Device,,NVIDIA A100-SXM4-40GB MIG 4g.20gb (0),1,,13,[CUDA memset]
4386836456,9568,277321,,,,,,,,,,0.000,8.361,Pinned,Device,NVIDIA A100-SXM4-40GB MIG 4g.20gb (0),1,,13,[CUDA memcpy Host-to-Device]
4386851848,26527,277322,,,,,,,,,,0.197,7411.532,Pinned,Device,NVIDIA A100-SXM4-40GB MIG 4g.20gb (0),1,,13,[CUDA memcpy Host-to-Device]
4386894279,9856,277323,273,1,1,48,1,1,40,0.000,0.001,,,,,NVIDIA A100-SXM4-40GB MIG 4g.20gb (0),1,,13,"void pusch_noise_intf_est::noiseIntfEstNoDftSOfdmKernel<float, __half, float, float, (unsigned int)2, (unsigned int)1, (unsigned char)4, (unsigned char)4>(pusch_noise_intf_est::puschRxNoiseIntfEstDynDescr)"
4386912423,2880,277334,35,1,1,128,1,1,16,0.000,0.000,,,,,NVIDIA A100-SXM4-40GB MIG 4g.20gb (0),1,,13,cupy_copy__complex64_complex64
4386920231,2336,277343,1,1,1,1,1,1,18,0.000,0.000,,,,,NVIDIA A100-SXM4-40GB MIG 4g.20gb (0),1,,13,cupy_copy__float32_float32
4386928327,4160,277349,,,,,,,,,,0.000,0.962,Device,Pageable,NVIDIA A100-SXM4-40GB MIG 4g.20gb (0),1,,7,[CUDA memcpy Device-to-Host]
4387005894,12863,277360,1434,1,1,128,1,1,16,0.000,0.000,,,,,NVIDIA A100-SXM4-40GB MIG 4g.20gb (0),1,,13,cupy_copy__complex64_complex64
4387035653,3104,277367,103,1,1,128,1,1,16,0.000,0.000,,,,,NVIDIA A100-SXM4-40GB MIG 4g.20gb (0),1,,13,cupy_copy__complex64_complex64
4387055557,2656,277374,35,1,1,128,1,1,16,0.000,0.000,,,,,NVIDIA A100-SXM4-40GB MIG 4g.20gb (0),1,,13,cupy_copy__complex64_complex64
4387075973,2080,277381,1,1,1,1,1,1,18,0.000,0.000,,,,,NVIDIA A100-SXM4-40GB MIG 4g.20gb (0),1,,13,cupy_copy__float32_float32
4387200675,90623,277392,1,1,1,32,32,1,30,0.000,0.000,,,,,NVIDIA A100-SXM4-40GB MIG 4g.20gb (0),1,,13,"void convert_kernel<__half2, float2>(tensor_layout_any, T1 *, tensor_layout_any, const T2 *)"
4387319586,5760,277395,,,,,,,,,,0.094,16266.656,Pinned,Device,NVIDIA A100-SXM4-40GB MIG 4g.20gb (0),1,,13,[CUDA memcpy Host-to-Device]
4387334434,3584,277396,,,,,,,,,,1.547,431534.389,Device,,NVIDIA A100-SXM4-40GB MIG 4g.20gb (0),1,,13,[CUDA memset]
4387339842,3871,277401,,,,,,,,,,0.031,8084.727,Pinned,Device,NVIDIA A100-SXM4-40GB MIG 4g.20gb (0),1,,13,[CUDA memcpy Host-to-Device]
4387346145,9344,277402,,,,,,,,,,0.197,21040.988,Pinned,Device,NVIDIA A100-SXM4-40GB MIG 4g.20gb (0),1,,13,[CUDA memcpy Host-to-Device]
4387359169,7520,277403,273,1,1,8,4,1,39,0.002,0.000,,,,,NVIDIA A100-SXM4-40GB MIG 4g.20gb (0),1,,13,"void channel_eq::eqMmseCoefCompLowMimoKernel<float, float, float, (unsigned int)4, (unsigned int)1, (unsigned int)4>(const channel_eq::_puschRxChEqStatDescr *, channel_eq::_puschRxChEqCoefCompDynDescr)"
4387368993,8128,277404,273,1,1,12,11,1,51,0.002,0.000,,,,,NVIDIA A100-SXM4-40GB MIG 4g.20gb (0),1,,13,"void channel_eq::eqMmseSoftDemapKernel<float, __half, __half, float, (unsigned int)4, (unsigned short)16383>(channel_eq::_puschRxChEqStatDescr *, channel_eq::_puschRxChEqSoftDemapDynDescr)"
4387378049,282109,277405,1,1,1,32,32,1,30,0.000,0.000,,,,,NVIDIA A100-SXM4-40GB MIG 4g.20gb (0),1,,13,"void convert_kernel<float2, __half2>(tensor_layout_any, T1 *, tensor_layout_any, const T2 *)"
4387661278,11263,277417,2253,1,1,128,1,1,16,0.000,0.000,,,,,NVIDIA A100-SXM4-40GB MIG 4g.20gb (0),1,,13,cupy_copy__float16_float16
4387674109,3200,277426,282,1,1,128,1,1,16,0.000,0.000,,,,,NVIDIA A100-SXM4-40GB MIG 4g.20gb (0),1,,13,cupy_copy__complex64_complex64
4387681533,2496,277435,26,1,1,128,1,1,16,0.000,0.000,,,,,NVIDIA A100-SXM4-40GB MIG 4g.20gb (0),1,,13,cupy_copy__float32_float32
4387687037,2912,277444,103,1,1,128,1,1,16,0.000,0.000,,,,,NVIDIA A100-SXM4-40GB MIG 4g.20gb (0),1,,13,cupy_copy__complex64_complex64
4387693757,12288,277454,1434,1,1,128,1,1,16,0.000,0.000,,,,,NVIDIA A100-SXM4-40GB MIG 4g.20gb (0),1,,13,cupy_copy__complex64_complex64
4387710685,81663,277459,1,1,1,32,32,1,30,0.000,0.000,,,,,NVIDIA A100-SXM4-40GB MIG 4g.20gb (0),1,,13,"void convert_kernel<__half2, float2>(tensor_layout_any, T1 *, tensor_layout_any, const T2 *)"
4387819836,5472,277462,,,,,,,,,,0.094,17122.757,Pinned,Device,NVIDIA A100-SXM4-40GB MIG 4g.20gb (0),1,,13,[CUDA memcpy Host-to-Device]
4387831483,597305,277463,,,,,,,,,,456.561,764283.851,Device,,NVIDIA A100-SXM4-40GB MIG 4g.20gb (0),1,,13,[CUDA memset]
4388436436,149470,277468,,,,,,,,,,1.235,8261.775,Pinned,Device,NVIDIA A100-SXM4-40GB MIG 4g.20gb (0),1,,13,[CUDA memcpy Host-to-Device]
4388594482,32768,277469,,,,,,,,,,0.197,5999.886,Pinned,Device,NVIDIA A100-SXM4-40GB MIG 4g.20gb (0),1,,13,[CUDA memcpy Host-to-Device]
4388652529,7904,277470,69,4,1,48,1,1,76,0.002,0.000,,,,,NVIDIA A100-SXM4-40GB MIG 4g.20gb (0),1,,13,"void ch_est::windowedChEstPreNoDftSOfdmKernel<float, __half, float, (unsigned int)2, (unsigned int)1, (unsigned short)4>(ch_est::puschRxChEstStatDescr_t *, ch_est::puschRxChEstDynDescr_t *)"
4388668337,6624,277471,137,2,1,24,2,1,44,0.001,0.001,,,,,NVIDIA A100-SXM4-40GB MIG 4g.20gb (0),1,,13,"void ch_est::chEstFilterNoDftSOfdmDispatchKernel<float, __half, float, (unsigned int)2>(ch_est::puschRxChEstStatDescr_t *, ch_est::puschRxChEstDynDescr_t *)"
4388682001,4736,277472,137,2,1,24,2,1,44,0.001,0.001,,,,,NVIDIA A100-SXM4-40GB MIG 4g.20gb (0),1,,13,"void ch_est::chEstFilterNoDftSOfdmDispatchKernel<float, __half, float, (unsigned int)2>(ch_est::puschRxChEstStatDescr_t *, ch_est::puschRxChEstDynDescr_t *)"
4388698545,2624,277483,103,1,1,128,1,1,16,0.000,0.000,,,,,NVIDIA A100-SXM4-40GB MIG 4g.20gb (0),1,,13,cupy_copy__complex64_complex64
4388712785,12415,277493,1434,1,1,128,1,1,16,0.000,0.000,,,,,NVIDIA A100-SXM4-40GB MIG 4g.20gb (0),1,,13,cupy_copy__complex64_complex64
4388749008,2560,277500,103,1,1,128,1,1,16,0.000,0.000,,,,,NVIDIA A100-SXM4-40GB MIG 4g.20gb (0),1,,13,cupy_copy__complex64_complex64
4388766928,83135,277507,1,1,1,32,32,1,30,0.000,0.000,,,,,NVIDIA A100-SXM4-40GB MIG 4g.20gb (0),1,,13,"void convert_kernel<__half2, float2>(tensor_layout_any, T1 *, tensor_layout_any, const T2 *)"
4388885550,26464,277510,,,,,,,,,,0.094,3540.491,Pinned,Device,NVIDIA A100-SXM4-40GB MIG 4g.20gb (0),1,,13,[CUDA memcpy Host-to-Device]
4388928686,47135,277511,,,,,,,,,,35.810,759707.453,Device,,NVIDIA A100-SXM4-40GB MIG 4g.20gb (0),1,,13,[CUDA memset]
4388981421,10720,277513,,,,,,,,,,0.000,7.463,Pinned,Device,NVIDIA A100-SXM4-40GB MIG 4g.20gb (0),1,,13,[CUDA memcpy Host-to-Device]
4389002509,32480,277514,,,,,,,,,,0.197,6053.167,Pinned,Device,NVIDIA A100-SXM4-40GB MIG 4g.20gb (0),1,,13,[CUDA memcpy Host-to-Device]
4389055564,9536,277515,273,1,1,48,1,1,40,0.000,0.001,,,,,NVIDIA A100-SXM4-40GB MIG 4g.20gb (0),1,,13,"void pusch_noise_intf_est::noiseIntfEstNoDftSOfdmKernel<float, __half, float, float, (unsigned int)2, (unsigned int)1, (unsigned char)4, (unsigned char)4>(pusch_noise_intf_est::puschRxNoiseIntfEstDynDescr)"
4389072428,2784,277526,35,1,1,128,1,1,16,0.000,0.000,,,,,NVIDIA A100-SXM4-40GB MIG 4g.20gb (0),1,,13,cupy_copy__complex64_complex64
4389089132,1696,277535,1,1,1,1,1,1,18,0.000,0.000,,,,,NVIDIA A100-SXM4-40GB MIG 4g.20gb (0),1,,13,cupy_copy__float32_float32
4389095404,5344,277541,,,,,,,,,,0.000,0.749,Device,Pageable,NVIDIA A100-SXM4-40GB MIG 4g.20gb (0),1,,7,[CUDA memcpy Device-to-Host]
4389195211,12735,277552,1434,1,1,128,1,1,16,0.000,0.000,,,,,NVIDIA A100-SXM4-40GB MIG 4g.20gb (0),1,,13,cupy_copy__complex64_complex64
4389217098,2976,277559,103,1,1,128,1,1,16,0.000,0.000,,,,,NVIDIA A100-SXM4-40GB MIG 4g.20gb (0),1,,13,cupy_copy__complex64_complex64
4389235402,2560,277566,35,1,1,128,1,1,16,0.000,0.000,,,,,NVIDIA A100-SXM4-40GB MIG 4g.20gb (0),1,,13,cupy_copy__complex64_complex64
4389255018,1792,277573,1,1,1,1,1,1,18,0.000,0.000,,,,,NVIDIA A100-SXM4-40GB MIG 4g.20gb (0),1,,13,cupy_copy__float32_float32
4389383496,89727,277584,1,1,1,32,32,1,30,0.000,0.000,,,,,NVIDIA A100-SXM4-40GB MIG 4g.20gb (0),1,,13,"void convert_kernel<__half2, float2>(tensor_layout_any, T1 *, tensor_layout_any, const T2 *)"
4389502631,10208,277587,,,,,,,,,,0.094,9178.648,Pinned,Device,NVIDIA A100-SXM4-40GB MIG 4g.20gb (0),1,,13,[CUDA memcpy Host-to-Device]
4389527623,3360,277588,,,,,,,,,,1.547,460304.688,Device,,NVIDIA A100-SXM4-40GB MIG 4g.20gb (0),1,,13,[CUDA memset]
4389533350,3584,277593,,,,,,,,,,0.031,8732.116,Pinned,Device,NVIDIA A100-SXM4-40GB MIG 4g.20gb (0),1,,13,[CUDA memcpy Host-to-Device]
4389543110,13056,277594,,,,,,,,,,0.197,15058.797,Pinned,Device,NVIDIA A100-SXM4-40GB MIG 4g.20gb (0),1,,13,[CUDA memcpy Host-to-Device]
4389565894,8448,277595,273,1,1,8,4,1,39,0.002,0.000,,,,,NVIDIA A100-SXM4-40GB MIG 4g.20gb (0),1,,13,"void channel_eq::eqMmseCoefCompLowMimoKernel<float, float, float, (unsigned int)4, (unsigned int)1, (unsigned int)4>(const channel_eq::_puschRxChEqStatDescr *, channel_eq::_puschRxChEqCoefCompDynDescr)"
4389575814,5472,277596,273,1,1,12,11,1,51,0.002,0.000,,,,,NVIDIA A100-SXM4-40GB MIG 4g.20gb (0),1,,13,"void channel_eq::eqMmseSoftDemapKernel<float, __half, __half, float, (unsigned int)4, (unsigned short)16383>(channel_eq::_puschRxChEqStatDescr *, channel_eq::_puschRxChEqSoftDemapDynDescr)"
4389584262,282524,277597,1,1,1,32,32,1,30,0.000,0.000,,,,,NVIDIA A100-SXM4-40GB MIG 4g.20gb (0),1,,13,"void convert_kernel<float2, __half2>(tensor_layout_any, T1 *, tensor_layout_any, const T2 *)"
4389868930,11168,277609,2253,1,1,128,1,1,16,0.000,0.000,,,,,NVIDIA A100-SXM4-40GB MIG 4g.20gb (0),1,,13,cupy_copy__float16_float16
4389881282,2880,277618,282,1,1,128,1,1,16,0.000,0.000,,,,,NVIDIA A100-SXM4-40GB MIG 4g.20gb (0),1,,13,cupy_copy__complex64_complex64
4389886210,2176,277627,26,1,1,128,1,1,16,0.000,0.000,,,,,NVIDIA A100-SXM4-40GB MIG 4g.20gb (0),1,,13,cupy_copy__float32_float32
4389890786,3136,277636,103,1,1,128,1,1,16,0.000,0.000,,,,,NVIDIA A100-SXM4-40GB MIG 4g.20gb (0),1,,13,cupy_copy__complex64_complex64
4389894914,11808,277646,1434,1,1,128,1,1,16,0.000,0.000,,,,,NVIDIA A100-SXM4-40GB MIG 4g.20gb (0),1,,13,cupy_copy__complex64_complex64
4389908098,81407,277651,1,1,1,32,32,1,30,0.000,0.000,,,,,NVIDIA A100-SXM4-40GB MIG 4g.20gb (0),1,,13,"void convert_kernel<__half2, float2>(tensor_layout_any, T1 *, tensor_layout_any, const T2 *)"
4390016833,5439,277654,,,,,,,,,,0.094,17226.665,Pinned,Device,NVIDIA A100-SXM4-40GB MIG 4g.20gb (0),1,,13,[CUDA memcpy Host-to-Device]
4390026816,596473,277655,,,,,,,,,,456.561,765196.973,Device,,NVIDIA A100-SXM4-40GB MIG 4g.20gb (0),1,,13,[CUDA memset]
4390635737,106591,277660,,,,,,,,,,1.235,11585.010,Pinned,Device,NVIDIA A100-SXM4-40GB MIG 4g.20gb (0),1,,13,[CUDA memcpy Host-to-Device]
4390748728,17375,277661,,,,,,,,,,0.197,11315.380,Pinned,Device,NVIDIA A100-SXM4-40GB MIG 4g.20gb (0),1,,13,[CUDA memcpy Host-to-Device]
4390780727,8256,277662,69,4,1,48,1,1,76,0.002,0.000,,,,,NVIDIA A100-SXM4-40GB MIG 4g.20gb (0),1,,13,"void ch_est::windowedChEstPreNoDftSOfdmKernel<float, __half, float, (unsigned int)2, (unsigned int)1, (unsigned short)4>(ch_est::puschRxChEstStatDescr_t *, ch_est::puschRxChEstDynDescr_t *)"
4390796823,6656,277663,137,2,1,24,2,1,44,0.001,0.001,,,,,NVIDIA A100-SXM4-40GB MIG 4g.20gb (0),1,,13,"void ch_est::chEstFilterNoDftSOfdmDispatchKernel<float, __half, float, (unsigned int)2>(ch_est::puschRxChEstStatDescr_t *, ch_est::puschRxChEstDynDescr_t *)"
4390804695,6272,277664,137,2,1,24,2,1,44,0.001,0.001,,,,,NVIDIA A100-SXM4-40GB MIG 4g.20gb (0),1,,13,"void ch_est::chEstFilterNoDftSOfdmDispatchKernel<float, __half, float, (unsigned int)2>(ch_est::puschRxChEstStatDescr_t *, ch_est::puschRxChEstDynDescr_t *)"
4390812695,3040,277675,103,1,1,128,1,1,16,0.000,0.000,,,,,NVIDIA A100-SXM4-40GB MIG 4g.20gb (0),1,,13,cupy_copy__complex64_complex64
4390821783,12831,277685,1434,1,1,128,1,1,16,0.000,0.000,,,,,NVIDIA A100-SXM4-40GB MIG 4g.20gb (0),1,,13,cupy_copy__complex64_complex64
4390838678,2784,277692,103,1,1,128,1,1,16,0.000,0.000,,,,,NVIDIA A100-SXM4-40GB MIG 4g.20gb (0),1,,13,cupy_copy__complex64_complex64
4390847702,88191,277699,1,1,1,32,32,1,30,0.000,0.000,,,,,NVIDIA A100-SXM4-40GB MIG 4g.20gb (0),1,,13,"void convert_kernel<__half2, float2>(tensor_layout_any, T1 *, tensor_layout_any, const T2 *)"
4390966293,10816,277702,,,,,,,,,,0.094,8662.664,Pinned,Device,NVIDIA A100-SXM4-40GB MIG 4g.20gb (0),1,,13,[CUDA memcpy Host-to-Device]
4390986101,46527,277703,,,,,,,,,,35.810,769626.801,Device,,NVIDIA A100-SXM4-40GB MIG 4g.20gb (0),1,,13,[CUDA memset]
4391037972,5280,277705,,,,,,,,,,0.000,15.151,Pinned,Device,NVIDIA A100-SXM4-40GB MIG 4g.20gb (0),1,,13,[CUDA memcpy Host-to-Device]
4391049716,13792,277706,,,,,,,,,,0.197,14255.063,Pinned,Device,NVIDIA A100-SXM4-40GB MIG 4g.20gb (0),1,,13,[CUDA memcpy Host-to-Device]
4391070964,9727,277707,273,1,1,48,1,1,40,0.000,0.001,,,,,NVIDIA A100-SXM4-40GB MIG 4g.20gb (0),1,,13,"void pusch_noise_intf_est::noiseIntfEstNoDftSOfdmKernel<float, __half, float, float, (unsigned int)2, (unsigned int)1, (unsigned char)4, (unsigned char)4>(pusch_noise_intf_est::puschRxNoiseIntfEstDynDescr)"
4391082515,2848,277718,35,1,1,128,1,1,16,0.000,0.000,,,,,NVIDIA A100-SXM4-40GB MIG 4g.20gb (0),1,,13,cupy_copy__complex64_complex64
4391088979,1696,277727,1,1,1,1,1,1,18,0.000,0.000,,,,,NVIDIA A100-SXM4-40GB MIG 4g.20gb (0),1,,13,cupy_copy__float32_float32
4391122067,1856,277733,,,,,,,,,,0.000,2.155,Device,Pageable,NVIDIA A100-SXM4-40GB MIG 4g.20gb (0),1,,7,[CUDA memcpy Device-to-Host]
4391182610,12768,277744,1434,1,1,128,1,1,16,0.000,0.000,,,,,NVIDIA A100-SXM4-40GB MIG 4g.20gb (0),1,,13,cupy_copy__complex64_complex64
4391209490,3424,277751,103,1,1,128,1,1,16,0.000,0.000,,,,,NVIDIA A100-SXM4-40GB MIG 4g.20gb (0),1,,13,cupy_copy__complex64_complex64
4391230354,2464,277758,35,1,1,128,1,1,16,0.000,0.000,,,,,NVIDIA A100-SXM4-40GB MIG 4g.20gb (0),1,,13,cupy_copy__complex64_complex64
4391248625,1952,277765,1,1,1,1,1,1,18,0.000,0.000,,,,,NVIDIA A100-SXM4-40GB MIG 4g.20gb (0),1,,13,cupy_copy__float32_float32
4391381200,82975,277776,1,1,1,32,32,1,30,0.000,0.000,,,,,NVIDIA A100-SXM4-40GB MIG 4g.20gb (0),1,,13,"void convert_kernel<__half2, float2>(tensor_layout_any, T1 *, tensor_layout_any, const T2 *)"
4391492046,5728,277779,,,,,,,,,,0.094,16357.541,Pinned,Device,NVIDIA A100-SXM4-40GB MIG 4g.20gb (0),1,,13,[CUDA memcpy Host-to-Device]
4391505646,3360,277780,,,,,,,,,,1.547,460304.688,Device,,NVIDIA A100-SXM4-40GB MIG 4g.20gb (0),1,,13,[CUDA memset]
4391512238,3040,277785,,,,,,,,,,0.031,10294.725,Pinned,Device,NVIDIA A100-SXM4-40GB MIG 4g.20gb (0),1,,13,[CUDA memcpy Host-to-Device]
4391517902,9376,277786,,,,,,,,,,0.197,20969.226,Pinned,Device,NVIDIA A100-SXM4-40GB MIG 4g.20gb (0),1,,13,[CUDA memcpy Host-to-Device]
4391533710,6080,277787,273,1,1,8,4,1,39,0.002,0.000,,,,,NVIDIA A100-SXM4-40GB MIG 4g.20gb (0),1,,13,"void channel_eq::eqMmseCoefCompLowMimoKernel<float, float, float, (unsigned int)4, (unsigned int)1, (unsigned int)4>(const channel_eq::_puschRxChEqStatDescr *, channel_eq::_puschRxChEqCoefCompDynDescr)"
4391542350,5248,277788,273,1,1,12,11,1,51,0.002,0.000,,,,,NVIDIA A100-SXM4-40GB MIG 4g.20gb (0),1,,13,"void channel_eq::eqMmseSoftDemapKernel<float, __half, __half, float, (unsigned int)4, (unsigned short)16383>(channel_eq::_puschRxChEqStatDescr *, channel_eq::_puschRxChEqSoftDemapDynDescr)"
4391550606,282876,277789,1,1,1,32,32,1,30,0.000,0.000,,,,,NVIDIA A100-SXM4-40GB MIG 4g.20gb (0),1,,13,"void convert_kernel<float2, __half2>(tensor_layout_any, T1 *, tensor_layout_any, const T2 *)"
4391835946,10944,277801,2253,1,1,128,1,1,16,0.000,0.000,,,,,NVIDIA A100-SXM4-40GB MIG 4g.20gb (0),1,,13,cupy_copy__float16_float16
4391850730,3584,277810,282,1,1,128,1,1,16,0.000,0.000,,,,,NVIDIA A100-SXM4-40GB MIG 4g.20gb (0),1,,13,cupy_copy__complex64_complex64
4391855402,2112,277819,26,1,1,128,1,1,16,0.000,0.000,,,,,NVIDIA A100-SXM4-40GB MIG 4g.20gb (0),1,,13,cupy_copy__float32_float32
4391860490,3104,277828,103,1,1,128,1,1,16,0.000,0.000,,,,,NVIDIA A100-SXM4-40GB MIG 4g.20gb (0),1,,13,cupy_copy__complex64_complex64
4391864586,12064,277838,1434,1,1,128,1,1,16,0.000,0.000,,,,,NVIDIA A100-SXM4-40GB MIG 4g.20gb (0),1,,13,cupy_copy__complex64_complex64
4391883786,87134,277843,1,1,1,32,32,1,30,0.000,0.000,,,,,NVIDIA A100-SXM4-40GB MIG 4g.20gb (0),1,,13,"void convert_kernel<__half2, float2>(tensor_layout_any, T1 *, tensor_layout_any, const T2 *)"
4391998248,5792,277846,,,,,,,,,,0.094,16176.708,Pinned,Device,NVIDIA A100-SXM4-40GB MIG 4g.20gb (0),1,,13,[CUDA memcpy Host-to-Device]
4392008328,600313,277847,,,,,,,,,,456.561,760174.798,Device,,NVIDIA A100-SXM4-40GB MIG 4g.20gb (0),1,,13,[CUDA memset]
4392615361,163837,277852,,,,,,,,,,1.235,7536.863,Pinned,Device,NVIDIA A100-SXM4-40GB MIG 4g.20gb (0),1,,13,[CUDA memcpy Host-to-Device]
4392790974,35744,277853,,,,,,,,,,0.197,5500.305,Pinned,Device,NVIDIA A100-SXM4-40GB MIG 4g.20gb (0),1,,13,[CUDA memcpy Host-to-Device]
4392849214,7904,277854,69,4,1,48,1,1,76,0.002,0.000,,,,,NVIDIA A100-SXM4-40GB MIG 4g.20gb (0),1,,13,"void ch_est::windowedChEstPreNoDftSOfdmKernel<float, __half, float, (unsigned int)2, (unsigned int)1, (unsigned short)4>(ch_est::puschRxChEstStatDescr_t *, ch_est::puschRxChEstDynDescr_t *)"
4392866589,6816,277855,137,2,1,24,2,1,44,0.001,0.001,,,,,NVIDIA A100-SXM4-40GB MIG 4g.20gb (0),1,,13,"void ch_est::chEstFilterNoDftSOfdmDispatchKernel<float, __half, float, (unsigned int)2>(ch_est::puschRxChEstStatDescr_t *, ch_est::puschRxChEstDynDescr_t *)"
4392877629,4768,277856,137,2,1,24,2,1,44,0.001,0.001,,,,,NVIDIA A100-SXM4-40GB MIG 4g.20gb (0),1,,13,"void ch_est::chEstFilterNoDftSOfdmDispatchKernel<float, __half, float, (unsigned int)2>(ch_est::puschRxChEstStatDescr_t *, ch_est::puschRxChEstDynDescr_t *)"
4392892477,2752,277867,103,1,1,128,1,1,16,0.000,0.000,,,,,NVIDIA A100-SXM4-40GB MIG 4g.20gb (0),1,,13,cupy_copy__complex64_complex64
4392903005,12768,277877,1434,1,1,128,1,1,16,0.000,0.000,,,,,NVIDIA A100-SXM4-40GB MIG 4g.20gb (0),1,,13,cupy_copy__complex64_complex64
4392931005,2464,277884,103,1,1,128,1,1,16,0.000,0.000,,,,,NVIDIA A100-SXM4-40GB MIG 4g.20gb (0),1,,13,cupy_copy__complex64_complex64
4392938749,87230,277891,1,1,1,32,32,1,30,0.000,0.000,,,,,NVIDIA A100-SXM4-40GB MIG 4g.20gb (0),1,,13,"void convert_kernel<__half2, float2>(tensor_layout_any, T1 *, tensor_layout_any, const T2 *)"
4393053659,10656,277894,,,,,,,,,,0.094,8792.714,Pinned,Device,NVIDIA A100-SXM4-40GB MIG 4g.20gb (0),1,,13,[CUDA memcpy Host-to-Device]
4393073307,47007,277895,,,,,,,,,,35.810,761784.428,Device,,NVIDIA A100-SXM4-40GB MIG 4g.20gb (0),1,,13,[CUDA memset]
4393125498,5792,277897,,,,,,,,,,0.000,13.812,Pinned,Device,NVIDIA A100-SXM4-40GB MIG 4g.20gb (0),1,,13,[CUDA memcpy Host-to-Device]
4393140378,21056,277898,,,,,,,,,,0.197,9337.307,Pinned,Device,NVIDIA A100-SXM4-40GB MIG 4g.20gb (0),1,,13,[CUDA memcpy Host-to-Device]
4393176090,12191,277899,273,1,1,48,1,1,40,0.000,0.001,,,,,NVIDIA A100-SXM4-40GB MIG 4g.20gb (0),1,,13,"void pusch_noise_intf_est::noiseIntfEstNoDftSOfdmKernel<float, __half, float, float, (unsigned int)2, (unsigned int)1, (unsigned char)4, (unsigned char)4>(pusch_noise_intf_est::puschRxNoiseIntfEstDynDescr)"
4393199225,3072,277910,35,1,1,128,1,1,16,0.000,0.000,,,,,NVIDIA A100-SXM4-40GB MIG 4g.20gb (0),1,,13,cupy_copy__complex64_complex64
4393207769,1696,277919,1,1,1,1,1,1,18,0.000,0.000,,,,,NVIDIA A100-SXM4-40GB MIG 4g.20gb (0),1,,13,cupy_copy__float32_float32
4393214233,3104,277925,,,,,,,,,,0.000,1.289,Device,Pageable,NVIDIA A100-SXM4-40GB MIG 4g.20gb (0),1,,7,[CUDA memcpy Device-to-Host]
4393292376,13024,277936,1434,1,1,128,1,1,16,0.000,0.000,,,,,NVIDIA A100-SXM4-40GB MIG 4g.20gb (0),1,,13,cupy_copy__complex64_complex64
4393319000,3040,277943,103,1,1,128,1,1,16,0.000,0.000,,,,,NVIDIA A100-SXM4-40GB MIG 4g.20gb (0),1,,13,cupy_copy__complex64_complex64
4393341048,2816,277950,35,1,1,128,1,1,16,0.000,0.000,,,,,NVIDIA A100-SXM4-40GB MIG 4g.20gb (0),1,,13,cupy_copy__complex64_complex64
4393357815,1920,277957,1,1,1,1,1,1,18,0.000,0.000,,,,,NVIDIA A100-SXM4-40GB MIG 4g.20gb (0),1,,13,cupy_copy__float32_float32
4393482070,86623,277968,1,1,1,32,32,1,30,0.000,0.000,,,,,NVIDIA A100-SXM4-40GB MIG 4g.20gb (0),1,,13,"void convert_kernel<__half2, float2>(tensor_layout_any, T1 *, tensor_layout_any, const T2 *)"
4393595924,5536,277971,,,,,,,,,,0.094,16924.777,Pinned,Device,NVIDIA A100-SXM4-40GB MIG 4g.20gb (0),1,,13,[CUDA memcpy Host-to-Device]
4393611956,3264,277972,,,,,,,,,,1.547,473842.288,Device,,NVIDIA A100-SXM4-40GB MIG 4g.20gb (0),1,,13,[CUDA memset]
4393618516,4128,277977,,,,,,,,,,0.031,7581.393,Pinned,Device,NVIDIA A100-SXM4-40GB MIG 4g.20gb (0),1,,13,[CUDA memcpy Host-to-Device]
4393625524,10432,277978,,,,,,,,,,0.197,18846.450,Pinned,Device,NVIDIA A100-SXM4-40GB MIG 4g.20gb (0),1,,13,[CUDA memcpy Host-to-Device]
4393641588,5888,277979,273,1,1,8,4,1,39,0.002,0.000,,,,,NVIDIA A100-SXM4-40GB MIG 4g.20gb (0),1,,13,"void channel_eq::eqMmseCoefCompLowMimoKernel<float, float, float, (unsigned int)4, (unsigned int)1, (unsigned int)4>(const channel_eq::_puschRxChEqStatDescr *, channel_eq::_puschRxChEqCoefCompDynDescr)"
4393648660,6208,277980,273,1,1,12,11,1,51,0.002,0.000,,,,,NVIDIA A100-SXM4-40GB MIG 4g.20gb (0),1,,13,"void channel_eq::eqMmseSoftDemapKernel<float, __half, __half, float, (unsigned int)4, (unsigned short)16383>(channel_eq::_puschRxChEqStatDescr *, channel_eq::_puschRxChEqSoftDemapDynDescr)"
4393655892,294236,277981,1,1,1,32,32,1,30,0.000,0.000,,,,,NVIDIA A100-SXM4-40GB MIG 4g.20gb (0),1,,13,"void convert_kernel<float2, __half2>(tensor_layout_any, T1 *, tensor_layout_any, const T2 *)"
4393952592,10976,277993,2253,1,1,128,1,1,16,0.000,0.000,,,,,NVIDIA A100-SXM4-40GB MIG 4g.20gb (0),1,,13,cupy_copy__float16_float16
4393969136,3360,278002,282,1,1,128,1,1,16,0.000,0.000,,,,,NVIDIA A100-SXM4-40GB MIG 4g.20gb (0),1,,13,cupy_copy__complex64_complex64
4393975120,2368,278011,26,1,1,128,1,1,16,0.000,0.000,,,,,NVIDIA A100-SXM4-40GB MIG 4g.20gb (0),1,,13,cupy_copy__float32_float32
4393978640,2784,278020,103,1,1,128,1,1,16,0.000,0.000,,,,,NVIDIA A100-SXM4-40GB MIG 4g.20gb (0),1,,13,cupy_copy__complex64_complex64
4393984816,12095,278030,1434,1,1,128,1,1,16,0.000,0.000,,,,,NVIDIA A100-SXM4-40GB MIG 4g.20gb (0),1,,13,cupy_copy__complex64_complex64
4393998511,82911,278035,1,1,1,32,32,1,30,0.000,0.000,,,,,NVIDIA A100-SXM4-40GB MIG 4g.20gb (0),1,,13,"void convert_kernel<__half2, float2>(tensor_layout_any, T1 *, tensor_layout_any, const T2 *)"
4394108718,5600,278038,,,,,,,,,,0.094,16731.388,Pinned,Device,NVIDIA A100-SXM4-40GB MIG 4g.20gb (0),1,,13,[CUDA memcpy Host-to-Device]
4394119278,597433,278039,,,,,,,,,,456.561,763827.289,Device,,NVIDIA A100-SXM4-40GB MIG 4g.20gb (0),1,,13,[CUDA memset]
4394724263,140766,278044,,,,,,,,,,1.235,8771.807,Pinned,Device,NVIDIA A100-SXM4-40GB MIG 4g.20gb (0),1,,13,[CUDA memcpy Host-to-Device]
4394873413,35071,278045,,,,,,,,,,0.197,5605.884,Pinned,Device,NVIDIA A100-SXM4-40GB MIG 4g.20gb (0),1,,13,[CUDA memcpy Host-to-Device]
4394927716,8128,278046,69,4,1,48,1,1,76,0.002,0.000,,,,,NVIDIA A100-SXM4-40GB MIG 4g.20gb (0),1,,13,"void ch_est::windowedChEstPreNoDftSOfdmKernel<float, __half, float, (unsigned int)2, (unsigned int)1, (unsigned short)4>(ch_est::puschRxChEstStatDescr_t *, ch_est::puschRxChEstDynDescr_t *)"
4394945028,6592,278047,137,2,1,24,2,1,44,0.001,0.001,,,,,NVIDIA A100-SXM4-40GB MIG 4g.20gb (0),1,,13,"void ch_est::chEstFilterNoDftSOfdmDispatchKernel<float, __half, float, (unsigned int)2>(ch_est::puschRxChEstStatDescr_t *, ch_est::puschRxChEstDynDescr_t *)"
4394960804,4768,278048,137,2,1,24,2,1,44,0.001,0.001,,,,,NVIDIA A100-SXM4-40GB MIG 4g.20gb (0),1,,13,"void ch_est::chEstFilterNoDftSOfdmDispatchKernel<float, __half, float, (unsigned int)2>(ch_est::puschRxChEstStatDescr_t *, ch_est::puschRxChEstDynDescr_t *)"
4394976003,2560,278059,103,1,1,128,1,1,16,0.000,0.000,,,,,NVIDIA A100-SXM4-40GB MIG 4g.20gb (0),1,,13,cupy_copy__complex64_complex64
4394991203,12448,278069,1434,1,1,128,1,1,16,0.000,0.000,,,,,NVIDIA A100-SXM4-40GB MIG 4g.20gb (0),1,,13,cupy_copy__complex64_complex64
4395029731,2432,278076,103,1,1,128,1,1,16,0.000,0.000,,,,,NVIDIA A100-SXM4-40GB MIG 4g.20gb (0),1,,13,cupy_copy__complex64_complex64
4395049347,94270,278083,1,1,1,32,32,1,30,0.000,0.000,,,,,NVIDIA A100-SXM4-40GB MIG 4g.20gb (0),1,,13,"void convert_kernel<__half2, float2>(tensor_layout_any, T1 *, tensor_layout_any, const T2 *)"
4395176609,13696,278086,,,,,,,,,,0.094,6841.120,Pinned,Device,NVIDIA A100-SXM4-40GB MIG 4g.20gb (0),1,,13,[CUDA memcpy Host-to-Device]
4395203009,47935,278087,,,,,,,,,,35.810,747030.741,Device,,NVIDIA A100-SXM4-40GB MIG 4g.20gb (0),1,,13,[CUDA memset]
4395258464,4128,278089,,,,,,,,,,0.000,19.380,Pinned,Device,NVIDIA A100-SXM4-40GB MIG 4g.20gb (0),1,,13,[CUDA memcpy Host-to-Device]
4395269632,15040,278090,,,,,,,,,,0.197,13072.269,Pinned,Device,NVIDIA A100-SXM4-40GB MIG 4g.20gb (0),1,,13,[CUDA memcpy Host-to-Device]
4395296031,12000,278091,273,1,1,48,1,1,40,0.000,0.001,,,,,NVIDIA A100-SXM4-40GB MIG 4g.20gb (0),1,,13,"void pusch_noise_intf_est::noiseIntfEstNoDftSOfdmKernel<float, __half, float, float, (unsigned int)2, (unsigned int)1, (unsigned char)4, (unsigned char)4>(pusch_noise_intf_est::puschRxNoiseIntfEstDynDescr)"
4395314271,3264,278102,35,1,1,128,1,1,16,0.000,0.000,,,,,NVIDIA A100-SXM4-40GB MIG 4g.20gb (0),1,,13,cupy_copy__complex64_complex64
4395324127,1888,278111,1,1,1,1,1,1,18,0.000,0.000,,,,,NVIDIA A100-SXM4-40GB MIG 4g.20gb (0),1,,13,cupy_copy__float32_float32
4395330207,5952,278117,,,,,,,,,,0.000,0.672,Device,Pageable,NVIDIA A100-SXM4-40GB MIG 4g.20gb (0),1,,7,[CUDA memcpy Device-to-Host]
4395408030,12736,278128,1434,1,1,128,1,1,16,0.000,0.000,,,,,NVIDIA A100-SXM4-40GB MIG 4g.20gb (0),1,,13,cupy_copy__complex64_complex64
4395441982,2976,278135,103,1,1,128,1,1,16,0.000,0.000,,,,,NVIDIA A100-SXM4-40GB MIG 4g.20gb (0),1,,13,cupy_copy__complex64_complex64
4395458141,2528,278142,35,1,1,128,1,1,16,0.000,0.000,,,,,NVIDIA A100-SXM4-40GB MIG 4g.20gb (0),1,,13,cupy_copy__complex64_complex64
4395474717,1984,278149,1,1,1,1,1,1,18,0.000,0.000,,,,,NVIDIA A100-SXM4-40GB MIG 4g.20gb (0),1,,13,cupy_copy__float32_float32
4395610396,87327,278160,1,1,1,32,32,1,30,0.000,0.000,,,,,NVIDIA A100-SXM4-40GB MIG 4g.20gb (0),1,,13,"void convert_kernel<__half2, float2>(tensor_layout_any, T1 *, tensor_layout_any, const T2 *)"
4395726650,7776,278163,,,,,,,,,,0.094,12049.306,Pinned,Device,NVIDIA A100-SXM4-40GB MIG 4g.20gb (0),1,,13,[CUDA memcpy Host-to-Device]
4395744282,3360,278164,,,,,,,,,,1.547,460304.688,Device,,NVIDIA A100-SXM4-40GB MIG 4g.20gb (0),1,,13,[CUDA memset]
4395748410,5344,278169,,,,,,,,,,0.031,5856.264,Pinned,Device,NVIDIA A100-SXM4-40GB MIG 4g.20gb (0),1,,13,[CUDA memcpy Host-to-Device]
4395756250,9504,278170,,,,,,,,,,0.197,20686.701,Pinned,Device,NVIDIA A100-SXM4-40GB MIG 4g.20gb (0),1,,13,[CUDA memcpy Host-to-Device]
4395773722,8127,278171,273,1,1,8,4,1,39,0.002,0.000,,,,,NVIDIA A100-SXM4-40GB MIG 4g.20gb (0),1,,13,"void channel_eq::eqMmseCoefCompLowMimoKernel<float, float, float, (unsigned int)4, (unsigned int)1, (unsigned int)4>(const channel_eq::_puschRxChEqStatDescr *, channel_eq::_puschRxChEqCoefCompDynDescr)"
4395782777,5952,278172,273,1,1,12,11,1,51,0.002,0.000,,,,,NVIDIA A100-SXM4-40GB MIG 4g.20gb (0),1,,13,"void channel_eq::eqMmseSoftDemapKernel<float, __half, __half, float, (unsigned int)4, (unsigned short)16383>(channel_eq::_puschRxChEqStatDescr *, channel_eq::_puschRxChEqSoftDemapDynDescr)"
4395789753,282685,278173,1,1,1,32,32,1,30,0.000,0.000,,,,,NVIDIA A100-SXM4-40GB MIG 4g.20gb (0),1,,13,"void convert_kernel<float2, __half2>(tensor_layout_any, T1 *, tensor_layout_any, const T2 *)"
4396075606,11040,278185,2253,1,1,128,1,1,16,0.000,0.000,,,,,NVIDIA A100-SXM4-40GB MIG 4g.20gb (0),1,,13,cupy_copy__float16_float16
4396089654,2816,278194,282,1,1,128,1,1,16,0.000,0.000,,,,,NVIDIA A100-SXM4-40GB MIG 4g.20gb (0),1,,13,cupy_copy__complex64_complex64
4396094774,2368,278203,26,1,1,128,1,1,16,0.000,0.000,,,,,NVIDIA A100-SXM4-40GB MIG 4g.20gb (0),1,,13,cupy_copy__float32_float32
4396098550,5600,278212,103,1,1,128,1,1,16,0.000,0.000,,,,,NVIDIA A100-SXM4-40GB MIG 4g.20gb (0),1,,13,cupy_copy__complex64_complex64
4396107477,12128,278222,1434,1,1,128,1,1,16,0.000,0.000,,,,,NVIDIA A100-SXM4-40GB MIG 4g.20gb (0),1,,13,cupy_copy__complex64_complex64
4396123669,81919,278227,1,1,1,32,32,1,30,0.000,0.000,,,,,NVIDIA A100-SXM4-40GB MIG 4g.20gb (0),1,,13,"void convert_kernel<__half2, float2>(tensor_layout_any, T1 *, tensor_layout_any, const T2 *)"
4396233492,5440,278230,,,,,,,,,,0.094,17223.480,Pinned,Device,NVIDIA A100-SXM4-40GB MIG 4g.20gb (0),1,,13,[CUDA memcpy Host-to-Device]
4396243828,597336,278231,,,,,,,,,,456.561,764283.851,Device,,NVIDIA A100-SXM4-40GB MIG 4g.20gb (0),1,,13,[CUDA memset]
4396843436,147807,278236,,,,,,,,,,1.235,8354.396,Pinned,Device,NVIDIA A100-SXM4-40GB MIG 4g.20gb (0),1,,13,[CUDA memcpy Host-to-Device]
4397003946,40320,278237,,,,,,,,,,0.197,4876.075,Pinned,Device,NVIDIA A100-SXM4-40GB MIG 4g.20gb (0),1,,13,[CUDA memcpy Host-to-Device]
4397065418,8224,278238,69,4,1,48,1,1,76,0.002,0.000,,,,,NVIDIA A100-SXM4-40GB MIG 4g.20gb (0),1,,13,"void ch_est::windowedChEstPreNoDftSOfdmKernel<float, __half, float, (unsigned int)2, (unsigned int)1, (unsigned short)4>(ch_est::puschRxChEstStatDescr_t *, ch_est::puschRxChEstDynDescr_t *)"
4397084649,6528,278239,137,2,1,24,2,1,44,0.001,0.001,,,,,NVIDIA A100-SXM4-40GB MIG 4g.20gb (0),1,,13,"void ch_est::chEstFilterNoDftSOfdmDispatchKernel<float, __half, float, (unsigned int)2>(ch_est::puschRxChEstStatDescr_t *, ch_est::puschRxChEstDynDescr_t *)"
4397101673,4736,278240,137,2,1,24,2,1,44,0.001,0.001,,,,,NVIDIA A100-SXM4-40GB MIG 4g.20gb (0),1,,13,"void ch_est::chEstFilterNoDftSOfdmDispatchKernel<float, __half, float, (unsigned int)2>(ch_est::puschRxChEstStatDescr_t *, ch_est::puschRxChEstDynDescr_t *)"
4397121417,2656,278251,103,1,1,128,1,1,16,0.000,0.000,,,,,NVIDIA A100-SXM4-40GB MIG 4g.20gb (0),1,,13,cupy_copy__complex64_complex64
4397138089,12384,278261,1434,1,1,128,1,1,16,0.000,0.000,,,,,NVIDIA A100-SXM4-40GB MIG 4g.20gb (0),1,,13,cupy_copy__complex64_complex64
4397160841,2623,278268,103,1,1,128,1,1,16,0.000,0.000,,,,,NVIDIA A100-SXM4-40GB MIG 4g.20gb (0),1,,13,cupy_copy__complex64_complex64
4397182824,89471,278275,1,1,1,32,32,1,30,0.000,0.000,,,,,NVIDIA A100-SXM4-40GB MIG 4g.20gb (0),1,,13,"void convert_kernel<__half2, float2>(tensor_layout_any, T1 *, tensor_layout_any, const T2 *)"
4397302471,19520,278278,,,,,,,,,,0.094,4799.952,Pinned,Device,NVIDIA A100-SXM4-40GB MIG 4g.20gb (0),1,,13,[CUDA memcpy Host-to-Device]
4397340806,47808,278279,,,,,,,,,,35.810,749036.097,Device,,NVIDIA A100-SXM4-40GB MIG 4g.20gb (0),1,,13,[CUDA memset]
4397393478,7904,278281,,,,,,,,,,0.000,10.121,Pinned,Device,NVIDIA A100-SXM4-40GB MIG 4g.20gb (0),1,,13,[CUDA memcpy Host-to-Device]
4397410661,21504,278282,,,,,,,,,,0.197,9142.665,Pinned,Device,NVIDIA A100-SXM4-40GB MIG 4g.20gb (0),1,,13,[CUDA memcpy Host-to-Device]
4397450437,9632,278283,273,1,1,48,1,1,40,0.000,0.001,,,,,NVIDIA A100-SXM4-40GB MIG 4g.20gb (0),1,,13,"void pusch_noise_intf_est::noiseIntfEstNoDftSOfdmKernel<float, __half, float, float, (unsigned int)2, (unsigned int)1, (unsigned char)4, (unsigned char)4>(pusch_noise_intf_est::puschRxNoiseIntfEstDynDescr)"
4397469669,2688,278294,35,1,1,128,1,1,16,0.000,0.000,,,,,NVIDIA A100-SXM4-40GB MIG 4g.20gb (0),1,,13,cupy_copy__complex64_complex64
4397481829,1824,278303,1,1,1,1,1,1,18,0.000,0.000,,,,,NVIDIA A100-SXM4-40GB MIG 4g.20gb (0),1,,13,cupy_copy__float32_float32
4397484613,4287,278309,,,,,,,,,,0.000,0.933,Device,Pageable,NVIDIA A100-SXM4-40GB MIG 4g.20gb (0),1,,7,[CUDA memcpy Device-to-Host]
4397557380,13119,278320,1434,1,1,128,1,1,16,0.000,0.000,,,,,NVIDIA A100-SXM4-40GB MIG 4g.20gb (0),1,,13,cupy_copy__complex64_complex64
4397586243,2912,278327,103,1,1,128,1,1,16,0.000,0.000,,,,,NVIDIA A100-SXM4-40GB MIG 4g.20gb (0),1,,13,cupy_copy__complex64_complex64
4397602595,2464,278334,35,1,1,128,1,1,16,0.000,0.000,,,,,NVIDIA A100-SXM4-40GB MIG 4g.20gb (0),1,,13,cupy_copy__complex64_complex64
4397618691,1984,278341,1,1,1,1,1,1,18,0.000,0.000,,,,,NVIDIA A100-SXM4-40GB MIG 4g.20gb (0),1,,13,cupy_copy__float32_float32
4397749761,87775,278352,1,1,1,32,32,1,30,0.000,0.000,,,,,NVIDIA A100-SXM4-40GB MIG 4g.20gb (0),1,,13,"void convert_kernel<__half2, float2>(tensor_layout_any, T1 *, tensor_layout_any, const T2 *)"
4397865760,5568,278355,,,,,,,,,,0.094,16827.521,Pinned,Device,NVIDIA A100-SXM4-40GB MIG 4g.20gb (0),1,,13,[CUDA memcpy Host-to-Device]
4397879264,3552,278356,,,,,,,,,,1.547,435422.601,Device,,NVIDIA A100-SXM4-40GB MIG 4g.20gb (0),1,,13,[CUDA memset]
4397886688,3648,278361,,,,,,,,,,0.031,8578.922,Pinned,Device,NVIDIA A100-SXM4-40GB MIG 4g.20gb (0),1,,13,[CUDA memcpy Host-to-Device]
4397893183,9632,278362,,,,,,,,,,0.197,20411.843,Pinned,Device,NVIDIA A100-SXM4-40GB MIG 4g.20gb (0),1,,13,[CUDA memcpy Host-to-Device]
4397907711,6432,278363,273,1,1,8,4,1,39,0.002,0.000,,,,,NVIDIA A100-SXM4-40GB MIG 4g.20gb (0),1,,13,"void channel_eq::eqMmseCoefCompLowMimoKernel<float, float, float, (unsigned int)4, (unsigned int)1, (unsigned int)4>(const channel_eq::_puschRxChEqStatDescr *, channel_eq::_puschRxChEqCoefCompDynDescr)"
4397915103,6400,278364,273,1,1,12,11,1,51,0.002,0.000,,,,,NVIDIA A100-SXM4-40GB MIG 4g.20gb (0),1,,13,"void channel_eq::eqMmseSoftDemapKernel<float, __half, __half, float, (unsigned int)4, (unsigned short)16383>(channel_eq::_puschRxChEqStatDescr *, channel_eq::_puschRxChEqSoftDemapDynDescr)"
4397922527,282461,278365,1,1,1,32,32,1,30,0.000,0.000,,,,,NVIDIA A100-SXM4-40GB MIG 4g.20gb (0),1,,13,"void convert_kernel<float2, __half2>(tensor_layout_any, T1 *, tensor_layout_any, const T2 *)"
4398207132,11135,278377,2253,1,1,128,1,1,16,0.000,0.000,,,,,NVIDIA A100-SXM4-40GB MIG 4g.20gb (0),1,,13,cupy_copy__float16_float16
4398219867,3584,278386,282,1,1,128,1,1,16,0.000,0.000,,,,,NVIDIA A100-SXM4-40GB MIG 4g.20gb (0),1,,13,cupy_copy__complex64_complex64
4398225275,2080,278395,26,1,1,128,1,1,16,0.000,0.000,,,,,NVIDIA A100-SXM4-40GB MIG 4g.20gb (0),1,,13,cupy_copy__float32_float32
4398229723,4544,278404,103,1,1,128,1,1,16,0.000,0.000,,,,,NVIDIA A100-SXM4-40GB MIG 4g.20gb (0),1,,13,cupy_copy__complex64_complex64
4398238363,12032,278414,1434,1,1,128,1,1,16,0.000,0.000,,,,,NVIDIA A100-SXM4-40GB MIG 4g.20gb (0),1,,13,cupy_copy__complex64_complex64
4398256027,82719,278419,1,1,1,32,32,1,30,0.000,0.000,,,,,NVIDIA A100-SXM4-40GB MIG 4g.20gb (0),1,,13,"void convert_kernel<__half2, float2>(tensor_layout_any, T1 *, tensor_layout_any, const T2 *)"
4398365242,5568,278422,,,,,,,,,,0.094,16827.521,Pinned,Device,NVIDIA A100-SXM4-40GB MIG 4g.20gb (0),1,,13,[CUDA memcpy Host-to-Device]
4398377050,599352,278423,,,,,,,,,,456.561,761544.482,Device,,NVIDIA A100-SXM4-40GB MIG 4g.20gb (0),1,,13,[CUDA memset]
4398981970,111839,278428,,,,,,,,,,1.235,11041.634,Pinned,Device,NVIDIA A100-SXM4-40GB MIG 4g.20gb (0),1,,13,[CUDA memcpy Host-to-Device]
4399104209,33023,278429,,,,,,,,,,0.197,5953.487,Pinned,Device,NVIDIA A100-SXM4-40GB MIG 4g.20gb (0),1,,13,[CUDA memcpy Host-to-Device]
4399155312,8384,278430,69,4,1,48,1,1,76,0.002,0.000,,,,,NVIDIA A100-SXM4-40GB MIG 4g.20gb (0),1,,13,"void ch_est::windowedChEstPreNoDftSOfdmKernel<float, __half, float, (unsigned int)2, (unsigned int)1, (unsigned short)4>(ch_est::puschRxChEstStatDescr_t *, ch_est::puschRxChEstDynDescr_t *)"
4399170960,6944,278431,137,2,1,24,2,1,44,0.001,0.001,,,,,NVIDIA A100-SXM4-40GB MIG 4g.20gb (0),1,,13,"void ch_est::chEstFilterNoDftSOfdmDispatchKernel<float, __half, float, (unsigned int)2>(ch_est::puschRxChEstStatDescr_t *, ch_est::puschRxChEstDynDescr_t *)"
4399184304,4736,278432,137,2,1,24,2,1,44,0.001,0.001,,,,,NVIDIA A100-SXM4-40GB MIG 4g.20gb (0),1,,13,"void ch_est::chEstFilterNoDftSOfdmDispatchKernel<float, __half, float, (unsigned int)2>(ch_est::puschRxChEstStatDescr_t *, ch_est::puschRxChEstDynDescr_t *)"
4399200143,2624,278443,103,1,1,128,1,1,16,0.000,0.000,,,,,NVIDIA A100-SXM4-40GB MIG 4g.20gb (0),1,,13,cupy_copy__complex64_complex64
4399213775,12416,278453,1434,1,1,128,1,1,16,0.000,0.000,,,,,NVIDIA A100-SXM4-40GB MIG 4g.20gb (0),1,,13,cupy_copy__complex64_complex64
4399232367,2912,278460,103,1,1,128,1,1,16,0.000,0.000,,,,,NVIDIA A100-SXM4-40GB MIG 4g.20gb (0),1,,13,cupy_copy__complex64_complex64
4399255567,92095,278467,1,1,1,32,32,1,30,0.000,0.000,,,,,NVIDIA A100-SXM4-40GB MIG 4g.20gb (0),1,,13,"void convert_kernel<__half2, float2>(tensor_layout_any, T1 *, tensor_layout_any, const T2 *)"
4399380685,25632,278470,,,,,,,,,,0.094,3655.362,Pinned,Device,NVIDIA A100-SXM4-40GB MIG 4g.20gb (0),1,,13,[CUDA memcpy Host-to-Device]
4399422253,47903,278471,,,,,,,,,,35.810,747532.080,Device,,NVIDIA A100-SXM4-40GB MIG 4g.20gb (0),1,,13,[CUDA memset]
4399478316,15360,278473,,,,,,,,,,0.000,5.208,Pinned,Device,NVIDIA A100-SXM4-40GB MIG 4g.20gb (0),1,,13,[CUDA memcpy Host-to-Device]
4399505740,19583,278474,,,,,,,,,,0.197,10039.591,Pinned,Device,NVIDIA A100-SXM4-40GB MIG 4g.20gb (0),1,,13,[CUDA memcpy Host-to-Device]
4399543883,9504,278475,273,1,1,48,1,1,40,0.000,0.001,,,,,NVIDIA A100-SXM4-40GB MIG 4g.20gb (0),1,,13,"void pusch_noise_intf_est::noiseIntfEstNoDftSOfdmKernel<float, __half, float, float, (unsigned int)2, (unsigned int)1, (unsigned char)4, (unsigned char)4>(pusch_noise_intf_est::puschRxNoiseIntfEstDynDescr)"
4399560811,2784,278486,35,1,1,128,1,1,16,0.000,0.000,,,,,NVIDIA A100-SXM4-40GB MIG 4g.20gb (0),1,,13,cupy_copy__complex64_complex64
4399577451,1728,278495,1,1,1,1,1,1,18,0.000,0.000,,,,,NVIDIA A100-SXM4-40GB MIG 4g.20gb (0),1,,13,cupy_copy__float32_float32
4399579691,9408,278501,,,,,,,,,,0.000,0.425,Device,Pageable,NVIDIA A100-SXM4-40GB MIG 4g.20gb (0),1,,7,[CUDA memcpy Device-to-Host]
4399671466,12607,278512,1434,1,1,128,1,1,16,0.000,0.000,,,,,NVIDIA A100-SXM4-40GB MIG 4g.20gb (0),1,,13,cupy_copy__complex64_complex64
4399697097,2720,278519,103,1,1,128,1,1,16,0.000,0.000,,,,,NVIDIA A100-SXM4-40GB MIG 4g.20gb (0),1,,13,cupy_copy__complex64_complex64
4399716297,2560,278526,35,1,1,128,1,1,16,0.000,0.000,,,,,NVIDIA A100-SXM4-40GB MIG 4g.20gb (0),1,,13,cupy_copy__complex64_complex64
4399736105,1792,278533,1,1,1,1,1,1,18,0.000,0.000,,,,,NVIDIA A100-SXM4-40GB MIG 4g.20gb (0),1,,13,cupy_copy__float32_float32
4399866311,87519,278544,1,1,1,32,32,1,30,0.000,0.000,,,,,NVIDIA A100-SXM4-40GB MIG 4g.20gb (0),1,,13,"void convert_kernel<__half2, float2>(tensor_layout_any, T1 *, tensor_layout_any, const T2 *)"
4399982662,5760,278547,,,,,,,,,,0.094,16266.656,Pinned,Device,NVIDIA A100-SXM4-40GB MIG 4g.20gb (0),1,,13,[CUDA memcpy Host-to-Device]
4399996966,3168,278548,,,,,,,,,,1.547,488201.145,Device,,NVIDIA A100-SXM4-40GB MIG 4g.20gb (0),1,,13,[CUDA memset]
4400004005,3040,278553,,,,,,,,,,0.031,10294.725,Pinned,Device,NVIDIA A100-SXM4-40GB MIG 4g.20gb (0),1,,13,[CUDA memcpy Host-to-Device]
4400009733,9760,278554,,,,,,,,,,0.197,20144.259,Pinned,Device,NVIDIA A100-SXM4-40GB MIG 4g.20gb (0),1,,13,[CUDA memcpy Host-to-Device]
4400023781,6176,278555,273,1,1,8,4,1,39,0.002,0.000,,,,,NVIDIA A100-SXM4-40GB MIG 4g.20gb (0),1,,13,"void channel_eq::eqMmseCoefCompLowMimoKernel<float, float, float, (unsigned int)4, (unsigned int)1, (unsigned int)4>(const channel_eq::_puschRxChEqStatDescr *, channel_eq::_puschRxChEqCoefCompDynDescr)"
4400031621,7936,278556,273,1,1,12,11,1,51,0.002,0.000,,,,,NVIDIA A100-SXM4-40GB MIG 4g.20gb (0),1,,13,"void channel_eq::eqMmseSoftDemapKernel<float, __half, __half, float, (unsigned int)4, (unsigned short)16383>(channel_eq::_puschRxChEqStatDescr *, channel_eq::_puschRxChEqSoftDemapDynDescr)"
4400040549,282333,278557,1,1,1,32,32,1,30,0.000,0.000,,,,,NVIDIA A100-SXM4-40GB MIG 4g.20gb (0),1,,13,"void convert_kernel<float2, __half2>(tensor_layout_any, T1 *, tensor_layout_any, const T2 *)"
4400323970,11103,278569,2253,1,1,128,1,1,16,0.000,0.000,,,,,NVIDIA A100-SXM4-40GB MIG 4g.20gb (0),1,,13,cupy_copy__float16_float16
4400337217,3872,278578,282,1,1,128,1,1,16,0.000,0.000,,,,,NVIDIA A100-SXM4-40GB MIG 4g.20gb (0),1,,13,cupy_copy__complex64_complex64
4400343041,2432,278587,26,1,1,128,1,1,16,0.000,0.000,,,,,NVIDIA A100-SXM4-40GB MIG 4g.20gb (0),1,,13,cupy_copy__float32_float32
4400347969,4768,278596,103,1,1,128,1,1,16,0.000,0.000,,,,,NVIDIA A100-SXM4-40GB MIG 4g.20gb (0),1,,13,cupy_copy__complex64_complex64
4400354657,11904,278606,1434,1,1,128,1,1,16,0.000,0.000,,,,,NVIDIA A100-SXM4-40GB MIG 4g.20gb (0),1,,13,cupy_copy__complex64_complex64
4400371489,91071,278611,1,1,1,32,32,1,30,0.000,0.000,,,,,NVIDIA A100-SXM4-40GB MIG 4g.20gb (0),1,,13,"void convert_kernel<__half2, float2>(tensor_layout_any, T1 *, tensor_layout_any, const T2 *)"
4400489215,5472,278614,,,,,,,,,,0.094,17122.757,Pinned,Device,NVIDIA A100-SXM4-40GB MIG 4g.20gb (0),1,,13,[CUDA memcpy Host-to-Device]
4400499679,597305,278615,,,,,,,,,,456.561,764283.851,Device,,NVIDIA A100-SXM4-40GB MIG 4g.20gb (0),1,,13,[CUDA memset]
4401099608,151454,278620,,,,,,,,,,1.235,8153.100,Pinned,Device,NVIDIA A100-SXM4-40GB MIG 4g.20gb (0),1,,13,[CUDA memcpy Host-to-Device]
4401260278,22176,278621,,,,,,,,,,0.197,8865.645,Pinned,Device,NVIDIA A100-SXM4-40GB MIG 4g.20gb (0),1,,13,[CUDA memcpy Host-to-Device]
4401299350,8447,278622,69,4,1,48,1,1,76,0.002,0.000,,,,,NVIDIA A100-SXM4-40GB MIG 4g.20gb (0),1,,13,"void ch_est::windowedChEstPreNoDftSOfdmKernel<float, __half, float, (unsigned int)2, (unsigned int)1, (unsigned short)4>(ch_est::puschRxChEstStatDescr_t *, ch_est::puschRxChEstDynDescr_t *)"
4401313557,6656,278623,137,2,1,24,2,1,44,0.001,0.001,,,,,NVIDIA A100-SXM4-40GB MIG 4g.20gb (0),1,,13,"void ch_est::chEstFilterNoDftSOfdmDispatchKernel<float, __half, float, (unsigned int)2>(ch_est::puschRxChEstStatDescr_t *, ch_est::puschRxChEstDynDescr_t *)"
4401321877,4960,278624,137,2,1,24,2,1,44,0.001,0.001,,,,,NVIDIA A100-SXM4-40GB MIG 4g.20gb (0),1,,13,"void ch_est::chEstFilterNoDftSOfdmDispatchKernel<float, __half, float, (unsigned int)2>(ch_est::puschRxChEstStatDescr_t *, ch_est::puschRxChEstDynDescr_t *)"
4401329717,2752,278635,103,1,1,128,1,1,16,0.000,0.000,,,,,NVIDIA A100-SXM4-40GB MIG 4g.20gb (0),1,,13,cupy_copy__complex64_complex64
4401336437,12608,278645,1434,1,1,128,1,1,16,0.000,0.000,,,,,NVIDIA A100-SXM4-40GB MIG 4g.20gb (0),1,,13,cupy_copy__complex64_complex64
4401350357,2720,278652,103,1,1,128,1,1,16,0.000,0.000,,,,,NVIDIA A100-SXM4-40GB MIG 4g.20gb (0),1,,13,cupy_copy__complex64_complex64
4401355061,87999,278659,1,1,1,32,32,1,30,0.000,0.000,,,,,NVIDIA A100-SXM4-40GB MIG 4g.20gb (0),1,,13,"void convert_kernel<__half2, float2>(tensor_layout_any, T1 *, tensor_layout_any, const T2 *)"
4401470547,5696,278662,,,,,,,,,,0.094,16449.363,Pinned,Device,NVIDIA A100-SXM4-40GB MIG 4g.20gb (0),1,,13,[CUDA memcpy Host-to-Device]
4401482931,46656,278663,,,,,,,,,,35.810,767514.015,Device,,NVIDIA A100-SXM4-40GB MIG 4g.20gb (0),1,,13,[CUDA memset]
4401536531,2816,278665,,,,,,,,,,0.000,28.409,Pinned,Device,NVIDIA A100-SXM4-40GB MIG 4g.20gb (0),1,,13,[CUDA memcpy Host-to-Device]
4401543475,12447,278666,,,,,,,,,,0.197,15795.487,Pinned,Device,NVIDIA A100-SXM4-40GB MIG 4g.20gb (0),1,,13,[CUDA memcpy Host-to-Device]
4401567090,9888,278667,273,1,1,48,1,1,40,0.000,0.001,,,,,NVIDIA A100-SXM4-40GB MIG 4g.20gb (0),1,,13,"void pusch_noise_intf_est::noiseIntfEstNoDftSOfdmKernel<float, __half, float, float, (unsigned int)2, (unsigned int)1, (unsigned char)4, (unsigned char)4>(pusch_noise_intf_est::puschRxNoiseIntfEstDynDescr)"
4401581298,3328,278678,35,1,1,128,1,1,16,0.000,0.000,,,,,NVIDIA A100-SXM4-40GB MIG 4g.20gb (0),1,,13,cupy_copy__complex64_complex64
4401590674,1760,278687,1,1,1,1,1,1,18,0.000,0.000,,,,,NVIDIA A100-SXM4-40GB MIG 4g.20gb (0),1,,13,cupy_copy__float32_float32
4401621554,1568,278693,,,,,,,,,,0.000,2.551,Device,Pageable,NVIDIA A100-SXM4-40GB MIG 4g.20gb (0),1,,7,[CUDA memcpy Device-to-Host]
4401680273,12640,278704,1434,1,1,128,1,1,16,0.000,0.000,,,,,NVIDIA A100-SXM4-40GB MIG 4g.20gb (0),1,,13,cupy_copy__complex64_complex64
4401706448,3328,278711,103,1,1,128,1,1,16,0.000,0.000,,,,,NVIDIA A100-SXM4-40GB MIG 4g.20gb (0),1,,13,cupy_copy__complex64_complex64
4401726864,2816,278718,35,1,1,128,1,1,16,0.000,0.000,,,,,NVIDIA A100-SXM4-40GB MIG 4g.20gb (0),1,,13,cupy_copy__complex64_complex64
4401745360,1824,278725,1,1,1,1,1,1,18,0.000,0.000,,,,,NVIDIA A100-SXM4-40GB MIG 4g.20gb (0),1,,13,cupy_copy__float32_float32
4401877262,82431,278736,1,1,1,32,32,1,30,0.000,0.000,,,,,NVIDIA A100-SXM4-40GB MIG 4g.20gb (0),1,,13,"void convert_kernel<__half2, float2>(tensor_layout_any, T1 *, tensor_layout_any, const T2 *)"
4401987405,5664,278739,,,,,,,,,,0.094,16542.310,Pinned,Device,NVIDIA A100-SXM4-40GB MIG 4g.20gb (0),1,,13,[CUDA memcpy Host-to-Device]
4402001741,3360,278740,,,,,,,,,,1.547,460304.688,Device,,NVIDIA A100-SXM4-40GB MIG 4g.20gb (0),1,,13,[CUDA memset]
4402008717,3744,278745,,,,,,,,,,0.031,8358.974,Pinned,Device,NVIDIA A100-SXM4-40GB MIG 4g.20gb (0),1,,13,[CUDA memcpy Host-to-Device]
4402014893,9536,278746,,,,,,,,,,0.197,20617.298,Pinned,Device,NVIDIA A100-SXM4-40GB MIG 4g.20gb (0),1,,13,[CUDA memcpy Host-to-Device]
4402029261,6463,278747,273,1,1,8,4,1,39,0.002,0.000,,,,,NVIDIA A100-SXM4-40GB MIG 4g.20gb (0),1,,13,"void channel_eq::eqMmseCoefCompLowMimoKernel<float, float, float, (unsigned int)4, (unsigned int)1, (unsigned int)4>(const channel_eq::_puschRxChEqStatDescr *, channel_eq::_puschRxChEqCoefCompDynDescr)"
4402036844,6336,278748,273,1,1,12,11,1,51,0.002,0.000,,,,,NVIDIA A100-SXM4-40GB MIG 4g.20gb (0),1,,13,"void channel_eq::eqMmseSoftDemapKernel<float, __half, __half, float, (unsigned int)4, (unsigned short)16383>(channel_eq::_puschRxChEqStatDescr *, channel_eq::_puschRxChEqSoftDemapDynDescr)"
4402044268,282781,278749,1,1,1,32,32,1,30,0.000,0.000,,,,,NVIDIA A100-SXM4-40GB MIG 4g.20gb (0),1,,13,"void convert_kernel<float2, __half2>(tensor_layout_any, T1 *, tensor_layout_any, const T2 *)"
4402329769,10944,278761,2253,1,1,128,1,1,16,0.000,0.000,,,,,NVIDIA A100-SXM4-40GB MIG 4g.20gb (0),1,,13,cupy_copy__float16_float16
4402345001,3232,278770,282,1,1,128,1,1,16,0.000,0.000,,,,,NVIDIA A100-SXM4-40GB MIG 4g.20gb (0),1,,13,cupy_copy__complex64_complex64
4402349257,1984,278779,26,1,1,128,1,1,16,0.000,0.000,,,,,NVIDIA A100-SXM4-40GB MIG 4g.20gb (0),1,,13,cupy_copy__float32_float32
4402354953,3103,278788,103,1,1,128,1,1,16,0.000,0.000,,,,,NVIDIA A100-SXM4-40GB MIG 4g.20gb (0),1,,13,cupy_copy__complex64_complex64
4402360776,12032,278798,1434,1,1,128,1,1,16,0.000,0.000,,,,,NVIDIA A100-SXM4-40GB MIG 4g.20gb (0),1,,13,cupy_copy__complex64_complex64
4402379304,87871,278803,1,1,1,32,32,1,30,0.000,0.000,,,,,NVIDIA A100-SXM4-40GB MIG 4g.20gb (0),1,,13,"void convert_kernel<__half2, float2>(tensor_layout_any, T1 *, tensor_layout_any, const T2 *)"
4402494151,6016,278806,,,,,,,,,,0.094,15574.430,Pinned,Device,NVIDIA A100-SXM4-40GB MIG 4g.20gb (0),1,,13,[CUDA memcpy Host-to-Device]
4402503591,597368,278807,,,,,,,,,,456.561,764283.851,Device,,NVIDIA A100-SXM4-40GB MIG 4g.20gb (0),1,,13,[CUDA memset]
4403107647,168382,278812,,,,,,,,,,1.235,7333.097,Pinned,Device,NVIDIA A100-SXM4-40GB MIG 4g.20gb (0),1,,13,[CUDA memcpy Host-to-Device]
4403290525,42783,278813,,,,,,,,,,0.197,4595.319,Pinned,Device,NVIDIA A100-SXM4-40GB MIG 4g.20gb (0),1,,13,[CUDA memcpy Host-to-Device]
4403352316,8032,278814,69,4,1,48,1,1,76,0.002,0.000,,,,,NVIDIA A100-SXM4-40GB MIG 4g.20gb (0),1,,13,"void ch_est::windowedChEstPreNoDftSOfdmKernel<float, __half, float, (unsigned int)2, (unsigned int)1, (unsigned short)4>(ch_est::puschRxChEstStatDescr_t *, ch_est::puschRxChEstDynDescr_t *)"
4403372060,6560,278815,137,2,1,24,2,1,44,0.001,0.001,,,,,NVIDIA A100-SXM4-40GB MIG 4g.20gb (0),1,,13,"void ch_est::chEstFilterNoDftSOfdmDispatchKernel<float, __half, float, (unsigned int)2>(ch_est::puschRxChEstStatDescr_t *, ch_est::puschRxChEstDynDescr_t *)"
4403389948,4704,278816,137,2,1,24,2,1,44,0.001,0.001,,,,,NVIDIA A100-SXM4-40GB MIG 4g.20gb (0),1,,13,"void ch_est::chEstFilterNoDftSOfdmDispatchKernel<float, __half, float, (unsigned int)2>(ch_est::puschRxChEstStatDescr_t *, ch_est::puschRxChEstDynDescr_t *)"
4403407164,2656,278827,103,1,1,128,1,1,16,0.000,0.000,,,,,NVIDIA A100-SXM4-40GB MIG 4g.20gb (0),1,,13,cupy_copy__complex64_complex64
4403423035,12288,278837,1434,1,1,128,1,1,16,0.000,0.000,,,,,NVIDIA A100-SXM4-40GB MIG 4g.20gb (0),1,,13,cupy_copy__complex64_complex64
4403441691,2944,278844,103,1,1,128,1,1,16,0.000,0.000,,,,,NVIDIA A100-SXM4-40GB MIG 4g.20gb (0),1,,13,cupy_copy__complex64_complex64
4403459291,87327,278851,1,1,1,32,32,1,30,0.000,0.000,,,,,NVIDIA A100-SXM4-40GB MIG 4g.20gb (0),1,,13,"void convert_kernel<__half2, float2>(tensor_layout_any, T1 *, tensor_layout_any, const T2 *)"
4403575641,6848,278854,,,,,,,,,,0.094,13682.239,Pinned,Device,NVIDIA A100-SXM4-40GB MIG 4g.20gb (0),1,,13,[CUDA memcpy Host-to-Device]
4403588281,47616,278855,,,,,,,,,,35.810,752044.130,Device,,NVIDIA A100-SXM4-40GB MIG 4g.20gb (0),1,,13,[CUDA memset]
4403642073,4544,278857,,,,,,,,,,0.000,17.606,Pinned,Device,NVIDIA A100-SXM4-40GB MIG 4g.20gb (0),1,,13,[CUDA memcpy Host-to-Device]
4403652153,12255,278858,,,,,,,,,,0.197,16043.016,Pinned,Device,NVIDIA A100-SXM4-40GB MIG 4g.20gb (0),1,,13,[CUDA memcpy Host-to-Device]
4403671384,10880,278859,273,1,1,48,1,1,40,0.000,0.001,,,,,NVIDIA A100-SXM4-40GB MIG 4g.20gb (0),1,,13,"void pusch_noise_intf_est::noiseIntfEstNoDftSOfdmKernel<float, __half, float, float, (unsigned int)2, (unsigned int)1, (unsigned char)4, (unsigned char)4>(pusch_noise_intf_est::puschRxNoiseIntfEstDynDescr)"
4403687576,3040,278870,35,1,1,128,1,1,16,0.000,0.000,,,,,NVIDIA A100-SXM4-40GB MIG 4g.20gb (0),1,,13,cupy_copy__complex64_complex64
4403699032,1728,278879,1,1,1,1,1,1,18,0.000,0.000,,,,,NVIDIA A100-SXM4-40GB MIG 4g.20gb (0),1,,13,cupy_copy__float32_float32
4403729048,1600,278885,,,,,,,,,,0.000,2.500,Device,Pageable,NVIDIA A100-SXM4-40GB MIG 4g.20gb (0),1,,7,[CUDA memcpy Device-to-Host]
4403790295,12736,278896,1434,1,1,128,1,1,16,0.000,0.000,,,,,NVIDIA A100-SXM4-40GB MIG 4g.20gb (0),1,,13,cupy_copy__complex64_complex64
4403816630,3712,278903,103,1,1,128,1,1,16,0.000,0.000,,,,,NVIDIA A100-SXM4-40GB MIG 4g.20gb (0),1,,13,cupy_copy__complex64_complex64
4403838326,2560,278910,35,1,1,128,1,1,16,0.000,0.000,,,,,NVIDIA A100-SXM4-40GB MIG 4g.20gb (0),1,,13,cupy_copy__complex64_complex64
4403858422,1984,278917,1,1,1,1,1,1,18,0.000,0.000,,,,,NVIDIA A100-SXM4-40GB MIG 4g.20gb (0),1,,13,cupy_copy__float32_float32
4403988276,86975,278928,1,1,1,32,32,1,30,0.000,0.000,,,,,NVIDIA A100-SXM4-40GB MIG 4g.20gb (0),1,,13,"void convert_kernel<__half2, float2>(tensor_layout_any, T1 *, tensor_layout_any, const T2 *)"
4404103891,6304,278931,,,,,,,,,,0.094,14862.903,Pinned,Device,NVIDIA A100-SXM4-40GB MIG 4g.20gb (0),1,,13,[CUDA memcpy Host-to-Device]
4404119027,3520,278932,,,,,,,,,,1.547,439380.412,Device,,NVIDIA A100-SXM4-40GB MIG 4g.20gb (0),1,,13,[CUDA memset]
4404124691,3328,278937,,,,,,,,,,0.031,9403.822,Pinned,Device,NVIDIA A100-SXM4-40GB MIG 4g.20gb (0),1,,13,[CUDA memcpy Host-to-Device]
4404130675,9408,278938,,,,,,,,,,0.197,20897.858,Pinned,Device,NVIDIA A100-SXM4-40GB MIG 4g.20gb (0),1,,13,[CUDA memcpy Host-to-Device]
4404146994,6400,278939,273,1,1,8,4,1,39,0.002,0.000,,,,,NVIDIA A100-SXM4-40GB MIG 4g.20gb (0),1,,13,"void channel_eq::eqMmseCoefCompLowMimoKernel<float, float, float, (unsigned int)4, (unsigned int)1, (unsigned int)4>(const channel_eq::_puschRxChEqStatDescr *, channel_eq::_puschRxChEqCoefCompDynDescr)"
4404156562,6400,278940,273,1,1,12,11,1,51,0.002,0.000,,,,,NVIDIA A100-SXM4-40GB MIG 4g.20gb (0),1,,13,"void channel_eq::eqMmseSoftDemapKernel<float, __half, __half, float, (unsigned int)4, (unsigned short)16383>(channel_eq::_puschRxChEqStatDescr *, channel_eq::_puschRxChEqSoftDemapDynDescr)"
4404163954,282813,278941,1,1,1,32,32,1,30,0.000,0.000,,,,,NVIDIA A100-SXM4-40GB MIG 4g.20gb (0),1,,13,"void convert_kernel<float2, __half2>(tensor_layout_any, T1 *, tensor_layout_any, const T2 *)"
4404448943,11104,278953,2253,1,1,128,1,1,16,0.000,0.000,,,,,NVIDIA A100-SXM4-40GB MIG 4g.20gb (0),1,,13,cupy_copy__float16_float16
4404461455,3296,278962,282,1,1,128,1,1,16,0.000,0.000,,,,,NVIDIA A100-SXM4-40GB MIG 4g.20gb (0),1,,13,cupy_copy__complex64_complex64
4404468526,2144,278971,26,1,1,128,1,1,16,0.000,0.000,,,,,NVIDIA A100-SXM4-40GB MIG 4g.20gb (0),1,,13,cupy_copy__float32_float32
4404471854,3168,278980,103,1,1,128,1,1,16,0.000,0.000,,,,,NVIDIA A100-SXM4-40GB MIG 4g.20gb (0),1,,13,cupy_copy__complex64_complex64
4404527950,12576,278996,1434,1,1,128,1,1,16,0.000,0.000,,,,,NVIDIA A100-SXM4-40GB MIG 4g.20gb (0),1,,13,cupy_copy__complex64_complex64
4404645100,82367,279001,1,1,1,32,32,1,30,0.000,0.000,,,,,NVIDIA A100-SXM4-40GB MIG 4g.20gb (0),1,,13,"void convert_kernel<__half2, float2>(tensor_layout_any, T1 *, tensor_layout_any, const T2 *)"
4404755915,5408,279004,,,,,,,,,,0.094,17325.421,Pinned,Device,NVIDIA A100-SXM4-40GB MIG 4g.20gb (0),1,,13,[CUDA memcpy Host-to-Device]
4404766635,600856,279005,,,,,,,,,,456.561,759718.236,Device,,NVIDIA A100-SXM4-40GB MIG 4g.20gb (0),1,,13,[CUDA memset]
4405375523,150494,279010,,,,,,,,,,1.235,8204.968,Pinned,Device,NVIDIA A100-SXM4-40GB MIG 4g.20gb (0),1,,13,[CUDA memcpy Host-to-Device]
4405541025,41088,279011,,,,,,,,,,0.197,4785.046,Pinned,Device,NVIDIA A100-SXM4-40GB MIG 4g.20gb (0),1,,13,[CUDA memcpy Host-to-Device]
4405612992,8224,279012,69,4,1,48,1,1,76,0.002,0.000,,,,,NVIDIA A100-SXM4-40GB MIG 4g.20gb (0),1,,13,"void ch_est::windowedChEstPreNoDftSOfdmKernel<float, __half, float, (unsigned int)2, (unsigned int)1, (unsigned short)4>(ch_est::puschRxChEstStatDescr_t *, ch_est::puschRxChEstDynDescr_t *)"
4405630688,7040,279013,137,2,1,24,2,1,44,0.001,0.001,,,,,NVIDIA A100-SXM4-40GB MIG 4g.20gb (0),1,,13,"void ch_est::chEstFilterNoDftSOfdmDispatchKernel<float, __half, float, (unsigned int)2>(ch_est::puschRxChEstStatDescr_t *, ch_est::puschRxChEstDynDescr_t *)"
4405647712,4832,279014,137,2,1,24,2,1,44,0.001,0.001,,,,,NVIDIA A100-SXM4-40GB MIG 4g.20gb (0),1,,13,"void ch_est::chEstFilterNoDftSOfdmDispatchKernel<float, __half, float, (unsigned int)2>(ch_est::puschRxChEstStatDescr_t *, ch_est::puschRxChEstDynDescr_t *)"
4405664320,2624,279025,103,1,1,128,1,1,16,0.000,0.000,,,,,NVIDIA A100-SXM4-40GB MIG 4g.20gb (0),1,,13,cupy_copy__complex64_complex64
4405680160,12575,279035,1434,1,1,128,1,1,16,0.000,0.000,,,,,NVIDIA A100-SXM4-40GB MIG 4g.20gb (0),1,,13,cupy_copy__complex64_complex64
4405712543,2752,279042,103,1,1,128,1,1,16,0.000,0.000,,,,,NVIDIA A100-SXM4-40GB MIG 4g.20gb (0),1,,13,cupy_copy__complex64_complex64
4405724095,84063,279049,1,1,1,32,32,1,30,0.000,0.000,,,,,NVIDIA A100-SXM4-40GB MIG 4g.20gb (0),1,,13,"void convert_kernel<__half2, float2>(tensor_layout_any, T1 *, tensor_layout_any, const T2 *)"
4405837214,8383,279052,,,,,,,,,,0.094,11176.902,Pinned,Device,NVIDIA A100-SXM4-40GB MIG 4g.20gb (0),1,,13,[CUDA memcpy Host-to-Device]
4405854077,47488,279053,,,,,,,,,,35.810,754049.485,Device,,NVIDIA A100-SXM4-40GB MIG 4g.20gb (0),1,,13,[CUDA memset]
4405902557,4128,279055,,,,,,,,,,0.000,19.380,Pinned,Device,NVIDIA A100-SXM4-40GB MIG 4g.20gb (0),1,,13,[CUDA memcpy Host-to-Device]
4405911741,11584,279056,,,,,,,,,,0.197,16972.186,Pinned,Device,NVIDIA A100-SXM4-40GB MIG 4g.20gb (0),1,,13,[CUDA memcpy Host-to-Device]
4405932540,10432,279057,273,1,1,48,1,1,40,0.000,0.001,,,,,NVIDIA A100-SXM4-40GB MIG 4g.20gb (0),1,,13,"void pusch_noise_intf_est::noiseIntfEstNoDftSOfdmKernel<float, __half, float, float, (unsigned int)2, (unsigned int)1, (unsigned char)4, (unsigned char)4>(pusch_noise_intf_est::puschRxNoiseIntfEstDynDescr)"
4405948956,3072,279068,35,1,1,128,1,1,16,0.000,0.000,,,,,NVIDIA A100-SXM4-40GB MIG 4g.20gb (0),1,,13,cupy_copy__complex64_complex64
4405956124,2048,279077,1,1,1,1,1,1,18,0.000,0.000,,,,,NVIDIA A100-SXM4-40GB MIG 4g.20gb (0),1,,13,cupy_copy__float32_float32
4405987836,1568,279083,,,,,,,,,,0.000,2.551,Device,Pageable,NVIDIA A100-SXM4-40GB MIG 4g.20gb (0),1,,7,[CUDA memcpy Device-to-Host]
4406048475,13248,279094,1434,1,1,128,1,1,16,0.000,0.000,,,,,NVIDIA A100-SXM4-40GB MIG 4g.20gb (0),1,,13,cupy_copy__complex64_complex64
4406074907,3328,279101,103,1,1,128,1,1,16,0.000,0.000,,,,,NVIDIA A100-SXM4-40GB MIG 4g.20gb (0),1,,13,cupy_copy__complex64_complex64
4406095354,2720,279108,35,1,1,128,1,1,16,0.000,0.000,,,,,NVIDIA A100-SXM4-40GB MIG 4g.20gb (0),1,,13,cupy_copy__complex64_complex64
4406113370,1824,279115,1,1,1,1,1,1,18,0.000,0.000,,,,,NVIDIA A100-SXM4-40GB MIG 4g.20gb (0),1,,13,cupy_copy__float32_float32
4406245625,81791,279126,1,1,1,32,32,1,30,0.000,0.000,,,,,NVIDIA A100-SXM4-40GB MIG 4g.20gb (0),1,,13,"void convert_kernel<__half2, float2>(tensor_layout_any, T1 *, tensor_layout_any, const T2 *)"
4406355095,5728,279129,,,,,,,,,,0.094,16357.541,Pinned,Device,NVIDIA A100-SXM4-40GB MIG 4g.20gb (0),1,,13,[CUDA memcpy Host-to-Device]
4406371895,3360,279130,,,,,,,,,,1.547,460304.688,Device,,NVIDIA A100-SXM4-40GB MIG 4g.20gb (0),1,,13,[CUDA memset]
4406378871,3168,279135,,,,,,,,,,0.031,9878.770,Pinned,Device,NVIDIA A100-SXM4-40GB MIG 4g.20gb (0),1,,13,[CUDA memcpy Host-to-Device]
4406385047,9376,279136,,,,,,,,,,0.197,20969.226,Pinned,Device,NVIDIA A100-SXM4-40GB MIG 4g.20gb (0),1,,13,[CUDA memcpy Host-to-Device]
4406400247,8192,279137,273,1,1,8,4,1,39,0.002,0.000,,,,,NVIDIA A100-SXM4-40GB MIG 4g.20gb (0),1,,13,"void channel_eq::eqMmseCoefCompLowMimoKernel<float, float, float, (unsigned int)4, (unsigned int)1, (unsigned int)4>(const channel_eq::_puschRxChEqStatDescr *, channel_eq::_puschRxChEqCoefCompDynDescr)"
4406409463,6559,279138,273,1,1,12,11,1,51,0.002,0.000,,,,,NVIDIA A100-SXM4-40GB MIG 4g.20gb (0),1,,13,"void channel_eq::eqMmseSoftDemapKernel<float, __half, __half, float, (unsigned int)4, (unsigned short)16383>(channel_eq::_puschRxChEqStatDescr *, channel_eq::_puschRxChEqSoftDemapDynDescr)"
4406417014,282909,279139,1,1,1,32,32,1,30,0.000,0.000,,,,,NVIDIA A100-SXM4-40GB MIG 4g.20gb (0),1,,13,"void convert_kernel<float2, __half2>(tensor_layout_any, T1 *, tensor_layout_any, const T2 *)"
4406702483,10432,279151,2253,1,1,128,1,1,16,0.000,0.000,,,,,NVIDIA A100-SXM4-40GB MIG 4g.20gb (0),1,,13,cupy_copy__float16_float16
4406718323,2688,279160,282,1,1,128,1,1,16,0.000,0.000,,,,,NVIDIA A100-SXM4-40GB MIG 4g.20gb (0),1,,13,cupy_copy__complex64_complex64
4406724179,2304,279169,26,1,1,128,1,1,16,0.000,0.000,,,,,NVIDIA A100-SXM4-40GB MIG 4g.20gb (0),1,,13,cupy_copy__float32_float32
4406727571,2944,279178,103,1,1,128,1,1,16,0.000,0.000,,,,,NVIDIA A100-SXM4-40GB MIG 4g.20gb (0),1,,13,cupy_copy__complex64_complex64
4406733075,12511,279188,1434,1,1,128,1,1,16,0.000,0.000,,,,,NVIDIA A100-SXM4-40GB MIG 4g.20gb (0),1,,13,cupy_copy__complex64_complex64
4406748018,87391,279193,1,1,1,32,32,1,30,0.000,0.000,,,,,NVIDIA A100-SXM4-40GB MIG 4g.20gb (0),1,,13,"void convert_kernel<__half2, float2>(tensor_layout_any, T1 *, tensor_layout_any, const T2 *)"
4406870577,6016,279196,,,,,,,,,,0.094,15574.430,Pinned,Device,NVIDIA A100-SXM4-40GB MIG 4g.20gb (0),1,,13,[CUDA memcpy Host-to-Device]
4406881009,599576,279197,,,,,,,,,,456.561,761087.920,Device,,NVIDIA A100-SXM4-40GB MIG 4g.20gb (0),1,,13,[CUDA memset]
4407484169,134943,279202,,,,,,,,,,1.235,9150.935,Pinned,Device,NVIDIA A100-SXM4-40GB MIG 4g.20gb (0),1,,13,[CUDA memcpy Host-to-Device]
4407631719,41152,279203,,,,,,,,,,0.197,4777.574,Pinned,Device,NVIDIA A100-SXM4-40GB MIG 4g.20gb (0),1,,13,[CUDA memcpy Host-to-Device]
4407690311,7968,279204,69,4,1,48,1,1,76,0.002,0.000,,,,,NVIDIA A100-SXM4-40GB MIG 4g.20gb (0),1,,13,"void ch_est::windowedChEstPreNoDftSOfdmKernel<float, __half, float, (unsigned int)2, (unsigned int)1, (unsigned short)4>(ch_est::puschRxChEstStatDescr_t *, ch_est::puschRxChEstDynDescr_t *)"
4407709735,6687,279205,137,2,1,24,2,1,44,0.001,0.001,,,,,NVIDIA A100-SXM4-40GB MIG 4g.20gb (0),1,,13,"void ch_est::chEstFilterNoDftSOfdmDispatchKernel<float, __half, float, (unsigned int)2>(ch_est::puschRxChEstStatDescr_t *, ch_est::puschRxChEstDynDescr_t *)"
4407726982,4704,279206,137,2,1,24,2,1,44,0.001,0.001,,,,,NVIDIA A100-SXM4-40GB MIG 4g.20gb (0),1,,13,"void ch_est::chEstFilterNoDftSOfdmDispatchKernel<float, __half, float, (unsigned int)2>(ch_est::puschRxChEstStatDescr_t *, ch_est::puschRxChEstDynDescr_t *)"
4407744070,2528,279217,103,1,1,128,1,1,16,0.000,0.000,,,,,NVIDIA A100-SXM4-40GB MIG 4g.20gb (0),1,,13,cupy_copy__complex64_complex64
4407761990,12384,279227,1434,1,1,128,1,1,16,0.000,0.000,,,,,NVIDIA A100-SXM4-40GB MIG 4g.20gb (0),1,,13,cupy_copy__complex64_complex64
4407780998,2912,279234,103,1,1,128,1,1,16,0.000,0.000,,,,,NVIDIA A100-SXM4-40GB MIG 4g.20gb (0),1,,13,cupy_copy__complex64_complex64
4407802277,100063,279241,1,1,1,32,32,1,30,0.000,0.000,,,,,NVIDIA A100-SXM4-40GB MIG 4g.20gb (0),1,,13,"void convert_kernel<__half2, float2>(tensor_layout_any, T1 *, tensor_layout_any, const T2 *)"
4407936580,16480,279244,,,,,,,,,,0.094,5685.380,Pinned,Device,NVIDIA A100-SXM4-40GB MIG 4g.20gb (0),1,,13,[CUDA memcpy Host-to-Device]
4407975747,47264,279245,,,,,,,,,,35.810,757630.477,Device,,NVIDIA A100-SXM4-40GB MIG 4g.20gb (0),1,,13,[CUDA memset]
4408024099,9440,279247,,,,,,,,,,0.000,8.475,Pinned,Device,NVIDIA A100-SXM4-40GB MIG 4g.20gb (0),1,,13,[CUDA memcpy Host-to-Device]
4408044962,27584,279248,,,,,,,,,,0.197,7127.433,Pinned,Device,NVIDIA A100-SXM4-40GB MIG 4g.20gb (0),1,,13,[CUDA memcpy Host-to-Device]
4408080226,10432,279249,273,1,1,48,1,1,40,0.000,0.001,,,,,NVIDIA A100-SXM4-40GB MIG 4g.20gb (0),1,,13,"void pusch_noise_intf_est::noiseIntfEstNoDftSOfdmKernel<float, __half, float, float, (unsigned int)2, (unsigned int)1, (unsigned char)4, (unsigned char)4>(pusch_noise_intf_est::puschRxNoiseIntfEstDynDescr)"
4408102210,2848,279260,35,1,1,128,1,1,16,0.000,0.000,,,,,NVIDIA A100-SXM4-40GB MIG 4g.20gb (0),1,,13,cupy_copy__complex64_complex64
4408113570,1696,279269,1,1,1,1,1,1,18,0.000,0.000,,,,,NVIDIA A100-SXM4-40GB MIG 4g.20gb (0),1,,13,cupy_copy__float32_float32
4408116994,3391,279275,,,,,,,,,,0.000,1.180,Device,Pageable,NVIDIA A100-SXM4-40GB MIG 4g.20gb (0),1,,7,[CUDA memcpy Device-to-Host]
4408188833,12831,279286,1434,1,1,128,1,1,16,0.000,0.000,,,,,NVIDIA A100-SXM4-40GB MIG 4g.20gb (0),1,,13,cupy_copy__complex64_complex64
4408217824,3040,279293,103,1,1,128,1,1,16,0.000,0.000,,,,,NVIDIA A100-SXM4-40GB MIG 4g.20gb (0),1,,13,cupy_copy__complex64_complex64
4408239584,2592,279300,35,1,1,128,1,1,16,0.000,0.000,,,,,NVIDIA A100-SXM4-40GB MIG 4g.20gb (0),1,,13,cupy_copy__complex64_complex64
4408260544,2080,279307,1,1,1,1,1,1,18,0.000,0.000,,,,,NVIDIA A100-SXM4-40GB MIG 4g.20gb (0),1,,13,cupy_copy__float32_float32
4408381822,82399,279318,1,1,1,32,32,1,30,0.000,0.000,,,,,NVIDIA A100-SXM4-40GB MIG 4g.20gb (0),1,,13,"void convert_kernel<__half2, float2>(tensor_layout_any, T1 *, tensor_layout_any, const T2 *)"
4408494397,5568,279321,,,,,,,,,,0.094,16827.521,Pinned,Device,NVIDIA A100-SXM4-40GB MIG 4g.20gb (0),1,,13,[CUDA memcpy Host-to-Device]
4408508637,3552,279322,,,,,,,,,,1.547,435422.601,Device,,NVIDIA A100-SXM4-40GB MIG 4g.20gb (0),1,,13,[CUDA memset]
4408515293,3040,279327,,,,,,,,,,0.031,10294.725,Pinned,Device,NVIDIA A100-SXM4-40GB MIG 4g.20gb (0),1,,13,[CUDA memcpy Host-to-Device]
4408520861,9503,279328,,,,,,,,,,0.197,20688.863,Pinned,Device,NVIDIA A100-SXM4-40GB MIG 4g.20gb (0),1,,13,[CUDA memcpy Host-to-Device]
4408534748,6272,279329,273,1,1,8,4,1,39,0.002,0.000,,,,,NVIDIA A100-SXM4-40GB MIG 4g.20gb (0),1,,13,"void channel_eq::eqMmseCoefCompLowMimoKernel<float, float, float, (unsigned int)4, (unsigned int)1, (unsigned int)4>(const channel_eq::_puschRxChEqStatDescr *, channel_eq::_puschRxChEqCoefCompDynDescr)"
4408543676,5632,279330,273,1,1,12,11,1,51,0.002,0.000,,,,,NVIDIA A100-SXM4-40GB MIG 4g.20gb (0),1,,13,"void channel_eq::eqMmseSoftDemapKernel<float, __half, __half, float, (unsigned int)4, (unsigned short)16383>(channel_eq::_puschRxChEqStatDescr *, channel_eq::_puschRxChEqSoftDemapDynDescr)"
4408551388,294685,279331,1,1,1,32,32,1,30,0.000,0.000,,,,,NVIDIA A100-SXM4-40GB MIG 4g.20gb (0),1,,13,"void convert_kernel<float2, __half2>(tensor_layout_any, T1 *, tensor_layout_any, const T2 *)"
4408847545,11135,279343,2253,1,1,128,1,1,16,0.000,0.000,,,,,NVIDIA A100-SXM4-40GB MIG 4g.20gb (0),1,,13,cupy_copy__float16_float16
4408863544,3520,279352,282,1,1,128,1,1,16,0.000,0.000,,,,,NVIDIA A100-SXM4-40GB MIG 4g.20gb (0),1,,13,cupy_copy__complex64_complex64
4408868728,2624,279361,26,1,1,128,1,1,16,0.000,0.000,,,,,NVIDIA A100-SXM4-40GB MIG 4g.20gb (0),1,,13,cupy_copy__float32_float32
4408873016,2816,279370,103,1,1,128,1,1,16,0.000,0.000,,,,,NVIDIA A100-SXM4-40GB MIG 4g.20gb (0),1,,13,cupy_copy__complex64_complex64
4408876792,12352,279380,1434,1,1,128,1,1,16,0.000,0.000,,,,,NVIDIA A100-SXM4-40GB MIG 4g.20gb (0),1,,13,cupy_copy__complex64_complex64
4408893336,86655,279385,1,1,1,32,32,1,30,0.000,0.000,,,,,NVIDIA A100-SXM4-40GB MIG 4g.20gb (0),1,,13,"void convert_kernel<__half2, float2>(tensor_layout_any, T1 *, tensor_layout_any, const T2 *)"
4409006839,5567,279388,,,,,,,,,,0.094,16830.519,Pinned,Device,NVIDIA A100-SXM4-40GB MIG 4g.20gb (0),1,,13,[CUDA memcpy Host-to-Device]
4409016566,596857,279389,,,,,,,,,,456.561,764740.412,Device,,NVIDIA A100-SXM4-40GB MIG 4g.20gb (0),1,,13,[CUDA memset]
4409613839,140894,279394,,,,,,,,,,1.235,8764.398,Pinned,Device,NVIDIA A100-SXM4-40GB MIG 4g.20gb (0),1,,13,[CUDA memcpy Host-to-Device]
4409765581,30400,279395,,,,,,,,,,0.197,6467.224,Pinned,Device,NVIDIA A100-SXM4-40GB MIG 4g.20gb (0),1,,13,[CUDA memcpy Host-to-Device]
4409808525,8032,279396,69,4,1,48,1,1,76,0.002,0.000,,,,,NVIDIA A100-SXM4-40GB MIG 4g.20gb (0),1,,13,"void ch_est::windowedChEstPreNoDftSOfdmKernel<float, __half, float, (unsigned int)2, (unsigned int)1, (unsigned short)4>(ch_est::puschRxChEstStatDescr_t *, ch_est::puschRxChEstDynDescr_t *)"
4409826892,6624,279397,137,2,1,24,2,1,44,0.001,0.001,,,,,NVIDIA A100-SXM4-40GB MIG 4g.20gb (0),1,,13,"void ch_est::chEstFilterNoDftSOfdmDispatchKernel<float, __half, float, (unsigned int)2>(ch_est::puschRxChEstStatDescr_t *, ch_est::puschRxChEstDynDescr_t *)"
4409842956,4800,279398,137,2,1,24,2,1,44,0.001,0.001,,,,,NVIDIA A100-SXM4-40GB MIG 4g.20gb (0),1,,13,"void ch_est::chEstFilterNoDftSOfdmDispatchKernel<float, __half, float, (unsigned int)2>(ch_est::puschRxChEstStatDescr_t *, ch_est::puschRxChEstDynDescr_t *)"
4409859116,2592,279409,103,1,1,128,1,1,16,0.000,0.000,,,,,NVIDIA A100-SXM4-40GB MIG 4g.20gb (0),1,,13,cupy_copy__complex64_complex64
4409872268,12736,279419,1434,1,1,128,1,1,16,0.000,0.000,,,,,NVIDIA A100-SXM4-40GB MIG 4g.20gb (0),1,,13,cupy_copy__complex64_complex64
4409905771,2592,279426,103,1,1,128,1,1,16,0.000,0.000,,,,,NVIDIA A100-SXM4-40GB MIG 4g.20gb (0),1,,13,cupy_copy__complex64_complex64
4409919787,86079,279433,1,1,1,32,32,1,30,0.000,0.000,,,,,NVIDIA A100-SXM4-40GB MIG 4g.20gb (0),1,,13,"void convert_kernel<__half2, float2>(tensor_layout_any, T1 *, tensor_layout_any, const T2 *)"
4410039498,24032,279436,,,,,,,,,,0.094,3898.784,Pinned,Device,NVIDIA A100-SXM4-40GB MIG 4g.20gb (0),1,,13,[CUDA memcpy Host-to-Device]
4410077161,47872,279437,,,,,,,,,,35.810,748033.419,Device,,NVIDIA A100-SXM4-40GB MIG 4g.20gb (0),1,,13,[CUDA memset]
4410129833,17663,279439,,,,,,,,,,0.000,4.529,Pinned,Device,NVIDIA A100-SXM4-40GB MIG 4g.20gb (0),1,,13,[CUDA memcpy Host-to-Device]
4410153896,23968,279440,,,,,,,,,,0.197,8202.879,Pinned,Device,NVIDIA A100-SXM4-40GB MIG 4g.20gb (0),1,,13,[CUDA memcpy Host-to-Device]
4410199496,9440,279441,273,1,1,48,1,1,40,0.000,0.001,,,,,NVIDIA A100-SXM4-40GB MIG 4g.20gb (0),1,,13,"void pusch_noise_intf_est::noiseIntfEstNoDftSOfdmKernel<float, __half, float, float, (unsigned int)2, (unsigned int)1, (unsigned char)4, (unsigned char)4>(pusch_noise_intf_est::puschRxNoiseIntfEstDynDescr)"
4410216168,2656,279452,35,1,1,128,1,1,16,0.000,0.000,,,,,NVIDIA A100-SXM4-40GB MIG 4g.20gb (0),1,,13,cupy_copy__complex64_complex64
4410232839,1696,279461,1,1,1,1,1,1,18,0.000,0.000,,,,,NVIDIA A100-SXM4-40GB MIG 4g.20gb (0),1,,13,cupy_copy__float32_float32
4410242791,6496,279467,,,,,,,,,,0.000,0.616,Device,Pageable,NVIDIA A100-SXM4-40GB MIG 4g.20gb (0),1,,7,[CUDA memcpy Device-to-Host]
4410341702,12704,279478,1434,1,1,128,1,1,16,0.000,0.000,,,,,NVIDIA A100-SXM4-40GB MIG 4g.20gb (0),1,,13,cupy_copy__complex64_complex64
4410363846,3296,279485,103,1,1,128,1,1,16,0.000,0.000,,,,,NVIDIA A100-SXM4-40GB MIG 4g.20gb (0),1,,13,cupy_copy__complex64_complex64
4410381222,2176,279492,35,1,1,128,1,1,16,0.000,0.000,,,,,NVIDIA A100-SXM4-40GB MIG 4g.20gb (0),1,,13,cupy_copy__complex64_complex64
4410384934,1824,279499,1,1,1,1,1,1,18,0.000,0.000,,,,,NVIDIA A100-SXM4-40GB MIG 4g.20gb (0),1,,13,cupy_copy__float32_float32
4410523140,87455,279510,1,1,1,32,32,1,30,0.000,0.000,,,,,NVIDIA A100-SXM4-40GB MIG 4g.20gb (0),1,,13,"void convert_kernel<__half2, float2>(tensor_layout_any, T1 *, tensor_layout_any, const T2 *)"
4410643554,13728,279513,,,,,,,,,,0.094,6825.098,Pinned,Device,NVIDIA A100-SXM4-40GB MIG 4g.20gb (0),1,,13,[CUDA memcpy Host-to-Device]
4410668514,3424,279514,,,,,,,,,,1.547,451700.819,Device,,NVIDIA A100-SXM4-40GB MIG 4g.20gb (0),1,,13,[CUDA memset]
4410674914,3200,279519,,,,,,,,,,0.031,9780.000,Pinned,Device,NVIDIA A100-SXM4-40GB MIG 4g.20gb (0),1,,13,[CUDA memcpy Host-to-Device]
4410685378,17216,279520,,,,,,,,,,0.197,11419.976,Pinned,Device,NVIDIA A100-SXM4-40GB MIG 4g.20gb (0),1,,13,[CUDA memcpy Host-to-Device]
4410713954,8255,279521,273,1,1,8,4,1,39,0.002,0.000,,,,,NVIDIA A100-SXM4-40GB MIG 4g.20gb (0),1,,13,"void channel_eq::eqMmseCoefCompLowMimoKernel<float, float, float, (unsigned int)4, (unsigned int)1, (unsigned int)4>(const channel_eq::_puschRxChEqStatDescr *, channel_eq::_puschRxChEqCoefCompDynDescr)"
4410730625,5536,279522,273,1,1,12,11,1,51,0.002,0.000,,,,,NVIDIA A100-SXM4-40GB MIG 4g.20gb (0),1,,13,"void channel_eq::eqMmseSoftDemapKernel<float, __half, __half, float, (unsigned int)4, (unsigned short)16383>(channel_eq::_puschRxChEqStatDescr *, channel_eq::_puschRxChEqSoftDemapDynDescr)"
4410738401,289469,279523,1,1,1,32,32,1,30,0.000,0.000,,,,,NVIDIA A100-SXM4-40GB MIG 4g.20gb (0),1,,13,"void convert_kernel<float2, __half2>(tensor_layout_any, T1 *, tensor_layout_any, const T2 *)"
4411031134,11039,279535,2253,1,1,128,1,1,16,0.000,0.000,,,,,NVIDIA A100-SXM4-40GB MIG 4g.20gb (0),1,,13,cupy_copy__float16_float16
4411048797,3232,279544,282,1,1,128,1,1,16,0.000,0.000,,,,,NVIDIA A100-SXM4-40GB MIG 4g.20gb (0),1,,13,cupy_copy__complex64_complex64
4411053757,2176,279553,26,1,1,128,1,1,16,0.000,0.000,,,,,NVIDIA A100-SXM4-40GB MIG 4g.20gb (0),1,,13,cupy_copy__float32_float32
4411060093,2816,279562,103,1,1,128,1,1,16,0.000,0.000,,,,,NVIDIA A100-SXM4-40GB MIG 4g.20gb (0),1,,13,cupy_copy__complex64_complex64
4411065821,12032,279572,1434,1,1,128,1,1,16,0.000,0.000,,,,,NVIDIA A100-SXM4-40GB MIG 4g.20gb (0),1,,13,cupy_copy__complex64_complex64
4411079997,87999,279577,1,1,1,32,32,1,30,0.000,0.000,,,,,NVIDIA A100-SXM4-40GB MIG 4g.20gb (0),1,,13,"void convert_kernel<__half2, float2>(tensor_layout_any, T1 *, tensor_layout_any, const T2 *)"
4411195036,5728,279580,,,,,,,,,,0.094,16357.541,Pinned,Device,NVIDIA A100-SXM4-40GB MIG 4g.20gb (0),1,,13,[CUDA memcpy Host-to-Device]
4411204667,598201,279581,,,,,,,,,,456.561,762914.166,Device,,NVIDIA A100-SXM4-40GB MIG 4g.20gb (0),1,,13,[CUDA memset]
4411811092,123646,279586,,,,,,,,,,1.235,9986.992,Pinned,Device,NVIDIA A100-SXM4-40GB MIG 4g.20gb (0),1,,13,[CUDA memcpy Host-to-Device]
4411942674,19648,279587,,,,,,,,,,0.197,10006.364,Pinned,Device,NVIDIA A100-SXM4-40GB MIG 4g.20gb (0),1,,13,[CUDA memcpy Host-to-Device]
4411971794,9024,279588,69,4,1,48,1,1,76,0.002,0.000,,,,,NVIDIA A100-SXM4-40GB MIG 4g.20gb (0),1,,13,"void ch_est::windowedChEstPreNoDftSOfdmKernel<float, __half, float, (unsigned int)2, (unsigned int)1, (unsigned short)4>(ch_est::puschRxChEstStatDescr_t *, ch_est::puschRxChEstDynDescr_t *)"
4411987474,6016,279589,137,2,1,24,2,1,44,0.001,0.001,,,,,NVIDIA A100-SXM4-40GB MIG 4g.20gb (0),1,,13,"void ch_est::chEstFilterNoDftSOfdmDispatchKernel<float, __half, float, (unsigned int)2>(ch_est::puschRxChEstStatDescr_t *, ch_est::puschRxChEstDynDescr_t *)"
4411995954,4960,279590,137,2,1,24,2,1,44,0.001,0.001,,,,,NVIDIA A100-SXM4-40GB MIG 4g.20gb (0),1,,13,"void ch_est::chEstFilterNoDftSOfdmDispatchKernel<float, __half, float, (unsigned int)2>(ch_est::puschRxChEstStatDescr_t *, ch_est::puschRxChEstDynDescr_t *)"
4412003794,2752,279601,103,1,1,128,1,1,16,0.000,0.000,,,,,NVIDIA A100-SXM4-40GB MIG 4g.20gb (0),1,,13,cupy_copy__complex64_complex64
4412011346,12895,279611,1434,1,1,128,1,1,16,0.000,0.000,,,,,NVIDIA A100-SXM4-40GB MIG 4g.20gb (0),1,,13,cupy_copy__complex64_complex64
4412026673,2528,279618,103,1,1,128,1,1,16,0.000,0.000,,,,,NVIDIA A100-SXM4-40GB MIG 4g.20gb (0),1,,13,cupy_copy__complex64_complex64
4412036977,92607,279625,1,1,1,32,32,1,30,0.000,0.000,,,,,NVIDIA A100-SXM4-40GB MIG 4g.20gb (0),1,,13,"void convert_kernel<__half2, float2>(tensor_layout_any, T1 *, tensor_layout_any, const T2 *)"
4412157936,13152,279628,,,,,,,,,,0.094,7124.082,Pinned,Device,NVIDIA A100-SXM4-40GB MIG 4g.20gb (0),1,,13,[CUDA memcpy Host-to-Device]
4412178703,46560,279629,,,,,,,,,,35.810,769089.652,Device,,NVIDIA A100-SXM4-40GB MIG 4g.20gb (0),1,,13,[CUDA memset]
4412229231,4032,279631,,,,,,,,,,0.000,19.841,Pinned,Device,NVIDIA A100-SXM4-40GB MIG 4g.20gb (0),1,,13,[CUDA memcpy Host-to-Device]
4412241263,16575,279632,,,,,,,,,,0.197,11861.557,Pinned,Device,NVIDIA A100-SXM4-40GB MIG 4g.20gb (0),1,,13,[CUDA memcpy Host-to-Device]
4412269742,8992,279633,273,1,1,48,1,1,40,0.000,0.001,,,,,NVIDIA A100-SXM4-40GB MIG 4g.20gb (0),1,,13,"void pusch_noise_intf_est::noiseIntfEstNoDftSOfdmKernel<float, __half, float, float, (unsigned int)2, (unsigned int)1, (unsigned char)4, (unsigned char)4>(pusch_noise_intf_est::puschRxNoiseIntfEstDynDescr)"
4412282062,2592,279644,35,1,1,128,1,1,16,0.000,0.000,,,,,NVIDIA A100-SXM4-40GB MIG 4g.20gb (0),1,,13,cupy_copy__complex64_complex64
4412290702,2016,279653,1,1,1,1,1,1,18,0.000,0.000,,,,,NVIDIA A100-SXM4-40GB MIG 4g.20gb (0),1,,13,cupy_copy__float32_float32
4412310286,1920,279659,,,,,,,,,,0.000,2.083,Device,Pageable,NVIDIA A100-SXM4-40GB MIG 4g.20gb (0),1,,7,[CUDA memcpy Device-to-Host]
4412370477,12960,279670,1434,1,1,128,1,1,16,0.000,0.000,,,,,NVIDIA A100-SXM4-40GB MIG 4g.20gb (0),1,,13,cupy_copy__complex64_complex64
4412397453,3488,279677,103,1,1,128,1,1,16,0.000,0.000,,,,,NVIDIA A100-SXM4-40GB MIG 4g.20gb (0),1,,13,cupy_copy__complex64_complex64
4412419340,2432,279684,35,1,1,128,1,1,16,0.000,0.000,,,,,NVIDIA A100-SXM4-40GB MIG 4g.20gb (0),1,,13,cupy_copy__complex64_complex64
4412436108,1824,279691,1,1,1,1,1,1,18,0.000,0.000,,,,,NVIDIA A100-SXM4-40GB MIG 4g.20gb (0),1,,13,cupy_copy__float32_float32
4412570539,81311,279702,1,1,1,32,32,1,30,0.000,0.000,,,,,NVIDIA A100-SXM4-40GB MIG 4g.20gb (0),1,,13,"void convert_kernel<__half2, float2>(tensor_layout_any, T1 *, tensor_layout_any, const T2 *)"
4412679273,5504,279705,,,,,,,,,,0.094,17023.251,Pinned,Device,NVIDIA A100-SXM4-40GB MIG 4g.20gb (0),1,,13,[CUDA memcpy Host-to-Device]
4412693897,3200,279706,,,,,,,,,,1.547,483320.000,Device,,NVIDIA A100-SXM4-40GB MIG 4g.20gb (0),1,,13,[CUDA memset]
4412700329,3008,279711,,,,,,,,,,0.031,10404.230,Pinned,Device,NVIDIA A100-SXM4-40GB MIG 4g.20gb (0),1,,13,[CUDA memcpy Host-to-Device]
4412706057,9664,279712,,,,,,,,,,0.197,20344.209,Pinned,Device,NVIDIA A100-SXM4-40GB MIG 4g.20gb (0),1,,13,[CUDA memcpy Host-to-Device]
4412722057,8256,279713,273,1,1,8,4,1,39,0.002,0.000,,,,,NVIDIA A100-SXM4-40GB MIG 4g.20gb (0),1,,13,"void channel_eq::eqMmseCoefCompLowMimoKernel<float, float, float, (unsigned int)4, (unsigned int)1, (unsigned int)4>(const channel_eq::_puschRxChEqStatDescr *, channel_eq::_puschRxChEqCoefCompDynDescr)"
4412733641,5696,279714,273,1,1,12,11,1,51,0.002,0.000,,,,,NVIDIA A100-SXM4-40GB MIG 4g.20gb (0),1,,13,"void channel_eq::eqMmseSoftDemapKernel<float, __half, __half, float, (unsigned int)4, (unsigned short)16383>(channel_eq::_puschRxChEqStatDescr *, channel_eq::_puschRxChEqSoftDemapDynDescr)"
4412740969,282812,279715,1,1,1,32,32,1,30,0.000,0.000,,,,,NVIDIA A100-SXM4-40GB MIG 4g.20gb (0),1,,13,"void convert_kernel<float2, __half2>(tensor_layout_any, T1 *, tensor_layout_any, const T2 *)"
4413024805,10912,279727,2253,1,1,128,1,1,16,0.000,0.000,,,,,NVIDIA A100-SXM4-40GB MIG 4g.20gb (0),1,,13,cupy_copy__float16_float16
4413041445,3808,279736,282,1,1,128,1,1,16,0.000,0.000,,,,,NVIDIA A100-SXM4-40GB MIG 4g.20gb (0),1,,13,cupy_copy__complex64_complex64
4413048613,2176,279745,26,1,1,128,1,1,16,0.000,0.000,,,,,NVIDIA A100-SXM4-40GB MIG 4g.20gb (0),1,,13,cupy_copy__float32_float32
4413052005,4736,279754,103,1,1,128,1,1,16,0.000,0.000,,,,,NVIDIA A100-SXM4-40GB MIG 4g.20gb (0),1,,13,cupy_copy__complex64_complex64
4413057861,11999,279764,1434,1,1,128,1,1,16,0.000,0.000,,,,,NVIDIA A100-SXM4-40GB MIG 4g.20gb (0),1,,13,cupy_copy__complex64_complex64
4413071236,81759,279769,1,1,1,32,32,1,30,0.000,0.000,,,,,NVIDIA A100-SXM4-40GB MIG 4g.20gb (0),1,,13,"void convert_kernel<__half2, float2>(tensor_layout_any, T1 *, tensor_layout_any, const T2 *)"
4413179747,5696,279772,,,,,,,,,,0.094,16449.363,Pinned,Device,NVIDIA A100-SXM4-40GB MIG 4g.20gb (0),1,,13,[CUDA memcpy Host-to-Device]
4413189763,598233,279773,,,,,,,,,,456.561,762914.166,Device,,NVIDIA A100-SXM4-40GB MIG 4g.20gb (0),1,,13,[CUDA memset]
4413790908,144958,279778,,,,,,,,,,1.235,8518.644,Pinned,Device,NVIDIA A100-SXM4-40GB MIG 4g.20gb (0),1,,13,[CUDA memcpy Host-to-Device]
4413948602,40447,279779,,,,,,,,,,0.197,4860.740,Pinned,Device,NVIDIA A100-SXM4-40GB MIG 4g.20gb (0),1,,13,[CUDA memcpy Host-to-Device]
4414018361,8256,279780,69,4,1,48,1,1,76,0.002,0.000,,,,,NVIDIA A100-SXM4-40GB MIG 4g.20gb (0),1,,13,"void ch_est::windowedChEstPreNoDftSOfdmKernel<float, __half, float, (unsigned int)2, (unsigned int)1, (unsigned short)4>(ch_est::puschRxChEstStatDescr_t *, ch_est::puschRxChEstDynDescr_t *)"
4414037721,6559,279781,137,2,1,24,2,1,44,0.001,0.001,,,,,NVIDIA A100-SXM4-40GB MIG 4g.20gb (0),1,,13,"void ch_est::chEstFilterNoDftSOfdmDispatchKernel<float, __half, float, (unsigned int)2>(ch_est::puschRxChEstStatDescr_t *, ch_est::puschRxChEstDynDescr_t *)"
4414054328,4768,279782,137,2,1,24,2,1,44,0.001,0.001,,,,,NVIDIA A100-SXM4-40GB MIG 4g.20gb (0),1,,13,"void ch_est::chEstFilterNoDftSOfdmDispatchKernel<float, __half, float, (unsigned int)2>(ch_est::puschRxChEstStatDescr_t *, ch_est::puschRxChEstDynDescr_t *)"
4414073624,2624,279793,103,1,1,128,1,1,16,0.000,0.000,,,,,NVIDIA A100-SXM4-40GB MIG 4g.20gb (0),1,,13,cupy_copy__complex64_complex64
4414088760,12416,279803,1434,1,1,128,1,1,16,0.000,0.000,,,,,NVIDIA A100-SXM4-40GB MIG 4g.20gb (0),1,,13,cupy_copy__complex64_complex64
4414126103,2560,279810,103,1,1,128,1,1,16,0.000,0.000,,,,,NVIDIA A100-SXM4-40GB MIG 4g.20gb (0),1,,13,cupy_copy__complex64_complex64
4414140695,81791,279817,1,1,1,32,32,1,30,0.000,0.000,,,,,NVIDIA A100-SXM4-40GB MIG 4g.20gb (0),1,,13,"void convert_kernel<__half2, float2>(tensor_layout_any, T1 *, tensor_layout_any, const T2 *)"
4414249974,13216,279820,,,,,,,,,,0.094,7089.508,Pinned,Device,NVIDIA A100-SXM4-40GB MIG 4g.20gb (0),1,,13,[CUDA memcpy Host-to-Device]
4414267382,47711,279821,,,,,,,,,,35.810,750540.113,Device,,NVIDIA A100-SXM4-40GB MIG 4g.20gb (0),1,,13,[CUDA memset]
4414322549,5088,279823,,,,,,,,,,0.000,15.723,Pinned,Device,NVIDIA A100-SXM4-40GB MIG 4g.20gb (0),1,,13,[CUDA memcpy Host-to-Device]
4414335061,20256,279824,,,,,,,,,,0.197,9706.144,Pinned,Device,NVIDIA A100-SXM4-40GB MIG 4g.20gb (0),1,,13,[CUDA memcpy Host-to-Device]
4414369268,9408,279825,273,1,1,48,1,1,40,0.000,0.001,,,,,NVIDIA A100-SXM4-40GB MIG 4g.20gb (0),1,,13,"void pusch_noise_intf_est::noiseIntfEstNoDftSOfdmKernel<float, __half, float, float, (unsigned int)2, (unsigned int)1, (unsigned char)4, (unsigned char)4>(pusch_noise_intf_est::puschRxNoiseIntfEstDynDescr)"
4414389620,2688,279836,35,1,1,128,1,1,16,0.000,0.000,,,,,NVIDIA A100-SXM4-40GB MIG 4g.20gb (0),1,,13,cupy_copy__complex64_complex64
4414400308,1888,279845,1,1,1,1,1,1,18,0.000,0.000,,,,,NVIDIA A100-SXM4-40GB MIG 4g.20gb (0),1,,13,cupy_copy__float32_float32
4414406676,7392,279851,,,,,,,,,,0.000,0.541,Device,Pageable,NVIDIA A100-SXM4-40GB MIG 4g.20gb (0),1,,7,[CUDA memcpy Device-to-Host]
4414490483,13088,279862,1434,1,1,128,1,1,16,0.000,0.000,,,,,NVIDIA A100-SXM4-40GB MIG 4g.20gb (0),1,,13,cupy_copy__complex64_complex64
4414520083,3360,279869,103,1,1,128,1,1,16,0.000,0.000,,,,,NVIDIA A100-SXM4-40GB MIG 4g.20gb (0),1,,13,cupy_copy__complex64_complex64
4414540562,2624,279876,35,1,1,128,1,1,16,0.000,0.000,,,,,NVIDIA A100-SXM4-40GB MIG 4g.20gb (0),1,,13,cupy_copy__complex64_complex64
4414553906,1856,279883,1,1,1,1,1,1,18,0.000,0.000,,,,,NVIDIA A100-SXM4-40GB MIG 4g.20gb (0),1,,13,cupy_copy__float32_float32
4414682929,87647,279894,1,1,1,32,32,1,30,0.000,0.000,,,,,NVIDIA A100-SXM4-40GB MIG 4g.20gb (0),1,,13,"void convert_kernel<__half2, float2>(tensor_layout_any, T1 *, tensor_layout_any, const T2 *)"
4414797935,5728,279897,,,,,,,,,,0.094,16357.541,Pinned,Device,NVIDIA A100-SXM4-40GB MIG 4g.20gb (0),1,,13,[CUDA memcpy Host-to-Device]
4414812847,3520,279898,,,,,,,,,,1.547,439380.412,Device,,NVIDIA A100-SXM4-40GB MIG 4g.20gb (0),1,,13,[CUDA memset]
4414819791,4064,279903,,,,,,,,,,0.031,7700.756,Pinned,Device,NVIDIA A100-SXM4-40GB MIG 4g.20gb (0),1,,13,[CUDA memcpy Host-to-Device]
4414826479,9504,279904,,,,,,,,,,0.197,20686.701,Pinned,Device,NVIDIA A100-SXM4-40GB MIG 4g.20gb (0),1,,13,[CUDA memcpy Host-to-Device]
4414841199,5888,279905,273,1,1,8,4,1,39,0.002,0.000,,,,,NVIDIA A100-SXM4-40GB MIG 4g.20gb (0),1,,13,"void channel_eq::eqMmseCoefCompLowMimoKernel<float, float, float, (unsigned int)4, (unsigned int)1, (unsigned int)4>(const channel_eq::_puschRxChEqStatDescr *, channel_eq::_puschRxChEqCoefCompDynDescr)"
4414848271,5855,279906,273,1,1,12,11,1,51,0.002,0.000,,,,,NVIDIA A100-SXM4-40GB MIG 4g.20gb (0),1,,13,"void channel_eq::eqMmseSoftDemapKernel<float, __half, __half, float, (unsigned int)4, (unsigned short)16383>(channel_eq::_puschRxChEqStatDescr *, channel_eq::_puschRxChEqSoftDemapDynDescr)"
4414856014,294109,279907,1,1,1,32,32,1,30,0.000,0.000,,,,,NVIDIA A100-SXM4-40GB MIG 4g.20gb (0),1,,13,"void convert_kernel<float2, __half2>(tensor_layout_any, T1 *, tensor_layout_any, const T2 *)"
4415152715,11296,279919,2253,1,1,128,1,1,16,0.000,0.000,,,,,NVIDIA A100-SXM4-40GB MIG 4g.20gb (0),1,,13,cupy_copy__float16_float16
4415165579,3744,279928,282,1,1,128,1,1,16,0.000,0.000,,,,,NVIDIA A100-SXM4-40GB MIG 4g.20gb (0),1,,13,cupy_copy__complex64_complex64
4415172619,2048,279937,26,1,1,128,1,1,16,0.000,0.000,,,,,NVIDIA A100-SXM4-40GB MIG 4g.20gb (0),1,,13,cupy_copy__float32_float32
4415176747,4575,279946,103,1,1,128,1,1,16,0.000,0.000,,,,,NVIDIA A100-SXM4-40GB MIG 4g.20gb (0),1,,13,cupy_copy__complex64_complex64
4415182378,12352,279956,1434,1,1,128,1,1,16,0.000,0.000,,,,,NVIDIA A100-SXM4-40GB MIG 4g.20gb (0),1,,13,cupy_copy__complex64_complex64
4415199658,87199,279961,1,1,1,32,32,1,30,0.000,0.000,,,,,NVIDIA A100-SXM4-40GB MIG 4g.20gb (0),1,,13,"void convert_kernel<__half2, float2>(tensor_layout_any, T1 *, tensor_layout_any, const T2 *)"
4415313545,6240,279964,,,,,,,,,,0.094,15015.346,Pinned,Device,NVIDIA A100-SXM4-40GB MIG 4g.20gb (0),1,,13,[CUDA memcpy Host-to-Device]
4415324105,598456,279965,,,,,,,,,,456.561,762457.605,Device,,NVIDIA A100-SXM4-40GB MIG 4g.20gb (0),1,,13,[CUDA memset]
4415933217,133983,279970,,,,,,,,,,1.235,9216.387,Pinned,Device,NVIDIA A100-SXM4-40GB MIG 4g.20gb (0),1,,13,[CUDA memcpy Host-to-Device]
4416076607,34688,279971,,,,,,,,,,0.197,5667.815,Pinned,Device,NVIDIA A100-SXM4-40GB MIG 4g.20gb (0),1,,13,[CUDA memcpy Host-to-Device]
4416137055,8192,279972,69,4,1,48,1,1,76,0.002,0.000,,,,,NVIDIA A100-SXM4-40GB MIG 4g.20gb (0),1,,13,"void ch_est::windowedChEstPreNoDftSOfdmKernel<float, __half, float, (unsigned int)2, (unsigned int)1, (unsigned short)4>(ch_est::puschRxChEstStatDescr_t *, ch_est::puschRxChEstDynDescr_t *)"
4416153726,6880,279973,137,2,1,24,2,1,44,0.001,0.001,,,,,NVIDIA A100-SXM4-40GB MIG 4g.20gb (0),1,,13,"void ch_est::chEstFilterNoDftSOfdmDispatchKernel<float, __half, float, (unsigned int)2>(ch_est::puschRxChEstStatDescr_t *, ch_est::puschRxChEstDynDescr_t *)"
4416178430,4704,279974,137,2,1,24,2,1,44,0.001,0.001,,,,,NVIDIA A100-SXM4-40GB MIG 4g.20gb (0),1,,13,"void ch_est::chEstFilterNoDftSOfdmDispatchKernel<float, __half, float, (unsigned int)2>(ch_est::puschRxChEstStatDescr_t *, ch_est::puschRxChEstDynDescr_t *)"
4416194622,2496,279985,103,1,1,128,1,1,16,0.000,0.000,,,,,NVIDIA A100-SXM4-40GB MIG 4g.20gb (0),1,,13,cupy_copy__complex64_complex64
4416212990,12416,279995,1434,1,1,128,1,1,16,0.000,0.000,,,,,NVIDIA A100-SXM4-40GB MIG 4g.20gb (0),1,,13,cupy_copy__complex64_complex64
4416243261,2496,280002,103,1,1,128,1,1,16,0.000,0.000,,,,,NVIDIA A100-SXM4-40GB MIG 4g.20gb (0),1,,13,cupy_copy__complex64_complex64
4416260189,92063,280009,1,1,1,32,32,1,30,0.000,0.000,,,,,NVIDIA A100-SXM4-40GB MIG 4g.20gb (0),1,,13,"void convert_kernel<__half2, float2>(tensor_layout_any, T1 *, tensor_layout_any, const T2 *)"
4416388572,19743,280012,,,,,,,,,,0.094,4745.702,Pinned,Device,NVIDIA A100-SXM4-40GB MIG 4g.20gb (0),1,,13,[CUDA memcpy Host-to-Device]
4416420827,46688,280013,,,,,,,,,,35.810,766976.867,Device,,NVIDIA A100-SXM4-40GB MIG 4g.20gb (0),1,,13,[CUDA memset]
4416470971,10335,280015,,,,,,,,,,0.000,7.741,Pinned,Device,NVIDIA A100-SXM4-40GB MIG 4g.20gb (0),1,,13,[CUDA memcpy Host-to-Device]
4416486714,24832,280016,,,,,,,,,,0.197,7917.404,Pinned,Device,NVIDIA A100-SXM4-40GB MIG 4g.20gb (0),1,,13,[CUDA memcpy Host-to-Device]
4416524538,12160,280017,273,1,1,48,1,1,40,0.000,0.001,,,,,NVIDIA A100-SXM4-40GB MIG 4g.20gb (0),1,,13,"void pusch_noise_intf_est::noiseIntfEstNoDftSOfdmKernel<float, __half, float, float, (unsigned int)2, (unsigned int)1, (unsigned char)4, (unsigned char)4>(pusch_noise_intf_est::puschRxNoiseIntfEstDynDescr)"
4416541370,3104,280028,35,1,1,128,1,1,16,0.000,0.000,,,,,NVIDIA A100-SXM4-40GB MIG 4g.20gb (0),1,,13,cupy_copy__complex64_complex64
4416549530,2304,280037,1,1,1,1,1,1,18,0.000,0.000,,,,,NVIDIA A100-SXM4-40GB MIG 4g.20gb (0),1,,13,cupy_copy__float32_float32
4416557402,4607,280043,,,,,,,,,,0.000,0.868,Device,Pageable,NVIDIA A100-SXM4-40GB MIG 4g.20gb (0),1,,7,[CUDA memcpy Device-to-Host]
4416632345,12991,280054,1434,1,1,128,1,1,16,0.000,0.000,,,,,NVIDIA A100-SXM4-40GB MIG 4g.20gb (0),1,,13,cupy_copy__complex64_complex64
4416660888,3104,280061,103,1,1,128,1,1,16,0.000,0.000,,,,,NVIDIA A100-SXM4-40GB MIG 4g.20gb (0),1,,13,cupy_copy__complex64_complex64
4416684664,2528,280068,35,1,1,128,1,1,16,0.000,0.000,,,,,NVIDIA A100-SXM4-40GB MIG 4g.20gb (0),1,,13,cupy_copy__complex64_complex64
4416706872,1888,280075,1,1,1,1,1,1,18,0.000,0.000,,,,,NVIDIA A100-SXM4-40GB MIG 4g.20gb (0),1,,13,cupy_copy__float32_float32
4416834966,81759,280086,1,1,1,32,32,1,30,0.000,0.000,,,,,NVIDIA A100-SXM4-40GB MIG 4g.20gb (0),1,,13,"void convert_kernel<__half2, float2>(tensor_layout_any, T1 *, tensor_layout_any, const T2 *)"
4416948181,9120,280089,,,,,,,,,,0.094,10273.673,Pinned,Device,NVIDIA A100-SXM4-40GB MIG 4g.20gb (0),1,,13,[CUDA memcpy Host-to-Device]
4416963413,3583,280090,,,,,,,,,,1.547,431655.025,Device,,NVIDIA A100-SXM4-40GB MIG 4g.20gb (0),1,,13,[CUDA memset]
4416967924,3360,280095,,,,,,,,,,0.031,9314.284,Pinned,Device,NVIDIA A100-SXM4-40GB MIG 4g.20gb (0),1,,13,[CUDA memcpy Host-to-Device]
4416976628,10656,280096,,,,,,,,,,0.197,18450.285,Pinned,Device,NVIDIA A100-SXM4-40GB MIG 4g.20gb (0),1,,13,[CUDA memcpy Host-to-Device]
4416993780,7968,280097,273,1,1,8,4,1,39,0.002,0.000,,,,,NVIDIA A100-SXM4-40GB MIG 4g.20gb (0),1,,13,"void channel_eq::eqMmseCoefCompLowMimoKernel<float, float, float, (unsigned int)4, (unsigned int)1, (unsigned int)4>(const channel_eq::_puschRxChEqStatDescr *, channel_eq::_puschRxChEqCoefCompDynDescr)"
4417006772,6240,280098,273,1,1,12,11,1,51,0.002,0.000,,,,,NVIDIA A100-SXM4-40GB MIG 4g.20gb (0),1,,13,"void channel_eq::eqMmseSoftDemapKernel<float, __half, __half, float, (unsigned int)4, (unsigned short)16383>(channel_eq::_puschRxChEqStatDescr *, channel_eq::_puschRxChEqSoftDemapDynDescr)"
4417016660,281916,280099,1,1,1,32,32,1,30,0.000,0.000,,,,,NVIDIA A100-SXM4-40GB MIG 4g.20gb (0),1,,13,"void convert_kernel<float2, __half2>(tensor_layout_any, T1 *, tensor_layout_any, const T2 *)"
4417299696,11072,280111,2253,1,1,128,1,1,16,0.000,0.000,,,,,NVIDIA A100-SXM4-40GB MIG 4g.20gb (0),1,,13,cupy_copy__float16_float16
4417314640,3520,280120,282,1,1,128,1,1,16,0.000,0.000,,,,,NVIDIA A100-SXM4-40GB MIG 4g.20gb (0),1,,13,cupy_copy__complex64_complex64
4417320112,2656,280129,26,1,1,128,1,1,16,0.000,0.000,,,,,NVIDIA A100-SXM4-40GB MIG 4g.20gb (0),1,,13,cupy_copy__float32_float32
4417324848,3136,280138,103,1,1,128,1,1,16,0.000,0.000,,,,,NVIDIA A100-SXM4-40GB MIG 4g.20gb (0),1,,13,cupy_copy__complex64_complex64
4417329008,11968,280148,1434,1,1,128,1,1,16,0.000,0.000,,,,,NVIDIA A100-SXM4-40GB MIG 4g.20gb (0),1,,13,cupy_copy__complex64_complex64
4417345232,86879,280153,1,1,1,32,32,1,30,0.000,0.000,,,,,NVIDIA A100-SXM4-40GB MIG 4g.20gb (0),1,,13,"void convert_kernel<__half2, float2>(tensor_layout_any, T1 *, tensor_layout_any, const T2 *)"
4417458478,5664,280156,,,,,,,,,,0.094,16542.310,Pinned,Device,NVIDIA A100-SXM4-40GB MIG 4g.20gb (0),1,,13,[CUDA memcpy Host-to-Device]
4417470830,597753,280157,,,,,,,,,,456.561,763370.728,Device,,NVIDIA A100-SXM4-40GB MIG 4g.20gb (0),1,,13,[CUDA memset]
4418075271,154878,280162,,,,,,,,,,1.235,7972.798,Pinned,Device,NVIDIA A100-SXM4-40GB MIG 4g.20gb (0),1,,13,[CUDA memcpy Host-to-Device]
4418247013,40639,280163,,,,,,,,,,0.197,4837.736,Pinned,Device,NVIDIA A100-SXM4-40GB MIG 4g.20gb (0),1,,13,[CUDA memcpy Host-to-Device]
4418316388,7936,280164,69,4,1,48,1,1,76,0.002,0.000,,,,,NVIDIA A100-SXM4-40GB MIG 4g.20gb (0),1,,13,"void ch_est::windowedChEstPreNoDftSOfdmKernel<float, __half, float, (unsigned int)2, (unsigned int)1, (unsigned short)4>(ch_est::puschRxChEstStatDescr_t *, ch_est::puschRxChEstDynDescr_t *)"
4418335684,6848,280165,137,2,1,24,2,1,44,0.001,0.001,,,,,NVIDIA A100-SXM4-40GB MIG 4g.20gb (0),1,,13,"void ch_est::chEstFilterNoDftSOfdmDispatchKernel<float, __half, float, (unsigned int)2>(ch_est::puschRxChEstStatDescr_t *, ch_est::puschRxChEstDynDescr_t *)"
4418352579,4736,280166,137,2,1,24,2,1,44,0.001,0.001,,,,,NVIDIA A100-SXM4-40GB MIG 4g.20gb (0),1,,13,"void ch_est::chEstFilterNoDftSOfdmDispatchKernel<float, __half, float, (unsigned int)2>(ch_est::puschRxChEstStatDescr_t *, ch_est::puschRxChEstDynDescr_t *)"
4418370083,2688,280177,103,1,1,128,1,1,16,0.000,0.000,,,,,NVIDIA A100-SXM4-40GB MIG 4g.20gb (0),1,,13,cupy_copy__complex64_complex64
4418387139,12448,280187,1434,1,1,128,1,1,16,0.000,0.000,,,,,NVIDIA A100-SXM4-40GB MIG 4g.20gb (0),1,,13,cupy_copy__complex64_complex64
4418412131,2528,280194,103,1,1,128,1,1,16,0.000,0.000,,,,,NVIDIA A100-SXM4-40GB MIG 4g.20gb (0),1,,13,cupy_copy__complex64_complex64
4418434786,85695,280201,1,1,1,32,32,1,30,0.000,0.000,,,,,NVIDIA A100-SXM4-40GB MIG 4g.20gb (0),1,,13,"void convert_kernel<__half2, float2>(tensor_layout_any, T1 *, tensor_layout_any, const T2 *)"
4418551841,22400,280204,,,,,,,,,,0.094,4182.777,Pinned,Device,NVIDIA A100-SXM4-40GB MIG 4g.20gb (0),1,,13,[CUDA memcpy Host-to-Device]
4418595808,47136,280205,,,,,,,,,,35.810,759707.453,Device,,NVIDIA A100-SXM4-40GB MIG 4g.20gb (0),1,,13,[CUDA memset]
4418646624,12160,280207,,,,,,,,,,0.000,6.579,Pinned,Device,NVIDIA A100-SXM4-40GB MIG 4g.20gb (0),1,,13,[CUDA memcpy Host-to-Device]
4418665824,28063,280208,,,,,,,,,,0.197,7005.929,Pinned,Device,NVIDIA A100-SXM4-40GB MIG 4g.20gb (0),1,,13,[CUDA memcpy Host-to-Device]
4418708031,10272,280209,273,1,1,48,1,1,40,0.000,0.001,,,,,NVIDIA A100-SXM4-40GB MIG 4g.20gb (0),1,,13,"void pusch_noise_intf_est::noiseIntfEstNoDftSOfdmKernel<float, __half, float, float, (unsigned int)2, (unsigned int)1, (unsigned char)4, (unsigned char)4>(pusch_noise_intf_est::puschRxNoiseIntfEstDynDescr)"
4418723999,2624,280220,35,1,1,128,1,1,16,0.000,0.000,,,,,NVIDIA A100-SXM4-40GB MIG 4g.20gb (0),1,,13,cupy_copy__complex64_complex64
4418739263,1728,280229,1,1,1,1,1,1,18,0.000,0.000,,,,,NVIDIA A100-SXM4-40GB MIG 4g.20gb (0),1,,13,cupy_copy__float32_float32
4418748735,5375,280235,,,,,,,,,,0.000,0.744,Device,Pageable,NVIDIA A100-SXM4-40GB MIG 4g.20gb (0),1,,7,[CUDA memcpy Device-to-Host]
4418823678,12735,280246,1434,1,1,128,1,1,16,0.000,0.000,,,,,NVIDIA A100-SXM4-40GB MIG 4g.20gb (0),1,,13,cupy_copy__complex64_complex64
4418858621,3520,280253,103,1,1,128,1,1,16,0.000,0.000,,,,,NVIDIA A100-SXM4-40GB MIG 4g.20gb (0),1,,13,cupy_copy__complex64_complex64
4418878685,2304,280260,35,1,1,128,1,1,16,0.000,0.000,,,,,NVIDIA A100-SXM4-40GB MIG 4g.20gb (0),1,,13,cupy_copy__complex64_complex64
4418897021,1792,280267,1,1,1,1,1,1,18,0.000,0.000,,,,,NVIDIA A100-SXM4-40GB MIG 4g.20gb (0),1,,13,cupy_copy__float32_float32
4419027259,87455,280278,1,1,1,32,32,1,30,0.000,0.000,,,,,NVIDIA A100-SXM4-40GB MIG 4g.20gb (0),1,,13,"void convert_kernel<__half2, float2>(tensor_layout_any, T1 *, tensor_layout_any, const T2 *)"
4419142906,5760,280281,,,,,,,,,,0.094,16266.656,Pinned,Device,NVIDIA A100-SXM4-40GB MIG 4g.20gb (0),1,,13,[CUDA memcpy Host-to-Device]
4419157689,3520,280282,,,,,,,,,,1.547,439380.412,Device,,NVIDIA A100-SXM4-40GB MIG 4g.20gb (0),1,,13,[CUDA memset]
4419164249,3616,280287,,,,,,,,,,0.031,8654.846,Pinned,Device,NVIDIA A100-SXM4-40GB MIG 4g.20gb (0),1,,13,[CUDA memcpy Host-to-Device]
4419170265,10016,280288,,,,,,,,,,0.197,19629.343,Pinned,Device,NVIDIA A100-SXM4-40GB MIG 4g.20gb (0),1,,13,[CUDA memcpy Host-to-Device]
4419186073,6176,280289,273,1,1,8,4,1,39,0.002,0.000,,,,,NVIDIA A100-SXM4-40GB MIG 4g.20gb (0),1,,13,"void channel_eq::eqMmseCoefCompLowMimoKernel<float, float, float, (unsigned int)4, (unsigned int)1, (unsigned int)4>(const channel_eq::_puschRxChEqStatDescr *, channel_eq::_puschRxChEqCoefCompDynDescr)"
4419193273,6464,280290,273,1,1,12,11,1,51,0.002,0.000,,,,,NVIDIA A100-SXM4-40GB MIG 4g.20gb (0),1,,13,"void channel_eq::eqMmseSoftDemapKernel<float, __half, __half, float, (unsigned int)4, (unsigned short)16383>(channel_eq::_puschRxChEqStatDescr *, channel_eq::_puschRxChEqSoftDemapDynDescr)"
4419200825,283036,280291,1,1,1,32,32,1,30,0.000,0.000,,,,,NVIDIA A100-SXM4-40GB MIG 4g.20gb (0),1,,13,"void convert_kernel<float2, __half2>(tensor_layout_any, T1 *, tensor_layout_any, const T2 *)"
4419485013,10912,280303,2253,1,1,128,1,1,16,0.000,0.000,,,,,NVIDIA A100-SXM4-40GB MIG 4g.20gb (0),1,,13,cupy_copy__float16_float16
4419498229,3296,280312,282,1,1,128,1,1,16,0.000,0.000,,,,,NVIDIA A100-SXM4-40GB MIG 4g.20gb (0),1,,13,cupy_copy__complex64_complex64
4419503413,2336,280321,26,1,1,128,1,1,16,0.000,0.000,,,,,NVIDIA A100-SXM4-40GB MIG 4g.20gb (0),1,,13,cupy_copy__float32_float32
4419507605,2880,280330,103,1,1,128,1,1,16,0.000,0.000,,,,,NVIDIA A100-SXM4-40GB MIG 4g.20gb (0),1,,13,cupy_copy__complex64_complex64
4419513045,11936,280340,1434,1,1,128,1,1,16,0.000,0.000,,,,,NVIDIA A100-SXM4-40GB MIG 4g.20gb (0),1,,13,cupy_copy__complex64_complex64
4419528821,82175,280345,1,1,1,32,32,1,30,0.000,0.000,,,,,NVIDIA A100-SXM4-40GB MIG 4g.20gb (0),1,,13,"void convert_kernel<__half2, float2>(tensor_layout_any, T1 *, tensor_layout_any, const T2 *)"
4419638484,5439,280348,,,,,,,,,,0.094,17226.665,Pinned,Device,NVIDIA A100-SXM4-40GB MIG 4g.20gb (0),1,,13,[CUDA memcpy Host-to-Device]
4419648883,600377,280349,,,,,,,,,,456.561,760174.798,Device,,NVIDIA A100-SXM4-40GB MIG 4g.20gb (0),1,,13,[CUDA memset]
4420252268,103807,280354,,,,,,,,,,1.235,11896.216,Pinned,Device,NVIDIA A100-SXM4-40GB MIG 4g.20gb (0),1,,13,[CUDA memcpy Host-to-Device]
4420367307,29759,280355,,,,,,,,,,0.197,6606.619,Pinned,Device,NVIDIA A100-SXM4-40GB MIG 4g.20gb (0),1,,13,[CUDA memcpy Host-to-Device]
4420419850,8288,280356,69,4,1,48,1,1,76,0.002,0.000,,,,,NVIDIA A100-SXM4-40GB MIG 4g.20gb (0),1,,13,"void ch_est::windowedChEstPreNoDftSOfdmKernel<float, __half, float, (unsigned int)2, (unsigned int)1, (unsigned short)4>(ch_est::puschRxChEstStatDescr_t *, ch_est::puschRxChEstDynDescr_t *)"
4420433802,6336,280357,137,2,1,24,2,1,44,0.001,0.001,,,,,NVIDIA A100-SXM4-40GB MIG 4g.20gb (0),1,,13,"void ch_est::chEstFilterNoDftSOfdmDispatchKernel<float, __half, float, (unsigned int)2>(ch_est::puschRxChEstStatDescr_t *, ch_est::puschRxChEstDynDescr_t *)"
4420451018,5087,280358,137,2,1,24,2,1,44,0.001,0.001,,,,,NVIDIA A100-SXM4-40GB MIG 4g.20gb (0),1,,13,"void ch_est::chEstFilterNoDftSOfdmDispatchKernel<float, __half, float, (unsigned int)2>(ch_est::puschRxChEstStatDescr_t *, ch_est::puschRxChEstDynDescr_t *)"
4420463881,2752,280369,103,1,1,128,1,1,16,0.000,0.000,,,,,NVIDIA A100-SXM4-40GB MIG 4g.20gb (0),1,,13,cupy_copy__complex64_complex64
4420478697,12576,280379,1434,1,1,128,1,1,16,0.000,0.000,,,,,NVIDIA A100-SXM4-40GB MIG 4g.20gb (0),1,,13,cupy_copy__complex64_complex64
4420498793,2528,280386,103,1,1,128,1,1,16,0.000,0.000,,,,,NVIDIA A100-SXM4-40GB MIG 4g.20gb (0),1,,13,cupy_copy__complex64_complex64
4420518889,91391,280393,1,1,1,32,32,1,30,0.000,0.000,,,,,NVIDIA A100-SXM4-40GB MIG 4g.20gb (0),1,,13,"void convert_kernel<__half2, float2>(tensor_layout_any, T1 *, tensor_layout_any, const T2 *)"
4420646535,22976,280396,,,,,,,,,,0.094,4077.931,Pinned,Device,NVIDIA A100-SXM4-40GB MIG 4g.20gb (0),1,,13,[CUDA memcpy Host-to-Device]
4420685959,46687,280397,,,,,,,,,,35.810,767012.676,Device,,NVIDIA A100-SXM4-40GB MIG 4g.20gb (0),1,,13,[CUDA memset]
4420741734,10752,280399,,,,,,,,,,0.000,7.440,Pinned,Device,NVIDIA A100-SXM4-40GB MIG 4g.20gb (0),1,,13,[CUDA memcpy Host-to-Device]
4420762598,32639,280400,,,,,,,,,,0.197,6023.676,Pinned,Device,NVIDIA A100-SXM4-40GB MIG 4g.20gb (0),1,,13,[CUDA memcpy Host-to-Device]
4420818949,9696,280401,273,1,1,48,1,1,40,0.000,0.001,,,,,NVIDIA A100-SXM4-40GB MIG 4g.20gb (0),1,,13,"void pusch_noise_intf_est::noiseIntfEstNoDftSOfdmKernel<float, __half, float, float, (unsigned int)2, (unsigned int)1, (unsigned char)4, (unsigned char)4>(pusch_noise_intf_est::puschRxNoiseIntfEstDynDescr)"
4420835525,2656,280412,35,1,1,128,1,1,16,0.000,0.000,,,,,NVIDIA A100-SXM4-40GB MIG 4g.20gb (0),1,,13,cupy_copy__complex64_complex64
4420852453,1696,280421,1,1,1,1,1,1,18,0.000,0.000,,,,,NVIDIA A100-SXM4-40GB MIG 4g.20gb (0),1,,13,cupy_copy__float32_float32
4420861540,6976,280427,,,,,,,,,,0.000,0.573,Device,Pageable,NVIDIA A100-SXM4-40GB MIG 4g.20gb (0),1,,7,[CUDA memcpy Device-to-Host]
4420960259,12832,280438,1434,1,1,128,1,1,16,0.000,0.000,,,,,NVIDIA A100-SXM4-40GB MIG 4g.20gb (0),1,,13,cupy_copy__complex64_complex64
4420982691,3392,280445,103,1,1,128,1,1,16,0.000,0.000,,,,,NVIDIA A100-SXM4-40GB MIG 4g.20gb (0),1,,13,cupy_copy__complex64_complex64
4421003139,2528,280452,35,1,1,128,1,1,16,0.000,0.000,,,,,NVIDIA A100-SXM4-40GB MIG 4g.20gb (0),1,,13,cupy_copy__complex64_complex64
4421026306,1792,280459,1,1,1,1,1,1,18,0.000,0.000,,,,,NVIDIA A100-SXM4-40GB MIG 4g.20gb (0),1,,13,cupy_copy__float32_float32
4421155873,87743,280470,1,1,1,32,32,1,30,0.000,0.000,,,,,NVIDIA A100-SXM4-40GB MIG 4g.20gb (0),1,,13,"void convert_kernel<__half2, float2>(tensor_layout_any, T1 *, tensor_layout_any, const T2 *)"
4421274943,8640,280473,,,,,,,,,,0.094,10844.375,Pinned,Device,NVIDIA A100-SXM4-40GB MIG 4g.20gb (0),1,,13,[CUDA memcpy Host-to-Device]
4421288575,3424,280474,,,,,,,,,,1.547,451700.819,Device,,NVIDIA A100-SXM4-40GB MIG 4g.20gb (0),1,,13,[CUDA memset]
4421292607,4896,280479,,,,,,,,,,0.031,6392.145,Pinned,Device,NVIDIA A100-SXM4-40GB MIG 4g.20gb (0),1,,13,[CUDA memcpy Host-to-Device]
4421301215,9696,280480,,,,,,,,,,0.197,20277.166,Pinned,Device,NVIDIA A100-SXM4-40GB MIG 4g.20gb (0),1,,13,[CUDA memcpy Host-to-Device]
4421318495,6304,280481,273,1,1,8,4,1,39,0.002,0.000,,,,,NVIDIA A100-SXM4-40GB MIG 4g.20gb (0),1,,13,"void channel_eq::eqMmseCoefCompLowMimoKernel<float, float, float, (unsigned int)4, (unsigned int)1, (unsigned int)4>(const channel_eq::_puschRxChEqStatDescr *, channel_eq::_puschRxChEqCoefCompDynDescr)"
4421326495,5696,280482,273,1,1,12,11,1,51,0.002,0.000,,,,,NVIDIA A100-SXM4-40GB MIG 4g.20gb (0),1,,13,"void channel_eq::eqMmseSoftDemapKernel<float, __half, __half, float, (unsigned int)4, (unsigned short)16383>(channel_eq::_puschRxChEqStatDescr *, channel_eq::_puschRxChEqSoftDemapDynDescr)"
4421334431,282044,280483,1,1,1,32,32,1,30,0.000,0.000,,,,,NVIDIA A100-SXM4-40GB MIG 4g.20gb (0),1,,13,"void convert_kernel<float2, __half2>(tensor_layout_any, T1 *, tensor_layout_any, const T2 *)"
4421617499,11104,280495,2253,1,1,128,1,1,16,0.000,0.000,,,,,NVIDIA A100-SXM4-40GB MIG 4g.20gb (0),1,,13,cupy_copy__float16_float16
4421631451,3616,280504,282,1,1,128,1,1,16,0.000,0.000,,,,,NVIDIA A100-SXM4-40GB MIG 4g.20gb (0),1,,13,cupy_copy__complex64_complex64
4421636795,2144,280513,26,1,1,128,1,1,16,0.000,0.000,,,,,NVIDIA A100-SXM4-40GB MIG 4g.20gb (0),1,,13,cupy_copy__float32_float32
4421640891,3328,280522,103,1,1,128,1,1,16,0.000,0.000,,,,,NVIDIA A100-SXM4-40GB MIG 4g.20gb (0),1,,13,cupy_copy__complex64_complex64
4421645403,11872,280532,1434,1,1,128,1,1,16,0.000,0.000,,,,,NVIDIA A100-SXM4-40GB MIG 4g.20gb (0),1,,13,cupy_copy__complex64_complex64
4421665467,86783,280537,1,1,1,32,32,1,30,0.000,0.000,,,,,NVIDIA A100-SXM4-40GB MIG 4g.20gb (0),1,,13,"void convert_kernel<__half2, float2>(tensor_layout_any, T1 *, tensor_layout_any, const T2 *)"
4421779705,5472,280540,,,,,,,,,,0.094,17122.757,Pinned,Device,NVIDIA A100-SXM4-40GB MIG 4g.20gb (0),1,,13,[CUDA memcpy Host-to-Device]
4421789977,596473,280541,,,,,,,,,,456.561,765196.973,Device,,NVIDIA A100-SXM4-40GB MIG 4g.20gb (0),1,,13,[CUDA memset]
4422387506,130718,280546,,,,,,,,,,1.235,9447.322,Pinned,Device,NVIDIA A100-SXM4-40GB MIG 4g.20gb (0),1,,13,[CUDA memcpy Host-to-Device]
4422530352,43135,280547,,,,,,,,,,0.197,4557.963,Pinned,Device,NVIDIA A100-SXM4-40GB MIG 4g.20gb (0),1,,13,[CUDA memcpy Host-to-Device]
4422593455,8512,280548,69,4,1,48,1,1,76,0.002,0.000,,,,,NVIDIA A100-SXM4-40GB MIG 4g.20gb (0),1,,13,"void ch_est::windowedChEstPreNoDftSOfdmKernel<float, __half, float, (unsigned int)2, (unsigned int)1, (unsigned short)4>(ch_est::puschRxChEstStatDescr_t *, ch_est::puschRxChEstDynDescr_t *)"
4422611727,6592,280549,137,2,1,24,2,1,44,0.001,0.001,,,,,NVIDIA A100-SXM4-40GB MIG 4g.20gb (0),1,,13,"void ch_est::chEstFilterNoDftSOfdmDispatchKernel<float, __half, float, (unsigned int)2>(ch_est::puschRxChEstStatDescr_t *, ch_est::puschRxChEstDynDescr_t *)"
4422625103,4736,280550,137,2,1,24,2,1,44,0.001,0.001,,,,,NVIDIA A100-SXM4-40GB MIG 4g.20gb (0),1,,13,"void ch_est::chEstFilterNoDftSOfdmDispatchKernel<float, __half, float, (unsigned int)2>(ch_est::puschRxChEstStatDescr_t *, ch_est::puschRxChEstDynDescr_t *)"
4422638383,2720,280561,103,1,1,128,1,1,16,0.000,0.000,,,,,NVIDIA A100-SXM4-40GB MIG 4g.20gb (0),1,,13,cupy_copy__complex64_complex64
4422653678,12672,280571,1434,1,1,128,1,1,16,0.000,0.000,,,,,NVIDIA A100-SXM4-40GB MIG 4g.20gb (0),1,,13,cupy_copy__complex64_complex64
4422681454,2656,280578,103,1,1,128,1,1,16,0.000,0.000,,,,,NVIDIA A100-SXM4-40GB MIG 4g.20gb (0),1,,13,cupy_copy__complex64_complex64
4422691118,85599,280585,1,1,1,32,32,1,30,0.000,0.000,,,,,NVIDIA A100-SXM4-40GB MIG 4g.20gb (0),1,,13,"void convert_kernel<__half2, float2>(tensor_layout_any, T1 *, tensor_layout_any, const T2 *)"
4422803981,5631,280588,,,,,,,,,,0.094,16639.285,Pinned,Device,NVIDIA A100-SXM4-40GB MIG 4g.20gb (0),1,,13,[CUDA memcpy Host-to-Device]
4422815596,47648,280589,,,,,,,,,,35.810,751542.791,Device,,NVIDIA A100-SXM4-40GB MIG 4g.20gb (0),1,,13,[CUDA memset]
4422870508,3744,280591,,,,,,,,,,0.000,21.368,Pinned,Device,NVIDIA A100-SXM4-40GB MIG 4g.20gb (0),1,,13,[CUDA memcpy Host-to-Device]
4422878220,10847,280592,,,,,,,,,,0.197,18125.488,Pinned,Device,NVIDIA A100-SXM4-40GB MIG 4g.20gb (0),1,,13,[CUDA memcpy Host-to-Device]
4422896139,12384,280593,273,1,1,48,1,1,40,0.000,0.001,,,,,NVIDIA A100-SXM4-40GB MIG 4g.20gb (0),1,,13,"void pusch_noise_intf_est::noiseIntfEstNoDftSOfdmKernel<float, __half, float, float, (unsigned int)2, (unsigned int)1, (unsigned char)4, (unsigned char)4>(pusch_noise_intf_est::puschRxNoiseIntfEstDynDescr)"
4422912523,3200,280604,35,1,1,128,1,1,16,0.000,0.000,,,,,NVIDIA A100-SXM4-40GB MIG 4g.20gb (0),1,,13,cupy_copy__complex64_complex64
4422934507,1824,280613,1,1,1,1,1,1,18,0.000,0.000,,,,,NVIDIA A100-SXM4-40GB MIG 4g.20gb (0),1,,13,cupy_copy__float32_float32
4422967659,1856,280619,,,,,,,,,,0.000,2.155,Device,Pageable,NVIDIA A100-SXM4-40GB MIG 4g.20gb (0),1,,7,[CUDA memcpy Device-to-Host]
4423029354,12864,280630,1434,1,1,128,1,1,16,0.000,0.000,,,,,NVIDIA A100-SXM4-40GB MIG 4g.20gb (0),1,,13,cupy_copy__complex64_complex64
4423057193,2816,280637,103,1,1,128,1,1,16,0.000,0.000,,,,,NVIDIA A100-SXM4-40GB MIG 4g.20gb (0),1,,13,cupy_copy__complex64_complex64
4423076553,2336,280644,35,1,1,128,1,1,16,0.000,0.000,,,,,NVIDIA A100-SXM4-40GB MIG 4g.20gb (0),1,,13,cupy_copy__complex64_complex64
4423094921,2048,280651,1,1,1,1,1,1,18,0.000,0.000,,,,,NVIDIA A100-SXM4-40GB MIG 4g.20gb (0),1,,13,cupy_copy__float32_float32
4423227271,82431,280662,1,1,1,32,32,1,30,0.000,0.000,,,,,NVIDIA A100-SXM4-40GB MIG 4g.20gb (0),1,,13,"void convert_kernel<__half2, float2>(tensor_layout_any, T1 *, tensor_layout_any, const T2 *)"
4423337670,5920,280665,,,,,,,,,,0.094,15826.941,Pinned,Device,NVIDIA A100-SXM4-40GB MIG 4g.20gb (0),1,,13,[CUDA memcpy Host-to-Device]
4423351046,3264,280666,,,,,,,,,,1.547,473842.288,Device,,NVIDIA A100-SXM4-40GB MIG 4g.20gb (0),1,,13,[CUDA memset]
4423358118,3008,280671,,,,,,,,,,0.031,10404.230,Pinned,Device,NVIDIA A100-SXM4-40GB MIG 4g.20gb (0),1,,13,[CUDA memcpy Host-to-Device]
4423364454,9696,280672,,,,,,,,,,0.197,20277.166,Pinned,Device,NVIDIA A100-SXM4-40GB MIG 4g.20gb (0),1,,13,[CUDA memcpy Host-to-Device]
4423378725,6112,280673,273,1,1,8,4,1,39,0.002,0.000,,,,,NVIDIA A100-SXM4-40GB MIG 4g.20gb (0),1,,13,"void channel_eq::eqMmseCoefCompLowMimoKernel<float, float, float, (unsigned int)4, (unsigned int)1, (unsigned int)4>(const channel_eq::_puschRxChEqStatDescr *, channel_eq::_puschRxChEqCoefCompDynDescr)"
4423385957,7232,280674,273,1,1,12,11,1,51,0.002,0.000,,,,,NVIDIA A100-SXM4-40GB MIG 4g.20gb (0),1,,13,"void channel_eq::eqMmseSoftDemapKernel<float, __half, __half, float, (unsigned int)4, (unsigned short)16383>(channel_eq::_puschRxChEqStatDescr *, channel_eq::_puschRxChEqSoftDemapDynDescr)"
4423396485,290013,280675,1,1,1,32,32,1,30,0.000,0.000,,,,,NVIDIA A100-SXM4-40GB MIG 4g.20gb (0),1,,13,"void convert_kernel<float2, __half2>(tensor_layout_any, T1 *, tensor_layout_any, const T2 *)"
4423687554,10880,280687,2253,1,1,128,1,1,16,0.000,0.000,,,,,NVIDIA A100-SXM4-40GB MIG 4g.20gb (0),1,,13,cupy_copy__float16_float16
4423699778,2943,280696,282,1,1,128,1,1,16,0.000,0.000,,,,,NVIDIA A100-SXM4-40GB MIG 4g.20gb (0),1,,13,cupy_copy__complex64_complex64
4423704193,2016,280705,26,1,1,128,1,1,16,0.000,0.000,,,,,NVIDIA A100-SXM4-40GB MIG 4g.20gb (0),1,,13,cupy_copy__float32_float32
4423709601,4640,280714,103,1,1,128,1,1,16,0.000,0.000,,,,,NVIDIA A100-SXM4-40GB MIG 4g.20gb (0),1,,13,cupy_copy__complex64_complex64
4423716097,12032,280724,1434,1,1,128,1,1,16,0.000,0.000,,,,,NVIDIA A100-SXM4-40GB MIG 4g.20gb (0),1,,13,cupy_copy__complex64_complex64
4423734849,91263,280729,1,1,1,32,32,1,30,0.000,0.000,,,,,NVIDIA A100-SXM4-40GB MIG 4g.20gb (0),1,,13,"void convert_kernel<__half2, float2>(tensor_layout_any, T1 *, tensor_layout_any, const T2 *)"
4423852928,5632,280732,,,,,,,,,,0.094,16636.287,Pinned,Device,NVIDIA A100-SXM4-40GB MIG 4g.20gb (0),1,,13,[CUDA memcpy Host-to-Device]
4423863263,597273,280733,,,,,,,,,,456.561,764283.851,Device,,NVIDIA A100-SXM4-40GB MIG 4g.20gb (0),1,,13,[CUDA memset]
4424464952,152350,280738,,,,,,,,,,1.235,8104.937,Pinned,Device,NVIDIA A100-SXM4-40GB MIG 4g.20gb (0),1,,13,[CUDA memcpy Host-to-Device]
4424628278,42048,280739,,,,,,,,,,0.197,4675.731,Pinned,Device,NVIDIA A100-SXM4-40GB MIG 4g.20gb (0),1,,13,[CUDA memcpy Host-to-Device]
4424691317,7872,280740,69,4,1,48,1,1,76,0.002,0.000,,,,,NVIDIA A100-SXM4-40GB MIG 4g.20gb (0),1,,13,"void ch_est::windowedChEstPreNoDftSOfdmKernel<float, __half, float, (unsigned int)2, (unsigned int)1, (unsigned short)4>(ch_est::puschRxChEstStatDescr_t *, ch_est::puschRxChEstDynDescr_t *)"
4424710741,6240,280741,137,2,1,24,2,1,44,0.001,0.001,,,,,NVIDIA A100-SXM4-40GB MIG 4g.20gb (0),1,,13,"void ch_est::chEstFilterNoDftSOfdmDispatchKernel<float, __half, float, (unsigned int)2>(ch_est::puschRxChEstStatDescr_t *, ch_est::puschRxChEstDynDescr_t *)"
4424727477,4736,280742,137,2,1,24,2,1,44,0.001,0.001,,,,,NVIDIA A100-SXM4-40GB MIG 4g.20gb (0),1,,13,"void ch_est::chEstFilterNoDftSOfdmDispatchKernel<float, __half, float, (unsigned int)2>(ch_est::puschRxChEstStatDescr_t *, ch_est::puschRxChEstDynDescr_t *)"
4424744149,2528,280753,103,1,1,128,1,1,16,0.000,0.000,,,,,NVIDIA A100-SXM4-40GB MIG 4g.20gb (0),1,,13,cupy_copy__complex64_complex64
4424761076,12576,280763,1434,1,1,128,1,1,16,0.000,0.000,,,,,NVIDIA A100-SXM4-40GB MIG 4g.20gb (0),1,,13,cupy_copy__complex64_complex64
4424781268,2912,280770,103,1,1,128,1,1,16,0.000,0.000,,,,,NVIDIA A100-SXM4-40GB MIG 4g.20gb (0),1,,13,cupy_copy__complex64_complex64
4424800852,91999,280777,1,1,1,32,32,1,30,0.000,0.000,,,,,NVIDIA A100-SXM4-40GB MIG 4g.20gb (0),1,,13,"void convert_kernel<__half2, float2>(tensor_layout_any, T1 *, tensor_layout_any, const T2 *)"
4424924370,16928,280780,,,,,,,,,,0.094,5534.904,Pinned,Device,NVIDIA A100-SXM4-40GB MIG 4g.20gb (0),1,,13,[CUDA memcpy Host-to-Device]
4424954482,46815,280781,,,,,,,,,,35.810,764899.891,Device,,NVIDIA A100-SXM4-40GB MIG 4g.20gb (0),1,,13,[CUDA memset]
4425009393,2816,280783,,,,,,,,,,0.000,28.409,Pinned,Device,NVIDIA A100-SXM4-40GB MIG 4g.20gb (0),1,,13,[CUDA memcpy Host-to-Device]
4425018609,16928,280784,,,,,,,,,,0.197,11614.224,Pinned,Device,NVIDIA A100-SXM4-40GB MIG 4g.20gb (0),1,,13,[CUDA memcpy Host-to-Device]
4425048913,9856,280785,273,1,1,48,1,1,40,0.000,0.001,,,,,NVIDIA A100-SXM4-40GB MIG 4g.20gb (0),1,,13,"void pusch_noise_intf_est::noiseIntfEstNoDftSOfdmKernel<float, __half, float, float, (unsigned int)2, (unsigned int)1, (unsigned char)4, (unsigned char)4>(pusch_noise_intf_est::puschRxNoiseIntfEstDynDescr)"
4425062545,2976,280796,35,1,1,128,1,1,16,0.000,0.000,,,,,NVIDIA A100-SXM4-40GB MIG 4g.20gb (0),1,,13,cupy_copy__complex64_complex64
4425069297,1824,280805,1,1,1,1,1,1,18,0.000,0.000,,,,,NVIDIA A100-SXM4-40GB MIG 4g.20gb (0),1,,13,cupy_copy__float32_float32
4425077713,3807,280811,,,,,,,,,,0.000,1.051,Device,Pageable,NVIDIA A100-SXM4-40GB MIG 4g.20gb (0),1,,7,[CUDA memcpy Device-to-Host]
4425146288,12768,280822,1434,1,1,128,1,1,16,0.000,0.000,,,,,NVIDIA A100-SXM4-40GB MIG 4g.20gb (0),1,,13,cupy_copy__complex64_complex64
4425171535,3008,280829,103,1,1,128,1,1,16,0.000,0.000,,,,,NVIDIA A100-SXM4-40GB MIG 4g.20gb (0),1,,13,cupy_copy__complex64_complex64
4425192367,2496,280836,35,1,1,128,1,1,16,0.000,0.000,,,,,NVIDIA A100-SXM4-40GB MIG 4g.20gb (0),1,,13,cupy_copy__complex64_complex64
4425210671,1760,280843,1,1,1,1,1,1,18,0.000,0.000,,,,,NVIDIA A100-SXM4-40GB MIG 4g.20gb (0),1,,13,cupy_copy__float32_float32
4425343853,87615,280854,1,1,1,32,32,1,30,0.000,0.000,,,,,NVIDIA A100-SXM4-40GB MIG 4g.20gb (0),1,,13,"void convert_kernel<__half2, float2>(tensor_layout_any, T1 *, tensor_layout_any, const T2 *)"
4425458924,6016,280857,,,,,,,,,,0.094,15574.430,Pinned,Device,NVIDIA A100-SXM4-40GB MIG 4g.20gb (0),1,,13,[CUDA memcpy Host-to-Device]
4425473132,3264,280858,,,,,,,,,,1.547,473842.288,Device,,NVIDIA A100-SXM4-40GB MIG 4g.20gb (0),1,,13,[CUDA memset]
4425480588,3296,280863,,,,,,,,,,0.031,9495.144,Pinned,Device,NVIDIA A100-SXM4-40GB MIG 4g.20gb (0),1,,13,[CUDA memcpy Host-to-Device]
4425486507,9632,280864,,,,,,,,,,0.197,20411.843,Pinned,Device,NVIDIA A100-SXM4-40GB MIG 4g.20gb (0),1,,13,[CUDA memcpy Host-to-Device]
4425502507,6208,280865,273,1,1,8,4,1,39,0.002,0.000,,,,,NVIDIA A100-SXM4-40GB MIG 4g.20gb (0),1,,13,"void channel_eq::eqMmseCoefCompLowMimoKernel<float, float, float, (unsigned int)4, (unsigned int)1, (unsigned int)4>(const channel_eq::_puschRxChEqStatDescr *, channel_eq::_puschRxChEqCoefCompDynDescr)"
4425509867,6048,280866,273,1,1,12,11,1,51,0.002,0.000,,,,,NVIDIA A100-SXM4-40GB MIG 4g.20gb (0),1,,13,"void channel_eq::eqMmseSoftDemapKernel<float, __half, __half, float, (unsigned int)4, (unsigned short)16383>(channel_eq::_puschRxChEqStatDescr *, channel_eq::_puschRxChEqSoftDemapDynDescr)"
4425517707,282397,280867,1,1,1,32,32,1,30,0.000,0.000,,,,,NVIDIA A100-SXM4-40GB MIG 4g.20gb (0),1,,13,"void convert_kernel<float2, __half2>(tensor_layout_any, T1 *, tensor_layout_any, const T2 *)"
4425801192,10911,280879,2253,1,1,128,1,1,16,0.000,0.000,,,,,NVIDIA A100-SXM4-40GB MIG 4g.20gb (0),1,,13,cupy_copy__float16_float16
4425813671,2816,280888,282,1,1,128,1,1,16,0.000,0.000,,,,,NVIDIA A100-SXM4-40GB MIG 4g.20gb (0),1,,13,cupy_copy__complex64_complex64
4425818279,2048,280897,26,1,1,128,1,1,16,0.000,0.000,,,,,NVIDIA A100-SXM4-40GB MIG 4g.20gb (0),1,,13,cupy_copy__float32_float32
4425821511,3296,280906,103,1,1,128,1,1,16,0.000,0.000,,,,,NVIDIA A100-SXM4-40GB MIG 4g.20gb (0),1,,13,cupy_copy__complex64_complex64
4425826727,12000,280916,1434,1,1,128,1,1,16,0.000,0.000,,,,,NVIDIA A100-SXM4-40GB MIG 4g.20gb (0),1,,13,cupy_copy__complex64_complex64
4425850983,87263,280921,1,1,1,32,32,1,30,0.000,0.000,,,,,NVIDIA A100-SXM4-40GB MIG 4g.20gb (0),1,,13,"void convert_kernel<__half2, float2>(tensor_layout_any, T1 *, tensor_layout_any, const T2 *)"
4425965158,5792,280924,,,,,,,,,,0.094,16176.708,Pinned,Device,NVIDIA A100-SXM4-40GB MIG 4g.20gb (0),1,,13,[CUDA memcpy Host-to-Device]
4425975013,597113,280925,,,,,,,,,,456.561,764283.851,Device,,NVIDIA A100-SXM4-40GB MIG 4g.20gb (0),1,,13,[CUDA memset]
4426575070,147806,280930,,,,,,,,,,1.235,8354.396,Pinned,Device,NVIDIA A100-SXM4-40GB MIG 4g.20gb (0),1,,13,[CUDA memcpy Host-to-Device]
4426735452,40000,280931,,,,,,,,,,0.197,4915.200,Pinned,Device,NVIDIA A100-SXM4-40GB MIG 4g.20gb (0),1,,13,[CUDA memcpy Host-to-Device]
4426792827,8576,280932,69,4,1,48,1,1,76,0.002,0.000,,,,,NVIDIA A100-SXM4-40GB MIG 4g.20gb (0),1,,13,"void ch_est::windowedChEstPreNoDftSOfdmKernel<float, __half, float, (unsigned int)2, (unsigned int)1, (unsigned short)4>(ch_est::puschRxChEstStatDescr_t *, ch_est::puschRxChEstDynDescr_t *)"
4426810747,6944,280933,137,2,1,24,2,1,44,0.001,0.001,,,,,NVIDIA A100-SXM4-40GB MIG 4g.20gb (0),1,,13,"void ch_est::chEstFilterNoDftSOfdmDispatchKernel<float, __half, float, (unsigned int)2>(ch_est::puschRxChEstStatDescr_t *, ch_est::puschRxChEstDynDescr_t *)"
4426827963,4800,280934,137,2,1,24,2,1,44,0.001,0.001,,,,,NVIDIA A100-SXM4-40GB MIG 4g.20gb (0),1,,13,"void ch_est::chEstFilterNoDftSOfdmDispatchKernel<float, __half, float, (unsigned int)2>(ch_est::puschRxChEstStatDescr_t *, ch_est::puschRxChEstDynDescr_t *)"
4426844827,2752,280945,103,1,1,128,1,1,16,0.000,0.000,,,,,NVIDIA A100-SXM4-40GB MIG 4g.20gb (0),1,,13,cupy_copy__complex64_complex64
4426862683,12671,280955,1434,1,1,128,1,1,16,0.000,0.000,,,,,NVIDIA A100-SXM4-40GB MIG 4g.20gb (0),1,,13,cupy_copy__complex64_complex64
4426884698,2880,280962,103,1,1,128,1,1,16,0.000,0.000,,,,,NVIDIA A100-SXM4-40GB MIG 4g.20gb (0),1,,13,cupy_copy__complex64_complex64
4426909338,84159,280969,1,1,1,32,32,1,30,0.000,0.000,,,,,NVIDIA A100-SXM4-40GB MIG 4g.20gb (0),1,,13,"void convert_kernel<__half2, float2>(tensor_layout_any, T1 *, tensor_layout_any, const T2 *)"
4427029400,21856,280972,,,,,,,,,,0.094,4286.967,Pinned,Device,NVIDIA A100-SXM4-40GB MIG 4g.20gb (0),1,,13,[CUDA memcpy Host-to-Device]
4427074968,47423,280973,,,,,,,,,,35.810,755087.973,Device,,NVIDIA A100-SXM4-40GB MIG 4g.20gb (0),1,,13,[CUDA memset]
4427125559,13056,280975,,,,,,,,,,0.000,6.127,Pinned,Device,NVIDIA A100-SXM4-40GB MIG 4g.20gb (0),1,,13,[CUDA memcpy Host-to-Device]
4427147415,33120,280976,,,,,,,,,,0.197,5936.185,Pinned,Device,NVIDIA A100-SXM4-40GB MIG 4g.20gb (0),1,,13,[CUDA memcpy Host-to-Device]
4427203638,9664,280977,273,1,1,48,1,1,40,0.000,0.001,,,,,NVIDIA A100-SXM4-40GB MIG 4g.20gb (0),1,,13,"void pusch_noise_intf_est::noiseIntfEstNoDftSOfdmKernel<float, __half, float, float, (unsigned int)2, (unsigned int)1, (unsigned char)4, (unsigned char)4>(pusch_noise_intf_est::puschRxNoiseIntfEstDynDescr)"
4427227862,2560,280988,35,1,1,128,1,1,16,0.000,0.000,,,,,NVIDIA A100-SXM4-40GB MIG 4g.20gb (0),1,,13,cupy_copy__complex64_complex64
4427247030,1952,280997,1,1,1,1,1,1,18,0.000,0.000,,,,,NVIDIA A100-SXM4-40GB MIG 4g.20gb (0),1,,13,cupy_copy__float32_float32
4427253270,5856,281003,,,,,,,,,,0.000,0.683,Device,Pageable,NVIDIA A100-SXM4-40GB MIG 4g.20gb (0),1,,7,[CUDA memcpy Device-to-Host]
4427346389,13183,281014,1434,1,1,128,1,1,16,0.000,0.000,,,,,NVIDIA A100-SXM4-40GB MIG 4g.20gb (0),1,,13,cupy_copy__complex64_complex64
4427363508,6944,281021,103,1,1,128,1,1,16,0.000,0.000,,,,,NVIDIA A100-SXM4-40GB MIG 4g.20gb (0),1,,13,cupy_copy__complex64_complex64
4427387124,2720,281028,35,1,1,128,1,1,16,0.000,0.000,,,,,NVIDIA A100-SXM4-40GB MIG 4g.20gb (0),1,,13,cupy_copy__complex64_complex64
4427405524,1760,281035,1,1,1,1,1,1,18,0.000,0.000,,,,,NVIDIA A100-SXM4-40GB MIG 4g.20gb (0),1,,13,cupy_copy__float32_float32
4427531698,87935,281046,1,1,1,32,32,1,30,0.000,0.000,,,,,NVIDIA A100-SXM4-40GB MIG 4g.20gb (0),1,,13,"void convert_kernel<__half2, float2>(tensor_layout_any, T1 *, tensor_layout_any, const T2 *)"
4427648209,5632,281049,,,,,,,,,,0.094,16636.287,Pinned,Device,NVIDIA A100-SXM4-40GB MIG 4g.20gb (0),1,,13,[CUDA memcpy Host-to-Device]
4427662001,3488,281050,,,,,,,,,,1.547,443412.461,Device,,NVIDIA A100-SXM4-40GB MIG 4g.20gb (0),1,,13,[CUDA memset]
4427668465,3488,281055,,,,,,,,,,0.031,8972.469,Pinned,Device,NVIDIA A100-SXM4-40GB MIG 4g.20gb (0),1,,13,[CUDA memcpy Host-to-Device]
4427674833,9567,281056,,,,,,,,,,0.197,20550.451,Pinned,Device,NVIDIA A100-SXM4-40GB MIG 4g.20gb (0),1,,13,[CUDA memcpy Host-to-Device]
4427691504,6816,281057,273,1,1,8,4,1,39,0.002,0.000,,,,,NVIDIA A100-SXM4-40GB MIG 4g.20gb (0),1,,13,"void channel_eq::eqMmseCoefCompLowMimoKernel<float, float, float, (unsigned int)4, (unsigned int)1, (unsigned int)4>(const channel_eq::_puschRxChEqStatDescr *, channel_eq::_puschRxChEqCoefCompDynDescr)"
4427700112,6272,281058,273,1,1,12,11,1,51,0.002,0.000,,,,,NVIDIA A100-SXM4-40GB MIG 4g.20gb (0),1,,13,"void channel_eq::eqMmseSoftDemapKernel<float, __half, __half, float, (unsigned int)4, (unsigned short)16383>(channel_eq::_puschRxChEqStatDescr *, channel_eq::_puschRxChEqSoftDemapDynDescr)"
4427708848,282589,281059,1,1,1,32,32,1,30,0.000,0.000,,,,,NVIDIA A100-SXM4-40GB MIG 4g.20gb (0),1,,13,"void convert_kernel<float2, __half2>(tensor_layout_any, T1 *, tensor_layout_any, const T2 *)"
4427994509,10975,281071,2253,1,1,128,1,1,16,0.000,0.000,,,,,NVIDIA A100-SXM4-40GB MIG 4g.20gb (0),1,,13,cupy_copy__float16_float16
4428009516,2816,281080,282,1,1,128,1,1,16,0.000,0.000,,,,,NVIDIA A100-SXM4-40GB MIG 4g.20gb (0),1,,13,cupy_copy__complex64_complex64
4428015500,1952,281089,26,1,1,128,1,1,16,0.000,0.000,,,,,NVIDIA A100-SXM4-40GB MIG 4g.20gb (0),1,,13,cupy_copy__float32_float32
4428019660,2976,281098,103,1,1,128,1,1,16,0.000,0.000,,,,,NVIDIA A100-SXM4-40GB MIG 4g.20gb (0),1,,13,cupy_copy__complex64_complex64
4428025676,12384,281108,1434,1,1,128,1,1,16,0.000,0.000,,,,,NVIDIA A100-SXM4-40GB MIG 4g.20gb (0),1,,13,cupy_copy__complex64_complex64
4428040556,83167,281113,1,1,1,32,32,1,30,0.000,0.000,,,,,NVIDIA A100-SXM4-40GB MIG 4g.20gb (0),1,,13,"void convert_kernel<__half2, float2>(tensor_layout_any, T1 *, tensor_layout_any, const T2 *)"
4428151051,5376,281116,,,,,,,,,,0.094,17428.487,Pinned,Device,NVIDIA A100-SXM4-40GB MIG 4g.20gb (0),1,,13,[CUDA memcpy Host-to-Device]
4428161323,598520,281117,,,,,,,,,,456.561,762457.605,Device,,NVIDIA A100-SXM4-40GB MIG 4g.20gb (0),1,,13,[CUDA memset]
4428761763,80895,281122,,,,,,,,,,1.235,15265.143,Pinned,Device,NVIDIA A100-SXM4-40GB MIG 4g.20gb (0),1,,13,[CUDA memcpy Host-to-Device]
4428845858,16864,281123,,,,,,,,,,0.197,11658.265,Pinned,Device,NVIDIA A100-SXM4-40GB MIG 4g.20gb (0),1,,13,[CUDA memcpy Host-to-Device]
4428875938,8864,281124,69,4,1,48,1,1,76,0.002,0.000,,,,,NVIDIA A100-SXM4-40GB MIG 4g.20gb (0),1,,13,"void ch_est::windowedChEstPreNoDftSOfdmKernel<float, __half, float, (unsigned int)2, (unsigned int)1, (unsigned short)4>(ch_est::puschRxChEstStatDescr_t *, ch_est::puschRxChEstDynDescr_t *)"
4428891778,6399,281125,137,2,1,24,2,1,44,0.001,0.001,,,,,NVIDIA A100-SXM4-40GB MIG 4g.20gb (0),1,,13,"void ch_est::chEstFilterNoDftSOfdmDispatchKernel<float, __half, float, (unsigned int)2>(ch_est::puschRxChEstStatDescr_t *, ch_est::puschRxChEstDynDescr_t *)"
4428904609,6816,281126,137,2,1,24,2,1,44,0.001,0.001,,,,,NVIDIA A100-SXM4-40GB MIG 4g.20gb (0),1,,13,"void ch_est::chEstFilterNoDftSOfdmDispatchKernel<float, __half, float, (unsigned int)2>(ch_est::puschRxChEstStatDescr_t *, ch_est::puschRxChEstDynDescr_t *)"
4428916353,2528,281137,103,1,1,128,1,1,16,0.000,0.000,,,,,NVIDIA A100-SXM4-40GB MIG 4g.20gb (0),1,,13,cupy_copy__complex64_complex64
4428921793,12544,281147,1434,1,1,128,1,1,16,0.000,0.000,,,,,NVIDIA A100-SXM4-40GB MIG 4g.20gb (0),1,,13,cupy_copy__complex64_complex64
4428939681,2528,281154,103,1,1,128,1,1,16,0.000,0.000,,,,,NVIDIA A100-SXM4-40GB MIG 4g.20gb (0),1,,13,cupy_copy__complex64_complex64
4428946561,82943,281161,1,1,1,32,32,1,30,0.000,0.000,,,,,NVIDIA A100-SXM4-40GB MIG 4g.20gb (0),1,,13,"void convert_kernel<__half2, float2>(tensor_layout_any, T1 *, tensor_layout_any, const T2 *)"
4429056768,6079,281164,,,,,,,,,,0.094,15412.992,Pinned,Device,NVIDIA A100-SXM4-40GB MIG 4g.20gb (0),1,,13,[CUDA memcpy Host-to-Device]
4429068895,47136,281165,,,,,,,,,,35.810,759707.453,Device,,NVIDIA A100-SXM4-40GB MIG 4g.20gb (0),1,,13,[CUDA memset]
4429121023,4224,281167,,,,,,,,,,0.000,18.939,Pinned,Device,NVIDIA A100-SXM4-40GB MIG 4g.20gb (0),1,,13,[CUDA memcpy Host-to-Device]
4429129023,14335,281168,,,,,,,,,,0.197,13715.177,Pinned,Device,NVIDIA A100-SXM4-40GB MIG 4g.20gb (0),1,,13,[CUDA memcpy Host-to-Device]
4429153246,9792,281169,273,1,1,48,1,1,40,0.000,0.001,,,,,NVIDIA A100-SXM4-40GB MIG 4g.20gb (0),1,,13,"void pusch_noise_intf_est::noiseIntfEstNoDftSOfdmKernel<float, __half, float, float, (unsigned int)2, (unsigned int)1, (unsigned char)4, (unsigned char)4>(pusch_noise_intf_est::puschRxNoiseIntfEstDynDescr)"
4429167422,2880,281180,35,1,1,128,1,1,16,0.000,0.000,,,,,NVIDIA A100-SXM4-40GB MIG 4g.20gb (0),1,,13,cupy_copy__complex64_complex64
4429183198,2016,281189,1,1,1,1,1,1,18,0.000,0.000,,,,,NVIDIA A100-SXM4-40GB MIG 4g.20gb (0),1,,13,cupy_copy__float32_float32
4429211006,1600,281195,,,,,,,,,,0.000,2.500,Device,Pageable,NVIDIA A100-SXM4-40GB MIG 4g.20gb (0),1,,7,[CUDA memcpy Device-to-Host]
4429270525,13152,281206,1434,1,1,128,1,1,16,0.000,0.000,,,,,NVIDIA A100-SXM4-40GB MIG 4g.20gb (0),1,,13,cupy_copy__complex64_complex64
4429297277,3487,281213,103,1,1,128,1,1,16,0.000,0.000,,,,,NVIDIA A100-SXM4-40GB MIG 4g.20gb (0),1,,13,cupy_copy__complex64_complex64
4429318172,2304,281220,35,1,1,128,1,1,16,0.000,0.000,,,,,NVIDIA A100-SXM4-40GB MIG 4g.20gb (0),1,,13,cupy_copy__complex64_complex64
4429336124,1792,281227,1,1,1,1,1,1,18,0.000,0.000,,,,,NVIDIA A100-SXM4-40GB MIG 4g.20gb (0),1,,13,cupy_copy__float32_float32
4429466842,81919,281238,1,1,1,32,32,1,30,0.000,0.000,,,,,NVIDIA A100-SXM4-40GB MIG 4g.20gb (0),1,,13,"void convert_kernel<__half2, float2>(tensor_layout_any, T1 *, tensor_layout_any, const T2 *)"
4429576761,5536,281241,,,,,,,,,,0.094,16924.777,Pinned,Device,NVIDIA A100-SXM4-40GB MIG 4g.20gb (0),1,,13,[CUDA memcpy Host-to-Device]
4429591449,3392,281242,,,,,,,,,,1.547,455961.768,Device,,NVIDIA A100-SXM4-40GB MIG 4g.20gb (0),1,,13,[CUDA memset]
4429598329,3168,281247,,,,,,,,,,0.031,9878.770,Pinned,Device,NVIDIA A100-SXM4-40GB MIG 4g.20gb (0),1,,13,[CUDA memcpy Host-to-Device]
4429603993,9376,281248,,,,,,,,,,0.197,20969.226,Pinned,Device,NVIDIA A100-SXM4-40GB MIG 4g.20gb (0),1,,13,[CUDA memcpy Host-to-Device]
4429619193,7615,281249,273,1,1,8,4,1,39,0.002,0.000,,,,,NVIDIA A100-SXM4-40GB MIG 4g.20gb (0),1,,13,"void channel_eq::eqMmseCoefCompLowMimoKernel<float, float, float, (unsigned int)4, (unsigned int)1, (unsigned int)4>(const channel_eq::_puschRxChEqStatDescr *, channel_eq::_puschRxChEqCoefCompDynDescr)"
4429629784,5728,281250,273,1,1,12,11,1,51,0.002,0.000,,,,,NVIDIA A100-SXM4-40GB MIG 4g.20gb (0),1,,13,"void channel_eq::eqMmseSoftDemapKernel<float, __half, __half, float, (unsigned int)4, (unsigned short)16383>(channel_eq::_puschRxChEqStatDescr *, channel_eq::_puschRxChEqSoftDemapDynDescr)"
4429636568,282717,281251,1,1,1,32,32,1,30,0.000,0.000,,,,,NVIDIA A100-SXM4-40GB MIG 4g.20gb (0),1,,13,"void convert_kernel<float2, __half2>(tensor_layout_any, T1 *, tensor_layout_any, const T2 *)"
4429920341,10912,281263,2253,1,1,128,1,1,16,0.000,0.000,,,,,NVIDIA A100-SXM4-40GB MIG 4g.20gb (0),1,,13,cupy_copy__float16_float16
4429932885,3136,281272,282,1,1,128,1,1,16,0.000,0.000,,,,,NVIDIA A100-SXM4-40GB MIG 4g.20gb (0),1,,13,cupy_copy__complex64_complex64
4429941109,2112,281281,26,1,1,128,1,1,16,0.000,0.000,,,,,NVIDIA A100-SXM4-40GB MIG 4g.20gb (0),1,,13,cupy_copy__float32_float32
4429945269,2944,281290,103,1,1,128,1,1,16,0.000,0.000,,,,,NVIDIA A100-SXM4-40GB MIG 4g.20gb (0),1,,13,cupy_copy__complex64_complex64
4429949301,11839,281300,1434,1,1,128,1,1,16,0.000,0.000,,,,,NVIDIA A100-SXM4-40GB MIG 4g.20gb (0),1,,13,cupy_copy__complex64_complex64
4429967796,82975,281305,1,1,1,32,32,1,30,0.000,0.000,,,,,NVIDIA A100-SXM4-40GB MIG 4g.20gb (0),1,,13,"void convert_kernel<__half2, float2>(tensor_layout_any, T1 *, tensor_layout_any, const T2 *)"
4430077971,5504,281308,,,,,,,,,,0.094,17023.251,Pinned,Device,NVIDIA A100-SXM4-40GB MIG 4g.20gb (0),1,,13,[CUDA memcpy Host-to-Device]
4430087539,596280,281309,,,,,,,,,,456.561,765653.535,Device,,NVIDIA A100-SXM4-40GB MIG 4g.20gb (0),1,,13,[CUDA memset]
4430693867,152286,281314,,,,,,,,,,1.235,8108.642,Pinned,Device,NVIDIA A100-SXM4-40GB MIG 4g.20gb (0),1,,13,[CUDA memcpy Host-to-Device]
4430858473,40416,281315,,,,,,,,,,0.197,4864.475,Pinned,Device,NVIDIA A100-SXM4-40GB MIG 4g.20gb (0),1,,13,[CUDA memcpy Host-to-Device]
4430920681,8287,281316,69,4,1,48,1,1,76,0.002,0.000,,,,,NVIDIA A100-SXM4-40GB MIG 4g.20gb (0),1,,13,"void ch_est::windowedChEstPreNoDftSOfdmKernel<float, __half, float, (unsigned int)2, (unsigned int)1, (unsigned short)4>(ch_est::puschRxChEstStatDescr_t *, ch_est::puschRxChEstDynDescr_t *)"
4430937384,6784,281317,137,2,1,24,2,1,44,0.001,0.001,,,,,NVIDIA A100-SXM4-40GB MIG 4g.20gb (0),1,,13,"void ch_est::chEstFilterNoDftSOfdmDispatchKernel<float, __half, float, (unsigned int)2>(ch_est::puschRxChEstStatDescr_t *, ch_est::puschRxChEstDynDescr_t *)"
4430948744,5024,281318,137,2,1,24,2,1,44,0.001,0.001,,,,,NVIDIA A100-SXM4-40GB MIG 4g.20gb (0),1,,13,"void ch_est::chEstFilterNoDftSOfdmDispatchKernel<float, __half, float, (unsigned int)2>(ch_est::puschRxChEstStatDescr_t *, ch_est::puschRxChEstDynDescr_t *)"
4430962472,2656,281329,103,1,1,128,1,1,16,0.000,0.000,,,,,NVIDIA A100-SXM4-40GB MIG 4g.20gb (0),1,,13,cupy_copy__complex64_complex64
4430971752,12672,281339,1434,1,1,128,1,1,16,0.000,0.000,,,,,NVIDIA A100-SXM4-40GB MIG 4g.20gb (0),1,,13,cupy_copy__complex64_complex64
4430991560,2656,281346,103,1,1,128,1,1,16,0.000,0.000,,,,,NVIDIA A100-SXM4-40GB MIG 4g.20gb (0),1,,13,cupy_copy__complex64_complex64
4431001096,82783,281353,1,1,1,32,32,1,30,0.000,0.000,,,,,NVIDIA A100-SXM4-40GB MIG 4g.20gb (0),1,,13,"void convert_kernel<__half2, float2>(tensor_layout_any, T1 *, tensor_layout_any, const T2 *)"
4431115334,9984,281356,,,,,,,,,,0.094,9384.591,Pinned,Device,NVIDIA A100-SXM4-40GB MIG 4g.20gb (0),1,,13,[CUDA memcpy Host-to-Device]
4431129766,47679,281357,,,,,,,,,,35.810,751041.452,Device,,NVIDIA A100-SXM4-40GB MIG 4g.20gb (0),1,,13,[CUDA memset]
4431184357,3680,281359,,,,,,,,,,0.000,21.739,Pinned,Device,NVIDIA A100-SXM4-40GB MIG 4g.20gb (0),1,,13,[CUDA memcpy Host-to-Device]
4431193637,14144,281360,,,,,,,,,,0.197,13900.382,Pinned,Device,NVIDIA A100-SXM4-40GB MIG 4g.20gb (0),1,,13,[CUDA memcpy Host-to-Device]
4431214917,10144,281361,273,1,1,48,1,1,40,0.000,0.001,,,,,NVIDIA A100-SXM4-40GB MIG 4g.20gb (0),1,,13,"void pusch_noise_intf_est::noiseIntfEstNoDftSOfdmKernel<float, __half, float, float, (unsigned int)2, (unsigned int)1, (unsigned char)4, (unsigned char)4>(pusch_noise_intf_est::puschRxNoiseIntfEstDynDescr)"
4431230437,2912,281372,35,1,1,128,1,1,16,0.000,0.000,,,,,NVIDIA A100-SXM4-40GB MIG 4g.20gb (0),1,,13,cupy_copy__complex64_complex64
4431237829,1952,281381,1,1,1,1,1,1,18,0.000,0.000,,,,,NVIDIA A100-SXM4-40GB MIG 4g.20gb (0),1,,13,cupy_copy__float32_float32
4431267684,1856,281387,,,,,,,,,,0.000,2.155,Device,Pageable,NVIDIA A100-SXM4-40GB MIG 4g.20gb (0),1,,7,[CUDA memcpy Device-to-Host]
4431326468,12767,281398,1434,1,1,128,1,1,16,0.000,0.000,,,,,NVIDIA A100-SXM4-40GB MIG 4g.20gb (0),1,,13,cupy_copy__complex64_complex64
4431353027,2752,281405,103,1,1,128,1,1,16,0.000,0.000,,,,,NVIDIA A100-SXM4-40GB MIG 4g.20gb (0),1,,13,cupy_copy__complex64_complex64
4431374339,2368,281412,35,1,1,128,1,1,16,0.000,0.000,,,,,NVIDIA A100-SXM4-40GB MIG 4g.20gb (0),1,,13,cupy_copy__complex64_complex64
4431395459,1824,281419,1,1,1,1,1,1,18,0.000,0.000,,,,,NVIDIA A100-SXM4-40GB MIG 4g.20gb (0),1,,13,cupy_copy__float32_float32
4431525089,81695,281430,1,1,1,32,32,1,30,0.000,0.000,,,,,NVIDIA A100-SXM4-40GB MIG 4g.20gb (0),1,,13,"void convert_kernel<__half2, float2>(tensor_layout_any, T1 *, tensor_layout_any, const T2 *)"
4431634944,5632,281433,,,,,,,,,,0.094,16636.287,Pinned,Device,NVIDIA A100-SXM4-40GB MIG 4g.20gb (0),1,,13,[CUDA memcpy Host-to-Device]
4431648896,3456,281434,,,,,,,,,,1.547,447517.201,Device,,NVIDIA A100-SXM4-40GB MIG 4g.20gb (0),1,,13,[CUDA memset]
4431655871,3392,281439,,,,,,,,,,0.031,9226.405,Pinned,Device,NVIDIA A100-SXM4-40GB MIG 4g.20gb (0),1,,13,[CUDA memcpy Host-to-Device]
4431661759,9632,281440,,,,,,,,,,0.197,20411.843,Pinned,Device,NVIDIA A100-SXM4-40GB MIG 4g.20gb (0),1,,13,[CUDA memcpy Host-to-Device]
4431675295,8384,281441,273,1,1,8,4,1,39,0.002,0.000,,,,,NVIDIA A100-SXM4-40GB MIG 4g.20gb (0),1,,13,"void channel_eq::eqMmseCoefCompLowMimoKernel<float, float, float, (unsigned int)4, (unsigned int)1, (unsigned int)4>(const channel_eq::_puschRxChEqStatDescr *, channel_eq::_puschRxChEqCoefCompDynDescr)"
4431684767,6336,281442,273,1,1,12,11,1,51,0.002,0.000,,,,,NVIDIA A100-SXM4-40GB MIG 4g.20gb (0),1,,13,"void channel_eq::eqMmseSoftDemapKernel<float, __half, __half, float, (unsigned int)4, (unsigned short)16383>(channel_eq::_puschRxChEqStatDescr *, channel_eq::_puschRxChEqSoftDemapDynDescr)"
4431692031,281885,281443,1,1,1,32,32,1,30,0.000,0.000,,,,,NVIDIA A100-SXM4-40GB MIG 4g.20gb (0),1,,13,"void convert_kernel<float2, __half2>(tensor_layout_any, T1 *, tensor_layout_any, const T2 *)"
4431975420,11135,281455,2253,1,1,128,1,1,16,0.000,0.000,,,,,NVIDIA A100-SXM4-40GB MIG 4g.20gb (0),1,,13,cupy_copy__float16_float16
4431989819,3104,281464,282,1,1,128,1,1,16,0.000,0.000,,,,,NVIDIA A100-SXM4-40GB MIG 4g.20gb (0),1,,13,cupy_copy__complex64_complex64
4431993979,2016,281473,26,1,1,128,1,1,16,0.000,0.000,,,,,NVIDIA A100-SXM4-40GB MIG 4g.20gb (0),1,,13,cupy_copy__float32_float32
4431999099,2880,281482,103,1,1,128,1,1,16,0.000,0.000,,,,,NVIDIA A100-SXM4-40GB MIG 4g.20gb (0),1,,13,cupy_copy__complex64_complex64
4432004251,12096,281492,1434,1,1,128,1,1,16,0.000,0.000,,,,,NVIDIA A100-SXM4-40GB MIG 4g.20gb (0),1,,13,cupy_copy__complex64_complex64
4432024347,82399,281497,1,1,1,32,32,1,30,0.000,0.000,,,,,NVIDIA A100-SXM4-40GB MIG 4g.20gb (0),1,,13,"void convert_kernel<__half2, float2>(tensor_layout_any, T1 *, tensor_layout_any, const T2 *)"
4432133914,5600,281500,,,,,,,,,,0.094,16731.388,Pinned,Device,NVIDIA A100-SXM4-40GB MIG 4g.20gb (0),1,,13,[CUDA memcpy Host-to-Device]
4432143545,598041,281501,,,,,,,,,,456.561,763370.728,Device,,NVIDIA A100-SXM4-40GB MIG 4g.20gb (0),1,,13,[CUDA memset]
4432746258,158014,281506,,,,,,,,,,1.235,7814.726,Pinned,Device,NVIDIA A100-SXM4-40GB MIG 4g.20gb (0),1,,13,[CUDA memcpy Host-to-Device]
4432916752,39263,281507,,,,,,,,,,0.197,5007.409,Pinned,Device,NVIDIA A100-SXM4-40GB MIG 4g.20gb (0),1,,13,[CUDA memcpy Host-to-Device]
4432973647,8192,281508,69,4,1,48,1,1,76,0.002,0.000,,,,,NVIDIA A100-SXM4-40GB MIG 4g.20gb (0),1,,13,"void ch_est::windowedChEstPreNoDftSOfdmKernel<float, __half, float, (unsigned int)2, (unsigned int)1, (unsigned short)4>(ch_est::puschRxChEstStatDescr_t *, ch_est::puschRxChEstDynDescr_t *)"
4432991247,7072,281509,137,2,1,24,2,1,44,0.001,0.001,,,,,NVIDIA A100-SXM4-40GB MIG 4g.20gb (0),1,,13,"void ch_est::chEstFilterNoDftSOfdmDispatchKernel<float, __half, float, (unsigned int)2>(ch_est::puschRxChEstStatDescr_t *, ch_est::puschRxChEstDynDescr_t *)"
4433008559,4736,281510,137,2,1,24,2,1,44,0.001,0.001,,,,,NVIDIA A100-SXM4-40GB MIG 4g.20gb (0),1,,13,"void ch_est::chEstFilterNoDftSOfdmDispatchKernel<float, __half, float, (unsigned int)2>(ch_est::puschRxChEstStatDescr_t *, ch_est::puschRxChEstDynDescr_t *)"
4433025519,2496,281521,103,1,1,128,1,1,16,0.000,0.000,,,,,NVIDIA A100-SXM4-40GB MIG 4g.20gb (0),1,,13,cupy_copy__complex64_complex64
4433045006,12320,281531,1434,1,1,128,1,1,16,0.000,0.000,,,,,NVIDIA A100-SXM4-40GB MIG 4g.20gb (0),1,,13,cupy_copy__complex64_complex64
4433066830,2592,281538,103,1,1,128,1,1,16,0.000,0.000,,,,,NVIDIA A100-SXM4-40GB MIG 4g.20gb (0),1,,13,cupy_copy__complex64_complex64
4433088910,99167,281545,1,1,1,32,32,1,30,0.000,0.000,,,,,NVIDIA A100-SXM4-40GB MIG 4g.20gb (0),1,,13,"void convert_kernel<__half2, float2>(tensor_layout_any, T1 *, tensor_layout_any, const T2 *)"
4433221548,21696,281548,,,,,,,,,,0.094,4318.542,Pinned,Device,NVIDIA A100-SXM4-40GB MIG 4g.20gb (0),1,,13,[CUDA memcpy Host-to-Device]
4433261868,47967,281549,,,,,,,,,,35.810,746529.402,Device,,NVIDIA A100-SXM4-40GB MIG 4g.20gb (0),1,,13,[CUDA memset]
4433315275,7072,281551,,,,,,,,,,0.000,11.312,Pinned,Device,NVIDIA A100-SXM4-40GB MIG 4g.20gb (0),1,,13,[CUDA memcpy Host-to-Device]
4433330123,16320,281552,,,,,,,,,,0.197,12046.959,Pinned,Device,NVIDIA A100-SXM4-40GB MIG 4g.20gb (0),1,,13,[CUDA memcpy Host-to-Device]
4433359434,12576,281553,273,1,1,48,1,1,40,0.000,0.001,,,,,NVIDIA A100-SXM4-40GB MIG 4g.20gb (0),1,,13,"void pusch_noise_intf_est::noiseIntfEstNoDftSOfdmKernel<float, __half, float, float, (unsigned int)2, (unsigned int)1, (unsigned char)4, (unsigned char)4>(pusch_noise_intf_est::puschRxNoiseIntfEstDynDescr)"
4433374058,2784,281564,35,1,1,128,1,1,16,0.000,0.000,,,,,NVIDIA A100-SXM4-40GB MIG 4g.20gb (0),1,,13,cupy_copy__complex64_complex64
4433381610,1824,281573,1,1,1,1,1,1,18,0.000,0.000,,,,,NVIDIA A100-SXM4-40GB MIG 4g.20gb (0),1,,13,cupy_copy__float32_float32
4433389706,4416,281579,,,,,,,,,,0.000,0.906,Device,Pageable,NVIDIA A100-SXM4-40GB MIG 4g.20gb (0),1,,7,[CUDA memcpy Device-to-Host]
4433465417,13216,281590,1434,1,1,128,1,1,16,0.000,0.000,,,,,NVIDIA A100-SXM4-40GB MIG 4g.20gb (0),1,,13,cupy_copy__complex64_complex64
4433488969,3360,281597,103,1,1,128,1,1,16,0.000,0.000,,,,,NVIDIA A100-SXM4-40GB MIG 4g.20gb (0),1,,13,cupy_copy__complex64_complex64
4433508425,2816,281604,35,1,1,128,1,1,16,0.000,0.000,,,,,NVIDIA A100-SXM4-40GB MIG 4g.20gb (0),1,,13,cupy_copy__complex64_complex64
4433531976,1792,281611,1,1,1,1,1,1,18,0.000,0.000,,,,,NVIDIA A100-SXM4-40GB MIG 4g.20gb (0),1,,13,cupy_copy__float32_float32
4433652999,87423,281622,1,1,1,32,32,1,30,0.000,0.000,,,,,NVIDIA A100-SXM4-40GB MIG 4g.20gb (0),1,,13,"void convert_kernel<__half2, float2>(tensor_layout_any, T1 *, tensor_layout_any, const T2 *)"
4433767173,6048,281625,,,,,,,,,,0.094,15491.978,Pinned,Device,NVIDIA A100-SXM4-40GB MIG 4g.20gb (0),1,,13,[CUDA memcpy Host-to-Device]
4433781285,3200,281626,,,,,,,,,,1.547,483320.000,Device,,NVIDIA A100-SXM4-40GB MIG 4g.20gb (0),1,,13,[CUDA memset]
4433788197,3136,281631,,,,,,,,,,0.031,9979.575,Pinned,Device,NVIDIA A100-SXM4-40GB MIG 4g.20gb (0),1,,13,[CUDA memcpy Host-to-Device]
4433794245,10208,281632,,,,,,,,,,0.197,19260.113,Pinned,Device,NVIDIA A100-SXM4-40GB MIG 4g.20gb (0),1,,13,[CUDA memcpy Host-to-Device]
4433809669,6464,281633,273,1,1,8,4,1,39,0.002,0.000,,,,,NVIDIA A100-SXM4-40GB MIG 4g.20gb (0),1,,13,"void channel_eq::eqMmseCoefCompLowMimoKernel<float, float, float, (unsigned int)4, (unsigned int)1, (unsigned int)4>(const channel_eq::_puschRxChEqStatDescr *, channel_eq::_puschRxChEqCoefCompDynDescr)"
4433817253,6048,281634,273,1,1,12,11,1,51,0.002,0.000,,,,,NVIDIA A100-SXM4-40GB MIG 4g.20gb (0),1,,13,"void channel_eq::eqMmseSoftDemapKernel<float, __half, __half, float, (unsigned int)4, (unsigned short)16383>(channel_eq::_puschRxChEqStatDescr *, channel_eq::_puschRxChEqSoftDemapDynDescr)"
4433824421,281980,281635,1,1,1,32,32,1,30,0.000,0.000,,,,,NVIDIA A100-SXM4-40GB MIG 4g.20gb (0),1,,13,"void convert_kernel<float2, __half2>(tensor_layout_any, T1 *, tensor_layout_any, const T2 *)"
4434107617,10976,281647,2253,1,1,128,1,1,16,0.000,0.000,,,,,NVIDIA A100-SXM4-40GB MIG 4g.20gb (0),1,,13,cupy_copy__float16_float16
4434121409,3488,281656,282,1,1,128,1,1,16,0.000,0.000,,,,,NVIDIA A100-SXM4-40GB MIG 4g.20gb (0),1,,13,cupy_copy__complex64_complex64
4434126497,2304,281665,26,1,1,128,1,1,16,0.000,0.000,,,,,NVIDIA A100-SXM4-40GB MIG 4g.20gb (0),1,,13,cupy_copy__float32_float32
4434131649,2784,281674,103,1,1,128,1,1,16,0.000,0.000,,,,,NVIDIA A100-SXM4-40GB MIG 4g.20gb (0),1,,13,cupy_copy__complex64_complex64
4434138561,11968,281684,1434,1,1,128,1,1,16,0.000,0.000,,,,,NVIDIA A100-SXM4-40GB MIG 4g.20gb (0),1,,13,cupy_copy__complex64_complex64
4434155841,82463,281689,1,1,1,32,32,1,30,0.000,0.000,,,,,NVIDIA A100-SXM4-40GB MIG 4g.20gb (0),1,,13,"void convert_kernel<__half2, float2>(tensor_layout_any, T1 *, tensor_layout_any, const T2 *)"
4434265151,5760,281692,,,,,,,,,,0.094,16266.656,Pinned,Device,NVIDIA A100-SXM4-40GB MIG 4g.20gb (0),1,,13,[CUDA memcpy Host-to-Device]
4434276255,599193,281693,,,,,,,,,,456.561,761544.482,Device,,NVIDIA A100-SXM4-40GB MIG 4g.20gb (0),1,,13,[CUDA memset]
4434884504,139742,281698,,,,,,,,,,1.235,8837.259,Pinned,Device,NVIDIA A100-SXM4-40GB MIG 4g.20gb (0),1,,13,[CUDA memcpy Host-to-Device]
4435033526,31999,281699,,,,,,,,,,0.197,6144.000,Pinned,Device,NVIDIA A100-SXM4-40GB MIG 4g.20gb (0),1,,13,[CUDA memcpy Host-to-Device]
4435089653,8416,281700,69,4,1,48,1,1,76,0.002,0.000,,,,,NVIDIA A100-SXM4-40GB MIG 4g.20gb (0),1,,13,"void ch_est::windowedChEstPreNoDftSOfdmKernel<float, __half, float, (unsigned int)2, (unsigned int)1, (unsigned short)4>(ch_est::puschRxChEstStatDescr_t *, ch_est::puschRxChEstDynDescr_t *)"
4435108565,6752,281701,137,2,1,24,2,1,44,0.001,0.001,,,,,NVIDIA A100-SXM4-40GB MIG 4g.20gb (0),1,,13,"void ch_est::chEstFilterNoDftSOfdmDispatchKernel<float, __half, float, (unsigned int)2>(ch_est::puschRxChEstStatDescr_t *, ch_est::puschRxChEstDynDescr_t *)"
4435121205,4768,281702,137,2,1,24,2,1,44,0.001,0.001,,,,,NVIDIA A100-SXM4-40GB MIG 4g.20gb (0),1,,13,"void ch_est::chEstFilterNoDftSOfdmDispatchKernel<float, __half, float, (unsigned int)2>(ch_est::puschRxChEstStatDescr_t *, ch_est::puschRxChEstDynDescr_t *)"
4435133909,2624,281713,103,1,1,128,1,1,16,0.000,0.000,,,,,NVIDIA A100-SXM4-40GB MIG 4g.20gb (0),1,,13,cupy_copy__complex64_complex64
4435146868,12448,281723,1434,1,1,128,1,1,16,0.000,0.000,,,,,NVIDIA A100-SXM4-40GB MIG 4g.20gb (0),1,,13,cupy_copy__complex64_complex64
4435178420,2816,281730,103,1,1,128,1,1,16,0.000,0.000,,,,,NVIDIA A100-SXM4-40GB MIG 4g.20gb (0),1,,13,cupy_copy__complex64_complex64
4435194100,85855,281737,1,1,1,32,32,1,30,0.000,0.000,,,,,NVIDIA A100-SXM4-40GB MIG 4g.20gb (0),1,,13,"void convert_kernel<__half2, float2>(tensor_layout_any, T1 *, tensor_layout_any, const T2 *)"
4435318418,22912,281740,,,,,,,,,,0.094,4089.362,Pinned,Device,NVIDIA A100-SXM4-40GB MIG 4g.20gb (0),1,,13,[CUDA memcpy Host-to-Device]
4435356050,46719,281741,,,,,,,,,,35.810,766475.528,Device,,NVIDIA A100-SXM4-40GB MIG 4g.20gb (0),1,,13,[CUDA memset]
4435406225,11424,281743,,,,,,,,,,0.000,7.003,Pinned,Device,NVIDIA A100-SXM4-40GB MIG 4g.20gb (0),1,,13,[CUDA memcpy Host-to-Device]
4435428721,32608,281744,,,,,,,,,,0.197,6029.378,Pinned,Device,NVIDIA A100-SXM4-40GB MIG 4g.20gb (0),1,,13,[CUDA memcpy Host-to-Device]
4435486960,9504,281745,273,1,1,48,1,1,40,0.000,0.001,,,,,NVIDIA A100-SXM4-40GB MIG 4g.20gb (0),1,,13,"void pusch_noise_intf_est::noiseIntfEstNoDftSOfdmKernel<float, __half, float, float, (unsigned int)2, (unsigned int)1, (unsigned char)4, (unsigned char)4>(pusch_noise_intf_est::puschRxNoiseIntfEstDynDescr)"
4435503824,2752,281756,35,1,1,128,1,1,16,0.000,0.000,,,,,NVIDIA A100-SXM4-40GB MIG 4g.20gb (0),1,,13,cupy_copy__complex64_complex64
4435520368,1728,281765,1,1,1,1,1,1,18,0.000,0.000,,,,,NVIDIA A100-SXM4-40GB MIG 4g.20gb (0),1,,13,cupy_copy__float32_float32
4435528016,8896,281771,,,,,,,,,,0.000,0.450,Device,Pageable,NVIDIA A100-SXM4-40GB MIG 4g.20gb (0),1,,7,[CUDA memcpy Device-to-Host]
4435628175,12799,281782,1434,1,1,128,1,1,16,0.000,0.000,,,,,NVIDIA A100-SXM4-40GB MIG 4g.20gb (0),1,,13,cupy_copy__complex64_complex64
4435649870,3520,281789,103,1,1,128,1,1,16,0.000,0.000,,,,,NVIDIA A100-SXM4-40GB MIG 4g.20gb (0),1,,13,cupy_copy__complex64_complex64
4435666702,2656,281796,35,1,1,128,1,1,16,0.000,0.000,,,,,NVIDIA A100-SXM4-40GB MIG 4g.20gb (0),1,,13,cupy_copy__complex64_complex64
4435694030,1952,281803,1,1,1,1,1,1,18,0.000,0.000,,,,,NVIDIA A100-SXM4-40GB MIG 4g.20gb (0),1,,13,cupy_copy__float32_float32
4435815596,91871,281814,1,1,1,32,32,1,30,0.000,0.000,,,,,NVIDIA A100-SXM4-40GB MIG 4g.20gb (0),1,,13,"void convert_kernel<__half2, float2>(tensor_layout_any, T1 *, tensor_layout_any, const T2 *)"
4435940459,13600,281817,,,,,,,,,,0.094,6889.373,Pinned,Device,NVIDIA A100-SXM4-40GB MIG 4g.20gb (0),1,,13,[CUDA memcpy Host-to-Device]
4435966186,3200,281818,,,,,,,,,,1.547,483320.000,Device,,NVIDIA A100-SXM4-40GB MIG 4g.20gb (0),1,,13,[CUDA memset]
4435975274,7488,281823,,,,,,,,,,0.031,4179.487,Pinned,Device,NVIDIA A100-SXM4-40GB MIG 4g.20gb (0),1,,13,[CUDA memcpy Host-to-Device]
4435986026,14880,281824,,,,,,,,,,0.197,13212.844,Pinned,Device,NVIDIA A100-SXM4-40GB MIG 4g.20gb (0),1,,13,[CUDA memcpy Host-to-Device]
4436016682,8640,281825,273,1,1,8,4,1,39,0.002,0.000,,,,,NVIDIA A100-SXM4-40GB MIG 4g.20gb (0),1,,13,"void channel_eq::eqMmseCoefCompLowMimoKernel<float, float, float, (unsigned int)4, (unsigned int)1, (unsigned int)4>(const channel_eq::_puschRxChEqStatDescr *, channel_eq::_puschRxChEqCoefCompDynDescr)"
4436029994,8159,281826,273,1,1,12,11,1,51,0.002,0.000,,,,,NVIDIA A100-SXM4-40GB MIG 4g.20gb (0),1,,13,"void channel_eq::eqMmseSoftDemapKernel<float, __half, __half, float, (unsigned int)4, (unsigned short)16383>(channel_eq::_puschRxChEqStatDescr *, channel_eq::_puschRxChEqSoftDemapDynDescr)"
4436041641,294429,281827,1,1,1,32,32,1,30,0.000,0.000,,,,,NVIDIA A100-SXM4-40GB MIG 4g.20gb (0),1,,13,"void convert_kernel<float2, __half2>(tensor_layout_any, T1 *, tensor_layout_any, const T2 *)"
4436337286,10944,281839,2253,1,1,128,1,1,16,0.000,0.000,,,,,NVIDIA A100-SXM4-40GB MIG 4g.20gb (0),1,,13,cupy_copy__float16_float16
4436351398,3552,281848,282,1,1,128,1,1,16,0.000,0.000,,,,,NVIDIA A100-SXM4-40GB MIG 4g.20gb (0),1,,13,cupy_copy__complex64_complex64
4436356518,2688,281857,26,1,1,128,1,1,16,0.000,0.000,,,,,NVIDIA A100-SXM4-40GB MIG 4g.20gb (0),1,,13,cupy_copy__float32_float32
4436360294,3167,281866,103,1,1,128,1,1,16,0.000,0.000,,,,,NVIDIA A100-SXM4-40GB MIG 4g.20gb (0),1,,13,cupy_copy__complex64_complex64
4436365637,12000,281876,1434,1,1,128,1,1,16,0.000,0.000,,,,,NVIDIA A100-SXM4-40GB MIG 4g.20gb (0),1,,13,cupy_copy__complex64_complex64
4436383653,82207,281881,1,1,1,32,32,1,30,0.000,0.000,,,,,NVIDIA A100-SXM4-40GB MIG 4g.20gb (0),1,,13,"void convert_kernel<__half2, float2>(tensor_layout_any, T1 *, tensor_layout_any, const T2 *)"
4436492804,5856,281884,,,,,,,,,,0.094,15999.997,Pinned,Device,NVIDIA A100-SXM4-40GB MIG 4g.20gb (0),1,,13,[CUDA memcpy Host-to-Device]
4436502788,599416,281885,,,,,,,,,,456.561,761544.482,Device,,NVIDIA A100-SXM4-40GB MIG 4g.20gb (0),1,,13,[CUDA memset]
4437105052,79359,281890,,,,,,,,,,1.235,15560.294,Pinned,Device,NVIDIA A100-SXM4-40GB MIG 4g.20gb (0),1,,13,[CUDA memcpy Host-to-Device]
4437191515,16896,281891,,,,,,,,,,0.197,11636.244,Pinned,Device,NVIDIA A100-SXM4-40GB MIG 4g.20gb (0),1,,13,[CUDA memcpy Host-to-Device]
4437217211,8544,281892,69,4,1,48,1,1,76,0.002,0.000,,,,,NVIDIA A100-SXM4-40GB MIG 4g.20gb (0),1,,13,"void ch_est::windowedChEstPreNoDftSOfdmKernel<float, __half, float, (unsigned int)2, (unsigned int)1, (unsigned short)4>(ch_est::puschRxChEstStatDescr_t *, ch_est::puschRxChEstDynDescr_t *)"
4437232731,7520,281893,137,2,1,24,2,1,44,0.001,0.001,,,,,NVIDIA A100-SXM4-40GB MIG 4g.20gb (0),1,,13,"void ch_est::chEstFilterNoDftSOfdmDispatchKernel<float, __half, float, (unsigned int)2>(ch_est::puschRxChEstStatDescr_t *, ch_est::puschRxChEstDynDescr_t *)"
4437248475,6271,281894,137,2,1,24,2,1,44,0.001,0.001,,,,,NVIDIA A100-SXM4-40GB MIG 4g.20gb (0),1,,13,"void ch_est::chEstFilterNoDftSOfdmDispatchKernel<float, __half, float, (unsigned int)2>(ch_est::puschRxChEstStatDescr_t *, ch_est::puschRxChEstDynDescr_t *)"
4437256346,2976,281905,103,1,1,128,1,1,16,0.000,0.000,,,,,NVIDIA A100-SXM4-40GB MIG 4g.20gb (0),1,,13,cupy_copy__complex64_complex64
4437264122,12576,281915,1434,1,1,128,1,1,16,0.000,0.000,,,,,NVIDIA A100-SXM4-40GB MIG 4g.20gb (0),1,,13,cupy_copy__complex64_complex64
4437279802,2944,281922,103,1,1,128,1,1,16,0.000,0.000,,,,,NVIDIA A100-SXM4-40GB MIG 4g.20gb (0),1,,13,cupy_copy__complex64_complex64
4437290362,87519,281929,1,1,1,32,32,1,30,0.000,0.000,,,,,NVIDIA A100-SXM4-40GB MIG 4g.20gb (0),1,,13,"void convert_kernel<__half2, float2>(tensor_layout_any, T1 *, tensor_layout_any, const T2 *)"
4437408793,6880,281932,,,,,,,,,,0.094,13618.526,Pinned,Device,NVIDIA A100-SXM4-40GB MIG 4g.20gb (0),1,,13,[CUDA memcpy Host-to-Device]
4437420280,46656,281933,,,,,,,,,,35.810,767514.015,Device,,NVIDIA A100-SXM4-40GB MIG 4g.20gb (0),1,,13,[CUDA memset]
4437472632,4704,281935,,,,,,,,,,0.000,17.007,Pinned,Device,NVIDIA A100-SXM4-40GB MIG 4g.20gb (0),1,,13,[CUDA memcpy Host-to-Device]
4437482616,11168,281936,,,,,,,,,,0.197,17604.477,Pinned,Device,NVIDIA A100-SXM4-40GB MIG 4g.20gb (0),1,,13,[CUDA memcpy Host-to-Device]
4437500791,11232,281937,273,1,1,48,1,1,40,0.000,0.001,,,,,NVIDIA A100-SXM4-40GB MIG 4g.20gb (0),1,,13,"void pusch_noise_intf_est::noiseIntfEstNoDftSOfdmKernel<float, __half, float, float, (unsigned int)2, (unsigned int)1, (unsigned char)4, (unsigned char)4>(pusch_noise_intf_est::puschRxNoiseIntfEstDynDescr)"
4437515863,2656,281948,35,1,1,128,1,1,16,0.000,0.000,,,,,NVIDIA A100-SXM4-40GB MIG 4g.20gb (0),1,,13,cupy_copy__complex64_complex64
4437524567,1760,281957,1,1,1,1,1,1,18,0.000,0.000,,,,,NVIDIA A100-SXM4-40GB MIG 4g.20gb (0),1,,13,cupy_copy__float32_float32
4437555159,1568,281963,,,,,,,,,,0.000,2.551,Device,Pageable,NVIDIA A100-SXM4-40GB MIG 4g.20gb (0),1,,7,[CUDA memcpy Device-to-Host]
4437615702,12800,281974,1434,1,1,128,1,1,16,0.000,0.000,,,,,NVIDIA A100-SXM4-40GB MIG 4g.20gb (0),1,,13,cupy_copy__complex64_complex64
4437642422,2912,281981,103,1,1,128,1,1,16,0.000,0.000,,,,,NVIDIA A100-SXM4-40GB MIG 4g.20gb (0),1,,13,cupy_copy__complex64_complex64
4437665141,2336,281988,35,1,1,128,1,1,16,0.000,0.000,,,,,NVIDIA A100-SXM4-40GB MIG 4g.20gb (0),1,,13,cupy_copy__complex64_complex64
4437680469,1760,281995,1,1,1,1,1,1,18,0.000,0.000,,,,,NVIDIA A100-SXM4-40GB MIG 4g.20gb (0),1,,13,cupy_copy__float32_float32
4437812340,82239,282006,1,1,1,32,32,1,30,0.000,0.000,,,,,NVIDIA A100-SXM4-40GB MIG 4g.20gb (0),1,,13,"void convert_kernel<__half2, float2>(tensor_layout_any, T1 *, tensor_layout_any, const T2 *)"
4437922546,5600,282009,,,,,,,,,,0.094,16731.388,Pinned,Device,NVIDIA A100-SXM4-40GB MIG 4g.20gb (0),1,,13,[CUDA memcpy Host-to-Device]
4437937010,3200,282010,,,,,,,,,,1.547,483320.000,Device,,NVIDIA A100-SXM4-40GB MIG 4g.20gb (0),1,,13,[CUDA memset]
4437944082,3008,282015,,,,,,,,,,0.031,10404.230,Pinned,Device,NVIDIA A100-SXM4-40GB MIG 4g.20gb (0),1,,13,[CUDA memcpy Host-to-Device]
4437949650,10240,282016,,,,,,,,,,0.197,19199.951,Pinned,Device,NVIDIA A100-SXM4-40GB MIG 4g.20gb (0),1,,13,[CUDA memcpy Host-to-Device]
4437964658,7008,282017,273,1,1,8,4,1,39,0.002,0.000,,,,,NVIDIA A100-SXM4-40GB MIG 4g.20gb (0),1,,13,"void channel_eq::eqMmseCoefCompLowMimoKernel<float, float, float, (unsigned int)4, (unsigned int)1, (unsigned int)4>(const channel_eq::_puschRxChEqStatDescr *, channel_eq::_puschRxChEqCoefCompDynDescr)"
4437974770,5376,282018,273,1,1,12,11,1,51,0.002,0.000,,,,,NVIDIA A100-SXM4-40GB MIG 4g.20gb (0),1,,13,"void channel_eq::eqMmseSoftDemapKernel<float, __half, __half, float, (unsigned int)4, (unsigned short)16383>(channel_eq::_puschRxChEqStatDescr *, channel_eq::_puschRxChEqSoftDemapDynDescr)"
4437982802,282460,282019,1,1,1,32,32,1,30,0.000,0.000,,,,,NVIDIA A100-SXM4-40GB MIG 4g.20gb (0),1,,13,"void convert_kernel<float2, __half2>(tensor_layout_any, T1 *, tensor_layout_any, const T2 *)"
4438268846,10944,282031,2253,1,1,128,1,1,16,0.000,0.000,,,,,NVIDIA A100-SXM4-40GB MIG 4g.20gb (0),1,,13,cupy_copy__float16_float16
4438282862,3008,282040,282,1,1,128,1,1,16,0.000,0.000,,,,,NVIDIA A100-SXM4-40GB MIG 4g.20gb (0),1,,13,cupy_copy__complex64_complex64
4438288462,2336,282049,26,1,1,128,1,1,16,0.000,0.000,,,,,NVIDIA A100-SXM4-40GB MIG 4g.20gb (0),1,,13,cupy_copy__float32_float32
4438291854,2816,282058,103,1,1,128,1,1,16,0.000,0.000,,,,,NVIDIA A100-SXM4-40GB MIG 4g.20gb (0),1,,13,cupy_copy__complex64_complex64
4438295694,11776,282068,1434,1,1,128,1,1,16,0.000,0.000,,,,,NVIDIA A100-SXM4-40GB MIG 4g.20gb (0),1,,13,cupy_copy__complex64_complex64
4438313037,82431,282073,1,1,1,32,32,1,30,0.000,0.000,,,,,NVIDIA A100-SXM4-40GB MIG 4g.20gb (0),1,,13,"void convert_kernel<__half2, float2>(tensor_layout_any, T1 *, tensor_layout_any, const T2 *)"
4438422860,5824,282076,,,,,,,,,,0.094,16087.884,Pinned,Device,NVIDIA A100-SXM4-40GB MIG 4g.20gb (0),1,,13,[CUDA memcpy Host-to-Device]
4438434796,596313,282077,,,,,,,,,,456.561,765196.973,Device,,NVIDIA A100-SXM4-40GB MIG 4g.20gb (0),1,,13,[CUDA memset]
4439033381,150302,282082,,,,,,,,,,1.235,8216.082,Pinned,Device,NVIDIA A100-SXM4-40GB MIG 4g.20gb (0),1,,13,[CUDA memcpy Host-to-Device]
4439196227,39615,282083,,,,,,,,,,0.197,4962.779,Pinned,Device,NVIDIA A100-SXM4-40GB MIG 4g.20gb (0),1,,13,[CUDA memcpy Host-to-Device]
4439265122,8128,282084,69,4,1,48,1,1,76,0.002,0.000,,,,,NVIDIA A100-SXM4-40GB MIG 4g.20gb (0),1,,13,"void ch_est::windowedChEstPreNoDftSOfdmKernel<float, __half, float, (unsigned int)2, (unsigned int)1, (unsigned short)4>(ch_est::puschRxChEstStatDescr_t *, ch_est::puschRxChEstDynDescr_t *)"
4439281250,6335,282085,137,2,1,24,2,1,44,0.001,0.001,,,,,NVIDIA A100-SXM4-40GB MIG 4g.20gb (0),1,,13,"void ch_est::chEstFilterNoDftSOfdmDispatchKernel<float, __half, float, (unsigned int)2>(ch_est::puschRxChEstStatDescr_t *, ch_est::puschRxChEstDynDescr_t *)"
4439294113,5120,282086,137,2,1,24,2,1,44,0.001,0.001,,,,,NVIDIA A100-SXM4-40GB MIG 4g.20gb (0),1,,13,"void ch_est::chEstFilterNoDftSOfdmDispatchKernel<float, __half, float, (unsigned int)2>(ch_est::puschRxChEstStatDescr_t *, ch_est::puschRxChEstDynDescr_t *)"
4439303681,2752,282097,103,1,1,128,1,1,16,0.000,0.000,,,,,NVIDIA A100-SXM4-40GB MIG 4g.20gb (0),1,,13,cupy_copy__complex64_complex64
4439314433,12640,282107,1434,1,1,128,1,1,16,0.000,0.000,,,,,NVIDIA A100-SXM4-40GB MIG 4g.20gb (0),1,,13,cupy_copy__complex64_complex64
4439330945,3008,282114,103,1,1,128,1,1,16,0.000,0.000,,,,,NVIDIA A100-SXM4-40GB MIG 4g.20gb (0),1,,13,cupy_copy__complex64_complex64
4439340321,85855,282121,1,1,1,32,32,1,30,0.000,0.000,,,,,NVIDIA A100-SXM4-40GB MIG 4g.20gb (0),1,,13,"void convert_kernel<__half2, float2>(tensor_layout_any, T1 *, tensor_layout_any, const T2 *)"
4439455647,10784,282124,,,,,,,,,,0.094,8688.336,Pinned,Device,NVIDIA A100-SXM4-40GB MIG 4g.20gb (0),1,,13,[CUDA memcpy Host-to-Device]
4439473919,46688,282125,,,,,,,,,,35.810,766976.867,Device,,NVIDIA A100-SXM4-40GB MIG 4g.20gb (0),1,,13,[CUDA memset]
4439525215,8735,282127,,,,,,,,,,0.000,9.158,Pinned,Device,NVIDIA A100-SXM4-40GB MIG 4g.20gb (0),1,,13,[CUDA memcpy Host-to-Device]
4439539550,19936,282128,,,,,,,,,,0.197,9861.857,Pinned,Device,NVIDIA A100-SXM4-40GB MIG 4g.20gb (0),1,,13,[CUDA memcpy Host-to-Device]
4439576958,9952,282129,273,1,1,48,1,1,40,0.000,0.001,,,,,NVIDIA A100-SXM4-40GB MIG 4g.20gb (0),1,,13,"void pusch_noise_intf_est::noiseIntfEstNoDftSOfdmKernel<float, __half, float, float, (unsigned int)2, (unsigned int)1, (unsigned char)4, (unsigned char)4>(pusch_noise_intf_est::puschRxNoiseIntfEstDynDescr)"
4439596894,2688,282140,35,1,1,128,1,1,16,0.000,0.000,,,,,NVIDIA A100-SXM4-40GB MIG 4g.20gb (0),1,,13,cupy_copy__complex64_complex64
4439608029,1760,282149,1,1,1,1,1,1,18,0.000,0.000,,,,,NVIDIA A100-SXM4-40GB MIG 4g.20gb (0),1,,13,cupy_copy__float32_float32
4439616093,4032,282155,,,,,,,,,,0.000,0.992,Device,Pageable,NVIDIA A100-SXM4-40GB MIG 4g.20gb (0),1,,7,[CUDA memcpy Device-to-Host]
4439699964,12736,282166,1434,1,1,128,1,1,16,0.000,0.000,,,,,NVIDIA A100-SXM4-40GB MIG 4g.20gb (0),1,,13,cupy_copy__complex64_complex64
4439714620,2848,282173,103,1,1,128,1,1,16,0.000,0.000,,,,,NVIDIA A100-SXM4-40GB MIG 4g.20gb (0),1,,13,cupy_copy__complex64_complex64
4439744252,2592,282180,35,1,1,128,1,1,16,0.000,0.000,,,,,NVIDIA A100-SXM4-40GB MIG 4g.20gb (0),1,,13,cupy_copy__complex64_complex64
4439759324,1760,282187,1,1,1,1,1,1,18,0.000,0.000,,,,,NVIDIA A100-SXM4-40GB MIG 4g.20gb (0),1,,13,cupy_copy__float32_float32
4439884762,87327,282198,1,1,1,32,32,1,30,0.000,0.000,,,,,NVIDIA A100-SXM4-40GB MIG 4g.20gb (0),1,,13,"void convert_kernel<__half2, float2>(tensor_layout_any, T1 *, tensor_layout_any, const T2 *)"
4439999097,6080,282201,,,,,,,,,,0.094,15410.462,Pinned,Device,NVIDIA A100-SXM4-40GB MIG 4g.20gb (0),1,,13,[CUDA memcpy Host-to-Device]
4440013816,3488,282202,,,,,,,,,,1.547,443412.461,Device,,NVIDIA A100-SXM4-40GB MIG 4g.20gb (0),1,,13,[CUDA memset]
4440020888,3360,282207,,,,,,,,,,0.031,9314.284,Pinned,Device,NVIDIA A100-SXM4-40GB MIG 4g.20gb (0),1,,13,[CUDA memcpy Host-to-Device]
4440027032,9792,282208,,,,,,,,,,0.197,20078.395,Pinned,Device,NVIDIA A100-SXM4-40GB MIG 4g.20gb (0),1,,13,[CUDA memcpy Host-to-Device]
4440042616,6112,282209,273,1,1,8,4,1,39,0.002,0.000,,,,,NVIDIA A100-SXM4-40GB MIG 4g.20gb (0),1,,13,"void channel_eq::eqMmseCoefCompLowMimoKernel<float, float, float, (unsigned int)4, (unsigned int)1, (unsigned int)4>(const channel_eq::_puschRxChEqStatDescr *, channel_eq::_puschRxChEqCoefCompDynDescr)"
4440049976,6176,282210,273,1,1,12,11,1,51,0.002,0.000,,,,,NVIDIA A100-SXM4-40GB MIG 4g.20gb (0),1,,13,"void channel_eq::eqMmseSoftDemapKernel<float, __half, __half, float, (unsigned int)4, (unsigned short)16383>(channel_eq::_puschRxChEqStatDescr *, channel_eq::_puschRxChEqSoftDemapDynDescr)"
4440058904,294812,282211,1,1,1,32,32,1,30,0.000,0.000,,,,,NVIDIA A100-SXM4-40GB MIG 4g.20gb (0),1,,13,"void convert_kernel<float2, __half2>(tensor_layout_any, T1 *, tensor_layout_any, const T2 *)"
4440357300,10944,282223,2253,1,1,128,1,1,16,0.000,0.000,,,,,NVIDIA A100-SXM4-40GB MIG 4g.20gb (0),1,,13,cupy_copy__float16_float16
4440369460,3008,282232,282,1,1,128,1,1,16,0.000,0.000,,,,,NVIDIA A100-SXM4-40GB MIG 4g.20gb (0),1,,13,cupy_copy__complex64_complex64
4440374996,2112,282241,26,1,1,128,1,1,16,0.000,0.000,,,,,NVIDIA A100-SXM4-40GB MIG 4g.20gb (0),1,,13,cupy_copy__float32_float32
4440379540,7104,282250,103,1,1,128,1,1,16,0.000,0.000,,,,,NVIDIA A100-SXM4-40GB MIG 4g.20gb (0),1,,13,cupy_copy__complex64_complex64
4440389652,12096,282260,1434,1,1,128,1,1,16,0.000,0.000,,,,,NVIDIA A100-SXM4-40GB MIG 4g.20gb (0),1,,13,cupy_copy__complex64_complex64
4440405876,89087,282265,1,1,1,32,32,1,30,0.000,0.000,,,,,NVIDIA A100-SXM4-40GB MIG 4g.20gb (0),1,,13,"void convert_kernel<__half2, float2>(tensor_layout_any, T1 *, tensor_layout_any, const T2 *)"
4440521522,5632,282268,,,,,,,,,,0.094,16636.287,Pinned,Device,NVIDIA A100-SXM4-40GB MIG 4g.20gb (0),1,,13,[CUDA memcpy Host-to-Device]
4440531154,602713,282269,,,,,,,,,,456.561,757435.429,Device,,NVIDIA A100-SXM4-40GB MIG 4g.20gb (0),1,,13,[CUDA memset]
4441141195,154398,282274,,,,,,,,,,1.235,7997.497,Pinned,Device,NVIDIA A100-SXM4-40GB MIG 4g.20gb (0),1,,13,[CUDA memcpy Host-to-Device]
4441305545,33055,282275,,,,,,,,,,0.197,5947.785,Pinned,Device,NVIDIA A100-SXM4-40GB MIG 4g.20gb (0),1,,13,[CUDA memcpy Host-to-Device]
4441360328,8192,282276,69,4,1,48,1,1,76,0.002,0.000,,,,,NVIDIA A100-SXM4-40GB MIG 4g.20gb (0),1,,13,"void ch_est::windowedChEstPreNoDftSOfdmKernel<float, __half, float, (unsigned int)2, (unsigned int)1, (unsigned short)4>(ch_est::puschRxChEstStatDescr_t *, ch_est::puschRxChEstDynDescr_t *)"
4441374856,7360,282277,137,2,1,24,2,1,44,0.001,0.001,,,,,NVIDIA A100-SXM4-40GB MIG 4g.20gb (0),1,,13,"void ch_est::chEstFilterNoDftSOfdmDispatchKernel<float, __half, float, (unsigned int)2>(ch_est::puschRxChEstStatDescr_t *, ch_est::puschRxChEstDynDescr_t *)"
4441401063,4736,282278,137,2,1,24,2,1,44,0.001,0.001,,,,,NVIDIA A100-SXM4-40GB MIG 4g.20gb (0),1,,13,"void ch_est::chEstFilterNoDftSOfdmDispatchKernel<float, __half, float, (unsigned int)2>(ch_est::puschRxChEstStatDescr_t *, ch_est::puschRxChEstDynDescr_t *)"
4441417991,2528,282289,103,1,1,128,1,1,16,0.000,0.000,,,,,NVIDIA A100-SXM4-40GB MIG 4g.20gb (0),1,,13,cupy_copy__complex64_complex64
4441436711,12640,282299,1434,1,1,128,1,1,16,0.000,0.000,,,,,NVIDIA A100-SXM4-40GB MIG 4g.20gb (0),1,,13,cupy_copy__complex64_complex64
4441467271,2496,282306,103,1,1,128,1,1,16,0.000,0.000,,,,,NVIDIA A100-SXM4-40GB MIG 4g.20gb (0),1,,13,cupy_copy__complex64_complex64
4441482950,83391,282313,1,1,1,32,32,1,30,0.000,0.000,,,,,NVIDIA A100-SXM4-40GB MIG 4g.20gb (0),1,,13,"void convert_kernel<__half2, float2>(tensor_layout_any, T1 *, tensor_layout_any, const T2 *)"
4441593445,6080,282316,,,,,,,,,,0.094,15410.462,Pinned,Device,NVIDIA A100-SXM4-40GB MIG 4g.20gb (0),1,,13,[CUDA memcpy Host-to-Device]
4441605061,46559,282317,,,,,,,,,,35.810,769125.462,Device,,NVIDIA A100-SXM4-40GB MIG 4g.20gb (0),1,,13,[CUDA memset]
4441657380,3392,282319,,,,,,,,,,0.000,23.585,Pinned,Device,NVIDIA A100-SXM4-40GB MIG 4g.20gb (0),1,,13,[CUDA memcpy Host-to-Device]
4441665348,12704,282320,,,,,,,,,,0.197,15475.999,Pinned,Device,NVIDIA A100-SXM4-40GB MIG 4g.20gb (0),1,,13,[CUDA memcpy Host-to-Device]
4441688964,12512,282321,273,1,1,48,1,1,40,0.000,0.001,,,,,NVIDIA A100-SXM4-40GB MIG 4g.20gb (0),1,,13,"void pusch_noise_intf_est::noiseIntfEstNoDftSOfdmKernel<float, __half, float, float, (unsigned int)2, (unsigned int)1, (unsigned char)4, (unsigned char)4>(pusch_noise_intf_est::puschRxNoiseIntfEstDynDescr)"
4441707172,3008,282332,35,1,1,128,1,1,16,0.000,0.000,,,,,NVIDIA A100-SXM4-40GB MIG 4g.20gb (0),1,,13,cupy_copy__complex64_complex64
4441713092,2144,282341,1,1,1,1,1,1,18,0.000,0.000,,,,,NVIDIA A100-SXM4-40GB MIG 4g.20gb (0),1,,13,cupy_copy__float32_float32
4441743203,1664,282347,,,,,,,,,,0.000,2.404,Device,Pageable,NVIDIA A100-SXM4-40GB MIG 4g.20gb (0),1,,7,[CUDA memcpy Device-to-Host]
4441802338,12832,282358,1434,1,1,128,1,1,16,0.000,0.000,,,,,NVIDIA A100-SXM4-40GB MIG 4g.20gb (0),1,,13,cupy_copy__complex64_complex64
4441830562,2880,282365,103,1,1,128,1,1,16,0.000,0.000,,,,,NVIDIA A100-SXM4-40GB MIG 4g.20gb (0),1,,13,cupy_copy__complex64_complex64
4441848770,2720,282372,35,1,1,128,1,1,16,0.000,0.000,,,,,NVIDIA A100-SXM4-40GB MIG 4g.20gb (0),1,,13,cupy_copy__complex64_complex64
4441867458,1760,282379,1,1,1,1,1,1,18,0.000,0.000,,,,,NVIDIA A100-SXM4-40GB MIG 4g.20gb (0),1,,13,cupy_copy__float32_float32
4441997280,87231,282390,1,1,1,32,32,1,30,0.000,0.000,,,,,NVIDIA A100-SXM4-40GB MIG 4g.20gb (0),1,,13,"void convert_kernel<__half2, float2>(tensor_layout_any, T1 *, tensor_layout_any, const T2 *)"
4442112159,5632,282393,,,,,,,,,,0.094,16636.287,Pinned,Device,NVIDIA A100-SXM4-40GB MIG 4g.20gb (0),1,,13,[CUDA memcpy Host-to-Device]
4442125950,3360,282394,,,,,,,,,,1.547,460304.688,Device,,NVIDIA A100-SXM4-40GB MIG 4g.20gb (0),1,,13,[CUDA memset]
4442134590,3648,282399,,,,,,,,,,0.031,8578.922,Pinned,Device,NVIDIA A100-SXM4-40GB MIG 4g.20gb (0),1,,13,[CUDA memcpy Host-to-Device]
4442140638,9952,282400,,,,,,,,,,0.197,19755.565,Pinned,Device,NVIDIA A100-SXM4-40GB MIG 4g.20gb (0),1,,13,[CUDA memcpy Host-to-Device]
4442156318,6208,282401,273,1,1,8,4,1,39,0.002,0.000,,,,,NVIDIA A100-SXM4-40GB MIG 4g.20gb (0),1,,13,"void channel_eq::eqMmseCoefCompLowMimoKernel<float, float, float, (unsigned int)4, (unsigned int)1, (unsigned int)4>(const channel_eq::_puschRxChEqStatDescr *, channel_eq::_puschRxChEqCoefCompDynDescr)"
4442163518,6336,282402,273,1,1,12,11,1,51,0.002,0.000,,,,,NVIDIA A100-SXM4-40GB MIG 4g.20gb (0),1,,13,"void channel_eq::eqMmseSoftDemapKernel<float, __half, __half, float, (unsigned int)4, (unsigned short)16383>(channel_eq::_puschRxChEqStatDescr *, channel_eq::_puschRxChEqSoftDemapDynDescr)"
4442170974,282972,282403,1,1,1,32,32,1,30,0.000,0.000,,,,,NVIDIA A100-SXM4-40GB MIG 4g.20gb (0),1,,13,"void convert_kernel<float2, __half2>(tensor_layout_any, T1 *, tensor_layout_any, const T2 *)"
4442454906,10976,282415,2253,1,1,128,1,1,16,0.000,0.000,,,,,NVIDIA A100-SXM4-40GB MIG 4g.20gb (0),1,,13,cupy_copy__float16_float16
4442469146,3392,282424,282,1,1,128,1,1,16,0.000,0.000,,,,,NVIDIA A100-SXM4-40GB MIG 4g.20gb (0),1,,13,cupy_copy__complex64_complex64
4442476282,2112,282433,26,1,1,128,1,1,16,0.000,0.000,,,,,NVIDIA A100-SXM4-40GB MIG 4g.20gb (0),1,,13,cupy_copy__float32_float32
4442479482,2880,282442,103,1,1,128,1,1,16,0.000,0.000,,,,,NVIDIA A100-SXM4-40GB MIG 4g.20gb (0),1,,13,cupy_copy__complex64_complex64
4442483322,12416,282452,1434,1,1,128,1,1,16,0.000,0.000,,,,,NVIDIA A100-SXM4-40GB MIG 4g.20gb (0),1,,13,cupy_copy__complex64_complex64
4442501466,81983,282457,1,1,1,32,32,1,30,0.000,0.000,,,,,NVIDIA A100-SXM4-40GB MIG 4g.20gb (0),1,,13,"void convert_kernel<__half2, float2>(tensor_layout_any, T1 *, tensor_layout_any, const T2 *)"
4442610361,5663,282460,,,,,,,,,,0.094,16545.214,Pinned,Device,NVIDIA A100-SXM4-40GB MIG 4g.20gb (0),1,,13,[CUDA memcpy Host-to-Device]
4442620088,596089,282461,,,,,,,,,,456.561,765653.535,Device,,NVIDIA A100-SXM4-40GB MIG 4g.20gb (0),1,,13,[CUDA memset]
4443227345,140702,282466,,,,,,,,,,1.235,8776.747,Pinned,Device,NVIDIA A100-SXM4-40GB MIG 4g.20gb (0),1,,13,[CUDA memcpy Host-to-Device]
4443382383,44255,282467,,,,,,,,,,0.197,4442.554,Pinned,Device,NVIDIA A100-SXM4-40GB MIG 4g.20gb (0),1,,13,[CUDA memcpy Host-to-Device]
4443456878,8352,282468,69,4,1,48,1,1,76,0.002,0.000,,,,,NVIDIA A100-SXM4-40GB MIG 4g.20gb (0),1,,13,"void ch_est::windowedChEstPreNoDftSOfdmKernel<float, __half, float, (unsigned int)2, (unsigned int)1, (unsigned short)4>(ch_est::puschRxChEstStatDescr_t *, ch_est::puschRxChEstDynDescr_t *)"
4443476526,6656,282469,137,2,1,24,2,1,44,0.001,0.001,,,,,NVIDIA A100-SXM4-40GB MIG 4g.20gb (0),1,,13,"void ch_est::chEstFilterNoDftSOfdmDispatchKernel<float, __half, float, (unsigned int)2>(ch_est::puschRxChEstStatDescr_t *, ch_est::puschRxChEstDynDescr_t *)"
4443493422,4800,282470,137,2,1,24,2,1,44,0.001,0.001,,,,,NVIDIA A100-SXM4-40GB MIG 4g.20gb (0),1,,13,"void ch_est::chEstFilterNoDftSOfdmDispatchKernel<float, __half, float, (unsigned int)2>(ch_est::puschRxChEstStatDescr_t *, ch_est::puschRxChEstDynDescr_t *)"
4443510669,2624,282481,103,1,1,128,1,1,16,0.000,0.000,,,,,NVIDIA A100-SXM4-40GB MIG 4g.20gb (0),1,,13,cupy_copy__complex64_complex64
4443527565,12576,282491,1434,1,1,128,1,1,16,0.000,0.000,,,,,NVIDIA A100-SXM4-40GB MIG 4g.20gb (0),1,,13,cupy_copy__complex64_complex64
4443548877,2912,282498,103,1,1,128,1,1,16,0.000,0.000,,,,,NVIDIA A100-SXM4-40GB MIG 4g.20gb (0),1,,13,cupy_copy__complex64_complex64
4443572109,88831,282505,1,1,1,32,32,1,30,0.000,0.000,,,,,NVIDIA A100-SXM4-40GB MIG 4g.20gb (0),1,,13,"void convert_kernel<__half2, float2>(tensor_layout_any, T1 *, tensor_layout_any, const T2 *)"
4443691691,20384,282508,,,,,,,,,,0.094,4596.538,Pinned,Device,NVIDIA A100-SXM4-40GB MIG 4g.20gb (0),1,,13,[CUDA memcpy Host-to-Device]
4443730347,46847,282509,,,,,,,,,,35.810,764398.552,Device,,NVIDIA A100-SXM4-40GB MIG 4g.20gb (0),1,,13,[CUDA memset]
4443785226,7072,282511,,,,,,,,,,0.000,11.312,Pinned,Device,NVIDIA A100-SXM4-40GB MIG 4g.20gb (0),1,,13,[CUDA memcpy Host-to-Device]
4443798218,21344,282512,,,,,,,,,,0.197,9211.281,Pinned,Device,NVIDIA A100-SXM4-40GB MIG 4g.20gb (0),1,,13,[CUDA memcpy Host-to-Device]
4443829417,10432,282513,273,1,1,48,1,1,40,0.000,0.001,,,,,NVIDIA A100-SXM4-40GB MIG 4g.20gb (0),1,,13,"void pusch_noise_intf_est::noiseIntfEstNoDftSOfdmKernel<float, __half, float, float, (unsigned int)2, (unsigned int)1, (unsigned char)4, (unsigned char)4>(pusch_noise_intf_est::puschRxNoiseIntfEstDynDescr)"
4443848905,2880,282524,35,1,1,128,1,1,16,0.000,0.000,,,,,NVIDIA A100-SXM4-40GB MIG 4g.20gb (0),1,,13,cupy_copy__complex64_complex64
4443857225,1824,282533,1,1,1,1,1,1,18,0.000,0.000,,,,,NVIDIA A100-SXM4-40GB MIG 4g.20gb (0),1,,13,cupy_copy__float32_float32
4443859465,1696,282539,,,,,,,,,,0.000,2.358,Device,Pageable,NVIDIA A100-SXM4-40GB MIG 4g.20gb (0),1,,7,[CUDA memcpy Device-to-Host]
4443922888,12832,282550,1434,1,1,128,1,1,16,0.000,0.000,,,,,NVIDIA A100-SXM4-40GB MIG 4g.20gb (0),1,,13,cupy_copy__complex64_complex64
4443952072,2976,282557,103,1,1,128,1,1,16,0.000,0.000,,,,,NVIDIA A100-SXM4-40GB MIG 4g.20gb (0),1,,13,cupy_copy__complex64_complex64
4443971016,2304,282564,35,1,1,128,1,1,16,0.000,0.000,,,,,NVIDIA A100-SXM4-40GB MIG 4g.20gb (0),1,,13,cupy_copy__complex64_complex64
4443989128,1887,282571,1,1,1,1,1,1,18,0.000,0.000,,,,,NVIDIA A100-SXM4-40GB MIG 4g.20gb (0),1,,13,cupy_copy__float32_float32
4444120486,82335,282582,1,1,1,32,32,1,30,0.000,0.000,,,,,NVIDIA A100-SXM4-40GB MIG 4g.20gb (0),1,,13,"void convert_kernel<__half2, float2>(tensor_layout_any, T1 *, tensor_layout_any, const T2 *)"
4444230885,5599,282585,,,,,,,,,,0.094,16734.387,Pinned,Device,NVIDIA A100-SXM4-40GB MIG 4g.20gb (0),1,,13,[CUDA memcpy Host-to-Device]
4444250532,3232,282586,,,,,,,,,,1.547,478533.199,Device,,NVIDIA A100-SXM4-40GB MIG 4g.20gb (0),1,,13,[CUDA memset]
4444255236,3520,282591,,,,,,,,,,0.031,8890.881,Pinned,Device,NVIDIA A100-SXM4-40GB MIG 4g.20gb (0),1,,13,[CUDA memcpy Host-to-Device]
4444261252,10016,282592,,,,,,,,,,0.197,19629.343,Pinned,Device,NVIDIA A100-SXM4-40GB MIG 4g.20gb (0),1,,13,[CUDA memcpy Host-to-Device]
4444276228,6400,282593,273,1,1,8,4,1,39,0.002,0.000,,,,,NVIDIA A100-SXM4-40GB MIG 4g.20gb (0),1,,13,"void channel_eq::eqMmseCoefCompLowMimoKernel<float, float, float, (unsigned int)4, (unsigned int)1, (unsigned int)4>(const channel_eq::_puschRxChEqStatDescr *, channel_eq::_puschRxChEqCoefCompDynDescr)"
4444283588,6336,282594,273,1,1,12,11,1,51,0.002,0.000,,,,,NVIDIA A100-SXM4-40GB MIG 4g.20gb (0),1,,13,"void channel_eq::eqMmseSoftDemapKernel<float, __half, __half, float, (unsigned int)4, (unsigned short)16383>(channel_eq::_puschRxChEqStatDescr *, channel_eq::_puschRxChEqSoftDemapDynDescr)"
4444290916,282396,282595,1,1,1,32,32,1,30,0.000,0.000,,,,,NVIDIA A100-SXM4-40GB MIG 4g.20gb (0),1,,13,"void convert_kernel<float2, __half2>(tensor_layout_any, T1 *, tensor_layout_any, const T2 *)"
4444576128,10624,282607,2253,1,1,128,1,1,16,0.000,0.000,,,,,NVIDIA A100-SXM4-40GB MIG 4g.20gb (0),1,,13,cupy_copy__float16_float16
4444588384,3296,282616,282,1,1,128,1,1,16,0.000,0.000,,,,,NVIDIA A100-SXM4-40GB MIG 4g.20gb (0),1,,13,cupy_copy__complex64_complex64
4444594912,2496,282625,26,1,1,128,1,1,16,0.000,0.000,,,,,NVIDIA A100-SXM4-40GB MIG 4g.20gb (0),1,,13,cupy_copy__float32_float32
4444600832,7200,282634,103,1,1,128,1,1,16,0.000,0.000,,,,,NVIDIA A100-SXM4-40GB MIG 4g.20gb (0),1,,13,cupy_copy__complex64_complex64
4444608992,11968,282644,1434,1,1,128,1,1,16,0.000,0.000,,,,,NVIDIA A100-SXM4-40GB MIG 4g.20gb (0),1,,13,cupy_copy__complex64_complex64
4444624416,86655,282649,1,1,1,32,32,1,30,0.000,0.000,,,,,NVIDIA A100-SXM4-40GB MIG 4g.20gb (0),1,,13,"void convert_kernel<__half2, float2>(tensor_layout_any, T1 *, tensor_layout_any, const T2 *)"
4444738206,5568,282652,,,,,,,,,,0.094,16827.521,Pinned,Device,NVIDIA A100-SXM4-40GB MIG 4g.20gb (0),1,,13,[CUDA memcpy Host-to-Device]
4444747390,597465,282653,,,,,,,,,,456.561,763827.289,Device,,NVIDIA A100-SXM4-40GB MIG 4g.20gb (0),1,,13,[CUDA memset]
4445356343,141374,282658,,,,,,,,,,1.235,8734.759,Pinned,Device,NVIDIA A100-SXM4-40GB MIG 4g.20gb (0),1,,13,[CUDA memcpy Host-to-Device]
4445509397,36767,282659,,,,,,,,,,0.197,5347.344,Pinned,Device,NVIDIA A100-SXM4-40GB MIG 4g.20gb (0),1,,13,[CUDA memcpy Host-to-Device]
4445572532,8256,282660,69,4,1,48,1,1,76,0.002,0.000,,,,,NVIDIA A100-SXM4-40GB MIG 4g.20gb (0),1,,13,"void ch_est::windowedChEstPreNoDftSOfdmKernel<float, __half, float, (unsigned int)2, (unsigned int)1, (unsigned short)4>(ch_est::puschRxChEstStatDescr_t *, ch_est::puschRxChEstDynDescr_t *)"
4445591572,6752,282661,137,2,1,24,2,1,44,0.001,0.001,,,,,NVIDIA A100-SXM4-40GB MIG 4g.20gb (0),1,,13,"void ch_est::chEstFilterNoDftSOfdmDispatchKernel<float, __half, float, (unsigned int)2>(ch_est::puschRxChEstStatDescr_t *, ch_est::puschRxChEstDynDescr_t *)"
4445610004,4767,282662,137,2,1,24,2,1,44,0.001,0.001,,,,,NVIDIA A100-SXM4-40GB MIG 4g.20gb (0),1,,13,"void ch_est::chEstFilterNoDftSOfdmDispatchKernel<float, __half, float, (unsigned int)2>(ch_est::puschRxChEstStatDescr_t *, ch_est::puschRxChEstDynDescr_t *)"
4445627187,2752,282673,103,1,1,128,1,1,16,0.000,0.000,,,,,NVIDIA A100-SXM4-40GB MIG 4g.20gb (0),1,,13,cupy_copy__complex64_complex64
4445643891,12320,282683,1434,1,1,128,1,1,16,0.000,0.000,,,,,NVIDIA A100-SXM4-40GB MIG 4g.20gb (0),1,,13,cupy_copy__complex64_complex64
4445666803,2592,282690,103,1,1,128,1,1,16,0.000,0.000,,,,,NVIDIA A100-SXM4-40GB MIG 4g.20gb (0),1,,13,cupy_copy__complex64_complex64
4445685619,95326,282697,1,1,1,32,32,1,30,0.000,0.000,,,,,NVIDIA A100-SXM4-40GB MIG 4g.20gb (0),1,,13,"void convert_kernel<__half2, float2>(tensor_layout_any, T1 *, tensor_layout_any, const T2 *)"
4445815793,18304,282700,,,,,,,,,,0.094,5118.800,Pinned,Device,NVIDIA A100-SXM4-40GB MIG 4g.20gb (0),1,,13,[CUDA memcpy Host-to-Device]
4445858224,46976,282701,,,,,,,,,,35.810,762285.767,Device,,NVIDIA A100-SXM4-40GB MIG 4g.20gb (0),1,,13,[CUDA memset]
4445907888,12000,282703,,,,,,,,,,0.000,6.667,Pinned,Device,NVIDIA A100-SXM4-40GB MIG 4g.20gb (0),1,,13,[CUDA memcpy Host-to-Device]
4445936944,24831,282704,,,,,,,,,,0.197,7917.797,Pinned,Device,NVIDIA A100-SXM4-40GB MIG 4g.20gb (0),1,,13,[CUDA memcpy Host-to-Device]
4445983279,9312,282705,273,1,1,48,1,1,40,0.000,0.001,,,,,NVIDIA A100-SXM4-40GB MIG 4g.20gb (0),1,,13,"void pusch_noise_intf_est::noiseIntfEstNoDftSOfdmKernel<float, __half, float, float, (unsigned int)2, (unsigned int)1, (unsigned char)4, (unsigned char)4>(pusch_noise_intf_est::puschRxNoiseIntfEstDynDescr)"
4445999887,2784,282716,35,1,1,128,1,1,16,0.000,0.000,,,,,NVIDIA A100-SXM4-40GB MIG 4g.20gb (0),1,,13,cupy_copy__complex64_complex64
4446016687,1696,282725,1,1,1,1,1,1,18,0.000,0.000,,,,,NVIDIA A100-SXM4-40GB MIG 4g.20gb (0),1,,13,cupy_copy__float32_float32
4446022958,5280,282731,,,,,,,,,,0.000,0.758,Device,Pageable,NVIDIA A100-SXM4-40GB MIG 4g.20gb (0),1,,7,[CUDA memcpy Device-to-Host]
4446122605,12576,282742,1434,1,1,128,1,1,16,0.000,0.000,,,,,NVIDIA A100-SXM4-40GB MIG 4g.20gb (0),1,,13,cupy_copy__complex64_complex64
4446146221,3424,282749,103,1,1,128,1,1,16,0.000,0.000,,,,,NVIDIA A100-SXM4-40GB MIG 4g.20gb (0),1,,13,cupy_copy__complex64_complex64
4446168493,2592,282756,35,1,1,128,1,1,16,0.000,0.000,,,,,NVIDIA A100-SXM4-40GB MIG 4g.20gb (0),1,,13,cupy_copy__complex64_complex64
4446189100,1696,282763,1,1,1,1,1,1,18,0.000,0.000,,,,,NVIDIA A100-SXM4-40GB MIG 4g.20gb (0),1,,13,cupy_copy__float32_float32
4446301643,83135,282774,1,1,1,32,32,1,30,0.000,0.000,,,,,NVIDIA A100-SXM4-40GB MIG 4g.20gb (0),1,,13,"void convert_kernel<__half2, float2>(tensor_layout_any, T1 *, tensor_layout_any, const T2 *)"
4446412746,5728,282777,,,,,,,,,,0.094,16357.541,Pinned,Device,NVIDIA A100-SXM4-40GB MIG 4g.20gb (0),1,,13,[CUDA memcpy Host-to-Device]
4446427401,3392,282778,,,,,,,,,,1.547,455961.768,Device,,NVIDIA A100-SXM4-40GB MIG 4g.20gb (0),1,,13,[CUDA memset]
4446434697,3104,282783,,,,,,,,,,0.031,10082.445,Pinned,Device,NVIDIA A100-SXM4-40GB MIG 4g.20gb (0),1,,13,[CUDA memcpy Host-to-Device]
4446440681,9792,282784,,,,,,,,,,0.197,20078.395,Pinned,Device,NVIDIA A100-SXM4-40GB MIG 4g.20gb (0),1,,13,[CUDA memcpy Host-to-Device]
4446455497,8576,282785,273,1,1,8,4,1,39,0.002,0.000,,,,,NVIDIA A100-SXM4-40GB MIG 4g.20gb (0),1,,13,"void channel_eq::eqMmseCoefCompLowMimoKernel<float, float, float, (unsigned int)4, (unsigned int)1, (unsigned int)4>(const channel_eq::_puschRxChEqStatDescr *, channel_eq::_puschRxChEqCoefCompDynDescr)"
4446465161,6176,282786,273,1,1,12,11,1,51,0.002,0.000,,,,,NVIDIA A100-SXM4-40GB MIG 4g.20gb (0),1,,13,"void channel_eq::eqMmseSoftDemapKernel<float, __half, __half, float, (unsigned int)4, (unsigned short)16383>(channel_eq::_puschRxChEqStatDescr *, channel_eq::_puschRxChEqSoftDemapDynDescr)"
4446472457,282300,282787,1,1,1,32,32,1,30,0.000,0.000,,,,,NVIDIA A100-SXM4-40GB MIG 4g.20gb (0),1,,13,"void convert_kernel<float2, __half2>(tensor_layout_any, T1 *, tensor_layout_any, const T2 *)"
4446756741,11008,282799,2253,1,1,128,1,1,16,0.000,0.000,,,,,NVIDIA A100-SXM4-40GB MIG 4g.20gb (0),1,,13,cupy_copy__float16_float16
4446769957,3264,282808,282,1,1,128,1,1,16,0.000,0.000,,,,,NVIDIA A100-SXM4-40GB MIG 4g.20gb (0),1,,13,cupy_copy__complex64_complex64
4446775589,2208,282817,26,1,1,128,1,1,16,0.000,0.000,,,,,NVIDIA A100-SXM4-40GB MIG 4g.20gb (0),1,,13,cupy_copy__float32_float32
4446780133,3040,282826,103,1,1,128,1,1,16,0.000,0.000,,,,,NVIDIA A100-SXM4-40GB MIG 4g.20gb (0),1,,13,cupy_copy__complex64_complex64
4446836516,12032,282842,1434,1,1,128,1,1,16,0.000,0.000,,,,,NVIDIA A100-SXM4-40GB MIG 4g.20gb (0),1,,13,cupy_copy__complex64_complex64
4446959875,82271,282847,1,1,1,32,32,1,30,0.000,0.000,,,,,NVIDIA A100-SXM4-40GB MIG 4g.20gb (0),1,,13,"void convert_kernel<__half2, float2>(tensor_layout_any, T1 *, tensor_layout_any, const T2 *)"
4447069378,5343,282850,,,,,,,,,,0.094,17536.143,Pinned,Device,NVIDIA A100-SXM4-40GB MIG 4g.20gb (0),1,,13,[CUDA memcpy Host-to-Device]
4447079617,597497,282851,,,,,,,,,,456.561,763827.289,Device,,NVIDIA A100-SXM4-40GB MIG 4g.20gb (0),1,,13,[CUDA memset]
4447684890,168638,282856,,,,,,,,,,1.235,7321.983,Pinned,Device,NVIDIA A100-SXM4-40GB MIG 4g.20gb (0),1,,13,[CUDA memcpy Host-to-Device]
4447867608,41407,282857,,,,,,,,,,0.197,4748.083,Pinned,Device,NVIDIA A100-SXM4-40GB MIG 4g.20gb (0),1,,13,[CUDA memcpy Host-to-Device]
4447938391,8384,282858,69,4,1,48,1,1,76,0.002,0.000,,,,,NVIDIA A100-SXM4-40GB MIG 4g.20gb (0),1,,13,"void ch_est::windowedChEstPreNoDftSOfdmKernel<float, __half, float, (unsigned int)2, (unsigned int)1, (unsigned short)4>(ch_est::puschRxChEstStatDescr_t *, ch_est::puschRxChEstDynDescr_t *)"
4447956247,7104,282859,137,2,1,24,2,1,44,0.001,0.001,,,,,NVIDIA A100-SXM4-40GB MIG 4g.20gb (0),1,,13,"void ch_est::chEstFilterNoDftSOfdmDispatchKernel<float, __half, float, (unsigned int)2>(ch_est::puschRxChEstStatDescr_t *, ch_est::puschRxChEstDynDescr_t *)"
4447973558,4736,282860,137,2,1,24,2,1,44,0.001,0.001,,,,,NVIDIA A100-SXM4-40GB MIG 4g.20gb (0),1,,13,"void ch_est::chEstFilterNoDftSOfdmDispatchKernel<float, __half, float, (unsigned int)2>(ch_est::puschRxChEstStatDescr_t *, ch_est::puschRxChEstDynDescr_t *)"
4447991830,2592,282871,103,1,1,128,1,1,16,0.000,0.000,,,,,NVIDIA A100-SXM4-40GB MIG 4g.20gb (0),1,,13,cupy_copy__complex64_complex64
4448009046,12480,282881,1434,1,1,128,1,1,16,0.000,0.000,,,,,NVIDIA A100-SXM4-40GB MIG 4g.20gb (0),1,,13,cupy_copy__complex64_complex64
4448031222,2528,282888,103,1,1,128,1,1,16,0.000,0.000,,,,,NVIDIA A100-SXM4-40GB MIG 4g.20gb (0),1,,13,cupy_copy__complex64_complex64
4448053269,89215,282895,1,1,1,32,32,1,30,0.000,0.000,,,,,NVIDIA A100-SXM4-40GB MIG 4g.20gb (0),1,,13,"void convert_kernel<__half2, float2>(tensor_layout_any, T1 *, tensor_layout_any, const T2 *)"
4448173652,26400,282898,,,,,,,,,,0.094,3549.017,Pinned,Device,NVIDIA A100-SXM4-40GB MIG 4g.20gb (0),1,,13,[CUDA memcpy Host-to-Device]
4448229651,47328,282899,,,,,,,,,,35.810,756627.800,Device,,NVIDIA A100-SXM4-40GB MIG 4g.20gb (0),1,,13,[CUDA memset]
4448282099,11839,282901,,,,,,,,,,0.000,6.757,Pinned,Device,NVIDIA A100-SXM4-40GB MIG 4g.20gb (0),1,,13,[CUDA memcpy Host-to-Device]
4448303602,33248,282902,,,,,,,,,,0.197,5913.182,Pinned,Device,NVIDIA A100-SXM4-40GB MIG 4g.20gb (0),1,,13,[CUDA memcpy Host-to-Device]
4448362834,9568,282903,273,1,1,48,1,1,40,0.000,0.001,,,,,NVIDIA A100-SXM4-40GB MIG 4g.20gb (0),1,,13,"void pusch_noise_intf_est::noiseIntfEstNoDftSOfdmKernel<float, __half, float, float, (unsigned int)2, (unsigned int)1, (unsigned char)4, (unsigned char)4>(pusch_noise_intf_est::puschRxNoiseIntfEstDynDescr)"
4448379633,2752,282914,35,1,1,128,1,1,16,0.000,0.000,,,,,NVIDIA A100-SXM4-40GB MIG 4g.20gb (0),1,,13,cupy_copy__complex64_complex64
4448396369,1696,282923,1,1,1,1,1,1,18,0.000,0.000,,,,,NVIDIA A100-SXM4-40GB MIG 4g.20gb (0),1,,13,cupy_copy__float32_float32
4448403729,8992,282929,,,,,,,,,,0.000,0.445,Device,Pageable,NVIDIA A100-SXM4-40GB MIG 4g.20gb (0),1,,7,[CUDA memcpy Device-to-Host]
4448503856,12800,282940,1434,1,1,128,1,1,16,0.000,0.000,,,,,NVIDIA A100-SXM4-40GB MIG 4g.20gb (0),1,,13,cupy_copy__complex64_complex64
4448526032,3328,282947,103,1,1,128,1,1,16,0.000,0.000,,,,,NVIDIA A100-SXM4-40GB MIG 4g.20gb (0),1,,13,cupy_copy__complex64_complex64
4448549615,2560,282954,35,1,1,128,1,1,16,0.000,0.000,,,,,NVIDIA A100-SXM4-40GB MIG 4g.20gb (0),1,,13,cupy_copy__complex64_complex64
4448569519,1824,282961,1,1,1,1,1,1,18,0.000,0.000,,,,,NVIDIA A100-SXM4-40GB MIG 4g.20gb (0),1,,13,cupy_copy__float32_float32
4448699213,91679,282972,1,1,1,32,32,1,30,0.000,0.000,,,,,NVIDIA A100-SXM4-40GB MIG 4g.20gb (0),1,,13,"void convert_kernel<__half2, float2>(tensor_layout_any, T1 *, tensor_layout_any, const T2 *)"
4448819660,9952,282975,,,,,,,,,,0.094,9414.761,Pinned,Device,NVIDIA A100-SXM4-40GB MIG 4g.20gb (0),1,,13,[CUDA memcpy Host-to-Device]
4448840780,3424,282976,,,,,,,,,,1.547,451700.819,Device,,NVIDIA A100-SXM4-40GB MIG 4g.20gb (0),1,,13,[CUDA memset]
4448850892,3360,282981,,,,,,,,,,0.031,9314.284,Pinned,Device,NVIDIA A100-SXM4-40GB MIG 4g.20gb (0),1,,13,[CUDA memcpy Host-to-Device]
4448857260,11007,282982,,,,,,,,,,0.197,17862.033,Pinned,Device,NVIDIA A100-SXM4-40GB MIG 4g.20gb (0),1,,13,[CUDA memcpy Host-to-Device]
4448873611,6784,282983,273,1,1,8,4,1,39,0.002,0.000,,,,,NVIDIA A100-SXM4-40GB MIG 4g.20gb (0),1,,13,"void channel_eq::eqMmseCoefCompLowMimoKernel<float, float, float, (unsigned int)4, (unsigned int)1, (unsigned int)4>(const channel_eq::_puschRxChEqStatDescr *, channel_eq::_puschRxChEqCoefCompDynDescr)"
4448882347,5792,282984,273,1,1,12,11,1,51,0.002,0.000,,,,,NVIDIA A100-SXM4-40GB MIG 4g.20gb (0),1,,13,"void channel_eq::eqMmseSoftDemapKernel<float, __half, __half, float, (unsigned int)4, (unsigned short)16383>(channel_eq::_puschRxChEqStatDescr *, channel_eq::_puschRxChEqSoftDemapDynDescr)"
4448891531,282877,282985,1,1,1,32,32,1,30,0.000,0.000,,,,,NVIDIA A100-SXM4-40GB MIG 4g.20gb (0),1,,13,"void convert_kernel<float2, __half2>(tensor_layout_any, T1 *, tensor_layout_any, const T2 *)"
4449175976,11039,282997,2253,1,1,128,1,1,16,0.000,0.000,,,,,NVIDIA A100-SXM4-40GB MIG 4g.20gb (0),1,,13,cupy_copy__float16_float16
4449188327,3680,283006,282,1,1,128,1,1,16,0.000,0.000,,,,,NVIDIA A100-SXM4-40GB MIG 4g.20gb (0),1,,13,cupy_copy__complex64_complex64
4449194823,2432,283015,26,1,1,128,1,1,16,0.000,0.000,,,,,NVIDIA A100-SXM4-40GB MIG 4g.20gb (0),1,,13,cupy_copy__float32_float32
4449199239,2784,283024,103,1,1,128,1,1,16,0.000,0.000,,,,,NVIDIA A100-SXM4-40GB MIG 4g.20gb (0),1,,13,cupy_copy__complex64_complex64
4449202951,12544,283034,1434,1,1,128,1,1,16,0.000,0.000,,,,,NVIDIA A100-SXM4-40GB MIG 4g.20gb (0),1,,13,cupy_copy__complex64_complex64
4449217479,88031,283039,1,1,1,32,32,1,30,0.000,0.000,,,,,NVIDIA A100-SXM4-40GB MIG 4g.20gb (0),1,,13,"void convert_kernel<__half2, float2>(tensor_layout_any, T1 *, tensor_layout_any, const T2 *)"
4449333030,5440,283042,,,,,,,,,,0.094,17223.480,Pinned,Device,NVIDIA A100-SXM4-40GB MIG 4g.20gb (0),1,,13,[CUDA memcpy Host-to-Device]
4449343494,597080,283043,,,,,,,,,,456.561,764283.851,Device,,NVIDIA A100-SXM4-40GB MIG 4g.20gb (0),1,,13,[CUDA memset]
4449946462,150238,283048,,,,,,,,,,1.235,8219.787,Pinned,Device,NVIDIA A100-SXM4-40GB MIG 4g.20gb (0),1,,13,[CUDA memcpy Host-to-Device]
4450107836,34080,283049,,,,,,,,,,0.197,5768.872,Pinned,Device,NVIDIA A100-SXM4-40GB MIG 4g.20gb (0),1,,13,[CUDA memcpy Host-to-Device]
4450156828,8351,283050,69,4,1,48,1,1,76,0.002,0.000,,,,,NVIDIA A100-SXM4-40GB MIG 4g.20gb (0),1,,13,"void ch_est::windowedChEstPreNoDftSOfdmKernel<float, __half, float, (unsigned int)2, (unsigned int)1, (unsigned short)4>(ch_est::puschRxChEstStatDescr_t *, ch_est::puschRxChEstDynDescr_t *)"
4450167707,7232,283051,137,2,1,24,2,1,44,0.001,0.001,,,,,NVIDIA A100-SXM4-40GB MIG 4g.20gb (0),1,,13,"void ch_est::chEstFilterNoDftSOfdmDispatchKernel<float, __half, float, (unsigned int)2>(ch_est::puschRxChEstStatDescr_t *, ch_est::puschRxChEstDynDescr_t *)"
4450177691,5664,283052,137,2,1,24,2,1,44,0.001,0.001,,,,,NVIDIA A100-SXM4-40GB MIG 4g.20gb (0),1,,13,"void ch_est::chEstFilterNoDftSOfdmDispatchKernel<float, __half, float, (unsigned int)2>(ch_est::puschRxChEstStatDescr_t *, ch_est::puschRxChEstDynDescr_t *)"
4450186171,2528,283063,103,1,1,128,1,1,16,0.000,0.000,,,,,NVIDIA A100-SXM4-40GB MIG 4g.20gb (0),1,,13,cupy_copy__complex64_complex64
4450197403,12640,283073,1434,1,1,128,1,1,16,0.000,0.000,,,,,NVIDIA A100-SXM4-40GB MIG 4g.20gb (0),1,,13,cupy_copy__complex64_complex64
4450212987,2816,283080,103,1,1,128,1,1,16,0.000,0.000,,,,,NVIDIA A100-SXM4-40GB MIG 4g.20gb (0),1,,13,cupy_copy__complex64_complex64
4450220635,89599,283087,1,1,1,32,32,1,30,0.000,0.000,,,,,NVIDIA A100-SXM4-40GB MIG 4g.20gb (0),1,,13,"void convert_kernel<__half2, float2>(tensor_layout_any, T1 *, tensor_layout_any, const T2 *)"
4450337465,5536,283090,,,,,,,,,,0.094,16924.777,Pinned,Device,NVIDIA A100-SXM4-40GB MIG 4g.20gb (0),1,,13,[CUDA memcpy Host-to-Device]
4450349529,46944,283091,,,,,,,,,,35.810,762787.106,Device,,NVIDIA A100-SXM4-40GB MIG 4g.20gb (0),1,,13,[CUDA memset]
4450402232,2976,283093,,,,,,,,,,0.000,26.882,Pinned,Device,NVIDIA A100-SXM4-40GB MIG 4g.20gb (0),1,,13,[CUDA memcpy Host-to-Device]
4450410200,12960,283094,,,,,,,,,,0.197,15170.273,Pinned,Device,NVIDIA A100-SXM4-40GB MIG 4g.20gb (0),1,,13,[CUDA memcpy Host-to-Device]
4450433464,10144,283095,273,1,1,48,1,1,40,0.000,0.001,,,,,NVIDIA A100-SXM4-40GB MIG 4g.20gb (0),1,,13,"void pusch_noise_intf_est::noiseIntfEstNoDftSOfdmKernel<float, __half, float, float, (unsigned int)2, (unsigned int)1, (unsigned char)4, (unsigned char)4>(pusch_noise_intf_est::puschRxNoiseIntfEstDynDescr)"
4450447128,3040,283106,35,1,1,128,1,1,16,0.000,0.000,,,,,NVIDIA A100-SXM4-40GB MIG 4g.20gb (0),1,,13,cupy_copy__complex64_complex64
4450459256,2048,283115,1,1,1,1,1,1,18,0.000,0.000,,,,,NVIDIA A100-SXM4-40GB MIG 4g.20gb (0),1,,13,cupy_copy__float32_float32
4450489559,1984,283121,,,,,,,,,,0.000,2.016,Device,Pageable,NVIDIA A100-SXM4-40GB MIG 4g.20gb (0),1,,7,[CUDA memcpy Device-to-Host]
4450550455,12864,283132,1434,1,1,128,1,1,16,0.000,0.000,,,,,NVIDIA A100-SXM4-40GB MIG 4g.20gb (0),1,,13,cupy_copy__complex64_complex64
4450576406,3456,283139,103,1,1,128,1,1,16,0.000,0.000,,,,,NVIDIA A100-SXM4-40GB MIG 4g.20gb (0),1,,13,cupy_copy__complex64_complex64
4450602134,2240,283146,35,1,1,128,1,1,16,0.000,0.000,,,,,NVIDIA A100-SXM4-40GB MIG 4g.20gb (0),1,,13,cupy_copy__complex64_complex64
4450620982,1952,283153,1,1,1,1,1,1,18,0.000,0.000,,,,,NVIDIA A100-SXM4-40GB MIG 4g.20gb (0),1,,13,cupy_copy__float32_float32
4450753460,83039,283164,1,1,1,32,32,1,30,0.000,0.000,,,,,NVIDIA A100-SXM4-40GB MIG 4g.20gb (0),1,,13,"void convert_kernel<__half2, float2>(tensor_layout_any, T1 *, tensor_layout_any, const T2 *)"
4450872467,5920,283167,,,,,,,,,,0.094,15826.941,Pinned,Device,NVIDIA A100-SXM4-40GB MIG 4g.20gb (0),1,,13,[CUDA memcpy Host-to-Device]
4450886483,3359,283168,,,,,,,,,,1.547,460440.791,Device,,NVIDIA A100-SXM4-40GB MIG 4g.20gb (0),1,,13,[CUDA memset]
4450893362,3200,283173,,,,,,,,,,0.031,9780.000,Pinned,Device,NVIDIA A100-SXM4-40GB MIG 4g.20gb (0),1,,13,[CUDA memcpy Host-to-Device]
4450899346,9472,283174,,,,,,,,,,0.197,20756.693,Pinned,Device,NVIDIA A100-SXM4-40GB MIG 4g.20gb (0),1,,13,[CUDA memcpy Host-to-Device]
4450914162,6176,283175,273,1,1,8,4,1,39,0.002,0.000,,,,,NVIDIA A100-SXM4-40GB MIG 4g.20gb (0),1,,13,"void channel_eq::eqMmseCoefCompLowMimoKernel<float, float, float, (unsigned int)4, (unsigned int)1, (unsigned int)4>(const channel_eq::_puschRxChEqStatDescr *, channel_eq::_puschRxChEqCoefCompDynDescr)"
4450923474,6208,283176,273,1,1,12,11,1,51,0.002,0.000,,,,,NVIDIA A100-SXM4-40GB MIG 4g.20gb (0),1,,13,"void channel_eq::eqMmseSoftDemapKernel<float, __half, __half, float, (unsigned int)4, (unsigned short)16383>(channel_eq::_puschRxChEqStatDescr *, channel_eq::_puschRxChEqSoftDemapDynDescr)"
4450931346,281757,283177,1,1,1,32,32,1,30,0.000,0.000,,,,,NVIDIA A100-SXM4-40GB MIG 4g.20gb (0),1,,13,"void convert_kernel<float2, __half2>(tensor_layout_any, T1 *, tensor_layout_any, const T2 *)"
4451216046,10944,283189,2253,1,1,128,1,1,16,0.000,0.000,,,,,NVIDIA A100-SXM4-40GB MIG 4g.20gb (0),1,,13,cupy_copy__float16_float16
4451228174,2912,283198,282,1,1,128,1,1,16,0.000,0.000,,,,,NVIDIA A100-SXM4-40GB MIG 4g.20gb (0),1,,13,cupy_copy__complex64_complex64
4451233006,2144,283207,26,1,1,128,1,1,16,0.000,0.000,,,,,NVIDIA A100-SXM4-40GB MIG 4g.20gb (0),1,,13,cupy_copy__float32_float32
4451237806,4544,283216,103,1,1,128,1,1,16,0.000,0.000,,,,,NVIDIA A100-SXM4-40GB MIG 4g.20gb (0),1,,13,cupy_copy__complex64_complex64
4451245390,12128,283226,1434,1,1,128,1,1,16,0.000,0.000,,,,,NVIDIA A100-SXM4-40GB MIG 4g.20gb (0),1,,13,cupy_copy__complex64_complex64
4451258510,81247,283231,1,1,1,32,32,1,30,0.000,0.000,,,,,NVIDIA A100-SXM4-40GB MIG 4g.20gb (0),1,,13,"void convert_kernel<__half2, float2>(tensor_layout_any, T1 *, tensor_layout_any, const T2 *)"
4451366733,5920,283234,,,,,,,,,,0.094,15826.941,Pinned,Device,NVIDIA A100-SXM4-40GB MIG 4g.20gb (0),1,,13,[CUDA memcpy Host-to-Device]
4451376684,597433,283235,,,,,,,,,,456.561,763827.289,Device,,NVIDIA A100-SXM4-40GB MIG 4g.20gb (0),1,,13,[CUDA memset]
4451978469,133566,283240,,,,,,,,,,1.235,9244.791,Pinned,Device,NVIDIA A100-SXM4-40GB MIG 4g.20gb (0),1,,13,[CUDA memcpy Host-to-Device]
4452124419,41088,283241,,,,,,,,,,0.197,4785.046,Pinned,Device,NVIDIA A100-SXM4-40GB MIG 4g.20gb (0),1,,13,[CUDA memcpy Host-to-Device]
4452187459,7999,283242,69,4,1,48,1,1,76,0.002,0.000,,,,,NVIDIA A100-SXM4-40GB MIG 4g.20gb (0),1,,13,"void ch_est::windowedChEstPreNoDftSOfdmKernel<float, __half, float, (unsigned int)2, (unsigned int)1, (unsigned short)4>(ch_est::puschRxChEstStatDescr_t *, ch_est::puschRxChEstDynDescr_t *)"
4452206946,6560,283243,137,2,1,24,2,1,44,0.001,0.001,,,,,NVIDIA A100-SXM4-40GB MIG 4g.20gb (0),1,,13,"void ch_est::chEstFilterNoDftSOfdmDispatchKernel<float, __half, float, (unsigned int)2>(ch_est::puschRxChEstStatDescr_t *, ch_est::puschRxChEstDynDescr_t *)"
4452223874,4864,283244,137,2,1,24,2,1,44,0.001,0.001,,,,,NVIDIA A100-SXM4-40GB MIG 4g.20gb (0),1,,13,"void ch_est::chEstFilterNoDftSOfdmDispatchKernel<float, __half, float, (unsigned int)2>(ch_est::puschRxChEstStatDescr_t *, ch_est::puschRxChEstDynDescr_t *)"
4452241122,2624,283255,103,1,1,128,1,1,16,0.000,0.000,,,,,NVIDIA A100-SXM4-40GB MIG 4g.20gb (0),1,,13,cupy_copy__complex64_complex64
4452257538,12607,283265,1434,1,1,128,1,1,16,0.000,0.000,,,,,NVIDIA A100-SXM4-40GB MIG 4g.20gb (0),1,,13,cupy_copy__complex64_complex64
4452285025,2528,283272,103,1,1,128,1,1,16,0.000,0.000,,,,,NVIDIA A100-SXM4-40GB MIG 4g.20gb (0),1,,13,cupy_copy__complex64_complex64
4452307105,92287,283279,1,1,1,32,32,1,30,0.000,0.000,,,,,NVIDIA A100-SXM4-40GB MIG 4g.20gb (0),1,,13,"void convert_kernel<__half2, float2>(tensor_layout_any, T1 *, tensor_layout_any, const T2 *)"
4452428800,18879,283282,,,,,,,,,,0.094,4962.890,Pinned,Device,NVIDIA A100-SXM4-40GB MIG 4g.20gb (0),1,,13,[CUDA memcpy Host-to-Device]
4452463679,47392,283283,,,,,,,,,,35.810,755589.312,Device,,NVIDIA A100-SXM4-40GB MIG 4g.20gb (0),1,,13,[CUDA memset]
4452513022,3744,283285,,,,,,,,,,0.000,21.368,Pinned,Device,NVIDIA A100-SXM4-40GB MIG 4g.20gb (0),1,,13,[CUDA memcpy Host-to-Device]
4452523614,14112,283286,,,,,,,,,,0.197,13931.839,Pinned,Device,NVIDIA A100-SXM4-40GB MIG 4g.20gb (0),1,,13,[CUDA memcpy Host-to-Device]
4452550846,9248,283287,273,1,1,48,1,1,40,0.000,0.001,,,,,NVIDIA A100-SXM4-40GB MIG 4g.20gb (0),1,,13,"void pusch_noise_intf_est::noiseIntfEstNoDftSOfdmKernel<float, __half, float, float, (unsigned int)2, (unsigned int)1, (unsigned char)4, (unsigned char)4>(pusch_noise_intf_est::puschRxNoiseIntfEstDynDescr)"
4452566078,2976,283298,35,1,1,128,1,1,16,0.000,0.000,,,,,NVIDIA A100-SXM4-40GB MIG 4g.20gb (0),1,,13,cupy_copy__complex64_complex64
4452573918,1856,283307,1,1,1,1,1,1,18,0.000,0.000,,,,,NVIDIA A100-SXM4-40GB MIG 4g.20gb (0),1,,13,cupy_copy__float32_float32
4452580094,5888,283313,,,,,,,,,,0.000,0.679,Device,Pageable,NVIDIA A100-SXM4-40GB MIG 4g.20gb (0),1,,7,[CUDA memcpy Device-to-Host]
4452652029,13184,283324,1434,1,1,128,1,1,16,0.000,0.000,,,,,NVIDIA A100-SXM4-40GB MIG 4g.20gb (0),1,,13,cupy_copy__complex64_complex64
4452680828,2848,283331,103,1,1,128,1,1,16,0.000,0.000,,,,,NVIDIA A100-SXM4-40GB MIG 4g.20gb (0),1,,13,cupy_copy__complex64_complex64
4452701852,2176,283338,35,1,1,128,1,1,16,0.000,0.000,,,,,NVIDIA A100-SXM4-40GB MIG 4g.20gb (0),1,,13,cupy_copy__complex64_complex64
4452719164,1856,283345,1,1,1,1,1,1,18,0.000,0.000,,,,,NVIDIA A100-SXM4-40GB MIG 4g.20gb (0),1,,13,cupy_copy__float32_float32
4452852058,82207,283356,1,1,1,32,32,1,30,0.000,0.000,,,,,NVIDIA A100-SXM4-40GB MIG 4g.20gb (0),1,,13,"void convert_kernel<__half2, float2>(tensor_layout_any, T1 *, tensor_layout_any, const T2 *)"
4452962521,5568,283359,,,,,,,,,,0.094,16827.521,Pinned,Device,NVIDIA A100-SXM4-40GB MIG 4g.20gb (0),1,,13,[CUDA memcpy Host-to-Device]
4452976697,3136,283360,,,,,,,,,,1.547,493182.821,Device,,NVIDIA A100-SXM4-40GB MIG 4g.20gb (0),1,,13,[CUDA memset]
4452983385,3200,283365,,,,,,,,,,0.031,9780.000,Pinned,Device,NVIDIA A100-SXM4-40GB MIG 4g.20gb (0),1,,13,[CUDA memcpy Host-to-Device]
4452989433,9728,283366,,,,,,,,,,0.197,20210.516,Pinned,Device,NVIDIA A100-SXM4-40GB MIG 4g.20gb (0),1,,13,[CUDA memcpy Host-to-Device]
4453004024,6464,283367,273,1,1,8,4,1,39,0.002,0.000,,,,,NVIDIA A100-SXM4-40GB MIG 4g.20gb (0),1,,13,"void channel_eq::eqMmseCoefCompLowMimoKernel<float, float, float, (unsigned int)4, (unsigned int)1, (unsigned int)4>(const channel_eq::_puschRxChEqStatDescr *, channel_eq::_puschRxChEqCoefCompDynDescr)"
4453011704,6304,283368,273,1,1,12,11,1,51,0.002,0.000,,,,,NVIDIA A100-SXM4-40GB MIG 4g.20gb (0),1,,13,"void channel_eq::eqMmseSoftDemapKernel<float, __half, __half, float, (unsigned int)4, (unsigned short)16383>(channel_eq::_puschRxChEqStatDescr *, channel_eq::_puschRxChEqSoftDemapDynDescr)"
4453019032,282461,283369,1,1,1,32,32,1,30,0.000,0.000,,,,,NVIDIA A100-SXM4-40GB MIG 4g.20gb (0),1,,13,"void convert_kernel<float2, __half2>(tensor_layout_any, T1 *, tensor_layout_any, const T2 *)"
4453304149,10912,283381,2253,1,1,128,1,1,16,0.000,0.000,,,,,NVIDIA A100-SXM4-40GB MIG 4g.20gb (0),1,,13,cupy_copy__float16_float16
4453316981,2976,283390,282,1,1,128,1,1,16,0.000,0.000,,,,,NVIDIA A100-SXM4-40GB MIG 4g.20gb (0),1,,13,cupy_copy__complex64_complex64
4453323637,2079,283399,26,1,1,128,1,1,16,0.000,0.000,,,,,NVIDIA A100-SXM4-40GB MIG 4g.20gb (0),1,,13,cupy_copy__float32_float32
4453328596,4768,283408,103,1,1,128,1,1,16,0.000,0.000,,,,,NVIDIA A100-SXM4-40GB MIG 4g.20gb (0),1,,13,cupy_copy__complex64_complex64
4453334964,11872,283418,1434,1,1,128,1,1,16,0.000,0.000,,,,,NVIDIA A100-SXM4-40GB MIG 4g.20gb (0),1,,13,cupy_copy__complex64_complex64
4453349108,87743,283423,1,1,1,32,32,1,30,0.000,0.000,,,,,NVIDIA A100-SXM4-40GB MIG 4g.20gb (0),1,,13,"void convert_kernel<__half2, float2>(tensor_layout_any, T1 *, tensor_layout_any, const T2 *)"
4453463667,5600,283426,,,,,,,,,,0.094,16731.388,Pinned,Device,NVIDIA A100-SXM4-40GB MIG 4g.20gb (0),1,,13,[CUDA memcpy Host-to-Device]
4453473267,599288,283427,,,,,,,,,,456.561,761544.482,Device,,NVIDIA A100-SXM4-40GB MIG 4g.20gb (0),1,,13,[CUDA memset]
4454075083,129151,283432,,,,,,,,,,1.235,9560.936,Pinned,Device,NVIDIA A100-SXM4-40GB MIG 4g.20gb (0),1,,13,[CUDA memcpy Host-to-Device]
4454210858,42015,283433,,,,,,,,,,0.197,4679.467,Pinned,Device,NVIDIA A100-SXM4-40GB MIG 4g.20gb (0),1,,13,[CUDA memcpy Host-to-Device]
4454282409,8288,283434,69,4,1,48,1,1,76,0.002,0.000,,,,,NVIDIA A100-SXM4-40GB MIG 4g.20gb (0),1,,13,"void ch_est::windowedChEstPreNoDftSOfdmKernel<float, __half, float, (unsigned int)2, (unsigned int)1, (unsigned short)4>(ch_est::puschRxChEstStatDescr_t *, ch_est::puschRxChEstDynDescr_t *)"
4454301480,6816,283435,137,2,1,24,2,1,44,0.001,0.001,,,,,NVIDIA A100-SXM4-40GB MIG 4g.20gb (0),1,,13,"void ch_est::chEstFilterNoDftSOfdmDispatchKernel<float, __half, float, (unsigned int)2>(ch_est::puschRxChEstStatDescr_t *, ch_est::puschRxChEstDynDescr_t *)"
4454319240,4704,283436,137,2,1,24,2,1,44,0.001,0.001,,,,,NVIDIA A100-SXM4-40GB MIG 4g.20gb (0),1,,13,"void ch_est::chEstFilterNoDftSOfdmDispatchKernel<float, __half, float, (unsigned int)2>(ch_est::puschRxChEstStatDescr_t *, ch_est::puschRxChEstDynDescr_t *)"
4454336584,2656,283447,103,1,1,128,1,1,16,0.000,0.000,,,,,NVIDIA A100-SXM4-40GB MIG 4g.20gb (0),1,,13,cupy_copy__complex64_complex64
4454353224,12448,283457,1434,1,1,128,1,1,16,0.000,0.000,,,,,NVIDIA A100-SXM4-40GB MIG 4g.20gb (0),1,,13,cupy_copy__complex64_complex64
4454372776,2912,283464,103,1,1,128,1,1,16,0.000,0.000,,,,,NVIDIA A100-SXM4-40GB MIG 4g.20gb (0),1,,13,cupy_copy__complex64_complex64
4454392807,91135,283471,1,1,1,32,32,1,30,0.000,0.000,,,,,NVIDIA A100-SXM4-40GB MIG 4g.20gb (0),1,,13,"void convert_kernel<__half2, float2>(tensor_layout_any, T1 *, tensor_layout_any, const T2 *)"
4454513574,27744,283474,,,,,,,,,,0.094,3377.085,Pinned,Device,NVIDIA A100-SXM4-40GB MIG 4g.20gb (0),1,,13,[CUDA memcpy Host-to-Device]
4454553221,47360,283475,,,,,,,,,,35.810,756090.651,Device,,NVIDIA A100-SXM4-40GB MIG 4g.20gb (0),1,,13,[CUDA memset]
4454604261,12672,283477,,,,,,,,,,0.000,6.313,Pinned,Device,NVIDIA A100-SXM4-40GB MIG 4g.20gb (0),1,,13,[CUDA memcpy Host-to-Device]
4454623620,29856,283478,,,,,,,,,,0.197,6585.188,Pinned,Device,NVIDIA A100-SXM4-40GB MIG 4g.20gb (0),1,,13,[CUDA memcpy Host-to-Device]
4454681508,9760,283479,273,1,1,48,1,1,40,0.000,0.001,,,,,NVIDIA A100-SXM4-40GB MIG 4g.20gb (0),1,,13,"void pusch_noise_intf_est::noiseIntfEstNoDftSOfdmKernel<float, __half, float, float, (unsigned int)2, (unsigned int)1, (unsigned char)4, (unsigned char)4>(pusch_noise_intf_est::puschRxNoiseIntfEstDynDescr)"
4454697764,2624,283490,35,1,1,128,1,1,16,0.000,0.000,,,,,NVIDIA A100-SXM4-40GB MIG 4g.20gb (0),1,,13,cupy_copy__complex64_complex64
4454714947,1728,283499,1,1,1,1,1,1,18,0.000,0.000,,,,,NVIDIA A100-SXM4-40GB MIG 4g.20gb (0),1,,13,cupy_copy__float32_float32
4454718659,7648,283505,,,,,,,,,,0.000,0.523,Device,Pageable,NVIDIA A100-SXM4-40GB MIG 4g.20gb (0),1,,7,[CUDA memcpy Device-to-Host]
4454820546,12608,283516,1434,1,1,128,1,1,16,0.000,0.000,,,,,NVIDIA A100-SXM4-40GB MIG 4g.20gb (0),1,,13,cupy_copy__complex64_complex64
4454843138,3040,283523,103,1,1,128,1,1,16,0.000,0.000,,,,,NVIDIA A100-SXM4-40GB MIG 4g.20gb (0),1,,13,cupy_copy__complex64_complex64
4454875297,2528,283530,35,1,1,128,1,1,16,0.000,0.000,,,,,NVIDIA A100-SXM4-40GB MIG 4g.20gb (0),1,,13,cupy_copy__complex64_complex64
4454897185,1696,283537,1,1,1,1,1,1,18,0.000,0.000,,,,,NVIDIA A100-SXM4-40GB MIG 4g.20gb (0),1,,13,cupy_copy__float32_float32
4455013888,87103,283548,1,1,1,32,32,1,30,0.000,0.000,,,,,NVIDIA A100-SXM4-40GB MIG 4g.20gb (0),1,,13,"void convert_kernel<__half2, float2>(tensor_layout_any, T1 *, tensor_layout_any, const T2 *)"
4455129630,7904,283551,,,,,,,,,,0.094,11854.231,Pinned,Device,NVIDIA A100-SXM4-40GB MIG 4g.20gb (0),1,,13,[CUDA memcpy Host-to-Device]
4455147646,3392,283552,,,,,,,,,,1.547,455961.768,Device,,NVIDIA A100-SXM4-40GB MIG 4g.20gb (0),1,,13,[CUDA memset]
4455151422,5600,283557,,,,,,,,,,0.031,5588.558,Pinned,Device,NVIDIA A100-SXM4-40GB MIG 4g.20gb (0),1,,13,[CUDA memcpy Host-to-Device]
4455160382,9984,283558,,,,,,,,,,0.197,19692.257,Pinned,Device,NVIDIA A100-SXM4-40GB MIG 4g.20gb (0),1,,13,[CUDA memcpy Host-to-Device]
4455177214,8512,283559,273,1,1,8,4,1,39,0.002,0.000,,,,,NVIDIA A100-SXM4-40GB MIG 4g.20gb (0),1,,13,"void channel_eq::eqMmseCoefCompLowMimoKernel<float, float, float, (unsigned int)4, (unsigned int)1, (unsigned int)4>(const channel_eq::_puschRxChEqStatDescr *, channel_eq::_puschRxChEqCoefCompDynDescr)"
4455188926,5695,283560,273,1,1,12,11,1,51,0.002,0.000,,,,,NVIDIA A100-SXM4-40GB MIG 4g.20gb (0),1,,13,"void channel_eq::eqMmseSoftDemapKernel<float, __half, __half, float, (unsigned int)4, (unsigned short)16383>(channel_eq::_puschRxChEqStatDescr *, channel_eq::_puschRxChEqSoftDemapDynDescr)"
4455196669,282557,283561,1,1,1,32,32,1,30,0.000,0.000,,,,,NVIDIA A100-SXM4-40GB MIG 4g.20gb (0),1,,13,"void convert_kernel<float2, __half2>(tensor_layout_any, T1 *, tensor_layout_any, const T2 *)"
4455482746,10976,283573,2253,1,1,128,1,1,16,0.000,0.000,,,,,NVIDIA A100-SXM4-40GB MIG 4g.20gb (0),1,,13,cupy_copy__float16_float16
4455495898,3648,283582,282,1,1,128,1,1,16,0.000,0.000,,,,,NVIDIA A100-SXM4-40GB MIG 4g.20gb (0),1,,13,cupy_copy__complex64_complex64
4455502362,2464,283591,26,1,1,128,1,1,16,0.000,0.000,,,,,NVIDIA A100-SXM4-40GB MIG 4g.20gb (0),1,,13,cupy_copy__float32_float32
4455506970,3808,283600,103,1,1,128,1,1,16,0.000,0.000,,,,,NVIDIA A100-SXM4-40GB MIG 4g.20gb (0),1,,13,cupy_copy__complex64_complex64
4455512666,12191,283610,1434,1,1,128,1,1,16,0.000,0.000,,,,,NVIDIA A100-SXM4-40GB MIG 4g.20gb (0),1,,13,cupy_copy__complex64_complex64
4455530009,82495,283615,1,1,1,32,32,1,30,0.000,0.000,,,,,NVIDIA A100-SXM4-40GB MIG 4g.20gb (0),1,,13,"void convert_kernel<__half2, float2>(tensor_layout_any, T1 *, tensor_layout_any, const T2 *)"
4455640664,5504,283618,,,,,,,,,,0.094,17023.251,Pinned,Device,NVIDIA A100-SXM4-40GB MIG 4g.20gb (0),1,,13,[CUDA memcpy Host-to-Device]
4455650712,596088,283619,,,,,,,,,,456.561,765653.535,Device,,NVIDIA A100-SXM4-40GB MIG 4g.20gb (0),1,,13,[CUDA memset]
4456253616,130655,283624,,,,,,,,,,1.235,9451.026,Pinned,Device,NVIDIA A100-SXM4-40GB MIG 4g.20gb (0),1,,13,[CUDA memcpy Host-to-Device]
4456391567,17983,283625,,,,,,,,,,0.197,10932.978,Pinned,Device,NVIDIA A100-SXM4-40GB MIG 4g.20gb (0),1,,13,[CUDA memcpy Host-to-Device]
4456424110,8896,283626,69,4,1,48,1,1,76,0.002,0.000,,,,,NVIDIA A100-SXM4-40GB MIG 4g.20gb (0),1,,13,"void ch_est::windowedChEstPreNoDftSOfdmKernel<float, __half, float, (unsigned int)2, (unsigned int)1, (unsigned short)4>(ch_est::puschRxChEstStatDescr_t *, ch_est::puschRxChEstDynDescr_t *)"
4456438862,6880,283627,137,2,1,24,2,1,44,0.001,0.001,,,,,NVIDIA A100-SXM4-40GB MIG 4g.20gb (0),1,,13,"void ch_est::chEstFilterNoDftSOfdmDispatchKernel<float, __half, float, (unsigned int)2>(ch_est::puschRxChEstStatDescr_t *, ch_est::puschRxChEstDynDescr_t *)"
4456453486,5216,283628,137,2,1,24,2,1,44,0.001,0.001,,,,,NVIDIA A100-SXM4-40GB MIG 4g.20gb (0),1,,13,"void ch_est::chEstFilterNoDftSOfdmDispatchKernel<float, __half, float, (unsigned int)2>(ch_est::puschRxChEstStatDescr_t *, ch_est::puschRxChEstDynDescr_t *)"
4456462670,2592,283639,103,1,1,128,1,1,16,0.000,0.000,,,,,NVIDIA A100-SXM4-40GB MIG 4g.20gb (0),1,,13,cupy_copy__complex64_complex64
4456470638,13120,283649,1434,1,1,128,1,1,16,0.000,0.000,,,,,NVIDIA A100-SXM4-40GB MIG 4g.20gb (0),1,,13,cupy_copy__complex64_complex64
4456488398,2399,283656,103,1,1,128,1,1,16,0.000,0.000,,,,,NVIDIA A100-SXM4-40GB MIG 4g.20gb (0),1,,13,cupy_copy__complex64_complex64
4456498637,83519,283663,1,1,1,32,32,1,30,0.000,0.000,,,,,NVIDIA A100-SXM4-40GB MIG 4g.20gb (0),1,,13,"void convert_kernel<__half2, float2>(tensor_layout_any, T1 *, tensor_layout_any, const T2 *)"
4456609388,5792,283666,,,,,,,,,,0.094,16176.708,Pinned,Device,NVIDIA A100-SXM4-40GB MIG 4g.20gb (0),1,,13,[CUDA memcpy Host-to-Device]
4456620908,47135,283667,,,,,,,,,,35.810,759707.453,Device,,NVIDIA A100-SXM4-40GB MIG 4g.20gb (0),1,,13,[CUDA memset]
4456674155,4480,283669,,,,,,,,,,0.000,17.857,Pinned,Device,NVIDIA A100-SXM4-40GB MIG 4g.20gb (0),1,,13,[CUDA memcpy Host-to-Device]
4456684011,14048,283670,,,,,,,,,,0.197,13995.344,Pinned,Device,NVIDIA A100-SXM4-40GB MIG 4g.20gb (0),1,,13,[CUDA memcpy Host-to-Device]
4456707435,10976,283671,273,1,1,48,1,1,40,0.000,0.001,,,,,NVIDIA A100-SXM4-40GB MIG 4g.20gb (0),1,,13,"void pusch_noise_intf_est::noiseIntfEstNoDftSOfdmKernel<float, __half, float, float, (unsigned int)2, (unsigned int)1, (unsigned char)4, (unsigned char)4>(pusch_noise_intf_est::puschRxNoiseIntfEstDynDescr)"
4456722187,2816,283682,35,1,1,128,1,1,16,0.000,0.000,,,,,NVIDIA A100-SXM4-40GB MIG 4g.20gb (0),1,,13,cupy_copy__complex64_complex64
4456730763,1951,283691,1,1,1,1,1,1,18,0.000,0.000,,,,,NVIDIA A100-SXM4-40GB MIG 4g.20gb (0),1,,13,cupy_copy__float32_float32
4456763530,1824,283697,,,,,,,,,,0.000,2.193,Device,Pageable,NVIDIA A100-SXM4-40GB MIG 4g.20gb (0),1,,7,[CUDA memcpy Device-to-Host]
4456823849,12800,283708,1434,1,1,128,1,1,16,0.000,0.000,,,,,NVIDIA A100-SXM4-40GB MIG 4g.20gb (0),1,,13,cupy_copy__complex64_complex64
4456850633,2816,283715,103,1,1,128,1,1,16,0.000,0.000,,,,,NVIDIA A100-SXM4-40GB MIG 4g.20gb (0),1,,13,cupy_copy__complex64_complex64
4456872425,2304,283722,35,1,1,128,1,1,16,0.000,0.000,,,,,NVIDIA A100-SXM4-40GB MIG 4g.20gb (0),1,,13,cupy_copy__complex64_complex64
4456890057,1728,283729,1,1,1,1,1,1,18,0.000,0.000,,,,,NVIDIA A100-SXM4-40GB MIG 4g.20gb (0),1,,13,cupy_copy__float32_float32
4457021511,82687,283740,1,1,1,32,32,1,30,0.000,0.000,,,,,NVIDIA A100-SXM4-40GB MIG 4g.20gb (0),1,,13,"void convert_kernel<__half2, float2>(tensor_layout_any, T1 *, tensor_layout_any, const T2 *)"
4457131526,5952,283743,,,,,,,,,,0.094,15741.865,Pinned,Device,NVIDIA A100-SXM4-40GB MIG 4g.20gb (0),1,,13,[CUDA memcpy Host-to-Device]
4457146597,3296,283744,,,,,,,,,,1.547,469242.628,Device,,NVIDIA A100-SXM4-40GB MIG 4g.20gb (0),1,,13,[CUDA memset]
4457151781,3456,283749,,,,,,,,,,0.031,9055.529,Pinned,Device,NVIDIA A100-SXM4-40GB MIG 4g.20gb (0),1,,13,[CUDA memcpy Host-to-Device]
4457157669,9440,283750,,,,,,,,,,0.197,20827.079,Pinned,Device,NVIDIA A100-SXM4-40GB MIG 4g.20gb (0),1,,13,[CUDA memcpy Host-to-Device]
4457173445,6304,283751,273,1,1,8,4,1,39,0.002,0.000,,,,,NVIDIA A100-SXM4-40GB MIG 4g.20gb (0),1,,13,"void channel_eq::eqMmseCoefCompLowMimoKernel<float, float, float, (unsigned int)4, (unsigned int)1, (unsigned int)4>(const channel_eq::_puschRxChEqStatDescr *, channel_eq::_puschRxChEqCoefCompDynDescr)"
4457180677,5824,283752,273,1,1,12,11,1,51,0.002,0.000,,,,,NVIDIA A100-SXM4-40GB MIG 4g.20gb (0),1,,13,"void channel_eq::eqMmseSoftDemapKernel<float, __half, __half, float, (unsigned int)4, (unsigned short)16383>(channel_eq::_puschRxChEqStatDescr *, channel_eq::_puschRxChEqSoftDemapDynDescr)"
4457187557,282684,283753,1,1,1,32,32,1,30,0.000,0.000,,,,,NVIDIA A100-SXM4-40GB MIG 4g.20gb (0),1,,13,"void convert_kernel<float2, __half2>(tensor_layout_any, T1 *, tensor_layout_any, const T2 *)"
4457471713,11104,283765,2253,1,1,128,1,1,16,0.000,0.000,,,,,NVIDIA A100-SXM4-40GB MIG 4g.20gb (0),1,,13,cupy_copy__float16_float16
4457485153,3648,283774,282,1,1,128,1,1,16,0.000,0.000,,,,,NVIDIA A100-SXM4-40GB MIG 4g.20gb (0),1,,13,cupy_copy__complex64_complex64
4457489793,2016,283783,26,1,1,128,1,1,16,0.000,0.000,,,,,NVIDIA A100-SXM4-40GB MIG 4g.20gb (0),1,,13,cupy_copy__float32_float32
4457495329,2944,283792,103,1,1,128,1,1,16,0.000,0.000,,,,,NVIDIA A100-SXM4-40GB MIG 4g.20gb (0),1,,13,cupy_copy__complex64_complex64
4457500577,12544,283802,1434,1,1,128,1,1,16,0.000,0.000,,,,,NVIDIA A100-SXM4-40GB MIG 4g.20gb (0),1,,13,cupy_copy__complex64_complex64
4457517409,82335,283807,1,1,1,32,32,1,30,0.000,0.000,,,,,NVIDIA A100-SXM4-40GB MIG 4g.20gb (0),1,,13,"void convert_kernel<__half2, float2>(tensor_layout_any, T1 *, tensor_layout_any, const T2 *)"
4457627007,5888,283810,,,,,,,,,,0.094,15912.954,Pinned,Device,NVIDIA A100-SXM4-40GB MIG 4g.20gb (0),1,,13,[CUDA memcpy Host-to-Device]
4457638943,596249,283811,,,,,,,,,,456.561,765653.535,Device,,NVIDIA A100-SXM4-40GB MIG 4g.20gb (0),1,,13,[CUDA memset]
4458240152,155262,283816,,,,,,,,,,1.235,7953.039,Pinned,Device,NVIDIA A100-SXM4-40GB MIG 4g.20gb (0),1,,13,[CUDA memcpy Host-to-Device]
4458408374,40767,283817,,,,,,,,,,0.197,4822.598,Pinned,Device,NVIDIA A100-SXM4-40GB MIG 4g.20gb (0),1,,13,[CUDA memcpy Host-to-Device]
4458471413,8384,283818,69,4,1,48,1,1,76,0.002,0.000,,,,,NVIDIA A100-SXM4-40GB MIG 4g.20gb (0),1,,13,"void ch_est::windowedChEstPreNoDftSOfdmKernel<float, __half, float, (unsigned int)2, (unsigned int)1, (unsigned short)4>(ch_est::puschRxChEstStatDescr_t *, ch_est::puschRxChEstDynDescr_t *)"
4458490773,6784,283819,137,2,1,24,2,1,44,0.001,0.001,,,,,NVIDIA A100-SXM4-40GB MIG 4g.20gb (0),1,,13,"void ch_est::chEstFilterNoDftSOfdmDispatchKernel<float, __half, float, (unsigned int)2>(ch_est::puschRxChEstStatDescr_t *, ch_est::puschRxChEstDynDescr_t *)"
4458507637,4768,283820,137,2,1,24,2,1,44,0.001,0.001,,,,,NVIDIA A100-SXM4-40GB MIG 4g.20gb (0),1,,13,"void ch_est::chEstFilterNoDftSOfdmDispatchKernel<float, __half, float, (unsigned int)2>(ch_est::puschRxChEstStatDescr_t *, ch_est::puschRxChEstDynDescr_t *)"
4458524884,2496,283831,103,1,1,128,1,1,16,0.000,0.000,,,,,NVIDIA A100-SXM4-40GB MIG 4g.20gb (0),1,,13,cupy_copy__complex64_complex64
4458540564,12384,283841,1434,1,1,128,1,1,16,0.000,0.000,,,,,NVIDIA A100-SXM4-40GB MIG 4g.20gb (0),1,,13,cupy_copy__complex64_complex64
4458578868,2560,283848,103,1,1,128,1,1,16,0.000,0.000,,,,,NVIDIA A100-SXM4-40GB MIG 4g.20gb (0),1,,13,cupy_copy__complex64_complex64
4458592436,87487,283855,1,1,1,32,32,1,30,0.000,0.000,,,,,NVIDIA A100-SXM4-40GB MIG 4g.20gb (0),1,,13,"void convert_kernel<__half2, float2>(tensor_layout_any, T1 *, tensor_layout_any, const T2 *)"
4458707634,13312,283858,,,,,,,,,,0.094,7038.444,Pinned,Device,NVIDIA A100-SXM4-40GB MIG 4g.20gb (0),1,,13,[CUDA memcpy Host-to-Device]
4458733458,47999,283859,,,,,,,,,,35.810,746028.063,Device,,NVIDIA A100-SXM4-40GB MIG 4g.20gb (0),1,,13,[CUDA memset]
4458782609,7488,283861,,,,,,,,,,0.000,10.684,Pinned,Device,NVIDIA A100-SXM4-40GB MIG 4g.20gb (0),1,,13,[CUDA memcpy Host-to-Device]
4458795601,15712,283862,,,,,,,,,,0.197,12513.116,Pinned,Device,NVIDIA A100-SXM4-40GB MIG 4g.20gb (0),1,,13,[CUDA memcpy Host-to-Device]
4458821297,10240,283863,273,1,1,48,1,1,40,0.000,0.001,,,,,NVIDIA A100-SXM4-40GB MIG 4g.20gb (0),1,,13,"void pusch_noise_intf_est::noiseIntfEstNoDftSOfdmKernel<float, __half, float, float, (unsigned int)2, (unsigned int)1, (unsigned char)4, (unsigned char)4>(pusch_noise_intf_est::puschRxNoiseIntfEstDynDescr)"
4458840465,2719,283874,35,1,1,128,1,1,16,0.000,0.000,,,,,NVIDIA A100-SXM4-40GB MIG 4g.20gb (0),1,,13,cupy_copy__complex64_complex64
4458849712,1792,283883,1,1,1,1,1,1,18,0.000,0.000,,,,,NVIDIA A100-SXM4-40GB MIG 4g.20gb (0),1,,13,cupy_copy__float32_float32
4458874864,2560,283889,,,,,,,,,,0.000,1.562,Device,Pageable,NVIDIA A100-SXM4-40GB MIG 4g.20gb (0),1,,7,[CUDA memcpy Device-to-Host]
4458942095,12832,283900,1434,1,1,128,1,1,16,0.000,0.000,,,,,NVIDIA A100-SXM4-40GB MIG 4g.20gb (0),1,,13,cupy_copy__complex64_complex64
4458968143,2816,283907,103,1,1,128,1,1,16,0.000,0.000,,,,,NVIDIA A100-SXM4-40GB MIG 4g.20gb (0),1,,13,cupy_copy__complex64_complex64
4458990095,2144,283914,35,1,1,128,1,1,16,0.000,0.000,,,,,NVIDIA A100-SXM4-40GB MIG 4g.20gb (0),1,,13,cupy_copy__complex64_complex64
4459007502,1888,283921,1,1,1,1,1,1,18,0.000,0.000,,,,,NVIDIA A100-SXM4-40GB MIG 4g.20gb (0),1,,13,cupy_copy__float32_float32
4459140301,82719,283932,1,1,1,32,32,1,30,0.000,0.000,,,,,NVIDIA A100-SXM4-40GB MIG 4g.20gb (0),1,,13,"void convert_kernel<__half2, float2>(tensor_layout_any, T1 *, tensor_layout_any, const T2 *)"
4459250763,5536,283935,,,,,,,,,,0.094,16924.777,Pinned,Device,NVIDIA A100-SXM4-40GB MIG 4g.20gb (0),1,,13,[CUDA memcpy Host-to-Device]
4459265643,3136,283936,,,,,,,,,,1.547,493182.821,Device,,NVIDIA A100-SXM4-40GB MIG 4g.20gb (0),1,,13,[CUDA memset]
4459271691,3936,283941,,,,,,,,,,0.031,7951.218,Pinned,Device,NVIDIA A100-SXM4-40GB MIG 4g.20gb (0),1,,13,[CUDA memcpy Host-to-Device]
4459278219,10560,283942,,,,,,,,,,0.197,18617.991,Pinned,Device,NVIDIA A100-SXM4-40GB MIG 4g.20gb (0),1,,13,[CUDA memcpy Host-to-Device]
4459292363,6688,283943,273,1,1,8,4,1,39,0.002,0.000,,,,,NVIDIA A100-SXM4-40GB MIG 4g.20gb (0),1,,13,"void channel_eq::eqMmseCoefCompLowMimoKernel<float, float, float, (unsigned int)4, (unsigned int)1, (unsigned int)4>(const channel_eq::_puschRxChEqStatDescr *, channel_eq::_puschRxChEqCoefCompDynDescr)"
4459300203,6272,283944,273,1,1,12,11,1,51,0.002,0.000,,,,,NVIDIA A100-SXM4-40GB MIG 4g.20gb (0),1,,13,"void channel_eq::eqMmseSoftDemapKernel<float, __half, __half, float, (unsigned int)4, (unsigned short)16383>(channel_eq::_puschRxChEqStatDescr *, channel_eq::_puschRxChEqSoftDemapDynDescr)"
4459307595,282716,283945,1,1,1,32,32,1,30,0.000,0.000,,,,,NVIDIA A100-SXM4-40GB MIG 4g.20gb (0),1,,13,"void convert_kernel<float2, __half2>(tensor_layout_any, T1 *, tensor_layout_any, const T2 *)"
4459591399,10848,283957,2253,1,1,128,1,1,16,0.000,0.000,,,,,NVIDIA A100-SXM4-40GB MIG 4g.20gb (0),1,,13,cupy_copy__float16_float16
4459606983,2816,283966,282,1,1,128,1,1,16,0.000,0.000,,,,,NVIDIA A100-SXM4-40GB MIG 4g.20gb (0),1,,13,cupy_copy__complex64_complex64
4459612871,2048,283975,26,1,1,128,1,1,16,0.000,0.000,,,,,NVIDIA A100-SXM4-40GB MIG 4g.20gb (0),1,,13,cupy_copy__float32_float32
4459616423,3168,283984,103,1,1,128,1,1,16,0.000,0.000,,,,,NVIDIA A100-SXM4-40GB MIG 4g.20gb (0),1,,13,cupy_copy__complex64_complex64
4459620647,11968,283994,1434,1,1,128,1,1,16,0.000,0.000,,,,,NVIDIA A100-SXM4-40GB MIG 4g.20gb (0),1,,13,cupy_copy__complex64_complex64
4459639943,81759,283999,1,1,1,32,32,1,30,0.000,0.000,,,,,NVIDIA A100-SXM4-40GB MIG 4g.20gb (0),1,,13,"void convert_kernel<__half2, float2>(tensor_layout_any, T1 *, tensor_layout_any, const T2 *)"
4459748901,5600,284002,,,,,,,,,,0.094,16731.388,Pinned,Device,NVIDIA A100-SXM4-40GB MIG 4g.20gb (0),1,,13,[CUDA memcpy Host-to-Device]
4459758629,598041,284003,,,,,,,,,,456.561,763370.728,Device,,NVIDIA A100-SXM4-40GB MIG 4g.20gb (0),1,,13,[CUDA memset]
4460357406,155774,284008,,,,,,,,,,1.235,7927.106,Pinned,Device,NVIDIA A100-SXM4-40GB MIG 4g.20gb (0),1,,13,[CUDA memcpy Host-to-Device]
4460526812,41151,284009,,,,,,,,,,0.197,4777.574,Pinned,Device,NVIDIA A100-SXM4-40GB MIG 4g.20gb (0),1,,13,[CUDA memcpy Host-to-Device]
4460585307,8000,284010,69,4,1,48,1,1,76,0.002,0.000,,,,,NVIDIA A100-SXM4-40GB MIG 4g.20gb (0),1,,13,"void ch_est::windowedChEstPreNoDftSOfdmKernel<float, __half, float, (unsigned int)2, (unsigned int)1, (unsigned short)4>(ch_est::puschRxChEstStatDescr_t *, ch_est::puschRxChEstDynDescr_t *)"
4460604795,6944,284011,137,2,1,24,2,1,44,0.001,0.001,,,,,NVIDIA A100-SXM4-40GB MIG 4g.20gb (0),1,,13,"void ch_est::chEstFilterNoDftSOfdmDispatchKernel<float, __half, float, (unsigned int)2>(ch_est::puschRxChEstStatDescr_t *, ch_est::puschRxChEstDynDescr_t *)"
4460621659,4736,284012,137,2,1,24,2,1,44,0.001,0.001,,,,,NVIDIA A100-SXM4-40GB MIG 4g.20gb (0),1,,13,"void ch_est::chEstFilterNoDftSOfdmDispatchKernel<float, __half, float, (unsigned int)2>(ch_est::puschRxChEstStatDescr_t *, ch_est::puschRxChEstDynDescr_t *)"
4460638906,2720,284023,103,1,1,128,1,1,16,0.000,0.000,,,,,NVIDIA A100-SXM4-40GB MIG 4g.20gb (0),1,,13,cupy_copy__complex64_complex64
4460655674,12544,284033,1434,1,1,128,1,1,16,0.000,0.000,,,,,NVIDIA A100-SXM4-40GB MIG 4g.20gb (0),1,,13,cupy_copy__complex64_complex64
4460680538,2592,284040,103,1,1,128,1,1,16,0.000,0.000,,,,,NVIDIA A100-SXM4-40GB MIG 4g.20gb (0),1,,13,cupy_copy__complex64_complex64
4460703354,85567,284047,1,1,1,32,32,1,30,0.000,0.000,,,,,NVIDIA A100-SXM4-40GB MIG 4g.20gb (0),1,,13,"void convert_kernel<__half2, float2>(tensor_layout_any, T1 *, tensor_layout_any, const T2 *)"
4460822296,20416,284050,,,,,,,,,,0.094,4589.324,Pinned,Device,NVIDIA A100-SXM4-40GB MIG 4g.20gb (0),1,,13,[CUDA memcpy Host-to-Device]
4460864088,46111,284051,,,,,,,,,,35.810,776573.925,Device,,NVIDIA A100-SXM4-40GB MIG 4g.20gb (0),1,,13,[CUDA memset]
4460914135,10080,284053,,,,,,,,,,0.000,7.936,Pinned,Device,NVIDIA A100-SXM4-40GB MIG 4g.20gb (0),1,,13,[CUDA memcpy Host-to-Device]
4460931383,21248,284054,,,,,,,,,,0.197,9252.962,Pinned,Device,NVIDIA A100-SXM4-40GB MIG 4g.20gb (0),1,,13,[CUDA memcpy Host-to-Device]
4460965110,12096,284055,273,1,1,48,1,1,40,0.000,0.001,,,,,NVIDIA A100-SXM4-40GB MIG 4g.20gb (0),1,,13,"void pusch_noise_intf_est::noiseIntfEstNoDftSOfdmKernel<float, __half, float, float, (unsigned int)2, (unsigned int)1, (unsigned char)4, (unsigned char)4>(pusch_noise_intf_est::puschRxNoiseIntfEstDynDescr)"
4460980822,2976,284066,35,1,1,128,1,1,16,0.000,0.000,,,,,NVIDIA A100-SXM4-40GB MIG 4g.20gb (0),1,,13,cupy_copy__complex64_complex64
4460988534,1824,284075,1,1,1,1,1,1,18,0.000,0.000,,,,,NVIDIA A100-SXM4-40GB MIG 4g.20gb (0),1,,13,cupy_copy__float32_float32
4460991030,3648,284081,,,,,,,,,,0.000,1.096,Device,Pageable,NVIDIA A100-SXM4-40GB MIG 4g.20gb (0),1,,7,[CUDA memcpy Device-to-Host]
4461063605,12832,284092,1434,1,1,128,1,1,16,0.000,0.000,,,,,NVIDIA A100-SXM4-40GB MIG 4g.20gb (0),1,,13,cupy_copy__complex64_complex64
4461091221,2976,284099,103,1,1,128,1,1,16,0.000,0.000,,,,,NVIDIA A100-SXM4-40GB MIG 4g.20gb (0),1,,13,cupy_copy__complex64_complex64
4461117460,2624,284106,35,1,1,128,1,1,16,0.000,0.000,,,,,NVIDIA A100-SXM4-40GB MIG 4g.20gb (0),1,,13,cupy_copy__complex64_complex64
4461131700,1792,284113,1,1,1,1,1,1,18,0.000,0.000,,,,,NVIDIA A100-SXM4-40GB MIG 4g.20gb (0),1,,13,cupy_copy__float32_float32
4461261971,82687,284124,1,1,1,32,32,1,30,0.000,0.000,,,,,NVIDIA A100-SXM4-40GB MIG 4g.20gb (0),1,,13,"void convert_kernel<__half2, float2>(tensor_layout_any, T1 *, tensor_layout_any, const T2 *)"
4461372529,5856,284127,,,,,,,,,,0.094,15999.997,Pinned,Device,NVIDIA A100-SXM4-40GB MIG 4g.20gb (0),1,,13,[CUDA memcpy Host-to-Device]
4461386577,3360,284128,,,,,,,,,,1.547,460304.688,Device,,NVIDIA A100-SXM4-40GB MIG 4g.20gb (0),1,,13,[CUDA memset]
4461393649,3584,284133,,,,,,,,,,0.031,8732.116,Pinned,Device,NVIDIA A100-SXM4-40GB MIG 4g.20gb (0),1,,13,[CUDA memcpy Host-to-Device]
4461400081,9824,284134,,,,,,,,,,0.197,20012.925,Pinned,Device,NVIDIA A100-SXM4-40GB MIG 4g.20gb (0),1,,13,[CUDA memcpy Host-to-Device]
4461414513,6464,284135,273,1,1,8,4,1,39,0.002,0.000,,,,,NVIDIA A100-SXM4-40GB MIG 4g.20gb (0),1,,13,"void channel_eq::eqMmseCoefCompLowMimoKernel<float, float, float, (unsigned int)4, (unsigned int)1, (unsigned int)4>(const channel_eq::_puschRxChEqStatDescr *, channel_eq::_puschRxChEqCoefCompDynDescr)"
4461422097,6048,284136,273,1,1,12,11,1,51,0.002,0.000,,,,,NVIDIA A100-SXM4-40GB MIG 4g.20gb (0),1,,13,"void channel_eq::eqMmseSoftDemapKernel<float, __half, __half, float, (unsigned int)4, (unsigned short)16383>(channel_eq::_puschRxChEqStatDescr *, channel_eq::_puschRxChEqSoftDemapDynDescr)"
4461431057,283004,284137,1,1,1,32,32,1,30,0.000,0.000,,,,,NVIDIA A100-SXM4-40GB MIG 4g.20gb (0),1,,13,"void convert_kernel<float2, __half2>(tensor_layout_any, T1 *, tensor_layout_any, const T2 *)"
4461715053,11008,284149,2253,1,1,128,1,1,16,0.000,0.000,,,,,NVIDIA A100-SXM4-40GB MIG 4g.20gb (0),1,,13,cupy_copy__float16_float16
4461730029,3616,284158,282,1,1,128,1,1,16,0.000,0.000,,,,,NVIDIA A100-SXM4-40GB MIG 4g.20gb (0),1,,13,cupy_copy__complex64_complex64
4461735725,2432,284167,26,1,1,128,1,1,16,0.000,0.000,,,,,NVIDIA A100-SXM4-40GB MIG 4g.20gb (0),1,,13,cupy_copy__float32_float32
4461741805,3168,284176,103,1,1,128,1,1,16,0.000,0.000,,,,,NVIDIA A100-SXM4-40GB MIG 4g.20gb (0),1,,13,cupy_copy__complex64_complex64
4461746093,12000,284186,1434,1,1,128,1,1,16,0.000,0.000,,,,,NVIDIA A100-SXM4-40GB MIG 4g.20gb (0),1,,13,cupy_copy__complex64_complex64
4461763981,87230,284191,1,1,1,32,32,1,30,0.000,0.000,,,,,NVIDIA A100-SXM4-40GB MIG 4g.20gb (0),1,,13,"void convert_kernel<__half2, float2>(tensor_layout_any, T1 *, tensor_layout_any, const T2 *)"
4461878443,5536,284194,,,,,,,,,,0.094,16924.777,Pinned,Device,NVIDIA A100-SXM4-40GB MIG 4g.20gb (0),1,,13,[CUDA memcpy Host-to-Device]
4461888267,596825,284195,,,,,,,,,,456.561,764740.412,Device,,NVIDIA A100-SXM4-40GB MIG 4g.20gb (0),1,,13,[CUDA memset]
4462493796,156734,284200,,,,,,,,,,1.235,7878.943,Pinned,Device,NVIDIA A100-SXM4-40GB MIG 4g.20gb (0),1,,13,[CUDA memcpy Host-to-Device]
4462664193,35904,284201,,,,,,,,,,0.197,5475.926,Pinned,Device,NVIDIA A100-SXM4-40GB MIG 4g.20gb (0),1,,13,[CUDA memcpy Host-to-Device]
4462724961,8384,284202,69,4,1,48,1,1,76,0.002,0.000,,,,,NVIDIA A100-SXM4-40GB MIG 4g.20gb (0),1,,13,"void ch_est::windowedChEstPreNoDftSOfdmKernel<float, __half, float, (unsigned int)2, (unsigned int)1, (unsigned short)4>(ch_est::puschRxChEstStatDescr_t *, ch_est::puschRxChEstDynDescr_t *)"
4462739616,6656,284203,137,2,1,24,2,1,44,0.001,0.001,,,,,NVIDIA A100-SXM4-40GB MIG 4g.20gb (0),1,,13,"void ch_est::chEstFilterNoDftSOfdmDispatchKernel<float, __half, float, (unsigned int)2>(ch_est::puschRxChEstStatDescr_t *, ch_est::puschRxChEstDynDescr_t *)"
4462757248,4640,284204,137,2,1,24,2,1,44,0.001,0.001,,,,,NVIDIA A100-SXM4-40GB MIG 4g.20gb (0),1,,13,"void ch_est::chEstFilterNoDftSOfdmDispatchKernel<float, __half, float, (unsigned int)2>(ch_est::puschRxChEstStatDescr_t *, ch_est::puschRxChEstDynDescr_t *)"
4462770528,2592,284215,103,1,1,128,1,1,16,0.000,0.000,,,,,NVIDIA A100-SXM4-40GB MIG 4g.20gb (0),1,,13,cupy_copy__complex64_complex64
4462782720,12704,284225,1434,1,1,128,1,1,16,0.000,0.000,,,,,NVIDIA A100-SXM4-40GB MIG 4g.20gb (0),1,,13,cupy_copy__complex64_complex64
4462808000,2496,284232,103,1,1,128,1,1,16,0.000,0.000,,,,,NVIDIA A100-SXM4-40GB MIG 4g.20gb (0),1,,13,cupy_copy__complex64_complex64
4462824607,90623,284239,1,1,1,32,32,1,30,0.000,0.000,,,,,NVIDIA A100-SXM4-40GB MIG 4g.20gb (0),1,,13,"void convert_kernel<__half2, float2>(tensor_layout_any, T1 *, tensor_layout_any, const T2 *)"
4462948414,22368,284242,,,,,,,,,,0.094,4188.773,Pinned,Device,NVIDIA A100-SXM4-40GB MIG 4g.20gb (0),1,,13,[CUDA memcpy Host-to-Device]
4462988317,47520,284243,,,,,,,,,,35.810,753548.147,Device,,NVIDIA A100-SXM4-40GB MIG 4g.20gb (0),1,,13,[CUDA memset]
4463036349,16896,284245,,,,,,,,,,0.000,4.735,Pinned,Device,NVIDIA A100-SXM4-40GB MIG 4g.20gb (0),1,,13,[CUDA memcpy Host-to-Device]
4463060541,37247,284246,,,,,,,,,,0.197,5278.335,Pinned,Device,NVIDIA A100-SXM4-40GB MIG 4g.20gb (0),1,,13,[CUDA memcpy Host-to-Device]
4463131612,9632,284247,273,1,1,48,1,1,40,0.000,0.001,,,,,NVIDIA A100-SXM4-40GB MIG 4g.20gb (0),1,,13,"void pusch_noise_intf_est::noiseIntfEstNoDftSOfdmKernel<float, __half, float, float, (unsigned int)2, (unsigned int)1, (unsigned char)4, (unsigned char)4>(pusch_noise_intf_est::puschRxNoiseIntfEstDynDescr)"
4463148315,2816,284258,35,1,1,128,1,1,16,0.000,0.000,,,,,NVIDIA A100-SXM4-40GB MIG 4g.20gb (0),1,,13,cupy_copy__complex64_complex64
4463164539,1696,284267,1,1,1,1,1,1,18,0.000,0.000,,,,,NVIDIA A100-SXM4-40GB MIG 4g.20gb (0),1,,13,cupy_copy__float32_float32
4463169307,7296,284273,,,,,,,,,,0.000,0.548,Device,Pageable,NVIDIA A100-SXM4-40GB MIG 4g.20gb (0),1,,7,[CUDA memcpy Device-to-Host]
4463268282,12736,284284,1434,1,1,128,1,1,16,0.000,0.000,,,,,NVIDIA A100-SXM4-40GB MIG 4g.20gb (0),1,,13,cupy_copy__complex64_complex64
4463287258,3488,284291,103,1,1,128,1,1,16,0.000,0.000,,,,,NVIDIA A100-SXM4-40GB MIG 4g.20gb (0),1,,13,cupy_copy__complex64_complex64
4463311289,2304,284298,35,1,1,128,1,1,16,0.000,0.000,,,,,NVIDIA A100-SXM4-40GB MIG 4g.20gb (0),1,,13,cupy_copy__complex64_complex64
4463330073,1920,284305,1,1,1,1,1,1,18,0.000,0.000,,,,,NVIDIA A100-SXM4-40GB MIG 4g.20gb (0),1,,13,cupy_copy__float32_float32
4463452120,82815,284316,1,1,1,32,32,1,30,0.000,0.000,,,,,NVIDIA A100-SXM4-40GB MIG 4g.20gb (0),1,,13,"void convert_kernel<__half2, float2>(tensor_layout_any, T1 *, tensor_layout_any, const T2 *)"
4463566422,10784,284319,,,,,,,,,,0.094,8688.336,Pinned,Device,NVIDIA A100-SXM4-40GB MIG 4g.20gb (0),1,,13,[CUDA memcpy Host-to-Device]
4463585590,3552,284320,,,,,,,,,,1.547,435422.601,Device,,NVIDIA A100-SXM4-40GB MIG 4g.20gb (0),1,,13,[CUDA memset]
4463594262,7648,284325,,,,,,,,,,0.031,4092.046,Pinned,Device,NVIDIA A100-SXM4-40GB MIG 4g.20gb (0),1,,13,[CUDA memcpy Host-to-Device]
4463604854,13280,284326,,,,,,,,,,0.197,14804.779,Pinned,Device,NVIDIA A100-SXM4-40GB MIG 4g.20gb (0),1,,13,[CUDA memcpy Host-to-Device]
4463627094,8063,284327,273,1,1,8,4,1,39,0.002,0.000,,,,,NVIDIA A100-SXM4-40GB MIG 4g.20gb (0),1,,13,"void channel_eq::eqMmseCoefCompLowMimoKernel<float, float, float, (unsigned int)4, (unsigned int)1, (unsigned int)4>(const channel_eq::_puschRxChEqStatDescr *, channel_eq::_puschRxChEqCoefCompDynDescr)"
4463637333,5696,284328,273,1,1,12,11,1,51,0.002,0.000,,,,,NVIDIA A100-SXM4-40GB MIG 4g.20gb (0),1,,13,"void channel_eq::eqMmseSoftDemapKernel<float, __half, __half, float, (unsigned int)4, (unsigned short)16383>(channel_eq::_puschRxChEqStatDescr *, channel_eq::_puschRxChEqSoftDemapDynDescr)"
4463645301,290685,284329,1,1,1,32,32,1,30,0.000,0.000,,,,,NVIDIA A100-SXM4-40GB MIG 4g.20gb (0),1,,13,"void convert_kernel<float2, __half2>(tensor_layout_any, T1 *, tensor_layout_any, const T2 *)"
4463938162,10976,284341,2253,1,1,128,1,1,16,0.000,0.000,,,,,NVIDIA A100-SXM4-40GB MIG 4g.20gb (0),1,,13,cupy_copy__float16_float16
4463950418,2880,284350,282,1,1,128,1,1,16,0.000,0.000,,,,,NVIDIA A100-SXM4-40GB MIG 4g.20gb (0),1,,13,cupy_copy__complex64_complex64
4463955826,2079,284359,26,1,1,128,1,1,16,0.000,0.000,,,,,NVIDIA A100-SXM4-40GB MIG 4g.20gb (0),1,,13,cupy_copy__float32_float32
4463961073,2880,284368,103,1,1,128,1,1,16,0.000,0.000,,,,,NVIDIA A100-SXM4-40GB MIG 4g.20gb (0),1,,13,cupy_copy__complex64_complex64
4463964977,11936,284378,1434,1,1,128,1,1,16,0.000,0.000,,,,,NVIDIA A100-SXM4-40GB MIG 4g.20gb (0),1,,13,cupy_copy__complex64_complex64
4463980945,87199,284383,1,1,1,32,32,1,30,0.000,0.000,,,,,NVIDIA A100-SXM4-40GB MIG 4g.20gb (0),1,,13,"void convert_kernel<__half2, float2>(tensor_layout_any, T1 *, tensor_layout_any, const T2 *)"
4464095056,6720,284386,,,,,,,,,,0.094,13942.808,Pinned,Device,NVIDIA A100-SXM4-40GB MIG 4g.20gb (0),1,,13,[CUDA memcpy Host-to-Device]
4464106192,601144,284387,,,,,,,,,,456.561,759261.675,Device,,NVIDIA A100-SXM4-40GB MIG 4g.20gb (0),1,,13,[CUDA memset]
4464713800,72575,284392,,,,,,,,,,1.235,17015.058,Pinned,Device,NVIDIA A100-SXM4-40GB MIG 4g.20gb (0),1,,13,[CUDA memcpy Host-to-Device]
4464792711,21376,284393,,,,,,,,,,0.197,9197.519,Pinned,Device,NVIDIA A100-SXM4-40GB MIG 4g.20gb (0),1,,13,[CUDA memcpy Host-to-Device]
4464824295,9056,284394,69,4,1,48,1,1,76,0.002,0.000,,,,,NVIDIA A100-SXM4-40GB MIG 4g.20gb (0),1,,13,"void ch_est::windowedChEstPreNoDftSOfdmKernel<float, __half, float, (unsigned int)2, (unsigned int)1, (unsigned short)4>(ch_est::puschRxChEstStatDescr_t *, ch_est::puschRxChEstDynDescr_t *)"
4464839655,6784,284395,137,2,1,24,2,1,44,0.001,0.001,,,,,NVIDIA A100-SXM4-40GB MIG 4g.20gb (0),1,,13,"void ch_est::chEstFilterNoDftSOfdmDispatchKernel<float, __half, float, (unsigned int)2>(ch_est::puschRxChEstStatDescr_t *, ch_est::puschRxChEstDynDescr_t *)"
4464855238,6464,284396,137,2,1,24,2,1,44,0.001,0.001,,,,,NVIDIA A100-SXM4-40GB MIG 4g.20gb (0),1,,13,"void ch_est::chEstFilterNoDftSOfdmDispatchKernel<float, __half, float, (unsigned int)2>(ch_est::puschRxChEstStatDescr_t *, ch_est::puschRxChEstDynDescr_t *)"
4464865094,3136,284407,103,1,1,128,1,1,16,0.000,0.000,,,,,NVIDIA A100-SXM4-40GB MIG 4g.20gb (0),1,,13,cupy_copy__complex64_complex64
4464873926,12864,284417,1434,1,1,128,1,1,16,0.000,0.000,,,,,NVIDIA A100-SXM4-40GB MIG 4g.20gb (0),1,,13,cupy_copy__complex64_complex64
4464889446,3168,284424,103,1,1,128,1,1,16,0.000,0.000,,,,,NVIDIA A100-SXM4-40GB MIG 4g.20gb (0),1,,13,cupy_copy__complex64_complex64
4464898470,91327,284431,1,1,1,32,32,1,30,0.000,0.000,,,,,NVIDIA A100-SXM4-40GB MIG 4g.20gb (0),1,,13,"void convert_kernel<__half2, float2>(tensor_layout_any, T1 *, tensor_layout_any, const T2 *)"
4465021700,12288,284434,,,,,,,,,,0.094,7624.980,Pinned,Device,NVIDIA A100-SXM4-40GB MIG 4g.20gb (0),1,,13,[CUDA memcpy Host-to-Device]
4465044900,47104,284435,,,,,,,,,,35.810,760208.792,Device,,NVIDIA A100-SXM4-40GB MIG 4g.20gb (0),1,,13,[CUDA memset]
4465100035,3520,284437,,,,,,,,,,0.000,22.727,Pinned,Device,NVIDIA A100-SXM4-40GB MIG 4g.20gb (0),1,,13,[CUDA memcpy Host-to-Device]
4465109635,16128,284438,,,,,,,,,,0.197,12190.286,Pinned,Device,NVIDIA A100-SXM4-40GB MIG 4g.20gb (0),1,,13,[CUDA memcpy Host-to-Device]
4465135427,12512,284439,273,1,1,48,1,1,40,0.000,0.001,,,,,NVIDIA A100-SXM4-40GB MIG 4g.20gb (0),1,,13,"void pusch_noise_intf_est::noiseIntfEstNoDftSOfdmKernel<float, __half, float, float, (unsigned int)2, (unsigned int)1, (unsigned char)4, (unsigned char)4>(pusch_noise_intf_est::puschRxNoiseIntfEstDynDescr)"
4465149923,2816,284450,35,1,1,128,1,1,16,0.000,0.000,,,,,NVIDIA A100-SXM4-40GB MIG 4g.20gb (0),1,,13,cupy_copy__complex64_complex64
4465154883,2112,284459,1,1,1,1,1,1,18,0.000,0.000,,,,,NVIDIA A100-SXM4-40GB MIG 4g.20gb (0),1,,13,cupy_copy__float32_float32
4465172835,1567,284465,,,,,,,,,,0.000,2.553,Device,Pageable,NVIDIA A100-SXM4-40GB MIG 4g.20gb (0),1,,7,[CUDA memcpy Device-to-Host]
4465233986,12960,284476,1434,1,1,128,1,1,16,0.000,0.000,,,,,NVIDIA A100-SXM4-40GB MIG 4g.20gb (0),1,,13,cupy_copy__complex64_complex64
4465259105,2688,284483,103,1,1,128,1,1,16,0.000,0.000,,,,,NVIDIA A100-SXM4-40GB MIG 4g.20gb (0),1,,13,cupy_copy__complex64_complex64
4465280001,2560,284490,35,1,1,128,1,1,16,0.000,0.000,,,,,NVIDIA A100-SXM4-40GB MIG 4g.20gb (0),1,,13,cupy_copy__complex64_complex64
4465298401,1792,284497,1,1,1,1,1,1,18,0.000,0.000,,,,,NVIDIA A100-SXM4-40GB MIG 4g.20gb (0),1,,13,cupy_copy__float32_float32
4465429087,87775,284508,1,1,1,32,32,1,30,0.000,0.000,,,,,NVIDIA A100-SXM4-40GB MIG 4g.20gb (0),1,,13,"void convert_kernel<__half2, float2>(tensor_layout_any, T1 *, tensor_layout_any, const T2 *)"
4465545182,5728,284511,,,,,,,,,,0.094,16357.541,Pinned,Device,NVIDIA A100-SXM4-40GB MIG 4g.20gb (0),1,,13,[CUDA memcpy Host-to-Device]
4465559390,3232,284512,,,,,,,,,,1.547,478533.199,Device,,NVIDIA A100-SXM4-40GB MIG 4g.20gb (0),1,,13,[CUDA memset]
4465566110,3040,284517,,,,,,,,,,0.031,10294.725,Pinned,Device,NVIDIA A100-SXM4-40GB MIG 4g.20gb (0),1,,13,[CUDA memcpy Host-to-Device]
4465571998,9663,284518,,,,,,,,,,0.197,20346.372,Pinned,Device,NVIDIA A100-SXM4-40GB MIG 4g.20gb (0),1,,13,[CUDA memcpy Host-to-Device]
4465587677,8416,284519,273,1,1,8,4,1,39,0.002,0.000,,,,,NVIDIA A100-SXM4-40GB MIG 4g.20gb (0),1,,13,"void channel_eq::eqMmseCoefCompLowMimoKernel<float, float, float, (unsigned int)4, (unsigned int)1, (unsigned int)4>(const channel_eq::_puschRxChEqStatDescr *, channel_eq::_puschRxChEqCoefCompDynDescr)"
4465597213,5312,284520,273,1,1,12,11,1,51,0.002,0.000,,,,,NVIDIA A100-SXM4-40GB MIG 4g.20gb (0),1,,13,"void channel_eq::eqMmseSoftDemapKernel<float, __half, __half, float, (unsigned int)4, (unsigned short)16383>(channel_eq::_puschRxChEqStatDescr *, channel_eq::_puschRxChEqSoftDemapDynDescr)"
4465604157,300860,284521,1,1,1,32,32,1,30,0.000,0.000,,,,,NVIDIA A100-SXM4-40GB MIG 4g.20gb (0),1,,13,"void convert_kernel<float2, __half2>(tensor_layout_any, T1 *, tensor_layout_any, const T2 *)"
4465906681,10880,284533,2253,1,1,128,1,1,16,0.000,0.000,,,,,NVIDIA A100-SXM4-40GB MIG 4g.20gb (0),1,,13,cupy_copy__float16_float16
4465919417,3264,284542,282,1,1,128,1,1,16,0.000,0.000,,,,,NVIDIA A100-SXM4-40GB MIG 4g.20gb (0),1,,13,cupy_copy__complex64_complex64
4465923833,2240,284551,26,1,1,128,1,1,16,0.000,0.000,,,,,NVIDIA A100-SXM4-40GB MIG 4g.20gb (0),1,,13,cupy_copy__float32_float32
4465928569,2880,284560,103,1,1,128,1,1,16,0.000,0.000,,,,,NVIDIA A100-SXM4-40GB MIG 4g.20gb (0),1,,13,cupy_copy__complex64_complex64
4465934393,12416,284570,1434,1,1,128,1,1,16,0.000,0.000,,,,,NVIDIA A100-SXM4-40GB MIG 4g.20gb (0),1,,13,cupy_copy__complex64_complex64
4465948985,86335,284575,1,1,1,32,32,1,30,0.000,0.000,,,,,NVIDIA A100-SXM4-40GB MIG 4g.20gb (0),1,,13,"void convert_kernel<__half2, float2>(tensor_layout_any, T1 *, tensor_layout_any, const T2 *)"
4466062680,6015,284578,,,,,,,,,,0.094,15577.054,Pinned,Device,NVIDIA A100-SXM4-40GB MIG 4g.20gb (0),1,,13,[CUDA memcpy Host-to-Device]
4466073079,596249,284579,,,,,,,,,,456.561,765653.535,Device,,NVIDIA A100-SXM4-40GB MIG 4g.20gb (0),1,,13,[CUDA memset]
4466674640,147134,284584,,,,,,,,,,1.235,8392.679,Pinned,Device,NVIDIA A100-SXM4-40GB MIG 4g.20gb (0),1,,13,[CUDA memcpy Host-to-Device]
4466830830,25632,284585,,,,,,,,,,0.197,7670.268,Pinned,Device,NVIDIA A100-SXM4-40GB MIG 4g.20gb (0),1,,13,[CUDA memcpy Host-to-Device]
4466874158,8543,284586,69,4,1,48,1,1,76,0.002,0.000,,,,,NVIDIA A100-SXM4-40GB MIG 4g.20gb (0),1,,13,"void ch_est::windowedChEstPreNoDftSOfdmKernel<float, __half, float, (unsigned int)2, (unsigned int)1, (unsigned short)4>(ch_est::puschRxChEstStatDescr_t *, ch_est::puschRxChEstDynDescr_t *)"
4466891949,6368,284587,137,2,1,24,2,1,44,0.001,0.001,,,,,NVIDIA A100-SXM4-40GB MIG 4g.20gb (0),1,,13,"void ch_est::chEstFilterNoDftSOfdmDispatchKernel<float, __half, float, (unsigned int)2>(ch_est::puschRxChEstStatDescr_t *, ch_est::puschRxChEstDynDescr_t *)"
4466906285,5024,284588,137,2,1,24,2,1,44,0.001,0.001,,,,,NVIDIA A100-SXM4-40GB MIG 4g.20gb (0),1,,13,"void ch_est::chEstFilterNoDftSOfdmDispatchKernel<float, __half, float, (unsigned int)2>(ch_est::puschRxChEstStatDescr_t *, ch_est::puschRxChEstDynDescr_t *)"
4466914509,2464,284599,103,1,1,128,1,1,16,0.000,0.000,,,,,NVIDIA A100-SXM4-40GB MIG 4g.20gb (0),1,,13,cupy_copy__complex64_complex64
4466923085,12992,284609,1434,1,1,128,1,1,16,0.000,0.000,,,,,NVIDIA A100-SXM4-40GB MIG 4g.20gb (0),1,,13,cupy_copy__complex64_complex64
4466938477,2848,284616,103,1,1,128,1,1,16,0.000,0.000,,,,,NVIDIA A100-SXM4-40GB MIG 4g.20gb (0),1,,13,cupy_copy__complex64_complex64
4466946605,89567,284623,1,1,1,32,32,1,30,0.000,0.000,,,,,NVIDIA A100-SXM4-40GB MIG 4g.20gb (0),1,,13,"void convert_kernel<__half2, float2>(tensor_layout_any, T1 *, tensor_layout_any, const T2 *)"
4467065483,14208,284626,,,,,,,,,,0.094,6594.512,Pinned,Device,NVIDIA A100-SXM4-40GB MIG 4g.20gb (0),1,,13,[CUDA memcpy Host-to-Device]
4467091467,47391,284627,,,,,,,,,,35.810,755625.122,Device,,NVIDIA A100-SXM4-40GB MIG 4g.20gb (0),1,,13,[CUDA memset]
4467146474,5984,284629,,,,,,,,,,0.000,13.369,Pinned,Device,NVIDIA A100-SXM4-40GB MIG 4g.20gb (0),1,,13,[CUDA memcpy Host-to-Device]
4467163690,19968,284630,,,,,,,,,,0.197,9846.129,Pinned,Device,NVIDIA A100-SXM4-40GB MIG 4g.20gb (0),1,,13,[CUDA memcpy Host-to-Device]
4467190506,9664,284631,273,1,1,48,1,1,40,0.000,0.001,,,,,NVIDIA A100-SXM4-40GB MIG 4g.20gb (0),1,,13,"void pusch_noise_intf_est::noiseIntfEstNoDftSOfdmKernel<float, __half, float, float, (unsigned int)2, (unsigned int)1, (unsigned char)4, (unsigned char)4>(pusch_noise_intf_est::puschRxNoiseIntfEstDynDescr)"
4467210441,2656,284642,35,1,1,128,1,1,16,0.000,0.000,,,,,NVIDIA A100-SXM4-40GB MIG 4g.20gb (0),1,,13,cupy_copy__complex64_complex64
4467220873,1728,284651,1,1,1,1,1,1,18,0.000,0.000,,,,,NVIDIA A100-SXM4-40GB MIG 4g.20gb (0),1,,13,cupy_copy__float32_float32
4467229737,7296,284657,,,,,,,,,,0.000,0.548,Device,Pageable,NVIDIA A100-SXM4-40GB MIG 4g.20gb (0),1,,7,[CUDA memcpy Device-to-Host]
4467310600,12832,284668,1434,1,1,128,1,1,16,0.000,0.000,,,,,NVIDIA A100-SXM4-40GB MIG 4g.20gb (0),1,,13,cupy_copy__complex64_complex64
4467341544,6784,284675,103,1,1,128,1,1,16,0.000,0.000,,,,,NVIDIA A100-SXM4-40GB MIG 4g.20gb (0),1,,13,cupy_copy__complex64_complex64
4467357000,2304,284682,35,1,1,128,1,1,16,0.000,0.000,,,,,NVIDIA A100-SXM4-40GB MIG 4g.20gb (0),1,,13,cupy_copy__complex64_complex64
4467378855,1888,284689,1,1,1,1,1,1,18,0.000,0.000,,,,,NVIDIA A100-SXM4-40GB MIG 4g.20gb (0),1,,13,cupy_copy__float32_float32
4467501350,82687,284700,1,1,1,32,32,1,30,0.000,0.000,,,,,NVIDIA A100-SXM4-40GB MIG 4g.20gb (0),1,,13,"void convert_kernel<__half2, float2>(tensor_layout_any, T1 *, tensor_layout_any, const T2 *)"
4467611620,5824,284703,,,,,,,,,,0.094,16087.884,Pinned,Device,NVIDIA A100-SXM4-40GB MIG 4g.20gb (0),1,,13,[CUDA memcpy Host-to-Device]
4467626596,3392,284704,,,,,,,,,,1.547,455961.768,Device,,NVIDIA A100-SXM4-40GB MIG 4g.20gb (0),1,,13,[CUDA memset]
4467633188,3136,284709,,,,,,,,,,0.031,9979.575,Pinned,Device,NVIDIA A100-SXM4-40GB MIG 4g.20gb (0),1,,13,[CUDA memcpy Host-to-Device]
4467638724,9920,284710,,,,,,,,,,0.197,19819.266,Pinned,Device,NVIDIA A100-SXM4-40GB MIG 4g.20gb (0),1,,13,[CUDA memcpy Host-to-Device]
4467654148,6016,284711,273,1,1,8,4,1,39,0.002,0.000,,,,,NVIDIA A100-SXM4-40GB MIG 4g.20gb (0),1,,13,"void channel_eq::eqMmseCoefCompLowMimoKernel<float, float, float, (unsigned int)4, (unsigned int)1, (unsigned int)4>(const channel_eq::_puschRxChEqStatDescr *, channel_eq::_puschRxChEqCoefCompDynDescr)"
4467663556,5280,284712,273,1,1,12,11,1,51,0.002,0.000,,,,,NVIDIA A100-SXM4-40GB MIG 4g.20gb (0),1,,13,"void channel_eq::eqMmseSoftDemapKernel<float, __half, __half, float, (unsigned int)4, (unsigned short)16383>(channel_eq::_puschRxChEqStatDescr *, channel_eq::_puschRxChEqSoftDemapDynDescr)"
4467670884,282876,284713,1,1,1,32,32,1,30,0.000,0.000,,,,,NVIDIA A100-SXM4-40GB MIG 4g.20gb (0),1,,13,"void convert_kernel<float2, __half2>(tensor_layout_any, T1 *, tensor_layout_any, const T2 *)"
4467955008,10944,284725,2253,1,1,128,1,1,16,0.000,0.000,,,,,NVIDIA A100-SXM4-40GB MIG 4g.20gb (0),1,,13,cupy_copy__float16_float16
4467969088,3584,284734,282,1,1,128,1,1,16,0.000,0.000,,,,,NVIDIA A100-SXM4-40GB MIG 4g.20gb (0),1,,13,cupy_copy__complex64_complex64
4467975200,2112,284743,26,1,1,128,1,1,16,0.000,0.000,,,,,NVIDIA A100-SXM4-40GB MIG 4g.20gb (0),1,,13,cupy_copy__float32_float32
4467979136,3968,284752,103,1,1,128,1,1,16,0.000,0.000,,,,,NVIDIA A100-SXM4-40GB MIG 4g.20gb (0),1,,13,cupy_copy__complex64_complex64
4467985984,12128,284762,1434,1,1,128,1,1,16,0.000,0.000,,,,,NVIDIA A100-SXM4-40GB MIG 4g.20gb (0),1,,13,cupy_copy__complex64_complex64
4468004288,86815,284767,1,1,1,32,32,1,30,0.000,0.000,,,,,NVIDIA A100-SXM4-40GB MIG 4g.20gb (0),1,,13,"void convert_kernel<__half2, float2>(tensor_layout_any, T1 *, tensor_layout_any, const T2 *)"
4468118014,5536,284770,,,,,,,,,,0.094,16924.777,Pinned,Device,NVIDIA A100-SXM4-40GB MIG 4g.20gb (0),1,,13,[CUDA memcpy Host-to-Device]
4468127678,595961,284771,,,,,,,,,,456.561,765653.535,Device,,NVIDIA A100-SXM4-40GB MIG 4g.20gb (0),1,,13,[CUDA memset]
4468728855,128414,284776,,,,,,,,,,1.235,9616.509,Pinned,Device,NVIDIA A100-SXM4-40GB MIG 4g.20gb (0),1,,13,[CUDA memcpy Host-to-Device]
4468863957,32928,284777,,,,,,,,,,0.197,5970.788,Pinned,Device,NVIDIA A100-SXM4-40GB MIG 4g.20gb (0),1,,13,[CUDA memcpy Host-to-Device]
4468917556,8160,284778,69,4,1,48,1,1,76,0.002,0.000,,,,,NVIDIA A100-SXM4-40GB MIG 4g.20gb (0),1,,13,"void ch_est::windowedChEstPreNoDftSOfdmKernel<float, __half, float, (unsigned int)2, (unsigned int)1, (unsigned short)4>(ch_est::puschRxChEstStatDescr_t *, ch_est::puschRxChEstDynDescr_t *)"
4468932404,6688,284779,137,2,1,24,2,1,44,0.001,0.001,,,,,NVIDIA A100-SXM4-40GB MIG 4g.20gb (0),1,,13,"void ch_est::chEstFilterNoDftSOfdmDispatchKernel<float, __half, float, (unsigned int)2>(ch_est::puschRxChEstStatDescr_t *, ch_est::puschRxChEstDynDescr_t *)"
4468945364,4768,284780,137,2,1,24,2,1,44,0.001,0.001,,,,,NVIDIA A100-SXM4-40GB MIG 4g.20gb (0),1,,13,"void ch_est::chEstFilterNoDftSOfdmDispatchKernel<float, __half, float, (unsigned int)2>(ch_est::puschRxChEstStatDescr_t *, ch_est::puschRxChEstDynDescr_t *)"
4468958644,2528,284791,103,1,1,128,1,1,16,0.000,0.000,,,,,NVIDIA A100-SXM4-40GB MIG 4g.20gb (0),1,,13,cupy_copy__complex64_complex64
4468971860,12544,284801,1434,1,1,128,1,1,16,0.000,0.000,,,,,NVIDIA A100-SXM4-40GB MIG 4g.20gb (0),1,,13,cupy_copy__complex64_complex64
4469004403,2752,284808,103,1,1,128,1,1,16,0.000,0.000,,,,,NVIDIA A100-SXM4-40GB MIG 4g.20gb (0),1,,13,cupy_copy__complex64_complex64
4469016531,87839,284815,1,1,1,32,32,1,30,0.000,0.000,,,,,NVIDIA A100-SXM4-40GB MIG 4g.20gb (0),1,,13,"void convert_kernel<__half2, float2>(tensor_layout_any, T1 *, tensor_layout_any, const T2 *)"
4469131858,6208,284818,,,,,,,,,,0.094,15092.739,Pinned,Device,NVIDIA A100-SXM4-40GB MIG 4g.20gb (0),1,,13,[CUDA memcpy Host-to-Device]
4469146546,46015,284819,,,,,,,,,,35.810,778221.181,Device,,NVIDIA A100-SXM4-40GB MIG 4g.20gb (0),1,,13,[CUDA memset]
4469198545,3552,284821,,,,,,,,,,0.000,22.522,Pinned,Device,NVIDIA A100-SXM4-40GB MIG 4g.20gb (0),1,,13,[CUDA memcpy Host-to-Device]
4469206865,13056,284822,,,,,,,,,,0.197,15058.797,Pinned,Device,NVIDIA A100-SXM4-40GB MIG 4g.20gb (0),1,,13,[CUDA memcpy Host-to-Device]
4469229169,12287,284823,273,1,1,48,1,1,40,0.000,0.001,,,,,NVIDIA A100-SXM4-40GB MIG 4g.20gb (0),1,,13,"void pusch_noise_intf_est::noiseIntfEstNoDftSOfdmKernel<float, __half, float, float, (unsigned int)2, (unsigned int)1, (unsigned char)4, (unsigned char)4>(pusch_noise_intf_est::puschRxNoiseIntfEstDynDescr)"
4469244432,2848,284834,35,1,1,128,1,1,16,0.000,0.000,,,,,NVIDIA A100-SXM4-40GB MIG 4g.20gb (0),1,,13,cupy_copy__complex64_complex64
4469254096,2080,284843,1,1,1,1,1,1,18,0.000,0.000,,,,,NVIDIA A100-SXM4-40GB MIG 4g.20gb (0),1,,13,cupy_copy__float32_float32
4469283984,2016,284849,,,,,,,,,,0.000,1.984,Device,Pageable,NVIDIA A100-SXM4-40GB MIG 4g.20gb (0),1,,7,[CUDA memcpy Device-to-Host]
4469343503,12896,284860,1434,1,1,128,1,1,16,0.000,0.000,,,,,NVIDIA A100-SXM4-40GB MIG 4g.20gb (0),1,,13,cupy_copy__complex64_complex64
4469371183,3488,284867,103,1,1,128,1,1,16,0.000,0.000,,,,,NVIDIA A100-SXM4-40GB MIG 4g.20gb (0),1,,13,cupy_copy__complex64_complex64
4469391471,2751,284874,35,1,1,128,1,1,16,0.000,0.000,,,,,NVIDIA A100-SXM4-40GB MIG 4g.20gb (0),1,,13,cupy_copy__complex64_complex64
4469409646,1856,284881,1,1,1,1,1,1,18,0.000,0.000,,,,,NVIDIA A100-SXM4-40GB MIG 4g.20gb (0),1,,13,cupy_copy__float32_float32
4469541805,86303,284892,1,1,1,32,32,1,30,0.000,0.000,,,,,NVIDIA A100-SXM4-40GB MIG 4g.20gb (0),1,,13,"void convert_kernel<__half2, float2>(tensor_layout_any, T1 *, tensor_layout_any, const T2 *)"
4469655915,5792,284895,,,,,,,,,,0.094,16176.708,Pinned,Device,NVIDIA A100-SXM4-40GB MIG 4g.20gb (0),1,,13,[CUDA memcpy Host-to-Device]
4469671307,3136,284896,,,,,,,,,,1.547,493182.821,Device,,NVIDIA A100-SXM4-40GB MIG 4g.20gb (0),1,,13,[CUDA memset]
4469677067,3232,284901,,,,,,,,,,0.031,9683.139,Pinned,Device,NVIDIA A100-SXM4-40GB MIG 4g.20gb (0),1,,13,[CUDA memcpy Host-to-Device]
4469682923,9760,284902,,,,,,,,,,0.197,20144.259,Pinned,Device,NVIDIA A100-SXM4-40GB MIG 4g.20gb (0),1,,13,[CUDA memcpy Host-to-Device]
4469700523,6048,284903,273,1,1,8,4,1,39,0.002,0.000,,,,,NVIDIA A100-SXM4-40GB MIG 4g.20gb (0),1,,13,"void channel_eq::eqMmseCoefCompLowMimoKernel<float, float, float, (unsigned int)4, (unsigned int)1, (unsigned int)4>(const channel_eq::_puschRxChEqStatDescr *, channel_eq::_puschRxChEqCoefCompDynDescr)"
4469707755,6176,284904,273,1,1,12,11,1,51,0.002,0.000,,,,,NVIDIA A100-SXM4-40GB MIG 4g.20gb (0),1,,13,"void channel_eq::eqMmseSoftDemapKernel<float, __half, __half, float, (unsigned int)4, (unsigned short)16383>(channel_eq::_puschRxChEqStatDescr *, channel_eq::_puschRxChEqSoftDemapDynDescr)"
4469714987,282684,284905,1,1,1,32,32,1,30,0.000,0.000,,,,,NVIDIA A100-SXM4-40GB MIG 4g.20gb (0),1,,13,"void convert_kernel<float2, __half2>(tensor_layout_any, T1 *, tensor_layout_any, const T2 *)"
4470000583,11008,284917,2253,1,1,128,1,1,16,0.000,0.000,,,,,NVIDIA A100-SXM4-40GB MIG 4g.20gb (0),1,,13,cupy_copy__float16_float16
4470016455,2880,284926,282,1,1,128,1,1,16,0.000,0.000,,,,,NVIDIA A100-SXM4-40GB MIG 4g.20gb (0),1,,13,cupy_copy__complex64_complex64
4470022791,2272,284935,26,1,1,128,1,1,16,0.000,0.000,,,,,NVIDIA A100-SXM4-40GB MIG 4g.20gb (0),1,,13,cupy_copy__float32_float32
4470028391,3232,284944,103,1,1,128,1,1,16,0.000,0.000,,,,,NVIDIA A100-SXM4-40GB MIG 4g.20gb (0),1,,13,cupy_copy__complex64_complex64
4470034567,11999,284954,1434,1,1,128,1,1,16,0.000,0.000,,,,,NVIDIA A100-SXM4-40GB MIG 4g.20gb (0),1,,13,cupy_copy__complex64_complex64
4470050694,87743,284959,1,1,1,32,32,1,30,0.000,0.000,,,,,NVIDIA A100-SXM4-40GB MIG 4g.20gb (0),1,,13,"void convert_kernel<__half2, float2>(tensor_layout_any, T1 *, tensor_layout_any, const T2 *)"
4470165765,5856,284962,,,,,,,,,,0.094,15999.997,Pinned,Device,NVIDIA A100-SXM4-40GB MIG 4g.20gb (0),1,,13,[CUDA memcpy Host-to-Device]
4470175941,597369,284963,,,,,,,,,,456.561,764283.851,Device,,NVIDIA A100-SXM4-40GB MIG 4g.20gb (0),1,,13,[CUDA memset]
4470782109,173214,284968,,,,,,,,,,1.235,7129.332,Pinned,Device,NVIDIA A100-SXM4-40GB MIG 4g.20gb (0),1,,13,[CUDA memcpy Host-to-Device]
4470971163,42368,284969,,,,,,,,,,0.197,4640.342,Pinned,Device,NVIDIA A100-SXM4-40GB MIG 4g.20gb (0),1,,13,[CUDA memcpy Host-to-Device]
4471030074,8288,284970,69,4,1,48,1,1,76,0.002,0.000,,,,,NVIDIA A100-SXM4-40GB MIG 4g.20gb (0),1,,13,"void ch_est::windowedChEstPreNoDftSOfdmKernel<float, __half, float, (unsigned int)2, (unsigned int)1, (unsigned short)4>(ch_est::puschRxChEstStatDescr_t *, ch_est::puschRxChEstDynDescr_t *)"
4471046042,6816,284971,137,2,1,24,2,1,44,0.001,0.001,,,,,NVIDIA A100-SXM4-40GB MIG 4g.20gb (0),1,,13,"void ch_est::chEstFilterNoDftSOfdmDispatchKernel<float, __half, float, (unsigned int)2>(ch_est::puschRxChEstStatDescr_t *, ch_est::puschRxChEstDynDescr_t *)"
4471063418,4800,284972,137,2,1,24,2,1,44,0.001,0.001,,,,,NVIDIA A100-SXM4-40GB MIG 4g.20gb (0),1,,13,"void ch_est::chEstFilterNoDftSOfdmDispatchKernel<float, __half, float, (unsigned int)2>(ch_est::puschRxChEstStatDescr_t *, ch_est::puschRxChEstDynDescr_t *)"
4471077786,2720,284983,103,1,1,128,1,1,16,0.000,0.000,,,,,NVIDIA A100-SXM4-40GB MIG 4g.20gb (0),1,,13,cupy_copy__complex64_complex64
4471092186,12383,284993,1434,1,1,128,1,1,16,0.000,0.000,,,,,NVIDIA A100-SXM4-40GB MIG 4g.20gb (0),1,,13,cupy_copy__complex64_complex64
4471125369,2400,285000,103,1,1,128,1,1,16,0.000,0.000,,,,,NVIDIA A100-SXM4-40GB MIG 4g.20gb (0),1,,13,cupy_copy__complex64_complex64
4471144441,82879,285007,1,1,1,32,32,1,30,0.000,0.000,,,,,NVIDIA A100-SXM4-40GB MIG 4g.20gb (0),1,,13,"void convert_kernel<__half2, float2>(tensor_layout_any, T1 *, tensor_layout_any, const T2 *)"
4471257272,12383,285010,,,,,,,,,,0.094,7566.420,Pinned,Device,NVIDIA A100-SXM4-40GB MIG 4g.20gb (0),1,,13,[CUDA memcpy Host-to-Device]
4471282935,47488,285011,,,,,,,,,,35.810,754049.485,Device,,NVIDIA A100-SXM4-40GB MIG 4g.20gb (0),1,,13,[CUDA memset]
4471335927,4704,285013,,,,,,,,,,0.000,17.007,Pinned,Device,NVIDIA A100-SXM4-40GB MIG 4g.20gb (0),1,,13,[CUDA memcpy Host-to-Device]
4471347222,10976,285014,,,,,,,,,,0.197,17912.365,Pinned,Device,NVIDIA A100-SXM4-40GB MIG 4g.20gb (0),1,,13,[CUDA memcpy Host-to-Device]
4471368950,12064,285015,273,1,1,48,1,1,40,0.000,0.001,,,,,NVIDIA A100-SXM4-40GB MIG 4g.20gb (0),1,,13,"void pusch_noise_intf_est::noiseIntfEstNoDftSOfdmKernel<float, __half, float, float, (unsigned int)2, (unsigned int)1, (unsigned char)4, (unsigned char)4>(pusch_noise_intf_est::puschRxNoiseIntfEstDynDescr)"
4471386038,2720,285026,35,1,1,128,1,1,16,0.000,0.000,,,,,NVIDIA A100-SXM4-40GB MIG 4g.20gb (0),1,,13,cupy_copy__complex64_complex64
4471390902,1760,285035,1,1,1,1,1,1,18,0.000,0.000,,,,,NVIDIA A100-SXM4-40GB MIG 4g.20gb (0),1,,13,cupy_copy__float32_float32
4471408214,2144,285041,,,,,,,,,,0.000,1.866,Device,Pageable,NVIDIA A100-SXM4-40GB MIG 4g.20gb (0),1,,7,[CUDA memcpy Device-to-Host]
4471471637,13216,285052,1434,1,1,128,1,1,16,0.000,0.000,,,,,NVIDIA A100-SXM4-40GB MIG 4g.20gb (0),1,,13,cupy_copy__complex64_complex64
4471496597,3072,285059,103,1,1,128,1,1,16,0.000,0.000,,,,,NVIDIA A100-SXM4-40GB MIG 4g.20gb (0),1,,13,cupy_copy__complex64_complex64
4471518516,2560,285066,35,1,1,128,1,1,16,0.000,0.000,,,,,NVIDIA A100-SXM4-40GB MIG 4g.20gb (0),1,,13,cupy_copy__complex64_complex64
4471538196,1952,285073,1,1,1,1,1,1,18,0.000,0.000,,,,,NVIDIA A100-SXM4-40GB MIG 4g.20gb (0),1,,13,cupy_copy__float32_float32
4471668562,82399,285084,1,1,1,32,32,1,30,0.000,0.000,,,,,NVIDIA A100-SXM4-40GB MIG 4g.20gb (0),1,,13,"void convert_kernel<__half2, float2>(tensor_layout_any, T1 *, tensor_layout_any, const T2 *)"
4471779889,5920,285087,,,,,,,,,,0.094,15826.941,Pinned,Device,NVIDIA A100-SXM4-40GB MIG 4g.20gb (0),1,,13,[CUDA memcpy Host-to-Device]
4471794385,3296,285088,,,,,,,,,,1.547,469242.628,Device,,NVIDIA A100-SXM4-40GB MIG 4g.20gb (0),1,,13,[CUDA memset]
4471800977,3296,285093,,,,,,,,,,0.031,9495.144,Pinned,Device,NVIDIA A100-SXM4-40GB MIG 4g.20gb (0),1,,13,[CUDA memcpy Host-to-Device]
4471807121,9856,285094,,,,,,,,,,0.197,19948.044,Pinned,Device,NVIDIA A100-SXM4-40GB MIG 4g.20gb (0),1,,13,[CUDA memcpy Host-to-Device]
4471821521,6304,285095,273,1,1,8,4,1,39,0.002,0.000,,,,,NVIDIA A100-SXM4-40GB MIG 4g.20gb (0),1,,13,"void channel_eq::eqMmseCoefCompLowMimoKernel<float, float, float, (unsigned int)4, (unsigned int)1, (unsigned int)4>(const channel_eq::_puschRxChEqStatDescr *, channel_eq::_puschRxChEqCoefCompDynDescr)"
4471831216,5632,285096,273,1,1,12,11,1,51,0.002,0.000,,,,,NVIDIA A100-SXM4-40GB MIG 4g.20gb (0),1,,13,"void channel_eq::eqMmseSoftDemapKernel<float, __half, __half, float, (unsigned int)4, (unsigned short)16383>(channel_eq::_puschRxChEqStatDescr *, channel_eq::_puschRxChEqSoftDemapDynDescr)"
4471838064,292285,285097,1,1,1,32,32,1,30,0.000,0.000,,,,,NVIDIA A100-SXM4-40GB MIG 4g.20gb (0),1,,13,"void convert_kernel<float2, __half2>(tensor_layout_any, T1 *, tensor_layout_any, const T2 *)"
4472131277,11104,285109,2253,1,1,128,1,1,16,0.000,0.000,,,,,NVIDIA A100-SXM4-40GB MIG 4g.20gb (0),1,,13,cupy_copy__float16_float16
4472145517,2752,285118,282,1,1,128,1,1,16,0.000,0.000,,,,,NVIDIA A100-SXM4-40GB MIG 4g.20gb (0),1,,13,cupy_copy__complex64_complex64
4472151309,2015,285127,26,1,1,128,1,1,16,0.000,0.000,,,,,NVIDIA A100-SXM4-40GB MIG 4g.20gb (0),1,,13,cupy_copy__float32_float32
4472156044,4736,285136,103,1,1,128,1,1,16,0.000,0.000,,,,,NVIDIA A100-SXM4-40GB MIG 4g.20gb (0),1,,13,cupy_copy__complex64_complex64
4472163308,12256,285146,1434,1,1,128,1,1,16,0.000,0.000,,,,,NVIDIA A100-SXM4-40GB MIG 4g.20gb (0),1,,13,cupy_copy__complex64_complex64
4472178092,85727,285151,1,1,1,32,32,1,30,0.000,0.000,,,,,NVIDIA A100-SXM4-40GB MIG 4g.20gb (0),1,,13,"void convert_kernel<__half2, float2>(tensor_layout_any, T1 *, tensor_layout_any, const T2 *)"
4472290891,6080,285154,,,,,,,,,,0.094,15410.462,Pinned,Device,NVIDIA A100-SXM4-40GB MIG 4g.20gb (0),1,,13,[CUDA memcpy Host-to-Device]
4472302475,596888,285155,,,,,,,,,,456.561,764740.412,Device,,NVIDIA A100-SXM4-40GB MIG 4g.20gb (0),1,,13,[CUDA memset]
4472906019,123807,285160,,,,,,,,,,1.235,9974.643,Pinned,Device,NVIDIA A100-SXM4-40GB MIG 4g.20gb (0),1,,13,[CUDA memcpy Host-to-Device]
4473042434,40639,285161,,,,,,,,,,0.197,4837.736,Pinned,Device,NVIDIA A100-SXM4-40GB MIG 4g.20gb (0),1,,13,[CUDA memcpy Host-to-Device]
4473100385,8256,285162,69,4,1,48,1,1,76,0.002,0.000,,,,,NVIDIA A100-SXM4-40GB MIG 4g.20gb (0),1,,13,"void ch_est::windowedChEstPreNoDftSOfdmKernel<float, __half, float, (unsigned int)2, (unsigned int)1, (unsigned short)4>(ch_est::puschRxChEstStatDescr_t *, ch_est::puschRxChEstDynDescr_t *)"
4473118177,6848,285163,137,2,1,24,2,1,44,0.001,0.001,,,,,NVIDIA A100-SXM4-40GB MIG 4g.20gb (0),1,,13,"void ch_est::chEstFilterNoDftSOfdmDispatchKernel<float, __half, float, (unsigned int)2>(ch_est::puschRxChEstStatDescr_t *, ch_est::puschRxChEstDynDescr_t *)"
4473135424,4704,285164,137,2,1,24,2,1,44,0.001,0.001,,,,,NVIDIA A100-SXM4-40GB MIG 4g.20gb (0),1,,13,"void ch_est::chEstFilterNoDftSOfdmDispatchKernel<float, __half, float, (unsigned int)2>(ch_est::puschRxChEstStatDescr_t *, ch_est::puschRxChEstDynDescr_t *)"
4473153728,2688,285175,103,1,1,128,1,1,16,0.000,0.000,,,,,NVIDIA A100-SXM4-40GB MIG 4g.20gb (0),1,,13,cupy_copy__complex64_complex64
4473170656,12640,285185,1434,1,1,128,1,1,16,0.000,0.000,,,,,NVIDIA A100-SXM4-40GB MIG 4g.20gb (0),1,,13,cupy_copy__complex64_complex64
4473189472,2912,285192,103,1,1,128,1,1,16,0.000,0.000,,,,,NVIDIA A100-SXM4-40GB MIG 4g.20gb (0),1,,13,cupy_copy__complex64_complex64
4473212479,83263,285199,1,1,1,32,32,1,30,0.000,0.000,,,,,NVIDIA A100-SXM4-40GB MIG 4g.20gb (0),1,,13,"void convert_kernel<__half2, float2>(tensor_layout_any, T1 *, tensor_layout_any, const T2 *)"
4473328318,26656,285202,,,,,,,,,,0.094,3515.005,Pinned,Device,NVIDIA A100-SXM4-40GB MIG 4g.20gb (0),1,,13,[CUDA memcpy Host-to-Device]
4473385949,46944,285203,,,,,,,,,,35.810,762787.106,Device,,NVIDIA A100-SXM4-40GB MIG 4g.20gb (0),1,,13,[CUDA memset]
4473440925,8384,285205,,,,,,,,,,0.000,9.542,Pinned,Device,NVIDIA A100-SXM4-40GB MIG 4g.20gb (0),1,,13,[CUDA memcpy Host-to-Device]
4473463292,25664,285206,,,,,,,,,,0.197,7660.831,Pinned,Device,NVIDIA A100-SXM4-40GB MIG 4g.20gb (0),1,,13,[CUDA memcpy Host-to-Device]
4473508124,9568,285207,273,1,1,48,1,1,40,0.000,0.001,,,,,NVIDIA A100-SXM4-40GB MIG 4g.20gb (0),1,,13,"void pusch_noise_intf_est::noiseIntfEstNoDftSOfdmKernel<float, __half, float, float, (unsigned int)2, (unsigned int)1, (unsigned char)4, (unsigned char)4>(pusch_noise_intf_est::puschRxNoiseIntfEstDynDescr)"
4473524604,2752,285218,35,1,1,128,1,1,16,0.000,0.000,,,,,NVIDIA A100-SXM4-40GB MIG 4g.20gb (0),1,,13,cupy_copy__complex64_complex64
4473540699,1696,285227,1,1,1,1,1,1,18,0.000,0.000,,,,,NVIDIA A100-SXM4-40GB MIG 4g.20gb (0),1,,13,cupy_copy__float32_float32
4473548763,7136,285233,,,,,,,,,,0.000,0.561,Device,Pageable,NVIDIA A100-SXM4-40GB MIG 4g.20gb (0),1,,7,[CUDA memcpy Device-to-Host]
4473633562,12864,285244,1434,1,1,128,1,1,16,0.000,0.000,,,,,NVIDIA A100-SXM4-40GB MIG 4g.20gb (0),1,,13,cupy_copy__complex64_complex64
4473668250,3296,285251,103,1,1,128,1,1,16,0.000,0.000,,,,,NVIDIA A100-SXM4-40GB MIG 4g.20gb (0),1,,13,cupy_copy__complex64_complex64
4473685914,2592,285258,35,1,1,128,1,1,16,0.000,0.000,,,,,NVIDIA A100-SXM4-40GB MIG 4g.20gb (0),1,,13,cupy_copy__complex64_complex64
4473699225,1792,285265,1,1,1,1,1,1,18,0.000,0.000,,,,,NVIDIA A100-SXM4-40GB MIG 4g.20gb (0),1,,13,cupy_copy__float32_float32
4473826008,82527,285276,1,1,1,32,32,1,30,0.000,0.000,,,,,NVIDIA A100-SXM4-40GB MIG 4g.20gb (0),1,,13,"void convert_kernel<__half2, float2>(tensor_layout_any, T1 *, tensor_layout_any, const T2 *)"
4473936279,6015,285279,,,,,,,,,,0.094,15577.054,Pinned,Device,NVIDIA A100-SXM4-40GB MIG 4g.20gb (0),1,,13,[CUDA memcpy Host-to-Device]
4473951414,3424,285280,,,,,,,,,,1.547,451700.819,Device,,NVIDIA A100-SXM4-40GB MIG 4g.20gb (0),1,,13,[CUDA memset]
4473957558,3168,285285,,,,,,,,,,0.031,9878.770,Pinned,Device,NVIDIA A100-SXM4-40GB MIG 4g.20gb (0),1,,13,[CUDA memcpy Host-to-Device]
4473963478,9952,285286,,,,,,,,,,0.197,19755.565,Pinned,Device,NVIDIA A100-SXM4-40GB MIG 4g.20gb (0),1,,13,[CUDA memcpy Host-to-Device]
4473978422,6976,285287,273,1,1,8,4,1,39,0.002,0.000,,,,,NVIDIA A100-SXM4-40GB MIG 4g.20gb (0),1,,13,"void channel_eq::eqMmseCoefCompLowMimoKernel<float, float, float, (unsigned int)4, (unsigned int)1, (unsigned int)4>(const channel_eq::_puschRxChEqStatDescr *, channel_eq::_puschRxChEqCoefCompDynDescr)"
4473986518,6496,285288,273,1,1,12,11,1,51,0.002,0.000,,,,,NVIDIA A100-SXM4-40GB MIG 4g.20gb (0),1,,13,"void channel_eq::eqMmseSoftDemapKernel<float, __half, __half, float, (unsigned int)4, (unsigned short)16383>(channel_eq::_puschRxChEqStatDescr *, channel_eq::_puschRxChEqSoftDemapDynDescr)"
4473993974,283004,285289,1,1,1,32,32,1,30,0.000,0.000,,,,,NVIDIA A100-SXM4-40GB MIG 4g.20gb (0),1,,13,"void convert_kernel<float2, __half2>(tensor_layout_any, T1 *, tensor_layout_any, const T2 *)"
4474281074,11040,285301,2253,1,1,128,1,1,16,0.000,0.000,,,,,NVIDIA A100-SXM4-40GB MIG 4g.20gb (0),1,,13,cupy_copy__float16_float16
4474295602,3552,285310,282,1,1,128,1,1,16,0.000,0.000,,,,,NVIDIA A100-SXM4-40GB MIG 4g.20gb (0),1,,13,cupy_copy__complex64_complex64
4474302578,2080,285319,26,1,1,128,1,1,16,0.000,0.000,,,,,NVIDIA A100-SXM4-40GB MIG 4g.20gb (0),1,,13,cupy_copy__float32_float32
4474306802,3808,285328,103,1,1,128,1,1,16,0.000,0.000,,,,,NVIDIA A100-SXM4-40GB MIG 4g.20gb (0),1,,13,cupy_copy__complex64_complex64
4474311634,11808,285338,1434,1,1,128,1,1,16,0.000,0.000,,,,,NVIDIA A100-SXM4-40GB MIG 4g.20gb (0),1,,13,cupy_copy__complex64_complex64
4474328530,82687,285343,1,1,1,32,32,1,30,0.000,0.000,,,,,NVIDIA A100-SXM4-40GB MIG 4g.20gb (0),1,,13,"void convert_kernel<__half2, float2>(tensor_layout_any, T1 *, tensor_layout_any, const T2 *)"
4474438384,5760,285346,,,,,,,,,,0.094,16266.656,Pinned,Device,NVIDIA A100-SXM4-40GB MIG 4g.20gb (0),1,,13,[CUDA memcpy Host-to-Device]
4474448624,599705,285347,,,,,,,,,,456.561,761087.920,Device,,NVIDIA A100-SXM4-40GB MIG 4g.20gb (0),1,,13,[CUDA memset]
4475055049,58015,285352,,,,,,,,,,1.235,21285.495,Pinned,Device,NVIDIA A100-SXM4-40GB MIG 4g.20gb (0),1,,13,[CUDA memcpy Host-to-Device]
4475116840,10112,285353,,,,,,,,,,0.197,19442.958,Pinned,Device,NVIDIA A100-SXM4-40GB MIG 4g.20gb (0),1,,13,[CUDA memcpy Host-to-Device]
4475131464,7648,285354,69,4,1,48,1,1,76,0.002,0.000,,,,,NVIDIA A100-SXM4-40GB MIG 4g.20gb (0),1,,13,"void ch_est::windowedChEstPreNoDftSOfdmKernel<float, __half, float, (unsigned int)2, (unsigned int)1, (unsigned short)4>(ch_est::puschRxChEstStatDescr_t *, ch_est::puschRxChEstDynDescr_t *)"
4475143592,6496,285355,137,2,1,24,2,1,44,0.001,0.001,,,,,NVIDIA A100-SXM4-40GB MIG 4g.20gb (0),1,,13,"void ch_est::chEstFilterNoDftSOfdmDispatchKernel<float, __half, float, (unsigned int)2>(ch_est::puschRxChEstStatDescr_t *, ch_est::puschRxChEstDynDescr_t *)"
4475152200,5055,285356,137,2,1,24,2,1,44,0.001,0.001,,,,,NVIDIA A100-SXM4-40GB MIG 4g.20gb (0),1,,13,"void ch_est::chEstFilterNoDftSOfdmDispatchKernel<float, __half, float, (unsigned int)2>(ch_est::puschRxChEstStatDescr_t *, ch_est::puschRxChEstDynDescr_t *)"
4475159431,2496,285367,103,1,1,128,1,1,16,0.000,0.000,,,,,NVIDIA A100-SXM4-40GB MIG 4g.20gb (0),1,,13,cupy_copy__complex64_complex64
4475166471,12608,285377,1434,1,1,128,1,1,16,0.000,0.000,,,,,NVIDIA A100-SXM4-40GB MIG 4g.20gb (0),1,,13,cupy_copy__complex64_complex64
4475183623,2464,285384,103,1,1,128,1,1,16,0.000,0.000,,,,,NVIDIA A100-SXM4-40GB MIG 4g.20gb (0),1,,13,cupy_copy__complex64_complex64
4475189095,82591,285391,1,1,1,32,32,1,30,0.000,0.000,,,,,NVIDIA A100-SXM4-40GB MIG 4g.20gb (0),1,,13,"void convert_kernel<__half2, float2>(tensor_layout_any, T1 *, tensor_layout_any, const T2 *)"
4475299942,5440,285394,,,,,,,,,,0.094,17223.480,Pinned,Device,NVIDIA A100-SXM4-40GB MIG 4g.20gb (0),1,,13,[CUDA memcpy Host-to-Device]
4475312518,46367,285395,,,,,,,,,,35.810,772312.545,Device,,NVIDIA A100-SXM4-40GB MIG 4g.20gb (0),1,,13,[CUDA memset]
4475366021,3328,285397,,,,,,,,,,0.000,24.038,Pinned,Device,NVIDIA A100-SXM4-40GB MIG 4g.20gb (0),1,,13,[CUDA memcpy Host-to-Device]
4475373637,13024,285398,,,,,,,,,,0.197,15095.759,Pinned,Device,NVIDIA A100-SXM4-40GB MIG 4g.20gb (0),1,,13,[CUDA memcpy Host-to-Device]
4475396741,10175,285399,273,1,1,48,1,1,40,0.000,0.001,,,,,NVIDIA A100-SXM4-40GB MIG 4g.20gb (0),1,,13,"void pusch_noise_intf_est::noiseIntfEstNoDftSOfdmKernel<float, __half, float, float, (unsigned int)2, (unsigned int)1, (unsigned char)4, (unsigned char)4>(pusch_noise_intf_est::puschRxNoiseIntfEstDynDescr)"
4475411332,2784,285410,35,1,1,128,1,1,16,0.000,0.000,,,,,NVIDIA A100-SXM4-40GB MIG 4g.20gb (0),1,,13,cupy_copy__complex64_complex64
4475423684,1856,285419,1,1,1,1,1,1,18,0.000,0.000,,,,,NVIDIA A100-SXM4-40GB MIG 4g.20gb (0),1,,13,cupy_copy__float32_float32
4475454532,1600,285425,,,,,,,,,,0.000,2.500,Device,Pageable,NVIDIA A100-SXM4-40GB MIG 4g.20gb (0),1,,7,[CUDA memcpy Device-to-Host]
4475513731,12960,285436,1434,1,1,128,1,1,16,0.000,0.000,,,,,NVIDIA A100-SXM4-40GB MIG 4g.20gb (0),1,,13,cupy_copy__complex64_complex64
4475541507,3456,285443,103,1,1,128,1,1,16,0.000,0.000,,,,,NVIDIA A100-SXM4-40GB MIG 4g.20gb (0),1,,13,cupy_copy__complex64_complex64
4475562626,2400,285450,35,1,1,128,1,1,16,0.000,0.000,,,,,NVIDIA A100-SXM4-40GB MIG 4g.20gb (0),1,,13,cupy_copy__complex64_complex64
4475579970,1760,285457,1,1,1,1,1,1,18,0.000,0.000,,,,,NVIDIA A100-SXM4-40GB MIG 4g.20gb (0),1,,13,cupy_copy__float32_float32
4475709121,82431,285468,1,1,1,32,32,1,30,0.000,0.000,,,,,NVIDIA A100-SXM4-40GB MIG 4g.20gb (0),1,,13,"void convert_kernel<__half2, float2>(tensor_layout_any, T1 *, tensor_layout_any, const T2 *)"
4475818847,5536,285471,,,,,,,,,,0.094,16924.777,Pinned,Device,NVIDIA A100-SXM4-40GB MIG 4g.20gb (0),1,,13,[CUDA memcpy Host-to-Device]
4475833055,3328,285472,,,,,,,,,,1.547,464729.580,Device,,NVIDIA A100-SXM4-40GB MIG 4g.20gb (0),1,,13,[CUDA memset]
4475841695,3104,285477,,,,,,,,,,0.031,10082.445,Pinned,Device,NVIDIA A100-SXM4-40GB MIG 4g.20gb (0),1,,13,[CUDA memcpy Host-to-Device]
4475847775,9440,285478,,,,,,,,,,0.197,20827.079,Pinned,Device,NVIDIA A100-SXM4-40GB MIG 4g.20gb (0),1,,13,[CUDA memcpy Host-to-Device]
4475860895,8064,285479,273,1,1,8,4,1,39,0.002,0.000,,,,,NVIDIA A100-SXM4-40GB MIG 4g.20gb (0),1,,13,"void channel_eq::eqMmseCoefCompLowMimoKernel<float, float, float, (unsigned int)4, (unsigned int)1, (unsigned int)4>(const channel_eq::_puschRxChEqStatDescr *, channel_eq::_puschRxChEqCoefCompDynDescr)"
4475870367,5824,285480,273,1,1,12,11,1,51,0.002,0.000,,,,,NVIDIA A100-SXM4-40GB MIG 4g.20gb (0),1,,13,"void channel_eq::eqMmseSoftDemapKernel<float, __half, __half, float, (unsigned int)4, (unsigned short)16383>(channel_eq::_puschRxChEqStatDescr *, channel_eq::_puschRxChEqSoftDemapDynDescr)"
4475878047,282684,285481,1,1,1,32,32,1,30,0.000,0.000,,,,,NVIDIA A100-SXM4-40GB MIG 4g.20gb (0),1,,13,"void convert_kernel<float2, __half2>(tensor_layout_any, T1 *, tensor_layout_any, const T2 *)"
4476163803,11072,285493,2253,1,1,128,1,1,16,0.000,0.000,,,,,NVIDIA A100-SXM4-40GB MIG 4g.20gb (0),1,,13,cupy_copy__float16_float16
4476178075,3648,285502,282,1,1,128,1,1,16,0.000,0.000,,,,,NVIDIA A100-SXM4-40GB MIG 4g.20gb (0),1,,13,cupy_copy__complex64_complex64
4476183291,2240,285511,26,1,1,128,1,1,16,0.000,0.000,,,,,NVIDIA A100-SXM4-40GB MIG 4g.20gb (0),1,,13,cupy_copy__float32_float32
4476187131,2976,285520,103,1,1,128,1,1,16,0.000,0.000,,,,,NVIDIA A100-SXM4-40GB MIG 4g.20gb (0),1,,13,cupy_copy__complex64_complex64
4476191163,12640,285530,1434,1,1,128,1,1,16,0.000,0.000,,,,,NVIDIA A100-SXM4-40GB MIG 4g.20gb (0),1,,13,cupy_copy__complex64_complex64
4476211322,82207,285535,1,1,1,32,32,1,30,0.000,0.000,,,,,NVIDIA A100-SXM4-40GB MIG 4g.20gb (0),1,,13,"void convert_kernel<__half2, float2>(tensor_layout_any, T1 *, tensor_layout_any, const T2 *)"
4476320569,5728,285538,,,,,,,,,,0.094,16357.541,Pinned,Device,NVIDIA A100-SXM4-40GB MIG 4g.20gb (0),1,,13,[CUDA memcpy Host-to-Device]
4476329977,596313,285539,,,,,,,,,,456.561,765196.973,Device,,NVIDIA A100-SXM4-40GB MIG 4g.20gb (0),1,,13,[CUDA memset]
4476936946,131102,285544,,,,,,,,,,1.235,9418.918,Pinned,Device,NVIDIA A100-SXM4-40GB MIG 4g.20gb (0),1,,13,[CUDA memcpy Host-to-Device]
4477082704,40415,285545,,,,,,,,,,0.197,4864.672,Pinned,Device,NVIDIA A100-SXM4-40GB MIG 4g.20gb (0),1,,13,[CUDA memcpy Host-to-Device]
4477153551,8032,285546,69,4,1,48,1,1,76,0.002,0.000,,,,,NVIDIA A100-SXM4-40GB MIG 4g.20gb (0),1,,13,"void ch_est::windowedChEstPreNoDftSOfdmKernel<float, __half, float, (unsigned int)2, (unsigned int)1, (unsigned short)4>(ch_est::puschRxChEstStatDescr_t *, ch_est::puschRxChEstDynDescr_t *)"
4477173167,6688,285547,137,2,1,24,2,1,44,0.001,0.001,,,,,NVIDIA A100-SXM4-40GB MIG 4g.20gb (0),1,,13,"void ch_est::chEstFilterNoDftSOfdmDispatchKernel<float, __half, float, (unsigned int)2>(ch_est::puschRxChEstStatDescr_t *, ch_est::puschRxChEstDynDescr_t *)"
4477188558,4800,285548,137,2,1,24,2,1,44,0.001,0.001,,,,,NVIDIA A100-SXM4-40GB MIG 4g.20gb (0),1,,13,"void ch_est::chEstFilterNoDftSOfdmDispatchKernel<float, __half, float, (unsigned int)2>(ch_est::puschRxChEstStatDescr_t *, ch_est::puschRxChEstDynDescr_t *)"
4477205518,2624,285559,103,1,1,128,1,1,16,0.000,0.000,,,,,NVIDIA A100-SXM4-40GB MIG 4g.20gb (0),1,,13,cupy_copy__complex64_complex64
4477222254,12576,285569,1434,1,1,128,1,1,16,0.000,0.000,,,,,NVIDIA A100-SXM4-40GB MIG 4g.20gb (0),1,,13,cupy_copy__complex64_complex64
4477243470,2880,285576,103,1,1,128,1,1,16,0.000,0.000,,,,,NVIDIA A100-SXM4-40GB MIG 4g.20gb (0),1,,13,cupy_copy__complex64_complex64
4477265262,92702,285583,1,1,1,32,32,1,30,0.000,0.000,,,,,NVIDIA A100-SXM4-40GB MIG 4g.20gb (0),1,,13,"void convert_kernel<__half2, float2>(tensor_layout_any, T1 *, tensor_layout_any, const T2 *)"
4477385836,5760,285586,,,,,,,,,,0.094,16266.656,Pinned,Device,NVIDIA A100-SXM4-40GB MIG 4g.20gb (0),1,,13,[CUDA memcpy Host-to-Device]
4477399084,47807,285587,,,,,,,,,,35.810,749036.097,Device,,NVIDIA A100-SXM4-40GB MIG 4g.20gb (0),1,,13,[CUDA memset]
4477451883,3136,285589,,,,,,,,,,0.000,25.510,Pinned,Device,NVIDIA A100-SXM4-40GB MIG 4g.20gb (0),1,,13,[CUDA memcpy Host-to-Device]
4477459819,11072,285590,,,,,,,,,,0.197,17757.045,Pinned,Device,NVIDIA A100-SXM4-40GB MIG 4g.20gb (0),1,,13,[CUDA memcpy Host-to-Device]
4477477899,10368,285591,273,1,1,48,1,1,40,0.000,0.001,,,,,NVIDIA A100-SXM4-40GB MIG 4g.20gb (0),1,,13,"void pusch_noise_intf_est::noiseIntfEstNoDftSOfdmKernel<float, __half, float, float, (unsigned int)2, (unsigned int)1, (unsigned char)4, (unsigned char)4>(pusch_noise_intf_est::puschRxNoiseIntfEstDynDescr)"
4477492427,3136,285602,35,1,1,128,1,1,16,0.000,0.000,,,,,NVIDIA A100-SXM4-40GB MIG 4g.20gb (0),1,,13,cupy_copy__complex64_complex64
4477506443,2048,285611,1,1,1,1,1,1,18,0.000,0.000,,,,,NVIDIA A100-SXM4-40GB MIG 4g.20gb (0),1,,13,cupy_copy__float32_float32
4477537258,1632,285617,,,,,,,,,,0.000,2.451,Device,Pageable,NVIDIA A100-SXM4-40GB MIG 4g.20gb (0),1,,7,[CUDA memcpy Device-to-Host]
4477598473,13088,285628,1434,1,1,128,1,1,16,0.000,0.000,,,,,NVIDIA A100-SXM4-40GB MIG 4g.20gb (0),1,,13,cupy_copy__complex64_complex64
4477626377,3072,285635,103,1,1,128,1,1,16,0.000,0.000,,,,,NVIDIA A100-SXM4-40GB MIG 4g.20gb (0),1,,13,cupy_copy__complex64_complex64
4477647049,2208,285642,35,1,1,128,1,1,16,0.000,0.000,,,,,NVIDIA A100-SXM4-40GB MIG 4g.20gb (0),1,,13,cupy_copy__complex64_complex64
4477664201,1760,285649,1,1,1,1,1,1,18,0.000,0.000,,,,,NVIDIA A100-SXM4-40GB MIG 4g.20gb (0),1,,13,cupy_copy__float32_float32
4477796327,82303,285660,1,1,1,32,32,1,30,0.000,0.000,,,,,NVIDIA A100-SXM4-40GB MIG 4g.20gb (0),1,,13,"void convert_kernel<__half2, float2>(tensor_layout_any, T1 *, tensor_layout_any, const T2 *)"
4477906246,5408,285663,,,,,,,,,,0.094,17325.421,Pinned,Device,NVIDIA A100-SXM4-40GB MIG 4g.20gb (0),1,,13,[CUDA memcpy Host-to-Device]
4477923461,3264,285664,,,,,,,,,,1.547,473842.288,Device,,NVIDIA A100-SXM4-40GB MIG 4g.20gb (0),1,,13,[CUDA memset]
4477929957,3008,285669,,,,,,,,,,0.031,10404.230,Pinned,Device,NVIDIA A100-SXM4-40GB MIG 4g.20gb (0),1,,13,[CUDA memcpy Host-to-Device]
4477935621,9920,285670,,,,,,,,,,0.197,19819.266,Pinned,Device,NVIDIA A100-SXM4-40GB MIG 4g.20gb (0),1,,13,[CUDA memcpy Host-to-Device]
4477949541,6176,285671,273,1,1,8,4,1,39,0.002,0.000,,,,,NVIDIA A100-SXM4-40GB MIG 4g.20gb (0),1,,13,"void channel_eq::eqMmseCoefCompLowMimoKernel<float, float, float, (unsigned int)4, (unsigned int)1, (unsigned int)4>(const channel_eq::_puschRxChEqStatDescr *, channel_eq::_puschRxChEqCoefCompDynDescr)"
4477956837,6240,285672,273,1,1,12,11,1,51,0.002,0.000,,,,,NVIDIA A100-SXM4-40GB MIG 4g.20gb (0),1,,13,"void channel_eq::eqMmseSoftDemapKernel<float, __half, __half, float, (unsigned int)4, (unsigned short)16383>(channel_eq::_puschRxChEqStatDescr *, channel_eq::_puschRxChEqSoftDemapDynDescr)"
4477964037,282492,285673,1,1,1,32,32,1,30,0.000,0.000,,,,,NVIDIA A100-SXM4-40GB MIG 4g.20gb (0),1,,13,"void convert_kernel<float2, __half2>(tensor_layout_any, T1 *, tensor_layout_any, const T2 *)"
4478247681,11168,285685,2253,1,1,128,1,1,16,0.000,0.000,,,,,NVIDIA A100-SXM4-40GB MIG 4g.20gb (0),1,,13,cupy_copy__float16_float16
4478261537,3648,285694,282,1,1,128,1,1,16,0.000,0.000,,,,,NVIDIA A100-SXM4-40GB MIG 4g.20gb (0),1,,13,cupy_copy__complex64_complex64
4478266369,2048,285703,26,1,1,128,1,1,16,0.000,0.000,,,,,NVIDIA A100-SXM4-40GB MIG 4g.20gb (0),1,,13,cupy_copy__float32_float32
4478271169,4576,285712,103,1,1,128,1,1,16,0.000,0.000,,,,,NVIDIA A100-SXM4-40GB MIG 4g.20gb (0),1,,13,cupy_copy__complex64_complex64
4478278465,12160,285722,1434,1,1,128,1,1,16,0.000,0.000,,,,,NVIDIA A100-SXM4-40GB MIG 4g.20gb (0),1,,13,cupy_copy__complex64_complex64
4478295873,82111,285727,1,1,1,32,32,1,30,0.000,0.000,,,,,NVIDIA A100-SXM4-40GB MIG 4g.20gb (0),1,,13,"void convert_kernel<__half2, float2>(tensor_layout_any, T1 *, tensor_layout_any, const T2 *)"
4478404639,5632,285730,,,,,,,,,,0.094,16636.287,Pinned,Device,NVIDIA A100-SXM4-40GB MIG 4g.20gb (0),1,,13,[CUDA memcpy Host-to-Device]
4478414335,597049,285731,,,,,,,,,,456.561,764283.851,Device,,NVIDIA A100-SXM4-40GB MIG 4g.20gb (0),1,,13,[CUDA memset]
4479021976,140606,285736,,,,,,,,,,1.235,8782.922,Pinned,Device,NVIDIA A100-SXM4-40GB MIG 4g.20gb (0),1,,13,[CUDA memcpy Host-to-Device]
4479175446,40319,285737,,,,,,,,,,0.197,4876.272,Pinned,Device,NVIDIA A100-SXM4-40GB MIG 4g.20gb (0),1,,13,[CUDA memcpy Host-to-Device]
4479233397,8224,285738,69,4,1,48,1,1,76,0.002,0.000,,,,,NVIDIA A100-SXM4-40GB MIG 4g.20gb (0),1,,13,"void ch_est::windowedChEstPreNoDftSOfdmKernel<float, __half, float, (unsigned int)2, (unsigned int)1, (unsigned short)4>(ch_est::puschRxChEstStatDescr_t *, ch_est::puschRxChEstDynDescr_t *)"
4479251381,6880,285739,137,2,1,24,2,1,44,0.001,0.001,,,,,NVIDIA A100-SXM4-40GB MIG 4g.20gb (0),1,,13,"void ch_est::chEstFilterNoDftSOfdmDispatchKernel<float, __half, float, (unsigned int)2>(ch_est::puschRxChEstStatDescr_t *, ch_est::puschRxChEstDynDescr_t *)"
4479270837,4832,285740,137,2,1,24,2,1,44,0.001,0.001,,,,,NVIDIA A100-SXM4-40GB MIG 4g.20gb (0),1,,13,"void ch_est::chEstFilterNoDftSOfdmDispatchKernel<float, __half, float, (unsigned int)2>(ch_est::puschRxChEstStatDescr_t *, ch_est::puschRxChEstDynDescr_t *)"
4479287477,2752,285751,103,1,1,128,1,1,16,0.000,0.000,,,,,NVIDIA A100-SXM4-40GB MIG 4g.20gb (0),1,,13,cupy_copy__complex64_complex64
4479304180,12544,285761,1434,1,1,128,1,1,16,0.000,0.000,,,,,NVIDIA A100-SXM4-40GB MIG 4g.20gb (0),1,,13,cupy_copy__complex64_complex64
4479322452,2944,285768,103,1,1,128,1,1,16,0.000,0.000,,,,,NVIDIA A100-SXM4-40GB MIG 4g.20gb (0),1,,13,cupy_copy__complex64_complex64
4479345332,85023,285775,1,1,1,32,32,1,30,0.000,0.000,,,,,NVIDIA A100-SXM4-40GB MIG 4g.20gb (0),1,,13,"void convert_kernel<__half2, float2>(tensor_layout_any, T1 *, tensor_layout_any, const T2 *)"
4479463154,26592,285778,,,,,,,,,,0.094,3523.438,Pinned,Device,NVIDIA A100-SXM4-40GB MIG 4g.20gb (0),1,,13,[CUDA memcpy Host-to-Device]
4479520338,47071,285779,,,,,,,,,,35.810,760745.940,Device,,NVIDIA A100-SXM4-40GB MIG 4g.20gb (0),1,,13,[CUDA memset]
4479571729,10816,285781,,,,,,,,,,0.000,7.396,Pinned,Device,NVIDIA A100-SXM4-40GB MIG 4g.20gb (0),1,,13,[CUDA memcpy Host-to-Device]
4479590641,29279,285782,,,,,,,,,,0.197,6714.950,Pinned,Device,NVIDIA A100-SXM4-40GB MIG 4g.20gb (0),1,,13,[CUDA memcpy Host-to-Device]
4479636720,9824,285783,273,1,1,48,1,1,40,0.000,0.001,,,,,NVIDIA A100-SXM4-40GB MIG 4g.20gb (0),1,,13,"void pusch_noise_intf_est::noiseIntfEstNoDftSOfdmKernel<float, __half, float, float, (unsigned int)2, (unsigned int)1, (unsigned char)4, (unsigned char)4>(pusch_noise_intf_est::puschRxNoiseIntfEstDynDescr)"
4479655792,2816,285794,35,1,1,128,1,1,16,0.000,0.000,,,,,NVIDIA A100-SXM4-40GB MIG 4g.20gb (0),1,,13,cupy_copy__complex64_complex64
4479663728,1728,285803,1,1,1,1,1,1,18,0.000,0.000,,,,,NVIDIA A100-SXM4-40GB MIG 4g.20gb (0),1,,13,cupy_copy__float32_float32
4479670160,5696,285809,,,,,,,,,,0.000,0.702,Device,Pageable,NVIDIA A100-SXM4-40GB MIG 4g.20gb (0),1,,7,[CUDA memcpy Device-to-Host]
4479744335,12832,285820,1434,1,1,128,1,1,16,0.000,0.000,,,,,NVIDIA A100-SXM4-40GB MIG 4g.20gb (0),1,,13,cupy_copy__complex64_complex64
4479766927,3392,285827,103,1,1,128,1,1,16,0.000,0.000,,,,,NVIDIA A100-SXM4-40GB MIG 4g.20gb (0),1,,13,cupy_copy__complex64_complex64
4479786830,2528,285834,35,1,1,128,1,1,16,0.000,0.000,,,,,NVIDIA A100-SXM4-40GB MIG 4g.20gb (0),1,,13,cupy_copy__complex64_complex64
4479806510,2016,285841,1,1,1,1,1,1,18,0.000,0.000,,,,,NVIDIA A100-SXM4-40GB MIG 4g.20gb (0),1,,13,cupy_copy__float32_float32
4479937101,87775,285852,1,1,1,32,32,1,30,0.000,0.000,,,,,NVIDIA A100-SXM4-40GB MIG 4g.20gb (0),1,,13,"void convert_kernel<__half2, float2>(tensor_layout_any, T1 *, tensor_layout_any, const T2 *)"
4480052811,5792,285855,,,,,,,,,,0.094,16176.708,Pinned,Device,NVIDIA A100-SXM4-40GB MIG 4g.20gb (0),1,,13,[CUDA memcpy Host-to-Device]
4480067787,3488,285856,,,,,,,,,,1.547,443412.461,Device,,NVIDIA A100-SXM4-40GB MIG 4g.20gb (0),1,,13,[CUDA memset]
4480074283,3648,285861,,,,,,,,,,0.031,8578.922,Pinned,Device,NVIDIA A100-SXM4-40GB MIG 4g.20gb (0),1,,13,[CUDA memcpy Host-to-Device]
4480080363,10208,285862,,,,,,,,,,0.197,19260.113,Pinned,Device,NVIDIA A100-SXM4-40GB MIG 4g.20gb (0),1,,13,[CUDA memcpy Host-to-Device]
4480096235,6336,285863,273,1,1,8,4,1,39,0.002,0.000,,,,,NVIDIA A100-SXM4-40GB MIG 4g.20gb (0),1,,13,"void channel_eq::eqMmseCoefCompLowMimoKernel<float, float, float, (unsigned int)4, (unsigned int)1, (unsigned int)4>(const channel_eq::_puschRxChEqStatDescr *, channel_eq::_puschRxChEqCoefCompDynDescr)"
4480103659,6559,285864,273,1,1,12,11,1,51,0.002,0.000,,,,,NVIDIA A100-SXM4-40GB MIG 4g.20gb (0),1,,13,"void channel_eq::eqMmseSoftDemapKernel<float, __half, __half, float, (unsigned int)4, (unsigned short)16383>(channel_eq::_puschRxChEqStatDescr *, channel_eq::_puschRxChEqSoftDemapDynDescr)"
4480111178,282397,285865,1,1,1,32,32,1,30,0.000,0.000,,,,,NVIDIA A100-SXM4-40GB MIG 4g.20gb (0),1,,13,"void convert_kernel<float2, __half2>(tensor_layout_any, T1 *, tensor_layout_any, const T2 *)"
4480394727,11136,285877,2253,1,1,128,1,1,16,0.000,0.000,,,,,NVIDIA A100-SXM4-40GB MIG 4g.20gb (0),1,,13,cupy_copy__float16_float16
4480408647,2944,285886,282,1,1,128,1,1,16,0.000,0.000,,,,,NVIDIA A100-SXM4-40GB MIG 4g.20gb (0),1,,13,cupy_copy__complex64_complex64
4480414951,2048,285895,26,1,1,128,1,1,16,0.000,0.000,,,,,NVIDIA A100-SXM4-40GB MIG 4g.20gb (0),1,,13,cupy_copy__float32_float32
4480420039,3040,285904,103,1,1,128,1,1,16,0.000,0.000,,,,,NVIDIA A100-SXM4-40GB MIG 4g.20gb (0),1,,13,cupy_copy__complex64_complex64
4480425127,12063,285914,1434,1,1,128,1,1,16,0.000,0.000,,,,,NVIDIA A100-SXM4-40GB MIG 4g.20gb (0),1,,13,cupy_copy__complex64_complex64
4480442662,82399,285919,1,1,1,32,32,1,30,0.000,0.000,,,,,NVIDIA A100-SXM4-40GB MIG 4g.20gb (0),1,,13,"void convert_kernel<__half2, float2>(tensor_layout_any, T1 *, tensor_layout_any, const T2 *)"
4480552037,5760,285922,,,,,,,,,,0.094,16266.656,Pinned,Device,NVIDIA A100-SXM4-40GB MIG 4g.20gb (0),1,,13,[CUDA memcpy Host-to-Device]
4480561957,596857,285923,,,,,,,,,,456.561,764740.412,Device,,NVIDIA A100-SXM4-40GB MIG 4g.20gb (0),1,,13,[CUDA memset]
4481167197,164254,285928,,,,,,,,,,1.235,7518.339,Pinned,Device,NVIDIA A100-SXM4-40GB MIG 4g.20gb (0),1,,13,[CUDA memcpy Host-to-Device]
4481342971,37984,285929,,,,,,,,,,0.197,5175.902,Pinned,Device,NVIDIA A100-SXM4-40GB MIG 4g.20gb (0),1,,13,[CUDA memcpy Host-to-Device]
4481406106,8064,285930,69,4,1,48,1,1,76,0.002,0.000,,,,,NVIDIA A100-SXM4-40GB MIG 4g.20gb (0),1,,13,"void ch_est::windowedChEstPreNoDftSOfdmKernel<float, __half, float, (unsigned int)2, (unsigned int)1, (unsigned short)4>(ch_est::puschRxChEstStatDescr_t *, ch_est::puschRxChEstDynDescr_t *)"
4481425914,7072,285931,137,2,1,24,2,1,44,0.001,0.001,,,,,NVIDIA A100-SXM4-40GB MIG 4g.20gb (0),1,,13,"void ch_est::chEstFilterNoDftSOfdmDispatchKernel<float, __half, float, (unsigned int)2>(ch_est::puschRxChEstStatDescr_t *, ch_est::puschRxChEstDynDescr_t *)"
4481442458,4736,285932,137,2,1,24,2,1,44,0.001,0.001,,,,,NVIDIA A100-SXM4-40GB MIG 4g.20gb (0),1,,13,"void ch_est::chEstFilterNoDftSOfdmDispatchKernel<float, __half, float, (unsigned int)2>(ch_est::puschRxChEstStatDescr_t *, ch_est::puschRxChEstDynDescr_t *)"
4481461754,2624,285943,103,1,1,128,1,1,16,0.000,0.000,,,,,NVIDIA A100-SXM4-40GB MIG 4g.20gb (0),1,,13,cupy_copy__complex64_complex64
4481478682,12351,285953,1434,1,1,128,1,1,16,0.000,0.000,,,,,NVIDIA A100-SXM4-40GB MIG 4g.20gb (0),1,,13,cupy_copy__complex64_complex64
4481501305,2592,285960,103,1,1,128,1,1,16,0.000,0.000,,,,,NVIDIA A100-SXM4-40GB MIG 4g.20gb (0),1,,13,cupy_copy__complex64_complex64
4481521721,92831,285967,1,1,1,32,32,1,30,0.000,0.000,,,,,NVIDIA A100-SXM4-40GB MIG 4g.20gb (0),1,,13,"void convert_kernel<__half2, float2>(tensor_layout_any, T1 *, tensor_layout_any, const T2 *)"
4481651831,26592,285970,,,,,,,,,,0.094,3523.438,Pinned,Device,NVIDIA A100-SXM4-40GB MIG 4g.20gb (0),1,,13,[CUDA memcpy Host-to-Device]
4481693047,46975,285971,,,,,,,,,,35.810,762285.767,Device,,NVIDIA A100-SXM4-40GB MIG 4g.20gb (0),1,,13,[CUDA memset]
4481743606,14048,285973,,,,,,,,,,0.000,5.695,Pinned,Device,NVIDIA A100-SXM4-40GB MIG 4g.20gb (0),1,,13,[CUDA memcpy Host-to-Device]
4481764406,32032,285974,,,,,,,,,,0.197,6137.709,Pinned,Device,NVIDIA A100-SXM4-40GB MIG 4g.20gb (0),1,,13,[CUDA memcpy Host-to-Device]
4481820821,9952,285975,273,1,1,48,1,1,40,0.000,0.001,,,,,NVIDIA A100-SXM4-40GB MIG 4g.20gb (0),1,,13,"void pusch_noise_intf_est::noiseIntfEstNoDftSOfdmKernel<float, __half, float, float, (unsigned int)2, (unsigned int)1, (unsigned char)4, (unsigned char)4>(pusch_noise_intf_est::puschRxNoiseIntfEstDynDescr)"
4481837653,2752,285986,35,1,1,128,1,1,16,0.000,0.000,,,,,NVIDIA A100-SXM4-40GB MIG 4g.20gb (0),1,,13,cupy_copy__complex64_complex64
4481854453,1760,285995,1,1,1,1,1,1,18,0.000,0.000,,,,,NVIDIA A100-SXM4-40GB MIG 4g.20gb (0),1,,13,cupy_copy__float32_float32
4481860469,6080,286001,,,,,,,,,,0.000,0.658,Device,Pageable,NVIDIA A100-SXM4-40GB MIG 4g.20gb (0),1,,7,[CUDA memcpy Device-to-Host]
4481962164,12607,286012,1434,1,1,128,1,1,16,0.000,0.000,,,,,NVIDIA A100-SXM4-40GB MIG 4g.20gb (0),1,,13,cupy_copy__complex64_complex64
4481984115,3296,286019,103,1,1,128,1,1,16,0.000,0.000,,,,,NVIDIA A100-SXM4-40GB MIG 4g.20gb (0),1,,13,cupy_copy__complex64_complex64
4482006611,2560,286026,35,1,1,128,1,1,16,0.000,0.000,,,,,NVIDIA A100-SXM4-40GB MIG 4g.20gb (0),1,,13,cupy_copy__complex64_complex64
4482026419,1760,286033,1,1,1,1,1,1,18,0.000,0.000,,,,,NVIDIA A100-SXM4-40GB MIG 4g.20gb (0),1,,13,cupy_copy__float32_float32
4482153073,82655,286044,1,1,1,32,32,1,30,0.000,0.000,,,,,NVIDIA A100-SXM4-40GB MIG 4g.20gb (0),1,,13,"void convert_kernel<__half2, float2>(tensor_layout_any, T1 *, tensor_layout_any, const T2 *)"
4482264304,8288,286047,,,,,,,,,,0.094,11304.985,Pinned,Device,NVIDIA A100-SXM4-40GB MIG 4g.20gb (0),1,,13,[CUDA memcpy Host-to-Device]
4482284016,3552,286048,,,,,,,,,,1.547,435422.601,Device,,NVIDIA A100-SXM4-40GB MIG 4g.20gb (0),1,,13,[CUDA memset]
4482295344,5151,286053,,,,,,,,,,0.031,6075.712,Pinned,Device,NVIDIA A100-SXM4-40GB MIG 4g.20gb (0),1,,13,[CUDA memcpy Host-to-Device]
4482304495,10784,286054,,,,,,,,,,0.197,18231.263,Pinned,Device,NVIDIA A100-SXM4-40GB MIG 4g.20gb (0),1,,13,[CUDA memcpy Host-to-Device]
4482323183,6336,286055,273,1,1,8,4,1,39,0.002,0.000,,,,,NVIDIA A100-SXM4-40GB MIG 4g.20gb (0),1,,13,"void channel_eq::eqMmseCoefCompLowMimoKernel<float, float, float, (unsigned int)4, (unsigned int)1, (unsigned int)4>(const channel_eq::_puschRxChEqStatDescr *, channel_eq::_puschRxChEqCoefCompDynDescr)"
4482332623,6560,286056,273,1,1,12,11,1,51,0.002,0.000,,,,,NVIDIA A100-SXM4-40GB MIG 4g.20gb (0),1,,13,"void channel_eq::eqMmseSoftDemapKernel<float, __half, __half, float, (unsigned int)4, (unsigned short)16383>(channel_eq::_puschRxChEqStatDescr *, channel_eq::_puschRxChEqSoftDemapDynDescr)"
4482340367,283004,286057,1,1,1,32,32,1,30,0.000,0.000,,,,,NVIDIA A100-SXM4-40GB MIG 4g.20gb (0),1,,13,"void convert_kernel<float2, __half2>(tensor_layout_any, T1 *, tensor_layout_any, const T2 *)"
4482624427,11008,286069,2253,1,1,128,1,1,16,0.000,0.000,,,,,NVIDIA A100-SXM4-40GB MIG 4g.20gb (0),1,,13,cupy_copy__float16_float16
4482638059,3904,286078,282,1,1,128,1,1,16,0.000,0.000,,,,,NVIDIA A100-SXM4-40GB MIG 4g.20gb (0),1,,13,cupy_copy__complex64_complex64
4482645419,2240,286087,26,1,1,128,1,1,16,0.000,0.000,,,,,NVIDIA A100-SXM4-40GB MIG 4g.20gb (0),1,,13,cupy_copy__float32_float32
4482648683,2816,286096,103,1,1,128,1,1,16,0.000,0.000,,,,,NVIDIA A100-SXM4-40GB MIG 4g.20gb (0),1,,13,cupy_copy__complex64_complex64
4482655531,11968,286106,1434,1,1,128,1,1,16,0.000,0.000,,,,,NVIDIA A100-SXM4-40GB MIG 4g.20gb (0),1,,13,cupy_copy__complex64_complex64
4482670475,87071,286111,1,1,1,32,32,1,30,0.000,0.000,,,,,NVIDIA A100-SXM4-40GB MIG 4g.20gb (0),1,,13,"void convert_kernel<__half2, float2>(tensor_layout_any, T1 *, tensor_layout_any, const T2 *)"
4482784618,5407,286114,,,,,,,,,,0.094,17328.607,Pinned,Device,NVIDIA A100-SXM4-40GB MIG 4g.20gb (0),1,,13,[CUDA memcpy Host-to-Device]
4482794889,596889,286115,,,,,,,,,,456.561,764740.412,Device,,NVIDIA A100-SXM4-40GB MIG 4g.20gb (0),1,,13,[CUDA memset]
4483398498,122526,286120,,,,,,,,,,1.235,10078.378,Pinned,Device,NVIDIA A100-SXM4-40GB MIG 4g.20gb (0),1,,13,[CUDA memcpy Host-to-Device]
4483524480,18624,286121,,,,,,,,,,0.197,10556.670,Pinned,Device,NVIDIA A100-SXM4-40GB MIG 4g.20gb (0),1,,13,[CUDA memcpy Host-to-Device]
4483557440,8320,286122,69,4,1,48,1,1,76,0.002,0.000,,,,,NVIDIA A100-SXM4-40GB MIG 4g.20gb (0),1,,13,"void ch_est::windowedChEstPreNoDftSOfdmKernel<float, __half, float, (unsigned int)2, (unsigned int)1, (unsigned short)4>(ch_est::puschRxChEstStatDescr_t *, ch_est::puschRxChEstDynDescr_t *)"
4483572480,6336,286123,137,2,1,24,2,1,44,0.001,0.001,,,,,NVIDIA A100-SXM4-40GB MIG 4g.20gb (0),1,,13,"void ch_est::chEstFilterNoDftSOfdmDispatchKernel<float, __half, float, (unsigned int)2>(ch_est::puschRxChEstStatDescr_t *, ch_est::puschRxChEstDynDescr_t *)"
4483586944,4832,286124,137,2,1,24,2,1,44,0.001,0.001,,,,,NVIDIA A100-SXM4-40GB MIG 4g.20gb (0),1,,13,"void ch_est::chEstFilterNoDftSOfdmDispatchKernel<float, __half, float, (unsigned int)2>(ch_est::puschRxChEstStatDescr_t *, ch_est::puschRxChEstDynDescr_t *)"
4483594720,3167,286135,103,1,1,128,1,1,16,0.000,0.000,,,,,NVIDIA A100-SXM4-40GB MIG 4g.20gb (0),1,,13,cupy_copy__complex64_complex64
4483604223,12384,286145,1434,1,1,128,1,1,16,0.000,0.000,,,,,NVIDIA A100-SXM4-40GB MIG 4g.20gb (0),1,,13,cupy_copy__complex64_complex64
4483622879,3008,286152,103,1,1,128,1,1,16,0.000,0.000,,,,,NVIDIA A100-SXM4-40GB MIG 4g.20gb (0),1,,13,cupy_copy__complex64_complex64
4483632767,92159,286159,1,1,1,32,32,1,30,0.000,0.000,,,,,NVIDIA A100-SXM4-40GB MIG 4g.20gb (0),1,,13,"void convert_kernel<__half2, float2>(tensor_layout_any, T1 *, tensor_layout_any, const T2 *)"
4483752190,6112,286162,,,,,,,,,,0.094,15329.790,Pinned,Device,NVIDIA A100-SXM4-40GB MIG 4g.20gb (0),1,,13,[CUDA memcpy Host-to-Device]
4483764445,47104,286163,,,,,,,,,,35.810,760208.792,Device,,NVIDIA A100-SXM4-40GB MIG 4g.20gb (0),1,,13,[CUDA memset]
4483818013,3072,286165,,,,,,,,,,0.000,26.042,Pinned,Device,NVIDIA A100-SXM4-40GB MIG 4g.20gb (0),1,,13,[CUDA memcpy Host-to-Device]
4483825341,11904,286166,,,,,,,,,,0.197,16516.055,Pinned,Device,NVIDIA A100-SXM4-40GB MIG 4g.20gb (0),1,,13,[CUDA memcpy Host-to-Device]
4483846236,9792,286167,273,1,1,48,1,1,40,0.000,0.001,,,,,NVIDIA A100-SXM4-40GB MIG 4g.20gb (0),1,,13,"void pusch_noise_intf_est::noiseIntfEstNoDftSOfdmKernel<float, __half, float, float, (unsigned int)2, (unsigned int)1, (unsigned char)4, (unsigned char)4>(pusch_noise_intf_est::puschRxNoiseIntfEstDynDescr)"
4483860348,2656,286178,35,1,1,128,1,1,16,0.000,0.000,,,,,NVIDIA A100-SXM4-40GB MIG 4g.20gb (0),1,,13,cupy_copy__complex64_complex64
4483873468,1792,286187,1,1,1,1,1,1,18,0.000,0.000,,,,,NVIDIA A100-SXM4-40GB MIG 4g.20gb (0),1,,13,cupy_copy__float32_float32
4483905020,1760,286193,,,,,,,,,,0.000,2.273,Device,Pageable,NVIDIA A100-SXM4-40GB MIG 4g.20gb (0),1,,7,[CUDA memcpy Device-to-Host]
4483966363,12896,286204,1434,1,1,128,1,1,16,0.000,0.000,,,,,NVIDIA A100-SXM4-40GB MIG 4g.20gb (0),1,,13,cupy_copy__complex64_complex64
4483993435,2592,286211,103,1,1,128,1,1,16,0.000,0.000,,,,,NVIDIA A100-SXM4-40GB MIG 4g.20gb (0),1,,13,cupy_copy__complex64_complex64
4484013466,2880,286218,35,1,1,128,1,1,16,0.000,0.000,,,,,NVIDIA A100-SXM4-40GB MIG 4g.20gb (0),1,,13,cupy_copy__complex64_complex64
4484035290,1760,286225,1,1,1,1,1,1,18,0.000,0.000,,,,,NVIDIA A100-SXM4-40GB MIG 4g.20gb (0),1,,13,cupy_copy__float32_float32
4484169048,86655,286236,1,1,1,32,32,1,30,0.000,0.000,,,,,NVIDIA A100-SXM4-40GB MIG 4g.20gb (0),1,,13,"void convert_kernel<__half2, float2>(tensor_layout_any, T1 *, tensor_layout_any, const T2 *)"
4484283447,6240,286239,,,,,,,,,,0.094,15015.346,Pinned,Device,NVIDIA A100-SXM4-40GB MIG 4g.20gb (0),1,,13,[CUDA memcpy Host-to-Device]
4484297463,3296,286240,,,,,,,,,,1.547,469242.628,Device,,NVIDIA A100-SXM4-40GB MIG 4g.20gb (0),1,,13,[CUDA memset]
4484304663,3200,286245,,,,,,,,,,0.031,9780.000,Pinned,Device,NVIDIA A100-SXM4-40GB MIG 4g.20gb (0),1,,13,[CUDA memcpy Host-to-Device]
4484310711,9792,286246,,,,,,,,,,0.197,20078.395,Pinned,Device,NVIDIA A100-SXM4-40GB MIG 4g.20gb (0),1,,13,[CUDA memcpy Host-to-Device]
4484324631,6143,286247,273,1,1,8,4,1,39,0.002,0.000,,,,,NVIDIA A100-SXM4-40GB MIG 4g.20gb (0),1,,13,"void channel_eq::eqMmseCoefCompLowMimoKernel<float, float, float, (unsigned int)4, (unsigned int)1, (unsigned int)4>(const channel_eq::_puschRxChEqStatDescr *, channel_eq::_puschRxChEqCoefCompDynDescr)"
4484331798,5312,286248,273,1,1,12,11,1,51,0.002,0.000,,,,,NVIDIA A100-SXM4-40GB MIG 4g.20gb (0),1,,13,"void channel_eq::eqMmseSoftDemapKernel<float, __half, __half, float, (unsigned int)4, (unsigned short)16383>(channel_eq::_puschRxChEqStatDescr *, channel_eq::_puschRxChEqSoftDemapDynDescr)"
4484338134,282461,286249,1,1,1,32,32,1,30,0.000,0.000,,,,,NVIDIA A100-SXM4-40GB MIG 4g.20gb (0),1,,13,"void convert_kernel<float2, __half2>(tensor_layout_any, T1 *, tensor_layout_any, const T2 *)"
4484621523,11360,286261,2253,1,1,128,1,1,16,0.000,0.000,,,,,NVIDIA A100-SXM4-40GB MIG 4g.20gb (0),1,,13,cupy_copy__float16_float16
4484635571,3616,286270,282,1,1,128,1,1,16,0.000,0.000,,,,,NVIDIA A100-SXM4-40GB MIG 4g.20gb (0),1,,13,cupy_copy__complex64_complex64
4484641427,2112,286279,26,1,1,128,1,1,16,0.000,0.000,,,,,NVIDIA A100-SXM4-40GB MIG 4g.20gb (0),1,,13,cupy_copy__float32_float32
4484647027,2976,286288,103,1,1,128,1,1,16,0.000,0.000,,,,,NVIDIA A100-SXM4-40GB MIG 4g.20gb (0),1,,13,cupy_copy__complex64_complex64
4484653810,12224,286298,1434,1,1,128,1,1,16,0.000,0.000,,,,,NVIDIA A100-SXM4-40GB MIG 4g.20gb (0),1,,13,cupy_copy__complex64_complex64
4484671954,86591,286303,1,1,1,32,32,1,30,0.000,0.000,,,,,NVIDIA A100-SXM4-40GB MIG 4g.20gb (0),1,,13,"void convert_kernel<__half2, float2>(tensor_layout_any, T1 *, tensor_layout_any, const T2 *)"
4484785521,5952,286306,,,,,,,,,,0.094,15741.865,Pinned,Device,NVIDIA A100-SXM4-40GB MIG 4g.20gb (0),1,,13,[CUDA memcpy Host-to-Device]
4484796753,598456,286307,,,,,,,,,,456.561,762457.605,Device,,NVIDIA A100-SXM4-40GB MIG 4g.20gb (0),1,,13,[CUDA memset]
4485396713,133727,286312,,,,,,,,,,1.235,9233.676,Pinned,Device,NVIDIA A100-SXM4-40GB MIG 4g.20gb (0),1,,13,[CUDA memcpy Host-to-Device]
4485542920,39871,286313,,,,,,,,,,0.197,4930.929,Pinned,Device,NVIDIA A100-SXM4-40GB MIG 4g.20gb (0),1,,13,[CUDA memcpy Host-to-Device]
4485616391,7904,286314,69,4,1,48,1,1,76,0.002,0.000,,,,,NVIDIA A100-SXM4-40GB MIG 4g.20gb (0),1,,13,"void ch_est::windowedChEstPreNoDftSOfdmKernel<float, __half, float, (unsigned int)2, (unsigned int)1, (unsigned short)4>(ch_est::puschRxChEstStatDescr_t *, ch_est::puschRxChEstDynDescr_t *)"
4485635782,6592,286315,137,2,1,24,2,1,44,0.001,0.001,,,,,NVIDIA A100-SXM4-40GB MIG 4g.20gb (0),1,,13,"void ch_est::chEstFilterNoDftSOfdmDispatchKernel<float, __half, float, (unsigned int)2>(ch_est::puschRxChEstStatDescr_t *, ch_est::puschRxChEstDynDescr_t *)"
4485652870,4768,286316,137,2,1,24,2,1,44,0.001,0.001,,,,,NVIDIA A100-SXM4-40GB MIG 4g.20gb (0),1,,13,"void ch_est::chEstFilterNoDftSOfdmDispatchKernel<float, __half, float, (unsigned int)2>(ch_est::puschRxChEstStatDescr_t *, ch_est::puschRxChEstDynDescr_t *)"
4485669830,2624,286327,103,1,1,128,1,1,16,0.000,0.000,,,,,NVIDIA A100-SXM4-40GB MIG 4g.20gb (0),1,,13,cupy_copy__complex64_complex64
4485684390,12160,286337,1434,1,1,128,1,1,16,0.000,0.000,,,,,NVIDIA A100-SXM4-40GB MIG 4g.20gb (0),1,,13,cupy_copy__complex64_complex64
4485703174,3168,286344,103,1,1,128,1,1,16,0.000,0.000,,,,,NVIDIA A100-SXM4-40GB MIG 4g.20gb (0),1,,13,cupy_copy__complex64_complex64
4485718853,81535,286351,1,1,1,32,32,1,30,0.000,0.000,,,,,NVIDIA A100-SXM4-40GB MIG 4g.20gb (0),1,,13,"void convert_kernel<__half2, float2>(tensor_layout_any, T1 *, tensor_layout_any, const T2 *)"
4485827588,13312,286354,,,,,,,,,,0.094,7038.444,Pinned,Device,NVIDIA A100-SXM4-40GB MIG 4g.20gb (0),1,,13,[CUDA memcpy Host-to-Device]
4485846852,47679,286355,,,,,,,,,,35.810,751041.452,Device,,NVIDIA A100-SXM4-40GB MIG 4g.20gb (0),1,,13,[CUDA memset]
4485899331,8032,286357,,,,,,,,,,0.000,9.960,Pinned,Device,NVIDIA A100-SXM4-40GB MIG 4g.20gb (0),1,,13,[CUDA memcpy Host-to-Device]
4485916547,22464,286358,,,,,,,,,,0.197,8752.005,Pinned,Device,NVIDIA A100-SXM4-40GB MIG 4g.20gb (0),1,,13,[CUDA memcpy Host-to-Device]
4485951010,9664,286359,273,1,1,48,1,1,40,0.000,0.001,,,,,NVIDIA A100-SXM4-40GB MIG 4g.20gb (0),1,,13,"void pusch_noise_intf_est::noiseIntfEstNoDftSOfdmKernel<float, __half, float, float, (unsigned int)2, (unsigned int)1, (unsigned char)4, (unsigned char)4>(pusch_noise_intf_est::puschRxNoiseIntfEstDynDescr)"
4485962914,2880,286370,35,1,1,128,1,1,16,0.000,0.000,,,,,NVIDIA A100-SXM4-40GB MIG 4g.20gb (0),1,,13,cupy_copy__complex64_complex64
4485972450,1920,286379,1,1,1,1,1,1,18,0.000,0.000,,,,,NVIDIA A100-SXM4-40GB MIG 4g.20gb (0),1,,13,cupy_copy__float32_float32
4485981090,4608,286385,,,,,,,,,,0.000,0.868,Device,Pageable,NVIDIA A100-SXM4-40GB MIG 4g.20gb (0),1,,7,[CUDA memcpy Device-to-Host]
4486050753,12800,286396,1434,1,1,128,1,1,16,0.000,0.000,,,,,NVIDIA A100-SXM4-40GB MIG 4g.20gb (0),1,,13,cupy_copy__complex64_complex64
4486079329,3328,286403,103,1,1,128,1,1,16,0.000,0.000,,,,,NVIDIA A100-SXM4-40GB MIG 4g.20gb (0),1,,13,cupy_copy__complex64_complex64
4486102913,2720,286410,35,1,1,128,1,1,16,0.000,0.000,,,,,NVIDIA A100-SXM4-40GB MIG 4g.20gb (0),1,,13,cupy_copy__complex64_complex64
4486121312,1760,286417,1,1,1,1,1,1,18,0.000,0.000,,,,,NVIDIA A100-SXM4-40GB MIG 4g.20gb (0),1,,13,cupy_copy__float32_float32
4486254079,82559,286428,1,1,1,32,32,1,30,0.000,0.000,,,,,NVIDIA A100-SXM4-40GB MIG 4g.20gb (0),1,,13,"void convert_kernel<__half2, float2>(tensor_layout_any, T1 *, tensor_layout_any, const T2 *)"
4486364541,5472,286431,,,,,,,,,,0.094,17122.757,Pinned,Device,NVIDIA A100-SXM4-40GB MIG 4g.20gb (0),1,,13,[CUDA memcpy Host-to-Device]
4486380317,3136,286432,,,,,,,,,,1.547,493182.821,Device,,NVIDIA A100-SXM4-40GB MIG 4g.20gb (0),1,,13,[CUDA memset]
4486385949,3648,286437,,,,,,,,,,0.031,8578.922,Pinned,Device,NVIDIA A100-SXM4-40GB MIG 4g.20gb (0),1,,13,[CUDA memcpy Host-to-Device]
4486392381,9760,286438,,,,,,,,,,0.197,20144.259,Pinned,Device,NVIDIA A100-SXM4-40GB MIG 4g.20gb (0),1,,13,[CUDA memcpy Host-to-Device]
4486407581,6528,286439,273,1,1,8,4,1,39,0.002,0.000,,,,,NVIDIA A100-SXM4-40GB MIG 4g.20gb (0),1,,13,"void channel_eq::eqMmseCoefCompLowMimoKernel<float, float, float, (unsigned int)4, (unsigned int)1, (unsigned int)4>(const channel_eq::_puschRxChEqStatDescr *, channel_eq::_puschRxChEqCoefCompDynDescr)"
4486417757,8064,286440,273,1,1,12,11,1,51,0.002,0.000,,,,,NVIDIA A100-SXM4-40GB MIG 4g.20gb (0),1,,13,"void channel_eq::eqMmseSoftDemapKernel<float, __half, __half, float, (unsigned int)4, (unsigned short)16383>(channel_eq::_puschRxChEqStatDescr *, channel_eq::_puschRxChEqSoftDemapDynDescr)"
4486428285,294812,286441,1,1,1,32,32,1,30,0.000,0.000,,,,,NVIDIA A100-SXM4-40GB MIG 4g.20gb (0),1,,13,"void convert_kernel<float2, __half2>(tensor_layout_any, T1 *, tensor_layout_any, const T2 *)"
4486726169,10976,286453,2253,1,1,128,1,1,16,0.000,0.000,,,,,NVIDIA A100-SXM4-40GB MIG 4g.20gb (0),1,,13,cupy_copy__float16_float16
4486741977,2688,286462,282,1,1,128,1,1,16,0.000,0.000,,,,,NVIDIA A100-SXM4-40GB MIG 4g.20gb (0),1,,13,cupy_copy__complex64_complex64
4486747385,2304,286471,26,1,1,128,1,1,16,0.000,0.000,,,,,NVIDIA A100-SXM4-40GB MIG 4g.20gb (0),1,,13,cupy_copy__float32_float32
4486752345,3232,286480,103,1,1,128,1,1,16,0.000,0.000,,,,,NVIDIA A100-SXM4-40GB MIG 4g.20gb (0),1,,13,cupy_copy__complex64_complex64
4486756537,12031,286490,1434,1,1,128,1,1,16,0.000,0.000,,,,,NVIDIA A100-SXM4-40GB MIG 4g.20gb (0),1,,13,cupy_copy__complex64_complex64
4486769752,82079,286495,1,1,1,32,32,1,30,0.000,0.000,,,,,NVIDIA A100-SXM4-40GB MIG 4g.20gb (0),1,,13,"void convert_kernel<__half2, float2>(tensor_layout_any, T1 *, tensor_layout_any, const T2 *)"
4486982550,5792,286498,,,,,,,,,,0.094,16176.708,Pinned,Device,NVIDIA A100-SXM4-40GB MIG 4g.20gb (0),1,,13,[CUDA memcpy Host-to-Device]
4486997174,598520,286499,,,,,,,,,,456.561,762457.605,Device,,NVIDIA A100-SXM4-40GB MIG 4g.20gb (0),1,,13,[CUDA memset]
4487602670,142526,286504,,,,,,,,,,1.235,8664.367,Pinned,Device,NVIDIA A100-SXM4-40GB MIG 4g.20gb (0),1,,13,[CUDA memcpy Host-to-Device]
4487758220,43232,286505,,,,,,,,,,0.197,4547.740,Pinned,Device,NVIDIA A100-SXM4-40GB MIG 4g.20gb (0),1,,13,[CUDA memcpy Host-to-Device]
4487828171,8192,286506,69,4,1,48,1,1,76,0.002,0.000,,,,,NVIDIA A100-SXM4-40GB MIG 4g.20gb (0),1,,13,"void ch_est::windowedChEstPreNoDftSOfdmKernel<float, __half, float, (unsigned int)2, (unsigned int)1, (unsigned short)4>(ch_est::puschRxChEstStatDescr_t *, ch_est::puschRxChEstDynDescr_t *)"
4487846123,6944,286507,137,2,1,24,2,1,44,0.001,0.001,,,,,NVIDIA A100-SXM4-40GB MIG 4g.20gb (0),1,,13,"void ch_est::chEstFilterNoDftSOfdmDispatchKernel<float, __half, float, (unsigned int)2>(ch_est::puschRxChEstStatDescr_t *, ch_est::puschRxChEstDynDescr_t *)"
4487865867,4832,286508,137,2,1,24,2,1,44,0.001,0.001,,,,,NVIDIA A100-SXM4-40GB MIG 4g.20gb (0),1,,13,"void ch_est::chEstFilterNoDftSOfdmDispatchKernel<float, __half, float, (unsigned int)2>(ch_est::puschRxChEstStatDescr_t *, ch_est::puschRxChEstDynDescr_t *)"
4487882635,2752,286519,103,1,1,128,1,1,16,0.000,0.000,,,,,NVIDIA A100-SXM4-40GB MIG 4g.20gb (0),1,,13,cupy_copy__complex64_complex64
4487899434,12480,286529,1434,1,1,128,1,1,16,0.000,0.000,,,,,NVIDIA A100-SXM4-40GB MIG 4g.20gb (0),1,,13,cupy_copy__complex64_complex64
4487934154,2496,286536,103,1,1,128,1,1,16,0.000,0.000,,,,,NVIDIA A100-SXM4-40GB MIG 4g.20gb (0),1,,13,cupy_copy__complex64_complex64
4487948906,87167,286543,1,1,1,32,32,1,30,0.000,0.000,,,,,NVIDIA A100-SXM4-40GB MIG 4g.20gb (0),1,,13,"void convert_kernel<__half2, float2>(tensor_layout_any, T1 *, tensor_layout_any, const T2 *)"
4488063400,13184,286546,,,,,,,,,,0.094,7106.748,Pinned,Device,NVIDIA A100-SXM4-40GB MIG 4g.20gb (0),1,,13,[CUDA memcpy Host-to-Device]
4488087976,47872,286547,,,,,,,,,,35.810,748033.419,Device,,NVIDIA A100-SXM4-40GB MIG 4g.20gb (0),1,,13,[CUDA memset]
4488136552,7359,286549,,,,,,,,,,0.000,10.871,Pinned,Device,NVIDIA A100-SXM4-40GB MIG 4g.20gb (0),1,,13,[CUDA memcpy Host-to-Device]
4488148711,15136,286550,,,,,,,,,,0.197,12989.301,Pinned,Device,NVIDIA A100-SXM4-40GB MIG 4g.20gb (0),1,,13,[CUDA memcpy Host-to-Device]
4488176807,10208,286551,273,1,1,48,1,1,40,0.000,0.001,,,,,NVIDIA A100-SXM4-40GB MIG 4g.20gb (0),1,,13,"void pusch_noise_intf_est::noiseIntfEstNoDftSOfdmKernel<float, __half, float, float, (unsigned int)2, (unsigned int)1, (unsigned char)4, (unsigned char)4>(pusch_noise_intf_est::puschRxNoiseIntfEstDynDescr)"
4488195303,2592,286562,35,1,1,128,1,1,16,0.000,0.000,,,,,NVIDIA A100-SXM4-40GB MIG 4g.20gb (0),1,,13,cupy_copy__complex64_complex64
4488205607,1888,286571,1,1,1,1,1,1,18,0.000,0.000,,,,,NVIDIA A100-SXM4-40GB MIG 4g.20gb (0),1,,13,cupy_copy__float32_float32
4488219911,6367,286577,,,,,,,,,,0.000,0.628,Device,Pageable,NVIDIA A100-SXM4-40GB MIG 4g.20gb (0),1,,7,[CUDA memcpy Device-to-Host]
4488298598,12863,286588,1434,1,1,128,1,1,16,0.000,0.000,,,,,NVIDIA A100-SXM4-40GB MIG 4g.20gb (0),1,,13,cupy_copy__complex64_complex64
4488332837,3584,286595,103,1,1,128,1,1,16,0.000,0.000,,,,,NVIDIA A100-SXM4-40GB MIG 4g.20gb (0),1,,13,cupy_copy__complex64_complex64
4488351717,2624,286602,35,1,1,128,1,1,16,0.000,0.000,,,,,NVIDIA A100-SXM4-40GB MIG 4g.20gb (0),1,,13,cupy_copy__complex64_complex64
4488365285,2080,286609,1,1,1,1,1,1,18,0.000,0.000,,,,,NVIDIA A100-SXM4-40GB MIG 4g.20gb (0),1,,13,cupy_copy__float32_float32
4488495011,82527,286620,1,1,1,32,32,1,30,0.000,0.000,,,,,NVIDIA A100-SXM4-40GB MIG 4g.20gb (0),1,,13,"void convert_kernel<__half2, float2>(tensor_layout_any, T1 *, tensor_layout_any, const T2 *)"
4488605442,5824,286623,,,,,,,,,,0.094,16087.884,Pinned,Device,NVIDIA A100-SXM4-40GB MIG 4g.20gb (0),1,,13,[CUDA memcpy Host-to-Device]
4488622658,3296,286624,,,,,,,,,,1.547,469242.628,Device,,NVIDIA A100-SXM4-40GB MIG 4g.20gb (0),1,,13,[CUDA memset]
4488627266,3551,286629,,,,,,,,,,0.031,8813.267,Pinned,Device,NVIDIA A100-SXM4-40GB MIG 4g.20gb (0),1,,13,[CUDA memcpy Host-to-Device]
4488632897,10144,286630,,,,,,,,,,0.197,19381.617,Pinned,Device,NVIDIA A100-SXM4-40GB MIG 4g.20gb (0),1,,13,[CUDA memcpy Host-to-Device]
4488648065,6400,286631,273,1,1,8,4,1,39,0.002,0.000,,,,,NVIDIA A100-SXM4-40GB MIG 4g.20gb (0),1,,13,"void channel_eq::eqMmseCoefCompLowMimoKernel<float, float, float, (unsigned int)4, (unsigned int)1, (unsigned int)4>(const channel_eq::_puschRxChEqStatDescr *, channel_eq::_puschRxChEqCoefCompDynDescr)"
4488656673,5824,286632,273,1,1,12,11,1,51,0.002,0.000,,,,,NVIDIA A100-SXM4-40GB MIG 4g.20gb (0),1,,13,"void channel_eq::eqMmseSoftDemapKernel<float, __half, __half, float, (unsigned int)4, (unsigned short)16383>(channel_eq::_puschRxChEqStatDescr *, channel_eq::_puschRxChEqSoftDemapDynDescr)"
4488663553,282205,286633,1,1,1,32,32,1,30,0.000,0.000,,,,,NVIDIA A100-SXM4-40GB MIG 4g.20gb (0),1,,13,"void convert_kernel<float2, __half2>(tensor_layout_any, T1 *, tensor_layout_any, const T2 *)"
4488947006,11135,286645,2253,1,1,128,1,1,16,0.000,0.000,,,,,NVIDIA A100-SXM4-40GB MIG 4g.20gb (0),1,,13,cupy_copy__float16_float16
4488960445,3680,286654,282,1,1,128,1,1,16,0.000,0.000,,,,,NVIDIA A100-SXM4-40GB MIG 4g.20gb (0),1,,13,cupy_copy__complex64_complex64
4488968381,2016,286663,26,1,1,128,1,1,16,0.000,0.000,,,,,NVIDIA A100-SXM4-40GB MIG 4g.20gb (0),1,,13,cupy_copy__float32_float32
4488972253,3008,286672,103,1,1,128,1,1,16,0.000,0.000,,,,,NVIDIA A100-SXM4-40GB MIG 4g.20gb (0),1,,13,cupy_copy__complex64_complex64
4489028381,12255,286688,1434,1,1,128,1,1,16,0.000,0.000,,,,,NVIDIA A100-SXM4-40GB MIG 4g.20gb (0),1,,13,cupy_copy__complex64_complex64
4489144187,81279,286693,1,1,1,32,32,1,30,0.000,0.000,,,,,NVIDIA A100-SXM4-40GB MIG 4g.20gb (0),1,,13,"void convert_kernel<__half2, float2>(tensor_layout_any, T1 *, tensor_layout_any, const T2 *)"
4489253466,6144,286696,,,,,,,,,,0.094,15249.961,Pinned,Device,NVIDIA A100-SXM4-40GB MIG 4g.20gb (0),1,,13,[CUDA memcpy Host-to-Device]
4489264954,600248,286697,,,,,,,,,,456.561,760174.798,Device,,NVIDIA A100-SXM4-40GB MIG 4g.20gb (0),1,,13,[CUDA memset]
4489872882,156958,286702,,,,,,,,,,1.235,7867.828,Pinned,Device,NVIDIA A100-SXM4-40GB MIG 4g.20gb (0),1,,13,[CUDA memcpy Host-to-Device]
4490041712,41216,286703,,,,,,,,,,0.197,4770.103,Pinned,Device,NVIDIA A100-SXM4-40GB MIG 4g.20gb (0),1,,13,[CUDA memcpy Host-to-Device]
4490104559,8096,286704,69,4,1,48,1,1,76,0.002,0.000,,,,,NVIDIA A100-SXM4-40GB MIG 4g.20gb (0),1,,13,"void ch_est::windowedChEstPreNoDftSOfdmKernel<float, __half, float, (unsigned int)2, (unsigned int)1, (unsigned short)4>(ch_est::puschRxChEstStatDescr_t *, ch_est::puschRxChEstDynDescr_t *)"
4490123791,6432,286705,137,2,1,24,2,1,44,0.001,0.001,,,,,NVIDIA A100-SXM4-40GB MIG 4g.20gb (0),1,,13,"void ch_est::chEstFilterNoDftSOfdmDispatchKernel<float, __half, float, (unsigned int)2>(ch_est::puschRxChEstStatDescr_t *, ch_est::puschRxChEstDynDescr_t *)"
4490140335,4736,286706,137,2,1,24,2,1,44,0.001,0.001,,,,,NVIDIA A100-SXM4-40GB MIG 4g.20gb (0),1,,13,"void ch_est::chEstFilterNoDftSOfdmDispatchKernel<float, __half, float, (unsigned int)2>(ch_est::puschRxChEstStatDescr_t *, ch_est::puschRxChEstDynDescr_t *)"
4490158991,2656,286717,103,1,1,128,1,1,16,0.000,0.000,,,,,NVIDIA A100-SXM4-40GB MIG 4g.20gb (0),1,,13,cupy_copy__complex64_complex64
4490173006,12896,286727,1434,1,1,128,1,1,16,0.000,0.000,,,,,NVIDIA A100-SXM4-40GB MIG 4g.20gb (0),1,,13,cupy_copy__complex64_complex64
4490206510,2752,286734,103,1,1,128,1,1,16,0.000,0.000,,,,,NVIDIA A100-SXM4-40GB MIG 4g.20gb (0),1,,13,cupy_copy__complex64_complex64
4490218638,84415,286741,1,1,1,32,32,1,30,0.000,0.000,,,,,NVIDIA A100-SXM4-40GB MIG 4g.20gb (0),1,,13,"void convert_kernel<__half2, float2>(tensor_layout_any, T1 *, tensor_layout_any, const T2 *)"
4490331533,13151,286744,,,,,,,,,,0.094,7124.550,Pinned,Device,NVIDIA A100-SXM4-40GB MIG 4g.20gb (0),1,,13,[CUDA memcpy Host-to-Device]
4490349676,47200,286745,,,,,,,,,,35.810,758668.965,Device,,NVIDIA A100-SXM4-40GB MIG 4g.20gb (0),1,,13,[CUDA memset]
4490403596,2848,286747,,,,,,,,,,0.000,28.090,Pinned,Device,NVIDIA A100-SXM4-40GB MIG 4g.20gb (0),1,,13,[CUDA memcpy Host-to-Device]
4490413996,17279,286748,,,,,,,,,,0.197,11378.295,Pinned,Device,NVIDIA A100-SXM4-40GB MIG 4g.20gb (0),1,,13,[CUDA memcpy Host-to-Device]
4490444235,9952,286749,273,1,1,48,1,1,40,0.000,0.001,,,,,NVIDIA A100-SXM4-40GB MIG 4g.20gb (0),1,,13,"void pusch_noise_intf_est::noiseIntfEstNoDftSOfdmKernel<float, __half, float, float, (unsigned int)2, (unsigned int)1, (unsigned char)4, (unsigned char)4>(pusch_noise_intf_est::puschRxNoiseIntfEstDynDescr)"
4490464427,2816,286760,35,1,1,128,1,1,16,0.000,0.000,,,,,NVIDIA A100-SXM4-40GB MIG 4g.20gb (0),1,,13,cupy_copy__complex64_complex64
4490474571,1664,286769,1,1,1,1,1,1,18,0.000,0.000,,,,,NVIDIA A100-SXM4-40GB MIG 4g.20gb (0),1,,13,cupy_copy__float32_float32
4490488299,6752,286775,,,,,,,,,,0.000,0.592,Device,Pageable,NVIDIA A100-SXM4-40GB MIG 4g.20gb (0),1,,7,[CUDA memcpy Device-to-Host]
4490577705,13056,286786,1434,1,1,128,1,1,16,0.000,0.000,,,,,NVIDIA A100-SXM4-40GB MIG 4g.20gb (0),1,,13,cupy_copy__complex64_complex64
4490593129,2816,286793,103,1,1,128,1,1,16,0.000,0.000,,,,,NVIDIA A100-SXM4-40GB MIG 4g.20gb (0),1,,13,cupy_copy__complex64_complex64
4490614985,2816,286800,35,1,1,128,1,1,16,0.000,0.000,,,,,NVIDIA A100-SXM4-40GB MIG 4g.20gb (0),1,,13,cupy_copy__complex64_complex64
4490643497,1792,286807,1,1,1,1,1,1,18,0.000,0.000,,,,,NVIDIA A100-SXM4-40GB MIG 4g.20gb (0),1,,13,cupy_copy__float32_float32
4490763303,82367,286818,1,1,1,32,32,1,30,0.000,0.000,,,,,NVIDIA A100-SXM4-40GB MIG 4g.20gb (0),1,,13,"void convert_kernel<__half2, float2>(tensor_layout_any, T1 *, tensor_layout_any, const T2 *)"
4490915525,5792,286821,,,,,,,,,,0.094,16176.708,Pinned,Device,NVIDIA A100-SXM4-40GB MIG 4g.20gb (0),1,,13,[CUDA memcpy Host-to-Device]
4490935557,3328,286822,,,,,,,,,,1.547,464729.580,Device,,NVIDIA A100-SXM4-40GB MIG 4g.20gb (0),1,,13,[CUDA memset]
4490942885,3488,286827,,,,,,,,,,0.031,8972.469,Pinned,Device,NVIDIA A100-SXM4-40GB MIG 4g.20gb (0),1,,13,[CUDA memcpy Host-to-Device]
4490949093,9504,286828,,,,,,,,,,0.197,20686.701,Pinned,Device,NVIDIA A100-SXM4-40GB MIG 4g.20gb (0),1,,13,[CUDA memcpy Host-to-Device]
4490963525,6432,286829,273,1,1,8,4,1,39,0.002,0.000,,,,,NVIDIA A100-SXM4-40GB MIG 4g.20gb (0),1,,13,"void channel_eq::eqMmseCoefCompLowMimoKernel<float, float, float, (unsigned int)4, (unsigned int)1, (unsigned int)4>(const channel_eq::_puschRxChEqStatDescr *, channel_eq::_puschRxChEqCoefCompDynDescr)"
4490973445,6048,286830,273,1,1,12,11,1,51,0.002,0.000,,,,,NVIDIA A100-SXM4-40GB MIG 4g.20gb (0),1,,13,"void channel_eq::eqMmseSoftDemapKernel<float, __half, __half, float, (unsigned int)4, (unsigned short)16383>(channel_eq::_puschRxChEqStatDescr *, channel_eq::_puschRxChEqSoftDemapDynDescr)"
4490980869,282812,286831,1,1,1,32,32,1,30,0.000,0.000,,,,,NVIDIA A100-SXM4-40GB MIG 4g.20gb (0),1,,13,"void convert_kernel<float2, __half2>(tensor_layout_any, T1 *, tensor_layout_any, const T2 *)"
4491264865,11072,286843,2253,1,1,128,1,1,16,0.000,0.000,,,,,NVIDIA A100-SXM4-40GB MIG 4g.20gb (0),1,,13,cupy_copy__float16_float16
4491279969,2944,286852,282,1,1,128,1,1,16,0.000,0.000,,,,,NVIDIA A100-SXM4-40GB MIG 4g.20gb (0),1,,13,cupy_copy__complex64_complex64
4491283937,2016,286861,26,1,1,128,1,1,16,0.000,0.000,,,,,NVIDIA A100-SXM4-40GB MIG 4g.20gb (0),1,,13,cupy_copy__float32_float32
4491290081,3168,286870,103,1,1,128,1,1,16,0.000,0.000,,,,,NVIDIA A100-SXM4-40GB MIG 4g.20gb (0),1,,13,cupy_copy__complex64_complex64
4491296033,12511,286880,1434,1,1,128,1,1,16,0.000,0.000,,,,,NVIDIA A100-SXM4-40GB MIG 4g.20gb (0),1,,13,cupy_copy__complex64_complex64
4491323008,81759,286885,1,1,1,32,32,1,30,0.000,0.000,,,,,NVIDIA A100-SXM4-40GB MIG 4g.20gb (0),1,,13,"void convert_kernel<__half2, float2>(tensor_layout_any, T1 *, tensor_layout_any, const T2 *)"
4491432799,5952,286888,,,,,,,,,,0.094,15741.865,Pinned,Device,NVIDIA A100-SXM4-40GB MIG 4g.20gb (0),1,,13,[CUDA memcpy Host-to-Device]
4491442847,597464,286889,,,,,,,,,,456.561,763827.289,Device,,NVIDIA A100-SXM4-40GB MIG 4g.20gb (0),1,,13,[CUDA memset]
4492046071,134751,286894,,,,,,,,,,1.235,9164.519,Pinned,Device,NVIDIA A100-SXM4-40GB MIG 4g.20gb (0),1,,13,[CUDA memcpy Host-to-Device]
4492189878,31935,286895,,,,,,,,,,0.197,6156.386,Pinned,Device,NVIDIA A100-SXM4-40GB MIG 4g.20gb (0),1,,13,[CUDA memcpy Host-to-Device]
4492235413,8160,286896,69,4,1,48,1,1,76,0.002,0.000,,,,,NVIDIA A100-SXM4-40GB MIG 4g.20gb (0),1,,13,"void ch_est::windowedChEstPreNoDftSOfdmKernel<float, __half, float, (unsigned int)2, (unsigned int)1, (unsigned short)4>(ch_est::puschRxChEstStatDescr_t *, ch_est::puschRxChEstDynDescr_t *)"
4492260533,6624,286897,137,2,1,24,2,1,44,0.001,0.001,,,,,NVIDIA A100-SXM4-40GB MIG 4g.20gb (0),1,,13,"void ch_est::chEstFilterNoDftSOfdmDispatchKernel<float, __half, float, (unsigned int)2>(ch_est::puschRxChEstStatDescr_t *, ch_est::puschRxChEstDynDescr_t *)"
4492273813,4768,286898,137,2,1,24,2,1,44,0.001,0.001,,,,,NVIDIA A100-SXM4-40GB MIG 4g.20gb (0),1,,13,"void ch_est::chEstFilterNoDftSOfdmDispatchKernel<float, __half, float, (unsigned int)2>(ch_est::puschRxChEstStatDescr_t *, ch_est::puschRxChEstDynDescr_t *)"
4492287124,2528,286909,103,1,1,128,1,1,16,0.000,0.000,,,,,NVIDIA A100-SXM4-40GB MIG 4g.20gb (0),1,,13,cupy_copy__complex64_complex64
4492302996,12512,286919,1434,1,1,128,1,1,16,0.000,0.000,,,,,NVIDIA A100-SXM4-40GB MIG 4g.20gb (0),1,,13,cupy_copy__complex64_complex64
4492336372,2624,286926,103,1,1,128,1,1,16,0.000,0.000,,,,,NVIDIA A100-SXM4-40GB MIG 4g.20gb (0),1,,13,cupy_copy__complex64_complex64
4492350644,87167,286933,1,1,1,32,32,1,30,0.000,0.000,,,,,NVIDIA A100-SXM4-40GB MIG 4g.20gb (0),1,,13,"void convert_kernel<__half2, float2>(tensor_layout_any, T1 *, tensor_layout_any, const T2 *)"
4492471890,18048,286936,,,,,,,,,,0.094,5191.414,Pinned,Device,NVIDIA A100-SXM4-40GB MIG 4g.20gb (0),1,,13,[CUDA memcpy Host-to-Device]
4492498578,47103,286937,,,,,,,,,,35.810,760244.602,Device,,NVIDIA A100-SXM4-40GB MIG 4g.20gb (0),1,,13,[CUDA memset]
4492553649,3168,286939,,,,,,,,,,0.000,25.252,Pinned,Device,NVIDIA A100-SXM4-40GB MIG 4g.20gb (0),1,,13,[CUDA memcpy Host-to-Device]
4492566161,14176,286940,,,,,,,,,,0.197,13868.925,Pinned,Device,NVIDIA A100-SXM4-40GB MIG 4g.20gb (0),1,,13,[CUDA memcpy Host-to-Device]
4492591857,9504,286941,273,1,1,48,1,1,40,0.000,0.001,,,,,NVIDIA A100-SXM4-40GB MIG 4g.20gb (0),1,,13,"void pusch_noise_intf_est::noiseIntfEstNoDftSOfdmKernel<float, __half, float, float, (unsigned int)2, (unsigned int)1, (unsigned char)4, (unsigned char)4>(pusch_noise_intf_est::puschRxNoiseIntfEstDynDescr)"
4492606352,3264,286952,35,1,1,128,1,1,16,0.000,0.000,,,,,NVIDIA A100-SXM4-40GB MIG 4g.20gb (0),1,,13,cupy_copy__complex64_complex64
4492614544,1856,286961,1,1,1,1,1,1,18,0.000,0.000,,,,,NVIDIA A100-SXM4-40GB MIG 4g.20gb (0),1,,13,cupy_copy__float32_float32
4492626320,5920,286967,,,,,,,,,,0.000,0.676,Device,Pageable,NVIDIA A100-SXM4-40GB MIG 4g.20gb (0),1,,7,[CUDA memcpy Device-to-Host]
4492701679,13216,286978,1434,1,1,128,1,1,16,0.000,0.000,,,,,NVIDIA A100-SXM4-40GB MIG 4g.20gb (0),1,,13,cupy_copy__complex64_complex64
4492731983,3392,286985,103,1,1,128,1,1,16,0.000,0.000,,,,,NVIDIA A100-SXM4-40GB MIG 4g.20gb (0),1,,13,cupy_copy__complex64_complex64
4492749071,2528,286992,35,1,1,128,1,1,16,0.000,0.000,,,,,NVIDIA A100-SXM4-40GB MIG 4g.20gb (0),1,,13,cupy_copy__complex64_complex64
4492770286,1952,286999,1,1,1,1,1,1,18,0.000,0.000,,,,,NVIDIA A100-SXM4-40GB MIG 4g.20gb (0),1,,13,cupy_copy__float32_float32
4492902637,86911,287010,1,1,1,32,32,1,30,0.000,0.000,,,,,NVIDIA A100-SXM4-40GB MIG 4g.20gb (0),1,,13,"void convert_kernel<__half2, float2>(tensor_layout_any, T1 *, tensor_layout_any, const T2 *)"
4493020523,13056,287013,,,,,,,,,,0.094,7176.458,Pinned,Device,NVIDIA A100-SXM4-40GB MIG 4g.20gb (0),1,,13,[CUDA memcpy Host-to-Device]
4493041803,3456,287014,,,,,,,,,,1.547,447517.201,Device,,NVIDIA A100-SXM4-40GB MIG 4g.20gb (0),1,,13,[CUDA memset]
4493047275,6368,287019,,,,,,,,,,0.031,4914.567,Pinned,Device,NVIDIA A100-SXM4-40GB MIG 4g.20gb (0),1,,13,[CUDA memcpy Host-to-Device]
4493056395,11520,287020,,,,,,,,,,0.197,17066.557,Pinned,Device,NVIDIA A100-SXM4-40GB MIG 4g.20gb (0),1,,13,[CUDA memcpy Host-to-Device]
4493076171,8288,287021,273,1,1,8,4,1,39,0.002,0.000,,,,,NVIDIA A100-SXM4-40GB MIG 4g.20gb (0),1,,13,"void channel_eq::eqMmseCoefCompLowMimoKernel<float, float, float, (unsigned int)4, (unsigned int)1, (unsigned int)4>(const channel_eq::_puschRxChEqStatDescr *, channel_eq::_puschRxChEqCoefCompDynDescr)"
4493088491,5503,287022,273,1,1,12,11,1,51,0.002,0.000,,,,,NVIDIA A100-SXM4-40GB MIG 4g.20gb (0),1,,13,"void channel_eq::eqMmseSoftDemapKernel<float, __half, __half, float, (unsigned int)4, (unsigned short)16383>(channel_eq::_puschRxChEqStatDescr *, channel_eq::_puschRxChEqSoftDemapDynDescr)"
4493097994,283357,287023,1,1,1,32,32,1,30,0.000,0.000,,,,,NVIDIA A100-SXM4-40GB MIG 4g.20gb (0),1,,13,"void convert_kernel<float2, __half2>(tensor_layout_any, T1 *, tensor_layout_any, const T2 *)"
4493382311,10848,287035,2253,1,1,128,1,1,16,0.000,0.000,,,,,NVIDIA A100-SXM4-40GB MIG 4g.20gb (0),1,,13,cupy_copy__float16_float16
4493397927,2912,287044,282,1,1,128,1,1,16,0.000,0.000,,,,,NVIDIA A100-SXM4-40GB MIG 4g.20gb (0),1,,13,cupy_copy__complex64_complex64
4493402791,2016,287053,26,1,1,128,1,1,16,0.000,0.000,,,,,NVIDIA A100-SXM4-40GB MIG 4g.20gb (0),1,,13,cupy_copy__float32_float32
4493405927,2880,287062,103,1,1,128,1,1,16,0.000,0.000,,,,,NVIDIA A100-SXM4-40GB MIG 4g.20gb (0),1,,13,cupy_copy__complex64_complex64
4493409959,12191,287072,1434,1,1,128,1,1,16,0.000,0.000,,,,,NVIDIA A100-SXM4-40GB MIG 4g.20gb (0),1,,13,cupy_copy__complex64_complex64
4493423718,81951,287077,1,1,1,32,32,1,30,0.000,0.000,,,,,NVIDIA A100-SXM4-40GB MIG 4g.20gb (0),1,,13,"void convert_kernel<__half2, float2>(tensor_layout_any, T1 *, tensor_layout_any, const T2 *)"
4493532581,5344,287080,,,,,,,,,,0.094,17532.864,Pinned,Device,NVIDIA A100-SXM4-40GB MIG 4g.20gb (0),1,,13,[CUDA memcpy Host-to-Device]
4493543077,597721,287081,,,,,,,,,,456.561,763827.289,Device,,NVIDIA A100-SXM4-40GB MIG 4g.20gb (0),1,,13,[CUDA memset]
4494141598,142622,287086,,,,,,,,,,1.235,8658.192,Pinned,Device,NVIDIA A100-SXM4-40GB MIG 4g.20gb (0),1,,13,[CUDA memcpy Host-to-Device]
4494300860,42431,287087,,,,,,,,,,0.197,4633.461,Pinned,Device,NVIDIA A100-SXM4-40GB MIG 4g.20gb (0),1,,13,[CUDA memcpy Host-to-Device]
4494371835,8512,287088,69,4,1,48,1,1,76,0.002,0.000,,,,,NVIDIA A100-SXM4-40GB MIG 4g.20gb (0),1,,13,"void ch_est::windowedChEstPreNoDftSOfdmKernel<float, __half, float, (unsigned int)2, (unsigned int)1, (unsigned short)4>(ch_est::puschRxChEstStatDescr_t *, ch_est::puschRxChEstDynDescr_t *)"
4494391482,6528,287089,137,2,1,24,2,1,44,0.001,0.001,,,,,NVIDIA A100-SXM4-40GB MIG 4g.20gb (0),1,,13,"void ch_est::chEstFilterNoDftSOfdmDispatchKernel<float, __half, float, (unsigned int)2>(ch_est::puschRxChEstStatDescr_t *, ch_est::puschRxChEstDynDescr_t *)"
4494408026,4704,287090,137,2,1,24,2,1,44,0.001,0.001,,,,,NVIDIA A100-SXM4-40GB MIG 4g.20gb (0),1,,13,"void ch_est::chEstFilterNoDftSOfdmDispatchKernel<float, __half, float, (unsigned int)2>(ch_est::puschRxChEstStatDescr_t *, ch_est::puschRxChEstDynDescr_t *)"
4494425338,2624,287101,103,1,1,128,1,1,16,0.000,0.000,,,,,NVIDIA A100-SXM4-40GB MIG 4g.20gb (0),1,,13,cupy_copy__complex64_complex64
4494441946,12416,287111,1434,1,1,128,1,1,16,0.000,0.000,,,,,NVIDIA A100-SXM4-40GB MIG 4g.20gb (0),1,,13,cupy_copy__complex64_complex64
4494463066,2912,287118,103,1,1,128,1,1,16,0.000,0.000,,,,,NVIDIA A100-SXM4-40GB MIG 4g.20gb (0),1,,13,cupy_copy__complex64_complex64
4494486361,91743,287125,1,1,1,32,32,1,30,0.000,0.000,,,,,NVIDIA A100-SXM4-40GB MIG 4g.20gb (0),1,,13,"void convert_kernel<__half2, float2>(tensor_layout_any, T1 *, tensor_layout_any, const T2 *)"
4494612312,19840,287128,,,,,,,,,,0.094,4722.559,Pinned,Device,NVIDIA A100-SXM4-40GB MIG 4g.20gb (0),1,,13,[CUDA memcpy Host-to-Device]
4494646967,48064,287129,,,,,,,,,,35.810,745025.386,Device,,NVIDIA A100-SXM4-40GB MIG 4g.20gb (0),1,,13,[CUDA memset]
4494700247,11648,287131,,,,,,,,,,0.000,6.868,Pinned,Device,NVIDIA A100-SXM4-40GB MIG 4g.20gb (0),1,,13,[CUDA memcpy Host-to-Device]
4494721558,35680,287132,,,,,,,,,,0.197,5510.136,Pinned,Device,NVIDIA A100-SXM4-40GB MIG 4g.20gb (0),1,,13,[CUDA memcpy Host-to-Device]
4494776726,10432,287133,273,1,1,48,1,1,40,0.000,0.001,,,,,NVIDIA A100-SXM4-40GB MIG 4g.20gb (0),1,,13,"void pusch_noise_intf_est::noiseIntfEstNoDftSOfdmKernel<float, __half, float, float, (unsigned int)2, (unsigned int)1, (unsigned char)4, (unsigned char)4>(pusch_noise_intf_est::puschRxNoiseIntfEstDynDescr)"
4494792214,2784,287144,35,1,1,128,1,1,16,0.000,0.000,,,,,NVIDIA A100-SXM4-40GB MIG 4g.20gb (0),1,,13,cupy_copy__complex64_complex64
4494800213,1696,287153,1,1,1,1,1,1,18,0.000,0.000,,,,,NVIDIA A100-SXM4-40GB MIG 4g.20gb (0),1,,13,cupy_copy__float32_float32
4494804693,6592,287159,,,,,,,,,,0.000,0.607,Device,Pageable,NVIDIA A100-SXM4-40GB MIG 4g.20gb (0),1,,7,[CUDA memcpy Device-to-Host]
4494891220,12992,287170,1434,1,1,128,1,1,16,0.000,0.000,,,,,NVIDIA A100-SXM4-40GB MIG 4g.20gb (0),1,,13,cupy_copy__complex64_complex64
4494919028,3296,287177,103,1,1,128,1,1,16,0.000,0.000,,,,,NVIDIA A100-SXM4-40GB MIG 4g.20gb (0),1,,13,cupy_copy__complex64_complex64
4494938388,2368,287184,35,1,1,128,1,1,16,0.000,0.000,,,,,NVIDIA A100-SXM4-40GB MIG 4g.20gb (0),1,,13,cupy_copy__complex64_complex64
4494955700,1856,287191,1,1,1,1,1,1,18,0.000,0.000,,,,,NVIDIA A100-SXM4-40GB MIG 4g.20gb (0),1,,13,cupy_copy__float32_float32
4495087826,87679,287202,1,1,1,32,32,1,30,0.000,0.000,,,,,NVIDIA A100-SXM4-40GB MIG 4g.20gb (0),1,,13,"void convert_kernel<__half2, float2>(tensor_layout_any, T1 *, tensor_layout_any, const T2 *)"
4495203632,5568,287205,,,,,,,,,,0.094,16827.521,Pinned,Device,NVIDIA A100-SXM4-40GB MIG 4g.20gb (0),1,,13,[CUDA memcpy Host-to-Device]
4495219920,3616,287206,,,,,,,,,,1.547,427715.774,Device,,NVIDIA A100-SXM4-40GB MIG 4g.20gb (0),1,,13,[CUDA memset]
4495225840,3616,287211,,,,,,,,,,0.031,8654.846,Pinned,Device,NVIDIA A100-SXM4-40GB MIG 4g.20gb (0),1,,13,[CUDA memcpy Host-to-Device]
4495231536,9632,287212,,,,,,,,,,0.197,20411.843,Pinned,Device,NVIDIA A100-SXM4-40GB MIG 4g.20gb (0),1,,13,[CUDA memcpy Host-to-Device]
4495246480,6208,287213,273,1,1,8,4,1,39,0.002,0.000,,,,,NVIDIA A100-SXM4-40GB MIG 4g.20gb (0),1,,13,"void channel_eq::eqMmseCoefCompLowMimoKernel<float, float, float, (unsigned int)4, (unsigned int)1, (unsigned int)4>(const channel_eq::_puschRxChEqStatDescr *, channel_eq::_puschRxChEqCoefCompDynDescr)"
4495253648,6336,287214,273,1,1,12,11,1,51,0.002,0.000,,,,,NVIDIA A100-SXM4-40GB MIG 4g.20gb (0),1,,13,"void channel_eq::eqMmseSoftDemapKernel<float, __half, __half, float, (unsigned int)4, (unsigned short)16383>(channel_eq::_puschRxChEqStatDescr *, channel_eq::_puschRxChEqSoftDemapDynDescr)"
4495261040,282780,287215,1,1,1,32,32,1,30,0.000,0.000,,,,,NVIDIA A100-SXM4-40GB MIG 4g.20gb (0),1,,13,"void convert_kernel<float2, __half2>(tensor_layout_any, T1 *, tensor_layout_any, const T2 *)"
4495545068,11040,287227,2253,1,1,128,1,1,16,0.000,0.000,,,,,NVIDIA A100-SXM4-40GB MIG 4g.20gb (0),1,,13,cupy_copy__float16_float16
4495561132,2688,287236,282,1,1,128,1,1,16,0.000,0.000,,,,,NVIDIA A100-SXM4-40GB MIG 4g.20gb (0),1,,13,cupy_copy__complex64_complex64
4495566924,2048,287245,26,1,1,128,1,1,16,0.000,0.000,,,,,NVIDIA A100-SXM4-40GB MIG 4g.20gb (0),1,,13,cupy_copy__float32_float32
4495569900,3264,287254,103,1,1,128,1,1,16,0.000,0.000,,,,,NVIDIA A100-SXM4-40GB MIG 4g.20gb (0),1,,13,cupy_copy__complex64_complex64
4495574124,12064,287264,1434,1,1,128,1,1,16,0.000,0.000,,,,,NVIDIA A100-SXM4-40GB MIG 4g.20gb (0),1,,13,cupy_copy__complex64_complex64
4495595180,87903,287269,1,1,1,32,32,1,30,0.000,0.000,,,,,NVIDIA A100-SXM4-40GB MIG 4g.20gb (0),1,,13,"void convert_kernel<__half2, float2>(tensor_layout_any, T1 *, tensor_layout_any, const T2 *)"
4495709802,5696,287272,,,,,,,,,,0.094,16449.363,Pinned,Device,NVIDIA A100-SXM4-40GB MIG 4g.20gb (0),1,,13,[CUDA memcpy Host-to-Device]
4495719658,599513,287273,,,,,,,,,,456.561,761544.482,Device,,NVIDIA A100-SXM4-40GB MIG 4g.20gb (0),1,,13,[CUDA memset]
4496324195,97790,287278,,,,,,,,,,1.235,12627.302,Pinned,Device,NVIDIA A100-SXM4-40GB MIG 4g.20gb (0),1,,13,[CUDA memcpy Host-to-Device]
4496432065,29952,287279,,,,,,,,,,0.197,6563.955,Pinned,Device,NVIDIA A100-SXM4-40GB MIG 4g.20gb (0),1,,13,[CUDA memcpy Host-to-Device]
4496480577,8096,287280,69,4,1,48,1,1,76,0.002,0.000,,,,,NVIDIA A100-SXM4-40GB MIG 4g.20gb (0),1,,13,"void ch_est::windowedChEstPreNoDftSOfdmKernel<float, __half, float, (unsigned int)2, (unsigned int)1, (unsigned short)4>(ch_est::puschRxChEstStatDescr_t *, ch_est::puschRxChEstDynDescr_t *)"
4496495777,6655,287281,137,2,1,24,2,1,44,0.001,0.001,,,,,NVIDIA A100-SXM4-40GB MIG 4g.20gb (0),1,,13,"void ch_est::chEstFilterNoDftSOfdmDispatchKernel<float, __half, float, (unsigned int)2>(ch_est::puschRxChEstStatDescr_t *, ch_est::puschRxChEstDynDescr_t *)"
4496513824,4672,287282,137,2,1,24,2,1,44,0.001,0.001,,,,,NVIDIA A100-SXM4-40GB MIG 4g.20gb (0),1,,13,"void ch_est::chEstFilterNoDftSOfdmDispatchKernel<float, __half, float, (unsigned int)2>(ch_est::puschRxChEstStatDescr_t *, ch_est::puschRxChEstDynDescr_t *)"
4496530272,2720,287293,103,1,1,128,1,1,16,0.000,0.000,,,,,NVIDIA A100-SXM4-40GB MIG 4g.20gb (0),1,,13,cupy_copy__complex64_complex64
4496546688,12320,287303,1434,1,1,128,1,1,16,0.000,0.000,,,,,NVIDIA A100-SXM4-40GB MIG 4g.20gb (0),1,,13,cupy_copy__complex64_complex64
4496579648,2432,287310,103,1,1,128,1,1,16,0.000,0.000,,,,,NVIDIA A100-SXM4-40GB MIG 4g.20gb (0),1,,13,cupy_copy__complex64_complex64
4496597183,90111,287317,1,1,1,32,32,1,30,0.000,0.000,,,,,NVIDIA A100-SXM4-40GB MIG 4g.20gb (0),1,,13,"void convert_kernel<__half2, float2>(tensor_layout_any, T1 *, tensor_layout_any, const T2 *)"
4496720606,21440,287320,,,,,,,,,,0.094,4370.075,Pinned,Device,NVIDIA A100-SXM4-40GB MIG 4g.20gb (0),1,,13,[CUDA memcpy Host-to-Device]
4496761981,47328,287321,,,,,,,,,,35.810,756627.800,Device,,NVIDIA A100-SXM4-40GB MIG 4g.20gb (0),1,,13,[CUDA memset]
4496812573,11328,287323,,,,,,,,,,0.000,7.062,Pinned,Device,NVIDIA A100-SXM4-40GB MIG 4g.20gb (0),1,,13,[CUDA memcpy Host-to-Device]
4496832988,33920,287324,,,,,,,,,,0.197,5796.200,Pinned,Device,NVIDIA A100-SXM4-40GB MIG 4g.20gb (0),1,,13,[CUDA memcpy Host-to-Device]
4496886428,9408,287325,273,1,1,48,1,1,40,0.000,0.001,,,,,NVIDIA A100-SXM4-40GB MIG 4g.20gb (0),1,,13,"void pusch_noise_intf_est::noiseIntfEstNoDftSOfdmKernel<float, __half, float, float, (unsigned int)2, (unsigned int)1, (unsigned char)4, (unsigned char)4>(pusch_noise_intf_est::puschRxNoiseIntfEstDynDescr)"
4496906300,2591,287336,35,1,1,128,1,1,16,0.000,0.000,,,,,NVIDIA A100-SXM4-40GB MIG 4g.20gb (0),1,,13,cupy_copy__complex64_complex64
4496922907,1696,287345,1,1,1,1,1,1,18,0.000,0.000,,,,,NVIDIA A100-SXM4-40GB MIG 4g.20gb (0),1,,13,cupy_copy__float32_float32
4496926395,8288,287351,,,,,,,,,,0.000,0.483,Device,Pageable,NVIDIA A100-SXM4-40GB MIG 4g.20gb (0),1,,7,[CUDA memcpy Device-to-Host]
4497029594,12928,287362,1434,1,1,128,1,1,16,0.000,0.000,,,,,NVIDIA A100-SXM4-40GB MIG 4g.20gb (0),1,,13,cupy_copy__complex64_complex64
4497051802,3328,287369,103,1,1,128,1,1,16,0.000,0.000,,,,,NVIDIA A100-SXM4-40GB MIG 4g.20gb (0),1,,13,cupy_copy__complex64_complex64
4497075129,2528,287376,35,1,1,128,1,1,16,0.000,0.000,,,,,NVIDIA A100-SXM4-40GB MIG 4g.20gb (0),1,,13,cupy_copy__complex64_complex64
4497094169,1728,287383,1,1,1,1,1,1,18,0.000,0.000,,,,,NVIDIA A100-SXM4-40GB MIG 4g.20gb (0),1,,13,cupy_copy__float32_float32
4497218136,87007,287394,1,1,1,32,32,1,30,0.000,0.000,,,,,NVIDIA A100-SXM4-40GB MIG 4g.20gb (0),1,,13,"void convert_kernel<__half2, float2>(tensor_layout_any, T1 *, tensor_layout_any, const T2 *)"
4497336630,12992,287397,,,,,,,,,,0.094,7211.781,Pinned,Device,NVIDIA A100-SXM4-40GB MIG 4g.20gb (0),1,,13,[CUDA memcpy Host-to-Device]
4497366166,3264,287398,,,,,,,,,,1.547,473842.288,Device,,NVIDIA A100-SXM4-40GB MIG 4g.20gb (0),1,,13,[CUDA memset]
4497372534,3424,287403,,,,,,,,,,0.031,9140.185,Pinned,Device,NVIDIA A100-SXM4-40GB MIG 4g.20gb (0),1,,13,[CUDA memcpy Host-to-Device]
4497379638,9664,287404,,,,,,,,,,0.197,20344.209,Pinned,Device,NVIDIA A100-SXM4-40GB MIG 4g.20gb (0),1,,13,[CUDA memcpy Host-to-Device]
4497394837,6464,287405,273,1,1,8,4,1,39,0.002,0.000,,,,,NVIDIA A100-SXM4-40GB MIG 4g.20gb (0),1,,13,"void channel_eq::eqMmseCoefCompLowMimoKernel<float, float, float, (unsigned int)4, (unsigned int)1, (unsigned int)4>(const channel_eq::_puschRxChEqStatDescr *, channel_eq::_puschRxChEqCoefCompDynDescr)"
4497402869,6144,287406,273,1,1,12,11,1,51,0.002,0.000,,,,,NVIDIA A100-SXM4-40GB MIG 4g.20gb (0),1,,13,"void channel_eq::eqMmseSoftDemapKernel<float, __half, __half, float, (unsigned int)4, (unsigned short)16383>(channel_eq::_puschRxChEqStatDescr *, channel_eq::_puschRxChEqSoftDemapDynDescr)"
4497413333,282973,287407,1,1,1,32,32,1,30,0.000,0.000,,,,,NVIDIA A100-SXM4-40GB MIG 4g.20gb (0),1,,13,"void convert_kernel<float2, __half2>(tensor_layout_any, T1 *, tensor_layout_any, const T2 *)"
4497698386,11040,287419,2253,1,1,128,1,1,16,0.000,0.000,,,,,NVIDIA A100-SXM4-40GB MIG 4g.20gb (0),1,,13,cupy_copy__float16_float16
4497713778,2816,287428,282,1,1,128,1,1,16,0.000,0.000,,,,,NVIDIA A100-SXM4-40GB MIG 4g.20gb (0),1,,13,cupy_copy__complex64_complex64
4497717650,2239,287437,26,1,1,128,1,1,16,0.000,0.000,,,,,NVIDIA A100-SXM4-40GB MIG 4g.20gb (0),1,,13,cupy_copy__float32_float32
4497722705,3008,287446,103,1,1,128,1,1,16,0.000,0.000,,,,,NVIDIA A100-SXM4-40GB MIG 4g.20gb (0),1,,13,cupy_copy__complex64_complex64
4497727921,12384,287456,1434,1,1,128,1,1,16,0.000,0.000,,,,,NVIDIA A100-SXM4-40GB MIG 4g.20gb (0),1,,13,cupy_copy__complex64_complex64
4497741937,83167,287461,1,1,1,32,32,1,30,0.000,0.000,,,,,NVIDIA A100-SXM4-40GB MIG 4g.20gb (0),1,,13,"void convert_kernel<__half2, float2>(tensor_layout_any, T1 *, tensor_layout_any, const T2 *)"
4497853744,5376,287464,,,,,,,,,,0.094,17428.487,Pinned,Device,NVIDIA A100-SXM4-40GB MIG 4g.20gb (0),1,,13,[CUDA memcpy Host-to-Device]
4497863088,597880,287465,,,,,,,,,,456.561,763370.728,Device,,NVIDIA A100-SXM4-40GB MIG 4g.20gb (0),1,,13,[CUDA memset]
4498475464,176094,287470,,,,,,,,,,1.235,7012.012,Pinned,Device,NVIDIA A100-SXM4-40GB MIG 4g.20gb (0),1,,13,[CUDA memcpy Host-to-Device]
4498664070,43263,287471,,,,,,,,,,0.197,4544.397,Pinned,Device,NVIDIA A100-SXM4-40GB MIG 4g.20gb (0),1,,13,[CUDA memcpy Host-to-Device]
4498731653,7936,287472,69,4,1,48,1,1,76,0.002,0.000,,,,,NVIDIA A100-SXM4-40GB MIG 4g.20gb (0),1,,13,"void ch_est::windowedChEstPreNoDftSOfdmKernel<float, __half, float, (unsigned int)2, (unsigned int)1, (unsigned short)4>(ch_est::puschRxChEstStatDescr_t *, ch_est::puschRxChEstDynDescr_t *)"
4498748645,6880,287473,137,2,1,24,2,1,44,0.001,0.001,,,,,NVIDIA A100-SXM4-40GB MIG 4g.20gb (0),1,,13,"void ch_est::chEstFilterNoDftSOfdmDispatchKernel<float, __half, float, (unsigned int)2>(ch_est::puschRxChEstStatDescr_t *, ch_est::puschRxChEstDynDescr_t *)"
4498758661,4736,287474,137,2,1,24,2,1,44,0.001,0.001,,,,,NVIDIA A100-SXM4-40GB MIG 4g.20gb (0),1,,13,"void ch_est::chEstFilterNoDftSOfdmDispatchKernel<float, __half, float, (unsigned int)2>(ch_est::puschRxChEstStatDescr_t *, ch_est::puschRxChEstDynDescr_t *)"
4498773796,2784,287485,103,1,1,128,1,1,16,0.000,0.000,,,,,NVIDIA A100-SXM4-40GB MIG 4g.20gb (0),1,,13,cupy_copy__complex64_complex64
4498782884,12288,287495,1434,1,1,128,1,1,16,0.000,0.000,,,,,NVIDIA A100-SXM4-40GB MIG 4g.20gb (0),1,,13,cupy_copy__complex64_complex64
4498797188,2720,287502,103,1,1,128,1,1,16,0.000,0.000,,,,,NVIDIA A100-SXM4-40GB MIG 4g.20gb (0),1,,13,cupy_copy__complex64_complex64
4498804676,87775,287509,1,1,1,32,32,1,30,0.000,0.000,,,,,NVIDIA A100-SXM4-40GB MIG 4g.20gb (0),1,,13,"void convert_kernel<__half2, float2>(tensor_layout_any, T1 *, tensor_layout_any, const T2 *)"
4498920387,5504,287512,,,,,,,,,,0.094,17023.251,Pinned,Device,NVIDIA A100-SXM4-40GB MIG 4g.20gb (0),1,,13,[CUDA memcpy Host-to-Device]
4498933955,46911,287513,,,,,,,,,,35.810,763324.255,Device,,NVIDIA A100-SXM4-40GB MIG 4g.20gb (0),1,,13,[CUDA memset]
4498982018,4352,287515,,,,,,,,,,0.000,18.382,Pinned,Device,NVIDIA A100-SXM4-40GB MIG 4g.20gb (0),1,,13,[CUDA memcpy Host-to-Device]
4498991234,12896,287516,,,,,,,,,,0.197,15245.574,Pinned,Device,NVIDIA A100-SXM4-40GB MIG 4g.20gb (0),1,,13,[CUDA memcpy Host-to-Device]
4499012962,12959,287517,273,1,1,48,1,1,40,0.000,0.001,,,,,NVIDIA A100-SXM4-40GB MIG 4g.20gb (0),1,,13,"void pusch_noise_intf_est::noiseIntfEstNoDftSOfdmKernel<float, __half, float, float, (unsigned int)2, (unsigned int)1, (unsigned char)4, (unsigned char)4>(pusch_noise_intf_est::puschRxNoiseIntfEstDynDescr)"
4499031521,3136,287528,35,1,1,128,1,1,16,0.000,0.000,,,,,NVIDIA A100-SXM4-40GB MIG 4g.20gb (0),1,,13,cupy_copy__complex64_complex64
4499045697,1824,287537,1,1,1,1,1,1,18,0.000,0.000,,,,,NVIDIA A100-SXM4-40GB MIG 4g.20gb (0),1,,13,cupy_copy__float32_float32
4499077889,2240,287543,,,,,,,,,,0.000,1.786,Device,Pageable,NVIDIA A100-SXM4-40GB MIG 4g.20gb (0),1,,7,[CUDA memcpy Device-to-Host]
4499137984,13248,287554,1434,1,1,128,1,1,16,0.000,0.000,,,,,NVIDIA A100-SXM4-40GB MIG 4g.20gb (0),1,,13,cupy_copy__complex64_complex64
4499164704,3392,287561,103,1,1,128,1,1,16,0.000,0.000,,,,,NVIDIA A100-SXM4-40GB MIG 4g.20gb (0),1,,13,cupy_copy__complex64_complex64
4499185855,2848,287568,35,1,1,128,1,1,16,0.000,0.000,,,,,NVIDIA A100-SXM4-40GB MIG 4g.20gb (0),1,,13,cupy_copy__complex64_complex64
4499204191,1792,287575,1,1,1,1,1,1,18,0.000,0.000,,,,,NVIDIA A100-SXM4-40GB MIG 4g.20gb (0),1,,13,cupy_copy__float32_float32
4499335102,82303,287586,1,1,1,32,32,1,30,0.000,0.000,,,,,NVIDIA A100-SXM4-40GB MIG 4g.20gb (0),1,,13,"void convert_kernel<__half2, float2>(tensor_layout_any, T1 *, tensor_layout_any, const T2 *)"
4499445084,5920,287589,,,,,,,,,,0.094,15826.941,Pinned,Device,NVIDIA A100-SXM4-40GB MIG 4g.20gb (0),1,,13,[CUDA memcpy Host-to-Device]
4499459196,3296,287590,,,,,,,,,,1.547,469242.628,Device,,NVIDIA A100-SXM4-40GB MIG 4g.20gb (0),1,,13,[CUDA memset]
4499466236,3008,287595,,,,,,,,,,0.031,10404.230,Pinned,Device,NVIDIA A100-SXM4-40GB MIG 4g.20gb (0),1,,13,[CUDA memcpy Host-to-Device]
4499471996,9472,287596,,,,,,,,,,0.197,20756.693,Pinned,Device,NVIDIA A100-SXM4-40GB MIG 4g.20gb (0),1,,13,[CUDA memcpy Host-to-Device]
4499486876,8704,287597,273,1,1,8,4,1,39,0.002,0.000,,,,,NVIDIA A100-SXM4-40GB MIG 4g.20gb (0),1,,13,"void channel_eq::eqMmseCoefCompLowMimoKernel<float, float, float, (unsigned int)4, (unsigned int)1, (unsigned int)4>(const channel_eq::_puschRxChEqStatDescr *, channel_eq::_puschRxChEqCoefCompDynDescr)"
4499497404,5856,287598,273,1,1,12,11,1,51,0.002,0.000,,,,,NVIDIA A100-SXM4-40GB MIG 4g.20gb (0),1,,13,"void channel_eq::eqMmseSoftDemapKernel<float, __half, __half, float, (unsigned int)4, (unsigned short)16383>(channel_eq::_puschRxChEqStatDescr *, channel_eq::_puschRxChEqSoftDemapDynDescr)"
4499505243,282173,287599,1,1,1,32,32,1,30,0.000,0.000,,,,,NVIDIA A100-SXM4-40GB MIG 4g.20gb (0),1,,13,"void convert_kernel<float2, __half2>(tensor_layout_any, T1 *, tensor_layout_any, const T2 *)"
4499788536,11040,287611,2253,1,1,128,1,1,16,0.000,0.000,,,,,NVIDIA A100-SXM4-40GB MIG 4g.20gb (0),1,,13,cupy_copy__float16_float16
4499804312,2656,287620,282,1,1,128,1,1,16,0.000,0.000,,,,,NVIDIA A100-SXM4-40GB MIG 4g.20gb (0),1,,13,cupy_copy__complex64_complex64
4499810392,2048,287629,26,1,1,128,1,1,16,0.000,0.000,,,,,NVIDIA A100-SXM4-40GB MIG 4g.20gb (0),1,,13,cupy_copy__float32_float32
4499814072,3104,287638,103,1,1,128,1,1,16,0.000,0.000,,,,,NVIDIA A100-SXM4-40GB MIG 4g.20gb (0),1,,13,cupy_copy__complex64_complex64
4499818264,11967,287648,1434,1,1,128,1,1,16,0.000,0.000,,,,,NVIDIA A100-SXM4-40GB MIG 4g.20gb (0),1,,13,cupy_copy__complex64_complex64
4499835639,82527,287653,1,1,1,32,32,1,30,0.000,0.000,,,,,NVIDIA A100-SXM4-40GB MIG 4g.20gb (0),1,,13,"void convert_kernel<__half2, float2>(tensor_layout_any, T1 *, tensor_layout_any, const T2 *)"
4499945814,5888,287656,,,,,,,,,,0.094,15912.954,Pinned,Device,NVIDIA A100-SXM4-40GB MIG 4g.20gb (0),1,,13,[CUDA memcpy Host-to-Device]
4499956406,596953,287657,,,,,,,,,,456.561,764740.412,Device,,NVIDIA A100-SXM4-40GB MIG 4g.20gb (0),1,,13,[CUDA memset]
4500556303,156510,287662,,,,,,,,,,1.235,7890.057,Pinned,Device,NVIDIA A100-SXM4-40GB MIG 4g.20gb (0),1,,13,[CUDA memcpy Host-to-Device]
4500724364,36544,287663,,,,,,,,,,0.197,5379.981,Pinned,Device,NVIDIA A100-SXM4-40GB MIG 4g.20gb (0),1,,13,[CUDA memcpy Host-to-Device]
4500787436,7872,287664,69,4,1,48,1,1,76,0.002,0.000,,,,,NVIDIA A100-SXM4-40GB MIG 4g.20gb (0),1,,13,"void ch_est::windowedChEstPreNoDftSOfdmKernel<float, __half, float, (unsigned int)2, (unsigned int)1, (unsigned short)4>(ch_est::puschRxChEstStatDescr_t *, ch_est::puschRxChEstDynDescr_t *)"
4500806699,6592,287665,137,2,1,24,2,1,44,0.001,0.001,,,,,NVIDIA A100-SXM4-40GB MIG 4g.20gb (0),1,,13,"void ch_est::chEstFilterNoDftSOfdmDispatchKernel<float, __half, float, (unsigned int)2>(ch_est::puschRxChEstStatDescr_t *, ch_est::puschRxChEstDynDescr_t *)"
4500823627,4736,287666,137,2,1,24,2,1,44,0.001,0.001,,,,,NVIDIA A100-SXM4-40GB MIG 4g.20gb (0),1,,13,"void ch_est::chEstFilterNoDftSOfdmDispatchKernel<float, __half, float, (unsigned int)2>(ch_est::puschRxChEstStatDescr_t *, ch_est::puschRxChEstDynDescr_t *)"
4500841259,2528,287677,103,1,1,128,1,1,16,0.000,0.000,,,,,NVIDIA A100-SXM4-40GB MIG 4g.20gb (0),1,,13,cupy_copy__complex64_complex64
4500858763,12320,287687,1434,1,1,128,1,1,16,0.000,0.000,,,,,NVIDIA A100-SXM4-40GB MIG 4g.20gb (0),1,,13,cupy_copy__complex64_complex64
4500878219,2912,287694,103,1,1,128,1,1,16,0.000,0.000,,,,,NVIDIA A100-SXM4-40GB MIG 4g.20gb (0),1,,13,cupy_copy__complex64_complex64
4500898474,83615,287701,1,1,1,32,32,1,30,0.000,0.000,,,,,NVIDIA A100-SXM4-40GB MIG 4g.20gb (0),1,,13,"void convert_kernel<__half2, float2>(tensor_layout_any, T1 *, tensor_layout_any, const T2 *)"
4501013193,20128,287704,,,,,,,,,,0.094,4655.005,Pinned,Device,NVIDIA A100-SXM4-40GB MIG 4g.20gb (0),1,,13,[CUDA memcpy Host-to-Device]
4501051784,47072,287705,,,,,,,,,,35.810,760745.940,Device,,NVIDIA A100-SXM4-40GB MIG 4g.20gb (0),1,,13,[CUDA memset]
4501107336,4704,287707,,,,,,,,,,0.000,17.007,Pinned,Device,NVIDIA A100-SXM4-40GB MIG 4g.20gb (0),1,,13,[CUDA memcpy Host-to-Device]
4501118952,14431,287708,,,,,,,,,,0.197,13623.951,Pinned,Device,NVIDIA A100-SXM4-40GB MIG 4g.20gb (0),1,,13,[CUDA memcpy Host-to-Device]
4501143399,12480,287709,273,1,1,48,1,1,40,0.000,0.001,,,,,NVIDIA A100-SXM4-40GB MIG 4g.20gb (0),1,,13,"void pusch_noise_intf_est::noiseIntfEstNoDftSOfdmKernel<float, __half, float, float, (unsigned int)2, (unsigned int)1, (unsigned char)4, (unsigned char)4>(pusch_noise_intf_est::puschRxNoiseIntfEstDynDescr)"
4501157383,3168,287720,35,1,1,128,1,1,16,0.000,0.000,,,,,NVIDIA A100-SXM4-40GB MIG 4g.20gb (0),1,,13,cupy_copy__complex64_complex64
4501164167,1856,287729,1,1,1,1,1,1,18,0.000,0.000,,,,,NVIDIA A100-SXM4-40GB MIG 4g.20gb (0),1,,13,cupy_copy__float32_float32
4501168903,4832,287735,,,,,,,,,,0.000,0.828,Device,Pageable,NVIDIA A100-SXM4-40GB MIG 4g.20gb (0),1,,7,[CUDA memcpy Device-to-Host]
4501240806,12800,287746,1434,1,1,128,1,1,16,0.000,0.000,,,,,NVIDIA A100-SXM4-40GB MIG 4g.20gb (0),1,,13,cupy_copy__complex64_complex64
4501264774,2880,287753,103,1,1,128,1,1,16,0.000,0.000,,,,,NVIDIA A100-SXM4-40GB MIG 4g.20gb (0),1,,13,cupy_copy__complex64_complex64
4501286182,2496,287760,35,1,1,128,1,1,16,0.000,0.000,,,,,NVIDIA A100-SXM4-40GB MIG 4g.20gb (0),1,,13,cupy_copy__complex64_complex64
4501304677,1824,287767,1,1,1,1,1,1,18,0.000,0.000,,,,,NVIDIA A100-SXM4-40GB MIG 4g.20gb (0),1,,13,cupy_copy__float32_float32
4501437028,82367,287778,1,1,1,32,32,1,30,0.000,0.000,,,,,NVIDIA A100-SXM4-40GB MIG 4g.20gb (0),1,,13,"void convert_kernel<__half2, float2>(tensor_layout_any, T1 *, tensor_layout_any, const T2 *)"
4501547202,6208,287781,,,,,,,,,,0.094,15092.739,Pinned,Device,NVIDIA A100-SXM4-40GB MIG 4g.20gb (0),1,,13,[CUDA memcpy Host-to-Device]
4501561698,3328,287782,,,,,,,,,,1.547,464729.580,Device,,NVIDIA A100-SXM4-40GB MIG 4g.20gb (0),1,,13,[CUDA memset]
4501568002,3008,287787,,,,,,,,,,0.031,10404.230,Pinned,Device,NVIDIA A100-SXM4-40GB MIG 4g.20gb (0),1,,13,[CUDA memcpy Host-to-Device]
4501573570,9408,287788,,,,,,,,,,0.197,20897.858,Pinned,Device,NVIDIA A100-SXM4-40GB MIG 4g.20gb (0),1,,13,[CUDA memcpy Host-to-Device]
4501587682,6240,287789,273,1,1,8,4,1,39,0.002,0.000,,,,,NVIDIA A100-SXM4-40GB MIG 4g.20gb (0),1,,13,"void channel_eq::eqMmseCoefCompLowMimoKernel<float, float, float, (unsigned int)4, (unsigned int)1, (unsigned int)4>(const channel_eq::_puschRxChEqStatDescr *, channel_eq::_puschRxChEqCoefCompDynDescr)"
4501596322,5568,287790,273,1,1,12,11,1,51,0.002,0.000,,,,,NVIDIA A100-SXM4-40GB MIG 4g.20gb (0),1,,13,"void channel_eq::eqMmseSoftDemapKernel<float, __half, __half, float, (unsigned int)4, (unsigned short)16383>(channel_eq::_puschRxChEqStatDescr *, channel_eq::_puschRxChEqSoftDemapDynDescr)"
4501603810,289628,287791,1,1,1,32,32,1,30,0.000,0.000,,,,,NVIDIA A100-SXM4-40GB MIG 4g.20gb (0),1,,13,"void convert_kernel<float2, __half2>(tensor_layout_any, T1 *, tensor_layout_any, const T2 *)"
4501895934,11072,287803,2253,1,1,128,1,1,16,0.000,0.000,,,,,NVIDIA A100-SXM4-40GB MIG 4g.20gb (0),1,,13,cupy_copy__float16_float16
4501912286,3584,287812,282,1,1,128,1,1,16,0.000,0.000,,,,,NVIDIA A100-SXM4-40GB MIG 4g.20gb (0),1,,13,cupy_copy__complex64_complex64
4501918750,2272,287821,26,1,1,128,1,1,16,0.000,0.000,,,,,NVIDIA A100-SXM4-40GB MIG 4g.20gb (0),1,,13,cupy_copy__float32_float32
4501924894,3200,287830,103,1,1,128,1,1,16,0.000,0.000,,,,,NVIDIA A100-SXM4-40GB MIG 4g.20gb (0),1,,13,cupy_copy__complex64_complex64
4501931934,12223,287840,1434,1,1,128,1,1,16,0.000,0.000,,,,,NVIDIA A100-SXM4-40GB MIG 4g.20gb (0),1,,13,cupy_copy__complex64_complex64
4501947421,89631,287845,1,1,1,32,32,1,30,0.000,0.000,,,,,NVIDIA A100-SXM4-40GB MIG 4g.20gb (0),1,,13,"void convert_kernel<__half2, float2>(tensor_layout_any, T1 *, tensor_layout_any, const T2 *)"
4502063356,5600,287848,,,,,,,,,,0.094,16731.388,Pinned,Device,NVIDIA A100-SXM4-40GB MIG 4g.20gb (0),1,,13,[CUDA memcpy Host-to-Device]
4502073308,599256,287849,,,,,,,,,,456.561,761544.482,Device,,NVIDIA A100-SXM4-40GB MIG 4g.20gb (0),1,,13,[CUDA memset]
4502683444,159102,287854,,,,,,,,,,1.235,7761.623,Pinned,Device,NVIDIA A100-SXM4-40GB MIG 4g.20gb (0),1,,13,[CUDA memcpy Host-to-Device]
4502855154,43680,287855,,,,,,,,,,0.197,4500.947,Pinned,Device,NVIDIA A100-SXM4-40GB MIG 4g.20gb (0),1,,13,[CUDA memcpy Host-to-Device]
4502925137,7968,287856,69,4,1,48,1,1,76,0.002,0.000,,,,,NVIDIA A100-SXM4-40GB MIG 4g.20gb (0),1,,13,"void ch_est::windowedChEstPreNoDftSOfdmKernel<float, __half, float, (unsigned int)2, (unsigned int)1, (unsigned short)4>(ch_est::puschRxChEstStatDescr_t *, ch_est::puschRxChEstDynDescr_t *)"
4502942769,6592,287857,137,2,1,24,2,1,44,0.001,0.001,,,,,NVIDIA A100-SXM4-40GB MIG 4g.20gb (0),1,,13,"void ch_est::chEstFilterNoDftSOfdmDispatchKernel<float, __half, float, (unsigned int)2>(ch_est::puschRxChEstStatDescr_t *, ch_est::puschRxChEstDynDescr_t *)"
4502960401,4768,287858,137,2,1,24,2,1,44,0.001,0.001,,,,,NVIDIA A100-SXM4-40GB MIG 4g.20gb (0),1,,13,"void ch_est::chEstFilterNoDftSOfdmDispatchKernel<float, __half, float, (unsigned int)2>(ch_est::puschRxChEstStatDescr_t *, ch_est::puschRxChEstDynDescr_t *)"
4502977265,2688,287869,103,1,1,128,1,1,16,0.000,0.000,,,,,NVIDIA A100-SXM4-40GB MIG 4g.20gb (0),1,,13,cupy_copy__complex64_complex64
4502994512,12416,287879,1434,1,1,128,1,1,16,0.000,0.000,,,,,NVIDIA A100-SXM4-40GB MIG 4g.20gb (0),1,,13,cupy_copy__complex64_complex64
4503018352,2560,287886,103,1,1,128,1,1,16,0.000,0.000,,,,,NVIDIA A100-SXM4-40GB MIG 4g.20gb (0),1,,13,cupy_copy__complex64_complex64
4503040752,91167,287893,1,1,1,32,32,1,30,0.000,0.000,,,,,NVIDIA A100-SXM4-40GB MIG 4g.20gb (0),1,,13,"void convert_kernel<__half2, float2>(tensor_layout_any, T1 *, tensor_layout_any, const T2 *)"
4503166510,27200,287896,,,,,,,,,,0.094,3444.640,Pinned,Device,NVIDIA A100-SXM4-40GB MIG 4g.20gb (0),1,,13,[CUDA memcpy Host-to-Device]
4503215246,46239,287897,,,,,,,,,,35.810,774425.330,Device,,NVIDIA A100-SXM4-40GB MIG 4g.20gb (0),1,,13,[CUDA memset]
4503269709,15200,287899,,,,,,,,,,0.000,5.263,Pinned,Device,NVIDIA A100-SXM4-40GB MIG 4g.20gb (0),1,,13,[CUDA memcpy Host-to-Device]
4503294125,27775,287900,,,,,,,,,,0.197,7078.478,Pinned,Device,NVIDIA A100-SXM4-40GB MIG 4g.20gb (0),1,,13,[CUDA memcpy Host-to-Device]
4503347692,9536,287901,273,1,1,48,1,1,40,0.000,0.001,,,,,NVIDIA A100-SXM4-40GB MIG 4g.20gb (0),1,,13,"void pusch_noise_intf_est::noiseIntfEstNoDftSOfdmKernel<float, __half, float, float, (unsigned int)2, (unsigned int)1, (unsigned char)4, (unsigned char)4>(pusch_noise_intf_est::puschRxNoiseIntfEstDynDescr)"
4503363468,2784,287912,35,1,1,128,1,1,16,0.000,0.000,,,,,NVIDIA A100-SXM4-40GB MIG 4g.20gb (0),1,,13,cupy_copy__complex64_complex64
4503379436,1728,287921,1,1,1,1,1,1,18,0.000,0.000,,,,,NVIDIA A100-SXM4-40GB MIG 4g.20gb (0),1,,13,cupy_copy__float32_float32
4503388460,3968,287927,,,,,,,,,,0.000,1.008,Device,Pageable,NVIDIA A100-SXM4-40GB MIG 4g.20gb (0),1,,7,[CUDA memcpy Device-to-Host]
4503470987,12863,287938,1434,1,1,128,1,1,16,0.000,0.000,,,,,NVIDIA A100-SXM4-40GB MIG 4g.20gb (0),1,,13,cupy_copy__complex64_complex64
4503493866,3392,287945,103,1,1,128,1,1,16,0.000,0.000,,,,,NVIDIA A100-SXM4-40GB MIG 4g.20gb (0),1,,13,cupy_copy__complex64_complex64
4503516490,2624,287952,35,1,1,128,1,1,16,0.000,0.000,,,,,NVIDIA A100-SXM4-40GB MIG 4g.20gb (0),1,,13,cupy_copy__complex64_complex64
4503534026,1952,287959,1,1,1,1,1,1,18,0.000,0.000,,,,,NVIDIA A100-SXM4-40GB MIG 4g.20gb (0),1,,13,cupy_copy__float32_float32
4503660872,88479,287970,1,1,1,32,32,1,30,0.000,0.000,,,,,NVIDIA A100-SXM4-40GB MIG 4g.20gb (0),1,,13,"void convert_kernel<__half2, float2>(tensor_layout_any, T1 *, tensor_layout_any, const T2 *)"
4503777383,5632,287973,,,,,,,,,,0.094,16636.287,Pinned,Device,NVIDIA A100-SXM4-40GB MIG 4g.20gb (0),1,,13,[CUDA memcpy Host-to-Device]
4503793127,3200,287974,,,,,,,,,,1.547,483320.000,Device,,NVIDIA A100-SXM4-40GB MIG 4g.20gb (0),1,,13,[CUDA memset]
4503799687,3296,287979,,,,,,,,,,0.031,9495.144,Pinned,Device,NVIDIA A100-SXM4-40GB MIG 4g.20gb (0),1,,13,[CUDA memcpy Host-to-Device]
4503805926,9472,287980,,,,,,,,,,0.197,20756.693,Pinned,Device,NVIDIA A100-SXM4-40GB MIG 4g.20gb (0),1,,13,[CUDA memcpy Host-to-Device]
4503820102,6080,287981,273,1,1,8,4,1,39,0.002,0.000,,,,,NVIDIA A100-SXM4-40GB MIG 4g.20gb (0),1,,13,"void channel_eq::eqMmseCoefCompLowMimoKernel<float, float, float, (unsigned int)4, (unsigned int)1, (unsigned int)4>(const channel_eq::_puschRxChEqStatDescr *, channel_eq::_puschRxChEqCoefCompDynDescr)"
4503828934,6144,287982,273,1,1,12,11,1,51,0.002,0.000,,,,,NVIDIA A100-SXM4-40GB MIG 4g.20gb (0),1,,13,"void channel_eq::eqMmseSoftDemapKernel<float, __half, __half, float, (unsigned int)4, (unsigned short)16383>(channel_eq::_puschRxChEqStatDescr *, channel_eq::_puschRxChEqSoftDemapDynDescr)"
4503836710,282365,287983,1,1,1,32,32,1,30,0.000,0.000,,,,,NVIDIA A100-SXM4-40GB MIG 4g.20gb (0),1,,13,"void convert_kernel<float2, __half2>(tensor_layout_any, T1 *, tensor_layout_any, const T2 *)"
4504120195,10591,287995,2253,1,1,128,1,1,16,0.000,0.000,,,,,NVIDIA A100-SXM4-40GB MIG 4g.20gb (0),1,,13,cupy_copy__float16_float16
4504134018,3712,288004,282,1,1,128,1,1,16,0.000,0.000,,,,,NVIDIA A100-SXM4-40GB MIG 4g.20gb (0),1,,13,cupy_copy__complex64_complex64
4504140802,2336,288013,26,1,1,128,1,1,16,0.000,0.000,,,,,NVIDIA A100-SXM4-40GB MIG 4g.20gb (0),1,,13,cupy_copy__float32_float32
4504144258,2816,288022,103,1,1,128,1,1,16,0.000,0.000,,,,,NVIDIA A100-SXM4-40GB MIG 4g.20gb (0),1,,13,cupy_copy__complex64_complex64
4504148738,11968,288032,1434,1,1,128,1,1,16,0.000,0.000,,,,,NVIDIA A100-SXM4-40GB MIG 4g.20gb (0),1,,13,cupy_copy__complex64_complex64
4504169314,82879,288037,1,1,1,32,32,1,30,0.000,0.000,,,,,NVIDIA A100-SXM4-40GB MIG 4g.20gb (0),1,,13,"void convert_kernel<__half2, float2>(tensor_layout_any, T1 *, tensor_layout_any, const T2 *)"
4504280097,5888,288040,,,,,,,,,,0.094,15912.954,Pinned,Device,NVIDIA A100-SXM4-40GB MIG 4g.20gb (0),1,,13,[CUDA memcpy Host-to-Device]
4504290177,597752,288041,,,,,,,,,,456.561,763370.728,Device,,NVIDIA A100-SXM4-40GB MIG 4g.20gb (0),1,,13,[CUDA memset]
4504894041,108671,288046,,,,,,,,,,1.235,11363.955,Pinned,Device,NVIDIA A100-SXM4-40GB MIG 4g.20gb (0),1,,13,[CUDA memcpy Host-to-Device]
4505010552,28607,288047,,,,,,,,,,0.197,6872.629,Pinned,Device,NVIDIA A100-SXM4-40GB MIG 4g.20gb (0),1,,13,[CUDA memcpy Host-to-Device]
4505050807,8512,288048,69,4,1,48,1,1,76,0.002,0.000,,,,,NVIDIA A100-SXM4-40GB MIG 4g.20gb (0),1,,13,"void ch_est::windowedChEstPreNoDftSOfdmKernel<float, __half, float, (unsigned int)2, (unsigned int)1, (unsigned short)4>(ch_est::puschRxChEstStatDescr_t *, ch_est::puschRxChEstDynDescr_t *)"
4505062903,6560,288049,137,2,1,24,2,1,44,0.001,0.001,,,,,NVIDIA A100-SXM4-40GB MIG 4g.20gb (0),1,,13,"void ch_est::chEstFilterNoDftSOfdmDispatchKernel<float, __half, float, (unsigned int)2>(ch_est::puschRxChEstStatDescr_t *, ch_est::puschRxChEstDynDescr_t *)"
4505075799,5792,288050,137,2,1,24,2,1,44,0.001,0.001,,,,,NVIDIA A100-SXM4-40GB MIG 4g.20gb (0),1,,13,"void ch_est::chEstFilterNoDftSOfdmDispatchKernel<float, __half, float, (unsigned int)2>(ch_est::puschRxChEstStatDescr_t *, ch_est::puschRxChEstDynDescr_t *)"
4505085495,2624,288061,103,1,1,128,1,1,16,0.000,0.000,,,,,NVIDIA A100-SXM4-40GB MIG 4g.20gb (0),1,,13,cupy_copy__complex64_complex64
4505098391,12607,288071,1434,1,1,128,1,1,16,0.000,0.000,,,,,NVIDIA A100-SXM4-40GB MIG 4g.20gb (0),1,,13,cupy_copy__complex64_complex64
4505118294,2528,288078,103,1,1,128,1,1,16,0.000,0.000,,,,,NVIDIA A100-SXM4-40GB MIG 4g.20gb (0),1,,13,cupy_copy__complex64_complex64
4505131670,83007,288085,1,1,1,32,32,1,30,0.000,0.000,,,,,NVIDIA A100-SXM4-40GB MIG 4g.20gb (0),1,,13,"void convert_kernel<__half2, float2>(tensor_layout_any, T1 *, tensor_layout_any, const T2 *)"
4505244149,12704,288088,,,,,,,,,,0.094,7375.281,Pinned,Device,NVIDIA A100-SXM4-40GB MIG 4g.20gb (0),1,,13,[CUDA memcpy Host-to-Device]
4505265909,47935,288089,,,,,,,,,,35.810,747030.741,Device,,NVIDIA A100-SXM4-40GB MIG 4g.20gb (0),1,,13,[CUDA memset]
4505320724,10016,288091,,,,,,,,,,0.000,7.987,Pinned,Device,NVIDIA A100-SXM4-40GB MIG 4g.20gb (0),1,,13,[CUDA memcpy Host-to-Device]
4505339028,21823,288092,,,,,,,,,,0.197,9009.168,Pinned,Device,NVIDIA A100-SXM4-40GB MIG 4g.20gb (0),1,,13,[CUDA memcpy Host-to-Device]
4505385971,9696,288093,273,1,1,48,1,1,40,0.000,0.001,,,,,NVIDIA A100-SXM4-40GB MIG 4g.20gb (0),1,,13,"void pusch_noise_intf_est::noiseIntfEstNoDftSOfdmKernel<float, __half, float, float, (unsigned int)2, (unsigned int)1, (unsigned char)4, (unsigned char)4>(pusch_noise_intf_est::puschRxNoiseIntfEstDynDescr)"
4505405203,2656,288104,35,1,1,128,1,1,16,0.000,0.000,,,,,NVIDIA A100-SXM4-40GB MIG 4g.20gb (0),1,,13,cupy_copy__complex64_complex64
4505419859,1696,288113,1,1,1,1,1,1,18,0.000,0.000,,,,,NVIDIA A100-SXM4-40GB MIG 4g.20gb (0),1,,13,cupy_copy__float32_float32
4505429266,5920,288119,,,,,,,,,,0.000,0.676,Device,Pageable,NVIDIA A100-SXM4-40GB MIG 4g.20gb (0),1,,7,[CUDA memcpy Device-to-Host]
4505525489,13024,288130,1434,1,1,128,1,1,16,0.000,0.000,,,,,NVIDIA A100-SXM4-40GB MIG 4g.20gb (0),1,,13,cupy_copy__complex64_complex64
4505548401,3008,288137,103,1,1,128,1,1,16,0.000,0.000,,,,,NVIDIA A100-SXM4-40GB MIG 4g.20gb (0),1,,13,cupy_copy__complex64_complex64
4505567761,2560,288144,35,1,1,128,1,1,16,0.000,0.000,,,,,NVIDIA A100-SXM4-40GB MIG 4g.20gb (0),1,,13,cupy_copy__complex64_complex64
4505587441,1696,288151,1,1,1,1,1,1,18,0.000,0.000,,,,,NVIDIA A100-SXM4-40GB MIG 4g.20gb (0),1,,13,cupy_copy__float32_float32
4505721551,88319,288162,1,1,1,32,32,1,30,0.000,0.000,,,,,NVIDIA A100-SXM4-40GB MIG 4g.20gb (0),1,,13,"void convert_kernel<__half2, float2>(tensor_layout_any, T1 *, tensor_layout_any, const T2 *)"
4505843853,18912,288165,,,,,,,,,,0.094,4954.270,Pinned,Device,NVIDIA A100-SXM4-40GB MIG 4g.20gb (0),1,,13,[CUDA memcpy Host-to-Device]
4505881005,3456,288166,,,,,,,,,,1.547,447517.201,Device,,NVIDIA A100-SXM4-40GB MIG 4g.20gb (0),1,,13,[CUDA memset]
4505889357,8608,288171,,,,,,,,,,0.031,3635.688,Pinned,Device,NVIDIA A100-SXM4-40GB MIG 4g.20gb (0),1,,13,[CUDA memcpy Host-to-Device]
4505906317,15551,288172,,,,,,,,,,0.197,12642.681,Pinned,Device,NVIDIA A100-SXM4-40GB MIG 4g.20gb (0),1,,13,[CUDA memcpy Host-to-Device]
4505935596,6528,288173,273,1,1,8,4,1,39,0.002,0.000,,,,,NVIDIA A100-SXM4-40GB MIG 4g.20gb (0),1,,13,"void channel_eq::eqMmseCoefCompLowMimoKernel<float, float, float, (unsigned int)4, (unsigned int)1, (unsigned int)4>(const channel_eq::_puschRxChEqStatDescr *, channel_eq::_puschRxChEqCoefCompDynDescr)"
4505945964,6048,288174,273,1,1,12,11,1,51,0.002,0.000,,,,,NVIDIA A100-SXM4-40GB MIG 4g.20gb (0),1,,13,"void channel_eq::eqMmseSoftDemapKernel<float, __half, __half, float, (unsigned int)4, (unsigned short)16383>(channel_eq::_puschRxChEqStatDescr *, channel_eq::_puschRxChEqSoftDemapDynDescr)"
4505954636,294652,288175,1,1,1,32,32,1,30,0.000,0.000,,,,,NVIDIA A100-SXM4-40GB MIG 4g.20gb (0),1,,13,"void convert_kernel<float2, __half2>(tensor_layout_any, T1 *, tensor_layout_any, const T2 *)"
4506250376,11008,288187,2253,1,1,128,1,1,16,0.000,0.000,,,,,NVIDIA A100-SXM4-40GB MIG 4g.20gb (0),1,,13,cupy_copy__float16_float16
4506264072,3424,288196,282,1,1,128,1,1,16,0.000,0.000,,,,,NVIDIA A100-SXM4-40GB MIG 4g.20gb (0),1,,13,cupy_copy__complex64_complex64
4506271560,2048,288205,26,1,1,128,1,1,16,0.000,0.000,,,,,NVIDIA A100-SXM4-40GB MIG 4g.20gb (0),1,,13,cupy_copy__float32_float32
4506276136,5120,288214,103,1,1,128,1,1,16,0.000,0.000,,,,,NVIDIA A100-SXM4-40GB MIG 4g.20gb (0),1,,13,cupy_copy__complex64_complex64
4506282664,12032,288224,1434,1,1,128,1,1,16,0.000,0.000,,,,,NVIDIA A100-SXM4-40GB MIG 4g.20gb (0),1,,13,cupy_copy__complex64_complex64
4506298440,86815,288229,1,1,1,32,32,1,30,0.000,0.000,,,,,NVIDIA A100-SXM4-40GB MIG 4g.20gb (0),1,,13,"void convert_kernel<__half2, float2>(tensor_layout_any, T1 *, tensor_layout_any, const T2 *)"
4506412454,5760,288232,,,,,,,,,,0.094,16266.656,Pinned,Device,NVIDIA A100-SXM4-40GB MIG 4g.20gb (0),1,,13,[CUDA memcpy Host-to-Device]
4506421862,598201,288233,,,,,,,,,,456.561,762914.166,Device,,NVIDIA A100-SXM4-40GB MIG 4g.20gb (0),1,,13,[CUDA memset]
4507026751,162302,288238,,,,,,,,,,1.235,7608.490,Pinned,Device,NVIDIA A100-SXM4-40GB MIG 4g.20gb (0),1,,13,[CUDA memcpy Host-to-Device]
4507201149,30847,288239,,,,,,,,,,0.197,6373.638,Pinned,Device,NVIDIA A100-SXM4-40GB MIG 4g.20gb (0),1,,13,[CUDA memcpy Host-to-Device]
4507253116,8576,288240,69,4,1,48,1,1,76,0.002,0.000,,,,,NVIDIA A100-SXM4-40GB MIG 4g.20gb (0),1,,13,"void ch_est::windowedChEstPreNoDftSOfdmKernel<float, __half, float, (unsigned int)2, (unsigned int)1, (unsigned short)4>(ch_est::puschRxChEstStatDescr_t *, ch_est::puschRxChEstDynDescr_t *)"
4507264988,6944,288241,137,2,1,24,2,1,44,0.001,0.001,,,,,NVIDIA A100-SXM4-40GB MIG 4g.20gb (0),1,,13,"void ch_est::chEstFilterNoDftSOfdmDispatchKernel<float, __half, float, (unsigned int)2>(ch_est::puschRxChEstStatDescr_t *, ch_est::puschRxChEstDynDescr_t *)"
4507278428,4704,288242,137,2,1,24,2,1,44,0.001,0.001,,,,,NVIDIA A100-SXM4-40GB MIG 4g.20gb (0),1,,13,"void ch_est::chEstFilterNoDftSOfdmDispatchKernel<float, __half, float, (unsigned int)2>(ch_est::puschRxChEstStatDescr_t *, ch_est::puschRxChEstDynDescr_t *)"
4507295420,2655,288253,103,1,1,128,1,1,16,0.000,0.000,,,,,NVIDIA A100-SXM4-40GB MIG 4g.20gb (0),1,,13,cupy_copy__complex64_complex64
4507305403,12768,288263,1434,1,1,128,1,1,16,0.000,0.000,,,,,NVIDIA A100-SXM4-40GB MIG 4g.20gb (0),1,,13,cupy_copy__complex64_complex64
4507321211,2560,288270,103,1,1,128,1,1,16,0.000,0.000,,,,,NVIDIA A100-SXM4-40GB MIG 4g.20gb (0),1,,13,cupy_copy__complex64_complex64
4507330619,87967,288277,1,1,1,32,32,1,30,0.000,0.000,,,,,NVIDIA A100-SXM4-40GB MIG 4g.20gb (0),1,,13,"void convert_kernel<__half2, float2>(tensor_layout_any, T1 *, tensor_layout_any, const T2 *)"
4507447386,12831,288280,,,,,,,,,,0.094,7302.291,Pinned,Device,NVIDIA A100-SXM4-40GB MIG 4g.20gb (0),1,,13,[CUDA memcpy Host-to-Device]
4507465337,47296,288281,,,,,,,,,,35.810,757129.139,Device,,NVIDIA A100-SXM4-40GB MIG 4g.20gb (0),1,,13,[CUDA memset]
4507515033,7936,288283,,,,,,,,,,0.000,10.081,Pinned,Device,NVIDIA A100-SXM4-40GB MIG 4g.20gb (0),1,,13,[CUDA memcpy Host-to-Device]
4507529721,20127,288284,,,,,,,,,,0.197,9768.272,Pinned,Device,NVIDIA A100-SXM4-40GB MIG 4g.20gb (0),1,,13,[CUDA memcpy Host-to-Device]
4507559544,9792,288285,273,1,1,48,1,1,40,0.000,0.001,,,,,NVIDIA A100-SXM4-40GB MIG 4g.20gb (0),1,,13,"void pusch_noise_intf_est::noiseIntfEstNoDftSOfdmKernel<float, __half, float, float, (unsigned int)2, (unsigned int)1, (unsigned char)4, (unsigned char)4>(pusch_noise_intf_est::puschRxNoiseIntfEstDynDescr)"
4507578392,2976,288296,35,1,1,128,1,1,16,0.000,0.000,,,,,NVIDIA A100-SXM4-40GB MIG 4g.20gb (0),1,,13,cupy_copy__complex64_complex64
4507586968,1760,288305,1,1,1,1,1,1,18,0.000,0.000,,,,,NVIDIA A100-SXM4-40GB MIG 4g.20gb (0),1,,13,cupy_copy__float32_float32
4507600088,5056,288311,,,,,,,,,,0.000,0.791,Device,Pageable,NVIDIA A100-SXM4-40GB MIG 4g.20gb (0),1,,7,[CUDA memcpy Device-to-Host]
4507667511,12672,288322,1434,1,1,128,1,1,16,0.000,0.000,,,,,NVIDIA A100-SXM4-40GB MIG 4g.20gb (0),1,,13,cupy_copy__complex64_complex64
4507694103,3392,288329,103,1,1,128,1,1,16,0.000,0.000,,,,,NVIDIA A100-SXM4-40GB MIG 4g.20gb (0),1,,13,cupy_copy__complex64_complex64
4507714870,2432,288336,35,1,1,128,1,1,16,0.000,0.000,,,,,NVIDIA A100-SXM4-40GB MIG 4g.20gb (0),1,,13,cupy_copy__complex64_complex64
4507733846,1792,288343,1,1,1,1,1,1,18,0.000,0.000,,,,,NVIDIA A100-SXM4-40GB MIG 4g.20gb (0),1,,13,cupy_copy__float32_float32
4507865588,81663,288354,1,1,1,32,32,1,30,0.000,0.000,,,,,NVIDIA A100-SXM4-40GB MIG 4g.20gb (0),1,,13,"void convert_kernel<__half2, float2>(tensor_layout_any, T1 *, tensor_layout_any, const T2 *)"
4507974707,5824,288357,,,,,,,,,,0.094,16087.884,Pinned,Device,NVIDIA A100-SXM4-40GB MIG 4g.20gb (0),1,,13,[CUDA memcpy Host-to-Device]
4507989235,3232,288358,,,,,,,,,,1.547,478533.199,Device,,NVIDIA A100-SXM4-40GB MIG 4g.20gb (0),1,,13,[CUDA memset]
4507995891,3232,288363,,,,,,,,,,0.031,9683.139,Pinned,Device,NVIDIA A100-SXM4-40GB MIG 4g.20gb (0),1,,13,[CUDA memcpy Host-to-Device]
4508001555,10240,288364,,,,,,,,,,0.197,19199.951,Pinned,Device,NVIDIA A100-SXM4-40GB MIG 4g.20gb (0),1,,13,[CUDA memcpy Host-to-Device]
4508017395,6176,288365,273,1,1,8,4,1,39,0.002,0.000,,,,,NVIDIA A100-SXM4-40GB MIG 4g.20gb (0),1,,13,"void channel_eq::eqMmseCoefCompLowMimoKernel<float, float, float, (unsigned int)4, (unsigned int)1, (unsigned int)4>(const channel_eq::_puschRxChEqStatDescr *, channel_eq::_puschRxChEqCoefCompDynDescr)"
4508024627,7967,288366,273,1,1,12,11,1,51,0.002,0.000,,,,,NVIDIA A100-SXM4-40GB MIG 4g.20gb (0),1,,13,"void channel_eq::eqMmseSoftDemapKernel<float, __half, __half, float, (unsigned int)4, (unsigned short)16383>(channel_eq::_puschRxChEqStatDescr *, channel_eq::_puschRxChEqSoftDemapDynDescr)"
4508035122,282301,288367,1,1,1,32,32,1,30,0.000,0.000,,,,,NVIDIA A100-SXM4-40GB MIG 4g.20gb (0),1,,13,"void convert_kernel<float2, __half2>(tensor_layout_any, T1 *, tensor_layout_any, const T2 *)"
4508319855,10944,288379,2253,1,1,128,1,1,16,0.000,0.000,,,,,NVIDIA A100-SXM4-40GB MIG 4g.20gb (0),1,,13,cupy_copy__float16_float16
4508332463,3232,288388,282,1,1,128,1,1,16,0.000,0.000,,,,,NVIDIA A100-SXM4-40GB MIG 4g.20gb (0),1,,13,cupy_copy__complex64_complex64
4508339695,2304,288397,26,1,1,128,1,1,16,0.000,0.000,,,,,NVIDIA A100-SXM4-40GB MIG 4g.20gb (0),1,,13,cupy_copy__float32_float32
4508345583,3040,288406,103,1,1,128,1,1,16,0.000,0.000,,,,,NVIDIA A100-SXM4-40GB MIG 4g.20gb (0),1,,13,cupy_copy__complex64_complex64
4508350511,12127,288416,1434,1,1,128,1,1,16,0.000,0.000,,,,,NVIDIA A100-SXM4-40GB MIG 4g.20gb (0),1,,13,cupy_copy__complex64_complex64
4508367982,82239,288421,1,1,1,32,32,1,30,0.000,0.000,,,,,NVIDIA A100-SXM4-40GB MIG 4g.20gb (0),1,,13,"void convert_kernel<__half2, float2>(tensor_layout_any, T1 *, tensor_layout_any, const T2 *)"
4508477069,5408,288424,,,,,,,,,,0.094,17325.421,Pinned,Device,NVIDIA A100-SXM4-40GB MIG 4g.20gb (0),1,,13,[CUDA memcpy Host-to-Device]
4508486733,597240,288425,,,,,,,,,,456.561,764283.851,Device,,NVIDIA A100-SXM4-40GB MIG 4g.20gb (0),1,,13,[CUDA memset]
4509093893,147615,288430,,,,,,,,,,1.235,8365.511,Pinned,Device,NVIDIA A100-SXM4-40GB MIG 4g.20gb (0),1,,13,[CUDA memcpy Host-to-Device]
4509254435,42272,288431,,,,,,,,,,0.197,4650.959,Pinned,Device,NVIDIA A100-SXM4-40GB MIG 4g.20gb (0),1,,13,[CUDA memcpy Host-to-Device]
4509327778,8160,288432,69,4,1,48,1,1,76,0.002,0.000,,,,,NVIDIA A100-SXM4-40GB MIG 4g.20gb (0),1,,13,"void ch_est::windowedChEstPreNoDftSOfdmKernel<float, __half, float, (unsigned int)2, (unsigned int)1, (unsigned short)4>(ch_est::puschRxChEstStatDescr_t *, ch_est::puschRxChEstDynDescr_t *)"
4509347106,6944,288433,137,2,1,24,2,1,44,0.001,0.001,,,,,NVIDIA A100-SXM4-40GB MIG 4g.20gb (0),1,,13,"void ch_est::chEstFilterNoDftSOfdmDispatchKernel<float, __half, float, (unsigned int)2>(ch_est::puschRxChEstStatDescr_t *, ch_est::puschRxChEstDynDescr_t *)"
4509364002,4736,288434,137,2,1,24,2,1,44,0.001,0.001,,,,,NVIDIA A100-SXM4-40GB MIG 4g.20gb (0),1,,13,"void ch_est::chEstFilterNoDftSOfdmDispatchKernel<float, __half, float, (unsigned int)2>(ch_est::puschRxChEstStatDescr_t *, ch_est::puschRxChEstDynDescr_t *)"
4509381090,2528,288445,103,1,1,128,1,1,16,0.000,0.000,,,,,NVIDIA A100-SXM4-40GB MIG 4g.20gb (0),1,,13,cupy_copy__complex64_complex64
4509399138,12703,288455,1434,1,1,128,1,1,16,0.000,0.000,,,,,NVIDIA A100-SXM4-40GB MIG 4g.20gb (0),1,,13,cupy_copy__complex64_complex64
4509421025,2560,288462,103,1,1,128,1,1,16,0.000,0.000,,,,,NVIDIA A100-SXM4-40GB MIG 4g.20gb (0),1,,13,cupy_copy__complex64_complex64
4509441121,90975,288469,1,1,1,32,32,1,30,0.000,0.000,,,,,NVIDIA A100-SXM4-40GB MIG 4g.20gb (0),1,,13,"void convert_kernel<__half2, float2>(tensor_layout_any, T1 *, tensor_layout_any, const T2 *)"
4509563232,15679,288472,,,,,,,,,,0.094,5975.837,Pinned,Device,NVIDIA A100-SXM4-40GB MIG 4g.20gb (0),1,,13,[CUDA memcpy Host-to-Device]
4509593631,47424,288473,,,,,,,,,,35.810,755087.973,Device,,NVIDIA A100-SXM4-40GB MIG 4g.20gb (0),1,,13,[CUDA memset]
4509642943,8607,288475,,,,,,,,,,0.000,9.295,Pinned,Device,NVIDIA A100-SXM4-40GB MIG 4g.20gb (0),1,,13,[CUDA memcpy Host-to-Device]
4509656126,21920,288476,,,,,,,,,,0.197,8969.257,Pinned,Device,NVIDIA A100-SXM4-40GB MIG 4g.20gb (0),1,,13,[CUDA memcpy Host-to-Device]
4509691198,9888,288477,273,1,1,48,1,1,40,0.000,0.001,,,,,NVIDIA A100-SXM4-40GB MIG 4g.20gb (0),1,,13,"void pusch_noise_intf_est::noiseIntfEstNoDftSOfdmKernel<float, __half, float, float, (unsigned int)2, (unsigned int)1, (unsigned char)4, (unsigned char)4>(pusch_noise_intf_est::puschRxNoiseIntfEstDynDescr)"
4509709598,2880,288488,35,1,1,128,1,1,16,0.000,0.000,,,,,NVIDIA A100-SXM4-40GB MIG 4g.20gb (0),1,,13,cupy_copy__complex64_complex64
4509718942,1824,288497,1,1,1,1,1,1,18,0.000,0.000,,,,,NVIDIA A100-SXM4-40GB MIG 4g.20gb (0),1,,13,cupy_copy__float32_float32
4509725918,3456,288503,,,,,,,,,,0.000,1.157,Device,Pageable,NVIDIA A100-SXM4-40GB MIG 4g.20gb (0),1,,7,[CUDA memcpy Device-to-Host]
4509800925,12767,288514,1434,1,1,128,1,1,16,0.000,0.000,,,,,NVIDIA A100-SXM4-40GB MIG 4g.20gb (0),1,,13,cupy_copy__complex64_complex64
4509826172,2912,288521,103,1,1,128,1,1,16,0.000,0.000,,,,,NVIDIA A100-SXM4-40GB MIG 4g.20gb (0),1,,13,cupy_copy__complex64_complex64
4509853500,2752,288528,35,1,1,128,1,1,16,0.000,0.000,,,,,NVIDIA A100-SXM4-40GB MIG 4g.20gb (0),1,,13,cupy_copy__complex64_complex64
4509865212,1856,288535,1,1,1,1,1,1,18,0.000,0.000,,,,,NVIDIA A100-SXM4-40GB MIG 4g.20gb (0),1,,13,cupy_copy__float32_float32
4509997818,82335,288546,1,1,1,32,32,1,30,0.000,0.000,,,,,NVIDIA A100-SXM4-40GB MIG 4g.20gb (0),1,,13,"void convert_kernel<__half2, float2>(tensor_layout_any, T1 *, tensor_layout_any, const T2 *)"
4510108217,6016,288549,,,,,,,,,,0.094,15574.430,Pinned,Device,NVIDIA A100-SXM4-40GB MIG 4g.20gb (0),1,,13,[CUDA memcpy Host-to-Device]
4510121817,3360,288550,,,,,,,,,,1.547,460304.688,Device,,NVIDIA A100-SXM4-40GB MIG 4g.20gb (0),1,,13,[CUDA memset]
4510130457,3328,288555,,,,,,,,,,0.031,9403.822,Pinned,Device,NVIDIA A100-SXM4-40GB MIG 4g.20gb (0),1,,13,[CUDA memcpy Host-to-Device]
4510136600,9408,288556,,,,,,,,,,0.197,20897.858,Pinned,Device,NVIDIA A100-SXM4-40GB MIG 4g.20gb (0),1,,13,[CUDA memcpy Host-to-Device]
4510151320,6592,288557,273,1,1,8,4,1,39,0.002,0.000,,,,,NVIDIA A100-SXM4-40GB MIG 4g.20gb (0),1,,13,"void channel_eq::eqMmseCoefCompLowMimoKernel<float, float, float, (unsigned int)4, (unsigned int)1, (unsigned int)4>(const channel_eq::_puschRxChEqStatDescr *, channel_eq::_puschRxChEqCoefCompDynDescr)"
4510159704,7552,288558,273,1,1,12,11,1,51,0.002,0.000,,,,,NVIDIA A100-SXM4-40GB MIG 4g.20gb (0),1,,13,"void channel_eq::eqMmseSoftDemapKernel<float, __half, __half, float, (unsigned int)4, (unsigned short)16383>(channel_eq::_puschRxChEqStatDescr *, channel_eq::_puschRxChEqSoftDemapDynDescr)"
4510168184,283197,288559,1,1,1,32,32,1,30,0.000,0.000,,,,,NVIDIA A100-SXM4-40GB MIG 4g.20gb (0),1,,13,"void convert_kernel<float2, __half2>(tensor_layout_any, T1 *, tensor_layout_any, const T2 *)"
4510454485,11071,288571,2253,1,1,128,1,1,16,0.000,0.000,,,,,NVIDIA A100-SXM4-40GB MIG 4g.20gb (0),1,,13,cupy_copy__float16_float16
4510468628,3392,288580,282,1,1,128,1,1,16,0.000,0.000,,,,,NVIDIA A100-SXM4-40GB MIG 4g.20gb (0),1,,13,cupy_copy__complex64_complex64
4510475956,2112,288589,26,1,1,128,1,1,16,0.000,0.000,,,,,NVIDIA A100-SXM4-40GB MIG 4g.20gb (0),1,,13,cupy_copy__float32_float32
4510479508,4640,288598,103,1,1,128,1,1,16,0.000,0.000,,,,,NVIDIA A100-SXM4-40GB MIG 4g.20gb (0),1,,13,cupy_copy__complex64_complex64
4510485620,12224,288608,1434,1,1,128,1,1,16,0.000,0.000,,,,,NVIDIA A100-SXM4-40GB MIG 4g.20gb (0),1,,13,cupy_copy__complex64_complex64
4510504020,82399,288613,1,1,1,32,32,1,30,0.000,0.000,,,,,NVIDIA A100-SXM4-40GB MIG 4g.20gb (0),1,,13,"void convert_kernel<__half2, float2>(tensor_layout_any, T1 *, tensor_layout_any, const T2 *)"
4510612915,5472,288616,,,,,,,,,,0.094,17122.757,Pinned,Device,NVIDIA A100-SXM4-40GB MIG 4g.20gb (0),1,,13,[CUDA memcpy Host-to-Device]
4510622835,598232,288617,,,,,,,,,,456.561,762914.166,Device,,NVIDIA A100-SXM4-40GB MIG 4g.20gb (0),1,,13,[CUDA memset]
4511229451,161022,288622,,,,,,,,,,1.235,7669.002,Pinned,Device,NVIDIA A100-SXM4-40GB MIG 4g.20gb (0),1,,13,[CUDA memcpy Host-to-Device]
4511400041,43263,288623,,,,,,,,,,0.197,4544.397,Pinned,Device,NVIDIA A100-SXM4-40GB MIG 4g.20gb (0),1,,13,[CUDA memcpy Host-to-Device]
4511462056,8256,288624,69,4,1,48,1,1,76,0.002,0.000,,,,,NVIDIA A100-SXM4-40GB MIG 4g.20gb (0),1,,13,"void ch_est::windowedChEstPreNoDftSOfdmKernel<float, __half, float, (unsigned int)2, (unsigned int)1, (unsigned short)4>(ch_est::puschRxChEstStatDescr_t *, ch_est::puschRxChEstDynDescr_t *)"
4511478056,6816,288625,137,2,1,24,2,1,44,0.001,0.001,,,,,NVIDIA A100-SXM4-40GB MIG 4g.20gb (0),1,,13,"void ch_est::chEstFilterNoDftSOfdmDispatchKernel<float, __half, float, (unsigned int)2>(ch_est::puschRxChEstStatDescr_t *, ch_est::puschRxChEstDynDescr_t *)"
4511491176,4768,288626,137,2,1,24,2,1,44,0.001,0.001,,,,,NVIDIA A100-SXM4-40GB MIG 4g.20gb (0),1,,13,"void ch_est::chEstFilterNoDftSOfdmDispatchKernel<float, __half, float, (unsigned int)2>(ch_est::puschRxChEstStatDescr_t *, ch_est::puschRxChEstDynDescr_t *)"
4511504168,2592,288637,103,1,1,128,1,1,16,0.000,0.000,,,,,NVIDIA A100-SXM4-40GB MIG 4g.20gb (0),1,,13,cupy_copy__complex64_complex64
4511516647,12544,288647,1434,1,1,128,1,1,16,0.000,0.000,,,,,NVIDIA A100-SXM4-40GB MIG 4g.20gb (0),1,,13,cupy_copy__complex64_complex64
4511546247,2368,288654,103,1,1,128,1,1,16,0.000,0.000,,,,,NVIDIA A100-SXM4-40GB MIG 4g.20gb (0),1,,13,cupy_copy__complex64_complex64
4511560391,82463,288661,1,1,1,32,32,1,30,0.000,0.000,,,,,NVIDIA A100-SXM4-40GB MIG 4g.20gb (0),1,,13,"void convert_kernel<__half2, float2>(tensor_layout_any, T1 *, tensor_layout_any, const T2 *)"
4511675942,14431,288664,,,,,,,,,,0.094,6492.664,Pinned,Device,NVIDIA A100-SXM4-40GB MIG 4g.20gb (0),1,,13,[CUDA memcpy Host-to-Device]
4511711141,47808,288665,,,,,,,,,,35.810,749036.097,Device,,NVIDIA A100-SXM4-40GB MIG 4g.20gb (0),1,,13,[CUDA memset]
4511762148,7840,288667,,,,,,,,,,0.000,10.204,Pinned,Device,NVIDIA A100-SXM4-40GB MIG 4g.20gb (0),1,,13,[CUDA memcpy Host-to-Device]
4511778276,21088,288668,,,,,,,,,,0.197,9323.151,Pinned,Device,NVIDIA A100-SXM4-40GB MIG 4g.20gb (0),1,,13,[CUDA memcpy Host-to-Device]
4511815524,10496,288669,273,1,1,48,1,1,40,0.000,0.001,,,,,NVIDIA A100-SXM4-40GB MIG 4g.20gb (0),1,,13,"void pusch_noise_intf_est::noiseIntfEstNoDftSOfdmKernel<float, __half, float, float, (unsigned int)2, (unsigned int)1, (unsigned char)4, (unsigned char)4>(pusch_noise_intf_est::puschRxNoiseIntfEstDynDescr)"
4511838660,3071,288680,35,1,1,128,1,1,16,0.000,0.000,,,,,NVIDIA A100-SXM4-40GB MIG 4g.20gb (0),1,,13,cupy_copy__complex64_complex64
4511847939,2048,288689,1,1,1,1,1,1,18,0.000,0.000,,,,,NVIDIA A100-SXM4-40GB MIG 4g.20gb (0),1,,13,cupy_copy__float32_float32
4511851011,5024,288695,,,,,,,,,,0.000,0.796,Device,Pageable,NVIDIA A100-SXM4-40GB MIG 4g.20gb (0),1,,7,[CUDA memcpy Device-to-Host]
4511929762,12960,288706,1434,1,1,128,1,1,16,0.000,0.000,,,,,NVIDIA A100-SXM4-40GB MIG 4g.20gb (0),1,,13,cupy_copy__complex64_complex64
4511956418,3360,288713,103,1,1,128,1,1,16,0.000,0.000,,,,,NVIDIA A100-SXM4-40GB MIG 4g.20gb (0),1,,13,cupy_copy__complex64_complex64
4511975874,2560,288720,35,1,1,128,1,1,16,0.000,0.000,,,,,NVIDIA A100-SXM4-40GB MIG 4g.20gb (0),1,,13,cupy_copy__complex64_complex64
4511995618,2048,288727,1,1,1,1,1,1,18,0.000,0.000,,,,,NVIDIA A100-SXM4-40GB MIG 4g.20gb (0),1,,13,cupy_copy__float32_float32
4512119968,83071,288738,1,1,1,32,32,1,30,0.000,0.000,,,,,NVIDIA A100-SXM4-40GB MIG 4g.20gb (0),1,,13,"void convert_kernel<__half2, float2>(tensor_layout_any, T1 *, tensor_layout_any, const T2 *)"
4512231487,6208,288741,,,,,,,,,,0.094,15092.739,Pinned,Device,NVIDIA A100-SXM4-40GB MIG 4g.20gb (0),1,,13,[CUDA memcpy Host-to-Device]
4512245983,3711,288742,,,,,,,,,,1.547,416767.223,Device,,NVIDIA A100-SXM4-40GB MIG 4g.20gb (0),1,,13,[CUDA memset]
4512254558,3392,288747,,,,,,,,,,0.031,9226.405,Pinned,Device,NVIDIA A100-SXM4-40GB MIG 4g.20gb (0),1,,13,[CUDA memcpy Host-to-Device]
4512260446,10336,288748,,,,,,,,,,0.197,19021.627,Pinned,Device,NVIDIA A100-SXM4-40GB MIG 4g.20gb (0),1,,13,[CUDA memcpy Host-to-Device]
4512275998,7904,288749,273,1,1,8,4,1,39,0.002,0.000,,,,,NVIDIA A100-SXM4-40GB MIG 4g.20gb (0),1,,13,"void channel_eq::eqMmseCoefCompLowMimoKernel<float, float, float, (unsigned int)4, (unsigned int)1, (unsigned int)4>(const channel_eq::_puschRxChEqStatDescr *, channel_eq::_puschRxChEqCoefCompDynDescr)"
4512284830,6144,288750,273,1,1,12,11,1,51,0.002,0.000,,,,,NVIDIA A100-SXM4-40GB MIG 4g.20gb (0),1,,13,"void channel_eq::eqMmseSoftDemapKernel<float, __half, __half, float, (unsigned int)4, (unsigned short)16383>(channel_eq::_puschRxChEqStatDescr *, channel_eq::_puschRxChEqSoftDemapDynDescr)"
4512292062,283196,288751,1,1,1,32,32,1,30,0.000,0.000,,,,,NVIDIA A100-SXM4-40GB MIG 4g.20gb (0),1,,13,"void convert_kernel<float2, __half2>(tensor_layout_any, T1 *, tensor_layout_any, const T2 *)"
4512576826,11040,288763,2253,1,1,128,1,1,16,0.000,0.000,,,,,NVIDIA A100-SXM4-40GB MIG 4g.20gb (0),1,,13,cupy_copy__float16_float16
4512592442,3488,288772,282,1,1,128,1,1,16,0.000,0.000,,,,,NVIDIA A100-SXM4-40GB MIG 4g.20gb (0),1,,13,cupy_copy__complex64_complex64
4512597338,2112,288781,26,1,1,128,1,1,16,0.000,0.000,,,,,NVIDIA A100-SXM4-40GB MIG 4g.20gb (0),1,,13,cupy_copy__float32_float32
4512600986,4672,288790,103,1,1,128,1,1,16,0.000,0.000,,,,,NVIDIA A100-SXM4-40GB MIG 4g.20gb (0),1,,13,cupy_copy__complex64_complex64
4512607194,12576,288800,1434,1,1,128,1,1,16,0.000,0.000,,,,,NVIDIA A100-SXM4-40GB MIG 4g.20gb (0),1,,13,cupy_copy__complex64_complex64
4512625690,82655,288805,1,1,1,32,32,1,30,0.000,0.000,,,,,NVIDIA A100-SXM4-40GB MIG 4g.20gb (0),1,,13,"void convert_kernel<__half2, float2>(tensor_layout_any, T1 *, tensor_layout_any, const T2 *)"
4512735256,5376,288808,,,,,,,,,,0.094,17428.487,Pinned,Device,NVIDIA A100-SXM4-40GB MIG 4g.20gb (0),1,,13,[CUDA memcpy Host-to-Device]
4512745368,598201,288809,,,,,,,,,,456.561,762914.166,Device,,NVIDIA A100-SXM4-40GB MIG 4g.20gb (0),1,,13,[CUDA memset]
4513344433,110495,288814,,,,,,,,,,1.235,11176.243,Pinned,Device,NVIDIA A100-SXM4-40GB MIG 4g.20gb (0),1,,13,[CUDA memcpy Host-to-Device]
4513465903,28992,288815,,,,,,,,,,0.197,6781.403,Pinned,Device,NVIDIA A100-SXM4-40GB MIG 4g.20gb (0),1,,13,[CUDA memcpy Host-to-Device]
4513512815,8128,288816,69,4,1,48,1,1,76,0.002,0.000,,,,,NVIDIA A100-SXM4-40GB MIG 4g.20gb (0),1,,13,"void ch_est::windowedChEstPreNoDftSOfdmKernel<float, __half, float, (unsigned int)2, (unsigned int)1, (unsigned short)4>(ch_est::puschRxChEstStatDescr_t *, ch_est::puschRxChEstDynDescr_t *)"
4513528591,7040,288817,137,2,1,24,2,1,44,0.001,0.001,,,,,NVIDIA A100-SXM4-40GB MIG 4g.20gb (0),1,,13,"void ch_est::chEstFilterNoDftSOfdmDispatchKernel<float, __half, float, (unsigned int)2>(ch_est::puschRxChEstStatDescr_t *, ch_est::puschRxChEstDynDescr_t *)"
4513543119,4735,288818,137,2,1,24,2,1,44,0.001,0.001,,,,,NVIDIA A100-SXM4-40GB MIG 4g.20gb (0),1,,13,"void ch_est::chEstFilterNoDftSOfdmDispatchKernel<float, __half, float, (unsigned int)2>(ch_est::puschRxChEstStatDescr_t *, ch_est::puschRxChEstDynDescr_t *)"
4513557710,2528,288829,103,1,1,128,1,1,16,0.000,0.000,,,,,NVIDIA A100-SXM4-40GB MIG 4g.20gb (0),1,,13,cupy_copy__complex64_complex64
4513571150,12448,288839,1434,1,1,128,1,1,16,0.000,0.000,,,,,NVIDIA A100-SXM4-40GB MIG 4g.20gb (0),1,,13,cupy_copy__complex64_complex64
4513589742,2880,288846,103,1,1,128,1,1,16,0.000,0.000,,,,,NVIDIA A100-SXM4-40GB MIG 4g.20gb (0),1,,13,cupy_copy__complex64_complex64
4513613870,88799,288853,1,1,1,32,32,1,30,0.000,0.000,,,,,NVIDIA A100-SXM4-40GB MIG 4g.20gb (0),1,,13,"void convert_kernel<__half2, float2>(tensor_layout_any, T1 *, tensor_layout_any, const T2 *)"
4513739212,15392,288856,,,,,,,,,,0.094,6087.242,Pinned,Device,NVIDIA A100-SXM4-40GB MIG 4g.20gb (0),1,,13,[CUDA memcpy Host-to-Device]
4513768908,46783,288857,,,,,,,,,,35.810,765437.040,Device,,NVIDIA A100-SXM4-40GB MIG 4g.20gb (0),1,,13,[CUDA memset]
4513817675,13888,288859,,,,,,,,,,0.000,5.760,Pinned,Device,NVIDIA A100-SXM4-40GB MIG 4g.20gb (0),1,,13,[CUDA memcpy Host-to-Device]
4513839979,20896,288860,,,,,,,,,,0.197,9408.872,Pinned,Device,NVIDIA A100-SXM4-40GB MIG 4g.20gb (0),1,,13,[CUDA memcpy Host-to-Device]
4513872970,9472,288861,273,1,1,48,1,1,40,0.000,0.001,,,,,NVIDIA A100-SXM4-40GB MIG 4g.20gb (0),1,,13,"void pusch_noise_intf_est::noiseIntfEstNoDftSOfdmKernel<float, __half, float, float, (unsigned int)2, (unsigned int)1, (unsigned char)4, (unsigned char)4>(pusch_noise_intf_est::puschRxNoiseIntfEstDynDescr)"
4513893226,2656,288872,35,1,1,128,1,1,16,0.000,0.000,,,,,NVIDIA A100-SXM4-40GB MIG 4g.20gb (0),1,,13,cupy_copy__complex64_complex64
4513905098,1728,288881,1,1,1,1,1,1,18,0.000,0.000,,,,,NVIDIA A100-SXM4-40GB MIG 4g.20gb (0),1,,13,cupy_copy__float32_float32
4513910250,7904,288887,,,,,,,,,,0.000,0.506,Device,Pageable,NVIDIA A100-SXM4-40GB MIG 4g.20gb (0),1,,7,[CUDA memcpy Device-to-Host]
4514002537,12832,288898,1434,1,1,128,1,1,16,0.000,0.000,,,,,NVIDIA A100-SXM4-40GB MIG 4g.20gb (0),1,,13,cupy_copy__complex64_complex64
4514022729,3616,288905,103,1,1,128,1,1,16,0.000,0.000,,,,,NVIDIA A100-SXM4-40GB MIG 4g.20gb (0),1,,13,cupy_copy__complex64_complex64
4514051240,2432,288912,35,1,1,128,1,1,16,0.000,0.000,,,,,NVIDIA A100-SXM4-40GB MIG 4g.20gb (0),1,,13,cupy_copy__complex64_complex64
4514067208,1728,288919,1,1,1,1,1,1,18,0.000,0.000,,,,,NVIDIA A100-SXM4-40GB MIG 4g.20gb (0),1,,13,cupy_copy__float32_float32
4514190823,83103,288930,1,1,1,32,32,1,30,0.000,0.000,,,,,NVIDIA A100-SXM4-40GB MIG 4g.20gb (0),1,,13,"void convert_kernel<__half2, float2>(tensor_layout_any, T1 *, tensor_layout_any, const T2 *)"
4514302437,5856,288933,,,,,,,,,,0.094,15999.997,Pinned,Device,NVIDIA A100-SXM4-40GB MIG 4g.20gb (0),1,,13,[CUDA memcpy Host-to-Device]
4514317061,3328,288934,,,,,,,,,,1.547,464729.580,Device,,NVIDIA A100-SXM4-40GB MIG 4g.20gb (0),1,,13,[CUDA memset]
4514323909,3136,288939,,,,,,,,,,0.031,9979.575,Pinned,Device,NVIDIA A100-SXM4-40GB MIG 4g.20gb (0),1,,13,[CUDA memcpy Host-to-Device]
4514330309,10080,288940,,,,,,,,,,0.197,19504.693,Pinned,Device,NVIDIA A100-SXM4-40GB MIG 4g.20gb (0),1,,13,[CUDA memcpy Host-to-Device]
4514346917,6304,288941,273,1,1,8,4,1,39,0.002,0.000,,,,,NVIDIA A100-SXM4-40GB MIG 4g.20gb (0),1,,13,"void channel_eq::eqMmseCoefCompLowMimoKernel<float, float, float, (unsigned int)4, (unsigned int)1, (unsigned int)4>(const channel_eq::_puschRxChEqStatDescr *, channel_eq::_puschRxChEqCoefCompDynDescr)"
4514356037,8127,288942,273,1,1,12,11,1,51,0.002,0.000,,,,,NVIDIA A100-SXM4-40GB MIG 4g.20gb (0),1,,13,"void channel_eq::eqMmseSoftDemapKernel<float, __half, __half, float, (unsigned int)4, (unsigned short)16383>(channel_eq::_puschRxChEqStatDescr *, channel_eq::_puschRxChEqSoftDemapDynDescr)"
4514366980,294397,288943,1,1,1,32,32,1,30,0.000,0.000,,,,,NVIDIA A100-SXM4-40GB MIG 4g.20gb (0),1,,13,"void convert_kernel<float2, __half2>(tensor_layout_any, T1 *, tensor_layout_any, const T2 *)"
4514664993,11008,288955,2253,1,1,128,1,1,16,0.000,0.000,,,,,NVIDIA A100-SXM4-40GB MIG 4g.20gb (0),1,,13,cupy_copy__float16_float16
4514678881,3231,288964,282,1,1,128,1,1,16,0.000,0.000,,,,,NVIDIA A100-SXM4-40GB MIG 4g.20gb (0),1,,13,cupy_copy__complex64_complex64
4514684608,2112,288973,26,1,1,128,1,1,16,0.000,0.000,,,,,NVIDIA A100-SXM4-40GB MIG 4g.20gb (0),1,,13,cupy_copy__float32_float32
4514687744,3008,288982,103,1,1,128,1,1,16,0.000,0.000,,,,,NVIDIA A100-SXM4-40GB MIG 4g.20gb (0),1,,13,cupy_copy__complex64_complex64
4514694464,12256,288992,1434,1,1,128,1,1,16,0.000,0.000,,,,,NVIDIA A100-SXM4-40GB MIG 4g.20gb (0),1,,13,cupy_copy__complex64_complex64
4514712288,86943,288997,1,1,1,32,32,1,30,0.000,0.000,,,,,NVIDIA A100-SXM4-40GB MIG 4g.20gb (0),1,,13,"void convert_kernel<__half2, float2>(tensor_layout_any, T1 *, tensor_layout_any, const T2 *)"
4514826559,5696,289000,,,,,,,,,,0.094,16449.363,Pinned,Device,NVIDIA A100-SXM4-40GB MIG 4g.20gb (0),1,,13,[CUDA memcpy Host-to-Device]
4514836543,598520,289001,,,,,,,,,,456.561,762457.605,Device,,NVIDIA A100-SXM4-40GB MIG 4g.20gb (0),1,,13,[CUDA memset]
4515437143,128639,289006,,,,,,,,,,1.235,9599.220,Pinned,Device,NVIDIA A100-SXM4-40GB MIG 4g.20gb (0),1,,13,[CUDA memcpy Host-to-Device]
4515576341,21408,289007,,,,,,,,,,0.197,9183.756,Pinned,Device,NVIDIA A100-SXM4-40GB MIG 4g.20gb (0),1,,13,[CUDA memcpy Host-to-Device]
4515611157,8960,289008,69,4,1,48,1,1,76,0.002,0.000,,,,,NVIDIA A100-SXM4-40GB MIG 4g.20gb (0),1,,13,"void ch_est::windowedChEstPreNoDftSOfdmKernel<float, __half, float, (unsigned int)2, (unsigned int)1, (unsigned short)4>(ch_est::puschRxChEstStatDescr_t *, ch_est::puschRxChEstDynDescr_t *)"
4515631285,6496,289009,137,2,1,24,2,1,44,0.001,0.001,,,,,NVIDIA A100-SXM4-40GB MIG 4g.20gb (0),1,,13,"void ch_est::chEstFilterNoDftSOfdmDispatchKernel<float, __half, float, (unsigned int)2>(ch_est::puschRxChEstStatDescr_t *, ch_est::puschRxChEstDynDescr_t *)"
4515638997,4960,289010,137,2,1,24,2,1,44,0.001,0.001,,,,,NVIDIA A100-SXM4-40GB MIG 4g.20gb (0),1,,13,"void ch_est::chEstFilterNoDftSOfdmDispatchKernel<float, __half, float, (unsigned int)2>(ch_est::puschRxChEstStatDescr_t *, ch_est::puschRxChEstDynDescr_t *)"
4515648277,2720,289021,103,1,1,128,1,1,16,0.000,0.000,,,,,NVIDIA A100-SXM4-40GB MIG 4g.20gb (0),1,,13,cupy_copy__complex64_complex64
4515656628,12608,289031,1434,1,1,128,1,1,16,0.000,0.000,,,,,NVIDIA A100-SXM4-40GB MIG 4g.20gb (0),1,,13,cupy_copy__complex64_complex64
4515672628,2944,289038,103,1,1,128,1,1,16,0.000,0.000,,,,,NVIDIA A100-SXM4-40GB MIG 4g.20gb (0),1,,13,cupy_copy__complex64_complex64
4515682004,85759,289045,1,1,1,32,32,1,30,0.000,0.000,,,,,NVIDIA A100-SXM4-40GB MIG 4g.20gb (0),1,,13,"void convert_kernel<__half2, float2>(tensor_layout_any, T1 *, tensor_layout_any, const T2 *)"
4515796019,13120,289048,,,,,,,,,,0.094,7141.415,Pinned,Device,NVIDIA A100-SXM4-40GB MIG 4g.20gb (0),1,,13,[CUDA memcpy Host-to-Device]
4515824146,46880,289049,,,,,,,,,,35.810,763861.404,Device,,NVIDIA A100-SXM4-40GB MIG 4g.20gb (0),1,,13,[CUDA memset]
4515878034,5312,289051,,,,,,,,,,0.000,15.060,Pinned,Device,NVIDIA A100-SXM4-40GB MIG 4g.20gb (0),1,,13,[CUDA memcpy Host-to-Device]
4515890674,15519,289052,,,,,,,,,,0.197,12668.830,Pinned,Device,NVIDIA A100-SXM4-40GB MIG 4g.20gb (0),1,,13,[CUDA memcpy Host-to-Device]
4515916625,9376,289053,273,1,1,48,1,1,40,0.000,0.001,,,,,NVIDIA A100-SXM4-40GB MIG 4g.20gb (0),1,,13,"void pusch_noise_intf_est::noiseIntfEstNoDftSOfdmKernel<float, __half, float, float, (unsigned int)2, (unsigned int)1, (unsigned char)4, (unsigned char)4>(pusch_noise_intf_est::puschRxNoiseIntfEstDynDescr)"
4515936305,2848,289064,35,1,1,128,1,1,16,0.000,0.000,,,,,NVIDIA A100-SXM4-40GB MIG 4g.20gb (0),1,,13,cupy_copy__complex64_complex64
4515947697,1696,289073,1,1,1,1,1,1,18,0.000,0.000,,,,,NVIDIA A100-SXM4-40GB MIG 4g.20gb (0),1,,13,cupy_copy__float32_float32
4515954801,1792,289079,,,,,,,,,,0.000,2.232,Device,Pageable,NVIDIA A100-SXM4-40GB MIG 4g.20gb (0),1,,7,[CUDA memcpy Device-to-Host]
4516029072,12928,289090,1434,1,1,128,1,1,16,0.000,0.000,,,,,NVIDIA A100-SXM4-40GB MIG 4g.20gb (0),1,,13,cupy_copy__complex64_complex64
4516047536,2720,289097,103,1,1,128,1,1,16,0.000,0.000,,,,,NVIDIA A100-SXM4-40GB MIG 4g.20gb (0),1,,13,cupy_copy__complex64_complex64
4516074159,2528,289104,35,1,1,128,1,1,16,0.000,0.000,,,,,NVIDIA A100-SXM4-40GB MIG 4g.20gb (0),1,,13,cupy_copy__complex64_complex64
4516086415,1792,289111,1,1,1,1,1,1,18,0.000,0.000,,,,,NVIDIA A100-SXM4-40GB MIG 4g.20gb (0),1,,13,cupy_copy__float32_float32
4516218158,82719,289122,1,1,1,32,32,1,30,0.000,0.000,,,,,NVIDIA A100-SXM4-40GB MIG 4g.20gb (0),1,,13,"void convert_kernel<__half2, float2>(tensor_layout_any, T1 *, tensor_layout_any, const T2 *)"
4516330060,5760,289125,,,,,,,,,,0.094,16266.656,Pinned,Device,NVIDIA A100-SXM4-40GB MIG 4g.20gb (0),1,,13,[CUDA memcpy Host-to-Device]
4516343404,3360,289126,,,,,,,,,,1.547,460304.688,Device,,NVIDIA A100-SXM4-40GB MIG 4g.20gb (0),1,,13,[CUDA memset]
4516350444,3040,289131,,,,,,,,,,0.031,10294.725,Pinned,Device,NVIDIA A100-SXM4-40GB MIG 4g.20gb (0),1,,13,[CUDA memcpy Host-to-Device]
4516356236,10240,289132,,,,,,,,,,0.197,19199.951,Pinned,Device,NVIDIA A100-SXM4-40GB MIG 4g.20gb (0),1,,13,[CUDA memcpy Host-to-Device]
4516370860,6496,289133,273,1,1,8,4,1,39,0.002,0.000,,,,,NVIDIA A100-SXM4-40GB MIG 4g.20gb (0),1,,13,"void channel_eq::eqMmseCoefCompLowMimoKernel<float, float, float, (unsigned int)4, (unsigned int)1, (unsigned int)4>(const channel_eq::_puschRxChEqStatDescr *, channel_eq::_puschRxChEqCoefCompDynDescr)"
4516380812,5663,289134,273,1,1,12,11,1,51,0.002,0.000,,,,,NVIDIA A100-SXM4-40GB MIG 4g.20gb (0),1,,13,"void channel_eq::eqMmseSoftDemapKernel<float, __half, __half, float, (unsigned int)4, (unsigned short)16383>(channel_eq::_puschRxChEqStatDescr *, channel_eq::_puschRxChEqSoftDemapDynDescr)"
4516389643,282589,289135,1,1,1,32,32,1,30,0.000,0.000,,,,,NVIDIA A100-SXM4-40GB MIG 4g.20gb (0),1,,13,"void convert_kernel<float2, __half2>(tensor_layout_any, T1 *, tensor_layout_any, const T2 *)"
4516677096,10944,289147,2253,1,1,128,1,1,16,0.000,0.000,,,,,NVIDIA A100-SXM4-40GB MIG 4g.20gb (0),1,,13,cupy_copy__float16_float16
4516689992,3712,289156,282,1,1,128,1,1,16,0.000,0.000,,,,,NVIDIA A100-SXM4-40GB MIG 4g.20gb (0),1,,13,cupy_copy__complex64_complex64
4516696936,2464,289165,26,1,1,128,1,1,16,0.000,0.000,,,,,NVIDIA A100-SXM4-40GB MIG 4g.20gb (0),1,,13,cupy_copy__float32_float32
4516701352,3520,289174,103,1,1,128,1,1,16,0.000,0.000,,,,,NVIDIA A100-SXM4-40GB MIG 4g.20gb (0),1,,13,cupy_copy__complex64_complex64
4516706952,12159,289184,1434,1,1,128,1,1,16,0.000,0.000,,,,,NVIDIA A100-SXM4-40GB MIG 4g.20gb (0),1,,13,cupy_copy__complex64_complex64
4516720679,82207,289189,1,1,1,32,32,1,30,0.000,0.000,,,,,NVIDIA A100-SXM4-40GB MIG 4g.20gb (0),1,,13,"void convert_kernel<__half2, float2>(tensor_layout_any, T1 *, tensor_layout_any, const T2 *)"
4516830406,5568,289192,,,,,,,,,,0.094,16827.521,Pinned,Device,NVIDIA A100-SXM4-40GB MIG 4g.20gb (0),1,,13,[CUDA memcpy Host-to-Device]
4516841190,597529,289193,,,,,,,,,,456.561,763827.289,Device,,NVIDIA A100-SXM4-40GB MIG 4g.20gb (0),1,,13,[CUDA memset]
4517447358,156862,289198,,,,,,,,,,1.235,7872.768,Pinned,Device,NVIDIA A100-SXM4-40GB MIG 4g.20gb (0),1,,13,[CUDA memcpy Host-to-Device]
4517616476,37632,289199,,,,,,,,,,0.197,5224.464,Pinned,Device,NVIDIA A100-SXM4-40GB MIG 4g.20gb (0),1,,13,[CUDA memcpy Host-to-Device]
4517672572,8096,289200,69,4,1,48,1,1,76,0.002,0.000,,,,,NVIDIA A100-SXM4-40GB MIG 4g.20gb (0),1,,13,"void ch_est::windowedChEstPreNoDftSOfdmKernel<float, __half, float, (unsigned int)2, (unsigned int)1, (unsigned short)4>(ch_est::puschRxChEstStatDescr_t *, ch_est::puschRxChEstDynDescr_t *)"
4517687579,6848,289201,137,2,1,24,2,1,44,0.001,0.001,,,,,NVIDIA A100-SXM4-40GB MIG 4g.20gb (0),1,,13,"void ch_est::chEstFilterNoDftSOfdmDispatchKernel<float, __half, float, (unsigned int)2>(ch_est::puschRxChEstStatDescr_t *, ch_est::puschRxChEstDynDescr_t *)"
4517700315,5216,289202,137,2,1,24,2,1,44,0.001,0.001,,,,,NVIDIA A100-SXM4-40GB MIG 4g.20gb (0),1,,13,"void ch_est::chEstFilterNoDftSOfdmDispatchKernel<float, __half, float, (unsigned int)2>(ch_est::puschRxChEstStatDescr_t *, ch_est::puschRxChEstDynDescr_t *)"
4517711931,2496,289213,103,1,1,128,1,1,16,0.000,0.000,,,,,NVIDIA A100-SXM4-40GB MIG 4g.20gb (0),1,,13,cupy_copy__complex64_complex64
4517726203,12544,289223,1434,1,1,128,1,1,16,0.000,0.000,,,,,NVIDIA A100-SXM4-40GB MIG 4g.20gb (0),1,,13,cupy_copy__complex64_complex64
4517740283,2592,289230,103,1,1,128,1,1,16,0.000,0.000,,,,,NVIDIA A100-SXM4-40GB MIG 4g.20gb (0),1,,13,cupy_copy__complex64_complex64
4517749051,85439,289237,1,1,1,32,32,1,30,0.000,0.000,,,,,NVIDIA A100-SXM4-40GB MIG 4g.20gb (0),1,,13,"void convert_kernel<__half2, float2>(tensor_layout_any, T1 *, tensor_layout_any, const T2 *)"
4517862329,6016,289240,,,,,,,,,,0.094,15574.430,Pinned,Device,NVIDIA A100-SXM4-40GB MIG 4g.20gb (0),1,,13,[CUDA memcpy Host-to-Device]
4517874713,48320,289241,,,,,,,,,,35.810,741086.294,Device,,NVIDIA A100-SXM4-40GB MIG 4g.20gb (0),1,,13,[CUDA memset]
4517929080,4000,289243,,,,,,,,,,0.000,20.000,Pinned,Device,NVIDIA A100-SXM4-40GB MIG 4g.20gb (0),1,,13,[CUDA memcpy Host-to-Device]
4517936792,14144,289244,,,,,,,,,,0.197,13900.382,Pinned,Device,NVIDIA A100-SXM4-40GB MIG 4g.20gb (0),1,,13,[CUDA memcpy Host-to-Device]
4517961816,13088,289245,273,1,1,48,1,1,40,0.000,0.001,,,,,NVIDIA A100-SXM4-40GB MIG 4g.20gb (0),1,,13,"void pusch_noise_intf_est::noiseIntfEstNoDftSOfdmKernel<float, __half, float, float, (unsigned int)2, (unsigned int)1, (unsigned char)4, (unsigned char)4>(pusch_noise_intf_est::puschRxNoiseIntfEstDynDescr)"
4517977272,2976,289256,35,1,1,128,1,1,16,0.000,0.000,,,,,NVIDIA A100-SXM4-40GB MIG 4g.20gb (0),1,,13,cupy_copy__complex64_complex64
4517982584,1984,289265,1,1,1,1,1,1,18,0.000,0.000,,,,,NVIDIA A100-SXM4-40GB MIG 4g.20gb (0),1,,13,cupy_copy__float32_float32
4518013687,1984,289271,,,,,,,,,,0.000,2.016,Device,Pageable,NVIDIA A100-SXM4-40GB MIG 4g.20gb (0),1,,7,[CUDA memcpy Device-to-Host]
4518074487,12768,289282,1434,1,1,128,1,1,16,0.000,0.000,,,,,NVIDIA A100-SXM4-40GB MIG 4g.20gb (0),1,,13,cupy_copy__complex64_complex64
4518101110,2592,289289,103,1,1,128,1,1,16,0.000,0.000,,,,,NVIDIA A100-SXM4-40GB MIG 4g.20gb (0),1,,13,cupy_copy__complex64_complex64
4518120982,2176,289296,35,1,1,128,1,1,16,0.000,0.000,,,,,NVIDIA A100-SXM4-40GB MIG 4g.20gb (0),1,,13,cupy_copy__complex64_complex64
4518139286,2016,289303,1,1,1,1,1,1,18,0.000,0.000,,,,,NVIDIA A100-SXM4-40GB MIG 4g.20gb (0),1,,13,cupy_copy__float32_float32
4518274100,82047,289314,1,1,1,32,32,1,30,0.000,0.000,,,,,NVIDIA A100-SXM4-40GB MIG 4g.20gb (0),1,,13,"void convert_kernel<__half2, float2>(tensor_layout_any, T1 *, tensor_layout_any, const T2 *)"
4518384083,5632,289317,,,,,,,,,,0.094,16636.287,Pinned,Device,NVIDIA A100-SXM4-40GB MIG 4g.20gb (0),1,,13,[CUDA memcpy Host-to-Device]
4518398227,3296,289318,,,,,,,,,,1.547,469242.628,Device,,NVIDIA A100-SXM4-40GB MIG 4g.20gb (0),1,,13,[CUDA memset]
4518405331,3072,289323,,,,,,,,,,0.031,10187.474,Pinned,Device,NVIDIA A100-SXM4-40GB MIG 4g.20gb (0),1,,13,[CUDA memcpy Host-to-Device]
4518410803,10175,289324,,,,,,,,,,0.197,19322.634,Pinned,Device,NVIDIA A100-SXM4-40GB MIG 4g.20gb (0),1,,13,[CUDA memcpy Host-to-Device]
4518427378,6240,289325,273,1,1,8,4,1,39,0.002,0.000,,,,,NVIDIA A100-SXM4-40GB MIG 4g.20gb (0),1,,13,"void channel_eq::eqMmseCoefCompLowMimoKernel<float, float, float, (unsigned int)4, (unsigned int)1, (unsigned int)4>(const channel_eq::_puschRxChEqStatDescr *, channel_eq::_puschRxChEqCoefCompDynDescr)"
4518434674,7904,289326,273,1,1,12,11,1,51,0.002,0.000,,,,,NVIDIA A100-SXM4-40GB MIG 4g.20gb (0),1,,13,"void channel_eq::eqMmseSoftDemapKernel<float, __half, __half, float, (unsigned int)4, (unsigned short)16383>(channel_eq::_puschRxChEqStatDescr *, channel_eq::_puschRxChEqSoftDemapDynDescr)"
4518444754,282653,289327,1,1,1,32,32,1,30,0.000,0.000,,,,,NVIDIA A100-SXM4-40GB MIG 4g.20gb (0),1,,13,"void convert_kernel<float2, __half2>(tensor_layout_any, T1 *, tensor_layout_any, const T2 *)"
4518728655,10975,289339,2253,1,1,128,1,1,16,0.000,0.000,,,,,NVIDIA A100-SXM4-40GB MIG 4g.20gb (0),1,,13,cupy_copy__float16_float16
4518742894,3392,289348,282,1,1,128,1,1,16,0.000,0.000,,,,,NVIDIA A100-SXM4-40GB MIG 4g.20gb (0),1,,13,cupy_copy__complex64_complex64
4518747342,2336,289357,26,1,1,128,1,1,16,0.000,0.000,,,,,NVIDIA A100-SXM4-40GB MIG 4g.20gb (0),1,,13,cupy_copy__float32_float32
4518750638,2880,289366,103,1,1,128,1,1,16,0.000,0.000,,,,,NVIDIA A100-SXM4-40GB MIG 4g.20gb (0),1,,13,cupy_copy__complex64_complex64
4518755822,12672,289376,1434,1,1,128,1,1,16,0.000,0.000,,,,,NVIDIA A100-SXM4-40GB MIG 4g.20gb (0),1,,13,cupy_copy__complex64_complex64
4518771950,87551,289381,1,1,1,32,32,1,30,0.000,0.000,,,,,NVIDIA A100-SXM4-40GB MIG 4g.20gb (0),1,,13,"void convert_kernel<__half2, float2>(tensor_layout_any, T1 *, tensor_layout_any, const T2 *)"
4518888781,5728,289384,,,,,,,,,,0.094,16357.541,Pinned,Device,NVIDIA A100-SXM4-40GB MIG 4g.20gb (0),1,,13,[CUDA memcpy Host-to-Device]
4518898829,597208,289385,,,,,,,,,,456.561,764283.851,Device,,NVIDIA A100-SXM4-40GB MIG 4g.20gb (0),1,,13,[CUDA memset]
4519504293,169310,289390,,,,,,,,,,1.235,7293.579,Pinned,Device,NVIDIA A100-SXM4-40GB MIG 4g.20gb (0),1,,13,[CUDA memcpy Host-to-Device]
4519685475,40991,289391,,,,,,,,,,0.197,4796.252,Pinned,Device,NVIDIA A100-SXM4-40GB MIG 4g.20gb (0),1,,13,[CUDA memcpy Host-to-Device]
4519748290,8192,289392,69,4,1,48,1,1,76,0.002,0.000,,,,,NVIDIA A100-SXM4-40GB MIG 4g.20gb (0),1,,13,"void ch_est::windowedChEstPreNoDftSOfdmKernel<float, __half, float, (unsigned int)2, (unsigned int)1, (unsigned short)4>(ch_est::puschRxChEstStatDescr_t *, ch_est::puschRxChEstDynDescr_t *)"
4519767490,6752,289393,137,2,1,24,2,1,44,0.001,0.001,,,,,NVIDIA A100-SXM4-40GB MIG 4g.20gb (0),1,,13,"void ch_est::chEstFilterNoDftSOfdmDispatchKernel<float, __half, float, (unsigned int)2>(ch_est::puschRxChEstStatDescr_t *, ch_est::puschRxChEstDynDescr_t *)"
4519783970,4768,289394,137,2,1,24,2,1,44,0.001,0.001,,,,,NVIDIA A100-SXM4-40GB MIG 4g.20gb (0),1,,13,"void ch_est::chEstFilterNoDftSOfdmDispatchKernel<float, __half, float, (unsigned int)2>(ch_est::puschRxChEstStatDescr_t *, ch_est::puschRxChEstDynDescr_t *)"
4519801377,2592,289405,103,1,1,128,1,1,16,0.000,0.000,,,,,NVIDIA A100-SXM4-40GB MIG 4g.20gb (0),1,,13,cupy_copy__complex64_complex64
4519818081,12448,289415,1434,1,1,128,1,1,16,0.000,0.000,,,,,NVIDIA A100-SXM4-40GB MIG 4g.20gb (0),1,,13,cupy_copy__complex64_complex64
4519839937,2880,289422,103,1,1,128,1,1,16,0.000,0.000,,,,,NVIDIA A100-SXM4-40GB MIG 4g.20gb (0),1,,13,cupy_copy__complex64_complex64
4519866305,94814,289429,1,1,1,32,32,1,30,0.000,0.000,,,,,NVIDIA A100-SXM4-40GB MIG 4g.20gb (0),1,,13,"void convert_kernel<__half2, float2>(tensor_layout_any, T1 *, tensor_layout_any, const T2 *)"
4519996767,21984,289432,,,,,,,,,,0.094,4261.950,Pinned,Device,NVIDIA A100-SXM4-40GB MIG 4g.20gb (0),1,,13,[CUDA memcpy Host-to-Device]
4520031775,47423,289433,,,,,,,,,,35.810,755087.973,Device,,NVIDIA A100-SXM4-40GB MIG 4g.20gb (0),1,,13,[CUDA memset]
4520086942,7296,289435,,,,,,,,,,0.000,10.965,Pinned,Device,NVIDIA A100-SXM4-40GB MIG 4g.20gb (0),1,,13,[CUDA memcpy Host-to-Device]
4520101918,17983,289436,,,,,,,,,,0.197,10932.978,Pinned,Device,NVIDIA A100-SXM4-40GB MIG 4g.20gb (0),1,,13,[CUDA memcpy Host-to-Device]
4520132541,9888,289437,273,1,1,48,1,1,40,0.000,0.001,,,,,NVIDIA A100-SXM4-40GB MIG 4g.20gb (0),1,,13,"void pusch_noise_intf_est::noiseIntfEstNoDftSOfdmKernel<float, __half, float, float, (unsigned int)2, (unsigned int)1, (unsigned char)4, (unsigned char)4>(pusch_noise_intf_est::puschRxNoiseIntfEstDynDescr)"
4520147485,2944,289448,35,1,1,128,1,1,16,0.000,0.000,,,,,NVIDIA A100-SXM4-40GB MIG 4g.20gb (0),1,,13,cupy_copy__complex64_complex64
4520154237,1920,289457,1,1,1,1,1,1,18,0.000,0.000,,,,,NVIDIA A100-SXM4-40GB MIG 4g.20gb (0),1,,13,cupy_copy__float32_float32
4520160669,1792,289463,,,,,,,,,,0.000,2.232,Device,Pageable,NVIDIA A100-SXM4-40GB MIG 4g.20gb (0),1,,7,[CUDA memcpy Device-to-Host]
4520221276,12832,289474,1434,1,1,128,1,1,16,0.000,0.000,,,,,NVIDIA A100-SXM4-40GB MIG 4g.20gb (0),1,,13,cupy_copy__complex64_complex64
4520249404,2944,289481,103,1,1,128,1,1,16,0.000,0.000,,,,,NVIDIA A100-SXM4-40GB MIG 4g.20gb (0),1,,13,cupy_copy__complex64_complex64
4520271708,2560,289488,35,1,1,128,1,1,16,0.000,0.000,,,,,NVIDIA A100-SXM4-40GB MIG 4g.20gb (0),1,,13,cupy_copy__complex64_complex64
4520292443,2048,289495,1,1,1,1,1,1,18,0.000,0.000,,,,,NVIDIA A100-SXM4-40GB MIG 4g.20gb (0),1,,13,cupy_copy__float32_float32
4520423290,87551,289506,1,1,1,32,32,1,30,0.000,0.000,,,,,NVIDIA A100-SXM4-40GB MIG 4g.20gb (0),1,,13,"void convert_kernel<__half2, float2>(tensor_layout_any, T1 *, tensor_layout_any, const T2 *)"
4520538424,5728,289509,,,,,,,,,,0.094,16357.541,Pinned,Device,NVIDIA A100-SXM4-40GB MIG 4g.20gb (0),1,,13,[CUDA memcpy Host-to-Device]
4520552472,3520,289510,,,,,,,,,,1.547,439380.412,Device,,NVIDIA A100-SXM4-40GB MIG 4g.20gb (0),1,,13,[CUDA memset]
4520559320,3136,289515,,,,,,,,,,0.031,9979.575,Pinned,Device,NVIDIA A100-SXM4-40GB MIG 4g.20gb (0),1,,13,[CUDA memcpy Host-to-Device]
4520565624,9664,289516,,,,,,,,,,0.197,20344.209,Pinned,Device,NVIDIA A100-SXM4-40GB MIG 4g.20gb (0),1,,13,[CUDA memcpy Host-to-Device]
4520579896,6176,289517,273,1,1,8,4,1,39,0.002,0.000,,,,,NVIDIA A100-SXM4-40GB MIG 4g.20gb (0),1,,13,"void channel_eq::eqMmseCoefCompLowMimoKernel<float, float, float, (unsigned int)4, (unsigned int)1, (unsigned int)4>(const channel_eq::_puschRxChEqStatDescr *, channel_eq::_puschRxChEqCoefCompDynDescr)"
4520587192,6272,289518,273,1,1,12,11,1,51,0.002,0.000,,,,,NVIDIA A100-SXM4-40GB MIG 4g.20gb (0),1,,13,"void channel_eq::eqMmseSoftDemapKernel<float, __half, __half, float, (unsigned int)4, (unsigned short)16383>(channel_eq::_puschRxChEqStatDescr *, channel_eq::_puschRxChEqSoftDemapDynDescr)"
4520594488,282844,289519,1,1,1,32,32,1,30,0.000,0.000,,,,,NVIDIA A100-SXM4-40GB MIG 4g.20gb (0),1,,13,"void convert_kernel<float2, __half2>(tensor_layout_any, T1 *, tensor_layout_any, const T2 *)"
4520880116,11072,289531,2253,1,1,128,1,1,16,0.000,0.000,,,,,NVIDIA A100-SXM4-40GB MIG 4g.20gb (0),1,,13,cupy_copy__float16_float16
4520894004,3808,289540,282,1,1,128,1,1,16,0.000,0.000,,,,,NVIDIA A100-SXM4-40GB MIG 4g.20gb (0),1,,13,cupy_copy__complex64_complex64
4520899028,2336,289549,26,1,1,128,1,1,16,0.000,0.000,,,,,NVIDIA A100-SXM4-40GB MIG 4g.20gb (0),1,,13,cupy_copy__float32_float32
4520903284,2976,289558,103,1,1,128,1,1,16,0.000,0.000,,,,,NVIDIA A100-SXM4-40GB MIG 4g.20gb (0),1,,13,cupy_copy__complex64_complex64
4520907380,12192,289568,1434,1,1,128,1,1,16,0.000,0.000,,,,,NVIDIA A100-SXM4-40GB MIG 4g.20gb (0),1,,13,cupy_copy__complex64_complex64
4520922452,81759,289573,1,1,1,32,32,1,30,0.000,0.000,,,,,NVIDIA A100-SXM4-40GB MIG 4g.20gb (0),1,,13,"void convert_kernel<__half2, float2>(tensor_layout_any, T1 *, tensor_layout_any, const T2 *)"
4521031410,5760,289576,,,,,,,,,,0.094,16266.656,Pinned,Device,NVIDIA A100-SXM4-40GB MIG 4g.20gb (0),1,,13,[CUDA memcpy Host-to-Device]
4521040818,598009,289577,,,,,,,,,,456.561,763370.728,Device,,NVIDIA A100-SXM4-40GB MIG 4g.20gb (0),1,,13,[CUDA memset]
4521647243,149214,289582,,,,,,,,,,1.235,8275.360,Pinned,Device,NVIDIA A100-SXM4-40GB MIG 4g.20gb (0),1,,13,[CUDA memcpy Host-to-Device]
4521809129,40159,289583,,,,,,,,,,0.197,4895.736,Pinned,Device,NVIDIA A100-SXM4-40GB MIG 4g.20gb (0),1,,13,[CUDA memcpy Host-to-Device]
4521878792,8576,289584,69,4,1,48,1,1,76,0.002,0.000,,,,,NVIDIA A100-SXM4-40GB MIG 4g.20gb (0),1,,13,"void ch_est::windowedChEstPreNoDftSOfdmKernel<float, __half, float, (unsigned int)2, (unsigned int)1, (unsigned short)4>(ch_est::puschRxChEstStatDescr_t *, ch_est::puschRxChEstDynDescr_t *)"
4521898152,6847,289585,137,2,1,24,2,1,44,0.001,0.001,,,,,NVIDIA A100-SXM4-40GB MIG 4g.20gb (0),1,,13,"void ch_est::chEstFilterNoDftSOfdmDispatchKernel<float, __half, float, (unsigned int)2>(ch_est::puschRxChEstStatDescr_t *, ch_est::puschRxChEstDynDescr_t *)"
4521916039,4704,289586,137,2,1,24,2,1,44,0.001,0.001,,,,,NVIDIA A100-SXM4-40GB MIG 4g.20gb (0),1,,13,"void ch_est::chEstFilterNoDftSOfdmDispatchKernel<float, __half, float, (unsigned int)2>(ch_est::puschRxChEstStatDescr_t *, ch_est::puschRxChEstDynDescr_t *)"
4521933191,2688,289597,103,1,1,128,1,1,16,0.000,0.000,,,,,NVIDIA A100-SXM4-40GB MIG 4g.20gb (0),1,,13,cupy_copy__complex64_complex64
4521949927,12608,289607,1434,1,1,128,1,1,16,0.000,0.000,,,,,NVIDIA A100-SXM4-40GB MIG 4g.20gb (0),1,,13,cupy_copy__complex64_complex64
4521972551,2560,289614,103,1,1,128,1,1,16,0.000,0.000,,,,,NVIDIA A100-SXM4-40GB MIG 4g.20gb (0),1,,13,cupy_copy__complex64_complex64
4521995846,86815,289621,1,1,1,32,32,1,30,0.000,0.000,,,,,NVIDIA A100-SXM4-40GB MIG 4g.20gb (0),1,,13,"void convert_kernel<__half2, float2>(tensor_layout_any, T1 *, tensor_layout_any, const T2 *)"
4522114661,26464,289624,,,,,,,,,,0.094,3540.491,Pinned,Device,NVIDIA A100-SXM4-40GB MIG 4g.20gb (0),1,,13,[CUDA memcpy Host-to-Device]
4522156868,47296,289625,,,,,,,,,,35.810,757129.139,Device,,NVIDIA A100-SXM4-40GB MIG 4g.20gb (0),1,,13,[CUDA memset]
4522211396,8000,289627,,,,,,,,,,0.000,10.000,Pinned,Device,NVIDIA A100-SXM4-40GB MIG 4g.20gb (0),1,,13,[CUDA memcpy Host-to-Device]
4522227940,29055,289628,,,,,,,,,,0.197,6766.658,Pinned,Device,NVIDIA A100-SXM4-40GB MIG 4g.20gb (0),1,,13,[CUDA memcpy Host-to-Device]
4522269059,9184,289629,273,1,1,48,1,1,40,0.000,0.001,,,,,NVIDIA A100-SXM4-40GB MIG 4g.20gb (0),1,,13,"void pusch_noise_intf_est::noiseIntfEstNoDftSOfdmKernel<float, __half, float, float, (unsigned int)2, (unsigned int)1, (unsigned char)4, (unsigned char)4>(pusch_noise_intf_est::puschRxNoiseIntfEstDynDescr)"
4522288803,2752,289640,35,1,1,128,1,1,16,0.000,0.000,,,,,NVIDIA A100-SXM4-40GB MIG 4g.20gb (0),1,,13,cupy_copy__complex64_complex64
4522305187,1760,289649,1,1,1,1,1,1,18,0.000,0.000,,,,,NVIDIA A100-SXM4-40GB MIG 4g.20gb (0),1,,13,cupy_copy__float32_float32
4522310019,7039,289655,,,,,,,,,,0.000,0.568,Device,Pageable,NVIDIA A100-SXM4-40GB MIG 4g.20gb (0),1,,7,[CUDA memcpy Device-to-Host]
4522412705,12736,289666,1434,1,1,128,1,1,16,0.000,0.000,,,,,NVIDIA A100-SXM4-40GB MIG 4g.20gb (0),1,,13,cupy_copy__complex64_complex64
4522434881,3392,289673,103,1,1,128,1,1,16,0.000,0.000,,,,,NVIDIA A100-SXM4-40GB MIG 4g.20gb (0),1,,13,cupy_copy__complex64_complex64
4522458273,2496,289680,35,1,1,128,1,1,16,0.000,0.000,,,,,NVIDIA A100-SXM4-40GB MIG 4g.20gb (0),1,,13,cupy_copy__complex64_complex64
4522478976,1824,289687,1,1,1,1,1,1,18,0.000,0.000,,,,,NVIDIA A100-SXM4-40GB MIG 4g.20gb (0),1,,13,cupy_copy__float32_float32
4522603135,91423,289698,1,1,1,32,32,1,30,0.000,0.000,,,,,NVIDIA A100-SXM4-40GB MIG 4g.20gb (0),1,,13,"void convert_kernel<__half2, float2>(tensor_layout_any, T1 *, tensor_layout_any, const T2 *)"
4522723133,5408,289701,,,,,,,,,,0.094,17325.421,Pinned,Device,NVIDIA A100-SXM4-40GB MIG 4g.20gb (0),1,,13,[CUDA memcpy Host-to-Device]
4522740797,3392,289702,,,,,,,,,,1.547,455961.768,Device,,NVIDIA A100-SXM4-40GB MIG 4g.20gb (0),1,,13,[CUDA memset]
4522744765,3520,289707,,,,,,,,,,0.031,8890.881,Pinned,Device,NVIDIA A100-SXM4-40GB MIG 4g.20gb (0),1,,13,[CUDA memcpy Host-to-Device]
4522750717,9536,289708,,,,,,,,,,0.197,20617.298,Pinned,Device,NVIDIA A100-SXM4-40GB MIG 4g.20gb (0),1,,13,[CUDA memcpy Host-to-Device]
4522764957,6272,289709,273,1,1,8,4,1,39,0.002,0.000,,,,,NVIDIA A100-SXM4-40GB MIG 4g.20gb (0),1,,13,"void channel_eq::eqMmseCoefCompLowMimoKernel<float, float, float, (unsigned int)4, (unsigned int)1, (unsigned int)4>(const channel_eq::_puschRxChEqStatDescr *, channel_eq::_puschRxChEqCoefCompDynDescr)"
4522772221,6208,289710,273,1,1,12,11,1,51,0.002,0.000,,,,,NVIDIA A100-SXM4-40GB MIG 4g.20gb (0),1,,13,"void channel_eq::eqMmseSoftDemapKernel<float, __half, __half, float, (unsigned int)4, (unsigned short)16383>(channel_eq::_puschRxChEqStatDescr *, channel_eq::_puschRxChEqSoftDemapDynDescr)"
4522779357,282748,289711,1,1,1,32,32,1,30,0.000,0.000,,,,,NVIDIA A100-SXM4-40GB MIG 4g.20gb (0),1,,13,"void convert_kernel<float2, __half2>(tensor_layout_any, T1 *, tensor_layout_any, const T2 *)"
4523064665,10912,289723,2253,1,1,128,1,1,16,0.000,0.000,,,,,NVIDIA A100-SXM4-40GB MIG 4g.20gb (0),1,,13,cupy_copy__float16_float16
4523076857,3136,289732,282,1,1,128,1,1,16,0.000,0.000,,,,,NVIDIA A100-SXM4-40GB MIG 4g.20gb (0),1,,13,cupy_copy__complex64_complex64
4523083161,2144,289741,26,1,1,128,1,1,16,0.000,0.000,,,,,NVIDIA A100-SXM4-40GB MIG 4g.20gb (0),1,,13,cupy_copy__float32_float32
4523087577,4544,289750,103,1,1,128,1,1,16,0.000,0.000,,,,,NVIDIA A100-SXM4-40GB MIG 4g.20gb (0),1,,13,cupy_copy__complex64_complex64
4523096921,12416,289760,1434,1,1,128,1,1,16,0.000,0.000,,,,,NVIDIA A100-SXM4-40GB MIG 4g.20gb (0),1,,13,cupy_copy__complex64_complex64
4523122776,83199,289765,1,1,1,32,32,1,30,0.000,0.000,,,,,NVIDIA A100-SXM4-40GB MIG 4g.20gb (0),1,,13,"void convert_kernel<__half2, float2>(tensor_layout_any, T1 *, tensor_layout_any, const T2 *)"
4523233207,5344,289768,,,,,,,,,,0.094,17532.864,Pinned,Device,NVIDIA A100-SXM4-40GB MIG 4g.20gb (0),1,,13,[CUDA memcpy Host-to-Device]
4523247095,597241,289769,,,,,,,,,,456.561,764283.851,Device,,NVIDIA A100-SXM4-40GB MIG 4g.20gb (0),1,,13,[CUDA memset]
4523852144,128766,289774,,,,,,,,,,1.235,9590.575,Pinned,Device,NVIDIA A100-SXM4-40GB MIG 4g.20gb (0),1,,13,[CUDA memcpy Host-to-Device]
4523986254,26368,289775,,,,,,,,,,0.197,7456.162,Pinned,Device,NVIDIA A100-SXM4-40GB MIG 4g.20gb (0),1,,13,[CUDA memcpy Host-to-Device]
4524030509,8576,289776,69,4,1,48,1,1,76,0.002,0.000,,,,,NVIDIA A100-SXM4-40GB MIG 4g.20gb (0),1,,13,"void ch_est::windowedChEstPreNoDftSOfdmKernel<float, __half, float, (unsigned int)2, (unsigned int)1, (unsigned short)4>(ch_est::puschRxChEstStatDescr_t *, ch_est::puschRxChEstDynDescr_t *)"
4524046477,7968,289777,137,2,1,24,2,1,44,0.001,0.001,,,,,NVIDIA A100-SXM4-40GB MIG 4g.20gb (0),1,,13,"void ch_est::chEstFilterNoDftSOfdmDispatchKernel<float, __half, float, (unsigned int)2>(ch_est::puschRxChEstStatDescr_t *, ch_est::puschRxChEstDynDescr_t *)"
4524060461,6560,289778,137,2,1,24,2,1,44,0.001,0.001,,,,,NVIDIA A100-SXM4-40GB MIG 4g.20gb (0),1,,13,"void ch_est::chEstFilterNoDftSOfdmDispatchKernel<float, __half, float, (unsigned int)2>(ch_est::puschRxChEstStatDescr_t *, ch_est::puschRxChEstDynDescr_t *)"
4524069261,2720,289789,103,1,1,128,1,1,16,0.000,0.000,,,,,NVIDIA A100-SXM4-40GB MIG 4g.20gb (0),1,,13,cupy_copy__complex64_complex64
4524076525,12384,289799,1434,1,1,128,1,1,16,0.000,0.000,,,,,NVIDIA A100-SXM4-40GB MIG 4g.20gb (0),1,,13,cupy_copy__complex64_complex64
4524093165,2815,289806,103,1,1,128,1,1,16,0.000,0.000,,,,,NVIDIA A100-SXM4-40GB MIG 4g.20gb (0),1,,13,cupy_copy__complex64_complex64
4524101004,82527,289813,1,1,1,32,32,1,30,0.000,0.000,,,,,NVIDIA A100-SXM4-40GB MIG 4g.20gb (0),1,,13,"void convert_kernel<__half2, float2>(tensor_layout_any, T1 *, tensor_layout_any, const T2 *)"
4524210475,6016,289816,,,,,,,,,,0.094,15574.430,Pinned,Device,NVIDIA A100-SXM4-40GB MIG 4g.20gb (0),1,,13,[CUDA memcpy Host-to-Device]
4524222251,46815,289817,,,,,,,,,,35.810,764899.891,Device,,NVIDIA A100-SXM4-40GB MIG 4g.20gb (0),1,,13,[CUDA memset]
4524274602,4128,289819,,,,,,,,,,0.000,19.380,Pinned,Device,NVIDIA A100-SXM4-40GB MIG 4g.20gb (0),1,,13,[CUDA memcpy Host-to-Device]
4524284010,11840,289820,,,,,,,,,,0.197,16605.315,Pinned,Device,NVIDIA A100-SXM4-40GB MIG 4g.20gb (0),1,,13,[CUDA memcpy Host-to-Device]
4524305194,10688,289821,273,1,1,48,1,1,40,0.000,0.001,,,,,NVIDIA A100-SXM4-40GB MIG 4g.20gb (0),1,,13,"void pusch_noise_intf_est::noiseIntfEstNoDftSOfdmKernel<float, __half, float, float, (unsigned int)2, (unsigned int)1, (unsigned char)4, (unsigned char)4>(pusch_noise_intf_est::puschRxNoiseIntfEstDynDescr)"
4524320138,2784,289832,35,1,1,128,1,1,16,0.000,0.000,,,,,NVIDIA A100-SXM4-40GB MIG 4g.20gb (0),1,,13,cupy_copy__complex64_complex64
4524329962,1952,289841,1,1,1,1,1,1,18,0.000,0.000,,,,,NVIDIA A100-SXM4-40GB MIG 4g.20gb (0),1,,13,cupy_copy__float32_float32
4524363241,1664,289847,,,,,,,,,,0.000,2.404,Device,Pageable,NVIDIA A100-SXM4-40GB MIG 4g.20gb (0),1,,7,[CUDA memcpy Device-to-Host]
4524423080,13024,289858,1434,1,1,128,1,1,16,0.000,0.000,,,,,NVIDIA A100-SXM4-40GB MIG 4g.20gb (0),1,,13,cupy_copy__complex64_complex64
4524453320,3392,289865,103,1,1,128,1,1,16,0.000,0.000,,,,,NVIDIA A100-SXM4-40GB MIG 4g.20gb (0),1,,13,cupy_copy__complex64_complex64
4524474184,2432,289872,35,1,1,128,1,1,16,0.000,0.000,,,,,NVIDIA A100-SXM4-40GB MIG 4g.20gb (0),1,,13,cupy_copy__complex64_complex64
4524491752,1920,289879,1,1,1,1,1,1,18,0.000,0.000,,,,,NVIDIA A100-SXM4-40GB MIG 4g.20gb (0),1,,13,cupy_copy__float32_float32
4524623462,87167,289890,1,1,1,32,32,1,30,0.000,0.000,,,,,NVIDIA A100-SXM4-40GB MIG 4g.20gb (0),1,,13,"void convert_kernel<__half2, float2>(tensor_layout_any, T1 *, tensor_layout_any, const T2 *)"
4524737861,5696,289893,,,,,,,,,,0.094,16449.363,Pinned,Device,NVIDIA A100-SXM4-40GB MIG 4g.20gb (0),1,,13,[CUDA memcpy Host-to-Device]
4524751364,3328,289894,,,,,,,,,,1.547,464729.580,Device,,NVIDIA A100-SXM4-40GB MIG 4g.20gb (0),1,,13,[CUDA memset]
4524758148,3040,289899,,,,,,,,,,0.031,10294.725,Pinned,Device,NVIDIA A100-SXM4-40GB MIG 4g.20gb (0),1,,13,[CUDA memcpy Host-to-Device]
4524763684,9792,289900,,,,,,,,,,0.197,20078.395,Pinned,Device,NVIDIA A100-SXM4-40GB MIG 4g.20gb (0),1,,13,[CUDA memcpy Host-to-Device]
4524777732,7936,289901,273,1,1,8,4,1,39,0.002,0.000,,,,,NVIDIA A100-SXM4-40GB MIG 4g.20gb (0),1,,13,"void channel_eq::eqMmseCoefCompLowMimoKernel<float, float, float, (unsigned int)4, (unsigned int)1, (unsigned int)4>(const channel_eq::_puschRxChEqStatDescr *, channel_eq::_puschRxChEqCoefCompDynDescr)"
4524788004,5408,289902,273,1,1,12,11,1,51,0.002,0.000,,,,,NVIDIA A100-SXM4-40GB MIG 4g.20gb (0),1,,13,"void channel_eq::eqMmseSoftDemapKernel<float, __half, __half, float, (unsigned int)4, (unsigned short)16383>(channel_eq::_puschRxChEqStatDescr *, channel_eq::_puschRxChEqSoftDemapDynDescr)"
4524795620,283420,289903,1,1,1,32,32,1,30,0.000,0.000,,,,,NVIDIA A100-SXM4-40GB MIG 4g.20gb (0),1,,13,"void convert_kernel<float2, __half2>(tensor_layout_any, T1 *, tensor_layout_any, const T2 *)"
4525080000,11008,289915,2253,1,1,128,1,1,16,0.000,0.000,,,,,NVIDIA A100-SXM4-40GB MIG 4g.20gb (0),1,,13,cupy_copy__float16_float16
4525094720,2816,289924,282,1,1,128,1,1,16,0.000,0.000,,,,,NVIDIA A100-SXM4-40GB MIG 4g.20gb (0),1,,13,cupy_copy__complex64_complex64
4525100576,2080,289933,26,1,1,128,1,1,16,0.000,0.000,,,,,NVIDIA A100-SXM4-40GB MIG 4g.20gb (0),1,,13,cupy_copy__float32_float32
4525103744,2944,289942,103,1,1,128,1,1,16,0.000,0.000,,,,,NVIDIA A100-SXM4-40GB MIG 4g.20gb (0),1,,13,cupy_copy__complex64_complex64
4525108352,11968,289952,1434,1,1,128,1,1,16,0.000,0.000,,,,,NVIDIA A100-SXM4-40GB MIG 4g.20gb (0),1,,13,cupy_copy__complex64_complex64
4525124192,88063,289957,1,1,1,32,32,1,30,0.000,0.000,,,,,NVIDIA A100-SXM4-40GB MIG 4g.20gb (0),1,,13,"void convert_kernel<__half2, float2>(tensor_layout_any, T1 *, tensor_layout_any, const T2 *)"
4525239422,6176,289960,,,,,,,,,,0.094,15170.975,Pinned,Device,NVIDIA A100-SXM4-40GB MIG 4g.20gb (0),1,,13,[CUDA memcpy Host-to-Device]
4525251262,596857,289961,,,,,,,,,,456.561,764740.412,Device,,NVIDIA A100-SXM4-40GB MIG 4g.20gb (0),1,,13,[CUDA memset]
4525852471,155710,289966,,,,,,,,,,1.235,7930.810,Pinned,Device,NVIDIA A100-SXM4-40GB MIG 4g.20gb (0),1,,13,[CUDA memcpy Host-to-Device]
4526020821,39871,289967,,,,,,,,,,0.197,4930.929,Pinned,Device,NVIDIA A100-SXM4-40GB MIG 4g.20gb (0),1,,13,[CUDA memcpy Host-to-Device]
4526090228,7872,289968,69,4,1,48,1,1,76,0.002,0.000,,,,,NVIDIA A100-SXM4-40GB MIG 4g.20gb (0),1,,13,"void ch_est::windowedChEstPreNoDftSOfdmKernel<float, __half, float, (unsigned int)2, (unsigned int)1, (unsigned short)4>(ch_est::puschRxChEstStatDescr_t *, ch_est::puschRxChEstDynDescr_t *)"
4526109300,7008,289969,137,2,1,24,2,1,44,0.001,0.001,,,,,NVIDIA A100-SXM4-40GB MIG 4g.20gb (0),1,,13,"void ch_est::chEstFilterNoDftSOfdmDispatchKernel<float, __half, float, (unsigned int)2>(ch_est::puschRxChEstStatDescr_t *, ch_est::puschRxChEstDynDescr_t *)"
4526122484,4767,289970,137,2,1,24,2,1,44,0.001,0.001,,,,,NVIDIA A100-SXM4-40GB MIG 4g.20gb (0),1,,13,"void ch_est::chEstFilterNoDftSOfdmDispatchKernel<float, __half, float, (unsigned int)2>(ch_est::puschRxChEstStatDescr_t *, ch_est::puschRxChEstDynDescr_t *)"
4526137619,2496,289981,103,1,1,128,1,1,16,0.000,0.000,,,,,NVIDIA A100-SXM4-40GB MIG 4g.20gb (0),1,,13,cupy_copy__complex64_complex64
4526150003,12512,289991,1434,1,1,128,1,1,16,0.000,0.000,,,,,NVIDIA A100-SXM4-40GB MIG 4g.20gb (0),1,,13,cupy_copy__complex64_complex64
4526173971,2592,289998,103,1,1,128,1,1,16,0.000,0.000,,,,,NVIDIA A100-SXM4-40GB MIG 4g.20gb (0),1,,13,cupy_copy__complex64_complex64
4526187347,88607,290005,1,1,1,32,32,1,30,0.000,0.000,,,,,NVIDIA A100-SXM4-40GB MIG 4g.20gb (0),1,,13,"void convert_kernel<__half2, float2>(tensor_layout_any, T1 *, tensor_layout_any, const T2 *)"
4526304113,13664,290008,,,,,,,,,,0.094,6857.142,Pinned,Device,NVIDIA A100-SXM4-40GB MIG 4g.20gb (0),1,,13,[CUDA memcpy Host-to-Device]
4526329937,47039,290009,,,,,,,,,,35.810,761247.279,Device,,NVIDIA A100-SXM4-40GB MIG 4g.20gb (0),1,,13,[CUDA memset]
4526382416,7168,290011,,,,,,,,,,0.000,11.161,Pinned,Device,NVIDIA A100-SXM4-40GB MIG 4g.20gb (0),1,,13,[CUDA memcpy Host-to-Device]
4526396464,13600,290012,,,,,,,,,,0.197,14456.390,Pinned,Device,NVIDIA A100-SXM4-40GB MIG 4g.20gb (0),1,,13,[CUDA memcpy Host-to-Device]
4526418416,9152,290013,273,1,1,48,1,1,40,0.000,0.001,,,,,NVIDIA A100-SXM4-40GB MIG 4g.20gb (0),1,,13,"void pusch_noise_intf_est::noiseIntfEstNoDftSOfdmKernel<float, __half, float, float, (unsigned int)2, (unsigned int)1, (unsigned char)4, (unsigned char)4>(pusch_noise_intf_est::puschRxNoiseIntfEstDynDescr)"
4526431120,2528,290024,35,1,1,128,1,1,16,0.000,0.000,,,,,NVIDIA A100-SXM4-40GB MIG 4g.20gb (0),1,,13,cupy_copy__complex64_complex64
4526437744,1696,290033,1,1,1,1,1,1,18,0.000,0.000,,,,,NVIDIA A100-SXM4-40GB MIG 4g.20gb (0),1,,13,cupy_copy__float32_float32
4526456143,1984,290039,,,,,,,,,,0.000,2.016,Device,Pageable,NVIDIA A100-SXM4-40GB MIG 4g.20gb (0),1,,7,[CUDA memcpy Device-to-Host]
4526520271,13087,290050,1434,1,1,128,1,1,16,0.000,0.000,,,,,NVIDIA A100-SXM4-40GB MIG 4g.20gb (0),1,,13,cupy_copy__complex64_complex64
4526546606,2880,290057,103,1,1,128,1,1,16,0.000,0.000,,,,,NVIDIA A100-SXM4-40GB MIG 4g.20gb (0),1,,13,cupy_copy__complex64_complex64
4526568846,2592,290064,35,1,1,128,1,1,16,0.000,0.000,,,,,NVIDIA A100-SXM4-40GB MIG 4g.20gb (0),1,,13,cupy_copy__complex64_complex64
4526585710,1760,290071,1,1,1,1,1,1,18,0.000,0.000,,,,,NVIDIA A100-SXM4-40GB MIG 4g.20gb (0),1,,13,cupy_copy__float32_float32
4526720012,81631,290082,1,1,1,32,32,1,30,0.000,0.000,,,,,NVIDIA A100-SXM4-40GB MIG 4g.20gb (0),1,,13,"void convert_kernel<__half2, float2>(tensor_layout_any, T1 *, tensor_layout_any, const T2 *)"
4526829387,6144,290085,,,,,,,,,,0.094,15249.961,Pinned,Device,NVIDIA A100-SXM4-40GB MIG 4g.20gb (0),1,,13,[CUDA memcpy Host-to-Device]
4526849739,3328,290086,,,,,,,,,,1.547,464729.580,Device,,NVIDIA A100-SXM4-40GB MIG 4g.20gb (0),1,,13,[CUDA memset]
4526856906,3456,290091,,,,,,,,,,0.031,9055.529,Pinned,Device,NVIDIA A100-SXM4-40GB MIG 4g.20gb (0),1,,13,[CUDA memcpy Host-to-Device]
4526862922,9792,290092,,,,,,,,,,0.197,20078.395,Pinned,Device,NVIDIA A100-SXM4-40GB MIG 4g.20gb (0),1,,13,[CUDA memcpy Host-to-Device]
4526880586,6624,290093,273,1,1,8,4,1,39,0.002,0.000,,,,,NVIDIA A100-SXM4-40GB MIG 4g.20gb (0),1,,13,"void channel_eq::eqMmseCoefCompLowMimoKernel<float, float, float, (unsigned int)4, (unsigned int)1, (unsigned int)4>(const channel_eq::_puschRxChEqStatDescr *, channel_eq::_puschRxChEqCoefCompDynDescr)"
4526890794,8032,290094,273,1,1,12,11,1,51,0.002,0.000,,,,,NVIDIA A100-SXM4-40GB MIG 4g.20gb (0),1,,13,"void channel_eq::eqMmseSoftDemapKernel<float, __half, __half, float, (unsigned int)4, (unsigned short)16383>(channel_eq::_puschRxChEqStatDescr *, channel_eq::_puschRxChEqSoftDemapDynDescr)"
4526899882,290044,290095,1,1,1,32,32,1,30,0.000,0.000,,,,,NVIDIA A100-SXM4-40GB MIG 4g.20gb (0),1,,13,"void convert_kernel<float2, __half2>(tensor_layout_any, T1 *, tensor_layout_any, const T2 *)"
4527190982,11200,290107,2253,1,1,128,1,1,16,0.000,0.000,,,,,NVIDIA A100-SXM4-40GB MIG 4g.20gb (0),1,,13,cupy_copy__float16_float16
4527205574,3840,290116,282,1,1,128,1,1,16,0.000,0.000,,,,,NVIDIA A100-SXM4-40GB MIG 4g.20gb (0),1,,13,cupy_copy__complex64_complex64
4527211142,2016,290125,26,1,1,128,1,1,16,0.000,0.000,,,,,NVIDIA A100-SXM4-40GB MIG 4g.20gb (0),1,,13,cupy_copy__float32_float32
4527215398,2880,290134,103,1,1,128,1,1,16,0.000,0.000,,,,,NVIDIA A100-SXM4-40GB MIG 4g.20gb (0),1,,13,cupy_copy__complex64_complex64
4527219398,12064,290144,1434,1,1,128,1,1,16,0.000,0.000,,,,,NVIDIA A100-SXM4-40GB MIG 4g.20gb (0),1,,13,cupy_copy__complex64_complex64
4527236422,82143,290149,1,1,1,32,32,1,30,0.000,0.000,,,,,NVIDIA A100-SXM4-40GB MIG 4g.20gb (0),1,,13,"void convert_kernel<__half2, float2>(tensor_layout_any, T1 *, tensor_layout_any, const T2 *)"
4527345636,5664,290152,,,,,,,,,,0.094,16542.310,Pinned,Device,NVIDIA A100-SXM4-40GB MIG 4g.20gb (0),1,,13,[CUDA memcpy Host-to-Device]
4527355940,598329,290153,,,,,,,,,,456.561,762914.166,Device,,NVIDIA A100-SXM4-40GB MIG 4g.20gb (0),1,,13,[CUDA memset]
4527961085,147198,290158,,,,,,,,,,1.235,8388.975,Pinned,Device,NVIDIA A100-SXM4-40GB MIG 4g.20gb (0),1,,13,[CUDA memcpy Host-to-Device]
4528120283,40287,290159,,,,,,,,,,0.197,4880.007,Pinned,Device,NVIDIA A100-SXM4-40GB MIG 4g.20gb (0),1,,13,[CUDA memcpy Host-to-Device]
4528178138,8416,290160,69,4,1,48,1,1,76,0.002,0.000,,,,,NVIDIA A100-SXM4-40GB MIG 4g.20gb (0),1,,13,"void ch_est::windowedChEstPreNoDftSOfdmKernel<float, __half, float, (unsigned int)2, (unsigned int)1, (unsigned short)4>(ch_est::puschRxChEstStatDescr_t *, ch_est::puschRxChEstDynDescr_t *)"
4528195930,7008,290161,137,2,1,24,2,1,44,0.001,0.001,,,,,NVIDIA A100-SXM4-40GB MIG 4g.20gb (0),1,,13,"void ch_est::chEstFilterNoDftSOfdmDispatchKernel<float, __half, float, (unsigned int)2>(ch_est::puschRxChEstStatDescr_t *, ch_est::puschRxChEstDynDescr_t *)"
4528213402,4736,290162,137,2,1,24,2,1,44,0.001,0.001,,,,,NVIDIA A100-SXM4-40GB MIG 4g.20gb (0),1,,13,"void ch_est::chEstFilterNoDftSOfdmDispatchKernel<float, __half, float, (unsigned int)2>(ch_est::puschRxChEstStatDescr_t *, ch_est::puschRxChEstDynDescr_t *)"
4528229562,2688,290173,103,1,1,128,1,1,16,0.000,0.000,,,,,NVIDIA A100-SXM4-40GB MIG 4g.20gb (0),1,,13,cupy_copy__complex64_complex64
4528246873,12576,290183,1434,1,1,128,1,1,16,0.000,0.000,,,,,NVIDIA A100-SXM4-40GB MIG 4g.20gb (0),1,,13,cupy_copy__complex64_complex64
4528270521,2560,290190,103,1,1,128,1,1,16,0.000,0.000,,,,,NVIDIA A100-SXM4-40GB MIG 4g.20gb (0),1,,13,cupy_copy__complex64_complex64
4528292953,88671,290197,1,1,1,32,32,1,30,0.000,0.000,,,,,NVIDIA A100-SXM4-40GB MIG 4g.20gb (0),1,,13,"void convert_kernel<__half2, float2>(tensor_layout_any, T1 *, tensor_layout_any, const T2 *)"
4528418071,19360,290200,,,,,,,,,,0.094,4839.586,Pinned,Device,NVIDIA A100-SXM4-40GB MIG 4g.20gb (0),1,,13,[CUDA memcpy Host-to-Device]
4528452535,47071,290201,,,,,,,,,,35.810,760745.940,Device,,NVIDIA A100-SXM4-40GB MIG 4g.20gb (0),1,,13,[CUDA memset]
4528507030,7584,290203,,,,,,,,,,0.000,10.548,Pinned,Device,NVIDIA A100-SXM4-40GB MIG 4g.20gb (0),1,,13,[CUDA memcpy Host-to-Device]
4528520982,21376,290204,,,,,,,,,,0.197,9197.519,Pinned,Device,NVIDIA A100-SXM4-40GB MIG 4g.20gb (0),1,,13,[CUDA memcpy Host-to-Device]
4528557622,12959,290205,273,1,1,48,1,1,40,0.000,0.001,,,,,NVIDIA A100-SXM4-40GB MIG 4g.20gb (0),1,,13,"void pusch_noise_intf_est::noiseIntfEstNoDftSOfdmKernel<float, __half, float, float, (unsigned int)2, (unsigned int)1, (unsigned char)4, (unsigned char)4>(pusch_noise_intf_est::puschRxNoiseIntfEstDynDescr)"
4528575509,3040,290216,35,1,1,128,1,1,16,0.000,0.000,,,,,NVIDIA A100-SXM4-40GB MIG 4g.20gb (0),1,,13,cupy_copy__complex64_complex64
4528585141,1888,290225,1,1,1,1,1,1,18,0.000,0.000,,,,,NVIDIA A100-SXM4-40GB MIG 4g.20gb (0),1,,13,cupy_copy__float32_float32
4528590133,2048,290231,,,,,,,,,,0.000,1.953,Device,Pageable,NVIDIA A100-SXM4-40GB MIG 4g.20gb (0),1,,7,[CUDA memcpy Device-to-Host]
4528662036,12768,290242,1434,1,1,128,1,1,16,0.000,0.000,,,,,NVIDIA A100-SXM4-40GB MIG 4g.20gb (0),1,,13,cupy_copy__complex64_complex64
4528686228,3456,290249,103,1,1,128,1,1,16,0.000,0.000,,,,,NVIDIA A100-SXM4-40GB MIG 4g.20gb (0),1,,13,cupy_copy__complex64_complex64
4528712052,2368,290256,35,1,1,128,1,1,16,0.000,0.000,,,,,NVIDIA A100-SXM4-40GB MIG 4g.20gb (0),1,,13,cupy_copy__complex64_complex64
4528732339,1920,290263,1,1,1,1,1,1,18,0.000,0.000,,,,,NVIDIA A100-SXM4-40GB MIG 4g.20gb (0),1,,13,cupy_copy__float32_float32
4528854738,82143,290274,1,1,1,32,32,1,30,0.000,0.000,,,,,NVIDIA A100-SXM4-40GB MIG 4g.20gb (0),1,,13,"void convert_kernel<__half2, float2>(tensor_layout_any, T1 *, tensor_layout_any, const T2 *)"
4528964273,5567,290277,,,,,,,,,,0.094,16830.519,Pinned,Device,NVIDIA A100-SXM4-40GB MIG 4g.20gb (0),1,,13,[CUDA memcpy Host-to-Device]
4528978736,3296,290278,,,,,,,,,,1.547,469242.628,Device,,NVIDIA A100-SXM4-40GB MIG 4g.20gb (0),1,,13,[CUDA memset]
4528985808,3264,290283,,,,,,,,,,0.031,9588.218,Pinned,Device,NVIDIA A100-SXM4-40GB MIG 4g.20gb (0),1,,13,[CUDA memcpy Host-to-Device]
4528992208,9472,290284,,,,,,,,,,0.197,20756.693,Pinned,Device,NVIDIA A100-SXM4-40GB MIG 4g.20gb (0),1,,13,[CUDA memcpy Host-to-Device]
4529006448,6400,290285,273,1,1,8,4,1,39,0.002,0.000,,,,,NVIDIA A100-SXM4-40GB MIG 4g.20gb (0),1,,13,"void channel_eq::eqMmseCoefCompLowMimoKernel<float, float, float, (unsigned int)4, (unsigned int)1, (unsigned int)4>(const channel_eq::_puschRxChEqStatDescr *, channel_eq::_puschRxChEqCoefCompDynDescr)"
4529016080,5440,290286,273,1,1,12,11,1,51,0.002,0.000,,,,,NVIDIA A100-SXM4-40GB MIG 4g.20gb (0),1,,13,"void channel_eq::eqMmseSoftDemapKernel<float, __half, __half, float, (unsigned int)4, (unsigned short)16383>(channel_eq::_puschRxChEqStatDescr *, channel_eq::_puschRxChEqSoftDemapDynDescr)"
4529022960,294716,290287,1,1,1,32,32,1,30,0.000,0.000,,,,,NVIDIA A100-SXM4-40GB MIG 4g.20gb (0),1,,13,"void convert_kernel<float2, __half2>(tensor_layout_any, T1 *, tensor_layout_any, const T2 *)"
4529319692,11200,290299,2253,1,1,128,1,1,16,0.000,0.000,,,,,NVIDIA A100-SXM4-40GB MIG 4g.20gb (0),1,,13,cupy_copy__float16_float16
4529336172,2976,290308,282,1,1,128,1,1,16,0.000,0.000,,,,,NVIDIA A100-SXM4-40GB MIG 4g.20gb (0),1,,13,cupy_copy__complex64_complex64
4529341740,2368,290317,26,1,1,128,1,1,16,0.000,0.000,,,,,NVIDIA A100-SXM4-40GB MIG 4g.20gb (0),1,,13,cupy_copy__float32_float32
4529345132,3296,290326,103,1,1,128,1,1,16,0.000,0.000,,,,,NVIDIA A100-SXM4-40GB MIG 4g.20gb (0),1,,13,cupy_copy__complex64_complex64
4529349420,11904,290336,1434,1,1,128,1,1,16,0.000,0.000,,,,,NVIDIA A100-SXM4-40GB MIG 4g.20gb (0),1,,13,cupy_copy__complex64_complex64
4529362636,83039,290341,1,1,1,32,32,1,30,0.000,0.000,,,,,NVIDIA A100-SXM4-40GB MIG 4g.20gb (0),1,,13,"void convert_kernel<__half2, float2>(tensor_layout_any, T1 *, tensor_layout_any, const T2 *)"
4529472650,5344,290344,,,,,,,,,,0.094,17532.864,Pinned,Device,NVIDIA A100-SXM4-40GB MIG 4g.20gb (0),1,,13,[CUDA memcpy Host-to-Device]
4529482602,597273,290345,,,,,,,,,,456.561,764283.851,Device,,NVIDIA A100-SXM4-40GB MIG 4g.20gb (0),1,,13,[CUDA memset]
4530085923,137022,290350,,,,,,,,,,1.235,9012.621,Pinned,Device,NVIDIA A100-SXM4-40GB MIG 4g.20gb (0),1,,13,[CUDA memcpy Host-to-Device]
4530233761,31999,290351,,,,,,,,,,0.197,6144.000,Pinned,Device,NVIDIA A100-SXM4-40GB MIG 4g.20gb (0),1,,13,[CUDA memcpy Host-to-Device]
4530286368,8256,290352,69,4,1,48,1,1,76,0.002,0.000,,,,,NVIDIA A100-SXM4-40GB MIG 4g.20gb (0),1,,13,"void ch_est::windowedChEstPreNoDftSOfdmKernel<float, __half, float, (unsigned int)2, (unsigned int)1, (unsigned short)4>(ch_est::puschRxChEstStatDescr_t *, ch_est::puschRxChEstDynDescr_t *)"
4530309856,6432,290353,137,2,1,24,2,1,44,0.001,0.001,,,,,NVIDIA A100-SXM4-40GB MIG 4g.20gb (0),1,,13,"void ch_est::chEstFilterNoDftSOfdmDispatchKernel<float, __half, float, (unsigned int)2>(ch_est::puschRxChEstStatDescr_t *, ch_est::puschRxChEstDynDescr_t *)"
4530325984,4736,290354,137,2,1,24,2,1,44,0.001,0.001,,,,,NVIDIA A100-SXM4-40GB MIG 4g.20gb (0),1,,13,"void ch_est::chEstFilterNoDftSOfdmDispatchKernel<float, __half, float, (unsigned int)2>(ch_est::puschRxChEstStatDescr_t *, ch_est::puschRxChEstDynDescr_t *)"
4530338752,2752,290365,103,1,1,128,1,1,16,0.000,0.000,,,,,NVIDIA A100-SXM4-40GB MIG 4g.20gb (0),1,,13,cupy_copy__complex64_complex64
4530351359,12960,290375,1434,1,1,128,1,1,16,0.000,0.000,,,,,NVIDIA A100-SXM4-40GB MIG 4g.20gb (0),1,,13,cupy_copy__complex64_complex64
4530386623,2496,290382,103,1,1,128,1,1,16,0.000,0.000,,,,,NVIDIA A100-SXM4-40GB MIG 4g.20gb (0),1,,13,cupy_copy__complex64_complex64
4530404351,82847,290389,1,1,1,32,32,1,30,0.000,0.000,,,,,NVIDIA A100-SXM4-40GB MIG 4g.20gb (0),1,,13,"void convert_kernel<__half2, float2>(tensor_layout_any, T1 *, tensor_layout_any, const T2 *)"
4530520285,23360,290392,,,,,,,,,,0.094,4010.938,Pinned,Device,NVIDIA A100-SXM4-40GB MIG 4g.20gb (0),1,,13,[CUDA memcpy Host-to-Device]
4530568253,46527,290393,,,,,,,,,,35.810,769626.801,Device,,NVIDIA A100-SXM4-40GB MIG 4g.20gb (0),1,,13,[CUDA memset]
4530619676,15680,290395,,,,,,,,,,0.000,5.102,Pinned,Device,NVIDIA A100-SXM4-40GB MIG 4g.20gb (0),1,,13,[CUDA memcpy Host-to-Device]
4530646172,38527,290396,,,,,,,,,,0.197,5102.961,Pinned,Device,NVIDIA A100-SXM4-40GB MIG 4g.20gb (0),1,,13,[CUDA memcpy Host-to-Device]
4530706715,9600,290397,273,1,1,48,1,1,40,0.000,0.001,,,,,NVIDIA A100-SXM4-40GB MIG 4g.20gb (0),1,,13,"void pusch_noise_intf_est::noiseIntfEstNoDftSOfdmKernel<float, __half, float, float, (unsigned int)2, (unsigned int)1, (unsigned char)4, (unsigned char)4>(pusch_noise_intf_est::puschRxNoiseIntfEstDynDescr)"
4530723227,2784,290408,35,1,1,128,1,1,16,0.000,0.000,,,,,NVIDIA A100-SXM4-40GB MIG 4g.20gb (0),1,,13,cupy_copy__complex64_complex64
4530739963,1792,290417,1,1,1,1,1,1,18,0.000,0.000,,,,,NVIDIA A100-SXM4-40GB MIG 4g.20gb (0),1,,13,cupy_copy__float32_float32
4530742235,9119,290423,,,,,,,,,,0.000,0.439,Device,Pageable,NVIDIA A100-SXM4-40GB MIG 4g.20gb (0),1,,7,[CUDA memcpy Device-to-Host]
4530834041,13184,290434,1434,1,1,128,1,1,16,0.000,0.000,,,,,NVIDIA A100-SXM4-40GB MIG 4g.20gb (0),1,,13,cupy_copy__complex64_complex64
4530865881,2880,290441,103,1,1,128,1,1,16,0.000,0.000,,,,,NVIDIA A100-SXM4-40GB MIG 4g.20gb (0),1,,13,cupy_copy__complex64_complex64
4530892281,2560,290448,35,1,1,128,1,1,16,0.000,0.000,,,,,NVIDIA A100-SXM4-40GB MIG 4g.20gb (0),1,,13,cupy_copy__complex64_complex64
4530907449,1792,290455,1,1,1,1,1,1,18,0.000,0.000,,,,,NVIDIA A100-SXM4-40GB MIG 4g.20gb (0),1,,13,cupy_copy__float32_float32
4531035991,85087,290466,1,1,1,32,32,1,30,0.000,0.000,,,,,NVIDIA A100-SXM4-40GB MIG 4g.20gb (0),1,,13,"void convert_kernel<__half2, float2>(tensor_layout_any, T1 *, tensor_layout_any, const T2 *)"
4531153142,6591,290469,,,,,,,,,,0.094,14215.745,Pinned,Device,NVIDIA A100-SXM4-40GB MIG 4g.20gb (0),1,,13,[CUDA memcpy Host-to-Device]
4531172693,3360,290470,,,,,,,,,,1.547,460304.688,Device,,NVIDIA A100-SXM4-40GB MIG 4g.20gb (0),1,,13,[CUDA memset]
4531181525,6080,290475,,,,,,,,,,0.031,5147.347,Pinned,Device,NVIDIA A100-SXM4-40GB MIG 4g.20gb (0),1,,13,[CUDA memcpy Host-to-Device]
4531194581,13536,290476,,,,,,,,,,0.197,14524.809,Pinned,Device,NVIDIA A100-SXM4-40GB MIG 4g.20gb (0),1,,13,[CUDA memcpy Host-to-Device]
4531223349,6240,290477,273,1,1,8,4,1,39,0.002,0.000,,,,,NVIDIA A100-SXM4-40GB MIG 4g.20gb (0),1,,13,"void channel_eq::eqMmseCoefCompLowMimoKernel<float, float, float, (unsigned int)4, (unsigned int)1, (unsigned int)4>(const channel_eq::_puschRxChEqStatDescr *, channel_eq::_puschRxChEqCoefCompDynDescr)"
4531238004,5472,290478,273,1,1,12,11,1,51,0.002,0.000,,,,,NVIDIA A100-SXM4-40GB MIG 4g.20gb (0),1,,13,"void channel_eq::eqMmseSoftDemapKernel<float, __half, __half, float, (unsigned int)4, (unsigned short)16383>(channel_eq::_puschRxChEqStatDescr *, channel_eq::_puschRxChEqSoftDemapDynDescr)"
4531250004,290365,290479,1,1,1,32,32,1,30,0.000,0.000,,,,,NVIDIA A100-SXM4-40GB MIG 4g.20gb (0),1,,13,"void convert_kernel<float2, __half2>(tensor_layout_any, T1 *, tensor_layout_any, const T2 *)"
4531544657,11104,290491,2253,1,1,128,1,1,16,0.000,0.000,,,,,NVIDIA A100-SXM4-40GB MIG 4g.20gb (0),1,,13,cupy_copy__float16_float16
4531557873,3744,290500,282,1,1,128,1,1,16,0.000,0.000,,,,,NVIDIA A100-SXM4-40GB MIG 4g.20gb (0),1,,13,cupy_copy__complex64_complex64
4531564368,2240,290509,26,1,1,128,1,1,16,0.000,0.000,,,,,NVIDIA A100-SXM4-40GB MIG 4g.20gb (0),1,,13,cupy_copy__float32_float32
4531567760,3168,290518,103,1,1,128,1,1,16,0.000,0.000,,,,,NVIDIA A100-SXM4-40GB MIG 4g.20gb (0),1,,13,cupy_copy__complex64_complex64
4531627280,12192,290534,1434,1,1,128,1,1,16,0.000,0.000,,,,,NVIDIA A100-SXM4-40GB MIG 4g.20gb (0),1,,13,cupy_copy__complex64_complex64
4531740910,82367,290539,1,1,1,32,32,1,30,0.000,0.000,,,,,NVIDIA A100-SXM4-40GB MIG 4g.20gb (0),1,,13,"void convert_kernel<__half2, float2>(tensor_layout_any, T1 *, tensor_layout_any, const T2 *)"
4531851117,5856,290542,,,,,,,,,,0.094,15999.997,Pinned,Device,NVIDIA A100-SXM4-40GB MIG 4g.20gb (0),1,,13,[CUDA memcpy Host-to-Device]
4531862349,595928,290543,,,,,,,,,,456.561,766110.096,Device,,NVIDIA A100-SXM4-40GB MIG 4g.20gb (0),1,,13,[CUDA memset]
4532464901,103327,290548,,,,,,,,,,1.235,11951.788,Pinned,Device,NVIDIA A100-SXM4-40GB MIG 4g.20gb (0),1,,13,[CUDA memcpy Host-to-Device]
4532579140,32352,290549,,,,,,,,,,0.197,6076.957,Pinned,Device,NVIDIA A100-SXM4-40GB MIG 4g.20gb (0),1,,13,[CUDA memcpy Host-to-Device]
4532627203,8320,290550,69,4,1,48,1,1,76,0.002,0.000,,,,,NVIDIA A100-SXM4-40GB MIG 4g.20gb (0),1,,13,"void ch_est::windowedChEstPreNoDftSOfdmKernel<float, __half, float, (unsigned int)2, (unsigned int)1, (unsigned short)4>(ch_est::puschRxChEstStatDescr_t *, ch_est::puschRxChEstDynDescr_t *)"
4532639555,6848,290551,137,2,1,24,2,1,44,0.001,0.001,,,,,NVIDIA A100-SXM4-40GB MIG 4g.20gb (0),1,,13,"void ch_est::chEstFilterNoDftSOfdmDispatchKernel<float, __half, float, (unsigned int)2>(ch_est::puschRxChEstStatDescr_t *, ch_est::puschRxChEstDynDescr_t *)"
4532656099,5120,290552,137,2,1,24,2,1,44,0.001,0.001,,,,,NVIDIA A100-SXM4-40GB MIG 4g.20gb (0),1,,13,"void ch_est::chEstFilterNoDftSOfdmDispatchKernel<float, __half, float, (unsigned int)2>(ch_est::puschRxChEstStatDescr_t *, ch_est::puschRxChEstDynDescr_t *)"
4532670403,2752,290563,103,1,1,128,1,1,16,0.000,0.000,,,,,NVIDIA A100-SXM4-40GB MIG 4g.20gb (0),1,,13,cupy_copy__complex64_complex64
4532680739,12864,290573,1434,1,1,128,1,1,16,0.000,0.000,,,,,NVIDIA A100-SXM4-40GB MIG 4g.20gb (0),1,,13,cupy_copy__complex64_complex64
4532694947,2720,290580,103,1,1,128,1,1,16,0.000,0.000,,,,,NVIDIA A100-SXM4-40GB MIG 4g.20gb (0),1,,13,cupy_copy__complex64_complex64
4532710562,81375,290587,1,1,1,32,32,1,30,0.000,0.000,,,,,NVIDIA A100-SXM4-40GB MIG 4g.20gb (0),1,,13,"void convert_kernel<__half2, float2>(tensor_layout_any, T1 *, tensor_layout_any, const T2 *)"
4532820161,15456,290590,,,,,,,,,,0.094,6062.038,Pinned,Device,NVIDIA A100-SXM4-40GB MIG 4g.20gb (0),1,,13,[CUDA memcpy Host-to-Device]
4532850721,47327,290591,,,,,,,,,,35.810,756627.800,Device,,NVIDIA A100-SXM4-40GB MIG 4g.20gb (0),1,,13,[CUDA memset]
4532904896,9856,290593,,,,,,,,,,0.000,8.117,Pinned,Device,NVIDIA A100-SXM4-40GB MIG 4g.20gb (0),1,,13,[CUDA memcpy Host-to-Device]
4532927008,43839,290594,,,,,,,,,,0.197,4484.628,Pinned,Device,NVIDIA A100-SXM4-40GB MIG 4g.20gb (0),1,,13,[CUDA memcpy Host-to-Device]
4532996607,9760,290595,273,1,1,48,1,1,40,0.000,0.001,,,,,NVIDIA A100-SXM4-40GB MIG 4g.20gb (0),1,,13,"void pusch_noise_intf_est::noiseIntfEstNoDftSOfdmKernel<float, __half, float, float, (unsigned int)2, (unsigned int)1, (unsigned char)4, (unsigned char)4>(pusch_noise_intf_est::puschRxNoiseIntfEstDynDescr)"
4533012863,2752,290606,35,1,1,128,1,1,16,0.000,0.000,,,,,NVIDIA A100-SXM4-40GB MIG 4g.20gb (0),1,,13,cupy_copy__complex64_complex64
4533029534,1696,290615,1,1,1,1,1,1,18,0.000,0.000,,,,,NVIDIA A100-SXM4-40GB MIG 4g.20gb (0),1,,13,cupy_copy__float32_float32
4533032894,7904,290621,,,,,,,,,,0.000,0.506,Device,Pageable,NVIDIA A100-SXM4-40GB MIG 4g.20gb (0),1,,7,[CUDA memcpy Device-to-Host]
4533127325,12960,290632,1434,1,1,128,1,1,16,0.000,0.000,,,,,NVIDIA A100-SXM4-40GB MIG 4g.20gb (0),1,,13,cupy_copy__complex64_complex64
4533149149,3424,290639,103,1,1,128,1,1,16,0.000,0.000,,,,,NVIDIA A100-SXM4-40GB MIG 4g.20gb (0),1,,13,cupy_copy__complex64_complex64
4533167069,2656,290646,35,1,1,128,1,1,16,0.000,0.000,,,,,NVIDIA A100-SXM4-40GB MIG 4g.20gb (0),1,,13,cupy_copy__complex64_complex64
4533182749,1984,290653,1,1,1,1,1,1,18,0.000,0.000,,,,,NVIDIA A100-SXM4-40GB MIG 4g.20gb (0),1,,13,cupy_copy__float32_float32
4533321915,87487,290664,1,1,1,32,32,1,30,0.000,0.000,,,,,NVIDIA A100-SXM4-40GB MIG 4g.20gb (0),1,,13,"void convert_kernel<__half2, float2>(tensor_layout_any, T1 *, tensor_layout_any, const T2 *)"
4533438265,13408,290667,,,,,,,,,,0.094,6988.035,Pinned,Device,NVIDIA A100-SXM4-40GB MIG 4g.20gb (0),1,,13,[CUDA memcpy Host-to-Device]
4533468217,3424,290668,,,,,,,,,,1.547,451700.819,Device,,NVIDIA A100-SXM4-40GB MIG 4g.20gb (0),1,,13,[CUDA memset]
4533477305,3040,290673,,,,,,,,,,0.031,10294.725,Pinned,Device,NVIDIA A100-SXM4-40GB MIG 4g.20gb (0),1,,13,[CUDA memcpy Host-to-Device]
4533486649,17664,290674,,,,,,,,,,0.197,11130.372,Pinned,Device,NVIDIA A100-SXM4-40GB MIG 4g.20gb (0),1,,13,[CUDA memcpy Host-to-Device]
4533521080,6080,290675,273,1,1,8,4,1,39,0.002,0.000,,,,,NVIDIA A100-SXM4-40GB MIG 4g.20gb (0),1,,13,"void channel_eq::eqMmseCoefCompLowMimoKernel<float, float, float, (unsigned int)4, (unsigned int)1, (unsigned int)4>(const channel_eq::_puschRxChEqStatDescr *, channel_eq::_puschRxChEqCoefCompDynDescr)"
4533529560,5984,290676,273,1,1,12,11,1,51,0.002,0.000,,,,,NVIDIA A100-SXM4-40GB MIG 4g.20gb (0),1,,13,"void channel_eq::eqMmseSoftDemapKernel<float, __half, __half, float, (unsigned int)4, (unsigned short)16383>(channel_eq::_puschRxChEqStatDescr *, channel_eq::_puschRxChEqSoftDemapDynDescr)"
4533538648,282685,290677,1,1,1,32,32,1,30,0.000,0.000,,,,,NVIDIA A100-SXM4-40GB MIG 4g.20gb (0),1,,13,"void convert_kernel<float2, __half2>(tensor_layout_any, T1 *, tensor_layout_any, const T2 *)"
4533823253,11104,290689,2253,1,1,128,1,1,16,0.000,0.000,,,,,NVIDIA A100-SXM4-40GB MIG 4g.20gb (0),1,,13,cupy_copy__float16_float16
4533836308,3136,290698,282,1,1,128,1,1,16,0.000,0.000,,,,,NVIDIA A100-SXM4-40GB MIG 4g.20gb (0),1,,13,cupy_copy__complex64_complex64
4533841108,2112,290707,26,1,1,128,1,1,16,0.000,0.000,,,,,NVIDIA A100-SXM4-40GB MIG 4g.20gb (0),1,,13,cupy_copy__float32_float32
4533846452,6944,290716,103,1,1,128,1,1,16,0.000,0.000,,,,,NVIDIA A100-SXM4-40GB MIG 4g.20gb (0),1,,13,cupy_copy__complex64_complex64
4533855028,12096,290726,1434,1,1,128,1,1,16,0.000,0.000,,,,,NVIDIA A100-SXM4-40GB MIG 4g.20gb (0),1,,13,cupy_copy__complex64_complex64
4533871988,82143,290731,1,1,1,32,32,1,30,0.000,0.000,,,,,NVIDIA A100-SXM4-40GB MIG 4g.20gb (0),1,,13,"void convert_kernel<__half2, float2>(tensor_layout_any, T1 *, tensor_layout_any, const T2 *)"
4533981875,5728,290734,,,,,,,,,,0.094,16357.541,Pinned,Device,NVIDIA A100-SXM4-40GB MIG 4g.20gb (0),1,,13,[CUDA memcpy Host-to-Device]
4533991763,597176,290735,,,,,,,,,,456.561,764283.851,Device,,NVIDIA A100-SXM4-40GB MIG 4g.20gb (0),1,,13,[CUDA memset]
4534590635,119423,290740,,,,,,,,,,1.235,10340.186,Pinned,Device,NVIDIA A100-SXM4-40GB MIG 4g.20gb (0),1,,13,[CUDA memcpy Host-to-Device]
4534722826,38687,290741,,,,,,,,,,0.197,5081.924,Pinned,Device,NVIDIA A100-SXM4-40GB MIG 4g.20gb (0),1,,13,[CUDA memcpy Host-to-Device]
4534776809,8192,290742,69,4,1,48,1,1,76,0.002,0.000,,,,,NVIDIA A100-SXM4-40GB MIG 4g.20gb (0),1,,13,"void ch_est::windowedChEstPreNoDftSOfdmKernel<float, __half, float, (unsigned int)2, (unsigned int)1, (unsigned short)4>(ch_est::puschRxChEstStatDescr_t *, ch_est::puschRxChEstDynDescr_t *)"
4534793033,6624,290743,137,2,1,24,2,1,44,0.001,0.001,,,,,NVIDIA A100-SXM4-40GB MIG 4g.20gb (0),1,,13,"void ch_est::chEstFilterNoDftSOfdmDispatchKernel<float, __half, float, (unsigned int)2>(ch_est::puschRxChEstStatDescr_t *, ch_est::puschRxChEstDynDescr_t *)"
4534805929,4703,290744,137,2,1,24,2,1,44,0.001,0.001,,,,,NVIDIA A100-SXM4-40GB MIG 4g.20gb (0),1,,13,"void ch_est::chEstFilterNoDftSOfdmDispatchKernel<float, __half, float, (unsigned int)2>(ch_est::puschRxChEstStatDescr_t *, ch_est::puschRxChEstDynDescr_t *)"
4534819656,2528,290755,103,1,1,128,1,1,16,0.000,0.000,,,,,NVIDIA A100-SXM4-40GB MIG 4g.20gb (0),1,,13,cupy_copy__complex64_complex64
4534833736,12704,290765,1434,1,1,128,1,1,16,0.000,0.000,,,,,NVIDIA A100-SXM4-40GB MIG 4g.20gb (0),1,,13,cupy_copy__complex64_complex64
4534851848,2880,290772,103,1,1,128,1,1,16,0.000,0.000,,,,,NVIDIA A100-SXM4-40GB MIG 4g.20gb (0),1,,13,cupy_copy__complex64_complex64
4534867592,88799,290779,1,1,1,32,32,1,30,0.000,0.000,,,,,NVIDIA A100-SXM4-40GB MIG 4g.20gb (0),1,,13,"void convert_kernel<__half2, float2>(tensor_layout_any, T1 *, tensor_layout_any, const T2 *)"
4534991718,18144,290782,,,,,,,,,,0.094,5163.961,Pinned,Device,NVIDIA A100-SXM4-40GB MIG 4g.20gb (0),1,,13,[CUDA memcpy Host-to-Device]
4535026598,47103,290783,,,,,,,,,,35.810,760244.602,Device,,NVIDIA A100-SXM4-40GB MIG 4g.20gb (0),1,,13,[CUDA memset]
4535082917,10176,290785,,,,,,,,,,0.000,7.862,Pinned,Device,NVIDIA A100-SXM4-40GB MIG 4g.20gb (0),1,,13,[CUDA memcpy Host-to-Device]
4535105605,32863,290786,,,,,,,,,,0.197,5982.585,Pinned,Device,NVIDIA A100-SXM4-40GB MIG 4g.20gb (0),1,,13,[CUDA memcpy Host-to-Device]
4535163588,9632,290787,273,1,1,48,1,1,40,0.000,0.001,,,,,NVIDIA A100-SXM4-40GB MIG 4g.20gb (0),1,,13,"void pusch_noise_intf_est::noiseIntfEstNoDftSOfdmKernel<float, __half, float, float, (unsigned int)2, (unsigned int)1, (unsigned char)4, (unsigned char)4>(pusch_noise_intf_est::puschRxNoiseIntfEstDynDescr)"
4535179652,2624,290798,35,1,1,128,1,1,16,0.000,0.000,,,,,NVIDIA A100-SXM4-40GB MIG 4g.20gb (0),1,,13,cupy_copy__complex64_complex64
4535195684,1696,290807,1,1,1,1,1,1,18,0.000,0.000,,,,,NVIDIA A100-SXM4-40GB MIG 4g.20gb (0),1,,13,cupy_copy__float32_float32
4535203044,4320,290813,,,,,,,,,,0.000,0.926,Device,Pageable,NVIDIA A100-SXM4-40GB MIG 4g.20gb (0),1,,7,[CUDA memcpy Device-to-Host]
4535294723,13023,290824,1434,1,1,128,1,1,16,0.000,0.000,,,,,NVIDIA A100-SXM4-40GB MIG 4g.20gb (0),1,,13,cupy_copy__complex64_complex64
4535320898,2816,290831,103,1,1,128,1,1,16,0.000,0.000,,,,,NVIDIA A100-SXM4-40GB MIG 4g.20gb (0),1,,13,cupy_copy__complex64_complex64
4535336770,2592,290838,35,1,1,128,1,1,16,0.000,0.000,,,,,NVIDIA A100-SXM4-40GB MIG 4g.20gb (0),1,,13,cupy_copy__complex64_complex64
4535355522,1792,290845,1,1,1,1,1,1,18,0.000,0.000,,,,,NVIDIA A100-SXM4-40GB MIG 4g.20gb (0),1,,13,cupy_copy__float32_float32
4535489984,87263,290856,1,1,1,32,32,1,30,0.000,0.000,,,,,NVIDIA A100-SXM4-40GB MIG 4g.20gb (0),1,,13,"void convert_kernel<__half2, float2>(tensor_layout_any, T1 *, tensor_layout_any, const T2 *)"
4535605759,6144,290859,,,,,,,,,,0.094,15249.961,Pinned,Device,NVIDIA A100-SXM4-40GB MIG 4g.20gb (0),1,,13,[CUDA memcpy Host-to-Device]
4535627230,3488,290860,,,,,,,,,,1.547,443412.461,Device,,NVIDIA A100-SXM4-40GB MIG 4g.20gb (0),1,,13,[CUDA memset]
4535636894,6752,290865,,,,,,,,,,0.031,4635.063,Pinned,Device,NVIDIA A100-SXM4-40GB MIG 4g.20gb (0),1,,13,[CUDA memcpy Host-to-Device]
4535649406,9728,290866,,,,,,,,,,0.197,20210.516,Pinned,Device,NVIDIA A100-SXM4-40GB MIG 4g.20gb (0),1,,13,[CUDA memcpy Host-to-Device]
4535672542,6272,290867,273,1,1,8,4,1,39,0.002,0.000,,,,,NVIDIA A100-SXM4-40GB MIG 4g.20gb (0),1,,13,"void channel_eq::eqMmseCoefCompLowMimoKernel<float, float, float, (unsigned int)4, (unsigned int)1, (unsigned int)4>(const channel_eq::_puschRxChEqStatDescr *, channel_eq::_puschRxChEqCoefCompDynDescr)"
4535682142,6144,290868,273,1,1,12,11,1,51,0.002,0.000,,,,,NVIDIA A100-SXM4-40GB MIG 4g.20gb (0),1,,13,"void channel_eq::eqMmseSoftDemapKernel<float, __half, __half, float, (unsigned int)4, (unsigned short)16383>(channel_eq::_puschRxChEqStatDescr *, channel_eq::_puschRxChEqSoftDemapDynDescr)"
4535692766,281916,290869,1,1,1,32,32,1,30,0.000,0.000,,,,,NVIDIA A100-SXM4-40GB MIG 4g.20gb (0),1,,13,"void convert_kernel<float2, __half2>(tensor_layout_any, T1 *, tensor_layout_any, const T2 *)"
4535977178,11008,290881,2253,1,1,128,1,1,16,0.000,0.000,,,,,NVIDIA A100-SXM4-40GB MIG 4g.20gb (0),1,,13,cupy_copy__float16_float16
4535992122,3168,290890,282,1,1,128,1,1,16,0.000,0.000,,,,,NVIDIA A100-SXM4-40GB MIG 4g.20gb (0),1,,13,cupy_copy__complex64_complex64
4535998074,2464,290899,26,1,1,128,1,1,16,0.000,0.000,,,,,NVIDIA A100-SXM4-40GB MIG 4g.20gb (0),1,,13,cupy_copy__float32_float32
4536002394,2976,290908,103,1,1,128,1,1,16,0.000,0.000,,,,,NVIDIA A100-SXM4-40GB MIG 4g.20gb (0),1,,13,cupy_copy__complex64_complex64
4536006458,12000,290918,1434,1,1,128,1,1,16,0.000,0.000,,,,,NVIDIA A100-SXM4-40GB MIG 4g.20gb (0),1,,13,cupy_copy__complex64_complex64
4536020538,86335,290923,1,1,1,32,32,1,30,0.000,0.000,,,,,NVIDIA A100-SXM4-40GB MIG 4g.20gb (0),1,,13,"void convert_kernel<__half2, float2>(tensor_layout_any, T1 *, tensor_layout_any, const T2 *)"
4536134008,5632,290926,,,,,,,,,,0.094,16636.287,Pinned,Device,NVIDIA A100-SXM4-40GB MIG 4g.20gb (0),1,,13,[CUDA memcpy Host-to-Device]
4536143480,598265,290927,,,,,,,,,,456.561,762914.166,Device,,NVIDIA A100-SXM4-40GB MIG 4g.20gb (0),1,,13,[CUDA memset]
4536745169,111326,290932,,,,,,,,,,1.235,11092.267,Pinned,Device,NVIDIA A100-SXM4-40GB MIG 4g.20gb (0),1,,13,[CUDA memcpy Host-to-Device]
4536864879,35264,290933,,,,,,,,,,0.197,5575.213,Pinned,Device,NVIDIA A100-SXM4-40GB MIG 4g.20gb (0),1,,13,[CUDA memcpy Host-to-Device]
4536917199,8191,290934,69,4,1,48,1,1,76,0.002,0.000,,,,,NVIDIA A100-SXM4-40GB MIG 4g.20gb (0),1,,13,"void ch_est::windowedChEstPreNoDftSOfdmKernel<float, __half, float, (unsigned int)2, (unsigned int)1, (unsigned short)4>(ch_est::puschRxChEstStatDescr_t *, ch_est::puschRxChEstDynDescr_t *)"
4536933070,6976,290935,137,2,1,24,2,1,44,0.001,0.001,,,,,NVIDIA A100-SXM4-40GB MIG 4g.20gb (0),1,,13,"void ch_est::chEstFilterNoDftSOfdmDispatchKernel<float, __half, float, (unsigned int)2>(ch_est::puschRxChEstStatDescr_t *, ch_est::puschRxChEstDynDescr_t *)"
4536943822,4736,290936,137,2,1,24,2,1,44,0.001,0.001,,,,,NVIDIA A100-SXM4-40GB MIG 4g.20gb (0),1,,13,"void ch_est::chEstFilterNoDftSOfdmDispatchKernel<float, __half, float, (unsigned int)2>(ch_est::puschRxChEstStatDescr_t *, ch_est::puschRxChEstDynDescr_t *)"
4536956878,2464,290947,103,1,1,128,1,1,16,0.000,0.000,,,,,NVIDIA A100-SXM4-40GB MIG 4g.20gb (0),1,,13,cupy_copy__complex64_complex64
4536966510,12544,290957,1434,1,1,128,1,1,16,0.000,0.000,,,,,NVIDIA A100-SXM4-40GB MIG 4g.20gb (0),1,,13,cupy_copy__complex64_complex64
4536995694,2528,290964,103,1,1,128,1,1,16,0.000,0.000,,,,,NVIDIA A100-SXM4-40GB MIG 4g.20gb (0),1,,13,cupy_copy__complex64_complex64
4537005741,86559,290971,1,1,1,32,32,1,30,0.000,0.000,,,,,NVIDIA A100-SXM4-40GB MIG 4g.20gb (0),1,,13,"void convert_kernel<__half2, float2>(tensor_layout_any, T1 *, tensor_layout_any, const T2 *)"
4537120076,8000,290974,,,,,,,,,,0.094,11712.000,Pinned,Device,NVIDIA A100-SXM4-40GB MIG 4g.20gb (0),1,,13,[CUDA memcpy Host-to-Device]
4537135372,48063,290975,,,,,,,,,,35.810,745061.196,Device,,NVIDIA A100-SXM4-40GB MIG 4g.20gb (0),1,,13,[CUDA memset]
4537189259,4128,290977,,,,,,,,,,0.000,19.380,Pinned,Device,NVIDIA A100-SXM4-40GB MIG 4g.20gb (0),1,,13,[CUDA memcpy Host-to-Device]
4537200395,13440,290978,,,,,,,,,,0.197,14628.422,Pinned,Device,NVIDIA A100-SXM4-40GB MIG 4g.20gb (0),1,,13,[CUDA memcpy Host-to-Device]
4537222635,9824,290979,273,1,1,48,1,1,40,0.000,0.001,,,,,NVIDIA A100-SXM4-40GB MIG 4g.20gb (0),1,,13,"void pusch_noise_intf_est::noiseIntfEstNoDftSOfdmKernel<float, __half, float, float, (unsigned int)2, (unsigned int)1, (unsigned char)4, (unsigned char)4>(pusch_noise_intf_est::puschRxNoiseIntfEstDynDescr)"
4537239531,2848,290990,35,1,1,128,1,1,16,0.000,0.000,,,,,NVIDIA A100-SXM4-40GB MIG 4g.20gb (0),1,,13,cupy_copy__complex64_complex64
4537247466,1792,290999,1,1,1,1,1,1,18,0.000,0.000,,,,,NVIDIA A100-SXM4-40GB MIG 4g.20gb (0),1,,13,cupy_copy__float32_float32
4537272490,4032,291005,,,,,,,,,,0.000,0.992,Device,Pageable,NVIDIA A100-SXM4-40GB MIG 4g.20gb (0),1,,7,[CUDA memcpy Device-to-Host]
4537341097,12320,291016,1434,1,1,128,1,1,16,0.000,0.000,,,,,NVIDIA A100-SXM4-40GB MIG 4g.20gb (0),1,,13,cupy_copy__complex64_complex64
4537368457,3008,291023,103,1,1,128,1,1,16,0.000,0.000,,,,,NVIDIA A100-SXM4-40GB MIG 4g.20gb (0),1,,13,cupy_copy__complex64_complex64
4537387401,2304,291030,35,1,1,128,1,1,16,0.000,0.000,,,,,NVIDIA A100-SXM4-40GB MIG 4g.20gb (0),1,,13,cupy_copy__complex64_complex64
4537406280,2016,291037,1,1,1,1,1,1,18,0.000,0.000,,,,,NVIDIA A100-SXM4-40GB MIG 4g.20gb (0),1,,13,cupy_copy__float32_float32
4537536455,82719,291048,1,1,1,32,32,1,30,0.000,0.000,,,,,NVIDIA A100-SXM4-40GB MIG 4g.20gb (0),1,,13,"void convert_kernel<__half2, float2>(tensor_layout_any, T1 *, tensor_layout_any, const T2 *)"
4537646694,5759,291051,,,,,,,,,,0.094,16269.467,Pinned,Device,NVIDIA A100-SXM4-40GB MIG 4g.20gb (0),1,,13,[CUDA memcpy Host-to-Device]
4537661573,3488,291052,,,,,,,,,,1.547,443412.461,Device,,NVIDIA A100-SXM4-40GB MIG 4g.20gb (0),1,,13,[CUDA memset]
4537668581,3392,291057,,,,,,,,,,0.031,9226.405,Pinned,Device,NVIDIA A100-SXM4-40GB MIG 4g.20gb (0),1,,13,[CUDA memcpy Host-to-Device]
4537674405,9472,291058,,,,,,,,,,0.197,20756.693,Pinned,Device,NVIDIA A100-SXM4-40GB MIG 4g.20gb (0),1,,13,[CUDA memcpy Host-to-Device]
4537688197,6304,291059,273,1,1,8,4,1,39,0.002,0.000,,,,,NVIDIA A100-SXM4-40GB MIG 4g.20gb (0),1,,13,"void channel_eq::eqMmseCoefCompLowMimoKernel<float, float, float, (unsigned int)4, (unsigned int)1, (unsigned int)4>(const channel_eq::_puschRxChEqStatDescr *, channel_eq::_puschRxChEqCoefCompDynDescr)"
4537695557,6208,291060,273,1,1,12,11,1,51,0.002,0.000,,,,,NVIDIA A100-SXM4-40GB MIG 4g.20gb (0),1,,13,"void channel_eq::eqMmseSoftDemapKernel<float, __half, __half, float, (unsigned int)4, (unsigned short)16383>(channel_eq::_puschRxChEqStatDescr *, channel_eq::_puschRxChEqSoftDemapDynDescr)"
4537702693,282332,291061,1,1,1,32,32,1,30,0.000,0.000,,,,,NVIDIA A100-SXM4-40GB MIG 4g.20gb (0),1,,13,"void convert_kernel<float2, __half2>(tensor_layout_any, T1 *, tensor_layout_any, const T2 *)"
4537985985,11008,291073,2253,1,1,128,1,1,16,0.000,0.000,,,,,NVIDIA A100-SXM4-40GB MIG 4g.20gb (0),1,,13,cupy_copy__float16_float16
4537999457,3200,291082,282,1,1,128,1,1,16,0.000,0.000,,,,,NVIDIA A100-SXM4-40GB MIG 4g.20gb (0),1,,13,cupy_copy__complex64_complex64
4538004481,2208,291091,26,1,1,128,1,1,16,0.000,0.000,,,,,NVIDIA A100-SXM4-40GB MIG 4g.20gb (0),1,,13,cupy_copy__float32_float32
4538008577,4704,291100,103,1,1,128,1,1,16,0.000,0.000,,,,,NVIDIA A100-SXM4-40GB MIG 4g.20gb (0),1,,13,cupy_copy__complex64_complex64
4538016065,12320,291110,1434,1,1,128,1,1,16,0.000,0.000,,,,,NVIDIA A100-SXM4-40GB MIG 4g.20gb (0),1,,13,cupy_copy__complex64_complex64
4538038561,86751,291115,1,1,1,32,32,1,30,0.000,0.000,,,,,NVIDIA A100-SXM4-40GB MIG 4g.20gb (0),1,,13,"void convert_kernel<__half2, float2>(tensor_layout_any, T1 *, tensor_layout_any, const T2 *)"
4538152447,5888,291118,,,,,,,,,,0.094,15912.954,Pinned,Device,NVIDIA A100-SXM4-40GB MIG 4g.20gb (0),1,,13,[CUDA memcpy Host-to-Device]
4538163743,602521,291119,,,,,,,,,,456.561,757435.429,Device,,NVIDIA A100-SXM4-40GB MIG 4g.20gb (0),1,,13,[CUDA memset]
4538776504,157118,291124,,,,,,,,,,1.235,7859.184,Pinned,Device,NVIDIA A100-SXM4-40GB MIG 4g.20gb (0),1,,13,[CUDA memcpy Host-to-Device]
4538945366,34879,291125,,,,,,,,,,0.197,5636.751,Pinned,Device,NVIDIA A100-SXM4-40GB MIG 4g.20gb (0),1,,13,[CUDA memcpy Host-to-Device]
4538998837,8480,291126,69,4,1,48,1,1,76,0.002,0.000,,,,,NVIDIA A100-SXM4-40GB MIG 4g.20gb (0),1,,13,"void ch_est::windowedChEstPreNoDftSOfdmKernel<float, __half, float, (unsigned int)2, (unsigned int)1, (unsigned short)4>(ch_est::puschRxChEstStatDescr_t *, ch_est::puschRxChEstDynDescr_t *)"
4539014133,6880,291127,137,2,1,24,2,1,44,0.001,0.001,,,,,NVIDIA A100-SXM4-40GB MIG 4g.20gb (0),1,,13,"void ch_est::chEstFilterNoDftSOfdmDispatchKernel<float, __half, float, (unsigned int)2>(ch_est::puschRxChEstStatDescr_t *, ch_est::puschRxChEstDynDescr_t *)"
4539029940,4736,291128,137,2,1,24,2,1,44,0.001,0.001,,,,,NVIDIA A100-SXM4-40GB MIG 4g.20gb (0),1,,13,"void ch_est::chEstFilterNoDftSOfdmDispatchKernel<float, __half, float, (unsigned int)2>(ch_est::puschRxChEstStatDescr_t *, ch_est::puschRxChEstDynDescr_t *)"
4539043188,2688,291139,103,1,1,128,1,1,16,0.000,0.000,,,,,NVIDIA A100-SXM4-40GB MIG 4g.20gb (0),1,,13,cupy_copy__complex64_complex64
4539056084,12576,291149,1434,1,1,128,1,1,16,0.000,0.000,,,,,NVIDIA A100-SXM4-40GB MIG 4g.20gb (0),1,,13,cupy_copy__complex64_complex64
4539081876,2400,291156,103,1,1,128,1,1,16,0.000,0.000,,,,,NVIDIA A100-SXM4-40GB MIG 4g.20gb (0),1,,13,cupy_copy__complex64_complex64
4539098900,90463,291163,1,1,1,32,32,1,30,0.000,0.000,,,,,NVIDIA A100-SXM4-40GB MIG 4g.20gb (0),1,,13,"void convert_kernel<__half2, float2>(tensor_layout_any, T1 *, tensor_layout_any, const T2 *)"
4539221138,10432,291166,,,,,,,,,,0.094,8981.511,Pinned,Device,NVIDIA A100-SXM4-40GB MIG 4g.20gb (0),1,,13,[CUDA memcpy Host-to-Device]
4539240370,46943,291167,,,,,,,,,,35.810,762822.916,Device,,NVIDIA A100-SXM4-40GB MIG 4g.20gb (0),1,,13,[CUDA memset]
4539295601,5280,291169,,,,,,,,,,0.000,15.151,Pinned,Device,NVIDIA A100-SXM4-40GB MIG 4g.20gb (0),1,,13,[CUDA memcpy Host-to-Device]
4539303601,12128,291170,,,,,,,,,,0.197,16210.919,Pinned,Device,NVIDIA A100-SXM4-40GB MIG 4g.20gb (0),1,,13,[CUDA memcpy Host-to-Device]
4539326097,9760,291171,273,1,1,48,1,1,40,0.000,0.001,,,,,NVIDIA A100-SXM4-40GB MIG 4g.20gb (0),1,,13,"void pusch_noise_intf_est::noiseIntfEstNoDftSOfdmKernel<float, __half, float, float, (unsigned int)2, (unsigned int)1, (unsigned char)4, (unsigned char)4>(pusch_noise_intf_est::puschRxNoiseIntfEstDynDescr)"
4539339089,2688,291182,35,1,1,128,1,1,16,0.000,0.000,,,,,NVIDIA A100-SXM4-40GB MIG 4g.20gb (0),1,,13,cupy_copy__complex64_complex64
4539344593,2016,291191,1,1,1,1,1,1,18,0.000,0.000,,,,,NVIDIA A100-SXM4-40GB MIG 4g.20gb (0),1,,13,cupy_copy__float32_float32
4539372976,2208,291197,,,,,,,,,,0.000,1.812,Device,Pageable,NVIDIA A100-SXM4-40GB MIG 4g.20gb (0),1,,7,[CUDA memcpy Device-to-Host]
4539436175,13056,291208,1434,1,1,128,1,1,16,0.000,0.000,,,,,NVIDIA A100-SXM4-40GB MIG 4g.20gb (0),1,,13,cupy_copy__complex64_complex64
4539461999,3424,291215,103,1,1,128,1,1,16,0.000,0.000,,,,,NVIDIA A100-SXM4-40GB MIG 4g.20gb (0),1,,13,cupy_copy__complex64_complex64
4539482351,2400,291222,35,1,1,128,1,1,16,0.000,0.000,,,,,NVIDIA A100-SXM4-40GB MIG 4g.20gb (0),1,,13,cupy_copy__complex64_complex64
4539500175,1984,291229,1,1,1,1,1,1,18,0.000,0.000,,,,,NVIDIA A100-SXM4-40GB MIG 4g.20gb (0),1,,13,cupy_copy__float32_float32
4539631565,81919,291240,1,1,1,32,32,1,30,0.000,0.000,,,,,NVIDIA A100-SXM4-40GB MIG 4g.20gb (0),1,,13,"void convert_kernel<__half2, float2>(tensor_layout_any, T1 *, tensor_layout_any, const T2 *)"
4539741004,5888,291243,,,,,,,,,,0.094,15912.954,Pinned,Device,NVIDIA A100-SXM4-40GB MIG 4g.20gb (0),1,,13,[CUDA memcpy Host-to-Device]
4539755692,3456,291244,,,,,,,,,,1.547,447517.201,Device,,NVIDIA A100-SXM4-40GB MIG 4g.20gb (0),1,,13,[CUDA memset]
4539762923,3456,291249,,,,,,,,,,0.031,9055.529,Pinned,Device,NVIDIA A100-SXM4-40GB MIG 4g.20gb (0),1,,13,[CUDA memcpy Host-to-Device]
4539769323,10272,291250,,,,,,,,,,0.197,19140.182,Pinned,Device,NVIDIA A100-SXM4-40GB MIG 4g.20gb (0),1,,13,[CUDA memcpy Host-to-Device]
4539784363,6144,291251,273,1,1,8,4,1,39,0.002,0.000,,,,,NVIDIA A100-SXM4-40GB MIG 4g.20gb (0),1,,13,"void channel_eq::eqMmseCoefCompLowMimoKernel<float, float, float, (unsigned int)4, (unsigned int)1, (unsigned int)4>(const channel_eq::_puschRxChEqStatDescr *, channel_eq::_puschRxChEqCoefCompDynDescr)"
4539793515,7168,291252,273,1,1,12,11,1,51,0.002,0.000,,,,,NVIDIA A100-SXM4-40GB MIG 4g.20gb (0),1,,13,"void channel_eq::eqMmseSoftDemapKernel<float, __half, __half, float, (unsigned int)4, (unsigned short)16383>(channel_eq::_puschRxChEqStatDescr *, channel_eq::_puschRxChEqSoftDemapDynDescr)"
4539801867,294588,291253,1,1,1,32,32,1,30,0.000,0.000,,,,,NVIDIA A100-SXM4-40GB MIG 4g.20gb (0),1,,13,"void convert_kernel<float2, __half2>(tensor_layout_any, T1 *, tensor_layout_any, const T2 *)"
4540098343,11104,291265,2253,1,1,128,1,1,16,0.000,0.000,,,,,NVIDIA A100-SXM4-40GB MIG 4g.20gb (0),1,,13,cupy_copy__float16_float16
4540112423,3520,291274,282,1,1,128,1,1,16,0.000,0.000,,,,,NVIDIA A100-SXM4-40GB MIG 4g.20gb (0),1,,13,cupy_copy__complex64_complex64
4540116903,2848,291283,26,1,1,128,1,1,16,0.000,0.000,,,,,NVIDIA A100-SXM4-40GB MIG 4g.20gb (0),1,,13,cupy_copy__float32_float32
4540120839,3360,291292,103,1,1,128,1,1,16,0.000,0.000,,,,,NVIDIA A100-SXM4-40GB MIG 4g.20gb (0),1,,13,cupy_copy__complex64_complex64
4540126439,12000,291302,1434,1,1,128,1,1,16,0.000,0.000,,,,,NVIDIA A100-SXM4-40GB MIG 4g.20gb (0),1,,13,cupy_copy__complex64_complex64
4540141543,81535,291307,1,1,1,32,32,1,30,0.000,0.000,,,,,NVIDIA A100-SXM4-40GB MIG 4g.20gb (0),1,,13,"void convert_kernel<__half2, float2>(tensor_layout_any, T1 *, tensor_layout_any, const T2 *)"
4540250117,5600,291310,,,,,,,,,,0.094,16731.388,Pinned,Device,NVIDIA A100-SXM4-40GB MIG 4g.20gb (0),1,,13,[CUDA memcpy Host-to-Device]
4540260101,596825,291311,,,,,,,,,,456.561,764740.412,Device,,NVIDIA A100-SXM4-40GB MIG 4g.20gb (0),1,,13,[CUDA memset]
4540864638,163678,291316,,,,,,,,,,1.235,7544.273,Pinned,Device,NVIDIA A100-SXM4-40GB MIG 4g.20gb (0),1,,13,[CUDA memcpy Host-to-Device]
4541041148,39999,291317,,,,,,,,,,0.197,4915.200,Pinned,Device,NVIDIA A100-SXM4-40GB MIG 4g.20gb (0),1,,13,[CUDA memcpy Host-to-Device]
4541098427,8320,291318,69,4,1,48,1,1,76,0.002,0.000,,,,,NVIDIA A100-SXM4-40GB MIG 4g.20gb (0),1,,13,"void ch_est::windowedChEstPreNoDftSOfdmKernel<float, __half, float, (unsigned int)2, (unsigned int)1, (unsigned short)4>(ch_est::puschRxChEstStatDescr_t *, ch_est::puschRxChEstDynDescr_t *)"
4541116379,6848,291319,137,2,1,24,2,1,44,0.001,0.001,,,,,NVIDIA A100-SXM4-40GB MIG 4g.20gb (0),1,,13,"void ch_est::chEstFilterNoDftSOfdmDispatchKernel<float, __half, float, (unsigned int)2>(ch_est::puschRxChEstStatDescr_t *, ch_est::puschRxChEstDynDescr_t *)"
4541133499,4768,291320,137,2,1,24,2,1,44,0.001,0.001,,,,,NVIDIA A100-SXM4-40GB MIG 4g.20gb (0),1,,13,"void ch_est::chEstFilterNoDftSOfdmDispatchKernel<float, __half, float, (unsigned int)2>(ch_est::puschRxChEstStatDescr_t *, ch_est::puschRxChEstDynDescr_t *)"
4541151002,2784,291331,103,1,1,128,1,1,16,0.000,0.000,,,,,NVIDIA A100-SXM4-40GB MIG 4g.20gb (0),1,,13,cupy_copy__complex64_complex64
4541167930,12704,291341,1434,1,1,128,1,1,16,0.000,0.000,,,,,NVIDIA A100-SXM4-40GB MIG 4g.20gb (0),1,,13,cupy_copy__complex64_complex64
4541186938,2944,291348,103,1,1,128,1,1,16,0.000,0.000,,,,,NVIDIA A100-SXM4-40GB MIG 4g.20gb (0),1,,13,cupy_copy__complex64_complex64
4541208890,93278,291355,1,1,1,32,32,1,30,0.000,0.000,,,,,NVIDIA A100-SXM4-40GB MIG 4g.20gb (0),1,,13,"void convert_kernel<__half2, float2>(tensor_layout_any, T1 *, tensor_layout_any, const T2 *)"
4541336440,26624,291358,,,,,,,,,,0.094,3519.222,Pinned,Device,NVIDIA A100-SXM4-40GB MIG 4g.20gb (0),1,,13,[CUDA memcpy Host-to-Device]
4541388151,46944,291359,,,,,,,,,,35.810,762787.106,Device,,NVIDIA A100-SXM4-40GB MIG 4g.20gb (0),1,,13,[CUDA memset]
4541441911,14720,291361,,,,,,,,,,0.000,5.435,Pinned,Device,NVIDIA A100-SXM4-40GB MIG 4g.20gb (0),1,,13,[CUDA memcpy Host-to-Device]
4541463159,32607,291362,,,,,,,,,,0.197,6029.574,Pinned,Device,NVIDIA A100-SXM4-40GB MIG 4g.20gb (0),1,,13,[CUDA memcpy Host-to-Device]
4541516726,9472,291363,273,1,1,48,1,1,40,0.000,0.001,,,,,NVIDIA A100-SXM4-40GB MIG 4g.20gb (0),1,,13,"void pusch_noise_intf_est::noiseIntfEstNoDftSOfdmKernel<float, __half, float, float, (unsigned int)2, (unsigned int)1, (unsigned char)4, (unsigned char)4>(pusch_noise_intf_est::puschRxNoiseIntfEstDynDescr)"
4541542998,2591,291374,35,1,1,128,1,1,16,0.000,0.000,,,,,NVIDIA A100-SXM4-40GB MIG 4g.20gb (0),1,,13,cupy_copy__complex64_complex64
4541555861,1664,291383,1,1,1,1,1,1,18,0.000,0.000,,,,,NVIDIA A100-SXM4-40GB MIG 4g.20gb (0),1,,13,cupy_copy__float32_float32
4541560981,4640,291389,,,,,,,,,,0.000,0.862,Device,Pageable,NVIDIA A100-SXM4-40GB MIG 4g.20gb (0),1,,7,[CUDA memcpy Device-to-Host]
4541634612,12800,291400,1434,1,1,128,1,1,16,0.000,0.000,,,,,NVIDIA A100-SXM4-40GB MIG 4g.20gb (0),1,,13,cupy_copy__complex64_complex64
4541660564,2944,291407,103,1,1,128,1,1,16,0.000,0.000,,,,,NVIDIA A100-SXM4-40GB MIG 4g.20gb (0),1,,13,cupy_copy__complex64_complex64
4541679220,2656,291414,35,1,1,128,1,1,16,0.000,0.000,,,,,NVIDIA A100-SXM4-40GB MIG 4g.20gb (0),1,,13,cupy_copy__complex64_complex64
4541696500,1920,291421,1,1,1,1,1,1,18,0.000,0.000,,,,,NVIDIA A100-SXM4-40GB MIG 4g.20gb (0),1,,13,cupy_copy__float32_float32
4541826418,82431,291432,1,1,1,32,32,1,30,0.000,0.000,,,,,NVIDIA A100-SXM4-40GB MIG 4g.20gb (0),1,,13,"void convert_kernel<__half2, float2>(tensor_layout_any, T1 *, tensor_layout_any, const T2 *)"
4541936401,5728,291435,,,,,,,,,,0.094,16357.541,Pinned,Device,NVIDIA A100-SXM4-40GB MIG 4g.20gb (0),1,,13,[CUDA memcpy Host-to-Device]
4541951024,3680,291436,,,,,,,,,,1.547,420278.059,Device,,NVIDIA A100-SXM4-40GB MIG 4g.20gb (0),1,,13,[CUDA memset]
4541957296,3584,291441,,,,,,,,,,0.031,8732.116,Pinned,Device,NVIDIA A100-SXM4-40GB MIG 4g.20gb (0),1,,13,[CUDA memcpy Host-to-Device]
4541962928,9600,291442,,,,,,,,,,0.197,20479.869,Pinned,Device,NVIDIA A100-SXM4-40GB MIG 4g.20gb (0),1,,13,[CUDA memcpy Host-to-Device]
4541978128,6496,291443,273,1,1,8,4,1,39,0.002,0.000,,,,,NVIDIA A100-SXM4-40GB MIG 4g.20gb (0),1,,13,"void channel_eq::eqMmseCoefCompLowMimoKernel<float, float, float, (unsigned int)4, (unsigned int)1, (unsigned int)4>(const channel_eq::_puschRxChEqStatDescr *, channel_eq::_puschRxChEqCoefCompDynDescr)"
4541985616,6112,291444,273,1,1,12,11,1,51,0.002,0.000,,,,,NVIDIA A100-SXM4-40GB MIG 4g.20gb (0),1,,13,"void channel_eq::eqMmseSoftDemapKernel<float, __half, __half, float, (unsigned int)4, (unsigned short)16383>(channel_eq::_puschRxChEqStatDescr *, channel_eq::_puschRxChEqSoftDemapDynDescr)"
4541992688,282237,291445,1,1,1,32,32,1,30,0.000,0.000,,,,,NVIDIA A100-SXM4-40GB MIG 4g.20gb (0),1,,13,"void convert_kernel<float2, __half2>(tensor_layout_any, T1 *, tensor_layout_any, const T2 *)"
4542278028,10880,291457,2253,1,1,128,1,1,16,0.000,0.000,,,,,NVIDIA A100-SXM4-40GB MIG 4g.20gb (0),1,,13,cupy_copy__float16_float16
4542292748,3360,291466,282,1,1,128,1,1,16,0.000,0.000,,,,,NVIDIA A100-SXM4-40GB MIG 4g.20gb (0),1,,13,cupy_copy__complex64_complex64
4542300268,2080,291475,26,1,1,128,1,1,16,0.000,0.000,,,,,NVIDIA A100-SXM4-40GB MIG 4g.20gb (0),1,,13,cupy_copy__float32_float32
4542305356,5280,291484,103,1,1,128,1,1,16,0.000,0.000,,,,,NVIDIA A100-SXM4-40GB MIG 4g.20gb (0),1,,13,cupy_copy__complex64_complex64
4542314092,12192,291494,1434,1,1,128,1,1,16,0.000,0.000,,,,,NVIDIA A100-SXM4-40GB MIG 4g.20gb (0),1,,13,cupy_copy__complex64_complex64
4542332620,86335,291499,1,1,1,32,32,1,30,0.000,0.000,,,,,NVIDIA A100-SXM4-40GB MIG 4g.20gb (0),1,,13,"void convert_kernel<__half2, float2>(tensor_layout_any, T1 *, tensor_layout_any, const T2 *)"
4542446922,5824,291502,,,,,,,,,,0.094,16087.884,Pinned,Device,NVIDIA A100-SXM4-40GB MIG 4g.20gb (0),1,,13,[CUDA memcpy Host-to-Device]
4542459690,598169,291503,,,,,,,,,,456.561,762914.166,Device,,NVIDIA A100-SXM4-40GB MIG 4g.20gb (0),1,,13,[CUDA memset]
4543060643,100799,291508,,,,,,,,,,1.235,12250.644,Pinned,Device,NVIDIA A100-SXM4-40GB MIG 4g.20gb (0),1,,13,[CUDA memcpy Host-to-Device]
4543176417,29088,291509,,,,,,,,,,0.197,6758.990,Pinned,Device,NVIDIA A100-SXM4-40GB MIG 4g.20gb (0),1,,13,[CUDA memcpy Host-to-Device]
4543221473,8064,291510,69,4,1,48,1,1,76,0.002,0.000,,,,,NVIDIA A100-SXM4-40GB MIG 4g.20gb (0),1,,13,"void ch_est::windowedChEstPreNoDftSOfdmKernel<float, __half, float, (unsigned int)2, (unsigned int)1, (unsigned short)4>(ch_est::puschRxChEstStatDescr_t *, ch_est::puschRxChEstDynDescr_t *)"
4543236129,6752,291511,137,2,1,24,2,1,44,0.001,0.001,,,,,NVIDIA A100-SXM4-40GB MIG 4g.20gb (0),1,,13,"void ch_est::chEstFilterNoDftSOfdmDispatchKernel<float, __half, float, (unsigned int)2>(ch_est::puschRxChEstStatDescr_t *, ch_est::puschRxChEstDynDescr_t *)"
4543249856,6208,291512,137,2,1,24,2,1,44,0.001,0.001,,,,,NVIDIA A100-SXM4-40GB MIG 4g.20gb (0),1,,13,"void ch_est::chEstFilterNoDftSOfdmDispatchKernel<float, __half, float, (unsigned int)2>(ch_est::puschRxChEstStatDescr_t *, ch_est::puschRxChEstDynDescr_t *)"
4543265536,2560,291523,103,1,1,128,1,1,16,0.000,0.000,,,,,NVIDIA A100-SXM4-40GB MIG 4g.20gb (0),1,,13,cupy_copy__complex64_complex64
4543279232,12256,291533,1434,1,1,128,1,1,16,0.000,0.000,,,,,NVIDIA A100-SXM4-40GB MIG 4g.20gb (0),1,,13,cupy_copy__complex64_complex64
4543298016,2944,291540,103,1,1,128,1,1,16,0.000,0.000,,,,,NVIDIA A100-SXM4-40GB MIG 4g.20gb (0),1,,13,cupy_copy__complex64_complex64
4543320096,92830,291547,1,1,1,32,32,1,30,0.000,0.000,,,,,NVIDIA A100-SXM4-40GB MIG 4g.20gb (0),1,,13,"void convert_kernel<__half2, float2>(tensor_layout_any, T1 *, tensor_layout_any, const T2 *)"
4543447742,28064,291550,,,,,,,,,,0.094,3338.576,Pinned,Device,NVIDIA A100-SXM4-40GB MIG 4g.20gb (0),1,,13,[CUDA memcpy Host-to-Device]
4543500701,48288,291551,,,,,,,,,,35.810,741587.633,Device,,NVIDIA A100-SXM4-40GB MIG 4g.20gb (0),1,,13,[CUDA memset]
4543558813,14176,291553,,,,,,,,,,0.000,5.643,Pinned,Device,NVIDIA A100-SXM4-40GB MIG 4g.20gb (0),1,,13,[CUDA memcpy Host-to-Device]
4543583356,36704,291554,,,,,,,,,,0.197,5356.388,Pinned,Device,NVIDIA A100-SXM4-40GB MIG 4g.20gb (0),1,,13,[CUDA memcpy Host-to-Device]
4543628540,9376,291555,273,1,1,48,1,1,40,0.000,0.001,,,,,NVIDIA A100-SXM4-40GB MIG 4g.20gb (0),1,,13,"void pusch_noise_intf_est::noiseIntfEstNoDftSOfdmKernel<float, __half, float, float, (unsigned int)2, (unsigned int)1, (unsigned char)4, (unsigned char)4>(pusch_noise_intf_est::puschRxNoiseIntfEstDynDescr)"
4543648380,2560,291566,35,1,1,128,1,1,16,0.000,0.000,,,,,NVIDIA A100-SXM4-40GB MIG 4g.20gb (0),1,,13,cupy_copy__complex64_complex64
4543664667,1696,291575,1,1,1,1,1,1,18,0.000,0.000,,,,,NVIDIA A100-SXM4-40GB MIG 4g.20gb (0),1,,13,cupy_copy__float32_float32
4543667003,9056,291581,,,,,,,,,,0.000,0.442,Device,Pageable,NVIDIA A100-SXM4-40GB MIG 4g.20gb (0),1,,7,[CUDA memcpy Device-to-Host]
4543758810,12704,291592,1434,1,1,128,1,1,16,0.000,0.000,,,,,NVIDIA A100-SXM4-40GB MIG 4g.20gb (0),1,,13,cupy_copy__complex64_complex64
4543785370,2720,291599,103,1,1,128,1,1,16,0.000,0.000,,,,,NVIDIA A100-SXM4-40GB MIG 4g.20gb (0),1,,13,cupy_copy__complex64_complex64
4543805594,2560,291606,35,1,1,128,1,1,16,0.000,0.000,,,,,NVIDIA A100-SXM4-40GB MIG 4g.20gb (0),1,,13,cupy_copy__complex64_complex64
4543825913,1824,291613,1,1,1,1,1,1,18,0.000,0.000,,,,,NVIDIA A100-SXM4-40GB MIG 4g.20gb (0),1,,13,cupy_copy__float32_float32
4543953656,85983,291624,1,1,1,32,32,1,30,0.000,0.000,,,,,NVIDIA A100-SXM4-40GB MIG 4g.20gb (0),1,,13,"void convert_kernel<__half2, float2>(tensor_layout_any, T1 *, tensor_layout_any, const T2 *)"
4544071318,13504,291627,,,,,,,,,,0.094,6938.376,Pinned,Device,NVIDIA A100-SXM4-40GB MIG 4g.20gb (0),1,,13,[CUDA memcpy Host-to-Device]
4544096790,3616,291628,,,,,,,,,,1.547,427715.774,Device,,NVIDIA A100-SXM4-40GB MIG 4g.20gb (0),1,,13,[CUDA memset]
4544108342,4928,291633,,,,,,,,,,0.031,6350.647,Pinned,Device,NVIDIA A100-SXM4-40GB MIG 4g.20gb (0),1,,13,[CUDA memcpy Host-to-Device]
4544118262,12544,291634,,,,,,,,,,0.197,15673.393,Pinned,Device,NVIDIA A100-SXM4-40GB MIG 4g.20gb (0),1,,13,[CUDA memcpy Host-to-Device]
4544139894,8447,291635,273,1,1,8,4,1,39,0.002,0.000,,,,,NVIDIA A100-SXM4-40GB MIG 4g.20gb (0),1,,13,"void channel_eq::eqMmseCoefCompLowMimoKernel<float, float, float, (unsigned int)4, (unsigned int)1, (unsigned int)4>(const channel_eq::_puschRxChEqStatDescr *, channel_eq::_puschRxChEqCoefCompDynDescr)"
4544152085,5472,291636,273,1,1,12,11,1,51,0.002,0.000,,,,,NVIDIA A100-SXM4-40GB MIG 4g.20gb (0),1,,13,"void channel_eq::eqMmseSoftDemapKernel<float, __half, __half, float, (unsigned int)4, (unsigned short)16383>(channel_eq::_puschRxChEqStatDescr *, channel_eq::_puschRxChEqSoftDemapDynDescr)"
4544158901,281981,291637,1,1,1,32,32,1,30,0.000,0.000,,,,,NVIDIA A100-SXM4-40GB MIG 4g.20gb (0),1,,13,"void convert_kernel<float2, __half2>(tensor_layout_any, T1 *, tensor_layout_any, const T2 *)"
4544443474,11040,291649,2253,1,1,128,1,1,16,0.000,0.000,,,,,NVIDIA A100-SXM4-40GB MIG 4g.20gb (0),1,,13,cupy_copy__float16_float16
4544459698,3680,291658,282,1,1,128,1,1,16,0.000,0.000,,,,,NVIDIA A100-SXM4-40GB MIG 4g.20gb (0),1,,13,cupy_copy__complex64_complex64
4544464690,2943,291667,26,1,1,128,1,1,16,0.000,0.000,,,,,NVIDIA A100-SXM4-40GB MIG 4g.20gb (0),1,,13,cupy_copy__float32_float32
4544468849,2880,291676,103,1,1,128,1,1,16,0.000,0.000,,,,,NVIDIA A100-SXM4-40GB MIG 4g.20gb (0),1,,13,cupy_copy__complex64_complex64
4544472817,12288,291686,1434,1,1,128,1,1,16,0.000,0.000,,,,,NVIDIA A100-SXM4-40GB MIG 4g.20gb (0),1,,13,cupy_copy__complex64_complex64
4544486673,81407,291691,1,1,1,32,32,1,30,0.000,0.000,,,,,NVIDIA A100-SXM4-40GB MIG 4g.20gb (0),1,,13,"void convert_kernel<__half2, float2>(tensor_layout_any, T1 *, tensor_layout_any, const T2 *)"
4544595408,5568,291694,,,,,,,,,,0.094,16827.521,Pinned,Device,NVIDIA A100-SXM4-40GB MIG 4g.20gb (0),1,,13,[CUDA memcpy Host-to-Device]
4544605200,598808,291695,,,,,,,,,,456.561,762001.043,Device,,NVIDIA A100-SXM4-40GB MIG 4g.20gb (0),1,,13,[CUDA memset]
4545210344,146303,291700,,,,,,,,,,1.235,8440.842,Pinned,Device,NVIDIA A100-SXM4-40GB MIG 4g.20gb (0),1,,13,[CUDA memcpy Host-to-Device]
4545368390,37152,291701,,,,,,,,,,0.197,5291.901,Pinned,Device,NVIDIA A100-SXM4-40GB MIG 4g.20gb (0),1,,13,[CUDA memcpy Host-to-Device]
4545418566,8192,291702,69,4,1,48,1,1,76,0.002,0.000,,,,,NVIDIA A100-SXM4-40GB MIG 4g.20gb (0),1,,13,"void ch_est::windowedChEstPreNoDftSOfdmKernel<float, __half, float, (unsigned int)2, (unsigned int)1, (unsigned short)4>(ch_est::puschRxChEstStatDescr_t *, ch_est::puschRxChEstDynDescr_t *)"
4545435654,6687,291703,137,2,1,24,2,1,44,0.001,0.001,,,,,NVIDIA A100-SXM4-40GB MIG 4g.20gb (0),1,,13,"void ch_est::chEstFilterNoDftSOfdmDispatchKernel<float, __half, float, (unsigned int)2>(ch_est::puschRxChEstStatDescr_t *, ch_est::puschRxChEstDynDescr_t *)"
4545445893,4832,291704,137,2,1,24,2,1,44,0.001,0.001,,,,,NVIDIA A100-SXM4-40GB MIG 4g.20gb (0),1,,13,"void ch_est::chEstFilterNoDftSOfdmDispatchKernel<float, __half, float, (unsigned int)2>(ch_est::puschRxChEstStatDescr_t *, ch_est::puschRxChEstDynDescr_t *)"
4545460933,2592,291715,103,1,1,128,1,1,16,0.000,0.000,,,,,NVIDIA A100-SXM4-40GB MIG 4g.20gb (0),1,,13,cupy_copy__complex64_complex64
4545471397,12544,291725,1434,1,1,128,1,1,16,0.000,0.000,,,,,NVIDIA A100-SXM4-40GB MIG 4g.20gb (0),1,,13,cupy_copy__complex64_complex64
4545495173,2496,291732,103,1,1,128,1,1,16,0.000,0.000,,,,,NVIDIA A100-SXM4-40GB MIG 4g.20gb (0),1,,13,cupy_copy__complex64_complex64
4545505541,82719,291739,1,1,1,32,32,1,30,0.000,0.000,,,,,NVIDIA A100-SXM4-40GB MIG 4g.20gb (0),1,,13,"void convert_kernel<__half2, float2>(tensor_layout_any, T1 *, tensor_layout_any, const T2 *)"
4545615171,5760,291742,,,,,,,,,,0.094,16266.656,Pinned,Device,NVIDIA A100-SXM4-40GB MIG 4g.20gb (0),1,,13,[CUDA memcpy Host-to-Device]
4545627907,47264,291743,,,,,,,,,,35.810,757630.477,Device,,NVIDIA A100-SXM4-40GB MIG 4g.20gb (0),1,,13,[CUDA memset]
4545683523,5119,291745,,,,,,,,,,0.000,15.628,Pinned,Device,NVIDIA A100-SXM4-40GB MIG 4g.20gb (0),1,,13,[CUDA memcpy Host-to-Device]
4545694498,14240,291746,,,,,,,,,,0.197,13806.600,Pinned,Device,NVIDIA A100-SXM4-40GB MIG 4g.20gb (0),1,,13,[CUDA memcpy Host-to-Device]
4545715234,10464,291747,273,1,1,48,1,1,40,0.000,0.001,,,,,NVIDIA A100-SXM4-40GB MIG 4g.20gb (0),1,,13,"void pusch_noise_intf_est::noiseIntfEstNoDftSOfdmKernel<float, __half, float, float, (unsigned int)2, (unsigned int)1, (unsigned char)4, (unsigned char)4>(pusch_noise_intf_est::puschRxNoiseIntfEstDynDescr)"
4545728226,2752,291758,35,1,1,128,1,1,16,0.000,0.000,,,,,NVIDIA A100-SXM4-40GB MIG 4g.20gb (0),1,,13,cupy_copy__complex64_complex64
4545734370,1952,291767,1,1,1,1,1,1,18,0.000,0.000,,,,,NVIDIA A100-SXM4-40GB MIG 4g.20gb (0),1,,13,cupy_copy__float32_float32
4545765346,1567,291773,,,,,,,,,,0.000,2.553,Device,Pageable,NVIDIA A100-SXM4-40GB MIG 4g.20gb (0),1,,7,[CUDA memcpy Device-to-Host]
4545824641,12896,291784,1434,1,1,128,1,1,16,0.000,0.000,,,,,NVIDIA A100-SXM4-40GB MIG 4g.20gb (0),1,,13,cupy_copy__complex64_complex64
4545851456,2592,291791,103,1,1,128,1,1,16,0.000,0.000,,,,,NVIDIA A100-SXM4-40GB MIG 4g.20gb (0),1,,13,cupy_copy__complex64_complex64
4545872512,2816,291798,35,1,1,128,1,1,16,0.000,0.000,,,,,NVIDIA A100-SXM4-40GB MIG 4g.20gb (0),1,,13,cupy_copy__complex64_complex64
4545891104,1824,291805,1,1,1,1,1,1,18,0.000,0.000,,,,,NVIDIA A100-SXM4-40GB MIG 4g.20gb (0),1,,13,cupy_copy__float32_float32
4546022526,82527,291816,1,1,1,32,32,1,30,0.000,0.000,,,,,NVIDIA A100-SXM4-40GB MIG 4g.20gb (0),1,,13,"void convert_kernel<__half2, float2>(tensor_layout_any, T1 *, tensor_layout_any, const T2 *)"
4546132477,6304,291819,,,,,,,,,,0.094,14862.903,Pinned,Device,NVIDIA A100-SXM4-40GB MIG 4g.20gb (0),1,,13,[CUDA memcpy Host-to-Device]
4546147101,3584,291820,,,,,,,,,,1.547,431534.389,Device,,NVIDIA A100-SXM4-40GB MIG 4g.20gb (0),1,,13,[CUDA memset]
4546155901,4416,291825,,,,,,,,,,0.031,7086.948,Pinned,Device,NVIDIA A100-SXM4-40GB MIG 4g.20gb (0),1,,13,[CUDA memcpy Host-to-Device]
4546162717,9599,291826,,,,,,,,,,0.197,20482.032,Pinned,Device,NVIDIA A100-SXM4-40GB MIG 4g.20gb (0),1,,13,[CUDA memcpy Host-to-Device]
4546177308,6368,291827,273,1,1,8,4,1,39,0.002,0.000,,,,,NVIDIA A100-SXM4-40GB MIG 4g.20gb (0),1,,13,"void channel_eq::eqMmseCoefCompLowMimoKernel<float, float, float, (unsigned int)4, (unsigned int)1, (unsigned int)4>(const channel_eq::_puschRxChEqStatDescr *, channel_eq::_puschRxChEqCoefCompDynDescr)"
4546184700,6144,291828,273,1,1,12,11,1,51,0.002,0.000,,,,,NVIDIA A100-SXM4-40GB MIG 4g.20gb (0),1,,13,"void channel_eq::eqMmseSoftDemapKernel<float, __half, __half, float, (unsigned int)4, (unsigned short)16383>(channel_eq::_puschRxChEqStatDescr *, channel_eq::_puschRxChEqSoftDemapDynDescr)"
4546191836,282397,291829,1,1,1,32,32,1,30,0.000,0.000,,,,,NVIDIA A100-SXM4-40GB MIG 4g.20gb (0),1,,13,"void convert_kernel<float2, __half2>(tensor_layout_any, T1 *, tensor_layout_any, const T2 *)"
4546475449,10944,291841,2253,1,1,128,1,1,16,0.000,0.000,,,,,NVIDIA A100-SXM4-40GB MIG 4g.20gb (0),1,,13,cupy_copy__float16_float16
4546488089,3776,291850,282,1,1,128,1,1,16,0.000,0.000,,,,,NVIDIA A100-SXM4-40GB MIG 4g.20gb (0),1,,13,cupy_copy__complex64_complex64
4546495737,2335,291859,26,1,1,128,1,1,16,0.000,0.000,,,,,NVIDIA A100-SXM4-40GB MIG 4g.20gb (0),1,,13,cupy_copy__float32_float32
4546500952,4672,291868,103,1,1,128,1,1,16,0.000,0.000,,,,,NVIDIA A100-SXM4-40GB MIG 4g.20gb (0),1,,13,cupy_copy__complex64_complex64
4546507864,11936,291878,1434,1,1,128,1,1,16,0.000,0.000,,,,,NVIDIA A100-SXM4-40GB MIG 4g.20gb (0),1,,13,cupy_copy__complex64_complex64
4546523096,83039,291883,1,1,1,32,32,1,30,0.000,0.000,,,,,NVIDIA A100-SXM4-40GB MIG 4g.20gb (0),1,,13,"void convert_kernel<__half2, float2>(tensor_layout_any, T1 *, tensor_layout_any, const T2 *)"
4546632375,5664,291886,,,,,,,,,,0.094,16542.310,Pinned,Device,NVIDIA A100-SXM4-40GB MIG 4g.20gb (0),1,,13,[CUDA memcpy Host-to-Device]
4546642295,596504,291887,,,,,,,,,,456.561,765196.973,Device,,NVIDIA A100-SXM4-40GB MIG 4g.20gb (0),1,,13,[CUDA memset]
4547248207,147550,291892,,,,,,,,,,1.235,8369.215,Pinned,Device,NVIDIA A100-SXM4-40GB MIG 4g.20gb (0),1,,13,[CUDA memcpy Host-to-Device]
4547410765,40672,291893,,,,,,,,,,0.197,4833.804,Pinned,Device,NVIDIA A100-SXM4-40GB MIG 4g.20gb (0),1,,13,[CUDA memcpy Host-to-Device]
4547480908,8352,291894,69,4,1,48,1,1,76,0.002,0.000,,,,,NVIDIA A100-SXM4-40GB MIG 4g.20gb (0),1,,13,"void ch_est::windowedChEstPreNoDftSOfdmKernel<float, __half, float, (unsigned int)2, (unsigned int)1, (unsigned short)4>(ch_est::puschRxChEstStatDescr_t *, ch_est::puschRxChEstDynDescr_t *)"
4547500428,6624,291895,137,2,1,24,2,1,44,0.001,0.001,,,,,NVIDIA A100-SXM4-40GB MIG 4g.20gb (0),1,,13,"void ch_est::chEstFilterNoDftSOfdmDispatchKernel<float, __half, float, (unsigned int)2>(ch_est::puschRxChEstStatDescr_t *, ch_est::puschRxChEstDynDescr_t *)"
4547518380,4672,291896,137,2,1,24,2,1,44,0.001,0.001,,,,,NVIDIA A100-SXM4-40GB MIG 4g.20gb (0),1,,13,"void ch_est::chEstFilterNoDftSOfdmDispatchKernel<float, __half, float, (unsigned int)2>(ch_est::puschRxChEstStatDescr_t *, ch_est::puschRxChEstDynDescr_t *)"
4547535756,2624,291907,103,1,1,128,1,1,16,0.000,0.000,,,,,NVIDIA A100-SXM4-40GB MIG 4g.20gb (0),1,,13,cupy_copy__complex64_complex64
4547551947,12320,291917,1434,1,1,128,1,1,16,0.000,0.000,,,,,NVIDIA A100-SXM4-40GB MIG 4g.20gb (0),1,,13,cupy_copy__complex64_complex64
4547571851,2944,291924,103,1,1,128,1,1,16,0.000,0.000,,,,,NVIDIA A100-SXM4-40GB MIG 4g.20gb (0),1,,13,cupy_copy__complex64_complex64
4547596299,85023,291931,1,1,1,32,32,1,30,0.000,0.000,,,,,NVIDIA A100-SXM4-40GB MIG 4g.20gb (0),1,,13,"void convert_kernel<__half2, float2>(tensor_layout_any, T1 *, tensor_layout_any, const T2 *)"
4547713961,16768,291934,,,,,,,,,,0.094,5587.748,Pinned,Device,NVIDIA A100-SXM4-40GB MIG 4g.20gb (0),1,,13,[CUDA memcpy Host-to-Device]
4547746025,47072,291935,,,,,,,,,,35.810,760745.940,Device,,NVIDIA A100-SXM4-40GB MIG 4g.20gb (0),1,,13,[CUDA memset]
4547799816,7808,291937,,,,,,,,,,0.000,10.246,Pinned,Device,NVIDIA A100-SXM4-40GB MIG 4g.20gb (0),1,,13,[CUDA memcpy Host-to-Device]
4547816040,23936,291938,,,,,,,,,,0.197,8213.889,Pinned,Device,NVIDIA A100-SXM4-40GB MIG 4g.20gb (0),1,,13,[CUDA memcpy Host-to-Device]
4547853320,10176,291939,273,1,1,48,1,1,40,0.000,0.001,,,,,NVIDIA A100-SXM4-40GB MIG 4g.20gb (0),1,,13,"void pusch_noise_intf_est::noiseIntfEstNoDftSOfdmKernel<float, __half, float, float, (unsigned int)2, (unsigned int)1, (unsigned char)4, (unsigned char)4>(pusch_noise_intf_est::puschRxNoiseIntfEstDynDescr)"
4547871784,2912,291950,35,1,1,128,1,1,16,0.000,0.000,,,,,NVIDIA A100-SXM4-40GB MIG 4g.20gb (0),1,,13,cupy_copy__complex64_complex64
4547881383,1888,291959,1,1,1,1,1,1,18,0.000,0.000,,,,,NVIDIA A100-SXM4-40GB MIG 4g.20gb (0),1,,13,cupy_copy__float32_float32
4547890247,4704,291965,,,,,,,,,,0.000,0.850,Device,Pageable,NVIDIA A100-SXM4-40GB MIG 4g.20gb (0),1,,7,[CUDA memcpy Device-to-Host]
4547964742,12832,291976,1434,1,1,128,1,1,16,0.000,0.000,,,,,NVIDIA A100-SXM4-40GB MIG 4g.20gb (0),1,,13,cupy_copy__complex64_complex64
4547987622,3520,291983,103,1,1,128,1,1,16,0.000,0.000,,,,,NVIDIA A100-SXM4-40GB MIG 4g.20gb (0),1,,13,cupy_copy__complex64_complex64
4548007654,2176,291990,35,1,1,128,1,1,16,0.000,0.000,,,,,NVIDIA A100-SXM4-40GB MIG 4g.20gb (0),1,,13,cupy_copy__complex64_complex64
4548025446,1824,291997,1,1,1,1,1,1,18,0.000,0.000,,,,,NVIDIA A100-SXM4-40GB MIG 4g.20gb (0),1,,13,cupy_copy__float32_float32
4548158532,82527,292008,1,1,1,32,32,1,30,0.000,0.000,,,,,NVIDIA A100-SXM4-40GB MIG 4g.20gb (0),1,,13,"void convert_kernel<__half2, float2>(tensor_layout_any, T1 *, tensor_layout_any, const T2 *)"
4548269475,5376,292011,,,,,,,,,,0.094,17428.487,Pinned,Device,NVIDIA A100-SXM4-40GB MIG 4g.20gb (0),1,,13,[CUDA memcpy Host-to-Device]
4548287330,3168,292012,,,,,,,,,,1.547,488201.145,Device,,NVIDIA A100-SXM4-40GB MIG 4g.20gb (0),1,,13,[CUDA memset]
4548293698,3040,292017,,,,,,,,,,0.031,10294.725,Pinned,Device,NVIDIA A100-SXM4-40GB MIG 4g.20gb (0),1,,13,[CUDA memcpy Host-to-Device]
4548299298,9728,292018,,,,,,,,,,0.197,20210.516,Pinned,Device,NVIDIA A100-SXM4-40GB MIG 4g.20gb (0),1,,13,[CUDA memcpy Host-to-Device]
4548313826,6496,292019,273,1,1,8,4,1,39,0.002,0.000,,,,,NVIDIA A100-SXM4-40GB MIG 4g.20gb (0),1,,13,"void channel_eq::eqMmseCoefCompLowMimoKernel<float, float, float, (unsigned int)4, (unsigned int)1, (unsigned int)4>(const channel_eq::_puschRxChEqStatDescr *, channel_eq::_puschRxChEqCoefCompDynDescr)"
4548321282,6432,292020,273,1,1,12,11,1,51,0.002,0.000,,,,,NVIDIA A100-SXM4-40GB MIG 4g.20gb (0),1,,13,"void channel_eq::eqMmseSoftDemapKernel<float, __half, __half, float, (unsigned int)4, (unsigned short)16383>(channel_eq::_puschRxChEqStatDescr *, channel_eq::_puschRxChEqSoftDemapDynDescr)"
4548328706,282140,292021,1,1,1,32,32,1,30,0.000,0.000,,,,,NVIDIA A100-SXM4-40GB MIG 4g.20gb (0),1,,13,"void convert_kernel<float2, __half2>(tensor_layout_any, T1 *, tensor_layout_any, const T2 *)"
4548611966,10944,292033,2253,1,1,128,1,1,16,0.000,0.000,,,,,NVIDIA A100-SXM4-40GB MIG 4g.20gb (0),1,,13,cupy_copy__float16_float16
4548629054,3776,292042,282,1,1,128,1,1,16,0.000,0.000,,,,,NVIDIA A100-SXM4-40GB MIG 4g.20gb (0),1,,13,cupy_copy__complex64_complex64
4548635262,2208,292051,26,1,1,128,1,1,16,0.000,0.000,,,,,NVIDIA A100-SXM4-40GB MIG 4g.20gb (0),1,,13,cupy_copy__float32_float32
4548641054,2976,292060,103,1,1,128,1,1,16,0.000,0.000,,,,,NVIDIA A100-SXM4-40GB MIG 4g.20gb (0),1,,13,cupy_copy__complex64_complex64
4548645150,12192,292070,1434,1,1,128,1,1,16,0.000,0.000,,,,,NVIDIA A100-SXM4-40GB MIG 4g.20gb (0),1,,13,cupy_copy__complex64_complex64
4548659870,82239,292075,1,1,1,32,32,1,30,0.000,0.000,,,,,NVIDIA A100-SXM4-40GB MIG 4g.20gb (0),1,,13,"void convert_kernel<__half2, float2>(tensor_layout_any, T1 *, tensor_layout_any, const T2 *)"
4548769756,6144,292078,,,,,,,,,,0.094,15249.961,Pinned,Device,NVIDIA A100-SXM4-40GB MIG 4g.20gb (0),1,,13,[CUDA memcpy Host-to-Device]
4548779260,599673,292079,,,,,,,,,,456.561,761087.920,Device,,NVIDIA A100-SXM4-40GB MIG 4g.20gb (0),1,,13,[CUDA memset]
4549388821,136894,292084,,,,,,,,,,1.235,9020.031,Pinned,Device,NVIDIA A100-SXM4-40GB MIG 4g.20gb (0),1,,13,[CUDA memcpy Host-to-Device]
4549538931,36768,292085,,,,,,,,,,0.197,5347.148,Pinned,Device,NVIDIA A100-SXM4-40GB MIG 4g.20gb (0),1,,13,[CUDA memcpy Host-to-Device]
4549600914,7936,292086,69,4,1,48,1,1,76,0.002,0.000,,,,,NVIDIA A100-SXM4-40GB MIG 4g.20gb (0),1,,13,"void ch_est::windowedChEstPreNoDftSOfdmKernel<float, __half, float, (unsigned int)2, (unsigned int)1, (unsigned short)4>(ch_est::puschRxChEstStatDescr_t *, ch_est::puschRxChEstDynDescr_t *)"
4549618802,6784,292087,137,2,1,24,2,1,44,0.001,0.001,,,,,NVIDIA A100-SXM4-40GB MIG 4g.20gb (0),1,,13,"void ch_est::chEstFilterNoDftSOfdmDispatchKernel<float, __half, float, (unsigned int)2>(ch_est::puschRxChEstStatDescr_t *, ch_est::puschRxChEstDynDescr_t *)"
4549635826,4736,292088,137,2,1,24,2,1,44,0.001,0.001,,,,,NVIDIA A100-SXM4-40GB MIG 4g.20gb (0),1,,13,"void ch_est::chEstFilterNoDftSOfdmDispatchKernel<float, __half, float, (unsigned int)2>(ch_est::puschRxChEstStatDescr_t *, ch_est::puschRxChEstDynDescr_t *)"
4549653842,2688,292099,103,1,1,128,1,1,16,0.000,0.000,,,,,NVIDIA A100-SXM4-40GB MIG 4g.20gb (0),1,,13,cupy_copy__complex64_complex64
4549670737,12352,292109,1434,1,1,128,1,1,16,0.000,0.000,,,,,NVIDIA A100-SXM4-40GB MIG 4g.20gb (0),1,,13,cupy_copy__complex64_complex64
4549689361,2912,292116,103,1,1,128,1,1,16,0.000,0.000,,,,,NVIDIA A100-SXM4-40GB MIG 4g.20gb (0),1,,13,cupy_copy__complex64_complex64
4549713777,93183,292123,1,1,1,32,32,1,30,0.000,0.000,,,,,NVIDIA A100-SXM4-40GB MIG 4g.20gb (0),1,,13,"void convert_kernel<__half2, float2>(tensor_layout_any, T1 *, tensor_layout_any, const T2 *)"
4549840559,26752,292126,,,,,,,,,,0.094,3502.356,Pinned,Device,NVIDIA A100-SXM4-40GB MIG 4g.20gb (0),1,,13,[CUDA memcpy Host-to-Device]
4549898223,46751,292127,,,,,,,,,,35.810,765938.379,Device,,NVIDIA A100-SXM4-40GB MIG 4g.20gb (0),1,,13,[CUDA memset]
4549952398,13504,292129,,,,,,,,,,0.000,5.924,Pinned,Device,NVIDIA A100-SXM4-40GB MIG 4g.20gb (0),1,,13,[CUDA memcpy Host-to-Device]
4549973198,26527,292130,,,,,,,,,,0.197,7411.532,Pinned,Device,NVIDIA A100-SXM4-40GB MIG 4g.20gb (0),1,,13,[CUDA memcpy Host-to-Device]
4550020013,9920,292131,273,1,1,48,1,1,40,0.000,0.001,,,,,NVIDIA A100-SXM4-40GB MIG 4g.20gb (0),1,,13,"void pusch_noise_intf_est::noiseIntfEstNoDftSOfdmKernel<float, __half, float, float, (unsigned int)2, (unsigned int)1, (unsigned char)4, (unsigned char)4>(pusch_noise_intf_est::puschRxNoiseIntfEstDynDescr)"
4550035725,2784,292142,35,1,1,128,1,1,16,0.000,0.000,,,,,NVIDIA A100-SXM4-40GB MIG 4g.20gb (0),1,,13,cupy_copy__complex64_complex64
4550051501,1760,292151,1,1,1,1,1,1,18,0.000,0.000,,,,,NVIDIA A100-SXM4-40GB MIG 4g.20gb (0),1,,13,cupy_copy__float32_float32
4550060077,4064,292157,,,,,,,,,,0.000,0.984,Device,Pageable,NVIDIA A100-SXM4-40GB MIG 4g.20gb (0),1,,7,[CUDA memcpy Device-to-Host]
4550141900,12927,292168,1434,1,1,128,1,1,16,0.000,0.000,,,,,NVIDIA A100-SXM4-40GB MIG 4g.20gb (0),1,,13,cupy_copy__complex64_complex64
4550167147,3008,292175,103,1,1,128,1,1,16,0.000,0.000,,,,,NVIDIA A100-SXM4-40GB MIG 4g.20gb (0),1,,13,cupy_copy__complex64_complex64
4550184875,2592,292182,35,1,1,128,1,1,16,0.000,0.000,,,,,NVIDIA A100-SXM4-40GB MIG 4g.20gb (0),1,,13,cupy_copy__complex64_complex64
4550204843,1920,292189,1,1,1,1,1,1,18,0.000,0.000,,,,,NVIDIA A100-SXM4-40GB MIG 4g.20gb (0),1,,13,cupy_copy__float32_float32
4550335657,83007,292200,1,1,1,32,32,1,30,0.000,0.000,,,,,NVIDIA A100-SXM4-40GB MIG 4g.20gb (0),1,,13,"void convert_kernel<__half2, float2>(tensor_layout_any, T1 *, tensor_layout_any, const T2 *)"
4550447112,5536,292203,,,,,,,,,,0.094,16924.777,Pinned,Device,NVIDIA A100-SXM4-40GB MIG 4g.20gb (0),1,,13,[CUDA memcpy Host-to-Device]
4550461512,3232,292204,,,,,,,,,,1.547,478533.199,Device,,NVIDIA A100-SXM4-40GB MIG 4g.20gb (0),1,,13,[CUDA memset]
4550468648,3552,292209,,,,,,,,,,0.031,8810.794,Pinned,Device,NVIDIA A100-SXM4-40GB MIG 4g.20gb (0),1,,13,[CUDA memcpy Host-to-Device]
4550474855,10272,292210,,,,,,,,,,0.197,19140.182,Pinned,Device,NVIDIA A100-SXM4-40GB MIG 4g.20gb (0),1,,13,[CUDA memcpy Host-to-Device]
4550491143,8352,292211,273,1,1,8,4,1,39,0.002,0.000,,,,,NVIDIA A100-SXM4-40GB MIG 4g.20gb (0),1,,13,"void channel_eq::eqMmseCoefCompLowMimoKernel<float, float, float, (unsigned int)4, (unsigned int)1, (unsigned int)4>(const channel_eq::_puschRxChEqStatDescr *, channel_eq::_puschRxChEqCoefCompDynDescr)"
4550501383,7968,292212,273,1,1,12,11,1,51,0.002,0.000,,,,,NVIDIA A100-SXM4-40GB MIG 4g.20gb (0),1,,13,"void channel_eq::eqMmseSoftDemapKernel<float, __half, __half, float, (unsigned int)4, (unsigned short)16383>(channel_eq::_puschRxChEqStatDescr *, channel_eq::_puschRxChEqSoftDemapDynDescr)"
4550511463,282141,292213,1,1,1,32,32,1,30,0.000,0.000,,,,,NVIDIA A100-SXM4-40GB MIG 4g.20gb (0),1,,13,"void convert_kernel<float2, __half2>(tensor_layout_any, T1 *, tensor_layout_any, const T2 *)"
4550795940,10815,292225,2253,1,1,128,1,1,16,0.000,0.000,,,,,NVIDIA A100-SXM4-40GB MIG 4g.20gb (0),1,,13,cupy_copy__float16_float16
4550810755,3488,292234,282,1,1,128,1,1,16,0.000,0.000,,,,,NVIDIA A100-SXM4-40GB MIG 4g.20gb (0),1,,13,cupy_copy__complex64_complex64
4550816483,2176,292243,26,1,1,128,1,1,16,0.000,0.000,,,,,NVIDIA A100-SXM4-40GB MIG 4g.20gb (0),1,,13,cupy_copy__float32_float32
4550821603,3296,292252,103,1,1,128,1,1,16,0.000,0.000,,,,,NVIDIA A100-SXM4-40GB MIG 4g.20gb (0),1,,13,cupy_copy__complex64_complex64
4550825859,12160,292262,1434,1,1,128,1,1,16,0.000,0.000,,,,,NVIDIA A100-SXM4-40GB MIG 4g.20gb (0),1,,13,cupy_copy__complex64_complex64
4550842115,86239,292267,1,1,1,32,32,1,30,0.000,0.000,,,,,NVIDIA A100-SXM4-40GB MIG 4g.20gb (0),1,,13,"void convert_kernel<__half2, float2>(tensor_layout_any, T1 *, tensor_layout_any, const T2 *)"
4550955938,6175,292270,,,,,,,,,,0.094,15173.411,Pinned,Device,NVIDIA A100-SXM4-40GB MIG 4g.20gb (0),1,,13,[CUDA memcpy Host-to-Device]
4550967809,602137,292271,,,,,,,,,,456.561,757891.990,Device,,NVIDIA A100-SXM4-40GB MIG 4g.20gb (0),1,,13,[CUDA memset]
4551576314,135966,292276,,,,,,,,,,1.235,9081.778,Pinned,Device,NVIDIA A100-SXM4-40GB MIG 4g.20gb (0),1,,13,[CUDA memcpy Host-to-Device]
4551719096,28960,292277,,,,,,,,,,0.197,6788.874,Pinned,Device,NVIDIA A100-SXM4-40GB MIG 4g.20gb (0),1,,13,[CUDA memcpy Host-to-Device]
4551765048,7807,292278,69,4,1,48,1,1,76,0.002,0.000,,,,,NVIDIA A100-SXM4-40GB MIG 4g.20gb (0),1,,13,"void ch_est::windowedChEstPreNoDftSOfdmKernel<float, __half, float, (unsigned int)2, (unsigned int)1, (unsigned short)4>(ch_est::puschRxChEstStatDescr_t *, ch_est::puschRxChEstDynDescr_t *)"
4551780791,6336,292279,137,2,1,24,2,1,44,0.001,0.001,,,,,NVIDIA A100-SXM4-40GB MIG 4g.20gb (0),1,,13,"void ch_est::chEstFilterNoDftSOfdmDispatchKernel<float, __half, float, (unsigned int)2>(ch_est::puschRxChEstStatDescr_t *, ch_est::puschRxChEstDynDescr_t *)"
4551795063,4768,292280,137,2,1,24,2,1,44,0.001,0.001,,,,,NVIDIA A100-SXM4-40GB MIG 4g.20gb (0),1,,13,"void ch_est::chEstFilterNoDftSOfdmDispatchKernel<float, __half, float, (unsigned int)2>(ch_est::puschRxChEstStatDescr_t *, ch_est::puschRxChEstDynDescr_t *)"
4551806231,2912,292291,103,1,1,128,1,1,16,0.000,0.000,,,,,NVIDIA A100-SXM4-40GB MIG 4g.20gb (0),1,,13,cupy_copy__complex64_complex64
4551823735,12384,292301,1434,1,1,128,1,1,16,0.000,0.000,,,,,NVIDIA A100-SXM4-40GB MIG 4g.20gb (0),1,,13,cupy_copy__complex64_complex64
4551849399,2752,292308,103,1,1,128,1,1,16,0.000,0.000,,,,,NVIDIA A100-SXM4-40GB MIG 4g.20gb (0),1,,13,cupy_copy__complex64_complex64
4551859510,89727,292315,1,1,1,32,32,1,30,0.000,0.000,,,,,NVIDIA A100-SXM4-40GB MIG 4g.20gb (0),1,,13,"void convert_kernel<__half2, float2>(tensor_layout_any, T1 *, tensor_layout_any, const T2 *)"
4551980245,10112,292318,,,,,,,,,,0.094,9265.785,Pinned,Device,NVIDIA A100-SXM4-40GB MIG 4g.20gb (0),1,,13,[CUDA memcpy Host-to-Device]
4552009493,47295,292319,,,,,,,,,,35.810,757129.139,Device,,NVIDIA A100-SXM4-40GB MIG 4g.20gb (0),1,,13,[CUDA memset]
4552064724,6112,292321,,,,,,,,,,0.000,13.089,Pinned,Device,NVIDIA A100-SXM4-40GB MIG 4g.20gb (0),1,,13,[CUDA memcpy Host-to-Device]
4552081780,25151,292322,,,,,,,,,,0.197,7816.937,Pinned,Device,NVIDIA A100-SXM4-40GB MIG 4g.20gb (0),1,,13,[CUDA memcpy Host-to-Device]
4552124019,9568,292323,273,1,1,48,1,1,40,0.000,0.001,,,,,NVIDIA A100-SXM4-40GB MIG 4g.20gb (0),1,,13,"void pusch_noise_intf_est::noiseIntfEstNoDftSOfdmKernel<float, __half, float, float, (unsigned int)2, (unsigned int)1, (unsigned char)4, (unsigned char)4>(pusch_noise_intf_est::puschRxNoiseIntfEstDynDescr)"
4552136691,2816,292334,35,1,1,128,1,1,16,0.000,0.000,,,,,NVIDIA A100-SXM4-40GB MIG 4g.20gb (0),1,,13,cupy_copy__complex64_complex64
4552151219,1728,292343,1,1,1,1,1,1,18,0.000,0.000,,,,,NVIDIA A100-SXM4-40GB MIG 4g.20gb (0),1,,13,cupy_copy__float32_float32
4552158931,5024,292349,,,,,,,,,,0.000,0.796,Device,Pageable,NVIDIA A100-SXM4-40GB MIG 4g.20gb (0),1,,7,[CUDA memcpy Device-to-Host]
4552249746,12959,292360,1434,1,1,128,1,1,16,0.000,0.000,,,,,NVIDIA A100-SXM4-40GB MIG 4g.20gb (0),1,,13,cupy_copy__complex64_complex64
4552275025,2752,292367,103,1,1,128,1,1,16,0.000,0.000,,,,,NVIDIA A100-SXM4-40GB MIG 4g.20gb (0),1,,13,cupy_copy__complex64_complex64
4552307345,2560,292374,35,1,1,128,1,1,16,0.000,0.000,,,,,NVIDIA A100-SXM4-40GB MIG 4g.20gb (0),1,,13,cupy_copy__complex64_complex64
4552326801,1696,292381,1,1,1,1,1,1,18,0.000,0.000,,,,,NVIDIA A100-SXM4-40GB MIG 4g.20gb (0),1,,13,cupy_copy__float32_float32
4552447311,87135,292392,1,1,1,32,32,1,30,0.000,0.000,,,,,NVIDIA A100-SXM4-40GB MIG 4g.20gb (0),1,,13,"void convert_kernel<__half2, float2>(tensor_layout_any, T1 *, tensor_layout_any, const T2 *)"
4552565134,19551,292395,,,,,,,,,,0.094,4792.363,Pinned,Device,NVIDIA A100-SXM4-40GB MIG 4g.20gb (0),1,,13,[CUDA memcpy Host-to-Device]
4552596621,3200,292396,,,,,,,,,,1.547,483320.000,Device,,NVIDIA A100-SXM4-40GB MIG 4g.20gb (0),1,,13,[CUDA memset]
4552602317,6112,292401,,,,,,,,,,0.031,5120.401,Pinned,Device,NVIDIA A100-SXM4-40GB MIG 4g.20gb (0),1,,13,[CUDA memcpy Host-to-Device]
4552617965,20384,292402,,,,,,,,,,0.197,9645.195,Pinned,Device,NVIDIA A100-SXM4-40GB MIG 4g.20gb (0),1,,13,[CUDA memcpy Host-to-Device]
4552659885,6047,292403,273,1,1,8,4,1,39,0.002,0.000,,,,,NVIDIA A100-SXM4-40GB MIG 4g.20gb (0),1,,13,"void channel_eq::eqMmseCoefCompLowMimoKernel<float, float, float, (unsigned int)4, (unsigned int)1, (unsigned int)4>(const channel_eq::_puschRxChEqStatDescr *, channel_eq::_puschRxChEqCoefCompDynDescr)"
4552670668,5664,292404,273,1,1,12,11,1,51,0.002,0.000,,,,,NVIDIA A100-SXM4-40GB MIG 4g.20gb (0),1,,13,"void channel_eq::eqMmseSoftDemapKernel<float, __half, __half, float, (unsigned int)4, (unsigned short)16383>(channel_eq::_puschRxChEqStatDescr *, channel_eq::_puschRxChEqSoftDemapDynDescr)"
4552682284,289789,292405,1,1,1,32,32,1,30,0.000,0.000,,,,,NVIDIA A100-SXM4-40GB MIG 4g.20gb (0),1,,13,"void convert_kernel<float2, __half2>(tensor_layout_any, T1 *, tensor_layout_any, const T2 *)"
4552974889,10880,292417,2253,1,1,128,1,1,16,0.000,0.000,,,,,NVIDIA A100-SXM4-40GB MIG 4g.20gb (0),1,,13,cupy_copy__float16_float16
4552986857,2943,292426,282,1,1,128,1,1,16,0.000,0.000,,,,,NVIDIA A100-SXM4-40GB MIG 4g.20gb (0),1,,13,cupy_copy__complex64_complex64
4552991528,2144,292435,26,1,1,128,1,1,16,0.000,0.000,,,,,NVIDIA A100-SXM4-40GB MIG 4g.20gb (0),1,,13,cupy_copy__float32_float32
4552995080,2912,292444,103,1,1,128,1,1,16,0.000,0.000,,,,,NVIDIA A100-SXM4-40GB MIG 4g.20gb (0),1,,13,cupy_copy__complex64_complex64
4553001544,12256,292454,1434,1,1,128,1,1,16,0.000,0.000,,,,,NVIDIA A100-SXM4-40GB MIG 4g.20gb (0),1,,13,cupy_copy__complex64_complex64
4553018920,82975,292459,1,1,1,32,32,1,30,0.000,0.000,,,,,NVIDIA A100-SXM4-40GB MIG 4g.20gb (0),1,,13,"void convert_kernel<__half2, float2>(tensor_layout_any, T1 *, tensor_layout_any, const T2 *)"
4553128711,5344,292462,,,,,,,,,,0.094,17532.864,Pinned,Device,NVIDIA A100-SXM4-40GB MIG 4g.20gb (0),1,,13,[CUDA memcpy Host-to-Device]
4553138663,598328,292463,,,,,,,,,,456.561,762914.166,Device,,NVIDIA A100-SXM4-40GB MIG 4g.20gb (0),1,,13,[CUDA memset]
4553741311,157214,292468,,,,,,,,,,1.235,7854.244,Pinned,Device,NVIDIA A100-SXM4-40GB MIG 4g.20gb (0),1,,13,[CUDA memcpy Host-to-Device]
4553911453,30752,292469,,,,,,,,,,0.197,6393.299,Pinned,Device,NVIDIA A100-SXM4-40GB MIG 4g.20gb (0),1,,13,[CUDA memcpy Host-to-Device]
4553965948,7840,292470,69,4,1,48,1,1,76,0.002,0.000,,,,,NVIDIA A100-SXM4-40GB MIG 4g.20gb (0),1,,13,"void ch_est::windowedChEstPreNoDftSOfdmKernel<float, __half, float, (unsigned int)2, (unsigned int)1, (unsigned short)4>(ch_est::puschRxChEstStatDescr_t *, ch_est::puschRxChEstDynDescr_t *)"
4553983580,6720,292471,137,2,1,24,2,1,44,0.001,0.001,,,,,NVIDIA A100-SXM4-40GB MIG 4g.20gb (0),1,,13,"void ch_est::chEstFilterNoDftSOfdmDispatchKernel<float, __half, float, (unsigned int)2>(ch_est::puschRxChEstStatDescr_t *, ch_est::puschRxChEstDynDescr_t *)"
4553994204,5344,292472,137,2,1,24,2,1,44,0.001,0.001,,,,,NVIDIA A100-SXM4-40GB MIG 4g.20gb (0),1,,13,"void ch_est::chEstFilterNoDftSOfdmDispatchKernel<float, __half, float, (unsigned int)2>(ch_est::puschRxChEstStatDescr_t *, ch_est::puschRxChEstDynDescr_t *)"
4554002364,3072,292483,103,1,1,128,1,1,16,0.000,0.000,,,,,NVIDIA A100-SXM4-40GB MIG 4g.20gb (0),1,,13,cupy_copy__complex64_complex64
4554012668,12512,292493,1434,1,1,128,1,1,16,0.000,0.000,,,,,NVIDIA A100-SXM4-40GB MIG 4g.20gb (0),1,,13,cupy_copy__complex64_complex64
4554042364,8415,292500,103,1,1,128,1,1,16,0.000,0.000,,,,,NVIDIA A100-SXM4-40GB MIG 4g.20gb (0),1,,13,cupy_copy__complex64_complex64
4554059451,82367,292507,1,1,1,32,32,1,30,0.000,0.000,,,,,NVIDIA A100-SXM4-40GB MIG 4g.20gb (0),1,,13,"void convert_kernel<__half2, float2>(tensor_layout_any, T1 *, tensor_layout_any, const T2 *)"
4554171418,14304,292510,,,,,,,,,,0.094,6550.287,Pinned,Device,NVIDIA A100-SXM4-40GB MIG 4g.20gb (0),1,,13,[CUDA memcpy Host-to-Device]
4554195322,46975,292511,,,,,,,,,,35.810,762285.767,Device,,NVIDIA A100-SXM4-40GB MIG 4g.20gb (0),1,,13,[CUDA memset]
4554250233,6528,292513,,,,,,,,,,0.000,12.255,Pinned,Device,NVIDIA A100-SXM4-40GB MIG 4g.20gb (0),1,,13,[CUDA memcpy Host-to-Device]
4554264921,16352,292514,,,,,,,,,,0.197,12023.366,Pinned,Device,NVIDIA A100-SXM4-40GB MIG 4g.20gb (0),1,,13,[CUDA memcpy Host-to-Device]
4554293880,9792,292515,273,1,1,48,1,1,40,0.000,0.001,,,,,NVIDIA A100-SXM4-40GB MIG 4g.20gb (0),1,,13,"void pusch_noise_intf_est::noiseIntfEstNoDftSOfdmKernel<float, __half, float, float, (unsigned int)2, (unsigned int)1, (unsigned char)4, (unsigned char)4>(pusch_noise_intf_est::puschRxNoiseIntfEstDynDescr)"
4554315480,2912,292526,35,1,1,128,1,1,16,0.000,0.000,,,,,NVIDIA A100-SXM4-40GB MIG 4g.20gb (0),1,,13,cupy_copy__complex64_complex64
4554325848,1728,292535,1,1,1,1,1,1,18,0.000,0.000,,,,,NVIDIA A100-SXM4-40GB MIG 4g.20gb (0),1,,13,cupy_copy__float32_float32
4554332856,6752,292541,,,,,,,,,,0.000,0.592,Device,Pageable,NVIDIA A100-SXM4-40GB MIG 4g.20gb (0),1,,7,[CUDA memcpy Device-to-Host]
4554413943,12832,292552,1434,1,1,128,1,1,16,0.000,0.000,,,,,NVIDIA A100-SXM4-40GB MIG 4g.20gb (0),1,,13,cupy_copy__complex64_complex64
4554444503,2976,292559,103,1,1,128,1,1,16,0.000,0.000,,,,,NVIDIA A100-SXM4-40GB MIG 4g.20gb (0),1,,13,cupy_copy__complex64_complex64
4554457142,2656,292566,35,1,1,128,1,1,16,0.000,0.000,,,,,NVIDIA A100-SXM4-40GB MIG 4g.20gb (0),1,,13,cupy_copy__complex64_complex64
4554483798,1888,292573,1,1,1,1,1,1,18,0.000,0.000,,,,,NVIDIA A100-SXM4-40GB MIG 4g.20gb (0),1,,13,cupy_copy__float32_float32
4554610357,82271,292584,1,1,1,32,32,1,30,0.000,0.000,,,,,NVIDIA A100-SXM4-40GB MIG 4g.20gb (0),1,,13,"void convert_kernel<__half2, float2>(tensor_layout_any, T1 *, tensor_layout_any, const T2 *)"
4554719859,5408,292587,,,,,,,,,,0.094,17325.421,Pinned,Device,NVIDIA A100-SXM4-40GB MIG 4g.20gb (0),1,,13,[CUDA memcpy Host-to-Device]
4554734195,3456,292588,,,,,,,,,,1.547,447517.201,Device,,NVIDIA A100-SXM4-40GB MIG 4g.20gb (0),1,,13,[CUDA memset]
4554741299,3296,292593,,,,,,,,,,0.031,9495.144,Pinned,Device,NVIDIA A100-SXM4-40GB MIG 4g.20gb (0),1,,13,[CUDA memcpy Host-to-Device]
4554746707,9344,292594,,,,,,,,,,0.197,21040.988,Pinned,Device,NVIDIA A100-SXM4-40GB MIG 4g.20gb (0),1,,13,[CUDA memcpy Host-to-Device]
4554760627,6432,292595,273,1,1,8,4,1,39,0.002,0.000,,,,,NVIDIA A100-SXM4-40GB MIG 4g.20gb (0),1,,13,"void channel_eq::eqMmseCoefCompLowMimoKernel<float, float, float, (unsigned int)4, (unsigned int)1, (unsigned int)4>(const channel_eq::_puschRxChEqStatDescr *, channel_eq::_puschRxChEqCoefCompDynDescr)"
4554768947,6079,292596,273,1,1,12,11,1,51,0.002,0.000,,,,,NVIDIA A100-SXM4-40GB MIG 4g.20gb (0),1,,13,"void channel_eq::eqMmseSoftDemapKernel<float, __half, __half, float, (unsigned int)4, (unsigned short)16383>(channel_eq::_puschRxChEqStatDescr *, channel_eq::_puschRxChEqSoftDemapDynDescr)"
4554776370,294749,292597,1,1,1,32,32,1,30,0.000,0.000,,,,,NVIDIA A100-SXM4-40GB MIG 4g.20gb (0),1,,13,"void convert_kernel<float2, __half2>(tensor_layout_any, T1 *, tensor_layout_any, const T2 *)"
4555072303,11008,292609,2253,1,1,128,1,1,16,0.000,0.000,,,,,NVIDIA A100-SXM4-40GB MIG 4g.20gb (0),1,,13,cupy_copy__float16_float16
4555085775,3200,292618,282,1,1,128,1,1,16,0.000,0.000,,,,,NVIDIA A100-SXM4-40GB MIG 4g.20gb (0),1,,13,cupy_copy__complex64_complex64
4555092047,2240,292627,26,1,1,128,1,1,16,0.000,0.000,,,,,NVIDIA A100-SXM4-40GB MIG 4g.20gb (0),1,,13,cupy_copy__float32_float32
4555096047,4543,292636,103,1,1,128,1,1,16,0.000,0.000,,,,,NVIDIA A100-SXM4-40GB MIG 4g.20gb (0),1,,13,cupy_copy__complex64_complex64
4555104430,12064,292646,1434,1,1,128,1,1,16,0.000,0.000,,,,,NVIDIA A100-SXM4-40GB MIG 4g.20gb (0),1,,13,cupy_copy__complex64_complex64
4555117774,82175,292651,1,1,1,32,32,1,30,0.000,0.000,,,,,NVIDIA A100-SXM4-40GB MIG 4g.20gb (0),1,,13,"void convert_kernel<__half2, float2>(tensor_layout_any, T1 *, tensor_layout_any, const T2 *)"
4555226957,5600,292654,,,,,,,,,,0.094,16731.388,Pinned,Device,NVIDIA A100-SXM4-40GB MIG 4g.20gb (0),1,,13,[CUDA memcpy Host-to-Device]
4555236013,597944,292655,,,,,,,,,,456.561,763370.728,Device,,NVIDIA A100-SXM4-40GB MIG 4g.20gb (0),1,,13,[CUDA memset]
4555840485,136863,292660,,,,,,,,,,1.235,9022.501,Pinned,Device,NVIDIA A100-SXM4-40GB MIG 4g.20gb (0),1,,13,[CUDA memcpy Host-to-Device]
4555985380,32095,292661,,,,,,,,,,0.197,6125.715,Pinned,Device,NVIDIA A100-SXM4-40GB MIG 4g.20gb (0),1,,13,[CUDA memcpy Host-to-Device]
4556034627,8128,292662,69,4,1,48,1,1,76,0.002,0.000,,,,,NVIDIA A100-SXM4-40GB MIG 4g.20gb (0),1,,13,"void ch_est::windowedChEstPreNoDftSOfdmKernel<float, __half, float, (unsigned int)2, (unsigned int)1, (unsigned short)4>(ch_est::puschRxChEstStatDescr_t *, ch_est::puschRxChEstDynDescr_t *)"
4556053475,6944,292663,137,2,1,24,2,1,44,0.001,0.001,,,,,NVIDIA A100-SXM4-40GB MIG 4g.20gb (0),1,,13,"void ch_est::chEstFilterNoDftSOfdmDispatchKernel<float, __half, float, (unsigned int)2>(ch_est::puschRxChEstStatDescr_t *, ch_est::puschRxChEstDynDescr_t *)"
4556069763,5215,292664,137,2,1,24,2,1,44,0.001,0.001,,,,,NVIDIA A100-SXM4-40GB MIG 4g.20gb (0),1,,13,"void ch_est::chEstFilterNoDftSOfdmDispatchKernel<float, __half, float, (unsigned int)2>(ch_est::puschRxChEstStatDescr_t *, ch_est::puschRxChEstDynDescr_t *)"
4556080866,2688,292675,103,1,1,128,1,1,16,0.000,0.000,,,,,NVIDIA A100-SXM4-40GB MIG 4g.20gb (0),1,,13,cupy_copy__complex64_complex64
4556092258,12448,292685,1434,1,1,128,1,1,16,0.000,0.000,,,,,NVIDIA A100-SXM4-40GB MIG 4g.20gb (0),1,,13,cupy_copy__complex64_complex64
4556122658,2496,292692,103,1,1,128,1,1,16,0.000,0.000,,,,,NVIDIA A100-SXM4-40GB MIG 4g.20gb (0),1,,13,cupy_copy__complex64_complex64
4556134370,85503,292699,1,1,1,32,32,1,30,0.000,0.000,,,,,NVIDIA A100-SXM4-40GB MIG 4g.20gb (0),1,,13,"void convert_kernel<__half2, float2>(tensor_layout_any, T1 *, tensor_layout_any, const T2 *)"
4556248544,12032,292702,,,,,,,,,,0.094,7787.168,Pinned,Device,NVIDIA A100-SXM4-40GB MIG 4g.20gb (0),1,,13,[CUDA memcpy Host-to-Device]
4556266080,47360,292703,,,,,,,,,,35.810,756090.651,Device,,NVIDIA A100-SXM4-40GB MIG 4g.20gb (0),1,,13,[CUDA memset]
4556314176,10367,292705,,,,,,,,,,0.000,7.717,Pinned,Device,NVIDIA A100-SXM4-40GB MIG 4g.20gb (0),1,,13,[CUDA memcpy Host-to-Device]
4556329503,21952,292706,,,,,,,,,,0.197,8956.084,Pinned,Device,NVIDIA A100-SXM4-40GB MIG 4g.20gb (0),1,,13,[CUDA memcpy Host-to-Device]
4556370047,10112,292707,273,1,1,48,1,1,40,0.000,0.001,,,,,NVIDIA A100-SXM4-40GB MIG 4g.20gb (0),1,,13,"void pusch_noise_intf_est::noiseIntfEstNoDftSOfdmKernel<float, __half, float, float, (unsigned int)2, (unsigned int)1, (unsigned char)4, (unsigned char)4>(pusch_noise_intf_est::puschRxNoiseIntfEstDynDescr)"
4556391967,2592,292718,35,1,1,128,1,1,16,0.000,0.000,,,,,NVIDIA A100-SXM4-40GB MIG 4g.20gb (0),1,,13,cupy_copy__complex64_complex64
4556405086,1664,292727,1,1,1,1,1,1,18,0.000,0.000,,,,,NVIDIA A100-SXM4-40GB MIG 4g.20gb (0),1,,13,cupy_copy__float32_float32
4556411550,7296,292733,,,,,,,,,,0.000,0.548,Device,Pageable,NVIDIA A100-SXM4-40GB MIG 4g.20gb (0),1,,7,[CUDA memcpy Device-to-Host]
4556489181,13152,292744,1434,1,1,128,1,1,16,0.000,0.000,,,,,NVIDIA A100-SXM4-40GB MIG 4g.20gb (0),1,,13,cupy_copy__complex64_complex64
4556514621,3616,292751,103,1,1,128,1,1,16,0.000,0.000,,,,,NVIDIA A100-SXM4-40GB MIG 4g.20gb (0),1,,13,cupy_copy__complex64_complex64
4556540797,2752,292758,35,1,1,128,1,1,16,0.000,0.000,,,,,NVIDIA A100-SXM4-40GB MIG 4g.20gb (0),1,,13,cupy_copy__complex64_complex64
4556561724,2016,292765,1,1,1,1,1,1,18,0.000,0.000,,,,,NVIDIA A100-SXM4-40GB MIG 4g.20gb (0),1,,13,cupy_copy__float32_float32
4556691579,86975,292776,1,1,1,32,32,1,30,0.000,0.000,,,,,NVIDIA A100-SXM4-40GB MIG 4g.20gb (0),1,,13,"void convert_kernel<__half2, float2>(tensor_layout_any, T1 *, tensor_layout_any, const T2 *)"
4556806105,9504,292779,,,,,,,,,,0.094,9858.506,Pinned,Device,NVIDIA A100-SXM4-40GB MIG 4g.20gb (0),1,,13,[CUDA memcpy Host-to-Device]
4556829177,3392,292780,,,,,,,,,,1.547,455961.768,Device,,NVIDIA A100-SXM4-40GB MIG 4g.20gb (0),1,,13,[CUDA memset]
4556837529,3424,292785,,,,,,,,,,0.031,9140.185,Pinned,Device,NVIDIA A100-SXM4-40GB MIG 4g.20gb (0),1,,13,[CUDA memcpy Host-to-Device]
4556845209,12352,292786,,,,,,,,,,0.197,15916.990,Pinned,Device,NVIDIA A100-SXM4-40GB MIG 4g.20gb (0),1,,13,[CUDA memcpy Host-to-Device]
4556863481,7040,292787,273,1,1,8,4,1,39,0.002,0.000,,,,,NVIDIA A100-SXM4-40GB MIG 4g.20gb (0),1,,13,"void channel_eq::eqMmseCoefCompLowMimoKernel<float, float, float, (unsigned int)4, (unsigned int)1, (unsigned int)4>(const channel_eq::_puschRxChEqStatDescr *, channel_eq::_puschRxChEqCoefCompDynDescr)"
4556873401,6176,292788,273,1,1,12,11,1,51,0.002,0.000,,,,,NVIDIA A100-SXM4-40GB MIG 4g.20gb (0),1,,13,"void channel_eq::eqMmseSoftDemapKernel<float, __half, __half, float, (unsigned int)4, (unsigned short)16383>(channel_eq::_puschRxChEqStatDescr *, channel_eq::_puschRxChEqSoftDemapDynDescr)"
4556881817,282620,292789,1,1,1,32,32,1,30,0.000,0.000,,,,,NVIDIA A100-SXM4-40GB MIG 4g.20gb (0),1,,13,"void convert_kernel<float2, __half2>(tensor_layout_any, T1 *, tensor_layout_any, const T2 *)"
4557165813,10944,292801,2253,1,1,128,1,1,16,0.000,0.000,,,,,NVIDIA A100-SXM4-40GB MIG 4g.20gb (0),1,,13,cupy_copy__float16_float16
4557178869,3168,292810,282,1,1,128,1,1,16,0.000,0.000,,,,,NVIDIA A100-SXM4-40GB MIG 4g.20gb (0),1,,13,cupy_copy__complex64_complex64
4557185813,2048,292819,26,1,1,128,1,1,16,0.000,0.000,,,,,NVIDIA A100-SXM4-40GB MIG 4g.20gb (0),1,,13,cupy_copy__float32_float32
4557190741,5888,292828,103,1,1,128,1,1,16,0.000,0.000,,,,,NVIDIA A100-SXM4-40GB MIG 4g.20gb (0),1,,13,cupy_copy__complex64_complex64
4557197845,12479,292838,1434,1,1,128,1,1,16,0.000,0.000,,,,,NVIDIA A100-SXM4-40GB MIG 4g.20gb (0),1,,13,cupy_copy__complex64_complex64
4557211668,87519,292843,1,1,1,32,32,1,30,0.000,0.000,,,,,NVIDIA A100-SXM4-40GB MIG 4g.20gb (0),1,,13,"void convert_kernel<__half2, float2>(tensor_layout_any, T1 *, tensor_layout_any, const T2 *)"
4557326451,5568,292846,,,,,,,,,,0.094,16827.521,Pinned,Device,NVIDIA A100-SXM4-40GB MIG 4g.20gb (0),1,,13,[CUDA memcpy Host-to-Device]
4557339635,596985,292847,,,,,,,,,,456.561,764740.412,Device,,NVIDIA A100-SXM4-40GB MIG 4g.20gb (0),1,,13,[CUDA memset]
4557944075,144543,292852,,,,,,,,,,1.235,8543.343,Pinned,Device,NVIDIA A100-SXM4-40GB MIG 4g.20gb (0),1,,13,[CUDA memcpy Host-to-Device]
4558100746,39263,292853,,,,,,,,,,0.197,5007.409,Pinned,Device,NVIDIA A100-SXM4-40GB MIG 4g.20gb (0),1,,13,[CUDA memcpy Host-to-Device]
4558173929,8352,292854,69,4,1,48,1,1,76,0.002,0.000,,,,,NVIDIA A100-SXM4-40GB MIG 4g.20gb (0),1,,13,"void ch_est::windowedChEstPreNoDftSOfdmKernel<float, __half, float, (unsigned int)2, (unsigned int)1, (unsigned short)4>(ch_est::puschRxChEstStatDescr_t *, ch_est::puschRxChEstDynDescr_t *)"
4558192904,6720,292855,137,2,1,24,2,1,44,0.001,0.001,,,,,NVIDIA A100-SXM4-40GB MIG 4g.20gb (0),1,,13,"void ch_est::chEstFilterNoDftSOfdmDispatchKernel<float, __half, float, (unsigned int)2>(ch_est::puschRxChEstStatDescr_t *, ch_est::puschRxChEstDynDescr_t *)"
4558210920,4768,292856,137,2,1,24,2,1,44,0.001,0.001,,,,,NVIDIA A100-SXM4-40GB MIG 4g.20gb (0),1,,13,"void ch_est::chEstFilterNoDftSOfdmDispatchKernel<float, __half, float, (unsigned int)2>(ch_est::puschRxChEstStatDescr_t *, ch_est::puschRxChEstDynDescr_t *)"
4558231848,2592,292867,103,1,1,128,1,1,16,0.000,0.000,,,,,NVIDIA A100-SXM4-40GB MIG 4g.20gb (0),1,,13,cupy_copy__complex64_complex64
4558248168,12352,292877,1434,1,1,128,1,1,16,0.000,0.000,,,,,NVIDIA A100-SXM4-40GB MIG 4g.20gb (0),1,,13,cupy_copy__complex64_complex64
4558271303,2624,292884,103,1,1,128,1,1,16,0.000,0.000,,,,,NVIDIA A100-SXM4-40GB MIG 4g.20gb (0),1,,13,cupy_copy__complex64_complex64
4558294855,91295,292891,1,1,1,32,32,1,30,0.000,0.000,,,,,NVIDIA A100-SXM4-40GB MIG 4g.20gb (0),1,,13,"void convert_kernel<__half2, float2>(tensor_layout_any, T1 *, tensor_layout_any, const T2 *)"
4558416742,14303,292894,,,,,,,,,,0.094,6550.756,Pinned,Device,NVIDIA A100-SXM4-40GB MIG 4g.20gb (0),1,,13,[CUDA memcpy Host-to-Device]
4558445029,46848,292895,,,,,,,,,,35.810,764362.742,Device,,NVIDIA A100-SXM4-40GB MIG 4g.20gb (0),1,,13,[CUDA memset]
4558492901,5472,292897,,,,,,,,,,0.000,14.620,Pinned,Device,NVIDIA A100-SXM4-40GB MIG 4g.20gb (0),1,,13,[CUDA memcpy Host-to-Device]
4558504613,17663,292898,,,,,,,,,,0.197,11130.962,Pinned,Device,NVIDIA A100-SXM4-40GB MIG 4g.20gb (0),1,,13,[CUDA memcpy Host-to-Device]
4558531428,12160,292899,273,1,1,48,1,1,40,0.000,0.001,,,,,NVIDIA A100-SXM4-40GB MIG 4g.20gb (0),1,,13,"void pusch_noise_intf_est::noiseIntfEstNoDftSOfdmKernel<float, __half, float, float, (unsigned int)2, (unsigned int)1, (unsigned char)4, (unsigned char)4>(pusch_noise_intf_est::puschRxNoiseIntfEstDynDescr)"
4558548036,3456,292910,35,1,1,128,1,1,16,0.000,0.000,,,,,NVIDIA A100-SXM4-40GB MIG 4g.20gb (0),1,,13,cupy_copy__complex64_complex64
4558554884,2016,292919,1,1,1,1,1,1,18,0.000,0.000,,,,,NVIDIA A100-SXM4-40GB MIG 4g.20gb (0),1,,13,cupy_copy__float32_float32
4558565956,5632,292925,,,,,,,,,,0.000,0.710,Device,Pageable,NVIDIA A100-SXM4-40GB MIG 4g.20gb (0),1,,7,[CUDA memcpy Device-to-Host]
4558637667,12864,292936,1434,1,1,128,1,1,16,0.000,0.000,,,,,NVIDIA A100-SXM4-40GB MIG 4g.20gb (0),1,,13,cupy_copy__complex64_complex64
4558672226,3328,292943,103,1,1,128,1,1,16,0.000,0.000,,,,,NVIDIA A100-SXM4-40GB MIG 4g.20gb (0),1,,13,cupy_copy__complex64_complex64
4558688706,2272,292950,35,1,1,128,1,1,16,0.000,0.000,,,,,NVIDIA A100-SXM4-40GB MIG 4g.20gb (0),1,,13,cupy_copy__complex64_complex64
4558706946,1888,292957,1,1,1,1,1,1,18,0.000,0.000,,,,,NVIDIA A100-SXM4-40GB MIG 4g.20gb (0),1,,13,cupy_copy__float32_float32
4558835840,81951,292968,1,1,1,32,32,1,30,0.000,0.000,,,,,NVIDIA A100-SXM4-40GB MIG 4g.20gb (0),1,,13,"void convert_kernel<__half2, float2>(tensor_layout_any, T1 *, tensor_layout_any, const T2 *)"
4558947391,5632,292971,,,,,,,,,,0.094,16636.287,Pinned,Device,NVIDIA A100-SXM4-40GB MIG 4g.20gb (0),1,,13,[CUDA memcpy Host-to-Device]
4558962207,3552,292972,,,,,,,,,,1.547,435422.601,Device,,NVIDIA A100-SXM4-40GB MIG 4g.20gb (0),1,,13,[CUDA memset]
4558969535,3392,292977,,,,,,,,,,0.031,9226.405,Pinned,Device,NVIDIA A100-SXM4-40GB MIG 4g.20gb (0),1,,13,[CUDA memcpy Host-to-Device]
4558975647,9696,292978,,,,,,,,,,0.197,20277.166,Pinned,Device,NVIDIA A100-SXM4-40GB MIG 4g.20gb (0),1,,13,[CUDA memcpy Host-to-Device]
4558991999,6303,292979,273,1,1,8,4,1,39,0.002,0.000,,,,,NVIDIA A100-SXM4-40GB MIG 4g.20gb (0),1,,13,"void channel_eq::eqMmseCoefCompLowMimoKernel<float, float, float, (unsigned int)4, (unsigned int)1, (unsigned int)4>(const channel_eq::_puschRxChEqStatDescr *, channel_eq::_puschRxChEqCoefCompDynDescr)"
4558999806,7296,292980,273,1,1,12,11,1,51,0.002,0.000,,,,,NVIDIA A100-SXM4-40GB MIG 4g.20gb (0),1,,13,"void channel_eq::eqMmseSoftDemapKernel<float, __half, __half, float, (unsigned int)4, (unsigned short)16383>(channel_eq::_puschRxChEqStatDescr *, channel_eq::_puschRxChEqSoftDemapDynDescr)"
4559008062,282109,292981,1,1,1,32,32,1,30,0.000,0.000,,,,,NVIDIA A100-SXM4-40GB MIG 4g.20gb (0),1,,13,"void convert_kernel<float2, __half2>(tensor_layout_any, T1 *, tensor_layout_any, const T2 *)"
4559292667,10944,292993,2253,1,1,128,1,1,16,0.000,0.000,,,,,NVIDIA A100-SXM4-40GB MIG 4g.20gb (0),1,,13,cupy_copy__float16_float16
4559305819,3072,293002,282,1,1,128,1,1,16,0.000,0.000,,,,,NVIDIA A100-SXM4-40GB MIG 4g.20gb (0),1,,13,cupy_copy__complex64_complex64
4559310523,2016,293011,26,1,1,128,1,1,16,0.000,0.000,,,,,NVIDIA A100-SXM4-40GB MIG 4g.20gb (0),1,,13,cupy_copy__float32_float32
4559315419,2880,293020,103,1,1,128,1,1,16,0.000,0.000,,,,,NVIDIA A100-SXM4-40GB MIG 4g.20gb (0),1,,13,cupy_copy__complex64_complex64
4559319354,12032,293030,1434,1,1,128,1,1,16,0.000,0.000,,,,,NVIDIA A100-SXM4-40GB MIG 4g.20gb (0),1,,13,cupy_copy__complex64_complex64
4559337466,87007,293035,1,1,1,32,32,1,30,0.000,0.000,,,,,NVIDIA A100-SXM4-40GB MIG 4g.20gb (0),1,,13,"void convert_kernel<__half2, float2>(tensor_layout_any, T1 *, tensor_layout_any, const T2 *)"
4559451449,6016,293038,,,,,,,,,,0.094,15574.430,Pinned,Device,NVIDIA A100-SXM4-40GB MIG 4g.20gb (0),1,,13,[CUDA memcpy Host-to-Device]
4559462009,597304,293039,,,,,,,,,,456.561,764283.851,Device,,NVIDIA A100-SXM4-40GB MIG 4g.20gb (0),1,,13,[CUDA memset]
4560064305,110079,293044,,,,,,,,,,1.235,11218.231,Pinned,Device,NVIDIA A100-SXM4-40GB MIG 4g.20gb (0),1,,13,[CUDA memcpy Host-to-Device]
4560185552,28767,293045,,,,,,,,,,0.197,6834.487,Pinned,Device,NVIDIA A100-SXM4-40GB MIG 4g.20gb (0),1,,13,[CUDA memcpy Host-to-Device]
4560236463,8128,293046,69,4,1,48,1,1,76,0.002,0.000,,,,,NVIDIA A100-SXM4-40GB MIG 4g.20gb (0),1,,13,"void ch_est::windowedChEstPreNoDftSOfdmKernel<float, __half, float, (unsigned int)2, (unsigned int)1, (unsigned short)4>(ch_est::puschRxChEstStatDescr_t *, ch_est::puschRxChEstDynDescr_t *)"
4560249327,6048,293047,137,2,1,24,2,1,44,0.001,0.001,,,,,NVIDIA A100-SXM4-40GB MIG 4g.20gb (0),1,,13,"void ch_est::chEstFilterNoDftSOfdmDispatchKernel<float, __half, float, (unsigned int)2>(ch_est::puschRxChEstStatDescr_t *, ch_est::puschRxChEstDynDescr_t *)"
4560264943,5056,293048,137,2,1,24,2,1,44,0.001,0.001,,,,,NVIDIA A100-SXM4-40GB MIG 4g.20gb (0),1,,13,"void ch_est::chEstFilterNoDftSOfdmDispatchKernel<float, __half, float, (unsigned int)2>(ch_est::puschRxChEstStatDescr_t *, ch_est::puschRxChEstDynDescr_t *)"
4560277839,2528,293059,103,1,1,128,1,1,16,0.000,0.000,,,,,NVIDIA A100-SXM4-40GB MIG 4g.20gb (0),1,,13,cupy_copy__complex64_complex64
4560293326,12544,293069,1434,1,1,128,1,1,16,0.000,0.000,,,,,NVIDIA A100-SXM4-40GB MIG 4g.20gb (0),1,,13,cupy_copy__complex64_complex64
4560309710,2944,293076,103,1,1,128,1,1,16,0.000,0.000,,,,,NVIDIA A100-SXM4-40GB MIG 4g.20gb (0),1,,13,cupy_copy__complex64_complex64
4560325294,90143,293083,1,1,1,32,32,1,30,0.000,0.000,,,,,NVIDIA A100-SXM4-40GB MIG 4g.20gb (0),1,,13,"void convert_kernel<__half2, float2>(tensor_layout_any, T1 *, tensor_layout_any, const T2 *)"
4560449517,20063,293086,,,,,,,,,,0.094,4669.996,Pinned,Device,NVIDIA A100-SXM4-40GB MIG 4g.20gb (0),1,,13,[CUDA memcpy Host-to-Device]
4560485804,47072,293087,,,,,,,,,,35.810,760745.940,Device,,NVIDIA A100-SXM4-40GB MIG 4g.20gb (0),1,,13,[CUDA memset]
4560540587,4800,293089,,,,,,,,,,0.000,16.667,Pinned,Device,NVIDIA A100-SXM4-40GB MIG 4g.20gb (0),1,,13,[CUDA memcpy Host-to-Device]
4560557355,35904,293090,,,,,,,,,,0.197,5475.926,Pinned,Device,NVIDIA A100-SXM4-40GB MIG 4g.20gb (0),1,,13,[CUDA memcpy Host-to-Device]
4560619882,9632,293091,273,1,1,48,1,1,40,0.000,0.001,,,,,NVIDIA A100-SXM4-40GB MIG 4g.20gb (0),1,,13,"void pusch_noise_intf_est::noiseIntfEstNoDftSOfdmKernel<float, __half, float, float, (unsigned int)2, (unsigned int)1, (unsigned char)4, (unsigned char)4>(pusch_noise_intf_est::puschRxNoiseIntfEstDynDescr)"
4560636874,2560,293102,35,1,1,128,1,1,16,0.000,0.000,,,,,NVIDIA A100-SXM4-40GB MIG 4g.20gb (0),1,,13,cupy_copy__complex64_complex64
4560653290,1728,293111,1,1,1,1,1,1,18,0.000,0.000,,,,,NVIDIA A100-SXM4-40GB MIG 4g.20gb (0),1,,13,cupy_copy__float32_float32
4560659370,5824,293117,,,,,,,,,,0.000,0.687,Device,Pageable,NVIDIA A100-SXM4-40GB MIG 4g.20gb (0),1,,7,[CUDA memcpy Device-to-Host]
4560761833,12672,293128,1434,1,1,128,1,1,16,0.000,0.000,,,,,NVIDIA A100-SXM4-40GB MIG 4g.20gb (0),1,,13,cupy_copy__complex64_complex64
4560786376,2752,293135,103,1,1,128,1,1,16,0.000,0.000,,,,,NVIDIA A100-SXM4-40GB MIG 4g.20gb (0),1,,13,cupy_copy__complex64_complex64
4560805864,2464,293142,35,1,1,128,1,1,16,0.000,0.000,,,,,NVIDIA A100-SXM4-40GB MIG 4g.20gb (0),1,,13,cupy_copy__complex64_complex64
4560820552,1792,293149,1,1,1,1,1,1,18,0.000,0.000,,,,,NVIDIA A100-SXM4-40GB MIG 4g.20gb (0),1,,13,cupy_copy__float32_float32
4560946022,83423,293160,1,1,1,32,32,1,30,0.000,0.000,,,,,NVIDIA A100-SXM4-40GB MIG 4g.20gb (0),1,,13,"void convert_kernel<__half2, float2>(tensor_layout_any, T1 *, tensor_layout_any, const T2 *)"
4561057733,5792,293163,,,,,,,,,,0.094,16176.708,Pinned,Device,NVIDIA A100-SXM4-40GB MIG 4g.20gb (0),1,,13,[CUDA memcpy Host-to-Device]
4561071781,3360,293164,,,,,,,,,,1.547,460304.688,Device,,NVIDIA A100-SXM4-40GB MIG 4g.20gb (0),1,,13,[CUDA memset]
4561078629,3808,293169,,,,,,,,,,0.031,8218.486,Pinned,Device,NVIDIA A100-SXM4-40GB MIG 4g.20gb (0),1,,13,[CUDA memcpy Host-to-Device]
4561085061,9472,293170,,,,,,,,,,0.197,20756.693,Pinned,Device,NVIDIA A100-SXM4-40GB MIG 4g.20gb (0),1,,13,[CUDA memcpy Host-to-Device]
4561100901,6591,293171,273,1,1,8,4,1,39,0.002,0.000,,,,,NVIDIA A100-SXM4-40GB MIG 4g.20gb (0),1,,13,"void channel_eq::eqMmseCoefCompLowMimoKernel<float, float, float, (unsigned int)4, (unsigned int)1, (unsigned int)4>(const channel_eq::_puschRxChEqStatDescr *, channel_eq::_puschRxChEqCoefCompDynDescr)"
4561108612,6304,293172,273,1,1,12,11,1,51,0.002,0.000,,,,,NVIDIA A100-SXM4-40GB MIG 4g.20gb (0),1,,13,"void channel_eq::eqMmseSoftDemapKernel<float, __half, __half, float, (unsigned int)4, (unsigned short)16383>(channel_eq::_puschRxChEqStatDescr *, channel_eq::_puschRxChEqSoftDemapDynDescr)"
4561115844,282109,293173,1,1,1,32,32,1,30,0.000,0.000,,,,,NVIDIA A100-SXM4-40GB MIG 4g.20gb (0),1,,13,"void convert_kernel<float2, __half2>(tensor_layout_any, T1 *, tensor_layout_any, const T2 *)"
4561399041,10976,293185,2253,1,1,128,1,1,16,0.000,0.000,,,,,NVIDIA A100-SXM4-40GB MIG 4g.20gb (0),1,,13,cupy_copy__float16_float16
4561412929,3648,293194,282,1,1,128,1,1,16,0.000,0.000,,,,,NVIDIA A100-SXM4-40GB MIG 4g.20gb (0),1,,13,cupy_copy__complex64_complex64
4561419169,2272,293203,26,1,1,128,1,1,16,0.000,0.000,,,,,NVIDIA A100-SXM4-40GB MIG 4g.20gb (0),1,,13,cupy_copy__float32_float32
4561424513,2944,293212,103,1,1,128,1,1,16,0.000,0.000,,,,,NVIDIA A100-SXM4-40GB MIG 4g.20gb (0),1,,13,cupy_copy__complex64_complex64
4561429025,12031,293222,1434,1,1,128,1,1,16,0.000,0.000,,,,,NVIDIA A100-SXM4-40GB MIG 4g.20gb (0),1,,13,cupy_copy__complex64_complex64
4561450016,81791,293227,1,1,1,32,32,1,30,0.000,0.000,,,,,NVIDIA A100-SXM4-40GB MIG 4g.20gb (0),1,,13,"void convert_kernel<__half2, float2>(tensor_layout_any, T1 *, tensor_layout_any, const T2 *)"
4561559103,5600,293230,,,,,,,,,,0.094,16731.388,Pinned,Device,NVIDIA A100-SXM4-40GB MIG 4g.20gb (0),1,,13,[CUDA memcpy Host-to-Device]
4561569215,597912,293231,,,,,,,,,,456.561,763370.728,Device,,NVIDIA A100-SXM4-40GB MIG 4g.20gb (0),1,,13,[CUDA memset]
4562169687,90111,293236,,,,,,,,,,1.235,13704.174,Pinned,Device,NVIDIA A100-SXM4-40GB MIG 4g.20gb (0),1,,13,[CUDA memcpy Host-to-Device]
4562266454,16256,293237,,,,,,,,,,0.197,12094.341,Pinned,Device,NVIDIA A100-SXM4-40GB MIG 4g.20gb (0),1,,13,[CUDA memcpy Host-to-Device]
4562288022,8128,293238,69,4,1,48,1,1,76,0.002,0.000,,,,,NVIDIA A100-SXM4-40GB MIG 4g.20gb (0),1,,13,"void ch_est::windowedChEstPreNoDftSOfdmKernel<float, __half, float, (unsigned int)2, (unsigned int)1, (unsigned short)4>(ch_est::puschRxChEstStatDescr_t *, ch_est::puschRxChEstDynDescr_t *)"
4562300566,6912,293239,137,2,1,24,2,1,44,0.001,0.001,,,,,NVIDIA A100-SXM4-40GB MIG 4g.20gb (0),1,,13,"void ch_est::chEstFilterNoDftSOfdmDispatchKernel<float, __half, float, (unsigned int)2>(ch_est::puschRxChEstStatDescr_t *, ch_est::puschRxChEstDynDescr_t *)"
4562308726,5536,293240,137,2,1,24,2,1,44,0.001,0.001,,,,,NVIDIA A100-SXM4-40GB MIG 4g.20gb (0),1,,13,"void ch_est::chEstFilterNoDftSOfdmDispatchKernel<float, __half, float, (unsigned int)2>(ch_est::puschRxChEstStatDescr_t *, ch_est::puschRxChEstDynDescr_t *)"
4562315414,2688,293251,103,1,1,128,1,1,16,0.000,0.000,,,,,NVIDIA A100-SXM4-40GB MIG 4g.20gb (0),1,,13,cupy_copy__complex64_complex64
4562321366,13023,293261,1434,1,1,128,1,1,16,0.000,0.000,,,,,NVIDIA A100-SXM4-40GB MIG 4g.20gb (0),1,,13,cupy_copy__complex64_complex64
4562339029,2560,293268,103,1,1,128,1,1,16,0.000,0.000,,,,,NVIDIA A100-SXM4-40GB MIG 4g.20gb (0),1,,13,cupy_copy__complex64_complex64
4562343893,89855,293275,1,1,1,32,32,1,30,0.000,0.000,,,,,NVIDIA A100-SXM4-40GB MIG 4g.20gb (0),1,,13,"void convert_kernel<__half2, float2>(tensor_layout_any, T1 *, tensor_layout_any, const T2 *)"
4562461812,5696,293278,,,,,,,,,,0.094,16449.363,Pinned,Device,NVIDIA A100-SXM4-40GB MIG 4g.20gb (0),1,,13,[CUDA memcpy Host-to-Device]
4562473748,47807,293279,,,,,,,,,,35.810,749036.097,Device,,NVIDIA A100-SXM4-40GB MIG 4g.20gb (0),1,,13,[CUDA memset]
4562527827,4416,293281,,,,,,,,,,0.000,18.116,Pinned,Device,NVIDIA A100-SXM4-40GB MIG 4g.20gb (0),1,,13,[CUDA memcpy Host-to-Device]
4562537043,11392,293282,,,,,,,,,,0.197,17258.250,Pinned,Device,NVIDIA A100-SXM4-40GB MIG 4g.20gb (0),1,,13,[CUDA memcpy Host-to-Device]
4562555763,10335,293283,273,1,1,48,1,1,40,0.000,0.001,,,,,NVIDIA A100-SXM4-40GB MIG 4g.20gb (0),1,,13,"void pusch_noise_intf_est::noiseIntfEstNoDftSOfdmKernel<float, __half, float, float, (unsigned int)2, (unsigned int)1, (unsigned char)4, (unsigned char)4>(pusch_noise_intf_est::puschRxNoiseIntfEstDynDescr)"
4562569266,3200,293294,35,1,1,128,1,1,16,0.000,0.000,,,,,NVIDIA A100-SXM4-40GB MIG 4g.20gb (0),1,,13,cupy_copy__complex64_complex64
4562583314,1952,293303,1,1,1,1,1,1,18,0.000,0.000,,,,,NVIDIA A100-SXM4-40GB MIG 4g.20gb (0),1,,13,cupy_copy__float32_float32
4562616370,1600,293309,,,,,,,,,,0.000,2.500,Device,Pageable,NVIDIA A100-SXM4-40GB MIG 4g.20gb (0),1,,7,[CUDA memcpy Device-to-Host]
4562679697,12832,293320,1434,1,1,128,1,1,16,0.000,0.000,,,,,NVIDIA A100-SXM4-40GB MIG 4g.20gb (0),1,,13,cupy_copy__complex64_complex64
4562703569,2976,293327,103,1,1,128,1,1,16,0.000,0.000,,,,,NVIDIA A100-SXM4-40GB MIG 4g.20gb (0),1,,13,cupy_copy__complex64_complex64
4562726513,2399,293334,35,1,1,128,1,1,16,0.000,0.000,,,,,NVIDIA A100-SXM4-40GB MIG 4g.20gb (0),1,,13,cupy_copy__complex64_complex64
4562741840,1824,293341,1,1,1,1,1,1,18,0.000,0.000,,,,,NVIDIA A100-SXM4-40GB MIG 4g.20gb (0),1,,13,cupy_copy__float32_float32
4562880975,82463,293352,1,1,1,32,32,1,30,0.000,0.000,,,,,NVIDIA A100-SXM4-40GB MIG 4g.20gb (0),1,,13,"void convert_kernel<__half2, float2>(tensor_layout_any, T1 *, tensor_layout_any, const T2 *)"
4562991405,5504,293355,,,,,,,,,,0.094,17023.251,Pinned,Device,NVIDIA A100-SXM4-40GB MIG 4g.20gb (0),1,,13,[CUDA memcpy Host-to-Device]
4563005101,3392,293356,,,,,,,,,,1.547,455961.768,Device,,NVIDIA A100-SXM4-40GB MIG 4g.20gb (0),1,,13,[CUDA memset]
4563012621,3104,293361,,,,,,,,,,0.031,10082.445,Pinned,Device,NVIDIA A100-SXM4-40GB MIG 4g.20gb (0),1,,13,[CUDA memcpy Host-to-Device]
4563018317,9568,293362,,,,,,,,,,0.197,20548.485,Pinned,Device,NVIDIA A100-SXM4-40GB MIG 4g.20gb (0),1,,13,[CUDA memcpy Host-to-Device]
4563033645,8160,293363,273,1,1,8,4,1,39,0.002,0.000,,,,,NVIDIA A100-SXM4-40GB MIG 4g.20gb (0),1,,13,"void channel_eq::eqMmseCoefCompLowMimoKernel<float, float, float, (unsigned int)4, (unsigned int)1, (unsigned int)4>(const channel_eq::_puschRxChEqStatDescr *, channel_eq::_puschRxChEqCoefCompDynDescr)"
4563044877,5728,293364,273,1,1,12,11,1,51,0.002,0.000,,,,,NVIDIA A100-SXM4-40GB MIG 4g.20gb (0),1,,13,"void channel_eq::eqMmseSoftDemapKernel<float, __half, __half, float, (unsigned int)4, (unsigned short)16383>(channel_eq::_puschRxChEqStatDescr *, channel_eq::_puschRxChEqSoftDemapDynDescr)"
4563052461,295260,293365,1,1,1,32,32,1,30,0.000,0.000,,,,,NVIDIA A100-SXM4-40GB MIG 4g.20gb (0),1,,13,"void convert_kernel<float2, __half2>(tensor_layout_any, T1 *, tensor_layout_any, const T2 *)"
4563351529,11008,293377,2253,1,1,128,1,1,16,0.000,0.000,,,,,NVIDIA A100-SXM4-40GB MIG 4g.20gb (0),1,,13,cupy_copy__float16_float16
4563366537,3424,293386,282,1,1,128,1,1,16,0.000,0.000,,,,,NVIDIA A100-SXM4-40GB MIG 4g.20gb (0),1,,13,cupy_copy__complex64_complex64
4563373097,2272,293395,26,1,1,128,1,1,16,0.000,0.000,,,,,NVIDIA A100-SXM4-40GB MIG 4g.20gb (0),1,,13,cupy_copy__float32_float32
4563377544,2816,293404,103,1,1,128,1,1,16,0.000,0.000,,,,,NVIDIA A100-SXM4-40GB MIG 4g.20gb (0),1,,13,cupy_copy__complex64_complex64
4563382024,12352,293414,1434,1,1,128,1,1,16,0.000,0.000,,,,,NVIDIA A100-SXM4-40GB MIG 4g.20gb (0),1,,13,cupy_copy__complex64_complex64
4563398600,84895,293419,1,1,1,32,32,1,30,0.000,0.000,,,,,NVIDIA A100-SXM4-40GB MIG 4g.20gb (0),1,,13,"void convert_kernel<__half2, float2>(tensor_layout_any, T1 *, tensor_layout_any, const T2 *)"
4563510823,6048,293422,,,,,,,,,,0.094,15491.978,Pinned,Device,NVIDIA A100-SXM4-40GB MIG 4g.20gb (0),1,,13,[CUDA memcpy Host-to-Device]
4563520423,600312,293423,,,,,,,,,,456.561,760174.798,Device,,NVIDIA A100-SXM4-40GB MIG 4g.20gb (0),1,,13,[CUDA memset]
4564124127,154110,293428,,,,,,,,,,1.235,8012.317,Pinned,Device,NVIDIA A100-SXM4-40GB MIG 4g.20gb (0),1,,13,[CUDA memcpy Host-to-Device]
4564293853,39040,293429,,,,,,,,,,0.197,5035.917,Pinned,Device,NVIDIA A100-SXM4-40GB MIG 4g.20gb (0),1,,13,[CUDA memcpy Host-to-Device]
4564357372,8608,293430,69,4,1,48,1,1,76,0.002,0.000,,,,,NVIDIA A100-SXM4-40GB MIG 4g.20gb (0),1,,13,"void ch_est::windowedChEstPreNoDftSOfdmKernel<float, __half, float, (unsigned int)2, (unsigned int)1, (unsigned short)4>(ch_est::puschRxChEstStatDescr_t *, ch_est::puschRxChEstDynDescr_t *)"
4564376220,6752,293431,137,2,1,24,2,1,44,0.001,0.001,,,,,NVIDIA A100-SXM4-40GB MIG 4g.20gb (0),1,,13,"void ch_est::chEstFilterNoDftSOfdmDispatchKernel<float, __half, float, (unsigned int)2>(ch_est::puschRxChEstStatDescr_t *, ch_est::puschRxChEstDynDescr_t *)"
4564392828,4768,293432,137,2,1,24,2,1,44,0.001,0.001,,,,,NVIDIA A100-SXM4-40GB MIG 4g.20gb (0),1,,13,"void ch_est::chEstFilterNoDftSOfdmDispatchKernel<float, __half, float, (unsigned int)2>(ch_est::puschRxChEstStatDescr_t *, ch_est::puschRxChEstDynDescr_t *)"
4564415516,2624,293443,103,1,1,128,1,1,16,0.000,0.000,,,,,NVIDIA A100-SXM4-40GB MIG 4g.20gb (0),1,,13,cupy_copy__complex64_complex64
4564431132,12223,293453,1434,1,1,128,1,1,16,0.000,0.000,,,,,NVIDIA A100-SXM4-40GB MIG 4g.20gb (0),1,,13,cupy_copy__complex64_complex64
4564459131,2464,293460,103,1,1,128,1,1,16,0.000,0.000,,,,,NVIDIA A100-SXM4-40GB MIG 4g.20gb (0),1,,13,cupy_copy__complex64_complex64
4564472955,85311,293467,1,1,1,32,32,1,30,0.000,0.000,,,,,NVIDIA A100-SXM4-40GB MIG 4g.20gb (0),1,,13,"void convert_kernel<__half2, float2>(tensor_layout_any, T1 *, tensor_layout_any, const T2 *)"
4564586618,6016,293470,,,,,,,,,,0.094,15574.430,Pinned,Device,NVIDIA A100-SXM4-40GB MIG 4g.20gb (0),1,,13,[CUDA memcpy Host-to-Device]
4564598297,47840,293471,,,,,,,,,,35.810,748534.758,Device,,NVIDIA A100-SXM4-40GB MIG 4g.20gb (0),1,,13,[CUDA memset]
4564650553,3520,293473,,,,,,,,,,0.000,22.727,Pinned,Device,NVIDIA A100-SXM4-40GB MIG 4g.20gb (0),1,,13,[CUDA memcpy Host-to-Device]
4564659481,14272,293474,,,,,,,,,,0.197,13775.733,Pinned,Device,NVIDIA A100-SXM4-40GB MIG 4g.20gb (0),1,,13,[CUDA memcpy Host-to-Device]
4564679992,10336,293475,273,1,1,48,1,1,40,0.000,0.001,,,,,NVIDIA A100-SXM4-40GB MIG 4g.20gb (0),1,,13,"void pusch_noise_intf_est::noiseIntfEstNoDftSOfdmKernel<float, __half, float, float, (unsigned int)2, (unsigned int)1, (unsigned char)4, (unsigned char)4>(pusch_noise_intf_est::puschRxNoiseIntfEstDynDescr)"
4564694968,2560,293486,35,1,1,128,1,1,16,0.000,0.000,,,,,NVIDIA A100-SXM4-40GB MIG 4g.20gb (0),1,,13,cupy_copy__complex64_complex64
4564712248,1824,293495,1,1,1,1,1,1,18,0.000,0.000,,,,,NVIDIA A100-SXM4-40GB MIG 4g.20gb (0),1,,13,cupy_copy__float32_float32
4564743416,1824,293501,,,,,,,,,,0.000,2.193,Device,Pageable,NVIDIA A100-SXM4-40GB MIG 4g.20gb (0),1,,7,[CUDA memcpy Device-to-Host]
4564802455,12832,293512,1434,1,1,128,1,1,16,0.000,0.000,,,,,NVIDIA A100-SXM4-40GB MIG 4g.20gb (0),1,,13,cupy_copy__complex64_complex64
4564828695,2752,293519,103,1,1,128,1,1,16,0.000,0.000,,,,,NVIDIA A100-SXM4-40GB MIG 4g.20gb (0),1,,13,cupy_copy__complex64_complex64
4564851734,2176,293526,35,1,1,128,1,1,16,0.000,0.000,,,,,NVIDIA A100-SXM4-40GB MIG 4g.20gb (0),1,,13,cupy_copy__complex64_complex64
4564867542,1792,293533,1,1,1,1,1,1,18,0.000,0.000,,,,,NVIDIA A100-SXM4-40GB MIG 4g.20gb (0),1,,13,cupy_copy__float32_float32
4565000213,81982,293544,1,1,1,32,32,1,30,0.000,0.000,,,,,NVIDIA A100-SXM4-40GB MIG 4g.20gb (0),1,,13,"void convert_kernel<__half2, float2>(tensor_layout_any, T1 *, tensor_layout_any, const T2 *)"
4565109459,5440,293547,,,,,,,,,,0.094,17223.480,Pinned,Device,NVIDIA A100-SXM4-40GB MIG 4g.20gb (0),1,,13,[CUDA memcpy Host-to-Device]
4565123731,3424,293548,,,,,,,,,,1.547,451700.819,Device,,NVIDIA A100-SXM4-40GB MIG 4g.20gb (0),1,,13,[CUDA memset]
4565130515,3424,293553,,,,,,,,,,0.031,9140.185,Pinned,Device,NVIDIA A100-SXM4-40GB MIG 4g.20gb (0),1,,13,[CUDA memcpy Host-to-Device]
4565136755,9696,293554,,,,,,,,,,0.197,20277.166,Pinned,Device,NVIDIA A100-SXM4-40GB MIG 4g.20gb (0),1,,13,[CUDA memcpy Host-to-Device]
4565151539,6336,293555,273,1,1,8,4,1,39,0.002,0.000,,,,,NVIDIA A100-SXM4-40GB MIG 4g.20gb (0),1,,13,"void channel_eq::eqMmseCoefCompLowMimoKernel<float, float, float, (unsigned int)4, (unsigned int)1, (unsigned int)4>(const channel_eq::_puschRxChEqStatDescr *, channel_eq::_puschRxChEqCoefCompDynDescr)"
4565158835,5759,293556,273,1,1,12,11,1,51,0.002,0.000,,,,,NVIDIA A100-SXM4-40GB MIG 4g.20gb (0),1,,13,"void channel_eq::eqMmseSoftDemapKernel<float, __half, __half, float, (unsigned int)4, (unsigned short)16383>(channel_eq::_puschRxChEqStatDescr *, channel_eq::_puschRxChEqSoftDemapDynDescr)"
4565165714,282493,293557,1,1,1,32,32,1,30,0.000,0.000,,,,,NVIDIA A100-SXM4-40GB MIG 4g.20gb (0),1,,13,"void convert_kernel<float2, __half2>(tensor_layout_any, T1 *, tensor_layout_any, const T2 *)"
4565449839,10944,293569,2253,1,1,128,1,1,16,0.000,0.000,,,,,NVIDIA A100-SXM4-40GB MIG 4g.20gb (0),1,,13,cupy_copy__float16_float16
4565462447,3392,293578,282,1,1,128,1,1,16,0.000,0.000,,,,,NVIDIA A100-SXM4-40GB MIG 4g.20gb (0),1,,13,cupy_copy__complex64_complex64
4565469039,1984,293587,26,1,1,128,1,1,16,0.000,0.000,,,,,NVIDIA A100-SXM4-40GB MIG 4g.20gb (0),1,,13,cupy_copy__float32_float32
4565473071,2976,293596,103,1,1,128,1,1,16,0.000,0.000,,,,,NVIDIA A100-SXM4-40GB MIG 4g.20gb (0),1,,13,cupy_copy__complex64_complex64
4565477039,11935,293606,1434,1,1,128,1,1,16,0.000,0.000,,,,,NVIDIA A100-SXM4-40GB MIG 4g.20gb (0),1,,13,cupy_copy__complex64_complex64
4565498510,82655,293611,1,1,1,32,32,1,30,0.000,0.000,,,,,NVIDIA A100-SXM4-40GB MIG 4g.20gb (0),1,,13,"void convert_kernel<__half2, float2>(tensor_layout_any, T1 *, tensor_layout_any, const T2 *)"
4565607981,5440,293614,,,,,,,,,,0.094,17223.480,Pinned,Device,NVIDIA A100-SXM4-40GB MIG 4g.20gb (0),1,,13,[CUDA memcpy Host-to-Device]
4565618829,596569,293615,,,,,,,,,,456.561,765196.973,Device,,NVIDIA A100-SXM4-40GB MIG 4g.20gb (0),1,,13,[CUDA memset]
4566225509,159038,293620,,,,,,,,,,1.235,7764.093,Pinned,Device,NVIDIA A100-SXM4-40GB MIG 4g.20gb (0),1,,13,[CUDA memcpy Host-to-Device]
4566396611,42912,293621,,,,,,,,,,0.197,4581.556,Pinned,Device,NVIDIA A100-SXM4-40GB MIG 4g.20gb (0),1,,13,[CUDA memcpy Host-to-Device]
4566457059,7839,293622,69,4,1,48,1,1,76,0.002,0.000,,,,,NVIDIA A100-SXM4-40GB MIG 4g.20gb (0),1,,13,"void ch_est::windowedChEstPreNoDftSOfdmKernel<float, __half, float, (unsigned int)2, (unsigned int)1, (unsigned short)4>(ch_est::puschRxChEstStatDescr_t *, ch_est::puschRxChEstDynDescr_t *)"
4566476258,6656,293623,137,2,1,24,2,1,44,0.001,0.001,,,,,NVIDIA A100-SXM4-40GB MIG 4g.20gb (0),1,,13,"void ch_est::chEstFilterNoDftSOfdmDispatchKernel<float, __half, float, (unsigned int)2>(ch_est::puschRxChEstStatDescr_t *, ch_est::puschRxChEstDynDescr_t *)"
4566492706,4768,293624,137,2,1,24,2,1,44,0.001,0.001,,,,,NVIDIA A100-SXM4-40GB MIG 4g.20gb (0),1,,13,"void ch_est::chEstFilterNoDftSOfdmDispatchKernel<float, __half, float, (unsigned int)2>(ch_est::puschRxChEstStatDescr_t *, ch_est::puschRxChEstDynDescr_t *)"
4566511778,2752,293635,103,1,1,128,1,1,16,0.000,0.000,,,,,NVIDIA A100-SXM4-40GB MIG 4g.20gb (0),1,,13,cupy_copy__complex64_complex64
4566527938,12256,293645,1434,1,1,128,1,1,16,0.000,0.000,,,,,NVIDIA A100-SXM4-40GB MIG 4g.20gb (0),1,,13,cupy_copy__complex64_complex64
4566547329,2528,293652,103,1,1,128,1,1,16,0.000,0.000,,,,,NVIDIA A100-SXM4-40GB MIG 4g.20gb (0),1,,13,cupy_copy__complex64_complex64
4566567873,93983,293659,1,1,1,32,32,1,30,0.000,0.000,,,,,NVIDIA A100-SXM4-40GB MIG 4g.20gb (0),1,,13,"void convert_kernel<__half2, float2>(tensor_layout_any, T1 *, tensor_layout_any, const T2 *)"
4566691328,16895,293662,,,,,,,,,,0.094,5545.773,Pinned,Device,NVIDIA A100-SXM4-40GB MIG 4g.20gb (0),1,,13,[CUDA memcpy Host-to-Device]
4566715551,47200,293663,,,,,,,,,,35.810,758668.965,Device,,NVIDIA A100-SXM4-40GB MIG 4g.20gb (0),1,,13,[CUDA memset]
4566763999,4672,293665,,,,,,,,,,0.000,17.123,Pinned,Device,NVIDIA A100-SXM4-40GB MIG 4g.20gb (0),1,,13,[CUDA memcpy Host-to-Device]
4566775071,19775,293666,,,,,,,,,,0.197,9942.073,Pinned,Device,NVIDIA A100-SXM4-40GB MIG 4g.20gb (0),1,,13,[CUDA memcpy Host-to-Device]
4566805118,13184,293667,273,1,1,48,1,1,40,0.000,0.001,,,,,NVIDIA A100-SXM4-40GB MIG 4g.20gb (0),1,,13,"void pusch_noise_intf_est::noiseIntfEstNoDftSOfdmKernel<float, __half, float, float, (unsigned int)2, (unsigned int)1, (unsigned char)4, (unsigned char)4>(pusch_noise_intf_est::puschRxNoiseIntfEstDynDescr)"
4566820478,2848,293678,35,1,1,128,1,1,16,0.000,0.000,,,,,NVIDIA A100-SXM4-40GB MIG 4g.20gb (0),1,,13,cupy_copy__complex64_complex64
4566827838,2048,293687,1,1,1,1,1,1,18,0.000,0.000,,,,,NVIDIA A100-SXM4-40GB MIG 4g.20gb (0),1,,13,cupy_copy__float32_float32
4566851454,3808,293693,,,,,,,,,,0.000,1.050,Device,Pageable,NVIDIA A100-SXM4-40GB MIG 4g.20gb (0),1,,7,[CUDA memcpy Device-to-Host]
4566917149,12736,293704,1434,1,1,128,1,1,16,0.000,0.000,,,,,NVIDIA A100-SXM4-40GB MIG 4g.20gb (0),1,,13,cupy_copy__complex64_complex64
4566945853,2943,293711,103,1,1,128,1,1,16,0.000,0.000,,,,,NVIDIA A100-SXM4-40GB MIG 4g.20gb (0),1,,13,cupy_copy__complex64_complex64
4566965532,2688,293718,35,1,1,128,1,1,16,0.000,0.000,,,,,NVIDIA A100-SXM4-40GB MIG 4g.20gb (0),1,,13,cupy_copy__complex64_complex64
4566984092,1792,293725,1,1,1,1,1,1,18,0.000,0.000,,,,,NVIDIA A100-SXM4-40GB MIG 4g.20gb (0),1,,13,cupy_copy__float32_float32
4567115002,81375,293736,1,1,1,32,32,1,30,0.000,0.000,,,,,NVIDIA A100-SXM4-40GB MIG 4g.20gb (0),1,,13,"void convert_kernel<__half2, float2>(tensor_layout_any, T1 *, tensor_layout_any, const T2 *)"
4567224729,5568,293739,,,,,,,,,,0.094,16827.521,Pinned,Device,NVIDIA A100-SXM4-40GB MIG 4g.20gb (0),1,,13,[CUDA memcpy Host-to-Device]
4567239001,3424,293740,,,,,,,,,,1.547,451700.819,Device,,NVIDIA A100-SXM4-40GB MIG 4g.20gb (0),1,,13,[CUDA memset]
4567244953,3040,293745,,,,,,,,,,0.031,10294.725,Pinned,Device,NVIDIA A100-SXM4-40GB MIG 4g.20gb (0),1,,13,[CUDA memcpy Host-to-Device]
4567250809,9504,293746,,,,,,,,,,0.197,20686.701,Pinned,Device,NVIDIA A100-SXM4-40GB MIG 4g.20gb (0),1,,13,[CUDA memcpy Host-to-Device]
4567266809,8223,293747,273,1,1,8,4,1,39,0.002,0.000,,,,,NVIDIA A100-SXM4-40GB MIG 4g.20gb (0),1,,13,"void channel_eq::eqMmseCoefCompLowMimoKernel<float, float, float, (unsigned int)4, (unsigned int)1, (unsigned int)4>(const channel_eq::_puschRxChEqStatDescr *, channel_eq::_puschRxChEqCoefCompDynDescr)"
4567276248,6304,293748,273,1,1,12,11,1,51,0.002,0.000,,,,,NVIDIA A100-SXM4-40GB MIG 4g.20gb (0),1,,13,"void channel_eq::eqMmseSoftDemapKernel<float, __half, __half, float, (unsigned int)4, (unsigned short)16383>(channel_eq::_puschRxChEqStatDescr *, channel_eq::_puschRxChEqSoftDemapDynDescr)"
4567283544,282877,293749,1,1,1,32,32,1,30,0.000,0.000,,,,,NVIDIA A100-SXM4-40GB MIG 4g.20gb (0),1,,13,"void convert_kernel<float2, __half2>(tensor_layout_any, T1 *, tensor_layout_any, const T2 *)"
4567569173,10976,293761,2253,1,1,128,1,1,16,0.000,0.000,,,,,NVIDIA A100-SXM4-40GB MIG 4g.20gb (0),1,,13,cupy_copy__float16_float16
4567583125,3040,293770,282,1,1,128,1,1,16,0.000,0.000,,,,,NVIDIA A100-SXM4-40GB MIG 4g.20gb (0),1,,13,cupy_copy__complex64_complex64
4567588309,2368,293779,26,1,1,128,1,1,16,0.000,0.000,,,,,NVIDIA A100-SXM4-40GB MIG 4g.20gb (0),1,,13,cupy_copy__float32_float32
4567591861,3040,293788,103,1,1,128,1,1,16,0.000,0.000,,,,,NVIDIA A100-SXM4-40GB MIG 4g.20gb (0),1,,13,cupy_copy__complex64_complex64
4567595861,12063,293798,1434,1,1,128,1,1,16,0.000,0.000,,,,,NVIDIA A100-SXM4-40GB MIG 4g.20gb (0),1,,13,cupy_copy__complex64_complex64
4567616692,86495,293803,1,1,1,32,32,1,30,0.000,0.000,,,,,NVIDIA A100-SXM4-40GB MIG 4g.20gb (0),1,,13,"void convert_kernel<__half2, float2>(tensor_layout_any, T1 *, tensor_layout_any, const T2 *)"
4567730387,5536,293806,,,,,,,,,,0.094,16924.777,Pinned,Device,NVIDIA A100-SXM4-40GB MIG 4g.20gb (0),1,,13,[CUDA memcpy Host-to-Device]
4567740979,596568,293807,,,,,,,,,,456.561,765196.973,Device,,NVIDIA A100-SXM4-40GB MIG 4g.20gb (0),1,,13,[CUDA memset]
4568348171,120543,293812,,,,,,,,,,1.235,10243.860,Pinned,Device,NVIDIA A100-SXM4-40GB MIG 4g.20gb (0),1,,13,[CUDA memcpy Host-to-Device]
4568481130,31295,293813,,,,,,,,,,0.197,6282.215,Pinned,Device,NVIDIA A100-SXM4-40GB MIG 4g.20gb (0),1,,13,[CUDA memcpy Host-to-Device]
4568540137,8224,293814,69,4,1,48,1,1,76,0.002,0.000,,,,,NVIDIA A100-SXM4-40GB MIG 4g.20gb (0),1,,13,"void ch_est::windowedChEstPreNoDftSOfdmKernel<float, __half, float, (unsigned int)2, (unsigned int)1, (unsigned short)4>(ch_est::puschRxChEstStatDescr_t *, ch_est::puschRxChEstDynDescr_t *)"
4568558153,6816,293815,137,2,1,24,2,1,44,0.001,0.001,,,,,NVIDIA A100-SXM4-40GB MIG 4g.20gb (0),1,,13,"void ch_est::chEstFilterNoDftSOfdmDispatchKernel<float, __half, float, (unsigned int)2>(ch_est::puschRxChEstStatDescr_t *, ch_est::puschRxChEstDynDescr_t *)"
4568575304,4704,293816,137,2,1,24,2,1,44,0.001,0.001,,,,,NVIDIA A100-SXM4-40GB MIG 4g.20gb (0),1,,13,"void ch_est::chEstFilterNoDftSOfdmDispatchKernel<float, __half, float, (unsigned int)2>(ch_est::puschRxChEstStatDescr_t *, ch_est::puschRxChEstDynDescr_t *)"
4568592008,2528,293827,103,1,1,128,1,1,16,0.000,0.000,,,,,NVIDIA A100-SXM4-40GB MIG 4g.20gb (0),1,,13,cupy_copy__complex64_complex64
4568612040,12512,293837,1434,1,1,128,1,1,16,0.000,0.000,,,,,NVIDIA A100-SXM4-40GB MIG 4g.20gb (0),1,,13,cupy_copy__complex64_complex64
4568630568,2912,293844,103,1,1,128,1,1,16,0.000,0.000,,,,,NVIDIA A100-SXM4-40GB MIG 4g.20gb (0),1,,13,cupy_copy__complex64_complex64
4568653831,85343,293851,1,1,1,32,32,1,30,0.000,0.000,,,,,NVIDIA A100-SXM4-40GB MIG 4g.20gb (0),1,,13,"void convert_kernel<__half2, float2>(tensor_layout_any, T1 *, tensor_layout_any, const T2 *)"
4568767462,28256,293854,,,,,,,,,,0.094,3315.901,Pinned,Device,NVIDIA A100-SXM4-40GB MIG 4g.20gb (0),1,,13,[CUDA memcpy Host-to-Device]
4568816581,47488,293855,,,,,,,,,,35.810,754049.485,Device,,NVIDIA A100-SXM4-40GB MIG 4g.20gb (0),1,,13,[CUDA memset]
4568874821,16704,293857,,,,,,,,,,0.000,4.789,Pinned,Device,NVIDIA A100-SXM4-40GB MIG 4g.20gb (0),1,,13,[CUDA memcpy Host-to-Device]
4568903236,29344,293858,,,,,,,,,,0.197,6700.007,Pinned,Device,NVIDIA A100-SXM4-40GB MIG 4g.20gb (0),1,,13,[CUDA memcpy Host-to-Device]
4568952388,9952,293859,273,1,1,48,1,1,40,0.000,0.001,,,,,NVIDIA A100-SXM4-40GB MIG 4g.20gb (0),1,,13,"void pusch_noise_intf_est::noiseIntfEstNoDftSOfdmKernel<float, __half, float, float, (unsigned int)2, (unsigned int)1, (unsigned char)4, (unsigned char)4>(pusch_noise_intf_est::puschRxNoiseIntfEstDynDescr)"
4568968388,2688,293870,35,1,1,128,1,1,16,0.000,0.000,,,,,NVIDIA A100-SXM4-40GB MIG 4g.20gb (0),1,,13,cupy_copy__complex64_complex64
4568984291,1696,293879,1,1,1,1,1,1,18,0.000,0.000,,,,,NVIDIA A100-SXM4-40GB MIG 4g.20gb (0),1,,13,cupy_copy__float32_float32
4568992579,6848,293885,,,,,,,,,,0.000,0.584,Device,Pageable,NVIDIA A100-SXM4-40GB MIG 4g.20gb (0),1,,7,[CUDA memcpy Device-to-Host]
4569089730,13280,293896,1434,1,1,128,1,1,16,0.000,0.000,,,,,NVIDIA A100-SXM4-40GB MIG 4g.20gb (0),1,,13,cupy_copy__complex64_complex64
4569113250,2624,293903,103,1,1,128,1,1,16,0.000,0.000,,,,,NVIDIA A100-SXM4-40GB MIG 4g.20gb (0),1,,13,cupy_copy__complex64_complex64
4569117090,2560,293910,35,1,1,128,1,1,16,0.000,0.000,,,,,NVIDIA A100-SXM4-40GB MIG 4g.20gb (0),1,,13,cupy_copy__complex64_complex64
4569141281,1792,293917,1,1,1,1,1,1,18,0.000,0.000,,,,,NVIDIA A100-SXM4-40GB MIG 4g.20gb (0),1,,13,cupy_copy__float32_float32
4569275968,82719,293928,1,1,1,32,32,1,30,0.000,0.000,,,,,NVIDIA A100-SXM4-40GB MIG 4g.20gb (0),1,,13,"void convert_kernel<__half2, float2>(tensor_layout_any, T1 *, tensor_layout_any, const T2 *)"
4569386078,5664,293931,,,,,,,,,,0.094,16542.310,Pinned,Device,NVIDIA A100-SXM4-40GB MIG 4g.20gb (0),1,,13,[CUDA memcpy Host-to-Device]
4569401982,3392,293932,,,,,,,,,,1.547,455961.768,Device,,NVIDIA A100-SXM4-40GB MIG 4g.20gb (0),1,,13,[CUDA memset]
4569407518,3584,293937,,,,,,,,,,0.031,8732.116,Pinned,Device,NVIDIA A100-SXM4-40GB MIG 4g.20gb (0),1,,13,[CUDA memcpy Host-to-Device]
4569414366,10496,293938,,,,,,,,,,0.197,18731.631,Pinned,Device,NVIDIA A100-SXM4-40GB MIG 4g.20gb (0),1,,13,[CUDA memcpy Host-to-Device]
4569429054,8448,293939,273,1,1,8,4,1,39,0.002,0.000,,,,,NVIDIA A100-SXM4-40GB MIG 4g.20gb (0),1,,13,"void channel_eq::eqMmseCoefCompLowMimoKernel<float, float, float, (unsigned int)4, (unsigned int)1, (unsigned int)4>(const channel_eq::_puschRxChEqStatDescr *, channel_eq::_puschRxChEqCoefCompDynDescr)"
4569440318,6528,293940,273,1,1,12,11,1,51,0.002,0.000,,,,,NVIDIA A100-SXM4-40GB MIG 4g.20gb (0),1,,13,"void channel_eq::eqMmseSoftDemapKernel<float, __half, __half, float, (unsigned int)4, (unsigned short)16383>(channel_eq::_puschRxChEqStatDescr *, channel_eq::_puschRxChEqSoftDemapDynDescr)"
4569448862,282876,293941,1,1,1,32,32,1,30,0.000,0.000,,,,,NVIDIA A100-SXM4-40GB MIG 4g.20gb (0),1,,13,"void convert_kernel<float2, __half2>(tensor_layout_any, T1 *, tensor_layout_any, const T2 *)"
4569735098,10912,293953,2253,1,1,128,1,1,16,0.000,0.000,,,,,NVIDIA A100-SXM4-40GB MIG 4g.20gb (0),1,,13,cupy_copy__float16_float16
4569747834,3040,293962,282,1,1,128,1,1,16,0.000,0.000,,,,,NVIDIA A100-SXM4-40GB MIG 4g.20gb (0),1,,13,cupy_copy__complex64_complex64
4569752890,2240,293971,26,1,1,128,1,1,16,0.000,0.000,,,,,NVIDIA A100-SXM4-40GB MIG 4g.20gb (0),1,,13,cupy_copy__float32_float32
4569758906,3424,293980,103,1,1,128,1,1,16,0.000,0.000,,,,,NVIDIA A100-SXM4-40GB MIG 4g.20gb (0),1,,13,cupy_copy__complex64_complex64
4569766426,12576,293990,1434,1,1,128,1,1,16,0.000,0.000,,,,,NVIDIA A100-SXM4-40GB MIG 4g.20gb (0),1,,13,cupy_copy__complex64_complex64
4569781818,81087,293995,1,1,1,32,32,1,30,0.000,0.000,,,,,NVIDIA A100-SXM4-40GB MIG 4g.20gb (0),1,,13,"void convert_kernel<__half2, float2>(tensor_layout_any, T1 *, tensor_layout_any, const T2 *)"
4569889912,5632,293998,,,,,,,,,,0.094,16636.287,Pinned,Device,NVIDIA A100-SXM4-40GB MIG 4g.20gb (0),1,,13,[CUDA memcpy Host-to-Device]
4569901944,598905,293999,,,,,,,,,,456.561,762001.043,Device,,NVIDIA A100-SXM4-40GB MIG 4g.20gb (0),1,,13,[CUDA memset]
4570504785,113918,294004,,,,,,,,,,1.235,10840.338,Pinned,Device,NVIDIA A100-SXM4-40GB MIG 4g.20gb (0),1,,13,[CUDA memcpy Host-to-Device]
4570625199,17408,294005,,,,,,,,,,0.197,11293.950,Pinned,Device,NVIDIA A100-SXM4-40GB MIG 4g.20gb (0),1,,13,[CUDA memcpy Host-to-Device]
4570655727,9344,294006,69,4,1,48,1,1,76,0.002,0.000,,,,,NVIDIA A100-SXM4-40GB MIG 4g.20gb (0),1,,13,"void ch_est::windowedChEstPreNoDftSOfdmKernel<float, __half, float, (unsigned int)2, (unsigned int)1, (unsigned short)4>(ch_est::puschRxChEstStatDescr_t *, ch_est::puschRxChEstDynDescr_t *)"
4570673039,6240,294007,137,2,1,24,2,1,44,0.001,0.001,,,,,NVIDIA A100-SXM4-40GB MIG 4g.20gb (0),1,,13,"void ch_est::chEstFilterNoDftSOfdmDispatchKernel<float, __half, float, (unsigned int)2>(ch_est::puschRxChEstStatDescr_t *, ch_est::puschRxChEstDynDescr_t *)"
4570686030,4928,294008,137,2,1,24,2,1,44,0.001,0.001,,,,,NVIDIA A100-SXM4-40GB MIG 4g.20gb (0),1,,13,"void ch_est::chEstFilterNoDftSOfdmDispatchKernel<float, __half, float, (unsigned int)2>(ch_est::puschRxChEstStatDescr_t *, ch_est::puschRxChEstDynDescr_t *)"
4570693038,2560,294019,103,1,1,128,1,1,16,0.000,0.000,,,,,NVIDIA A100-SXM4-40GB MIG 4g.20gb (0),1,,13,cupy_copy__complex64_complex64
4570699342,12704,294029,1434,1,1,128,1,1,16,0.000,0.000,,,,,NVIDIA A100-SXM4-40GB MIG 4g.20gb (0),1,,13,cupy_copy__complex64_complex64
4570715054,2688,294036,103,1,1,128,1,1,16,0.000,0.000,,,,,NVIDIA A100-SXM4-40GB MIG 4g.20gb (0),1,,13,cupy_copy__complex64_complex64
4570721102,87615,294043,1,1,1,32,32,1,30,0.000,0.000,,,,,NVIDIA A100-SXM4-40GB MIG 4g.20gb (0),1,,13,"void convert_kernel<__half2, float2>(tensor_layout_any, T1 *, tensor_layout_any, const T2 *)"
4570836557,6688,294046,,,,,,,,,,0.094,14009.520,Pinned,Device,NVIDIA A100-SXM4-40GB MIG 4g.20gb (0),1,,13,[CUDA memcpy Host-to-Device]
4570856108,46144,294047,,,,,,,,,,35.810,776036.776,Device,,NVIDIA A100-SXM4-40GB MIG 4g.20gb (0),1,,13,[CUDA memset]
4570910188,3072,294049,,,,,,,,,,0.000,26.042,Pinned,Device,NVIDIA A100-SXM4-40GB MIG 4g.20gb (0),1,,13,[CUDA memcpy Host-to-Device]
4570917164,11007,294050,,,,,,,,,,0.197,17862.033,Pinned,Device,NVIDIA A100-SXM4-40GB MIG 4g.20gb (0),1,,13,[CUDA memcpy Host-to-Device]
4570938251,10432,294051,273,1,1,48,1,1,40,0.000,0.001,,,,,NVIDIA A100-SXM4-40GB MIG 4g.20gb (0),1,,13,"void pusch_noise_intf_est::noiseIntfEstNoDftSOfdmKernel<float, __half, float, float, (unsigned int)2, (unsigned int)1, (unsigned char)4, (unsigned char)4>(pusch_noise_intf_est::puschRxNoiseIntfEstDynDescr)"
4570952395,2976,294062,35,1,1,128,1,1,16,0.000,0.000,,,,,NVIDIA A100-SXM4-40GB MIG 4g.20gb (0),1,,13,cupy_copy__complex64_complex64
4570968555,2144,294071,1,1,1,1,1,1,18,0.000,0.000,,,,,NVIDIA A100-SXM4-40GB MIG 4g.20gb (0),1,,13,cupy_copy__float32_float32
4570998667,1696,294077,,,,,,,,,,0.000,2.358,Device,Pageable,NVIDIA A100-SXM4-40GB MIG 4g.20gb (0),1,,7,[CUDA memcpy Device-to-Host]
4571059242,12768,294088,1434,1,1,128,1,1,16,0.000,0.000,,,,,NVIDIA A100-SXM4-40GB MIG 4g.20gb (0),1,,13,cupy_copy__complex64_complex64
4571085002,2623,294095,103,1,1,128,1,1,16,0.000,0.000,,,,,NVIDIA A100-SXM4-40GB MIG 4g.20gb (0),1,,13,cupy_copy__complex64_complex64
4571105865,2624,294102,35,1,1,128,1,1,16,0.000,0.000,,,,,NVIDIA A100-SXM4-40GB MIG 4g.20gb (0),1,,13,cupy_copy__complex64_complex64
4571122825,1792,294109,1,1,1,1,1,1,18,0.000,0.000,,,,,NVIDIA A100-SXM4-40GB MIG 4g.20gb (0),1,,13,cupy_copy__float32_float32
4571254247,82303,294120,1,1,1,32,32,1,30,0.000,0.000,,,,,NVIDIA A100-SXM4-40GB MIG 4g.20gb (0),1,,13,"void convert_kernel<__half2, float2>(tensor_layout_any, T1 *, tensor_layout_any, const T2 *)"
4571365030,5632,294123,,,,,,,,,,0.094,16636.287,Pinned,Device,NVIDIA A100-SXM4-40GB MIG 4g.20gb (0),1,,13,[CUDA memcpy Host-to-Device]
4571380326,3648,294124,,,,,,,,,,1.547,423963.664,Device,,NVIDIA A100-SXM4-40GB MIG 4g.20gb (0),1,,13,[CUDA memset]
4571385990,3584,294129,,,,,,,,,,0.031,8732.116,Pinned,Device,NVIDIA A100-SXM4-40GB MIG 4g.20gb (0),1,,13,[CUDA memcpy Host-to-Device]
4571392326,9472,294130,,,,,,,,,,0.197,20756.693,Pinned,Device,NVIDIA A100-SXM4-40GB MIG 4g.20gb (0),1,,13,[CUDA memcpy Host-to-Device]
4571406150,5824,294131,273,1,1,8,4,1,39,0.002,0.000,,,,,NVIDIA A100-SXM4-40GB MIG 4g.20gb (0),1,,13,"void channel_eq::eqMmseCoefCompLowMimoKernel<float, float, float, (unsigned int)4, (unsigned int)1, (unsigned int)4>(const channel_eq::_puschRxChEqStatDescr *, channel_eq::_puschRxChEqCoefCompDynDescr)"
4571414853,5504,294132,273,1,1,12,11,1,51,0.002,0.000,,,,,NVIDIA A100-SXM4-40GB MIG 4g.20gb (0),1,,13,"void channel_eq::eqMmseSoftDemapKernel<float, __half, __half, float, (unsigned int)4, (unsigned short)16383>(channel_eq::_puschRxChEqStatDescr *, channel_eq::_puschRxChEqSoftDemapDynDescr)"
4571421893,282365,294133,1,1,1,32,32,1,30,0.000,0.000,,,,,NVIDIA A100-SXM4-40GB MIG 4g.20gb (0),1,,13,"void convert_kernel<float2, __half2>(tensor_layout_any, T1 *, tensor_layout_any, const T2 *)"
4571705314,10976,294145,2253,1,1,128,1,1,16,0.000,0.000,,,,,NVIDIA A100-SXM4-40GB MIG 4g.20gb (0),1,,13,cupy_copy__float16_float16
4571720610,3200,294154,282,1,1,128,1,1,16,0.000,0.000,,,,,NVIDIA A100-SXM4-40GB MIG 4g.20gb (0),1,,13,cupy_copy__complex64_complex64
4571726370,2272,294163,26,1,1,128,1,1,16,0.000,0.000,,,,,NVIDIA A100-SXM4-40GB MIG 4g.20gb (0),1,,13,cupy_copy__float32_float32
4571733026,4223,294172,103,1,1,128,1,1,16,0.000,0.000,,,,,NVIDIA A100-SXM4-40GB MIG 4g.20gb (0),1,,13,cupy_copy__complex64_complex64
4571739105,11968,294182,1434,1,1,128,1,1,16,0.000,0.000,,,,,NVIDIA A100-SXM4-40GB MIG 4g.20gb (0),1,,13,cupy_copy__complex64_complex64
4571752641,82047,294187,1,1,1,32,32,1,30,0.000,0.000,,,,,NVIDIA A100-SXM4-40GB MIG 4g.20gb (0),1,,13,"void convert_kernel<__half2, float2>(tensor_layout_any, T1 *, tensor_layout_any, const T2 *)"
4571861184,5824,294190,,,,,,,,,,0.094,16087.884,Pinned,Device,NVIDIA A100-SXM4-40GB MIG 4g.20gb (0),1,,13,[CUDA memcpy Host-to-Device]
4571871104,597432,294191,,,,,,,,,,456.561,763827.289,Device,,NVIDIA A100-SXM4-40GB MIG 4g.20gb (0),1,,13,[CUDA memset]
4572473208,146975,294196,,,,,,,,,,1.235,8401.324,Pinned,Device,NVIDIA A100-SXM4-40GB MIG 4g.20gb (0),1,,13,[CUDA memcpy Host-to-Device]
4572636342,41920,294197,,,,,,,,,,0.197,4689.887,Pinned,Device,NVIDIA A100-SXM4-40GB MIG 4g.20gb (0),1,,13,[CUDA memcpy Host-to-Device]
4572705718,8159,294198,69,4,1,48,1,1,76,0.002,0.000,,,,,NVIDIA A100-SXM4-40GB MIG 4g.20gb (0),1,,13,"void ch_est::windowedChEstPreNoDftSOfdmKernel<float, __half, float, (unsigned int)2, (unsigned int)1, (unsigned short)4>(ch_est::puschRxChEstStatDescr_t *, ch_est::puschRxChEstDynDescr_t *)"
4572721845,6816,294199,137,2,1,24,2,1,44,0.001,0.001,,,,,NVIDIA A100-SXM4-40GB MIG 4g.20gb (0),1,,13,"void ch_est::chEstFilterNoDftSOfdmDispatchKernel<float, __half, float, (unsigned int)2>(ch_est::puschRxChEstStatDescr_t *, ch_est::puschRxChEstDynDescr_t *)"
4572739765,5408,294200,137,2,1,24,2,1,44,0.001,0.001,,,,,NVIDIA A100-SXM4-40GB MIG 4g.20gb (0),1,,13,"void ch_est::chEstFilterNoDftSOfdmDispatchKernel<float, __half, float, (unsigned int)2>(ch_est::puschRxChEstStatDescr_t *, ch_est::puschRxChEstDynDescr_t *)"
4572752117,2656,294211,103,1,1,128,1,1,16,0.000,0.000,,,,,NVIDIA A100-SXM4-40GB MIG 4g.20gb (0),1,,13,cupy_copy__complex64_complex64
4572766549,12352,294221,1434,1,1,128,1,1,16,0.000,0.000,,,,,NVIDIA A100-SXM4-40GB MIG 4g.20gb (0),1,,13,cupy_copy__complex64_complex64
4572789109,2432,294228,103,1,1,128,1,1,16,0.000,0.000,,,,,NVIDIA A100-SXM4-40GB MIG 4g.20gb (0),1,,13,cupy_copy__complex64_complex64
4572806068,82975,294235,1,1,1,32,32,1,30,0.000,0.000,,,,,NVIDIA A100-SXM4-40GB MIG 4g.20gb (0),1,,13,"void convert_kernel<__half2, float2>(tensor_layout_any, T1 *, tensor_layout_any, const T2 *)"
4572919187,12992,294238,,,,,,,,,,0.094,7211.781,Pinned,Device,NVIDIA A100-SXM4-40GB MIG 4g.20gb (0),1,,13,[CUDA memcpy Host-to-Device]
4572945267,46335,294239,,,,,,,,,,35.810,772813.884,Device,,NVIDIA A100-SXM4-40GB MIG 4g.20gb (0),1,,13,[CUDA memset]
4572992850,7392,294241,,,,,,,,,,0.000,10.822,Pinned,Device,NVIDIA A100-SXM4-40GB MIG 4g.20gb (0),1,,13,[CUDA memcpy Host-to-Device]
4573003826,15328,294242,,,,,,,,,,0.197,12826.706,Pinned,Device,NVIDIA A100-SXM4-40GB MIG 4g.20gb (0),1,,13,[CUDA memcpy Host-to-Device]
4573030162,12799,294243,273,1,1,48,1,1,40,0.000,0.001,,,,,NVIDIA A100-SXM4-40GB MIG 4g.20gb (0),1,,13,"void pusch_noise_intf_est::noiseIntfEstNoDftSOfdmKernel<float, __half, float, float, (unsigned int)2, (unsigned int)1, (unsigned char)4, (unsigned char)4>(pusch_noise_intf_est::puschRxNoiseIntfEstDynDescr)"
4573049041,2592,294254,35,1,1,128,1,1,16,0.000,0.000,,,,,NVIDIA A100-SXM4-40GB MIG 4g.20gb (0),1,,13,cupy_copy__complex64_complex64
4573057425,1760,294263,1,1,1,1,1,1,18,0.000,0.000,,,,,NVIDIA A100-SXM4-40GB MIG 4g.20gb (0),1,,13,cupy_copy__float32_float32
4573069585,2080,294269,,,,,,,,,,0.000,1.923,Device,Pageable,NVIDIA A100-SXM4-40GB MIG 4g.20gb (0),1,,7,[CUDA memcpy Device-to-Host]
4573132624,12928,294280,1434,1,1,128,1,1,16,0.000,0.000,,,,,NVIDIA A100-SXM4-40GB MIG 4g.20gb (0),1,,13,cupy_copy__complex64_complex64
4573156720,2944,294287,103,1,1,128,1,1,16,0.000,0.000,,,,,NVIDIA A100-SXM4-40GB MIG 4g.20gb (0),1,,13,cupy_copy__complex64_complex64
4573177200,2528,294294,35,1,1,128,1,1,16,0.000,0.000,,,,,NVIDIA A100-SXM4-40GB MIG 4g.20gb (0),1,,13,cupy_copy__complex64_complex64
4573194800,1728,294301,1,1,1,1,1,1,18,0.000,0.000,,,,,NVIDIA A100-SXM4-40GB MIG 4g.20gb (0),1,,13,cupy_copy__float32_float32
4573325454,83263,294312,1,1,1,32,32,1,30,0.000,0.000,,,,,NVIDIA A100-SXM4-40GB MIG 4g.20gb (0),1,,13,"void convert_kernel<__half2, float2>(tensor_layout_any, T1 *, tensor_layout_any, const T2 *)"
4573436109,5983,294315,,,,,,,,,,0.094,15660.349,Pinned,Device,NVIDIA A100-SXM4-40GB MIG 4g.20gb (0),1,,13,[CUDA memcpy Host-to-Device]
4573450540,3424,294316,,,,,,,,,,1.547,451700.819,Device,,NVIDIA A100-SXM4-40GB MIG 4g.20gb (0),1,,13,[CUDA memset]
4573457164,3264,294321,,,,,,,,,,0.031,9588.218,Pinned,Device,NVIDIA A100-SXM4-40GB MIG 4g.20gb (0),1,,13,[CUDA memcpy Host-to-Device]
4573462828,9760,294322,,,,,,,,,,0.197,20144.259,Pinned,Device,NVIDIA A100-SXM4-40GB MIG 4g.20gb (0),1,,13,[CUDA memcpy Host-to-Device]
4573477548,9408,294323,273,1,1,8,4,1,39,0.002,0.000,,,,,NVIDIA A100-SXM4-40GB MIG 4g.20gb (0),1,,13,"void channel_eq::eqMmseCoefCompLowMimoKernel<float, float, float, (unsigned int)4, (unsigned int)1, (unsigned int)4>(const channel_eq::_puschRxChEqStatDescr *, channel_eq::_puschRxChEqCoefCompDynDescr)"
4573488172,6432,294324,273,1,1,12,11,1,51,0.002,0.000,,,,,NVIDIA A100-SXM4-40GB MIG 4g.20gb (0),1,,13,"void channel_eq::eqMmseSoftDemapKernel<float, __half, __half, float, (unsigned int)4, (unsigned short)16383>(channel_eq::_puschRxChEqStatDescr *, channel_eq::_puschRxChEqSoftDemapDynDescr)"
4573495596,282652,294325,1,1,1,32,32,1,30,0.000,0.000,,,,,NVIDIA A100-SXM4-40GB MIG 4g.20gb (0),1,,13,"void convert_kernel<float2, __half2>(tensor_layout_any, T1 *, tensor_layout_any, const T2 *)"
4573780904,11104,294337,2253,1,1,128,1,1,16,0.000,0.000,,,,,NVIDIA A100-SXM4-40GB MIG 4g.20gb (0),1,,13,cupy_copy__float16_float16
4573795912,2880,294346,282,1,1,128,1,1,16,0.000,0.000,,,,,NVIDIA A100-SXM4-40GB MIG 4g.20gb (0),1,,13,cupy_copy__complex64_complex64
4573802120,2016,294355,26,1,1,128,1,1,16,0.000,0.000,,,,,NVIDIA A100-SXM4-40GB MIG 4g.20gb (0),1,,13,cupy_copy__float32_float32
4573806120,3232,294364,103,1,1,128,1,1,16,0.000,0.000,,,,,NVIDIA A100-SXM4-40GB MIG 4g.20gb (0),1,,13,cupy_copy__complex64_complex64
4573860487,12096,294380,1434,1,1,128,1,1,16,0.000,0.000,,,,,NVIDIA A100-SXM4-40GB MIG 4g.20gb (0),1,,13,cupy_copy__complex64_complex64
4573977062,81599,294385,1,1,1,32,32,1,30,0.000,0.000,,,,,NVIDIA A100-SXM4-40GB MIG 4g.20gb (0),1,,13,"void convert_kernel<__half2, float2>(tensor_layout_any, T1 *, tensor_layout_any, const T2 *)"
4574085573,5631,294388,,,,,,,,,,0.094,16639.285,Pinned,Device,NVIDIA A100-SXM4-40GB MIG 4g.20gb (0),1,,13,[CUDA memcpy Host-to-Device]
4574096964,597977,294389,,,,,,,,,,456.561,763370.728,Device,,NVIDIA A100-SXM4-40GB MIG 4g.20gb (0),1,,13,[CUDA memset]
4574697501,177150,294394,,,,,,,,,,1.235,6970.024,Pinned,Device,NVIDIA A100-SXM4-40GB MIG 4g.20gb (0),1,,13,[CUDA memcpy Host-to-Device]
4574887291,38879,294395,,,,,,,,,,0.197,5056.758,Pinned,Device,NVIDIA A100-SXM4-40GB MIG 4g.20gb (0),1,,13,[CUDA memcpy Host-to-Device]
4574940922,7840,294396,69,4,1,48,1,1,76,0.002,0.000,,,,,NVIDIA A100-SXM4-40GB MIG 4g.20gb (0),1,,13,"void ch_est::windowedChEstPreNoDftSOfdmKernel<float, __half, float, (unsigned int)2, (unsigned int)1, (unsigned short)4>(ch_est::puschRxChEstStatDescr_t *, ch_est::puschRxChEstDynDescr_t *)"
4574958618,6560,294397,137,2,1,24,2,1,44,0.001,0.001,,,,,NVIDIA A100-SXM4-40GB MIG 4g.20gb (0),1,,13,"void ch_est::chEstFilterNoDftSOfdmDispatchKernel<float, __half, float, (unsigned int)2>(ch_est::puschRxChEstStatDescr_t *, ch_est::puschRxChEstDynDescr_t *)"
4574969562,4768,294398,137,2,1,24,2,1,44,0.001,0.001,,,,,NVIDIA A100-SXM4-40GB MIG 4g.20gb (0),1,,13,"void ch_est::chEstFilterNoDftSOfdmDispatchKernel<float, __half, float, (unsigned int)2>(ch_est::puschRxChEstStatDescr_t *, ch_est::puschRxChEstDynDescr_t *)"
4574986617,2592,294409,103,1,1,128,1,1,16,0.000,0.000,,,,,NVIDIA A100-SXM4-40GB MIG 4g.20gb (0),1,,13,cupy_copy__complex64_complex64
4574997369,12544,294419,1434,1,1,128,1,1,16,0.000,0.000,,,,,NVIDIA A100-SXM4-40GB MIG 4g.20gb (0),1,,13,cupy_copy__complex64_complex64
4575019513,2688,294426,103,1,1,128,1,1,16,0.000,0.000,,,,,NVIDIA A100-SXM4-40GB MIG 4g.20gb (0),1,,13,cupy_copy__complex64_complex64
4575028345,86175,294433,1,1,1,32,32,1,30,0.000,0.000,,,,,NVIDIA A100-SXM4-40GB MIG 4g.20gb (0),1,,13,"void convert_kernel<__half2, float2>(tensor_layout_any, T1 *, tensor_layout_any, const T2 *)"
4575147319,13888,294436,,,,,,,,,,0.094,6746.487,Pinned,Device,NVIDIA A100-SXM4-40GB MIG 4g.20gb (0),1,,13,[CUDA memcpy Host-to-Device]
4575166455,47584,294437,,,,,,,,,,35.810,752545.469,Device,,NVIDIA A100-SXM4-40GB MIG 4g.20gb (0),1,,13,[CUDA memset]
4575215863,6816,294439,,,,,,,,,,0.000,11.737,Pinned,Device,NVIDIA A100-SXM4-40GB MIG 4g.20gb (0),1,,13,[CUDA memcpy Host-to-Device]
4575227574,16032,294440,,,,,,,,,,0.197,12263.424,Pinned,Device,NVIDIA A100-SXM4-40GB MIG 4g.20gb (0),1,,13,[CUDA memcpy Host-to-Device]
4575264470,9888,294441,273,1,1,48,1,1,40,0.000,0.001,,,,,NVIDIA A100-SXM4-40GB MIG 4g.20gb (0),1,,13,"void pusch_noise_intf_est::noiseIntfEstNoDftSOfdmKernel<float, __half, float, float, (unsigned int)2, (unsigned int)1, (unsigned char)4, (unsigned char)4>(pusch_noise_intf_est::puschRxNoiseIntfEstDynDescr)"
4575283926,3072,294452,35,1,1,128,1,1,16,0.000,0.000,,,,,NVIDIA A100-SXM4-40GB MIG 4g.20gb (0),1,,13,cupy_copy__complex64_complex64
4575293590,1760,294461,1,1,1,1,1,1,18,0.000,0.000,,,,,NVIDIA A100-SXM4-40GB MIG 4g.20gb (0),1,,13,cupy_copy__float32_float32
4575301942,5184,294467,,,,,,,,,,0.000,0.772,Device,Pageable,NVIDIA A100-SXM4-40GB MIG 4g.20gb (0),1,,7,[CUDA memcpy Device-to-Host]
4575372085,12896,294478,1434,1,1,128,1,1,16,0.000,0.000,,,,,NVIDIA A100-SXM4-40GB MIG 4g.20gb (0),1,,13,cupy_copy__complex64_complex64
4575399668,3136,294485,103,1,1,128,1,1,16,0.000,0.000,,,,,NVIDIA A100-SXM4-40GB MIG 4g.20gb (0),1,,13,cupy_copy__complex64_complex64
4575420244,2240,294492,35,1,1,128,1,1,16,0.000,0.000,,,,,NVIDIA A100-SXM4-40GB MIG 4g.20gb (0),1,,13,cupy_copy__complex64_complex64
4575439284,1792,294499,1,1,1,1,1,1,18,0.000,0.000,,,,,NVIDIA A100-SXM4-40GB MIG 4g.20gb (0),1,,13,cupy_copy__float32_float32
4575571602,82591,294510,1,1,1,32,32,1,30,0.000,0.000,,,,,NVIDIA A100-SXM4-40GB MIG 4g.20gb (0),1,,13,"void convert_kernel<__half2, float2>(tensor_layout_any, T1 *, tensor_layout_any, const T2 *)"
4575681745,5952,294513,,,,,,,,,,0.094,15741.865,Pinned,Device,NVIDIA A100-SXM4-40GB MIG 4g.20gb (0),1,,13,[CUDA memcpy Host-to-Device]
4575695793,3424,294514,,,,,,,,,,1.547,451700.819,Device,,NVIDIA A100-SXM4-40GB MIG 4g.20gb (0),1,,13,[CUDA memset]
4575702801,3296,294519,,,,,,,,,,0.031,9495.144,Pinned,Device,NVIDIA A100-SXM4-40GB MIG 4g.20gb (0),1,,13,[CUDA memcpy Host-to-Device]
4575708593,9759,294520,,,,,,,,,,0.197,20146.225,Pinned,Device,NVIDIA A100-SXM4-40GB MIG 4g.20gb (0),1,,13,[CUDA memcpy Host-to-Device]
4575724080,6432,294521,273,1,1,8,4,1,39,0.002,0.000,,,,,NVIDIA A100-SXM4-40GB MIG 4g.20gb (0),1,,13,"void channel_eq::eqMmseCoefCompLowMimoKernel<float, float, float, (unsigned int)4, (unsigned int)1, (unsigned int)4>(const channel_eq::_puschRxChEqStatDescr *, channel_eq::_puschRxChEqCoefCompDynDescr)"
4575731504,6304,294522,273,1,1,12,11,1,51,0.002,0.000,,,,,NVIDIA A100-SXM4-40GB MIG 4g.20gb (0),1,,13,"void channel_eq::eqMmseSoftDemapKernel<float, __half, __half, float, (unsigned int)4, (unsigned short)16383>(channel_eq::_puschRxChEqStatDescr *, channel_eq::_puschRxChEqSoftDemapDynDescr)"
4575738800,282333,294523,1,1,1,32,32,1,30,0.000,0.000,,,,,NVIDIA A100-SXM4-40GB MIG 4g.20gb (0),1,,13,"void convert_kernel<float2, __half2>(tensor_layout_any, T1 *, tensor_layout_any, const T2 *)"
4576023149,11136,294535,2253,1,1,128,1,1,16,0.000,0.000,,,,,NVIDIA A100-SXM4-40GB MIG 4g.20gb (0),1,,13,cupy_copy__float16_float16
4576039372,2656,294544,282,1,1,128,1,1,16,0.000,0.000,,,,,NVIDIA A100-SXM4-40GB MIG 4g.20gb (0),1,,13,cupy_copy__complex64_complex64
4576045164,2176,294553,26,1,1,128,1,1,16,0.000,0.000,,,,,NVIDIA A100-SXM4-40GB MIG 4g.20gb (0),1,,13,cupy_copy__float32_float32
4576052236,3456,294562,103,1,1,128,1,1,16,0.000,0.000,,,,,NVIDIA A100-SXM4-40GB MIG 4g.20gb (0),1,,13,cupy_copy__complex64_complex64
4576057740,12224,294572,1434,1,1,128,1,1,16,0.000,0.000,,,,,NVIDIA A100-SXM4-40GB MIG 4g.20gb (0),1,,13,cupy_copy__complex64_complex64
4576073484,86911,294577,1,1,1,32,32,1,30,0.000,0.000,,,,,NVIDIA A100-SXM4-40GB MIG 4g.20gb (0),1,,13,"void convert_kernel<__half2, float2>(tensor_layout_any, T1 *, tensor_layout_any, const T2 *)"
4576187435,5568,294580,,,,,,,,,,0.094,16827.521,Pinned,Device,NVIDIA A100-SXM4-40GB MIG 4g.20gb (0),1,,13,[CUDA memcpy Host-to-Device]
4576197867,599896,294581,,,,,,,,,,456.561,760631.359,Device,,NVIDIA A100-SXM4-40GB MIG 4g.20gb (0),1,,13,[CUDA memset]
4576803715,160478,294586,,,,,,,,,,1.235,7694.936,Pinned,Device,NVIDIA A100-SXM4-40GB MIG 4g.20gb (0),1,,13,[CUDA memcpy Host-to-Device]
4576976673,41119,294587,,,,,,,,,,0.197,4781.310,Pinned,Device,NVIDIA A100-SXM4-40GB MIG 4g.20gb (0),1,,13,[CUDA memcpy Host-to-Device]
4577040256,8000,294588,69,4,1,48,1,1,76,0.002,0.000,,,,,NVIDIA A100-SXM4-40GB MIG 4g.20gb (0),1,,13,"void ch_est::windowedChEstPreNoDftSOfdmKernel<float, __half, float, (unsigned int)2, (unsigned int)1, (unsigned short)4>(ch_est::puschRxChEstStatDescr_t *, ch_est::puschRxChEstDynDescr_t *)"
4577059328,6624,294589,137,2,1,24,2,1,44,0.001,0.001,,,,,NVIDIA A100-SXM4-40GB MIG 4g.20gb (0),1,,13,"void ch_est::chEstFilterNoDftSOfdmDispatchKernel<float, __half, float, (unsigned int)2>(ch_est::puschRxChEstStatDescr_t *, ch_est::puschRxChEstDynDescr_t *)"
4577076384,4672,294590,137,2,1,24,2,1,44,0.001,0.001,,,,,NVIDIA A100-SXM4-40GB MIG 4g.20gb (0),1,,13,"void ch_est::chEstFilterNoDftSOfdmDispatchKernel<float, __half, float, (unsigned int)2>(ch_est::puschRxChEstStatDescr_t *, ch_est::puschRxChEstDynDescr_t *)"
4577093343,2496,294601,103,1,1,128,1,1,16,0.000,0.000,,,,,NVIDIA A100-SXM4-40GB MIG 4g.20gb (0),1,,13,cupy_copy__complex64_complex64
4577111135,12512,294611,1434,1,1,128,1,1,16,0.000,0.000,,,,,NVIDIA A100-SXM4-40GB MIG 4g.20gb (0),1,,13,cupy_copy__complex64_complex64
4577131455,2912,294618,103,1,1,128,1,1,16,0.000,0.000,,,,,NVIDIA A100-SXM4-40GB MIG 4g.20gb (0),1,,13,cupy_copy__complex64_complex64
4577151551,97247,294625,1,1,1,32,32,1,30,0.000,0.000,,,,,NVIDIA A100-SXM4-40GB MIG 4g.20gb (0),1,,13,"void convert_kernel<__half2, float2>(tensor_layout_any, T1 *, tensor_layout_any, const T2 *)"
4577280765,18592,294628,,,,,,,,,,0.094,5039.533,Pinned,Device,NVIDIA A100-SXM4-40GB MIG 4g.20gb (0),1,,13,[CUDA memcpy Host-to-Device]
4577316029,46335,294629,,,,,,,,,,35.810,772813.884,Device,,NVIDIA A100-SXM4-40GB MIG 4g.20gb (0),1,,13,[CUDA memset]
4577363836,8288,294631,,,,,,,,,,0.000,9.652,Pinned,Device,NVIDIA A100-SXM4-40GB MIG 4g.20gb (0),1,,13,[CUDA memcpy Host-to-Device]
4577379804,15328,294632,,,,,,,,,,0.197,12826.706,Pinned,Device,NVIDIA A100-SXM4-40GB MIG 4g.20gb (0),1,,13,[CUDA memcpy Host-to-Device]
4577406108,10048,294633,273,1,1,48,1,1,40,0.000,0.001,,,,,NVIDIA A100-SXM4-40GB MIG 4g.20gb (0),1,,13,"void pusch_noise_intf_est::noiseIntfEstNoDftSOfdmKernel<float, __half, float, float, (unsigned int)2, (unsigned int)1, (unsigned char)4, (unsigned char)4>(pusch_noise_intf_est::puschRxNoiseIntfEstDynDescr)"
4577422299,3136,294644,35,1,1,128,1,1,16,0.000,0.000,,,,,NVIDIA A100-SXM4-40GB MIG 4g.20gb (0),1,,13,cupy_copy__complex64_complex64
4577430715,1856,294653,1,1,1,1,1,1,18,0.000,0.000,,,,,NVIDIA A100-SXM4-40GB MIG 4g.20gb (0),1,,13,cupy_copy__float32_float32
4577439451,3264,294659,,,,,,,,,,0.000,1.225,Device,Pageable,NVIDIA A100-SXM4-40GB MIG 4g.20gb (0),1,,7,[CUDA memcpy Device-to-Host]
4577512506,12864,294670,1434,1,1,128,1,1,16,0.000,0.000,,,,,NVIDIA A100-SXM4-40GB MIG 4g.20gb (0),1,,13,cupy_copy__complex64_complex64
4577542714,3136,294677,103,1,1,128,1,1,16,0.000,0.000,,,,,NVIDIA A100-SXM4-40GB MIG 4g.20gb (0),1,,13,cupy_copy__complex64_complex64
4577560026,2592,294684,35,1,1,128,1,1,16,0.000,0.000,,,,,NVIDIA A100-SXM4-40GB MIG 4g.20gb (0),1,,13,cupy_copy__complex64_complex64
4577582681,1952,294691,1,1,1,1,1,1,18,0.000,0.000,,,,,NVIDIA A100-SXM4-40GB MIG 4g.20gb (0),1,,13,cupy_copy__float32_float32
4577706424,82271,294702,1,1,1,32,32,1,30,0.000,0.000,,,,,NVIDIA A100-SXM4-40GB MIG 4g.20gb (0),1,,13,"void convert_kernel<__half2, float2>(tensor_layout_any, T1 *, tensor_layout_any, const T2 *)"
4577816023,5888,294705,,,,,,,,,,0.094,15912.954,Pinned,Device,NVIDIA A100-SXM4-40GB MIG 4g.20gb (0),1,,13,[CUDA memcpy Host-to-Device]
4577829878,3200,294706,,,,,,,,,,1.547,483320.000,Device,,NVIDIA A100-SXM4-40GB MIG 4g.20gb (0),1,,13,[CUDA memset]
4577837014,3456,294711,,,,,,,,,,0.031,9055.529,Pinned,Device,NVIDIA A100-SXM4-40GB MIG 4g.20gb (0),1,,13,[CUDA memcpy Host-to-Device]
4577843222,9920,294712,,,,,,,,,,0.197,19819.266,Pinned,Device,NVIDIA A100-SXM4-40GB MIG 4g.20gb (0),1,,13,[CUDA memcpy Host-to-Device]
4577861654,7488,294713,273,1,1,8,4,1,39,0.002,0.000,,,,,NVIDIA A100-SXM4-40GB MIG 4g.20gb (0),1,,13,"void channel_eq::eqMmseCoefCompLowMimoKernel<float, float, float, (unsigned int)4, (unsigned int)1, (unsigned int)4>(const channel_eq::_puschRxChEqStatDescr *, channel_eq::_puschRxChEqCoefCompDynDescr)"
4577870550,5792,294714,273,1,1,12,11,1,51,0.002,0.000,,,,,NVIDIA A100-SXM4-40GB MIG 4g.20gb (0),1,,13,"void channel_eq::eqMmseSoftDemapKernel<float, __half, __half, float, (unsigned int)4, (unsigned short)16383>(channel_eq::_puschRxChEqStatDescr *, channel_eq::_puschRxChEqSoftDemapDynDescr)"
4577877494,282620,294715,1,1,1,32,32,1,30,0.000,0.000,,,,,NVIDIA A100-SXM4-40GB MIG 4g.20gb (0),1,,13,"void convert_kernel<float2, __half2>(tensor_layout_any, T1 *, tensor_layout_any, const T2 *)"
4578161202,11008,294727,2253,1,1,128,1,1,16,0.000,0.000,,,,,NVIDIA A100-SXM4-40GB MIG 4g.20gb (0),1,,13,cupy_copy__float16_float16
4578176050,3104,294736,282,1,1,128,1,1,16,0.000,0.000,,,,,NVIDIA A100-SXM4-40GB MIG 4g.20gb (0),1,,13,cupy_copy__complex64_complex64
4578181074,2592,294745,26,1,1,128,1,1,16,0.000,0.000,,,,,NVIDIA A100-SXM4-40GB MIG 4g.20gb (0),1,,13,cupy_copy__float32_float32
4578184786,2976,294754,103,1,1,128,1,1,16,0.000,0.000,,,,,NVIDIA A100-SXM4-40GB MIG 4g.20gb (0),1,,13,cupy_copy__complex64_complex64
4578190226,12256,294764,1434,1,1,128,1,1,16,0.000,0.000,,,,,NVIDIA A100-SXM4-40GB MIG 4g.20gb (0),1,,13,cupy_copy__complex64_complex64
4578207314,81535,294769,1,1,1,32,32,1,30,0.000,0.000,,,,,NVIDIA A100-SXM4-40GB MIG 4g.20gb (0),1,,13,"void convert_kernel<__half2, float2>(tensor_layout_any, T1 *, tensor_layout_any, const T2 *)"
4578316016,5632,294772,,,,,,,,,,0.094,16636.287,Pinned,Device,NVIDIA A100-SXM4-40GB MIG 4g.20gb (0),1,,13,[CUDA memcpy Host-to-Device]
4578327152,597977,294773,,,,,,,,,,456.561,763370.728,Device,,NVIDIA A100-SXM4-40GB MIG 4g.20gb (0),1,,13,[CUDA memset]
4578931049,143710,294778,,,,,,,,,,1.235,8592.740,Pinned,Device,NVIDIA A100-SXM4-40GB MIG 4g.20gb (0),1,,13,[CUDA memcpy Host-to-Device]
4579085351,36192,294779,,,,,,,,,,0.197,5432.279,Pinned,Device,NVIDIA A100-SXM4-40GB MIG 4g.20gb (0),1,,13,[CUDA memcpy Host-to-Device]
4579139462,8128,294780,69,4,1,48,1,1,76,0.002,0.000,,,,,NVIDIA A100-SXM4-40GB MIG 4g.20gb (0),1,,13,"void ch_est::windowedChEstPreNoDftSOfdmKernel<float, __half, float, (unsigned int)2, (unsigned int)1, (unsigned short)4>(ch_est::puschRxChEstStatDescr_t *, ch_est::puschRxChEstDynDescr_t *)"
4579155526,6784,294781,137,2,1,24,2,1,44,0.001,0.001,,,,,NVIDIA A100-SXM4-40GB MIG 4g.20gb (0),1,,13,"void ch_est::chEstFilterNoDftSOfdmDispatchKernel<float, __half, float, (unsigned int)2>(ch_est::puschRxChEstStatDescr_t *, ch_est::puschRxChEstDynDescr_t *)"
4579166982,4736,294782,137,2,1,24,2,1,44,0.001,0.001,,,,,NVIDIA A100-SXM4-40GB MIG 4g.20gb (0),1,,13,"void ch_est::chEstFilterNoDftSOfdmDispatchKernel<float, __half, float, (unsigned int)2>(ch_est::puschRxChEstStatDescr_t *, ch_est::puschRxChEstDynDescr_t *)"
4579182662,2592,294793,103,1,1,128,1,1,16,0.000,0.000,,,,,NVIDIA A100-SXM4-40GB MIG 4g.20gb (0),1,,13,cupy_copy__complex64_complex64
4579194342,12799,294803,1434,1,1,128,1,1,16,0.000,0.000,,,,,NVIDIA A100-SXM4-40GB MIG 4g.20gb (0),1,,13,cupy_copy__complex64_complex64
4579209637,2880,294810,103,1,1,128,1,1,16,0.000,0.000,,,,,NVIDIA A100-SXM4-40GB MIG 4g.20gb (0),1,,13,cupy_copy__complex64_complex64
4579225797,82303,294817,1,1,1,32,32,1,30,0.000,0.000,,,,,NVIDIA A100-SXM4-40GB MIG 4g.20gb (0),1,,13,"void convert_kernel<__half2, float2>(tensor_layout_any, T1 *, tensor_layout_any, const T2 *)"
4579342148,17856,294820,,,,,,,,,,0.094,5247.257,Pinned,Device,NVIDIA A100-SXM4-40GB MIG 4g.20gb (0),1,,13,[CUDA memcpy Host-to-Device]
4579374947,47936,294821,,,,,,,,,,35.810,747030.741,Device,,NVIDIA A100-SXM4-40GB MIG 4g.20gb (0),1,,13,[CUDA memset]
4579428259,15136,294823,,,,,,,,,,0.000,5.285,Pinned,Device,NVIDIA A100-SXM4-40GB MIG 4g.20gb (0),1,,13,[CUDA memcpy Host-to-Device]
4579454178,26176,294824,,,,,,,,,,0.197,7510.819,Pinned,Device,NVIDIA A100-SXM4-40GB MIG 4g.20gb (0),1,,13,[CUDA memcpy Host-to-Device]
4579501314,9920,294825,273,1,1,48,1,1,40,0.000,0.001,,,,,NVIDIA A100-SXM4-40GB MIG 4g.20gb (0),1,,13,"void pusch_noise_intf_est::noiseIntfEstNoDftSOfdmKernel<float, __half, float, float, (unsigned int)2, (unsigned int)1, (unsigned char)4, (unsigned char)4>(pusch_noise_intf_est::puschRxNoiseIntfEstDynDescr)"
4579517058,2752,294836,35,1,1,128,1,1,16,0.000,0.000,,,,,NVIDIA A100-SXM4-40GB MIG 4g.20gb (0),1,,13,cupy_copy__complex64_complex64
4579533409,1792,294845,1,1,1,1,1,1,18,0.000,0.000,,,,,NVIDIA A100-SXM4-40GB MIG 4g.20gb (0),1,,13,cupy_copy__float32_float32
4579542401,7200,294851,,,,,,,,,,0.000,0.556,Device,Pageable,NVIDIA A100-SXM4-40GB MIG 4g.20gb (0),1,,7,[CUDA memcpy Device-to-Host]
4579629568,13024,294862,1434,1,1,128,1,1,16,0.000,0.000,,,,,NVIDIA A100-SXM4-40GB MIG 4g.20gb (0),1,,13,cupy_copy__complex64_complex64
4579663904,8352,294869,103,1,1,128,1,1,16,0.000,0.000,,,,,NVIDIA A100-SXM4-40GB MIG 4g.20gb (0),1,,13,cupy_copy__complex64_complex64
4579680160,2720,294876,35,1,1,128,1,1,16,0.000,0.000,,,,,NVIDIA A100-SXM4-40GB MIG 4g.20gb (0),1,,13,cupy_copy__complex64_complex64
4579698463,1856,294883,1,1,1,1,1,1,18,0.000,0.000,,,,,NVIDIA A100-SXM4-40GB MIG 4g.20gb (0),1,,13,cupy_copy__float32_float32
4579825790,83039,294894,1,1,1,32,32,1,30,0.000,0.000,,,,,NVIDIA A100-SXM4-40GB MIG 4g.20gb (0),1,,13,"void convert_kernel<__half2, float2>(tensor_layout_any, T1 *, tensor_layout_any, const T2 *)"
4579937532,10624,294897,,,,,,,,,,0.094,8819.230,Pinned,Device,NVIDIA A100-SXM4-40GB MIG 4g.20gb (0),1,,13,[CUDA memcpy Host-to-Device]
4579957372,3360,294898,,,,,,,,,,1.547,460304.688,Device,,NVIDIA A100-SXM4-40GB MIG 4g.20gb (0),1,,13,[CUDA memset]
4579963580,7648,294903,,,,,,,,,,0.031,4092.046,Pinned,Device,NVIDIA A100-SXM4-40GB MIG 4g.20gb (0),1,,13,[CUDA memcpy Host-to-Device]
4579974652,17696,294904,,,,,,,,,,0.197,11110.121,Pinned,Device,NVIDIA A100-SXM4-40GB MIG 4g.20gb (0),1,,13,[CUDA memcpy Host-to-Device]
4580002908,6496,294905,273,1,1,8,4,1,39,0.002,0.000,,,,,NVIDIA A100-SXM4-40GB MIG 4g.20gb (0),1,,13,"void channel_eq::eqMmseCoefCompLowMimoKernel<float, float, float, (unsigned int)4, (unsigned int)1, (unsigned int)4>(const channel_eq::_puschRxChEqStatDescr *, channel_eq::_puschRxChEqCoefCompDynDescr)"
4580015995,7744,294906,273,1,1,12,11,1,51,0.002,0.000,,,,,NVIDIA A100-SXM4-40GB MIG 4g.20gb (0),1,,13,"void channel_eq::eqMmseSoftDemapKernel<float, __half, __half, float, (unsigned int)4, (unsigned short)16383>(channel_eq::_puschRxChEqStatDescr *, channel_eq::_puschRxChEqSoftDemapDynDescr)"
4580027963,290461,294907,1,1,1,32,32,1,30,0.000,0.000,,,,,NVIDIA A100-SXM4-40GB MIG 4g.20gb (0),1,,13,"void convert_kernel<float2, __half2>(tensor_layout_any, T1 *, tensor_layout_any, const T2 *)"
4580320824,11232,294919,2253,1,1,128,1,1,16,0.000,0.000,,,,,NVIDIA A100-SXM4-40GB MIG 4g.20gb (0),1,,13,cupy_copy__float16_float16
4580333976,3072,294928,282,1,1,128,1,1,16,0.000,0.000,,,,,NVIDIA A100-SXM4-40GB MIG 4g.20gb (0),1,,13,cupy_copy__complex64_complex64
4580340727,2048,294937,26,1,1,128,1,1,16,0.000,0.000,,,,,NVIDIA A100-SXM4-40GB MIG 4g.20gb (0),1,,13,cupy_copy__float32_float32
4580344663,6272,294946,103,1,1,128,1,1,16,0.000,0.000,,,,,NVIDIA A100-SXM4-40GB MIG 4g.20gb (0),1,,13,cupy_copy__complex64_complex64
4580353751,12096,294956,1434,1,1,128,1,1,16,0.000,0.000,,,,,NVIDIA A100-SXM4-40GB MIG 4g.20gb (0),1,,13,cupy_copy__complex64_complex64
4580370391,82079,294961,1,1,1,32,32,1,30,0.000,0.000,,,,,NVIDIA A100-SXM4-40GB MIG 4g.20gb (0),1,,13,"void convert_kernel<__half2, float2>(tensor_layout_any, T1 *, tensor_layout_any, const T2 *)"
4580478934,5728,294964,,,,,,,,,,0.094,16357.541,Pinned,Device,NVIDIA A100-SXM4-40GB MIG 4g.20gb (0),1,,13,[CUDA memcpy Host-to-Device]
4580489110,598712,294965,,,,,,,,,,456.561,762457.605,Device,,NVIDIA A100-SXM4-40GB MIG 4g.20gb (0),1,,13,[CUDA memset]
4581094062,111071,294970,,,,,,,,,,1.235,11118.201,Pinned,Device,NVIDIA A100-SXM4-40GB MIG 4g.20gb (0),1,,13,[CUDA memcpy Host-to-Device]
4581216365,19359,294971,,,,,,,,,,0.197,10155.786,Pinned,Device,NVIDIA A100-SXM4-40GB MIG 4g.20gb (0),1,,13,[CUDA memcpy Host-to-Device]
4581257836,8160,294972,69,4,1,48,1,1,76,0.002,0.000,,,,,NVIDIA A100-SXM4-40GB MIG 4g.20gb (0),1,,13,"void ch_est::windowedChEstPreNoDftSOfdmKernel<float, __half, float, (unsigned int)2, (unsigned int)1, (unsigned short)4>(ch_est::puschRxChEstStatDescr_t *, ch_est::puschRxChEstDynDescr_t *)"
4581273068,7200,294973,137,2,1,24,2,1,44,0.001,0.001,,,,,NVIDIA A100-SXM4-40GB MIG 4g.20gb (0),1,,13,"void ch_est::chEstFilterNoDftSOfdmDispatchKernel<float, __half, float, (unsigned int)2>(ch_est::puschRxChEstStatDescr_t *, ch_est::puschRxChEstDynDescr_t *)"
4581288140,5376,294974,137,2,1,24,2,1,44,0.001,0.001,,,,,NVIDIA A100-SXM4-40GB MIG 4g.20gb (0),1,,13,"void ch_est::chEstFilterNoDftSOfdmDispatchKernel<float, __half, float, (unsigned int)2>(ch_est::puschRxChEstStatDescr_t *, ch_est::puschRxChEstDynDescr_t *)"
4581303020,3072,294985,103,1,1,128,1,1,16,0.000,0.000,,,,,NVIDIA A100-SXM4-40GB MIG 4g.20gb (0),1,,13,cupy_copy__complex64_complex64
4581318507,12640,294995,1434,1,1,128,1,1,16,0.000,0.000,,,,,NVIDIA A100-SXM4-40GB MIG 4g.20gb (0),1,,13,cupy_copy__complex64_complex64
4581350955,2528,295002,103,1,1,128,1,1,16,0.000,0.000,,,,,NVIDIA A100-SXM4-40GB MIG 4g.20gb (0),1,,13,cupy_copy__complex64_complex64
4581366315,89279,295009,1,1,1,32,32,1,30,0.000,0.000,,,,,NVIDIA A100-SXM4-40GB MIG 4g.20gb (0),1,,13,"void convert_kernel<__half2, float2>(tensor_layout_any, T1 *, tensor_layout_any, const T2 *)"
4581490665,18848,295012,,,,,,,,,,0.094,4971.135,Pinned,Device,NVIDIA A100-SXM4-40GB MIG 4g.20gb (0),1,,13,[CUDA memcpy Host-to-Device]
4581529833,47423,295013,,,,,,,,,,35.810,755087.973,Device,,NVIDIA A100-SXM4-40GB MIG 4g.20gb (0),1,,13,[CUDA memset]
4581583528,10688,295015,,,,,,,,,,0.000,7.485,Pinned,Device,NVIDIA A100-SXM4-40GB MIG 4g.20gb (0),1,,13,[CUDA memcpy Host-to-Device]
4581601704,20672,295016,,,,,,,,,,0.197,9510.715,Pinned,Device,NVIDIA A100-SXM4-40GB MIG 4g.20gb (0),1,,13,[CUDA memcpy Host-to-Device]
4581641671,9760,295017,273,1,1,48,1,1,40,0.000,0.001,,,,,NVIDIA A100-SXM4-40GB MIG 4g.20gb (0),1,,13,"void pusch_noise_intf_est::noiseIntfEstNoDftSOfdmKernel<float, __half, float, float, (unsigned int)2, (unsigned int)1, (unsigned char)4, (unsigned char)4>(pusch_noise_intf_est::puschRxNoiseIntfEstDynDescr)"
4581656935,2656,295028,35,1,1,128,1,1,16,0.000,0.000,,,,,NVIDIA A100-SXM4-40GB MIG 4g.20gb (0),1,,13,cupy_copy__complex64_complex64
4581664935,1728,295037,1,1,1,1,1,1,18,0.000,0.000,,,,,NVIDIA A100-SXM4-40GB MIG 4g.20gb (0),1,,13,cupy_copy__float32_float32
4581669543,6336,295043,,,,,,,,,,0.000,0.631,Device,Pageable,NVIDIA A100-SXM4-40GB MIG 4g.20gb (0),1,,7,[CUDA memcpy Device-to-Host]
4581753542,12768,295054,1434,1,1,128,1,1,16,0.000,0.000,,,,,NVIDIA A100-SXM4-40GB MIG 4g.20gb (0),1,,13,cupy_copy__complex64_complex64
4581785350,3392,295061,103,1,1,128,1,1,16,0.000,0.000,,,,,NVIDIA A100-SXM4-40GB MIG 4g.20gb (0),1,,13,cupy_copy__complex64_complex64
4581803333,2496,295068,35,1,1,128,1,1,16,0.000,0.000,,,,,NVIDIA A100-SXM4-40GB MIG 4g.20gb (0),1,,13,cupy_copy__complex64_complex64
4581818757,1792,295075,1,1,1,1,1,1,18,0.000,0.000,,,,,NVIDIA A100-SXM4-40GB MIG 4g.20gb (0),1,,13,cupy_copy__float32_float32
4581947044,88223,295086,1,1,1,32,32,1,30,0.000,0.000,,,,,NVIDIA A100-SXM4-40GB MIG 4g.20gb (0),1,,13,"void convert_kernel<__half2, float2>(tensor_layout_any, T1 *, tensor_layout_any, const T2 *)"
4582063394,5984,295089,,,,,,,,,,0.094,15657.726,Pinned,Device,NVIDIA A100-SXM4-40GB MIG 4g.20gb (0),1,,13,[CUDA memcpy Host-to-Device]
4582082626,3392,295090,,,,,,,,,,1.547,455961.768,Device,,NVIDIA A100-SXM4-40GB MIG 4g.20gb (0),1,,13,[CUDA memset]
4582088098,3104,295095,,,,,,,,,,0.031,10082.445,Pinned,Device,NVIDIA A100-SXM4-40GB MIG 4g.20gb (0),1,,13,[CUDA memcpy Host-to-Device]
4582093474,9792,295096,,,,,,,,,,0.197,20078.395,Pinned,Device,NVIDIA A100-SXM4-40GB MIG 4g.20gb (0),1,,13,[CUDA memcpy Host-to-Device]
4582109250,6368,295097,273,1,1,8,4,1,39,0.002,0.000,,,,,NVIDIA A100-SXM4-40GB MIG 4g.20gb (0),1,,13,"void channel_eq::eqMmseCoefCompLowMimoKernel<float, float, float, (unsigned int)4, (unsigned int)1, (unsigned int)4>(const channel_eq::_puschRxChEqStatDescr *, channel_eq::_puschRxChEqCoefCompDynDescr)"
4582116738,5760,295098,273,1,1,12,11,1,51,0.002,0.000,,,,,NVIDIA A100-SXM4-40GB MIG 4g.20gb (0),1,,13,"void channel_eq::eqMmseSoftDemapKernel<float, __half, __half, float, (unsigned int)4, (unsigned short)16383>(channel_eq::_puschRxChEqStatDescr *, channel_eq::_puschRxChEqSoftDemapDynDescr)"
4582123778,281532,295099,1,1,1,32,32,1,30,0.000,0.000,,,,,NVIDIA A100-SXM4-40GB MIG 4g.20gb (0),1,,13,"void convert_kernel<float2, __half2>(tensor_layout_any, T1 *, tensor_layout_any, const T2 *)"
4582406302,10880,295111,2253,1,1,128,1,1,16,0.000,0.000,,,,,NVIDIA A100-SXM4-40GB MIG 4g.20gb (0),1,,13,cupy_copy__float16_float16
4582420190,3168,295120,282,1,1,128,1,1,16,0.000,0.000,,,,,NVIDIA A100-SXM4-40GB MIG 4g.20gb (0),1,,13,cupy_copy__complex64_complex64
4582427198,2176,295129,26,1,1,128,1,1,16,0.000,0.000,,,,,NVIDIA A100-SXM4-40GB MIG 4g.20gb (0),1,,13,cupy_copy__float32_float32
4582432350,3136,295138,103,1,1,128,1,1,16,0.000,0.000,,,,,NVIDIA A100-SXM4-40GB MIG 4g.20gb (0),1,,13,cupy_copy__complex64_complex64
4582436542,12000,295148,1434,1,1,128,1,1,16,0.000,0.000,,,,,NVIDIA A100-SXM4-40GB MIG 4g.20gb (0),1,,13,cupy_copy__complex64_complex64
4582454141,81855,295153,1,1,1,32,32,1,30,0.000,0.000,,,,,NVIDIA A100-SXM4-40GB MIG 4g.20gb (0),1,,13,"void convert_kernel<__half2, float2>(tensor_layout_any, T1 *, tensor_layout_any, const T2 *)"
4582563068,5824,295156,,,,,,,,,,0.094,16087.884,Pinned,Device,NVIDIA A100-SXM4-40GB MIG 4g.20gb (0),1,,13,[CUDA memcpy Host-to-Device]
4582573180,598521,295157,,,,,,,,,,456.561,762457.605,Device,,NVIDIA A100-SXM4-40GB MIG 4g.20gb (0),1,,13,[CUDA memset]
4583179765,152478,295162,,,,,,,,,,1.235,8098.763,Pinned,Device,NVIDIA A100-SXM4-40GB MIG 4g.20gb (0),1,,13,[CUDA memcpy Host-to-Device]
4583341331,23519,295163,,,,,,,,,,0.197,8359.379,Pinned,Device,NVIDIA A100-SXM4-40GB MIG 4g.20gb (0),1,,13,[CUDA memcpy Host-to-Device]
4583375954,8288,295164,69,4,1,48,1,1,76,0.002,0.000,,,,,NVIDIA A100-SXM4-40GB MIG 4g.20gb (0),1,,13,"void ch_est::windowedChEstPreNoDftSOfdmKernel<float, __half, float, (unsigned int)2, (unsigned int)1, (unsigned short)4>(ch_est::puschRxChEstStatDescr_t *, ch_est::puschRxChEstDynDescr_t *)"
4583386898,6656,295165,137,2,1,24,2,1,44,0.001,0.001,,,,,NVIDIA A100-SXM4-40GB MIG 4g.20gb (0),1,,13,"void ch_est::chEstFilterNoDftSOfdmDispatchKernel<float, __half, float, (unsigned int)2>(ch_est::puschRxChEstStatDescr_t *, ch_est::puschRxChEstDynDescr_t *)"
4583401330,6208,295166,137,2,1,24,2,1,44,0.001,0.001,,,,,NVIDIA A100-SXM4-40GB MIG 4g.20gb (0),1,,13,"void ch_est::chEstFilterNoDftSOfdmDispatchKernel<float, __half, float, (unsigned int)2>(ch_est::puschRxChEstStatDescr_t *, ch_est::puschRxChEstDynDescr_t *)"
4583410258,2592,295177,103,1,1,128,1,1,16,0.000,0.000,,,,,NVIDIA A100-SXM4-40GB MIG 4g.20gb (0),1,,13,cupy_copy__complex64_complex64
4583418354,12511,295187,1434,1,1,128,1,1,16,0.000,0.000,,,,,NVIDIA A100-SXM4-40GB MIG 4g.20gb (0),1,,13,cupy_copy__complex64_complex64
4583433777,2496,295194,103,1,1,128,1,1,16,0.000,0.000,,,,,NVIDIA A100-SXM4-40GB MIG 4g.20gb (0),1,,13,cupy_copy__complex64_complex64
4583443601,85279,295201,1,1,1,32,32,1,30,0.000,0.000,,,,,NVIDIA A100-SXM4-40GB MIG 4g.20gb (0),1,,13,"void convert_kernel<__half2, float2>(tensor_layout_any, T1 *, tensor_layout_any, const T2 *)"
4583564816,10496,295204,,,,,,,,,,0.094,8926.793,Pinned,Device,NVIDIA A100-SXM4-40GB MIG 4g.20gb (0),1,,13,[CUDA memcpy Host-to-Device]
4583590927,47328,295205,,,,,,,,,,35.810,756627.800,Device,,NVIDIA A100-SXM4-40GB MIG 4g.20gb (0),1,,13,[CUDA memset]
4583643791,3264,295207,,,,,,,,,,0.000,24.510,Pinned,Device,NVIDIA A100-SXM4-40GB MIG 4g.20gb (0),1,,13,[CUDA memcpy Host-to-Device]
4583655343,20063,295208,,,,,,,,,,0.197,9799.336,Pinned,Device,NVIDIA A100-SXM4-40GB MIG 4g.20gb (0),1,,13,[CUDA memcpy Host-to-Device]
4583693166,10176,295209,273,1,1,48,1,1,40,0.000,0.001,,,,,NVIDIA A100-SXM4-40GB MIG 4g.20gb (0),1,,13,"void pusch_noise_intf_est::noiseIntfEstNoDftSOfdmKernel<float, __half, float, float, (unsigned int)2, (unsigned int)1, (unsigned char)4, (unsigned char)4>(pusch_noise_intf_est::puschRxNoiseIntfEstDynDescr)"
4583710254,2752,295220,35,1,1,128,1,1,16,0.000,0.000,,,,,NVIDIA A100-SXM4-40GB MIG 4g.20gb (0),1,,13,cupy_copy__complex64_complex64
4583720174,1696,295229,1,1,1,1,1,1,18,0.000,0.000,,,,,NVIDIA A100-SXM4-40GB MIG 4g.20gb (0),1,,13,cupy_copy__float32_float32
4583728750,6752,295235,,,,,,,,,,0.000,0.592,Device,Pageable,NVIDIA A100-SXM4-40GB MIG 4g.20gb (0),1,,7,[CUDA memcpy Device-to-Host]
4583809165,13056,295246,1434,1,1,128,1,1,16,0.000,0.000,,,,,NVIDIA A100-SXM4-40GB MIG 4g.20gb (0),1,,13,cupy_copy__complex64_complex64
4583841580,3552,295253,103,1,1,128,1,1,16,0.000,0.000,,,,,NVIDIA A100-SXM4-40GB MIG 4g.20gb (0),1,,13,cupy_copy__complex64_complex64
4583862284,2304,295260,35,1,1,128,1,1,16,0.000,0.000,,,,,NVIDIA A100-SXM4-40GB MIG 4g.20gb (0),1,,13,cupy_copy__complex64_complex64
4583874092,1888,295267,1,1,1,1,1,1,18,0.000,0.000,,,,,NVIDIA A100-SXM4-40GB MIG 4g.20gb (0),1,,13,cupy_copy__float32_float32
4584001258,82719,295278,1,1,1,32,32,1,30,0.000,0.000,,,,,NVIDIA A100-SXM4-40GB MIG 4g.20gb (0),1,,13,"void convert_kernel<__half2, float2>(tensor_layout_any, T1 *, tensor_layout_any, const T2 *)"
4584112553,5984,295281,,,,,,,,,,0.094,15657.726,Pinned,Device,NVIDIA A100-SXM4-40GB MIG 4g.20gb (0),1,,13,[CUDA memcpy Host-to-Device]
4584127401,3584,295282,,,,,,,,,,1.547,431534.389,Device,,NVIDIA A100-SXM4-40GB MIG 4g.20gb (0),1,,13,[CUDA memset]
4584133929,3200,295287,,,,,,,,,,0.031,9780.000,Pinned,Device,NVIDIA A100-SXM4-40GB MIG 4g.20gb (0),1,,13,[CUDA memcpy Host-to-Device]
4584139657,9696,295288,,,,,,,,,,0.197,20277.166,Pinned,Device,NVIDIA A100-SXM4-40GB MIG 4g.20gb (0),1,,13,[CUDA memcpy Host-to-Device]
4584153577,6335,295289,273,1,1,8,4,1,39,0.002,0.000,,,,,NVIDIA A100-SXM4-40GB MIG 4g.20gb (0),1,,13,"void channel_eq::eqMmseCoefCompLowMimoKernel<float, float, float, (unsigned int)4, (unsigned int)1, (unsigned int)4>(const channel_eq::_puschRxChEqStatDescr *, channel_eq::_puschRxChEqCoefCompDynDescr)"
4584162408,6464,295290,273,1,1,12,11,1,51,0.002,0.000,,,,,NVIDIA A100-SXM4-40GB MIG 4g.20gb (0),1,,13,"void channel_eq::eqMmseSoftDemapKernel<float, __half, __half, float, (unsigned int)4, (unsigned short)16383>(channel_eq::_puschRxChEqStatDescr *, channel_eq::_puschRxChEqSoftDemapDynDescr)"
4584170280,282717,295291,1,1,1,32,32,1,30,0.000,0.000,,,,,NVIDIA A100-SXM4-40GB MIG 4g.20gb (0),1,,13,"void convert_kernel<float2, __half2>(tensor_layout_any, T1 *, tensor_layout_any, const T2 *)"
4584453989,11104,295303,2253,1,1,128,1,1,16,0.000,0.000,,,,,NVIDIA A100-SXM4-40GB MIG 4g.20gb (0),1,,13,cupy_copy__float16_float16
4584467333,3840,295312,282,1,1,128,1,1,16,0.000,0.000,,,,,NVIDIA A100-SXM4-40GB MIG 4g.20gb (0),1,,13,cupy_copy__complex64_complex64
4584474117,2240,295321,26,1,1,128,1,1,16,0.000,0.000,,,,,NVIDIA A100-SXM4-40GB MIG 4g.20gb (0),1,,13,cupy_copy__float32_float32
4584480644,6976,295330,103,1,1,128,1,1,16,0.000,0.000,,,,,NVIDIA A100-SXM4-40GB MIG 4g.20gb (0),1,,13,cupy_copy__complex64_complex64
4584488772,12160,295340,1434,1,1,128,1,1,16,0.000,0.000,,,,,NVIDIA A100-SXM4-40GB MIG 4g.20gb (0),1,,13,cupy_copy__complex64_complex64
4584507556,81759,295345,1,1,1,32,32,1,30,0.000,0.000,,,,,NVIDIA A100-SXM4-40GB MIG 4g.20gb (0),1,,13,"void convert_kernel<__half2, float2>(tensor_layout_any, T1 *, tensor_layout_any, const T2 *)"
4584616643,5408,295348,,,,,,,,,,0.094,17325.421,Pinned,Device,NVIDIA A100-SXM4-40GB MIG 4g.20gb (0),1,,13,[CUDA memcpy Host-to-Device]
4584627203,597144,295349,,,,,,,,,,456.561,764283.851,Device,,NVIDIA A100-SXM4-40GB MIG 4g.20gb (0),1,,13,[CUDA memset]
4585232443,138367,295354,,,,,,,,,,1.235,8924.940,Pinned,Device,NVIDIA A100-SXM4-40GB MIG 4g.20gb (0),1,,13,[CUDA memcpy Host-to-Device]
4585379961,32224,295355,,,,,,,,,,0.197,6101.139,Pinned,Device,NVIDIA A100-SXM4-40GB MIG 4g.20gb (0),1,,13,[CUDA memcpy Host-to-Device]
4585428601,8192,295356,69,4,1,48,1,1,76,0.002,0.000,,,,,NVIDIA A100-SXM4-40GB MIG 4g.20gb (0),1,,13,"void ch_est::windowedChEstPreNoDftSOfdmKernel<float, __half, float, (unsigned int)2, (unsigned int)1, (unsigned short)4>(ch_est::puschRxChEstStatDescr_t *, ch_est::puschRxChEstDynDescr_t *)"
4585444729,6656,295357,137,2,1,24,2,1,44,0.001,0.001,,,,,NVIDIA A100-SXM4-40GB MIG 4g.20gb (0),1,,13,"void ch_est::chEstFilterNoDftSOfdmDispatchKernel<float, __half, float, (unsigned int)2>(ch_est::puschRxChEstStatDescr_t *, ch_est::puschRxChEstDynDescr_t *)"
4585467960,4704,295358,137,2,1,24,2,1,44,0.001,0.001,,,,,NVIDIA A100-SXM4-40GB MIG 4g.20gb (0),1,,13,"void ch_est::chEstFilterNoDftSOfdmDispatchKernel<float, __half, float, (unsigned int)2>(ch_est::puschRxChEstStatDescr_t *, ch_est::puschRxChEstDynDescr_t *)"
4585483672,2528,295369,103,1,1,128,1,1,16,0.000,0.000,,,,,NVIDIA A100-SXM4-40GB MIG 4g.20gb (0),1,,13,cupy_copy__complex64_complex64
4585498328,12576,295379,1434,1,1,128,1,1,16,0.000,0.000,,,,,NVIDIA A100-SXM4-40GB MIG 4g.20gb (0),1,,13,cupy_copy__complex64_complex64
4585527896,2496,295386,103,1,1,128,1,1,16,0.000,0.000,,,,,NVIDIA A100-SXM4-40GB MIG 4g.20gb (0),1,,13,cupy_copy__complex64_complex64
4585544855,82751,295393,1,1,1,32,32,1,30,0.000,0.000,,,,,NVIDIA A100-SXM4-40GB MIG 4g.20gb (0),1,,13,"void convert_kernel<__half2, float2>(tensor_layout_any, T1 *, tensor_layout_any, const T2 *)"
4585655254,5920,295396,,,,,,,,,,0.094,15826.941,Pinned,Device,NVIDIA A100-SXM4-40GB MIG 4g.20gb (0),1,,13,[CUDA memcpy Host-to-Device]
4585667926,47327,295397,,,,,,,,,,35.810,756627.800,Device,,NVIDIA A100-SXM4-40GB MIG 4g.20gb (0),1,,13,[CUDA memset]
4585721077,5408,295399,,,,,,,,,,0.000,14.793,Pinned,Device,NVIDIA A100-SXM4-40GB MIG 4g.20gb (0),1,,13,[CUDA memcpy Host-to-Device]
4585729845,14368,295400,,,,,,,,,,0.197,13683.720,Pinned,Device,NVIDIA A100-SXM4-40GB MIG 4g.20gb (0),1,,13,[CUDA memcpy Host-to-Device]
4585753333,10176,295401,273,1,1,48,1,1,40,0.000,0.001,,,,,NVIDIA A100-SXM4-40GB MIG 4g.20gb (0),1,,13,"void pusch_noise_intf_est::noiseIntfEstNoDftSOfdmKernel<float, __half, float, float, (unsigned int)2, (unsigned int)1, (unsigned char)4, (unsigned char)4>(pusch_noise_intf_est::puschRxNoiseIntfEstDynDescr)"
4585768021,2752,295412,35,1,1,128,1,1,16,0.000,0.000,,,,,NVIDIA A100-SXM4-40GB MIG 4g.20gb (0),1,,13,cupy_copy__complex64_complex64
4585777333,1951,295421,1,1,1,1,1,1,18,0.000,0.000,,,,,NVIDIA A100-SXM4-40GB MIG 4g.20gb (0),1,,13,cupy_copy__float32_float32
4585808276,1568,295427,,,,,,,,,,0.000,2.551,Device,Pageable,NVIDIA A100-SXM4-40GB MIG 4g.20gb (0),1,,7,[CUDA memcpy Device-to-Host]
4585868659,12864,295438,1434,1,1,128,1,1,16,0.000,0.000,,,,,NVIDIA A100-SXM4-40GB MIG 4g.20gb (0),1,,13,cupy_copy__complex64_complex64
4585896403,3328,295445,103,1,1,128,1,1,16,0.000,0.000,,,,,NVIDIA A100-SXM4-40GB MIG 4g.20gb (0),1,,13,cupy_copy__complex64_complex64
4585917747,2752,295452,35,1,1,128,1,1,16,0.000,0.000,,,,,NVIDIA A100-SXM4-40GB MIG 4g.20gb (0),1,,13,cupy_copy__complex64_complex64
4585935667,1824,295459,1,1,1,1,1,1,18,0.000,0.000,,,,,NVIDIA A100-SXM4-40GB MIG 4g.20gb (0),1,,13,cupy_copy__float32_float32
4586072305,82495,295470,1,1,1,32,32,1,30,0.000,0.000,,,,,NVIDIA A100-SXM4-40GB MIG 4g.20gb (0),1,,13,"void convert_kernel<__half2, float2>(tensor_layout_any, T1 *, tensor_layout_any, const T2 *)"
4586183248,5983,295473,,,,,,,,,,0.094,15660.349,Pinned,Device,NVIDIA A100-SXM4-40GB MIG 4g.20gb (0),1,,13,[CUDA memcpy Host-to-Device]
4586198255,3392,295474,,,,,,,,,,1.547,455961.768,Device,,NVIDIA A100-SXM4-40GB MIG 4g.20gb (0),1,,13,[CUDA memset]
4586204239,3360,295479,,,,,,,,,,0.031,9314.284,Pinned,Device,NVIDIA A100-SXM4-40GB MIG 4g.20gb (0),1,,13,[CUDA memcpy Host-to-Device]
4586210511,9408,295480,,,,,,,,,,0.197,20897.858,Pinned,Device,NVIDIA A100-SXM4-40GB MIG 4g.20gb (0),1,,13,[CUDA memcpy Host-to-Device]
4586224751,6368,295481,273,1,1,8,4,1,39,0.002,0.000,,,,,NVIDIA A100-SXM4-40GB MIG 4g.20gb (0),1,,13,"void channel_eq::eqMmseCoefCompLowMimoKernel<float, float, float, (unsigned int)4, (unsigned int)1, (unsigned int)4>(const channel_eq::_puschRxChEqStatDescr *, channel_eq::_puschRxChEqCoefCompDynDescr)"
4586233967,6208,295482,273,1,1,12,11,1,51,0.002,0.000,,,,,NVIDIA A100-SXM4-40GB MIG 4g.20gb (0),1,,13,"void channel_eq::eqMmseSoftDemapKernel<float, __half, __half, float, (unsigned int)4, (unsigned short)16383>(channel_eq::_puschRxChEqStatDescr *, channel_eq::_puschRxChEqSoftDemapDynDescr)"
4586241391,294268,295483,1,1,1,32,32,1,30,0.000,0.000,,,,,NVIDIA A100-SXM4-40GB MIG 4g.20gb (0),1,,13,"void convert_kernel<float2, __half2>(tensor_layout_any, T1 *, tensor_layout_any, const T2 *)"
4586536907,11008,295495,2253,1,1,128,1,1,16,0.000,0.000,,,,,NVIDIA A100-SXM4-40GB MIG 4g.20gb (0),1,,13,cupy_copy__float16_float16
4586549899,3936,295504,282,1,1,128,1,1,16,0.000,0.000,,,,,NVIDIA A100-SXM4-40GB MIG 4g.20gb (0),1,,13,cupy_copy__complex64_complex64
4586556363,2176,295513,26,1,1,128,1,1,16,0.000,0.000,,,,,NVIDIA A100-SXM4-40GB MIG 4g.20gb (0),1,,13,cupy_copy__float32_float32
4586560267,3840,295522,103,1,1,128,1,1,16,0.000,0.000,,,,,NVIDIA A100-SXM4-40GB MIG 4g.20gb (0),1,,13,cupy_copy__complex64_complex64
4586565835,11968,295532,1434,1,1,128,1,1,16,0.000,0.000,,,,,NVIDIA A100-SXM4-40GB MIG 4g.20gb (0),1,,13,cupy_copy__complex64_complex64
4586581259,86175,295537,1,1,1,32,32,1,30,0.000,0.000,,,,,NVIDIA A100-SXM4-40GB MIG 4g.20gb (0),1,,13,"void convert_kernel<__half2, float2>(tensor_layout_any, T1 *, tensor_layout_any, const T2 *)"
4586694473,5792,295540,,,,,,,,,,0.094,16176.708,Pinned,Device,NVIDIA A100-SXM4-40GB MIG 4g.20gb (0),1,,13,[CUDA memcpy Host-to-Device]
4586704073,603129,295541,,,,,,,,,,456.561,756978.868,Device,,NVIDIA A100-SXM4-40GB MIG 4g.20gb (0),1,,13,[CUDA memset]
4587314466,167262,295546,,,,,,,,,,1.235,7382.495,Pinned,Device,NVIDIA A100-SXM4-40GB MIG 4g.20gb (0),1,,13,[CUDA memcpy Host-to-Device]
4587491039,40448,295547,,,,,,,,,,0.197,4860.740,Pinned,Device,NVIDIA A100-SXM4-40GB MIG 4g.20gb (0),1,,13,[CUDA memcpy Host-to-Device]
4587560415,8543,295548,69,4,1,48,1,1,76,0.002,0.000,,,,,NVIDIA A100-SXM4-40GB MIG 4g.20gb (0),1,,13,"void ch_est::windowedChEstPreNoDftSOfdmKernel<float, __half, float, (unsigned int)2, (unsigned int)1, (unsigned short)4>(ch_est::puschRxChEstStatDescr_t *, ch_est::puschRxChEstDynDescr_t *)"
4587578110,7040,295549,137,2,1,24,2,1,44,0.001,0.001,,,,,NVIDIA A100-SXM4-40GB MIG 4g.20gb (0),1,,13,"void ch_est::chEstFilterNoDftSOfdmDispatchKernel<float, __half, float, (unsigned int)2>(ch_est::puschRxChEstStatDescr_t *, ch_est::puschRxChEstDynDescr_t *)"
4587594654,4768,295550,137,2,1,24,2,1,44,0.001,0.001,,,,,NVIDIA A100-SXM4-40GB MIG 4g.20gb (0),1,,13,"void ch_est::chEstFilterNoDftSOfdmDispatchKernel<float, __half, float, (unsigned int)2>(ch_est::puschRxChEstStatDescr_t *, ch_est::puschRxChEstDynDescr_t *)"
4587610942,2624,295561,103,1,1,128,1,1,16,0.000,0.000,,,,,NVIDIA A100-SXM4-40GB MIG 4g.20gb (0),1,,13,cupy_copy__complex64_complex64
4587626430,12416,295571,1434,1,1,128,1,1,16,0.000,0.000,,,,,NVIDIA A100-SXM4-40GB MIG 4g.20gb (0),1,,13,cupy_copy__complex64_complex64
4587641790,2879,295578,103,1,1,128,1,1,16,0.000,0.000,,,,,NVIDIA A100-SXM4-40GB MIG 4g.20gb (0),1,,13,cupy_copy__complex64_complex64
4587664253,85919,295585,1,1,1,32,32,1,30,0.000,0.000,,,,,NVIDIA A100-SXM4-40GB MIG 4g.20gb (0),1,,13,"void convert_kernel<__half2, float2>(tensor_layout_any, T1 *, tensor_layout_any, const T2 *)"
4587782204,15328,295588,,,,,,,,,,0.094,6112.727,Pinned,Device,NVIDIA A100-SXM4-40GB MIG 4g.20gb (0),1,,13,[CUDA memcpy Host-to-Device]
4587810075,47712,295589,,,,,,,,,,35.810,750540.113,Device,,NVIDIA A100-SXM4-40GB MIG 4g.20gb (0),1,,13,[CUDA memset]
4587864667,4064,295591,,,,,,,,,,0.000,19.685,Pinned,Device,NVIDIA A100-SXM4-40GB MIG 4g.20gb (0),1,,13,[CUDA memcpy Host-to-Device]
4587875803,18367,295592,,,,,,,,,,0.197,10704.323,Pinned,Device,NVIDIA A100-SXM4-40GB MIG 4g.20gb (0),1,,13,[CUDA memcpy Host-to-Device]
4587905018,9984,295593,273,1,1,48,1,1,40,0.000,0.001,,,,,NVIDIA A100-SXM4-40GB MIG 4g.20gb (0),1,,13,"void pusch_noise_intf_est::noiseIntfEstNoDftSOfdmKernel<float, __half, float, float, (unsigned int)2, (unsigned int)1, (unsigned char)4, (unsigned char)4>(pusch_noise_intf_est::puschRxNoiseIntfEstDynDescr)"
4587921818,3232,295604,35,1,1,128,1,1,16,0.000,0.000,,,,,NVIDIA A100-SXM4-40GB MIG 4g.20gb (0),1,,13,cupy_copy__complex64_complex64
4587927578,1888,295613,1,1,1,1,1,1,18,0.000,0.000,,,,,NVIDIA A100-SXM4-40GB MIG 4g.20gb (0),1,,13,cupy_copy__float32_float32
4587930938,2880,295619,,,,,,,,,,0.000,1.389,Device,Pageable,NVIDIA A100-SXM4-40GB MIG 4g.20gb (0),1,,7,[CUDA memcpy Device-to-Host]
4587996345,12768,295630,1434,1,1,128,1,1,16,0.000,0.000,,,,,NVIDIA A100-SXM4-40GB MIG 4g.20gb (0),1,,13,cupy_copy__complex64_complex64
4588023545,2752,295637,103,1,1,128,1,1,16,0.000,0.000,,,,,NVIDIA A100-SXM4-40GB MIG 4g.20gb (0),1,,13,cupy_copy__complex64_complex64
4588043609,2592,295644,35,1,1,128,1,1,16,0.000,0.000,,,,,NVIDIA A100-SXM4-40GB MIG 4g.20gb (0),1,,13,cupy_copy__complex64_complex64
4588066296,1920,295651,1,1,1,1,1,1,18,0.000,0.000,,,,,NVIDIA A100-SXM4-40GB MIG 4g.20gb (0),1,,13,cupy_copy__float32_float32
4588198583,82431,295662,1,1,1,32,32,1,30,0.000,0.000,,,,,NVIDIA A100-SXM4-40GB MIG 4g.20gb (0),1,,13,"void convert_kernel<__half2, float2>(tensor_layout_any, T1 *, tensor_layout_any, const T2 *)"
4588308757,5984,295665,,,,,,,,,,0.094,15657.726,Pinned,Device,NVIDIA A100-SXM4-40GB MIG 4g.20gb (0),1,,13,[CUDA memcpy Host-to-Device]
4588323125,3072,295666,,,,,,,,,,1.547,503457.044,Device,,NVIDIA A100-SXM4-40GB MIG 4g.20gb (0),1,,13,[CUDA memset]
4588330133,3040,295671,,,,,,,,,,0.031,10294.725,Pinned,Device,NVIDIA A100-SXM4-40GB MIG 4g.20gb (0),1,,13,[CUDA memcpy Host-to-Device]
4588335573,10272,295672,,,,,,,,,,0.197,19140.182,Pinned,Device,NVIDIA A100-SXM4-40GB MIG 4g.20gb (0),1,,13,[CUDA memcpy Host-to-Device]
4588350613,6336,295673,273,1,1,8,4,1,39,0.002,0.000,,,,,NVIDIA A100-SXM4-40GB MIG 4g.20gb (0),1,,13,"void channel_eq::eqMmseCoefCompLowMimoKernel<float, float, float, (unsigned int)4, (unsigned int)1, (unsigned int)4>(const channel_eq::_puschRxChEqStatDescr *, channel_eq::_puschRxChEqCoefCompDynDescr)"
4588359157,6048,295674,273,1,1,12,11,1,51,0.002,0.000,,,,,NVIDIA A100-SXM4-40GB MIG 4g.20gb (0),1,,13,"void channel_eq::eqMmseSoftDemapKernel<float, __half, __half, float, (unsigned int)4, (unsigned short)16383>(channel_eq::_puschRxChEqStatDescr *, channel_eq::_puschRxChEqSoftDemapDynDescr)"
4588366517,283356,295675,1,1,1,32,32,1,30,0.000,0.000,,,,,NVIDIA A100-SXM4-40GB MIG 4g.20gb (0),1,,13,"void convert_kernel<float2, __half2>(tensor_layout_any, T1 *, tensor_layout_any, const T2 *)"
4588652593,10880,295687,2253,1,1,128,1,1,16,0.000,0.000,,,,,NVIDIA A100-SXM4-40GB MIG 4g.20gb (0),1,,13,cupy_copy__float16_float16
4588667441,3392,295696,282,1,1,128,1,1,16,0.000,0.000,,,,,NVIDIA A100-SXM4-40GB MIG 4g.20gb (0),1,,13,cupy_copy__complex64_complex64
4588674289,2144,295705,26,1,1,128,1,1,16,0.000,0.000,,,,,NVIDIA A100-SXM4-40GB MIG 4g.20gb (0),1,,13,cupy_copy__float32_float32
4588678129,3392,295714,103,1,1,128,1,1,16,0.000,0.000,,,,,NVIDIA A100-SXM4-40GB MIG 4g.20gb (0),1,,13,cupy_copy__complex64_complex64
4588682609,11904,295724,1434,1,1,128,1,1,16,0.000,0.000,,,,,NVIDIA A100-SXM4-40GB MIG 4g.20gb (0),1,,13,cupy_copy__complex64_complex64
4588699440,86527,295729,1,1,1,32,32,1,30,0.000,0.000,,,,,NVIDIA A100-SXM4-40GB MIG 4g.20gb (0),1,,13,"void convert_kernel<__half2, float2>(tensor_layout_any, T1 *, tensor_layout_any, const T2 *)"
4588812975,5728,295732,,,,,,,,,,0.094,16357.541,Pinned,Device,NVIDIA A100-SXM4-40GB MIG 4g.20gb (0),1,,13,[CUDA memcpy Host-to-Device]
4588822639,598585,295733,,,,,,,,,,456.561,762457.605,Device,,NVIDIA A100-SXM4-40GB MIG 4g.20gb (0),1,,13,[CUDA memset]
4589424904,164318,295738,,,,,,,,,,1.235,7514.634,Pinned,Device,NVIDIA A100-SXM4-40GB MIG 4g.20gb (0),1,,13,[CUDA memcpy Host-to-Device]
4589601285,39904,295739,,,,,,,,,,0.197,4926.996,Pinned,Device,NVIDIA A100-SXM4-40GB MIG 4g.20gb (0),1,,13,[CUDA memcpy Host-to-Device]
4589658821,8288,295740,69,4,1,48,1,1,76,0.002,0.000,,,,,NVIDIA A100-SXM4-40GB MIG 4g.20gb (0),1,,13,"void ch_est::windowedChEstPreNoDftSOfdmKernel<float, __half, float, (unsigned int)2, (unsigned int)1, (unsigned short)4>(ch_est::puschRxChEstStatDescr_t *, ch_est::puschRxChEstDynDescr_t *)"
4589676388,6368,295741,137,2,1,24,2,1,44,0.001,0.001,,,,,NVIDIA A100-SXM4-40GB MIG 4g.20gb (0),1,,13,"void ch_est::chEstFilterNoDftSOfdmDispatchKernel<float, __half, float, (unsigned int)2>(ch_est::puschRxChEstStatDescr_t *, ch_est::puschRxChEstDynDescr_t *)"
4589696228,4768,295742,137,2,1,24,2,1,44,0.001,0.001,,,,,NVIDIA A100-SXM4-40GB MIG 4g.20gb (0),1,,13,"void ch_est::chEstFilterNoDftSOfdmDispatchKernel<float, __half, float, (unsigned int)2>(ch_est::puschRxChEstStatDescr_t *, ch_est::puschRxChEstDynDescr_t *)"
4589712868,2752,295753,103,1,1,128,1,1,16,0.000,0.000,,,,,NVIDIA A100-SXM4-40GB MIG 4g.20gb (0),1,,13,cupy_copy__complex64_complex64
4589730020,12256,295763,1434,1,1,128,1,1,16,0.000,0.000,,,,,NVIDIA A100-SXM4-40GB MIG 4g.20gb (0),1,,13,cupy_copy__complex64_complex64
4589752292,2527,295770,103,1,1,128,1,1,16,0.000,0.000,,,,,NVIDIA A100-SXM4-40GB MIG 4g.20gb (0),1,,13,cupy_copy__complex64_complex64
4589775907,88191,295777,1,1,1,32,32,1,30,0.000,0.000,,,,,NVIDIA A100-SXM4-40GB MIG 4g.20gb (0),1,,13,"void convert_kernel<__half2, float2>(tensor_layout_any, T1 *, tensor_layout_any, const T2 *)"
4589902050,16287,295780,,,,,,,,,,0.094,5752.747,Pinned,Device,NVIDIA A100-SXM4-40GB MIG 4g.20gb (0),1,,13,[CUDA memcpy Host-to-Device]
4589948897,46656,295781,,,,,,,,,,35.810,767514.015,Device,,NVIDIA A100-SXM4-40GB MIG 4g.20gb (0),1,,13,[CUDA memset]
4589999840,11360,295783,,,,,,,,,,0.000,7.042,Pinned,Device,NVIDIA A100-SXM4-40GB MIG 4g.20gb (0),1,,13,[CUDA memcpy Host-to-Device]
4590019936,29376,295784,,,,,,,,,,0.197,6692.733,Pinned,Device,NVIDIA A100-SXM4-40GB MIG 4g.20gb (0),1,,13,[CUDA memcpy Host-to-Device]
4590070720,9567,295785,273,1,1,48,1,1,40,0.000,0.001,,,,,NVIDIA A100-SXM4-40GB MIG 4g.20gb (0),1,,13,"void pusch_noise_intf_est::noiseIntfEstNoDftSOfdmKernel<float, __half, float, float, (unsigned int)2, (unsigned int)1, (unsigned char)4, (unsigned char)4>(pusch_noise_intf_est::puschRxNoiseIntfEstDynDescr)"
4590087295,2752,295796,35,1,1,128,1,1,16,0.000,0.000,,,,,NVIDIA A100-SXM4-40GB MIG 4g.20gb (0),1,,13,cupy_copy__complex64_complex64
4590103743,1728,295805,1,1,1,1,1,1,18,0.000,0.000,,,,,NVIDIA A100-SXM4-40GB MIG 4g.20gb (0),1,,13,cupy_copy__float32_float32
4590107199,8544,295811,,,,,,,,,,0.000,0.468,Device,Pageable,NVIDIA A100-SXM4-40GB MIG 4g.20gb (0),1,,7,[CUDA memcpy Device-to-Host]
4590208414,13312,295822,1434,1,1,128,1,1,16,0.000,0.000,,,,,NVIDIA A100-SXM4-40GB MIG 4g.20gb (0),1,,13,cupy_copy__complex64_complex64
4590228798,3392,295829,103,1,1,128,1,1,16,0.000,0.000,,,,,NVIDIA A100-SXM4-40GB MIG 4g.20gb (0),1,,13,cupy_copy__complex64_complex64
4590250941,2368,295836,35,1,1,128,1,1,16,0.000,0.000,,,,,NVIDIA A100-SXM4-40GB MIG 4g.20gb (0),1,,13,cupy_copy__complex64_complex64
4590271997,1792,295843,1,1,1,1,1,1,18,0.000,0.000,,,,,NVIDIA A100-SXM4-40GB MIG 4g.20gb (0),1,,13,cupy_copy__float32_float32
4590392540,82527,295854,1,1,1,32,32,1,30,0.000,0.000,,,,,NVIDIA A100-SXM4-40GB MIG 4g.20gb (0),1,,13,"void convert_kernel<__half2, float2>(tensor_layout_any, T1 *, tensor_layout_any, const T2 *)"
4590502266,5536,295857,,,,,,,,,,0.094,16924.777,Pinned,Device,NVIDIA A100-SXM4-40GB MIG 4g.20gb (0),1,,13,[CUDA memcpy Host-to-Device]
4590517434,3328,295858,,,,,,,,,,1.547,464729.580,Device,,NVIDIA A100-SXM4-40GB MIG 4g.20gb (0),1,,13,[CUDA memset]
4590523738,3616,295863,,,,,,,,,,0.031,8654.846,Pinned,Device,NVIDIA A100-SXM4-40GB MIG 4g.20gb (0),1,,13,[CUDA memcpy Host-to-Device]
4590529978,10112,295864,,,,,,,,,,0.197,19442.958,Pinned,Device,NVIDIA A100-SXM4-40GB MIG 4g.20gb (0),1,,13,[CUDA memcpy Host-to-Device]
4590545306,6688,295865,273,1,1,8,4,1,39,0.002,0.000,,,,,NVIDIA A100-SXM4-40GB MIG 4g.20gb (0),1,,13,"void channel_eq::eqMmseCoefCompLowMimoKernel<float, float, float, (unsigned int)4, (unsigned int)1, (unsigned int)4>(const channel_eq::_puschRxChEqStatDescr *, channel_eq::_puschRxChEqCoefCompDynDescr)"
4590553050,6048,295866,273,1,1,12,11,1,51,0.002,0.000,,,,,NVIDIA A100-SXM4-40GB MIG 4g.20gb (0),1,,13,"void channel_eq::eqMmseSoftDemapKernel<float, __half, __half, float, (unsigned int)4, (unsigned short)16383>(channel_eq::_puschRxChEqStatDescr *, channel_eq::_puschRxChEqSoftDemapDynDescr)"
4590560122,282332,295867,1,1,1,32,32,1,30,0.000,0.000,,,,,NVIDIA A100-SXM4-40GB MIG 4g.20gb (0),1,,13,"void convert_kernel<float2, __half2>(tensor_layout_any, T1 *, tensor_layout_any, const T2 *)"
4590843478,10560,295879,2253,1,1,128,1,1,16,0.000,0.000,,,,,NVIDIA A100-SXM4-40GB MIG 4g.20gb (0),1,,13,cupy_copy__float16_float16
4590855126,2912,295888,282,1,1,128,1,1,16,0.000,0.000,,,,,NVIDIA A100-SXM4-40GB MIG 4g.20gb (0),1,,13,cupy_copy__complex64_complex64
4590862166,2112,295897,26,1,1,128,1,1,16,0.000,0.000,,,,,NVIDIA A100-SXM4-40GB MIG 4g.20gb (0),1,,13,cupy_copy__float32_float32
4590865238,2912,295906,103,1,1,128,1,1,16,0.000,0.000,,,,,NVIDIA A100-SXM4-40GB MIG 4g.20gb (0),1,,13,cupy_copy__complex64_complex64
4590870870,12032,295916,1434,1,1,128,1,1,16,0.000,0.000,,,,,NVIDIA A100-SXM4-40GB MIG 4g.20gb (0),1,,13,cupy_copy__complex64_complex64
4590900789,82079,295921,1,1,1,32,32,1,30,0.000,0.000,,,,,NVIDIA A100-SXM4-40GB MIG 4g.20gb (0),1,,13,"void convert_kernel<__half2, float2>(tensor_layout_any, T1 *, tensor_layout_any, const T2 *)"
4591010452,5824,295924,,,,,,,,,,0.094,16087.884,Pinned,Device,NVIDIA A100-SXM4-40GB MIG 4g.20gb (0),1,,13,[CUDA memcpy Host-to-Device]
4591022100,602712,295925,,,,,,,,,,456.561,757435.429,Device,,NVIDIA A100-SXM4-40GB MIG 4g.20gb (0),1,,13,[CUDA memset]
4591627788,62144,295930,,,,,,,,,,1.235,19871.484,Pinned,Device,NVIDIA A100-SXM4-40GB MIG 4g.20gb (0),1,,13,[CUDA memcpy Host-to-Device]
4591693676,10527,295931,,,,,,,,,,0.197,18676.384,Pinned,Device,NVIDIA A100-SXM4-40GB MIG 4g.20gb (0),1,,13,[CUDA memcpy Host-to-Device]
4591709067,8768,295932,69,4,1,48,1,1,76,0.002,0.000,,,,,NVIDIA A100-SXM4-40GB MIG 4g.20gb (0),1,,13,"void ch_est::windowedChEstPreNoDftSOfdmKernel<float, __half, float, (unsigned int)2, (unsigned int)1, (unsigned short)4>(ch_est::puschRxChEstStatDescr_t *, ch_est::puschRxChEstDynDescr_t *)"
4591722763,7264,295933,137,2,1,24,2,1,44,0.001,0.001,,,,,NVIDIA A100-SXM4-40GB MIG 4g.20gb (0),1,,13,"void ch_est::chEstFilterNoDftSOfdmDispatchKernel<float, __half, float, (unsigned int)2>(ch_est::puschRxChEstStatDescr_t *, ch_est::puschRxChEstDynDescr_t *)"
4591731851,6368,295934,137,2,1,24,2,1,44,0.001,0.001,,,,,NVIDIA A100-SXM4-40GB MIG 4g.20gb (0),1,,13,"void ch_est::chEstFilterNoDftSOfdmDispatchKernel<float, __half, float, (unsigned int)2>(ch_est::puschRxChEstStatDescr_t *, ch_est::puschRxChEstDynDescr_t *)"
4591739723,2912,295945,103,1,1,128,1,1,16,0.000,0.000,,,,,NVIDIA A100-SXM4-40GB MIG 4g.20gb (0),1,,13,cupy_copy__complex64_complex64
4591743691,12704,295955,1434,1,1,128,1,1,16,0.000,0.000,,,,,NVIDIA A100-SXM4-40GB MIG 4g.20gb (0),1,,13,cupy_copy__complex64_complex64
4591761003,3136,295962,103,1,1,128,1,1,16,0.000,0.000,,,,,NVIDIA A100-SXM4-40GB MIG 4g.20gb (0),1,,13,cupy_copy__complex64_complex64
4591766763,82719,295969,1,1,1,32,32,1,30,0.000,0.000,,,,,NVIDIA A100-SXM4-40GB MIG 4g.20gb (0),1,,13,"void convert_kernel<__half2, float2>(tensor_layout_any, T1 *, tensor_layout_any, const T2 *)"
4591876713,5504,295972,,,,,,,,,,0.094,17023.251,Pinned,Device,NVIDIA A100-SXM4-40GB MIG 4g.20gb (0),1,,13,[CUDA memcpy Host-to-Device]
4591888905,47712,295973,,,,,,,,,,35.810,750540.113,Device,,NVIDIA A100-SXM4-40GB MIG 4g.20gb (0),1,,13,[CUDA memset]
4591941577,2880,295975,,,,,,,,,,0.000,27.778,Pinned,Device,NVIDIA A100-SXM4-40GB MIG 4g.20gb (0),1,,13,[CUDA memcpy Host-to-Device]
4591949640,12224,295976,,,,,,,,,,0.197,16083.714,Pinned,Device,NVIDIA A100-SXM4-40GB MIG 4g.20gb (0),1,,13,[CUDA memcpy Host-to-Device]
4591971368,13312,295977,273,1,1,48,1,1,40,0.000,0.001,,,,,NVIDIA A100-SXM4-40GB MIG 4g.20gb (0),1,,13,"void pusch_noise_intf_est::noiseIntfEstNoDftSOfdmKernel<float, __half, float, float, (unsigned int)2, (unsigned int)1, (unsigned char)4, (unsigned char)4>(pusch_noise_intf_est::puschRxNoiseIntfEstDynDescr)"
4591989416,2656,295988,35,1,1,128,1,1,16,0.000,0.000,,,,,NVIDIA A100-SXM4-40GB MIG 4g.20gb (0),1,,13,cupy_copy__complex64_complex64
4591998344,1920,295997,1,1,1,1,1,1,18,0.000,0.000,,,,,NVIDIA A100-SXM4-40GB MIG 4g.20gb (0),1,,13,cupy_copy__float32_float32
4592031111,1600,296003,,,,,,,,,,0.000,2.500,Device,Pageable,NVIDIA A100-SXM4-40GB MIG 4g.20gb (0),1,,7,[CUDA memcpy Device-to-Host]
4592090791,12832,296014,1434,1,1,128,1,1,16,0.000,0.000,,,,,NVIDIA A100-SXM4-40GB MIG 4g.20gb (0),1,,13,cupy_copy__complex64_complex64
4592121382,2976,296021,103,1,1,128,1,1,16,0.000,0.000,,,,,NVIDIA A100-SXM4-40GB MIG 4g.20gb (0),1,,13,cupy_copy__complex64_complex64
4592143494,2752,296028,35,1,1,128,1,1,16,0.000,0.000,,,,,NVIDIA A100-SXM4-40GB MIG 4g.20gb (0),1,,13,cupy_copy__complex64_complex64
4592160998,1760,296035,1,1,1,1,1,1,18,0.000,0.000,,,,,NVIDIA A100-SXM4-40GB MIG 4g.20gb (0),1,,13,cupy_copy__float32_float32
4592293380,82111,296046,1,1,1,32,32,1,30,0.000,0.000,,,,,NVIDIA A100-SXM4-40GB MIG 4g.20gb (0),1,,13,"void convert_kernel<__half2, float2>(tensor_layout_any, T1 *, tensor_layout_any, const T2 *)"
4592403267,5568,296049,,,,,,,,,,0.094,16827.521,Pinned,Device,NVIDIA A100-SXM4-40GB MIG 4g.20gb (0),1,,13,[CUDA memcpy Host-to-Device]
4592417283,3424,296050,,,,,,,,,,1.547,451700.819,Device,,NVIDIA A100-SXM4-40GB MIG 4g.20gb (0),1,,13,[CUDA memset]
4592424803,3232,296055,,,,,,,,,,0.031,9683.139,Pinned,Device,NVIDIA A100-SXM4-40GB MIG 4g.20gb (0),1,,13,[CUDA memcpy Host-to-Device]
4592430531,10015,296056,,,,,,,,,,0.197,19631.309,Pinned,Device,NVIDIA A100-SXM4-40GB MIG 4g.20gb (0),1,,13,[CUDA memcpy Host-to-Device]
4592446466,6720,296057,273,1,1,8,4,1,39,0.002,0.000,,,,,NVIDIA A100-SXM4-40GB MIG 4g.20gb (0),1,,13,"void channel_eq::eqMmseCoefCompLowMimoKernel<float, float, float, (unsigned int)4, (unsigned int)1, (unsigned int)4>(const channel_eq::_puschRxChEqStatDescr *, channel_eq::_puschRxChEqCoefCompDynDescr)"
4592454146,6272,296058,273,1,1,12,11,1,51,0.002,0.000,,,,,NVIDIA A100-SXM4-40GB MIG 4g.20gb (0),1,,13,"void channel_eq::eqMmseSoftDemapKernel<float, __half, __half, float, (unsigned int)4, (unsigned short)16383>(channel_eq::_puschRxChEqStatDescr *, channel_eq::_puschRxChEqSoftDemapDynDescr)"
4592461378,282205,296059,1,1,1,32,32,1,30,0.000,0.000,,,,,NVIDIA A100-SXM4-40GB MIG 4g.20gb (0),1,,13,"void convert_kernel<float2, __half2>(tensor_layout_any, T1 *, tensor_layout_any, const T2 *)"
4592744575,11008,296071,2253,1,1,128,1,1,16,0.000,0.000,,,,,NVIDIA A100-SXM4-40GB MIG 4g.20gb (0),1,,13,cupy_copy__float16_float16
4592759582,3008,296080,282,1,1,128,1,1,16,0.000,0.000,,,,,NVIDIA A100-SXM4-40GB MIG 4g.20gb (0),1,,13,cupy_copy__complex64_complex64
4592765182,2112,296089,26,1,1,128,1,1,16,0.000,0.000,,,,,NVIDIA A100-SXM4-40GB MIG 4g.20gb (0),1,,13,cupy_copy__float32_float32
4592768670,4800,296098,103,1,1,128,1,1,16,0.000,0.000,,,,,NVIDIA A100-SXM4-40GB MIG 4g.20gb (0),1,,13,cupy_copy__complex64_complex64
4592774558,11872,296108,1434,1,1,128,1,1,16,0.000,0.000,,,,,NVIDIA A100-SXM4-40GB MIG 4g.20gb (0),1,,13,cupy_copy__complex64_complex64
4592791294,82047,296113,1,1,1,32,32,1,30,0.000,0.000,,,,,NVIDIA A100-SXM4-40GB MIG 4g.20gb (0),1,,13,"void convert_kernel<__half2, float2>(tensor_layout_any, T1 *, tensor_layout_any, const T2 *)"
4592903581,5632,296116,,,,,,,,,,0.094,16636.287,Pinned,Device,NVIDIA A100-SXM4-40GB MIG 4g.20gb (0),1,,13,[CUDA memcpy Host-to-Device]
4592913373,598072,296117,,,,,,,,,,456.561,763370.728,Device,,NVIDIA A100-SXM4-40GB MIG 4g.20gb (0),1,,13,[CUDA memset]
4593520149,137118,296122,,,,,,,,,,1.235,9005.212,Pinned,Device,NVIDIA A100-SXM4-40GB MIG 4g.20gb (0),1,,13,[CUDA memcpy Host-to-Device]
4593669267,39904,296123,,,,,,,,,,0.197,4926.996,Pinned,Device,NVIDIA A100-SXM4-40GB MIG 4g.20gb (0),1,,13,[CUDA memcpy Host-to-Device]
4593726675,7999,296124,69,4,1,48,1,1,76,0.002,0.000,,,,,NVIDIA A100-SXM4-40GB MIG 4g.20gb (0),1,,13,"void ch_est::windowedChEstPreNoDftSOfdmKernel<float, __half, float, (unsigned int)2, (unsigned int)1, (unsigned short)4>(ch_est::puschRxChEstStatDescr_t *, ch_est::puschRxChEstDynDescr_t *)"
4593744050,6624,296125,137,2,1,24,2,1,44,0.001,0.001,,,,,NVIDIA A100-SXM4-40GB MIG 4g.20gb (0),1,,13,"void ch_est::chEstFilterNoDftSOfdmDispatchKernel<float, __half, float, (unsigned int)2>(ch_est::puschRxChEstStatDescr_t *, ch_est::puschRxChEstDynDescr_t *)"
4593761138,4736,296126,137,2,1,24,2,1,44,0.001,0.001,,,,,NVIDIA A100-SXM4-40GB MIG 4g.20gb (0),1,,13,"void ch_est::chEstFilterNoDftSOfdmDispatchKernel<float, __half, float, (unsigned int)2>(ch_est::puschRxChEstStatDescr_t *, ch_est::puschRxChEstDynDescr_t *)"
4593776210,2528,296137,103,1,1,128,1,1,16,0.000,0.000,,,,,NVIDIA A100-SXM4-40GB MIG 4g.20gb (0),1,,13,cupy_copy__complex64_complex64
4593795474,12768,296147,1434,1,1,128,1,1,16,0.000,0.000,,,,,NVIDIA A100-SXM4-40GB MIG 4g.20gb (0),1,,13,cupy_copy__complex64_complex64
4593834417,2624,296154,103,1,1,128,1,1,16,0.000,0.000,,,,,NVIDIA A100-SXM4-40GB MIG 4g.20gb (0),1,,13,cupy_copy__complex64_complex64
4593847409,82303,296161,1,1,1,32,32,1,30,0.000,0.000,,,,,NVIDIA A100-SXM4-40GB MIG 4g.20gb (0),1,,13,"void convert_kernel<__half2, float2>(tensor_layout_any, T1 *, tensor_layout_any, const T2 *)"
4593957072,5696,296164,,,,,,,,,,0.094,16449.363,Pinned,Device,NVIDIA A100-SXM4-40GB MIG 4g.20gb (0),1,,13,[CUDA memcpy Host-to-Device]
4593968848,47039,296165,,,,,,,,,,35.810,761247.279,Device,,NVIDIA A100-SXM4-40GB MIG 4g.20gb (0),1,,13,[CUDA memset]
4594020207,4768,296167,,,,,,,,,,0.000,16.778,Pinned,Device,NVIDIA A100-SXM4-40GB MIG 4g.20gb (0),1,,13,[CUDA memcpy Host-to-Device]
4594029167,13376,296168,,,,,,,,,,0.197,14698.414,Pinned,Device,NVIDIA A100-SXM4-40GB MIG 4g.20gb (0),1,,13,[CUDA memcpy Host-to-Device]
4594049359,10175,296169,273,1,1,48,1,1,40,0.000,0.001,,,,,NVIDIA A100-SXM4-40GB MIG 4g.20gb (0),1,,13,"void pusch_noise_intf_est::noiseIntfEstNoDftSOfdmKernel<float, __half, float, float, (unsigned int)2, (unsigned int)1, (unsigned char)4, (unsigned char)4>(pusch_noise_intf_est::puschRxNoiseIntfEstDynDescr)"
4594063406,2880,296180,35,1,1,128,1,1,16,0.000,0.000,,,,,NVIDIA A100-SXM4-40GB MIG 4g.20gb (0),1,,13,cupy_copy__complex64_complex64
4594078766,1920,296189,1,1,1,1,1,1,18,0.000,0.000,,,,,NVIDIA A100-SXM4-40GB MIG 4g.20gb (0),1,,13,cupy_copy__float32_float32
4594110030,1568,296195,,,,,,,,,,0.000,2.551,Device,Pageable,NVIDIA A100-SXM4-40GB MIG 4g.20gb (0),1,,7,[CUDA memcpy Device-to-Host]
4594173101,12928,296206,1434,1,1,128,1,1,16,0.000,0.000,,,,,NVIDIA A100-SXM4-40GB MIG 4g.20gb (0),1,,13,cupy_copy__complex64_complex64
4594199949,2944,296213,103,1,1,128,1,1,16,0.000,0.000,,,,,NVIDIA A100-SXM4-40GB MIG 4g.20gb (0),1,,13,cupy_copy__complex64_complex64
4594219916,2176,296220,35,1,1,128,1,1,16,0.000,0.000,,,,,NVIDIA A100-SXM4-40GB MIG 4g.20gb (0),1,,13,cupy_copy__complex64_complex64
4594238284,1984,296227,1,1,1,1,1,1,18,0.000,0.000,,,,,NVIDIA A100-SXM4-40GB MIG 4g.20gb (0),1,,13,cupy_copy__float32_float32
4594369579,81887,296238,1,1,1,32,32,1,30,0.000,0.000,,,,,NVIDIA A100-SXM4-40GB MIG 4g.20gb (0),1,,13,"void convert_kernel<__half2, float2>(tensor_layout_any, T1 *, tensor_layout_any, const T2 *)"
4594478985,5472,296241,,,,,,,,,,0.094,17122.757,Pinned,Device,NVIDIA A100-SXM4-40GB MIG 4g.20gb (0),1,,13,[CUDA memcpy Host-to-Device]
4594492617,3104,296242,,,,,,,,,,1.547,498266.574,Device,,NVIDIA A100-SXM4-40GB MIG 4g.20gb (0),1,,13,[CUDA memset]
4594499529,3488,296247,,,,,,,,,,0.031,8972.469,Pinned,Device,NVIDIA A100-SXM4-40GB MIG 4g.20gb (0),1,,13,[CUDA memcpy Host-to-Device]
4594505641,9696,296248,,,,,,,,,,0.197,20277.166,Pinned,Device,NVIDIA A100-SXM4-40GB MIG 4g.20gb (0),1,,13,[CUDA memcpy Host-to-Device]
4594521417,6272,296249,273,1,1,8,4,1,39,0.002,0.000,,,,,NVIDIA A100-SXM4-40GB MIG 4g.20gb (0),1,,13,"void channel_eq::eqMmseCoefCompLowMimoKernel<float, float, float, (unsigned int)4, (unsigned int)1, (unsigned int)4>(const channel_eq::_puschRxChEqStatDescr *, channel_eq::_puschRxChEqCoefCompDynDescr)"
4594528617,6144,296250,273,1,1,12,11,1,51,0.002,0.000,,,,,NVIDIA A100-SXM4-40GB MIG 4g.20gb (0),1,,13,"void channel_eq::eqMmseSoftDemapKernel<float, __half, __half, float, (unsigned int)4, (unsigned short)16383>(channel_eq::_puschRxChEqStatDescr *, channel_eq::_puschRxChEqSoftDemapDynDescr)"
4594535849,282748,296251,1,1,1,32,32,1,30,0.000,0.000,,,,,NVIDIA A100-SXM4-40GB MIG 4g.20gb (0),1,,13,"void convert_kernel<float2, __half2>(tensor_layout_any, T1 *, tensor_layout_any, const T2 *)"
4594819621,10976,296263,2253,1,1,128,1,1,16,0.000,0.000,,,,,NVIDIA A100-SXM4-40GB MIG 4g.20gb (0),1,,13,cupy_copy__float16_float16
4594834085,3264,296272,282,1,1,128,1,1,16,0.000,0.000,,,,,NVIDIA A100-SXM4-40GB MIG 4g.20gb (0),1,,13,cupy_copy__complex64_complex64
4594840165,2112,296281,26,1,1,128,1,1,16,0.000,0.000,,,,,NVIDIA A100-SXM4-40GB MIG 4g.20gb (0),1,,13,cupy_copy__float32_float32
4594843237,2816,296290,103,1,1,128,1,1,16,0.000,0.000,,,,,NVIDIA A100-SXM4-40GB MIG 4g.20gb (0),1,,13,cupy_copy__complex64_complex64
4594848805,12352,296300,1434,1,1,128,1,1,16,0.000,0.000,,,,,NVIDIA A100-SXM4-40GB MIG 4g.20gb (0),1,,13,cupy_copy__complex64_complex64
4594874276,82367,296305,1,1,1,32,32,1,30,0.000,0.000,,,,,NVIDIA A100-SXM4-40GB MIG 4g.20gb (0),1,,13,"void convert_kernel<__half2, float2>(tensor_layout_any, T1 *, tensor_layout_any, const T2 *)"
4594985251,5536,296308,,,,,,,,,,0.094,16924.777,Pinned,Device,NVIDIA A100-SXM4-40GB MIG 4g.20gb (0),1,,13,[CUDA memcpy Host-to-Device]
4594996195,598841,296309,,,,,,,,,,456.561,762001.043,Device,,NVIDIA A100-SXM4-40GB MIG 4g.20gb (0),1,,13,[CUDA memset]
4595602939,158142,296314,,,,,,,,,,1.235,7808.551,Pinned,Device,NVIDIA A100-SXM4-40GB MIG 4g.20gb (0),1,,13,[CUDA memcpy Host-to-Device]
4595776441,41312,296315,,,,,,,,,,0.197,4759.093,Pinned,Device,NVIDIA A100-SXM4-40GB MIG 4g.20gb (0),1,,13,[CUDA memcpy Host-to-Device]
4595851736,8288,296316,69,4,1,48,1,1,76,0.002,0.000,,,,,NVIDIA A100-SXM4-40GB MIG 4g.20gb (0),1,,13,"void ch_est::windowedChEstPreNoDftSOfdmKernel<float, __half, float, (unsigned int)2, (unsigned int)1, (unsigned short)4>(ch_est::puschRxChEstStatDescr_t *, ch_est::puschRxChEstDynDescr_t *)"
4595870968,6944,296317,137,2,1,24,2,1,44,0.001,0.001,,,,,NVIDIA A100-SXM4-40GB MIG 4g.20gb (0),1,,13,"void ch_est::chEstFilterNoDftSOfdmDispatchKernel<float, __half, float, (unsigned int)2>(ch_est::puschRxChEstStatDescr_t *, ch_est::puschRxChEstDynDescr_t *)"
4595887576,4800,296318,137,2,1,24,2,1,44,0.001,0.001,,,,,NVIDIA A100-SXM4-40GB MIG 4g.20gb (0),1,,13,"void ch_est::chEstFilterNoDftSOfdmDispatchKernel<float, __half, float, (unsigned int)2>(ch_est::puschRxChEstStatDescr_t *, ch_est::puschRxChEstDynDescr_t *)"
4595904728,2624,296329,103,1,1,128,1,1,16,0.000,0.000,,,,,NVIDIA A100-SXM4-40GB MIG 4g.20gb (0),1,,13,cupy_copy__complex64_complex64
4595920984,12351,296339,1434,1,1,128,1,1,16,0.000,0.000,,,,,NVIDIA A100-SXM4-40GB MIG 4g.20gb (0),1,,13,cupy_copy__complex64_complex64
4595945879,2560,296346,103,1,1,128,1,1,16,0.000,0.000,,,,,NVIDIA A100-SXM4-40GB MIG 4g.20gb (0),1,,13,cupy_copy__complex64_complex64
4595968471,88095,296353,1,1,1,32,32,1,30,0.000,0.000,,,,,NVIDIA A100-SXM4-40GB MIG 4g.20gb (0),1,,13,"void convert_kernel<__half2, float2>(tensor_layout_any, T1 *, tensor_layout_any, const T2 *)"
4596089269,24960,296356,,,,,,,,,,0.094,3753.837,Pinned,Device,NVIDIA A100-SXM4-40GB MIG 4g.20gb (0),1,,13,[CUDA memcpy Host-to-Device]
4596140309,46623,296357,,,,,,,,,,35.810,768051.164,Device,,NVIDIA A100-SXM4-40GB MIG 4g.20gb (0),1,,13,[CUDA memset]
4596193428,9280,296359,,,,,,,,,,0.000,8.621,Pinned,Device,NVIDIA A100-SXM4-40GB MIG 4g.20gb (0),1,,13,[CUDA memcpy Host-to-Device]
4596209204,27936,296360,,,,,,,,,,0.197,7037.780,Pinned,Device,NVIDIA A100-SXM4-40GB MIG 4g.20gb (0),1,,13,[CUDA memcpy Host-to-Device]
4596247635,9536,296361,273,1,1,48,1,1,40,0.000,0.001,,,,,NVIDIA A100-SXM4-40GB MIG 4g.20gb (0),1,,13,"void pusch_noise_intf_est::noiseIntfEstNoDftSOfdmKernel<float, __half, float, float, (unsigned int)2, (unsigned int)1, (unsigned char)4, (unsigned char)4>(pusch_noise_intf_est::puschRxNoiseIntfEstDynDescr)"
4596262899,3200,296372,35,1,1,128,1,1,16,0.000,0.000,,,,,NVIDIA A100-SXM4-40GB MIG 4g.20gb (0),1,,13,cupy_copy__complex64_complex64
4596270835,1888,296381,1,1,1,1,1,1,18,0.000,0.000,,,,,NVIDIA A100-SXM4-40GB MIG 4g.20gb (0),1,,13,cupy_copy__float32_float32
4596278771,4128,296387,,,,,,,,,,0.000,0.969,Device,Pageable,NVIDIA A100-SXM4-40GB MIG 4g.20gb (0),1,,7,[CUDA memcpy Device-to-Host]
4596348210,12800,296398,1434,1,1,128,1,1,16,0.000,0.000,,,,,NVIDIA A100-SXM4-40GB MIG 4g.20gb (0),1,,13,cupy_copy__complex64_complex64
4596376018,3680,296405,103,1,1,128,1,1,16,0.000,0.000,,,,,NVIDIA A100-SXM4-40GB MIG 4g.20gb (0),1,,13,cupy_copy__complex64_complex64
4596394578,2496,296412,35,1,1,128,1,1,16,0.000,0.000,,,,,NVIDIA A100-SXM4-40GB MIG 4g.20gb (0),1,,13,cupy_copy__complex64_complex64
4596413553,1824,296419,1,1,1,1,1,1,18,0.000,0.000,,,,,NVIDIA A100-SXM4-40GB MIG 4g.20gb (0),1,,13,cupy_copy__float32_float32
4596544528,85887,296430,1,1,1,32,32,1,30,0.000,0.000,,,,,NVIDIA A100-SXM4-40GB MIG 4g.20gb (0),1,,13,"void convert_kernel<__half2, float2>(tensor_layout_any, T1 *, tensor_layout_any, const T2 *)"
4596658446,5664,296433,,,,,,,,,,0.094,16542.310,Pinned,Device,NVIDIA A100-SXM4-40GB MIG 4g.20gb (0),1,,13,[CUDA memcpy Host-to-Device]
4596672302,3488,296434,,,,,,,,,,1.547,443412.461,Device,,NVIDIA A100-SXM4-40GB MIG 4g.20gb (0),1,,13,[CUDA memset]
4596679726,3296,296439,,,,,,,,,,0.031,9495.144,Pinned,Device,NVIDIA A100-SXM4-40GB MIG 4g.20gb (0),1,,13,[CUDA memcpy Host-to-Device]
4596685550,10144,296440,,,,,,,,,,0.197,19381.617,Pinned,Device,NVIDIA A100-SXM4-40GB MIG 4g.20gb (0),1,,13,[CUDA memcpy Host-to-Device]
4596701486,6112,296441,273,1,1,8,4,1,39,0.002,0.000,,,,,NVIDIA A100-SXM4-40GB MIG 4g.20gb (0),1,,13,"void channel_eq::eqMmseCoefCompLowMimoKernel<float, float, float, (unsigned int)4, (unsigned int)1, (unsigned int)4>(const channel_eq::_puschRxChEqStatDescr *, channel_eq::_puschRxChEqCoefCompDynDescr)"
4596708910,6208,296442,273,1,1,12,11,1,51,0.002,0.000,,,,,NVIDIA A100-SXM4-40GB MIG 4g.20gb (0),1,,13,"void channel_eq::eqMmseSoftDemapKernel<float, __half, __half, float, (unsigned int)4, (unsigned short)16383>(channel_eq::_puschRxChEqStatDescr *, channel_eq::_puschRxChEqSoftDemapDynDescr)"
4596716686,294652,296443,1,1,1,32,32,1,30,0.000,0.000,,,,,NVIDIA A100-SXM4-40GB MIG 4g.20gb (0),1,,13,"void convert_kernel<float2, __half2>(tensor_layout_any, T1 *, tensor_layout_any, const T2 *)"
4597013290,11136,296455,2253,1,1,128,1,1,16,0.000,0.000,,,,,NVIDIA A100-SXM4-40GB MIG 4g.20gb (0),1,,13,cupy_copy__float16_float16
4597026666,3264,296464,282,1,1,128,1,1,16,0.000,0.000,,,,,NVIDIA A100-SXM4-40GB MIG 4g.20gb (0),1,,13,cupy_copy__complex64_complex64
4597030986,2048,296473,26,1,1,128,1,1,16,0.000,0.000,,,,,NVIDIA A100-SXM4-40GB MIG 4g.20gb (0),1,,13,cupy_copy__float32_float32
4597034666,3072,296482,103,1,1,128,1,1,16,0.000,0.000,,,,,NVIDIA A100-SXM4-40GB MIG 4g.20gb (0),1,,13,cupy_copy__complex64_complex64
4597038730,11744,296492,1434,1,1,128,1,1,16,0.000,0.000,,,,,NVIDIA A100-SXM4-40GB MIG 4g.20gb (0),1,,13,cupy_copy__complex64_complex64
4597052874,87294,296497,1,1,1,32,32,1,30,0.000,0.000,,,,,NVIDIA A100-SXM4-40GB MIG 4g.20gb (0),1,,13,"void convert_kernel<__half2, float2>(tensor_layout_any, T1 *, tensor_layout_any, const T2 *)"
4597166824,5440,296500,,,,,,,,,,0.094,17223.480,Pinned,Device,NVIDIA A100-SXM4-40GB MIG 4g.20gb (0),1,,13,[CUDA memcpy Host-to-Device]
4597176712,597913,296501,,,,,,,,,,456.561,763370.728,Device,,NVIDIA A100-SXM4-40GB MIG 4g.20gb (0),1,,13,[CUDA memset]
4597781377,169310,296506,,,,,,,,,,1.235,7293.579,Pinned,Device,NVIDIA A100-SXM4-40GB MIG 4g.20gb (0),1,,13,[CUDA memcpy Host-to-Device]
4597963902,40128,296507,,,,,,,,,,0.197,4899.471,Pinned,Device,NVIDIA A100-SXM4-40GB MIG 4g.20gb (0),1,,13,[CUDA memcpy Host-to-Device]
4598033405,8480,296508,69,4,1,48,1,1,76,0.002,0.000,,,,,NVIDIA A100-SXM4-40GB MIG 4g.20gb (0),1,,13,"void ch_est::windowedChEstPreNoDftSOfdmKernel<float, __half, float, (unsigned int)2, (unsigned int)1, (unsigned short)4>(ch_est::puschRxChEstStatDescr_t *, ch_est::puschRxChEstDynDescr_t *)"
4598051421,6688,296509,137,2,1,24,2,1,44,0.001,0.001,,,,,NVIDIA A100-SXM4-40GB MIG 4g.20gb (0),1,,13,"void ch_est::chEstFilterNoDftSOfdmDispatchKernel<float, __half, float, (unsigned int)2>(ch_est::puschRxChEstStatDescr_t *, ch_est::puschRxChEstDynDescr_t *)"
4598070781,4768,296510,137,2,1,24,2,1,44,0.001,0.001,,,,,NVIDIA A100-SXM4-40GB MIG 4g.20gb (0),1,,13,"void ch_est::chEstFilterNoDftSOfdmDispatchKernel<float, __half, float, (unsigned int)2>(ch_est::puschRxChEstStatDescr_t *, ch_est::puschRxChEstDynDescr_t *)"
4598087741,2752,296521,103,1,1,128,1,1,16,0.000,0.000,,,,,NVIDIA A100-SXM4-40GB MIG 4g.20gb (0),1,,13,cupy_copy__complex64_complex64
4598104765,12607,296531,1434,1,1,128,1,1,16,0.000,0.000,,,,,NVIDIA A100-SXM4-40GB MIG 4g.20gb (0),1,,13,cupy_copy__complex64_complex64
4598123452,2912,296538,103,1,1,128,1,1,16,0.000,0.000,,,,,NVIDIA A100-SXM4-40GB MIG 4g.20gb (0),1,,13,cupy_copy__complex64_complex64
4598143420,91903,296545,1,1,1,32,32,1,30,0.000,0.000,,,,,NVIDIA A100-SXM4-40GB MIG 4g.20gb (0),1,,13,"void convert_kernel<__half2, float2>(tensor_layout_any, T1 *, tensor_layout_any, const T2 *)"
4598267995,27295,296548,,,,,,,,,,0.094,3432.647,Pinned,Device,NVIDIA A100-SXM4-40GB MIG 4g.20gb (0),1,,13,[CUDA memcpy Host-to-Device]
4598316794,47071,296549,,,,,,,,,,35.810,760745.940,Device,,NVIDIA A100-SXM4-40GB MIG 4g.20gb (0),1,,13,[CUDA memset]
4598367097,10752,296551,,,,,,,,,,0.000,7.440,Pinned,Device,NVIDIA A100-SXM4-40GB MIG 4g.20gb (0),1,,13,[CUDA memcpy Host-to-Device]
4598388025,35616,296552,,,,,,,,,,0.197,5520.163,Pinned,Device,NVIDIA A100-SXM4-40GB MIG 4g.20gb (0),1,,13,[CUDA memcpy Host-to-Device]
4598460280,9824,296553,273,1,1,48,1,1,40,0.000,0.001,,,,,NVIDIA A100-SXM4-40GB MIG 4g.20gb (0),1,,13,"void pusch_noise_intf_est::noiseIntfEstNoDftSOfdmKernel<float, __half, float, float, (unsigned int)2, (unsigned int)1, (unsigned char)4, (unsigned char)4>(pusch_noise_intf_est::puschRxNoiseIntfEstDynDescr)"
4598476664,2720,296564,35,1,1,128,1,1,16,0.000,0.000,,,,,NVIDIA A100-SXM4-40GB MIG 4g.20gb (0),1,,13,cupy_copy__complex64_complex64
4598493688,1728,296573,1,1,1,1,1,1,18,0.000,0.000,,,,,NVIDIA A100-SXM4-40GB MIG 4g.20gb (0),1,,13,cupy_copy__float32_float32
4598502872,6656,296579,,,,,,,,,,0.000,0.601,Device,Pageable,NVIDIA A100-SXM4-40GB MIG 4g.20gb (0),1,,7,[CUDA memcpy Device-to-Host]
4598593111,13055,296590,1434,1,1,128,1,1,16,0.000,0.000,,,,,NVIDIA A100-SXM4-40GB MIG 4g.20gb (0),1,,13,cupy_copy__complex64_complex64
4598614038,3488,296597,103,1,1,128,1,1,16,0.000,0.000,,,,,NVIDIA A100-SXM4-40GB MIG 4g.20gb (0),1,,13,cupy_copy__complex64_complex64
4598639094,2528,296604,35,1,1,128,1,1,16,0.000,0.000,,,,,NVIDIA A100-SXM4-40GB MIG 4g.20gb (0),1,,13,cupy_copy__complex64_complex64
4598651286,2016,296611,1,1,1,1,1,1,18,0.000,0.000,,,,,NVIDIA A100-SXM4-40GB MIG 4g.20gb (0),1,,13,cupy_copy__float32_float32
4598786100,90559,296622,1,1,1,32,32,1,30,0.000,0.000,,,,,NVIDIA A100-SXM4-40GB MIG 4g.20gb (0),1,,13,"void convert_kernel<__half2, float2>(tensor_layout_any, T1 *, tensor_layout_any, const T2 *)"
4598904915,5920,296625,,,,,,,,,,0.094,15826.941,Pinned,Device,NVIDIA A100-SXM4-40GB MIG 4g.20gb (0),1,,13,[CUDA memcpy Host-to-Device]
4598920275,3136,296626,,,,,,,,,,1.547,493182.821,Device,,NVIDIA A100-SXM4-40GB MIG 4g.20gb (0),1,,13,[CUDA memset]
4598926738,3552,296631,,,,,,,,,,0.031,8810.794,Pinned,Device,NVIDIA A100-SXM4-40GB MIG 4g.20gb (0),1,,13,[CUDA memcpy Host-to-Device]
4598932850,9888,296632,,,,,,,,,,0.197,19883.360,Pinned,Device,NVIDIA A100-SXM4-40GB MIG 4g.20gb (0),1,,13,[CUDA memcpy Host-to-Device]
4598946706,5984,296633,273,1,1,8,4,1,39,0.002,0.000,,,,,NVIDIA A100-SXM4-40GB MIG 4g.20gb (0),1,,13,"void channel_eq::eqMmseCoefCompLowMimoKernel<float, float, float, (unsigned int)4, (unsigned int)1, (unsigned int)4>(const channel_eq::_puschRxChEqStatDescr *, channel_eq::_puschRxChEqCoefCompDynDescr)"
4598955090,6464,296634,273,1,1,12,11,1,51,0.002,0.000,,,,,NVIDIA A100-SXM4-40GB MIG 4g.20gb (0),1,,13,"void channel_eq::eqMmseSoftDemapKernel<float, __half, __half, float, (unsigned int)4, (unsigned short)16383>(channel_eq::_puschRxChEqStatDescr *, channel_eq::_puschRxChEqSoftDemapDynDescr)"
4598962610,282269,296635,1,1,1,32,32,1,30,0.000,0.000,,,,,NVIDIA A100-SXM4-40GB MIG 4g.20gb (0),1,,13,"void convert_kernel<float2, __half2>(tensor_layout_any, T1 *, tensor_layout_any, const T2 *)"
4599246031,10943,296647,2253,1,1,128,1,1,16,0.000,0.000,,,,,NVIDIA A100-SXM4-40GB MIG 4g.20gb (0),1,,13,cupy_copy__float16_float16
4599259982,3488,296656,282,1,1,128,1,1,16,0.000,0.000,,,,,NVIDIA A100-SXM4-40GB MIG 4g.20gb (0),1,,13,cupy_copy__complex64_complex64
4599266574,2816,296665,26,1,1,128,1,1,16,0.000,0.000,,,,,NVIDIA A100-SXM4-40GB MIG 4g.20gb (0),1,,13,cupy_copy__float32_float32
4599273486,4032,296674,103,1,1,128,1,1,16,0.000,0.000,,,,,NVIDIA A100-SXM4-40GB MIG 4g.20gb (0),1,,13,cupy_copy__complex64_complex64
4599279118,12096,296684,1434,1,1,128,1,1,16,0.000,0.000,,,,,NVIDIA A100-SXM4-40GB MIG 4g.20gb (0),1,,13,cupy_copy__complex64_complex64
4599298830,87071,296689,1,1,1,32,32,1,30,0.000,0.000,,,,,NVIDIA A100-SXM4-40GB MIG 4g.20gb (0),1,,13,"void convert_kernel<__half2, float2>(tensor_layout_any, T1 *, tensor_layout_any, const T2 *)"
4599413356,5600,296692,,,,,,,,,,0.094,16731.388,Pinned,Device,NVIDIA A100-SXM4-40GB MIG 4g.20gb (0),1,,13,[CUDA memcpy Host-to-Device]
4599423052,602297,296693,,,,,,,,,,456.561,757891.990,Device,,NVIDIA A100-SXM4-40GB MIG 4g.20gb (0),1,,13,[CUDA memset]
4600028869,77375,296698,,,,,,,,,,1.235,15960.416,Pinned,Device,NVIDIA A100-SXM4-40GB MIG 4g.20gb (0),1,,13,[CUDA memcpy Host-to-Device]
4600112164,17280,296699,,,,,,,,,,0.197,11377.705,Pinned,Device,NVIDIA A100-SXM4-40GB MIG 4g.20gb (0),1,,13,[CUDA memcpy Host-to-Device]
4600145283,8512,296700,69,4,1,48,1,1,76,0.002,0.000,,,,,NVIDIA A100-SXM4-40GB MIG 4g.20gb (0),1,,13,"void ch_est::windowedChEstPreNoDftSOfdmKernel<float, __half, float, (unsigned int)2, (unsigned int)1, (unsigned short)4>(ch_est::puschRxChEstStatDescr_t *, ch_est::puschRxChEstDynDescr_t *)"
4600161187,6880,296701,137,2,1,24,2,1,44,0.001,0.001,,,,,NVIDIA A100-SXM4-40GB MIG 4g.20gb (0),1,,13,"void ch_est::chEstFilterNoDftSOfdmDispatchKernel<float, __half, float, (unsigned int)2>(ch_est::puschRxChEstStatDescr_t *, ch_est::puschRxChEstDynDescr_t *)"
4600174563,5280,296702,137,2,1,24,2,1,44,0.001,0.001,,,,,NVIDIA A100-SXM4-40GB MIG 4g.20gb (0),1,,13,"void ch_est::chEstFilterNoDftSOfdmDispatchKernel<float, __half, float, (unsigned int)2>(ch_est::puschRxChEstStatDescr_t *, ch_est::puschRxChEstDynDescr_t *)"
4600182339,2656,296713,103,1,1,128,1,1,16,0.000,0.000,,,,,NVIDIA A100-SXM4-40GB MIG 4g.20gb (0),1,,13,cupy_copy__complex64_complex64
4600189059,12352,296723,1434,1,1,128,1,1,16,0.000,0.000,,,,,NVIDIA A100-SXM4-40GB MIG 4g.20gb (0),1,,13,cupy_copy__complex64_complex64
4600203683,3616,296730,103,1,1,128,1,1,16,0.000,0.000,,,,,NVIDIA A100-SXM4-40GB MIG 4g.20gb (0),1,,13,cupy_copy__complex64_complex64
4600209859,82719,296737,1,1,1,32,32,1,30,0.000,0.000,,,,,NVIDIA A100-SXM4-40GB MIG 4g.20gb (0),1,,13,"void convert_kernel<__half2, float2>(tensor_layout_any, T1 *, tensor_layout_any, const T2 *)"
4600319713,5760,296740,,,,,,,,,,0.094,16266.656,Pinned,Device,NVIDIA A100-SXM4-40GB MIG 4g.20gb (0),1,,13,[CUDA memcpy Host-to-Device]
4600332609,47712,296741,,,,,,,,,,35.810,750540.113,Device,,NVIDIA A100-SXM4-40GB MIG 4g.20gb (0),1,,13,[CUDA memset]
4600384641,4639,296743,,,,,,,,,,0.000,17.245,Pinned,Device,NVIDIA A100-SXM4-40GB MIG 4g.20gb (0),1,,13,[CUDA memcpy Host-to-Device]
4600395424,12800,296744,,,,,,,,,,0.197,15360.000,Pinned,Device,NVIDIA A100-SXM4-40GB MIG 4g.20gb (0),1,,13,[CUDA memcpy Host-to-Device]
4600419744,10560,296745,273,1,1,48,1,1,40,0.000,0.001,,,,,NVIDIA A100-SXM4-40GB MIG 4g.20gb (0),1,,13,"void pusch_noise_intf_est::noiseIntfEstNoDftSOfdmKernel<float, __half, float, float, (unsigned int)2, (unsigned int)1, (unsigned char)4, (unsigned char)4>(pusch_noise_intf_est::puschRxNoiseIntfEstDynDescr)"
4600434784,2944,296756,35,1,1,128,1,1,16,0.000,0.000,,,,,NVIDIA A100-SXM4-40GB MIG 4g.20gb (0),1,,13,cupy_copy__complex64_complex64
4600444768,2048,296765,1,1,1,1,1,1,18,0.000,0.000,,,,,NVIDIA A100-SXM4-40GB MIG 4g.20gb (0),1,,13,cupy_copy__float32_float32
4600474271,1568,296771,,,,,,,,,,0.000,2.551,Device,Pageable,NVIDIA A100-SXM4-40GB MIG 4g.20gb (0),1,,7,[CUDA memcpy Device-to-Host]
4600533183,13056,296782,1434,1,1,128,1,1,16,0.000,0.000,,,,,NVIDIA A100-SXM4-40GB MIG 4g.20gb (0),1,,13,cupy_copy__complex64_complex64
4600561438,2624,296789,103,1,1,128,1,1,16,0.000,0.000,,,,,NVIDIA A100-SXM4-40GB MIG 4g.20gb (0),1,,13,cupy_copy__complex64_complex64
4600581758,2496,296796,35,1,1,128,1,1,16,0.000,0.000,,,,,NVIDIA A100-SXM4-40GB MIG 4g.20gb (0),1,,13,cupy_copy__complex64_complex64
4600599710,1792,296803,1,1,1,1,1,1,18,0.000,0.000,,,,,NVIDIA A100-SXM4-40GB MIG 4g.20gb (0),1,,13,cupy_copy__float32_float32
4600731260,81279,296814,1,1,1,32,32,1,30,0.000,0.000,,,,,NVIDIA A100-SXM4-40GB MIG 4g.20gb (0),1,,13,"void convert_kernel<__half2, float2>(tensor_layout_any, T1 *, tensor_layout_any, const T2 *)"
4600840347,5920,296817,,,,,,,,,,0.094,15826.941,Pinned,Device,NVIDIA A100-SXM4-40GB MIG 4g.20gb (0),1,,13,[CUDA memcpy Host-to-Device]
4600856091,3264,296818,,,,,,,,,,1.547,473842.288,Device,,NVIDIA A100-SXM4-40GB MIG 4g.20gb (0),1,,13,[CUDA memset]
4600861691,3040,296823,,,,,,,,,,0.031,10294.725,Pinned,Device,NVIDIA A100-SXM4-40GB MIG 4g.20gb (0),1,,13,[CUDA memcpy Host-to-Device]
4600867195,9375,296824,,,,,,,,,,0.197,20971.389,Pinned,Device,NVIDIA A100-SXM4-40GB MIG 4g.20gb (0),1,,13,[CUDA memcpy Host-to-Device]
4600881274,8032,296825,273,1,1,8,4,1,39,0.002,0.000,,,,,NVIDIA A100-SXM4-40GB MIG 4g.20gb (0),1,,13,"void channel_eq::eqMmseCoefCompLowMimoKernel<float, float, float, (unsigned int)4, (unsigned int)1, (unsigned int)4>(const channel_eq::_puschRxChEqStatDescr *, channel_eq::_puschRxChEqCoefCompDynDescr)"
4600890842,5920,296826,273,1,1,12,11,1,51,0.002,0.000,,,,,NVIDIA A100-SXM4-40GB MIG 4g.20gb (0),1,,13,"void channel_eq::eqMmseSoftDemapKernel<float, __half, __half, float, (unsigned int)4, (unsigned short)16383>(channel_eq::_puschRxChEqStatDescr *, channel_eq::_puschRxChEqSoftDemapDynDescr)"
4600898138,294365,296827,1,1,1,32,32,1,30,0.000,0.000,,,,,NVIDIA A100-SXM4-40GB MIG 4g.20gb (0),1,,13,"void convert_kernel<float2, __half2>(tensor_layout_any, T1 *, tensor_layout_any, const T2 *)"
4601193623,10751,296839,2253,1,1,128,1,1,16,0.000,0.000,,,,,NVIDIA A100-SXM4-40GB MIG 4g.20gb (0),1,,13,cupy_copy__float16_float16
4601206902,3648,296848,282,1,1,128,1,1,16,0.000,0.000,,,,,NVIDIA A100-SXM4-40GB MIG 4g.20gb (0),1,,13,cupy_copy__complex64_complex64
4601212214,2240,296857,26,1,1,128,1,1,16,0.000,0.000,,,,,NVIDIA A100-SXM4-40GB MIG 4g.20gb (0),1,,13,cupy_copy__float32_float32
4601216950,2880,296866,103,1,1,128,1,1,16,0.000,0.000,,,,,NVIDIA A100-SXM4-40GB MIG 4g.20gb (0),1,,13,cupy_copy__complex64_complex64
4601221558,12416,296876,1434,1,1,128,1,1,16,0.000,0.000,,,,,NVIDIA A100-SXM4-40GB MIG 4g.20gb (0),1,,13,cupy_copy__complex64_complex64
4601239126,82239,296881,1,1,1,32,32,1,30,0.000,0.000,,,,,NVIDIA A100-SXM4-40GB MIG 4g.20gb (0),1,,13,"void convert_kernel<__half2, float2>(tensor_layout_any, T1 *, tensor_layout_any, const T2 *)"
4601348629,5728,296884,,,,,,,,,,0.094,16357.541,Pinned,Device,NVIDIA A100-SXM4-40GB MIG 4g.20gb (0),1,,13,[CUDA memcpy Host-to-Device]
4601361844,596921,296885,,,,,,,,,,456.561,764740.412,Device,,NVIDIA A100-SXM4-40GB MIG 4g.20gb (0),1,,13,[CUDA memset]
4601964973,130238,296890,,,,,,,,,,1.235,9481.900,Pinned,Device,NVIDIA A100-SXM4-40GB MIG 4g.20gb (0),1,,13,[CUDA memcpy Host-to-Device]
4602107403,40576,296891,,,,,,,,,,0.197,4845.404,Pinned,Device,NVIDIA A100-SXM4-40GB MIG 4g.20gb (0),1,,13,[CUDA memcpy Host-to-Device]
4602178730,7904,296892,69,4,1,48,1,1,76,0.002,0.000,,,,,NVIDIA A100-SXM4-40GB MIG 4g.20gb (0),1,,13,"void ch_est::windowedChEstPreNoDftSOfdmKernel<float, __half, float, (unsigned int)2, (unsigned int)1, (unsigned short)4>(ch_est::puschRxChEstStatDescr_t *, ch_est::puschRxChEstDynDescr_t *)"
4602197354,6528,296893,137,2,1,24,2,1,44,0.001,0.001,,,,,NVIDIA A100-SXM4-40GB MIG 4g.20gb (0),1,,13,"void ch_est::chEstFilterNoDftSOfdmDispatchKernel<float, __half, float, (unsigned int)2>(ch_est::puschRxChEstStatDescr_t *, ch_est::puschRxChEstDynDescr_t *)"
4602209706,4736,296894,137,2,1,24,2,1,44,0.001,0.001,,,,,NVIDIA A100-SXM4-40GB MIG 4g.20gb (0),1,,13,"void ch_est::chEstFilterNoDftSOfdmDispatchKernel<float, __half, float, (unsigned int)2>(ch_est::puschRxChEstStatDescr_t *, ch_est::puschRxChEstDynDescr_t *)"
4602223722,2560,296905,103,1,1,128,1,1,16,0.000,0.000,,,,,NVIDIA A100-SXM4-40GB MIG 4g.20gb (0),1,,13,cupy_copy__complex64_complex64
4602234378,12544,296915,1434,1,1,128,1,1,16,0.000,0.000,,,,,NVIDIA A100-SXM4-40GB MIG 4g.20gb (0),1,,13,cupy_copy__complex64_complex64
4602256777,2624,296922,103,1,1,128,1,1,16,0.000,0.000,,,,,NVIDIA A100-SXM4-40GB MIG 4g.20gb (0),1,,13,cupy_copy__complex64_complex64
4602267977,86911,296929,1,1,1,32,32,1,30,0.000,0.000,,,,,NVIDIA A100-SXM4-40GB MIG 4g.20gb (0),1,,13,"void convert_kernel<__half2, float2>(tensor_layout_any, T1 *, tensor_layout_any, const T2 *)"
4602386056,6080,296932,,,,,,,,,,0.094,15410.462,Pinned,Device,NVIDIA A100-SXM4-40GB MIG 4g.20gb (0),1,,13,[CUDA memcpy Host-to-Device]
4602396968,47871,296933,,,,,,,,,,35.810,748033.419,Device,,NVIDIA A100-SXM4-40GB MIG 4g.20gb (0),1,,13,[CUDA memset]
4602451367,2880,296935,,,,,,,,,,0.000,27.778,Pinned,Device,NVIDIA A100-SXM4-40GB MIG 4g.20gb (0),1,,13,[CUDA memcpy Host-to-Device]
4602460007,13120,296936,,,,,,,,,,0.197,14985.265,Pinned,Device,NVIDIA A100-SXM4-40GB MIG 4g.20gb (0),1,,13,[CUDA memcpy Host-to-Device]
4602487143,10847,296937,273,1,1,48,1,1,40,0.000,0.001,,,,,NVIDIA A100-SXM4-40GB MIG 4g.20gb (0),1,,13,"void pusch_noise_intf_est::noiseIntfEstNoDftSOfdmKernel<float, __half, float, float, (unsigned int)2, (unsigned int)1, (unsigned char)4, (unsigned char)4>(pusch_noise_intf_est::puschRxNoiseIntfEstDynDescr)"
4602500902,2880,296948,35,1,1,128,1,1,16,0.000,0.000,,,,,NVIDIA A100-SXM4-40GB MIG 4g.20gb (0),1,,13,cupy_copy__complex64_complex64
4602510598,2048,296957,1,1,1,1,1,1,18,0.000,0.000,,,,,NVIDIA A100-SXM4-40GB MIG 4g.20gb (0),1,,13,cupy_copy__float32_float32
4602538726,1920,296963,,,,,,,,,,0.000,2.083,Device,Pageable,NVIDIA A100-SXM4-40GB MIG 4g.20gb (0),1,,7,[CUDA memcpy Device-to-Host]
4602599525,13088,296974,1434,1,1,128,1,1,16,0.000,0.000,,,,,NVIDIA A100-SXM4-40GB MIG 4g.20gb (0),1,,13,cupy_copy__complex64_complex64
4602626277,2624,296981,103,1,1,128,1,1,16,0.000,0.000,,,,,NVIDIA A100-SXM4-40GB MIG 4g.20gb (0),1,,13,cupy_copy__complex64_complex64
4602648581,2720,296988,35,1,1,128,1,1,16,0.000,0.000,,,,,NVIDIA A100-SXM4-40GB MIG 4g.20gb (0),1,,13,cupy_copy__complex64_complex64
4602666564,1792,296995,1,1,1,1,1,1,18,0.000,0.000,,,,,NVIDIA A100-SXM4-40GB MIG 4g.20gb (0),1,,13,cupy_copy__float32_float32
4602799395,87071,297006,1,1,1,32,32,1,30,0.000,0.000,,,,,NVIDIA A100-SXM4-40GB MIG 4g.20gb (0),1,,13,"void convert_kernel<__half2, float2>(tensor_layout_any, T1 *, tensor_layout_any, const T2 *)"
4602915361,6048,297009,,,,,,,,,,0.094,15491.978,Pinned,Device,NVIDIA A100-SXM4-40GB MIG 4g.20gb (0),1,,13,[CUDA memcpy Host-to-Device]
4602930689,3712,297010,,,,,,,,,,1.547,416654.319,Device,,NVIDIA A100-SXM4-40GB MIG 4g.20gb (0),1,,13,[CUDA memset]
4602936833,3456,297015,,,,,,,,,,0.031,9055.529,Pinned,Device,NVIDIA A100-SXM4-40GB MIG 4g.20gb (0),1,,13,[CUDA memcpy Host-to-Device]
4602942913,9952,297016,,,,,,,,,,0.197,19755.565,Pinned,Device,NVIDIA A100-SXM4-40GB MIG 4g.20gb (0),1,,13,[CUDA memcpy Host-to-Device]
4602957089,5984,297017,273,1,1,8,4,1,39,0.002,0.000,,,,,NVIDIA A100-SXM4-40GB MIG 4g.20gb (0),1,,13,"void channel_eq::eqMmseCoefCompLowMimoKernel<float, float, float, (unsigned int)4, (unsigned int)1, (unsigned int)4>(const channel_eq::_puschRxChEqStatDescr *, channel_eq::_puschRxChEqCoefCompDynDescr)"
4602966081,6144,297018,273,1,1,12,11,1,51,0.002,0.000,,,,,NVIDIA A100-SXM4-40GB MIG 4g.20gb (0),1,,13,"void channel_eq::eqMmseSoftDemapKernel<float, __half, __half, float, (unsigned int)4, (unsigned short)16383>(channel_eq::_puschRxChEqStatDescr *, channel_eq::_puschRxChEqSoftDemapDynDescr)"
4602973345,293916,297019,1,1,1,32,32,1,30,0.000,0.000,,,,,NVIDIA A100-SXM4-40GB MIG 4g.20gb (0),1,,13,"void convert_kernel<float2, __half2>(tensor_layout_any, T1 *, tensor_layout_any, const T2 *)"
4603270397,11008,297031,2253,1,1,128,1,1,16,0.000,0.000,,,,,NVIDIA A100-SXM4-40GB MIG 4g.20gb (0),1,,13,cupy_copy__float16_float16
4603283005,3168,297040,282,1,1,128,1,1,16,0.000,0.000,,,,,NVIDIA A100-SXM4-40GB MIG 4g.20gb (0),1,,13,cupy_copy__complex64_complex64
4603287421,2304,297049,26,1,1,128,1,1,16,0.000,0.000,,,,,NVIDIA A100-SXM4-40GB MIG 4g.20gb (0),1,,13,cupy_copy__float32_float32
4603293469,2816,297058,103,1,1,128,1,1,16,0.000,0.000,,,,,NVIDIA A100-SXM4-40GB MIG 4g.20gb (0),1,,13,cupy_copy__complex64_complex64
4603297373,12223,297068,1434,1,1,128,1,1,16,0.000,0.000,,,,,NVIDIA A100-SXM4-40GB MIG 4g.20gb (0),1,,13,cupy_copy__complex64_complex64
4603311868,82655,297073,1,1,1,32,32,1,30,0.000,0.000,,,,,NVIDIA A100-SXM4-40GB MIG 4g.20gb (0),1,,13,"void convert_kernel<__half2, float2>(tensor_layout_any, T1 *, tensor_layout_any, const T2 *)"
4603421243,5472,297076,,,,,,,,,,0.094,17122.757,Pinned,Device,NVIDIA A100-SXM4-40GB MIG 4g.20gb (0),1,,13,[CUDA memcpy Host-to-Device]
4603431355,599065,297077,,,,,,,,,,456.561,762001.043,Device,,NVIDIA A100-SXM4-40GB MIG 4g.20gb (0),1,,13,[CUDA memset]
4604033428,172061,297082,,,,,,,,,,1.235,7176.260,Pinned,Device,NVIDIA A100-SXM4-40GB MIG 4g.20gb (0),1,,13,[CUDA memcpy Host-to-Device]
4604220369,40864,297083,,,,,,,,,,0.197,4811.194,Pinned,Device,NVIDIA A100-SXM4-40GB MIG 4g.20gb (0),1,,13,[CUDA memcpy Host-to-Device]
4604290096,8576,297084,69,4,1,48,1,1,76,0.002,0.000,,,,,NVIDIA A100-SXM4-40GB MIG 4g.20gb (0),1,,13,"void ch_est::windowedChEstPreNoDftSOfdmKernel<float, __half, float, (unsigned int)2, (unsigned int)1, (unsigned short)4>(ch_est::puschRxChEstStatDescr_t *, ch_est::puschRxChEstDynDescr_t *)"
4604308112,6816,297085,137,2,1,24,2,1,44,0.001,0.001,,,,,NVIDIA A100-SXM4-40GB MIG 4g.20gb (0),1,,13,"void ch_est::chEstFilterNoDftSOfdmDispatchKernel<float, __half, float, (unsigned int)2>(ch_est::puschRxChEstStatDescr_t *, ch_est::puschRxChEstDynDescr_t *)"
4604325136,4736,297086,137,2,1,24,2,1,44,0.001,0.001,,,,,NVIDIA A100-SXM4-40GB MIG 4g.20gb (0),1,,13,"void ch_est::chEstFilterNoDftSOfdmDispatchKernel<float, __half, float, (unsigned int)2>(ch_est::puschRxChEstStatDescr_t *, ch_est::puschRxChEstDynDescr_t *)"
4604341808,2592,297097,103,1,1,128,1,1,16,0.000,0.000,,,,,NVIDIA A100-SXM4-40GB MIG 4g.20gb (0),1,,13,cupy_copy__complex64_complex64
4604359216,12255,297107,1434,1,1,128,1,1,16,0.000,0.000,,,,,NVIDIA A100-SXM4-40GB MIG 4g.20gb (0),1,,13,cupy_copy__complex64_complex64
4604382895,2592,297114,103,1,1,128,1,1,16,0.000,0.000,,,,,NVIDIA A100-SXM4-40GB MIG 4g.20gb (0),1,,13,cupy_copy__complex64_complex64
4604406223,84319,297121,1,1,1,32,32,1,30,0.000,0.000,,,,,NVIDIA A100-SXM4-40GB MIG 4g.20gb (0),1,,13,"void convert_kernel<__half2, float2>(tensor_layout_any, T1 *, tensor_layout_any, const T2 *)"
4604520558,17695,297124,,,,,,,,,,0.094,5295.042,Pinned,Device,NVIDIA A100-SXM4-40GB MIG 4g.20gb (0),1,,13,[CUDA memcpy Host-to-Device]
4604544717,47136,297125,,,,,,,,,,35.810,759707.453,Device,,NVIDIA A100-SXM4-40GB MIG 4g.20gb (0),1,,13,[CUDA memset]
4604594157,5888,297127,,,,,,,,,,0.000,13.587,Pinned,Device,NVIDIA A100-SXM4-40GB MIG 4g.20gb (0),1,,13,[CUDA memcpy Host-to-Device]
4604606445,13407,297128,,,,,,,,,,0.197,14664.401,Pinned,Device,NVIDIA A100-SXM4-40GB MIG 4g.20gb (0),1,,13,[CUDA memcpy Host-to-Device]
4604629516,12832,297129,273,1,1,48,1,1,40,0.000,0.001,,,,,NVIDIA A100-SXM4-40GB MIG 4g.20gb (0),1,,13,"void pusch_noise_intf_est::noiseIntfEstNoDftSOfdmKernel<float, __half, float, float, (unsigned int)2, (unsigned int)1, (unsigned char)4, (unsigned char)4>(pusch_noise_intf_est::puschRxNoiseIntfEstDynDescr)"
4604645228,2848,297140,35,1,1,128,1,1,16,0.000,0.000,,,,,NVIDIA A100-SXM4-40GB MIG 4g.20gb (0),1,,13,cupy_copy__complex64_complex64
4604653708,2016,297149,1,1,1,1,1,1,18,0.000,0.000,,,,,NVIDIA A100-SXM4-40GB MIG 4g.20gb (0),1,,13,cupy_copy__float32_float32
4604673164,6112,297155,,,,,,,,,,0.000,0.654,Device,Pageable,NVIDIA A100-SXM4-40GB MIG 4g.20gb (0),1,,7,[CUDA memcpy Device-to-Host]
4604741547,12832,297166,1434,1,1,128,1,1,16,0.000,0.000,,,,,NVIDIA A100-SXM4-40GB MIG 4g.20gb (0),1,,13,cupy_copy__complex64_complex64
4604776234,2976,297173,103,1,1,128,1,1,16,0.000,0.000,,,,,NVIDIA A100-SXM4-40GB MIG 4g.20gb (0),1,,13,cupy_copy__complex64_complex64
4604799306,2304,297180,35,1,1,128,1,1,16,0.000,0.000,,,,,NVIDIA A100-SXM4-40GB MIG 4g.20gb (0),1,,13,cupy_copy__complex64_complex64
4604816522,2080,297187,1,1,1,1,1,1,18,0.000,0.000,,,,,NVIDIA A100-SXM4-40GB MIG 4g.20gb (0),1,,13,cupy_copy__float32_float32
4604940104,87359,297198,1,1,1,32,32,1,30,0.000,0.000,,,,,NVIDIA A100-SXM4-40GB MIG 4g.20gb (0),1,,13,"void convert_kernel<__half2, float2>(tensor_layout_any, T1 *, tensor_layout_any, const T2 *)"
4605055719,5760,297201,,,,,,,,,,0.094,16266.656,Pinned,Device,NVIDIA A100-SXM4-40GB MIG 4g.20gb (0),1,,13,[CUDA memcpy Host-to-Device]
4605069383,3328,297202,,,,,,,,,,1.547,464729.580,Device,,NVIDIA A100-SXM4-40GB MIG 4g.20gb (0),1,,13,[CUDA memset]
4605076071,3200,297207,,,,,,,,,,0.031,9780.000,Pinned,Device,NVIDIA A100-SXM4-40GB MIG 4g.20gb (0),1,,13,[CUDA memcpy Host-to-Device]
4605082599,9984,297208,,,,,,,,,,0.197,19692.257,Pinned,Device,NVIDIA A100-SXM4-40GB MIG 4g.20gb (0),1,,13,[CUDA memcpy Host-to-Device]
4605096198,7264,297209,273,1,1,8,4,1,39,0.002,0.000,,,,,NVIDIA A100-SXM4-40GB MIG 4g.20gb (0),1,,13,"void channel_eq::eqMmseCoefCompLowMimoKernel<float, float, float, (unsigned int)4, (unsigned int)1, (unsigned int)4>(const channel_eq::_puschRxChEqStatDescr *, channel_eq::_puschRxChEqCoefCompDynDescr)"
4605106406,7808,297210,273,1,1,12,11,1,51,0.002,0.000,,,,,NVIDIA A100-SXM4-40GB MIG 4g.20gb (0),1,,13,"void channel_eq::eqMmseSoftDemapKernel<float, __half, __half, float, (unsigned int)4, (unsigned short)16383>(channel_eq::_puschRxChEqStatDescr *, channel_eq::_puschRxChEqSoftDemapDynDescr)"
4605115942,282493,297211,1,1,1,32,32,1,30,0.000,0.000,,,,,NVIDIA A100-SXM4-40GB MIG 4g.20gb (0),1,,13,"void convert_kernel<float2, __half2>(tensor_layout_any, T1 *, tensor_layout_any, const T2 *)"
4605400195,11040,297223,2253,1,1,128,1,1,16,0.000,0.000,,,,,NVIDIA A100-SXM4-40GB MIG 4g.20gb (0),1,,13,cupy_copy__float16_float16
4605413347,3328,297232,282,1,1,128,1,1,16,0.000,0.000,,,,,NVIDIA A100-SXM4-40GB MIG 4g.20gb (0),1,,13,cupy_copy__complex64_complex64
4605420610,2304,297241,26,1,1,128,1,1,16,0.000,0.000,,,,,NVIDIA A100-SXM4-40GB MIG 4g.20gb (0),1,,13,cupy_copy__float32_float32
4605426050,2944,297250,103,1,1,128,1,1,16,0.000,0.000,,,,,NVIDIA A100-SXM4-40GB MIG 4g.20gb (0),1,,13,cupy_copy__complex64_complex64
4605430626,12352,297260,1434,1,1,128,1,1,16,0.000,0.000,,,,,NVIDIA A100-SXM4-40GB MIG 4g.20gb (0),1,,13,cupy_copy__complex64_complex64
4605443970,82399,297265,1,1,1,32,32,1,30,0.000,0.000,,,,,NVIDIA A100-SXM4-40GB MIG 4g.20gb (0),1,,13,"void convert_kernel<__half2, float2>(tensor_layout_any, T1 *, tensor_layout_any, const T2 *)"
4605552801,5344,297268,,,,,,,,,,0.094,17532.864,Pinned,Device,NVIDIA A100-SXM4-40GB MIG 4g.20gb (0),1,,13,[CUDA memcpy Host-to-Device]
4605564289,598392,297269,,,,,,,,,,456.561,762914.166,Device,,NVIDIA A100-SXM4-40GB MIG 4g.20gb (0),1,,13,[CUDA memset]
4606168441,151038,297274,,,,,,,,,,1.235,8175.329,Pinned,Device,NVIDIA A100-SXM4-40GB MIG 4g.20gb (0),1,,13,[CUDA memcpy Host-to-Device]
4606327831,28480,297275,,,,,,,,,,0.197,6903.300,Pinned,Device,NVIDIA A100-SXM4-40GB MIG 4g.20gb (0),1,,13,[CUDA memcpy Host-to-Device]
4606369335,8448,297276,69,4,1,48,1,1,76,0.002,0.000,,,,,NVIDIA A100-SXM4-40GB MIG 4g.20gb (0),1,,13,"void ch_est::windowedChEstPreNoDftSOfdmKernel<float, __half, float, (unsigned int)2, (unsigned int)1, (unsigned short)4>(ch_est::puschRxChEstStatDescr_t *, ch_est::puschRxChEstDynDescr_t *)"
4606385783,6559,297277,137,2,1,24,2,1,44,0.001,0.001,,,,,NVIDIA A100-SXM4-40GB MIG 4g.20gb (0),1,,13,"void ch_est::chEstFilterNoDftSOfdmDispatchKernel<float, __half, float, (unsigned int)2>(ch_est::puschRxChEstStatDescr_t *, ch_est::puschRxChEstDynDescr_t *)"
4606401750,4736,297278,137,2,1,24,2,1,44,0.001,0.001,,,,,NVIDIA A100-SXM4-40GB MIG 4g.20gb (0),1,,13,"void ch_est::chEstFilterNoDftSOfdmDispatchKernel<float, __half, float, (unsigned int)2>(ch_est::puschRxChEstStatDescr_t *, ch_est::puschRxChEstDynDescr_t *)"
4606415254,2720,297289,103,1,1,128,1,1,16,0.000,0.000,,,,,NVIDIA A100-SXM4-40GB MIG 4g.20gb (0),1,,13,cupy_copy__complex64_complex64
4606429110,12416,297299,1434,1,1,128,1,1,16,0.000,0.000,,,,,NVIDIA A100-SXM4-40GB MIG 4g.20gb (0),1,,13,cupy_copy__complex64_complex64
4606463510,2432,297306,103,1,1,128,1,1,16,0.000,0.000,,,,,NVIDIA A100-SXM4-40GB MIG 4g.20gb (0),1,,13,cupy_copy__complex64_complex64
4606481493,87647,297313,1,1,1,32,32,1,30,0.000,0.000,,,,,NVIDIA A100-SXM4-40GB MIG 4g.20gb (0),1,,13,"void convert_kernel<__half2, float2>(tensor_layout_any, T1 *, tensor_layout_any, const T2 *)"
4606596340,16064,297316,,,,,,,,,,0.094,5832.576,Pinned,Device,NVIDIA A100-SXM4-40GB MIG 4g.20gb (0),1,,13,[CUDA memcpy Host-to-Device]
4606634324,47135,297317,,,,,,,,,,35.810,759707.453,Device,,NVIDIA A100-SXM4-40GB MIG 4g.20gb (0),1,,13,[CUDA memset]
4606682867,10880,297319,,,,,,,,,,0.000,7.353,Pinned,Device,NVIDIA A100-SXM4-40GB MIG 4g.20gb (0),1,,13,[CUDA memcpy Host-to-Device]
4606702579,32415,297320,,,,,,,,,,0.197,6065.160,Pinned,Device,NVIDIA A100-SXM4-40GB MIG 4g.20gb (0),1,,13,[CUDA memcpy Host-to-Device]
4606759474,10464,297321,273,1,1,48,1,1,40,0.000,0.001,,,,,NVIDIA A100-SXM4-40GB MIG 4g.20gb (0),1,,13,"void pusch_noise_intf_est::noiseIntfEstNoDftSOfdmKernel<float, __half, float, float, (unsigned int)2, (unsigned int)1, (unsigned char)4, (unsigned char)4>(pusch_noise_intf_est::puschRxNoiseIntfEstDynDescr)"
4606778962,2592,297332,35,1,1,128,1,1,16,0.000,0.000,,,,,NVIDIA A100-SXM4-40GB MIG 4g.20gb (0),1,,13,cupy_copy__complex64_complex64
4606795666,1792,297341,1,1,1,1,1,1,18,0.000,0.000,,,,,NVIDIA A100-SXM4-40GB MIG 4g.20gb (0),1,,13,cupy_copy__float32_float32
4606800241,7296,297347,,,,,,,,,,0.000,0.548,Device,Pageable,NVIDIA A100-SXM4-40GB MIG 4g.20gb (0),1,,7,[CUDA memcpy Device-to-Host]
4606913552,12736,297358,1434,1,1,128,1,1,16,0.000,0.000,,,,,NVIDIA A100-SXM4-40GB MIG 4g.20gb (0),1,,13,cupy_copy__complex64_complex64
4606933584,8064,297365,103,1,1,128,1,1,16,0.000,0.000,,,,,NVIDIA A100-SXM4-40GB MIG 4g.20gb (0),1,,13,cupy_copy__complex64_complex64
4606950800,2304,297372,35,1,1,128,1,1,16,0.000,0.000,,,,,NVIDIA A100-SXM4-40GB MIG 4g.20gb (0),1,,13,cupy_copy__complex64_complex64
4606974095,1856,297379,1,1,1,1,1,1,18,0.000,0.000,,,,,NVIDIA A100-SXM4-40GB MIG 4g.20gb (0),1,,13,cupy_copy__float32_float32
4607108782,87583,297390,1,1,1,32,32,1,30,0.000,0.000,,,,,NVIDIA A100-SXM4-40GB MIG 4g.20gb (0),1,,13,"void convert_kernel<__half2, float2>(tensor_layout_any, T1 *, tensor_layout_any, const T2 *)"
4607224940,5856,297393,,,,,,,,,,0.094,15999.997,Pinned,Device,NVIDIA A100-SXM4-40GB MIG 4g.20gb (0),1,,13,[CUDA memcpy Host-to-Device]
4607244940,3520,297394,,,,,,,,,,1.547,439380.412,Device,,NVIDIA A100-SXM4-40GB MIG 4g.20gb (0),1,,13,[CUDA memset]
4607255596,3040,297399,,,,,,,,,,0.031,10294.725,Pinned,Device,NVIDIA A100-SXM4-40GB MIG 4g.20gb (0),1,,13,[CUDA memcpy Host-to-Device]
4607264300,14112,297400,,,,,,,,,,0.197,13931.839,Pinned,Device,NVIDIA A100-SXM4-40GB MIG 4g.20gb (0),1,,13,[CUDA memcpy Host-to-Device]
4607287147,8032,297401,273,1,1,8,4,1,39,0.002,0.000,,,,,NVIDIA A100-SXM4-40GB MIG 4g.20gb (0),1,,13,"void channel_eq::eqMmseCoefCompLowMimoKernel<float, float, float, (unsigned int)4, (unsigned int)1, (unsigned int)4>(const channel_eq::_puschRxChEqStatDescr *, channel_eq::_puschRxChEqCoefCompDynDescr)"
4607299275,6112,297402,273,1,1,12,11,1,51,0.002,0.000,,,,,NVIDIA A100-SXM4-40GB MIG 4g.20gb (0),1,,13,"void channel_eq::eqMmseSoftDemapKernel<float, __half, __half, float, (unsigned int)4, (unsigned short)16383>(channel_eq::_puschRxChEqStatDescr *, channel_eq::_puschRxChEqSoftDemapDynDescr)"
4607308555,290013,297403,1,1,1,32,32,1,30,0.000,0.000,,,,,NVIDIA A100-SXM4-40GB MIG 4g.20gb (0),1,,13,"void convert_kernel<float2, __half2>(tensor_layout_any, T1 *, tensor_layout_any, const T2 *)"
4607599560,11135,297415,2253,1,1,128,1,1,16,0.000,0.000,,,,,NVIDIA A100-SXM4-40GB MIG 4g.20gb (0),1,,13,cupy_copy__float16_float16
4607612263,3072,297424,282,1,1,128,1,1,16,0.000,0.000,,,,,NVIDIA A100-SXM4-40GB MIG 4g.20gb (0),1,,13,cupy_copy__complex64_complex64
4607616903,2048,297433,26,1,1,128,1,1,16,0.000,0.000,,,,,NVIDIA A100-SXM4-40GB MIG 4g.20gb (0),1,,13,cupy_copy__float32_float32
4607620999,4576,297442,103,1,1,128,1,1,16,0.000,0.000,,,,,NVIDIA A100-SXM4-40GB MIG 4g.20gb (0),1,,13,cupy_copy__complex64_complex64
4607626599,12000,297452,1434,1,1,128,1,1,16,0.000,0.000,,,,,NVIDIA A100-SXM4-40GB MIG 4g.20gb (0),1,,13,cupy_copy__complex64_complex64
4607644679,81663,297457,1,1,1,32,32,1,30,0.000,0.000,,,,,NVIDIA A100-SXM4-40GB MIG 4g.20gb (0),1,,13,"void convert_kernel<__half2, float2>(tensor_layout_any, T1 *, tensor_layout_any, const T2 *)"
4607753350,5344,297460,,,,,,,,,,0.094,17532.864,Pinned,Device,NVIDIA A100-SXM4-40GB MIG 4g.20gb (0),1,,13,[CUDA memcpy Host-to-Device]
4607763558,595288,297461,,,,,,,,,,456.561,766566.658,Device,,NVIDIA A100-SXM4-40GB MIG 4g.20gb (0),1,,13,[CUDA memset]
4608363550,79263,297466,,,,,,,,,,1.235,15580.054,Pinned,Device,NVIDIA A100-SXM4-40GB MIG 4g.20gb (0),1,,13,[CUDA memcpy Host-to-Device]
4608449277,17312,297467,,,,,,,,,,0.197,11356.668,Pinned,Device,NVIDIA A100-SXM4-40GB MIG 4g.20gb (0),1,,13,[CUDA memcpy Host-to-Device]
4608481661,8352,297468,69,4,1,48,1,1,76,0.002,0.000,,,,,NVIDIA A100-SXM4-40GB MIG 4g.20gb (0),1,,13,"void ch_est::windowedChEstPreNoDftSOfdmKernel<float, __half, float, (unsigned int)2, (unsigned int)1, (unsigned short)4>(ch_est::puschRxChEstStatDescr_t *, ch_est::puschRxChEstDynDescr_t *)"
4608492125,7424,297469,137,2,1,24,2,1,44,0.001,0.001,,,,,NVIDIA A100-SXM4-40GB MIG 4g.20gb (0),1,,13,"void ch_est::chEstFilterNoDftSOfdmDispatchKernel<float, __half, float, (unsigned int)2>(ch_est::puschRxChEstStatDescr_t *, ch_est::puschRxChEstDynDescr_t *)"
4608506684,6400,297470,137,2,1,24,2,1,44,0.001,0.001,,,,,NVIDIA A100-SXM4-40GB MIG 4g.20gb (0),1,,13,"void ch_est::chEstFilterNoDftSOfdmDispatchKernel<float, __half, float, (unsigned int)2>(ch_est::puschRxChEstStatDescr_t *, ch_est::puschRxChEstDynDescr_t *)"
4608515388,2560,297481,103,1,1,128,1,1,16,0.000,0.000,,,,,NVIDIA A100-SXM4-40GB MIG 4g.20gb (0),1,,13,cupy_copy__complex64_complex64
4608523708,12512,297491,1434,1,1,128,1,1,16,0.000,0.000,,,,,NVIDIA A100-SXM4-40GB MIG 4g.20gb (0),1,,13,cupy_copy__complex64_complex64
4608540572,2624,297498,103,1,1,128,1,1,16,0.000,0.000,,,,,NVIDIA A100-SXM4-40GB MIG 4g.20gb (0),1,,13,cupy_copy__complex64_complex64
4608549852,83359,297505,1,1,1,32,32,1,30,0.000,0.000,,,,,NVIDIA A100-SXM4-40GB MIG 4g.20gb (0),1,,13,"void convert_kernel<__half2, float2>(tensor_layout_any, T1 *, tensor_layout_any, const T2 *)"
4608659803,5375,297508,,,,,,,,,,0.094,17431.766,Pinned,Device,NVIDIA A100-SXM4-40GB MIG 4g.20gb (0),1,,13,[CUDA memcpy Host-to-Device]
4608671834,46464,297509,,,,,,,,,,35.810,770701.098,Device,,NVIDIA A100-SXM4-40GB MIG 4g.20gb (0),1,,13,[CUDA memset]
4608723994,3776,297511,,,,,,,,,,0.000,21.186,Pinned,Device,NVIDIA A100-SXM4-40GB MIG 4g.20gb (0),1,,13,[CUDA memcpy Host-to-Device]
4608732506,15167,297512,,,,,,,,,,0.197,12962.759,Pinned,Device,NVIDIA A100-SXM4-40GB MIG 4g.20gb (0),1,,13,[CUDA memcpy Host-to-Device]
4608757849,10656,297513,273,1,1,48,1,1,40,0.000,0.001,,,,,NVIDIA A100-SXM4-40GB MIG 4g.20gb (0),1,,13,"void pusch_noise_intf_est::noiseIntfEstNoDftSOfdmKernel<float, __half, float, float, (unsigned int)2, (unsigned int)1, (unsigned char)4, (unsigned char)4>(pusch_noise_intf_est::puschRxNoiseIntfEstDynDescr)"
4608771065,3200,297524,35,1,1,128,1,1,16,0.000,0.000,,,,,NVIDIA A100-SXM4-40GB MIG 4g.20gb (0),1,,13,cupy_copy__complex64_complex64
4608780537,1856,297533,1,1,1,1,1,1,18,0.000,0.000,,,,,NVIDIA A100-SXM4-40GB MIG 4g.20gb (0),1,,13,cupy_copy__float32_float32
4608811289,1728,297539,,,,,,,,,,0.000,2.315,Device,Pageable,NVIDIA A100-SXM4-40GB MIG 4g.20gb (0),1,,7,[CUDA memcpy Device-to-Host]
4608870072,12896,297550,1434,1,1,128,1,1,16,0.000,0.000,,,,,NVIDIA A100-SXM4-40GB MIG 4g.20gb (0),1,,13,cupy_copy__complex64_complex64
4608897624,2848,297557,103,1,1,128,1,1,16,0.000,0.000,,,,,NVIDIA A100-SXM4-40GB MIG 4g.20gb (0),1,,13,cupy_copy__complex64_complex64
4608918423,2336,297564,35,1,1,128,1,1,16,0.000,0.000,,,,,NVIDIA A100-SXM4-40GB MIG 4g.20gb (0),1,,13,cupy_copy__complex64_complex64
4608938967,1792,297571,1,1,1,1,1,1,18,0.000,0.000,,,,,NVIDIA A100-SXM4-40GB MIG 4g.20gb (0),1,,13,cupy_copy__float32_float32
4609069046,81951,297582,1,1,1,32,32,1,30,0.000,0.000,,,,,NVIDIA A100-SXM4-40GB MIG 4g.20gb (0),1,,13,"void convert_kernel<__half2, float2>(tensor_layout_any, T1 *, tensor_layout_any, const T2 *)"
4609178644,5824,297585,,,,,,,,,,0.094,16087.884,Pinned,Device,NVIDIA A100-SXM4-40GB MIG 4g.20gb (0),1,,13,[CUDA memcpy Host-to-Device]
4609192596,3328,297586,,,,,,,,,,1.547,464729.580,Device,,NVIDIA A100-SXM4-40GB MIG 4g.20gb (0),1,,13,[CUDA memset]
4609199060,3072,297591,,,,,,,,,,0.031,10187.474,Pinned,Device,NVIDIA A100-SXM4-40GB MIG 4g.20gb (0),1,,13,[CUDA memcpy Host-to-Device]
4609205012,9344,297592,,,,,,,,,,0.197,21040.988,Pinned,Device,NVIDIA A100-SXM4-40GB MIG 4g.20gb (0),1,,13,[CUDA memcpy Host-to-Device]
4609220756,6720,297593,273,1,1,8,4,1,39,0.002,0.000,,,,,NVIDIA A100-SXM4-40GB MIG 4g.20gb (0),1,,13,"void channel_eq::eqMmseCoefCompLowMimoKernel<float, float, float, (unsigned int)4, (unsigned int)1, (unsigned int)4>(const channel_eq::_puschRxChEqStatDescr *, channel_eq::_puschRxChEqCoefCompDynDescr)"
4609228884,6271,297594,273,1,1,12,11,1,51,0.002,0.000,,,,,NVIDIA A100-SXM4-40GB MIG 4g.20gb (0),1,,13,"void channel_eq::eqMmseSoftDemapKernel<float, __half, __half, float, (unsigned int)4, (unsigned short)16383>(channel_eq::_puschRxChEqStatDescr *, channel_eq::_puschRxChEqSoftDemapDynDescr)"
4609238099,294717,297595,1,1,1,32,32,1,30,0.000,0.000,,,,,NVIDIA A100-SXM4-40GB MIG 4g.20gb (0),1,,13,"void convert_kernel<float2, __half2>(tensor_layout_any, T1 *, tensor_layout_any, const T2 *)"
4609533904,10912,297607,2253,1,1,128,1,1,16,0.000,0.000,,,,,NVIDIA A100-SXM4-40GB MIG 4g.20gb (0),1,,13,cupy_copy__float16_float16
4609548816,3456,297616,282,1,1,128,1,1,16,0.000,0.000,,,,,NVIDIA A100-SXM4-40GB MIG 4g.20gb (0),1,,13,cupy_copy__complex64_complex64
4609554672,2048,297625,26,1,1,128,1,1,16,0.000,0.000,,,,,NVIDIA A100-SXM4-40GB MIG 4g.20gb (0),1,,13,cupy_copy__float32_float32
4609559823,3264,297634,103,1,1,128,1,1,16,0.000,0.000,,,,,NVIDIA A100-SXM4-40GB MIG 4g.20gb (0),1,,13,cupy_copy__complex64_complex64
4609564079,11840,297644,1434,1,1,128,1,1,16,0.000,0.000,,,,,NVIDIA A100-SXM4-40GB MIG 4g.20gb (0),1,,13,cupy_copy__complex64_complex64
4609579631,86783,297649,1,1,1,32,32,1,30,0.000,0.000,,,,,NVIDIA A100-SXM4-40GB MIG 4g.20gb (0),1,,13,"void convert_kernel<__half2, float2>(tensor_layout_any, T1 *, tensor_layout_any, const T2 *)"
4609694542,5568,297652,,,,,,,,,,0.094,16827.521,Pinned,Device,NVIDIA A100-SXM4-40GB MIG 4g.20gb (0),1,,13,[CUDA memcpy Host-to-Device]
4609704430,597176,297653,,,,,,,,,,456.561,764283.851,Device,,NVIDIA A100-SXM4-40GB MIG 4g.20gb (0),1,,13,[CUDA memset]
4610306086,143679,297658,,,,,,,,,,1.235,8593.975,Pinned,Device,NVIDIA A100-SXM4-40GB MIG 4g.20gb (0),1,,13,[CUDA memcpy Host-to-Device]
4610459716,27584,297659,,,,,,,,,,0.197,7127.433,Pinned,Device,NVIDIA A100-SXM4-40GB MIG 4g.20gb (0),1,,13,[CUDA memcpy Host-to-Device]
4610504484,8128,297660,69,4,1,48,1,1,76,0.002,0.000,,,,,NVIDIA A100-SXM4-40GB MIG 4g.20gb (0),1,,13,"void ch_est::windowedChEstPreNoDftSOfdmKernel<float, __half, float, (unsigned int)2, (unsigned int)1, (unsigned short)4>(ch_est::puschRxChEstStatDescr_t *, ch_est::puschRxChEstDynDescr_t *)"
4610518756,6528,297661,137,2,1,24,2,1,44,0.001,0.001,,,,,NVIDIA A100-SXM4-40GB MIG 4g.20gb (0),1,,13,"void ch_est::chEstFilterNoDftSOfdmDispatchKernel<float, __half, float, (unsigned int)2>(ch_est::puschRxChEstStatDescr_t *, ch_est::puschRxChEstDynDescr_t *)"
4610527236,5151,297662,137,2,1,24,2,1,44,0.001,0.001,,,,,NVIDIA A100-SXM4-40GB MIG 4g.20gb (0),1,,13,"void ch_est::chEstFilterNoDftSOfdmDispatchKernel<float, __half, float, (unsigned int)2>(ch_est::puschRxChEstStatDescr_t *, ch_est::puschRxChEstDynDescr_t *)"
4610535011,2432,297673,103,1,1,128,1,1,16,0.000,0.000,,,,,NVIDIA A100-SXM4-40GB MIG 4g.20gb (0),1,,13,cupy_copy__complex64_complex64
4610543651,12896,297683,1434,1,1,128,1,1,16,0.000,0.000,,,,,NVIDIA A100-SXM4-40GB MIG 4g.20gb (0),1,,13,cupy_copy__complex64_complex64
4610560195,3232,297690,103,1,1,128,1,1,16,0.000,0.000,,,,,NVIDIA A100-SXM4-40GB MIG 4g.20gb (0),1,,13,cupy_copy__complex64_complex64
4610569539,87999,297697,1,1,1,32,32,1,30,0.000,0.000,,,,,NVIDIA A100-SXM4-40GB MIG 4g.20gb (0),1,,13,"void convert_kernel<__half2, float2>(tensor_layout_any, T1 *, tensor_layout_any, const T2 *)"
4610687362,13727,297700,,,,,,,,,,0.094,6825.660,Pinned,Device,NVIDIA A100-SXM4-40GB MIG 4g.20gb (0),1,,13,[CUDA memcpy Host-to-Device]
4610711329,47168,297701,,,,,,,,,,35.810,759170.304,Device,,NVIDIA A100-SXM4-40GB MIG 4g.20gb (0),1,,13,[CUDA memset]
4610763073,10976,297703,,,,,,,,,,0.000,7.289,Pinned,Device,NVIDIA A100-SXM4-40GB MIG 4g.20gb (0),1,,13,[CUDA memcpy Host-to-Device]
4610778784,22336,297704,,,,,,,,,,0.197,8802.140,Pinned,Device,NVIDIA A100-SXM4-40GB MIG 4g.20gb (0),1,,13,[CUDA memcpy Host-to-Device]
4610812320,9824,297705,273,1,1,48,1,1,40,0.000,0.001,,,,,NVIDIA A100-SXM4-40GB MIG 4g.20gb (0),1,,13,"void pusch_noise_intf_est::noiseIntfEstNoDftSOfdmKernel<float, __half, float, float, (unsigned int)2, (unsigned int)1, (unsigned char)4, (unsigned char)4>(pusch_noise_intf_est::puschRxNoiseIntfEstDynDescr)"
4610833216,2720,297716,35,1,1,128,1,1,16,0.000,0.000,,,,,NVIDIA A100-SXM4-40GB MIG 4g.20gb (0),1,,13,cupy_copy__complex64_complex64
4610843680,1696,297725,1,1,1,1,1,1,18,0.000,0.000,,,,,NVIDIA A100-SXM4-40GB MIG 4g.20gb (0),1,,13,cupy_copy__float32_float32
4610850112,4800,297731,,,,,,,,,,0.000,0.833,Device,Pageable,NVIDIA A100-SXM4-40GB MIG 4g.20gb (0),1,,7,[CUDA memcpy Device-to-Host]
4610920959,12736,297742,1434,1,1,128,1,1,16,0.000,0.000,,,,,NVIDIA A100-SXM4-40GB MIG 4g.20gb (0),1,,13,cupy_copy__complex64_complex64
4610947614,3008,297749,103,1,1,128,1,1,16,0.000,0.000,,,,,NVIDIA A100-SXM4-40GB MIG 4g.20gb (0),1,,13,cupy_copy__complex64_complex64
4610969374,2432,297756,35,1,1,128,1,1,16,0.000,0.000,,,,,NVIDIA A100-SXM4-40GB MIG 4g.20gb (0),1,,13,cupy_copy__complex64_complex64
4610985950,1920,297763,1,1,1,1,1,1,18,0.000,0.000,,,,,NVIDIA A100-SXM4-40GB MIG 4g.20gb (0),1,,13,cupy_copy__float32_float32
4611118972,83103,297774,1,1,1,32,32,1,30,0.000,0.000,,,,,NVIDIA A100-SXM4-40GB MIG 4g.20gb (0),1,,13,"void convert_kernel<__half2, float2>(tensor_layout_any, T1 *, tensor_layout_any, const T2 *)"
4611230235,5664,297777,,,,,,,,,,0.094,16542.310,Pinned,Device,NVIDIA A100-SXM4-40GB MIG 4g.20gb (0),1,,13,[CUDA memcpy Host-to-Device]
4611246299,3232,297778,,,,,,,,,,1.547,478533.199,Device,,NVIDIA A100-SXM4-40GB MIG 4g.20gb (0),1,,13,[CUDA memset]
4611250843,3552,297783,,,,,,,,,,0.031,8810.794,Pinned,Device,NVIDIA A100-SXM4-40GB MIG 4g.20gb (0),1,,13,[CUDA memcpy Host-to-Device]
4611257051,10271,297784,,,,,,,,,,0.197,19141.951,Pinned,Device,NVIDIA A100-SXM4-40GB MIG 4g.20gb (0),1,,13,[CUDA memcpy Host-to-Device]
4611271066,6368,297785,273,1,1,8,4,1,39,0.002,0.000,,,,,NVIDIA A100-SXM4-40GB MIG 4g.20gb (0),1,,13,"void channel_eq::eqMmseCoefCompLowMimoKernel<float, float, float, (unsigned int)4, (unsigned int)1, (unsigned int)4>(const channel_eq::_puschRxChEqStatDescr *, channel_eq::_puschRxChEqCoefCompDynDescr)"
4611278426,6176,297786,273,1,1,12,11,1,51,0.002,0.000,,,,,NVIDIA A100-SXM4-40GB MIG 4g.20gb (0),1,,13,"void channel_eq::eqMmseSoftDemapKernel<float, __half, __half, float, (unsigned int)4, (unsigned short)16383>(channel_eq::_puschRxChEqStatDescr *, channel_eq::_puschRxChEqSoftDemapDynDescr)"
4611287930,289949,297787,1,1,1,32,32,1,30,0.000,0.000,,,,,NVIDIA A100-SXM4-40GB MIG 4g.20gb (0),1,,13,"void convert_kernel<float2, __half2>(tensor_layout_any, T1 *, tensor_layout_any, const T2 *)"
4611579799,10911,297799,2253,1,1,128,1,1,16,0.000,0.000,,,,,NVIDIA A100-SXM4-40GB MIG 4g.20gb (0),1,,13,cupy_copy__float16_float16
4611594294,3104,297808,282,1,1,128,1,1,16,0.000,0.000,,,,,NVIDIA A100-SXM4-40GB MIG 4g.20gb (0),1,,13,cupy_copy__complex64_complex64
4611599254,2048,297817,26,1,1,128,1,1,16,0.000,0.000,,,,,NVIDIA A100-SXM4-40GB MIG 4g.20gb (0),1,,13,cupy_copy__float32_float32
4611603318,4640,297826,103,1,1,128,1,1,16,0.000,0.000,,,,,NVIDIA A100-SXM4-40GB MIG 4g.20gb (0),1,,13,cupy_copy__complex64_complex64
4611610902,12064,297836,1434,1,1,128,1,1,16,0.000,0.000,,,,,NVIDIA A100-SXM4-40GB MIG 4g.20gb (0),1,,13,cupy_copy__complex64_complex64
4611627798,81567,297841,1,1,1,32,32,1,30,0.000,0.000,,,,,NVIDIA A100-SXM4-40GB MIG 4g.20gb (0),1,,13,"void convert_kernel<__half2, float2>(tensor_layout_any, T1 *, tensor_layout_any, const T2 *)"
4611736245,5952,297844,,,,,,,,,,0.094,15741.865,Pinned,Device,NVIDIA A100-SXM4-40GB MIG 4g.20gb (0),1,,13,[CUDA memcpy Host-to-Device]
4611747413,602648,297845,,,,,,,,,,456.561,757435.429,Device,,NVIDIA A100-SXM4-40GB MIG 4g.20gb (0),1,,13,[CUDA memset]
4612354029,173886,297850,,,,,,,,,,1.235,7100.928,Pinned,Device,NVIDIA A100-SXM4-40GB MIG 4g.20gb (0),1,,13,[CUDA memcpy Host-to-Device]
4612542059,39871,297851,,,,,,,,,,0.197,4930.929,Pinned,Device,NVIDIA A100-SXM4-40GB MIG 4g.20gb (0),1,,13,[CUDA memcpy Host-to-Device]
4612599498,8192,297852,69,4,1,48,1,1,76,0.002,0.000,,,,,NVIDIA A100-SXM4-40GB MIG 4g.20gb (0),1,,13,"void ch_est::windowedChEstPreNoDftSOfdmKernel<float, __half, float, (unsigned int)2, (unsigned int)1, (unsigned short)4>(ch_est::puschRxChEstStatDescr_t *, ch_est::puschRxChEstDynDescr_t *)"
4612617066,7040,297853,137,2,1,24,2,1,44,0.001,0.001,,,,,NVIDIA A100-SXM4-40GB MIG 4g.20gb (0),1,,13,"void ch_est::chEstFilterNoDftSOfdmDispatchKernel<float, __half, float, (unsigned int)2>(ch_est::puschRxChEstStatDescr_t *, ch_est::puschRxChEstDynDescr_t *)"
4612634186,4928,297854,137,2,1,24,2,1,44,0.001,0.001,,,,,NVIDIA A100-SXM4-40GB MIG 4g.20gb (0),1,,13,"void ch_est::chEstFilterNoDftSOfdmDispatchKernel<float, __half, float, (unsigned int)2>(ch_est::puschRxChEstStatDescr_t *, ch_est::puschRxChEstDynDescr_t *)"
4612648873,2688,297865,103,1,1,128,1,1,16,0.000,0.000,,,,,NVIDIA A100-SXM4-40GB MIG 4g.20gb (0),1,,13,cupy_copy__complex64_complex64
4612664553,12736,297875,1434,1,1,128,1,1,16,0.000,0.000,,,,,NVIDIA A100-SXM4-40GB MIG 4g.20gb (0),1,,13,cupy_copy__complex64_complex64
4612691241,2624,297882,103,1,1,128,1,1,16,0.000,0.000,,,,,NVIDIA A100-SXM4-40GB MIG 4g.20gb (0),1,,13,cupy_copy__complex64_complex64
4612706089,83423,297889,1,1,1,32,32,1,30,0.000,0.000,,,,,NVIDIA A100-SXM4-40GB MIG 4g.20gb (0),1,,13,"void convert_kernel<__half2, float2>(tensor_layout_any, T1 *, tensor_layout_any, const T2 *)"
4612819847,13376,297892,,,,,,,,,,0.094,7004.713,Pinned,Device,NVIDIA A100-SXM4-40GB MIG 4g.20gb (0),1,,13,[CUDA memcpy Host-to-Device]
4612845191,47487,297893,,,,,,,,,,35.810,754085.295,Device,,NVIDIA A100-SXM4-40GB MIG 4g.20gb (0),1,,13,[CUDA memset]
4612902182,4640,297895,,,,,,,,,,0.000,17.241,Pinned,Device,NVIDIA A100-SXM4-40GB MIG 4g.20gb (0),1,,13,[CUDA memcpy Host-to-Device]
4612914694,15840,297896,,,,,,,,,,0.197,12412.060,Pinned,Device,NVIDIA A100-SXM4-40GB MIG 4g.20gb (0),1,,13,[CUDA memcpy Host-to-Device]
4612942662,10048,297897,273,1,1,48,1,1,40,0.000,0.001,,,,,NVIDIA A100-SXM4-40GB MIG 4g.20gb (0),1,,13,"void pusch_noise_intf_est::noiseIntfEstNoDftSOfdmKernel<float, __half, float, float, (unsigned int)2, (unsigned int)1, (unsigned char)4, (unsigned char)4>(pusch_noise_intf_est::puschRxNoiseIntfEstDynDescr)"
4612962918,2944,297908,35,1,1,128,1,1,16,0.000,0.000,,,,,NVIDIA A100-SXM4-40GB MIG 4g.20gb (0),1,,13,cupy_copy__complex64_complex64
4612973061,1728,297917,1,1,1,1,1,1,18,0.000,0.000,,,,,NVIDIA A100-SXM4-40GB MIG 4g.20gb (0),1,,13,cupy_copy__float32_float32
4612980005,6016,297923,,,,,,,,,,0.000,0.665,Device,Pageable,NVIDIA A100-SXM4-40GB MIG 4g.20gb (0),1,,7,[CUDA memcpy Device-to-Host]
4613059684,12864,297934,1434,1,1,128,1,1,16,0.000,0.000,,,,,NVIDIA A100-SXM4-40GB MIG 4g.20gb (0),1,,13,cupy_copy__complex64_complex64
4613095588,3392,297941,103,1,1,128,1,1,16,0.000,0.000,,,,,NVIDIA A100-SXM4-40GB MIG 4g.20gb (0),1,,13,cupy_copy__complex64_complex64
4613108932,2720,297948,35,1,1,128,1,1,16,0.000,0.000,,,,,NVIDIA A100-SXM4-40GB MIG 4g.20gb (0),1,,13,cupy_copy__complex64_complex64
4613126564,1951,297955,1,1,1,1,1,1,18,0.000,0.000,,,,,NVIDIA A100-SXM4-40GB MIG 4g.20gb (0),1,,13,cupy_copy__float32_float32
4613255202,88511,297966,1,1,1,32,32,1,30,0.000,0.000,,,,,NVIDIA A100-SXM4-40GB MIG 4g.20gb (0),1,,13,"void convert_kernel<__half2, float2>(tensor_layout_any, T1 *, tensor_layout_any, const T2 *)"
4613371329,5567,297969,,,,,,,,,,0.094,16830.519,Pinned,Device,NVIDIA A100-SXM4-40GB MIG 4g.20gb (0),1,,13,[CUDA memcpy Host-to-Device]
4613385536,3328,297970,,,,,,,,,,1.547,464729.580,Device,,NVIDIA A100-SXM4-40GB MIG 4g.20gb (0),1,,13,[CUDA memset]
4613392448,3392,297975,,,,,,,,,,0.031,9226.405,Pinned,Device,NVIDIA A100-SXM4-40GB MIG 4g.20gb (0),1,,13,[CUDA memcpy Host-to-Device]
4613398624,9632,297976,,,,,,,,,,0.197,20411.843,Pinned,Device,NVIDIA A100-SXM4-40GB MIG 4g.20gb (0),1,,13,[CUDA memcpy Host-to-Device]
4613414080,6592,297977,273,1,1,8,4,1,39,0.002,0.000,,,,,NVIDIA A100-SXM4-40GB MIG 4g.20gb (0),1,,13,"void channel_eq::eqMmseCoefCompLowMimoKernel<float, float, float, (unsigned int)4, (unsigned int)1, (unsigned int)4>(const channel_eq::_puschRxChEqStatDescr *, channel_eq::_puschRxChEqCoefCompDynDescr)"
4613423424,6400,297978,273,1,1,12,11,1,51,0.002,0.000,,,,,NVIDIA A100-SXM4-40GB MIG 4g.20gb (0),1,,13,"void channel_eq::eqMmseSoftDemapKernel<float, __half, __half, float, (unsigned int)4, (unsigned short)16383>(channel_eq::_puschRxChEqStatDescr *, channel_eq::_puschRxChEqSoftDemapDynDescr)"
4613430880,282876,297979,1,1,1,32,32,1,30,0.000,0.000,,,,,NVIDIA A100-SXM4-40GB MIG 4g.20gb (0),1,,13,"void convert_kernel<float2, __half2>(tensor_layout_any, T1 *, tensor_layout_any, const T2 *)"
4613714780,10944,297991,2253,1,1,128,1,1,16,0.000,0.000,,,,,NVIDIA A100-SXM4-40GB MIG 4g.20gb (0),1,,13,cupy_copy__float16_float16
4613728636,3520,298000,282,1,1,128,1,1,16,0.000,0.000,,,,,NVIDIA A100-SXM4-40GB MIG 4g.20gb (0),1,,13,cupy_copy__complex64_complex64
4613735420,2048,298009,26,1,1,128,1,1,16,0.000,0.000,,,,,NVIDIA A100-SXM4-40GB MIG 4g.20gb (0),1,,13,cupy_copy__float32_float32
4613739100,3040,298018,103,1,1,128,1,1,16,0.000,0.000,,,,,NVIDIA A100-SXM4-40GB MIG 4g.20gb (0),1,,13,cupy_copy__complex64_complex64
4613743100,12000,298028,1434,1,1,128,1,1,16,0.000,0.000,,,,,NVIDIA A100-SXM4-40GB MIG 4g.20gb (0),1,,13,cupy_copy__complex64_complex64
4613761436,82207,298033,1,1,1,32,32,1,30,0.000,0.000,,,,,NVIDIA A100-SXM4-40GB MIG 4g.20gb (0),1,,13,"void convert_kernel<__half2, float2>(tensor_layout_any, T1 *, tensor_layout_any, const T2 *)"
4613869626,5408,298036,,,,,,,,,,0.094,17325.421,Pinned,Device,NVIDIA A100-SXM4-40GB MIG 4g.20gb (0),1,,13,[CUDA memcpy Host-to-Device]
4613880538,598201,298037,,,,,,,,,,456.561,762914.166,Device,,NVIDIA A100-SXM4-40GB MIG 4g.20gb (0),1,,13,[CUDA memset]
4614486835,142398,298042,,,,,,,,,,1.235,8671.777,Pinned,Device,NVIDIA A100-SXM4-40GB MIG 4g.20gb (0),1,,13,[CUDA memcpy Host-to-Device]
4614640945,36255,298043,,,,,,,,,,0.197,5422.842,Pinned,Device,NVIDIA A100-SXM4-40GB MIG 4g.20gb (0),1,,13,[CUDA memcpy Host-to-Device]
4614699920,8096,298044,69,4,1,48,1,1,76,0.002,0.000,,,,,NVIDIA A100-SXM4-40GB MIG 4g.20gb (0),1,,13,"void ch_est::windowedChEstPreNoDftSOfdmKernel<float, __half, float, (unsigned int)2, (unsigned int)1, (unsigned short)4>(ch_est::puschRxChEstStatDescr_t *, ch_est::puschRxChEstDynDescr_t *)"
4614715504,6944,298045,137,2,1,24,2,1,44,0.001,0.001,,,,,NVIDIA A100-SXM4-40GB MIG 4g.20gb (0),1,,13,"void ch_est::chEstFilterNoDftSOfdmDispatchKernel<float, __half, float, (unsigned int)2>(ch_est::puschRxChEstStatDescr_t *, ch_est::puschRxChEstDynDescr_t *)"
4614728720,4640,298046,137,2,1,24,2,1,44,0.001,0.001,,,,,NVIDIA A100-SXM4-40GB MIG 4g.20gb (0),1,,13,"void ch_est::chEstFilterNoDftSOfdmDispatchKernel<float, __half, float, (unsigned int)2>(ch_est::puschRxChEstStatDescr_t *, ch_est::puschRxChEstDynDescr_t *)"
4614744848,2624,298057,103,1,1,128,1,1,16,0.000,0.000,,,,,NVIDIA A100-SXM4-40GB MIG 4g.20gb (0),1,,13,cupy_copy__complex64_complex64
4614757391,12576,298067,1434,1,1,128,1,1,16,0.000,0.000,,,,,NVIDIA A100-SXM4-40GB MIG 4g.20gb (0),1,,13,cupy_copy__complex64_complex64
4614783055,2496,298074,103,1,1,128,1,1,16,0.000,0.000,,,,,NVIDIA A100-SXM4-40GB MIG 4g.20gb (0),1,,13,cupy_copy__complex64_complex64
4614793519,86079,298081,1,1,1,32,32,1,30,0.000,0.000,,,,,NVIDIA A100-SXM4-40GB MIG 4g.20gb (0),1,,13,"void convert_kernel<__half2, float2>(tensor_layout_any, T1 *, tensor_layout_any, const T2 *)"
4614914541,18528,298084,,,,,,,,,,0.094,5056.961,Pinned,Device,NVIDIA A100-SXM4-40GB MIG 4g.20gb (0),1,,13,[CUDA memcpy Host-to-Device]
4614947533,46816,298085,,,,,,,,,,35.810,764899.891,Device,,NVIDIA A100-SXM4-40GB MIG 4g.20gb (0),1,,13,[CUDA memset]
4615002252,7808,298087,,,,,,,,,,0.000,10.246,Pinned,Device,NVIDIA A100-SXM4-40GB MIG 4g.20gb (0),1,,13,[CUDA memcpy Host-to-Device]
4615017452,23648,298088,,,,,,,,,,0.197,8313.766,Pinned,Device,NVIDIA A100-SXM4-40GB MIG 4g.20gb (0),1,,13,[CUDA memcpy Host-to-Device]
4615054828,9504,298089,273,1,1,48,1,1,40,0.000,0.001,,,,,NVIDIA A100-SXM4-40GB MIG 4g.20gb (0),1,,13,"void pusch_noise_intf_est::noiseIntfEstNoDftSOfdmKernel<float, __half, float, float, (unsigned int)2, (unsigned int)1, (unsigned char)4, (unsigned char)4>(pusch_noise_intf_est::puschRxNoiseIntfEstDynDescr)"
4615071404,2816,298100,35,1,1,128,1,1,16,0.000,0.000,,,,,NVIDIA A100-SXM4-40GB MIG 4g.20gb (0),1,,13,cupy_copy__complex64_complex64
4615079307,1984,298109,1,1,1,1,1,1,18,0.000,0.000,,,,,NVIDIA A100-SXM4-40GB MIG 4g.20gb (0),1,,13,cupy_copy__float32_float32
4615085003,6112,298115,,,,,,,,,,0.000,0.654,Device,Pageable,NVIDIA A100-SXM4-40GB MIG 4g.20gb (0),1,,7,[CUDA memcpy Device-to-Host]
4615157514,12832,298126,1434,1,1,128,1,1,16,0.000,0.000,,,,,NVIDIA A100-SXM4-40GB MIG 4g.20gb (0),1,,13,cupy_copy__complex64_complex64
4615187466,3392,298133,103,1,1,128,1,1,16,0.000,0.000,,,,,NVIDIA A100-SXM4-40GB MIG 4g.20gb (0),1,,13,cupy_copy__complex64_complex64
4615207786,2464,298140,35,1,1,128,1,1,16,0.000,0.000,,,,,NVIDIA A100-SXM4-40GB MIG 4g.20gb (0),1,,13,cupy_copy__complex64_complex64
4615223370,2176,298147,1,1,1,1,1,1,18,0.000,0.000,,,,,NVIDIA A100-SXM4-40GB MIG 4g.20gb (0),1,,13,cupy_copy__float32_float32
4615352072,87071,298158,1,1,1,32,32,1,30,0.000,0.000,,,,,NVIDIA A100-SXM4-40GB MIG 4g.20gb (0),1,,13,"void convert_kernel<__half2, float2>(tensor_layout_any, T1 *, tensor_layout_any, const T2 *)"
4615466471,5664,298161,,,,,,,,,,0.094,16542.310,Pinned,Device,NVIDIA A100-SXM4-40GB MIG 4g.20gb (0),1,,13,[CUDA memcpy Host-to-Device]
4615480583,3263,298162,,,,,,,,,,1.547,473987.671,Device,,NVIDIA A100-SXM4-40GB MIG 4g.20gb (0),1,,13,[CUDA memset]
4615489478,3040,298167,,,,,,,,,,0.031,10294.725,Pinned,Device,NVIDIA A100-SXM4-40GB MIG 4g.20gb (0),1,,13,[CUDA memcpy Host-to-Device]
4615495046,9504,298168,,,,,,,,,,0.197,20686.701,Pinned,Device,NVIDIA A100-SXM4-40GB MIG 4g.20gb (0),1,,13,[CUDA memcpy Host-to-Device]
4615510694,6784,298169,273,1,1,8,4,1,39,0.002,0.000,,,,,NVIDIA A100-SXM4-40GB MIG 4g.20gb (0),1,,13,"void channel_eq::eqMmseCoefCompLowMimoKernel<float, float, float, (unsigned int)4, (unsigned int)1, (unsigned int)4>(const channel_eq::_puschRxChEqStatDescr *, channel_eq::_puschRxChEqCoefCompDynDescr)"
4615521094,5792,298170,273,1,1,12,11,1,51,0.002,0.000,,,,,NVIDIA A100-SXM4-40GB MIG 4g.20gb (0),1,,13,"void channel_eq::eqMmseSoftDemapKernel<float, __half, __half, float, (unsigned int)4, (unsigned short)16383>(channel_eq::_puschRxChEqStatDescr *, channel_eq::_puschRxChEqSoftDemapDynDescr)"
4615527974,282268,298171,1,1,1,32,32,1,30,0.000,0.000,,,,,NVIDIA A100-SXM4-40GB MIG 4g.20gb (0),1,,13,"void convert_kernel<float2, __half2>(tensor_layout_any, T1 *, tensor_layout_any, const T2 *)"
4615813154,11104,298183,2253,1,1,128,1,1,16,0.000,0.000,,,,,NVIDIA A100-SXM4-40GB MIG 4g.20gb (0),1,,13,cupy_copy__float16_float16
4615826178,3232,298192,282,1,1,128,1,1,16,0.000,0.000,,,,,NVIDIA A100-SXM4-40GB MIG 4g.20gb (0),1,,13,cupy_copy__complex64_complex64
4615832706,2144,298201,26,1,1,128,1,1,16,0.000,0.000,,,,,NVIDIA A100-SXM4-40GB MIG 4g.20gb (0),1,,13,cupy_copy__float32_float32
4615836386,3808,298210,103,1,1,128,1,1,16,0.000,0.000,,,,,NVIDIA A100-SXM4-40GB MIG 4g.20gb (0),1,,13,cupy_copy__complex64_complex64
4615891361,11936,298226,1434,1,1,128,1,1,16,0.000,0.000,,,,,NVIDIA A100-SXM4-40GB MIG 4g.20gb (0),1,,13,cupy_copy__complex64_complex64
4616007264,82495,298231,1,1,1,32,32,1,30,0.000,0.000,,,,,NVIDIA A100-SXM4-40GB MIG 4g.20gb (0),1,,13,"void convert_kernel<__half2, float2>(tensor_layout_any, T1 *, tensor_layout_any, const T2 *)"
4616116863,5664,298234,,,,,,,,,,0.094,16542.310,Pinned,Device,NVIDIA A100-SXM4-40GB MIG 4g.20gb (0),1,,13,[CUDA memcpy Host-to-Device]
4616126879,597400,298235,,,,,,,,,,456.561,763827.289,Device,,NVIDIA A100-SXM4-40GB MIG 4g.20gb (0),1,,13,[CUDA memset]
4616733975,151262,298240,,,,,,,,,,1.235,8164.215,Pinned,Device,NVIDIA A100-SXM4-40GB MIG 4g.20gb (0),1,,13,[CUDA memcpy Host-to-Device]
4616897461,39200,298241,,,,,,,,,,0.197,5015.470,Pinned,Device,NVIDIA A100-SXM4-40GB MIG 4g.20gb (0),1,,13,[CUDA memcpy Host-to-Device]
4616956788,7840,298242,69,4,1,48,1,1,76,0.002,0.000,,,,,NVIDIA A100-SXM4-40GB MIG 4g.20gb (0),1,,13,"void ch_est::windowedChEstPreNoDftSOfdmKernel<float, __half, float, (unsigned int)2, (unsigned int)1, (unsigned short)4>(ch_est::puschRxChEstStatDescr_t *, ch_est::puschRxChEstDynDescr_t *)"
4616974324,6624,298243,137,2,1,24,2,1,44,0.001,0.001,,,,,NVIDIA A100-SXM4-40GB MIG 4g.20gb (0),1,,13,"void ch_est::chEstFilterNoDftSOfdmDispatchKernel<float, __half, float, (unsigned int)2>(ch_est::puschRxChEstStatDescr_t *, ch_est::puschRxChEstDynDescr_t *)"
4616988820,4704,298244,137,2,1,24,2,1,44,0.001,0.001,,,,,NVIDIA A100-SXM4-40GB MIG 4g.20gb (0),1,,13,"void ch_est::chEstFilterNoDftSOfdmDispatchKernel<float, __half, float, (unsigned int)2>(ch_est::puschRxChEstStatDescr_t *, ch_est::puschRxChEstDynDescr_t *)"
4617005396,2560,298255,103,1,1,128,1,1,16,0.000,0.000,,,,,NVIDIA A100-SXM4-40GB MIG 4g.20gb (0),1,,13,cupy_copy__complex64_complex64
4617019572,12543,298265,1434,1,1,128,1,1,16,0.000,0.000,,,,,NVIDIA A100-SXM4-40GB MIG 4g.20gb (0),1,,13,cupy_copy__complex64_complex64
4617051795,2528,298272,103,1,1,128,1,1,16,0.000,0.000,,,,,NVIDIA A100-SXM4-40GB MIG 4g.20gb (0),1,,13,cupy_copy__complex64_complex64
4617067283,86271,298279,1,1,1,32,32,1,30,0.000,0.000,,,,,NVIDIA A100-SXM4-40GB MIG 4g.20gb (0),1,,13,"void convert_kernel<__half2, float2>(tensor_layout_any, T1 *, tensor_layout_any, const T2 *)"
4617187537,18080,298282,,,,,,,,,,0.094,5182.232,Pinned,Device,NVIDIA A100-SXM4-40GB MIG 4g.20gb (0),1,,13,[CUDA memcpy Host-to-Device]
4617220689,47103,298283,,,,,,,,,,35.810,760244.602,Device,,NVIDIA A100-SXM4-40GB MIG 4g.20gb (0),1,,13,[CUDA memset]
4617269648,12160,298285,,,,,,,,,,0.000,6.579,Pinned,Device,NVIDIA A100-SXM4-40GB MIG 4g.20gb (0),1,,13,[CUDA memcpy Host-to-Device]
4617290064,34752,298286,,,,,,,,,,0.197,5657.395,Pinned,Device,NVIDIA A100-SXM4-40GB MIG 4g.20gb (0),1,,13,[CUDA memcpy Host-to-Device]
4617342416,9919,298287,273,1,1,48,1,1,40,0.000,0.001,,,,,NVIDIA A100-SXM4-40GB MIG 4g.20gb (0),1,,13,"void pusch_noise_intf_est::noiseIntfEstNoDftSOfdmKernel<float, __half, float, float, (unsigned int)2, (unsigned int)1, (unsigned char)4, (unsigned char)4>(pusch_noise_intf_est::puschRxNoiseIntfEstDynDescr)"
4617364399,3008,298298,35,1,1,128,1,1,16,0.000,0.000,,,,,NVIDIA A100-SXM4-40GB MIG 4g.20gb (0),1,,13,cupy_copy__complex64_complex64
4617372783,1920,298307,1,1,1,1,1,1,18,0.000,0.000,,,,,NVIDIA A100-SXM4-40GB MIG 4g.20gb (0),1,,13,cupy_copy__float32_float32
4617375087,4608,298313,,,,,,,,,,0.000,0.868,Device,Pageable,NVIDIA A100-SXM4-40GB MIG 4g.20gb (0),1,,7,[CUDA memcpy Device-to-Host]
4617446446,12960,298324,1434,1,1,128,1,1,16,0.000,0.000,,,,,NVIDIA A100-SXM4-40GB MIG 4g.20gb (0),1,,13,cupy_copy__complex64_complex64
4617475246,3008,298331,103,1,1,128,1,1,16,0.000,0.000,,,,,NVIDIA A100-SXM4-40GB MIG 4g.20gb (0),1,,13,cupy_copy__complex64_complex64
4617497038,2784,298338,35,1,1,128,1,1,16,0.000,0.000,,,,,NVIDIA A100-SXM4-40GB MIG 4g.20gb (0),1,,13,cupy_copy__complex64_complex64
4617515501,1888,298345,1,1,1,1,1,1,18,0.000,0.000,,,,,NVIDIA A100-SXM4-40GB MIG 4g.20gb (0),1,,13,cupy_copy__float32_float32
4617641068,81951,298356,1,1,1,32,32,1,30,0.000,0.000,,,,,NVIDIA A100-SXM4-40GB MIG 4g.20gb (0),1,,13,"void convert_kernel<__half2, float2>(tensor_layout_any, T1 *, tensor_layout_any, const T2 *)"
4617752203,5951,298359,,,,,,,,,,0.094,15744.488,Pinned,Device,NVIDIA A100-SXM4-40GB MIG 4g.20gb (0),1,,13,[CUDA memcpy Host-to-Device]
4617768170,3424,298360,,,,,,,,,,1.547,451700.819,Device,,NVIDIA A100-SXM4-40GB MIG 4g.20gb (0),1,,13,[CUDA memset]
4617773674,3040,298365,,,,,,,,,,0.031,10294.725,Pinned,Device,NVIDIA A100-SXM4-40GB MIG 4g.20gb (0),1,,13,[CUDA memcpy Host-to-Device]
4617778890,9408,298366,,,,,,,,,,0.197,20897.858,Pinned,Device,NVIDIA A100-SXM4-40GB MIG 4g.20gb (0),1,,13,[CUDA memcpy Host-to-Device]
4617793386,6496,298367,273,1,1,8,4,1,39,0.002,0.000,,,,,NVIDIA A100-SXM4-40GB MIG 4g.20gb (0),1,,13,"void channel_eq::eqMmseCoefCompLowMimoKernel<float, float, float, (unsigned int)4, (unsigned int)1, (unsigned int)4>(const channel_eq::_puschRxChEqStatDescr *, channel_eq::_puschRxChEqCoefCompDynDescr)"
4617800874,6240,298368,273,1,1,12,11,1,51,0.002,0.000,,,,,NVIDIA A100-SXM4-40GB MIG 4g.20gb (0),1,,13,"void channel_eq::eqMmseSoftDemapKernel<float, __half, __half, float, (unsigned int)4, (unsigned short)16383>(channel_eq::_puschRxChEqStatDescr *, channel_eq::_puschRxChEqSoftDemapDynDescr)"
4617808106,283228,298369,1,1,1,32,32,1,30,0.000,0.000,,,,,NVIDIA A100-SXM4-40GB MIG 4g.20gb (0),1,,13,"void convert_kernel<float2, __half2>(tensor_layout_any, T1 *, tensor_layout_any, const T2 *)"
4618094566,10976,298381,2253,1,1,128,1,1,16,0.000,0.000,,,,,NVIDIA A100-SXM4-40GB MIG 4g.20gb (0),1,,13,cupy_copy__float16_float16
4618106822,3296,298390,282,1,1,128,1,1,16,0.000,0.000,,,,,NVIDIA A100-SXM4-40GB MIG 4g.20gb (0),1,,13,cupy_copy__complex64_complex64
4618111910,2144,298399,26,1,1,128,1,1,16,0.000,0.000,,,,,NVIDIA A100-SXM4-40GB MIG 4g.20gb (0),1,,13,cupy_copy__float32_float32
4618115238,3168,298408,103,1,1,128,1,1,16,0.000,0.000,,,,,NVIDIA A100-SXM4-40GB MIG 4g.20gb (0),1,,13,cupy_copy__complex64_complex64
4618120582,11936,298418,1434,1,1,128,1,1,16,0.000,0.000,,,,,NVIDIA A100-SXM4-40GB MIG 4g.20gb (0),1,,13,cupy_copy__complex64_complex64
4618142214,81503,298423,1,1,1,32,32,1,30,0.000,0.000,,,,,NVIDIA A100-SXM4-40GB MIG 4g.20gb (0),1,,13,"void convert_kernel<__half2, float2>(tensor_layout_any, T1 *, tensor_layout_any, const T2 *)"
4618250340,6176,298426,,,,,,,,,,0.094,15170.975,Pinned,Device,NVIDIA A100-SXM4-40GB MIG 4g.20gb (0),1,,13,[CUDA memcpy Host-to-Device]
4618261604,597145,298427,,,,,,,,,,456.561,764283.851,Device,,NVIDIA A100-SXM4-40GB MIG 4g.20gb (0),1,,13,[CUDA memset]
4618859421,166014,298432,,,,,,,,,,1.235,7438.068,Pinned,Device,NVIDIA A100-SXM4-40GB MIG 4g.20gb (0),1,,13,[CUDA memcpy Host-to-Device]
4619037883,43519,298433,,,,,,,,,,0.197,4517.659,Pinned,Device,NVIDIA A100-SXM4-40GB MIG 4g.20gb (0),1,,13,[CUDA memcpy Host-to-Device]
4619102554,8352,298434,69,4,1,48,1,1,76,0.002,0.000,,,,,NVIDIA A100-SXM4-40GB MIG 4g.20gb (0),1,,13,"void ch_est::windowedChEstPreNoDftSOfdmKernel<float, __half, float, (unsigned int)2, (unsigned int)1, (unsigned short)4>(ch_est::puschRxChEstStatDescr_t *, ch_est::puschRxChEstDynDescr_t *)"
4619121466,6688,298435,137,2,1,24,2,1,44,0.001,0.001,,,,,NVIDIA A100-SXM4-40GB MIG 4g.20gb (0),1,,13,"void ch_est::chEstFilterNoDftSOfdmDispatchKernel<float, __half, float, (unsigned int)2>(ch_est::puschRxChEstStatDescr_t *, ch_est::puschRxChEstDynDescr_t *)"
4619137849,4800,298436,137,2,1,24,2,1,44,0.001,0.001,,,,,NVIDIA A100-SXM4-40GB MIG 4g.20gb (0),1,,13,"void ch_est::chEstFilterNoDftSOfdmDispatchKernel<float, __half, float, (unsigned int)2>(ch_est::puschRxChEstStatDescr_t *, ch_est::puschRxChEstDynDescr_t *)"
4619155033,2496,298447,103,1,1,128,1,1,16,0.000,0.000,,,,,NVIDIA A100-SXM4-40GB MIG 4g.20gb (0),1,,13,cupy_copy__complex64_complex64
4619172601,12384,298457,1434,1,1,128,1,1,16,0.000,0.000,,,,,NVIDIA A100-SXM4-40GB MIG 4g.20gb (0),1,,13,cupy_copy__complex64_complex64
4619191993,2560,298464,103,1,1,128,1,1,16,0.000,0.000,,,,,NVIDIA A100-SXM4-40GB MIG 4g.20gb (0),1,,13,cupy_copy__complex64_complex64
4619214105,99166,298471,1,1,1,32,32,1,30,0.000,0.000,,,,,NVIDIA A100-SXM4-40GB MIG 4g.20gb (0),1,,13,"void convert_kernel<__half2, float2>(tensor_layout_any, T1 *, tensor_layout_any, const T2 *)"
4619346487,25792,298474,,,,,,,,,,0.094,3632.688,Pinned,Device,NVIDIA A100-SXM4-40GB MIG 4g.20gb (0),1,,13,[CUDA memcpy Host-to-Device]
4619387478,47296,298475,,,,,,,,,,35.810,757129.139,Device,,NVIDIA A100-SXM4-40GB MIG 4g.20gb (0),1,,13,[CUDA memset]
4619438774,12864,298477,,,,,,,,,,0.000,6.219,Pinned,Device,NVIDIA A100-SXM4-40GB MIG 4g.20gb (0),1,,13,[CUDA memcpy Host-to-Device]
4619461877,20000,298478,,,,,,,,,,0.197,9830.400,Pinned,Device,NVIDIA A100-SXM4-40GB MIG 4g.20gb (0),1,,13,[CUDA memcpy Host-to-Device]
4619510261,10112,298479,273,1,1,48,1,1,40,0.000,0.001,,,,,NVIDIA A100-SXM4-40GB MIG 4g.20gb (0),1,,13,"void pusch_noise_intf_est::noiseIntfEstNoDftSOfdmKernel<float, __half, float, float, (unsigned int)2, (unsigned int)1, (unsigned char)4, (unsigned char)4>(pusch_noise_intf_est::puschRxNoiseIntfEstDynDescr)"
4619537237,2784,298490,35,1,1,128,1,1,16,0.000,0.000,,,,,NVIDIA A100-SXM4-40GB MIG 4g.20gb (0),1,,13,cupy_copy__complex64_complex64
4619550548,1664,298499,1,1,1,1,1,1,18,0.000,0.000,,,,,NVIDIA A100-SXM4-40GB MIG 4g.20gb (0),1,,13,cupy_copy__float32_float32
4619559828,7328,298505,,,,,,,,,,0.000,0.546,Device,Pageable,NVIDIA A100-SXM4-40GB MIG 4g.20gb (0),1,,7,[CUDA memcpy Device-to-Host]
4619641427,12992,298516,1434,1,1,128,1,1,16,0.000,0.000,,,,,NVIDIA A100-SXM4-40GB MIG 4g.20gb (0),1,,13,cupy_copy__complex64_complex64
4619678739,2592,298523,103,1,1,128,1,1,16,0.000,0.000,,,,,NVIDIA A100-SXM4-40GB MIG 4g.20gb (0),1,,13,cupy_copy__complex64_complex64
4619693267,2368,298530,35,1,1,128,1,1,16,0.000,0.000,,,,,NVIDIA A100-SXM4-40GB MIG 4g.20gb (0),1,,13,cupy_copy__complex64_complex64
4619707922,1760,298537,1,1,1,1,1,1,18,0.000,0.000,,,,,NVIDIA A100-SXM4-40GB MIG 4g.20gb (0),1,,13,cupy_copy__float32_float32
4619831537,83423,298548,1,1,1,32,32,1,30,0.000,0.000,,,,,NVIDIA A100-SXM4-40GB MIG 4g.20gb (0),1,,13,"void convert_kernel<__half2, float2>(tensor_layout_any, T1 *, tensor_layout_any, const T2 *)"
4619942928,5439,298551,,,,,,,,,,0.094,17226.665,Pinned,Device,NVIDIA A100-SXM4-40GB MIG 4g.20gb (0),1,,13,[CUDA memcpy Host-to-Device]
4619957551,3552,298552,,,,,,,,,,1.547,435422.601,Device,,NVIDIA A100-SXM4-40GB MIG 4g.20gb (0),1,,13,[CUDA memset]
4619965007,3040,298557,,,,,,,,,,0.031,10294.725,Pinned,Device,NVIDIA A100-SXM4-40GB MIG 4g.20gb (0),1,,13,[CUDA memcpy Host-to-Device]
4619970671,10560,298558,,,,,,,,,,0.197,18617.991,Pinned,Device,NVIDIA A100-SXM4-40GB MIG 4g.20gb (0),1,,13,[CUDA memcpy Host-to-Device]
4619986735,6432,298559,273,1,1,8,4,1,39,0.002,0.000,,,,,NVIDIA A100-SXM4-40GB MIG 4g.20gb (0),1,,13,"void channel_eq::eqMmseCoefCompLowMimoKernel<float, float, float, (unsigned int)4, (unsigned int)1, (unsigned int)4>(const channel_eq::_puschRxChEqStatDescr *, channel_eq::_puschRxChEqCoefCompDynDescr)"
4619995951,5920,298560,273,1,1,12,11,1,51,0.002,0.000,,,,,NVIDIA A100-SXM4-40GB MIG 4g.20gb (0),1,,13,"void channel_eq::eqMmseSoftDemapKernel<float, __half, __half, float, (unsigned int)4, (unsigned short)16383>(channel_eq::_puschRxChEqStatDescr *, channel_eq::_puschRxChEqSoftDemapDynDescr)"
4620002927,283068,298561,1,1,1,32,32,1,30,0.000,0.000,,,,,NVIDIA A100-SXM4-40GB MIG 4g.20gb (0),1,,13,"void convert_kernel<float2, __half2>(tensor_layout_any, T1 *, tensor_layout_any, const T2 *)"
4620289451,11072,298573,2253,1,1,128,1,1,16,0.000,0.000,,,,,NVIDIA A100-SXM4-40GB MIG 4g.20gb (0),1,,13,cupy_copy__float16_float16
4620305099,2784,298582,282,1,1,128,1,1,16,0.000,0.000,,,,,NVIDIA A100-SXM4-40GB MIG 4g.20gb (0),1,,13,cupy_copy__complex64_complex64
4620311339,2144,298591,26,1,1,128,1,1,16,0.000,0.000,,,,,NVIDIA A100-SXM4-40GB MIG 4g.20gb (0),1,,13,cupy_copy__float32_float32
4620317419,4704,298600,103,1,1,128,1,1,16,0.000,0.000,,,,,NVIDIA A100-SXM4-40GB MIG 4g.20gb (0),1,,13,cupy_copy__complex64_complex64
4620324587,11840,298610,1434,1,1,128,1,1,16,0.000,0.000,,,,,NVIDIA A100-SXM4-40GB MIG 4g.20gb (0),1,,13,cupy_copy__complex64_complex64
4620341067,82719,298615,1,1,1,32,32,1,30,0.000,0.000,,,,,NVIDIA A100-SXM4-40GB MIG 4g.20gb (0),1,,13,"void convert_kernel<__half2, float2>(tensor_layout_any, T1 *, tensor_layout_any, const T2 *)"
4620450889,5952,298618,,,,,,,,,,0.094,15741.865,Pinned,Device,NVIDIA A100-SXM4-40GB MIG 4g.20gb (0),1,,13,[CUDA memcpy Host-to-Device]
4620460457,597369,298619,,,,,,,,,,456.561,764283.851,Device,,NVIDIA A100-SXM4-40GB MIG 4g.20gb (0),1,,13,[CUDA memset]
4621065410,89439,298624,,,,,,,,,,1.235,13806.674,Pinned,Device,NVIDIA A100-SXM4-40GB MIG 4g.20gb (0),1,,13,[CUDA memcpy Host-to-Device]
4621161281,19455,298625,,,,,,,,,,0.197,10105.651,Pinned,Device,NVIDIA A100-SXM4-40GB MIG 4g.20gb (0),1,,13,[CUDA memcpy Host-to-Device]
4621190720,9376,298626,69,4,1,48,1,1,76,0.002,0.000,,,,,NVIDIA A100-SXM4-40GB MIG 4g.20gb (0),1,,13,"void ch_est::windowedChEstPreNoDftSOfdmKernel<float, __half, float, (unsigned int)2, (unsigned int)1, (unsigned short)4>(ch_est::puschRxChEstStatDescr_t *, ch_est::puschRxChEstDynDescr_t *)"
4621206368,7680,298627,137,2,1,24,2,1,44,0.001,0.001,,,,,NVIDIA A100-SXM4-40GB MIG 4g.20gb (0),1,,13,"void ch_est::chEstFilterNoDftSOfdmDispatchKernel<float, __half, float, (unsigned int)2>(ch_est::puschRxChEstStatDescr_t *, ch_est::puschRxChEstDynDescr_t *)"
4621220960,6400,298628,137,2,1,24,2,1,44,0.001,0.001,,,,,NVIDIA A100-SXM4-40GB MIG 4g.20gb (0),1,,13,"void ch_est::chEstFilterNoDftSOfdmDispatchKernel<float, __half, float, (unsigned int)2>(ch_est::puschRxChEstStatDescr_t *, ch_est::puschRxChEstDynDescr_t *)"
4621228608,3200,298639,103,1,1,128,1,1,16,0.000,0.000,,,,,NVIDIA A100-SXM4-40GB MIG 4g.20gb (0),1,,13,cupy_copy__complex64_complex64
4621236256,12863,298649,1434,1,1,128,1,1,16,0.000,0.000,,,,,NVIDIA A100-SXM4-40GB MIG 4g.20gb (0),1,,13,cupy_copy__complex64_complex64
4621252415,2624,298656,103,1,1,128,1,1,16,0.000,0.000,,,,,NVIDIA A100-SXM4-40GB MIG 4g.20gb (0),1,,13,cupy_copy__complex64_complex64
4621261247,83039,298663,1,1,1,32,32,1,30,0.000,0.000,,,,,NVIDIA A100-SXM4-40GB MIG 4g.20gb (0),1,,13,"void convert_kernel<__half2, float2>(tensor_layout_any, T1 *, tensor_layout_any, const T2 *)"
4621372542,12128,298666,,,,,,,,,,0.094,7725.516,Pinned,Device,NVIDIA A100-SXM4-40GB MIG 4g.20gb (0),1,,13,[CUDA memcpy Host-to-Device]
4621395966,47647,298667,,,,,,,,,,35.810,751542.791,Device,,NVIDIA A100-SXM4-40GB MIG 4g.20gb (0),1,,13,[CUDA memset]
4621451133,2752,298669,,,,,,,,,,0.000,29.070,Pinned,Device,NVIDIA A100-SXM4-40GB MIG 4g.20gb (0),1,,13,[CUDA memcpy Host-to-Device]
4621458525,19040,298670,,,,,,,,,,0.197,10326.049,Pinned,Device,NVIDIA A100-SXM4-40GB MIG 4g.20gb (0),1,,13,[CUDA memcpy Host-to-Device]
4621492220,9792,298671,273,1,1,48,1,1,40,0.000,0.001,,,,,NVIDIA A100-SXM4-40GB MIG 4g.20gb (0),1,,13,"void pusch_noise_intf_est::noiseIntfEstNoDftSOfdmKernel<float, __half, float, float, (unsigned int)2, (unsigned int)1, (unsigned char)4, (unsigned char)4>(pusch_noise_intf_est::puschRxNoiseIntfEstDynDescr)"
4621511708,2848,298682,35,1,1,128,1,1,16,0.000,0.000,,,,,NVIDIA A100-SXM4-40GB MIG 4g.20gb (0),1,,13,cupy_copy__complex64_complex64
4621522204,1664,298691,1,1,1,1,1,1,18,0.000,0.000,,,,,NVIDIA A100-SXM4-40GB MIG 4g.20gb (0),1,,13,cupy_copy__float32_float32
4621528060,2848,298697,,,,,,,,,,0.000,1.404,Device,Pageable,NVIDIA A100-SXM4-40GB MIG 4g.20gb (0),1,,7,[CUDA memcpy Device-to-Host]
4621610491,12992,298708,1434,1,1,128,1,1,16,0.000,0.000,,,,,NVIDIA A100-SXM4-40GB MIG 4g.20gb (0),1,,13,cupy_copy__complex64_complex64
4621639579,2944,298715,103,1,1,128,1,1,16,0.000,0.000,,,,,NVIDIA A100-SXM4-40GB MIG 4g.20gb (0),1,,13,cupy_copy__complex64_complex64
4621656826,2624,298722,35,1,1,128,1,1,16,0.000,0.000,,,,,NVIDIA A100-SXM4-40GB MIG 4g.20gb (0),1,,13,cupy_copy__complex64_complex64
4621670714,1792,298729,1,1,1,1,1,1,18,0.000,0.000,,,,,NVIDIA A100-SXM4-40GB MIG 4g.20gb (0),1,,13,cupy_copy__float32_float32
4621800697,86751,298740,1,1,1,32,32,1,30,0.000,0.000,,,,,NVIDIA A100-SXM4-40GB MIG 4g.20gb (0),1,,13,"void convert_kernel<__half2, float2>(tensor_layout_any, T1 *, tensor_layout_any, const T2 *)"
4621915063,5568,298743,,,,,,,,,,0.094,16827.521,Pinned,Device,NVIDIA A100-SXM4-40GB MIG 4g.20gb (0),1,,13,[CUDA memcpy Host-to-Device]
4621930327,3136,298744,,,,,,,,,,1.547,493182.821,Device,,NVIDIA A100-SXM4-40GB MIG 4g.20gb (0),1,,13,[CUDA memset]
4621936535,3008,298749,,,,,,,,,,0.031,10404.230,Pinned,Device,NVIDIA A100-SXM4-40GB MIG 4g.20gb (0),1,,13,[CUDA memcpy Host-to-Device]
4621941975,9696,298750,,,,,,,,,,0.197,20277.166,Pinned,Device,NVIDIA A100-SXM4-40GB MIG 4g.20gb (0),1,,13,[CUDA memcpy Host-to-Device]
4621957527,5856,298751,273,1,1,8,4,1,39,0.002,0.000,,,,,NVIDIA A100-SXM4-40GB MIG 4g.20gb (0),1,,13,"void channel_eq::eqMmseCoefCompLowMimoKernel<float, float, float, (unsigned int)4, (unsigned int)1, (unsigned int)4>(const channel_eq::_puschRxChEqStatDescr *, channel_eq::_puschRxChEqCoefCompDynDescr)"
4621964503,7008,298752,273,1,1,12,11,1,51,0.002,0.000,,,,,NVIDIA A100-SXM4-40GB MIG 4g.20gb (0),1,,13,"void channel_eq::eqMmseSoftDemapKernel<float, __half, __half, float, (unsigned int)4, (unsigned short)16383>(channel_eq::_puschRxChEqStatDescr *, channel_eq::_puschRxChEqSoftDemapDynDescr)"
4621972471,283260,298753,1,1,1,32,32,1,30,0.000,0.000,,,,,NVIDIA A100-SXM4-40GB MIG 4g.20gb (0),1,,13,"void convert_kernel<float2, __half2>(tensor_layout_any, T1 *, tensor_layout_any, const T2 *)"
4622258547,10880,298765,2253,1,1,128,1,1,16,0.000,0.000,,,,,NVIDIA A100-SXM4-40GB MIG 4g.20gb (0),1,,13,cupy_copy__float16_float16
4622271603,3552,298774,282,1,1,128,1,1,16,0.000,0.000,,,,,NVIDIA A100-SXM4-40GB MIG 4g.20gb (0),1,,13,cupy_copy__complex64_complex64
4622276179,2016,298783,26,1,1,128,1,1,16,0.000,0.000,,,,,NVIDIA A100-SXM4-40GB MIG 4g.20gb (0),1,,13,cupy_copy__float32_float32
4622280851,4480,298792,103,1,1,128,1,1,16,0.000,0.000,,,,,NVIDIA A100-SXM4-40GB MIG 4g.20gb (0),1,,13,cupy_copy__complex64_complex64
4622288211,12127,298802,1434,1,1,128,1,1,16,0.000,0.000,,,,,NVIDIA A100-SXM4-40GB MIG 4g.20gb (0),1,,13,cupy_copy__complex64_complex64
4622303986,87679,298807,1,1,1,32,32,1,30,0.000,0.000,,,,,NVIDIA A100-SXM4-40GB MIG 4g.20gb (0),1,,13,"void convert_kernel<__half2, float2>(tensor_layout_any, T1 *, tensor_layout_any, const T2 *)"
4622419185,5440,298810,,,,,,,,,,0.094,17223.480,Pinned,Device,NVIDIA A100-SXM4-40GB MIG 4g.20gb (0),1,,13,[CUDA memcpy Host-to-Device]
4622428849,598361,298811,,,,,,,,,,456.561,762914.166,Device,,NVIDIA A100-SXM4-40GB MIG 4g.20gb (0),1,,13,[CUDA memset]
4623029546,99390,298816,,,,,,,,,,1.235,12424.772,Pinned,Device,NVIDIA A100-SXM4-40GB MIG 4g.20gb (0),1,,13,[CUDA memcpy Host-to-Device]
4623137192,30912,298817,,,,,,,,,,0.197,6360.072,Pinned,Device,NVIDIA A100-SXM4-40GB MIG 4g.20gb (0),1,,13,[CUDA memcpy Host-to-Device]
4623186280,8159,298818,69,4,1,48,1,1,76,0.002,0.000,,,,,NVIDIA A100-SXM4-40GB MIG 4g.20gb (0),1,,13,"void ch_est::windowedChEstPreNoDftSOfdmKernel<float, __half, float, (unsigned int)2, (unsigned int)1, (unsigned short)4>(ch_est::puschRxChEstStatDescr_t *, ch_est::puschRxChEstDynDescr_t *)"
4623201703,6720,298819,137,2,1,24,2,1,44,0.001,0.001,,,,,NVIDIA A100-SXM4-40GB MIG 4g.20gb (0),1,,13,"void ch_est::chEstFilterNoDftSOfdmDispatchKernel<float, __half, float, (unsigned int)2>(ch_est::puschRxChEstStatDescr_t *, ch_est::puschRxChEstDynDescr_t *)"
4623217863,4736,298820,137,2,1,24,2,1,44,0.001,0.001,,,,,NVIDIA A100-SXM4-40GB MIG 4g.20gb (0),1,,13,"void ch_est::chEstFilterNoDftSOfdmDispatchKernel<float, __half, float, (unsigned int)2>(ch_est::puschRxChEstStatDescr_t *, ch_est::puschRxChEstDynDescr_t *)"
4623232263,2688,298831,103,1,1,128,1,1,16,0.000,0.000,,,,,NVIDIA A100-SXM4-40GB MIG 4g.20gb (0),1,,13,cupy_copy__complex64_complex64
4623245575,12544,298841,1434,1,1,128,1,1,16,0.000,0.000,,,,,NVIDIA A100-SXM4-40GB MIG 4g.20gb (0),1,,13,cupy_copy__complex64_complex64
4623276326,2880,298848,103,1,1,128,1,1,16,0.000,0.000,,,,,NVIDIA A100-SXM4-40GB MIG 4g.20gb (0),1,,13,cupy_copy__complex64_complex64
4623291238,84671,298855,1,1,1,32,32,1,30,0.000,0.000,,,,,NVIDIA A100-SXM4-40GB MIG 4g.20gb (0),1,,13,"void convert_kernel<__half2, float2>(tensor_layout_any, T1 *, tensor_layout_any, const T2 *)"
4623404453,6368,298858,,,,,,,,,,0.094,14713.551,Pinned,Device,NVIDIA A100-SXM4-40GB MIG 4g.20gb (0),1,,13,[CUDA memcpy Host-to-Device]
4623417733,47103,298859,,,,,,,,,,35.810,760244.602,Device,,NVIDIA A100-SXM4-40GB MIG 4g.20gb (0),1,,13,[CUDA memset]
4623470916,3776,298861,,,,,,,,,,0.000,21.186,Pinned,Device,NVIDIA A100-SXM4-40GB MIG 4g.20gb (0),1,,13,[CUDA memcpy Host-to-Device]
4623478596,12320,298862,,,,,,,,,,0.197,15958.278,Pinned,Device,NVIDIA A100-SXM4-40GB MIG 4g.20gb (0),1,,13,[CUDA memcpy Host-to-Device]
4623498372,12832,298863,273,1,1,48,1,1,40,0.000,0.001,,,,,NVIDIA A100-SXM4-40GB MIG 4g.20gb (0),1,,13,"void pusch_noise_intf_est::noiseIntfEstNoDftSOfdmKernel<float, __half, float, float, (unsigned int)2, (unsigned int)1, (unsigned char)4, (unsigned char)4>(pusch_noise_intf_est::puschRxNoiseIntfEstDynDescr)"
4623515940,3103,298874,35,1,1,128,1,1,16,0.000,0.000,,,,,NVIDIA A100-SXM4-40GB MIG 4g.20gb (0),1,,13,cupy_copy__complex64_complex64
4623527683,1856,298883,1,1,1,1,1,1,18,0.000,0.000,,,,,NVIDIA A100-SXM4-40GB MIG 4g.20gb (0),1,,13,cupy_copy__float32_float32
4623557283,1824,298889,,,,,,,,,,0.000,2.193,Device,Pageable,NVIDIA A100-SXM4-40GB MIG 4g.20gb (0),1,,7,[CUDA memcpy Device-to-Host]
4623617474,12576,298900,1434,1,1,128,1,1,16,0.000,0.000,,,,,NVIDIA A100-SXM4-40GB MIG 4g.20gb (0),1,,13,cupy_copy__complex64_complex64
4623643650,2720,298907,103,1,1,128,1,1,16,0.000,0.000,,,,,NVIDIA A100-SXM4-40GB MIG 4g.20gb (0),1,,13,cupy_copy__complex64_complex64
4623664354,2720,298914,35,1,1,128,1,1,16,0.000,0.000,,,,,NVIDIA A100-SXM4-40GB MIG 4g.20gb (0),1,,13,cupy_copy__complex64_complex64
4623688801,1824,298921,1,1,1,1,1,1,18,0.000,0.000,,,,,NVIDIA A100-SXM4-40GB MIG 4g.20gb (0),1,,13,cupy_copy__float32_float32
4623820576,82271,298932,1,1,1,32,32,1,30,0.000,0.000,,,,,NVIDIA A100-SXM4-40GB MIG 4g.20gb (0),1,,13,"void convert_kernel<__half2, float2>(tensor_layout_any, T1 *, tensor_layout_any, const T2 *)"
4623930110,5920,298935,,,,,,,,,,0.094,15826.941,Pinned,Device,NVIDIA A100-SXM4-40GB MIG 4g.20gb (0),1,,13,[CUDA memcpy Host-to-Device]
4623944702,3488,298936,,,,,,,,,,1.547,443412.461,Device,,NVIDIA A100-SXM4-40GB MIG 4g.20gb (0),1,,13,[CUDA memset]
4623951390,3360,298941,,,,,,,,,,0.031,9314.284,Pinned,Device,NVIDIA A100-SXM4-40GB MIG 4g.20gb (0),1,,13,[CUDA memcpy Host-to-Device]
4623957214,9344,298942,,,,,,,,,,0.197,21040.988,Pinned,Device,NVIDIA A100-SXM4-40GB MIG 4g.20gb (0),1,,13,[CUDA memcpy Host-to-Device]
4623972510,6592,298943,273,1,1,8,4,1,39,0.002,0.000,,,,,NVIDIA A100-SXM4-40GB MIG 4g.20gb (0),1,,13,"void channel_eq::eqMmseCoefCompLowMimoKernel<float, float, float, (unsigned int)4, (unsigned int)1, (unsigned int)4>(const channel_eq::_puschRxChEqStatDescr *, channel_eq::_puschRxChEqCoefCompDynDescr)"
4623980222,6432,298944,273,1,1,12,11,1,51,0.002,0.000,,,,,NVIDIA A100-SXM4-40GB MIG 4g.20gb (0),1,,13,"void channel_eq::eqMmseSoftDemapKernel<float, __half, __half, float, (unsigned int)4, (unsigned short)16383>(channel_eq::_puschRxChEqStatDescr *, channel_eq::_puschRxChEqSoftDemapDynDescr)"
4623988734,294524,298945,1,1,1,32,32,1,30,0.000,0.000,,,,,NVIDIA A100-SXM4-40GB MIG 4g.20gb (0),1,,13,"void convert_kernel<float2, __half2>(tensor_layout_any, T1 *, tensor_layout_any, const T2 *)"
4624287322,10944,298957,2253,1,1,128,1,1,16,0.000,0.000,,,,,NVIDIA A100-SXM4-40GB MIG 4g.20gb (0),1,,13,cupy_copy__float16_float16
4624303322,3040,298966,282,1,1,128,1,1,16,0.000,0.000,,,,,NVIDIA A100-SXM4-40GB MIG 4g.20gb (0),1,,13,cupy_copy__complex64_complex64
4624308762,2432,298975,26,1,1,128,1,1,16,0.000,0.000,,,,,NVIDIA A100-SXM4-40GB MIG 4g.20gb (0),1,,13,cupy_copy__float32_float32
4624312794,2912,298984,103,1,1,128,1,1,16,0.000,0.000,,,,,NVIDIA A100-SXM4-40GB MIG 4g.20gb (0),1,,13,cupy_copy__complex64_complex64
4624317114,12351,298994,1434,1,1,128,1,1,16,0.000,0.000,,,,,NVIDIA A100-SXM4-40GB MIG 4g.20gb (0),1,,13,cupy_copy__complex64_complex64
4624333817,87455,298999,1,1,1,32,32,1,30,0.000,0.000,,,,,NVIDIA A100-SXM4-40GB MIG 4g.20gb (0),1,,13,"void convert_kernel<__half2, float2>(tensor_layout_any, T1 *, tensor_layout_any, const T2 *)"
4624447864,5376,299002,,,,,,,,,,0.094,17428.487,Pinned,Device,NVIDIA A100-SXM4-40GB MIG 4g.20gb (0),1,,13,[CUDA memcpy Host-to-Device]
4624457624,597817,299003,,,,,,,,,,456.561,763370.728,Device,,NVIDIA A100-SXM4-40GB MIG 4g.20gb (0),1,,13,[CUDA memset]
4625061104,153343,299008,,,,,,,,,,1.235,8053.070,Pinned,Device,NVIDIA A100-SXM4-40GB MIG 4g.20gb (0),1,,13,[CUDA memcpy Host-to-Device]
4625225230,38784,299009,,,,,,,,,,0.197,5069.144,Pinned,Device,NVIDIA A100-SXM4-40GB MIG 4g.20gb (0),1,,13,[CUDA memcpy Host-to-Device]
4625283438,8064,299010,69,4,1,48,1,1,76,0.002,0.000,,,,,NVIDIA A100-SXM4-40GB MIG 4g.20gb (0),1,,13,"void ch_est::windowedChEstPreNoDftSOfdmKernel<float, __half, float, (unsigned int)2, (unsigned int)1, (unsigned short)4>(ch_est::puschRxChEstStatDescr_t *, ch_est::puschRxChEstDynDescr_t *)"
4625300942,6655,299011,137,2,1,24,2,1,44,0.001,0.001,,,,,NVIDIA A100-SXM4-40GB MIG 4g.20gb (0),1,,13,"void ch_est::chEstFilterNoDftSOfdmDispatchKernel<float, __half, float, (unsigned int)2>(ch_est::puschRxChEstStatDescr_t *, ch_est::puschRxChEstDynDescr_t *)"
4625315565,4640,299012,137,2,1,24,2,1,44,0.001,0.001,,,,,NVIDIA A100-SXM4-40GB MIG 4g.20gb (0),1,,13,"void ch_est::chEstFilterNoDftSOfdmDispatchKernel<float, __half, float, (unsigned int)2>(ch_est::puschRxChEstStatDescr_t *, ch_est::puschRxChEstDynDescr_t *)"
4625332429,2592,299023,103,1,1,128,1,1,16,0.000,0.000,,,,,NVIDIA A100-SXM4-40GB MIG 4g.20gb (0),1,,13,cupy_copy__complex64_complex64
4625346317,12704,299033,1434,1,1,128,1,1,16,0.000,0.000,,,,,NVIDIA A100-SXM4-40GB MIG 4g.20gb (0),1,,13,cupy_copy__complex64_complex64
4625375757,2560,299040,103,1,1,128,1,1,16,0.000,0.000,,,,,NVIDIA A100-SXM4-40GB MIG 4g.20gb (0),1,,13,cupy_copy__complex64_complex64
4625394668,88319,299047,1,1,1,32,32,1,30,0.000,0.000,,,,,NVIDIA A100-SXM4-40GB MIG 4g.20gb (0),1,,13,"void convert_kernel<__half2, float2>(tensor_layout_any, T1 *, tensor_layout_any, const T2 *)"
4625513291,12992,299050,,,,,,,,,,0.094,7211.781,Pinned,Device,NVIDIA A100-SXM4-40GB MIG 4g.20gb (0),1,,13,[CUDA memcpy Host-to-Device]
4625540139,47423,299051,,,,,,,,,,35.810,755087.973,Device,,NVIDIA A100-SXM4-40GB MIG 4g.20gb (0),1,,13,[CUDA memset]
4625590186,6016,299053,,,,,,,,,,0.000,13.298,Pinned,Device,NVIDIA A100-SXM4-40GB MIG 4g.20gb (0),1,,13,[CUDA memcpy Host-to-Device]
4625600490,13568,299054,,,,,,,,,,0.197,14490.403,Pinned,Device,NVIDIA A100-SXM4-40GB MIG 4g.20gb (0),1,,13,[CUDA memcpy Host-to-Device]
4625624202,13023,299055,273,1,1,48,1,1,40,0.000,0.001,,,,,NVIDIA A100-SXM4-40GB MIG 4g.20gb (0),1,,13,"void pusch_noise_intf_est::noiseIntfEstNoDftSOfdmKernel<float, __half, float, float, (unsigned int)2, (unsigned int)1, (unsigned char)4, (unsigned char)4>(pusch_noise_intf_est::puschRxNoiseIntfEstDynDescr)"
4625641001,2880,299066,35,1,1,128,1,1,16,0.000,0.000,,,,,NVIDIA A100-SXM4-40GB MIG 4g.20gb (0),1,,13,cupy_copy__complex64_complex64
4625646409,1792,299075,1,1,1,1,1,1,18,0.000,0.000,,,,,NVIDIA A100-SXM4-40GB MIG 4g.20gb (0),1,,13,cupy_copy__float32_float32
4625662121,1792,299081,,,,,,,,,,0.000,2.232,Device,Pageable,NVIDIA A100-SXM4-40GB MIG 4g.20gb (0),1,,7,[CUDA memcpy Device-to-Host]
4625722344,12704,299092,1434,1,1,128,1,1,16,0.000,0.000,,,,,NVIDIA A100-SXM4-40GB MIG 4g.20gb (0),1,,13,cupy_copy__complex64_complex64
4625748392,2752,299099,103,1,1,128,1,1,16,0.000,0.000,,,,,NVIDIA A100-SXM4-40GB MIG 4g.20gb (0),1,,13,cupy_copy__complex64_complex64
4625772456,2208,299106,35,1,1,128,1,1,16,0.000,0.000,,,,,NVIDIA A100-SXM4-40GB MIG 4g.20gb (0),1,,13,cupy_copy__complex64_complex64
4625790727,1792,299113,1,1,1,1,1,1,18,0.000,0.000,,,,,NVIDIA A100-SXM4-40GB MIG 4g.20gb (0),1,,13,cupy_copy__float32_float32
4625920838,87231,299124,1,1,1,32,32,1,30,0.000,0.000,,,,,NVIDIA A100-SXM4-40GB MIG 4g.20gb (0),1,,13,"void convert_kernel<__half2, float2>(tensor_layout_any, T1 *, tensor_layout_any, const T2 *)"
4626035908,5504,299127,,,,,,,,,,0.094,17023.251,Pinned,Device,NVIDIA A100-SXM4-40GB MIG 4g.20gb (0),1,,13,[CUDA memcpy Host-to-Device]
4626050372,3168,299128,,,,,,,,,,1.547,488201.145,Device,,NVIDIA A100-SXM4-40GB MIG 4g.20gb (0),1,,13,[CUDA memset]
4626057124,3648,299133,,,,,,,,,,0.031,8578.922,Pinned,Device,NVIDIA A100-SXM4-40GB MIG 4g.20gb (0),1,,13,[CUDA memcpy Host-to-Device]
4626063524,10144,299134,,,,,,,,,,0.197,19381.617,Pinned,Device,NVIDIA A100-SXM4-40GB MIG 4g.20gb (0),1,,13,[CUDA memcpy Host-to-Device]
4626078724,6304,299135,273,1,1,8,4,1,39,0.002,0.000,,,,,NVIDIA A100-SXM4-40GB MIG 4g.20gb (0),1,,13,"void channel_eq::eqMmseCoefCompLowMimoKernel<float, float, float, (unsigned int)4, (unsigned int)1, (unsigned int)4>(const channel_eq::_puschRxChEqStatDescr *, channel_eq::_puschRxChEqCoefCompDynDescr)"
4626086148,6304,299136,273,1,1,12,11,1,51,0.002,0.000,,,,,NVIDIA A100-SXM4-40GB MIG 4g.20gb (0),1,,13,"void channel_eq::eqMmseSoftDemapKernel<float, __half, __half, float, (unsigned int)4, (unsigned short)16383>(channel_eq::_puschRxChEqStatDescr *, channel_eq::_puschRxChEqSoftDemapDynDescr)"
4626093476,282620,299137,1,1,1,32,32,1,30,0.000,0.000,,,,,NVIDIA A100-SXM4-40GB MIG 4g.20gb (0),1,,13,"void convert_kernel<float2, __half2>(tensor_layout_any, T1 *, tensor_layout_any, const T2 *)"
4626378528,10944,299149,2253,1,1,128,1,1,16,0.000,0.000,,,,,NVIDIA A100-SXM4-40GB MIG 4g.20gb (0),1,,13,cupy_copy__float16_float16
4626393216,3488,299158,282,1,1,128,1,1,16,0.000,0.000,,,,,NVIDIA A100-SXM4-40GB MIG 4g.20gb (0),1,,13,cupy_copy__complex64_complex64
4626400000,2080,299167,26,1,1,128,1,1,16,0.000,0.000,,,,,NVIDIA A100-SXM4-40GB MIG 4g.20gb (0),1,,13,cupy_copy__float32_float32
4626403264,4864,299176,103,1,1,128,1,1,16,0.000,0.000,,,,,NVIDIA A100-SXM4-40GB MIG 4g.20gb (0),1,,13,cupy_copy__complex64_complex64
4626409312,11968,299186,1434,1,1,128,1,1,16,0.000,0.000,,,,,NVIDIA A100-SXM4-40GB MIG 4g.20gb (0),1,,13,cupy_copy__complex64_complex64
4626423200,87199,299191,1,1,1,32,32,1,30,0.000,0.000,,,,,NVIDIA A100-SXM4-40GB MIG 4g.20gb (0),1,,13,"void convert_kernel<__half2, float2>(tensor_layout_any, T1 *, tensor_layout_any, const T2 *)"
4626537598,5504,299194,,,,,,,,,,0.094,17023.251,Pinned,Device,NVIDIA A100-SXM4-40GB MIG 4g.20gb (0),1,,13,[CUDA memcpy Host-to-Device]
4626551262,598169,299195,,,,,,,,,,456.561,762914.166,Device,,NVIDIA A100-SXM4-40GB MIG 4g.20gb (0),1,,13,[CUDA memset]
4627156791,151774,299200,,,,,,,,,,1.235,8135.811,Pinned,Device,NVIDIA A100-SXM4-40GB MIG 4g.20gb (0),1,,13,[CUDA memcpy Host-to-Device]
4627323605,40831,299201,,,,,,,,,,0.197,4815.127,Pinned,Device,NVIDIA A100-SXM4-40GB MIG 4g.20gb (0),1,,13,[CUDA memcpy Host-to-Device]
4627382068,7904,299202,69,4,1,48,1,1,76,0.002,0.000,,,,,NVIDIA A100-SXM4-40GB MIG 4g.20gb (0),1,,13,"void ch_est::windowedChEstPreNoDftSOfdmKernel<float, __half, float, (unsigned int)2, (unsigned int)1, (unsigned short)4>(ch_est::puschRxChEstStatDescr_t *, ch_est::puschRxChEstDynDescr_t *)"
4627401556,6816,299203,137,2,1,24,2,1,44,0.001,0.001,,,,,NVIDIA A100-SXM4-40GB MIG 4g.20gb (0),1,,13,"void ch_est::chEstFilterNoDftSOfdmDispatchKernel<float, __half, float, (unsigned int)2>(ch_est::puschRxChEstStatDescr_t *, ch_est::puschRxChEstDynDescr_t *)"
4627418387,4768,299204,137,2,1,24,2,1,44,0.001,0.001,,,,,NVIDIA A100-SXM4-40GB MIG 4g.20gb (0),1,,13,"void ch_est::chEstFilterNoDftSOfdmDispatchKernel<float, __half, float, (unsigned int)2>(ch_est::puschRxChEstStatDescr_t *, ch_est::puschRxChEstDynDescr_t *)"
4627435699,2464,299215,103,1,1,128,1,1,16,0.000,0.000,,,,,NVIDIA A100-SXM4-40GB MIG 4g.20gb (0),1,,13,cupy_copy__complex64_complex64
4627453555,12416,299225,1434,1,1,128,1,1,16,0.000,0.000,,,,,NVIDIA A100-SXM4-40GB MIG 4g.20gb (0),1,,13,cupy_copy__complex64_complex64
4627473203,2912,299232,103,1,1,128,1,1,16,0.000,0.000,,,,,NVIDIA A100-SXM4-40GB MIG 4g.20gb (0),1,,13,cupy_copy__complex64_complex64
4627497106,95455,299239,1,1,1,32,32,1,30,0.000,0.000,,,,,NVIDIA A100-SXM4-40GB MIG 4g.20gb (0),1,,13,"void convert_kernel<__half2, float2>(tensor_layout_any, T1 *, tensor_layout_any, const T2 *)"
4627632145,24319,299242,,,,,,,,,,0.094,3852.780,Pinned,Device,NVIDIA A100-SXM4-40GB MIG 4g.20gb (0),1,,13,[CUDA memcpy Host-to-Device]
4627674224,47392,299243,,,,,,,,,,35.810,755589.312,Device,,NVIDIA A100-SXM4-40GB MIG 4g.20gb (0),1,,13,[CUDA memset]
4627727696,11967,299245,,,,,,,,,,0.000,6.685,Pinned,Device,NVIDIA A100-SXM4-40GB MIG 4g.20gb (0),1,,13,[CUDA memcpy Host-to-Device]
4627754383,25568,299246,,,,,,,,,,0.197,7689.535,Pinned,Device,NVIDIA A100-SXM4-40GB MIG 4g.20gb (0),1,,13,[CUDA memcpy Host-to-Device]
4627798159,9952,299247,273,1,1,48,1,1,40,0.000,0.001,,,,,NVIDIA A100-SXM4-40GB MIG 4g.20gb (0),1,,13,"void pusch_noise_intf_est::noiseIntfEstNoDftSOfdmKernel<float, __half, float, float, (unsigned int)2, (unsigned int)1, (unsigned char)4, (unsigned char)4>(pusch_noise_intf_est::puschRxNoiseIntfEstDynDescr)"
4627813359,2592,299258,35,1,1,128,1,1,16,0.000,0.000,,,,,NVIDIA A100-SXM4-40GB MIG 4g.20gb (0),1,,13,cupy_copy__complex64_complex64
4627828110,1696,299267,1,1,1,1,1,1,18,0.000,0.000,,,,,NVIDIA A100-SXM4-40GB MIG 4g.20gb (0),1,,13,cupy_copy__float32_float32
4627838062,9184,299273,,,,,,,,,,0.000,0.436,Device,Pageable,NVIDIA A100-SXM4-40GB MIG 4g.20gb (0),1,,7,[CUDA memcpy Device-to-Host]
4627918413,12768,299284,1434,1,1,128,1,1,16,0.000,0.000,,,,,NVIDIA A100-SXM4-40GB MIG 4g.20gb (0),1,,13,cupy_copy__complex64_complex64
4627956877,3328,299291,103,1,1,128,1,1,16,0.000,0.000,,,,,NVIDIA A100-SXM4-40GB MIG 4g.20gb (0),1,,13,cupy_copy__complex64_complex64
4627973325,2592,299298,35,1,1,128,1,1,16,0.000,0.000,,,,,NVIDIA A100-SXM4-40GB MIG 4g.20gb (0),1,,13,cupy_copy__complex64_complex64
4627987628,1792,299305,1,1,1,1,1,1,18,0.000,0.000,,,,,NVIDIA A100-SXM4-40GB MIG 4g.20gb (0),1,,13,cupy_copy__float32_float32
4628115979,81407,299316,1,1,1,32,32,1,30,0.000,0.000,,,,,NVIDIA A100-SXM4-40GB MIG 4g.20gb (0),1,,13,"void convert_kernel<__half2, float2>(tensor_layout_any, T1 *, tensor_layout_any, const T2 *)"
4628224745,5696,299319,,,,,,,,,,0.094,16449.363,Pinned,Device,NVIDIA A100-SXM4-40GB MIG 4g.20gb (0),1,,13,[CUDA memcpy Host-to-Device]
4628238377,3392,299320,,,,,,,,,,1.547,455961.768,Device,,NVIDIA A100-SXM4-40GB MIG 4g.20gb (0),1,,13,[CUDA memset]
4628245161,3104,299325,,,,,,,,,,0.031,10082.445,Pinned,Device,NVIDIA A100-SXM4-40GB MIG 4g.20gb (0),1,,13,[CUDA memcpy Host-to-Device]
4628251017,9728,299326,,,,,,,,,,0.197,20210.516,Pinned,Device,NVIDIA A100-SXM4-40GB MIG 4g.20gb (0),1,,13,[CUDA memcpy Host-to-Device]
4628265801,6464,299327,273,1,1,8,4,1,39,0.002,0.000,,,,,NVIDIA A100-SXM4-40GB MIG 4g.20gb (0),1,,13,"void channel_eq::eqMmseCoefCompLowMimoKernel<float, float, float, (unsigned int)4, (unsigned int)1, (unsigned int)4>(const channel_eq::_puschRxChEqStatDescr *, channel_eq::_puschRxChEqCoefCompDynDescr)"
4628274153,5760,299328,273,1,1,12,11,1,51,0.002,0.000,,,,,NVIDIA A100-SXM4-40GB MIG 4g.20gb (0),1,,13,"void channel_eq::eqMmseSoftDemapKernel<float, __half, __half, float, (unsigned int)4, (unsigned short)16383>(channel_eq::_puschRxChEqStatDescr *, channel_eq::_puschRxChEqSoftDemapDynDescr)"
4628281769,282812,299329,1,1,1,32,32,1,30,0.000,0.000,,,,,NVIDIA A100-SXM4-40GB MIG 4g.20gb (0),1,,13,"void convert_kernel<float2, __half2>(tensor_layout_any, T1 *, tensor_layout_any, const T2 *)"
4628565701,11136,299341,2253,1,1,128,1,1,16,0.000,0.000,,,,,NVIDIA A100-SXM4-40GB MIG 4g.20gb (0),1,,13,cupy_copy__float16_float16
4628578405,3456,299350,282,1,1,128,1,1,16,0.000,0.000,,,,,NVIDIA A100-SXM4-40GB MIG 4g.20gb (0),1,,13,cupy_copy__complex64_complex64
4628583749,2112,299359,26,1,1,128,1,1,16,0.000,0.000,,,,,NVIDIA A100-SXM4-40GB MIG 4g.20gb (0),1,,13,cupy_copy__float32_float32
4628590117,3040,299368,103,1,1,128,1,1,16,0.000,0.000,,,,,NVIDIA A100-SXM4-40GB MIG 4g.20gb (0),1,,13,cupy_copy__complex64_complex64
4628594149,12000,299378,1434,1,1,128,1,1,16,0.000,0.000,,,,,NVIDIA A100-SXM4-40GB MIG 4g.20gb (0),1,,13,cupy_copy__complex64_complex64
4628613765,82335,299383,1,1,1,32,32,1,30,0.000,0.000,,,,,NVIDIA A100-SXM4-40GB MIG 4g.20gb (0),1,,13,"void convert_kernel<__half2, float2>(tensor_layout_any, T1 *, tensor_layout_any, const T2 *)"
4628723939,5888,299386,,,,,,,,,,0.094,15912.954,Pinned,Device,NVIDIA A100-SXM4-40GB MIG 4g.20gb (0),1,,13,[CUDA memcpy Host-to-Device]
4628733891,602489,299387,,,,,,,,,,456.561,757435.429,Device,,NVIDIA A100-SXM4-40GB MIG 4g.20gb (0),1,,13,[CUDA memset]
4629344348,79679,299392,,,,,,,,,,1.235,15498.547,Pinned,Device,NVIDIA A100-SXM4-40GB MIG 4g.20gb (0),1,,13,[CUDA memcpy Host-to-Device]
4629429819,16767,299393,,,,,,,,,,0.197,11725.701,Pinned,Device,NVIDIA A100-SXM4-40GB MIG 4g.20gb (0),1,,13,[CUDA memcpy Host-to-Device]
4629455514,8544,299394,69,4,1,48,1,1,76,0.002,0.000,,,,,NVIDIA A100-SXM4-40GB MIG 4g.20gb (0),1,,13,"void ch_est::windowedChEstPreNoDftSOfdmKernel<float, __half, float, (unsigned int)2, (unsigned int)1, (unsigned short)4>(ch_est::puschRxChEstStatDescr_t *, ch_est::puschRxChEstDynDescr_t *)"
4629473594,7008,299395,137,2,1,24,2,1,44,0.001,0.001,,,,,NVIDIA A100-SXM4-40GB MIG 4g.20gb (0),1,,13,"void ch_est::chEstFilterNoDftSOfdmDispatchKernel<float, __half, float, (unsigned int)2>(ch_est::puschRxChEstStatDescr_t *, ch_est::puschRxChEstDynDescr_t *)"
4629489306,5216,299396,137,2,1,24,2,1,44,0.001,0.001,,,,,NVIDIA A100-SXM4-40GB MIG 4g.20gb (0),1,,13,"void ch_est::chEstFilterNoDftSOfdmDispatchKernel<float, __half, float, (unsigned int)2>(ch_est::puschRxChEstStatDescr_t *, ch_est::puschRxChEstDynDescr_t *)"
4629498298,2624,299407,103,1,1,128,1,1,16,0.000,0.000,,,,,NVIDIA A100-SXM4-40GB MIG 4g.20gb (0),1,,13,cupy_copy__complex64_complex64
4629507738,12576,299417,1434,1,1,128,1,1,16,0.000,0.000,,,,,NVIDIA A100-SXM4-40GB MIG 4g.20gb (0),1,,13,cupy_copy__complex64_complex64
4629523577,3136,299424,103,1,1,128,1,1,16,0.000,0.000,,,,,NVIDIA A100-SXM4-40GB MIG 4g.20gb (0),1,,13,cupy_copy__complex64_complex64
4629532121,88959,299431,1,1,1,32,32,1,30,0.000,0.000,,,,,NVIDIA A100-SXM4-40GB MIG 4g.20gb (0),1,,13,"void convert_kernel<__half2, float2>(tensor_layout_any, T1 *, tensor_layout_any, const T2 *)"
4629652440,12704,299434,,,,,,,,,,0.094,7375.281,Pinned,Device,NVIDIA A100-SXM4-40GB MIG 4g.20gb (0),1,,13,[CUDA memcpy Host-to-Device]
4629670840,47583,299435,,,,,,,,,,35.810,752545.469,Device,,NVIDIA A100-SXM4-40GB MIG 4g.20gb (0),1,,13,[CUDA memset]
4629726423,7360,299437,,,,,,,,,,0.000,10.870,Pinned,Device,NVIDIA A100-SXM4-40GB MIG 4g.20gb (0),1,,13,[CUDA memcpy Host-to-Device]
4629739991,21024,299438,,,,,,,,,,0.197,9351.463,Pinned,Device,NVIDIA A100-SXM4-40GB MIG 4g.20gb (0),1,,13,[CUDA memcpy Host-to-Device]
4629773494,9984,299439,273,1,1,48,1,1,40,0.000,0.001,,,,,NVIDIA A100-SXM4-40GB MIG 4g.20gb (0),1,,13,"void pusch_noise_intf_est::noiseIntfEstNoDftSOfdmKernel<float, __half, float, float, (unsigned int)2, (unsigned int)1, (unsigned char)4, (unsigned char)4>(pusch_noise_intf_est::puschRxNoiseIntfEstDynDescr)"
4629787318,2752,299450,35,1,1,128,1,1,16,0.000,0.000,,,,,NVIDIA A100-SXM4-40GB MIG 4g.20gb (0),1,,13,cupy_copy__complex64_complex64
4629796566,1696,299459,1,1,1,1,1,1,18,0.000,0.000,,,,,NVIDIA A100-SXM4-40GB MIG 4g.20gb (0),1,,13,cupy_copy__float32_float32
4629804118,6656,299465,,,,,,,,,,0.000,0.601,Device,Pageable,NVIDIA A100-SXM4-40GB MIG 4g.20gb (0),1,,7,[CUDA memcpy Device-to-Host]
4629889013,13120,299476,1434,1,1,128,1,1,16,0.000,0.000,,,,,NVIDIA A100-SXM4-40GB MIG 4g.20gb (0),1,,13,cupy_copy__complex64_complex64
4629915093,3328,299483,103,1,1,128,1,1,16,0.000,0.000,,,,,NVIDIA A100-SXM4-40GB MIG 4g.20gb (0),1,,13,cupy_copy__complex64_complex64
4629939764,2816,299490,35,1,1,128,1,1,16,0.000,0.000,,,,,NVIDIA A100-SXM4-40GB MIG 4g.20gb (0),1,,13,cupy_copy__complex64_complex64
4629951988,1760,299497,1,1,1,1,1,1,18,0.000,0.000,,,,,NVIDIA A100-SXM4-40GB MIG 4g.20gb (0),1,,13,cupy_copy__float32_float32
4630084275,88862,299508,1,1,1,32,32,1,30,0.000,0.000,,,,,NVIDIA A100-SXM4-40GB MIG 4g.20gb (0),1,,13,"void convert_kernel<__half2, float2>(tensor_layout_any, T1 *, tensor_layout_any, const T2 *)"
4630200753,5984,299511,,,,,,,,,,0.094,15657.726,Pinned,Device,NVIDIA A100-SXM4-40GB MIG 4g.20gb (0),1,,13,[CUDA memcpy Host-to-Device]
4630216689,3392,299512,,,,,,,,,,1.547,455961.768,Device,,NVIDIA A100-SXM4-40GB MIG 4g.20gb (0),1,,13,[CUDA memset]
4630221745,3232,299517,,,,,,,,,,0.031,9683.139,Pinned,Device,NVIDIA A100-SXM4-40GB MIG 4g.20gb (0),1,,13,[CUDA memcpy Host-to-Device]
4630227729,9760,299518,,,,,,,,,,0.197,20144.259,Pinned,Device,NVIDIA A100-SXM4-40GB MIG 4g.20gb (0),1,,13,[CUDA memcpy Host-to-Device]
4630242929,6688,299519,273,1,1,8,4,1,39,0.002,0.000,,,,,NVIDIA A100-SXM4-40GB MIG 4g.20gb (0),1,,13,"void channel_eq::eqMmseCoefCompLowMimoKernel<float, float, float, (unsigned int)4, (unsigned int)1, (unsigned int)4>(const channel_eq::_puschRxChEqStatDescr *, channel_eq::_puschRxChEqCoefCompDynDescr)"
4630252721,7551,299520,273,1,1,12,11,1,51,0.002,0.000,,,,,NVIDIA A100-SXM4-40GB MIG 4g.20gb (0),1,,13,"void channel_eq::eqMmseSoftDemapKernel<float, __half, __half, float, (unsigned int)4, (unsigned short)16383>(channel_eq::_puschRxChEqStatDescr *, channel_eq::_puschRxChEqSoftDemapDynDescr)"
4630261392,283133,299521,1,1,1,32,32,1,30,0.000,0.000,,,,,NVIDIA A100-SXM4-40GB MIG 4g.20gb (0),1,,13,"void convert_kernel<float2, __half2>(tensor_layout_any, T1 *, tensor_layout_any, const T2 *)"
4630545485,10976,299533,2253,1,1,128,1,1,16,0.000,0.000,,,,,NVIDIA A100-SXM4-40GB MIG 4g.20gb (0),1,,13,cupy_copy__float16_float16
4630558669,3616,299542,282,1,1,128,1,1,16,0.000,0.000,,,,,NVIDIA A100-SXM4-40GB MIG 4g.20gb (0),1,,13,cupy_copy__complex64_complex64
4630565549,2144,299551,26,1,1,128,1,1,16,0.000,0.000,,,,,NVIDIA A100-SXM4-40GB MIG 4g.20gb (0),1,,13,cupy_copy__float32_float32
4630569037,2880,299560,103,1,1,128,1,1,16,0.000,0.000,,,,,NVIDIA A100-SXM4-40GB MIG 4g.20gb (0),1,,13,cupy_copy__complex64_complex64
4630574349,12127,299570,1434,1,1,128,1,1,16,0.000,0.000,,,,,NVIDIA A100-SXM4-40GB MIG 4g.20gb (0),1,,13,cupy_copy__complex64_complex64
4630590604,82335,299575,1,1,1,32,32,1,30,0.000,0.000,,,,,NVIDIA A100-SXM4-40GB MIG 4g.20gb (0),1,,13,"void convert_kernel<__half2, float2>(tensor_layout_any, T1 *, tensor_layout_any, const T2 *)"
4630700363,5408,299578,,,,,,,,,,0.094,17325.421,Pinned,Device,NVIDIA A100-SXM4-40GB MIG 4g.20gb (0),1,,13,[CUDA memcpy Host-to-Device]
4630711979,597560,299579,,,,,,,,,,456.561,763827.289,Device,,NVIDIA A100-SXM4-40GB MIG 4g.20gb (0),1,,13,[CUDA memset]
4631313475,149087,299584,,,,,,,,,,1.235,8282.769,Pinned,Device,NVIDIA A100-SXM4-40GB MIG 4g.20gb (0),1,,13,[CUDA memcpy Host-to-Device]
4631477697,34432,299585,,,,,,,,,,0.197,5709.890,Pinned,Device,NVIDIA A100-SXM4-40GB MIG 4g.20gb (0),1,,13,[CUDA memcpy Host-to-Device]
4631530113,8608,299586,69,4,1,48,1,1,76,0.002,0.000,,,,,NVIDIA A100-SXM4-40GB MIG 4g.20gb (0),1,,13,"void ch_est::windowedChEstPreNoDftSOfdmKernel<float, __half, float, (unsigned int)2, (unsigned int)1, (unsigned short)4>(ch_est::puschRxChEstStatDescr_t *, ch_est::puschRxChEstDynDescr_t *)"
4631544385,6720,299587,137,2,1,24,2,1,44,0.001,0.001,,,,,NVIDIA A100-SXM4-40GB MIG 4g.20gb (0),1,,13,"void ch_est::chEstFilterNoDftSOfdmDispatchKernel<float, __half, float, (unsigned int)2>(ch_est::puschRxChEstStatDescr_t *, ch_est::puschRxChEstDynDescr_t *)"
4631553536,5408,299588,137,2,1,24,2,1,44,0.001,0.001,,,,,NVIDIA A100-SXM4-40GB MIG 4g.20gb (0),1,,13,"void ch_est::chEstFilterNoDftSOfdmDispatchKernel<float, __half, float, (unsigned int)2>(ch_est::puschRxChEstStatDescr_t *, ch_est::puschRxChEstDynDescr_t *)"
4631563552,3168,299599,103,1,1,128,1,1,16,0.000,0.000,,,,,NVIDIA A100-SXM4-40GB MIG 4g.20gb (0),1,,13,cupy_copy__complex64_complex64
4631571840,12288,299609,1434,1,1,128,1,1,16,0.000,0.000,,,,,NVIDIA A100-SXM4-40GB MIG 4g.20gb (0),1,,13,cupy_copy__complex64_complex64
4631587424,2528,299616,103,1,1,128,1,1,16,0.000,0.000,,,,,NVIDIA A100-SXM4-40GB MIG 4g.20gb (0),1,,13,cupy_copy__complex64_complex64
4631593024,86591,299623,1,1,1,32,32,1,30,0.000,0.000,,,,,NVIDIA A100-SXM4-40GB MIG 4g.20gb (0),1,,13,"void convert_kernel<__half2, float2>(tensor_layout_any, T1 *, tensor_layout_any, const T2 *)"
4631706655,5984,299626,,,,,,,,,,0.094,15657.726,Pinned,Device,NVIDIA A100-SXM4-40GB MIG 4g.20gb (0),1,,13,[CUDA memcpy Host-to-Device]
4631718494,46592,299627,,,,,,,,,,35.810,768552.503,Device,,NVIDIA A100-SXM4-40GB MIG 4g.20gb (0),1,,13,[CUDA memset]
4631770110,4640,299629,,,,,,,,,,0.000,17.241,Pinned,Device,NVIDIA A100-SXM4-40GB MIG 4g.20gb (0),1,,13,[CUDA memcpy Host-to-Device]
4631779742,12320,299630,,,,,,,,,,0.197,15958.278,Pinned,Device,NVIDIA A100-SXM4-40GB MIG 4g.20gb (0),1,,13,[CUDA memcpy Host-to-Device]
4631801085,9792,299631,273,1,1,48,1,1,40,0.000,0.001,,,,,NVIDIA A100-SXM4-40GB MIG 4g.20gb (0),1,,13,"void pusch_noise_intf_est::noiseIntfEstNoDftSOfdmKernel<float, __half, float, float, (unsigned int)2, (unsigned int)1, (unsigned char)4, (unsigned char)4>(pusch_noise_intf_est::puschRxNoiseIntfEstDynDescr)"
4631813277,2720,299642,35,1,1,128,1,1,16,0.000,0.000,,,,,NVIDIA A100-SXM4-40GB MIG 4g.20gb (0),1,,13,cupy_copy__complex64_complex64
4631827517,1984,299651,1,1,1,1,1,1,18,0.000,0.000,,,,,NVIDIA A100-SXM4-40GB MIG 4g.20gb (0),1,,13,cupy_copy__float32_float32
4631862525,1824,299657,,,,,,,,,,0.000,2.193,Device,Pageable,NVIDIA A100-SXM4-40GB MIG 4g.20gb (0),1,,7,[CUDA memcpy Device-to-Host]
4631924604,12928,299668,1434,1,1,128,1,1,16,0.000,0.000,,,,,NVIDIA A100-SXM4-40GB MIG 4g.20gb (0),1,,13,cupy_copy__complex64_complex64
4631949788,3456,299675,103,1,1,128,1,1,16,0.000,0.000,,,,,NVIDIA A100-SXM4-40GB MIG 4g.20gb (0),1,,13,cupy_copy__complex64_complex64
4631972155,2784,299682,35,1,1,128,1,1,16,0.000,0.000,,,,,NVIDIA A100-SXM4-40GB MIG 4g.20gb (0),1,,13,cupy_copy__complex64_complex64
4631989147,1760,299689,1,1,1,1,1,1,18,0.000,0.000,,,,,NVIDIA A100-SXM4-40GB MIG 4g.20gb (0),1,,13,cupy_copy__float32_float32
4632122905,85951,299700,1,1,1,32,32,1,30,0.000,0.000,,,,,NVIDIA A100-SXM4-40GB MIG 4g.20gb (0),1,,13,"void convert_kernel<__half2, float2>(tensor_layout_any, T1 *, tensor_layout_any, const T2 *)"
4632236984,5728,299703,,,,,,,,,,0.094,16357.541,Pinned,Device,NVIDIA A100-SXM4-40GB MIG 4g.20gb (0),1,,13,[CUDA memcpy Host-to-Device]
4632250744,3168,299704,,,,,,,,,,1.547,488201.145,Device,,NVIDIA A100-SXM4-40GB MIG 4g.20gb (0),1,,13,[CUDA memset]
4632257656,3104,299709,,,,,,,,,,0.031,10082.445,Pinned,Device,NVIDIA A100-SXM4-40GB MIG 4g.20gb (0),1,,13,[CUDA memcpy Host-to-Device]
4632263384,10336,299710,,,,,,,,,,0.197,19021.627,Pinned,Device,NVIDIA A100-SXM4-40GB MIG 4g.20gb (0),1,,13,[CUDA memcpy Host-to-Device]
4632280920,8319,299711,273,1,1,8,4,1,39,0.002,0.000,,,,,NVIDIA A100-SXM4-40GB MIG 4g.20gb (0),1,,13,"void channel_eq::eqMmseCoefCompLowMimoKernel<float, float, float, (unsigned int)4, (unsigned int)1, (unsigned int)4>(const channel_eq::_puschRxChEqStatDescr *, channel_eq::_puschRxChEqCoefCompDynDescr)"
4632290231,5792,299712,273,1,1,12,11,1,51,0.002,0.000,,,,,NVIDIA A100-SXM4-40GB MIG 4g.20gb (0),1,,13,"void channel_eq::eqMmseSoftDemapKernel<float, __half, __half, float, (unsigned int)4, (unsigned short)16383>(channel_eq::_puschRxChEqStatDescr *, channel_eq::_puschRxChEqSoftDemapDynDescr)"
4632297111,282461,299713,1,1,1,32,32,1,30,0.000,0.000,,,,,NVIDIA A100-SXM4-40GB MIG 4g.20gb (0),1,,13,"void convert_kernel<float2, __half2>(tensor_layout_any, T1 *, tensor_layout_any, const T2 *)"
4632582164,11008,299725,2253,1,1,128,1,1,16,0.000,0.000,,,,,NVIDIA A100-SXM4-40GB MIG 4g.20gb (0),1,,13,cupy_copy__float16_float16
4632595412,3616,299734,282,1,1,128,1,1,16,0.000,0.000,,,,,NVIDIA A100-SXM4-40GB MIG 4g.20gb (0),1,,13,cupy_copy__complex64_complex64
4632601332,2528,299743,26,1,1,128,1,1,16,0.000,0.000,,,,,NVIDIA A100-SXM4-40GB MIG 4g.20gb (0),1,,13,cupy_copy__float32_float32
4632607315,4512,299752,103,1,1,128,1,1,16,0.000,0.000,,,,,NVIDIA A100-SXM4-40GB MIG 4g.20gb (0),1,,13,cupy_copy__complex64_complex64
4632614483,12000,299762,1434,1,1,128,1,1,16,0.000,0.000,,,,,NVIDIA A100-SXM4-40GB MIG 4g.20gb (0),1,,13,cupy_copy__complex64_complex64
4632633075,87263,299767,1,1,1,32,32,1,30,0.000,0.000,,,,,NVIDIA A100-SXM4-40GB MIG 4g.20gb (0),1,,13,"void convert_kernel<__half2, float2>(tensor_layout_any, T1 *, tensor_layout_any, const T2 *)"
4632747506,5504,299770,,,,,,,,,,0.094,17023.251,Pinned,Device,NVIDIA A100-SXM4-40GB MIG 4g.20gb (0),1,,13,[CUDA memcpy Host-to-Device]
4632757138,597080,299771,,,,,,,,,,456.561,764283.851,Device,,NVIDIA A100-SXM4-40GB MIG 4g.20gb (0),1,,13,[CUDA memset]
4633364330,132447,299776,,,,,,,,,,1.235,9323.827,Pinned,Device,NVIDIA A100-SXM4-40GB MIG 4g.20gb (0),1,,13,[CUDA memcpy Host-to-Device]
4633513544,40864,299777,,,,,,,,,,0.197,4811.194,Pinned,Device,NVIDIA A100-SXM4-40GB MIG 4g.20gb (0),1,,13,[CUDA memcpy Host-to-Device]
4633582695,7872,299778,69,4,1,48,1,1,76,0.002,0.000,,,,,NVIDIA A100-SXM4-40GB MIG 4g.20gb (0),1,,13,"void ch_est::windowedChEstPreNoDftSOfdmKernel<float, __half, float, (unsigned int)2, (unsigned int)1, (unsigned short)4>(ch_est::puschRxChEstStatDescr_t *, ch_est::puschRxChEstDynDescr_t *)"
4633602503,6656,299779,137,2,1,24,2,1,44,0.001,0.001,,,,,NVIDIA A100-SXM4-40GB MIG 4g.20gb (0),1,,13,"void ch_est::chEstFilterNoDftSOfdmDispatchKernel<float, __half, float, (unsigned int)2>(ch_est::puschRxChEstStatDescr_t *, ch_est::puschRxChEstDynDescr_t *)"
4633619463,4800,299780,137,2,1,24,2,1,44,0.001,0.001,,,,,NVIDIA A100-SXM4-40GB MIG 4g.20gb (0),1,,13,"void ch_est::chEstFilterNoDftSOfdmDispatchKernel<float, __half, float, (unsigned int)2>(ch_est::puschRxChEstStatDescr_t *, ch_est::puschRxChEstDynDescr_t *)"
4633638791,2688,299791,103,1,1,128,1,1,16,0.000,0.000,,,,,NVIDIA A100-SXM4-40GB MIG 4g.20gb (0),1,,13,cupy_copy__complex64_complex64
4633655463,12575,299801,1434,1,1,128,1,1,16,0.000,0.000,,,,,NVIDIA A100-SXM4-40GB MIG 4g.20gb (0),1,,13,cupy_copy__complex64_complex64
4633675558,2944,299808,103,1,1,128,1,1,16,0.000,0.000,,,,,NVIDIA A100-SXM4-40GB MIG 4g.20gb (0),1,,13,cupy_copy__complex64_complex64
4633697222,87231,299815,1,1,1,32,32,1,30,0.000,0.000,,,,,NVIDIA A100-SXM4-40GB MIG 4g.20gb (0),1,,13,"void convert_kernel<__half2, float2>(tensor_layout_any, T1 *, tensor_layout_any, const T2 *)"
4633815173,9247,299818,,,,,,,,,,0.094,10132.567,Pinned,Device,NVIDIA A100-SXM4-40GB MIG 4g.20gb (0),1,,13,[CUDA memcpy Host-to-Device]
4633835236,47520,299819,,,,,,,,,,35.810,753548.147,Device,,NVIDIA A100-SXM4-40GB MIG 4g.20gb (0),1,,13,[CUDA memset]
4633887332,4736,299821,,,,,,,,,,0.000,16.892,Pinned,Device,NVIDIA A100-SXM4-40GB MIG 4g.20gb (0),1,,13,[CUDA memcpy Host-to-Device]
4633897476,13535,299822,,,,,,,,,,0.197,14525.792,Pinned,Device,NVIDIA A100-SXM4-40GB MIG 4g.20gb (0),1,,13,[CUDA memcpy Host-to-Device]
4633922435,10464,299823,273,1,1,48,1,1,40,0.000,0.001,,,,,NVIDIA A100-SXM4-40GB MIG 4g.20gb (0),1,,13,"void pusch_noise_intf_est::noiseIntfEstNoDftSOfdmKernel<float, __half, float, float, (unsigned int)2, (unsigned int)1, (unsigned char)4, (unsigned char)4>(pusch_noise_intf_est::puschRxNoiseIntfEstDynDescr)"
4633936003,2976,299834,35,1,1,128,1,1,16,0.000,0.000,,,,,NVIDIA A100-SXM4-40GB MIG 4g.20gb (0),1,,13,cupy_copy__complex64_complex64
4633941123,1888,299843,1,1,1,1,1,1,18,0.000,0.000,,,,,NVIDIA A100-SXM4-40GB MIG 4g.20gb (0),1,,13,cupy_copy__float32_float32
4633966979,2336,299849,,,,,,,,,,0.000,1.712,Device,Pageable,NVIDIA A100-SXM4-40GB MIG 4g.20gb (0),1,,7,[CUDA memcpy Device-to-Host]
4634026946,12960,299860,1434,1,1,128,1,1,16,0.000,0.000,,,,,NVIDIA A100-SXM4-40GB MIG 4g.20gb (0),1,,13,cupy_copy__complex64_complex64
4634054498,3008,299867,103,1,1,128,1,1,16,0.000,0.000,,,,,NVIDIA A100-SXM4-40GB MIG 4g.20gb (0),1,,13,cupy_copy__complex64_complex64
4634075137,2784,299874,35,1,1,128,1,1,16,0.000,0.000,,,,,NVIDIA A100-SXM4-40GB MIG 4g.20gb (0),1,,13,cupy_copy__complex64_complex64
4634093441,1824,299881,1,1,1,1,1,1,18,0.000,0.000,,,,,NVIDIA A100-SXM4-40GB MIG 4g.20gb (0),1,,13,cupy_copy__float32_float32
4634224032,86719,299892,1,1,1,32,32,1,30,0.000,0.000,,,,,NVIDIA A100-SXM4-40GB MIG 4g.20gb (0),1,,13,"void convert_kernel<__half2, float2>(tensor_layout_any, T1 *, tensor_layout_any, const T2 *)"
4634338622,5600,299895,,,,,,,,,,0.094,16731.388,Pinned,Device,NVIDIA A100-SXM4-40GB MIG 4g.20gb (0),1,,13,[CUDA memcpy Host-to-Device]
4634352734,3200,299896,,,,,,,,,,1.547,483320.000,Device,,NVIDIA A100-SXM4-40GB MIG 4g.20gb (0),1,,13,[CUDA memset]
4634359518,3136,299901,,,,,,,,,,0.031,9979.575,Pinned,Device,NVIDIA A100-SXM4-40GB MIG 4g.20gb (0),1,,13,[CUDA memcpy Host-to-Device]
4634365374,9824,299902,,,,,,,,,,0.197,20012.925,Pinned,Device,NVIDIA A100-SXM4-40GB MIG 4g.20gb (0),1,,13,[CUDA memcpy Host-to-Device]
4634382878,6368,299903,273,1,1,8,4,1,39,0.002,0.000,,,,,NVIDIA A100-SXM4-40GB MIG 4g.20gb (0),1,,13,"void channel_eq::eqMmseCoefCompLowMimoKernel<float, float, float, (unsigned int)4, (unsigned int)1, (unsigned int)4>(const channel_eq::_puschRxChEqStatDescr *, channel_eq::_puschRxChEqCoefCompDynDescr)"
4634390942,5855,299904,273,1,1,12,11,1,51,0.002,0.000,,,,,NVIDIA A100-SXM4-40GB MIG 4g.20gb (0),1,,13,"void channel_eq::eqMmseSoftDemapKernel<float, __half, __half, float, (unsigned int)4, (unsigned short)16383>(channel_eq::_puschRxChEqStatDescr *, channel_eq::_puschRxChEqSoftDemapDynDescr)"
4634397885,281885,299905,1,1,1,32,32,1,30,0.000,0.000,,,,,NVIDIA A100-SXM4-40GB MIG 4g.20gb (0),1,,13,"void convert_kernel<float2, __half2>(tensor_layout_any, T1 *, tensor_layout_any, const T2 *)"
4634683770,10848,299917,2253,1,1,128,1,1,16,0.000,0.000,,,,,NVIDIA A100-SXM4-40GB MIG 4g.20gb (0),1,,13,cupy_copy__float16_float16
4634695930,3072,299926,282,1,1,128,1,1,16,0.000,0.000,,,,,NVIDIA A100-SXM4-40GB MIG 4g.20gb (0),1,,13,cupy_copy__complex64_complex64
4634700378,2400,299935,26,1,1,128,1,1,16,0.000,0.000,,,,,NVIDIA A100-SXM4-40GB MIG 4g.20gb (0),1,,13,cupy_copy__float32_float32
4634703898,3104,299944,103,1,1,128,1,1,16,0.000,0.000,,,,,NVIDIA A100-SXM4-40GB MIG 4g.20gb (0),1,,13,cupy_copy__complex64_complex64
4634709082,12031,299954,1434,1,1,128,1,1,16,0.000,0.000,,,,,NVIDIA A100-SXM4-40GB MIG 4g.20gb (0),1,,13,cupy_copy__complex64_complex64
4634731353,82527,299959,1,1,1,32,32,1,30,0.000,0.000,,,,,NVIDIA A100-SXM4-40GB MIG 4g.20gb (0),1,,13,"void convert_kernel<__half2, float2>(tensor_layout_any, T1 *, tensor_layout_any, const T2 *)"
4634849496,5472,299962,,,,,,,,,,0.094,17122.757,Pinned,Device,NVIDIA A100-SXM4-40GB MIG 4g.20gb (0),1,,13,[CUDA memcpy Host-to-Device]
4634862008,601720,299963,,,,,,,,,,456.561,758348.552,Device,,NVIDIA A100-SXM4-40GB MIG 4g.20gb (0),1,,13,[CUDA memset]
4635467472,149022,299968,,,,,,,,,,1.235,8286.474,Pinned,Device,NVIDIA A100-SXM4-40GB MIG 4g.20gb (0),1,,13,[CUDA memcpy Host-to-Device]
4635629742,42560,299969,,,,,,,,,,0.197,4619.502,Pinned,Device,NVIDIA A100-SXM4-40GB MIG 4g.20gb (0),1,,13,[CUDA memcpy Host-to-Device]
4635701869,8064,299970,69,4,1,48,1,1,76,0.002,0.000,,,,,NVIDIA A100-SXM4-40GB MIG 4g.20gb (0),1,,13,"void ch_est::windowedChEstPreNoDftSOfdmKernel<float, __half, float, (unsigned int)2, (unsigned int)1, (unsigned short)4>(ch_est::puschRxChEstStatDescr_t *, ch_est::puschRxChEstDynDescr_t *)"
4635721165,6752,299971,137,2,1,24,2,1,44,0.001,0.001,,,,,NVIDIA A100-SXM4-40GB MIG 4g.20gb (0),1,,13,"void ch_est::chEstFilterNoDftSOfdmDispatchKernel<float, __half, float, (unsigned int)2>(ch_est::puschRxChEstStatDescr_t *, ch_est::puschRxChEstDynDescr_t *)"
4635738413,4736,299972,137,2,1,24,2,1,44,0.001,0.001,,,,,NVIDIA A100-SXM4-40GB MIG 4g.20gb (0),1,,13,"void ch_est::chEstFilterNoDftSOfdmDispatchKernel<float, __half, float, (unsigned int)2>(ch_est::puschRxChEstStatDescr_t *, ch_est::puschRxChEstDynDescr_t *)"
4635755661,2464,299983,103,1,1,128,1,1,16,0.000,0.000,,,,,NVIDIA A100-SXM4-40GB MIG 4g.20gb (0),1,,13,cupy_copy__complex64_complex64
4635773644,12384,299993,1434,1,1,128,1,1,16,0.000,0.000,,,,,NVIDIA A100-SXM4-40GB MIG 4g.20gb (0),1,,13,cupy_copy__complex64_complex64
4635793548,2912,300000,103,1,1,128,1,1,16,0.000,0.000,,,,,NVIDIA A100-SXM4-40GB MIG 4g.20gb (0),1,,13,cupy_copy__complex64_complex64
4635814284,89311,300007,1,1,1,32,32,1,30,0.000,0.000,,,,,NVIDIA A100-SXM4-40GB MIG 4g.20gb (0),1,,13,"void convert_kernel<__half2, float2>(tensor_layout_any, T1 *, tensor_layout_any, const T2 *)"
4635935722,26688,300010,,,,,,,,,,0.094,3510.789,Pinned,Device,NVIDIA A100-SXM4-40GB MIG 4g.20gb (0),1,,13,[CUDA memcpy Host-to-Device]
4635978538,47423,300011,,,,,,,,,,35.810,755087.973,Device,,NVIDIA A100-SXM4-40GB MIG 4g.20gb (0),1,,13,[CUDA memset]
4636029001,11936,300013,,,,,,,,,,0.000,6.702,Pinned,Device,NVIDIA A100-SXM4-40GB MIG 4g.20gb (0),1,,13,[CUDA memcpy Host-to-Device]
4636051241,23680,300014,,,,,,,,,,0.197,8302.559,Pinned,Device,NVIDIA A100-SXM4-40GB MIG 4g.20gb (0),1,,13,[CUDA memcpy Host-to-Device]
4636103752,9728,300015,273,1,1,48,1,1,40,0.000,0.001,,,,,NVIDIA A100-SXM4-40GB MIG 4g.20gb (0),1,,13,"void pusch_noise_intf_est::noiseIntfEstNoDftSOfdmKernel<float, __half, float, float, (unsigned int)2, (unsigned int)1, (unsigned char)4, (unsigned char)4>(pusch_noise_intf_est::puschRxNoiseIntfEstDynDescr)"
4636131176,2688,300026,35,1,1,128,1,1,16,0.000,0.000,,,,,NVIDIA A100-SXM4-40GB MIG 4g.20gb (0),1,,13,cupy_copy__complex64_complex64
4636142568,1696,300035,1,1,1,1,1,1,18,0.000,0.000,,,,,NVIDIA A100-SXM4-40GB MIG 4g.20gb (0),1,,13,cupy_copy__float32_float32
4636148744,3616,300041,,,,,,,,,,0.000,1.106,Device,Pageable,NVIDIA A100-SXM4-40GB MIG 4g.20gb (0),1,,7,[CUDA memcpy Device-to-Host]
4636231783,12864,300052,1434,1,1,128,1,1,16,0.000,0.000,,,,,NVIDIA A100-SXM4-40GB MIG 4g.20gb (0),1,,13,cupy_copy__complex64_complex64
4636250151,2944,300059,103,1,1,128,1,1,16,0.000,0.000,,,,,NVIDIA A100-SXM4-40GB MIG 4g.20gb (0),1,,13,cupy_copy__complex64_complex64
4636272358,2400,300066,35,1,1,128,1,1,16,0.000,0.000,,,,,NVIDIA A100-SXM4-40GB MIG 4g.20gb (0),1,,13,cupy_copy__complex64_complex64
4636294214,2176,300073,1,1,1,1,1,1,18,0.000,0.000,,,,,NVIDIA A100-SXM4-40GB MIG 4g.20gb (0),1,,13,cupy_copy__float32_float32
4636419493,82271,300084,1,1,1,32,32,1,30,0.000,0.000,,,,,NVIDIA A100-SXM4-40GB MIG 4g.20gb (0),1,,13,"void convert_kernel<__half2, float2>(tensor_layout_any, T1 *, tensor_layout_any, const T2 *)"
4636529411,5696,300087,,,,,,,,,,0.094,16449.363,Pinned,Device,NVIDIA A100-SXM4-40GB MIG 4g.20gb (0),1,,13,[CUDA memcpy Host-to-Device]
4636544035,3520,300088,,,,,,,,,,1.547,439380.412,Device,,NVIDIA A100-SXM4-40GB MIG 4g.20gb (0),1,,13,[CUDA memset]
4636550467,3264,300093,,,,,,,,,,0.031,9588.218,Pinned,Device,NVIDIA A100-SXM4-40GB MIG 4g.20gb (0),1,,13,[CUDA memcpy Host-to-Device]
4636556259,9696,300094,,,,,,,,,,0.197,20277.166,Pinned,Device,NVIDIA A100-SXM4-40GB MIG 4g.20gb (0),1,,13,[CUDA memcpy Host-to-Device]
4636572035,6336,300095,273,1,1,8,4,1,39,0.002,0.000,,,,,NVIDIA A100-SXM4-40GB MIG 4g.20gb (0),1,,13,"void channel_eq::eqMmseCoefCompLowMimoKernel<float, float, float, (unsigned int)4, (unsigned int)1, (unsigned int)4>(const channel_eq::_puschRxChEqStatDescr *, channel_eq::_puschRxChEqCoefCompDynDescr)"
4636581091,6207,300096,273,1,1,12,11,1,51,0.002,0.000,,,,,NVIDIA A100-SXM4-40GB MIG 4g.20gb (0),1,,13,"void channel_eq::eqMmseSoftDemapKernel<float, __half, __half, float, (unsigned int)4, (unsigned short)16383>(channel_eq::_puschRxChEqStatDescr *, channel_eq::_puschRxChEqSoftDemapDynDescr)"
4636588322,283005,300097,1,1,1,32,32,1,30,0.000,0.000,,,,,NVIDIA A100-SXM4-40GB MIG 4g.20gb (0),1,,13,"void convert_kernel<float2, __half2>(tensor_layout_any, T1 *, tensor_layout_any, const T2 *)"
4636873087,10944,300109,2253,1,1,128,1,1,16,0.000,0.000,,,,,NVIDIA A100-SXM4-40GB MIG 4g.20gb (0),1,,13,cupy_copy__float16_float16
4636887135,3552,300118,282,1,1,128,1,1,16,0.000,0.000,,,,,NVIDIA A100-SXM4-40GB MIG 4g.20gb (0),1,,13,cupy_copy__complex64_complex64
4636891839,2112,300127,26,1,1,128,1,1,16,0.000,0.000,,,,,NVIDIA A100-SXM4-40GB MIG 4g.20gb (0),1,,13,cupy_copy__float32_float32
4636895519,3168,300136,103,1,1,128,1,1,16,0.000,0.000,,,,,NVIDIA A100-SXM4-40GB MIG 4g.20gb (0),1,,13,cupy_copy__complex64_complex64
4636899615,11999,300146,1434,1,1,128,1,1,16,0.000,0.000,,,,,NVIDIA A100-SXM4-40GB MIG 4g.20gb (0),1,,13,cupy_copy__complex64_complex64
4636920478,86143,300151,1,1,1,32,32,1,30,0.000,0.000,,,,,NVIDIA A100-SXM4-40GB MIG 4g.20gb (0),1,,13,"void convert_kernel<__half2, float2>(tensor_layout_any, T1 *, tensor_layout_any, const T2 *)"
4637033981,6176,300154,,,,,,,,,,0.094,15170.975,Pinned,Device,NVIDIA A100-SXM4-40GB MIG 4g.20gb (0),1,,13,[CUDA memcpy Host-to-Device]
4637044189,599736,300155,,,,,,,,,,456.561,761087.920,Device,,NVIDIA A100-SXM4-40GB MIG 4g.20gb (0),1,,13,[CUDA memset]
4637648565,142559,300160,,,,,,,,,,1.235,8661.897,Pinned,Device,NVIDIA A100-SXM4-40GB MIG 4g.20gb (0),1,,13,[CUDA memcpy Host-to-Device]
4637799924,33535,300161,,,,,,,,,,0.197,5862.654,Pinned,Device,NVIDIA A100-SXM4-40GB MIG 4g.20gb (0),1,,13,[CUDA memcpy Host-to-Device]
4637851731,8224,300162,69,4,1,48,1,1,76,0.002,0.000,,,,,NVIDIA A100-SXM4-40GB MIG 4g.20gb (0),1,,13,"void ch_est::windowedChEstPreNoDftSOfdmKernel<float, __half, float, (unsigned int)2, (unsigned int)1, (unsigned short)4>(ch_est::puschRxChEstStatDescr_t *, ch_est::puschRxChEstDynDescr_t *)"
4637866867,6816,300163,137,2,1,24,2,1,44,0.001,0.001,,,,,NVIDIA A100-SXM4-40GB MIG 4g.20gb (0),1,,13,"void ch_est::chEstFilterNoDftSOfdmDispatchKernel<float, __half, float, (unsigned int)2>(ch_est::puschRxChEstStatDescr_t *, ch_est::puschRxChEstDynDescr_t *)"
4637880787,4767,300164,137,2,1,24,2,1,44,0.001,0.001,,,,,NVIDIA A100-SXM4-40GB MIG 4g.20gb (0),1,,13,"void ch_est::chEstFilterNoDftSOfdmDispatchKernel<float, __half, float, (unsigned int)2>(ch_est::puschRxChEstStatDescr_t *, ch_est::puschRxChEstDynDescr_t *)"
4637894418,2592,300175,103,1,1,128,1,1,16,0.000,0.000,,,,,NVIDIA A100-SXM4-40GB MIG 4g.20gb (0),1,,13,cupy_copy__complex64_complex64
4637908306,12800,300185,1434,1,1,128,1,1,16,0.000,0.000,,,,,NVIDIA A100-SXM4-40GB MIG 4g.20gb (0),1,,13,cupy_copy__complex64_complex64
4637934418,2528,300192,103,1,1,128,1,1,16,0.000,0.000,,,,,NVIDIA A100-SXM4-40GB MIG 4g.20gb (0),1,,13,cupy_copy__complex64_complex64
4637951186,86975,300199,1,1,1,32,32,1,30,0.000,0.000,,,,,NVIDIA A100-SXM4-40GB MIG 4g.20gb (0),1,,13,"void convert_kernel<__half2, float2>(tensor_layout_any, T1 *, tensor_layout_any, const T2 *)"
4638071184,28032,300202,,,,,,,,,,0.094,3342.417,Pinned,Device,NVIDIA A100-SXM4-40GB MIG 4g.20gb (0),1,,13,[CUDA memcpy Host-to-Device]
4638125136,47135,300203,,,,,,,,,,35.810,759707.453,Device,,NVIDIA A100-SXM4-40GB MIG 4g.20gb (0),1,,13,[CUDA memset]
4638174703,15488,300205,,,,,,,,,,0.000,5.165,Pinned,Device,NVIDIA A100-SXM4-40GB MIG 4g.20gb (0),1,,13,[CUDA memcpy Host-to-Device]
4638197071,31999,300206,,,,,,,,,,0.197,6144.000,Pinned,Device,NVIDIA A100-SXM4-40GB MIG 4g.20gb (0),1,,13,[CUDA memcpy Host-to-Device]
4638252750,9632,300207,273,1,1,48,1,1,40,0.000,0.001,,,,,NVIDIA A100-SXM4-40GB MIG 4g.20gb (0),1,,13,"void pusch_noise_intf_est::noiseIntfEstNoDftSOfdmKernel<float, __half, float, float, (unsigned int)2, (unsigned int)1, (unsigned char)4, (unsigned char)4>(pusch_noise_intf_est::puschRxNoiseIntfEstDynDescr)"
4638269742,2816,300218,35,1,1,128,1,1,16,0.000,0.000,,,,,NVIDIA A100-SXM4-40GB MIG 4g.20gb (0),1,,13,cupy_copy__complex64_complex64
4638286254,1824,300227,1,1,1,1,1,1,18,0.000,0.000,,,,,NVIDIA A100-SXM4-40GB MIG 4g.20gb (0),1,,13,cupy_copy__float32_float32
4638295021,7520,300233,,,,,,,,,,0.000,0.532,Device,Pageable,NVIDIA A100-SXM4-40GB MIG 4g.20gb (0),1,,7,[CUDA memcpy Device-to-Host]
4638394572,12672,300244,1434,1,1,128,1,1,16,0.000,0.000,,,,,NVIDIA A100-SXM4-40GB MIG 4g.20gb (0),1,,13,cupy_copy__complex64_complex64
4638416556,3328,300251,103,1,1,128,1,1,16,0.000,0.000,,,,,NVIDIA A100-SXM4-40GB MIG 4g.20gb (0),1,,13,cupy_copy__complex64_complex64
4638436588,2560,300258,35,1,1,128,1,1,16,0.000,0.000,,,,,NVIDIA A100-SXM4-40GB MIG 4g.20gb (0),1,,13,cupy_copy__complex64_complex64
4638459243,1792,300265,1,1,1,1,1,1,18,0.000,0.000,,,,,NVIDIA A100-SXM4-40GB MIG 4g.20gb (0),1,,13,cupy_copy__float32_float32
4638587338,89983,300276,1,1,1,32,32,1,30,0.000,0.000,,,,,NVIDIA A100-SXM4-40GB MIG 4g.20gb (0),1,,13,"void convert_kernel<__half2, float2>(tensor_layout_any, T1 *, tensor_layout_any, const T2 *)"
4638708136,13408,300279,,,,,,,,,,0.094,6988.035,Pinned,Device,NVIDIA A100-SXM4-40GB MIG 4g.20gb (0),1,,13,[CUDA memcpy Host-to-Device]
4638736968,3872,300280,,,,,,,,,,1.547,399437.301,Device,,NVIDIA A100-SXM4-40GB MIG 4g.20gb (0),1,,13,[CUDA memset]
4638745256,6944,300285,,,,,,,,,,0.031,4506.906,Pinned,Device,NVIDIA A100-SXM4-40GB MIG 4g.20gb (0),1,,13,[CUDA memcpy Host-to-Device]
4638758664,17375,300286,,,,,,,,,,0.197,11315.380,Pinned,Device,NVIDIA A100-SXM4-40GB MIG 4g.20gb (0),1,,13,[CUDA memcpy Host-to-Device]
4638790695,8544,300287,273,1,1,8,4,1,39,0.002,0.000,,,,,NVIDIA A100-SXM4-40GB MIG 4g.20gb (0),1,,13,"void channel_eq::eqMmseCoefCompLowMimoKernel<float, float, float, (unsigned int)4, (unsigned int)1, (unsigned int)4>(const channel_eq::_puschRxChEqStatDescr *, channel_eq::_puschRxChEqCoefCompDynDescr)"
4638806023,5408,300288,273,1,1,12,11,1,51,0.002,0.000,,,,,NVIDIA A100-SXM4-40GB MIG 4g.20gb (0),1,,13,"void channel_eq::eqMmseSoftDemapKernel<float, __half, __half, float, (unsigned int)4, (unsigned short)16383>(channel_eq::_puschRxChEqStatDescr *, channel_eq::_puschRxChEqSoftDemapDynDescr)"
4638818407,295196,300289,1,1,1,32,32,1,30,0.000,0.000,,,,,NVIDIA A100-SXM4-40GB MIG 4g.20gb (0),1,,13,"void convert_kernel<float2, __half2>(tensor_layout_any, T1 *, tensor_layout_any, const T2 *)"
4639114723,10912,300301,2253,1,1,128,1,1,16,0.000,0.000,,,,,NVIDIA A100-SXM4-40GB MIG 4g.20gb (0),1,,13,cupy_copy__float16_float16
4639127139,3840,300310,282,1,1,128,1,1,16,0.000,0.000,,,,,NVIDIA A100-SXM4-40GB MIG 4g.20gb (0),1,,13,cupy_copy__complex64_complex64
4639134691,2592,300319,26,1,1,128,1,1,16,0.000,0.000,,,,,NVIDIA A100-SXM4-40GB MIG 4g.20gb (0),1,,13,cupy_copy__float32_float32
4639140707,4608,300328,103,1,1,128,1,1,16,0.000,0.000,,,,,NVIDIA A100-SXM4-40GB MIG 4g.20gb (0),1,,13,cupy_copy__complex64_complex64
4639149283,12256,300338,1434,1,1,128,1,1,16,0.000,0.000,,,,,NVIDIA A100-SXM4-40GB MIG 4g.20gb (0),1,,13,cupy_copy__complex64_complex64
4639165603,90207,300343,1,1,1,32,32,1,30,0.000,0.000,,,,,NVIDIA A100-SXM4-40GB MIG 4g.20gb (0),1,,13,"void convert_kernel<__half2, float2>(tensor_layout_any, T1 *, tensor_layout_any, const T2 *)"
4639284225,5728,300346,,,,,,,,,,0.094,16357.541,Pinned,Device,NVIDIA A100-SXM4-40GB MIG 4g.20gb (0),1,,13,[CUDA memcpy Host-to-Device]
4639293537,596089,300347,,,,,,,,,,456.561,765653.535,Device,,NVIDIA A100-SXM4-40GB MIG 4g.20gb (0),1,,13,[CUDA memset]
4639894490,114270,300352,,,,,,,,,,1.235,10806.995,Pinned,Device,NVIDIA A100-SXM4-40GB MIG 4g.20gb (0),1,,13,[CUDA memcpy Host-to-Device]
4640013752,25312,300353,,,,,,,,,,0.197,7767.196,Pinned,Device,NVIDIA A100-SXM4-40GB MIG 4g.20gb (0),1,,13,[CUDA memcpy Host-to-Device]
4640058200,8032,300354,69,4,1,48,1,1,76,0.002,0.000,,,,,NVIDIA A100-SXM4-40GB MIG 4g.20gb (0),1,,13,"void ch_est::windowedChEstPreNoDftSOfdmKernel<float, __half, float, (unsigned int)2, (unsigned int)1, (unsigned short)4>(ch_est::puschRxChEstStatDescr_t *, ch_est::puschRxChEstDynDescr_t *)"
4640072920,7359,300355,137,2,1,24,2,1,44,0.001,0.001,,,,,NVIDIA A100-SXM4-40GB MIG 4g.20gb (0),1,,13,"void ch_est::chEstFilterNoDftSOfdmDispatchKernel<float, __half, float, (unsigned int)2>(ch_est::puschRxChEstStatDescr_t *, ch_est::puschRxChEstDynDescr_t *)"
4640082263,6272,300356,137,2,1,24,2,1,44,0.001,0.001,,,,,NVIDIA A100-SXM4-40GB MIG 4g.20gb (0),1,,13,"void ch_est::chEstFilterNoDftSOfdmDispatchKernel<float, __half, float, (unsigned int)2>(ch_est::puschRxChEstStatDescr_t *, ch_est::puschRxChEstDynDescr_t *)"
4640090167,3072,300367,103,1,1,128,1,1,16,0.000,0.000,,,,,NVIDIA A100-SXM4-40GB MIG 4g.20gb (0),1,,13,cupy_copy__complex64_complex64
4640098071,12544,300377,1434,1,1,128,1,1,16,0.000,0.000,,,,,NVIDIA A100-SXM4-40GB MIG 4g.20gb (0),1,,13,cupy_copy__complex64_complex64
4640114583,3104,300384,103,1,1,128,1,1,16,0.000,0.000,,,,,NVIDIA A100-SXM4-40GB MIG 4g.20gb (0),1,,13,cupy_copy__complex64_complex64
4640123159,83743,300391,1,1,1,32,32,1,30,0.000,0.000,,,,,NVIDIA A100-SXM4-40GB MIG 4g.20gb (0),1,,13,"void convert_kernel<__half2, float2>(tensor_layout_any, T1 *, tensor_layout_any, const T2 *)"
4640234166,5855,300394,,,,,,,,,,0.094,16002.715,Pinned,Device,NVIDIA A100-SXM4-40GB MIG 4g.20gb (0),1,,13,[CUDA memcpy Host-to-Device]
4640249109,47072,300395,,,,,,,,,,35.810,760745.940,Device,,NVIDIA A100-SXM4-40GB MIG 4g.20gb (0),1,,13,[CUDA memset]
4640296661,5344,300397,,,,,,,,,,0.000,14.970,Pinned,Device,NVIDIA A100-SXM4-40GB MIG 4g.20gb (0),1,,13,[CUDA memcpy Host-to-Device]
4640307093,14431,300398,,,,,,,,,,0.197,13623.951,Pinned,Device,NVIDIA A100-SXM4-40GB MIG 4g.20gb (0),1,,13,[CUDA memcpy Host-to-Device]
4640331188,9312,300399,273,1,1,48,1,1,40,0.000,0.001,,,,,NVIDIA A100-SXM4-40GB MIG 4g.20gb (0),1,,13,"void pusch_noise_intf_est::noiseIntfEstNoDftSOfdmKernel<float, __half, float, float, (unsigned int)2, (unsigned int)1, (unsigned char)4, (unsigned char)4>(pusch_noise_intf_est::puschRxNoiseIntfEstDynDescr)"
4640344212,3200,300410,35,1,1,128,1,1,16,0.000,0.000,,,,,NVIDIA A100-SXM4-40GB MIG 4g.20gb (0),1,,13,cupy_copy__complex64_complex64
4640357556,1984,300419,1,1,1,1,1,1,18,0.000,0.000,,,,,NVIDIA A100-SXM4-40GB MIG 4g.20gb (0),1,,13,cupy_copy__float32_float32
4640391092,1600,300425,,,,,,,,,,0.000,2.500,Device,Pageable,NVIDIA A100-SXM4-40GB MIG 4g.20gb (0),1,,7,[CUDA memcpy Device-to-Host]
4640450899,12736,300436,1434,1,1,128,1,1,16,0.000,0.000,,,,,NVIDIA A100-SXM4-40GB MIG 4g.20gb (0),1,,13,cupy_copy__complex64_complex64
4640478483,3359,300443,103,1,1,128,1,1,16,0.000,0.000,,,,,NVIDIA A100-SXM4-40GB MIG 4g.20gb (0),1,,13,cupy_copy__complex64_complex64
4640498738,2272,300450,35,1,1,128,1,1,16,0.000,0.000,,,,,NVIDIA A100-SXM4-40GB MIG 4g.20gb (0),1,,13,cupy_copy__complex64_complex64
4640516882,1760,300457,1,1,1,1,1,1,18,0.000,0.000,,,,,NVIDIA A100-SXM4-40GB MIG 4g.20gb (0),1,,13,cupy_copy__float32_float32
4640648944,82655,300468,1,1,1,32,32,1,30,0.000,0.000,,,,,NVIDIA A100-SXM4-40GB MIG 4g.20gb (0),1,,13,"void convert_kernel<__half2, float2>(tensor_layout_any, T1 *, tensor_layout_any, const T2 *)"
4640759247,6112,300471,,,,,,,,,,0.094,15329.790,Pinned,Device,NVIDIA A100-SXM4-40GB MIG 4g.20gb (0),1,,13,[CUDA memcpy Host-to-Device]
4640774063,3776,300472,,,,,,,,,,1.547,409592.434,Device,,NVIDIA A100-SXM4-40GB MIG 4g.20gb (0),1,,13,[CUDA memset]
4640779919,3392,300477,,,,,,,,,,0.031,9226.405,Pinned,Device,NVIDIA A100-SXM4-40GB MIG 4g.20gb (0),1,,13,[CUDA memcpy Host-to-Device]
4640786095,9376,300478,,,,,,,,,,0.197,20969.226,Pinned,Device,NVIDIA A100-SXM4-40GB MIG 4g.20gb (0),1,,13,[CUDA memcpy Host-to-Device]
4640799567,8255,300479,273,1,1,8,4,1,39,0.002,0.000,,,,,NVIDIA A100-SXM4-40GB MIG 4g.20gb (0),1,,13,"void channel_eq::eqMmseCoefCompLowMimoKernel<float, float, float, (unsigned int)4, (unsigned int)1, (unsigned int)4>(const channel_eq::_puschRxChEqStatDescr *, channel_eq::_puschRxChEqCoefCompDynDescr)"
4640808942,6112,300480,273,1,1,12,11,1,51,0.002,0.000,,,,,NVIDIA A100-SXM4-40GB MIG 4g.20gb (0),1,,13,"void channel_eq::eqMmseSoftDemapKernel<float, __half, __half, float, (unsigned int)4, (unsigned short)16383>(channel_eq::_puschRxChEqStatDescr *, channel_eq::_puschRxChEqSoftDemapDynDescr)"
4640816206,281949,300481,1,1,1,32,32,1,30,0.000,0.000,,,,,NVIDIA A100-SXM4-40GB MIG 4g.20gb (0),1,,13,"void convert_kernel<float2, __half2>(tensor_layout_any, T1 *, tensor_layout_any, const T2 *)"
4641099179,11264,300493,2253,1,1,128,1,1,16,0.000,0.000,,,,,NVIDIA A100-SXM4-40GB MIG 4g.20gb (0),1,,13,cupy_copy__float16_float16
4641113515,2848,300502,282,1,1,128,1,1,16,0.000,0.000,,,,,NVIDIA A100-SXM4-40GB MIG 4g.20gb (0),1,,13,cupy_copy__complex64_complex64
4641118699,2016,300511,26,1,1,128,1,1,16,0.000,0.000,,,,,NVIDIA A100-SXM4-40GB MIG 4g.20gb (0),1,,13,cupy_copy__float32_float32
4641122187,4672,300520,103,1,1,128,1,1,16,0.000,0.000,,,,,NVIDIA A100-SXM4-40GB MIG 4g.20gb (0),1,,13,cupy_copy__complex64_complex64
4641127883,11903,300530,1434,1,1,128,1,1,16,0.000,0.000,,,,,NVIDIA A100-SXM4-40GB MIG 4g.20gb (0),1,,13,cupy_copy__complex64_complex64
4641153194,82399,300535,1,1,1,32,32,1,30,0.000,0.000,,,,,NVIDIA A100-SXM4-40GB MIG 4g.20gb (0),1,,13,"void convert_kernel<__half2, float2>(tensor_layout_any, T1 *, tensor_layout_any, const T2 *)"
4641262569,5696,300538,,,,,,,,,,0.094,16449.363,Pinned,Device,NVIDIA A100-SXM4-40GB MIG 4g.20gb (0),1,,13,[CUDA memcpy Host-to-Device]
4641272681,595416,300539,,,,,,,,,,456.561,766566.658,Device,,NVIDIA A100-SXM4-40GB MIG 4g.20gb (0),1,,13,[CUDA memset]
4641876321,154622,300544,,,,,,,,,,1.235,7986.383,Pinned,Device,NVIDIA A100-SXM4-40GB MIG 4g.20gb (0),1,,13,[CUDA memcpy Host-to-Device]
4642043679,40896,300545,,,,,,,,,,0.197,4807.459,Pinned,Device,NVIDIA A100-SXM4-40GB MIG 4g.20gb (0),1,,13,[CUDA memcpy Host-to-Device]
4642118398,7648,300546,69,4,1,48,1,1,76,0.002,0.000,,,,,NVIDIA A100-SXM4-40GB MIG 4g.20gb (0),1,,13,"void ch_est::windowedChEstPreNoDftSOfdmKernel<float, __half, float, (unsigned int)2, (unsigned int)1, (unsigned short)4>(ch_est::puschRxChEstStatDescr_t *, ch_est::puschRxChEstDynDescr_t *)"
4642137918,6464,300547,137,2,1,24,2,1,44,0.001,0.001,,,,,NVIDIA A100-SXM4-40GB MIG 4g.20gb (0),1,,13,"void ch_est::chEstFilterNoDftSOfdmDispatchKernel<float, __half, float, (unsigned int)2>(ch_est::puschRxChEstStatDescr_t *, ch_est::puschRxChEstDynDescr_t *)"
4642153854,4768,300548,137,2,1,24,2,1,44,0.001,0.001,,,,,NVIDIA A100-SXM4-40GB MIG 4g.20gb (0),1,,13,"void ch_est::chEstFilterNoDftSOfdmDispatchKernel<float, __half, float, (unsigned int)2>(ch_est::puschRxChEstStatDescr_t *, ch_est::puschRxChEstDynDescr_t *)"
4642172574,2656,300559,103,1,1,128,1,1,16,0.000,0.000,,,,,NVIDIA A100-SXM4-40GB MIG 4g.20gb (0),1,,13,cupy_copy__complex64_complex64
4642186045,12448,300569,1434,1,1,128,1,1,16,0.000,0.000,,,,,NVIDIA A100-SXM4-40GB MIG 4g.20gb (0),1,,13,cupy_copy__complex64_complex64
4642221725,2752,300576,103,1,1,128,1,1,16,0.000,0.000,,,,,NVIDIA A100-SXM4-40GB MIG 4g.20gb (0),1,,13,cupy_copy__complex64_complex64
4642235933,82047,300583,1,1,1,32,32,1,30,0.000,0.000,,,,,NVIDIA A100-SXM4-40GB MIG 4g.20gb (0),1,,13,"void convert_kernel<__half2, float2>(tensor_layout_any, T1 *, tensor_layout_any, const T2 *)"
4642345564,13439,300586,,,,,,,,,,0.094,6971.919,Pinned,Device,NVIDIA A100-SXM4-40GB MIG 4g.20gb (0),1,,13,[CUDA memcpy Host-to-Device]
4642371131,47168,300587,,,,,,,,,,35.810,759170.304,Device,,NVIDIA A100-SXM4-40GB MIG 4g.20gb (0),1,,13,[CUDA memset]
4642420091,7839,300589,,,,,,,,,,0.000,10.205,Pinned,Device,NVIDIA A100-SXM4-40GB MIG 4g.20gb (0),1,,13,[CUDA memcpy Host-to-Device]
4642431258,14656,300590,,,,,,,,,,0.197,13414.760,Pinned,Device,NVIDIA A100-SXM4-40GB MIG 4g.20gb (0),1,,13,[CUDA memcpy Host-to-Device]
4642455162,9792,300591,273,1,1,48,1,1,40,0.000,0.001,,,,,NVIDIA A100-SXM4-40GB MIG 4g.20gb (0),1,,13,"void pusch_noise_intf_est::noiseIntfEstNoDftSOfdmKernel<float, __half, float, float, (unsigned int)2, (unsigned int)1, (unsigned char)4, (unsigned char)4>(pusch_noise_intf_est::puschRxNoiseIntfEstDynDescr)"
4642471546,2880,300602,35,1,1,128,1,1,16,0.000,0.000,,,,,NVIDIA A100-SXM4-40GB MIG 4g.20gb (0),1,,13,cupy_copy__complex64_complex64
4642481498,1984,300611,1,1,1,1,1,1,18,0.000,0.000,,,,,NVIDIA A100-SXM4-40GB MIG 4g.20gb (0),1,,13,cupy_copy__float32_float32
4642503194,2976,300617,,,,,,,,,,0.000,1.344,Device,Pageable,NVIDIA A100-SXM4-40GB MIG 4g.20gb (0),1,,7,[CUDA memcpy Device-to-Host]
4642573817,12928,300628,1434,1,1,128,1,1,16,0.000,0.000,,,,,NVIDIA A100-SXM4-40GB MIG 4g.20gb (0),1,,13,cupy_copy__complex64_complex64
4642601272,3360,300635,103,1,1,128,1,1,16,0.000,0.000,,,,,NVIDIA A100-SXM4-40GB MIG 4g.20gb (0),1,,13,cupy_copy__complex64_complex64
4642622712,2464,300642,35,1,1,128,1,1,16,0.000,0.000,,,,,NVIDIA A100-SXM4-40GB MIG 4g.20gb (0),1,,13,cupy_copy__complex64_complex64
4642640920,1760,300649,1,1,1,1,1,1,18,0.000,0.000,,,,,NVIDIA A100-SXM4-40GB MIG 4g.20gb (0),1,,13,cupy_copy__float32_float32
4642769078,82207,300660,1,1,1,32,32,1,30,0.000,0.000,,,,,NVIDIA A100-SXM4-40GB MIG 4g.20gb (0),1,,13,"void convert_kernel<__half2, float2>(tensor_layout_any, T1 *, tensor_layout_any, const T2 *)"
4642879701,5536,300663,,,,,,,,,,0.094,16924.777,Pinned,Device,NVIDIA A100-SXM4-40GB MIG 4g.20gb (0),1,,13,[CUDA memcpy Host-to-Device]
4642894069,3328,300664,,,,,,,,,,1.547,464729.580,Device,,NVIDIA A100-SXM4-40GB MIG 4g.20gb (0),1,,13,[CUDA memset]
4642901013,3392,300669,,,,,,,,,,0.031,9226.405,Pinned,Device,NVIDIA A100-SXM4-40GB MIG 4g.20gb (0),1,,13,[CUDA memcpy Host-to-Device]
4642907157,9439,300670,,,,,,,,,,0.197,20829.241,Pinned,Device,NVIDIA A100-SXM4-40GB MIG 4g.20gb (0),1,,13,[CUDA memcpy Host-to-Device]
4642922324,8256,300671,273,1,1,8,4,1,39,0.002,0.000,,,,,NVIDIA A100-SXM4-40GB MIG 4g.20gb (0),1,,13,"void channel_eq::eqMmseCoefCompLowMimoKernel<float, float, float, (unsigned int)4, (unsigned int)1, (unsigned int)4>(const channel_eq::_puschRxChEqStatDescr *, channel_eq::_puschRxChEqCoefCompDynDescr)"
4642931668,6016,300672,273,1,1,12,11,1,51,0.002,0.000,,,,,NVIDIA A100-SXM4-40GB MIG 4g.20gb (0),1,,13,"void channel_eq::eqMmseSoftDemapKernel<float, __half, __half, float, (unsigned int)4, (unsigned short)16383>(channel_eq::_puschRxChEqStatDescr *, channel_eq::_puschRxChEqSoftDemapDynDescr)"
4642938644,282365,300673,1,1,1,32,32,1,30,0.000,0.000,,,,,NVIDIA A100-SXM4-40GB MIG 4g.20gb (0),1,,13,"void convert_kernel<float2, __half2>(tensor_layout_any, T1 *, tensor_layout_any, const T2 *)"
4643223249,10816,300685,2253,1,1,128,1,1,16,0.000,0.000,,,,,NVIDIA A100-SXM4-40GB MIG 4g.20gb (0),1,,13,cupy_copy__float16_float16
4643236945,3519,300694,282,1,1,128,1,1,16,0.000,0.000,,,,,NVIDIA A100-SXM4-40GB MIG 4g.20gb (0),1,,13,cupy_copy__complex64_complex64
4643243888,2208,300703,26,1,1,128,1,1,16,0.000,0.000,,,,,NVIDIA A100-SXM4-40GB MIG 4g.20gb (0),1,,13,cupy_copy__float32_float32
4643247184,3104,300712,103,1,1,128,1,1,16,0.000,0.000,,,,,NVIDIA A100-SXM4-40GB MIG 4g.20gb (0),1,,13,cupy_copy__complex64_complex64
4643253392,12192,300722,1434,1,1,128,1,1,16,0.000,0.000,,,,,NVIDIA A100-SXM4-40GB MIG 4g.20gb (0),1,,13,cupy_copy__complex64_complex64
4643270800,81823,300727,1,1,1,32,32,1,30,0.000,0.000,,,,,NVIDIA A100-SXM4-40GB MIG 4g.20gb (0),1,,13,"void convert_kernel<__half2, float2>(tensor_layout_any, T1 *, tensor_layout_any, const T2 *)"
4643379503,5760,300730,,,,,,,,,,0.094,16266.656,Pinned,Device,NVIDIA A100-SXM4-40GB MIG 4g.20gb (0),1,,13,[CUDA memcpy Host-to-Device]
4643389551,598936,300731,,,,,,,,,,456.561,762001.043,Device,,NVIDIA A100-SXM4-40GB MIG 4g.20gb (0),1,,13,[CUDA memset]
4643991559,144702,300736,,,,,,,,,,1.235,8533.463,Pinned,Device,NVIDIA A100-SXM4-40GB MIG 4g.20gb (0),1,,13,[CUDA memcpy Host-to-Device]
4644144677,33600,300737,,,,,,,,,,0.197,5851.251,Pinned,Device,NVIDIA A100-SXM4-40GB MIG 4g.20gb (0),1,,13,[CUDA memcpy Host-to-Device]
4644200773,8224,300738,69,4,1,48,1,1,76,0.002,0.000,,,,,NVIDIA A100-SXM4-40GB MIG 4g.20gb (0),1,,13,"void ch_est::windowedChEstPreNoDftSOfdmKernel<float, __half, float, (unsigned int)2, (unsigned int)1, (unsigned short)4>(ch_est::puschRxChEstStatDescr_t *, ch_est::puschRxChEstDynDescr_t *)"
4644216740,7104,300739,137,2,1,24,2,1,44,0.001,0.001,,,,,NVIDIA A100-SXM4-40GB MIG 4g.20gb (0),1,,13,"void ch_est::chEstFilterNoDftSOfdmDispatchKernel<float, __half, float, (unsigned int)2>(ch_est::puschRxChEstStatDescr_t *, ch_est::puschRxChEstDynDescr_t *)"
4644231012,4736,300740,137,2,1,24,2,1,44,0.001,0.001,,,,,NVIDIA A100-SXM4-40GB MIG 4g.20gb (0),1,,13,"void ch_est::chEstFilterNoDftSOfdmDispatchKernel<float, __half, float, (unsigned int)2>(ch_est::puschRxChEstStatDescr_t *, ch_est::puschRxChEstDynDescr_t *)"
4644245476,2496,300751,103,1,1,128,1,1,16,0.000,0.000,,,,,NVIDIA A100-SXM4-40GB MIG 4g.20gb (0),1,,13,cupy_copy__complex64_complex64
4644262276,12352,300761,1434,1,1,128,1,1,16,0.000,0.000,,,,,NVIDIA A100-SXM4-40GB MIG 4g.20gb (0),1,,13,cupy_copy__complex64_complex64
4644298499,2592,300768,103,1,1,128,1,1,16,0.000,0.000,,,,,NVIDIA A100-SXM4-40GB MIG 4g.20gb (0),1,,13,cupy_copy__complex64_complex64
4644315139,94079,300775,1,1,1,32,32,1,30,0.000,0.000,,,,,NVIDIA A100-SXM4-40GB MIG 4g.20gb (0),1,,13,"void convert_kernel<__half2, float2>(tensor_layout_any, T1 *, tensor_layout_any, const T2 *)"
4644443746,26335,300778,,,,,,,,,,0.094,3557.825,Pinned,Device,NVIDIA A100-SXM4-40GB MIG 4g.20gb (0),1,,13,[CUDA memcpy Host-to-Device]
4644484033,46976,300779,,,,,,,,,,35.810,762285.767,Device,,NVIDIA A100-SXM4-40GB MIG 4g.20gb (0),1,,13,[CUDA memset]
4644533185,9663,300781,,,,,,,,,,0.000,8.279,Pinned,Device,NVIDIA A100-SXM4-40GB MIG 4g.20gb (0),1,,13,[CUDA memcpy Host-to-Device]
4644554656,25472,300782,,,,,,,,,,0.197,7718.437,Pinned,Device,NVIDIA A100-SXM4-40GB MIG 4g.20gb (0),1,,13,[CUDA memcpy Host-to-Device]
4644598912,9920,300783,273,1,1,48,1,1,40,0.000,0.001,,,,,NVIDIA A100-SXM4-40GB MIG 4g.20gb (0),1,,13,"void pusch_noise_intf_est::noiseIntfEstNoDftSOfdmKernel<float, __half, float, float, (unsigned int)2, (unsigned int)1, (unsigned char)4, (unsigned char)4>(pusch_noise_intf_est::puschRxNoiseIntfEstDynDescr)"
4644623807,2656,300794,35,1,1,128,1,1,16,0.000,0.000,,,,,NVIDIA A100-SXM4-40GB MIG 4g.20gb (0),1,,13,cupy_copy__complex64_complex64
4644633663,1792,300803,1,1,1,1,1,1,18,0.000,0.000,,,,,NVIDIA A100-SXM4-40GB MIG 4g.20gb (0),1,,13,cupy_copy__float32_float32
4644643743,6176,300809,,,,,,,,,,0.000,0.648,Device,Pageable,NVIDIA A100-SXM4-40GB MIG 4g.20gb (0),1,,7,[CUDA memcpy Device-to-Host]
4644723678,12640,300820,1434,1,1,128,1,1,16,0.000,0.000,,,,,NVIDIA A100-SXM4-40GB MIG 4g.20gb (0),1,,13,cupy_copy__complex64_complex64
4644753086,3104,300827,103,1,1,128,1,1,16,0.000,0.000,,,,,NVIDIA A100-SXM4-40GB MIG 4g.20gb (0),1,,13,cupy_copy__complex64_complex64
4644769182,2528,300834,35,1,1,128,1,1,16,0.000,0.000,,,,,NVIDIA A100-SXM4-40GB MIG 4g.20gb (0),1,,13,cupy_copy__complex64_complex64
4644785853,2144,300841,1,1,1,1,1,1,18,0.000,0.000,,,,,NVIDIA A100-SXM4-40GB MIG 4g.20gb (0),1,,13,cupy_copy__float32_float32
4644917372,92639,300852,1,1,1,32,32,1,30,0.000,0.000,,,,,NVIDIA A100-SXM4-40GB MIG 4g.20gb (0),1,,13,"void convert_kernel<__half2, float2>(tensor_layout_any, T1 *, tensor_layout_any, const T2 *)"
4645038362,6080,300855,,,,,,,,,,0.094,15410.462,Pinned,Device,NVIDIA A100-SXM4-40GB MIG 4g.20gb (0),1,,13,[CUDA memcpy Host-to-Device]
4645054650,3328,300856,,,,,,,,,,1.547,464729.580,Device,,NVIDIA A100-SXM4-40GB MIG 4g.20gb (0),1,,13,[CUDA memset]
4645059450,3392,300861,,,,,,,,,,0.031,9226.405,Pinned,Device,NVIDIA A100-SXM4-40GB MIG 4g.20gb (0),1,,13,[CUDA memcpy Host-to-Device]
4645065722,9440,300862,,,,,,,,,,0.197,20827.079,Pinned,Device,NVIDIA A100-SXM4-40GB MIG 4g.20gb (0),1,,13,[CUDA memcpy Host-to-Device]
4645081370,7360,300863,273,1,1,8,4,1,39,0.002,0.000,,,,,NVIDIA A100-SXM4-40GB MIG 4g.20gb (0),1,,13,"void channel_eq::eqMmseCoefCompLowMimoKernel<float, float, float, (unsigned int)4, (unsigned int)1, (unsigned int)4>(const channel_eq::_puschRxChEqStatDescr *, channel_eq::_puschRxChEqCoefCompDynDescr)"
4645089850,5984,300864,273,1,1,12,11,1,51,0.002,0.000,,,,,NVIDIA A100-SXM4-40GB MIG 4g.20gb (0),1,,13,"void channel_eq::eqMmseSoftDemapKernel<float, __half, __half, float, (unsigned int)4, (unsigned short)16383>(channel_eq::_puschRxChEqStatDescr *, channel_eq::_puschRxChEqSoftDemapDynDescr)"
4645096986,294844,300865,1,1,1,32,32,1,30,0.000,0.000,,,,,NVIDIA A100-SXM4-40GB MIG 4g.20gb (0),1,,13,"void convert_kernel<float2, __half2>(tensor_layout_any, T1 *, tensor_layout_any, const T2 *)"
4645392982,10976,300877,2253,1,1,128,1,1,16,0.000,0.000,,,,,NVIDIA A100-SXM4-40GB MIG 4g.20gb (0),1,,13,cupy_copy__float16_float16
4645408086,3296,300886,282,1,1,128,1,1,16,0.000,0.000,,,,,NVIDIA A100-SXM4-40GB MIG 4g.20gb (0),1,,13,cupy_copy__complex64_complex64
4645413910,2016,300895,26,1,1,128,1,1,16,0.000,0.000,,,,,NVIDIA A100-SXM4-40GB MIG 4g.20gb (0),1,,13,cupy_copy__float32_float32
4645418486,3168,300904,103,1,1,128,1,1,16,0.000,0.000,,,,,NVIDIA A100-SXM4-40GB MIG 4g.20gb (0),1,,13,cupy_copy__complex64_complex64
4645424886,11999,300914,1434,1,1,128,1,1,16,0.000,0.000,,,,,NVIDIA A100-SXM4-40GB MIG 4g.20gb (0),1,,13,cupy_copy__complex64_complex64
4645441781,81855,300919,1,1,1,32,32,1,30,0.000,0.000,,,,,NVIDIA A100-SXM4-40GB MIG 4g.20gb (0),1,,13,"void convert_kernel<__half2, float2>(tensor_layout_any, T1 *, tensor_layout_any, const T2 *)"
4645551380,5792,300922,,,,,,,,,,0.094,16176.708,Pinned,Device,NVIDIA A100-SXM4-40GB MIG 4g.20gb (0),1,,13,[CUDA memcpy Host-to-Device]
4645562132,598265,300923,,,,,,,,,,456.561,762914.166,Device,,NVIDIA A100-SXM4-40GB MIG 4g.20gb (0),1,,13,[CUDA memset]
4646166092,168318,300928,,,,,,,,,,1.235,7336.802,Pinned,Device,NVIDIA A100-SXM4-40GB MIG 4g.20gb (0),1,,13,[CUDA memcpy Host-to-Device]
4646346570,42976,300929,,,,,,,,,,0.197,4574.675,Pinned,Device,NVIDIA A100-SXM4-40GB MIG 4g.20gb (0),1,,13,[CUDA memcpy Host-to-Device]
4646414857,8160,300930,69,4,1,48,1,1,76,0.002,0.000,,,,,NVIDIA A100-SXM4-40GB MIG 4g.20gb (0),1,,13,"void ch_est::windowedChEstPreNoDftSOfdmKernel<float, __half, float, (unsigned int)2, (unsigned int)1, (unsigned short)4>(ch_est::puschRxChEstStatDescr_t *, ch_est::puschRxChEstDynDescr_t *)"
4646433897,6656,300931,137,2,1,24,2,1,44,0.001,0.001,,,,,NVIDIA A100-SXM4-40GB MIG 4g.20gb (0),1,,13,"void ch_est::chEstFilterNoDftSOfdmDispatchKernel<float, __half, float, (unsigned int)2>(ch_est::puschRxChEstStatDescr_t *, ch_est::puschRxChEstDynDescr_t *)"
4646449641,4768,300932,137,2,1,24,2,1,44,0.001,0.001,,,,,NVIDIA A100-SXM4-40GB MIG 4g.20gb (0),1,,13,"void ch_est::chEstFilterNoDftSOfdmDispatchKernel<float, __half, float, (unsigned int)2>(ch_est::puschRxChEstStatDescr_t *, ch_est::puschRxChEstDynDescr_t *)"
4646465161,2528,300943,103,1,1,128,1,1,16,0.000,0.000,,,,,NVIDIA A100-SXM4-40GB MIG 4g.20gb (0),1,,13,cupy_copy__complex64_complex64
4646476393,12543,300953,1434,1,1,128,1,1,16,0.000,0.000,,,,,NVIDIA A100-SXM4-40GB MIG 4g.20gb (0),1,,13,cupy_copy__complex64_complex64
4646512552,2624,300960,103,1,1,128,1,1,16,0.000,0.000,,,,,NVIDIA A100-SXM4-40GB MIG 4g.20gb (0),1,,13,cupy_copy__complex64_complex64
4646529064,84383,300967,1,1,1,32,32,1,30,0.000,0.000,,,,,NVIDIA A100-SXM4-40GB MIG 4g.20gb (0),1,,13,"void convert_kernel<__half2, float2>(tensor_layout_any, T1 *, tensor_layout_any, const T2 *)"
4646645511,19839,300970,,,,,,,,,,0.094,4722.747,Pinned,Device,NVIDIA A100-SXM4-40GB MIG 4g.20gb (0),1,,13,[CUDA memcpy Host-to-Device]
4646688998,47679,300971,,,,,,,,,,35.810,751041.452,Device,,NVIDIA A100-SXM4-40GB MIG 4g.20gb (0),1,,13,[CUDA memset]
4646740581,12800,300973,,,,,,,,,,0.000,6.250,Pinned,Device,NVIDIA A100-SXM4-40GB MIG 4g.20gb (0),1,,13,[CUDA memcpy Host-to-Device]
4646763749,33088,300974,,,,,,,,,,0.197,5941.887,Pinned,Device,NVIDIA A100-SXM4-40GB MIG 4g.20gb (0),1,,13,[CUDA memcpy Host-to-Device]
4646817604,10080,300975,273,1,1,48,1,1,40,0.000,0.001,,,,,NVIDIA A100-SXM4-40GB MIG 4g.20gb (0),1,,13,"void pusch_noise_intf_est::noiseIntfEstNoDftSOfdmKernel<float, __half, float, float, (unsigned int)2, (unsigned int)1, (unsigned char)4, (unsigned char)4>(pusch_noise_intf_est::puschRxNoiseIntfEstDynDescr)"
4646834404,2752,300986,35,1,1,128,1,1,16,0.000,0.000,,,,,NVIDIA A100-SXM4-40GB MIG 4g.20gb (0),1,,13,cupy_copy__complex64_complex64
4646851108,1760,300995,1,1,1,1,1,1,18,0.000,0.000,,,,,NVIDIA A100-SXM4-40GB MIG 4g.20gb (0),1,,13,cupy_copy__float32_float32
4646859332,8192,301001,,,,,,,,,,0.000,0.488,Device,Pageable,NVIDIA A100-SXM4-40GB MIG 4g.20gb (0),1,,7,[CUDA memcpy Device-to-Host]
4646956035,13248,301012,1434,1,1,128,1,1,16,0.000,0.000,,,,,NVIDIA A100-SXM4-40GB MIG 4g.20gb (0),1,,13,cupy_copy__complex64_complex64
4646971971,2591,301019,103,1,1,128,1,1,16,0.000,0.000,,,,,NVIDIA A100-SXM4-40GB MIG 4g.20gb (0),1,,13,cupy_copy__complex64_complex64
4646997410,2336,301026,35,1,1,128,1,1,16,0.000,0.000,,,,,NVIDIA A100-SXM4-40GB MIG 4g.20gb (0),1,,13,cupy_copy__complex64_complex64
4647017282,1888,301033,1,1,1,1,1,1,18,0.000,0.000,,,,,NVIDIA A100-SXM4-40GB MIG 4g.20gb (0),1,,13,cupy_copy__float32_float32
4647143168,89631,301044,1,1,1,32,32,1,30,0.000,0.000,,,,,NVIDIA A100-SXM4-40GB MIG 4g.20gb (0),1,,13,"void convert_kernel<__half2, float2>(tensor_layout_any, T1 *, tensor_layout_any, const T2 *)"
4647263551,13184,301047,,,,,,,,,,0.094,7106.748,Pinned,Device,NVIDIA A100-SXM4-40GB MIG 4g.20gb (0),1,,13,[CUDA memcpy Host-to-Device]
4647281471,3584,301048,,,,,,,,,,1.547,431534.389,Device,,NVIDIA A100-SXM4-40GB MIG 4g.20gb (0),1,,13,[CUDA memset]
4647291455,6879,301053,,,,,,,,,,0.031,4549.468,Pinned,Device,NVIDIA A100-SXM4-40GB MIG 4g.20gb (0),1,,13,[CUDA memcpy Host-to-Device]
4647300958,14432,301054,,,,,,,,,,0.197,13622.968,Pinned,Device,NVIDIA A100-SXM4-40GB MIG 4g.20gb (0),1,,13,[CUDA memcpy Host-to-Device]
4647330814,7904,301055,273,1,1,8,4,1,39,0.002,0.000,,,,,NVIDIA A100-SXM4-40GB MIG 4g.20gb (0),1,,13,"void channel_eq::eqMmseCoefCompLowMimoKernel<float, float, float, (unsigned int)4, (unsigned int)1, (unsigned int)4>(const channel_eq::_puschRxChEqStatDescr *, channel_eq::_puschRxChEqCoefCompDynDescr)"
4647345502,7648,301056,273,1,1,12,11,1,51,0.002,0.000,,,,,NVIDIA A100-SXM4-40GB MIG 4g.20gb (0),1,,13,"void channel_eq::eqMmseSoftDemapKernel<float, __half, __half, float, (unsigned int)4, (unsigned short)16383>(channel_eq::_puschRxChEqStatDescr *, channel_eq::_puschRxChEqSoftDemapDynDescr)"
4647360286,290044,301057,1,1,1,32,32,1,30,0.000,0.000,,,,,NVIDIA A100-SXM4-40GB MIG 4g.20gb (0),1,,13,"void convert_kernel<float2, __half2>(tensor_layout_any, T1 *, tensor_layout_any, const T2 *)"
4647651354,11008,301069,2253,1,1,128,1,1,16,0.000,0.000,,,,,NVIDIA A100-SXM4-40GB MIG 4g.20gb (0),1,,13,cupy_copy__float16_float16
4647668026,3520,301078,282,1,1,128,1,1,16,0.000,0.000,,,,,NVIDIA A100-SXM4-40GB MIG 4g.20gb (0),1,,13,cupy_copy__complex64_complex64
4647672922,2176,301087,26,1,1,128,1,1,16,0.000,0.000,,,,,NVIDIA A100-SXM4-40GB MIG 4g.20gb (0),1,,13,cupy_copy__float32_float32
4647676250,2912,301096,103,1,1,128,1,1,16,0.000,0.000,,,,,NVIDIA A100-SXM4-40GB MIG 4g.20gb (0),1,,13,cupy_copy__complex64_complex64
4647680762,12224,301106,1434,1,1,128,1,1,16,0.000,0.000,,,,,NVIDIA A100-SXM4-40GB MIG 4g.20gb (0),1,,13,cupy_copy__complex64_complex64
4647697626,83071,301111,1,1,1,32,32,1,30,0.000,0.000,,,,,NVIDIA A100-SXM4-40GB MIG 4g.20gb (0),1,,13,"void convert_kernel<__half2, float2>(tensor_layout_any, T1 *, tensor_layout_any, const T2 *)"
4647807384,5664,301114,,,,,,,,,,0.094,16542.310,Pinned,Device,NVIDIA A100-SXM4-40GB MIG 4g.20gb (0),1,,13,[CUDA memcpy Host-to-Device]
4647818200,596953,301115,,,,,,,,,,456.561,764740.412,Device,,NVIDIA A100-SXM4-40GB MIG 4g.20gb (0),1,,13,[CUDA memset]
4648419889,77535,301120,,,,,,,,,,1.235,15927.073,Pinned,Device,NVIDIA A100-SXM4-40GB MIG 4g.20gb (0),1,,13,[CUDA memcpy Host-to-Device]
4648503568,20863,301121,,,,,,,,,,0.197,9423.618,Pinned,Device,NVIDIA A100-SXM4-40GB MIG 4g.20gb (0),1,,13,[CUDA memcpy Host-to-Device]
4648534735,8096,301122,69,4,1,48,1,1,76,0.002,0.000,,,,,NVIDIA A100-SXM4-40GB MIG 4g.20gb (0),1,,13,"void ch_est::windowedChEstPreNoDftSOfdmKernel<float, __half, float, (unsigned int)2, (unsigned int)1, (unsigned short)4>(ch_est::puschRxChEstStatDescr_t *, ch_est::puschRxChEstDynDescr_t *)"
4648545071,7424,301123,137,2,1,24,2,1,44,0.001,0.001,,,,,NVIDIA A100-SXM4-40GB MIG 4g.20gb (0),1,,13,"void ch_est::chEstFilterNoDftSOfdmDispatchKernel<float, __half, float, (unsigned int)2>(ch_est::puschRxChEstStatDescr_t *, ch_est::puschRxChEstDynDescr_t *)"
4648562191,6368,301124,137,2,1,24,2,1,44,0.001,0.001,,,,,NVIDIA A100-SXM4-40GB MIG 4g.20gb (0),1,,13,"void ch_est::chEstFilterNoDftSOfdmDispatchKernel<float, __half, float, (unsigned int)2>(ch_est::puschRxChEstStatDescr_t *, ch_est::puschRxChEstDynDescr_t *)"
4648571023,2880,301135,103,1,1,128,1,1,16,0.000,0.000,,,,,NVIDIA A100-SXM4-40GB MIG 4g.20gb (0),1,,13,cupy_copy__complex64_complex64
4648580815,12480,301145,1434,1,1,128,1,1,16,0.000,0.000,,,,,NVIDIA A100-SXM4-40GB MIG 4g.20gb (0),1,,13,cupy_copy__complex64_complex64
4648597806,2944,301152,103,1,1,128,1,1,16,0.000,0.000,,,,,NVIDIA A100-SXM4-40GB MIG 4g.20gb (0),1,,13,cupy_copy__complex64_complex64
4648608942,84575,301159,1,1,1,32,32,1,30,0.000,0.000,,,,,NVIDIA A100-SXM4-40GB MIG 4g.20gb (0),1,,13,"void convert_kernel<__half2, float2>(tensor_layout_any, T1 *, tensor_layout_any, const T2 *)"
4648722349,8800,301162,,,,,,,,,,0.094,10647.239,Pinned,Device,NVIDIA A100-SXM4-40GB MIG 4g.20gb (0),1,,13,[CUDA memcpy Host-to-Device]
4648736173,47359,301163,,,,,,,,,,35.810,756126.461,Device,,NVIDIA A100-SXM4-40GB MIG 4g.20gb (0),1,,13,[CUDA memset]
4648789548,8544,301165,,,,,,,,,,0.000,9.363,Pinned,Device,NVIDIA A100-SXM4-40GB MIG 4g.20gb (0),1,,13,[CUDA memcpy Host-to-Device]
4648803404,21312,301166,,,,,,,,,,0.197,9225.044,Pinned,Device,NVIDIA A100-SXM4-40GB MIG 4g.20gb (0),1,,13,[CUDA memcpy Host-to-Device]
4648841131,9536,301167,273,1,1,48,1,1,40,0.000,0.001,,,,,NVIDIA A100-SXM4-40GB MIG 4g.20gb (0),1,,13,"void pusch_noise_intf_est::noiseIntfEstNoDftSOfdmKernel<float, __half, float, float, (unsigned int)2, (unsigned int)1, (unsigned char)4, (unsigned char)4>(pusch_noise_intf_est::puschRxNoiseIntfEstDynDescr)"
4648860203,2720,301178,35,1,1,128,1,1,16,0.000,0.000,,,,,NVIDIA A100-SXM4-40GB MIG 4g.20gb (0),1,,13,cupy_copy__complex64_complex64
4648870699,1888,301187,1,1,1,1,1,1,18,0.000,0.000,,,,,NVIDIA A100-SXM4-40GB MIG 4g.20gb (0),1,,13,cupy_copy__float32_float32
4648876971,7520,301193,,,,,,,,,,0.000,0.532,Device,Pageable,NVIDIA A100-SXM4-40GB MIG 4g.20gb (0),1,,7,[CUDA memcpy Device-to-Host]
4648950730,12864,301204,1434,1,1,128,1,1,16,0.000,0.000,,,,,NVIDIA A100-SXM4-40GB MIG 4g.20gb (0),1,,13,cupy_copy__complex64_complex64
4648979082,3616,301211,103,1,1,128,1,1,16,0.000,0.000,,,,,NVIDIA A100-SXM4-40GB MIG 4g.20gb (0),1,,13,cupy_copy__complex64_complex64
4648997130,2720,301218,35,1,1,128,1,1,16,0.000,0.000,,,,,NVIDIA A100-SXM4-40GB MIG 4g.20gb (0),1,,13,cupy_copy__complex64_complex64
4649013929,1760,301225,1,1,1,1,1,1,18,0.000,0.000,,,,,NVIDIA A100-SXM4-40GB MIG 4g.20gb (0),1,,13,cupy_copy__float32_float32
4649147848,81311,301236,1,1,1,32,32,1,30,0.000,0.000,,,,,NVIDIA A100-SXM4-40GB MIG 4g.20gb (0),1,,13,"void convert_kernel<__half2, float2>(tensor_layout_any, T1 *, tensor_layout_any, const T2 *)"
4649257222,5696,301239,,,,,,,,,,0.094,16449.363,Pinned,Device,NVIDIA A100-SXM4-40GB MIG 4g.20gb (0),1,,13,[CUDA memcpy Host-to-Device]
4649272038,3392,301240,,,,,,,,,,1.547,455961.768,Device,,NVIDIA A100-SXM4-40GB MIG 4g.20gb (0),1,,13,[CUDA memset]
4649279782,3392,301245,,,,,,,,,,0.031,9226.405,Pinned,Device,NVIDIA A100-SXM4-40GB MIG 4g.20gb (0),1,,13,[CUDA memcpy Host-to-Device]
4649285926,9856,301246,,,,,,,,,,0.197,19948.044,Pinned,Device,NVIDIA A100-SXM4-40GB MIG 4g.20gb (0),1,,13,[CUDA memcpy Host-to-Device]
4649301062,6528,301247,273,1,1,8,4,1,39,0.002,0.000,,,,,NVIDIA A100-SXM4-40GB MIG 4g.20gb (0),1,,13,"void channel_eq::eqMmseCoefCompLowMimoKernel<float, float, float, (unsigned int)4, (unsigned int)1, (unsigned int)4>(const channel_eq::_puschRxChEqStatDescr *, channel_eq::_puschRxChEqCoefCompDynDescr)"
4649310598,6112,301248,273,1,1,12,11,1,51,0.002,0.000,,,,,NVIDIA A100-SXM4-40GB MIG 4g.20gb (0),1,,13,"void channel_eq::eqMmseSoftDemapKernel<float, __half, __half, float, (unsigned int)4, (unsigned short)16383>(channel_eq::_puschRxChEqStatDescr *, channel_eq::_puschRxChEqSoftDemapDynDescr)"
4649318438,282460,301249,1,1,1,32,32,1,30,0.000,0.000,,,,,NVIDIA A100-SXM4-40GB MIG 4g.20gb (0),1,,13,"void convert_kernel<float2, __half2>(tensor_layout_any, T1 *, tensor_layout_any, const T2 *)"
4649603650,11040,301261,2253,1,1,128,1,1,16,0.000,0.000,,,,,NVIDIA A100-SXM4-40GB MIG 4g.20gb (0),1,,13,cupy_copy__float16_float16
4649616770,3712,301270,282,1,1,128,1,1,16,0.000,0.000,,,,,NVIDIA A100-SXM4-40GB MIG 4g.20gb (0),1,,13,cupy_copy__complex64_complex64
4649623330,2144,301279,26,1,1,128,1,1,16,0.000,0.000,,,,,NVIDIA A100-SXM4-40GB MIG 4g.20gb (0),1,,13,cupy_copy__float32_float32
4649626914,2944,301288,103,1,1,128,1,1,16,0.000,0.000,,,,,NVIDIA A100-SXM4-40GB MIG 4g.20gb (0),1,,13,cupy_copy__complex64_complex64
4649632770,11936,301298,1434,1,1,128,1,1,16,0.000,0.000,,,,,NVIDIA A100-SXM4-40GB MIG 4g.20gb (0),1,,13,cupy_copy__complex64_complex64
4649647906,86782,301303,1,1,1,32,32,1,30,0.000,0.000,,,,,NVIDIA A100-SXM4-40GB MIG 4g.20gb (0),1,,13,"void convert_kernel<__half2, float2>(tensor_layout_any, T1 *, tensor_layout_any, const T2 *)"
4649761856,5760,301306,,,,,,,,,,0.094,16266.656,Pinned,Device,NVIDIA A100-SXM4-40GB MIG 4g.20gb (0),1,,13,[CUDA memcpy Host-to-Device]
4649771392,599161,301307,,,,,,,,,,456.561,762001.043,Device,,NVIDIA A100-SXM4-40GB MIG 4g.20gb (0),1,,13,[CUDA memset]
4650376025,153278,301312,,,,,,,,,,1.235,8056.775,Pinned,Device,NVIDIA A100-SXM4-40GB MIG 4g.20gb (0),1,,13,[CUDA memcpy Host-to-Device]
4650538231,22751,301313,,,,,,,,,,0.197,8641.708,Pinned,Device,NVIDIA A100-SXM4-40GB MIG 4g.20gb (0),1,,13,[CUDA memcpy Host-to-Device]
4650571286,8608,301314,69,4,1,48,1,1,76,0.002,0.000,,,,,NVIDIA A100-SXM4-40GB MIG 4g.20gb (0),1,,13,"void ch_est::windowedChEstPreNoDftSOfdmKernel<float, __half, float, (unsigned int)2, (unsigned int)1, (unsigned short)4>(ch_est::puschRxChEstStatDescr_t *, ch_est::puschRxChEstDynDescr_t *)"
4650588982,6080,301315,137,2,1,24,2,1,44,0.001,0.001,,,,,NVIDIA A100-SXM4-40GB MIG 4g.20gb (0),1,,13,"void ch_est::chEstFilterNoDftSOfdmDispatchKernel<float, __half, float, (unsigned int)2>(ch_est::puschRxChEstStatDescr_t *, ch_est::puschRxChEstDynDescr_t *)"
4650603126,5216,301316,137,2,1,24,2,1,44,0.001,0.001,,,,,NVIDIA A100-SXM4-40GB MIG 4g.20gb (0),1,,13,"void ch_est::chEstFilterNoDftSOfdmDispatchKernel<float, __half, float, (unsigned int)2>(ch_est::puschRxChEstStatDescr_t *, ch_est::puschRxChEstDynDescr_t *)"
4650611414,2720,301327,103,1,1,128,1,1,16,0.000,0.000,,,,,NVIDIA A100-SXM4-40GB MIG 4g.20gb (0),1,,13,cupy_copy__complex64_complex64
4650619158,13247,301337,1434,1,1,128,1,1,16,0.000,0.000,,,,,NVIDIA A100-SXM4-40GB MIG 4g.20gb (0),1,,13,cupy_copy__complex64_complex64
4650634709,3136,301344,103,1,1,128,1,1,16,0.000,0.000,,,,,NVIDIA A100-SXM4-40GB MIG 4g.20gb (0),1,,13,cupy_copy__complex64_complex64
4650643125,82559,301351,1,1,1,32,32,1,30,0.000,0.000,,,,,NVIDIA A100-SXM4-40GB MIG 4g.20gb (0),1,,13,"void convert_kernel<__half2, float2>(tensor_layout_any, T1 *, tensor_layout_any, const T2 *)"
4650755028,10432,301354,,,,,,,,,,0.094,8981.511,Pinned,Device,NVIDIA A100-SXM4-40GB MIG 4g.20gb (0),1,,13,[CUDA memcpy Host-to-Device]
4650775764,47935,301355,,,,,,,,,,35.810,747030.741,Device,,NVIDIA A100-SXM4-40GB MIG 4g.20gb (0),1,,13,[CUDA memset]
4650829331,3264,301357,,,,,,,,,,0.000,24.510,Pinned,Device,NVIDIA A100-SXM4-40GB MIG 4g.20gb (0),1,,13,[CUDA memcpy Host-to-Device]
4650841107,25344,301358,,,,,,,,,,0.197,7757.562,Pinned,Device,NVIDIA A100-SXM4-40GB MIG 4g.20gb (0),1,,13,[CUDA memcpy Host-to-Device]
4650878386,12256,301359,273,1,1,48,1,1,40,0.000,0.001,,,,,NVIDIA A100-SXM4-40GB MIG 4g.20gb (0),1,,13,"void pusch_noise_intf_est::noiseIntfEstNoDftSOfdmKernel<float, __half, float, float, (unsigned int)2, (unsigned int)1, (unsigned char)4, (unsigned char)4>(pusch_noise_intf_est::puschRxNoiseIntfEstDynDescr)"
4650896306,2720,301370,35,1,1,128,1,1,16,0.000,0.000,,,,,NVIDIA A100-SXM4-40GB MIG 4g.20gb (0),1,,13,cupy_copy__complex64_complex64
4650907410,1696,301379,1,1,1,1,1,1,18,0.000,0.000,,,,,NVIDIA A100-SXM4-40GB MIG 4g.20gb (0),1,,13,cupy_copy__float32_float32
4650923666,7552,301385,,,,,,,,,,0.000,0.530,Device,Pageable,NVIDIA A100-SXM4-40GB MIG 4g.20gb (0),1,,7,[CUDA memcpy Device-to-Host]
4651005905,13472,301396,1434,1,1,128,1,1,16,0.000,0.000,,,,,NVIDIA A100-SXM4-40GB MIG 4g.20gb (0),1,,13,cupy_copy__complex64_complex64
4651035536,2880,301403,103,1,1,128,1,1,16,0.000,0.000,,,,,NVIDIA A100-SXM4-40GB MIG 4g.20gb (0),1,,13,cupy_copy__complex64_complex64
4651054448,2752,301410,35,1,1,128,1,1,16,0.000,0.000,,,,,NVIDIA A100-SXM4-40GB MIG 4g.20gb (0),1,,13,cupy_copy__complex64_complex64
4651073744,1824,301417,1,1,1,1,1,1,18,0.000,0.000,,,,,NVIDIA A100-SXM4-40GB MIG 4g.20gb (0),1,,13,cupy_copy__float32_float32
4651200686,89023,301428,1,1,1,32,32,1,30,0.000,0.000,,,,,NVIDIA A100-SXM4-40GB MIG 4g.20gb (0),1,,13,"void convert_kernel<__half2, float2>(tensor_layout_any, T1 *, tensor_layout_any, const T2 *)"
4651317677,5920,301431,,,,,,,,,,0.094,15826.941,Pinned,Device,NVIDIA A100-SXM4-40GB MIG 4g.20gb (0),1,,13,[CUDA memcpy Host-to-Device]
4651331661,3392,301432,,,,,,,,,,1.547,455961.768,Device,,NVIDIA A100-SXM4-40GB MIG 4g.20gb (0),1,,13,[CUDA memset]
4651340749,3168,301437,,,,,,,,,,0.031,9878.770,Pinned,Device,NVIDIA A100-SXM4-40GB MIG 4g.20gb (0),1,,13,[CUDA memcpy Host-to-Device]
4651346637,10111,301438,,,,,,,,,,0.197,19444.924,Pinned,Device,NVIDIA A100-SXM4-40GB MIG 4g.20gb (0),1,,13,[CUDA memcpy Host-to-Device]
4651362700,6816,301439,273,1,1,8,4,1,39,0.002,0.000,,,,,NVIDIA A100-SXM4-40GB MIG 4g.20gb (0),1,,13,"void channel_eq::eqMmseCoefCompLowMimoKernel<float, float, float, (unsigned int)4, (unsigned int)1, (unsigned int)4>(const channel_eq::_puschRxChEqStatDescr *, channel_eq::_puschRxChEqCoefCompDynDescr)"
4651371948,6112,301440,273,1,1,12,11,1,51,0.002,0.000,,,,,NVIDIA A100-SXM4-40GB MIG 4g.20gb (0),1,,13,"void channel_eq::eqMmseSoftDemapKernel<float, __half, __half, float, (unsigned int)4, (unsigned short)16383>(channel_eq::_puschRxChEqStatDescr *, channel_eq::_puschRxChEqSoftDemapDynDescr)"
4651379308,281981,301441,1,1,1,32,32,1,30,0.000,0.000,,,,,NVIDIA A100-SXM4-40GB MIG 4g.20gb (0),1,,13,"void convert_kernel<float2, __half2>(tensor_layout_any, T1 *, tensor_layout_any, const T2 *)"
4651663465,11040,301453,2253,1,1,128,1,1,16,0.000,0.000,,,,,NVIDIA A100-SXM4-40GB MIG 4g.20gb (0),1,,13,cupy_copy__float16_float16
4651677225,3711,301462,282,1,1,128,1,1,16,0.000,0.000,,,,,NVIDIA A100-SXM4-40GB MIG 4g.20gb (0),1,,13,cupy_copy__complex64_complex64
4651683688,3456,301471,26,1,1,128,1,1,16,0.000,0.000,,,,,NVIDIA A100-SXM4-40GB MIG 4g.20gb (0),1,,13,cupy_copy__float32_float32
4651689224,4544,301480,103,1,1,128,1,1,16,0.000,0.000,,,,,NVIDIA A100-SXM4-40GB MIG 4g.20gb (0),1,,13,cupy_copy__complex64_complex64
4651696232,12064,301490,1434,1,1,128,1,1,16,0.000,0.000,,,,,NVIDIA A100-SXM4-40GB MIG 4g.20gb (0),1,,13,cupy_copy__complex64_complex64
4651712680,82495,301495,1,1,1,32,32,1,30,0.000,0.000,,,,,NVIDIA A100-SXM4-40GB MIG 4g.20gb (0),1,,13,"void convert_kernel<__half2, float2>(tensor_layout_any, T1 *, tensor_layout_any, const T2 *)"
4651821863,5984,301498,,,,,,,,,,0.094,15657.726,Pinned,Device,NVIDIA A100-SXM4-40GB MIG 4g.20gb (0),1,,13,[CUDA memcpy Host-to-Device]
4651834695,598392,301499,,,,,,,,,,456.561,762914.166,Device,,NVIDIA A100-SXM4-40GB MIG 4g.20gb (0),1,,13,[CUDA memset]
4652434559,140766,301504,,,,,,,,,,1.235,8771.807,Pinned,Device,NVIDIA A100-SXM4-40GB MIG 4g.20gb (0),1,,13,[CUDA memcpy Host-to-Device]
4652586781,39456,301505,,,,,,,,,,0.197,4982.833,Pinned,Device,NVIDIA A100-SXM4-40GB MIG 4g.20gb (0),1,,13,[CUDA memcpy Host-to-Device]
4652652413,7967,301506,69,4,1,48,1,1,76,0.002,0.000,,,,,NVIDIA A100-SXM4-40GB MIG 4g.20gb (0),1,,13,"void ch_est::windowedChEstPreNoDftSOfdmKernel<float, __half, float, (unsigned int)2, (unsigned int)1, (unsigned short)4>(ch_est::puschRxChEstStatDescr_t *, ch_est::puschRxChEstDynDescr_t *)"
4652668124,6752,301507,137,2,1,24,2,1,44,0.001,0.001,,,,,NVIDIA A100-SXM4-40GB MIG 4g.20gb (0),1,,13,"void ch_est::chEstFilterNoDftSOfdmDispatchKernel<float, __half, float, (unsigned int)2>(ch_est::puschRxChEstStatDescr_t *, ch_est::puschRxChEstDynDescr_t *)"
4652682396,4768,301508,137,2,1,24,2,1,44,0.001,0.001,,,,,NVIDIA A100-SXM4-40GB MIG 4g.20gb (0),1,,13,"void ch_est::chEstFilterNoDftSOfdmDispatchKernel<float, __half, float, (unsigned int)2>(ch_est::puschRxChEstStatDescr_t *, ch_est::puschRxChEstDynDescr_t *)"
4652696092,2528,301519,103,1,1,128,1,1,16,0.000,0.000,,,,,NVIDIA A100-SXM4-40GB MIG 4g.20gb (0),1,,13,cupy_copy__complex64_complex64
4652711580,12960,301529,1434,1,1,128,1,1,16,0.000,0.000,,,,,NVIDIA A100-SXM4-40GB MIG 4g.20gb (0),1,,13,cupy_copy__complex64_complex64
4652741243,2592,301536,103,1,1,128,1,1,16,0.000,0.000,,,,,NVIDIA A100-SXM4-40GB MIG 4g.20gb (0),1,,13,cupy_copy__complex64_complex64
4652752475,82239,301543,1,1,1,32,32,1,30,0.000,0.000,,,,,NVIDIA A100-SXM4-40GB MIG 4g.20gb (0),1,,13,"void convert_kernel<__half2, float2>(tensor_layout_any, T1 *, tensor_layout_any, const T2 *)"
4652862042,5696,301546,,,,,,,,,,0.094,16449.363,Pinned,Device,NVIDIA A100-SXM4-40GB MIG 4g.20gb (0),1,,13,[CUDA memcpy Host-to-Device]
4652873562,47231,301547,,,,,,,,,,35.810,758167.626,Device,,NVIDIA A100-SXM4-40GB MIG 4g.20gb (0),1,,13,[CUDA memset]
4652926457,3168,301549,,,,,,,,,,0.000,25.252,Pinned,Device,NVIDIA A100-SXM4-40GB MIG 4g.20gb (0),1,,13,[CUDA memcpy Host-to-Device]
4652933369,15008,301550,,,,,,,,,,0.197,13100.188,Pinned,Device,NVIDIA A100-SXM4-40GB MIG 4g.20gb (0),1,,13,[CUDA memcpy Host-to-Device]
4652957561,10336,301551,273,1,1,48,1,1,40,0.000,0.001,,,,,NVIDIA A100-SXM4-40GB MIG 4g.20gb (0),1,,13,"void pusch_noise_intf_est::noiseIntfEstNoDftSOfdmKernel<float, __half, float, float, (unsigned int)2, (unsigned int)1, (unsigned char)4, (unsigned char)4>(pusch_noise_intf_est::puschRxNoiseIntfEstDynDescr)"
4652971705,2816,301562,35,1,1,128,1,1,16,0.000,0.000,,,,,NVIDIA A100-SXM4-40GB MIG 4g.20gb (0),1,,13,cupy_copy__complex64_complex64
4652984536,2048,301571,1,1,1,1,1,1,18,0.000,0.000,,,,,NVIDIA A100-SXM4-40GB MIG 4g.20gb (0),1,,13,cupy_copy__float32_float32
4653013272,1600,301577,,,,,,,,,,0.000,2.500,Device,Pageable,NVIDIA A100-SXM4-40GB MIG 4g.20gb (0),1,,7,[CUDA memcpy Device-to-Host]
4653073559,13056,301588,1434,1,1,128,1,1,16,0.000,0.000,,,,,NVIDIA A100-SXM4-40GB MIG 4g.20gb (0),1,,13,cupy_copy__complex64_complex64
4653100023,3488,301595,103,1,1,128,1,1,16,0.000,0.000,,,,,NVIDIA A100-SXM4-40GB MIG 4g.20gb (0),1,,13,cupy_copy__complex64_complex64
4653121175,2752,301602,35,1,1,128,1,1,16,0.000,0.000,,,,,NVIDIA A100-SXM4-40GB MIG 4g.20gb (0),1,,13,cupy_copy__complex64_complex64
4653139831,1791,301609,1,1,1,1,1,1,18,0.000,0.000,,,,,NVIDIA A100-SXM4-40GB MIG 4g.20gb (0),1,,13,cupy_copy__float32_float32
4653270357,82783,301620,1,1,1,32,32,1,30,0.000,0.000,,,,,NVIDIA A100-SXM4-40GB MIG 4g.20gb (0),1,,13,"void convert_kernel<__half2, float2>(tensor_layout_any, T1 *, tensor_layout_any, const T2 *)"
4653380756,5503,301623,,,,,,,,,,0.094,17026.343,Pinned,Device,NVIDIA A100-SXM4-40GB MIG 4g.20gb (0),1,,13,[CUDA memcpy Host-to-Device]
4653396979,3136,301624,,,,,,,,,,1.547,493182.821,Device,,NVIDIA A100-SXM4-40GB MIG 4g.20gb (0),1,,13,[CUDA memset]
4653402611,3200,301629,,,,,,,,,,0.031,9780.000,Pinned,Device,NVIDIA A100-SXM4-40GB MIG 4g.20gb (0),1,,13,[CUDA memcpy Host-to-Device]
4653407891,9344,301630,,,,,,,,,,0.197,21040.988,Pinned,Device,NVIDIA A100-SXM4-40GB MIG 4g.20gb (0),1,,13,[CUDA memcpy Host-to-Device]
4653422227,6400,301631,273,1,1,8,4,1,39,0.002,0.000,,,,,NVIDIA A100-SXM4-40GB MIG 4g.20gb (0),1,,13,"void channel_eq::eqMmseCoefCompLowMimoKernel<float, float, float, (unsigned int)4, (unsigned int)1, (unsigned int)4>(const channel_eq::_puschRxChEqStatDescr *, channel_eq::_puschRxChEqCoefCompDynDescr)"
4653429715,6272,301632,273,1,1,12,11,1,51,0.002,0.000,,,,,NVIDIA A100-SXM4-40GB MIG 4g.20gb (0),1,,13,"void channel_eq::eqMmseSoftDemapKernel<float, __half, __half, float, (unsigned int)4, (unsigned short)16383>(channel_eq::_puschRxChEqStatDescr *, channel_eq::_puschRxChEqSoftDemapDynDescr)"
4653438739,294268,301633,1,1,1,32,32,1,30,0.000,0.000,,,,,NVIDIA A100-SXM4-40GB MIG 4g.20gb (0),1,,13,"void convert_kernel<float2, __half2>(tensor_layout_any, T1 *, tensor_layout_any, const T2 *)"
4653734671,10976,301645,2253,1,1,128,1,1,16,0.000,0.000,,,,,NVIDIA A100-SXM4-40GB MIG 4g.20gb (0),1,,13,cupy_copy__float16_float16
4653750607,2688,301654,282,1,1,128,1,1,16,0.000,0.000,,,,,NVIDIA A100-SXM4-40GB MIG 4g.20gb (0),1,,13,cupy_copy__complex64_complex64
4653756463,2016,301663,26,1,1,128,1,1,16,0.000,0.000,,,,,NVIDIA A100-SXM4-40GB MIG 4g.20gb (0),1,,13,cupy_copy__float32_float32
4653763631,2784,301672,103,1,1,128,1,1,16,0.000,0.000,,,,,NVIDIA A100-SXM4-40GB MIG 4g.20gb (0),1,,13,cupy_copy__complex64_complex64
4653770895,12128,301682,1434,1,1,128,1,1,16,0.000,0.000,,,,,NVIDIA A100-SXM4-40GB MIG 4g.20gb (0),1,,13,cupy_copy__complex64_complex64
4653786543,86846,301687,1,1,1,32,32,1,30,0.000,0.000,,,,,NVIDIA A100-SXM4-40GB MIG 4g.20gb (0),1,,13,"void convert_kernel<__half2, float2>(tensor_layout_any, T1 *, tensor_layout_any, const T2 *)"
4653900717,5376,301690,,,,,,,,,,0.094,17428.487,Pinned,Device,NVIDIA A100-SXM4-40GB MIG 4g.20gb (0),1,,13,[CUDA memcpy Host-to-Device]
4653910541,597785,301691,,,,,,,,,,456.561,763370.728,Device,,NVIDIA A100-SXM4-40GB MIG 4g.20gb (0),1,,13,[CUDA memset]
4654512934,145950,301696,,,,,,,,,,1.235,8460.601,Pinned,Device,NVIDIA A100-SXM4-40GB MIG 4g.20gb (0),1,,13,[CUDA memcpy Host-to-Device]
4654671332,41279,301697,,,,,,,,,,0.197,4762.829,Pinned,Device,NVIDIA A100-SXM4-40GB MIG 4g.20gb (0),1,,13,[CUDA memcpy Host-to-Device]
4654730531,8224,301698,69,4,1,48,1,1,76,0.002,0.000,,,,,NVIDIA A100-SXM4-40GB MIG 4g.20gb (0),1,,13,"void ch_est::windowedChEstPreNoDftSOfdmKernel<float, __half, float, (unsigned int)2, (unsigned int)1, (unsigned short)4>(ch_est::puschRxChEstStatDescr_t *, ch_est::puschRxChEstDynDescr_t *)"
4654749667,6688,301699,137,2,1,24,2,1,44,0.001,0.001,,,,,NVIDIA A100-SXM4-40GB MIG 4g.20gb (0),1,,13,"void ch_est::chEstFilterNoDftSOfdmDispatchKernel<float, __half, float, (unsigned int)2>(ch_est::puschRxChEstStatDescr_t *, ch_est::puschRxChEstDynDescr_t *)"
4654766338,4736,301700,137,2,1,24,2,1,44,0.001,0.001,,,,,NVIDIA A100-SXM4-40GB MIG 4g.20gb (0),1,,13,"void ch_est::chEstFilterNoDftSOfdmDispatchKernel<float, __half, float, (unsigned int)2>(ch_est::puschRxChEstStatDescr_t *, ch_est::puschRxChEstDynDescr_t *)"
4654783394,2720,301711,103,1,1,128,1,1,16,0.000,0.000,,,,,NVIDIA A100-SXM4-40GB MIG 4g.20gb (0),1,,13,cupy_copy__complex64_complex64
4654800578,12288,301721,1434,1,1,128,1,1,16,0.000,0.000,,,,,NVIDIA A100-SXM4-40GB MIG 4g.20gb (0),1,,13,cupy_copy__complex64_complex64
4654821858,2880,301728,103,1,1,128,1,1,16,0.000,0.000,,,,,NVIDIA A100-SXM4-40GB MIG 4g.20gb (0),1,,13,cupy_copy__complex64_complex64
4654845889,83967,301735,1,1,1,32,32,1,30,0.000,0.000,,,,,NVIDIA A100-SXM4-40GB MIG 4g.20gb (0),1,,13,"void convert_kernel<__half2, float2>(tensor_layout_any, T1 *, tensor_layout_any, const T2 *)"
4654963008,24352,301738,,,,,,,,,,0.094,3847.533,Pinned,Device,NVIDIA A100-SXM4-40GB MIG 4g.20gb (0),1,,13,[CUDA memcpy Host-to-Device]
4655011167,47072,301739,,,,,,,,,,35.810,760745.940,Device,,NVIDIA A100-SXM4-40GB MIG 4g.20gb (0),1,,13,[CUDA memset]
4655066911,8416,301741,,,,,,,,,,0.000,9.506,Pinned,Device,NVIDIA A100-SXM4-40GB MIG 4g.20gb (0),1,,13,[CUDA memcpy Host-to-Device]
4655080159,22783,301742,,,,,,,,,,0.197,8629.518,Pinned,Device,NVIDIA A100-SXM4-40GB MIG 4g.20gb (0),1,,13,[CUDA memcpy Host-to-Device]
4655115582,9760,301743,273,1,1,48,1,1,40,0.000,0.001,,,,,NVIDIA A100-SXM4-40GB MIG 4g.20gb (0),1,,13,"void pusch_noise_intf_est::noiseIntfEstNoDftSOfdmKernel<float, __half, float, float, (unsigned int)2, (unsigned int)1, (unsigned char)4, (unsigned char)4>(pusch_noise_intf_est::puschRxNoiseIntfEstDynDescr)"
4655126878,2720,301754,35,1,1,128,1,1,16,0.000,0.000,,,,,NVIDIA A100-SXM4-40GB MIG 4g.20gb (0),1,,13,cupy_copy__complex64_complex64
4655133214,1888,301763,1,1,1,1,1,1,18,0.000,0.000,,,,,NVIDIA A100-SXM4-40GB MIG 4g.20gb (0),1,,13,cupy_copy__float32_float32
4655138270,1568,301769,,,,,,,,,,0.000,2.551,Device,Pageable,NVIDIA A100-SXM4-40GB MIG 4g.20gb (0),1,,7,[CUDA memcpy Device-to-Host]
4655199645,12864,301780,1434,1,1,128,1,1,16,0.000,0.000,,,,,NVIDIA A100-SXM4-40GB MIG 4g.20gb (0),1,,13,cupy_copy__complex64_complex64
4655228509,3072,301787,103,1,1,128,1,1,16,0.000,0.000,,,,,NVIDIA A100-SXM4-40GB MIG 4g.20gb (0),1,,13,cupy_copy__complex64_complex64
4655247293,2336,301794,35,1,1,128,1,1,16,0.000,0.000,,,,,NVIDIA A100-SXM4-40GB MIG 4g.20gb (0),1,,13,cupy_copy__complex64_complex64
4655266012,2080,301801,1,1,1,1,1,1,18,0.000,0.000,,,,,NVIDIA A100-SXM4-40GB MIG 4g.20gb (0),1,,13,cupy_copy__float32_float32
4655399675,81855,301812,1,1,1,32,32,1,30,0.000,0.000,,,,,NVIDIA A100-SXM4-40GB MIG 4g.20gb (0),1,,13,"void convert_kernel<__half2, float2>(tensor_layout_any, T1 *, tensor_layout_any, const T2 *)"
4655509465,6048,301815,,,,,,,,,,0.094,15491.978,Pinned,Device,NVIDIA A100-SXM4-40GB MIG 4g.20gb (0),1,,13,[CUDA memcpy Host-to-Device]
4655524601,3360,301816,,,,,,,,,,1.547,460304.688,Device,,NVIDIA A100-SXM4-40GB MIG 4g.20gb (0),1,,13,[CUDA memset]
4655530585,3008,301821,,,,,,,,,,0.031,10404.230,Pinned,Device,NVIDIA A100-SXM4-40GB MIG 4g.20gb (0),1,,13,[CUDA memcpy Host-to-Device]
4655536729,9504,301822,,,,,,,,,,0.197,20686.701,Pinned,Device,NVIDIA A100-SXM4-40GB MIG 4g.20gb (0),1,,13,[CUDA memcpy Host-to-Device]
4655551577,6560,301823,273,1,1,8,4,1,39,0.002,0.000,,,,,NVIDIA A100-SXM4-40GB MIG 4g.20gb (0),1,,13,"void channel_eq::eqMmseCoefCompLowMimoKernel<float, float, float, (unsigned int)4, (unsigned int)1, (unsigned int)4>(const channel_eq::_puschRxChEqStatDescr *, channel_eq::_puschRxChEqCoefCompDynDescr)"
4655559257,6080,301824,273,1,1,12,11,1,51,0.002,0.000,,,,,NVIDIA A100-SXM4-40GB MIG 4g.20gb (0),1,,13,"void channel_eq::eqMmseSoftDemapKernel<float, __half, __half, float, (unsigned int)4, (unsigned short)16383>(channel_eq::_puschRxChEqStatDescr *, channel_eq::_puschRxChEqSoftDemapDynDescr)"
4655566777,294876,301825,1,1,1,32,32,1,30,0.000,0.000,,,,,NVIDIA A100-SXM4-40GB MIG 4g.20gb (0),1,,13,"void convert_kernel<float2, __half2>(tensor_layout_any, T1 *, tensor_layout_any, const T2 *)"
4655862709,11008,301837,2253,1,1,128,1,1,16,0.000,0.000,,,,,NVIDIA A100-SXM4-40GB MIG 4g.20gb (0),1,,13,cupy_copy__float16_float16
4655877045,3424,301846,282,1,1,128,1,1,16,0.000,0.000,,,,,NVIDIA A100-SXM4-40GB MIG 4g.20gb (0),1,,13,cupy_copy__complex64_complex64
4655882069,2080,301855,26,1,1,128,1,1,16,0.000,0.000,,,,,NVIDIA A100-SXM4-40GB MIG 4g.20gb (0),1,,13,cupy_copy__float32_float32
4655885653,3328,301864,103,1,1,128,1,1,16,0.000,0.000,,,,,NVIDIA A100-SXM4-40GB MIG 4g.20gb (0),1,,13,cupy_copy__complex64_complex64
4655890069,11999,301874,1434,1,1,128,1,1,16,0.000,0.000,,,,,NVIDIA A100-SXM4-40GB MIG 4g.20gb (0),1,,13,cupy_copy__complex64_complex64
4655904532,80639,301879,1,1,1,32,32,1,30,0.000,0.000,,,,,NVIDIA A100-SXM4-40GB MIG 4g.20gb (0),1,,13,"void convert_kernel<__half2, float2>(tensor_layout_any, T1 *, tensor_layout_any, const T2 *)"
4656012339,5696,301882,,,,,,,,,,0.094,16449.363,Pinned,Device,NVIDIA A100-SXM4-40GB MIG 4g.20gb (0),1,,13,[CUDA memcpy Host-to-Device]
4656023699,597209,301883,,,,,,,,,,456.561,764283.851,Device,,NVIDIA A100-SXM4-40GB MIG 4g.20gb (0),1,,13,[CUDA memset]
4656627500,159870,301888,,,,,,,,,,1.235,7724.575,Pinned,Device,NVIDIA A100-SXM4-40GB MIG 4g.20gb (0),1,,13,[CUDA memcpy Host-to-Device]
4656798505,38272,301889,,,,,,,,,,0.197,5136.974,Pinned,Device,NVIDIA A100-SXM4-40GB MIG 4g.20gb (0),1,,13,[CUDA memcpy Host-to-Device]
4656861769,8032,301890,69,4,1,48,1,1,76,0.002,0.000,,,,,NVIDIA A100-SXM4-40GB MIG 4g.20gb (0),1,,13,"void ch_est::windowedChEstPreNoDftSOfdmKernel<float, __half, float, (unsigned int)2, (unsigned int)1, (unsigned short)4>(ch_est::puschRxChEstStatDescr_t *, ch_est::puschRxChEstDynDescr_t *)"
4656881064,6688,301891,137,2,1,24,2,1,44,0.001,0.001,,,,,NVIDIA A100-SXM4-40GB MIG 4g.20gb (0),1,,13,"void ch_est::chEstFilterNoDftSOfdmDispatchKernel<float, __half, float, (unsigned int)2>(ch_est::puschRxChEstStatDescr_t *, ch_est::puschRxChEstDynDescr_t *)"
4656898856,4736,301892,137,2,1,24,2,1,44,0.001,0.001,,,,,NVIDIA A100-SXM4-40GB MIG 4g.20gb (0),1,,13,"void ch_est::chEstFilterNoDftSOfdmDispatchKernel<float, __half, float, (unsigned int)2>(ch_est::puschRxChEstStatDescr_t *, ch_est::puschRxChEstDynDescr_t *)"
4656916072,2688,301903,103,1,1,128,1,1,16,0.000,0.000,,,,,NVIDIA A100-SXM4-40GB MIG 4g.20gb (0),1,,13,cupy_copy__complex64_complex64
4656932392,12672,301913,1434,1,1,128,1,1,16,0.000,0.000,,,,,NVIDIA A100-SXM4-40GB MIG 4g.20gb (0),1,,13,cupy_copy__complex64_complex64
4656951880,2496,301920,103,1,1,128,1,1,16,0.000,0.000,,,,,NVIDIA A100-SXM4-40GB MIG 4g.20gb (0),1,,13,cupy_copy__complex64_complex64
4656970855,93951,301927,1,1,1,32,32,1,30,0.000,0.000,,,,,NVIDIA A100-SXM4-40GB MIG 4g.20gb (0),1,,13,"void convert_kernel<__half2, float2>(tensor_layout_any, T1 *, tensor_layout_any, const T2 *)"
4657096966,27647,301930,,,,,,,,,,0.094,3388.984,Pinned,Device,NVIDIA A100-SXM4-40GB MIG 4g.20gb (0),1,,13,[CUDA memcpy Host-to-Device]
4657150213,46688,301931,,,,,,,,,,35.810,766976.867,Device,,NVIDIA A100-SXM4-40GB MIG 4g.20gb (0),1,,13,[CUDA memset]
4657201348,11936,301933,,,,,,,,,,0.000,6.702,Pinned,Device,NVIDIA A100-SXM4-40GB MIG 4g.20gb (0),1,,13,[CUDA memcpy Host-to-Device]
4657221604,32288,301934,,,,,,,,,,0.197,6089.146,Pinned,Device,NVIDIA A100-SXM4-40GB MIG 4g.20gb (0),1,,13,[CUDA memcpy Host-to-Device]
4657271332,9503,301935,273,1,1,48,1,1,40,0.000,0.001,,,,,NVIDIA A100-SXM4-40GB MIG 4g.20gb (0),1,,13,"void pusch_noise_intf_est::noiseIntfEstNoDftSOfdmKernel<float, __half, float, float, (unsigned int)2, (unsigned int)1, (unsigned char)4, (unsigned char)4>(pusch_noise_intf_est::puschRxNoiseIntfEstDynDescr)"
4657287747,2688,301946,35,1,1,128,1,1,16,0.000,0.000,,,,,NVIDIA A100-SXM4-40GB MIG 4g.20gb (0),1,,13,cupy_copy__complex64_complex64
4657304291,1760,301955,1,1,1,1,1,1,18,0.000,0.000,,,,,NVIDIA A100-SXM4-40GB MIG 4g.20gb (0),1,,13,cupy_copy__float32_float32
4657311491,8800,301961,,,,,,,,,,0.000,0.455,Device,Pageable,NVIDIA A100-SXM4-40GB MIG 4g.20gb (0),1,,7,[CUDA memcpy Device-to-Host]
4657410082,12640,301972,1434,1,1,128,1,1,16,0.000,0.000,,,,,NVIDIA A100-SXM4-40GB MIG 4g.20gb (0),1,,13,cupy_copy__complex64_complex64
4657430498,2976,301979,103,1,1,128,1,1,16,0.000,0.000,,,,,NVIDIA A100-SXM4-40GB MIG 4g.20gb (0),1,,13,cupy_copy__complex64_complex64
4657455105,2528,301986,35,1,1,128,1,1,16,0.000,0.000,,,,,NVIDIA A100-SXM4-40GB MIG 4g.20gb (0),1,,13,cupy_copy__complex64_complex64
4657458753,1696,301993,1,1,1,1,1,1,18,0.000,0.000,,,,,NVIDIA A100-SXM4-40GB MIG 4g.20gb (0),1,,13,cupy_copy__float32_float32
4657594976,86527,302004,1,1,1,32,32,1,30,0.000,0.000,,,,,NVIDIA A100-SXM4-40GB MIG 4g.20gb (0),1,,13,"void convert_kernel<__half2, float2>(tensor_layout_any, T1 *, tensor_layout_any, const T2 *)"
4657710302,5856,302007,,,,,,,,,,0.094,15999.997,Pinned,Device,NVIDIA A100-SXM4-40GB MIG 4g.20gb (0),1,,13,[CUDA memcpy Host-to-Device]
4657724638,3488,302008,,,,,,,,,,1.547,443412.461,Device,,NVIDIA A100-SXM4-40GB MIG 4g.20gb (0),1,,13,[CUDA memset]
4657731358,3040,302013,,,,,,,,,,0.031,10294.725,Pinned,Device,NVIDIA A100-SXM4-40GB MIG 4g.20gb (0),1,,13,[CUDA memcpy Host-to-Device]
4657737182,9760,302014,,,,,,,,,,0.197,20144.259,Pinned,Device,NVIDIA A100-SXM4-40GB MIG 4g.20gb (0),1,,13,[CUDA memcpy Host-to-Device]
4657752222,7040,302015,273,1,1,8,4,1,39,0.002,0.000,,,,,NVIDIA A100-SXM4-40GB MIG 4g.20gb (0),1,,13,"void channel_eq::eqMmseCoefCompLowMimoKernel<float, float, float, (unsigned int)4, (unsigned int)1, (unsigned int)4>(const channel_eq::_puschRxChEqStatDescr *, channel_eq::_puschRxChEqCoefCompDynDescr)"
4657760350,7775,302016,273,1,1,12,11,1,51,0.002,0.000,,,,,NVIDIA A100-SXM4-40GB MIG 4g.20gb (0),1,,13,"void channel_eq::eqMmseSoftDemapKernel<float, __half, __half, float, (unsigned int)4, (unsigned short)16383>(channel_eq::_puschRxChEqStatDescr *, channel_eq::_puschRxChEqSoftDemapDynDescr)"
4657769245,282045,302017,1,1,1,32,32,1,30,0.000,0.000,,,,,NVIDIA A100-SXM4-40GB MIG 4g.20gb (0),1,,13,"void convert_kernel<float2, __half2>(tensor_layout_any, T1 *, tensor_layout_any, const T2 *)"
4658052506,11200,302029,2253,1,1,128,1,1,16,0.000,0.000,,,,,NVIDIA A100-SXM4-40GB MIG 4g.20gb (0),1,,13,cupy_copy__float16_float16
4658066778,2720,302038,282,1,1,128,1,1,16,0.000,0.000,,,,,NVIDIA A100-SXM4-40GB MIG 4g.20gb (0),1,,13,cupy_copy__complex64_complex64
4658073370,2016,302047,26,1,1,128,1,1,16,0.000,0.000,,,,,NVIDIA A100-SXM4-40GB MIG 4g.20gb (0),1,,13,cupy_copy__float32_float32
4658076410,4800,302056,103,1,1,128,1,1,16,0.000,0.000,,,,,NVIDIA A100-SXM4-40GB MIG 4g.20gb (0),1,,13,cupy_copy__complex64_complex64
4658134041,11968,302072,1434,1,1,128,1,1,16,0.000,0.000,,,,,NVIDIA A100-SXM4-40GB MIG 4g.20gb (0),1,,13,cupy_copy__complex64_complex64
4658246168,87039,302077,1,1,1,32,32,1,30,0.000,0.000,,,,,NVIDIA A100-SXM4-40GB MIG 4g.20gb (0),1,,13,"void convert_kernel<__half2, float2>(tensor_layout_any, T1 *, tensor_layout_any, const T2 *)"
4658359798,5536,302080,,,,,,,,,,0.094,16924.777,Pinned,Device,NVIDIA A100-SXM4-40GB MIG 4g.20gb (0),1,,13,[CUDA memcpy Host-to-Device]
4658370198,598713,302081,,,,,,,,,,456.561,762457.605,Device,,NVIDIA A100-SXM4-40GB MIG 4g.20gb (0),1,,13,[CUDA memset]
4658976175,128990,302086,,,,,,,,,,1.235,9573.286,Pinned,Device,NVIDIA A100-SXM4-40GB MIG 4g.20gb (0),1,,13,[CUDA memcpy Host-to-Device]
4659113069,31008,302087,,,,,,,,,,0.197,6340.411,Pinned,Device,NVIDIA A100-SXM4-40GB MIG 4g.20gb (0),1,,13,[CUDA memcpy Host-to-Device]
4659161932,8544,302088,69,4,1,48,1,1,76,0.002,0.000,,,,,NVIDIA A100-SXM4-40GB MIG 4g.20gb (0),1,,13,"void ch_est::windowedChEstPreNoDftSOfdmKernel<float, __half, float, (unsigned int)2, (unsigned int)1, (unsigned short)4>(ch_est::puschRxChEstStatDescr_t *, ch_est::puschRxChEstDynDescr_t *)"
4659178508,7104,302089,137,2,1,24,2,1,44,0.001,0.001,,,,,NVIDIA A100-SXM4-40GB MIG 4g.20gb (0),1,,13,"void ch_est::chEstFilterNoDftSOfdmDispatchKernel<float, __half, float, (unsigned int)2>(ch_est::puschRxChEstStatDescr_t *, ch_est::puschRxChEstDynDescr_t *)"
4659193068,4736,302090,137,2,1,24,2,1,44,0.001,0.001,,,,,NVIDIA A100-SXM4-40GB MIG 4g.20gb (0),1,,13,"void ch_est::chEstFilterNoDftSOfdmDispatchKernel<float, __half, float, (unsigned int)2>(ch_est::puschRxChEstStatDescr_t *, ch_est::puschRxChEstDynDescr_t *)"
4659210060,2656,302101,103,1,1,128,1,1,16,0.000,0.000,,,,,NVIDIA A100-SXM4-40GB MIG 4g.20gb (0),1,,13,cupy_copy__complex64_complex64
4659222540,12479,302111,1434,1,1,128,1,1,16,0.000,0.000,,,,,NVIDIA A100-SXM4-40GB MIG 4g.20gb (0),1,,13,cupy_copy__complex64_complex64
4659260587,2688,302118,103,1,1,128,1,1,16,0.000,0.000,,,,,NVIDIA A100-SXM4-40GB MIG 4g.20gb (0),1,,13,cupy_copy__complex64_complex64
4659277483,82335,302125,1,1,1,32,32,1,30,0.000,0.000,,,,,NVIDIA A100-SXM4-40GB MIG 4g.20gb (0),1,,13,"void convert_kernel<__half2, float2>(tensor_layout_any, T1 *, tensor_layout_any, const T2 *)"
4659393353,25888,302128,,,,,,,,,,0.094,3619.195,Pinned,Device,NVIDIA A100-SXM4-40GB MIG 4g.20gb (0),1,,13,[CUDA memcpy Host-to-Device]
4659442889,47231,302129,,,,,,,,,,35.810,758167.626,Device,,NVIDIA A100-SXM4-40GB MIG 4g.20gb (0),1,,13,[CUDA memset]
4659498728,14656,302131,,,,,,,,,,0.000,5.458,Pinned,Device,NVIDIA A100-SXM4-40GB MIG 4g.20gb (0),1,,13,[CUDA memcpy Host-to-Device]
4659523912,25920,302132,,,,,,,,,,0.197,7585.137,Pinned,Device,NVIDIA A100-SXM4-40GB MIG 4g.20gb (0),1,,13,[CUDA memcpy Host-to-Device]
4659583079,9696,302133,273,1,1,48,1,1,40,0.000,0.001,,,,,NVIDIA A100-SXM4-40GB MIG 4g.20gb (0),1,,13,"void pusch_noise_intf_est::noiseIntfEstNoDftSOfdmKernel<float, __half, float, float, (unsigned int)2, (unsigned int)1, (unsigned char)4, (unsigned char)4>(pusch_noise_intf_est::puschRxNoiseIntfEstDynDescr)"
4659599815,2784,302144,35,1,1,128,1,1,16,0.000,0.000,,,,,NVIDIA A100-SXM4-40GB MIG 4g.20gb (0),1,,13,cupy_copy__complex64_complex64
4659616487,1664,302153,1,1,1,1,1,1,18,0.000,0.000,,,,,NVIDIA A100-SXM4-40GB MIG 4g.20gb (0),1,,13,cupy_copy__float32_float32
4659619559,8160,302159,,,,,,,,,,0.000,0.490,Device,Pageable,NVIDIA A100-SXM4-40GB MIG 4g.20gb (0),1,,7,[CUDA memcpy Device-to-Host]
4659710022,12639,302170,1434,1,1,128,1,1,16,0.000,0.000,,,,,NVIDIA A100-SXM4-40GB MIG 4g.20gb (0),1,,13,cupy_copy__complex64_complex64
4659733285,3328,302177,103,1,1,128,1,1,16,0.000,0.000,,,,,NVIDIA A100-SXM4-40GB MIG 4g.20gb (0),1,,13,cupy_copy__complex64_complex64
4659766213,2560,302184,35,1,1,128,1,1,16,0.000,0.000,,,,,NVIDIA A100-SXM4-40GB MIG 4g.20gb (0),1,,13,cupy_copy__complex64_complex64
4659786885,1824,302191,1,1,1,1,1,1,18,0.000,0.000,,,,,NVIDIA A100-SXM4-40GB MIG 4g.20gb (0),1,,13,cupy_copy__float32_float32
4659910467,90399,302202,1,1,1,32,32,1,30,0.000,0.000,,,,,NVIDIA A100-SXM4-40GB MIG 4g.20gb (0),1,,13,"void convert_kernel<__half2, float2>(tensor_layout_any, T1 *, tensor_layout_any, const T2 *)"
4660030306,13919,302205,,,,,,,,,,0.094,6731.495,Pinned,Device,NVIDIA A100-SXM4-40GB MIG 4g.20gb (0),1,,13,[CUDA memcpy Host-to-Device]
4660053281,3520,302206,,,,,,,,,,1.547,439380.412,Device,,NVIDIA A100-SXM4-40GB MIG 4g.20gb (0),1,,13,[CUDA memset]
4660061601,7328,302211,,,,,,,,,,0.031,4270.715,Pinned,Device,NVIDIA A100-SXM4-40GB MIG 4g.20gb (0),1,,13,[CUDA memcpy Host-to-Device]
4660072001,12352,302212,,,,,,,,,,0.197,15916.990,Pinned,Device,NVIDIA A100-SXM4-40GB MIG 4g.20gb (0),1,,13,[CUDA memcpy Host-to-Device]
4660094465,6432,302213,273,1,1,8,4,1,39,0.002,0.000,,,,,NVIDIA A100-SXM4-40GB MIG 4g.20gb (0),1,,13,"void channel_eq::eqMmseCoefCompLowMimoKernel<float, float, float, (unsigned int)4, (unsigned int)1, (unsigned int)4>(const channel_eq::_puschRxChEqStatDescr *, channel_eq::_puschRxChEqCoefCompDynDescr)"
4660103361,6208,302214,273,1,1,12,11,1,51,0.002,0.000,,,,,NVIDIA A100-SXM4-40GB MIG 4g.20gb (0),1,,13,"void channel_eq::eqMmseSoftDemapKernel<float, __half, __half, float, (unsigned int)4, (unsigned short)16383>(channel_eq::_puschRxChEqStatDescr *, channel_eq::_puschRxChEqSoftDemapDynDescr)"
4660111937,282140,302215,1,1,1,32,32,1,30,0.000,0.000,,,,,NVIDIA A100-SXM4-40GB MIG 4g.20gb (0),1,,13,"void convert_kernel<float2, __half2>(tensor_layout_any, T1 *, tensor_layout_any, const T2 *)"
4660395101,10944,302227,2253,1,1,128,1,1,16,0.000,0.000,,,,,NVIDIA A100-SXM4-40GB MIG 4g.20gb (0),1,,13,cupy_copy__float16_float16
4660408893,3584,302236,282,1,1,128,1,1,16,0.000,0.000,,,,,NVIDIA A100-SXM4-40GB MIG 4g.20gb (0),1,,13,cupy_copy__complex64_complex64
4660415869,2368,302245,26,1,1,128,1,1,16,0.000,0.000,,,,,NVIDIA A100-SXM4-40GB MIG 4g.20gb (0),1,,13,cupy_copy__float32_float32
4660419485,3392,302254,103,1,1,128,1,1,16,0.000,0.000,,,,,NVIDIA A100-SXM4-40GB MIG 4g.20gb (0),1,,13,cupy_copy__complex64_complex64
4660424029,12064,302264,1434,1,1,128,1,1,16,0.000,0.000,,,,,NVIDIA A100-SXM4-40GB MIG 4g.20gb (0),1,,13,cupy_copy__complex64_complex64
4660440221,87070,302269,1,1,1,32,32,1,30,0.000,0.000,,,,,NVIDIA A100-SXM4-40GB MIG 4g.20gb (0),1,,13,"void convert_kernel<__half2, float2>(tensor_layout_any, T1 *, tensor_layout_any, const T2 *)"
4660554427,5664,302272,,,,,,,,,,0.094,16542.310,Pinned,Device,NVIDIA A100-SXM4-40GB MIG 4g.20gb (0),1,,13,[CUDA memcpy Host-to-Device]
4660568219,601177,302273,,,,,,,,,,456.561,759261.675,Device,,NVIDIA A100-SXM4-40GB MIG 4g.20gb (0),1,,13,[CUDA memset]
4661171924,143550,302278,,,,,,,,,,1.235,8602.620,Pinned,Device,NVIDIA A100-SXM4-40GB MIG 4g.20gb (0),1,,13,[CUDA memcpy Host-to-Device]
4661322578,25023,302279,,,,,,,,,,0.197,7857.046,Pinned,Device,NVIDIA A100-SXM4-40GB MIG 4g.20gb (0),1,,13,[CUDA memcpy Host-to-Device]
4661356177,8160,302280,69,4,1,48,1,1,76,0.002,0.000,,,,,NVIDIA A100-SXM4-40GB MIG 4g.20gb (0),1,,13,"void ch_est::windowedChEstPreNoDftSOfdmKernel<float, __half, float, (unsigned int)2, (unsigned int)1, (unsigned short)4>(ch_est::puschRxChEstStatDescr_t *, ch_est::puschRxChEstDynDescr_t *)"
4661368465,6528,302281,137,2,1,24,2,1,44,0.001,0.001,,,,,NVIDIA A100-SXM4-40GB MIG 4g.20gb (0),1,,13,"void ch_est::chEstFilterNoDftSOfdmDispatchKernel<float, __half, float, (unsigned int)2>(ch_est::puschRxChEstStatDescr_t *, ch_est::puschRxChEstDynDescr_t *)"
4661383217,5056,302282,137,2,1,24,2,1,44,0.001,0.001,,,,,NVIDIA A100-SXM4-40GB MIG 4g.20gb (0),1,,13,"void ch_est::chEstFilterNoDftSOfdmDispatchKernel<float, __half, float, (unsigned int)2>(ch_est::puschRxChEstStatDescr_t *, ch_est::puschRxChEstDynDescr_t *)"
4661391121,2560,302293,103,1,1,128,1,1,16,0.000,0.000,,,,,NVIDIA A100-SXM4-40GB MIG 4g.20gb (0),1,,13,cupy_copy__complex64_complex64
4661399569,12576,302303,1434,1,1,128,1,1,16,0.000,0.000,,,,,NVIDIA A100-SXM4-40GB MIG 4g.20gb (0),1,,13,cupy_copy__complex64_complex64
4661415473,3104,302310,103,1,1,128,1,1,16,0.000,0.000,,,,,NVIDIA A100-SXM4-40GB MIG 4g.20gb (0),1,,13,cupy_copy__complex64_complex64
4661423920,86719,302317,1,1,1,32,32,1,30,0.000,0.000,,,,,NVIDIA A100-SXM4-40GB MIG 4g.20gb (0),1,,13,"void convert_kernel<__half2, float2>(tensor_layout_any, T1 *, tensor_layout_any, const T2 *)"
4661540623,13088,302320,,,,,,,,,,0.094,7158.843,Pinned,Device,NVIDIA A100-SXM4-40GB MIG 4g.20gb (0),1,,13,[CUDA memcpy Host-to-Device]
4661559119,47455,302321,,,,,,,,,,35.810,754586.634,Device,,NVIDIA A100-SXM4-40GB MIG 4g.20gb (0),1,,13,[CUDA memset]
4661612238,6944,302323,,,,,,,,,,0.000,11.521,Pinned,Device,NVIDIA A100-SXM4-40GB MIG 4g.20gb (0),1,,13,[CUDA memcpy Host-to-Device]
4661623502,17312,302324,,,,,,,,,,0.197,11356.668,Pinned,Device,NVIDIA A100-SXM4-40GB MIG 4g.20gb (0),1,,13,[CUDA memcpy Host-to-Device]
4661652910,9184,302325,273,1,1,48,1,1,40,0.000,0.001,,,,,NVIDIA A100-SXM4-40GB MIG 4g.20gb (0),1,,13,"void pusch_noise_intf_est::noiseIntfEstNoDftSOfdmKernel<float, __half, float, float, (unsigned int)2, (unsigned int)1, (unsigned char)4, (unsigned char)4>(pusch_noise_intf_est::puschRxNoiseIntfEstDynDescr)"
4661665901,2752,302336,35,1,1,128,1,1,16,0.000,0.000,,,,,NVIDIA A100-SXM4-40GB MIG 4g.20gb (0),1,,13,cupy_copy__complex64_complex64
4661674605,1728,302345,1,1,1,1,1,1,18,0.000,0.000,,,,,NVIDIA A100-SXM4-40GB MIG 4g.20gb (0),1,,13,cupy_copy__float32_float32
4661690445,1856,302351,,,,,,,,,,0.000,2.155,Device,Pageable,NVIDIA A100-SXM4-40GB MIG 4g.20gb (0),1,,7,[CUDA memcpy Device-to-Host]
4661752364,12832,302362,1434,1,1,128,1,1,16,0.000,0.000,,,,,NVIDIA A100-SXM4-40GB MIG 4g.20gb (0),1,,13,cupy_copy__complex64_complex64
4661783084,2720,302369,103,1,1,128,1,1,16,0.000,0.000,,,,,NVIDIA A100-SXM4-40GB MIG 4g.20gb (0),1,,13,cupy_copy__complex64_complex64
4661803308,2560,302376,35,1,1,128,1,1,16,0.000,0.000,,,,,NVIDIA A100-SXM4-40GB MIG 4g.20gb (0),1,,13,cupy_copy__complex64_complex64
4661822860,1759,302383,1,1,1,1,1,1,18,0.000,0.000,,,,,NVIDIA A100-SXM4-40GB MIG 4g.20gb (0),1,,13,cupy_copy__float32_float32
4661955114,82047,302394,1,1,1,32,32,1,30,0.000,0.000,,,,,NVIDIA A100-SXM4-40GB MIG 4g.20gb (0),1,,13,"void convert_kernel<__half2, float2>(tensor_layout_any, T1 *, tensor_layout_any, const T2 *)"
4662065161,6207,302397,,,,,,,,,,0.094,15095.175,Pinned,Device,NVIDIA A100-SXM4-40GB MIG 4g.20gb (0),1,,13,[CUDA memcpy Host-to-Device]
4662081096,3392,302398,,,,,,,,,,1.547,455961.768,Device,,NVIDIA A100-SXM4-40GB MIG 4g.20gb (0),1,,13,[CUDA memset]
4662086696,3328,302403,,,,,,,,,,0.031,9403.822,Pinned,Device,NVIDIA A100-SXM4-40GB MIG 4g.20gb (0),1,,13,[CUDA memcpy Host-to-Device]
4662092776,10112,302404,,,,,,,,,,0.197,19442.958,Pinned,Device,NVIDIA A100-SXM4-40GB MIG 4g.20gb (0),1,,13,[CUDA memcpy Host-to-Device]
4662108168,6304,302405,273,1,1,8,4,1,39,0.002,0.000,,,,,NVIDIA A100-SXM4-40GB MIG 4g.20gb (0),1,,13,"void channel_eq::eqMmseCoefCompLowMimoKernel<float, float, float, (unsigned int)4, (unsigned int)1, (unsigned int)4>(const channel_eq::_puschRxChEqStatDescr *, channel_eq::_puschRxChEqCoefCompDynDescr)"
4662115496,5792,302406,273,1,1,12,11,1,51,0.002,0.000,,,,,NVIDIA A100-SXM4-40GB MIG 4g.20gb (0),1,,13,"void channel_eq::eqMmseSoftDemapKernel<float, __half, __half, float, (unsigned int)4, (unsigned short)16383>(channel_eq::_puschRxChEqStatDescr *, channel_eq::_puschRxChEqSoftDemapDynDescr)"
4662122248,282556,302407,1,1,1,32,32,1,30,0.000,0.000,,,,,NVIDIA A100-SXM4-40GB MIG 4g.20gb (0),1,,13,"void convert_kernel<float2, __half2>(tensor_layout_any, T1 *, tensor_layout_any, const T2 *)"
4662405828,10880,302419,2253,1,1,128,1,1,16,0.000,0.000,,,,,NVIDIA A100-SXM4-40GB MIG 4g.20gb (0),1,,13,cupy_copy__float16_float16
4662421060,2656,302428,282,1,1,128,1,1,16,0.000,0.000,,,,,NVIDIA A100-SXM4-40GB MIG 4g.20gb (0),1,,13,cupy_copy__complex64_complex64
4662426884,2240,302437,26,1,1,128,1,1,16,0.000,0.000,,,,,NVIDIA A100-SXM4-40GB MIG 4g.20gb (0),1,,13,cupy_copy__float32_float32
4662431812,2944,302446,103,1,1,128,1,1,16,0.000,0.000,,,,,NVIDIA A100-SXM4-40GB MIG 4g.20gb (0),1,,13,cupy_copy__complex64_complex64
4662435844,11968,302456,1434,1,1,128,1,1,16,0.000,0.000,,,,,NVIDIA A100-SXM4-40GB MIG 4g.20gb (0),1,,13,cupy_copy__complex64_complex64
4662452420,81919,302461,1,1,1,32,32,1,30,0.000,0.000,,,,,NVIDIA A100-SXM4-40GB MIG 4g.20gb (0),1,,13,"void convert_kernel<__half2, float2>(tensor_layout_any, T1 *, tensor_layout_any, const T2 *)"
4662562146,5696,302464,,,,,,,,,,0.094,16449.363,Pinned,Device,NVIDIA A100-SXM4-40GB MIG 4g.20gb (0),1,,13,[CUDA memcpy Host-to-Device]
4662573250,598937,302465,,,,,,,,,,456.561,762001.043,Device,,NVIDIA A100-SXM4-40GB MIG 4g.20gb (0),1,,13,[CUDA memset]
4663177339,134718,302470,,,,,,,,,,1.235,9165.754,Pinned,Device,NVIDIA A100-SXM4-40GB MIG 4g.20gb (0),1,,13,[CUDA memcpy Host-to-Device]
4663324921,41440,302471,,,,,,,,,,0.197,4744.348,Pinned,Device,NVIDIA A100-SXM4-40GB MIG 4g.20gb (0),1,,13,[CUDA memcpy Host-to-Device]
4663400152,8032,302472,69,4,1,48,1,1,76,0.002,0.000,,,,,NVIDIA A100-SXM4-40GB MIG 4g.20gb (0),1,,13,"void ch_est::windowedChEstPreNoDftSOfdmKernel<float, __half, float, (unsigned int)2, (unsigned int)1, (unsigned short)4>(ch_est::puschRxChEstStatDescr_t *, ch_est::puschRxChEstDynDescr_t *)"
4663419512,6656,302473,137,2,1,24,2,1,44,0.001,0.001,,,,,NVIDIA A100-SXM4-40GB MIG 4g.20gb (0),1,,13,"void ch_est::chEstFilterNoDftSOfdmDispatchKernel<float, __half, float, (unsigned int)2>(ch_est::puschRxChEstStatDescr_t *, ch_est::puschRxChEstDynDescr_t *)"
4663436600,4768,302474,137,2,1,24,2,1,44,0.001,0.001,,,,,NVIDIA A100-SXM4-40GB MIG 4g.20gb (0),1,,13,"void ch_est::chEstFilterNoDftSOfdmDispatchKernel<float, __half, float, (unsigned int)2>(ch_est::puschRxChEstStatDescr_t *, ch_est::puschRxChEstDynDescr_t *)"
4663453783,2592,302485,103,1,1,128,1,1,16,0.000,0.000,,,,,NVIDIA A100-SXM4-40GB MIG 4g.20gb (0),1,,13,cupy_copy__complex64_complex64
4663470487,12640,302495,1434,1,1,128,1,1,16,0.000,0.000,,,,,NVIDIA A100-SXM4-40GB MIG 4g.20gb (0),1,,13,cupy_copy__complex64_complex64
4663492151,2880,302502,103,1,1,128,1,1,16,0.000,0.000,,,,,NVIDIA A100-SXM4-40GB MIG 4g.20gb (0),1,,13,cupy_copy__complex64_complex64
4663514807,89311,302509,1,1,1,32,32,1,30,0.000,0.000,,,,,NVIDIA A100-SXM4-40GB MIG 4g.20gb (0),1,,13,"void convert_kernel<__half2, float2>(tensor_layout_any, T1 *, tensor_layout_any, const T2 *)"
4663634453,13056,302512,,,,,,,,,,0.094,7176.458,Pinned,Device,NVIDIA A100-SXM4-40GB MIG 4g.20gb (0),1,,13,[CUDA memcpy Host-to-Device]
4663653653,45951,302513,,,,,,,,,,35.810,779295.479,Device,,NVIDIA A100-SXM4-40GB MIG 4g.20gb (0),1,,13,[CUDA memset]
4663706516,8128,302515,,,,,,,,,,0.000,9.842,Pinned,Device,NVIDIA A100-SXM4-40GB MIG 4g.20gb (0),1,,13,[CUDA memcpy Host-to-Device]
4663717428,17120,302516,,,,,,,,,,0.197,11484.070,Pinned,Device,NVIDIA A100-SXM4-40GB MIG 4g.20gb (0),1,,13,[CUDA memcpy Host-to-Device]
4663746196,10240,302517,273,1,1,48,1,1,40,0.000,0.001,,,,,NVIDIA A100-SXM4-40GB MIG 4g.20gb (0),1,,13,"void pusch_noise_intf_est::noiseIntfEstNoDftSOfdmKernel<float, __half, float, float, (unsigned int)2, (unsigned int)1, (unsigned char)4, (unsigned char)4>(pusch_noise_intf_est::puschRxNoiseIntfEstDynDescr)"
4663762932,2880,302528,35,1,1,128,1,1,16,0.000,0.000,,,,,NVIDIA A100-SXM4-40GB MIG 4g.20gb (0),1,,13,cupy_copy__complex64_complex64
4663771828,1887,302537,1,1,1,1,1,1,18,0.000,0.000,,,,,NVIDIA A100-SXM4-40GB MIG 4g.20gb (0),1,,13,cupy_copy__float32_float32
4663787571,5824,302543,,,,,,,,,,0.000,0.687,Device,Pageable,NVIDIA A100-SXM4-40GB MIG 4g.20gb (0),1,,7,[CUDA memcpy Device-to-Host]
4663872946,12768,302554,1434,1,1,128,1,1,16,0.000,0.000,,,,,NVIDIA A100-SXM4-40GB MIG 4g.20gb (0),1,,13,cupy_copy__complex64_complex64
4663897810,2880,302561,103,1,1,128,1,1,16,0.000,0.000,,,,,NVIDIA A100-SXM4-40GB MIG 4g.20gb (0),1,,13,cupy_copy__complex64_complex64
4663913490,2784,302568,35,1,1,128,1,1,16,0.000,0.000,,,,,NVIDIA A100-SXM4-40GB MIG 4g.20gb (0),1,,13,cupy_copy__complex64_complex64
4663936945,1792,302575,1,1,1,1,1,1,18,0.000,0.000,,,,,NVIDIA A100-SXM4-40GB MIG 4g.20gb (0),1,,13,cupy_copy__float32_float32
4664056848,87007,302586,1,1,1,32,32,1,30,0.000,0.000,,,,,NVIDIA A100-SXM4-40GB MIG 4g.20gb (0),1,,13,"void convert_kernel<__half2, float2>(tensor_layout_any, T1 *, tensor_layout_any, const T2 *)"
4664171823,5824,302589,,,,,,,,,,0.094,16087.884,Pinned,Device,NVIDIA A100-SXM4-40GB MIG 4g.20gb (0),1,,13,[CUDA memcpy Host-to-Device]
4664185550,3328,302590,,,,,,,,,,1.547,464729.580,Device,,NVIDIA A100-SXM4-40GB MIG 4g.20gb (0),1,,13,[CUDA memset]
4664192526,3136,302595,,,,,,,,,,0.031,9979.575,Pinned,Device,NVIDIA A100-SXM4-40GB MIG 4g.20gb (0),1,,13,[CUDA memcpy Host-to-Device]
4664198510,9792,302596,,,,,,,,,,0.197,20078.395,Pinned,Device,NVIDIA A100-SXM4-40GB MIG 4g.20gb (0),1,,13,[CUDA memcpy Host-to-Device]
4664213070,5984,302597,273,1,1,8,4,1,39,0.002,0.000,,,,,NVIDIA A100-SXM4-40GB MIG 4g.20gb (0),1,,13,"void channel_eq::eqMmseCoefCompLowMimoKernel<float, float, float, (unsigned int)4, (unsigned int)1, (unsigned int)4>(const channel_eq::_puschRxChEqStatDescr *, channel_eq::_puschRxChEqCoefCompDynDescr)"
4664220398,6208,302598,273,1,1,12,11,1,51,0.002,0.000,,,,,NVIDIA A100-SXM4-40GB MIG 4g.20gb (0),1,,13,"void channel_eq::eqMmseSoftDemapKernel<float, __half, __half, float, (unsigned int)4, (unsigned short)16383>(channel_eq::_puschRxChEqStatDescr *, channel_eq::_puschRxChEqSoftDemapDynDescr)"
4664228014,282460,302599,1,1,1,32,32,1,30,0.000,0.000,,,,,NVIDIA A100-SXM4-40GB MIG 4g.20gb (0),1,,13,"void convert_kernel<float2, __half2>(tensor_layout_any, T1 *, tensor_layout_any, const T2 *)"
4664512074,11072,302611,2253,1,1,128,1,1,16,0.000,0.000,,,,,NVIDIA A100-SXM4-40GB MIG 4g.20gb (0),1,,13,cupy_copy__float16_float16
4664527050,3424,302620,282,1,1,128,1,1,16,0.000,0.000,,,,,NVIDIA A100-SXM4-40GB MIG 4g.20gb (0),1,,13,cupy_copy__complex64_complex64
4664532586,2304,302629,26,1,1,128,1,1,16,0.000,0.000,,,,,NVIDIA A100-SXM4-40GB MIG 4g.20gb (0),1,,13,cupy_copy__float32_float32
4664535914,2880,302638,103,1,1,128,1,1,16,0.000,0.000,,,,,NVIDIA A100-SXM4-40GB MIG 4g.20gb (0),1,,13,cupy_copy__complex64_complex64
4664541898,12000,302648,1434,1,1,128,1,1,16,0.000,0.000,,,,,NVIDIA A100-SXM4-40GB MIG 4g.20gb (0),1,,13,cupy_copy__complex64_complex64
4664558858,82047,302653,1,1,1,32,32,1,30,0.000,0.000,,,,,NVIDIA A100-SXM4-40GB MIG 4g.20gb (0),1,,13,"void convert_kernel<__half2, float2>(tensor_layout_any, T1 *, tensor_layout_any, const T2 *)"
4664667784,5920,302656,,,,,,,,,,0.094,15826.941,Pinned,Device,NVIDIA A100-SXM4-40GB MIG 4g.20gb (0),1,,13,[CUDA memcpy Host-to-Device]
4664677384,596953,302657,,,,,,,,,,456.561,764740.412,Device,,NVIDIA A100-SXM4-40GB MIG 4g.20gb (0),1,,13,[CUDA memset]
4665278113,158846,302662,,,,,,,,,,1.235,7773.972,Pinned,Device,NVIDIA A100-SXM4-40GB MIG 4g.20gb (0),1,,13,[CUDA memcpy Host-to-Device]
4665446271,34655,302663,,,,,,,,,,0.197,5673.124,Pinned,Device,NVIDIA A100-SXM4-40GB MIG 4g.20gb (0),1,,13,[CUDA memcpy Host-to-Device]
4665497758,8096,302664,69,4,1,48,1,1,76,0.002,0.000,,,,,NVIDIA A100-SXM4-40GB MIG 4g.20gb (0),1,,13,"void ch_est::windowedChEstPreNoDftSOfdmKernel<float, __half, float, (unsigned int)2, (unsigned int)1, (unsigned short)4>(ch_est::puschRxChEstStatDescr_t *, ch_est::puschRxChEstDynDescr_t *)"
4665513054,6976,302665,137,2,1,24,2,1,44,0.001,0.001,,,,,NVIDIA A100-SXM4-40GB MIG 4g.20gb (0),1,,13,"void ch_est::chEstFilterNoDftSOfdmDispatchKernel<float, __half, float, (unsigned int)2>(ch_est::puschRxChEstStatDescr_t *, ch_est::puschRxChEstDynDescr_t *)"
4665533694,4768,302666,137,2,1,24,2,1,44,0.001,0.001,,,,,NVIDIA A100-SXM4-40GB MIG 4g.20gb (0),1,,13,"void ch_est::chEstFilterNoDftSOfdmDispatchKernel<float, __half, float, (unsigned int)2>(ch_est::puschRxChEstStatDescr_t *, ch_est::puschRxChEstDynDescr_t *)"
4665549630,2624,302677,103,1,1,128,1,1,16,0.000,0.000,,,,,NVIDIA A100-SXM4-40GB MIG 4g.20gb (0),1,,13,cupy_copy__complex64_complex64
4665562429,12800,302687,1434,1,1,128,1,1,16,0.000,0.000,,,,,NVIDIA A100-SXM4-40GB MIG 4g.20gb (0),1,,13,cupy_copy__complex64_complex64
4665589117,2528,302694,103,1,1,128,1,1,16,0.000,0.000,,,,,NVIDIA A100-SXM4-40GB MIG 4g.20gb (0),1,,13,cupy_copy__complex64_complex64
4665607005,85439,302701,1,1,1,32,32,1,30,0.000,0.000,,,,,NVIDIA A100-SXM4-40GB MIG 4g.20gb (0),1,,13,"void convert_kernel<__half2, float2>(tensor_layout_any, T1 *, tensor_layout_any, const T2 *)"
4665725467,18208,302704,,,,,,,,,,0.094,5145.784,Pinned,Device,NVIDIA A100-SXM4-40GB MIG 4g.20gb (0),1,,13,[CUDA memcpy Host-to-Device]
4665764283,47103,302705,,,,,,,,,,35.810,760244.602,Device,,NVIDIA A100-SXM4-40GB MIG 4g.20gb (0),1,,13,[CUDA memset]
4665815802,15584,302707,,,,,,,,,,0.000,5.133,Pinned,Device,NVIDIA A100-SXM4-40GB MIG 4g.20gb (0),1,,13,[CUDA memcpy Host-to-Device]
4665838170,25152,302708,,,,,,,,,,0.197,7816.741,Pinned,Device,NVIDIA A100-SXM4-40GB MIG 4g.20gb (0),1,,13,[CUDA memcpy Host-to-Device]
4665880090,9503,302709,273,1,1,48,1,1,40,0.000,0.001,,,,,NVIDIA A100-SXM4-40GB MIG 4g.20gb (0),1,,13,"void pusch_noise_intf_est::noiseIntfEstNoDftSOfdmKernel<float, __half, float, float, (unsigned int)2, (unsigned int)1, (unsigned char)4, (unsigned char)4>(pusch_noise_intf_est::puschRxNoiseIntfEstDynDescr)"
4665895385,2624,302720,35,1,1,128,1,1,16,0.000,0.000,,,,,NVIDIA A100-SXM4-40GB MIG 4g.20gb (0),1,,13,cupy_copy__complex64_complex64
4665911417,1696,302729,1,1,1,1,1,1,18,0.000,0.000,,,,,NVIDIA A100-SXM4-40GB MIG 4g.20gb (0),1,,13,cupy_copy__float32_float32
4665915737,5984,302735,,,,,,,,,,0.000,0.668,Device,Pageable,NVIDIA A100-SXM4-40GB MIG 4g.20gb (0),1,,7,[CUDA memcpy Device-to-Host]
4666002744,12736,302746,1434,1,1,128,1,1,16,0.000,0.000,,,,,NVIDIA A100-SXM4-40GB MIG 4g.20gb (0),1,,13,cupy_copy__complex64_complex64
4666025496,3552,302753,103,1,1,128,1,1,16,0.000,0.000,,,,,NVIDIA A100-SXM4-40GB MIG 4g.20gb (0),1,,13,cupy_copy__complex64_complex64
4666049463,2336,302760,35,1,1,128,1,1,16,0.000,0.000,,,,,NVIDIA A100-SXM4-40GB MIG 4g.20gb (0),1,,13,cupy_copy__complex64_complex64
4666067031,2080,302767,1,1,1,1,1,1,18,0.000,0.000,,,,,NVIDIA A100-SXM4-40GB MIG 4g.20gb (0),1,,13,cupy_copy__float32_float32
4666197974,87391,302778,1,1,1,32,32,1,30,0.000,0.000,,,,,NVIDIA A100-SXM4-40GB MIG 4g.20gb (0),1,,13,"void convert_kernel<__half2, float2>(tensor_layout_any, T1 *, tensor_layout_any, const T2 *)"
4666313492,14048,302781,,,,,,,,,,0.094,6669.656,Pinned,Device,NVIDIA A100-SXM4-40GB MIG 4g.20gb (0),1,,13,[CUDA memcpy Host-to-Device]
4666337076,3392,302782,,,,,,,,,,1.547,455961.768,Device,,NVIDIA A100-SXM4-40GB MIG 4g.20gb (0),1,,13,[CUDA memset]
4666342740,3616,302787,,,,,,,,,,0.031,8654.846,Pinned,Device,NVIDIA A100-SXM4-40GB MIG 4g.20gb (0),1,,13,[CUDA memcpy Host-to-Device]
4666352692,13088,302788,,,,,,,,,,0.197,15021.834,Pinned,Device,NVIDIA A100-SXM4-40GB MIG 4g.20gb (0),1,,13,[CUDA memcpy Host-to-Device]
4666375955,8512,302789,273,1,1,8,4,1,39,0.002,0.000,,,,,NVIDIA A100-SXM4-40GB MIG 4g.20gb (0),1,,13,"void channel_eq::eqMmseCoefCompLowMimoKernel<float, float, float, (unsigned int)4, (unsigned int)1, (unsigned int)4>(const channel_eq::_puschRxChEqStatDescr *, channel_eq::_puschRxChEqCoefCompDynDescr)"
4666390451,7552,302790,273,1,1,12,11,1,51,0.002,0.000,,,,,NVIDIA A100-SXM4-40GB MIG 4g.20gb (0),1,,13,"void channel_eq::eqMmseSoftDemapKernel<float, __half, __half, float, (unsigned int)4, (unsigned short)16383>(channel_eq::_puschRxChEqStatDescr *, channel_eq::_puschRxChEqSoftDemapDynDescr)"
4666402643,289757,302791,1,1,1,32,32,1,30,0.000,0.000,,,,,NVIDIA A100-SXM4-40GB MIG 4g.20gb (0),1,,13,"void convert_kernel<float2, __half2>(tensor_layout_any, T1 *, tensor_layout_any, const T2 *)"
4666693872,10879,302803,2253,1,1,128,1,1,16,0.000,0.000,,,,,NVIDIA A100-SXM4-40GB MIG 4g.20gb (0),1,,13,cupy_copy__float16_float16
4666706831,3840,302812,282,1,1,128,1,1,16,0.000,0.000,,,,,NVIDIA A100-SXM4-40GB MIG 4g.20gb (0),1,,13,cupy_copy__complex64_complex64
4666712367,2144,302821,26,1,1,128,1,1,16,0.000,0.000,,,,,NVIDIA A100-SXM4-40GB MIG 4g.20gb (0),1,,13,cupy_copy__float32_float32
4666717903,3328,302830,103,1,1,128,1,1,16,0.000,0.000,,,,,NVIDIA A100-SXM4-40GB MIG 4g.20gb (0),1,,13,cupy_copy__complex64_complex64
4666722831,12160,302840,1434,1,1,128,1,1,16,0.000,0.000,,,,,NVIDIA A100-SXM4-40GB MIG 4g.20gb (0),1,,13,cupy_copy__complex64_complex64
4666737455,81727,302845,1,1,1,32,32,1,30,0.000,0.000,,,,,NVIDIA A100-SXM4-40GB MIG 4g.20gb (0),1,,13,"void convert_kernel<__half2, float2>(tensor_layout_any, T1 *, tensor_layout_any, const T2 *)"
4666852782,5727,302848,,,,,,,,,,0.094,16360.352,Pinned,Device,NVIDIA A100-SXM4-40GB MIG 4g.20gb (0),1,,13,[CUDA memcpy Host-to-Device]
4666864557,598425,302849,,,,,,,,,,456.561,762914.166,Device,,NVIDIA A100-SXM4-40GB MIG 4g.20gb (0),1,,13,[CUDA memset]
4667468326,111615,302854,,,,,,,,,,1.235,11063.863,Pinned,Device,NVIDIA A100-SXM4-40GB MIG 4g.20gb (0),1,,13,[CUDA memcpy Host-to-Device]
4667590820,33152,302855,,,,,,,,,,0.197,5930.484,Pinned,Device,NVIDIA A100-SXM4-40GB MIG 4g.20gb (0),1,,13,[CUDA memcpy Host-to-Device]
4667639012,8128,302856,69,4,1,48,1,1,76,0.002,0.000,,,,,NVIDIA A100-SXM4-40GB MIG 4g.20gb (0),1,,13,"void ch_est::windowedChEstPreNoDftSOfdmKernel<float, __half, float, (unsigned int)2, (unsigned int)1, (unsigned short)4>(ch_est::puschRxChEstStatDescr_t *, ch_est::puschRxChEstDynDescr_t *)"
4667654116,6784,302857,137,2,1,24,2,1,44,0.001,0.001,,,,,NVIDIA A100-SXM4-40GB MIG 4g.20gb (0),1,,13,"void ch_est::chEstFilterNoDftSOfdmDispatchKernel<float, __half, float, (unsigned int)2>(ch_est::puschRxChEstStatDescr_t *, ch_est::puschRxChEstDynDescr_t *)"
4667670275,4800,302858,137,2,1,24,2,1,44,0.001,0.001,,,,,NVIDIA A100-SXM4-40GB MIG 4g.20gb (0),1,,13,"void ch_est::chEstFilterNoDftSOfdmDispatchKernel<float, __half, float, (unsigned int)2>(ch_est::puschRxChEstStatDescr_t *, ch_est::puschRxChEstDynDescr_t *)"
4667685411,2432,302869,103,1,1,128,1,1,16,0.000,0.000,,,,,NVIDIA A100-SXM4-40GB MIG 4g.20gb (0),1,,13,cupy_copy__complex64_complex64
4667699619,12352,302879,1434,1,1,128,1,1,16,0.000,0.000,,,,,NVIDIA A100-SXM4-40GB MIG 4g.20gb (0),1,,13,cupy_copy__complex64_complex64
4667718659,2912,302886,103,1,1,128,1,1,16,0.000,0.000,,,,,NVIDIA A100-SXM4-40GB MIG 4g.20gb (0),1,,13,cupy_copy__complex64_complex64
4667739203,84191,302893,1,1,1,32,32,1,30,0.000,0.000,,,,,NVIDIA A100-SXM4-40GB MIG 4g.20gb (0),1,,13,"void convert_kernel<__half2, float2>(tensor_layout_any, T1 *, tensor_layout_any, const T2 *)"
4667854881,24128,302896,,,,,,,,,,0.094,3883.231,Pinned,Device,NVIDIA A100-SXM4-40GB MIG 4g.20gb (0),1,,13,[CUDA memcpy Host-to-Device]
4667904097,47871,302897,,,,,,,,,,35.810,748033.419,Device,,NVIDIA A100-SXM4-40GB MIG 4g.20gb (0),1,,13,[CUDA memset]
4667959904,9632,302899,,,,,,,,,,0.000,8.306,Pinned,Device,NVIDIA A100-SXM4-40GB MIG 4g.20gb (0),1,,13,[CUDA memcpy Host-to-Device]
4667982016,21279,302900,,,,,,,,,,0.197,9239.396,Pinned,Device,NVIDIA A100-SXM4-40GB MIG 4g.20gb (0),1,,13,[CUDA memcpy Host-to-Device]
4668018751,8576,302901,273,1,1,48,1,1,40,0.000,0.001,,,,,NVIDIA A100-SXM4-40GB MIG 4g.20gb (0),1,,13,"void pusch_noise_intf_est::noiseIntfEstNoDftSOfdmKernel<float, __half, float, float, (unsigned int)2, (unsigned int)1, (unsigned char)4, (unsigned char)4>(pusch_noise_intf_est::puschRxNoiseIntfEstDynDescr)"
4668032127,2784,302912,35,1,1,128,1,1,16,0.000,0.000,,,,,NVIDIA A100-SXM4-40GB MIG 4g.20gb (0),1,,13,cupy_copy__complex64_complex64
4668045151,1760,302921,1,1,1,1,1,1,18,0.000,0.000,,,,,NVIDIA A100-SXM4-40GB MIG 4g.20gb (0),1,,13,cupy_copy__float32_float32
4668050751,6368,302927,,,,,,,,,,0.000,0.628,Device,Pageable,NVIDIA A100-SXM4-40GB MIG 4g.20gb (0),1,,7,[CUDA memcpy Device-to-Host]
4668131678,12960,302938,1434,1,1,128,1,1,16,0.000,0.000,,,,,NVIDIA A100-SXM4-40GB MIG 4g.20gb (0),1,,13,cupy_copy__complex64_complex64
4668163133,3296,302945,103,1,1,128,1,1,16,0.000,0.000,,,,,NVIDIA A100-SXM4-40GB MIG 4g.20gb (0),1,,13,cupy_copy__complex64_complex64
4668181213,2560,302952,35,1,1,128,1,1,16,0.000,0.000,,,,,NVIDIA A100-SXM4-40GB MIG 4g.20gb (0),1,,13,cupy_copy__complex64_complex64
4668201309,1760,302959,1,1,1,1,1,1,18,0.000,0.000,,,,,NVIDIA A100-SXM4-40GB MIG 4g.20gb (0),1,,13,cupy_copy__float32_float32
4668324123,87679,302970,1,1,1,32,32,1,30,0.000,0.000,,,,,NVIDIA A100-SXM4-40GB MIG 4g.20gb (0),1,,13,"void convert_kernel<__half2, float2>(tensor_layout_any, T1 *, tensor_layout_any, const T2 *)"
4668439706,5856,302973,,,,,,,,,,0.094,15999.997,Pinned,Device,NVIDIA A100-SXM4-40GB MIG 4g.20gb (0),1,,13,[CUDA memcpy Host-to-Device]
4668456986,3296,302974,,,,,,,,,,1.547,469242.628,Device,,NVIDIA A100-SXM4-40GB MIG 4g.20gb (0),1,,13,[CUDA memset]
4668460826,3232,302979,,,,,,,,,,0.031,9683.139,Pinned,Device,NVIDIA A100-SXM4-40GB MIG 4g.20gb (0),1,,13,[CUDA memcpy Host-to-Device]
4668466938,9920,302980,,,,,,,,,,0.197,19819.266,Pinned,Device,NVIDIA A100-SXM4-40GB MIG 4g.20gb (0),1,,13,[CUDA memcpy Host-to-Device]
4668483865,6720,302981,273,1,1,8,4,1,39,0.002,0.000,,,,,NVIDIA A100-SXM4-40GB MIG 4g.20gb (0),1,,13,"void channel_eq::eqMmseCoefCompLowMimoKernel<float, float, float, (unsigned int)4, (unsigned int)1, (unsigned int)4>(const channel_eq::_puschRxChEqStatDescr *, channel_eq::_puschRxChEqCoefCompDynDescr)"
4668492153,6144,302982,273,1,1,12,11,1,51,0.002,0.000,,,,,NVIDIA A100-SXM4-40GB MIG 4g.20gb (0),1,,13,"void channel_eq::eqMmseSoftDemapKernel<float, __half, __half, float, (unsigned int)4, (unsigned short)16383>(channel_eq::_puschRxChEqStatDescr *, channel_eq::_puschRxChEqSoftDemapDynDescr)"
4668500825,294269,302983,1,1,1,32,32,1,30,0.000,0.000,,,,,NVIDIA A100-SXM4-40GB MIG 4g.20gb (0),1,,13,"void convert_kernel<float2, __half2>(tensor_layout_any, T1 *, tensor_layout_any, const T2 *)"
4668796694,10975,302995,2253,1,1,128,1,1,16,0.000,0.000,,,,,NVIDIA A100-SXM4-40GB MIG 4g.20gb (0),1,,13,cupy_copy__float16_float16
4668812885,2656,303004,282,1,1,128,1,1,16,0.000,0.000,,,,,NVIDIA A100-SXM4-40GB MIG 4g.20gb (0),1,,13,cupy_copy__complex64_complex64
4668818709,2272,303013,26,1,1,128,1,1,16,0.000,0.000,,,,,NVIDIA A100-SXM4-40GB MIG 4g.20gb (0),1,,13,cupy_copy__float32_float32
4668822645,4800,303022,103,1,1,128,1,1,16,0.000,0.000,,,,,NVIDIA A100-SXM4-40GB MIG 4g.20gb (0),1,,13,cupy_copy__complex64_complex64
4668829653,11936,303032,1434,1,1,128,1,1,16,0.000,0.000,,,,,NVIDIA A100-SXM4-40GB MIG 4g.20gb (0),1,,13,cupy_copy__complex64_complex64
4668847541,81311,303037,1,1,1,32,32,1,30,0.000,0.000,,,,,NVIDIA A100-SXM4-40GB MIG 4g.20gb (0),1,,13,"void convert_kernel<__half2, float2>(tensor_layout_any, T1 *, tensor_layout_any, const T2 *)"
4668955860,5344,303040,,,,,,,,,,0.094,17532.864,Pinned,Device,NVIDIA A100-SXM4-40GB MIG 4g.20gb (0),1,,13,[CUDA memcpy Host-to-Device]
4668966036,596920,303041,,,,,,,,,,456.561,764740.412,Device,,NVIDIA A100-SXM4-40GB MIG 4g.20gb (0),1,,13,[CUDA memset]
4669571692,152926,303046,,,,,,,,,,1.235,8075.299,Pinned,Device,NVIDIA A100-SXM4-40GB MIG 4g.20gb (0),1,,13,[CUDA memcpy Host-to-Device]
4669734826,28640,303047,,,,,,,,,,0.197,6864.765,Pinned,Device,NVIDIA A100-SXM4-40GB MIG 4g.20gb (0),1,,13,[CUDA memcpy Host-to-Device]
4669776298,7967,303048,69,4,1,48,1,1,76,0.002,0.000,,,,,NVIDIA A100-SXM4-40GB MIG 4g.20gb (0),1,,13,"void ch_est::windowedChEstPreNoDftSOfdmKernel<float, __half, float, (unsigned int)2, (unsigned int)1, (unsigned short)4>(ch_est::puschRxChEstStatDescr_t *, ch_est::puschRxChEstDynDescr_t *)"
4669786345,6816,303049,137,2,1,24,2,1,44,0.001,0.001,,,,,NVIDIA A100-SXM4-40GB MIG 4g.20gb (0),1,,13,"void ch_est::chEstFilterNoDftSOfdmDispatchKernel<float, __half, float, (unsigned int)2>(ch_est::puschRxChEstStatDescr_t *, ch_est::puschRxChEstDynDescr_t *)"
4669798377,5504,303050,137,2,1,24,2,1,44,0.001,0.001,,,,,NVIDIA A100-SXM4-40GB MIG 4g.20gb (0),1,,13,"void ch_est::chEstFilterNoDftSOfdmDispatchKernel<float, __half, float, (unsigned int)2>(ch_est::puschRxChEstStatDescr_t *, ch_est::puschRxChEstDynDescr_t *)"
4669807241,2336,303061,103,1,1,128,1,1,16,0.000,0.000,,,,,NVIDIA A100-SXM4-40GB MIG 4g.20gb (0),1,,13,cupy_copy__complex64_complex64
4669815817,12640,303071,1434,1,1,128,1,1,16,0.000,0.000,,,,,NVIDIA A100-SXM4-40GB MIG 4g.20gb (0),1,,13,cupy_copy__complex64_complex64
4669832041,3232,303078,103,1,1,128,1,1,16,0.000,0.000,,,,,NVIDIA A100-SXM4-40GB MIG 4g.20gb (0),1,,13,cupy_copy__complex64_complex64
4669842665,86495,303085,1,1,1,32,32,1,30,0.000,0.000,,,,,NVIDIA A100-SXM4-40GB MIG 4g.20gb (0),1,,13,"void convert_kernel<__half2, float2>(tensor_layout_any, T1 *, tensor_layout_any, const T2 *)"
4669960359,13344,303088,,,,,,,,,,0.094,7021.578,Pinned,Device,NVIDIA A100-SXM4-40GB MIG 4g.20gb (0),1,,13,[CUDA memcpy Host-to-Device]
4669987271,47615,303089,,,,,,,,,,35.810,752044.130,Device,,NVIDIA A100-SXM4-40GB MIG 4g.20gb (0),1,,13,[CUDA memset]
4670036102,7232,303091,,,,,,,,,,0.000,11.062,Pinned,Device,NVIDIA A100-SXM4-40GB MIG 4g.20gb (0),1,,13,[CUDA memcpy Host-to-Device]
4670047526,19648,303092,,,,,,,,,,0.197,10006.364,Pinned,Device,NVIDIA A100-SXM4-40GB MIG 4g.20gb (0),1,,13,[CUDA memcpy Host-to-Device]
4670079462,9536,303093,273,1,1,48,1,1,40,0.000,0.001,,,,,NVIDIA A100-SXM4-40GB MIG 4g.20gb (0),1,,13,"void pusch_noise_intf_est::noiseIntfEstNoDftSOfdmKernel<float, __half, float, float, (unsigned int)2, (unsigned int)1, (unsigned char)4, (unsigned char)4>(pusch_noise_intf_est::puschRxNoiseIntfEstDynDescr)"
4670096902,2624,303104,35,1,1,128,1,1,16,0.000,0.000,,,,,NVIDIA A100-SXM4-40GB MIG 4g.20gb (0),1,,13,cupy_copy__complex64_complex64
4670106277,1728,303113,1,1,1,1,1,1,18,0.000,0.000,,,,,NVIDIA A100-SXM4-40GB MIG 4g.20gb (0),1,,13,cupy_copy__float32_float32
4670114661,7680,303119,,,,,,,,,,0.000,0.521,Device,Pageable,NVIDIA A100-SXM4-40GB MIG 4g.20gb (0),1,,7,[CUDA memcpy Device-to-Host]
4670198340,12704,303130,1434,1,1,128,1,1,16,0.000,0.000,,,,,NVIDIA A100-SXM4-40GB MIG 4g.20gb (0),1,,13,cupy_copy__complex64_complex64
4670226628,2720,303137,103,1,1,128,1,1,16,0.000,0.000,,,,,NVIDIA A100-SXM4-40GB MIG 4g.20gb (0),1,,13,cupy_copy__complex64_complex64
4670239748,2752,303144,35,1,1,128,1,1,16,0.000,0.000,,,,,NVIDIA A100-SXM4-40GB MIG 4g.20gb (0),1,,13,cupy_copy__complex64_complex64
4670267971,1792,303151,1,1,1,1,1,1,18,0.000,0.000,,,,,NVIDIA A100-SXM4-40GB MIG 4g.20gb (0),1,,13,cupy_copy__float32_float32
4670384930,86399,303162,1,1,1,32,32,1,30,0.000,0.000,,,,,NVIDIA A100-SXM4-40GB MIG 4g.20gb (0),1,,13,"void convert_kernel<__half2, float2>(tensor_layout_any, T1 *, tensor_layout_any, const T2 *)"
4670500289,5888,303165,,,,,,,,,,0.094,15912.954,Pinned,Device,NVIDIA A100-SXM4-40GB MIG 4g.20gb (0),1,,13,[CUDA memcpy Host-to-Device]
4670514304,3488,303166,,,,,,,,,,1.547,443412.461,Device,,NVIDIA A100-SXM4-40GB MIG 4g.20gb (0),1,,13,[CUDA memset]
4670521280,3456,303171,,,,,,,,,,0.031,9055.529,Pinned,Device,NVIDIA A100-SXM4-40GB MIG 4g.20gb (0),1,,13,[CUDA memcpy Host-to-Device]
4670527936,9440,303172,,,,,,,,,,0.197,20827.079,Pinned,Device,NVIDIA A100-SXM4-40GB MIG 4g.20gb (0),1,,13,[CUDA memcpy Host-to-Device]
4670543328,7424,303173,273,1,1,8,4,1,39,0.002,0.000,,,,,NVIDIA A100-SXM4-40GB MIG 4g.20gb (0),1,,13,"void channel_eq::eqMmseCoefCompLowMimoKernel<float, float, float, (unsigned int)4, (unsigned int)1, (unsigned int)4>(const channel_eq::_puschRxChEqStatDescr *, channel_eq::_puschRxChEqCoefCompDynDescr)"
4670551808,6304,303174,273,1,1,12,11,1,51,0.002,0.000,,,,,NVIDIA A100-SXM4-40GB MIG 4g.20gb (0),1,,13,"void channel_eq::eqMmseSoftDemapKernel<float, __half, __half, float, (unsigned int)4, (unsigned short)16383>(channel_eq::_puschRxChEqStatDescr *, channel_eq::_puschRxChEqSoftDemapDynDescr)"
4670559040,283004,303175,1,1,1,32,32,1,30,0.000,0.000,,,,,NVIDIA A100-SXM4-40GB MIG 4g.20gb (0),1,,13,"void convert_kernel<float2, __half2>(tensor_layout_any, T1 *, tensor_layout_any, const T2 *)"
4670843100,10816,303187,2253,1,1,128,1,1,16,0.000,0.000,,,,,NVIDIA A100-SXM4-40GB MIG 4g.20gb (0),1,,13,cupy_copy__float16_float16
4670854908,2720,303196,282,1,1,128,1,1,16,0.000,0.000,,,,,NVIDIA A100-SXM4-40GB MIG 4g.20gb (0),1,,13,cupy_copy__complex64_complex64
4670860284,2016,303205,26,1,1,128,1,1,16,0.000,0.000,,,,,NVIDIA A100-SXM4-40GB MIG 4g.20gb (0),1,,13,cupy_copy__float32_float32
4670863804,4128,303214,103,1,1,128,1,1,16,0.000,0.000,,,,,NVIDIA A100-SXM4-40GB MIG 4g.20gb (0),1,,13,cupy_copy__complex64_complex64
4670870972,11968,303224,1434,1,1,128,1,1,16,0.000,0.000,,,,,NVIDIA A100-SXM4-40GB MIG 4g.20gb (0),1,,13,cupy_copy__complex64_complex64
4670903516,87807,303229,1,1,1,32,32,1,30,0.000,0.000,,,,,NVIDIA A100-SXM4-40GB MIG 4g.20gb (0),1,,13,"void convert_kernel<__half2, float2>(tensor_layout_any, T1 *, tensor_layout_any, const T2 *)"
4671018458,5632,303232,,,,,,,,,,0.094,16636.287,Pinned,Device,NVIDIA A100-SXM4-40GB MIG 4g.20gb (0),1,,13,[CUDA memcpy Host-to-Device]
4671029530,597817,303233,,,,,,,,,,456.561,763370.728,Device,,NVIDIA A100-SXM4-40GB MIG 4g.20gb (0),1,,13,[CUDA memset]
4671634003,144638,303238,,,,,,,,,,1.235,8537.168,Pinned,Device,NVIDIA A100-SXM4-40GB MIG 4g.20gb (0),1,,13,[CUDA memcpy Host-to-Device]
4671786737,33183,303239,,,,,,,,,,0.197,5924.782,Pinned,Device,NVIDIA A100-SXM4-40GB MIG 4g.20gb (0),1,,13,[CUDA memcpy Host-to-Device]
4671836368,8096,303240,69,4,1,48,1,1,76,0.002,0.000,,,,,NVIDIA A100-SXM4-40GB MIG 4g.20gb (0),1,,13,"void ch_est::windowedChEstPreNoDftSOfdmKernel<float, __half, float, (unsigned int)2, (unsigned int)1, (unsigned short)4>(ch_est::puschRxChEstStatDescr_t *, ch_est::puschRxChEstDynDescr_t *)"
4671855024,7008,303241,137,2,1,24,2,1,44,0.001,0.001,,,,,NVIDIA A100-SXM4-40GB MIG 4g.20gb (0),1,,13,"void ch_est::chEstFilterNoDftSOfdmDispatchKernel<float, __half, float, (unsigned int)2>(ch_est::puschRxChEstStatDescr_t *, ch_est::puschRxChEstDynDescr_t *)"
4671867984,4768,303242,137,2,1,24,2,1,44,0.001,0.001,,,,,NVIDIA A100-SXM4-40GB MIG 4g.20gb (0),1,,13,"void ch_est::chEstFilterNoDftSOfdmDispatchKernel<float, __half, float, (unsigned int)2>(ch_est::puschRxChEstStatDescr_t *, ch_est::puschRxChEstDynDescr_t *)"
4671881136,2656,303253,103,1,1,128,1,1,16,0.000,0.000,,,,,NVIDIA A100-SXM4-40GB MIG 4g.20gb (0),1,,13,cupy_copy__complex64_complex64
4671894255,12320,303263,1434,1,1,128,1,1,16,0.000,0.000,,,,,NVIDIA A100-SXM4-40GB MIG 4g.20gb (0),1,,13,cupy_copy__complex64_complex64
4671925871,2560,303270,103,1,1,128,1,1,16,0.000,0.000,,,,,NVIDIA A100-SXM4-40GB MIG 4g.20gb (0),1,,13,cupy_copy__complex64_complex64
4671939023,84191,303277,1,1,1,32,32,1,30,0.000,0.000,,,,,NVIDIA A100-SXM4-40GB MIG 4g.20gb (0),1,,13,"void convert_kernel<__half2, float2>(tensor_layout_any, T1 *, tensor_layout_any, const T2 *)"
4672051437,5696,303280,,,,,,,,,,0.094,16449.363,Pinned,Device,NVIDIA A100-SXM4-40GB MIG 4g.20gb (0),1,,13,[CUDA memcpy Host-to-Device]
4672066285,46560,303281,,,,,,,,,,35.810,769089.652,Device,,NVIDIA A100-SXM4-40GB MIG 4g.20gb (0),1,,13,[CUDA memset]
4672120397,3072,303283,,,,,,,,,,0.000,26.042,Pinned,Device,NVIDIA A100-SXM4-40GB MIG 4g.20gb (0),1,,13,[CUDA memcpy Host-to-Device]
4672126509,17183,303284,,,,,,,,,,0.197,11441.996,Pinned,Device,NVIDIA A100-SXM4-40GB MIG 4g.20gb (0),1,,13,[CUDA memcpy Host-to-Device]
4672156492,12896,303285,273,1,1,48,1,1,40,0.000,0.001,,,,,NVIDIA A100-SXM4-40GB MIG 4g.20gb (0),1,,13,"void pusch_noise_intf_est::noiseIntfEstNoDftSOfdmKernel<float, __half, float, float, (unsigned int)2, (unsigned int)1, (unsigned char)4, (unsigned char)4>(pusch_noise_intf_est::puschRxNoiseIntfEstDynDescr)"
4672175852,3264,303296,35,1,1,128,1,1,16,0.000,0.000,,,,,NVIDIA A100-SXM4-40GB MIG 4g.20gb (0),1,,13,cupy_copy__complex64_complex64
4672182284,1824,303305,1,1,1,1,1,1,18,0.000,0.000,,,,,NVIDIA A100-SXM4-40GB MIG 4g.20gb (0),1,,13,cupy_copy__float32_float32
4672207948,2208,303311,,,,,,,,,,0.000,1.812,Device,Pageable,NVIDIA A100-SXM4-40GB MIG 4g.20gb (0),1,,7,[CUDA memcpy Device-to-Host]
4672271851,12960,303322,1434,1,1,128,1,1,16,0.000,0.000,,,,,NVIDIA A100-SXM4-40GB MIG 4g.20gb (0),1,,13,cupy_copy__complex64_complex64
4672299018,3008,303329,103,1,1,128,1,1,16,0.000,0.000,,,,,NVIDIA A100-SXM4-40GB MIG 4g.20gb (0),1,,13,cupy_copy__complex64_complex64
4672321002,2464,303336,35,1,1,128,1,1,16,0.000,0.000,,,,,NVIDIA A100-SXM4-40GB MIG 4g.20gb (0),1,,13,cupy_copy__complex64_complex64
4672337098,1984,303343,1,1,1,1,1,1,18,0.000,0.000,,,,,NVIDIA A100-SXM4-40GB MIG 4g.20gb (0),1,,13,cupy_copy__float32_float32
4672468392,82079,303354,1,1,1,32,32,1,30,0.000,0.000,,,,,NVIDIA A100-SXM4-40GB MIG 4g.20gb (0),1,,13,"void convert_kernel<__half2, float2>(tensor_layout_any, T1 *, tensor_layout_any, const T2 *)"
4672578279,5664,303357,,,,,,,,,,0.094,16542.310,Pinned,Device,NVIDIA A100-SXM4-40GB MIG 4g.20gb (0),1,,13,[CUDA memcpy Host-to-Device]
4672593159,3232,303358,,,,,,,,,,1.547,478533.199,Device,,NVIDIA A100-SXM4-40GB MIG 4g.20gb (0),1,,13,[CUDA memset]
4672599879,3264,303363,,,,,,,,,,0.031,9588.218,Pinned,Device,NVIDIA A100-SXM4-40GB MIG 4g.20gb (0),1,,13,[CUDA memcpy Host-to-Device]
4672606247,9408,303364,,,,,,,,,,0.197,20897.858,Pinned,Device,NVIDIA A100-SXM4-40GB MIG 4g.20gb (0),1,,13,[CUDA memcpy Host-to-Device]
4672619750,8288,303365,273,1,1,8,4,1,39,0.002,0.000,,,,,NVIDIA A100-SXM4-40GB MIG 4g.20gb (0),1,,13,"void channel_eq::eqMmseCoefCompLowMimoKernel<float, float, float, (unsigned int)4, (unsigned int)1, (unsigned int)4>(const channel_eq::_puschRxChEqStatDescr *, channel_eq::_puschRxChEqCoefCompDynDescr)"
4672630182,6112,303366,273,1,1,12,11,1,51,0.002,0.000,,,,,NVIDIA A100-SXM4-40GB MIG 4g.20gb (0),1,,13,"void channel_eq::eqMmseSoftDemapKernel<float, __half, __half, float, (unsigned int)4, (unsigned short)16383>(channel_eq::_puschRxChEqStatDescr *, channel_eq::_puschRxChEqSoftDemapDynDescr)"
4672637670,280957,303367,1,1,1,32,32,1,30,0.000,0.000,,,,,NVIDIA A100-SXM4-40GB MIG 4g.20gb (0),1,,13,"void convert_kernel<float2, __half2>(tensor_layout_any, T1 *, tensor_layout_any, const T2 *)"
4672923299,10912,303379,2253,1,1,128,1,1,16,0.000,0.000,,,,,NVIDIA A100-SXM4-40GB MIG 4g.20gb (0),1,,13,cupy_copy__float16_float16
4672939715,3712,303388,282,1,1,128,1,1,16,0.000,0.000,,,,,NVIDIA A100-SXM4-40GB MIG 4g.20gb (0),1,,13,cupy_copy__complex64_complex64
4672944866,2592,303397,26,1,1,128,1,1,16,0.000,0.000,,,,,NVIDIA A100-SXM4-40GB MIG 4g.20gb (0),1,,13,cupy_copy__float32_float32
4672948738,2912,303406,103,1,1,128,1,1,16,0.000,0.000,,,,,NVIDIA A100-SXM4-40GB MIG 4g.20gb (0),1,,13,cupy_copy__complex64_complex64
4672952770,12000,303416,1434,1,1,128,1,1,16,0.000,0.000,,,,,NVIDIA A100-SXM4-40GB MIG 4g.20gb (0),1,,13,cupy_copy__complex64_complex64
4672970210,83167,303421,1,1,1,32,32,1,30,0.000,0.000,,,,,NVIDIA A100-SXM4-40GB MIG 4g.20gb (0),1,,13,"void convert_kernel<__half2, float2>(tensor_layout_any, T1 *, tensor_layout_any, const T2 *)"
4673080385,5504,303424,,,,,,,,,,0.094,17023.251,Pinned,Device,NVIDIA A100-SXM4-40GB MIG 4g.20gb (0),1,,13,[CUDA memcpy Host-to-Device]
4673090177,598392,303425,,,,,,,,,,456.561,762914.166,Device,,NVIDIA A100-SXM4-40GB MIG 4g.20gb (0),1,,13,[CUDA memset]
4673693209,168062,303430,,,,,,,,,,1.235,7347.917,Pinned,Device,NVIDIA A100-SXM4-40GB MIG 4g.20gb (0),1,,13,[CUDA memcpy Host-to-Device]
4673872791,41088,303431,,,,,,,,,,0.197,4785.046,Pinned,Device,NVIDIA A100-SXM4-40GB MIG 4g.20gb (0),1,,13,[CUDA memcpy Host-to-Device]
4673936118,8224,303432,69,4,1,48,1,1,76,0.002,0.000,,,,,NVIDIA A100-SXM4-40GB MIG 4g.20gb (0),1,,13,"void ch_est::windowedChEstPreNoDftSOfdmKernel<float, __half, float, (unsigned int)2, (unsigned int)1, (unsigned short)4>(ch_est::puschRxChEstStatDescr_t *, ch_est::puschRxChEstDynDescr_t *)"
4673954678,6752,303433,137,2,1,24,2,1,44,0.001,0.001,,,,,NVIDIA A100-SXM4-40GB MIG 4g.20gb (0),1,,13,"void ch_est::chEstFilterNoDftSOfdmDispatchKernel<float, __half, float, (unsigned int)2>(ch_est::puschRxChEstStatDescr_t *, ch_est::puschRxChEstDynDescr_t *)"
4673972438,4736,303434,137,2,1,24,2,1,44,0.001,0.001,,,,,NVIDIA A100-SXM4-40GB MIG 4g.20gb (0),1,,13,"void ch_est::chEstFilterNoDftSOfdmDispatchKernel<float, __half, float, (unsigned int)2>(ch_est::puschRxChEstStatDescr_t *, ch_est::puschRxChEstDynDescr_t *)"
4673988790,2688,303445,103,1,1,128,1,1,16,0.000,0.000,,,,,NVIDIA A100-SXM4-40GB MIG 4g.20gb (0),1,,13,cupy_copy__complex64_complex64
4674004661,12416,303455,1434,1,1,128,1,1,16,0.000,0.000,,,,,NVIDIA A100-SXM4-40GB MIG 4g.20gb (0),1,,13,cupy_copy__complex64_complex64
4674042389,2400,303462,103,1,1,128,1,1,16,0.000,0.000,,,,,NVIDIA A100-SXM4-40GB MIG 4g.20gb (0),1,,13,cupy_copy__complex64_complex64
4674057845,87711,303469,1,1,1,32,32,1,30,0.000,0.000,,,,,NVIDIA A100-SXM4-40GB MIG 4g.20gb (0),1,,13,"void convert_kernel<__half2, float2>(tensor_layout_any, T1 *, tensor_layout_any, const T2 *)"
4674176211,14400,303472,,,,,,,,,,0.094,6506.625,Pinned,Device,NVIDIA A100-SXM4-40GB MIG 4g.20gb (0),1,,13,[CUDA memcpy Host-to-Device]
4674200499,46943,303473,,,,,,,,,,35.810,762822.916,Device,,NVIDIA A100-SXM4-40GB MIG 4g.20gb (0),1,,13,[CUDA memset]
4674255186,8000,303475,,,,,,,,,,0.000,10.000,Pinned,Device,NVIDIA A100-SXM4-40GB MIG 4g.20gb (0),1,,13,[CUDA memcpy Host-to-Device]
4674272082,20352,303476,,,,,,,,,,0.197,9660.334,Pinned,Device,NVIDIA A100-SXM4-40GB MIG 4g.20gb (0),1,,13,[CUDA memcpy Host-to-Device]
4674307378,10528,303477,273,1,1,48,1,1,40,0.000,0.001,,,,,NVIDIA A100-SXM4-40GB MIG 4g.20gb (0),1,,13,"void pusch_noise_intf_est::noiseIntfEstNoDftSOfdmKernel<float, __half, float, float, (unsigned int)2, (unsigned int)1, (unsigned char)4, (unsigned char)4>(pusch_noise_intf_est::puschRxNoiseIntfEstDynDescr)"
4674324241,2592,303488,35,1,1,128,1,1,16,0.000,0.000,,,,,NVIDIA A100-SXM4-40GB MIG 4g.20gb (0),1,,13,cupy_copy__complex64_complex64
4674333777,1856,303497,1,1,1,1,1,1,18,0.000,0.000,,,,,NVIDIA A100-SXM4-40GB MIG 4g.20gb (0),1,,13,cupy_copy__float32_float32
4674340401,1760,303503,,,,,,,,,,0.000,2.273,Device,Pageable,NVIDIA A100-SXM4-40GB MIG 4g.20gb (0),1,,7,[CUDA memcpy Device-to-Host]
4674404560,12704,303514,1434,1,1,128,1,1,16,0.000,0.000,,,,,NVIDIA A100-SXM4-40GB MIG 4g.20gb (0),1,,13,cupy_copy__complex64_complex64
4674432816,2880,303521,103,1,1,128,1,1,16,0.000,0.000,,,,,NVIDIA A100-SXM4-40GB MIG 4g.20gb (0),1,,13,cupy_copy__complex64_complex64
4674451376,2336,303528,35,1,1,128,1,1,16,0.000,0.000,,,,,NVIDIA A100-SXM4-40GB MIG 4g.20gb (0),1,,13,cupy_copy__complex64_complex64
4674470992,1984,303535,1,1,1,1,1,1,18,0.000,0.000,,,,,NVIDIA A100-SXM4-40GB MIG 4g.20gb (0),1,,13,cupy_copy__float32_float32
4674601550,82879,303546,1,1,1,32,32,1,30,0.000,0.000,,,,,NVIDIA A100-SXM4-40GB MIG 4g.20gb (0),1,,13,"void convert_kernel<__half2, float2>(tensor_layout_any, T1 *, tensor_layout_any, const T2 *)"
4674711821,5696,303549,,,,,,,,,,0.094,16449.363,Pinned,Device,NVIDIA A100-SXM4-40GB MIG 4g.20gb (0),1,,13,[CUDA memcpy Host-to-Device]
4674726253,3103,303550,,,,,,,,,,1.547,498427.423,Device,,NVIDIA A100-SXM4-40GB MIG 4g.20gb (0),1,,13,[CUDA memset]
4674733644,3008,303555,,,,,,,,,,0.031,10404.230,Pinned,Device,NVIDIA A100-SXM4-40GB MIG 4g.20gb (0),1,,13,[CUDA memcpy Host-to-Device]
4674739020,9408,303556,,,,,,,,,,0.197,20897.858,Pinned,Device,NVIDIA A100-SXM4-40GB MIG 4g.20gb (0),1,,13,[CUDA memcpy Host-to-Device]
4674752908,7936,303557,273,1,1,8,4,1,39,0.002,0.000,,,,,NVIDIA A100-SXM4-40GB MIG 4g.20gb (0),1,,13,"void channel_eq::eqMmseCoefCompLowMimoKernel<float, float, float, (unsigned int)4, (unsigned int)1, (unsigned int)4>(const channel_eq::_puschRxChEqStatDescr *, channel_eq::_puschRxChEqCoefCompDynDescr)"
4674763596,8128,303558,273,1,1,12,11,1,51,0.002,0.000,,,,,NVIDIA A100-SXM4-40GB MIG 4g.20gb (0),1,,13,"void channel_eq::eqMmseSoftDemapKernel<float, __half, __half, float, (unsigned int)4, (unsigned short)16383>(channel_eq::_puschRxChEqStatDescr *, channel_eq::_puschRxChEqSoftDemapDynDescr)"
4674772972,283644,303559,1,1,1,32,32,1,30,0.000,0.000,,,,,NVIDIA A100-SXM4-40GB MIG 4g.20gb (0),1,,13,"void convert_kernel<float2, __half2>(tensor_layout_any, T1 *, tensor_layout_any, const T2 *)"
4675058600,10912,303571,2253,1,1,128,1,1,16,0.000,0.000,,,,,NVIDIA A100-SXM4-40GB MIG 4g.20gb (0),1,,13,cupy_copy__float16_float16
4675071784,3200,303580,282,1,1,128,1,1,16,0.000,0.000,,,,,NVIDIA A100-SXM4-40GB MIG 4g.20gb (0),1,,13,cupy_copy__complex64_complex64
4675076040,2016,303589,26,1,1,128,1,1,16,0.000,0.000,,,,,NVIDIA A100-SXM4-40GB MIG 4g.20gb (0),1,,13,cupy_copy__float32_float32
4675081096,3328,303598,103,1,1,128,1,1,16,0.000,0.000,,,,,NVIDIA A100-SXM4-40GB MIG 4g.20gb (0),1,,13,cupy_copy__complex64_complex64
4675088040,12032,303608,1434,1,1,128,1,1,16,0.000,0.000,,,,,NVIDIA A100-SXM4-40GB MIG 4g.20gb (0),1,,13,cupy_copy__complex64_complex64
4675115240,82303,303613,1,1,1,32,32,1,30,0.000,0.000,,,,,NVIDIA A100-SXM4-40GB MIG 4g.20gb (0),1,,13,"void convert_kernel<__half2, float2>(tensor_layout_any, T1 *, tensor_layout_any, const T2 *)"
4675223846,5504,303616,,,,,,,,,,0.094,17023.251,Pinned,Device,NVIDIA A100-SXM4-40GB MIG 4g.20gb (0),1,,13,[CUDA memcpy Host-to-Device]
4675233542,599801,303617,,,,,,,,,,456.561,761087.920,Device,,NVIDIA A100-SXM4-40GB MIG 4g.20gb (0),1,,13,[CUDA memset]
4675835007,162878,303622,,,,,,,,,,1.235,7581.321,Pinned,Device,NVIDIA A100-SXM4-40GB MIG 4g.20gb (0),1,,13,[CUDA memcpy Host-to-Device]
4676010685,44063,303623,,,,,,,,,,0.197,4461.822,Pinned,Device,NVIDIA A100-SXM4-40GB MIG 4g.20gb (0),1,,13,[CUDA memcpy Host-to-Device]
4676075516,8160,303624,69,4,1,48,1,1,76,0.002,0.000,,,,,NVIDIA A100-SXM4-40GB MIG 4g.20gb (0),1,,13,"void ch_est::windowedChEstPreNoDftSOfdmKernel<float, __half, float, (unsigned int)2, (unsigned int)1, (unsigned short)4>(ch_est::puschRxChEstStatDescr_t *, ch_est::puschRxChEstDynDescr_t *)"
4676094908,6784,303625,137,2,1,24,2,1,44,0.001,0.001,,,,,NVIDIA A100-SXM4-40GB MIG 4g.20gb (0),1,,13,"void ch_est::chEstFilterNoDftSOfdmDispatchKernel<float, __half, float, (unsigned int)2>(ch_est::puschRxChEstStatDescr_t *, ch_est::puschRxChEstDynDescr_t *)"
4676111707,4736,303626,137,2,1,24,2,1,44,0.001,0.001,,,,,NVIDIA A100-SXM4-40GB MIG 4g.20gb (0),1,,13,"void ch_est::chEstFilterNoDftSOfdmDispatchKernel<float, __half, float, (unsigned int)2>(ch_est::puschRxChEstStatDescr_t *, ch_est::puschRxChEstDynDescr_t *)"
4676131675,2592,303637,103,1,1,128,1,1,16,0.000,0.000,,,,,NVIDIA A100-SXM4-40GB MIG 4g.20gb (0),1,,13,cupy_copy__complex64_complex64
4676148379,12672,303647,1434,1,1,128,1,1,16,0.000,0.000,,,,,NVIDIA A100-SXM4-40GB MIG 4g.20gb (0),1,,13,cupy_copy__complex64_complex64
4676167611,2528,303654,103,1,1,128,1,1,16,0.000,0.000,,,,,NVIDIA A100-SXM4-40GB MIG 4g.20gb (0),1,,13,cupy_copy__complex64_complex64
4676188603,86238,303661,1,1,1,32,32,1,30,0.000,0.000,,,,,NVIDIA A100-SXM4-40GB MIG 4g.20gb (0),1,,13,"void convert_kernel<__half2, float2>(tensor_layout_any, T1 *, tensor_layout_any, const T2 *)"
4676308089,25888,303664,,,,,,,,,,0.094,3619.195,Pinned,Device,NVIDIA A100-SXM4-40GB MIG 4g.20gb (0),1,,13,[CUDA memcpy Host-to-Device]
4676345785,47039,303665,,,,,,,,,,35.810,761247.279,Device,,NVIDIA A100-SXM4-40GB MIG 4g.20gb (0),1,,13,[CUDA memset]
4676393560,11968,303667,,,,,,,,,,0.000,6.684,Pinned,Device,NVIDIA A100-SXM4-40GB MIG 4g.20gb (0),1,,13,[CUDA memcpy Host-to-Device]
4676415736,23935,303668,,,,,,,,,,0.197,8214.086,Pinned,Device,NVIDIA A100-SXM4-40GB MIG 4g.20gb (0),1,,13,[CUDA memcpy Host-to-Device]
4676459223,9984,303669,273,1,1,48,1,1,40,0.000,0.001,,,,,NVIDIA A100-SXM4-40GB MIG 4g.20gb (0),1,,13,"void pusch_noise_intf_est::noiseIntfEstNoDftSOfdmKernel<float, __half, float, float, (unsigned int)2, (unsigned int)1, (unsigned char)4, (unsigned char)4>(pusch_noise_intf_est::puschRxNoiseIntfEstDynDescr)"
4676475927,2752,303680,35,1,1,128,1,1,16,0.000,0.000,,,,,NVIDIA A100-SXM4-40GB MIG 4g.20gb (0),1,,13,cupy_copy__complex64_complex64
4676492663,1760,303689,1,1,1,1,1,1,18,0.000,0.000,,,,,NVIDIA A100-SXM4-40GB MIG 4g.20gb (0),1,,13,cupy_copy__float32_float32
4676495575,8352,303695,,,,,,,,,,0.000,0.479,Device,Pageable,NVIDIA A100-SXM4-40GB MIG 4g.20gb (0),1,,7,[CUDA memcpy Device-to-Host]
4676584726,12671,303706,1434,1,1,128,1,1,16,0.000,0.000,,,,,NVIDIA A100-SXM4-40GB MIG 4g.20gb (0),1,,13,cupy_copy__complex64_complex64
4676622037,3296,303713,103,1,1,128,1,1,16,0.000,0.000,,,,,NVIDIA A100-SXM4-40GB MIG 4g.20gb (0),1,,13,cupy_copy__complex64_complex64
4676639509,2176,303720,35,1,1,128,1,1,16,0.000,0.000,,,,,NVIDIA A100-SXM4-40GB MIG 4g.20gb (0),1,,13,cupy_copy__complex64_complex64
4676643029,1728,303727,1,1,1,1,1,1,18,0.000,0.000,,,,,NVIDIA A100-SXM4-40GB MIG 4g.20gb (0),1,,13,cupy_copy__float32_float32
4676772723,83743,303738,1,1,1,32,32,1,30,0.000,0.000,,,,,NVIDIA A100-SXM4-40GB MIG 4g.20gb (0),1,,13,"void convert_kernel<__half2, float2>(tensor_layout_any, T1 *, tensor_layout_any, const T2 *)"
4676884434,5760,303741,,,,,,,,,,0.094,16266.656,Pinned,Device,NVIDIA A100-SXM4-40GB MIG 4g.20gb (0),1,,13,[CUDA memcpy Host-to-Device]
4676901522,3232,303742,,,,,,,,,,1.547,478533.199,Device,,NVIDIA A100-SXM4-40GB MIG 4g.20gb (0),1,,13,[CUDA memset]
4676905842,3712,303747,,,,,,,,,,0.031,8431.017,Pinned,Device,NVIDIA A100-SXM4-40GB MIG 4g.20gb (0),1,,13,[CUDA memcpy Host-to-Device]
4676912434,9983,303748,,,,,,,,,,0.197,19694.223,Pinned,Device,NVIDIA A100-SXM4-40GB MIG 4g.20gb (0),1,,13,[CUDA memcpy Host-to-Device]
4676926705,7104,303749,273,1,1,8,4,1,39,0.002,0.000,,,,,NVIDIA A100-SXM4-40GB MIG 4g.20gb (0),1,,13,"void channel_eq::eqMmseCoefCompLowMimoKernel<float, float, float, (unsigned int)4, (unsigned int)1, (unsigned int)4>(const channel_eq::_puschRxChEqStatDescr *, channel_eq::_puschRxChEqCoefCompDynDescr)"
4676934801,6432,303750,273,1,1,12,11,1,51,0.002,0.000,,,,,NVIDIA A100-SXM4-40GB MIG 4g.20gb (0),1,,13,"void channel_eq::eqMmseSoftDemapKernel<float, __half, __half, float, (unsigned int)4, (unsigned short)16383>(channel_eq::_puschRxChEqStatDescr *, channel_eq::_puschRxChEqSoftDemapDynDescr)"
4676942449,282877,303751,1,1,1,32,32,1,30,0.000,0.000,,,,,NVIDIA A100-SXM4-40GB MIG 4g.20gb (0),1,,13,"void convert_kernel<float2, __half2>(tensor_layout_any, T1 *, tensor_layout_any, const T2 *)"
4677226670,11040,303763,2253,1,1,128,1,1,16,0.000,0.000,,,,,NVIDIA A100-SXM4-40GB MIG 4g.20gb (0),1,,13,cupy_copy__float16_float16
4677239950,3776,303772,282,1,1,128,1,1,16,0.000,0.000,,,,,NVIDIA A100-SXM4-40GB MIG 4g.20gb (0),1,,13,cupy_copy__complex64_complex64
4677245709,2080,303781,26,1,1,128,1,1,16,0.000,0.000,,,,,NVIDIA A100-SXM4-40GB MIG 4g.20gb (0),1,,13,cupy_copy__float32_float32
4677250573,3296,303790,103,1,1,128,1,1,16,0.000,0.000,,,,,NVIDIA A100-SXM4-40GB MIG 4g.20gb (0),1,,13,cupy_copy__complex64_complex64
4677254925,12160,303800,1434,1,1,128,1,1,16,0.000,0.000,,,,,NVIDIA A100-SXM4-40GB MIG 4g.20gb (0),1,,13,cupy_copy__complex64_complex64
4677275693,86783,303805,1,1,1,32,32,1,30,0.000,0.000,,,,,NVIDIA A100-SXM4-40GB MIG 4g.20gb (0),1,,13,"void convert_kernel<__half2, float2>(tensor_layout_any, T1 *, tensor_layout_any, const T2 *)"
4677390188,5504,303808,,,,,,,,,,0.094,17023.251,Pinned,Device,NVIDIA A100-SXM4-40GB MIG 4g.20gb (0),1,,13,[CUDA memcpy Host-to-Device]
4677400428,599224,303809,,,,,,,,,,456.561,761544.482,Device,,NVIDIA A100-SXM4-40GB MIG 4g.20gb (0),1,,13,[CUDA memset]
4678005060,82015,303814,,,,,,,,,,1.235,15056.437,Pinned,Device,NVIDIA A100-SXM4-40GB MIG 4g.20gb (0),1,,13,[CUDA memcpy Host-to-Device]
4678091427,11744,303815,,,,,,,,,,0.197,16740.975,Pinned,Device,NVIDIA A100-SXM4-40GB MIG 4g.20gb (0),1,,13,[CUDA memcpy Host-to-Device]
4678110083,9504,303816,69,4,1,48,1,1,76,0.002,0.000,,,,,NVIDIA A100-SXM4-40GB MIG 4g.20gb (0),1,,13,"void ch_est::windowedChEstPreNoDftSOfdmKernel<float, __half, float, (unsigned int)2, (unsigned int)1, (unsigned short)4>(ch_est::puschRxChEstStatDescr_t *, ch_est::puschRxChEstDynDescr_t *)"
4678121699,6720,303817,137,2,1,24,2,1,44,0.001,0.001,,,,,NVIDIA A100-SXM4-40GB MIG 4g.20gb (0),1,,13,"void ch_est::chEstFilterNoDftSOfdmDispatchKernel<float, __half, float, (unsigned int)2>(ch_est::puschRxChEstStatDescr_t *, ch_est::puschRxChEstDynDescr_t *)"
4678129955,5408,303818,137,2,1,24,2,1,44,0.001,0.001,,,,,NVIDIA A100-SXM4-40GB MIG 4g.20gb (0),1,,13,"void ch_est::chEstFilterNoDftSOfdmDispatchKernel<float, __half, float, (unsigned int)2>(ch_est::puschRxChEstStatDescr_t *, ch_est::puschRxChEstDynDescr_t *)"
4678136739,2527,303829,103,1,1,128,1,1,16,0.000,0.000,,,,,NVIDIA A100-SXM4-40GB MIG 4g.20gb (0),1,,13,cupy_copy__complex64_complex64
4678142466,12736,303839,1434,1,1,128,1,1,16,0.000,0.000,,,,,NVIDIA A100-SXM4-40GB MIG 4g.20gb (0),1,,13,cupy_copy__complex64_complex64
4678156962,3104,303846,103,1,1,128,1,1,16,0.000,0.000,,,,,NVIDIA A100-SXM4-40GB MIG 4g.20gb (0),1,,13,cupy_copy__complex64_complex64
4678164322,87487,303853,1,1,1,32,32,1,30,0.000,0.000,,,,,NVIDIA A100-SXM4-40GB MIG 4g.20gb (0),1,,13,"void convert_kernel<__half2, float2>(tensor_layout_any, T1 *, tensor_layout_any, const T2 *)"
4678279585,6656,303856,,,,,,,,,,0.094,14076.887,Pinned,Device,NVIDIA A100-SXM4-40GB MIG 4g.20gb (0),1,,13,[CUDA memcpy Host-to-Device]
4678291905,46847,303857,,,,,,,,,,35.810,764398.552,Device,,NVIDIA A100-SXM4-40GB MIG 4g.20gb (0),1,,13,[CUDA memset]
4678344800,4672,303859,,,,,,,,,,0.000,17.123,Pinned,Device,NVIDIA A100-SXM4-40GB MIG 4g.20gb (0),1,,13,[CUDA memcpy Host-to-Device]
4678354496,12992,303860,,,,,,,,,,0.197,15132.918,Pinned,Device,NVIDIA A100-SXM4-40GB MIG 4g.20gb (0),1,,13,[CUDA memcpy Host-to-Device]
4678375936,10143,303861,273,1,1,48,1,1,40,0.000,0.001,,,,,NVIDIA A100-SXM4-40GB MIG 4g.20gb (0),1,,13,"void pusch_noise_intf_est::noiseIntfEstNoDftSOfdmKernel<float, __half, float, float, (unsigned int)2, (unsigned int)1, (unsigned char)4, (unsigned char)4>(pusch_noise_intf_est::puschRxNoiseIntfEstDynDescr)"
4678389471,3072,303872,35,1,1,128,1,1,16,0.000,0.000,,,,,NVIDIA A100-SXM4-40GB MIG 4g.20gb (0),1,,13,cupy_copy__complex64_complex64
4678402495,2176,303881,1,1,1,1,1,1,18,0.000,0.000,,,,,NVIDIA A100-SXM4-40GB MIG 4g.20gb (0),1,,13,cupy_copy__float32_float32
4678430623,1568,303887,,,,,,,,,,0.000,2.551,Device,Pageable,NVIDIA A100-SXM4-40GB MIG 4g.20gb (0),1,,7,[CUDA memcpy Device-to-Host]
4678490046,13024,303898,1434,1,1,128,1,1,16,0.000,0.000,,,,,NVIDIA A100-SXM4-40GB MIG 4g.20gb (0),1,,13,cupy_copy__complex64_complex64
4678516638,2624,303905,103,1,1,128,1,1,16,0.000,0.000,,,,,NVIDIA A100-SXM4-40GB MIG 4g.20gb (0),1,,13,cupy_copy__complex64_complex64
4678536958,2784,303912,35,1,1,128,1,1,16,0.000,0.000,,,,,NVIDIA A100-SXM4-40GB MIG 4g.20gb (0),1,,13,cupy_copy__complex64_complex64
4678556541,2080,303919,1,1,1,1,1,1,18,0.000,0.000,,,,,NVIDIA A100-SXM4-40GB MIG 4g.20gb (0),1,,13,cupy_copy__float32_float32
4678688316,82207,303930,1,1,1,32,32,1,30,0.000,0.000,,,,,NVIDIA A100-SXM4-40GB MIG 4g.20gb (0),1,,13,"void convert_kernel<__half2, float2>(tensor_layout_any, T1 *, tensor_layout_any, const T2 *)"
4678798490,6048,303933,,,,,,,,,,0.094,15491.978,Pinned,Device,NVIDIA A100-SXM4-40GB MIG 4g.20gb (0),1,,13,[CUDA memcpy Host-to-Device]
4678813306,3616,303934,,,,,,,,,,1.547,427715.774,Device,,NVIDIA A100-SXM4-40GB MIG 4g.20gb (0),1,,13,[CUDA memset]
4678819642,3072,303939,,,,,,,,,,0.031,10187.474,Pinned,Device,NVIDIA A100-SXM4-40GB MIG 4g.20gb (0),1,,13,[CUDA memcpy Host-to-Device]
4678825466,9472,303940,,,,,,,,,,0.197,20756.693,Pinned,Device,NVIDIA A100-SXM4-40GB MIG 4g.20gb (0),1,,13,[CUDA memcpy Host-to-Device]
4678841658,6304,303941,273,1,1,8,4,1,39,0.002,0.000,,,,,NVIDIA A100-SXM4-40GB MIG 4g.20gb (0),1,,13,"void channel_eq::eqMmseCoefCompLowMimoKernel<float, float, float, (unsigned int)4, (unsigned int)1, (unsigned int)4>(const channel_eq::_puschRxChEqStatDescr *, channel_eq::_puschRxChEqCoefCompDynDescr)"
4678849114,5184,303942,273,1,1,12,11,1,51,0.002,0.000,,,,,NVIDIA A100-SXM4-40GB MIG 4g.20gb (0),1,,13,"void channel_eq::eqMmseSoftDemapKernel<float, __half, __half, float, (unsigned int)4, (unsigned short)16383>(channel_eq::_puschRxChEqStatDescr *, channel_eq::_puschRxChEqSoftDemapDynDescr)"
4678857050,294428,303943,1,1,1,32,32,1,30,0.000,0.000,,,,,NVIDIA A100-SXM4-40GB MIG 4g.20gb (0),1,,13,"void convert_kernel<float2, __half2>(tensor_layout_any, T1 *, tensor_layout_any, const T2 *)"
4679152534,11008,303955,2253,1,1,128,1,1,16,0.000,0.000,,,,,NVIDIA A100-SXM4-40GB MIG 4g.20gb (0),1,,13,cupy_copy__float16_float16
4679168438,2688,303964,282,1,1,128,1,1,16,0.000,0.000,,,,,NVIDIA A100-SXM4-40GB MIG 4g.20gb (0),1,,13,cupy_copy__complex64_complex64
4679174102,1952,303973,26,1,1,128,1,1,16,0.000,0.000,,,,,NVIDIA A100-SXM4-40GB MIG 4g.20gb (0),1,,13,cupy_copy__float32_float32
4679177558,4736,303982,103,1,1,128,1,1,16,0.000,0.000,,,,,NVIDIA A100-SXM4-40GB MIG 4g.20gb (0),1,,13,cupy_copy__complex64_complex64
4679183414,12127,303992,1434,1,1,128,1,1,16,0.000,0.000,,,,,NVIDIA A100-SXM4-40GB MIG 4g.20gb (0),1,,13,cupy_copy__complex64_complex64
4679200565,82655,303997,1,1,1,32,32,1,30,0.000,0.000,,,,,NVIDIA A100-SXM4-40GB MIG 4g.20gb (0),1,,13,"void convert_kernel<__half2, float2>(tensor_layout_any, T1 *, tensor_layout_any, const T2 *)"
4679310548,5504,304000,,,,,,,,,,0.094,17023.251,Pinned,Device,NVIDIA A100-SXM4-40GB MIG 4g.20gb (0),1,,13,[CUDA memcpy Host-to-Device]
4679320148,597369,304001,,,,,,,,,,456.561,764283.851,Device,,NVIDIA A100-SXM4-40GB MIG 4g.20gb (0),1,,13,[CUDA memset]
4679924204,141663,304006,,,,,,,,,,1.235,8717.470,Pinned,Device,NVIDIA A100-SXM4-40GB MIG 4g.20gb (0),1,,13,[CUDA memcpy Host-to-Device]
4680079467,40287,304007,,,,,,,,,,0.197,4880.007,Pinned,Device,NVIDIA A100-SXM4-40GB MIG 4g.20gb (0),1,,13,[CUDA memcpy Host-to-Device]
4680149002,8160,304008,69,4,1,48,1,1,76,0.002,0.000,,,,,NVIDIA A100-SXM4-40GB MIG 4g.20gb (0),1,,13,"void ch_est::windowedChEstPreNoDftSOfdmKernel<float, __half, float, (unsigned int)2, (unsigned int)1, (unsigned short)4>(ch_est::puschRxChEstStatDescr_t *, ch_est::puschRxChEstDynDescr_t *)"
4680166762,6719,304009,137,2,1,24,2,1,44,0.001,0.001,,,,,NVIDIA A100-SXM4-40GB MIG 4g.20gb (0),1,,13,"void ch_est::chEstFilterNoDftSOfdmDispatchKernel<float, __half, float, (unsigned int)2>(ch_est::puschRxChEstStatDescr_t *, ch_est::puschRxChEstDynDescr_t *)"
4680184361,4768,304010,137,2,1,24,2,1,44,0.001,0.001,,,,,NVIDIA A100-SXM4-40GB MIG 4g.20gb (0),1,,13,"void ch_est::chEstFilterNoDftSOfdmDispatchKernel<float, __half, float, (unsigned int)2>(ch_est::puschRxChEstStatDescr_t *, ch_est::puschRxChEstDynDescr_t *)"
4680200937,2720,304021,103,1,1,128,1,1,16,0.000,0.000,,,,,NVIDIA A100-SXM4-40GB MIG 4g.20gb (0),1,,13,cupy_copy__complex64_complex64
4680218025,12640,304031,1434,1,1,128,1,1,16,0.000,0.000,,,,,NVIDIA A100-SXM4-40GB MIG 4g.20gb (0),1,,13,cupy_copy__complex64_complex64
4680240681,2592,304038,103,1,1,128,1,1,16,0.000,0.000,,,,,NVIDIA A100-SXM4-40GB MIG 4g.20gb (0),1,,13,cupy_copy__complex64_complex64
4680261032,84991,304045,1,1,1,32,32,1,30,0.000,0.000,,,,,NVIDIA A100-SXM4-40GB MIG 4g.20gb (0),1,,13,"void convert_kernel<__half2, float2>(tensor_layout_any, T1 *, tensor_layout_any, const T2 *)"
4680374407,7232,304048,,,,,,,,,,0.094,12955.721,Pinned,Device,NVIDIA A100-SXM4-40GB MIG 4g.20gb (0),1,,13,[CUDA memcpy Host-to-Device]
4680390055,47167,304049,,,,,,,,,,35.810,759206.114,Device,,NVIDIA A100-SXM4-40GB MIG 4g.20gb (0),1,,13,[CUDA memset]
4680445094,3584,304051,,,,,,,,,,0.000,22.321,Pinned,Device,NVIDIA A100-SXM4-40GB MIG 4g.20gb (0),1,,13,[CUDA memcpy Host-to-Device]
4680453542,11392,304052,,,,,,,,,,0.197,17258.250,Pinned,Device,NVIDIA A100-SXM4-40GB MIG 4g.20gb (0),1,,13,[CUDA memcpy Host-to-Device]
4680473926,11008,304053,273,1,1,48,1,1,40,0.000,0.001,,,,,NVIDIA A100-SXM4-40GB MIG 4g.20gb (0),1,,13,"void pusch_noise_intf_est::noiseIntfEstNoDftSOfdmKernel<float, __half, float, float, (unsigned int)2, (unsigned int)1, (unsigned char)4, (unsigned char)4>(pusch_noise_intf_est::puschRxNoiseIntfEstDynDescr)"
4680487750,3008,304064,35,1,1,128,1,1,16,0.000,0.000,,,,,NVIDIA A100-SXM4-40GB MIG 4g.20gb (0),1,,13,cupy_copy__complex64_complex64
4680494821,1984,304073,1,1,1,1,1,1,18,0.000,0.000,,,,,NVIDIA A100-SXM4-40GB MIG 4g.20gb (0),1,,13,cupy_copy__float32_float32
4680524517,1568,304079,,,,,,,,,,0.000,2.551,Device,Pageable,NVIDIA A100-SXM4-40GB MIG 4g.20gb (0),1,,7,[CUDA memcpy Device-to-Host]
4680582532,12800,304090,1434,1,1,128,1,1,16,0.000,0.000,,,,,NVIDIA A100-SXM4-40GB MIG 4g.20gb (0),1,,13,cupy_copy__complex64_complex64
4680611428,2656,304097,103,1,1,128,1,1,16,0.000,0.000,,,,,NVIDIA A100-SXM4-40GB MIG 4g.20gb (0),1,,13,cupy_copy__complex64_complex64
4680631460,2816,304104,35,1,1,128,1,1,16,0.000,0.000,,,,,NVIDIA A100-SXM4-40GB MIG 4g.20gb (0),1,,13,cupy_copy__complex64_complex64
4680649188,1856,304111,1,1,1,1,1,1,18,0.000,0.000,,,,,NVIDIA A100-SXM4-40GB MIG 4g.20gb (0),1,,13,cupy_copy__float32_float32
4680778978,82527,304122,1,1,1,32,32,1,30,0.000,0.000,,,,,NVIDIA A100-SXM4-40GB MIG 4g.20gb (0),1,,13,"void convert_kernel<__half2, float2>(tensor_layout_any, T1 *, tensor_layout_any, const T2 *)"
4680889409,5856,304125,,,,,,,,,,0.094,15999.997,Pinned,Device,NVIDIA A100-SXM4-40GB MIG 4g.20gb (0),1,,13,[CUDA memcpy Host-to-Device]
4680903968,3360,304126,,,,,,,,,,1.547,460304.688,Device,,NVIDIA A100-SXM4-40GB MIG 4g.20gb (0),1,,13,[CUDA memset]
4680910880,3584,304131,,,,,,,,,,0.031,8732.116,Pinned,Device,NVIDIA A100-SXM4-40GB MIG 4g.20gb (0),1,,13,[CUDA memcpy Host-to-Device]
4680917216,9760,304132,,,,,,,,,,0.197,20144.259,Pinned,Device,NVIDIA A100-SXM4-40GB MIG 4g.20gb (0),1,,13,[CUDA memcpy Host-to-Device]
4680932256,6944,304133,273,1,1,8,4,1,39,0.002,0.000,,,,,NVIDIA A100-SXM4-40GB MIG 4g.20gb (0),1,,13,"void channel_eq::eqMmseCoefCompLowMimoKernel<float, float, float, (unsigned int)4, (unsigned int)1, (unsigned int)4>(const channel_eq::_puschRxChEqStatDescr *, channel_eq::_puschRxChEqCoefCompDynDescr)"
4680940192,7712,304134,273,1,1,12,11,1,51,0.002,0.000,,,,,NVIDIA A100-SXM4-40GB MIG 4g.20gb (0),1,,13,"void channel_eq::eqMmseSoftDemapKernel<float, __half, __half, float, (unsigned int)4, (unsigned short)16383>(channel_eq::_puschRxChEqStatDescr *, channel_eq::_puschRxChEqSoftDemapDynDescr)"
4680948832,282108,304135,1,1,1,32,32,1,30,0.000,0.000,,,,,NVIDIA A100-SXM4-40GB MIG 4g.20gb (0),1,,13,"void convert_kernel<float2, __half2>(tensor_layout_any, T1 *, tensor_layout_any, const T2 *)"
4681233340,11136,304147,2253,1,1,128,1,1,16,0.000,0.000,,,,,NVIDIA A100-SXM4-40GB MIG 4g.20gb (0),1,,13,cupy_copy__float16_float16
4681247708,2976,304156,282,1,1,128,1,1,16,0.000,0.000,,,,,NVIDIA A100-SXM4-40GB MIG 4g.20gb (0),1,,13,cupy_copy__complex64_complex64
4681252508,2048,304165,26,1,1,128,1,1,16,0.000,0.000,,,,,NVIDIA A100-SXM4-40GB MIG 4g.20gb (0),1,,13,cupy_copy__float32_float32
4681259036,3200,304174,103,1,1,128,1,1,16,0.000,0.000,,,,,NVIDIA A100-SXM4-40GB MIG 4g.20gb (0),1,,13,cupy_copy__complex64_complex64
4681264220,12128,304184,1434,1,1,128,1,1,16,0.000,0.000,,,,,NVIDIA A100-SXM4-40GB MIG 4g.20gb (0),1,,13,cupy_copy__complex64_complex64
4681279740,87359,304189,1,1,1,32,32,1,30,0.000,0.000,,,,,NVIDIA A100-SXM4-40GB MIG 4g.20gb (0),1,,13,"void convert_kernel<__half2, float2>(tensor_layout_any, T1 *, tensor_layout_any, const T2 *)"
4681394778,5792,304192,,,,,,,,,,0.094,16176.708,Pinned,Device,NVIDIA A100-SXM4-40GB MIG 4g.20gb (0),1,,13,[CUDA memcpy Host-to-Device]
4681404730,595801,304193,,,,,,,,,,456.561,766110.096,Device,,NVIDIA A100-SXM4-40GB MIG 4g.20gb (0),1,,13,[CUDA memset]
4682005331,158526,304198,,,,,,,,,,1.235,7790.027,Pinned,Device,NVIDIA A100-SXM4-40GB MIG 4g.20gb (0),1,,13,[CUDA memcpy Host-to-Device]
4682175409,40287,304199,,,,,,,,,,0.197,4880.007,Pinned,Device,NVIDIA A100-SXM4-40GB MIG 4g.20gb (0),1,,13,[CUDA memcpy Host-to-Device]
4682246224,8096,304200,69,4,1,48,1,1,76,0.002,0.000,,,,,NVIDIA A100-SXM4-40GB MIG 4g.20gb (0),1,,13,"void ch_est::windowedChEstPreNoDftSOfdmKernel<float, __half, float, (unsigned int)2, (unsigned int)1, (unsigned short)4>(ch_est::puschRxChEstStatDescr_t *, ch_est::puschRxChEstDynDescr_t *)"
4682265424,6752,304201,137,2,1,24,2,1,44,0.001,0.001,,,,,NVIDIA A100-SXM4-40GB MIG 4g.20gb (0),1,,13,"void ch_est::chEstFilterNoDftSOfdmDispatchKernel<float, __half, float, (unsigned int)2>(ch_est::puschRxChEstStatDescr_t *, ch_est::puschRxChEstDynDescr_t *)"
4682282959,4768,304202,137,2,1,24,2,1,44,0.001,0.001,,,,,NVIDIA A100-SXM4-40GB MIG 4g.20gb (0),1,,13,"void ch_est::chEstFilterNoDftSOfdmDispatchKernel<float, __half, float, (unsigned int)2>(ch_est::puschRxChEstStatDescr_t *, ch_est::puschRxChEstDynDescr_t *)"
4682300047,2752,304213,103,1,1,128,1,1,16,0.000,0.000,,,,,NVIDIA A100-SXM4-40GB MIG 4g.20gb (0),1,,13,cupy_copy__complex64_complex64
4682316719,12512,304223,1434,1,1,128,1,1,16,0.000,0.000,,,,,NVIDIA A100-SXM4-40GB MIG 4g.20gb (0),1,,13,cupy_copy__complex64_complex64
4682340047,2528,304230,103,1,1,128,1,1,16,0.000,0.000,,,,,NVIDIA A100-SXM4-40GB MIG 4g.20gb (0),1,,13,cupy_copy__complex64_complex64
4682362606,96959,304237,1,1,1,32,32,1,30,0.000,0.000,,,,,NVIDIA A100-SXM4-40GB MIG 4g.20gb (0),1,,13,"void convert_kernel<__half2, float2>(tensor_layout_any, T1 *, tensor_layout_any, const T2 *)"
4682492141,16928,304240,,,,,,,,,,0.094,5534.904,Pinned,Device,NVIDIA A100-SXM4-40GB MIG 4g.20gb (0),1,,13,[CUDA memcpy Host-to-Device]
4682527884,46720,304241,,,,,,,,,,35.810,766475.528,Device,,NVIDIA A100-SXM4-40GB MIG 4g.20gb (0),1,,13,[CUDA memset]
4682578444,13696,304243,,,,,,,,,,0.000,5.841,Pinned,Device,NVIDIA A100-SXM4-40GB MIG 4g.20gb (0),1,,13,[CUDA memcpy Host-to-Device]
4682596876,32895,304244,,,,,,,,,,0.197,5976.687,Pinned,Device,NVIDIA A100-SXM4-40GB MIG 4g.20gb (0),1,,13,[CUDA memcpy Host-to-Device]
4682654187,10240,304245,273,1,1,48,1,1,40,0.000,0.001,,,,,NVIDIA A100-SXM4-40GB MIG 4g.20gb (0),1,,13,"void pusch_noise_intf_est::noiseIntfEstNoDftSOfdmKernel<float, __half, float, float, (unsigned int)2, (unsigned int)1, (unsigned char)4, (unsigned char)4>(pusch_noise_intf_est::puschRxNoiseIntfEstDynDescr)"
4682672715,2816,304256,35,1,1,128,1,1,16,0.000,0.000,,,,,NVIDIA A100-SXM4-40GB MIG 4g.20gb (0),1,,13,cupy_copy__complex64_complex64
4682682347,1695,304265,1,1,1,1,1,1,18,0.000,0.000,,,,,NVIDIA A100-SXM4-40GB MIG 4g.20gb (0),1,,13,cupy_copy__float32_float32
4682685898,3040,304271,,,,,,,,,,0.000,1.316,Device,Pageable,NVIDIA A100-SXM4-40GB MIG 4g.20gb (0),1,,7,[CUDA memcpy Device-to-Host]
4682761482,12799,304282,1434,1,1,128,1,1,16,0.000,0.000,,,,,NVIDIA A100-SXM4-40GB MIG 4g.20gb (0),1,,13,cupy_copy__complex64_complex64
4682785449,2912,304289,103,1,1,128,1,1,16,0.000,0.000,,,,,NVIDIA A100-SXM4-40GB MIG 4g.20gb (0),1,,13,cupy_copy__complex64_complex64
4682803881,2720,304296,35,1,1,128,1,1,16,0.000,0.000,,,,,NVIDIA A100-SXM4-40GB MIG 4g.20gb (0),1,,13,cupy_copy__complex64_complex64
4682824169,1792,304303,1,1,1,1,1,1,18,0.000,0.000,,,,,NVIDIA A100-SXM4-40GB MIG 4g.20gb (0),1,,13,cupy_copy__float32_float32
4682958279,83167,304314,1,1,1,32,32,1,30,0.000,0.000,,,,,NVIDIA A100-SXM4-40GB MIG 4g.20gb (0),1,,13,"void convert_kernel<__half2, float2>(tensor_layout_any, T1 *, tensor_layout_any, const T2 *)"
4683069958,5408,304317,,,,,,,,,,0.094,17325.421,Pinned,Device,NVIDIA A100-SXM4-40GB MIG 4g.20gb (0),1,,13,[CUDA memcpy Host-to-Device]
4683083974,3520,304318,,,,,,,,,,1.547,439380.412,Device,,NVIDIA A100-SXM4-40GB MIG 4g.20gb (0),1,,13,[CUDA memset]
4683090533,3584,304323,,,,,,,,,,0.031,8732.116,Pinned,Device,NVIDIA A100-SXM4-40GB MIG 4g.20gb (0),1,,13,[CUDA memcpy Host-to-Device]
4683096901,9664,304324,,,,,,,,,,0.197,20344.209,Pinned,Device,NVIDIA A100-SXM4-40GB MIG 4g.20gb (0),1,,13,[CUDA memcpy Host-to-Device]
4683111653,8064,304325,273,1,1,8,4,1,39,0.002,0.000,,,,,NVIDIA A100-SXM4-40GB MIG 4g.20gb (0),1,,13,"void channel_eq::eqMmseCoefCompLowMimoKernel<float, float, float, (unsigned int)4, (unsigned int)1, (unsigned int)4>(const channel_eq::_puschRxChEqStatDescr *, channel_eq::_puschRxChEqCoefCompDynDescr)"
4683120709,6112,304326,273,1,1,12,11,1,51,0.002,0.000,,,,,NVIDIA A100-SXM4-40GB MIG 4g.20gb (0),1,,13,"void channel_eq::eqMmseSoftDemapKernel<float, __half, __half, float, (unsigned int)4, (unsigned short)16383>(channel_eq::_puschRxChEqStatDescr *, channel_eq::_puschRxChEqSoftDemapDynDescr)"
4683127941,282781,304327,1,1,1,32,32,1,30,0.000,0.000,,,,,NVIDIA A100-SXM4-40GB MIG 4g.20gb (0),1,,13,"void convert_kernel<float2, __half2>(tensor_layout_any, T1 *, tensor_layout_any, const T2 *)"
4683412066,11039,304339,2253,1,1,128,1,1,16,0.000,0.000,,,,,NVIDIA A100-SXM4-40GB MIG 4g.20gb (0),1,,13,cupy_copy__float16_float16
4683427585,3552,304348,282,1,1,128,1,1,16,0.000,0.000,,,,,NVIDIA A100-SXM4-40GB MIG 4g.20gb (0),1,,13,cupy_copy__complex64_complex64
4683432961,2176,304357,26,1,1,128,1,1,16,0.000,0.000,,,,,NVIDIA A100-SXM4-40GB MIG 4g.20gb (0),1,,13,cupy_copy__float32_float32
4683436961,2752,304366,103,1,1,128,1,1,16,0.000,0.000,,,,,NVIDIA A100-SXM4-40GB MIG 4g.20gb (0),1,,13,cupy_copy__complex64_complex64
4683440737,12192,304376,1434,1,1,128,1,1,16,0.000,0.000,,,,,NVIDIA A100-SXM4-40GB MIG 4g.20gb (0),1,,13,cupy_copy__complex64_complex64
4683459649,87775,304381,1,1,1,32,32,1,30,0.000,0.000,,,,,NVIDIA A100-SXM4-40GB MIG 4g.20gb (0),1,,13,"void convert_kernel<__half2, float2>(tensor_layout_any, T1 *, tensor_layout_any, const T2 *)"
4683575711,5632,304384,,,,,,,,,,0.094,16636.287,Pinned,Device,NVIDIA A100-SXM4-40GB MIG 4g.20gb (0),1,,13,[CUDA memcpy Host-to-Device]
4683586047,597497,304385,,,,,,,,,,456.561,763827.289,Device,,NVIDIA A100-SXM4-40GB MIG 4g.20gb (0),1,,13,[CUDA memset]
4684193400,128606,304390,,,,,,,,,,1.235,9601.690,Pinned,Device,NVIDIA A100-SXM4-40GB MIG 4g.20gb (0),1,,13,[CUDA memcpy Host-to-Device]
4684331734,33856,304391,,,,,,,,,,0.197,5807.014,Pinned,Device,NVIDIA A100-SXM4-40GB MIG 4g.20gb (0),1,,13,[CUDA memcpy Host-to-Device]
4684384822,7871,304392,69,4,1,48,1,1,76,0.002,0.000,,,,,NVIDIA A100-SXM4-40GB MIG 4g.20gb (0),1,,13,"void ch_est::windowedChEstPreNoDftSOfdmKernel<float, __half, float, (unsigned int)2, (unsigned int)1, (unsigned short)4>(ch_est::puschRxChEstStatDescr_t *, ch_est::puschRxChEstDynDescr_t *)"
4684401013,6464,304393,137,2,1,24,2,1,44,0.001,0.001,,,,,NVIDIA A100-SXM4-40GB MIG 4g.20gb (0),1,,13,"void ch_est::chEstFilterNoDftSOfdmDispatchKernel<float, __half, float, (unsigned int)2>(ch_est::puschRxChEstStatDescr_t *, ch_est::puschRxChEstDynDescr_t *)"
4684416149,4736,304394,137,2,1,24,2,1,44,0.001,0.001,,,,,NVIDIA A100-SXM4-40GB MIG 4g.20gb (0),1,,13,"void ch_est::chEstFilterNoDftSOfdmDispatchKernel<float, __half, float, (unsigned int)2>(ch_est::puschRxChEstStatDescr_t *, ch_est::puschRxChEstDynDescr_t *)"
4684432469,2624,304405,103,1,1,128,1,1,16,0.000,0.000,,,,,NVIDIA A100-SXM4-40GB MIG 4g.20gb (0),1,,13,cupy_copy__complex64_complex64
4684447829,12640,304415,1434,1,1,128,1,1,16,0.000,0.000,,,,,NVIDIA A100-SXM4-40GB MIG 4g.20gb (0),1,,13,cupy_copy__complex64_complex64
4684483732,2464,304422,103,1,1,128,1,1,16,0.000,0.000,,,,,NVIDIA A100-SXM4-40GB MIG 4g.20gb (0),1,,13,cupy_copy__complex64_complex64
4684505076,83807,304429,1,1,1,32,32,1,30,0.000,0.000,,,,,NVIDIA A100-SXM4-40GB MIG 4g.20gb (0),1,,13,"void convert_kernel<__half2, float2>(tensor_layout_any, T1 *, tensor_layout_any, const T2 *)"
4684619827,26111,304432,,,,,,,,,,0.094,3588.369,Pinned,Device,NVIDIA A100-SXM4-40GB MIG 4g.20gb (0),1,,13,[CUDA memcpy Host-to-Device]
4684658578,46720,304433,,,,,,,,,,35.810,766475.528,Device,,NVIDIA A100-SXM4-40GB MIG 4g.20gb (0),1,,13,[CUDA memset]
4684711730,5375,304435,,,,,,,,,,0.000,14.884,Pinned,Device,NVIDIA A100-SXM4-40GB MIG 4g.20gb (0),1,,13,[CUDA memcpy Host-to-Device]
4684729937,35328,304436,,,,,,,,,,0.197,5565.186,Pinned,Device,NVIDIA A100-SXM4-40GB MIG 4g.20gb (0),1,,13,[CUDA memcpy Host-to-Device]
4684788817,9919,304437,273,1,1,48,1,1,40,0.000,0.001,,,,,NVIDIA A100-SXM4-40GB MIG 4g.20gb (0),1,,13,"void pusch_noise_intf_est::noiseIntfEstNoDftSOfdmKernel<float, __half, float, float, (unsigned int)2, (unsigned int)1, (unsigned char)4, (unsigned char)4>(pusch_noise_intf_est::puschRxNoiseIntfEstDynDescr)"
4684805296,2592,304448,35,1,1,128,1,1,16,0.000,0.000,,,,,NVIDIA A100-SXM4-40GB MIG 4g.20gb (0),1,,13,cupy_copy__complex64_complex64
4684822064,1728,304457,1,1,1,1,1,1,18,0.000,0.000,,,,,NVIDIA A100-SXM4-40GB MIG 4g.20gb (0),1,,13,cupy_copy__float32_float32
4684830128,7904,304463,,,,,,,,,,0.000,0.506,Device,Pageable,NVIDIA A100-SXM4-40GB MIG 4g.20gb (0),1,,7,[CUDA memcpy Device-to-Host]
4684928399,12480,304474,1434,1,1,128,1,1,16,0.000,0.000,,,,,NVIDIA A100-SXM4-40GB MIG 4g.20gb (0),1,,13,cupy_copy__complex64_complex64
4684951439,3072,304481,103,1,1,128,1,1,16,0.000,0.000,,,,,NVIDIA A100-SXM4-40GB MIG 4g.20gb (0),1,,13,cupy_copy__complex64_complex64
4684970702,2560,304488,35,1,1,128,1,1,16,0.000,0.000,,,,,NVIDIA A100-SXM4-40GB MIG 4g.20gb (0),1,,13,cupy_copy__complex64_complex64
4684992782,1792,304495,1,1,1,1,1,1,18,0.000,0.000,,,,,NVIDIA A100-SXM4-40GB MIG 4g.20gb (0),1,,13,cupy_copy__float32_float32
4685112493,86462,304506,1,1,1,32,32,1,30,0.000,0.000,,,,,NVIDIA A100-SXM4-40GB MIG 4g.20gb (0),1,,13,"void convert_kernel<__half2, float2>(tensor_layout_any, T1 *, tensor_layout_any, const T2 *)"
4685228011,13728,304509,,,,,,,,,,0.094,6825.098,Pinned,Device,NVIDIA A100-SXM4-40GB MIG 4g.20gb (0),1,,13,[CUDA memcpy Host-to-Device]
4685252395,3456,304510,,,,,,,,,,1.547,447517.201,Device,,NVIDIA A100-SXM4-40GB MIG 4g.20gb (0),1,,13,[CUDA memset]
4685259883,7264,304515,,,,,,,,,,0.031,4308.364,Pinned,Device,NVIDIA A100-SXM4-40GB MIG 4g.20gb (0),1,,13,[CUDA memcpy Host-to-Device]
4685270027,16671,304516,,,,,,,,,,0.197,11793.334,Pinned,Device,NVIDIA A100-SXM4-40GB MIG 4g.20gb (0),1,,13,[CUDA memcpy Host-to-Device]
4685296554,7200,304517,273,1,1,8,4,1,39,0.002,0.000,,,,,NVIDIA A100-SXM4-40GB MIG 4g.20gb (0),1,,13,"void channel_eq::eqMmseCoefCompLowMimoKernel<float, float, float, (unsigned int)4, (unsigned int)1, (unsigned int)4>(const channel_eq::_puschRxChEqStatDescr *, channel_eq::_puschRxChEqCoefCompDynDescr)"
4685311498,7200,304518,273,1,1,12,11,1,51,0.002,0.000,,,,,NVIDIA A100-SXM4-40GB MIG 4g.20gb (0),1,,13,"void channel_eq::eqMmseSoftDemapKernel<float, __half, __half, float, (unsigned int)4, (unsigned short)16383>(channel_eq::_puschRxChEqStatDescr *, channel_eq::_puschRxChEqSoftDemapDynDescr)"
4685325546,289564,304519,1,1,1,32,32,1,30,0.000,0.000,,,,,NVIDIA A100-SXM4-40GB MIG 4g.20gb (0),1,,13,"void convert_kernel<float2, __half2>(tensor_layout_any, T1 *, tensor_layout_any, const T2 *)"
4685617350,10912,304531,2253,1,1,128,1,1,16,0.000,0.000,,,,,NVIDIA A100-SXM4-40GB MIG 4g.20gb (0),1,,13,cupy_copy__float16_float16
4685630470,3040,304540,282,1,1,128,1,1,16,0.000,0.000,,,,,NVIDIA A100-SXM4-40GB MIG 4g.20gb (0),1,,13,cupy_copy__complex64_complex64
4685637510,2048,304549,26,1,1,128,1,1,16,0.000,0.000,,,,,NVIDIA A100-SXM4-40GB MIG 4g.20gb (0),1,,13,cupy_copy__float32_float32
4685643174,2784,304558,103,1,1,128,1,1,16,0.000,0.000,,,,,NVIDIA A100-SXM4-40GB MIG 4g.20gb (0),1,,13,cupy_copy__complex64_complex64
4685650150,12000,304568,1434,1,1,128,1,1,16,0.000,0.000,,,,,NVIDIA A100-SXM4-40GB MIG 4g.20gb (0),1,,13,cupy_copy__complex64_complex64
4685665606,87711,304573,1,1,1,32,32,1,30,0.000,0.000,,,,,NVIDIA A100-SXM4-40GB MIG 4g.20gb (0),1,,13,"void convert_kernel<__half2, float2>(tensor_layout_any, T1 *, tensor_layout_any, const T2 *)"
4685780356,5792,304576,,,,,,,,,,0.094,16176.708,Pinned,Device,NVIDIA A100-SXM4-40GB MIG 4g.20gb (0),1,,13,[CUDA memcpy Host-to-Device]
4685791460,597049,304577,,,,,,,,,,456.561,764283.851,Device,,NVIDIA A100-SXM4-40GB MIG 4g.20gb (0),1,,13,[CUDA memset]
4686391037,129438,304582,,,,,,,,,,1.235,9539.942,Pinned,Device,NVIDIA A100-SXM4-40GB MIG 4g.20gb (0),1,,13,[CUDA memcpy Host-to-Device]
4686528219,17280,304583,,,,,,,,,,0.197,11377.705,Pinned,Device,NVIDIA A100-SXM4-40GB MIG 4g.20gb (0),1,,13,[CUDA memcpy Host-to-Device]
4686560411,8832,304584,69,4,1,48,1,1,76,0.002,0.000,,,,,NVIDIA A100-SXM4-40GB MIG 4g.20gb (0),1,,13,"void ch_est::windowedChEstPreNoDftSOfdmKernel<float, __half, float, (unsigned int)2, (unsigned int)1, (unsigned short)4>(ch_est::puschRxChEstStatDescr_t *, ch_est::puschRxChEstDynDescr_t *)"
4686575803,6847,304585,137,2,1,24,2,1,44,0.001,0.001,,,,,NVIDIA A100-SXM4-40GB MIG 4g.20gb (0),1,,13,"void ch_est::chEstFilterNoDftSOfdmDispatchKernel<float, __half, float, (unsigned int)2>(ch_est::puschRxChEstStatDescr_t *, ch_est::puschRxChEstDynDescr_t *)"
4686590362,5152,304586,137,2,1,24,2,1,44,0.001,0.001,,,,,NVIDIA A100-SXM4-40GB MIG 4g.20gb (0),1,,13,"void ch_est::chEstFilterNoDftSOfdmDispatchKernel<float, __half, float, (unsigned int)2>(ch_est::puschRxChEstStatDescr_t *, ch_est::puschRxChEstDynDescr_t *)"
4686598458,2592,304597,103,1,1,128,1,1,16,0.000,0.000,,,,,NVIDIA A100-SXM4-40GB MIG 4g.20gb (0),1,,13,cupy_copy__complex64_complex64
4686606778,13568,304607,1434,1,1,128,1,1,16,0.000,0.000,,,,,NVIDIA A100-SXM4-40GB MIG 4g.20gb (0),1,,13,cupy_copy__complex64_complex64
4686621722,2560,304614,103,1,1,128,1,1,16,0.000,0.000,,,,,NVIDIA A100-SXM4-40GB MIG 4g.20gb (0),1,,13,cupy_copy__complex64_complex64
4686630970,92895,304621,1,1,1,32,32,1,30,0.000,0.000,,,,,NVIDIA A100-SXM4-40GB MIG 4g.20gb (0),1,,13,"void convert_kernel<__half2, float2>(tensor_layout_any, T1 *, tensor_layout_any, const T2 *)"
4686753176,7584,304624,,,,,,,,,,0.094,12354.380,Pinned,Device,NVIDIA A100-SXM4-40GB MIG 4g.20gb (0),1,,13,[CUDA memcpy Host-to-Device]
4686766648,47040,304625,,,,,,,,,,35.810,761247.279,Device,,NVIDIA A100-SXM4-40GB MIG 4g.20gb (0),1,,13,[CUDA memset]
4686820440,3999,304627,,,,,,,,,,0.000,20.005,Pinned,Device,NVIDIA A100-SXM4-40GB MIG 4g.20gb (0),1,,13,[CUDA memcpy Host-to-Device]
4686829623,12416,304628,,,,,,,,,,0.197,15835.005,Pinned,Device,NVIDIA A100-SXM4-40GB MIG 4g.20gb (0),1,,13,[CUDA memcpy Host-to-Device]
4686846487,11840,304629,273,1,1,48,1,1,40,0.000,0.001,,,,,NVIDIA A100-SXM4-40GB MIG 4g.20gb (0),1,,13,"void pusch_noise_intf_est::noiseIntfEstNoDftSOfdmKernel<float, __half, float, float, (unsigned int)2, (unsigned int)1, (unsigned char)4, (unsigned char)4>(pusch_noise_intf_est::puschRxNoiseIntfEstDynDescr)"
4686861623,3008,304640,35,1,1,128,1,1,16,0.000,0.000,,,,,NVIDIA A100-SXM4-40GB MIG 4g.20gb (0),1,,13,cupy_copy__complex64_complex64
4686879735,1856,304649,1,1,1,1,1,1,18,0.000,0.000,,,,,NVIDIA A100-SXM4-40GB MIG 4g.20gb (0),1,,13,cupy_copy__float32_float32
4686913238,1664,304655,,,,,,,,,,0.000,2.404,Device,Pageable,NVIDIA A100-SXM4-40GB MIG 4g.20gb (0),1,,7,[CUDA memcpy Device-to-Host]
4686971830,12607,304666,1434,1,1,128,1,1,16,0.000,0.000,,,,,NVIDIA A100-SXM4-40GB MIG 4g.20gb (0),1,,13,cupy_copy__complex64_complex64
4686998773,2592,304673,103,1,1,128,1,1,16,0.000,0.000,,,,,NVIDIA A100-SXM4-40GB MIG 4g.20gb (0),1,,13,cupy_copy__complex64_complex64
4687018997,2272,304680,35,1,1,128,1,1,16,0.000,0.000,,,,,NVIDIA A100-SXM4-40GB MIG 4g.20gb (0),1,,13,cupy_copy__complex64_complex64
4687037173,1760,304687,1,1,1,1,1,1,18,0.000,0.000,,,,,NVIDIA A100-SXM4-40GB MIG 4g.20gb (0),1,,13,cupy_copy__float32_float32
4687168691,82047,304698,1,1,1,32,32,1,30,0.000,0.000,,,,,NVIDIA A100-SXM4-40GB MIG 4g.20gb (0),1,,13,"void convert_kernel<__half2, float2>(tensor_layout_any, T1 *, tensor_layout_any, const T2 *)"
4687277778,5504,304701,,,,,,,,,,0.094,17023.251,Pinned,Device,NVIDIA A100-SXM4-40GB MIG 4g.20gb (0),1,,13,[CUDA memcpy Host-to-Device]
4687294610,3264,304702,,,,,,,,,,1.547,473842.288,Device,,NVIDIA A100-SXM4-40GB MIG 4g.20gb (0),1,,13,[CUDA memset]
4687301362,3168,304707,,,,,,,,,,0.031,9878.770,Pinned,Device,NVIDIA A100-SXM4-40GB MIG 4g.20gb (0),1,,13,[CUDA memcpy Host-to-Device]
4687306962,9471,304708,,,,,,,,,,0.197,20758.856,Pinned,Device,NVIDIA A100-SXM4-40GB MIG 4g.20gb (0),1,,13,[CUDA memcpy Host-to-Device]
4687322225,6080,304709,273,1,1,8,4,1,39,0.002,0.000,,,,,NVIDIA A100-SXM4-40GB MIG 4g.20gb (0),1,,13,"void channel_eq::eqMmseCoefCompLowMimoKernel<float, float, float, (unsigned int)4, (unsigned int)1, (unsigned int)4>(const channel_eq::_puschRxChEqStatDescr *, channel_eq::_puschRxChEqCoefCompDynDescr)"
4687330833,6144,304710,273,1,1,12,11,1,51,0.002,0.000,,,,,NVIDIA A100-SXM4-40GB MIG 4g.20gb (0),1,,13,"void channel_eq::eqMmseSoftDemapKernel<float, __half, __half, float, (unsigned int)4, (unsigned short)16383>(channel_eq::_puschRxChEqStatDescr *, channel_eq::_puschRxChEqSoftDemapDynDescr)"
4687338097,282557,304711,1,1,1,32,32,1,30,0.000,0.000,,,,,NVIDIA A100-SXM4-40GB MIG 4g.20gb (0),1,,13,"void convert_kernel<float2, __half2>(tensor_layout_any, T1 *, tensor_layout_any, const T2 *)"
4687621646,10976,304723,2253,1,1,128,1,1,16,0.000,0.000,,,,,NVIDIA A100-SXM4-40GB MIG 4g.20gb (0),1,,13,cupy_copy__float16_float16
4687634221,3904,304732,282,1,1,128,1,1,16,0.000,0.000,,,,,NVIDIA A100-SXM4-40GB MIG 4g.20gb (0),1,,13,cupy_copy__complex64_complex64
4687642957,2048,304741,26,1,1,128,1,1,16,0.000,0.000,,,,,NVIDIA A100-SXM4-40GB MIG 4g.20gb (0),1,,13,cupy_copy__float32_float32
4687647021,2816,304750,103,1,1,128,1,1,16,0.000,0.000,,,,,NVIDIA A100-SXM4-40GB MIG 4g.20gb (0),1,,13,cupy_copy__complex64_complex64
4687652685,12224,304760,1434,1,1,128,1,1,16,0.000,0.000,,,,,NVIDIA A100-SXM4-40GB MIG 4g.20gb (0),1,,13,cupy_copy__complex64_complex64
4687670509,91103,304765,1,1,1,32,32,1,30,0.000,0.000,,,,,NVIDIA A100-SXM4-40GB MIG 4g.20gb (0),1,,13,"void convert_kernel<__half2, float2>(tensor_layout_any, T1 *, tensor_layout_any, const T2 *)"
4687788588,5440,304768,,,,,,,,,,0.094,17223.480,Pinned,Device,NVIDIA A100-SXM4-40GB MIG 4g.20gb (0),1,,13,[CUDA memcpy Host-to-Device]
4687798955,599609,304769,,,,,,,,,,456.561,761087.920,Device,,NVIDIA A100-SXM4-40GB MIG 4g.20gb (0),1,,13,[CUDA memset]
4688406596,151422,304774,,,,,,,,,,1.235,8155.570,Pinned,Device,NVIDIA A100-SXM4-40GB MIG 4g.20gb (0),1,,13,[CUDA memcpy Host-to-Device]
4688572834,40031,304775,,,,,,,,,,0.197,4911.268,Pinned,Device,NVIDIA A100-SXM4-40GB MIG 4g.20gb (0),1,,13,[CUDA memcpy Host-to-Device]
4688642113,7872,304776,69,4,1,48,1,1,76,0.002,0.000,,,,,NVIDIA A100-SXM4-40GB MIG 4g.20gb (0),1,,13,"void ch_est::windowedChEstPreNoDftSOfdmKernel<float, __half, float, (unsigned int)2, (unsigned int)1, (unsigned short)4>(ch_est::puschRxChEstStatDescr_t *, ch_est::puschRxChEstDynDescr_t *)"
4688661281,6656,304777,137,2,1,24,2,1,44,0.001,0.001,,,,,NVIDIA A100-SXM4-40GB MIG 4g.20gb (0),1,,13,"void ch_est::chEstFilterNoDftSOfdmDispatchKernel<float, __half, float, (unsigned int)2>(ch_est::puschRxChEstStatDescr_t *, ch_est::puschRxChEstDynDescr_t *)"
4688677761,4832,304778,137,2,1,24,2,1,44,0.001,0.001,,,,,NVIDIA A100-SXM4-40GB MIG 4g.20gb (0),1,,13,"void ch_est::chEstFilterNoDftSOfdmDispatchKernel<float, __half, float, (unsigned int)2>(ch_est::puschRxChEstStatDescr_t *, ch_est::puschRxChEstDynDescr_t *)"
4688693760,2656,304789,103,1,1,128,1,1,16,0.000,0.000,,,,,NVIDIA A100-SXM4-40GB MIG 4g.20gb (0),1,,13,cupy_copy__complex64_complex64
4688707040,12512,304799,1434,1,1,128,1,1,16,0.000,0.000,,,,,NVIDIA A100-SXM4-40GB MIG 4g.20gb (0),1,,13,cupy_copy__complex64_complex64
4688729920,2560,304806,103,1,1,128,1,1,16,0.000,0.000,,,,,NVIDIA A100-SXM4-40GB MIG 4g.20gb (0),1,,13,cupy_copy__complex64_complex64
4688740864,85439,304813,1,1,1,32,32,1,30,0.000,0.000,,,,,NVIDIA A100-SXM4-40GB MIG 4g.20gb (0),1,,13,"void convert_kernel<__half2, float2>(tensor_layout_any, T1 *, tensor_layout_any, const T2 *)"
4688854142,13888,304816,,,,,,,,,,0.094,6746.487,Pinned,Device,NVIDIA A100-SXM4-40GB MIG 4g.20gb (0),1,,13,[CUDA memcpy Host-to-Device]
4688873470,48640,304817,,,,,,,,,,35.810,736216.145,Device,,NVIDIA A100-SXM4-40GB MIG 4g.20gb (0),1,,13,[CUDA memset]
4688925758,7519,304819,,,,,,,,,,0.000,10.640,Pinned,Device,NVIDIA A100-SXM4-40GB MIG 4g.20gb (0),1,,13,[CUDA memcpy Host-to-Device]
4688939709,16896,304820,,,,,,,,,,0.197,11636.244,Pinned,Device,NVIDIA A100-SXM4-40GB MIG 4g.20gb (0),1,,13,[CUDA memcpy Host-to-Device]
4688968413,10208,304821,273,1,1,48,1,1,40,0.000,0.001,,,,,NVIDIA A100-SXM4-40GB MIG 4g.20gb (0),1,,13,"void pusch_noise_intf_est::noiseIntfEstNoDftSOfdmKernel<float, __half, float, float, (unsigned int)2, (unsigned int)1, (unsigned char)4, (unsigned char)4>(pusch_noise_intf_est::puschRxNoiseIntfEstDynDescr)"
4688989597,2592,304832,35,1,1,128,1,1,16,0.000,0.000,,,,,NVIDIA A100-SXM4-40GB MIG 4g.20gb (0),1,,13,cupy_copy__complex64_complex64
4688999837,1760,304841,1,1,1,1,1,1,18,0.000,0.000,,,,,NVIDIA A100-SXM4-40GB MIG 4g.20gb (0),1,,13,cupy_copy__float32_float32
4689008029,7935,304847,,,,,,,,,,0.000,0.504,Device,Pageable,NVIDIA A100-SXM4-40GB MIG 4g.20gb (0),1,,7,[CUDA memcpy Device-to-Host]
4689094364,12799,304858,1434,1,1,128,1,1,16,0.000,0.000,,,,,NVIDIA A100-SXM4-40GB MIG 4g.20gb (0),1,,13,cupy_copy__complex64_complex64
4689119515,2848,304865,103,1,1,128,1,1,16,0.000,0.000,,,,,NVIDIA A100-SXM4-40GB MIG 4g.20gb (0),1,,13,cupy_copy__complex64_complex64
4689138971,2400,304872,35,1,1,128,1,1,16,0.000,0.000,,,,,NVIDIA A100-SXM4-40GB MIG 4g.20gb (0),1,,13,cupy_copy__complex64_complex64
4689150235,1792,304879,1,1,1,1,1,1,18,0.000,0.000,,,,,NVIDIA A100-SXM4-40GB MIG 4g.20gb (0),1,,13,cupy_copy__float32_float32
4689278649,82783,304890,1,1,1,32,32,1,30,0.000,0.000,,,,,NVIDIA A100-SXM4-40GB MIG 4g.20gb (0),1,,13,"void convert_kernel<__half2, float2>(tensor_layout_any, T1 *, tensor_layout_any, const T2 *)"
4689390200,6112,304893,,,,,,,,,,0.094,15329.790,Pinned,Device,NVIDIA A100-SXM4-40GB MIG 4g.20gb (0),1,,13,[CUDA memcpy Host-to-Device]
4689405336,3360,304894,,,,,,,,,,1.547,460304.688,Device,,NVIDIA A100-SXM4-40GB MIG 4g.20gb (0),1,,13,[CUDA memset]
4689412504,3648,304899,,,,,,,,,,0.031,8578.922,Pinned,Device,NVIDIA A100-SXM4-40GB MIG 4g.20gb (0),1,,13,[CUDA memcpy Host-to-Device]
4689418648,10335,304900,,,,,,,,,,0.197,19023.397,Pinned,Device,NVIDIA A100-SXM4-40GB MIG 4g.20gb (0),1,,13,[CUDA memcpy Host-to-Device]
4689433751,6272,304901,273,1,1,8,4,1,39,0.002,0.000,,,,,NVIDIA A100-SXM4-40GB MIG 4g.20gb (0),1,,13,"void channel_eq::eqMmseCoefCompLowMimoKernel<float, float, float, (unsigned int)4, (unsigned int)1, (unsigned int)4>(const channel_eq::_puschRxChEqStatDescr *, channel_eq::_puschRxChEqCoefCompDynDescr)"
4689441015,6400,304902,273,1,1,12,11,1,51,0.002,0.000,,,,,NVIDIA A100-SXM4-40GB MIG 4g.20gb (0),1,,13,"void channel_eq::eqMmseSoftDemapKernel<float, __half, __half, float, (unsigned int)4, (unsigned short)16383>(channel_eq::_puschRxChEqStatDescr *, channel_eq::_puschRxChEqSoftDemapDynDescr)"
4689448407,282813,304903,1,1,1,32,32,1,30,0.000,0.000,,,,,NVIDIA A100-SXM4-40GB MIG 4g.20gb (0),1,,13,"void convert_kernel<float2, __half2>(tensor_layout_any, T1 *, tensor_layout_any, const T2 *)"
4689734388,10815,304915,2253,1,1,128,1,1,16,0.000,0.000,,,,,NVIDIA A100-SXM4-40GB MIG 4g.20gb (0),1,,13,cupy_copy__float16_float16
4689748115,3104,304924,282,1,1,128,1,1,16,0.000,0.000,,,,,NVIDIA A100-SXM4-40GB MIG 4g.20gb (0),1,,13,cupy_copy__complex64_complex64
4689753235,2080,304933,26,1,1,128,1,1,16,0.000,0.000,,,,,NVIDIA A100-SXM4-40GB MIG 4g.20gb (0),1,,13,cupy_copy__float32_float32
4689756915,4704,304942,103,1,1,128,1,1,16,0.000,0.000,,,,,NVIDIA A100-SXM4-40GB MIG 4g.20gb (0),1,,13,cupy_copy__complex64_complex64
4689763827,12576,304952,1434,1,1,128,1,1,16,0.000,0.000,,,,,NVIDIA A100-SXM4-40GB MIG 4g.20gb (0),1,,13,cupy_copy__complex64_complex64
4689782259,86847,304957,1,1,1,32,32,1,30,0.000,0.000,,,,,NVIDIA A100-SXM4-40GB MIG 4g.20gb (0),1,,13,"void convert_kernel<__half2, float2>(tensor_layout_any, T1 *, tensor_layout_any, const T2 *)"
4689896658,5600,304960,,,,,,,,,,0.094,16731.388,Pinned,Device,NVIDIA A100-SXM4-40GB MIG 4g.20gb (0),1,,13,[CUDA memcpy Host-to-Device]
4689907697,598681,304961,,,,,,,,,,456.561,762457.605,Device,,NVIDIA A100-SXM4-40GB MIG 4g.20gb (0),1,,13,[CUDA memset]
4690511690,127582,304966,,,,,,,,,,1.235,9679.491,Pinned,Device,NVIDIA A100-SXM4-40GB MIG 4g.20gb (0),1,,13,[CUDA memcpy Host-to-Device]
4690647240,33856,304967,,,,,,,,,,0.197,5807.014,Pinned,Device,NVIDIA A100-SXM4-40GB MIG 4g.20gb (0),1,,13,[CUDA memcpy Host-to-Device]
4690695560,7936,304968,69,4,1,48,1,1,76,0.002,0.000,,,,,NVIDIA A100-SXM4-40GB MIG 4g.20gb (0),1,,13,"void ch_est::windowedChEstPreNoDftSOfdmKernel<float, __half, float, (unsigned int)2, (unsigned int)1, (unsigned short)4>(ch_est::puschRxChEstStatDescr_t *, ch_est::puschRxChEstDynDescr_t *)"
4690712168,6879,304969,137,2,1,24,2,1,44,0.001,0.001,,,,,NVIDIA A100-SXM4-40GB MIG 4g.20gb (0),1,,13,"void ch_est::chEstFilterNoDftSOfdmDispatchKernel<float, __half, float, (unsigned int)2>(ch_est::puschRxChEstStatDescr_t *, ch_est::puschRxChEstDynDescr_t *)"
4690727975,4768,304970,137,2,1,24,2,1,44,0.001,0.001,,,,,NVIDIA A100-SXM4-40GB MIG 4g.20gb (0),1,,13,"void ch_est::chEstFilterNoDftSOfdmDispatchKernel<float, __half, float, (unsigned int)2>(ch_est::puschRxChEstStatDescr_t *, ch_est::puschRxChEstDynDescr_t *)"
4690742887,2624,304981,103,1,1,128,1,1,16,0.000,0.000,,,,,NVIDIA A100-SXM4-40GB MIG 4g.20gb (0),1,,13,cupy_copy__complex64_complex64
4690757351,12384,304991,1434,1,1,128,1,1,16,0.000,0.000,,,,,NVIDIA A100-SXM4-40GB MIG 4g.20gb (0),1,,13,cupy_copy__complex64_complex64
4690798727,2495,304998,103,1,1,128,1,1,16,0.000,0.000,,,,,NVIDIA A100-SXM4-40GB MIG 4g.20gb (0),1,,13,cupy_copy__complex64_complex64
4690816742,83007,305005,1,1,1,32,32,1,30,0.000,0.000,,,,,NVIDIA A100-SXM4-40GB MIG 4g.20gb (0),1,,13,"void convert_kernel<__half2, float2>(tensor_layout_any, T1 *, tensor_layout_any, const T2 *)"
4690930469,24416,305008,,,,,,,,,,0.094,3837.413,Pinned,Device,NVIDIA A100-SXM4-40GB MIG 4g.20gb (0),1,,13,[CUDA memcpy Host-to-Device]
4690977444,45952,305009,,,,,,,,,,35.810,779259.669,Device,,NVIDIA A100-SXM4-40GB MIG 4g.20gb (0),1,,13,[CUDA memset]
4691030724,9184,305011,,,,,,,,,,0.000,8.711,Pinned,Device,NVIDIA A100-SXM4-40GB MIG 4g.20gb (0),1,,13,[CUDA memcpy Host-to-Device]
4691048067,15616,305012,,,,,,,,,,0.197,12589.990,Pinned,Device,NVIDIA A100-SXM4-40GB MIG 4g.20gb (0),1,,13,[CUDA memcpy Host-to-Device]
4691072419,9760,305013,273,1,1,48,1,1,40,0.000,0.001,,,,,NVIDIA A100-SXM4-40GB MIG 4g.20gb (0),1,,13,"void pusch_noise_intf_est::noiseIntfEstNoDftSOfdmKernel<float, __half, float, float, (unsigned int)2, (unsigned int)1, (unsigned char)4, (unsigned char)4>(pusch_noise_intf_est::puschRxNoiseIntfEstDynDescr)"
4691087683,2912,305024,35,1,1,128,1,1,16,0.000,0.000,,,,,NVIDIA A100-SXM4-40GB MIG 4g.20gb (0),1,,13,cupy_copy__complex64_complex64
4691095587,2336,305033,1,1,1,1,1,1,18,0.000,0.000,,,,,NVIDIA A100-SXM4-40GB MIG 4g.20gb (0),1,,13,cupy_copy__float32_float32
4691103779,4192,305039,,,,,,,,,,0.000,0.954,Device,Pageable,NVIDIA A100-SXM4-40GB MIG 4g.20gb (0),1,,7,[CUDA memcpy Device-to-Host]
4691179554,13216,305050,1434,1,1,128,1,1,16,0.000,0.000,,,,,NVIDIA A100-SXM4-40GB MIG 4g.20gb (0),1,,13,cupy_copy__complex64_complex64
4691211457,2976,305057,103,1,1,128,1,1,16,0.000,0.000,,,,,NVIDIA A100-SXM4-40GB MIG 4g.20gb (0),1,,13,cupy_copy__complex64_complex64
4691227393,2944,305064,35,1,1,128,1,1,16,0.000,0.000,,,,,NVIDIA A100-SXM4-40GB MIG 4g.20gb (0),1,,13,cupy_copy__complex64_complex64
4691242977,1856,305071,1,1,1,1,1,1,18,0.000,0.000,,,,,NVIDIA A100-SXM4-40GB MIG 4g.20gb (0),1,,13,cupy_copy__float32_float32
4691381375,87327,305082,1,1,1,32,32,1,30,0.000,0.000,,,,,NVIDIA A100-SXM4-40GB MIG 4g.20gb (0),1,,13,"void convert_kernel<__half2, float2>(tensor_layout_any, T1 *, tensor_layout_any, const T2 *)"
4691496894,7296,305085,,,,,,,,,,0.094,12842.067,Pinned,Device,NVIDIA A100-SXM4-40GB MIG 4g.20gb (0),1,,13,[CUDA memcpy Host-to-Device]
4691514558,3296,305086,,,,,,,,,,1.547,469242.628,Device,,NVIDIA A100-SXM4-40GB MIG 4g.20gb (0),1,,13,[CUDA memset]
4691518686,3936,305091,,,,,,,,,,0.031,7951.218,Pinned,Device,NVIDIA A100-SXM4-40GB MIG 4g.20gb (0),1,,13,[CUDA memcpy Host-to-Device]
4691525726,9567,305092,,,,,,,,,,0.197,20550.451,Pinned,Device,NVIDIA A100-SXM4-40GB MIG 4g.20gb (0),1,,13,[CUDA memcpy Host-to-Device]
4691542493,8032,305093,273,1,1,8,4,1,39,0.002,0.000,,,,,NVIDIA A100-SXM4-40GB MIG 4g.20gb (0),1,,13,"void channel_eq::eqMmseCoefCompLowMimoKernel<float, float, float, (unsigned int)4, (unsigned int)1, (unsigned int)4>(const channel_eq::_puschRxChEqStatDescr *, channel_eq::_puschRxChEqCoefCompDynDescr)"
4691551613,6368,305094,273,1,1,12,11,1,51,0.002,0.000,,,,,NVIDIA A100-SXM4-40GB MIG 4g.20gb (0),1,,13,"void channel_eq::eqMmseSoftDemapKernel<float, __half, __half, float, (unsigned int)4, (unsigned short)16383>(channel_eq::_puschRxChEqStatDescr *, channel_eq::_puschRxChEqSoftDemapDynDescr)"
4691559005,282813,305095,1,1,1,32,32,1,30,0.000,0.000,,,,,NVIDIA A100-SXM4-40GB MIG 4g.20gb (0),1,,13,"void convert_kernel<float2, __half2>(tensor_layout_any, T1 *, tensor_layout_any, const T2 *)"
4691842906,10912,305107,2253,1,1,128,1,1,16,0.000,0.000,,,,,NVIDIA A100-SXM4-40GB MIG 4g.20gb (0),1,,13,cupy_copy__float16_float16
4691855449,3232,305116,282,1,1,128,1,1,16,0.000,0.000,,,,,NVIDIA A100-SXM4-40GB MIG 4g.20gb (0),1,,13,cupy_copy__complex64_complex64
4691864665,2112,305125,26,1,1,128,1,1,16,0.000,0.000,,,,,NVIDIA A100-SXM4-40GB MIG 4g.20gb (0),1,,13,cupy_copy__float32_float32
4691868185,2944,305134,103,1,1,128,1,1,16,0.000,0.000,,,,,NVIDIA A100-SXM4-40GB MIG 4g.20gb (0),1,,13,cupy_copy__complex64_complex64
4691872121,12032,305144,1434,1,1,128,1,1,16,0.000,0.000,,,,,NVIDIA A100-SXM4-40GB MIG 4g.20gb (0),1,,13,cupy_copy__complex64_complex64
4691885625,81887,305149,1,1,1,32,32,1,30,0.000,0.000,,,,,NVIDIA A100-SXM4-40GB MIG 4g.20gb (0),1,,13,"void convert_kernel<__half2, float2>(tensor_layout_any, T1 *, tensor_layout_any, const T2 *)"
4691994872,5408,305152,,,,,,,,,,0.094,17325.421,Pinned,Device,NVIDIA A100-SXM4-40GB MIG 4g.20gb (0),1,,13,[CUDA memcpy Host-to-Device]
4692004440,597912,305153,,,,,,,,,,456.561,763370.728,Device,,NVIDIA A100-SXM4-40GB MIG 4g.20gb (0),1,,13,[CUDA memset]
4692611344,143486,305158,,,,,,,,,,1.235,8606.325,Pinned,Device,NVIDIA A100-SXM4-40GB MIG 4g.20gb (0),1,,13,[CUDA memcpy Host-to-Device]
4692767822,41504,305159,,,,,,,,,,0.197,4737.073,Pinned,Device,NVIDIA A100-SXM4-40GB MIG 4g.20gb (0),1,,13,[CUDA memcpy Host-to-Device]
4692827086,8223,305160,69,4,1,48,1,1,76,0.002,0.000,,,,,NVIDIA A100-SXM4-40GB MIG 4g.20gb (0),1,,13,"void ch_est::windowedChEstPreNoDftSOfdmKernel<float, __half, float, (unsigned int)2, (unsigned int)1, (unsigned short)4>(ch_est::puschRxChEstStatDescr_t *, ch_est::puschRxChEstDynDescr_t *)"
4692846605,6784,305161,137,2,1,24,2,1,44,0.001,0.001,,,,,NVIDIA A100-SXM4-40GB MIG 4g.20gb (0),1,,13,"void ch_est::chEstFilterNoDftSOfdmDispatchKernel<float, __half, float, (unsigned int)2>(ch_est::puschRxChEstStatDescr_t *, ch_est::puschRxChEstDynDescr_t *)"
4692863213,4736,305162,137,2,1,24,2,1,44,0.001,0.001,,,,,NVIDIA A100-SXM4-40GB MIG 4g.20gb (0),1,,13,"void ch_est::chEstFilterNoDftSOfdmDispatchKernel<float, __half, float, (unsigned int)2>(ch_est::puschRxChEstStatDescr_t *, ch_est::puschRxChEstDynDescr_t *)"
4692882861,2560,305173,103,1,1,128,1,1,16,0.000,0.000,,,,,NVIDIA A100-SXM4-40GB MIG 4g.20gb (0),1,,13,cupy_copy__complex64_complex64
4692899053,12319,305183,1434,1,1,128,1,1,16,0.000,0.000,,,,,NVIDIA A100-SXM4-40GB MIG 4g.20gb (0),1,,13,cupy_copy__complex64_complex64
4692918028,2912,305190,103,1,1,128,1,1,16,0.000,0.000,,,,,NVIDIA A100-SXM4-40GB MIG 4g.20gb (0),1,,13,cupy_copy__complex64_complex64
4692940076,94143,305197,1,1,1,32,32,1,30,0.000,0.000,,,,,NVIDIA A100-SXM4-40GB MIG 4g.20gb (0),1,,13,"void convert_kernel<__half2, float2>(tensor_layout_any, T1 *, tensor_layout_any, const T2 *)"
4693065067,17247,305200,,,,,,,,,,0.094,5432.588,Pinned,Device,NVIDIA A100-SXM4-40GB MIG 4g.20gb (0),1,,13,[CUDA memcpy Host-to-Device]
4693109386,46975,305201,,,,,,,,,,35.810,762285.767,Device,,NVIDIA A100-SXM4-40GB MIG 4g.20gb (0),1,,13,[CUDA memset]
4693161833,7296,305203,,,,,,,,,,0.000,10.965,Pinned,Device,NVIDIA A100-SXM4-40GB MIG 4g.20gb (0),1,,13,[CUDA memcpy Host-to-Device]
4693181065,24448,305204,,,,,,,,,,0.197,8041.857,Pinned,Device,NVIDIA A100-SXM4-40GB MIG 4g.20gb (0),1,,13,[CUDA memcpy Host-to-Device]
4693238792,10272,305205,273,1,1,48,1,1,40,0.000,0.001,,,,,NVIDIA A100-SXM4-40GB MIG 4g.20gb (0),1,,13,"void pusch_noise_intf_est::noiseIntfEstNoDftSOfdmKernel<float, __half, float, float, (unsigned int)2, (unsigned int)1, (unsigned char)4, (unsigned char)4>(pusch_noise_intf_est::puschRxNoiseIntfEstDynDescr)"
4693254760,2656,305216,35,1,1,128,1,1,16,0.000,0.000,,,,,NVIDIA A100-SXM4-40GB MIG 4g.20gb (0),1,,13,cupy_copy__complex64_complex64
4693271176,1696,305225,1,1,1,1,1,1,18,0.000,0.000,,,,,NVIDIA A100-SXM4-40GB MIG 4g.20gb (0),1,,13,cupy_copy__float32_float32
4693278728,4192,305231,,,,,,,,,,0.000,0.954,Device,Pageable,NVIDIA A100-SXM4-40GB MIG 4g.20gb (0),1,,7,[CUDA memcpy Device-to-Host]
4693376775,12576,305242,1434,1,1,128,1,1,16,0.000,0.000,,,,,NVIDIA A100-SXM4-40GB MIG 4g.20gb (0),1,,13,cupy_copy__complex64_complex64
4693398342,3296,305249,103,1,1,128,1,1,16,0.000,0.000,,,,,NVIDIA A100-SXM4-40GB MIG 4g.20gb (0),1,,13,cupy_copy__complex64_complex64
4693414278,2496,305256,35,1,1,128,1,1,16,0.000,0.000,,,,,NVIDIA A100-SXM4-40GB MIG 4g.20gb (0),1,,13,cupy_copy__complex64_complex64
4693431430,1888,305263,1,1,1,1,1,1,18,0.000,0.000,,,,,NVIDIA A100-SXM4-40GB MIG 4g.20gb (0),1,,13,cupy_copy__float32_float32
4693563940,81951,305274,1,1,1,32,32,1,30,0.000,0.000,,,,,NVIDIA A100-SXM4-40GB MIG 4g.20gb (0),1,,13,"void convert_kernel<__half2, float2>(tensor_layout_any, T1 *, tensor_layout_any, const T2 *)"
4693676003,9952,305277,,,,,,,,,,0.094,9414.761,Pinned,Device,NVIDIA A100-SXM4-40GB MIG 4g.20gb (0),1,,13,[CUDA memcpy Host-to-Device]
4693695043,3488,305278,,,,,,,,,,1.547,443412.461,Device,,NVIDIA A100-SXM4-40GB MIG 4g.20gb (0),1,,13,[CUDA memset]
4693704003,6496,305283,,,,,,,,,,0.031,4817.706,Pinned,Device,NVIDIA A100-SXM4-40GB MIG 4g.20gb (0),1,,13,[CUDA memcpy Host-to-Device]
4693713987,18495,305284,,,,,,,,,,0.197,10630.201,Pinned,Device,NVIDIA A100-SXM4-40GB MIG 4g.20gb (0),1,,13,[CUDA memcpy Host-to-Device]
4693749538,5824,305285,273,1,1,8,4,1,39,0.002,0.000,,,,,NVIDIA A100-SXM4-40GB MIG 4g.20gb (0),1,,13,"void channel_eq::eqMmseCoefCompLowMimoKernel<float, float, float, (unsigned int)4, (unsigned int)1, (unsigned int)4>(const channel_eq::_puschRxChEqStatDescr *, channel_eq::_puschRxChEqCoefCompDynDescr)"
4693758210,6016,305286,273,1,1,12,11,1,51,0.002,0.000,,,,,NVIDIA A100-SXM4-40GB MIG 4g.20gb (0),1,,13,"void channel_eq::eqMmseSoftDemapKernel<float, __half, __half, float, (unsigned int)4, (unsigned short)16383>(channel_eq::_puschRxChEqStatDescr *, channel_eq::_puschRxChEqSoftDemapDynDescr)"
4693767874,282844,305287,1,1,1,32,32,1,30,0.000,0.000,,,,,NVIDIA A100-SXM4-40GB MIG 4g.20gb (0),1,,13,"void convert_kernel<float2, __half2>(tensor_layout_any, T1 *, tensor_layout_any, const T2 *)"
4694052638,10944,305299,2253,1,1,128,1,1,16,0.000,0.000,,,,,NVIDIA A100-SXM4-40GB MIG 4g.20gb (0),1,,13,cupy_copy__float16_float16
4694067102,3520,305308,282,1,1,128,1,1,16,0.000,0.000,,,,,NVIDIA A100-SXM4-40GB MIG 4g.20gb (0),1,,13,cupy_copy__complex64_complex64
4694074174,2016,305317,26,1,1,128,1,1,16,0.000,0.000,,,,,NVIDIA A100-SXM4-40GB MIG 4g.20gb (0),1,,13,cupy_copy__float32_float32
4694077726,3168,305326,103,1,1,128,1,1,16,0.000,0.000,,,,,NVIDIA A100-SXM4-40GB MIG 4g.20gb (0),1,,13,cupy_copy__complex64_complex64
4694081950,11872,305336,1434,1,1,128,1,1,16,0.000,0.000,,,,,NVIDIA A100-SXM4-40GB MIG 4g.20gb (0),1,,13,cupy_copy__complex64_complex64
4694095070,83007,305341,1,1,1,32,32,1,30,0.000,0.000,,,,,NVIDIA A100-SXM4-40GB MIG 4g.20gb (0),1,,13,"void convert_kernel<__half2, float2>(tensor_layout_any, T1 *, tensor_layout_any, const T2 *)"
4694204989,5663,305344,,,,,,,,,,0.094,16545.214,Pinned,Device,NVIDIA A100-SXM4-40GB MIG 4g.20gb (0),1,,13,[CUDA memcpy Host-to-Device]
4694215260,599673,305345,,,,,,,,,,456.561,761087.920,Device,,NVIDIA A100-SXM4-40GB MIG 4g.20gb (0),1,,13,[CUDA memset]
4694820149,70623,305350,,,,,,,,,,1.235,17485.572,Pinned,Device,NVIDIA A100-SXM4-40GB MIG 4g.20gb (0),1,,13,[CUDA memcpy Host-to-Device]
4694895188,20256,305351,,,,,,,,,,0.197,9706.144,Pinned,Device,NVIDIA A100-SXM4-40GB MIG 4g.20gb (0),1,,13,[CUDA memcpy Host-to-Device]
4694924980,8512,305352,69,4,1,48,1,1,76,0.002,0.000,,,,,NVIDIA A100-SXM4-40GB MIG 4g.20gb (0),1,,13,"void ch_est::windowedChEstPreNoDftSOfdmKernel<float, __half, float, (unsigned int)2, (unsigned int)1, (unsigned short)4>(ch_est::puschRxChEstStatDescr_t *, ch_est::puschRxChEstDynDescr_t *)"
4694941075,7072,305353,137,2,1,24,2,1,44,0.001,0.001,,,,,NVIDIA A100-SXM4-40GB MIG 4g.20gb (0),1,,13,"void ch_est::chEstFilterNoDftSOfdmDispatchKernel<float, __half, float, (unsigned int)2>(ch_est::puschRxChEstStatDescr_t *, ch_est::puschRxChEstDynDescr_t *)"
4694956499,4960,305354,137,2,1,24,2,1,44,0.001,0.001,,,,,NVIDIA A100-SXM4-40GB MIG 4g.20gb (0),1,,13,"void ch_est::chEstFilterNoDftSOfdmDispatchKernel<float, __half, float, (unsigned int)2>(ch_est::puschRxChEstStatDescr_t *, ch_est::puschRxChEstDynDescr_t *)"
4694964243,3200,305365,103,1,1,128,1,1,16,0.000,0.000,,,,,NVIDIA A100-SXM4-40GB MIG 4g.20gb (0),1,,13,cupy_copy__complex64_complex64
4694974035,12576,305375,1434,1,1,128,1,1,16,0.000,0.000,,,,,NVIDIA A100-SXM4-40GB MIG 4g.20gb (0),1,,13,cupy_copy__complex64_complex64
4694989555,2848,305382,103,1,1,128,1,1,16,0.000,0.000,,,,,NVIDIA A100-SXM4-40GB MIG 4g.20gb (0),1,,13,cupy_copy__complex64_complex64
4695000371,92287,305389,1,1,1,32,32,1,30,0.000,0.000,,,,,NVIDIA A100-SXM4-40GB MIG 4g.20gb (0),1,,13,"void convert_kernel<__half2, float2>(tensor_layout_any, T1 *, tensor_layout_any, const T2 *)"
4695124817,10272,305392,,,,,,,,,,0.094,9121.493,Pinned,Device,NVIDIA A100-SXM4-40GB MIG 4g.20gb (0),1,,13,[CUDA memcpy Host-to-Device]
4695146993,46495,305393,,,,,,,,,,35.810,770163.949,Device,,NVIDIA A100-SXM4-40GB MIG 4g.20gb (0),1,,13,[CUDA memset]
4695200752,3872,305395,,,,,,,,,,0.000,20.661,Pinned,Device,NVIDIA A100-SXM4-40GB MIG 4g.20gb (0),1,,13,[CUDA memcpy Host-to-Device]
4695210896,16800,305396,,,,,,,,,,0.197,11702.698,Pinned,Device,NVIDIA A100-SXM4-40GB MIG 4g.20gb (0),1,,13,[CUDA memcpy Host-to-Device]
4695237872,9376,305397,273,1,1,48,1,1,40,0.000,0.001,,,,,NVIDIA A100-SXM4-40GB MIG 4g.20gb (0),1,,13,"void pusch_noise_intf_est::noiseIntfEstNoDftSOfdmKernel<float, __half, float, float, (unsigned int)2, (unsigned int)1, (unsigned char)4, (unsigned char)4>(pusch_noise_intf_est::puschRxNoiseIntfEstDynDescr)"
4695254960,2784,305408,35,1,1,128,1,1,16,0.000,0.000,,,,,NVIDIA A100-SXM4-40GB MIG 4g.20gb (0),1,,13,cupy_copy__complex64_complex64
4695264623,1856,305417,1,1,1,1,1,1,18,0.000,0.000,,,,,NVIDIA A100-SXM4-40GB MIG 4g.20gb (0),1,,13,cupy_copy__float32_float32
4695280175,7008,305423,,,,,,,,,,0.000,0.571,Device,Pageable,NVIDIA A100-SXM4-40GB MIG 4g.20gb (0),1,,7,[CUDA memcpy Device-to-Host]
4695358606,12672,305434,1434,1,1,128,1,1,16,0.000,0.000,,,,,NVIDIA A100-SXM4-40GB MIG 4g.20gb (0),1,,13,cupy_copy__complex64_complex64
4695388270,2848,305441,103,1,1,128,1,1,16,0.000,0.000,,,,,NVIDIA A100-SXM4-40GB MIG 4g.20gb (0),1,,13,cupy_copy__complex64_complex64
4695408814,2720,305448,35,1,1,128,1,1,16,0.000,0.000,,,,,NVIDIA A100-SXM4-40GB MIG 4g.20gb (0),1,,13,cupy_copy__complex64_complex64
4695422766,1792,305455,1,1,1,1,1,1,18,0.000,0.000,,,,,NVIDIA A100-SXM4-40GB MIG 4g.20gb (0),1,,13,cupy_copy__float32_float32
4695552972,82367,305466,1,1,1,32,32,1,30,0.000,0.000,,,,,NVIDIA A100-SXM4-40GB MIG 4g.20gb (0),1,,13,"void convert_kernel<__half2, float2>(tensor_layout_any, T1 *, tensor_layout_any, const T2 *)"
4695662443,5376,305469,,,,,,,,,,0.094,17428.487,Pinned,Device,NVIDIA A100-SXM4-40GB MIG 4g.20gb (0),1,,13,[CUDA memcpy Host-to-Device]
4695678410,3104,305470,,,,,,,,,,1.547,498266.574,Device,,NVIDIA A100-SXM4-40GB MIG 4g.20gb (0),1,,13,[CUDA memset]
4695684074,3040,305475,,,,,,,,,,0.031,10294.725,Pinned,Device,NVIDIA A100-SXM4-40GB MIG 4g.20gb (0),1,,13,[CUDA memcpy Host-to-Device]
4695689802,9856,305476,,,,,,,,,,0.197,19948.044,Pinned,Device,NVIDIA A100-SXM4-40GB MIG 4g.20gb (0),1,,13,[CUDA memcpy Host-to-Device]
4695704906,7328,305477,273,1,1,8,4,1,39,0.002,0.000,,,,,NVIDIA A100-SXM4-40GB MIG 4g.20gb (0),1,,13,"void channel_eq::eqMmseCoefCompLowMimoKernel<float, float, float, (unsigned int)4, (unsigned int)1, (unsigned int)4>(const channel_eq::_puschRxChEqStatDescr *, channel_eq::_puschRxChEqCoefCompDynDescr)"
4695714346,5696,305478,273,1,1,12,11,1,51,0.002,0.000,,,,,NVIDIA A100-SXM4-40GB MIG 4g.20gb (0),1,,13,"void channel_eq::eqMmseSoftDemapKernel<float, __half, __half, float, (unsigned int)4, (unsigned short)16383>(channel_eq::_puschRxChEqStatDescr *, channel_eq::_puschRxChEqSoftDemapDynDescr)"
4695721834,282300,305479,1,1,1,32,32,1,30,0.000,0.000,,,,,NVIDIA A100-SXM4-40GB MIG 4g.20gb (0),1,,13,"void convert_kernel<float2, __half2>(tensor_layout_any, T1 *, tensor_layout_any, const T2 *)"
4696005542,11200,305491,2253,1,1,128,1,1,16,0.000,0.000,,,,,NVIDIA A100-SXM4-40GB MIG 4g.20gb (0),1,,13,cupy_copy__float16_float16
4696019302,2944,305500,282,1,1,128,1,1,16,0.000,0.000,,,,,NVIDIA A100-SXM4-40GB MIG 4g.20gb (0),1,,13,cupy_copy__complex64_complex64
4696024806,2048,305509,26,1,1,128,1,1,16,0.000,0.000,,,,,NVIDIA A100-SXM4-40GB MIG 4g.20gb (0),1,,13,cupy_copy__float32_float32
4696029990,3008,305518,103,1,1,128,1,1,16,0.000,0.000,,,,,NVIDIA A100-SXM4-40GB MIG 4g.20gb (0),1,,13,cupy_copy__complex64_complex64
4696033926,11936,305528,1434,1,1,128,1,1,16,0.000,0.000,,,,,NVIDIA A100-SXM4-40GB MIG 4g.20gb (0),1,,13,cupy_copy__complex64_complex64
4696051974,82911,305533,1,1,1,32,32,1,30,0.000,0.000,,,,,NVIDIA A100-SXM4-40GB MIG 4g.20gb (0),1,,13,"void convert_kernel<__half2, float2>(tensor_layout_any, T1 *, tensor_layout_any, const T2 *)"
4696162148,5408,305536,,,,,,,,,,0.094,17325.421,Pinned,Device,NVIDIA A100-SXM4-40GB MIG 4g.20gb (0),1,,13,[CUDA memcpy Host-to-Device]
4696171780,599641,305537,,,,,,,,,,456.561,761087.920,Device,,NVIDIA A100-SXM4-40GB MIG 4g.20gb (0),1,,13,[CUDA memset]
4696778013,124094,305542,,,,,,,,,,1.235,9951.179,Pinned,Device,NVIDIA A100-SXM4-40GB MIG 4g.20gb (0),1,,13,[CUDA memcpy Host-to-Device]
4696911195,37824,305543,,,,,,,,,,0.197,5197.922,Pinned,Device,NVIDIA A100-SXM4-40GB MIG 4g.20gb (0),1,,13,[CUDA memcpy Host-to-Device]
4696967258,8352,305544,69,4,1,48,1,1,76,0.002,0.000,,,,,NVIDIA A100-SXM4-40GB MIG 4g.20gb (0),1,,13,"void ch_est::windowedChEstPreNoDftSOfdmKernel<float, __half, float, (unsigned int)2, (unsigned int)1, (unsigned short)4>(ch_est::puschRxChEstStatDescr_t *, ch_est::puschRxChEstDynDescr_t *)"
4696984474,7072,305545,137,2,1,24,2,1,44,0.001,0.001,,,,,NVIDIA A100-SXM4-40GB MIG 4g.20gb (0),1,,13,"void ch_est::chEstFilterNoDftSOfdmDispatchKernel<float, __half, float, (unsigned int)2>(ch_est::puschRxChEstStatDescr_t *, ch_est::puschRxChEstDynDescr_t *)"
4696996922,4832,305546,137,2,1,24,2,1,44,0.001,0.001,,,,,NVIDIA A100-SXM4-40GB MIG 4g.20gb (0),1,,13,"void ch_est::chEstFilterNoDftSOfdmDispatchKernel<float, __half, float, (unsigned int)2>(ch_est::puschRxChEstStatDescr_t *, ch_est::puschRxChEstDynDescr_t *)"
4697010330,2720,305557,103,1,1,128,1,1,16,0.000,0.000,,,,,NVIDIA A100-SXM4-40GB MIG 4g.20gb (0),1,,13,cupy_copy__complex64_complex64
4697019098,12640,305567,1434,1,1,128,1,1,16,0.000,0.000,,,,,NVIDIA A100-SXM4-40GB MIG 4g.20gb (0),1,,13,cupy_copy__complex64_complex64
4697045946,2655,305574,103,1,1,128,1,1,16,0.000,0.000,,,,,NVIDIA A100-SXM4-40GB MIG 4g.20gb (0),1,,13,cupy_copy__complex64_complex64
4697055513,84575,305581,1,1,1,32,32,1,30,0.000,0.000,,,,,NVIDIA A100-SXM4-40GB MIG 4g.20gb (0),1,,13,"void convert_kernel<__half2, float2>(tensor_layout_any, T1 *, tensor_layout_any, const T2 *)"
4697170392,10912,305584,,,,,,,,,,0.094,8586.489,Pinned,Device,NVIDIA A100-SXM4-40GB MIG 4g.20gb (0),1,,13,[CUDA memcpy Host-to-Device]
4697187192,47775,305585,,,,,,,,,,35.810,749537.436,Device,,NVIDIA A100-SXM4-40GB MIG 4g.20gb (0),1,,13,[CUDA memset]
4697237431,9216,305587,,,,,,,,,,0.000,8.680,Pinned,Device,NVIDIA A100-SXM4-40GB MIG 4g.20gb (0),1,,13,[CUDA memcpy Host-to-Device]
4697250455,21376,305588,,,,,,,,,,0.197,9197.519,Pinned,Device,NVIDIA A100-SXM4-40GB MIG 4g.20gb (0),1,,13,[CUDA memcpy Host-to-Device]
4697287255,9919,305589,273,1,1,48,1,1,40,0.000,0.001,,,,,NVIDIA A100-SXM4-40GB MIG 4g.20gb (0),1,,13,"void pusch_noise_intf_est::noiseIntfEstNoDftSOfdmKernel<float, __half, float, float, (unsigned int)2, (unsigned int)1, (unsigned char)4, (unsigned char)4>(pusch_noise_intf_est::puschRxNoiseIntfEstDynDescr)"
4697307062,2816,305600,35,1,1,128,1,1,16,0.000,0.000,,,,,NVIDIA A100-SXM4-40GB MIG 4g.20gb (0),1,,13,cupy_copy__complex64_complex64
4697317078,1696,305609,1,1,1,1,1,1,18,0.000,0.000,,,,,NVIDIA A100-SXM4-40GB MIG 4g.20gb (0),1,,13,cupy_copy__float32_float32
4697323318,6944,305615,,,,,,,,,,0.000,0.576,Device,Pageable,NVIDIA A100-SXM4-40GB MIG 4g.20gb (0),1,,7,[CUDA memcpy Device-to-Host]
4697403765,13184,305626,1434,1,1,128,1,1,16,0.000,0.000,,,,,NVIDIA A100-SXM4-40GB MIG 4g.20gb (0),1,,13,cupy_copy__complex64_complex64
4697430325,2816,305633,103,1,1,128,1,1,16,0.000,0.000,,,,,NVIDIA A100-SXM4-40GB MIG 4g.20gb (0),1,,13,cupy_copy__complex64_complex64
4697458356,2624,305640,35,1,1,128,1,1,16,0.000,0.000,,,,,NVIDIA A100-SXM4-40GB MIG 4g.20gb (0),1,,13,cupy_copy__complex64_complex64
4697476692,1760,305647,1,1,1,1,1,1,18,0.000,0.000,,,,,NVIDIA A100-SXM4-40GB MIG 4g.20gb (0),1,,13,cupy_copy__float32_float32
4697605203,87391,305658,1,1,1,32,32,1,30,0.000,0.000,,,,,NVIDIA A100-SXM4-40GB MIG 4g.20gb (0),1,,13,"void convert_kernel<__half2, float2>(tensor_layout_any, T1 *, tensor_layout_any, const T2 *)"
4697720785,6208,305661,,,,,,,,,,0.094,15092.739,Pinned,Device,NVIDIA A100-SXM4-40GB MIG 4g.20gb (0),1,,13,[CUDA memcpy Host-to-Device]
4697736241,3456,305662,,,,,,,,,,1.547,447517.201,Device,,NVIDIA A100-SXM4-40GB MIG 4g.20gb (0),1,,13,[CUDA memset]
4697741937,3392,305667,,,,,,,,,,0.031,9226.405,Pinned,Device,NVIDIA A100-SXM4-40GB MIG 4g.20gb (0),1,,13,[CUDA memcpy Host-to-Device]
4697748049,9632,305668,,,,,,,,,,0.197,20411.843,Pinned,Device,NVIDIA A100-SXM4-40GB MIG 4g.20gb (0),1,,13,[CUDA memcpy Host-to-Device]
4697761105,6432,305669,273,1,1,8,4,1,39,0.002,0.000,,,,,NVIDIA A100-SXM4-40GB MIG 4g.20gb (0),1,,13,"void channel_eq::eqMmseCoefCompLowMimoKernel<float, float, float, (unsigned int)4, (unsigned int)1, (unsigned int)4>(const channel_eq::_puschRxChEqStatDescr *, channel_eq::_puschRxChEqCoefCompDynDescr)"
4697768497,6400,305670,273,1,1,12,11,1,51,0.002,0.000,,,,,NVIDIA A100-SXM4-40GB MIG 4g.20gb (0),1,,13,"void channel_eq::eqMmseSoftDemapKernel<float, __half, __half, float, (unsigned int)4, (unsigned short)16383>(channel_eq::_puschRxChEqStatDescr *, channel_eq::_puschRxChEqSoftDemapDynDescr)"
4697775921,282012,305671,1,1,1,32,32,1,30,0.000,0.000,,,,,NVIDIA A100-SXM4-40GB MIG 4g.20gb (0),1,,13,"void convert_kernel<float2, __half2>(tensor_layout_any, T1 *, tensor_layout_any, const T2 *)"
4698062669,11008,305683,2253,1,1,128,1,1,16,0.000,0.000,,,,,NVIDIA A100-SXM4-40GB MIG 4g.20gb (0),1,,13,cupy_copy__float16_float16
4698076621,3616,305692,282,1,1,128,1,1,16,0.000,0.000,,,,,NVIDIA A100-SXM4-40GB MIG 4g.20gb (0),1,,13,cupy_copy__complex64_complex64
4698083373,1984,305701,26,1,1,128,1,1,16,0.000,0.000,,,,,NVIDIA A100-SXM4-40GB MIG 4g.20gb (0),1,,13,cupy_copy__float32_float32
4698087053,3008,305710,103,1,1,128,1,1,16,0.000,0.000,,,,,NVIDIA A100-SXM4-40GB MIG 4g.20gb (0),1,,13,cupy_copy__complex64_complex64
4698091085,12064,305720,1434,1,1,128,1,1,16,0.000,0.000,,,,,NVIDIA A100-SXM4-40GB MIG 4g.20gb (0),1,,13,cupy_copy__complex64_complex64
4698107756,82463,305725,1,1,1,32,32,1,30,0.000,0.000,,,,,NVIDIA A100-SXM4-40GB MIG 4g.20gb (0),1,,13,"void convert_kernel<__half2, float2>(tensor_layout_any, T1 *, tensor_layout_any, const T2 *)"
4698216459,5920,305728,,,,,,,,,,0.094,15826.941,Pinned,Device,NVIDIA A100-SXM4-40GB MIG 4g.20gb (0),1,,13,[CUDA memcpy Host-to-Device]
4698227659,597433,305729,,,,,,,,,,456.561,763827.289,Device,,NVIDIA A100-SXM4-40GB MIG 4g.20gb (0),1,,13,[CUDA memset]
4698826084,154398,305734,,,,,,,,,,1.235,7997.497,Pinned,Device,NVIDIA A100-SXM4-40GB MIG 4g.20gb (0),1,,13,[CUDA memcpy Host-to-Device]
4698993442,39583,305735,,,,,,,,,,0.197,4966.908,Pinned,Device,NVIDIA A100-SXM4-40GB MIG 4g.20gb (0),1,,13,[CUDA memcpy Host-to-Device]
4699055169,8352,305736,69,4,1,48,1,1,76,0.002,0.000,,,,,NVIDIA A100-SXM4-40GB MIG 4g.20gb (0),1,,13,"void ch_est::windowedChEstPreNoDftSOfdmKernel<float, __half, float, (unsigned int)2, (unsigned int)1, (unsigned short)4>(ch_est::puschRxChEstStatDescr_t *, ch_est::puschRxChEstDynDescr_t *)"
4699072833,6751,305737,137,2,1,24,2,1,44,0.001,0.001,,,,,NVIDIA A100-SXM4-40GB MIG 4g.20gb (0),1,,13,"void ch_est::chEstFilterNoDftSOfdmDispatchKernel<float, __half, float, (unsigned int)2>(ch_est::puschRxChEstStatDescr_t *, ch_est::puschRxChEstDynDescr_t *)"
4699090816,4768,305738,137,2,1,24,2,1,44,0.001,0.001,,,,,NVIDIA A100-SXM4-40GB MIG 4g.20gb (0),1,,13,"void ch_est::chEstFilterNoDftSOfdmDispatchKernel<float, __half, float, (unsigned int)2>(ch_est::puschRxChEstStatDescr_t *, ch_est::puschRxChEstDynDescr_t *)"
4699106208,2720,305749,103,1,1,128,1,1,16,0.000,0.000,,,,,NVIDIA A100-SXM4-40GB MIG 4g.20gb (0),1,,13,cupy_copy__complex64_complex64
4699121600,12640,305759,1434,1,1,128,1,1,16,0.000,0.000,,,,,NVIDIA A100-SXM4-40GB MIG 4g.20gb (0),1,,13,cupy_copy__complex64_complex64
4699156192,2495,305766,103,1,1,128,1,1,16,0.000,0.000,,,,,NVIDIA A100-SXM4-40GB MIG 4g.20gb (0),1,,13,cupy_copy__complex64_complex64
4699174047,88383,305773,1,1,1,32,32,1,30,0.000,0.000,,,,,NVIDIA A100-SXM4-40GB MIG 4g.20gb (0),1,,13,"void convert_kernel<__half2, float2>(tensor_layout_any, T1 *, tensor_layout_any, const T2 *)"
4699292734,6304,305776,,,,,,,,,,0.094,14862.903,Pinned,Device,NVIDIA A100-SXM4-40GB MIG 4g.20gb (0),1,,13,[CUDA memcpy Host-to-Device]
4699303806,47295,305777,,,,,,,,,,35.810,757129.139,Device,,NVIDIA A100-SXM4-40GB MIG 4g.20gb (0),1,,13,[CUDA memset]
4699355613,3200,305779,,,,,,,,,,0.000,25.000,Pinned,Device,NVIDIA A100-SXM4-40GB MIG 4g.20gb (0),1,,13,[CUDA memcpy Host-to-Device]
4699361277,11680,305780,,,,,,,,,,0.197,16832.791,Pinned,Device,NVIDIA A100-SXM4-40GB MIG 4g.20gb (0),1,,13,[CUDA memcpy Host-to-Device]
4699380541,10336,305781,273,1,1,48,1,1,40,0.000,0.001,,,,,NVIDIA A100-SXM4-40GB MIG 4g.20gb (0),1,,13,"void pusch_noise_intf_est::noiseIntfEstNoDftSOfdmKernel<float, __half, float, float, (unsigned int)2, (unsigned int)1, (unsigned char)4, (unsigned char)4>(pusch_noise_intf_est::puschRxNoiseIntfEstDynDescr)"
4699395677,2816,305792,35,1,1,128,1,1,16,0.000,0.000,,,,,NVIDIA A100-SXM4-40GB MIG 4g.20gb (0),1,,13,cupy_copy__complex64_complex64
4699411548,1920,305801,1,1,1,1,1,1,18,0.000,0.000,,,,,NVIDIA A100-SXM4-40GB MIG 4g.20gb (0),1,,13,cupy_copy__float32_float32
4699443676,1600,305807,,,,,,,,,,0.000,2.500,Device,Pageable,NVIDIA A100-SXM4-40GB MIG 4g.20gb (0),1,,7,[CUDA memcpy Device-to-Host]
4699507259,12960,305818,1434,1,1,128,1,1,16,0.000,0.000,,,,,NVIDIA A100-SXM4-40GB MIG 4g.20gb (0),1,,13,cupy_copy__complex64_complex64
4699535227,2656,305825,103,1,1,128,1,1,16,0.000,0.000,,,,,NVIDIA A100-SXM4-40GB MIG 4g.20gb (0),1,,13,cupy_copy__complex64_complex64
4699553819,2176,305832,35,1,1,128,1,1,16,0.000,0.000,,,,,NVIDIA A100-SXM4-40GB MIG 4g.20gb (0),1,,13,cupy_copy__complex64_complex64
4699573434,1728,305839,1,1,1,1,1,1,18,0.000,0.000,,,,,NVIDIA A100-SXM4-40GB MIG 4g.20gb (0),1,,13,cupy_copy__float32_float32
4699704441,82847,305850,1,1,1,32,32,1,30,0.000,0.000,,,,,NVIDIA A100-SXM4-40GB MIG 4g.20gb (0),1,,13,"void convert_kernel<__half2, float2>(tensor_layout_any, T1 *, tensor_layout_any, const T2 *)"
4699814199,5728,305853,,,,,,,,,,0.094,16357.541,Pinned,Device,NVIDIA A100-SXM4-40GB MIG 4g.20gb (0),1,,13,[CUDA memcpy Host-to-Device]
4699829335,3200,305854,,,,,,,,,,1.547,483320.000,Device,,NVIDIA A100-SXM4-40GB MIG 4g.20gb (0),1,,13,[CUDA memset]
4699835575,3104,305859,,,,,,,,,,0.031,10082.445,Pinned,Device,NVIDIA A100-SXM4-40GB MIG 4g.20gb (0),1,,13,[CUDA memcpy Host-to-Device]
4699841143,9920,305860,,,,,,,,,,0.197,19819.266,Pinned,Device,NVIDIA A100-SXM4-40GB MIG 4g.20gb (0),1,,13,[CUDA memcpy Host-to-Device]
4699856087,6688,305861,273,1,1,8,4,1,39,0.002,0.000,,,,,NVIDIA A100-SXM4-40GB MIG 4g.20gb (0),1,,13,"void channel_eq::eqMmseCoefCompLowMimoKernel<float, float, float, (unsigned int)4, (unsigned int)1, (unsigned int)4>(const channel_eq::_puschRxChEqStatDescr *, channel_eq::_puschRxChEqCoefCompDynDescr)"
4699863735,6400,305862,273,1,1,12,11,1,51,0.002,0.000,,,,,NVIDIA A100-SXM4-40GB MIG 4g.20gb (0),1,,13,"void channel_eq::eqMmseSoftDemapKernel<float, __half, __half, float, (unsigned int)4, (unsigned short)16383>(channel_eq::_puschRxChEqStatDescr *, channel_eq::_puschRxChEqSoftDemapDynDescr)"
4699871255,282684,305863,1,1,1,32,32,1,30,0.000,0.000,,,,,NVIDIA A100-SXM4-40GB MIG 4g.20gb (0),1,,13,"void convert_kernel<float2, __half2>(tensor_layout_any, T1 *, tensor_layout_any, const T2 *)"
4700158387,10880,305875,2253,1,1,128,1,1,16,0.000,0.000,,,,,NVIDIA A100-SXM4-40GB MIG 4g.20gb (0),1,,13,cupy_copy__float16_float16
4700171987,3616,305884,282,1,1,128,1,1,16,0.000,0.000,,,,,NVIDIA A100-SXM4-40GB MIG 4g.20gb (0),1,,13,cupy_copy__complex64_complex64
4700177875,2112,305893,26,1,1,128,1,1,16,0.000,0.000,,,,,NVIDIA A100-SXM4-40GB MIG 4g.20gb (0),1,,13,cupy_copy__float32_float32
4700181107,2880,305902,103,1,1,128,1,1,16,0.000,0.000,,,,,NVIDIA A100-SXM4-40GB MIG 4g.20gb (0),1,,13,cupy_copy__complex64_complex64
4700235058,12224,305918,1434,1,1,128,1,1,16,0.000,0.000,,,,,NVIDIA A100-SXM4-40GB MIG 4g.20gb (0),1,,13,cupy_copy__complex64_complex64
4700354225,81343,305923,1,1,1,32,32,1,30,0.000,0.000,,,,,NVIDIA A100-SXM4-40GB MIG 4g.20gb (0),1,,13,"void convert_kernel<__half2, float2>(tensor_layout_any, T1 *, tensor_layout_any, const T2 *)"
4700462255,5888,305926,,,,,,,,,,0.094,15912.954,Pinned,Device,NVIDIA A100-SXM4-40GB MIG 4g.20gb (0),1,,13,[CUDA memcpy Host-to-Device]
4700472559,599193,305927,,,,,,,,,,456.561,761544.482,Device,,NVIDIA A100-SXM4-40GB MIG 4g.20gb (0),1,,13,[CUDA memset]
4701077128,155198,305932,,,,,,,,,,1.235,7956.744,Pinned,Device,NVIDIA A100-SXM4-40GB MIG 4g.20gb (0),1,,13,[CUDA memcpy Host-to-Device]
4701244518,40447,305933,,,,,,,,,,0.197,4860.740,Pinned,Device,NVIDIA A100-SXM4-40GB MIG 4g.20gb (0),1,,13,[CUDA memcpy Host-to-Device]
4701318693,8096,305934,69,4,1,48,1,1,76,0.002,0.000,,,,,NVIDIA A100-SXM4-40GB MIG 4g.20gb (0),1,,13,"void ch_est::windowedChEstPreNoDftSOfdmKernel<float, __half, float, (unsigned int)2, (unsigned int)1, (unsigned short)4>(ch_est::puschRxChEstStatDescr_t *, ch_est::puschRxChEstDynDescr_t *)"
4701338053,6720,305935,137,2,1,24,2,1,44,0.001,0.001,,,,,NVIDIA A100-SXM4-40GB MIG 4g.20gb (0),1,,13,"void ch_est::chEstFilterNoDftSOfdmDispatchKernel<float, __half, float, (unsigned int)2>(ch_est::puschRxChEstStatDescr_t *, ch_est::puschRxChEstDynDescr_t *)"
4701354788,4736,305936,137,2,1,24,2,1,44,0.001,0.001,,,,,NVIDIA A100-SXM4-40GB MIG 4g.20gb (0),1,,13,"void ch_est::chEstFilterNoDftSOfdmDispatchKernel<float, __half, float, (unsigned int)2>(ch_est::puschRxChEstStatDescr_t *, ch_est::puschRxChEstDynDescr_t *)"
4701373860,2592,305947,103,1,1,128,1,1,16,0.000,0.000,,,,,NVIDIA A100-SXM4-40GB MIG 4g.20gb (0),1,,13,cupy_copy__complex64_complex64
4701390020,12544,305957,1434,1,1,128,1,1,16,0.000,0.000,,,,,NVIDIA A100-SXM4-40GB MIG 4g.20gb (0),1,,13,cupy_copy__complex64_complex64
4701424708,2560,305964,103,1,1,128,1,1,16,0.000,0.000,,,,,NVIDIA A100-SXM4-40GB MIG 4g.20gb (0),1,,13,cupy_copy__complex64_complex64
4701438083,87615,305971,1,1,1,32,32,1,30,0.000,0.000,,,,,NVIDIA A100-SXM4-40GB MIG 4g.20gb (0),1,,13,"void convert_kernel<__half2, float2>(tensor_layout_any, T1 *, tensor_layout_any, const T2 *)"
4701553794,5408,305974,,,,,,,,,,0.094,17325.421,Pinned,Device,NVIDIA A100-SXM4-40GB MIG 4g.20gb (0),1,,13,[CUDA memcpy Host-to-Device]
4701565826,46911,305975,,,,,,,,,,35.810,763324.255,Device,,NVIDIA A100-SXM4-40GB MIG 4g.20gb (0),1,,13,[CUDA memset]
4701619105,3744,305977,,,,,,,,,,0.000,21.368,Pinned,Device,NVIDIA A100-SXM4-40GB MIG 4g.20gb (0),1,,13,[CUDA memcpy Host-to-Device]
4701627681,13760,305978,,,,,,,,,,0.197,14288.290,Pinned,Device,NVIDIA A100-SXM4-40GB MIG 4g.20gb (0),1,,13,[CUDA memcpy Host-to-Device]
4701651489,10368,305979,273,1,1,48,1,1,40,0.000,0.001,,,,,NVIDIA A100-SXM4-40GB MIG 4g.20gb (0),1,,13,"void pusch_noise_intf_est::noiseIntfEstNoDftSOfdmKernel<float, __half, float, float, (unsigned int)2, (unsigned int)1, (unsigned char)4, (unsigned char)4>(pusch_noise_intf_est::puschRxNoiseIntfEstDynDescr)"
4701663777,2880,305990,35,1,1,128,1,1,16,0.000,0.000,,,,,NVIDIA A100-SXM4-40GB MIG 4g.20gb (0),1,,13,cupy_copy__complex64_complex64
4701673249,1887,305999,1,1,1,1,1,1,18,0.000,0.000,,,,,NVIDIA A100-SXM4-40GB MIG 4g.20gb (0),1,,13,cupy_copy__float32_float32
4701708512,1600,306005,,,,,,,,,,0.000,2.500,Device,Pageable,NVIDIA A100-SXM4-40GB MIG 4g.20gb (0),1,,7,[CUDA memcpy Device-to-Host]
4701767903,12928,306016,1434,1,1,128,1,1,16,0.000,0.000,,,,,NVIDIA A100-SXM4-40GB MIG 4g.20gb (0),1,,13,cupy_copy__complex64_complex64
4701794527,2880,306023,103,1,1,128,1,1,16,0.000,0.000,,,,,NVIDIA A100-SXM4-40GB MIG 4g.20gb (0),1,,13,cupy_copy__complex64_complex64
4701814271,2176,306030,35,1,1,128,1,1,16,0.000,0.000,,,,,NVIDIA A100-SXM4-40GB MIG 4g.20gb (0),1,,13,cupy_copy__complex64_complex64
4701832479,1792,306037,1,1,1,1,1,1,18,0.000,0.000,,,,,NVIDIA A100-SXM4-40GB MIG 4g.20gb (0),1,,13,cupy_copy__float32_float32
4701966045,87615,306048,1,1,1,32,32,1,30,0.000,0.000,,,,,NVIDIA A100-SXM4-40GB MIG 4g.20gb (0),1,,13,"void convert_kernel<__half2, float2>(tensor_layout_any, T1 *, tensor_layout_any, const T2 *)"
4702081115,5600,306051,,,,,,,,,,0.094,16731.388,Pinned,Device,NVIDIA A100-SXM4-40GB MIG 4g.20gb (0),1,,13,[CUDA memcpy Host-to-Device]
4702096347,3712,306052,,,,,,,,,,1.547,416654.319,Device,,NVIDIA A100-SXM4-40GB MIG 4g.20gb (0),1,,13,[CUDA memset]
4702102427,3520,306057,,,,,,,,,,0.031,8890.881,Pinned,Device,NVIDIA A100-SXM4-40GB MIG 4g.20gb (0),1,,13,[CUDA memcpy Host-to-Device]
4702108507,9408,306058,,,,,,,,,,0.197,20897.858,Pinned,Device,NVIDIA A100-SXM4-40GB MIG 4g.20gb (0),1,,13,[CUDA memcpy Host-to-Device]
4702122075,6208,306059,273,1,1,8,4,1,39,0.002,0.000,,,,,NVIDIA A100-SXM4-40GB MIG 4g.20gb (0),1,,13,"void channel_eq::eqMmseCoefCompLowMimoKernel<float, float, float, (unsigned int)4, (unsigned int)1, (unsigned int)4>(const channel_eq::_puschRxChEqStatDescr *, channel_eq::_puschRxChEqCoefCompDynDescr)"
4702131131,6240,306060,273,1,1,12,11,1,51,0.002,0.000,,,,,NVIDIA A100-SXM4-40GB MIG 4g.20gb (0),1,,13,"void channel_eq::eqMmseSoftDemapKernel<float, __half, __half, float, (unsigned int)4, (unsigned short)16383>(channel_eq::_puschRxChEqStatDescr *, channel_eq::_puschRxChEqSoftDemapDynDescr)"
4702138331,282908,306061,1,1,1,32,32,1,30,0.000,0.000,,,,,NVIDIA A100-SXM4-40GB MIG 4g.20gb (0),1,,13,"void convert_kernel<float2, __half2>(tensor_layout_any, T1 *, tensor_layout_any, const T2 *)"
4702422263,10880,306073,2253,1,1,128,1,1,16,0.000,0.000,,,,,NVIDIA A100-SXM4-40GB MIG 4g.20gb (0),1,,13,cupy_copy__float16_float16
4702435287,3104,306082,282,1,1,128,1,1,16,0.000,0.000,,,,,NVIDIA A100-SXM4-40GB MIG 4g.20gb (0),1,,13,cupy_copy__complex64_complex64
4702439959,2048,306091,26,1,1,128,1,1,16,0.000,0.000,,,,,NVIDIA A100-SXM4-40GB MIG 4g.20gb (0),1,,13,cupy_copy__float32_float32
4702445623,5088,306100,103,1,1,128,1,1,16,0.000,0.000,,,,,NVIDIA A100-SXM4-40GB MIG 4g.20gb (0),1,,13,cupy_copy__complex64_complex64
4702453367,12416,306110,1434,1,1,128,1,1,16,0.000,0.000,,,,,NVIDIA A100-SXM4-40GB MIG 4g.20gb (0),1,,13,cupy_copy__complex64_complex64
4702476887,82175,306115,1,1,1,32,32,1,30,0.000,0.000,,,,,NVIDIA A100-SXM4-40GB MIG 4g.20gb (0),1,,13,"void convert_kernel<__half2, float2>(tensor_layout_any, T1 *, tensor_layout_any, const T2 *)"
4702585781,5600,306118,,,,,,,,,,0.094,16731.388,Pinned,Device,NVIDIA A100-SXM4-40GB MIG 4g.20gb (0),1,,13,[CUDA memcpy Host-to-Device]
4702596021,597273,306119,,,,,,,,,,456.561,764283.851,Device,,NVIDIA A100-SXM4-40GB MIG 4g.20gb (0),1,,13,[CUDA memset]
4703198414,155422,306124,,,,,,,,,,1.235,7945.630,Pinned,Device,NVIDIA A100-SXM4-40GB MIG 4g.20gb (0),1,,13,[CUDA memcpy Host-to-Device]
4703362508,39679,306125,,,,,,,,,,0.197,4954.915,Pinned,Device,NVIDIA A100-SXM4-40GB MIG 4g.20gb (0),1,,13,[CUDA memcpy Host-to-Device]
4703432619,8320,306126,69,4,1,48,1,1,76,0.002,0.000,,,,,NVIDIA A100-SXM4-40GB MIG 4g.20gb (0),1,,13,"void ch_est::windowedChEstPreNoDftSOfdmKernel<float, __half, float, (unsigned int)2, (unsigned int)1, (unsigned short)4>(ch_est::puschRxChEstStatDescr_t *, ch_est::puschRxChEstDynDescr_t *)"
4703451787,6720,306127,137,2,1,24,2,1,44,0.001,0.001,,,,,NVIDIA A100-SXM4-40GB MIG 4g.20gb (0),1,,13,"void ch_est::chEstFilterNoDftSOfdmDispatchKernel<float, __half, float, (unsigned int)2>(ch_est::puschRxChEstStatDescr_t *, ch_est::puschRxChEstDynDescr_t *)"
4703468394,4800,306128,137,2,1,24,2,1,44,0.001,0.001,,,,,NVIDIA A100-SXM4-40GB MIG 4g.20gb (0),1,,13,"void ch_est::chEstFilterNoDftSOfdmDispatchKernel<float, __half, float, (unsigned int)2>(ch_est::puschRxChEstStatDescr_t *, ch_est::puschRxChEstDynDescr_t *)"
4703485386,2496,306139,103,1,1,128,1,1,16,0.000,0.000,,,,,NVIDIA A100-SXM4-40GB MIG 4g.20gb (0),1,,13,cupy_copy__complex64_complex64
4703503370,12224,306149,1434,1,1,128,1,1,16,0.000,0.000,,,,,NVIDIA A100-SXM4-40GB MIG 4g.20gb (0),1,,13,cupy_copy__complex64_complex64
4703523530,2944,306156,103,1,1,128,1,1,16,0.000,0.000,,,,,NVIDIA A100-SXM4-40GB MIG 4g.20gb (0),1,,13,cupy_copy__complex64_complex64
4703547753,91135,306163,1,1,1,32,32,1,30,0.000,0.000,,,,,NVIDIA A100-SXM4-40GB MIG 4g.20gb (0),1,,13,"void convert_kernel<__half2, float2>(tensor_layout_any, T1 *, tensor_layout_any, const T2 *)"
4703674216,23904,306166,,,,,,,,,,0.094,3919.678,Pinned,Device,NVIDIA A100-SXM4-40GB MIG 4g.20gb (0),1,,13,[CUDA memcpy Host-to-Device]
4703711623,47712,306167,,,,,,,,,,35.810,750540.113,Device,,NVIDIA A100-SXM4-40GB MIG 4g.20gb (0),1,,13,[CUDA memset]
4703768231,10784,306169,,,,,,,,,,0.000,7.418,Pinned,Device,NVIDIA A100-SXM4-40GB MIG 4g.20gb (0),1,,13,[CUDA memcpy Host-to-Device]
4703787334,21952,306170,,,,,,,,,,0.197,8956.084,Pinned,Device,NVIDIA A100-SXM4-40GB MIG 4g.20gb (0),1,,13,[CUDA memcpy Host-to-Device]
4703820070,12064,306171,273,1,1,48,1,1,40,0.000,0.001,,,,,NVIDIA A100-SXM4-40GB MIG 4g.20gb (0),1,,13,"void pusch_noise_intf_est::noiseIntfEstNoDftSOfdmKernel<float, __half, float, float, (unsigned int)2, (unsigned int)1, (unsigned char)4, (unsigned char)4>(pusch_noise_intf_est::puschRxNoiseIntfEstDynDescr)"
4703842630,2784,306182,35,1,1,128,1,1,16,0.000,0.000,,,,,NVIDIA A100-SXM4-40GB MIG 4g.20gb (0),1,,13,cupy_copy__complex64_complex64
4703850598,1888,306191,1,1,1,1,1,1,18,0.000,0.000,,,,,NVIDIA A100-SXM4-40GB MIG 4g.20gb (0),1,,13,cupy_copy__float32_float32
4703854790,1568,306197,,,,,,,,,,0.000,2.551,Device,Pageable,NVIDIA A100-SXM4-40GB MIG 4g.20gb (0),1,,7,[CUDA memcpy Device-to-Host]
4703923269,12928,306208,1434,1,1,128,1,1,16,0.000,0.000,,,,,NVIDIA A100-SXM4-40GB MIG 4g.20gb (0),1,,13,cupy_copy__complex64_complex64
4703950852,3488,306215,103,1,1,128,1,1,16,0.000,0.000,,,,,NVIDIA A100-SXM4-40GB MIG 4g.20gb (0),1,,13,cupy_copy__complex64_complex64
4703973092,2592,306222,35,1,1,128,1,1,16,0.000,0.000,,,,,NVIDIA A100-SXM4-40GB MIG 4g.20gb (0),1,,13,cupy_copy__complex64_complex64
4703989380,1792,306229,1,1,1,1,1,1,18,0.000,0.000,,,,,NVIDIA A100-SXM4-40GB MIG 4g.20gb (0),1,,13,cupy_copy__float32_float32
4704125698,82655,306240,1,1,1,32,32,1,30,0.000,0.000,,,,,NVIDIA A100-SXM4-40GB MIG 4g.20gb (0),1,,13,"void convert_kernel<__half2, float2>(tensor_layout_any, T1 *, tensor_layout_any, const T2 *)"
4704235745,5568,306243,,,,,,,,,,0.094,16827.521,Pinned,Device,NVIDIA A100-SXM4-40GB MIG 4g.20gb (0),1,,13,[CUDA memcpy Host-to-Device]
4704250465,3296,306244,,,,,,,,,,1.547,469242.628,Device,,NVIDIA A100-SXM4-40GB MIG 4g.20gb (0),1,,13,[CUDA memset]
4704256929,3296,306249,,,,,,,,,,0.031,9495.144,Pinned,Device,NVIDIA A100-SXM4-40GB MIG 4g.20gb (0),1,,13,[CUDA memcpy Host-to-Device]
4704262721,9343,306250,,,,,,,,,,0.197,21043.347,Pinned,Device,NVIDIA A100-SXM4-40GB MIG 4g.20gb (0),1,,13,[CUDA memcpy Host-to-Device]
4704278528,8032,306251,273,1,1,8,4,1,39,0.002,0.000,,,,,NVIDIA A100-SXM4-40GB MIG 4g.20gb (0),1,,13,"void channel_eq::eqMmseCoefCompLowMimoKernel<float, float, float, (unsigned int)4, (unsigned int)1, (unsigned int)4>(const channel_eq::_puschRxChEqStatDescr *, channel_eq::_puschRxChEqCoefCompDynDescr)"
4704288352,6304,306252,273,1,1,12,11,1,51,0.002,0.000,,,,,NVIDIA A100-SXM4-40GB MIG 4g.20gb (0),1,,13,"void channel_eq::eqMmseSoftDemapKernel<float, __half, __half, float, (unsigned int)4, (unsigned short)16383>(channel_eq::_puschRxChEqStatDescr *, channel_eq::_puschRxChEqSoftDemapDynDescr)"
4704298048,282653,306253,1,1,1,32,32,1,30,0.000,0.000,,,,,NVIDIA A100-SXM4-40GB MIG 4g.20gb (0),1,,13,"void convert_kernel<float2, __half2>(tensor_layout_any, T1 *, tensor_layout_any, const T2 *)"
4704581821,10976,306265,2253,1,1,128,1,1,16,0.000,0.000,,,,,NVIDIA A100-SXM4-40GB MIG 4g.20gb (0),1,,13,cupy_copy__float16_float16
4704594141,3135,306274,282,1,1,128,1,1,16,0.000,0.000,,,,,NVIDIA A100-SXM4-40GB MIG 4g.20gb (0),1,,13,cupy_copy__complex64_complex64
4704598300,2016,306283,26,1,1,128,1,1,16,0.000,0.000,,,,,NVIDIA A100-SXM4-40GB MIG 4g.20gb (0),1,,13,cupy_copy__float32_float32
4704601660,3136,306292,103,1,1,128,1,1,16,0.000,0.000,,,,,NVIDIA A100-SXM4-40GB MIG 4g.20gb (0),1,,13,cupy_copy__complex64_complex64
4704607356,12128,306302,1434,1,1,128,1,1,16,0.000,0.000,,,,,NVIDIA A100-SXM4-40GB MIG 4g.20gb (0),1,,13,cupy_copy__complex64_complex64
4704626108,82015,306307,1,1,1,32,32,1,30,0.000,0.000,,,,,NVIDIA A100-SXM4-40GB MIG 4g.20gb (0),1,,13,"void convert_kernel<__half2, float2>(tensor_layout_any, T1 *, tensor_layout_any, const T2 *)"
4704735611,5760,306310,,,,,,,,,,0.094,16266.656,Pinned,Device,NVIDIA A100-SXM4-40GB MIG 4g.20gb (0),1,,13,[CUDA memcpy Host-to-Device]
4704746939,598808,306311,,,,,,,,,,456.561,762001.043,Device,,NVIDIA A100-SXM4-40GB MIG 4g.20gb (0),1,,13,[CUDA memset]
4705351539,131007,306316,,,,,,,,,,1.235,9426.328,Pinned,Device,NVIDIA A100-SXM4-40GB MIG 4g.20gb (0),1,,13,[CUDA memcpy Host-to-Device]
4705497969,41376,306317,,,,,,,,,,0.197,4751.622,Pinned,Device,NVIDIA A100-SXM4-40GB MIG 4g.20gb (0),1,,13,[CUDA memcpy Host-to-Device]
4705573232,8064,306318,69,4,1,48,1,1,76,0.002,0.000,,,,,NVIDIA A100-SXM4-40GB MIG 4g.20gb (0),1,,13,"void ch_est::windowedChEstPreNoDftSOfdmKernel<float, __half, float, (unsigned int)2, (unsigned int)1, (unsigned short)4>(ch_est::puschRxChEstStatDescr_t *, ch_est::puschRxChEstDynDescr_t *)"
4705590928,6432,306319,137,2,1,24,2,1,44,0.001,0.001,,,,,NVIDIA A100-SXM4-40GB MIG 4g.20gb (0),1,,13,"void ch_est::chEstFilterNoDftSOfdmDispatchKernel<float, __half, float, (unsigned int)2>(ch_est::puschRxChEstStatDescr_t *, ch_est::puschRxChEstDynDescr_t *)"
4705608496,4768,306320,137,2,1,24,2,1,44,0.001,0.001,,,,,NVIDIA A100-SXM4-40GB MIG 4g.20gb (0),1,,13,"void ch_est::chEstFilterNoDftSOfdmDispatchKernel<float, __half, float, (unsigned int)2>(ch_est::puschRxChEstStatDescr_t *, ch_est::puschRxChEstDynDescr_t *)"
4705623920,2656,306331,103,1,1,128,1,1,16,0.000,0.000,,,,,NVIDIA A100-SXM4-40GB MIG 4g.20gb (0),1,,13,cupy_copy__complex64_complex64
4705640848,12447,306341,1434,1,1,128,1,1,16,0.000,0.000,,,,,NVIDIA A100-SXM4-40GB MIG 4g.20gb (0),1,,13,cupy_copy__complex64_complex64
4705661423,2912,306348,103,1,1,128,1,1,16,0.000,0.000,,,,,NVIDIA A100-SXM4-40GB MIG 4g.20gb (0),1,,13,cupy_copy__complex64_complex64
4705684495,84255,306355,1,1,1,32,32,1,30,0.000,0.000,,,,,NVIDIA A100-SXM4-40GB MIG 4g.20gb (0),1,,13,"void convert_kernel<__half2, float2>(tensor_layout_any, T1 *, tensor_layout_any, const T2 *)"
4705801518,25855,306358,,,,,,,,,,0.094,3623.880,Pinned,Device,NVIDIA A100-SXM4-40GB MIG 4g.20gb (0),1,,13,[CUDA memcpy Host-to-Device]
4705849997,46527,306359,,,,,,,,,,35.810,769626.801,Device,,NVIDIA A100-SXM4-40GB MIG 4g.20gb (0),1,,13,[CUDA memset]
4705899052,14880,306361,,,,,,,,,,0.000,5.376,Pinned,Device,NVIDIA A100-SXM4-40GB MIG 4g.20gb (0),1,,13,[CUDA memcpy Host-to-Device]
4705924140,28704,306362,,,,,,,,,,0.197,6849.430,Pinned,Device,NVIDIA A100-SXM4-40GB MIG 4g.20gb (0),1,,13,[CUDA memcpy Host-to-Device]
4705974668,9855,306363,273,1,1,48,1,1,40,0.000,0.001,,,,,NVIDIA A100-SXM4-40GB MIG 4g.20gb (0),1,,13,"void pusch_noise_intf_est::noiseIntfEstNoDftSOfdmKernel<float, __half, float, float, (unsigned int)2, (unsigned int)1, (unsigned char)4, (unsigned char)4>(pusch_noise_intf_est::puschRxNoiseIntfEstDynDescr)"
4705990859,2816,306374,35,1,1,128,1,1,16,0.000,0.000,,,,,NVIDIA A100-SXM4-40GB MIG 4g.20gb (0),1,,13,cupy_copy__complex64_complex64
4706007787,1664,306383,1,1,1,1,1,1,18,0.000,0.000,,,,,NVIDIA A100-SXM4-40GB MIG 4g.20gb (0),1,,13,cupy_copy__float32_float32
4706011307,7712,306389,,,,,,,,,,0.000,0.519,Device,Pageable,NVIDIA A100-SXM4-40GB MIG 4g.20gb (0),1,,7,[CUDA memcpy Device-to-Host]
4706100746,12864,306400,1434,1,1,128,1,1,16,0.000,0.000,,,,,NVIDIA A100-SXM4-40GB MIG 4g.20gb (0),1,,13,cupy_copy__complex64_complex64
4706123722,3328,306407,103,1,1,128,1,1,16,0.000,0.000,,,,,NVIDIA A100-SXM4-40GB MIG 4g.20gb (0),1,,13,cupy_copy__complex64_complex64
4706145801,2368,306414,35,1,1,128,1,1,16,0.000,0.000,,,,,NVIDIA A100-SXM4-40GB MIG 4g.20gb (0),1,,13,cupy_copy__complex64_complex64
4706164937,1760,306421,1,1,1,1,1,1,18,0.000,0.000,,,,,NVIDIA A100-SXM4-40GB MIG 4g.20gb (0),1,,13,cupy_copy__float32_float32
4706295464,87006,306432,1,1,1,32,32,1,30,0.000,0.000,,,,,NVIDIA A100-SXM4-40GB MIG 4g.20gb (0),1,,13,"void convert_kernel<__half2, float2>(tensor_layout_any, T1 *, tensor_layout_any, const T2 *)"
4706410150,6464,306435,,,,,,,,,,0.094,14494.959,Pinned,Device,NVIDIA A100-SXM4-40GB MIG 4g.20gb (0),1,,13,[CUDA memcpy Host-to-Device]
4706426246,3520,306436,,,,,,,,,,1.547,439380.412,Device,,NVIDIA A100-SXM4-40GB MIG 4g.20gb (0),1,,13,[CUDA memset]
4706431846,3072,306441,,,,,,,,,,0.031,10187.474,Pinned,Device,NVIDIA A100-SXM4-40GB MIG 4g.20gb (0),1,,13,[CUDA memcpy Host-to-Device]
4706437350,9440,306442,,,,,,,,,,0.197,20827.079,Pinned,Device,NVIDIA A100-SXM4-40GB MIG 4g.20gb (0),1,,13,[CUDA memcpy Host-to-Device]
4706451494,6176,306443,273,1,1,8,4,1,39,0.002,0.000,,,,,NVIDIA A100-SXM4-40GB MIG 4g.20gb (0),1,,13,"void channel_eq::eqMmseCoefCompLowMimoKernel<float, float, float, (unsigned int)4, (unsigned int)1, (unsigned int)4>(const channel_eq::_puschRxChEqStatDescr *, channel_eq::_puschRxChEqCoefCompDynDescr)"
4706460582,6207,306444,273,1,1,12,11,1,51,0.002,0.000,,,,,NVIDIA A100-SXM4-40GB MIG 4g.20gb (0),1,,13,"void channel_eq::eqMmseSoftDemapKernel<float, __half, __half, float, (unsigned int)4, (unsigned short)16383>(channel_eq::_puschRxChEqStatDescr *, channel_eq::_puschRxChEqSoftDemapDynDescr)"
4706467845,282109,306445,1,1,1,32,32,1,30,0.000,0.000,,,,,NVIDIA A100-SXM4-40GB MIG 4g.20gb (0),1,,13,"void convert_kernel<float2, __half2>(tensor_layout_any, T1 *, tensor_layout_any, const T2 *)"
4706751746,11136,306457,2253,1,1,128,1,1,16,0.000,0.000,,,,,NVIDIA A100-SXM4-40GB MIG 4g.20gb (0),1,,13,cupy_copy__float16_float16
4706767138,3584,306466,282,1,1,128,1,1,16,0.000,0.000,,,,,NVIDIA A100-SXM4-40GB MIG 4g.20gb (0),1,,13,cupy_copy__complex64_complex64
4706773666,2272,306475,26,1,1,128,1,1,16,0.000,0.000,,,,,NVIDIA A100-SXM4-40GB MIG 4g.20gb (0),1,,13,cupy_copy__float32_float32
4706779330,2944,306484,103,1,1,128,1,1,16,0.000,0.000,,,,,NVIDIA A100-SXM4-40GB MIG 4g.20gb (0),1,,13,cupy_copy__complex64_complex64
4706783394,12159,306494,1434,1,1,128,1,1,16,0.000,0.000,,,,,NVIDIA A100-SXM4-40GB MIG 4g.20gb (0),1,,13,cupy_copy__complex64_complex64
4706803009,81535,306499,1,1,1,32,32,1,30,0.000,0.000,,,,,NVIDIA A100-SXM4-40GB MIG 4g.20gb (0),1,,13,"void convert_kernel<__half2, float2>(tensor_layout_any, T1 *, tensor_layout_any, const T2 *)"
4706912032,5760,306502,,,,,,,,,,0.094,16266.656,Pinned,Device,NVIDIA A100-SXM4-40GB MIG 4g.20gb (0),1,,13,[CUDA memcpy Host-to-Device]
4706922880,598264,306503,,,,,,,,,,456.561,762914.166,Device,,NVIDIA A100-SXM4-40GB MIG 4g.20gb (0),1,,13,[CUDA memset]
4707528856,136927,306508,,,,,,,,,,1.235,9018.796,Pinned,Device,NVIDIA A100-SXM4-40GB MIG 4g.20gb (0),1,,13,[CUDA memcpy Host-to-Device]
4707675703,19615,306509,,,,,,,,,,0.197,10023.272,Pinned,Device,NVIDIA A100-SXM4-40GB MIG 4g.20gb (0),1,,13,[CUDA memcpy Host-to-Device]
4707711510,8320,306510,69,4,1,48,1,1,76,0.002,0.000,,,,,NVIDIA A100-SXM4-40GB MIG 4g.20gb (0),1,,13,"void ch_est::windowedChEstPreNoDftSOfdmKernel<float, __half, float, (unsigned int)2, (unsigned int)1, (unsigned short)4>(ch_est::puschRxChEstStatDescr_t *, ch_est::puschRxChEstDynDescr_t *)"
4707721302,7136,306511,137,2,1,24,2,1,44,0.001,0.001,,,,,NVIDIA A100-SXM4-40GB MIG 4g.20gb (0),1,,13,"void ch_est::chEstFilterNoDftSOfdmDispatchKernel<float, __half, float, (unsigned int)2>(ch_est::puschRxChEstStatDescr_t *, ch_est::puschRxChEstDynDescr_t *)"
4707736310,4896,306512,137,2,1,24,2,1,44,0.001,0.001,,,,,NVIDIA A100-SXM4-40GB MIG 4g.20gb (0),1,,13,"void ch_est::chEstFilterNoDftSOfdmDispatchKernel<float, __half, float, (unsigned int)2>(ch_est::puschRxChEstStatDescr_t *, ch_est::puschRxChEstDynDescr_t *)"
4707743926,2624,306523,103,1,1,128,1,1,16,0.000,0.000,,,,,NVIDIA A100-SXM4-40GB MIG 4g.20gb (0),1,,13,cupy_copy__complex64_complex64
4707751894,12543,306533,1434,1,1,128,1,1,16,0.000,0.000,,,,,NVIDIA A100-SXM4-40GB MIG 4g.20gb (0),1,,13,cupy_copy__complex64_complex64
4707766645,2944,306540,103,1,1,128,1,1,16,0.000,0.000,,,,,NVIDIA A100-SXM4-40GB MIG 4g.20gb (0),1,,13,cupy_copy__complex64_complex64
4707775573,88671,306547,1,1,1,32,32,1,30,0.000,0.000,,,,,NVIDIA A100-SXM4-40GB MIG 4g.20gb (0),1,,13,"void convert_kernel<__half2, float2>(tensor_layout_any, T1 *, tensor_layout_any, const T2 *)"
4707891988,5856,306550,,,,,,,,,,0.094,15999.997,Pinned,Device,NVIDIA A100-SXM4-40GB MIG 4g.20gb (0),1,,13,[CUDA memcpy Host-to-Device]
4707904756,47103,306551,,,,,,,,,,35.810,760244.602,Device,,NVIDIA A100-SXM4-40GB MIG 4g.20gb (0),1,,13,[CUDA memset]
4707952339,3872,306553,,,,,,,,,,0.000,20.661,Pinned,Device,NVIDIA A100-SXM4-40GB MIG 4g.20gb (0),1,,13,[CUDA memcpy Host-to-Device]
4707961427,13536,306554,,,,,,,,,,0.197,14524.809,Pinned,Device,NVIDIA A100-SXM4-40GB MIG 4g.20gb (0),1,,13,[CUDA memcpy Host-to-Device]
4707981651,9664,306555,273,1,1,48,1,1,40,0.000,0.001,,,,,NVIDIA A100-SXM4-40GB MIG 4g.20gb (0),1,,13,"void pusch_noise_intf_est::noiseIntfEstNoDftSOfdmKernel<float, __half, float, float, (unsigned int)2, (unsigned int)1, (unsigned char)4, (unsigned char)4>(pusch_noise_intf_est::puschRxNoiseIntfEstDynDescr)"
4707996851,2752,306566,35,1,1,128,1,1,16,0.000,0.000,,,,,NVIDIA A100-SXM4-40GB MIG 4g.20gb (0),1,,13,cupy_copy__complex64_complex64
4708018258,1856,306575,1,1,1,1,1,1,18,0.000,0.000,,,,,NVIDIA A100-SXM4-40GB MIG 4g.20gb (0),1,,13,cupy_copy__float32_float32
4708047186,1600,306581,,,,,,,,,,0.000,2.500,Device,Pageable,NVIDIA A100-SXM4-40GB MIG 4g.20gb (0),1,,7,[CUDA memcpy Device-to-Host]
4708106321,12960,306592,1434,1,1,128,1,1,16,0.000,0.000,,,,,NVIDIA A100-SXM4-40GB MIG 4g.20gb (0),1,,13,cupy_copy__complex64_complex64
4708133521,3360,306599,103,1,1,128,1,1,16,0.000,0.000,,,,,NVIDIA A100-SXM4-40GB MIG 4g.20gb (0),1,,13,cupy_copy__complex64_complex64
4708154193,2336,306606,35,1,1,128,1,1,16,0.000,0.000,,,,,NVIDIA A100-SXM4-40GB MIG 4g.20gb (0),1,,13,cupy_copy__complex64_complex64
4708172880,1792,306613,1,1,1,1,1,1,18,0.000,0.000,,,,,NVIDIA A100-SXM4-40GB MIG 4g.20gb (0),1,,13,cupy_copy__float32_float32
4708303471,82463,306624,1,1,1,32,32,1,30,0.000,0.000,,,,,NVIDIA A100-SXM4-40GB MIG 4g.20gb (0),1,,13,"void convert_kernel<__half2, float2>(tensor_layout_any, T1 *, tensor_layout_any, const T2 *)"
4708414125,5376,306627,,,,,,,,,,0.094,17428.487,Pinned,Device,NVIDIA A100-SXM4-40GB MIG 4g.20gb (0),1,,13,[CUDA memcpy Host-to-Device]
4708429133,3424,306628,,,,,,,,,,1.547,451700.819,Device,,NVIDIA A100-SXM4-40GB MIG 4g.20gb (0),1,,13,[CUDA memset]
4708435117,3648,306633,,,,,,,,,,0.031,8578.922,Pinned,Device,NVIDIA A100-SXM4-40GB MIG 4g.20gb (0),1,,13,[CUDA memcpy Host-to-Device]
4708441677,9696,306634,,,,,,,,,,0.197,20277.166,Pinned,Device,NVIDIA A100-SXM4-40GB MIG 4g.20gb (0),1,,13,[CUDA memcpy Host-to-Device]
4708456429,6464,306635,273,1,1,8,4,1,39,0.002,0.000,,,,,NVIDIA A100-SXM4-40GB MIG 4g.20gb (0),1,,13,"void channel_eq::eqMmseCoefCompLowMimoKernel<float, float, float, (unsigned int)4, (unsigned int)1, (unsigned int)4>(const channel_eq::_puschRxChEqStatDescr *, channel_eq::_puschRxChEqCoefCompDynDescr)"
4708464013,5792,306636,273,1,1,12,11,1,51,0.002,0.000,,,,,NVIDIA A100-SXM4-40GB MIG 4g.20gb (0),1,,13,"void channel_eq::eqMmseSoftDemapKernel<float, __half, __half, float, (unsigned int)4, (unsigned short)16383>(channel_eq::_puschRxChEqStatDescr *, channel_eq::_puschRxChEqSoftDemapDynDescr)"
4708470733,282108,306637,1,1,1,32,32,1,30,0.000,0.000,,,,,NVIDIA A100-SXM4-40GB MIG 4g.20gb (0),1,,13,"void convert_kernel<float2, __half2>(tensor_layout_any, T1 *, tensor_layout_any, const T2 *)"
4708755913,10944,306649,2253,1,1,128,1,1,16,0.000,0.000,,,,,NVIDIA A100-SXM4-40GB MIG 4g.20gb (0),1,,13,cupy_copy__float16_float16
4708768457,3168,306658,282,1,1,128,1,1,16,0.000,0.000,,,,,NVIDIA A100-SXM4-40GB MIG 4g.20gb (0),1,,13,cupy_copy__complex64_complex64
4708773577,2272,306667,26,1,1,128,1,1,16,0.000,0.000,,,,,NVIDIA A100-SXM4-40GB MIG 4g.20gb (0),1,,13,cupy_copy__float32_float32
4708777449,3104,306676,103,1,1,128,1,1,16,0.000,0.000,,,,,NVIDIA A100-SXM4-40GB MIG 4g.20gb (0),1,,13,cupy_copy__complex64_complex64
4708783785,12032,306686,1434,1,1,128,1,1,16,0.000,0.000,,,,,NVIDIA A100-SXM4-40GB MIG 4g.20gb (0),1,,13,cupy_copy__complex64_complex64
4708804777,82751,306691,1,1,1,32,32,1,30,0.000,0.000,,,,,NVIDIA A100-SXM4-40GB MIG 4g.20gb (0),1,,13,"void convert_kernel<__half2, float2>(tensor_layout_any, T1 *, tensor_layout_any, const T2 *)"
4708915015,5920,306694,,,,,,,,,,0.094,15826.941,Pinned,Device,NVIDIA A100-SXM4-40GB MIG 4g.20gb (0),1,,13,[CUDA memcpy Host-to-Device]
4708924679,597497,306695,,,,,,,,,,456.561,763827.289,Device,,NVIDIA A100-SXM4-40GB MIG 4g.20gb (0),1,,13,[CUDA memset]
4709524800,146366,306700,,,,,,,,,,1.235,8437.137,Pinned,Device,NVIDIA A100-SXM4-40GB MIG 4g.20gb (0),1,,13,[CUDA memcpy Host-to-Device]
4709683710,36799,306701,,,,,,,,,,0.197,5342.626,Pinned,Device,NVIDIA A100-SXM4-40GB MIG 4g.20gb (0),1,,13,[CUDA memcpy Host-to-Device]
4709744221,8192,306702,69,4,1,48,1,1,76,0.002,0.000,,,,,NVIDIA A100-SXM4-40GB MIG 4g.20gb (0),1,,13,"void ch_est::windowedChEstPreNoDftSOfdmKernel<float, __half, float, (unsigned int)2, (unsigned int)1, (unsigned short)4>(ch_est::puschRxChEstStatDescr_t *, ch_est::puschRxChEstDynDescr_t *)"
4709764797,6368,306703,137,2,1,24,2,1,44,0.001,0.001,,,,,NVIDIA A100-SXM4-40GB MIG 4g.20gb (0),1,,13,"void ch_est::chEstFilterNoDftSOfdmDispatchKernel<float, __half, float, (unsigned int)2>(ch_est::puschRxChEstStatDescr_t *, ch_est::puschRxChEstDynDescr_t *)"
4709782749,4992,306704,137,2,1,24,2,1,44,0.001,0.001,,,,,NVIDIA A100-SXM4-40GB MIG 4g.20gb (0),1,,13,"void ch_est::chEstFilterNoDftSOfdmDispatchKernel<float, __half, float, (unsigned int)2>(ch_est::puschRxChEstStatDescr_t *, ch_est::puschRxChEstDynDescr_t *)"
4709801916,2656,306715,103,1,1,128,1,1,16,0.000,0.000,,,,,NVIDIA A100-SXM4-40GB MIG 4g.20gb (0),1,,13,cupy_copy__complex64_complex64
4709818716,12320,306725,1434,1,1,128,1,1,16,0.000,0.000,,,,,NVIDIA A100-SXM4-40GB MIG 4g.20gb (0),1,,13,cupy_copy__complex64_complex64
4709837404,3040,306732,103,1,1,128,1,1,16,0.000,0.000,,,,,NVIDIA A100-SXM4-40GB MIG 4g.20gb (0),1,,13,cupy_copy__complex64_complex64
4709856956,91135,306739,1,1,1,32,32,1,30,0.000,0.000,,,,,NVIDIA A100-SXM4-40GB MIG 4g.20gb (0),1,,13,"void convert_kernel<__half2, float2>(tensor_layout_any, T1 *, tensor_layout_any, const T2 *)"
4709980506,12960,306742,,,,,,,,,,0.094,7229.583,Pinned,Device,NVIDIA A100-SXM4-40GB MIG 4g.20gb (0),1,,13,[CUDA memcpy Host-to-Device]
4709998426,46399,306743,,,,,,,,,,35.810,771775.396,Device,,NVIDIA A100-SXM4-40GB MIG 4g.20gb (0),1,,13,[CUDA memset]
4710051737,4032,306745,,,,,,,,,,0.000,19.841,Pinned,Device,NVIDIA A100-SXM4-40GB MIG 4g.20gb (0),1,,13,[CUDA memcpy Host-to-Device]
4710062553,19776,306746,,,,,,,,,,0.197,9941.680,Pinned,Device,NVIDIA A100-SXM4-40GB MIG 4g.20gb (0),1,,13,[CUDA memcpy Host-to-Device]
4710101177,10176,306747,273,1,1,48,1,1,40,0.000,0.001,,,,,NVIDIA A100-SXM4-40GB MIG 4g.20gb (0),1,,13,"void pusch_noise_intf_est::noiseIntfEstNoDftSOfdmKernel<float, __half, float, float, (unsigned int)2, (unsigned int)1, (unsigned char)4, (unsigned char)4>(pusch_noise_intf_est::puschRxNoiseIntfEstDynDescr)"
4710119864,2752,306758,35,1,1,128,1,1,16,0.000,0.000,,,,,NVIDIA A100-SXM4-40GB MIG 4g.20gb (0),1,,13,cupy_copy__complex64_complex64
4710126136,1760,306767,1,1,1,1,1,1,18,0.000,0.000,,,,,NVIDIA A100-SXM4-40GB MIG 4g.20gb (0),1,,13,cupy_copy__float32_float32
4710133432,4800,306773,,,,,,,,,,0.000,0.833,Device,Pageable,NVIDIA A100-SXM4-40GB MIG 4g.20gb (0),1,,7,[CUDA memcpy Device-to-Host]
4710198519,12864,306784,1434,1,1,128,1,1,16,0.000,0.000,,,,,NVIDIA A100-SXM4-40GB MIG 4g.20gb (0),1,,13,cupy_copy__complex64_complex64
4710226135,2752,306791,103,1,1,128,1,1,16,0.000,0.000,,,,,NVIDIA A100-SXM4-40GB MIG 4g.20gb (0),1,,13,cupy_copy__complex64_complex64
4710247639,2176,306798,35,1,1,128,1,1,16,0.000,0.000,,,,,NVIDIA A100-SXM4-40GB MIG 4g.20gb (0),1,,13,cupy_copy__complex64_complex64
4710265751,1984,306805,1,1,1,1,1,1,18,0.000,0.000,,,,,NVIDIA A100-SXM4-40GB MIG 4g.20gb (0),1,,13,cupy_copy__float32_float32
4710397909,82751,306816,1,1,1,32,32,1,30,0.000,0.000,,,,,NVIDIA A100-SXM4-40GB MIG 4g.20gb (0),1,,13,"void convert_kernel<__half2, float2>(tensor_layout_any, T1 *, tensor_layout_any, const T2 *)"
4710508692,5920,306819,,,,,,,,,,0.094,15826.941,Pinned,Device,NVIDIA A100-SXM4-40GB MIG 4g.20gb (0),1,,13,[CUDA memcpy Host-to-Device]
4710523571,3072,306820,,,,,,,,,,1.547,503457.044,Device,,NVIDIA A100-SXM4-40GB MIG 4g.20gb (0),1,,13,[CUDA memset]
4710529523,3456,306825,,,,,,,,,,0.031,9055.529,Pinned,Device,NVIDIA A100-SXM4-40GB MIG 4g.20gb (0),1,,13,[CUDA memcpy Host-to-Device]
4710535443,10208,306826,,,,,,,,,,0.197,19260.113,Pinned,Device,NVIDIA A100-SXM4-40GB MIG 4g.20gb (0),1,,13,[CUDA memcpy Host-to-Device]
4710550035,6528,306827,273,1,1,8,4,1,39,0.002,0.000,,,,,NVIDIA A100-SXM4-40GB MIG 4g.20gb (0),1,,13,"void channel_eq::eqMmseCoefCompLowMimoKernel<float, float, float, (unsigned int)4, (unsigned int)1, (unsigned int)4>(const channel_eq::_puschRxChEqStatDescr *, channel_eq::_puschRxChEqCoefCompDynDescr)"
4710557779,6176,306828,273,1,1,12,11,1,51,0.002,0.000,,,,,NVIDIA A100-SXM4-40GB MIG 4g.20gb (0),1,,13,"void channel_eq::eqMmseSoftDemapKernel<float, __half, __half, float, (unsigned int)4, (unsigned short)16383>(channel_eq::_puschRxChEqStatDescr *, channel_eq::_puschRxChEqSoftDemapDynDescr)"
4710564915,282748,306829,1,1,1,32,32,1,30,0.000,0.000,,,,,NVIDIA A100-SXM4-40GB MIG 4g.20gb (0),1,,13,"void convert_kernel<float2, __half2>(tensor_layout_any, T1 *, tensor_layout_any, const T2 *)"
4710848879,10976,306841,2253,1,1,128,1,1,16,0.000,0.000,,,,,NVIDIA A100-SXM4-40GB MIG 4g.20gb (0),1,,13,cupy_copy__float16_float16
4710862095,2976,306850,282,1,1,128,1,1,16,0.000,0.000,,,,,NVIDIA A100-SXM4-40GB MIG 4g.20gb (0),1,,13,cupy_copy__complex64_complex64
4710866095,2048,306859,26,1,1,128,1,1,16,0.000,0.000,,,,,NVIDIA A100-SXM4-40GB MIG 4g.20gb (0),1,,13,cupy_copy__float32_float32
4710871087,4640,306868,103,1,1,128,1,1,16,0.000,0.000,,,,,NVIDIA A100-SXM4-40GB MIG 4g.20gb (0),1,,13,cupy_copy__complex64_complex64
4710878927,12128,306878,1434,1,1,128,1,1,16,0.000,0.000,,,,,NVIDIA A100-SXM4-40GB MIG 4g.20gb (0),1,,13,cupy_copy__complex64_complex64
4710906127,81887,306883,1,1,1,32,32,1,30,0.000,0.000,,,,,NVIDIA A100-SXM4-40GB MIG 4g.20gb (0),1,,13,"void convert_kernel<__half2, float2>(tensor_layout_any, T1 *, tensor_layout_any, const T2 *)"
4711015149,5632,306886,,,,,,,,,,0.094,16636.287,Pinned,Device,NVIDIA A100-SXM4-40GB MIG 4g.20gb (0),1,,13,[CUDA memcpy Host-to-Device]
4711025581,596729,306887,,,,,,,,,,456.561,764740.412,Device,,NVIDIA A100-SXM4-40GB MIG 4g.20gb (0),1,,13,[CUDA memset]
4711628902,141726,306892,,,,,,,,,,1.235,8712.530,Pinned,Device,NVIDIA A100-SXM4-40GB MIG 4g.20gb (0),1,,13,[CUDA memcpy Host-to-Device]
4711787556,40095,306893,,,,,,,,,,0.197,4903.404,Pinned,Device,NVIDIA A100-SXM4-40GB MIG 4g.20gb (0),1,,13,[CUDA memcpy Host-to-Device]
4711857411,8096,306894,69,4,1,48,1,1,76,0.002,0.000,,,,,NVIDIA A100-SXM4-40GB MIG 4g.20gb (0),1,,13,"void ch_est::windowedChEstPreNoDftSOfdmKernel<float, __half, float, (unsigned int)2, (unsigned int)1, (unsigned short)4>(ch_est::puschRxChEstStatDescr_t *, ch_est::puschRxChEstDynDescr_t *)"
4711875267,6848,306895,137,2,1,24,2,1,44,0.001,0.001,,,,,NVIDIA A100-SXM4-40GB MIG 4g.20gb (0),1,,13,"void ch_est::chEstFilterNoDftSOfdmDispatchKernel<float, __half, float, (unsigned int)2>(ch_est::puschRxChEstStatDescr_t *, ch_est::puschRxChEstDynDescr_t *)"
4711892931,4768,306896,137,2,1,24,2,1,44,0.001,0.001,,,,,NVIDIA A100-SXM4-40GB MIG 4g.20gb (0),1,,13,"void ch_est::chEstFilterNoDftSOfdmDispatchKernel<float, __half, float, (unsigned int)2>(ch_est::puschRxChEstStatDescr_t *, ch_est::puschRxChEstDynDescr_t *)"
4711909730,2528,306907,103,1,1,128,1,1,16,0.000,0.000,,,,,NVIDIA A100-SXM4-40GB MIG 4g.20gb (0),1,,13,cupy_copy__complex64_complex64
4711929058,12288,306917,1434,1,1,128,1,1,16,0.000,0.000,,,,,NVIDIA A100-SXM4-40GB MIG 4g.20gb (0),1,,13,cupy_copy__complex64_complex64
4711947522,2912,306924,103,1,1,128,1,1,16,0.000,0.000,,,,,NVIDIA A100-SXM4-40GB MIG 4g.20gb (0),1,,13,cupy_copy__complex64_complex64
4711969634,96446,306931,1,1,1,32,32,1,30,0.000,0.000,,,,,NVIDIA A100-SXM4-40GB MIG 4g.20gb (0),1,,13,"void convert_kernel<__half2, float2>(tensor_layout_any, T1 *, tensor_layout_any, const T2 *)"
4712095936,27584,306934,,,,,,,,,,0.094,3396.667,Pinned,Device,NVIDIA A100-SXM4-40GB MIG 4g.20gb (0),1,,13,[CUDA memcpy Host-to-Device]
4712135712,46751,306935,,,,,,,,,,35.810,765938.379,Device,,NVIDIA A100-SXM4-40GB MIG 4g.20gb (0),1,,13,[CUDA memset]
4712190047,13920,306937,,,,,,,,,,0.000,5.747,Pinned,Device,NVIDIA A100-SXM4-40GB MIG 4g.20gb (0),1,,13,[CUDA memcpy Host-to-Device]
4712215583,22399,306938,,,,,,,,,,0.197,8777.368,Pinned,Device,NVIDIA A100-SXM4-40GB MIG 4g.20gb (0),1,,13,[CUDA memcpy Host-to-Device]
4712255422,9792,306939,273,1,1,48,1,1,40,0.000,0.001,,,,,NVIDIA A100-SXM4-40GB MIG 4g.20gb (0),1,,13,"void pusch_noise_intf_est::noiseIntfEstNoDftSOfdmKernel<float, __half, float, float, (unsigned int)2, (unsigned int)1, (unsigned char)4, (unsigned char)4>(pusch_noise_intf_est::puschRxNoiseIntfEstDynDescr)"
4712268510,2624,306950,35,1,1,128,1,1,16,0.000,0.000,,,,,NVIDIA A100-SXM4-40GB MIG 4g.20gb (0),1,,13,cupy_copy__complex64_complex64
4712281470,1728,306959,1,1,1,1,1,1,18,0.000,0.000,,,,,NVIDIA A100-SXM4-40GB MIG 4g.20gb (0),1,,13,cupy_copy__float32_float32
4712288350,2912,306965,,,,,,,,,,0.000,1.374,Device,Pageable,NVIDIA A100-SXM4-40GB MIG 4g.20gb (0),1,,7,[CUDA memcpy Device-to-Host]
4712360317,12992,306976,1434,1,1,128,1,1,16,0.000,0.000,,,,,NVIDIA A100-SXM4-40GB MIG 4g.20gb (0),1,,13,cupy_copy__complex64_complex64
4712386621,2783,306983,103,1,1,128,1,1,16,0.000,0.000,,,,,NVIDIA A100-SXM4-40GB MIG 4g.20gb (0),1,,13,cupy_copy__complex64_complex64
4712409852,2528,306990,35,1,1,128,1,1,16,0.000,0.000,,,,,NVIDIA A100-SXM4-40GB MIG 4g.20gb (0),1,,13,cupy_copy__complex64_complex64
4712430012,1760,306997,1,1,1,1,1,1,18,0.000,0.000,,,,,NVIDIA A100-SXM4-40GB MIG 4g.20gb (0),1,,13,cupy_copy__float32_float32
4712556250,82431,307008,1,1,1,32,32,1,30,0.000,0.000,,,,,NVIDIA A100-SXM4-40GB MIG 4g.20gb (0),1,,13,"void convert_kernel<__half2, float2>(tensor_layout_any, T1 *, tensor_layout_any, const T2 *)"
4712666777,5664,307011,,,,,,,,,,0.094,16542.310,Pinned,Device,NVIDIA A100-SXM4-40GB MIG 4g.20gb (0),1,,13,[CUDA memcpy Host-to-Device]
4712680857,3424,307012,,,,,,,,,,1.547,451700.819,Device,,NVIDIA A100-SXM4-40GB MIG 4g.20gb (0),1,,13,[CUDA memset]
4712687641,3360,307017,,,,,,,,,,0.031,9314.284,Pinned,Device,NVIDIA A100-SXM4-40GB MIG 4g.20gb (0),1,,13,[CUDA memcpy Host-to-Device]
4712693497,10240,307018,,,,,,,,,,0.197,19199.951,Pinned,Device,NVIDIA A100-SXM4-40GB MIG 4g.20gb (0),1,,13,[CUDA memcpy Host-to-Device]
4712709081,5983,307019,273,1,1,8,4,1,39,0.002,0.000,,,,,NVIDIA A100-SXM4-40GB MIG 4g.20gb (0),1,,13,"void channel_eq::eqMmseCoefCompLowMimoKernel<float, float, float, (unsigned int)4, (unsigned int)1, (unsigned int)4>(const channel_eq::_puschRxChEqStatDescr *, channel_eq::_puschRxChEqCoefCompDynDescr)"
4712717944,6112,307020,273,1,1,12,11,1,51,0.002,0.000,,,,,NVIDIA A100-SXM4-40GB MIG 4g.20gb (0),1,,13,"void channel_eq::eqMmseSoftDemapKernel<float, __half, __half, float, (unsigned int)4, (unsigned short)16383>(channel_eq::_puschRxChEqStatDescr *, channel_eq::_puschRxChEqSoftDemapDynDescr)"
4712725912,295101,307021,1,1,1,32,32,1,30,0.000,0.000,,,,,NVIDIA A100-SXM4-40GB MIG 4g.20gb (0),1,,13,"void convert_kernel<float2, __half2>(tensor_layout_any, T1 *, tensor_layout_any, const T2 *)"
4713022069,10912,307033,2253,1,1,128,1,1,16,0.000,0.000,,,,,NVIDIA A100-SXM4-40GB MIG 4g.20gb (0),1,,13,cupy_copy__float16_float16
4713037524,3520,307042,282,1,1,128,1,1,16,0.000,0.000,,,,,NVIDIA A100-SXM4-40GB MIG 4g.20gb (0),1,,13,cupy_copy__complex64_complex64
4713042996,2208,307051,26,1,1,128,1,1,16,0.000,0.000,,,,,NVIDIA A100-SXM4-40GB MIG 4g.20gb (0),1,,13,cupy_copy__float32_float32
4713047060,3136,307060,103,1,1,128,1,1,16,0.000,0.000,,,,,NVIDIA A100-SXM4-40GB MIG 4g.20gb (0),1,,13,cupy_copy__complex64_complex64
4713051092,12224,307070,1434,1,1,128,1,1,16,0.000,0.000,,,,,NVIDIA A100-SXM4-40GB MIG 4g.20gb (0),1,,13,cupy_copy__complex64_complex64
4713067092,87263,307075,1,1,1,32,32,1,30,0.000,0.000,,,,,NVIDIA A100-SXM4-40GB MIG 4g.20gb (0),1,,13,"void convert_kernel<__half2, float2>(tensor_layout_any, T1 *, tensor_layout_any, const T2 *)"
4713181875,5536,307078,,,,,,,,,,0.094,16924.777,Pinned,Device,NVIDIA A100-SXM4-40GB MIG 4g.20gb (0),1,,13,[CUDA memcpy Host-to-Device]
4713193235,597336,307079,,,,,,,,,,456.561,764283.851,Device,,NVIDIA A100-SXM4-40GB MIG 4g.20gb (0),1,,13,[CUDA memset]
4713796683,135422,307084,,,,,,,,,,1.235,9118.826,Pinned,Device,NVIDIA A100-SXM4-40GB MIG 4g.20gb (0),1,,13,[CUDA memcpy Host-to-Device]
4713943145,31072,307085,,,,,,,,,,0.197,6327.435,Pinned,Device,NVIDIA A100-SXM4-40GB MIG 4g.20gb (0),1,,13,[CUDA memcpy Host-to-Device]
4713995785,8544,307086,69,4,1,48,1,1,76,0.002,0.000,,,,,NVIDIA A100-SXM4-40GB MIG 4g.20gb (0),1,,13,"void ch_est::windowedChEstPreNoDftSOfdmKernel<float, __half, float, (unsigned int)2, (unsigned int)1, (unsigned short)4>(ch_est::puschRxChEstStatDescr_t *, ch_est::puschRxChEstDynDescr_t *)"
4714011656,6688,307087,137,2,1,24,2,1,44,0.001,0.001,,,,,NVIDIA A100-SXM4-40GB MIG 4g.20gb (0),1,,13,"void ch_est::chEstFilterNoDftSOfdmDispatchKernel<float, __half, float, (unsigned int)2>(ch_est::puschRxChEstStatDescr_t *, ch_est::puschRxChEstDynDescr_t *)"
4714035272,4832,307088,137,2,1,24,2,1,44,0.001,0.001,,,,,NVIDIA A100-SXM4-40GB MIG 4g.20gb (0),1,,13,"void ch_est::chEstFilterNoDftSOfdmDispatchKernel<float, __half, float, (unsigned int)2>(ch_est::puschRxChEstStatDescr_t *, ch_est::puschRxChEstDynDescr_t *)"
4714051112,2656,307099,103,1,1,128,1,1,16,0.000,0.000,,,,,NVIDIA A100-SXM4-40GB MIG 4g.20gb (0),1,,13,cupy_copy__complex64_complex64
4714067208,12544,307109,1434,1,1,128,1,1,16,0.000,0.000,,,,,NVIDIA A100-SXM4-40GB MIG 4g.20gb (0),1,,13,cupy_copy__complex64_complex64
4714095911,2720,307116,103,1,1,128,1,1,16,0.000,0.000,,,,,NVIDIA A100-SXM4-40GB MIG 4g.20gb (0),1,,13,cupy_copy__complex64_complex64
4714111431,83551,307123,1,1,1,32,32,1,30,0.000,0.000,,,,,NVIDIA A100-SXM4-40GB MIG 4g.20gb (0),1,,13,"void convert_kernel<__half2, float2>(tensor_layout_any, T1 *, tensor_layout_any, const T2 *)"
4714226566,21280,307126,,,,,,,,,,0.094,4402.962,Pinned,Device,NVIDIA A100-SXM4-40GB MIG 4g.20gb (0),1,,13,[CUDA memcpy Host-to-Device]
4714267045,46912,307127,,,,,,,,,,35.810,763324.255,Device,,NVIDIA A100-SXM4-40GB MIG 4g.20gb (0),1,,13,[CUDA memset]
4714323397,10080,307129,,,,,,,,,,0.000,7.936,Pinned,Device,NVIDIA A100-SXM4-40GB MIG 4g.20gb (0),1,,13,[CUDA memcpy Host-to-Device]
4714347972,25152,307130,,,,,,,,,,0.197,7816.741,Pinned,Device,NVIDIA A100-SXM4-40GB MIG 4g.20gb (0),1,,13,[CUDA memcpy Host-to-Device]
4714399620,9504,307131,273,1,1,48,1,1,40,0.000,0.001,,,,,NVIDIA A100-SXM4-40GB MIG 4g.20gb (0),1,,13,"void pusch_noise_intf_est::noiseIntfEstNoDftSOfdmKernel<float, __half, float, float, (unsigned int)2, (unsigned int)1, (unsigned char)4, (unsigned char)4>(pusch_noise_intf_est::puschRxNoiseIntfEstDynDescr)"
4714416547,2816,307142,35,1,1,128,1,1,16,0.000,0.000,,,,,NVIDIA A100-SXM4-40GB MIG 4g.20gb (0),1,,13,cupy_copy__complex64_complex64
4714432963,1728,307151,1,1,1,1,1,1,18,0.000,0.000,,,,,NVIDIA A100-SXM4-40GB MIG 4g.20gb (0),1,,13,cupy_copy__float32_float32
4714435331,9024,307157,,,,,,,,,,0.000,0.443,Device,Pageable,NVIDIA A100-SXM4-40GB MIG 4g.20gb (0),1,,7,[CUDA memcpy Device-to-Host]
4714527106,12640,307168,1434,1,1,128,1,1,16,0.000,0.000,,,,,NVIDIA A100-SXM4-40GB MIG 4g.20gb (0),1,,13,cupy_copy__complex64_complex64
4714550594,3360,307175,103,1,1,128,1,1,16,0.000,0.000,,,,,NVIDIA A100-SXM4-40GB MIG 4g.20gb (0),1,,13,cupy_copy__complex64_complex64
4714585153,2336,307182,35,1,1,128,1,1,16,0.000,0.000,,,,,NVIDIA A100-SXM4-40GB MIG 4g.20gb (0),1,,13,cupy_copy__complex64_complex64
4714603777,1696,307189,1,1,1,1,1,1,18,0.000,0.000,,,,,NVIDIA A100-SXM4-40GB MIG 4g.20gb (0),1,,13,cupy_copy__float32_float32
4714720256,90015,307200,1,1,1,32,32,1,30,0.000,0.000,,,,,NVIDIA A100-SXM4-40GB MIG 4g.20gb (0),1,,13,"void convert_kernel<__half2, float2>(tensor_layout_any, T1 *, tensor_layout_any, const T2 *)"
4714842654,11904,307203,,,,,,,,,,0.094,7870.932,Pinned,Device,NVIDIA A100-SXM4-40GB MIG 4g.20gb (0),1,,13,[CUDA memcpy Host-to-Device]
4714873694,3520,307204,,,,,,,,,,1.547,439380.412,Device,,NVIDIA A100-SXM4-40GB MIG 4g.20gb (0),1,,13,[CUDA memset]
4714878718,3040,307209,,,,,,,,,,0.031,10294.725,Pinned,Device,NVIDIA A100-SXM4-40GB MIG 4g.20gb (0),1,,13,[CUDA memcpy Host-to-Device]
4714888638,14336,307210,,,,,,,,,,0.197,13714.194,Pinned,Device,NVIDIA A100-SXM4-40GB MIG 4g.20gb (0),1,,13,[CUDA memcpy Host-to-Device]
4714911549,6496,307211,273,1,1,8,4,1,39,0.002,0.000,,,,,NVIDIA A100-SXM4-40GB MIG 4g.20gb (0),1,,13,"void channel_eq::eqMmseCoefCompLowMimoKernel<float, float, float, (unsigned int)4, (unsigned int)1, (unsigned int)4>(const channel_eq::_puschRxChEqStatDescr *, channel_eq::_puschRxChEqCoefCompDynDescr)"
4714920605,6048,307212,273,1,1,12,11,1,51,0.002,0.000,,,,,NVIDIA A100-SXM4-40GB MIG 4g.20gb (0),1,,13,"void channel_eq::eqMmseSoftDemapKernel<float, __half, __half, float, (unsigned int)4, (unsigned short)16383>(channel_eq::_puschRxChEqStatDescr *, channel_eq::_puschRxChEqSoftDemapDynDescr)"
4714928317,290077,307213,1,1,1,32,32,1,30,0.000,0.000,,,,,NVIDIA A100-SXM4-40GB MIG 4g.20gb (0),1,,13,"void convert_kernel<float2, __half2>(tensor_layout_any, T1 *, tensor_layout_any, const T2 *)"
4715219450,10911,307225,2253,1,1,128,1,1,16,0.000,0.000,,,,,NVIDIA A100-SXM4-40GB MIG 4g.20gb (0),1,,13,cupy_copy__float16_float16
4715233977,3104,307234,282,1,1,128,1,1,16,0.000,0.000,,,,,NVIDIA A100-SXM4-40GB MIG 4g.20gb (0),1,,13,cupy_copy__complex64_complex64
4715240121,2016,307243,26,1,1,128,1,1,16,0.000,0.000,,,,,NVIDIA A100-SXM4-40GB MIG 4g.20gb (0),1,,13,cupy_copy__float32_float32
4715244633,4544,307252,103,1,1,128,1,1,16,0.000,0.000,,,,,NVIDIA A100-SXM4-40GB MIG 4g.20gb (0),1,,13,cupy_copy__complex64_complex64
4715251289,12160,307262,1434,1,1,128,1,1,16,0.000,0.000,,,,,NVIDIA A100-SXM4-40GB MIG 4g.20gb (0),1,,13,cupy_copy__complex64_complex64
4715266937,87679,307267,1,1,1,32,32,1,30,0.000,0.000,,,,,NVIDIA A100-SXM4-40GB MIG 4g.20gb (0),1,,13,"void convert_kernel<__half2, float2>(tensor_layout_any, T1 *, tensor_layout_any, const T2 *)"
4715381912,5536,307270,,,,,,,,,,0.094,16924.777,Pinned,Device,NVIDIA A100-SXM4-40GB MIG 4g.20gb (0),1,,13,[CUDA memcpy Host-to-Device]
4715393335,596377,307271,,,,,,,,,,456.561,765196.973,Device,,NVIDIA A100-SXM4-40GB MIG 4g.20gb (0),1,,13,[CUDA memset]
4716002576,110367,307276,,,,,,,,,,1.235,11188.593,Pinned,Device,NVIDIA A100-SXM4-40GB MIG 4g.20gb (0),1,,13,[CUDA memcpy Host-to-Device]
4716122958,23232,307277,,,,,,,,,,0.197,8462.795,Pinned,Device,NVIDIA A100-SXM4-40GB MIG 4g.20gb (0),1,,13,[CUDA memcpy Host-to-Device]
4716162190,8000,307278,69,4,1,48,1,1,76,0.002,0.000,,,,,NVIDIA A100-SXM4-40GB MIG 4g.20gb (0),1,,13,"void ch_est::windowedChEstPreNoDftSOfdmKernel<float, __half, float, (unsigned int)2, (unsigned int)1, (unsigned short)4>(ch_est::puschRxChEstStatDescr_t *, ch_est::puschRxChEstDynDescr_t *)"
4716177710,7328,307279,137,2,1,24,2,1,44,0.001,0.001,,,,,NVIDIA A100-SXM4-40GB MIG 4g.20gb (0),1,,13,"void ch_est::chEstFilterNoDftSOfdmDispatchKernel<float, __half, float, (unsigned int)2>(ch_est::puschRxChEstStatDescr_t *, ch_est::puschRxChEstDynDescr_t *)"
4716192942,4800,307280,137,2,1,24,2,1,44,0.001,0.001,,,,,NVIDIA A100-SXM4-40GB MIG 4g.20gb (0),1,,13,"void ch_est::chEstFilterNoDftSOfdmDispatchKernel<float, __half, float, (unsigned int)2>(ch_est::puschRxChEstStatDescr_t *, ch_est::puschRxChEstDynDescr_t *)"
4716200782,2527,307291,103,1,1,128,1,1,16,0.000,0.000,,,,,NVIDIA A100-SXM4-40GB MIG 4g.20gb (0),1,,13,cupy_copy__complex64_complex64
4716208525,12896,307301,1434,1,1,128,1,1,16,0.000,0.000,,,,,NVIDIA A100-SXM4-40GB MIG 4g.20gb (0),1,,13,cupy_copy__complex64_complex64
4716223885,2592,307308,103,1,1,128,1,1,16,0.000,0.000,,,,,NVIDIA A100-SXM4-40GB MIG 4g.20gb (0),1,,13,cupy_copy__complex64_complex64
4716234509,84383,307315,1,1,1,32,32,1,30,0.000,0.000,,,,,NVIDIA A100-SXM4-40GB MIG 4g.20gb (0),1,,13,"void convert_kernel<__half2, float2>(tensor_layout_any, T1 *, tensor_layout_any, const T2 *)"
4716349132,9216,307318,,,,,,,,,,0.094,10166.578,Pinned,Device,NVIDIA A100-SXM4-40GB MIG 4g.20gb (0),1,,13,[CUDA memcpy Host-to-Device]
4716363340,46239,307319,,,,,,,,,,35.810,774425.330,Device,,NVIDIA A100-SXM4-40GB MIG 4g.20gb (0),1,,13,[CUDA memset]
4716411339,8096,307321,,,,,,,,,,0.000,9.881,Pinned,Device,NVIDIA A100-SXM4-40GB MIG 4g.20gb (0),1,,13,[CUDA memcpy Host-to-Device]
4716423595,17216,307322,,,,,,,,,,0.197,11419.976,Pinned,Device,NVIDIA A100-SXM4-40GB MIG 4g.20gb (0),1,,13,[CUDA memcpy Host-to-Device]
4716448458,11968,307323,273,1,1,48,1,1,40,0.000,0.001,,,,,NVIDIA A100-SXM4-40GB MIG 4g.20gb (0),1,,13,"void pusch_noise_intf_est::noiseIntfEstNoDftSOfdmKernel<float, __half, float, float, (unsigned int)2, (unsigned int)1, (unsigned char)4, (unsigned char)4>(pusch_noise_intf_est::puschRxNoiseIntfEstDynDescr)"
4716463530,2912,307334,35,1,1,128,1,1,16,0.000,0.000,,,,,NVIDIA A100-SXM4-40GB MIG 4g.20gb (0),1,,13,cupy_copy__complex64_complex64
4716473002,1952,307343,1,1,1,1,1,1,18,0.000,0.000,,,,,NVIDIA A100-SXM4-40GB MIG 4g.20gb (0),1,,13,cupy_copy__float32_float32
4716497354,2016,307349,,,,,,,,,,0.000,1.984,Device,Pageable,NVIDIA A100-SXM4-40GB MIG 4g.20gb (0),1,,7,[CUDA memcpy Device-to-Host]
4716557641,12672,307360,1434,1,1,128,1,1,16,0.000,0.000,,,,,NVIDIA A100-SXM4-40GB MIG 4g.20gb (0),1,,13,cupy_copy__complex64_complex64
4716585001,2816,307367,103,1,1,128,1,1,16,0.000,0.000,,,,,NVIDIA A100-SXM4-40GB MIG 4g.20gb (0),1,,13,cupy_copy__complex64_complex64
4716606249,2175,307374,35,1,1,128,1,1,16,0.000,0.000,,,,,NVIDIA A100-SXM4-40GB MIG 4g.20gb (0),1,,13,cupy_copy__complex64_complex64
4716625640,1760,307381,1,1,1,1,1,1,18,0.000,0.000,,,,,NVIDIA A100-SXM4-40GB MIG 4g.20gb (0),1,,13,cupy_copy__float32_float32
4716755623,87807,307392,1,1,1,32,32,1,30,0.000,0.000,,,,,NVIDIA A100-SXM4-40GB MIG 4g.20gb (0),1,,13,"void convert_kernel<__half2, float2>(tensor_layout_any, T1 *, tensor_layout_any, const T2 *)"
4716871301,6144,307395,,,,,,,,,,0.094,15249.961,Pinned,Device,NVIDIA A100-SXM4-40GB MIG 4g.20gb (0),1,,13,[CUDA memcpy Host-to-Device]
4716886053,3008,307396,,,,,,,,,,1.547,514168.962,Device,,NVIDIA A100-SXM4-40GB MIG 4g.20gb (0),1,,13,[CUDA memset]
4716892549,3008,307401,,,,,,,,,,0.031,10404.230,Pinned,Device,NVIDIA A100-SXM4-40GB MIG 4g.20gb (0),1,,13,[CUDA memcpy Host-to-Device]
4716898277,9632,307402,,,,,,,,,,0.197,20411.843,Pinned,Device,NVIDIA A100-SXM4-40GB MIG 4g.20gb (0),1,,13,[CUDA memcpy Host-to-Device]
4716916101,6016,307403,273,1,1,8,4,1,39,0.002,0.000,,,,,NVIDIA A100-SXM4-40GB MIG 4g.20gb (0),1,,13,"void channel_eq::eqMmseCoefCompLowMimoKernel<float, float, float, (unsigned int)4, (unsigned int)1, (unsigned int)4>(const channel_eq::_puschRxChEqStatDescr *, channel_eq::_puschRxChEqCoefCompDynDescr)"
4716923269,5856,307404,273,1,1,12,11,1,51,0.002,0.000,,,,,NVIDIA A100-SXM4-40GB MIG 4g.20gb (0),1,,13,"void channel_eq::eqMmseSoftDemapKernel<float, __half, __half, float, (unsigned int)4, (unsigned short)16383>(channel_eq::_puschRxChEqStatDescr *, channel_eq::_puschRxChEqSoftDemapDynDescr)"
4716930117,294300,307405,1,1,1,32,32,1,30,0.000,0.000,,,,,NVIDIA A100-SXM4-40GB MIG 4g.20gb (0),1,,13,"void convert_kernel<float2, __half2>(tensor_layout_any, T1 *, tensor_layout_any, const T2 *)"
4717225377,11072,307417,2253,1,1,128,1,1,16,0.000,0.000,,,,,NVIDIA A100-SXM4-40GB MIG 4g.20gb (0),1,,13,cupy_copy__float16_float16
4717239201,3776,307426,282,1,1,128,1,1,16,0.000,0.000,,,,,NVIDIA A100-SXM4-40GB MIG 4g.20gb (0),1,,13,cupy_copy__complex64_complex64
4717245793,2272,307435,26,1,1,128,1,1,16,0.000,0.000,,,,,NVIDIA A100-SXM4-40GB MIG 4g.20gb (0),1,,13,cupy_copy__float32_float32
4717249793,4960,307444,103,1,1,128,1,1,16,0.000,0.000,,,,,NVIDIA A100-SXM4-40GB MIG 4g.20gb (0),1,,13,cupy_copy__complex64_complex64
4717256833,11839,307454,1434,1,1,128,1,1,16,0.000,0.000,,,,,NVIDIA A100-SXM4-40GB MIG 4g.20gb (0),1,,13,cupy_copy__complex64_complex64
4717272224,80735,307459,1,1,1,32,32,1,30,0.000,0.000,,,,,NVIDIA A100-SXM4-40GB MIG 4g.20gb (0),1,,13,"void convert_kernel<__half2, float2>(tensor_layout_any, T1 *, tensor_layout_any, const T2 *)"
4717379711,5600,307462,,,,,,,,,,0.094,16731.388,Pinned,Device,NVIDIA A100-SXM4-40GB MIG 4g.20gb (0),1,,13,[CUDA memcpy Host-to-Device]
4717390079,595801,307463,,,,,,,,,,456.561,766110.096,Device,,NVIDIA A100-SXM4-40GB MIG 4g.20gb (0),1,,13,[CUDA memset]
4717993975,137023,307468,,,,,,,,,,1.235,9012.621,Pinned,Device,NVIDIA A100-SXM4-40GB MIG 4g.20gb (0),1,,13,[CUDA memcpy Host-to-Device]
4718147382,40543,307469,,,,,,,,,,0.197,4849.336,Pinned,Device,NVIDIA A100-SXM4-40GB MIG 4g.20gb (0),1,,13,[CUDA memcpy Host-to-Device]
4718209813,7648,307470,69,4,1,48,1,1,76,0.002,0.000,,,,,NVIDIA A100-SXM4-40GB MIG 4g.20gb (0),1,,13,"void ch_est::windowedChEstPreNoDftSOfdmKernel<float, __half, float, (unsigned int)2, (unsigned int)1, (unsigned short)4>(ch_est::puschRxChEstStatDescr_t *, ch_est::puschRxChEstDynDescr_t *)"
4718227925,6943,307471,137,2,1,24,2,1,44,0.001,0.001,,,,,NVIDIA A100-SXM4-40GB MIG 4g.20gb (0),1,,13,"void ch_est::chEstFilterNoDftSOfdmDispatchKernel<float, __half, float, (unsigned int)2>(ch_est::puschRxChEstStatDescr_t *, ch_est::puschRxChEstDynDescr_t *)"
4718245524,4736,307472,137,2,1,24,2,1,44,0.001,0.001,,,,,NVIDIA A100-SXM4-40GB MIG 4g.20gb (0),1,,13,"void ch_est::chEstFilterNoDftSOfdmDispatchKernel<float, __half, float, (unsigned int)2>(ch_est::puschRxChEstStatDescr_t *, ch_est::puschRxChEstDynDescr_t *)"
4718263284,2688,307483,103,1,1,128,1,1,16,0.000,0.000,,,,,NVIDIA A100-SXM4-40GB MIG 4g.20gb (0),1,,13,cupy_copy__complex64_complex64
4718280596,12480,307493,1434,1,1,128,1,1,16,0.000,0.000,,,,,NVIDIA A100-SXM4-40GB MIG 4g.20gb (0),1,,13,cupy_copy__complex64_complex64
4718298804,2944,307500,103,1,1,128,1,1,16,0.000,0.000,,,,,NVIDIA A100-SXM4-40GB MIG 4g.20gb (0),1,,13,cupy_copy__complex64_complex64
4718321299,83839,307507,1,1,1,32,32,1,30,0.000,0.000,,,,,NVIDIA A100-SXM4-40GB MIG 4g.20gb (0),1,,13,"void convert_kernel<__half2, float2>(tensor_layout_any, T1 *, tensor_layout_any, const T2 *)"
4718432786,13248,307510,,,,,,,,,,0.094,7072.455,Pinned,Device,NVIDIA A100-SXM4-40GB MIG 4g.20gb (0),1,,13,[CUDA memcpy Host-to-Device]
4718455698,47359,307511,,,,,,,,,,35.810,756126.461,Device,,NVIDIA A100-SXM4-40GB MIG 4g.20gb (0),1,,13,[CUDA memset]
4718508753,4480,307513,,,,,,,,,,0.000,17.857,Pinned,Device,NVIDIA A100-SXM4-40GB MIG 4g.20gb (0),1,,13,[CUDA memcpy Host-to-Device]
4718520465,18944,307514,,,,,,,,,,0.197,10378.346,Pinned,Device,NVIDIA A100-SXM4-40GB MIG 4g.20gb (0),1,,13,[CUDA memcpy Host-to-Device]
4718554961,12447,307515,273,1,1,48,1,1,40,0.000,0.001,,,,,NVIDIA A100-SXM4-40GB MIG 4g.20gb (0),1,,13,"void pusch_noise_intf_est::noiseIntfEstNoDftSOfdmKernel<float, __half, float, float, (unsigned int)2, (unsigned int)1, (unsigned char)4, (unsigned char)4>(pusch_noise_intf_est::puschRxNoiseIntfEstDynDescr)"
4718573936,2624,307526,35,1,1,128,1,1,16,0.000,0.000,,,,,NVIDIA A100-SXM4-40GB MIG 4g.20gb (0),1,,13,cupy_copy__complex64_complex64
4718586096,1856,307535,1,1,1,1,1,1,18,0.000,0.000,,,,,NVIDIA A100-SXM4-40GB MIG 4g.20gb (0),1,,13,cupy_copy__float32_float32
4718593744,6880,307541,,,,,,,,,,0.000,0.581,Device,Pageable,NVIDIA A100-SXM4-40GB MIG 4g.20gb (0),1,,7,[CUDA memcpy Device-to-Host]
4718673807,13184,307552,1434,1,1,128,1,1,16,0.000,0.000,,,,,NVIDIA A100-SXM4-40GB MIG 4g.20gb (0),1,,13,cupy_copy__complex64_complex64
4718708431,3392,307559,103,1,1,128,1,1,16,0.000,0.000,,,,,NVIDIA A100-SXM4-40GB MIG 4g.20gb (0),1,,13,cupy_copy__complex64_complex64
4718719982,2592,307566,35,1,1,128,1,1,16,0.000,0.000,,,,,NVIDIA A100-SXM4-40GB MIG 4g.20gb (0),1,,13,cupy_copy__complex64_complex64
4718740238,1760,307573,1,1,1,1,1,1,18,0.000,0.000,,,,,NVIDIA A100-SXM4-40GB MIG 4g.20gb (0),1,,13,cupy_copy__float32_float32
4718876653,87966,307584,1,1,1,32,32,1,30,0.000,0.000,,,,,NVIDIA A100-SXM4-40GB MIG 4g.20gb (0),1,,13,"void convert_kernel<__half2, float2>(tensor_layout_any, T1 *, tensor_layout_any, const T2 *)"
4718993355,5760,307587,,,,,,,,,,0.094,16266.656,Pinned,Device,NVIDIA A100-SXM4-40GB MIG 4g.20gb (0),1,,13,[CUDA memcpy Host-to-Device]
4719007339,3232,307588,,,,,,,,,,1.547,478533.199,Device,,NVIDIA A100-SXM4-40GB MIG 4g.20gb (0),1,,13,[CUDA memset]
4719015243,3328,307593,,,,,,,,,,0.031,9403.822,Pinned,Device,NVIDIA A100-SXM4-40GB MIG 4g.20gb (0),1,,13,[CUDA memcpy Host-to-Device]
4719021355,9408,307594,,,,,,,,,,0.197,20897.858,Pinned,Device,NVIDIA A100-SXM4-40GB MIG 4g.20gb (0),1,,13,[CUDA memcpy Host-to-Device]
4719034443,6432,307595,273,1,1,8,4,1,39,0.002,0.000,,,,,NVIDIA A100-SXM4-40GB MIG 4g.20gb (0),1,,13,"void channel_eq::eqMmseCoefCompLowMimoKernel<float, float, float, (unsigned int)4, (unsigned int)1, (unsigned int)4>(const channel_eq::_puschRxChEqStatDescr *, channel_eq::_puschRxChEqCoefCompDynDescr)"
4719044650,6176,307596,273,1,1,12,11,1,51,0.002,0.000,,,,,NVIDIA A100-SXM4-40GB MIG 4g.20gb (0),1,,13,"void channel_eq::eqMmseSoftDemapKernel<float, __half, __half, float, (unsigned int)4, (unsigned short)16383>(channel_eq::_puschRxChEqStatDescr *, channel_eq::_puschRxChEqSoftDemapDynDescr)"
4719053322,283037,307597,1,1,1,32,32,1,30,0.000,0.000,,,,,NVIDIA A100-SXM4-40GB MIG 4g.20gb (0),1,,13,"void convert_kernel<float2, __half2>(tensor_layout_any, T1 *, tensor_layout_any, const T2 *)"
4719337351,10912,307609,2253,1,1,128,1,1,16,0.000,0.000,,,,,NVIDIA A100-SXM4-40GB MIG 4g.20gb (0),1,,13,cupy_copy__float16_float16
4719353095,2688,307618,282,1,1,128,1,1,16,0.000,0.000,,,,,NVIDIA A100-SXM4-40GB MIG 4g.20gb (0),1,,13,cupy_copy__complex64_complex64
4719358663,2336,307627,26,1,1,128,1,1,16,0.000,0.000,,,,,NVIDIA A100-SXM4-40GB MIG 4g.20gb (0),1,,13,cupy_copy__float32_float32
4719362599,3136,307636,103,1,1,128,1,1,16,0.000,0.000,,,,,NVIDIA A100-SXM4-40GB MIG 4g.20gb (0),1,,13,cupy_copy__complex64_complex64
4719366823,11839,307646,1434,1,1,128,1,1,16,0.000,0.000,,,,,NVIDIA A100-SXM4-40GB MIG 4g.20gb (0),1,,13,cupy_copy__complex64_complex64
4719383558,87743,307651,1,1,1,32,32,1,30,0.000,0.000,,,,,NVIDIA A100-SXM4-40GB MIG 4g.20gb (0),1,,13,"void convert_kernel<__half2, float2>(tensor_layout_any, T1 *, tensor_layout_any, const T2 *)"
4719498181,5664,307654,,,,,,,,,,0.094,16542.310,Pinned,Device,NVIDIA A100-SXM4-40GB MIG 4g.20gb (0),1,,13,[CUDA memcpy Host-to-Device]
4719509093,597720,307655,,,,,,,,,,456.561,763827.289,Device,,NVIDIA A100-SXM4-40GB MIG 4g.20gb (0),1,,13,[CUDA memset]
4720111613,140927,307660,,,,,,,,,,1.235,8761.928,Pinned,Device,NVIDIA A100-SXM4-40GB MIG 4g.20gb (0),1,,13,[CUDA memcpy Host-to-Device]
4720259740,33599,307661,,,,,,,,,,0.197,5851.447,Pinned,Device,NVIDIA A100-SXM4-40GB MIG 4g.20gb (0),1,,13,[CUDA memcpy Host-to-Device]
4720310395,7840,307662,69,4,1,48,1,1,76,0.002,0.000,,,,,NVIDIA A100-SXM4-40GB MIG 4g.20gb (0),1,,13,"void ch_est::windowedChEstPreNoDftSOfdmKernel<float, __half, float, (unsigned int)2, (unsigned int)1, (unsigned short)4>(ch_est::puschRxChEstStatDescr_t *, ch_est::puschRxChEstDynDescr_t *)"
4720326811,6560,307663,137,2,1,24,2,1,44,0.001,0.001,,,,,NVIDIA A100-SXM4-40GB MIG 4g.20gb (0),1,,13,"void ch_est::chEstFilterNoDftSOfdmDispatchKernel<float, __half, float, (unsigned int)2>(ch_est::puschRxChEstStatDescr_t *, ch_est::puschRxChEstDynDescr_t *)"
4720338619,4767,307664,137,2,1,24,2,1,44,0.001,0.001,,,,,NVIDIA A100-SXM4-40GB MIG 4g.20gb (0),1,,13,"void ch_est::chEstFilterNoDftSOfdmDispatchKernel<float, __half, float, (unsigned int)2>(ch_est::puschRxChEstStatDescr_t *, ch_est::puschRxChEstDynDescr_t *)"
4720350362,2496,307675,103,1,1,128,1,1,16,0.000,0.000,,,,,NVIDIA A100-SXM4-40GB MIG 4g.20gb (0),1,,13,cupy_copy__complex64_complex64
4720360698,12512,307685,1434,1,1,128,1,1,16,0.000,0.000,,,,,NVIDIA A100-SXM4-40GB MIG 4g.20gb (0),1,,13,cupy_copy__complex64_complex64
4720384314,2592,307692,103,1,1,128,1,1,16,0.000,0.000,,,,,NVIDIA A100-SXM4-40GB MIG 4g.20gb (0),1,,13,cupy_copy__complex64_complex64
4720398746,85567,307699,1,1,1,32,32,1,30,0.000,0.000,,,,,NVIDIA A100-SXM4-40GB MIG 4g.20gb (0),1,,13,"void convert_kernel<__half2, float2>(tensor_layout_any, T1 *, tensor_layout_any, const T2 *)"
4720515320,21728,307702,,,,,,,,,,0.094,4312.171,Pinned,Device,NVIDIA A100-SXM4-40GB MIG 4g.20gb (0),1,,13,[CUDA memcpy Host-to-Device]
4720550520,47295,307703,,,,,,,,,,35.810,757129.139,Device,,NVIDIA A100-SXM4-40GB MIG 4g.20gb (0),1,,13,[CUDA memset]
4720603831,9024,307705,,,,,,,,,,0.000,8.865,Pinned,Device,NVIDIA A100-SXM4-40GB MIG 4g.20gb (0),1,,13,[CUDA memcpy Host-to-Device]
4720622551,28224,307706,,,,,,,,,,0.197,6965.821,Pinned,Device,NVIDIA A100-SXM4-40GB MIG 4g.20gb (0),1,,13,[CUDA memcpy Host-to-Device]
4720677750,9856,307707,273,1,1,48,1,1,40,0.000,0.001,,,,,NVIDIA A100-SXM4-40GB MIG 4g.20gb (0),1,,13,"void pusch_noise_intf_est::noiseIntfEstNoDftSOfdmKernel<float, __half, float, float, (unsigned int)2, (unsigned int)1, (unsigned char)4, (unsigned char)4>(pusch_noise_intf_est::puschRxNoiseIntfEstDynDescr)"
4720693206,2816,307718,35,1,1,128,1,1,16,0.000,0.000,,,,,NVIDIA A100-SXM4-40GB MIG 4g.20gb (0),1,,13,cupy_copy__complex64_complex64
4720705910,1728,307727,1,1,1,1,1,1,18,0.000,0.000,,,,,NVIDIA A100-SXM4-40GB MIG 4g.20gb (0),1,,13,cupy_copy__float32_float32
4720715766,7808,307733,,,,,,,,,,0.000,0.512,Device,Pageable,NVIDIA A100-SXM4-40GB MIG 4g.20gb (0),1,,7,[CUDA memcpy Device-to-Host]
4720798709,12896,307744,1434,1,1,128,1,1,16,0.000,0.000,,,,,NVIDIA A100-SXM4-40GB MIG 4g.20gb (0),1,,13,cupy_copy__complex64_complex64
4720830004,2912,307751,103,1,1,128,1,1,16,0.000,0.000,,,,,NVIDIA A100-SXM4-40GB MIG 4g.20gb (0),1,,13,cupy_copy__complex64_complex64
4720839220,2336,307758,35,1,1,128,1,1,16,0.000,0.000,,,,,NVIDIA A100-SXM4-40GB MIG 4g.20gb (0),1,,13,cupy_copy__complex64_complex64
4720860500,1952,307765,1,1,1,1,1,1,18,0.000,0.000,,,,,NVIDIA A100-SXM4-40GB MIG 4g.20gb (0),1,,13,cupy_copy__float32_float32
4720993714,87039,307776,1,1,1,32,32,1,30,0.000,0.000,,,,,NVIDIA A100-SXM4-40GB MIG 4g.20gb (0),1,,13,"void convert_kernel<__half2, float2>(tensor_layout_any, T1 *, tensor_layout_any, const T2 *)"
4721110449,14048,307779,,,,,,,,,,0.094,6669.656,Pinned,Device,NVIDIA A100-SXM4-40GB MIG 4g.20gb (0),1,,13,[CUDA memcpy Host-to-Device]
4721136529,3424,307780,,,,,,,,,,1.547,451700.819,Device,,NVIDIA A100-SXM4-40GB MIG 4g.20gb (0),1,,13,[CUDA memset]
4721141745,3648,307785,,,,,,,,,,0.031,8578.922,Pinned,Device,NVIDIA A100-SXM4-40GB MIG 4g.20gb (0),1,,13,[CUDA memcpy Host-to-Device]
4721148465,13951,307786,,,,,,,,,,0.197,14092.665,Pinned,Device,NVIDIA A100-SXM4-40GB MIG 4g.20gb (0),1,,13,[CUDA memcpy Host-to-Device]
4721173360,8320,307787,273,1,1,8,4,1,39,0.002,0.000,,,,,NVIDIA A100-SXM4-40GB MIG 4g.20gb (0),1,,13,"void channel_eq::eqMmseCoefCompLowMimoKernel<float, float, float, (unsigned int)4, (unsigned int)1, (unsigned int)4>(const channel_eq::_puschRxChEqStatDescr *, channel_eq::_puschRxChEqCoefCompDynDescr)"
4721189488,6048,307788,273,1,1,12,11,1,51,0.002,0.000,,,,,NVIDIA A100-SXM4-40GB MIG 4g.20gb (0),1,,13,"void channel_eq::eqMmseSoftDemapKernel<float, __half, __half, float, (unsigned int)4, (unsigned short)16383>(channel_eq::_puschRxChEqStatDescr *, channel_eq::_puschRxChEqSoftDemapDynDescr)"
4721198896,282524,307789,1,1,1,32,32,1,30,0.000,0.000,,,,,NVIDIA A100-SXM4-40GB MIG 4g.20gb (0),1,,13,"void convert_kernel<float2, __half2>(tensor_layout_any, T1 *, tensor_layout_any, const T2 *)"
4721484588,11136,307801,2253,1,1,128,1,1,16,0.000,0.000,,,,,NVIDIA A100-SXM4-40GB MIG 4g.20gb (0),1,,13,cupy_copy__float16_float16
4721497900,3104,307810,282,1,1,128,1,1,16,0.000,0.000,,,,,NVIDIA A100-SXM4-40GB MIG 4g.20gb (0),1,,13,cupy_copy__complex64_complex64
4721504684,2048,307819,26,1,1,128,1,1,16,0.000,0.000,,,,,NVIDIA A100-SXM4-40GB MIG 4g.20gb (0),1,,13,cupy_copy__float32_float32
4721508236,3008,307828,103,1,1,128,1,1,16,0.000,0.000,,,,,NVIDIA A100-SXM4-40GB MIG 4g.20gb (0),1,,13,cupy_copy__complex64_complex64
4721512236,12096,307838,1434,1,1,128,1,1,16,0.000,0.000,,,,,NVIDIA A100-SXM4-40GB MIG 4g.20gb (0),1,,13,cupy_copy__complex64_complex64
4721526188,83007,307843,1,1,1,32,32,1,30,0.000,0.000,,,,,NVIDIA A100-SXM4-40GB MIG 4g.20gb (0),1,,13,"void convert_kernel<__half2, float2>(tensor_layout_any, T1 *, tensor_layout_any, const T2 *)"
4721636267,5631,307846,,,,,,,,,,0.094,16639.285,Pinned,Device,NVIDIA A100-SXM4-40GB MIG 4g.20gb (0),1,,13,[CUDA memcpy Host-to-Device]
4721645834,597081,307847,,,,,,,,,,456.561,764283.851,Device,,NVIDIA A100-SXM4-40GB MIG 4g.20gb (0),1,,13,[CUDA memset]
4722245603,146622,307852,,,,,,,,,,1.235,8422.318,Pinned,Device,NVIDIA A100-SXM4-40GB MIG 4g.20gb (0),1,,13,[CUDA memcpy Host-to-Device]
4722407553,41248,307853,,,,,,,,,,0.197,4766.368,Pinned,Device,NVIDIA A100-SXM4-40GB MIG 4g.20gb (0),1,,13,[CUDA memcpy Host-to-Device]
4722477312,8256,307854,69,4,1,48,1,1,76,0.002,0.000,,,,,NVIDIA A100-SXM4-40GB MIG 4g.20gb (0),1,,13,"void ch_est::windowedChEstPreNoDftSOfdmKernel<float, __half, float, (unsigned int)2, (unsigned int)1, (unsigned short)4>(ch_est::puschRxChEstStatDescr_t *, ch_est::puschRxChEstDynDescr_t *)"
4722495168,6880,307855,137,2,1,24,2,1,44,0.001,0.001,,,,,NVIDIA A100-SXM4-40GB MIG 4g.20gb (0),1,,13,"void ch_est::chEstFilterNoDftSOfdmDispatchKernel<float, __half, float, (unsigned int)2>(ch_est::puschRxChEstStatDescr_t *, ch_est::puschRxChEstDynDescr_t *)"
4722512704,4768,307856,137,2,1,24,2,1,44,0.001,0.001,,,,,NVIDIA A100-SXM4-40GB MIG 4g.20gb (0),1,,13,"void ch_est::chEstFilterNoDftSOfdmDispatchKernel<float, __half, float, (unsigned int)2>(ch_est::puschRxChEstStatDescr_t *, ch_est::puschRxChEstDynDescr_t *)"
4722529280,2624,307867,103,1,1,128,1,1,16,0.000,0.000,,,,,NVIDIA A100-SXM4-40GB MIG 4g.20gb (0),1,,13,cupy_copy__complex64_complex64
4722546431,12352,307877,1434,1,1,128,1,1,16,0.000,0.000,,,,,NVIDIA A100-SXM4-40GB MIG 4g.20gb (0),1,,13,cupy_copy__complex64_complex64
4722566463,2912,307884,103,1,1,128,1,1,16,0.000,0.000,,,,,NVIDIA A100-SXM4-40GB MIG 4g.20gb (0),1,,13,cupy_copy__complex64_complex64
4722590079,86271,307891,1,1,1,32,32,1,30,0.000,0.000,,,,,NVIDIA A100-SXM4-40GB MIG 4g.20gb (0),1,,13,"void convert_kernel<__half2, float2>(tensor_layout_any, T1 *, tensor_layout_any, const T2 *)"
4722710973,25568,307894,,,,,,,,,,0.094,3664.544,Pinned,Device,NVIDIA A100-SXM4-40GB MIG 4g.20gb (0),1,,13,[CUDA memcpy Host-to-Device]
4722752317,47519,307895,,,,,,,,,,35.810,753583.956,Device,,NVIDIA A100-SXM4-40GB MIG 4g.20gb (0),1,,13,[CUDA memset]
4722802108,14464,307897,,,,,,,,,,0.000,5.531,Pinned,Device,NVIDIA A100-SXM4-40GB MIG 4g.20gb (0),1,,13,[CUDA memcpy Host-to-Device]
4722823292,28576,307898,,,,,,,,,,0.197,6880.100,Pinned,Device,NVIDIA A100-SXM4-40GB MIG 4g.20gb (0),1,,13,[CUDA memcpy Host-to-Device]
4722873787,9312,307899,273,1,1,48,1,1,40,0.000,0.001,,,,,NVIDIA A100-SXM4-40GB MIG 4g.20gb (0),1,,13,"void pusch_noise_intf_est::noiseIntfEstNoDftSOfdmKernel<float, __half, float, float, (unsigned int)2, (unsigned int)1, (unsigned char)4, (unsigned char)4>(pusch_noise_intf_est::puschRxNoiseIntfEstDynDescr)"
4722888859,2720,307910,35,1,1,128,1,1,16,0.000,0.000,,,,,NVIDIA A100-SXM4-40GB MIG 4g.20gb (0),1,,13,cupy_copy__complex64_complex64
4722903515,1760,307919,1,1,1,1,1,1,18,0.000,0.000,,,,,NVIDIA A100-SXM4-40GB MIG 4g.20gb (0),1,,13,cupy_copy__float32_float32
4722906075,7296,307925,,,,,,,,,,0.000,0.548,Device,Pageable,NVIDIA A100-SXM4-40GB MIG 4g.20gb (0),1,,7,[CUDA memcpy Device-to-Host]
4722991162,12800,307936,1434,1,1,128,1,1,16,0.000,0.000,,,,,NVIDIA A100-SXM4-40GB MIG 4g.20gb (0),1,,13,cupy_copy__complex64_complex64
4723018746,3007,307943,103,1,1,128,1,1,16,0.000,0.000,,,,,NVIDIA A100-SXM4-40GB MIG 4g.20gb (0),1,,13,cupy_copy__complex64_complex64
4723044409,2592,307950,35,1,1,128,1,1,16,0.000,0.000,,,,,NVIDIA A100-SXM4-40GB MIG 4g.20gb (0),1,,13,cupy_copy__complex64_complex64
4723060825,1760,307957,1,1,1,1,1,1,18,0.000,0.000,,,,,NVIDIA A100-SXM4-40GB MIG 4g.20gb (0),1,,13,cupy_copy__float32_float32
4723178488,86750,307968,1,1,1,32,32,1,30,0.000,0.000,,,,,NVIDIA A100-SXM4-40GB MIG 4g.20gb (0),1,,13,"void convert_kernel<__half2, float2>(tensor_layout_any, T1 *, tensor_layout_any, const T2 *)"
4723293878,5632,307971,,,,,,,,,,0.094,16636.287,Pinned,Device,NVIDIA A100-SXM4-40GB MIG 4g.20gb (0),1,,13,[CUDA memcpy Host-to-Device]
4723308470,3552,307972,,,,,,,,,,1.547,435422.601,Device,,NVIDIA A100-SXM4-40GB MIG 4g.20gb (0),1,,13,[CUDA memset]
4723315350,3584,307977,,,,,,,,,,0.031,8732.116,Pinned,Device,NVIDIA A100-SXM4-40GB MIG 4g.20gb (0),1,,13,[CUDA memcpy Host-to-Device]
4723321526,9600,307978,,,,,,,,,,0.197,20479.869,Pinned,Device,NVIDIA A100-SXM4-40GB MIG 4g.20gb (0),1,,13,[CUDA memcpy Host-to-Device]
4723337398,6528,307979,273,1,1,8,4,1,39,0.002,0.000,,,,,NVIDIA A100-SXM4-40GB MIG 4g.20gb (0),1,,13,"void channel_eq::eqMmseCoefCompLowMimoKernel<float, float, float, (unsigned int)4, (unsigned int)1, (unsigned int)4>(const channel_eq::_puschRxChEqStatDescr *, channel_eq::_puschRxChEqCoefCompDynDescr)"
4723346357,7040,307980,273,1,1,12,11,1,51,0.002,0.000,,,,,NVIDIA A100-SXM4-40GB MIG 4g.20gb (0),1,,13,"void channel_eq::eqMmseSoftDemapKernel<float, __half, __half, float, (unsigned int)4, (unsigned short)16383>(channel_eq::_puschRxChEqStatDescr *, channel_eq::_puschRxChEqSoftDemapDynDescr)"
4723354421,294013,307981,1,1,1,32,32,1,30,0.000,0.000,,,,,NVIDIA A100-SXM4-40GB MIG 4g.20gb (0),1,,13,"void convert_kernel<float2, __half2>(tensor_layout_any, T1 *, tensor_layout_any, const T2 *)"
4723649394,10944,307993,2253,1,1,128,1,1,16,0.000,0.000,,,,,NVIDIA A100-SXM4-40GB MIG 4g.20gb (0),1,,13,cupy_copy__float16_float16
4723663026,3264,308002,282,1,1,128,1,1,16,0.000,0.000,,,,,NVIDIA A100-SXM4-40GB MIG 4g.20gb (0),1,,13,cupy_copy__complex64_complex64
4723668817,2720,308011,26,1,1,128,1,1,16,0.000,0.000,,,,,NVIDIA A100-SXM4-40GB MIG 4g.20gb (0),1,,13,cupy_copy__float32_float32
4723674641,2976,308020,103,1,1,128,1,1,16,0.000,0.000,,,,,NVIDIA A100-SXM4-40GB MIG 4g.20gb (0),1,,13,cupy_copy__complex64_complex64
4723678673,11936,308030,1434,1,1,128,1,1,16,0.000,0.000,,,,,NVIDIA A100-SXM4-40GB MIG 4g.20gb (0),1,,13,cupy_copy__complex64_complex64
4723694321,87551,308035,1,1,1,32,32,1,30,0.000,0.000,,,,,NVIDIA A100-SXM4-40GB MIG 4g.20gb (0),1,,13,"void convert_kernel<__half2, float2>(tensor_layout_any, T1 *, tensor_layout_any, const T2 *)"
4723809616,5792,308038,,,,,,,,,,0.094,16176.708,Pinned,Device,NVIDIA A100-SXM4-40GB MIG 4g.20gb (0),1,,13,[CUDA memcpy Host-to-Device]
4723821104,595960,308039,,,,,,,,,,456.561,765653.535,Device,,NVIDIA A100-SXM4-40GB MIG 4g.20gb (0),1,,13,[CUDA memset]
4724422280,75231,308044,,,,,,,,,,1.235,16414.876,Pinned,Device,NVIDIA A100-SXM4-40GB MIG 4g.20gb (0),1,,13,[CUDA memcpy Host-to-Device]
4724502279,17408,308045,,,,,,,,,,0.197,11293.950,Pinned,Device,NVIDIA A100-SXM4-40GB MIG 4g.20gb (0),1,,13,[CUDA memcpy Host-to-Device]
4724534343,8704,308046,69,4,1,48,1,1,76,0.002,0.000,,,,,NVIDIA A100-SXM4-40GB MIG 4g.20gb (0),1,,13,"void ch_est::windowedChEstPreNoDftSOfdmKernel<float, __half, float, (unsigned int)2, (unsigned int)1, (unsigned short)4>(ch_est::puschRxChEstStatDescr_t *, ch_est::puschRxChEstDynDescr_t *)"
4724550183,6496,308047,137,2,1,24,2,1,44,0.001,0.001,,,,,NVIDIA A100-SXM4-40GB MIG 4g.20gb (0),1,,13,"void ch_est::chEstFilterNoDftSOfdmDispatchKernel<float, __half, float, (unsigned int)2>(ch_est::puschRxChEstStatDescr_t *, ch_est::puschRxChEstDynDescr_t *)"
4724558983,5023,308048,137,2,1,24,2,1,44,0.001,0.001,,,,,NVIDIA A100-SXM4-40GB MIG 4g.20gb (0),1,,13,"void ch_est::chEstFilterNoDftSOfdmDispatchKernel<float, __half, float, (unsigned int)2>(ch_est::puschRxChEstStatDescr_t *, ch_est::puschRxChEstDynDescr_t *)"
4724568294,2848,308059,103,1,1,128,1,1,16,0.000,0.000,,,,,NVIDIA A100-SXM4-40GB MIG 4g.20gb (0),1,,13,cupy_copy__complex64_complex64
4724577158,12544,308069,1434,1,1,128,1,1,16,0.000,0.000,,,,,NVIDIA A100-SXM4-40GB MIG 4g.20gb (0),1,,13,cupy_copy__complex64_complex64
4724595110,2496,308076,103,1,1,128,1,1,16,0.000,0.000,,,,,NVIDIA A100-SXM4-40GB MIG 4g.20gb (0),1,,13,cupy_copy__complex64_complex64
4724605414,86783,308083,1,1,1,32,32,1,30,0.000,0.000,,,,,NVIDIA A100-SXM4-40GB MIG 4g.20gb (0),1,,13,"void convert_kernel<__half2, float2>(tensor_layout_any, T1 *, tensor_layout_any, const T2 *)"
4724721061,13055,308086,,,,,,,,,,0.094,7177.020,Pinned,Device,NVIDIA A100-SXM4-40GB MIG 4g.20gb (0),1,,13,[CUDA memcpy Host-to-Device]
4724738404,46656,308087,,,,,,,,,,35.810,767514.015,Device,,NVIDIA A100-SXM4-40GB MIG 4g.20gb (0),1,,13,[CUDA memset]
4724792964,5536,308089,,,,,,,,,,0.000,14.451,Pinned,Device,NVIDIA A100-SXM4-40GB MIG 4g.20gb (0),1,,13,[CUDA memcpy Host-to-Device]
4724804068,19871,308090,,,,,,,,,,0.197,9894.101,Pinned,Device,NVIDIA A100-SXM4-40GB MIG 4g.20gb (0),1,,13,[CUDA memcpy Host-to-Device]
4724835843,8928,308091,273,1,1,48,1,1,40,0.000,0.001,,,,,NVIDIA A100-SXM4-40GB MIG 4g.20gb (0),1,,13,"void pusch_noise_intf_est::noiseIntfEstNoDftSOfdmKernel<float, __half, float, float, (unsigned int)2, (unsigned int)1, (unsigned char)4, (unsigned char)4>(pusch_noise_intf_est::puschRxNoiseIntfEstDynDescr)"
4724856451,2560,308102,35,1,1,128,1,1,16,0.000,0.000,,,,,NVIDIA A100-SXM4-40GB MIG 4g.20gb (0),1,,13,cupy_copy__complex64_complex64
4724867843,2048,308111,1,1,1,1,1,1,18,0.000,0.000,,,,,NVIDIA A100-SXM4-40GB MIG 4g.20gb (0),1,,13,cupy_copy__float32_float32
4724875939,6656,308117,,,,,,,,,,0.000,0.601,Device,Pageable,NVIDIA A100-SXM4-40GB MIG 4g.20gb (0),1,,7,[CUDA memcpy Device-to-Host]
4724954210,12960,308128,1434,1,1,128,1,1,16,0.000,0.000,,,,,NVIDIA A100-SXM4-40GB MIG 4g.20gb (0),1,,13,cupy_copy__complex64_complex64
4724984865,3360,308135,103,1,1,128,1,1,16,0.000,0.000,,,,,NVIDIA A100-SXM4-40GB MIG 4g.20gb (0),1,,13,cupy_copy__complex64_complex64
4724999489,2688,308142,35,1,1,128,1,1,16,0.000,0.000,,,,,NVIDIA A100-SXM4-40GB MIG 4g.20gb (0),1,,13,cupy_copy__complex64_complex64
4725021665,1792,308149,1,1,1,1,1,1,18,0.000,0.000,,,,,NVIDIA A100-SXM4-40GB MIG 4g.20gb (0),1,,13,cupy_copy__float32_float32
4725158655,86719,308160,1,1,1,32,32,1,30,0.000,0.000,,,,,NVIDIA A100-SXM4-40GB MIG 4g.20gb (0),1,,13,"void convert_kernel<__half2, float2>(tensor_layout_any, T1 *, tensor_layout_any, const T2 *)"
4725272638,5504,308163,,,,,,,,,,0.094,17023.251,Pinned,Device,NVIDIA A100-SXM4-40GB MIG 4g.20gb (0),1,,13,[CUDA memcpy Host-to-Device]
4725286622,3136,308164,,,,,,,,,,1.547,493182.821,Device,,NVIDIA A100-SXM4-40GB MIG 4g.20gb (0),1,,13,[CUDA memset]
4725293597,3072,308169,,,,,,,,,,0.031,10187.474,Pinned,Device,NVIDIA A100-SXM4-40GB MIG 4g.20gb (0),1,,13,[CUDA memcpy Host-to-Device]
4725299581,10080,308170,,,,,,,,,,0.197,19504.693,Pinned,Device,NVIDIA A100-SXM4-40GB MIG 4g.20gb (0),1,,13,[CUDA memcpy Host-to-Device]
4725314621,6336,308171,273,1,1,8,4,1,39,0.002,0.000,,,,,NVIDIA A100-SXM4-40GB MIG 4g.20gb (0),1,,13,"void channel_eq::eqMmseCoefCompLowMimoKernel<float, float, float, (unsigned int)4, (unsigned int)1, (unsigned int)4>(const channel_eq::_puschRxChEqStatDescr *, channel_eq::_puschRxChEqCoefCompDynDescr)"
4725322461,7168,308172,273,1,1,12,11,1,51,0.002,0.000,,,,,NVIDIA A100-SXM4-40GB MIG 4g.20gb (0),1,,13,"void channel_eq::eqMmseSoftDemapKernel<float, __half, __half, float, (unsigned int)4, (unsigned short)16383>(channel_eq::_puschRxChEqStatDescr *, channel_eq::_puschRxChEqSoftDemapDynDescr)"
4725331709,279677,308173,1,1,1,32,32,1,30,0.000,0.000,,,,,NVIDIA A100-SXM4-40GB MIG 4g.20gb (0),1,,13,"void convert_kernel<float2, __half2>(tensor_layout_any, T1 *, tensor_layout_any, const T2 *)"
4725612378,10911,308185,2253,1,1,128,1,1,16,0.000,0.000,,,,,NVIDIA A100-SXM4-40GB MIG 4g.20gb (0),1,,13,cupy_copy__float16_float16
4725625817,3264,308194,282,1,1,128,1,1,16,0.000,0.000,,,,,NVIDIA A100-SXM4-40GB MIG 4g.20gb (0),1,,13,cupy_copy__complex64_complex64
4725630137,2048,308203,26,1,1,128,1,1,16,0.000,0.000,,,,,NVIDIA A100-SXM4-40GB MIG 4g.20gb (0),1,,13,cupy_copy__float32_float32
4725635481,3136,308212,103,1,1,128,1,1,16,0.000,0.000,,,,,NVIDIA A100-SXM4-40GB MIG 4g.20gb (0),1,,13,cupy_copy__complex64_complex64
4725640249,12032,308222,1434,1,1,128,1,1,16,0.000,0.000,,,,,NVIDIA A100-SXM4-40GB MIG 4g.20gb (0),1,,13,cupy_copy__complex64_complex64
4725658873,87359,308227,1,1,1,32,32,1,30,0.000,0.000,,,,,NVIDIA A100-SXM4-40GB MIG 4g.20gb (0),1,,13,"void convert_kernel<__half2, float2>(tensor_layout_any, T1 *, tensor_layout_any, const T2 *)"
4725773304,5504,308230,,,,,,,,,,0.094,17023.251,Pinned,Device,NVIDIA A100-SXM4-40GB MIG 4g.20gb (0),1,,13,[CUDA memcpy Host-to-Device]
4725783063,598329,308231,,,,,,,,,,456.561,762914.166,Device,,NVIDIA A100-SXM4-40GB MIG 4g.20gb (0),1,,13,[CUDA memset]
4726391216,151966,308236,,,,,,,,,,1.235,8125.932,Pinned,Device,NVIDIA A100-SXM4-40GB MIG 4g.20gb (0),1,,13,[CUDA memcpy Host-to-Device]
4726551598,44031,308237,,,,,,,,,,0.197,4465.164,Pinned,Device,NVIDIA A100-SXM4-40GB MIG 4g.20gb (0),1,,13,[CUDA memcpy Host-to-Device]
4726620525,8352,308238,69,4,1,48,1,1,76,0.002,0.000,,,,,NVIDIA A100-SXM4-40GB MIG 4g.20gb (0),1,,13,"void ch_est::windowedChEstPreNoDftSOfdmKernel<float, __half, float, (unsigned int)2, (unsigned int)1, (unsigned short)4>(ch_est::puschRxChEstStatDescr_t *, ch_est::puschRxChEstDynDescr_t *)"
4726637549,7168,308239,137,2,1,24,2,1,44,0.001,0.001,,,,,NVIDIA A100-SXM4-40GB MIG 4g.20gb (0),1,,13,"void ch_est::chEstFilterNoDftSOfdmDispatchKernel<float, __half, float, (unsigned int)2>(ch_est::puschRxChEstStatDescr_t *, ch_est::puschRxChEstDynDescr_t *)"
4726648557,5024,308240,137,2,1,24,2,1,44,0.001,0.001,,,,,NVIDIA A100-SXM4-40GB MIG 4g.20gb (0),1,,13,"void ch_est::chEstFilterNoDftSOfdmDispatchKernel<float, __half, float, (unsigned int)2>(ch_est::puschRxChEstStatDescr_t *, ch_est::puschRxChEstDynDescr_t *)"
4726659629,2656,308251,103,1,1,128,1,1,16,0.000,0.000,,,,,NVIDIA A100-SXM4-40GB MIG 4g.20gb (0),1,,13,cupy_copy__complex64_complex64
4726667853,12575,308261,1434,1,1,128,1,1,16,0.000,0.000,,,,,NVIDIA A100-SXM4-40GB MIG 4g.20gb (0),1,,13,cupy_copy__complex64_complex64
4726691340,2560,308268,103,1,1,128,1,1,16,0.000,0.000,,,,,NVIDIA A100-SXM4-40GB MIG 4g.20gb (0),1,,13,cupy_copy__complex64_complex64
4726697868,82911,308275,1,1,1,32,32,1,30,0.000,0.000,,,,,NVIDIA A100-SXM4-40GB MIG 4g.20gb (0),1,,13,"void convert_kernel<__half2, float2>(tensor_layout_any, T1 *, tensor_layout_any, const T2 *)"
4726806987,5600,308278,,,,,,,,,,0.094,16731.388,Pinned,Device,NVIDIA A100-SXM4-40GB MIG 4g.20gb (0),1,,13,[CUDA memcpy Host-to-Device]
4726819115,46847,308279,,,,,,,,,,35.810,764398.552,Device,,NVIDIA A100-SXM4-40GB MIG 4g.20gb (0),1,,13,[CUDA memset]
4726866634,3392,308281,,,,,,,,,,0.000,23.585,Pinned,Device,NVIDIA A100-SXM4-40GB MIG 4g.20gb (0),1,,13,[CUDA memcpy Host-to-Device]
4726873226,10944,308282,,,,,,,,,,0.197,17964.859,Pinned,Device,NVIDIA A100-SXM4-40GB MIG 4g.20gb (0),1,,13,[CUDA memcpy Host-to-Device]
4726890122,10208,308283,273,1,1,48,1,1,40,0.000,0.001,,,,,NVIDIA A100-SXM4-40GB MIG 4g.20gb (0),1,,13,"void pusch_noise_intf_est::noiseIntfEstNoDftSOfdmKernel<float, __half, float, float, (unsigned int)2, (unsigned int)1, (unsigned char)4, (unsigned char)4>(pusch_noise_intf_est::puschRxNoiseIntfEstDynDescr)"
4726904266,3232,308294,35,1,1,128,1,1,16,0.000,0.000,,,,,NVIDIA A100-SXM4-40GB MIG 4g.20gb (0),1,,13,cupy_copy__complex64_complex64
4726934697,1792,308303,1,1,1,1,1,1,18,0.000,0.000,,,,,NVIDIA A100-SXM4-40GB MIG 4g.20gb (0),1,,13,cupy_copy__float32_float32
4726967081,1920,308309,,,,,,,,,,0.000,2.083,Device,Pageable,NVIDIA A100-SXM4-40GB MIG 4g.20gb (0),1,,7,[CUDA memcpy Device-to-Host]
4727027240,12896,308320,1434,1,1,128,1,1,16,0.000,0.000,,,,,NVIDIA A100-SXM4-40GB MIG 4g.20gb (0),1,,13,cupy_copy__complex64_complex64
4727054280,2816,308327,103,1,1,128,1,1,16,0.000,0.000,,,,,NVIDIA A100-SXM4-40GB MIG 4g.20gb (0),1,,13,cupy_copy__complex64_complex64
4727074472,2176,308334,35,1,1,128,1,1,16,0.000,0.000,,,,,NVIDIA A100-SXM4-40GB MIG 4g.20gb (0),1,,13,cupy_copy__complex64_complex64
4727096263,1792,308341,1,1,1,1,1,1,18,0.000,0.000,,,,,NVIDIA A100-SXM4-40GB MIG 4g.20gb (0),1,,13,cupy_copy__float32_float32
4727226886,88575,308352,1,1,1,32,32,1,30,0.000,0.000,,,,,NVIDIA A100-SXM4-40GB MIG 4g.20gb (0),1,,13,"void convert_kernel<__half2, float2>(tensor_layout_any, T1 *, tensor_layout_any, const T2 *)"
4727343204,5440,308355,,,,,,,,,,0.094,17223.480,Pinned,Device,NVIDIA A100-SXM4-40GB MIG 4g.20gb (0),1,,13,[CUDA memcpy Host-to-Device]
4727356132,3072,308356,,,,,,,,,,1.547,503457.044,Device,,NVIDIA A100-SXM4-40GB MIG 4g.20gb (0),1,,13,[CUDA memset]
4727362692,3648,308361,,,,,,,,,,0.031,8578.922,Pinned,Device,NVIDIA A100-SXM4-40GB MIG 4g.20gb (0),1,,13,[CUDA memcpy Host-to-Device]
4727368772,9984,308362,,,,,,,,,,0.197,19692.257,Pinned,Device,NVIDIA A100-SXM4-40GB MIG 4g.20gb (0),1,,13,[CUDA memcpy Host-to-Device]
4727384580,6112,308363,273,1,1,8,4,1,39,0.002,0.000,,,,,NVIDIA A100-SXM4-40GB MIG 4g.20gb (0),1,,13,"void channel_eq::eqMmseCoefCompLowMimoKernel<float, float, float, (unsigned int)4, (unsigned int)1, (unsigned int)4>(const channel_eq::_puschRxChEqStatDescr *, channel_eq::_puschRxChEqCoefCompDynDescr)"
4727391620,6208,308364,273,1,1,12,11,1,51,0.002,0.000,,,,,NVIDIA A100-SXM4-40GB MIG 4g.20gb (0),1,,13,"void channel_eq::eqMmseSoftDemapKernel<float, __half, __half, float, (unsigned int)4, (unsigned short)16383>(channel_eq::_puschRxChEqStatDescr *, channel_eq::_puschRxChEqSoftDemapDynDescr)"
4727398852,282428,308365,1,1,1,32,32,1,30,0.000,0.000,,,,,NVIDIA A100-SXM4-40GB MIG 4g.20gb (0),1,,13,"void convert_kernel<float2, __half2>(tensor_layout_any, T1 *, tensor_layout_any, const T2 *)"
4727682592,11328,308377,2253,1,1,128,1,1,16,0.000,0.000,,,,,NVIDIA A100-SXM4-40GB MIG 4g.20gb (0),1,,13,cupy_copy__float16_float16
4727696384,3072,308386,282,1,1,128,1,1,16,0.000,0.000,,,,,NVIDIA A100-SXM4-40GB MIG 4g.20gb (0),1,,13,cupy_copy__complex64_complex64
4727701504,2144,308395,26,1,1,128,1,1,16,0.000,0.000,,,,,NVIDIA A100-SXM4-40GB MIG 4g.20gb (0),1,,13,cupy_copy__float32_float32
4727704736,3072,308404,103,1,1,128,1,1,16,0.000,0.000,,,,,NVIDIA A100-SXM4-40GB MIG 4g.20gb (0),1,,13,cupy_copy__complex64_complex64
4727711104,11904,308414,1434,1,1,128,1,1,16,0.000,0.000,,,,,NVIDIA A100-SXM4-40GB MIG 4g.20gb (0),1,,13,cupy_copy__complex64_complex64
4727727871,83039,308419,1,1,1,32,32,1,30,0.000,0.000,,,,,NVIDIA A100-SXM4-40GB MIG 4g.20gb (0),1,,13,"void convert_kernel<__half2, float2>(tensor_layout_any, T1 *, tensor_layout_any, const T2 *)"
4727838142,5536,308422,,,,,,,,,,0.094,16924.777,Pinned,Device,NVIDIA A100-SXM4-40GB MIG 4g.20gb (0),1,,13,[CUDA memcpy Host-to-Device]
4727848254,597145,308423,,,,,,,,,,456.561,764283.851,Device,,NVIDIA A100-SXM4-40GB MIG 4g.20gb (0),1,,13,[CUDA memset]
4728448695,134270,308428,,,,,,,,,,1.235,9196.628,Pinned,Device,NVIDIA A100-SXM4-40GB MIG 4g.20gb (0),1,,13,[CUDA memcpy Host-to-Device]
4728595829,45055,308429,,,,,,,,,,0.197,4363.715,Pinned,Device,NVIDIA A100-SXM4-40GB MIG 4g.20gb (0),1,,13,[CUDA memcpy Host-to-Device]
4728662644,7968,308430,69,4,1,48,1,1,76,0.002,0.000,,,,,NVIDIA A100-SXM4-40GB MIG 4g.20gb (0),1,,13,"void ch_est::windowedChEstPreNoDftSOfdmKernel<float, __half, float, (unsigned int)2, (unsigned int)1, (unsigned short)4>(ch_est::puschRxChEstStatDescr_t *, ch_est::puschRxChEstDynDescr_t *)"
4728681748,6720,308431,137,2,1,24,2,1,44,0.001,0.001,,,,,NVIDIA A100-SXM4-40GB MIG 4g.20gb (0),1,,13,"void ch_est::chEstFilterNoDftSOfdmDispatchKernel<float, __half, float, (unsigned int)2>(ch_est::puschRxChEstStatDescr_t *, ch_est::puschRxChEstDynDescr_t *)"
4728698356,4735,308432,137,2,1,24,2,1,44,0.001,0.001,,,,,NVIDIA A100-SXM4-40GB MIG 4g.20gb (0),1,,13,"void ch_est::chEstFilterNoDftSOfdmDispatchKernel<float, __half, float, (unsigned int)2>(ch_est::puschRxChEstStatDescr_t *, ch_est::puschRxChEstDynDescr_t *)"
4728714963,2528,308443,103,1,1,128,1,1,16,0.000,0.000,,,,,NVIDIA A100-SXM4-40GB MIG 4g.20gb (0),1,,13,cupy_copy__complex64_complex64
4728732339,12512,308453,1434,1,1,128,1,1,16,0.000,0.000,,,,,NVIDIA A100-SXM4-40GB MIG 4g.20gb (0),1,,13,cupy_copy__complex64_complex64
4728751091,2880,308460,103,1,1,128,1,1,16,0.000,0.000,,,,,NVIDIA A100-SXM4-40GB MIG 4g.20gb (0),1,,13,cupy_copy__complex64_complex64
4728776851,99422,308467,1,1,1,32,32,1,30,0.000,0.000,,,,,NVIDIA A100-SXM4-40GB MIG 4g.20gb (0),1,,13,"void convert_kernel<__half2, float2>(tensor_layout_any, T1 *, tensor_layout_any, const T2 *)"
4728910097,16512,308470,,,,,,,,,,0.094,5674.417,Pinned,Device,NVIDIA A100-SXM4-40GB MIG 4g.20gb (0),1,,13,[CUDA memcpy Host-to-Device]
4728940689,47103,308471,,,,,,,,,,35.810,760244.602,Device,,NVIDIA A100-SXM4-40GB MIG 4g.20gb (0),1,,13,[CUDA memset]
4728995408,2304,308473,,,,,,,,,,0.000,34.722,Pinned,Device,NVIDIA A100-SXM4-40GB MIG 4g.20gb (0),1,,13,[CUDA memcpy Host-to-Device]
4729005840,13952,308474,,,,,,,,,,0.197,14091.682,Pinned,Device,NVIDIA A100-SXM4-40GB MIG 4g.20gb (0),1,,13,[CUDA memcpy Host-to-Device]
4729031567,12512,308475,273,1,1,48,1,1,40,0.000,0.001,,,,,NVIDIA A100-SXM4-40GB MIG 4g.20gb (0),1,,13,"void pusch_noise_intf_est::noiseIntfEstNoDftSOfdmKernel<float, __half, float, float, (unsigned int)2, (unsigned int)1, (unsigned char)4, (unsigned char)4>(pusch_noise_intf_est::puschRxNoiseIntfEstDynDescr)"
4729047887,3200,308486,35,1,1,128,1,1,16,0.000,0.000,,,,,NVIDIA A100-SXM4-40GB MIG 4g.20gb (0),1,,13,cupy_copy__complex64_complex64
4729054159,1952,308495,1,1,1,1,1,1,18,0.000,0.000,,,,,NVIDIA A100-SXM4-40GB MIG 4g.20gb (0),1,,13,cupy_copy__float32_float32
4729057007,2016,308501,,,,,,,,,,0.000,1.984,Device,Pageable,NVIDIA A100-SXM4-40GB MIG 4g.20gb (0),1,,7,[CUDA memcpy Device-to-Host]
4729117358,12992,308512,1434,1,1,128,1,1,16,0.000,0.000,,,,,NVIDIA A100-SXM4-40GB MIG 4g.20gb (0),1,,13,cupy_copy__complex64_complex64
4729145646,2848,308519,103,1,1,128,1,1,16,0.000,0.000,,,,,NVIDIA A100-SXM4-40GB MIG 4g.20gb (0),1,,13,cupy_copy__complex64_complex64
4729168750,2528,308526,35,1,1,128,1,1,16,0.000,0.000,,,,,NVIDIA A100-SXM4-40GB MIG 4g.20gb (0),1,,13,cupy_copy__complex64_complex64
4729187757,1792,308533,1,1,1,1,1,1,18,0.000,0.000,,,,,NVIDIA A100-SXM4-40GB MIG 4g.20gb (0),1,,13,cupy_copy__float32_float32
4729318924,82335,308544,1,1,1,32,32,1,30,0.000,0.000,,,,,NVIDIA A100-SXM4-40GB MIG 4g.20gb (0),1,,13,"void convert_kernel<__half2, float2>(tensor_layout_any, T1 *, tensor_layout_any, const T2 *)"
4729428427,5471,308547,,,,,,,,,,0.094,17125.849,Pinned,Device,NVIDIA A100-SXM4-40GB MIG 4g.20gb (0),1,,13,[CUDA memcpy Host-to-Device]
4729442442,3296,308548,,,,,,,,,,1.547,469242.628,Device,,NVIDIA A100-SXM4-40GB MIG 4g.20gb (0),1,,13,[CUDA memset]
4729449546,3232,308553,,,,,,,,,,0.031,9683.139,Pinned,Device,NVIDIA A100-SXM4-40GB MIG 4g.20gb (0),1,,13,[CUDA memcpy Host-to-Device]
4729455242,9696,308554,,,,,,,,,,0.197,20277.166,Pinned,Device,NVIDIA A100-SXM4-40GB MIG 4g.20gb (0),1,,13,[CUDA memcpy Host-to-Device]
4729469290,6464,308555,273,1,1,8,4,1,39,0.002,0.000,,,,,NVIDIA A100-SXM4-40GB MIG 4g.20gb (0),1,,13,"void channel_eq::eqMmseCoefCompLowMimoKernel<float, float, float, (unsigned int)4, (unsigned int)1, (unsigned int)4>(const channel_eq::_puschRxChEqStatDescr *, channel_eq::_puschRxChEqCoefCompDynDescr)"
4729477898,6016,308556,273,1,1,12,11,1,51,0.002,0.000,,,,,NVIDIA A100-SXM4-40GB MIG 4g.20gb (0),1,,13,"void channel_eq::eqMmseSoftDemapKernel<float, __half, __half, float, (unsigned int)4, (unsigned short)16383>(channel_eq::_puschRxChEqStatDescr *, channel_eq::_puschRxChEqSoftDemapDynDescr)"
4729485322,289756,308557,1,1,1,32,32,1,30,0.000,0.000,,,,,NVIDIA A100-SXM4-40GB MIG 4g.20gb (0),1,,13,"void convert_kernel<float2, __half2>(tensor_layout_any, T1 *, tensor_layout_any, const T2 *)"
4729777606,10944,308569,2253,1,1,128,1,1,16,0.000,0.000,,,,,NVIDIA A100-SXM4-40GB MIG 4g.20gb (0),1,,13,cupy_copy__float16_float16
4729789734,2944,308578,282,1,1,128,1,1,16,0.000,0.000,,,,,NVIDIA A100-SXM4-40GB MIG 4g.20gb (0),1,,13,cupy_copy__complex64_complex64
4729794694,2144,308587,26,1,1,128,1,1,16,0.000,0.000,,,,,NVIDIA A100-SXM4-40GB MIG 4g.20gb (0),1,,13,cupy_copy__float32_float32
4729799302,2944,308596,103,1,1,128,1,1,16,0.000,0.000,,,,,NVIDIA A100-SXM4-40GB MIG 4g.20gb (0),1,,13,cupy_copy__complex64_complex64
4729805094,12032,308606,1434,1,1,128,1,1,16,0.000,0.000,,,,,NVIDIA A100-SXM4-40GB MIG 4g.20gb (0),1,,13,cupy_copy__complex64_complex64
4729820070,87135,308611,1,1,1,32,32,1,30,0.000,0.000,,,,,NVIDIA A100-SXM4-40GB MIG 4g.20gb (0),1,,13,"void convert_kernel<__half2, float2>(tensor_layout_any, T1 *, tensor_layout_any, const T2 *)"
4729934436,5952,308614,,,,,,,,,,0.094,15741.865,Pinned,Device,NVIDIA A100-SXM4-40GB MIG 4g.20gb (0),1,,13,[CUDA memcpy Host-to-Device]
4729945380,596217,308615,,,,,,,,,,456.561,765653.535,Device,,NVIDIA A100-SXM4-40GB MIG 4g.20gb (0),1,,13,[CUDA memset]
4730548093,155294,308620,,,,,,,,,,1.235,7951.804,Pinned,Device,NVIDIA A100-SXM4-40GB MIG 4g.20gb (0),1,,13,[CUDA memcpy Host-to-Device]
4730718523,40831,308621,,,,,,,,,,0.197,4815.127,Pinned,Device,NVIDIA A100-SXM4-40GB MIG 4g.20gb (0),1,,13,[CUDA memcpy Host-to-Device]
4730776698,8256,308622,69,4,1,48,1,1,76,0.002,0.000,,,,,NVIDIA A100-SXM4-40GB MIG 4g.20gb (0),1,,13,"void ch_est::windowedChEstPreNoDftSOfdmKernel<float, __half, float, (unsigned int)2, (unsigned int)1, (unsigned short)4>(ch_est::puschRxChEstStatDescr_t *, ch_est::puschRxChEstDynDescr_t *)"
4730794458,6624,308623,137,2,1,24,2,1,44,0.001,0.001,,,,,NVIDIA A100-SXM4-40GB MIG 4g.20gb (0),1,,13,"void ch_est::chEstFilterNoDftSOfdmDispatchKernel<float, __half, float, (unsigned int)2>(ch_est::puschRxChEstStatDescr_t *, ch_est::puschRxChEstDynDescr_t *)"
4730811545,4736,308624,137,2,1,24,2,1,44,0.001,0.001,,,,,NVIDIA A100-SXM4-40GB MIG 4g.20gb (0),1,,13,"void ch_est::chEstFilterNoDftSOfdmDispatchKernel<float, __half, float, (unsigned int)2>(ch_est::puschRxChEstStatDescr_t *, ch_est::puschRxChEstDynDescr_t *)"
4730825945,2592,308635,103,1,1,128,1,1,16,0.000,0.000,,,,,NVIDIA A100-SXM4-40GB MIG 4g.20gb (0),1,,13,cupy_copy__complex64_complex64
4730842713,12384,308645,1434,1,1,128,1,1,16,0.000,0.000,,,,,NVIDIA A100-SXM4-40GB MIG 4g.20gb (0),1,,13,cupy_copy__complex64_complex64
4730866425,2528,308652,103,1,1,128,1,1,16,0.000,0.000,,,,,NVIDIA A100-SXM4-40GB MIG 4g.20gb (0),1,,13,cupy_copy__complex64_complex64
4730888889,92446,308659,1,1,1,32,32,1,30,0.000,0.000,,,,,NVIDIA A100-SXM4-40GB MIG 4g.20gb (0),1,,13,"void convert_kernel<__half2, float2>(tensor_layout_any, T1 *, tensor_layout_any, const T2 *)"
4731013783,26240,308662,,,,,,,,,,0.094,3570.661,Pinned,Device,NVIDIA A100-SXM4-40GB MIG 4g.20gb (0),1,,13,[CUDA memcpy Host-to-Device]
4731061014,46688,308663,,,,,,,,,,35.810,766976.867,Device,,NVIDIA A100-SXM4-40GB MIG 4g.20gb (0),1,,13,[CUDA memset]
4731119894,10592,308665,,,,,,,,,,0.000,7.553,Pinned,Device,NVIDIA A100-SXM4-40GB MIG 4g.20gb (0),1,,13,[CUDA memcpy Host-to-Device]
4731145013,28064,308666,,,,,,,,,,0.197,7005.536,Pinned,Device,NVIDIA A100-SXM4-40GB MIG 4g.20gb (0),1,,13,[CUDA memcpy Host-to-Device]
4731202933,9856,308667,273,1,1,48,1,1,40,0.000,0.001,,,,,NVIDIA A100-SXM4-40GB MIG 4g.20gb (0),1,,13,"void pusch_noise_intf_est::noiseIntfEstNoDftSOfdmKernel<float, __half, float, float, (unsigned int)2, (unsigned int)1, (unsigned char)4, (unsigned char)4>(pusch_noise_intf_est::puschRxNoiseIntfEstDynDescr)"
4731221620,2624,308678,35,1,1,128,1,1,16,0.000,0.000,,,,,NVIDIA A100-SXM4-40GB MIG 4g.20gb (0),1,,13,cupy_copy__complex64_complex64
4731235572,1728,308687,1,1,1,1,1,1,18,0.000,0.000,,,,,NVIDIA A100-SXM4-40GB MIG 4g.20gb (0),1,,13,cupy_copy__float32_float32
4731238964,7072,308693,,,,,,,,,,0.000,0.566,Device,Pageable,NVIDIA A100-SXM4-40GB MIG 4g.20gb (0),1,,7,[CUDA memcpy Device-to-Host]
4731330323,12672,308704,1434,1,1,128,1,1,16,0.000,0.000,,,,,NVIDIA A100-SXM4-40GB MIG 4g.20gb (0),1,,13,cupy_copy__complex64_complex64
4731350963,3040,308711,103,1,1,128,1,1,16,0.000,0.000,,,,,NVIDIA A100-SXM4-40GB MIG 4g.20gb (0),1,,13,cupy_copy__complex64_complex64
4731374099,2656,308718,35,1,1,128,1,1,16,0.000,0.000,,,,,NVIDIA A100-SXM4-40GB MIG 4g.20gb (0),1,,13,cupy_copy__complex64_complex64
4731388466,1888,308725,1,1,1,1,1,1,18,0.000,0.000,,,,,NVIDIA A100-SXM4-40GB MIG 4g.20gb (0),1,,13,cupy_copy__float32_float32
4731520273,82303,308736,1,1,1,32,32,1,30,0.000,0.000,,,,,NVIDIA A100-SXM4-40GB MIG 4g.20gb (0),1,,13,"void convert_kernel<__half2, float2>(tensor_layout_any, T1 *, tensor_layout_any, const T2 *)"
4731629903,5760,308739,,,,,,,,,,0.094,16266.656,Pinned,Device,NVIDIA A100-SXM4-40GB MIG 4g.20gb (0),1,,13,[CUDA memcpy Host-to-Device]
4731644047,3488,308740,,,,,,,,,,1.547,443412.461,Device,,NVIDIA A100-SXM4-40GB MIG 4g.20gb (0),1,,13,[CUDA memset]
4731651311,3456,308745,,,,,,,,,,0.031,9055.529,Pinned,Device,NVIDIA A100-SXM4-40GB MIG 4g.20gb (0),1,,13,[CUDA memcpy Host-to-Device]
4731657295,9856,308746,,,,,,,,,,0.197,19948.044,Pinned,Device,NVIDIA A100-SXM4-40GB MIG 4g.20gb (0),1,,13,[CUDA memcpy Host-to-Device]
4731674511,8128,308747,273,1,1,8,4,1,39,0.002,0.000,,,,,NVIDIA A100-SXM4-40GB MIG 4g.20gb (0),1,,13,"void channel_eq::eqMmseCoefCompLowMimoKernel<float, float, float, (unsigned int)4, (unsigned int)1, (unsigned int)4>(const channel_eq::_puschRxChEqStatDescr *, channel_eq::_puschRxChEqCoefCompDynDescr)"
4731683695,5824,308748,273,1,1,12,11,1,51,0.002,0.000,,,,,NVIDIA A100-SXM4-40GB MIG 4g.20gb (0),1,,13,"void channel_eq::eqMmseSoftDemapKernel<float, __half, __half, float, (unsigned int)4, (unsigned short)16383>(channel_eq::_puschRxChEqStatDescr *, channel_eq::_puschRxChEqSoftDemapDynDescr)"
4731691119,294588,308749,1,1,1,32,32,1,30,0.000,0.000,,,,,NVIDIA A100-SXM4-40GB MIG 4g.20gb (0),1,,13,"void convert_kernel<float2, __half2>(tensor_layout_any, T1 *, tensor_layout_any, const T2 *)"
4731986635,11136,308761,2253,1,1,128,1,1,16,0.000,0.000,,,,,NVIDIA A100-SXM4-40GB MIG 4g.20gb (0),1,,13,cupy_copy__float16_float16
4732001163,3712,308770,282,1,1,128,1,1,16,0.000,0.000,,,,,NVIDIA A100-SXM4-40GB MIG 4g.20gb (0),1,,13,cupy_copy__complex64_complex64
4732006635,2272,308779,26,1,1,128,1,1,16,0.000,0.000,,,,,NVIDIA A100-SXM4-40GB MIG 4g.20gb (0),1,,13,cupy_copy__float32_float32
4732011339,4032,308788,103,1,1,128,1,1,16,0.000,0.000,,,,,NVIDIA A100-SXM4-40GB MIG 4g.20gb (0),1,,13,cupy_copy__complex64_complex64
4732019019,11839,308798,1434,1,1,128,1,1,16,0.000,0.000,,,,,NVIDIA A100-SXM4-40GB MIG 4g.20gb (0),1,,13,cupy_copy__complex64_complex64
4732033354,82463,308803,1,1,1,32,32,1,30,0.000,0.000,,,,,NVIDIA A100-SXM4-40GB MIG 4g.20gb (0),1,,13,"void convert_kernel<__half2, float2>(tensor_layout_any, T1 *, tensor_layout_any, const T2 *)"
4732145897,5888,308806,,,,,,,,,,0.094,15912.954,Pinned,Device,NVIDIA A100-SXM4-40GB MIG 4g.20gb (0),1,,13,[CUDA memcpy Host-to-Device]
4732156425,600025,308807,,,,,,,,,,456.561,760631.359,Device,,NVIDIA A100-SXM4-40GB MIG 4g.20gb (0),1,,13,[CUDA memset]
4732762977,100511,308812,,,,,,,,,,1.235,12286.458,Pinned,Device,NVIDIA A100-SXM4-40GB MIG 4g.20gb (0),1,,13,[CUDA memcpy Host-to-Device]
4732873344,18560,308813,,,,,,,,,,0.197,10593.042,Pinned,Device,NVIDIA A100-SXM4-40GB MIG 4g.20gb (0),1,,13,[CUDA memcpy Host-to-Device]
4732914208,8223,308814,69,4,1,48,1,1,76,0.002,0.000,,,,,NVIDIA A100-SXM4-40GB MIG 4g.20gb (0),1,,13,"void ch_est::windowedChEstPreNoDftSOfdmKernel<float, __half, float, (unsigned int)2, (unsigned int)1, (unsigned short)4>(ch_est::puschRxChEstStatDescr_t *, ch_est::puschRxChEstDynDescr_t *)"
4732924927,6592,308815,137,2,1,24,2,1,44,0.001,0.001,,,,,NVIDIA A100-SXM4-40GB MIG 4g.20gb (0),1,,13,"void ch_est::chEstFilterNoDftSOfdmDispatchKernel<float, __half, float, (unsigned int)2>(ch_est::puschRxChEstStatDescr_t *, ch_est::puschRxChEstDynDescr_t *)"
4732937439,5728,308816,137,2,1,24,2,1,44,0.001,0.001,,,,,NVIDIA A100-SXM4-40GB MIG 4g.20gb (0),1,,13,"void ch_est::chEstFilterNoDftSOfdmDispatchKernel<float, __half, float, (unsigned int)2>(ch_est::puschRxChEstStatDescr_t *, ch_est::puschRxChEstDynDescr_t *)"
4732955039,2816,308827,103,1,1,128,1,1,16,0.000,0.000,,,,,NVIDIA A100-SXM4-40GB MIG 4g.20gb (0),1,,13,cupy_copy__complex64_complex64
4732967167,12480,308837,1434,1,1,128,1,1,16,0.000,0.000,,,,,NVIDIA A100-SXM4-40GB MIG 4g.20gb (0),1,,13,cupy_copy__complex64_complex64
4732987583,2528,308844,103,1,1,128,1,1,16,0.000,0.000,,,,,NVIDIA A100-SXM4-40GB MIG 4g.20gb (0),1,,13,cupy_copy__complex64_complex64
4732996319,90750,308851,1,1,1,32,32,1,30,0.000,0.000,,,,,NVIDIA A100-SXM4-40GB MIG 4g.20gb (0),1,,13,"void convert_kernel<__half2, float2>(tensor_layout_any, T1 *, tensor_layout_any, const T2 *)"
4733116413,10400,308854,,,,,,,,,,0.094,9009.151,Pinned,Device,NVIDIA A100-SXM4-40GB MIG 4g.20gb (0),1,,13,[CUDA memcpy Host-to-Device]
4733136221,47455,308855,,,,,,,,,,35.810,754586.634,Device,,NVIDIA A100-SXM4-40GB MIG 4g.20gb (0),1,,13,[CUDA memset]
4733188188,9088,308857,,,,,,,,,,0.000,8.803,Pinned,Device,NVIDIA A100-SXM4-40GB MIG 4g.20gb (0),1,,13,[CUDA memcpy Host-to-Device]
4733204220,26816,308858,,,,,,,,,,0.197,7331.709,Pinned,Device,NVIDIA A100-SXM4-40GB MIG 4g.20gb (0),1,,13,[CUDA memcpy Host-to-Device]
4733247835,9728,308859,273,1,1,48,1,1,40,0.000,0.001,,,,,NVIDIA A100-SXM4-40GB MIG 4g.20gb (0),1,,13,"void pusch_noise_intf_est::noiseIntfEstNoDftSOfdmKernel<float, __half, float, float, (unsigned int)2, (unsigned int)1, (unsigned char)4, (unsigned char)4>(pusch_noise_intf_est::puschRxNoiseIntfEstDynDescr)"
4733261307,2560,308870,35,1,1,128,1,1,16,0.000,0.000,,,,,NVIDIA A100-SXM4-40GB MIG 4g.20gb (0),1,,13,cupy_copy__complex64_complex64
4733276603,1696,308879,1,1,1,1,1,1,18,0.000,0.000,,,,,NVIDIA A100-SXM4-40GB MIG 4g.20gb (0),1,,13,cupy_copy__float32_float32
4733283867,5216,308885,,,,,,,,,,0.000,0.767,Device,Pageable,NVIDIA A100-SXM4-40GB MIG 4g.20gb (0),1,,7,[CUDA memcpy Device-to-Host]
4733368538,12928,308896,1434,1,1,128,1,1,16,0.000,0.000,,,,,NVIDIA A100-SXM4-40GB MIG 4g.20gb (0),1,,13,cupy_copy__complex64_complex64
4733404026,3488,308903,103,1,1,128,1,1,16,0.000,0.000,,,,,NVIDIA A100-SXM4-40GB MIG 4g.20gb (0),1,,13,cupy_copy__complex64_complex64
4733425337,2528,308910,35,1,1,128,1,1,16,0.000,0.000,,,,,NVIDIA A100-SXM4-40GB MIG 4g.20gb (0),1,,13,cupy_copy__complex64_complex64
4733444377,1664,308917,1,1,1,1,1,1,18,0.000,0.000,,,,,NVIDIA A100-SXM4-40GB MIG 4g.20gb (0),1,,13,cupy_copy__float32_float32
4733567096,86654,308928,1,1,1,32,32,1,30,0.000,0.000,,,,,NVIDIA A100-SXM4-40GB MIG 4g.20gb (0),1,,13,"void convert_kernel<__half2, float2>(tensor_layout_any, T1 *, tensor_layout_any, const T2 *)"
4733684150,14400,308931,,,,,,,,,,0.094,6506.625,Pinned,Device,NVIDIA A100-SXM4-40GB MIG 4g.20gb (0),1,,13,[CUDA memcpy Host-to-Device]
4733705366,3392,308932,,,,,,,,,,1.547,455961.768,Device,,NVIDIA A100-SXM4-40GB MIG 4g.20gb (0),1,,13,[CUDA memset]
4733711894,5312,308937,,,,,,,,,,0.031,5891.566,Pinned,Device,NVIDIA A100-SXM4-40GB MIG 4g.20gb (0),1,,13,[CUDA memcpy Host-to-Device]
4733724406,19327,308938,,,,,,,,,,0.197,10172.695,Pinned,Device,NVIDIA A100-SXM4-40GB MIG 4g.20gb (0),1,,13,[CUDA memcpy Host-to-Device]
4733753941,8256,308939,273,1,1,8,4,1,39,0.002,0.000,,,,,NVIDIA A100-SXM4-40GB MIG 4g.20gb (0),1,,13,"void channel_eq::eqMmseCoefCompLowMimoKernel<float, float, float, (unsigned int)4, (unsigned int)1, (unsigned int)4>(const channel_eq::_puschRxChEqStatDescr *, channel_eq::_puschRxChEqCoefCompDynDescr)"
4733769269,5600,308940,273,1,1,12,11,1,51,0.002,0.000,,,,,NVIDIA A100-SXM4-40GB MIG 4g.20gb (0),1,,13,"void channel_eq::eqMmseSoftDemapKernel<float, __half, __half, float, (unsigned int)4, (unsigned short)16383>(channel_eq::_puschRxChEqStatDescr *, channel_eq::_puschRxChEqSoftDemapDynDescr)"
4733777397,282556,308941,1,1,1,32,32,1,30,0.000,0.000,,,,,NVIDIA A100-SXM4-40GB MIG 4g.20gb (0),1,,13,"void convert_kernel<float2, __half2>(tensor_layout_any, T1 *, tensor_layout_any, const T2 *)"
4734060945,10880,308953,2253,1,1,128,1,1,16,0.000,0.000,,,,,NVIDIA A100-SXM4-40GB MIG 4g.20gb (0),1,,13,cupy_copy__float16_float16
4734074449,3744,308962,282,1,1,128,1,1,16,0.000,0.000,,,,,NVIDIA A100-SXM4-40GB MIG 4g.20gb (0),1,,13,cupy_copy__complex64_complex64
4734081553,2048,308971,26,1,1,128,1,1,16,0.000,0.000,,,,,NVIDIA A100-SXM4-40GB MIG 4g.20gb (0),1,,13,cupy_copy__float32_float32
4734086609,3136,308980,103,1,1,128,1,1,16,0.000,0.000,,,,,NVIDIA A100-SXM4-40GB MIG 4g.20gb (0),1,,13,cupy_copy__complex64_complex64
4734090737,12000,308990,1434,1,1,128,1,1,16,0.000,0.000,,,,,NVIDIA A100-SXM4-40GB MIG 4g.20gb (0),1,,13,cupy_copy__complex64_complex64
4734107889,82271,308995,1,1,1,32,32,1,30,0.000,0.000,,,,,NVIDIA A100-SXM4-40GB MIG 4g.20gb (0),1,,13,"void convert_kernel<__half2, float2>(tensor_layout_any, T1 *, tensor_layout_any, const T2 *)"
4734217648,5855,308998,,,,,,,,,,0.094,16002.715,Pinned,Device,NVIDIA A100-SXM4-40GB MIG 4g.20gb (0),1,,13,[CUDA memcpy Host-to-Device]
4734228399,598105,308999,,,,,,,,,,456.561,762914.166,Device,,NVIDIA A100-SXM4-40GB MIG 4g.20gb (0),1,,13,[CUDA memset]
4734829960,159774,309004,,,,,,,,,,1.235,7728.280,Pinned,Device,NVIDIA A100-SXM4-40GB MIG 4g.20gb (0),1,,13,[CUDA memcpy Host-to-Device]
4734999718,30656,309005,,,,,,,,,,0.197,6413.353,Pinned,Device,NVIDIA A100-SXM4-40GB MIG 4g.20gb (0),1,,13,[CUDA memcpy Host-to-Device]
4735045637,8352,309006,69,4,1,48,1,1,76,0.002,0.000,,,,,NVIDIA A100-SXM4-40GB MIG 4g.20gb (0),1,,13,"void ch_est::windowedChEstPreNoDftSOfdmKernel<float, __half, float, (unsigned int)2, (unsigned int)1, (unsigned short)4>(ch_est::puschRxChEstStatDescr_t *, ch_est::puschRxChEstDynDescr_t *)"
4735056485,7392,309007,137,2,1,24,2,1,44,0.001,0.001,,,,,NVIDIA A100-SXM4-40GB MIG 4g.20gb (0),1,,13,"void ch_est::chEstFilterNoDftSOfdmDispatchKernel<float, __half, float, (unsigned int)2>(ch_est::puschRxChEstStatDescr_t *, ch_est::puschRxChEstDynDescr_t *)"
4735071301,5184,309008,137,2,1,24,2,1,44,0.001,0.001,,,,,NVIDIA A100-SXM4-40GB MIG 4g.20gb (0),1,,13,"void ch_est::chEstFilterNoDftSOfdmDispatchKernel<float, __half, float, (unsigned int)2>(ch_est::puschRxChEstStatDescr_t *, ch_est::puschRxChEstDynDescr_t *)"
4735082309,2592,309019,103,1,1,128,1,1,16,0.000,0.000,,,,,NVIDIA A100-SXM4-40GB MIG 4g.20gb (0),1,,13,cupy_copy__complex64_complex64
4735090309,13088,309029,1434,1,1,128,1,1,16,0.000,0.000,,,,,NVIDIA A100-SXM4-40GB MIG 4g.20gb (0),1,,13,cupy_copy__complex64_complex64
4735110501,2687,309036,103,1,1,128,1,1,16,0.000,0.000,,,,,NVIDIA A100-SXM4-40GB MIG 4g.20gb (0),1,,13,cupy_copy__complex64_complex64
4735120068,87455,309043,1,1,1,32,32,1,30,0.000,0.000,,,,,NVIDIA A100-SXM4-40GB MIG 4g.20gb (0),1,,13,"void convert_kernel<__half2, float2>(tensor_layout_any, T1 *, tensor_layout_any, const T2 *)"
4735239747,10272,309046,,,,,,,,,,0.094,9121.493,Pinned,Device,NVIDIA A100-SXM4-40GB MIG 4g.20gb (0),1,,13,[CUDA memcpy Host-to-Device]
4735258371,47199,309047,,,,,,,,,,35.810,758668.965,Device,,NVIDIA A100-SXM4-40GB MIG 4g.20gb (0),1,,13,[CUDA memset]
4735306530,10112,309049,,,,,,,,,,0.000,7.911,Pinned,Device,NVIDIA A100-SXM4-40GB MIG 4g.20gb (0),1,,13,[CUDA memcpy Host-to-Device]
4735324834,16224,309050,,,,,,,,,,0.197,12118.327,Pinned,Device,NVIDIA A100-SXM4-40GB MIG 4g.20gb (0),1,,13,[CUDA memcpy Host-to-Device]
4735350658,10015,309051,273,1,1,48,1,1,40,0.000,0.001,,,,,NVIDIA A100-SXM4-40GB MIG 4g.20gb (0),1,,13,"void pusch_noise_intf_est::noiseIntfEstNoDftSOfdmKernel<float, __half, float, float, (unsigned int)2, (unsigned int)1, (unsigned char)4, (unsigned char)4>(pusch_noise_intf_est::puschRxNoiseIntfEstDynDescr)"
4735370913,2784,309062,35,1,1,128,1,1,16,0.000,0.000,,,,,NVIDIA A100-SXM4-40GB MIG 4g.20gb (0),1,,13,cupy_copy__complex64_complex64
4735380929,1696,309071,1,1,1,1,1,1,18,0.000,0.000,,,,,NVIDIA A100-SXM4-40GB MIG 4g.20gb (0),1,,13,cupy_copy__float32_float32
4735395297,6656,309077,,,,,,,,,,0.000,0.601,Device,Pageable,NVIDIA A100-SXM4-40GB MIG 4g.20gb (0),1,,7,[CUDA memcpy Device-to-Host]
4735471744,12928,309088,1434,1,1,128,1,1,16,0.000,0.000,,,,,NVIDIA A100-SXM4-40GB MIG 4g.20gb (0),1,,13,cupy_copy__complex64_complex64
4735493888,3104,309095,103,1,1,128,1,1,16,0.000,0.000,,,,,NVIDIA A100-SXM4-40GB MIG 4g.20gb (0),1,,13,cupy_copy__complex64_complex64
4735516640,2335,309102,35,1,1,128,1,1,16,0.000,0.000,,,,,NVIDIA A100-SXM4-40GB MIG 4g.20gb (0),1,,13,cupy_copy__complex64_complex64
4735532351,2048,309109,1,1,1,1,1,1,18,0.000,0.000,,,,,NVIDIA A100-SXM4-40GB MIG 4g.20gb (0),1,,13,cupy_copy__float32_float32
4735663454,81535,309120,1,1,1,32,32,1,30,0.000,0.000,,,,,NVIDIA A100-SXM4-40GB MIG 4g.20gb (0),1,,13,"void convert_kernel<__half2, float2>(tensor_layout_any, T1 *, tensor_layout_any, const T2 *)"
4735773052,5728,309123,,,,,,,,,,0.094,16357.541,Pinned,Device,NVIDIA A100-SXM4-40GB MIG 4g.20gb (0),1,,13,[CUDA memcpy Host-to-Device]
4735787580,3424,309124,,,,,,,,,,1.547,451700.819,Device,,NVIDIA A100-SXM4-40GB MIG 4g.20gb (0),1,,13,[CUDA memset]
4735794492,3200,309129,,,,,,,,,,0.031,9780.000,Pinned,Device,NVIDIA A100-SXM4-40GB MIG 4g.20gb (0),1,,13,[CUDA memcpy Host-to-Device]
4735800380,9696,309130,,,,,,,,,,0.197,20277.166,Pinned,Device,NVIDIA A100-SXM4-40GB MIG 4g.20gb (0),1,,13,[CUDA memcpy Host-to-Device]
4735814268,6208,309131,273,1,1,8,4,1,39,0.002,0.000,,,,,NVIDIA A100-SXM4-40GB MIG 4g.20gb (0),1,,13,"void channel_eq::eqMmseCoefCompLowMimoKernel<float, float, float, (unsigned int)4, (unsigned int)1, (unsigned int)4>(const channel_eq::_puschRxChEqStatDescr *, channel_eq::_puschRxChEqCoefCompDynDescr)"
4735821500,6208,309132,273,1,1,12,11,1,51,0.002,0.000,,,,,NVIDIA A100-SXM4-40GB MIG 4g.20gb (0),1,,13,"void channel_eq::eqMmseSoftDemapKernel<float, __half, __half, float, (unsigned int)4, (unsigned short)16383>(channel_eq::_puschRxChEqStatDescr *, channel_eq::_puschRxChEqSoftDemapDynDescr)"
4735828668,282940,309133,1,1,1,32,32,1,30,0.000,0.000,,,,,NVIDIA A100-SXM4-40GB MIG 4g.20gb (0),1,,13,"void convert_kernel<float2, __half2>(tensor_layout_any, T1 *, tensor_layout_any, const T2 *)"
4736114424,10880,309145,2253,1,1,128,1,1,16,0.000,0.000,,,,,NVIDIA A100-SXM4-40GB MIG 4g.20gb (0),1,,13,cupy_copy__float16_float16
4736129272,3648,309154,282,1,1,128,1,1,16,0.000,0.000,,,,,NVIDIA A100-SXM4-40GB MIG 4g.20gb (0),1,,13,cupy_copy__complex64_complex64
4736135384,2304,309163,26,1,1,128,1,1,16,0.000,0.000,,,,,NVIDIA A100-SXM4-40GB MIG 4g.20gb (0),1,,13,cupy_copy__float32_float32
4736139352,2976,309172,103,1,1,128,1,1,16,0.000,0.000,,,,,NVIDIA A100-SXM4-40GB MIG 4g.20gb (0),1,,13,cupy_copy__complex64_complex64
4736143832,12544,309182,1434,1,1,128,1,1,16,0.000,0.000,,,,,NVIDIA A100-SXM4-40GB MIG 4g.20gb (0),1,,13,cupy_copy__complex64_complex64
4736161496,82623,309187,1,1,1,32,32,1,30,0.000,0.000,,,,,NVIDIA A100-SXM4-40GB MIG 4g.20gb (0),1,,13,"void convert_kernel<__half2, float2>(tensor_layout_any, T1 *, tensor_layout_any, const T2 *)"
4736271734,5696,309190,,,,,,,,,,0.094,16449.363,Pinned,Device,NVIDIA A100-SXM4-40GB MIG 4g.20gb (0),1,,13,[CUDA memcpy Host-to-Device]
4736281334,598329,309191,,,,,,,,,,456.561,762914.166,Device,,NVIDIA A100-SXM4-40GB MIG 4g.20gb (0),1,,13,[CUDA memset]
4736885071,147678,309196,,,,,,,,,,1.235,8361.806,Pinned,Device,NVIDIA A100-SXM4-40GB MIG 4g.20gb (0),1,,13,[CUDA memcpy Host-to-Device]
4737046413,41087,309197,,,,,,,,,,0.197,4785.046,Pinned,Device,NVIDIA A100-SXM4-40GB MIG 4g.20gb (0),1,,13,[CUDA memcpy Host-to-Device]
4737105164,8224,309198,69,4,1,48,1,1,76,0.002,0.000,,,,,NVIDIA A100-SXM4-40GB MIG 4g.20gb (0),1,,13,"void ch_est::windowedChEstPreNoDftSOfdmKernel<float, __half, float, (unsigned int)2, (unsigned int)1, (unsigned short)4>(ch_est::puschRxChEstStatDescr_t *, ch_est::puschRxChEstDynDescr_t *)"
4737124748,6720,309199,137,2,1,24,2,1,44,0.001,0.001,,,,,NVIDIA A100-SXM4-40GB MIG 4g.20gb (0),1,,13,"void ch_est::chEstFilterNoDftSOfdmDispatchKernel<float, __half, float, (unsigned int)2>(ch_est::puschRxChEstStatDescr_t *, ch_est::puschRxChEstDynDescr_t *)"
4737141899,4736,309200,137,2,1,24,2,1,44,0.001,0.001,,,,,NVIDIA A100-SXM4-40GB MIG 4g.20gb (0),1,,13,"void ch_est::chEstFilterNoDftSOfdmDispatchKernel<float, __half, float, (unsigned int)2>(ch_est::puschRxChEstStatDescr_t *, ch_est::puschRxChEstDynDescr_t *)"
4737158923,2528,309211,103,1,1,128,1,1,16,0.000,0.000,,,,,NVIDIA A100-SXM4-40GB MIG 4g.20gb (0),1,,13,cupy_copy__complex64_complex64
4737176459,12608,309221,1434,1,1,128,1,1,16,0.000,0.000,,,,,NVIDIA A100-SXM4-40GB MIG 4g.20gb (0),1,,13,cupy_copy__complex64_complex64
4737198027,2592,309228,103,1,1,128,1,1,16,0.000,0.000,,,,,NVIDIA A100-SXM4-40GB MIG 4g.20gb (0),1,,13,cupy_copy__complex64_complex64
4737218123,89502,309235,1,1,1,32,32,1,30,0.000,0.000,,,,,NVIDIA A100-SXM4-40GB MIG 4g.20gb (0),1,,13,"void convert_kernel<__half2, float2>(tensor_layout_any, T1 *, tensor_layout_any, const T2 *)"
4737335529,16064,309238,,,,,,,,,,0.094,5832.576,Pinned,Device,NVIDIA A100-SXM4-40GB MIG 4g.20gb (0),1,,13,[CUDA memcpy Host-to-Device]
4737365865,47743,309239,,,,,,,,,,35.810,750038.774,Device,,NVIDIA A100-SXM4-40GB MIG 4g.20gb (0),1,,13,[CUDA memset]
4737416264,9216,309241,,,,,,,,,,0.000,8.680,Pinned,Device,NVIDIA A100-SXM4-40GB MIG 4g.20gb (0),1,,13,[CUDA memcpy Host-to-Device]
4737429576,19200,309242,,,,,,,,,,0.197,10239.934,Pinned,Device,NVIDIA A100-SXM4-40GB MIG 4g.20gb (0),1,,13,[CUDA memcpy Host-to-Device]
4737464520,9695,309243,273,1,1,48,1,1,40,0.000,0.001,,,,,NVIDIA A100-SXM4-40GB MIG 4g.20gb (0),1,,13,"void pusch_noise_intf_est::noiseIntfEstNoDftSOfdmKernel<float, __half, float, float, (unsigned int)2, (unsigned int)1, (unsigned char)4, (unsigned char)4>(pusch_noise_intf_est::puschRxNoiseIntfEstDynDescr)"
4737483239,2976,309254,35,1,1,128,1,1,16,0.000,0.000,,,,,NVIDIA A100-SXM4-40GB MIG 4g.20gb (0),1,,13,cupy_copy__complex64_complex64
4737493799,1824,309263,1,1,1,1,1,1,18,0.000,0.000,,,,,NVIDIA A100-SXM4-40GB MIG 4g.20gb (0),1,,13,cupy_copy__float32_float32
4737499623,5600,309269,,,,,,,,,,0.000,0.714,Device,Pageable,NVIDIA A100-SXM4-40GB MIG 4g.20gb (0),1,,7,[CUDA memcpy Device-to-Host]
4737577094,12736,309280,1434,1,1,128,1,1,16,0.000,0.000,,,,,NVIDIA A100-SXM4-40GB MIG 4g.20gb (0),1,,13,cupy_copy__complex64_complex64
4737603846,3424,309287,103,1,1,128,1,1,16,0.000,0.000,,,,,NVIDIA A100-SXM4-40GB MIG 4g.20gb (0),1,,13,cupy_copy__complex64_complex64
4737623878,2560,309294,35,1,1,128,1,1,16,0.000,0.000,,,,,NVIDIA A100-SXM4-40GB MIG 4g.20gb (0),1,,13,cupy_copy__complex64_complex64
4737642757,2016,309301,1,1,1,1,1,1,18,0.000,0.000,,,,,NVIDIA A100-SXM4-40GB MIG 4g.20gb (0),1,,13,cupy_copy__float32_float32
4737773988,83359,309312,1,1,1,32,32,1,30,0.000,0.000,,,,,NVIDIA A100-SXM4-40GB MIG 4g.20gb (0),1,,13,"void convert_kernel<__half2, float2>(tensor_layout_any, T1 *, tensor_layout_any, const T2 *)"
4737885570,6240,309315,,,,,,,,,,0.094,15015.346,Pinned,Device,NVIDIA A100-SXM4-40GB MIG 4g.20gb (0),1,,13,[CUDA memcpy Host-to-Device]
4737901250,3520,309316,,,,,,,,,,1.547,439380.412,Device,,NVIDIA A100-SXM4-40GB MIG 4g.20gb (0),1,,13,[CUDA memset]
4737906626,3008,309321,,,,,,,,,,0.031,10404.230,Pinned,Device,NVIDIA A100-SXM4-40GB MIG 4g.20gb (0),1,,13,[CUDA memcpy Host-to-Device]
4737913282,9632,309322,,,,,,,,,,0.197,20411.843,Pinned,Device,NVIDIA A100-SXM4-40GB MIG 4g.20gb (0),1,,13,[CUDA memcpy Host-to-Device]
4737926818,5952,309323,273,1,1,8,4,1,39,0.002,0.000,,,,,NVIDIA A100-SXM4-40GB MIG 4g.20gb (0),1,,13,"void channel_eq::eqMmseCoefCompLowMimoKernel<float, float, float, (unsigned int)4, (unsigned int)1, (unsigned int)4>(const channel_eq::_puschRxChEqStatDescr *, channel_eq::_puschRxChEqCoefCompDynDescr)"
4737933954,6144,309324,273,1,1,12,11,1,51,0.002,0.000,,,,,NVIDIA A100-SXM4-40GB MIG 4g.20gb (0),1,,13,"void channel_eq::eqMmseSoftDemapKernel<float, __half, __half, float, (unsigned int)4, (unsigned short)16383>(channel_eq::_puschRxChEqStatDescr *, channel_eq::_puschRxChEqSoftDemapDynDescr)"
4737941506,294940,309325,1,1,1,32,32,1,30,0.000,0.000,,,,,NVIDIA A100-SXM4-40GB MIG 4g.20gb (0),1,,13,"void convert_kernel<float2, __half2>(tensor_layout_any, T1 *, tensor_layout_any, const T2 *)"
4738237406,10976,309337,2253,1,1,128,1,1,16,0.000,0.000,,,,,NVIDIA A100-SXM4-40GB MIG 4g.20gb (0),1,,13,cupy_copy__float16_float16
4738253278,3648,309346,282,1,1,128,1,1,16,0.000,0.000,,,,,NVIDIA A100-SXM4-40GB MIG 4g.20gb (0),1,,13,cupy_copy__complex64_complex64
4738258558,2848,309355,26,1,1,128,1,1,16,0.000,0.000,,,,,NVIDIA A100-SXM4-40GB MIG 4g.20gb (0),1,,13,cupy_copy__float32_float32
4738262366,2880,309364,103,1,1,128,1,1,16,0.000,0.000,,,,,NVIDIA A100-SXM4-40GB MIG 4g.20gb (0),1,,13,cupy_copy__complex64_complex64
4738267486,11999,309374,1434,1,1,128,1,1,16,0.000,0.000,,,,,NVIDIA A100-SXM4-40GB MIG 4g.20gb (0),1,,13,cupy_copy__complex64_complex64
4738283581,87039,309379,1,1,1,32,32,1,30,0.000,0.000,,,,,NVIDIA A100-SXM4-40GB MIG 4g.20gb (0),1,,13,"void convert_kernel<__half2, float2>(tensor_layout_any, T1 *, tensor_layout_any, const T2 *)"
4738397596,5632,309382,,,,,,,,,,0.094,16636.287,Pinned,Device,NVIDIA A100-SXM4-40GB MIG 4g.20gb (0),1,,13,[CUDA memcpy Host-to-Device]
4738407740,597657,309383,,,,,,,,,,456.561,763827.289,Device,,NVIDIA A100-SXM4-40GB MIG 4g.20gb (0),1,,13,[CUDA memset]
4739006549,187325,309388,,,,,,,,,,1.235,6592.131,Pinned,Device,NVIDIA A100-SXM4-40GB MIG 4g.20gb (0),1,,13,[CUDA memcpy Host-to-Device]
4739205042,44800,309389,,,,,,,,,,0.197,4388.487,Pinned,Device,NVIDIA A100-SXM4-40GB MIG 4g.20gb (0),1,,13,[CUDA memcpy Host-to-Device]
4739271505,8352,309390,69,4,1,48,1,1,76,0.002,0.000,,,,,NVIDIA A100-SXM4-40GB MIG 4g.20gb (0),1,,13,"void ch_est::windowedChEstPreNoDftSOfdmKernel<float, __half, float, (unsigned int)2, (unsigned int)1, (unsigned short)4>(ch_est::puschRxChEstStatDescr_t *, ch_est::puschRxChEstDynDescr_t *)"
4739288625,6848,309391,137,2,1,24,2,1,44,0.001,0.001,,,,,NVIDIA A100-SXM4-40GB MIG 4g.20gb (0),1,,13,"void ch_est::chEstFilterNoDftSOfdmDispatchKernel<float, __half, float, (unsigned int)2>(ch_est::puschRxChEstStatDescr_t *, ch_est::puschRxChEstDynDescr_t *)"
4739306129,4736,309392,137,2,1,24,2,1,44,0.001,0.001,,,,,NVIDIA A100-SXM4-40GB MIG 4g.20gb (0),1,,13,"void ch_est::chEstFilterNoDftSOfdmDispatchKernel<float, __half, float, (unsigned int)2>(ch_est::puschRxChEstStatDescr_t *, ch_est::puschRxChEstDynDescr_t *)"
4739323441,2624,309403,103,1,1,128,1,1,16,0.000,0.000,,,,,NVIDIA A100-SXM4-40GB MIG 4g.20gb (0),1,,13,cupy_copy__complex64_complex64
4739339760,12800,309413,1434,1,1,128,1,1,16,0.000,0.000,,,,,NVIDIA A100-SXM4-40GB MIG 4g.20gb (0),1,,13,cupy_copy__complex64_complex64
4739366544,2592,309420,103,1,1,128,1,1,16,0.000,0.000,,,,,NVIDIA A100-SXM4-40GB MIG 4g.20gb (0),1,,13,cupy_copy__complex64_complex64
4739380656,88383,309427,1,1,1,32,32,1,30,0.000,0.000,,,,,NVIDIA A100-SXM4-40GB MIG 4g.20gb (0),1,,13,"void convert_kernel<__half2, float2>(tensor_layout_any, T1 *, tensor_layout_any, const T2 *)"
4739503566,17856,309430,,,,,,,,,,0.094,5247.257,Pinned,Device,NVIDIA A100-SXM4-40GB MIG 4g.20gb (0),1,,13,[CUDA memcpy Host-to-Device]
4739547662,46239,309431,,,,,,,,,,35.810,774425.330,Device,,NVIDIA A100-SXM4-40GB MIG 4g.20gb (0),1,,13,[CUDA memset]
4739599821,7328,309433,,,,,,,,,,0.000,10.917,Pinned,Device,NVIDIA A100-SXM4-40GB MIG 4g.20gb (0),1,,13,[CUDA memcpy Host-to-Device]
4739616621,25504,309434,,,,,,,,,,0.197,7708.803,Pinned,Device,NVIDIA A100-SXM4-40GB MIG 4g.20gb (0),1,,13,[CUDA memcpy Host-to-Device]
4739656941,9375,309435,273,1,1,48,1,1,40,0.000,0.001,,,,,NVIDIA A100-SXM4-40GB MIG 4g.20gb (0),1,,13,"void pusch_noise_intf_est::noiseIntfEstNoDftSOfdmKernel<float, __half, float, float, (unsigned int)2, (unsigned int)1, (unsigned char)4, (unsigned char)4>(pusch_noise_intf_est::puschRxNoiseIntfEstDynDescr)"
4739674252,2880,309446,35,1,1,128,1,1,16,0.000,0.000,,,,,NVIDIA A100-SXM4-40GB MIG 4g.20gb (0),1,,13,cupy_copy__complex64_complex64
4739685100,2112,309455,1,1,1,1,1,1,18,0.000,0.000,,,,,NVIDIA A100-SXM4-40GB MIG 4g.20gb (0),1,,13,cupy_copy__float32_float32
4739694028,8800,309461,,,,,,,,,,0.000,0.455,Device,Pageable,NVIDIA A100-SXM4-40GB MIG 4g.20gb (0),1,,7,[CUDA memcpy Device-to-Host]
4739779083,12736,309472,1434,1,1,128,1,1,16,0.000,0.000,,,,,NVIDIA A100-SXM4-40GB MIG 4g.20gb (0),1,,13,cupy_copy__complex64_complex64
4739808587,2592,309479,103,1,1,128,1,1,16,0.000,0.000,,,,,NVIDIA A100-SXM4-40GB MIG 4g.20gb (0),1,,13,cupy_copy__complex64_complex64
4739828138,2688,309486,35,1,1,128,1,1,16,0.000,0.000,,,,,NVIDIA A100-SXM4-40GB MIG 4g.20gb (0),1,,13,cupy_copy__complex64_complex64
4739842730,1984,309493,1,1,1,1,1,1,18,0.000,0.000,,,,,NVIDIA A100-SXM4-40GB MIG 4g.20gb (0),1,,13,cupy_copy__float32_float32
4739975497,87774,309504,1,1,1,32,32,1,30,0.000,0.000,,,,,NVIDIA A100-SXM4-40GB MIG 4g.20gb (0),1,,13,"void convert_kernel<__half2, float2>(tensor_layout_any, T1 *, tensor_layout_any, const T2 *)"
4740093959,11840,309507,,,,,,,,,,0.094,7913.470,Pinned,Device,NVIDIA A100-SXM4-40GB MIG 4g.20gb (0),1,,13,[CUDA memcpy Host-to-Device]
4740116999,3392,309508,,,,,,,,,,1.547,455961.768,Device,,NVIDIA A100-SXM4-40GB MIG 4g.20gb (0),1,,13,[CUDA memset]
4740123079,7200,309513,,,,,,,,,,0.031,4346.639,Pinned,Device,NVIDIA A100-SXM4-40GB MIG 4g.20gb (0),1,,13,[CUDA memcpy Host-to-Device]
4740136999,12671,309514,,,,,,,,,,0.197,15516.303,Pinned,Device,NVIDIA A100-SXM4-40GB MIG 4g.20gb (0),1,,13,[CUDA memcpy Host-to-Device]
4740164518,6208,309515,273,1,1,8,4,1,39,0.002,0.000,,,,,NVIDIA A100-SXM4-40GB MIG 4g.20gb (0),1,,13,"void channel_eq::eqMmseCoefCompLowMimoKernel<float, float, float, (unsigned int)4, (unsigned int)1, (unsigned int)4>(const channel_eq::_puschRxChEqStatDescr *, channel_eq::_puschRxChEqCoefCompDynDescr)"
4740171942,7808,309516,273,1,1,12,11,1,51,0.002,0.000,,,,,NVIDIA A100-SXM4-40GB MIG 4g.20gb (0),1,,13,"void channel_eq::eqMmseSoftDemapKernel<float, __half, __half, float, (unsigned int)4, (unsigned short)16383>(channel_eq::_puschRxChEqStatDescr *, channel_eq::_puschRxChEqSoftDemapDynDescr)"
4740186854,283036,309517,1,1,1,32,32,1,30,0.000,0.000,,,,,NVIDIA A100-SXM4-40GB MIG 4g.20gb (0),1,,13,"void convert_kernel<float2, __half2>(tensor_layout_any, T1 *, tensor_layout_any, const T2 *)"
4740471010,10912,309529,2253,1,1,128,1,1,16,0.000,0.000,,,,,NVIDIA A100-SXM4-40GB MIG 4g.20gb (0),1,,13,cupy_copy__float16_float16
4740484162,3072,309538,282,1,1,128,1,1,16,0.000,0.000,,,,,NVIDIA A100-SXM4-40GB MIG 4g.20gb (0),1,,13,cupy_copy__complex64_complex64
4740488834,2016,309547,26,1,1,128,1,1,16,0.000,0.000,,,,,NVIDIA A100-SXM4-40GB MIG 4g.20gb (0),1,,13,cupy_copy__float32_float32
4740494754,2912,309556,103,1,1,128,1,1,16,0.000,0.000,,,,,NVIDIA A100-SXM4-40GB MIG 4g.20gb (0),1,,13,cupy_copy__complex64_complex64
4740500290,12288,309566,1434,1,1,128,1,1,16,0.000,0.000,,,,,NVIDIA A100-SXM4-40GB MIG 4g.20gb (0),1,,13,cupy_copy__complex64_complex64
4740515234,82367,309571,1,1,1,32,32,1,30,0.000,0.000,,,,,NVIDIA A100-SXM4-40GB MIG 4g.20gb (0),1,,13,"void convert_kernel<__half2, float2>(tensor_layout_any, T1 *, tensor_layout_any, const T2 *)"
4740624385,5472,309574,,,,,,,,,,0.094,17122.757,Pinned,Device,NVIDIA A100-SXM4-40GB MIG 4g.20gb (0),1,,13,[CUDA memcpy Host-to-Device]
4740634432,598521,309575,,,,,,,,,,456.561,762457.605,Device,,NVIDIA A100-SXM4-40GB MIG 4g.20gb (0),1,,13,[CUDA memset]
4741243705,90751,309580,,,,,,,,,,1.235,13607.848,Pinned,Device,NVIDIA A100-SXM4-40GB MIG 4g.20gb (0),1,,13,[CUDA memcpy Host-to-Device]
4741344952,25567,309581,,,,,,,,,,0.197,7689.732,Pinned,Device,NVIDIA A100-SXM4-40GB MIG 4g.20gb (0),1,,13,[CUDA memcpy Host-to-Device]
4741398071,8000,309582,69,4,1,48,1,1,76,0.002,0.000,,,,,NVIDIA A100-SXM4-40GB MIG 4g.20gb (0),1,,13,"void ch_est::windowedChEstPreNoDftSOfdmKernel<float, __half, float, (unsigned int)2, (unsigned int)1, (unsigned short)4>(ch_est::puschRxChEstStatDescr_t *, ch_est::puschRxChEstDynDescr_t *)"
4741413399,7104,309583,137,2,1,24,2,1,44,0.001,0.001,,,,,NVIDIA A100-SXM4-40GB MIG 4g.20gb (0),1,,13,"void ch_est::chEstFilterNoDftSOfdmDispatchKernel<float, __half, float, (unsigned int)2>(ch_est::puschRxChEstStatDescr_t *, ch_est::puschRxChEstDynDescr_t *)"
4741428215,4704,309584,137,2,1,24,2,1,44,0.001,0.001,,,,,NVIDIA A100-SXM4-40GB MIG 4g.20gb (0),1,,13,"void ch_est::chEstFilterNoDftSOfdmDispatchKernel<float, __half, float, (unsigned int)2>(ch_est::puschRxChEstStatDescr_t *, ch_est::puschRxChEstDynDescr_t *)"
4741442774,2560,309595,103,1,1,128,1,1,16,0.000,0.000,,,,,NVIDIA A100-SXM4-40GB MIG 4g.20gb (0),1,,13,cupy_copy__complex64_complex64
4741456438,12576,309605,1434,1,1,128,1,1,16,0.000,0.000,,,,,NVIDIA A100-SXM4-40GB MIG 4g.20gb (0),1,,13,cupy_copy__complex64_complex64
4741474486,2912,309612,103,1,1,128,1,1,16,0.000,0.000,,,,,NVIDIA A100-SXM4-40GB MIG 4g.20gb (0),1,,13,cupy_copy__complex64_complex64
4741497014,86687,309619,1,1,1,32,32,1,30,0.000,0.000,,,,,NVIDIA A100-SXM4-40GB MIG 4g.20gb (0),1,,13,"void convert_kernel<__half2, float2>(tensor_layout_any, T1 *, tensor_layout_any, const T2 *)"
4741618708,22816,309622,,,,,,,,,,0.094,4106.508,Pinned,Device,NVIDIA A100-SXM4-40GB MIG 4g.20gb (0),1,,13,[CUDA memcpy Host-to-Device]
4741656692,46239,309623,,,,,,,,,,35.810,774425.330,Device,,NVIDIA A100-SXM4-40GB MIG 4g.20gb (0),1,,13,[CUDA memset]
4741707379,10016,309625,,,,,,,,,,0.000,7.987,Pinned,Device,NVIDIA A100-SXM4-40GB MIG 4g.20gb (0),1,,13,[CUDA memcpy Host-to-Device]
4741724403,34368,309626,,,,,,,,,,0.197,5720.506,Pinned,Device,NVIDIA A100-SXM4-40GB MIG 4g.20gb (0),1,,13,[CUDA memcpy Host-to-Device]
4741781394,9536,309627,273,1,1,48,1,1,40,0.000,0.001,,,,,NVIDIA A100-SXM4-40GB MIG 4g.20gb (0),1,,13,"void pusch_noise_intf_est::noiseIntfEstNoDftSOfdmKernel<float, __half, float, float, (unsigned int)2, (unsigned int)1, (unsigned char)4, (unsigned char)4>(pusch_noise_intf_est::puschRxNoiseIntfEstDynDescr)"
4741799634,2560,309638,35,1,1,128,1,1,16,0.000,0.000,,,,,NVIDIA A100-SXM4-40GB MIG 4g.20gb (0),1,,13,cupy_copy__complex64_complex64
4741816754,1696,309647,1,1,1,1,1,1,18,0.000,0.000,,,,,NVIDIA A100-SXM4-40GB MIG 4g.20gb (0),1,,13,cupy_copy__float32_float32
4741820850,7424,309653,,,,,,,,,,0.000,0.539,Device,Pageable,NVIDIA A100-SXM4-40GB MIG 4g.20gb (0),1,,7,[CUDA memcpy Device-to-Host]
4741915345,12768,309664,1434,1,1,128,1,1,16,0.000,0.000,,,,,NVIDIA A100-SXM4-40GB MIG 4g.20gb (0),1,,13,cupy_copy__complex64_complex64
4741937200,3392,309671,103,1,1,128,1,1,16,0.000,0.000,,,,,NVIDIA A100-SXM4-40GB MIG 4g.20gb (0),1,,13,cupy_copy__complex64_complex64
4741967696,2528,309678,35,1,1,128,1,1,16,0.000,0.000,,,,,NVIDIA A100-SXM4-40GB MIG 4g.20gb (0),1,,13,cupy_copy__complex64_complex64
4741983152,1696,309685,1,1,1,1,1,1,18,0.000,0.000,,,,,NVIDIA A100-SXM4-40GB MIG 4g.20gb (0),1,,13,cupy_copy__float32_float32
4742109838,86559,309696,1,1,1,32,32,1,30,0.000,0.000,,,,,NVIDIA A100-SXM4-40GB MIG 4g.20gb (0),1,,13,"void convert_kernel<__half2, float2>(tensor_layout_any, T1 *, tensor_layout_any, const T2 *)"
4742224525,6336,309699,,,,,,,,,,0.094,14787.852,Pinned,Device,NVIDIA A100-SXM4-40GB MIG 4g.20gb (0),1,,13,[CUDA memcpy Host-to-Device]
4742239085,3360,309700,,,,,,,,,,1.547,460304.688,Device,,NVIDIA A100-SXM4-40GB MIG 4g.20gb (0),1,,13,[CUDA memset]
4742245005,3072,309705,,,,,,,,,,0.031,10187.474,Pinned,Device,NVIDIA A100-SXM4-40GB MIG 4g.20gb (0),1,,13,[CUDA memcpy Host-to-Device]
4742251117,10751,309706,,,,,,,,,,0.197,18287.297,Pinned,Device,NVIDIA A100-SXM4-40GB MIG 4g.20gb (0),1,,13,[CUDA memcpy Host-to-Device]
4742266636,6304,309707,273,1,1,8,4,1,39,0.002,0.000,,,,,NVIDIA A100-SXM4-40GB MIG 4g.20gb (0),1,,13,"void channel_eq::eqMmseCoefCompLowMimoKernel<float, float, float, (unsigned int)4, (unsigned int)1, (unsigned int)4>(const channel_eq::_puschRxChEqStatDescr *, channel_eq::_puschRxChEqCoefCompDynDescr)"
4742274572,6464,309708,273,1,1,12,11,1,51,0.002,0.000,,,,,NVIDIA A100-SXM4-40GB MIG 4g.20gb (0),1,,13,"void channel_eq::eqMmseSoftDemapKernel<float, __half, __half, float, (unsigned int)4, (unsigned short)16383>(channel_eq::_puschRxChEqStatDescr *, channel_eq::_puschRxChEqSoftDemapDynDescr)"
4742282220,281725,309709,1,1,1,32,32,1,30,0.000,0.000,,,,,NVIDIA A100-SXM4-40GB MIG 4g.20gb (0),1,,13,"void convert_kernel<float2, __half2>(tensor_layout_any, T1 *, tensor_layout_any, const T2 *)"
4742565161,10880,309721,2253,1,1,128,1,1,16,0.000,0.000,,,,,NVIDIA A100-SXM4-40GB MIG 4g.20gb (0),1,,13,cupy_copy__float16_float16
4742579464,3232,309730,282,1,1,128,1,1,16,0.000,0.000,,,,,NVIDIA A100-SXM4-40GB MIG 4g.20gb (0),1,,13,cupy_copy__complex64_complex64
4742585160,2240,309739,26,1,1,128,1,1,16,0.000,0.000,,,,,NVIDIA A100-SXM4-40GB MIG 4g.20gb (0),1,,13,cupy_copy__float32_float32
4742589288,3808,309748,103,1,1,128,1,1,16,0.000,0.000,,,,,NVIDIA A100-SXM4-40GB MIG 4g.20gb (0),1,,13,cupy_copy__complex64_complex64
4742647880,12224,309764,1434,1,1,128,1,1,16,0.000,0.000,,,,,NVIDIA A100-SXM4-40GB MIG 4g.20gb (0),1,,13,cupy_copy__complex64_complex64
4742762534,86623,309769,1,1,1,32,32,1,30,0.000,0.000,,,,,NVIDIA A100-SXM4-40GB MIG 4g.20gb (0),1,,13,"void convert_kernel<__half2, float2>(tensor_layout_any, T1 *, tensor_layout_any, const T2 *)"
4742877189,6144,309772,,,,,,,,,,0.094,15249.961,Pinned,Device,NVIDIA A100-SXM4-40GB MIG 4g.20gb (0),1,,13,[CUDA memcpy Host-to-Device]
4742887717,598744,309773,,,,,,,,,,456.561,762457.605,Device,,NVIDIA A100-SXM4-40GB MIG 4g.20gb (0),1,,13,[CUDA memset]
4743490269,121119,309778,,,,,,,,,,1.235,10195.698,Pinned,Device,NVIDIA A100-SXM4-40GB MIG 4g.20gb (0),1,,13,[CUDA memcpy Host-to-Device]
4743621948,24991,309779,,,,,,,,,,0.197,7867.073,Pinned,Device,NVIDIA A100-SXM4-40GB MIG 4g.20gb (0),1,,13,[CUDA memcpy Host-to-Device]
4743664379,8544,309780,69,4,1,48,1,1,76,0.002,0.000,,,,,NVIDIA A100-SXM4-40GB MIG 4g.20gb (0),1,,13,"void ch_est::windowedChEstPreNoDftSOfdmKernel<float, __half, float, (unsigned int)2, (unsigned int)1, (unsigned short)4>(ch_est::puschRxChEstStatDescr_t *, ch_est::puschRxChEstDynDescr_t *)"
4743677051,7168,309781,137,2,1,24,2,1,44,0.001,0.001,,,,,NVIDIA A100-SXM4-40GB MIG 4g.20gb (0),1,,13,"void ch_est::chEstFilterNoDftSOfdmDispatchKernel<float, __half, float, (unsigned int)2>(ch_est::puschRxChEstStatDescr_t *, ch_est::puschRxChEstDynDescr_t *)"
4743692091,5504,309782,137,2,1,24,2,1,44,0.001,0.001,,,,,NVIDIA A100-SXM4-40GB MIG 4g.20gb (0),1,,13,"void ch_est::chEstFilterNoDftSOfdmDispatchKernel<float, __half, float, (unsigned int)2>(ch_est::puschRxChEstStatDescr_t *, ch_est::puschRxChEstDynDescr_t *)"
4743706331,2560,309793,103,1,1,128,1,1,16,0.000,0.000,,,,,NVIDIA A100-SXM4-40GB MIG 4g.20gb (0),1,,13,cupy_copy__complex64_complex64
4743721018,12256,309803,1434,1,1,128,1,1,16,0.000,0.000,,,,,NVIDIA A100-SXM4-40GB MIG 4g.20gb (0),1,,13,cupy_copy__complex64_complex64
4743741562,2976,309810,103,1,1,128,1,1,16,0.000,0.000,,,,,NVIDIA A100-SXM4-40GB MIG 4g.20gb (0),1,,13,cupy_copy__complex64_complex64
4743760122,89919,309817,1,1,1,32,32,1,30,0.000,0.000,,,,,NVIDIA A100-SXM4-40GB MIG 4g.20gb (0),1,,13,"void convert_kernel<__half2, float2>(tensor_layout_any, T1 *, tensor_layout_any, const T2 *)"
4743883288,23328,309820,,,,,,,,,,0.094,4016.373,Pinned,Device,NVIDIA A100-SXM4-40GB MIG 4g.20gb (0),1,,13,[CUDA memcpy Host-to-Device]
4743929624,46783,309821,,,,,,,,,,35.810,765437.040,Device,,NVIDIA A100-SXM4-40GB MIG 4g.20gb (0),1,,13,[CUDA memset]
4743986231,12864,309823,,,,,,,,,,0.000,6.219,Pinned,Device,NVIDIA A100-SXM4-40GB MIG 4g.20gb (0),1,,13,[CUDA memcpy Host-to-Device]
4744010167,28864,309824,,,,,,,,,,0.197,6811.484,Pinned,Device,NVIDIA A100-SXM4-40GB MIG 4g.20gb (0),1,,13,[CUDA memcpy Host-to-Device]
4744058326,9696,309825,273,1,1,48,1,1,40,0.000,0.001,,,,,NVIDIA A100-SXM4-40GB MIG 4g.20gb (0),1,,13,"void pusch_noise_intf_est::noiseIntfEstNoDftSOfdmKernel<float, __half, float, float, (unsigned int)2, (unsigned int)1, (unsigned char)4, (unsigned char)4>(pusch_noise_intf_est::puschRxNoiseIntfEstDynDescr)"
4744074966,2784,309836,35,1,1,128,1,1,16,0.000,0.000,,,,,NVIDIA A100-SXM4-40GB MIG 4g.20gb (0),1,,13,cupy_copy__complex64_complex64
4744091510,1696,309845,1,1,1,1,1,1,18,0.000,0.000,,,,,NVIDIA A100-SXM4-40GB MIG 4g.20gb (0),1,,13,cupy_copy__float32_float32
4744097462,6048,309851,,,,,,,,,,0.000,0.661,Device,Pageable,NVIDIA A100-SXM4-40GB MIG 4g.20gb (0),1,,7,[CUDA memcpy Device-to-Host]
4744199317,12703,309862,1434,1,1,128,1,1,16,0.000,0.000,,,,,NVIDIA A100-SXM4-40GB MIG 4g.20gb (0),1,,13,cupy_copy__complex64_complex64
4744221268,3328,309869,103,1,1,128,1,1,16,0.000,0.000,,,,,NVIDIA A100-SXM4-40GB MIG 4g.20gb (0),1,,13,cupy_copy__complex64_complex64
4744243412,2560,309876,35,1,1,128,1,1,16,0.000,0.000,,,,,NVIDIA A100-SXM4-40GB MIG 4g.20gb (0),1,,13,cupy_copy__complex64_complex64
4744261556,1760,309883,1,1,1,1,1,1,18,0.000,0.000,,,,,NVIDIA A100-SXM4-40GB MIG 4g.20gb (0),1,,13,cupy_copy__float32_float32
4744385714,92543,309894,1,1,1,32,32,1,30,0.000,0.000,,,,,NVIDIA A100-SXM4-40GB MIG 4g.20gb (0),1,,13,"void convert_kernel<__half2, float2>(tensor_layout_any, T1 *, tensor_layout_any, const T2 *)"
4744506609,17664,309897,,,,,,,,,,0.094,5304.318,Pinned,Device,NVIDIA A100-SXM4-40GB MIG 4g.20gb (0),1,,13,[CUDA memcpy Host-to-Device]
4744541584,3232,309898,,,,,,,,,,1.547,478533.199,Device,,NVIDIA A100-SXM4-40GB MIG 4g.20gb (0),1,,13,[CUDA memset]
4744548048,4512,309903,,,,,,,,,,0.031,6936.164,Pinned,Device,NVIDIA A100-SXM4-40GB MIG 4g.20gb (0),1,,13,[CUDA memcpy Host-to-Device]
4744555888,12992,309904,,,,,,,,,,0.197,15132.918,Pinned,Device,NVIDIA A100-SXM4-40GB MIG 4g.20gb (0),1,,13,[CUDA memcpy Host-to-Device]
4744584784,9632,309905,273,1,1,8,4,1,39,0.002,0.000,,,,,NVIDIA A100-SXM4-40GB MIG 4g.20gb (0),1,,13,"void channel_eq::eqMmseCoefCompLowMimoKernel<float, float, float, (unsigned int)4, (unsigned int)1, (unsigned int)4>(const channel_eq::_puschRxChEqStatDescr *, channel_eq::_puschRxChEqCoefCompDynDescr)"
4744595472,6656,309906,273,1,1,12,11,1,51,0.002,0.000,,,,,NVIDIA A100-SXM4-40GB MIG 4g.20gb (0),1,,13,"void channel_eq::eqMmseSoftDemapKernel<float, __half, __half, float, (unsigned int)4, (unsigned short)16383>(channel_eq::_puschRxChEqStatDescr *, channel_eq::_puschRxChEqSoftDemapDynDescr)"
4744603248,294300,309907,1,1,1,32,32,1,30,0.000,0.000,,,,,NVIDIA A100-SXM4-40GB MIG 4g.20gb (0),1,,13,"void convert_kernel<float2, __half2>(tensor_layout_any, T1 *, tensor_layout_any, const T2 *)"
4744899852,11104,309919,2253,1,1,128,1,1,16,0.000,0.000,,,,,NVIDIA A100-SXM4-40GB MIG 4g.20gb (0),1,,13,cupy_copy__float16_float16
4744912844,3584,309928,282,1,1,128,1,1,16,0.000,0.000,,,,,NVIDIA A100-SXM4-40GB MIG 4g.20gb (0),1,,13,cupy_copy__complex64_complex64
4744919564,2304,309937,26,1,1,128,1,1,16,0.000,0.000,,,,,NVIDIA A100-SXM4-40GB MIG 4g.20gb (0),1,,13,cupy_copy__float32_float32
4744925036,2912,309946,103,1,1,128,1,1,16,0.000,0.000,,,,,NVIDIA A100-SXM4-40GB MIG 4g.20gb (0),1,,13,cupy_copy__complex64_complex64
4744931212,12191,309956,1434,1,1,128,1,1,16,0.000,0.000,,,,,NVIDIA A100-SXM4-40GB MIG 4g.20gb (0),1,,13,cupy_copy__complex64_complex64
4744945323,87071,309961,1,1,1,32,32,1,30,0.000,0.000,,,,,NVIDIA A100-SXM4-40GB MIG 4g.20gb (0),1,,13,"void convert_kernel<__half2, float2>(tensor_layout_any, T1 *, tensor_layout_any, const T2 *)"
4745059466,5536,309964,,,,,,,,,,0.094,16924.777,Pinned,Device,NVIDIA A100-SXM4-40GB MIG 4g.20gb (0),1,,13,[CUDA memcpy Host-to-Device]
4745070730,600792,309965,,,,,,,,,,456.561,759718.236,Device,,NVIDIA A100-SXM4-40GB MIG 4g.20gb (0),1,,13,[CUDA memset]
4745678530,126879,309970,,,,,,,,,,1.235,9732.594,Pinned,Device,NVIDIA A100-SXM4-40GB MIG 4g.20gb (0),1,,13,[CUDA memcpy Host-to-Device]
4745819009,41119,309971,,,,,,,,,,0.197,4781.310,Pinned,Device,NVIDIA A100-SXM4-40GB MIG 4g.20gb (0),1,,13,[CUDA memcpy Host-to-Device]
4745889824,8256,309972,69,4,1,48,1,1,76,0.002,0.000,,,,,NVIDIA A100-SXM4-40GB MIG 4g.20gb (0),1,,13,"void ch_est::windowedChEstPreNoDftSOfdmKernel<float, __half, float, (unsigned int)2, (unsigned int)1, (unsigned short)4>(ch_est::puschRxChEstStatDescr_t *, ch_est::puschRxChEstDynDescr_t *)"
4745908671,6688,309973,137,2,1,24,2,1,44,0.001,0.001,,,,,NVIDIA A100-SXM4-40GB MIG 4g.20gb (0),1,,13,"void ch_est::chEstFilterNoDftSOfdmDispatchKernel<float, __half, float, (unsigned int)2>(ch_est::puschRxChEstStatDescr_t *, ch_est::puschRxChEstDynDescr_t *)"
4745921983,4736,309974,137,2,1,24,2,1,44,0.001,0.001,,,,,NVIDIA A100-SXM4-40GB MIG 4g.20gb (0),1,,13,"void ch_est::chEstFilterNoDftSOfdmDispatchKernel<float, __half, float, (unsigned int)2>(ch_est::puschRxChEstStatDescr_t *, ch_est::puschRxChEstDynDescr_t *)"
4745937183,2528,309985,103,1,1,128,1,1,16,0.000,0.000,,,,,NVIDIA A100-SXM4-40GB MIG 4g.20gb (0),1,,13,cupy_copy__complex64_complex64
4745950143,12480,309995,1434,1,1,128,1,1,16,0.000,0.000,,,,,NVIDIA A100-SXM4-40GB MIG 4g.20gb (0),1,,13,cupy_copy__complex64_complex64
4745983391,2720,310002,103,1,1,128,1,1,16,0.000,0.000,,,,,NVIDIA A100-SXM4-40GB MIG 4g.20gb (0),1,,13,cupy_copy__complex64_complex64
4745993982,85823,310009,1,1,1,32,32,1,30,0.000,0.000,,,,,NVIDIA A100-SXM4-40GB MIG 4g.20gb (0),1,,13,"void convert_kernel<__half2, float2>(tensor_layout_any, T1 *, tensor_layout_any, const T2 *)"
4746107261,5472,310012,,,,,,,,,,0.094,17122.757,Pinned,Device,NVIDIA A100-SXM4-40GB MIG 4g.20gb (0),1,,13,[CUDA memcpy Host-to-Device]
4746119325,47583,310013,,,,,,,,,,35.810,752545.469,Device,,NVIDIA A100-SXM4-40GB MIG 4g.20gb (0),1,,13,[CUDA memset]
4746171772,5024,310015,,,,,,,,,,0.000,15.924,Pinned,Device,NVIDIA A100-SXM4-40GB MIG 4g.20gb (0),1,,13,[CUDA memcpy Host-to-Device]
4746183548,12032,310016,,,,,,,,,,0.197,16340.287,Pinned,Device,NVIDIA A100-SXM4-40GB MIG 4g.20gb (0),1,,13,[CUDA memcpy Host-to-Device]
4746204156,10048,310017,273,1,1,48,1,1,40,0.000,0.001,,,,,NVIDIA A100-SXM4-40GB MIG 4g.20gb (0),1,,13,"void pusch_noise_intf_est::noiseIntfEstNoDftSOfdmKernel<float, __half, float, float, (unsigned int)2, (unsigned int)1, (unsigned char)4, (unsigned char)4>(pusch_noise_intf_est::puschRxNoiseIntfEstDynDescr)"
4746217596,2944,310028,35,1,1,128,1,1,16,0.000,0.000,,,,,NVIDIA A100-SXM4-40GB MIG 4g.20gb (0),1,,13,cupy_copy__complex64_complex64
4746226940,1824,310037,1,1,1,1,1,1,18,0.000,0.000,,,,,NVIDIA A100-SXM4-40GB MIG 4g.20gb (0),1,,13,cupy_copy__float32_float32
4746258299,1728,310043,,,,,,,,,,0.000,2.315,Device,Pageable,NVIDIA A100-SXM4-40GB MIG 4g.20gb (0),1,,7,[CUDA memcpy Device-to-Host]
4746317690,12832,310054,1434,1,1,128,1,1,16,0.000,0.000,,,,,NVIDIA A100-SXM4-40GB MIG 4g.20gb (0),1,,13,cupy_copy__complex64_complex64
4746345978,2592,310061,103,1,1,128,1,1,16,0.000,0.000,,,,,NVIDIA A100-SXM4-40GB MIG 4g.20gb (0),1,,13,cupy_copy__complex64_complex64
4746365402,2720,310068,35,1,1,128,1,1,16,0.000,0.000,,,,,NVIDIA A100-SXM4-40GB MIG 4g.20gb (0),1,,13,cupy_copy__complex64_complex64
4746382714,1760,310075,1,1,1,1,1,1,18,0.000,0.000,,,,,NVIDIA A100-SXM4-40GB MIG 4g.20gb (0),1,,13,cupy_copy__float32_float32
4746514072,82079,310086,1,1,1,32,32,1,30,0.000,0.000,,,,,NVIDIA A100-SXM4-40GB MIG 4g.20gb (0),1,,13,"void convert_kernel<__half2, float2>(tensor_layout_any, T1 *, tensor_layout_any, const T2 *)"
4746623927,5856,310089,,,,,,,,,,0.094,15999.997,Pinned,Device,NVIDIA A100-SXM4-40GB MIG 4g.20gb (0),1,,13,[CUDA memcpy Host-to-Device]
4746637974,3392,310090,,,,,,,,,,1.547,455961.768,Device,,NVIDIA A100-SXM4-40GB MIG 4g.20gb (0),1,,13,[CUDA memset]
4746644886,3584,310095,,,,,,,,,,0.031,8732.116,Pinned,Device,NVIDIA A100-SXM4-40GB MIG 4g.20gb (0),1,,13,[CUDA memcpy Host-to-Device]
4746651318,9888,310096,,,,,,,,,,0.197,19883.360,Pinned,Device,NVIDIA A100-SXM4-40GB MIG 4g.20gb (0),1,,13,[CUDA memcpy Host-to-Device]
4746668566,6336,310097,273,1,1,8,4,1,39,0.002,0.000,,,,,NVIDIA A100-SXM4-40GB MIG 4g.20gb (0),1,,13,"void channel_eq::eqMmseCoefCompLowMimoKernel<float, float, float, (unsigned int)4, (unsigned int)1, (unsigned int)4>(const channel_eq::_puschRxChEqStatDescr *, channel_eq::_puschRxChEqCoefCompDynDescr)"
4746676086,6144,310098,273,1,1,12,11,1,51,0.002,0.000,,,,,NVIDIA A100-SXM4-40GB MIG 4g.20gb (0),1,,13,"void channel_eq::eqMmseSoftDemapKernel<float, __half, __half, float, (unsigned int)4, (unsigned short)16383>(channel_eq::_puschRxChEqStatDescr *, channel_eq::_puschRxChEqSoftDemapDynDescr)"
4746683350,282044,310099,1,1,1,32,32,1,30,0.000,0.000,,,,,NVIDIA A100-SXM4-40GB MIG 4g.20gb (0),1,,13,"void convert_kernel<float2, __half2>(tensor_layout_any, T1 *, tensor_layout_any, const T2 *)"
4746966386,10976,310111,2253,1,1,128,1,1,16,0.000,0.000,,,,,NVIDIA A100-SXM4-40GB MIG 4g.20gb (0),1,,13,cupy_copy__float16_float16
4746981298,3776,310120,282,1,1,128,1,1,16,0.000,0.000,,,,,NVIDIA A100-SXM4-40GB MIG 4g.20gb (0),1,,13,cupy_copy__complex64_complex64
4746987506,2144,310129,26,1,1,128,1,1,16,0.000,0.000,,,,,NVIDIA A100-SXM4-40GB MIG 4g.20gb (0),1,,13,cupy_copy__float32_float32
4746990802,2912,310138,103,1,1,128,1,1,16,0.000,0.000,,,,,NVIDIA A100-SXM4-40GB MIG 4g.20gb (0),1,,13,cupy_copy__complex64_complex64
4746995058,12032,310148,1434,1,1,128,1,1,16,0.000,0.000,,,,,NVIDIA A100-SXM4-40GB MIG 4g.20gb (0),1,,13,cupy_copy__complex64_complex64
4747026578,83039,310153,1,1,1,32,32,1,30,0.000,0.000,,,,,NVIDIA A100-SXM4-40GB MIG 4g.20gb (0),1,,13,"void convert_kernel<__half2, float2>(tensor_layout_any, T1 *, tensor_layout_any, const T2 *)"
4747137008,5920,310156,,,,,,,,,,0.094,15826.941,Pinned,Device,NVIDIA A100-SXM4-40GB MIG 4g.20gb (0),1,,13,[CUDA memcpy Host-to-Device]
4747147632,598521,310157,,,,,,,,,,456.561,762457.605,Device,,NVIDIA A100-SXM4-40GB MIG 4g.20gb (0),1,,13,[CUDA memset]
4747748681,133278,310162,,,,,,,,,,1.235,9265.785,Pinned,Device,NVIDIA A100-SXM4-40GB MIG 4g.20gb (0),1,,13,[CUDA memcpy Host-to-Device]
4747898311,40095,310163,,,,,,,,,,0.197,4903.404,Pinned,Device,NVIDIA A100-SXM4-40GB MIG 4g.20gb (0),1,,13,[CUDA memcpy Host-to-Device]
4747968422,8000,310164,69,4,1,48,1,1,76,0.002,0.000,,,,,NVIDIA A100-SXM4-40GB MIG 4g.20gb (0),1,,13,"void ch_est::windowedChEstPreNoDftSOfdmKernel<float, __half, float, (unsigned int)2, (unsigned int)1, (unsigned short)4>(ch_est::puschRxChEstStatDescr_t *, ch_est::puschRxChEstDynDescr_t *)"
4747986342,7232,310165,137,2,1,24,2,1,44,0.001,0.001,,,,,NVIDIA A100-SXM4-40GB MIG 4g.20gb (0),1,,13,"void ch_est::chEstFilterNoDftSOfdmDispatchKernel<float, __half, float, (unsigned int)2>(ch_est::puschRxChEstStatDescr_t *, ch_est::puschRxChEstDynDescr_t *)"
4748003270,4800,310166,137,2,1,24,2,1,44,0.001,0.001,,,,,NVIDIA A100-SXM4-40GB MIG 4g.20gb (0),1,,13,"void ch_est::chEstFilterNoDftSOfdmDispatchKernel<float, __half, float, (unsigned int)2>(ch_est::puschRxChEstStatDescr_t *, ch_est::puschRxChEstDynDescr_t *)"
4748019877,2752,310177,103,1,1,128,1,1,16,0.000,0.000,,,,,NVIDIA A100-SXM4-40GB MIG 4g.20gb (0),1,,13,cupy_copy__complex64_complex64
4748037381,12736,310187,1434,1,1,128,1,1,16,0.000,0.000,,,,,NVIDIA A100-SXM4-40GB MIG 4g.20gb (0),1,,13,cupy_copy__complex64_complex64
4748057509,2880,310194,103,1,1,128,1,1,16,0.000,0.000,,,,,NVIDIA A100-SXM4-40GB MIG 4g.20gb (0),1,,13,cupy_copy__complex64_complex64
4748080709,89087,310201,1,1,1,32,32,1,30,0.000,0.000,,,,,NVIDIA A100-SXM4-40GB MIG 4g.20gb (0),1,,13,"void convert_kernel<__half2, float2>(tensor_layout_any, T1 *, tensor_layout_any, const T2 *)"
4748204355,22752,310204,,,,,,,,,,0.094,4118.127,Pinned,Device,NVIDIA A100-SXM4-40GB MIG 4g.20gb (0),1,,13,[CUDA memcpy Host-to-Device]
4748239523,47679,310205,,,,,,,,,,35.810,751041.452,Device,,NVIDIA A100-SXM4-40GB MIG 4g.20gb (0),1,,13,[CUDA memset]
4748291266,9984,310207,,,,,,,,,,0.000,8.013,Pinned,Device,NVIDIA A100-SXM4-40GB MIG 4g.20gb (0),1,,13,[CUDA memcpy Host-to-Device]
4748306562,21024,310208,,,,,,,,,,0.197,9351.463,Pinned,Device,NVIDIA A100-SXM4-40GB MIG 4g.20gb (0),1,,13,[CUDA memcpy Host-to-Device]
4748339746,10111,310209,273,1,1,48,1,1,40,0.000,0.001,,,,,NVIDIA A100-SXM4-40GB MIG 4g.20gb (0),1,,13,"void pusch_noise_intf_est::noiseIntfEstNoDftSOfdmKernel<float, __half, float, float, (unsigned int)2, (unsigned int)1, (unsigned char)4, (unsigned char)4>(pusch_noise_intf_est::puschRxNoiseIntfEstDynDescr)"
4748355489,3360,310220,35,1,1,128,1,1,16,0.000,0.000,,,,,NVIDIA A100-SXM4-40GB MIG 4g.20gb (0),1,,13,cupy_copy__complex64_complex64
4748363233,1856,310229,1,1,1,1,1,1,18,0.000,0.000,,,,,NVIDIA A100-SXM4-40GB MIG 4g.20gb (0),1,,13,cupy_copy__float32_float32
4748366497,2656,310235,,,,,,,,,,0.000,1.506,Device,Pageable,NVIDIA A100-SXM4-40GB MIG 4g.20gb (0),1,,7,[CUDA memcpy Device-to-Host]
4748435744,12832,310246,1434,1,1,128,1,1,16,0.000,0.000,,,,,NVIDIA A100-SXM4-40GB MIG 4g.20gb (0),1,,13,cupy_copy__complex64_complex64
4748463360,2816,310253,103,1,1,128,1,1,16,0.000,0.000,,,,,NVIDIA A100-SXM4-40GB MIG 4g.20gb (0),1,,13,cupy_copy__complex64_complex64
4748484480,2176,310260,35,1,1,128,1,1,16,0.000,0.000,,,,,NVIDIA A100-SXM4-40GB MIG 4g.20gb (0),1,,13,cupy_copy__complex64_complex64
4748502528,1791,310267,1,1,1,1,1,1,18,0.000,0.000,,,,,NVIDIA A100-SXM4-40GB MIG 4g.20gb (0),1,,13,cupy_copy__float32_float32
4748634174,82335,310278,1,1,1,32,32,1,30,0.000,0.000,,,,,NVIDIA A100-SXM4-40GB MIG 4g.20gb (0),1,,13,"void convert_kernel<__half2, float2>(tensor_layout_any, T1 *, tensor_layout_any, const T2 *)"
4748744125,5663,310281,,,,,,,,,,0.094,16545.214,Pinned,Device,NVIDIA A100-SXM4-40GB MIG 4g.20gb (0),1,,13,[CUDA memcpy Host-to-Device]
4748758300,3520,310282,,,,,,,,,,1.547,439380.412,Device,,NVIDIA A100-SXM4-40GB MIG 4g.20gb (0),1,,13,[CUDA memset]
4748765308,3488,310287,,,,,,,,,,0.031,8972.469,Pinned,Device,NVIDIA A100-SXM4-40GB MIG 4g.20gb (0),1,,13,[CUDA memcpy Host-to-Device]
4748771388,9824,310288,,,,,,,,,,0.197,20012.925,Pinned,Device,NVIDIA A100-SXM4-40GB MIG 4g.20gb (0),1,,13,[CUDA memcpy Host-to-Device]
4748785212,6496,310289,273,1,1,8,4,1,39,0.002,0.000,,,,,NVIDIA A100-SXM4-40GB MIG 4g.20gb (0),1,,13,"void channel_eq::eqMmseCoefCompLowMimoKernel<float, float, float, (unsigned int)4, (unsigned int)1, (unsigned int)4>(const channel_eq::_puschRxChEqStatDescr *, channel_eq::_puschRxChEqCoefCompDynDescr)"
4748792700,6240,310290,273,1,1,12,11,1,51,0.002,0.000,,,,,NVIDIA A100-SXM4-40GB MIG 4g.20gb (0),1,,13,"void channel_eq::eqMmseSoftDemapKernel<float, __half, __half, float, (unsigned int)4, (unsigned short)16383>(channel_eq::_puschRxChEqStatDescr *, channel_eq::_puschRxChEqSoftDemapDynDescr)"
4748799900,282876,310291,1,1,1,32,32,1,30,0.000,0.000,,,,,NVIDIA A100-SXM4-40GB MIG 4g.20gb (0),1,,13,"void convert_kernel<float2, __half2>(tensor_layout_any, T1 *, tensor_layout_any, const T2 *)"
4749084760,11040,310303,2253,1,1,128,1,1,16,0.000,0.000,,,,,NVIDIA A100-SXM4-40GB MIG 4g.20gb (0),1,,13,cupy_copy__float16_float16
4749099288,3552,310312,282,1,1,128,1,1,16,0.000,0.000,,,,,NVIDIA A100-SXM4-40GB MIG 4g.20gb (0),1,,13,cupy_copy__complex64_complex64
4749103800,2016,310321,26,1,1,128,1,1,16,0.000,0.000,,,,,NVIDIA A100-SXM4-40GB MIG 4g.20gb (0),1,,13,cupy_copy__float32_float32
4749109784,4800,310330,103,1,1,128,1,1,16,0.000,0.000,,,,,NVIDIA A100-SXM4-40GB MIG 4g.20gb (0),1,,13,cupy_copy__complex64_complex64
4749115576,12160,310340,1434,1,1,128,1,1,16,0.000,0.000,,,,,NVIDIA A100-SXM4-40GB MIG 4g.20gb (0),1,,13,cupy_copy__complex64_complex64
4749133208,87519,310345,1,1,1,32,32,1,30,0.000,0.000,,,,,NVIDIA A100-SXM4-40GB MIG 4g.20gb (0),1,,13,"void convert_kernel<__half2, float2>(tensor_layout_any, T1 *, tensor_layout_any, const T2 *)"
4749248310,5792,310348,,,,,,,,,,0.094,16176.708,Pinned,Device,NVIDIA A100-SXM4-40GB MIG 4g.20gb (0),1,,13,[CUDA memcpy Host-to-Device]
4749259382,598169,310349,,,,,,,,,,456.561,762914.166,Device,,NVIDIA A100-SXM4-40GB MIG 4g.20gb (0),1,,13,[CUDA memset]
4749860975,152766,310354,,,,,,,,,,1.235,8082.708,Pinned,Device,NVIDIA A100-SXM4-40GB MIG 4g.20gb (0),1,,13,[CUDA memcpy Host-to-Device]
4750025069,42175,310355,,,,,,,,,,0.197,4661.576,Pinned,Device,NVIDIA A100-SXM4-40GB MIG 4g.20gb (0),1,,13,[CUDA memcpy Host-to-Device]
4750097100,8032,310356,69,4,1,48,1,1,76,0.002,0.000,,,,,NVIDIA A100-SXM4-40GB MIG 4g.20gb (0),1,,13,"void ch_est::windowedChEstPreNoDftSOfdmKernel<float, __half, float, (unsigned int)2, (unsigned int)1, (unsigned short)4>(ch_est::puschRxChEstStatDescr_t *, ch_est::puschRxChEstDynDescr_t *)"
4750114796,6432,310357,137,2,1,24,2,1,44,0.001,0.001,,,,,NVIDIA A100-SXM4-40GB MIG 4g.20gb (0),1,,13,"void ch_est::chEstFilterNoDftSOfdmDispatchKernel<float, __half, float, (unsigned int)2>(ch_est::puschRxChEstStatDescr_t *, ch_est::puschRxChEstDynDescr_t *)"
4750134283,4736,310358,137,2,1,24,2,1,44,0.001,0.001,,,,,NVIDIA A100-SXM4-40GB MIG 4g.20gb (0),1,,13,"void ch_est::chEstFilterNoDftSOfdmDispatchKernel<float, __half, float, (unsigned int)2>(ch_est::puschRxChEstStatDescr_t *, ch_est::puschRxChEstDynDescr_t *)"
4750150923,2720,310369,103,1,1,128,1,1,16,0.000,0.000,,,,,NVIDIA A100-SXM4-40GB MIG 4g.20gb (0),1,,13,cupy_copy__complex64_complex64
4750168043,12544,310379,1434,1,1,128,1,1,16,0.000,0.000,,,,,NVIDIA A100-SXM4-40GB MIG 4g.20gb (0),1,,13,cupy_copy__complex64_complex64
4750186827,2944,310386,103,1,1,128,1,1,16,0.000,0.000,,,,,NVIDIA A100-SXM4-40GB MIG 4g.20gb (0),1,,13,cupy_copy__complex64_complex64
4750211274,89599,310393,1,1,1,32,32,1,30,0.000,0.000,,,,,NVIDIA A100-SXM4-40GB MIG 4g.20gb (0),1,,13,"void convert_kernel<__half2, float2>(tensor_layout_any, T1 *, tensor_layout_any, const T2 *)"
4750332201,24640,310396,,,,,,,,,,0.094,3802.558,Pinned,Device,NVIDIA A100-SXM4-40GB MIG 4g.20gb (0),1,,13,[CUDA memcpy Host-to-Device]
4750374536,46816,310397,,,,,,,,,,35.810,764899.891,Device,,NVIDIA A100-SXM4-40GB MIG 4g.20gb (0),1,,13,[CUDA memset]
4750425064,17888,310399,,,,,,,,,,0.000,4.472,Pinned,Device,NVIDIA A100-SXM4-40GB MIG 4g.20gb (0),1,,13,[CUDA memcpy Host-to-Device]
4750449864,27711,310400,,,,,,,,,,0.197,7094.796,Pinned,Device,NVIDIA A100-SXM4-40GB MIG 4g.20gb (0),1,,13,[CUDA memcpy Host-to-Device]
4750495495,9856,310401,273,1,1,48,1,1,40,0.000,0.001,,,,,NVIDIA A100-SXM4-40GB MIG 4g.20gb (0),1,,13,"void pusch_noise_intf_est::noiseIntfEstNoDftSOfdmKernel<float, __half, float, float, (unsigned int)2, (unsigned int)1, (unsigned char)4, (unsigned char)4>(pusch_noise_intf_est::puschRxNoiseIntfEstDynDescr)"
4750511815,2688,310412,35,1,1,128,1,1,16,0.000,0.000,,,,,NVIDIA A100-SXM4-40GB MIG 4g.20gb (0),1,,13,cupy_copy__complex64_complex64
4750528967,1696,310421,1,1,1,1,1,1,18,0.000,0.000,,,,,NVIDIA A100-SXM4-40GB MIG 4g.20gb (0),1,,13,cupy_copy__float32_float32
4750536326,4320,310427,,,,,,,,,,0.000,0.926,Device,Pageable,NVIDIA A100-SXM4-40GB MIG 4g.20gb (0),1,,7,[CUDA memcpy Device-to-Host]
4750634405,12480,310438,1434,1,1,128,1,1,16,0.000,0.000,,,,,NVIDIA A100-SXM4-40GB MIG 4g.20gb (0),1,,13,cupy_copy__complex64_complex64
4750656389,3424,310445,103,1,1,128,1,1,16,0.000,0.000,,,,,NVIDIA A100-SXM4-40GB MIG 4g.20gb (0),1,,13,cupy_copy__complex64_complex64
4750674085,2560,310452,35,1,1,128,1,1,16,0.000,0.000,,,,,NVIDIA A100-SXM4-40GB MIG 4g.20gb (0),1,,13,cupy_copy__complex64_complex64
4750692453,1792,310459,1,1,1,1,1,1,18,0.000,0.000,,,,,NVIDIA A100-SXM4-40GB MIG 4g.20gb (0),1,,13,cupy_copy__float32_float32
4750816195,87167,310470,1,1,1,32,32,1,30,0.000,0.000,,,,,NVIDIA A100-SXM4-40GB MIG 4g.20gb (0),1,,13,"void convert_kernel<__half2, float2>(tensor_layout_any, T1 *, tensor_layout_any, const T2 *)"
4750932930,6399,310473,,,,,,,,,,0.094,14642.249,Pinned,Device,NVIDIA A100-SXM4-40GB MIG 4g.20gb (0),1,,13,[CUDA memcpy Host-to-Device]
4750951905,3584,310474,,,,,,,,,,1.547,431534.389,Device,,NVIDIA A100-SXM4-40GB MIG 4g.20gb (0),1,,13,[CUDA memset]
4750964033,3136,310479,,,,,,,,,,0.031,9979.575,Pinned,Device,NVIDIA A100-SXM4-40GB MIG 4g.20gb (0),1,,13,[CUDA memcpy Host-to-Device]
4750969569,9408,310480,,,,,,,,,,0.197,20897.858,Pinned,Device,NVIDIA A100-SXM4-40GB MIG 4g.20gb (0),1,,13,[CUDA memcpy Host-to-Device]
4750984929,6080,310481,273,1,1,8,4,1,39,0.002,0.000,,,,,NVIDIA A100-SXM4-40GB MIG 4g.20gb (0),1,,13,"void channel_eq::eqMmseCoefCompLowMimoKernel<float, float, float, (unsigned int)4, (unsigned int)1, (unsigned int)4>(const channel_eq::_puschRxChEqStatDescr *, channel_eq::_puschRxChEqCoefCompDynDescr)"
4750995041,5984,310482,273,1,1,12,11,1,51,0.002,0.000,,,,,NVIDIA A100-SXM4-40GB MIG 4g.20gb (0),1,,13,"void channel_eq::eqMmseSoftDemapKernel<float, __half, __half, float, (unsigned int)4, (unsigned short)16383>(channel_eq::_puschRxChEqStatDescr *, channel_eq::_puschRxChEqSoftDemapDynDescr)"
4751002657,282236,310483,1,1,1,32,32,1,30,0.000,0.000,,,,,NVIDIA A100-SXM4-40GB MIG 4g.20gb (0),1,,13,"void convert_kernel<float2, __half2>(tensor_layout_any, T1 *, tensor_layout_any, const T2 *)"
4751287549,11424,310495,2253,1,1,128,1,1,16,0.000,0.000,,,,,NVIDIA A100-SXM4-40GB MIG 4g.20gb (0),1,,13,cupy_copy__float16_float16
4751302909,2880,310504,282,1,1,128,1,1,16,0.000,0.000,,,,,NVIDIA A100-SXM4-40GB MIG 4g.20gb (0),1,,13,cupy_copy__complex64_complex64
4751308925,2624,310513,26,1,1,128,1,1,16,0.000,0.000,,,,,NVIDIA A100-SXM4-40GB MIG 4g.20gb (0),1,,13,cupy_copy__float32_float32
4751313661,2976,310522,103,1,1,128,1,1,16,0.000,0.000,,,,,NVIDIA A100-SXM4-40GB MIG 4g.20gb (0),1,,13,cupy_copy__complex64_complex64
4751318237,12416,310532,1434,1,1,128,1,1,16,0.000,0.000,,,,,NVIDIA A100-SXM4-40GB MIG 4g.20gb (0),1,,13,cupy_copy__complex64_complex64
4751332317,82079,310537,1,1,1,32,32,1,30,0.000,0.000,,,,,NVIDIA A100-SXM4-40GB MIG 4g.20gb (0),1,,13,"void convert_kernel<__half2, float2>(tensor_layout_any, T1 *, tensor_layout_any, const T2 *)"
4751441659,5728,310540,,,,,,,,,,0.094,16357.541,Pinned,Device,NVIDIA A100-SXM4-40GB MIG 4g.20gb (0),1,,13,[CUDA memcpy Host-to-Device]
4751452315,597561,310541,,,,,,,,,,456.561,763827.289,Device,,NVIDIA A100-SXM4-40GB MIG 4g.20gb (0),1,,13,[CUDA memset]
4752053108,103422,310546,,,,,,,,,,1.235,11940.674,Pinned,Device,NVIDIA A100-SXM4-40GB MIG 4g.20gb (0),1,,13,[CUDA memcpy Host-to-Device]
4752162994,17024,310547,,,,,,,,,,0.197,11548.754,Pinned,Device,NVIDIA A100-SXM4-40GB MIG 4g.20gb (0),1,,13,[CUDA memcpy Host-to-Device]
4752193650,9312,310548,69,4,1,48,1,1,76,0.002,0.000,,,,,NVIDIA A100-SXM4-40GB MIG 4g.20gb (0),1,,13,"void ch_est::windowedChEstPreNoDftSOfdmKernel<float, __half, float, (unsigned int)2, (unsigned int)1, (unsigned short)4>(ch_est::puschRxChEstStatDescr_t *, ch_est::puschRxChEstDynDescr_t *)"
4752209522,5984,310549,137,2,1,24,2,1,44,0.001,0.001,,,,,NVIDIA A100-SXM4-40GB MIG 4g.20gb (0),1,,13,"void ch_est::chEstFilterNoDftSOfdmDispatchKernel<float, __half, float, (unsigned int)2>(ch_est::puschRxChEstStatDescr_t *, ch_est::puschRxChEstDynDescr_t *)"
4752218866,5088,310550,137,2,1,24,2,1,44,0.001,0.001,,,,,NVIDIA A100-SXM4-40GB MIG 4g.20gb (0),1,,13,"void ch_est::chEstFilterNoDftSOfdmDispatchKernel<float, __half, float, (unsigned int)2>(ch_est::puschRxChEstStatDescr_t *, ch_est::puschRxChEstDynDescr_t *)"
4752228498,2752,310561,103,1,1,128,1,1,16,0.000,0.000,,,,,NVIDIA A100-SXM4-40GB MIG 4g.20gb (0),1,,13,cupy_copy__complex64_complex64
4752236210,12863,310571,1434,1,1,128,1,1,16,0.000,0.000,,,,,NVIDIA A100-SXM4-40GB MIG 4g.20gb (0),1,,13,cupy_copy__complex64_complex64
4752251665,2944,310578,103,1,1,128,1,1,16,0.000,0.000,,,,,NVIDIA A100-SXM4-40GB MIG 4g.20gb (0),1,,13,cupy_copy__complex64_complex64
4752259441,86111,310585,1,1,1,32,32,1,30,0.000,0.000,,,,,NVIDIA A100-SXM4-40GB MIG 4g.20gb (0),1,,13,"void convert_kernel<__half2, float2>(tensor_layout_any, T1 *, tensor_layout_any, const T2 *)"
4752372464,6016,310588,,,,,,,,,,0.094,15574.430,Pinned,Device,NVIDIA A100-SXM4-40GB MIG 4g.20gb (0),1,,13,[CUDA memcpy Host-to-Device]
4752384112,47359,310589,,,,,,,,,,35.810,756126.461,Device,,NVIDIA A100-SXM4-40GB MIG 4g.20gb (0),1,,13,[CUDA memset]
4752439919,4768,310591,,,,,,,,,,0.000,16.778,Pinned,Device,NVIDIA A100-SXM4-40GB MIG 4g.20gb (0),1,,13,[CUDA memcpy Host-to-Device]
4752449871,11840,310592,,,,,,,,,,0.197,16605.315,Pinned,Device,NVIDIA A100-SXM4-40GB MIG 4g.20gb (0),1,,13,[CUDA memcpy Host-to-Device]
4752468079,11104,310593,273,1,1,48,1,1,40,0.000,0.001,,,,,NVIDIA A100-SXM4-40GB MIG 4g.20gb (0),1,,13,"void pusch_noise_intf_est::noiseIntfEstNoDftSOfdmKernel<float, __half, float, float, (unsigned int)2, (unsigned int)1, (unsigned char)4, (unsigned char)4>(pusch_noise_intf_est::puschRxNoiseIntfEstDynDescr)"
4752482862,3200,310604,35,1,1,128,1,1,16,0.000,0.000,,,,,NVIDIA A100-SXM4-40GB MIG 4g.20gb (0),1,,13,cupy_copy__complex64_complex64
4752495534,1984,310613,1,1,1,1,1,1,18,0.000,0.000,,,,,NVIDIA A100-SXM4-40GB MIG 4g.20gb (0),1,,13,cupy_copy__float32_float32
4752524046,1632,310619,,,,,,,,,,0.000,2.451,Device,Pageable,NVIDIA A100-SXM4-40GB MIG 4g.20gb (0),1,,7,[CUDA memcpy Device-to-Host]
4752583341,13056,310630,1434,1,1,128,1,1,16,0.000,0.000,,,,,NVIDIA A100-SXM4-40GB MIG 4g.20gb (0),1,,13,cupy_copy__complex64_complex64
4752608621,2816,310637,103,1,1,128,1,1,16,0.000,0.000,,,,,NVIDIA A100-SXM4-40GB MIG 4g.20gb (0),1,,13,cupy_copy__complex64_complex64
4752630253,2176,310644,35,1,1,128,1,1,16,0.000,0.000,,,,,NVIDIA A100-SXM4-40GB MIG 4g.20gb (0),1,,13,cupy_copy__complex64_complex64
4752647820,1760,310651,1,1,1,1,1,1,18,0.000,0.000,,,,,NVIDIA A100-SXM4-40GB MIG 4g.20gb (0),1,,13,cupy_copy__float32_float32
4752778763,82815,310662,1,1,1,32,32,1,30,0.000,0.000,,,,,NVIDIA A100-SXM4-40GB MIG 4g.20gb (0),1,,13,"void convert_kernel<__half2, float2>(tensor_layout_any, T1 *, tensor_layout_any, const T2 *)"
4752888841,6112,310665,,,,,,,,,,0.094,15329.790,Pinned,Device,NVIDIA A100-SXM4-40GB MIG 4g.20gb (0),1,,13,[CUDA memcpy Host-to-Device]
4752903977,3392,310666,,,,,,,,,,1.547,455961.768,Device,,NVIDIA A100-SXM4-40GB MIG 4g.20gb (0),1,,13,[CUDA memset]
4752912041,3168,310671,,,,,,,,,,0.031,9878.770,Pinned,Device,NVIDIA A100-SXM4-40GB MIG 4g.20gb (0),1,,13,[CUDA memcpy Host-to-Device]
4752917865,9312,310672,,,,,,,,,,0.197,21113.340,Pinned,Device,NVIDIA A100-SXM4-40GB MIG 4g.20gb (0),1,,13,[CUDA memcpy Host-to-Device]
4752933481,6208,310673,273,1,1,8,4,1,39,0.002,0.000,,,,,NVIDIA A100-SXM4-40GB MIG 4g.20gb (0),1,,13,"void channel_eq::eqMmseCoefCompLowMimoKernel<float, float, float, (unsigned int)4, (unsigned int)1, (unsigned int)4>(const channel_eq::_puschRxChEqStatDescr *, channel_eq::_puschRxChEqCoefCompDynDescr)"
4752940809,5920,310674,273,1,1,12,11,1,51,0.002,0.000,,,,,NVIDIA A100-SXM4-40GB MIG 4g.20gb (0),1,,13,"void channel_eq::eqMmseSoftDemapKernel<float, __half, __half, float, (unsigned int)4, (unsigned short)16383>(channel_eq::_puschRxChEqStatDescr *, channel_eq::_puschRxChEqSoftDemapDynDescr)"
4752947689,282268,310675,1,1,1,32,32,1,30,0.000,0.000,,,,,NVIDIA A100-SXM4-40GB MIG 4g.20gb (0),1,,13,"void convert_kernel<float2, __half2>(tensor_layout_any, T1 *, tensor_layout_any, const T2 *)"
4753231269,10944,310687,2253,1,1,128,1,1,16,0.000,0.000,,,,,NVIDIA A100-SXM4-40GB MIG 4g.20gb (0),1,,13,cupy_copy__float16_float16
4753245029,3584,310696,282,1,1,128,1,1,16,0.000,0.000,,,,,NVIDIA A100-SXM4-40GB MIG 4g.20gb (0),1,,13,cupy_copy__complex64_complex64
4753250053,2368,310705,26,1,1,128,1,1,16,0.000,0.000,,,,,NVIDIA A100-SXM4-40GB MIG 4g.20gb (0),1,,13,cupy_copy__float32_float32
4753254917,2912,310714,103,1,1,128,1,1,16,0.000,0.000,,,,,NVIDIA A100-SXM4-40GB MIG 4g.20gb (0),1,,13,cupy_copy__complex64_complex64
4753259589,12320,310724,1434,1,1,128,1,1,16,0.000,0.000,,,,,NVIDIA A100-SXM4-40GB MIG 4g.20gb (0),1,,13,cupy_copy__complex64_complex64
4753276741,81567,310729,1,1,1,32,32,1,30,0.000,0.000,,,,,NVIDIA A100-SXM4-40GB MIG 4g.20gb (0),1,,13,"void convert_kernel<__half2, float2>(tensor_layout_any, T1 *, tensor_layout_any, const T2 *)"
4753385187,5952,310732,,,,,,,,,,0.094,15741.865,Pinned,Device,NVIDIA A100-SXM4-40GB MIG 4g.20gb (0),1,,13,[CUDA memcpy Host-to-Device]
4753395907,599641,310733,,,,,,,,,,456.561,761087.920,Device,,NVIDIA A100-SXM4-40GB MIG 4g.20gb (0),1,,13,[CUDA memset]
4754004764,143646,310738,,,,,,,,,,1.235,8596.445,Pinned,Device,NVIDIA A100-SXM4-40GB MIG 4g.20gb (0),1,,13,[CUDA memcpy Host-to-Device]
4754161338,40607,310739,,,,,,,,,,0.197,4841.669,Pinned,Device,NVIDIA A100-SXM4-40GB MIG 4g.20gb (0),1,,13,[CUDA memcpy Host-to-Device]
4754231225,8032,310740,69,4,1,48,1,1,76,0.002,0.000,,,,,NVIDIA A100-SXM4-40GB MIG 4g.20gb (0),1,,13,"void ch_est::windowedChEstPreNoDftSOfdmKernel<float, __half, float, (unsigned int)2, (unsigned int)1, (unsigned short)4>(ch_est::puschRxChEstStatDescr_t *, ch_est::puschRxChEstDynDescr_t *)"
4754248729,6784,310741,137,2,1,24,2,1,44,0.001,0.001,,,,,NVIDIA A100-SXM4-40GB MIG 4g.20gb (0),1,,13,"void ch_est::chEstFilterNoDftSOfdmDispatchKernel<float, __half, float, (unsigned int)2>(ch_est::puschRxChEstStatDescr_t *, ch_est::puschRxChEstDynDescr_t *)"
4754265977,5119,310742,137,2,1,24,2,1,44,0.001,0.001,,,,,NVIDIA A100-SXM4-40GB MIG 4g.20gb (0),1,,13,"void ch_est::chEstFilterNoDftSOfdmDispatchKernel<float, __half, float, (unsigned int)2>(ch_est::puschRxChEstStatDescr_t *, ch_est::puschRxChEstDynDescr_t *)"
4754281528,2528,310753,103,1,1,128,1,1,16,0.000,0.000,,,,,NVIDIA A100-SXM4-40GB MIG 4g.20gb (0),1,,13,cupy_copy__complex64_complex64
4754299192,12544,310763,1434,1,1,128,1,1,16,0.000,0.000,,,,,NVIDIA A100-SXM4-40GB MIG 4g.20gb (0),1,,13,cupy_copy__complex64_complex64
4754330296,2656,310770,103,1,1,128,1,1,16,0.000,0.000,,,,,NVIDIA A100-SXM4-40GB MIG 4g.20gb (0),1,,13,cupy_copy__complex64_complex64
4754341656,81823,310777,1,1,1,32,32,1,30,0.000,0.000,,,,,NVIDIA A100-SXM4-40GB MIG 4g.20gb (0),1,,13,"void convert_kernel<__half2, float2>(tensor_layout_any, T1 *, tensor_layout_any, const T2 *)"
4754454902,13344,310780,,,,,,,,,,0.094,7021.578,Pinned,Device,NVIDIA A100-SXM4-40GB MIG 4g.20gb (0),1,,13,[CUDA memcpy Host-to-Device]
4754473910,47103,310781,,,,,,,,,,35.810,760244.602,Device,,NVIDIA A100-SXM4-40GB MIG 4g.20gb (0),1,,13,[CUDA memset]
4754527509,4576,310783,,,,,,,,,,0.000,17.482,Pinned,Device,NVIDIA A100-SXM4-40GB MIG 4g.20gb (0),1,,13,[CUDA memcpy Host-to-Device]
4754539477,16416,310784,,,,,,,,,,0.197,11976.573,Pinned,Device,NVIDIA A100-SXM4-40GB MIG 4g.20gb (0),1,,13,[CUDA memcpy Host-to-Device]
4754568053,9824,310785,273,1,1,48,1,1,40,0.000,0.001,,,,,NVIDIA A100-SXM4-40GB MIG 4g.20gb (0),1,,13,"void pusch_noise_intf_est::noiseIntfEstNoDftSOfdmKernel<float, __half, float, float, (unsigned int)2, (unsigned int)1, (unsigned char)4, (unsigned char)4>(pusch_noise_intf_est::puschRxNoiseIntfEstDynDescr)"
4754587221,3008,310796,35,1,1,128,1,1,16,0.000,0.000,,,,,NVIDIA A100-SXM4-40GB MIG 4g.20gb (0),1,,13,cupy_copy__complex64_complex64
4754595348,1728,310805,1,1,1,1,1,1,18,0.000,0.000,,,,,NVIDIA A100-SXM4-40GB MIG 4g.20gb (0),1,,13,cupy_copy__float32_float32
4754606324,3808,310811,,,,,,,,,,0.000,1.050,Device,Pageable,NVIDIA A100-SXM4-40GB MIG 4g.20gb (0),1,,7,[CUDA memcpy Device-to-Host]
4754669524,13279,310822,1434,1,1,128,1,1,16,0.000,0.000,,,,,NVIDIA A100-SXM4-40GB MIG 4g.20gb (0),1,,13,cupy_copy__complex64_complex64
4754695603,2912,310829,103,1,1,128,1,1,16,0.000,0.000,,,,,NVIDIA A100-SXM4-40GB MIG 4g.20gb (0),1,,13,cupy_copy__complex64_complex64
4754716051,2368,310836,35,1,1,128,1,1,16,0.000,0.000,,,,,NVIDIA A100-SXM4-40GB MIG 4g.20gb (0),1,,13,cupy_copy__complex64_complex64
4754733971,1792,310843,1,1,1,1,1,1,18,0.000,0.000,,,,,NVIDIA A100-SXM4-40GB MIG 4g.20gb (0),1,,13,cupy_copy__float32_float32
4754872433,81759,310854,1,1,1,32,32,1,30,0.000,0.000,,,,,NVIDIA A100-SXM4-40GB MIG 4g.20gb (0),1,,13,"void convert_kernel<__half2, float2>(tensor_layout_any, T1 *, tensor_layout_any, const T2 *)"
4754981712,6112,310857,,,,,,,,,,0.094,15329.790,Pinned,Device,NVIDIA A100-SXM4-40GB MIG 4g.20gb (0),1,,13,[CUDA memcpy Host-to-Device]
4754996687,3424,310858,,,,,,,,,,1.547,451700.819,Device,,NVIDIA A100-SXM4-40GB MIG 4g.20gb (0),1,,13,[CUDA memset]
4755005167,3008,310863,,,,,,,,,,0.031,10404.230,Pinned,Device,NVIDIA A100-SXM4-40GB MIG 4g.20gb (0),1,,13,[CUDA memcpy Host-to-Device]
4755010767,9408,310864,,,,,,,,,,0.197,20897.858,Pinned,Device,NVIDIA A100-SXM4-40GB MIG 4g.20gb (0),1,,13,[CUDA memcpy Host-to-Device]
4755024495,6112,310865,273,1,1,8,4,1,39,0.002,0.000,,,,,NVIDIA A100-SXM4-40GB MIG 4g.20gb (0),1,,13,"void channel_eq::eqMmseCoefCompLowMimoKernel<float, float, float, (unsigned int)4, (unsigned int)1, (unsigned int)4>(const channel_eq::_puschRxChEqStatDescr *, channel_eq::_puschRxChEqCoefCompDynDescr)"
4755033839,5664,310866,273,1,1,12,11,1,51,0.002,0.000,,,,,NVIDIA A100-SXM4-40GB MIG 4g.20gb (0),1,,13,"void channel_eq::eqMmseSoftDemapKernel<float, __half, __half, float, (unsigned int)4, (unsigned short)16383>(channel_eq::_puschRxChEqStatDescr *, channel_eq::_puschRxChEqSoftDemapDynDescr)"
4755043055,282780,310867,1,1,1,32,32,1,30,0.000,0.000,,,,,NVIDIA A100-SXM4-40GB MIG 4g.20gb (0),1,,13,"void convert_kernel<float2, __half2>(tensor_layout_any, T1 *, tensor_layout_any, const T2 *)"
4755326891,10880,310879,2253,1,1,128,1,1,16,0.000,0.000,,,,,NVIDIA A100-SXM4-40GB MIG 4g.20gb (0),1,,13,cupy_copy__float16_float16
4755340203,3232,310888,282,1,1,128,1,1,16,0.000,0.000,,,,,NVIDIA A100-SXM4-40GB MIG 4g.20gb (0),1,,13,cupy_copy__complex64_complex64
4755345163,2240,310897,26,1,1,128,1,1,16,0.000,0.000,,,,,NVIDIA A100-SXM4-40GB MIG 4g.20gb (0),1,,13,cupy_copy__float32_float32
4755350027,2784,310906,103,1,1,128,1,1,16,0.000,0.000,,,,,NVIDIA A100-SXM4-40GB MIG 4g.20gb (0),1,,13,cupy_copy__complex64_complex64
4755355915,11936,310916,1434,1,1,128,1,1,16,0.000,0.000,,,,,NVIDIA A100-SXM4-40GB MIG 4g.20gb (0),1,,13,cupy_copy__complex64_complex64
4755373643,87263,310921,1,1,1,32,32,1,30,0.000,0.000,,,,,NVIDIA A100-SXM4-40GB MIG 4g.20gb (0),1,,13,"void convert_kernel<__half2, float2>(tensor_layout_any, T1 *, tensor_layout_any, const T2 *)"
4755488041,6016,310924,,,,,,,,,,0.094,15574.430,Pinned,Device,NVIDIA A100-SXM4-40GB MIG 4g.20gb (0),1,,13,[CUDA memcpy Host-to-Device]
4755497993,598425,310925,,,,,,,,,,456.561,762914.166,Device,,NVIDIA A100-SXM4-40GB MIG 4g.20gb (0),1,,13,[CUDA memset]
4756105826,124638,310930,,,,,,,,,,1.235,9907.956,Pinned,Device,NVIDIA A100-SXM4-40GB MIG 4g.20gb (0),1,,13,[CUDA memcpy Host-to-Device]
4756242528,40320,310931,,,,,,,,,,0.197,4876.075,Pinned,Device,NVIDIA A100-SXM4-40GB MIG 4g.20gb (0),1,,13,[CUDA memcpy Host-to-Device]
4756316767,8192,310932,69,4,1,48,1,1,76,0.002,0.000,,,,,NVIDIA A100-SXM4-40GB MIG 4g.20gb (0),1,,13,"void ch_est::windowedChEstPreNoDftSOfdmKernel<float, __half, float, (unsigned int)2, (unsigned int)1, (unsigned short)4>(ch_est::puschRxChEstStatDescr_t *, ch_est::puschRxChEstDynDescr_t *)"
4756336255,6560,310933,137,2,1,24,2,1,44,0.001,0.001,,,,,NVIDIA A100-SXM4-40GB MIG 4g.20gb (0),1,,13,"void ch_est::chEstFilterNoDftSOfdmDispatchKernel<float, __half, float, (unsigned int)2>(ch_est::puschRxChEstStatDescr_t *, ch_est::puschRxChEstDynDescr_t *)"
4756353087,4704,310934,137,2,1,24,2,1,44,0.001,0.001,,,,,NVIDIA A100-SXM4-40GB MIG 4g.20gb (0),1,,13,"void ch_est::chEstFilterNoDftSOfdmDispatchKernel<float, __half, float, (unsigned int)2>(ch_est::puschRxChEstStatDescr_t *, ch_est::puschRxChEstDynDescr_t *)"
4756370239,2624,310945,103,1,1,128,1,1,16,0.000,0.000,,,,,NVIDIA A100-SXM4-40GB MIG 4g.20gb (0),1,,13,cupy_copy__complex64_complex64
4756386846,12608,310955,1434,1,1,128,1,1,16,0.000,0.000,,,,,NVIDIA A100-SXM4-40GB MIG 4g.20gb (0),1,,13,cupy_copy__complex64_complex64
4756408382,2912,310962,103,1,1,128,1,1,16,0.000,0.000,,,,,NVIDIA A100-SXM4-40GB MIG 4g.20gb (0),1,,13,cupy_copy__complex64_complex64
4756432606,92479,310969,1,1,1,32,32,1,30,0.000,0.000,,,,,NVIDIA A100-SXM4-40GB MIG 4g.20gb (0),1,,13,"void convert_kernel<__half2, float2>(tensor_layout_any, T1 *, tensor_layout_any, const T2 *)"
4756562844,21824,310972,,,,,,,,,,0.094,4293.244,Pinned,Device,NVIDIA A100-SXM4-40GB MIG 4g.20gb (0),1,,13,[CUDA memcpy Host-to-Device]
4756599740,47295,310973,,,,,,,,,,35.810,757129.139,Device,,NVIDIA A100-SXM4-40GB MIG 4g.20gb (0),1,,13,[CUDA memset]
4756650491,11232,310975,,,,,,,,,,0.000,7.122,Pinned,Device,NVIDIA A100-SXM4-40GB MIG 4g.20gb (0),1,,13,[CUDA memcpy Host-to-Device]
4756666811,25792,310976,,,,,,,,,,0.197,7622.689,Pinned,Device,NVIDIA A100-SXM4-40GB MIG 4g.20gb (0),1,,13,[CUDA memcpy Host-to-Device]
4756715354,10304,310977,273,1,1,48,1,1,40,0.000,0.001,,,,,NVIDIA A100-SXM4-40GB MIG 4g.20gb (0),1,,13,"void pusch_noise_intf_est::noiseIntfEstNoDftSOfdmKernel<float, __half, float, float, (unsigned int)2, (unsigned int)1, (unsigned char)4, (unsigned char)4>(pusch_noise_intf_est::puschRxNoiseIntfEstDynDescr)"
4756735930,2752,310988,35,1,1,128,1,1,16,0.000,0.000,,,,,NVIDIA A100-SXM4-40GB MIG 4g.20gb (0),1,,13,cupy_copy__complex64_complex64
4756744154,1728,310997,1,1,1,1,1,1,18,0.000,0.000,,,,,NVIDIA A100-SXM4-40GB MIG 4g.20gb (0),1,,13,cupy_copy__float32_float32
4756747514,3040,311003,,,,,,,,,,0.000,1.316,Device,Pageable,NVIDIA A100-SXM4-40GB MIG 4g.20gb (0),1,,7,[CUDA memcpy Device-to-Host]
4756822457,12736,311014,1434,1,1,128,1,1,16,0.000,0.000,,,,,NVIDIA A100-SXM4-40GB MIG 4g.20gb (0),1,,13,cupy_copy__complex64_complex64
4756851417,2720,311021,103,1,1,128,1,1,16,0.000,0.000,,,,,NVIDIA A100-SXM4-40GB MIG 4g.20gb (0),1,,13,cupy_copy__complex64_complex64
4756867192,2944,311028,35,1,1,128,1,1,16,0.000,0.000,,,,,NVIDIA A100-SXM4-40GB MIG 4g.20gb (0),1,,13,cupy_copy__complex64_complex64
4756889560,1760,311035,1,1,1,1,1,1,18,0.000,0.000,,,,,NVIDIA A100-SXM4-40GB MIG 4g.20gb (0),1,,13,cupy_copy__float32_float32
4757013463,87679,311046,1,1,1,32,32,1,30,0.000,0.000,,,,,NVIDIA A100-SXM4-40GB MIG 4g.20gb (0),1,,13,"void convert_kernel<__half2, float2>(tensor_layout_any, T1 *, tensor_layout_any, const T2 *)"
4757128917,5408,311049,,,,,,,,,,0.094,17325.421,Pinned,Device,NVIDIA A100-SXM4-40GB MIG 4g.20gb (0),1,,13,[CUDA memcpy Host-to-Device]
4757143445,3552,311050,,,,,,,,,,1.547,435422.601,Device,,NVIDIA A100-SXM4-40GB MIG 4g.20gb (0),1,,13,[CUDA memset]
4757150901,3488,311055,,,,,,,,,,0.031,8972.469,Pinned,Device,NVIDIA A100-SXM4-40GB MIG 4g.20gb (0),1,,13,[CUDA memcpy Host-to-Device]
4757156469,9664,311056,,,,,,,,,,0.197,20344.209,Pinned,Device,NVIDIA A100-SXM4-40GB MIG 4g.20gb (0),1,,13,[CUDA memcpy Host-to-Device]
4757171285,6112,311057,273,1,1,8,4,1,39,0.002,0.000,,,,,NVIDIA A100-SXM4-40GB MIG 4g.20gb (0),1,,13,"void channel_eq::eqMmseCoefCompLowMimoKernel<float, float, float, (unsigned int)4, (unsigned int)1, (unsigned int)4>(const channel_eq::_puschRxChEqStatDescr *, channel_eq::_puschRxChEqCoefCompDynDescr)"
4757178517,6368,311058,273,1,1,12,11,1,51,0.002,0.000,,,,,NVIDIA A100-SXM4-40GB MIG 4g.20gb (0),1,,13,"void channel_eq::eqMmseSoftDemapKernel<float, __half, __half, float, (unsigned int)4, (unsigned short)16383>(channel_eq::_puschRxChEqStatDescr *, channel_eq::_puschRxChEqSoftDemapDynDescr)"
4757186005,282524,311059,1,1,1,32,32,1,30,0.000,0.000,,,,,NVIDIA A100-SXM4-40GB MIG 4g.20gb (0),1,,13,"void convert_kernel<float2, __half2>(tensor_layout_any, T1 *, tensor_layout_any, const T2 *)"
4757473009,10880,311071,2253,1,1,128,1,1,16,0.000,0.000,,,,,NVIDIA A100-SXM4-40GB MIG 4g.20gb (0),1,,13,cupy_copy__float16_float16
4757487761,3136,311080,282,1,1,128,1,1,16,0.000,0.000,,,,,NVIDIA A100-SXM4-40GB MIG 4g.20gb (0),1,,13,cupy_copy__complex64_complex64
4757493521,2048,311089,26,1,1,128,1,1,16,0.000,0.000,,,,,NVIDIA A100-SXM4-40GB MIG 4g.20gb (0),1,,13,cupy_copy__float32_float32
4757497521,3232,311098,103,1,1,128,1,1,16,0.000,0.000,,,,,NVIDIA A100-SXM4-40GB MIG 4g.20gb (0),1,,13,cupy_copy__complex64_complex64
4757501745,11871,311108,1434,1,1,128,1,1,16,0.000,0.000,,,,,NVIDIA A100-SXM4-40GB MIG 4g.20gb (0),1,,13,cupy_copy__complex64_complex64
4757515792,82271,311113,1,1,1,32,32,1,30,0.000,0.000,,,,,NVIDIA A100-SXM4-40GB MIG 4g.20gb (0),1,,13,"void convert_kernel<__half2, float2>(tensor_layout_any, T1 *, tensor_layout_any, const T2 *)"
4757624527,5792,311116,,,,,,,,,,0.094,16176.708,Pinned,Device,NVIDIA A100-SXM4-40GB MIG 4g.20gb (0),1,,13,[CUDA memcpy Host-to-Device]
4757635311,601945,311117,,,,,,,,,,456.561,758348.552,Device,,NVIDIA A100-SXM4-40GB MIG 4g.20gb (0),1,,13,[CUDA memset]
4758241128,137758,311122,,,,,,,,,,1.235,8964.458,Pinned,Device,NVIDIA A100-SXM4-40GB MIG 4g.20gb (0),1,,13,[CUDA memcpy Host-to-Device]
4758391238,35551,311123,,,,,,,,,,0.197,5530.190,Pinned,Device,NVIDIA A100-SXM4-40GB MIG 4g.20gb (0),1,,13,[CUDA memcpy Host-to-Device]
4758438885,8384,311124,69,4,1,48,1,1,76,0.002,0.000,,,,,NVIDIA A100-SXM4-40GB MIG 4g.20gb (0),1,,13,"void ch_est::windowedChEstPreNoDftSOfdmKernel<float, __half, float, (unsigned int)2, (unsigned int)1, (unsigned short)4>(ch_est::puschRxChEstStatDescr_t *, ch_est::puschRxChEstDynDescr_t *)"
4758457541,6912,311125,137,2,1,24,2,1,44,0.001,0.001,,,,,NVIDIA A100-SXM4-40GB MIG 4g.20gb (0),1,,13,"void ch_est::chEstFilterNoDftSOfdmDispatchKernel<float, __half, float, (unsigned int)2>(ch_est::puschRxChEstStatDescr_t *, ch_est::puschRxChEstDynDescr_t *)"
4758471781,4704,311126,137,2,1,24,2,1,44,0.001,0.001,,,,,NVIDIA A100-SXM4-40GB MIG 4g.20gb (0),1,,13,"void ch_est::chEstFilterNoDftSOfdmDispatchKernel<float, __half, float, (unsigned int)2>(ch_est::puschRxChEstStatDescr_t *, ch_est::puschRxChEstDynDescr_t *)"
4758487076,2752,311137,103,1,1,128,1,1,16,0.000,0.000,,,,,NVIDIA A100-SXM4-40GB MIG 4g.20gb (0),1,,13,cupy_copy__complex64_complex64
4758499556,12928,311147,1434,1,1,128,1,1,16,0.000,0.000,,,,,NVIDIA A100-SXM4-40GB MIG 4g.20gb (0),1,,13,cupy_copy__complex64_complex64
4758530404,2464,311154,103,1,1,128,1,1,16,0.000,0.000,,,,,NVIDIA A100-SXM4-40GB MIG 4g.20gb (0),1,,13,cupy_copy__complex64_complex64
4758543492,87007,311161,1,1,1,32,32,1,30,0.000,0.000,,,,,NVIDIA A100-SXM4-40GB MIG 4g.20gb (0),1,,13,"void convert_kernel<__half2, float2>(tensor_layout_any, T1 *, tensor_layout_any, const T2 *)"
4758660194,17408,311164,,,,,,,,,,0.094,5382.273,Pinned,Device,NVIDIA A100-SXM4-40GB MIG 4g.20gb (0),1,,13,[CUDA memcpy Host-to-Device]
4758699138,47615,311165,,,,,,,,,,35.810,752044.130,Device,,NVIDIA A100-SXM4-40GB MIG 4g.20gb (0),1,,13,[CUDA memset]
4758752289,9856,311167,,,,,,,,,,0.000,8.117,Pinned,Device,NVIDIA A100-SXM4-40GB MIG 4g.20gb (0),1,,13,[CUDA memcpy Host-to-Device]
4758769633,33760,311168,,,,,,,,,,0.197,5823.529,Pinned,Device,NVIDIA A100-SXM4-40GB MIG 4g.20gb (0),1,,13,[CUDA memcpy Host-to-Device]
4758837472,10304,311169,273,1,1,48,1,1,40,0.000,0.001,,,,,NVIDIA A100-SXM4-40GB MIG 4g.20gb (0),1,,13,"void pusch_noise_intf_est::noiseIntfEstNoDftSOfdmKernel<float, __half, float, float, (unsigned int)2, (unsigned int)1, (unsigned char)4, (unsigned char)4>(pusch_noise_intf_est::puschRxNoiseIntfEstDynDescr)"
4758854912,2624,311180,35,1,1,128,1,1,16,0.000,0.000,,,,,NVIDIA A100-SXM4-40GB MIG 4g.20gb (0),1,,13,cupy_copy__complex64_complex64
4758871360,1664,311189,1,1,1,1,1,1,18,0.000,0.000,,,,,NVIDIA A100-SXM4-40GB MIG 4g.20gb (0),1,,13,cupy_copy__float32_float32
4758875360,8320,311195,,,,,,,,,,0.000,0.481,Device,Pageable,NVIDIA A100-SXM4-40GB MIG 4g.20gb (0),1,,7,[CUDA memcpy Device-to-Host]
4758980094,12640,311206,1434,1,1,128,1,1,16,0.000,0.000,,,,,NVIDIA A100-SXM4-40GB MIG 4g.20gb (0),1,,13,cupy_copy__complex64_complex64
4759002238,3392,311213,103,1,1,128,1,1,16,0.000,0.000,,,,,NVIDIA A100-SXM4-40GB MIG 4g.20gb (0),1,,13,cupy_copy__complex64_complex64
4759023870,2560,311220,35,1,1,128,1,1,16,0.000,0.000,,,,,NVIDIA A100-SXM4-40GB MIG 4g.20gb (0),1,,13,cupy_copy__complex64_complex64
4759043390,1696,311227,1,1,1,1,1,1,18,0.000,0.000,,,,,NVIDIA A100-SXM4-40GB MIG 4g.20gb (0),1,,13,cupy_copy__float32_float32
4759171900,86399,311238,1,1,1,32,32,1,30,0.000,0.000,,,,,NVIDIA A100-SXM4-40GB MIG 4g.20gb (0),1,,13,"void convert_kernel<__half2, float2>(tensor_layout_any, T1 *, tensor_layout_any, const T2 *)"
4759290491,13311,311241,,,,,,,,,,0.094,7038.912,Pinned,Device,NVIDIA A100-SXM4-40GB MIG 4g.20gb (0),1,,13,[CUDA memcpy Host-to-Device]
4759316090,3328,311242,,,,,,,,,,1.547,464729.580,Device,,NVIDIA A100-SXM4-40GB MIG 4g.20gb (0),1,,13,[CUDA memset]
4759326138,7776,311247,,,,,,,,,,0.031,4024.666,Pinned,Device,NVIDIA A100-SXM4-40GB MIG 4g.20gb (0),1,,13,[CUDA memcpy Host-to-Device]
4759341018,12768,311248,,,,,,,,,,0.197,15398.339,Pinned,Device,NVIDIA A100-SXM4-40GB MIG 4g.20gb (0),1,,13,[CUDA memcpy Host-to-Device]
4759365882,6368,311249,273,1,1,8,4,1,39,0.002,0.000,,,,,NVIDIA A100-SXM4-40GB MIG 4g.20gb (0),1,,13,"void channel_eq::eqMmseCoefCompLowMimoKernel<float, float, float, (unsigned int)4, (unsigned int)1, (unsigned int)4>(const channel_eq::_puschRxChEqStatDescr *, channel_eq::_puschRxChEqCoefCompDynDescr)"
4759373626,7839,311250,273,1,1,12,11,1,51,0.002,0.000,,,,,NVIDIA A100-SXM4-40GB MIG 4g.20gb (0),1,,13,"void channel_eq::eqMmseSoftDemapKernel<float, __half, __half, float, (unsigned int)4, (unsigned short)16383>(channel_eq::_puschRxChEqStatDescr *, channel_eq::_puschRxChEqSoftDemapDynDescr)"
4759388633,290653,311251,1,1,1,32,32,1,30,0.000,0.000,,,,,NVIDIA A100-SXM4-40GB MIG 4g.20gb (0),1,,13,"void convert_kernel<float2, __half2>(tensor_layout_any, T1 *, tensor_layout_any, const T2 *)"
4759680406,11072,311263,2253,1,1,128,1,1,16,0.000,0.000,,,,,NVIDIA A100-SXM4-40GB MIG 4g.20gb (0),1,,13,cupy_copy__float16_float16
4759693430,2976,311272,282,1,1,128,1,1,16,0.000,0.000,,,,,NVIDIA A100-SXM4-40GB MIG 4g.20gb (0),1,,13,cupy_copy__complex64_complex64
4759700054,2016,311281,26,1,1,128,1,1,16,0.000,0.000,,,,,NVIDIA A100-SXM4-40GB MIG 4g.20gb (0),1,,13,cupy_copy__float32_float32
4759703702,2911,311290,103,1,1,128,1,1,16,0.000,0.000,,,,,NVIDIA A100-SXM4-40GB MIG 4g.20gb (0),1,,13,cupy_copy__complex64_complex64
4759707733,11968,311300,1434,1,1,128,1,1,16,0.000,0.000,,,,,NVIDIA A100-SXM4-40GB MIG 4g.20gb (0),1,,13,cupy_copy__complex64_complex64
4759721301,87039,311305,1,1,1,32,32,1,30,0.000,0.000,,,,,NVIDIA A100-SXM4-40GB MIG 4g.20gb (0),1,,13,"void convert_kernel<__half2, float2>(tensor_layout_any, T1 *, tensor_layout_any, const T2 *)"
4759835604,5664,311308,,,,,,,,,,0.094,16542.310,Pinned,Device,NVIDIA A100-SXM4-40GB MIG 4g.20gb (0),1,,13,[CUDA memcpy Host-to-Device]
4759845460,597368,311309,,,,,,,,,,456.561,764283.851,Device,,NVIDIA A100-SXM4-40GB MIG 4g.20gb (0),1,,13,[CUDA memset]
4760446476,135167,311314,,,,,,,,,,1.235,9136.116,Pinned,Device,NVIDIA A100-SXM4-40GB MIG 4g.20gb (0),1,,13,[CUDA memcpy Host-to-Device]
4760590123,17471,311315,,,,,,,,,,0.197,11253.252,Pinned,Device,NVIDIA A100-SXM4-40GB MIG 4g.20gb (0),1,,13,[CUDA memcpy Host-to-Device]
4760620810,8608,311316,69,4,1,48,1,1,76,0.002,0.000,,,,,NVIDIA A100-SXM4-40GB MIG 4g.20gb (0),1,,13,"void ch_est::windowedChEstPreNoDftSOfdmKernel<float, __half, float, (unsigned int)2, (unsigned int)1, (unsigned short)4>(ch_est::puschRxChEstStatDescr_t *, ch_est::puschRxChEstDynDescr_t *)"
4760636394,6368,311317,137,2,1,24,2,1,44,0.001,0.001,,,,,NVIDIA A100-SXM4-40GB MIG 4g.20gb (0),1,,13,"void ch_est::chEstFilterNoDftSOfdmDispatchKernel<float, __half, float, (unsigned int)2>(ch_est::puschRxChEstStatDescr_t *, ch_est::puschRxChEstDynDescr_t *)"
4760644458,6368,311318,137,2,1,24,2,1,44,0.001,0.001,,,,,NVIDIA A100-SXM4-40GB MIG 4g.20gb (0),1,,13,"void ch_est::chEstFilterNoDftSOfdmDispatchKernel<float, __half, float, (unsigned int)2>(ch_est::puschRxChEstStatDescr_t *, ch_est::puschRxChEstDynDescr_t *)"
4760653578,2944,311329,103,1,1,128,1,1,16,0.000,0.000,,,,,NVIDIA A100-SXM4-40GB MIG 4g.20gb (0),1,,13,cupy_copy__complex64_complex64
4760661162,12512,311339,1434,1,1,128,1,1,16,0.000,0.000,,,,,NVIDIA A100-SXM4-40GB MIG 4g.20gb (0),1,,13,cupy_copy__complex64_complex64
4760676490,2751,311346,103,1,1,128,1,1,16,0.000,0.000,,,,,NVIDIA A100-SXM4-40GB MIG 4g.20gb (0),1,,13,cupy_copy__complex64_complex64
4760686249,86751,311353,1,1,1,32,32,1,30,0.000,0.000,,,,,NVIDIA A100-SXM4-40GB MIG 4g.20gb (0),1,,13,"void convert_kernel<__half2, float2>(tensor_layout_any, T1 *, tensor_layout_any, const T2 *)"
4760804232,12960,311356,,,,,,,,,,0.094,7229.583,Pinned,Device,NVIDIA A100-SXM4-40GB MIG 4g.20gb (0),1,,13,[CUDA memcpy Host-to-Device]
4760821928,47519,311357,,,,,,,,,,35.810,753583.956,Device,,NVIDIA A100-SXM4-40GB MIG 4g.20gb (0),1,,13,[CUDA memset]
4760872487,7520,311359,,,,,,,,,,0.000,10.638,Pinned,Device,NVIDIA A100-SXM4-40GB MIG 4g.20gb (0),1,,13,[CUDA memcpy Host-to-Device]
4760886343,22688,311360,,,,,,,,,,0.197,8665.694,Pinned,Device,NVIDIA A100-SXM4-40GB MIG 4g.20gb (0),1,,13,[CUDA memcpy Host-to-Device]
4760922630,9088,311361,273,1,1,48,1,1,40,0.000,0.001,,,,,NVIDIA A100-SXM4-40GB MIG 4g.20gb (0),1,,13,"void pusch_noise_intf_est::noiseIntfEstNoDftSOfdmKernel<float, __half, float, float, (unsigned int)2, (unsigned int)1, (unsigned char)4, (unsigned char)4>(pusch_noise_intf_est::puschRxNoiseIntfEstDynDescr)"
4760940166,2848,311372,35,1,1,128,1,1,16,0.000,0.000,,,,,NVIDIA A100-SXM4-40GB MIG 4g.20gb (0),1,,13,cupy_copy__complex64_complex64
4760948870,1728,311381,1,1,1,1,1,1,18,0.000,0.000,,,,,NVIDIA A100-SXM4-40GB MIG 4g.20gb (0),1,,13,cupy_copy__float32_float32
4760957702,4672,311387,,,,,,,,,,0.000,0.856,Device,Pageable,NVIDIA A100-SXM4-40GB MIG 4g.20gb (0),1,,7,[CUDA memcpy Device-to-Host]
4761023077,12960,311398,1434,1,1,128,1,1,16,0.000,0.000,,,,,NVIDIA A100-SXM4-40GB MIG 4g.20gb (0),1,,13,cupy_copy__complex64_complex64
4761050917,3392,311405,103,1,1,128,1,1,16,0.000,0.000,,,,,NVIDIA A100-SXM4-40GB MIG 4g.20gb (0),1,,13,cupy_copy__complex64_complex64
4761071973,2272,311412,35,1,1,128,1,1,16,0.000,0.000,,,,,NVIDIA A100-SXM4-40GB MIG 4g.20gb (0),1,,13,cupy_copy__complex64_complex64
4761089060,1760,311419,1,1,1,1,1,1,18,0.000,0.000,,,,,NVIDIA A100-SXM4-40GB MIG 4g.20gb (0),1,,13,cupy_copy__float32_float32
4761224611,87839,311430,1,1,1,32,32,1,30,0.000,0.000,,,,,NVIDIA A100-SXM4-40GB MIG 4g.20gb (0),1,,13,"void convert_kernel<__half2, float2>(tensor_layout_any, T1 *, tensor_layout_any, const T2 *)"
4761340449,5408,311433,,,,,,,,,,0.094,17325.421,Pinned,Device,NVIDIA A100-SXM4-40GB MIG 4g.20gb (0),1,,13,[CUDA memcpy Host-to-Device]
4761354145,3360,311434,,,,,,,,,,1.547,460304.688,Device,,NVIDIA A100-SXM4-40GB MIG 4g.20gb (0),1,,13,[CUDA memset]
4761361313,3520,311439,,,,,,,,,,0.031,8890.881,Pinned,Device,NVIDIA A100-SXM4-40GB MIG 4g.20gb (0),1,,13,[CUDA memcpy Host-to-Device]
4761367585,9760,311440,,,,,,,,,,0.197,20144.259,Pinned,Device,NVIDIA A100-SXM4-40GB MIG 4g.20gb (0),1,,13,[CUDA memcpy Host-to-Device]
4761383393,6464,311441,273,1,1,8,4,1,39,0.002,0.000,,,,,NVIDIA A100-SXM4-40GB MIG 4g.20gb (0),1,,13,"void channel_eq::eqMmseCoefCompLowMimoKernel<float, float, float, (unsigned int)4, (unsigned int)1, (unsigned int)4>(const channel_eq::_puschRxChEqStatDescr *, channel_eq::_puschRxChEqCoefCompDynDescr)"
4761390849,5856,311442,273,1,1,12,11,1,51,0.002,0.000,,,,,NVIDIA A100-SXM4-40GB MIG 4g.20gb (0),1,,13,"void channel_eq::eqMmseSoftDemapKernel<float, __half, __half, float, (unsigned int)4, (unsigned short)16383>(channel_eq::_puschRxChEqStatDescr *, channel_eq::_puschRxChEqSoftDemapDynDescr)"
4761399809,295260,311443,1,1,1,32,32,1,30,0.000,0.000,,,,,NVIDIA A100-SXM4-40GB MIG 4g.20gb (0),1,,13,"void convert_kernel<float2, __half2>(tensor_layout_any, T1 *, tensor_layout_any, const T2 *)"
4761696061,11136,311455,2253,1,1,128,1,1,16,0.000,0.000,,,,,NVIDIA A100-SXM4-40GB MIG 4g.20gb (0),1,,13,cupy_copy__float16_float16
4761712861,3200,311464,282,1,1,128,1,1,16,0.000,0.000,,,,,NVIDIA A100-SXM4-40GB MIG 4g.20gb (0),1,,13,cupy_copy__complex64_complex64
4761717693,2112,311473,26,1,1,128,1,1,16,0.000,0.000,,,,,NVIDIA A100-SXM4-40GB MIG 4g.20gb (0),1,,13,cupy_copy__float32_float32
4761721373,4672,311482,103,1,1,128,1,1,16,0.000,0.000,,,,,NVIDIA A100-SXM4-40GB MIG 4g.20gb (0),1,,13,cupy_copy__complex64_complex64
4761728701,12543,311492,1434,1,1,128,1,1,16,0.000,0.000,,,,,NVIDIA A100-SXM4-40GB MIG 4g.20gb (0),1,,13,cupy_copy__complex64_complex64
4761745852,88703,311497,1,1,1,32,32,1,30,0.000,0.000,,,,,NVIDIA A100-SXM4-40GB MIG 4g.20gb (0),1,,13,"void convert_kernel<__half2, float2>(tensor_layout_any, T1 *, tensor_layout_any, const T2 *)"
4761861979,5632,311500,,,,,,,,,,0.094,16636.287,Pinned,Device,NVIDIA A100-SXM4-40GB MIG 4g.20gb (0),1,,13,[CUDA memcpy Host-to-Device]
4761872283,597688,311501,,,,,,,,,,456.561,763827.289,Device,,NVIDIA A100-SXM4-40GB MIG 4g.20gb (0),1,,13,[CUDA memset]
4762473875,146207,311506,,,,,,,,,,1.235,8445.782,Pinned,Device,NVIDIA A100-SXM4-40GB MIG 4g.20gb (0),1,,13,[CUDA memcpy Host-to-Device]
4762633425,41760,311507,,,,,,,,,,0.197,4707.975,Pinned,Device,NVIDIA A100-SXM4-40GB MIG 4g.20gb (0),1,,13,[CUDA memcpy Host-to-Device]
4762707216,8256,311508,69,4,1,48,1,1,76,0.002,0.000,,,,,NVIDIA A100-SXM4-40GB MIG 4g.20gb (0),1,,13,"void ch_est::windowedChEstPreNoDftSOfdmKernel<float, __half, float, (unsigned int)2, (unsigned int)1, (unsigned short)4>(ch_est::puschRxChEstStatDescr_t *, ch_est::puschRxChEstDynDescr_t *)"
4762725968,6976,311509,137,2,1,24,2,1,44,0.001,0.001,,,,,NVIDIA A100-SXM4-40GB MIG 4g.20gb (0),1,,13,"void ch_est::chEstFilterNoDftSOfdmDispatchKernel<float, __half, float, (unsigned int)2>(ch_est::puschRxChEstStatDescr_t *, ch_est::puschRxChEstDynDescr_t *)"
4762739440,4992,311510,137,2,1,24,2,1,44,0.001,0.001,,,,,NVIDIA A100-SXM4-40GB MIG 4g.20gb (0),1,,13,"void ch_est::chEstFilterNoDftSOfdmDispatchKernel<float, __half, float, (unsigned int)2>(ch_est::puschRxChEstStatDescr_t *, ch_est::puschRxChEstDynDescr_t *)"
4762754192,2624,311521,103,1,1,128,1,1,16,0.000,0.000,,,,,NVIDIA A100-SXM4-40GB MIG 4g.20gb (0),1,,13,cupy_copy__complex64_complex64
4762766512,12352,311531,1434,1,1,128,1,1,16,0.000,0.000,,,,,NVIDIA A100-SXM4-40GB MIG 4g.20gb (0),1,,13,cupy_copy__complex64_complex64
4762785648,2591,311538,103,1,1,128,1,1,16,0.000,0.000,,,,,NVIDIA A100-SXM4-40GB MIG 4g.20gb (0),1,,13,cupy_copy__complex64_complex64
4762799663,91167,311545,1,1,1,32,32,1,30,0.000,0.000,,,,,NVIDIA A100-SXM4-40GB MIG 4g.20gb (0),1,,13,"void convert_kernel<__half2, float2>(tensor_layout_any, T1 *, tensor_layout_any, const T2 *)"
4762923534,13376,311548,,,,,,,,,,0.094,7004.713,Pinned,Device,NVIDIA A100-SXM4-40GB MIG 4g.20gb (0),1,,13,[CUDA memcpy Host-to-Device]
4762948494,46943,311549,,,,,,,,,,35.810,762822.916,Device,,NVIDIA A100-SXM4-40GB MIG 4g.20gb (0),1,,13,[CUDA memset]
4763003053,10112,311551,,,,,,,,,,0.000,7.911,Pinned,Device,NVIDIA A100-SXM4-40GB MIG 4g.20gb (0),1,,13,[CUDA memcpy Host-to-Device]
4763021133,17119,311552,,,,,,,,,,0.197,11484.660,Pinned,Device,NVIDIA A100-SXM4-40GB MIG 4g.20gb (0),1,,13,[CUDA memcpy Host-to-Device]
4763051660,9664,311553,273,1,1,48,1,1,40,0.000,0.001,,,,,NVIDIA A100-SXM4-40GB MIG 4g.20gb (0),1,,13,"void pusch_noise_intf_est::noiseIntfEstNoDftSOfdmKernel<float, __half, float, float, (unsigned int)2, (unsigned int)1, (unsigned char)4, (unsigned char)4>(pusch_noise_intf_est::puschRxNoiseIntfEstDynDescr)"
4763069068,3008,311564,35,1,1,128,1,1,16,0.000,0.000,,,,,NVIDIA A100-SXM4-40GB MIG 4g.20gb (0),1,,13,cupy_copy__complex64_complex64
4763078860,1760,311573,1,1,1,1,1,1,18,0.000,0.000,,,,,NVIDIA A100-SXM4-40GB MIG 4g.20gb (0),1,,13,cupy_copy__float32_float32
4763085292,3616,311579,,,,,,,,,,0.000,1.106,Device,Pageable,NVIDIA A100-SXM4-40GB MIG 4g.20gb (0),1,,7,[CUDA memcpy Device-to-Host]
4763167019,13152,311590,1434,1,1,128,1,1,16,0.000,0.000,,,,,NVIDIA A100-SXM4-40GB MIG 4g.20gb (0),1,,13,cupy_copy__complex64_complex64
4763197802,2784,311597,103,1,1,128,1,1,16,0.000,0.000,,,,,NVIDIA A100-SXM4-40GB MIG 4g.20gb (0),1,,13,cupy_copy__complex64_complex64
4763219466,2592,311604,35,1,1,128,1,1,16,0.000,0.000,,,,,NVIDIA A100-SXM4-40GB MIG 4g.20gb (0),1,,13,cupy_copy__complex64_complex64
4763240906,1824,311611,1,1,1,1,1,1,18,0.000,0.000,,,,,NVIDIA A100-SXM4-40GB MIG 4g.20gb (0),1,,13,cupy_copy__float32_float32
4763361832,82911,311622,1,1,1,32,32,1,30,0.000,0.000,,,,,NVIDIA A100-SXM4-40GB MIG 4g.20gb (0),1,,13,"void convert_kernel<__half2, float2>(tensor_layout_any, T1 *, tensor_layout_any, const T2 *)"
4763473255,6080,311625,,,,,,,,,,0.094,15410.462,Pinned,Device,NVIDIA A100-SXM4-40GB MIG 4g.20gb (0),1,,13,[CUDA memcpy Host-to-Device]
4763487335,3200,311626,,,,,,,,,,1.547,483320.000,Device,,NVIDIA A100-SXM4-40GB MIG 4g.20gb (0),1,,13,[CUDA memset]
4763494311,3040,311631,,,,,,,,,,0.031,10294.725,Pinned,Device,NVIDIA A100-SXM4-40GB MIG 4g.20gb (0),1,,13,[CUDA memcpy Host-to-Device]
4763500295,9504,311632,,,,,,,,,,0.197,20686.701,Pinned,Device,NVIDIA A100-SXM4-40GB MIG 4g.20gb (0),1,,13,[CUDA memcpy Host-to-Device]
4763514183,8255,311633,273,1,1,8,4,1,39,0.002,0.000,,,,,NVIDIA A100-SXM4-40GB MIG 4g.20gb (0),1,,13,"void channel_eq::eqMmseCoefCompLowMimoKernel<float, float, float, (unsigned int)4, (unsigned int)1, (unsigned int)4>(const channel_eq::_puschRxChEqStatDescr *, channel_eq::_puschRxChEqCoefCompDynDescr)"
4763523526,6176,311634,273,1,1,12,11,1,51,0.002,0.000,,,,,NVIDIA A100-SXM4-40GB MIG 4g.20gb (0),1,,13,"void channel_eq::eqMmseSoftDemapKernel<float, __half, __half, float, (unsigned int)4, (unsigned short)16383>(channel_eq::_puschRxChEqStatDescr *, channel_eq::_puschRxChEqSoftDemapDynDescr)"
4763532198,294685,311635,1,1,1,32,32,1,30,0.000,0.000,,,,,NVIDIA A100-SXM4-40GB MIG 4g.20gb (0),1,,13,"void convert_kernel<float2, __half2>(tensor_layout_any, T1 *, tensor_layout_any, const T2 *)"
4763829315,11008,311647,2253,1,1,128,1,1,16,0.000,0.000,,,,,NVIDIA A100-SXM4-40GB MIG 4g.20gb (0),1,,13,cupy_copy__float16_float16
4763844642,3424,311656,282,1,1,128,1,1,16,0.000,0.000,,,,,NVIDIA A100-SXM4-40GB MIG 4g.20gb (0),1,,13,cupy_copy__complex64_complex64
4763851874,2016,311665,26,1,1,128,1,1,16,0.000,0.000,,,,,NVIDIA A100-SXM4-40GB MIG 4g.20gb (0),1,,13,cupy_copy__float32_float32
4763855906,3104,311674,103,1,1,128,1,1,16,0.000,0.000,,,,,NVIDIA A100-SXM4-40GB MIG 4g.20gb (0),1,,13,cupy_copy__complex64_complex64
4763860002,11872,311684,1434,1,1,128,1,1,16,0.000,0.000,,,,,NVIDIA A100-SXM4-40GB MIG 4g.20gb (0),1,,13,cupy_copy__complex64_complex64
4763874530,82047,311689,1,1,1,32,32,1,30,0.000,0.000,,,,,NVIDIA A100-SXM4-40GB MIG 4g.20gb (0),1,,13,"void convert_kernel<__half2, float2>(tensor_layout_any, T1 *, tensor_layout_any, const T2 *)"
4763983617,5568,311692,,,,,,,,,,0.094,16827.521,Pinned,Device,NVIDIA A100-SXM4-40GB MIG 4g.20gb (0),1,,13,[CUDA memcpy Host-to-Device]
4763994689,599000,311693,,,,,,,,,,456.561,762001.043,Device,,NVIDIA A100-SXM4-40GB MIG 4g.20gb (0),1,,13,[CUDA memset]
4764601817,132255,311698,,,,,,,,,,1.235,9337.412,Pinned,Device,NVIDIA A100-SXM4-40GB MIG 4g.20gb (0),1,,13,[CUDA memcpy Host-to-Device]
4764743255,32160,311699,,,,,,,,,,0.197,6113.329,Pinned,Device,NVIDIA A100-SXM4-40GB MIG 4g.20gb (0),1,,13,[CUDA memcpy Host-to-Device]
4764787959,8064,311700,69,4,1,48,1,1,76,0.002,0.000,,,,,NVIDIA A100-SXM4-40GB MIG 4g.20gb (0),1,,13,"void ch_est::windowedChEstPreNoDftSOfdmKernel<float, __half, float, (unsigned int)2, (unsigned int)1, (unsigned short)4>(ch_est::puschRxChEstStatDescr_t *, ch_est::puschRxChEstDynDescr_t *)"
4764801783,6624,311701,137,2,1,24,2,1,44,0.001,0.001,,,,,NVIDIA A100-SXM4-40GB MIG 4g.20gb (0),1,,13,"void ch_est::chEstFilterNoDftSOfdmDispatchKernel<float, __half, float, (unsigned int)2>(ch_est::puschRxChEstStatDescr_t *, ch_est::puschRxChEstDynDescr_t *)"
4764818198,4832,311702,137,2,1,24,2,1,44,0.001,0.001,,,,,NVIDIA A100-SXM4-40GB MIG 4g.20gb (0),1,,13,"void ch_est::chEstFilterNoDftSOfdmDispatchKernel<float, __half, float, (unsigned int)2>(ch_est::puschRxChEstStatDescr_t *, ch_est::puschRxChEstDynDescr_t *)"
4764830774,2624,311713,103,1,1,128,1,1,16,0.000,0.000,,,,,NVIDIA A100-SXM4-40GB MIG 4g.20gb (0),1,,13,cupy_copy__complex64_complex64
4764843542,12448,311723,1434,1,1,128,1,1,16,0.000,0.000,,,,,NVIDIA A100-SXM4-40GB MIG 4g.20gb (0),1,,13,cupy_copy__complex64_complex64
4764874774,2720,311730,103,1,1,128,1,1,16,0.000,0.000,,,,,NVIDIA A100-SXM4-40GB MIG 4g.20gb (0),1,,13,cupy_copy__complex64_complex64
4764891606,84447,311737,1,1,1,32,32,1,30,0.000,0.000,,,,,NVIDIA A100-SXM4-40GB MIG 4g.20gb (0),1,,13,"void convert_kernel<__half2, float2>(tensor_layout_any, T1 *, tensor_layout_any, const T2 *)"
4765007508,16928,311740,,,,,,,,,,0.094,5534.904,Pinned,Device,NVIDIA A100-SXM4-40GB MIG 4g.20gb (0),1,,13,[CUDA memcpy Host-to-Device]
4765038004,48223,311741,,,,,,,,,,35.810,742554.501,Device,,NVIDIA A100-SXM4-40GB MIG 4g.20gb (0),1,,13,[CUDA memset]
4765089267,6432,311743,,,,,,,,,,0.000,12.438,Pinned,Device,NVIDIA A100-SXM4-40GB MIG 4g.20gb (0),1,,13,[CUDA memcpy Host-to-Device]
4765104019,14944,311744,,,,,,,,,,0.197,13156.221,Pinned,Device,NVIDIA A100-SXM4-40GB MIG 4g.20gb (0),1,,13,[CUDA memcpy Host-to-Device]
4765128563,9440,311745,273,1,1,48,1,1,40,0.000,0.001,,,,,NVIDIA A100-SXM4-40GB MIG 4g.20gb (0),1,,13,"void pusch_noise_intf_est::noiseIntfEstNoDftSOfdmKernel<float, __half, float, float, (unsigned int)2, (unsigned int)1, (unsigned char)4, (unsigned char)4>(pusch_noise_intf_est::puschRxNoiseIntfEstDynDescr)"
4765144370,3360,311756,35,1,1,128,1,1,16,0.000,0.000,,,,,NVIDIA A100-SXM4-40GB MIG 4g.20gb (0),1,,13,cupy_copy__complex64_complex64
4765152306,1920,311765,1,1,1,1,1,1,18,0.000,0.000,,,,,NVIDIA A100-SXM4-40GB MIG 4g.20gb (0),1,,13,cupy_copy__float32_float32
4765157970,6208,311771,,,,,,,,,,0.000,0.644,Device,Pageable,NVIDIA A100-SXM4-40GB MIG 4g.20gb (0),1,,7,[CUDA memcpy Device-to-Host]
4765228113,12832,311782,1434,1,1,128,1,1,16,0.000,0.000,,,,,NVIDIA A100-SXM4-40GB MIG 4g.20gb (0),1,,13,cupy_copy__complex64_complex64
4765258545,2912,311789,103,1,1,128,1,1,16,0.000,0.000,,,,,NVIDIA A100-SXM4-40GB MIG 4g.20gb (0),1,,13,cupy_copy__complex64_complex64
4765282833,2336,311796,35,1,1,128,1,1,16,0.000,0.000,,,,,NVIDIA A100-SXM4-40GB MIG 4g.20gb (0),1,,13,cupy_copy__complex64_complex64
4765307088,1888,311803,1,1,1,1,1,1,18,0.000,0.000,,,,,NVIDIA A100-SXM4-40GB MIG 4g.20gb (0),1,,13,cupy_copy__float32_float32
4765432399,83263,311814,1,1,1,32,32,1,30,0.000,0.000,,,,,NVIDIA A100-SXM4-40GB MIG 4g.20gb (0),1,,13,"void convert_kernel<__half2, float2>(tensor_layout_any, T1 *, tensor_layout_any, const T2 *)"
4765546510,13055,311817,,,,,,,,,,0.094,7177.020,Pinned,Device,NVIDIA A100-SXM4-40GB MIG 4g.20gb (0),1,,13,[CUDA memcpy Host-to-Device]
4765564429,3520,311818,,,,,,,,,,1.547,439380.412,Device,,NVIDIA A100-SXM4-40GB MIG 4g.20gb (0),1,,13,[CUDA memset]
4765575309,4416,311823,,,,,,,,,,0.031,7086.948,Pinned,Device,NVIDIA A100-SXM4-40GB MIG 4g.20gb (0),1,,13,[CUDA memcpy Host-to-Device]
4765586477,15424,311824,,,,,,,,,,0.197,12746.883,Pinned,Device,NVIDIA A100-SXM4-40GB MIG 4g.20gb (0),1,,13,[CUDA memcpy Host-to-Device]
4765610893,6400,311825,273,1,1,8,4,1,39,0.002,0.000,,,,,NVIDIA A100-SXM4-40GB MIG 4g.20gb (0),1,,13,"void channel_eq::eqMmseCoefCompLowMimoKernel<float, float, float, (unsigned int)4, (unsigned int)1, (unsigned int)4>(const channel_eq::_puschRxChEqStatDescr *, channel_eq::_puschRxChEqCoefCompDynDescr)"
4765621389,7615,311826,273,1,1,12,11,1,51,0.002,0.000,,,,,NVIDIA A100-SXM4-40GB MIG 4g.20gb (0),1,,13,"void channel_eq::eqMmseSoftDemapKernel<float, __half, __half, float, (unsigned int)4, (unsigned short)16383>(channel_eq::_puschRxChEqStatDescr *, channel_eq::_puschRxChEqSoftDemapDynDescr)"
4765630988,282973,311827,1,1,1,32,32,1,30,0.000,0.000,,,,,NVIDIA A100-SXM4-40GB MIG 4g.20gb (0),1,,13,"void convert_kernel<float2, __half2>(tensor_layout_any, T1 *, tensor_layout_any, const T2 *)"
4765916233,10976,311839,2253,1,1,128,1,1,16,0.000,0.000,,,,,NVIDIA A100-SXM4-40GB MIG 4g.20gb (0),1,,13,cupy_copy__float16_float16
4765929609,3072,311848,282,1,1,128,1,1,16,0.000,0.000,,,,,NVIDIA A100-SXM4-40GB MIG 4g.20gb (0),1,,13,cupy_copy__complex64_complex64
4765933801,2016,311857,26,1,1,128,1,1,16,0.000,0.000,,,,,NVIDIA A100-SXM4-40GB MIG 4g.20gb (0),1,,13,cupy_copy__float32_float32
4765938633,3648,311866,103,1,1,128,1,1,16,0.000,0.000,,,,,NVIDIA A100-SXM4-40GB MIG 4g.20gb (0),1,,13,cupy_copy__complex64_complex64
4765943945,11903,311876,1434,1,1,128,1,1,16,0.000,0.000,,,,,NVIDIA A100-SXM4-40GB MIG 4g.20gb (0),1,,13,cupy_copy__complex64_complex64
4765960712,85759,311881,1,1,1,32,32,1,30,0.000,0.000,,,,,NVIDIA A100-SXM4-40GB MIG 4g.20gb (0),1,,13,"void convert_kernel<__half2, float2>(tensor_layout_any, T1 *, tensor_layout_any, const T2 *)"
4766073383,5728,311884,,,,,,,,,,0.094,16357.541,Pinned,Device,NVIDIA A100-SXM4-40GB MIG 4g.20gb (0),1,,13,[CUDA memcpy Host-to-Device]
4766086279,598392,311885,,,,,,,,,,456.561,762914.166,Device,,NVIDIA A100-SXM4-40GB MIG 4g.20gb (0),1,,13,[CUDA memset]
4766690271,124383,311890,,,,,,,,,,1.235,9927.715,Pinned,Device,NVIDIA A100-SXM4-40GB MIG 4g.20gb (0),1,,13,[CUDA memcpy Host-to-Device]
4766827550,41791,311891,,,,,,,,,,0.197,4704.436,Pinned,Device,NVIDIA A100-SXM4-40GB MIG 4g.20gb (0),1,,13,[CUDA memcpy Host-to-Device]
4766898781,8256,311892,69,4,1,48,1,1,76,0.002,0.000,,,,,NVIDIA A100-SXM4-40GB MIG 4g.20gb (0),1,,13,"void ch_est::windowedChEstPreNoDftSOfdmKernel<float, __half, float, (unsigned int)2, (unsigned int)1, (unsigned short)4>(ch_est::puschRxChEstStatDescr_t *, ch_est::puschRxChEstDynDescr_t *)"
4766917757,6720,311893,137,2,1,24,2,1,44,0.001,0.001,,,,,NVIDIA A100-SXM4-40GB MIG 4g.20gb (0),1,,13,"void ch_est::chEstFilterNoDftSOfdmDispatchKernel<float, __half, float, (unsigned int)2>(ch_est::puschRxChEstStatDescr_t *, ch_est::puschRxChEstDynDescr_t *)"
4766935612,4768,311894,137,2,1,24,2,1,44,0.001,0.001,,,,,NVIDIA A100-SXM4-40GB MIG 4g.20gb (0),1,,13,"void ch_est::chEstFilterNoDftSOfdmDispatchKernel<float, __half, float, (unsigned int)2>(ch_est::puschRxChEstStatDescr_t *, ch_est::puschRxChEstDynDescr_t *)"
4766952540,2720,311905,103,1,1,128,1,1,16,0.000,0.000,,,,,NVIDIA A100-SXM4-40GB MIG 4g.20gb (0),1,,13,cupy_copy__complex64_complex64
4766969212,12768,311915,1434,1,1,128,1,1,16,0.000,0.000,,,,,NVIDIA A100-SXM4-40GB MIG 4g.20gb (0),1,,13,cupy_copy__complex64_complex64
4766988508,2944,311922,103,1,1,128,1,1,16,0.000,0.000,,,,,NVIDIA A100-SXM4-40GB MIG 4g.20gb (0),1,,13,cupy_copy__complex64_complex64
4767013691,90783,311929,1,1,1,32,32,1,30,0.000,0.000,,,,,NVIDIA A100-SXM4-40GB MIG 4g.20gb (0),1,,13,"void convert_kernel<__half2, float2>(tensor_layout_any, T1 *, tensor_layout_any, const T2 *)"
4767140186,23200,311932,,,,,,,,,,0.094,4038.579,Pinned,Device,NVIDIA A100-SXM4-40GB MIG 4g.20gb (0),1,,13,[CUDA memcpy Host-to-Device]
4767189209,46848,311933,,,,,,,,,,35.810,764362.742,Device,,NVIDIA A100-SXM4-40GB MIG 4g.20gb (0),1,,13,[CUDA memset]
4767243705,10943,311935,,,,,,,,,,0.000,7.311,Pinned,Device,NVIDIA A100-SXM4-40GB MIG 4g.20gb (0),1,,13,[CUDA memcpy Host-to-Device]
4767263416,22400,311936,,,,,,,,,,0.197,8776.974,Pinned,Device,NVIDIA A100-SXM4-40GB MIG 4g.20gb (0),1,,13,[CUDA memcpy Host-to-Device]
4767303864,9888,311937,273,1,1,48,1,1,40,0.000,0.001,,,,,NVIDIA A100-SXM4-40GB MIG 4g.20gb (0),1,,13,"void pusch_noise_intf_est::noiseIntfEstNoDftSOfdmKernel<float, __half, float, float, (unsigned int)2, (unsigned int)1, (unsigned char)4, (unsigned char)4>(pusch_noise_intf_est::puschRxNoiseIntfEstDynDescr)"
4767323800,2688,311948,35,1,1,128,1,1,16,0.000,0.000,,,,,NVIDIA A100-SXM4-40GB MIG 4g.20gb (0),1,,13,cupy_copy__complex64_complex64
4767339479,1696,311957,1,1,1,1,1,1,18,0.000,0.000,,,,,NVIDIA A100-SXM4-40GB MIG 4g.20gb (0),1,,13,cupy_copy__float32_float32
4767342711,4416,311963,,,,,,,,,,0.000,0.906,Device,Pageable,NVIDIA A100-SXM4-40GB MIG 4g.20gb (0),1,,7,[CUDA memcpy Device-to-Host]
4767414518,12864,311974,1434,1,1,128,1,1,16,0.000,0.000,,,,,NVIDIA A100-SXM4-40GB MIG 4g.20gb (0),1,,13,cupy_copy__complex64_complex64
4767446006,3488,311981,103,1,1,128,1,1,16,0.000,0.000,,,,,NVIDIA A100-SXM4-40GB MIG 4g.20gb (0),1,,13,cupy_copy__complex64_complex64
4767468150,2560,311988,35,1,1,128,1,1,16,0.000,0.000,,,,,NVIDIA A100-SXM4-40GB MIG 4g.20gb (0),1,,13,cupy_copy__complex64_complex64
4767484502,1728,311995,1,1,1,1,1,1,18,0.000,0.000,,,,,NVIDIA A100-SXM4-40GB MIG 4g.20gb (0),1,,13,cupy_copy__float32_float32
4767615924,82143,312006,1,1,1,32,32,1,30,0.000,0.000,,,,,NVIDIA A100-SXM4-40GB MIG 4g.20gb (0),1,,13,"void convert_kernel<__half2, float2>(tensor_layout_any, T1 *, tensor_layout_any, const T2 *)"
4767725715,5728,312009,,,,,,,,,,0.094,16357.541,Pinned,Device,NVIDIA A100-SXM4-40GB MIG 4g.20gb (0),1,,13,[CUDA memcpy Host-to-Device]
4767739634,3360,312010,,,,,,,,,,1.547,460304.688,Device,,NVIDIA A100-SXM4-40GB MIG 4g.20gb (0),1,,13,[CUDA memset]
4767746322,3712,312015,,,,,,,,,,0.031,8431.017,Pinned,Device,NVIDIA A100-SXM4-40GB MIG 4g.20gb (0),1,,13,[CUDA memcpy Host-to-Device]
4767752722,9600,312016,,,,,,,,,,0.197,20479.869,Pinned,Device,NVIDIA A100-SXM4-40GB MIG 4g.20gb (0),1,,13,[CUDA memcpy Host-to-Device]
4767768818,6176,312017,273,1,1,8,4,1,39,0.002,0.000,,,,,NVIDIA A100-SXM4-40GB MIG 4g.20gb (0),1,,13,"void channel_eq::eqMmseCoefCompLowMimoKernel<float, float, float, (unsigned int)4, (unsigned int)1, (unsigned int)4>(const channel_eq::_puschRxChEqStatDescr *, channel_eq::_puschRxChEqCoefCompDynDescr)"
4767778482,5792,312018,273,1,1,12,11,1,51,0.002,0.000,,,,,NVIDIA A100-SXM4-40GB MIG 4g.20gb (0),1,,13,"void channel_eq::eqMmseSoftDemapKernel<float, __half, __half, float, (unsigned int)4, (unsigned short)16383>(channel_eq::_puschRxChEqStatDescr *, channel_eq::_puschRxChEqSoftDemapDynDescr)"
4767787858,282716,312019,1,1,1,32,32,1,30,0.000,0.000,,,,,NVIDIA A100-SXM4-40GB MIG 4g.20gb (0),1,,13,"void convert_kernel<float2, __half2>(tensor_layout_any, T1 *, tensor_layout_any, const T2 *)"
4768073582,10976,312031,2253,1,1,128,1,1,16,0.000,0.000,,,,,NVIDIA A100-SXM4-40GB MIG 4g.20gb (0),1,,13,cupy_copy__float16_float16
4768088174,2976,312040,282,1,1,128,1,1,16,0.000,0.000,,,,,NVIDIA A100-SXM4-40GB MIG 4g.20gb (0),1,,13,cupy_copy__complex64_complex64
4768092270,2048,312049,26,1,1,128,1,1,16,0.000,0.000,,,,,NVIDIA A100-SXM4-40GB MIG 4g.20gb (0),1,,13,cupy_copy__float32_float32
4768096334,3168,312058,103,1,1,128,1,1,16,0.000,0.000,,,,,NVIDIA A100-SXM4-40GB MIG 4g.20gb (0),1,,13,cupy_copy__complex64_complex64
4768102126,12032,312068,1434,1,1,128,1,1,16,0.000,0.000,,,,,NVIDIA A100-SXM4-40GB MIG 4g.20gb (0),1,,13,cupy_copy__complex64_complex64
4768119150,86623,312073,1,1,1,32,32,1,30,0.000,0.000,,,,,NVIDIA A100-SXM4-40GB MIG 4g.20gb (0),1,,13,"void convert_kernel<__half2, float2>(tensor_layout_any, T1 *, tensor_layout_any, const T2 *)"
4768232748,5664,312076,,,,,,,,,,0.094,16542.310,Pinned,Device,NVIDIA A100-SXM4-40GB MIG 4g.20gb (0),1,,13,[CUDA memcpy Host-to-Device]
4768242988,596601,312077,,,,,,,,,,456.561,765196.973,Device,,NVIDIA A100-SXM4-40GB MIG 4g.20gb (0),1,,13,[CUDA memset]
4768848197,101055,312082,,,,,,,,,,1.235,12219.771,Pinned,Device,NVIDIA A100-SXM4-40GB MIG 4g.20gb (0),1,,13,[CUDA memcpy Host-to-Device]
4768960131,30880,312083,,,,,,,,,,0.197,6366.757,Pinned,Device,NVIDIA A100-SXM4-40GB MIG 4g.20gb (0),1,,13,[CUDA memcpy Host-to-Device]
4769017091,8224,312084,69,4,1,48,1,1,76,0.002,0.000,,,,,NVIDIA A100-SXM4-40GB MIG 4g.20gb (0),1,,13,"void ch_est::windowedChEstPreNoDftSOfdmKernel<float, __half, float, (unsigned int)2, (unsigned int)1, (unsigned short)4>(ch_est::puschRxChEstStatDescr_t *, ch_est::puschRxChEstDynDescr_t *)"
4769032451,6975,312085,137,2,1,24,2,1,44,0.001,0.001,,,,,NVIDIA A100-SXM4-40GB MIG 4g.20gb (0),1,,13,"void ch_est::chEstFilterNoDftSOfdmDispatchKernel<float, __half, float, (unsigned int)2>(ch_est::puschRxChEstStatDescr_t *, ch_est::puschRxChEstDynDescr_t *)"
4769047842,5056,312086,137,2,1,24,2,1,44,0.001,0.001,,,,,NVIDIA A100-SXM4-40GB MIG 4g.20gb (0),1,,13,"void ch_est::chEstFilterNoDftSOfdmDispatchKernel<float, __half, float, (unsigned int)2>(ch_est::puschRxChEstStatDescr_t *, ch_est::puschRxChEstDynDescr_t *)"
4769062722,2656,312097,103,1,1,128,1,1,16,0.000,0.000,,,,,NVIDIA A100-SXM4-40GB MIG 4g.20gb (0),1,,13,cupy_copy__complex64_complex64
4769077730,12384,312107,1434,1,1,128,1,1,16,0.000,0.000,,,,,NVIDIA A100-SXM4-40GB MIG 4g.20gb (0),1,,13,cupy_copy__complex64_complex64
4769111682,2624,312114,103,1,1,128,1,1,16,0.000,0.000,,,,,NVIDIA A100-SXM4-40GB MIG 4g.20gb (0),1,,13,cupy_copy__complex64_complex64
4769127905,81919,312121,1,1,1,32,32,1,30,0.000,0.000,,,,,NVIDIA A100-SXM4-40GB MIG 4g.20gb (0),1,,13,"void convert_kernel<__half2, float2>(tensor_layout_any, T1 *, tensor_layout_any, const T2 *)"
4769246144,23456,312124,,,,,,,,,,0.094,3994.542,Pinned,Device,NVIDIA A100-SXM4-40GB MIG 4g.20gb (0),1,,13,[CUDA memcpy Host-to-Device]
4769287295,47392,312125,,,,,,,,,,35.810,755589.312,Device,,NVIDIA A100-SXM4-40GB MIG 4g.20gb (0),1,,13,[CUDA memset]
4769340767,14880,312127,,,,,,,,,,0.000,5.376,Pinned,Device,NVIDIA A100-SXM4-40GB MIG 4g.20gb (0),1,,13,[CUDA memcpy Host-to-Device]
4769362974,28864,312128,,,,,,,,,,0.197,6811.484,Pinned,Device,NVIDIA A100-SXM4-40GB MIG 4g.20gb (0),1,,13,[CUDA memcpy Host-to-Device]
4769414782,9344,312129,273,1,1,48,1,1,40,0.000,0.001,,,,,NVIDIA A100-SXM4-40GB MIG 4g.20gb (0),1,,13,"void pusch_noise_intf_est::noiseIntfEstNoDftSOfdmKernel<float, __half, float, float, (unsigned int)2, (unsigned int)1, (unsigned char)4, (unsigned char)4>(pusch_noise_intf_est::puschRxNoiseIntfEstDynDescr)"
4769434494,2624,312140,35,1,1,128,1,1,16,0.000,0.000,,,,,NVIDIA A100-SXM4-40GB MIG 4g.20gb (0),1,,13,cupy_copy__complex64_complex64
4769450781,1696,312149,1,1,1,1,1,1,18,0.000,0.000,,,,,NVIDIA A100-SXM4-40GB MIG 4g.20gb (0),1,,13,cupy_copy__float32_float32
4769454493,8192,312155,,,,,,,,,,0.000,0.488,Device,Pageable,NVIDIA A100-SXM4-40GB MIG 4g.20gb (0),1,,7,[CUDA memcpy Device-to-Host]
4769559100,12832,312166,1434,1,1,128,1,1,16,0.000,0.000,,,,,NVIDIA A100-SXM4-40GB MIG 4g.20gb (0),1,,13,cupy_copy__complex64_complex64
4769581372,3328,312173,103,1,1,128,1,1,16,0.000,0.000,,,,,NVIDIA A100-SXM4-40GB MIG 4g.20gb (0),1,,13,cupy_copy__complex64_complex64
4769603228,2591,312180,35,1,1,128,1,1,16,0.000,0.000,,,,,NVIDIA A100-SXM4-40GB MIG 4g.20gb (0),1,,13,cupy_copy__complex64_complex64
4769624923,1792,312187,1,1,1,1,1,1,18,0.000,0.000,,,,,NVIDIA A100-SXM4-40GB MIG 4g.20gb (0),1,,13,cupy_copy__float32_float32
4769753658,90431,312198,1,1,1,32,32,1,30,0.000,0.000,,,,,NVIDIA A100-SXM4-40GB MIG 4g.20gb (0),1,,13,"void convert_kernel<__half2, float2>(tensor_layout_any, T1 *, tensor_layout_any, const T2 *)"
4769872568,8608,312201,,,,,,,,,,0.094,10884.758,Pinned,Device,NVIDIA A100-SXM4-40GB MIG 4g.20gb (0),1,,13,[CUDA memcpy Host-to-Device]
4769891384,3456,312202,,,,,,,,,,1.547,447517.201,Device,,NVIDIA A100-SXM4-40GB MIG 4g.20gb (0),1,,13,[CUDA memset]
4769902680,3616,312207,,,,,,,,,,0.031,8654.846,Pinned,Device,NVIDIA A100-SXM4-40GB MIG 4g.20gb (0),1,,13,[CUDA memcpy Host-to-Device]
4769909176,10208,312208,,,,,,,,,,0.197,19260.113,Pinned,Device,NVIDIA A100-SXM4-40GB MIG 4g.20gb (0),1,,13,[CUDA memcpy Host-to-Device]
4769924120,6687,312209,273,1,1,8,4,1,39,0.002,0.000,,,,,NVIDIA A100-SXM4-40GB MIG 4g.20gb (0),1,,13,"void channel_eq::eqMmseCoefCompLowMimoKernel<float, float, float, (unsigned int)4, (unsigned int)1, (unsigned int)4>(const channel_eq::_puschRxChEqStatDescr *, channel_eq::_puschRxChEqCoefCompDynDescr)"
4769931767,5952,312210,273,1,1,12,11,1,51,0.002,0.000,,,,,NVIDIA A100-SXM4-40GB MIG 4g.20gb (0),1,,13,"void channel_eq::eqMmseSoftDemapKernel<float, __half, __half, float, (unsigned int)4, (unsigned short)16383>(channel_eq::_puschRxChEqStatDescr *, channel_eq::_puschRxChEqSoftDemapDynDescr)"
4769938679,282461,312211,1,1,1,32,32,1,30,0.000,0.000,,,,,NVIDIA A100-SXM4-40GB MIG 4g.20gb (0),1,,13,"void convert_kernel<float2, __half2>(tensor_layout_any, T1 *, tensor_layout_any, const T2 *)"
4770224244,11008,312223,2253,1,1,128,1,1,16,0.000,0.000,,,,,NVIDIA A100-SXM4-40GB MIG 4g.20gb (0),1,,13,cupy_copy__float16_float16
4770237364,2944,312232,282,1,1,128,1,1,16,0.000,0.000,,,,,NVIDIA A100-SXM4-40GB MIG 4g.20gb (0),1,,13,cupy_copy__complex64_complex64
4770241460,2048,312241,26,1,1,128,1,1,16,0.000,0.000,,,,,NVIDIA A100-SXM4-40GB MIG 4g.20gb (0),1,,13,cupy_copy__float32_float32
4770246708,4512,312250,103,1,1,128,1,1,16,0.000,0.000,,,,,NVIDIA A100-SXM4-40GB MIG 4g.20gb (0),1,,13,cupy_copy__complex64_complex64
4770254580,11967,312260,1434,1,1,128,1,1,16,0.000,0.000,,,,,NVIDIA A100-SXM4-40GB MIG 4g.20gb (0),1,,13,cupy_copy__complex64_complex64
4770269843,81791,312265,1,1,1,32,32,1,30,0.000,0.000,,,,,NVIDIA A100-SXM4-40GB MIG 4g.20gb (0),1,,13,"void convert_kernel<__half2, float2>(tensor_layout_any, T1 *, tensor_layout_any, const T2 *)"
4770379890,5920,312268,,,,,,,,,,0.094,15826.941,Pinned,Device,NVIDIA A100-SXM4-40GB MIG 4g.20gb (0),1,,13,[CUDA memcpy Host-to-Device]
4770392242,602808,312269,,,,,,,,,,456.561,756978.868,Device,,NVIDIA A100-SXM4-40GB MIG 4g.20gb (0),1,,13,[CUDA memset]
4770999690,138047,312274,,,,,,,,,,1.235,8944.699,Pinned,Device,NVIDIA A100-SXM4-40GB MIG 4g.20gb (0),1,,13,[CUDA memcpy Host-to-Device]
4771150088,42816,312275,,,,,,,,,,0.197,4591.780,Pinned,Device,NVIDIA A100-SXM4-40GB MIG 4g.20gb (0),1,,13,[CUDA memcpy Host-to-Device]
4771211560,8192,312276,69,4,1,48,1,1,76,0.002,0.000,,,,,NVIDIA A100-SXM4-40GB MIG 4g.20gb (0),1,,13,"void ch_est::windowedChEstPreNoDftSOfdmKernel<float, __half, float, (unsigned int)2, (unsigned int)1, (unsigned short)4>(ch_est::puschRxChEstStatDescr_t *, ch_est::puschRxChEstDynDescr_t *)"
4771229127,6848,312277,137,2,1,24,2,1,44,0.001,0.001,,,,,NVIDIA A100-SXM4-40GB MIG 4g.20gb (0),1,,13,"void ch_est::chEstFilterNoDftSOfdmDispatchKernel<float, __half, float, (unsigned int)2>(ch_est::puschRxChEstStatDescr_t *, ch_est::puschRxChEstDynDescr_t *)"
4771249287,5312,312278,137,2,1,24,2,1,44,0.001,0.001,,,,,NVIDIA A100-SXM4-40GB MIG 4g.20gb (0),1,,13,"void ch_est::chEstFilterNoDftSOfdmDispatchKernel<float, __half, float, (unsigned int)2>(ch_est::puschRxChEstStatDescr_t *, ch_est::puschRxChEstDynDescr_t *)"
4771264583,2592,312289,103,1,1,128,1,1,16,0.000,0.000,,,,,NVIDIA A100-SXM4-40GB MIG 4g.20gb (0),1,,13,cupy_copy__complex64_complex64
4771275175,12608,312299,1434,1,1,128,1,1,16,0.000,0.000,,,,,NVIDIA A100-SXM4-40GB MIG 4g.20gb (0),1,,13,cupy_copy__complex64_complex64
4771292807,2688,312306,103,1,1,128,1,1,16,0.000,0.000,,,,,NVIDIA A100-SXM4-40GB MIG 4g.20gb (0),1,,13,cupy_copy__complex64_complex64
4771300711,89087,312313,1,1,1,32,32,1,30,0.000,0.000,,,,,NVIDIA A100-SXM4-40GB MIG 4g.20gb (0),1,,13,"void convert_kernel<__half2, float2>(tensor_layout_any, T1 *, tensor_layout_any, const T2 *)"
4771418341,5664,312316,,,,,,,,,,0.094,16542.310,Pinned,Device,NVIDIA A100-SXM4-40GB MIG 4g.20gb (0),1,,13,[CUDA memcpy Host-to-Device]
4771431397,46943,312317,,,,,,,,,,35.810,762822.916,Device,,NVIDIA A100-SXM4-40GB MIG 4g.20gb (0),1,,13,[CUDA memset]
4771484740,3744,312319,,,,,,,,,,0.000,21.368,Pinned,Device,NVIDIA A100-SXM4-40GB MIG 4g.20gb (0),1,,13,[CUDA memcpy Host-to-Device]
4771492996,12672,312320,,,,,,,,,,0.197,15515.124,Pinned,Device,NVIDIA A100-SXM4-40GB MIG 4g.20gb (0),1,,13,[CUDA memcpy Host-to-Device]
4771511396,11328,312321,273,1,1,48,1,1,40,0.000,0.001,,,,,NVIDIA A100-SXM4-40GB MIG 4g.20gb (0),1,,13,"void pusch_noise_intf_est::noiseIntfEstNoDftSOfdmKernel<float, __half, float, float, (unsigned int)2, (unsigned int)1, (unsigned char)4, (unsigned char)4>(pusch_noise_intf_est::puschRxNoiseIntfEstDynDescr)"
4771526052,2784,312332,35,1,1,128,1,1,16,0.000,0.000,,,,,NVIDIA A100-SXM4-40GB MIG 4g.20gb (0),1,,13,cupy_copy__complex64_complex64
4771542116,1856,312341,1,1,1,1,1,1,18,0.000,0.000,,,,,NVIDIA A100-SXM4-40GB MIG 4g.20gb (0),1,,13,cupy_copy__float32_float32
4771574307,1728,312347,,,,,,,,,,0.000,2.315,Device,Pageable,NVIDIA A100-SXM4-40GB MIG 4g.20gb (0),1,,7,[CUDA memcpy Device-to-Host]
4771635490,13056,312358,1434,1,1,128,1,1,16,0.000,0.000,,,,,NVIDIA A100-SXM4-40GB MIG 4g.20gb (0),1,,13,cupy_copy__complex64_complex64
4771661506,2720,312365,103,1,1,128,1,1,16,0.000,0.000,,,,,NVIDIA A100-SXM4-40GB MIG 4g.20gb (0),1,,13,cupy_copy__complex64_complex64
4771682274,2176,312372,35,1,1,128,1,1,16,0.000,0.000,,,,,NVIDIA A100-SXM4-40GB MIG 4g.20gb (0),1,,13,cupy_copy__complex64_complex64
4771701794,1888,312379,1,1,1,1,1,1,18,0.000,0.000,,,,,NVIDIA A100-SXM4-40GB MIG 4g.20gb (0),1,,13,cupy_copy__float32_float32
4771831424,82751,312390,1,1,1,32,32,1,30,0.000,0.000,,,,,NVIDIA A100-SXM4-40GB MIG 4g.20gb (0),1,,13,"void convert_kernel<__half2, float2>(tensor_layout_any, T1 *, tensor_layout_any, const T2 *)"
4771941983,5824,312393,,,,,,,,,,0.094,16087.884,Pinned,Device,NVIDIA A100-SXM4-40GB MIG 4g.20gb (0),1,,13,[CUDA memcpy Host-to-Device]
4771957183,3391,312394,,,,,,,,,,1.547,456096.324,Device,,NVIDIA A100-SXM4-40GB MIG 4g.20gb (0),1,,13,[CUDA memset]
4771962398,3712,312399,,,,,,,,,,0.031,8431.017,Pinned,Device,NVIDIA A100-SXM4-40GB MIG 4g.20gb (0),1,,13,[CUDA memcpy Host-to-Device]
4771968894,9728,312400,,,,,,,,,,0.197,20210.516,Pinned,Device,NVIDIA A100-SXM4-40GB MIG 4g.20gb (0),1,,13,[CUDA memcpy Host-to-Device]
4771982718,6240,312401,273,1,1,8,4,1,39,0.002,0.000,,,,,NVIDIA A100-SXM4-40GB MIG 4g.20gb (0),1,,13,"void channel_eq::eqMmseCoefCompLowMimoKernel<float, float, float, (unsigned int)4, (unsigned int)1, (unsigned int)4>(const channel_eq::_puschRxChEqStatDescr *, channel_eq::_puschRxChEqCoefCompDynDescr)"
4771991966,6496,312402,273,1,1,12,11,1,51,0.002,0.000,,,,,NVIDIA A100-SXM4-40GB MIG 4g.20gb (0),1,,13,"void channel_eq::eqMmseSoftDemapKernel<float, __half, __half, float, (unsigned int)4, (unsigned short)16383>(channel_eq::_puschRxChEqStatDescr *, channel_eq::_puschRxChEqSoftDemapDynDescr)"
4771999390,282973,312403,1,1,1,32,32,1,30,0.000,0.000,,,,,NVIDIA A100-SXM4-40GB MIG 4g.20gb (0),1,,13,"void convert_kernel<float2, __half2>(tensor_layout_any, T1 *, tensor_layout_any, const T2 *)"
4772284986,11008,312415,2253,1,1,128,1,1,16,0.000,0.000,,,,,NVIDIA A100-SXM4-40GB MIG 4g.20gb (0),1,,13,cupy_copy__float16_float16
4772297882,3552,312424,282,1,1,128,1,1,16,0.000,0.000,,,,,NVIDIA A100-SXM4-40GB MIG 4g.20gb (0),1,,13,cupy_copy__complex64_complex64
4772304634,2304,312433,26,1,1,128,1,1,16,0.000,0.000,,,,,NVIDIA A100-SXM4-40GB MIG 4g.20gb (0),1,,13,cupy_copy__float32_float32
4772310394,2880,312442,103,1,1,128,1,1,16,0.000,0.000,,,,,NVIDIA A100-SXM4-40GB MIG 4g.20gb (0),1,,13,cupy_copy__complex64_complex64
4772315322,12352,312452,1434,1,1,128,1,1,16,0.000,0.000,,,,,NVIDIA A100-SXM4-40GB MIG 4g.20gb (0),1,,13,cupy_copy__complex64_complex64
4772332858,82879,312457,1,1,1,32,32,1,30,0.000,0.000,,,,,NVIDIA A100-SXM4-40GB MIG 4g.20gb (0),1,,13,"void convert_kernel<__half2, float2>(tensor_layout_any, T1 *, tensor_layout_any, const T2 *)"
4772442681,5375,312460,,,,,,,,,,0.094,17431.766,Pinned,Device,NVIDIA A100-SXM4-40GB MIG 4g.20gb (0),1,,13,[CUDA memcpy Host-to-Device]
4772453944,598361,312461,,,,,,,,,,456.561,762914.166,Device,,NVIDIA A100-SXM4-40GB MIG 4g.20gb (0),1,,13,[CUDA memset]
4773062513,154302,312466,,,,,,,,,,1.235,8002.437,Pinned,Device,NVIDIA A100-SXM4-40GB MIG 4g.20gb (0),1,,13,[CUDA memcpy Host-to-Device]
4773227023,44415,312467,,,,,,,,,,0.197,4426.433,Pinned,Device,NVIDIA A100-SXM4-40GB MIG 4g.20gb (0),1,,13,[CUDA memcpy Host-to-Device]
4773288654,8480,312468,69,4,1,48,1,1,76,0.002,0.000,,,,,NVIDIA A100-SXM4-40GB MIG 4g.20gb (0),1,,13,"void ch_est::windowedChEstPreNoDftSOfdmKernel<float, __half, float, (unsigned int)2, (unsigned int)1, (unsigned short)4>(ch_est::puschRxChEstStatDescr_t *, ch_est::puschRxChEstDynDescr_t *)"
4773306126,6784,312469,137,2,1,24,2,1,44,0.001,0.001,,,,,NVIDIA A100-SXM4-40GB MIG 4g.20gb (0),1,,13,"void ch_est::chEstFilterNoDftSOfdmDispatchKernel<float, __half, float, (unsigned int)2>(ch_est::puschRxChEstStatDescr_t *, ch_est::puschRxChEstDynDescr_t *)"
4773322958,4736,312470,137,2,1,24,2,1,44,0.001,0.001,,,,,NVIDIA A100-SXM4-40GB MIG 4g.20gb (0),1,,13,"void ch_est::chEstFilterNoDftSOfdmDispatchKernel<float, __half, float, (unsigned int)2>(ch_est::puschRxChEstStatDescr_t *, ch_est::puschRxChEstDynDescr_t *)"
4773339181,2720,312481,103,1,1,128,1,1,16,0.000,0.000,,,,,NVIDIA A100-SXM4-40GB MIG 4g.20gb (0),1,,13,cupy_copy__complex64_complex64
4773356013,12608,312491,1434,1,1,128,1,1,16,0.000,0.000,,,,,NVIDIA A100-SXM4-40GB MIG 4g.20gb (0),1,,13,cupy_copy__complex64_complex64
4773376141,2912,312498,103,1,1,128,1,1,16,0.000,0.000,,,,,NVIDIA A100-SXM4-40GB MIG 4g.20gb (0),1,,13,cupy_copy__complex64_complex64
4773398829,92607,312505,1,1,1,32,32,1,30,0.000,0.000,,,,,NVIDIA A100-SXM4-40GB MIG 4g.20gb (0),1,,13,"void convert_kernel<__half2, float2>(tensor_layout_any, T1 *, tensor_layout_any, const T2 *)"
4773522027,16416,312508,,,,,,,,,,0.094,5707.586,Pinned,Device,NVIDIA A100-SXM4-40GB MIG 4g.20gb (0),1,,13,[CUDA memcpy Host-to-Device]
4773546763,48895,312509,,,,,,,,,,35.810,732348.674,Device,,NVIDIA A100-SXM4-40GB MIG 4g.20gb (0),1,,13,[CUDA memset]
4773598442,10208,312511,,,,,,,,,,0.000,7.837,Pinned,Device,NVIDIA A100-SXM4-40GB MIG 4g.20gb (0),1,,13,[CUDA memcpy Host-to-Device]
4773616394,15264,312512,,,,,,,,,,0.197,12880.380,Pinned,Device,NVIDIA A100-SXM4-40GB MIG 4g.20gb (0),1,,13,[CUDA memcpy Host-to-Device]
4773638826,9600,312513,273,1,1,48,1,1,40,0.000,0.001,,,,,NVIDIA A100-SXM4-40GB MIG 4g.20gb (0),1,,13,"void pusch_noise_intf_est::noiseIntfEstNoDftSOfdmKernel<float, __half, float, float, (unsigned int)2, (unsigned int)1, (unsigned char)4, (unsigned char)4>(pusch_noise_intf_est::puschRxNoiseIntfEstDynDescr)"
4773651050,2912,312524,35,1,1,128,1,1,16,0.000,0.000,,,,,NVIDIA A100-SXM4-40GB MIG 4g.20gb (0),1,,13,cupy_copy__complex64_complex64
4773657354,1792,312533,1,1,1,1,1,1,18,0.000,0.000,,,,,NVIDIA A100-SXM4-40GB MIG 4g.20gb (0),1,,13,cupy_copy__float32_float32
4773675721,2304,312539,,,,,,,,,,0.000,1.736,Device,Pageable,NVIDIA A100-SXM4-40GB MIG 4g.20gb (0),1,,7,[CUDA memcpy Device-to-Host]
4773738089,13151,312550,1434,1,1,128,1,1,16,0.000,0.000,,,,,NVIDIA A100-SXM4-40GB MIG 4g.20gb (0),1,,13,cupy_copy__complex64_complex64
4773766472,3040,312557,103,1,1,128,1,1,16,0.000,0.000,,,,,NVIDIA A100-SXM4-40GB MIG 4g.20gb (0),1,,13,cupy_copy__complex64_complex64
4773785160,2720,312564,35,1,1,128,1,1,16,0.000,0.000,,,,,NVIDIA A100-SXM4-40GB MIG 4g.20gb (0),1,,13,cupy_copy__complex64_complex64
4773802216,1824,312571,1,1,1,1,1,1,18,0.000,0.000,,,,,NVIDIA A100-SXM4-40GB MIG 4g.20gb (0),1,,13,cupy_copy__float32_float32
4773931654,88319,312582,1,1,1,32,32,1,30,0.000,0.000,,,,,NVIDIA A100-SXM4-40GB MIG 4g.20gb (0),1,,13,"void convert_kernel<__half2, float2>(tensor_layout_any, T1 *, tensor_layout_any, const T2 *)"
4774048677,5792,312585,,,,,,,,,,0.094,16176.708,Pinned,Device,NVIDIA A100-SXM4-40GB MIG 4g.20gb (0),1,,13,[CUDA memcpy Host-to-Device]
4774062277,3232,312586,,,,,,,,,,1.547,478533.199,Device,,NVIDIA A100-SXM4-40GB MIG 4g.20gb (0),1,,13,[CUDA memset]
4774069316,3072,312591,,,,,,,,,,0.031,10187.474,Pinned,Device,NVIDIA A100-SXM4-40GB MIG 4g.20gb (0),1,,13,[CUDA memcpy Host-to-Device]
4774075172,9760,312592,,,,,,,,,,0.197,20144.259,Pinned,Device,NVIDIA A100-SXM4-40GB MIG 4g.20gb (0),1,,13,[CUDA memcpy Host-to-Device]
4774089156,6016,312593,273,1,1,8,4,1,39,0.002,0.000,,,,,NVIDIA A100-SXM4-40GB MIG 4g.20gb (0),1,,13,"void channel_eq::eqMmseCoefCompLowMimoKernel<float, float, float, (unsigned int)4, (unsigned int)1, (unsigned int)4>(const channel_eq::_puschRxChEqStatDescr *, channel_eq::_puschRxChEqCoefCompDynDescr)"
4774097380,5952,312594,273,1,1,12,11,1,51,0.002,0.000,,,,,NVIDIA A100-SXM4-40GB MIG 4g.20gb (0),1,,13,"void channel_eq::eqMmseSoftDemapKernel<float, __half, __half, float, (unsigned int)4, (unsigned short)16383>(channel_eq::_puschRxChEqStatDescr *, channel_eq::_puschRxChEqSoftDemapDynDescr)"
4774105028,282493,312595,1,1,1,32,32,1,30,0.000,0.000,,,,,NVIDIA A100-SXM4-40GB MIG 4g.20gb (0),1,,13,"void convert_kernel<float2, __half2>(tensor_layout_any, T1 *, tensor_layout_any, const T2 *)"
4774393377,11039,312607,2253,1,1,128,1,1,16,0.000,0.000,,,,,NVIDIA A100-SXM4-40GB MIG 4g.20gb (0),1,,13,cupy_copy__float16_float16
4774407520,3808,312616,282,1,1,128,1,1,16,0.000,0.000,,,,,NVIDIA A100-SXM4-40GB MIG 4g.20gb (0),1,,13,cupy_copy__complex64_complex64
4774413024,2080,312625,26,1,1,128,1,1,16,0.000,0.000,,,,,NVIDIA A100-SXM4-40GB MIG 4g.20gb (0),1,,13,cupy_copy__float32_float32
4774417632,4096,312634,103,1,1,128,1,1,16,0.000,0.000,,,,,NVIDIA A100-SXM4-40GB MIG 4g.20gb (0),1,,13,cupy_copy__complex64_complex64
4774424224,12064,312644,1434,1,1,128,1,1,16,0.000,0.000,,,,,NVIDIA A100-SXM4-40GB MIG 4g.20gb (0),1,,13,cupy_copy__complex64_complex64
4774440096,87679,312649,1,1,1,32,32,1,30,0.000,0.000,,,,,NVIDIA A100-SXM4-40GB MIG 4g.20gb (0),1,,13,"void convert_kernel<__half2, float2>(tensor_layout_any, T1 *, tensor_layout_any, const T2 *)"
4774555039,5535,312652,,,,,,,,,,0.094,16927.869,Pinned,Device,NVIDIA A100-SXM4-40GB MIG 4g.20gb (0),1,,13,[CUDA memcpy Host-to-Device]
4774565022,598969,312653,,,,,,,,,,456.561,762001.043,Device,,NVIDIA A100-SXM4-40GB MIG 4g.20gb (0),1,,13,[CUDA memset]
4775172439,166782,312658,,,,,,,,,,1.235,7403.489,Pinned,Device,NVIDIA A100-SXM4-40GB MIG 4g.20gb (0),1,,13,[CUDA memcpy Host-to-Device]
4775350965,40095,312659,,,,,,,,,,0.197,4903.404,Pinned,Device,NVIDIA A100-SXM4-40GB MIG 4g.20gb (0),1,,13,[CUDA memcpy Host-to-Device]
4775421268,8096,312660,69,4,1,48,1,1,76,0.002,0.000,,,,,NVIDIA A100-SXM4-40GB MIG 4g.20gb (0),1,,13,"void ch_est::windowedChEstPreNoDftSOfdmKernel<float, __half, float, (unsigned int)2, (unsigned int)1, (unsigned short)4>(ch_est::puschRxChEstStatDescr_t *, ch_est::puschRxChEstDynDescr_t *)"
4775439220,6752,312661,137,2,1,24,2,1,44,0.001,0.001,,,,,NVIDIA A100-SXM4-40GB MIG 4g.20gb (0),1,,13,"void ch_est::chEstFilterNoDftSOfdmDispatchKernel<float, __half, float, (unsigned int)2>(ch_est::puschRxChEstStatDescr_t *, ch_est::puschRxChEstDynDescr_t *)"
4775458387,4672,312662,137,2,1,24,2,1,44,0.001,0.001,,,,,NVIDIA A100-SXM4-40GB MIG 4g.20gb (0),1,,13,"void ch_est::chEstFilterNoDftSOfdmDispatchKernel<float, __half, float, (unsigned int)2>(ch_est::puschRxChEstStatDescr_t *, ch_est::puschRxChEstDynDescr_t *)"
4775475475,2688,312673,103,1,1,128,1,1,16,0.000,0.000,,,,,NVIDIA A100-SXM4-40GB MIG 4g.20gb (0),1,,13,cupy_copy__complex64_complex64
4775492883,12576,312683,1434,1,1,128,1,1,16,0.000,0.000,,,,,NVIDIA A100-SXM4-40GB MIG 4g.20gb (0),1,,13,cupy_copy__complex64_complex64
4775514995,2560,312690,103,1,1,128,1,1,16,0.000,0.000,,,,,NVIDIA A100-SXM4-40GB MIG 4g.20gb (0),1,,13,cupy_copy__complex64_complex64
4775533842,93087,312697,1,1,1,32,32,1,30,0.000,0.000,,,,,NVIDIA A100-SXM4-40GB MIG 4g.20gb (0),1,,13,"void convert_kernel<__half2, float2>(tensor_layout_any, T1 *, tensor_layout_any, const T2 *)"
4775659313,25728,312700,,,,,,,,,,0.094,3641.776,Pinned,Device,NVIDIA A100-SXM4-40GB MIG 4g.20gb (0),1,,13,[CUDA memcpy Host-to-Device]
4775705744,47136,312701,,,,,,,,,,35.810,759707.453,Device,,NVIDIA A100-SXM4-40GB MIG 4g.20gb (0),1,,13,[CUDA memset]
4775759568,12064,312703,,,,,,,,,,0.000,6.631,Pinned,Device,NVIDIA A100-SXM4-40GB MIG 4g.20gb (0),1,,13,[CUDA memcpy Host-to-Device]
4775784783,24448,312704,,,,,,,,,,0.197,8041.857,Pinned,Device,NVIDIA A100-SXM4-40GB MIG 4g.20gb (0),1,,13,[CUDA memcpy Host-to-Device]
4775832911,9728,312705,273,1,1,48,1,1,40,0.000,0.001,,,,,NVIDIA A100-SXM4-40GB MIG 4g.20gb (0),1,,13,"void pusch_noise_intf_est::noiseIntfEstNoDftSOfdmKernel<float, __half, float, float, (unsigned int)2, (unsigned int)1, (unsigned char)4, (unsigned char)4>(pusch_noise_intf_est::puschRxNoiseIntfEstDynDescr)"
4775848751,2624,312716,35,1,1,128,1,1,16,0.000,0.000,,,,,NVIDIA A100-SXM4-40GB MIG 4g.20gb (0),1,,13,cupy_copy__complex64_complex64
4775860622,2048,312725,1,1,1,1,1,1,18,0.000,0.000,,,,,NVIDIA A100-SXM4-40GB MIG 4g.20gb (0),1,,13,cupy_copy__float32_float32
4775863630,8672,312731,,,,,,,,,,0.000,0.461,Device,Pageable,NVIDIA A100-SXM4-40GB MIG 4g.20gb (0),1,,7,[CUDA memcpy Device-to-Host]
4775958573,12704,312742,1434,1,1,128,1,1,16,0.000,0.000,,,,,NVIDIA A100-SXM4-40GB MIG 4g.20gb (0),1,,13,cupy_copy__complex64_complex64
4775975981,2720,312749,103,1,1,128,1,1,16,0.000,0.000,,,,,NVIDIA A100-SXM4-40GB MIG 4g.20gb (0),1,,13,cupy_copy__complex64_complex64
4775998957,2528,312756,35,1,1,128,1,1,16,0.000,0.000,,,,,NVIDIA A100-SXM4-40GB MIG 4g.20gb (0),1,,13,cupy_copy__complex64_complex64
4776013005,1856,312763,1,1,1,1,1,1,18,0.000,0.000,,,,,NVIDIA A100-SXM4-40GB MIG 4g.20gb (0),1,,13,cupy_copy__float32_float32
4776144907,82719,312774,1,1,1,32,32,1,30,0.000,0.000,,,,,NVIDIA A100-SXM4-40GB MIG 4g.20gb (0),1,,13,"void convert_kernel<__half2, float2>(tensor_layout_any, T1 *, tensor_layout_any, const T2 *)"
4776255626,5791,312777,,,,,,,,,,0.094,16179.519,Pinned,Device,NVIDIA A100-SXM4-40GB MIG 4g.20gb (0),1,,13,[CUDA memcpy Host-to-Device]
4776269513,3456,312778,,,,,,,,,,1.547,447517.201,Device,,NVIDIA A100-SXM4-40GB MIG 4g.20gb (0),1,,13,[CUDA memset]
4776276617,3168,312783,,,,,,,,,,0.031,9878.770,Pinned,Device,NVIDIA A100-SXM4-40GB MIG 4g.20gb (0),1,,13,[CUDA memcpy Host-to-Device]
4776282377,9600,312784,,,,,,,,,,0.197,20479.869,Pinned,Device,NVIDIA A100-SXM4-40GB MIG 4g.20gb (0),1,,13,[CUDA memcpy Host-to-Device]
4776297321,6208,312785,273,1,1,8,4,1,39,0.002,0.000,,,,,NVIDIA A100-SXM4-40GB MIG 4g.20gb (0),1,,13,"void channel_eq::eqMmseCoefCompLowMimoKernel<float, float, float, (unsigned int)4, (unsigned int)1, (unsigned int)4>(const channel_eq::_puschRxChEqStatDescr *, channel_eq::_puschRxChEqCoefCompDynDescr)"
4776305161,5984,312786,273,1,1,12,11,1,51,0.002,0.000,,,,,NVIDIA A100-SXM4-40GB MIG 4g.20gb (0),1,,13,"void channel_eq::eqMmseSoftDemapKernel<float, __half, __half, float, (unsigned int)4, (unsigned short)16383>(channel_eq::_puschRxChEqStatDescr *, channel_eq::_puschRxChEqSoftDemapDynDescr)"
4776312617,282012,312787,1,1,1,32,32,1,30,0.000,0.000,,,,,NVIDIA A100-SXM4-40GB MIG 4g.20gb (0),1,,13,"void convert_kernel<float2, __half2>(tensor_layout_any, T1 *, tensor_layout_any, const T2 *)"
4776597861,10944,312799,2253,1,1,128,1,1,16,0.000,0.000,,,,,NVIDIA A100-SXM4-40GB MIG 4g.20gb (0),1,,13,cupy_copy__float16_float16
4776612837,3168,312808,282,1,1,128,1,1,16,0.000,0.000,,,,,NVIDIA A100-SXM4-40GB MIG 4g.20gb (0),1,,13,cupy_copy__complex64_complex64
4776620229,2464,312817,26,1,1,128,1,1,16,0.000,0.000,,,,,NVIDIA A100-SXM4-40GB MIG 4g.20gb (0),1,,13,cupy_copy__float32_float32
4776624037,2944,312826,103,1,1,128,1,1,16,0.000,0.000,,,,,NVIDIA A100-SXM4-40GB MIG 4g.20gb (0),1,,13,cupy_copy__complex64_complex64
4776628389,12416,312836,1434,1,1,128,1,1,16,0.000,0.000,,,,,NVIDIA A100-SXM4-40GB MIG 4g.20gb (0),1,,13,cupy_copy__complex64_complex64
4776649477,87807,312841,1,1,1,32,32,1,30,0.000,0.000,,,,,NVIDIA A100-SXM4-40GB MIG 4g.20gb (0),1,,13,"void convert_kernel<__half2, float2>(tensor_layout_any, T1 *, tensor_layout_any, const T2 *)"
4776764483,5664,312844,,,,,,,,,,0.094,16542.310,Pinned,Device,NVIDIA A100-SXM4-40GB MIG 4g.20gb (0),1,,13,[CUDA memcpy Host-to-Device]
4776774307,595961,312845,,,,,,,,,,456.561,765653.535,Device,,NVIDIA A100-SXM4-40GB MIG 4g.20gb (0),1,,13,[CUDA memset]
4777372668,76255,312850,,,,,,,,,,1.235,16193.821,Pinned,Device,NVIDIA A100-SXM4-40GB MIG 4g.20gb (0),1,,13,[CUDA memcpy Host-to-Device]
4777454267,18016,312851,,,,,,,,,,0.197,10912.924,Pinned,Device,NVIDIA A100-SXM4-40GB MIG 4g.20gb (0),1,,13,[CUDA memcpy Host-to-Device]
4777479610,8032,312852,69,4,1,48,1,1,76,0.002,0.000,,,,,NVIDIA A100-SXM4-40GB MIG 4g.20gb (0),1,,13,"void ch_est::windowedChEstPreNoDftSOfdmKernel<float, __half, float, (unsigned int)2, (unsigned int)1, (unsigned short)4>(ch_est::puschRxChEstStatDescr_t *, ch_est::puschRxChEstDynDescr_t *)"
4777489594,7488,312853,137,2,1,24,2,1,44,0.001,0.001,,,,,NVIDIA A100-SXM4-40GB MIG 4g.20gb (0),1,,13,"void ch_est::chEstFilterNoDftSOfdmDispatchKernel<float, __half, float, (unsigned int)2>(ch_est::puschRxChEstStatDescr_t *, ch_est::puschRxChEstDynDescr_t *)"
4777498714,6144,312854,137,2,1,24,2,1,44,0.001,0.001,,,,,NVIDIA A100-SXM4-40GB MIG 4g.20gb (0),1,,13,"void ch_est::chEstFilterNoDftSOfdmDispatchKernel<float, __half, float, (unsigned int)2>(ch_est::puschRxChEstStatDescr_t *, ch_est::puschRxChEstDynDescr_t *)"
4777508474,2560,312865,103,1,1,128,1,1,16,0.000,0.000,,,,,NVIDIA A100-SXM4-40GB MIG 4g.20gb (0),1,,13,cupy_copy__complex64_complex64
4777513114,12384,312875,1434,1,1,128,1,1,16,0.000,0.000,,,,,NVIDIA A100-SXM4-40GB MIG 4g.20gb (0),1,,13,cupy_copy__complex64_complex64
4777530586,2752,312882,103,1,1,128,1,1,16,0.000,0.000,,,,,NVIDIA A100-SXM4-40GB MIG 4g.20gb (0),1,,13,cupy_copy__complex64_complex64
4777535642,87935,312889,1,1,1,32,32,1,30,0.000,0.000,,,,,NVIDIA A100-SXM4-40GB MIG 4g.20gb (0),1,,13,"void convert_kernel<__half2, float2>(tensor_layout_any, T1 *, tensor_layout_any, const T2 *)"
4777650584,5600,312892,,,,,,,,,,0.094,16731.388,Pinned,Device,NVIDIA A100-SXM4-40GB MIG 4g.20gb (0),1,,13,[CUDA memcpy Host-to-Device]
4777665720,46848,312893,,,,,,,,,,35.810,764362.742,Device,,NVIDIA A100-SXM4-40GB MIG 4g.20gb (0),1,,13,[CUDA memset]
4777717752,3711,312895,,,,,,,,,,0.000,21.558,Pinned,Device,NVIDIA A100-SXM4-40GB MIG 4g.20gb (0),1,,13,[CUDA memcpy Host-to-Device]
4777726071,13152,312896,,,,,,,,,,0.197,14948.893,Pinned,Device,NVIDIA A100-SXM4-40GB MIG 4g.20gb (0),1,,13,[CUDA memcpy Host-to-Device]
4777745207,10336,312897,273,1,1,48,1,1,40,0.000,0.001,,,,,NVIDIA A100-SXM4-40GB MIG 4g.20gb (0),1,,13,"void pusch_noise_intf_est::noiseIntfEstNoDftSOfdmKernel<float, __half, float, float, (unsigned int)2, (unsigned int)1, (unsigned char)4, (unsigned char)4>(pusch_noise_intf_est::puschRxNoiseIntfEstDynDescr)"
4777758135,2816,312908,35,1,1,128,1,1,16,0.000,0.000,,,,,NVIDIA A100-SXM4-40GB MIG 4g.20gb (0),1,,13,cupy_copy__complex64_complex64
4777773047,1856,312917,1,1,1,1,1,1,18,0.000,0.000,,,,,NVIDIA A100-SXM4-40GB MIG 4g.20gb (0),1,,13,cupy_copy__float32_float32
4777805910,1760,312923,,,,,,,,,,0.000,2.273,Device,Pageable,NVIDIA A100-SXM4-40GB MIG 4g.20gb (0),1,,7,[CUDA memcpy Device-to-Host]
4777864022,13152,312934,1434,1,1,128,1,1,16,0.000,0.000,,,,,NVIDIA A100-SXM4-40GB MIG 4g.20gb (0),1,,13,cupy_copy__complex64_complex64
4777893301,3360,312941,103,1,1,128,1,1,16,0.000,0.000,,,,,NVIDIA A100-SXM4-40GB MIG 4g.20gb (0),1,,13,cupy_copy__complex64_complex64
4777912405,2848,312948,35,1,1,128,1,1,16,0.000,0.000,,,,,NVIDIA A100-SXM4-40GB MIG 4g.20gb (0),1,,13,cupy_copy__complex64_complex64
4777929429,1824,312955,1,1,1,1,1,1,18,0.000,0.000,,,,,NVIDIA A100-SXM4-40GB MIG 4g.20gb (0),1,,13,cupy_copy__float32_float32
4778058643,86943,312966,1,1,1,32,32,1,30,0.000,0.000,,,,,NVIDIA A100-SXM4-40GB MIG 4g.20gb (0),1,,13,"void convert_kernel<__half2, float2>(tensor_layout_any, T1 *, tensor_layout_any, const T2 *)"
4778172850,5568,312969,,,,,,,,,,0.094,16827.521,Pinned,Device,NVIDIA A100-SXM4-40GB MIG 4g.20gb (0),1,,13,[CUDA memcpy Host-to-Device]
4778188658,3264,312970,,,,,,,,,,1.547,473842.288,Device,,NVIDIA A100-SXM4-40GB MIG 4g.20gb (0),1,,13,[CUDA memset]
4778194482,3328,312975,,,,,,,,,,0.031,9403.822,Pinned,Device,NVIDIA A100-SXM4-40GB MIG 4g.20gb (0),1,,13,[CUDA memcpy Host-to-Device]
4778201330,9439,312976,,,,,,,,,,0.197,20829.241,Pinned,Device,NVIDIA A100-SXM4-40GB MIG 4g.20gb (0),1,,13,[CUDA memcpy Host-to-Device]
4778215761,6240,312977,273,1,1,8,4,1,39,0.002,0.000,,,,,NVIDIA A100-SXM4-40GB MIG 4g.20gb (0),1,,13,"void channel_eq::eqMmseCoefCompLowMimoKernel<float, float, float, (unsigned int)4, (unsigned int)1, (unsigned int)4>(const channel_eq::_puschRxChEqStatDescr *, channel_eq::_puschRxChEqCoefCompDynDescr)"
4778223313,5984,312978,273,1,1,12,11,1,51,0.002,0.000,,,,,NVIDIA A100-SXM4-40GB MIG 4g.20gb (0),1,,13,"void channel_eq::eqMmseSoftDemapKernel<float, __half, __half, float, (unsigned int)4, (unsigned short)16383>(channel_eq::_puschRxChEqStatDescr *, channel_eq::_puschRxChEqSoftDemapDynDescr)"
4778230449,295037,312979,1,1,1,32,32,1,30,0.000,0.000,,,,,NVIDIA A100-SXM4-40GB MIG 4g.20gb (0),1,,13,"void convert_kernel<float2, __half2>(tensor_layout_any, T1 *, tensor_layout_any, const T2 *)"
4778526990,11007,312991,2253,1,1,128,1,1,16,0.000,0.000,,,,,NVIDIA A100-SXM4-40GB MIG 4g.20gb (0),1,,13,cupy_copy__float16_float16
4778543437,3584,313000,282,1,1,128,1,1,16,0.000,0.000,,,,,NVIDIA A100-SXM4-40GB MIG 4g.20gb (0),1,,13,cupy_copy__complex64_complex64
4778548365,2048,313009,26,1,1,128,1,1,16,0.000,0.000,,,,,NVIDIA A100-SXM4-40GB MIG 4g.20gb (0),1,,13,cupy_copy__float32_float32
4778551789,4832,313018,103,1,1,128,1,1,16,0.000,0.000,,,,,NVIDIA A100-SXM4-40GB MIG 4g.20gb (0),1,,13,cupy_copy__complex64_complex64
4778558829,12064,313028,1434,1,1,128,1,1,16,0.000,0.000,,,,,NVIDIA A100-SXM4-40GB MIG 4g.20gb (0),1,,13,cupy_copy__complex64_complex64
4778572909,87519,313033,1,1,1,32,32,1,30,0.000,0.000,,,,,NVIDIA A100-SXM4-40GB MIG 4g.20gb (0),1,,13,"void convert_kernel<__half2, float2>(tensor_layout_any, T1 *, tensor_layout_any, const T2 *)"
4778687052,5792,313036,,,,,,,,,,0.094,16176.708,Pinned,Device,NVIDIA A100-SXM4-40GB MIG 4g.20gb (0),1,,13,[CUDA memcpy Host-to-Device]
4778697323,599897,313037,,,,,,,,,,456.561,760631.359,Device,,NVIDIA A100-SXM4-40GB MIG 4g.20gb (0),1,,13,[CUDA memset]
4779305252,139134,313042,,,,,,,,,,1.235,8875.543,Pinned,Device,NVIDIA A100-SXM4-40GB MIG 4g.20gb (0),1,,13,[CUDA memcpy Host-to-Device]
4779456610,38272,313043,,,,,,,,,,0.197,5136.974,Pinned,Device,NVIDIA A100-SXM4-40GB MIG 4g.20gb (0),1,,13,[CUDA memcpy Host-to-Device]
4779520449,8256,313044,69,4,1,48,1,1,76,0.002,0.000,,,,,NVIDIA A100-SXM4-40GB MIG 4g.20gb (0),1,,13,"void ch_est::windowedChEstPreNoDftSOfdmKernel<float, __half, float, (unsigned int)2, (unsigned int)1, (unsigned short)4>(ch_est::puschRxChEstStatDescr_t *, ch_est::puschRxChEstDynDescr_t *)"
4779537633,6784,313045,137,2,1,24,2,1,44,0.001,0.001,,,,,NVIDIA A100-SXM4-40GB MIG 4g.20gb (0),1,,13,"void ch_est::chEstFilterNoDftSOfdmDispatchKernel<float, __half, float, (unsigned int)2>(ch_est::puschRxChEstStatDescr_t *, ch_est::puschRxChEstDynDescr_t *)"
4779548193,4704,313046,137,2,1,24,2,1,44,0.001,0.001,,,,,NVIDIA A100-SXM4-40GB MIG 4g.20gb (0),1,,13,"void ch_est::chEstFilterNoDftSOfdmDispatchKernel<float, __half, float, (unsigned int)2>(ch_est::puschRxChEstStatDescr_t *, ch_est::puschRxChEstDynDescr_t *)"
4779563233,2528,313057,103,1,1,128,1,1,16,0.000,0.000,,,,,NVIDIA A100-SXM4-40GB MIG 4g.20gb (0),1,,13,cupy_copy__complex64_complex64
4779574401,12352,313067,1434,1,1,128,1,1,16,0.000,0.000,,,,,NVIDIA A100-SXM4-40GB MIG 4g.20gb (0),1,,13,cupy_copy__complex64_complex64
4779599264,2624,313074,103,1,1,128,1,1,16,0.000,0.000,,,,,NVIDIA A100-SXM4-40GB MIG 4g.20gb (0),1,,13,cupy_copy__complex64_complex64
4779608768,82527,313081,1,1,1,32,32,1,30,0.000,0.000,,,,,NVIDIA A100-SXM4-40GB MIG 4g.20gb (0),1,,13,"void convert_kernel<__half2, float2>(tensor_layout_any, T1 *, tensor_layout_any, const T2 *)"
4779720127,7328,313084,,,,,,,,,,0.094,12785.944,Pinned,Device,NVIDIA A100-SXM4-40GB MIG 4g.20gb (0),1,,13,[CUDA memcpy Host-to-Device]
4779734879,47999,313085,,,,,,,,,,35.810,746028.063,Device,,NVIDIA A100-SXM4-40GB MIG 4g.20gb (0),1,,13,[CUDA memset]
4779788254,4096,313087,,,,,,,,,,0.000,19.531,Pinned,Device,NVIDIA A100-SXM4-40GB MIG 4g.20gb (0),1,,13,[CUDA memcpy Host-to-Device]
4779796766,12512,313088,,,,,,,,,,0.197,15713.501,Pinned,Device,NVIDIA A100-SXM4-40GB MIG 4g.20gb (0),1,,13,[CUDA memcpy Host-to-Device]
4779816382,10720,313089,273,1,1,48,1,1,40,0.000,0.001,,,,,NVIDIA A100-SXM4-40GB MIG 4g.20gb (0),1,,13,"void pusch_noise_intf_est::noiseIntfEstNoDftSOfdmKernel<float, __half, float, float, (unsigned int)2, (unsigned int)1, (unsigned char)4, (unsigned char)4>(pusch_noise_intf_est::puschRxNoiseIntfEstDynDescr)"
4779829982,3007,313100,35,1,1,128,1,1,16,0.000,0.000,,,,,NVIDIA A100-SXM4-40GB MIG 4g.20gb (0),1,,13,cupy_copy__complex64_complex64
4779844157,1920,313109,1,1,1,1,1,1,18,0.000,0.000,,,,,NVIDIA A100-SXM4-40GB MIG 4g.20gb (0),1,,13,cupy_copy__float32_float32
4779874653,1568,313115,,,,,,,,,,0.000,2.551,Device,Pageable,NVIDIA A100-SXM4-40GB MIG 4g.20gb (0),1,,7,[CUDA memcpy Device-to-Host]
4779936668,13472,313126,1434,1,1,128,1,1,16,0.000,0.000,,,,,NVIDIA A100-SXM4-40GB MIG 4g.20gb (0),1,,13,cupy_copy__complex64_complex64
4779961276,2784,313133,103,1,1,128,1,1,16,0.000,0.000,,,,,NVIDIA A100-SXM4-40GB MIG 4g.20gb (0),1,,13,cupy_copy__complex64_complex64
4779982876,2848,313140,35,1,1,128,1,1,16,0.000,0.000,,,,,NVIDIA A100-SXM4-40GB MIG 4g.20gb (0),1,,13,cupy_copy__complex64_complex64
4780000475,1792,313147,1,1,1,1,1,1,18,0.000,0.000,,,,,NVIDIA A100-SXM4-40GB MIG 4g.20gb (0),1,,13,cupy_copy__float32_float32
4780131258,82335,313158,1,1,1,32,32,1,30,0.000,0.000,,,,,NVIDIA A100-SXM4-40GB MIG 4g.20gb (0),1,,13,"void convert_kernel<__half2, float2>(tensor_layout_any, T1 *, tensor_layout_any, const T2 *)"
4780241816,5728,313161,,,,,,,,,,0.094,16357.541,Pinned,Device,NVIDIA A100-SXM4-40GB MIG 4g.20gb (0),1,,13,[CUDA memcpy Host-to-Device]
4780255928,3616,313162,,,,,,,,,,1.547,427715.774,Device,,NVIDIA A100-SXM4-40GB MIG 4g.20gb (0),1,,13,[CUDA memset]
4780262584,3616,313167,,,,,,,,,,0.031,8654.846,Pinned,Device,NVIDIA A100-SXM4-40GB MIG 4g.20gb (0),1,,13,[CUDA memcpy Host-to-Device]
4780268888,9792,313168,,,,,,,,,,0.197,20078.395,Pinned,Device,NVIDIA A100-SXM4-40GB MIG 4g.20gb (0),1,,13,[CUDA memcpy Host-to-Device]
4780285336,6432,313169,273,1,1,8,4,1,39,0.002,0.000,,,,,NVIDIA A100-SXM4-40GB MIG 4g.20gb (0),1,,13,"void channel_eq::eqMmseCoefCompLowMimoKernel<float, float, float, (unsigned int)4, (unsigned int)1, (unsigned int)4>(const channel_eq::_puschRxChEqStatDescr *, channel_eq::_puschRxChEqCoefCompDynDescr)"
4780294488,5568,313170,273,1,1,12,11,1,51,0.002,0.000,,,,,NVIDIA A100-SXM4-40GB MIG 4g.20gb (0),1,,13,"void channel_eq::eqMmseSoftDemapKernel<float, __half, __half, float, (unsigned int)4, (unsigned short)16383>(channel_eq::_puschRxChEqStatDescr *, channel_eq::_puschRxChEqSoftDemapDynDescr)"
4780301816,294268,313171,1,1,1,32,32,1,30,0.000,0.000,,,,,NVIDIA A100-SXM4-40GB MIG 4g.20gb (0),1,,13,"void convert_kernel<float2, __half2>(tensor_layout_any, T1 *, tensor_layout_any, const T2 *)"
4780597716,10848,313183,2253,1,1,128,1,1,16,0.000,0.000,,,,,NVIDIA A100-SXM4-40GB MIG 4g.20gb (0),1,,13,cupy_copy__float16_float16
4780611572,3520,313192,282,1,1,128,1,1,16,0.000,0.000,,,,,NVIDIA A100-SXM4-40GB MIG 4g.20gb (0),1,,13,cupy_copy__complex64_complex64
4780617172,2272,313201,26,1,1,128,1,1,16,0.000,0.000,,,,,NVIDIA A100-SXM4-40GB MIG 4g.20gb (0),1,,13,cupy_copy__float32_float32
4780620500,3072,313210,103,1,1,128,1,1,16,0.000,0.000,,,,,NVIDIA A100-SXM4-40GB MIG 4g.20gb (0),1,,13,cupy_copy__complex64_complex64
4780626580,12032,313220,1434,1,1,128,1,1,16,0.000,0.000,,,,,NVIDIA A100-SXM4-40GB MIG 4g.20gb (0),1,,13,cupy_copy__complex64_complex64
4780641652,81567,313225,1,1,1,32,32,1,30,0.000,0.000,,,,,NVIDIA A100-SXM4-40GB MIG 4g.20gb (0),1,,13,"void convert_kernel<__half2, float2>(tensor_layout_any, T1 *, tensor_layout_any, const T2 *)"
4780750866,5792,313228,,,,,,,,,,0.094,16176.708,Pinned,Device,NVIDIA A100-SXM4-40GB MIG 4g.20gb (0),1,,13,[CUDA memcpy Host-to-Device]
4780760114,596569,313229,,,,,,,,,,456.561,765196.973,Device,,NVIDIA A100-SXM4-40GB MIG 4g.20gb (0),1,,13,[CUDA memset]
4781358315,165470,313234,,,,,,,,,,1.235,7462.767,Pinned,Device,NVIDIA A100-SXM4-40GB MIG 4g.20gb (0),1,,13,[CUDA memcpy Host-to-Device]
4781536136,39776,313235,,,,,,,,,,0.197,4942.725,Pinned,Device,NVIDIA A100-SXM4-40GB MIG 4g.20gb (0),1,,13,[CUDA memcpy Host-to-Device]
4781593992,8320,313236,69,4,1,48,1,1,76,0.002,0.000,,,,,NVIDIA A100-SXM4-40GB MIG 4g.20gb (0),1,,13,"void ch_est::windowedChEstPreNoDftSOfdmKernel<float, __half, float, (unsigned int)2, (unsigned int)1, (unsigned short)4>(ch_est::puschRxChEstStatDescr_t *, ch_est::puschRxChEstDynDescr_t *)"
4781612136,6911,313237,137,2,1,24,2,1,44,0.001,0.001,,,,,NVIDIA A100-SXM4-40GB MIG 4g.20gb (0),1,,13,"void ch_est::chEstFilterNoDftSOfdmDispatchKernel<float, __half, float, (unsigned int)2>(ch_est::puschRxChEstStatDescr_t *, ch_est::puschRxChEstDynDescr_t *)"
4781629543,4768,313238,137,2,1,24,2,1,44,0.001,0.001,,,,,NVIDIA A100-SXM4-40GB MIG 4g.20gb (0),1,,13,"void ch_est::chEstFilterNoDftSOfdmDispatchKernel<float, __half, float, (unsigned int)2>(ch_est::puschRxChEstStatDescr_t *, ch_est::puschRxChEstDynDescr_t *)"
4781646247,2656,313249,103,1,1,128,1,1,16,0.000,0.000,,,,,NVIDIA A100-SXM4-40GB MIG 4g.20gb (0),1,,13,cupy_copy__complex64_complex64
4781662919,12320,313259,1434,1,1,128,1,1,16,0.000,0.000,,,,,NVIDIA A100-SXM4-40GB MIG 4g.20gb (0),1,,13,cupy_copy__complex64_complex64
4781683047,2880,313266,103,1,1,128,1,1,16,0.000,0.000,,,,,NVIDIA A100-SXM4-40GB MIG 4g.20gb (0),1,,13,cupy_copy__complex64_complex64
4781706598,87967,313273,1,1,1,32,32,1,30,0.000,0.000,,,,,NVIDIA A100-SXM4-40GB MIG 4g.20gb (0),1,,13,"void convert_kernel<__half2, float2>(tensor_layout_any, T1 *, tensor_layout_any, const T2 *)"
4781832133,13856,313276,,,,,,,,,,0.094,6762.040,Pinned,Device,NVIDIA A100-SXM4-40GB MIG 4g.20gb (0),1,,13,[CUDA memcpy Host-to-Device]
4781857157,47167,313277,,,,,,,,,,35.810,759206.114,Device,,NVIDIA A100-SXM4-40GB MIG 4g.20gb (0),1,,13,[CUDA memset]
4781912324,6016,313279,,,,,,,,,,0.000,13.298,Pinned,Device,NVIDIA A100-SXM4-40GB MIG 4g.20gb (0),1,,13,[CUDA memcpy Host-to-Device]
4781925924,23839,313280,,,,,,,,,,0.197,8247.312,Pinned,Device,NVIDIA A100-SXM4-40GB MIG 4g.20gb (0),1,,13,[CUDA memcpy Host-to-Device]
4781966435,9472,313281,273,1,1,48,1,1,40,0.000,0.001,,,,,NVIDIA A100-SXM4-40GB MIG 4g.20gb (0),1,,13,"void pusch_noise_intf_est::noiseIntfEstNoDftSOfdmKernel<float, __half, float, float, (unsigned int)2, (unsigned int)1, (unsigned char)4, (unsigned char)4>(pusch_noise_intf_est::puschRxNoiseIntfEstDynDescr)"
4781987843,2880,313292,35,1,1,128,1,1,16,0.000,0.000,,,,,NVIDIA A100-SXM4-40GB MIG 4g.20gb (0),1,,13,cupy_copy__complex64_complex64
4781997507,1664,313301,1,1,1,1,1,1,18,0.000,0.000,,,,,NVIDIA A100-SXM4-40GB MIG 4g.20gb (0),1,,13,cupy_copy__float32_float32
4782001411,2976,313307,,,,,,,,,,0.000,1.344,Device,Pageable,NVIDIA A100-SXM4-40GB MIG 4g.20gb (0),1,,7,[CUDA memcpy Device-to-Host]
4782076258,13024,313318,1434,1,1,128,1,1,16,0.000,0.000,,,,,NVIDIA A100-SXM4-40GB MIG 4g.20gb (0),1,,13,cupy_copy__complex64_complex64
4782102722,3359,313325,103,1,1,128,1,1,16,0.000,0.000,,,,,NVIDIA A100-SXM4-40GB MIG 4g.20gb (0),1,,13,cupy_copy__complex64_complex64
4782123297,2720,313332,35,1,1,128,1,1,16,0.000,0.000,,,,,NVIDIA A100-SXM4-40GB MIG 4g.20gb (0),1,,13,cupy_copy__complex64_complex64
4782139521,1984,313339,1,1,1,1,1,1,18,0.000,0.000,,,,,NVIDIA A100-SXM4-40GB MIG 4g.20gb (0),1,,13,cupy_copy__float32_float32
4782263968,82143,313350,1,1,1,32,32,1,30,0.000,0.000,,,,,NVIDIA A100-SXM4-40GB MIG 4g.20gb (0),1,,13,"void convert_kernel<__half2, float2>(tensor_layout_any, T1 *, tensor_layout_any, const T2 *)"
4782373854,5792,313353,,,,,,,,,,0.094,16176.708,Pinned,Device,NVIDIA A100-SXM4-40GB MIG 4g.20gb (0),1,,13,[CUDA memcpy Host-to-Device]
4782389022,3360,313354,,,,,,,,,,1.547,460304.688,Device,,NVIDIA A100-SXM4-40GB MIG 4g.20gb (0),1,,13,[CUDA memset]
4782394910,3168,313359,,,,,,,,,,0.031,9878.770,Pinned,Device,NVIDIA A100-SXM4-40GB MIG 4g.20gb (0),1,,13,[CUDA memcpy Host-to-Device]
4782400542,9600,313360,,,,,,,,,,0.197,20479.869,Pinned,Device,NVIDIA A100-SXM4-40GB MIG 4g.20gb (0),1,,13,[CUDA memcpy Host-to-Device]
4782415966,6368,313361,273,1,1,8,4,1,39,0.002,0.000,,,,,NVIDIA A100-SXM4-40GB MIG 4g.20gb (0),1,,13,"void channel_eq::eqMmseCoefCompLowMimoKernel<float, float, float, (unsigned int)4, (unsigned int)1, (unsigned int)4>(const channel_eq::_puschRxChEqStatDescr *, channel_eq::_puschRxChEqCoefCompDynDescr)"
4782425502,6015,313362,273,1,1,12,11,1,51,0.002,0.000,,,,,NVIDIA A100-SXM4-40GB MIG 4g.20gb (0),1,,13,"void channel_eq::eqMmseSoftDemapKernel<float, __half, __half, float, (unsigned int)4, (unsigned short)16383>(channel_eq::_puschRxChEqStatDescr *, channel_eq::_puschRxChEqSoftDemapDynDescr)"
4782434557,282013,313363,1,1,1,32,32,1,30,0.000,0.000,,,,,NVIDIA A100-SXM4-40GB MIG 4g.20gb (0),1,,13,"void convert_kernel<float2, __half2>(tensor_layout_any, T1 *, tensor_layout_any, const T2 *)"
4782717690,10784,313375,2253,1,1,128,1,1,16,0.000,0.000,,,,,NVIDIA A100-SXM4-40GB MIG 4g.20gb (0),1,,13,cupy_copy__float16_float16
4782730394,2720,313384,282,1,1,128,1,1,16,0.000,0.000,,,,,NVIDIA A100-SXM4-40GB MIG 4g.20gb (0),1,,13,cupy_copy__complex64_complex64
4782734938,2496,313393,26,1,1,128,1,1,16,0.000,0.000,,,,,NVIDIA A100-SXM4-40GB MIG 4g.20gb (0),1,,13,cupy_copy__float32_float32
4782739322,3040,313402,103,1,1,128,1,1,16,0.000,0.000,,,,,NVIDIA A100-SXM4-40GB MIG 4g.20gb (0),1,,13,cupy_copy__complex64_complex64
4782744954,12127,313412,1434,1,1,128,1,1,16,0.000,0.000,,,,,NVIDIA A100-SXM4-40GB MIG 4g.20gb (0),1,,13,cupy_copy__complex64_complex64
4782762233,82399,313417,1,1,1,32,32,1,30,0.000,0.000,,,,,NVIDIA A100-SXM4-40GB MIG 4g.20gb (0),1,,13,"void convert_kernel<__half2, float2>(tensor_layout_any, T1 *, tensor_layout_any, const T2 *)"
4782873272,5344,313420,,,,,,,,,,0.094,17532.864,Pinned,Device,NVIDIA A100-SXM4-40GB MIG 4g.20gb (0),1,,13,[CUDA memcpy Host-to-Device]
4782883544,597945,313421,,,,,,,,,,456.561,763370.728,Device,,NVIDIA A100-SXM4-40GB MIG 4g.20gb (0),1,,13,[CUDA memset]
4783487280,134431,313426,,,,,,,,,,1.235,9185.513,Pinned,Device,NVIDIA A100-SXM4-40GB MIG 4g.20gb (0),1,,13,[CUDA memcpy Host-to-Device]
4783632335,31423,313427,,,,,,,,,,0.197,6256.656,Pinned,Device,NVIDIA A100-SXM4-40GB MIG 4g.20gb (0),1,,13,[CUDA memcpy Host-to-Device]
4783683150,8256,313428,69,4,1,48,1,1,76,0.002,0.000,,,,,NVIDIA A100-SXM4-40GB MIG 4g.20gb (0),1,,13,"void ch_est::windowedChEstPreNoDftSOfdmKernel<float, __half, float, (unsigned int)2, (unsigned int)1, (unsigned short)4>(ch_est::puschRxChEstStatDescr_t *, ch_est::puschRxChEstDynDescr_t *)"
4783698894,6720,313429,137,2,1,24,2,1,44,0.001,0.001,,,,,NVIDIA A100-SXM4-40GB MIG 4g.20gb (0),1,,13,"void ch_est::chEstFilterNoDftSOfdmDispatchKernel<float, __half, float, (unsigned int)2>(ch_est::puschRxChEstStatDescr_t *, ch_est::puschRxChEstDynDescr_t *)"
4783715790,4992,313430,137,2,1,24,2,1,44,0.001,0.001,,,,,NVIDIA A100-SXM4-40GB MIG 4g.20gb (0),1,,13,"void ch_est::chEstFilterNoDftSOfdmDispatchKernel<float, __half, float, (unsigned int)2>(ch_est::puschRxChEstStatDescr_t *, ch_est::puschRxChEstDynDescr_t *)"
4783728941,2656,313441,103,1,1,128,1,1,16,0.000,0.000,,,,,NVIDIA A100-SXM4-40GB MIG 4g.20gb (0),1,,13,cupy_copy__complex64_complex64
4783742381,12448,313451,1434,1,1,128,1,1,16,0.000,0.000,,,,,NVIDIA A100-SXM4-40GB MIG 4g.20gb (0),1,,13,cupy_copy__complex64_complex64
4783779501,2560,313458,103,1,1,128,1,1,16,0.000,0.000,,,,,NVIDIA A100-SXM4-40GB MIG 4g.20gb (0),1,,13,cupy_copy__complex64_complex64
4783798029,81343,313465,1,1,1,32,32,1,30,0.000,0.000,,,,,NVIDIA A100-SXM4-40GB MIG 4g.20gb (0),1,,13,"void convert_kernel<__half2, float2>(tensor_layout_any, T1 *, tensor_layout_any, const T2 *)"
4783917675,24224,313468,,,,,,,,,,0.094,3867.865,Pinned,Device,NVIDIA A100-SXM4-40GB MIG 4g.20gb (0),1,,13,[CUDA memcpy Host-to-Device]
4783959179,47231,313469,,,,,,,,,,35.810,758167.626,Device,,NVIDIA A100-SXM4-40GB MIG 4g.20gb (0),1,,13,[CUDA memset]
4784014250,13120,313471,,,,,,,,,,0.000,6.098,Pinned,Device,NVIDIA A100-SXM4-40GB MIG 4g.20gb (0),1,,13,[CUDA memcpy Host-to-Device]
4784036554,23743,313472,,,,,,,,,,0.197,8280.539,Pinned,Device,NVIDIA A100-SXM4-40GB MIG 4g.20gb (0),1,,13,[CUDA memcpy Host-to-Device]
4784081641,9984,313473,273,1,1,48,1,1,40,0.000,0.001,,,,,NVIDIA A100-SXM4-40GB MIG 4g.20gb (0),1,,13,"void pusch_noise_intf_est::noiseIntfEstNoDftSOfdmKernel<float, __half, float, float, (unsigned int)2, (unsigned int)1, (unsigned char)4, (unsigned char)4>(pusch_noise_intf_est::puschRxNoiseIntfEstDynDescr)"
4784098089,2784,313484,35,1,1,128,1,1,16,0.000,0.000,,,,,NVIDIA A100-SXM4-40GB MIG 4g.20gb (0),1,,13,cupy_copy__complex64_complex64
4784111529,1696,313493,1,1,1,1,1,1,18,0.000,0.000,,,,,NVIDIA A100-SXM4-40GB MIG 4g.20gb (0),1,,13,cupy_copy__float32_float32
4784114601,6784,313499,,,,,,,,,,0.000,0.590,Device,Pageable,NVIDIA A100-SXM4-40GB MIG 4g.20gb (0),1,,7,[CUDA memcpy Device-to-Host]
4784198440,12832,313510,1434,1,1,128,1,1,16,0.000,0.000,,,,,NVIDIA A100-SXM4-40GB MIG 4g.20gb (0),1,,13,cupy_copy__complex64_complex64
4784221831,2880,313517,103,1,1,128,1,1,16,0.000,0.000,,,,,NVIDIA A100-SXM4-40GB MIG 4g.20gb (0),1,,13,cupy_copy__complex64_complex64
4784253223,2528,313524,35,1,1,128,1,1,16,0.000,0.000,,,,,NVIDIA A100-SXM4-40GB MIG 4g.20gb (0),1,,13,cupy_copy__complex64_complex64
4784257735,1728,313531,1,1,1,1,1,1,18,0.000,0.000,,,,,NVIDIA A100-SXM4-40GB MIG 4g.20gb (0),1,,13,cupy_copy__float32_float32
4784392197,81695,313542,1,1,1,32,32,1,30,0.000,0.000,,,,,NVIDIA A100-SXM4-40GB MIG 4g.20gb (0),1,,13,"void convert_kernel<__half2, float2>(tensor_layout_any, T1 *, tensor_layout_any, const T2 *)"
4784504964,10624,313545,,,,,,,,,,0.094,8819.230,Pinned,Device,NVIDIA A100-SXM4-40GB MIG 4g.20gb (0),1,,13,[CUDA memcpy Host-to-Device]
4784524868,3456,313546,,,,,,,,,,1.547,447517.201,Device,,NVIDIA A100-SXM4-40GB MIG 4g.20gb (0),1,,13,[CUDA memset]
4784531684,7647,313551,,,,,,,,,,0.031,4092.578,Pinned,Device,NVIDIA A100-SXM4-40GB MIG 4g.20gb (0),1,,13,[CUDA memcpy Host-to-Device]
4784546115,13408,313552,,,,,,,,,,0.197,14663.418,Pinned,Device,NVIDIA A100-SXM4-40GB MIG 4g.20gb (0),1,,13,[CUDA memcpy Host-to-Device]
4784568099,5824,313553,273,1,1,8,4,1,39,0.002,0.000,,,,,NVIDIA A100-SXM4-40GB MIG 4g.20gb (0),1,,13,"void channel_eq::eqMmseCoefCompLowMimoKernel<float, float, float, (unsigned int)4, (unsigned int)1, (unsigned int)4>(const channel_eq::_puschRxChEqStatDescr *, channel_eq::_puschRxChEqCoefCompDynDescr)"
4784575971,5664,313554,273,1,1,12,11,1,51,0.002,0.000,,,,,NVIDIA A100-SXM4-40GB MIG 4g.20gb (0),1,,13,"void channel_eq::eqMmseSoftDemapKernel<float, __half, __half, float, (unsigned int)4, (unsigned short)16383>(channel_eq::_puschRxChEqStatDescr *, channel_eq::_puschRxChEqSoftDemapDynDescr)"
4784584355,295004,313555,1,1,1,32,32,1,30,0.000,0.000,,,,,NVIDIA A100-SXM4-40GB MIG 4g.20gb (0),1,,13,"void convert_kernel<float2, __half2>(tensor_layout_any, T1 *, tensor_layout_any, const T2 *)"
4784881375,10912,313567,2253,1,1,128,1,1,16,0.000,0.000,,,,,NVIDIA A100-SXM4-40GB MIG 4g.20gb (0),1,,13,cupy_copy__float16_float16
4784894527,3712,313576,282,1,1,128,1,1,16,0.000,0.000,,,,,NVIDIA A100-SXM4-40GB MIG 4g.20gb (0),1,,13,cupy_copy__complex64_complex64
4784899839,2336,313585,26,1,1,128,1,1,16,0.000,0.000,,,,,NVIDIA A100-SXM4-40GB MIG 4g.20gb (0),1,,13,cupy_copy__float32_float32
4784903967,4768,313594,103,1,1,128,1,1,16,0.000,0.000,,,,,NVIDIA A100-SXM4-40GB MIG 4g.20gb (0),1,,13,cupy_copy__complex64_complex64
4784960094,12704,313610,1434,1,1,128,1,1,16,0.000,0.000,,,,,NVIDIA A100-SXM4-40GB MIG 4g.20gb (0),1,,13,cupy_copy__complex64_complex64
4785075325,82623,313615,1,1,1,32,32,1,30,0.000,0.000,,,,,NVIDIA A100-SXM4-40GB MIG 4g.20gb (0),1,,13,"void convert_kernel<__half2, float2>(tensor_layout_any, T1 *, tensor_layout_any, const T2 *)"
4785185020,5727,313618,,,,,,,,,,0.094,16360.352,Pinned,Device,NVIDIA A100-SXM4-40GB MIG 4g.20gb (0),1,,13,[CUDA memcpy Host-to-Device]
4785196027,596793,313619,,,,,,,,,,456.561,764740.412,Device,,NVIDIA A100-SXM4-40GB MIG 4g.20gb (0),1,,13,[CUDA memset]
4785795348,142014,313624,,,,,,,,,,1.235,8695.241,Pinned,Device,NVIDIA A100-SXM4-40GB MIG 4g.20gb (0),1,,13,[CUDA memcpy Host-to-Device]
4785949970,43904,313625,,,,,,,,,,0.197,4477.944,Pinned,Device,NVIDIA A100-SXM4-40GB MIG 4g.20gb (0),1,,13,[CUDA memcpy Host-to-Device]
4786010673,8032,313626,69,4,1,48,1,1,76,0.002,0.000,,,,,NVIDIA A100-SXM4-40GB MIG 4g.20gb (0),1,,13,"void ch_est::windowedChEstPreNoDftSOfdmKernel<float, __half, float, (unsigned int)2, (unsigned int)1, (unsigned short)4>(ch_est::puschRxChEstStatDescr_t *, ch_est::puschRxChEstDynDescr_t *)"
4786028945,6688,313627,137,2,1,24,2,1,44,0.001,0.001,,,,,NVIDIA A100-SXM4-40GB MIG 4g.20gb (0),1,,13,"void ch_est::chEstFilterNoDftSOfdmDispatchKernel<float, __half, float, (unsigned int)2>(ch_est::puschRxChEstStatDescr_t *, ch_est::puschRxChEstDynDescr_t *)"
4786044209,4768,313628,137,2,1,24,2,1,44,0.001,0.001,,,,,NVIDIA A100-SXM4-40GB MIG 4g.20gb (0),1,,13,"void ch_est::chEstFilterNoDftSOfdmDispatchKernel<float, __half, float, (unsigned int)2>(ch_est::puschRxChEstStatDescr_t *, ch_est::puschRxChEstDynDescr_t *)"
4786061457,2656,313639,103,1,1,128,1,1,16,0.000,0.000,,,,,NVIDIA A100-SXM4-40GB MIG 4g.20gb (0),1,,13,cupy_copy__complex64_complex64
4786076017,12831,313649,1434,1,1,128,1,1,16,0.000,0.000,,,,,NVIDIA A100-SXM4-40GB MIG 4g.20gb (0),1,,13,cupy_copy__complex64_complex64
4786113936,2592,313656,103,1,1,128,1,1,16,0.000,0.000,,,,,NVIDIA A100-SXM4-40GB MIG 4g.20gb (0),1,,13,cupy_copy__complex64_complex64
4786127504,87423,313663,1,1,1,32,32,1,30,0.000,0.000,,,,,NVIDIA A100-SXM4-40GB MIG 4g.20gb (0),1,,13,"void convert_kernel<__half2, float2>(tensor_layout_any, T1 *, tensor_layout_any, const T2 *)"
4786246926,18880,313666,,,,,,,,,,0.094,4962.702,Pinned,Device,NVIDIA A100-SXM4-40GB MIG 4g.20gb (0),1,,13,[CUDA memcpy Host-to-Device]
4786288750,46847,313667,,,,,,,,,,35.810,764398.552,Device,,NVIDIA A100-SXM4-40GB MIG 4g.20gb (0),1,,13,[CUDA memset]
4786339725,12800,313669,,,,,,,,,,0.000,6.250,Pinned,Device,NVIDIA A100-SXM4-40GB MIG 4g.20gb (0),1,,13,[CUDA memcpy Host-to-Device]
4786363213,18528,313670,,,,,,,,,,0.197,10611.327,Pinned,Device,NVIDIA A100-SXM4-40GB MIG 4g.20gb (0),1,,13,[CUDA memcpy Host-to-Device]
4786406604,9664,313671,273,1,1,48,1,1,40,0.000,0.001,,,,,NVIDIA A100-SXM4-40GB MIG 4g.20gb (0),1,,13,"void pusch_noise_intf_est::noiseIntfEstNoDftSOfdmKernel<float, __half, float, float, (unsigned int)2, (unsigned int)1, (unsigned char)4, (unsigned char)4>(pusch_noise_intf_est::puschRxNoiseIntfEstDynDescr)"
4786422124,2752,313682,35,1,1,128,1,1,16,0.000,0.000,,,,,NVIDIA A100-SXM4-40GB MIG 4g.20gb (0),1,,13,cupy_copy__complex64_complex64
4786437804,1760,313691,1,1,1,1,1,1,18,0.000,0.000,,,,,NVIDIA A100-SXM4-40GB MIG 4g.20gb (0),1,,13,cupy_copy__float32_float32
4786447244,5504,313697,,,,,,,,,,0.000,0.727,Device,Pageable,NVIDIA A100-SXM4-40GB MIG 4g.20gb (0),1,,7,[CUDA memcpy Device-to-Host]
4786539627,12800,313708,1434,1,1,128,1,1,16,0.000,0.000,,,,,NVIDIA A100-SXM4-40GB MIG 4g.20gb (0),1,,13,cupy_copy__complex64_complex64
4786559819,2944,313715,103,1,1,128,1,1,16,0.000,0.000,,,,,NVIDIA A100-SXM4-40GB MIG 4g.20gb (0),1,,13,cupy_copy__complex64_complex64
4786583242,2528,313722,35,1,1,128,1,1,16,0.000,0.000,,,,,NVIDIA A100-SXM4-40GB MIG 4g.20gb (0),1,,13,cupy_copy__complex64_complex64
4786601514,1984,313729,1,1,1,1,1,1,18,0.000,0.000,,,,,NVIDIA A100-SXM4-40GB MIG 4g.20gb (0),1,,13,cupy_copy__float32_float32
4786728201,86974,313740,1,1,1,32,32,1,30,0.000,0.000,,,,,NVIDIA A100-SXM4-40GB MIG 4g.20gb (0),1,,13,"void convert_kernel<__half2, float2>(tensor_layout_any, T1 *, tensor_layout_any, const T2 *)"
4786856071,13920,313743,,,,,,,,,,0.094,6731.027,Pinned,Device,NVIDIA A100-SXM4-40GB MIG 4g.20gb (0),1,,13,[CUDA memcpy Host-to-Device]
4786881831,3360,313744,,,,,,,,,,1.547,460304.688,Device,,NVIDIA A100-SXM4-40GB MIG 4g.20gb (0),1,,13,[CUDA memset]
4786886535,3072,313749,,,,,,,,,,0.031,10187.474,Pinned,Device,NVIDIA A100-SXM4-40GB MIG 4g.20gb (0),1,,13,[CUDA memcpy Host-to-Device]
4786892231,17887,313750,,,,,,,,,,0.197,10991.567,Pinned,Device,NVIDIA A100-SXM4-40GB MIG 4g.20gb (0),1,,13,[CUDA memcpy Host-to-Device]
4786920774,5888,313751,273,1,1,8,4,1,39,0.002,0.000,,,,,NVIDIA A100-SXM4-40GB MIG 4g.20gb (0),1,,13,"void channel_eq::eqMmseCoefCompLowMimoKernel<float, float, float, (unsigned int)4, (unsigned int)1, (unsigned int)4>(const channel_eq::_puschRxChEqStatDescr *, channel_eq::_puschRxChEqCoefCompDynDescr)"
4786929062,5536,313752,273,1,1,12,11,1,51,0.002,0.000,,,,,NVIDIA A100-SXM4-40GB MIG 4g.20gb (0),1,,13,"void channel_eq::eqMmseSoftDemapKernel<float, __half, __half, float, (unsigned int)4, (unsigned short)16383>(channel_eq::_puschRxChEqStatDescr *, channel_eq::_puschRxChEqSoftDemapDynDescr)"
4786936870,282364,313753,1,1,1,32,32,1,30,0.000,0.000,,,,,NVIDIA A100-SXM4-40GB MIG 4g.20gb (0),1,,13,"void convert_kernel<float2, __half2>(tensor_layout_any, T1 *, tensor_layout_any, const T2 *)"
4787220194,10944,313765,2253,1,1,128,1,1,16,0.000,0.000,,,,,NVIDIA A100-SXM4-40GB MIG 4g.20gb (0),1,,13,cupy_copy__float16_float16
4787234242,3552,313774,282,1,1,128,1,1,16,0.000,0.000,,,,,NVIDIA A100-SXM4-40GB MIG 4g.20gb (0),1,,13,cupy_copy__complex64_complex64
4787240674,2368,313783,26,1,1,128,1,1,16,0.000,0.000,,,,,NVIDIA A100-SXM4-40GB MIG 4g.20gb (0),1,,13,cupy_copy__float32_float32
4787246562,2944,313792,103,1,1,128,1,1,16,0.000,0.000,,,,,NVIDIA A100-SXM4-40GB MIG 4g.20gb (0),1,,13,cupy_copy__complex64_complex64
4787252738,12096,313802,1434,1,1,128,1,1,16,0.000,0.000,,,,,NVIDIA A100-SXM4-40GB MIG 4g.20gb (0),1,,13,cupy_copy__complex64_complex64
4787270306,82143,313807,1,1,1,32,32,1,30,0.000,0.000,,,,,NVIDIA A100-SXM4-40GB MIG 4g.20gb (0),1,,13,"void convert_kernel<__half2, float2>(tensor_layout_any, T1 *, tensor_layout_any, const T2 *)"
4787379201,5503,313810,,,,,,,,,,0.094,17026.343,Pinned,Device,NVIDIA A100-SXM4-40GB MIG 4g.20gb (0),1,,13,[CUDA memcpy Host-to-Device]
4787390784,597977,313811,,,,,,,,,,456.561,763370.728,Device,,NVIDIA A100-SXM4-40GB MIG 4g.20gb (0),1,,13,[CUDA memset]
4787997113,87999,313816,,,,,,,,,,1.235,14032.669,Pinned,Device,NVIDIA A100-SXM4-40GB MIG 4g.20gb (0),1,,13,[CUDA memcpy Host-to-Device]
4788093848,24607,313817,,,,,,,,,,0.197,7989.756,Pinned,Device,NVIDIA A100-SXM4-40GB MIG 4g.20gb (0),1,,13,[CUDA memcpy Host-to-Device]
4788134583,8992,313818,69,4,1,48,1,1,76,0.002,0.000,,,,,NVIDIA A100-SXM4-40GB MIG 4g.20gb (0),1,,13,"void ch_est::windowedChEstPreNoDftSOfdmKernel<float, __half, float, (unsigned int)2, (unsigned int)1, (unsigned short)4>(ch_est::puschRxChEstStatDescr_t *, ch_est::puschRxChEstDynDescr_t *)"
4788148023,6336,313819,137,2,1,24,2,1,44,0.001,0.001,,,,,NVIDIA A100-SXM4-40GB MIG 4g.20gb (0),1,,13,"void ch_est::chEstFilterNoDftSOfdmDispatchKernel<float, __half, float, (unsigned int)2>(ch_est::puschRxChEstStatDescr_t *, ch_est::puschRxChEstDynDescr_t *)"
4788156119,5024,313820,137,2,1,24,2,1,44,0.001,0.001,,,,,NVIDIA A100-SXM4-40GB MIG 4g.20gb (0),1,,13,"void ch_est::chEstFilterNoDftSOfdmDispatchKernel<float, __half, float, (unsigned int)2>(ch_est::puschRxChEstStatDescr_t *, ch_est::puschRxChEstDynDescr_t *)"
4788164535,2592,313831,103,1,1,128,1,1,16,0.000,0.000,,,,,NVIDIA A100-SXM4-40GB MIG 4g.20gb (0),1,,13,cupy_copy__complex64_complex64
4788173591,12512,313841,1434,1,1,128,1,1,16,0.000,0.000,,,,,NVIDIA A100-SXM4-40GB MIG 4g.20gb (0),1,,13,cupy_copy__complex64_complex64
4788189911,3167,313848,103,1,1,128,1,1,16,0.000,0.000,,,,,NVIDIA A100-SXM4-40GB MIG 4g.20gb (0),1,,13,cupy_copy__complex64_complex64
4788197814,88831,313855,1,1,1,32,32,1,30,0.000,0.000,,,,,NVIDIA A100-SXM4-40GB MIG 4g.20gb (0),1,,13,"void convert_kernel<__half2, float2>(tensor_layout_any, T1 *, tensor_layout_any, const T2 *)"
4788314485,14144,313858,,,,,,,,,,0.094,6624.401,Pinned,Device,NVIDIA A100-SXM4-40GB MIG 4g.20gb (0),1,,13,[CUDA memcpy Host-to-Device]
4788334229,47487,313859,,,,,,,,,,35.810,754085.295,Device,,NVIDIA A100-SXM4-40GB MIG 4g.20gb (0),1,,13,[CUDA memset]
4788384468,8992,313861,,,,,,,,,,0.000,8.897,Pinned,Device,NVIDIA A100-SXM4-40GB MIG 4g.20gb (0),1,,13,[CUDA memcpy Host-to-Device]
4788403060,17024,313862,,,,,,,,,,0.197,11548.754,Pinned,Device,NVIDIA A100-SXM4-40GB MIG 4g.20gb (0),1,,13,[CUDA memcpy Host-to-Device]
4788430996,9023,313863,273,1,1,48,1,1,40,0.000,0.001,,,,,NVIDIA A100-SXM4-40GB MIG 4g.20gb (0),1,,13,"void pusch_noise_intf_est::noiseIntfEstNoDftSOfdmKernel<float, __half, float, float, (unsigned int)2, (unsigned int)1, (unsigned char)4, (unsigned char)4>(pusch_noise_intf_est::puschRxNoiseIntfEstDynDescr)"
4788451123,2848,313874,35,1,1,128,1,1,16,0.000,0.000,,,,,NVIDIA A100-SXM4-40GB MIG 4g.20gb (0),1,,13,cupy_copy__complex64_complex64
4788462035,1824,313883,1,1,1,1,1,1,18,0.000,0.000,,,,,NVIDIA A100-SXM4-40GB MIG 4g.20gb (0),1,,13,cupy_copy__float32_float32
4788468403,5824,313889,,,,,,,,,,0.000,0.687,Device,Pageable,NVIDIA A100-SXM4-40GB MIG 4g.20gb (0),1,,7,[CUDA memcpy Device-to-Host]
4788538034,12832,313900,1434,1,1,128,1,1,16,0.000,0.000,,,,,NVIDIA A100-SXM4-40GB MIG 4g.20gb (0),1,,13,cupy_copy__complex64_complex64
4788566258,2976,313907,103,1,1,128,1,1,16,0.000,0.000,,,,,NVIDIA A100-SXM4-40GB MIG 4g.20gb (0),1,,13,cupy_copy__complex64_complex64
4788587698,2176,313914,35,1,1,128,1,1,16,0.000,0.000,,,,,NVIDIA A100-SXM4-40GB MIG 4g.20gb (0),1,,13,cupy_copy__complex64_complex64
4788603473,1728,313921,1,1,1,1,1,1,18,0.000,0.000,,,,,NVIDIA A100-SXM4-40GB MIG 4g.20gb (0),1,,13,cupy_copy__float32_float32
4788735920,82335,313932,1,1,1,32,32,1,30,0.000,0.000,,,,,NVIDIA A100-SXM4-40GB MIG 4g.20gb (0),1,,13,"void convert_kernel<__half2, float2>(tensor_layout_any, T1 *, tensor_layout_any, const T2 *)"
4788846574,5888,313935,,,,,,,,,,0.094,15912.954,Pinned,Device,NVIDIA A100-SXM4-40GB MIG 4g.20gb (0),1,,13,[CUDA memcpy Host-to-Device]
4788860910,3296,313936,,,,,,,,,,1.547,469242.628,Device,,NVIDIA A100-SXM4-40GB MIG 4g.20gb (0),1,,13,[CUDA memset]
4788869710,3168,313941,,,,,,,,,,0.031,9878.770,Pinned,Device,NVIDIA A100-SXM4-40GB MIG 4g.20gb (0),1,,13,[CUDA memcpy Host-to-Device]
4788876238,9376,313942,,,,,,,,,,0.197,20969.226,Pinned,Device,NVIDIA A100-SXM4-40GB MIG 4g.20gb (0),1,,13,[CUDA memcpy Host-to-Device]
4788891502,6336,313943,273,1,1,8,4,1,39,0.002,0.000,,,,,NVIDIA A100-SXM4-40GB MIG 4g.20gb (0),1,,13,"void channel_eq::eqMmseCoefCompLowMimoKernel<float, float, float, (unsigned int)4, (unsigned int)1, (unsigned int)4>(const channel_eq::_puschRxChEqStatDescr *, channel_eq::_puschRxChEqCoefCompDynDescr)"
4788899694,7424,313944,273,1,1,12,11,1,51,0.002,0.000,,,,,NVIDIA A100-SXM4-40GB MIG 4g.20gb (0),1,,13,"void channel_eq::eqMmseSoftDemapKernel<float, __half, __half, float, (unsigned int)4, (unsigned short)16383>(channel_eq::_puschRxChEqStatDescr *, channel_eq::_puschRxChEqSoftDemapDynDescr)"
4788908110,282684,313945,1,1,1,32,32,1,30,0.000,0.000,,,,,NVIDIA A100-SXM4-40GB MIG 4g.20gb (0),1,,13,"void convert_kernel<float2, __half2>(tensor_layout_any, T1 *, tensor_layout_any, const T2 *)"
4789192906,11200,313957,2253,1,1,128,1,1,16,0.000,0.000,,,,,NVIDIA A100-SXM4-40GB MIG 4g.20gb (0),1,,13,cupy_copy__float16_float16
4789209226,2656,313966,282,1,1,128,1,1,16,0.000,0.000,,,,,NVIDIA A100-SXM4-40GB MIG 4g.20gb (0),1,,13,cupy_copy__complex64_complex64
4789214954,2336,313975,26,1,1,128,1,1,16,0.000,0.000,,,,,NVIDIA A100-SXM4-40GB MIG 4g.20gb (0),1,,13,cupy_copy__float32_float32
4789219242,3072,313984,103,1,1,128,1,1,16,0.000,0.000,,,,,NVIDIA A100-SXM4-40GB MIG 4g.20gb (0),1,,13,cupy_copy__complex64_complex64
4789223466,12000,313994,1434,1,1,128,1,1,16,0.000,0.000,,,,,NVIDIA A100-SXM4-40GB MIG 4g.20gb (0),1,,13,cupy_copy__complex64_complex64
4789238986,80415,313999,1,1,1,32,32,1,30,0.000,0.000,,,,,NVIDIA A100-SXM4-40GB MIG 4g.20gb (0),1,,13,"void convert_kernel<__half2, float2>(tensor_layout_any, T1 *, tensor_layout_any, const T2 *)"
4789347720,5824,314002,,,,,,,,,,0.094,16087.884,Pinned,Device,NVIDIA A100-SXM4-40GB MIG 4g.20gb (0),1,,13,[CUDA memcpy Host-to-Device]
4789358568,597337,314003,,,,,,,,,,456.561,764283.851,Device,,NVIDIA A100-SXM4-40GB MIG 4g.20gb (0),1,,13,[CUDA memset]
4789958497,152990,314008,,,,,,,,,,1.235,8071.594,Pinned,Device,NVIDIA A100-SXM4-40GB MIG 4g.20gb (0),1,,13,[CUDA memcpy Host-to-Device]
4790123679,38207,314009,,,,,,,,,,0.197,5145.821,Pinned,Device,NVIDIA A100-SXM4-40GB MIG 4g.20gb (0),1,,13,[CUDA memcpy Host-to-Device]
4790188606,8384,314010,69,4,1,48,1,1,76,0.002,0.000,,,,,NVIDIA A100-SXM4-40GB MIG 4g.20gb (0),1,,13,"void ch_est::windowedChEstPreNoDftSOfdmKernel<float, __half, float, (unsigned int)2, (unsigned int)1, (unsigned short)4>(ch_est::puschRxChEstStatDescr_t *, ch_est::puschRxChEstDynDescr_t *)"
4790206174,7008,314011,137,2,1,24,2,1,44,0.001,0.001,,,,,NVIDIA A100-SXM4-40GB MIG 4g.20gb (0),1,,13,"void ch_est::chEstFilterNoDftSOfdmDispatchKernel<float, __half, float, (unsigned int)2>(ch_est::puschRxChEstStatDescr_t *, ch_est::puschRxChEstDynDescr_t *)"
4790217662,4735,314012,137,2,1,24,2,1,44,0.001,0.001,,,,,NVIDIA A100-SXM4-40GB MIG 4g.20gb (0),1,,13,"void ch_est::chEstFilterNoDftSOfdmDispatchKernel<float, __half, float, (unsigned int)2>(ch_est::puschRxChEstStatDescr_t *, ch_est::puschRxChEstDynDescr_t *)"
4790232605,2656,314023,103,1,1,128,1,1,16,0.000,0.000,,,,,NVIDIA A100-SXM4-40GB MIG 4g.20gb (0),1,,13,cupy_copy__complex64_complex64
4790242845,12640,314033,1434,1,1,128,1,1,16,0.000,0.000,,,,,NVIDIA A100-SXM4-40GB MIG 4g.20gb (0),1,,13,cupy_copy__complex64_complex64
4790267389,2464,314040,103,1,1,128,1,1,16,0.000,0.000,,,,,NVIDIA A100-SXM4-40GB MIG 4g.20gb (0),1,,13,cupy_copy__complex64_complex64
4790280765,87487,314047,1,1,1,32,32,1,30,0.000,0.000,,,,,NVIDIA A100-SXM4-40GB MIG 4g.20gb (0),1,,13,"void convert_kernel<__half2, float2>(tensor_layout_any, T1 *, tensor_layout_any, const T2 *)"
4790398683,13344,314050,,,,,,,,,,0.094,7021.578,Pinned,Device,NVIDIA A100-SXM4-40GB MIG 4g.20gb (0),1,,13,[CUDA memcpy Host-to-Device]
4790423291,47743,314051,,,,,,,,,,35.810,750038.774,Device,,NVIDIA A100-SXM4-40GB MIG 4g.20gb (0),1,,13,[CUDA memset]
4790472922,8768,314053,,,,,,,,,,0.000,9.124,Pinned,Device,NVIDIA A100-SXM4-40GB MIG 4g.20gb (0),1,,13,[CUDA memcpy Host-to-Device]
4790489978,15008,314054,,,,,,,,,,0.197,13100.188,Pinned,Device,NVIDIA A100-SXM4-40GB MIG 4g.20gb (0),1,,13,[CUDA memcpy Host-to-Device]
4790516954,10560,314055,273,1,1,48,1,1,40,0.000,0.001,,,,,NVIDIA A100-SXM4-40GB MIG 4g.20gb (0),1,,13,"void pusch_noise_intf_est::noiseIntfEstNoDftSOfdmKernel<float, __half, float, float, (unsigned int)2, (unsigned int)1, (unsigned char)4, (unsigned char)4>(pusch_noise_intf_est::puschRxNoiseIntfEstDynDescr)"
4790536090,2816,314066,35,1,1,128,1,1,16,0.000,0.000,,,,,NVIDIA A100-SXM4-40GB MIG 4g.20gb (0),1,,13,cupy_copy__complex64_complex64
4790545401,1792,314075,1,1,1,1,1,1,18,0.000,0.000,,,,,NVIDIA A100-SXM4-40GB MIG 4g.20gb (0),1,,13,cupy_copy__float32_float32
4790554457,4864,314081,,,,,,,,,,0.000,0.822,Device,Pageable,NVIDIA A100-SXM4-40GB MIG 4g.20gb (0),1,,7,[CUDA memcpy Device-to-Host]
4790637176,12896,314092,1434,1,1,128,1,1,16,0.000,0.000,,,,,NVIDIA A100-SXM4-40GB MIG 4g.20gb (0),1,,13,cupy_copy__complex64_complex64
4790663320,3072,314099,103,1,1,128,1,1,16,0.000,0.000,,,,,NVIDIA A100-SXM4-40GB MIG 4g.20gb (0),1,,13,cupy_copy__complex64_complex64
4790683096,2656,314106,35,1,1,128,1,1,16,0.000,0.000,,,,,NVIDIA A100-SXM4-40GB MIG 4g.20gb (0),1,,13,cupy_copy__complex64_complex64
4790699096,2112,314113,1,1,1,1,1,1,18,0.000,0.000,,,,,NVIDIA A100-SXM4-40GB MIG 4g.20gb (0),1,,13,cupy_copy__float32_float32
4790825654,87455,314124,1,1,1,32,32,1,30,0.000,0.000,,,,,NVIDIA A100-SXM4-40GB MIG 4g.20gb (0),1,,13,"void convert_kernel<__half2, float2>(tensor_layout_any, T1 *, tensor_layout_any, const T2 *)"
4790942133,5504,314127,,,,,,,,,,0.094,17023.251,Pinned,Device,NVIDIA A100-SXM4-40GB MIG 4g.20gb (0),1,,13,[CUDA memcpy Host-to-Device]
4790958900,3264,314128,,,,,,,,,,1.547,473842.288,Device,,NVIDIA A100-SXM4-40GB MIG 4g.20gb (0),1,,13,[CUDA memset]
4790965748,3392,314133,,,,,,,,,,0.031,9226.405,Pinned,Device,NVIDIA A100-SXM4-40GB MIG 4g.20gb (0),1,,13,[CUDA memcpy Host-to-Device]
4790971988,10240,314134,,,,,,,,,,0.197,19199.951,Pinned,Device,NVIDIA A100-SXM4-40GB MIG 4g.20gb (0),1,,13,[CUDA memcpy Host-to-Device]
4790986260,8384,314135,273,1,1,8,4,1,39,0.002,0.000,,,,,NVIDIA A100-SXM4-40GB MIG 4g.20gb (0),1,,13,"void channel_eq::eqMmseCoefCompLowMimoKernel<float, float, float, (unsigned int)4, (unsigned int)1, (unsigned int)4>(const channel_eq::_puschRxChEqStatDescr *, channel_eq::_puschRxChEqCoefCompDynDescr)"
4790996884,6272,314136,273,1,1,12,11,1,51,0.002,0.000,,,,,NVIDIA A100-SXM4-40GB MIG 4g.20gb (0),1,,13,"void channel_eq::eqMmseSoftDemapKernel<float, __half, __half, float, (unsigned int)4, (unsigned short)16383>(channel_eq::_puschRxChEqStatDescr *, channel_eq::_puschRxChEqSoftDemapDynDescr)"
4791006356,282172,314137,1,1,1,32,32,1,30,0.000,0.000,,,,,NVIDIA A100-SXM4-40GB MIG 4g.20gb (0),1,,13,"void convert_kernel<float2, __half2>(tensor_layout_any, T1 *, tensor_layout_any, const T2 *)"
4791289616,10880,314149,2253,1,1,128,1,1,16,0.000,0.000,,,,,NVIDIA A100-SXM4-40GB MIG 4g.20gb (0),1,,13,cupy_copy__float16_float16
4791304976,3680,314158,282,1,1,128,1,1,16,0.000,0.000,,,,,NVIDIA A100-SXM4-40GB MIG 4g.20gb (0),1,,13,cupy_copy__complex64_complex64
4791310256,2048,314167,26,1,1,128,1,1,16,0.000,0.000,,,,,NVIDIA A100-SXM4-40GB MIG 4g.20gb (0),1,,13,cupy_copy__float32_float32
4791315504,2912,314176,103,1,1,128,1,1,16,0.000,0.000,,,,,NVIDIA A100-SXM4-40GB MIG 4g.20gb (0),1,,13,cupy_copy__complex64_complex64
4791319376,11840,314186,1434,1,1,128,1,1,16,0.000,0.000,,,,,NVIDIA A100-SXM4-40GB MIG 4g.20gb (0),1,,13,cupy_copy__complex64_complex64
4791337136,87359,314191,1,1,1,32,32,1,30,0.000,0.000,,,,,NVIDIA A100-SXM4-40GB MIG 4g.20gb (0),1,,13,"void convert_kernel<__half2, float2>(tensor_layout_any, T1 *, tensor_layout_any, const T2 *)"
4791451406,5664,314194,,,,,,,,,,0.094,16542.310,Pinned,Device,NVIDIA A100-SXM4-40GB MIG 4g.20gb (0),1,,13,[CUDA memcpy Host-to-Device]
4791460686,599385,314195,,,,,,,,,,456.561,761544.482,Device,,NVIDIA A100-SXM4-40GB MIG 4g.20gb (0),1,,13,[CUDA memset]
4792064135,146590,314200,,,,,,,,,,1.235,8423.553,Pinned,Device,NVIDIA A100-SXM4-40GB MIG 4g.20gb (0),1,,13,[CUDA memcpy Host-to-Device]
4792221989,37023,314201,,,,,,,,,,0.197,5310.382,Pinned,Device,NVIDIA A100-SXM4-40GB MIG 4g.20gb (0),1,,13,[CUDA memcpy Host-to-Device]
4792275684,8224,314202,69,4,1,48,1,1,76,0.002,0.000,,,,,NVIDIA A100-SXM4-40GB MIG 4g.20gb (0),1,,13,"void ch_est::windowedChEstPreNoDftSOfdmKernel<float, __half, float, (unsigned int)2, (unsigned int)1, (unsigned short)4>(ch_est::puschRxChEstStatDescr_t *, ch_est::puschRxChEstDynDescr_t *)"
4792294116,6656,314203,137,2,1,24,2,1,44,0.001,0.001,,,,,NVIDIA A100-SXM4-40GB MIG 4g.20gb (0),1,,13,"void ch_est::chEstFilterNoDftSOfdmDispatchKernel<float, __half, float, (unsigned int)2>(ch_est::puschRxChEstStatDescr_t *, ch_est::puschRxChEstDynDescr_t *)"
4792309316,4704,314204,137,2,1,24,2,1,44,0.001,0.001,,,,,NVIDIA A100-SXM4-40GB MIG 4g.20gb (0),1,,13,"void ch_est::chEstFilterNoDftSOfdmDispatchKernel<float, __half, float, (unsigned int)2>(ch_est::puschRxChEstStatDescr_t *, ch_est::puschRxChEstDynDescr_t *)"
4792321764,2688,314215,103,1,1,128,1,1,16,0.000,0.000,,,,,NVIDIA A100-SXM4-40GB MIG 4g.20gb (0),1,,13,cupy_copy__complex64_complex64
4792334083,12736,314225,1434,1,1,128,1,1,16,0.000,0.000,,,,,NVIDIA A100-SXM4-40GB MIG 4g.20gb (0),1,,13,cupy_copy__complex64_complex64
4792364259,2464,314232,103,1,1,128,1,1,16,0.000,0.000,,,,,NVIDIA A100-SXM4-40GB MIG 4g.20gb (0),1,,13,cupy_copy__complex64_complex64
4792374499,82975,314239,1,1,1,32,32,1,30,0.000,0.000,,,,,NVIDIA A100-SXM4-40GB MIG 4g.20gb (0),1,,13,"void convert_kernel<__half2, float2>(tensor_layout_any, T1 *, tensor_layout_any, const T2 *)"
4792490146,13215,314242,,,,,,,,,,0.094,7090.070,Pinned,Device,NVIDIA A100-SXM4-40GB MIG 4g.20gb (0),1,,13,[CUDA memcpy Host-to-Device]
4792511169,46944,314243,,,,,,,,,,35.810,762787.106,Device,,NVIDIA A100-SXM4-40GB MIG 4g.20gb (0),1,,13,[CUDA memset]
4792565889,5888,314245,,,,,,,,,,0.000,13.587,Pinned,Device,NVIDIA A100-SXM4-40GB MIG 4g.20gb (0),1,,13,[CUDA memcpy Host-to-Device]
4792580288,15008,314246,,,,,,,,,,0.197,13100.188,Pinned,Device,NVIDIA A100-SXM4-40GB MIG 4g.20gb (0),1,,13,[CUDA memcpy Host-to-Device]
4792605600,9824,314247,273,1,1,48,1,1,40,0.000,0.001,,,,,NVIDIA A100-SXM4-40GB MIG 4g.20gb (0),1,,13,"void pusch_noise_intf_est::noiseIntfEstNoDftSOfdmKernel<float, __half, float, float, (unsigned int)2, (unsigned int)1, (unsigned char)4, (unsigned char)4>(pusch_noise_intf_est::puschRxNoiseIntfEstDynDescr)"
4792619264,2688,314258,35,1,1,128,1,1,16,0.000,0.000,,,,,NVIDIA A100-SXM4-40GB MIG 4g.20gb (0),1,,13,cupy_copy__complex64_complex64
4792625600,1888,314267,1,1,1,1,1,1,18,0.000,0.000,,,,,NVIDIA A100-SXM4-40GB MIG 4g.20gb (0),1,,13,cupy_copy__float32_float32
4792637376,3616,314273,,,,,,,,,,0.000,1.106,Device,Pageable,NVIDIA A100-SXM4-40GB MIG 4g.20gb (0),1,,7,[CUDA memcpy Device-to-Host]
4792704319,12640,314284,1434,1,1,128,1,1,16,0.000,0.000,,,,,NVIDIA A100-SXM4-40GB MIG 4g.20gb (0),1,,13,cupy_copy__complex64_complex64
4792728351,3520,314291,103,1,1,128,1,1,16,0.000,0.000,,,,,NVIDIA A100-SXM4-40GB MIG 4g.20gb (0),1,,13,cupy_copy__complex64_complex64
4792750814,2560,314298,35,1,1,128,1,1,16,0.000,0.000,,,,,NVIDIA A100-SXM4-40GB MIG 4g.20gb (0),1,,13,cupy_copy__complex64_complex64
4792766814,1984,314305,1,1,1,1,1,1,18,0.000,0.000,,,,,NVIDIA A100-SXM4-40GB MIG 4g.20gb (0),1,,13,cupy_copy__float32_float32
4792896861,81439,314316,1,1,1,32,32,1,30,0.000,0.000,,,,,NVIDIA A100-SXM4-40GB MIG 4g.20gb (0),1,,13,"void convert_kernel<__half2, float2>(tensor_layout_any, T1 *, tensor_layout_any, const T2 *)"
4793006267,5568,314319,,,,,,,,,,0.094,16827.521,Pinned,Device,NVIDIA A100-SXM4-40GB MIG 4g.20gb (0),1,,13,[CUDA memcpy Host-to-Device]
4793022043,3264,314320,,,,,,,,,,1.547,473842.288,Device,,NVIDIA A100-SXM4-40GB MIG 4g.20gb (0),1,,13,[CUDA memset]
4793027579,3232,314325,,,,,,,,,,0.031,9683.139,Pinned,Device,NVIDIA A100-SXM4-40GB MIG 4g.20gb (0),1,,13,[CUDA memcpy Host-to-Device]
4793033723,10048,314326,,,,,,,,,,0.197,19566.821,Pinned,Device,NVIDIA A100-SXM4-40GB MIG 4g.20gb (0),1,,13,[CUDA memcpy Host-to-Device]
4793050011,6080,314327,273,1,1,8,4,1,39,0.002,0.000,,,,,NVIDIA A100-SXM4-40GB MIG 4g.20gb (0),1,,13,"void channel_eq::eqMmseCoefCompLowMimoKernel<float, float, float, (unsigned int)4, (unsigned int)1, (unsigned int)4>(const channel_eq::_puschRxChEqStatDescr *, channel_eq::_puschRxChEqCoefCompDynDescr)"
4793059323,6367,314328,273,1,1,12,11,1,51,0.002,0.000,,,,,NVIDIA A100-SXM4-40GB MIG 4g.20gb (0),1,,13,"void channel_eq::eqMmseSoftDemapKernel<float, __half, __half, float, (unsigned int)4, (unsigned short)16383>(channel_eq::_puschRxChEqStatDescr *, channel_eq::_puschRxChEqSoftDemapDynDescr)"
4793068506,295101,314329,1,1,1,32,32,1,30,0.000,0.000,,,,,NVIDIA A100-SXM4-40GB MIG 4g.20gb (0),1,,13,"void convert_kernel<float2, __half2>(tensor_layout_any, T1 *, tensor_layout_any, const T2 *)"
4793366391,10912,314341,2253,1,1,128,1,1,16,0.000,0.000,,,,,NVIDIA A100-SXM4-40GB MIG 4g.20gb (0),1,,13,cupy_copy__float16_float16
4793381879,2848,314350,282,1,1,128,1,1,16,0.000,0.000,,,,,NVIDIA A100-SXM4-40GB MIG 4g.20gb (0),1,,13,cupy_copy__complex64_complex64
4793387670,2368,314359,26,1,1,128,1,1,16,0.000,0.000,,,,,NVIDIA A100-SXM4-40GB MIG 4g.20gb (0),1,,13,cupy_copy__float32_float32
4793391766,2976,314368,103,1,1,128,1,1,16,0.000,0.000,,,,,NVIDIA A100-SXM4-40GB MIG 4g.20gb (0),1,,13,cupy_copy__complex64_complex64
4793395734,12128,314378,1434,1,1,128,1,1,16,0.000,0.000,,,,,NVIDIA A100-SXM4-40GB MIG 4g.20gb (0),1,,13,cupy_copy__complex64_complex64
4793412822,81951,314383,1,1,1,32,32,1,30,0.000,0.000,,,,,NVIDIA A100-SXM4-40GB MIG 4g.20gb (0),1,,13,"void convert_kernel<__half2, float2>(tensor_layout_any, T1 *, tensor_layout_any, const T2 *)"
4793522389,5952,314386,,,,,,,,,,0.094,15741.865,Pinned,Device,NVIDIA A100-SXM4-40GB MIG 4g.20gb (0),1,,13,[CUDA memcpy Host-to-Device]
4793534357,599160,314387,,,,,,,,,,456.561,762001.043,Device,,NVIDIA A100-SXM4-40GB MIG 4g.20gb (0),1,,13,[CUDA memset]
4794142925,141694,314392,,,,,,,,,,1.235,8715.000,Pinned,Device,NVIDIA A100-SXM4-40GB MIG 4g.20gb (0),1,,13,[CUDA memcpy Host-to-Device]
4794297195,38976,314393,,,,,,,,,,0.197,5044.175,Pinned,Device,NVIDIA A100-SXM4-40GB MIG 4g.20gb (0),1,,13,[CUDA memcpy Host-to-Device]
4794360682,8288,314394,69,4,1,48,1,1,76,0.002,0.000,,,,,NVIDIA A100-SXM4-40GB MIG 4g.20gb (0),1,,13,"void ch_est::windowedChEstPreNoDftSOfdmKernel<float, __half, float, (unsigned int)2, (unsigned int)1, (unsigned short)4>(ch_est::puschRxChEstStatDescr_t *, ch_est::puschRxChEstDynDescr_t *)"
4794379338,6848,314395,137,2,1,24,2,1,44,0.001,0.001,,,,,NVIDIA A100-SXM4-40GB MIG 4g.20gb (0),1,,13,"void ch_est::chEstFilterNoDftSOfdmDispatchKernel<float, __half, float, (unsigned int)2>(ch_est::puschRxChEstStatDescr_t *, ch_est::puschRxChEstDynDescr_t *)"
4794395978,4704,314396,137,2,1,24,2,1,44,0.001,0.001,,,,,NVIDIA A100-SXM4-40GB MIG 4g.20gb (0),1,,13,"void ch_est::chEstFilterNoDftSOfdmDispatchKernel<float, __half, float, (unsigned int)2>(ch_est::puschRxChEstStatDescr_t *, ch_est::puschRxChEstDynDescr_t *)"
4794414570,2592,314407,103,1,1,128,1,1,16,0.000,0.000,,,,,NVIDIA A100-SXM4-40GB MIG 4g.20gb (0),1,,13,cupy_copy__complex64_complex64
4794426314,12608,314417,1434,1,1,128,1,1,16,0.000,0.000,,,,,NVIDIA A100-SXM4-40GB MIG 4g.20gb (0),1,,13,cupy_copy__complex64_complex64
4794445513,2560,314424,103,1,1,128,1,1,16,0.000,0.000,,,,,NVIDIA A100-SXM4-40GB MIG 4g.20gb (0),1,,13,cupy_copy__complex64_complex64
4794464521,81535,314431,1,1,1,32,32,1,30,0.000,0.000,,,,,NVIDIA A100-SXM4-40GB MIG 4g.20gb (0),1,,13,"void convert_kernel<__half2, float2>(tensor_layout_any, T1 *, tensor_layout_any, const T2 *)"
4794578664,25407,314434,,,,,,,,,,0.094,3687.781,Pinned,Device,NVIDIA A100-SXM4-40GB MIG 4g.20gb (0),1,,13,[CUDA memcpy Host-to-Device]
4794627079,47840,314435,,,,,,,,,,35.810,748534.758,Device,,NVIDIA A100-SXM4-40GB MIG 4g.20gb (0),1,,13,[CUDA memset]
4794682663,7391,314437,,,,,,,,,,0.000,10.824,Pinned,Device,NVIDIA A100-SXM4-40GB MIG 4g.20gb (0),1,,13,[CUDA memcpy Host-to-Device]
4794701574,23616,314438,,,,,,,,,,0.197,8325.169,Pinned,Device,NVIDIA A100-SXM4-40GB MIG 4g.20gb (0),1,,13,[CUDA memcpy Host-to-Device]
4794745414,9568,314439,273,1,1,48,1,1,40,0.000,0.001,,,,,NVIDIA A100-SXM4-40GB MIG 4g.20gb (0),1,,13,"void pusch_noise_intf_est::noiseIntfEstNoDftSOfdmKernel<float, __half, float, float, (unsigned int)2, (unsigned int)1, (unsigned char)4, (unsigned char)4>(pusch_noise_intf_est::puschRxNoiseIntfEstDynDescr)"
4794773381,2720,314450,35,1,1,128,1,1,16,0.000,0.000,,,,,NVIDIA A100-SXM4-40GB MIG 4g.20gb (0),1,,13,cupy_copy__complex64_complex64
4794787173,1696,314459,1,1,1,1,1,1,18,0.000,0.000,,,,,NVIDIA A100-SXM4-40GB MIG 4g.20gb (0),1,,13,cupy_copy__float32_float32
4794795109,5376,314465,,,,,,,,,,0.000,0.744,Device,Pageable,NVIDIA A100-SXM4-40GB MIG 4g.20gb (0),1,,7,[CUDA memcpy Device-to-Host]
4794885188,13152,314476,1434,1,1,128,1,1,16,0.000,0.000,,,,,NVIDIA A100-SXM4-40GB MIG 4g.20gb (0),1,,13,cupy_copy__complex64_complex64
4794912836,3392,314483,103,1,1,128,1,1,16,0.000,0.000,,,,,NVIDIA A100-SXM4-40GB MIG 4g.20gb (0),1,,13,cupy_copy__complex64_complex64
4794931363,2624,314490,35,1,1,128,1,1,16,0.000,0.000,,,,,NVIDIA A100-SXM4-40GB MIG 4g.20gb (0),1,,13,cupy_copy__complex64_complex64
4794948259,1888,314497,1,1,1,1,1,1,18,0.000,0.000,,,,,NVIDIA A100-SXM4-40GB MIG 4g.20gb (0),1,,13,cupy_copy__float32_float32
4795084962,82783,314508,1,1,1,32,32,1,30,0.000,0.000,,,,,NVIDIA A100-SXM4-40GB MIG 4g.20gb (0),1,,13,"void convert_kernel<__half2, float2>(tensor_layout_any, T1 *, tensor_layout_any, const T2 *)"
4795196000,5504,314511,,,,,,,,,,0.094,17023.251,Pinned,Device,NVIDIA A100-SXM4-40GB MIG 4g.20gb (0),1,,13,[CUDA memcpy Host-to-Device]
4795210368,3296,314512,,,,,,,,,,1.547,469242.628,Device,,NVIDIA A100-SXM4-40GB MIG 4g.20gb (0),1,,13,[CUDA memset]
4795217312,3200,314517,,,,,,,,,,0.031,9780.000,Pinned,Device,NVIDIA A100-SXM4-40GB MIG 4g.20gb (0),1,,13,[CUDA memcpy Host-to-Device]
4795223072,9344,314518,,,,,,,,,,0.197,21040.988,Pinned,Device,NVIDIA A100-SXM4-40GB MIG 4g.20gb (0),1,,13,[CUDA memcpy Host-to-Device]
4795237344,6528,314519,273,1,1,8,4,1,39,0.002,0.000,,,,,NVIDIA A100-SXM4-40GB MIG 4g.20gb (0),1,,13,"void channel_eq::eqMmseCoefCompLowMimoKernel<float, float, float, (unsigned int)4, (unsigned int)1, (unsigned int)4>(const channel_eq::_puschRxChEqStatDescr *, channel_eq::_puschRxChEqCoefCompDynDescr)"
4795244928,5664,314520,273,1,1,12,11,1,51,0.002,0.000,,,,,NVIDIA A100-SXM4-40GB MIG 4g.20gb (0),1,,13,"void channel_eq::eqMmseSoftDemapKernel<float, __half, __half, float, (unsigned int)4, (unsigned short)16383>(channel_eq::_puschRxChEqStatDescr *, channel_eq::_puschRxChEqSoftDemapDynDescr)"
4795251680,294908,314521,1,1,1,32,32,1,30,0.000,0.000,,,,,NVIDIA A100-SXM4-40GB MIG 4g.20gb (0),1,,13,"void convert_kernel<float2, __half2>(tensor_layout_any, T1 *, tensor_layout_any, const T2 *)"
4795550396,11104,314533,2253,1,1,128,1,1,16,0.000,0.000,,,,,NVIDIA A100-SXM4-40GB MIG 4g.20gb (0),1,,13,cupy_copy__float16_float16
4795563740,2784,314542,282,1,1,128,1,1,16,0.000,0.000,,,,,NVIDIA A100-SXM4-40GB MIG 4g.20gb (0),1,,13,cupy_copy__complex64_complex64
4795567612,2080,314551,26,1,1,128,1,1,16,0.000,0.000,,,,,NVIDIA A100-SXM4-40GB MIG 4g.20gb (0),1,,13,cupy_copy__float32_float32
4795573116,4735,314560,103,1,1,128,1,1,16,0.000,0.000,,,,,NVIDIA A100-SXM4-40GB MIG 4g.20gb (0),1,,13,cupy_copy__complex64_complex64
4795579451,11968,314570,1434,1,1,128,1,1,16,0.000,0.000,,,,,NVIDIA A100-SXM4-40GB MIG 4g.20gb (0),1,,13,cupy_copy__complex64_complex64
4795595355,81983,314575,1,1,1,32,32,1,30,0.000,0.000,,,,,NVIDIA A100-SXM4-40GB MIG 4g.20gb (0),1,,13,"void convert_kernel<__half2, float2>(tensor_layout_any, T1 *, tensor_layout_any, const T2 *)"
4795704666,5504,314578,,,,,,,,,,0.094,17023.251,Pinned,Device,NVIDIA A100-SXM4-40GB MIG 4g.20gb (0),1,,13,[CUDA memcpy Host-to-Device]
4795714394,597016,314579,,,,,,,,,,456.561,764283.851,Device,,NVIDIA A100-SXM4-40GB MIG 4g.20gb (0),1,,13,[CUDA memset]
4796315986,93855,314584,,,,,,,,,,1.235,13157.093,Pinned,Device,NVIDIA A100-SXM4-40GB MIG 4g.20gb (0),1,,13,[CUDA memcpy Host-to-Device]
4796420625,29280,314585,,,,,,,,,,0.197,6714.753,Pinned,Device,NVIDIA A100-SXM4-40GB MIG 4g.20gb (0),1,,13,[CUDA memcpy Host-to-Device]
4796470000,7616,314586,69,4,1,48,1,1,76,0.002,0.000,,,,,NVIDIA A100-SXM4-40GB MIG 4g.20gb (0),1,,13,"void ch_est::windowedChEstPreNoDftSOfdmKernel<float, __half, float, (unsigned int)2, (unsigned int)1, (unsigned short)4>(ch_est::puschRxChEstStatDescr_t *, ch_est::puschRxChEstDynDescr_t *)"
4796487312,6688,314587,137,2,1,24,2,1,44,0.001,0.001,,,,,NVIDIA A100-SXM4-40GB MIG 4g.20gb (0),1,,13,"void ch_est::chEstFilterNoDftSOfdmDispatchKernel<float, __half, float, (unsigned int)2>(ch_est::puschRxChEstStatDescr_t *, ch_est::puschRxChEstDynDescr_t *)"
4796499920,4704,314588,137,2,1,24,2,1,44,0.001,0.001,,,,,NVIDIA A100-SXM4-40GB MIG 4g.20gb (0),1,,13,"void ch_est::chEstFilterNoDftSOfdmDispatchKernel<float, __half, float, (unsigned int)2>(ch_est::puschRxChEstStatDescr_t *, ch_est::puschRxChEstDynDescr_t *)"
4796514544,2432,314599,103,1,1,128,1,1,16,0.000,0.000,,,,,NVIDIA A100-SXM4-40GB MIG 4g.20gb (0),1,,13,cupy_copy__complex64_complex64
4796533232,12512,314609,1434,1,1,128,1,1,16,0.000,0.000,,,,,NVIDIA A100-SXM4-40GB MIG 4g.20gb (0),1,,13,cupy_copy__complex64_complex64
4796567599,2624,314616,103,1,1,128,1,1,16,0.000,0.000,,,,,NVIDIA A100-SXM4-40GB MIG 4g.20gb (0),1,,13,cupy_copy__complex64_complex64
4796583375,96063,314623,1,1,1,32,32,1,30,0.000,0.000,,,,,NVIDIA A100-SXM4-40GB MIG 4g.20gb (0),1,,13,"void convert_kernel<__half2, float2>(tensor_layout_any, T1 *, tensor_layout_any, const T2 *)"
4796713869,27616,314626,,,,,,,,,,0.094,3392.732,Pinned,Device,NVIDIA A100-SXM4-40GB MIG 4g.20gb (0),1,,13,[CUDA memcpy Host-to-Device]
4796762573,47391,314627,,,,,,,,,,35.810,755625.122,Device,,NVIDIA A100-SXM4-40GB MIG 4g.20gb (0),1,,13,[CUDA memset]
4796815244,15008,314629,,,,,,,,,,0.000,5.330,Pinned,Device,NVIDIA A100-SXM4-40GB MIG 4g.20gb (0),1,,13,[CUDA memcpy Host-to-Device]
4796837484,36736,314630,,,,,,,,,,0.197,5351.866,Pinned,Device,NVIDIA A100-SXM4-40GB MIG 4g.20gb (0),1,,13,[CUDA memcpy Host-to-Device]
4796894987,10112,314631,273,1,1,48,1,1,40,0.000,0.001,,,,,NVIDIA A100-SXM4-40GB MIG 4g.20gb (0),1,,13,"void pusch_noise_intf_est::noiseIntfEstNoDftSOfdmKernel<float, __half, float, float, (unsigned int)2, (unsigned int)1, (unsigned char)4, (unsigned char)4>(pusch_noise_intf_est::puschRxNoiseIntfEstDynDescr)"
4796911499,2752,314642,35,1,1,128,1,1,16,0.000,0.000,,,,,NVIDIA A100-SXM4-40GB MIG 4g.20gb (0),1,,13,cupy_copy__complex64_complex64
4796928907,1664,314651,1,1,1,1,1,1,18,0.000,0.000,,,,,NVIDIA A100-SXM4-40GB MIG 4g.20gb (0),1,,13,cupy_copy__float32_float32
4796931595,8544,314657,,,,,,,,,,0.000,0.468,Device,Pageable,NVIDIA A100-SXM4-40GB MIG 4g.20gb (0),1,,7,[CUDA memcpy Device-to-Host]
4797022346,12640,314668,1434,1,1,128,1,1,16,0.000,0.000,,,,,NVIDIA A100-SXM4-40GB MIG 4g.20gb (0),1,,13,cupy_copy__complex64_complex64
4797048681,2784,314675,103,1,1,128,1,1,16,0.000,0.000,,,,,NVIDIA A100-SXM4-40GB MIG 4g.20gb (0),1,,13,cupy_copy__complex64_complex64
4797066953,2272,314682,35,1,1,128,1,1,16,0.000,0.000,,,,,NVIDIA A100-SXM4-40GB MIG 4g.20gb (0),1,,13,cupy_copy__complex64_complex64
4797099209,1824,314689,1,1,1,1,1,1,18,0.000,0.000,,,,,NVIDIA A100-SXM4-40GB MIG 4g.20gb (0),1,,13,cupy_copy__float32_float32
4797223559,86399,314700,1,1,1,32,32,1,30,0.000,0.000,,,,,NVIDIA A100-SXM4-40GB MIG 4g.20gb (0),1,,13,"void convert_kernel<__half2, float2>(tensor_layout_any, T1 *, tensor_layout_any, const T2 *)"
4797342022,22559,314703,,,,,,,,,,0.094,4153.356,Pinned,Device,NVIDIA A100-SXM4-40GB MIG 4g.20gb (0),1,,13,[CUDA memcpy Host-to-Device]
4797377445,3424,314704,,,,,,,,,,1.547,451700.819,Device,,NVIDIA A100-SXM4-40GB MIG 4g.20gb (0),1,,13,[CUDA memset]
4797386821,5600,314709,,,,,,,,,,0.031,5588.558,Pinned,Device,NVIDIA A100-SXM4-40GB MIG 4g.20gb (0),1,,13,[CUDA memcpy Host-to-Device]
4797396517,10880,314710,,,,,,,,,,0.197,18070.438,Pinned,Device,NVIDIA A100-SXM4-40GB MIG 4g.20gb (0),1,,13,[CUDA memcpy Host-to-Device]
4797414277,6848,314711,273,1,1,8,4,1,39,0.002,0.000,,,,,NVIDIA A100-SXM4-40GB MIG 4g.20gb (0),1,,13,"void channel_eq::eqMmseCoefCompLowMimoKernel<float, float, float, (unsigned int)4, (unsigned int)1, (unsigned int)4>(const channel_eq::_puschRxChEqStatDescr *, channel_eq::_puschRxChEqCoefCompDynDescr)"
4797423077,7168,314712,273,1,1,12,11,1,51,0.002,0.000,,,,,NVIDIA A100-SXM4-40GB MIG 4g.20gb (0),1,,13,"void channel_eq::eqMmseSoftDemapKernel<float, __half, __half, float, (unsigned int)4, (unsigned short)16383>(channel_eq::_puschRxChEqStatDescr *, channel_eq::_puschRxChEqSoftDemapDynDescr)"
4797434085,283196,314713,1,1,1,32,32,1,30,0.000,0.000,,,,,NVIDIA A100-SXM4-40GB MIG 4g.20gb (0),1,,13,"void convert_kernel<float2, __half2>(tensor_layout_any, T1 *, tensor_layout_any, const T2 *)"
4797720449,11392,314725,2253,1,1,128,1,1,16,0.000,0.000,,,,,NVIDIA A100-SXM4-40GB MIG 4g.20gb (0),1,,13,cupy_copy__float16_float16
4797734561,3232,314734,282,1,1,128,1,1,16,0.000,0.000,,,,,NVIDIA A100-SXM4-40GB MIG 4g.20gb (0),1,,13,cupy_copy__complex64_complex64
4797740737,2080,314743,26,1,1,128,1,1,16,0.000,0.000,,,,,NVIDIA A100-SXM4-40GB MIG 4g.20gb (0),1,,13,cupy_copy__float32_float32
4797745377,4640,314752,103,1,1,128,1,1,16,0.000,0.000,,,,,NVIDIA A100-SXM4-40GB MIG 4g.20gb (0),1,,13,cupy_copy__complex64_complex64
4797751521,12480,314762,1434,1,1,128,1,1,16,0.000,0.000,,,,,NVIDIA A100-SXM4-40GB MIG 4g.20gb (0),1,,13,cupy_copy__complex64_complex64
4797769056,90175,314767,1,1,1,32,32,1,30,0.000,0.000,,,,,NVIDIA A100-SXM4-40GB MIG 4g.20gb (0),1,,13,"void convert_kernel<__half2, float2>(tensor_layout_any, T1 *, tensor_layout_any, const T2 *)"
4797886495,5376,314770,,,,,,,,,,0.094,17428.487,Pinned,Device,NVIDIA A100-SXM4-40GB MIG 4g.20gb (0),1,,13,[CUDA memcpy Host-to-Device]
4797896607,599513,314771,,,,,,,,,,456.561,761544.482,Device,,NVIDIA A100-SXM4-40GB MIG 4g.20gb (0),1,,13,[CUDA memset]
4798500759,164478,314776,,,,,,,,,,1.235,7507.225,Pinned,Device,NVIDIA A100-SXM4-40GB MIG 4g.20gb (0),1,,13,[CUDA memcpy Host-to-Device]
4798676469,41504,314777,,,,,,,,,,0.197,4737.073,Pinned,Device,NVIDIA A100-SXM4-40GB MIG 4g.20gb (0),1,,13,[CUDA memcpy Host-to-Device]
4798741333,7903,314778,69,4,1,48,1,1,76,0.002,0.000,,,,,NVIDIA A100-SXM4-40GB MIG 4g.20gb (0),1,,13,"void ch_est::windowedChEstPreNoDftSOfdmKernel<float, __half, float, (unsigned int)2, (unsigned int)1, (unsigned short)4>(ch_est::puschRxChEstStatDescr_t *, ch_est::puschRxChEstDynDescr_t *)"
4798759028,6912,314779,137,2,1,24,2,1,44,0.001,0.001,,,,,NVIDIA A100-SXM4-40GB MIG 4g.20gb (0),1,,13,"void ch_est::chEstFilterNoDftSOfdmDispatchKernel<float, __half, float, (unsigned int)2>(ch_est::puschRxChEstStatDescr_t *, ch_est::puschRxChEstDynDescr_t *)"
4798770996,5120,314780,137,2,1,24,2,1,44,0.001,0.001,,,,,NVIDIA A100-SXM4-40GB MIG 4g.20gb (0),1,,13,"void ch_est::chEstFilterNoDftSOfdmDispatchKernel<float, __half, float, (unsigned int)2>(ch_est::puschRxChEstStatDescr_t *, ch_est::puschRxChEstDynDescr_t *)"
4798784020,2528,314791,103,1,1,128,1,1,16,0.000,0.000,,,,,NVIDIA A100-SXM4-40GB MIG 4g.20gb (0),1,,13,cupy_copy__complex64_complex64
4798793652,12288,314801,1434,1,1,128,1,1,16,0.000,0.000,,,,,NVIDIA A100-SXM4-40GB MIG 4g.20gb (0),1,,13,cupy_copy__complex64_complex64
4798809812,2624,314808,103,1,1,128,1,1,16,0.000,0.000,,,,,NVIDIA A100-SXM4-40GB MIG 4g.20gb (0),1,,13,cupy_copy__complex64_complex64
4798820756,83998,314815,1,1,1,32,32,1,30,0.000,0.000,,,,,NVIDIA A100-SXM4-40GB MIG 4g.20gb (0),1,,13,"void convert_kernel<__half2, float2>(tensor_layout_any, T1 *, tensor_layout_any, const T2 *)"
4798933426,5792,314818,,,,,,,,,,0.094,16176.708,Pinned,Device,NVIDIA A100-SXM4-40GB MIG 4g.20gb (0),1,,13,[CUDA memcpy Host-to-Device]
4798945362,47839,314819,,,,,,,,,,35.810,748534.758,Device,,NVIDIA A100-SXM4-40GB MIG 4g.20gb (0),1,,13,[CUDA memset]
4798998257,4544,314821,,,,,,,,,,0.000,17.606,Pinned,Device,NVIDIA A100-SXM4-40GB MIG 4g.20gb (0),1,,13,[CUDA memcpy Host-to-Device]
4799008049,12960,314822,,,,,,,,,,0.197,15170.273,Pinned,Device,NVIDIA A100-SXM4-40GB MIG 4g.20gb (0),1,,13,[CUDA memcpy Host-to-Device]
4799031473,10880,314823,273,1,1,48,1,1,40,0.000,0.001,,,,,NVIDIA A100-SXM4-40GB MIG 4g.20gb (0),1,,13,"void pusch_noise_intf_est::noiseIntfEstNoDftSOfdmKernel<float, __half, float, float, (unsigned int)2, (unsigned int)1, (unsigned char)4, (unsigned char)4>(pusch_noise_intf_est::puschRxNoiseIntfEstDynDescr)"
4799045713,2880,314834,35,1,1,128,1,1,16,0.000,0.000,,,,,NVIDIA A100-SXM4-40GB MIG 4g.20gb (0),1,,13,cupy_copy__complex64_complex64
4799054705,1984,314843,1,1,1,1,1,1,18,0.000,0.000,,,,,NVIDIA A100-SXM4-40GB MIG 4g.20gb (0),1,,13,cupy_copy__float32_float32
4799085456,1568,314849,,,,,,,,,,0.000,2.551,Device,Pageable,NVIDIA A100-SXM4-40GB MIG 4g.20gb (0),1,,7,[CUDA memcpy Device-to-Host]
4799144912,13407,314860,1434,1,1,128,1,1,16,0.000,0.000,,,,,NVIDIA A100-SXM4-40GB MIG 4g.20gb (0),1,,13,cupy_copy__complex64_complex64
4799172271,2816,314867,103,1,1,128,1,1,16,0.000,0.000,,,,,NVIDIA A100-SXM4-40GB MIG 4g.20gb (0),1,,13,cupy_copy__complex64_complex64
4799196591,2784,314874,35,1,1,128,1,1,16,0.000,0.000,,,,,NVIDIA A100-SXM4-40GB MIG 4g.20gb (0),1,,13,cupy_copy__complex64_complex64
4799213839,1760,314881,1,1,1,1,1,1,18,0.000,0.000,,,,,NVIDIA A100-SXM4-40GB MIG 4g.20gb (0),1,,13,cupy_copy__float32_float32
4799344653,81279,314892,1,1,1,32,32,1,30,0.000,0.000,,,,,NVIDIA A100-SXM4-40GB MIG 4g.20gb (0),1,,13,"void convert_kernel<__half2, float2>(tensor_layout_any, T1 *, tensor_layout_any, const T2 *)"
4799453868,5600,314895,,,,,,,,,,0.094,16731.388,Pinned,Device,NVIDIA A100-SXM4-40GB MIG 4g.20gb (0),1,,13,[CUDA memcpy Host-to-Device]
4799468492,3552,314896,,,,,,,,,,1.547,435422.601,Device,,NVIDIA A100-SXM4-40GB MIG 4g.20gb (0),1,,13,[CUDA memset]
4799475787,3488,314901,,,,,,,,,,0.031,8972.469,Pinned,Device,NVIDIA A100-SXM4-40GB MIG 4g.20gb (0),1,,13,[CUDA memcpy Host-to-Device]
4799481835,10176,314902,,,,,,,,,,0.197,19320.668,Pinned,Device,NVIDIA A100-SXM4-40GB MIG 4g.20gb (0),1,,13,[CUDA memcpy Host-to-Device]
4799495851,6624,314903,273,1,1,8,4,1,39,0.002,0.000,,,,,NVIDIA A100-SXM4-40GB MIG 4g.20gb (0),1,,13,"void channel_eq::eqMmseCoefCompLowMimoKernel<float, float, float, (unsigned int)4, (unsigned int)1, (unsigned int)4>(const channel_eq::_puschRxChEqStatDescr *, channel_eq::_puschRxChEqCoefCompDynDescr)"
4799503403,6464,314904,273,1,1,12,11,1,51,0.002,0.000,,,,,NVIDIA A100-SXM4-40GB MIG 4g.20gb (0),1,,13,"void channel_eq::eqMmseSoftDemapKernel<float, __half, __half, float, (unsigned int)4, (unsigned short)16383>(channel_eq::_puschRxChEqStatDescr *, channel_eq::_puschRxChEqSoftDemapDynDescr)"
4799512875,294556,314905,1,1,1,32,32,1,30,0.000,0.000,,,,,NVIDIA A100-SXM4-40GB MIG 4g.20gb (0),1,,13,"void convert_kernel<float2, __half2>(tensor_layout_any, T1 *, tensor_layout_any, const T2 *)"
4799808455,11008,314917,2253,1,1,128,1,1,16,0.000,0.000,,,,,NVIDIA A100-SXM4-40GB MIG 4g.20gb (0),1,,13,cupy_copy__float16_float16
4799822695,3680,314926,282,1,1,128,1,1,16,0.000,0.000,,,,,NVIDIA A100-SXM4-40GB MIG 4g.20gb (0),1,,13,cupy_copy__complex64_complex64
4799829799,2304,314935,26,1,1,128,1,1,16,0.000,0.000,,,,,NVIDIA A100-SXM4-40GB MIG 4g.20gb (0),1,,13,cupy_copy__float32_float32
4799835463,3104,314944,103,1,1,128,1,1,16,0.000,0.000,,,,,NVIDIA A100-SXM4-40GB MIG 4g.20gb (0),1,,13,cupy_copy__complex64_complex64
4799840007,12064,314954,1434,1,1,128,1,1,16,0.000,0.000,,,,,NVIDIA A100-SXM4-40GB MIG 4g.20gb (0),1,,13,cupy_copy__complex64_complex64
4799855367,86207,314959,1,1,1,32,32,1,30,0.000,0.000,,,,,NVIDIA A100-SXM4-40GB MIG 4g.20gb (0),1,,13,"void convert_kernel<__half2, float2>(tensor_layout_any, T1 *, tensor_layout_any, const T2 *)"
4799968933,5632,314962,,,,,,,,,,0.094,16636.287,Pinned,Device,NVIDIA A100-SXM4-40GB MIG 4g.20gb (0),1,,13,[CUDA memcpy Host-to-Device]
4799978693,598425,314963,,,,,,,,,,456.561,762914.166,Device,,NVIDIA A100-SXM4-40GB MIG 4g.20gb (0),1,,13,[CUDA memset]
4800582686,134814,314968,,,,,,,,,,1.235,9159.580,Pinned,Device,NVIDIA A100-SXM4-40GB MIG 4g.20gb (0),1,,13,[CUDA memcpy Host-to-Device]
4800728636,40384,314969,,,,,,,,,,0.197,4868.407,Pinned,Device,NVIDIA A100-SXM4-40GB MIG 4g.20gb (0),1,,13,[CUDA memcpy Host-to-Device]
4800792155,8544,314970,69,4,1,48,1,1,76,0.002,0.000,,,,,NVIDIA A100-SXM4-40GB MIG 4g.20gb (0),1,,13,"void ch_est::windowedChEstPreNoDftSOfdmKernel<float, __half, float, (unsigned int)2, (unsigned int)1, (unsigned short)4>(ch_est::puschRxChEstStatDescr_t *, ch_est::puschRxChEstDynDescr_t *)"
4800811579,6912,314971,137,2,1,24,2,1,44,0.001,0.001,,,,,NVIDIA A100-SXM4-40GB MIG 4g.20gb (0),1,,13,"void ch_est::chEstFilterNoDftSOfdmDispatchKernel<float, __half, float, (unsigned int)2>(ch_est::puschRxChEstStatDescr_t *, ch_est::puschRxChEstDynDescr_t *)"
4800829467,4736,314972,137,2,1,24,2,1,44,0.001,0.001,,,,,NVIDIA A100-SXM4-40GB MIG 4g.20gb (0),1,,13,"void ch_est::chEstFilterNoDftSOfdmDispatchKernel<float, __half, float, (unsigned int)2>(ch_est::puschRxChEstStatDescr_t *, ch_est::puschRxChEstDynDescr_t *)"
4800846683,2592,314983,103,1,1,128,1,1,16,0.000,0.000,,,,,NVIDIA A100-SXM4-40GB MIG 4g.20gb (0),1,,13,cupy_copy__complex64_complex64
4800863226,12352,314993,1434,1,1,128,1,1,16,0.000,0.000,,,,,NVIDIA A100-SXM4-40GB MIG 4g.20gb (0),1,,13,cupy_copy__complex64_complex64
4800883066,2944,315000,103,1,1,128,1,1,16,0.000,0.000,,,,,NVIDIA A100-SXM4-40GB MIG 4g.20gb (0),1,,13,cupy_copy__complex64_complex64
4800901946,89055,315007,1,1,1,32,32,1,30,0.000,0.000,,,,,NVIDIA A100-SXM4-40GB MIG 4g.20gb (0),1,,13,"void convert_kernel<__half2, float2>(tensor_layout_any, T1 *, tensor_layout_any, const T2 *)"
4801023544,20192,315010,,,,,,,,,,0.094,4640.201,Pinned,Device,NVIDIA A100-SXM4-40GB MIG 4g.20gb (0),1,,13,[CUDA memcpy Host-to-Device]
4801053976,47039,315011,,,,,,,,,,35.810,761247.279,Device,,NVIDIA A100-SXM4-40GB MIG 4g.20gb (0),1,,13,[CUDA memset]
4801104311,7904,315013,,,,,,,,,,0.000,10.121,Pinned,Device,NVIDIA A100-SXM4-40GB MIG 4g.20gb (0),1,,13,[CUDA memcpy Host-to-Device]
4801117431,19936,315014,,,,,,,,,,0.197,9861.857,Pinned,Device,NVIDIA A100-SXM4-40GB MIG 4g.20gb (0),1,,13,[CUDA memcpy Host-to-Device]
4801151287,12736,315015,273,1,1,48,1,1,40,0.000,0.001,,,,,NVIDIA A100-SXM4-40GB MIG 4g.20gb (0),1,,13,"void pusch_noise_intf_est::noiseIntfEstNoDftSOfdmKernel<float, __half, float, float, (unsigned int)2, (unsigned int)1, (unsigned char)4, (unsigned char)4>(pusch_noise_intf_est::puschRxNoiseIntfEstDynDescr)"
4801166423,3200,315026,35,1,1,128,1,1,16,0.000,0.000,,,,,NVIDIA A100-SXM4-40GB MIG 4g.20gb (0),1,,13,cupy_copy__complex64_complex64
4801175767,1823,315035,1,1,1,1,1,1,18,0.000,0.000,,,,,NVIDIA A100-SXM4-40GB MIG 4g.20gb (0),1,,13,cupy_copy__float32_float32
4801181398,3552,315041,,,,,,,,,,0.000,1.126,Device,Pageable,NVIDIA A100-SXM4-40GB MIG 4g.20gb (0),1,,7,[CUDA memcpy Device-to-Host]
4801250742,12735,315052,1434,1,1,128,1,1,16,0.000,0.000,,,,,NVIDIA A100-SXM4-40GB MIG 4g.20gb (0),1,,13,cupy_copy__complex64_complex64
4801277909,2816,315059,103,1,1,128,1,1,16,0.000,0.000,,,,,NVIDIA A100-SXM4-40GB MIG 4g.20gb (0),1,,13,cupy_copy__complex64_complex64
4801298837,2656,315066,35,1,1,128,1,1,16,0.000,0.000,,,,,NVIDIA A100-SXM4-40GB MIG 4g.20gb (0),1,,13,cupy_copy__complex64_complex64
4801316565,1760,315073,1,1,1,1,1,1,18,0.000,0.000,,,,,NVIDIA A100-SXM4-40GB MIG 4g.20gb (0),1,,13,cupy_copy__float32_float32
4801446547,87167,315084,1,1,1,32,32,1,30,0.000,0.000,,,,,NVIDIA A100-SXM4-40GB MIG 4g.20gb (0),1,,13,"void convert_kernel<__half2, float2>(tensor_layout_any, T1 *, tensor_layout_any, const T2 *)"
4801561586,6304,315087,,,,,,,,,,0.094,14862.903,Pinned,Device,NVIDIA A100-SXM4-40GB MIG 4g.20gb (0),1,,13,[CUDA memcpy Host-to-Device]
4801577714,3552,315088,,,,,,,,,,1.547,435422.601,Device,,NVIDIA A100-SXM4-40GB MIG 4g.20gb (0),1,,13,[CUDA memset]
4801582801,3616,315093,,,,,,,,,,0.031,8654.846,Pinned,Device,NVIDIA A100-SXM4-40GB MIG 4g.20gb (0),1,,13,[CUDA memcpy Host-to-Device]
4801588881,9408,315094,,,,,,,,,,0.197,20897.858,Pinned,Device,NVIDIA A100-SXM4-40GB MIG 4g.20gb (0),1,,13,[CUDA memcpy Host-to-Device]
4801603249,6816,315095,273,1,1,8,4,1,39,0.002,0.000,,,,,NVIDIA A100-SXM4-40GB MIG 4g.20gb (0),1,,13,"void channel_eq::eqMmseCoefCompLowMimoKernel<float, float, float, (unsigned int)4, (unsigned int)1, (unsigned int)4>(const channel_eq::_puschRxChEqStatDescr *, channel_eq::_puschRxChEqCoefCompDynDescr)"
4801611601,6176,315096,273,1,1,12,11,1,51,0.002,0.000,,,,,NVIDIA A100-SXM4-40GB MIG 4g.20gb (0),1,,13,"void channel_eq::eqMmseSoftDemapKernel<float, __half, __half, float, (unsigned int)4, (unsigned short)16383>(channel_eq::_puschRxChEqStatDescr *, channel_eq::_puschRxChEqSoftDemapDynDescr)"
4801618801,282813,315097,1,1,1,32,32,1,30,0.000,0.000,,,,,NVIDIA A100-SXM4-40GB MIG 4g.20gb (0),1,,13,"void convert_kernel<float2, __half2>(tensor_layout_any, T1 *, tensor_layout_any, const T2 *)"
4801902734,11039,315109,2253,1,1,128,1,1,16,0.000,0.000,,,,,NVIDIA A100-SXM4-40GB MIG 4g.20gb (0),1,,13,cupy_copy__float16_float16
4801917261,3168,315118,282,1,1,128,1,1,16,0.000,0.000,,,,,NVIDIA A100-SXM4-40GB MIG 4g.20gb (0),1,,13,cupy_copy__complex64_complex64
4801922893,2080,315127,26,1,1,128,1,1,16,0.000,0.000,,,,,NVIDIA A100-SXM4-40GB MIG 4g.20gb (0),1,,13,cupy_copy__float32_float32
4801926509,3264,315136,103,1,1,128,1,1,16,0.000,0.000,,,,,NVIDIA A100-SXM4-40GB MIG 4g.20gb (0),1,,13,cupy_copy__complex64_complex64
4801930861,12096,315146,1434,1,1,128,1,1,16,0.000,0.000,,,,,NVIDIA A100-SXM4-40GB MIG 4g.20gb (0),1,,13,cupy_copy__complex64_complex64
4801947181,83135,315151,1,1,1,32,32,1,30,0.000,0.000,,,,,NVIDIA A100-SXM4-40GB MIG 4g.20gb (0),1,,13,"void convert_kernel<__half2, float2>(tensor_layout_any, T1 *, tensor_layout_any, const T2 *)"
4802058028,5632,315154,,,,,,,,,,0.094,16636.287,Pinned,Device,NVIDIA A100-SXM4-40GB MIG 4g.20gb (0),1,,13,[CUDA memcpy Host-to-Device]
4802068300,597400,315155,,,,,,,,,,456.561,763827.289,Device,,NVIDIA A100-SXM4-40GB MIG 4g.20gb (0),1,,13,[CUDA memset]
4802672292,142654,315160,,,,,,,,,,1.235,8655.722,Pinned,Device,NVIDIA A100-SXM4-40GB MIG 4g.20gb (0),1,,13,[CUDA memcpy Host-to-Device]
4802823938,41696,315161,,,,,,,,,,0.197,4715.250,Pinned,Device,NVIDIA A100-SXM4-40GB MIG 4g.20gb (0),1,,13,[CUDA memcpy Host-to-Device]
4802894785,7936,315162,69,4,1,48,1,1,76,0.002,0.000,,,,,NVIDIA A100-SXM4-40GB MIG 4g.20gb (0),1,,13,"void ch_est::windowedChEstPreNoDftSOfdmKernel<float, __half, float, (unsigned int)2, (unsigned int)1, (unsigned short)4>(ch_est::puschRxChEstStatDescr_t *, ch_est::puschRxChEstDynDescr_t *)"
4802914081,6464,315163,137,2,1,24,2,1,44,0.001,0.001,,,,,NVIDIA A100-SXM4-40GB MIG 4g.20gb (0),1,,13,"void ch_est::chEstFilterNoDftSOfdmDispatchKernel<float, __half, float, (unsigned int)2>(ch_est::puschRxChEstStatDescr_t *, ch_est::puschRxChEstDynDescr_t *)"
4802931137,4736,315164,137,2,1,24,2,1,44,0.001,0.001,,,,,NVIDIA A100-SXM4-40GB MIG 4g.20gb (0),1,,13,"void ch_est::chEstFilterNoDftSOfdmDispatchKernel<float, __half, float, (unsigned int)2>(ch_est::puschRxChEstStatDescr_t *, ch_est::puschRxChEstDynDescr_t *)"
4802950593,2720,315175,103,1,1,128,1,1,16,0.000,0.000,,,,,NVIDIA A100-SXM4-40GB MIG 4g.20gb (0),1,,13,cupy_copy__complex64_complex64
4802967136,12352,315185,1434,1,1,128,1,1,16,0.000,0.000,,,,,NVIDIA A100-SXM4-40GB MIG 4g.20gb (0),1,,13,cupy_copy__complex64_complex64
4802986752,2944,315192,103,1,1,128,1,1,16,0.000,0.000,,,,,NVIDIA A100-SXM4-40GB MIG 4g.20gb (0),1,,13,cupy_copy__complex64_complex64
4803008192,91711,315199,1,1,1,32,32,1,30,0.000,0.000,,,,,NVIDIA A100-SXM4-40GB MIG 4g.20gb (0),1,,13,"void convert_kernel<__half2, float2>(tensor_layout_any, T1 *, tensor_layout_any, const T2 *)"
4803138750,22464,315202,,,,,,,,,,0.094,4170.877,Pinned,Device,NVIDIA A100-SXM4-40GB MIG 4g.20gb (0),1,,13,[CUDA memcpy Host-to-Device]
4803178718,47103,315203,,,,,,,,,,35.810,760244.602,Device,,NVIDIA A100-SXM4-40GB MIG 4g.20gb (0),1,,13,[CUDA memset]
4803233149,16992,315205,,,,,,,,,,0.000,4.708,Pinned,Device,NVIDIA A100-SXM4-40GB MIG 4g.20gb (0),1,,13,[CUDA memcpy Host-to-Device]
4803259933,24448,315206,,,,,,,,,,0.197,8041.857,Pinned,Device,NVIDIA A100-SXM4-40GB MIG 4g.20gb (0),1,,13,[CUDA memcpy Host-to-Device]
4803306236,10176,315207,273,1,1,48,1,1,40,0.000,0.001,,,,,NVIDIA A100-SXM4-40GB MIG 4g.20gb (0),1,,13,"void pusch_noise_intf_est::noiseIntfEstNoDftSOfdmKernel<float, __half, float, float, (unsigned int)2, (unsigned int)1, (unsigned char)4, (unsigned char)4>(pusch_noise_intf_est::puschRxNoiseIntfEstDynDescr)"
4803323516,2560,315218,35,1,1,128,1,1,16,0.000,0.000,,,,,NVIDIA A100-SXM4-40GB MIG 4g.20gb (0),1,,13,cupy_copy__complex64_complex64
4803339900,1728,315227,1,1,1,1,1,1,18,0.000,0.000,,,,,NVIDIA A100-SXM4-40GB MIG 4g.20gb (0),1,,13,cupy_copy__float32_float32
4803347452,8736,315233,,,,,,,,,,0.000,0.458,Device,Pageable,NVIDIA A100-SXM4-40GB MIG 4g.20gb (0),1,,7,[CUDA memcpy Device-to-Host]
4803447483,12863,315244,1434,1,1,128,1,1,16,0.000,0.000,,,,,NVIDIA A100-SXM4-40GB MIG 4g.20gb (0),1,,13,cupy_copy__complex64_complex64
4803469626,3328,315251,103,1,1,128,1,1,16,0.000,0.000,,,,,NVIDIA A100-SXM4-40GB MIG 4g.20gb (0),1,,13,cupy_copy__complex64_complex64
4803491610,2528,315258,35,1,1,128,1,1,16,0.000,0.000,,,,,NVIDIA A100-SXM4-40GB MIG 4g.20gb (0),1,,13,cupy_copy__complex64_complex64
4803512474,1792,315265,1,1,1,1,1,1,18,0.000,0.000,,,,,NVIDIA A100-SXM4-40GB MIG 4g.20gb (0),1,,13,cupy_copy__float32_float32
4803632472,80991,315276,1,1,1,32,32,1,30,0.000,0.000,,,,,NVIDIA A100-SXM4-40GB MIG 4g.20gb (0),1,,13,"void convert_kernel<__half2, float2>(tensor_layout_any, T1 *, tensor_layout_any, const T2 *)"
4803744887,9632,315279,,,,,,,,,,0.094,9727.519,Pinned,Device,NVIDIA A100-SXM4-40GB MIG 4g.20gb (0),1,,13,[CUDA memcpy Host-to-Device]
4803760759,3520,315280,,,,,,,,,,1.547,439380.412,Device,,NVIDIA A100-SXM4-40GB MIG 4g.20gb (0),1,,13,[CUDA memset]
4803765271,4384,315285,,,,,,,,,,0.031,7138.680,Pinned,Device,NVIDIA A100-SXM4-40GB MIG 4g.20gb (0),1,,13,[CUDA memcpy Host-to-Device]
4803773143,10239,315286,,,,,,,,,,0.197,19201.720,Pinned,Device,NVIDIA A100-SXM4-40GB MIG 4g.20gb (0),1,,13,[CUDA memcpy Host-to-Device]
4803791062,8512,315287,273,1,1,8,4,1,39,0.002,0.000,,,,,NVIDIA A100-SXM4-40GB MIG 4g.20gb (0),1,,13,"void channel_eq::eqMmseCoefCompLowMimoKernel<float, float, float, (unsigned int)4, (unsigned int)1, (unsigned int)4>(const channel_eq::_puschRxChEqStatDescr *, channel_eq::_puschRxChEqCoefCompDynDescr)"
4803800502,5664,315288,273,1,1,12,11,1,51,0.002,0.000,,,,,NVIDIA A100-SXM4-40GB MIG 4g.20gb (0),1,,13,"void channel_eq::eqMmseSoftDemapKernel<float, __half, __half, float, (unsigned int)4, (unsigned short)16383>(channel_eq::_puschRxChEqStatDescr *, channel_eq::_puschRxChEqSoftDemapDynDescr)"
4803807286,282333,315289,1,1,1,32,32,1,30,0.000,0.000,,,,,NVIDIA A100-SXM4-40GB MIG 4g.20gb (0),1,,13,"void convert_kernel<float2, __half2>(tensor_layout_any, T1 *, tensor_layout_any, const T2 *)"
4804091155,10975,315301,2253,1,1,128,1,1,16,0.000,0.000,,,,,NVIDIA A100-SXM4-40GB MIG 4g.20gb (0),1,,13,cupy_copy__float16_float16
4804106322,3200,315310,282,1,1,128,1,1,16,0.000,0.000,,,,,NVIDIA A100-SXM4-40GB MIG 4g.20gb (0),1,,13,cupy_copy__complex64_complex64
4804111410,2144,315319,26,1,1,128,1,1,16,0.000,0.000,,,,,NVIDIA A100-SXM4-40GB MIG 4g.20gb (0),1,,13,cupy_copy__float32_float32
4804115826,2816,315328,103,1,1,128,1,1,16,0.000,0.000,,,,,NVIDIA A100-SXM4-40GB MIG 4g.20gb (0),1,,13,cupy_copy__complex64_complex64
4804119634,12352,315338,1434,1,1,128,1,1,16,0.000,0.000,,,,,NVIDIA A100-SXM4-40GB MIG 4g.20gb (0),1,,13,cupy_copy__complex64_complex64
4804135986,82175,315343,1,1,1,32,32,1,30,0.000,0.000,,,,,NVIDIA A100-SXM4-40GB MIG 4g.20gb (0),1,,13,"void convert_kernel<__half2, float2>(tensor_layout_any, T1 *, tensor_layout_any, const T2 *)"
4804245585,5408,315346,,,,,,,,,,0.094,17325.421,Pinned,Device,NVIDIA A100-SXM4-40GB MIG 4g.20gb (0),1,,13,[CUDA memcpy Host-to-Device]
4804256497,597304,315347,,,,,,,,,,456.561,764283.851,Device,,NVIDIA A100-SXM4-40GB MIG 4g.20gb (0),1,,13,[CUDA memset]
4804855753,137214,315352,,,,,,,,,,1.235,8999.037,Pinned,Device,NVIDIA A100-SXM4-40GB MIG 4g.20gb (0),1,,13,[CUDA memcpy Host-to-Device]
4804999111,18656,315353,,,,,,,,,,0.197,10538.582,Pinned,Device,NVIDIA A100-SXM4-40GB MIG 4g.20gb (0),1,,13,[CUDA memcpy Host-to-Device]
4805033191,8640,315354,69,4,1,48,1,1,76,0.002,0.000,,,,,NVIDIA A100-SXM4-40GB MIG 4g.20gb (0),1,,13,"void ch_est::windowedChEstPreNoDftSOfdmKernel<float, __half, float, (unsigned int)2, (unsigned int)1, (unsigned short)4>(ch_est::puschRxChEstStatDescr_t *, ch_est::puschRxChEstDynDescr_t *)"
4805048295,6272,315355,137,2,1,24,2,1,44,0.001,0.001,,,,,NVIDIA A100-SXM4-40GB MIG 4g.20gb (0),1,,13,"void ch_est::chEstFilterNoDftSOfdmDispatchKernel<float, __half, float, (unsigned int)2>(ch_est::puschRxChEstStatDescr_t *, ch_est::puschRxChEstDynDescr_t *)"
4805056327,5024,315356,137,2,1,24,2,1,44,0.001,0.001,,,,,NVIDIA A100-SXM4-40GB MIG 4g.20gb (0),1,,13,"void ch_est::chEstFilterNoDftSOfdmDispatchKernel<float, __half, float, (unsigned int)2>(ch_est::puschRxChEstStatDescr_t *, ch_est::puschRxChEstDynDescr_t *)"
4805064679,2592,315367,103,1,1,128,1,1,16,0.000,0.000,,,,,NVIDIA A100-SXM4-40GB MIG 4g.20gb (0),1,,13,cupy_copy__complex64_complex64
4805073542,12672,315377,1434,1,1,128,1,1,16,0.000,0.000,,,,,NVIDIA A100-SXM4-40GB MIG 4g.20gb (0),1,,13,cupy_copy__complex64_complex64
4805090086,2464,315384,103,1,1,128,1,1,16,0.000,0.000,,,,,NVIDIA A100-SXM4-40GB MIG 4g.20gb (0),1,,13,cupy_copy__complex64_complex64
4805100038,90175,315391,1,1,1,32,32,1,30,0.000,0.000,,,,,NVIDIA A100-SXM4-40GB MIG 4g.20gb (0),1,,13,"void convert_kernel<__half2, float2>(tensor_layout_any, T1 *, tensor_layout_any, const T2 *)"
4805217349,5728,315394,,,,,,,,,,0.094,16357.541,Pinned,Device,NVIDIA A100-SXM4-40GB MIG 4g.20gb (0),1,,13,[CUDA memcpy Host-to-Device]
4805229413,47711,315395,,,,,,,,,,35.810,750540.113,Device,,NVIDIA A100-SXM4-40GB MIG 4g.20gb (0),1,,13,[CUDA memset]
4805282532,3424,315397,,,,,,,,,,0.000,23.364,Pinned,Device,NVIDIA A100-SXM4-40GB MIG 4g.20gb (0),1,,13,[CUDA memcpy Host-to-Device]
4805291684,12736,315398,,,,,,,,,,0.197,15437.070,Pinned,Device,NVIDIA A100-SXM4-40GB MIG 4g.20gb (0),1,,13,[CUDA memcpy Host-to-Device]
4805311620,12031,315399,273,1,1,48,1,1,40,0.000,0.001,,,,,NVIDIA A100-SXM4-40GB MIG 4g.20gb (0),1,,13,"void pusch_noise_intf_est::noiseIntfEstNoDftSOfdmKernel<float, __half, float, float, (unsigned int)2, (unsigned int)1, (unsigned char)4, (unsigned char)4>(pusch_noise_intf_est::puschRxNoiseIntfEstDynDescr)"
4805328355,2912,315410,35,1,1,128,1,1,16,0.000,0.000,,,,,NVIDIA A100-SXM4-40GB MIG 4g.20gb (0),1,,13,cupy_copy__complex64_complex64
4805337443,1920,315419,1,1,1,1,1,1,18,0.000,0.000,,,,,NVIDIA A100-SXM4-40GB MIG 4g.20gb (0),1,,13,cupy_copy__float32_float32
4805372483,1568,315425,,,,,,,,,,0.000,2.551,Device,Pageable,NVIDIA A100-SXM4-40GB MIG 4g.20gb (0),1,,7,[CUDA memcpy Device-to-Host]
4805432802,12896,315436,1434,1,1,128,1,1,16,0.000,0.000,,,,,NVIDIA A100-SXM4-40GB MIG 4g.20gb (0),1,,13,cupy_copy__complex64_complex64
4805460834,3328,315443,103,1,1,128,1,1,16,0.000,0.000,,,,,NVIDIA A100-SXM4-40GB MIG 4g.20gb (0),1,,13,cupy_copy__complex64_complex64
4805479681,2240,315450,35,1,1,128,1,1,16,0.000,0.000,,,,,NVIDIA A100-SXM4-40GB MIG 4g.20gb (0),1,,13,cupy_copy__complex64_complex64
4805497217,1824,315457,1,1,1,1,1,1,18,0.000,0.000,,,,,NVIDIA A100-SXM4-40GB MIG 4g.20gb (0),1,,13,cupy_copy__float32_float32
4805629280,87167,315468,1,1,1,32,32,1,30,0.000,0.000,,,,,NVIDIA A100-SXM4-40GB MIG 4g.20gb (0),1,,13,"void convert_kernel<__half2, float2>(tensor_layout_any, T1 *, tensor_layout_any, const T2 *)"
4805744222,5760,315471,,,,,,,,,,0.094,16266.656,Pinned,Device,NVIDIA A100-SXM4-40GB MIG 4g.20gb (0),1,,13,[CUDA memcpy Host-to-Device]
4805758238,3552,315472,,,,,,,,,,1.547,435422.601,Device,,NVIDIA A100-SXM4-40GB MIG 4g.20gb (0),1,,13,[CUDA memset]
4805765150,3520,315477,,,,,,,,,,0.031,8890.881,Pinned,Device,NVIDIA A100-SXM4-40GB MIG 4g.20gb (0),1,,13,[CUDA memcpy Host-to-Device]
4805771678,10112,315478,,,,,,,,,,0.197,19442.958,Pinned,Device,NVIDIA A100-SXM4-40GB MIG 4g.20gb (0),1,,13,[CUDA memcpy Host-to-Device]
4805787742,5920,315479,273,1,1,8,4,1,39,0.002,0.000,,,,,NVIDIA A100-SXM4-40GB MIG 4g.20gb (0),1,,13,"void channel_eq::eqMmseCoefCompLowMimoKernel<float, float, float, (unsigned int)4, (unsigned int)1, (unsigned int)4>(const channel_eq::_puschRxChEqStatDescr *, channel_eq::_puschRxChEqCoefCompDynDescr)"
4805794846,5760,315480,273,1,1,12,11,1,51,0.002,0.000,,,,,NVIDIA A100-SXM4-40GB MIG 4g.20gb (0),1,,13,"void channel_eq::eqMmseSoftDemapKernel<float, __half, __half, float, (unsigned int)4, (unsigned short)16383>(channel_eq::_puschRxChEqStatDescr *, channel_eq::_puschRxChEqSoftDemapDynDescr)"
4805802366,282556,315481,1,1,1,32,32,1,30,0.000,0.000,,,,,NVIDIA A100-SXM4-40GB MIG 4g.20gb (0),1,,13,"void convert_kernel<float2, __half2>(tensor_layout_any, T1 *, tensor_layout_any, const T2 *)"
4806085946,11008,315493,2253,1,1,128,1,1,16,0.000,0.000,,,,,NVIDIA A100-SXM4-40GB MIG 4g.20gb (0),1,,13,cupy_copy__float16_float16
4806101306,3584,315502,282,1,1,128,1,1,16,0.000,0.000,,,,,NVIDIA A100-SXM4-40GB MIG 4g.20gb (0),1,,13,cupy_copy__complex64_complex64
4806107066,2304,315511,26,1,1,128,1,1,16,0.000,0.000,,,,,NVIDIA A100-SXM4-40GB MIG 4g.20gb (0),1,,13,cupy_copy__float32_float32
4806112698,2976,315520,103,1,1,128,1,1,16,0.000,0.000,,,,,NVIDIA A100-SXM4-40GB MIG 4g.20gb (0),1,,13,cupy_copy__complex64_complex64
4806116666,11935,315530,1434,1,1,128,1,1,16,0.000,0.000,,,,,NVIDIA A100-SXM4-40GB MIG 4g.20gb (0),1,,13,cupy_copy__complex64_complex64
4806129849,82239,315535,1,1,1,32,32,1,30,0.000,0.000,,,,,NVIDIA A100-SXM4-40GB MIG 4g.20gb (0),1,,13,"void convert_kernel<__half2, float2>(tensor_layout_any, T1 *, tensor_layout_any, const T2 *)"
4806239608,5536,315538,,,,,,,,,,0.094,16924.777,Pinned,Device,NVIDIA A100-SXM4-40GB MIG 4g.20gb (0),1,,13,[CUDA memcpy Host-to-Device]
4806250936,597497,315539,,,,,,,,,,456.561,763827.289,Device,,NVIDIA A100-SXM4-40GB MIG 4g.20gb (0),1,,13,[CUDA memset]
4806854129,129534,315544,,,,,,,,,,1.235,9532.533,Pinned,Device,NVIDIA A100-SXM4-40GB MIG 4g.20gb (0),1,,13,[CUDA memcpy Host-to-Device]
4806998799,40223,315545,,,,,,,,,,0.197,4887.871,Pinned,Device,NVIDIA A100-SXM4-40GB MIG 4g.20gb (0),1,,13,[CUDA memcpy Host-to-Device]
4807060622,7712,315546,69,4,1,48,1,1,76,0.002,0.000,,,,,NVIDIA A100-SXM4-40GB MIG 4g.20gb (0),1,,13,"void ch_est::windowedChEstPreNoDftSOfdmKernel<float, __half, float, (unsigned int)2, (unsigned int)1, (unsigned short)4>(ch_est::puschRxChEstStatDescr_t *, ch_est::puschRxChEstDynDescr_t *)"
4807078190,6592,315547,137,2,1,24,2,1,44,0.001,0.001,,,,,NVIDIA A100-SXM4-40GB MIG 4g.20gb (0),1,,13,"void ch_est::chEstFilterNoDftSOfdmDispatchKernel<float, __half, float, (unsigned int)2>(ch_est::puschRxChEstStatDescr_t *, ch_est::puschRxChEstDynDescr_t *)"
4807095534,4800,315548,137,2,1,24,2,1,44,0.001,0.001,,,,,NVIDIA A100-SXM4-40GB MIG 4g.20gb (0),1,,13,"void ch_est::chEstFilterNoDftSOfdmDispatchKernel<float, __half, float, (unsigned int)2>(ch_est::puschRxChEstStatDescr_t *, ch_est::puschRxChEstDynDescr_t *)"
4807111917,2656,315559,103,1,1,128,1,1,16,0.000,0.000,,,,,NVIDIA A100-SXM4-40GB MIG 4g.20gb (0),1,,13,cupy_copy__complex64_complex64
4807129197,12352,315569,1434,1,1,128,1,1,16,0.000,0.000,,,,,NVIDIA A100-SXM4-40GB MIG 4g.20gb (0),1,,13,cupy_copy__complex64_complex64
4807149389,2880,315576,103,1,1,128,1,1,16,0.000,0.000,,,,,NVIDIA A100-SXM4-40GB MIG 4g.20gb (0),1,,13,cupy_copy__complex64_complex64
4807171629,84447,315583,1,1,1,32,32,1,30,0.000,0.000,,,,,NVIDIA A100-SXM4-40GB MIG 4g.20gb (0),1,,13,"void convert_kernel<__half2, float2>(tensor_layout_any, T1 *, tensor_layout_any, const T2 *)"
4807288523,13120,315586,,,,,,,,,,0.094,7141.415,Pinned,Device,NVIDIA A100-SXM4-40GB MIG 4g.20gb (0),1,,13,[CUDA memcpy Host-to-Device]
4807306283,47135,315587,,,,,,,,,,35.810,759707.453,Device,,NVIDIA A100-SXM4-40GB MIG 4g.20gb (0),1,,13,[CUDA memset]
4807361162,8128,315589,,,,,,,,,,0.000,9.842,Pinned,Device,NVIDIA A100-SXM4-40GB MIG 4g.20gb (0),1,,13,[CUDA memcpy Host-to-Device]
4807378410,21120,315590,,,,,,,,,,0.197,9308.996,Pinned,Device,NVIDIA A100-SXM4-40GB MIG 4g.20gb (0),1,,13,[CUDA memcpy Host-to-Device]
4807411370,12864,315591,273,1,1,48,1,1,40,0.000,0.001,,,,,NVIDIA A100-SXM4-40GB MIG 4g.20gb (0),1,,13,"void pusch_noise_intf_est::noiseIntfEstNoDftSOfdmKernel<float, __half, float, float, (unsigned int)2, (unsigned int)1, (unsigned char)4, (unsigned char)4>(pusch_noise_intf_est::puschRxNoiseIntfEstDynDescr)"
4807429961,2720,315602,35,1,1,128,1,1,16,0.000,0.000,,,,,NVIDIA A100-SXM4-40GB MIG 4g.20gb (0),1,,13,cupy_copy__complex64_complex64
4807439625,1856,315611,1,1,1,1,1,1,18,0.000,0.000,,,,,NVIDIA A100-SXM4-40GB MIG 4g.20gb (0),1,,13,cupy_copy__float32_float32
4807447593,6848,315617,,,,,,,,,,0.000,0.584,Device,Pageable,NVIDIA A100-SXM4-40GB MIG 4g.20gb (0),1,,7,[CUDA memcpy Device-to-Host]
4807521608,12992,315628,1434,1,1,128,1,1,16,0.000,0.000,,,,,NVIDIA A100-SXM4-40GB MIG 4g.20gb (0),1,,13,cupy_copy__complex64_complex64
4807547976,3584,315635,103,1,1,128,1,1,16,0.000,0.000,,,,,NVIDIA A100-SXM4-40GB MIG 4g.20gb (0),1,,13,cupy_copy__complex64_complex64
4807566248,2240,315642,35,1,1,128,1,1,16,0.000,0.000,,,,,NVIDIA A100-SXM4-40GB MIG 4g.20gb (0),1,,13,cupy_copy__complex64_complex64
4807583176,2080,315649,1,1,1,1,1,1,18,0.000,0.000,,,,,NVIDIA A100-SXM4-40GB MIG 4g.20gb (0),1,,13,cupy_copy__float32_float32
4807714086,82623,315660,1,1,1,32,32,1,30,0.000,0.000,,,,,NVIDIA A100-SXM4-40GB MIG 4g.20gb (0),1,,13,"void convert_kernel<__half2, float2>(tensor_layout_any, T1 *, tensor_layout_any, const T2 *)"
4807825637,5824,315663,,,,,,,,,,0.094,16087.884,Pinned,Device,NVIDIA A100-SXM4-40GB MIG 4g.20gb (0),1,,13,[CUDA memcpy Host-to-Device]
4807840132,3264,315664,,,,,,,,,,1.547,473842.288,Device,,NVIDIA A100-SXM4-40GB MIG 4g.20gb (0),1,,13,[CUDA memset]
4807846916,3040,315669,,,,,,,,,,0.031,10294.725,Pinned,Device,NVIDIA A100-SXM4-40GB MIG 4g.20gb (0),1,,13,[CUDA memcpy Host-to-Device]
4807852708,9536,315670,,,,,,,,,,0.197,20617.298,Pinned,Device,NVIDIA A100-SXM4-40GB MIG 4g.20gb (0),1,,13,[CUDA memcpy Host-to-Device]
4807867460,7424,315671,273,1,1,8,4,1,39,0.002,0.000,,,,,NVIDIA A100-SXM4-40GB MIG 4g.20gb (0),1,,13,"void channel_eq::eqMmseCoefCompLowMimoKernel<float, float, float, (unsigned int)4, (unsigned int)1, (unsigned int)4>(const channel_eq::_puschRxChEqStatDescr *, channel_eq::_puschRxChEqCoefCompDynDescr)"
4807876804,5824,315672,273,1,1,12,11,1,51,0.002,0.000,,,,,NVIDIA A100-SXM4-40GB MIG 4g.20gb (0),1,,13,"void channel_eq::eqMmseSoftDemapKernel<float, __half, __half, float, (unsigned int)4, (unsigned short)16383>(channel_eq::_puschRxChEqStatDescr *, channel_eq::_puschRxChEqSoftDemapDynDescr)"
4807883972,282460,315673,1,1,1,32,32,1,30,0.000,0.000,,,,,NVIDIA A100-SXM4-40GB MIG 4g.20gb (0),1,,13,"void convert_kernel<float2, __half2>(tensor_layout_any, T1 *, tensor_layout_any, const T2 *)"
4808168992,10912,315685,2253,1,1,128,1,1,16,0.000,0.000,,,,,NVIDIA A100-SXM4-40GB MIG 4g.20gb (0),1,,13,cupy_copy__float16_float16
4808182240,3744,315694,282,1,1,128,1,1,16,0.000,0.000,,,,,NVIDIA A100-SXM4-40GB MIG 4g.20gb (0),1,,13,cupy_copy__complex64_complex64
4808189248,2112,315703,26,1,1,128,1,1,16,0.000,0.000,,,,,NVIDIA A100-SXM4-40GB MIG 4g.20gb (0),1,,13,cupy_copy__float32_float32
4808192960,3552,315712,103,1,1,128,1,1,16,0.000,0.000,,,,,NVIDIA A100-SXM4-40GB MIG 4g.20gb (0),1,,13,cupy_copy__complex64_complex64
4808199104,12064,315722,1434,1,1,128,1,1,16,0.000,0.000,,,,,NVIDIA A100-SXM4-40GB MIG 4g.20gb (0),1,,13,cupy_copy__complex64_complex64
4808214112,87391,315727,1,1,1,32,32,1,30,0.000,0.000,,,,,NVIDIA A100-SXM4-40GB MIG 4g.20gb (0),1,,13,"void convert_kernel<__half2, float2>(tensor_layout_any, T1 *, tensor_layout_any, const T2 *)"
4808328190,5536,315730,,,,,,,,,,0.094,16924.777,Pinned,Device,NVIDIA A100-SXM4-40GB MIG 4g.20gb (0),1,,13,[CUDA memcpy Host-to-Device]
4808337854,597113,315731,,,,,,,,,,456.561,764283.851,Device,,NVIDIA A100-SXM4-40GB MIG 4g.20gb (0),1,,13,[CUDA memset]
4808943607,135550,315736,,,,,,,,,,1.235,9110.182,Pinned,Device,NVIDIA A100-SXM4-40GB MIG 4g.20gb (0),1,,13,[CUDA memcpy Host-to-Device]
4809091349,42687,315737,,,,,,,,,,0.197,4605.739,Pinned,Device,NVIDIA A100-SXM4-40GB MIG 4g.20gb (0),1,,13,[CUDA memcpy Host-to-Device]
4809161940,8192,315738,69,4,1,48,1,1,76,0.002,0.000,,,,,NVIDIA A100-SXM4-40GB MIG 4g.20gb (0),1,,13,"void ch_est::windowedChEstPreNoDftSOfdmKernel<float, __half, float, (unsigned int)2, (unsigned int)1, (unsigned short)4>(ch_est::puschRxChEstStatDescr_t *, ch_est::puschRxChEstDynDescr_t *)"
4809181236,6720,315739,137,2,1,24,2,1,44,0.001,0.001,,,,,NVIDIA A100-SXM4-40GB MIG 4g.20gb (0),1,,13,"void ch_est::chEstFilterNoDftSOfdmDispatchKernel<float, __half, float, (unsigned int)2>(ch_est::puschRxChEstStatDescr_t *, ch_est::puschRxChEstDynDescr_t *)"
4809199028,4704,315740,137,2,1,24,2,1,44,0.001,0.001,,,,,NVIDIA A100-SXM4-40GB MIG 4g.20gb (0),1,,13,"void ch_est::chEstFilterNoDftSOfdmDispatchKernel<float, __half, float, (unsigned int)2>(ch_est::puschRxChEstStatDescr_t *, ch_est::puschRxChEstDynDescr_t *)"
4809216243,2624,315751,103,1,1,128,1,1,16,0.000,0.000,,,,,NVIDIA A100-SXM4-40GB MIG 4g.20gb (0),1,,13,cupy_copy__complex64_complex64
4809232531,12544,315761,1434,1,1,128,1,1,16,0.000,0.000,,,,,NVIDIA A100-SXM4-40GB MIG 4g.20gb (0),1,,13,cupy_copy__complex64_complex64
4809255955,2528,315768,103,1,1,128,1,1,16,0.000,0.000,,,,,NVIDIA A100-SXM4-40GB MIG 4g.20gb (0),1,,13,cupy_copy__complex64_complex64
4809274931,88543,315775,1,1,1,32,32,1,30,0.000,0.000,,,,,NVIDIA A100-SXM4-40GB MIG 4g.20gb (0),1,,13,"void convert_kernel<__half2, float2>(tensor_layout_any, T1 *, tensor_layout_any, const T2 *)"
4809396561,25728,315778,,,,,,,,,,0.094,3641.776,Pinned,Device,NVIDIA A100-SXM4-40GB MIG 4g.20gb (0),1,,13,[CUDA memcpy Host-to-Device]
4809453521,47103,315779,,,,,,,,,,35.810,760244.602,Device,,NVIDIA A100-SXM4-40GB MIG 4g.20gb (0),1,,13,[CUDA memset]
4809501392,10400,315781,,,,,,,,,,0.000,7.692,Pinned,Device,NVIDIA A100-SXM4-40GB MIG 4g.20gb (0),1,,13,[CUDA memcpy Host-to-Device]
4809524336,23775,315782,,,,,,,,,,0.197,8269.332,Pinned,Device,NVIDIA A100-SXM4-40GB MIG 4g.20gb (0),1,,13,[CUDA memcpy Host-to-Device]
4809562767,9920,315783,273,1,1,48,1,1,40,0.000,0.001,,,,,NVIDIA A100-SXM4-40GB MIG 4g.20gb (0),1,,13,"void pusch_noise_intf_est::noiseIntfEstNoDftSOfdmKernel<float, __half, float, float, (unsigned int)2, (unsigned int)1, (unsigned char)4, (unsigned char)4>(pusch_noise_intf_est::puschRxNoiseIntfEstDynDescr)"
4809578095,2720,315794,35,1,1,128,1,1,16,0.000,0.000,,,,,NVIDIA A100-SXM4-40GB MIG 4g.20gb (0),1,,13,cupy_copy__complex64_complex64
4809589039,1696,315803,1,1,1,1,1,1,18,0.000,0.000,,,,,NVIDIA A100-SXM4-40GB MIG 4g.20gb (0),1,,13,cupy_copy__float32_float32
4809597871,7808,315809,,,,,,,,,,0.000,0.512,Device,Pageable,NVIDIA A100-SXM4-40GB MIG 4g.20gb (0),1,,7,[CUDA memcpy Device-to-Host]
4809674958,12800,315820,1434,1,1,128,1,1,16,0.000,0.000,,,,,NVIDIA A100-SXM4-40GB MIG 4g.20gb (0),1,,13,cupy_copy__complex64_complex64
4809704205,2784,315827,103,1,1,128,1,1,16,0.000,0.000,,,,,NVIDIA A100-SXM4-40GB MIG 4g.20gb (0),1,,13,cupy_copy__complex64_complex64
4809726093,2464,315834,35,1,1,128,1,1,16,0.000,0.000,,,,,NVIDIA A100-SXM4-40GB MIG 4g.20gb (0),1,,13,cupy_copy__complex64_complex64
4809742861,2080,315841,1,1,1,1,1,1,18,0.000,0.000,,,,,NVIDIA A100-SXM4-40GB MIG 4g.20gb (0),1,,13,cupy_copy__float32_float32
4809874315,83039,315852,1,1,1,32,32,1,30,0.000,0.000,,,,,NVIDIA A100-SXM4-40GB MIG 4g.20gb (0),1,,13,"void convert_kernel<__half2, float2>(tensor_layout_any, T1 *, tensor_layout_any, const T2 *)"
4809985066,5536,315855,,,,,,,,,,0.094,16924.777,Pinned,Device,NVIDIA A100-SXM4-40GB MIG 4g.20gb (0),1,,13,[CUDA memcpy Host-to-Device]
4809999466,3232,315856,,,,,,,,,,1.547,478533.199,Device,,NVIDIA A100-SXM4-40GB MIG 4g.20gb (0),1,,13,[CUDA memset]
4810006218,3712,315861,,,,,,,,,,0.031,8431.017,Pinned,Device,NVIDIA A100-SXM4-40GB MIG 4g.20gb (0),1,,13,[CUDA memcpy Host-to-Device]
4810012042,9568,315862,,,,,,,,,,0.197,20548.485,Pinned,Device,NVIDIA A100-SXM4-40GB MIG 4g.20gb (0),1,,13,[CUDA memcpy Host-to-Device]
4810027817,6304,315863,273,1,1,8,4,1,39,0.002,0.000,,,,,NVIDIA A100-SXM4-40GB MIG 4g.20gb (0),1,,13,"void channel_eq::eqMmseCoefCompLowMimoKernel<float, float, float, (unsigned int)4, (unsigned int)1, (unsigned int)4>(const channel_eq::_puschRxChEqStatDescr *, channel_eq::_puschRxChEqCoefCompDynDescr)"
4810037129,5728,315864,273,1,1,12,11,1,51,0.002,0.000,,,,,NVIDIA A100-SXM4-40GB MIG 4g.20gb (0),1,,13,"void channel_eq::eqMmseSoftDemapKernel<float, __half, __half, float, (unsigned int)4, (unsigned short)16383>(channel_eq::_puschRxChEqStatDescr *, channel_eq::_puschRxChEqSoftDemapDynDescr)"
4810046569,291101,315865,1,1,1,32,32,1,30,0.000,0.000,,,,,NVIDIA A100-SXM4-40GB MIG 4g.20gb (0),1,,13,"void convert_kernel<float2, __half2>(tensor_layout_any, T1 *, tensor_layout_any, const T2 *)"
4810342438,10911,315877,2253,1,1,128,1,1,16,0.000,0.000,,,,,NVIDIA A100-SXM4-40GB MIG 4g.20gb (0),1,,13,cupy_copy__float16_float16
4810358117,2720,315886,282,1,1,128,1,1,16,0.000,0.000,,,,,NVIDIA A100-SXM4-40GB MIG 4g.20gb (0),1,,13,cupy_copy__complex64_complex64
4810363653,2208,315895,26,1,1,128,1,1,16,0.000,0.000,,,,,NVIDIA A100-SXM4-40GB MIG 4g.20gb (0),1,,13,cupy_copy__float32_float32
4810367685,3616,315904,103,1,1,128,1,1,16,0.000,0.000,,,,,NVIDIA A100-SXM4-40GB MIG 4g.20gb (0),1,,13,cupy_copy__complex64_complex64
4810372421,12032,315914,1434,1,1,128,1,1,16,0.000,0.000,,,,,NVIDIA A100-SXM4-40GB MIG 4g.20gb (0),1,,13,cupy_copy__complex64_complex64
4810387909,87199,315919,1,1,1,32,32,1,30,0.000,0.000,,,,,NVIDIA A100-SXM4-40GB MIG 4g.20gb (0),1,,13,"void convert_kernel<__half2, float2>(tensor_layout_any, T1 *, tensor_layout_any, const T2 *)"
4810502436,6304,315922,,,,,,,,,,0.094,14862.903,Pinned,Device,NVIDIA A100-SXM4-40GB MIG 4g.20gb (0),1,,13,[CUDA memcpy Host-to-Device]
4810512963,597721,315923,,,,,,,,,,456.561,763827.289,Device,,NVIDIA A100-SXM4-40GB MIG 4g.20gb (0),1,,13,[CUDA memset]
4811117692,163710,315928,,,,,,,,,,1.235,7543.038,Pinned,Device,NVIDIA A100-SXM4-40GB MIG 4g.20gb (0),1,,13,[CUDA memcpy Host-to-Device]
4811294714,45023,315929,,,,,,,,,,0.197,4366.664,Pinned,Device,NVIDIA A100-SXM4-40GB MIG 4g.20gb (0),1,,13,[CUDA memcpy Host-to-Device]
4811361785,8384,315930,69,4,1,48,1,1,76,0.002,0.000,,,,,NVIDIA A100-SXM4-40GB MIG 4g.20gb (0),1,,13,"void ch_est::windowedChEstPreNoDftSOfdmKernel<float, __half, float, (unsigned int)2, (unsigned int)1, (unsigned short)4>(ch_est::puschRxChEstStatDescr_t *, ch_est::puschRxChEstDynDescr_t *)"
4811378841,6816,315931,137,2,1,24,2,1,44,0.001,0.001,,,,,NVIDIA A100-SXM4-40GB MIG 4g.20gb (0),1,,13,"void ch_est::chEstFilterNoDftSOfdmDispatchKernel<float, __half, float, (unsigned int)2>(ch_est::puschRxChEstStatDescr_t *, ch_est::puschRxChEstDynDescr_t *)"
4811393913,4736,315932,137,2,1,24,2,1,44,0.001,0.001,,,,,NVIDIA A100-SXM4-40GB MIG 4g.20gb (0),1,,13,"void ch_est::chEstFilterNoDftSOfdmDispatchKernel<float, __half, float, (unsigned int)2>(ch_est::puschRxChEstStatDescr_t *, ch_est::puschRxChEstDynDescr_t *)"
4811409880,2656,315943,103,1,1,128,1,1,16,0.000,0.000,,,,,NVIDIA A100-SXM4-40GB MIG 4g.20gb (0),1,,13,cupy_copy__complex64_complex64
4811424152,12448,315953,1434,1,1,128,1,1,16,0.000,0.000,,,,,NVIDIA A100-SXM4-40GB MIG 4g.20gb (0),1,,13,cupy_copy__complex64_complex64
4811448280,2624,315960,103,1,1,128,1,1,16,0.000,0.000,,,,,NVIDIA A100-SXM4-40GB MIG 4g.20gb (0),1,,13,cupy_copy__complex64_complex64
4811462040,86303,315967,1,1,1,32,32,1,30,0.000,0.000,,,,,NVIDIA A100-SXM4-40GB MIG 4g.20gb (0),1,,13,"void convert_kernel<__half2, float2>(tensor_layout_any, T1 *, tensor_layout_any, const T2 *)"
4811581814,14816,315970,,,,,,,,,,0.094,6323.918,Pinned,Device,NVIDIA A100-SXM4-40GB MIG 4g.20gb (0),1,,13,[CUDA memcpy Host-to-Device]
4811619766,48319,315971,,,,,,,,,,35.810,741086.294,Device,,NVIDIA A100-SXM4-40GB MIG 4g.20gb (0),1,,13,[CUDA memset]
4811677589,10272,315973,,,,,,,,,,0.000,7.788,Pinned,Device,NVIDIA A100-SXM4-40GB MIG 4g.20gb (0),1,,13,[CUDA memcpy Host-to-Device]
4811701589,21952,315974,,,,,,,,,,0.197,8956.084,Pinned,Device,NVIDIA A100-SXM4-40GB MIG 4g.20gb (0),1,,13,[CUDA memcpy Host-to-Device]
4811744148,9728,315975,273,1,1,48,1,1,40,0.000,0.001,,,,,NVIDIA A100-SXM4-40GB MIG 4g.20gb (0),1,,13,"void pusch_noise_intf_est::noiseIntfEstNoDftSOfdmKernel<float, __half, float, float, (unsigned int)2, (unsigned int)1, (unsigned char)4, (unsigned char)4>(pusch_noise_intf_est::puschRxNoiseIntfEstDynDescr)"
4811760116,2688,315986,35,1,1,128,1,1,16,0.000,0.000,,,,,NVIDIA A100-SXM4-40GB MIG 4g.20gb (0),1,,13,cupy_copy__complex64_complex64
4811777460,1664,315995,1,1,1,1,1,1,18,0.000,0.000,,,,,NVIDIA A100-SXM4-40GB MIG 4g.20gb (0),1,,13,cupy_copy__float32_float32
4811784788,4352,316001,,,,,,,,,,0.000,0.919,Device,Pageable,NVIDIA A100-SXM4-40GB MIG 4g.20gb (0),1,,7,[CUDA memcpy Device-to-Host]
4811883667,12383,316012,1434,1,1,128,1,1,16,0.000,0.000,,,,,NVIDIA A100-SXM4-40GB MIG 4g.20gb (0),1,,13,cupy_copy__complex64_complex64
4811905874,3040,316019,103,1,1,128,1,1,16,0.000,0.000,,,,,NVIDIA A100-SXM4-40GB MIG 4g.20gb (0),1,,13,cupy_copy__complex64_complex64
4811926482,2560,316026,35,1,1,128,1,1,16,0.000,0.000,,,,,NVIDIA A100-SXM4-40GB MIG 4g.20gb (0),1,,13,cupy_copy__complex64_complex64
4811944178,1760,316033,1,1,1,1,1,1,18,0.000,0.000,,,,,NVIDIA A100-SXM4-40GB MIG 4g.20gb (0),1,,13,cupy_copy__float32_float32
4812067824,83231,316044,1,1,1,32,32,1,30,0.000,0.000,,,,,NVIDIA A100-SXM4-40GB MIG 4g.20gb (0),1,,13,"void convert_kernel<__half2, float2>(tensor_layout_any, T1 *, tensor_layout_any, const T2 *)"
4812181999,13600,316047,,,,,,,,,,0.094,6889.373,Pinned,Device,NVIDIA A100-SXM4-40GB MIG 4g.20gb (0),1,,13,[CUDA memcpy Host-to-Device]
4812204815,3552,316048,,,,,,,,,,1.547,435422.601,Device,,NVIDIA A100-SXM4-40GB MIG 4g.20gb (0),1,,13,[CUDA memset]
4812210767,3775,316053,,,,,,,,,,0.031,8290.310,Pinned,Device,NVIDIA A100-SXM4-40GB MIG 4g.20gb (0),1,,13,[CUDA memcpy Host-to-Device]
4812222190,16544,316054,,,,,,,,,,0.197,11883.774,Pinned,Device,NVIDIA A100-SXM4-40GB MIG 4g.20gb (0),1,,13,[CUDA memcpy Host-to-Device]
4812251662,6176,316055,273,1,1,8,4,1,39,0.002,0.000,,,,,NVIDIA A100-SXM4-40GB MIG 4g.20gb (0),1,,13,"void channel_eq::eqMmseCoefCompLowMimoKernel<float, float, float, (unsigned int)4, (unsigned int)1, (unsigned int)4>(const channel_eq::_puschRxChEqStatDescr *, channel_eq::_puschRxChEqCoefCompDynDescr)"
4812260462,5408,316056,273,1,1,12,11,1,51,0.002,0.000,,,,,NVIDIA A100-SXM4-40GB MIG 4g.20gb (0),1,,13,"void channel_eq::eqMmseSoftDemapKernel<float, __half, __half, float, (unsigned int)4, (unsigned short)16383>(channel_eq::_puschRxChEqStatDescr *, channel_eq::_puschRxChEqSoftDemapDynDescr)"
4812269806,282844,316057,1,1,1,32,32,1,30,0.000,0.000,,,,,NVIDIA A100-SXM4-40GB MIG 4g.20gb (0),1,,13,"void convert_kernel<float2, __half2>(tensor_layout_any, T1 *, tensor_layout_any, const T2 *)"
4812555978,11072,316069,2253,1,1,128,1,1,16,0.000,0.000,,,,,NVIDIA A100-SXM4-40GB MIG 4g.20gb (0),1,,13,cupy_copy__float16_float16
4812570666,3776,316078,282,1,1,128,1,1,16,0.000,0.000,,,,,NVIDIA A100-SXM4-40GB MIG 4g.20gb (0),1,,13,cupy_copy__complex64_complex64
4812578762,2272,316087,26,1,1,128,1,1,16,0.000,0.000,,,,,NVIDIA A100-SXM4-40GB MIG 4g.20gb (0),1,,13,cupy_copy__float32_float32
4812584202,2848,316096,103,1,1,128,1,1,16,0.000,0.000,,,,,NVIDIA A100-SXM4-40GB MIG 4g.20gb (0),1,,13,cupy_copy__complex64_complex64
4812589258,12096,316106,1434,1,1,128,1,1,16,0.000,0.000,,,,,NVIDIA A100-SXM4-40GB MIG 4g.20gb (0),1,,13,cupy_copy__complex64_complex64
4812603722,87583,316111,1,1,1,32,32,1,30,0.000,0.000,,,,,NVIDIA A100-SXM4-40GB MIG 4g.20gb (0),1,,13,"void convert_kernel<__half2, float2>(tensor_layout_any, T1 *, tensor_layout_any, const T2 *)"
4812719592,5568,316114,,,,,,,,,,0.094,16827.521,Pinned,Device,NVIDIA A100-SXM4-40GB MIG 4g.20gb (0),1,,13,[CUDA memcpy Host-to-Device]
4812729864,597785,316115,,,,,,,,,,456.561,763370.728,Device,,NVIDIA A100-SXM4-40GB MIG 4g.20gb (0),1,,13,[CUDA memset]
4813340481,108990,316120,,,,,,,,,,1.235,11330.611,Pinned,Device,NVIDIA A100-SXM4-40GB MIG 4g.20gb (0),1,,13,[CUDA memcpy Host-to-Device]
4813456287,16480,316121,,,,,,,,,,0.197,11929.977,Pinned,Device,NVIDIA A100-SXM4-40GB MIG 4g.20gb (0),1,,13,[CUDA memcpy Host-to-Device]
4813483103,8960,316122,69,4,1,48,1,1,76,0.002,0.000,,,,,NVIDIA A100-SXM4-40GB MIG 4g.20gb (0),1,,13,"void ch_est::windowedChEstPreNoDftSOfdmKernel<float, __half, float, (unsigned int)2, (unsigned int)1, (unsigned short)4>(ch_est::puschRxChEstStatDescr_t *, ch_est::puschRxChEstDynDescr_t *)"
4813498847,6240,316123,137,2,1,24,2,1,44,0.001,0.001,,,,,NVIDIA A100-SXM4-40GB MIG 4g.20gb (0),1,,13,"void ch_est::chEstFilterNoDftSOfdmDispatchKernel<float, __half, float, (unsigned int)2>(ch_est::puschRxChEstStatDescr_t *, ch_est::puschRxChEstDynDescr_t *)"
4813513310,6336,316124,137,2,1,24,2,1,44,0.001,0.001,,,,,NVIDIA A100-SXM4-40GB MIG 4g.20gb (0),1,,13,"void ch_est::chEstFilterNoDftSOfdmDispatchKernel<float, __half, float, (unsigned int)2>(ch_est::puschRxChEstStatDescr_t *, ch_est::puschRxChEstDynDescr_t *)"
4813520894,3072,316135,103,1,1,128,1,1,16,0.000,0.000,,,,,NVIDIA A100-SXM4-40GB MIG 4g.20gb (0),1,,13,cupy_copy__complex64_complex64
4813529150,12672,316145,1434,1,1,128,1,1,16,0.000,0.000,,,,,NVIDIA A100-SXM4-40GB MIG 4g.20gb (0),1,,13,cupy_copy__complex64_complex64
4813544830,2688,316152,103,1,1,128,1,1,16,0.000,0.000,,,,,NVIDIA A100-SXM4-40GB MIG 4g.20gb (0),1,,13,cupy_copy__complex64_complex64
4813554142,86847,316159,1,1,1,32,32,1,30,0.000,0.000,,,,,NVIDIA A100-SXM4-40GB MIG 4g.20gb (0),1,,13,"void convert_kernel<__half2, float2>(tensor_layout_any, T1 *, tensor_layout_any, const T2 *)"
4813669597,9951,316162,,,,,,,,,,0.094,9415.698,Pinned,Device,NVIDIA A100-SXM4-40GB MIG 4g.20gb (0),1,,13,[CUDA memcpy Host-to-Device]
4813689084,46720,316163,,,,,,,,,,35.810,766475.528,Device,,NVIDIA A100-SXM4-40GB MIG 4g.20gb (0),1,,13,[CUDA memset]
4813743676,4224,316165,,,,,,,,,,0.000,18.939,Pinned,Device,NVIDIA A100-SXM4-40GB MIG 4g.20gb (0),1,,13,[CUDA memcpy Host-to-Device]
4813756284,18175,316166,,,,,,,,,,0.197,10817.372,Pinned,Device,NVIDIA A100-SXM4-40GB MIG 4g.20gb (0),1,,13,[CUDA memcpy Host-to-Device]
4813793915,9024,316167,273,1,1,48,1,1,40,0.000,0.001,,,,,NVIDIA A100-SXM4-40GB MIG 4g.20gb (0),1,,13,"void pusch_noise_intf_est::noiseIntfEstNoDftSOfdmKernel<float, __half, float, float, (unsigned int)2, (unsigned int)1, (unsigned char)4, (unsigned char)4>(pusch_noise_intf_est::puschRxNoiseIntfEstDynDescr)"
4813814875,2848,316178,35,1,1,128,1,1,16,0.000,0.000,,,,,NVIDIA A100-SXM4-40GB MIG 4g.20gb (0),1,,13,cupy_copy__complex64_complex64
4813824251,1728,316187,1,1,1,1,1,1,18,0.000,0.000,,,,,NVIDIA A100-SXM4-40GB MIG 4g.20gb (0),1,,13,cupy_copy__float32_float32
4813831451,6975,316193,,,,,,,,,,0.000,0.573,Device,Pageable,NVIDIA A100-SXM4-40GB MIG 4g.20gb (0),1,,7,[CUDA memcpy Device-to-Host]
4813905306,12576,316204,1434,1,1,128,1,1,16,0.000,0.000,,,,,NVIDIA A100-SXM4-40GB MIG 4g.20gb (0),1,,13,cupy_copy__complex64_complex64
4813932537,3680,316211,103,1,1,128,1,1,16,0.000,0.000,,,,,NVIDIA A100-SXM4-40GB MIG 4g.20gb (0),1,,13,cupy_copy__complex64_complex64
4813951097,2432,316218,35,1,1,128,1,1,16,0.000,0.000,,,,,NVIDIA A100-SXM4-40GB MIG 4g.20gb (0),1,,13,cupy_copy__complex64_complex64
4813968409,1824,316225,1,1,1,1,1,1,18,0.000,0.000,,,,,NVIDIA A100-SXM4-40GB MIG 4g.20gb (0),1,,13,cupy_copy__float32_float32
4814102199,82783,316236,1,1,1,32,32,1,30,0.000,0.000,,,,,NVIDIA A100-SXM4-40GB MIG 4g.20gb (0),1,,13,"void convert_kernel<__half2, float2>(tensor_layout_any, T1 *, tensor_layout_any, const T2 *)"
4814212822,5696,316239,,,,,,,,,,0.094,16449.363,Pinned,Device,NVIDIA A100-SXM4-40GB MIG 4g.20gb (0),1,,13,[CUDA memcpy Host-to-Device]
4814226614,3488,316240,,,,,,,,,,1.547,443412.461,Device,,NVIDIA A100-SXM4-40GB MIG 4g.20gb (0),1,,13,[CUDA memset]
4814234070,3360,316245,,,,,,,,,,0.031,9314.284,Pinned,Device,NVIDIA A100-SXM4-40GB MIG 4g.20gb (0),1,,13,[CUDA memcpy Host-to-Device]
4814239862,9471,316246,,,,,,,,,,0.197,20758.856,Pinned,Device,NVIDIA A100-SXM4-40GB MIG 4g.20gb (0),1,,13,[CUDA memcpy Host-to-Device]
4814254869,6560,316247,273,1,1,8,4,1,39,0.002,0.000,,,,,NVIDIA A100-SXM4-40GB MIG 4g.20gb (0),1,,13,"void channel_eq::eqMmseCoefCompLowMimoKernel<float, float, float, (unsigned int)4, (unsigned int)1, (unsigned int)4>(const channel_eq::_puschRxChEqStatDescr *, channel_eq::_puschRxChEqCoefCompDynDescr)"
4814262389,5696,316248,273,1,1,12,11,1,51,0.002,0.000,,,,,NVIDIA A100-SXM4-40GB MIG 4g.20gb (0),1,,13,"void channel_eq::eqMmseSoftDemapKernel<float, __half, __half, float, (unsigned int)4, (unsigned short)16383>(channel_eq::_puschRxChEqStatDescr *, channel_eq::_puschRxChEqSoftDemapDynDescr)"
4814269109,282653,316249,1,1,1,32,32,1,30,0.000,0.000,,,,,NVIDIA A100-SXM4-40GB MIG 4g.20gb (0),1,,13,"void convert_kernel<float2, __half2>(tensor_layout_any, T1 *, tensor_layout_any, const T2 *)"
4814554418,11040,316261,2253,1,1,128,1,1,16,0.000,0.000,,,,,NVIDIA A100-SXM4-40GB MIG 4g.20gb (0),1,,13,cupy_copy__float16_float16
4814570449,2944,316270,282,1,1,128,1,1,16,0.000,0.000,,,,,NVIDIA A100-SXM4-40GB MIG 4g.20gb (0),1,,13,cupy_copy__complex64_complex64
4814574705,2048,316279,26,1,1,128,1,1,16,0.000,0.000,,,,,NVIDIA A100-SXM4-40GB MIG 4g.20gb (0),1,,13,cupy_copy__float32_float32
4814578993,2912,316288,103,1,1,128,1,1,16,0.000,0.000,,,,,NVIDIA A100-SXM4-40GB MIG 4g.20gb (0),1,,13,cupy_copy__complex64_complex64
4814584785,12224,316298,1434,1,1,128,1,1,16,0.000,0.000,,,,,NVIDIA A100-SXM4-40GB MIG 4g.20gb (0),1,,13,cupy_copy__complex64_complex64
4814603089,87583,316303,1,1,1,32,32,1,30,0.000,0.000,,,,,NVIDIA A100-SXM4-40GB MIG 4g.20gb (0),1,,13,"void convert_kernel<__half2, float2>(tensor_layout_any, T1 *, tensor_layout_any, const T2 *)"
4814718576,5728,316306,,,,,,,,,,0.094,16357.541,Pinned,Device,NVIDIA A100-SXM4-40GB MIG 4g.20gb (0),1,,13,[CUDA memcpy Host-to-Device]
4814729392,598200,316307,,,,,,,,,,456.561,762914.166,Device,,NVIDIA A100-SXM4-40GB MIG 4g.20gb (0),1,,13,[CUDA memset]
4815332904,123231,316312,,,,,,,,,,1.235,10020.336,Pinned,Device,NVIDIA A100-SXM4-40GB MIG 4g.20gb (0),1,,13,[CUDA memcpy Host-to-Device]
4815469030,36832,316313,,,,,,,,,,0.197,5337.907,Pinned,Device,NVIDIA A100-SXM4-40GB MIG 4g.20gb (0),1,,13,[CUDA memcpy Host-to-Device]
4815531046,8224,316314,69,4,1,48,1,1,76,0.002,0.000,,,,,NVIDIA A100-SXM4-40GB MIG 4g.20gb (0),1,,13,"void ch_est::windowedChEstPreNoDftSOfdmKernel<float, __half, float, (unsigned int)2, (unsigned int)1, (unsigned short)4>(ch_est::puschRxChEstStatDescr_t *, ch_est::puschRxChEstDynDescr_t *)"
4815547045,6656,316315,137,2,1,24,2,1,44,0.001,0.001,,,,,NVIDIA A100-SXM4-40GB MIG 4g.20gb (0),1,,13,"void ch_est::chEstFilterNoDftSOfdmDispatchKernel<float, __half, float, (unsigned int)2>(ch_est::puschRxChEstStatDescr_t *, ch_est::puschRxChEstDynDescr_t *)"
4815562789,5408,316316,137,2,1,24,2,1,44,0.001,0.001,,,,,NVIDIA A100-SXM4-40GB MIG 4g.20gb (0),1,,13,"void ch_est::chEstFilterNoDftSOfdmDispatchKernel<float, __half, float, (unsigned int)2>(ch_est::puschRxChEstStatDescr_t *, ch_est::puschRxChEstDynDescr_t *)"
4815575909,2656,316327,103,1,1,128,1,1,16,0.000,0.000,,,,,NVIDIA A100-SXM4-40GB MIG 4g.20gb (0),1,,13,cupy_copy__complex64_complex64
4815589701,12640,316337,1434,1,1,128,1,1,16,0.000,0.000,,,,,NVIDIA A100-SXM4-40GB MIG 4g.20gb (0),1,,13,cupy_copy__complex64_complex64
4815613957,2624,316344,103,1,1,128,1,1,16,0.000,0.000,,,,,NVIDIA A100-SXM4-40GB MIG 4g.20gb (0),1,,13,cupy_copy__complex64_complex64
4815624964,84351,316351,1,1,1,32,32,1,30,0.000,0.000,,,,,NVIDIA A100-SXM4-40GB MIG 4g.20gb (0),1,,13,"void convert_kernel<__half2, float2>(tensor_layout_any, T1 *, tensor_layout_any, const T2 *)"
4815739427,13472,316354,,,,,,,,,,0.094,6954.867,Pinned,Device,NVIDIA A100-SXM4-40GB MIG 4g.20gb (0),1,,13,[CUDA memcpy Host-to-Device]
4815764163,46975,316355,,,,,,,,,,35.810,762285.767,Device,,NVIDIA A100-SXM4-40GB MIG 4g.20gb (0),1,,13,[CUDA memset]
4815820130,4128,316357,,,,,,,,,,0.000,19.380,Pinned,Device,NVIDIA A100-SXM4-40GB MIG 4g.20gb (0),1,,13,[CUDA memcpy Host-to-Device]
4815833442,23712,316358,,,,,,,,,,0.197,8291.353,Pinned,Device,NVIDIA A100-SXM4-40GB MIG 4g.20gb (0),1,,13,[CUDA memcpy Host-to-Device]
4815869345,9536,316359,273,1,1,48,1,1,40,0.000,0.001,,,,,NVIDIA A100-SXM4-40GB MIG 4g.20gb (0),1,,13,"void pusch_noise_intf_est::noiseIntfEstNoDftSOfdmKernel<float, __half, float, float, (unsigned int)2, (unsigned int)1, (unsigned char)4, (unsigned char)4>(pusch_noise_intf_est::puschRxNoiseIntfEstDynDescr)"
4815888769,2944,316370,35,1,1,128,1,1,16,0.000,0.000,,,,,NVIDIA A100-SXM4-40GB MIG 4g.20gb (0),1,,13,cupy_copy__complex64_complex64
4815899521,1728,316379,1,1,1,1,1,1,18,0.000,0.000,,,,,NVIDIA A100-SXM4-40GB MIG 4g.20gb (0),1,,13,cupy_copy__float32_float32
4815905313,1568,316385,,,,,,,,,,0.000,2.551,Device,Pageable,NVIDIA A100-SXM4-40GB MIG 4g.20gb (0),1,,7,[CUDA memcpy Device-to-Host]
4815986528,12800,316396,1434,1,1,128,1,1,16,0.000,0.000,,,,,NVIDIA A100-SXM4-40GB MIG 4g.20gb (0),1,,13,cupy_copy__complex64_complex64
4816001920,2688,316403,103,1,1,128,1,1,16,0.000,0.000,,,,,NVIDIA A100-SXM4-40GB MIG 4g.20gb (0),1,,13,cupy_copy__complex64_complex64
4816033855,2848,316410,35,1,1,128,1,1,16,0.000,0.000,,,,,NVIDIA A100-SXM4-40GB MIG 4g.20gb (0),1,,13,cupy_copy__complex64_complex64
4816046591,1792,316417,1,1,1,1,1,1,18,0.000,0.000,,,,,NVIDIA A100-SXM4-40GB MIG 4g.20gb (0),1,,13,cupy_copy__float32_float32
4816183422,87583,316428,1,1,1,32,32,1,30,0.000,0.000,,,,,NVIDIA A100-SXM4-40GB MIG 4g.20gb (0),1,,13,"void convert_kernel<__half2, float2>(tensor_layout_any, T1 *, tensor_layout_any, const T2 *)"
4816299804,6272,316431,,,,,,,,,,0.094,14938.703,Pinned,Device,NVIDIA A100-SXM4-40GB MIG 4g.20gb (0),1,,13,[CUDA memcpy Host-to-Device]
4816314044,3488,316432,,,,,,,,,,1.547,443412.461,Device,,NVIDIA A100-SXM4-40GB MIG 4g.20gb (0),1,,13,[CUDA memset]
4816321212,3168,316437,,,,,,,,,,0.031,9878.770,Pinned,Device,NVIDIA A100-SXM4-40GB MIG 4g.20gb (0),1,,13,[CUDA memcpy Host-to-Device]
4816326844,9632,316438,,,,,,,,,,0.197,20411.843,Pinned,Device,NVIDIA A100-SXM4-40GB MIG 4g.20gb (0),1,,13,[CUDA memcpy Host-to-Device]
4816341820,6400,316439,273,1,1,8,4,1,39,0.002,0.000,,,,,NVIDIA A100-SXM4-40GB MIG 4g.20gb (0),1,,13,"void channel_eq::eqMmseCoefCompLowMimoKernel<float, float, float, (unsigned int)4, (unsigned int)1, (unsigned int)4>(const channel_eq::_puschRxChEqStatDescr *, channel_eq::_puschRxChEqCoefCompDynDescr)"
4816351196,6047,316440,273,1,1,12,11,1,51,0.002,0.000,,,,,NVIDIA A100-SXM4-40GB MIG 4g.20gb (0),1,,13,"void channel_eq::eqMmseSoftDemapKernel<float, __half, __half, float, (unsigned int)4, (unsigned short)16383>(channel_eq::_puschRxChEqStatDescr *, channel_eq::_puschRxChEqSoftDemapDynDescr)"
4816358427,294397,316441,1,1,1,32,32,1,30,0.000,0.000,,,,,NVIDIA A100-SXM4-40GB MIG 4g.20gb (0),1,,13,"void convert_kernel<float2, __half2>(tensor_layout_any, T1 *, tensor_layout_any, const T2 *)"
4816654200,11008,316453,2253,1,1,128,1,1,16,0.000,0.000,,,,,NVIDIA A100-SXM4-40GB MIG 4g.20gb (0),1,,13,cupy_copy__float16_float16
4816667416,3072,316462,282,1,1,128,1,1,16,0.000,0.000,,,,,NVIDIA A100-SXM4-40GB MIG 4g.20gb (0),1,,13,cupy_copy__complex64_complex64
4816671576,2016,316471,26,1,1,128,1,1,16,0.000,0.000,,,,,NVIDIA A100-SXM4-40GB MIG 4g.20gb (0),1,,13,cupy_copy__float32_float32
4816676728,2911,316480,103,1,1,128,1,1,16,0.000,0.000,,,,,NVIDIA A100-SXM4-40GB MIG 4g.20gb (0),1,,13,cupy_copy__complex64_complex64
4816682551,11904,316490,1434,1,1,128,1,1,16,0.000,0.000,,,,,NVIDIA A100-SXM4-40GB MIG 4g.20gb (0),1,,13,cupy_copy__complex64_complex64
4816696759,87359,316495,1,1,1,32,32,1,30,0.000,0.000,,,,,NVIDIA A100-SXM4-40GB MIG 4g.20gb (0),1,,13,"void convert_kernel<__half2, float2>(tensor_layout_any, T1 *, tensor_layout_any, const T2 *)"
4816811030,6464,316498,,,,,,,,,,0.094,14494.959,Pinned,Device,NVIDIA A100-SXM4-40GB MIG 4g.20gb (0),1,,13,[CUDA memcpy Host-to-Device]
4816821302,597656,316499,,,,,,,,,,456.561,763827.289,Device,,NVIDIA A100-SXM4-40GB MIG 4g.20gb (0),1,,13,[CUDA memset]
4817424206,157182,316504,,,,,,,,,,1.235,7856.714,Pinned,Device,NVIDIA A100-SXM4-40GB MIG 4g.20gb (0),1,,13,[CUDA memcpy Host-to-Device]
4817593900,37056,316505,,,,,,,,,,0.197,5305.663,Pinned,Device,NVIDIA A100-SXM4-40GB MIG 4g.20gb (0),1,,13,[CUDA memcpy Host-to-Device]
4817654827,8160,316506,69,4,1,48,1,1,76,0.002,0.000,,,,,NVIDIA A100-SXM4-40GB MIG 4g.20gb (0),1,,13,"void ch_est::windowedChEstPreNoDftSOfdmKernel<float, __half, float, (unsigned int)2, (unsigned int)1, (unsigned short)4>(ch_est::puschRxChEstStatDescr_t *, ch_est::puschRxChEstDynDescr_t *)"
4817670155,6560,316507,137,2,1,24,2,1,44,0.001,0.001,,,,,NVIDIA A100-SXM4-40GB MIG 4g.20gb (0),1,,13,"void ch_est::chEstFilterNoDftSOfdmDispatchKernel<float, __half, float, (unsigned int)2>(ch_est::puschRxChEstStatDescr_t *, ch_est::puschRxChEstDynDescr_t *)"
4817686091,4768,316508,137,2,1,24,2,1,44,0.001,0.001,,,,,NVIDIA A100-SXM4-40GB MIG 4g.20gb (0),1,,13,"void ch_est::chEstFilterNoDftSOfdmDispatchKernel<float, __half, float, (unsigned int)2>(ch_est::puschRxChEstStatDescr_t *, ch_est::puschRxChEstDynDescr_t *)"
4817699179,2688,316519,103,1,1,128,1,1,16,0.000,0.000,,,,,NVIDIA A100-SXM4-40GB MIG 4g.20gb (0),1,,13,cupy_copy__complex64_complex64
4817708331,12448,316529,1434,1,1,128,1,1,16,0.000,0.000,,,,,NVIDIA A100-SXM4-40GB MIG 4g.20gb (0),1,,13,cupy_copy__complex64_complex64
4817732875,2495,316536,103,1,1,128,1,1,16,0.000,0.000,,,,,NVIDIA A100-SXM4-40GB MIG 4g.20gb (0),1,,13,cupy_copy__complex64_complex64
4817747754,85823,316543,1,1,1,32,32,1,30,0.000,0.000,,,,,NVIDIA A100-SXM4-40GB MIG 4g.20gb (0),1,,13,"void convert_kernel<__half2, float2>(tensor_layout_any, T1 *, tensor_layout_any, const T2 *)"
4817862697,6592,316546,,,,,,,,,,0.094,14213.590,Pinned,Device,NVIDIA A100-SXM4-40GB MIG 4g.20gb (0),1,,13,[CUDA memcpy Host-to-Device]
4817875881,48319,316547,,,,,,,,,,35.810,741086.294,Device,,NVIDIA A100-SXM4-40GB MIG 4g.20gb (0),1,,13,[CUDA memset]
4817928200,3200,316549,,,,,,,,,,0.000,25.000,Pinned,Device,NVIDIA A100-SXM4-40GB MIG 4g.20gb (0),1,,13,[CUDA memcpy Host-to-Device]
4817935752,11648,316550,,,,,,,,,,0.197,16878.993,Pinned,Device,NVIDIA A100-SXM4-40GB MIG 4g.20gb (0),1,,13,[CUDA memcpy Host-to-Device]
4817952808,12832,316551,273,1,1,48,1,1,40,0.000,0.001,,,,,NVIDIA A100-SXM4-40GB MIG 4g.20gb (0),1,,13,"void pusch_noise_intf_est::noiseIntfEstNoDftSOfdmKernel<float, __half, float, float, (unsigned int)2, (unsigned int)1, (unsigned char)4, (unsigned char)4>(pusch_noise_intf_est::puschRxNoiseIntfEstDynDescr)"
4817969480,2848,316562,35,1,1,128,1,1,16,0.000,0.000,,,,,NVIDIA A100-SXM4-40GB MIG 4g.20gb (0),1,,13,cupy_copy__complex64_complex64
4817983943,1856,316571,1,1,1,1,1,1,18,0.000,0.000,,,,,NVIDIA A100-SXM4-40GB MIG 4g.20gb (0),1,,13,cupy_copy__float32_float32
4818015975,2048,316577,,,,,,,,,,0.000,1.953,Device,Pageable,NVIDIA A100-SXM4-40GB MIG 4g.20gb (0),1,,7,[CUDA memcpy Device-to-Host]
4818076198,12608,316588,1434,1,1,128,1,1,16,0.000,0.000,,,,,NVIDIA A100-SXM4-40GB MIG 4g.20gb (0),1,,13,cupy_copy__complex64_complex64
4818103974,3616,316595,103,1,1,128,1,1,16,0.000,0.000,,,,,NVIDIA A100-SXM4-40GB MIG 4g.20gb (0),1,,13,cupy_copy__complex64_complex64
4818124102,2176,316602,35,1,1,128,1,1,16,0.000,0.000,,,,,NVIDIA A100-SXM4-40GB MIG 4g.20gb (0),1,,13,cupy_copy__complex64_complex64
4818142405,1856,316609,1,1,1,1,1,1,18,0.000,0.000,,,,,NVIDIA A100-SXM4-40GB MIG 4g.20gb (0),1,,13,cupy_copy__float32_float32
4818274116,82495,316620,1,1,1,32,32,1,30,0.000,0.000,,,,,NVIDIA A100-SXM4-40GB MIG 4g.20gb (0),1,,13,"void convert_kernel<__half2, float2>(tensor_layout_any, T1 *, tensor_layout_any, const T2 *)"
4818384674,5504,316623,,,,,,,,,,0.094,17023.251,Pinned,Device,NVIDIA A100-SXM4-40GB MIG 4g.20gb (0),1,,13,[CUDA memcpy Host-to-Device]
4818400002,3392,316624,,,,,,,,,,1.547,455961.768,Device,,NVIDIA A100-SXM4-40GB MIG 4g.20gb (0),1,,13,[CUDA memset]
4818406050,3040,316629,,,,,,,,,,0.031,10294.725,Pinned,Device,NVIDIA A100-SXM4-40GB MIG 4g.20gb (0),1,,13,[CUDA memcpy Host-to-Device]
4818411746,9504,316630,,,,,,,,,,0.197,20686.701,Pinned,Device,NVIDIA A100-SXM4-40GB MIG 4g.20gb (0),1,,13,[CUDA memcpy Host-to-Device]
4818425346,7264,316631,273,1,1,8,4,1,39,0.002,0.000,,,,,NVIDIA A100-SXM4-40GB MIG 4g.20gb (0),1,,13,"void channel_eq::eqMmseCoefCompLowMimoKernel<float, float, float, (unsigned int)4, (unsigned int)1, (unsigned int)4>(const channel_eq::_puschRxChEqStatDescr *, channel_eq::_puschRxChEqCoefCompDynDescr)"
4818434338,6176,316632,273,1,1,12,11,1,51,0.002,0.000,,,,,NVIDIA A100-SXM4-40GB MIG 4g.20gb (0),1,,13,"void channel_eq::eqMmseSoftDemapKernel<float, __half, __half, float, (unsigned int)4, (unsigned short)16383>(channel_eq::_puschRxChEqStatDescr *, channel_eq::_puschRxChEqSoftDemapDynDescr)"
4818443074,294748,316633,1,1,1,32,32,1,30,0.000,0.000,,,,,NVIDIA A100-SXM4-40GB MIG 4g.20gb (0),1,,13,"void convert_kernel<float2, __half2>(tensor_layout_any, T1 *, tensor_layout_any, const T2 *)"
4818740926,11040,316645,2253,1,1,128,1,1,16,0.000,0.000,,,,,NVIDIA A100-SXM4-40GB MIG 4g.20gb (0),1,,13,cupy_copy__float16_float16
4818756542,3168,316654,282,1,1,128,1,1,16,0.000,0.000,,,,,NVIDIA A100-SXM4-40GB MIG 4g.20gb (0),1,,13,cupy_copy__complex64_complex64
4818763518,2144,316663,26,1,1,128,1,1,16,0.000,0.000,,,,,NVIDIA A100-SXM4-40GB MIG 4g.20gb (0),1,,13,cupy_copy__float32_float32
4818766846,2816,316672,103,1,1,128,1,1,16,0.000,0.000,,,,,NVIDIA A100-SXM4-40GB MIG 4g.20gb (0),1,,13,cupy_copy__complex64_complex64
4818770878,12192,316682,1434,1,1,128,1,1,16,0.000,0.000,,,,,NVIDIA A100-SXM4-40GB MIG 4g.20gb (0),1,,13,cupy_copy__complex64_complex64
4818789181,82207,316687,1,1,1,32,32,1,30,0.000,0.000,,,,,NVIDIA A100-SXM4-40GB MIG 4g.20gb (0),1,,13,"void convert_kernel<__half2, float2>(tensor_layout_any, T1 *, tensor_layout_any, const T2 *)"
4818899484,6272,316690,,,,,,,,,,0.094,14938.703,Pinned,Device,NVIDIA A100-SXM4-40GB MIG 4g.20gb (0),1,,13,[CUDA memcpy Host-to-Device]
4818910876,603385,316691,,,,,,,,,,456.561,756522.306,Device,,NVIDIA A100-SXM4-40GB MIG 4g.20gb (0),1,,13,[CUDA memset]
4819519508,172350,316696,,,,,,,,,,1.235,7165.145,Pinned,Device,NVIDIA A100-SXM4-40GB MIG 4g.20gb (0),1,,13,[CUDA memcpy Host-to-Device]
4819704370,44192,316697,,,,,,,,,,0.197,4448.846,Pinned,Device,NVIDIA A100-SXM4-40GB MIG 4g.20gb (0),1,,13,[CUDA memcpy Host-to-Device]
4819765681,7776,316698,69,4,1,48,1,1,76,0.002,0.000,,,,,NVIDIA A100-SXM4-40GB MIG 4g.20gb (0),1,,13,"void ch_est::windowedChEstPreNoDftSOfdmKernel<float, __half, float, (unsigned int)2, (unsigned int)1, (unsigned short)4>(ch_est::puschRxChEstStatDescr_t *, ch_est::puschRxChEstDynDescr_t *)"
4819784785,6496,316699,137,2,1,24,2,1,44,0.001,0.001,,,,,NVIDIA A100-SXM4-40GB MIG 4g.20gb (0),1,,13,"void ch_est::chEstFilterNoDftSOfdmDispatchKernel<float, __half, float, (unsigned int)2>(ch_est::puschRxChEstStatDescr_t *, ch_est::puschRxChEstDynDescr_t *)"
4819801713,4736,316700,137,2,1,24,2,1,44,0.001,0.001,,,,,NVIDIA A100-SXM4-40GB MIG 4g.20gb (0),1,,13,"void ch_est::chEstFilterNoDftSOfdmDispatchKernel<float, __half, float, (unsigned int)2>(ch_est::puschRxChEstStatDescr_t *, ch_est::puschRxChEstDynDescr_t *)"
4819820817,2656,316711,103,1,1,128,1,1,16,0.000,0.000,,,,,NVIDIA A100-SXM4-40GB MIG 4g.20gb (0),1,,13,cupy_copy__complex64_complex64
4819837009,12639,316721,1434,1,1,128,1,1,16,0.000,0.000,,,,,NVIDIA A100-SXM4-40GB MIG 4g.20gb (0),1,,13,cupy_copy__complex64_complex64
4819856528,2944,316728,103,1,1,128,1,1,16,0.000,0.000,,,,,NVIDIA A100-SXM4-40GB MIG 4g.20gb (0),1,,13,cupy_copy__complex64_complex64
4819876496,82911,316735,1,1,1,32,32,1,30,0.000,0.000,,,,,NVIDIA A100-SXM4-40GB MIG 4g.20gb (0),1,,13,"void convert_kernel<__half2, float2>(tensor_layout_any, T1 *, tensor_layout_any, const T2 *)"
4819991407,25151,316738,,,,,,,,,,0.094,3725.259,Pinned,Device,NVIDIA A100-SXM4-40GB MIG 4g.20gb (0),1,,13,[CUDA memcpy Host-to-Device]
4820032846,47232,316739,,,,,,,,,,35.810,758167.626,Device,,NVIDIA A100-SXM4-40GB MIG 4g.20gb (0),1,,13,[CUDA memset]
4820085358,12735,316741,,,,,,,,,,0.000,6.282,Pinned,Device,NVIDIA A100-SXM4-40GB MIG 4g.20gb (0),1,,13,[CUDA memcpy Host-to-Device]
4820107245,29152,316742,,,,,,,,,,0.197,6744.048,Pinned,Device,NVIDIA A100-SXM4-40GB MIG 4g.20gb (0),1,,13,[CUDA memcpy Host-to-Device]
4820151437,10176,316743,273,1,1,48,1,1,40,0.000,0.001,,,,,NVIDIA A100-SXM4-40GB MIG 4g.20gb (0),1,,13,"void pusch_noise_intf_est::noiseIntfEstNoDftSOfdmKernel<float, __half, float, float, (unsigned int)2, (unsigned int)1, (unsigned char)4, (unsigned char)4>(pusch_noise_intf_est::puschRxNoiseIntfEstDynDescr)"
4820172492,2784,316754,35,1,1,128,1,1,16,0.000,0.000,,,,,NVIDIA A100-SXM4-40GB MIG 4g.20gb (0),1,,13,cupy_copy__complex64_complex64
4820182604,1728,316763,1,1,1,1,1,1,18,0.000,0.000,,,,,NVIDIA A100-SXM4-40GB MIG 4g.20gb (0),1,,13,cupy_copy__float32_float32
4820187628,2048,316769,,,,,,,,,,0.000,1.953,Device,Pageable,NVIDIA A100-SXM4-40GB MIG 4g.20gb (0),1,,7,[CUDA memcpy Device-to-Host]
4820250699,13152,316780,1434,1,1,128,1,1,16,0.000,0.000,,,,,NVIDIA A100-SXM4-40GB MIG 4g.20gb (0),1,,13,cupy_copy__complex64_complex64
4820278827,2944,316787,103,1,1,128,1,1,16,0.000,0.000,,,,,NVIDIA A100-SXM4-40GB MIG 4g.20gb (0),1,,13,cupy_copy__complex64_complex64
4820300747,2464,316794,35,1,1,128,1,1,16,0.000,0.000,,,,,NVIDIA A100-SXM4-40GB MIG 4g.20gb (0),1,,13,cupy_copy__complex64_complex64
4820317227,1888,316801,1,1,1,1,1,1,18,0.000,0.000,,,,,NVIDIA A100-SXM4-40GB MIG 4g.20gb (0),1,,13,cupy_copy__float32_float32
4820448809,82655,316812,1,1,1,32,32,1,30,0.000,0.000,,,,,NVIDIA A100-SXM4-40GB MIG 4g.20gb (0),1,,13,"void convert_kernel<__half2, float2>(tensor_layout_any, T1 *, tensor_layout_any, const T2 *)"
4820560264,5440,316815,,,,,,,,,,0.094,17223.480,Pinned,Device,NVIDIA A100-SXM4-40GB MIG 4g.20gb (0),1,,13,[CUDA memcpy Host-to-Device]
4820573864,3135,316816,,,,,,,,,,1.547,493340.577,Device,,NVIDIA A100-SXM4-40GB MIG 4g.20gb (0),1,,13,[CUDA memset]
4820580839,3008,316821,,,,,,,,,,0.031,10404.230,Pinned,Device,NVIDIA A100-SXM4-40GB MIG 4g.20gb (0),1,,13,[CUDA memcpy Host-to-Device]
4820586279,9696,316822,,,,,,,,,,0.197,20277.166,Pinned,Device,NVIDIA A100-SXM4-40GB MIG 4g.20gb (0),1,,13,[CUDA memcpy Host-to-Device]
4820600263,6464,316823,273,1,1,8,4,1,39,0.002,0.000,,,,,NVIDIA A100-SXM4-40GB MIG 4g.20gb (0),1,,13,"void channel_eq::eqMmseCoefCompLowMimoKernel<float, float, float, (unsigned int)4, (unsigned int)1, (unsigned int)4>(const channel_eq::_puschRxChEqStatDescr *, channel_eq::_puschRxChEqCoefCompDynDescr)"
4820610087,7424,316824,273,1,1,12,11,1,51,0.002,0.000,,,,,NVIDIA A100-SXM4-40GB MIG 4g.20gb (0),1,,13,"void channel_eq::eqMmseSoftDemapKernel<float, __half, __half, float, (unsigned int)4, (unsigned short)16383>(channel_eq::_puschRxChEqStatDescr *, channel_eq::_puschRxChEqSoftDemapDynDescr)"
4820618631,281948,316825,1,1,1,32,32,1,30,0.000,0.000,,,,,NVIDIA A100-SXM4-40GB MIG 4g.20gb (0),1,,13,"void convert_kernel<float2, __half2>(tensor_layout_any, T1 *, tensor_layout_any, const T2 *)"
4820901795,11104,316837,2253,1,1,128,1,1,16,0.000,0.000,,,,,NVIDIA A100-SXM4-40GB MIG 4g.20gb (0),1,,13,cupy_copy__float16_float16
4820914115,2816,316846,282,1,1,128,1,1,16,0.000,0.000,,,,,NVIDIA A100-SXM4-40GB MIG 4g.20gb (0),1,,13,cupy_copy__complex64_complex64
4820918979,2176,316855,26,1,1,128,1,1,16,0.000,0.000,,,,,NVIDIA A100-SXM4-40GB MIG 4g.20gb (0),1,,13,cupy_copy__float32_float32
4820922755,3584,316864,103,1,1,128,1,1,16,0.000,0.000,,,,,NVIDIA A100-SXM4-40GB MIG 4g.20gb (0),1,,13,cupy_copy__complex64_complex64
4820927971,12448,316874,1434,1,1,128,1,1,16,0.000,0.000,,,,,NVIDIA A100-SXM4-40GB MIG 4g.20gb (0),1,,13,cupy_copy__complex64_complex64
4820950531,87071,316879,1,1,1,32,32,1,30,0.000,0.000,,,,,NVIDIA A100-SXM4-40GB MIG 4g.20gb (0),1,,13,"void convert_kernel<__half2, float2>(tensor_layout_any, T1 *, tensor_layout_any, const T2 *)"
4821064481,5408,316882,,,,,,,,,,0.094,17325.421,Pinned,Device,NVIDIA A100-SXM4-40GB MIG 4g.20gb (0),1,,13,[CUDA memcpy Host-to-Device]
4821074721,597465,316883,,,,,,,,,,456.561,763827.289,Device,,NVIDIA A100-SXM4-40GB MIG 4g.20gb (0),1,,13,[CUDA memset]
4821677850,150558,316888,,,,,,,,,,1.235,8201.263,Pinned,Device,NVIDIA A100-SXM4-40GB MIG 4g.20gb (0),1,,13,[CUDA memcpy Host-to-Device]
4821840632,39935,316889,,,,,,,,,,0.197,4923.064,Pinned,Device,NVIDIA A100-SXM4-40GB MIG 4g.20gb (0),1,,13,[CUDA memcpy Host-to-Device]
4821914743,8448,316890,69,4,1,48,1,1,76,0.002,0.000,,,,,NVIDIA A100-SXM4-40GB MIG 4g.20gb (0),1,,13,"void ch_est::windowedChEstPreNoDftSOfdmKernel<float, __half, float, (unsigned int)2, (unsigned int)1, (unsigned short)4>(ch_est::puschRxChEstStatDescr_t *, ch_est::puschRxChEstDynDescr_t *)"
4821935223,6880,316891,137,2,1,24,2,1,44,0.001,0.001,,,,,NVIDIA A100-SXM4-40GB MIG 4g.20gb (0),1,,13,"void ch_est::chEstFilterNoDftSOfdmDispatchKernel<float, __half, float, (unsigned int)2>(ch_est::puschRxChEstStatDescr_t *, ch_est::puschRxChEstDynDescr_t *)"
4821955094,4928,316892,137,2,1,24,2,1,44,0.001,0.001,,,,,NVIDIA A100-SXM4-40GB MIG 4g.20gb (0),1,,13,"void ch_est::chEstFilterNoDftSOfdmDispatchKernel<float, __half, float, (unsigned int)2>(ch_est::puschRxChEstStatDescr_t *, ch_est::puschRxChEstDynDescr_t *)"
4821971030,2496,316903,103,1,1,128,1,1,16,0.000,0.000,,,,,NVIDIA A100-SXM4-40GB MIG 4g.20gb (0),1,,13,cupy_copy__complex64_complex64
4821990550,12640,316913,1434,1,1,128,1,1,16,0.000,0.000,,,,,NVIDIA A100-SXM4-40GB MIG 4g.20gb (0),1,,13,cupy_copy__complex64_complex64
4822008886,2912,316920,103,1,1,128,1,1,16,0.000,0.000,,,,,NVIDIA A100-SXM4-40GB MIG 4g.20gb (0),1,,13,cupy_copy__complex64_complex64
4822029686,89278,316927,1,1,1,32,32,1,30,0.000,0.000,,,,,NVIDIA A100-SXM4-40GB MIG 4g.20gb (0),1,,13,"void convert_kernel<__half2, float2>(tensor_layout_any, T1 *, tensor_layout_any, const T2 *)"
4822151476,25856,316930,,,,,,,,,,0.094,3623.693,Pinned,Device,NVIDIA A100-SXM4-40GB MIG 4g.20gb (0),1,,13,[CUDA memcpy Host-to-Device]
4822203603,47456,316931,,,,,,,,,,35.810,754586.634,Device,,NVIDIA A100-SXM4-40GB MIG 4g.20gb (0),1,,13,[CUDA memset]
4822256371,15168,316933,,,,,,,,,,0.000,5.274,Pinned,Device,NVIDIA A100-SXM4-40GB MIG 4g.20gb (0),1,,13,[CUDA memcpy Host-to-Device]
4822284114,43968,316934,,,,,,,,,,0.197,4471.456,Pinned,Device,NVIDIA A100-SXM4-40GB MIG 4g.20gb (0),1,,13,[CUDA memcpy Host-to-Device]
4822365425,9856,316935,273,1,1,48,1,1,40,0.000,0.001,,,,,NVIDIA A100-SXM4-40GB MIG 4g.20gb (0),1,,13,"void pusch_noise_intf_est::noiseIntfEstNoDftSOfdmKernel<float, __half, float, float, (unsigned int)2, (unsigned int)1, (unsigned char)4, (unsigned char)4>(pusch_noise_intf_est::puschRxNoiseIntfEstDynDescr)"
4822381937,2624,316946,35,1,1,128,1,1,16,0.000,0.000,,,,,NVIDIA A100-SXM4-40GB MIG 4g.20gb (0),1,,13,cupy_copy__complex64_complex64
4822397873,1728,316955,1,1,1,1,1,1,18,0.000,0.000,,,,,NVIDIA A100-SXM4-40GB MIG 4g.20gb (0),1,,13,cupy_copy__float32_float32
4822401713,7840,316961,,,,,,,,,,0.000,0.510,Device,Pageable,NVIDIA A100-SXM4-40GB MIG 4g.20gb (0),1,,7,[CUDA memcpy Device-to-Host]
4822501552,12768,316972,1434,1,1,128,1,1,16,0.000,0.000,,,,,NVIDIA A100-SXM4-40GB MIG 4g.20gb (0),1,,13,cupy_copy__complex64_complex64
4822521999,2688,316979,103,1,1,128,1,1,16,0.000,0.000,,,,,NVIDIA A100-SXM4-40GB MIG 4g.20gb (0),1,,13,cupy_copy__complex64_complex64
4822551503,2528,316986,35,1,1,128,1,1,16,0.000,0.000,,,,,NVIDIA A100-SXM4-40GB MIG 4g.20gb (0),1,,13,cupy_copy__complex64_complex64
4822567695,1728,316993,1,1,1,1,1,1,18,0.000,0.000,,,,,NVIDIA A100-SXM4-40GB MIG 4g.20gb (0),1,,13,cupy_copy__float32_float32
4822684237,82943,317004,1,1,1,32,32,1,30,0.000,0.000,,,,,NVIDIA A100-SXM4-40GB MIG 4g.20gb (0),1,,13,"void convert_kernel<__half2, float2>(tensor_layout_any, T1 *, tensor_layout_any, const T2 *)"
4822794412,5632,317007,,,,,,,,,,0.094,16636.287,Pinned,Device,NVIDIA A100-SXM4-40GB MIG 4g.20gb (0),1,,13,[CUDA memcpy Host-to-Device]
4822810316,3520,317008,,,,,,,,,,1.547,439380.412,Device,,NVIDIA A100-SXM4-40GB MIG 4g.20gb (0),1,,13,[CUDA memset]
4822815596,3040,317013,,,,,,,,,,0.031,10294.725,Pinned,Device,NVIDIA A100-SXM4-40GB MIG 4g.20gb (0),1,,13,[CUDA memcpy Host-to-Device]
4822821196,9952,317014,,,,,,,,,,0.197,19755.565,Pinned,Device,NVIDIA A100-SXM4-40GB MIG 4g.20gb (0),1,,13,[CUDA memcpy Host-to-Device]
4822839820,6208,317015,273,1,1,8,4,1,39,0.002,0.000,,,,,NVIDIA A100-SXM4-40GB MIG 4g.20gb (0),1,,13,"void channel_eq::eqMmseCoefCompLowMimoKernel<float, float, float, (unsigned int)4, (unsigned int)1, (unsigned int)4>(const channel_eq::_puschRxChEqStatDescr *, channel_eq::_puschRxChEqCoefCompDynDescr)"
4822847755,6560,317016,273,1,1,12,11,1,51,0.002,0.000,,,,,NVIDIA A100-SXM4-40GB MIG 4g.20gb (0),1,,13,"void channel_eq::eqMmseSoftDemapKernel<float, __half, __half, float, (unsigned int)4, (unsigned short)16383>(channel_eq::_puschRxChEqStatDescr *, channel_eq::_puschRxChEqSoftDemapDynDescr)"
4822856875,282461,317017,1,1,1,32,32,1,30,0.000,0.000,,,,,NVIDIA A100-SXM4-40GB MIG 4g.20gb (0),1,,13,"void convert_kernel<float2, __half2>(tensor_layout_any, T1 *, tensor_layout_any, const T2 *)"
4823140456,10976,317029,2253,1,1,128,1,1,16,0.000,0.000,,,,,NVIDIA A100-SXM4-40GB MIG 4g.20gb (0),1,,13,cupy_copy__float16_float16
4823153352,3552,317038,282,1,1,128,1,1,16,0.000,0.000,,,,,NVIDIA A100-SXM4-40GB MIG 4g.20gb (0),1,,13,cupy_copy__complex64_complex64
4823159880,2336,317047,26,1,1,128,1,1,16,0.000,0.000,,,,,NVIDIA A100-SXM4-40GB MIG 4g.20gb (0),1,,13,cupy_copy__float32_float32
4823163848,3040,317056,103,1,1,128,1,1,16,0.000,0.000,,,,,NVIDIA A100-SXM4-40GB MIG 4g.20gb (0),1,,13,cupy_copy__complex64_complex64
4823168296,12415,317066,1434,1,1,128,1,1,16,0.000,0.000,,,,,NVIDIA A100-SXM4-40GB MIG 4g.20gb (0),1,,13,cupy_copy__complex64_complex64
4823195111,82559,317071,1,1,1,32,32,1,30,0.000,0.000,,,,,NVIDIA A100-SXM4-40GB MIG 4g.20gb (0),1,,13,"void convert_kernel<__half2, float2>(tensor_layout_any, T1 *, tensor_layout_any, const T2 *)"
4823305126,5440,317074,,,,,,,,,,0.094,17223.480,Pinned,Device,NVIDIA A100-SXM4-40GB MIG 4g.20gb (0),1,,13,[CUDA memcpy Host-to-Device]
4823314982,596408,317075,,,,,,,,,,456.561,765196.973,Device,,NVIDIA A100-SXM4-40GB MIG 4g.20gb (0),1,,13,[CUDA memset]
4823918334,85951,317080,,,,,,,,,,1.235,14367.338,Pinned,Device,NVIDIA A100-SXM4-40GB MIG 4g.20gb (0),1,,13,[CUDA memcpy Host-to-Device]
4824011805,17568,317081,,,,,,,,,,0.197,11191.124,Pinned,Device,NVIDIA A100-SXM4-40GB MIG 4g.20gb (0),1,,13,[CUDA memcpy Host-to-Device]
4824037533,8256,317082,69,4,1,48,1,1,76,0.002,0.000,,,,,NVIDIA A100-SXM4-40GB MIG 4g.20gb (0),1,,13,"void ch_est::windowedChEstPreNoDftSOfdmKernel<float, __half, float, (unsigned int)2, (unsigned int)1, (unsigned short)4>(ch_est::puschRxChEstStatDescr_t *, ch_est::puschRxChEstDynDescr_t *)"
4824049597,7264,317083,137,2,1,24,2,1,44,0.001,0.001,,,,,NVIDIA A100-SXM4-40GB MIG 4g.20gb (0),1,,13,"void ch_est::chEstFilterNoDftSOfdmDispatchKernel<float, __half, float, (unsigned int)2>(ch_est::puschRxChEstStatDescr_t *, ch_est::puschRxChEstDynDescr_t *)"
4824060189,4831,317084,137,2,1,24,2,1,44,0.001,0.001,,,,,NVIDIA A100-SXM4-40GB MIG 4g.20gb (0),1,,13,"void ch_est::chEstFilterNoDftSOfdmDispatchKernel<float, __half, float, (unsigned int)2>(ch_est::puschRxChEstStatDescr_t *, ch_est::puschRxChEstDynDescr_t *)"
4824069532,2784,317095,103,1,1,128,1,1,16,0.000,0.000,,,,,NVIDIA A100-SXM4-40GB MIG 4g.20gb (0),1,,13,cupy_copy__complex64_complex64
4824074332,12864,317105,1434,1,1,128,1,1,16,0.000,0.000,,,,,NVIDIA A100-SXM4-40GB MIG 4g.20gb (0),1,,13,cupy_copy__complex64_complex64
4824092412,3104,317112,103,1,1,128,1,1,16,0.000,0.000,,,,,NVIDIA A100-SXM4-40GB MIG 4g.20gb (0),1,,13,cupy_copy__complex64_complex64
4824101404,87839,317119,1,1,1,32,32,1,30,0.000,0.000,,,,,NVIDIA A100-SXM4-40GB MIG 4g.20gb (0),1,,13,"void convert_kernel<__half2, float2>(tensor_layout_any, T1 *, tensor_layout_any, const T2 *)"
4824216027,6240,317122,,,,,,,,,,0.094,15015.346,Pinned,Device,NVIDIA A100-SXM4-40GB MIG 4g.20gb (0),1,,13,[CUDA memcpy Host-to-Device]
4824228122,46464,317123,,,,,,,,,,35.810,770701.098,Device,,NVIDIA A100-SXM4-40GB MIG 4g.20gb (0),1,,13,[CUDA memset]
4824281754,3872,317125,,,,,,,,,,0.000,20.661,Pinned,Device,NVIDIA A100-SXM4-40GB MIG 4g.20gb (0),1,,13,[CUDA memcpy Host-to-Device]
4824289754,13120,317126,,,,,,,,,,0.197,14985.265,Pinned,Device,NVIDIA A100-SXM4-40GB MIG 4g.20gb (0),1,,13,[CUDA memcpy Host-to-Device]
4824313401,12000,317127,273,1,1,48,1,1,40,0.000,0.001,,,,,NVIDIA A100-SXM4-40GB MIG 4g.20gb (0),1,,13,"void pusch_noise_intf_est::noiseIntfEstNoDftSOfdmKernel<float, __half, float, float, (unsigned int)2, (unsigned int)1, (unsigned char)4, (unsigned char)4>(pusch_noise_intf_est::puschRxNoiseIntfEstDynDescr)"
4824328121,3264,317138,35,1,1,128,1,1,16,0.000,0.000,,,,,NVIDIA A100-SXM4-40GB MIG 4g.20gb (0),1,,13,cupy_copy__complex64_complex64
4824336057,1920,317147,1,1,1,1,1,1,18,0.000,0.000,,,,,NVIDIA A100-SXM4-40GB MIG 4g.20gb (0),1,,13,cupy_copy__float32_float32
4824368665,1600,317153,,,,,,,,,,0.000,2.500,Device,Pageable,NVIDIA A100-SXM4-40GB MIG 4g.20gb (0),1,,7,[CUDA memcpy Device-to-Host]
4824429304,12832,317164,1434,1,1,128,1,1,16,0.000,0.000,,,,,NVIDIA A100-SXM4-40GB MIG 4g.20gb (0),1,,13,cupy_copy__complex64_complex64
4824457432,3424,317171,103,1,1,128,1,1,16,0.000,0.000,,,,,NVIDIA A100-SXM4-40GB MIG 4g.20gb (0),1,,13,cupy_copy__complex64_complex64
4824478743,2176,317178,35,1,1,128,1,1,16,0.000,0.000,,,,,NVIDIA A100-SXM4-40GB MIG 4g.20gb (0),1,,13,cupy_copy__complex64_complex64
4824496279,1920,317185,1,1,1,1,1,1,18,0.000,0.000,,,,,NVIDIA A100-SXM4-40GB MIG 4g.20gb (0),1,,13,cupy_copy__float32_float32
4824628022,86654,317196,1,1,1,32,32,1,30,0.000,0.000,,,,,NVIDIA A100-SXM4-40GB MIG 4g.20gb (0),1,,13,"void convert_kernel<__half2, float2>(tensor_layout_any, T1 *, tensor_layout_any, const T2 *)"
4824742708,5856,317199,,,,,,,,,,0.094,15999.997,Pinned,Device,NVIDIA A100-SXM4-40GB MIG 4g.20gb (0),1,,13,[CUDA memcpy Host-to-Device]
4824757908,3360,317200,,,,,,,,,,1.547,460304.688,Device,,NVIDIA A100-SXM4-40GB MIG 4g.20gb (0),1,,13,[CUDA memset]
4824766228,3328,317205,,,,,,,,,,0.031,9403.822,Pinned,Device,NVIDIA A100-SXM4-40GB MIG 4g.20gb (0),1,,13,[CUDA memcpy Host-to-Device]
4824772916,9472,317206,,,,,,,,,,0.197,20756.693,Pinned,Device,NVIDIA A100-SXM4-40GB MIG 4g.20gb (0),1,,13,[CUDA memcpy Host-to-Device]
4824787348,6816,317207,273,1,1,8,4,1,39,0.002,0.000,,,,,NVIDIA A100-SXM4-40GB MIG 4g.20gb (0),1,,13,"void channel_eq::eqMmseCoefCompLowMimoKernel<float, float, float, (unsigned int)4, (unsigned int)1, (unsigned int)4>(const channel_eq::_puschRxChEqStatDescr *, channel_eq::_puschRxChEqCoefCompDynDescr)"
4824796787,6048,317208,273,1,1,12,11,1,51,0.002,0.000,,,,,NVIDIA A100-SXM4-40GB MIG 4g.20gb (0),1,,13,"void channel_eq::eqMmseSoftDemapKernel<float, __half, __half, float, (unsigned int)4, (unsigned short)16383>(channel_eq::_puschRxChEqStatDescr *, channel_eq::_puschRxChEqSoftDemapDynDescr)"
4824804531,282429,317209,1,1,1,32,32,1,30,0.000,0.000,,,,,NVIDIA A100-SXM4-40GB MIG 4g.20gb (0),1,,13,"void convert_kernel<float2, __half2>(tensor_layout_any, T1 *, tensor_layout_any, const T2 *)"
4825088272,11104,317221,2253,1,1,128,1,1,16,0.000,0.000,,,,,NVIDIA A100-SXM4-40GB MIG 4g.20gb (0),1,,13,cupy_copy__float16_float16
4825103184,3168,317230,282,1,1,128,1,1,16,0.000,0.000,,,,,NVIDIA A100-SXM4-40GB MIG 4g.20gb (0),1,,13,cupy_copy__complex64_complex64
4825110832,2304,317239,26,1,1,128,1,1,16,0.000,0.000,,,,,NVIDIA A100-SXM4-40GB MIG 4g.20gb (0),1,,13,cupy_copy__float32_float32
4825115216,4767,317248,103,1,1,128,1,1,16,0.000,0.000,,,,,NVIDIA A100-SXM4-40GB MIG 4g.20gb (0),1,,13,cupy_copy__complex64_complex64
4825121647,12096,317258,1434,1,1,128,1,1,16,0.000,0.000,,,,,NVIDIA A100-SXM4-40GB MIG 4g.20gb (0),1,,13,cupy_copy__complex64_complex64
4825139919,82655,317263,1,1,1,32,32,1,30,0.000,0.000,,,,,NVIDIA A100-SXM4-40GB MIG 4g.20gb (0),1,,13,"void convert_kernel<__half2, float2>(tensor_layout_any, T1 *, tensor_layout_any, const T2 *)"
4825249806,5696,317266,,,,,,,,,,0.094,16449.363,Pinned,Device,NVIDIA A100-SXM4-40GB MIG 4g.20gb (0),1,,13,[CUDA memcpy Host-to-Device]
4825259470,596024,317267,,,,,,,,,,456.561,765653.535,Device,,NVIDIA A100-SXM4-40GB MIG 4g.20gb (0),1,,13,[CUDA memset]
4825868774,144894,317272,,,,,,,,,,1.235,8522.349,Pinned,Device,NVIDIA A100-SXM4-40GB MIG 4g.20gb (0),1,,13,[CUDA memcpy Host-to-Device]
4826023044,38080,317273,,,,,,,,,,0.197,5162.926,Pinned,Device,NVIDIA A100-SXM4-40GB MIG 4g.20gb (0),1,,13,[CUDA memcpy Host-to-Device]
4826084996,7967,317274,69,4,1,48,1,1,76,0.002,0.000,,,,,NVIDIA A100-SXM4-40GB MIG 4g.20gb (0),1,,13,"void ch_est::windowedChEstPreNoDftSOfdmKernel<float, __half, float, (unsigned int)2, (unsigned int)1, (unsigned short)4>(ch_est::puschRxChEstStatDescr_t *, ch_est::puschRxChEstDynDescr_t *)"
4826103683,6592,317275,137,2,1,24,2,1,44,0.001,0.001,,,,,NVIDIA A100-SXM4-40GB MIG 4g.20gb (0),1,,13,"void ch_est::chEstFilterNoDftSOfdmDispatchKernel<float, __half, float, (unsigned int)2>(ch_est::puschRxChEstStatDescr_t *, ch_est::puschRxChEstDynDescr_t *)"
4826117827,4736,317276,137,2,1,24,2,1,44,0.001,0.001,,,,,NVIDIA A100-SXM4-40GB MIG 4g.20gb (0),1,,13,"void ch_est::chEstFilterNoDftSOfdmDispatchKernel<float, __half, float, (unsigned int)2>(ch_est::puschRxChEstStatDescr_t *, ch_est::puschRxChEstDynDescr_t *)"
4826132579,2528,317287,103,1,1,128,1,1,16,0.000,0.000,,,,,NVIDIA A100-SXM4-40GB MIG 4g.20gb (0),1,,13,cupy_copy__complex64_complex64
4826143395,12384,317297,1434,1,1,128,1,1,16,0.000,0.000,,,,,NVIDIA A100-SXM4-40GB MIG 4g.20gb (0),1,,13,cupy_copy__complex64_complex64
4826159363,2464,317304,103,1,1,128,1,1,16,0.000,0.000,,,,,NVIDIA A100-SXM4-40GB MIG 4g.20gb (0),1,,13,cupy_copy__complex64_complex64
4826163971,83551,317311,1,1,1,32,32,1,30,0.000,0.000,,,,,NVIDIA A100-SXM4-40GB MIG 4g.20gb (0),1,,13,"void convert_kernel<__half2, float2>(tensor_layout_any, T1 *, tensor_layout_any, const T2 *)"
4826280321,11904,317314,,,,,,,,,,0.094,7870.932,Pinned,Device,NVIDIA A100-SXM4-40GB MIG 4g.20gb (0),1,,13,[CUDA memcpy Host-to-Device]
4826302305,47263,317315,,,,,,,,,,35.810,757666.287,Device,,NVIDIA A100-SXM4-40GB MIG 4g.20gb (0),1,,13,[CUDA memset]
4826354080,3808,317317,,,,,,,,,,0.000,21.008,Pinned,Device,NVIDIA A100-SXM4-40GB MIG 4g.20gb (0),1,,13,[CUDA memcpy Host-to-Device]
4826363904,13408,317318,,,,,,,,,,0.197,14663.418,Pinned,Device,NVIDIA A100-SXM4-40GB MIG 4g.20gb (0),1,,13,[CUDA memcpy Host-to-Device]
4826390880,10208,317319,273,1,1,48,1,1,40,0.000,0.001,,,,,NVIDIA A100-SXM4-40GB MIG 4g.20gb (0),1,,13,"void pusch_noise_intf_est::noiseIntfEstNoDftSOfdmKernel<float, __half, float, float, (unsigned int)2, (unsigned int)1, (unsigned char)4, (unsigned char)4>(pusch_noise_intf_est::puschRxNoiseIntfEstDynDescr)"
4826407648,2752,317330,35,1,1,128,1,1,16,0.000,0.000,,,,,NVIDIA A100-SXM4-40GB MIG 4g.20gb (0),1,,13,cupy_copy__complex64_complex64
4826413376,1760,317339,1,1,1,1,1,1,18,0.000,0.000,,,,,NVIDIA A100-SXM4-40GB MIG 4g.20gb (0),1,,13,cupy_copy__float32_float32
4826428351,2176,317345,,,,,,,,,,0.000,1.838,Device,Pageable,NVIDIA A100-SXM4-40GB MIG 4g.20gb (0),1,,7,[CUDA memcpy Device-to-Host]
4826489311,12863,317356,1434,1,1,128,1,1,16,0.000,0.000,,,,,NVIDIA A100-SXM4-40GB MIG 4g.20gb (0),1,,13,cupy_copy__complex64_complex64
4826517854,2656,317363,103,1,1,128,1,1,16,0.000,0.000,,,,,NVIDIA A100-SXM4-40GB MIG 4g.20gb (0),1,,13,cupy_copy__complex64_complex64
4826536542,2688,317370,35,1,1,128,1,1,16,0.000,0.000,,,,,NVIDIA A100-SXM4-40GB MIG 4g.20gb (0),1,,13,cupy_copy__complex64_complex64
4826555454,1792,317377,1,1,1,1,1,1,18,0.000,0.000,,,,,NVIDIA A100-SXM4-40GB MIG 4g.20gb (0),1,,13,cupy_copy__float32_float32
4826686460,87935,317388,1,1,1,32,32,1,30,0.000,0.000,,,,,NVIDIA A100-SXM4-40GB MIG 4g.20gb (0),1,,13,"void convert_kernel<__half2, float2>(tensor_layout_any, T1 *, tensor_layout_any, const T2 *)"
4826802683,5760,317391,,,,,,,,,,0.094,16266.656,Pinned,Device,NVIDIA A100-SXM4-40GB MIG 4g.20gb (0),1,,13,[CUDA memcpy Host-to-Device]
4826819931,3232,317392,,,,,,,,,,1.547,478533.199,Device,,NVIDIA A100-SXM4-40GB MIG 4g.20gb (0),1,,13,[CUDA memset]
4826826554,3104,317397,,,,,,,,,,0.031,10082.445,Pinned,Device,NVIDIA A100-SXM4-40GB MIG 4g.20gb (0),1,,13,[CUDA memcpy Host-to-Device]
4826832538,9728,317398,,,,,,,,,,0.197,20210.516,Pinned,Device,NVIDIA A100-SXM4-40GB MIG 4g.20gb (0),1,,13,[CUDA memcpy Host-to-Device]
4826846042,6080,317399,273,1,1,8,4,1,39,0.002,0.000,,,,,NVIDIA A100-SXM4-40GB MIG 4g.20gb (0),1,,13,"void channel_eq::eqMmseCoefCompLowMimoKernel<float, float, float, (unsigned int)4, (unsigned int)1, (unsigned int)4>(const channel_eq::_puschRxChEqStatDescr *, channel_eq::_puschRxChEqCoefCompDynDescr)"
4826854746,6080,317400,273,1,1,12,11,1,51,0.002,0.000,,,,,NVIDIA A100-SXM4-40GB MIG 4g.20gb (0),1,,13,"void channel_eq::eqMmseSoftDemapKernel<float, __half, __half, float, (unsigned int)4, (unsigned short)16383>(channel_eq::_puschRxChEqStatDescr *, channel_eq::_puschRxChEqSoftDemapDynDescr)"
4826862906,282365,317401,1,1,1,32,32,1,30,0.000,0.000,,,,,NVIDIA A100-SXM4-40GB MIG 4g.20gb (0),1,,13,"void convert_kernel<float2, __half2>(tensor_layout_any, T1 *, tensor_layout_any, const T2 *)"
4827146295,11103,317413,2253,1,1,128,1,1,16,0.000,0.000,,,,,NVIDIA A100-SXM4-40GB MIG 4g.20gb (0),1,,13,cupy_copy__float16_float16
4827161910,2848,317422,282,1,1,128,1,1,16,0.000,0.000,,,,,NVIDIA A100-SXM4-40GB MIG 4g.20gb (0),1,,13,cupy_copy__complex64_complex64
4827166294,2304,317431,26,1,1,128,1,1,16,0.000,0.000,,,,,NVIDIA A100-SXM4-40GB MIG 4g.20gb (0),1,,13,cupy_copy__float32_float32
4827171670,4704,317440,103,1,1,128,1,1,16,0.000,0.000,,,,,NVIDIA A100-SXM4-40GB MIG 4g.20gb (0),1,,13,cupy_copy__complex64_complex64
4827230069,11872,317456,1434,1,1,128,1,1,16,0.000,0.000,,,,,NVIDIA A100-SXM4-40GB MIG 4g.20gb (0),1,,13,cupy_copy__complex64_complex64
4827345748,81887,317461,1,1,1,32,32,1,30,0.000,0.000,,,,,NVIDIA A100-SXM4-40GB MIG 4g.20gb (0),1,,13,"void convert_kernel<__half2, float2>(tensor_layout_any, T1 *, tensor_layout_any, const T2 *)"
4827455059,5440,317464,,,,,,,,,,0.094,17223.480,Pinned,Device,NVIDIA A100-SXM4-40GB MIG 4g.20gb (0),1,,13,[CUDA memcpy Host-to-Device]
4827466515,597208,317465,,,,,,,,,,456.561,764283.851,Device,,NVIDIA A100-SXM4-40GB MIG 4g.20gb (0),1,,13,[CUDA memset]
4828070603,173310,317470,,,,,,,,,,1.235,7125.627,Pinned,Device,NVIDIA A100-SXM4-40GB MIG 4g.20gb (0),1,,13,[CUDA memcpy Host-to-Device]
4828255593,39135,317471,,,,,,,,,,0.197,5023.728,Pinned,Device,NVIDIA A100-SXM4-40GB MIG 4g.20gb (0),1,,13,[CUDA memcpy Host-to-Device]
4828312296,8064,317472,69,4,1,48,1,1,76,0.002,0.000,,,,,NVIDIA A100-SXM4-40GB MIG 4g.20gb (0),1,,13,"void ch_est::windowedChEstPreNoDftSOfdmKernel<float, __half, float, (unsigned int)2, (unsigned int)1, (unsigned short)4>(ch_est::puschRxChEstStatDescr_t *, ch_est::puschRxChEstDynDescr_t *)"
4828329576,6912,317473,137,2,1,24,2,1,44,0.001,0.001,,,,,NVIDIA A100-SXM4-40GB MIG 4g.20gb (0),1,,13,"void ch_est::chEstFilterNoDftSOfdmDispatchKernel<float, __half, float, (unsigned int)2>(ch_est::puschRxChEstStatDescr_t *, ch_est::puschRxChEstDynDescr_t *)"
4828340296,4704,317474,137,2,1,24,2,1,44,0.001,0.001,,,,,NVIDIA A100-SXM4-40GB MIG 4g.20gb (0),1,,13,"void ch_est::chEstFilterNoDftSOfdmDispatchKernel<float, __half, float, (unsigned int)2>(ch_est::puschRxChEstStatDescr_t *, ch_est::puschRxChEstDynDescr_t *)"
4828358280,2592,317485,103,1,1,128,1,1,16,0.000,0.000,,,,,NVIDIA A100-SXM4-40GB MIG 4g.20gb (0),1,,13,cupy_copy__complex64_complex64
4828368519,13024,317495,1434,1,1,128,1,1,16,0.000,0.000,,,,,NVIDIA A100-SXM4-40GB MIG 4g.20gb (0),1,,13,cupy_copy__complex64_complex64
4828392743,2816,317502,103,1,1,128,1,1,16,0.000,0.000,,,,,NVIDIA A100-SXM4-40GB MIG 4g.20gb (0),1,,13,cupy_copy__complex64_complex64
4828405991,87647,317509,1,1,1,32,32,1,30,0.000,0.000,,,,,NVIDIA A100-SXM4-40GB MIG 4g.20gb (0),1,,13,"void convert_kernel<__half2, float2>(tensor_layout_any, T1 *, tensor_layout_any, const T2 *)"
4828524454,13471,317512,,,,,,,,,,0.094,6955.335,Pinned,Device,NVIDIA A100-SXM4-40GB MIG 4g.20gb (0),1,,13,[CUDA memcpy Host-to-Device]
4828550693,46752,317513,,,,,,,,,,35.810,765938.379,Device,,NVIDIA A100-SXM4-40GB MIG 4g.20gb (0),1,,13,[CUDA memset]
4828599045,8096,317515,,,,,,,,,,0.000,9.881,Pinned,Device,NVIDIA A100-SXM4-40GB MIG 4g.20gb (0),1,,13,[CUDA memcpy Host-to-Device]
4828611844,21792,317516,,,,,,,,,,0.197,9021.948,Pinned,Device,NVIDIA A100-SXM4-40GB MIG 4g.20gb (0),1,,13,[CUDA memcpy Host-to-Device]
4828647812,9760,317517,273,1,1,48,1,1,40,0.000,0.001,,,,,NVIDIA A100-SXM4-40GB MIG 4g.20gb (0),1,,13,"void pusch_noise_intf_est::noiseIntfEstNoDftSOfdmKernel<float, __half, float, float, (unsigned int)2, (unsigned int)1, (unsigned char)4, (unsigned char)4>(pusch_noise_intf_est::puschRxNoiseIntfEstDynDescr)"
4828665700,2720,317528,35,1,1,128,1,1,16,0.000,0.000,,,,,NVIDIA A100-SXM4-40GB MIG 4g.20gb (0),1,,13,cupy_copy__complex64_complex64
4828674084,1760,317537,1,1,1,1,1,1,18,0.000,0.000,,,,,NVIDIA A100-SXM4-40GB MIG 4g.20gb (0),1,,13,cupy_copy__float32_float32
4828681860,4864,317543,,,,,,,,,,0.000,0.822,Device,Pageable,NVIDIA A100-SXM4-40GB MIG 4g.20gb (0),1,,7,[CUDA memcpy Device-to-Host]
4828751459,12608,317554,1434,1,1,128,1,1,16,0.000,0.000,,,,,NVIDIA A100-SXM4-40GB MIG 4g.20gb (0),1,,13,cupy_copy__complex64_complex64
4828776610,2784,317561,103,1,1,128,1,1,16,0.000,0.000,,,,,NVIDIA A100-SXM4-40GB MIG 4g.20gb (0),1,,13,cupy_copy__complex64_complex64
4828798690,2176,317568,35,1,1,128,1,1,16,0.000,0.000,,,,,NVIDIA A100-SXM4-40GB MIG 4g.20gb (0),1,,13,cupy_copy__complex64_complex64
4828816258,1824,317575,1,1,1,1,1,1,18,0.000,0.000,,,,,NVIDIA A100-SXM4-40GB MIG 4g.20gb (0),1,,13,cupy_copy__float32_float32
4828950976,87167,317586,1,1,1,32,32,1,30,0.000,0.000,,,,,NVIDIA A100-SXM4-40GB MIG 4g.20gb (0),1,,13,"void convert_kernel<__half2, float2>(tensor_layout_any, T1 *, tensor_layout_any, const T2 *)"
4829066143,5632,317589,,,,,,,,,,0.094,16636.287,Pinned,Device,NVIDIA A100-SXM4-40GB MIG 4g.20gb (0),1,,13,[CUDA memcpy Host-to-Device]
4829082079,3264,317590,,,,,,,,,,1.547,473842.288,Device,,NVIDIA A100-SXM4-40GB MIG 4g.20gb (0),1,,13,[CUDA memset]
4829087679,3328,317595,,,,,,,,,,0.031,9403.822,Pinned,Device,NVIDIA A100-SXM4-40GB MIG 4g.20gb (0),1,,13,[CUDA memcpy Host-to-Device]
4829093759,9759,317596,,,,,,,,,,0.197,20146.225,Pinned,Device,NVIDIA A100-SXM4-40GB MIG 4g.20gb (0),1,,13,[CUDA memcpy Host-to-Device]
4829108510,6912,317597,273,1,1,8,4,1,39,0.002,0.000,,,,,NVIDIA A100-SXM4-40GB MIG 4g.20gb (0),1,,13,"void channel_eq::eqMmseCoefCompLowMimoKernel<float, float, float, (unsigned int)4, (unsigned int)1, (unsigned int)4>(const channel_eq::_puschRxChEqStatDescr *, channel_eq::_puschRxChEqCoefCompDynDescr)"
4829116638,5984,317598,273,1,1,12,11,1,51,0.002,0.000,,,,,NVIDIA A100-SXM4-40GB MIG 4g.20gb (0),1,,13,"void channel_eq::eqMmseSoftDemapKernel<float, __half, __half, float, (unsigned int)4, (unsigned short)16383>(channel_eq::_puschRxChEqStatDescr *, channel_eq::_puschRxChEqSoftDemapDynDescr)"
4829123614,282045,317599,1,1,1,32,32,1,30,0.000,0.000,,,,,NVIDIA A100-SXM4-40GB MIG 4g.20gb (0),1,,13,"void convert_kernel<float2, __half2>(tensor_layout_any, T1 *, tensor_layout_any, const T2 *)"
4829408955,11040,317611,2253,1,1,128,1,1,16,0.000,0.000,,,,,NVIDIA A100-SXM4-40GB MIG 4g.20gb (0),1,,13,cupy_copy__float16_float16
4829422554,2784,317620,282,1,1,128,1,1,16,0.000,0.000,,,,,NVIDIA A100-SXM4-40GB MIG 4g.20gb (0),1,,13,cupy_copy__complex64_complex64
4829426682,2112,317629,26,1,1,128,1,1,16,0.000,0.000,,,,,NVIDIA A100-SXM4-40GB MIG 4g.20gb (0),1,,13,cupy_copy__float32_float32
4829431930,3200,317638,103,1,1,128,1,1,16,0.000,0.000,,,,,NVIDIA A100-SXM4-40GB MIG 4g.20gb (0),1,,13,cupy_copy__complex64_complex64
4829437946,12096,317648,1434,1,1,128,1,1,16,0.000,0.000,,,,,NVIDIA A100-SXM4-40GB MIG 4g.20gb (0),1,,13,cupy_copy__complex64_complex64
4829456058,87519,317653,1,1,1,32,32,1,30,0.000,0.000,,,,,NVIDIA A100-SXM4-40GB MIG 4g.20gb (0),1,,13,"void convert_kernel<__half2, float2>(tensor_layout_any, T1 *, tensor_layout_any, const T2 *)"
4829570489,5600,317656,,,,,,,,,,0.094,16731.388,Pinned,Device,NVIDIA A100-SXM4-40GB MIG 4g.20gb (0),1,,13,[CUDA memcpy Host-to-Device]
4829581177,599512,317657,,,,,,,,,,456.561,761544.482,Device,,NVIDIA A100-SXM4-40GB MIG 4g.20gb (0),1,,13,[CUDA memset]
4830186161,143646,317662,,,,,,,,,,1.235,8596.445,Pinned,Device,NVIDIA A100-SXM4-40GB MIG 4g.20gb (0),1,,13,[CUDA memcpy Host-to-Device]
4830344239,41376,317663,,,,,,,,,,0.197,4751.622,Pinned,Device,NVIDIA A100-SXM4-40GB MIG 4g.20gb (0),1,,13,[CUDA memcpy Host-to-Device]
4830406990,7904,317664,69,4,1,48,1,1,76,0.002,0.000,,,,,NVIDIA A100-SXM4-40GB MIG 4g.20gb (0),1,,13,"void ch_est::windowedChEstPreNoDftSOfdmKernel<float, __half, float, (unsigned int)2, (unsigned int)1, (unsigned short)4>(ch_est::puschRxChEstStatDescr_t *, ch_est::puschRxChEstDynDescr_t *)"
4830426766,6784,317665,137,2,1,24,2,1,44,0.001,0.001,,,,,NVIDIA A100-SXM4-40GB MIG 4g.20gb (0),1,,13,"void ch_est::chEstFilterNoDftSOfdmDispatchKernel<float, __half, float, (unsigned int)2>(ch_est::puschRxChEstStatDescr_t *, ch_est::puschRxChEstDynDescr_t *)"
4830443662,4672,317666,137,2,1,24,2,1,44,0.001,0.001,,,,,NVIDIA A100-SXM4-40GB MIG 4g.20gb (0),1,,13,"void ch_est::chEstFilterNoDftSOfdmDispatchKernel<float, __half, float, (unsigned int)2>(ch_est::puschRxChEstStatDescr_t *, ch_est::puschRxChEstDynDescr_t *)"
4830460846,2528,317677,103,1,1,128,1,1,16,0.000,0.000,,,,,NVIDIA A100-SXM4-40GB MIG 4g.20gb (0),1,,13,cupy_copy__complex64_complex64
4830478829,12384,317687,1434,1,1,128,1,1,16,0.000,0.000,,,,,NVIDIA A100-SXM4-40GB MIG 4g.20gb (0),1,,13,cupy_copy__complex64_complex64
4830497357,2912,317694,103,1,1,128,1,1,16,0.000,0.000,,,,,NVIDIA A100-SXM4-40GB MIG 4g.20gb (0),1,,13,cupy_copy__complex64_complex64
4830517421,92415,317701,1,1,1,32,32,1,30,0.000,0.000,,,,,NVIDIA A100-SXM4-40GB MIG 4g.20gb (0),1,,13,"void convert_kernel<__half2, float2>(tensor_layout_any, T1 *, tensor_layout_any, const T2 *)"
4830643787,14496,317704,,,,,,,,,,0.094,6463.525,Pinned,Device,NVIDIA A100-SXM4-40GB MIG 4g.20gb (0),1,,13,[CUDA memcpy Host-to-Device]
4830676427,48223,317705,,,,,,,,,,35.810,742554.501,Device,,NVIDIA A100-SXM4-40GB MIG 4g.20gb (0),1,,13,[CUDA memset]
4830730474,8000,317707,,,,,,,,,,0.000,10.000,Pinned,Device,NVIDIA A100-SXM4-40GB MIG 4g.20gb (0),1,,13,[CUDA memcpy Host-to-Device]
4830743818,20896,317708,,,,,,,,,,0.197,9408.872,Pinned,Device,NVIDIA A100-SXM4-40GB MIG 4g.20gb (0),1,,13,[CUDA memcpy Host-to-Device]
4830778794,10432,317709,273,1,1,48,1,1,40,0.000,0.001,,,,,NVIDIA A100-SXM4-40GB MIG 4g.20gb (0),1,,13,"void pusch_noise_intf_est::noiseIntfEstNoDftSOfdmKernel<float, __half, float, float, (unsigned int)2, (unsigned int)1, (unsigned char)4, (unsigned char)4>(pusch_noise_intf_est::puschRxNoiseIntfEstDynDescr)"
4830795306,2944,317720,35,1,1,128,1,1,16,0.000,0.000,,,,,NVIDIA A100-SXM4-40GB MIG 4g.20gb (0),1,,13,cupy_copy__complex64_complex64
4830805897,1760,317729,1,1,1,1,1,1,18,0.000,0.000,,,,,NVIDIA A100-SXM4-40GB MIG 4g.20gb (0),1,,13,cupy_copy__float32_float32
4830810473,3424,317735,,,,,,,,,,0.000,1.168,Device,Pageable,NVIDIA A100-SXM4-40GB MIG 4g.20gb (0),1,,7,[CUDA memcpy Device-to-Host]
4830899592,12832,317746,1434,1,1,128,1,1,16,0.000,0.000,,,,,NVIDIA A100-SXM4-40GB MIG 4g.20gb (0),1,,13,cupy_copy__complex64_complex64
4830923688,3104,317753,103,1,1,128,1,1,16,0.000,0.000,,,,,NVIDIA A100-SXM4-40GB MIG 4g.20gb (0),1,,13,cupy_copy__complex64_complex64
4830950344,2944,317760,35,1,1,128,1,1,16,0.000,0.000,,,,,NVIDIA A100-SXM4-40GB MIG 4g.20gb (0),1,,13,cupy_copy__complex64_complex64
4830966375,2016,317767,1,1,1,1,1,1,18,0.000,0.000,,,,,NVIDIA A100-SXM4-40GB MIG 4g.20gb (0),1,,13,cupy_copy__float32_float32
4831094950,82367,317778,1,1,1,32,32,1,30,0.000,0.000,,,,,NVIDIA A100-SXM4-40GB MIG 4g.20gb (0),1,,13,"void convert_kernel<__half2, float2>(tensor_layout_any, T1 *, tensor_layout_any, const T2 *)"
4831205509,5727,317781,,,,,,,,,,0.094,16360.352,Pinned,Device,NVIDIA A100-SXM4-40GB MIG 4g.20gb (0),1,,13,[CUDA memcpy Host-to-Device]
4831219556,3456,317782,,,,,,,,,,1.547,447517.201,Device,,NVIDIA A100-SXM4-40GB MIG 4g.20gb (0),1,,13,[CUDA memset]
4831226212,3616,317787,,,,,,,,,,0.031,8654.846,Pinned,Device,NVIDIA A100-SXM4-40GB MIG 4g.20gb (0),1,,13,[CUDA memcpy Host-to-Device]
4831232516,9824,317788,,,,,,,,,,0.197,20012.925,Pinned,Device,NVIDIA A100-SXM4-40GB MIG 4g.20gb (0),1,,13,[CUDA memcpy Host-to-Device]
4831246628,6592,317789,273,1,1,8,4,1,39,0.002,0.000,,,,,NVIDIA A100-SXM4-40GB MIG 4g.20gb (0),1,,13,"void channel_eq::eqMmseCoefCompLowMimoKernel<float, float, float, (unsigned int)4, (unsigned int)1, (unsigned int)4>(const channel_eq::_puschRxChEqStatDescr *, channel_eq::_puschRxChEqCoefCompDynDescr)"
4831254340,6304,317790,273,1,1,12,11,1,51,0.002,0.000,,,,,NVIDIA A100-SXM4-40GB MIG 4g.20gb (0),1,,13,"void channel_eq::eqMmseSoftDemapKernel<float, __half, __half, float, (unsigned int)4, (unsigned short)16383>(channel_eq::_puschRxChEqStatDescr *, channel_eq::_puschRxChEqSoftDemapDynDescr)"
4831261732,283036,317791,1,1,1,32,32,1,30,0.000,0.000,,,,,NVIDIA A100-SXM4-40GB MIG 4g.20gb (0),1,,13,"void convert_kernel<float2, __half2>(tensor_layout_any, T1 *, tensor_layout_any, const T2 *)"
4831547872,10848,317803,2253,1,1,128,1,1,16,0.000,0.000,,,,,NVIDIA A100-SXM4-40GB MIG 4g.20gb (0),1,,13,cupy_copy__float16_float16
4831563712,3264,317812,282,1,1,128,1,1,16,0.000,0.000,,,,,NVIDIA A100-SXM4-40GB MIG 4g.20gb (0),1,,13,cupy_copy__complex64_complex64
4831570432,2336,317821,26,1,1,128,1,1,16,0.000,0.000,,,,,NVIDIA A100-SXM4-40GB MIG 4g.20gb (0),1,,13,cupy_copy__float32_float32
4831574784,2912,317830,103,1,1,128,1,1,16,0.000,0.000,,,,,NVIDIA A100-SXM4-40GB MIG 4g.20gb (0),1,,13,cupy_copy__complex64_complex64
4831579392,12128,317840,1434,1,1,128,1,1,16,0.000,0.000,,,,,NVIDIA A100-SXM4-40GB MIG 4g.20gb (0),1,,13,cupy_copy__complex64_complex64
4831597920,82015,317845,1,1,1,32,32,1,30,0.000,0.000,,,,,NVIDIA A100-SXM4-40GB MIG 4g.20gb (0),1,,13,"void convert_kernel<__half2, float2>(tensor_layout_any, T1 *, tensor_layout_any, const T2 *)"
4831707038,5728,317848,,,,,,,,,,0.094,16357.541,Pinned,Device,NVIDIA A100-SXM4-40GB MIG 4g.20gb (0),1,,13,[CUDA memcpy Host-to-Device]
4831716766,597305,317849,,,,,,,,,,456.561,764283.851,Device,,NVIDIA A100-SXM4-40GB MIG 4g.20gb (0),1,,13,[CUDA memset]
4832316631,140606,317854,,,,,,,,,,1.235,8782.922,Pinned,Device,NVIDIA A100-SXM4-40GB MIG 4g.20gb (0),1,,13,[CUDA memcpy Host-to-Device]
4832468181,35712,317855,,,,,,,,,,0.197,5505.221,Pinned,Device,NVIDIA A100-SXM4-40GB MIG 4g.20gb (0),1,,13,[CUDA memcpy Host-to-Device]
4832517492,7616,317856,69,4,1,48,1,1,76,0.002,0.000,,,,,NVIDIA A100-SXM4-40GB MIG 4g.20gb (0),1,,13,"void ch_est::windowedChEstPreNoDftSOfdmKernel<float, __half, float, (unsigned int)2, (unsigned int)1, (unsigned short)4>(ch_est::puschRxChEstStatDescr_t *, ch_est::puschRxChEstDynDescr_t *)"
4832538228,7392,317857,137,2,1,24,2,1,44,0.001,0.001,,,,,NVIDIA A100-SXM4-40GB MIG 4g.20gb (0),1,,13,"void ch_est::chEstFilterNoDftSOfdmDispatchKernel<float, __half, float, (unsigned int)2>(ch_est::puschRxChEstStatDescr_t *, ch_est::puschRxChEstDynDescr_t *)"
4832560020,4800,317858,137,2,1,24,2,1,44,0.001,0.001,,,,,NVIDIA A100-SXM4-40GB MIG 4g.20gb (0),1,,13,"void ch_est::chEstFilterNoDftSOfdmDispatchKernel<float, __half, float, (unsigned int)2>(ch_est::puschRxChEstStatDescr_t *, ch_est::puschRxChEstDynDescr_t *)"
4832572724,2592,317869,103,1,1,128,1,1,16,0.000,0.000,,,,,NVIDIA A100-SXM4-40GB MIG 4g.20gb (0),1,,13,cupy_copy__complex64_complex64
4832584628,12831,317879,1434,1,1,128,1,1,16,0.000,0.000,,,,,NVIDIA A100-SXM4-40GB MIG 4g.20gb (0),1,,13,cupy_copy__complex64_complex64
4832608211,2592,317886,103,1,1,128,1,1,16,0.000,0.000,,,,,NVIDIA A100-SXM4-40GB MIG 4g.20gb (0),1,,13,cupy_copy__complex64_complex64
4832618099,83135,317893,1,1,1,32,32,1,30,0.000,0.000,,,,,NVIDIA A100-SXM4-40GB MIG 4g.20gb (0),1,,13,"void convert_kernel<__half2, float2>(tensor_layout_any, T1 *, tensor_layout_any, const T2 *)"
4832733874,15359,317896,,,,,,,,,,0.094,6100.359,Pinned,Device,NVIDIA A100-SXM4-40GB MIG 4g.20gb (0),1,,13,[CUDA memcpy Host-to-Device]
4832771889,47904,317897,,,,,,,,,,35.810,747532.080,Device,,NVIDIA A100-SXM4-40GB MIG 4g.20gb (0),1,,13,[CUDA memset]
4832825649,9311,317899,,,,,,,,,,0.000,8.592,Pinned,Device,NVIDIA A100-SXM4-40GB MIG 4g.20gb (0),1,,13,[CUDA memcpy Host-to-Device]
4832845456,26528,317900,,,,,,,,,,0.197,7411.335,Pinned,Device,NVIDIA A100-SXM4-40GB MIG 4g.20gb (0),1,,13,[CUDA memcpy Host-to-Device]
4832895344,9152,317901,273,1,1,48,1,1,40,0.000,0.001,,,,,NVIDIA A100-SXM4-40GB MIG 4g.20gb (0),1,,13,"void pusch_noise_intf_est::noiseIntfEstNoDftSOfdmKernel<float, __half, float, float, (unsigned int)2, (unsigned int)1, (unsigned char)4, (unsigned char)4>(pusch_noise_intf_est::puschRxNoiseIntfEstDynDescr)"
4832909040,2591,317912,35,1,1,128,1,1,16,0.000,0.000,,,,,NVIDIA A100-SXM4-40GB MIG 4g.20gb (0),1,,13,cupy_copy__complex64_complex64
4832923919,1696,317921,1,1,1,1,1,1,18,0.000,0.000,,,,,NVIDIA A100-SXM4-40GB MIG 4g.20gb (0),1,,13,cupy_copy__float32_float32
4832928079,4960,317927,,,,,,,,,,0.000,0.806,Device,Pageable,NVIDIA A100-SXM4-40GB MIG 4g.20gb (0),1,,7,[CUDA memcpy Device-to-Host]
4833008622,12736,317938,1434,1,1,128,1,1,16,0.000,0.000,,,,,NVIDIA A100-SXM4-40GB MIG 4g.20gb (0),1,,13,cupy_copy__complex64_complex64
4833033902,3488,317945,103,1,1,128,1,1,16,0.000,0.000,,,,,NVIDIA A100-SXM4-40GB MIG 4g.20gb (0),1,,13,cupy_copy__complex64_complex64
4833060654,2592,317952,35,1,1,128,1,1,16,0.000,0.000,,,,,NVIDIA A100-SXM4-40GB MIG 4g.20gb (0),1,,13,cupy_copy__complex64_complex64
4833084045,1920,317959,1,1,1,1,1,1,18,0.000,0.000,,,,,NVIDIA A100-SXM4-40GB MIG 4g.20gb (0),1,,13,cupy_copy__float32_float32
4833208108,86527,317970,1,1,1,32,32,1,30,0.000,0.000,,,,,NVIDIA A100-SXM4-40GB MIG 4g.20gb (0),1,,13,"void convert_kernel<__half2, float2>(tensor_layout_any, T1 *, tensor_layout_any, const T2 *)"
4833328106,13728,317973,,,,,,,,,,0.094,6825.098,Pinned,Device,NVIDIA A100-SXM4-40GB MIG 4g.20gb (0),1,,13,[CUDA memcpy Host-to-Device]
4833353610,3328,317974,,,,,,,,,,1.547,464729.580,Device,,NVIDIA A100-SXM4-40GB MIG 4g.20gb (0),1,,13,[CUDA memset]
4833361226,7456,317979,,,,,,,,,,0.031,4197.420,Pinned,Device,NVIDIA A100-SXM4-40GB MIG 4g.20gb (0),1,,13,[CUDA memcpy Host-to-Device]
4833372106,18528,317980,,,,,,,,,,0.197,10611.327,Pinned,Device,NVIDIA A100-SXM4-40GB MIG 4g.20gb (0),1,,13,[CUDA memcpy Host-to-Device]
4833399529,5728,317981,273,1,1,8,4,1,39,0.002,0.000,,,,,NVIDIA A100-SXM4-40GB MIG 4g.20gb (0),1,,13,"void channel_eq::eqMmseCoefCompLowMimoKernel<float, float, float, (unsigned int)4, (unsigned int)1, (unsigned int)4>(const channel_eq::_puschRxChEqStatDescr *, channel_eq::_puschRxChEqCoefCompDynDescr)"
4833407401,6976,317982,273,1,1,12,11,1,51,0.002,0.000,,,,,NVIDIA A100-SXM4-40GB MIG 4g.20gb (0),1,,13,"void channel_eq::eqMmseSoftDemapKernel<float, __half, __half, float, (unsigned int)4, (unsigned short)16383>(channel_eq::_puschRxChEqStatDescr *, channel_eq::_puschRxChEqSoftDemapDynDescr)"
4833423401,294269,317983,1,1,1,32,32,1,30,0.000,0.000,,,,,NVIDIA A100-SXM4-40GB MIG 4g.20gb (0),1,,13,"void convert_kernel<float2, __half2>(tensor_layout_any, T1 *, tensor_layout_any, const T2 *)"
4833719238,10975,317995,2253,1,1,128,1,1,16,0.000,0.000,,,,,NVIDIA A100-SXM4-40GB MIG 4g.20gb (0),1,,13,cupy_copy__float16_float16
4833732453,3552,318004,282,1,1,128,1,1,16,0.000,0.000,,,,,NVIDIA A100-SXM4-40GB MIG 4g.20gb (0),1,,13,cupy_copy__complex64_complex64
4833739045,2144,318013,26,1,1,128,1,1,16,0.000,0.000,,,,,NVIDIA A100-SXM4-40GB MIG 4g.20gb (0),1,,13,cupy_copy__float32_float32
4833742341,3040,318022,103,1,1,128,1,1,16,0.000,0.000,,,,,NVIDIA A100-SXM4-40GB MIG 4g.20gb (0),1,,13,cupy_copy__complex64_complex64
4833746437,12320,318032,1434,1,1,128,1,1,16,0.000,0.000,,,,,NVIDIA A100-SXM4-40GB MIG 4g.20gb (0),1,,13,cupy_copy__complex64_complex64
4833763077,85791,318037,1,1,1,32,32,1,30,0.000,0.000,,,,,NVIDIA A100-SXM4-40GB MIG 4g.20gb (0),1,,13,"void convert_kernel<__half2, float2>(tensor_layout_any, T1 *, tensor_layout_any, const T2 *)"
4833875716,5920,318040,,,,,,,,,,0.094,15826.941,Pinned,Device,NVIDIA A100-SXM4-40GB MIG 4g.20gb (0),1,,13,[CUDA memcpy Host-to-Device]
4833885571,597977,318041,,,,,,,,,,456.561,763370.728,Device,,NVIDIA A100-SXM4-40GB MIG 4g.20gb (0),1,,13,[CUDA memset]
4834491484,106687,318046,,,,,,,,,,1.235,11575.130,Pinned,Device,NVIDIA A100-SXM4-40GB MIG 4g.20gb (0),1,,13,[CUDA memcpy Host-to-Device]
4834607419,30751,318047,,,,,,,,,,0.197,6393.496,Pinned,Device,NVIDIA A100-SXM4-40GB MIG 4g.20gb (0),1,,13,[CUDA memcpy Host-to-Device]
4834654298,7936,318048,69,4,1,48,1,1,76,0.002,0.000,,,,,NVIDIA A100-SXM4-40GB MIG 4g.20gb (0),1,,13,"void ch_est::windowedChEstPreNoDftSOfdmKernel<float, __half, float, (unsigned int)2, (unsigned int)1, (unsigned short)4>(ch_est::puschRxChEstStatDescr_t *, ch_est::puschRxChEstDynDescr_t *)"
4834670042,6784,318049,137,2,1,24,2,1,44,0.001,0.001,,,,,NVIDIA A100-SXM4-40GB MIG 4g.20gb (0),1,,13,"void ch_est::chEstFilterNoDftSOfdmDispatchKernel<float, __half, float, (unsigned int)2>(ch_est::puschRxChEstStatDescr_t *, ch_est::puschRxChEstDynDescr_t *)"
4834683738,6240,318050,137,2,1,24,2,1,44,0.001,0.001,,,,,NVIDIA A100-SXM4-40GB MIG 4g.20gb (0),1,,13,"void ch_est::chEstFilterNoDftSOfdmDispatchKernel<float, __half, float, (unsigned int)2>(ch_est::puschRxChEstStatDescr_t *, ch_est::puschRxChEstDynDescr_t *)"
4834699705,2816,318061,103,1,1,128,1,1,16,0.000,0.000,,,,,NVIDIA A100-SXM4-40GB MIG 4g.20gb (0),1,,13,cupy_copy__complex64_complex64
4834712313,12256,318071,1434,1,1,128,1,1,16,0.000,0.000,,,,,NVIDIA A100-SXM4-40GB MIG 4g.20gb (0),1,,13,cupy_copy__complex64_complex64
4834730297,2880,318078,103,1,1,128,1,1,16,0.000,0.000,,,,,NVIDIA A100-SXM4-40GB MIG 4g.20gb (0),1,,13,cupy_copy__complex64_complex64
4834754073,83487,318085,1,1,1,32,32,1,30,0.000,0.000,,,,,NVIDIA A100-SXM4-40GB MIG 4g.20gb (0),1,,13,"void convert_kernel<__half2, float2>(tensor_layout_any, T1 *, tensor_layout_any, const T2 *)"
4834884311,22208,318088,,,,,,,,,,0.094,4218.943,Pinned,Device,NVIDIA A100-SXM4-40GB MIG 4g.20gb (0),1,,13,[CUDA memcpy Host-to-Device]
4834921431,47551,318089,,,,,,,,,,35.810,753082.618,Device,,NVIDIA A100-SXM4-40GB MIG 4g.20gb (0),1,,13,[CUDA memset]
4834981078,8864,318091,,,,,,,,,,0.000,9.025,Pinned,Device,NVIDIA A100-SXM4-40GB MIG 4g.20gb (0),1,,13,[CUDA memcpy Host-to-Device]
4834999510,32543,318092,,,,,,,,,,0.197,6041.371,Pinned,Device,NVIDIA A100-SXM4-40GB MIG 4g.20gb (0),1,,13,[CUDA memcpy Host-to-Device]
4835050357,9600,318093,273,1,1,48,1,1,40,0.000,0.001,,,,,NVIDIA A100-SXM4-40GB MIG 4g.20gb (0),1,,13,"void pusch_noise_intf_est::noiseIntfEstNoDftSOfdmKernel<float, __half, float, float, (unsigned int)2, (unsigned int)1, (unsigned char)4, (unsigned char)4>(pusch_noise_intf_est::puschRxNoiseIntfEstDynDescr)"
4835065173,2752,318104,35,1,1,128,1,1,16,0.000,0.000,,,,,NVIDIA A100-SXM4-40GB MIG 4g.20gb (0),1,,13,cupy_copy__complex64_complex64
4835079925,1664,318113,1,1,1,1,1,1,18,0.000,0.000,,,,,NVIDIA A100-SXM4-40GB MIG 4g.20gb (0),1,,13,cupy_copy__float32_float32
4835082869,6880,318119,,,,,,,,,,0.000,0.581,Device,Pageable,NVIDIA A100-SXM4-40GB MIG 4g.20gb (0),1,,7,[CUDA memcpy Device-to-Host]
4835165076,12832,318130,1434,1,1,128,1,1,16,0.000,0.000,,,,,NVIDIA A100-SXM4-40GB MIG 4g.20gb (0),1,,13,cupy_copy__complex64_complex64
4835192979,3424,318137,103,1,1,128,1,1,16,0.000,0.000,,,,,NVIDIA A100-SXM4-40GB MIG 4g.20gb (0),1,,13,cupy_copy__complex64_complex64
4835224147,2528,318144,35,1,1,128,1,1,16,0.000,0.000,,,,,NVIDIA A100-SXM4-40GB MIG 4g.20gb (0),1,,13,cupy_copy__complex64_complex64
4835239219,1792,318151,1,1,1,1,1,1,18,0.000,0.000,,,,,NVIDIA A100-SXM4-40GB MIG 4g.20gb (0),1,,13,cupy_copy__float32_float32
4835366609,88543,318162,1,1,1,32,32,1,30,0.000,0.000,,,,,NVIDIA A100-SXM4-40GB MIG 4g.20gb (0),1,,13,"void convert_kernel<__half2, float2>(tensor_layout_any, T1 *, tensor_layout_any, const T2 *)"
4835483536,5888,318165,,,,,,,,,,0.094,15912.954,Pinned,Device,NVIDIA A100-SXM4-40GB MIG 4g.20gb (0),1,,13,[CUDA memcpy Host-to-Device]
4835497616,3008,318166,,,,,,,,,,1.547,514168.962,Device,,NVIDIA A100-SXM4-40GB MIG 4g.20gb (0),1,,13,[CUDA memset]
4835504304,3263,318171,,,,,,,,,,0.031,9591.160,Pinned,Device,NVIDIA A100-SXM4-40GB MIG 4g.20gb (0),1,,13,[CUDA memcpy Host-to-Device]
4835510447,9792,318172,,,,,,,,,,0.197,20078.395,Pinned,Device,NVIDIA A100-SXM4-40GB MIG 4g.20gb (0),1,,13,[CUDA memcpy Host-to-Device]
4835524943,7424,318173,273,1,1,8,4,1,39,0.002,0.000,,,,,NVIDIA A100-SXM4-40GB MIG 4g.20gb (0),1,,13,"void channel_eq::eqMmseCoefCompLowMimoKernel<float, float, float, (unsigned int)4, (unsigned int)1, (unsigned int)4>(const channel_eq::_puschRxChEqStatDescr *, channel_eq::_puschRxChEqCoefCompDynDescr)"
4835535183,6208,318174,273,1,1,12,11,1,51,0.002,0.000,,,,,NVIDIA A100-SXM4-40GB MIG 4g.20gb (0),1,,13,"void channel_eq::eqMmseSoftDemapKernel<float, __half, __half, float, (unsigned int)4, (unsigned short)16383>(channel_eq::_puschRxChEqStatDescr *, channel_eq::_puschRxChEqSoftDemapDynDescr)"
4835542351,279965,318175,1,1,1,32,32,1,30,0.000,0.000,,,,,NVIDIA A100-SXM4-40GB MIG 4g.20gb (0),1,,13,"void convert_kernel<float2, __half2>(tensor_layout_any, T1 *, tensor_layout_any, const T2 *)"
4835824812,10975,318187,2253,1,1,128,1,1,16,0.000,0.000,,,,,NVIDIA A100-SXM4-40GB MIG 4g.20gb (0),1,,13,cupy_copy__float16_float16
4835839563,3776,318196,282,1,1,128,1,1,16,0.000,0.000,,,,,NVIDIA A100-SXM4-40GB MIG 4g.20gb (0),1,,13,cupy_copy__complex64_complex64
4835846763,2144,318205,26,1,1,128,1,1,16,0.000,0.000,,,,,NVIDIA A100-SXM4-40GB MIG 4g.20gb (0),1,,13,cupy_copy__float32_float32
4835850827,3296,318214,103,1,1,128,1,1,16,0.000,0.000,,,,,NVIDIA A100-SXM4-40GB MIG 4g.20gb (0),1,,13,cupy_copy__complex64_complex64
4835855051,11936,318224,1434,1,1,128,1,1,16,0.000,0.000,,,,,NVIDIA A100-SXM4-40GB MIG 4g.20gb (0),1,,13,cupy_copy__complex64_complex64
4835869739,87743,318229,1,1,1,32,32,1,30,0.000,0.000,,,,,NVIDIA A100-SXM4-40GB MIG 4g.20gb (0),1,,13,"void convert_kernel<__half2, float2>(tensor_layout_any, T1 *, tensor_layout_any, const T2 *)"
4835988042,5920,318232,,,,,,,,,,0.094,15826.941,Pinned,Device,NVIDIA A100-SXM4-40GB MIG 4g.20gb (0),1,,13,[CUDA memcpy Host-to-Device]
4835998473,598105,318233,,,,,,,,,,456.561,762914.166,Device,,NVIDIA A100-SXM4-40GB MIG 4g.20gb (0),1,,13,[CUDA memset]
4836604386,128158,318238,,,,,,,,,,1.235,9635.033,Pinned,Device,NVIDIA A100-SXM4-40GB MIG 4g.20gb (0),1,,13,[CUDA memcpy Host-to-Device]
4836741120,18688,318239,,,,,,,,,,0.197,10520.494,Pinned,Device,NVIDIA A100-SXM4-40GB MIG 4g.20gb (0),1,,13,[CUDA memcpy Host-to-Device]
4836775552,8288,318240,69,4,1,48,1,1,76,0.002,0.000,,,,,NVIDIA A100-SXM4-40GB MIG 4g.20gb (0),1,,13,"void ch_est::windowedChEstPreNoDftSOfdmKernel<float, __half, float, (unsigned int)2, (unsigned int)1, (unsigned short)4>(ch_est::puschRxChEstStatDescr_t *, ch_est::puschRxChEstDynDescr_t *)"
4836785600,6912,318241,137,2,1,24,2,1,44,0.001,0.001,,,,,NVIDIA A100-SXM4-40GB MIG 4g.20gb (0),1,,13,"void ch_est::chEstFilterNoDftSOfdmDispatchKernel<float, __half, float, (unsigned int)2>(ch_est::puschRxChEstStatDescr_t *, ch_est::puschRxChEstDynDescr_t *)"
4836795872,5120,318242,137,2,1,24,2,1,44,0.001,0.001,,,,,NVIDIA A100-SXM4-40GB MIG 4g.20gb (0),1,,13,"void ch_est::chEstFilterNoDftSOfdmDispatchKernel<float, __half, float, (unsigned int)2>(ch_est::puschRxChEstStatDescr_t *, ch_est::puschRxChEstDynDescr_t *)"
4836804672,3231,318253,103,1,1,128,1,1,16,0.000,0.000,,,,,NVIDIA A100-SXM4-40GB MIG 4g.20gb (0),1,,13,cupy_copy__complex64_complex64
4836812511,12704,318263,1434,1,1,128,1,1,16,0.000,0.000,,,,,NVIDIA A100-SXM4-40GB MIG 4g.20gb (0),1,,13,cupy_copy__complex64_complex64
4836827359,3168,318270,103,1,1,128,1,1,16,0.000,0.000,,,,,NVIDIA A100-SXM4-40GB MIG 4g.20gb (0),1,,13,cupy_copy__complex64_complex64
4836835103,88351,318277,1,1,1,32,32,1,30,0.000,0.000,,,,,NVIDIA A100-SXM4-40GB MIG 4g.20gb (0),1,,13,"void convert_kernel<__half2, float2>(tensor_layout_any, T1 *, tensor_layout_any, const T2 *)"
4836954366,13376,318280,,,,,,,,,,0.094,7004.713,Pinned,Device,NVIDIA A100-SXM4-40GB MIG 4g.20gb (0),1,,13,[CUDA memcpy Host-to-Device]
4836978973,46976,318281,,,,,,,,,,35.810,762285.767,Device,,NVIDIA A100-SXM4-40GB MIG 4g.20gb (0),1,,13,[CUDA memset]
4837032221,4544,318283,,,,,,,,,,0.000,17.606,Pinned,Device,NVIDIA A100-SXM4-40GB MIG 4g.20gb (0),1,,13,[CUDA memcpy Host-to-Device]
4837044829,18655,318284,,,,,,,,,,0.197,10538.975,Pinned,Device,NVIDIA A100-SXM4-40GB MIG 4g.20gb (0),1,,13,[CUDA memcpy Host-to-Device]
4837085084,9216,318285,273,1,1,48,1,1,40,0.000,0.001,,,,,NVIDIA A100-SXM4-40GB MIG 4g.20gb (0),1,,13,"void pusch_noise_intf_est::noiseIntfEstNoDftSOfdmKernel<float, __half, float, float, (unsigned int)2, (unsigned int)1, (unsigned char)4, (unsigned char)4>(pusch_noise_intf_est::puschRxNoiseIntfEstDynDescr)"
4837105916,2816,318296,35,1,1,128,1,1,16,0.000,0.000,,,,,NVIDIA A100-SXM4-40GB MIG 4g.20gb (0),1,,13,cupy_copy__complex64_complex64
4837117052,1920,318305,1,1,1,1,1,1,18,0.000,0.000,,,,,NVIDIA A100-SXM4-40GB MIG 4g.20gb (0),1,,13,cupy_copy__float32_float32
4837122652,3008,318311,,,,,,,,,,0.000,1.330,Device,Pageable,NVIDIA A100-SXM4-40GB MIG 4g.20gb (0),1,,7,[CUDA memcpy Device-to-Host]
4837202651,13279,318322,1434,1,1,128,1,1,16,0.000,0.000,,,,,NVIDIA A100-SXM4-40GB MIG 4g.20gb (0),1,,13,cupy_copy__complex64_complex64
4837231802,3360,318329,103,1,1,128,1,1,16,0.000,0.000,,,,,NVIDIA A100-SXM4-40GB MIG 4g.20gb (0),1,,13,cupy_copy__complex64_complex64
4837252762,2656,318336,35,1,1,128,1,1,16,0.000,0.000,,,,,NVIDIA A100-SXM4-40GB MIG 4g.20gb (0),1,,13,cupy_copy__complex64_complex64
4837266170,2016,318343,1,1,1,1,1,1,18,0.000,0.000,,,,,NVIDIA A100-SXM4-40GB MIG 4g.20gb (0),1,,13,cupy_copy__float32_float32
4837395160,87295,318354,1,1,1,32,32,1,30,0.000,0.000,,,,,NVIDIA A100-SXM4-40GB MIG 4g.20gb (0),1,,13,"void convert_kernel<__half2, float2>(tensor_layout_any, T1 *, tensor_layout_any, const T2 *)"
4837510455,5888,318357,,,,,,,,,,0.094,15912.954,Pinned,Device,NVIDIA A100-SXM4-40GB MIG 4g.20gb (0),1,,13,[CUDA memcpy Host-to-Device]
4837524215,3200,318358,,,,,,,,,,1.547,483320.000,Device,,NVIDIA A100-SXM4-40GB MIG 4g.20gb (0),1,,13,[CUDA memset]
4837531095,3008,318363,,,,,,,,,,0.031,10404.230,Pinned,Device,NVIDIA A100-SXM4-40GB MIG 4g.20gb (0),1,,13,[CUDA memcpy Host-to-Device]
4837536790,9664,318364,,,,,,,,,,0.197,20344.209,Pinned,Device,NVIDIA A100-SXM4-40GB MIG 4g.20gb (0),1,,13,[CUDA memcpy Host-to-Device]
4837552502,5952,318365,273,1,1,8,4,1,39,0.002,0.000,,,,,NVIDIA A100-SXM4-40GB MIG 4g.20gb (0),1,,13,"void channel_eq::eqMmseCoefCompLowMimoKernel<float, float, float, (unsigned int)4, (unsigned int)1, (unsigned int)4>(const channel_eq::_puschRxChEqStatDescr *, channel_eq::_puschRxChEqCoefCompDynDescr)"
4837559670,6496,318366,273,1,1,12,11,1,51,0.002,0.000,,,,,NVIDIA A100-SXM4-40GB MIG 4g.20gb (0),1,,13,"void channel_eq::eqMmseSoftDemapKernel<float, __half, __half, float, (unsigned int)4, (unsigned short)16383>(channel_eq::_puschRxChEqStatDescr *, channel_eq::_puschRxChEqSoftDemapDynDescr)"
4837568054,282749,318367,1,1,1,32,32,1,30,0.000,0.000,,,,,NVIDIA A100-SXM4-40GB MIG 4g.20gb (0),1,,13,"void convert_kernel<float2, __half2>(tensor_layout_any, T1 *, tensor_layout_any, const T2 *)"
4837851955,10879,318379,2253,1,1,128,1,1,16,0.000,0.000,,,,,NVIDIA A100-SXM4-40GB MIG 4g.20gb (0),1,,13,cupy_copy__float16_float16
4837867154,3584,318388,282,1,1,128,1,1,16,0.000,0.000,,,,,NVIDIA A100-SXM4-40GB MIG 4g.20gb (0),1,,13,cupy_copy__complex64_complex64
4837873874,2016,318397,26,1,1,128,1,1,16,0.000,0.000,,,,,NVIDIA A100-SXM4-40GB MIG 4g.20gb (0),1,,13,cupy_copy__float32_float32
4837879090,4704,318406,103,1,1,128,1,1,16,0.000,0.000,,,,,NVIDIA A100-SXM4-40GB MIG 4g.20gb (0),1,,13,cupy_copy__complex64_complex64
4837887858,12032,318416,1434,1,1,128,1,1,16,0.000,0.000,,,,,NVIDIA A100-SXM4-40GB MIG 4g.20gb (0),1,,13,cupy_copy__complex64_complex64
4837903506,86207,318421,1,1,1,32,32,1,30,0.000,0.000,,,,,NVIDIA A100-SXM4-40GB MIG 4g.20gb (0),1,,13,"void convert_kernel<__half2, float2>(tensor_layout_any, T1 *, tensor_layout_any, const T2 *)"
4838016913,5536,318424,,,,,,,,,,0.094,16924.777,Pinned,Device,NVIDIA A100-SXM4-40GB MIG 4g.20gb (0),1,,13,[CUDA memcpy Host-to-Device]
4838026864,597593,318425,,,,,,,,,,456.561,763827.289,Device,,NVIDIA A100-SXM4-40GB MIG 4g.20gb (0),1,,13,[CUDA memset]
4838625353,128127,318430,,,,,,,,,,1.235,9637.503,Pinned,Device,NVIDIA A100-SXM4-40GB MIG 4g.20gb (0),1,,13,[CUDA memcpy Host-to-Device]
4838763879,33504,318431,,,,,,,,,,0.197,5868.159,Pinned,Device,NVIDIA A100-SXM4-40GB MIG 4g.20gb (0),1,,13,[CUDA memcpy Host-to-Device]
4838811879,8224,318432,69,4,1,48,1,1,76,0.002,0.000,,,,,NVIDIA A100-SXM4-40GB MIG 4g.20gb (0),1,,13,"void ch_est::windowedChEstPreNoDftSOfdmKernel<float, __half, float, (unsigned int)2, (unsigned int)1, (unsigned short)4>(ch_est::puschRxChEstStatDescr_t *, ch_est::puschRxChEstDynDescr_t *)"
4838826599,6752,318433,137,2,1,24,2,1,44,0.001,0.001,,,,,NVIDIA A100-SXM4-40GB MIG 4g.20gb (0),1,,13,"void ch_est::chEstFilterNoDftSOfdmDispatchKernel<float, __half, float, (unsigned int)2>(ch_est::puschRxChEstStatDescr_t *, ch_est::puschRxChEstDynDescr_t *)"
4838838950,4928,318434,137,2,1,24,2,1,44,0.001,0.001,,,,,NVIDIA A100-SXM4-40GB MIG 4g.20gb (0),1,,13,"void ch_est::chEstFilterNoDftSOfdmDispatchKernel<float, __half, float, (unsigned int)2>(ch_est::puschRxChEstStatDescr_t *, ch_est::puschRxChEstDynDescr_t *)"
4838849510,2496,318445,103,1,1,128,1,1,16,0.000,0.000,,,,,NVIDIA A100-SXM4-40GB MIG 4g.20gb (0),1,,13,cupy_copy__complex64_complex64
4838862854,12320,318455,1434,1,1,128,1,1,16,0.000,0.000,,,,,NVIDIA A100-SXM4-40GB MIG 4g.20gb (0),1,,13,cupy_copy__complex64_complex64
4838877766,2656,318462,103,1,1,128,1,1,16,0.000,0.000,,,,,NVIDIA A100-SXM4-40GB MIG 4g.20gb (0),1,,13,cupy_copy__complex64_complex64
4838892262,91071,318469,1,1,1,32,32,1,30,0.000,0.000,,,,,NVIDIA A100-SXM4-40GB MIG 4g.20gb (0),1,,13,"void convert_kernel<__half2, float2>(tensor_layout_any, T1 *, tensor_layout_any, const T2 *)"
4839011972,6080,318472,,,,,,,,,,0.094,15410.462,Pinned,Device,NVIDIA A100-SXM4-40GB MIG 4g.20gb (0),1,,13,[CUDA memcpy Host-to-Device]
4839024580,46752,318473,,,,,,,,,,35.810,765938.379,Device,,NVIDIA A100-SXM4-40GB MIG 4g.20gb (0),1,,13,[CUDA memset]
4839077444,3455,318475,,,,,,,,,,0.000,23.155,Pinned,Device,NVIDIA A100-SXM4-40GB MIG 4g.20gb (0),1,,13,[CUDA memcpy Host-to-Device]
4839085763,11680,318476,,,,,,,,,,0.197,16832.791,Pinned,Device,NVIDIA A100-SXM4-40GB MIG 4g.20gb (0),1,,13,[CUDA memcpy Host-to-Device]
4839106755,10336,318477,273,1,1,48,1,1,40,0.000,0.001,,,,,NVIDIA A100-SXM4-40GB MIG 4g.20gb (0),1,,13,"void pusch_noise_intf_est::noiseIntfEstNoDftSOfdmKernel<float, __half, float, float, (unsigned int)2, (unsigned int)1, (unsigned char)4, (unsigned char)4>(pusch_noise_intf_est::puschRxNoiseIntfEstDynDescr)"
4839120515,2976,318488,35,1,1,128,1,1,16,0.000,0.000,,,,,NVIDIA A100-SXM4-40GB MIG 4g.20gb (0),1,,13,cupy_copy__complex64_complex64
4839136547,1888,318497,1,1,1,1,1,1,18,0.000,0.000,,,,,NVIDIA A100-SXM4-40GB MIG 4g.20gb (0),1,,13,cupy_copy__float32_float32
4839167810,1696,318503,,,,,,,,,,0.000,2.358,Device,Pageable,NVIDIA A100-SXM4-40GB MIG 4g.20gb (0),1,,7,[CUDA memcpy Device-to-Host]
4839229858,12639,318514,1434,1,1,128,1,1,16,0.000,0.000,,,,,NVIDIA A100-SXM4-40GB MIG 4g.20gb (0),1,,13,cupy_copy__complex64_complex64
4839257953,2944,318521,103,1,1,128,1,1,16,0.000,0.000,,,,,NVIDIA A100-SXM4-40GB MIG 4g.20gb (0),1,,13,cupy_copy__complex64_complex64
4839278433,2784,318528,35,1,1,128,1,1,16,0.000,0.000,,,,,NVIDIA A100-SXM4-40GB MIG 4g.20gb (0),1,,13,cupy_copy__complex64_complex64
4839295073,1760,318535,1,1,1,1,1,1,18,0.000,0.000,,,,,NVIDIA A100-SXM4-40GB MIG 4g.20gb (0),1,,13,cupy_copy__float32_float32
4839425791,87487,318546,1,1,1,32,32,1,30,0.000,0.000,,,,,NVIDIA A100-SXM4-40GB MIG 4g.20gb (0),1,,13,"void convert_kernel<__half2, float2>(tensor_layout_any, T1 *, tensor_layout_any, const T2 *)"
4839540222,5760,318549,,,,,,,,,,0.094,16266.656,Pinned,Device,NVIDIA A100-SXM4-40GB MIG 4g.20gb (0),1,,13,[CUDA memcpy Host-to-Device]
4839555838,3616,318550,,,,,,,,,,1.547,427715.774,Device,,NVIDIA A100-SXM4-40GB MIG 4g.20gb (0),1,,13,[CUDA memset]
4839561374,3360,318555,,,,,,,,,,0.031,9314.284,Pinned,Device,NVIDIA A100-SXM4-40GB MIG 4g.20gb (0),1,,13,[CUDA memcpy Host-to-Device]
4839567133,9952,318556,,,,,,,,,,0.197,19755.565,Pinned,Device,NVIDIA A100-SXM4-40GB MIG 4g.20gb (0),1,,13,[CUDA memcpy Host-to-Device]
4839582301,6112,318557,273,1,1,8,4,1,39,0.002,0.000,,,,,NVIDIA A100-SXM4-40GB MIG 4g.20gb (0),1,,13,"void channel_eq::eqMmseCoefCompLowMimoKernel<float, float, float, (unsigned int)4, (unsigned int)1, (unsigned int)4>(const channel_eq::_puschRxChEqStatDescr *, channel_eq::_puschRxChEqCoefCompDynDescr)"
4839589469,6208,318558,273,1,1,12,11,1,51,0.002,0.000,,,,,NVIDIA A100-SXM4-40GB MIG 4g.20gb (0),1,,13,"void channel_eq::eqMmseSoftDemapKernel<float, __half, __half, float, (unsigned int)4, (unsigned short)16383>(channel_eq::_puschRxChEqStatDescr *, channel_eq::_puschRxChEqSoftDemapDynDescr)"
4839596605,282621,318559,1,1,1,32,32,1,30,0.000,0.000,,,,,NVIDIA A100-SXM4-40GB MIG 4g.20gb (0),1,,13,"void convert_kernel<float2, __half2>(tensor_layout_any, T1 *, tensor_layout_any, const T2 *)"
4839880954,11007,318571,2253,1,1,128,1,1,16,0.000,0.000,,,,,NVIDIA A100-SXM4-40GB MIG 4g.20gb (0),1,,13,cupy_copy__float16_float16
4839894169,3680,318580,282,1,1,128,1,1,16,0.000,0.000,,,,,NVIDIA A100-SXM4-40GB MIG 4g.20gb (0),1,,13,cupy_copy__complex64_complex64
4839900569,1984,318589,26,1,1,128,1,1,16,0.000,0.000,,,,,NVIDIA A100-SXM4-40GB MIG 4g.20gb (0),1,,13,cupy_copy__float32_float32
4839904409,4544,318598,103,1,1,128,1,1,16,0.000,0.000,,,,,NVIDIA A100-SXM4-40GB MIG 4g.20gb (0),1,,13,cupy_copy__complex64_complex64
4839912921,12224,318608,1434,1,1,128,1,1,16,0.000,0.000,,,,,NVIDIA A100-SXM4-40GB MIG 4g.20gb (0),1,,13,cupy_copy__complex64_complex64
4839930969,82111,318613,1,1,1,32,32,1,30,0.000,0.000,,,,,NVIDIA A100-SXM4-40GB MIG 4g.20gb (0),1,,13,"void convert_kernel<__half2, float2>(tensor_layout_any, T1 *, tensor_layout_any, const T2 *)"
4840040088,5632,318616,,,,,,,,,,0.094,16636.287,Pinned,Device,NVIDIA A100-SXM4-40GB MIG 4g.20gb (0),1,,13,[CUDA memcpy Host-to-Device]
4840050328,598392,318617,,,,,,,,,,456.561,762914.166,Device,,NVIDIA A100-SXM4-40GB MIG 4g.20gb (0),1,,13,[CUDA memset]
4840656432,146622,318622,,,,,,,,,,1.235,8422.318,Pinned,Device,NVIDIA A100-SXM4-40GB MIG 4g.20gb (0),1,,13,[CUDA memcpy Host-to-Device]
4840812206,39520,318623,,,,,,,,,,0.197,4974.772,Pinned,Device,NVIDIA A100-SXM4-40GB MIG 4g.20gb (0),1,,13,[CUDA memcpy Host-to-Device]
4840881901,8416,318624,69,4,1,48,1,1,76,0.002,0.000,,,,,NVIDIA A100-SXM4-40GB MIG 4g.20gb (0),1,,13,"void ch_est::windowedChEstPreNoDftSOfdmKernel<float, __half, float, (unsigned int)2, (unsigned int)1, (unsigned short)4>(ch_est::puschRxChEstStatDescr_t *, ch_est::puschRxChEstDynDescr_t *)"
4840901581,6880,318625,137,2,1,24,2,1,44,0.001,0.001,,,,,NVIDIA A100-SXM4-40GB MIG 4g.20gb (0),1,,13,"void ch_est::chEstFilterNoDftSOfdmDispatchKernel<float, __half, float, (unsigned int)2>(ch_est::puschRxChEstStatDescr_t *, ch_est::puschRxChEstDynDescr_t *)"
4840918573,4768,318626,137,2,1,24,2,1,44,0.001,0.001,,,,,NVIDIA A100-SXM4-40GB MIG 4g.20gb (0),1,,13,"void ch_est::chEstFilterNoDftSOfdmDispatchKernel<float, __half, float, (unsigned int)2>(ch_est::puschRxChEstStatDescr_t *, ch_est::puschRxChEstDynDescr_t *)"
4840935117,2656,318637,103,1,1,128,1,1,16,0.000,0.000,,,,,NVIDIA A100-SXM4-40GB MIG 4g.20gb (0),1,,13,cupy_copy__complex64_complex64
4840952012,12320,318647,1434,1,1,128,1,1,16,0.000,0.000,,,,,NVIDIA A100-SXM4-40GB MIG 4g.20gb (0),1,,13,cupy_copy__complex64_complex64
4840973420,2848,318654,103,1,1,128,1,1,16,0.000,0.000,,,,,NVIDIA A100-SXM4-40GB MIG 4g.20gb (0),1,,13,cupy_copy__complex64_complex64
4840998636,92351,318661,1,1,1,32,32,1,30,0.000,0.000,,,,,NVIDIA A100-SXM4-40GB MIG 4g.20gb (0),1,,13,"void convert_kernel<__half2, float2>(tensor_layout_any, T1 *, tensor_layout_any, const T2 *)"
4841124074,19872,318664,,,,,,,,,,0.094,4714.970,Pinned,Device,NVIDIA A100-SXM4-40GB MIG 4g.20gb (0),1,,13,[CUDA memcpy Host-to-Device]
4841154570,47199,318665,,,,,,,,,,35.810,758668.965,Device,,NVIDIA A100-SXM4-40GB MIG 4g.20gb (0),1,,13,[CUDA memset]
4841208585,7232,318667,,,,,,,,,,0.000,11.062,Pinned,Device,NVIDIA A100-SXM4-40GB MIG 4g.20gb (0),1,,13,[CUDA memcpy Host-to-Device]
4841221545,17216,318668,,,,,,,,,,0.197,11419.976,Pinned,Device,NVIDIA A100-SXM4-40GB MIG 4g.20gb (0),1,,13,[CUDA memcpy Host-to-Device]
4841248585,9952,318669,273,1,1,48,1,1,40,0.000,0.001,,,,,NVIDIA A100-SXM4-40GB MIG 4g.20gb (0),1,,13,"void pusch_noise_intf_est::noiseIntfEstNoDftSOfdmKernel<float, __half, float, float, (unsigned int)2, (unsigned int)1, (unsigned char)4, (unsigned char)4>(pusch_noise_intf_est::puschRxNoiseIntfEstDynDescr)"
4841262217,2816,318680,35,1,1,128,1,1,16,0.000,0.000,,,,,NVIDIA A100-SXM4-40GB MIG 4g.20gb (0),1,,13,cupy_copy__complex64_complex64
4841267305,1920,318689,1,1,1,1,1,1,18,0.000,0.000,,,,,NVIDIA A100-SXM4-40GB MIG 4g.20gb (0),1,,13,cupy_copy__float32_float32
4841273992,1824,318695,,,,,,,,,,0.000,2.193,Device,Pageable,NVIDIA A100-SXM4-40GB MIG 4g.20gb (0),1,,7,[CUDA memcpy Device-to-Host]
4841335112,13248,318706,1434,1,1,128,1,1,16,0.000,0.000,,,,,NVIDIA A100-SXM4-40GB MIG 4g.20gb (0),1,,13,cupy_copy__complex64_complex64
4841364775,2912,318713,103,1,1,128,1,1,16,0.000,0.000,,,,,NVIDIA A100-SXM4-40GB MIG 4g.20gb (0),1,,13,cupy_copy__complex64_complex64
4841382887,2944,318720,35,1,1,128,1,1,16,0.000,0.000,,,,,NVIDIA A100-SXM4-40GB MIG 4g.20gb (0),1,,13,cupy_copy__complex64_complex64
4841401639,1984,318727,1,1,1,1,1,1,18,0.000,0.000,,,,,NVIDIA A100-SXM4-40GB MIG 4g.20gb (0),1,,13,cupy_copy__float32_float32
4841531973,82431,318738,1,1,1,32,32,1,30,0.000,0.000,,,,,NVIDIA A100-SXM4-40GB MIG 4g.20gb (0),1,,13,"void convert_kernel<__half2, float2>(tensor_layout_any, T1 *, tensor_layout_any, const T2 *)"
4841642180,5792,318741,,,,,,,,,,0.094,16176.708,Pinned,Device,NVIDIA A100-SXM4-40GB MIG 4g.20gb (0),1,,13,[CUDA memcpy Host-to-Device]
4841656036,3424,318742,,,,,,,,,,1.547,451700.819,Device,,NVIDIA A100-SXM4-40GB MIG 4g.20gb (0),1,,13,[CUDA memset]
4841663076,3264,318747,,,,,,,,,,0.031,9588.218,Pinned,Device,NVIDIA A100-SXM4-40GB MIG 4g.20gb (0),1,,13,[CUDA memcpy Host-to-Device]
4841668900,9535,318748,,,,,,,,,,0.197,20619.461,Pinned,Device,NVIDIA A100-SXM4-40GB MIG 4g.20gb (0),1,,13,[CUDA memcpy Host-to-Device]
4841682595,8224,318749,273,1,1,8,4,1,39,0.002,0.000,,,,,NVIDIA A100-SXM4-40GB MIG 4g.20gb (0),1,,13,"void channel_eq::eqMmseCoefCompLowMimoKernel<float, float, float, (unsigned int)4, (unsigned int)1, (unsigned int)4>(const channel_eq::_puschRxChEqStatDescr *, channel_eq::_puschRxChEqCoefCompDynDescr)"
4841693187,6112,318750,273,1,1,12,11,1,51,0.002,0.000,,,,,NVIDIA A100-SXM4-40GB MIG 4g.20gb (0),1,,13,"void channel_eq::eqMmseSoftDemapKernel<float, __half, __half, float, (unsigned int)4, (unsigned short)16383>(channel_eq::_puschRxChEqStatDescr *, channel_eq::_puschRxChEqSoftDemapDynDescr)"
4841700771,282557,318751,1,1,1,32,32,1,30,0.000,0.000,,,,,NVIDIA A100-SXM4-40GB MIG 4g.20gb (0),1,,13,"void convert_kernel<float2, __half2>(tensor_layout_any, T1 *, tensor_layout_any, const T2 *)"
4841984448,10976,318763,2253,1,1,128,1,1,16,0.000,0.000,,,,,NVIDIA A100-SXM4-40GB MIG 4g.20gb (0),1,,13,cupy_copy__float16_float16
4841997888,2943,318772,282,1,1,128,1,1,16,0.000,0.000,,,,,NVIDIA A100-SXM4-40GB MIG 4g.20gb (0),1,,13,cupy_copy__complex64_complex64
4842004543,2016,318781,26,1,1,128,1,1,16,0.000,0.000,,,,,NVIDIA A100-SXM4-40GB MIG 4g.20gb (0),1,,13,cupy_copy__float32_float32
4842008351,3072,318790,103,1,1,128,1,1,16,0.000,0.000,,,,,NVIDIA A100-SXM4-40GB MIG 4g.20gb (0),1,,13,cupy_copy__complex64_complex64
4842014591,11776,318800,1434,1,1,128,1,1,16,0.000,0.000,,,,,NVIDIA A100-SXM4-40GB MIG 4g.20gb (0),1,,13,cupy_copy__complex64_complex64
4842031775,82111,318805,1,1,1,32,32,1,30,0.000,0.000,,,,,NVIDIA A100-SXM4-40GB MIG 4g.20gb (0),1,,13,"void convert_kernel<__half2, float2>(tensor_layout_any, T1 *, tensor_layout_any, const T2 *)"
4842140446,5984,318808,,,,,,,,,,0.094,15657.726,Pinned,Device,NVIDIA A100-SXM4-40GB MIG 4g.20gb (0),1,,13,[CUDA memcpy Host-to-Device]
4842150622,601816,318809,,,,,,,,,,456.561,758348.552,Device,,NVIDIA A100-SXM4-40GB MIG 4g.20gb (0),1,,13,[CUDA memset]
4842758358,137790,318814,,,,,,,,,,1.235,8961.989,Pinned,Device,NVIDIA A100-SXM4-40GB MIG 4g.20gb (0),1,,13,[CUDA memcpy Host-to-Device]
4842910740,39488,318815,,,,,,,,,,0.197,4978.901,Pinned,Device,NVIDIA A100-SXM4-40GB MIG 4g.20gb (0),1,,13,[CUDA memcpy Host-to-Device]
4842980307,8096,318816,69,4,1,48,1,1,76,0.002,0.000,,,,,NVIDIA A100-SXM4-40GB MIG 4g.20gb (0),1,,13,"void ch_est::windowedChEstPreNoDftSOfdmKernel<float, __half, float, (unsigned int)2, (unsigned int)1, (unsigned short)4>(ch_est::puschRxChEstStatDescr_t *, ch_est::puschRxChEstDynDescr_t *)"
4842999731,6592,318817,137,2,1,24,2,1,44,0.001,0.001,,,,,NVIDIA A100-SXM4-40GB MIG 4g.20gb (0),1,,13,"void ch_est::chEstFilterNoDftSOfdmDispatchKernel<float, __half, float, (unsigned int)2>(ch_est::puschRxChEstStatDescr_t *, ch_est::puschRxChEstDynDescr_t *)"
4843017747,4768,318818,137,2,1,24,2,1,44,0.001,0.001,,,,,NVIDIA A100-SXM4-40GB MIG 4g.20gb (0),1,,13,"void ch_est::chEstFilterNoDftSOfdmDispatchKernel<float, __half, float, (unsigned int)2>(ch_est::puschRxChEstStatDescr_t *, ch_est::puschRxChEstDynDescr_t *)"
4843035059,2720,318829,103,1,1,128,1,1,16,0.000,0.000,,,,,NVIDIA A100-SXM4-40GB MIG 4g.20gb (0),1,,13,cupy_copy__complex64_complex64
4843051507,12351,318839,1434,1,1,128,1,1,16,0.000,0.000,,,,,NVIDIA A100-SXM4-40GB MIG 4g.20gb (0),1,,13,cupy_copy__complex64_complex64
4843071282,2944,318846,103,1,1,128,1,1,16,0.000,0.000,,,,,NVIDIA A100-SXM4-40GB MIG 4g.20gb (0),1,,13,cupy_copy__complex64_complex64
4843095346,84863,318853,1,1,1,32,32,1,30,0.000,0.000,,,,,NVIDIA A100-SXM4-40GB MIG 4g.20gb (0),1,,13,"void convert_kernel<__half2, float2>(tensor_layout_any, T1 *, tensor_layout_any, const T2 *)"
4843214513,20831,318856,,,,,,,,,,0.094,4497.876,Pinned,Device,NVIDIA A100-SXM4-40GB MIG 4g.20gb (0),1,,13,[CUDA memcpy Host-to-Device]
4843261456,46719,318857,,,,,,,,,,35.810,766475.528,Device,,NVIDIA A100-SXM4-40GB MIG 4g.20gb (0),1,,13,[CUDA memset]
4843311439,14400,318859,,,,,,,,,,0.000,5.556,Pinned,Device,NVIDIA A100-SXM4-40GB MIG 4g.20gb (0),1,,13,[CUDA memcpy Host-to-Device]
4843335919,33408,318860,,,,,,,,,,0.197,5884.871,Pinned,Device,NVIDIA A100-SXM4-40GB MIG 4g.20gb (0),1,,13,[CUDA memcpy Host-to-Device]
4843398734,9472,318861,273,1,1,48,1,1,40,0.000,0.001,,,,,NVIDIA A100-SXM4-40GB MIG 4g.20gb (0),1,,13,"void pusch_noise_intf_est::noiseIntfEstNoDftSOfdmKernel<float, __half, float, float, (unsigned int)2, (unsigned int)1, (unsigned char)4, (unsigned char)4>(pusch_noise_intf_est::puschRxNoiseIntfEstDynDescr)"
4843415118,2752,318872,35,1,1,128,1,1,16,0.000,0.000,,,,,NVIDIA A100-SXM4-40GB MIG 4g.20gb (0),1,,13,cupy_copy__complex64_complex64
4843432078,1696,318881,1,1,1,1,1,1,18,0.000,0.000,,,,,NVIDIA A100-SXM4-40GB MIG 4g.20gb (0),1,,13,cupy_copy__float32_float32
4843435534,7712,318887,,,,,,,,,,0.000,0.519,Device,Pageable,NVIDIA A100-SXM4-40GB MIG 4g.20gb (0),1,,7,[CUDA memcpy Device-to-Host]
4843525453,12704,318898,1434,1,1,128,1,1,16,0.000,0.000,,,,,NVIDIA A100-SXM4-40GB MIG 4g.20gb (0),1,,13,cupy_copy__complex64_complex64
4843548556,3392,318905,103,1,1,128,1,1,16,0.000,0.000,,,,,NVIDIA A100-SXM4-40GB MIG 4g.20gb (0),1,,13,cupy_copy__complex64_complex64
4843570924,2592,318912,35,1,1,128,1,1,16,0.000,0.000,,,,,NVIDIA A100-SXM4-40GB MIG 4g.20gb (0),1,,13,cupy_copy__complex64_complex64
4843592140,1792,318919,1,1,1,1,1,1,18,0.000,0.000,,,,,NVIDIA A100-SXM4-40GB MIG 4g.20gb (0),1,,13,cupy_copy__float32_float32
4843717578,82015,318930,1,1,1,32,32,1,30,0.000,0.000,,,,,NVIDIA A100-SXM4-40GB MIG 4g.20gb (0),1,,13,"void convert_kernel<__half2, float2>(tensor_layout_any, T1 *, tensor_layout_any, const T2 *)"
4843827849,6144,318933,,,,,,,,,,0.094,15249.961,Pinned,Device,NVIDIA A100-SXM4-40GB MIG 4g.20gb (0),1,,13,[CUDA memcpy Host-to-Device]
4843842473,3520,318934,,,,,,,,,,1.547,439380.412,Device,,NVIDIA A100-SXM4-40GB MIG 4g.20gb (0),1,,13,[CUDA memset]
4843849097,3424,318939,,,,,,,,,,0.031,9140.185,Pinned,Device,NVIDIA A100-SXM4-40GB MIG 4g.20gb (0),1,,13,[CUDA memcpy Host-to-Device]
4843855273,9792,318940,,,,,,,,,,0.197,20078.395,Pinned,Device,NVIDIA A100-SXM4-40GB MIG 4g.20gb (0),1,,13,[CUDA memcpy Host-to-Device]
4843869832,6784,318941,273,1,1,8,4,1,39,0.002,0.000,,,,,NVIDIA A100-SXM4-40GB MIG 4g.20gb (0),1,,13,"void channel_eq::eqMmseCoefCompLowMimoKernel<float, float, float, (unsigned int)4, (unsigned int)1, (unsigned int)4>(const channel_eq::_puschRxChEqStatDescr *, channel_eq::_puschRxChEqCoefCompDynDescr)"
4843877544,6208,318942,273,1,1,12,11,1,51,0.002,0.000,,,,,NVIDIA A100-SXM4-40GB MIG 4g.20gb (0),1,,13,"void channel_eq::eqMmseSoftDemapKernel<float, __half, __half, float, (unsigned int)4, (unsigned short)16383>(channel_eq::_puschRxChEqStatDescr *, channel_eq::_puschRxChEqSoftDemapDynDescr)"
4843884872,282557,318943,1,1,1,32,32,1,30,0.000,0.000,,,,,NVIDIA A100-SXM4-40GB MIG 4g.20gb (0),1,,13,"void convert_kernel<float2, __half2>(tensor_layout_any, T1 *, tensor_layout_any, const T2 *)"
4844169157,11040,318955,2253,1,1,128,1,1,16,0.000,0.000,,,,,NVIDIA A100-SXM4-40GB MIG 4g.20gb (0),1,,13,cupy_copy__float16_float16
4844184965,3168,318964,282,1,1,128,1,1,16,0.000,0.000,,,,,NVIDIA A100-SXM4-40GB MIG 4g.20gb (0),1,,13,cupy_copy__complex64_complex64
4844190661,2303,318973,26,1,1,128,1,1,16,0.000,0.000,,,,,NVIDIA A100-SXM4-40GB MIG 4g.20gb (0),1,,13,cupy_copy__float32_float32
4844196292,3008,318982,103,1,1,128,1,1,16,0.000,0.000,,,,,NVIDIA A100-SXM4-40GB MIG 4g.20gb (0),1,,13,cupy_copy__complex64_complex64
4844200484,12352,318992,1434,1,1,128,1,1,16,0.000,0.000,,,,,NVIDIA A100-SXM4-40GB MIG 4g.20gb (0),1,,13,cupy_copy__complex64_complex64
4844218692,81055,318997,1,1,1,32,32,1,30,0.000,0.000,,,,,NVIDIA A100-SXM4-40GB MIG 4g.20gb (0),1,,13,"void convert_kernel<__half2, float2>(tensor_layout_any, T1 *, tensor_layout_any, const T2 *)"
4844326563,5792,319000,,,,,,,,,,0.094,16176.708,Pinned,Device,NVIDIA A100-SXM4-40GB MIG 4g.20gb (0),1,,13,[CUDA memcpy Host-to-Device]
4844336451,597816,319001,,,,,,,,,,456.561,763370.728,Device,,NVIDIA A100-SXM4-40GB MIG 4g.20gb (0),1,,13,[CUDA memset]
4844937883,112511,319006,,,,,,,,,,1.235,10976.182,Pinned,Device,NVIDIA A100-SXM4-40GB MIG 4g.20gb (0),1,,13,[CUDA memcpy Host-to-Device]
4845060474,23488,319007,,,,,,,,,,0.197,8370.389,Pinned,Device,NVIDIA A100-SXM4-40GB MIG 4g.20gb (0),1,,13,[CUDA memcpy Host-to-Device]
4845095609,8640,319008,69,4,1,48,1,1,76,0.002,0.000,,,,,NVIDIA A100-SXM4-40GB MIG 4g.20gb (0),1,,13,"void ch_est::windowedChEstPreNoDftSOfdmKernel<float, __half, float, (unsigned int)2, (unsigned int)1, (unsigned short)4>(ch_est::puschRxChEstStatDescr_t *, ch_est::puschRxChEstDynDescr_t *)"
4845113017,7488,319009,137,2,1,24,2,1,44,0.001,0.001,,,,,NVIDIA A100-SXM4-40GB MIG 4g.20gb (0),1,,13,"void ch_est::chEstFilterNoDftSOfdmDispatchKernel<float, __half, float, (unsigned int)2>(ch_est::puschRxChEstStatDescr_t *, ch_est::puschRxChEstDynDescr_t *)"
4845126937,5184,319010,137,2,1,24,2,1,44,0.001,0.001,,,,,NVIDIA A100-SXM4-40GB MIG 4g.20gb (0),1,,13,"void ch_est::chEstFilterNoDftSOfdmDispatchKernel<float, __half, float, (unsigned int)2>(ch_est::puschRxChEstStatDescr_t *, ch_est::puschRxChEstDynDescr_t *)"
4845134425,2752,319021,103,1,1,128,1,1,16,0.000,0.000,,,,,NVIDIA A100-SXM4-40GB MIG 4g.20gb (0),1,,13,cupy_copy__complex64_complex64
4845141881,12512,319031,1434,1,1,128,1,1,16,0.000,0.000,,,,,NVIDIA A100-SXM4-40GB MIG 4g.20gb (0),1,,13,cupy_copy__complex64_complex64
4845161081,2880,319038,103,1,1,128,1,1,16,0.000,0.000,,,,,NVIDIA A100-SXM4-40GB MIG 4g.20gb (0),1,,13,cupy_copy__complex64_complex64
4845168760,82719,319045,1,1,1,32,32,1,30,0.000,0.000,,,,,NVIDIA A100-SXM4-40GB MIG 4g.20gb (0),1,,13,"void convert_kernel<__half2, float2>(tensor_layout_any, T1 *, tensor_layout_any, const T2 *)"
4845278711,6080,319048,,,,,,,,,,0.094,15410.462,Pinned,Device,NVIDIA A100-SXM4-40GB MIG 4g.20gb (0),1,,13,[CUDA memcpy Host-to-Device]
4845291415,46047,319049,,,,,,,,,,35.810,777648.223,Device,,NVIDIA A100-SXM4-40GB MIG 4g.20gb (0),1,,13,[CUDA memset]
4845343638,4448,319051,,,,,,,,,,0.000,17.986,Pinned,Device,NVIDIA A100-SXM4-40GB MIG 4g.20gb (0),1,,13,[CUDA memcpy Host-to-Device]
4845354262,11744,319052,,,,,,,,,,0.197,16740.975,Pinned,Device,NVIDIA A100-SXM4-40GB MIG 4g.20gb (0),1,,13,[CUDA memcpy Host-to-Device]
4845374070,11872,319053,273,1,1,48,1,1,40,0.000,0.001,,,,,NVIDIA A100-SXM4-40GB MIG 4g.20gb (0),1,,13,"void pusch_noise_intf_est::noiseIntfEstNoDftSOfdmKernel<float, __half, float, float, (unsigned int)2, (unsigned int)1, (unsigned char)4, (unsigned char)4>(pusch_noise_intf_est::puschRxNoiseIntfEstDynDescr)"
4845388694,2880,319064,35,1,1,128,1,1,16,0.000,0.000,,,,,NVIDIA A100-SXM4-40GB MIG 4g.20gb (0),1,,13,cupy_copy__complex64_complex64
4845400982,1792,319073,1,1,1,1,1,1,18,0.000,0.000,,,,,NVIDIA A100-SXM4-40GB MIG 4g.20gb (0),1,,13,cupy_copy__float32_float32
4845432629,1728,319079,,,,,,,,,,0.000,2.315,Device,Pageable,NVIDIA A100-SXM4-40GB MIG 4g.20gb (0),1,,7,[CUDA memcpy Device-to-Host]
4845492436,12864,319090,1434,1,1,128,1,1,16,0.000,0.000,,,,,NVIDIA A100-SXM4-40GB MIG 4g.20gb (0),1,,13,cupy_copy__complex64_complex64
4845519220,2880,319097,103,1,1,128,1,1,16,0.000,0.000,,,,,NVIDIA A100-SXM4-40GB MIG 4g.20gb (0),1,,13,cupy_copy__complex64_complex64
4845540596,2624,319104,35,1,1,128,1,1,16,0.000,0.000,,,,,NVIDIA A100-SXM4-40GB MIG 4g.20gb (0),1,,13,cupy_copy__complex64_complex64
4845560148,1824,319111,1,1,1,1,1,1,18,0.000,0.000,,,,,NVIDIA A100-SXM4-40GB MIG 4g.20gb (0),1,,13,cupy_copy__float32_float32
4845690482,81503,319122,1,1,1,32,32,1,30,0.000,0.000,,,,,NVIDIA A100-SXM4-40GB MIG 4g.20gb (0),1,,13,"void convert_kernel<__half2, float2>(tensor_layout_any, T1 *, tensor_layout_any, const T2 *)"
4845799953,6048,319125,,,,,,,,,,0.094,15491.978,Pinned,Device,NVIDIA A100-SXM4-40GB MIG 4g.20gb (0),1,,13,[CUDA memcpy Host-to-Device]
4845814257,3295,319126,,,,,,,,,,1.547,469384.918,Device,,NVIDIA A100-SXM4-40GB MIG 4g.20gb (0),1,,13,[CUDA memset]
4845820624,3392,319131,,,,,,,,,,0.031,9226.405,Pinned,Device,NVIDIA A100-SXM4-40GB MIG 4g.20gb (0),1,,13,[CUDA memcpy Host-to-Device]
4845826576,9760,319132,,,,,,,,,,0.197,20144.259,Pinned,Device,NVIDIA A100-SXM4-40GB MIG 4g.20gb (0),1,,13,[CUDA memcpy Host-to-Device]
4845840816,5696,319133,273,1,1,8,4,1,39,0.002,0.000,,,,,NVIDIA A100-SXM4-40GB MIG 4g.20gb (0),1,,13,"void channel_eq::eqMmseCoefCompLowMimoKernel<float, float, float, (unsigned int)4, (unsigned int)1, (unsigned int)4>(const channel_eq::_puschRxChEqStatDescr *, channel_eq::_puschRxChEqCoefCompDynDescr)"
4845847632,7008,319134,273,1,1,12,11,1,51,0.002,0.000,,,,,NVIDIA A100-SXM4-40GB MIG 4g.20gb (0),1,,13,"void channel_eq::eqMmseSoftDemapKernel<float, __half, __half, float, (unsigned int)4, (unsigned short)16383>(channel_eq::_puschRxChEqStatDescr *, channel_eq::_puschRxChEqSoftDemapDynDescr)"
4845856976,295132,319135,1,1,1,32,32,1,30,0.000,0.000,,,,,NVIDIA A100-SXM4-40GB MIG 4g.20gb (0),1,,13,"void convert_kernel<float2, __half2>(tensor_layout_any, T1 *, tensor_layout_any, const T2 *)"
4846155052,10976,319147,2253,1,1,128,1,1,16,0.000,0.000,,,,,NVIDIA A100-SXM4-40GB MIG 4g.20gb (0),1,,13,cupy_copy__float16_float16
4846169260,3200,319156,282,1,1,128,1,1,16,0.000,0.000,,,,,NVIDIA A100-SXM4-40GB MIG 4g.20gb (0),1,,13,cupy_copy__complex64_complex64
4846174060,2336,319165,26,1,1,128,1,1,16,0.000,0.000,,,,,NVIDIA A100-SXM4-40GB MIG 4g.20gb (0),1,,13,cupy_copy__float32_float32
4846178124,2880,319174,103,1,1,128,1,1,16,0.000,0.000,,,,,NVIDIA A100-SXM4-40GB MIG 4g.20gb (0),1,,13,cupy_copy__complex64_complex64
4846184300,11872,319184,1434,1,1,128,1,1,16,0.000,0.000,,,,,NVIDIA A100-SXM4-40GB MIG 4g.20gb (0),1,,13,cupy_copy__complex64_complex64
4846198540,82399,319189,1,1,1,32,32,1,30,0.000,0.000,,,,,NVIDIA A100-SXM4-40GB MIG 4g.20gb (0),1,,13,"void convert_kernel<__half2, float2>(tensor_layout_any, T1 *, tensor_layout_any, const T2 *)"
4846308298,5376,319192,,,,,,,,,,0.094,17428.487,Pinned,Device,NVIDIA A100-SXM4-40GB MIG 4g.20gb (0),1,,13,[CUDA memcpy Host-to-Device]
4846319722,597529,319193,,,,,,,,,,456.561,763827.289,Device,,NVIDIA A100-SXM4-40GB MIG 4g.20gb (0),1,,13,[CUDA memset]
4846925635,142782,319198,,,,,,,,,,1.235,8648.313,Pinned,Device,NVIDIA A100-SXM4-40GB MIG 4g.20gb (0),1,,13,[CUDA memcpy Host-to-Device]
4847081697,40415,319199,,,,,,,,,,0.197,4864.672,Pinned,Device,NVIDIA A100-SXM4-40GB MIG 4g.20gb (0),1,,13,[CUDA memcpy Host-to-Device]
4847143328,8128,319200,69,4,1,48,1,1,76,0.002,0.000,,,,,NVIDIA A100-SXM4-40GB MIG 4g.20gb (0),1,,13,"void ch_est::windowedChEstPreNoDftSOfdmKernel<float, __half, float, (unsigned int)2, (unsigned int)1, (unsigned short)4>(ch_est::puschRxChEstStatDescr_t *, ch_est::puschRxChEstDynDescr_t *)"
4847162368,6528,319201,137,2,1,24,2,1,44,0.001,0.001,,,,,NVIDIA A100-SXM4-40GB MIG 4g.20gb (0),1,,13,"void ch_est::chEstFilterNoDftSOfdmDispatchKernel<float, __half, float, (unsigned int)2>(ch_est::puschRxChEstStatDescr_t *, ch_est::puschRxChEstDynDescr_t *)"
4847179296,4704,319202,137,2,1,24,2,1,44,0.001,0.001,,,,,NVIDIA A100-SXM4-40GB MIG 4g.20gb (0),1,,13,"void ch_est::chEstFilterNoDftSOfdmDispatchKernel<float, __half, float, (unsigned int)2>(ch_est::puschRxChEstStatDescr_t *, ch_est::puschRxChEstDynDescr_t *)"
4847196255,2528,319213,103,1,1,128,1,1,16,0.000,0.000,,,,,NVIDIA A100-SXM4-40GB MIG 4g.20gb (0),1,,13,cupy_copy__complex64_complex64
4847212095,12512,319223,1434,1,1,128,1,1,16,0.000,0.000,,,,,NVIDIA A100-SXM4-40GB MIG 4g.20gb (0),1,,13,cupy_copy__complex64_complex64
4847245791,2496,319230,103,1,1,128,1,1,16,0.000,0.000,,,,,NVIDIA A100-SXM4-40GB MIG 4g.20gb (0),1,,13,cupy_copy__complex64_complex64
4847262015,85087,319237,1,1,1,32,32,1,30,0.000,0.000,,,,,NVIDIA A100-SXM4-40GB MIG 4g.20gb (0),1,,13,"void convert_kernel<__half2, float2>(tensor_layout_any, T1 *, tensor_layout_any, const T2 *)"
4847376381,11264,319240,,,,,,,,,,0.094,8318.143,Pinned,Device,NVIDIA A100-SXM4-40GB MIG 4g.20gb (0),1,,13,[CUDA memcpy Host-to-Device]
4847392413,46655,319241,,,,,,,,,,35.810,767514.015,Device,,NVIDIA A100-SXM4-40GB MIG 4g.20gb (0),1,,13,[CUDA memset]
4847442364,6176,319243,,,,,,,,,,0.000,12.953,Pinned,Device,NVIDIA A100-SXM4-40GB MIG 4g.20gb (0),1,,13,[CUDA memcpy Host-to-Device]
4847452220,18304,319244,,,,,,,,,,0.197,10741.088,Pinned,Device,NVIDIA A100-SXM4-40GB MIG 4g.20gb (0),1,,13,[CUDA memcpy Host-to-Device]
4847479004,10464,319245,273,1,1,48,1,1,40,0.000,0.001,,,,,NVIDIA A100-SXM4-40GB MIG 4g.20gb (0),1,,13,"void pusch_noise_intf_est::noiseIntfEstNoDftSOfdmKernel<float, __half, float, float, (unsigned int)2, (unsigned int)1, (unsigned char)4, (unsigned char)4>(pusch_noise_intf_est::puschRxNoiseIntfEstDynDescr)"
4847494492,2816,319256,35,1,1,128,1,1,16,0.000,0.000,,,,,NVIDIA A100-SXM4-40GB MIG 4g.20gb (0),1,,13,cupy_copy__complex64_complex64
4847502044,2016,319265,1,1,1,1,1,1,18,0.000,0.000,,,,,NVIDIA A100-SXM4-40GB MIG 4g.20gb (0),1,,13,cupy_copy__float32_float32
4847534075,1952,319271,,,,,,,,,,0.000,2.049,Device,Pageable,NVIDIA A100-SXM4-40GB MIG 4g.20gb (0),1,,7,[CUDA memcpy Device-to-Host]
4847595195,12959,319282,1434,1,1,128,1,1,16,0.000,0.000,,,,,NVIDIA A100-SXM4-40GB MIG 4g.20gb (0),1,,13,cupy_copy__complex64_complex64
4847622714,2656,319289,103,1,1,128,1,1,16,0.000,0.000,,,,,NVIDIA A100-SXM4-40GB MIG 4g.20gb (0),1,,13,cupy_copy__complex64_complex64
4847644090,2176,319296,35,1,1,128,1,1,16,0.000,0.000,,,,,NVIDIA A100-SXM4-40GB MIG 4g.20gb (0),1,,13,cupy_copy__complex64_complex64
4847660954,1760,319303,1,1,1,1,1,1,18,0.000,0.000,,,,,NVIDIA A100-SXM4-40GB MIG 4g.20gb (0),1,,13,cupy_copy__float32_float32
4847793176,83807,319314,1,1,1,32,32,1,30,0.000,0.000,,,,,NVIDIA A100-SXM4-40GB MIG 4g.20gb (0),1,,13,"void convert_kernel<__half2, float2>(tensor_layout_any, T1 *, tensor_layout_any, const T2 *)"
4847904983,5632,319317,,,,,,,,,,0.094,16636.287,Pinned,Device,NVIDIA A100-SXM4-40GB MIG 4g.20gb (0),1,,13,[CUDA memcpy Host-to-Device]
4847919095,2976,319318,,,,,,,,,,1.547,519698.143,Device,,NVIDIA A100-SXM4-40GB MIG 4g.20gb (0),1,,13,[CUDA memset]
4847925974,3040,319323,,,,,,,,,,0.031,10294.725,Pinned,Device,NVIDIA A100-SXM4-40GB MIG 4g.20gb (0),1,,13,[CUDA memcpy Host-to-Device]
4847931638,9568,319324,,,,,,,,,,0.197,20548.485,Pinned,Device,NVIDIA A100-SXM4-40GB MIG 4g.20gb (0),1,,13,[CUDA memcpy Host-to-Device]
4847947606,6080,319325,273,1,1,8,4,1,39,0.002,0.000,,,,,NVIDIA A100-SXM4-40GB MIG 4g.20gb (0),1,,13,"void channel_eq::eqMmseCoefCompLowMimoKernel<float, float, float, (unsigned int)4, (unsigned int)1, (unsigned int)4>(const channel_eq::_puschRxChEqStatDescr *, channel_eq::_puschRxChEqCoefCompDynDescr)"
4847954838,6240,319326,273,1,1,12,11,1,51,0.002,0.000,,,,,NVIDIA A100-SXM4-40GB MIG 4g.20gb (0),1,,13,"void channel_eq::eqMmseSoftDemapKernel<float, __half, __half, float, (unsigned int)4, (unsigned short)16383>(channel_eq::_puschRxChEqStatDescr *, channel_eq::_puschRxChEqSoftDemapDynDescr)"
4847962422,280509,319327,1,1,1,32,32,1,30,0.000,0.000,,,,,NVIDIA A100-SXM4-40GB MIG 4g.20gb (0),1,,13,"void convert_kernel<float2, __half2>(tensor_layout_any, T1 *, tensor_layout_any, const T2 *)"
4848244147,10879,319339,2253,1,1,128,1,1,16,0.000,0.000,,,,,NVIDIA A100-SXM4-40GB MIG 4g.20gb (0),1,,13,cupy_copy__float16_float16
4848258674,3520,319348,282,1,1,128,1,1,16,0.000,0.000,,,,,NVIDIA A100-SXM4-40GB MIG 4g.20gb (0),1,,13,cupy_copy__complex64_complex64
4848264946,2112,319357,26,1,1,128,1,1,16,0.000,0.000,,,,,NVIDIA A100-SXM4-40GB MIG 4g.20gb (0),1,,13,cupy_copy__float32_float32
4848269010,3232,319366,103,1,1,128,1,1,16,0.000,0.000,,,,,NVIDIA A100-SXM4-40GB MIG 4g.20gb (0),1,,13,cupy_copy__complex64_complex64
4848273202,12064,319376,1434,1,1,128,1,1,16,0.000,0.000,,,,,NVIDIA A100-SXM4-40GB MIG 4g.20gb (0),1,,13,cupy_copy__complex64_complex64
4848296210,87359,319381,1,1,1,32,32,1,30,0.000,0.000,,,,,NVIDIA A100-SXM4-40GB MIG 4g.20gb (0),1,,13,"void convert_kernel<__half2, float2>(tensor_layout_any, T1 *, tensor_layout_any, const T2 *)"
4848410097,5407,319384,,,,,,,,,,0.094,17328.607,Pinned,Device,NVIDIA A100-SXM4-40GB MIG 4g.20gb (0),1,,13,[CUDA memcpy Host-to-Device]
4848421552,597977,319385,,,,,,,,,,456.561,763370.728,Device,,NVIDIA A100-SXM4-40GB MIG 4g.20gb (0),1,,13,[CUDA memset]
4849023369,158590,319390,,,,,,,,,,1.235,7786.322,Pinned,Device,NVIDIA A100-SXM4-40GB MIG 4g.20gb (0),1,,13,[CUDA memcpy Host-to-Device]
4849196871,40415,319391,,,,,,,,,,0.197,4864.672,Pinned,Device,NVIDIA A100-SXM4-40GB MIG 4g.20gb (0),1,,13,[CUDA memcpy Host-to-Device]
4849259430,8544,319392,69,4,1,48,1,1,76,0.002,0.000,,,,,NVIDIA A100-SXM4-40GB MIG 4g.20gb (0),1,,13,"void ch_est::windowedChEstPreNoDftSOfdmKernel<float, __half, float, (unsigned int)2, (unsigned int)1, (unsigned short)4>(ch_est::puschRxChEstStatDescr_t *, ch_est::puschRxChEstDynDescr_t *)"
4849277734,6784,319393,137,2,1,24,2,1,44,0.001,0.001,,,,,NVIDIA A100-SXM4-40GB MIG 4g.20gb (0),1,,13,"void ch_est::chEstFilterNoDftSOfdmDispatchKernel<float, __half, float, (unsigned int)2>(ch_est::puschRxChEstStatDescr_t *, ch_est::puschRxChEstDynDescr_t *)"
4849294822,4704,319394,137,2,1,24,2,1,44,0.001,0.001,,,,,NVIDIA A100-SXM4-40GB MIG 4g.20gb (0),1,,13,"void ch_est::chEstFilterNoDftSOfdmDispatchKernel<float, __half, float, (unsigned int)2>(ch_est::puschRxChEstStatDescr_t *, ch_est::puschRxChEstDynDescr_t *)"
4849311717,2752,319405,103,1,1,128,1,1,16,0.000,0.000,,,,,NVIDIA A100-SXM4-40GB MIG 4g.20gb (0),1,,13,cupy_copy__complex64_complex64
4849328933,12384,319415,1434,1,1,128,1,1,16,0.000,0.000,,,,,NVIDIA A100-SXM4-40GB MIG 4g.20gb (0),1,,13,cupy_copy__complex64_complex64
4849348997,2912,319422,103,1,1,128,1,1,16,0.000,0.000,,,,,NVIDIA A100-SXM4-40GB MIG 4g.20gb (0),1,,13,cupy_copy__complex64_complex64
4849372581,88991,319429,1,1,1,32,32,1,30,0.000,0.000,,,,,NVIDIA A100-SXM4-40GB MIG 4g.20gb (0),1,,13,"void convert_kernel<__half2, float2>(tensor_layout_any, T1 *, tensor_layout_any, const T2 *)"
4849493219,30496,319432,,,,,,,,,,0.094,3072.386,Pinned,Device,NVIDIA A100-SXM4-40GB MIG 4g.20gb (0),1,,13,[CUDA memcpy Host-to-Device]
4849543331,46367,319433,,,,,,,,,,35.810,772312.545,Device,,NVIDIA A100-SXM4-40GB MIG 4g.20gb (0),1,,13,[CUDA memset]
4849596866,12256,319435,,,,,,,,,,0.000,6.527,Pinned,Device,NVIDIA A100-SXM4-40GB MIG 4g.20gb (0),1,,13,[CUDA memcpy Host-to-Device]
4849619426,19839,319436,,,,,,,,,,0.197,9910.026,Pinned,Device,NVIDIA A100-SXM4-40GB MIG 4g.20gb (0),1,,13,[CUDA memcpy Host-to-Device]
4849658145,9632,319437,273,1,1,48,1,1,40,0.000,0.001,,,,,NVIDIA A100-SXM4-40GB MIG 4g.20gb (0),1,,13,"void pusch_noise_intf_est::noiseIntfEstNoDftSOfdmKernel<float, __half, float, float, (unsigned int)2, (unsigned int)1, (unsigned char)4, (unsigned char)4>(pusch_noise_intf_est::puschRxNoiseIntfEstDynDescr)"
4849677697,2976,319448,35,1,1,128,1,1,16,0.000,0.000,,,,,NVIDIA A100-SXM4-40GB MIG 4g.20gb (0),1,,13,cupy_copy__complex64_complex64
4849686049,2016,319457,1,1,1,1,1,1,18,0.000,0.000,,,,,NVIDIA A100-SXM4-40GB MIG 4g.20gb (0),1,,13,cupy_copy__float32_float32
4849696193,2144,319463,,,,,,,,,,0.000,1.866,Device,Pageable,NVIDIA A100-SXM4-40GB MIG 4g.20gb (0),1,,7,[CUDA memcpy Device-to-Host]
4849767552,13184,319474,1434,1,1,128,1,1,16,0.000,0.000,,,,,NVIDIA A100-SXM4-40GB MIG 4g.20gb (0),1,,13,cupy_copy__complex64_complex64
4849795583,2944,319481,103,1,1,128,1,1,16,0.000,0.000,,,,,NVIDIA A100-SXM4-40GB MIG 4g.20gb (0),1,,13,cupy_copy__complex64_complex64
4849814175,2688,319488,35,1,1,128,1,1,16,0.000,0.000,,,,,NVIDIA A100-SXM4-40GB MIG 4g.20gb (0),1,,13,cupy_copy__complex64_complex64
4849837023,1952,319495,1,1,1,1,1,1,18,0.000,0.000,,,,,NVIDIA A100-SXM4-40GB MIG 4g.20gb (0),1,,13,cupy_copy__float32_float32
4849962013,81759,319506,1,1,1,32,32,1,30,0.000,0.000,,,,,NVIDIA A100-SXM4-40GB MIG 4g.20gb (0),1,,13,"void convert_kernel<__half2, float2>(tensor_layout_any, T1 *, tensor_layout_any, const T2 *)"
4850071804,5664,319509,,,,,,,,,,0.094,16542.310,Pinned,Device,NVIDIA A100-SXM4-40GB MIG 4g.20gb (0),1,,13,[CUDA memcpy Host-to-Device]
4850085596,3424,319510,,,,,,,,,,1.547,451700.819,Device,,NVIDIA A100-SXM4-40GB MIG 4g.20gb (0),1,,13,[CUDA memset]
4850093436,3168,319515,,,,,,,,,,0.031,9878.770,Pinned,Device,NVIDIA A100-SXM4-40GB MIG 4g.20gb (0),1,,13,[CUDA memcpy Host-to-Device]
4850099164,9440,319516,,,,,,,,,,0.197,20827.079,Pinned,Device,NVIDIA A100-SXM4-40GB MIG 4g.20gb (0),1,,13,[CUDA memcpy Host-to-Device]
4850114364,5983,319517,273,1,1,8,4,1,39,0.002,0.000,,,,,NVIDIA A100-SXM4-40GB MIG 4g.20gb (0),1,,13,"void channel_eq::eqMmseCoefCompLowMimoKernel<float, float, float, (unsigned int)4, (unsigned int)1, (unsigned int)4>(const channel_eq::_puschRxChEqStatDescr *, channel_eq::_puschRxChEqCoefCompDynDescr)"
4850121371,7968,319518,273,1,1,12,11,1,51,0.002,0.000,,,,,NVIDIA A100-SXM4-40GB MIG 4g.20gb (0),1,,13,"void channel_eq::eqMmseSoftDemapKernel<float, __half, __half, float, (unsigned int)4, (unsigned short)16383>(channel_eq::_puschRxChEqStatDescr *, channel_eq::_puschRxChEqSoftDemapDynDescr)"
4850130363,281885,319519,1,1,1,32,32,1,30,0.000,0.000,,,,,NVIDIA A100-SXM4-40GB MIG 4g.20gb (0),1,,13,"void convert_kernel<float2, __half2>(tensor_layout_any, T1 *, tensor_layout_any, const T2 *)"
4850415256,11008,319531,2253,1,1,128,1,1,16,0.000,0.000,,,,,NVIDIA A100-SXM4-40GB MIG 4g.20gb (0),1,,13,cupy_copy__float16_float16
4850429720,3072,319540,282,1,1,128,1,1,16,0.000,0.000,,,,,NVIDIA A100-SXM4-40GB MIG 4g.20gb (0),1,,13,cupy_copy__complex64_complex64
4850433784,2048,319549,26,1,1,128,1,1,16,0.000,0.000,,,,,NVIDIA A100-SXM4-40GB MIG 4g.20gb (0),1,,13,cupy_copy__float32_float32
4850436888,3168,319558,103,1,1,128,1,1,16,0.000,0.000,,,,,NVIDIA A100-SXM4-40GB MIG 4g.20gb (0),1,,13,cupy_copy__complex64_complex64
4850441111,12000,319568,1434,1,1,128,1,1,16,0.000,0.000,,,,,NVIDIA A100-SXM4-40GB MIG 4g.20gb (0),1,,13,cupy_copy__complex64_complex64
4850461751,85919,319573,1,1,1,32,32,1,30,0.000,0.000,,,,,NVIDIA A100-SXM4-40GB MIG 4g.20gb (0),1,,13,"void convert_kernel<__half2, float2>(tensor_layout_any, T1 *, tensor_layout_any, const T2 *)"
4850575222,5440,319576,,,,,,,,,,0.094,17223.480,Pinned,Device,NVIDIA A100-SXM4-40GB MIG 4g.20gb (0),1,,13,[CUDA memcpy Host-to-Device]
4850585910,599064,319577,,,,,,,,,,456.561,762001.043,Device,,NVIDIA A100-SXM4-40GB MIG 4g.20gb (0),1,,13,[CUDA memset]
4851187214,126655,319582,,,,,,,,,,1.235,9749.883,Pinned,Device,NVIDIA A100-SXM4-40GB MIG 4g.20gb (0),1,,13,[CUDA memcpy Host-to-Device]
4851322349,35807,319583,,,,,,,,,,0.197,5490.672,Pinned,Device,NVIDIA A100-SXM4-40GB MIG 4g.20gb (0),1,,13,[CUDA memcpy Host-to-Device]
4851371596,8064,319584,69,4,1,48,1,1,76,0.002,0.000,,,,,NVIDIA A100-SXM4-40GB MIG 4g.20gb (0),1,,13,"void ch_est::windowedChEstPreNoDftSOfdmKernel<float, __half, float, (unsigned int)2, (unsigned int)1, (unsigned short)4>(ch_est::puschRxChEstStatDescr_t *, ch_est::puschRxChEstDynDescr_t *)"
4851386892,6784,319585,137,2,1,24,2,1,44,0.001,0.001,,,,,NVIDIA A100-SXM4-40GB MIG 4g.20gb (0),1,,13,"void ch_est::chEstFilterNoDftSOfdmDispatchKernel<float, __half, float, (unsigned int)2>(ch_est::puschRxChEstStatDescr_t *, ch_est::puschRxChEstDynDescr_t *)"
4851402956,4736,319586,137,2,1,24,2,1,44,0.001,0.001,,,,,NVIDIA A100-SXM4-40GB MIG 4g.20gb (0),1,,13,"void ch_est::chEstFilterNoDftSOfdmDispatchKernel<float, __half, float, (unsigned int)2>(ch_est::puschRxChEstStatDescr_t *, ch_est::puschRxChEstDynDescr_t *)"
4851416555,2720,319597,103,1,1,128,1,1,16,0.000,0.000,,,,,NVIDIA A100-SXM4-40GB MIG 4g.20gb (0),1,,13,cupy_copy__complex64_complex64
4851430123,12416,319607,1434,1,1,128,1,1,16,0.000,0.000,,,,,NVIDIA A100-SXM4-40GB MIG 4g.20gb (0),1,,13,cupy_copy__complex64_complex64
4851468363,2432,319614,103,1,1,128,1,1,16,0.000,0.000,,,,,NVIDIA A100-SXM4-40GB MIG 4g.20gb (0),1,,13,cupy_copy__complex64_complex64
4851485867,88447,319621,1,1,1,32,32,1,30,0.000,0.000,,,,,NVIDIA A100-SXM4-40GB MIG 4g.20gb (0),1,,13,"void convert_kernel<__half2, float2>(tensor_layout_any, T1 *, tensor_layout_any, const T2 *)"
4851605641,28320,319624,,,,,,,,,,0.094,3308.406,Pinned,Device,NVIDIA A100-SXM4-40GB MIG 4g.20gb (0),1,,13,[CUDA memcpy Host-to-Device]
4851663592,47040,319625,,,,,,,,,,35.810,761247.279,Device,,NVIDIA A100-SXM4-40GB MIG 4g.20gb (0),1,,13,[CUDA memset]
4851720584,8448,319627,,,,,,,,,,0.000,9.470,Pinned,Device,NVIDIA A100-SXM4-40GB MIG 4g.20gb (0),1,,13,[CUDA memcpy Host-to-Device]
4851741159,41280,319628,,,,,,,,,,0.197,4762.632,Pinned,Device,NVIDIA A100-SXM4-40GB MIG 4g.20gb (0),1,,13,[CUDA memcpy Host-to-Device]
4851807655,9376,319629,273,1,1,48,1,1,40,0.000,0.001,,,,,NVIDIA A100-SXM4-40GB MIG 4g.20gb (0),1,,13,"void pusch_noise_intf_est::noiseIntfEstNoDftSOfdmKernel<float, __half, float, float, (unsigned int)2, (unsigned int)1, (unsigned char)4, (unsigned char)4>(pusch_noise_intf_est::puschRxNoiseIntfEstDynDescr)"
4851825030,2592,319640,35,1,1,128,1,1,16,0.000,0.000,,,,,NVIDIA A100-SXM4-40GB MIG 4g.20gb (0),1,,13,cupy_copy__complex64_complex64
4851841510,1696,319649,1,1,1,1,1,1,18,0.000,0.000,,,,,NVIDIA A100-SXM4-40GB MIG 4g.20gb (0),1,,13,cupy_copy__float32_float32
4851848614,8768,319655,,,,,,,,,,0.000,0.456,Device,Pageable,NVIDIA A100-SXM4-40GB MIG 4g.20gb (0),1,,7,[CUDA memcpy Device-to-Host]
4851949573,12736,319666,1434,1,1,128,1,1,16,0.000,0.000,,,,,NVIDIA A100-SXM4-40GB MIG 4g.20gb (0),1,,13,cupy_copy__complex64_complex64
4851975397,2944,319673,103,1,1,128,1,1,16,0.000,0.000,,,,,NVIDIA A100-SXM4-40GB MIG 4g.20gb (0),1,,13,cupy_copy__complex64_complex64
4851993924,2176,319680,35,1,1,128,1,1,16,0.000,0.000,,,,,NVIDIA A100-SXM4-40GB MIG 4g.20gb (0),1,,13,cupy_copy__complex64_complex64
4851997572,1824,319687,1,1,1,1,1,1,18,0.000,0.000,,,,,NVIDIA A100-SXM4-40GB MIG 4g.20gb (0),1,,13,cupy_copy__float32_float32
4852133603,87167,319698,1,1,1,32,32,1,30,0.000,0.000,,,,,NVIDIA A100-SXM4-40GB MIG 4g.20gb (0),1,,13,"void convert_kernel<__half2, float2>(tensor_layout_any, T1 *, tensor_layout_any, const T2 *)"
4852252513,14144,319701,,,,,,,,,,0.094,6624.401,Pinned,Device,NVIDIA A100-SXM4-40GB MIG 4g.20gb (0),1,,13,[CUDA memcpy Host-to-Device]
4852278433,3424,319702,,,,,,,,,,1.547,451700.819,Device,,NVIDIA A100-SXM4-40GB MIG 4g.20gb (0),1,,13,[CUDA memset]
4852288609,6912,319707,,,,,,,,,,0.031,4527.749,Pinned,Device,NVIDIA A100-SXM4-40GB MIG 4g.20gb (0),1,,13,[CUDA memcpy Host-to-Device]
4852302753,13695,319708,,,,,,,,,,0.197,14356.120,Pinned,Device,NVIDIA A100-SXM4-40GB MIG 4g.20gb (0),1,,13,[CUDA memcpy Host-to-Device]
4852332576,8192,319709,273,1,1,8,4,1,39,0.002,0.000,,,,,NVIDIA A100-SXM4-40GB MIG 4g.20gb (0),1,,13,"void channel_eq::eqMmseCoefCompLowMimoKernel<float, float, float, (unsigned int)4, (unsigned int)1, (unsigned int)4>(const channel_eq::_puschRxChEqStatDescr *, channel_eq::_puschRxChEqCoefCompDynDescr)"
4852348768,5536,319710,273,1,1,12,11,1,51,0.002,0.000,,,,,NVIDIA A100-SXM4-40GB MIG 4g.20gb (0),1,,13,"void channel_eq::eqMmseSoftDemapKernel<float, __half, __half, float, (unsigned int)4, (unsigned short)16383>(channel_eq::_puschRxChEqStatDescr *, channel_eq::_puschRxChEqSoftDemapDynDescr)"
4852356896,283484,319711,1,1,1,32,32,1,30,0.000,0.000,,,,,NVIDIA A100-SXM4-40GB MIG 4g.20gb (0),1,,13,"void convert_kernel<float2, __half2>(tensor_layout_any, T1 *, tensor_layout_any, const T2 *)"
4852641340,10944,319723,2253,1,1,128,1,1,16,0.000,0.000,,,,,NVIDIA A100-SXM4-40GB MIG 4g.20gb (0),1,,13,cupy_copy__float16_float16
4852656220,3584,319732,282,1,1,128,1,1,16,0.000,0.000,,,,,NVIDIA A100-SXM4-40GB MIG 4g.20gb (0),1,,13,cupy_copy__complex64_complex64
4852662140,2112,319741,26,1,1,128,1,1,16,0.000,0.000,,,,,NVIDIA A100-SXM4-40GB MIG 4g.20gb (0),1,,13,cupy_copy__float32_float32
4852666396,3232,319750,103,1,1,128,1,1,16,0.000,0.000,,,,,NVIDIA A100-SXM4-40GB MIG 4g.20gb (0),1,,13,cupy_copy__complex64_complex64
4852670588,12032,319760,1434,1,1,128,1,1,16,0.000,0.000,,,,,NVIDIA A100-SXM4-40GB MIG 4g.20gb (0),1,,13,cupy_copy__complex64_complex64
4852687964,82943,319765,1,1,1,32,32,1,30,0.000,0.000,,,,,NVIDIA A100-SXM4-40GB MIG 4g.20gb (0),1,,13,"void convert_kernel<__half2, float2>(tensor_layout_any, T1 *, tensor_layout_any, const T2 *)"
4852798618,5664,319768,,,,,,,,,,0.094,16542.310,Pinned,Device,NVIDIA A100-SXM4-40GB MIG 4g.20gb (0),1,,13,[CUDA memcpy Host-to-Device]
4852808730,596025,319769,,,,,,,,,,456.561,765653.535,Device,,NVIDIA A100-SXM4-40GB MIG 4g.20gb (0),1,,13,[CUDA memset]
4853412851,128382,319774,,,,,,,,,,1.235,9618.979,Pinned,Device,NVIDIA A100-SXM4-40GB MIG 4g.20gb (0),1,,13,[CUDA memcpy Host-to-Device]
4853548465,20064,319775,,,,,,,,,,0.197,9798.943,Pinned,Device,NVIDIA A100-SXM4-40GB MIG 4g.20gb (0),1,,13,[CUDA memcpy Host-to-Device]
4853582865,8768,319776,69,4,1,48,1,1,76,0.002,0.000,,,,,NVIDIA A100-SXM4-40GB MIG 4g.20gb (0),1,,13,"void ch_est::windowedChEstPreNoDftSOfdmKernel<float, __half, float, (unsigned int)2, (unsigned int)1, (unsigned short)4>(ch_est::puschRxChEstStatDescr_t *, ch_est::puschRxChEstDynDescr_t *)"
4853598385,6304,319777,137,2,1,24,2,1,44,0.001,0.001,,,,,NVIDIA A100-SXM4-40GB MIG 4g.20gb (0),1,,13,"void ch_est::chEstFilterNoDftSOfdmDispatchKernel<float, __half, float, (unsigned int)2>(ch_est::puschRxChEstStatDescr_t *, ch_est::puschRxChEstDynDescr_t *)"
4853606608,5216,319778,137,2,1,24,2,1,44,0.001,0.001,,,,,NVIDIA A100-SXM4-40GB MIG 4g.20gb (0),1,,13,"void ch_est::chEstFilterNoDftSOfdmDispatchKernel<float, __half, float, (unsigned int)2>(ch_est::puschRxChEstStatDescr_t *, ch_est::puschRxChEstDynDescr_t *)"
4853616240,2720,319789,103,1,1,128,1,1,16,0.000,0.000,,,,,NVIDIA A100-SXM4-40GB MIG 4g.20gb (0),1,,13,cupy_copy__complex64_complex64
4853623920,12672,319799,1434,1,1,128,1,1,16,0.000,0.000,,,,,NVIDIA A100-SXM4-40GB MIG 4g.20gb (0),1,,13,cupy_copy__complex64_complex64
4853639248,3136,319806,103,1,1,128,1,1,16,0.000,0.000,,,,,NVIDIA A100-SXM4-40GB MIG 4g.20gb (0),1,,13,cupy_copy__complex64_complex64
4853647248,85279,319813,1,1,1,32,32,1,30,0.000,0.000,,,,,NVIDIA A100-SXM4-40GB MIG 4g.20gb (0),1,,13,"void convert_kernel<__half2, float2>(tensor_layout_any, T1 *, tensor_layout_any, const T2 *)"
4853761167,10559,319816,,,,,,,,,,0.094,8873.480,Pinned,Device,NVIDIA A100-SXM4-40GB MIG 4g.20gb (0),1,,13,[CUDA memcpy Host-to-Device]
4853782830,47872,319817,,,,,,,,,,35.810,748033.419,Device,,NVIDIA A100-SXM4-40GB MIG 4g.20gb (0),1,,13,[CUDA memset]
4853834030,3904,319819,,,,,,,,,,0.000,20.492,Pinned,Device,NVIDIA A100-SXM4-40GB MIG 4g.20gb (0),1,,13,[CUDA memcpy Host-to-Device]
4853842222,12511,319820,,,,,,,,,,0.197,15714.681,Pinned,Device,NVIDIA A100-SXM4-40GB MIG 4g.20gb (0),1,,13,[CUDA memcpy Host-to-Device]
4853861901,9472,319821,273,1,1,48,1,1,40,0.000,0.001,,,,,NVIDIA A100-SXM4-40GB MIG 4g.20gb (0),1,,13,"void pusch_noise_intf_est::noiseIntfEstNoDftSOfdmKernel<float, __half, float, float, (unsigned int)2, (unsigned int)1, (unsigned char)4, (unsigned char)4>(pusch_noise_intf_est::puschRxNoiseIntfEstDynDescr)"
4853875949,3072,319832,35,1,1,128,1,1,16,0.000,0.000,,,,,NVIDIA A100-SXM4-40GB MIG 4g.20gb (0),1,,13,cupy_copy__complex64_complex64
4853880429,1920,319841,1,1,1,1,1,1,18,0.000,0.000,,,,,NVIDIA A100-SXM4-40GB MIG 4g.20gb (0),1,,13,cupy_copy__float32_float32
4853910733,1600,319847,,,,,,,,,,0.000,2.500,Device,Pageable,NVIDIA A100-SXM4-40GB MIG 4g.20gb (0),1,,7,[CUDA memcpy Device-to-Host]
4853970924,13184,319858,1434,1,1,128,1,1,16,0.000,0.000,,,,,NVIDIA A100-SXM4-40GB MIG 4g.20gb (0),1,,13,cupy_copy__complex64_complex64
4853998028,2944,319865,103,1,1,128,1,1,16,0.000,0.000,,,,,NVIDIA A100-SXM4-40GB MIG 4g.20gb (0),1,,13,cupy_copy__complex64_complex64
4854019531,2336,319872,35,1,1,128,1,1,16,0.000,0.000,,,,,NVIDIA A100-SXM4-40GB MIG 4g.20gb (0),1,,13,cupy_copy__complex64_complex64
4854038603,1952,319879,1,1,1,1,1,1,18,0.000,0.000,,,,,NVIDIA A100-SXM4-40GB MIG 4g.20gb (0),1,,13,cupy_copy__float32_float32
4854169866,87134,319890,1,1,1,32,32,1,30,0.000,0.000,,,,,NVIDIA A100-SXM4-40GB MIG 4g.20gb (0),1,,13,"void convert_kernel<__half2, float2>(tensor_layout_any, T1 *, tensor_layout_any, const T2 *)"
4854284392,6048,319893,,,,,,,,,,0.094,15491.978,Pinned,Device,NVIDIA A100-SXM4-40GB MIG 4g.20gb (0),1,,13,[CUDA memcpy Host-to-Device]
4854298504,3232,319894,,,,,,,,,,1.547,478533.199,Device,,NVIDIA A100-SXM4-40GB MIG 4g.20gb (0),1,,13,[CUDA memset]
4854305448,3488,319899,,,,,,,,,,0.031,8972.469,Pinned,Device,NVIDIA A100-SXM4-40GB MIG 4g.20gb (0),1,,13,[CUDA memcpy Host-to-Device]
4854311272,9952,319900,,,,,,,,,,0.197,19755.565,Pinned,Device,NVIDIA A100-SXM4-40GB MIG 4g.20gb (0),1,,13,[CUDA memcpy Host-to-Device]
4854327176,6464,319901,273,1,1,8,4,1,39,0.002,0.000,,,,,NVIDIA A100-SXM4-40GB MIG 4g.20gb (0),1,,13,"void channel_eq::eqMmseCoefCompLowMimoKernel<float, float, float, (unsigned int)4, (unsigned int)1, (unsigned int)4>(const channel_eq::_puschRxChEqStatDescr *, channel_eq::_puschRxChEqCoefCompDynDescr)"
4854335208,5471,319902,273,1,1,12,11,1,51,0.002,0.000,,,,,NVIDIA A100-SXM4-40GB MIG 4g.20gb (0),1,,13,"void channel_eq::eqMmseSoftDemapKernel<float, __half, __half, float, (unsigned int)4, (unsigned short)16383>(channel_eq::_puschRxChEqStatDescr *, channel_eq::_puschRxChEqSoftDemapDynDescr)"
4854342503,294429,319903,1,1,1,32,32,1,30,0.000,0.000,,,,,NVIDIA A100-SXM4-40GB MIG 4g.20gb (0),1,,13,"void convert_kernel<float2, __half2>(tensor_layout_any, T1 *, tensor_layout_any, const T2 *)"
4854640324,10912,319915,2253,1,1,128,1,1,16,0.000,0.000,,,,,NVIDIA A100-SXM4-40GB MIG 4g.20gb (0),1,,13,cupy_copy__float16_float16
4854653668,3232,319924,282,1,1,128,1,1,16,0.000,0.000,,,,,NVIDIA A100-SXM4-40GB MIG 4g.20gb (0),1,,13,cupy_copy__complex64_complex64
4854659460,1983,319933,26,1,1,128,1,1,16,0.000,0.000,,,,,NVIDIA A100-SXM4-40GB MIG 4g.20gb (0),1,,13,cupy_copy__float32_float32
4854662531,4768,319942,103,1,1,128,1,1,16,0.000,0.000,,,,,NVIDIA A100-SXM4-40GB MIG 4g.20gb (0),1,,13,cupy_copy__complex64_complex64
4854668291,12064,319952,1434,1,1,128,1,1,16,0.000,0.000,,,,,NVIDIA A100-SXM4-40GB MIG 4g.20gb (0),1,,13,cupy_copy__complex64_complex64
4854683843,86911,319957,1,1,1,32,32,1,30,0.000,0.000,,,,,NVIDIA A100-SXM4-40GB MIG 4g.20gb (0),1,,13,"void convert_kernel<__half2, float2>(tensor_layout_any, T1 *, tensor_layout_any, const T2 *)"
4854798242,5600,319960,,,,,,,,,,0.094,16731.388,Pinned,Device,NVIDIA A100-SXM4-40GB MIG 4g.20gb (0),1,,13,[CUDA memcpy Host-to-Device]
4854811490,602200,319961,,,,,,,,,,456.561,757891.990,Device,,NVIDIA A100-SXM4-40GB MIG 4g.20gb (0),1,,13,[CUDA memset]
4855422714,150654,319966,,,,,,,,,,1.235,8196.323,Pinned,Device,NVIDIA A100-SXM4-40GB MIG 4g.20gb (0),1,,13,[CUDA memcpy Host-to-Device]
4855587288,37728,319967,,,,,,,,,,0.197,5211.095,Pinned,Device,NVIDIA A100-SXM4-40GB MIG 4g.20gb (0),1,,13,[CUDA memcpy Host-to-Device]
4855650391,8064,319968,69,4,1,48,1,1,76,0.002,0.000,,,,,NVIDIA A100-SXM4-40GB MIG 4g.20gb (0),1,,13,"void ch_est::windowedChEstPreNoDftSOfdmKernel<float, __half, float, (unsigned int)2, (unsigned int)1, (unsigned short)4>(ch_est::puschRxChEstStatDescr_t *, ch_est::puschRxChEstDynDescr_t *)"
4855669975,6656,319969,137,2,1,24,2,1,44,0.001,0.001,,,,,NVIDIA A100-SXM4-40GB MIG 4g.20gb (0),1,,13,"void ch_est::chEstFilterNoDftSOfdmDispatchKernel<float, __half, float, (unsigned int)2>(ch_est::puschRxChEstStatDescr_t *, ch_est::puschRxChEstDynDescr_t *)"
4855684983,4896,319970,137,2,1,24,2,1,44,0.001,0.001,,,,,NVIDIA A100-SXM4-40GB MIG 4g.20gb (0),1,,13,"void ch_est::chEstFilterNoDftSOfdmDispatchKernel<float, __half, float, (unsigned int)2>(ch_est::puschRxChEstStatDescr_t *, ch_est::puschRxChEstDynDescr_t *)"
4855699991,2496,319981,103,1,1,128,1,1,16,0.000,0.000,,,,,NVIDIA A100-SXM4-40GB MIG 4g.20gb (0),1,,13,cupy_copy__complex64_complex64
4855713335,12895,319991,1434,1,1,128,1,1,16,0.000,0.000,,,,,NVIDIA A100-SXM4-40GB MIG 4g.20gb (0),1,,13,cupy_copy__complex64_complex64
4855741910,2656,319998,103,1,1,128,1,1,16,0.000,0.000,,,,,NVIDIA A100-SXM4-40GB MIG 4g.20gb (0),1,,13,cupy_copy__complex64_complex64
4855752054,82271,320005,1,1,1,32,32,1,30,0.000,0.000,,,,,NVIDIA A100-SXM4-40GB MIG 4g.20gb (0),1,,13,"void convert_kernel<__half2, float2>(tensor_layout_any, T1 *, tensor_layout_any, const T2 *)"
4855866421,12415,320008,,,,,,,,,,0.094,7546.932,Pinned,Device,NVIDIA A100-SXM4-40GB MIG 4g.20gb (0),1,,13,[CUDA memcpy Host-to-Device]
4855884116,48416,320009,,,,,,,,,,35.810,739618.088,Device,,NVIDIA A100-SXM4-40GB MIG 4g.20gb (0),1,,13,[CUDA memset]
4855934356,11040,320011,,,,,,,,,,0.000,7.246,Pinned,Device,NVIDIA A100-SXM4-40GB MIG 4g.20gb (0),1,,13,[CUDA memcpy Host-to-Device]
4855953780,16607,320012,,,,,,,,,,0.197,11838.751,Pinned,Device,NVIDIA A100-SXM4-40GB MIG 4g.20gb (0),1,,13,[CUDA memcpy Host-to-Device]
4855986835,9632,320013,273,1,1,48,1,1,40,0.000,0.001,,,,,NVIDIA A100-SXM4-40GB MIG 4g.20gb (0),1,,13,"void pusch_noise_intf_est::noiseIntfEstNoDftSOfdmKernel<float, __half, float, float, (unsigned int)2, (unsigned int)1, (unsigned char)4, (unsigned char)4>(pusch_noise_intf_est::puschRxNoiseIntfEstDynDescr)"
4856007059,2880,320024,35,1,1,128,1,1,16,0.000,0.000,,,,,NVIDIA A100-SXM4-40GB MIG 4g.20gb (0),1,,13,cupy_copy__complex64_complex64
4856016627,1728,320033,1,1,1,1,1,1,18,0.000,0.000,,,,,NVIDIA A100-SXM4-40GB MIG 4g.20gb (0),1,,13,cupy_copy__float32_float32
4856023091,3744,320039,,,,,,,,,,0.000,1.068,Device,Pageable,NVIDIA A100-SXM4-40GB MIG 4g.20gb (0),1,,7,[CUDA memcpy Device-to-Host]
4856102834,12832,320050,1434,1,1,128,1,1,16,0.000,0.000,,,,,NVIDIA A100-SXM4-40GB MIG 4g.20gb (0),1,,13,cupy_copy__complex64_complex64
4856134417,3552,320057,103,1,1,128,1,1,16,0.000,0.000,,,,,NVIDIA A100-SXM4-40GB MIG 4g.20gb (0),1,,13,cupy_copy__complex64_complex64
4856155953,2560,320064,35,1,1,128,1,1,16,0.000,0.000,,,,,NVIDIA A100-SXM4-40GB MIG 4g.20gb (0),1,,13,cupy_copy__complex64_complex64
4856169329,1696,320071,1,1,1,1,1,1,18,0.000,0.000,,,,,NVIDIA A100-SXM4-40GB MIG 4g.20gb (0),1,,13,cupy_copy__float32_float32
4856294479,81887,320082,1,1,1,32,32,1,30,0.000,0.000,,,,,NVIDIA A100-SXM4-40GB MIG 4g.20gb (0),1,,13,"void convert_kernel<__half2, float2>(tensor_layout_any, T1 *, tensor_layout_any, const T2 *)"
4856404302,5632,320085,,,,,,,,,,0.094,16636.287,Pinned,Device,NVIDIA A100-SXM4-40GB MIG 4g.20gb (0),1,,13,[CUDA memcpy Host-to-Device]
4856418446,3456,320086,,,,,,,,,,1.547,447517.201,Device,,NVIDIA A100-SXM4-40GB MIG 4g.20gb (0),1,,13,[CUDA memset]
4856425358,3520,320091,,,,,,,,,,0.031,8890.881,Pinned,Device,NVIDIA A100-SXM4-40GB MIG 4g.20gb (0),1,,13,[CUDA memcpy Host-to-Device]
4856431470,9408,320092,,,,,,,,,,0.197,20897.858,Pinned,Device,NVIDIA A100-SXM4-40GB MIG 4g.20gb (0),1,,13,[CUDA memcpy Host-to-Device]
4856445070,6143,320093,273,1,1,8,4,1,39,0.002,0.000,,,,,NVIDIA A100-SXM4-40GB MIG 4g.20gb (0),1,,13,"void channel_eq::eqMmseCoefCompLowMimoKernel<float, float, float, (unsigned int)4, (unsigned int)1, (unsigned int)4>(const channel_eq::_puschRxChEqStatDescr *, channel_eq::_puschRxChEqCoefCompDynDescr)"
4856452333,6208,320094,273,1,1,12,11,1,51,0.002,0.000,,,,,NVIDIA A100-SXM4-40GB MIG 4g.20gb (0),1,,13,"void channel_eq::eqMmseSoftDemapKernel<float, __half, __half, float, (unsigned int)4, (unsigned short)16383>(channel_eq::_puschRxChEqStatDescr *, channel_eq::_puschRxChEqSoftDemapDynDescr)"
4856459597,282141,320095,1,1,1,32,32,1,30,0.000,0.000,,,,,NVIDIA A100-SXM4-40GB MIG 4g.20gb (0),1,,13,"void convert_kernel<float2, __half2>(tensor_layout_any, T1 *, tensor_layout_any, const T2 *)"
4856746154,11040,320107,2253,1,1,128,1,1,16,0.000,0.000,,,,,NVIDIA A100-SXM4-40GB MIG 4g.20gb (0),1,,13,cupy_copy__float16_float16
4856761610,3520,320116,282,1,1,128,1,1,16,0.000,0.000,,,,,NVIDIA A100-SXM4-40GB MIG 4g.20gb (0),1,,13,cupy_copy__complex64_complex64
4856768234,2304,320125,26,1,1,128,1,1,16,0.000,0.000,,,,,NVIDIA A100-SXM4-40GB MIG 4g.20gb (0),1,,13,cupy_copy__float32_float32
4856771881,2816,320134,103,1,1,128,1,1,16,0.000,0.000,,,,,NVIDIA A100-SXM4-40GB MIG 4g.20gb (0),1,,13,cupy_copy__complex64_complex64
4856776425,12352,320144,1434,1,1,128,1,1,16,0.000,0.000,,,,,NVIDIA A100-SXM4-40GB MIG 4g.20gb (0),1,,13,cupy_copy__complex64_complex64
4856794121,81471,320149,1,1,1,32,32,1,30,0.000,0.000,,,,,NVIDIA A100-SXM4-40GB MIG 4g.20gb (0),1,,13,"void convert_kernel<__half2, float2>(tensor_layout_any, T1 *, tensor_layout_any, const T2 *)"
4856902856,5856,320152,,,,,,,,,,0.094,15999.997,Pinned,Device,NVIDIA A100-SXM4-40GB MIG 4g.20gb (0),1,,13,[CUDA memcpy Host-to-Device]
4856912712,596440,320153,,,,,,,,,,456.561,765196.973,Device,,NVIDIA A100-SXM4-40GB MIG 4g.20gb (0),1,,13,[CUDA memset]
4857518208,147198,320158,,,,,,,,,,1.235,8388.975,Pinned,Device,NVIDIA A100-SXM4-40GB MIG 4g.20gb (0),1,,13,[CUDA memcpy Host-to-Device]
4857675102,30048,320159,,,,,,,,,,0.197,6543.114,Pinned,Device,NVIDIA A100-SXM4-40GB MIG 4g.20gb (0),1,,13,[CUDA memcpy Host-to-Device]
4857718622,8224,320160,69,4,1,48,1,1,76,0.002,0.000,,,,,NVIDIA A100-SXM4-40GB MIG 4g.20gb (0),1,,13,"void ch_est::windowedChEstPreNoDftSOfdmKernel<float, __half, float, (unsigned int)2, (unsigned int)1, (unsigned short)4>(ch_est::puschRxChEstStatDescr_t *, ch_est::puschRxChEstDynDescr_t *)"
4857734462,6752,320161,137,2,1,24,2,1,44,0.001,0.001,,,,,NVIDIA A100-SXM4-40GB MIG 4g.20gb (0),1,,13,"void ch_est::chEstFilterNoDftSOfdmDispatchKernel<float, __half, float, (unsigned int)2>(ch_est::puschRxChEstStatDescr_t *, ch_est::puschRxChEstDynDescr_t *)"
4857746909,4800,320162,137,2,1,24,2,1,44,0.001,0.001,,,,,NVIDIA A100-SXM4-40GB MIG 4g.20gb (0),1,,13,"void ch_est::chEstFilterNoDftSOfdmDispatchKernel<float, __half, float, (unsigned int)2>(ch_est::puschRxChEstStatDescr_t *, ch_est::puschRxChEstDynDescr_t *)"
4857763805,2688,320173,103,1,1,128,1,1,16,0.000,0.000,,,,,NVIDIA A100-SXM4-40GB MIG 4g.20gb (0),1,,13,cupy_copy__complex64_complex64
4857780189,12512,320183,1434,1,1,128,1,1,16,0.000,0.000,,,,,NVIDIA A100-SXM4-40GB MIG 4g.20gb (0),1,,13,cupy_copy__complex64_complex64
4857808317,2592,320190,103,1,1,128,1,1,16,0.000,0.000,,,,,NVIDIA A100-SXM4-40GB MIG 4g.20gb (0),1,,13,cupy_copy__complex64_complex64
4857822173,85566,320197,1,1,1,32,32,1,30,0.000,0.000,,,,,NVIDIA A100-SXM4-40GB MIG 4g.20gb (0),1,,13,"void convert_kernel<__half2, float2>(tensor_layout_any, T1 *, tensor_layout_any, const T2 *)"
4857939867,19168,320200,,,,,,,,,,0.094,4888.120,Pinned,Device,NVIDIA A100-SXM4-40GB MIG 4g.20gb (0),1,,13,[CUDA memcpy Host-to-Device]
4857979899,47807,320201,,,,,,,,,,35.810,749036.097,Device,,NVIDIA A100-SXM4-40GB MIG 4g.20gb (0),1,,13,[CUDA memset]
4858035546,5664,320203,,,,,,,,,,0.000,14.124,Pinned,Device,NVIDIA A100-SXM4-40GB MIG 4g.20gb (0),1,,13,[CUDA memcpy Host-to-Device]
4858048858,18304,320204,,,,,,,,,,0.197,10741.088,Pinned,Device,NVIDIA A100-SXM4-40GB MIG 4g.20gb (0),1,,13,[CUDA memcpy Host-to-Device]
4858081817,12448,320205,273,1,1,48,1,1,40,0.000,0.001,,,,,NVIDIA A100-SXM4-40GB MIG 4g.20gb (0),1,,13,"void pusch_noise_intf_est::noiseIntfEstNoDftSOfdmKernel<float, __half, float, float, (unsigned int)2, (unsigned int)1, (unsigned char)4, (unsigned char)4>(pusch_noise_intf_est::puschRxNoiseIntfEstDynDescr)"
4858098745,2848,320216,35,1,1,128,1,1,16,0.000,0.000,,,,,NVIDIA A100-SXM4-40GB MIG 4g.20gb (0),1,,13,cupy_copy__complex64_complex64
4858106425,1888,320225,1,1,1,1,1,1,18,0.000,0.000,,,,,NVIDIA A100-SXM4-40GB MIG 4g.20gb (0),1,,13,cupy_copy__float32_float32
4858115097,3648,320231,,,,,,,,,,0.000,1.096,Device,Pageable,NVIDIA A100-SXM4-40GB MIG 4g.20gb (0),1,,7,[CUDA memcpy Device-to-Host]
4858193720,12896,320242,1434,1,1,128,1,1,16,0.000,0.000,,,,,NVIDIA A100-SXM4-40GB MIG 4g.20gb (0),1,,13,cupy_copy__complex64_complex64
4858219576,3104,320249,103,1,1,128,1,1,16,0.000,0.000,,,,,NVIDIA A100-SXM4-40GB MIG 4g.20gb (0),1,,13,cupy_copy__complex64_complex64
4858240983,2720,320256,35,1,1,128,1,1,16,0.000,0.000,,,,,NVIDIA A100-SXM4-40GB MIG 4g.20gb (0),1,,13,cupy_copy__complex64_complex64
4858257111,2016,320263,1,1,1,1,1,1,18,0.000,0.000,,,,,NVIDIA A100-SXM4-40GB MIG 4g.20gb (0),1,,13,cupy_copy__float32_float32
4858390582,90974,320274,1,1,1,32,32,1,30,0.000,0.000,,,,,NVIDIA A100-SXM4-40GB MIG 4g.20gb (0),1,,13,"void convert_kernel<__half2, float2>(tensor_layout_any, T1 *, tensor_layout_any, const T2 *)"
4858510548,6112,320277,,,,,,,,,,0.094,15329.790,Pinned,Device,NVIDIA A100-SXM4-40GB MIG 4g.20gb (0),1,,13,[CUDA memcpy Host-to-Device]
4858524980,3424,320278,,,,,,,,,,1.547,451700.819,Device,,NVIDIA A100-SXM4-40GB MIG 4g.20gb (0),1,,13,[CUDA memset]
4858533236,3488,320283,,,,,,,,,,0.031,8972.469,Pinned,Device,NVIDIA A100-SXM4-40GB MIG 4g.20gb (0),1,,13,[CUDA memcpy Host-to-Device]
4858539124,9600,320284,,,,,,,,,,0.197,20479.869,Pinned,Device,NVIDIA A100-SXM4-40GB MIG 4g.20gb (0),1,,13,[CUDA memcpy Host-to-Device]
4858553556,6047,320285,273,1,1,8,4,1,39,0.002,0.000,,,,,NVIDIA A100-SXM4-40GB MIG 4g.20gb (0),1,,13,"void channel_eq::eqMmseCoefCompLowMimoKernel<float, float, float, (unsigned int)4, (unsigned int)1, (unsigned int)4>(const channel_eq::_puschRxChEqStatDescr *, channel_eq::_puschRxChEqCoefCompDynDescr)"
4858560723,6016,320286,273,1,1,12,11,1,51,0.002,0.000,,,,,NVIDIA A100-SXM4-40GB MIG 4g.20gb (0),1,,13,"void channel_eq::eqMmseSoftDemapKernel<float, __half, __half, float, (unsigned int)4, (unsigned short)16383>(channel_eq::_puschRxChEqStatDescr *, channel_eq::_puschRxChEqSoftDemapDynDescr)"
4858567923,282973,320287,1,1,1,32,32,1,30,0.000,0.000,,,,,NVIDIA A100-SXM4-40GB MIG 4g.20gb (0),1,,13,"void convert_kernel<float2, __half2>(tensor_layout_any, T1 *, tensor_layout_any, const T2 *)"
4858852144,11168,320299,2253,1,1,128,1,1,16,0.000,0.000,,,,,NVIDIA A100-SXM4-40GB MIG 4g.20gb (0),1,,13,cupy_copy__float16_float16
4858866608,2944,320308,282,1,1,128,1,1,16,0.000,0.000,,,,,NVIDIA A100-SXM4-40GB MIG 4g.20gb (0),1,,13,cupy_copy__complex64_complex64
4858874096,2208,320317,26,1,1,128,1,1,16,0.000,0.000,,,,,NVIDIA A100-SXM4-40GB MIG 4g.20gb (0),1,,13,cupy_copy__float32_float32
4858879120,3071,320326,103,1,1,128,1,1,16,0.000,0.000,,,,,NVIDIA A100-SXM4-40GB MIG 4g.20gb (0),1,,13,cupy_copy__complex64_complex64
4858883439,12288,320336,1434,1,1,128,1,1,16,0.000,0.000,,,,,NVIDIA A100-SXM4-40GB MIG 4g.20gb (0),1,,13,cupy_copy__complex64_complex64
4858908751,81439,320341,1,1,1,32,32,1,30,0.000,0.000,,,,,NVIDIA A100-SXM4-40GB MIG 4g.20gb (0),1,,13,"void convert_kernel<__half2, float2>(tensor_layout_any, T1 *, tensor_layout_any, const T2 *)"
4859017326,5824,320344,,,,,,,,,,0.094,16087.884,Pinned,Device,NVIDIA A100-SXM4-40GB MIG 4g.20gb (0),1,,13,[CUDA memcpy Host-to-Device]
4859027438,596376,320345,,,,,,,,,,456.561,765196.973,Device,,NVIDIA A100-SXM4-40GB MIG 4g.20gb (0),1,,13,[CUDA memset]
4859628166,128959,320350,,,,,,,,,,1.235,9575.756,Pinned,Device,NVIDIA A100-SXM4-40GB MIG 4g.20gb (0),1,,13,[CUDA memcpy Host-to-Device]
4859769701,41119,320351,,,,,,,,,,0.197,4781.310,Pinned,Device,NVIDIA A100-SXM4-40GB MIG 4g.20gb (0),1,,13,[CUDA memcpy Host-to-Device]
4859844740,8320,320352,69,4,1,48,1,1,76,0.002,0.000,,,,,NVIDIA A100-SXM4-40GB MIG 4g.20gb (0),1,,13,"void ch_est::windowedChEstPreNoDftSOfdmKernel<float, __half, float, (unsigned int)2, (unsigned int)1, (unsigned short)4>(ch_est::puschRxChEstStatDescr_t *, ch_est::puschRxChEstDynDescr_t *)"
4859862403,6720,320353,137,2,1,24,2,1,44,0.001,0.001,,,,,NVIDIA A100-SXM4-40GB MIG 4g.20gb (0),1,,13,"void ch_est::chEstFilterNoDftSOfdmDispatchKernel<float, __half, float, (unsigned int)2>(ch_est::puschRxChEstStatDescr_t *, ch_est::puschRxChEstDynDescr_t *)"
4859882755,4672,320354,137,2,1,24,2,1,44,0.001,0.001,,,,,NVIDIA A100-SXM4-40GB MIG 4g.20gb (0),1,,13,"void ch_est::chEstFilterNoDftSOfdmDispatchKernel<float, __half, float, (unsigned int)2>(ch_est::puschRxChEstStatDescr_t *, ch_est::puschRxChEstDynDescr_t *)"
4859902083,2624,320365,103,1,1,128,1,1,16,0.000,0.000,,,,,NVIDIA A100-SXM4-40GB MIG 4g.20gb (0),1,,13,cupy_copy__complex64_complex64
4859918563,12544,320375,1434,1,1,128,1,1,16,0.000,0.000,,,,,NVIDIA A100-SXM4-40GB MIG 4g.20gb (0),1,,13,cupy_copy__complex64_complex64
4859941570,2528,320382,103,1,1,128,1,1,16,0.000,0.000,,,,,NVIDIA A100-SXM4-40GB MIG 4g.20gb (0),1,,13,cupy_copy__complex64_complex64
4859965602,103423,320389,1,1,1,32,32,1,30,0.000,0.000,,,,,NVIDIA A100-SXM4-40GB MIG 4g.20gb (0),1,,13,"void convert_kernel<__half2, float2>(tensor_layout_any, T1 *, tensor_layout_any, const T2 *)"
4860100896,18720,320392,,,,,,,,,,0.094,5005.053,Pinned,Device,NVIDIA A100-SXM4-40GB MIG 4g.20gb (0),1,,13,[CUDA memcpy Host-to-Device]
4860139328,47231,320393,,,,,,,,,,35.810,758167.626,Device,,NVIDIA A100-SXM4-40GB MIG 4g.20gb (0),1,,13,[CUDA memset]
4860194111,8736,320395,,,,,,,,,,0.000,9.157,Pinned,Device,NVIDIA A100-SXM4-40GB MIG 4g.20gb (0),1,,13,[CUDA memcpy Host-to-Device]
4860210943,19584,320396,,,,,,,,,,0.197,10039.198,Pinned,Device,NVIDIA A100-SXM4-40GB MIG 4g.20gb (0),1,,13,[CUDA memcpy Host-to-Device]
4860248159,10208,320397,273,1,1,48,1,1,40,0.000,0.001,,,,,NVIDIA A100-SXM4-40GB MIG 4g.20gb (0),1,,13,"void pusch_noise_intf_est::noiseIntfEstNoDftSOfdmKernel<float, __half, float, float, (unsigned int)2, (unsigned int)1, (unsigned char)4, (unsigned char)4>(pusch_noise_intf_est::puschRxNoiseIntfEstDynDescr)"
4860271934,2720,320408,35,1,1,128,1,1,16,0.000,0.000,,,,,NVIDIA A100-SXM4-40GB MIG 4g.20gb (0),1,,13,cupy_copy__complex64_complex64
4860285022,1696,320417,1,1,1,1,1,1,18,0.000,0.000,,,,,NVIDIA A100-SXM4-40GB MIG 4g.20gb (0),1,,13,cupy_copy__float32_float32
4860289022,4384,320423,,,,,,,,,,0.000,0.912,Device,Pageable,NVIDIA A100-SXM4-40GB MIG 4g.20gb (0),1,,7,[CUDA memcpy Device-to-Host]
4860375965,12832,320434,1434,1,1,128,1,1,16,0.000,0.000,,,,,NVIDIA A100-SXM4-40GB MIG 4g.20gb (0),1,,13,cupy_copy__complex64_complex64
4860402845,2848,320441,103,1,1,128,1,1,16,0.000,0.000,,,,,NVIDIA A100-SXM4-40GB MIG 4g.20gb (0),1,,13,cupy_copy__complex64_complex64
4860422941,2655,320448,35,1,1,128,1,1,16,0.000,0.000,,,,,NVIDIA A100-SXM4-40GB MIG 4g.20gb (0),1,,13,cupy_copy__complex64_complex64
4860434524,1824,320455,1,1,1,1,1,1,18,0.000,0.000,,,,,NVIDIA A100-SXM4-40GB MIG 4g.20gb (0),1,,13,cupy_copy__float32_float32
4860563451,87967,320466,1,1,1,32,32,1,30,0.000,0.000,,,,,NVIDIA A100-SXM4-40GB MIG 4g.20gb (0),1,,13,"void convert_kernel<__half2, float2>(tensor_layout_any, T1 *, tensor_layout_any, const T2 *)"
4860679097,5632,320469,,,,,,,,,,0.094,16636.287,Pinned,Device,NVIDIA A100-SXM4-40GB MIG 4g.20gb (0),1,,13,[CUDA memcpy Host-to-Device]
4860695865,3040,320470,,,,,,,,,,1.547,508757.325,Device,,NVIDIA A100-SXM4-40GB MIG 4g.20gb (0),1,,13,[CUDA memset]
4860702553,3104,320475,,,,,,,,,,0.031,10082.445,Pinned,Device,NVIDIA A100-SXM4-40GB MIG 4g.20gb (0),1,,13,[CUDA memcpy Host-to-Device]
4860708345,9824,320476,,,,,,,,,,0.197,20012.925,Pinned,Device,NVIDIA A100-SXM4-40GB MIG 4g.20gb (0),1,,13,[CUDA memcpy Host-to-Device]
4860724345,6624,320477,273,1,1,8,4,1,39,0.002,0.000,,,,,NVIDIA A100-SXM4-40GB MIG 4g.20gb (0),1,,13,"void channel_eq::eqMmseCoefCompLowMimoKernel<float, float, float, (unsigned int)4, (unsigned int)1, (unsigned int)4>(const channel_eq::_puschRxChEqStatDescr *, channel_eq::_puschRxChEqCoefCompDynDescr)"
4860732057,6304,320478,273,1,1,12,11,1,51,0.002,0.000,,,,,NVIDIA A100-SXM4-40GB MIG 4g.20gb (0),1,,13,"void channel_eq::eqMmseSoftDemapKernel<float, __half, __half, float, (unsigned int)4, (unsigned short)16383>(channel_eq::_puschRxChEqStatDescr *, channel_eq::_puschRxChEqSoftDemapDynDescr)"
4860739417,282876,320479,1,1,1,32,32,1,30,0.000,0.000,,,,,NVIDIA A100-SXM4-40GB MIG 4g.20gb (0),1,,13,"void convert_kernel<float2, __half2>(tensor_layout_any, T1 *, tensor_layout_any, const T2 *)"
4861023317,10912,320491,2253,1,1,128,1,1,16,0.000,0.000,,,,,NVIDIA A100-SXM4-40GB MIG 4g.20gb (0),1,,13,cupy_copy__float16_float16
4861037973,3616,320500,282,1,1,128,1,1,16,0.000,0.000,,,,,NVIDIA A100-SXM4-40GB MIG 4g.20gb (0),1,,13,cupy_copy__complex64_complex64
4861045685,2112,320509,26,1,1,128,1,1,16,0.000,0.000,,,,,NVIDIA A100-SXM4-40GB MIG 4g.20gb (0),1,,13,cupy_copy__float32_float32
4861050869,3296,320518,103,1,1,128,1,1,16,0.000,0.000,,,,,NVIDIA A100-SXM4-40GB MIG 4g.20gb (0),1,,13,cupy_copy__complex64_complex64
4861055125,11936,320528,1434,1,1,128,1,1,16,0.000,0.000,,,,,NVIDIA A100-SXM4-40GB MIG 4g.20gb (0),1,,13,cupy_copy__complex64_complex64
4861069365,88030,320533,1,1,1,32,32,1,30,0.000,0.000,,,,,NVIDIA A100-SXM4-40GB MIG 4g.20gb (0),1,,13,"void convert_kernel<__half2, float2>(tensor_layout_any, T1 *, tensor_layout_any, const T2 *)"
4861184051,5376,320536,,,,,,,,,,0.094,17428.487,Pinned,Device,NVIDIA A100-SXM4-40GB MIG 4g.20gb (0),1,,13,[CUDA memcpy Host-to-Device]
4861194579,600729,320537,,,,,,,,,,456.561,759718.236,Device,,NVIDIA A100-SXM4-40GB MIG 4g.20gb (0),1,,13,[CUDA memset]
4861798700,76895,320542,,,,,,,,,,1.235,16059.212,Pinned,Device,NVIDIA A100-SXM4-40GB MIG 4g.20gb (0),1,,13,[CUDA memcpy Host-to-Device]
4861882091,17567,320543,,,,,,,,,,0.197,11191.714,Pinned,Device,NVIDIA A100-SXM4-40GB MIG 4g.20gb (0),1,,13,[CUDA memcpy Host-to-Device]
4861908586,8576,320544,69,4,1,48,1,1,76,0.002,0.000,,,,,NVIDIA A100-SXM4-40GB MIG 4g.20gb (0),1,,13,"void ch_est::windowedChEstPreNoDftSOfdmKernel<float, __half, float, (unsigned int)2, (unsigned int)1, (unsigned short)4>(ch_est::puschRxChEstStatDescr_t *, ch_est::puschRxChEstDynDescr_t *)"
4861923658,7424,320545,137,2,1,24,2,1,44,0.001,0.001,,,,,NVIDIA A100-SXM4-40GB MIG 4g.20gb (0),1,,13,"void ch_est::chEstFilterNoDftSOfdmDispatchKernel<float, __half, float, (unsigned int)2>(ch_est::puschRxChEstStatDescr_t *, ch_est::puschRxChEstDynDescr_t *)"
4861938474,6400,320546,137,2,1,24,2,1,44,0.001,0.001,,,,,NVIDIA A100-SXM4-40GB MIG 4g.20gb (0),1,,13,"void ch_est::chEstFilterNoDftSOfdmDispatchKernel<float, __half, float, (unsigned int)2>(ch_est::puschRxChEstStatDescr_t *, ch_est::puschRxChEstDynDescr_t *)"
4861947050,3072,320557,103,1,1,128,1,1,16,0.000,0.000,,,,,NVIDIA A100-SXM4-40GB MIG 4g.20gb (0),1,,13,cupy_copy__complex64_complex64
4861954698,12479,320567,1434,1,1,128,1,1,16,0.000,0.000,,,,,NVIDIA A100-SXM4-40GB MIG 4g.20gb (0),1,,13,cupy_copy__complex64_complex64
4861970217,2592,320574,103,1,1,128,1,1,16,0.000,0.000,,,,,NVIDIA A100-SXM4-40GB MIG 4g.20gb (0),1,,13,cupy_copy__complex64_complex64
4861979017,89471,320581,1,1,1,32,32,1,30,0.000,0.000,,,,,NVIDIA A100-SXM4-40GB MIG 4g.20gb (0),1,,13,"void convert_kernel<__half2, float2>(tensor_layout_any, T1 *, tensor_layout_any, const T2 *)"
4862100360,13376,320584,,,,,,,,,,0.094,7004.713,Pinned,Device,NVIDIA A100-SXM4-40GB MIG 4g.20gb (0),1,,13,[CUDA memcpy Host-to-Device]
4862125640,47199,320585,,,,,,,,,,35.810,758668.965,Device,,NVIDIA A100-SXM4-40GB MIG 4g.20gb (0),1,,13,[CUDA memset]
4862177031,8000,320587,,,,,,,,,,0.000,10.000,Pinned,Device,NVIDIA A100-SXM4-40GB MIG 4g.20gb (0),1,,13,[CUDA memcpy Host-to-Device]
4862197575,14783,320588,,,,,,,,,,0.197,13299.548,Pinned,Device,NVIDIA A100-SXM4-40GB MIG 4g.20gb (0),1,,13,[CUDA memcpy Host-to-Device]
4862227430,11232,320589,273,1,1,48,1,1,40,0.000,0.001,,,,,NVIDIA A100-SXM4-40GB MIG 4g.20gb (0),1,,13,"void pusch_noise_intf_est::noiseIntfEstNoDftSOfdmKernel<float, __half, float, float, (unsigned int)2, (unsigned int)1, (unsigned char)4, (unsigned char)4>(pusch_noise_intf_est::puschRxNoiseIntfEstDynDescr)"
4862247302,2976,320600,35,1,1,128,1,1,16,0.000,0.000,,,,,NVIDIA A100-SXM4-40GB MIG 4g.20gb (0),1,,13,cupy_copy__complex64_complex64
4862257446,1760,320609,1,1,1,1,1,1,18,0.000,0.000,,,,,NVIDIA A100-SXM4-40GB MIG 4g.20gb (0),1,,13,cupy_copy__float32_float32
4862263270,4000,320615,,,,,,,,,,0.000,1.000,Device,Pageable,NVIDIA A100-SXM4-40GB MIG 4g.20gb (0),1,,7,[CUDA memcpy Device-to-Host]
4862341829,12832,320626,1434,1,1,128,1,1,16,0.000,0.000,,,,,NVIDIA A100-SXM4-40GB MIG 4g.20gb (0),1,,13,cupy_copy__complex64_complex64
4862368773,2656,320633,103,1,1,128,1,1,16,0.000,0.000,,,,,NVIDIA A100-SXM4-40GB MIG 4g.20gb (0),1,,13,cupy_copy__complex64_complex64
4862388196,2592,320640,35,1,1,128,1,1,16,0.000,0.000,,,,,NVIDIA A100-SXM4-40GB MIG 4g.20gb (0),1,,13,cupy_copy__complex64_complex64
4862400292,1792,320647,1,1,1,1,1,1,18,0.000,0.000,,,,,NVIDIA A100-SXM4-40GB MIG 4g.20gb (0),1,,13,cupy_copy__float32_float32
4862528867,82303,320658,1,1,1,32,32,1,30,0.000,0.000,,,,,NVIDIA A100-SXM4-40GB MIG 4g.20gb (0),1,,13,"void convert_kernel<__half2, float2>(tensor_layout_any, T1 *, tensor_layout_any, const T2 *)"
4862639009,5600,320661,,,,,,,,,,0.094,16731.388,Pinned,Device,NVIDIA A100-SXM4-40GB MIG 4g.20gb (0),1,,13,[CUDA memcpy Host-to-Device]
4862653313,3168,320662,,,,,,,,,,1.547,488201.145,Device,,NVIDIA A100-SXM4-40GB MIG 4g.20gb (0),1,,13,[CUDA memset]
4862660065,3264,320667,,,,,,,,,,0.031,9588.218,Pinned,Device,NVIDIA A100-SXM4-40GB MIG 4g.20gb (0),1,,13,[CUDA memcpy Host-to-Device]
4862665761,9472,320668,,,,,,,,,,0.197,20756.693,Pinned,Device,NVIDIA A100-SXM4-40GB MIG 4g.20gb (0),1,,13,[CUDA memcpy Host-to-Device]
4862681697,5824,320669,273,1,1,8,4,1,39,0.002,0.000,,,,,NVIDIA A100-SXM4-40GB MIG 4g.20gb (0),1,,13,"void channel_eq::eqMmseCoefCompLowMimoKernel<float, float, float, (unsigned int)4, (unsigned int)1, (unsigned int)4>(const channel_eq::_puschRxChEqStatDescr *, channel_eq::_puschRxChEqCoefCompDynDescr)"
4862688609,6112,320670,273,1,1,12,11,1,51,0.002,0.000,,,,,NVIDIA A100-SXM4-40GB MIG 4g.20gb (0),1,,13,"void channel_eq::eqMmseSoftDemapKernel<float, __half, __half, float, (unsigned int)4, (unsigned short)16383>(channel_eq::_puschRxChEqStatDescr *, channel_eq::_puschRxChEqSoftDemapDynDescr)"
4862695905,282524,320671,1,1,1,32,32,1,30,0.000,0.000,,,,,NVIDIA A100-SXM4-40GB MIG 4g.20gb (0),1,,13,"void convert_kernel<float2, __half2>(tensor_layout_any, T1 *, tensor_layout_any, const T2 *)"
4862981405,10944,320683,2253,1,1,128,1,1,16,0.000,0.000,,,,,NVIDIA A100-SXM4-40GB MIG 4g.20gb (0),1,,13,cupy_copy__float16_float16
4862996093,3776,320692,282,1,1,128,1,1,16,0.000,0.000,,,,,NVIDIA A100-SXM4-40GB MIG 4g.20gb (0),1,,13,cupy_copy__complex64_complex64
4863003773,2112,320701,26,1,1,128,1,1,16,0.000,0.000,,,,,NVIDIA A100-SXM4-40GB MIG 4g.20gb (0),1,,13,cupy_copy__float32_float32
4863006973,4608,320710,103,1,1,128,1,1,16,0.000,0.000,,,,,NVIDIA A100-SXM4-40GB MIG 4g.20gb (0),1,,13,cupy_copy__complex64_complex64
4863012605,12319,320720,1434,1,1,128,1,1,16,0.000,0.000,,,,,NVIDIA A100-SXM4-40GB MIG 4g.20gb (0),1,,13,cupy_copy__complex64_complex64
4863036988,88127,320725,1,1,1,32,32,1,30,0.000,0.000,,,,,NVIDIA A100-SXM4-40GB MIG 4g.20gb (0),1,,13,"void convert_kernel<__half2, float2>(tensor_layout_any, T1 *, tensor_layout_any, const T2 *)"
4863151931,5568,320728,,,,,,,,,,0.094,16827.521,Pinned,Device,NVIDIA A100-SXM4-40GB MIG 4g.20gb (0),1,,13,[CUDA memcpy Host-to-Device]
4863162267,597080,320729,,,,,,,,,,456.561,764283.851,Device,,NVIDIA A100-SXM4-40GB MIG 4g.20gb (0),1,,13,[CUDA memset]
4863765779,123231,320734,,,,,,,,,,1.235,10020.336,Pinned,Device,NVIDIA A100-SXM4-40GB MIG 4g.20gb (0),1,,13,[CUDA memcpy Host-to-Device]
4863897458,31807,320735,,,,,,,,,,0.197,6181.159,Pinned,Device,NVIDIA A100-SXM4-40GB MIG 4g.20gb (0),1,,13,[CUDA memcpy Host-to-Device]
4863946257,7936,320736,69,4,1,48,1,1,76,0.002,0.000,,,,,NVIDIA A100-SXM4-40GB MIG 4g.20gb (0),1,,13,"void ch_est::windowedChEstPreNoDftSOfdmKernel<float, __half, float, (unsigned int)2, (unsigned int)1, (unsigned short)4>(ch_est::puschRxChEstStatDescr_t *, ch_est::puschRxChEstDynDescr_t *)"
4863957905,7360,320737,137,2,1,24,2,1,44,0.001,0.001,,,,,NVIDIA A100-SXM4-40GB MIG 4g.20gb (0),1,,13,"void ch_est::chEstFilterNoDftSOfdmDispatchKernel<float, __half, float, (unsigned int)2>(ch_est::puschRxChEstStatDescr_t *, ch_est::puschRxChEstDynDescr_t *)"
4863972241,5216,320738,137,2,1,24,2,1,44,0.001,0.001,,,,,NVIDIA A100-SXM4-40GB MIG 4g.20gb (0),1,,13,"void ch_est::chEstFilterNoDftSOfdmDispatchKernel<float, __half, float, (unsigned int)2>(ch_est::puschRxChEstStatDescr_t *, ch_est::puschRxChEstDynDescr_t *)"
4863979633,2496,320749,103,1,1,128,1,1,16,0.000,0.000,,,,,NVIDIA A100-SXM4-40GB MIG 4g.20gb (0),1,,13,cupy_copy__complex64_complex64
4863987025,12415,320759,1434,1,1,128,1,1,16,0.000,0.000,,,,,NVIDIA A100-SXM4-40GB MIG 4g.20gb (0),1,,13,cupy_copy__complex64_complex64
4864007088,2592,320766,103,1,1,128,1,1,16,0.000,0.000,,,,,NVIDIA A100-SXM4-40GB MIG 4g.20gb (0),1,,13,cupy_copy__complex64_complex64
4864013872,86783,320773,1,1,1,32,32,1,30,0.000,0.000,,,,,NVIDIA A100-SXM4-40GB MIG 4g.20gb (0),1,,13,"void convert_kernel<__half2, float2>(tensor_layout_any, T1 *, tensor_layout_any, const T2 *)"
4864128559,5856,320776,,,,,,,,,,0.094,15999.997,Pinned,Device,NVIDIA A100-SXM4-40GB MIG 4g.20gb (0),1,,13,[CUDA memcpy Host-to-Device]
4864142607,46367,320777,,,,,,,,,,35.810,772312.545,Device,,NVIDIA A100-SXM4-40GB MIG 4g.20gb (0),1,,13,[CUDA memset]
4864195534,4000,320779,,,,,,,,,,0.000,20.000,Pinned,Device,NVIDIA A100-SXM4-40GB MIG 4g.20gb (0),1,,13,[CUDA memcpy Host-to-Device]
4864203950,14816,320780,,,,,,,,,,0.197,13269.860,Pinned,Device,NVIDIA A100-SXM4-40GB MIG 4g.20gb (0),1,,13,[CUDA memcpy Host-to-Device]
4864228878,12319,320781,273,1,1,48,1,1,40,0.000,0.001,,,,,NVIDIA A100-SXM4-40GB MIG 4g.20gb (0),1,,13,"void pusch_noise_intf_est::noiseIntfEstNoDftSOfdmKernel<float, __half, float, float, (unsigned int)2, (unsigned int)1, (unsigned char)4, (unsigned char)4>(pusch_noise_intf_est::puschRxNoiseIntfEstDynDescr)"
4864247085,3456,320792,35,1,1,128,1,1,16,0.000,0.000,,,,,NVIDIA A100-SXM4-40GB MIG 4g.20gb (0),1,,13,cupy_copy__complex64_complex64
4864252525,1888,320801,1,1,1,1,1,1,18,0.000,0.000,,,,,NVIDIA A100-SXM4-40GB MIG 4g.20gb (0),1,,13,cupy_copy__float32_float32
4864279309,1568,320807,,,,,,,,,,0.000,2.551,Device,Pageable,NVIDIA A100-SXM4-40GB MIG 4g.20gb (0),1,,7,[CUDA memcpy Device-to-Host]
4864338444,12800,320818,1434,1,1,128,1,1,16,0.000,0.000,,,,,NVIDIA A100-SXM4-40GB MIG 4g.20gb (0),1,,13,cupy_copy__complex64_complex64
4864365548,2816,320825,103,1,1,128,1,1,16,0.000,0.000,,,,,NVIDIA A100-SXM4-40GB MIG 4g.20gb (0),1,,13,cupy_copy__complex64_complex64
4864386636,2656,320832,35,1,1,128,1,1,16,0.000,0.000,,,,,NVIDIA A100-SXM4-40GB MIG 4g.20gb (0),1,,13,cupy_copy__complex64_complex64
4864404523,1792,320839,1,1,1,1,1,1,18,0.000,0.000,,,,,NVIDIA A100-SXM4-40GB MIG 4g.20gb (0),1,,13,cupy_copy__float32_float32
4864539338,81247,320850,1,1,1,32,32,1,30,0.000,0.000,,,,,NVIDIA A100-SXM4-40GB MIG 4g.20gb (0),1,,13,"void convert_kernel<__half2, float2>(tensor_layout_any, T1 *, tensor_layout_any, const T2 *)"
4864647624,6080,320853,,,,,,,,,,0.094,15410.462,Pinned,Device,NVIDIA A100-SXM4-40GB MIG 4g.20gb (0),1,,13,[CUDA memcpy Host-to-Device]
4864662440,3264,320854,,,,,,,,,,1.547,473842.288,Device,,NVIDIA A100-SXM4-40GB MIG 4g.20gb (0),1,,13,[CUDA memset]
4864669544,3072,320859,,,,,,,,,,0.031,10187.474,Pinned,Device,NVIDIA A100-SXM4-40GB MIG 4g.20gb (0),1,,13,[CUDA memcpy Host-to-Device]
4864675176,9792,320860,,,,,,,,,,0.197,20078.395,Pinned,Device,NVIDIA A100-SXM4-40GB MIG 4g.20gb (0),1,,13,[CUDA memcpy Host-to-Device]
4864690472,6368,320861,273,1,1,8,4,1,39,0.002,0.000,,,,,NVIDIA A100-SXM4-40GB MIG 4g.20gb (0),1,,13,"void channel_eq::eqMmseCoefCompLowMimoKernel<float, float, float, (unsigned int)4, (unsigned int)1, (unsigned int)4>(const channel_eq::_puschRxChEqStatDescr *, channel_eq::_puschRxChEqCoefCompDynDescr)"
4864698344,5568,320862,273,1,1,12,11,1,51,0.002,0.000,,,,,NVIDIA A100-SXM4-40GB MIG 4g.20gb (0),1,,13,"void channel_eq::eqMmseSoftDemapKernel<float, __half, __half, float, (unsigned int)4, (unsigned short)16383>(channel_eq::_puschRxChEqStatDescr *, channel_eq::_puschRxChEqSoftDemapDynDescr)"
4864705608,295164,320863,1,1,1,32,32,1,30,0.000,0.000,,,,,NVIDIA A100-SXM4-40GB MIG 4g.20gb (0),1,,13,"void convert_kernel<float2, __half2>(tensor_layout_any, T1 *, tensor_layout_any, const T2 *)"
4865001828,10912,320875,2253,1,1,128,1,1,16,0.000,0.000,,,,,NVIDIA A100-SXM4-40GB MIG 4g.20gb (0),1,,13,cupy_copy__float16_float16
4865014660,3328,320884,282,1,1,128,1,1,16,0.000,0.000,,,,,NVIDIA A100-SXM4-40GB MIG 4g.20gb (0),1,,13,cupy_copy__complex64_complex64
4865019108,2048,320893,26,1,1,128,1,1,16,0.000,0.000,,,,,NVIDIA A100-SXM4-40GB MIG 4g.20gb (0),1,,13,cupy_copy__float32_float32
4865024324,2784,320902,103,1,1,128,1,1,16,0.000,0.000,,,,,NVIDIA A100-SXM4-40GB MIG 4g.20gb (0),1,,13,cupy_copy__complex64_complex64
4865029188,12192,320912,1434,1,1,128,1,1,16,0.000,0.000,,,,,NVIDIA A100-SXM4-40GB MIG 4g.20gb (0),1,,13,cupy_copy__complex64_complex64
4865043364,82623,320917,1,1,1,32,32,1,30,0.000,0.000,,,,,NVIDIA A100-SXM4-40GB MIG 4g.20gb (0),1,,13,"void convert_kernel<__half2, float2>(tensor_layout_any, T1 *, tensor_layout_any, const T2 *)"
4865152994,6016,320920,,,,,,,,,,0.094,15574.430,Pinned,Device,NVIDIA A100-SXM4-40GB MIG 4g.20gb (0),1,,13,[CUDA memcpy Host-to-Device]
4865162882,598297,320921,,,,,,,,,,456.561,762914.166,Device,,NVIDIA A100-SXM4-40GB MIG 4g.20gb (0),1,,13,[CUDA memset]
4865766651,165982,320926,,,,,,,,,,1.235,7439.303,Pinned,Device,NVIDIA A100-SXM4-40GB MIG 4g.20gb (0),1,,13,[CUDA memcpy Host-to-Device]
4865944504,40224,320927,,,,,,,,,,0.197,4887.675,Pinned,Device,NVIDIA A100-SXM4-40GB MIG 4g.20gb (0),1,,13,[CUDA memcpy Host-to-Device]
4866012472,8192,320928,69,4,1,48,1,1,76,0.002,0.000,,,,,NVIDIA A100-SXM4-40GB MIG 4g.20gb (0),1,,13,"void ch_est::windowedChEstPreNoDftSOfdmKernel<float, __half, float, (unsigned int)2, (unsigned int)1, (unsigned short)4>(ch_est::puschRxChEstStatDescr_t *, ch_est::puschRxChEstDynDescr_t *)"
4866029879,6592,320929,137,2,1,24,2,1,44,0.001,0.001,,,,,NVIDIA A100-SXM4-40GB MIG 4g.20gb (0),1,,13,"void ch_est::chEstFilterNoDftSOfdmDispatchKernel<float, __half, float, (unsigned int)2>(ch_est::puschRxChEstStatDescr_t *, ch_est::puschRxChEstDynDescr_t *)"
4866044503,4736,320930,137,2,1,24,2,1,44,0.001,0.001,,,,,NVIDIA A100-SXM4-40GB MIG 4g.20gb (0),1,,13,"void ch_est::chEstFilterNoDftSOfdmDispatchKernel<float, __half, float, (unsigned int)2>(ch_est::puschRxChEstStatDescr_t *, ch_est::puschRxChEstDynDescr_t *)"
4866058583,2624,320941,103,1,1,128,1,1,16,0.000,0.000,,,,,NVIDIA A100-SXM4-40GB MIG 4g.20gb (0),1,,13,cupy_copy__complex64_complex64
4866073015,12672,320951,1434,1,1,128,1,1,16,0.000,0.000,,,,,NVIDIA A100-SXM4-40GB MIG 4g.20gb (0),1,,13,cupy_copy__complex64_complex64
4866104727,2591,320958,103,1,1,128,1,1,16,0.000,0.000,,,,,NVIDIA A100-SXM4-40GB MIG 4g.20gb (0),1,,13,cupy_copy__complex64_complex64
4866120150,90015,320965,1,1,1,32,32,1,30,0.000,0.000,,,,,NVIDIA A100-SXM4-40GB MIG 4g.20gb (0),1,,13,"void convert_kernel<__half2, float2>(tensor_layout_any, T1 *, tensor_layout_any, const T2 *)"
4866236949,5632,320968,,,,,,,,,,0.094,16636.287,Pinned,Device,NVIDIA A100-SXM4-40GB MIG 4g.20gb (0),1,,13,[CUDA memcpy Host-to-Device]
4866248469,47391,320969,,,,,,,,,,35.810,755625.122,Device,,NVIDIA A100-SXM4-40GB MIG 4g.20gb (0),1,,13,[CUDA memset]
4866301876,4480,320971,,,,,,,,,,0.000,17.857,Pinned,Device,NVIDIA A100-SXM4-40GB MIG 4g.20gb (0),1,,13,[CUDA memcpy Host-to-Device]
4866310484,10624,320972,,,,,,,,,,0.197,18505.925,Pinned,Device,NVIDIA A100-SXM4-40GB MIG 4g.20gb (0),1,,13,[CUDA memcpy Host-to-Device]
4866328948,12448,320973,273,1,1,48,1,1,40,0.000,0.001,,,,,NVIDIA A100-SXM4-40GB MIG 4g.20gb (0),1,,13,"void pusch_noise_intf_est::noiseIntfEstNoDftSOfdmKernel<float, __half, float, float, (unsigned int)2, (unsigned int)1, (unsigned char)4, (unsigned char)4>(pusch_noise_intf_est::puschRxNoiseIntfEstDynDescr)"
4866344020,2944,320984,35,1,1,128,1,1,16,0.000,0.000,,,,,NVIDIA A100-SXM4-40GB MIG 4g.20gb (0),1,,13,cupy_copy__complex64_complex64
4866358451,1824,320993,1,1,1,1,1,1,18,0.000,0.000,,,,,NVIDIA A100-SXM4-40GB MIG 4g.20gb (0),1,,13,cupy_copy__float32_float32
4866387411,2144,320999,,,,,,,,,,0.000,1.866,Device,Pageable,NVIDIA A100-SXM4-40GB MIG 4g.20gb (0),1,,7,[CUDA memcpy Device-to-Host]
4866446674,12864,321010,1434,1,1,128,1,1,16,0.000,0.000,,,,,NVIDIA A100-SXM4-40GB MIG 4g.20gb (0),1,,13,cupy_copy__complex64_complex64
4866474130,2752,321017,103,1,1,128,1,1,16,0.000,0.000,,,,,NVIDIA A100-SXM4-40GB MIG 4g.20gb (0),1,,13,cupy_copy__complex64_complex64
4866495858,2336,321024,35,1,1,128,1,1,16,0.000,0.000,,,,,NVIDIA A100-SXM4-40GB MIG 4g.20gb (0),1,,13,cupy_copy__complex64_complex64
4866517489,1792,321031,1,1,1,1,1,1,18,0.000,0.000,,,,,NVIDIA A100-SXM4-40GB MIG 4g.20gb (0),1,,13,cupy_copy__float32_float32
4866648976,82335,321042,1,1,1,32,32,1,30,0.000,0.000,,,,,NVIDIA A100-SXM4-40GB MIG 4g.20gb (0),1,,13,"void convert_kernel<__half2, float2>(tensor_layout_any, T1 *, tensor_layout_any, const T2 *)"
4866759598,5728,321045,,,,,,,,,,0.094,16357.541,Pinned,Device,NVIDIA A100-SXM4-40GB MIG 4g.20gb (0),1,,13,[CUDA memcpy Host-to-Device]
4866773326,3296,321046,,,,,,,,,,1.547,469242.628,Device,,NVIDIA A100-SXM4-40GB MIG 4g.20gb (0),1,,13,[CUDA memset]
4866780590,3520,321051,,,,,,,,,,0.031,8890.881,Pinned,Device,NVIDIA A100-SXM4-40GB MIG 4g.20gb (0),1,,13,[CUDA memcpy Host-to-Device]
4866786510,9472,321052,,,,,,,,,,0.197,20756.693,Pinned,Device,NVIDIA A100-SXM4-40GB MIG 4g.20gb (0),1,,13,[CUDA memcpy Host-to-Device]
4866802414,6208,321053,273,1,1,8,4,1,39,0.002,0.000,,,,,NVIDIA A100-SXM4-40GB MIG 4g.20gb (0),1,,13,"void channel_eq::eqMmseCoefCompLowMimoKernel<float, float, float, (unsigned int)4, (unsigned int)1, (unsigned int)4>(const channel_eq::_puschRxChEqStatDescr *, channel_eq::_puschRxChEqCoefCompDynDescr)"
4866809710,7808,321054,273,1,1,12,11,1,51,0.002,0.000,,,,,NVIDIA A100-SXM4-40GB MIG 4g.20gb (0),1,,13,"void channel_eq::eqMmseSoftDemapKernel<float, __half, __half, float, (unsigned int)4, (unsigned short)16383>(channel_eq::_puschRxChEqStatDescr *, channel_eq::_puschRxChEqSoftDemapDynDescr)"
4866818446,282716,321055,1,1,1,32,32,1,30,0.000,0.000,,,,,NVIDIA A100-SXM4-40GB MIG 4g.20gb (0),1,,13,"void convert_kernel<float2, __half2>(tensor_layout_any, T1 *, tensor_layout_any, const T2 *)"
4867102218,11008,321067,2253,1,1,128,1,1,16,0.000,0.000,,,,,NVIDIA A100-SXM4-40GB MIG 4g.20gb (0),1,,13,cupy_copy__float16_float16
4867115338,3872,321076,282,1,1,128,1,1,16,0.000,0.000,,,,,NVIDIA A100-SXM4-40GB MIG 4g.20gb (0),1,,13,cupy_copy__complex64_complex64
4867122954,2016,321085,26,1,1,128,1,1,16,0.000,0.000,,,,,NVIDIA A100-SXM4-40GB MIG 4g.20gb (0),1,,13,cupy_copy__float32_float32
4867128426,3136,321094,103,1,1,128,1,1,16,0.000,0.000,,,,,NVIDIA A100-SXM4-40GB MIG 4g.20gb (0),1,,13,cupy_copy__complex64_complex64
4867134986,12160,321104,1434,1,1,128,1,1,16,0.000,0.000,,,,,NVIDIA A100-SXM4-40GB MIG 4g.20gb (0),1,,13,cupy_copy__complex64_complex64
4867154186,82751,321109,1,1,1,32,32,1,30,0.000,0.000,,,,,NVIDIA A100-SXM4-40GB MIG 4g.20gb (0),1,,13,"void convert_kernel<__half2, float2>(tensor_layout_any, T1 *, tensor_layout_any, const T2 *)"
4867263816,5728,321112,,,,,,,,,,0.094,16357.541,Pinned,Device,NVIDIA A100-SXM4-40GB MIG 4g.20gb (0),1,,13,[CUDA memcpy Host-to-Device]
4867273736,601945,321113,,,,,,,,,,456.561,758348.552,Device,,NVIDIA A100-SXM4-40GB MIG 4g.20gb (0),1,,13,[CUDA memset]
4867882209,134078,321118,,,,,,,,,,1.235,9210.212,Pinned,Device,NVIDIA A100-SXM4-40GB MIG 4g.20gb (0),1,,13,[CUDA memcpy Host-to-Device]
4868026239,37439,321119,,,,,,,,,,0.197,5251.400,Pinned,Device,NVIDIA A100-SXM4-40GB MIG 4g.20gb (0),1,,13,[CUDA memcpy Host-to-Device]
4868090302,7936,321120,69,4,1,48,1,1,76,0.002,0.000,,,,,NVIDIA A100-SXM4-40GB MIG 4g.20gb (0),1,,13,"void ch_est::windowedChEstPreNoDftSOfdmKernel<float, __half, float, (unsigned int)2, (unsigned int)1, (unsigned short)4>(ch_est::puschRxChEstStatDescr_t *, ch_est::puschRxChEstDynDescr_t *)"
4868110270,7104,321121,137,2,1,24,2,1,44,0.001,0.001,,,,,NVIDIA A100-SXM4-40GB MIG 4g.20gb (0),1,,13,"void ch_est::chEstFilterNoDftSOfdmDispatchKernel<float, __half, float, (unsigned int)2>(ch_est::puschRxChEstStatDescr_t *, ch_est::puschRxChEstDynDescr_t *)"
4868128414,4768,321122,137,2,1,24,2,1,44,0.001,0.001,,,,,NVIDIA A100-SXM4-40GB MIG 4g.20gb (0),1,,13,"void ch_est::chEstFilterNoDftSOfdmDispatchKernel<float, __half, float, (unsigned int)2>(ch_est::puschRxChEstStatDescr_t *, ch_est::puschRxChEstDynDescr_t *)"
4868145725,2624,321133,103,1,1,128,1,1,16,0.000,0.000,,,,,NVIDIA A100-SXM4-40GB MIG 4g.20gb (0),1,,13,cupy_copy__complex64_complex64
4868162237,12576,321143,1434,1,1,128,1,1,16,0.000,0.000,,,,,NVIDIA A100-SXM4-40GB MIG 4g.20gb (0),1,,13,cupy_copy__complex64_complex64
4868181597,2912,321150,103,1,1,128,1,1,16,0.000,0.000,,,,,NVIDIA A100-SXM4-40GB MIG 4g.20gb (0),1,,13,cupy_copy__complex64_complex64
4868201309,93439,321157,1,1,1,32,32,1,30,0.000,0.000,,,,,NVIDIA A100-SXM4-40GB MIG 4g.20gb (0),1,,13,"void convert_kernel<__half2, float2>(tensor_layout_any, T1 *, tensor_layout_any, const T2 *)"
4868332603,15808,321160,,,,,,,,,,0.094,5927.115,Pinned,Device,NVIDIA A100-SXM4-40GB MIG 4g.20gb (0),1,,13,[CUDA memcpy Host-to-Device]
4868373019,47359,321161,,,,,,,,,,35.810,756126.461,Device,,NVIDIA A100-SXM4-40GB MIG 4g.20gb (0),1,,13,[CUDA memset]
4868423706,10752,321163,,,,,,,,,,0.000,7.440,Pinned,Device,NVIDIA A100-SXM4-40GB MIG 4g.20gb (0),1,,13,[CUDA memcpy Host-to-Device]
4868445242,24415,321164,,,,,,,,,,0.197,8052.670,Pinned,Device,NVIDIA A100-SXM4-40GB MIG 4g.20gb (0),1,,13,[CUDA memcpy Host-to-Device]
4868487033,10144,321165,273,1,1,48,1,1,40,0.000,0.001,,,,,NVIDIA A100-SXM4-40GB MIG 4g.20gb (0),1,,13,"void pusch_noise_intf_est::noiseIntfEstNoDftSOfdmKernel<float, __half, float, float, (unsigned int)2, (unsigned int)1, (unsigned char)4, (unsigned char)4>(pusch_noise_intf_est::puschRxNoiseIntfEstDynDescr)"
4868509465,2848,321176,35,1,1,128,1,1,16,0.000,0.000,,,,,NVIDIA A100-SXM4-40GB MIG 4g.20gb (0),1,,13,cupy_copy__complex64_complex64
4868518169,1824,321185,1,1,1,1,1,1,18,0.000,0.000,,,,,NVIDIA A100-SXM4-40GB MIG 4g.20gb (0),1,,13,cupy_copy__float32_float32
4868528345,2720,321191,,,,,,,,,,0.000,1.471,Device,Pageable,NVIDIA A100-SXM4-40GB MIG 4g.20gb (0),1,,7,[CUDA memcpy Device-to-Host]
4868593304,12928,321202,1434,1,1,128,1,1,16,0.000,0.000,,,,,NVIDIA A100-SXM4-40GB MIG 4g.20gb (0),1,,13,cupy_copy__complex64_complex64
4868620504,2943,321209,103,1,1,128,1,1,16,0.000,0.000,,,,,NVIDIA A100-SXM4-40GB MIG 4g.20gb (0),1,,13,cupy_copy__complex64_complex64
4868644695,2464,321216,35,1,1,128,1,1,16,0.000,0.000,,,,,NVIDIA A100-SXM4-40GB MIG 4g.20gb (0),1,,13,cupy_copy__complex64_complex64
4868664343,1792,321223,1,1,1,1,1,1,18,0.000,0.000,,,,,NVIDIA A100-SXM4-40GB MIG 4g.20gb (0),1,,13,cupy_copy__float32_float32
4868794101,87199,321234,1,1,1,32,32,1,30,0.000,0.000,,,,,NVIDIA A100-SXM4-40GB MIG 4g.20gb (0),1,,13,"void convert_kernel<__half2, float2>(tensor_layout_any, T1 *, tensor_layout_any, const T2 *)"
4868908948,5760,321237,,,,,,,,,,0.094,16266.656,Pinned,Device,NVIDIA A100-SXM4-40GB MIG 4g.20gb (0),1,,13,[CUDA memcpy Host-to-Device]
4868923348,3200,321238,,,,,,,,,,1.547,483320.000,Device,,NVIDIA A100-SXM4-40GB MIG 4g.20gb (0),1,,13,[CUDA memset]
4868930964,3168,321243,,,,,,,,,,0.031,9878.770,Pinned,Device,NVIDIA A100-SXM4-40GB MIG 4g.20gb (0),1,,13,[CUDA memcpy Host-to-Device]
4868937396,9631,321244,,,,,,,,,,0.197,20414.005,Pinned,Device,NVIDIA A100-SXM4-40GB MIG 4g.20gb (0),1,,13,[CUDA memcpy Host-to-Device]
4868952819,8064,321245,273,1,1,8,4,1,39,0.002,0.000,,,,,NVIDIA A100-SXM4-40GB MIG 4g.20gb (0),1,,13,"void channel_eq::eqMmseCoefCompLowMimoKernel<float, float, float, (unsigned int)4, (unsigned int)1, (unsigned int)4>(const channel_eq::_puschRxChEqStatDescr *, channel_eq::_puschRxChEqCoefCompDynDescr)"
4868962131,6016,321246,273,1,1,12,11,1,51,0.002,0.000,,,,,NVIDIA A100-SXM4-40GB MIG 4g.20gb (0),1,,13,"void channel_eq::eqMmseSoftDemapKernel<float, __half, __half, float, (unsigned int)4, (unsigned short)16383>(channel_eq::_puschRxChEqStatDescr *, channel_eq::_puschRxChEqSoftDemapDynDescr)"
4868969139,300317,321247,1,1,1,32,32,1,30,0.000,0.000,,,,,NVIDIA A100-SXM4-40GB MIG 4g.20gb (0),1,,13,"void convert_kernel<float2, __half2>(tensor_layout_any, T1 *, tensor_layout_any, const T2 *)"
4869271119,10880,321259,2253,1,1,128,1,1,16,0.000,0.000,,,,,NVIDIA A100-SXM4-40GB MIG 4g.20gb (0),1,,13,cupy_copy__float16_float16
4869284143,3392,321268,282,1,1,128,1,1,16,0.000,0.000,,,,,NVIDIA A100-SXM4-40GB MIG 4g.20gb (0),1,,13,cupy_copy__complex64_complex64
4869289423,2304,321277,26,1,1,128,1,1,16,0.000,0.000,,,,,NVIDIA A100-SXM4-40GB MIG 4g.20gb (0),1,,13,cupy_copy__float32_float32
4869295151,4576,321286,103,1,1,128,1,1,16,0.000,0.000,,,,,NVIDIA A100-SXM4-40GB MIG 4g.20gb (0),1,,13,cupy_copy__complex64_complex64
4869347631,12479,321302,1434,1,1,128,1,1,16,0.000,0.000,,,,,NVIDIA A100-SXM4-40GB MIG 4g.20gb (0),1,,13,cupy_copy__complex64_complex64
4869461325,81791,321307,1,1,1,32,32,1,30,0.000,0.000,,,,,NVIDIA A100-SXM4-40GB MIG 4g.20gb (0),1,,13,"void convert_kernel<__half2, float2>(tensor_layout_any, T1 *, tensor_layout_any, const T2 *)"
4869569964,5408,321310,,,,,,,,,,0.094,17325.421,Pinned,Device,NVIDIA A100-SXM4-40GB MIG 4g.20gb (0),1,,13,[CUDA memcpy Host-to-Device]
4869582860,596984,321311,,,,,,,,,,456.561,764740.412,Device,,NVIDIA A100-SXM4-40GB MIG 4g.20gb (0),1,,13,[CUDA memset]
4870191140,132735,321316,,,,,,,,,,1.235,9302.833,Pinned,Device,NVIDIA A100-SXM4-40GB MIG 4g.20gb (0),1,,13,[CUDA memcpy Host-to-Device]
4870335970,40416,321317,,,,,,,,,,0.197,4864.475,Pinned,Device,NVIDIA A100-SXM4-40GB MIG 4g.20gb (0),1,,13,[CUDA memcpy Host-to-Device]
4870398658,8159,321318,69,4,1,48,1,1,76,0.002,0.000,,,,,NVIDIA A100-SXM4-40GB MIG 4g.20gb (0),1,,13,"void ch_est::windowedChEstPreNoDftSOfdmKernel<float, __half, float, (unsigned int)2, (unsigned int)1, (unsigned short)4>(ch_est::puschRxChEstStatDescr_t *, ch_est::puschRxChEstDynDescr_t *)"
4870416737,6816,321319,137,2,1,24,2,1,44,0.001,0.001,,,,,NVIDIA A100-SXM4-40GB MIG 4g.20gb (0),1,,13,"void ch_est::chEstFilterNoDftSOfdmDispatchKernel<float, __half, float, (unsigned int)2>(ch_est::puschRxChEstStatDescr_t *, ch_est::puschRxChEstDynDescr_t *)"
4870433537,4704,321320,137,2,1,24,2,1,44,0.001,0.001,,,,,NVIDIA A100-SXM4-40GB MIG 4g.20gb (0),1,,13,"void ch_est::chEstFilterNoDftSOfdmDispatchKernel<float, __half, float, (unsigned int)2>(ch_est::puschRxChEstStatDescr_t *, ch_est::puschRxChEstDynDescr_t *)"
4870451425,2592,321331,103,1,1,128,1,1,16,0.000,0.000,,,,,NVIDIA A100-SXM4-40GB MIG 4g.20gb (0),1,,13,cupy_copy__complex64_complex64
4870468321,12288,321341,1434,1,1,128,1,1,16,0.000,0.000,,,,,NVIDIA A100-SXM4-40GB MIG 4g.20gb (0),1,,13,cupy_copy__complex64_complex64
4870487233,2911,321348,103,1,1,128,1,1,16,0.000,0.000,,,,,NVIDIA A100-SXM4-40GB MIG 4g.20gb (0),1,,13,cupy_copy__complex64_complex64
4870509184,88415,321355,1,1,1,32,32,1,30,0.000,0.000,,,,,NVIDIA A100-SXM4-40GB MIG 4g.20gb (0),1,,13,"void convert_kernel<__half2, float2>(tensor_layout_any, T1 *, tensor_layout_any, const T2 *)"
4870629215,26367,321358,,,,,,,,,,0.094,3553.514,Pinned,Device,NVIDIA A100-SXM4-40GB MIG 4g.20gb (0),1,,13,[CUDA memcpy Host-to-Device]
4870685822,47103,321359,,,,,,,,,,35.810,760244.602,Device,,NVIDIA A100-SXM4-40GB MIG 4g.20gb (0),1,,13,[CUDA memset]
4870736541,11936,321361,,,,,,,,,,0.000,6.702,Pinned,Device,NVIDIA A100-SXM4-40GB MIG 4g.20gb (0),1,,13,[CUDA memcpy Host-to-Device]
4870757213,34848,321362,,,,,,,,,,0.197,5641.863,Pinned,Device,NVIDIA A100-SXM4-40GB MIG 4g.20gb (0),1,,13,[CUDA memcpy Host-to-Device]
4870811517,9631,321363,273,1,1,48,1,1,40,0.000,0.001,,,,,NVIDIA A100-SXM4-40GB MIG 4g.20gb (0),1,,13,"void pusch_noise_intf_est::noiseIntfEstNoDftSOfdmKernel<float, __half, float, float, (unsigned int)2, (unsigned int)1, (unsigned char)4, (unsigned char)4>(pusch_noise_intf_est::puschRxNoiseIntfEstDynDescr)"
4870827612,2816,321374,35,1,1,128,1,1,16,0.000,0.000,,,,,NVIDIA A100-SXM4-40GB MIG 4g.20gb (0),1,,13,cupy_copy__complex64_complex64
4870842236,1728,321383,1,1,1,1,1,1,18,0.000,0.000,,,,,NVIDIA A100-SXM4-40GB MIG 4g.20gb (0),1,,13,cupy_copy__float32_float32
4870850748,5536,321389,,,,,,,,,,0.000,0.723,Device,Pageable,NVIDIA A100-SXM4-40GB MIG 4g.20gb (0),1,,7,[CUDA memcpy Device-to-Host]
4870939451,12896,321400,1434,1,1,128,1,1,16,0.000,0.000,,,,,NVIDIA A100-SXM4-40GB MIG 4g.20gb (0),1,,13,cupy_copy__complex64_complex64
4870968443,2848,321407,103,1,1,128,1,1,16,0.000,0.000,,,,,NVIDIA A100-SXM4-40GB MIG 4g.20gb (0),1,,13,cupy_copy__complex64_complex64
4870987194,2336,321414,35,1,1,128,1,1,16,0.000,0.000,,,,,NVIDIA A100-SXM4-40GB MIG 4g.20gb (0),1,,13,cupy_copy__complex64_complex64
4871003706,1920,321421,1,1,1,1,1,1,18,0.000,0.000,,,,,NVIDIA A100-SXM4-40GB MIG 4g.20gb (0),1,,13,cupy_copy__float32_float32
4871131193,87006,321432,1,1,1,32,32,1,30,0.000,0.000,,,,,NVIDIA A100-SXM4-40GB MIG 4g.20gb (0),1,,13,"void convert_kernel<__half2, float2>(tensor_layout_any, T1 *, tensor_layout_any, const T2 *)"
4871245431,5440,321435,,,,,,,,,,0.094,17223.480,Pinned,Device,NVIDIA A100-SXM4-40GB MIG 4g.20gb (0),1,,13,[CUDA memcpy Host-to-Device]
4871259863,3296,321436,,,,,,,,,,1.547,469242.628,Device,,NVIDIA A100-SXM4-40GB MIG 4g.20gb (0),1,,13,[CUDA memset]
4871266583,3008,321441,,,,,,,,,,0.031,10404.230,Pinned,Device,NVIDIA A100-SXM4-40GB MIG 4g.20gb (0),1,,13,[CUDA memcpy Host-to-Device]
4871272471,9504,321442,,,,,,,,,,0.197,20686.701,Pinned,Device,NVIDIA A100-SXM4-40GB MIG 4g.20gb (0),1,,13,[CUDA memcpy Host-to-Device]
4871288951,8544,321443,273,1,1,8,4,1,39,0.002,0.000,,,,,NVIDIA A100-SXM4-40GB MIG 4g.20gb (0),1,,13,"void channel_eq::eqMmseCoefCompLowMimoKernel<float, float, float, (unsigned int)4, (unsigned int)1, (unsigned int)4>(const channel_eq::_puschRxChEqStatDescr *, channel_eq::_puschRxChEqCoefCompDynDescr)"
4871298583,6079,321444,273,1,1,12,11,1,51,0.002,0.000,,,,,NVIDIA A100-SXM4-40GB MIG 4g.20gb (0),1,,13,"void channel_eq::eqMmseSoftDemapKernel<float, __half, __half, float, (unsigned int)4, (unsigned short)16383>(channel_eq::_puschRxChEqStatDescr *, channel_eq::_puschRxChEqSoftDemapDynDescr)"
4871305718,282493,321445,1,1,1,32,32,1,30,0.000,0.000,,,,,NVIDIA A100-SXM4-40GB MIG 4g.20gb (0),1,,13,"void convert_kernel<float2, __half2>(tensor_layout_any, T1 *, tensor_layout_any, const T2 *)"
4871590931,10976,321457,2253,1,1,128,1,1,16,0.000,0.000,,,,,NVIDIA A100-SXM4-40GB MIG 4g.20gb (0),1,,13,cupy_copy__float16_float16
4871604915,3584,321466,282,1,1,128,1,1,16,0.000,0.000,,,,,NVIDIA A100-SXM4-40GB MIG 4g.20gb (0),1,,13,cupy_copy__complex64_complex64
4871612083,2080,321475,26,1,1,128,1,1,16,0.000,0.000,,,,,NVIDIA A100-SXM4-40GB MIG 4g.20gb (0),1,,13,cupy_copy__float32_float32
4871615539,4608,321484,103,1,1,128,1,1,16,0.000,0.000,,,,,NVIDIA A100-SXM4-40GB MIG 4g.20gb (0),1,,13,cupy_copy__complex64_complex64
4871622899,11903,321494,1434,1,1,128,1,1,16,0.000,0.000,,,,,NVIDIA A100-SXM4-40GB MIG 4g.20gb (0),1,,13,cupy_copy__complex64_complex64
4871639538,82751,321499,1,1,1,32,32,1,30,0.000,0.000,,,,,NVIDIA A100-SXM4-40GB MIG 4g.20gb (0),1,,13,"void convert_kernel<__half2, float2>(tensor_layout_any, T1 *, tensor_layout_any, const T2 *)"
4871749841,5600,321502,,,,,,,,,,0.094,16731.388,Pinned,Device,NVIDIA A100-SXM4-40GB MIG 4g.20gb (0),1,,13,[CUDA memcpy Host-to-Device]
4871759633,598168,321503,,,,,,,,,,456.561,762914.166,Device,,NVIDIA A100-SXM4-40GB MIG 4g.20gb (0),1,,13,[CUDA memset]
4872362441,135103,321508,,,,,,,,,,1.235,9139.821,Pinned,Device,NVIDIA A100-SXM4-40GB MIG 4g.20gb (0),1,,13,[CUDA memcpy Host-to-Device]
4872506728,31423,321509,,,,,,,,,,0.197,6256.656,Pinned,Device,NVIDIA A100-SXM4-40GB MIG 4g.20gb (0),1,,13,[CUDA memcpy Host-to-Device]
4872555399,8352,321510,69,4,1,48,1,1,76,0.002,0.000,,,,,NVIDIA A100-SXM4-40GB MIG 4g.20gb (0),1,,13,"void ch_est::windowedChEstPreNoDftSOfdmKernel<float, __half, float, (unsigned int)2, (unsigned int)1, (unsigned short)4>(ch_est::puschRxChEstStatDescr_t *, ch_est::puschRxChEstDynDescr_t *)"
4872571143,7232,321511,137,2,1,24,2,1,44,0.001,0.001,,,,,NVIDIA A100-SXM4-40GB MIG 4g.20gb (0),1,,13,"void ch_est::chEstFilterNoDftSOfdmDispatchKernel<float, __half, float, (unsigned int)2>(ch_est::puschRxChEstStatDescr_t *, ch_est::puschRxChEstDynDescr_t *)"
4872585831,4736,321512,137,2,1,24,2,1,44,0.001,0.001,,,,,NVIDIA A100-SXM4-40GB MIG 4g.20gb (0),1,,13,"void ch_est::chEstFilterNoDftSOfdmDispatchKernel<float, __half, float, (unsigned int)2>(ch_est::puschRxChEstStatDescr_t *, ch_est::puschRxChEstDynDescr_t *)"
4872600134,2496,321523,103,1,1,128,1,1,16,0.000,0.000,,,,,NVIDIA A100-SXM4-40GB MIG 4g.20gb (0),1,,13,cupy_copy__complex64_complex64
4872617446,12384,321533,1434,1,1,128,1,1,16,0.000,0.000,,,,,NVIDIA A100-SXM4-40GB MIG 4g.20gb (0),1,,13,cupy_copy__complex64_complex64
4872655462,2560,321540,103,1,1,128,1,1,16,0.000,0.000,,,,,NVIDIA A100-SXM4-40GB MIG 4g.20gb (0),1,,13,cupy_copy__complex64_complex64
4872676038,87486,321547,1,1,1,32,32,1,30,0.000,0.000,,,,,NVIDIA A100-SXM4-40GB MIG 4g.20gb (0),1,,13,"void convert_kernel<__half2, float2>(tensor_layout_any, T1 *, tensor_layout_any, const T2 *)"
4872797380,25888,321550,,,,,,,,,,0.094,3619.195,Pinned,Device,NVIDIA A100-SXM4-40GB MIG 4g.20gb (0),1,,13,[CUDA memcpy Host-to-Device]
4872839108,47807,321551,,,,,,,,,,35.810,749036.097,Device,,NVIDIA A100-SXM4-40GB MIG 4g.20gb (0),1,,13,[CUDA memset]
4872889987,13440,321553,,,,,,,,,,0.000,5.952,Pinned,Device,NVIDIA A100-SXM4-40GB MIG 4g.20gb (0),1,,13,[CUDA memcpy Host-to-Device]
4872913091,32575,321554,,,,,,,,,,0.197,6035.472,Pinned,Device,NVIDIA A100-SXM4-40GB MIG 4g.20gb (0),1,,13,[CUDA memcpy Host-to-Device]
4872970690,9312,321555,273,1,1,48,1,1,40,0.000,0.001,,,,,NVIDIA A100-SXM4-40GB MIG 4g.20gb (0),1,,13,"void pusch_noise_intf_est::noiseIntfEstNoDftSOfdmKernel<float, __half, float, float, (unsigned int)2, (unsigned int)1, (unsigned char)4, (unsigned char)4>(pusch_noise_intf_est::puschRxNoiseIntfEstDynDescr)"
4872990434,2560,321566,35,1,1,128,1,1,16,0.000,0.000,,,,,NVIDIA A100-SXM4-40GB MIG 4g.20gb (0),1,,13,cupy_copy__complex64_complex64
4873006977,1760,321575,1,1,1,1,1,1,18,0.000,0.000,,,,,NVIDIA A100-SXM4-40GB MIG 4g.20gb (0),1,,13,cupy_copy__float32_float32
4873012385,6752,321581,,,,,,,,,,0.000,0.592,Device,Pageable,NVIDIA A100-SXM4-40GB MIG 4g.20gb (0),1,,7,[CUDA memcpy Device-to-Host]
4873115584,12832,321592,1434,1,1,128,1,1,16,0.000,0.000,,,,,NVIDIA A100-SXM4-40GB MIG 4g.20gb (0),1,,13,cupy_copy__complex64_complex64
4873141760,2624,321599,103,1,1,128,1,1,16,0.000,0.000,,,,,NVIDIA A100-SXM4-40GB MIG 4g.20gb (0),1,,13,cupy_copy__complex64_complex64
4873156608,2176,321606,35,1,1,128,1,1,16,0.000,0.000,,,,,NVIDIA A100-SXM4-40GB MIG 4g.20gb (0),1,,13,cupy_copy__complex64_complex64
4873176255,1824,321613,1,1,1,1,1,1,18,0.000,0.000,,,,,NVIDIA A100-SXM4-40GB MIG 4g.20gb (0),1,,13,cupy_copy__float32_float32
4873310974,87551,321624,1,1,1,32,32,1,30,0.000,0.000,,,,,NVIDIA A100-SXM4-40GB MIG 4g.20gb (0),1,,13,"void convert_kernel<__half2, float2>(tensor_layout_any, T1 *, tensor_layout_any, const T2 *)"
4873429372,13632,321627,,,,,,,,,,0.094,6873.164,Pinned,Device,NVIDIA A100-SXM4-40GB MIG 4g.20gb (0),1,,13,[CUDA memcpy Host-to-Device]
4873453276,3328,321628,,,,,,,,,,1.547,464729.580,Device,,NVIDIA A100-SXM4-40GB MIG 4g.20gb (0),1,,13,[CUDA memset]
4873458524,3744,321633,,,,,,,,,,0.031,8358.974,Pinned,Device,NVIDIA A100-SXM4-40GB MIG 4g.20gb (0),1,,13,[CUDA memcpy Host-to-Device]
4873468636,16160,321634,,,,,,,,,,0.197,12166.300,Pinned,Device,NVIDIA A100-SXM4-40GB MIG 4g.20gb (0),1,,13,[CUDA memcpy Host-to-Device]
4873497819,5824,321635,273,1,1,8,4,1,39,0.002,0.000,,,,,NVIDIA A100-SXM4-40GB MIG 4g.20gb (0),1,,13,"void channel_eq::eqMmseCoefCompLowMimoKernel<float, float, float, (unsigned int)4, (unsigned int)1, (unsigned int)4>(const channel_eq::_puschRxChEqStatDescr *, channel_eq::_puschRxChEqCoefCompDynDescr)"
4873505435,6912,321636,273,1,1,12,11,1,51,0.002,0.000,,,,,NVIDIA A100-SXM4-40GB MIG 4g.20gb (0),1,,13,"void channel_eq::eqMmseSoftDemapKernel<float, __half, __half, float, (unsigned int)4, (unsigned short)16383>(channel_eq::_puschRxChEqStatDescr *, channel_eq::_puschRxChEqSoftDemapDynDescr)"
4873520379,283261,321637,1,1,1,32,32,1,30,0.000,0.000,,,,,NVIDIA A100-SXM4-40GB MIG 4g.20gb (0),1,,13,"void convert_kernel<float2, __half2>(tensor_layout_any, T1 *, tensor_layout_any, const T2 *)"
4873805464,10975,321649,2253,1,1,128,1,1,16,0.000,0.000,,,,,NVIDIA A100-SXM4-40GB MIG 4g.20gb (0),1,,13,cupy_copy__float16_float16
4873821143,2688,321658,282,1,1,128,1,1,16,0.000,0.000,,,,,NVIDIA A100-SXM4-40GB MIG 4g.20gb (0),1,,13,cupy_copy__complex64_complex64
4873826359,2528,321667,26,1,1,128,1,1,16,0.000,0.000,,,,,NVIDIA A100-SXM4-40GB MIG 4g.20gb (0),1,,13,cupy_copy__float32_float32
4873829975,2784,321676,103,1,1,128,1,1,16,0.000,0.000,,,,,NVIDIA A100-SXM4-40GB MIG 4g.20gb (0),1,,13,cupy_copy__complex64_complex64
4873835223,12352,321686,1434,1,1,128,1,1,16,0.000,0.000,,,,,NVIDIA A100-SXM4-40GB MIG 4g.20gb (0),1,,13,cupy_copy__complex64_complex64
4873850423,86879,321691,1,1,1,32,32,1,30,0.000,0.000,,,,,NVIDIA A100-SXM4-40GB MIG 4g.20gb (0),1,,13,"void convert_kernel<__half2, float2>(tensor_layout_any, T1 *, tensor_layout_any, const T2 *)"
4873964470,5760,321694,,,,,,,,,,0.094,16266.656,Pinned,Device,NVIDIA A100-SXM4-40GB MIG 4g.20gb (0),1,,13,[CUDA memcpy Host-to-Device]
4873974422,597208,321695,,,,,,,,,,456.561,764283.851,Device,,NVIDIA A100-SXM4-40GB MIG 4g.20gb (0),1,,13,[CUDA memset]
4874578894,159646,321700,,,,,,,,,,1.235,7734.454,Pinned,Device,NVIDIA A100-SXM4-40GB MIG 4g.20gb (0),1,,13,[CUDA memcpy Host-to-Device]
4874750380,37792,321701,,,,,,,,,,0.197,5202.248,Pinned,Device,NVIDIA A100-SXM4-40GB MIG 4g.20gb (0),1,,13,[CUDA memcpy Host-to-Device]
4874800971,8000,321702,69,4,1,48,1,1,76,0.002,0.000,,,,,NVIDIA A100-SXM4-40GB MIG 4g.20gb (0),1,,13,"void ch_est::windowedChEstPreNoDftSOfdmKernel<float, __half, float, (unsigned int)2, (unsigned int)1, (unsigned short)4>(ch_est::puschRxChEstStatDescr_t *, ch_est::puschRxChEstDynDescr_t *)"
4874818347,7008,321703,137,2,1,24,2,1,44,0.001,0.001,,,,,NVIDIA A100-SXM4-40GB MIG 4g.20gb (0),1,,13,"void ch_est::chEstFilterNoDftSOfdmDispatchKernel<float, __half, float, (unsigned int)2>(ch_est::puschRxChEstStatDescr_t *, ch_est::puschRxChEstDynDescr_t *)"
4874828939,4800,321704,137,2,1,24,2,1,44,0.001,0.001,,,,,NVIDIA A100-SXM4-40GB MIG 4g.20gb (0),1,,13,"void ch_est::chEstFilterNoDftSOfdmDispatchKernel<float, __half, float, (unsigned int)2>(ch_est::puschRxChEstStatDescr_t *, ch_est::puschRxChEstDynDescr_t *)"
4874843115,2560,321715,103,1,1,128,1,1,16,0.000,0.000,,,,,NVIDIA A100-SXM4-40GB MIG 4g.20gb (0),1,,13,cupy_copy__complex64_complex64
4874853931,12768,321725,1434,1,1,128,1,1,16,0.000,0.000,,,,,NVIDIA A100-SXM4-40GB MIG 4g.20gb (0),1,,13,cupy_copy__complex64_complex64
4874878474,2944,321732,103,1,1,128,1,1,16,0.000,0.000,,,,,NVIDIA A100-SXM4-40GB MIG 4g.20gb (0),1,,13,cupy_copy__complex64_complex64
4874887658,88831,321739,1,1,1,32,32,1,30,0.000,0.000,,,,,NVIDIA A100-SXM4-40GB MIG 4g.20gb (0),1,,13,"void convert_kernel<__half2, float2>(tensor_layout_any, T1 *, tensor_layout_any, const T2 *)"
4875005449,8288,321742,,,,,,,,,,0.094,11304.985,Pinned,Device,NVIDIA A100-SXM4-40GB MIG 4g.20gb (0),1,,13,[CUDA memcpy Host-to-Device]
4875024617,46687,321743,,,,,,,,,,35.810,767012.676,Device,,NVIDIA A100-SXM4-40GB MIG 4g.20gb (0),1,,13,[CUDA memset]
4875072584,6592,321745,,,,,,,,,,0.000,12.136,Pinned,Device,NVIDIA A100-SXM4-40GB MIG 4g.20gb (0),1,,13,[CUDA memcpy Host-to-Device]
4875082920,13504,321746,,,,,,,,,,0.197,14559.216,Pinned,Device,NVIDIA A100-SXM4-40GB MIG 4g.20gb (0),1,,13,[CUDA memcpy Host-to-Device]
4875104200,11071,321747,273,1,1,48,1,1,40,0.000,0.001,,,,,NVIDIA A100-SXM4-40GB MIG 4g.20gb (0),1,,13,"void pusch_noise_intf_est::noiseIntfEstNoDftSOfdmKernel<float, __half, float, float, (unsigned int)2, (unsigned int)1, (unsigned char)4, (unsigned char)4>(pusch_noise_intf_est::puschRxNoiseIntfEstDynDescr)"
4875117607,2880,321758,35,1,1,128,1,1,16,0.000,0.000,,,,,NVIDIA A100-SXM4-40GB MIG 4g.20gb (0),1,,13,cupy_copy__complex64_complex64
4875127367,2080,321767,1,1,1,1,1,1,18,0.000,0.000,,,,,NVIDIA A100-SXM4-40GB MIG 4g.20gb (0),1,,13,cupy_copy__float32_float32
4875162023,1568,321773,,,,,,,,,,0.000,2.551,Device,Pageable,NVIDIA A100-SXM4-40GB MIG 4g.20gb (0),1,,7,[CUDA memcpy Device-to-Host]
4875221542,12672,321784,1434,1,1,128,1,1,16,0.000,0.000,,,,,NVIDIA A100-SXM4-40GB MIG 4g.20gb (0),1,,13,cupy_copy__complex64_complex64
4875248006,2624,321791,103,1,1,128,1,1,16,0.000,0.000,,,,,NVIDIA A100-SXM4-40GB MIG 4g.20gb (0),1,,13,cupy_copy__complex64_complex64
4875269702,2560,321798,35,1,1,128,1,1,16,0.000,0.000,,,,,NVIDIA A100-SXM4-40GB MIG 4g.20gb (0),1,,13,cupy_copy__complex64_complex64
4875288325,2048,321805,1,1,1,1,1,1,18,0.000,0.000,,,,,NVIDIA A100-SXM4-40GB MIG 4g.20gb (0),1,,13,cupy_copy__float32_float32
4875420004,82271,321816,1,1,1,32,32,1,30,0.000,0.000,,,,,NVIDIA A100-SXM4-40GB MIG 4g.20gb (0),1,,13,"void convert_kernel<__half2, float2>(tensor_layout_any, T1 *, tensor_layout_any, const T2 *)"
4875530626,5472,321819,,,,,,,,,,0.094,17122.757,Pinned,Device,NVIDIA A100-SXM4-40GB MIG 4g.20gb (0),1,,13,[CUDA memcpy Host-to-Device]
4875544386,3104,321820,,,,,,,,,,1.547,498266.574,Device,,NVIDIA A100-SXM4-40GB MIG 4g.20gb (0),1,,13,[CUDA memset]
4875551746,3712,321825,,,,,,,,,,0.031,8431.017,Pinned,Device,NVIDIA A100-SXM4-40GB MIG 4g.20gb (0),1,,13,[CUDA memcpy Host-to-Device]
4875557570,10144,321826,,,,,,,,,,0.197,19381.617,Pinned,Device,NVIDIA A100-SXM4-40GB MIG 4g.20gb (0),1,,13,[CUDA memcpy Host-to-Device]
4875572770,6720,321827,273,1,1,8,4,1,39,0.002,0.000,,,,,NVIDIA A100-SXM4-40GB MIG 4g.20gb (0),1,,13,"void channel_eq::eqMmseCoefCompLowMimoKernel<float, float, float, (unsigned int)4, (unsigned int)1, (unsigned int)4>(const channel_eq::_puschRxChEqStatDescr *, channel_eq::_puschRxChEqCoefCompDynDescr)"
4875580578,6112,321828,273,1,1,12,11,1,51,0.002,0.000,,,,,NVIDIA A100-SXM4-40GB MIG 4g.20gb (0),1,,13,"void channel_eq::eqMmseSoftDemapKernel<float, __half, __half, float, (unsigned int)4, (unsigned short)16383>(channel_eq::_puschRxChEqStatDescr *, channel_eq::_puschRxChEqSoftDemapDynDescr)"
4875587618,281948,321829,1,1,1,32,32,1,30,0.000,0.000,,,,,NVIDIA A100-SXM4-40GB MIG 4g.20gb (0),1,,13,"void convert_kernel<float2, __half2>(tensor_layout_any, T1 *, tensor_layout_any, const T2 *)"
4875870686,10816,321841,2253,1,1,128,1,1,16,0.000,0.000,,,,,NVIDIA A100-SXM4-40GB MIG 4g.20gb (0),1,,13,cupy_copy__float16_float16
4875884798,3680,321850,282,1,1,128,1,1,16,0.000,0.000,,,,,NVIDIA A100-SXM4-40GB MIG 4g.20gb (0),1,,13,cupy_copy__complex64_complex64
4875891134,2048,321859,26,1,1,128,1,1,16,0.000,0.000,,,,,NVIDIA A100-SXM4-40GB MIG 4g.20gb (0),1,,13,cupy_copy__float32_float32
4875895198,3072,321868,103,1,1,128,1,1,16,0.000,0.000,,,,,NVIDIA A100-SXM4-40GB MIG 4g.20gb (0),1,,13,cupy_copy__complex64_complex64
4875899262,11808,321878,1434,1,1,128,1,1,16,0.000,0.000,,,,,NVIDIA A100-SXM4-40GB MIG 4g.20gb (0),1,,13,cupy_copy__complex64_complex64
4875919166,87934,321883,1,1,1,32,32,1,30,0.000,0.000,,,,,NVIDIA A100-SXM4-40GB MIG 4g.20gb (0),1,,13,"void convert_kernel<__half2, float2>(tensor_layout_any, T1 *, tensor_layout_any, const T2 *)"
4876033692,5504,321886,,,,,,,,,,0.094,17023.251,Pinned,Device,NVIDIA A100-SXM4-40GB MIG 4g.20gb (0),1,,13,[CUDA memcpy Host-to-Device]
4876043772,596761,321887,,,,,,,,,,456.561,764740.412,Device,,NVIDIA A100-SXM4-40GB MIG 4g.20gb (0),1,,13,[CUDA memset]
4876647541,144094,321892,,,,,,,,,,1.235,8569.276,Pinned,Device,NVIDIA A100-SXM4-40GB MIG 4g.20gb (0),1,,13,[CUDA memcpy Host-to-Device]
4876804435,40127,321893,,,,,,,,,,0.197,4899.471,Pinned,Device,NVIDIA A100-SXM4-40GB MIG 4g.20gb (0),1,,13,[CUDA memcpy Host-to-Device]
4876878322,8032,321894,69,4,1,48,1,1,76,0.002,0.000,,,,,NVIDIA A100-SXM4-40GB MIG 4g.20gb (0),1,,13,"void ch_est::windowedChEstPreNoDftSOfdmKernel<float, __half, float, (unsigned int)2, (unsigned int)1, (unsigned short)4>(ch_est::puschRxChEstStatDescr_t *, ch_est::puschRxChEstDynDescr_t *)"
4876897618,6687,321895,137,2,1,24,2,1,44,0.001,0.001,,,,,NVIDIA A100-SXM4-40GB MIG 4g.20gb (0),1,,13,"void ch_est::chEstFilterNoDftSOfdmDispatchKernel<float, __half, float, (unsigned int)2>(ch_est::puschRxChEstStatDescr_t *, ch_est::puschRxChEstDynDescr_t *)"
4876916401,4864,321896,137,2,1,24,2,1,44,0.001,0.001,,,,,NVIDIA A100-SXM4-40GB MIG 4g.20gb (0),1,,13,"void ch_est::chEstFilterNoDftSOfdmDispatchKernel<float, __half, float, (unsigned int)2>(ch_est::puschRxChEstStatDescr_t *, ch_est::puschRxChEstDynDescr_t *)"
4876933201,2720,321907,103,1,1,128,1,1,16,0.000,0.000,,,,,NVIDIA A100-SXM4-40GB MIG 4g.20gb (0),1,,13,cupy_copy__complex64_complex64
4876950321,12416,321917,1434,1,1,128,1,1,16,0.000,0.000,,,,,NVIDIA A100-SXM4-40GB MIG 4g.20gb (0),1,,13,cupy_copy__complex64_complex64
4876972177,2560,321924,103,1,1,128,1,1,16,0.000,0.000,,,,,NVIDIA A100-SXM4-40GB MIG 4g.20gb (0),1,,13,cupy_copy__complex64_complex64
4876991792,95935,321931,1,1,1,32,32,1,30,0.000,0.000,,,,,NVIDIA A100-SXM4-40GB MIG 4g.20gb (0),1,,13,"void convert_kernel<__half2, float2>(tensor_layout_any, T1 *, tensor_layout_any, const T2 *)"
4877117583,21952,321934,,,,,,,,,,0.094,4268.134,Pinned,Device,NVIDIA A100-SXM4-40GB MIG 4g.20gb (0),1,,13,[CUDA memcpy Host-to-Device]
4877148334,46560,321935,,,,,,,,,,35.810,769089.652,Device,,NVIDIA A100-SXM4-40GB MIG 4g.20gb (0),1,,13,[CUDA memset]
4877196622,8608,321937,,,,,,,,,,0.000,9.294,Pinned,Device,NVIDIA A100-SXM4-40GB MIG 4g.20gb (0),1,,13,[CUDA memcpy Host-to-Device]
4877212014,21535,321938,,,,,,,,,,0.197,9129.689,Pinned,Device,NVIDIA A100-SXM4-40GB MIG 4g.20gb (0),1,,13,[CUDA memcpy Host-to-Device]
4877243693,13088,321939,273,1,1,48,1,1,40,0.000,0.001,,,,,NVIDIA A100-SXM4-40GB MIG 4g.20gb (0),1,,13,"void pusch_noise_intf_est::noiseIntfEstNoDftSOfdmKernel<float, __half, float, float, (unsigned int)2, (unsigned int)1, (unsigned char)4, (unsigned char)4>(pusch_noise_intf_est::puschRxNoiseIntfEstDynDescr)"
4877259981,3168,321950,35,1,1,128,1,1,16,0.000,0.000,,,,,NVIDIA A100-SXM4-40GB MIG 4g.20gb (0),1,,13,cupy_copy__complex64_complex64
4877269741,1952,321959,1,1,1,1,1,1,18,0.000,0.000,,,,,NVIDIA A100-SXM4-40GB MIG 4g.20gb (0),1,,13,cupy_copy__float32_float32
4877279021,3200,321965,,,,,,,,,,0.000,1.250,Device,Pageable,NVIDIA A100-SXM4-40GB MIG 4g.20gb (0),1,,7,[CUDA memcpy Device-to-Host]
4877353932,12960,321976,1434,1,1,128,1,1,16,0.000,0.000,,,,,NVIDIA A100-SXM4-40GB MIG 4g.20gb (0),1,,13,cupy_copy__complex64_complex64
4877384652,5823,321983,103,1,1,128,1,1,16,0.000,0.000,,,,,NVIDIA A100-SXM4-40GB MIG 4g.20gb (0),1,,13,cupy_copy__complex64_complex64
4877403179,2368,321990,35,1,1,128,1,1,16,0.000,0.000,,,,,NVIDIA A100-SXM4-40GB MIG 4g.20gb (0),1,,13,cupy_copy__complex64_complex64
4877417803,2016,321997,1,1,1,1,1,1,18,0.000,0.000,,,,,NVIDIA A100-SXM4-40GB MIG 4g.20gb (0),1,,13,cupy_copy__float32_float32
4877544074,86910,322008,1,1,1,32,32,1,30,0.000,0.000,,,,,NVIDIA A100-SXM4-40GB MIG 4g.20gb (0),1,,13,"void convert_kernel<__half2, float2>(tensor_layout_any, T1 *, tensor_layout_any, const T2 *)"
4877657896,5344,322011,,,,,,,,,,0.094,17532.864,Pinned,Device,NVIDIA A100-SXM4-40GB MIG 4g.20gb (0),1,,13,[CUDA memcpy Host-to-Device]
4877674152,3136,322012,,,,,,,,,,1.547,493182.821,Device,,NVIDIA A100-SXM4-40GB MIG 4g.20gb (0),1,,13,[CUDA memset]
4877678664,3488,322017,,,,,,,,,,0.031,8972.469,Pinned,Device,NVIDIA A100-SXM4-40GB MIG 4g.20gb (0),1,,13,[CUDA memcpy Host-to-Device]
4877684584,9728,322018,,,,,,,,,,0.197,20210.516,Pinned,Device,NVIDIA A100-SXM4-40GB MIG 4g.20gb (0),1,,13,[CUDA memcpy Host-to-Device]
4877700200,6528,322019,273,1,1,8,4,1,39,0.002,0.000,,,,,NVIDIA A100-SXM4-40GB MIG 4g.20gb (0),1,,13,"void channel_eq::eqMmseCoefCompLowMimoKernel<float, float, float, (unsigned int)4, (unsigned int)1, (unsigned int)4>(const channel_eq::_puschRxChEqStatDescr *, channel_eq::_puschRxChEqCoefCompDynDescr)"
4877707656,6239,322020,273,1,1,12,11,1,51,0.002,0.000,,,,,NVIDIA A100-SXM4-40GB MIG 4g.20gb (0),1,,13,"void channel_eq::eqMmseSoftDemapKernel<float, __half, __half, float, (unsigned int)4, (unsigned short)16383>(channel_eq::_puschRxChEqStatDescr *, channel_eq::_puschRxChEqSoftDemapDynDescr)"
4877715015,282589,322021,1,1,1,32,32,1,30,0.000,0.000,,,,,NVIDIA A100-SXM4-40GB MIG 4g.20gb (0),1,,13,"void convert_kernel<float2, __half2>(tensor_layout_any, T1 *, tensor_layout_any, const T2 *)"
4878001316,10912,322033,2253,1,1,128,1,1,16,0.000,0.000,,,,,NVIDIA A100-SXM4-40GB MIG 4g.20gb (0),1,,13,cupy_copy__float16_float16
4878016132,3488,322042,282,1,1,128,1,1,16,0.000,0.000,,,,,NVIDIA A100-SXM4-40GB MIG 4g.20gb (0),1,,13,cupy_copy__complex64_complex64
4878022116,2368,322051,26,1,1,128,1,1,16,0.000,0.000,,,,,NVIDIA A100-SXM4-40GB MIG 4g.20gb (0),1,,13,cupy_copy__float32_float32
4878026244,3712,322060,103,1,1,128,1,1,16,0.000,0.000,,,,,NVIDIA A100-SXM4-40GB MIG 4g.20gb (0),1,,13,cupy_copy__complex64_complex64
4878030980,12063,322070,1434,1,1,128,1,1,16,0.000,0.000,,,,,NVIDIA A100-SXM4-40GB MIG 4g.20gb (0),1,,13,cupy_copy__complex64_complex64
4878049603,82175,322075,1,1,1,32,32,1,30,0.000,0.000,,,,,NVIDIA A100-SXM4-40GB MIG 4g.20gb (0),1,,13,"void convert_kernel<__half2, float2>(tensor_layout_any, T1 *, tensor_layout_any, const T2 *)"
4878158850,5600,322078,,,,,,,,,,0.094,16731.388,Pinned,Device,NVIDIA A100-SXM4-40GB MIG 4g.20gb (0),1,,13,[CUDA memcpy Host-to-Device]
4878167842,597465,322079,,,,,,,,,,456.561,763827.289,Device,,NVIDIA A100-SXM4-40GB MIG 4g.20gb (0),1,,13,[CUDA memset]
4878772762,136127,322084,,,,,,,,,,1.235,9071.899,Pinned,Device,NVIDIA A100-SXM4-40GB MIG 4g.20gb (0),1,,13,[CUDA memcpy Host-to-Device]
4878916633,30271,322085,,,,,,,,,,0.197,6494.749,Pinned,Device,NVIDIA A100-SXM4-40GB MIG 4g.20gb (0),1,,13,[CUDA memcpy Host-to-Device]
4878959416,8192,322086,69,4,1,48,1,1,76,0.002,0.000,,,,,NVIDIA A100-SXM4-40GB MIG 4g.20gb (0),1,,13,"void ch_est::windowedChEstPreNoDftSOfdmKernel<float, __half, float, (unsigned int)2, (unsigned int)1, (unsigned short)4>(ch_est::puschRxChEstStatDescr_t *, ch_est::puschRxChEstDynDescr_t *)"
4878971288,7136,322087,137,2,1,24,2,1,44,0.001,0.001,,,,,NVIDIA A100-SXM4-40GB MIG 4g.20gb (0),1,,13,"void ch_est::chEstFilterNoDftSOfdmDispatchKernel<float, __half, float, (unsigned int)2>(ch_est::puschRxChEstStatDescr_t *, ch_est::puschRxChEstDynDescr_t *)"
4878983416,4736,322088,137,2,1,24,2,1,44,0.001,0.001,,,,,NVIDIA A100-SXM4-40GB MIG 4g.20gb (0),1,,13,"void ch_est::chEstFilterNoDftSOfdmDispatchKernel<float, __half, float, (unsigned int)2>(ch_est::puschRxChEstStatDescr_t *, ch_est::puschRxChEstDynDescr_t *)"
4879001592,2688,322099,103,1,1,128,1,1,16,0.000,0.000,,,,,NVIDIA A100-SXM4-40GB MIG 4g.20gb (0),1,,13,cupy_copy__complex64_complex64
4879014647,12864,322109,1434,1,1,128,1,1,16,0.000,0.000,,,,,NVIDIA A100-SXM4-40GB MIG 4g.20gb (0),1,,13,cupy_copy__complex64_complex64
4879047479,2624,322116,103,1,1,128,1,1,16,0.000,0.000,,,,,NVIDIA A100-SXM4-40GB MIG 4g.20gb (0),1,,13,cupy_copy__complex64_complex64
4879061303,83135,322123,1,1,1,32,32,1,30,0.000,0.000,,,,,NVIDIA A100-SXM4-40GB MIG 4g.20gb (0),1,,13,"void convert_kernel<__half2, float2>(tensor_layout_any, T1 *, tensor_layout_any, const T2 *)"
4879176885,25056,322126,,,,,,,,,,0.094,3739.407,Pinned,Device,NVIDIA A100-SXM4-40GB MIG 4g.20gb (0),1,,13,[CUDA memcpy Host-to-Device]
4879215701,46463,322127,,,,,,,,,,35.810,770701.098,Device,,NVIDIA A100-SXM4-40GB MIG 4g.20gb (0),1,,13,[CUDA memset]
4879268724,12832,322129,,,,,,,,,,0.000,6.234,Pinned,Device,NVIDIA A100-SXM4-40GB MIG 4g.20gb (0),1,,13,[CUDA memcpy Host-to-Device]
4879290068,28992,322130,,,,,,,,,,0.197,6781.403,Pinned,Device,NVIDIA A100-SXM4-40GB MIG 4g.20gb (0),1,,13,[CUDA memcpy Host-to-Device]
4879342227,9344,322131,273,1,1,48,1,1,40,0.000,0.001,,,,,NVIDIA A100-SXM4-40GB MIG 4g.20gb (0),1,,13,"void pusch_noise_intf_est::noiseIntfEstNoDftSOfdmKernel<float, __half, float, float, (unsigned int)2, (unsigned int)1, (unsigned char)4, (unsigned char)4>(pusch_noise_intf_est::puschRxNoiseIntfEstDynDescr)"
4879359315,2528,322142,35,1,1,128,1,1,16,0.000,0.000,,,,,NVIDIA A100-SXM4-40GB MIG 4g.20gb (0),1,,13,cupy_copy__complex64_complex64
4879376339,1728,322151,1,1,1,1,1,1,18,0.000,0.000,,,,,NVIDIA A100-SXM4-40GB MIG 4g.20gb (0),1,,13,cupy_copy__float32_float32
4879382291,5536,322157,,,,,,,,,,0.000,0.723,Device,Pageable,NVIDIA A100-SXM4-40GB MIG 4g.20gb (0),1,,7,[CUDA memcpy Device-to-Host]
4879482802,12608,322168,1434,1,1,128,1,1,16,0.000,0.000,,,,,NVIDIA A100-SXM4-40GB MIG 4g.20gb (0),1,,13,cupy_copy__complex64_complex64
4879506257,3360,322175,103,1,1,128,1,1,16,0.000,0.000,,,,,NVIDIA A100-SXM4-40GB MIG 4g.20gb (0),1,,13,cupy_copy__complex64_complex64
4879525105,2304,322182,35,1,1,128,1,1,16,0.000,0.000,,,,,NVIDIA A100-SXM4-40GB MIG 4g.20gb (0),1,,13,cupy_copy__complex64_complex64
4879542897,1696,322189,1,1,1,1,1,1,18,0.000,0.000,,,,,NVIDIA A100-SXM4-40GB MIG 4g.20gb (0),1,,13,cupy_copy__float32_float32
4879664783,82239,322200,1,1,1,32,32,1,30,0.000,0.000,,,,,NVIDIA A100-SXM4-40GB MIG 4g.20gb (0),1,,13,"void convert_kernel<__half2, float2>(tensor_layout_any, T1 *, tensor_layout_any, const T2 *)"
4879778318,12928,322203,,,,,,,,,,0.094,7247.479,Pinned,Device,NVIDIA A100-SXM4-40GB MIG 4g.20gb (0),1,,13,[CUDA memcpy Host-to-Device]
4879801006,3392,322204,,,,,,,,,,1.547,455961.768,Device,,NVIDIA A100-SXM4-40GB MIG 4g.20gb (0),1,,13,[CUDA memset]
4879806222,3072,322209,,,,,,,,,,0.031,10187.474,Pinned,Device,NVIDIA A100-SXM4-40GB MIG 4g.20gb (0),1,,13,[CUDA memcpy Host-to-Device]
4879812206,17311,322210,,,,,,,,,,0.197,11357.258,Pinned,Device,NVIDIA A100-SXM4-40GB MIG 4g.20gb (0),1,,13,[CUDA memcpy Host-to-Device]
4879842157,8288,322211,273,1,1,8,4,1,39,0.002,0.000,,,,,NVIDIA A100-SXM4-40GB MIG 4g.20gb (0),1,,13,"void channel_eq::eqMmseCoefCompLowMimoKernel<float, float, float, (unsigned int)4, (unsigned int)1, (unsigned int)4>(const channel_eq::_puschRxChEqStatDescr *, channel_eq::_puschRxChEqCoefCompDynDescr)"
4879858317,5856,322212,273,1,1,12,11,1,51,0.002,0.000,,,,,NVIDIA A100-SXM4-40GB MIG 4g.20gb (0),1,,13,"void channel_eq::eqMmseSoftDemapKernel<float, __half, __half, float, (unsigned int)4, (unsigned short)16383>(channel_eq::_puschRxChEqStatDescr *, channel_eq::_puschRxChEqSoftDemapDynDescr)"
4879867757,282748,322213,1,1,1,32,32,1,30,0.000,0.000,,,,,NVIDIA A100-SXM4-40GB MIG 4g.20gb (0),1,,13,"void convert_kernel<float2, __half2>(tensor_layout_any, T1 *, tensor_layout_any, const T2 *)"
4880152105,10880,322225,2253,1,1,128,1,1,16,0.000,0.000,,,,,NVIDIA A100-SXM4-40GB MIG 4g.20gb (0),1,,13,cupy_copy__float16_float16
4880166345,3520,322234,282,1,1,128,1,1,16,0.000,0.000,,,,,NVIDIA A100-SXM4-40GB MIG 4g.20gb (0),1,,13,cupy_copy__complex64_complex64
4880173833,2144,322243,26,1,1,128,1,1,16,0.000,0.000,,,,,NVIDIA A100-SXM4-40GB MIG 4g.20gb (0),1,,13,cupy_copy__float32_float32
4880177289,2816,322252,103,1,1,128,1,1,16,0.000,0.000,,,,,NVIDIA A100-SXM4-40GB MIG 4g.20gb (0),1,,13,cupy_copy__complex64_complex64
4880181577,12576,322262,1434,1,1,128,1,1,16,0.000,0.000,,,,,NVIDIA A100-SXM4-40GB MIG 4g.20gb (0),1,,13,cupy_copy__complex64_complex64
4880195561,82623,322267,1,1,1,32,32,1,30,0.000,0.000,,,,,NVIDIA A100-SXM4-40GB MIG 4g.20gb (0),1,,13,"void convert_kernel<__half2, float2>(tensor_layout_any, T1 *, tensor_layout_any, const T2 *)"
4880305320,5503,322270,,,,,,,,,,0.094,17026.343,Pinned,Device,NVIDIA A100-SXM4-40GB MIG 4g.20gb (0),1,,13,[CUDA memcpy Host-to-Device]
4880316039,600857,322271,,,,,,,,,,456.561,759718.236,Device,,NVIDIA A100-SXM4-40GB MIG 4g.20gb (0),1,,13,[CUDA memset]
4880924096,111199,322276,,,,,,,,,,1.235,11104.616,Pinned,Device,NVIDIA A100-SXM4-40GB MIG 4g.20gb (0),1,,13,[CUDA memcpy Host-to-Device]
4881043614,17792,322277,,,,,,,,,,0.197,11050.353,Pinned,Device,NVIDIA A100-SXM4-40GB MIG 4g.20gb (0),1,,13,[CUDA memcpy Host-to-Device]
4881076574,8576,322278,69,4,1,48,1,1,76,0.002,0.000,,,,,NVIDIA A100-SXM4-40GB MIG 4g.20gb (0),1,,13,"void ch_est::windowedChEstPreNoDftSOfdmKernel<float, __half, float, (unsigned int)2, (unsigned int)1, (unsigned short)4>(ch_est::puschRxChEstStatDescr_t *, ch_est::puschRxChEstDynDescr_t *)"
4881091998,6368,322279,137,2,1,24,2,1,44,0.001,0.001,,,,,NVIDIA A100-SXM4-40GB MIG 4g.20gb (0),1,,13,"void ch_est::chEstFilterNoDftSOfdmDispatchKernel<float, __half, float, (unsigned int)2>(ch_est::puschRxChEstStatDescr_t *, ch_est::puschRxChEstDynDescr_t *)"
4881099998,5184,322280,137,2,1,24,2,1,44,0.001,0.001,,,,,NVIDIA A100-SXM4-40GB MIG 4g.20gb (0),1,,13,"void ch_est::chEstFilterNoDftSOfdmDispatchKernel<float, __half, float, (unsigned int)2>(ch_est::puschRxChEstStatDescr_t *, ch_est::puschRxChEstDynDescr_t *)"
4881108254,2624,322291,103,1,1,128,1,1,16,0.000,0.000,,,,,NVIDIA A100-SXM4-40GB MIG 4g.20gb (0),1,,13,cupy_copy__complex64_complex64
4881116510,12895,322301,1434,1,1,128,1,1,16,0.000,0.000,,,,,NVIDIA A100-SXM4-40GB MIG 4g.20gb (0),1,,13,cupy_copy__complex64_complex64
4881131805,3200,322308,103,1,1,128,1,1,16,0.000,0.000,,,,,NVIDIA A100-SXM4-40GB MIG 4g.20gb (0),1,,13,cupy_copy__complex64_complex64
4881140573,87551,322315,1,1,1,32,32,1,30,0.000,0.000,,,,,NVIDIA A100-SXM4-40GB MIG 4g.20gb (0),1,,13,"void convert_kernel<__half2, float2>(tensor_layout_any, T1 *, tensor_layout_any, const T2 *)"
4881256124,13280,322318,,,,,,,,,,0.094,7055.402,Pinned,Device,NVIDIA A100-SXM4-40GB MIG 4g.20gb (0),1,,13,[CUDA memcpy Host-to-Device]
4881274204,47295,322319,,,,,,,,,,35.810,757129.139,Device,,NVIDIA A100-SXM4-40GB MIG 4g.20gb (0),1,,13,[CUDA memset]
4881324571,8064,322321,,,,,,,,,,0.000,9.921,Pinned,Device,NVIDIA A100-SXM4-40GB MIG 4g.20gb (0),1,,13,[CUDA memcpy Host-to-Device]
4881337307,17280,322322,,,,,,,,,,0.197,11377.705,Pinned,Device,NVIDIA A100-SXM4-40GB MIG 4g.20gb (0),1,,13,[CUDA memcpy Host-to-Device]
4881367002,8992,322323,273,1,1,48,1,1,40,0.000,0.001,,,,,NVIDIA A100-SXM4-40GB MIG 4g.20gb (0),1,,13,"void pusch_noise_intf_est::noiseIntfEstNoDftSOfdmKernel<float, __half, float, float, (unsigned int)2, (unsigned int)1, (unsigned char)4, (unsigned char)4>(pusch_noise_intf_est::puschRxNoiseIntfEstDynDescr)"
4881382426,2592,322334,35,1,1,128,1,1,16,0.000,0.000,,,,,NVIDIA A100-SXM4-40GB MIG 4g.20gb (0),1,,13,cupy_copy__complex64_complex64
4881390618,1856,322343,1,1,1,1,1,1,18,0.000,0.000,,,,,NVIDIA A100-SXM4-40GB MIG 4g.20gb (0),1,,13,cupy_copy__float32_float32
4881410586,4800,322349,,,,,,,,,,0.000,0.833,Device,Pageable,NVIDIA A100-SXM4-40GB MIG 4g.20gb (0),1,,7,[CUDA memcpy Device-to-Host]
4881475161,12992,322360,1434,1,1,128,1,1,16,0.000,0.000,,,,,NVIDIA A100-SXM4-40GB MIG 4g.20gb (0),1,,13,cupy_copy__complex64_complex64
4881502073,3584,322367,103,1,1,128,1,1,16,0.000,0.000,,,,,NVIDIA A100-SXM4-40GB MIG 4g.20gb (0),1,,13,cupy_copy__complex64_complex64
4881522681,2176,322374,35,1,1,128,1,1,16,0.000,0.000,,,,,NVIDIA A100-SXM4-40GB MIG 4g.20gb (0),1,,13,cupy_copy__complex64_complex64
4881540792,1888,322381,1,1,1,1,1,1,18,0.000,0.000,,,,,NVIDIA A100-SXM4-40GB MIG 4g.20gb (0),1,,13,cupy_copy__float32_float32
4881672247,81855,322392,1,1,1,32,32,1,30,0.000,0.000,,,,,NVIDIA A100-SXM4-40GB MIG 4g.20gb (0),1,,13,"void convert_kernel<__half2, float2>(tensor_layout_any, T1 *, tensor_layout_any, const T2 *)"
4881781493,5504,322395,,,,,,,,,,0.094,17023.251,Pinned,Device,NVIDIA A100-SXM4-40GB MIG 4g.20gb (0),1,,13,[CUDA memcpy Host-to-Device]
4881795989,3232,322396,,,,,,,,,,1.547,478533.199,Device,,NVIDIA A100-SXM4-40GB MIG 4g.20gb (0),1,,13,[CUDA memset]
4881802965,3072,322401,,,,,,,,,,0.031,10187.474,Pinned,Device,NVIDIA A100-SXM4-40GB MIG 4g.20gb (0),1,,13,[CUDA memcpy Host-to-Device]
4881808853,9344,322402,,,,,,,,,,0.197,21040.988,Pinned,Device,NVIDIA A100-SXM4-40GB MIG 4g.20gb (0),1,,13,[CUDA memcpy Host-to-Device]
4881821845,8128,322403,273,1,1,8,4,1,39,0.002,0.000,,,,,NVIDIA A100-SXM4-40GB MIG 4g.20gb (0),1,,13,"void channel_eq::eqMmseCoefCompLowMimoKernel<float, float, float, (unsigned int)4, (unsigned int)1, (unsigned int)4>(const channel_eq::_puschRxChEqStatDescr *, channel_eq::_puschRxChEqCoefCompDynDescr)"
4881832885,5920,322404,273,1,1,12,11,1,51,0.002,0.000,,,,,NVIDIA A100-SXM4-40GB MIG 4g.20gb (0),1,,13,"void channel_eq::eqMmseSoftDemapKernel<float, __half, __half, float, (unsigned int)4, (unsigned short)16383>(channel_eq::_puschRxChEqStatDescr *, channel_eq::_puschRxChEqSoftDemapDynDescr)"
4881841205,282204,322405,1,1,1,32,32,1,30,0.000,0.000,,,,,NVIDIA A100-SXM4-40GB MIG 4g.20gb (0),1,,13,"void convert_kernel<float2, __half2>(tensor_layout_any, T1 *, tensor_layout_any, const T2 *)"
4882124817,11200,322417,2253,1,1,128,1,1,16,0.000,0.000,,,,,NVIDIA A100-SXM4-40GB MIG 4g.20gb (0),1,,13,cupy_copy__float16_float16
4882139505,2880,322426,282,1,1,128,1,1,16,0.000,0.000,,,,,NVIDIA A100-SXM4-40GB MIG 4g.20gb (0),1,,13,cupy_copy__complex64_complex64
4882143985,2016,322435,26,1,1,128,1,1,16,0.000,0.000,,,,,NVIDIA A100-SXM4-40GB MIG 4g.20gb (0),1,,13,cupy_copy__float32_float32
4882147153,3072,322444,103,1,1,128,1,1,16,0.000,0.000,,,,,NVIDIA A100-SXM4-40GB MIG 4g.20gb (0),1,,13,cupy_copy__complex64_complex64
4882153489,12192,322454,1434,1,1,128,1,1,16,0.000,0.000,,,,,NVIDIA A100-SXM4-40GB MIG 4g.20gb (0),1,,13,cupy_copy__complex64_complex64
4882170193,81151,322459,1,1,1,32,32,1,30,0.000,0.000,,,,,NVIDIA A100-SXM4-40GB MIG 4g.20gb (0),1,,13,"void convert_kernel<__half2, float2>(tensor_layout_any, T1 *, tensor_layout_any, const T2 *)"
4882278159,5440,322462,,,,,,,,,,0.094,17223.480,Pinned,Device,NVIDIA A100-SXM4-40GB MIG 4g.20gb (0),1,,13,[CUDA memcpy Host-to-Device]
4882288719,595449,322463,,,,,,,,,,456.561,766566.658,Device,,NVIDIA A100-SXM4-40GB MIG 4g.20gb (0),1,,13,[CUDA memset]
4882889768,140670,322468,,,,,,,,,,1.235,8777.982,Pinned,Device,NVIDIA A100-SXM4-40GB MIG 4g.20gb (0),1,,13,[CUDA memcpy Host-to-Device]
4883043494,37311,322469,,,,,,,,,,0.197,5269.291,Pinned,Device,NVIDIA A100-SXM4-40GB MIG 4g.20gb (0),1,,13,[CUDA memcpy Host-to-Device]
4883105349,8384,322470,69,4,1,48,1,1,76,0.002,0.000,,,,,NVIDIA A100-SXM4-40GB MIG 4g.20gb (0),1,,13,"void ch_est::windowedChEstPreNoDftSOfdmKernel<float, __half, float, (unsigned int)2, (unsigned int)1, (unsigned short)4>(ch_est::puschRxChEstStatDescr_t *, ch_est::puschRxChEstDynDescr_t *)"
4883123365,6336,322471,137,2,1,24,2,1,44,0.001,0.001,,,,,NVIDIA A100-SXM4-40GB MIG 4g.20gb (0),1,,13,"void ch_est::chEstFilterNoDftSOfdmDispatchKernel<float, __half, float, (unsigned int)2>(ch_est::puschRxChEstStatDescr_t *, ch_est::puschRxChEstDynDescr_t *)"
4883140517,4800,322472,137,2,1,24,2,1,44,0.001,0.001,,,,,NVIDIA A100-SXM4-40GB MIG 4g.20gb (0),1,,13,"void ch_est::chEstFilterNoDftSOfdmDispatchKernel<float, __half, float, (unsigned int)2>(ch_est::puschRxChEstStatDescr_t *, ch_est::puschRxChEstDynDescr_t *)"
4883157092,2688,322483,103,1,1,128,1,1,16,0.000,0.000,,,,,NVIDIA A100-SXM4-40GB MIG 4g.20gb (0),1,,13,cupy_copy__complex64_complex64
4883174436,12800,322493,1434,1,1,128,1,1,16,0.000,0.000,,,,,NVIDIA A100-SXM4-40GB MIG 4g.20gb (0),1,,13,cupy_copy__complex64_complex64
4883194980,2912,322500,103,1,1,128,1,1,16,0.000,0.000,,,,,NVIDIA A100-SXM4-40GB MIG 4g.20gb (0),1,,13,cupy_copy__complex64_complex64
4883218724,90975,322507,1,1,1,32,32,1,30,0.000,0.000,,,,,NVIDIA A100-SXM4-40GB MIG 4g.20gb (0),1,,13,"void convert_kernel<__half2, float2>(tensor_layout_any, T1 *, tensor_layout_any, const T2 *)"
4883341154,13440,322510,,,,,,,,,,0.094,6971.357,Pinned,Device,NVIDIA A100-SXM4-40GB MIG 4g.20gb (0),1,,13,[CUDA memcpy Host-to-Device]
4883364002,47839,322511,,,,,,,,,,35.810,748534.758,Device,,NVIDIA A100-SXM4-40GB MIG 4g.20gb (0),1,,13,[CUDA memset]
4883419009,6432,322513,,,,,,,,,,0.000,12.438,Pinned,Device,NVIDIA A100-SXM4-40GB MIG 4g.20gb (0),1,,13,[CUDA memcpy Host-to-Device]
4883428193,18016,322514,,,,,,,,,,0.197,10912.924,Pinned,Device,NVIDIA A100-SXM4-40GB MIG 4g.20gb (0),1,,13,[CUDA memcpy Host-to-Device]
4883458017,9440,322515,273,1,1,48,1,1,40,0.000,0.001,,,,,NVIDIA A100-SXM4-40GB MIG 4g.20gb (0),1,,13,"void pusch_noise_intf_est::noiseIntfEstNoDftSOfdmKernel<float, __half, float, float, (unsigned int)2, (unsigned int)1, (unsigned char)4, (unsigned char)4>(pusch_noise_intf_est::puschRxNoiseIntfEstDynDescr)"
4883475872,2912,322526,35,1,1,128,1,1,16,0.000,0.000,,,,,NVIDIA A100-SXM4-40GB MIG 4g.20gb (0),1,,13,cupy_copy__complex64_complex64
4883486816,1888,322535,1,1,1,1,1,1,18,0.000,0.000,,,,,NVIDIA A100-SXM4-40GB MIG 4g.20gb (0),1,,13,cupy_copy__float32_float32
4883494048,6112,322541,,,,,,,,,,0.000,0.654,Device,Pageable,NVIDIA A100-SXM4-40GB MIG 4g.20gb (0),1,,7,[CUDA memcpy Device-to-Host]
4883567839,12768,322552,1434,1,1,128,1,1,16,0.000,0.000,,,,,NVIDIA A100-SXM4-40GB MIG 4g.20gb (0),1,,13,cupy_copy__complex64_complex64
4883599743,2880,322559,103,1,1,128,1,1,16,0.000,0.000,,,,,NVIDIA A100-SXM4-40GB MIG 4g.20gb (0),1,,13,cupy_copy__complex64_complex64
4883618431,2624,322566,35,1,1,128,1,1,16,0.000,0.000,,,,,NVIDIA A100-SXM4-40GB MIG 4g.20gb (0),1,,13,cupy_copy__complex64_complex64
4883633759,1951,322573,1,1,1,1,1,1,18,0.000,0.000,,,,,NVIDIA A100-SXM4-40GB MIG 4g.20gb (0),1,,13,cupy_copy__float32_float32
4883761245,88127,322584,1,1,1,32,32,1,30,0.000,0.000,,,,,NVIDIA A100-SXM4-40GB MIG 4g.20gb (0),1,,13,"void convert_kernel<__half2, float2>(tensor_layout_any, T1 *, tensor_layout_any, const T2 *)"
4883876700,5439,322587,,,,,,,,,,0.094,17226.665,Pinned,Device,NVIDIA A100-SXM4-40GB MIG 4g.20gb (0),1,,13,[CUDA memcpy Host-to-Device]
4883891163,3456,322588,,,,,,,,,,1.547,447517.201,Device,,NVIDIA A100-SXM4-40GB MIG 4g.20gb (0),1,,13,[CUDA memset]
4883897979,3488,322593,,,,,,,,,,0.031,8972.469,Pinned,Device,NVIDIA A100-SXM4-40GB MIG 4g.20gb (0),1,,13,[CUDA memcpy Host-to-Device]
4883903995,9472,322594,,,,,,,,,,0.197,20756.693,Pinned,Device,NVIDIA A100-SXM4-40GB MIG 4g.20gb (0),1,,13,[CUDA memcpy Host-to-Device]
4883921467,6272,322595,273,1,1,8,4,1,39,0.002,0.000,,,,,NVIDIA A100-SXM4-40GB MIG 4g.20gb (0),1,,13,"void channel_eq::eqMmseCoefCompLowMimoKernel<float, float, float, (unsigned int)4, (unsigned int)1, (unsigned int)4>(const channel_eq::_puschRxChEqStatDescr *, channel_eq::_puschRxChEqCoefCompDynDescr)"
4883928699,7872,322596,273,1,1,12,11,1,51,0.002,0.000,,,,,NVIDIA A100-SXM4-40GB MIG 4g.20gb (0),1,,13,"void channel_eq::eqMmseSoftDemapKernel<float, __half, __half, float, (unsigned int)4, (unsigned short)16383>(channel_eq::_puschRxChEqStatDescr *, channel_eq::_puschRxChEqSoftDemapDynDescr)"
4883937659,282268,322597,1,1,1,32,32,1,30,0.000,0.000,,,,,NVIDIA A100-SXM4-40GB MIG 4g.20gb (0),1,,13,"void convert_kernel<float2, __half2>(tensor_layout_any, T1 *, tensor_layout_any, const T2 *)"
4884221111,10944,322609,2253,1,1,128,1,1,16,0.000,0.000,,,,,NVIDIA A100-SXM4-40GB MIG 4g.20gb (0),1,,13,cupy_copy__float16_float16
4884235415,3424,322618,282,1,1,128,1,1,16,0.000,0.000,,,,,NVIDIA A100-SXM4-40GB MIG 4g.20gb (0),1,,13,cupy_copy__complex64_complex64
4884240567,2112,322627,26,1,1,128,1,1,16,0.000,0.000,,,,,NVIDIA A100-SXM4-40GB MIG 4g.20gb (0),1,,13,cupy_copy__float32_float32
4884244663,3040,322636,103,1,1,128,1,1,16,0.000,0.000,,,,,NVIDIA A100-SXM4-40GB MIG 4g.20gb (0),1,,13,cupy_copy__complex64_complex64
4884250775,12064,322646,1434,1,1,128,1,1,16,0.000,0.000,,,,,NVIDIA A100-SXM4-40GB MIG 4g.20gb (0),1,,13,cupy_copy__complex64_complex64
4884268663,86751,322651,1,1,1,32,32,1,30,0.000,0.000,,,,,NVIDIA A100-SXM4-40GB MIG 4g.20gb (0),1,,13,"void convert_kernel<__half2, float2>(tensor_layout_any, T1 *, tensor_layout_any, const T2 *)"
4884382901,6240,322654,,,,,,,,,,0.094,15015.346,Pinned,Device,NVIDIA A100-SXM4-40GB MIG 4g.20gb (0),1,,13,[CUDA memcpy Host-to-Device]
4884394165,597337,322655,,,,,,,,,,456.561,764283.851,Device,,NVIDIA A100-SXM4-40GB MIG 4g.20gb (0),1,,13,[CUDA memset]
4884997134,137310,322660,,,,,,,,,,1.235,8992.862,Pinned,Device,NVIDIA A100-SXM4-40GB MIG 4g.20gb (0),1,,13,[CUDA memcpy Host-to-Device]
4885144716,32704,322661,,,,,,,,,,0.197,6011.683,Pinned,Device,NVIDIA A100-SXM4-40GB MIG 4g.20gb (0),1,,13,[CUDA memcpy Host-to-Device]
4885190155,8128,322662,69,4,1,48,1,1,76,0.002,0.000,,,,,NVIDIA A100-SXM4-40GB MIG 4g.20gb (0),1,,13,"void ch_est::windowedChEstPreNoDftSOfdmKernel<float, __half, float, (unsigned int)2, (unsigned int)1, (unsigned short)4>(ch_est::puschRxChEstStatDescr_t *, ch_est::puschRxChEstDynDescr_t *)"
4885204651,7040,322663,137,2,1,24,2,1,44,0.001,0.001,,,,,NVIDIA A100-SXM4-40GB MIG 4g.20gb (0),1,,13,"void ch_est::chEstFilterNoDftSOfdmDispatchKernel<float, __half, float, (unsigned int)2>(ch_est::puschRxChEstStatDescr_t *, ch_est::puschRxChEstDynDescr_t *)"
4885215051,4704,322664,137,2,1,24,2,1,44,0.001,0.001,,,,,NVIDIA A100-SXM4-40GB MIG 4g.20gb (0),1,,13,"void ch_est::chEstFilterNoDftSOfdmDispatchKernel<float, __half, float, (unsigned int)2>(ch_est::puschRxChEstStatDescr_t *, ch_est::puschRxChEstDynDescr_t *)"
4885228331,2624,322675,103,1,1,128,1,1,16,0.000,0.000,,,,,NVIDIA A100-SXM4-40GB MIG 4g.20gb (0),1,,13,cupy_copy__complex64_complex64
4885247659,12447,322685,1434,1,1,128,1,1,16,0.000,0.000,,,,,NVIDIA A100-SXM4-40GB MIG 4g.20gb (0),1,,13,cupy_copy__complex64_complex64
4885267306,2528,322692,103,1,1,128,1,1,16,0.000,0.000,,,,,NVIDIA A100-SXM4-40GB MIG 4g.20gb (0),1,,13,cupy_copy__complex64_complex64
4885281738,85247,322699,1,1,1,32,32,1,30,0.000,0.000,,,,,NVIDIA A100-SXM4-40GB MIG 4g.20gb (0),1,,13,"void convert_kernel<__half2, float2>(tensor_layout_any, T1 *, tensor_layout_any, const T2 *)"
4885401737,17152,322702,,,,,,,,,,0.094,5462.664,Pinned,Device,NVIDIA A100-SXM4-40GB MIG 4g.20gb (0),1,,13,[CUDA memcpy Host-to-Device]
4885441416,48416,322703,,,,,,,,,,35.810,739618.088,Device,,NVIDIA A100-SXM4-40GB MIG 4g.20gb (0),1,,13,[CUDA memset]
4885495464,8703,322705,,,,,,,,,,0.000,9.192,Pinned,Device,NVIDIA A100-SXM4-40GB MIG 4g.20gb (0),1,,13,[CUDA memcpy Host-to-Device]
4885515463,33632,322706,,,,,,,,,,0.197,5845.746,Pinned,Device,NVIDIA A100-SXM4-40GB MIG 4g.20gb (0),1,,13,[CUDA memcpy Host-to-Device]
4885570535,9568,322707,273,1,1,48,1,1,40,0.000,0.001,,,,,NVIDIA A100-SXM4-40GB MIG 4g.20gb (0),1,,13,"void pusch_noise_intf_est::noiseIntfEstNoDftSOfdmKernel<float, __half, float, float, (unsigned int)2, (unsigned int)1, (unsigned char)4, (unsigned char)4>(pusch_noise_intf_est::puschRxNoiseIntfEstDynDescr)"
4885584902,2752,322718,35,1,1,128,1,1,16,0.000,0.000,,,,,NVIDIA A100-SXM4-40GB MIG 4g.20gb (0),1,,13,cupy_copy__complex64_complex64
4885600358,1728,322727,1,1,1,1,1,1,18,0.000,0.000,,,,,NVIDIA A100-SXM4-40GB MIG 4g.20gb (0),1,,13,cupy_copy__float32_float32
4885607430,4896,322733,,,,,,,,,,0.000,0.817,Device,Pageable,NVIDIA A100-SXM4-40GB MIG 4g.20gb (0),1,,7,[CUDA memcpy Device-to-Host]
4885685765,13184,322744,1434,1,1,128,1,1,16,0.000,0.000,,,,,NVIDIA A100-SXM4-40GB MIG 4g.20gb (0),1,,13,cupy_copy__complex64_complex64
4885710949,3456,322751,103,1,1,128,1,1,16,0.000,0.000,,,,,NVIDIA A100-SXM4-40GB MIG 4g.20gb (0),1,,13,cupy_copy__complex64_complex64
4885733925,2624,322758,35,1,1,128,1,1,16,0.000,0.000,,,,,NVIDIA A100-SXM4-40GB MIG 4g.20gb (0),1,,13,cupy_copy__complex64_complex64
4885748772,1984,322765,1,1,1,1,1,1,18,0.000,0.000,,,,,NVIDIA A100-SXM4-40GB MIG 4g.20gb (0),1,,13,cupy_copy__float32_float32
4885881635,80511,322776,1,1,1,32,32,1,30,0.000,0.000,,,,,NVIDIA A100-SXM4-40GB MIG 4g.20gb (0),1,,13,"void convert_kernel<__half2, float2>(tensor_layout_any, T1 *, tensor_layout_any, const T2 *)"
4885994817,14464,322779,,,,,,,,,,0.094,6477.860,Pinned,Device,NVIDIA A100-SXM4-40GB MIG 4g.20gb (0),1,,13,[CUDA memcpy Host-to-Device]
4886021025,3552,322780,,,,,,,,,,1.547,435422.601,Device,,NVIDIA A100-SXM4-40GB MIG 4g.20gb (0),1,,13,[CUDA memset]
4886028993,3168,322785,,,,,,,,,,0.031,9878.770,Pinned,Device,NVIDIA A100-SXM4-40GB MIG 4g.20gb (0),1,,13,[CUDA memcpy Host-to-Device]
4886038785,12704,322786,,,,,,,,,,0.197,15475.999,Pinned,Device,NVIDIA A100-SXM4-40GB MIG 4g.20gb (0),1,,13,[CUDA memcpy Host-to-Device]
4886061377,6624,322787,273,1,1,8,4,1,39,0.002,0.000,,,,,NVIDIA A100-SXM4-40GB MIG 4g.20gb (0),1,,13,"void channel_eq::eqMmseCoefCompLowMimoKernel<float, float, float, (unsigned int)4, (unsigned int)1, (unsigned int)4>(const channel_eq::_puschRxChEqStatDescr *, channel_eq::_puschRxChEqCoefCompDynDescr)"
4886074080,5696,322788,273,1,1,12,11,1,51,0.002,0.000,,,,,NVIDIA A100-SXM4-40GB MIG 4g.20gb (0),1,,13,"void channel_eq::eqMmseSoftDemapKernel<float, __half, __half, float, (unsigned int)4, (unsigned short)16383>(channel_eq::_puschRxChEqStatDescr *, channel_eq::_puschRxChEqSoftDemapDynDescr)"
4886084736,282653,322789,1,1,1,32,32,1,30,0.000,0.000,,,,,NVIDIA A100-SXM4-40GB MIG 4g.20gb (0),1,,13,"void convert_kernel<float2, __half2>(tensor_layout_any, T1 *, tensor_layout_any, const T2 *)"
4886370301,10944,322801,2253,1,1,128,1,1,16,0.000,0.000,,,,,NVIDIA A100-SXM4-40GB MIG 4g.20gb (0),1,,13,cupy_copy__float16_float16
4886383421,3680,322810,282,1,1,128,1,1,16,0.000,0.000,,,,,NVIDIA A100-SXM4-40GB MIG 4g.20gb (0),1,,13,cupy_copy__complex64_complex64
4886390269,2144,322819,26,1,1,128,1,1,16,0.000,0.000,,,,,NVIDIA A100-SXM4-40GB MIG 4g.20gb (0),1,,13,cupy_copy__float32_float32
4886395164,4544,322828,103,1,1,128,1,1,16,0.000,0.000,,,,,NVIDIA A100-SXM4-40GB MIG 4g.20gb (0),1,,13,cupy_copy__complex64_complex64
4886402972,12032,322838,1434,1,1,128,1,1,16,0.000,0.000,,,,,NVIDIA A100-SXM4-40GB MIG 4g.20gb (0),1,,13,cupy_copy__complex64_complex64
4886418588,85855,322843,1,1,1,32,32,1,30,0.000,0.000,,,,,NVIDIA A100-SXM4-40GB MIG 4g.20gb (0),1,,13,"void convert_kernel<__half2, float2>(tensor_layout_any, T1 *, tensor_layout_any, const T2 *)"
4886531387,5664,322846,,,,,,,,,,0.094,16542.310,Pinned,Device,NVIDIA A100-SXM4-40GB MIG 4g.20gb (0),1,,13,[CUDA memcpy Host-to-Device]
4886542587,596088,322847,,,,,,,,,,456.561,765653.535,Device,,NVIDIA A100-SXM4-40GB MIG 4g.20gb (0),1,,13,[CUDA memset]
4887144435,155422,322852,,,,,,,,,,1.235,7945.630,Pinned,Device,NVIDIA A100-SXM4-40GB MIG 4g.20gb (0),1,,13,[CUDA memcpy Host-to-Device]
4887312273,40224,322853,,,,,,,,,,0.197,4887.675,Pinned,Device,NVIDIA A100-SXM4-40GB MIG 4g.20gb (0),1,,13,[CUDA memcpy Host-to-Device]
4887369744,8320,322854,69,4,1,48,1,1,76,0.002,0.000,,,,,NVIDIA A100-SXM4-40GB MIG 4g.20gb (0),1,,13,"void ch_est::windowedChEstPreNoDftSOfdmKernel<float, __half, float, (unsigned int)2, (unsigned int)1, (unsigned short)4>(ch_est::puschRxChEstStatDescr_t *, ch_est::puschRxChEstDynDescr_t *)"
4887387280,6848,322855,137,2,1,24,2,1,44,0.001,0.001,,,,,NVIDIA A100-SXM4-40GB MIG 4g.20gb (0),1,,13,"void ch_est::chEstFilterNoDftSOfdmDispatchKernel<float, __half, float, (unsigned int)2>(ch_est::puschRxChEstStatDescr_t *, ch_est::puschRxChEstDynDescr_t *)"
4887404720,4704,322856,137,2,1,24,2,1,44,0.001,0.001,,,,,NVIDIA A100-SXM4-40GB MIG 4g.20gb (0),1,,13,"void ch_est::chEstFilterNoDftSOfdmDispatchKernel<float, __half, float, (unsigned int)2>(ch_est::puschRxChEstStatDescr_t *, ch_est::puschRxChEstDynDescr_t *)"
4887422736,2752,322867,103,1,1,128,1,1,16,0.000,0.000,,,,,NVIDIA A100-SXM4-40GB MIG 4g.20gb (0),1,,13,cupy_copy__complex64_complex64
4887439952,12255,322877,1434,1,1,128,1,1,16,0.000,0.000,,,,,NVIDIA A100-SXM4-40GB MIG 4g.20gb (0),1,,13,cupy_copy__complex64_complex64
4887459599,2592,322884,103,1,1,128,1,1,16,0.000,0.000,,,,,NVIDIA A100-SXM4-40GB MIG 4g.20gb (0),1,,13,cupy_copy__complex64_complex64
4887477839,86495,322891,1,1,1,32,32,1,30,0.000,0.000,,,,,NVIDIA A100-SXM4-40GB MIG 4g.20gb (0),1,,13,"void convert_kernel<__half2, float2>(tensor_layout_any, T1 *, tensor_layout_any, const T2 *)"
4887597518,23839,322894,,,,,,,,,,0.094,3930.360,Pinned,Device,NVIDIA A100-SXM4-40GB MIG 4g.20gb (0),1,,13,[CUDA memcpy Host-to-Device]
4887647533,47519,322895,,,,,,,,,,35.810,753583.956,Device,,NVIDIA A100-SXM4-40GB MIG 4g.20gb (0),1,,13,[CUDA memset]
4887702508,14400,322897,,,,,,,,,,0.000,5.556,Pinned,Device,NVIDIA A100-SXM4-40GB MIG 4g.20gb (0),1,,13,[CUDA memcpy Host-to-Device]
4887727308,24096,322898,,,,,,,,,,0.197,8159.232,Pinned,Device,NVIDIA A100-SXM4-40GB MIG 4g.20gb (0),1,,13,[CUDA memcpy Host-to-Device]
4887769996,9983,322899,273,1,1,48,1,1,40,0.000,0.001,,,,,NVIDIA A100-SXM4-40GB MIG 4g.20gb (0),1,,13,"void pusch_noise_intf_est::noiseIntfEstNoDftSOfdmKernel<float, __half, float, float, (unsigned int)2, (unsigned int)1, (unsigned char)4, (unsigned char)4>(pusch_noise_intf_est::puschRxNoiseIntfEstDynDescr)"
4887794795,2784,322910,35,1,1,128,1,1,16,0.000,0.000,,,,,NVIDIA A100-SXM4-40GB MIG 4g.20gb (0),1,,13,cupy_copy__complex64_complex64
4887806763,1728,322919,1,1,1,1,1,1,18,0.000,0.000,,,,,NVIDIA A100-SXM4-40GB MIG 4g.20gb (0),1,,13,cupy_copy__float32_float32
4887810027,3968,322925,,,,,,,,,,0.000,1.008,Device,Pageable,NVIDIA A100-SXM4-40GB MIG 4g.20gb (0),1,,7,[CUDA memcpy Device-to-Host]
4887897994,13024,322936,1434,1,1,128,1,1,16,0.000,0.000,,,,,NVIDIA A100-SXM4-40GB MIG 4g.20gb (0),1,,13,cupy_copy__complex64_complex64
4887919114,3360,322943,103,1,1,128,1,1,16,0.000,0.000,,,,,NVIDIA A100-SXM4-40GB MIG 4g.20gb (0),1,,13,cupy_copy__complex64_complex64
4887937353,2592,322950,35,1,1,128,1,1,16,0.000,0.000,,,,,NVIDIA A100-SXM4-40GB MIG 4g.20gb (0),1,,13,cupy_copy__complex64_complex64
4887954889,1760,322957,1,1,1,1,1,1,18,0.000,0.000,,,,,NVIDIA A100-SXM4-40GB MIG 4g.20gb (0),1,,13,cupy_copy__float32_float32
4888078920,82559,322968,1,1,1,32,32,1,30,0.000,0.000,,,,,NVIDIA A100-SXM4-40GB MIG 4g.20gb (0),1,,13,"void convert_kernel<__half2, float2>(tensor_layout_any, T1 *, tensor_layout_any, const T2 *)"
4888188870,5984,322971,,,,,,,,,,0.094,15657.726,Pinned,Device,NVIDIA A100-SXM4-40GB MIG 4g.20gb (0),1,,13,[CUDA memcpy Host-to-Device]
4888204742,3424,322972,,,,,,,,,,1.547,451700.819,Device,,NVIDIA A100-SXM4-40GB MIG 4g.20gb (0),1,,13,[CUDA memset]
4888209894,3360,322977,,,,,,,,,,0.031,9314.284,Pinned,Device,NVIDIA A100-SXM4-40GB MIG 4g.20gb (0),1,,13,[CUDA memcpy Host-to-Device]
4888215686,9984,322978,,,,,,,,,,0.197,19692.257,Pinned,Device,NVIDIA A100-SXM4-40GB MIG 4g.20gb (0),1,,13,[CUDA memcpy Host-to-Device]
4888231750,6176,322979,273,1,1,8,4,1,39,0.002,0.000,,,,,NVIDIA A100-SXM4-40GB MIG 4g.20gb (0),1,,13,"void channel_eq::eqMmseCoefCompLowMimoKernel<float, float, float, (unsigned int)4, (unsigned int)1, (unsigned int)4>(const channel_eq::_puschRxChEqStatDescr *, channel_eq::_puschRxChEqCoefCompDynDescr)"
4888238886,6432,322980,273,1,1,12,11,1,51,0.002,0.000,,,,,NVIDIA A100-SXM4-40GB MIG 4g.20gb (0),1,,13,"void channel_eq::eqMmseSoftDemapKernel<float, __half, __half, float, (unsigned int)4, (unsigned short)16383>(channel_eq::_puschRxChEqStatDescr *, channel_eq::_puschRxChEqSoftDemapDynDescr)"
4888246374,282172,322981,1,1,1,32,32,1,30,0.000,0.000,,,,,NVIDIA A100-SXM4-40GB MIG 4g.20gb (0),1,,13,"void convert_kernel<float2, __half2>(tensor_layout_any, T1 *, tensor_layout_any, const T2 *)"
4888530402,11008,322993,2253,1,1,128,1,1,16,0.000,0.000,,,,,NVIDIA A100-SXM4-40GB MIG 4g.20gb (0),1,,13,cupy_copy__float16_float16
4888542626,2944,323002,282,1,1,128,1,1,16,0.000,0.000,,,,,NVIDIA A100-SXM4-40GB MIG 4g.20gb (0),1,,13,cupy_copy__complex64_complex64
4888549154,2048,323011,26,1,1,128,1,1,16,0.000,0.000,,,,,NVIDIA A100-SXM4-40GB MIG 4g.20gb (0),1,,13,cupy_copy__float32_float32
4888554242,4576,323020,103,1,1,128,1,1,16,0.000,0.000,,,,,NVIDIA A100-SXM4-40GB MIG 4g.20gb (0),1,,13,cupy_copy__complex64_complex64
4888561794,12544,323030,1434,1,1,128,1,1,16,0.000,0.000,,,,,NVIDIA A100-SXM4-40GB MIG 4g.20gb (0),1,,13,cupy_copy__complex64_complex64
4888579682,82591,323035,1,1,1,32,32,1,30,0.000,0.000,,,,,NVIDIA A100-SXM4-40GB MIG 4g.20gb (0),1,,13,"void convert_kernel<__half2, float2>(tensor_layout_any, T1 *, tensor_layout_any, const T2 *)"
4888689728,5728,323038,,,,,,,,,,0.094,16357.541,Pinned,Device,NVIDIA A100-SXM4-40GB MIG 4g.20gb (0),1,,13,[CUDA memcpy Host-to-Device]
4888701824,595545,323039,,,,,,,,,,456.561,766566.658,Device,,NVIDIA A100-SXM4-40GB MIG 4g.20gb (0),1,,13,[CUDA memset]
4889310265,104190,323044,,,,,,,,,,1.235,11851.758,Pinned,Device,NVIDIA A100-SXM4-40GB MIG 4g.20gb (0),1,,13,[CUDA memcpy Host-to-Device]
4889422167,17536,323045,,,,,,,,,,0.197,11211.571,Pinned,Device,NVIDIA A100-SXM4-40GB MIG 4g.20gb (0),1,,13,[CUDA memcpy Host-to-Device]
4889448407,9344,323046,69,4,1,48,1,1,76,0.002,0.000,,,,,NVIDIA A100-SXM4-40GB MIG 4g.20gb (0),1,,13,"void ch_est::windowedChEstPreNoDftSOfdmKernel<float, __half, float, (unsigned int)2, (unsigned int)1, (unsigned short)4>(ch_est::puschRxChEstStatDescr_t *, ch_est::puschRxChEstDynDescr_t *)"
4889463223,6688,323047,137,2,1,24,2,1,44,0.001,0.001,,,,,NVIDIA A100-SXM4-40GB MIG 4g.20gb (0),1,,13,"void ch_est::chEstFilterNoDftSOfdmDispatchKernel<float, __half, float, (unsigned int)2>(ch_est::puschRxChEstStatDescr_t *, ch_est::puschRxChEstDynDescr_t *)"
4889471095,5024,323048,137,2,1,24,2,1,44,0.001,0.001,,,,,NVIDIA A100-SXM4-40GB MIG 4g.20gb (0),1,,13,"void ch_est::chEstFilterNoDftSOfdmDispatchKernel<float, __half, float, (unsigned int)2>(ch_est::puschRxChEstStatDescr_t *, ch_est::puschRxChEstDynDescr_t *)"
4889478647,2527,323059,103,1,1,128,1,1,16,0.000,0.000,,,,,NVIDIA A100-SXM4-40GB MIG 4g.20gb (0),1,,13,cupy_copy__complex64_complex64
4889487670,12384,323069,1434,1,1,128,1,1,16,0.000,0.000,,,,,NVIDIA A100-SXM4-40GB MIG 4g.20gb (0),1,,13,cupy_copy__complex64_complex64
4889504950,2592,323076,103,1,1,128,1,1,16,0.000,0.000,,,,,NVIDIA A100-SXM4-40GB MIG 4g.20gb (0),1,,13,cupy_copy__complex64_complex64
4889513942,92575,323083,1,1,1,32,32,1,30,0.000,0.000,,,,,NVIDIA A100-SXM4-40GB MIG 4g.20gb (0),1,,13,"void convert_kernel<__half2, float2>(tensor_layout_any, T1 *, tensor_layout_any, const T2 *)"
4889638549,14463,323086,,,,,,,,,,0.094,6478.235,Pinned,Device,NVIDIA A100-SXM4-40GB MIG 4g.20gb (0),1,,13,[CUDA memcpy Host-to-Device]
4889664500,47840,323087,,,,,,,,,,35.810,748534.758,Device,,NVIDIA A100-SXM4-40GB MIG 4g.20gb (0),1,,13,[CUDA memset]
4889717396,7103,323089,,,,,,,,,,0.000,11.263,Pinned,Device,NVIDIA A100-SXM4-40GB MIG 4g.20gb (0),1,,13,[CUDA memcpy Host-to-Device]
4889730451,21824,323090,,,,,,,,,,0.197,9008.775,Pinned,Device,NVIDIA A100-SXM4-40GB MIG 4g.20gb (0),1,,13,[CUDA memcpy Host-to-Device]
4889765683,9376,323091,273,1,1,48,1,1,40,0.000,0.001,,,,,NVIDIA A100-SXM4-40GB MIG 4g.20gb (0),1,,13,"void pusch_noise_intf_est::noiseIntfEstNoDftSOfdmKernel<float, __half, float, float, (unsigned int)2, (unsigned int)1, (unsigned char)4, (unsigned char)4>(pusch_noise_intf_est::puschRxNoiseIntfEstDynDescr)"
4889785427,2752,323102,35,1,1,128,1,1,16,0.000,0.000,,,,,NVIDIA A100-SXM4-40GB MIG 4g.20gb (0),1,,13,cupy_copy__complex64_complex64
4889796051,1984,323111,1,1,1,1,1,1,18,0.000,0.000,,,,,NVIDIA A100-SXM4-40GB MIG 4g.20gb (0),1,,13,cupy_copy__float32_float32
4889801363,2591,323117,,,,,,,,,,0.000,1.544,Device,Pageable,NVIDIA A100-SXM4-40GB MIG 4g.20gb (0),1,,7,[CUDA memcpy Device-to-Host]
4889879826,13183,323128,1434,1,1,128,1,1,16,0.000,0.000,,,,,NVIDIA A100-SXM4-40GB MIG 4g.20gb (0),1,,13,cupy_copy__complex64_complex64
4889910385,2912,323135,103,1,1,128,1,1,16,0.000,0.000,,,,,NVIDIA A100-SXM4-40GB MIG 4g.20gb (0),1,,13,cupy_copy__complex64_complex64
4889928977,2688,323142,35,1,1,128,1,1,16,0.000,0.000,,,,,NVIDIA A100-SXM4-40GB MIG 4g.20gb (0),1,,13,cupy_copy__complex64_complex64
4889948913,1792,323149,1,1,1,1,1,1,18,0.000,0.000,,,,,NVIDIA A100-SXM4-40GB MIG 4g.20gb (0),1,,13,cupy_copy__float32_float32
4890067695,82111,323160,1,1,1,32,32,1,30,0.000,0.000,,,,,NVIDIA A100-SXM4-40GB MIG 4g.20gb (0),1,,13,"void convert_kernel<__half2, float2>(tensor_layout_any, T1 *, tensor_layout_any, const T2 *)"
4890177646,5568,323163,,,,,,,,,,0.094,16827.521,Pinned,Device,NVIDIA A100-SXM4-40GB MIG 4g.20gb (0),1,,13,[CUDA memcpy Host-to-Device]
4890191822,3360,323164,,,,,,,,,,1.547,460304.688,Device,,NVIDIA A100-SXM4-40GB MIG 4g.20gb (0),1,,13,[CUDA memset]
4890198478,3392,323169,,,,,,,,,,0.031,9226.405,Pinned,Device,NVIDIA A100-SXM4-40GB MIG 4g.20gb (0),1,,13,[CUDA memcpy Host-to-Device]
4890204430,9791,323170,,,,,,,,,,0.197,20080.361,Pinned,Device,NVIDIA A100-SXM4-40GB MIG 4g.20gb (0),1,,13,[CUDA memcpy Host-to-Device]
4890221421,8384,323171,273,1,1,8,4,1,39,0.002,0.000,,,,,NVIDIA A100-SXM4-40GB MIG 4g.20gb (0),1,,13,"void channel_eq::eqMmseCoefCompLowMimoKernel<float, float, float, (unsigned int)4, (unsigned int)1, (unsigned int)4>(const channel_eq::_puschRxChEqStatDescr *, channel_eq::_puschRxChEqCoefCompDynDescr)"
4890233549,6816,323172,273,1,1,12,11,1,51,0.002,0.000,,,,,NVIDIA A100-SXM4-40GB MIG 4g.20gb (0),1,,13,"void channel_eq::eqMmseSoftDemapKernel<float, __half, __half, float, (unsigned int)4, (unsigned short)16383>(channel_eq::_puschRxChEqStatDescr *, channel_eq::_puschRxChEqSoftDemapDynDescr)"
4890241293,282525,323173,1,1,1,32,32,1,30,0.000,0.000,,,,,NVIDIA A100-SXM4-40GB MIG 4g.20gb (0),1,,13,"void convert_kernel<float2, __half2>(tensor_layout_any, T1 *, tensor_layout_any, const T2 *)"
4890524906,10911,323185,2253,1,1,128,1,1,16,0.000,0.000,,,,,NVIDIA A100-SXM4-40GB MIG 4g.20gb (0),1,,13,cupy_copy__float16_float16
4890540713,3520,323194,282,1,1,128,1,1,16,0.000,0.000,,,,,NVIDIA A100-SXM4-40GB MIG 4g.20gb (0),1,,13,cupy_copy__complex64_complex64
4890547049,2368,323203,26,1,1,128,1,1,16,0.000,0.000,,,,,NVIDIA A100-SXM4-40GB MIG 4g.20gb (0),1,,13,cupy_copy__float32_float32
4890550569,4896,323212,103,1,1,128,1,1,16,0.000,0.000,,,,,NVIDIA A100-SXM4-40GB MIG 4g.20gb (0),1,,13,cupy_copy__complex64_complex64
4890556745,12544,323222,1434,1,1,128,1,1,16,0.000,0.000,,,,,NVIDIA A100-SXM4-40GB MIG 4g.20gb (0),1,,13,cupy_copy__complex64_complex64
4890572873,82303,323227,1,1,1,32,32,1,30,0.000,0.000,,,,,NVIDIA A100-SXM4-40GB MIG 4g.20gb (0),1,,13,"void convert_kernel<__half2, float2>(tensor_layout_any, T1 *, tensor_layout_any, const T2 *)"
4890682664,5888,323230,,,,,,,,,,0.094,15912.954,Pinned,Device,NVIDIA A100-SXM4-40GB MIG 4g.20gb (0),1,,13,[CUDA memcpy Host-to-Device]
4890693480,597304,323231,,,,,,,,,,456.561,764283.851,Device,,NVIDIA A100-SXM4-40GB MIG 4g.20gb (0),1,,13,[CUDA memset]
4891297632,134462,323236,,,,,,,,,,1.235,9184.279,Pinned,Device,NVIDIA A100-SXM4-40GB MIG 4g.20gb (0),1,,13,[CUDA memcpy Host-to-Device]
4891442110,32192,323237,,,,,,,,,,0.197,6107.234,Pinned,Device,NVIDIA A100-SXM4-40GB MIG 4g.20gb (0),1,,13,[CUDA memcpy Host-to-Device]
4891487710,8064,323238,69,4,1,48,1,1,76,0.002,0.000,,,,,NVIDIA A100-SXM4-40GB MIG 4g.20gb (0),1,,13,"void ch_est::windowedChEstPreNoDftSOfdmKernel<float, __half, float, (unsigned int)2, (unsigned int)1, (unsigned short)4>(ch_est::puschRxChEstStatDescr_t *, ch_est::puschRxChEstDynDescr_t *)"
4891502398,6783,323239,137,2,1,24,2,1,44,0.001,0.001,,,,,NVIDIA A100-SXM4-40GB MIG 4g.20gb (0),1,,13,"void ch_est::chEstFilterNoDftSOfdmDispatchKernel<float, __half, float, (unsigned int)2>(ch_est::puschRxChEstStatDescr_t *, ch_est::puschRxChEstDynDescr_t *)"
4891514621,4800,323240,137,2,1,24,2,1,44,0.001,0.001,,,,,NVIDIA A100-SXM4-40GB MIG 4g.20gb (0),1,,13,"void ch_est::chEstFilterNoDftSOfdmDispatchKernel<float, __half, float, (unsigned int)2>(ch_est::puschRxChEstStatDescr_t *, ch_est::puschRxChEstDynDescr_t *)"
4891527005,2688,323251,103,1,1,128,1,1,16,0.000,0.000,,,,,NVIDIA A100-SXM4-40GB MIG 4g.20gb (0),1,,13,cupy_copy__complex64_complex64
4891535325,12736,323261,1434,1,1,128,1,1,16,0.000,0.000,,,,,NVIDIA A100-SXM4-40GB MIG 4g.20gb (0),1,,13,cupy_copy__complex64_complex64
4891552925,2400,323268,103,1,1,128,1,1,16,0.000,0.000,,,,,NVIDIA A100-SXM4-40GB MIG 4g.20gb (0),1,,13,cupy_copy__complex64_complex64
4891566429,86111,323275,1,1,1,32,32,1,30,0.000,0.000,,,,,NVIDIA A100-SXM4-40GB MIG 4g.20gb (0),1,,13,"void convert_kernel<__half2, float2>(tensor_layout_any, T1 *, tensor_layout_any, const T2 *)"
4891680475,5760,323278,,,,,,,,,,0.094,16266.656,Pinned,Device,NVIDIA A100-SXM4-40GB MIG 4g.20gb (0),1,,13,[CUDA memcpy Host-to-Device]
4891694491,47584,323279,,,,,,,,,,35.810,752545.469,Device,,NVIDIA A100-SXM4-40GB MIG 4g.20gb (0),1,,13,[CUDA memset]
4891748251,4639,323281,,,,,,,,,,0.000,17.245,Pinned,Device,NVIDIA A100-SXM4-40GB MIG 4g.20gb (0),1,,13,[CUDA memcpy Host-to-Device]
4891756538,12896,323282,,,,,,,,,,0.197,15245.574,Pinned,Device,NVIDIA A100-SXM4-40GB MIG 4g.20gb (0),1,,13,[CUDA memcpy Host-to-Device]
4891778362,13312,323283,273,1,1,48,1,1,40,0.000,0.001,,,,,NVIDIA A100-SXM4-40GB MIG 4g.20gb (0),1,,13,"void pusch_noise_intf_est::noiseIntfEstNoDftSOfdmKernel<float, __half, float, float, (unsigned int)2, (unsigned int)1, (unsigned char)4, (unsigned char)4>(pusch_noise_intf_est::puschRxNoiseIntfEstDynDescr)"
4891795642,3616,323294,35,1,1,128,1,1,16,0.000,0.000,,,,,NVIDIA A100-SXM4-40GB MIG 4g.20gb (0),1,,13,cupy_copy__complex64_complex64
4891803354,1792,323303,1,1,1,1,1,1,18,0.000,0.000,,,,,NVIDIA A100-SXM4-40GB MIG 4g.20gb (0),1,,13,cupy_copy__float32_float32
4891833017,1664,323309,,,,,,,,,,0.000,2.404,Device,Pageable,NVIDIA A100-SXM4-40GB MIG 4g.20gb (0),1,,7,[CUDA memcpy Device-to-Host]
4891892185,12832,323320,1434,1,1,128,1,1,16,0.000,0.000,,,,,NVIDIA A100-SXM4-40GB MIG 4g.20gb (0),1,,13,cupy_copy__complex64_complex64
4891918904,2816,323327,103,1,1,128,1,1,16,0.000,0.000,,,,,NVIDIA A100-SXM4-40GB MIG 4g.20gb (0),1,,13,cupy_copy__complex64_complex64
4891939544,2624,323334,35,1,1,128,1,1,16,0.000,0.000,,,,,NVIDIA A100-SXM4-40GB MIG 4g.20gb (0),1,,13,cupy_copy__complex64_complex64
4891956248,1824,323341,1,1,1,1,1,1,18,0.000,0.000,,,,,NVIDIA A100-SXM4-40GB MIG 4g.20gb (0),1,,13,cupy_copy__float32_float32
4892087126,82559,323352,1,1,1,32,32,1,30,0.000,0.000,,,,,NVIDIA A100-SXM4-40GB MIG 4g.20gb (0),1,,13,"void convert_kernel<__half2, float2>(tensor_layout_any, T1 *, tensor_layout_any, const T2 *)"
4892197717,5760,323355,,,,,,,,,,0.094,16266.656,Pinned,Device,NVIDIA A100-SXM4-40GB MIG 4g.20gb (0),1,,13,[CUDA memcpy Host-to-Device]
4892212245,3296,323356,,,,,,,,,,1.547,469242.628,Device,,NVIDIA A100-SXM4-40GB MIG 4g.20gb (0),1,,13,[CUDA memset]
4892219381,3584,323361,,,,,,,,,,0.031,8732.116,Pinned,Device,NVIDIA A100-SXM4-40GB MIG 4g.20gb (0),1,,13,[CUDA memcpy Host-to-Device]
4892225429,9440,323362,,,,,,,,,,0.197,20827.079,Pinned,Device,NVIDIA A100-SXM4-40GB MIG 4g.20gb (0),1,,13,[CUDA memcpy Host-to-Device]
4892239796,6880,323363,273,1,1,8,4,1,39,0.002,0.000,,,,,NVIDIA A100-SXM4-40GB MIG 4g.20gb (0),1,,13,"void channel_eq::eqMmseCoefCompLowMimoKernel<float, float, float, (unsigned int)4, (unsigned int)1, (unsigned int)4>(const channel_eq::_puschRxChEqStatDescr *, channel_eq::_puschRxChEqCoefCompDynDescr)"
4892247604,7648,323364,273,1,1,12,11,1,51,0.002,0.000,,,,,NVIDIA A100-SXM4-40GB MIG 4g.20gb (0),1,,13,"void channel_eq::eqMmseSoftDemapKernel<float, __half, __half, float, (unsigned int)4, (unsigned short)16383>(channel_eq::_puschRxChEqStatDescr *, channel_eq::_puschRxChEqSoftDemapDynDescr)"
4892260180,279741,323365,1,1,1,32,32,1,30,0.000,0.000,,,,,NVIDIA A100-SXM4-40GB MIG 4g.20gb (0),1,,13,"void convert_kernel<float2, __half2>(tensor_layout_any, T1 *, tensor_layout_any, const T2 *)"
4892541265,10848,323377,2253,1,1,128,1,1,16,0.000,0.000,,,,,NVIDIA A100-SXM4-40GB MIG 4g.20gb (0),1,,13,cupy_copy__float16_float16
4892555633,3552,323386,282,1,1,128,1,1,16,0.000,0.000,,,,,NVIDIA A100-SXM4-40GB MIG 4g.20gb (0),1,,13,cupy_copy__complex64_complex64
4892561617,2271,323395,26,1,1,128,1,1,16,0.000,0.000,,,,,NVIDIA A100-SXM4-40GB MIG 4g.20gb (0),1,,13,cupy_copy__float32_float32
4892564944,2784,323404,103,1,1,128,1,1,16,0.000,0.000,,,,,NVIDIA A100-SXM4-40GB MIG 4g.20gb (0),1,,13,cupy_copy__complex64_complex64
4892569264,11968,323414,1434,1,1,128,1,1,16,0.000,0.000,,,,,NVIDIA A100-SXM4-40GB MIG 4g.20gb (0),1,,13,cupy_copy__complex64_complex64
4892587184,87551,323419,1,1,1,32,32,1,30,0.000,0.000,,,,,NVIDIA A100-SXM4-40GB MIG 4g.20gb (0),1,,13,"void convert_kernel<__half2, float2>(tensor_layout_any, T1 *, tensor_layout_any, const T2 *)"
4892702511,5920,323422,,,,,,,,,,0.094,15826.941,Pinned,Device,NVIDIA A100-SXM4-40GB MIG 4g.20gb (0),1,,13,[CUDA memcpy Host-to-Device]
4892712879,595192,323423,,,,,,,,,,456.561,767023.219,Device,,NVIDIA A100-SXM4-40GB MIG 4g.20gb (0),1,,13,[CUDA memset]
4893311975,142879,323428,,,,,,,,,,1.235,8642.138,Pinned,Device,NVIDIA A100-SXM4-40GB MIG 4g.20gb (0),1,,13,[CUDA memcpy Host-to-Device]
4893463205,41120,323429,,,,,,,,,,0.197,4781.310,Pinned,Device,NVIDIA A100-SXM4-40GB MIG 4g.20gb (0),1,,13,[CUDA memcpy Host-to-Device]
4893530021,8127,323430,69,4,1,48,1,1,76,0.002,0.000,,,,,NVIDIA A100-SXM4-40GB MIG 4g.20gb (0),1,,13,"void ch_est::windowedChEstPreNoDftSOfdmKernel<float, __half, float, (unsigned int)2, (unsigned int)1, (unsigned short)4>(ch_est::puschRxChEstStatDescr_t *, ch_est::puschRxChEstDynDescr_t *)"
4893547460,6560,323431,137,2,1,24,2,1,44,0.001,0.001,,,,,NVIDIA A100-SXM4-40GB MIG 4g.20gb (0),1,,13,"void ch_est::chEstFilterNoDftSOfdmDispatchKernel<float, __half, float, (unsigned int)2>(ch_est::puschRxChEstStatDescr_t *, ch_est::puschRxChEstDynDescr_t *)"
4893566500,4672,323432,137,2,1,24,2,1,44,0.001,0.001,,,,,NVIDIA A100-SXM4-40GB MIG 4g.20gb (0),1,,13,"void ch_est::chEstFilterNoDftSOfdmDispatchKernel<float, __half, float, (unsigned int)2>(ch_est::puschRxChEstStatDescr_t *, ch_est::puschRxChEstDynDescr_t *)"
4893583044,2784,323443,103,1,1,128,1,1,16,0.000,0.000,,,,,NVIDIA A100-SXM4-40GB MIG 4g.20gb (0),1,,13,cupy_copy__complex64_complex64
4893599876,12608,323453,1434,1,1,128,1,1,16,0.000,0.000,,,,,NVIDIA A100-SXM4-40GB MIG 4g.20gb (0),1,,13,cupy_copy__complex64_complex64
4893621827,2528,323460,103,1,1,128,1,1,16,0.000,0.000,,,,,NVIDIA A100-SXM4-40GB MIG 4g.20gb (0),1,,13,cupy_copy__complex64_complex64
4893640483,89023,323467,1,1,1,32,32,1,30,0.000,0.000,,,,,NVIDIA A100-SXM4-40GB MIG 4g.20gb (0),1,,13,"void convert_kernel<__half2, float2>(tensor_layout_any, T1 *, tensor_layout_any, const T2 *)"
4893760674,25119,323470,,,,,,,,,,0.094,3730.038,Pinned,Device,NVIDIA A100-SXM4-40GB MIG 4g.20gb (0),1,,13,[CUDA memcpy Host-to-Device]
4893796993,47040,323471,,,,,,,,,,35.810,761247.279,Device,,NVIDIA A100-SXM4-40GB MIG 4g.20gb (0),1,,13,[CUDA memset]
4893848225,14015,323473,,,,,,,,,,0.000,5.708,Pinned,Device,NVIDIA A100-SXM4-40GB MIG 4g.20gb (0),1,,13,[CUDA memcpy Host-to-Device]
4893870240,36608,323474,,,,,,,,,,0.197,5370.544,Pinned,Device,NVIDIA A100-SXM4-40GB MIG 4g.20gb (0),1,,13,[CUDA memcpy Host-to-Device]
4893918496,9824,323475,273,1,1,48,1,1,40,0.000,0.001,,,,,NVIDIA A100-SXM4-40GB MIG 4g.20gb (0),1,,13,"void pusch_noise_intf_est::noiseIntfEstNoDftSOfdmKernel<float, __half, float, float, (unsigned int)2, (unsigned int)1, (unsigned char)4, (unsigned char)4>(pusch_noise_intf_est::puschRxNoiseIntfEstDynDescr)"
4893936736,2560,323486,35,1,1,128,1,1,16,0.000,0.000,,,,,NVIDIA A100-SXM4-40GB MIG 4g.20gb (0),1,,13,cupy_copy__complex64_complex64
4893944351,1696,323495,1,1,1,1,1,1,18,0.000,0.000,,,,,NVIDIA A100-SXM4-40GB MIG 4g.20gb (0),1,,13,cupy_copy__float32_float32
4893951583,2784,323501,,,,,,,,,,0.000,1.437,Device,Pageable,NVIDIA A100-SXM4-40GB MIG 4g.20gb (0),1,,7,[CUDA memcpy Device-to-Host]
4894013823,12767,323512,1434,1,1,128,1,1,16,0.000,0.000,,,,,NVIDIA A100-SXM4-40GB MIG 4g.20gb (0),1,,13,cupy_copy__complex64_complex64
4894043070,3040,323519,103,1,1,128,1,1,16,0.000,0.000,,,,,NVIDIA A100-SXM4-40GB MIG 4g.20gb (0),1,,13,cupy_copy__complex64_complex64
4894061534,2336,323526,35,1,1,128,1,1,16,0.000,0.000,,,,,NVIDIA A100-SXM4-40GB MIG 4g.20gb (0),1,,13,cupy_copy__complex64_complex64
4894080222,1952,323533,1,1,1,1,1,1,18,0.000,0.000,,,,,NVIDIA A100-SXM4-40GB MIG 4g.20gb (0),1,,13,cupy_copy__float32_float32
4894210684,82879,323544,1,1,1,32,32,1,30,0.000,0.000,,,,,NVIDIA A100-SXM4-40GB MIG 4g.20gb (0),1,,13,"void convert_kernel<__half2, float2>(tensor_layout_any, T1 *, tensor_layout_any, const T2 *)"
4894320763,5408,323547,,,,,,,,,,0.094,17325.421,Pinned,Device,NVIDIA A100-SXM4-40GB MIG 4g.20gb (0),1,,13,[CUDA memcpy Host-to-Device]
4894336123,3520,323548,,,,,,,,,,1.547,439380.412,Device,,NVIDIA A100-SXM4-40GB MIG 4g.20gb (0),1,,13,[CUDA memset]
4894343611,3424,323553,,,,,,,,,,0.031,9140.185,Pinned,Device,NVIDIA A100-SXM4-40GB MIG 4g.20gb (0),1,,13,[CUDA memcpy Host-to-Device]
4894350074,9824,323554,,,,,,,,,,0.197,20012.925,Pinned,Device,NVIDIA A100-SXM4-40GB MIG 4g.20gb (0),1,,13,[CUDA memcpy Host-to-Device]
4894365946,8192,323555,273,1,1,8,4,1,39,0.002,0.000,,,,,NVIDIA A100-SXM4-40GB MIG 4g.20gb (0),1,,13,"void channel_eq::eqMmseCoefCompLowMimoKernel<float, float, float, (unsigned int)4, (unsigned int)1, (unsigned int)4>(const channel_eq::_puschRxChEqStatDescr *, channel_eq::_puschRxChEqCoefCompDynDescr)"
4894375418,5664,323556,273,1,1,12,11,1,51,0.002,0.000,,,,,NVIDIA A100-SXM4-40GB MIG 4g.20gb (0),1,,13,"void channel_eq::eqMmseSoftDemapKernel<float, __half, __half, float, (unsigned int)4, (unsigned short)16383>(channel_eq::_puschRxChEqStatDescr *, channel_eq::_puschRxChEqSoftDemapDynDescr)"
4894382874,279869,323557,1,1,1,32,32,1,30,0.000,0.000,,,,,NVIDIA A100-SXM4-40GB MIG 4g.20gb (0),1,,13,"void convert_kernel<float2, __half2>(tensor_layout_any, T1 *, tensor_layout_any, const T2 *)"
4894664823,10943,323569,2253,1,1,128,1,1,16,0.000,0.000,,,,,NVIDIA A100-SXM4-40GB MIG 4g.20gb (0),1,,13,cupy_copy__float16_float16
4894677046,3072,323578,282,1,1,128,1,1,16,0.000,0.000,,,,,NVIDIA A100-SXM4-40GB MIG 4g.20gb (0),1,,13,cupy_copy__complex64_complex64
4894682198,2112,323587,26,1,1,128,1,1,16,0.000,0.000,,,,,NVIDIA A100-SXM4-40GB MIG 4g.20gb (0),1,,13,cupy_copy__float32_float32
4894685302,3328,323596,103,1,1,128,1,1,16,0.000,0.000,,,,,NVIDIA A100-SXM4-40GB MIG 4g.20gb (0),1,,13,cupy_copy__complex64_complex64
4894690326,12352,323606,1434,1,1,128,1,1,16,0.000,0.000,,,,,NVIDIA A100-SXM4-40GB MIG 4g.20gb (0),1,,13,cupy_copy__complex64_complex64
4894709878,87327,323611,1,1,1,32,32,1,30,0.000,0.000,,,,,NVIDIA A100-SXM4-40GB MIG 4g.20gb (0),1,,13,"void convert_kernel<__half2, float2>(tensor_layout_any, T1 *, tensor_layout_any, const T2 *)"
4894823573,5536,323614,,,,,,,,,,0.094,16924.777,Pinned,Device,NVIDIA A100-SXM4-40GB MIG 4g.20gb (0),1,,13,[CUDA memcpy Host-to-Device]
4894834869,597432,323615,,,,,,,,,,456.561,763827.289,Device,,NVIDIA A100-SXM4-40GB MIG 4g.20gb (0),1,,13,[CUDA memset]
4895438413,158430,323620,,,,,,,,,,1.235,7793.732,Pinned,Device,NVIDIA A100-SXM4-40GB MIG 4g.20gb (0),1,,13,[CUDA memcpy Host-to-Device]
4895608875,40223,323621,,,,,,,,,,0.197,4887.871,Pinned,Device,NVIDIA A100-SXM4-40GB MIG 4g.20gb (0),1,,13,[CUDA memcpy Host-to-Device]
4895667050,7872,323622,69,4,1,48,1,1,76,0.002,0.000,,,,,NVIDIA A100-SXM4-40GB MIG 4g.20gb (0),1,,13,"void ch_est::windowedChEstPreNoDftSOfdmKernel<float, __half, float, (unsigned int)2, (unsigned int)1, (unsigned short)4>(ch_est::puschRxChEstStatDescr_t *, ch_est::puschRxChEstDynDescr_t *)"
4895686922,6720,323623,137,2,1,24,2,1,44,0.001,0.001,,,,,NVIDIA A100-SXM4-40GB MIG 4g.20gb (0),1,,13,"void ch_est::chEstFilterNoDftSOfdmDispatchKernel<float, __half, float, (unsigned int)2>(ch_est::puschRxChEstStatDescr_t *, ch_est::puschRxChEstDynDescr_t *)"
4895703562,4704,323624,137,2,1,24,2,1,44,0.001,0.001,,,,,NVIDIA A100-SXM4-40GB MIG 4g.20gb (0),1,,13,"void ch_est::chEstFilterNoDftSOfdmDispatchKernel<float, __half, float, (unsigned int)2>(ch_est::puschRxChEstStatDescr_t *, ch_est::puschRxChEstDynDescr_t *)"
4895722794,2720,323635,103,1,1,128,1,1,16,0.000,0.000,,,,,NVIDIA A100-SXM4-40GB MIG 4g.20gb (0),1,,13,cupy_copy__complex64_complex64
4895739337,12608,323645,1434,1,1,128,1,1,16,0.000,0.000,,,,,NVIDIA A100-SXM4-40GB MIG 4g.20gb (0),1,,13,cupy_copy__complex64_complex64
4895758569,2944,323652,103,1,1,128,1,1,16,0.000,0.000,,,,,NVIDIA A100-SXM4-40GB MIG 4g.20gb (0),1,,13,cupy_copy__complex64_complex64
4895782569,86239,323659,1,1,1,32,32,1,30,0.000,0.000,,,,,NVIDIA A100-SXM4-40GB MIG 4g.20gb (0),1,,13,"void convert_kernel<__half2, float2>(tensor_layout_any, T1 *, tensor_layout_any, const T2 *)"
4895900135,26624,323662,,,,,,,,,,0.094,3519.222,Pinned,Device,NVIDIA A100-SXM4-40GB MIG 4g.20gb (0),1,,13,[CUDA memcpy Host-to-Device]
4895957383,47967,323663,,,,,,,,,,35.810,746529.402,Device,,NVIDIA A100-SXM4-40GB MIG 4g.20gb (0),1,,13,[CUDA memset]
4896010214,15552,323665,,,,,,,,,,0.000,5.144,Pinned,Device,NVIDIA A100-SXM4-40GB MIG 4g.20gb (0),1,,13,[CUDA memcpy Host-to-Device]
4896032038,24671,323666,,,,,,,,,,0.197,7969.112,Pinned,Device,NVIDIA A100-SXM4-40GB MIG 4g.20gb (0),1,,13,[CUDA memcpy Host-to-Device]
4896072901,10176,323667,273,1,1,48,1,1,40,0.000,0.001,,,,,NVIDIA A100-SXM4-40GB MIG 4g.20gb (0),1,,13,"void pusch_noise_intf_est::noiseIntfEstNoDftSOfdmKernel<float, __half, float, float, (unsigned int)2, (unsigned int)1, (unsigned char)4, (unsigned char)4>(pusch_noise_intf_est::puschRxNoiseIntfEstDynDescr)"
4896089541,2752,323678,35,1,1,128,1,1,16,0.000,0.000,,,,,NVIDIA A100-SXM4-40GB MIG 4g.20gb (0),1,,13,cupy_copy__complex64_complex64
4896106885,1664,323687,1,1,1,1,1,1,18,0.000,0.000,,,,,NVIDIA A100-SXM4-40GB MIG 4g.20gb (0),1,,13,cupy_copy__float32_float32
4896109125,9216,323693,,,,,,,,,,0.000,0.434,Device,Pageable,NVIDIA A100-SXM4-40GB MIG 4g.20gb (0),1,,7,[CUDA memcpy Device-to-Host]
4896200676,12864,323704,1434,1,1,128,1,1,16,0.000,0.000,,,,,NVIDIA A100-SXM4-40GB MIG 4g.20gb (0),1,,13,cupy_copy__complex64_complex64
4896223907,3360,323711,103,1,1,128,1,1,16,0.000,0.000,,,,,NVIDIA A100-SXM4-40GB MIG 4g.20gb (0),1,,13,cupy_copy__complex64_complex64
4896246179,2560,323718,35,1,1,128,1,1,16,0.000,0.000,,,,,NVIDIA A100-SXM4-40GB MIG 4g.20gb (0),1,,13,cupy_copy__complex64_complex64
4896268931,1760,323725,1,1,1,1,1,1,18,0.000,0.000,,,,,NVIDIA A100-SXM4-40GB MIG 4g.20gb (0),1,,13,cupy_copy__float32_float32
4896398081,86879,323736,1,1,1,32,32,1,30,0.000,0.000,,,,,NVIDIA A100-SXM4-40GB MIG 4g.20gb (0),1,,13,"void convert_kernel<__half2, float2>(tensor_layout_any, T1 *, tensor_layout_any, const T2 *)"
4896513600,5728,323739,,,,,,,,,,0.094,16357.541,Pinned,Device,NVIDIA A100-SXM4-40GB MIG 4g.20gb (0),1,,13,[CUDA memcpy Host-to-Device]
4896529472,3296,323740,,,,,,,,,,1.547,469242.628,Device,,NVIDIA A100-SXM4-40GB MIG 4g.20gb (0),1,,13,[CUDA memset]
4896534976,3680,323745,,,,,,,,,,0.031,8504.344,Pinned,Device,NVIDIA A100-SXM4-40GB MIG 4g.20gb (0),1,,13,[CUDA memcpy Host-to-Device]
4896541535,10144,323746,,,,,,,,,,0.197,19381.617,Pinned,Device,NVIDIA A100-SXM4-40GB MIG 4g.20gb (0),1,,13,[CUDA memcpy Host-to-Device]
4896559423,6496,323747,273,1,1,8,4,1,39,0.002,0.000,,,,,NVIDIA A100-SXM4-40GB MIG 4g.20gb (0),1,,13,"void channel_eq::eqMmseCoefCompLowMimoKernel<float, float, float, (unsigned int)4, (unsigned int)1, (unsigned int)4>(const channel_eq::_puschRxChEqStatDescr *, channel_eq::_puschRxChEqCoefCompDynDescr)"
4896567935,6112,323748,273,1,1,12,11,1,51,0.002,0.000,,,,,NVIDIA A100-SXM4-40GB MIG 4g.20gb (0),1,,13,"void channel_eq::eqMmseSoftDemapKernel<float, __half, __half, float, (unsigned int)4, (unsigned short)16383>(channel_eq::_puschRxChEqStatDescr *, channel_eq::_puschRxChEqSoftDemapDynDescr)"
4896575679,283037,323749,1,1,1,32,32,1,30,0.000,0.000,,,,,NVIDIA A100-SXM4-40GB MIG 4g.20gb (0),1,,13,"void convert_kernel<float2, __half2>(tensor_layout_any, T1 *, tensor_layout_any, const T2 *)"
4896861052,10943,323761,2253,1,1,128,1,1,16,0.000,0.000,,,,,NVIDIA A100-SXM4-40GB MIG 4g.20gb (0),1,,13,cupy_copy__float16_float16
4896877019,2752,323770,282,1,1,128,1,1,16,0.000,0.000,,,,,NVIDIA A100-SXM4-40GB MIG 4g.20gb (0),1,,13,cupy_copy__complex64_complex64
4896882139,2272,323779,26,1,1,128,1,1,16,0.000,0.000,,,,,NVIDIA A100-SXM4-40GB MIG 4g.20gb (0),1,,13,cupy_copy__float32_float32
4896885531,3040,323788,103,1,1,128,1,1,16,0.000,0.000,,,,,NVIDIA A100-SXM4-40GB MIG 4g.20gb (0),1,,13,cupy_copy__complex64_complex64
4896890779,12128,323798,1434,1,1,128,1,1,16,0.000,0.000,,,,,NVIDIA A100-SXM4-40GB MIG 4g.20gb (0),1,,13,cupy_copy__complex64_complex64
4896907099,86079,323803,1,1,1,32,32,1,30,0.000,0.000,,,,,NVIDIA A100-SXM4-40GB MIG 4g.20gb (0),1,,13,"void convert_kernel<__half2, float2>(tensor_layout_any, T1 *, tensor_layout_any, const T2 *)"
4897020442,5664,323806,,,,,,,,,,0.094,16542.310,Pinned,Device,NVIDIA A100-SXM4-40GB MIG 4g.20gb (0),1,,13,[CUDA memcpy Host-to-Device]
4897030073,597049,323807,,,,,,,,,,456.561,764283.851,Device,,NVIDIA A100-SXM4-40GB MIG 4g.20gb (0),1,,13,[CUDA memset]
4897634162,142430,323812,,,,,,,,,,1.235,8669.307,Pinned,Device,NVIDIA A100-SXM4-40GB MIG 4g.20gb (0),1,,13,[CUDA memcpy Host-to-Device]
4897788688,33920,323813,,,,,,,,,,0.197,5796.200,Pinned,Device,NVIDIA A100-SXM4-40GB MIG 4g.20gb (0),1,,13,[CUDA memcpy Host-to-Device]
4897844719,8064,323814,69,4,1,48,1,1,76,0.002,0.000,,,,,NVIDIA A100-SXM4-40GB MIG 4g.20gb (0),1,,13,"void ch_est::windowedChEstPreNoDftSOfdmKernel<float, __half, float, (unsigned int)2, (unsigned int)1, (unsigned short)4>(ch_est::puschRxChEstStatDescr_t *, ch_est::puschRxChEstDynDescr_t *)"
4897857487,6528,323815,137,2,1,24,2,1,44,0.001,0.001,,,,,NVIDIA A100-SXM4-40GB MIG 4g.20gb (0),1,,13,"void ch_est::chEstFilterNoDftSOfdmDispatchKernel<float, __half, float, (unsigned int)2>(ch_est::puschRxChEstStatDescr_t *, ch_est::puschRxChEstDynDescr_t *)"
4897865967,5056,323816,137,2,1,24,2,1,44,0.001,0.001,,,,,NVIDIA A100-SXM4-40GB MIG 4g.20gb (0),1,,13,"void ch_est::chEstFilterNoDftSOfdmDispatchKernel<float, __half, float, (unsigned int)2>(ch_est::puschRxChEstStatDescr_t *, ch_est::puschRxChEstDynDescr_t *)"
4897874703,2592,323827,103,1,1,128,1,1,16,0.000,0.000,,,,,NVIDIA A100-SXM4-40GB MIG 4g.20gb (0),1,,13,cupy_copy__complex64_complex64
4897882479,12544,323837,1434,1,1,128,1,1,16,0.000,0.000,,,,,NVIDIA A100-SXM4-40GB MIG 4g.20gb (0),1,,13,cupy_copy__complex64_complex64
4897904079,2528,323844,103,1,1,128,1,1,16,0.000,0.000,,,,,NVIDIA A100-SXM4-40GB MIG 4g.20gb (0),1,,13,cupy_copy__complex64_complex64
4897909487,83455,323851,1,1,1,32,32,1,30,0.000,0.000,,,,,NVIDIA A100-SXM4-40GB MIG 4g.20gb (0),1,,13,"void convert_kernel<__half2, float2>(tensor_layout_any, T1 *, tensor_layout_any, const T2 *)"
4898019597,5920,323854,,,,,,,,,,0.094,15826.941,Pinned,Device,NVIDIA A100-SXM4-40GB MIG 4g.20gb (0),1,,13,[CUDA memcpy Host-to-Device]
4898032397,47008,323855,,,,,,,,,,35.810,761748.618,Device,,NVIDIA A100-SXM4-40GB MIG 4g.20gb (0),1,,13,[CUDA memset]
4898084396,4160,323857,,,,,,,,,,0.000,19.231,Pinned,Device,NVIDIA A100-SXM4-40GB MIG 4g.20gb (0),1,,13,[CUDA memcpy Host-to-Device]
4898094380,12800,323858,,,,,,,,,,0.197,15360.000,Pinned,Device,NVIDIA A100-SXM4-40GB MIG 4g.20gb (0),1,,13,[CUDA memcpy Host-to-Device]
4898116300,9824,323859,273,1,1,48,1,1,40,0.000,0.001,,,,,NVIDIA A100-SXM4-40GB MIG 4g.20gb (0),1,,13,"void pusch_noise_intf_est::noiseIntfEstNoDftSOfdmKernel<float, __half, float, float, (unsigned int)2, (unsigned int)1, (unsigned char)4, (unsigned char)4>(pusch_noise_intf_est::puschRxNoiseIntfEstDynDescr)"
4898133548,2880,323870,35,1,1,128,1,1,16,0.000,0.000,,,,,NVIDIA A100-SXM4-40GB MIG 4g.20gb (0),1,,13,cupy_copy__complex64_complex64
4898141740,1856,323879,1,1,1,1,1,1,18,0.000,0.000,,,,,NVIDIA A100-SXM4-40GB MIG 4g.20gb (0),1,,13,cupy_copy__float32_float32
4898172075,1600,323885,,,,,,,,,,0.000,2.500,Device,Pageable,NVIDIA A100-SXM4-40GB MIG 4g.20gb (0),1,,7,[CUDA memcpy Device-to-Host]
4898232907,13183,323896,1434,1,1,128,1,1,16,0.000,0.000,,,,,NVIDIA A100-SXM4-40GB MIG 4g.20gb (0),1,,13,cupy_copy__complex64_complex64
4898258474,3456,323903,103,1,1,128,1,1,16,0.000,0.000,,,,,NVIDIA A100-SXM4-40GB MIG 4g.20gb (0),1,,13,cupy_copy__complex64_complex64
4898279402,2176,323910,35,1,1,128,1,1,16,0.000,0.000,,,,,NVIDIA A100-SXM4-40GB MIG 4g.20gb (0),1,,13,cupy_copy__complex64_complex64
4898297258,1792,323917,1,1,1,1,1,1,18,0.000,0.000,,,,,NVIDIA A100-SXM4-40GB MIG 4g.20gb (0),1,,13,cupy_copy__float32_float32
4898429352,88127,323928,1,1,1,32,32,1,30,0.000,0.000,,,,,NVIDIA A100-SXM4-40GB MIG 4g.20gb (0),1,,13,"void convert_kernel<__half2, float2>(tensor_layout_any, T1 *, tensor_layout_any, const T2 *)"
4898544519,5408,323931,,,,,,,,,,0.094,17325.421,Pinned,Device,NVIDIA A100-SXM4-40GB MIG 4g.20gb (0),1,,13,[CUDA memcpy Host-to-Device]
4898560743,3232,323932,,,,,,,,,,1.547,478533.199,Device,,NVIDIA A100-SXM4-40GB MIG 4g.20gb (0),1,,13,[CUDA memset]
4898566311,3327,323937,,,,,,,,,,0.031,9406.670,Pinned,Device,NVIDIA A100-SXM4-40GB MIG 4g.20gb (0),1,,13,[CUDA memcpy Host-to-Device]
4898572070,10368,323938,,,,,,,,,,0.197,18962.842,Pinned,Device,NVIDIA A100-SXM4-40GB MIG 4g.20gb (0),1,,13,[CUDA memcpy Host-to-Device]
4898586630,6336,323939,273,1,1,8,4,1,39,0.002,0.000,,,,,NVIDIA A100-SXM4-40GB MIG 4g.20gb (0),1,,13,"void channel_eq::eqMmseCoefCompLowMimoKernel<float, float, float, (unsigned int)4, (unsigned int)1, (unsigned int)4>(const channel_eq::_puschRxChEqStatDescr *, channel_eq::_puschRxChEqCoefCompDynDescr)"
4898596454,5696,323940,273,1,1,12,11,1,51,0.002,0.000,,,,,NVIDIA A100-SXM4-40GB MIG 4g.20gb (0),1,,13,"void channel_eq::eqMmseSoftDemapKernel<float, __half, __half, float, (unsigned int)4, (unsigned short)16383>(channel_eq::_puschRxChEqStatDescr *, channel_eq::_puschRxChEqSoftDemapDynDescr)"
4898605510,289788,323941,1,1,1,32,32,1,30,0.000,0.000,,,,,NVIDIA A100-SXM4-40GB MIG 4g.20gb (0),1,,13,"void convert_kernel<float2, __half2>(tensor_layout_any, T1 *, tensor_layout_any, const T2 *)"
4898896354,11200,323953,2253,1,1,128,1,1,16,0.000,0.000,,,,,NVIDIA A100-SXM4-40GB MIG 4g.20gb (0),1,,13,cupy_copy__float16_float16
4898908866,3040,323962,282,1,1,128,1,1,16,0.000,0.000,,,,,NVIDIA A100-SXM4-40GB MIG 4g.20gb (0),1,,13,cupy_copy__complex64_complex64
4898913698,2144,323971,26,1,1,128,1,1,16,0.000,0.000,,,,,NVIDIA A100-SXM4-40GB MIG 4g.20gb (0),1,,13,cupy_copy__float32_float32
4898917762,3008,323980,103,1,1,128,1,1,16,0.000,0.000,,,,,NVIDIA A100-SXM4-40GB MIG 4g.20gb (0),1,,13,cupy_copy__complex64_complex64
4898922946,11936,323990,1434,1,1,128,1,1,16,0.000,0.000,,,,,NVIDIA A100-SXM4-40GB MIG 4g.20gb (0),1,,13,cupy_copy__complex64_complex64
4898941410,82399,323995,1,1,1,32,32,1,30,0.000,0.000,,,,,NVIDIA A100-SXM4-40GB MIG 4g.20gb (0),1,,13,"void convert_kernel<__half2, float2>(tensor_layout_any, T1 *, tensor_layout_any, const T2 *)"
4899050241,5344,323998,,,,,,,,,,0.094,17532.864,Pinned,Device,NVIDIA A100-SXM4-40GB MIG 4g.20gb (0),1,,13,[CUDA memcpy Host-to-Device]
4899060352,598297,323999,,,,,,,,,,456.561,762914.166,Device,,NVIDIA A100-SXM4-40GB MIG 4g.20gb (0),1,,13,[CUDA memset]
4899664729,123070,324004,,,,,,,,,,1.235,10033.920,Pinned,Device,NVIDIA A100-SXM4-40GB MIG 4g.20gb (0),1,,13,[CUDA memcpy Host-to-Device]
4899799607,40576,324005,,,,,,,,,,0.197,4845.404,Pinned,Device,NVIDIA A100-SXM4-40GB MIG 4g.20gb (0),1,,13,[CUDA memcpy Host-to-Device]
4899870166,8416,324006,69,4,1,48,1,1,76,0.002,0.000,,,,,NVIDIA A100-SXM4-40GB MIG 4g.20gb (0),1,,13,"void ch_est::windowedChEstPreNoDftSOfdmKernel<float, __half, float, (unsigned int)2, (unsigned int)1, (unsigned short)4>(ch_est::puschRxChEstStatDescr_t *, ch_est::puschRxChEstDynDescr_t *)"
4899887926,7136,324007,137,2,1,24,2,1,44,0.001,0.001,,,,,NVIDIA A100-SXM4-40GB MIG 4g.20gb (0),1,,13,"void ch_est::chEstFilterNoDftSOfdmDispatchKernel<float, __half, float, (unsigned int)2>(ch_est::puschRxChEstStatDescr_t *, ch_est::puschRxChEstDynDescr_t *)"
4899905686,4736,324008,137,2,1,24,2,1,44,0.001,0.001,,,,,NVIDIA A100-SXM4-40GB MIG 4g.20gb (0),1,,13,"void ch_est::chEstFilterNoDftSOfdmDispatchKernel<float, __half, float, (unsigned int)2>(ch_est::puschRxChEstStatDescr_t *, ch_est::puschRxChEstDynDescr_t *)"
4899919510,2656,324019,103,1,1,128,1,1,16,0.000,0.000,,,,,NVIDIA A100-SXM4-40GB MIG 4g.20gb (0),1,,13,cupy_copy__complex64_complex64
4899936310,12415,324029,1434,1,1,128,1,1,16,0.000,0.000,,,,,NVIDIA A100-SXM4-40GB MIG 4g.20gb (0),1,,13,cupy_copy__complex64_complex64
4899956981,2912,324036,103,1,1,128,1,1,16,0.000,0.000,,,,,NVIDIA A100-SXM4-40GB MIG 4g.20gb (0),1,,13,cupy_copy__complex64_complex64
4899980405,92639,324043,1,1,1,32,32,1,30,0.000,0.000,,,,,NVIDIA A100-SXM4-40GB MIG 4g.20gb (0),1,,13,"void convert_kernel<__half2, float2>(tensor_layout_any, T1 *, tensor_layout_any, const T2 *)"
4900104852,16159,324046,,,,,,,,,,0.094,5798.377,Pinned,Device,NVIDIA A100-SXM4-40GB MIG 4g.20gb (0),1,,13,[CUDA memcpy Host-to-Device]
4900128051,47488,324047,,,,,,,,,,35.810,754049.485,Device,,NVIDIA A100-SXM4-40GB MIG 4g.20gb (0),1,,13,[CUDA memset]
4900176787,3200,324049,,,,,,,,,,0.000,25.000,Pinned,Device,NVIDIA A100-SXM4-40GB MIG 4g.20gb (0),1,,13,[CUDA memcpy Host-to-Device]
4900186131,17055,324050,,,,,,,,,,0.197,11527.717,Pinned,Device,NVIDIA A100-SXM4-40GB MIG 4g.20gb (0),1,,13,[CUDA memcpy Host-to-Device]
4900214674,10464,324051,273,1,1,48,1,1,40,0.000,0.001,,,,,NVIDIA A100-SXM4-40GB MIG 4g.20gb (0),1,,13,"void pusch_noise_intf_est::noiseIntfEstNoDftSOfdmKernel<float, __half, float, float, (unsigned int)2, (unsigned int)1, (unsigned char)4, (unsigned char)4>(pusch_noise_intf_est::puschRxNoiseIntfEstDynDescr)"
4900229842,3232,324062,35,1,1,128,1,1,16,0.000,0.000,,,,,NVIDIA A100-SXM4-40GB MIG 4g.20gb (0),1,,13,cupy_copy__complex64_complex64
4900237522,1984,324071,1,1,1,1,1,1,18,0.000,0.000,,,,,NVIDIA A100-SXM4-40GB MIG 4g.20gb (0),1,,13,cupy_copy__float32_float32
4900253298,1888,324077,,,,,,,,,,0.000,2.119,Device,Pageable,NVIDIA A100-SXM4-40GB MIG 4g.20gb (0),1,,7,[CUDA memcpy Device-to-Host]
4900315601,13120,324088,1434,1,1,128,1,1,16,0.000,0.000,,,,,NVIDIA A100-SXM4-40GB MIG 4g.20gb (0),1,,13,cupy_copy__complex64_complex64
4900341969,3456,324095,103,1,1,128,1,1,16,0.000,0.000,,,,,NVIDIA A100-SXM4-40GB MIG 4g.20gb (0),1,,13,cupy_copy__complex64_complex64
4900362672,2368,324102,35,1,1,128,1,1,16,0.000,0.000,,,,,NVIDIA A100-SXM4-40GB MIG 4g.20gb (0),1,,13,cupy_copy__complex64_complex64
4900380656,1792,324109,1,1,1,1,1,1,18,0.000,0.000,,,,,NVIDIA A100-SXM4-40GB MIG 4g.20gb (0),1,,13,cupy_copy__float32_float32
4900515439,87038,324120,1,1,1,32,32,1,30,0.000,0.000,,,,,NVIDIA A100-SXM4-40GB MIG 4g.20gb (0),1,,13,"void convert_kernel<__half2, float2>(tensor_layout_any, T1 *, tensor_layout_any, const T2 *)"
4900629965,5920,324123,,,,,,,,,,0.094,15826.941,Pinned,Device,NVIDIA A100-SXM4-40GB MIG 4g.20gb (0),1,,13,[CUDA memcpy Host-to-Device]
4900645485,3264,324124,,,,,,,,,,1.547,473842.288,Device,,NVIDIA A100-SXM4-40GB MIG 4g.20gb (0),1,,13,[CUDA memset]
4900651469,3040,324129,,,,,,,,,,0.031,10294.725,Pinned,Device,NVIDIA A100-SXM4-40GB MIG 4g.20gb (0),1,,13,[CUDA memcpy Host-to-Device]
4900657453,10112,324130,,,,,,,,,,0.197,19442.958,Pinned,Device,NVIDIA A100-SXM4-40GB MIG 4g.20gb (0),1,,13,[CUDA memcpy Host-to-Device]
4900671597,6272,324131,273,1,1,8,4,1,39,0.002,0.000,,,,,NVIDIA A100-SXM4-40GB MIG 4g.20gb (0),1,,13,"void channel_eq::eqMmseCoefCompLowMimoKernel<float, float, float, (unsigned int)4, (unsigned int)1, (unsigned int)4>(const channel_eq::_puschRxChEqStatDescr *, channel_eq::_puschRxChEqCoefCompDynDescr)"
4900678925,5887,324132,273,1,1,12,11,1,51,0.002,0.000,,,,,NVIDIA A100-SXM4-40GB MIG 4g.20gb (0),1,,13,"void channel_eq::eqMmseSoftDemapKernel<float, __half, __half, float, (unsigned int)4, (unsigned short)16383>(channel_eq::_puschRxChEqStatDescr *, channel_eq::_puschRxChEqSoftDemapDynDescr)"
4900686476,294877,324133,1,1,1,32,32,1,30,0.000,0.000,,,,,NVIDIA A100-SXM4-40GB MIG 4g.20gb (0),1,,13,"void convert_kernel<float2, __half2>(tensor_layout_any, T1 *, tensor_layout_any, const T2 *)"
4900982505,10848,324145,2253,1,1,128,1,1,16,0.000,0.000,,,,,NVIDIA A100-SXM4-40GB MIG 4g.20gb (0),1,,13,cupy_copy__float16_float16
4900996393,2720,324154,282,1,1,128,1,1,16,0.000,0.000,,,,,NVIDIA A100-SXM4-40GB MIG 4g.20gb (0),1,,13,cupy_copy__complex64_complex64
4901000201,2080,324163,26,1,1,128,1,1,16,0.000,0.000,,,,,NVIDIA A100-SXM4-40GB MIG 4g.20gb (0),1,,13,cupy_copy__float32_float32
4901005544,2944,324172,103,1,1,128,1,1,16,0.000,0.000,,,,,NVIDIA A100-SXM4-40GB MIG 4g.20gb (0),1,,13,cupy_copy__complex64_complex64
4901010088,12224,324182,1434,1,1,128,1,1,16,0.000,0.000,,,,,NVIDIA A100-SXM4-40GB MIG 4g.20gb (0),1,,13,cupy_copy__complex64_complex64
4901025608,80863,324187,1,1,1,32,32,1,30,0.000,0.000,,,,,NVIDIA A100-SXM4-40GB MIG 4g.20gb (0),1,,13,"void convert_kernel<__half2, float2>(tensor_layout_any, T1 *, tensor_layout_any, const T2 *)"
4901135143,5664,324190,,,,,,,,,,0.094,16542.310,Pinned,Device,NVIDIA A100-SXM4-40GB MIG 4g.20gb (0),1,,13,[CUDA memcpy Host-to-Device]
4901144615,594968,324191,,,,,,,,,,456.561,767023.219,Device,,NVIDIA A100-SXM4-40GB MIG 4g.20gb (0),1,,13,[CUDA memset]
4901748255,159646,324196,,,,,,,,,,1.235,7734.454,Pinned,Device,NVIDIA A100-SXM4-40GB MIG 4g.20gb (0),1,,13,[CUDA memcpy Host-to-Device]
4901920445,41504,324197,,,,,,,,,,0.197,4737.073,Pinned,Device,NVIDIA A100-SXM4-40GB MIG 4g.20gb (0),1,,13,[CUDA memcpy Host-to-Device]
4901979676,8544,324198,69,4,1,48,1,1,76,0.002,0.000,,,,,NVIDIA A100-SXM4-40GB MIG 4g.20gb (0),1,,13,"void ch_est::windowedChEstPreNoDftSOfdmKernel<float, __half, float, (unsigned int)2, (unsigned int)1, (unsigned short)4>(ch_est::puschRxChEstStatDescr_t *, ch_est::puschRxChEstDynDescr_t *)"
4901999004,7072,324199,137,2,1,24,2,1,44,0.001,0.001,,,,,NVIDIA A100-SXM4-40GB MIG 4g.20gb (0),1,,13,"void ch_est::chEstFilterNoDftSOfdmDispatchKernel<float, __half, float, (unsigned int)2>(ch_est::puschRxChEstStatDescr_t *, ch_est::puschRxChEstDynDescr_t *)"
4902017372,4768,324200,137,2,1,24,2,1,44,0.001,0.001,,,,,NVIDIA A100-SXM4-40GB MIG 4g.20gb (0),1,,13,"void ch_est::chEstFilterNoDftSOfdmDispatchKernel<float, __half, float, (unsigned int)2>(ch_est::puschRxChEstStatDescr_t *, ch_est::puschRxChEstDynDescr_t *)"
4902034716,2688,324211,103,1,1,128,1,1,16,0.000,0.000,,,,,NVIDIA A100-SXM4-40GB MIG 4g.20gb (0),1,,13,cupy_copy__complex64_complex64
4902051612,12319,324221,1434,1,1,128,1,1,16,0.000,0.000,,,,,NVIDIA A100-SXM4-40GB MIG 4g.20gb (0),1,,13,cupy_copy__complex64_complex64
4902074267,2560,324228,103,1,1,128,1,1,16,0.000,0.000,,,,,NVIDIA A100-SXM4-40GB MIG 4g.20gb (0),1,,13,cupy_copy__complex64_complex64
4902093147,89439,324235,1,1,1,32,32,1,30,0.000,0.000,,,,,NVIDIA A100-SXM4-40GB MIG 4g.20gb (0),1,,13,"void convert_kernel<__half2, float2>(tensor_layout_any, T1 *, tensor_layout_any, const T2 *)"
4902216634,26783,324238,,,,,,,,,,0.094,3498.328,Pinned,Device,NVIDIA A100-SXM4-40GB MIG 4g.20gb (0),1,,13,[CUDA memcpy Host-to-Device]
4902273945,47871,324239,,,,,,,,,,35.810,748033.419,Device,,NVIDIA A100-SXM4-40GB MIG 4g.20gb (0),1,,13,[CUDA memset]
4902325464,15840,324241,,,,,,,,,,0.000,5.050,Pinned,Device,NVIDIA A100-SXM4-40GB MIG 4g.20gb (0),1,,13,[CUDA memcpy Host-to-Device]
4902352248,23232,324242,,,,,,,,,,0.197,8462.795,Pinned,Device,NVIDIA A100-SXM4-40GB MIG 4g.20gb (0),1,,13,[CUDA memcpy Host-to-Device]
4902395575,9152,324243,273,1,1,48,1,1,40,0.000,0.001,,,,,NVIDIA A100-SXM4-40GB MIG 4g.20gb (0),1,,13,"void pusch_noise_intf_est::noiseIntfEstNoDftSOfdmKernel<float, __half, float, float, (unsigned int)2, (unsigned int)1, (unsigned char)4, (unsigned char)4>(pusch_noise_intf_est::puschRxNoiseIntfEstDynDescr)"
4902415415,2688,324254,35,1,1,128,1,1,16,0.000,0.000,,,,,NVIDIA A100-SXM4-40GB MIG 4g.20gb (0),1,,13,cupy_copy__complex64_complex64
4902431735,1760,324263,1,1,1,1,1,1,18,0.000,0.000,,,,,NVIDIA A100-SXM4-40GB MIG 4g.20gb (0),1,,13,cupy_copy__float32_float32
4902439735,8288,324269,,,,,,,,,,0.000,0.483,Device,Pageable,NVIDIA A100-SXM4-40GB MIG 4g.20gb (0),1,,7,[CUDA memcpy Device-to-Host]
4902538326,12415,324280,1434,1,1,128,1,1,16,0.000,0.000,,,,,NVIDIA A100-SXM4-40GB MIG 4g.20gb (0),1,,13,cupy_copy__complex64_complex64
4902560181,3040,324287,103,1,1,128,1,1,16,0.000,0.000,,,,,NVIDIA A100-SXM4-40GB MIG 4g.20gb (0),1,,13,cupy_copy__complex64_complex64
4902576661,2528,324294,35,1,1,128,1,1,16,0.000,0.000,,,,,NVIDIA A100-SXM4-40GB MIG 4g.20gb (0),1,,13,cupy_copy__complex64_complex64
4902598837,2048,324301,1,1,1,1,1,1,18,0.000,0.000,,,,,NVIDIA A100-SXM4-40GB MIG 4g.20gb (0),1,,13,cupy_copy__float32_float32
4902728243,88607,324312,1,1,1,32,32,1,30,0.000,0.000,,,,,NVIDIA A100-SXM4-40GB MIG 4g.20gb (0),1,,13,"void convert_kernel<__half2, float2>(tensor_layout_any, T1 *, tensor_layout_any, const T2 *)"
4902851506,6048,324315,,,,,,,,,,0.094,15491.978,Pinned,Device,NVIDIA A100-SXM4-40GB MIG 4g.20gb (0),1,,13,[CUDA memcpy Host-to-Device]
4902866706,3328,324316,,,,,,,,,,1.547,464729.580,Device,,NVIDIA A100-SXM4-40GB MIG 4g.20gb (0),1,,13,[CUDA memset]
4902873489,3040,324321,,,,,,,,,,0.031,10294.725,Pinned,Device,NVIDIA A100-SXM4-40GB MIG 4g.20gb (0),1,,13,[CUDA memcpy Host-to-Device]
4902879313,9504,324322,,,,,,,,,,0.197,20686.701,Pinned,Device,NVIDIA A100-SXM4-40GB MIG 4g.20gb (0),1,,13,[CUDA memcpy Host-to-Device]
4902893009,8064,324323,273,1,1,8,4,1,39,0.002,0.000,,,,,NVIDIA A100-SXM4-40GB MIG 4g.20gb (0),1,,13,"void channel_eq::eqMmseCoefCompLowMimoKernel<float, float, float, (unsigned int)4, (unsigned int)1, (unsigned int)4>(const channel_eq::_puschRxChEqStatDescr *, channel_eq::_puschRxChEqCoefCompDynDescr)"
4902903185,6848,324324,273,1,1,12,11,1,51,0.002,0.000,,,,,NVIDIA A100-SXM4-40GB MIG 4g.20gb (0),1,,13,"void channel_eq::eqMmseSoftDemapKernel<float, __half, __half, float, (unsigned int)4, (unsigned short)16383>(channel_eq::_puschRxChEqStatDescr *, channel_eq::_puschRxChEqSoftDemapDynDescr)"
4902912017,294908,324325,1,1,1,32,32,1,30,0.000,0.000,,,,,NVIDIA A100-SXM4-40GB MIG 4g.20gb (0),1,,13,"void convert_kernel<float2, __half2>(tensor_layout_any, T1 *, tensor_layout_any, const T2 *)"
4903210285,10912,324337,2253,1,1,128,1,1,16,0.000,0.000,,,,,NVIDIA A100-SXM4-40GB MIG 4g.20gb (0),1,,13,cupy_copy__float16_float16
4903225549,2624,324346,282,1,1,128,1,1,16,0.000,0.000,,,,,NVIDIA A100-SXM4-40GB MIG 4g.20gb (0),1,,13,cupy_copy__complex64_complex64
4903231533,2048,324355,26,1,1,128,1,1,16,0.000,0.000,,,,,NVIDIA A100-SXM4-40GB MIG 4g.20gb (0),1,,13,cupy_copy__float32_float32
4903235501,3296,324364,103,1,1,128,1,1,16,0.000,0.000,,,,,NVIDIA A100-SXM4-40GB MIG 4g.20gb (0),1,,13,cupy_copy__complex64_complex64
4903239853,11904,324374,1434,1,1,128,1,1,16,0.000,0.000,,,,,NVIDIA A100-SXM4-40GB MIG 4g.20gb (0),1,,13,cupy_copy__complex64_complex64
4903257133,81919,324379,1,1,1,32,32,1,30,0.000,0.000,,,,,NVIDIA A100-SXM4-40GB MIG 4g.20gb (0),1,,13,"void convert_kernel<__half2, float2>(tensor_layout_any, T1 *, tensor_layout_any, const T2 *)"
4903366347,5824,324382,,,,,,,,,,0.094,16087.884,Pinned,Device,NVIDIA A100-SXM4-40GB MIG 4g.20gb (0),1,,13,[CUDA memcpy Host-to-Device]
4903376331,599609,324383,,,,,,,,,,456.561,761087.920,Device,,NVIDIA A100-SXM4-40GB MIG 4g.20gb (0),1,,13,[CUDA memset]
4903980836,79391,324388,,,,,,,,,,1.235,15554.120,Pinned,Device,NVIDIA A100-SXM4-40GB MIG 4g.20gb (0),1,,13,[CUDA memcpy Host-to-Device]
4904066883,15936,324389,,,,,,,,,,0.197,12337.349,Pinned,Device,NVIDIA A100-SXM4-40GB MIG 4g.20gb (0),1,,13,[CUDA memcpy Host-to-Device]
4904091938,8256,324390,69,4,1,48,1,1,76,0.002,0.000,,,,,NVIDIA A100-SXM4-40GB MIG 4g.20gb (0),1,,13,"void ch_est::windowedChEstPreNoDftSOfdmKernel<float, __half, float, (unsigned int)2, (unsigned int)1, (unsigned short)4>(ch_est::puschRxChEstStatDescr_t *, ch_est::puschRxChEstDynDescr_t *)"
4904104066,7712,324391,137,2,1,24,2,1,44,0.001,0.001,,,,,NVIDIA A100-SXM4-40GB MIG 4g.20gb (0),1,,13,"void ch_est::chEstFilterNoDftSOfdmDispatchKernel<float, __half, float, (unsigned int)2>(ch_est::puschRxChEstStatDescr_t *, ch_est::puschRxChEstDynDescr_t *)"
4904115298,5056,324392,137,2,1,24,2,1,44,0.001,0.001,,,,,NVIDIA A100-SXM4-40GB MIG 4g.20gb (0),1,,13,"void ch_est::chEstFilterNoDftSOfdmDispatchKernel<float, __half, float, (unsigned int)2>(ch_est::puschRxChEstStatDescr_t *, ch_est::puschRxChEstDynDescr_t *)"
4904121698,3072,324403,103,1,1,128,1,1,16,0.000,0.000,,,,,NVIDIA A100-SXM4-40GB MIG 4g.20gb (0),1,,13,cupy_copy__complex64_complex64
4904127138,12448,324413,1434,1,1,128,1,1,16,0.000,0.000,,,,,NVIDIA A100-SXM4-40GB MIG 4g.20gb (0),1,,13,cupy_copy__complex64_complex64
4904141154,2816,324420,103,1,1,128,1,1,16,0.000,0.000,,,,,NVIDIA A100-SXM4-40GB MIG 4g.20gb (0),1,,13,cupy_copy__complex64_complex64
4904146146,81855,324427,1,1,1,32,32,1,30,0.000,0.000,,,,,NVIDIA A100-SXM4-40GB MIG 4g.20gb (0),1,,13,"void convert_kernel<__half2, float2>(tensor_layout_any, T1 *, tensor_layout_any, const T2 *)"
4904254688,5856,324430,,,,,,,,,,0.094,15999.997,Pinned,Device,NVIDIA A100-SXM4-40GB MIG 4g.20gb (0),1,,13,[CUDA memcpy Host-to-Device]
4904265952,46880,324431,,,,,,,,,,35.810,763861.404,Device,,NVIDIA A100-SXM4-40GB MIG 4g.20gb (0),1,,13,[CUDA memset]
4904320480,4992,324433,,,,,,,,,,0.000,16.026,Pinned,Device,NVIDIA A100-SXM4-40GB MIG 4g.20gb (0),1,,13,[CUDA memcpy Host-to-Device]
4904329024,12255,324434,,,,,,,,,,0.197,16043.016,Pinned,Device,NVIDIA A100-SXM4-40GB MIG 4g.20gb (0),1,,13,[CUDA memcpy Host-to-Device]
4904350879,12288,324435,273,1,1,48,1,1,40,0.000,0.001,,,,,NVIDIA A100-SXM4-40GB MIG 4g.20gb (0),1,,13,"void pusch_noise_intf_est::noiseIntfEstNoDftSOfdmKernel<float, __half, float, float, (unsigned int)2, (unsigned int)1, (unsigned char)4, (unsigned char)4>(pusch_noise_intf_est::puschRxNoiseIntfEstDynDescr)"
4904367583,2880,324446,35,1,1,128,1,1,16,0.000,0.000,,,,,NVIDIA A100-SXM4-40GB MIG 4g.20gb (0),1,,13,cupy_copy__complex64_complex64
4904373823,2080,324455,1,1,1,1,1,1,18,0.000,0.000,,,,,NVIDIA A100-SXM4-40GB MIG 4g.20gb (0),1,,13,cupy_copy__float32_float32
4904405311,1568,324461,,,,,,,,,,0.000,2.551,Device,Pageable,NVIDIA A100-SXM4-40GB MIG 4g.20gb (0),1,,7,[CUDA memcpy Device-to-Host]
4904464030,12896,324472,1434,1,1,128,1,1,16,0.000,0.000,,,,,NVIDIA A100-SXM4-40GB MIG 4g.20gb (0),1,,13,cupy_copy__complex64_complex64
4904492126,2911,324479,103,1,1,128,1,1,16,0.000,0.000,,,,,NVIDIA A100-SXM4-40GB MIG 4g.20gb (0),1,,13,cupy_copy__complex64_complex64
4904516189,2656,324486,35,1,1,128,1,1,16,0.000,0.000,,,,,NVIDIA A100-SXM4-40GB MIG 4g.20gb (0),1,,13,cupy_copy__complex64_complex64
4904534941,2112,324493,1,1,1,1,1,1,18,0.000,0.000,,,,,NVIDIA A100-SXM4-40GB MIG 4g.20gb (0),1,,13,cupy_copy__float32_float32
4904667451,87711,324504,1,1,1,32,32,1,30,0.000,0.000,,,,,NVIDIA A100-SXM4-40GB MIG 4g.20gb (0),1,,13,"void convert_kernel<__half2, float2>(tensor_layout_any, T1 *, tensor_layout_any, const T2 *)"
4904782394,5536,324507,,,,,,,,,,0.094,16924.777,Pinned,Device,NVIDIA A100-SXM4-40GB MIG 4g.20gb (0),1,,13,[CUDA memcpy Host-to-Device]
4904797818,3072,324508,,,,,,,,,,1.547,503457.044,Device,,NVIDIA A100-SXM4-40GB MIG 4g.20gb (0),1,,13,[CUDA memset]
4904803386,3488,324513,,,,,,,,,,0.031,8972.469,Pinned,Device,NVIDIA A100-SXM4-40GB MIG 4g.20gb (0),1,,13,[CUDA memcpy Host-to-Device]
4904808986,9951,324514,,,,,,,,,,0.197,19757.531,Pinned,Device,NVIDIA A100-SXM4-40GB MIG 4g.20gb (0),1,,13,[CUDA memcpy Host-to-Device]
4904823993,6272,324515,273,1,1,8,4,1,39,0.002,0.000,,,,,NVIDIA A100-SXM4-40GB MIG 4g.20gb (0),1,,13,"void channel_eq::eqMmseCoefCompLowMimoKernel<float, float, float, (unsigned int)4, (unsigned int)1, (unsigned int)4>(const channel_eq::_puschRxChEqStatDescr *, channel_eq::_puschRxChEqCoefCompDynDescr)"
4904831321,6464,324516,273,1,1,12,11,1,51,0.002,0.000,,,,,NVIDIA A100-SXM4-40GB MIG 4g.20gb (0),1,,13,"void channel_eq::eqMmseSoftDemapKernel<float, __half, __half, float, (unsigned int)4, (unsigned short)16383>(channel_eq::_puschRxChEqStatDescr *, channel_eq::_puschRxChEqSoftDemapDynDescr)"
4904838713,282653,324517,1,1,1,32,32,1,30,0.000,0.000,,,,,NVIDIA A100-SXM4-40GB MIG 4g.20gb (0),1,,13,"void convert_kernel<float2, __half2>(tensor_layout_any, T1 *, tensor_layout_any, const T2 *)"
4905122326,10944,324529,2253,1,1,128,1,1,16,0.000,0.000,,,,,NVIDIA A100-SXM4-40GB MIG 4g.20gb (0),1,,13,cupy_copy__float16_float16
4905136918,3712,324538,282,1,1,128,1,1,16,0.000,0.000,,,,,NVIDIA A100-SXM4-40GB MIG 4g.20gb (0),1,,13,cupy_copy__complex64_complex64
4905141814,2303,324547,26,1,1,128,1,1,16,0.000,0.000,,,,,NVIDIA A100-SXM4-40GB MIG 4g.20gb (0),1,,13,cupy_copy__float32_float32
4905145941,3232,324556,103,1,1,128,1,1,16,0.000,0.000,,,,,NVIDIA A100-SXM4-40GB MIG 4g.20gb (0),1,,13,cupy_copy__complex64_complex64
4905150165,12096,324566,1434,1,1,128,1,1,16,0.000,0.000,,,,,NVIDIA A100-SXM4-40GB MIG 4g.20gb (0),1,,13,cupy_copy__complex64_complex64
4905167765,81631,324571,1,1,1,32,32,1,30,0.000,0.000,,,,,NVIDIA A100-SXM4-40GB MIG 4g.20gb (0),1,,13,"void convert_kernel<__half2, float2>(tensor_layout_any, T1 *, tensor_layout_any, const T2 *)"
4905276468,5504,324574,,,,,,,,,,0.094,17023.251,Pinned,Device,NVIDIA A100-SXM4-40GB MIG 4g.20gb (0),1,,13,[CUDA memcpy Host-to-Device]
4905288852,601784,324575,,,,,,,,,,456.561,758348.552,Device,,NVIDIA A100-SXM4-40GB MIG 4g.20gb (0),1,,13,[CUDA memset]
4905892780,151326,324580,,,,,,,,,,1.235,8160.510,Pinned,Device,NVIDIA A100-SXM4-40GB MIG 4g.20gb (0),1,,13,[CUDA memcpy Host-to-Device]
4906059818,39904,324581,,,,,,,,,,0.197,4926.996,Pinned,Device,NVIDIA A100-SXM4-40GB MIG 4g.20gb (0),1,,13,[CUDA memcpy Host-to-Device]
4906129449,8000,324582,69,4,1,48,1,1,76,0.002,0.000,,,,,NVIDIA A100-SXM4-40GB MIG 4g.20gb (0),1,,13,"void ch_est::windowedChEstPreNoDftSOfdmKernel<float, __half, float, (unsigned int)2, (unsigned int)1, (unsigned short)4>(ch_est::puschRxChEstStatDescr_t *, ch_est::puschRxChEstDynDescr_t *)"
4906148009,6368,324583,137,2,1,24,2,1,44,0.001,0.001,,,,,NVIDIA A100-SXM4-40GB MIG 4g.20gb (0),1,,13,"void ch_est::chEstFilterNoDftSOfdmDispatchKernel<float, __half, float, (unsigned int)2>(ch_est::puschRxChEstStatDescr_t *, ch_est::puschRxChEstDynDescr_t *)"
4906160969,5280,324584,137,2,1,24,2,1,44,0.001,0.001,,,,,NVIDIA A100-SXM4-40GB MIG 4g.20gb (0),1,,13,"void ch_est::chEstFilterNoDftSOfdmDispatchKernel<float, __half, float, (unsigned int)2>(ch_est::puschRxChEstStatDescr_t *, ch_est::puschRxChEstDynDescr_t *)"
4906174665,2496,324595,103,1,1,128,1,1,16,0.000,0.000,,,,,NVIDIA A100-SXM4-40GB MIG 4g.20gb (0),1,,13,cupy_copy__complex64_complex64
4906186153,12511,324605,1434,1,1,128,1,1,16,0.000,0.000,,,,,NVIDIA A100-SXM4-40GB MIG 4g.20gb (0),1,,13,cupy_copy__complex64_complex64
4906209544,2912,324612,103,1,1,128,1,1,16,0.000,0.000,,,,,NVIDIA A100-SXM4-40GB MIG 4g.20gb (0),1,,13,cupy_copy__complex64_complex64
4906220904,84991,324619,1,1,1,32,32,1,30,0.000,0.000,,,,,NVIDIA A100-SXM4-40GB MIG 4g.20gb (0),1,,13,"void convert_kernel<__half2, float2>(tensor_layout_any, T1 *, tensor_layout_any, const T2 *)"
4906333095,12128,324622,,,,,,,,,,0.094,7725.516,Pinned,Device,NVIDIA A100-SXM4-40GB MIG 4g.20gb (0),1,,13,[CUDA memcpy Host-to-Device]
4906349639,47423,324623,,,,,,,,,,35.810,755087.973,Device,,NVIDIA A100-SXM4-40GB MIG 4g.20gb (0),1,,13,[CUDA memset]
4906398822,8032,324625,,,,,,,,,,0.000,9.960,Pinned,Device,NVIDIA A100-SXM4-40GB MIG 4g.20gb (0),1,,13,[CUDA memcpy Host-to-Device]
4906411814,17728,324626,,,,,,,,,,0.197,11090.067,Pinned,Device,NVIDIA A100-SXM4-40GB MIG 4g.20gb (0),1,,13,[CUDA memcpy Host-to-Device]
4906441350,10015,324627,273,1,1,48,1,1,40,0.000,0.001,,,,,NVIDIA A100-SXM4-40GB MIG 4g.20gb (0),1,,13,"void pusch_noise_intf_est::noiseIntfEstNoDftSOfdmKernel<float, __half, float, float, (unsigned int)2, (unsigned int)1, (unsigned char)4, (unsigned char)4>(pusch_noise_intf_est::puschRxNoiseIntfEstDynDescr)"
4906457445,2816,324638,35,1,1,128,1,1,16,0.000,0.000,,,,,NVIDIA A100-SXM4-40GB MIG 4g.20gb (0),1,,13,cupy_copy__complex64_complex64
4906462917,2240,324647,1,1,1,1,1,1,18,0.000,0.000,,,,,NVIDIA A100-SXM4-40GB MIG 4g.20gb (0),1,,13,cupy_copy__float32_float32
4906482917,1792,324653,,,,,,,,,,0.000,2.232,Device,Pageable,NVIDIA A100-SXM4-40GB MIG 4g.20gb (0),1,,7,[CUDA memcpy Device-to-Host]
4906542436,12864,324664,1434,1,1,128,1,1,16,0.000,0.000,,,,,NVIDIA A100-SXM4-40GB MIG 4g.20gb (0),1,,13,cupy_copy__complex64_complex64
4906572676,2880,324671,103,1,1,128,1,1,16,0.000,0.000,,,,,NVIDIA A100-SXM4-40GB MIG 4g.20gb (0),1,,13,cupy_copy__complex64_complex64
4906594436,2496,324678,35,1,1,128,1,1,16,0.000,0.000,,,,,NVIDIA A100-SXM4-40GB MIG 4g.20gb (0),1,,13,cupy_copy__complex64_complex64
4906611651,1984,324685,1,1,1,1,1,1,18,0.000,0.000,,,,,NVIDIA A100-SXM4-40GB MIG 4g.20gb (0),1,,13,cupy_copy__float32_float32
4906743682,83039,324696,1,1,1,32,32,1,30,0.000,0.000,,,,,NVIDIA A100-SXM4-40GB MIG 4g.20gb (0),1,,13,"void convert_kernel<__half2, float2>(tensor_layout_any, T1 *, tensor_layout_any, const T2 *)"
4906861312,5568,324699,,,,,,,,,,0.094,16827.521,Pinned,Device,NVIDIA A100-SXM4-40GB MIG 4g.20gb (0),1,,13,[CUDA memcpy Host-to-Device]
4906875872,3168,324700,,,,,,,,,,1.547,488201.145,Device,,NVIDIA A100-SXM4-40GB MIG 4g.20gb (0),1,,13,[CUDA memset]
4906882560,3552,324705,,,,,,,,,,0.031,8810.794,Pinned,Device,NVIDIA A100-SXM4-40GB MIG 4g.20gb (0),1,,13,[CUDA memcpy Host-to-Device]
4906888864,9952,324706,,,,,,,,,,0.197,19755.565,Pinned,Device,NVIDIA A100-SXM4-40GB MIG 4g.20gb (0),1,,13,[CUDA memcpy Host-to-Device]
4906904864,6400,324707,273,1,1,8,4,1,39,0.002,0.000,,,,,NVIDIA A100-SXM4-40GB MIG 4g.20gb (0),1,,13,"void channel_eq::eqMmseCoefCompLowMimoKernel<float, float, float, (unsigned int)4, (unsigned int)1, (unsigned int)4>(const channel_eq::_puschRxChEqStatDescr *, channel_eq::_puschRxChEqCoefCompDynDescr)"
4906912384,5984,324708,273,1,1,12,11,1,51,0.002,0.000,,,,,NVIDIA A100-SXM4-40GB MIG 4g.20gb (0),1,,13,"void channel_eq::eqMmseSoftDemapKernel<float, __half, __half, float, (unsigned int)4, (unsigned short)16383>(channel_eq::_puschRxChEqStatDescr *, channel_eq::_puschRxChEqSoftDemapDynDescr)"
4906919488,289756,324709,1,1,1,32,32,1,30,0.000,0.000,,,,,NVIDIA A100-SXM4-40GB MIG 4g.20gb (0),1,,13,"void convert_kernel<float2, __half2>(tensor_layout_any, T1 *, tensor_layout_any, const T2 *)"
4907210460,11168,324721,2253,1,1,128,1,1,16,0.000,0.000,,,,,NVIDIA A100-SXM4-40GB MIG 4g.20gb (0),1,,13,cupy_copy__float16_float16
4907224892,3072,324730,282,1,1,128,1,1,16,0.000,0.000,,,,,NVIDIA A100-SXM4-40GB MIG 4g.20gb (0),1,,13,cupy_copy__complex64_complex64
4907229628,2144,324739,26,1,1,128,1,1,16,0.000,0.000,,,,,NVIDIA A100-SXM4-40GB MIG 4g.20gb (0),1,,13,cupy_copy__float32_float32
4907234652,3040,324748,103,1,1,128,1,1,16,0.000,0.000,,,,,NVIDIA A100-SXM4-40GB MIG 4g.20gb (0),1,,13,cupy_copy__complex64_complex64
4907238780,12000,324758,1434,1,1,128,1,1,16,0.000,0.000,,,,,NVIDIA A100-SXM4-40GB MIG 4g.20gb (0),1,,13,cupy_copy__complex64_complex64
4907256123,82399,324763,1,1,1,32,32,1,30,0.000,0.000,,,,,NVIDIA A100-SXM4-40GB MIG 4g.20gb (0),1,,13,"void convert_kernel<__half2, float2>(tensor_layout_any, T1 *, tensor_layout_any, const T2 *)"
4907366106,6112,324766,,,,,,,,,,0.094,15329.790,Pinned,Device,NVIDIA A100-SXM4-40GB MIG 4g.20gb (0),1,,13,[CUDA memcpy Host-to-Device]
4907378426,599161,324767,,,,,,,,,,456.561,762001.043,Device,,NVIDIA A100-SXM4-40GB MIG 4g.20gb (0),1,,13,[CUDA memset]
4907984402,154783,324772,,,,,,,,,,1.235,7977.738,Pinned,Device,NVIDIA A100-SXM4-40GB MIG 4g.20gb (0),1,,13,[CUDA memcpy Host-to-Device]
4908151888,38176,324773,,,,,,,,,,0.197,5149.950,Pinned,Device,NVIDIA A100-SXM4-40GB MIG 4g.20gb (0),1,,13,[CUDA memcpy Host-to-Device]
4908213040,8160,324774,69,4,1,48,1,1,76,0.002,0.000,,,,,NVIDIA A100-SXM4-40GB MIG 4g.20gb (0),1,,13,"void ch_est::windowedChEstPreNoDftSOfdmKernel<float, __half, float, (unsigned int)2, (unsigned int)1, (unsigned short)4>(ch_est::puschRxChEstStatDescr_t *, ch_est::puschRxChEstDynDescr_t *)"
4908230479,6784,324775,137,2,1,24,2,1,44,0.001,0.001,,,,,NVIDIA A100-SXM4-40GB MIG 4g.20gb (0),1,,13,"void ch_est::chEstFilterNoDftSOfdmDispatchKernel<float, __half, float, (unsigned int)2>(ch_est::puschRxChEstStatDescr_t *, ch_est::puschRxChEstDynDescr_t *)"
4908248111,4768,324776,137,2,1,24,2,1,44,0.001,0.001,,,,,NVIDIA A100-SXM4-40GB MIG 4g.20gb (0),1,,13,"void ch_est::chEstFilterNoDftSOfdmDispatchKernel<float, __half, float, (unsigned int)2>(ch_est::puschRxChEstStatDescr_t *, ch_est::puschRxChEstDynDescr_t *)"
4908264623,2720,324787,103,1,1,128,1,1,16,0.000,0.000,,,,,NVIDIA A100-SXM4-40GB MIG 4g.20gb (0),1,,13,cupy_copy__complex64_complex64
4908282191,12416,324797,1434,1,1,128,1,1,16,0.000,0.000,,,,,NVIDIA A100-SXM4-40GB MIG 4g.20gb (0),1,,13,cupy_copy__complex64_complex64
4908305807,2591,324804,103,1,1,128,1,1,16,0.000,0.000,,,,,NVIDIA A100-SXM4-40GB MIG 4g.20gb (0),1,,13,cupy_copy__complex64_complex64
4908329102,87775,324811,1,1,1,32,32,1,30,0.000,0.000,,,,,NVIDIA A100-SXM4-40GB MIG 4g.20gb (0),1,,13,"void convert_kernel<__half2, float2>(tensor_layout_any, T1 *, tensor_layout_any, const T2 *)"
4908447917,21536,324814,,,,,,,,,,0.094,4350.586,Pinned,Device,NVIDIA A100-SXM4-40GB MIG 4g.20gb (0),1,,13,[CUDA memcpy Host-to-Device]
4908482956,47296,324815,,,,,,,,,,35.810,757129.139,Device,,NVIDIA A100-SXM4-40GB MIG 4g.20gb (0),1,,13,[CUDA memset]
4908535212,6880,324817,,,,,,,,,,0.000,11.628,Pinned,Device,NVIDIA A100-SXM4-40GB MIG 4g.20gb (0),1,,13,[CUDA memcpy Host-to-Device]
4908545740,17887,324818,,,,,,,,,,0.197,10991.567,Pinned,Device,NVIDIA A100-SXM4-40GB MIG 4g.20gb (0),1,,13,[CUDA memcpy Host-to-Device]
4908572811,12288,324819,273,1,1,48,1,1,40,0.000,0.001,,,,,NVIDIA A100-SXM4-40GB MIG 4g.20gb (0),1,,13,"void pusch_noise_intf_est::noiseIntfEstNoDftSOfdmKernel<float, __half, float, float, (unsigned int)2, (unsigned int)1, (unsigned char)4, (unsigned char)4>(pusch_noise_intf_est::puschRxNoiseIntfEstDynDescr)"
4908588587,2944,324830,35,1,1,128,1,1,16,0.000,0.000,,,,,NVIDIA A100-SXM4-40GB MIG 4g.20gb (0),1,,13,cupy_copy__complex64_complex64
4908596651,2016,324839,1,1,1,1,1,1,18,0.000,0.000,,,,,NVIDIA A100-SXM4-40GB MIG 4g.20gb (0),1,,13,cupy_copy__float32_float32
4908605867,2784,324845,,,,,,,,,,0.000,1.437,Device,Pageable,NVIDIA A100-SXM4-40GB MIG 4g.20gb (0),1,,7,[CUDA memcpy Device-to-Host]
4908682954,12800,324856,1434,1,1,128,1,1,16,0.000,0.000,,,,,NVIDIA A100-SXM4-40GB MIG 4g.20gb (0),1,,13,cupy_copy__complex64_complex64
4908716329,2912,324863,103,1,1,128,1,1,16,0.000,0.000,,,,,NVIDIA A100-SXM4-40GB MIG 4g.20gb (0),1,,13,cupy_copy__complex64_complex64
4908732905,2624,324870,35,1,1,128,1,1,16,0.000,0.000,,,,,NVIDIA A100-SXM4-40GB MIG 4g.20gb (0),1,,13,cupy_copy__complex64_complex64
4908741737,2080,324877,1,1,1,1,1,1,18,0.000,0.000,,,,,NVIDIA A100-SXM4-40GB MIG 4g.20gb (0),1,,13,cupy_copy__float32_float32
4908874088,81247,324888,1,1,1,32,32,1,30,0.000,0.000,,,,,NVIDIA A100-SXM4-40GB MIG 4g.20gb (0),1,,13,"void convert_kernel<__half2, float2>(tensor_layout_any, T1 *, tensor_layout_any, const T2 *)"
4908983238,6208,324891,,,,,,,,,,0.094,15092.739,Pinned,Device,NVIDIA A100-SXM4-40GB MIG 4g.20gb (0),1,,13,[CUDA memcpy Host-to-Device]
4908997222,3296,324892,,,,,,,,,,1.547,469242.628,Device,,NVIDIA A100-SXM4-40GB MIG 4g.20gb (0),1,,13,[CUDA memset]
4909004166,3008,324897,,,,,,,,,,0.031,10404.230,Pinned,Device,NVIDIA A100-SXM4-40GB MIG 4g.20gb (0),1,,13,[CUDA memcpy Host-to-Device]
4909009766,9568,324898,,,,,,,,,,0.197,20548.485,Pinned,Device,NVIDIA A100-SXM4-40GB MIG 4g.20gb (0),1,,13,[CUDA memcpy Host-to-Device]
4909023686,6272,324899,273,1,1,8,4,1,39,0.002,0.000,,,,,NVIDIA A100-SXM4-40GB MIG 4g.20gb (0),1,,13,"void channel_eq::eqMmseCoefCompLowMimoKernel<float, float, float, (unsigned int)4, (unsigned int)1, (unsigned int)4>(const channel_eq::_puschRxChEqStatDescr *, channel_eq::_puschRxChEqCoefCompDynDescr)"
4909030918,6432,324900,273,1,1,12,11,1,51,0.002,0.000,,,,,NVIDIA A100-SXM4-40GB MIG 4g.20gb (0),1,,13,"void channel_eq::eqMmseSoftDemapKernel<float, __half, __half, float, (unsigned int)4, (unsigned short)16383>(channel_eq::_puschRxChEqStatDescr *, channel_eq::_puschRxChEqSoftDemapDynDescr)"
4909038374,282908,324901,1,1,1,32,32,1,30,0.000,0.000,,,,,NVIDIA A100-SXM4-40GB MIG 4g.20gb (0),1,,13,"void convert_kernel<float2, __half2>(tensor_layout_any, T1 *, tensor_layout_any, const T2 *)"
4909325090,10912,324913,2253,1,1,128,1,1,16,0.000,0.000,,,,,NVIDIA A100-SXM4-40GB MIG 4g.20gb (0),1,,13,cupy_copy__float16_float16
4909339554,4000,324922,282,1,1,128,1,1,16,0.000,0.000,,,,,NVIDIA A100-SXM4-40GB MIG 4g.20gb (0),1,,13,cupy_copy__complex64_complex64
4909345634,2048,324931,26,1,1,128,1,1,16,0.000,0.000,,,,,NVIDIA A100-SXM4-40GB MIG 4g.20gb (0),1,,13,cupy_copy__float32_float32
4909349890,4672,324940,103,1,1,128,1,1,16,0.000,0.000,,,,,NVIDIA A100-SXM4-40GB MIG 4g.20gb (0),1,,13,cupy_copy__complex64_complex64
4909356290,11935,324950,1434,1,1,128,1,1,16,0.000,0.000,,,,,NVIDIA A100-SXM4-40GB MIG 4g.20gb (0),1,,13,cupy_copy__complex64_complex64
4909372929,83007,324955,1,1,1,32,32,1,30,0.000,0.000,,,,,NVIDIA A100-SXM4-40GB MIG 4g.20gb (0),1,,13,"void convert_kernel<__half2, float2>(tensor_layout_any, T1 *, tensor_layout_any, const T2 *)"
4909482176,5504,324958,,,,,,,,,,0.094,17023.251,Pinned,Device,NVIDIA A100-SXM4-40GB MIG 4g.20gb (0),1,,13,[CUDA memcpy Host-to-Device]
4909491712,597305,324959,,,,,,,,,,456.561,764283.851,Device,,NVIDIA A100-SXM4-40GB MIG 4g.20gb (0),1,,13,[CUDA memset]
4910096792,149599,324964,,,,,,,,,,1.235,8254.366,Pinned,Device,NVIDIA A100-SXM4-40GB MIG 4g.20gb (0),1,,13,[CUDA memcpy Host-to-Device]
4910256054,33248,324965,,,,,,,,,,0.197,5913.182,Pinned,Device,NVIDIA A100-SXM4-40GB MIG 4g.20gb (0),1,,13,[CUDA memcpy Host-to-Device]
4910306934,8096,324966,69,4,1,48,1,1,76,0.002,0.000,,,,,NVIDIA A100-SXM4-40GB MIG 4g.20gb (0),1,,13,"void ch_est::windowedChEstPreNoDftSOfdmKernel<float, __half, float, (unsigned int)2, (unsigned int)1, (unsigned short)4>(ch_est::puschRxChEstStatDescr_t *, ch_est::puschRxChEstDynDescr_t *)"
4910322998,6528,324967,137,2,1,24,2,1,44,0.001,0.001,,,,,NVIDIA A100-SXM4-40GB MIG 4g.20gb (0),1,,13,"void ch_est::chEstFilterNoDftSOfdmDispatchKernel<float, __half, float, (unsigned int)2>(ch_est::puschRxChEstStatDescr_t *, ch_est::puschRxChEstDynDescr_t *)"
4910337237,4992,324968,137,2,1,24,2,1,44,0.001,0.001,,,,,NVIDIA A100-SXM4-40GB MIG 4g.20gb (0),1,,13,"void ch_est::chEstFilterNoDftSOfdmDispatchKernel<float, __half, float, (unsigned int)2>(ch_est::puschRxChEstStatDescr_t *, ch_est::puschRxChEstDynDescr_t *)"
4910347573,2688,324979,103,1,1,128,1,1,16,0.000,0.000,,,,,NVIDIA A100-SXM4-40GB MIG 4g.20gb (0),1,,13,cupy_copy__complex64_complex64
4910363765,12544,324989,1434,1,1,128,1,1,16,0.000,0.000,,,,,NVIDIA A100-SXM4-40GB MIG 4g.20gb (0),1,,13,cupy_copy__complex64_complex64
4910383861,2880,324996,103,1,1,128,1,1,16,0.000,0.000,,,,,NVIDIA A100-SXM4-40GB MIG 4g.20gb (0),1,,13,cupy_copy__complex64_complex64
4910399701,84319,325003,1,1,1,32,32,1,30,0.000,0.000,,,,,NVIDIA A100-SXM4-40GB MIG 4g.20gb (0),1,,13,"void convert_kernel<__half2, float2>(tensor_layout_any, T1 *, tensor_layout_any, const T2 *)"
4910514963,19328,325006,,,,,,,,,,0.094,4847.644,Pinned,Device,NVIDIA A100-SXM4-40GB MIG 4g.20gb (0),1,,13,[CUDA memcpy Host-to-Device]
4910546099,46431,325007,,,,,,,,,,35.810,771238.247,Device,,NVIDIA A100-SXM4-40GB MIG 4g.20gb (0),1,,13,[CUDA memset]
4910593266,17344,325009,,,,,,,,,,0.000,4.612,Pinned,Device,NVIDIA A100-SXM4-40GB MIG 4g.20gb (0),1,,13,[CUDA memcpy Host-to-Device]
4910620114,29536,325010,,,,,,,,,,0.197,6656.360,Pinned,Device,NVIDIA A100-SXM4-40GB MIG 4g.20gb (0),1,,13,[CUDA memcpy Host-to-Device]
4910669201,9536,325011,273,1,1,48,1,1,40,0.000,0.001,,,,,NVIDIA A100-SXM4-40GB MIG 4g.20gb (0),1,,13,"void pusch_noise_intf_est::noiseIntfEstNoDftSOfdmKernel<float, __half, float, float, (unsigned int)2, (unsigned int)1, (unsigned char)4, (unsigned char)4>(pusch_noise_intf_est::puschRxNoiseIntfEstDynDescr)"
4910685681,2848,325022,35,1,1,128,1,1,16,0.000,0.000,,,,,NVIDIA A100-SXM4-40GB MIG 4g.20gb (0),1,,13,cupy_copy__complex64_complex64
4910702673,1696,325031,1,1,1,1,1,1,18,0.000,0.000,,,,,NVIDIA A100-SXM4-40GB MIG 4g.20gb (0),1,,13,cupy_copy__float32_float32
4910705041,8960,325037,,,,,,,,,,0.000,0.446,Device,Pageable,NVIDIA A100-SXM4-40GB MIG 4g.20gb (0),1,,7,[CUDA memcpy Device-to-Host]
4910796848,12544,325048,1434,1,1,128,1,1,16,0.000,0.000,,,,,NVIDIA A100-SXM4-40GB MIG 4g.20gb (0),1,,13,cupy_copy__complex64_complex64
4910819376,3392,325055,103,1,1,128,1,1,16,0.000,0.000,,,,,NVIDIA A100-SXM4-40GB MIG 4g.20gb (0),1,,13,cupy_copy__complex64_complex64
4910839887,2368,325062,35,1,1,128,1,1,16,0.000,0.000,,,,,NVIDIA A100-SXM4-40GB MIG 4g.20gb (0),1,,13,cupy_copy__complex64_complex64
4910878575,1792,325069,1,1,1,1,1,1,18,0.000,0.000,,,,,NVIDIA A100-SXM4-40GB MIG 4g.20gb (0),1,,13,cupy_copy__float32_float32
4911004269,87935,325080,1,1,1,32,32,1,30,0.000,0.000,,,,,NVIDIA A100-SXM4-40GB MIG 4g.20gb (0),1,,13,"void convert_kernel<__half2, float2>(tensor_layout_any, T1 *, tensor_layout_any, const T2 *)"
4911123692,9216,325083,,,,,,,,,,0.094,10166.578,Pinned,Device,NVIDIA A100-SXM4-40GB MIG 4g.20gb (0),1,,13,[CUDA memcpy Host-to-Device]
4911137260,3456,325084,,,,,,,,,,1.547,447517.201,Device,,NVIDIA A100-SXM4-40GB MIG 4g.20gb (0),1,,13,[CUDA memset]
4911143276,7263,325089,,,,,,,,,,0.031,4308.958,Pinned,Device,NVIDIA A100-SXM4-40GB MIG 4g.20gb (0),1,,13,[CUDA memcpy Host-to-Device]
4911157611,11968,325090,,,,,,,,,,0.197,16427.778,Pinned,Device,NVIDIA A100-SXM4-40GB MIG 4g.20gb (0),1,,13,[CUDA memcpy Host-to-Device]
4911179563,5920,325091,273,1,1,8,4,1,39,0.002,0.000,,,,,NVIDIA A100-SXM4-40GB MIG 4g.20gb (0),1,,13,"void channel_eq::eqMmseCoefCompLowMimoKernel<float, float, float, (unsigned int)4, (unsigned int)1, (unsigned int)4>(const channel_eq::_puschRxChEqStatDescr *, channel_eq::_puschRxChEqCoefCompDynDescr)"
4911189547,6144,325092,273,1,1,12,11,1,51,0.002,0.000,,,,,NVIDIA A100-SXM4-40GB MIG 4g.20gb (0),1,,13,"void channel_eq::eqMmseSoftDemapKernel<float, __half, __half, float, (unsigned int)4, (unsigned short)16383>(channel_eq::_puschRxChEqStatDescr *, channel_eq::_puschRxChEqSoftDemapDynDescr)"
4911196971,290044,325093,1,1,1,32,32,1,30,0.000,0.000,,,,,NVIDIA A100-SXM4-40GB MIG 4g.20gb (0),1,,13,"void convert_kernel<float2, __half2>(tensor_layout_any, T1 *, tensor_layout_any, const T2 *)"
4911489383,11200,325105,2253,1,1,128,1,1,16,0.000,0.000,,,,,NVIDIA A100-SXM4-40GB MIG 4g.20gb (0),1,,13,cupy_copy__float16_float16
4911503975,3040,325114,282,1,1,128,1,1,16,0.000,0.000,,,,,NVIDIA A100-SXM4-40GB MIG 4g.20gb (0),1,,13,cupy_copy__complex64_complex64
4911508903,2016,325123,26,1,1,128,1,1,16,0.000,0.000,,,,,NVIDIA A100-SXM4-40GB MIG 4g.20gb (0),1,,13,cupy_copy__float32_float32
4911512999,3168,325132,103,1,1,128,1,1,16,0.000,0.000,,,,,NVIDIA A100-SXM4-40GB MIG 4g.20gb (0),1,,13,cupy_copy__complex64_complex64
4911567974,12128,325148,1434,1,1,128,1,1,16,0.000,0.000,,,,,NVIDIA A100-SXM4-40GB MIG 4g.20gb (0),1,,13,cupy_copy__complex64_complex64
4911683173,86591,325153,1,1,1,32,32,1,30,0.000,0.000,,,,,NVIDIA A100-SXM4-40GB MIG 4g.20gb (0),1,,13,"void convert_kernel<__half2, float2>(tensor_layout_any, T1 *, tensor_layout_any, const T2 *)"
4911796900,5759,325156,,,,,,,,,,0.094,16269.467,Pinned,Device,NVIDIA A100-SXM4-40GB MIG 4g.20gb (0),1,,13,[CUDA memcpy Host-to-Device]
4911806531,596025,325157,,,,,,,,,,456.561,765653.535,Device,,NVIDIA A100-SXM4-40GB MIG 4g.20gb (0),1,,13,[CUDA memset]
4912408092,141630,325162,,,,,,,,,,1.235,8718.705,Pinned,Device,NVIDIA A100-SXM4-40GB MIG 4g.20gb (0),1,,13,[CUDA memcpy Host-to-Device]
4912558554,38208,325163,,,,,,,,,,0.197,5145.625,Pinned,Device,NVIDIA A100-SXM4-40GB MIG 4g.20gb (0),1,,13,[CUDA memcpy Host-to-Device]
4912623545,7872,325164,69,4,1,48,1,1,76,0.002,0.000,,,,,NVIDIA A100-SXM4-40GB MIG 4g.20gb (0),1,,13,"void ch_est::windowedChEstPreNoDftSOfdmKernel<float, __half, float, (unsigned int)2, (unsigned int)1, (unsigned short)4>(ch_est::puschRxChEstStatDescr_t *, ch_est::puschRxChEstDynDescr_t *)"
4912640057,6688,325165,137,2,1,24,2,1,44,0.001,0.001,,,,,NVIDIA A100-SXM4-40GB MIG 4g.20gb (0),1,,13,"void ch_est::chEstFilterNoDftSOfdmDispatchKernel<float, __half, float, (unsigned int)2>(ch_est::puschRxChEstStatDescr_t *, ch_est::puschRxChEstDynDescr_t *)"
4912655385,4736,325166,137,2,1,24,2,1,44,0.001,0.001,,,,,NVIDIA A100-SXM4-40GB MIG 4g.20gb (0),1,,13,"void ch_est::chEstFilterNoDftSOfdmDispatchKernel<float, __half, float, (unsigned int)2>(ch_est::puschRxChEstStatDescr_t *, ch_est::puschRxChEstDynDescr_t *)"
4912667033,2624,325177,103,1,1,128,1,1,16,0.000,0.000,,,,,NVIDIA A100-SXM4-40GB MIG 4g.20gb (0),1,,13,cupy_copy__complex64_complex64
4912684473,12319,325187,1434,1,1,128,1,1,16,0.000,0.000,,,,,NVIDIA A100-SXM4-40GB MIG 4g.20gb (0),1,,13,cupy_copy__complex64_complex64
4912715928,2560,325194,103,1,1,128,1,1,16,0.000,0.000,,,,,NVIDIA A100-SXM4-40GB MIG 4g.20gb (0),1,,13,cupy_copy__complex64_complex64
4912728888,83455,325201,1,1,1,32,32,1,30,0.000,0.000,,,,,NVIDIA A100-SXM4-40GB MIG 4g.20gb (0),1,,13,"void convert_kernel<__half2, float2>(tensor_layout_any, T1 *, tensor_layout_any, const T2 *)"
4912843959,19135,325204,,,,,,,,,,0.094,4896.553,Pinned,Device,NVIDIA A100-SXM4-40GB MIG 4g.20gb (0),1,,13,[CUDA memcpy Host-to-Device]
4912879222,47584,325205,,,,,,,,,,35.810,752545.469,Device,,NVIDIA A100-SXM4-40GB MIG 4g.20gb (0),1,,13,[CUDA memset]
4912932534,9343,325207,,,,,,,,,,0.000,8.563,Pinned,Device,NVIDIA A100-SXM4-40GB MIG 4g.20gb (0),1,,13,[CUDA memcpy Host-to-Device]
4912951221,38432,325208,,,,,,,,,,0.197,5115.544,Pinned,Device,NVIDIA A100-SXM4-40GB MIG 4g.20gb (0),1,,13,[CUDA memcpy Host-to-Device]
4913012981,9407,325209,273,1,1,48,1,1,40,0.000,0.001,,,,,NVIDIA A100-SXM4-40GB MIG 4g.20gb (0),1,,13,"void pusch_noise_intf_est::noiseIntfEstNoDftSOfdmKernel<float, __half, float, float, (unsigned int)2, (unsigned int)1, (unsigned char)4, (unsigned char)4>(pusch_noise_intf_est::puschRxNoiseIntfEstDynDescr)"
4913028756,2688,325220,35,1,1,128,1,1,16,0.000,0.000,,,,,NVIDIA A100-SXM4-40GB MIG 4g.20gb (0),1,,13,cupy_copy__complex64_complex64
4913045460,1664,325229,1,1,1,1,1,1,18,0.000,0.000,,,,,NVIDIA A100-SXM4-40GB MIG 4g.20gb (0),1,,13,cupy_copy__float32_float32
4913048948,7712,325235,,,,,,,,,,0.000,0.519,Device,Pageable,NVIDIA A100-SXM4-40GB MIG 4g.20gb (0),1,,7,[CUDA memcpy Device-to-Host]
4913139251,12608,325246,1434,1,1,128,1,1,16,0.000,0.000,,,,,NVIDIA A100-SXM4-40GB MIG 4g.20gb (0),1,,13,cupy_copy__complex64_complex64
4913163219,3360,325253,103,1,1,128,1,1,16,0.000,0.000,,,,,NVIDIA A100-SXM4-40GB MIG 4g.20gb (0),1,,13,cupy_copy__complex64_complex64
4913186418,2560,325260,35,1,1,128,1,1,16,0.000,0.000,,,,,NVIDIA A100-SXM4-40GB MIG 4g.20gb (0),1,,13,cupy_copy__complex64_complex64
4913206674,1792,325267,1,1,1,1,1,1,18,0.000,0.000,,,,,NVIDIA A100-SXM4-40GB MIG 4g.20gb (0),1,,13,cupy_copy__float32_float32
4913340240,87455,325278,1,1,1,32,32,1,30,0.000,0.000,,,,,NVIDIA A100-SXM4-40GB MIG 4g.20gb (0),1,,13,"void convert_kernel<__half2, float2>(tensor_layout_any, T1 *, tensor_layout_any, const T2 *)"
4913456751,10304,325281,,,,,,,,,,0.094,9093.103,Pinned,Device,NVIDIA A100-SXM4-40GB MIG 4g.20gb (0),1,,13,[CUDA memcpy Host-to-Device]
4913482703,3360,325282,,,,,,,,,,1.547,460304.688,Device,,NVIDIA A100-SXM4-40GB MIG 4g.20gb (0),1,,13,[CUDA memset]
4913488239,4128,325287,,,,,,,,,,0.031,7581.393,Pinned,Device,NVIDIA A100-SXM4-40GB MIG 4g.20gb (0),1,,13,[CUDA memcpy Host-to-Device]
4913499407,14079,325288,,,,,,,,,,0.197,13964.476,Pinned,Device,NVIDIA A100-SXM4-40GB MIG 4g.20gb (0),1,,13,[CUDA memcpy Host-to-Device]
4913530766,7168,325289,273,1,1,8,4,1,39,0.002,0.000,,,,,NVIDIA A100-SXM4-40GB MIG 4g.20gb (0),1,,13,"void channel_eq::eqMmseCoefCompLowMimoKernel<float, float, float, (unsigned int)4, (unsigned int)1, (unsigned int)4>(const channel_eq::_puschRxChEqStatDescr *, channel_eq::_puschRxChEqCoefCompDynDescr)"
4913539406,5984,325290,273,1,1,12,11,1,51,0.002,0.000,,,,,NVIDIA A100-SXM4-40GB MIG 4g.20gb (0),1,,13,"void channel_eq::eqMmseSoftDemapKernel<float, __half, __half, float, (unsigned int)4, (unsigned short)16383>(channel_eq::_puschRxChEqStatDescr *, channel_eq::_puschRxChEqSoftDemapDynDescr)"
4913548942,282524,325291,1,1,1,32,32,1,30,0.000,0.000,,,,,NVIDIA A100-SXM4-40GB MIG 4g.20gb (0),1,,13,"void convert_kernel<float2, __half2>(tensor_layout_any, T1 *, tensor_layout_any, const T2 *)"
4913832970,10944,325303,2253,1,1,128,1,1,16,0.000,0.000,,,,,NVIDIA A100-SXM4-40GB MIG 4g.20gb (0),1,,13,cupy_copy__float16_float16
4913848874,2752,325312,282,1,1,128,1,1,16,0.000,0.000,,,,,NVIDIA A100-SXM4-40GB MIG 4g.20gb (0),1,,13,cupy_copy__complex64_complex64
4913854282,2016,325321,26,1,1,128,1,1,16,0.000,0.000,,,,,NVIDIA A100-SXM4-40GB MIG 4g.20gb (0),1,,13,cupy_copy__float32_float32
4913857898,3200,325330,103,1,1,128,1,1,16,0.000,0.000,,,,,NVIDIA A100-SXM4-40GB MIG 4g.20gb (0),1,,13,cupy_copy__complex64_complex64
4913862026,11904,325340,1434,1,1,128,1,1,16,0.000,0.000,,,,,NVIDIA A100-SXM4-40GB MIG 4g.20gb (0),1,,13,cupy_copy__complex64_complex64
4913876394,81567,325345,1,1,1,32,32,1,30,0.000,0.000,,,,,NVIDIA A100-SXM4-40GB MIG 4g.20gb (0),1,,13,"void convert_kernel<__half2, float2>(tensor_layout_any, T1 *, tensor_layout_any, const T2 *)"
4913984745,5471,325348,,,,,,,,,,0.094,17125.849,Pinned,Device,NVIDIA A100-SXM4-40GB MIG 4g.20gb (0),1,,13,[CUDA memcpy Host-to-Device]
4913995112,597625,325349,,,,,,,,,,456.561,763827.289,Device,,NVIDIA A100-SXM4-40GB MIG 4g.20gb (0),1,,13,[CUDA memset]
4914595617,143294,325354,,,,,,,,,,1.235,8617.439,Pinned,Device,NVIDIA A100-SXM4-40GB MIG 4g.20gb (0),1,,13,[CUDA memcpy Host-to-Device]
4914747871,22112,325355,,,,,,,,,,0.197,8891.400,Pinned,Device,NVIDIA A100-SXM4-40GB MIG 4g.20gb (0),1,,13,[CUDA memcpy Host-to-Device]
4914781471,9504,325356,69,4,1,48,1,1,76,0.002,0.000,,,,,NVIDIA A100-SXM4-40GB MIG 4g.20gb (0),1,,13,"void ch_est::windowedChEstPreNoDftSOfdmKernel<float, __half, float, (unsigned int)2, (unsigned int)1, (unsigned short)4>(ch_est::puschRxChEstStatDescr_t *, ch_est::puschRxChEstDynDescr_t *)"
4914797055,6335,325357,137,2,1,24,2,1,44,0.001,0.001,,,,,NVIDIA A100-SXM4-40GB MIG 4g.20gb (0),1,,13,"void ch_est::chEstFilterNoDftSOfdmDispatchKernel<float, __half, float, (unsigned int)2>(ch_est::puschRxChEstStatDescr_t *, ch_est::puschRxChEstDynDescr_t *)"
4914804862,6368,325358,137,2,1,24,2,1,44,0.001,0.001,,,,,NVIDIA A100-SXM4-40GB MIG 4g.20gb (0),1,,13,"void ch_est::chEstFilterNoDftSOfdmDispatchKernel<float, __half, float, (unsigned int)2>(ch_est::puschRxChEstStatDescr_t *, ch_est::puschRxChEstDynDescr_t *)"
4914812702,3008,325369,103,1,1,128,1,1,16,0.000,0.000,,,,,NVIDIA A100-SXM4-40GB MIG 4g.20gb (0),1,,13,cupy_copy__complex64_complex64
4914821022,12768,325379,1434,1,1,128,1,1,16,0.000,0.000,,,,,NVIDIA A100-SXM4-40GB MIG 4g.20gb (0),1,,13,cupy_copy__complex64_complex64
4914836030,2976,325386,103,1,1,128,1,1,16,0.000,0.000,,,,,NVIDIA A100-SXM4-40GB MIG 4g.20gb (0),1,,13,cupy_copy__complex64_complex64
4914845278,83071,325393,1,1,1,32,32,1,30,0.000,0.000,,,,,NVIDIA A100-SXM4-40GB MIG 4g.20gb (0),1,,13,"void convert_kernel<__half2, float2>(tensor_layout_any, T1 *, tensor_layout_any, const T2 *)"
4914959325,9919,325396,,,,,,,,,,0.094,9446.056,Pinned,Device,NVIDIA A100-SXM4-40GB MIG 4g.20gb (0),1,,13,[CUDA memcpy Host-to-Device]
4914974588,46880,325397,,,,,,,,,,35.810,763861.404,Device,,NVIDIA A100-SXM4-40GB MIG 4g.20gb (0),1,,13,[CUDA memset]
4915029340,2368,325399,,,,,,,,,,0.000,33.784,Pinned,Device,NVIDIA A100-SXM4-40GB MIG 4g.20gb (0),1,,13,[CUDA memcpy Host-to-Device]
4915040220,22655,325400,,,,,,,,,,0.197,8678.277,Pinned,Device,NVIDIA A100-SXM4-40GB MIG 4g.20gb (0),1,,13,[CUDA memcpy Host-to-Device]
4915080635,9152,325401,273,1,1,48,1,1,40,0.000,0.001,,,,,NVIDIA A100-SXM4-40GB MIG 4g.20gb (0),1,,13,"void pusch_noise_intf_est::noiseIntfEstNoDftSOfdmKernel<float, __half, float, float, (unsigned int)2, (unsigned int)1, (unsigned char)4, (unsigned char)4>(pusch_noise_intf_est::puschRxNoiseIntfEstDynDescr)"
4915099835,2784,325412,35,1,1,128,1,1,16,0.000,0.000,,,,,NVIDIA A100-SXM4-40GB MIG 4g.20gb (0),1,,13,cupy_copy__complex64_complex64
4915110331,1696,325421,1,1,1,1,1,1,18,0.000,0.000,,,,,NVIDIA A100-SXM4-40GB MIG 4g.20gb (0),1,,13,cupy_copy__float32_float32
4915117435,7680,325427,,,,,,,,,,0.000,0.521,Device,Pageable,NVIDIA A100-SXM4-40GB MIG 4g.20gb (0),1,,7,[CUDA memcpy Device-to-Host]
4915200250,12703,325438,1434,1,1,128,1,1,16,0.000,0.000,,,,,NVIDIA A100-SXM4-40GB MIG 4g.20gb (0),1,,13,cupy_copy__complex64_complex64
4915231577,2880,325445,103,1,1,128,1,1,16,0.000,0.000,,,,,NVIDIA A100-SXM4-40GB MIG 4g.20gb (0),1,,13,cupy_copy__complex64_complex64
4915246745,2656,325452,35,1,1,128,1,1,16,0.000,0.000,,,,,NVIDIA A100-SXM4-40GB MIG 4g.20gb (0),1,,13,cupy_copy__complex64_complex64
4915260121,1952,325459,1,1,1,1,1,1,18,0.000,0.000,,,,,NVIDIA A100-SXM4-40GB MIG 4g.20gb (0),1,,13,cupy_copy__float32_float32
4915388983,82815,325470,1,1,1,32,32,1,30,0.000,0.000,,,,,NVIDIA A100-SXM4-40GB MIG 4g.20gb (0),1,,13,"void convert_kernel<__half2, float2>(tensor_layout_any, T1 *, tensor_layout_any, const T2 *)"
4915499350,5632,325473,,,,,,,,,,0.094,16636.287,Pinned,Device,NVIDIA A100-SXM4-40GB MIG 4g.20gb (0),1,,13,[CUDA memcpy Host-to-Device]
4915513622,3136,325474,,,,,,,,,,1.547,493182.821,Device,,NVIDIA A100-SXM4-40GB MIG 4g.20gb (0),1,,13,[CUDA memset]
4915520310,3040,325479,,,,,,,,,,0.031,10294.725,Pinned,Device,NVIDIA A100-SXM4-40GB MIG 4g.20gb (0),1,,13,[CUDA memcpy Host-to-Device]
4915525430,10239,325480,,,,,,,,,,0.197,19201.720,Pinned,Device,NVIDIA A100-SXM4-40GB MIG 4g.20gb (0),1,,13,[CUDA memcpy Host-to-Device]
4915540565,6240,325481,273,1,1,8,4,1,39,0.002,0.000,,,,,NVIDIA A100-SXM4-40GB MIG 4g.20gb (0),1,,13,"void channel_eq::eqMmseCoefCompLowMimoKernel<float, float, float, (unsigned int)4, (unsigned int)1, (unsigned int)4>(const channel_eq::_puschRxChEqStatDescr *, channel_eq::_puschRxChEqCoefCompDynDescr)"
4915547797,6080,325482,273,1,1,12,11,1,51,0.002,0.000,,,,,NVIDIA A100-SXM4-40GB MIG 4g.20gb (0),1,,13,"void channel_eq::eqMmseSoftDemapKernel<float, __half, __half, float, (unsigned int)4, (unsigned short)16383>(channel_eq::_puschRxChEqStatDescr *, channel_eq::_puschRxChEqSoftDemapDynDescr)"
4915554965,282557,325483,1,1,1,32,32,1,30,0.000,0.000,,,,,NVIDIA A100-SXM4-40GB MIG 4g.20gb (0),1,,13,"void convert_kernel<float2, __half2>(tensor_layout_any, T1 *, tensor_layout_any, const T2 *)"
4915840050,11392,325495,2253,1,1,128,1,1,16,0.000,0.000,,,,,NVIDIA A100-SXM4-40GB MIG 4g.20gb (0),1,,13,cupy_copy__float16_float16
4915856433,3104,325504,282,1,1,128,1,1,16,0.000,0.000,,,,,NVIDIA A100-SXM4-40GB MIG 4g.20gb (0),1,,13,cupy_copy__complex64_complex64
4915860913,2336,325513,26,1,1,128,1,1,16,0.000,0.000,,,,,NVIDIA A100-SXM4-40GB MIG 4g.20gb (0),1,,13,cupy_copy__float32_float32
4915864273,3104,325522,103,1,1,128,1,1,16,0.000,0.000,,,,,NVIDIA A100-SXM4-40GB MIG 4g.20gb (0),1,,13,cupy_copy__complex64_complex64
4915870673,12096,325532,1434,1,1,128,1,1,16,0.000,0.000,,,,,NVIDIA A100-SXM4-40GB MIG 4g.20gb (0),1,,13,cupy_copy__complex64_complex64
4915889009,87071,325537,1,1,1,32,32,1,30,0.000,0.000,,,,,NVIDIA A100-SXM4-40GB MIG 4g.20gb (0),1,,13,"void convert_kernel<__half2, float2>(tensor_layout_any, T1 *, tensor_layout_any, const T2 *)"
4916002672,5728,325540,,,,,,,,,,0.094,16357.541,Pinned,Device,NVIDIA A100-SXM4-40GB MIG 4g.20gb (0),1,,13,[CUDA memcpy Host-to-Device]
4916014192,597144,325541,,,,,,,,,,456.561,764283.851,Device,,NVIDIA A100-SXM4-40GB MIG 4g.20gb (0),1,,13,[CUDA memset]
4916616904,123487,325546,,,,,,,,,,1.235,10000.577,Pinned,Device,NVIDIA A100-SXM4-40GB MIG 4g.20gb (0),1,,13,[CUDA memcpy Host-to-Device]
4916749574,32960,325547,,,,,,,,,,0.197,5964.890,Pinned,Device,NVIDIA A100-SXM4-40GB MIG 4g.20gb (0),1,,13,[CUDA memcpy Host-to-Device]
4916800742,8320,325548,69,4,1,48,1,1,76,0.002,0.000,,,,,NVIDIA A100-SXM4-40GB MIG 4g.20gb (0),1,,13,"void ch_est::windowedChEstPreNoDftSOfdmKernel<float, __half, float, (unsigned int)2, (unsigned int)1, (unsigned short)4>(ch_est::puschRxChEstStatDescr_t *, ch_est::puschRxChEstDynDescr_t *)"
4916817446,6976,325549,137,2,1,24,2,1,44,0.001,0.001,,,,,NVIDIA A100-SXM4-40GB MIG 4g.20gb (0),1,,13,"void ch_est::chEstFilterNoDftSOfdmDispatchKernel<float, __half, float, (unsigned int)2>(ch_est::puschRxChEstStatDescr_t *, ch_est::puschRxChEstDynDescr_t *)"
4916831909,4832,325550,137,2,1,24,2,1,44,0.001,0.001,,,,,NVIDIA A100-SXM4-40GB MIG 4g.20gb (0),1,,13,"void ch_est::chEstFilterNoDftSOfdmDispatchKernel<float, __half, float, (unsigned int)2>(ch_est::puschRxChEstStatDescr_t *, ch_est::puschRxChEstDynDescr_t *)"
4916846725,2624,325561,103,1,1,128,1,1,16,0.000,0.000,,,,,NVIDIA A100-SXM4-40GB MIG 4g.20gb (0),1,,13,cupy_copy__complex64_complex64
4916862053,12448,325571,1434,1,1,128,1,1,16,0.000,0.000,,,,,NVIDIA A100-SXM4-40GB MIG 4g.20gb (0),1,,13,cupy_copy__complex64_complex64
4916881797,2880,325578,103,1,1,128,1,1,16,0.000,0.000,,,,,NVIDIA A100-SXM4-40GB MIG 4g.20gb (0),1,,13,cupy_copy__complex64_complex64
4916904229,83839,325585,1,1,1,32,32,1,30,0.000,0.000,,,,,NVIDIA A100-SXM4-40GB MIG 4g.20gb (0),1,,13,"void convert_kernel<__half2, float2>(tensor_layout_any, T1 *, tensor_layout_any, const T2 *)"
4917018243,13344,325588,,,,,,,,,,0.094,7021.578,Pinned,Device,NVIDIA A100-SXM4-40GB MIG 4g.20gb (0),1,,13,[CUDA memcpy Host-to-Device]
4917036323,47967,325589,,,,,,,,,,35.810,746529.402,Device,,NVIDIA A100-SXM4-40GB MIG 4g.20gb (0),1,,13,[CUDA memset]
4917090626,4224,325591,,,,,,,,,,0.000,18.939,Pinned,Device,NVIDIA A100-SXM4-40GB MIG 4g.20gb (0),1,,13,[CUDA memcpy Host-to-Device]
4917103362,16832,325592,,,,,,,,,,0.197,11680.481,Pinned,Device,NVIDIA A100-SXM4-40GB MIG 4g.20gb (0),1,,13,[CUDA memcpy Host-to-Device]
4917136194,9824,325593,273,1,1,48,1,1,40,0.000,0.001,,,,,NVIDIA A100-SXM4-40GB MIG 4g.20gb (0),1,,13,"void pusch_noise_intf_est::noiseIntfEstNoDftSOfdmKernel<float, __half, float, float, (unsigned int)2, (unsigned int)1, (unsigned char)4, (unsigned char)4>(pusch_noise_intf_est::puschRxNoiseIntfEstDynDescr)"
4917157313,2880,325604,35,1,1,128,1,1,16,0.000,0.000,,,,,NVIDIA A100-SXM4-40GB MIG 4g.20gb (0),1,,13,cupy_copy__complex64_complex64
4917168385,1792,325613,1,1,1,1,1,1,18,0.000,0.000,,,,,NVIDIA A100-SXM4-40GB MIG 4g.20gb (0),1,,13,cupy_copy__float32_float32
4917174913,6752,325619,,,,,,,,,,0.000,0.592,Device,Pageable,NVIDIA A100-SXM4-40GB MIG 4g.20gb (0),1,,7,[CUDA memcpy Device-to-Host]
4917255936,12928,325630,1434,1,1,128,1,1,16,0.000,0.000,,,,,NVIDIA A100-SXM4-40GB MIG 4g.20gb (0),1,,13,cupy_copy__complex64_complex64
4917283232,3392,325637,103,1,1,128,1,1,16,0.000,0.000,,,,,NVIDIA A100-SXM4-40GB MIG 4g.20gb (0),1,,13,cupy_copy__complex64_complex64
4917296384,2752,325644,35,1,1,128,1,1,16,0.000,0.000,,,,,NVIDIA A100-SXM4-40GB MIG 4g.20gb (0),1,,13,cupy_copy__complex64_complex64
4917322495,1856,325651,1,1,1,1,1,1,18,0.000,0.000,,,,,NVIDIA A100-SXM4-40GB MIG 4g.20gb (0),1,,13,cupy_copy__float32_float32
4917452638,86527,325662,1,1,1,32,32,1,30,0.000,0.000,,,,,NVIDIA A100-SXM4-40GB MIG 4g.20gb (0),1,,13,"void convert_kernel<__half2, float2>(tensor_layout_any, T1 *, tensor_layout_any, const T2 *)"
4917572540,13664,325665,,,,,,,,,,0.094,6857.142,Pinned,Device,NVIDIA A100-SXM4-40GB MIG 4g.20gb (0),1,,13,[CUDA memcpy Host-to-Device]
4917598460,3584,325666,,,,,,,,,,1.547,431534.389,Device,,NVIDIA A100-SXM4-40GB MIG 4g.20gb (0),1,,13,[CUDA memset]
4917606716,6016,325671,,,,,,,,,,0.031,5202.115,Pinned,Device,NVIDIA A100-SXM4-40GB MIG 4g.20gb (0),1,,13,[CUDA memcpy Host-to-Device]
4917615548,12224,325672,,,,,,,,,,0.197,16083.714,Pinned,Device,NVIDIA A100-SXM4-40GB MIG 4g.20gb (0),1,,13,[CUDA memcpy Host-to-Device]
4917638268,7583,325673,273,1,1,8,4,1,39,0.002,0.000,,,,,NVIDIA A100-SXM4-40GB MIG 4g.20gb (0),1,,13,"void channel_eq::eqMmseCoefCompLowMimoKernel<float, float, float, (unsigned int)4, (unsigned int)1, (unsigned int)4>(const channel_eq::_puschRxChEqStatDescr *, channel_eq::_puschRxChEqCoefCompDynDescr)"
4917647291,5952,325674,273,1,1,12,11,1,51,0.002,0.000,,,,,NVIDIA A100-SXM4-40GB MIG 4g.20gb (0),1,,13,"void channel_eq::eqMmseSoftDemapKernel<float, __half, __half, float, (unsigned int)4, (unsigned short)16383>(channel_eq::_puschRxChEqStatDescr *, channel_eq::_puschRxChEqSoftDemapDynDescr)"
4917657435,282973,325675,1,1,1,32,32,1,30,0.000,0.000,,,,,NVIDIA A100-SXM4-40GB MIG 4g.20gb (0),1,,13,"void convert_kernel<float2, __half2>(tensor_layout_any, T1 *, tensor_layout_any, const T2 *)"
4917941400,11200,325687,2253,1,1,128,1,1,16,0.000,0.000,,,,,NVIDIA A100-SXM4-40GB MIG 4g.20gb (0),1,,13,cupy_copy__float16_float16
4917957720,3392,325696,282,1,1,128,1,1,16,0.000,0.000,,,,,NVIDIA A100-SXM4-40GB MIG 4g.20gb (0),1,,13,cupy_copy__complex64_complex64
4917963128,2400,325705,26,1,1,128,1,1,16,0.000,0.000,,,,,NVIDIA A100-SXM4-40GB MIG 4g.20gb (0),1,,13,cupy_copy__float32_float32
4917966615,2912,325714,103,1,1,128,1,1,16,0.000,0.000,,,,,NVIDIA A100-SXM4-40GB MIG 4g.20gb (0),1,,13,cupy_copy__complex64_complex64
4917971287,12320,325724,1434,1,1,128,1,1,16,0.000,0.000,,,,,NVIDIA A100-SXM4-40GB MIG 4g.20gb (0),1,,13,cupy_copy__complex64_complex64
4917989367,86815,325729,1,1,1,32,32,1,30,0.000,0.000,,,,,NVIDIA A100-SXM4-40GB MIG 4g.20gb (0),1,,13,"void convert_kernel<__half2, float2>(tensor_layout_any, T1 *, tensor_layout_any, const T2 *)"
4918103958,6176,325732,,,,,,,,,,0.094,15170.975,Pinned,Device,NVIDIA A100-SXM4-40GB MIG 4g.20gb (0),1,,13,[CUDA memcpy Host-to-Device]
4918115510,597272,325733,,,,,,,,,,456.561,764283.851,Device,,NVIDIA A100-SXM4-40GB MIG 4g.20gb (0),1,,13,[CUDA memset]
4918723118,149374,325738,,,,,,,,,,1.235,8266.715,Pinned,Device,NVIDIA A100-SXM4-40GB MIG 4g.20gb (0),1,,13,[CUDA memcpy Host-to-Device]
4918885740,41472,325739,,,,,,,,,,0.197,4740.612,Pinned,Device,NVIDIA A100-SXM4-40GB MIG 4g.20gb (0),1,,13,[CUDA memcpy Host-to-Device]
4918955339,8224,325740,69,4,1,48,1,1,76,0.002,0.000,,,,,NVIDIA A100-SXM4-40GB MIG 4g.20gb (0),1,,13,"void ch_est::windowedChEstPreNoDftSOfdmKernel<float, __half, float, (unsigned int)2, (unsigned int)1, (unsigned short)4>(ch_est::puschRxChEstStatDescr_t *, ch_est::puschRxChEstDynDescr_t *)"
4918973259,6592,325741,137,2,1,24,2,1,44,0.001,0.001,,,,,NVIDIA A100-SXM4-40GB MIG 4g.20gb (0),1,,13,"void ch_est::chEstFilterNoDftSOfdmDispatchKernel<float, __half, float, (unsigned int)2>(ch_est::puschRxChEstStatDescr_t *, ch_est::puschRxChEstDynDescr_t *)"
4918993291,4928,325742,137,2,1,24,2,1,44,0.001,0.001,,,,,NVIDIA A100-SXM4-40GB MIG 4g.20gb (0),1,,13,"void ch_est::chEstFilterNoDftSOfdmDispatchKernel<float, __half, float, (unsigned int)2>(ch_est::puschRxChEstStatDescr_t *, ch_est::puschRxChEstDynDescr_t *)"
4919011083,2720,325753,103,1,1,128,1,1,16,0.000,0.000,,,,,NVIDIA A100-SXM4-40GB MIG 4g.20gb (0),1,,13,cupy_copy__complex64_complex64
4919028266,12288,325763,1434,1,1,128,1,1,16,0.000,0.000,,,,,NVIDIA A100-SXM4-40GB MIG 4g.20gb (0),1,,13,cupy_copy__complex64_complex64
4919070922,2400,325770,103,1,1,128,1,1,16,0.000,0.000,,,,,NVIDIA A100-SXM4-40GB MIG 4g.20gb (0),1,,13,cupy_copy__complex64_complex64
4919088298,92383,325777,1,1,1,32,32,1,30,0.000,0.000,,,,,NVIDIA A100-SXM4-40GB MIG 4g.20gb (0),1,,13,"void convert_kernel<__half2, float2>(tensor_layout_any, T1 *, tensor_layout_any, const T2 *)"
4919213064,14144,325780,,,,,,,,,,0.094,6624.401,Pinned,Device,NVIDIA A100-SXM4-40GB MIG 4g.20gb (0),1,,13,[CUDA memcpy Host-to-Device]
4919236392,48479,325781,,,,,,,,,,35.810,738651.220,Device,,NVIDIA A100-SXM4-40GB MIG 4g.20gb (0),1,,13,[CUDA memset]
4919288967,3904,325783,,,,,,,,,,0.000,20.492,Pinned,Device,NVIDIA A100-SXM4-40GB MIG 4g.20gb (0),1,,13,[CUDA memcpy Host-to-Device]
4919296519,10528,325784,,,,,,,,,,0.197,18674.614,Pinned,Device,NVIDIA A100-SXM4-40GB MIG 4g.20gb (0),1,,13,[CUDA memcpy Host-to-Device]
4919313095,12288,325785,273,1,1,48,1,1,40,0.000,0.001,,,,,NVIDIA A100-SXM4-40GB MIG 4g.20gb (0),1,,13,"void pusch_noise_intf_est::noiseIntfEstNoDftSOfdmKernel<float, __half, float, float, (unsigned int)2, (unsigned int)1, (unsigned char)4, (unsigned char)4>(pusch_noise_intf_est::puschRxNoiseIntfEstDynDescr)"
4919330311,2816,325796,35,1,1,128,1,1,16,0.000,0.000,,,,,NVIDIA A100-SXM4-40GB MIG 4g.20gb (0),1,,13,cupy_copy__complex64_complex64
4919337959,1984,325805,1,1,1,1,1,1,18,0.000,0.000,,,,,NVIDIA A100-SXM4-40GB MIG 4g.20gb (0),1,,13,cupy_copy__float32_float32
4919365190,1568,325811,,,,,,,,,,0.000,2.551,Device,Pageable,NVIDIA A100-SXM4-40GB MIG 4g.20gb (0),1,,7,[CUDA memcpy Device-to-Host]
4919424646,12575,325822,1434,1,1,128,1,1,16,0.000,0.000,,,,,NVIDIA A100-SXM4-40GB MIG 4g.20gb (0),1,,13,cupy_copy__complex64_complex64
4919452293,3424,325829,103,1,1,128,1,1,16,0.000,0.000,,,,,NVIDIA A100-SXM4-40GB MIG 4g.20gb (0),1,,13,cupy_copy__complex64_complex64
4919472965,2176,325836,35,1,1,128,1,1,16,0.000,0.000,,,,,NVIDIA A100-SXM4-40GB MIG 4g.20gb (0),1,,13,cupy_copy__complex64_complex64
4919489957,1792,325843,1,1,1,1,1,1,18,0.000,0.000,,,,,NVIDIA A100-SXM4-40GB MIG 4g.20gb (0),1,,13,cupy_copy__float32_float32
4919621475,81823,325854,1,1,1,32,32,1,30,0.000,0.000,,,,,NVIDIA A100-SXM4-40GB MIG 4g.20gb (0),1,,13,"void convert_kernel<__half2, float2>(tensor_layout_any, T1 *, tensor_layout_any, const T2 *)"
4919730914,5824,325857,,,,,,,,,,0.094,16087.884,Pinned,Device,NVIDIA A100-SXM4-40GB MIG 4g.20gb (0),1,,13,[CUDA memcpy Host-to-Device]
4919745154,3360,325858,,,,,,,,,,1.547,460304.688,Device,,NVIDIA A100-SXM4-40GB MIG 4g.20gb (0),1,,13,[CUDA memset]
4919751554,3199,325863,,,,,,,,,,0.031,9783.036,Pinned,Device,NVIDIA A100-SXM4-40GB MIG 4g.20gb (0),1,,13,[CUDA memcpy Host-to-Device]
4919757569,9472,325864,,,,,,,,,,0.197,20756.693,Pinned,Device,NVIDIA A100-SXM4-40GB MIG 4g.20gb (0),1,,13,[CUDA memcpy Host-to-Device]
4919772033,6592,325865,273,1,1,8,4,1,39,0.002,0.000,,,,,NVIDIA A100-SXM4-40GB MIG 4g.20gb (0),1,,13,"void channel_eq::eqMmseCoefCompLowMimoKernel<float, float, float, (unsigned int)4, (unsigned int)1, (unsigned int)4>(const channel_eq::_puschRxChEqStatDescr *, channel_eq::_puschRxChEqCoefCompDynDescr)"
4919781153,5952,325866,273,1,1,12,11,1,51,0.002,0.000,,,,,NVIDIA A100-SXM4-40GB MIG 4g.20gb (0),1,,13,"void channel_eq::eqMmseSoftDemapKernel<float, __half, __half, float, (unsigned int)4, (unsigned short)16383>(channel_eq::_puschRxChEqStatDescr *, channel_eq::_puschRxChEqSoftDemapDynDescr)"
4919788801,282909,325867,1,1,1,32,32,1,30,0.000,0.000,,,,,NVIDIA A100-SXM4-40GB MIG 4g.20gb (0),1,,13,"void convert_kernel<float2, __half2>(tensor_layout_any, T1 *, tensor_layout_any, const T2 *)"
4920072766,10911,325879,2253,1,1,128,1,1,16,0.000,0.000,,,,,NVIDIA A100-SXM4-40GB MIG 4g.20gb (0),1,,13,cupy_copy__float16_float16
4920086941,2816,325888,282,1,1,128,1,1,16,0.000,0.000,,,,,NVIDIA A100-SXM4-40GB MIG 4g.20gb (0),1,,13,cupy_copy__complex64_complex64
4920092669,2048,325897,26,1,1,128,1,1,16,0.000,0.000,,,,,NVIDIA A100-SXM4-40GB MIG 4g.20gb (0),1,,13,cupy_copy__float32_float32
4920095901,3136,325906,103,1,1,128,1,1,16,0.000,0.000,,,,,NVIDIA A100-SXM4-40GB MIG 4g.20gb (0),1,,13,cupy_copy__complex64_complex64
4920101789,12032,325916,1434,1,1,128,1,1,16,0.000,0.000,,,,,NVIDIA A100-SXM4-40GB MIG 4g.20gb (0),1,,13,cupy_copy__complex64_complex64
4920120733,86719,325921,1,1,1,32,32,1,30,0.000,0.000,,,,,NVIDIA A100-SXM4-40GB MIG 4g.20gb (0),1,,13,"void convert_kernel<__half2, float2>(tensor_layout_any, T1 *, tensor_layout_any, const T2 *)"
4920234428,5727,325924,,,,,,,,,,0.094,16360.352,Pinned,Device,NVIDIA A100-SXM4-40GB MIG 4g.20gb (0),1,,13,[CUDA memcpy Host-to-Device]
4920245755,599257,325925,,,,,,,,,,456.561,761544.482,Device,,NVIDIA A100-SXM4-40GB MIG 4g.20gb (0),1,,13,[CUDA memset]
4920848340,148318,325930,,,,,,,,,,1.235,8325.992,Pinned,Device,NVIDIA A100-SXM4-40GB MIG 4g.20gb (0),1,,13,[CUDA memcpy Host-to-Device]
4921009458,36768,325931,,,,,,,,,,0.197,5347.148,Pinned,Device,NVIDIA A100-SXM4-40GB MIG 4g.20gb (0),1,,13,[CUDA memcpy Host-to-Device]
4921071537,8192,325932,69,4,1,48,1,1,76,0.002,0.000,,,,,NVIDIA A100-SXM4-40GB MIG 4g.20gb (0),1,,13,"void ch_est::windowedChEstPreNoDftSOfdmKernel<float, __half, float, (unsigned int)2, (unsigned int)1, (unsigned short)4>(ch_est::puschRxChEstStatDescr_t *, ch_est::puschRxChEstDynDescr_t *)"
4921089009,6976,325933,137,2,1,24,2,1,44,0.001,0.001,,,,,NVIDIA A100-SXM4-40GB MIG 4g.20gb (0),1,,13,"void ch_est::chEstFilterNoDftSOfdmDispatchKernel<float, __half, float, (unsigned int)2>(ch_est::puschRxChEstStatDescr_t *, ch_est::puschRxChEstDynDescr_t *)"
4921106417,4736,325934,137,2,1,24,2,1,44,0.001,0.001,,,,,NVIDIA A100-SXM4-40GB MIG 4g.20gb (0),1,,13,"void ch_est::chEstFilterNoDftSOfdmDispatchKernel<float, __half, float, (unsigned int)2>(ch_est::puschRxChEstStatDescr_t *, ch_est::puschRxChEstDynDescr_t *)"
4921124625,2784,325945,103,1,1,128,1,1,16,0.000,0.000,,,,,NVIDIA A100-SXM4-40GB MIG 4g.20gb (0),1,,13,cupy_copy__complex64_complex64
4921141648,12480,325955,1434,1,1,128,1,1,16,0.000,0.000,,,,,NVIDIA A100-SXM4-40GB MIG 4g.20gb (0),1,,13,cupy_copy__complex64_complex64
4921160048,2912,325962,103,1,1,128,1,1,16,0.000,0.000,,,,,NVIDIA A100-SXM4-40GB MIG 4g.20gb (0),1,,13,cupy_copy__complex64_complex64
4921186128,88319,325969,1,1,1,32,32,1,30,0.000,0.000,,,,,NVIDIA A100-SXM4-40GB MIG 4g.20gb (0),1,,13,"void convert_kernel<__half2, float2>(tensor_layout_any, T1 *, tensor_layout_any, const T2 *)"
4921306734,26240,325972,,,,,,,,,,0.094,3570.661,Pinned,Device,NVIDIA A100-SXM4-40GB MIG 4g.20gb (0),1,,13,[CUDA memcpy Host-to-Device]
4921360302,47295,325973,,,,,,,,,,35.810,757129.139,Device,,NVIDIA A100-SXM4-40GB MIG 4g.20gb (0),1,,13,[CUDA memset]
4921419021,12000,325975,,,,,,,,,,0.000,6.667,Pinned,Device,NVIDIA A100-SXM4-40GB MIG 4g.20gb (0),1,,13,[CUDA memcpy Host-to-Device]
4921444781,25695,325976,,,,,,,,,,0.197,7651.590,Pinned,Device,NVIDIA A100-SXM4-40GB MIG 4g.20gb (0),1,,13,[CUDA memcpy Host-to-Device]
4921496652,9440,325977,273,1,1,48,1,1,40,0.000,0.001,,,,,NVIDIA A100-SXM4-40GB MIG 4g.20gb (0),1,,13,"void pusch_noise_intf_est::noiseIntfEstNoDftSOfdmKernel<float, __half, float, float, (unsigned int)2, (unsigned int)1, (unsigned char)4, (unsigned char)4>(pusch_noise_intf_est::puschRxNoiseIntfEstDynDescr)"
4921513196,2688,325988,35,1,1,128,1,1,16,0.000,0.000,,,,,NVIDIA A100-SXM4-40GB MIG 4g.20gb (0),1,,13,cupy_copy__complex64_complex64
4921529740,1728,325997,1,1,1,1,1,1,18,0.000,0.000,,,,,NVIDIA A100-SXM4-40GB MIG 4g.20gb (0),1,,13,cupy_copy__float32_float32
4921538123,6912,326003,,,,,,,,,,0.000,0.579,Device,Pageable,NVIDIA A100-SXM4-40GB MIG 4g.20gb (0),1,,7,[CUDA memcpy Device-to-Host]
4921627050,12576,326014,1434,1,1,128,1,1,16,0.000,0.000,,,,,NVIDIA A100-SXM4-40GB MIG 4g.20gb (0),1,,13,cupy_copy__complex64_complex64
4921654314,3040,326021,103,1,1,128,1,1,16,0.000,0.000,,,,,NVIDIA A100-SXM4-40GB MIG 4g.20gb (0),1,,13,cupy_copy__complex64_complex64
4921670090,2592,326028,35,1,1,128,1,1,16,0.000,0.000,,,,,NVIDIA A100-SXM4-40GB MIG 4g.20gb (0),1,,13,cupy_copy__complex64_complex64
4921683562,1792,326035,1,1,1,1,1,1,18,0.000,0.000,,,,,NVIDIA A100-SXM4-40GB MIG 4g.20gb (0),1,,13,cupy_copy__float32_float32
4921809640,82111,326046,1,1,1,32,32,1,30,0.000,0.000,,,,,NVIDIA A100-SXM4-40GB MIG 4g.20gb (0),1,,13,"void convert_kernel<__half2, float2>(tensor_layout_any, T1 *, tensor_layout_any, const T2 *)"
4921919015,5824,326049,,,,,,,,,,0.094,16087.884,Pinned,Device,NVIDIA A100-SXM4-40GB MIG 4g.20gb (0),1,,13,[CUDA memcpy Host-to-Device]
4921934503,3040,326050,,,,,,,,,,1.547,508757.325,Device,,NVIDIA A100-SXM4-40GB MIG 4g.20gb (0),1,,13,[CUDA memset]
4921939815,3359,326055,,,,,,,,,,0.031,9317.038,Pinned,Device,NVIDIA A100-SXM4-40GB MIG 4g.20gb (0),1,,13,[CUDA memcpy Host-to-Device]
4921945798,9632,326056,,,,,,,,,,0.197,20411.843,Pinned,Device,NVIDIA A100-SXM4-40GB MIG 4g.20gb (0),1,,13,[CUDA memcpy Host-to-Device]
4921962438,9504,326057,273,1,1,8,4,1,39,0.002,0.000,,,,,NVIDIA A100-SXM4-40GB MIG 4g.20gb (0),1,,13,"void channel_eq::eqMmseCoefCompLowMimoKernel<float, float, float, (unsigned int)4, (unsigned int)1, (unsigned int)4>(const channel_eq::_puschRxChEqStatDescr *, channel_eq::_puschRxChEqCoefCompDynDescr)"
4921974886,5664,326058,273,1,1,12,11,1,51,0.002,0.000,,,,,NVIDIA A100-SXM4-40GB MIG 4g.20gb (0),1,,13,"void channel_eq::eqMmseSoftDemapKernel<float, __half, __half, float, (unsigned int)4, (unsigned short)16383>(channel_eq::_puschRxChEqStatDescr *, channel_eq::_puschRxChEqSoftDemapDynDescr)"
4921982342,283293,326059,1,1,1,32,32,1,30,0.000,0.000,,,,,NVIDIA A100-SXM4-40GB MIG 4g.20gb (0),1,,13,"void convert_kernel<float2, __half2>(tensor_layout_any, T1 *, tensor_layout_any, const T2 *)"
4922266723,10975,326071,2253,1,1,128,1,1,16,0.000,0.000,,,,,NVIDIA A100-SXM4-40GB MIG 4g.20gb (0),1,,13,cupy_copy__float16_float16
4922282434,3616,326080,282,1,1,128,1,1,16,0.000,0.000,,,,,NVIDIA A100-SXM4-40GB MIG 4g.20gb (0),1,,13,cupy_copy__complex64_complex64
4922287714,2016,326089,26,1,1,128,1,1,16,0.000,0.000,,,,,NVIDIA A100-SXM4-40GB MIG 4g.20gb (0),1,,13,cupy_copy__float32_float32
4922291458,3904,326098,103,1,1,128,1,1,16,0.000,0.000,,,,,NVIDIA A100-SXM4-40GB MIG 4g.20gb (0),1,,13,cupy_copy__complex64_complex64
4922298146,12160,326108,1434,1,1,128,1,1,16,0.000,0.000,,,,,NVIDIA A100-SXM4-40GB MIG 4g.20gb (0),1,,13,cupy_copy__complex64_complex64
4922314466,80735,326113,1,1,1,32,32,1,30,0.000,0.000,,,,,NVIDIA A100-SXM4-40GB MIG 4g.20gb (0),1,,13,"void convert_kernel<__half2, float2>(tensor_layout_any, T1 *, tensor_layout_any, const T2 *)"
4922422305,5760,326116,,,,,,,,,,0.094,16266.656,Pinned,Device,NVIDIA A100-SXM4-40GB MIG 4g.20gb (0),1,,13,[CUDA memcpy Host-to-Device]
4922432128,599545,326117,,,,,,,,,,456.561,761087.920,Device,,NVIDIA A100-SXM4-40GB MIG 4g.20gb (0),1,,13,[CUDA memset]
4923034329,73695,326122,,,,,,,,,,1.235,16756.955,Pinned,Device,NVIDIA A100-SXM4-40GB MIG 4g.20gb (0),1,,13,[CUDA memcpy Host-to-Device]
4923111256,11936,326123,,,,,,,,,,0.197,16471.818,Pinned,Device,NVIDIA A100-SXM4-40GB MIG 4g.20gb (0),1,,13,[CUDA memcpy Host-to-Device]
4923130328,8160,326124,69,4,1,48,1,1,76,0.002,0.000,,,,,NVIDIA A100-SXM4-40GB MIG 4g.20gb (0),1,,13,"void ch_est::windowedChEstPreNoDftSOfdmKernel<float, __half, float, (unsigned int)2, (unsigned int)1, (unsigned short)4>(ch_est::puschRxChEstStatDescr_t *, ch_est::puschRxChEstDynDescr_t *)"
4923143256,7232,326125,137,2,1,24,2,1,44,0.001,0.001,,,,,NVIDIA A100-SXM4-40GB MIG 4g.20gb (0),1,,13,"void ch_est::chEstFilterNoDftSOfdmDispatchKernel<float, __half, float, (unsigned int)2>(ch_est::puschRxChEstStatDescr_t *, ch_est::puschRxChEstDynDescr_t *)"
4923152216,4800,326126,137,2,1,24,2,1,44,0.001,0.001,,,,,NVIDIA A100-SXM4-40GB MIG 4g.20gb (0),1,,13,"void ch_est::chEstFilterNoDftSOfdmDispatchKernel<float, __half, float, (unsigned int)2>(ch_est::puschRxChEstStatDescr_t *, ch_est::puschRxChEstDynDescr_t *)"
4923158968,2431,326137,103,1,1,128,1,1,16,0.000,0.000,,,,,NVIDIA A100-SXM4-40GB MIG 4g.20gb (0),1,,13,cupy_copy__complex64_complex64
4923165975,12480,326147,1434,1,1,128,1,1,16,0.000,0.000,,,,,NVIDIA A100-SXM4-40GB MIG 4g.20gb (0),1,,13,cupy_copy__complex64_complex64
4923180343,3136,326154,103,1,1,128,1,1,16,0.000,0.000,,,,,NVIDIA A100-SXM4-40GB MIG 4g.20gb (0),1,,13,cupy_copy__complex64_complex64
4923188631,82911,326161,1,1,1,32,32,1,30,0.000,0.000,,,,,NVIDIA A100-SXM4-40GB MIG 4g.20gb (0),1,,13,"void convert_kernel<__half2, float2>(tensor_layout_any, T1 *, tensor_layout_any, const T2 *)"
4923299414,5792,326164,,,,,,,,,,0.094,16176.708,Pinned,Device,NVIDIA A100-SXM4-40GB MIG 4g.20gb (0),1,,13,[CUDA memcpy Host-to-Device]
4923311638,47615,326165,,,,,,,,,,35.810,752044.130,Device,,NVIDIA A100-SXM4-40GB MIG 4g.20gb (0),1,,13,[CUDA memset]
4923365621,4192,326167,,,,,,,,,,0.000,19.084,Pinned,Device,NVIDIA A100-SXM4-40GB MIG 4g.20gb (0),1,,13,[CUDA memcpy Host-to-Device]
4923373237,12640,326168,,,,,,,,,,0.197,15554.249,Pinned,Device,NVIDIA A100-SXM4-40GB MIG 4g.20gb (0),1,,13,[CUDA memcpy Host-to-Device]
4923395509,10303,326169,273,1,1,48,1,1,40,0.000,0.001,,,,,NVIDIA A100-SXM4-40GB MIG 4g.20gb (0),1,,13,"void pusch_noise_intf_est::noiseIntfEstNoDftSOfdmKernel<float, __half, float, float, (unsigned int)2, (unsigned int)1, (unsigned char)4, (unsigned char)4>(pusch_noise_intf_est::puschRxNoiseIntfEstDynDescr)"
4923412308,3328,326180,35,1,1,128,1,1,16,0.000,0.000,,,,,NVIDIA A100-SXM4-40GB MIG 4g.20gb (0),1,,13,cupy_copy__complex64_complex64
4923423060,2016,326189,1,1,1,1,1,1,18,0.000,0.000,,,,,NVIDIA A100-SXM4-40GB MIG 4g.20gb (0),1,,13,cupy_copy__float32_float32
4923452084,2496,326195,,,,,,,,,,0.000,1.603,Device,Pageable,NVIDIA A100-SXM4-40GB MIG 4g.20gb (0),1,,7,[CUDA memcpy Device-to-Host]
4923513139,12960,326206,1434,1,1,128,1,1,16,0.000,0.000,,,,,NVIDIA A100-SXM4-40GB MIG 4g.20gb (0),1,,13,cupy_copy__complex64_complex64
4923539763,2752,326213,103,1,1,128,1,1,16,0.000,0.000,,,,,NVIDIA A100-SXM4-40GB MIG 4g.20gb (0),1,,13,cupy_copy__complex64_complex64
4923560627,2784,326220,35,1,1,128,1,1,16,0.000,0.000,,,,,NVIDIA A100-SXM4-40GB MIG 4g.20gb (0),1,,13,cupy_copy__complex64_complex64
4923579314,1792,326227,1,1,1,1,1,1,18,0.000,0.000,,,,,NVIDIA A100-SXM4-40GB MIG 4g.20gb (0),1,,13,cupy_copy__float32_float32
4923711217,83071,326238,1,1,1,32,32,1,30,0.000,0.000,,,,,NVIDIA A100-SXM4-40GB MIG 4g.20gb (0),1,,13,"void convert_kernel<__half2, float2>(tensor_layout_any, T1 *, tensor_layout_any, const T2 *)"
4923821231,5600,326241,,,,,,,,,,0.094,16731.388,Pinned,Device,NVIDIA A100-SXM4-40GB MIG 4g.20gb (0),1,,13,[CUDA memcpy Host-to-Device]
4923836111,3424,326242,,,,,,,,,,1.547,451700.819,Device,,NVIDIA A100-SXM4-40GB MIG 4g.20gb (0),1,,13,[CUDA memset]
4923842191,3648,326247,,,,,,,,,,0.031,8578.922,Pinned,Device,NVIDIA A100-SXM4-40GB MIG 4g.20gb (0),1,,13,[CUDA memcpy Host-to-Device]
4923848271,9504,326248,,,,,,,,,,0.197,20686.701,Pinned,Device,NVIDIA A100-SXM4-40GB MIG 4g.20gb (0),1,,13,[CUDA memcpy Host-to-Device]
4923862255,6272,326249,273,1,1,8,4,1,39,0.002,0.000,,,,,NVIDIA A100-SXM4-40GB MIG 4g.20gb (0),1,,13,"void channel_eq::eqMmseCoefCompLowMimoKernel<float, float, float, (unsigned int)4, (unsigned int)1, (unsigned int)4>(const channel_eq::_puschRxChEqStatDescr *, channel_eq::_puschRxChEqCoefCompDynDescr)"
4923871023,5376,326250,273,1,1,12,11,1,51,0.002,0.000,,,,,NVIDIA A100-SXM4-40GB MIG 4g.20gb (0),1,,13,"void channel_eq::eqMmseSoftDemapKernel<float, __half, __half, float, (unsigned int)4, (unsigned short)16383>(channel_eq::_puschRxChEqStatDescr *, channel_eq::_puschRxChEqSoftDemapDynDescr)"
4923878639,282652,326251,1,1,1,32,32,1,30,0.000,0.000,,,,,NVIDIA A100-SXM4-40GB MIG 4g.20gb (0),1,,13,"void convert_kernel<float2, __half2>(tensor_layout_any, T1 *, tensor_layout_any, const T2 *)"
4924164107,11040,326263,2253,1,1,128,1,1,16,0.000,0.000,,,,,NVIDIA A100-SXM4-40GB MIG 4g.20gb (0),1,,13,cupy_copy__float16_float16
4924177131,2880,326272,282,1,1,128,1,1,16,0.000,0.000,,,,,NVIDIA A100-SXM4-40GB MIG 4g.20gb (0),1,,13,cupy_copy__complex64_complex64
4924181675,2176,326281,26,1,1,128,1,1,16,0.000,0.000,,,,,NVIDIA A100-SXM4-40GB MIG 4g.20gb (0),1,,13,cupy_copy__float32_float32
4924186635,4576,326290,103,1,1,128,1,1,16,0.000,0.000,,,,,NVIDIA A100-SXM4-40GB MIG 4g.20gb (0),1,,13,cupy_copy__complex64_complex64
4924194187,12064,326300,1434,1,1,128,1,1,16,0.000,0.000,,,,,NVIDIA A100-SXM4-40GB MIG 4g.20gb (0),1,,13,cupy_copy__complex64_complex64
4924212683,82015,326305,1,1,1,32,32,1,30,0.000,0.000,,,,,NVIDIA A100-SXM4-40GB MIG 4g.20gb (0),1,,13,"void convert_kernel<__half2, float2>(tensor_layout_any, T1 *, tensor_layout_any, const T2 *)"
4924321513,5408,326308,,,,,,,,,,0.094,17325.421,Pinned,Device,NVIDIA A100-SXM4-40GB MIG 4g.20gb (0),1,,13,[CUDA memcpy Host-to-Device]
4924332617,595897,326309,,,,,,,,,,456.561,766110.096,Device,,NVIDIA A100-SXM4-40GB MIG 4g.20gb (0),1,,13,[CUDA memset]
4924936706,155390,326314,,,,,,,,,,1.235,7946.865,Pinned,Device,NVIDIA A100-SXM4-40GB MIG 4g.20gb (0),1,,13,[CUDA memcpy Host-to-Device]
4925107200,39519,326315,,,,,,,,,,0.197,4974.969,Pinned,Device,NVIDIA A100-SXM4-40GB MIG 4g.20gb (0),1,,13,[CUDA memcpy Host-to-Device]
4925170239,8128,326316,69,4,1,48,1,1,76,0.002,0.000,,,,,NVIDIA A100-SXM4-40GB MIG 4g.20gb (0),1,,13,"void ch_est::windowedChEstPreNoDftSOfdmKernel<float, __half, float, (unsigned int)2, (unsigned int)1, (unsigned short)4>(ch_est::puschRxChEstStatDescr_t *, ch_est::puschRxChEstDynDescr_t *)"
4925187807,6399,326317,137,2,1,24,2,1,44,0.001,0.001,,,,,NVIDIA A100-SXM4-40GB MIG 4g.20gb (0),1,,13,"void ch_est::chEstFilterNoDftSOfdmDispatchKernel<float, __half, float, (unsigned int)2>(ch_est::puschRxChEstStatDescr_t *, ch_est::puschRxChEstDynDescr_t *)"
4925203998,4896,326318,137,2,1,24,2,1,44,0.001,0.001,,,,,NVIDIA A100-SXM4-40GB MIG 4g.20gb (0),1,,13,"void ch_est::chEstFilterNoDftSOfdmDispatchKernel<float, __half, float, (unsigned int)2>(ch_est::puschRxChEstStatDescr_t *, ch_est::puschRxChEstDynDescr_t *)"
4925218046,2624,326329,103,1,1,128,1,1,16,0.000,0.000,,,,,NVIDIA A100-SXM4-40GB MIG 4g.20gb (0),1,,13,cupy_copy__complex64_complex64
4925231230,12416,326339,1434,1,1,128,1,1,16,0.000,0.000,,,,,NVIDIA A100-SXM4-40GB MIG 4g.20gb (0),1,,13,cupy_copy__complex64_complex64
4925260862,2528,326346,103,1,1,128,1,1,16,0.000,0.000,,,,,NVIDIA A100-SXM4-40GB MIG 4g.20gb (0),1,,13,cupy_copy__complex64_complex64
4925270366,84638,326353,1,1,1,32,32,1,30,0.000,0.000,,,,,NVIDIA A100-SXM4-40GB MIG 4g.20gb (0),1,,13,"void convert_kernel<__half2, float2>(tensor_layout_any, T1 *, tensor_layout_any, const T2 *)"
4925382716,6144,326356,,,,,,,,,,0.094,15249.961,Pinned,Device,NVIDIA A100-SXM4-40GB MIG 4g.20gb (0),1,,13,[CUDA memcpy Host-to-Device]
4925397116,47103,326357,,,,,,,,,,35.810,760244.602,Device,,NVIDIA A100-SXM4-40GB MIG 4g.20gb (0),1,,13,[CUDA memset]
4925450267,4480,326359,,,,,,,,,,0.000,17.857,Pinned,Device,NVIDIA A100-SXM4-40GB MIG 4g.20gb (0),1,,13,[CUDA memcpy Host-to-Device]
4925459483,12448,326360,,,,,,,,,,0.197,15794.307,Pinned,Device,NVIDIA A100-SXM4-40GB MIG 4g.20gb (0),1,,13,[CUDA memcpy Host-to-Device]
4925480251,9856,326361,273,1,1,48,1,1,40,0.000,0.001,,,,,NVIDIA A100-SXM4-40GB MIG 4g.20gb (0),1,,13,"void pusch_noise_intf_est::noiseIntfEstNoDftSOfdmKernel<float, __half, float, float, (unsigned int)2, (unsigned int)1, (unsigned char)4, (unsigned char)4>(pusch_noise_intf_est::puschRxNoiseIntfEstDynDescr)"
4925492891,2912,326372,35,1,1,128,1,1,16,0.000,0.000,,,,,NVIDIA A100-SXM4-40GB MIG 4g.20gb (0),1,,13,cupy_copy__complex64_complex64
4925504091,1792,326381,1,1,1,1,1,1,18,0.000,0.000,,,,,NVIDIA A100-SXM4-40GB MIG 4g.20gb (0),1,,13,cupy_copy__float32_float32
4925533850,1856,326387,,,,,,,,,,0.000,2.155,Device,Pageable,NVIDIA A100-SXM4-40GB MIG 4g.20gb (0),1,,7,[CUDA memcpy Device-to-Host]
4925594170,12799,326398,1434,1,1,128,1,1,16,0.000,0.000,,,,,NVIDIA A100-SXM4-40GB MIG 4g.20gb (0),1,,13,cupy_copy__complex64_complex64
4925621913,3328,326405,103,1,1,128,1,1,16,0.000,0.000,,,,,NVIDIA A100-SXM4-40GB MIG 4g.20gb (0),1,,13,cupy_copy__complex64_complex64
4925641561,2208,326412,35,1,1,128,1,1,16,0.000,0.000,,,,,NVIDIA A100-SXM4-40GB MIG 4g.20gb (0),1,,13,cupy_copy__complex64_complex64
4925660889,1792,326419,1,1,1,1,1,1,18,0.000,0.000,,,,,NVIDIA A100-SXM4-40GB MIG 4g.20gb (0),1,,13,cupy_copy__float32_float32
4925791351,81407,326430,1,1,1,32,32,1,30,0.000,0.000,,,,,NVIDIA A100-SXM4-40GB MIG 4g.20gb (0),1,,13,"void convert_kernel<__half2, float2>(tensor_layout_any, T1 *, tensor_layout_any, const T2 *)"
4925900182,5376,326433,,,,,,,,,,0.094,17428.487,Pinned,Device,NVIDIA A100-SXM4-40GB MIG 4g.20gb (0),1,,13,[CUDA memcpy Host-to-Device]
4925915670,3264,326434,,,,,,,,,,1.547,473842.288,Device,,NVIDIA A100-SXM4-40GB MIG 4g.20gb (0),1,,13,[CUDA memset]
4925922357,3008,326439,,,,,,,,,,0.031,10404.230,Pinned,Device,NVIDIA A100-SXM4-40GB MIG 4g.20gb (0),1,,13,[CUDA memcpy Host-to-Device]
4925928053,10016,326440,,,,,,,,,,0.197,19629.343,Pinned,Device,NVIDIA A100-SXM4-40GB MIG 4g.20gb (0),1,,13,[CUDA memcpy Host-to-Device]
4925943349,6688,326441,273,1,1,8,4,1,39,0.002,0.000,,,,,NVIDIA A100-SXM4-40GB MIG 4g.20gb (0),1,,13,"void channel_eq::eqMmseCoefCompLowMimoKernel<float, float, float, (unsigned int)4, (unsigned int)1, (unsigned int)4>(const channel_eq::_puschRxChEqStatDescr *, channel_eq::_puschRxChEqCoefCompDynDescr)"
4925953045,5728,326442,273,1,1,12,11,1,51,0.002,0.000,,,,,NVIDIA A100-SXM4-40GB MIG 4g.20gb (0),1,,13,"void channel_eq::eqMmseSoftDemapKernel<float, __half, __half, float, (unsigned int)4, (unsigned short)16383>(channel_eq::_puschRxChEqStatDescr *, channel_eq::_puschRxChEqSoftDemapDynDescr)"
4925960501,290204,326443,1,1,1,32,32,1,30,0.000,0.000,,,,,NVIDIA A100-SXM4-40GB MIG 4g.20gb (0),1,,13,"void convert_kernel<float2, __half2>(tensor_layout_any, T1 *, tensor_layout_any, const T2 *)"
4926252177,11360,326455,2253,1,1,128,1,1,16,0.000,0.000,,,,,NVIDIA A100-SXM4-40GB MIG 4g.20gb (0),1,,13,cupy_copy__float16_float16
4926266417,3840,326464,282,1,1,128,1,1,16,0.000,0.000,,,,,NVIDIA A100-SXM4-40GB MIG 4g.20gb (0),1,,13,cupy_copy__complex64_complex64
4926271793,2208,326473,26,1,1,128,1,1,16,0.000,0.000,,,,,NVIDIA A100-SXM4-40GB MIG 4g.20gb (0),1,,13,cupy_copy__float32_float32
4926276433,4768,326482,103,1,1,128,1,1,16,0.000,0.000,,,,,NVIDIA A100-SXM4-40GB MIG 4g.20gb (0),1,,13,cupy_copy__complex64_complex64
4926282193,11904,326492,1434,1,1,128,1,1,16,0.000,0.000,,,,,NVIDIA A100-SXM4-40GB MIG 4g.20gb (0),1,,13,cupy_copy__complex64_complex64
4926296049,81471,326497,1,1,1,32,32,1,30,0.000,0.000,,,,,NVIDIA A100-SXM4-40GB MIG 4g.20gb (0),1,,13,"void convert_kernel<__half2, float2>(tensor_layout_any, T1 *, tensor_layout_any, const T2 *)"
4926404496,5727,326500,,,,,,,,,,0.094,16360.352,Pinned,Device,NVIDIA A100-SXM4-40GB MIG 4g.20gb (0),1,,13,[CUDA memcpy Host-to-Device]
4926414319,597049,326501,,,,,,,,,,456.561,764283.851,Device,,NVIDIA A100-SXM4-40GB MIG 4g.20gb (0),1,,13,[CUDA memset]
4927016200,146686,326506,,,,,,,,,,1.235,8418.613,Pinned,Device,NVIDIA A100-SXM4-40GB MIG 4g.20gb (0),1,,13,[CUDA memcpy Host-to-Device]
4927176294,41216,326507,,,,,,,,,,0.197,4770.103,Pinned,Device,NVIDIA A100-SXM4-40GB MIG 4g.20gb (0),1,,13,[CUDA memcpy Host-to-Device]
4927246117,8256,326508,69,4,1,48,1,1,76,0.002,0.000,,,,,NVIDIA A100-SXM4-40GB MIG 4g.20gb (0),1,,13,"void ch_est::windowedChEstPreNoDftSOfdmKernel<float, __half, float, (unsigned int)2, (unsigned int)1, (unsigned short)4>(ch_est::puschRxChEstStatDescr_t *, ch_est::puschRxChEstDynDescr_t *)"
4927263717,6848,326509,137,2,1,24,2,1,44,0.001,0.001,,,,,NVIDIA A100-SXM4-40GB MIG 4g.20gb (0),1,,13,"void ch_est::chEstFilterNoDftSOfdmDispatchKernel<float, __half, float, (unsigned int)2>(ch_est::puschRxChEstStatDescr_t *, ch_est::puschRxChEstDynDescr_t *)"
4927283109,4768,326510,137,2,1,24,2,1,44,0.001,0.001,,,,,NVIDIA A100-SXM4-40GB MIG 4g.20gb (0),1,,13,"void ch_est::chEstFilterNoDftSOfdmDispatchKernel<float, __half, float, (unsigned int)2>(ch_est::puschRxChEstStatDescr_t *, ch_est::puschRxChEstDynDescr_t *)"
4927299812,2656,326521,103,1,1,128,1,1,16,0.000,0.000,,,,,NVIDIA A100-SXM4-40GB MIG 4g.20gb (0),1,,13,cupy_copy__complex64_complex64
4927317124,12352,326531,1434,1,1,128,1,1,16,0.000,0.000,,,,,NVIDIA A100-SXM4-40GB MIG 4g.20gb (0),1,,13,cupy_copy__complex64_complex64
4927335876,2912,326538,103,1,1,128,1,1,16,0.000,0.000,,,,,NVIDIA A100-SXM4-40GB MIG 4g.20gb (0),1,,13,cupy_copy__complex64_complex64
4927355780,85663,326545,1,1,1,32,32,1,30,0.000,0.000,,,,,NVIDIA A100-SXM4-40GB MIG 4g.20gb (0),1,,13,"void convert_kernel<__half2, float2>(tensor_layout_any, T1 *, tensor_layout_any, const T2 *)"
4927474722,22304,326548,,,,,,,,,,0.094,4200.860,Pinned,Device,NVIDIA A100-SXM4-40GB MIG 4g.20gb (0),1,,13,[CUDA memcpy Host-to-Device]
4927506114,46655,326549,,,,,,,,,,35.810,767514.015,Device,,NVIDIA A100-SXM4-40GB MIG 4g.20gb (0),1,,13,[CUDA memset]
4927557441,8704,326551,,,,,,,,,,0.000,9.191,Pinned,Device,NVIDIA A100-SXM4-40GB MIG 4g.20gb (0),1,,13,[CUDA memcpy Host-to-Device]
4927571873,23072,326552,,,,,,,,,,0.197,8521.384,Pinned,Device,NVIDIA A100-SXM4-40GB MIG 4g.20gb (0),1,,13,[CUDA memcpy Host-to-Device]
4927609473,9536,326553,273,1,1,48,1,1,40,0.000,0.001,,,,,NVIDIA A100-SXM4-40GB MIG 4g.20gb (0),1,,13,"void pusch_noise_intf_est::noiseIntfEstNoDftSOfdmKernel<float, __half, float, float, (unsigned int)2, (unsigned int)1, (unsigned char)4, (unsigned char)4>(pusch_noise_intf_est::puschRxNoiseIntfEstDynDescr)"
4927625888,2944,326564,35,1,1,128,1,1,16,0.000,0.000,,,,,NVIDIA A100-SXM4-40GB MIG 4g.20gb (0),1,,13,cupy_copy__complex64_complex64
4927633696,2304,326573,1,1,1,1,1,1,18,0.000,0.000,,,,,NVIDIA A100-SXM4-40GB MIG 4g.20gb (0),1,,13,cupy_copy__float32_float32
4927641792,4192,326579,,,,,,,,,,0.000,0.954,Device,Pageable,NVIDIA A100-SXM4-40GB MIG 4g.20gb (0),1,,7,[CUDA memcpy Device-to-Host]
4927712255,12864,326590,1434,1,1,128,1,1,16,0.000,0.000,,,,,NVIDIA A100-SXM4-40GB MIG 4g.20gb (0),1,,13,cupy_copy__complex64_complex64
4927736959,3616,326597,103,1,1,128,1,1,16,0.000,0.000,,,,,NVIDIA A100-SXM4-40GB MIG 4g.20gb (0),1,,13,cupy_copy__complex64_complex64
4927757823,2560,326604,35,1,1,128,1,1,16,0.000,0.000,,,,,NVIDIA A100-SXM4-40GB MIG 4g.20gb (0),1,,13,cupy_copy__complex64_complex64
4927777471,2016,326611,1,1,1,1,1,1,18,0.000,0.000,,,,,NVIDIA A100-SXM4-40GB MIG 4g.20gb (0),1,,13,cupy_copy__float32_float32
4927910173,86815,326622,1,1,1,32,32,1,30,0.000,0.000,,,,,NVIDIA A100-SXM4-40GB MIG 4g.20gb (0),1,,13,"void convert_kernel<__half2, float2>(tensor_layout_any, T1 *, tensor_layout_any, const T2 *)"
4928024124,5696,326625,,,,,,,,,,0.094,16449.363,Pinned,Device,NVIDIA A100-SXM4-40GB MIG 4g.20gb (0),1,,13,[CUDA memcpy Host-to-Device]
4928037883,3200,326626,,,,,,,,,,1.547,483320.000,Device,,NVIDIA A100-SXM4-40GB MIG 4g.20gb (0),1,,13,[CUDA memset]
4928047003,3200,326631,,,,,,,,,,0.031,9780.000,Pinned,Device,NVIDIA A100-SXM4-40GB MIG 4g.20gb (0),1,,13,[CUDA memcpy Host-to-Device]
4928053019,9536,326632,,,,,,,,,,0.197,20617.298,Pinned,Device,NVIDIA A100-SXM4-40GB MIG 4g.20gb (0),1,,13,[CUDA memcpy Host-to-Device]
4928067515,6560,326633,273,1,1,8,4,1,39,0.002,0.000,,,,,NVIDIA A100-SXM4-40GB MIG 4g.20gb (0),1,,13,"void channel_eq::eqMmseCoefCompLowMimoKernel<float, float, float, (unsigned int)4, (unsigned int)1, (unsigned int)4>(const channel_eq::_puschRxChEqStatDescr *, channel_eq::_puschRxChEqCoefCompDynDescr)"
4928075195,6272,326634,273,1,1,12,11,1,51,0.002,0.000,,,,,NVIDIA A100-SXM4-40GB MIG 4g.20gb (0),1,,13,"void channel_eq::eqMmseSoftDemapKernel<float, __half, __half, float, (unsigned int)4, (unsigned short)16383>(channel_eq::_puschRxChEqStatDescr *, channel_eq::_puschRxChEqSoftDemapDynDescr)"
4928082459,282364,326635,1,1,1,32,32,1,30,0.000,0.000,,,,,NVIDIA A100-SXM4-40GB MIG 4g.20gb (0),1,,13,"void convert_kernel<float2, __half2>(tensor_layout_any, T1 *, tensor_layout_any, const T2 *)"
4928366423,10944,326647,2253,1,1,128,1,1,16,0.000,0.000,,,,,NVIDIA A100-SXM4-40GB MIG 4g.20gb (0),1,,13,cupy_copy__float16_float16
4928379287,3776,326656,282,1,1,128,1,1,16,0.000,0.000,,,,,NVIDIA A100-SXM4-40GB MIG 4g.20gb (0),1,,13,cupy_copy__complex64_complex64
4928386007,2176,326665,26,1,1,128,1,1,16,0.000,0.000,,,,,NVIDIA A100-SXM4-40GB MIG 4g.20gb (0),1,,13,cupy_copy__float32_float32
4928392055,2976,326674,103,1,1,128,1,1,16,0.000,0.000,,,,,NVIDIA A100-SXM4-40GB MIG 4g.20gb (0),1,,13,cupy_copy__complex64_complex64
4928397271,12128,326684,1434,1,1,128,1,1,16,0.000,0.000,,,,,NVIDIA A100-SXM4-40GB MIG 4g.20gb (0),1,,13,cupy_copy__complex64_complex64
4928416535,87711,326689,1,1,1,32,32,1,30,0.000,0.000,,,,,NVIDIA A100-SXM4-40GB MIG 4g.20gb (0),1,,13,"void convert_kernel<__half2, float2>(tensor_layout_any, T1 *, tensor_layout_any, const T2 *)"
4928530933,5536,326692,,,,,,,,,,0.094,16924.777,Pinned,Device,NVIDIA A100-SXM4-40GB MIG 4g.20gb (0),1,,13,[CUDA memcpy Host-to-Device]
4928540213,602713,326693,,,,,,,,,,456.561,757435.429,Device,,NVIDIA A100-SXM4-40GB MIG 4g.20gb (0),1,,13,[CUDA memset]
4929146222,151582,326698,,,,,,,,,,1.235,8146.926,Pinned,Device,NVIDIA A100-SXM4-40GB MIG 4g.20gb (0),1,,13,[CUDA memcpy Host-to-Device]
4929309804,40095,326699,,,,,,,,,,0.197,4903.404,Pinned,Device,NVIDIA A100-SXM4-40GB MIG 4g.20gb (0),1,,13,[CUDA memcpy Host-to-Device]
4929384075,8320,326700,69,4,1,48,1,1,76,0.002,0.000,,,,,NVIDIA A100-SXM4-40GB MIG 4g.20gb (0),1,,13,"void ch_est::windowedChEstPreNoDftSOfdmKernel<float, __half, float, (unsigned int)2, (unsigned int)1, (unsigned short)4>(ch_est::puschRxChEstStatDescr_t *, ch_est::puschRxChEstDynDescr_t *)"
4929403307,6879,326701,137,2,1,24,2,1,44,0.001,0.001,,,,,NVIDIA A100-SXM4-40GB MIG 4g.20gb (0),1,,13,"void ch_est::chEstFilterNoDftSOfdmDispatchKernel<float, __half, float, (unsigned int)2>(ch_est::puschRxChEstStatDescr_t *, ch_est::puschRxChEstDynDescr_t *)"
4929420202,4704,326702,137,2,1,24,2,1,44,0.001,0.001,,,,,NVIDIA A100-SXM4-40GB MIG 4g.20gb (0),1,,13,"void ch_est::chEstFilterNoDftSOfdmDispatchKernel<float, __half, float, (unsigned int)2>(ch_est::puschRxChEstStatDescr_t *, ch_est::puschRxChEstDynDescr_t *)"
4929440010,2624,326713,103,1,1,128,1,1,16,0.000,0.000,,,,,NVIDIA A100-SXM4-40GB MIG 4g.20gb (0),1,,13,cupy_copy__complex64_complex64
4929456650,12448,326723,1434,1,1,128,1,1,16,0.000,0.000,,,,,NVIDIA A100-SXM4-40GB MIG 4g.20gb (0),1,,13,cupy_copy__complex64_complex64
4929476874,2944,326730,103,1,1,128,1,1,16,0.000,0.000,,,,,NVIDIA A100-SXM4-40GB MIG 4g.20gb (0),1,,13,cupy_copy__complex64_complex64
4929497225,87231,326737,1,1,1,32,32,1,30,0.000,0.000,,,,,NVIDIA A100-SXM4-40GB MIG 4g.20gb (0),1,,13,"void convert_kernel<__half2, float2>(tensor_layout_any, T1 *, tensor_layout_any, const T2 *)"
4929615688,24992,326740,,,,,,,,,,0.094,3748.964,Pinned,Device,NVIDIA A100-SXM4-40GB MIG 4g.20gb (0),1,,13,[CUDA memcpy Host-to-Device]
4929668263,46592,326741,,,,,,,,,,35.810,768552.503,Device,,NVIDIA A100-SXM4-40GB MIG 4g.20gb (0),1,,13,[CUDA memset]
4929718055,15104,326743,,,,,,,,,,0.000,5.297,Pinned,Device,NVIDIA A100-SXM4-40GB MIG 4g.20gb (0),1,,13,[CUDA memcpy Host-to-Device]
4929740166,24448,326744,,,,,,,,,,0.197,8041.857,Pinned,Device,NVIDIA A100-SXM4-40GB MIG 4g.20gb (0),1,,13,[CUDA memcpy Host-to-Device]
4929786246,9952,326745,273,1,1,48,1,1,40,0.000,0.001,,,,,NVIDIA A100-SXM4-40GB MIG 4g.20gb (0),1,,13,"void pusch_noise_intf_est::noiseIntfEstNoDftSOfdmKernel<float, __half, float, float, (unsigned int)2, (unsigned int)1, (unsigned char)4, (unsigned char)4>(pusch_noise_intf_est::puschRxNoiseIntfEstDynDescr)"
4929802630,2784,326756,35,1,1,128,1,1,16,0.000,0.000,,,,,NVIDIA A100-SXM4-40GB MIG 4g.20gb (0),1,,13,cupy_copy__complex64_complex64
4929819589,1728,326765,1,1,1,1,1,1,18,0.000,0.000,,,,,NVIDIA A100-SXM4-40GB MIG 4g.20gb (0),1,,13,cupy_copy__float32_float32
4929823205,7584,326771,,,,,,,,,,0.000,0.527,Device,Pageable,NVIDIA A100-SXM4-40GB MIG 4g.20gb (0),1,,7,[CUDA memcpy Device-to-Host]
4929924068,12896,326782,1434,1,1,128,1,1,16,0.000,0.000,,,,,NVIDIA A100-SXM4-40GB MIG 4g.20gb (0),1,,13,cupy_copy__complex64_complex64
4929947684,3264,326789,103,1,1,128,1,1,16,0.000,0.000,,,,,NVIDIA A100-SXM4-40GB MIG 4g.20gb (0),1,,13,cupy_copy__complex64_complex64
4929967972,2784,326796,35,1,1,128,1,1,16,0.000,0.000,,,,,NVIDIA A100-SXM4-40GB MIG 4g.20gb (0),1,,13,cupy_copy__complex64_complex64
4929984451,1792,326803,1,1,1,1,1,1,18,0.000,0.000,,,,,NVIDIA A100-SXM4-40GB MIG 4g.20gb (0),1,,13,cupy_copy__float32_float32
4930110114,87231,326814,1,1,1,32,32,1,30,0.000,0.000,,,,,NVIDIA A100-SXM4-40GB MIG 4g.20gb (0),1,,13,"void convert_kernel<__half2, float2>(tensor_layout_any, T1 *, tensor_layout_any, const T2 *)"
4930226848,9216,326817,,,,,,,,,,0.094,10166.578,Pinned,Device,NVIDIA A100-SXM4-40GB MIG 4g.20gb (0),1,,13,[CUDA memcpy Host-to-Device]
4930245792,3360,326818,,,,,,,,,,1.547,460304.688,Device,,NVIDIA A100-SXM4-40GB MIG 4g.20gb (0),1,,13,[CUDA memset]
4930249984,3776,326823,,,,,,,,,,0.031,8288.120,Pinned,Device,NVIDIA A100-SXM4-40GB MIG 4g.20gb (0),1,,13,[CUDA memcpy Host-to-Device]
4930257280,10464,326824,,,,,,,,,,0.197,18788.844,Pinned,Device,NVIDIA A100-SXM4-40GB MIG 4g.20gb (0),1,,13,[CUDA memcpy Host-to-Device]
4930272928,7488,326825,273,1,1,8,4,1,39,0.002,0.000,,,,,NVIDIA A100-SXM4-40GB MIG 4g.20gb (0),1,,13,"void channel_eq::eqMmseCoefCompLowMimoKernel<float, float, float, (unsigned int)4, (unsigned int)1, (unsigned int)4>(const channel_eq::_puschRxChEqStatDescr *, channel_eq::_puschRxChEqCoefCompDynDescr)"
4930282624,6144,326826,273,1,1,12,11,1,51,0.002,0.000,,,,,NVIDIA A100-SXM4-40GB MIG 4g.20gb (0),1,,13,"void channel_eq::eqMmseSoftDemapKernel<float, __half, __half, float, (unsigned int)4, (unsigned short)16383>(channel_eq::_puschRxChEqStatDescr *, channel_eq::_puschRxChEqSoftDemapDynDescr)"
4930291008,281884,326827,1,1,1,32,32,1,30,0.000,0.000,,,,,NVIDIA A100-SXM4-40GB MIG 4g.20gb (0),1,,13,"void convert_kernel<float2, __half2>(tensor_layout_any, T1 *, tensor_layout_any, const T2 *)"
4930575612,10848,326839,2253,1,1,128,1,1,16,0.000,0.000,,,,,NVIDIA A100-SXM4-40GB MIG 4g.20gb (0),1,,13,cupy_copy__float16_float16
4930590780,2688,326848,282,1,1,128,1,1,16,0.000,0.000,,,,,NVIDIA A100-SXM4-40GB MIG 4g.20gb (0),1,,13,cupy_copy__complex64_complex64
4930595804,2272,326857,26,1,1,128,1,1,16,0.000,0.000,,,,,NVIDIA A100-SXM4-40GB MIG 4g.20gb (0),1,,13,cupy_copy__float32_float32
4930599036,2912,326866,103,1,1,128,1,1,16,0.000,0.000,,,,,NVIDIA A100-SXM4-40GB MIG 4g.20gb (0),1,,13,cupy_copy__complex64_complex64
4930605660,11872,326876,1434,1,1,128,1,1,16,0.000,0.000,,,,,NVIDIA A100-SXM4-40GB MIG 4g.20gb (0),1,,13,cupy_copy__complex64_complex64
4930620796,85759,326881,1,1,1,32,32,1,30,0.000,0.000,,,,,NVIDIA A100-SXM4-40GB MIG 4g.20gb (0),1,,13,"void convert_kernel<__half2, float2>(tensor_layout_any, T1 *, tensor_layout_any, const T2 *)"
4930733754,5344,326884,,,,,,,,,,0.094,17532.864,Pinned,Device,NVIDIA A100-SXM4-40GB MIG 4g.20gb (0),1,,13,[CUDA memcpy Host-to-Device]
4930743930,597145,326885,,,,,,,,,,456.561,764283.851,Device,,NVIDIA A100-SXM4-40GB MIG 4g.20gb (0),1,,13,[CUDA memset]
4931342931,100958,326890,,,,,,,,,,1.235,12232.120,Pinned,Device,NVIDIA A100-SXM4-40GB MIG 4g.20gb (0),1,,13,[CUDA memcpy Host-to-Device]
4931449873,21216,326891,,,,,,,,,,0.197,9266.921,Pinned,Device,NVIDIA A100-SXM4-40GB MIG 4g.20gb (0),1,,13,[CUDA memcpy Host-to-Device]
4931480465,8224,326892,69,4,1,48,1,1,76,0.002,0.000,,,,,NVIDIA A100-SXM4-40GB MIG 4g.20gb (0),1,,13,"void ch_est::windowedChEstPreNoDftSOfdmKernel<float, __half, float, (unsigned int)2, (unsigned int)1, (unsigned short)4>(ch_est::puschRxChEstStatDescr_t *, ch_est::puschRxChEstDynDescr_t *)"
4931496753,6784,326893,137,2,1,24,2,1,44,0.001,0.001,,,,,NVIDIA A100-SXM4-40GB MIG 4g.20gb (0),1,,13,"void ch_est::chEstFilterNoDftSOfdmDispatchKernel<float, __half, float, (unsigned int)2>(ch_est::puschRxChEstStatDescr_t *, ch_est::puschRxChEstDynDescr_t *)"
4931511377,6400,326894,137,2,1,24,2,1,44,0.001,0.001,,,,,NVIDIA A100-SXM4-40GB MIG 4g.20gb (0),1,,13,"void ch_est::chEstFilterNoDftSOfdmDispatchKernel<float, __half, float, (unsigned int)2>(ch_est::puschRxChEstStatDescr_t *, ch_est::puschRxChEstDynDescr_t *)"
4931519025,2623,326905,103,1,1,128,1,1,16,0.000,0.000,,,,,NVIDIA A100-SXM4-40GB MIG 4g.20gb (0),1,,13,cupy_copy__complex64_complex64
4931527760,12704,326915,1434,1,1,128,1,1,16,0.000,0.000,,,,,NVIDIA A100-SXM4-40GB MIG 4g.20gb (0),1,,13,cupy_copy__complex64_complex64
4931543472,2528,326922,103,1,1,128,1,1,16,0.000,0.000,,,,,NVIDIA A100-SXM4-40GB MIG 4g.20gb (0),1,,13,cupy_copy__complex64_complex64
4931553040,80767,326929,1,1,1,32,32,1,30,0.000,0.000,,,,,NVIDIA A100-SXM4-40GB MIG 4g.20gb (0),1,,13,"void convert_kernel<__half2, float2>(tensor_layout_any, T1 *, tensor_layout_any, const T2 *)"
4931660847,5568,326932,,,,,,,,,,0.094,16827.521,Pinned,Device,NVIDIA A100-SXM4-40GB MIG 4g.20gb (0),1,,13,[CUDA memcpy Host-to-Device]
4931674191,46463,326933,,,,,,,,,,35.810,770701.098,Device,,NVIDIA A100-SXM4-40GB MIG 4g.20gb (0),1,,13,[CUDA memset]
4931726286,4320,326935,,,,,,,,,,0.000,18.518,Pinned,Device,NVIDIA A100-SXM4-40GB MIG 4g.20gb (0),1,,13,[CUDA memcpy Host-to-Device]
4931734254,13408,326936,,,,,,,,,,0.197,14663.418,Pinned,Device,NVIDIA A100-SXM4-40GB MIG 4g.20gb (0),1,,13,[CUDA memcpy Host-to-Device]
4931760398,9439,326937,273,1,1,48,1,1,40,0.000,0.001,,,,,NVIDIA A100-SXM4-40GB MIG 4g.20gb (0),1,,13,"void pusch_noise_intf_est::noiseIntfEstNoDftSOfdmKernel<float, __half, float, float, (unsigned int)2, (unsigned int)1, (unsigned char)4, (unsigned char)4>(pusch_noise_intf_est::puschRxNoiseIntfEstDynDescr)"
4931771885,2816,326948,35,1,1,128,1,1,16,0.000,0.000,,,,,NVIDIA A100-SXM4-40GB MIG 4g.20gb (0),1,,13,cupy_copy__complex64_complex64
4931781869,2080,326957,1,1,1,1,1,1,18,0.000,0.000,,,,,NVIDIA A100-SXM4-40GB MIG 4g.20gb (0),1,,13,cupy_copy__float32_float32
4931812173,2016,326963,,,,,,,,,,0.000,1.984,Device,Pageable,NVIDIA A100-SXM4-40GB MIG 4g.20gb (0),1,,7,[CUDA memcpy Device-to-Host]
4931871852,12640,326974,1434,1,1,128,1,1,16,0.000,0.000,,,,,NVIDIA A100-SXM4-40GB MIG 4g.20gb (0),1,,13,cupy_copy__complex64_complex64
4931897356,3040,326981,103,1,1,128,1,1,16,0.000,0.000,,,,,NVIDIA A100-SXM4-40GB MIG 4g.20gb (0),1,,13,cupy_copy__complex64_complex64
4931918796,2592,326988,35,1,1,128,1,1,16,0.000,0.000,,,,,NVIDIA A100-SXM4-40GB MIG 4g.20gb (0),1,,13,cupy_copy__complex64_complex64
4931936715,1856,326995,1,1,1,1,1,1,18,0.000,0.000,,,,,NVIDIA A100-SXM4-40GB MIG 4g.20gb (0),1,,13,cupy_copy__float32_float32
4932067498,82655,327006,1,1,1,32,32,1,30,0.000,0.000,,,,,NVIDIA A100-SXM4-40GB MIG 4g.20gb (0),1,,13,"void convert_kernel<__half2, float2>(tensor_layout_any, T1 *, tensor_layout_any, const T2 *)"
4932178312,5440,327009,,,,,,,,,,0.094,17223.480,Pinned,Device,NVIDIA A100-SXM4-40GB MIG 4g.20gb (0),1,,13,[CUDA memcpy Host-to-Device]
4932193192,3232,327010,,,,,,,,,,1.547,478533.199,Device,,NVIDIA A100-SXM4-40GB MIG 4g.20gb (0),1,,13,[CUDA memset]
4932199560,3040,327015,,,,,,,,,,0.031,10294.725,Pinned,Device,NVIDIA A100-SXM4-40GB MIG 4g.20gb (0),1,,13,[CUDA memcpy Host-to-Device]
4932205000,9888,327016,,,,,,,,,,0.197,19883.360,Pinned,Device,NVIDIA A100-SXM4-40GB MIG 4g.20gb (0),1,,13,[CUDA memcpy Host-to-Device]
4932220040,8512,327017,273,1,1,8,4,1,39,0.002,0.000,,,,,NVIDIA A100-SXM4-40GB MIG 4g.20gb (0),1,,13,"void channel_eq::eqMmseCoefCompLowMimoKernel<float, float, float, (unsigned int)4, (unsigned int)1, (unsigned int)4>(const channel_eq::_puschRxChEqStatDescr *, channel_eq::_puschRxChEqCoefCompDynDescr)"
4932232200,5984,327018,273,1,1,12,11,1,51,0.002,0.000,,,,,NVIDIA A100-SXM4-40GB MIG 4g.20gb (0),1,,13,"void channel_eq::eqMmseSoftDemapKernel<float, __half, __half, float, (unsigned int)4, (unsigned short)16383>(channel_eq::_puschRxChEqStatDescr *, channel_eq::_puschRxChEqSoftDemapDynDescr)"
4932240168,282940,327019,1,1,1,32,32,1,30,0.000,0.000,,,,,NVIDIA A100-SXM4-40GB MIG 4g.20gb (0),1,,13,"void convert_kernel<float2, __half2>(tensor_layout_any, T1 *, tensor_layout_any, const T2 *)"
4932526052,11072,327031,2253,1,1,128,1,1,16,0.000,0.000,,,,,NVIDIA A100-SXM4-40GB MIG 4g.20gb (0),1,,13,cupy_copy__float16_float16
4932540068,3168,327040,282,1,1,128,1,1,16,0.000,0.000,,,,,NVIDIA A100-SXM4-40GB MIG 4g.20gb (0),1,,13,cupy_copy__complex64_complex64
4932547140,2336,327049,26,1,1,128,1,1,16,0.000,0.000,,,,,NVIDIA A100-SXM4-40GB MIG 4g.20gb (0),1,,13,cupy_copy__float32_float32
4932550500,3040,327058,103,1,1,128,1,1,16,0.000,0.000,,,,,NVIDIA A100-SXM4-40GB MIG 4g.20gb (0),1,,13,cupy_copy__complex64_complex64
4932556388,12096,327068,1434,1,1,128,1,1,16,0.000,0.000,,,,,NVIDIA A100-SXM4-40GB MIG 4g.20gb (0),1,,13,cupy_copy__complex64_complex64
4932573860,81887,327073,1,1,1,32,32,1,30,0.000,0.000,,,,,NVIDIA A100-SXM4-40GB MIG 4g.20gb (0),1,,13,"void convert_kernel<__half2, float2>(tensor_layout_any, T1 *, tensor_layout_any, const T2 *)"
4932682050,6400,327076,,,,,,,,,,0.094,14640.000,Pinned,Device,NVIDIA A100-SXM4-40GB MIG 4g.20gb (0),1,,13,[CUDA memcpy Host-to-Device]
4932693250,602745,327077,,,,,,,,,,456.561,757435.429,Device,,NVIDIA A100-SXM4-40GB MIG 4g.20gb (0),1,,13,[CUDA memset]
4933302139,136958,327082,,,,,,,,,,1.235,9016.326,Pinned,Device,NVIDIA A100-SXM4-40GB MIG 4g.20gb (0),1,,13,[CUDA memcpy Host-to-Device]
4933455609,40927,327083,,,,,,,,,,0.197,4803.723,Pinned,Device,NVIDIA A100-SXM4-40GB MIG 4g.20gb (0),1,,13,[CUDA memcpy Host-to-Device]
4933525688,7936,327084,69,4,1,48,1,1,76,0.002,0.000,,,,,NVIDIA A100-SXM4-40GB MIG 4g.20gb (0),1,,13,"void ch_est::windowedChEstPreNoDftSOfdmKernel<float, __half, float, (unsigned int)2, (unsigned int)1, (unsigned short)4>(ch_est::puschRxChEstStatDescr_t *, ch_est::puschRxChEstDynDescr_t *)"
4933542456,6623,327085,137,2,1,24,2,1,44,0.001,0.001,,,,,NVIDIA A100-SXM4-40GB MIG 4g.20gb (0),1,,13,"void ch_est::chEstFilterNoDftSOfdmDispatchKernel<float, __half, float, (unsigned int)2>(ch_est::puschRxChEstStatDescr_t *, ch_est::puschRxChEstDynDescr_t *)"
4933558519,4864,327086,137,2,1,24,2,1,44,0.001,0.001,,,,,NVIDIA A100-SXM4-40GB MIG 4g.20gb (0),1,,13,"void ch_est::chEstFilterNoDftSOfdmDispatchKernel<float, __half, float, (unsigned int)2>(ch_est::puschRxChEstStatDescr_t *, ch_est::puschRxChEstDynDescr_t *)"
4933571895,2624,327097,103,1,1,128,1,1,16,0.000,0.000,,,,,NVIDIA A100-SXM4-40GB MIG 4g.20gb (0),1,,13,cupy_copy__complex64_complex64
4933587191,12544,327107,1434,1,1,128,1,1,16,0.000,0.000,,,,,NVIDIA A100-SXM4-40GB MIG 4g.20gb (0),1,,13,cupy_copy__complex64_complex64
4933617239,2560,327114,103,1,1,128,1,1,16,0.000,0.000,,,,,NVIDIA A100-SXM4-40GB MIG 4g.20gb (0),1,,13,cupy_copy__complex64_complex64
4933632534,86367,327121,1,1,1,32,32,1,30,0.000,0.000,,,,,NVIDIA A100-SXM4-40GB MIG 4g.20gb (0),1,,13,"void convert_kernel<__half2, float2>(tensor_layout_any, T1 *, tensor_layout_any, const T2 *)"
4933746837,13280,327124,,,,,,,,,,0.094,7055.402,Pinned,Device,NVIDIA A100-SXM4-40GB MIG 4g.20gb (0),1,,13,[CUDA memcpy Host-to-Device]
4933765333,48223,327125,,,,,,,,,,35.810,742554.501,Device,,NVIDIA A100-SXM4-40GB MIG 4g.20gb (0),1,,13,[CUDA memset]
4933816756,6784,327127,,,,,,,,,,0.000,11.792,Pinned,Device,NVIDIA A100-SXM4-40GB MIG 4g.20gb (0),1,,13,[CUDA memcpy Host-to-Device]
4933832916,19104,327128,,,,,,,,,,0.197,10291.446,Pinned,Device,NVIDIA A100-SXM4-40GB MIG 4g.20gb (0),1,,13,[CUDA memcpy Host-to-Device]
4933868724,9375,327129,273,1,1,48,1,1,40,0.000,0.001,,,,,NVIDIA A100-SXM4-40GB MIG 4g.20gb (0),1,,13,"void pusch_noise_intf_est::noiseIntfEstNoDftSOfdmKernel<float, __half, float, float, (unsigned int)2, (unsigned int)1, (unsigned char)4, (unsigned char)4>(pusch_noise_intf_est::puschRxNoiseIntfEstDynDescr)"
4933887187,2848,327140,35,1,1,128,1,1,16,0.000,0.000,,,,,NVIDIA A100-SXM4-40GB MIG 4g.20gb (0),1,,13,cupy_copy__complex64_complex64
4933895987,1760,327149,1,1,1,1,1,1,18,0.000,0.000,,,,,NVIDIA A100-SXM4-40GB MIG 4g.20gb (0),1,,13,cupy_copy__float32_float32
4933901491,5184,327155,,,,,,,,,,0.000,0.772,Device,Pageable,NVIDIA A100-SXM4-40GB MIG 4g.20gb (0),1,,7,[CUDA memcpy Device-to-Host]
4933969202,12960,327166,1434,1,1,128,1,1,16,0.000,0.000,,,,,NVIDIA A100-SXM4-40GB MIG 4g.20gb (0),1,,13,cupy_copy__complex64_complex64
4933995474,2720,327173,103,1,1,128,1,1,16,0.000,0.000,,,,,NVIDIA A100-SXM4-40GB MIG 4g.20gb (0),1,,13,cupy_copy__complex64_complex64
4934017330,2176,327180,35,1,1,128,1,1,16,0.000,0.000,,,,,NVIDIA A100-SXM4-40GB MIG 4g.20gb (0),1,,13,cupy_copy__complex64_complex64
4934034770,1791,327187,1,1,1,1,1,1,18,0.000,0.000,,,,,NVIDIA A100-SXM4-40GB MIG 4g.20gb (0),1,,13,cupy_copy__float32_float32
4934170608,81855,327198,1,1,1,32,32,1,30,0.000,0.000,,,,,NVIDIA A100-SXM4-40GB MIG 4g.20gb (0),1,,13,"void convert_kernel<__half2, float2>(tensor_layout_any, T1 *, tensor_layout_any, const T2 *)"
4934280078,5408,327201,,,,,,,,,,0.094,17325.421,Pinned,Device,NVIDIA A100-SXM4-40GB MIG 4g.20gb (0),1,,13,[CUDA memcpy Host-to-Device]
4934294254,3424,327202,,,,,,,,,,1.547,451700.819,Device,,NVIDIA A100-SXM4-40GB MIG 4g.20gb (0),1,,13,[CUDA memset]
4934301166,3840,327207,,,,,,,,,,0.031,8149.979,Pinned,Device,NVIDIA A100-SXM4-40GB MIG 4g.20gb (0),1,,13,[CUDA memcpy Host-to-Device]
4934307502,10016,327208,,,,,,,,,,0.197,19629.343,Pinned,Device,NVIDIA A100-SXM4-40GB MIG 4g.20gb (0),1,,13,[CUDA memcpy Host-to-Device]
4934321550,5952,327209,273,1,1,8,4,1,39,0.002,0.000,,,,,NVIDIA A100-SXM4-40GB MIG 4g.20gb (0),1,,13,"void channel_eq::eqMmseCoefCompLowMimoKernel<float, float, float, (unsigned int)4, (unsigned int)1, (unsigned int)4>(const channel_eq::_puschRxChEqStatDescr *, channel_eq::_puschRxChEqCoefCompDynDescr)"
4934329486,6336,327210,273,1,1,12,11,1,51,0.002,0.000,,,,,NVIDIA A100-SXM4-40GB MIG 4g.20gb (0),1,,13,"void channel_eq::eqMmseSoftDemapKernel<float, __half, __half, float, (unsigned int)4, (unsigned short)16383>(channel_eq::_puschRxChEqStatDescr *, channel_eq::_puschRxChEqSoftDemapDynDescr)"
4934336750,282620,327211,1,1,1,32,32,1,30,0.000,0.000,,,,,NVIDIA A100-SXM4-40GB MIG 4g.20gb (0),1,,13,"void convert_kernel<float2, __half2>(tensor_layout_any, T1 *, tensor_layout_any, const T2 *)"
4934620490,10944,327223,2253,1,1,128,1,1,16,0.000,0.000,,,,,NVIDIA A100-SXM4-40GB MIG 4g.20gb (0),1,,13,cupy_copy__float16_float16
4934633290,3648,327232,282,1,1,128,1,1,16,0.000,0.000,,,,,NVIDIA A100-SXM4-40GB MIG 4g.20gb (0),1,,13,cupy_copy__complex64_complex64
4934638570,2016,327241,26,1,1,128,1,1,16,0.000,0.000,,,,,NVIDIA A100-SXM4-40GB MIG 4g.20gb (0),1,,13,cupy_copy__float32_float32
4934644138,2816,327250,103,1,1,128,1,1,16,0.000,0.000,,,,,NVIDIA A100-SXM4-40GB MIG 4g.20gb (0),1,,13,cupy_copy__complex64_complex64
4934649610,12288,327260,1434,1,1,128,1,1,16,0.000,0.000,,,,,NVIDIA A100-SXM4-40GB MIG 4g.20gb (0),1,,13,cupy_copy__complex64_complex64
4934666090,82271,327265,1,1,1,32,32,1,30,0.000,0.000,,,,,NVIDIA A100-SXM4-40GB MIG 4g.20gb (0),1,,13,"void convert_kernel<__half2, float2>(tensor_layout_any, T1 *, tensor_layout_any, const T2 *)"
4934775080,5920,327268,,,,,,,,,,0.094,15826.941,Pinned,Device,NVIDIA A100-SXM4-40GB MIG 4g.20gb (0),1,,13,[CUDA memcpy Host-to-Device]
4934787560,596249,327269,,,,,,,,,,456.561,765653.535,Device,,NVIDIA A100-SXM4-40GB MIG 4g.20gb (0),1,,13,[CUDA memset]
4935392321,150046,327274,,,,,,,,,,1.235,8229.667,Pinned,Device,NVIDIA A100-SXM4-40GB MIG 4g.20gb (0),1,,13,[CUDA memcpy Host-to-Device]
4935554911,40159,327275,,,,,,,,,,0.197,4895.736,Pinned,Device,NVIDIA A100-SXM4-40GB MIG 4g.20gb (0),1,,13,[CUDA memcpy Host-to-Device]
4935629374,8128,327276,69,4,1,48,1,1,76,0.002,0.000,,,,,NVIDIA A100-SXM4-40GB MIG 4g.20gb (0),1,,13,"void ch_est::windowedChEstPreNoDftSOfdmKernel<float, __half, float, (unsigned int)2, (unsigned int)1, (unsigned short)4>(ch_est::puschRxChEstStatDescr_t *, ch_est::puschRxChEstDynDescr_t *)"
4935649950,6272,327277,137,2,1,24,2,1,44,0.001,0.001,,,,,NVIDIA A100-SXM4-40GB MIG 4g.20gb (0),1,,13,"void ch_est::chEstFilterNoDftSOfdmDispatchKernel<float, __half, float, (unsigned int)2>(ch_est::puschRxChEstStatDescr_t *, ch_est::puschRxChEstDynDescr_t *)"
4935668829,4704,327278,137,2,1,24,2,1,44,0.001,0.001,,,,,NVIDIA A100-SXM4-40GB MIG 4g.20gb (0),1,,13,"void ch_est::chEstFilterNoDftSOfdmDispatchKernel<float, __half, float, (unsigned int)2>(ch_est::puschRxChEstStatDescr_t *, ch_est::puschRxChEstDynDescr_t *)"
4935686141,2656,327289,103,1,1,128,1,1,16,0.000,0.000,,,,,NVIDIA A100-SXM4-40GB MIG 4g.20gb (0),1,,13,cupy_copy__complex64_complex64
4935702845,12320,327299,1434,1,1,128,1,1,16,0.000,0.000,,,,,NVIDIA A100-SXM4-40GB MIG 4g.20gb (0),1,,13,cupy_copy__complex64_complex64
4935722557,2976,327306,103,1,1,128,1,1,16,0.000,0.000,,,,,NVIDIA A100-SXM4-40GB MIG 4g.20gb (0),1,,13,cupy_copy__complex64_complex64
4935748540,86495,327313,1,1,1,32,32,1,30,0.000,0.000,,,,,NVIDIA A100-SXM4-40GB MIG 4g.20gb (0),1,,13,"void convert_kernel<__half2, float2>(tensor_layout_any, T1 *, tensor_layout_any, const T2 *)"
4935866331,21600,327316,,,,,,,,,,0.094,4337.750,Pinned,Device,NVIDIA A100-SXM4-40GB MIG 4g.20gb (0),1,,13,[CUDA memcpy Host-to-Device]
4935896539,45631,327317,,,,,,,,,,35.810,784738.587,Device,,NVIDIA A100-SXM4-40GB MIG 4g.20gb (0),1,,13,[CUDA memset]
4935948698,6400,327319,,,,,,,,,,0.000,12.500,Pinned,Device,NVIDIA A100-SXM4-40GB MIG 4g.20gb (0),1,,13,[CUDA memcpy Host-to-Device]
4935964858,18752,327320,,,,,,,,,,0.197,10484.515,Pinned,Device,NVIDIA A100-SXM4-40GB MIG 4g.20gb (0),1,,13,[CUDA memcpy Host-to-Device]
4935992121,13280,327321,273,1,1,48,1,1,40,0.000,0.001,,,,,NVIDIA A100-SXM4-40GB MIG 4g.20gb (0),1,,13,"void pusch_noise_intf_est::noiseIntfEstNoDftSOfdmKernel<float, __half, float, float, (unsigned int)2, (unsigned int)1, (unsigned char)4, (unsigned char)4>(pusch_noise_intf_est::puschRxNoiseIntfEstDynDescr)"
4936010937,2944,327332,35,1,1,128,1,1,16,0.000,0.000,,,,,NVIDIA A100-SXM4-40GB MIG 4g.20gb (0),1,,13,cupy_copy__complex64_complex64
4936022585,1824,327341,1,1,1,1,1,1,18,0.000,0.000,,,,,NVIDIA A100-SXM4-40GB MIG 4g.20gb (0),1,,13,cupy_copy__float32_float32
4936031321,5536,327347,,,,,,,,,,0.000,0.723,Device,Pageable,NVIDIA A100-SXM4-40GB MIG 4g.20gb (0),1,,7,[CUDA memcpy Device-to-Host]
4936108984,12960,327358,1434,1,1,128,1,1,16,0.000,0.000,,,,,NVIDIA A100-SXM4-40GB MIG 4g.20gb (0),1,,13,cupy_copy__complex64_complex64
4936138936,3424,327365,103,1,1,128,1,1,16,0.000,0.000,,,,,NVIDIA A100-SXM4-40GB MIG 4g.20gb (0),1,,13,cupy_copy__complex64_complex64
4936150007,2752,327372,35,1,1,128,1,1,16,0.000,0.000,,,,,NVIDIA A100-SXM4-40GB MIG 4g.20gb (0),1,,13,cupy_copy__complex64_complex64
4936176215,1984,327379,1,1,1,1,1,1,18,0.000,0.000,,,,,NVIDIA A100-SXM4-40GB MIG 4g.20gb (0),1,,13,cupy_copy__float32_float32
4936302998,87166,327390,1,1,1,32,32,1,30,0.000,0.000,,,,,NVIDIA A100-SXM4-40GB MIG 4g.20gb (0),1,,13,"void convert_kernel<__half2, float2>(tensor_layout_any, T1 *, tensor_layout_any, const T2 *)"
4936417364,5504,327393,,,,,,,,,,0.094,17023.251,Pinned,Device,NVIDIA A100-SXM4-40GB MIG 4g.20gb (0),1,,13,[CUDA memcpy Host-to-Device]
4936431956,3616,327394,,,,,,,,,,1.547,427715.774,Device,,NVIDIA A100-SXM4-40GB MIG 4g.20gb (0),1,,13,[CUDA memset]
4936438772,3136,327399,,,,,,,,,,0.031,9979.575,Pinned,Device,NVIDIA A100-SXM4-40GB MIG 4g.20gb (0),1,,13,[CUDA memcpy Host-to-Device]
4936444852,9408,327400,,,,,,,,,,0.197,20897.858,Pinned,Device,NVIDIA A100-SXM4-40GB MIG 4g.20gb (0),1,,13,[CUDA memcpy Host-to-Device]
4936459828,6528,327401,273,1,1,8,4,1,39,0.002,0.000,,,,,NVIDIA A100-SXM4-40GB MIG 4g.20gb (0),1,,13,"void channel_eq::eqMmseCoefCompLowMimoKernel<float, float, float, (unsigned int)4, (unsigned int)1, (unsigned int)4>(const channel_eq::_puschRxChEqStatDescr *, channel_eq::_puschRxChEqCoefCompDynDescr)"
4936467316,6047,327402,273,1,1,12,11,1,51,0.002,0.000,,,,,NVIDIA A100-SXM4-40GB MIG 4g.20gb (0),1,,13,"void channel_eq::eqMmseSoftDemapKernel<float, __half, __half, float, (unsigned int)4, (unsigned short)16383>(channel_eq::_puschRxChEqStatDescr *, channel_eq::_puschRxChEqSoftDemapDynDescr)"
4936474483,281725,327403,1,1,1,32,32,1,30,0.000,0.000,,,,,NVIDIA A100-SXM4-40GB MIG 4g.20gb (0),1,,13,"void convert_kernel<float2, __half2>(tensor_layout_any, T1 *, tensor_layout_any, const T2 *)"
4936757168,11104,327415,2253,1,1,128,1,1,16,0.000,0.000,,,,,NVIDIA A100-SXM4-40GB MIG 4g.20gb (0),1,,13,cupy_copy__float16_float16
4936773072,3392,327424,282,1,1,128,1,1,16,0.000,0.000,,,,,NVIDIA A100-SXM4-40GB MIG 4g.20gb (0),1,,13,cupy_copy__complex64_complex64
4936778160,2304,327433,26,1,1,128,1,1,16,0.000,0.000,,,,,NVIDIA A100-SXM4-40GB MIG 4g.20gb (0),1,,13,cupy_copy__float32_float32
4936783952,2976,327442,103,1,1,128,1,1,16,0.000,0.000,,,,,NVIDIA A100-SXM4-40GB MIG 4g.20gb (0),1,,13,cupy_copy__complex64_complex64
4936788048,12415,327452,1434,1,1,128,1,1,16,0.000,0.000,,,,,NVIDIA A100-SXM4-40GB MIG 4g.20gb (0),1,,13,cupy_copy__complex64_complex64
4936805135,86431,327457,1,1,1,32,32,1,30,0.000,0.000,,,,,NVIDIA A100-SXM4-40GB MIG 4g.20gb (0),1,,13,"void convert_kernel<__half2, float2>(tensor_layout_any, T1 *, tensor_layout_any, const T2 *)"
4936918062,5440,327460,,,,,,,,,,0.094,17223.480,Pinned,Device,NVIDIA A100-SXM4-40GB MIG 4g.20gb (0),1,,13,[CUDA memcpy Host-to-Device]
4936928174,596185,327461,,,,,,,,,,456.561,765653.535,Device,,NVIDIA A100-SXM4-40GB MIG 4g.20gb (0),1,,13,[CUDA memset]
4937527110,160671,327466,,,,,,,,,,1.235,7685.057,Pinned,Device,NVIDIA A100-SXM4-40GB MIG 4g.20gb (0),1,,13,[CUDA memcpy Host-to-Device]
4937697636,32736,327467,,,,,,,,,,0.197,6005.785,Pinned,Device,NVIDIA A100-SXM4-40GB MIG 4g.20gb (0),1,,13,[CUDA memcpy Host-to-Device]
4937747492,8224,327468,69,4,1,48,1,1,76,0.002,0.000,,,,,NVIDIA A100-SXM4-40GB MIG 4g.20gb (0),1,,13,"void ch_est::windowedChEstPreNoDftSOfdmKernel<float, __half, float, (unsigned int)2, (unsigned int)1, (unsigned short)4>(ch_est::puschRxChEstStatDescr_t *, ch_est::puschRxChEstDynDescr_t *)"
4937771811,6656,327469,137,2,1,24,2,1,44,0.001,0.001,,,,,NVIDIA A100-SXM4-40GB MIG 4g.20gb (0),1,,13,"void ch_est::chEstFilterNoDftSOfdmDispatchKernel<float, __half, float, (unsigned int)2>(ch_est::puschRxChEstStatDescr_t *, ch_est::puschRxChEstDynDescr_t *)"
4937784483,4800,327470,137,2,1,24,2,1,44,0.001,0.001,,,,,NVIDIA A100-SXM4-40GB MIG 4g.20gb (0),1,,13,"void ch_est::chEstFilterNoDftSOfdmDispatchKernel<float, __half, float, (unsigned int)2>(ch_est::puschRxChEstStatDescr_t *, ch_est::puschRxChEstDynDescr_t *)"
4937798115,2528,327481,103,1,1,128,1,1,16,0.000,0.000,,,,,NVIDIA A100-SXM4-40GB MIG 4g.20gb (0),1,,13,cupy_copy__complex64_complex64
4937813859,12512,327491,1434,1,1,128,1,1,16,0.000,0.000,,,,,NVIDIA A100-SXM4-40GB MIG 4g.20gb (0),1,,13,cupy_copy__complex64_complex64
4937844131,2464,327498,103,1,1,128,1,1,16,0.000,0.000,,,,,NVIDIA A100-SXM4-40GB MIG 4g.20gb (0),1,,13,cupy_copy__complex64_complex64
4937860290,83231,327505,1,1,1,32,32,1,30,0.000,0.000,,,,,NVIDIA A100-SXM4-40GB MIG 4g.20gb (0),1,,13,"void convert_kernel<__half2, float2>(tensor_layout_any, T1 *, tensor_layout_any, const T2 *)"
4937975649,25824,327508,,,,,,,,,,0.094,3628.190,Pinned,Device,NVIDIA A100-SXM4-40GB MIG 4g.20gb (0),1,,13,[CUDA memcpy Host-to-Device]
4938026976,47136,327509,,,,,,,,,,35.810,759707.453,Device,,NVIDIA A100-SXM4-40GB MIG 4g.20gb (0),1,,13,[CUDA memset]
4938081344,13887,327511,,,,,,,,,,0.000,5.761,Pinned,Device,NVIDIA A100-SXM4-40GB MIG 4g.20gb (0),1,,13,[CUDA memcpy Host-to-Device]
4938107711,34272,327512,,,,,,,,,,0.197,5736.628,Pinned,Device,NVIDIA A100-SXM4-40GB MIG 4g.20gb (0),1,,13,[CUDA memcpy Host-to-Device]
4938172095,9375,327513,273,1,1,48,1,1,40,0.000,0.001,,,,,NVIDIA A100-SXM4-40GB MIG 4g.20gb (0),1,,13,"void pusch_noise_intf_est::noiseIntfEstNoDftSOfdmKernel<float, __half, float, float, (unsigned int)2, (unsigned int)1, (unsigned char)4, (unsigned char)4>(pusch_noise_intf_est::puschRxNoiseIntfEstDynDescr)"
4938189150,2784,327524,35,1,1,128,1,1,16,0.000,0.000,,,,,NVIDIA A100-SXM4-40GB MIG 4g.20gb (0),1,,13,cupy_copy__complex64_complex64
4938205310,1760,327533,1,1,1,1,1,1,18,0.000,0.000,,,,,NVIDIA A100-SXM4-40GB MIG 4g.20gb (0),1,,13,cupy_copy__float32_float32
4938211710,5376,327539,,,,,,,,,,0.000,0.744,Device,Pageable,NVIDIA A100-SXM4-40GB MIG 4g.20gb (0),1,,7,[CUDA memcpy Device-to-Host]
4938301757,12736,327550,1434,1,1,128,1,1,16,0.000,0.000,,,,,NVIDIA A100-SXM4-40GB MIG 4g.20gb (0),1,,13,cupy_copy__complex64_complex64
4938320701,8576,327557,103,1,1,128,1,1,16,0.000,0.000,,,,,NVIDIA A100-SXM4-40GB MIG 4g.20gb (0),1,,13,cupy_copy__complex64_complex64
4938359452,2592,327564,35,1,1,128,1,1,16,0.000,0.000,,,,,NVIDIA A100-SXM4-40GB MIG 4g.20gb (0),1,,13,cupy_copy__complex64_complex64
4938370140,1920,327571,1,1,1,1,1,1,18,0.000,0.000,,,,,NVIDIA A100-SXM4-40GB MIG 4g.20gb (0),1,,13,cupy_copy__float32_float32
4938502906,86911,327582,1,1,1,32,32,1,30,0.000,0.000,,,,,NVIDIA A100-SXM4-40GB MIG 4g.20gb (0),1,,13,"void convert_kernel<__half2, float2>(tensor_layout_any, T1 *, tensor_layout_any, const T2 *)"
4938618937,9920,327585,,,,,,,,,,0.094,9445.119,Pinned,Device,NVIDIA A100-SXM4-40GB MIG 4g.20gb (0),1,,13,[CUDA memcpy Host-to-Device]
4938643833,3520,327586,,,,,,,,,,1.547,439380.412,Device,,NVIDIA A100-SXM4-40GB MIG 4g.20gb (0),1,,13,[CUDA memset]
4938649657,4160,327591,,,,,,,,,,0.031,7523.058,Pinned,Device,NVIDIA A100-SXM4-40GB MIG 4g.20gb (0),1,,13,[CUDA memcpy Host-to-Device]
4938661305,15807,327592,,,,,,,,,,0.197,12438.012,Pinned,Device,NVIDIA A100-SXM4-40GB MIG 4g.20gb (0),1,,13,[CUDA memcpy Host-to-Device]
4938689496,7072,327593,273,1,1,8,4,1,39,0.002,0.000,,,,,NVIDIA A100-SXM4-40GB MIG 4g.20gb (0),1,,13,"void channel_eq::eqMmseCoefCompLowMimoKernel<float, float, float, (unsigned int)4, (unsigned int)1, (unsigned int)4>(const channel_eq::_puschRxChEqStatDescr *, channel_eq::_puschRxChEqCoefCompDynDescr)"
4938702840,5952,327594,273,1,1,12,11,1,51,0.002,0.000,,,,,NVIDIA A100-SXM4-40GB MIG 4g.20gb (0),1,,13,"void channel_eq::eqMmseSoftDemapKernel<float, __half, __half, float, (unsigned int)4, (unsigned short)16383>(channel_eq::_puschRxChEqStatDescr *, channel_eq::_puschRxChEqSoftDemapDynDescr)"
4938713336,290172,327595,1,1,1,32,32,1,30,0.000,0.000,,,,,NVIDIA A100-SXM4-40GB MIG 4g.20gb (0),1,,13,"void convert_kernel<float2, __half2>(tensor_layout_any, T1 *, tensor_layout_any, const T2 *)"
4939004724,10944,327607,2253,1,1,128,1,1,16,0.000,0.000,,,,,NVIDIA A100-SXM4-40GB MIG 4g.20gb (0),1,,13,cupy_copy__float16_float16
4939018452,3808,327616,282,1,1,128,1,1,16,0.000,0.000,,,,,NVIDIA A100-SXM4-40GB MIG 4g.20gb (0),1,,13,cupy_copy__complex64_complex64
4939025268,2048,327625,26,1,1,128,1,1,16,0.000,0.000,,,,,NVIDIA A100-SXM4-40GB MIG 4g.20gb (0),1,,13,cupy_copy__float32_float32
4939030804,4864,327634,103,1,1,128,1,1,16,0.000,0.000,,,,,NVIDIA A100-SXM4-40GB MIG 4g.20gb (0),1,,13,cupy_copy__complex64_complex64
4939038644,12064,327644,1434,1,1,128,1,1,16,0.000,0.000,,,,,NVIDIA A100-SXM4-40GB MIG 4g.20gb (0),1,,13,cupy_copy__complex64_complex64
4939054932,87231,327649,1,1,1,32,32,1,30,0.000,0.000,,,,,NVIDIA A100-SXM4-40GB MIG 4g.20gb (0),1,,13,"void convert_kernel<__half2, float2>(tensor_layout_any, T1 *, tensor_layout_any, const T2 *)"
4939169266,5920,327652,,,,,,,,,,0.094,15826.941,Pinned,Device,NVIDIA A100-SXM4-40GB MIG 4g.20gb (0),1,,13,[CUDA memcpy Host-to-Device]
4939182610,597273,327653,,,,,,,,,,456.561,764283.851,Device,,NVIDIA A100-SXM4-40GB MIG 4g.20gb (0),1,,13,[CUDA memset]
4939780459,138654,327658,,,,,,,,,,1.235,8906.416,Pinned,Device,NVIDIA A100-SXM4-40GB MIG 4g.20gb (0),1,,13,[CUDA memcpy Host-to-Device]
4939927753,27552,327659,,,,,,,,,,0.197,7135.887,Pinned,Device,NVIDIA A100-SXM4-40GB MIG 4g.20gb (0),1,,13,[CUDA memcpy Host-to-Device]
4939967784,7904,327660,69,4,1,48,1,1,76,0.002,0.000,,,,,NVIDIA A100-SXM4-40GB MIG 4g.20gb (0),1,,13,"void ch_est::windowedChEstPreNoDftSOfdmKernel<float, __half, float, (unsigned int)2, (unsigned int)1, (unsigned short)4>(ch_est::puschRxChEstStatDescr_t *, ch_est::puschRxChEstDynDescr_t *)"
4939991144,7392,327661,137,2,1,24,2,1,44,0.001,0.001,,,,,NVIDIA A100-SXM4-40GB MIG 4g.20gb (0),1,,13,"void ch_est::chEstFilterNoDftSOfdmDispatchKernel<float, __half, float, (unsigned int)2>(ch_est::puschRxChEstStatDescr_t *, ch_est::puschRxChEstDynDescr_t *)"
4940002600,6560,327662,137,2,1,24,2,1,44,0.001,0.001,,,,,NVIDIA A100-SXM4-40GB MIG 4g.20gb (0),1,,13,"void ch_est::chEstFilterNoDftSOfdmDispatchKernel<float, __half, float, (unsigned int)2>(ch_est::puschRxChEstStatDescr_t *, ch_est::puschRxChEstDynDescr_t *)"
4940017736,2528,327673,103,1,1,128,1,1,16,0.000,0.000,,,,,NVIDIA A100-SXM4-40GB MIG 4g.20gb (0),1,,13,cupy_copy__complex64_complex64
4940031432,12895,327683,1434,1,1,128,1,1,16,0.000,0.000,,,,,NVIDIA A100-SXM4-40GB MIG 4g.20gb (0),1,,13,cupy_copy__complex64_complex64
4940065543,2592,327690,103,1,1,128,1,1,16,0.000,0.000,,,,,NVIDIA A100-SXM4-40GB MIG 4g.20gb (0),1,,13,cupy_copy__complex64_complex64
4940078151,95775,327697,1,1,1,32,32,1,30,0.000,0.000,,,,,NVIDIA A100-SXM4-40GB MIG 4g.20gb (0),1,,13,"void convert_kernel<__half2, float2>(tensor_layout_any, T1 *, tensor_layout_any, const T2 *)"
4940204261,19264,327700,,,,,,,,,,0.094,4863.759,Pinned,Device,NVIDIA A100-SXM4-40GB MIG 4g.20gb (0),1,,13,[CUDA memcpy Host-to-Device]
4940245317,47647,327701,,,,,,,,,,35.810,751542.791,Device,,NVIDIA A100-SXM4-40GB MIG 4g.20gb (0),1,,13,[CUDA memset]
4940299140,8992,327703,,,,,,,,,,0.000,8.897,Pinned,Device,NVIDIA A100-SXM4-40GB MIG 4g.20gb (0),1,,13,[CUDA memcpy Host-to-Device]
4940319780,26336,327704,,,,,,,,,,0.197,7465.206,Pinned,Device,NVIDIA A100-SXM4-40GB MIG 4g.20gb (0),1,,13,[CUDA memcpy Host-to-Device]
4940358628,8575,327705,273,1,1,48,1,1,40,0.000,0.001,,,,,NVIDIA A100-SXM4-40GB MIG 4g.20gb (0),1,,13,"void pusch_noise_intf_est::noiseIntfEstNoDftSOfdmKernel<float, __half, float, float, (unsigned int)2, (unsigned int)1, (unsigned char)4, (unsigned char)4>(pusch_noise_intf_est::puschRxNoiseIntfEstDynDescr)"
4940371619,2720,327716,35,1,1,128,1,1,16,0.000,0.000,,,,,NVIDIA A100-SXM4-40GB MIG 4g.20gb (0),1,,13,cupy_copy__complex64_complex64
4940384195,1728,327725,1,1,1,1,1,1,18,0.000,0.000,,,,,NVIDIA A100-SXM4-40GB MIG 4g.20gb (0),1,,13,cupy_copy__float32_float32
4940391779,4384,327731,,,,,,,,,,0.000,0.912,Device,Pageable,NVIDIA A100-SXM4-40GB MIG 4g.20gb (0),1,,7,[CUDA memcpy Device-to-Host]
4940473730,13184,327742,1434,1,1,128,1,1,16,0.000,0.000,,,,,NVIDIA A100-SXM4-40GB MIG 4g.20gb (0),1,,13,cupy_copy__complex64_complex64
4940510018,2624,327749,103,1,1,128,1,1,16,0.000,0.000,,,,,NVIDIA A100-SXM4-40GB MIG 4g.20gb (0),1,,13,cupy_copy__complex64_complex64
4940524354,2304,327756,35,1,1,128,1,1,16,0.000,0.000,,,,,NVIDIA A100-SXM4-40GB MIG 4g.20gb (0),1,,13,cupy_copy__complex64_complex64
4940547425,1792,327763,1,1,1,1,1,1,18,0.000,0.000,,,,,NVIDIA A100-SXM4-40GB MIG 4g.20gb (0),1,,13,cupy_copy__float32_float32
4940671520,87775,327774,1,1,1,32,32,1,30,0.000,0.000,,,,,NVIDIA A100-SXM4-40GB MIG 4g.20gb (0),1,,13,"void convert_kernel<__half2, float2>(tensor_layout_any, T1 *, tensor_layout_any, const T2 *)"
4940788542,6048,327777,,,,,,,,,,0.094,15491.978,Pinned,Device,NVIDIA A100-SXM4-40GB MIG 4g.20gb (0),1,,13,[CUDA memcpy Host-to-Device]
4940802718,3168,327778,,,,,,,,,,1.547,488201.145,Device,,NVIDIA A100-SXM4-40GB MIG 4g.20gb (0),1,,13,[CUDA memset]
4940809022,3040,327783,,,,,,,,,,0.031,10294.725,Pinned,Device,NVIDIA A100-SXM4-40GB MIG 4g.20gb (0),1,,13,[CUDA memcpy Host-to-Device]
4940814462,10400,327784,,,,,,,,,,0.197,18904.449,Pinned,Device,NVIDIA A100-SXM4-40GB MIG 4g.20gb (0),1,,13,[CUDA memcpy Host-to-Device]
4940830142,6240,327785,273,1,1,8,4,1,39,0.002,0.000,,,,,NVIDIA A100-SXM4-40GB MIG 4g.20gb (0),1,,13,"void channel_eq::eqMmseCoefCompLowMimoKernel<float, float, float, (unsigned int)4, (unsigned int)1, (unsigned int)4>(const channel_eq::_puschRxChEqStatDescr *, channel_eq::_puschRxChEqCoefCompDynDescr)"
4940837918,6080,327786,273,1,1,12,11,1,51,0.002,0.000,,,,,NVIDIA A100-SXM4-40GB MIG 4g.20gb (0),1,,13,"void channel_eq::eqMmseSoftDemapKernel<float, __half, __half, float, (unsigned int)4, (unsigned short)16383>(channel_eq::_puschRxChEqStatDescr *, channel_eq::_puschRxChEqSoftDemapDynDescr)"
4940848638,282364,327787,1,1,1,32,32,1,30,0.000,0.000,,,,,NVIDIA A100-SXM4-40GB MIG 4g.20gb (0),1,,13,"void convert_kernel<float2, __half2>(tensor_layout_any, T1 *, tensor_layout_any, const T2 *)"
4941131994,11008,327799,2253,1,1,128,1,1,16,0.000,0.000,,,,,NVIDIA A100-SXM4-40GB MIG 4g.20gb (0),1,,13,cupy_copy__float16_float16
4941146330,3584,327808,282,1,1,128,1,1,16,0.000,0.000,,,,,NVIDIA A100-SXM4-40GB MIG 4g.20gb (0),1,,13,cupy_copy__complex64_complex64
4941152666,2144,327817,26,1,1,128,1,1,16,0.000,0.000,,,,,NVIDIA A100-SXM4-40GB MIG 4g.20gb (0),1,,13,cupy_copy__float32_float32
4941156090,3232,327826,103,1,1,128,1,1,16,0.000,0.000,,,,,NVIDIA A100-SXM4-40GB MIG 4g.20gb (0),1,,13,cupy_copy__complex64_complex64
4941160346,11904,327836,1434,1,1,128,1,1,16,0.000,0.000,,,,,NVIDIA A100-SXM4-40GB MIG 4g.20gb (0),1,,13,cupy_copy__complex64_complex64
4941176634,81535,327841,1,1,1,32,32,1,30,0.000,0.000,,,,,NVIDIA A100-SXM4-40GB MIG 4g.20gb (0),1,,13,"void convert_kernel<__half2, float2>(tensor_layout_any, T1 *, tensor_layout_any, const T2 *)"
4941285400,5792,327844,,,,,,,,,,0.094,16176.708,Pinned,Device,NVIDIA A100-SXM4-40GB MIG 4g.20gb (0),1,,13,[CUDA memcpy Host-to-Device]
4941295768,597305,327845,,,,,,,,,,456.561,764283.851,Device,,NVIDIA A100-SXM4-40GB MIG 4g.20gb (0),1,,13,[CUDA memset]
4941895953,136862,327850,,,,,,,,,,1.235,9022.501,Pinned,Device,NVIDIA A100-SXM4-40GB MIG 4g.20gb (0),1,,13,[CUDA memcpy Host-to-Device]
4942043407,29759,327851,,,,,,,,,,0.197,6606.619,Pinned,Device,NVIDIA A100-SXM4-40GB MIG 4g.20gb (0),1,,13,[CUDA memcpy Host-to-Device]
4942097614,8160,327852,69,4,1,48,1,1,76,0.002,0.000,,,,,NVIDIA A100-SXM4-40GB MIG 4g.20gb (0),1,,13,"void ch_est::windowedChEstPreNoDftSOfdmKernel<float, __half, float, (unsigned int)2, (unsigned int)1, (unsigned short)4>(ch_est::puschRxChEstStatDescr_t *, ch_est::puschRxChEstDynDescr_t *)"
4942114734,6528,327853,137,2,1,24,2,1,44,0.001,0.001,,,,,NVIDIA A100-SXM4-40GB MIG 4g.20gb (0),1,,13,"void ch_est::chEstFilterNoDftSOfdmDispatchKernel<float, __half, float, (unsigned int)2>(ch_est::puschRxChEstStatDescr_t *, ch_est::puschRxChEstDynDescr_t *)"
4942127726,5344,327854,137,2,1,24,2,1,44,0.001,0.001,,,,,NVIDIA A100-SXM4-40GB MIG 4g.20gb (0),1,,13,"void ch_est::chEstFilterNoDftSOfdmDispatchKernel<float, __half, float, (unsigned int)2>(ch_est::puschRxChEstStatDescr_t *, ch_est::puschRxChEstDynDescr_t *)"
4942138350,2560,327865,103,1,1,128,1,1,16,0.000,0.000,,,,,NVIDIA A100-SXM4-40GB MIG 4g.20gb (0),1,,13,cupy_copy__complex64_complex64
4942146222,12927,327875,1434,1,1,128,1,1,16,0.000,0.000,,,,,NVIDIA A100-SXM4-40GB MIG 4g.20gb (0),1,,13,cupy_copy__complex64_complex64
4942165517,2560,327882,103,1,1,128,1,1,16,0.000,0.000,,,,,NVIDIA A100-SXM4-40GB MIG 4g.20gb (0),1,,13,cupy_copy__complex64_complex64
4942175021,83615,327889,1,1,1,32,32,1,30,0.000,0.000,,,,,NVIDIA A100-SXM4-40GB MIG 4g.20gb (0),1,,13,"void convert_kernel<__half2, float2>(tensor_layout_any, T1 *, tensor_layout_any, const T2 *)"
4942286284,13600,327892,,,,,,,,,,0.094,6889.373,Pinned,Device,NVIDIA A100-SXM4-40GB MIG 4g.20gb (0),1,,13,[CUDA memcpy Host-to-Device]
4942304748,46751,327893,,,,,,,,,,35.810,765938.379,Device,,NVIDIA A100-SXM4-40GB MIG 4g.20gb (0),1,,13,[CUDA memset]
4942353515,7552,327895,,,,,,,,,,0.000,10.593,Pinned,Device,NVIDIA A100-SXM4-40GB MIG 4g.20gb (0),1,,13,[CUDA memcpy Host-to-Device]
4942366763,15872,327896,,,,,,,,,,0.197,12387.090,Pinned,Device,NVIDIA A100-SXM4-40GB MIG 4g.20gb (0),1,,13,[CUDA memcpy Host-to-Device]
4942393643,9183,327897,273,1,1,48,1,1,40,0.000,0.001,,,,,NVIDIA A100-SXM4-40GB MIG 4g.20gb (0),1,,13,"void pusch_noise_intf_est::noiseIntfEstNoDftSOfdmKernel<float, __half, float, float, (unsigned int)2, (unsigned int)1, (unsigned char)4, (unsigned char)4>(pusch_noise_intf_est::puschRxNoiseIntfEstDynDescr)"
4942406026,2944,327908,35,1,1,128,1,1,16,0.000,0.000,,,,,NVIDIA A100-SXM4-40GB MIG 4g.20gb (0),1,,13,cupy_copy__complex64_complex64
4942415178,1728,327917,1,1,1,1,1,1,18,0.000,0.000,,,,,NVIDIA A100-SXM4-40GB MIG 4g.20gb (0),1,,13,cupy_copy__float32_float32
4942437962,7264,327923,,,,,,,,,,0.000,0.551,Device,Pageable,NVIDIA A100-SXM4-40GB MIG 4g.20gb (0),1,,7,[CUDA memcpy Device-to-Host]
4942522985,12640,327934,1434,1,1,128,1,1,16,0.000,0.000,,,,,NVIDIA A100-SXM4-40GB MIG 4g.20gb (0),1,,13,cupy_copy__complex64_complex64
4942552329,3008,327941,103,1,1,128,1,1,16,0.000,0.000,,,,,NVIDIA A100-SXM4-40GB MIG 4g.20gb (0),1,,13,cupy_copy__complex64_complex64
4942565960,2560,327948,35,1,1,128,1,1,16,0.000,0.000,,,,,NVIDIA A100-SXM4-40GB MIG 4g.20gb (0),1,,13,cupy_copy__complex64_complex64
4942585640,1760,327955,1,1,1,1,1,1,18,0.000,0.000,,,,,NVIDIA A100-SXM4-40GB MIG 4g.20gb (0),1,,13,cupy_copy__float32_float32
4942710887,87743,327966,1,1,1,32,32,1,30,0.000,0.000,,,,,NVIDIA A100-SXM4-40GB MIG 4g.20gb (0),1,,13,"void convert_kernel<__half2, float2>(tensor_layout_any, T1 *, tensor_layout_any, const T2 *)"
4942826149,5440,327969,,,,,,,,,,0.094,17223.480,Pinned,Device,NVIDIA A100-SXM4-40GB MIG 4g.20gb (0),1,,13,[CUDA memcpy Host-to-Device]
4942840613,3360,327970,,,,,,,,,,1.547,460304.688,Device,,NVIDIA A100-SXM4-40GB MIG 4g.20gb (0),1,,13,[CUDA memset]
4942854437,3040,327975,,,,,,,,,,0.031,10294.725,Pinned,Device,NVIDIA A100-SXM4-40GB MIG 4g.20gb (0),1,,13,[CUDA memcpy Host-to-Device]
4942860261,9440,327976,,,,,,,,,,0.197,20827.079,Pinned,Device,NVIDIA A100-SXM4-40GB MIG 4g.20gb (0),1,,13,[CUDA memcpy Host-to-Device]
4942873989,6880,327977,273,1,1,8,4,1,39,0.002,0.000,,,,,NVIDIA A100-SXM4-40GB MIG 4g.20gb (0),1,,13,"void channel_eq::eqMmseCoefCompLowMimoKernel<float, float, float, (unsigned int)4, (unsigned int)1, (unsigned int)4>(const channel_eq::_puschRxChEqStatDescr *, channel_eq::_puschRxChEqCoefCompDynDescr)"
4942881861,5567,327978,273,1,1,12,11,1,51,0.002,0.000,,,,,NVIDIA A100-SXM4-40GB MIG 4g.20gb (0),1,,13,"void channel_eq::eqMmseSoftDemapKernel<float, __half, __half, float, (unsigned int)4, (unsigned short)16383>(channel_eq::_puschRxChEqStatDescr *, channel_eq::_puschRxChEqSoftDemapDynDescr)"
4942888484,282461,327979,1,1,1,32,32,1,30,0.000,0.000,,,,,NVIDIA A100-SXM4-40GB MIG 4g.20gb (0),1,,13,"void convert_kernel<float2, __half2>(tensor_layout_any, T1 *, tensor_layout_any, const T2 *)"
4943172641,11040,327991,2253,1,1,128,1,1,16,0.000,0.000,,,,,NVIDIA A100-SXM4-40GB MIG 4g.20gb (0),1,,13,cupy_copy__float16_float16
4943187681,3680,328000,282,1,1,128,1,1,16,0.000,0.000,,,,,NVIDIA A100-SXM4-40GB MIG 4g.20gb (0),1,,13,cupy_copy__complex64_complex64
4943193825,2080,328009,26,1,1,128,1,1,16,0.000,0.000,,,,,NVIDIA A100-SXM4-40GB MIG 4g.20gb (0),1,,13,cupy_copy__float32_float32
4943199489,3072,328018,103,1,1,128,1,1,16,0.000,0.000,,,,,NVIDIA A100-SXM4-40GB MIG 4g.20gb (0),1,,13,cupy_copy__complex64_complex64
4943203553,12543,328028,1434,1,1,128,1,1,16,0.000,0.000,,,,,NVIDIA A100-SXM4-40GB MIG 4g.20gb (0),1,,13,cupy_copy__complex64_complex64
4943223520,81983,328033,1,1,1,32,32,1,30,0.000,0.000,,,,,NVIDIA A100-SXM4-40GB MIG 4g.20gb (0),1,,13,"void convert_kernel<__half2, float2>(tensor_layout_any, T1 *, tensor_layout_any, const T2 *)"
4943333279,5632,328036,,,,,,,,,,0.094,16636.287,Pinned,Device,NVIDIA A100-SXM4-40GB MIG 4g.20gb (0),1,,13,[CUDA memcpy Host-to-Device]
4943343295,597688,328037,,,,,,,,,,456.561,763827.289,Device,,NVIDIA A100-SXM4-40GB MIG 4g.20gb (0),1,,13,[CUDA memset]
4943949111,138719,328042,,,,,,,,,,1.235,8901.476,Pinned,Device,NVIDIA A100-SXM4-40GB MIG 4g.20gb (0),1,,13,[CUDA memcpy Host-to-Device]
4944101845,39776,328043,,,,,,,,,,0.197,4942.725,Pinned,Device,NVIDIA A100-SXM4-40GB MIG 4g.20gb (0),1,,13,[CUDA memcpy Host-to-Device]
4944157333,8256,328044,69,4,1,48,1,1,76,0.002,0.000,,,,,NVIDIA A100-SXM4-40GB MIG 4g.20gb (0),1,,13,"void ch_est::windowedChEstPreNoDftSOfdmKernel<float, __half, float, (unsigned int)2, (unsigned int)1, (unsigned short)4>(ch_est::puschRxChEstStatDescr_t *, ch_est::puschRxChEstDynDescr_t *)"
4944172245,6912,328045,137,2,1,24,2,1,44,0.001,0.001,,,,,NVIDIA A100-SXM4-40GB MIG 4g.20gb (0),1,,13,"void ch_est::chEstFilterNoDftSOfdmDispatchKernel<float, __half, float, (unsigned int)2>(ch_est::puschRxChEstStatDescr_t *, ch_est::puschRxChEstDynDescr_t *)"
4944187508,4768,328046,137,2,1,24,2,1,44,0.001,0.001,,,,,NVIDIA A100-SXM4-40GB MIG 4g.20gb (0),1,,13,"void ch_est::chEstFilterNoDftSOfdmDispatchKernel<float, __half, float, (unsigned int)2>(ch_est::puschRxChEstStatDescr_t *, ch_est::puschRxChEstDynDescr_t *)"
4944200820,2752,328057,103,1,1,128,1,1,16,0.000,0.000,,,,,NVIDIA A100-SXM4-40GB MIG 4g.20gb (0),1,,13,cupy_copy__complex64_complex64
4944213780,12640,328067,1434,1,1,128,1,1,16,0.000,0.000,,,,,NVIDIA A100-SXM4-40GB MIG 4g.20gb (0),1,,13,cupy_copy__complex64_complex64
4944239700,2496,328074,103,1,1,128,1,1,16,0.000,0.000,,,,,NVIDIA A100-SXM4-40GB MIG 4g.20gb (0),1,,13,cupy_copy__complex64_complex64
4944253108,81567,328081,1,1,1,32,32,1,30,0.000,0.000,,,,,NVIDIA A100-SXM4-40GB MIG 4g.20gb (0),1,,13,"void convert_kernel<__half2, float2>(tensor_layout_any, T1 *, tensor_layout_any, const T2 *)"
4944362450,11936,328084,,,,,,,,,,0.094,7849.851,Pinned,Device,NVIDIA A100-SXM4-40GB MIG 4g.20gb (0),1,,13,[CUDA memcpy Host-to-Device]
4944381042,46911,328085,,,,,,,,,,35.810,763324.255,Device,,NVIDIA A100-SXM4-40GB MIG 4g.20gb (0),1,,13,[CUDA memset]
4944430641,6208,328087,,,,,,,,,,0.000,12.887,Pinned,Device,NVIDIA A100-SXM4-40GB MIG 4g.20gb (0),1,,13,[CUDA memcpy Host-to-Device]
4944441105,15872,328088,,,,,,,,,,0.197,12387.090,Pinned,Device,NVIDIA A100-SXM4-40GB MIG 4g.20gb (0),1,,13,[CUDA memcpy Host-to-Device]
4944464785,12480,328089,273,1,1,48,1,1,40,0.000,0.001,,,,,NVIDIA A100-SXM4-40GB MIG 4g.20gb (0),1,,13,"void pusch_noise_intf_est::noiseIntfEstNoDftSOfdmKernel<float, __half, float, float, (unsigned int)2, (unsigned int)1, (unsigned char)4, (unsigned char)4>(pusch_noise_intf_est::puschRxNoiseIntfEstDynDescr)"
4944480465,2848,328100,35,1,1,128,1,1,16,0.000,0.000,,,,,NVIDIA A100-SXM4-40GB MIG 4g.20gb (0),1,,13,cupy_copy__complex64_complex64
4944486737,2080,328109,1,1,1,1,1,1,18,0.000,0.000,,,,,NVIDIA A100-SXM4-40GB MIG 4g.20gb (0),1,,13,cupy_copy__float32_float32
4944515440,2016,328115,,,,,,,,,,0.000,1.984,Device,Pageable,NVIDIA A100-SXM4-40GB MIG 4g.20gb (0),1,,7,[CUDA memcpy Device-to-Host]
4944576144,13055,328126,1434,1,1,128,1,1,16,0.000,0.000,,,,,NVIDIA A100-SXM4-40GB MIG 4g.20gb (0),1,,13,cupy_copy__complex64_complex64
4944603599,3360,328133,103,1,1,128,1,1,16,0.000,0.000,,,,,NVIDIA A100-SXM4-40GB MIG 4g.20gb (0),1,,13,cupy_copy__complex64_complex64
4944624751,2368,328140,35,1,1,128,1,1,16,0.000,0.000,,,,,NVIDIA A100-SXM4-40GB MIG 4g.20gb (0),1,,13,cupy_copy__complex64_complex64
4944644879,1984,328147,1,1,1,1,1,1,18,0.000,0.000,,,,,NVIDIA A100-SXM4-40GB MIG 4g.20gb (0),1,,13,cupy_copy__float32_float32
4944773997,82367,328158,1,1,1,32,32,1,30,0.000,0.000,,,,,NVIDIA A100-SXM4-40GB MIG 4g.20gb (0),1,,13,"void convert_kernel<__half2, float2>(tensor_layout_any, T1 *, tensor_layout_any, const T2 *)"
4944883628,5856,328161,,,,,,,,,,0.094,15999.997,Pinned,Device,NVIDIA A100-SXM4-40GB MIG 4g.20gb (0),1,,13,[CUDA memcpy Host-to-Device]
4944898028,3296,328162,,,,,,,,,,1.547,469242.628,Device,,NVIDIA A100-SXM4-40GB MIG 4g.20gb (0),1,,13,[CUDA memset]
4944904204,3104,328167,,,,,,,,,,0.031,10082.445,Pinned,Device,NVIDIA A100-SXM4-40GB MIG 4g.20gb (0),1,,13,[CUDA memcpy Host-to-Device]
4944910700,9503,328168,,,,,,,,,,0.197,20688.863,Pinned,Device,NVIDIA A100-SXM4-40GB MIG 4g.20gb (0),1,,13,[CUDA memcpy Host-to-Device]
4944925771,6432,328169,273,1,1,8,4,1,39,0.002,0.000,,,,,NVIDIA A100-SXM4-40GB MIG 4g.20gb (0),1,,13,"void channel_eq::eqMmseCoefCompLowMimoKernel<float, float, float, (unsigned int)4, (unsigned int)1, (unsigned int)4>(const channel_eq::_puschRxChEqStatDescr *, channel_eq::_puschRxChEqCoefCompDynDescr)"
4944933195,6048,328170,273,1,1,12,11,1,51,0.002,0.000,,,,,NVIDIA A100-SXM4-40GB MIG 4g.20gb (0),1,,13,"void channel_eq::eqMmseSoftDemapKernel<float, __half, __half, float, (unsigned int)4, (unsigned short)16383>(channel_eq::_puschRxChEqStatDescr *, channel_eq::_puschRxChEqSoftDemapDynDescr)"
4944940651,294397,328171,1,1,1,32,32,1,30,0.000,0.000,,,,,NVIDIA A100-SXM4-40GB MIG 4g.20gb (0),1,,13,"void convert_kernel<float2, __half2>(tensor_layout_any, T1 *, tensor_layout_any, const T2 *)"
4945237799,11264,328183,2253,1,1,128,1,1,16,0.000,0.000,,,,,NVIDIA A100-SXM4-40GB MIG 4g.20gb (0),1,,13,cupy_copy__float16_float16
4945251815,3008,328192,282,1,1,128,1,1,16,0.000,0.000,,,,,NVIDIA A100-SXM4-40GB MIG 4g.20gb (0),1,,13,cupy_copy__complex64_complex64
4945256775,2016,328201,26,1,1,128,1,1,16,0.000,0.000,,,,,NVIDIA A100-SXM4-40GB MIG 4g.20gb (0),1,,13,cupy_copy__float32_float32
4945263047,4800,328210,103,1,1,128,1,1,16,0.000,0.000,,,,,NVIDIA A100-SXM4-40GB MIG 4g.20gb (0),1,,13,cupy_copy__complex64_complex64
4945269575,11936,328220,1434,1,1,128,1,1,16,0.000,0.000,,,,,NVIDIA A100-SXM4-40GB MIG 4g.20gb (0),1,,13,cupy_copy__complex64_complex64
4945285671,90047,328225,1,1,1,32,32,1,30,0.000,0.000,,,,,NVIDIA A100-SXM4-40GB MIG 4g.20gb (0),1,,13,"void convert_kernel<__half2, float2>(tensor_layout_any, T1 *, tensor_layout_any, const T2 *)"
4945403205,5600,328228,,,,,,,,,,0.094,16731.388,Pinned,Device,NVIDIA A100-SXM4-40GB MIG 4g.20gb (0),1,,13,[CUDA memcpy Host-to-Device]
4945414565,601401,328229,,,,,,,,,,456.561,758805.113,Device,,NVIDIA A100-SXM4-40GB MIG 4g.20gb (0),1,,13,[CUDA memset]
4946017950,137118,328234,,,,,,,,,,1.235,9005.212,Pinned,Device,NVIDIA A100-SXM4-40GB MIG 4g.20gb (0),1,,13,[CUDA memcpy Host-to-Device]
4946167324,42751,328235,,,,,,,,,,0.197,4598.858,Pinned,Device,NVIDIA A100-SXM4-40GB MIG 4g.20gb (0),1,,13,[CUDA memcpy Host-to-Device]
4946230747,8000,328236,69,4,1,48,1,1,76,0.002,0.000,,,,,NVIDIA A100-SXM4-40GB MIG 4g.20gb (0),1,,13,"void ch_est::windowedChEstPreNoDftSOfdmKernel<float, __half, float, (unsigned int)2, (unsigned int)1, (unsigned short)4>(ch_est::puschRxChEstStatDescr_t *, ch_est::puschRxChEstDynDescr_t *)"
4946249851,6624,328237,137,2,1,24,2,1,44,0.001,0.001,,,,,NVIDIA A100-SXM4-40GB MIG 4g.20gb (0),1,,13,"void ch_est::chEstFilterNoDftSOfdmDispatchKernel<float, __half, float, (unsigned int)2>(ch_est::puschRxChEstStatDescr_t *, ch_est::puschRxChEstDynDescr_t *)"
4946266267,4736,328238,137,2,1,24,2,1,44,0.001,0.001,,,,,NVIDIA A100-SXM4-40GB MIG 4g.20gb (0),1,,13,"void ch_est::chEstFilterNoDftSOfdmDispatchKernel<float, __half, float, (unsigned int)2>(ch_est::puschRxChEstStatDescr_t *, ch_est::puschRxChEstDynDescr_t *)"
4946285595,2752,328249,103,1,1,128,1,1,16,0.000,0.000,,,,,NVIDIA A100-SXM4-40GB MIG 4g.20gb (0),1,,13,cupy_copy__complex64_complex64
4946302010,12352,328259,1434,1,1,128,1,1,16,0.000,0.000,,,,,NVIDIA A100-SXM4-40GB MIG 4g.20gb (0),1,,13,cupy_copy__complex64_complex64
4946321530,2912,328266,103,1,1,128,1,1,16,0.000,0.000,,,,,NVIDIA A100-SXM4-40GB MIG 4g.20gb (0),1,,13,cupy_copy__complex64_complex64
4946345882,91775,328273,1,1,1,32,32,1,30,0.000,0.000,,,,,NVIDIA A100-SXM4-40GB MIG 4g.20gb (0),1,,13,"void convert_kernel<__half2, float2>(tensor_layout_any, T1 *, tensor_layout_any, const T2 *)"
4946471352,26112,328276,,,,,,,,,,0.094,3588.182,Pinned,Device,NVIDIA A100-SXM4-40GB MIG 4g.20gb (0),1,,13,[CUDA memcpy Host-to-Device]
4946513272,47103,328277,,,,,,,,,,35.810,760244.602,Device,,NVIDIA A100-SXM4-40GB MIG 4g.20gb (0),1,,13,[CUDA memset]
4946567127,15328,328279,,,,,,,,,,0.000,5.219,Pinned,Device,NVIDIA A100-SXM4-40GB MIG 4g.20gb (0),1,,13,[CUDA memcpy Host-to-Device]
4946590935,26751,328280,,,,,,,,,,0.197,7349.404,Pinned,Device,NVIDIA A100-SXM4-40GB MIG 4g.20gb (0),1,,13,[CUDA memcpy Host-to-Device]
4946635478,9568,328281,273,1,1,48,1,1,40,0.000,0.001,,,,,NVIDIA A100-SXM4-40GB MIG 4g.20gb (0),1,,13,"void pusch_noise_intf_est::noiseIntfEstNoDftSOfdmKernel<float, __half, float, float, (unsigned int)2, (unsigned int)1, (unsigned char)4, (unsigned char)4>(pusch_noise_intf_est::puschRxNoiseIntfEstDynDescr)"
4946662070,2592,328292,35,1,1,128,1,1,16,0.000,0.000,,,,,NVIDIA A100-SXM4-40GB MIG 4g.20gb (0),1,,13,cupy_copy__complex64_complex64
4946672822,1696,328301,1,1,1,1,1,1,18,0.000,0.000,,,,,NVIDIA A100-SXM4-40GB MIG 4g.20gb (0),1,,13,cupy_copy__float32_float32
4946679062,4960,328307,,,,,,,,,,0.000,0.806,Device,Pageable,NVIDIA A100-SXM4-40GB MIG 4g.20gb (0),1,,7,[CUDA memcpy Device-to-Host]
4946751061,12768,328318,1434,1,1,128,1,1,16,0.000,0.000,,,,,NVIDIA A100-SXM4-40GB MIG 4g.20gb (0),1,,13,cupy_copy__complex64_complex64
4946777301,3551,328325,103,1,1,128,1,1,16,0.000,0.000,,,,,NVIDIA A100-SXM4-40GB MIG 4g.20gb (0),1,,13,cupy_copy__complex64_complex64
4946797524,2624,328332,35,1,1,128,1,1,16,0.000,0.000,,,,,NVIDIA A100-SXM4-40GB MIG 4g.20gb (0),1,,13,cupy_copy__complex64_complex64
4946813940,2016,328339,1,1,1,1,1,1,18,0.000,0.000,,,,,NVIDIA A100-SXM4-40GB MIG 4g.20gb (0),1,,13,cupy_copy__float32_float32
4946957394,82847,328350,1,1,1,32,32,1,30,0.000,0.000,,,,,NVIDIA A100-SXM4-40GB MIG 4g.20gb (0),1,,13,"void convert_kernel<__half2, float2>(tensor_layout_any, T1 *, tensor_layout_any, const T2 *)"
4947068337,5824,328353,,,,,,,,,,0.094,16087.884,Pinned,Device,NVIDIA A100-SXM4-40GB MIG 4g.20gb (0),1,,13,[CUDA memcpy Host-to-Device]
4947082257,3488,328354,,,,,,,,,,1.547,443412.461,Device,,NVIDIA A100-SXM4-40GB MIG 4g.20gb (0),1,,13,[CUDA memset]
4947089265,3488,328359,,,,,,,,,,0.031,8972.469,Pinned,Device,NVIDIA A100-SXM4-40GB MIG 4g.20gb (0),1,,13,[CUDA memcpy Host-to-Device]
4947095569,9823,328360,,,,,,,,,,0.197,20014.891,Pinned,Device,NVIDIA A100-SXM4-40GB MIG 4g.20gb (0),1,,13,[CUDA memcpy Host-to-Device]
4947109648,6560,328361,273,1,1,8,4,1,39,0.002,0.000,,,,,NVIDIA A100-SXM4-40GB MIG 4g.20gb (0),1,,13,"void channel_eq::eqMmseCoefCompLowMimoKernel<float, float, float, (unsigned int)4, (unsigned int)1, (unsigned int)4>(const channel_eq::_puschRxChEqStatDescr *, channel_eq::_puschRxChEqCoefCompDynDescr)"
4947118800,6240,328362,273,1,1,12,11,1,51,0.002,0.000,,,,,NVIDIA A100-SXM4-40GB MIG 4g.20gb (0),1,,13,"void channel_eq::eqMmseSoftDemapKernel<float, __half, __half, float, (unsigned int)4, (unsigned short)16383>(channel_eq::_puschRxChEqStatDescr *, channel_eq::_puschRxChEqSoftDemapDynDescr)"
4947126160,282205,328363,1,1,1,32,32,1,30,0.000,0.000,,,,,NVIDIA A100-SXM4-40GB MIG 4g.20gb (0),1,,13,"void convert_kernel<float2, __half2>(tensor_layout_any, T1 *, tensor_layout_any, const T2 *)"
4947409741,11072,328375,2253,1,1,128,1,1,16,0.000,0.000,,,,,NVIDIA A100-SXM4-40GB MIG 4g.20gb (0),1,,13,cupy_copy__float16_float16
4947425741,3007,328384,282,1,1,128,1,1,16,0.000,0.000,,,,,NVIDIA A100-SXM4-40GB MIG 4g.20gb (0),1,,13,cupy_copy__complex64_complex64
4947431468,2048,328393,26,1,1,128,1,1,16,0.000,0.000,,,,,NVIDIA A100-SXM4-40GB MIG 4g.20gb (0),1,,13,cupy_copy__float32_float32
4947435660,3200,328402,103,1,1,128,1,1,16,0.000,0.000,,,,,NVIDIA A100-SXM4-40GB MIG 4g.20gb (0),1,,13,cupy_copy__complex64_complex64
4947439916,12000,328412,1434,1,1,128,1,1,16,0.000,0.000,,,,,NVIDIA A100-SXM4-40GB MIG 4g.20gb (0),1,,13,cupy_copy__complex64_complex64
4947459180,86623,328417,1,1,1,32,32,1,30,0.000,0.000,,,,,NVIDIA A100-SXM4-40GB MIG 4g.20gb (0),1,,13,"void convert_kernel<__half2, float2>(tensor_layout_any, T1 *, tensor_layout_any, const T2 *)"
4947572683,6432,328420,,,,,,,,,,0.094,14567.105,Pinned,Device,NVIDIA A100-SXM4-40GB MIG 4g.20gb (0),1,,13,[CUDA memcpy Host-to-Device]
4947583755,597368,328421,,,,,,,,,,456.561,764283.851,Device,,NVIDIA A100-SXM4-40GB MIG 4g.20gb (0),1,,13,[CUDA memset]
4948185347,99391,328426,,,,,,,,,,1.235,12424.772,Pinned,Device,NVIDIA A100-SXM4-40GB MIG 4g.20gb (0),1,,13,[CUDA memcpy Host-to-Device]
4948294594,28319,328427,,,,,,,,,,0.197,6942.425,Pinned,Device,NVIDIA A100-SXM4-40GB MIG 4g.20gb (0),1,,13,[CUDA memcpy Host-to-Device]
4948355617,8192,328428,69,4,1,48,1,1,76,0.002,0.000,,,,,NVIDIA A100-SXM4-40GB MIG 4g.20gb (0),1,,13,"void ch_est::windowedChEstPreNoDftSOfdmKernel<float, __half, float, (unsigned int)2, (unsigned int)1, (unsigned short)4>(ch_est::puschRxChEstStatDescr_t *, ch_est::puschRxChEstDynDescr_t *)"
4948369057,6752,328429,137,2,1,24,2,1,44,0.001,0.001,,,,,NVIDIA A100-SXM4-40GB MIG 4g.20gb (0),1,,13,"void ch_est::chEstFilterNoDftSOfdmDispatchKernel<float, __half, float, (unsigned int)2>(ch_est::puschRxChEstStatDescr_t *, ch_est::puschRxChEstDynDescr_t *)"
4948385889,4832,328430,137,2,1,24,2,1,44,0.001,0.001,,,,,NVIDIA A100-SXM4-40GB MIG 4g.20gb (0),1,,13,"void ch_est::chEstFilterNoDftSOfdmDispatchKernel<float, __half, float, (unsigned int)2>(ch_est::puschRxChEstStatDescr_t *, ch_est::puschRxChEstDynDescr_t *)"
4948401344,2528,328441,103,1,1,128,1,1,16,0.000,0.000,,,,,NVIDIA A100-SXM4-40GB MIG 4g.20gb (0),1,,13,cupy_copy__complex64_complex64
4948415488,12320,328451,1434,1,1,128,1,1,16,0.000,0.000,,,,,NVIDIA A100-SXM4-40GB MIG 4g.20gb (0),1,,13,cupy_copy__complex64_complex64
4948434080,2400,328458,103,1,1,128,1,1,16,0.000,0.000,,,,,NVIDIA A100-SXM4-40GB MIG 4g.20gb (0),1,,13,cupy_copy__complex64_complex64
4948456480,82271,328465,1,1,1,32,32,1,30,0.000,0.000,,,,,NVIDIA A100-SXM4-40GB MIG 4g.20gb (0),1,,13,"void convert_kernel<__half2, float2>(tensor_layout_any, T1 *, tensor_layout_any, const T2 *)"
4948568830,25056,328468,,,,,,,,,,0.094,3739.407,Pinned,Device,NVIDIA A100-SXM4-40GB MIG 4g.20gb (0),1,,13,[CUDA memcpy Host-to-Device]
4948606302,47199,328469,,,,,,,,,,35.810,758668.965,Device,,NVIDIA A100-SXM4-40GB MIG 4g.20gb (0),1,,13,[CUDA memset]
4948663453,9536,328471,,,,,,,,,,0.000,8.389,Pinned,Device,NVIDIA A100-SXM4-40GB MIG 4g.20gb (0),1,,13,[CUDA memcpy Host-to-Device]
4948684669,28544,328472,,,,,,,,,,0.197,6887.768,Pinned,Device,NVIDIA A100-SXM4-40GB MIG 4g.20gb (0),1,,13,[CUDA memcpy Host-to-Device]
4948732764,9504,328473,273,1,1,48,1,1,40,0.000,0.001,,,,,NVIDIA A100-SXM4-40GB MIG 4g.20gb (0),1,,13,"void pusch_noise_intf_est::noiseIntfEstNoDftSOfdmKernel<float, __half, float, float, (unsigned int)2, (unsigned int)1, (unsigned char)4, (unsigned char)4>(pusch_noise_intf_est::puschRxNoiseIntfEstDynDescr)"
4948749756,2752,328484,35,1,1,128,1,1,16,0.000,0.000,,,,,NVIDIA A100-SXM4-40GB MIG 4g.20gb (0),1,,13,cupy_copy__complex64_complex64
4948766460,1696,328493,1,1,1,1,1,1,18,0.000,0.000,,,,,NVIDIA A100-SXM4-40GB MIG 4g.20gb (0),1,,13,cupy_copy__float32_float32
4948768700,9312,328499,,,,,,,,,,0.000,0.430,Device,Pageable,NVIDIA A100-SXM4-40GB MIG 4g.20gb (0),1,,7,[CUDA memcpy Device-to-Host]
4948861595,12576,328510,1434,1,1,128,1,1,16,0.000,0.000,,,,,NVIDIA A100-SXM4-40GB MIG 4g.20gb (0),1,,13,cupy_copy__complex64_complex64
4948887771,2751,328517,103,1,1,128,1,1,16,0.000,0.000,,,,,NVIDIA A100-SXM4-40GB MIG 4g.20gb (0),1,,13,cupy_copy__complex64_complex64
4948906138,2560,328524,35,1,1,128,1,1,16,0.000,0.000,,,,,NVIDIA A100-SXM4-40GB MIG 4g.20gb (0),1,,13,cupy_copy__complex64_complex64
4948928474,1792,328531,1,1,1,1,1,1,18,0.000,0.000,,,,,NVIDIA A100-SXM4-40GB MIG 4g.20gb (0),1,,13,cupy_copy__float32_float32
4949058488,86943,328542,1,1,1,32,32,1,30,0.000,0.000,,,,,NVIDIA A100-SXM4-40GB MIG 4g.20gb (0),1,,13,"void convert_kernel<__half2, float2>(tensor_layout_any, T1 *, tensor_layout_any, const T2 *)"
4949177335,12608,328545,,,,,,,,,,0.094,7431.405,Pinned,Device,NVIDIA A100-SXM4-40GB MIG 4g.20gb (0),1,,13,[CUDA memcpy Host-to-Device]
4949197303,3520,328546,,,,,,,,,,1.547,439380.412,Device,,NVIDIA A100-SXM4-40GB MIG 4g.20gb (0),1,,13,[CUDA memset]
4949204919,4160,328551,,,,,,,,,,0.031,7523.058,Pinned,Device,NVIDIA A100-SXM4-40GB MIG 4g.20gb (0),1,,13,[CUDA memcpy Host-to-Device]
4949214230,11840,328552,,,,,,,,,,0.197,16605.315,Pinned,Device,NVIDIA A100-SXM4-40GB MIG 4g.20gb (0),1,,13,[CUDA memcpy Host-to-Device]
4949232406,6496,328553,273,1,1,8,4,1,39,0.002,0.000,,,,,NVIDIA A100-SXM4-40GB MIG 4g.20gb (0),1,,13,"void channel_eq::eqMmseCoefCompLowMimoKernel<float, float, float, (unsigned int)4, (unsigned int)1, (unsigned int)4>(const channel_eq::_puschRxChEqStatDescr *, channel_eq::_puschRxChEqCoefCompDynDescr)"
4949241718,6144,328554,273,1,1,12,11,1,51,0.002,0.000,,,,,NVIDIA A100-SXM4-40GB MIG 4g.20gb (0),1,,13,"void channel_eq::eqMmseSoftDemapKernel<float, __half, __half, float, (unsigned int)4, (unsigned short)16383>(channel_eq::_puschRxChEqStatDescr *, channel_eq::_puschRxChEqSoftDemapDynDescr)"
4949250678,282621,328555,1,1,1,32,32,1,30,0.000,0.000,,,,,NVIDIA A100-SXM4-40GB MIG 4g.20gb (0),1,,13,"void convert_kernel<float2, __half2>(tensor_layout_any, T1 *, tensor_layout_any, const T2 *)"
4949534643,11135,328567,2253,1,1,128,1,1,16,0.000,0.000,,,,,NVIDIA A100-SXM4-40GB MIG 4g.20gb (0),1,,13,cupy_copy__float16_float16
4949547986,2816,328576,282,1,1,128,1,1,16,0.000,0.000,,,,,NVIDIA A100-SXM4-40GB MIG 4g.20gb (0),1,,13,cupy_copy__complex64_complex64
4949553330,2112,328585,26,1,1,128,1,1,16,0.000,0.000,,,,,NVIDIA A100-SXM4-40GB MIG 4g.20gb (0),1,,13,cupy_copy__float32_float32
4949559442,3008,328594,103,1,1,128,1,1,16,0.000,0.000,,,,,NVIDIA A100-SXM4-40GB MIG 4g.20gb (0),1,,13,cupy_copy__complex64_complex64
4949564050,12096,328604,1434,1,1,128,1,1,16,0.000,0.000,,,,,NVIDIA A100-SXM4-40GB MIG 4g.20gb (0),1,,13,cupy_copy__complex64_complex64
4949577714,82111,328609,1,1,1,32,32,1,30,0.000,0.000,,,,,NVIDIA A100-SXM4-40GB MIG 4g.20gb (0),1,,13,"void convert_kernel<__half2, float2>(tensor_layout_any, T1 *, tensor_layout_any, const T2 *)"
4949688081,6048,328612,,,,,,,,,,0.094,15491.978,Pinned,Device,NVIDIA A100-SXM4-40GB MIG 4g.20gb (0),1,,13,[CUDA memcpy Host-to-Device]
4949699057,596760,328613,,,,,,,,,,456.561,764740.412,Device,,NVIDIA A100-SXM4-40GB MIG 4g.20gb (0),1,,13,[CUDA memset]
4950303977,143102,328618,,,,,,,,,,1.235,8629.789,Pinned,Device,NVIDIA A100-SXM4-40GB MIG 4g.20gb (0),1,,13,[CUDA memcpy Host-to-Device]
4950460359,39968,328619,,,,,,,,,,0.197,4919.132,Pinned,Device,NVIDIA A100-SXM4-40GB MIG 4g.20gb (0),1,,13,[CUDA memcpy Host-to-Device]
4950527750,8096,328620,69,4,1,48,1,1,76,0.002,0.000,,,,,NVIDIA A100-SXM4-40GB MIG 4g.20gb (0),1,,13,"void ch_est::windowedChEstPreNoDftSOfdmKernel<float, __half, float, (unsigned int)2, (unsigned int)1, (unsigned short)4>(ch_est::puschRxChEstStatDescr_t *, ch_est::puschRxChEstDynDescr_t *)"
4950542662,6720,328621,137,2,1,24,2,1,44,0.001,0.001,,,,,NVIDIA A100-SXM4-40GB MIG 4g.20gb (0),1,,13,"void ch_est::chEstFilterNoDftSOfdmDispatchKernel<float, __half, float, (unsigned int)2>(ch_est::puschRxChEstStatDescr_t *, ch_est::puschRxChEstDynDescr_t *)"
4950557990,5152,328622,137,2,1,24,2,1,44,0.001,0.001,,,,,NVIDIA A100-SXM4-40GB MIG 4g.20gb (0),1,,13,"void ch_est::chEstFilterNoDftSOfdmDispatchKernel<float, __half, float, (unsigned int)2>(ch_est::puschRxChEstStatDescr_t *, ch_est::puschRxChEstDynDescr_t *)"
4950569734,2624,328633,103,1,1,128,1,1,16,0.000,0.000,,,,,NVIDIA A100-SXM4-40GB MIG 4g.20gb (0),1,,13,cupy_copy__complex64_complex64
4950583302,12479,328643,1434,1,1,128,1,1,16,0.000,0.000,,,,,NVIDIA A100-SXM4-40GB MIG 4g.20gb (0),1,,13,cupy_copy__complex64_complex64
4950605349,2592,328650,103,1,1,128,1,1,16,0.000,0.000,,,,,NVIDIA A100-SXM4-40GB MIG 4g.20gb (0),1,,13,cupy_copy__complex64_complex64
4950622117,85119,328657,1,1,1,32,32,1,30,0.000,0.000,,,,,NVIDIA A100-SXM4-40GB MIG 4g.20gb (0),1,,13,"void convert_kernel<__half2, float2>(tensor_layout_any, T1 *, tensor_layout_any, const T2 *)"
4950734468,5600,328660,,,,,,,,,,0.094,16731.388,Pinned,Device,NVIDIA A100-SXM4-40GB MIG 4g.20gb (0),1,,13,[CUDA memcpy Host-to-Device]
4950747652,47871,328661,,,,,,,,,,35.810,748033.419,Device,,NVIDIA A100-SXM4-40GB MIG 4g.20gb (0),1,,13,[CUDA memset]
4950800195,4736,328663,,,,,,,,,,0.000,16.892,Pinned,Device,NVIDIA A100-SXM4-40GB MIG 4g.20gb (0),1,,13,[CUDA memcpy Host-to-Device]
4950809219,11200,328664,,,,,,,,,,0.197,17554.145,Pinned,Device,NVIDIA A100-SXM4-40GB MIG 4g.20gb (0),1,,13,[CUDA memcpy Host-to-Device]
4950828003,10015,328665,273,1,1,48,1,1,40,0.000,0.001,,,,,NVIDIA A100-SXM4-40GB MIG 4g.20gb (0),1,,13,"void pusch_noise_intf_est::noiseIntfEstNoDftSOfdmKernel<float, __half, float, float, (unsigned int)2, (unsigned int)1, (unsigned char)4, (unsigned char)4>(pusch_noise_intf_est::puschRxNoiseIntfEstDynDescr)"
4950840738,3392,328676,35,1,1,128,1,1,16,0.000,0.000,,,,,NVIDIA A100-SXM4-40GB MIG 4g.20gb (0),1,,13,cupy_copy__complex64_complex64
4950867362,1824,328685,1,1,1,1,1,1,18,0.000,0.000,,,,,NVIDIA A100-SXM4-40GB MIG 4g.20gb (0),1,,13,cupy_copy__float32_float32
4950901634,1792,328691,,,,,,,,,,0.000,2.232,Device,Pageable,NVIDIA A100-SXM4-40GB MIG 4g.20gb (0),1,,7,[CUDA memcpy Device-to-Host]
4950960929,13184,328702,1434,1,1,128,1,1,16,0.000,0.000,,,,,NVIDIA A100-SXM4-40GB MIG 4g.20gb (0),1,,13,cupy_copy__complex64_complex64
4950990465,2656,328709,103,1,1,128,1,1,16,0.000,0.000,,,,,NVIDIA A100-SXM4-40GB MIG 4g.20gb (0),1,,13,cupy_copy__complex64_complex64
4951008896,2752,328716,35,1,1,128,1,1,16,0.000,0.000,,,,,NVIDIA A100-SXM4-40GB MIG 4g.20gb (0),1,,13,cupy_copy__complex64_complex64
4951027616,1792,328723,1,1,1,1,1,1,18,0.000,0.000,,,,,NVIDIA A100-SXM4-40GB MIG 4g.20gb (0),1,,13,cupy_copy__float32_float32
4951160415,83390,328734,1,1,1,32,32,1,30,0.000,0.000,,,,,NVIDIA A100-SXM4-40GB MIG 4g.20gb (0),1,,13,"void convert_kernel<__half2, float2>(tensor_layout_any, T1 *, tensor_layout_any, const T2 *)"
4951271197,5472,328737,,,,,,,,,,0.094,17122.757,Pinned,Device,NVIDIA A100-SXM4-40GB MIG 4g.20gb (0),1,,13,[CUDA memcpy Host-to-Device]
4951285757,3424,328738,,,,,,,,,,1.547,451700.819,Device,,NVIDIA A100-SXM4-40GB MIG 4g.20gb (0),1,,13,[CUDA memset]
4951292573,3424,328743,,,,,,,,,,0.031,9140.185,Pinned,Device,NVIDIA A100-SXM4-40GB MIG 4g.20gb (0),1,,13,[CUDA memcpy Host-to-Device]
4951298429,9408,328744,,,,,,,,,,0.197,20897.858,Pinned,Device,NVIDIA A100-SXM4-40GB MIG 4g.20gb (0),1,,13,[CUDA memcpy Host-to-Device]
4951312797,6176,328745,273,1,1,8,4,1,39,0.002,0.000,,,,,NVIDIA A100-SXM4-40GB MIG 4g.20gb (0),1,,13,"void channel_eq::eqMmseCoefCompLowMimoKernel<float, float, float, (unsigned int)4, (unsigned int)1, (unsigned int)4>(const channel_eq::_puschRxChEqStatDescr *, channel_eq::_puschRxChEqCoefCompDynDescr)"
4951320029,6591,328746,273,1,1,12,11,1,51,0.002,0.000,,,,,NVIDIA A100-SXM4-40GB MIG 4g.20gb (0),1,,13,"void channel_eq::eqMmseSoftDemapKernel<float, __half, __half, float, (unsigned int)4, (unsigned short)16383>(channel_eq::_puschRxChEqStatDescr *, channel_eq::_puschRxChEqSoftDemapDynDescr)"
4951327708,282621,328747,1,1,1,32,32,1,30,0.000,0.000,,,,,NVIDIA A100-SXM4-40GB MIG 4g.20gb (0),1,,13,"void convert_kernel<float2, __half2>(tensor_layout_any, T1 *, tensor_layout_any, const T2 *)"
4951613529,11008,328759,2253,1,1,128,1,1,16,0.000,0.000,,,,,NVIDIA A100-SXM4-40GB MIG 4g.20gb (0),1,,13,cupy_copy__float16_float16
4951628729,3136,328768,282,1,1,128,1,1,16,0.000,0.000,,,,,NVIDIA A100-SXM4-40GB MIG 4g.20gb (0),1,,13,cupy_copy__complex64_complex64
4951632921,2304,328777,26,1,1,128,1,1,16,0.000,0.000,,,,,NVIDIA A100-SXM4-40GB MIG 4g.20gb (0),1,,13,cupy_copy__float32_float32
4951638425,3488,328786,103,1,1,128,1,1,16,0.000,0.000,,,,,NVIDIA A100-SXM4-40GB MIG 4g.20gb (0),1,,13,cupy_copy__complex64_complex64
4951645113,12351,328796,1434,1,1,128,1,1,16,0.000,0.000,,,,,NVIDIA A100-SXM4-40GB MIG 4g.20gb (0),1,,13,cupy_copy__complex64_complex64
4951662808,81471,328801,1,1,1,32,32,1,30,0.000,0.000,,,,,NVIDIA A100-SXM4-40GB MIG 4g.20gb (0),1,,13,"void convert_kernel<__half2, float2>(tensor_layout_any, T1 *, tensor_layout_any, const T2 *)"
4951770743,5440,328804,,,,,,,,,,0.094,17223.480,Pinned,Device,NVIDIA A100-SXM4-40GB MIG 4g.20gb (0),1,,13,[CUDA memcpy Host-to-Device]
4951782103,597656,328805,,,,,,,,,,456.561,763827.289,Device,,NVIDIA A100-SXM4-40GB MIG 4g.20gb (0),1,,13,[CUDA memset]
4952388495,145471,328810,,,,,,,,,,1.235,8489.005,Pinned,Device,NVIDIA A100-SXM4-40GB MIG 4g.20gb (0),1,,13,[CUDA memcpy Host-to-Device]
4952546125,40896,328811,,,,,,,,,,0.197,4807.459,Pinned,Device,NVIDIA A100-SXM4-40GB MIG 4g.20gb (0),1,,13,[CUDA memcpy Host-to-Device]
4952620749,8287,328812,69,4,1,48,1,1,76,0.002,0.000,,,,,NVIDIA A100-SXM4-40GB MIG 4g.20gb (0),1,,13,"void ch_est::windowedChEstPreNoDftSOfdmKernel<float, __half, float, (unsigned int)2, (unsigned int)1, (unsigned short)4>(ch_est::puschRxChEstStatDescr_t *, ch_est::puschRxChEstDynDescr_t *)"
4952641164,6624,328813,137,2,1,24,2,1,44,0.001,0.001,,,,,NVIDIA A100-SXM4-40GB MIG 4g.20gb (0),1,,13,"void ch_est::chEstFilterNoDftSOfdmDispatchKernel<float, __half, float, (unsigned int)2>(ch_est::puschRxChEstStatDescr_t *, ch_est::puschRxChEstDynDescr_t *)"
4952660332,4768,328814,137,2,1,24,2,1,44,0.001,0.001,,,,,NVIDIA A100-SXM4-40GB MIG 4g.20gb (0),1,,13,"void ch_est::chEstFilterNoDftSOfdmDispatchKernel<float, __half, float, (unsigned int)2>(ch_est::puschRxChEstStatDescr_t *, ch_est::puschRxChEstDynDescr_t *)"
4952677932,2752,328825,103,1,1,128,1,1,16,0.000,0.000,,,,,NVIDIA A100-SXM4-40GB MIG 4g.20gb (0),1,,13,cupy_copy__complex64_complex64
4952694572,12223,328835,1434,1,1,128,1,1,16,0.000,0.000,,,,,NVIDIA A100-SXM4-40GB MIG 4g.20gb (0),1,,13,cupy_copy__complex64_complex64
4952717707,2528,328842,103,1,1,128,1,1,16,0.000,0.000,,,,,NVIDIA A100-SXM4-40GB MIG 4g.20gb (0),1,,13,cupy_copy__complex64_complex64
4952740555,90783,328849,1,1,1,32,32,1,30,0.000,0.000,,,,,NVIDIA A100-SXM4-40GB MIG 4g.20gb (0),1,,13,"void convert_kernel<__half2, float2>(tensor_layout_any, T1 *, tensor_layout_any, const T2 *)"
4952862922,21695,328852,,,,,,,,,,0.094,4318.730,Pinned,Device,NVIDIA A100-SXM4-40GB MIG 4g.20gb (0),1,,13,[CUDA memcpy Host-to-Device]
4952904521,47647,328853,,,,,,,,,,35.810,751542.791,Device,,NVIDIA A100-SXM4-40GB MIG 4g.20gb (0),1,,13,[CUDA memset]
4952960200,8192,328855,,,,,,,,,,0.000,9.766,Pinned,Device,NVIDIA A100-SXM4-40GB MIG 4g.20gb (0),1,,13,[CUDA memcpy Host-to-Device]
4952977160,15168,328856,,,,,,,,,,0.197,12961.972,Pinned,Device,NVIDIA A100-SXM4-40GB MIG 4g.20gb (0),1,,13,[CUDA memcpy Host-to-Device]
4953007752,9792,328857,273,1,1,48,1,1,40,0.000,0.001,,,,,NVIDIA A100-SXM4-40GB MIG 4g.20gb (0),1,,13,"void pusch_noise_intf_est::noiseIntfEstNoDftSOfdmKernel<float, __half, float, float, (unsigned int)2, (unsigned int)1, (unsigned char)4, (unsigned char)4>(pusch_noise_intf_est::puschRxNoiseIntfEstDynDescr)"
4953022600,3040,328868,35,1,1,128,1,1,16,0.000,0.000,,,,,NVIDIA A100-SXM4-40GB MIG 4g.20gb (0),1,,13,cupy_copy__complex64_complex64
4953030759,1760,328877,1,1,1,1,1,1,18,0.000,0.000,,,,,NVIDIA A100-SXM4-40GB MIG 4g.20gb (0),1,,13,cupy_copy__float32_float32
4953033031,3808,328883,,,,,,,,,,0.000,1.050,Device,Pageable,NVIDIA A100-SXM4-40GB MIG 4g.20gb (0),1,,7,[CUDA memcpy Device-to-Host]
4953104295,12767,328894,1434,1,1,128,1,1,16,0.000,0.000,,,,,NVIDIA A100-SXM4-40GB MIG 4g.20gb (0),1,,13,cupy_copy__complex64_complex64
4953129638,3040,328901,103,1,1,128,1,1,16,0.000,0.000,,,,,NVIDIA A100-SXM4-40GB MIG 4g.20gb (0),1,,13,cupy_copy__complex64_complex64
4953150822,2560,328908,35,1,1,128,1,1,16,0.000,0.000,,,,,NVIDIA A100-SXM4-40GB MIG 4g.20gb (0),1,,13,cupy_copy__complex64_complex64
4953170214,1760,328915,1,1,1,1,1,1,18,0.000,0.000,,,,,NVIDIA A100-SXM4-40GB MIG 4g.20gb (0),1,,13,cupy_copy__float32_float32
4953300644,82559,328926,1,1,1,32,32,1,30,0.000,0.000,,,,,NVIDIA A100-SXM4-40GB MIG 4g.20gb (0),1,,13,"void convert_kernel<__half2, float2>(tensor_layout_any, T1 *, tensor_layout_any, const T2 *)"
4953410211,5376,328929,,,,,,,,,,0.094,17428.487,Pinned,Device,NVIDIA A100-SXM4-40GB MIG 4g.20gb (0),1,,13,[CUDA memcpy Host-to-Device]
4953424387,3232,328930,,,,,,,,,,1.547,478533.199,Device,,NVIDIA A100-SXM4-40GB MIG 4g.20gb (0),1,,13,[CUDA memset]
4953432963,3231,328935,,,,,,,,,,0.031,9686.143,Pinned,Device,NVIDIA A100-SXM4-40GB MIG 4g.20gb (0),1,,13,[CUDA memcpy Host-to-Device]
4953439010,10368,328936,,,,,,,,,,0.197,18962.842,Pinned,Device,NVIDIA A100-SXM4-40GB MIG 4g.20gb (0),1,,13,[CUDA memcpy Host-to-Device]
4953455138,6016,328937,273,1,1,8,4,1,39,0.002,0.000,,,,,NVIDIA A100-SXM4-40GB MIG 4g.20gb (0),1,,13,"void channel_eq::eqMmseCoefCompLowMimoKernel<float, float, float, (unsigned int)4, (unsigned int)1, (unsigned int)4>(const channel_eq::_puschRxChEqStatDescr *, channel_eq::_puschRxChEqCoefCompDynDescr)"
4953463138,5568,328938,273,1,1,12,11,1,51,0.002,0.000,,,,,NVIDIA A100-SXM4-40GB MIG 4g.20gb (0),1,,13,"void channel_eq::eqMmseSoftDemapKernel<float, __half, __half, float, (unsigned int)4, (unsigned short)16383>(channel_eq::_puschRxChEqStatDescr *, channel_eq::_puschRxChEqSoftDemapDynDescr)"
4953470914,282365,328939,1,1,1,32,32,1,30,0.000,0.000,,,,,NVIDIA A100-SXM4-40GB MIG 4g.20gb (0),1,,13,"void convert_kernel<float2, __half2>(tensor_layout_any, T1 *, tensor_layout_any, const T2 *)"
4953755071,10847,328951,2253,1,1,128,1,1,16,0.000,0.000,,,,,NVIDIA A100-SXM4-40GB MIG 4g.20gb (0),1,,13,cupy_copy__float16_float16
4953768734,3104,328960,282,1,1,128,1,1,16,0.000,0.000,,,,,NVIDIA A100-SXM4-40GB MIG 4g.20gb (0),1,,13,cupy_copy__complex64_complex64
4953774014,2048,328969,26,1,1,128,1,1,16,0.000,0.000,,,,,NVIDIA A100-SXM4-40GB MIG 4g.20gb (0),1,,13,cupy_copy__float32_float32
4953779838,3008,328978,103,1,1,128,1,1,16,0.000,0.000,,,,,NVIDIA A100-SXM4-40GB MIG 4g.20gb (0),1,,13,cupy_copy__complex64_complex64
4953841053,11808,328994,1434,1,1,128,1,1,16,0.000,0.000,,,,,NVIDIA A100-SXM4-40GB MIG 4g.20gb (0),1,,13,cupy_copy__complex64_complex64
4953955420,83263,328999,1,1,1,32,32,1,30,0.000,0.000,,,,,NVIDIA A100-SXM4-40GB MIG 4g.20gb (0),1,,13,"void convert_kernel<__half2, float2>(tensor_layout_any, T1 *, tensor_layout_any, const T2 *)"
4954065147,5600,329002,,,,,,,,,,0.094,16731.388,Pinned,Device,NVIDIA A100-SXM4-40GB MIG 4g.20gb (0),1,,13,[CUDA memcpy Host-to-Device]
4954075067,598392,329003,,,,,,,,,,456.561,762914.166,Device,,NVIDIA A100-SXM4-40GB MIG 4g.20gb (0),1,,13,[CUDA memset]
4954678803,159326,329008,,,,,,,,,,1.235,7750.509,Pinned,Device,NVIDIA A100-SXM4-40GB MIG 4g.20gb (0),1,,13,[CUDA memcpy Host-to-Device]
4954849553,38336,329009,,,,,,,,,,0.197,5128.520,Pinned,Device,NVIDIA A100-SXM4-40GB MIG 4g.20gb (0),1,,13,[CUDA memcpy Host-to-Device]
4954913840,8352,329010,69,4,1,48,1,1,76,0.002,0.000,,,,,NVIDIA A100-SXM4-40GB MIG 4g.20gb (0),1,,13,"void ch_est::windowedChEstPreNoDftSOfdmKernel<float, __half, float, (unsigned int)2, (unsigned int)1, (unsigned short)4>(ch_est::puschRxChEstStatDescr_t *, ch_est::puschRxChEstDynDescr_t *)"
4954933360,6656,329011,137,2,1,24,2,1,44,0.001,0.001,,,,,NVIDIA A100-SXM4-40GB MIG 4g.20gb (0),1,,13,"void ch_est::chEstFilterNoDftSOfdmDispatchKernel<float, __half, float, (unsigned int)2>(ch_est::puschRxChEstStatDescr_t *, ch_est::puschRxChEstDynDescr_t *)"
4954949968,4768,329012,137,2,1,24,2,1,44,0.001,0.001,,,,,NVIDIA A100-SXM4-40GB MIG 4g.20gb (0),1,,13,"void ch_est::chEstFilterNoDftSOfdmDispatchKernel<float, __half, float, (unsigned int)2>(ch_est::puschRxChEstStatDescr_t *, ch_est::puschRxChEstDynDescr_t *)"
4954969808,2624,329023,103,1,1,128,1,1,16,0.000,0.000,,,,,NVIDIA A100-SXM4-40GB MIG 4g.20gb (0),1,,13,cupy_copy__complex64_complex64
4954986191,12416,329033,1434,1,1,128,1,1,16,0.000,0.000,,,,,NVIDIA A100-SXM4-40GB MIG 4g.20gb (0),1,,13,cupy_copy__complex64_complex64
4955006031,2560,329040,103,1,1,128,1,1,16,0.000,0.000,,,,,NVIDIA A100-SXM4-40GB MIG 4g.20gb (0),1,,13,cupy_copy__complex64_complex64
4955027247,83583,329047,1,1,1,32,32,1,30,0.000,0.000,,,,,NVIDIA A100-SXM4-40GB MIG 4g.20gb (0),1,,13,"void convert_kernel<__half2, float2>(tensor_layout_any, T1 *, tensor_layout_any, const T2 *)"
4955144813,26144,329050,,,,,,,,,,0.094,3583.778,Pinned,Device,NVIDIA A100-SXM4-40GB MIG 4g.20gb (0),1,,13,[CUDA memcpy Host-to-Device]
4955199629,46623,329051,,,,,,,,,,35.810,768051.164,Device,,NVIDIA A100-SXM4-40GB MIG 4g.20gb (0),1,,13,[CUDA memset]
4955256812,8864,329053,,,,,,,,,,0.000,9.025,Pinned,Device,NVIDIA A100-SXM4-40GB MIG 4g.20gb (0),1,,13,[CUDA memcpy Host-to-Device]
4955273420,25152,329054,,,,,,,,,,0.197,7816.741,Pinned,Device,NVIDIA A100-SXM4-40GB MIG 4g.20gb (0),1,,13,[CUDA memcpy Host-to-Device]
4955312971,9600,329055,273,1,1,48,1,1,40,0.000,0.001,,,,,NVIDIA A100-SXM4-40GB MIG 4g.20gb (0),1,,13,"void pusch_noise_intf_est::noiseIntfEstNoDftSOfdmKernel<float, __half, float, float, (unsigned int)2, (unsigned int)1, (unsigned char)4, (unsigned char)4>(pusch_noise_intf_est::puschRxNoiseIntfEstDynDescr)"
4955328843,2624,329066,35,1,1,128,1,1,16,0.000,0.000,,,,,NVIDIA A100-SXM4-40GB MIG 4g.20gb (0),1,,13,cupy_copy__complex64_complex64
4955337131,1952,329075,1,1,1,1,1,1,18,0.000,0.000,,,,,NVIDIA A100-SXM4-40GB MIG 4g.20gb (0),1,,13,cupy_copy__float32_float32
4955340971,2080,329081,,,,,,,,,,0.000,1.923,Device,Pageable,NVIDIA A100-SXM4-40GB MIG 4g.20gb (0),1,,7,[CUDA memcpy Device-to-Host]
4955415594,12800,329092,1434,1,1,128,1,1,16,0.000,0.000,,,,,NVIDIA A100-SXM4-40GB MIG 4g.20gb (0),1,,13,cupy_copy__complex64_complex64
4955447114,2944,329099,103,1,1,128,1,1,16,0.000,0.000,,,,,NVIDIA A100-SXM4-40GB MIG 4g.20gb (0),1,,13,cupy_copy__complex64_complex64
4955463657,2720,329106,35,1,1,128,1,1,16,0.000,0.000,,,,,NVIDIA A100-SXM4-40GB MIG 4g.20gb (0),1,,13,cupy_copy__complex64_complex64
4955484137,1792,329113,1,1,1,1,1,1,18,0.000,0.000,,,,,NVIDIA A100-SXM4-40GB MIG 4g.20gb (0),1,,13,cupy_copy__float32_float32
4955606792,81471,329124,1,1,1,32,32,1,30,0.000,0.000,,,,,NVIDIA A100-SXM4-40GB MIG 4g.20gb (0),1,,13,"void convert_kernel<__half2, float2>(tensor_layout_any, T1 *, tensor_layout_any, const T2 *)"
4955715814,5952,329127,,,,,,,,,,0.094,15741.865,Pinned,Device,NVIDIA A100-SXM4-40GB MIG 4g.20gb (0),1,,13,[CUDA memcpy Host-to-Device]
4955730246,3200,329128,,,,,,,,,,1.547,483320.000,Device,,NVIDIA A100-SXM4-40GB MIG 4g.20gb (0),1,,13,[CUDA memset]
4955737606,3136,329133,,,,,,,,,,0.031,9979.575,Pinned,Device,NVIDIA A100-SXM4-40GB MIG 4g.20gb (0),1,,13,[CUDA memcpy Host-to-Device]
4955743558,10240,329134,,,,,,,,,,0.197,19199.951,Pinned,Device,NVIDIA A100-SXM4-40GB MIG 4g.20gb (0),1,,13,[CUDA memcpy Host-to-Device]
4955759814,6784,329135,273,1,1,8,4,1,39,0.002,0.000,,,,,NVIDIA A100-SXM4-40GB MIG 4g.20gb (0),1,,13,"void channel_eq::eqMmseCoefCompLowMimoKernel<float, float, float, (unsigned int)4, (unsigned int)1, (unsigned int)4>(const channel_eq::_puschRxChEqStatDescr *, channel_eq::_puschRxChEqCoefCompDynDescr)"
4955768838,6144,329136,273,1,1,12,11,1,51,0.002,0.000,,,,,NVIDIA A100-SXM4-40GB MIG 4g.20gb (0),1,,13,"void channel_eq::eqMmseSoftDemapKernel<float, __half, __half, float, (unsigned int)4, (unsigned short)16383>(channel_eq::_puschRxChEqStatDescr *, channel_eq::_puschRxChEqSoftDemapDynDescr)"
4955776038,282556,329137,1,1,1,32,32,1,30,0.000,0.000,,,,,NVIDIA A100-SXM4-40GB MIG 4g.20gb (0),1,,13,"void convert_kernel<float2, __half2>(tensor_layout_any, T1 *, tensor_layout_any, const T2 *)"
4956059586,11008,329149,2253,1,1,128,1,1,16,0.000,0.000,,,,,NVIDIA A100-SXM4-40GB MIG 4g.20gb (0),1,,13,cupy_copy__float16_float16
4956073058,3296,329158,282,1,1,128,1,1,16,0.000,0.000,,,,,NVIDIA A100-SXM4-40GB MIG 4g.20gb (0),1,,13,cupy_copy__complex64_complex64
4956078562,3008,329167,26,1,1,128,1,1,16,0.000,0.000,,,,,NVIDIA A100-SXM4-40GB MIG 4g.20gb (0),1,,13,cupy_copy__float32_float32
4956082658,3104,329176,103,1,1,128,1,1,16,0.000,0.000,,,,,NVIDIA A100-SXM4-40GB MIG 4g.20gb (0),1,,13,cupy_copy__complex64_complex64
4956088226,11840,329186,1434,1,1,128,1,1,16,0.000,0.000,,,,,NVIDIA A100-SXM4-40GB MIG 4g.20gb (0),1,,13,cupy_copy__complex64_complex64
4956107266,86910,329191,1,1,1,32,32,1,30,0.000,0.000,,,,,NVIDIA A100-SXM4-40GB MIG 4g.20gb (0),1,,13,"void convert_kernel<__half2, float2>(tensor_layout_any, T1 *, tensor_layout_any, const T2 *)"
4956221472,5792,329194,,,,,,,,,,0.094,16176.708,Pinned,Device,NVIDIA A100-SXM4-40GB MIG 4g.20gb (0),1,,13,[CUDA memcpy Host-to-Device]
4956232000,596825,329195,,,,,,,,,,456.561,764740.412,Device,,NVIDIA A100-SXM4-40GB MIG 4g.20gb (0),1,,13,[CUDA memset]
4956831641,140094,329200,,,,,,,,,,1.235,8815.030,Pinned,Device,NVIDIA A100-SXM4-40GB MIG 4g.20gb (0),1,,13,[CUDA memcpy Host-to-Device]
4956979831,32575,329201,,,,,,,,,,0.197,6035.472,Pinned,Device,NVIDIA A100-SXM4-40GB MIG 4g.20gb (0),1,,13,[CUDA memcpy Host-to-Device]
4957029910,8128,329202,69,4,1,48,1,1,76,0.002,0.000,,,,,NVIDIA A100-SXM4-40GB MIG 4g.20gb (0),1,,13,"void ch_est::windowedChEstPreNoDftSOfdmKernel<float, __half, float, (unsigned int)2, (unsigned int)1, (unsigned short)4>(ch_est::puschRxChEstStatDescr_t *, ch_est::puschRxChEstDynDescr_t *)"
4957045814,6784,329203,137,2,1,24,2,1,44,0.001,0.001,,,,,NVIDIA A100-SXM4-40GB MIG 4g.20gb (0),1,,13,"void ch_est::chEstFilterNoDftSOfdmDispatchKernel<float, __half, float, (unsigned int)2>(ch_est::puschRxChEstStatDescr_t *, ch_est::puschRxChEstDynDescr_t *)"
4957059414,4704,329204,137,2,1,24,2,1,44,0.001,0.001,,,,,NVIDIA A100-SXM4-40GB MIG 4g.20gb (0),1,,13,"void ch_est::chEstFilterNoDftSOfdmDispatchKernel<float, __half, float, (unsigned int)2>(ch_est::puschRxChEstStatDescr_t *, ch_est::puschRxChEstDynDescr_t *)"
4957072694,2496,329215,103,1,1,128,1,1,16,0.000,0.000,,,,,NVIDIA A100-SXM4-40GB MIG 4g.20gb (0),1,,13,cupy_copy__complex64_complex64
4957087957,12448,329225,1434,1,1,128,1,1,16,0.000,0.000,,,,,NVIDIA A100-SXM4-40GB MIG 4g.20gb (0),1,,13,cupy_copy__complex64_complex64
4957125877,2720,329232,103,1,1,128,1,1,16,0.000,0.000,,,,,NVIDIA A100-SXM4-40GB MIG 4g.20gb (0),1,,13,cupy_copy__complex64_complex64
4957138293,84415,329239,1,1,1,32,32,1,30,0.000,0.000,,,,,NVIDIA A100-SXM4-40GB MIG 4g.20gb (0),1,,13,"void convert_kernel<__half2, float2>(tensor_layout_any, T1 *, tensor_layout_any, const T2 *)"
4957255891,25568,329242,,,,,,,,,,0.094,3664.544,Pinned,Device,NVIDIA A100-SXM4-40GB MIG 4g.20gb (0),1,,13,[CUDA memcpy Host-to-Device]
4957297427,47295,329243,,,,,,,,,,35.810,757129.139,Device,,NVIDIA A100-SXM4-40GB MIG 4g.20gb (0),1,,13,[CUDA memset]
4957352946,12128,329245,,,,,,,,,,0.000,6.596,Pinned,Device,NVIDIA A100-SXM4-40GB MIG 4g.20gb (0),1,,13,[CUDA memcpy Host-to-Device]
4957375154,29664,329246,,,,,,,,,,0.197,6627.656,Pinned,Device,NVIDIA A100-SXM4-40GB MIG 4g.20gb (0),1,,13,[CUDA memcpy Host-to-Device]
4957426737,9760,329247,273,1,1,48,1,1,40,0.000,0.001,,,,,NVIDIA A100-SXM4-40GB MIG 4g.20gb (0),1,,13,"void pusch_noise_intf_est::noiseIntfEstNoDftSOfdmKernel<float, __half, float, float, (unsigned int)2, (unsigned int)1, (unsigned char)4, (unsigned char)4>(pusch_noise_intf_est::puschRxNoiseIntfEstDynDescr)"
4957443569,2624,329258,35,1,1,128,1,1,16,0.000,0.000,,,,,NVIDIA A100-SXM4-40GB MIG 4g.20gb (0),1,,13,cupy_copy__complex64_complex64
4957460305,1728,329267,1,1,1,1,1,1,18,0.000,0.000,,,,,NVIDIA A100-SXM4-40GB MIG 4g.20gb (0),1,,13,cupy_copy__float32_float32
4957462801,9216,329273,,,,,,,,,,0.000,0.434,Device,Pageable,NVIDIA A100-SXM4-40GB MIG 4g.20gb (0),1,,7,[CUDA memcpy Device-to-Host]
4957556304,12736,329284,1434,1,1,128,1,1,16,0.000,0.000,,,,,NVIDIA A100-SXM4-40GB MIG 4g.20gb (0),1,,13,cupy_copy__complex64_complex64
4957582159,2784,329291,103,1,1,128,1,1,16,0.000,0.000,,,,,NVIDIA A100-SXM4-40GB MIG 4g.20gb (0),1,,13,cupy_copy__complex64_complex64
4957613551,2560,329298,35,1,1,128,1,1,16,0.000,0.000,,,,,NVIDIA A100-SXM4-40GB MIG 4g.20gb (0),1,,13,cupy_copy__complex64_complex64
4957634895,1696,329305,1,1,1,1,1,1,18,0.000,0.000,,,,,NVIDIA A100-SXM4-40GB MIG 4g.20gb (0),1,,13,cupy_copy__float32_float32
4957747085,90175,329316,1,1,1,32,32,1,30,0.000,0.000,,,,,NVIDIA A100-SXM4-40GB MIG 4g.20gb (0),1,,13,"void convert_kernel<__half2, float2>(tensor_layout_any, T1 *, tensor_layout_any, const T2 *)"
4957870028,9472,329319,,,,,,,,,,0.094,9891.862,Pinned,Device,NVIDIA A100-SXM4-40GB MIG 4g.20gb (0),1,,13,[CUDA memcpy Host-to-Device]
4957888204,3488,329320,,,,,,,,,,1.547,443412.461,Device,,NVIDIA A100-SXM4-40GB MIG 4g.20gb (0),1,,13,[CUDA memset]
4957896844,8063,329325,,,,,,,,,,0.031,3881.424,Pinned,Device,NVIDIA A100-SXM4-40GB MIG 4g.20gb (0),1,,13,[CUDA memcpy Host-to-Device]
4957908011,17888,329326,,,,,,,,,,0.197,10990.977,Pinned,Device,NVIDIA A100-SXM4-40GB MIG 4g.20gb (0),1,,13,[CUDA memcpy Host-to-Device]
4957941547,5920,329327,273,1,1,8,4,1,39,0.002,0.000,,,,,NVIDIA A100-SXM4-40GB MIG 4g.20gb (0),1,,13,"void channel_eq::eqMmseCoefCompLowMimoKernel<float, float, float, (unsigned int)4, (unsigned int)1, (unsigned int)4>(const channel_eq::_puschRxChEqStatDescr *, channel_eq::_puschRxChEqCoefCompDynDescr)"
4957950635,5600,329328,273,1,1,12,11,1,51,0.002,0.000,,,,,NVIDIA A100-SXM4-40GB MIG 4g.20gb (0),1,,13,"void channel_eq::eqMmseSoftDemapKernel<float, __half, __half, float, (unsigned int)4, (unsigned short)16383>(channel_eq::_puschRxChEqStatDescr *, channel_eq::_puschRxChEqSoftDemapDynDescr)"
4957961003,282140,329329,1,1,1,32,32,1,30,0.000,0.000,,,,,NVIDIA A100-SXM4-40GB MIG 4g.20gb (0),1,,13,"void convert_kernel<float2, __half2>(tensor_layout_any, T1 *, tensor_layout_any, const T2 *)"
4958244231,11040,329341,2253,1,1,128,1,1,16,0.000,0.000,,,,,NVIDIA A100-SXM4-40GB MIG 4g.20gb (0),1,,13,cupy_copy__float16_float16
4958258407,3872,329350,282,1,1,128,1,1,16,0.000,0.000,,,,,NVIDIA A100-SXM4-40GB MIG 4g.20gb (0),1,,13,cupy_copy__complex64_complex64
4958264039,2272,329359,26,1,1,128,1,1,16,0.000,0.000,,,,,NVIDIA A100-SXM4-40GB MIG 4g.20gb (0),1,,13,cupy_copy__float32_float32
4958268967,2816,329368,103,1,1,128,1,1,16,0.000,0.000,,,,,NVIDIA A100-SXM4-40GB MIG 4g.20gb (0),1,,13,cupy_copy__complex64_complex64
4958274695,12096,329378,1434,1,1,128,1,1,16,0.000,0.000,,,,,NVIDIA A100-SXM4-40GB MIG 4g.20gb (0),1,,13,cupy_copy__complex64_complex64
4958289767,86239,329383,1,1,1,32,32,1,30,0.000,0.000,,,,,NVIDIA A100-SXM4-40GB MIG 4g.20gb (0),1,,13,"void convert_kernel<__half2, float2>(tensor_layout_any, T1 *, tensor_layout_any, const T2 *)"
4958403205,5728,329386,,,,,,,,,,0.094,16357.541,Pinned,Device,NVIDIA A100-SXM4-40GB MIG 4g.20gb (0),1,,13,[CUDA memcpy Host-to-Device]
4958412901,599129,329387,,,,,,,,,,456.561,762001.043,Device,,NVIDIA A100-SXM4-40GB MIG 4g.20gb (0),1,,13,[CUDA memset]
4959017342,134942,329392,,,,,,,,,,1.235,9150.935,Pinned,Device,NVIDIA A100-SXM4-40GB MIG 4g.20gb (0),1,,13,[CUDA memcpy Host-to-Device]
4959158716,18368,329393,,,,,,,,,,0.197,10703.733,Pinned,Device,NVIDIA A100-SXM4-40GB MIG 4g.20gb (0),1,,13,[CUDA memcpy Host-to-Device]
4959192124,8511,329394,69,4,1,48,1,1,76,0.002,0.000,,,,,NVIDIA A100-SXM4-40GB MIG 4g.20gb (0),1,,13,"void ch_est::windowedChEstPreNoDftSOfdmKernel<float, __half, float, (unsigned int)2, (unsigned int)1, (unsigned short)4>(ch_est::puschRxChEstStatDescr_t *, ch_est::puschRxChEstDynDescr_t *)"
4959207035,6016,329395,137,2,1,24,2,1,44,0.001,0.001,,,,,NVIDIA A100-SXM4-40GB MIG 4g.20gb (0),1,,13,"void ch_est::chEstFilterNoDftSOfdmDispatchKernel<float, __half, float, (unsigned int)2>(ch_est::puschRxChEstStatDescr_t *, ch_est::puschRxChEstDynDescr_t *)"
4959215131,5152,329396,137,2,1,24,2,1,44,0.001,0.001,,,,,NVIDIA A100-SXM4-40GB MIG 4g.20gb (0),1,,13,"void ch_est::chEstFilterNoDftSOfdmDispatchKernel<float, __half, float, (unsigned int)2>(ch_est::puschRxChEstStatDescr_t *, ch_est::puschRxChEstDynDescr_t *)"
4959223131,3072,329407,103,1,1,128,1,1,16,0.000,0.000,,,,,NVIDIA A100-SXM4-40GB MIG 4g.20gb (0),1,,13,cupy_copy__complex64_complex64
4959231099,12992,329417,1434,1,1,128,1,1,16,0.000,0.000,,,,,NVIDIA A100-SXM4-40GB MIG 4g.20gb (0),1,,13,cupy_copy__complex64_complex64
4959247899,2720,329424,103,1,1,128,1,1,16,0.000,0.000,,,,,NVIDIA A100-SXM4-40GB MIG 4g.20gb (0),1,,13,cupy_copy__complex64_complex64
4959256667,88095,329431,1,1,1,32,32,1,30,0.000,0.000,,,,,NVIDIA A100-SXM4-40GB MIG 4g.20gb (0),1,,13,"void convert_kernel<__half2, float2>(tensor_layout_any, T1 *, tensor_layout_any, const T2 *)"
4959373241,12960,329434,,,,,,,,,,0.094,7229.583,Pinned,Device,NVIDIA A100-SXM4-40GB MIG 4g.20gb (0),1,,13,[CUDA memcpy Host-to-Device]
4959391033,46880,329435,,,,,,,,,,35.810,763861.404,Device,,NVIDIA A100-SXM4-40GB MIG 4g.20gb (0),1,,13,[CUDA memset]
4959445112,6304,329437,,,,,,,,,,0.000,12.690,Pinned,Device,NVIDIA A100-SXM4-40GB MIG 4g.20gb (0),1,,13,[CUDA memcpy Host-to-Device]
4959458680,16416,329438,,,,,,,,,,0.197,11976.573,Pinned,Device,NVIDIA A100-SXM4-40GB MIG 4g.20gb (0),1,,13,[CUDA memcpy Host-to-Device]
4959484472,9824,329439,273,1,1,48,1,1,40,0.000,0.001,,,,,NVIDIA A100-SXM4-40GB MIG 4g.20gb (0),1,,13,"void pusch_noise_intf_est::noiseIntfEstNoDftSOfdmKernel<float, __half, float, float, (unsigned int)2, (unsigned int)1, (unsigned char)4, (unsigned char)4>(pusch_noise_intf_est::puschRxNoiseIntfEstDynDescr)"
4959499416,2784,329450,35,1,1,128,1,1,16,0.000,0.000,,,,,NVIDIA A100-SXM4-40GB MIG 4g.20gb (0),1,,13,cupy_copy__complex64_complex64
4959507640,1760,329459,1,1,1,1,1,1,18,0.000,0.000,,,,,NVIDIA A100-SXM4-40GB MIG 4g.20gb (0),1,,13,cupy_copy__float32_float32
4959526615,2656,329465,,,,,,,,,,0.000,1.506,Device,Pageable,NVIDIA A100-SXM4-40GB MIG 4g.20gb (0),1,,7,[CUDA memcpy Device-to-Host]
4959589655,12703,329476,1434,1,1,128,1,1,16,0.000,0.000,,,,,NVIDIA A100-SXM4-40GB MIG 4g.20gb (0),1,,13,cupy_copy__complex64_complex64
4959616630,2624,329483,103,1,1,128,1,1,16,0.000,0.000,,,,,NVIDIA A100-SXM4-40GB MIG 4g.20gb (0),1,,13,cupy_copy__complex64_complex64
4959638934,2336,329490,35,1,1,128,1,1,16,0.000,0.000,,,,,NVIDIA A100-SXM4-40GB MIG 4g.20gb (0),1,,13,cupy_copy__complex64_complex64
4959655446,1760,329497,1,1,1,1,1,1,18,0.000,0.000,,,,,NVIDIA A100-SXM4-40GB MIG 4g.20gb (0),1,,13,cupy_copy__float32_float32
4959790612,87103,329508,1,1,1,32,32,1,30,0.000,0.000,,,,,NVIDIA A100-SXM4-40GB MIG 4g.20gb (0),1,,13,"void convert_kernel<__half2, float2>(tensor_layout_any, T1 *, tensor_layout_any, const T2 *)"
4959905171,6048,329511,,,,,,,,,,0.094,15491.978,Pinned,Device,NVIDIA A100-SXM4-40GB MIG 4g.20gb (0),1,,13,[CUDA memcpy Host-to-Device]
4959919251,3520,329512,,,,,,,,,,1.547,439380.412,Device,,NVIDIA A100-SXM4-40GB MIG 4g.20gb (0),1,,13,[CUDA memset]
4959925971,3551,329517,,,,,,,,,,0.031,8813.267,Pinned,Device,NVIDIA A100-SXM4-40GB MIG 4g.20gb (0),1,,13,[CUDA memcpy Host-to-Device]
4959932178,10208,329518,,,,,,,,,,0.197,19260.113,Pinned,Device,NVIDIA A100-SXM4-40GB MIG 4g.20gb (0),1,,13,[CUDA memcpy Host-to-Device]
4959946450,6272,329519,273,1,1,8,4,1,39,0.002,0.000,,,,,NVIDIA A100-SXM4-40GB MIG 4g.20gb (0),1,,13,"void channel_eq::eqMmseCoefCompLowMimoKernel<float, float, float, (unsigned int)4, (unsigned int)1, (unsigned int)4>(const channel_eq::_puschRxChEqStatDescr *, channel_eq::_puschRxChEqCoefCompDynDescr)"
4959953714,6176,329520,273,1,1,12,11,1,51,0.002,0.000,,,,,NVIDIA A100-SXM4-40GB MIG 4g.20gb (0),1,,13,"void channel_eq::eqMmseSoftDemapKernel<float, __half, __half, float, (unsigned int)4, (unsigned short)16383>(channel_eq::_puschRxChEqStatDescr *, channel_eq::_puschRxChEqSoftDemapDynDescr)"
4959963218,279645,329521,1,1,1,32,32,1,30,0.000,0.000,,,,,NVIDIA A100-SXM4-40GB MIG 4g.20gb (0),1,,13,"void convert_kernel<float2, __half2>(tensor_layout_any, T1 *, tensor_layout_any, const T2 *)"
4960243887,10847,329533,2253,1,1,128,1,1,16,0.000,0.000,,,,,NVIDIA A100-SXM4-40GB MIG 4g.20gb (0),1,,13,cupy_copy__float16_float16
4960258190,3744,329542,282,1,1,128,1,1,16,0.000,0.000,,,,,NVIDIA A100-SXM4-40GB MIG 4g.20gb (0),1,,13,cupy_copy__complex64_complex64
4960264078,2304,329551,26,1,1,128,1,1,16,0.000,0.000,,,,,NVIDIA A100-SXM4-40GB MIG 4g.20gb (0),1,,13,cupy_copy__float32_float32
4960268110,2848,329560,103,1,1,128,1,1,16,0.000,0.000,,,,,NVIDIA A100-SXM4-40GB MIG 4g.20gb (0),1,,13,cupy_copy__complex64_complex64
4960272078,12000,329570,1434,1,1,128,1,1,16,0.000,0.000,,,,,NVIDIA A100-SXM4-40GB MIG 4g.20gb (0),1,,13,cupy_copy__complex64_complex64
4960297390,87295,329575,1,1,1,32,32,1,30,0.000,0.000,,,,,NVIDIA A100-SXM4-40GB MIG 4g.20gb (0),1,,13,"void convert_kernel<__half2, float2>(tensor_layout_any, T1 *, tensor_layout_any, const T2 *)"
4960411501,5855,329578,,,,,,,,,,0.094,16002.715,Pinned,Device,NVIDIA A100-SXM4-40GB MIG 4g.20gb (0),1,,13,[CUDA memcpy Host-to-Device]
4960421484,597657,329579,,,,,,,,,,456.561,763827.289,Device,,NVIDIA A100-SXM4-40GB MIG 4g.20gb (0),1,,13,[CUDA memset]
4961022245,148414,329584,,,,,,,,,,1.235,8319.818,Pinned,Device,NVIDIA A100-SXM4-40GB MIG 4g.20gb (0),1,,13,[CUDA memcpy Host-to-Device]
4961183491,40160,329585,,,,,,,,,,0.197,4895.539,Pinned,Device,NVIDIA A100-SXM4-40GB MIG 4g.20gb (0),1,,13,[CUDA memcpy Host-to-Device]
4961253762,8192,329586,69,4,1,48,1,1,76,0.002,0.000,,,,,NVIDIA A100-SXM4-40GB MIG 4g.20gb (0),1,,13,"void ch_est::windowedChEstPreNoDftSOfdmKernel<float, __half, float, (unsigned int)2, (unsigned int)1, (unsigned short)4>(ch_est::puschRxChEstStatDescr_t *, ch_est::puschRxChEstDynDescr_t *)"
4961273282,6624,329587,137,2,1,24,2,1,44,0.001,0.001,,,,,NVIDIA A100-SXM4-40GB MIG 4g.20gb (0),1,,13,"void ch_est::chEstFilterNoDftSOfdmDispatchKernel<float, __half, float, (unsigned int)2>(ch_est::puschRxChEstStatDescr_t *, ch_est::puschRxChEstDynDescr_t *)"
4961291298,4800,329588,137,2,1,24,2,1,44,0.001,0.001,,,,,NVIDIA A100-SXM4-40GB MIG 4g.20gb (0),1,,13,"void ch_est::chEstFilterNoDftSOfdmDispatchKernel<float, __half, float, (unsigned int)2>(ch_est::puschRxChEstStatDescr_t *, ch_est::puschRxChEstDynDescr_t *)"
4961308449,2624,329599,103,1,1,128,1,1,16,0.000,0.000,,,,,NVIDIA A100-SXM4-40GB MIG 4g.20gb (0),1,,13,cupy_copy__complex64_complex64
4961322849,12608,329609,1434,1,1,128,1,1,16,0.000,0.000,,,,,NVIDIA A100-SXM4-40GB MIG 4g.20gb (0),1,,13,cupy_copy__complex64_complex64
4961356065,2528,329616,103,1,1,128,1,1,16,0.000,0.000,,,,,NVIDIA A100-SXM4-40GB MIG 4g.20gb (0),1,,13,cupy_copy__complex64_complex64
4961369313,86559,329623,1,1,1,32,32,1,30,0.000,0.000,,,,,NVIDIA A100-SXM4-40GB MIG 4g.20gb (0),1,,13,"void convert_kernel<__half2, float2>(tensor_layout_any, T1 *, tensor_layout_any, const T2 *)"
4961486591,13824,329626,,,,,,,,,,0.094,6777.688,Pinned,Device,NVIDIA A100-SXM4-40GB MIG 4g.20gb (0),1,,13,[CUDA memcpy Host-to-Device]
4961513535,47455,329627,,,,,,,,,,35.810,754586.634,Device,,NVIDIA A100-SXM4-40GB MIG 4g.20gb (0),1,,13,[CUDA memset]
4961563870,7936,329629,,,,,,,,,,0.000,10.081,Pinned,Device,NVIDIA A100-SXM4-40GB MIG 4g.20gb (0),1,,13,[CUDA memcpy Host-to-Device]
4961576286,21760,329630,,,,,,,,,,0.197,9035.121,Pinned,Device,NVIDIA A100-SXM4-40GB MIG 4g.20gb (0),1,,13,[CUDA memcpy Host-to-Device]
4961611262,9696,329631,273,1,1,48,1,1,40,0.000,0.001,,,,,NVIDIA A100-SXM4-40GB MIG 4g.20gb (0),1,,13,"void pusch_noise_intf_est::noiseIntfEstNoDftSOfdmKernel<float, __half, float, float, (unsigned int)2, (unsigned int)1, (unsigned char)4, (unsigned char)4>(pusch_noise_intf_est::puschRxNoiseIntfEstDynDescr)"
4961628894,2655,329642,35,1,1,128,1,1,16,0.000,0.000,,,,,NVIDIA A100-SXM4-40GB MIG 4g.20gb (0),1,,13,cupy_copy__complex64_complex64
4961640701,1696,329651,1,1,1,1,1,1,18,0.000,0.000,,,,,NVIDIA A100-SXM4-40GB MIG 4g.20gb (0),1,,13,cupy_copy__float32_float32
4961647389,2304,329657,,,,,,,,,,0.000,1.736,Device,Pageable,NVIDIA A100-SXM4-40GB MIG 4g.20gb (0),1,,7,[CUDA memcpy Device-to-Host]
4961730716,12768,329668,1434,1,1,128,1,1,16,0.000,0.000,,,,,NVIDIA A100-SXM4-40GB MIG 4g.20gb (0),1,,13,cupy_copy__complex64_complex64
4961750620,3456,329675,103,1,1,128,1,1,16,0.000,0.000,,,,,NVIDIA A100-SXM4-40GB MIG 4g.20gb (0),1,,13,cupy_copy__complex64_complex64
4961782812,2688,329682,35,1,1,128,1,1,16,0.000,0.000,,,,,NVIDIA A100-SXM4-40GB MIG 4g.20gb (0),1,,13,cupy_copy__complex64_complex64
4961794747,1792,329689,1,1,1,1,1,1,18,0.000,0.000,,,,,NVIDIA A100-SXM4-40GB MIG 4g.20gb (0),1,,13,cupy_copy__float32_float32
4961914522,81247,329700,1,1,1,32,32,1,30,0.000,0.000,,,,,NVIDIA A100-SXM4-40GB MIG 4g.20gb (0),1,,13,"void convert_kernel<__half2, float2>(tensor_layout_any, T1 *, tensor_layout_any, const T2 *)"
4962023225,5728,329703,,,,,,,,,,0.094,16357.541,Pinned,Device,NVIDIA A100-SXM4-40GB MIG 4g.20gb (0),1,,13,[CUDA memcpy Host-to-Device]
4962038200,3392,329704,,,,,,,,,,1.547,455961.768,Device,,NVIDIA A100-SXM4-40GB MIG 4g.20gb (0),1,,13,[CUDA memset]
4962046520,3488,329709,,,,,,,,,,0.031,8972.469,Pinned,Device,NVIDIA A100-SXM4-40GB MIG 4g.20gb (0),1,,13,[CUDA memcpy Host-to-Device]
4962052408,9536,329710,,,,,,,,,,0.197,20617.298,Pinned,Device,NVIDIA A100-SXM4-40GB MIG 4g.20gb (0),1,,13,[CUDA memcpy Host-to-Device]
4962065784,6144,329711,273,1,1,8,4,1,39,0.002,0.000,,,,,NVIDIA A100-SXM4-40GB MIG 4g.20gb (0),1,,13,"void channel_eq::eqMmseCoefCompLowMimoKernel<float, float, float, (unsigned int)4, (unsigned int)1, (unsigned int)4>(const channel_eq::_puschRxChEqStatDescr *, channel_eq::_puschRxChEqCoefCompDynDescr)"
4962073016,8160,329712,273,1,1,12,11,1,51,0.002,0.000,,,,,NVIDIA A100-SXM4-40GB MIG 4g.20gb (0),1,,13,"void channel_eq::eqMmseSoftDemapKernel<float, __half, __half, float, (unsigned int)4, (unsigned short)16383>(channel_eq::_puschRxChEqStatDescr *, channel_eq::_puschRxChEqSoftDemapDynDescr)"
4962083576,294940,329713,1,1,1,32,32,1,30,0.000,0.000,,,,,NVIDIA A100-SXM4-40GB MIG 4g.20gb (0),1,,13,"void convert_kernel<float2, __half2>(tensor_layout_any, T1 *, tensor_layout_any, const T2 *)"
4962380532,11072,329725,2253,1,1,128,1,1,16,0.000,0.000,,,,,NVIDIA A100-SXM4-40GB MIG 4g.20gb (0),1,,13,cupy_copy__float16_float16
4962395124,3840,329734,282,1,1,128,1,1,16,0.000,0.000,,,,,NVIDIA A100-SXM4-40GB MIG 4g.20gb (0),1,,13,cupy_copy__complex64_complex64
4962401812,2272,329743,26,1,1,128,1,1,16,0.000,0.000,,,,,NVIDIA A100-SXM4-40GB MIG 4g.20gb (0),1,,13,cupy_copy__float32_float32
4962406836,3008,329752,103,1,1,128,1,1,16,0.000,0.000,,,,,NVIDIA A100-SXM4-40GB MIG 4g.20gb (0),1,,13,cupy_copy__complex64_complex64
4962410804,12000,329762,1434,1,1,128,1,1,16,0.000,0.000,,,,,NVIDIA A100-SXM4-40GB MIG 4g.20gb (0),1,,13,cupy_copy__complex64_complex64
4962426164,80895,329767,1,1,1,32,32,1,30,0.000,0.000,,,,,NVIDIA A100-SXM4-40GB MIG 4g.20gb (0),1,,13,"void convert_kernel<__half2, float2>(tensor_layout_any, T1 *, tensor_layout_any, const T2 *)"
4962534194,5376,329770,,,,,,,,,,0.094,17428.487,Pinned,Device,NVIDIA A100-SXM4-40GB MIG 4g.20gb (0),1,,13,[CUDA memcpy Host-to-Device]
4962544146,596057,329771,,,,,,,,,,456.561,765653.535,Device,,NVIDIA A100-SXM4-40GB MIG 4g.20gb (0),1,,13,[CUDA memset]
4963155275,158366,329776,,,,,,,,,,1.235,7797.436,Pinned,Device,NVIDIA A100-SXM4-40GB MIG 4g.20gb (0),1,,13,[CUDA memcpy Host-to-Device]
4963325321,32159,329777,,,,,,,,,,0.197,6113.526,Pinned,Device,NVIDIA A100-SXM4-40GB MIG 4g.20gb (0),1,,13,[CUDA memcpy Host-to-Device]
4963374152,8352,329778,69,4,1,48,1,1,76,0.002,0.000,,,,,NVIDIA A100-SXM4-40GB MIG 4g.20gb (0),1,,13,"void ch_est::windowedChEstPreNoDftSOfdmKernel<float, __half, float, (unsigned int)2, (unsigned int)1, (unsigned short)4>(ch_est::puschRxChEstStatDescr_t *, ch_est::puschRxChEstDynDescr_t *)"
4963388264,7136,329779,137,2,1,24,2,1,44,0.001,0.001,,,,,NVIDIA A100-SXM4-40GB MIG 4g.20gb (0),1,,13,"void ch_est::chEstFilterNoDftSOfdmDispatchKernel<float, __half, float, (unsigned int)2>(ch_est::puschRxChEstStatDescr_t *, ch_est::puschRxChEstDynDescr_t *)"
4963404648,4768,329780,137,2,1,24,2,1,44,0.001,0.001,,,,,NVIDIA A100-SXM4-40GB MIG 4g.20gb (0),1,,13,"void ch_est::chEstFilterNoDftSOfdmDispatchKernel<float, __half, float, (unsigned int)2>(ch_est::puschRxChEstStatDescr_t *, ch_est::puschRxChEstDynDescr_t *)"
4963419431,2688,329791,103,1,1,128,1,1,16,0.000,0.000,,,,,NVIDIA A100-SXM4-40GB MIG 4g.20gb (0),1,,13,cupy_copy__complex64_complex64
4963432615,12480,329801,1434,1,1,128,1,1,16,0.000,0.000,,,,,NVIDIA A100-SXM4-40GB MIG 4g.20gb (0),1,,13,cupy_copy__complex64_complex64
4963467079,2528,329808,103,1,1,128,1,1,16,0.000,0.000,,,,,NVIDIA A100-SXM4-40GB MIG 4g.20gb (0),1,,13,cupy_copy__complex64_complex64
4963485799,80991,329815,1,1,1,32,32,1,30,0.000,0.000,,,,,NVIDIA A100-SXM4-40GB MIG 4g.20gb (0),1,,13,"void convert_kernel<__half2, float2>(tensor_layout_any, T1 *, tensor_layout_any, const T2 *)"
4963602661,18176,329818,,,,,,,,,,0.094,5154.873,Pinned,Device,NVIDIA A100-SXM4-40GB MIG 4g.20gb (0),1,,13,[CUDA memcpy Host-to-Device]
4963632517,47871,329819,,,,,,,,,,35.810,748033.419,Device,,NVIDIA A100-SXM4-40GB MIG 4g.20gb (0),1,,13,[CUDA memset]
4963682436,9984,329821,,,,,,,,,,0.000,8.013,Pinned,Device,NVIDIA A100-SXM4-40GB MIG 4g.20gb (0),1,,13,[CUDA memcpy Host-to-Device]
4963699620,14528,329822,,,,,,,,,,0.197,13532.922,Pinned,Device,NVIDIA A100-SXM4-40GB MIG 4g.20gb (0),1,,13,[CUDA memcpy Host-to-Device]
4963724804,9760,329823,273,1,1,48,1,1,40,0.000,0.001,,,,,NVIDIA A100-SXM4-40GB MIG 4g.20gb (0),1,,13,"void pusch_noise_intf_est::noiseIntfEstNoDftSOfdmKernel<float, __half, float, float, (unsigned int)2, (unsigned int)1, (unsigned char)4, (unsigned char)4>(pusch_noise_intf_est::puschRxNoiseIntfEstDynDescr)"
4963740516,3359,329834,35,1,1,128,1,1,16,0.000,0.000,,,,,NVIDIA A100-SXM4-40GB MIG 4g.20gb (0),1,,13,cupy_copy__complex64_complex64
4963748387,1792,329843,1,1,1,1,1,1,18,0.000,0.000,,,,,NVIDIA A100-SXM4-40GB MIG 4g.20gb (0),1,,13,cupy_copy__float32_float32
4963751779,2656,329849,,,,,,,,,,0.000,1.506,Device,Pageable,NVIDIA A100-SXM4-40GB MIG 4g.20gb (0),1,,7,[CUDA memcpy Device-to-Host]
4963827906,13088,329860,1434,1,1,128,1,1,16,0.000,0.000,,,,,NVIDIA A100-SXM4-40GB MIG 4g.20gb (0),1,,13,cupy_copy__complex64_complex64
4963852418,2976,329867,103,1,1,128,1,1,16,0.000,0.000,,,,,NVIDIA A100-SXM4-40GB MIG 4g.20gb (0),1,,13,cupy_copy__complex64_complex64
4963876642,2592,329874,35,1,1,128,1,1,16,0.000,0.000,,,,,NVIDIA A100-SXM4-40GB MIG 4g.20gb (0),1,,13,cupy_copy__complex64_complex64
4963892034,1728,329881,1,1,1,1,1,1,18,0.000,0.000,,,,,NVIDIA A100-SXM4-40GB MIG 4g.20gb (0),1,,13,cupy_copy__float32_float32
4964021248,94879,329892,1,1,1,32,32,1,30,0.000,0.000,,,,,NVIDIA A100-SXM4-40GB MIG 4g.20gb (0),1,,13,"void convert_kernel<__half2, float2>(tensor_layout_any, T1 *, tensor_layout_any, const T2 *)"
4964146462,8832,329895,,,,,,,,,,0.094,10608.636,Pinned,Device,NVIDIA A100-SXM4-40GB MIG 4g.20gb (0),1,,13,[CUDA memcpy Host-to-Device]
4964170174,3328,329896,,,,,,,,,,1.547,464729.580,Device,,NVIDIA A100-SXM4-40GB MIG 4g.20gb (0),1,,13,[CUDA memset]
4964177662,5248,329901,,,,,,,,,,0.031,5963.390,Pinned,Device,NVIDIA A100-SXM4-40GB MIG 4g.20gb (0),1,,13,[CUDA memcpy Host-to-Device]
4964187614,13152,329902,,,,,,,,,,0.197,14948.893,Pinned,Device,NVIDIA A100-SXM4-40GB MIG 4g.20gb (0),1,,13,[CUDA memcpy Host-to-Device]
4964207230,7840,329903,273,1,1,8,4,1,39,0.002,0.000,,,,,NVIDIA A100-SXM4-40GB MIG 4g.20gb (0),1,,13,"void channel_eq::eqMmseCoefCompLowMimoKernel<float, float, float, (unsigned int)4, (unsigned int)1, (unsigned int)4>(const channel_eq::_puschRxChEqStatDescr *, channel_eq::_puschRxChEqCoefCompDynDescr)"
4964219454,6144,329904,273,1,1,12,11,1,51,0.002,0.000,,,,,NVIDIA A100-SXM4-40GB MIG 4g.20gb (0),1,,13,"void channel_eq::eqMmseSoftDemapKernel<float, __half, __half, float, (unsigned int)4, (unsigned short)16383>(channel_eq::_puschRxChEqStatDescr *, channel_eq::_puschRxChEqSoftDemapDynDescr)"
4964227613,294781,329905,1,1,1,32,32,1,30,0.000,0.000,,,,,NVIDIA A100-SXM4-40GB MIG 4g.20gb (0),1,,13,"void convert_kernel<float2, __half2>(tensor_layout_any, T1 *, tensor_layout_any, const T2 *)"
4964523418,11136,329917,2253,1,1,128,1,1,16,0.000,0.000,,,,,NVIDIA A100-SXM4-40GB MIG 4g.20gb (0),1,,13,cupy_copy__float16_float16
4964537658,2880,329926,282,1,1,128,1,1,16,0.000,0.000,,,,,NVIDIA A100-SXM4-40GB MIG 4g.20gb (0),1,,13,cupy_copy__complex64_complex64
4964544666,2080,329935,26,1,1,128,1,1,16,0.000,0.000,,,,,NVIDIA A100-SXM4-40GB MIG 4g.20gb (0),1,,13,cupy_copy__float32_float32
4964547930,4863,329944,103,1,1,128,1,1,16,0.000,0.000,,,,,NVIDIA A100-SXM4-40GB MIG 4g.20gb (0),1,,13,cupy_copy__complex64_complex64
4964553817,11936,329954,1434,1,1,128,1,1,16,0.000,0.000,,,,,NVIDIA A100-SXM4-40GB MIG 4g.20gb (0),1,,13,cupy_copy__complex64_complex64
4964568441,85535,329959,1,1,1,32,32,1,30,0.000,0.000,,,,,NVIDIA A100-SXM4-40GB MIG 4g.20gb (0),1,,13,"void convert_kernel<__half2, float2>(tensor_layout_any, T1 *, tensor_layout_any, const T2 *)"
4964680472,5632,329962,,,,,,,,,,0.094,16636.287,Pinned,Device,NVIDIA A100-SXM4-40GB MIG 4g.20gb (0),1,,13,[CUDA memcpy Host-to-Device]
4964690520,596760,329963,,,,,,,,,,456.561,764740.412,Device,,NVIDIA A100-SXM4-40GB MIG 4g.20gb (0),1,,13,[CUDA memset]
4965291760,154782,329968,,,,,,,,,,1.235,7977.738,Pinned,Device,NVIDIA A100-SXM4-40GB MIG 4g.20gb (0),1,,13,[CUDA memcpy Host-to-Device]
4965463182,40512,329969,,,,,,,,,,0.197,4853.072,Pinned,Device,NVIDIA A100-SXM4-40GB MIG 4g.20gb (0),1,,13,[CUDA memcpy Host-to-Device]
4965533517,8352,329970,69,4,1,48,1,1,76,0.002,0.000,,,,,NVIDIA A100-SXM4-40GB MIG 4g.20gb (0),1,,13,"void ch_est::windowedChEstPreNoDftSOfdmKernel<float, __half, float, (unsigned int)2, (unsigned int)1, (unsigned short)4>(ch_est::puschRxChEstStatDescr_t *, ch_est::puschRxChEstDynDescr_t *)"
4965551245,7072,329971,137,2,1,24,2,1,44,0.001,0.001,,,,,NVIDIA A100-SXM4-40GB MIG 4g.20gb (0),1,,13,"void ch_est::chEstFilterNoDftSOfdmDispatchKernel<float, __half, float, (unsigned int)2>(ch_est::puschRxChEstStatDescr_t *, ch_est::puschRxChEstDynDescr_t *)"
4965568621,4704,329972,137,2,1,24,2,1,44,0.001,0.001,,,,,NVIDIA A100-SXM4-40GB MIG 4g.20gb (0),1,,13,"void ch_est::chEstFilterNoDftSOfdmDispatchKernel<float, __half, float, (unsigned int)2>(ch_est::puschRxChEstStatDescr_t *, ch_est::puschRxChEstDynDescr_t *)"
4965585293,2528,329983,103,1,1,128,1,1,16,0.000,0.000,,,,,NVIDIA A100-SXM4-40GB MIG 4g.20gb (0),1,,13,cupy_copy__complex64_complex64
4965604365,12415,329993,1434,1,1,128,1,1,16,0.000,0.000,,,,,NVIDIA A100-SXM4-40GB MIG 4g.20gb (0),1,,13,cupy_copy__complex64_complex64
4965622988,2944,330000,103,1,1,128,1,1,16,0.000,0.000,,,,,NVIDIA A100-SXM4-40GB MIG 4g.20gb (0),1,,13,cupy_copy__complex64_complex64
4965646156,84735,330007,1,1,1,32,32,1,30,0.000,0.000,,,,,NVIDIA A100-SXM4-40GB MIG 4g.20gb (0),1,,13,"void convert_kernel<__half2, float2>(tensor_layout_any, T1 *, tensor_layout_any, const T2 *)"
4965762923,17983,330010,,,,,,,,,,0.094,5210.247,Pinned,Device,NVIDIA A100-SXM4-40GB MIG 4g.20gb (0),1,,13,[CUDA memcpy Host-to-Device]
4965806634,47391,330011,,,,,,,,,,35.810,755625.122,Device,,NVIDIA A100-SXM4-40GB MIG 4g.20gb (0),1,,13,[CUDA memset]
4965863785,10432,330013,,,,,,,,,,0.000,7.669,Pinned,Device,NVIDIA A100-SXM4-40GB MIG 4g.20gb (0),1,,13,[CUDA memcpy Host-to-Device]
4965884041,34176,330014,,,,,,,,,,0.197,5752.750,Pinned,Device,NVIDIA A100-SXM4-40GB MIG 4g.20gb (0),1,,13,[CUDA memcpy Host-to-Device]
4965942248,9824,330015,273,1,1,48,1,1,40,0.000,0.001,,,,,NVIDIA A100-SXM4-40GB MIG 4g.20gb (0),1,,13,"void pusch_noise_intf_est::noiseIntfEstNoDftSOfdmKernel<float, __half, float, float, (unsigned int)2, (unsigned int)1, (unsigned char)4, (unsigned char)4>(pusch_noise_intf_est::puschRxNoiseIntfEstDynDescr)"
4965967176,2816,330026,35,1,1,128,1,1,16,0.000,0.000,,,,,NVIDIA A100-SXM4-40GB MIG 4g.20gb (0),1,,13,cupy_copy__complex64_complex64
4965979592,1696,330035,1,1,1,1,1,1,18,0.000,0.000,,,,,NVIDIA A100-SXM4-40GB MIG 4g.20gb (0),1,,13,cupy_copy__float32_float32
4965988072,7776,330041,,,,,,,,,,0.000,0.514,Device,Pageable,NVIDIA A100-SXM4-40GB MIG 4g.20gb (0),1,,7,[CUDA memcpy Device-to-Host]
4966065927,13024,330052,1434,1,1,128,1,1,16,0.000,0.000,,,,,NVIDIA A100-SXM4-40GB MIG 4g.20gb (0),1,,13,cupy_copy__complex64_complex64
4966088743,2624,330059,103,1,1,128,1,1,16,0.000,0.000,,,,,NVIDIA A100-SXM4-40GB MIG 4g.20gb (0),1,,13,cupy_copy__complex64_complex64
4966109734,2528,330066,35,1,1,128,1,1,16,0.000,0.000,,,,,NVIDIA A100-SXM4-40GB MIG 4g.20gb (0),1,,13,cupy_copy__complex64_complex64
4966129702,1760,330073,1,1,1,1,1,1,18,0.000,0.000,,,,,NVIDIA A100-SXM4-40GB MIG 4g.20gb (0),1,,13,cupy_copy__float32_float32
4966259396,90495,330084,1,1,1,32,32,1,30,0.000,0.000,,,,,NVIDIA A100-SXM4-40GB MIG 4g.20gb (0),1,,13,"void convert_kernel<__half2, float2>(tensor_layout_any, T1 *, tensor_layout_any, const T2 *)"
4966377187,5792,330087,,,,,,,,,,0.094,16176.708,Pinned,Device,NVIDIA A100-SXM4-40GB MIG 4g.20gb (0),1,,13,[CUDA memcpy Host-to-Device]
4966391747,3424,330088,,,,,,,,,,1.547,451700.819,Device,,NVIDIA A100-SXM4-40GB MIG 4g.20gb (0),1,,13,[CUDA memset]
4966398851,3360,330093,,,,,,,,,,0.031,9314.284,Pinned,Device,NVIDIA A100-SXM4-40GB MIG 4g.20gb (0),1,,13,[CUDA memcpy Host-to-Device]
4966404739,9664,330094,,,,,,,,,,0.197,20344.209,Pinned,Device,NVIDIA A100-SXM4-40GB MIG 4g.20gb (0),1,,13,[CUDA memcpy Host-to-Device]
4966419650,6496,330095,273,1,1,8,4,1,39,0.002,0.000,,,,,NVIDIA A100-SXM4-40GB MIG 4g.20gb (0),1,,13,"void channel_eq::eqMmseCoefCompLowMimoKernel<float, float, float, (unsigned int)4, (unsigned int)1, (unsigned int)4>(const channel_eq::_puschRxChEqStatDescr *, channel_eq::_puschRxChEqCoefCompDynDescr)"
4966427170,6144,330096,273,1,1,12,11,1,51,0.002,0.000,,,,,NVIDIA A100-SXM4-40GB MIG 4g.20gb (0),1,,13,"void channel_eq::eqMmseSoftDemapKernel<float, __half, __half, float, (unsigned int)4, (unsigned short)16383>(channel_eq::_puschRxChEqStatDescr *, channel_eq::_puschRxChEqSoftDemapDynDescr)"
4966434402,282429,330097,1,1,1,32,32,1,30,0.000,0.000,,,,,NVIDIA A100-SXM4-40GB MIG 4g.20gb (0),1,,13,"void convert_kernel<float2, __half2>(tensor_layout_any, T1 *, tensor_layout_any, const T2 *)"
4966719103,10624,330109,2253,1,1,128,1,1,16,0.000,0.000,,,,,NVIDIA A100-SXM4-40GB MIG 4g.20gb (0),1,,13,cupy_copy__float16_float16
4966730943,3136,330118,282,1,1,128,1,1,16,0.000,0.000,,,,,NVIDIA A100-SXM4-40GB MIG 4g.20gb (0),1,,13,cupy_copy__complex64_complex64
4966737631,2432,330127,26,1,1,128,1,1,16,0.000,0.000,,,,,NVIDIA A100-SXM4-40GB MIG 4g.20gb (0),1,,13,cupy_copy__float32_float32
4966741087,4607,330136,103,1,1,128,1,1,16,0.000,0.000,,,,,NVIDIA A100-SXM4-40GB MIG 4g.20gb (0),1,,13,cupy_copy__complex64_complex64
4966747070,12224,330146,1434,1,1,128,1,1,16,0.000,0.000,,,,,NVIDIA A100-SXM4-40GB MIG 4g.20gb (0),1,,13,cupy_copy__complex64_complex64
4966764030,86431,330151,1,1,1,32,32,1,30,0.000,0.000,,,,,NVIDIA A100-SXM4-40GB MIG 4g.20gb (0),1,,13,"void convert_kernel<__half2, float2>(tensor_layout_any, T1 *, tensor_layout_any, const T2 *)"
4966878845,5600,330154,,,,,,,,,,0.094,16731.388,Pinned,Device,NVIDIA A100-SXM4-40GB MIG 4g.20gb (0),1,,13,[CUDA memcpy Host-to-Device]
4966889917,598040,330155,,,,,,,,,,456.561,763370.728,Device,,NVIDIA A100-SXM4-40GB MIG 4g.20gb (0),1,,13,[CUDA memset]
4967494805,147870,330160,,,,,,,,,,1.235,8350.691,Pinned,Device,NVIDIA A100-SXM4-40GB MIG 4g.20gb (0),1,,13,[CUDA memcpy Host-to-Device]
4967656627,41920,330161,,,,,,,,,,0.197,4689.887,Pinned,Device,NVIDIA A100-SXM4-40GB MIG 4g.20gb (0),1,,13,[CUDA memcpy Host-to-Device]
4967716339,8351,330162,69,4,1,48,1,1,76,0.002,0.000,,,,,NVIDIA A100-SXM4-40GB MIG 4g.20gb (0),1,,13,"void ch_est::windowedChEstPreNoDftSOfdmKernel<float, __half, float, (unsigned int)2, (unsigned int)1, (unsigned short)4>(ch_est::puschRxChEstStatDescr_t *, ch_est::puschRxChEstDynDescr_t *)"
4967735922,6944,330163,137,2,1,24,2,1,44,0.001,0.001,,,,,NVIDIA A100-SXM4-40GB MIG 4g.20gb (0),1,,13,"void ch_est::chEstFilterNoDftSOfdmDispatchKernel<float, __half, float, (unsigned int)2>(ch_est::puschRxChEstStatDescr_t *, ch_est::puschRxChEstDynDescr_t *)"
4967752786,4736,330164,137,2,1,24,2,1,44,0.001,0.001,,,,,NVIDIA A100-SXM4-40GB MIG 4g.20gb (0),1,,13,"void ch_est::chEstFilterNoDftSOfdmDispatchKernel<float, __half, float, (unsigned int)2>(ch_est::puschRxChEstStatDescr_t *, ch_est::puschRxChEstDynDescr_t *)"
4967769874,2752,330175,103,1,1,128,1,1,16,0.000,0.000,,,,,NVIDIA A100-SXM4-40GB MIG 4g.20gb (0),1,,13,cupy_copy__complex64_complex64
4967786578,12447,330185,1434,1,1,128,1,1,16,0.000,0.000,,,,,NVIDIA A100-SXM4-40GB MIG 4g.20gb (0),1,,13,cupy_copy__complex64_complex64
4967807921,2880,330192,103,1,1,128,1,1,16,0.000,0.000,,,,,NVIDIA A100-SXM4-40GB MIG 4g.20gb (0),1,,13,cupy_copy__complex64_complex64
4967833873,85535,330199,1,1,1,32,32,1,30,0.000,0.000,,,,,NVIDIA A100-SXM4-40GB MIG 4g.20gb (0),1,,13,"void convert_kernel<__half2, float2>(tensor_layout_any, T1 *, tensor_layout_any, const T2 *)"
4967948848,29695,330202,,,,,,,,,,0.094,3155.213,Pinned,Device,NVIDIA A100-SXM4-40GB MIG 4g.20gb (0),1,,13,[CUDA memcpy Host-to-Device]
4968008495,46719,330203,,,,,,,,,,35.810,766475.528,Device,,NVIDIA A100-SXM4-40GB MIG 4g.20gb (0),1,,13,[CUDA memset]
4968058574,10496,330205,,,,,,,,,,0.000,7.622,Pinned,Device,NVIDIA A100-SXM4-40GB MIG 4g.20gb (0),1,,13,[CUDA memcpy Host-to-Device]
4968082382,30432,330206,,,,,,,,,,0.197,6460.539,Pinned,Device,NVIDIA A100-SXM4-40GB MIG 4g.20gb (0),1,,13,[CUDA memcpy Host-to-Device]
4968136845,10240,330207,273,1,1,48,1,1,40,0.000,0.001,,,,,NVIDIA A100-SXM4-40GB MIG 4g.20gb (0),1,,13,"void pusch_noise_intf_est::noiseIntfEstNoDftSOfdmKernel<float, __half, float, float, (unsigned int)2, (unsigned int)1, (unsigned char)4, (unsigned char)4>(pusch_noise_intf_est::puschRxNoiseIntfEstDynDescr)"
4968153293,2656,330218,35,1,1,128,1,1,16,0.000,0.000,,,,,NVIDIA A100-SXM4-40GB MIG 4g.20gb (0),1,,13,cupy_copy__complex64_complex64
4968170381,1728,330227,1,1,1,1,1,1,18,0.000,0.000,,,,,NVIDIA A100-SXM4-40GB MIG 4g.20gb (0),1,,13,cupy_copy__float32_float32
4968178701,7712,330233,,,,,,,,,,0.000,0.519,Device,Pageable,NVIDIA A100-SXM4-40GB MIG 4g.20gb (0),1,,7,[CUDA memcpy Device-to-Host]
4968275340,12831,330244,1434,1,1,128,1,1,16,0.000,0.000,,,,,NVIDIA A100-SXM4-40GB MIG 4g.20gb (0),1,,13,cupy_copy__complex64_complex64
4968298219,3392,330251,103,1,1,128,1,1,16,0.000,0.000,,,,,NVIDIA A100-SXM4-40GB MIG 4g.20gb (0),1,,13,cupy_copy__complex64_complex64
4968317899,2528,330258,35,1,1,128,1,1,16,0.000,0.000,,,,,NVIDIA A100-SXM4-40GB MIG 4g.20gb (0),1,,13,cupy_copy__complex64_complex64
4968338443,1792,330265,1,1,1,1,1,1,18,0.000,0.000,,,,,NVIDIA A100-SXM4-40GB MIG 4g.20gb (0),1,,13,cupy_copy__float32_float32
4968460489,88127,330276,1,1,1,32,32,1,30,0.000,0.000,,,,,NVIDIA A100-SXM4-40GB MIG 4g.20gb (0),1,,13,"void convert_kernel<__half2, float2>(tensor_layout_any, T1 *, tensor_layout_any, const T2 *)"
4968576712,5952,330279,,,,,,,,,,0.094,15741.865,Pinned,Device,NVIDIA A100-SXM4-40GB MIG 4g.20gb (0),1,,13,[CUDA memcpy Host-to-Device]
4968590696,3264,330280,,,,,,,,,,1.547,473842.288,Device,,NVIDIA A100-SXM4-40GB MIG 4g.20gb (0),1,,13,[CUDA memset]
4968597480,3840,330285,,,,,,,,,,0.031,8149.979,Pinned,Device,NVIDIA A100-SXM4-40GB MIG 4g.20gb (0),1,,13,[CUDA memcpy Host-to-Device]
4968603432,9695,330286,,,,,,,,,,0.197,20279.132,Pinned,Device,NVIDIA A100-SXM4-40GB MIG 4g.20gb (0),1,,13,[CUDA memcpy Host-to-Device]
4968618855,6208,330287,273,1,1,8,4,1,39,0.002,0.000,,,,,NVIDIA A100-SXM4-40GB MIG 4g.20gb (0),1,,13,"void channel_eq::eqMmseCoefCompLowMimoKernel<float, float, float, (unsigned int)4, (unsigned int)1, (unsigned int)4>(const channel_eq::_puschRxChEqStatDescr *, channel_eq::_puschRxChEqCoefCompDynDescr)"
4968626055,6304,330288,273,1,1,12,11,1,51,0.002,0.000,,,,,NVIDIA A100-SXM4-40GB MIG 4g.20gb (0),1,,13,"void channel_eq::eqMmseSoftDemapKernel<float, __half, __half, float, (unsigned int)4, (unsigned short)16383>(channel_eq::_puschRxChEqStatDescr *, channel_eq::_puschRxChEqSoftDemapDynDescr)"
4968633447,282109,330289,1,1,1,32,32,1,30,0.000,0.000,,,,,NVIDIA A100-SXM4-40GB MIG 4g.20gb (0),1,,13,"void convert_kernel<float2, __half2>(tensor_layout_any, T1 *, tensor_layout_any, const T2 *)"
4968917060,10944,330301,2253,1,1,128,1,1,16,0.000,0.000,,,,,NVIDIA A100-SXM4-40GB MIG 4g.20gb (0),1,,13,cupy_copy__float16_float16
4968930020,3200,330310,282,1,1,128,1,1,16,0.000,0.000,,,,,NVIDIA A100-SXM4-40GB MIG 4g.20gb (0),1,,13,cupy_copy__complex64_complex64
4968936355,2336,330319,26,1,1,128,1,1,16,0.000,0.000,,,,,NVIDIA A100-SXM4-40GB MIG 4g.20gb (0),1,,13,cupy_copy__float32_float32
4968939843,4896,330328,103,1,1,128,1,1,16,0.000,0.000,,,,,NVIDIA A100-SXM4-40GB MIG 4g.20gb (0),1,,13,cupy_copy__complex64_complex64
4968946915,12032,330338,1434,1,1,128,1,1,16,0.000,0.000,,,,,NVIDIA A100-SXM4-40GB MIG 4g.20gb (0),1,,13,cupy_copy__complex64_complex64
4968964003,81439,330343,1,1,1,32,32,1,30,0.000,0.000,,,,,NVIDIA A100-SXM4-40GB MIG 4g.20gb (0),1,,13,"void convert_kernel<__half2, float2>(tensor_layout_any, T1 *, tensor_layout_any, const T2 *)"
4969073282,5728,330346,,,,,,,,,,0.094,16357.541,Pinned,Device,NVIDIA A100-SXM4-40GB MIG 4g.20gb (0),1,,13,[CUDA memcpy Host-to-Device]
4969082626,597752,330347,,,,,,,,,,456.561,763370.728,Device,,NVIDIA A100-SXM4-40GB MIG 4g.20gb (0),1,,13,[CUDA memset]
4969689146,133151,330352,,,,,,,,,,1.235,9274.429,Pinned,Device,NVIDIA A100-SXM4-40GB MIG 4g.20gb (0),1,,13,[CUDA memcpy Host-to-Device]
4969833528,27168,330353,,,,,,,,,,0.197,7236.747,Pinned,Device,NVIDIA A100-SXM4-40GB MIG 4g.20gb (0),1,,13,[CUDA memcpy Host-to-Device]
4969871832,8576,330354,69,4,1,48,1,1,76,0.002,0.000,,,,,NVIDIA A100-SXM4-40GB MIG 4g.20gb (0),1,,13,"void ch_est::windowedChEstPreNoDftSOfdmKernel<float, __half, float, (unsigned int)2, (unsigned int)1, (unsigned short)4>(ch_est::puschRxChEstStatDescr_t *, ch_est::puschRxChEstDynDescr_t *)"
4969885336,6720,330355,137,2,1,24,2,1,44,0.001,0.001,,,,,NVIDIA A100-SXM4-40GB MIG 4g.20gb (0),1,,13,"void ch_est::chEstFilterNoDftSOfdmDispatchKernel<float, __half, float, (unsigned int)2>(ch_est::puschRxChEstStatDescr_t *, ch_est::puschRxChEstDynDescr_t *)"
4969895864,5504,330356,137,2,1,24,2,1,44,0.001,0.001,,,,,NVIDIA A100-SXM4-40GB MIG 4g.20gb (0),1,,13,"void ch_est::chEstFilterNoDftSOfdmDispatchKernel<float, __half, float, (unsigned int)2>(ch_est::puschRxChEstStatDescr_t *, ch_est::puschRxChEstDynDescr_t *)"
4969904536,2976,330367,103,1,1,128,1,1,16,0.000,0.000,,,,,NVIDIA A100-SXM4-40GB MIG 4g.20gb (0),1,,13,cupy_copy__complex64_complex64
4969910103,12192,330377,1434,1,1,128,1,1,16,0.000,0.000,,,,,NVIDIA A100-SXM4-40GB MIG 4g.20gb (0),1,,13,cupy_copy__complex64_complex64
4969925815,2432,330384,103,1,1,128,1,1,16,0.000,0.000,,,,,NVIDIA A100-SXM4-40GB MIG 4g.20gb (0),1,,13,cupy_copy__complex64_complex64
4969932983,91135,330391,1,1,1,32,32,1,30,0.000,0.000,,,,,NVIDIA A100-SXM4-40GB MIG 4g.20gb (0),1,,13,"void convert_kernel<__half2, float2>(tensor_layout_any, T1 *, tensor_layout_any, const T2 *)"
4970051830,5376,330394,,,,,,,,,,0.094,17428.487,Pinned,Device,NVIDIA A100-SXM4-40GB MIG 4g.20gb (0),1,,13,[CUDA memcpy Host-to-Device]
4970063254,46847,330395,,,,,,,,,,35.810,764398.552,Device,,NVIDIA A100-SXM4-40GB MIG 4g.20gb (0),1,,13,[CUDA memset]
4970116917,4096,330397,,,,,,,,,,0.000,19.531,Pinned,Device,NVIDIA A100-SXM4-40GB MIG 4g.20gb (0),1,,13,[CUDA memcpy Host-to-Device]
4970126293,13824,330398,,,,,,,,,,0.197,14222.033,Pinned,Device,NVIDIA A100-SXM4-40GB MIG 4g.20gb (0),1,,13,[CUDA memcpy Host-to-Device]
4970149461,10175,330399,273,1,1,48,1,1,40,0.000,0.001,,,,,NVIDIA A100-SXM4-40GB MIG 4g.20gb (0),1,,13,"void pusch_noise_intf_est::noiseIntfEstNoDftSOfdmKernel<float, __half, float, float, (unsigned int)2, (unsigned int)1, (unsigned char)4, (unsigned char)4>(pusch_noise_intf_est::puschRxNoiseIntfEstDynDescr)"
4970163540,3008,330410,35,1,1,128,1,1,16,0.000,0.000,,,,,NVIDIA A100-SXM4-40GB MIG 4g.20gb (0),1,,13,cupy_copy__complex64_complex64
4970173172,1824,330419,1,1,1,1,1,1,18,0.000,0.000,,,,,NVIDIA A100-SXM4-40GB MIG 4g.20gb (0),1,,13,cupy_copy__float32_float32
4970203412,1600,330425,,,,,,,,,,0.000,2.500,Device,Pageable,NVIDIA A100-SXM4-40GB MIG 4g.20gb (0),1,,7,[CUDA memcpy Device-to-Host]
4970262931,12800,330436,1434,1,1,128,1,1,16,0.000,0.000,,,,,NVIDIA A100-SXM4-40GB MIG 4g.20gb (0),1,,13,cupy_copy__complex64_complex64
4970288691,3136,330443,103,1,1,128,1,1,16,0.000,0.000,,,,,NVIDIA A100-SXM4-40GB MIG 4g.20gb (0),1,,13,cupy_copy__complex64_complex64
4970309651,2336,330450,35,1,1,128,1,1,16,0.000,0.000,,,,,NVIDIA A100-SXM4-40GB MIG 4g.20gb (0),1,,13,cupy_copy__complex64_complex64
4970331570,1984,330457,1,1,1,1,1,1,18,0.000,0.000,,,,,NVIDIA A100-SXM4-40GB MIG 4g.20gb (0),1,,13,cupy_copy__float32_float32
4970462449,87839,330468,1,1,1,32,32,1,30,0.000,0.000,,,,,NVIDIA A100-SXM4-40GB MIG 4g.20gb (0),1,,13,"void convert_kernel<__half2, float2>(tensor_layout_any, T1 *, tensor_layout_any, const T2 *)"
4970578799,5696,330471,,,,,,,,,,0.094,16449.363,Pinned,Device,NVIDIA A100-SXM4-40GB MIG 4g.20gb (0),1,,13,[CUDA memcpy Host-to-Device]
4970592655,3360,330472,,,,,,,,,,1.547,460304.688,Device,,NVIDIA A100-SXM4-40GB MIG 4g.20gb (0),1,,13,[CUDA memset]
4970598991,3008,330477,,,,,,,,,,0.031,10404.230,Pinned,Device,NVIDIA A100-SXM4-40GB MIG 4g.20gb (0),1,,13,[CUDA memcpy Host-to-Device]
4970604751,9664,330478,,,,,,,,,,0.197,20344.209,Pinned,Device,NVIDIA A100-SXM4-40GB MIG 4g.20gb (0),1,,13,[CUDA memcpy Host-to-Device]
4970620239,7168,330479,273,1,1,8,4,1,39,0.002,0.000,,,,,NVIDIA A100-SXM4-40GB MIG 4g.20gb (0),1,,13,"void channel_eq::eqMmseCoefCompLowMimoKernel<float, float, float, (unsigned int)4, (unsigned int)1, (unsigned int)4>(const channel_eq::_puschRxChEqStatDescr *, channel_eq::_puschRxChEqCoefCompDynDescr)"
4970629743,6176,330480,273,1,1,12,11,1,51,0.002,0.000,,,,,NVIDIA A100-SXM4-40GB MIG 4g.20gb (0),1,,13,"void channel_eq::eqMmseSoftDemapKernel<float, __half, __half, float, (unsigned int)4, (unsigned short)16383>(channel_eq::_puschRxChEqStatDescr *, channel_eq::_puschRxChEqSoftDemapDynDescr)"
4970636879,281884,330481,1,1,1,32,32,1,30,0.000,0.000,,,,,NVIDIA A100-SXM4-40GB MIG 4g.20gb (0),1,,13,"void convert_kernel<float2, __half2>(tensor_layout_any, T1 *, tensor_layout_any, const T2 *)"
4970919851,10880,330493,2253,1,1,128,1,1,16,0.000,0.000,,,,,NVIDIA A100-SXM4-40GB MIG 4g.20gb (0),1,,13,cupy_copy__float16_float16
4970934123,3744,330502,282,1,1,128,1,1,16,0.000,0.000,,,,,NVIDIA A100-SXM4-40GB MIG 4g.20gb (0),1,,13,cupy_copy__complex64_complex64
4970940107,2208,330511,26,1,1,128,1,1,16,0.000,0.000,,,,,NVIDIA A100-SXM4-40GB MIG 4g.20gb (0),1,,13,cupy_copy__float32_float32
4970944267,2912,330520,103,1,1,128,1,1,16,0.000,0.000,,,,,NVIDIA A100-SXM4-40GB MIG 4g.20gb (0),1,,13,cupy_copy__complex64_complex64
4970948331,12032,330530,1434,1,1,128,1,1,16,0.000,0.000,,,,,NVIDIA A100-SXM4-40GB MIG 4g.20gb (0),1,,13,cupy_copy__complex64_complex64
4970980010,87391,330535,1,1,1,32,32,1,30,0.000,0.000,,,,,NVIDIA A100-SXM4-40GB MIG 4g.20gb (0),1,,13,"void convert_kernel<__half2, float2>(tensor_layout_any, T1 *, tensor_layout_any, const T2 *)"
4971095433,5792,330538,,,,,,,,,,0.094,16176.708,Pinned,Device,NVIDIA A100-SXM4-40GB MIG 4g.20gb (0),1,,13,[CUDA memcpy Host-to-Device]
4971105417,599640,330539,,,,,,,,,,456.561,761087.920,Device,,NVIDIA A100-SXM4-40GB MIG 4g.20gb (0),1,,13,[CUDA memset]
4971707297,124831,330544,,,,,,,,,,1.235,9891.901,Pinned,Device,NVIDIA A100-SXM4-40GB MIG 4g.20gb (0),1,,13,[CUDA memcpy Host-to-Device]
4971845760,40479,330545,,,,,,,,,,0.197,4857.004,Pinned,Device,NVIDIA A100-SXM4-40GB MIG 4g.20gb (0),1,,13,[CUDA memcpy Host-to-Device]
4971908063,8096,330546,69,4,1,48,1,1,76,0.002,0.000,,,,,NVIDIA A100-SXM4-40GB MIG 4g.20gb (0),1,,13,"void ch_est::windowedChEstPreNoDftSOfdmKernel<float, __half, float, (unsigned int)2, (unsigned int)1, (unsigned short)4>(ch_est::puschRxChEstStatDescr_t *, ch_est::puschRxChEstDynDescr_t *)"
4971925343,6688,330547,137,2,1,24,2,1,44,0.001,0.001,,,,,NVIDIA A100-SXM4-40GB MIG 4g.20gb (0),1,,13,"void ch_est::chEstFilterNoDftSOfdmDispatchKernel<float, __half, float, (unsigned int)2>(ch_est::puschRxChEstStatDescr_t *, ch_est::puschRxChEstDynDescr_t *)"
4971942110,4768,330548,137,2,1,24,2,1,44,0.001,0.001,,,,,NVIDIA A100-SXM4-40GB MIG 4g.20gb (0),1,,13,"void ch_est::chEstFilterNoDftSOfdmDispatchKernel<float, __half, float, (unsigned int)2>(ch_est::puschRxChEstStatDescr_t *, ch_est::puschRxChEstDynDescr_t *)"
4971959294,2688,330559,103,1,1,128,1,1,16,0.000,0.000,,,,,NVIDIA A100-SXM4-40GB MIG 4g.20gb (0),1,,13,cupy_copy__complex64_complex64
4971976030,12352,330569,1434,1,1,128,1,1,16,0.000,0.000,,,,,NVIDIA A100-SXM4-40GB MIG 4g.20gb (0),1,,13,cupy_copy__complex64_complex64
4971994910,2912,330576,103,1,1,128,1,1,16,0.000,0.000,,,,,NVIDIA A100-SXM4-40GB MIG 4g.20gb (0),1,,13,cupy_copy__complex64_complex64
4972017086,89886,330583,1,1,1,32,32,1,30,0.000,0.000,,,,,NVIDIA A100-SXM4-40GB MIG 4g.20gb (0),1,,13,"void convert_kernel<__half2, float2>(tensor_layout_any, T1 *, tensor_layout_any, const T2 *)"
4972139452,18624,330586,,,,,,,,,,0.094,5030.913,Pinned,Device,NVIDIA A100-SXM4-40GB MIG 4g.20gb (0),1,,13,[CUDA memcpy Host-to-Device]
4972171772,47775,330587,,,,,,,,,,35.810,749537.436,Device,,NVIDIA A100-SXM4-40GB MIG 4g.20gb (0),1,,13,[CUDA memset]
4972226459,5312,330589,,,,,,,,,,0.000,15.060,Pinned,Device,NVIDIA A100-SXM4-40GB MIG 4g.20gb (0),1,,13,[CUDA memcpy Host-to-Device]
4972236251,11840,330590,,,,,,,,,,0.197,16605.315,Pinned,Device,NVIDIA A100-SXM4-40GB MIG 4g.20gb (0),1,,13,[CUDA memcpy Host-to-Device]
4972255291,12607,330591,273,1,1,48,1,1,40,0.000,0.001,,,,,NVIDIA A100-SXM4-40GB MIG 4g.20gb (0),1,,13,"void pusch_noise_intf_est::noiseIntfEstNoDftSOfdmKernel<float, __half, float, float, (unsigned int)2, (unsigned int)1, (unsigned char)4, (unsigned char)4>(pusch_noise_intf_est::puschRxNoiseIntfEstDynDescr)"
4972272250,2816,330602,35,1,1,128,1,1,16,0.000,0.000,,,,,NVIDIA A100-SXM4-40GB MIG 4g.20gb (0),1,,13,cupy_copy__complex64_complex64
4972276474,1824,330611,1,1,1,1,1,1,18,0.000,0.000,,,,,NVIDIA A100-SXM4-40GB MIG 4g.20gb (0),1,,13,cupy_copy__float32_float32
4972286330,1632,330617,,,,,,,,,,0.000,2.451,Device,Pageable,NVIDIA A100-SXM4-40GB MIG 4g.20gb (0),1,,7,[CUDA memcpy Device-to-Host]
4972348537,12768,330628,1434,1,1,128,1,1,16,0.000,0.000,,,,,NVIDIA A100-SXM4-40GB MIG 4g.20gb (0),1,,13,cupy_copy__complex64_complex64
4972376793,2912,330635,103,1,1,128,1,1,16,0.000,0.000,,,,,NVIDIA A100-SXM4-40GB MIG 4g.20gb (0),1,,13,cupy_copy__complex64_complex64
4972399961,2464,330642,35,1,1,128,1,1,16,0.000,0.000,,,,,NVIDIA A100-SXM4-40GB MIG 4g.20gb (0),1,,13,cupy_copy__complex64_complex64
4972418361,1920,330649,1,1,1,1,1,1,18,0.000,0.000,,,,,NVIDIA A100-SXM4-40GB MIG 4g.20gb (0),1,,13,cupy_copy__float32_float32
4972550871,85471,330660,1,1,1,32,32,1,30,0.000,0.000,,,,,NVIDIA A100-SXM4-40GB MIG 4g.20gb (0),1,,13,"void convert_kernel<__half2, float2>(tensor_layout_any, T1 *, tensor_layout_any, const T2 *)"
4972664438,5503,330663,,,,,,,,,,0.094,17026.343,Pinned,Device,NVIDIA A100-SXM4-40GB MIG 4g.20gb (0),1,,13,[CUDA memcpy Host-to-Device]
4972678229,3296,330664,,,,,,,,,,1.547,469242.628,Device,,NVIDIA A100-SXM4-40GB MIG 4g.20gb (0),1,,13,[CUDA memset]
4972685141,3360,330669,,,,,,,,,,0.031,9314.284,Pinned,Device,NVIDIA A100-SXM4-40GB MIG 4g.20gb (0),1,,13,[CUDA memcpy Host-to-Device]
4972690965,9728,330670,,,,,,,,,,0.197,20210.516,Pinned,Device,NVIDIA A100-SXM4-40GB MIG 4g.20gb (0),1,,13,[CUDA memcpy Host-to-Device]
4972706197,6496,330671,273,1,1,8,4,1,39,0.002,0.000,,,,,NVIDIA A100-SXM4-40GB MIG 4g.20gb (0),1,,13,"void channel_eq::eqMmseCoefCompLowMimoKernel<float, float, float, (unsigned int)4, (unsigned int)1, (unsigned int)4>(const channel_eq::_puschRxChEqStatDescr *, channel_eq::_puschRxChEqCoefCompDynDescr)"
4972713685,6432,330672,273,1,1,12,11,1,51,0.002,0.000,,,,,NVIDIA A100-SXM4-40GB MIG 4g.20gb (0),1,,13,"void channel_eq::eqMmseSoftDemapKernel<float, __half, __half, float, (unsigned int)4, (unsigned short)16383>(channel_eq::_puschRxChEqStatDescr *, channel_eq::_puschRxChEqSoftDemapDynDescr)"
4972721173,282364,330673,1,1,1,32,32,1,30,0.000,0.000,,,,,NVIDIA A100-SXM4-40GB MIG 4g.20gb (0),1,,13,"void convert_kernel<float2, __half2>(tensor_layout_any, T1 *, tensor_layout_any, const T2 *)"
4973004689,10976,330685,2253,1,1,128,1,1,16,0.000,0.000,,,,,NVIDIA A100-SXM4-40GB MIG 4g.20gb (0),1,,13,cupy_copy__float16_float16
4973019889,3552,330694,282,1,1,128,1,1,16,0.000,0.000,,,,,NVIDIA A100-SXM4-40GB MIG 4g.20gb (0),1,,13,cupy_copy__complex64_complex64
4973025297,2656,330703,26,1,1,128,1,1,16,0.000,0.000,,,,,NVIDIA A100-SXM4-40GB MIG 4g.20gb (0),1,,13,cupy_copy__float32_float32
4973029329,4000,330712,103,1,1,128,1,1,16,0.000,0.000,,,,,NVIDIA A100-SXM4-40GB MIG 4g.20gb (0),1,,13,cupy_copy__complex64_complex64
4973035761,11904,330722,1434,1,1,128,1,1,16,0.000,0.000,,,,,NVIDIA A100-SXM4-40GB MIG 4g.20gb (0),1,,13,cupy_copy__complex64_complex64
4973050865,82751,330727,1,1,1,32,32,1,30,0.000,0.000,,,,,NVIDIA A100-SXM4-40GB MIG 4g.20gb (0),1,,13,"void convert_kernel<__half2, float2>(tensor_layout_any, T1 *, tensor_layout_any, const T2 *)"
4973161007,5600,330730,,,,,,,,,,0.094,16731.388,Pinned,Device,NVIDIA A100-SXM4-40GB MIG 4g.20gb (0),1,,13,[CUDA memcpy Host-to-Device]
4973170607,596409,330731,,,,,,,,,,456.561,765196.973,Device,,NVIDIA A100-SXM4-40GB MIG 4g.20gb (0),1,,13,[CUDA memset]
4973775016,151454,330736,,,,,,,,,,1.235,8153.100,Pinned,Device,NVIDIA A100-SXM4-40GB MIG 4g.20gb (0),1,,13,[CUDA memcpy Host-to-Device]
4973935558,38111,330737,,,,,,,,,,0.197,5158.797,Pinned,Device,NVIDIA A100-SXM4-40GB MIG 4g.20gb (0),1,,13,[CUDA memcpy Host-to-Device]
4974013189,7872,330738,69,4,1,48,1,1,76,0.002,0.000,,,,,NVIDIA A100-SXM4-40GB MIG 4g.20gb (0),1,,13,"void ch_est::windowedChEstPreNoDftSOfdmKernel<float, __half, float, (unsigned int)2, (unsigned int)1, (unsigned short)4>(ch_est::puschRxChEstStatDescr_t *, ch_est::puschRxChEstDynDescr_t *)"
4974030821,6304,330739,137,2,1,24,2,1,44,0.001,0.001,,,,,NVIDIA A100-SXM4-40GB MIG 4g.20gb (0),1,,13,"void ch_est::chEstFilterNoDftSOfdmDispatchKernel<float, __half, float, (unsigned int)2>(ch_est::puschRxChEstStatDescr_t *, ch_est::puschRxChEstDynDescr_t *)"
4974047301,4959,330740,137,2,1,24,2,1,44,0.001,0.001,,,,,NVIDIA A100-SXM4-40GB MIG 4g.20gb (0),1,,13,"void ch_est::chEstFilterNoDftSOfdmDispatchKernel<float, __half, float, (unsigned int)2>(ch_est::puschRxChEstStatDescr_t *, ch_est::puschRxChEstDynDescr_t *)"
4974063556,2528,330751,103,1,1,128,1,1,16,0.000,0.000,,,,,NVIDIA A100-SXM4-40GB MIG 4g.20gb (0),1,,13,cupy_copy__complex64_complex64
4974082628,12576,330761,1434,1,1,128,1,1,16,0.000,0.000,,,,,NVIDIA A100-SXM4-40GB MIG 4g.20gb (0),1,,13,cupy_copy__complex64_complex64
4974104548,2592,330768,103,1,1,128,1,1,16,0.000,0.000,,,,,NVIDIA A100-SXM4-40GB MIG 4g.20gb (0),1,,13,cupy_copy__complex64_complex64
4974125476,91006,330775,1,1,1,32,32,1,30,0.000,0.000,,,,,NVIDIA A100-SXM4-40GB MIG 4g.20gb (0),1,,13,"void convert_kernel<__half2, float2>(tensor_layout_any, T1 *, tensor_layout_any, const T2 *)"
4974249058,20096,330778,,,,,,,,,,0.094,4662.407,Pinned,Device,NVIDIA A100-SXM4-40GB MIG 4g.20gb (0),1,,13,[CUDA memcpy Host-to-Device]
4974292769,46464,330779,,,,,,,,,,35.810,770701.098,Device,,NVIDIA A100-SXM4-40GB MIG 4g.20gb (0),1,,13,[CUDA memset]
4974343233,10240,330781,,,,,,,,,,0.000,7.812,Pinned,Device,NVIDIA A100-SXM4-40GB MIG 4g.20gb (0),1,,13,[CUDA memcpy Host-to-Device]
4974363617,32319,330782,,,,,,,,,,0.197,6083.248,Pinned,Device,NVIDIA A100-SXM4-40GB MIG 4g.20gb (0),1,,13,[CUDA memcpy Host-to-Device]
4974416640,9920,330783,273,1,1,48,1,1,40,0.000,0.001,,,,,NVIDIA A100-SXM4-40GB MIG 4g.20gb (0),1,,13,"void pusch_noise_intf_est::noiseIntfEstNoDftSOfdmKernel<float, __half, float, float, (unsigned int)2, (unsigned int)1, (unsigned char)4, (unsigned char)4>(pusch_noise_intf_est::puschRxNoiseIntfEstDynDescr)"
4974432960,2944,330794,35,1,1,128,1,1,16,0.000,0.000,,,,,NVIDIA A100-SXM4-40GB MIG 4g.20gb (0),1,,13,cupy_copy__complex64_complex64
4974449824,1728,330803,1,1,1,1,1,1,18,0.000,0.000,,,,,NVIDIA A100-SXM4-40GB MIG 4g.20gb (0),1,,13,cupy_copy__float32_float32
4974454399,7072,330809,,,,,,,,,,0.000,0.566,Device,Pageable,NVIDIA A100-SXM4-40GB MIG 4g.20gb (0),1,,7,[CUDA memcpy Device-to-Host]
4974555966,12992,330820,1434,1,1,128,1,1,16,0.000,0.000,,,,,NVIDIA A100-SXM4-40GB MIG 4g.20gb (0),1,,13,cupy_copy__complex64_complex64
4974582974,2752,330827,103,1,1,128,1,1,16,0.000,0.000,,,,,NVIDIA A100-SXM4-40GB MIG 4g.20gb (0),1,,13,cupy_copy__complex64_complex64
4974600094,2560,330834,35,1,1,128,1,1,16,0.000,0.000,,,,,NVIDIA A100-SXM4-40GB MIG 4g.20gb (0),1,,13,cupy_copy__complex64_complex64
4974617245,1792,330841,1,1,1,1,1,1,18,0.000,0.000,,,,,NVIDIA A100-SXM4-40GB MIG 4g.20gb (0),1,,13,cupy_copy__float32_float32
4974746076,82591,330852,1,1,1,32,32,1,30,0.000,0.000,,,,,NVIDIA A100-SXM4-40GB MIG 4g.20gb (0),1,,13,"void convert_kernel<__half2, float2>(tensor_layout_any, T1 *, tensor_layout_any, const T2 *)"
4974864986,6368,330855,,,,,,,,,,0.094,14713.551,Pinned,Device,NVIDIA A100-SXM4-40GB MIG 4g.20gb (0),1,,13,[CUDA memcpy Host-to-Device]
4974880698,3392,330856,,,,,,,,,,1.547,455961.768,Device,,NVIDIA A100-SXM4-40GB MIG 4g.20gb (0),1,,13,[CUDA memset]
4974886554,3616,330861,,,,,,,,,,0.031,8654.846,Pinned,Device,NVIDIA A100-SXM4-40GB MIG 4g.20gb (0),1,,13,[CUDA memcpy Host-to-Device]
4974892890,10112,330862,,,,,,,,,,0.197,19442.958,Pinned,Device,NVIDIA A100-SXM4-40GB MIG 4g.20gb (0),1,,13,[CUDA memcpy Host-to-Device]
4974907098,6240,330863,273,1,1,8,4,1,39,0.002,0.000,,,,,NVIDIA A100-SXM4-40GB MIG 4g.20gb (0),1,,13,"void channel_eq::eqMmseCoefCompLowMimoKernel<float, float, float, (unsigned int)4, (unsigned int)1, (unsigned int)4>(const channel_eq::_puschRxChEqStatDescr *, channel_eq::_puschRxChEqCoefCompDynDescr)"
4974916826,5856,330864,273,1,1,12,11,1,51,0.002,0.000,,,,,NVIDIA A100-SXM4-40GB MIG 4g.20gb (0),1,,13,"void channel_eq::eqMmseSoftDemapKernel<float, __half, __half, float, (unsigned int)4, (unsigned short)16383>(channel_eq::_puschRxChEqStatDescr *, channel_eq::_puschRxChEqSoftDemapDynDescr)"
4974923898,282236,330865,1,1,1,32,32,1,30,0.000,0.000,,,,,NVIDIA A100-SXM4-40GB MIG 4g.20gb (0),1,,13,"void convert_kernel<float2, __half2>(tensor_layout_any, T1 *, tensor_layout_any, const T2 *)"
4975207158,10912,330877,2253,1,1,128,1,1,16,0.000,0.000,,,,,NVIDIA A100-SXM4-40GB MIG 4g.20gb (0),1,,13,cupy_copy__float16_float16
4975221206,3456,330886,282,1,1,128,1,1,16,0.000,0.000,,,,,NVIDIA A100-SXM4-40GB MIG 4g.20gb (0),1,,13,cupy_copy__complex64_complex64
4975227030,2240,330895,26,1,1,128,1,1,16,0.000,0.000,,,,,NVIDIA A100-SXM4-40GB MIG 4g.20gb (0),1,,13,cupy_copy__float32_float32
4975231286,3104,330904,103,1,1,128,1,1,16,0.000,0.000,,,,,NVIDIA A100-SXM4-40GB MIG 4g.20gb (0),1,,13,cupy_copy__complex64_complex64
4975235414,12032,330914,1434,1,1,128,1,1,16,0.000,0.000,,,,,NVIDIA A100-SXM4-40GB MIG 4g.20gb (0),1,,13,cupy_copy__complex64_complex64
4975257270,86879,330919,1,1,1,32,32,1,30,0.000,0.000,,,,,NVIDIA A100-SXM4-40GB MIG 4g.20gb (0),1,,13,"void convert_kernel<__half2, float2>(tensor_layout_any, T1 *, tensor_layout_any, const T2 *)"
4975371380,5984,330922,,,,,,,,,,0.094,15657.726,Pinned,Device,NVIDIA A100-SXM4-40GB MIG 4g.20gb (0),1,,13,[CUDA memcpy Host-to-Device]
4975383476,598969,330923,,,,,,,,,,456.561,762001.043,Device,,NVIDIA A100-SXM4-40GB MIG 4g.20gb (0),1,,13,[CUDA memset]
4975986605,97054,330928,,,,,,,,,,1.235,12723.628,Pinned,Device,NVIDIA A100-SXM4-40GB MIG 4g.20gb (0),1,,13,[CUDA memcpy Host-to-Device]
4976091115,18880,330929,,,,,,,,,,0.197,10413.539,Pinned,Device,NVIDIA A100-SXM4-40GB MIG 4g.20gb (0),1,,13,[CUDA memcpy Host-to-Device]
4976124715,8480,330930,69,4,1,48,1,1,76,0.002,0.000,,,,,NVIDIA A100-SXM4-40GB MIG 4g.20gb (0),1,,13,"void ch_est::windowedChEstPreNoDftSOfdmKernel<float, __half, float, (unsigned int)2, (unsigned int)1, (unsigned short)4>(ch_est::puschRxChEstStatDescr_t *, ch_est::puschRxChEstDynDescr_t *)"
4976139307,6176,330931,137,2,1,24,2,1,44,0.001,0.001,,,,,NVIDIA A100-SXM4-40GB MIG 4g.20gb (0),1,,13,"void ch_est::chEstFilterNoDftSOfdmDispatchKernel<float, __half, float, (unsigned int)2>(ch_est::puschRxChEstStatDescr_t *, ch_est::puschRxChEstDynDescr_t *)"
4976152555,4992,330932,137,2,1,24,2,1,44,0.001,0.001,,,,,NVIDIA A100-SXM4-40GB MIG 4g.20gb (0),1,,13,"void ch_est::chEstFilterNoDftSOfdmDispatchKernel<float, __half, float, (unsigned int)2>(ch_est::puschRxChEstStatDescr_t *, ch_est::puschRxChEstDynDescr_t *)"
4976164330,2720,330943,103,1,1,128,1,1,16,0.000,0.000,,,,,NVIDIA A100-SXM4-40GB MIG 4g.20gb (0),1,,13,cupy_copy__complex64_complex64
4976170026,12608,330953,1434,1,1,128,1,1,16,0.000,0.000,,,,,NVIDIA A100-SXM4-40GB MIG 4g.20gb (0),1,,13,cupy_copy__complex64_complex64
4976185994,3104,330960,103,1,1,128,1,1,16,0.000,0.000,,,,,NVIDIA A100-SXM4-40GB MIG 4g.20gb (0),1,,13,cupy_copy__complex64_complex64
4976191146,87263,330967,1,1,1,32,32,1,30,0.000,0.000,,,,,NVIDIA A100-SXM4-40GB MIG 4g.20gb (0),1,,13,"void convert_kernel<__half2, float2>(tensor_layout_any, T1 *, tensor_layout_any, const T2 *)"
4976305641,5632,330970,,,,,,,,,,0.094,16636.287,Pinned,Device,NVIDIA A100-SXM4-40GB MIG 4g.20gb (0),1,,13,[CUDA memcpy Host-to-Device]
4976317705,47295,330971,,,,,,,,,,35.810,757129.139,Device,,NVIDIA A100-SXM4-40GB MIG 4g.20gb (0),1,,13,[CUDA memset]
4976371304,6016,330973,,,,,,,,,,0.000,13.298,Pinned,Device,NVIDIA A100-SXM4-40GB MIG 4g.20gb (0),1,,13,[CUDA memcpy Host-to-Device]
4976382152,12352,330974,,,,,,,,,,0.197,15916.990,Pinned,Device,NVIDIA A100-SXM4-40GB MIG 4g.20gb (0),1,,13,[CUDA memcpy Host-to-Device]
4976403527,12032,330975,273,1,1,48,1,1,40,0.000,0.001,,,,,NVIDIA A100-SXM4-40GB MIG 4g.20gb (0),1,,13,"void pusch_noise_intf_est::noiseIntfEstNoDftSOfdmKernel<float, __half, float, float, (unsigned int)2, (unsigned int)1, (unsigned char)4, (unsigned char)4>(pusch_noise_intf_est::puschRxNoiseIntfEstDynDescr)"
4976417831,2752,330986,35,1,1,128,1,1,16,0.000,0.000,,,,,NVIDIA A100-SXM4-40GB MIG 4g.20gb (0),1,,13,cupy_copy__complex64_complex64
4976429543,1856,330995,1,1,1,1,1,1,18,0.000,0.000,,,,,NVIDIA A100-SXM4-40GB MIG 4g.20gb (0),1,,13,cupy_copy__float32_float32
4976457223,2048,331001,,,,,,,,,,0.000,1.953,Device,Pageable,NVIDIA A100-SXM4-40GB MIG 4g.20gb (0),1,,7,[CUDA memcpy Device-to-Host]
4976522054,12992,331012,1434,1,1,128,1,1,16,0.000,0.000,,,,,NVIDIA A100-SXM4-40GB MIG 4g.20gb (0),1,,13,cupy_copy__complex64_complex64
4976547814,3520,331019,103,1,1,128,1,1,16,0.000,0.000,,,,,NVIDIA A100-SXM4-40GB MIG 4g.20gb (0),1,,13,cupy_copy__complex64_complex64
4976570213,2336,331026,35,1,1,128,1,1,16,0.000,0.000,,,,,NVIDIA A100-SXM4-40GB MIG 4g.20gb (0),1,,13,cupy_copy__complex64_complex64
4976587141,1760,331033,1,1,1,1,1,1,18,0.000,0.000,,,,,NVIDIA A100-SXM4-40GB MIG 4g.20gb (0),1,,13,cupy_copy__float32_float32
4976718884,82847,331044,1,1,1,32,32,1,30,0.000,0.000,,,,,NVIDIA A100-SXM4-40GB MIG 4g.20gb (0),1,,13,"void convert_kernel<__half2, float2>(tensor_layout_any, T1 *, tensor_layout_any, const T2 *)"
4976830210,5664,331047,,,,,,,,,,0.094,16542.310,Pinned,Device,NVIDIA A100-SXM4-40GB MIG 4g.20gb (0),1,,13,[CUDA memcpy Host-to-Device]
4976844386,3264,331048,,,,,,,,,,1.547,473842.288,Device,,NVIDIA A100-SXM4-40GB MIG 4g.20gb (0),1,,13,[CUDA memset]
4976851650,3040,331053,,,,,,,,,,0.031,10294.725,Pinned,Device,NVIDIA A100-SXM4-40GB MIG 4g.20gb (0),1,,13,[CUDA memcpy Host-to-Device]
4976857154,9440,331054,,,,,,,,,,0.197,20827.079,Pinned,Device,NVIDIA A100-SXM4-40GB MIG 4g.20gb (0),1,,13,[CUDA memcpy Host-to-Device]
4976872578,6080,331055,273,1,1,8,4,1,39,0.002,0.000,,,,,NVIDIA A100-SXM4-40GB MIG 4g.20gb (0),1,,13,"void channel_eq::eqMmseCoefCompLowMimoKernel<float, float, float, (unsigned int)4, (unsigned int)1, (unsigned int)4>(const channel_eq::_puschRxChEqStatDescr *, channel_eq::_puschRxChEqCoefCompDynDescr)"
4976879746,6464,331056,273,1,1,12,11,1,51,0.002,0.000,,,,,NVIDIA A100-SXM4-40GB MIG 4g.20gb (0),1,,13,"void channel_eq::eqMmseSoftDemapKernel<float, __half, __half, float, (unsigned int)4, (unsigned short)16383>(channel_eq::_puschRxChEqStatDescr *, channel_eq::_puschRxChEqSoftDemapDynDescr)"
4976887170,282428,331057,1,1,1,32,32,1,30,0.000,0.000,,,,,NVIDIA A100-SXM4-40GB MIG 4g.20gb (0),1,,13,"void convert_kernel<float2, __half2>(tensor_layout_any, T1 *, tensor_layout_any, const T2 *)"
4977170654,11136,331069,2253,1,1,128,1,1,16,0.000,0.000,,,,,NVIDIA A100-SXM4-40GB MIG 4g.20gb (0),1,,13,cupy_copy__float16_float16
4977185182,3616,331078,282,1,1,128,1,1,16,0.000,0.000,,,,,NVIDIA A100-SXM4-40GB MIG 4g.20gb (0),1,,13,cupy_copy__complex64_complex64
4977191262,2336,331087,26,1,1,128,1,1,16,0.000,0.000,,,,,NVIDIA A100-SXM4-40GB MIG 4g.20gb (0),1,,13,cupy_copy__float32_float32
4977195710,2784,331096,103,1,1,128,1,1,16,0.000,0.000,,,,,NVIDIA A100-SXM4-40GB MIG 4g.20gb (0),1,,13,cupy_copy__complex64_complex64
4977200318,12160,331106,1434,1,1,128,1,1,16,0.000,0.000,,,,,NVIDIA A100-SXM4-40GB MIG 4g.20gb (0),1,,13,cupy_copy__complex64_complex64
4977215005,81567,331111,1,1,1,32,32,1,30,0.000,0.000,,,,,NVIDIA A100-SXM4-40GB MIG 4g.20gb (0),1,,13,"void convert_kernel<__half2, float2>(tensor_layout_any, T1 *, tensor_layout_any, const T2 *)"
4977323964,5600,331114,,,,,,,,,,0.094,16731.388,Pinned,Device,NVIDIA A100-SXM4-40GB MIG 4g.20gb (0),1,,13,[CUDA memcpy Host-to-Device]
4977334492,597881,331115,,,,,,,,,,456.561,763370.728,Device,,NVIDIA A100-SXM4-40GB MIG 4g.20gb (0),1,,13,[CUDA memset]
4977934325,163646,331120,,,,,,,,,,1.235,7545.508,Pinned,Device,NVIDIA A100-SXM4-40GB MIG 4g.20gb (0),1,,13,[CUDA memcpy Host-to-Device]
4978111090,40928,331121,,,,,,,,,,0.197,4803.723,Pinned,Device,NVIDIA A100-SXM4-40GB MIG 4g.20gb (0),1,,13,[CUDA memcpy Host-to-Device]
4978169330,8192,331122,69,4,1,48,1,1,76,0.002,0.000,,,,,NVIDIA A100-SXM4-40GB MIG 4g.20gb (0),1,,13,"void ch_est::windowedChEstPreNoDftSOfdmKernel<float, __half, float, (unsigned int)2, (unsigned int)1, (unsigned short)4>(ch_est::puschRxChEstStatDescr_t *, ch_est::puschRxChEstDynDescr_t *)"
4978186866,6815,331123,137,2,1,24,2,1,44,0.001,0.001,,,,,NVIDIA A100-SXM4-40GB MIG 4g.20gb (0),1,,13,"void ch_est::chEstFilterNoDftSOfdmDispatchKernel<float, __half, float, (unsigned int)2>(ch_est::puschRxChEstStatDescr_t *, ch_est::puschRxChEstDynDescr_t *)"
4978205713,4864,331124,137,2,1,24,2,1,44,0.001,0.001,,,,,NVIDIA A100-SXM4-40GB MIG 4g.20gb (0),1,,13,"void ch_est::chEstFilterNoDftSOfdmDispatchKernel<float, __half, float, (unsigned int)2>(ch_est::puschRxChEstStatDescr_t *, ch_est::puschRxChEstDynDescr_t *)"
4978219921,2720,331135,103,1,1,128,1,1,16,0.000,0.000,,,,,NVIDIA A100-SXM4-40GB MIG 4g.20gb (0),1,,13,cupy_copy__complex64_complex64
4978233617,12640,331145,1434,1,1,128,1,1,16,0.000,0.000,,,,,NVIDIA A100-SXM4-40GB MIG 4g.20gb (0),1,,13,cupy_copy__complex64_complex64
4978253105,2528,331152,103,1,1,128,1,1,16,0.000,0.000,,,,,NVIDIA A100-SXM4-40GB MIG 4g.20gb (0),1,,13,cupy_copy__complex64_complex64
4978269296,84191,331159,1,1,1,32,32,1,30,0.000,0.000,,,,,NVIDIA A100-SXM4-40GB MIG 4g.20gb (0),1,,13,"void convert_kernel<__half2, float2>(tensor_layout_any, T1 *, tensor_layout_any, const T2 *)"
4978383439,8928,331162,,,,,,,,,,0.094,10494.608,Pinned,Device,NVIDIA A100-SXM4-40GB MIG 4g.20gb (0),1,,13,[CUDA memcpy Host-to-Device]
4978397007,47455,331163,,,,,,,,,,35.810,754586.634,Device,,NVIDIA A100-SXM4-40GB MIG 4g.20gb (0),1,,13,[CUDA memset]
4978449998,7072,331165,,,,,,,,,,0.000,11.312,Pinned,Device,NVIDIA A100-SXM4-40GB MIG 4g.20gb (0),1,,13,[CUDA memcpy Host-to-Device]
4978463566,17536,331166,,,,,,,,,,0.197,11211.571,Pinned,Device,NVIDIA A100-SXM4-40GB MIG 4g.20gb (0),1,,13,[CUDA memcpy Host-to-Device]
4978494798,9920,331167,273,1,1,48,1,1,40,0.000,0.001,,,,,NVIDIA A100-SXM4-40GB MIG 4g.20gb (0),1,,13,"void pusch_noise_intf_est::noiseIntfEstNoDftSOfdmKernel<float, __half, float, float, (unsigned int)2, (unsigned int)1, (unsigned char)4, (unsigned char)4>(pusch_noise_intf_est::puschRxNoiseIntfEstDynDescr)"
4978509582,2559,331178,35,1,1,128,1,1,16,0.000,0.000,,,,,NVIDIA A100-SXM4-40GB MIG 4g.20gb (0),1,,13,cupy_copy__complex64_complex64
4978517741,1696,331187,1,1,1,1,1,1,18,0.000,0.000,,,,,NVIDIA A100-SXM4-40GB MIG 4g.20gb (0),1,,13,cupy_copy__float32_float32
4978534189,1824,331193,,,,,,,,,,0.000,2.193,Device,Pageable,NVIDIA A100-SXM4-40GB MIG 4g.20gb (0),1,,7,[CUDA memcpy Device-to-Host]
4978594540,12704,331204,1434,1,1,128,1,1,16,0.000,0.000,,,,,NVIDIA A100-SXM4-40GB MIG 4g.20gb (0),1,,13,cupy_copy__complex64_complex64
4978619948,2816,331211,103,1,1,128,1,1,16,0.000,0.000,,,,,NVIDIA A100-SXM4-40GB MIG 4g.20gb (0),1,,13,cupy_copy__complex64_complex64
4978642924,2336,331218,35,1,1,128,1,1,16,0.000,0.000,,,,,NVIDIA A100-SXM4-40GB MIG 4g.20gb (0),1,,13,cupy_copy__complex64_complex64
4978659244,1888,331225,1,1,1,1,1,1,18,0.000,0.000,,,,,NVIDIA A100-SXM4-40GB MIG 4g.20gb (0),1,,13,cupy_copy__float32_float32
4978790442,82431,331236,1,1,1,32,32,1,30,0.000,0.000,,,,,NVIDIA A100-SXM4-40GB MIG 4g.20gb (0),1,,13,"void convert_kernel<__half2, float2>(tensor_layout_any, T1 *, tensor_layout_any, const T2 *)"
4978901865,5632,331239,,,,,,,,,,0.094,16636.287,Pinned,Device,NVIDIA A100-SXM4-40GB MIG 4g.20gb (0),1,,13,[CUDA memcpy Host-to-Device]
4978919176,3200,331240,,,,,,,,,,1.547,483320.000,Device,,NVIDIA A100-SXM4-40GB MIG 4g.20gb (0),1,,13,[CUDA memset]
4978923752,3744,331245,,,,,,,,,,0.031,8358.974,Pinned,Device,NVIDIA A100-SXM4-40GB MIG 4g.20gb (0),1,,13,[CUDA memcpy Host-to-Device]
4978929576,9888,331246,,,,,,,,,,0.197,19883.360,Pinned,Device,NVIDIA A100-SXM4-40GB MIG 4g.20gb (0),1,,13,[CUDA memcpy Host-to-Device]
4978943720,6272,331247,273,1,1,8,4,1,39,0.002,0.000,,,,,NVIDIA A100-SXM4-40GB MIG 4g.20gb (0),1,,13,"void channel_eq::eqMmseCoefCompLowMimoKernel<float, float, float, (unsigned int)4, (unsigned int)1, (unsigned int)4>(const channel_eq::_puschRxChEqStatDescr *, channel_eq::_puschRxChEqCoefCompDynDescr)"
4978952488,6144,331248,273,1,1,12,11,1,51,0.002,0.000,,,,,NVIDIA A100-SXM4-40GB MIG 4g.20gb (0),1,,13,"void channel_eq::eqMmseSoftDemapKernel<float, __half, __half, float, (unsigned int)4, (unsigned short)16383>(channel_eq::_puschRxChEqStatDescr *, channel_eq::_puschRxChEqSoftDemapDynDescr)"
4978959752,282844,331249,1,1,1,32,32,1,30,0.000,0.000,,,,,NVIDIA A100-SXM4-40GB MIG 4g.20gb (0),1,,13,"void convert_kernel<float2, __half2>(tensor_layout_any, T1 *, tensor_layout_any, const T2 *)"
4979243556,11008,331261,2253,1,1,128,1,1,16,0.000,0.000,,,,,NVIDIA A100-SXM4-40GB MIG 4g.20gb (0),1,,13,cupy_copy__float16_float16
4979257956,3328,331270,282,1,1,128,1,1,16,0.000,0.000,,,,,NVIDIA A100-SXM4-40GB MIG 4g.20gb (0),1,,13,cupy_copy__complex64_complex64
4979263908,2336,331279,26,1,1,128,1,1,16,0.000,0.000,,,,,NVIDIA A100-SXM4-40GB MIG 4g.20gb (0),1,,13,cupy_copy__float32_float32
4979267300,2944,331288,103,1,1,128,1,1,16,0.000,0.000,,,,,NVIDIA A100-SXM4-40GB MIG 4g.20gb (0),1,,13,cupy_copy__complex64_complex64
4979272356,12064,331298,1434,1,1,128,1,1,16,0.000,0.000,,,,,NVIDIA A100-SXM4-40GB MIG 4g.20gb (0),1,,13,cupy_copy__complex64_complex64
4979291076,83743,331303,1,1,1,32,32,1,30,0.000,0.000,,,,,NVIDIA A100-SXM4-40GB MIG 4g.20gb (0),1,,13,"void convert_kernel<__half2, float2>(tensor_layout_any, T1 *, tensor_layout_any, const T2 *)"
4979402307,5823,331306,,,,,,,,,,0.094,16090.601,Pinned,Device,NVIDIA A100-SXM4-40GB MIG 4g.20gb (0),1,,13,[CUDA memcpy Host-to-Device]
4979412162,596761,331307,,,,,,,,,,456.561,764740.412,Device,,NVIDIA A100-SXM4-40GB MIG 4g.20gb (0),1,,13,[CUDA memset]
4980021339,155006,331312,,,,,,,,,,1.235,7966.624,Pinned,Device,NVIDIA A100-SXM4-40GB MIG 4g.20gb (0),1,,13,[CUDA memcpy Host-to-Device]
4980188985,41279,331313,,,,,,,,,,0.197,4762.829,Pinned,Device,NVIDIA A100-SXM4-40GB MIG 4g.20gb (0),1,,13,[CUDA memcpy Host-to-Device]
4980259544,8384,331314,69,4,1,48,1,1,76,0.002,0.000,,,,,NVIDIA A100-SXM4-40GB MIG 4g.20gb (0),1,,13,"void ch_est::windowedChEstPreNoDftSOfdmKernel<float, __half, float, (unsigned int)2, (unsigned int)1, (unsigned short)4>(ch_est::puschRxChEstStatDescr_t *, ch_est::puschRxChEstDynDescr_t *)"
4980279224,6624,331315,137,2,1,24,2,1,44,0.001,0.001,,,,,NVIDIA A100-SXM4-40GB MIG 4g.20gb (0),1,,13,"void ch_est::chEstFilterNoDftSOfdmDispatchKernel<float, __half, float, (unsigned int)2>(ch_est::puschRxChEstStatDescr_t *, ch_est::puschRxChEstDynDescr_t *)"
4980295704,4703,331316,137,2,1,24,2,1,44,0.001,0.001,,,,,NVIDIA A100-SXM4-40GB MIG 4g.20gb (0),1,,13,"void ch_est::chEstFilterNoDftSOfdmDispatchKernel<float, __half, float, (unsigned int)2>(ch_est::puschRxChEstStatDescr_t *, ch_est::puschRxChEstDynDescr_t *)"
4980314743,2720,331327,103,1,1,128,1,1,16,0.000,0.000,,,,,NVIDIA A100-SXM4-40GB MIG 4g.20gb (0),1,,13,cupy_copy__complex64_complex64
4980331735,12352,331337,1434,1,1,128,1,1,16,0.000,0.000,,,,,NVIDIA A100-SXM4-40GB MIG 4g.20gb (0),1,,13,cupy_copy__complex64_complex64
4980351255,2944,331344,103,1,1,128,1,1,16,0.000,0.000,,,,,NVIDIA A100-SXM4-40GB MIG 4g.20gb (0),1,,13,cupy_copy__complex64_complex64
4980371543,94654,331351,1,1,1,32,32,1,30,0.000,0.000,,,,,NVIDIA A100-SXM4-40GB MIG 4g.20gb (0),1,,13,"void convert_kernel<__half2, float2>(tensor_layout_any, T1 *, tensor_layout_any, const T2 *)"
4980499445,22304,331354,,,,,,,,,,0.094,4200.860,Pinned,Device,NVIDIA A100-SXM4-40GB MIG 4g.20gb (0),1,,13,[CUDA memcpy Host-to-Device]
4980534101,47327,331355,,,,,,,,,,35.810,756627.800,Device,,NVIDIA A100-SXM4-40GB MIG 4g.20gb (0),1,,13,[CUDA memset]
4980589876,8576,331357,,,,,,,,,,0.000,9.328,Pinned,Device,NVIDIA A100-SXM4-40GB MIG 4g.20gb (0),1,,13,[CUDA memcpy Host-to-Device]
4980603060,19807,331358,,,,,,,,,,0.197,9926.148,Pinned,Device,NVIDIA A100-SXM4-40GB MIG 4g.20gb (0),1,,13,[CUDA memcpy Host-to-Device]
4980636691,9824,331359,273,1,1,48,1,1,40,0.000,0.001,,,,,NVIDIA A100-SXM4-40GB MIG 4g.20gb (0),1,,13,"void pusch_noise_intf_est::noiseIntfEstNoDftSOfdmKernel<float, __half, float, float, (unsigned int)2, (unsigned int)1, (unsigned char)4, (unsigned char)4>(pusch_noise_intf_est::puschRxNoiseIntfEstDynDescr)"
4980652307,2848,331370,35,1,1,128,1,1,16,0.000,0.000,,,,,NVIDIA A100-SXM4-40GB MIG 4g.20gb (0),1,,13,cupy_copy__complex64_complex64
4980660083,2304,331379,1,1,1,1,1,1,18,0.000,0.000,,,,,NVIDIA A100-SXM4-40GB MIG 4g.20gb (0),1,,13,cupy_copy__float32_float32
4980668275,4096,331385,,,,,,,,,,0.000,0.977,Device,Pageable,NVIDIA A100-SXM4-40GB MIG 4g.20gb (0),1,,7,[CUDA memcpy Device-to-Host]
4980742290,12896,331396,1434,1,1,128,1,1,16,0.000,0.000,,,,,NVIDIA A100-SXM4-40GB MIG 4g.20gb (0),1,,13,cupy_copy__complex64_complex64
4980772434,3040,331403,103,1,1,128,1,1,16,0.000,0.000,,,,,NVIDIA A100-SXM4-40GB MIG 4g.20gb (0),1,,13,cupy_copy__complex64_complex64
4980790705,2624,331410,35,1,1,128,1,1,16,0.000,0.000,,,,,NVIDIA A100-SXM4-40GB MIG 4g.20gb (0),1,,13,cupy_copy__complex64_complex64
4980813553,1760,331417,1,1,1,1,1,1,18,0.000,0.000,,,,,NVIDIA A100-SXM4-40GB MIG 4g.20gb (0),1,,13,cupy_copy__float32_float32
4980934992,82527,331428,1,1,1,32,32,1,30,0.000,0.000,,,,,NVIDIA A100-SXM4-40GB MIG 4g.20gb (0),1,,13,"void convert_kernel<__half2, float2>(tensor_layout_any, T1 *, tensor_layout_any, const T2 *)"
4981044846,5760,331431,,,,,,,,,,0.094,16266.656,Pinned,Device,NVIDIA A100-SXM4-40GB MIG 4g.20gb (0),1,,13,[CUDA memcpy Host-to-Device]
4981060270,3200,331432,,,,,,,,,,1.547,483320.000,Device,,NVIDIA A100-SXM4-40GB MIG 4g.20gb (0),1,,13,[CUDA memset]
4981065998,3488,331437,,,,,,,,,,0.031,8972.469,Pinned,Device,NVIDIA A100-SXM4-40GB MIG 4g.20gb (0),1,,13,[CUDA memcpy Host-to-Device]
4981071918,10208,331438,,,,,,,,,,0.197,19260.113,Pinned,Device,NVIDIA A100-SXM4-40GB MIG 4g.20gb (0),1,,13,[CUDA memcpy Host-to-Device]
4981086990,6208,331439,273,1,1,8,4,1,39,0.002,0.000,,,,,NVIDIA A100-SXM4-40GB MIG 4g.20gb (0),1,,13,"void channel_eq::eqMmseCoefCompLowMimoKernel<float, float, float, (unsigned int)4, (unsigned int)1, (unsigned int)4>(const channel_eq::_puschRxChEqStatDescr *, channel_eq::_puschRxChEqCoefCompDynDescr)"
4981095598,6016,331440,273,1,1,12,11,1,51,0.002,0.000,,,,,NVIDIA A100-SXM4-40GB MIG 4g.20gb (0),1,,13,"void channel_eq::eqMmseSoftDemapKernel<float, __half, __half, float, (unsigned int)4, (unsigned short)16383>(channel_eq::_puschRxChEqStatDescr *, channel_eq::_puschRxChEqSoftDemapDynDescr)"
4981102542,282172,331441,1,1,1,32,32,1,30,0.000,0.000,,,,,NVIDIA A100-SXM4-40GB MIG 4g.20gb (0),1,,13,"void convert_kernel<float2, __half2>(tensor_layout_any, T1 *, tensor_layout_any, const T2 *)"
4981386986,10880,331453,2253,1,1,128,1,1,16,0.000,0.000,,,,,NVIDIA A100-SXM4-40GB MIG 4g.20gb (0),1,,13,cupy_copy__float16_float16
4981400202,3552,331462,282,1,1,128,1,1,16,0.000,0.000,,,,,NVIDIA A100-SXM4-40GB MIG 4g.20gb (0),1,,13,cupy_copy__complex64_complex64
4981405674,2176,331471,26,1,1,128,1,1,16,0.000,0.000,,,,,NVIDIA A100-SXM4-40GB MIG 4g.20gb (0),1,,13,cupy_copy__float32_float32
4981409450,4672,331480,103,1,1,128,1,1,16,0.000,0.000,,,,,NVIDIA A100-SXM4-40GB MIG 4g.20gb (0),1,,13,cupy_copy__complex64_complex64
4981415082,12096,331490,1434,1,1,128,1,1,16,0.000,0.000,,,,,NVIDIA A100-SXM4-40GB MIG 4g.20gb (0),1,,13,cupy_copy__complex64_complex64
4981434601,83071,331495,1,1,1,32,32,1,30,0.000,0.000,,,,,NVIDIA A100-SXM4-40GB MIG 4g.20gb (0),1,,13,"void convert_kernel<__half2, float2>(tensor_layout_any, T1 *, tensor_layout_any, const T2 *)"
4981546120,5696,331498,,,,,,,,,,0.094,16449.363,Pinned,Device,NVIDIA A100-SXM4-40GB MIG 4g.20gb (0),1,,13,[CUDA memcpy Host-to-Device]
4981556200,596729,331499,,,,,,,,,,456.561,764740.412,Device,,NVIDIA A100-SXM4-40GB MIG 4g.20gb (0),1,,13,[CUDA memset]
4982161441,152254,331504,,,,,,,,,,1.235,8109.877,Pinned,Device,NVIDIA A100-SXM4-40GB MIG 4g.20gb (0),1,,13,[CUDA memcpy Host-to-Device]
4982323295,31871,331505,,,,,,,,,,0.197,6168.773,Pinned,Device,NVIDIA A100-SXM4-40GB MIG 4g.20gb (0),1,,13,[CUDA memcpy Host-to-Device]
4982367710,8064,331506,69,4,1,48,1,1,76,0.002,0.000,,,,,NVIDIA A100-SXM4-40GB MIG 4g.20gb (0),1,,13,"void ch_est::windowedChEstPreNoDftSOfdmKernel<float, __half, float, (unsigned int)2, (unsigned int)1, (unsigned short)4>(ch_est::puschRxChEstStatDescr_t *, ch_est::puschRxChEstDynDescr_t *)"
4982387742,7200,331507,137,2,1,24,2,1,44,0.001,0.001,,,,,NVIDIA A100-SXM4-40GB MIG 4g.20gb (0),1,,13,"void ch_est::chEstFilterNoDftSOfdmDispatchKernel<float, __half, float, (unsigned int)2>(ch_est::puschRxChEstStatDescr_t *, ch_est::puschRxChEstDynDescr_t *)"
4982403390,4703,331508,137,2,1,24,2,1,44,0.001,0.001,,,,,NVIDIA A100-SXM4-40GB MIG 4g.20gb (0),1,,13,"void ch_est::chEstFilterNoDftSOfdmDispatchKernel<float, __half, float, (unsigned int)2>(ch_est::puschRxChEstStatDescr_t *, ch_est::puschRxChEstDynDescr_t *)"
4982415709,2528,331519,103,1,1,128,1,1,16,0.000,0.000,,,,,NVIDIA A100-SXM4-40GB MIG 4g.20gb (0),1,,13,cupy_copy__complex64_complex64
4982430845,12544,331529,1434,1,1,128,1,1,16,0.000,0.000,,,,,NVIDIA A100-SXM4-40GB MIG 4g.20gb (0),1,,13,cupy_copy__complex64_complex64
4982467677,2560,331536,103,1,1,128,1,1,16,0.000,0.000,,,,,NVIDIA A100-SXM4-40GB MIG 4g.20gb (0),1,,13,cupy_copy__complex64_complex64
4982483101,83103,331543,1,1,1,32,32,1,30,0.000,0.000,,,,,NVIDIA A100-SXM4-40GB MIG 4g.20gb (0),1,,13,"void convert_kernel<__half2, float2>(tensor_layout_any, T1 *, tensor_layout_any, const T2 *)"
4982597467,24896,331546,,,,,,,,,,0.094,3763.487,Pinned,Device,NVIDIA A100-SXM4-40GB MIG 4g.20gb (0),1,,13,[CUDA memcpy Host-to-Device]
4982647483,47327,331547,,,,,,,,,,35.810,756627.800,Device,,NVIDIA A100-SXM4-40GB MIG 4g.20gb (0),1,,13,[CUDA memset]
4982700506,8256,331549,,,,,,,,,,0.000,9.690,Pinned,Device,NVIDIA A100-SXM4-40GB MIG 4g.20gb (0),1,,13,[CUDA memcpy Host-to-Device]
4982715226,25375,331550,,,,,,,,,,0.197,7747.928,Pinned,Device,NVIDIA A100-SXM4-40GB MIG 4g.20gb (0),1,,13,[CUDA memcpy Host-to-Device]
4982756217,10016,331551,273,1,1,48,1,1,40,0.000,0.001,,,,,NVIDIA A100-SXM4-40GB MIG 4g.20gb (0),1,,13,"void pusch_noise_intf_est::noiseIntfEstNoDftSOfdmKernel<float, __half, float, float, (unsigned int)2, (unsigned int)1, (unsigned char)4, (unsigned char)4>(pusch_noise_intf_est::puschRxNoiseIntfEstDynDescr)"
4982772537,2656,331562,35,1,1,128,1,1,16,0.000,0.000,,,,,NVIDIA A100-SXM4-40GB MIG 4g.20gb (0),1,,13,cupy_copy__complex64_complex64
4982789625,1664,331571,1,1,1,1,1,1,18,0.000,0.000,,,,,NVIDIA A100-SXM4-40GB MIG 4g.20gb (0),1,,13,cupy_copy__float32_float32
4982792729,8032,331577,,,,,,,,,,0.000,0.498,Device,Pageable,NVIDIA A100-SXM4-40GB MIG 4g.20gb (0),1,,7,[CUDA memcpy Device-to-Host]
4982896279,12864,331588,1434,1,1,128,1,1,16,0.000,0.000,,,,,NVIDIA A100-SXM4-40GB MIG 4g.20gb (0),1,,13,cupy_copy__complex64_complex64
4982919703,2688,331595,103,1,1,128,1,1,16,0.000,0.000,,,,,NVIDIA A100-SXM4-40GB MIG 4g.20gb (0),1,,13,cupy_copy__complex64_complex64
4982938103,2560,331602,35,1,1,128,1,1,16,0.000,0.000,,,,,NVIDIA A100-SXM4-40GB MIG 4g.20gb (0),1,,13,cupy_copy__complex64_complex64
4982959895,1824,331609,1,1,1,1,1,1,18,0.000,0.000,,,,,NVIDIA A100-SXM4-40GB MIG 4g.20gb (0),1,,13,cupy_copy__float32_float32
4983085013,86591,331620,1,1,1,32,32,1,30,0.000,0.000,,,,,NVIDIA A100-SXM4-40GB MIG 4g.20gb (0),1,,13,"void convert_kernel<__half2, float2>(tensor_layout_any, T1 *, tensor_layout_any, const T2 *)"
4983200404,13600,331623,,,,,,,,,,0.094,6889.373,Pinned,Device,NVIDIA A100-SXM4-40GB MIG 4g.20gb (0),1,,13,[CUDA memcpy Host-to-Device]
4983225139,3456,331624,,,,,,,,,,1.547,447517.201,Device,,NVIDIA A100-SXM4-40GB MIG 4g.20gb (0),1,,13,[CUDA memset]
4983230995,3936,331629,,,,,,,,,,0.031,7951.218,Pinned,Device,NVIDIA A100-SXM4-40GB MIG 4g.20gb (0),1,,13,[CUDA memcpy Host-to-Device]
4983241267,13280,331630,,,,,,,,,,0.197,14804.779,Pinned,Device,NVIDIA A100-SXM4-40GB MIG 4g.20gb (0),1,,13,[CUDA memcpy Host-to-Device]
4983262803,8224,331631,273,1,1,8,4,1,39,0.002,0.000,,,,,NVIDIA A100-SXM4-40GB MIG 4g.20gb (0),1,,13,"void channel_eq::eqMmseCoefCompLowMimoKernel<float, float, float, (unsigned int)4, (unsigned int)1, (unsigned int)4>(const channel_eq::_puschRxChEqStatDescr *, channel_eq::_puschRxChEqCoefCompDynDescr)"
4983278611,6016,331632,273,1,1,12,11,1,51,0.002,0.000,,,,,NVIDIA A100-SXM4-40GB MIG 4g.20gb (0),1,,13,"void channel_eq::eqMmseSoftDemapKernel<float, __half, __half, float, (unsigned int)4, (unsigned short)16383>(channel_eq::_puschRxChEqStatDescr *, channel_eq::_puschRxChEqSoftDemapDynDescr)"
4983286227,289884,331633,1,1,1,32,32,1,30,0.000,0.000,,,,,NVIDIA A100-SXM4-40GB MIG 4g.20gb (0),1,,13,"void convert_kernel<float2, __half2>(tensor_layout_any, T1 *, tensor_layout_any, const T2 *)"
4983577711,11008,331645,2253,1,1,128,1,1,16,0.000,0.000,,,,,NVIDIA A100-SXM4-40GB MIG 4g.20gb (0),1,,13,cupy_copy__float16_float16
4983591279,3072,331654,282,1,1,128,1,1,16,0.000,0.000,,,,,NVIDIA A100-SXM4-40GB MIG 4g.20gb (0),1,,13,cupy_copy__complex64_complex64
4983596207,2272,331663,26,1,1,128,1,1,16,0.000,0.000,,,,,NVIDIA A100-SXM4-40GB MIG 4g.20gb (0),1,,13,cupy_copy__float32_float32
4983599855,2912,331672,103,1,1,128,1,1,16,0.000,0.000,,,,,NVIDIA A100-SXM4-40GB MIG 4g.20gb (0),1,,13,cupy_copy__complex64_complex64
4983604175,12160,331682,1434,1,1,128,1,1,16,0.000,0.000,,,,,NVIDIA A100-SXM4-40GB MIG 4g.20gb (0),1,,13,cupy_copy__complex64_complex64
4983619471,87198,331687,1,1,1,32,32,1,30,0.000,0.000,,,,,NVIDIA A100-SXM4-40GB MIG 4g.20gb (0),1,,13,"void convert_kernel<__half2, float2>(tensor_layout_any, T1 *, tensor_layout_any, const T2 *)"
4983733485,5824,331690,,,,,,,,,,0.094,16087.884,Pinned,Device,NVIDIA A100-SXM4-40GB MIG 4g.20gb (0),1,,13,[CUDA memcpy Host-to-Device]
4983743789,598425,331691,,,,,,,,,,456.561,762914.166,Device,,NVIDIA A100-SXM4-40GB MIG 4g.20gb (0),1,,13,[CUDA memset]
4984351270,109278,331696,,,,,,,,,,1.235,11299.738,Pinned,Device,NVIDIA A100-SXM4-40GB MIG 4g.20gb (0),1,,13,[CUDA memcpy Host-to-Device]
4984467588,18784,331697,,,,,,,,,,0.197,10466.623,Pinned,Device,NVIDIA A100-SXM4-40GB MIG 4g.20gb (0),1,,13,[CUDA memcpy Host-to-Device]
4984500420,8288,331698,69,4,1,48,1,1,76,0.002,0.000,,,,,NVIDIA A100-SXM4-40GB MIG 4g.20gb (0),1,,13,"void ch_est::windowedChEstPreNoDftSOfdmKernel<float, __half, float, (unsigned int)2, (unsigned int)1, (unsigned short)4>(ch_est::puschRxChEstStatDescr_t *, ch_est::puschRxChEstDynDescr_t *)"
4984515524,6399,331699,137,2,1,24,2,1,44,0.001,0.001,,,,,NVIDIA A100-SXM4-40GB MIG 4g.20gb (0),1,,13,"void ch_est::chEstFilterNoDftSOfdmDispatchKernel<float, __half, float, (unsigned int)2>(ch_est::puschRxChEstStatDescr_t *, ch_est::puschRxChEstDynDescr_t *)"
4984523139,6368,331700,137,2,1,24,2,1,44,0.001,0.001,,,,,NVIDIA A100-SXM4-40GB MIG 4g.20gb (0),1,,13,"void ch_est::chEstFilterNoDftSOfdmDispatchKernel<float, __half, float, (unsigned int)2>(ch_est::puschRxChEstStatDescr_t *, ch_est::puschRxChEstDynDescr_t *)"
4984530851,3136,331711,103,1,1,128,1,1,16,0.000,0.000,,,,,NVIDIA A100-SXM4-40GB MIG 4g.20gb (0),1,,13,cupy_copy__complex64_complex64
4984538691,12736,331721,1434,1,1,128,1,1,16,0.000,0.000,,,,,NVIDIA A100-SXM4-40GB MIG 4g.20gb (0),1,,13,cupy_copy__complex64_complex64
4984554307,2624,331728,103,1,1,128,1,1,16,0.000,0.000,,,,,NVIDIA A100-SXM4-40GB MIG 4g.20gb (0),1,,13,cupy_copy__complex64_complex64
4984562147,89119,331735,1,1,1,32,32,1,30,0.000,0.000,,,,,NVIDIA A100-SXM4-40GB MIG 4g.20gb (0),1,,13,"void convert_kernel<__half2, float2>(tensor_layout_any, T1 *, tensor_layout_any, const T2 *)"
4984679106,9215,331738,,,,,,,,,,0.094,10167.703,Pinned,Device,NVIDIA A100-SXM4-40GB MIG 4g.20gb (0),1,,13,[CUDA memcpy Host-to-Device]
4984698977,46720,331739,,,,,,,,,,35.810,766475.528,Device,,NVIDIA A100-SXM4-40GB MIG 4g.20gb (0),1,,13,[CUDA memset]
4984749185,7584,331741,,,,,,,,,,0.000,10.548,Pinned,Device,NVIDIA A100-SXM4-40GB MIG 4g.20gb (0),1,,13,[CUDA memcpy Host-to-Device]
4984763712,19136,331742,,,,,,,,,,0.197,10274.144,Pinned,Device,NVIDIA A100-SXM4-40GB MIG 4g.20gb (0),1,,13,[CUDA memcpy Host-to-Device]
4984790784,9568,331743,273,1,1,48,1,1,40,0.000,0.001,,,,,NVIDIA A100-SXM4-40GB MIG 4g.20gb (0),1,,13,"void pusch_noise_intf_est::noiseIntfEstNoDftSOfdmKernel<float, __half, float, float, (unsigned int)2, (unsigned int)1, (unsigned char)4, (unsigned char)4>(pusch_noise_intf_est::puschRxNoiseIntfEstDynDescr)"
4984807360,2816,331754,35,1,1,128,1,1,16,0.000,0.000,,,,,NVIDIA A100-SXM4-40GB MIG 4g.20gb (0),1,,13,cupy_copy__complex64_complex64
4984813600,1760,331763,1,1,1,1,1,1,18,0.000,0.000,,,,,NVIDIA A100-SXM4-40GB MIG 4g.20gb (0),1,,13,cupy_copy__float32_float32
4984834432,2656,331769,,,,,,,,,,0.000,1.506,Device,Pageable,NVIDIA A100-SXM4-40GB MIG 4g.20gb (0),1,,7,[CUDA memcpy Device-to-Host]
4984895999,12896,331780,1434,1,1,128,1,1,16,0.000,0.000,,,,,NVIDIA A100-SXM4-40GB MIG 4g.20gb (0),1,,13,cupy_copy__complex64_complex64
4984923135,2751,331787,103,1,1,128,1,1,16,0.000,0.000,,,,,NVIDIA A100-SXM4-40GB MIG 4g.20gb (0),1,,13,cupy_copy__complex64_complex64
4984944606,2368,331794,35,1,1,128,1,1,16,0.000,0.000,,,,,NVIDIA A100-SXM4-40GB MIG 4g.20gb (0),1,,13,cupy_copy__complex64_complex64
4984961054,1888,331801,1,1,1,1,1,1,18,0.000,0.000,,,,,NVIDIA A100-SXM4-40GB MIG 4g.20gb (0),1,,13,cupy_copy__float32_float32
4985091708,81887,331812,1,1,1,32,32,1,30,0.000,0.000,,,,,NVIDIA A100-SXM4-40GB MIG 4g.20gb (0),1,,13,"void convert_kernel<__half2, float2>(tensor_layout_any, T1 *, tensor_layout_any, const T2 *)"
4985200955,5632,331815,,,,,,,,,,0.094,16636.287,Pinned,Device,NVIDIA A100-SXM4-40GB MIG 4g.20gb (0),1,,13,[CUDA memcpy Host-to-Device]
4985217883,3136,331816,,,,,,,,,,1.547,493182.821,Device,,NVIDIA A100-SXM4-40GB MIG 4g.20gb (0),1,,13,[CUDA memset]
4985222491,3168,331821,,,,,,,,,,0.031,9878.770,Pinned,Device,NVIDIA A100-SXM4-40GB MIG 4g.20gb (0),1,,13,[CUDA memcpy Host-to-Device]
4985228251,9440,331822,,,,,,,,,,0.197,20827.079,Pinned,Device,NVIDIA A100-SXM4-40GB MIG 4g.20gb (0),1,,13,[CUDA memcpy Host-to-Device]
4985241659,6144,331823,273,1,1,8,4,1,39,0.002,0.000,,,,,NVIDIA A100-SXM4-40GB MIG 4g.20gb (0),1,,13,"void channel_eq::eqMmseCoefCompLowMimoKernel<float, float, float, (unsigned int)4, (unsigned int)1, (unsigned int)4>(const channel_eq::_puschRxChEqStatDescr *, channel_eq::_puschRxChEqCoefCompDynDescr)"
4985250490,5600,331824,273,1,1,12,11,1,51,0.002,0.000,,,,,NVIDIA A100-SXM4-40GB MIG 4g.20gb (0),1,,13,"void channel_eq::eqMmseSoftDemapKernel<float, __half, __half, float, (unsigned int)4, (unsigned short)16383>(channel_eq::_puschRxChEqStatDescr *, channel_eq::_puschRxChEqSoftDemapDynDescr)"
4985257402,282493,331825,1,1,1,32,32,1,30,0.000,0.000,,,,,NVIDIA A100-SXM4-40GB MIG 4g.20gb (0),1,,13,"void convert_kernel<float2, __half2>(tensor_layout_any, T1 *, tensor_layout_any, const T2 *)"
4985542231,11040,331837,2253,1,1,128,1,1,16,0.000,0.000,,,,,NVIDIA A100-SXM4-40GB MIG 4g.20gb (0),1,,13,cupy_copy__float16_float16
4985558839,2656,331846,282,1,1,128,1,1,16,0.000,0.000,,,,,NVIDIA A100-SXM4-40GB MIG 4g.20gb (0),1,,13,cupy_copy__complex64_complex64
4985563863,2304,331855,26,1,1,128,1,1,16,0.000,0.000,,,,,NVIDIA A100-SXM4-40GB MIG 4g.20gb (0),1,,13,cupy_copy__float32_float32
4985567223,2848,331864,103,1,1,128,1,1,16,0.000,0.000,,,,,NVIDIA A100-SXM4-40GB MIG 4g.20gb (0),1,,13,cupy_copy__complex64_complex64
4985572663,12095,331874,1434,1,1,128,1,1,16,0.000,0.000,,,,,NVIDIA A100-SXM4-40GB MIG 4g.20gb (0),1,,13,cupy_copy__complex64_complex64
4985591606,82751,331879,1,1,1,32,32,1,30,0.000,0.000,,,,,NVIDIA A100-SXM4-40GB MIG 4g.20gb (0),1,,13,"void convert_kernel<__half2, float2>(tensor_layout_any, T1 *, tensor_layout_any, const T2 *)"
4985701589,6112,331882,,,,,,,,,,0.094,15329.790,Pinned,Device,NVIDIA A100-SXM4-40GB MIG 4g.20gb (0),1,,13,[CUDA memcpy Host-to-Device]
4985711477,597016,331883,,,,,,,,,,456.561,764283.851,Device,,NVIDIA A100-SXM4-40GB MIG 4g.20gb (0),1,,13,[CUDA memset]
4986318733,158846,331888,,,,,,,,,,1.235,7773.972,Pinned,Device,NVIDIA A100-SXM4-40GB MIG 4g.20gb (0),1,,13,[CUDA memcpy Host-to-Device]
4986491595,40384,331889,,,,,,,,,,0.197,4868.407,Pinned,Device,NVIDIA A100-SXM4-40GB MIG 4g.20gb (0),1,,13,[CUDA memcpy Host-to-Device]
4986561898,8160,331890,69,4,1,48,1,1,76,0.002,0.000,,,,,NVIDIA A100-SXM4-40GB MIG 4g.20gb (0),1,,13,"void ch_est::windowedChEstPreNoDftSOfdmKernel<float, __half, float, (unsigned int)2, (unsigned int)1, (unsigned short)4>(ch_est::puschRxChEstStatDescr_t *, ch_est::puschRxChEstDynDescr_t *)"
4986579370,6912,331891,137,2,1,24,2,1,44,0.001,0.001,,,,,NVIDIA A100-SXM4-40GB MIG 4g.20gb (0),1,,13,"void ch_est::chEstFilterNoDftSOfdmDispatchKernel<float, __half, float, (unsigned int)2>(ch_est::puschRxChEstStatDescr_t *, ch_est::puschRxChEstDynDescr_t *)"
4986598218,4864,331892,137,2,1,24,2,1,44,0.001,0.001,,,,,NVIDIA A100-SXM4-40GB MIG 4g.20gb (0),1,,13,"void ch_est::chEstFilterNoDftSOfdmDispatchKernel<float, __half, float, (unsigned int)2>(ch_est::puschRxChEstStatDescr_t *, ch_est::puschRxChEstDynDescr_t *)"
4986611530,2752,331903,103,1,1,128,1,1,16,0.000,0.000,,,,,NVIDIA A100-SXM4-40GB MIG 4g.20gb (0),1,,13,cupy_copy__complex64_complex64
4986625706,12671,331913,1434,1,1,128,1,1,16,0.000,0.000,,,,,NVIDIA A100-SXM4-40GB MIG 4g.20gb (0),1,,13,cupy_copy__complex64_complex64
4986649321,2464,331920,103,1,1,128,1,1,16,0.000,0.000,,,,,NVIDIA A100-SXM4-40GB MIG 4g.20gb (0),1,,13,cupy_copy__complex64_complex64
4986662985,87423,331927,1,1,1,32,32,1,30,0.000,0.000,,,,,NVIDIA A100-SXM4-40GB MIG 4g.20gb (0),1,,13,"void convert_kernel<__half2, float2>(tensor_layout_any, T1 *, tensor_layout_any, const T2 *)"
4986780616,10463,331930,,,,,,,,,,0.094,8954.902,Pinned,Device,NVIDIA A100-SXM4-40GB MIG 4g.20gb (0),1,,13,[CUDA memcpy Host-to-Device]
4986800359,46432,331931,,,,,,,,,,35.810,771202.437,Device,,NVIDIA A100-SXM4-40GB MIG 4g.20gb (0),1,,13,[CUDA memset]
4986850247,2688,331933,,,,,,,,,,0.000,29.762,Pinned,Device,NVIDIA A100-SXM4-40GB MIG 4g.20gb (0),1,,13,[CUDA memcpy Host-to-Device]
4986860839,17695,331934,,,,,,,,,,0.197,11110.908,Pinned,Device,NVIDIA A100-SXM4-40GB MIG 4g.20gb (0),1,,13,[CUDA memcpy Host-to-Device]
4986890470,9728,331935,273,1,1,48,1,1,40,0.000,0.001,,,,,NVIDIA A100-SXM4-40GB MIG 4g.20gb (0),1,,13,"void pusch_noise_intf_est::noiseIntfEstNoDftSOfdmKernel<float, __half, float, float, (unsigned int)2, (unsigned int)1, (unsigned char)4, (unsigned char)4>(pusch_noise_intf_est::puschRxNoiseIntfEstDynDescr)"
4986907494,2816,331946,35,1,1,128,1,1,16,0.000,0.000,,,,,NVIDIA A100-SXM4-40GB MIG 4g.20gb (0),1,,13,cupy_copy__complex64_complex64
4986917062,2080,331955,1,1,1,1,1,1,18,0.000,0.000,,,,,NVIDIA A100-SXM4-40GB MIG 4g.20gb (0),1,,13,cupy_copy__float32_float32
4986945670,6368,331961,,,,,,,,,,0.000,0.628,Device,Pageable,NVIDIA A100-SXM4-40GB MIG 4g.20gb (0),1,,7,[CUDA memcpy Device-to-Host]
4987025701,12863,331972,1434,1,1,128,1,1,16,0.000,0.000,,,,,NVIDIA A100-SXM4-40GB MIG 4g.20gb (0),1,,13,cupy_copy__complex64_complex64
4987050852,2752,331979,103,1,1,128,1,1,16,0.000,0.000,,,,,NVIDIA A100-SXM4-40GB MIG 4g.20gb (0),1,,13,cupy_copy__complex64_complex64
4987068644,2720,331986,35,1,1,128,1,1,16,0.000,0.000,,,,,NVIDIA A100-SXM4-40GB MIG 4g.20gb (0),1,,13,cupy_copy__complex64_complex64
4987089156,1984,331993,1,1,1,1,1,1,18,0.000,0.000,,,,,NVIDIA A100-SXM4-40GB MIG 4g.20gb (0),1,,13,cupy_copy__float32_float32
4987211170,86879,332004,1,1,1,32,32,1,30,0.000,0.000,,,,,NVIDIA A100-SXM4-40GB MIG 4g.20gb (0),1,,13,"void convert_kernel<__half2, float2>(tensor_layout_any, T1 *, tensor_layout_any, const T2 *)"
4987325441,5824,332007,,,,,,,,,,0.094,16087.884,Pinned,Device,NVIDIA A100-SXM4-40GB MIG 4g.20gb (0),1,,13,[CUDA memcpy Host-to-Device]
4987339873,3296,332008,,,,,,,,,,1.547,469242.628,Device,,NVIDIA A100-SXM4-40GB MIG 4g.20gb (0),1,,13,[CUDA memset]
4987346273,3232,332013,,,,,,,,,,0.031,9683.139,Pinned,Device,NVIDIA A100-SXM4-40GB MIG 4g.20gb (0),1,,13,[CUDA memcpy Host-to-Device]
4987352033,9983,332014,,,,,,,,,,0.197,19694.223,Pinned,Device,NVIDIA A100-SXM4-40GB MIG 4g.20gb (0),1,,13,[CUDA memcpy Host-to-Device]
4987367424,6464,332015,273,1,1,8,4,1,39,0.002,0.000,,,,,NVIDIA A100-SXM4-40GB MIG 4g.20gb (0),1,,13,"void channel_eq::eqMmseCoefCompLowMimoKernel<float, float, float, (unsigned int)4, (unsigned int)1, (unsigned int)4>(const channel_eq::_puschRxChEqStatDescr *, channel_eq::_puschRxChEqCoefCompDynDescr)"
4987376288,6496,332016,273,1,1,12,11,1,51,0.002,0.000,,,,,NVIDIA A100-SXM4-40GB MIG 4g.20gb (0),1,,13,"void channel_eq::eqMmseSoftDemapKernel<float, __half, __half, float, (unsigned int)4, (unsigned short)16383>(channel_eq::_puschRxChEqStatDescr *, channel_eq::_puschRxChEqSoftDemapDynDescr)"
4987384288,294621,332017,1,1,1,32,32,1,30,0.000,0.000,,,,,NVIDIA A100-SXM4-40GB MIG 4g.20gb (0),1,,13,"void convert_kernel<float2, __half2>(tensor_layout_any, T1 *, tensor_layout_any, const T2 *)"
4987679965,11039,332029,2253,1,1,128,1,1,16,0.000,0.000,,,,,NVIDIA A100-SXM4-40GB MIG 4g.20gb (0),1,,13,cupy_copy__float16_float16
4987692220,3136,332038,282,1,1,128,1,1,16,0.000,0.000,,,,,NVIDIA A100-SXM4-40GB MIG 4g.20gb (0),1,,13,cupy_copy__complex64_complex64
4987699452,3232,332047,26,1,1,128,1,1,16,0.000,0.000,,,,,NVIDIA A100-SXM4-40GB MIG 4g.20gb (0),1,,13,cupy_copy__float32_float32
4987705052,4544,332056,103,1,1,128,1,1,16,0.000,0.000,,,,,NVIDIA A100-SXM4-40GB MIG 4g.20gb (0),1,,13,cupy_copy__complex64_complex64
4987712092,11936,332066,1434,1,1,128,1,1,16,0.000,0.000,,,,,NVIDIA A100-SXM4-40GB MIG 4g.20gb (0),1,,13,cupy_copy__complex64_complex64
4987727836,85599,332071,1,1,1,32,32,1,30,0.000,0.000,,,,,NVIDIA A100-SXM4-40GB MIG 4g.20gb (0),1,,13,"void convert_kernel<__half2, float2>(tensor_layout_any, T1 *, tensor_layout_any, const T2 *)"
4987839995,5599,332074,,,,,,,,,,0.094,16734.387,Pinned,Device,NVIDIA A100-SXM4-40GB MIG 4g.20gb (0),1,,13,[CUDA memcpy Host-to-Device]
4987850042,597913,332075,,,,,,,,,,456.561,763370.728,Device,,NVIDIA A100-SXM4-40GB MIG 4g.20gb (0),1,,13,[CUDA memset]
4988450003,122655,332080,,,,,,,,,,1.235,10067.263,Pinned,Device,NVIDIA A100-SXM4-40GB MIG 4g.20gb (0),1,,13,[CUDA memcpy Host-to-Device]
4988581009,34048,332081,,,,,,,,,,0.197,5774.377,Pinned,Device,NVIDIA A100-SXM4-40GB MIG 4g.20gb (0),1,,13,[CUDA memcpy Host-to-Device]
4988636817,8128,332082,69,4,1,48,1,1,76,0.002,0.000,,,,,NVIDIA A100-SXM4-40GB MIG 4g.20gb (0),1,,13,"void ch_est::windowedChEstPreNoDftSOfdmKernel<float, __half, float, (unsigned int)2, (unsigned int)1, (unsigned short)4>(ch_est::puschRxChEstStatDescr_t *, ch_est::puschRxChEstDynDescr_t *)"
4988653009,6815,332083,137,2,1,24,2,1,44,0.001,0.001,,,,,NVIDIA A100-SXM4-40GB MIG 4g.20gb (0),1,,13,"void ch_est::chEstFilterNoDftSOfdmDispatchKernel<float, __half, float, (unsigned int)2>(ch_est::puschRxChEstStatDescr_t *, ch_est::puschRxChEstDynDescr_t *)"
4988666992,4768,332084,137,2,1,24,2,1,44,0.001,0.001,,,,,NVIDIA A100-SXM4-40GB MIG 4g.20gb (0),1,,13,"void ch_est::chEstFilterNoDftSOfdmDispatchKernel<float, __half, float, (unsigned int)2>(ch_est::puschRxChEstStatDescr_t *, ch_est::puschRxChEstDynDescr_t *)"
4988683728,2624,332095,103,1,1,128,1,1,16,0.000,0.000,,,,,NVIDIA A100-SXM4-40GB MIG 4g.20gb (0),1,,13,cupy_copy__complex64_complex64
4988698448,12736,332105,1434,1,1,128,1,1,16,0.000,0.000,,,,,NVIDIA A100-SXM4-40GB MIG 4g.20gb (0),1,,13,cupy_copy__complex64_complex64
4988734032,2528,332112,103,1,1,128,1,1,16,0.000,0.000,,,,,NVIDIA A100-SXM4-40GB MIG 4g.20gb (0),1,,13,cupy_copy__complex64_complex64
4988753135,89503,332119,1,1,1,32,32,1,30,0.000,0.000,,,,,NVIDIA A100-SXM4-40GB MIG 4g.20gb (0),1,,13,"void convert_kernel<__half2, float2>(tensor_layout_any, T1 *, tensor_layout_any, const T2 *)"
4988878734,21504,332122,,,,,,,,,,0.094,4357.051,Pinned,Device,NVIDIA A100-SXM4-40GB MIG 4g.20gb (0),1,,13,[CUDA memcpy Host-to-Device]
4988915405,46944,332123,,,,,,,,,,35.810,762787.106,Device,,NVIDIA A100-SXM4-40GB MIG 4g.20gb (0),1,,13,[CUDA memset]
4988965869,8320,332125,,,,,,,,,,0.000,9.615,Pinned,Device,NVIDIA A100-SXM4-40GB MIG 4g.20gb (0),1,,13,[CUDA memcpy Host-to-Device]
4988979117,20191,332126,,,,,,,,,,0.197,9737.404,Pinned,Device,NVIDIA A100-SXM4-40GB MIG 4g.20gb (0),1,,13,[CUDA memcpy Host-to-Device]
4989014668,10016,332127,273,1,1,48,1,1,40,0.000,0.001,,,,,NVIDIA A100-SXM4-40GB MIG 4g.20gb (0),1,,13,"void pusch_noise_intf_est::noiseIntfEstNoDftSOfdmKernel<float, __half, float, float, (unsigned int)2, (unsigned int)1, (unsigned char)4, (unsigned char)4>(pusch_noise_intf_est::puschRxNoiseIntfEstDynDescr)"
4989030572,2688,332138,35,1,1,128,1,1,16,0.000,0.000,,,,,NVIDIA A100-SXM4-40GB MIG 4g.20gb (0),1,,13,cupy_copy__complex64_complex64
4989038412,2016,332147,1,1,1,1,1,1,18,0.000,0.000,,,,,NVIDIA A100-SXM4-40GB MIG 4g.20gb (0),1,,13,cupy_copy__float32_float32
4989046540,4352,332153,,,,,,,,,,0.000,0.919,Device,Pageable,NVIDIA A100-SXM4-40GB MIG 4g.20gb (0),1,,7,[CUDA memcpy Device-to-Host]
4989123659,13312,332164,1434,1,1,128,1,1,16,0.000,0.000,,,,,NVIDIA A100-SXM4-40GB MIG 4g.20gb (0),1,,13,cupy_copy__complex64_complex64
4989150154,3136,332171,103,1,1,128,1,1,16,0.000,0.000,,,,,NVIDIA A100-SXM4-40GB MIG 4g.20gb (0),1,,13,cupy_copy__complex64_complex64
4989173450,2848,332178,35,1,1,128,1,1,16,0.000,0.000,,,,,NVIDIA A100-SXM4-40GB MIG 4g.20gb (0),1,,13,cupy_copy__complex64_complex64
4989189258,2048,332185,1,1,1,1,1,1,18,0.000,0.000,,,,,NVIDIA A100-SXM4-40GB MIG 4g.20gb (0),1,,13,cupy_copy__float32_float32
4989319944,82111,332196,1,1,1,32,32,1,30,0.000,0.000,,,,,NVIDIA A100-SXM4-40GB MIG 4g.20gb (0),1,,13,"void convert_kernel<__half2, float2>(tensor_layout_any, T1 *, tensor_layout_any, const T2 *)"
4989432487,8224,332199,,,,,,,,,,0.094,11392.965,Pinned,Device,NVIDIA A100-SXM4-40GB MIG 4g.20gb (0),1,,13,[CUDA memcpy Host-to-Device]
4989449223,3328,332200,,,,,,,,,,1.547,464729.580,Device,,NVIDIA A100-SXM4-40GB MIG 4g.20gb (0),1,,13,[CUDA memset]
4989452999,5504,332205,,,,,,,,,,0.031,5686.045,Pinned,Device,NVIDIA A100-SXM4-40GB MIG 4g.20gb (0),1,,13,[CUDA memcpy Host-to-Device]
4989461511,11487,332206,,,,,,,,,,0.197,17115.513,Pinned,Device,NVIDIA A100-SXM4-40GB MIG 4g.20gb (0),1,,13,[CUDA memcpy Host-to-Device]
4989481606,7392,332207,273,1,1,8,4,1,39,0.002,0.000,,,,,NVIDIA A100-SXM4-40GB MIG 4g.20gb (0),1,,13,"void channel_eq::eqMmseCoefCompLowMimoKernel<float, float, float, (unsigned int)4, (unsigned int)1, (unsigned int)4>(const channel_eq::_puschRxChEqStatDescr *, channel_eq::_puschRxChEqCoefCompDynDescr)"
4989493510,6304,332208,273,1,1,12,11,1,51,0.002,0.000,,,,,NVIDIA A100-SXM4-40GB MIG 4g.20gb (0),1,,13,"void channel_eq::eqMmseSoftDemapKernel<float, __half, __half, float, (unsigned int)4, (unsigned short)16383>(channel_eq::_puschRxChEqStatDescr *, channel_eq::_puschRxChEqSoftDemapDynDescr)"
4989502374,282429,332209,1,1,1,32,32,1,30,0.000,0.000,,,,,NVIDIA A100-SXM4-40GB MIG 4g.20gb (0),1,,13,"void convert_kernel<float2, __half2>(tensor_layout_any, T1 *, tensor_layout_any, const T2 *)"
4989786499,11039,332221,2253,1,1,128,1,1,16,0.000,0.000,,,,,NVIDIA A100-SXM4-40GB MIG 4g.20gb (0),1,,13,cupy_copy__float16_float16
4989799458,3488,332230,282,1,1,128,1,1,16,0.000,0.000,,,,,NVIDIA A100-SXM4-40GB MIG 4g.20gb (0),1,,13,cupy_copy__complex64_complex64
4989804898,2048,332239,26,1,1,128,1,1,16,0.000,0.000,,,,,NVIDIA A100-SXM4-40GB MIG 4g.20gb (0),1,,13,cupy_copy__float32_float32
4989808322,3616,332248,103,1,1,128,1,1,16,0.000,0.000,,,,,NVIDIA A100-SXM4-40GB MIG 4g.20gb (0),1,,13,cupy_copy__complex64_complex64
4989815042,12256,332258,1434,1,1,128,1,1,16,0.000,0.000,,,,,NVIDIA A100-SXM4-40GB MIG 4g.20gb (0),1,,13,cupy_copy__complex64_complex64
4989828962,82335,332263,1,1,1,32,32,1,30,0.000,0.000,,,,,NVIDIA A100-SXM4-40GB MIG 4g.20gb (0),1,,13,"void convert_kernel<__half2, float2>(tensor_layout_any, T1 *, tensor_layout_any, const T2 *)"
4989937953,5536,332266,,,,,,,,,,0.094,16924.777,Pinned,Device,NVIDIA A100-SXM4-40GB MIG 4g.20gb (0),1,,13,[CUDA memcpy Host-to-Device]
4989947713,602488,332267,,,,,,,,,,456.561,757435.429,Device,,NVIDIA A100-SXM4-40GB MIG 4g.20gb (0),1,,13,[CUDA memset]
4990557113,155230,332272,,,,,,,,,,1.235,7955.509,Pinned,Device,NVIDIA A100-SXM4-40GB MIG 4g.20gb (0),1,,13,[CUDA memcpy Host-to-Device]
4990721879,41056,332273,,,,,,,,,,0.197,4788.584,Pinned,Device,NVIDIA A100-SXM4-40GB MIG 4g.20gb (0),1,,13,[CUDA memcpy Host-to-Device]
4990791318,8384,332274,69,4,1,48,1,1,76,0.002,0.000,,,,,NVIDIA A100-SXM4-40GB MIG 4g.20gb (0),1,,13,"void ch_est::windowedChEstPreNoDftSOfdmKernel<float, __half, float, (unsigned int)2, (unsigned int)1, (unsigned short)4>(ch_est::puschRxChEstStatDescr_t *, ch_est::puschRxChEstDynDescr_t *)"
4990808758,6752,332275,137,2,1,24,2,1,44,0.001,0.001,,,,,NVIDIA A100-SXM4-40GB MIG 4g.20gb (0),1,,13,"void ch_est::chEstFilterNoDftSOfdmDispatchKernel<float, __half, float, (unsigned int)2>(ch_est::puschRxChEstStatDescr_t *, ch_est::puschRxChEstDynDescr_t *)"
4990826230,4736,332276,137,2,1,24,2,1,44,0.001,0.001,,,,,NVIDIA A100-SXM4-40GB MIG 4g.20gb (0),1,,13,"void ch_est::chEstFilterNoDftSOfdmDispatchKernel<float, __half, float, (unsigned int)2>(ch_est::puschRxChEstStatDescr_t *, ch_est::puschRxChEstDynDescr_t *)"
4990840886,2528,332287,103,1,1,128,1,1,16,0.000,0.000,,,,,NVIDIA A100-SXM4-40GB MIG 4g.20gb (0),1,,13,cupy_copy__complex64_complex64
4990861333,12704,332297,1434,1,1,128,1,1,16,0.000,0.000,,,,,NVIDIA A100-SXM4-40GB MIG 4g.20gb (0),1,,13,cupy_copy__complex64_complex64
4990879861,2944,332304,103,1,1,128,1,1,16,0.000,0.000,,,,,NVIDIA A100-SXM4-40GB MIG 4g.20gb (0),1,,13,cupy_copy__complex64_complex64
4990902869,89311,332311,1,1,1,32,32,1,30,0.000,0.000,,,,,NVIDIA A100-SXM4-40GB MIG 4g.20gb (0),1,,13,"void convert_kernel<__half2, float2>(tensor_layout_any, T1 *, tensor_layout_any, const T2 *)"
4991021715,25088,332314,,,,,,,,,,0.094,3734.629,Pinned,Device,NVIDIA A100-SXM4-40GB MIG 4g.20gb (0),1,,13,[CUDA memcpy Host-to-Device]
4991069971,46527,332315,,,,,,,,,,35.810,769626.801,Device,,NVIDIA A100-SXM4-40GB MIG 4g.20gb (0),1,,13,[CUDA memset]
4991122866,6848,332317,,,,,,,,,,0.000,11.682,Pinned,Device,NVIDIA A100-SXM4-40GB MIG 4g.20gb (0),1,,13,[CUDA memcpy Host-to-Device]
4991138706,19456,332318,,,,,,,,,,0.197,10105.258,Pinned,Device,NVIDIA A100-SXM4-40GB MIG 4g.20gb (0),1,,13,[CUDA memcpy Host-to-Device]
4991172306,9759,332319,273,1,1,48,1,1,40,0.000,0.001,,,,,NVIDIA A100-SXM4-40GB MIG 4g.20gb (0),1,,13,"void pusch_noise_intf_est::noiseIntfEstNoDftSOfdmKernel<float, __half, float, float, (unsigned int)2, (unsigned int)1, (unsigned char)4, (unsigned char)4>(pusch_noise_intf_est::puschRxNoiseIntfEstDynDescr)"
4991191601,2624,332330,35,1,1,128,1,1,16,0.000,0.000,,,,,NVIDIA A100-SXM4-40GB MIG 4g.20gb (0),1,,13,cupy_copy__complex64_complex64
4991201937,1856,332339,1,1,1,1,1,1,18,0.000,0.000,,,,,NVIDIA A100-SXM4-40GB MIG 4g.20gb (0),1,,13,cupy_copy__float32_float32
4991204785,4960,332345,,,,,,,,,,0.000,0.806,Device,Pageable,NVIDIA A100-SXM4-40GB MIG 4g.20gb (0),1,,7,[CUDA memcpy Device-to-Host]
4991289968,12672,332356,1434,1,1,128,1,1,16,0.000,0.000,,,,,NVIDIA A100-SXM4-40GB MIG 4g.20gb (0),1,,13,cupy_copy__complex64_complex64
4991319344,2720,332363,103,1,1,128,1,1,16,0.000,0.000,,,,,NVIDIA A100-SXM4-40GB MIG 4g.20gb (0),1,,13,cupy_copy__complex64_complex64
4991332400,2560,332370,35,1,1,128,1,1,16,0.000,0.000,,,,,NVIDIA A100-SXM4-40GB MIG 4g.20gb (0),1,,13,cupy_copy__complex64_complex64
4991354927,1792,332377,1,1,1,1,1,1,18,0.000,0.000,,,,,NVIDIA A100-SXM4-40GB MIG 4g.20gb (0),1,,13,cupy_copy__float32_float32
4991474638,82463,332388,1,1,1,32,32,1,30,0.000,0.000,,,,,NVIDIA A100-SXM4-40GB MIG 4g.20gb (0),1,,13,"void convert_kernel<__half2, float2>(tensor_layout_any, T1 *, tensor_layout_any, const T2 *)"
4991584588,5888,332391,,,,,,,,,,0.094,15912.954,Pinned,Device,NVIDIA A100-SXM4-40GB MIG 4g.20gb (0),1,,13,[CUDA memcpy Host-to-Device]
4991598444,3712,332392,,,,,,,,,,1.547,416654.319,Device,,NVIDIA A100-SXM4-40GB MIG 4g.20gb (0),1,,13,[CUDA memset]
4991605388,3424,332397,,,,,,,,,,0.031,9140.185,Pinned,Device,NVIDIA A100-SXM4-40GB MIG 4g.20gb (0),1,,13,[CUDA memcpy Host-to-Device]
4991611244,9728,332398,,,,,,,,,,0.197,20210.516,Pinned,Device,NVIDIA A100-SXM4-40GB MIG 4g.20gb (0),1,,13,[CUDA memcpy Host-to-Device]
4991625740,6336,332399,273,1,1,8,4,1,39,0.002,0.000,,,,,NVIDIA A100-SXM4-40GB MIG 4g.20gb (0),1,,13,"void channel_eq::eqMmseCoefCompLowMimoKernel<float, float, float, (unsigned int)4, (unsigned int)1, (unsigned int)4>(const channel_eq::_puschRxChEqStatDescr *, channel_eq::_puschRxChEqCoefCompDynDescr)"
4991633260,7552,332400,273,1,1,12,11,1,51,0.002,0.000,,,,,NVIDIA A100-SXM4-40GB MIG 4g.20gb (0),1,,13,"void channel_eq::eqMmseSoftDemapKernel<float, __half, __half, float, (unsigned int)4, (unsigned short)16383>(channel_eq::_puschRxChEqStatDescr *, channel_eq::_puschRxChEqSoftDemapDynDescr)"
4991641932,282332,332401,1,1,1,32,32,1,30,0.000,0.000,,,,,NVIDIA A100-SXM4-40GB MIG 4g.20gb (0),1,,13,"void convert_kernel<float2, __half2>(tensor_layout_any, T1 *, tensor_layout_any, const T2 *)"
4991926504,11104,332413,2253,1,1,128,1,1,16,0.000,0.000,,,,,NVIDIA A100-SXM4-40GB MIG 4g.20gb (0),1,,13,cupy_copy__float16_float16
4991942248,3008,332422,282,1,1,128,1,1,16,0.000,0.000,,,,,NVIDIA A100-SXM4-40GB MIG 4g.20gb (0),1,,13,cupy_copy__complex64_complex64
4991947944,2336,332431,26,1,1,128,1,1,16,0.000,0.000,,,,,NVIDIA A100-SXM4-40GB MIG 4g.20gb (0),1,,13,cupy_copy__float32_float32
4991951400,4576,332440,103,1,1,128,1,1,16,0.000,0.000,,,,,NVIDIA A100-SXM4-40GB MIG 4g.20gb (0),1,,13,cupy_copy__complex64_complex64
4991959176,12256,332450,1434,1,1,128,1,1,16,0.000,0.000,,,,,NVIDIA A100-SXM4-40GB MIG 4g.20gb (0),1,,13,cupy_copy__complex64_complex64
4991973672,87519,332455,1,1,1,32,32,1,30,0.000,0.000,,,,,NVIDIA A100-SXM4-40GB MIG 4g.20gb (0),1,,13,"void convert_kernel<__half2, float2>(tensor_layout_any, T1 *, tensor_layout_any, const T2 *)"
4992088294,5952,332458,,,,,,,,,,0.094,15741.865,Pinned,Device,NVIDIA A100-SXM4-40GB MIG 4g.20gb (0),1,,13,[CUDA memcpy Host-to-Device]
4992099430,597017,332459,,,,,,,,,,456.561,764283.851,Device,,NVIDIA A100-SXM4-40GB MIG 4g.20gb (0),1,,13,[CUDA memset]
4992704223,85087,332464,,,,,,,,,,1.235,14513.062,Pinned,Device,NVIDIA A100-SXM4-40GB MIG 4g.20gb (0),1,,13,[CUDA memcpy Host-to-Device]
4992795294,16831,332465,,,,,,,,,,0.197,11681.268,Pinned,Device,NVIDIA A100-SXM4-40GB MIG 4g.20gb (0),1,,13,[CUDA memcpy Host-to-Device]
4992825757,7744,332466,69,4,1,48,1,1,76,0.002,0.000,,,,,NVIDIA A100-SXM4-40GB MIG 4g.20gb (0),1,,13,"void ch_est::windowedChEstPreNoDftSOfdmKernel<float, __half, float, (unsigned int)2, (unsigned int)1, (unsigned short)4>(ch_est::puschRxChEstStatDescr_t *, ch_est::puschRxChEstDynDescr_t *)"
4992842749,6880,332467,137,2,1,24,2,1,44,0.001,0.001,,,,,NVIDIA A100-SXM4-40GB MIG 4g.20gb (0),1,,13,"void ch_est::chEstFilterNoDftSOfdmDispatchKernel<float, __half, float, (unsigned int)2>(ch_est::puschRxChEstStatDescr_t *, ch_est::puschRxChEstDynDescr_t *)"
4992858493,5184,332468,137,2,1,24,2,1,44,0.001,0.001,,,,,NVIDIA A100-SXM4-40GB MIG 4g.20gb (0),1,,13,"void ch_est::chEstFilterNoDftSOfdmDispatchKernel<float, __half, float, (unsigned int)2>(ch_est::puschRxChEstStatDescr_t *, ch_est::puschRxChEstDynDescr_t *)"
4992867901,2912,332479,103,1,1,128,1,1,16,0.000,0.000,,,,,NVIDIA A100-SXM4-40GB MIG 4g.20gb (0),1,,13,cupy_copy__complex64_complex64
4992876381,12703,332489,1434,1,1,128,1,1,16,0.000,0.000,,,,,NVIDIA A100-SXM4-40GB MIG 4g.20gb (0),1,,13,cupy_copy__complex64_complex64
4992894364,5728,332496,103,1,1,128,1,1,16,0.000,0.000,,,,,NVIDIA A100-SXM4-40GB MIG 4g.20gb (0),1,,13,cupy_copy__complex64_complex64
4992904476,88991,332503,1,1,1,32,32,1,30,0.000,0.000,,,,,NVIDIA A100-SXM4-40GB MIG 4g.20gb (0),1,,13,"void convert_kernel<__half2, float2>(tensor_layout_any, T1 *, tensor_layout_any, const T2 *)"
4993020251,13696,332506,,,,,,,,,,0.094,6841.120,Pinned,Device,NVIDIA A100-SXM4-40GB MIG 4g.20gb (0),1,,13,[CUDA memcpy Host-to-Device]
4993038971,47103,332507,,,,,,,,,,35.810,760244.602,Device,,NVIDIA A100-SXM4-40GB MIG 4g.20gb (0),1,,13,[CUDA memset]
4993091994,9664,332509,,,,,,,,,,0.000,8.278,Pinned,Device,NVIDIA A100-SXM4-40GB MIG 4g.20gb (0),1,,13,[CUDA memcpy Host-to-Device]
4993106266,19487,332510,,,,,,,,,,0.197,10089.136,Pinned,Device,NVIDIA A100-SXM4-40GB MIG 4g.20gb (0),1,,13,[CUDA memcpy Host-to-Device]
4993139129,10080,332511,273,1,1,48,1,1,40,0.000,0.001,,,,,NVIDIA A100-SXM4-40GB MIG 4g.20gb (0),1,,13,"void pusch_noise_intf_est::noiseIntfEstNoDftSOfdmKernel<float, __half, float, float, (unsigned int)2, (unsigned int)1, (unsigned char)4, (unsigned char)4>(pusch_noise_intf_est::puschRxNoiseIntfEstDynDescr)"
4993156953,2592,332522,35,1,1,128,1,1,16,0.000,0.000,,,,,NVIDIA A100-SXM4-40GB MIG 4g.20gb (0),1,,13,cupy_copy__complex64_complex64
4993166649,1728,332531,1,1,1,1,1,1,18,0.000,0.000,,,,,NVIDIA A100-SXM4-40GB MIG 4g.20gb (0),1,,13,cupy_copy__float32_float32
4993174585,7584,332537,,,,,,,,,,0.000,0.527,Device,Pageable,NVIDIA A100-SXM4-40GB MIG 4g.20gb (0),1,,7,[CUDA memcpy Device-to-Host]
4993259384,13152,332548,1434,1,1,128,1,1,16,0.000,0.000,,,,,NVIDIA A100-SXM4-40GB MIG 4g.20gb (0),1,,13,cupy_copy__complex64_complex64
4993278680,3104,332555,103,1,1,128,1,1,16,0.000,0.000,,,,,NVIDIA A100-SXM4-40GB MIG 4g.20gb (0),1,,13,cupy_copy__complex64_complex64
4993298871,2560,332562,35,1,1,128,1,1,16,0.000,0.000,,,,,NVIDIA A100-SXM4-40GB MIG 4g.20gb (0),1,,13,cupy_copy__complex64_complex64
4993320759,2016,332569,1,1,1,1,1,1,18,0.000,0.000,,,,,NVIDIA A100-SXM4-40GB MIG 4g.20gb (0),1,,13,cupy_copy__float32_float32
4993442870,81791,332580,1,1,1,32,32,1,30,0.000,0.000,,,,,NVIDIA A100-SXM4-40GB MIG 4g.20gb (0),1,,13,"void convert_kernel<__half2, float2>(tensor_layout_any, T1 *, tensor_layout_any, const T2 *)"
4993552692,5408,332583,,,,,,,,,,0.094,17325.421,Pinned,Device,NVIDIA A100-SXM4-40GB MIG 4g.20gb (0),1,,13,[CUDA memcpy Host-to-Device]
4993568308,3456,332584,,,,,,,,,,1.547,447517.201,Device,,NVIDIA A100-SXM4-40GB MIG 4g.20gb (0),1,,13,[CUDA memset]
4993574132,3264,332589,,,,,,,,,,0.031,9588.218,Pinned,Device,NVIDIA A100-SXM4-40GB MIG 4g.20gb (0),1,,13,[CUDA memcpy Host-to-Device]
4993580468,9632,332590,,,,,,,,,,0.197,20411.843,Pinned,Device,NVIDIA A100-SXM4-40GB MIG 4g.20gb (0),1,,13,[CUDA memcpy Host-to-Device]
4993594196,5760,332591,273,1,1,8,4,1,39,0.002,0.000,,,,,NVIDIA A100-SXM4-40GB MIG 4g.20gb (0),1,,13,"void channel_eq::eqMmseCoefCompLowMimoKernel<float, float, float, (unsigned int)4, (unsigned int)1, (unsigned int)4>(const channel_eq::_puschRxChEqStatDescr *, channel_eq::_puschRxChEqCoefCompDynDescr)"
4993601044,6272,332592,273,1,1,12,11,1,51,0.002,0.000,,,,,NVIDIA A100-SXM4-40GB MIG 4g.20gb (0),1,,13,"void channel_eq::eqMmseSoftDemapKernel<float, __half, __half, float, (unsigned int)4, (unsigned short)16383>(channel_eq::_puschRxChEqStatDescr *, channel_eq::_puschRxChEqSoftDemapDynDescr)"
4993608787,294557,332593,1,1,1,32,32,1,30,0.000,0.000,,,,,NVIDIA A100-SXM4-40GB MIG 4g.20gb (0),1,,13,"void convert_kernel<float2, __half2>(tensor_layout_any, T1 *, tensor_layout_any, const T2 *)"
4993904304,11104,332605,2253,1,1,128,1,1,16,0.000,0.000,,,,,NVIDIA A100-SXM4-40GB MIG 4g.20gb (0),1,,13,cupy_copy__float16_float16
4993919856,2912,332614,282,1,1,128,1,1,16,0.000,0.000,,,,,NVIDIA A100-SXM4-40GB MIG 4g.20gb (0),1,,13,cupy_copy__complex64_complex64
4993925712,2240,332623,26,1,1,128,1,1,16,0.000,0.000,,,,,NVIDIA A100-SXM4-40GB MIG 4g.20gb (0),1,,13,cupy_copy__float32_float32
4993931120,2879,332632,103,1,1,128,1,1,16,0.000,0.000,,,,,NVIDIA A100-SXM4-40GB MIG 4g.20gb (0),1,,13,cupy_copy__complex64_complex64
4993937839,11904,332642,1434,1,1,128,1,1,16,0.000,0.000,,,,,NVIDIA A100-SXM4-40GB MIG 4g.20gb (0),1,,13,cupy_copy__complex64_complex64
4993951375,82623,332647,1,1,1,32,32,1,30,0.000,0.000,,,,,NVIDIA A100-SXM4-40GB MIG 4g.20gb (0),1,,13,"void convert_kernel<__half2, float2>(tensor_layout_any, T1 *, tensor_layout_any, const T2 *)"
4994060974,5504,332650,,,,,,,,,,0.094,17023.251,Pinned,Device,NVIDIA A100-SXM4-40GB MIG 4g.20gb (0),1,,13,[CUDA memcpy Host-to-Device]
4994070510,596632,332651,,,,,,,,,,456.561,765196.973,Device,,NVIDIA A100-SXM4-40GB MIG 4g.20gb (0),1,,13,[CUDA memset]
4994672870,118975,332656,,,,,,,,,,1.235,10379.704,Pinned,Device,NVIDIA A100-SXM4-40GB MIG 4g.20gb (0),1,,13,[CUDA memcpy Host-to-Device]
4994802565,35711,332657,,,,,,,,,,0.197,5505.417,Pinned,Device,NVIDIA A100-SXM4-40GB MIG 4g.20gb (0),1,,13,[CUDA memcpy Host-to-Device]
4994858020,8096,332658,69,4,1,48,1,1,76,0.002,0.000,,,,,NVIDIA A100-SXM4-40GB MIG 4g.20gb (0),1,,13,"void ch_est::windowedChEstPreNoDftSOfdmKernel<float, __half, float, (unsigned int)2, (unsigned int)1, (unsigned short)4>(ch_est::puschRxChEstStatDescr_t *, ch_est::puschRxChEstDynDescr_t *)"
4994873636,6880,332659,137,2,1,24,2,1,44,0.001,0.001,,,,,NVIDIA A100-SXM4-40GB MIG 4g.20gb (0),1,,13,"void ch_est::chEstFilterNoDftSOfdmDispatchKernel<float, __half, float, (unsigned int)2>(ch_est::puschRxChEstStatDescr_t *, ch_est::puschRxChEstDynDescr_t *)"
4994890116,4928,332660,137,2,1,24,2,1,44,0.001,0.001,,,,,NVIDIA A100-SXM4-40GB MIG 4g.20gb (0),1,,13,"void ch_est::chEstFilterNoDftSOfdmDispatchKernel<float, __half, float, (unsigned int)2>(ch_est::puschRxChEstStatDescr_t *, ch_est::puschRxChEstDynDescr_t *)"
4994901188,2720,332671,103,1,1,128,1,1,16,0.000,0.000,,,,,NVIDIA A100-SXM4-40GB MIG 4g.20gb (0),1,,13,cupy_copy__complex64_complex64
4994912835,12704,332681,1434,1,1,128,1,1,16,0.000,0.000,,,,,NVIDIA A100-SXM4-40GB MIG 4g.20gb (0),1,,13,cupy_copy__complex64_complex64
4994929987,2496,332688,103,1,1,128,1,1,16,0.000,0.000,,,,,NVIDIA A100-SXM4-40GB MIG 4g.20gb (0),1,,13,cupy_copy__complex64_complex64
4994941027,85215,332695,1,1,1,32,32,1,30,0.000,0.000,,,,,NVIDIA A100-SXM4-40GB MIG 4g.20gb (0),1,,13,"void convert_kernel<__half2, float2>(tensor_layout_any, T1 *, tensor_layout_any, const T2 *)"
4995054658,6496,332698,,,,,,,,,,0.094,14423.562,Pinned,Device,NVIDIA A100-SXM4-40GB MIG 4g.20gb (0),1,,13,[CUDA memcpy Host-to-Device]
4995068833,47712,332699,,,,,,,,,,35.810,750540.113,Device,,NVIDIA A100-SXM4-40GB MIG 4g.20gb (0),1,,13,[CUDA memset]
4995122273,3104,332701,,,,,,,,,,0.000,25.773,Pinned,Device,NVIDIA A100-SXM4-40GB MIG 4g.20gb (0),1,,13,[CUDA memcpy Host-to-Device]
4995131233,12224,332702,,,,,,,,,,0.197,16083.714,Pinned,Device,NVIDIA A100-SXM4-40GB MIG 4g.20gb (0),1,,13,[CUDA memcpy Host-to-Device]
4995152992,9856,332703,273,1,1,48,1,1,40,0.000,0.001,,,,,NVIDIA A100-SXM4-40GB MIG 4g.20gb (0),1,,13,"void pusch_noise_intf_est::noiseIntfEstNoDftSOfdmKernel<float, __half, float, float, (unsigned int)2, (unsigned int)1, (unsigned char)4, (unsigned char)4>(pusch_noise_intf_est::puschRxNoiseIntfEstDynDescr)"
4995167520,2656,332714,35,1,1,128,1,1,16,0.000,0.000,,,,,NVIDIA A100-SXM4-40GB MIG 4g.20gb (0),1,,13,cupy_copy__complex64_complex64
4995175552,1728,332723,1,1,1,1,1,1,18,0.000,0.000,,,,,NVIDIA A100-SXM4-40GB MIG 4g.20gb (0),1,,13,cupy_copy__float32_float32
4995206080,1856,332729,,,,,,,,,,0.000,2.155,Device,Pageable,NVIDIA A100-SXM4-40GB MIG 4g.20gb (0),1,,7,[CUDA memcpy Device-to-Host]
4995267967,13088,332740,1434,1,1,128,1,1,16,0.000,0.000,,,,,NVIDIA A100-SXM4-40GB MIG 4g.20gb (0),1,,13,cupy_copy__complex64_complex64
4995292895,2912,332747,103,1,1,128,1,1,16,0.000,0.000,,,,,NVIDIA A100-SXM4-40GB MIG 4g.20gb (0),1,,13,cupy_copy__complex64_complex64
4995313694,2464,332754,35,1,1,128,1,1,16,0.000,0.000,,,,,NVIDIA A100-SXM4-40GB MIG 4g.20gb (0),1,,13,cupy_copy__complex64_complex64
4995331070,1728,332761,1,1,1,1,1,1,18,0.000,0.000,,,,,NVIDIA A100-SXM4-40GB MIG 4g.20gb (0),1,,13,cupy_copy__float32_float32
4995461213,82783,332772,1,1,1,32,32,1,30,0.000,0.000,,,,,NVIDIA A100-SXM4-40GB MIG 4g.20gb (0),1,,13,"void convert_kernel<__half2, float2>(tensor_layout_any, T1 *, tensor_layout_any, const T2 *)"
4995571227,5504,332775,,,,,,,,,,0.094,17023.251,Pinned,Device,NVIDIA A100-SXM4-40GB MIG 4g.20gb (0),1,,13,[CUDA memcpy Host-to-Device]
4995585403,3232,332776,,,,,,,,,,1.547,478533.199,Device,,NVIDIA A100-SXM4-40GB MIG 4g.20gb (0),1,,13,[CUDA memset]
4995592443,3424,332781,,,,,,,,,,0.031,9140.185,Pinned,Device,NVIDIA A100-SXM4-40GB MIG 4g.20gb (0),1,,13,[CUDA memcpy Host-to-Device]
4995598619,9408,332782,,,,,,,,,,0.197,20897.858,Pinned,Device,NVIDIA A100-SXM4-40GB MIG 4g.20gb (0),1,,13,[CUDA memcpy Host-to-Device]
4995615771,6048,332783,273,1,1,8,4,1,39,0.002,0.000,,,,,NVIDIA A100-SXM4-40GB MIG 4g.20gb (0),1,,13,"void channel_eq::eqMmseCoefCompLowMimoKernel<float, float, float, (unsigned int)4, (unsigned int)1, (unsigned int)4>(const channel_eq::_puschRxChEqStatDescr *, channel_eq::_puschRxChEqCoefCompDynDescr)"
4995622779,6016,332784,273,1,1,12,11,1,51,0.002,0.000,,,,,NVIDIA A100-SXM4-40GB MIG 4g.20gb (0),1,,13,"void channel_eq::eqMmseSoftDemapKernel<float, __half, __half, float, (unsigned int)4, (unsigned short)16383>(channel_eq::_puschRxChEqStatDescr *, channel_eq::_puschRxChEqSoftDemapDynDescr)"
4995629883,282524,332785,1,1,1,32,32,1,30,0.000,0.000,,,,,NVIDIA A100-SXM4-40GB MIG 4g.20gb (0),1,,13,"void convert_kernel<float2, __half2>(tensor_layout_any, T1 *, tensor_layout_any, const T2 *)"
4995913815,10976,332797,2253,1,1,128,1,1,16,0.000,0.000,,,,,NVIDIA A100-SXM4-40GB MIG 4g.20gb (0),1,,13,cupy_copy__float16_float16
4995926519,3328,332806,282,1,1,128,1,1,16,0.000,0.000,,,,,NVIDIA A100-SXM4-40GB MIG 4g.20gb (0),1,,13,cupy_copy__complex64_complex64
4995933975,2272,332815,26,1,1,128,1,1,16,0.000,0.000,,,,,NVIDIA A100-SXM4-40GB MIG 4g.20gb (0),1,,13,cupy_copy__float32_float32
4995939255,4544,332824,103,1,1,128,1,1,16,0.000,0.000,,,,,NVIDIA A100-SXM4-40GB MIG 4g.20gb (0),1,,13,cupy_copy__complex64_complex64
4995994422,12320,332840,1434,1,1,128,1,1,16,0.000,0.000,,,,,NVIDIA A100-SXM4-40GB MIG 4g.20gb (0),1,,13,cupy_copy__complex64_complex64
4996109429,81375,332845,1,1,1,32,32,1,30,0.000,0.000,,,,,NVIDIA A100-SXM4-40GB MIG 4g.20gb (0),1,,13,"void convert_kernel<__half2, float2>(tensor_layout_any, T1 *, tensor_layout_any, const T2 *)"
4996218163,5568,332848,,,,,,,,,,0.094,16827.521,Pinned,Device,NVIDIA A100-SXM4-40GB MIG 4g.20gb (0),1,,13,[CUDA memcpy Host-to-Device]
4996229747,599065,332849,,,,,,,,,,456.561,762001.043,Device,,NVIDIA A100-SXM4-40GB MIG 4g.20gb (0),1,,13,[CUDA memset]
4996833964,146622,332854,,,,,,,,,,1.235,8422.318,Pinned,Device,NVIDIA A100-SXM4-40GB MIG 4g.20gb (0),1,,13,[CUDA memcpy Host-to-Device]
4996992746,40159,332855,,,,,,,,,,0.197,4895.736,Pinned,Device,NVIDIA A100-SXM4-40GB MIG 4g.20gb (0),1,,13,[CUDA memcpy Host-to-Device]
4997050345,8160,332856,69,4,1,48,1,1,76,0.002,0.000,,,,,NVIDIA A100-SXM4-40GB MIG 4g.20gb (0),1,,13,"void ch_est::windowedChEstPreNoDftSOfdmKernel<float, __half, float, (unsigned int)2, (unsigned int)1, (unsigned short)4>(ch_est::puschRxChEstStatDescr_t *, ch_est::puschRxChEstDynDescr_t *)"
4997067977,6976,332857,137,2,1,24,2,1,44,0.001,0.001,,,,,NVIDIA A100-SXM4-40GB MIG 4g.20gb (0),1,,13,"void ch_est::chEstFilterNoDftSOfdmDispatchKernel<float, __half, float, (unsigned int)2>(ch_est::puschRxChEstStatDescr_t *, ch_est::puschRxChEstDynDescr_t *)"
4997084329,4800,332858,137,2,1,24,2,1,44,0.001,0.001,,,,,NVIDIA A100-SXM4-40GB MIG 4g.20gb (0),1,,13,"void ch_est::chEstFilterNoDftSOfdmDispatchKernel<float, __half, float, (unsigned int)2>(ch_est::puschRxChEstStatDescr_t *, ch_est::puschRxChEstDynDescr_t *)"
4997100104,2720,332869,103,1,1,128,1,1,16,0.000,0.000,,,,,NVIDIA A100-SXM4-40GB MIG 4g.20gb (0),1,,13,cupy_copy__complex64_complex64
4997114664,12448,332879,1434,1,1,128,1,1,16,0.000,0.000,,,,,NVIDIA A100-SXM4-40GB MIG 4g.20gb (0),1,,13,cupy_copy__complex64_complex64
4997146152,2720,332886,103,1,1,128,1,1,16,0.000,0.000,,,,,NVIDIA A100-SXM4-40GB MIG 4g.20gb (0),1,,13,cupy_copy__complex64_complex64
4997154408,84031,332893,1,1,1,32,32,1,30,0.000,0.000,,,,,NVIDIA A100-SXM4-40GB MIG 4g.20gb (0),1,,13,"void convert_kernel<__half2, float2>(tensor_layout_any, T1 *, tensor_layout_any, const T2 *)"
4997265606,5696,332896,,,,,,,,,,0.094,16449.363,Pinned,Device,NVIDIA A100-SXM4-40GB MIG 4g.20gb (0),1,,13,[CUDA memcpy Host-to-Device]
4997278694,47680,332897,,,,,,,,,,35.810,751041.452,Device,,NVIDIA A100-SXM4-40GB MIG 4g.20gb (0),1,,13,[CUDA memset]
4997331622,2656,332899,,,,,,,,,,0.000,30.120,Pinned,Device,NVIDIA A100-SXM4-40GB MIG 4g.20gb (0),1,,13,[CUDA memcpy Host-to-Device]
4997340614,12351,332900,,,,,,,,,,0.197,15918.367,Pinned,Device,NVIDIA A100-SXM4-40GB MIG 4g.20gb (0),1,,13,[CUDA memcpy Host-to-Device]
4997363909,10752,332901,273,1,1,48,1,1,40,0.000,0.001,,,,,NVIDIA A100-SXM4-40GB MIG 4g.20gb (0),1,,13,"void pusch_noise_intf_est::noiseIntfEstNoDftSOfdmKernel<float, __half, float, float, (unsigned int)2, (unsigned int)1, (unsigned char)4, (unsigned char)4>(pusch_noise_intf_est::puschRxNoiseIntfEstDynDescr)"
4997376965,3168,332912,35,1,1,128,1,1,16,0.000,0.000,,,,,NVIDIA A100-SXM4-40GB MIG 4g.20gb (0),1,,13,cupy_copy__complex64_complex64
4997385925,1856,332921,1,1,1,1,1,1,18,0.000,0.000,,,,,NVIDIA A100-SXM4-40GB MIG 4g.20gb (0),1,,13,cupy_copy__float32_float32
4997417637,1664,332927,,,,,,,,,,0.000,2.404,Device,Pageable,NVIDIA A100-SXM4-40GB MIG 4g.20gb (0),1,,7,[CUDA memcpy Device-to-Host]
4997478020,12896,332938,1434,1,1,128,1,1,16,0.000,0.000,,,,,NVIDIA A100-SXM4-40GB MIG 4g.20gb (0),1,,13,cupy_copy__complex64_complex64
4997505507,3520,332945,103,1,1,128,1,1,16,0.000,0.000,,,,,NVIDIA A100-SXM4-40GB MIG 4g.20gb (0),1,,13,cupy_copy__complex64_complex64
4997525251,2432,332952,35,1,1,128,1,1,16,0.000,0.000,,,,,NVIDIA A100-SXM4-40GB MIG 4g.20gb (0),1,,13,cupy_copy__complex64_complex64
4997541603,1760,332959,1,1,1,1,1,1,18,0.000,0.000,,,,,NVIDIA A100-SXM4-40GB MIG 4g.20gb (0),1,,13,cupy_copy__float32_float32
4997672865,88255,332970,1,1,1,32,32,1,30,0.000,0.000,,,,,NVIDIA A100-SXM4-40GB MIG 4g.20gb (0),1,,13,"void convert_kernel<__half2, float2>(tensor_layout_any, T1 *, tensor_layout_any, const T2 *)"
4997788736,5408,332973,,,,,,,,,,0.094,17325.421,Pinned,Device,NVIDIA A100-SXM4-40GB MIG 4g.20gb (0),1,,13,[CUDA memcpy Host-to-Device]
4997803200,3168,332974,,,,,,,,,,1.547,488201.145,Device,,NVIDIA A100-SXM4-40GB MIG 4g.20gb (0),1,,13,[CUDA memset]
4997811328,3200,332979,,,,,,,,,,0.031,9780.000,Pinned,Device,NVIDIA A100-SXM4-40GB MIG 4g.20gb (0),1,,13,[CUDA memcpy Host-to-Device]
4997817312,9728,332980,,,,,,,,,,0.197,20210.516,Pinned,Device,NVIDIA A100-SXM4-40GB MIG 4g.20gb (0),1,,13,[CUDA memcpy Host-to-Device]
4997833215,6624,332981,273,1,1,8,4,1,39,0.002,0.000,,,,,NVIDIA A100-SXM4-40GB MIG 4g.20gb (0),1,,13,"void channel_eq::eqMmseCoefCompLowMimoKernel<float, float, float, (unsigned int)4, (unsigned int)1, (unsigned int)4>(const channel_eq::_puschRxChEqStatDescr *, channel_eq::_puschRxChEqCoefCompDynDescr)"
4997841311,5952,332982,273,1,1,12,11,1,51,0.002,0.000,,,,,NVIDIA A100-SXM4-40GB MIG 4g.20gb (0),1,,13,"void channel_eq::eqMmseSoftDemapKernel<float, __half, __half, float, (unsigned int)4, (unsigned short)16383>(channel_eq::_puschRxChEqStatDescr *, channel_eq::_puschRxChEqSoftDemapDynDescr)"
4997848191,281789,332983,1,1,1,32,32,1,30,0.000,0.000,,,,,NVIDIA A100-SXM4-40GB MIG 4g.20gb (0),1,,13,"void convert_kernel<float2, __half2>(tensor_layout_any, T1 *, tensor_layout_any, const T2 *)"
4998130940,10912,332995,2253,1,1,128,1,1,16,0.000,0.000,,,,,NVIDIA A100-SXM4-40GB MIG 4g.20gb (0),1,,13,cupy_copy__float16_float16
4998143772,3424,333004,282,1,1,128,1,1,16,0.000,0.000,,,,,NVIDIA A100-SXM4-40GB MIG 4g.20gb (0),1,,13,cupy_copy__complex64_complex64
4998151356,2079,333013,26,1,1,128,1,1,16,0.000,0.000,,,,,NVIDIA A100-SXM4-40GB MIG 4g.20gb (0),1,,13,cupy_copy__float32_float32
4998155195,3168,333022,103,1,1,128,1,1,16,0.000,0.000,,,,,NVIDIA A100-SXM4-40GB MIG 4g.20gb (0),1,,13,cupy_copy__complex64_complex64
4998159419,11936,333032,1434,1,1,128,1,1,16,0.000,0.000,,,,,NVIDIA A100-SXM4-40GB MIG 4g.20gb (0),1,,13,cupy_copy__complex64_complex64
4998177083,87199,333037,1,1,1,32,32,1,30,0.000,0.000,,,,,NVIDIA A100-SXM4-40GB MIG 4g.20gb (0),1,,13,"void convert_kernel<__half2, float2>(tensor_layout_any, T1 *, tensor_layout_any, const T2 *)"
4998290906,6080,333040,,,,,,,,,,0.094,15410.462,Pinned,Device,NVIDIA A100-SXM4-40GB MIG 4g.20gb (0),1,,13,[CUDA memcpy Host-to-Device]
4998302362,595576,333041,,,,,,,,,,456.561,766566.658,Device,,NVIDIA A100-SXM4-40GB MIG 4g.20gb (0),1,,13,[CUDA memset]
4998906514,153470,333046,,,,,,,,,,1.235,8045.660,Pinned,Device,NVIDIA A100-SXM4-40GB MIG 4g.20gb (0),1,,13,[CUDA memcpy Host-to-Device]
4999072560,40096,333047,,,,,,,,,,0.197,4903.404,Pinned,Device,NVIDIA A100-SXM4-40GB MIG 4g.20gb (0),1,,13,[CUDA memcpy Host-to-Device]
4999133583,8352,333048,69,4,1,48,1,1,76,0.002,0.000,,,,,NVIDIA A100-SXM4-40GB MIG 4g.20gb (0),1,,13,"void ch_est::windowedChEstPreNoDftSOfdmKernel<float, __half, float, (unsigned int)2, (unsigned int)1, (unsigned short)4>(ch_est::puschRxChEstStatDescr_t *, ch_est::puschRxChEstDynDescr_t *)"
4999152879,6560,333049,137,2,1,24,2,1,44,0.001,0.001,,,,,NVIDIA A100-SXM4-40GB MIG 4g.20gb (0),1,,13,"void ch_est::chEstFilterNoDftSOfdmDispatchKernel<float, __half, float, (unsigned int)2>(ch_est::puschRxChEstStatDescr_t *, ch_est::puschRxChEstDynDescr_t *)"
4999169711,4704,333050,137,2,1,24,2,1,44,0.001,0.001,,,,,NVIDIA A100-SXM4-40GB MIG 4g.20gb (0),1,,13,"void ch_est::chEstFilterNoDftSOfdmDispatchKernel<float, __half, float, (unsigned int)2>(ch_est::puschRxChEstStatDescr_t *, ch_est::puschRxChEstDynDescr_t *)"
4999187183,2528,333061,103,1,1,128,1,1,16,0.000,0.000,,,,,NVIDIA A100-SXM4-40GB MIG 4g.20gb (0),1,,13,cupy_copy__complex64_complex64
4999204783,12223,333071,1434,1,1,128,1,1,16,0.000,0.000,,,,,NVIDIA A100-SXM4-40GB MIG 4g.20gb (0),1,,13,cupy_copy__complex64_complex64
4999227854,2624,333078,103,1,1,128,1,1,16,0.000,0.000,,,,,NVIDIA A100-SXM4-40GB MIG 4g.20gb (0),1,,13,cupy_copy__complex64_complex64
4999250126,90623,333085,1,1,1,32,32,1,30,0.000,0.000,,,,,NVIDIA A100-SXM4-40GB MIG 4g.20gb (0),1,,13,"void convert_kernel<__half2, float2>(tensor_layout_any, T1 *, tensor_layout_any, const T2 *)"
4999374316,19104,333088,,,,,,,,,,0.094,4904.517,Pinned,Device,NVIDIA A100-SXM4-40GB MIG 4g.20gb (0),1,,13,[CUDA memcpy Host-to-Device]
4999411692,47295,333089,,,,,,,,,,35.810,757129.139,Device,,NVIDIA A100-SXM4-40GB MIG 4g.20gb (0),1,,13,[CUDA memset]
4999466635,3776,333091,,,,,,,,,,0.000,21.186,Pinned,Device,NVIDIA A100-SXM4-40GB MIG 4g.20gb (0),1,,13,[CUDA memcpy Host-to-Device]
4999478283,15840,333092,,,,,,,,,,0.197,12412.060,Pinned,Device,NVIDIA A100-SXM4-40GB MIG 4g.20gb (0),1,,13,[CUDA memcpy Host-to-Device]
4999502923,11552,333093,273,1,1,48,1,1,40,0.000,0.001,,,,,NVIDIA A100-SXM4-40GB MIG 4g.20gb (0),1,,13,"void pusch_noise_intf_est::noiseIntfEstNoDftSOfdmKernel<float, __half, float, float, (unsigned int)2, (unsigned int)1, (unsigned char)4, (unsigned char)4>(pusch_noise_intf_est::puschRxNoiseIntfEstDynDescr)"
4999517483,3616,333104,35,1,1,128,1,1,16,0.000,0.000,,,,,NVIDIA A100-SXM4-40GB MIG 4g.20gb (0),1,,13,cupy_copy__complex64_complex64
4999524619,2080,333113,1,1,1,1,1,1,18,0.000,0.000,,,,,NVIDIA A100-SXM4-40GB MIG 4g.20gb (0),1,,13,cupy_copy__float32_float32
4999532171,1759,333119,,,,,,,,,,0.000,2.274,Device,Pageable,NVIDIA A100-SXM4-40GB MIG 4g.20gb (0),1,,7,[CUDA memcpy Device-to-Host]
4999596618,12800,333130,1434,1,1,128,1,1,16,0.000,0.000,,,,,NVIDIA A100-SXM4-40GB MIG 4g.20gb (0),1,,13,cupy_copy__complex64_complex64
4999624201,2976,333137,103,1,1,128,1,1,16,0.000,0.000,,,,,NVIDIA A100-SXM4-40GB MIG 4g.20gb (0),1,,13,cupy_copy__complex64_complex64
4999645097,2176,333144,35,1,1,128,1,1,16,0.000,0.000,,,,,NVIDIA A100-SXM4-40GB MIG 4g.20gb (0),1,,13,cupy_copy__complex64_complex64
4999662921,1856,333151,1,1,1,1,1,1,18,0.000,0.000,,,,,NVIDIA A100-SXM4-40GB MIG 4g.20gb (0),1,,13,cupy_copy__float32_float32
4999796391,81471,333162,1,1,1,32,32,1,30,0.000,0.000,,,,,NVIDIA A100-SXM4-40GB MIG 4g.20gb (0),1,,13,"void convert_kernel<__half2, float2>(tensor_layout_any, T1 *, tensor_layout_any, const T2 *)"
4999905094,5472,333165,,,,,,,,,,0.094,17122.757,Pinned,Device,NVIDIA A100-SXM4-40GB MIG 4g.20gb (0),1,,13,[CUDA memcpy Host-to-Device]
4999919398,3392,333166,,,,,,,,,,1.547,455961.768,Device,,NVIDIA A100-SXM4-40GB MIG 4g.20gb (0),1,,13,[CUDA memset]
4999926566,3072,333171,,,,,,,,,,0.031,10187.474,Pinned,Device,NVIDIA A100-SXM4-40GB MIG 4g.20gb (0),1,,13,[CUDA memcpy Host-to-Device]
4999932230,9663,333172,,,,,,,,,,0.197,20346.372,Pinned,Device,NVIDIA A100-SXM4-40GB MIG 4g.20gb (0),1,,13,[CUDA memcpy Host-to-Device]
4999946021,6688,333173,273,1,1,8,4,1,39,0.002,0.000,,,,,NVIDIA A100-SXM4-40GB MIG 4g.20gb (0),1,,13,"void channel_eq::eqMmseCoefCompLowMimoKernel<float, float, float, (unsigned int)4, (unsigned int)1, (unsigned int)4>(const channel_eq::_puschRxChEqStatDescr *, channel_eq::_puschRxChEqCoefCompDynDescr)"
4999954885,6048,333174,273,1,1,12,11,1,51,0.002,0.000,,,,,NVIDIA A100-SXM4-40GB MIG 4g.20gb (0),1,,13,"void channel_eq::eqMmseSoftDemapKernel<float, __half, __half, float, (unsigned int)4, (unsigned short)16383>(channel_eq::_puschRxChEqStatDescr *, channel_eq::_puschRxChEqSoftDemapDynDescr)"
4999961989,282941,333175,1,1,1,32,32,1,30,0.000,0.000,,,,,NVIDIA A100-SXM4-40GB MIG 4g.20gb (0),1,,13,"void convert_kernel<float2, __half2>(tensor_layout_any, T1 *, tensor_layout_any, const T2 *)"
5000249986,10944,333187,2253,1,1,128,1,1,16,0.000,0.000,,,,,NVIDIA A100-SXM4-40GB MIG 4g.20gb (0),1,,13,cupy_copy__float16_float16
5000265281,2688,333196,282,1,1,128,1,1,16,0.000,0.000,,,,,NVIDIA A100-SXM4-40GB MIG 4g.20gb (0),1,,13,cupy_copy__complex64_complex64
5000270913,2400,333205,26,1,1,128,1,1,16,0.000,0.000,,,,,NVIDIA A100-SXM4-40GB MIG 4g.20gb (0),1,,13,cupy_copy__float32_float32
5000275041,3744,333214,103,1,1,128,1,1,16,0.000,0.000,,,,,NVIDIA A100-SXM4-40GB MIG 4g.20gb (0),1,,13,cupy_copy__complex64_complex64
5000279873,11872,333224,1434,1,1,128,1,1,16,0.000,0.000,,,,,NVIDIA A100-SXM4-40GB MIG 4g.20gb (0),1,,13,cupy_copy__complex64_complex64
5000294209,87295,333229,1,1,1,32,32,1,30,0.000,0.000,,,,,NVIDIA A100-SXM4-40GB MIG 4g.20gb (0),1,,13,"void convert_kernel<__half2, float2>(tensor_layout_any, T1 *, tensor_layout_any, const T2 *)"
5000408384,5376,333232,,,,,,,,,,0.094,17428.487,Pinned,Device,NVIDIA A100-SXM4-40GB MIG 4g.20gb (0),1,,13,[CUDA memcpy Host-to-Device]
5000418272,596856,333233,,,,,,,,,,456.561,764740.412,Device,,NVIDIA A100-SXM4-40GB MIG 4g.20gb (0),1,,13,[CUDA memset]
5001019704,150686,333238,,,,,,,,,,1.235,8195.088,Pinned,Device,NVIDIA A100-SXM4-40GB MIG 4g.20gb (0),1,,13,[CUDA memcpy Host-to-Device]
5001186710,41952,333239,,,,,,,,,,0.197,4686.348,Pinned,Device,NVIDIA A100-SXM4-40GB MIG 4g.20gb (0),1,,13,[CUDA memcpy Host-to-Device]
5001256629,8096,333240,69,4,1,48,1,1,76,0.002,0.000,,,,,NVIDIA A100-SXM4-40GB MIG 4g.20gb (0),1,,13,"void ch_est::windowedChEstPreNoDftSOfdmKernel<float, __half, float, (unsigned int)2, (unsigned int)1, (unsigned short)4>(ch_est::puschRxChEstStatDescr_t *, ch_est::puschRxChEstDynDescr_t *)"
5001276117,6528,333241,137,2,1,24,2,1,44,0.001,0.001,,,,,NVIDIA A100-SXM4-40GB MIG 4g.20gb (0),1,,13,"void ch_est::chEstFilterNoDftSOfdmDispatchKernel<float, __half, float, (unsigned int)2>(ch_est::puschRxChEstStatDescr_t *, ch_est::puschRxChEstDynDescr_t *)"
5001293205,4800,333242,137,2,1,24,2,1,44,0.001,0.001,,,,,NVIDIA A100-SXM4-40GB MIG 4g.20gb (0),1,,13,"void ch_est::chEstFilterNoDftSOfdmDispatchKernel<float, __half, float, (unsigned int)2>(ch_est::puschRxChEstStatDescr_t *, ch_est::puschRxChEstDynDescr_t *)"
5001310357,2624,333253,103,1,1,128,1,1,16,0.000,0.000,,,,,NVIDIA A100-SXM4-40GB MIG 4g.20gb (0),1,,13,cupy_copy__complex64_complex64
5001326900,12480,333263,1434,1,1,128,1,1,16,0.000,0.000,,,,,NVIDIA A100-SXM4-40GB MIG 4g.20gb (0),1,,13,cupy_copy__complex64_complex64
5001349620,2880,333270,103,1,1,128,1,1,16,0.000,0.000,,,,,NVIDIA A100-SXM4-40GB MIG 4g.20gb (0),1,,13,cupy_copy__complex64_complex64
5001373812,89055,333277,1,1,1,32,32,1,30,0.000,0.000,,,,,NVIDIA A100-SXM4-40GB MIG 4g.20gb (0),1,,13,"void convert_kernel<__half2, float2>(tensor_layout_any, T1 *, tensor_layout_any, const T2 *)"
5001495250,25952,333280,,,,,,,,,,0.094,3610.294,Pinned,Device,NVIDIA A100-SXM4-40GB MIG 4g.20gb (0),1,,13,[CUDA memcpy Host-to-Device]
5001544434,46847,333281,,,,,,,,,,35.810,764398.552,Device,,NVIDIA A100-SXM4-40GB MIG 4g.20gb (0),1,,13,[CUDA memset]
5001599665,7840,333283,,,,,,,,,,0.000,10.204,Pinned,Device,NVIDIA A100-SXM4-40GB MIG 4g.20gb (0),1,,13,[CUDA memcpy Host-to-Device]
5001617137,27935,333284,,,,,,,,,,0.197,7037.977,Pinned,Device,NVIDIA A100-SXM4-40GB MIG 4g.20gb (0),1,,13,[CUDA memcpy Host-to-Device]
5001668592,9920,333285,273,1,1,48,1,1,40,0.000,0.001,,,,,NVIDIA A100-SXM4-40GB MIG 4g.20gb (0),1,,13,"void pusch_noise_intf_est::noiseIntfEstNoDftSOfdmKernel<float, __half, float, float, (unsigned int)2, (unsigned int)1, (unsigned char)4, (unsigned char)4>(pusch_noise_intf_est::puschRxNoiseIntfEstDynDescr)"
5001684720,2784,333296,35,1,1,128,1,1,16,0.000,0.000,,,,,NVIDIA A100-SXM4-40GB MIG 4g.20gb (0),1,,13,cupy_copy__complex64_complex64
5001701488,1728,333305,1,1,1,1,1,1,18,0.000,0.000,,,,,NVIDIA A100-SXM4-40GB MIG 4g.20gb (0),1,,13,cupy_copy__float32_float32
5001706800,6368,333311,,,,,,,,,,0.000,0.628,Device,Pageable,NVIDIA A100-SXM4-40GB MIG 4g.20gb (0),1,,7,[CUDA memcpy Device-to-Host]
5001794895,12703,333322,1434,1,1,128,1,1,16,0.000,0.000,,,,,NVIDIA A100-SXM4-40GB MIG 4g.20gb (0),1,,13,cupy_copy__complex64_complex64
5001829134,3392,333329,103,1,1,128,1,1,16,0.000,0.000,,,,,NVIDIA A100-SXM4-40GB MIG 4g.20gb (0),1,,13,cupy_copy__complex64_complex64
5001834862,2464,333336,35,1,1,128,1,1,16,0.000,0.000,,,,,NVIDIA A100-SXM4-40GB MIG 4g.20gb (0),1,,13,cupy_copy__complex64_complex64
5001858254,1792,333343,1,1,1,1,1,1,18,0.000,0.000,,,,,NVIDIA A100-SXM4-40GB MIG 4g.20gb (0),1,,13,cupy_copy__float32_float32
5001990348,88191,333354,1,1,1,32,32,1,30,0.000,0.000,,,,,NVIDIA A100-SXM4-40GB MIG 4g.20gb (0),1,,13,"void convert_kernel<__half2, float2>(tensor_layout_any, T1 *, tensor_layout_any, const T2 *)"
5002107691,5664,333357,,,,,,,,,,0.094,16542.310,Pinned,Device,NVIDIA A100-SXM4-40GB MIG 4g.20gb (0),1,,13,[CUDA memcpy Host-to-Device]
5002121931,3168,333358,,,,,,,,,,1.547,488201.145,Device,,NVIDIA A100-SXM4-40GB MIG 4g.20gb (0),1,,13,[CUDA memset]
5002128619,3167,333363,,,,,,,,,,0.031,9881.900,Pinned,Device,NVIDIA A100-SXM4-40GB MIG 4g.20gb (0),1,,13,[CUDA memcpy Host-to-Device]
5002134218,10144,333364,,,,,,,,,,0.197,19381.617,Pinned,Device,NVIDIA A100-SXM4-40GB MIG 4g.20gb (0),1,,13,[CUDA memcpy Host-to-Device]
5002150442,8256,333365,273,1,1,8,4,1,39,0.002,0.000,,,,,NVIDIA A100-SXM4-40GB MIG 4g.20gb (0),1,,13,"void channel_eq::eqMmseCoefCompLowMimoKernel<float, float, float, (unsigned int)4, (unsigned int)1, (unsigned int)4>(const channel_eq::_puschRxChEqStatDescr *, channel_eq::_puschRxChEqCoefCompDynDescr)"
5002161098,5728,333366,273,1,1,12,11,1,51,0.002,0.000,,,,,NVIDIA A100-SXM4-40GB MIG 4g.20gb (0),1,,13,"void channel_eq::eqMmseSoftDemapKernel<float, __half, __half, float, (unsigned int)4, (unsigned short)16383>(channel_eq::_puschRxChEqStatDescr *, channel_eq::_puschRxChEqSoftDemapDynDescr)"
5002168266,282365,333367,1,1,1,32,32,1,30,0.000,0.000,,,,,NVIDIA A100-SXM4-40GB MIG 4g.20gb (0),1,,13,"void convert_kernel<float2, __half2>(tensor_layout_any, T1 *, tensor_layout_any, const T2 *)"
5002452359,11039,333379,2253,1,1,128,1,1,16,0.000,0.000,,,,,NVIDIA A100-SXM4-40GB MIG 4g.20gb (0),1,,13,cupy_copy__float16_float16
5002466950,3136,333388,282,1,1,128,1,1,16,0.000,0.000,,,,,NVIDIA A100-SXM4-40GB MIG 4g.20gb (0),1,,13,cupy_copy__complex64_complex64
5002473094,2048,333397,26,1,1,128,1,1,16,0.000,0.000,,,,,NVIDIA A100-SXM4-40GB MIG 4g.20gb (0),1,,13,cupy_copy__float32_float32
5002478150,2880,333406,103,1,1,128,1,1,16,0.000,0.000,,,,,NVIDIA A100-SXM4-40GB MIG 4g.20gb (0),1,,13,cupy_copy__complex64_complex64
5002482022,11808,333416,1434,1,1,128,1,1,16,0.000,0.000,,,,,NVIDIA A100-SXM4-40GB MIG 4g.20gb (0),1,,13,cupy_copy__complex64_complex64
5002499238,87775,333421,1,1,1,32,32,1,30,0.000,0.000,,,,,NVIDIA A100-SXM4-40GB MIG 4g.20gb (0),1,,13,"void convert_kernel<__half2, float2>(tensor_layout_any, T1 *, tensor_layout_any, const T2 *)"
5002614309,5599,333424,,,,,,,,,,0.094,16734.387,Pinned,Device,NVIDIA A100-SXM4-40GB MIG 4g.20gb (0),1,,13,[CUDA memcpy Host-to-Device]
5002624068,598937,333425,,,,,,,,,,456.561,762001.043,Device,,NVIDIA A100-SXM4-40GB MIG 4g.20gb (0),1,,13,[CUDA memset]
5003227325,89087,333430,,,,,,,,,,1.235,13861.011,Pinned,Device,NVIDIA A100-SXM4-40GB MIG 4g.20gb (0),1,,13,[CUDA memcpy Host-to-Device]
5003323388,19424,333431,,,,,,,,,,0.197,10121.773,Pinned,Device,NVIDIA A100-SXM4-40GB MIG 4g.20gb (0),1,,13,[CUDA memcpy Host-to-Device]
5003354235,7840,333432,69,4,1,48,1,1,76,0.002,0.000,,,,,NVIDIA A100-SXM4-40GB MIG 4g.20gb (0),1,,13,"void ch_est::windowedChEstPreNoDftSOfdmKernel<float, __half, float, (unsigned int)2, (unsigned int)1, (unsigned short)4>(ch_est::puschRxChEstStatDescr_t *, ch_est::puschRxChEstDynDescr_t *)"
5003370171,6432,333433,137,2,1,24,2,1,44,0.001,0.001,,,,,NVIDIA A100-SXM4-40GB MIG 4g.20gb (0),1,,13,"void ch_est::chEstFilterNoDftSOfdmDispatchKernel<float, __half, float, (unsigned int)2>(ch_est::puschRxChEstStatDescr_t *, ch_est::puschRxChEstDynDescr_t *)"
5003383803,6336,333434,137,2,1,24,2,1,44,0.001,0.001,,,,,NVIDIA A100-SXM4-40GB MIG 4g.20gb (0),1,,13,"void ch_est::chEstFilterNoDftSOfdmDispatchKernel<float, __half, float, (unsigned int)2>(ch_est::puschRxChEstStatDescr_t *, ch_est::puschRxChEstDynDescr_t *)"
5003397243,2752,333445,103,1,1,128,1,1,16,0.000,0.000,,,,,NVIDIA A100-SXM4-40GB MIG 4g.20gb (0),1,,13,cupy_copy__complex64_complex64
5003402971,12832,333455,1434,1,1,128,1,1,16,0.000,0.000,,,,,NVIDIA A100-SXM4-40GB MIG 4g.20gb (0),1,,13,cupy_copy__complex64_complex64
5003419195,2656,333462,103,1,1,128,1,1,16,0.000,0.000,,,,,NVIDIA A100-SXM4-40GB MIG 4g.20gb (0),1,,13,cupy_copy__complex64_complex64
5003425243,86334,333469,1,1,1,32,32,1,30,0.000,0.000,,,,,NVIDIA A100-SXM4-40GB MIG 4g.20gb (0),1,,13,"void convert_kernel<__half2, float2>(tensor_layout_any, T1 *, tensor_layout_any, const T2 *)"
5003539065,5632,333472,,,,,,,,,,0.094,16636.287,Pinned,Device,NVIDIA A100-SXM4-40GB MIG 4g.20gb (0),1,,13,[CUDA memcpy Host-to-Device]
5003551353,46303,333473,,,,,,,,,,35.810,773351.032,Device,,NVIDIA A100-SXM4-40GB MIG 4g.20gb (0),1,,13,[CUDA memset]
5003605048,3520,333475,,,,,,,,,,0.000,22.727,Pinned,Device,NVIDIA A100-SXM4-40GB MIG 4g.20gb (0),1,,13,[CUDA memcpy Host-to-Device]
5003613240,11584,333476,,,,,,,,,,0.197,16972.186,Pinned,Device,NVIDIA A100-SXM4-40GB MIG 4g.20gb (0),1,,13,[CUDA memcpy Host-to-Device]
5003631416,10592,333477,273,1,1,48,1,1,40,0.000,0.001,,,,,NVIDIA A100-SXM4-40GB MIG 4g.20gb (0),1,,13,"void pusch_noise_intf_est::noiseIntfEstNoDftSOfdmKernel<float, __half, float, float, (unsigned int)2, (unsigned int)1, (unsigned char)4, (unsigned char)4>(pusch_noise_intf_est::puschRxNoiseIntfEstDynDescr)"
5003648216,2784,333488,35,1,1,128,1,1,16,0.000,0.000,,,,,NVIDIA A100-SXM4-40GB MIG 4g.20gb (0),1,,13,cupy_copy__complex64_complex64
5003661304,1888,333497,1,1,1,1,1,1,18,0.000,0.000,,,,,NVIDIA A100-SXM4-40GB MIG 4g.20gb (0),1,,13,cupy_copy__float32_float32
5003691351,1600,333503,,,,,,,,,,0.000,2.500,Device,Pageable,NVIDIA A100-SXM4-40GB MIG 4g.20gb (0),1,,7,[CUDA memcpy Device-to-Host]
5003751255,13151,333514,1434,1,1,128,1,1,16,0.000,0.000,,,,,NVIDIA A100-SXM4-40GB MIG 4g.20gb (0),1,,13,cupy_copy__complex64_complex64
5003778838,2816,333521,103,1,1,128,1,1,16,0.000,0.000,,,,,NVIDIA A100-SXM4-40GB MIG 4g.20gb (0),1,,13,cupy_copy__complex64_complex64
5003798806,2720,333528,35,1,1,128,1,1,16,0.000,0.000,,,,,NVIDIA A100-SXM4-40GB MIG 4g.20gb (0),1,,13,cupy_copy__complex64_complex64
5003815702,1792,333535,1,1,1,1,1,1,18,0.000,0.000,,,,,NVIDIA A100-SXM4-40GB MIG 4g.20gb (0),1,,13,cupy_copy__float32_float32
5003952276,82719,333546,1,1,1,32,32,1,30,0.000,0.000,,,,,NVIDIA A100-SXM4-40GB MIG 4g.20gb (0),1,,13,"void convert_kernel<__half2, float2>(tensor_layout_any, T1 *, tensor_layout_any, const T2 *)"
5004061491,6208,333549,,,,,,,,,,0.094,15092.739,Pinned,Device,NVIDIA A100-SXM4-40GB MIG 4g.20gb (0),1,,13,[CUDA memcpy Host-to-Device]
5004075859,3199,333550,,,,,,,,,,1.547,483470.023,Device,,NVIDIA A100-SXM4-40GB MIG 4g.20gb (0),1,,13,[CUDA memset]
5004082706,3168,333555,,,,,,,,,,0.031,9878.770,Pinned,Device,NVIDIA A100-SXM4-40GB MIG 4g.20gb (0),1,,13,[CUDA memcpy Host-to-Device]
5004088754,9760,333556,,,,,,,,,,0.197,20144.259,Pinned,Device,NVIDIA A100-SXM4-40GB MIG 4g.20gb (0),1,,13,[CUDA memcpy Host-to-Device]
5004104530,6656,333557,273,1,1,8,4,1,39,0.002,0.000,,,,,NVIDIA A100-SXM4-40GB MIG 4g.20gb (0),1,,13,"void channel_eq::eqMmseCoefCompLowMimoKernel<float, float, float, (unsigned int)4, (unsigned int)1, (unsigned int)4>(const channel_eq::_puschRxChEqStatDescr *, channel_eq::_puschRxChEqCoefCompDynDescr)"
5004112178,5856,333558,273,1,1,12,11,1,51,0.002,0.000,,,,,NVIDIA A100-SXM4-40GB MIG 4g.20gb (0),1,,13,"void channel_eq::eqMmseSoftDemapKernel<float, __half, __half, float, (unsigned int)4, (unsigned short)16383>(channel_eq::_puschRxChEqStatDescr *, channel_eq::_puschRxChEqSoftDemapDynDescr)"
5004119122,282397,333559,1,1,1,32,32,1,30,0.000,0.000,,,,,NVIDIA A100-SXM4-40GB MIG 4g.20gb (0),1,,13,"void convert_kernel<float2, __half2>(tensor_layout_any, T1 *, tensor_layout_any, const T2 *)"
5004403982,11232,333571,2253,1,1,128,1,1,16,0.000,0.000,,,,,NVIDIA A100-SXM4-40GB MIG 4g.20gb (0),1,,13,cupy_copy__float16_float16
5004417358,3424,333580,282,1,1,128,1,1,16,0.000,0.000,,,,,NVIDIA A100-SXM4-40GB MIG 4g.20gb (0),1,,13,cupy_copy__complex64_complex64
5004422638,2144,333589,26,1,1,128,1,1,16,0.000,0.000,,,,,NVIDIA A100-SXM4-40GB MIG 4g.20gb (0),1,,13,cupy_copy__float32_float32
5004426766,3072,333598,103,1,1,128,1,1,16,0.000,0.000,,,,,NVIDIA A100-SXM4-40GB MIG 4g.20gb (0),1,,13,cupy_copy__complex64_complex64
5004432462,11872,333608,1434,1,1,128,1,1,16,0.000,0.000,,,,,NVIDIA A100-SXM4-40GB MIG 4g.20gb (0),1,,13,cupy_copy__complex64_complex64
5004475886,82335,333613,1,1,1,32,32,1,30,0.000,0.000,,,,,NVIDIA A100-SXM4-40GB MIG 4g.20gb (0),1,,13,"void convert_kernel<__half2, float2>(tensor_layout_any, T1 *, tensor_layout_any, const T2 *)"
5004585132,5568,333616,,,,,,,,,,0.094,16827.521,Pinned,Device,NVIDIA A100-SXM4-40GB MIG 4g.20gb (0),1,,13,[CUDA memcpy Host-to-Device]
5004595980,597401,333617,,,,,,,,,,456.561,763827.289,Device,,NVIDIA A100-SXM4-40GB MIG 4g.20gb (0),1,,13,[CUDA memset]
5005201349,156990,333622,,,,,,,,,,1.235,7865.358,Pinned,Device,NVIDIA A100-SXM4-40GB MIG 4g.20gb (0),1,,13,[CUDA memcpy Host-to-Device]
5005371043,39999,333623,,,,,,,,,,0.197,4915.200,Pinned,Device,NVIDIA A100-SXM4-40GB MIG 4g.20gb (0),1,,13,[CUDA memcpy Host-to-Device]
5005437026,8352,333624,69,4,1,48,1,1,76,0.002,0.000,,,,,NVIDIA A100-SXM4-40GB MIG 4g.20gb (0),1,,13,"void ch_est::windowedChEstPreNoDftSOfdmKernel<float, __half, float, (unsigned int)2, (unsigned int)1, (unsigned short)4>(ch_est::puschRxChEstStatDescr_t *, ch_est::puschRxChEstDynDescr_t *)"
5005455042,6783,333625,137,2,1,24,2,1,44,0.001,0.001,,,,,NVIDIA A100-SXM4-40GB MIG 4g.20gb (0),1,,13,"void ch_est::chEstFilterNoDftSOfdmDispatchKernel<float, __half, float, (unsigned int)2>(ch_est::puschRxChEstStatDescr_t *, ch_est::puschRxChEstDynDescr_t *)"
5005466689,4768,333626,137,2,1,24,2,1,44,0.001,0.001,,,,,NVIDIA A100-SXM4-40GB MIG 4g.20gb (0),1,,13,"void ch_est::chEstFilterNoDftSOfdmDispatchKernel<float, __half, float, (unsigned int)2>(ch_est::puschRxChEstStatDescr_t *, ch_est::puschRxChEstDynDescr_t *)"
5005483169,2560,333637,103,1,1,128,1,1,16,0.000,0.000,,,,,NVIDIA A100-SXM4-40GB MIG 4g.20gb (0),1,,13,cupy_copy__complex64_complex64
5005492929,12608,333647,1434,1,1,128,1,1,16,0.000,0.000,,,,,NVIDIA A100-SXM4-40GB MIG 4g.20gb (0),1,,13,cupy_copy__complex64_complex64
5005512833,2688,333654,103,1,1,128,1,1,16,0.000,0.000,,,,,NVIDIA A100-SXM4-40GB MIG 4g.20gb (0),1,,13,cupy_copy__complex64_complex64
5005521313,91967,333661,1,1,1,32,32,1,30,0.000,0.000,,,,,NVIDIA A100-SXM4-40GB MIG 4g.20gb (0),1,,13,"void convert_kernel<__half2, float2>(tensor_layout_any, T1 *, tensor_layout_any, const T2 *)"
5005640703,7712,333664,,,,,,,,,,0.094,12149.373,Pinned,Device,NVIDIA A100-SXM4-40GB MIG 4g.20gb (0),1,,13,[CUDA memcpy Host-to-Device]
5005655295,47103,333665,,,,,,,,,,35.810,760244.602,Device,,NVIDIA A100-SXM4-40GB MIG 4g.20gb (0),1,,13,[CUDA memset]
5005707838,3200,333667,,,,,,,,,,0.000,25.000,Pinned,Device,NVIDIA A100-SXM4-40GB MIG 4g.20gb (0),1,,13,[CUDA memcpy Host-to-Device]
5005717022,12192,333668,,,,,,,,,,0.197,16125.788,Pinned,Device,NVIDIA A100-SXM4-40GB MIG 4g.20gb (0),1,,13,[CUDA memcpy Host-to-Device]
5005737022,10112,333669,273,1,1,48,1,1,40,0.000,0.001,,,,,NVIDIA A100-SXM4-40GB MIG 4g.20gb (0),1,,13,"void pusch_noise_intf_est::noiseIntfEstNoDftSOfdmKernel<float, __half, float, float, (unsigned int)2, (unsigned int)1, (unsigned char)4, (unsigned char)4>(pusch_noise_intf_est::puschRxNoiseIntfEstDynDescr)"
5005750238,3232,333680,35,1,1,128,1,1,16,0.000,0.000,,,,,NVIDIA A100-SXM4-40GB MIG 4g.20gb (0),1,,13,cupy_copy__complex64_complex64
5005760254,1888,333689,1,1,1,1,1,1,18,0.000,0.000,,,,,NVIDIA A100-SXM4-40GB MIG 4g.20gb (0),1,,13,cupy_copy__float32_float32
5005793469,1568,333695,,,,,,,,,,0.000,2.551,Device,Pageable,NVIDIA A100-SXM4-40GB MIG 4g.20gb (0),1,,7,[CUDA memcpy Device-to-Host]
5005852221,12863,333706,1434,1,1,128,1,1,16,0.000,0.000,,,,,NVIDIA A100-SXM4-40GB MIG 4g.20gb (0),1,,13,cupy_copy__complex64_complex64
5005880412,2624,333713,103,1,1,128,1,1,16,0.000,0.000,,,,,NVIDIA A100-SXM4-40GB MIG 4g.20gb (0),1,,13,cupy_copy__complex64_complex64
5005900092,2624,333720,35,1,1,128,1,1,16,0.000,0.000,,,,,NVIDIA A100-SXM4-40GB MIG 4g.20gb (0),1,,13,cupy_copy__complex64_complex64
5005921788,1824,333727,1,1,1,1,1,1,18,0.000,0.000,,,,,NVIDIA A100-SXM4-40GB MIG 4g.20gb (0),1,,13,cupy_copy__float32_float32
5006055098,82015,333738,1,1,1,32,32,1,30,0.000,0.000,,,,,NVIDIA A100-SXM4-40GB MIG 4g.20gb (0),1,,13,"void convert_kernel<__half2, float2>(tensor_layout_any, T1 *, tensor_layout_any, const T2 *)"
5006164985,6304,333741,,,,,,,,,,0.094,14862.903,Pinned,Device,NVIDIA A100-SXM4-40GB MIG 4g.20gb (0),1,,13,[CUDA memcpy Host-to-Device]
5006179801,3392,333742,,,,,,,,,,1.547,455961.768,Device,,NVIDIA A100-SXM4-40GB MIG 4g.20gb (0),1,,13,[CUDA memset]
5006186329,3007,333747,,,,,,,,,,0.031,10407.704,Pinned,Device,NVIDIA A100-SXM4-40GB MIG 4g.20gb (0),1,,13,[CUDA memcpy Host-to-Device]
5006192280,9536,333748,,,,,,,,,,0.197,20617.298,Pinned,Device,NVIDIA A100-SXM4-40GB MIG 4g.20gb (0),1,,13,[CUDA memcpy Host-to-Device]
5006205912,6176,333749,273,1,1,8,4,1,39,0.002,0.000,,,,,NVIDIA A100-SXM4-40GB MIG 4g.20gb (0),1,,13,"void channel_eq::eqMmseCoefCompLowMimoKernel<float, float, float, (unsigned int)4, (unsigned int)1, (unsigned int)4>(const channel_eq::_puschRxChEqStatDescr *, channel_eq::_puschRxChEqCoefCompDynDescr)"
5006215000,7744,333750,273,1,1,12,11,1,51,0.002,0.000,,,,,NVIDIA A100-SXM4-40GB MIG 4g.20gb (0),1,,13,"void channel_eq::eqMmseSoftDemapKernel<float, __half, __half, float, (unsigned int)4, (unsigned short)16383>(channel_eq::_puschRxChEqStatDescr *, channel_eq::_puschRxChEqSoftDemapDynDescr)"
5006223800,294108,333751,1,1,1,32,32,1,30,0.000,0.000,,,,,NVIDIA A100-SXM4-40GB MIG 4g.20gb (0),1,,13,"void convert_kernel<float2, __half2>(tensor_layout_any, T1 *, tensor_layout_any, const T2 *)"
5006519028,11136,333763,2253,1,1,128,1,1,16,0.000,0.000,,,,,NVIDIA A100-SXM4-40GB MIG 4g.20gb (0),1,,13,cupy_copy__float16_float16
5006533716,3072,333772,282,1,1,128,1,1,16,0.000,0.000,,,,,NVIDIA A100-SXM4-40GB MIG 4g.20gb (0),1,,13,cupy_copy__complex64_complex64
5006539572,2016,333781,26,1,1,128,1,1,16,0.000,0.000,,,,,NVIDIA A100-SXM4-40GB MIG 4g.20gb (0),1,,13,cupy_copy__float32_float32
5006543700,3328,333790,103,1,1,128,1,1,16,0.000,0.000,,,,,NVIDIA A100-SXM4-40GB MIG 4g.20gb (0),1,,13,cupy_copy__complex64_complex64
5006548148,11968,333800,1434,1,1,128,1,1,16,0.000,0.000,,,,,NVIDIA A100-SXM4-40GB MIG 4g.20gb (0),1,,13,cupy_copy__complex64_complex64
5006565172,81983,333805,1,1,1,32,32,1,30,0.000,0.000,,,,,NVIDIA A100-SXM4-40GB MIG 4g.20gb (0),1,,13,"void convert_kernel<__half2, float2>(tensor_layout_any, T1 *, tensor_layout_any, const T2 *)"
5006674035,5727,333808,,,,,,,,,,0.094,16360.352,Pinned,Device,NVIDIA A100-SXM4-40GB MIG 4g.20gb (0),1,,13,[CUDA memcpy Host-to-Device]
5006684082,596121,333809,,,,,,,,,,456.561,765653.535,Device,,NVIDIA A100-SXM4-40GB MIG 4g.20gb (0),1,,13,[CUDA memset]
5007284779,118463,333814,,,,,,,,,,1.235,10424.162,Pinned,Device,NVIDIA A100-SXM4-40GB MIG 4g.20gb (0),1,,13,[CUDA memcpy Host-to-Device]
5007416649,40352,333815,,,,,,,,,,0.197,4872.143,Pinned,Device,NVIDIA A100-SXM4-40GB MIG 4g.20gb (0),1,,13,[CUDA memcpy Host-to-Device]
5007486440,8160,333816,69,4,1,48,1,1,76,0.002,0.000,,,,,NVIDIA A100-SXM4-40GB MIG 4g.20gb (0),1,,13,"void ch_est::windowedChEstPreNoDftSOfdmKernel<float, __half, float, (unsigned int)2, (unsigned int)1, (unsigned short)4>(ch_est::puschRxChEstStatDescr_t *, ch_est::puschRxChEstDynDescr_t *)"
5007504104,6624,333817,137,2,1,24,2,1,44,0.001,0.001,,,,,NVIDIA A100-SXM4-40GB MIG 4g.20gb (0),1,,13,"void ch_est::chEstFilterNoDftSOfdmDispatchKernel<float, __half, float, (unsigned int)2>(ch_est::puschRxChEstStatDescr_t *, ch_est::puschRxChEstDynDescr_t *)"
5007521352,4736,333818,137,2,1,24,2,1,44,0.001,0.001,,,,,NVIDIA A100-SXM4-40GB MIG 4g.20gb (0),1,,13,"void ch_est::chEstFilterNoDftSOfdmDispatchKernel<float, __half, float, (unsigned int)2>(ch_est::puschRxChEstStatDescr_t *, ch_est::puschRxChEstDynDescr_t *)"
5007537864,2496,333829,103,1,1,128,1,1,16,0.000,0.000,,,,,NVIDIA A100-SXM4-40GB MIG 4g.20gb (0),1,,13,cupy_copy__complex64_complex64
5007557064,12607,333839,1434,1,1,128,1,1,16,0.000,0.000,,,,,NVIDIA A100-SXM4-40GB MIG 4g.20gb (0),1,,13,cupy_copy__complex64_complex64
5007575815,2912,333846,103,1,1,128,1,1,16,0.000,0.000,,,,,NVIDIA A100-SXM4-40GB MIG 4g.20gb (0),1,,13,cupy_copy__complex64_complex64
5007599367,101023,333853,1,1,1,32,32,1,30,0.000,0.000,,,,,NVIDIA A100-SXM4-40GB MIG 4g.20gb (0),1,,13,"void convert_kernel<__half2, float2>(tensor_layout_any, T1 *, tensor_layout_any, const T2 *)"
5007735909,20416,333856,,,,,,,,,,0.094,4589.324,Pinned,Device,NVIDIA A100-SXM4-40GB MIG 4g.20gb (0),1,,13,[CUDA memcpy Host-to-Device]
5007769573,48319,333857,,,,,,,,,,35.810,741086.294,Device,,NVIDIA A100-SXM4-40GB MIG 4g.20gb (0),1,,13,[CUDA memset]
5007818660,9408,333859,,,,,,,,,,0.000,8.503,Pinned,Device,NVIDIA A100-SXM4-40GB MIG 4g.20gb (0),1,,13,[CUDA memcpy Host-to-Device]
5007834020,18848,333860,,,,,,,,,,0.197,10431.234,Pinned,Device,NVIDIA A100-SXM4-40GB MIG 4g.20gb (0),1,,13,[CUDA memcpy Host-to-Device]
5007865252,9824,333861,273,1,1,48,1,1,40,0.000,0.001,,,,,NVIDIA A100-SXM4-40GB MIG 4g.20gb (0),1,,13,"void pusch_noise_intf_est::noiseIntfEstNoDftSOfdmKernel<float, __half, float, float, (unsigned int)2, (unsigned int)1, (unsigned char)4, (unsigned char)4>(pusch_noise_intf_est::puschRxNoiseIntfEstDynDescr)"
5007879108,3264,333872,35,1,1,128,1,1,16,0.000,0.000,,,,,NVIDIA A100-SXM4-40GB MIG 4g.20gb (0),1,,13,cupy_copy__complex64_complex64
5007887524,1792,333881,1,1,1,1,1,1,18,0.000,0.000,,,,,NVIDIA A100-SXM4-40GB MIG 4g.20gb (0),1,,13,cupy_copy__float32_float32
5007893731,5984,333887,,,,,,,,,,0.000,0.668,Device,Pageable,NVIDIA A100-SXM4-40GB MIG 4g.20gb (0),1,,7,[CUDA memcpy Device-to-Host]
5007971939,12927,333898,1434,1,1,128,1,1,16,0.000,0.000,,,,,NVIDIA A100-SXM4-40GB MIG 4g.20gb (0),1,,13,cupy_copy__complex64_complex64
5008005826,3360,333905,103,1,1,128,1,1,16,0.000,0.000,,,,,NVIDIA A100-SXM4-40GB MIG 4g.20gb (0),1,,13,cupy_copy__complex64_complex64
5008019106,2560,333912,35,1,1,128,1,1,16,0.000,0.000,,,,,NVIDIA A100-SXM4-40GB MIG 4g.20gb (0),1,,13,cupy_copy__complex64_complex64
5008039202,1792,333919,1,1,1,1,1,1,18,0.000,0.000,,,,,NVIDIA A100-SXM4-40GB MIG 4g.20gb (0),1,,13,cupy_copy__float32_float32
5008166784,86911,333930,1,1,1,32,32,1,30,0.000,0.000,,,,,NVIDIA A100-SXM4-40GB MIG 4g.20gb (0),1,,13,"void convert_kernel<__half2, float2>(tensor_layout_any, T1 *, tensor_layout_any, const T2 *)"
5008281471,5824,333933,,,,,,,,,,0.094,16087.884,Pinned,Device,NVIDIA A100-SXM4-40GB MIG 4g.20gb (0),1,,13,[CUDA memcpy Host-to-Device]
5008296383,3359,333934,,,,,,,,,,1.547,460440.791,Device,,NVIDIA A100-SXM4-40GB MIG 4g.20gb (0),1,,13,[CUDA memset]
5008302590,3040,333939,,,,,,,,,,0.031,10294.725,Pinned,Device,NVIDIA A100-SXM4-40GB MIG 4g.20gb (0),1,,13,[CUDA memcpy Host-to-Device]
5008308030,9632,333940,,,,,,,,,,0.197,20411.843,Pinned,Device,NVIDIA A100-SXM4-40GB MIG 4g.20gb (0),1,,13,[CUDA memcpy Host-to-Device]
5008321182,6560,333941,273,1,1,8,4,1,39,0.002,0.000,,,,,NVIDIA A100-SXM4-40GB MIG 4g.20gb (0),1,,13,"void channel_eq::eqMmseCoefCompLowMimoKernel<float, float, float, (unsigned int)4, (unsigned int)1, (unsigned int)4>(const channel_eq::_puschRxChEqStatDescr *, channel_eq::_puschRxChEqCoefCompDynDescr)"
5008328670,6528,333942,273,1,1,12,11,1,51,0.002,0.000,,,,,NVIDIA A100-SXM4-40GB MIG 4g.20gb (0),1,,13,"void channel_eq::eqMmseSoftDemapKernel<float, __half, __half, float, (unsigned int)4, (unsigned short)16383>(channel_eq::_puschRxChEqStatDescr *, channel_eq::_puschRxChEqSoftDemapDynDescr)"
5008338334,282685,333943,1,1,1,32,32,1,30,0.000,0.000,,,,,NVIDIA A100-SXM4-40GB MIG 4g.20gb (0),1,,13,"void convert_kernel<float2, __half2>(tensor_layout_any, T1 *, tensor_layout_any, const T2 *)"
5008622043,10911,333955,2253,1,1,128,1,1,16,0.000,0.000,,,,,NVIDIA A100-SXM4-40GB MIG 4g.20gb (0),1,,13,cupy_copy__float16_float16
5008637946,3136,333964,282,1,1,128,1,1,16,0.000,0.000,,,,,NVIDIA A100-SXM4-40GB MIG 4g.20gb (0),1,,13,cupy_copy__complex64_complex64
5008643354,2016,333973,26,1,1,128,1,1,16,0.000,0.000,,,,,NVIDIA A100-SXM4-40GB MIG 4g.20gb (0),1,,13,cupy_copy__float32_float32
5008647994,3040,333982,103,1,1,128,1,1,16,0.000,0.000,,,,,NVIDIA A100-SXM4-40GB MIG 4g.20gb (0),1,,13,cupy_copy__complex64_complex64
5008652058,12064,333992,1434,1,1,128,1,1,16,0.000,0.000,,,,,NVIDIA A100-SXM4-40GB MIG 4g.20gb (0),1,,13,cupy_copy__complex64_complex64
5008670746,82879,333997,1,1,1,32,32,1,30,0.000,0.000,,,,,NVIDIA A100-SXM4-40GB MIG 4g.20gb (0),1,,13,"void convert_kernel<__half2, float2>(tensor_layout_any, T1 *, tensor_layout_any, const T2 *)"
5008780953,5535,334000,,,,,,,,,,0.094,16927.869,Pinned,Device,NVIDIA A100-SXM4-40GB MIG 4g.20gb (0),1,,13,[CUDA memcpy Host-to-Device]
5008794328,598233,334001,,,,,,,,,,456.561,762914.166,Device,,NVIDIA A100-SXM4-40GB MIG 4g.20gb (0),1,,13,[CUDA memset]
5009393873,141342,334006,,,,,,,,,,1.235,8737.229,Pinned,Device,NVIDIA A100-SXM4-40GB MIG 4g.20gb (0),1,,13,[CUDA memcpy Host-to-Device]
5009543471,31072,334007,,,,,,,,,,0.197,6327.435,Pinned,Device,NVIDIA A100-SXM4-40GB MIG 4g.20gb (0),1,,13,[CUDA memcpy Host-to-Device]
5009594319,7871,334008,69,4,1,48,1,1,76,0.002,0.000,,,,,NVIDIA A100-SXM4-40GB MIG 4g.20gb (0),1,,13,"void ch_est::windowedChEstPreNoDftSOfdmKernel<float, __half, float, (unsigned int)2, (unsigned int)1, (unsigned short)4>(ch_est::puschRxChEstStatDescr_t *, ch_est::puschRxChEstDynDescr_t *)"
5009612974,6880,334009,137,2,1,24,2,1,44,0.001,0.001,,,,,NVIDIA A100-SXM4-40GB MIG 4g.20gb (0),1,,13,"void ch_est::chEstFilterNoDftSOfdmDispatchKernel<float, __half, float, (unsigned int)2>(ch_est::puschRxChEstStatDescr_t *, ch_est::puschRxChEstDynDescr_t *)"
5009625838,4736,334010,137,2,1,24,2,1,44,0.001,0.001,,,,,NVIDIA A100-SXM4-40GB MIG 4g.20gb (0),1,,13,"void ch_est::chEstFilterNoDftSOfdmDispatchKernel<float, __half, float, (unsigned int)2>(ch_est::puschRxChEstStatDescr_t *, ch_est::puschRxChEstDynDescr_t *)"
5009639438,2688,334021,103,1,1,128,1,1,16,0.000,0.000,,,,,NVIDIA A100-SXM4-40GB MIG 4g.20gb (0),1,,13,cupy_copy__complex64_complex64
5009652814,12480,334031,1434,1,1,128,1,1,16,0.000,0.000,,,,,NVIDIA A100-SXM4-40GB MIG 4g.20gb (0),1,,13,cupy_copy__complex64_complex64
5009681069,2464,334038,103,1,1,128,1,1,16,0.000,0.000,,,,,NVIDIA A100-SXM4-40GB MIG 4g.20gb (0),1,,13,cupy_copy__complex64_complex64
5009697869,87263,334045,1,1,1,32,32,1,30,0.000,0.000,,,,,NVIDIA A100-SXM4-40GB MIG 4g.20gb (0),1,,13,"void convert_kernel<__half2, float2>(tensor_layout_any, T1 *, tensor_layout_any, const T2 *)"
5009819180,24671,334048,,,,,,,,,,0.094,3797.780,Pinned,Device,NVIDIA A100-SXM4-40GB MIG 4g.20gb (0),1,,13,[CUDA memcpy Host-to-Device]
5009858379,46432,334049,,,,,,,,,,35.810,771202.437,Device,,NVIDIA A100-SXM4-40GB MIG 4g.20gb (0),1,,13,[CUDA memset]
5009912843,17951,334051,,,,,,,,,,0.000,4.457,Pinned,Device,NVIDIA A100-SXM4-40GB MIG 4g.20gb (0),1,,13,[CUDA memcpy Host-to-Device]
5009937994,35168,334052,,,,,,,,,,0.197,5590.352,Pinned,Device,NVIDIA A100-SXM4-40GB MIG 4g.20gb (0),1,,13,[CUDA memcpy Host-to-Device]
5009997354,10143,334053,273,1,1,48,1,1,40,0.000,0.001,,,,,NVIDIA A100-SXM4-40GB MIG 4g.20gb (0),1,,13,"void pusch_noise_intf_est::noiseIntfEstNoDftSOfdmKernel<float, __half, float, float, (unsigned int)2, (unsigned int)1, (unsigned char)4, (unsigned char)4>(pusch_noise_intf_est::puschRxNoiseIntfEstDynDescr)"
5010014089,2880,334064,35,1,1,128,1,1,16,0.000,0.000,,,,,NVIDIA A100-SXM4-40GB MIG 4g.20gb (0),1,,13,cupy_copy__complex64_complex64
5010031081,1728,334073,1,1,1,1,1,1,18,0.000,0.000,,,,,NVIDIA A100-SXM4-40GB MIG 4g.20gb (0),1,,13,cupy_copy__float32_float32
5010039305,8640,334079,,,,,,,,,,0.000,0.463,Device,Pageable,NVIDIA A100-SXM4-40GB MIG 4g.20gb (0),1,,7,[CUDA memcpy Device-to-Host]
5010140232,12704,334090,1434,1,1,128,1,1,16,0.000,0.000,,,,,NVIDIA A100-SXM4-40GB MIG 4g.20gb (0),1,,13,cupy_copy__complex64_complex64
5010161832,3359,334097,103,1,1,128,1,1,16,0.000,0.000,,,,,NVIDIA A100-SXM4-40GB MIG 4g.20gb (0),1,,13,cupy_copy__complex64_complex64
5010182151,2560,334104,35,1,1,128,1,1,16,0.000,0.000,,,,,NVIDIA A100-SXM4-40GB MIG 4g.20gb (0),1,,13,cupy_copy__complex64_complex64
5010201895,1792,334111,1,1,1,1,1,1,18,0.000,0.000,,,,,NVIDIA A100-SXM4-40GB MIG 4g.20gb (0),1,,13,cupy_copy__float32_float32
5010325030,88766,334122,1,1,1,32,32,1,30,0.000,0.000,,,,,NVIDIA A100-SXM4-40GB MIG 4g.20gb (0),1,,13,"void convert_kernel<__half2, float2>(tensor_layout_any, T1 *, tensor_layout_any, const T2 *)"
5010446212,13440,334125,,,,,,,,,,0.094,6971.357,Pinned,Device,NVIDIA A100-SXM4-40GB MIG 4g.20gb (0),1,,13,[CUDA memcpy Host-to-Device]
5010468644,3424,334126,,,,,,,,,,1.547,451700.819,Device,,NVIDIA A100-SXM4-40GB MIG 4g.20gb (0),1,,13,[CUDA memset]
5010474180,3808,334131,,,,,,,,,,0.031,8218.486,Pinned,Device,NVIDIA A100-SXM4-40GB MIG 4g.20gb (0),1,,13,[CUDA memcpy Host-to-Device]
5010485284,12927,334132,,,,,,,,,,0.197,15209.005,Pinned,Device,NVIDIA A100-SXM4-40GB MIG 4g.20gb (0),1,,13,[CUDA memcpy Host-to-Device]
5010507651,7776,334133,273,1,1,8,4,1,39,0.002,0.000,,,,,NVIDIA A100-SXM4-40GB MIG 4g.20gb (0),1,,13,"void channel_eq::eqMmseCoefCompLowMimoKernel<float, float, float, (unsigned int)4, (unsigned int)1, (unsigned int)4>(const channel_eq::_puschRxChEqStatDescr *, channel_eq::_puschRxChEqCoefCompDynDescr)"
5010522051,7872,334134,273,1,1,12,11,1,51,0.002,0.000,,,,,NVIDIA A100-SXM4-40GB MIG 4g.20gb (0),1,,13,"void channel_eq::eqMmseSoftDemapKernel<float, __half, __half, float, (unsigned int)4, (unsigned short)16383>(channel_eq::_puschRxChEqStatDescr *, channel_eq::_puschRxChEqSoftDemapDynDescr)"
5010535267,279164,334135,1,1,1,32,32,1,30,0.000,0.000,,,,,NVIDIA A100-SXM4-40GB MIG 4g.20gb (0),1,,13,"void convert_kernel<float2, __half2>(tensor_layout_any, T1 *, tensor_layout_any, const T2 *)"
5010816991,11008,334147,2253,1,1,128,1,1,16,0.000,0.000,,,,,NVIDIA A100-SXM4-40GB MIG 4g.20gb (0),1,,13,cupy_copy__float16_float16
5010831007,3776,334156,282,1,1,128,1,1,16,0.000,0.000,,,,,NVIDIA A100-SXM4-40GB MIG 4g.20gb (0),1,,13,cupy_copy__complex64_complex64
5010836319,2304,334165,26,1,1,128,1,1,16,0.000,0.000,,,,,NVIDIA A100-SXM4-40GB MIG 4g.20gb (0),1,,13,cupy_copy__float32_float32
5010842175,2880,334174,103,1,1,128,1,1,16,0.000,0.000,,,,,NVIDIA A100-SXM4-40GB MIG 4g.20gb (0),1,,13,cupy_copy__complex64_complex64
5010846111,12192,334184,1434,1,1,128,1,1,16,0.000,0.000,,,,,NVIDIA A100-SXM4-40GB MIG 4g.20gb (0),1,,13,cupy_copy__complex64_complex64
5010861311,82335,334189,1,1,1,32,32,1,30,0.000,0.000,,,,,NVIDIA A100-SXM4-40GB MIG 4g.20gb (0),1,,13,"void convert_kernel<__half2, float2>(tensor_layout_any, T1 *, tensor_layout_any, const T2 *)"
5010972094,5535,334192,,,,,,,,,,0.094,16927.869,Pinned,Device,NVIDIA A100-SXM4-40GB MIG 4g.20gb (0),1,,13,[CUDA memcpy Host-to-Device]
5010982941,599321,334193,,,,,,,,,,456.561,761544.482,Device,,NVIDIA A100-SXM4-40GB MIG 4g.20gb (0),1,,13,[CUDA memset]
5011586742,103263,334198,,,,,,,,,,1.235,11959.198,Pinned,Device,NVIDIA A100-SXM4-40GB MIG 4g.20gb (0),1,,13,[CUDA memcpy Host-to-Device]
5011696213,17887,334199,,,,,,,,,,0.197,10991.567,Pinned,Device,NVIDIA A100-SXM4-40GB MIG 4g.20gb (0),1,,13,[CUDA memcpy Host-to-Device]
5011728724,8448,334200,69,4,1,48,1,1,76,0.002,0.000,,,,,NVIDIA A100-SXM4-40GB MIG 4g.20gb (0),1,,13,"void ch_est::windowedChEstPreNoDftSOfdmKernel<float, __half, float, (unsigned int)2, (unsigned int)1, (unsigned short)4>(ch_est::puschRxChEstStatDescr_t *, ch_est::puschRxChEstDynDescr_t *)"
5011744308,6816,334201,137,2,1,24,2,1,44,0.001,0.001,,,,,NVIDIA A100-SXM4-40GB MIG 4g.20gb (0),1,,13,"void ch_est::chEstFilterNoDftSOfdmDispatchKernel<float, __half, float, (unsigned int)2>(ch_est::puschRxChEstStatDescr_t *, ch_est::puschRxChEstDynDescr_t *)"
5011753076,6272,334202,137,2,1,24,2,1,44,0.001,0.001,,,,,NVIDIA A100-SXM4-40GB MIG 4g.20gb (0),1,,13,"void ch_est::chEstFilterNoDftSOfdmDispatchKernel<float, __half, float, (unsigned int)2>(ch_est::puschRxChEstStatDescr_t *, ch_est::puschRxChEstDynDescr_t *)"
5011762292,3008,334213,103,1,1,128,1,1,16,0.000,0.000,,,,,NVIDIA A100-SXM4-40GB MIG 4g.20gb (0),1,,13,cupy_copy__complex64_complex64
5011771284,12960,334223,1434,1,1,128,1,1,16,0.000,0.000,,,,,NVIDIA A100-SXM4-40GB MIG 4g.20gb (0),1,,13,cupy_copy__complex64_complex64
5011787156,3007,334230,103,1,1,128,1,1,16,0.000,0.000,,,,,NVIDIA A100-SXM4-40GB MIG 4g.20gb (0),1,,13,cupy_copy__complex64_complex64
5011798003,81919,334237,1,1,1,32,32,1,30,0.000,0.000,,,,,NVIDIA A100-SXM4-40GB MIG 4g.20gb (0),1,,13,"void convert_kernel<__half2, float2>(tensor_layout_any, T1 *, tensor_layout_any, const T2 *)"
5011907890,11520,334240,,,,,,,,,,0.094,8133.281,Pinned,Device,NVIDIA A100-SXM4-40GB MIG 4g.20gb (0),1,,13,[CUDA memcpy Host-to-Device]
5011927090,47263,334241,,,,,,,,,,35.810,757666.287,Device,,NVIDIA A100-SXM4-40GB MIG 4g.20gb (0),1,,13,[CUDA memset]
5011981809,3520,334243,,,,,,,,,,0.000,22.727,Pinned,Device,NVIDIA A100-SXM4-40GB MIG 4g.20gb (0),1,,13,[CUDA memcpy Host-to-Device]
5011991025,13248,334244,,,,,,,,,,0.197,14840.562,Pinned,Device,NVIDIA A100-SXM4-40GB MIG 4g.20gb (0),1,,13,[CUDA memcpy Host-to-Device]
5012011249,12288,334245,273,1,1,48,1,1,40,0.000,0.001,,,,,NVIDIA A100-SXM4-40GB MIG 4g.20gb (0),1,,13,"void pusch_noise_intf_est::noiseIntfEstNoDftSOfdmKernel<float, __half, float, float, (unsigned int)2, (unsigned int)1, (unsigned char)4, (unsigned char)4>(pusch_noise_intf_est::puschRxNoiseIntfEstDynDescr)"
5012029649,2719,334256,35,1,1,128,1,1,16,0.000,0.000,,,,,NVIDIA A100-SXM4-40GB MIG 4g.20gb (0),1,,13,cupy_copy__complex64_complex64
5012036336,2048,334265,1,1,1,1,1,1,18,0.000,0.000,,,,,NVIDIA A100-SXM4-40GB MIG 4g.20gb (0),1,,13,cupy_copy__float32_float32
5012060752,1664,334271,,,,,,,,,,0.000,2.404,Device,Pageable,NVIDIA A100-SXM4-40GB MIG 4g.20gb (0),1,,7,[CUDA memcpy Device-to-Host]
5012124335,13280,334282,1434,1,1,128,1,1,16,0.000,0.000,,,,,NVIDIA A100-SXM4-40GB MIG 4g.20gb (0),1,,13,cupy_copy__complex64_complex64
5012150927,2784,334289,103,1,1,128,1,1,16,0.000,0.000,,,,,NVIDIA A100-SXM4-40GB MIG 4g.20gb (0),1,,13,cupy_copy__complex64_complex64
5012171535,2176,334296,35,1,1,128,1,1,16,0.000,0.000,,,,,NVIDIA A100-SXM4-40GB MIG 4g.20gb (0),1,,13,cupy_copy__complex64_complex64
5012191439,1887,334303,1,1,1,1,1,1,18,0.000,0.000,,,,,NVIDIA A100-SXM4-40GB MIG 4g.20gb (0),1,,13,cupy_copy__float32_float32
5012323469,82687,334314,1,1,1,32,32,1,30,0.000,0.000,,,,,NVIDIA A100-SXM4-40GB MIG 4g.20gb (0),1,,13,"void convert_kernel<__half2, float2>(tensor_layout_any, T1 *, tensor_layout_any, const T2 *)"
5012433164,6207,334317,,,,,,,,,,0.094,15095.175,Pinned,Device,NVIDIA A100-SXM4-40GB MIG 4g.20gb (0),1,,13,[CUDA memcpy Host-to-Device]
5012448299,3200,334318,,,,,,,,,,1.547,483320.000,Device,,NVIDIA A100-SXM4-40GB MIG 4g.20gb (0),1,,13,[CUDA memset]
5012455019,3008,334323,,,,,,,,,,0.031,10404.230,Pinned,Device,NVIDIA A100-SXM4-40GB MIG 4g.20gb (0),1,,13,[CUDA memcpy Host-to-Device]
5012460843,9536,334324,,,,,,,,,,0.197,20617.298,Pinned,Device,NVIDIA A100-SXM4-40GB MIG 4g.20gb (0),1,,13,[CUDA memcpy Host-to-Device]
5012475499,5952,334325,273,1,1,8,4,1,39,0.002,0.000,,,,,NVIDIA A100-SXM4-40GB MIG 4g.20gb (0),1,,13,"void channel_eq::eqMmseCoefCompLowMimoKernel<float, float, float, (unsigned int)4, (unsigned int)1, (unsigned int)4>(const channel_eq::_puschRxChEqStatDescr *, channel_eq::_puschRxChEqCoefCompDynDescr)"
5012483051,7584,334326,273,1,1,12,11,1,51,0.002,0.000,,,,,NVIDIA A100-SXM4-40GB MIG 4g.20gb (0),1,,13,"void channel_eq::eqMmseSoftDemapKernel<float, __half, __half, float, (unsigned int)4, (unsigned short)16383>(channel_eq::_puschRxChEqStatDescr *, channel_eq::_puschRxChEqSoftDemapDynDescr)"
5012493419,293948,334327,1,1,1,32,32,1,30,0.000,0.000,,,,,NVIDIA A100-SXM4-40GB MIG 4g.20gb (0),1,,13,"void convert_kernel<float2, __half2>(tensor_layout_any, T1 *, tensor_layout_any, const T2 *)"
5012788391,11232,334339,2253,1,1,128,1,1,16,0.000,0.000,,,,,NVIDIA A100-SXM4-40GB MIG 4g.20gb (0),1,,13,cupy_copy__float16_float16
5012803303,3488,334348,282,1,1,128,1,1,16,0.000,0.000,,,,,NVIDIA A100-SXM4-40GB MIG 4g.20gb (0),1,,13,cupy_copy__complex64_complex64
5012809159,2048,334357,26,1,1,128,1,1,16,0.000,0.000,,,,,NVIDIA A100-SXM4-40GB MIG 4g.20gb (0),1,,13,cupy_copy__float32_float32
5012812839,3136,334366,103,1,1,128,1,1,16,0.000,0.000,,,,,NVIDIA A100-SXM4-40GB MIG 4g.20gb (0),1,,13,cupy_copy__complex64_complex64
5012817095,11808,334376,1434,1,1,128,1,1,16,0.000,0.000,,,,,NVIDIA A100-SXM4-40GB MIG 4g.20gb (0),1,,13,cupy_copy__complex64_complex64
5012831175,82655,334381,1,1,1,32,32,1,30,0.000,0.000,,,,,NVIDIA A100-SXM4-40GB MIG 4g.20gb (0),1,,13,"void convert_kernel<__half2, float2>(tensor_layout_any, T1 *, tensor_layout_any, const T2 *)"
5012940741,5760,334384,,,,,,,,,,0.094,16266.656,Pinned,Device,NVIDIA A100-SXM4-40GB MIG 4g.20gb (0),1,,13,[CUDA memcpy Host-to-Device]
5012950725,599385,334385,,,,,,,,,,456.561,761544.482,Device,,NVIDIA A100-SXM4-40GB MIG 4g.20gb (0),1,,13,[CUDA memset]
5013555678,158462,334390,,,,,,,,,,1.235,7792.497,Pinned,Device,NVIDIA A100-SXM4-40GB MIG 4g.20gb (0),1,,13,[CUDA memcpy Host-to-Device]
5013726876,41503,334391,,,,,,,,,,0.197,4737.073,Pinned,Device,NVIDIA A100-SXM4-40GB MIG 4g.20gb (0),1,,13,[CUDA memcpy Host-to-Device]
5013789243,7744,334392,69,4,1,48,1,1,76,0.002,0.000,,,,,NVIDIA A100-SXM4-40GB MIG 4g.20gb (0),1,,13,"void ch_est::windowedChEstPreNoDftSOfdmKernel<float, __half, float, (unsigned int)2, (unsigned int)1, (unsigned short)4>(ch_est::puschRxChEstStatDescr_t *, ch_est::puschRxChEstDynDescr_t *)"
5013808091,6656,334393,137,2,1,24,2,1,44,0.001,0.001,,,,,NVIDIA A100-SXM4-40GB MIG 4g.20gb (0),1,,13,"void ch_est::chEstFilterNoDftSOfdmDispatchKernel<float, __half, float, (unsigned int)2>(ch_est::puschRxChEstStatDescr_t *, ch_est::puschRxChEstDynDescr_t *)"
5013821306,4800,334394,137,2,1,24,2,1,44,0.001,0.001,,,,,NVIDIA A100-SXM4-40GB MIG 4g.20gb (0),1,,13,"void ch_est::chEstFilterNoDftSOfdmDispatchKernel<float, __half, float, (unsigned int)2>(ch_est::puschRxChEstStatDescr_t *, ch_est::puschRxChEstDynDescr_t *)"
5013837562,2688,334405,103,1,1,128,1,1,16,0.000,0.000,,,,,NVIDIA A100-SXM4-40GB MIG 4g.20gb (0),1,,13,cupy_copy__complex64_complex64
5013847770,12384,334415,1434,1,1,128,1,1,16,0.000,0.000,,,,,NVIDIA A100-SXM4-40GB MIG 4g.20gb (0),1,,13,cupy_copy__complex64_complex64
5013866330,2656,334422,103,1,1,128,1,1,16,0.000,0.000,,,,,NVIDIA A100-SXM4-40GB MIG 4g.20gb (0),1,,13,cupy_copy__complex64_complex64
5013879706,90815,334429,1,1,1,32,32,1,30,0.000,0.000,,,,,NVIDIA A100-SXM4-40GB MIG 4g.20gb (0),1,,13,"void convert_kernel<__half2, float2>(tensor_layout_any, T1 *, tensor_layout_any, const T2 *)"
5014001688,9216,334432,,,,,,,,,,0.094,10166.578,Pinned,Device,NVIDIA A100-SXM4-40GB MIG 4g.20gb (0),1,,13,[CUDA memcpy Host-to-Device]
5014015608,47327,334433,,,,,,,,,,35.810,756627.800,Device,,NVIDIA A100-SXM4-40GB MIG 4g.20gb (0),1,,13,[CUDA memset]
5014067927,8352,334435,,,,,,,,,,0.000,9.578,Pinned,Device,NVIDIA A100-SXM4-40GB MIG 4g.20gb (0),1,,13,[CUDA memcpy Host-to-Device]
5014080695,20768,334436,,,,,,,,,,0.197,9466.872,Pinned,Device,NVIDIA A100-SXM4-40GB MIG 4g.20gb (0),1,,13,[CUDA memcpy Host-to-Device]
5014115863,9792,334437,273,1,1,48,1,1,40,0.000,0.001,,,,,NVIDIA A100-SXM4-40GB MIG 4g.20gb (0),1,,13,"void pusch_noise_intf_est::noiseIntfEstNoDftSOfdmKernel<float, __half, float, float, (unsigned int)2, (unsigned int)1, (unsigned char)4, (unsigned char)4>(pusch_noise_intf_est::puschRxNoiseIntfEstDynDescr)"
5014135575,2752,334448,35,1,1,128,1,1,16,0.000,0.000,,,,,NVIDIA A100-SXM4-40GB MIG 4g.20gb (0),1,,13,cupy_copy__complex64_complex64
5014146102,1760,334457,1,1,1,1,1,1,18,0.000,0.000,,,,,NVIDIA A100-SXM4-40GB MIG 4g.20gb (0),1,,13,cupy_copy__float32_float32
5014159350,2464,334463,,,,,,,,,,0.000,1.623,Device,Pageable,NVIDIA A100-SXM4-40GB MIG 4g.20gb (0),1,,7,[CUDA memcpy Device-to-Host]
5014234677,13184,334474,1434,1,1,128,1,1,16,0.000,0.000,,,,,NVIDIA A100-SXM4-40GB MIG 4g.20gb (0),1,,13,cupy_copy__complex64_complex64
5014263573,2880,334481,103,1,1,128,1,1,16,0.000,0.000,,,,,NVIDIA A100-SXM4-40GB MIG 4g.20gb (0),1,,13,cupy_copy__complex64_complex64
5014283509,2720,334488,35,1,1,128,1,1,16,0.000,0.000,,,,,NVIDIA A100-SXM4-40GB MIG 4g.20gb (0),1,,13,cupy_copy__complex64_complex64
5014295573,1792,334495,1,1,1,1,1,1,18,0.000,0.000,,,,,NVIDIA A100-SXM4-40GB MIG 4g.20gb (0),1,,13,cupy_copy__float32_float32
5014427731,82207,334506,1,1,1,32,32,1,30,0.000,0.000,,,,,NVIDIA A100-SXM4-40GB MIG 4g.20gb (0),1,,13,"void convert_kernel<__half2, float2>(tensor_layout_any, T1 *, tensor_layout_any, const T2 *)"
5014537074,5728,334509,,,,,,,,,,0.094,16357.541,Pinned,Device,NVIDIA A100-SXM4-40GB MIG 4g.20gb (0),1,,13,[CUDA memcpy Host-to-Device]
5014550833,3456,334510,,,,,,,,,,1.547,447517.201,Device,,NVIDIA A100-SXM4-40GB MIG 4g.20gb (0),1,,13,[CUDA memset]
5014557937,3424,334515,,,,,,,,,,0.031,9140.185,Pinned,Device,NVIDIA A100-SXM4-40GB MIG 4g.20gb (0),1,,13,[CUDA memcpy Host-to-Device]
5014564177,9536,334516,,,,,,,,,,0.197,20617.298,Pinned,Device,NVIDIA A100-SXM4-40GB MIG 4g.20gb (0),1,,13,[CUDA memcpy Host-to-Device]
5014579665,6688,334517,273,1,1,8,4,1,39,0.002,0.000,,,,,NVIDIA A100-SXM4-40GB MIG 4g.20gb (0),1,,13,"void channel_eq::eqMmseCoefCompLowMimoKernel<float, float, float, (unsigned int)4, (unsigned int)1, (unsigned int)4>(const channel_eq::_puschRxChEqStatDescr *, channel_eq::_puschRxChEqCoefCompDynDescr)"
5014587345,6464,334518,273,1,1,12,11,1,51,0.002,0.000,,,,,NVIDIA A100-SXM4-40GB MIG 4g.20gb (0),1,,13,"void channel_eq::eqMmseSoftDemapKernel<float, __half, __half, float, (unsigned int)4, (unsigned short)16383>(channel_eq::_puschRxChEqStatDescr *, channel_eq::_puschRxChEqSoftDemapDynDescr)"
5014594769,283260,334519,1,1,1,32,32,1,30,0.000,0.000,,,,,NVIDIA A100-SXM4-40GB MIG 4g.20gb (0),1,,13,"void convert_kernel<float2, __half2>(tensor_layout_any, T1 *, tensor_layout_any, const T2 *)"
5014879149,11104,334531,2253,1,1,128,1,1,16,0.000,0.000,,,,,NVIDIA A100-SXM4-40GB MIG 4g.20gb (0),1,,13,cupy_copy__float16_float16
5014895437,2848,334540,282,1,1,128,1,1,16,0.000,0.000,,,,,NVIDIA A100-SXM4-40GB MIG 4g.20gb (0),1,,13,cupy_copy__complex64_complex64
5014901229,2368,334549,26,1,1,128,1,1,16,0.000,0.000,,,,,NVIDIA A100-SXM4-40GB MIG 4g.20gb (0),1,,13,cupy_copy__float32_float32
5014904653,2784,334558,103,1,1,128,1,1,16,0.000,0.000,,,,,NVIDIA A100-SXM4-40GB MIG 4g.20gb (0),1,,13,cupy_copy__complex64_complex64
5014911021,12288,334568,1434,1,1,128,1,1,16,0.000,0.000,,,,,NVIDIA A100-SXM4-40GB MIG 4g.20gb (0),1,,13,cupy_copy__complex64_complex64
5014938349,82239,334573,1,1,1,32,32,1,30,0.000,0.000,,,,,NVIDIA A100-SXM4-40GB MIG 4g.20gb (0),1,,13,"void convert_kernel<__half2, float2>(tensor_layout_any, T1 *, tensor_layout_any, const T2 *)"
5015048651,5792,334576,,,,,,,,,,0.094,16176.708,Pinned,Device,NVIDIA A100-SXM4-40GB MIG 4g.20gb (0),1,,13,[CUDA memcpy Host-to-Device]
5015058891,598329,334577,,,,,,,,,,456.561,762914.166,Device,,NVIDIA A100-SXM4-40GB MIG 4g.20gb (0),1,,13,[CUDA memset]
5015662020,139902,334582,,,,,,,,,,1.235,8826.145,Pinned,Device,NVIDIA A100-SXM4-40GB MIG 4g.20gb (0),1,,13,[CUDA memcpy Host-to-Device]
5015810434,34336,334583,,,,,,,,,,0.197,5725.815,Pinned,Device,NVIDIA A100-SXM4-40GB MIG 4g.20gb (0),1,,13,[CUDA memcpy Host-to-Device]
5015866273,8256,334584,69,4,1,48,1,1,76,0.002,0.000,,,,,NVIDIA A100-SXM4-40GB MIG 4g.20gb (0),1,,13,"void ch_est::windowedChEstPreNoDftSOfdmKernel<float, __half, float, (unsigned int)2, (unsigned int)1, (unsigned short)4>(ch_est::puschRxChEstStatDescr_t *, ch_est::puschRxChEstDynDescr_t *)"
5015882017,6848,334585,137,2,1,24,2,1,44,0.001,0.001,,,,,NVIDIA A100-SXM4-40GB MIG 4g.20gb (0),1,,13,"void ch_est::chEstFilterNoDftSOfdmDispatchKernel<float, __half, float, (unsigned int)2>(ch_est::puschRxChEstStatDescr_t *, ch_est::puschRxChEstDynDescr_t *)"
5015896193,4768,334586,137,2,1,24,2,1,44,0.001,0.001,,,,,NVIDIA A100-SXM4-40GB MIG 4g.20gb (0),1,,13,"void ch_est::chEstFilterNoDftSOfdmDispatchKernel<float, __half, float, (unsigned int)2>(ch_est::puschRxChEstStatDescr_t *, ch_est::puschRxChEstDynDescr_t *)"
5015910369,2496,334597,103,1,1,128,1,1,16,0.000,0.000,,,,,NVIDIA A100-SXM4-40GB MIG 4g.20gb (0),1,,13,cupy_copy__complex64_complex64
5015927424,12608,334607,1434,1,1,128,1,1,16,0.000,0.000,,,,,NVIDIA A100-SXM4-40GB MIG 4g.20gb (0),1,,13,cupy_copy__complex64_complex64
5015965952,2688,334614,103,1,1,128,1,1,16,0.000,0.000,,,,,NVIDIA A100-SXM4-40GB MIG 4g.20gb (0),1,,13,cupy_copy__complex64_complex64
5015980544,83039,334621,1,1,1,32,32,1,30,0.000,0.000,,,,,NVIDIA A100-SXM4-40GB MIG 4g.20gb (0),1,,13,"void convert_kernel<__half2, float2>(tensor_layout_any, T1 *, tensor_layout_any, const T2 *)"
5016096254,22240,334624,,,,,,,,,,0.094,4212.947,Pinned,Device,NVIDIA A100-SXM4-40GB MIG 4g.20gb (0),1,,13,[CUDA memcpy Host-to-Device]
5016131198,47455,334625,,,,,,,,,,35.810,754586.634,Device,,NVIDIA A100-SXM4-40GB MIG 4g.20gb (0),1,,13,[CUDA memset]
5016188029,7808,334627,,,,,,,,,,0.000,10.246,Pinned,Device,NVIDIA A100-SXM4-40GB MIG 4g.20gb (0),1,,13,[CUDA memcpy Host-to-Device]
5016204445,16224,334628,,,,,,,,,,0.197,12118.327,Pinned,Device,NVIDIA A100-SXM4-40GB MIG 4g.20gb (0),1,,13,[CUDA memcpy Host-to-Device]
5016229981,12576,334629,273,1,1,48,1,1,40,0.000,0.001,,,,,NVIDIA A100-SXM4-40GB MIG 4g.20gb (0),1,,13,"void pusch_noise_intf_est::noiseIntfEstNoDftSOfdmKernel<float, __half, float, float, (unsigned int)2, (unsigned int)1, (unsigned char)4, (unsigned char)4>(pusch_noise_intf_est::puschRxNoiseIntfEstDynDescr)"
5016244765,3264,334640,35,1,1,128,1,1,16,0.000,0.000,,,,,NVIDIA A100-SXM4-40GB MIG 4g.20gb (0),1,,13,cupy_copy__complex64_complex64
5016252604,1920,334649,1,1,1,1,1,1,18,0.000,0.000,,,,,NVIDIA A100-SXM4-40GB MIG 4g.20gb (0),1,,13,cupy_copy__float32_float32
5016259708,5120,334655,,,,,,,,,,0.000,0.781,Device,Pageable,NVIDIA A100-SXM4-40GB MIG 4g.20gb (0),1,,7,[CUDA memcpy Device-to-Host]
5016330556,13023,334666,1434,1,1,128,1,1,16,0.000,0.000,,,,,NVIDIA A100-SXM4-40GB MIG 4g.20gb (0),1,,13,cupy_copy__complex64_complex64
5016366011,2912,334673,103,1,1,128,1,1,16,0.000,0.000,,,,,NVIDIA A100-SXM4-40GB MIG 4g.20gb (0),1,,13,cupy_copy__complex64_complex64
5016382843,2336,334680,35,1,1,128,1,1,16,0.000,0.000,,,,,NVIDIA A100-SXM4-40GB MIG 4g.20gb (0),1,,13,cupy_copy__complex64_complex64
5016403131,1984,334687,1,1,1,1,1,1,18,0.000,0.000,,,,,NVIDIA A100-SXM4-40GB MIG 4g.20gb (0),1,,13,cupy_copy__float32_float32
5016532793,87135,334698,1,1,1,32,32,1,30,0.000,0.000,,,,,NVIDIA A100-SXM4-40GB MIG 4g.20gb (0),1,,13,"void convert_kernel<__half2, float2>(tensor_layout_any, T1 *, tensor_layout_any, const T2 *)"
5016648952,9311,334701,,,,,,,,,,0.094,10062.857,Pinned,Device,NVIDIA A100-SXM4-40GB MIG 4g.20gb (0),1,,13,[CUDA memcpy Host-to-Device]
5016669015,3680,334702,,,,,,,,,,1.547,420278.059,Device,,NVIDIA A100-SXM4-40GB MIG 4g.20gb (0),1,,13,[CUDA memset]
5016680567,6624,334707,,,,,,,,,,0.031,4724.632,Pinned,Device,NVIDIA A100-SXM4-40GB MIG 4g.20gb (0),1,,13,[CUDA memcpy Host-to-Device]
5016689847,12928,334708,,,,,,,,,,0.197,15207.825,Pinned,Device,NVIDIA A100-SXM4-40GB MIG 4g.20gb (0),1,,13,[CUDA memcpy Host-to-Device]
5016708279,6176,334709,273,1,1,8,4,1,39,0.002,0.000,,,,,NVIDIA A100-SXM4-40GB MIG 4g.20gb (0),1,,13,"void channel_eq::eqMmseCoefCompLowMimoKernel<float, float, float, (unsigned int)4, (unsigned int)1, (unsigned int)4>(const channel_eq::_puschRxChEqStatDescr *, channel_eq::_puschRxChEqCoefCompDynDescr)"
5016717335,6432,334710,273,1,1,12,11,1,51,0.002,0.000,,,,,NVIDIA A100-SXM4-40GB MIG 4g.20gb (0),1,,13,"void channel_eq::eqMmseSoftDemapKernel<float, __half, __half, float, (unsigned int)4, (unsigned short)16383>(channel_eq::_puschRxChEqStatDescr *, channel_eq::_puschRxChEqSoftDemapDynDescr)"
5016726487,282748,334711,1,1,1,32,32,1,30,0.000,0.000,,,,,NVIDIA A100-SXM4-40GB MIG 4g.20gb (0),1,,13,"void convert_kernel<float2, __half2>(tensor_layout_any, T1 *, tensor_layout_any, const T2 *)"
5017011539,10848,334723,2253,1,1,128,1,1,16,0.000,0.000,,,,,NVIDIA A100-SXM4-40GB MIG 4g.20gb (0),1,,13,cupy_copy__float16_float16
5017023603,2912,334732,282,1,1,128,1,1,16,0.000,0.000,,,,,NVIDIA A100-SXM4-40GB MIG 4g.20gb (0),1,,13,cupy_copy__complex64_complex64
5017029683,2016,334741,26,1,1,128,1,1,16,0.000,0.000,,,,,NVIDIA A100-SXM4-40GB MIG 4g.20gb (0),1,,13,cupy_copy__float32_float32
5017033651,7008,334750,103,1,1,128,1,1,16,0.000,0.000,,,,,NVIDIA A100-SXM4-40GB MIG 4g.20gb (0),1,,13,cupy_copy__complex64_complex64
5017043283,12064,334760,1434,1,1,128,1,1,16,0.000,0.000,,,,,NVIDIA A100-SXM4-40GB MIG 4g.20gb (0),1,,13,cupy_copy__complex64_complex64
5017060339,81407,334765,1,1,1,32,32,1,30,0.000,0.000,,,,,NVIDIA A100-SXM4-40GB MIG 4g.20gb (0),1,,13,"void convert_kernel<__half2, float2>(tensor_layout_any, T1 *, tensor_layout_any, const T2 *)"
5017168721,5536,334768,,,,,,,,,,0.094,16924.777,Pinned,Device,NVIDIA A100-SXM4-40GB MIG 4g.20gb (0),1,,13,[CUDA memcpy Host-to-Device]
5017179857,597945,334769,,,,,,,,,,456.561,763370.728,Device,,NVIDIA A100-SXM4-40GB MIG 4g.20gb (0),1,,13,[CUDA memset]
5017784906,148158,334774,,,,,,,,,,1.235,8334.637,Pinned,Device,NVIDIA A100-SXM4-40GB MIG 4g.20gb (0),1,,13,[CUDA memcpy Host-to-Device]
5017946664,41343,334775,,,,,,,,,,0.197,4755.358,Pinned,Device,NVIDIA A100-SXM4-40GB MIG 4g.20gb (0),1,,13,[CUDA memcpy Host-to-Device]
5018005799,8256,334776,69,4,1,48,1,1,76,0.002,0.000,,,,,NVIDIA A100-SXM4-40GB MIG 4g.20gb (0),1,,13,"void ch_est::windowedChEstPreNoDftSOfdmKernel<float, __half, float, (unsigned int)2, (unsigned int)1, (unsigned short)4>(ch_est::puschRxChEstStatDescr_t *, ch_est::puschRxChEstDynDescr_t *)"
5018025287,6368,334777,137,2,1,24,2,1,44,0.001,0.001,,,,,NVIDIA A100-SXM4-40GB MIG 4g.20gb (0),1,,13,"void ch_est::chEstFilterNoDftSOfdmDispatchKernel<float, __half, float, (unsigned int)2>(ch_est::puschRxChEstStatDescr_t *, ch_est::puschRxChEstDynDescr_t *)"
5018042054,4768,334778,137,2,1,24,2,1,44,0.001,0.001,,,,,NVIDIA A100-SXM4-40GB MIG 4g.20gb (0),1,,13,"void ch_est::chEstFilterNoDftSOfdmDispatchKernel<float, __half, float, (unsigned int)2>(ch_est::puschRxChEstStatDescr_t *, ch_est::puschRxChEstDynDescr_t *)"
5018059270,2656,334789,103,1,1,128,1,1,16,0.000,0.000,,,,,NVIDIA A100-SXM4-40GB MIG 4g.20gb (0),1,,13,cupy_copy__complex64_complex64
5018075718,12256,334799,1434,1,1,128,1,1,16,0.000,0.000,,,,,NVIDIA A100-SXM4-40GB MIG 4g.20gb (0),1,,13,cupy_copy__complex64_complex64
5018100646,2592,334806,103,1,1,128,1,1,16,0.000,0.000,,,,,NVIDIA A100-SXM4-40GB MIG 4g.20gb (0),1,,13,cupy_copy__complex64_complex64
5018122821,90303,334813,1,1,1,32,32,1,30,0.000,0.000,,,,,NVIDIA A100-SXM4-40GB MIG 4g.20gb (0),1,,13,"void convert_kernel<__half2, float2>(tensor_layout_any, T1 *, tensor_layout_any, const T2 *)"
5018245284,24064,334816,,,,,,,,,,0.094,3893.537,Pinned,Device,NVIDIA A100-SXM4-40GB MIG 4g.20gb (0),1,,13,[CUDA memcpy Host-to-Device]
5018281059,46688,334817,,,,,,,,,,35.810,766976.867,Device,,NVIDIA A100-SXM4-40GB MIG 4g.20gb (0),1,,13,[CUDA memset]
5018337891,6240,334819,,,,,,,,,,0.000,12.820,Pinned,Device,NVIDIA A100-SXM4-40GB MIG 4g.20gb (0),1,,13,[CUDA memcpy Host-to-Device]
5018354595,19487,334820,,,,,,,,,,0.197,10089.136,Pinned,Device,NVIDIA A100-SXM4-40GB MIG 4g.20gb (0),1,,13,[CUDA memcpy Host-to-Device]
5018388066,9568,334821,273,1,1,48,1,1,40,0.000,0.001,,,,,NVIDIA A100-SXM4-40GB MIG 4g.20gb (0),1,,13,"void pusch_noise_intf_est::noiseIntfEstNoDftSOfdmKernel<float, __half, float, float, (unsigned int)2, (unsigned int)1, (unsigned char)4, (unsigned char)4>(pusch_noise_intf_est::puschRxNoiseIntfEstDynDescr)"
5018404642,2752,334832,35,1,1,128,1,1,16,0.000,0.000,,,,,NVIDIA A100-SXM4-40GB MIG 4g.20gb (0),1,,13,cupy_copy__complex64_complex64
5018417442,1696,334841,1,1,1,1,1,1,18,0.000,0.000,,,,,NVIDIA A100-SXM4-40GB MIG 4g.20gb (0),1,,13,cupy_copy__float32_float32
5018426786,5376,334847,,,,,,,,,,0.000,0.744,Device,Pageable,NVIDIA A100-SXM4-40GB MIG 4g.20gb (0),1,,7,[CUDA memcpy Device-to-Host]
5018502017,12928,334858,1434,1,1,128,1,1,16,0.000,0.000,,,,,NVIDIA A100-SXM4-40GB MIG 4g.20gb (0),1,,13,cupy_copy__complex64_complex64
5018530656,3360,334865,103,1,1,128,1,1,16,0.000,0.000,,,,,NVIDIA A100-SXM4-40GB MIG 4g.20gb (0),1,,13,cupy_copy__complex64_complex64
5018548544,2528,334872,35,1,1,128,1,1,16,0.000,0.000,,,,,NVIDIA A100-SXM4-40GB MIG 4g.20gb (0),1,,13,cupy_copy__complex64_complex64
5018564448,1824,334879,1,1,1,1,1,1,18,0.000,0.000,,,,,NVIDIA A100-SXM4-40GB MIG 4g.20gb (0),1,,13,cupy_copy__float32_float32
5018692062,82975,334890,1,1,1,32,32,1,30,0.000,0.000,,,,,NVIDIA A100-SXM4-40GB MIG 4g.20gb (0),1,,13,"void convert_kernel<__half2, float2>(tensor_layout_any, T1 *, tensor_layout_any, const T2 *)"
5018803837,5984,334893,,,,,,,,,,0.094,15657.726,Pinned,Device,NVIDIA A100-SXM4-40GB MIG 4g.20gb (0),1,,13,[CUDA memcpy Host-to-Device]
5018819453,3424,334894,,,,,,,,,,1.547,451700.819,Device,,NVIDIA A100-SXM4-40GB MIG 4g.20gb (0),1,,13,[CUDA memset]
5018824765,3296,334899,,,,,,,,,,0.031,9495.144,Pinned,Device,NVIDIA A100-SXM4-40GB MIG 4g.20gb (0),1,,13,[CUDA memcpy Host-to-Device]
5018830493,9696,334900,,,,,,,,,,0.197,20277.166,Pinned,Device,NVIDIA A100-SXM4-40GB MIG 4g.20gb (0),1,,13,[CUDA memcpy Host-to-Device]
5018848029,5983,334901,273,1,1,8,4,1,39,0.002,0.000,,,,,NVIDIA A100-SXM4-40GB MIG 4g.20gb (0),1,,13,"void channel_eq::eqMmseCoefCompLowMimoKernel<float, float, float, (unsigned int)4, (unsigned int)1, (unsigned int)4>(const channel_eq::_puschRxChEqStatDescr *, channel_eq::_puschRxChEqCoefCompDynDescr)"
5018856220,5728,334902,273,1,1,12,11,1,51,0.002,0.000,,,,,NVIDIA A100-SXM4-40GB MIG 4g.20gb (0),1,,13,"void channel_eq::eqMmseSoftDemapKernel<float, __half, __half, float, (unsigned int)4, (unsigned short)16383>(channel_eq::_puschRxChEqStatDescr *, channel_eq::_puschRxChEqSoftDemapDynDescr)"
5018864188,282525,334903,1,1,1,32,32,1,30,0.000,0.000,,,,,NVIDIA A100-SXM4-40GB MIG 4g.20gb (0),1,,13,"void convert_kernel<float2, __half2>(tensor_layout_any, T1 *, tensor_layout_any, const T2 *)"
5019147737,11008,334915,2253,1,1,128,1,1,16,0.000,0.000,,,,,NVIDIA A100-SXM4-40GB MIG 4g.20gb (0),1,,13,cupy_copy__float16_float16
5019161561,3616,334924,282,1,1,128,1,1,16,0.000,0.000,,,,,NVIDIA A100-SXM4-40GB MIG 4g.20gb (0),1,,13,cupy_copy__complex64_complex64
5019169753,2080,334933,26,1,1,128,1,1,16,0.000,0.000,,,,,NVIDIA A100-SXM4-40GB MIG 4g.20gb (0),1,,13,cupy_copy__float32_float32
5019173816,3680,334942,103,1,1,128,1,1,16,0.000,0.000,,,,,NVIDIA A100-SXM4-40GB MIG 4g.20gb (0),1,,13,cupy_copy__complex64_complex64
5019178584,11776,334952,1434,1,1,128,1,1,16,0.000,0.000,,,,,NVIDIA A100-SXM4-40GB MIG 4g.20gb (0),1,,13,cupy_copy__complex64_complex64
5019205912,82047,334957,1,1,1,32,32,1,30,0.000,0.000,,,,,NVIDIA A100-SXM4-40GB MIG 4g.20gb (0),1,,13,"void convert_kernel<__half2, float2>(tensor_layout_any, T1 *, tensor_layout_any, const T2 *)"
5019315223,5696,334960,,,,,,,,,,0.094,16449.363,Pinned,Device,NVIDIA A100-SXM4-40GB MIG 4g.20gb (0),1,,13,[CUDA memcpy Host-to-Device]
5019325527,597272,334961,,,,,,,,,,456.561,764283.851,Device,,NVIDIA A100-SXM4-40GB MIG 4g.20gb (0),1,,13,[CUDA memset]
5019928655,103487,334966,,,,,,,,,,1.235,11933.264,Pinned,Device,NVIDIA A100-SXM4-40GB MIG 4g.20gb (0),1,,13,[CUDA memcpy Host-to-Device]
5020042830,28543,334967,,,,,,,,,,0.197,6887.965,Pinned,Device,NVIDIA A100-SXM4-40GB MIG 4g.20gb (0),1,,13,[CUDA memcpy Host-to-Device]
5020096333,8416,334968,69,4,1,48,1,1,76,0.002,0.000,,,,,NVIDIA A100-SXM4-40GB MIG 4g.20gb (0),1,,13,"void ch_est::windowedChEstPreNoDftSOfdmKernel<float, __half, float, (unsigned int)2, (unsigned int)1, (unsigned short)4>(ch_est::puschRxChEstStatDescr_t *, ch_est::puschRxChEstDynDescr_t *)"
5020110125,7232,334969,137,2,1,24,2,1,44,0.001,0.001,,,,,NVIDIA A100-SXM4-40GB MIG 4g.20gb (0),1,,13,"void ch_est::chEstFilterNoDftSOfdmDispatchKernel<float, __half, float, (unsigned int)2>(ch_est::puschRxChEstStatDescr_t *, ch_est::puschRxChEstDynDescr_t *)"
5020126157,5376,334970,137,2,1,24,2,1,44,0.001,0.001,,,,,NVIDIA A100-SXM4-40GB MIG 4g.20gb (0),1,,13,"void ch_est::chEstFilterNoDftSOfdmDispatchKernel<float, __half, float, (unsigned int)2>(ch_est::puschRxChEstStatDescr_t *, ch_est::puschRxChEstDynDescr_t *)"
5020139789,2624,334981,103,1,1,128,1,1,16,0.000,0.000,,,,,NVIDIA A100-SXM4-40GB MIG 4g.20gb (0),1,,13,cupy_copy__complex64_complex64
5020155820,12576,334991,1434,1,1,128,1,1,16,0.000,0.000,,,,,NVIDIA A100-SXM4-40GB MIG 4g.20gb (0),1,,13,cupy_copy__complex64_complex64
5020174124,2912,334998,103,1,1,128,1,1,16,0.000,0.000,,,,,NVIDIA A100-SXM4-40GB MIG 4g.20gb (0),1,,13,cupy_copy__complex64_complex64
5020196204,88543,335005,1,1,1,32,32,1,30,0.000,0.000,,,,,NVIDIA A100-SXM4-40GB MIG 4g.20gb (0),1,,13,"void convert_kernel<__half2, float2>(tensor_layout_any, T1 *, tensor_layout_any, const T2 *)"
5020316970,26528,335008,,,,,,,,,,0.094,3531.964,Pinned,Device,NVIDIA A100-SXM4-40GB MIG 4g.20gb (0),1,,13,[CUDA memcpy Host-to-Device]
5020364362,47775,335009,,,,,,,,,,35.810,749537.436,Device,,NVIDIA A100-SXM4-40GB MIG 4g.20gb (0),1,,13,[CUDA memset]
5020414889,14048,335011,,,,,,,,,,0.000,5.695,Pinned,Device,NVIDIA A100-SXM4-40GB MIG 4g.20gb (0),1,,13,[CUDA memcpy Host-to-Device]
5020436873,47743,335012,,,,,,,,,,0.197,4117.955,Pinned,Device,NVIDIA A100-SXM4-40GB MIG 4g.20gb (0),1,,13,[CUDA memcpy Host-to-Device]
5020511048,9664,335013,273,1,1,48,1,1,40,0.000,0.001,,,,,NVIDIA A100-SXM4-40GB MIG 4g.20gb (0),1,,13,"void pusch_noise_intf_est::noiseIntfEstNoDftSOfdmKernel<float, __half, float, float, (unsigned int)2, (unsigned int)1, (unsigned char)4, (unsigned char)4>(pusch_noise_intf_est::puschRxNoiseIntfEstDynDescr)"
5020528008,2624,335024,35,1,1,128,1,1,16,0.000,0.000,,,,,NVIDIA A100-SXM4-40GB MIG 4g.20gb (0),1,,13,cupy_copy__complex64_complex64
5020544424,1728,335033,1,1,1,1,1,1,18,0.000,0.000,,,,,NVIDIA A100-SXM4-40GB MIG 4g.20gb (0),1,,13,cupy_copy__float32_float32
5020549512,7135,335039,,,,,,,,,,0.000,0.561,Device,Pageable,NVIDIA A100-SXM4-40GB MIG 4g.20gb (0),1,,7,[CUDA memcpy Device-to-Host]
5020652038,12864,335050,1434,1,1,128,1,1,16,0.000,0.000,,,,,NVIDIA A100-SXM4-40GB MIG 4g.20gb (0),1,,13,cupy_copy__complex64_complex64
5020674438,3392,335057,103,1,1,128,1,1,16,0.000,0.000,,,,,NVIDIA A100-SXM4-40GB MIG 4g.20gb (0),1,,13,cupy_copy__complex64_complex64
5020698566,2496,335064,35,1,1,128,1,1,16,0.000,0.000,,,,,NVIDIA A100-SXM4-40GB MIG 4g.20gb (0),1,,13,cupy_copy__complex64_complex64
5020718533,1696,335071,1,1,1,1,1,1,18,0.000,0.000,,,,,NVIDIA A100-SXM4-40GB MIG 4g.20gb (0),1,,13,cupy_copy__float32_float32
5020847748,86783,335082,1,1,1,32,32,1,30,0.000,0.000,,,,,NVIDIA A100-SXM4-40GB MIG 4g.20gb (0),1,,13,"void convert_kernel<__half2, float2>(tensor_layout_any, T1 *, tensor_layout_any, const T2 *)"
5020962626,8384,335085,,,,,,,,,,0.094,11175.497,Pinned,Device,NVIDIA A100-SXM4-40GB MIG 4g.20gb (0),1,,13,[CUDA memcpy Host-to-Device]
5020980706,3584,335086,,,,,,,,,,1.547,431534.389,Device,,NVIDIA A100-SXM4-40GB MIG 4g.20gb (0),1,,13,[CUDA memset]
5020985026,3520,335091,,,,,,,,,,0.031,8890.881,Pinned,Device,NVIDIA A100-SXM4-40GB MIG 4g.20gb (0),1,,13,[CUDA memcpy Host-to-Device]
5020992482,9632,335092,,,,,,,,,,0.197,20411.843,Pinned,Device,NVIDIA A100-SXM4-40GB MIG 4g.20gb (0),1,,13,[CUDA memcpy Host-to-Device]
5021006818,6752,335093,273,1,1,8,4,1,39,0.002,0.000,,,,,NVIDIA A100-SXM4-40GB MIG 4g.20gb (0),1,,13,"void channel_eq::eqMmseCoefCompLowMimoKernel<float, float, float, (unsigned int)4, (unsigned int)1, (unsigned int)4>(const channel_eq::_puschRxChEqStatDescr *, channel_eq::_puschRxChEqCoefCompDynDescr)"
5021014562,6304,335094,273,1,1,12,11,1,51,0.002,0.000,,,,,NVIDIA A100-SXM4-40GB MIG 4g.20gb (0),1,,13,"void channel_eq::eqMmseSoftDemapKernel<float, __half, __half, float, (unsigned int)4, (unsigned short)16383>(channel_eq::_puschRxChEqStatDescr *, channel_eq::_puschRxChEqSoftDemapDynDescr)"
5021021794,282684,335095,1,1,1,32,32,1,30,0.000,0.000,,,,,NVIDIA A100-SXM4-40GB MIG 4g.20gb (0),1,,13,"void convert_kernel<float2, __half2>(tensor_layout_any, T1 *, tensor_layout_any, const T2 *)"
5021305566,11072,335107,2253,1,1,128,1,1,16,0.000,0.000,,,,,NVIDIA A100-SXM4-40GB MIG 4g.20gb (0),1,,13,cupy_copy__float16_float16
5021319006,3744,335116,282,1,1,128,1,1,16,0.000,0.000,,,,,NVIDIA A100-SXM4-40GB MIG 4g.20gb (0),1,,13,cupy_copy__complex64_complex64
5021327646,2496,335125,26,1,1,128,1,1,16,0.000,0.000,,,,,NVIDIA A100-SXM4-40GB MIG 4g.20gb (0),1,,13,cupy_copy__float32_float32
5021331262,2944,335134,103,1,1,128,1,1,16,0.000,0.000,,,,,NVIDIA A100-SXM4-40GB MIG 4g.20gb (0),1,,13,cupy_copy__complex64_complex64
5021335166,12096,335144,1434,1,1,128,1,1,16,0.000,0.000,,,,,NVIDIA A100-SXM4-40GB MIG 4g.20gb (0),1,,13,cupy_copy__complex64_complex64
5021354078,87167,335149,1,1,1,32,32,1,30,0.000,0.000,,,,,NVIDIA A100-SXM4-40GB MIG 4g.20gb (0),1,,13,"void convert_kernel<__half2, float2>(tensor_layout_any, T1 *, tensor_layout_any, const T2 *)"
5021469148,5792,335152,,,,,,,,,,0.094,16176.708,Pinned,Device,NVIDIA A100-SXM4-40GB MIG 4g.20gb (0),1,,13,[CUDA memcpy Host-to-Device]
5021478620,597145,335153,,,,,,,,,,456.561,764283.851,Device,,NVIDIA A100-SXM4-40GB MIG 4g.20gb (0),1,,13,[CUDA memset]
5022076469,144094,335158,,,,,,,,,,1.235,8569.276,Pinned,Device,NVIDIA A100-SXM4-40GB MIG 4g.20gb (0),1,,13,[CUDA memcpy Host-to-Device]
5022232883,40831,335159,,,,,,,,,,0.197,4815.127,Pinned,Device,NVIDIA A100-SXM4-40GB MIG 4g.20gb (0),1,,13,[CUDA memcpy Host-to-Device]
5022307122,8256,335160,69,4,1,48,1,1,76,0.002,0.000,,,,,NVIDIA A100-SXM4-40GB MIG 4g.20gb (0),1,,13,"void ch_est::windowedChEstPreNoDftSOfdmKernel<float, __half, float, (unsigned int)2, (unsigned int)1, (unsigned short)4>(ch_est::puschRxChEstStatDescr_t *, ch_est::puschRxChEstDynDescr_t *)"
5022321682,6784,335161,137,2,1,24,2,1,44,0.001,0.001,,,,,NVIDIA A100-SXM4-40GB MIG 4g.20gb (0),1,,13,"void ch_est::chEstFilterNoDftSOfdmDispatchKernel<float, __half, float, (unsigned int)2>(ch_est::puschRxChEstStatDescr_t *, ch_est::puschRxChEstDynDescr_t *)"
5022335474,5247,335162,137,2,1,24,2,1,44,0.001,0.001,,,,,NVIDIA A100-SXM4-40GB MIG 4g.20gb (0),1,,13,"void ch_est::chEstFilterNoDftSOfdmDispatchKernel<float, __half, float, (unsigned int)2>(ch_est::puschRxChEstStatDescr_t *, ch_est::puschRxChEstDynDescr_t *)"
5022346609,2624,335173,103,1,1,128,1,1,16,0.000,0.000,,,,,NVIDIA A100-SXM4-40GB MIG 4g.20gb (0),1,,13,cupy_copy__complex64_complex64
5022356337,12416,335183,1434,1,1,128,1,1,16,0.000,0.000,,,,,NVIDIA A100-SXM4-40GB MIG 4g.20gb (0),1,,13,cupy_copy__complex64_complex64
5022374033,2752,335190,103,1,1,128,1,1,16,0.000,0.000,,,,,NVIDIA A100-SXM4-40GB MIG 4g.20gb (0),1,,13,cupy_copy__complex64_complex64
5022382513,84319,335197,1,1,1,32,32,1,30,0.000,0.000,,,,,NVIDIA A100-SXM4-40GB MIG 4g.20gb (0),1,,13,"void convert_kernel<__half2, float2>(tensor_layout_any, T1 *, tensor_layout_any, const T2 *)"
5022493936,5728,335200,,,,,,,,,,0.094,16357.541,Pinned,Device,NVIDIA A100-SXM4-40GB MIG 4g.20gb (0),1,,13,[CUDA memcpy Host-to-Device]
5022505359,46976,335201,,,,,,,,,,35.810,762285.767,Device,,NVIDIA A100-SXM4-40GB MIG 4g.20gb (0),1,,13,[CUDA memset]
5022552751,3968,335203,,,,,,,,,,0.000,20.161,Pinned,Device,NVIDIA A100-SXM4-40GB MIG 4g.20gb (0),1,,13,[CUDA memcpy Host-to-Device]
5022560847,11904,335204,,,,,,,,,,0.197,16516.055,Pinned,Device,NVIDIA A100-SXM4-40GB MIG 4g.20gb (0),1,,13,[CUDA memcpy Host-to-Device]
5022582030,11008,335205,273,1,1,48,1,1,40,0.000,0.001,,,,,NVIDIA A100-SXM4-40GB MIG 4g.20gb (0),1,,13,"void pusch_noise_intf_est::noiseIntfEstNoDftSOfdmKernel<float, __half, float, float, (unsigned int)2, (unsigned int)1, (unsigned char)4, (unsigned char)4>(pusch_noise_intf_est::puschRxNoiseIntfEstDynDescr)"
5022595822,3008,335216,35,1,1,128,1,1,16,0.000,0.000,,,,,NVIDIA A100-SXM4-40GB MIG 4g.20gb (0),1,,13,cupy_copy__complex64_complex64
5022618414,1856,335225,1,1,1,1,1,1,18,0.000,0.000,,,,,NVIDIA A100-SXM4-40GB MIG 4g.20gb (0),1,,13,cupy_copy__float32_float32
5022648046,1792,335231,,,,,,,,,,0.000,2.232,Device,Pageable,NVIDIA A100-SXM4-40GB MIG 4g.20gb (0),1,,7,[CUDA memcpy Device-to-Host]
5022707213,12832,335242,1434,1,1,128,1,1,16,0.000,0.000,,,,,NVIDIA A100-SXM4-40GB MIG 4g.20gb (0),1,,13,cupy_copy__complex64_complex64
5022734605,3488,335249,103,1,1,128,1,1,16,0.000,0.000,,,,,NVIDIA A100-SXM4-40GB MIG 4g.20gb (0),1,,13,cupy_copy__complex64_complex64
5022754316,2400,335256,35,1,1,128,1,1,16,0.000,0.000,,,,,NVIDIA A100-SXM4-40GB MIG 4g.20gb (0),1,,13,cupy_copy__complex64_complex64
5022772492,1792,335263,1,1,1,1,1,1,18,0.000,0.000,,,,,NVIDIA A100-SXM4-40GB MIG 4g.20gb (0),1,,13,cupy_copy__float32_float32
5022916074,81887,335274,1,1,1,32,32,1,30,0.000,0.000,,,,,NVIDIA A100-SXM4-40GB MIG 4g.20gb (0),1,,13,"void convert_kernel<__half2, float2>(tensor_layout_any, T1 *, tensor_layout_any, const T2 *)"
5023026313,5856,335277,,,,,,,,,,0.094,15999.997,Pinned,Device,NVIDIA A100-SXM4-40GB MIG 4g.20gb (0),1,,13,[CUDA memcpy Host-to-Device]
5023040713,3296,335278,,,,,,,,,,1.547,469242.628,Device,,NVIDIA A100-SXM4-40GB MIG 4g.20gb (0),1,,13,[CUDA memset]
5023047849,3232,335283,,,,,,,,,,0.031,9683.139,Pinned,Device,NVIDIA A100-SXM4-40GB MIG 4g.20gb (0),1,,13,[CUDA memcpy Host-to-Device]
5023053641,9472,335284,,,,,,,,,,0.197,20756.693,Pinned,Device,NVIDIA A100-SXM4-40GB MIG 4g.20gb (0),1,,13,[CUDA memcpy Host-to-Device]
5023068521,6783,335285,273,1,1,8,4,1,39,0.002,0.000,,,,,NVIDIA A100-SXM4-40GB MIG 4g.20gb (0),1,,13,"void channel_eq::eqMmseCoefCompLowMimoKernel<float, float, float, (unsigned int)4, (unsigned int)1, (unsigned int)4>(const channel_eq::_puschRxChEqStatDescr *, channel_eq::_puschRxChEqCoefCompDynDescr)"
5023077896,5792,335286,273,1,1,12,11,1,51,0.002,0.000,,,,,NVIDIA A100-SXM4-40GB MIG 4g.20gb (0),1,,13,"void channel_eq::eqMmseSoftDemapKernel<float, __half, __half, float, (unsigned int)4, (unsigned short)16383>(channel_eq::_puschRxChEqStatDescr *, channel_eq::_puschRxChEqSoftDemapDynDescr)"
5023085032,282941,335287,1,1,1,32,32,1,30,0.000,0.000,,,,,NVIDIA A100-SXM4-40GB MIG 4g.20gb (0),1,,13,"void convert_kernel<float2, __half2>(tensor_layout_any, T1 *, tensor_layout_any, const T2 *)"
5023368933,11040,335299,2253,1,1,128,1,1,16,0.000,0.000,,,,,NVIDIA A100-SXM4-40GB MIG 4g.20gb (0),1,,13,cupy_copy__float16_float16
5023381925,3168,335308,282,1,1,128,1,1,16,0.000,0.000,,,,,NVIDIA A100-SXM4-40GB MIG 4g.20gb (0),1,,13,cupy_copy__complex64_complex64
5023390661,2048,335317,26,1,1,128,1,1,16,0.000,0.000,,,,,NVIDIA A100-SXM4-40GB MIG 4g.20gb (0),1,,13,cupy_copy__float32_float32
5023396868,4544,335326,103,1,1,128,1,1,16,0.000,0.000,,,,,NVIDIA A100-SXM4-40GB MIG 4g.20gb (0),1,,13,cupy_copy__complex64_complex64
5023403748,12480,335336,1434,1,1,128,1,1,16,0.000,0.000,,,,,NVIDIA A100-SXM4-40GB MIG 4g.20gb (0),1,,13,cupy_copy__complex64_complex64
5023419908,87903,335341,1,1,1,32,32,1,30,0.000,0.000,,,,,NVIDIA A100-SXM4-40GB MIG 4g.20gb (0),1,,13,"void convert_kernel<__half2, float2>(tensor_layout_any, T1 *, tensor_layout_any, const T2 *)"
5023535267,5600,335344,,,,,,,,,,0.094,16731.388,Pinned,Device,NVIDIA A100-SXM4-40GB MIG 4g.20gb (0),1,,13,[CUDA memcpy Host-to-Device]
5023545059,600088,335345,,,,,,,,,,456.561,760631.359,Device,,NVIDIA A100-SXM4-40GB MIG 4g.20gb (0),1,,13,[CUDA memset]
5024146427,169054,335350,,,,,,,,,,1.235,7304.694,Pinned,Device,NVIDIA A100-SXM4-40GB MIG 4g.20gb (0),1,,13,[CUDA memcpy Host-to-Device]
5024327801,38816,335351,,,,,,,,,,0.197,5065.015,Pinned,Device,NVIDIA A100-SXM4-40GB MIG 4g.20gb (0),1,,13,[CUDA memcpy Host-to-Device]
5024394808,7904,335352,69,4,1,48,1,1,76,0.002,0.000,,,,,NVIDIA A100-SXM4-40GB MIG 4g.20gb (0),1,,13,"void ch_est::windowedChEstPreNoDftSOfdmKernel<float, __half, float, (unsigned int)2, (unsigned int)1, (unsigned short)4>(ch_est::puschRxChEstStatDescr_t *, ch_est::puschRxChEstDynDescr_t *)"
5024411544,6688,335353,137,2,1,24,2,1,44,0.001,0.001,,,,,NVIDIA A100-SXM4-40GB MIG 4g.20gb (0),1,,13,"void ch_est::chEstFilterNoDftSOfdmDispatchKernel<float, __half, float, (unsigned int)2>(ch_est::puschRxChEstStatDescr_t *, ch_est::puschRxChEstDynDescr_t *)"
5024436408,4736,335354,137,2,1,24,2,1,44,0.001,0.001,,,,,NVIDIA A100-SXM4-40GB MIG 4g.20gb (0),1,,13,"void ch_est::chEstFilterNoDftSOfdmDispatchKernel<float, __half, float, (unsigned int)2>(ch_est::puschRxChEstStatDescr_t *, ch_est::puschRxChEstDynDescr_t *)"
5024456503,2528,335365,103,1,1,128,1,1,16,0.000,0.000,,,,,NVIDIA A100-SXM4-40GB MIG 4g.20gb (0),1,,13,cupy_copy__complex64_complex64
5024475575,12320,335375,1434,1,1,128,1,1,16,0.000,0.000,,,,,NVIDIA A100-SXM4-40GB MIG 4g.20gb (0),1,,13,cupy_copy__complex64_complex64
5024494295,2880,335382,103,1,1,128,1,1,16,0.000,0.000,,,,,NVIDIA A100-SXM4-40GB MIG 4g.20gb (0),1,,13,cupy_copy__complex64_complex64
5024516567,100094,335389,1,1,1,32,32,1,30,0.000,0.000,,,,,NVIDIA A100-SXM4-40GB MIG 4g.20gb (0),1,,13,"void convert_kernel<__half2, float2>(tensor_layout_any, T1 *, tensor_layout_any, const T2 *)"
5024647701,16032,335392,,,,,,,,,,0.094,5844.288,Pinned,Device,NVIDIA A100-SXM4-40GB MIG 4g.20gb (0),1,,13,[CUDA memcpy Host-to-Device]
5024668629,46143,335393,,,,,,,,,,35.810,776036.776,Device,,NVIDIA A100-SXM4-40GB MIG 4g.20gb (0),1,,13,[CUDA memset]
5024721940,5504,335395,,,,,,,,,,0.000,14.535,Pinned,Device,NVIDIA A100-SXM4-40GB MIG 4g.20gb (0),1,,13,[CUDA memcpy Host-to-Device]
5024733332,14976,335396,,,,,,,,,,0.197,13128.106,Pinned,Device,NVIDIA A100-SXM4-40GB MIG 4g.20gb (0),1,,13,[CUDA memcpy Host-to-Device]
5024758036,12960,335397,273,1,1,48,1,1,40,0.000,0.001,,,,,NVIDIA A100-SXM4-40GB MIG 4g.20gb (0),1,,13,"void pusch_noise_intf_est::noiseIntfEstNoDftSOfdmKernel<float, __half, float, float, (unsigned int)2, (unsigned int)1, (unsigned char)4, (unsigned char)4>(pusch_noise_intf_est::puschRxNoiseIntfEstDynDescr)"
5024773971,3136,335408,35,1,1,128,1,1,16,0.000,0.000,,,,,NVIDIA A100-SXM4-40GB MIG 4g.20gb (0),1,,13,cupy_copy__complex64_complex64
5024779155,2048,335417,1,1,1,1,1,1,18,0.000,0.000,,,,,NVIDIA A100-SXM4-40GB MIG 4g.20gb (0),1,,13,cupy_copy__float32_float32
5024798387,1760,335423,,,,,,,,,,0.000,2.273,Device,Pageable,NVIDIA A100-SXM4-40GB MIG 4g.20gb (0),1,,7,[CUDA memcpy Device-to-Host]
5024859858,12768,335434,1434,1,1,128,1,1,16,0.000,0.000,,,,,NVIDIA A100-SXM4-40GB MIG 4g.20gb (0),1,,13,cupy_copy__complex64_complex64
5024888306,3072,335441,103,1,1,128,1,1,16,0.000,0.000,,,,,NVIDIA A100-SXM4-40GB MIG 4g.20gb (0),1,,13,cupy_copy__complex64_complex64
5024907154,2624,335448,35,1,1,128,1,1,16,0.000,0.000,,,,,NVIDIA A100-SXM4-40GB MIG 4g.20gb (0),1,,13,cupy_copy__complex64_complex64
5024925970,2016,335455,1,1,1,1,1,1,18,0.000,0.000,,,,,NVIDIA A100-SXM4-40GB MIG 4g.20gb (0),1,,13,cupy_copy__float32_float32
5025056912,82847,335466,1,1,1,32,32,1,30,0.000,0.000,,,,,NVIDIA A100-SXM4-40GB MIG 4g.20gb (0),1,,13,"void convert_kernel<__half2, float2>(tensor_layout_any, T1 *, tensor_layout_any, const T2 *)"
5025167183,5728,335469,,,,,,,,,,0.094,16357.541,Pinned,Device,NVIDIA A100-SXM4-40GB MIG 4g.20gb (0),1,,13,[CUDA memcpy Host-to-Device]
5025181966,3168,335470,,,,,,,,,,1.547,488201.145,Device,,NVIDIA A100-SXM4-40GB MIG 4g.20gb (0),1,,13,[CUDA memset]
5025187790,3072,335475,,,,,,,,,,0.031,10187.474,Pinned,Device,NVIDIA A100-SXM4-40GB MIG 4g.20gb (0),1,,13,[CUDA memcpy Host-to-Device]
5025193742,9472,335476,,,,,,,,,,0.197,20756.693,Pinned,Device,NVIDIA A100-SXM4-40GB MIG 4g.20gb (0),1,,13,[CUDA memcpy Host-to-Device]
5025207022,6560,335477,273,1,1,8,4,1,39,0.002,0.000,,,,,NVIDIA A100-SXM4-40GB MIG 4g.20gb (0),1,,13,"void channel_eq::eqMmseCoefCompLowMimoKernel<float, float, float, (unsigned int)4, (unsigned int)1, (unsigned int)4>(const channel_eq::_puschRxChEqStatDescr *, channel_eq::_puschRxChEqCoefCompDynDescr)"
5025216974,5792,335478,273,1,1,12,11,1,51,0.002,0.000,,,,,NVIDIA A100-SXM4-40GB MIG 4g.20gb (0),1,,13,"void channel_eq::eqMmseSoftDemapKernel<float, __half, __half, float, (unsigned int)4, (unsigned short)16383>(channel_eq::_puschRxChEqStatDescr *, channel_eq::_puschRxChEqSoftDemapDynDescr)"
5025224494,281820,335479,1,1,1,32,32,1,30,0.000,0.000,,,,,NVIDIA A100-SXM4-40GB MIG 4g.20gb (0),1,,13,"void convert_kernel<float2, __half2>(tensor_layout_any, T1 *, tensor_layout_any, const T2 *)"
5025507402,10816,335491,2253,1,1,128,1,1,16,0.000,0.000,,,,,NVIDIA A100-SXM4-40GB MIG 4g.20gb (0),1,,13,cupy_copy__float16_float16
5025520810,3104,335500,282,1,1,128,1,1,16,0.000,0.000,,,,,NVIDIA A100-SXM4-40GB MIG 4g.20gb (0),1,,13,cupy_copy__complex64_complex64
5025526442,2048,335509,26,1,1,128,1,1,16,0.000,0.000,,,,,NVIDIA A100-SXM4-40GB MIG 4g.20gb (0),1,,13,cupy_copy__float32_float32
5025531626,3008,335518,103,1,1,128,1,1,16,0.000,0.000,,,,,NVIDIA A100-SXM4-40GB MIG 4g.20gb (0),1,,13,cupy_copy__complex64_complex64
5025537418,12032,335528,1434,1,1,128,1,1,16,0.000,0.000,,,,,NVIDIA A100-SXM4-40GB MIG 4g.20gb (0),1,,13,cupy_copy__complex64_complex64
5025555146,82015,335533,1,1,1,32,32,1,30,0.000,0.000,,,,,NVIDIA A100-SXM4-40GB MIG 4g.20gb (0),1,,13,"void convert_kernel<__half2, float2>(tensor_layout_any, T1 *, tensor_layout_any, const T2 *)"
5025664329,5375,335536,,,,,,,,,,0.094,17431.766,Pinned,Device,NVIDIA A100-SXM4-40GB MIG 4g.20gb (0),1,,13,[CUDA memcpy Host-to-Device]
5025674184,597177,335537,,,,,,,,,,456.561,764283.851,Device,,NVIDIA A100-SXM4-40GB MIG 4g.20gb (0),1,,13,[CUDA memset]
5026274465,159422,335542,,,,,,,,,,1.235,7745.569,Pinned,Device,NVIDIA A100-SXM4-40GB MIG 4g.20gb (0),1,,13,[CUDA memcpy Host-to-Device]
5026443999,42751,335543,,,,,,,,,,0.197,4598.858,Pinned,Device,NVIDIA A100-SXM4-40GB MIG 4g.20gb (0),1,,13,[CUDA memcpy Host-to-Device]
5026515262,8096,335544,69,4,1,48,1,1,76,0.002,0.000,,,,,NVIDIA A100-SXM4-40GB MIG 4g.20gb (0),1,,13,"void ch_est::windowedChEstPreNoDftSOfdmKernel<float, __half, float, (unsigned int)2, (unsigned int)1, (unsigned short)4>(ch_est::puschRxChEstStatDescr_t *, ch_est::puschRxChEstDynDescr_t *)"
5026532478,6432,335545,137,2,1,24,2,1,44,0.001,0.001,,,,,NVIDIA A100-SXM4-40GB MIG 4g.20gb (0),1,,13,"void ch_est::chEstFilterNoDftSOfdmDispatchKernel<float, __half, float, (unsigned int)2>(ch_est::puschRxChEstStatDescr_t *, ch_est::puschRxChEstDynDescr_t *)"
5026548606,4768,335546,137,2,1,24,2,1,44,0.001,0.001,,,,,NVIDIA A100-SXM4-40GB MIG 4g.20gb (0),1,,13,"void ch_est::chEstFilterNoDftSOfdmDispatchKernel<float, __half, float, (unsigned int)2>(ch_est::puschRxChEstStatDescr_t *, ch_est::puschRxChEstDynDescr_t *)"
5026572317,2624,335557,103,1,1,128,1,1,16,0.000,0.000,,,,,NVIDIA A100-SXM4-40GB MIG 4g.20gb (0),1,,13,cupy_copy__complex64_complex64
5026592093,12448,335567,1434,1,1,128,1,1,16,0.000,0.000,,,,,NVIDIA A100-SXM4-40GB MIG 4g.20gb (0),1,,13,cupy_copy__complex64_complex64
5026612509,2912,335574,103,1,1,128,1,1,16,0.000,0.000,,,,,NVIDIA A100-SXM4-40GB MIG 4g.20gb (0),1,,13,cupy_copy__complex64_complex64
5026637853,90910,335581,1,1,1,32,32,1,30,0.000,0.000,,,,,NVIDIA A100-SXM4-40GB MIG 4g.20gb (0),1,,13,"void convert_kernel<__half2, float2>(tensor_layout_any, T1 *, tensor_layout_any, const T2 *)"
5026762683,27648,335584,,,,,,,,,,0.094,3388.797,Pinned,Device,NVIDIA A100-SXM4-40GB MIG 4g.20gb (0),1,,13,[CUDA memcpy Host-to-Device]
5026811610,47648,335585,,,,,,,,,,35.810,751542.791,Device,,NVIDIA A100-SXM4-40GB MIG 4g.20gb (0),1,,13,[CUDA memset]
5026862682,13312,335587,,,,,,,,,,0.000,6.010,Pinned,Device,NVIDIA A100-SXM4-40GB MIG 4g.20gb (0),1,,13,[CUDA memcpy Host-to-Device]
5026883098,35263,335588,,,,,,,,,,0.197,5575.410,Pinned,Device,NVIDIA A100-SXM4-40GB MIG 4g.20gb (0),1,,13,[CUDA memcpy Host-to-Device]
5026939801,9376,335589,273,1,1,48,1,1,40,0.000,0.001,,,,,NVIDIA A100-SXM4-40GB MIG 4g.20gb (0),1,,13,"void pusch_noise_intf_est::noiseIntfEstNoDftSOfdmKernel<float, __half, float, float, (unsigned int)2, (unsigned int)1, (unsigned char)4, (unsigned char)4>(pusch_noise_intf_est::puschRxNoiseIntfEstDynDescr)"
5026954617,2624,335600,35,1,1,128,1,1,16,0.000,0.000,,,,,NVIDIA A100-SXM4-40GB MIG 4g.20gb (0),1,,13,cupy_copy__complex64_complex64
5026967128,1696,335609,1,1,1,1,1,1,18,0.000,0.000,,,,,NVIDIA A100-SXM4-40GB MIG 4g.20gb (0),1,,13,cupy_copy__float32_float32
5026977080,7680,335615,,,,,,,,,,0.000,0.521,Device,Pageable,NVIDIA A100-SXM4-40GB MIG 4g.20gb (0),1,,7,[CUDA memcpy Device-to-Host]
5027057559,13088,335626,1434,1,1,128,1,1,16,0.000,0.000,,,,,NVIDIA A100-SXM4-40GB MIG 4g.20gb (0),1,,13,cupy_copy__complex64_complex64
5027086999,2880,335633,103,1,1,128,1,1,16,0.000,0.000,,,,,NVIDIA A100-SXM4-40GB MIG 4g.20gb (0),1,,13,cupy_copy__complex64_complex64
5027108343,2464,335640,35,1,1,128,1,1,16,0.000,0.000,,,,,NVIDIA A100-SXM4-40GB MIG 4g.20gb (0),1,,13,cupy_copy__complex64_complex64
5027124215,1888,335647,1,1,1,1,1,1,18,0.000,0.000,,,,,NVIDIA A100-SXM4-40GB MIG 4g.20gb (0),1,,13,cupy_copy__float32_float32
5027250069,83487,335658,1,1,1,32,32,1,30,0.000,0.000,,,,,NVIDIA A100-SXM4-40GB MIG 4g.20gb (0),1,,13,"void convert_kernel<__half2, float2>(tensor_layout_any, T1 *, tensor_layout_any, const T2 *)"
5027361300,6112,335661,,,,,,,,,,0.094,15329.790,Pinned,Device,NVIDIA A100-SXM4-40GB MIG 4g.20gb (0),1,,13,[CUDA memcpy Host-to-Device]
5027375379,3392,335662,,,,,,,,,,1.547,455961.768,Device,,NVIDIA A100-SXM4-40GB MIG 4g.20gb (0),1,,13,[CUDA memset]
5027382227,3520,335667,,,,,,,,,,0.031,8890.881,Pinned,Device,NVIDIA A100-SXM4-40GB MIG 4g.20gb (0),1,,13,[CUDA memcpy Host-to-Device]
5027388659,9568,335668,,,,,,,,,,0.197,20548.485,Pinned,Device,NVIDIA A100-SXM4-40GB MIG 4g.20gb (0),1,,13,[CUDA memcpy Host-to-Device]
5027401587,6496,335669,273,1,1,8,4,1,39,0.002,0.000,,,,,NVIDIA A100-SXM4-40GB MIG 4g.20gb (0),1,,13,"void channel_eq::eqMmseCoefCompLowMimoKernel<float, float, float, (unsigned int)4, (unsigned int)1, (unsigned int)4>(const channel_eq::_puschRxChEqStatDescr *, channel_eq::_puschRxChEqCoefCompDynDescr)"
5027409171,5824,335670,273,1,1,12,11,1,51,0.002,0.000,,,,,NVIDIA A100-SXM4-40GB MIG 4g.20gb (0),1,,13,"void channel_eq::eqMmseSoftDemapKernel<float, __half, __half, float, (unsigned int)4, (unsigned short)16383>(channel_eq::_puschRxChEqStatDescr *, channel_eq::_puschRxChEqSoftDemapDynDescr)"
5027417203,283516,335671,1,1,1,32,32,1,30,0.000,0.000,,,,,NVIDIA A100-SXM4-40GB MIG 4g.20gb (0),1,,13,"void convert_kernel<float2, __half2>(tensor_layout_any, T1 *, tensor_layout_any, const T2 *)"
5027702575,10944,335683,2253,1,1,128,1,1,16,0.000,0.000,,,,,NVIDIA A100-SXM4-40GB MIG 4g.20gb (0),1,,13,cupy_copy__float16_float16
5027716975,3488,335692,282,1,1,128,1,1,16,0.000,0.000,,,,,NVIDIA A100-SXM4-40GB MIG 4g.20gb (0),1,,13,cupy_copy__complex64_complex64
5027722191,2528,335701,26,1,1,128,1,1,16,0.000,0.000,,,,,NVIDIA A100-SXM4-40GB MIG 4g.20gb (0),1,,13,cupy_copy__float32_float32
5027728847,3104,335710,103,1,1,128,1,1,16,0.000,0.000,,,,,NVIDIA A100-SXM4-40GB MIG 4g.20gb (0),1,,13,cupy_copy__complex64_complex64
5027735055,12032,335720,1434,1,1,128,1,1,16,0.000,0.000,,,,,NVIDIA A100-SXM4-40GB MIG 4g.20gb (0),1,,13,cupy_copy__complex64_complex64
5027752143,81599,335725,1,1,1,32,32,1,30,0.000,0.000,,,,,NVIDIA A100-SXM4-40GB MIG 4g.20gb (0),1,,13,"void convert_kernel<__half2, float2>(tensor_layout_any, T1 *, tensor_layout_any, const T2 *)"
5027861133,5824,335728,,,,,,,,,,0.094,16087.884,Pinned,Device,NVIDIA A100-SXM4-40GB MIG 4g.20gb (0),1,,13,[CUDA memcpy Host-to-Device]
5027871821,598009,335729,,,,,,,,,,456.561,763370.728,Device,,NVIDIA A100-SXM4-40GB MIG 4g.20gb (0),1,,13,[CUDA memset]
5028474950,164350,335734,,,,,,,,,,1.235,7513.399,Pinned,Device,NVIDIA A100-SXM4-40GB MIG 4g.20gb (0),1,,13,[CUDA memcpy Host-to-Device]
5028648068,39327,335735,,,,,,,,,,0.197,4999.152,Pinned,Device,NVIDIA A100-SXM4-40GB MIG 4g.20gb (0),1,,13,[CUDA memcpy Host-to-Device]
5028708579,8064,335736,69,4,1,48,1,1,76,0.002,0.000,,,,,NVIDIA A100-SXM4-40GB MIG 4g.20gb (0),1,,13,"void ch_est::windowedChEstPreNoDftSOfdmKernel<float, __half, float, (unsigned int)2, (unsigned int)1, (unsigned short)4>(ch_est::puschRxChEstStatDescr_t *, ch_est::puschRxChEstDynDescr_t *)"
5028724131,6688,335737,137,2,1,24,2,1,44,0.001,0.001,,,,,NVIDIA A100-SXM4-40GB MIG 4g.20gb (0),1,,13,"void ch_est::chEstFilterNoDftSOfdmDispatchKernel<float, __half, float, (unsigned int)2>(ch_est::puschRxChEstStatDescr_t *, ch_est::puschRxChEstDynDescr_t *)"
5028739747,4800,335738,137,2,1,24,2,1,44,0.001,0.001,,,,,NVIDIA A100-SXM4-40GB MIG 4g.20gb (0),1,,13,"void ch_est::chEstFilterNoDftSOfdmDispatchKernel<float, __half, float, (unsigned int)2>(ch_est::puschRxChEstStatDescr_t *, ch_est::puschRxChEstDynDescr_t *)"
5028753122,2688,335749,103,1,1,128,1,1,16,0.000,0.000,,,,,NVIDIA A100-SXM4-40GB MIG 4g.20gb (0),1,,13,cupy_copy__complex64_complex64
5028766274,12640,335759,1434,1,1,128,1,1,16,0.000,0.000,,,,,NVIDIA A100-SXM4-40GB MIG 4g.20gb (0),1,,13,cupy_copy__complex64_complex64
5028796034,2464,335766,103,1,1,128,1,1,16,0.000,0.000,,,,,NVIDIA A100-SXM4-40GB MIG 4g.20gb (0),1,,13,cupy_copy__complex64_complex64
5028808610,87999,335773,1,1,1,32,32,1,30,0.000,0.000,,,,,NVIDIA A100-SXM4-40GB MIG 4g.20gb (0),1,,13,"void convert_kernel<__half2, float2>(tensor_layout_any, T1 *, tensor_layout_any, const T2 *)"
5028927232,17088,335776,,,,,,,,,,0.094,5483.090,Pinned,Device,NVIDIA A100-SXM4-40GB MIG 4g.20gb (0),1,,13,[CUDA memcpy Host-to-Device]
5028965152,46943,335777,,,,,,,,,,35.810,762822.916,Device,,NVIDIA A100-SXM4-40GB MIG 4g.20gb (0),1,,13,[CUDA memset]
5029020639,8928,335779,,,,,,,,,,0.000,8.961,Pinned,Device,NVIDIA A100-SXM4-40GB MIG 4g.20gb (0),1,,13,[CUDA memcpy Host-to-Device]
5029042815,28800,335780,,,,,,,,,,0.197,6826.623,Pinned,Device,NVIDIA A100-SXM4-40GB MIG 4g.20gb (0),1,,13,[CUDA memcpy Host-to-Device]
5029101950,10016,335781,273,1,1,48,1,1,40,0.000,0.001,,,,,NVIDIA A100-SXM4-40GB MIG 4g.20gb (0),1,,13,"void pusch_noise_intf_est::noiseIntfEstNoDftSOfdmKernel<float, __half, float, float, (unsigned int)2, (unsigned int)1, (unsigned char)4, (unsigned char)4>(pusch_noise_intf_est::puschRxNoiseIntfEstDynDescr)"
5029118398,2784,335792,35,1,1,128,1,1,16,0.000,0.000,,,,,NVIDIA A100-SXM4-40GB MIG 4g.20gb (0),1,,13,cupy_copy__complex64_complex64
5029135294,1664,335801,1,1,1,1,1,1,18,0.000,0.000,,,,,NVIDIA A100-SXM4-40GB MIG 4g.20gb (0),1,,13,cupy_copy__float32_float32
5029143518,8000,335807,,,,,,,,,,0.000,0.500,Device,Pageable,NVIDIA A100-SXM4-40GB MIG 4g.20gb (0),1,,7,[CUDA memcpy Device-to-Host]
5029241948,12928,335818,1434,1,1,128,1,1,16,0.000,0.000,,,,,NVIDIA A100-SXM4-40GB MIG 4g.20gb (0),1,,13,cupy_copy__complex64_complex64
5029265180,3424,335825,103,1,1,128,1,1,16,0.000,0.000,,,,,NVIDIA A100-SXM4-40GB MIG 4g.20gb (0),1,,13,cupy_copy__complex64_complex64
5029288028,2560,335832,35,1,1,128,1,1,16,0.000,0.000,,,,,NVIDIA A100-SXM4-40GB MIG 4g.20gb (0),1,,13,cupy_copy__complex64_complex64
5029307196,1728,335839,1,1,1,1,1,1,18,0.000,0.000,,,,,NVIDIA A100-SXM4-40GB MIG 4g.20gb (0),1,,13,cupy_copy__float32_float32
5029431610,86783,335850,1,1,1,32,32,1,30,0.000,0.000,,,,,NVIDIA A100-SXM4-40GB MIG 4g.20gb (0),1,,13,"void convert_kernel<__half2, float2>(tensor_layout_any, T1 *, tensor_layout_any, const T2 *)"
5029547609,13632,335853,,,,,,,,,,0.094,6873.164,Pinned,Device,NVIDIA A100-SXM4-40GB MIG 4g.20gb (0),1,,13,[CUDA memcpy Host-to-Device]
5029572120,3616,335854,,,,,,,,,,1.547,427715.774,Device,,NVIDIA A100-SXM4-40GB MIG 4g.20gb (0),1,,13,[CUDA memset]
5029577848,7680,335859,,,,,,,,,,0.031,4074.990,Pinned,Device,NVIDIA A100-SXM4-40GB MIG 4g.20gb (0),1,,13,[CUDA memcpy Host-to-Device]
5029588440,17952,335860,,,,,,,,,,0.197,10951.852,Pinned,Device,NVIDIA A100-SXM4-40GB MIG 4g.20gb (0),1,,13,[CUDA memcpy Host-to-Device]
5029618168,8320,335861,273,1,1,8,4,1,39,0.002,0.000,,,,,NVIDIA A100-SXM4-40GB MIG 4g.20gb (0),1,,13,"void channel_eq::eqMmseCoefCompLowMimoKernel<float, float, float, (unsigned int)4, (unsigned int)1, (unsigned int)4>(const channel_eq::_puschRxChEqStatDescr *, channel_eq::_puschRxChEqCoefCompDynDescr)"
5029633080,7744,335862,273,1,1,12,11,1,51,0.002,0.000,,,,,NVIDIA A100-SXM4-40GB MIG 4g.20gb (0),1,,13,"void channel_eq::eqMmseSoftDemapKernel<float, __half, __half, float, (unsigned int)4, (unsigned short)16383>(channel_eq::_puschRxChEqStatDescr *, channel_eq::_puschRxChEqSoftDemapDynDescr)"
5029647959,290333,335863,1,1,1,32,32,1,30,0.000,0.000,,,,,NVIDIA A100-SXM4-40GB MIG 4g.20gb (0),1,,13,"void convert_kernel<float2, __half2>(tensor_layout_any, T1 *, tensor_layout_any, const T2 *)"
5029939284,10816,335875,2253,1,1,128,1,1,16,0.000,0.000,,,,,NVIDIA A100-SXM4-40GB MIG 4g.20gb (0),1,,13,cupy_copy__float16_float16
5029952052,3712,335884,282,1,1,128,1,1,16,0.000,0.000,,,,,NVIDIA A100-SXM4-40GB MIG 4g.20gb (0),1,,13,cupy_copy__complex64_complex64
5029959860,2272,335893,26,1,1,128,1,1,16,0.000,0.000,,,,,NVIDIA A100-SXM4-40GB MIG 4g.20gb (0),1,,13,cupy_copy__float32_float32
5029965204,3135,335902,103,1,1,128,1,1,16,0.000,0.000,,,,,NVIDIA A100-SXM4-40GB MIG 4g.20gb (0),1,,13,cupy_copy__complex64_complex64
5029969427,12064,335912,1434,1,1,128,1,1,16,0.000,0.000,,,,,NVIDIA A100-SXM4-40GB MIG 4g.20gb (0),1,,13,cupy_copy__complex64_complex64
5029986003,87327,335917,1,1,1,32,32,1,30,0.000,0.000,,,,,NVIDIA A100-SXM4-40GB MIG 4g.20gb (0),1,,13,"void convert_kernel<__half2, float2>(tensor_layout_any, T1 *, tensor_layout_any, const T2 *)"
5030100978,5952,335920,,,,,,,,,,0.094,15741.865,Pinned,Device,NVIDIA A100-SXM4-40GB MIG 4g.20gb (0),1,,13,[CUDA memcpy Host-to-Device]
5030111858,597016,335921,,,,,,,,,,456.561,764283.851,Device,,NVIDIA A100-SXM4-40GB MIG 4g.20gb (0),1,,13,[CUDA memset]
5030710890,128863,335926,,,,,,,,,,1.235,9583.165,Pinned,Device,NVIDIA A100-SXM4-40GB MIG 4g.20gb (0),1,,13,[CUDA memcpy Host-to-Device]
5030848553,19647,335927,,,,,,,,,,0.197,10006.954,Pinned,Device,NVIDIA A100-SXM4-40GB MIG 4g.20gb (0),1,,13,[CUDA memcpy Host-to-Device]
5030885384,9152,335928,69,4,1,48,1,1,76,0.002,0.000,,,,,NVIDIA A100-SXM4-40GB MIG 4g.20gb (0),1,,13,"void ch_est::windowedChEstPreNoDftSOfdmKernel<float, __half, float, (unsigned int)2, (unsigned int)1, (unsigned short)4>(ch_est::puschRxChEstStatDescr_t *, ch_est::puschRxChEstDynDescr_t *)"
5030902248,7552,335929,137,2,1,24,2,1,44,0.001,0.001,,,,,NVIDIA A100-SXM4-40GB MIG 4g.20gb (0),1,,13,"void ch_est::chEstFilterNoDftSOfdmDispatchKernel<float, __half, float, (unsigned int)2>(ch_est::puschRxChEstStatDescr_t *, ch_est::puschRxChEstDynDescr_t *)"
5030916648,5024,335930,137,2,1,24,2,1,44,0.001,0.001,,,,,NVIDIA A100-SXM4-40GB MIG 4g.20gb (0),1,,13,"void ch_est::chEstFilterNoDftSOfdmDispatchKernel<float, __half, float, (unsigned int)2>(ch_est::puschRxChEstStatDescr_t *, ch_est::puschRxChEstDynDescr_t *)"
5030925000,2624,335941,103,1,1,128,1,1,16,0.000,0.000,,,,,NVIDIA A100-SXM4-40GB MIG 4g.20gb (0),1,,13,cupy_copy__complex64_complex64
5030932584,12735,335951,1434,1,1,128,1,1,16,0.000,0.000,,,,,NVIDIA A100-SXM4-40GB MIG 4g.20gb (0),1,,13,cupy_copy__complex64_complex64
5030947943,3168,335958,103,1,1,128,1,1,16,0.000,0.000,,,,,NVIDIA A100-SXM4-40GB MIG 4g.20gb (0),1,,13,cupy_copy__complex64_complex64
5030955943,91935,335965,1,1,1,32,32,1,30,0.000,0.000,,,,,NVIDIA A100-SXM4-40GB MIG 4g.20gb (0),1,,13,"void convert_kernel<__half2, float2>(tensor_layout_any, T1 *, tensor_layout_any, const T2 *)"
5031078950,9952,335968,,,,,,,,,,0.094,9414.761,Pinned,Device,NVIDIA A100-SXM4-40GB MIG 4g.20gb (0),1,,13,[CUDA memcpy Host-to-Device]
5031098214,47327,335969,,,,,,,,,,35.810,756627.800,Device,,NVIDIA A100-SXM4-40GB MIG 4g.20gb (0),1,,13,[CUDA memset]
5031152901,4896,335971,,,,,,,,,,0.000,16.340,Pinned,Device,NVIDIA A100-SXM4-40GB MIG 4g.20gb (0),1,,13,[CUDA memcpy Host-to-Device]
5031166213,22527,335972,,,,,,,,,,0.197,8727.626,Pinned,Device,NVIDIA A100-SXM4-40GB MIG 4g.20gb (0),1,,13,[CUDA memcpy Host-to-Device]
5031203204,11360,335973,273,1,1,48,1,1,40,0.000,0.001,,,,,NVIDIA A100-SXM4-40GB MIG 4g.20gb (0),1,,13,"void pusch_noise_intf_est::noiseIntfEstNoDftSOfdmKernel<float, __half, float, float, (unsigned int)2, (unsigned int)1, (unsigned char)4, (unsigned char)4>(pusch_noise_intf_est::puschRxNoiseIntfEstDynDescr)"
5031222628,2688,335984,35,1,1,128,1,1,16,0.000,0.000,,,,,NVIDIA A100-SXM4-40GB MIG 4g.20gb (0),1,,13,cupy_copy__complex64_complex64
5031232388,1696,335993,1,1,1,1,1,1,18,0.000,0.000,,,,,NVIDIA A100-SXM4-40GB MIG 4g.20gb (0),1,,13,cupy_copy__float32_float32
5031240964,2784,335999,,,,,,,,,,0.000,1.437,Device,Pageable,NVIDIA A100-SXM4-40GB MIG 4g.20gb (0),1,,7,[CUDA memcpy Device-to-Host]
5031306947,12672,336010,1434,1,1,128,1,1,16,0.000,0.000,,,,,NVIDIA A100-SXM4-40GB MIG 4g.20gb (0),1,,13,cupy_copy__complex64_complex64
5031333443,2752,336017,103,1,1,128,1,1,16,0.000,0.000,,,,,NVIDIA A100-SXM4-40GB MIG 4g.20gb (0),1,,13,cupy_copy__complex64_complex64
5031356290,2176,336024,35,1,1,128,1,1,16,0.000,0.000,,,,,NVIDIA A100-SXM4-40GB MIG 4g.20gb (0),1,,13,cupy_copy__complex64_complex64
5031373538,2048,336031,1,1,1,1,1,1,18,0.000,0.000,,,,,NVIDIA A100-SXM4-40GB MIG 4g.20gb (0),1,,13,cupy_copy__float32_float32
5031506657,82559,336042,1,1,1,32,32,1,30,0.000,0.000,,,,,NVIDIA A100-SXM4-40GB MIG 4g.20gb (0),1,,13,"void convert_kernel<__half2, float2>(tensor_layout_any, T1 *, tensor_layout_any, const T2 *)"
5031617247,5600,336045,,,,,,,,,,0.094,16731.388,Pinned,Device,NVIDIA A100-SXM4-40GB MIG 4g.20gb (0),1,,13,[CUDA memcpy Host-to-Device]
5031631039,3360,336046,,,,,,,,,,1.547,460304.688,Device,,NVIDIA A100-SXM4-40GB MIG 4g.20gb (0),1,,13,[CUDA memset]
5031638047,3392,336051,,,,,,,,,,0.031,9226.405,Pinned,Device,NVIDIA A100-SXM4-40GB MIG 4g.20gb (0),1,,13,[CUDA memcpy Host-to-Device]
5031644287,9472,336052,,,,,,,,,,0.197,20756.693,Pinned,Device,NVIDIA A100-SXM4-40GB MIG 4g.20gb (0),1,,13,[CUDA memcpy Host-to-Device]
5031661471,8032,336053,273,1,1,8,4,1,39,0.002,0.000,,,,,NVIDIA A100-SXM4-40GB MIG 4g.20gb (0),1,,13,"void channel_eq::eqMmseCoefCompLowMimoKernel<float, float, float, (unsigned int)4, (unsigned int)1, (unsigned int)4>(const channel_eq::_puschRxChEqStatDescr *, channel_eq::_puschRxChEqCoefCompDynDescr)"
5031671551,6079,336054,273,1,1,12,11,1,51,0.002,0.000,,,,,NVIDIA A100-SXM4-40GB MIG 4g.20gb (0),1,,13,"void channel_eq::eqMmseSoftDemapKernel<float, __half, __half, float, (unsigned int)4, (unsigned short)16383>(channel_eq::_puschRxChEqStatDescr *, channel_eq::_puschRxChEqSoftDemapDynDescr)"
5031680702,282301,336055,1,1,1,32,32,1,30,0.000,0.000,,,,,NVIDIA A100-SXM4-40GB MIG 4g.20gb (0),1,,13,"void convert_kernel<float2, __half2>(tensor_layout_any, T1 *, tensor_layout_any, const T2 *)"
5031964123,10976,336067,2253,1,1,128,1,1,16,0.000,0.000,,,,,NVIDIA A100-SXM4-40GB MIG 4g.20gb (0),1,,13,cupy_copy__float16_float16
5031978235,3680,336076,282,1,1,128,1,1,16,0.000,0.000,,,,,NVIDIA A100-SXM4-40GB MIG 4g.20gb (0),1,,13,cupy_copy__complex64_complex64
5031984827,2336,336085,26,1,1,128,1,1,16,0.000,0.000,,,,,NVIDIA A100-SXM4-40GB MIG 4g.20gb (0),1,,13,cupy_copy__float32_float32
5031988123,2816,336094,103,1,1,128,1,1,16,0.000,0.000,,,,,NVIDIA A100-SXM4-40GB MIG 4g.20gb (0),1,,13,cupy_copy__complex64_complex64
5031991963,11839,336104,1434,1,1,128,1,1,16,0.000,0.000,,,,,NVIDIA A100-SXM4-40GB MIG 4g.20gb (0),1,,13,cupy_copy__complex64_complex64
5032011674,82431,336109,1,1,1,32,32,1,30,0.000,0.000,,,,,NVIDIA A100-SXM4-40GB MIG 4g.20gb (0),1,,13,"void convert_kernel<__half2, float2>(tensor_layout_any, T1 *, tensor_layout_any, const T2 *)"
5032120729,5472,336112,,,,,,,,,,0.094,17122.757,Pinned,Device,NVIDIA A100-SXM4-40GB MIG 4g.20gb (0),1,,13,[CUDA memcpy Host-to-Device]
5032131417,597912,336113,,,,,,,,,,456.561,763370.728,Device,,NVIDIA A100-SXM4-40GB MIG 4g.20gb (0),1,,13,[CUDA memset]
5032730993,159742,336118,,,,,,,,,,1.235,7730.749,Pinned,Device,NVIDIA A100-SXM4-40GB MIG 4g.20gb (0),1,,13,[CUDA memcpy Host-to-Device]
5032904335,41728,336119,,,,,,,,,,0.197,4711.514,Pinned,Device,NVIDIA A100-SXM4-40GB MIG 4g.20gb (0),1,,13,[CUDA memcpy Host-to-Device]
5032963439,8255,336120,69,4,1,48,1,1,76,0.002,0.000,,,,,NVIDIA A100-SXM4-40GB MIG 4g.20gb (0),1,,13,"void ch_est::windowedChEstPreNoDftSOfdmKernel<float, __half, float, (unsigned int)2, (unsigned int)1, (unsigned short)4>(ch_est::puschRxChEstStatDescr_t *, ch_est::puschRxChEstDynDescr_t *)"
5032982766,6592,336121,137,2,1,24,2,1,44,0.001,0.001,,,,,NVIDIA A100-SXM4-40GB MIG 4g.20gb (0),1,,13,"void ch_est::chEstFilterNoDftSOfdmDispatchKernel<float, __half, float, (unsigned int)2>(ch_est::puschRxChEstStatDescr_t *, ch_est::puschRxChEstDynDescr_t *)"
5032999214,4736,336122,137,2,1,24,2,1,44,0.001,0.001,,,,,NVIDIA A100-SXM4-40GB MIG 4g.20gb (0),1,,13,"void ch_est::chEstFilterNoDftSOfdmDispatchKernel<float, __half, float, (unsigned int)2>(ch_est::puschRxChEstStatDescr_t *, ch_est::puschRxChEstDynDescr_t *)"
5033015086,2496,336133,103,1,1,128,1,1,16,0.000,0.000,,,,,NVIDIA A100-SXM4-40GB MIG 4g.20gb (0),1,,13,cupy_copy__complex64_complex64
5033029166,12576,336143,1434,1,1,128,1,1,16,0.000,0.000,,,,,NVIDIA A100-SXM4-40GB MIG 4g.20gb (0),1,,13,cupy_copy__complex64_complex64
5033060301,2624,336150,103,1,1,128,1,1,16,0.000,0.000,,,,,NVIDIA A100-SXM4-40GB MIG 4g.20gb (0),1,,13,cupy_copy__complex64_complex64
5033073165,86015,336157,1,1,1,32,32,1,30,0.000,0.000,,,,,NVIDIA A100-SXM4-40GB MIG 4g.20gb (0),1,,13,"void convert_kernel<__half2, float2>(tensor_layout_any, T1 *, tensor_layout_any, const T2 *)"
5033188140,13472,336160,,,,,,,,,,0.094,6954.867,Pinned,Device,NVIDIA A100-SXM4-40GB MIG 4g.20gb (0),1,,13,[CUDA memcpy Host-to-Device]
5033213356,47007,336161,,,,,,,,,,35.810,761784.428,Device,,NVIDIA A100-SXM4-40GB MIG 4g.20gb (0),1,,13,[CUDA memset]
5033265035,3840,336163,,,,,,,,,,0.000,20.833,Pinned,Device,NVIDIA A100-SXM4-40GB MIG 4g.20gb (0),1,,13,[CUDA memcpy Host-to-Device]
5033278155,20959,336164,,,,,,,,,,0.197,9380.561,Pinned,Device,NVIDIA A100-SXM4-40GB MIG 4g.20gb (0),1,,13,[CUDA memcpy Host-to-Device]
5033315210,9952,336165,273,1,1,48,1,1,40,0.000,0.001,,,,,NVIDIA A100-SXM4-40GB MIG 4g.20gb (0),1,,13,"void pusch_noise_intf_est::noiseIntfEstNoDftSOfdmKernel<float, __half, float, float, (unsigned int)2, (unsigned int)1, (unsigned char)4, (unsigned char)4>(pusch_noise_intf_est::puschRxNoiseIntfEstDynDescr)"
5033335306,2912,336176,35,1,1,128,1,1,16,0.000,0.000,,,,,NVIDIA A100-SXM4-40GB MIG 4g.20gb (0),1,,13,cupy_copy__complex64_complex64
5033345226,1696,336185,1,1,1,1,1,1,18,0.000,0.000,,,,,NVIDIA A100-SXM4-40GB MIG 4g.20gb (0),1,,13,cupy_copy__float32_float32
5033350378,3136,336191,,,,,,,,,,0.000,1.276,Device,Pageable,NVIDIA A100-SXM4-40GB MIG 4g.20gb (0),1,,7,[CUDA memcpy Device-to-Host]
5033432905,12800,336202,1434,1,1,128,1,1,16,0.000,0.000,,,,,NVIDIA A100-SXM4-40GB MIG 4g.20gb (0),1,,13,cupy_copy__complex64_complex64
5033450953,2880,336209,103,1,1,128,1,1,16,0.000,0.000,,,,,NVIDIA A100-SXM4-40GB MIG 4g.20gb (0),1,,13,cupy_copy__complex64_complex64
5033473160,2688,336216,35,1,1,128,1,1,16,0.000,0.000,,,,,NVIDIA A100-SXM4-40GB MIG 4g.20gb (0),1,,13,cupy_copy__complex64_complex64
5033496296,1792,336223,1,1,1,1,1,1,18,0.000,0.000,,,,,NVIDIA A100-SXM4-40GB MIG 4g.20gb (0),1,,13,cupy_copy__float32_float32
5033625094,88959,336234,1,1,1,32,32,1,30,0.000,0.000,,,,,NVIDIA A100-SXM4-40GB MIG 4g.20gb (0),1,,13,"void convert_kernel<__half2, float2>(tensor_layout_any, T1 *, tensor_layout_any, const T2 *)"
5033741637,5664,336237,,,,,,,,,,0.094,16542.310,Pinned,Device,NVIDIA A100-SXM4-40GB MIG 4g.20gb (0),1,,13,[CUDA memcpy Host-to-Device]
5033755845,3232,336238,,,,,,,,,,1.547,478533.199,Device,,NVIDIA A100-SXM4-40GB MIG 4g.20gb (0),1,,13,[CUDA memset]
5033765125,3328,336243,,,,,,,,,,0.031,9403.822,Pinned,Device,NVIDIA A100-SXM4-40GB MIG 4g.20gb (0),1,,13,[CUDA memcpy Host-to-Device]
5033770885,9696,336244,,,,,,,,,,0.197,20277.166,Pinned,Device,NVIDIA A100-SXM4-40GB MIG 4g.20gb (0),1,,13,[CUDA memcpy Host-to-Device]
5033786372,7424,336245,273,1,1,8,4,1,39,0.002,0.000,,,,,NVIDIA A100-SXM4-40GB MIG 4g.20gb (0),1,,13,"void channel_eq::eqMmseCoefCompLowMimoKernel<float, float, float, (unsigned int)4, (unsigned int)1, (unsigned int)4>(const channel_eq::_puschRxChEqStatDescr *, channel_eq::_puschRxChEqCoefCompDynDescr)"
5033798404,5664,336246,273,1,1,12,11,1,51,0.002,0.000,,,,,NVIDIA A100-SXM4-40GB MIG 4g.20gb (0),1,,13,"void channel_eq::eqMmseSoftDemapKernel<float, __half, __half, float, (unsigned int)4, (unsigned short)16383>(channel_eq::_puschRxChEqStatDescr *, channel_eq::_puschRxChEqSoftDemapDynDescr)"
5033805604,290109,336247,1,1,1,32,32,1,30,0.000,0.000,,,,,NVIDIA A100-SXM4-40GB MIG 4g.20gb (0),1,,13,"void convert_kernel<float2, __half2>(tensor_layout_any, T1 *, tensor_layout_any, const T2 *)"
5034096993,11007,336259,2253,1,1,128,1,1,16,0.000,0.000,,,,,NVIDIA A100-SXM4-40GB MIG 4g.20gb (0),1,,13,cupy_copy__float16_float16
5034112704,3328,336268,282,1,1,128,1,1,16,0.000,0.000,,,,,NVIDIA A100-SXM4-40GB MIG 4g.20gb (0),1,,13,cupy_copy__complex64_complex64
5034117312,2016,336277,26,1,1,128,1,1,16,0.000,0.000,,,,,NVIDIA A100-SXM4-40GB MIG 4g.20gb (0),1,,13,cupy_copy__float32_float32
5034121376,3040,336286,103,1,1,128,1,1,16,0.000,0.000,,,,,NVIDIA A100-SXM4-40GB MIG 4g.20gb (0),1,,13,cupy_copy__complex64_complex64
5034127392,12160,336296,1434,1,1,128,1,1,16,0.000,0.000,,,,,NVIDIA A100-SXM4-40GB MIG 4g.20gb (0),1,,13,cupy_copy__complex64_complex64
5034141440,81791,336301,1,1,1,32,32,1,30,0.000,0.000,,,,,NVIDIA A100-SXM4-40GB MIG 4g.20gb (0),1,,13,"void convert_kernel<__half2, float2>(tensor_layout_any, T1 *, tensor_layout_any, const T2 *)"
5034250303,5632,336304,,,,,,,,,,0.094,16636.287,Pinned,Device,NVIDIA A100-SXM4-40GB MIG 4g.20gb (0),1,,13,[CUDA memcpy Host-to-Device]
5034261119,597336,336305,,,,,,,,,,456.561,764283.851,Device,,NVIDIA A100-SXM4-40GB MIG 4g.20gb (0),1,,13,[CUDA memset]
5034868759,181598,336310,,,,,,,,,,1.235,6799.602,Pinned,Device,NVIDIA A100-SXM4-40GB MIG 4g.20gb (0),1,,13,[CUDA memcpy Host-to-Device]
5035058837,31007,336311,,,,,,,,,,0.197,6340.608,Pinned,Device,NVIDIA A100-SXM4-40GB MIG 4g.20gb (0),1,,13,[CUDA memcpy Host-to-Device]
5035102324,8064,336312,69,4,1,48,1,1,76,0.002,0.000,,,,,NVIDIA A100-SXM4-40GB MIG 4g.20gb (0),1,,13,"void ch_est::windowedChEstPreNoDftSOfdmKernel<float, __half, float, (unsigned int)2, (unsigned int)1, (unsigned short)4>(ch_est::puschRxChEstStatDescr_t *, ch_est::puschRxChEstDynDescr_t *)"
5035118324,6944,336313,137,2,1,24,2,1,44,0.001,0.001,,,,,NVIDIA A100-SXM4-40GB MIG 4g.20gb (0),1,,13,"void ch_est::chEstFilterNoDftSOfdmDispatchKernel<float, __half, float, (unsigned int)2>(ch_est::puschRxChEstStatDescr_t *, ch_est::puschRxChEstDynDescr_t *)"
5035130996,4768,336314,137,2,1,24,2,1,44,0.001,0.001,,,,,NVIDIA A100-SXM4-40GB MIG 4g.20gb (0),1,,13,"void ch_est::chEstFilterNoDftSOfdmDispatchKernel<float, __half, float, (unsigned int)2>(ch_est::puschRxChEstStatDescr_t *, ch_est::puschRxChEstDynDescr_t *)"
5035144340,2688,336325,103,1,1,128,1,1,16,0.000,0.000,,,,,NVIDIA A100-SXM4-40GB MIG 4g.20gb (0),1,,13,cupy_copy__complex64_complex64
5035159924,12447,336335,1434,1,1,128,1,1,16,0.000,0.000,,,,,NVIDIA A100-SXM4-40GB MIG 4g.20gb (0),1,,13,cupy_copy__complex64_complex64
5035183859,2560,336342,103,1,1,128,1,1,16,0.000,0.000,,,,,NVIDIA A100-SXM4-40GB MIG 4g.20gb (0),1,,13,cupy_copy__complex64_complex64
5035199827,81663,336349,1,1,1,32,32,1,30,0.000,0.000,,,,,NVIDIA A100-SXM4-40GB MIG 4g.20gb (0),1,,13,"void convert_kernel<__half2, float2>(tensor_layout_any, T1 *, tensor_layout_any, const T2 *)"
5035311442,8384,336352,,,,,,,,,,0.094,11175.497,Pinned,Device,NVIDIA A100-SXM4-40GB MIG 4g.20gb (0),1,,13,[CUDA memcpy Host-to-Device]
5035325105,47360,336353,,,,,,,,,,35.810,756090.651,Device,,NVIDIA A100-SXM4-40GB MIG 4g.20gb (0),1,,13,[CUDA memset]
5035377553,4064,336355,,,,,,,,,,0.000,19.685,Pinned,Device,NVIDIA A100-SXM4-40GB MIG 4g.20gb (0),1,,13,[CUDA memcpy Host-to-Device]
5035389041,14624,336356,,,,,,,,,,0.197,13444.055,Pinned,Device,NVIDIA A100-SXM4-40GB MIG 4g.20gb (0),1,,13,[CUDA memcpy Host-to-Device]
5035417712,9664,336357,273,1,1,48,1,1,40,0.000,0.001,,,,,NVIDIA A100-SXM4-40GB MIG 4g.20gb (0),1,,13,"void pusch_noise_intf_est::noiseIntfEstNoDftSOfdmKernel<float, __half, float, float, (unsigned int)2, (unsigned int)1, (unsigned char)4, (unsigned char)4>(pusch_noise_intf_est::puschRxNoiseIntfEstDynDescr)"
5035433136,3168,336368,35,1,1,128,1,1,16,0.000,0.000,,,,,NVIDIA A100-SXM4-40GB MIG 4g.20gb (0),1,,13,cupy_copy__complex64_complex64
5035440784,1984,336377,1,1,1,1,1,1,18,0.000,0.000,,,,,NVIDIA A100-SXM4-40GB MIG 4g.20gb (0),1,,13,cupy_copy__float32_float32
5035464880,4640,336383,,,,,,,,,,0.000,0.862,Device,Pageable,NVIDIA A100-SXM4-40GB MIG 4g.20gb (0),1,,7,[CUDA memcpy Device-to-Host]
5035538415,12736,336394,1434,1,1,128,1,1,16,0.000,0.000,,,,,NVIDIA A100-SXM4-40GB MIG 4g.20gb (0),1,,13,cupy_copy__complex64_complex64
5035570446,3104,336401,103,1,1,128,1,1,16,0.000,0.000,,,,,NVIDIA A100-SXM4-40GB MIG 4g.20gb (0),1,,13,cupy_copy__complex64_complex64
5035589966,2432,336408,35,1,1,128,1,1,16,0.000,0.000,,,,,NVIDIA A100-SXM4-40GB MIG 4g.20gb (0),1,,13,cupy_copy__complex64_complex64
5035602510,1856,336415,1,1,1,1,1,1,18,0.000,0.000,,,,,NVIDIA A100-SXM4-40GB MIG 4g.20gb (0),1,,13,cupy_copy__float32_float32
5035729964,87871,336426,1,1,1,32,32,1,30,0.000,0.000,,,,,NVIDIA A100-SXM4-40GB MIG 4g.20gb (0),1,,13,"void convert_kernel<__half2, float2>(tensor_layout_any, T1 *, tensor_layout_any, const T2 *)"
5035848267,5856,336429,,,,,,,,,,0.094,15999.997,Pinned,Device,NVIDIA A100-SXM4-40GB MIG 4g.20gb (0),1,,13,[CUDA memcpy Host-to-Device]
5035864011,3296,336430,,,,,,,,,,1.547,469242.628,Device,,NVIDIA A100-SXM4-40GB MIG 4g.20gb (0),1,,13,[CUDA memset]
5035869899,3200,336435,,,,,,,,,,0.031,9780.000,Pinned,Device,NVIDIA A100-SXM4-40GB MIG 4g.20gb (0),1,,13,[CUDA memcpy Host-to-Device]
5035875851,9408,336436,,,,,,,,,,0.197,20897.858,Pinned,Device,NVIDIA A100-SXM4-40GB MIG 4g.20gb (0),1,,13,[CUDA memcpy Host-to-Device]
5035890187,6079,336437,273,1,1,8,4,1,39,0.002,0.000,,,,,NVIDIA A100-SXM4-40GB MIG 4g.20gb (0),1,,13,"void channel_eq::eqMmseCoefCompLowMimoKernel<float, float, float, (unsigned int)4, (unsigned int)1, (unsigned int)4>(const channel_eq::_puschRxChEqStatDescr *, channel_eq::_puschRxChEqCoefCompDynDescr)"
5035899658,5856,336438,273,1,1,12,11,1,51,0.002,0.000,,,,,NVIDIA A100-SXM4-40GB MIG 4g.20gb (0),1,,13,"void channel_eq::eqMmseSoftDemapKernel<float, __half, __half, float, (unsigned int)4, (unsigned short)16383>(channel_eq::_puschRxChEqStatDescr *, channel_eq::_puschRxChEqSoftDemapDynDescr)"
5035906474,293789,336439,1,1,1,32,32,1,30,0.000,0.000,,,,,NVIDIA A100-SXM4-40GB MIG 4g.20gb (0),1,,13,"void convert_kernel<float2, __half2>(tensor_layout_any, T1 *, tensor_layout_any, const T2 *)"
5036203367,11008,336451,2253,1,1,128,1,1,16,0.000,0.000,,,,,NVIDIA A100-SXM4-40GB MIG 4g.20gb (0),1,,13,cupy_copy__float16_float16
5036219142,3520,336460,282,1,1,128,1,1,16,0.000,0.000,,,,,NVIDIA A100-SXM4-40GB MIG 4g.20gb (0),1,,13,cupy_copy__complex64_complex64
5036225094,2016,336469,26,1,1,128,1,1,16,0.000,0.000,,,,,NVIDIA A100-SXM4-40GB MIG 4g.20gb (0),1,,13,cupy_copy__float32_float32
5036229254,4640,336478,103,1,1,128,1,1,16,0.000,0.000,,,,,NVIDIA A100-SXM4-40GB MIG 4g.20gb (0),1,,13,cupy_copy__complex64_complex64
5036236198,12288,336488,1434,1,1,128,1,1,16,0.000,0.000,,,,,NVIDIA A100-SXM4-40GB MIG 4g.20gb (0),1,,13,cupy_copy__complex64_complex64
5036251270,87519,336493,1,1,1,32,32,1,30,0.000,0.000,,,,,NVIDIA A100-SXM4-40GB MIG 4g.20gb (0),1,,13,"void convert_kernel<__half2, float2>(tensor_layout_any, T1 *, tensor_layout_any, const T2 *)"
5036366245,6176,336496,,,,,,,,,,0.094,15170.975,Pinned,Device,NVIDIA A100-SXM4-40GB MIG 4g.20gb (0),1,,13,[CUDA memcpy Host-to-Device]
5036377893,599608,336497,,,,,,,,,,456.561,761087.920,Device,,NVIDIA A100-SXM4-40GB MIG 4g.20gb (0),1,,13,[CUDA memset]
5036983965,142526,336502,,,,,,,,,,1.235,8664.367,Pinned,Device,NVIDIA A100-SXM4-40GB MIG 4g.20gb (0),1,,13,[CUDA memcpy Host-to-Device]
5037134363,42176,336503,,,,,,,,,,0.197,4661.576,Pinned,Device,NVIDIA A100-SXM4-40GB MIG 4g.20gb (0),1,,13,[CUDA memcpy Host-to-Device]
5037198810,8544,336504,69,4,1,48,1,1,76,0.002,0.000,,,,,NVIDIA A100-SXM4-40GB MIG 4g.20gb (0),1,,13,"void ch_est::windowedChEstPreNoDftSOfdmKernel<float, __half, float, (unsigned int)2, (unsigned int)1, (unsigned short)4>(ch_est::puschRxChEstStatDescr_t *, ch_est::puschRxChEstDynDescr_t *)"
5037220282,7040,336505,137,2,1,24,2,1,44,0.001,0.001,,,,,NVIDIA A100-SXM4-40GB MIG 4g.20gb (0),1,,13,"void ch_est::chEstFilterNoDftSOfdmDispatchKernel<float, __half, float, (unsigned int)2>(ch_est::puschRxChEstStatDescr_t *, ch_est::puschRxChEstDynDescr_t *)"
5037237626,4864,336506,137,2,1,24,2,1,44,0.001,0.001,,,,,NVIDIA A100-SXM4-40GB MIG 4g.20gb (0),1,,13,"void ch_est::chEstFilterNoDftSOfdmDispatchKernel<float, __half, float, (unsigned int)2>(ch_est::puschRxChEstStatDescr_t *, ch_est::puschRxChEstDynDescr_t *)"
5037252794,2752,336517,103,1,1,128,1,1,16,0.000,0.000,,,,,NVIDIA A100-SXM4-40GB MIG 4g.20gb (0),1,,13,cupy_copy__complex64_complex64
5037267418,12575,336527,1434,1,1,128,1,1,16,0.000,0.000,,,,,NVIDIA A100-SXM4-40GB MIG 4g.20gb (0),1,,13,cupy_copy__complex64_complex64
5037307769,2496,336534,103,1,1,128,1,1,16,0.000,0.000,,,,,NVIDIA A100-SXM4-40GB MIG 4g.20gb (0),1,,13,cupy_copy__complex64_complex64
5037323001,88671,336541,1,1,1,32,32,1,30,0.000,0.000,,,,,NVIDIA A100-SXM4-40GB MIG 4g.20gb (0),1,,13,"void convert_kernel<__half2, float2>(tensor_layout_any, T1 *, tensor_layout_any, const T2 *)"
5037442519,19712,336544,,,,,,,,,,0.094,4753.198,Pinned,Device,NVIDIA A100-SXM4-40GB MIG 4g.20gb (0),1,,13,[CUDA memcpy Host-to-Device]
5037485751,47327,336545,,,,,,,,,,35.810,756627.800,Device,,NVIDIA A100-SXM4-40GB MIG 4g.20gb (0),1,,13,[CUDA memset]
5037541494,9728,336547,,,,,,,,,,0.000,8.224,Pinned,Device,NVIDIA A100-SXM4-40GB MIG 4g.20gb (0),1,,13,[CUDA memcpy Host-to-Device]
5037556566,23712,336548,,,,,,,,,,0.197,8291.353,Pinned,Device,NVIDIA A100-SXM4-40GB MIG 4g.20gb (0),1,,13,[CUDA memcpy Host-to-Device]
5037597781,9696,336549,273,1,1,48,1,1,40,0.000,0.001,,,,,NVIDIA A100-SXM4-40GB MIG 4g.20gb (0),1,,13,"void pusch_noise_intf_est::noiseIntfEstNoDftSOfdmKernel<float, __half, float, float, (unsigned int)2, (unsigned int)1, (unsigned char)4, (unsigned char)4>(pusch_noise_intf_est::puschRxNoiseIntfEstDynDescr)"
5037622581,2656,336560,35,1,1,128,1,1,16,0.000,0.000,,,,,NVIDIA A100-SXM4-40GB MIG 4g.20gb (0),1,,13,cupy_copy__complex64_complex64
5037632757,1888,336569,1,1,1,1,1,1,18,0.000,0.000,,,,,NVIDIA A100-SXM4-40GB MIG 4g.20gb (0),1,,13,cupy_copy__float32_float32
5037638517,2816,336575,,,,,,,,,,0.000,1.420,Device,Pageable,NVIDIA A100-SXM4-40GB MIG 4g.20gb (0),1,,7,[CUDA memcpy Device-to-Host]
5037715732,12800,336586,1434,1,1,128,1,1,16,0.000,0.000,,,,,NVIDIA A100-SXM4-40GB MIG 4g.20gb (0),1,,13,cupy_copy__complex64_complex64
5037747732,3072,336593,103,1,1,128,1,1,16,0.000,0.000,,,,,NVIDIA A100-SXM4-40GB MIG 4g.20gb (0),1,,13,cupy_copy__complex64_complex64
5037765459,2624,336600,35,1,1,128,1,1,16,0.000,0.000,,,,,NVIDIA A100-SXM4-40GB MIG 4g.20gb (0),1,,13,cupy_copy__complex64_complex64
5037785427,2112,336607,1,1,1,1,1,1,18,0.000,0.000,,,,,NVIDIA A100-SXM4-40GB MIG 4g.20gb (0),1,,13,cupy_copy__float32_float32
5037914002,87295,336618,1,1,1,32,32,1,30,0.000,0.000,,,,,NVIDIA A100-SXM4-40GB MIG 4g.20gb (0),1,,13,"void convert_kernel<__half2, float2>(tensor_layout_any, T1 *, tensor_layout_any, const T2 *)"
5038029168,6304,336621,,,,,,,,,,0.094,14862.903,Pinned,Device,NVIDIA A100-SXM4-40GB MIG 4g.20gb (0),1,,13,[CUDA memcpy Host-to-Device]
5038045328,3360,336622,,,,,,,,,,1.547,460304.688,Device,,NVIDIA A100-SXM4-40GB MIG 4g.20gb (0),1,,13,[CUDA memset]
5038050032,3552,336627,,,,,,,,,,0.031,8810.794,Pinned,Device,NVIDIA A100-SXM4-40GB MIG 4g.20gb (0),1,,13,[CUDA memcpy Host-to-Device]
5038056624,9920,336628,,,,,,,,,,0.197,19819.266,Pinned,Device,NVIDIA A100-SXM4-40GB MIG 4g.20gb (0),1,,13,[CUDA memcpy Host-to-Device]
5038075216,8319,336629,273,1,1,8,4,1,39,0.002,0.000,,,,,NVIDIA A100-SXM4-40GB MIG 4g.20gb (0),1,,13,"void channel_eq::eqMmseCoefCompLowMimoKernel<float, float, float, (unsigned int)4, (unsigned int)1, (unsigned int)4>(const channel_eq::_puschRxChEqStatDescr *, channel_eq::_puschRxChEqCoefCompDynDescr)"
5038086319,5824,336630,273,1,1,12,11,1,51,0.002,0.000,,,,,NVIDIA A100-SXM4-40GB MIG 4g.20gb (0),1,,13,"void channel_eq::eqMmseSoftDemapKernel<float, __half, __half, float, (unsigned int)4, (unsigned short)16383>(channel_eq::_puschRxChEqStatDescr *, channel_eq::_puschRxChEqSoftDemapDynDescr)"
5038094319,282717,336631,1,1,1,32,32,1,30,0.000,0.000,,,,,NVIDIA A100-SXM4-40GB MIG 4g.20gb (0),1,,13,"void convert_kernel<float2, __half2>(tensor_layout_any, T1 *, tensor_layout_any, const T2 *)"
5038379756,11072,336643,2253,1,1,128,1,1,16,0.000,0.000,,,,,NVIDIA A100-SXM4-40GB MIG 4g.20gb (0),1,,13,cupy_copy__float16_float16
5038393228,2848,336652,282,1,1,128,1,1,16,0.000,0.000,,,,,NVIDIA A100-SXM4-40GB MIG 4g.20gb (0),1,,13,cupy_copy__complex64_complex64
5038397900,2592,336661,26,1,1,128,1,1,16,0.000,0.000,,,,,NVIDIA A100-SXM4-40GB MIG 4g.20gb (0),1,,13,cupy_copy__float32_float32
5038402412,2944,336670,103,1,1,128,1,1,16,0.000,0.000,,,,,NVIDIA A100-SXM4-40GB MIG 4g.20gb (0),1,,13,cupy_copy__complex64_complex64
5038462347,11968,336686,1434,1,1,128,1,1,16,0.000,0.000,,,,,NVIDIA A100-SXM4-40GB MIG 4g.20gb (0),1,,13,cupy_copy__complex64_complex64
5038574633,87519,336691,1,1,1,32,32,1,30,0.000,0.000,,,,,NVIDIA A100-SXM4-40GB MIG 4g.20gb (0),1,,13,"void convert_kernel<__half2, float2>(tensor_layout_any, T1 *, tensor_layout_any, const T2 *)"
5038689384,5696,336694,,,,,,,,,,0.094,16449.363,Pinned,Device,NVIDIA A100-SXM4-40GB MIG 4g.20gb (0),1,,13,[CUDA memcpy Host-to-Device]
5038700072,602328,336695,,,,,,,,,,456.561,757891.990,Device,,NVIDIA A100-SXM4-40GB MIG 4g.20gb (0),1,,13,[CUDA memset]
5039313632,141695,336700,,,,,,,,,,1.235,8715.000,Pinned,Device,NVIDIA A100-SXM4-40GB MIG 4g.20gb (0),1,,13,[CUDA memcpy Host-to-Device]
5039468222,38368,336701,,,,,,,,,,0.197,5124.194,Pinned,Device,NVIDIA A100-SXM4-40GB MIG 4g.20gb (0),1,,13,[CUDA memcpy Host-to-Device]
5039537150,7935,336702,69,4,1,48,1,1,76,0.002,0.000,,,,,NVIDIA A100-SXM4-40GB MIG 4g.20gb (0),1,,13,"void ch_est::windowedChEstPreNoDftSOfdmKernel<float, __half, float, (unsigned int)2, (unsigned int)1, (unsigned short)4>(ch_est::puschRxChEstStatDescr_t *, ch_est::puschRxChEstDynDescr_t *)"
5039555677,6528,336703,137,2,1,24,2,1,44,0.001,0.001,,,,,NVIDIA A100-SXM4-40GB MIG 4g.20gb (0),1,,13,"void ch_est::chEstFilterNoDftSOfdmDispatchKernel<float, __half, float, (unsigned int)2>(ch_est::puschRxChEstStatDescr_t *, ch_est::puschRxChEstDynDescr_t *)"
5039573309,4736,336704,137,2,1,24,2,1,44,0.001,0.001,,,,,NVIDIA A100-SXM4-40GB MIG 4g.20gb (0),1,,13,"void ch_est::chEstFilterNoDftSOfdmDispatchKernel<float, __half, float, (unsigned int)2>(ch_est::puschRxChEstStatDescr_t *, ch_est::puschRxChEstDynDescr_t *)"
5039590141,2656,336715,103,1,1,128,1,1,16,0.000,0.000,,,,,NVIDIA A100-SXM4-40GB MIG 4g.20gb (0),1,,13,cupy_copy__complex64_complex64
5039603549,12320,336725,1434,1,1,128,1,1,16,0.000,0.000,,,,,NVIDIA A100-SXM4-40GB MIG 4g.20gb (0),1,,13,cupy_copy__complex64_complex64
5039634172,2400,336732,103,1,1,128,1,1,16,0.000,0.000,,,,,NVIDIA A100-SXM4-40GB MIG 4g.20gb (0),1,,13,cupy_copy__complex64_complex64
5039650428,83135,336739,1,1,1,32,32,1,30,0.000,0.000,,,,,NVIDIA A100-SXM4-40GB MIG 4g.20gb (0),1,,13,"void convert_kernel<__half2, float2>(tensor_layout_any, T1 *, tensor_layout_any, const T2 *)"
5039765019,15488,336742,,,,,,,,,,0.094,6049.576,Pinned,Device,NVIDIA A100-SXM4-40GB MIG 4g.20gb (0),1,,13,[CUDA memcpy Host-to-Device]
5039804506,47488,336743,,,,,,,,,,35.810,754049.485,Device,,NVIDIA A100-SXM4-40GB MIG 4g.20gb (0),1,,13,[CUDA memset]
5039853786,16063,336745,,,,,,,,,,0.000,4.980,Pinned,Device,NVIDIA A100-SXM4-40GB MIG 4g.20gb (0),1,,13,[CUDA memcpy Host-to-Device]
5039880857,22112,336746,,,,,,,,,,0.197,8891.400,Pinned,Device,NVIDIA A100-SXM4-40GB MIG 4g.20gb (0),1,,13,[CUDA memcpy Host-to-Device]
5039923801,9888,336747,273,1,1,48,1,1,40,0.000,0.001,,,,,NVIDIA A100-SXM4-40GB MIG 4g.20gb (0),1,,13,"void pusch_noise_intf_est::noiseIntfEstNoDftSOfdmKernel<float, __half, float, float, (unsigned int)2, (unsigned int)1, (unsigned char)4, (unsigned char)4>(pusch_noise_intf_est::puschRxNoiseIntfEstDynDescr)"
5039938553,2976,336758,35,1,1,128,1,1,16,0.000,0.000,,,,,NVIDIA A100-SXM4-40GB MIG 4g.20gb (0),1,,13,cupy_copy__complex64_complex64
5039950328,1792,336767,1,1,1,1,1,1,18,0.000,0.000,,,,,NVIDIA A100-SXM4-40GB MIG 4g.20gb (0),1,,13,cupy_copy__float32_float32
5039959896,6944,336773,,,,,,,,,,0.000,0.576,Device,Pageable,NVIDIA A100-SXM4-40GB MIG 4g.20gb (0),1,,7,[CUDA memcpy Device-to-Host]
5040041623,12832,336784,1434,1,1,128,1,1,16,0.000,0.000,,,,,NVIDIA A100-SXM4-40GB MIG 4g.20gb (0),1,,13,cupy_copy__complex64_complex64
5040066103,6560,336791,103,1,1,128,1,1,16,0.000,0.000,,,,,NVIDIA A100-SXM4-40GB MIG 4g.20gb (0),1,,13,cupy_copy__complex64_complex64
5040091767,2560,336798,35,1,1,128,1,1,16,0.000,0.000,,,,,NVIDIA A100-SXM4-40GB MIG 4g.20gb (0),1,,13,cupy_copy__complex64_complex64
5040112918,1952,336805,1,1,1,1,1,1,18,0.000,0.000,,,,,NVIDIA A100-SXM4-40GB MIG 4g.20gb (0),1,,13,cupy_copy__float32_float32
5040241301,94815,336816,1,1,1,32,32,1,30,0.000,0.000,,,,,NVIDIA A100-SXM4-40GB MIG 4g.20gb (0),1,,13,"void convert_kernel<__half2, float2>(tensor_layout_any, T1 *, tensor_layout_any, const T2 *)"
5040368147,11040,336819,,,,,,,,,,0.094,8486.890,Pinned,Device,NVIDIA A100-SXM4-40GB MIG 4g.20gb (0),1,,13,[CUDA memcpy Host-to-Device]
5040385875,3488,336820,,,,,,,,,,1.547,443412.461,Device,,NVIDIA A100-SXM4-40GB MIG 4g.20gb (0),1,,13,[CUDA memset]
5040395091,5344,336825,,,,,,,,,,0.031,5856.264,Pinned,Device,NVIDIA A100-SXM4-40GB MIG 4g.20gb (0),1,,13,[CUDA memcpy Host-to-Device]
5040406835,13120,336826,,,,,,,,,,0.197,14985.265,Pinned,Device,NVIDIA A100-SXM4-40GB MIG 4g.20gb (0),1,,13,[CUDA memcpy Host-to-Device]
5040431699,11103,336827,273,1,1,8,4,1,39,0.002,0.000,,,,,NVIDIA A100-SXM4-40GB MIG 4g.20gb (0),1,,13,"void channel_eq::eqMmseCoefCompLowMimoKernel<float, float, float, (unsigned int)4, (unsigned int)1, (unsigned int)4>(const channel_eq::_puschRxChEqStatDescr *, channel_eq::_puschRxChEqCoefCompDynDescr)"
5040449106,5376,336828,273,1,1,12,11,1,51,0.002,0.000,,,,,NVIDIA A100-SXM4-40GB MIG 4g.20gb (0),1,,13,"void channel_eq::eqMmseSoftDemapKernel<float, __half, __half, float, (unsigned int)4, (unsigned short)16383>(channel_eq::_puschRxChEqStatDescr *, channel_eq::_puschRxChEqSoftDemapDynDescr)"
5040457490,294685,336829,1,1,1,32,32,1,30,0.000,0.000,,,,,NVIDIA A100-SXM4-40GB MIG 4g.20gb (0),1,,13,"void convert_kernel<float2, __half2>(tensor_layout_any, T1 *, tensor_layout_any, const T2 *)"
5040754479,10879,336841,2253,1,1,128,1,1,16,0.000,0.000,,,,,NVIDIA A100-SXM4-40GB MIG 4g.20gb (0),1,,13,cupy_copy__float16_float16
5040769678,3520,336850,282,1,1,128,1,1,16,0.000,0.000,,,,,NVIDIA A100-SXM4-40GB MIG 4g.20gb (0),1,,13,cupy_copy__complex64_complex64
5040774190,2016,336859,26,1,1,128,1,1,16,0.000,0.000,,,,,NVIDIA A100-SXM4-40GB MIG 4g.20gb (0),1,,13,cupy_copy__float32_float32
5040780142,2944,336868,103,1,1,128,1,1,16,0.000,0.000,,,,,NVIDIA A100-SXM4-40GB MIG 4g.20gb (0),1,,13,cupy_copy__complex64_complex64
5040786350,12160,336878,1434,1,1,128,1,1,16,0.000,0.000,,,,,NVIDIA A100-SXM4-40GB MIG 4g.20gb (0),1,,13,cupy_copy__complex64_complex64
5040800526,81983,336883,1,1,1,32,32,1,30,0.000,0.000,,,,,NVIDIA A100-SXM4-40GB MIG 4g.20gb (0),1,,13,"void convert_kernel<__half2, float2>(tensor_layout_any, T1 *, tensor_layout_any, const T2 *)"
5040909837,5664,336886,,,,,,,,,,0.094,16542.310,Pinned,Device,NVIDIA A100-SXM4-40GB MIG 4g.20gb (0),1,,13,[CUDA memcpy Host-to-Device]
5040919917,598552,336887,,,,,,,,,,456.561,762457.605,Device,,NVIDIA A100-SXM4-40GB MIG 4g.20gb (0),1,,13,[CUDA memset]
5041520581,155294,336892,,,,,,,,,,1.235,7951.804,Pinned,Device,NVIDIA A100-SXM4-40GB MIG 4g.20gb (0),1,,13,[CUDA memcpy Host-to-Device]
5041687523,42016,336893,,,,,,,,,,0.197,4679.270,Pinned,Device,NVIDIA A100-SXM4-40GB MIG 4g.20gb (0),1,,13,[CUDA memcpy Host-to-Device]
5041751330,8480,336894,69,4,1,48,1,1,76,0.002,0.000,,,,,NVIDIA A100-SXM4-40GB MIG 4g.20gb (0),1,,13,"void ch_est::windowedChEstPreNoDftSOfdmKernel<float, __half, float, (unsigned int)2, (unsigned int)1, (unsigned short)4>(ch_est::puschRxChEstStatDescr_t *, ch_est::puschRxChEstDynDescr_t *)"
5041770786,6912,336895,137,2,1,24,2,1,44,0.001,0.001,,,,,NVIDIA A100-SXM4-40GB MIG 4g.20gb (0),1,,13,"void ch_est::chEstFilterNoDftSOfdmDispatchKernel<float, __half, float, (unsigned int)2>(ch_est::puschRxChEstStatDescr_t *, ch_est::puschRxChEstDynDescr_t *)"
5041787330,4800,336896,137,2,1,24,2,1,44,0.001,0.001,,,,,NVIDIA A100-SXM4-40GB MIG 4g.20gb (0),1,,13,"void ch_est::chEstFilterNoDftSOfdmDispatchKernel<float, __half, float, (unsigned int)2>(ch_est::puschRxChEstStatDescr_t *, ch_est::puschRxChEstDynDescr_t *)"
5041804898,2528,336907,103,1,1,128,1,1,16,0.000,0.000,,,,,NVIDIA A100-SXM4-40GB MIG 4g.20gb (0),1,,13,cupy_copy__complex64_complex64
5041822817,12512,336917,1434,1,1,128,1,1,16,0.000,0.000,,,,,NVIDIA A100-SXM4-40GB MIG 4g.20gb (0),1,,13,cupy_copy__complex64_complex64
5041842977,2944,336924,103,1,1,128,1,1,16,0.000,0.000,,,,,NVIDIA A100-SXM4-40GB MIG 4g.20gb (0),1,,13,cupy_copy__complex64_complex64
5041862177,89247,336931,1,1,1,32,32,1,30,0.000,0.000,,,,,NVIDIA A100-SXM4-40GB MIG 4g.20gb (0),1,,13,"void convert_kernel<__half2, float2>(tensor_layout_any, T1 *, tensor_layout_any, const T2 *)"
5041985663,27008,336934,,,,,,,,,,0.094,3469.188,Pinned,Device,NVIDIA A100-SXM4-40GB MIG 4g.20gb (0),1,,13,[CUDA memcpy Host-to-Device]
5042028863,47615,336935,,,,,,,,,,35.810,752044.130,Device,,NVIDIA A100-SXM4-40GB MIG 4g.20gb (0),1,,13,[CUDA memset]
5042080190,7296,336937,,,,,,,,,,0.000,10.965,Pinned,Device,NVIDIA A100-SXM4-40GB MIG 4g.20gb (0),1,,13,[CUDA memcpy Host-to-Device]
5042101150,20096,336938,,,,,,,,,,0.197,9783.411,Pinned,Device,NVIDIA A100-SXM4-40GB MIG 4g.20gb (0),1,,13,[CUDA memcpy Host-to-Device]
5042147293,10016,336939,273,1,1,48,1,1,40,0.000,0.001,,,,,NVIDIA A100-SXM4-40GB MIG 4g.20gb (0),1,,13,"void pusch_noise_intf_est::noiseIntfEstNoDftSOfdmKernel<float, __half, float, float, (unsigned int)2, (unsigned int)1, (unsigned char)4, (unsigned char)4>(pusch_noise_intf_est::puschRxNoiseIntfEstDynDescr)"
5042163069,2816,336950,35,1,1,128,1,1,16,0.000,0.000,,,,,NVIDIA A100-SXM4-40GB MIG 4g.20gb (0),1,,13,cupy_copy__complex64_complex64
5042178685,1728,336959,1,1,1,1,1,1,18,0.000,0.000,,,,,NVIDIA A100-SXM4-40GB MIG 4g.20gb (0),1,,13,cupy_copy__float32_float32
5042188093,4864,336965,,,,,,,,,,0.000,0.822,Device,Pageable,NVIDIA A100-SXM4-40GB MIG 4g.20gb (0),1,,7,[CUDA memcpy Device-to-Host]
5042272700,13088,336976,1434,1,1,128,1,1,16,0.000,0.000,,,,,NVIDIA A100-SXM4-40GB MIG 4g.20gb (0),1,,13,cupy_copy__complex64_complex64
5042294972,2848,336983,103,1,1,128,1,1,16,0.000,0.000,,,,,NVIDIA A100-SXM4-40GB MIG 4g.20gb (0),1,,13,cupy_copy__complex64_complex64
5042318907,2560,336990,35,1,1,128,1,1,16,0.000,0.000,,,,,NVIDIA A100-SXM4-40GB MIG 4g.20gb (0),1,,13,cupy_copy__complex64_complex64
5042334715,1984,336997,1,1,1,1,1,1,18,0.000,0.000,,,,,NVIDIA A100-SXM4-40GB MIG 4g.20gb (0),1,,13,cupy_copy__float32_float32
5042463578,88190,337008,1,1,1,32,32,1,30,0.000,0.000,,,,,NVIDIA A100-SXM4-40GB MIG 4g.20gb (0),1,,13,"void convert_kernel<__half2, float2>(tensor_layout_any, T1 *, tensor_layout_any, const T2 *)"
5042579288,6016,337011,,,,,,,,,,0.094,15574.430,Pinned,Device,NVIDIA A100-SXM4-40GB MIG 4g.20gb (0),1,,13,[CUDA memcpy Host-to-Device]
5042593720,3136,337012,,,,,,,,,,1.547,493182.821,Device,,NVIDIA A100-SXM4-40GB MIG 4g.20gb (0),1,,13,[CUDA memset]
5042599960,3552,337017,,,,,,,,,,0.031,8810.794,Pinned,Device,NVIDIA A100-SXM4-40GB MIG 4g.20gb (0),1,,13,[CUDA memcpy Host-to-Device]
5042606360,9536,337018,,,,,,,,,,0.197,20617.298,Pinned,Device,NVIDIA A100-SXM4-40GB MIG 4g.20gb (0),1,,13,[CUDA memcpy Host-to-Device]
5042619864,6144,337019,273,1,1,8,4,1,39,0.002,0.000,,,,,NVIDIA A100-SXM4-40GB MIG 4g.20gb (0),1,,13,"void channel_eq::eqMmseCoefCompLowMimoKernel<float, float, float, (unsigned int)4, (unsigned int)1, (unsigned int)4>(const channel_eq::_puschRxChEqStatDescr *, channel_eq::_puschRxChEqCoefCompDynDescr)"
5042628695,6176,337020,273,1,1,12,11,1,51,0.002,0.000,,,,,NVIDIA A100-SXM4-40GB MIG 4g.20gb (0),1,,13,"void channel_eq::eqMmseSoftDemapKernel<float, __half, __half, float, (unsigned int)4, (unsigned short)16383>(channel_eq::_puschRxChEqStatDescr *, channel_eq::_puschRxChEqSoftDemapDynDescr)"
5042636343,282493,337021,1,1,1,32,32,1,30,0.000,0.000,,,,,NVIDIA A100-SXM4-40GB MIG 4g.20gb (0),1,,13,"void convert_kernel<float2, __half2>(tensor_layout_any, T1 *, tensor_layout_any, const T2 *)"
5042919956,10944,337033,2253,1,1,128,1,1,16,0.000,0.000,,,,,NVIDIA A100-SXM4-40GB MIG 4g.20gb (0),1,,13,cupy_copy__float16_float16
5042933812,3808,337042,282,1,1,128,1,1,16,0.000,0.000,,,,,NVIDIA A100-SXM4-40GB MIG 4g.20gb (0),1,,13,cupy_copy__complex64_complex64
5042941044,2080,337051,26,1,1,128,1,1,16,0.000,0.000,,,,,NVIDIA A100-SXM4-40GB MIG 4g.20gb (0),1,,13,cupy_copy__float32_float32
5042947060,2784,337060,103,1,1,128,1,1,16,0.000,0.000,,,,,NVIDIA A100-SXM4-40GB MIG 4g.20gb (0),1,,13,cupy_copy__complex64_complex64
5042951476,12127,337070,1434,1,1,128,1,1,16,0.000,0.000,,,,,NVIDIA A100-SXM4-40GB MIG 4g.20gb (0),1,,13,cupy_copy__complex64_complex64
5042971987,82559,337075,1,1,1,32,32,1,30,0.000,0.000,,,,,NVIDIA A100-SXM4-40GB MIG 4g.20gb (0),1,,13,"void convert_kernel<__half2, float2>(tensor_layout_any, T1 *, tensor_layout_any, const T2 *)"
5043081394,5760,337078,,,,,,,,,,0.094,16266.656,Pinned,Device,NVIDIA A100-SXM4-40GB MIG 4g.20gb (0),1,,13,[CUDA memcpy Host-to-Device]
5043091506,596056,337079,,,,,,,,,,456.561,765653.535,Device,,NVIDIA A100-SXM4-40GB MIG 4g.20gb (0),1,,13,[CUDA memset]
5043695722,66016,337084,,,,,,,,,,1.235,18705.697,Pinned,Device,NVIDIA A100-SXM4-40GB MIG 4g.20gb (0),1,,13,[CUDA memcpy Host-to-Device]
5043765289,12512,337085,,,,,,,,,,0.197,15713.501,Pinned,Device,NVIDIA A100-SXM4-40GB MIG 4g.20gb (0),1,,13,[CUDA memcpy Host-to-Device]
5043784681,9088,337086,69,4,1,48,1,1,76,0.002,0.000,,,,,NVIDIA A100-SXM4-40GB MIG 4g.20gb (0),1,,13,"void ch_est::windowedChEstPreNoDftSOfdmKernel<float, __half, float, (unsigned int)2, (unsigned int)1, (unsigned short)4>(ch_est::puschRxChEstStatDescr_t *, ch_est::puschRxChEstDynDescr_t *)"
5043795081,6816,337087,137,2,1,24,2,1,44,0.001,0.001,,,,,NVIDIA A100-SXM4-40GB MIG 4g.20gb (0),1,,13,"void ch_est::chEstFilterNoDftSOfdmDispatchKernel<float, __half, float, (unsigned int)2>(ch_est::puschRxChEstStatDescr_t *, ch_est::puschRxChEstDynDescr_t *)"
5043803785,5184,337088,137,2,1,24,2,1,44,0.001,0.001,,,,,NVIDIA A100-SXM4-40GB MIG 4g.20gb (0),1,,13,"void ch_est::chEstFilterNoDftSOfdmDispatchKernel<float, __half, float, (unsigned int)2>(ch_est::puschRxChEstStatDescr_t *, ch_est::puschRxChEstDynDescr_t *)"
5043813673,3168,337099,103,1,1,128,1,1,16,0.000,0.000,,,,,NVIDIA A100-SXM4-40GB MIG 4g.20gb (0),1,,13,cupy_copy__complex64_complex64
5043821225,12864,337109,1434,1,1,128,1,1,16,0.000,0.000,,,,,NVIDIA A100-SXM4-40GB MIG 4g.20gb (0),1,,13,cupy_copy__complex64_complex64
5043835625,2656,337116,103,1,1,128,1,1,16,0.000,0.000,,,,,NVIDIA A100-SXM4-40GB MIG 4g.20gb (0),1,,13,cupy_copy__complex64_complex64
5043840489,83135,337123,1,1,1,32,32,1,30,0.000,0.000,,,,,NVIDIA A100-SXM4-40GB MIG 4g.20gb (0),1,,13,"void convert_kernel<__half2, float2>(tensor_layout_any, T1 *, tensor_layout_any, const T2 *)"
5043950759,6208,337126,,,,,,,,,,0.094,15092.739,Pinned,Device,NVIDIA A100-SXM4-40GB MIG 4g.20gb (0),1,,13,[CUDA memcpy Host-to-Device]
5043962887,46719,337127,,,,,,,,,,35.810,766475.528,Device,,NVIDIA A100-SXM4-40GB MIG 4g.20gb (0),1,,13,[CUDA memset]
5044017254,3392,337129,,,,,,,,,,0.000,23.585,Pinned,Device,NVIDIA A100-SXM4-40GB MIG 4g.20gb (0),1,,13,[CUDA memcpy Host-to-Device]
5044026342,11104,337130,,,,,,,,,,0.197,17705.927,Pinned,Device,NVIDIA A100-SXM4-40GB MIG 4g.20gb (0),1,,13,[CUDA memcpy Host-to-Device]
5044047046,9632,337131,273,1,1,48,1,1,40,0.000,0.001,,,,,NVIDIA A100-SXM4-40GB MIG 4g.20gb (0),1,,13,"void pusch_noise_intf_est::noiseIntfEstNoDftSOfdmKernel<float, __half, float, float, (unsigned int)2, (unsigned int)1, (unsigned char)4, (unsigned char)4>(pusch_noise_intf_est::puschRxNoiseIntfEstDynDescr)"
5044060134,3136,337142,35,1,1,128,1,1,16,0.000,0.000,,,,,NVIDIA A100-SXM4-40GB MIG 4g.20gb (0),1,,13,cupy_copy__complex64_complex64
5044070950,2080,337151,1,1,1,1,1,1,18,0.000,0.000,,,,,NVIDIA A100-SXM4-40GB MIG 4g.20gb (0),1,,13,cupy_copy__float32_float32
5044101509,1728,337157,,,,,,,,,,0.000,2.315,Device,Pageable,NVIDIA A100-SXM4-40GB MIG 4g.20gb (0),1,,7,[CUDA memcpy Device-to-Host]
5044163109,12799,337168,1434,1,1,128,1,1,16,0.000,0.000,,,,,NVIDIA A100-SXM4-40GB MIG 4g.20gb (0),1,,13,cupy_copy__complex64_complex64
5044192868,3392,337175,103,1,1,128,1,1,16,0.000,0.000,,,,,NVIDIA A100-SXM4-40GB MIG 4g.20gb (0),1,,13,cupy_copy__complex64_complex64
5044212868,2464,337182,35,1,1,128,1,1,16,0.000,0.000,,,,,NVIDIA A100-SXM4-40GB MIG 4g.20gb (0),1,,13,cupy_copy__complex64_complex64
5044230980,1792,337189,1,1,1,1,1,1,18,0.000,0.000,,,,,NVIDIA A100-SXM4-40GB MIG 4g.20gb (0),1,,13,cupy_copy__float32_float32
5044361762,82271,337200,1,1,1,32,32,1,30,0.000,0.000,,,,,NVIDIA A100-SXM4-40GB MIG 4g.20gb (0),1,,13,"void convert_kernel<__half2, float2>(tensor_layout_any, T1 *, tensor_layout_any, const T2 *)"
5044472385,5856,337203,,,,,,,,,,0.094,15999.997,Pinned,Device,NVIDIA A100-SXM4-40GB MIG 4g.20gb (0),1,,13,[CUDA memcpy Host-to-Device]
5044486113,3296,337204,,,,,,,,,,1.547,469242.628,Device,,NVIDIA A100-SXM4-40GB MIG 4g.20gb (0),1,,13,[CUDA memset]
5044492737,3327,337209,,,,,,,,,,0.031,9406.670,Pinned,Device,NVIDIA A100-SXM4-40GB MIG 4g.20gb (0),1,,13,[CUDA memcpy Host-to-Device]
5044499040,9856,337210,,,,,,,,,,0.197,19948.044,Pinned,Device,NVIDIA A100-SXM4-40GB MIG 4g.20gb (0),1,,13,[CUDA memcpy Host-to-Device]
5044514624,7104,337211,273,1,1,8,4,1,39,0.002,0.000,,,,,NVIDIA A100-SXM4-40GB MIG 4g.20gb (0),1,,13,"void channel_eq::eqMmseCoefCompLowMimoKernel<float, float, float, (unsigned int)4, (unsigned int)1, (unsigned int)4>(const channel_eq::_puschRxChEqStatDescr *, channel_eq::_puschRxChEqCoefCompDynDescr)"
5044522720,7488,337212,273,1,1,12,11,1,51,0.002,0.000,,,,,NVIDIA A100-SXM4-40GB MIG 4g.20gb (0),1,,13,"void channel_eq::eqMmseSoftDemapKernel<float, __half, __half, float, (unsigned int)4, (unsigned short)16383>(channel_eq::_puschRxChEqStatDescr *, channel_eq::_puschRxChEqSoftDemapDynDescr)"
5044531840,283037,337213,1,1,1,32,32,1,30,0.000,0.000,,,,,NVIDIA A100-SXM4-40GB MIG 4g.20gb (0),1,,13,"void convert_kernel<float2, __half2>(tensor_layout_any, T1 *, tensor_layout_any, const T2 *)"
5044816573,10943,337225,2253,1,1,128,1,1,16,0.000,0.000,,,,,NVIDIA A100-SXM4-40GB MIG 4g.20gb (0),1,,13,cupy_copy__float16_float16
5044828796,3296,337234,282,1,1,128,1,1,16,0.000,0.000,,,,,NVIDIA A100-SXM4-40GB MIG 4g.20gb (0),1,,13,cupy_copy__complex64_complex64
5044833276,2272,337243,26,1,1,128,1,1,16,0.000,0.000,,,,,NVIDIA A100-SXM4-40GB MIG 4g.20gb (0),1,,13,cupy_copy__float32_float32
5044839324,2944,337252,103,1,1,128,1,1,16,0.000,0.000,,,,,NVIDIA A100-SXM4-40GB MIG 4g.20gb (0),1,,13,cupy_copy__complex64_complex64
5044843324,12000,337262,1434,1,1,128,1,1,16,0.000,0.000,,,,,NVIDIA A100-SXM4-40GB MIG 4g.20gb (0),1,,13,cupy_copy__complex64_complex64
5044860156,82655,337267,1,1,1,32,32,1,30,0.000,0.000,,,,,NVIDIA A100-SXM4-40GB MIG 4g.20gb (0),1,,13,"void convert_kernel<__half2, float2>(tensor_layout_any, T1 *, tensor_layout_any, const T2 *)"
5044969947,5440,337270,,,,,,,,,,0.094,17223.480,Pinned,Device,NVIDIA A100-SXM4-40GB MIG 4g.20gb (0),1,,13,[CUDA memcpy Host-to-Device]
5044979963,597944,337271,,,,,,,,,,456.561,763370.728,Device,,NVIDIA A100-SXM4-40GB MIG 4g.20gb (0),1,,13,[CUDA memset]
5045582835,148478,337276,,,,,,,,,,1.235,8317.348,Pinned,Device,NVIDIA A100-SXM4-40GB MIG 4g.20gb (0),1,,13,[CUDA memcpy Host-to-Device]
5045743569,39744,337277,,,,,,,,,,0.197,4946.854,Pinned,Device,NVIDIA A100-SXM4-40GB MIG 4g.20gb (0),1,,13,[CUDA memcpy Host-to-Device]
5045802096,8672,337278,69,4,1,48,1,1,76,0.002,0.000,,,,,NVIDIA A100-SXM4-40GB MIG 4g.20gb (0),1,,13,"void ch_est::windowedChEstPreNoDftSOfdmKernel<float, __half, float, (unsigned int)2, (unsigned int)1, (unsigned short)4>(ch_est::puschRxChEstStatDescr_t *, ch_est::puschRxChEstDynDescr_t *)"
5045820880,6784,337279,137,2,1,24,2,1,44,0.001,0.001,,,,,NVIDIA A100-SXM4-40GB MIG 4g.20gb (0),1,,13,"void ch_est::chEstFilterNoDftSOfdmDispatchKernel<float, __half, float, (unsigned int)2>(ch_est::puschRxChEstStatDescr_t *, ch_est::puschRxChEstDynDescr_t *)"
5045837808,4736,337280,137,2,1,24,2,1,44,0.001,0.001,,,,,NVIDIA A100-SXM4-40GB MIG 4g.20gb (0),1,,13,"void ch_est::chEstFilterNoDftSOfdmDispatchKernel<float, __half, float, (unsigned int)2>(ch_est::puschRxChEstStatDescr_t *, ch_est::puschRxChEstDynDescr_t *)"
5045853584,2624,337291,103,1,1,128,1,1,16,0.000,0.000,,,,,NVIDIA A100-SXM4-40GB MIG 4g.20gb (0),1,,13,cupy_copy__complex64_complex64
5045868048,12351,337301,1434,1,1,128,1,1,16,0.000,0.000,,,,,NVIDIA A100-SXM4-40GB MIG 4g.20gb (0),1,,13,cupy_copy__complex64_complex64
5045902895,2464,337308,103,1,1,128,1,1,16,0.000,0.000,,,,,NVIDIA A100-SXM4-40GB MIG 4g.20gb (0),1,,13,cupy_copy__complex64_complex64
5045919247,84767,337315,1,1,1,32,32,1,30,0.000,0.000,,,,,NVIDIA A100-SXM4-40GB MIG 4g.20gb (0),1,,13,"void convert_kernel<__half2, float2>(tensor_layout_any, T1 *, tensor_layout_any, const T2 *)"
5046031470,5727,337318,,,,,,,,,,0.094,16360.352,Pinned,Device,NVIDIA A100-SXM4-40GB MIG 4g.20gb (0),1,,13,[CUDA memcpy Host-to-Device]
5046046253,46688,337319,,,,,,,,,,35.810,766976.867,Device,,NVIDIA A100-SXM4-40GB MIG 4g.20gb (0),1,,13,[CUDA memset]
5046099021,3744,337321,,,,,,,,,,0.000,21.368,Pinned,Device,NVIDIA A100-SXM4-40GB MIG 4g.20gb (0),1,,13,[CUDA memcpy Host-to-Device]
5046107373,12799,337322,,,,,,,,,,0.197,15361.180,Pinned,Device,NVIDIA A100-SXM4-40GB MIG 4g.20gb (0),1,,13,[CUDA memcpy Host-to-Device]
5046127308,10528,337323,273,1,1,48,1,1,40,0.000,0.001,,,,,NVIDIA A100-SXM4-40GB MIG 4g.20gb (0),1,,13,"void pusch_noise_intf_est::noiseIntfEstNoDftSOfdmKernel<float, __half, float, float, (unsigned int)2, (unsigned int)1, (unsigned char)4, (unsigned char)4>(pusch_noise_intf_est::puschRxNoiseIntfEstDynDescr)"
5046142924,2720,337334,35,1,1,128,1,1,16,0.000,0.000,,,,,NVIDIA A100-SXM4-40GB MIG 4g.20gb (0),1,,13,cupy_copy__complex64_complex64
5046154636,1696,337343,1,1,1,1,1,1,18,0.000,0.000,,,,,NVIDIA A100-SXM4-40GB MIG 4g.20gb (0),1,,13,cupy_copy__float32_float32
5046182636,2208,337349,,,,,,,,,,0.000,1.812,Device,Pageable,NVIDIA A100-SXM4-40GB MIG 4g.20gb (0),1,,7,[CUDA memcpy Device-to-Host]
5046246443,12800,337360,1434,1,1,128,1,1,16,0.000,0.000,,,,,NVIDIA A100-SXM4-40GB MIG 4g.20gb (0),1,,13,cupy_copy__complex64_complex64
5046273227,2912,337367,103,1,1,128,1,1,16,0.000,0.000,,,,,NVIDIA A100-SXM4-40GB MIG 4g.20gb (0),1,,13,cupy_copy__complex64_complex64
5046296714,2304,337374,35,1,1,128,1,1,16,0.000,0.000,,,,,NVIDIA A100-SXM4-40GB MIG 4g.20gb (0),1,,13,cupy_copy__complex64_complex64
5046312970,1824,337381,1,1,1,1,1,1,18,0.000,0.000,,,,,NVIDIA A100-SXM4-40GB MIG 4g.20gb (0),1,,13,cupy_copy__float32_float32
5046442633,87646,337392,1,1,1,32,32,1,30,0.000,0.000,,,,,NVIDIA A100-SXM4-40GB MIG 4g.20gb (0),1,,13,"void convert_kernel<__half2, float2>(tensor_layout_any, T1 *, tensor_layout_any, const T2 *)"
5046557511,5440,337395,,,,,,,,,,0.094,17223.480,Pinned,Device,NVIDIA A100-SXM4-40GB MIG 4g.20gb (0),1,,13,[CUDA memcpy Host-to-Device]
5046572359,3520,337396,,,,,,,,,,1.547,439380.412,Device,,NVIDIA A100-SXM4-40GB MIG 4g.20gb (0),1,,13,[CUDA memset]
5046578471,3520,337401,,,,,,,,,,0.031,8890.881,Pinned,Device,NVIDIA A100-SXM4-40GB MIG 4g.20gb (0),1,,13,[CUDA memcpy Host-to-Device]
5046584391,9376,337402,,,,,,,,,,0.197,20969.226,Pinned,Device,NVIDIA A100-SXM4-40GB MIG 4g.20gb (0),1,,13,[CUDA memcpy Host-to-Device]
5046599815,6463,337403,273,1,1,8,4,1,39,0.002,0.000,,,,,NVIDIA A100-SXM4-40GB MIG 4g.20gb (0),1,,13,"void channel_eq::eqMmseCoefCompLowMimoKernel<float, float, float, (unsigned int)4, (unsigned int)1, (unsigned int)4>(const channel_eq::_puschRxChEqStatDescr *, channel_eq::_puschRxChEqCoefCompDynDescr)"
5046607302,7456,337404,273,1,1,12,11,1,51,0.002,0.000,,,,,NVIDIA A100-SXM4-40GB MIG 4g.20gb (0),1,,13,"void channel_eq::eqMmseSoftDemapKernel<float, __half, __half, float, (unsigned int)4, (unsigned short)16383>(channel_eq::_puschRxChEqStatDescr *, channel_eq::_puschRxChEqSoftDemapDynDescr)"
5046615750,283165,337405,1,1,1,32,32,1,30,0.000,0.000,,,,,NVIDIA A100-SXM4-40GB MIG 4g.20gb (0),1,,13,"void convert_kernel<float2, __half2>(tensor_layout_any, T1 *, tensor_layout_any, const T2 *)"
5046900995,10880,337417,2253,1,1,128,1,1,16,0.000,0.000,,,,,NVIDIA A100-SXM4-40GB MIG 4g.20gb (0),1,,13,cupy_copy__float16_float16
5046914275,3648,337426,282,1,1,128,1,1,16,0.000,0.000,,,,,NVIDIA A100-SXM4-40GB MIG 4g.20gb (0),1,,13,cupy_copy__complex64_complex64
5046921187,2272,337435,26,1,1,128,1,1,16,0.000,0.000,,,,,NVIDIA A100-SXM4-40GB MIG 4g.20gb (0),1,,13,cupy_copy__float32_float32
5046924515,2976,337444,103,1,1,128,1,1,16,0.000,0.000,,,,,NVIDIA A100-SXM4-40GB MIG 4g.20gb (0),1,,13,cupy_copy__complex64_complex64
5046930562,12032,337454,1434,1,1,128,1,1,16,0.000,0.000,,,,,NVIDIA A100-SXM4-40GB MIG 4g.20gb (0),1,,13,cupy_copy__complex64_complex64
5046954082,82271,337459,1,1,1,32,32,1,30,0.000,0.000,,,,,NVIDIA A100-SXM4-40GB MIG 4g.20gb (0),1,,13,"void convert_kernel<__half2, float2>(tensor_layout_any, T1 *, tensor_layout_any, const T2 *)"
5047063905,5824,337462,,,,,,,,,,0.094,16087.884,Pinned,Device,NVIDIA A100-SXM4-40GB MIG 4g.20gb (0),1,,13,[CUDA memcpy Host-to-Device]
5047074177,598552,337463,,,,,,,,,,456.561,762457.605,Device,,NVIDIA A100-SXM4-40GB MIG 4g.20gb (0),1,,13,[CUDA memset]
5047685209,147742,337468,,,,,,,,,,1.235,8358.101,Pinned,Device,NVIDIA A100-SXM4-40GB MIG 4g.20gb (0),1,,13,[CUDA memcpy Host-to-Device]
5047845943,40608,337469,,,,,,,,,,0.197,4841.472,Pinned,Device,NVIDIA A100-SXM4-40GB MIG 4g.20gb (0),1,,13,[CUDA memcpy Host-to-Device]
5047908854,8416,337470,69,4,1,48,1,1,76,0.002,0.000,,,,,NVIDIA A100-SXM4-40GB MIG 4g.20gb (0),1,,13,"void ch_est::windowedChEstPreNoDftSOfdmKernel<float, __half, float, (unsigned int)2, (unsigned int)1, (unsigned short)4>(ch_est::puschRxChEstStatDescr_t *, ch_est::puschRxChEstDynDescr_t *)"
5047926838,6944,337471,137,2,1,24,2,1,44,0.001,0.001,,,,,NVIDIA A100-SXM4-40GB MIG 4g.20gb (0),1,,13,"void ch_est::chEstFilterNoDftSOfdmDispatchKernel<float, __half, float, (unsigned int)2>(ch_est::puschRxChEstStatDescr_t *, ch_est::puschRxChEstDynDescr_t *)"
5047944246,4736,337472,137,2,1,24,2,1,44,0.001,0.001,,,,,NVIDIA A100-SXM4-40GB MIG 4g.20gb (0),1,,13,"void ch_est::chEstFilterNoDftSOfdmDispatchKernel<float, __half, float, (unsigned int)2>(ch_est::puschRxChEstStatDescr_t *, ch_est::puschRxChEstDynDescr_t *)"
5047962166,2688,337483,103,1,1,128,1,1,16,0.000,0.000,,,,,NVIDIA A100-SXM4-40GB MIG 4g.20gb (0),1,,13,cupy_copy__complex64_complex64
5047979190,12319,337493,1434,1,1,128,1,1,16,0.000,0.000,,,,,NVIDIA A100-SXM4-40GB MIG 4g.20gb (0),1,,13,cupy_copy__complex64_complex64
5048001141,2528,337500,103,1,1,128,1,1,16,0.000,0.000,,,,,NVIDIA A100-SXM4-40GB MIG 4g.20gb (0),1,,13,cupy_copy__complex64_complex64
5048022101,83967,337507,1,1,1,32,32,1,30,0.000,0.000,,,,,NVIDIA A100-SXM4-40GB MIG 4g.20gb (0),1,,13,"void convert_kernel<__half2, float2>(tensor_layout_any, T1 *, tensor_layout_any, const T2 *)"
5048140052,26495,337510,,,,,,,,,,0.094,3536.274,Pinned,Device,NVIDIA A100-SXM4-40GB MIG 4g.20gb (0),1,,13,[CUDA memcpy Host-to-Device]
5048192979,48415,337511,,,,,,,,,,35.810,739618.088,Device,,NVIDIA A100-SXM4-40GB MIG 4g.20gb (0),1,,13,[CUDA memset]
5048246994,8544,337513,,,,,,,,,,0.000,9.363,Pinned,Device,NVIDIA A100-SXM4-40GB MIG 4g.20gb (0),1,,13,[CUDA memcpy Host-to-Device]
5048261970,20960,337514,,,,,,,,,,0.197,9379.971,Pinned,Device,NVIDIA A100-SXM4-40GB MIG 4g.20gb (0),1,,13,[CUDA memcpy Host-to-Device]
5048295730,9824,337515,273,1,1,48,1,1,40,0.000,0.001,,,,,NVIDIA A100-SXM4-40GB MIG 4g.20gb (0),1,,13,"void pusch_noise_intf_est::noiseIntfEstNoDftSOfdmKernel<float, __half, float, float, (unsigned int)2, (unsigned int)1, (unsigned char)4, (unsigned char)4>(pusch_noise_intf_est::puschRxNoiseIntfEstDynDescr)"
5048312433,2976,337526,35,1,1,128,1,1,16,0.000,0.000,,,,,NVIDIA A100-SXM4-40GB MIG 4g.20gb (0),1,,13,cupy_copy__complex64_complex64
5048320049,1792,337535,1,1,1,1,1,1,18,0.000,0.000,,,,,NVIDIA A100-SXM4-40GB MIG 4g.20gb (0),1,,13,cupy_copy__float32_float32
5048327217,3040,337541,,,,,,,,,,0.000,1.316,Device,Pageable,NVIDIA A100-SXM4-40GB MIG 4g.20gb (0),1,,7,[CUDA memcpy Device-to-Host]
5048393456,12672,337552,1434,1,1,128,1,1,16,0.000,0.000,,,,,NVIDIA A100-SXM4-40GB MIG 4g.20gb (0),1,,13,cupy_copy__complex64_complex64
5048421904,3040,337559,103,1,1,128,1,1,16,0.000,0.000,,,,,NVIDIA A100-SXM4-40GB MIG 4g.20gb (0),1,,13,cupy_copy__complex64_complex64
5048441520,2688,337566,35,1,1,128,1,1,16,0.000,0.000,,,,,NVIDIA A100-SXM4-40GB MIG 4g.20gb (0),1,,13,cupy_copy__complex64_complex64
5048459824,2016,337573,1,1,1,1,1,1,18,0.000,0.000,,,,,NVIDIA A100-SXM4-40GB MIG 4g.20gb (0),1,,13,cupy_copy__float32_float32
5048592046,87999,337584,1,1,1,32,32,1,30,0.000,0.000,,,,,NVIDIA A100-SXM4-40GB MIG 4g.20gb (0),1,,13,"void convert_kernel<__half2, float2>(tensor_layout_any, T1 *, tensor_layout_any, const T2 *)"
5048707245,5920,337587,,,,,,,,,,0.094,15826.941,Pinned,Device,NVIDIA A100-SXM4-40GB MIG 4g.20gb (0),1,,13,[CUDA memcpy Host-to-Device]
5048721420,3264,337588,,,,,,,,,,1.547,473842.288,Device,,NVIDIA A100-SXM4-40GB MIG 4g.20gb (0),1,,13,[CUDA memset]
5048728492,3168,337593,,,,,,,,,,0.031,9878.770,Pinned,Device,NVIDIA A100-SXM4-40GB MIG 4g.20gb (0),1,,13,[CUDA memcpy Host-to-Device]
5048734444,9472,337594,,,,,,,,,,0.197,20756.693,Pinned,Device,NVIDIA A100-SXM4-40GB MIG 4g.20gb (0),1,,13,[CUDA memcpy Host-to-Device]
5048749548,6592,337595,273,1,1,8,4,1,39,0.002,0.000,,,,,NVIDIA A100-SXM4-40GB MIG 4g.20gb (0),1,,13,"void channel_eq::eqMmseCoefCompLowMimoKernel<float, float, float, (unsigned int)4, (unsigned int)1, (unsigned int)4>(const channel_eq::_puschRxChEqStatDescr *, channel_eq::_puschRxChEqCoefCompDynDescr)"
5048757260,8256,337596,273,1,1,12,11,1,51,0.002,0.000,,,,,NVIDIA A100-SXM4-40GB MIG 4g.20gb (0),1,,13,"void channel_eq::eqMmseSoftDemapKernel<float, __half, __half, float, (unsigned int)4, (unsigned short)16383>(channel_eq::_puschRxChEqStatDescr *, channel_eq::_puschRxChEqSoftDemapDynDescr)"
5048768300,294236,337597,1,1,1,32,32,1,30,0.000,0.000,,,,,NVIDIA A100-SXM4-40GB MIG 4g.20gb (0),1,,13,"void convert_kernel<float2, __half2>(tensor_layout_any, T1 *, tensor_layout_any, const T2 *)"
5049064552,11168,337609,2253,1,1,128,1,1,16,0.000,0.000,,,,,NVIDIA A100-SXM4-40GB MIG 4g.20gb (0),1,,13,cupy_copy__float16_float16
5049078952,3744,337618,282,1,1,128,1,1,16,0.000,0.000,,,,,NVIDIA A100-SXM4-40GB MIG 4g.20gb (0),1,,13,cupy_copy__complex64_complex64
5049085480,2336,337627,26,1,1,128,1,1,16,0.000,0.000,,,,,NVIDIA A100-SXM4-40GB MIG 4g.20gb (0),1,,13,cupy_copy__float32_float32
5049089448,2976,337636,103,1,1,128,1,1,16,0.000,0.000,,,,,NVIDIA A100-SXM4-40GB MIG 4g.20gb (0),1,,13,cupy_copy__complex64_complex64
5049093928,12096,337646,1434,1,1,128,1,1,16,0.000,0.000,,,,,NVIDIA A100-SXM4-40GB MIG 4g.20gb (0),1,,13,cupy_copy__complex64_complex64
5049109032,85951,337651,1,1,1,32,32,1,30,0.000,0.000,,,,,NVIDIA A100-SXM4-40GB MIG 4g.20gb (0),1,,13,"void convert_kernel<__half2, float2>(tensor_layout_any, T1 *, tensor_layout_any, const T2 *)"
5049222022,5696,337654,,,,,,,,,,0.094,16449.363,Pinned,Device,NVIDIA A100-SXM4-40GB MIG 4g.20gb (0),1,,13,[CUDA memcpy Host-to-Device]
5049232454,597945,337655,,,,,,,,,,456.561,763370.728,Device,,NVIDIA A100-SXM4-40GB MIG 4g.20gb (0),1,,13,[CUDA memset]
5049836383,136062,337660,,,,,,,,,,1.235,9075.603,Pinned,Device,NVIDIA A100-SXM4-40GB MIG 4g.20gb (0),1,,13,[CUDA memcpy Host-to-Device]
5049985053,40895,337661,,,,,,,,,,0.197,4807.459,Pinned,Device,NVIDIA A100-SXM4-40GB MIG 4g.20gb (0),1,,13,[CUDA memcpy Host-to-Device]
5050043708,8256,337662,69,4,1,48,1,1,76,0.002,0.000,,,,,NVIDIA A100-SXM4-40GB MIG 4g.20gb (0),1,,13,"void ch_est::windowedChEstPreNoDftSOfdmKernel<float, __half, float, (unsigned int)2, (unsigned int)1, (unsigned short)4>(ch_est::puschRxChEstStatDescr_t *, ch_est::puschRxChEstDynDescr_t *)"
5050063132,6752,337663,137,2,1,24,2,1,44,0.001,0.001,,,,,NVIDIA A100-SXM4-40GB MIG 4g.20gb (0),1,,13,"void ch_est::chEstFilterNoDftSOfdmDispatchKernel<float, __half, float, (unsigned int)2>(ch_est::puschRxChEstStatDescr_t *, ch_est::puschRxChEstDynDescr_t *)"
5050079804,4704,337664,137,2,1,24,2,1,44,0.001,0.001,,,,,NVIDIA A100-SXM4-40GB MIG 4g.20gb (0),1,,13,"void ch_est::chEstFilterNoDftSOfdmDispatchKernel<float, __half, float, (unsigned int)2>(ch_est::puschRxChEstStatDescr_t *, ch_est::puschRxChEstDynDescr_t *)"
5050096891,2528,337675,103,1,1,128,1,1,16,0.000,0.000,,,,,NVIDIA A100-SXM4-40GB MIG 4g.20gb (0),1,,13,cupy_copy__complex64_complex64
5050114843,12416,337685,1434,1,1,128,1,1,16,0.000,0.000,,,,,NVIDIA A100-SXM4-40GB MIG 4g.20gb (0),1,,13,cupy_copy__complex64_complex64
5050134203,2944,337692,103,1,1,128,1,1,16,0.000,0.000,,,,,NVIDIA A100-SXM4-40GB MIG 4g.20gb (0),1,,13,cupy_copy__complex64_complex64
5050157147,99839,337699,1,1,1,32,32,1,30,0.000,0.000,,,,,NVIDIA A100-SXM4-40GB MIG 4g.20gb (0),1,,13,"void convert_kernel<__half2, float2>(tensor_layout_any, T1 *, tensor_layout_any, const T2 *)"
5050288953,26336,337702,,,,,,,,,,0.094,3557.637,Pinned,Device,NVIDIA A100-SXM4-40GB MIG 4g.20gb (0),1,,13,[CUDA memcpy Host-to-Device]
5050345784,47296,337703,,,,,,,,,,35.810,757129.139,Device,,NVIDIA A100-SXM4-40GB MIG 4g.20gb (0),1,,13,[CUDA memset]
5050397624,14656,337705,,,,,,,,,,0.000,5.458,Pinned,Device,NVIDIA A100-SXM4-40GB MIG 4g.20gb (0),1,,13,[CUDA memcpy Host-to-Device]
5050419416,30495,337706,,,,,,,,,,0.197,6447.170,Pinned,Device,NVIDIA A100-SXM4-40GB MIG 4g.20gb (0),1,,13,[CUDA memcpy Host-to-Device]
5050469175,10432,337707,273,1,1,48,1,1,40,0.000,0.001,,,,,NVIDIA A100-SXM4-40GB MIG 4g.20gb (0),1,,13,"void pusch_noise_intf_est::noiseIntfEstNoDftSOfdmKernel<float, __half, float, float, (unsigned int)2, (unsigned int)1, (unsigned char)4, (unsigned char)4>(pusch_noise_intf_est::puschRxNoiseIntfEstDynDescr)"
5050486103,2720,337718,35,1,1,128,1,1,16,0.000,0.000,,,,,NVIDIA A100-SXM4-40GB MIG 4g.20gb (0),1,,13,cupy_copy__complex64_complex64
5050502326,1728,337727,1,1,1,1,1,1,18,0.000,0.000,,,,,NVIDIA A100-SXM4-40GB MIG 4g.20gb (0),1,,13,cupy_copy__float32_float32
5050510358,8160,337733,,,,,,,,,,0.000,0.490,Device,Pageable,NVIDIA A100-SXM4-40GB MIG 4g.20gb (0),1,,7,[CUDA memcpy Device-to-Host]
5050610773,12704,337744,1434,1,1,128,1,1,16,0.000,0.000,,,,,NVIDIA A100-SXM4-40GB MIG 4g.20gb (0),1,,13,cupy_copy__complex64_complex64
5050636373,2624,337751,103,1,1,128,1,1,16,0.000,0.000,,,,,NVIDIA A100-SXM4-40GB MIG 4g.20gb (0),1,,13,cupy_copy__complex64_complex64
5050653589,2176,337758,35,1,1,128,1,1,16,0.000,0.000,,,,,NVIDIA A100-SXM4-40GB MIG 4g.20gb (0),1,,13,cupy_copy__complex64_complex64
5050657173,1888,337765,1,1,1,1,1,1,18,0.000,0.000,,,,,NVIDIA A100-SXM4-40GB MIG 4g.20gb (0),1,,13,cupy_copy__float32_float32
5050791027,87359,337776,1,1,1,32,32,1,30,0.000,0.000,,,,,NVIDIA A100-SXM4-40GB MIG 4g.20gb (0),1,,13,"void convert_kernel<__half2, float2>(tensor_layout_any, T1 *, tensor_layout_any, const T2 *)"
5050907185,5440,337779,,,,,,,,,,0.094,17223.480,Pinned,Device,NVIDIA A100-SXM4-40GB MIG 4g.20gb (0),1,,13,[CUDA memcpy Host-to-Device]
5050922321,3488,337780,,,,,,,,,,1.547,443412.461,Device,,NVIDIA A100-SXM4-40GB MIG 4g.20gb (0),1,,13,[CUDA memset]
5050929777,3264,337785,,,,,,,,,,0.031,9588.218,Pinned,Device,NVIDIA A100-SXM4-40GB MIG 4g.20gb (0),1,,13,[CUDA memcpy Host-to-Device]
5050935505,9376,337786,,,,,,,,,,0.197,20969.226,Pinned,Device,NVIDIA A100-SXM4-40GB MIG 4g.20gb (0),1,,13,[CUDA memcpy Host-to-Device]
5050948593,8192,337787,273,1,1,8,4,1,39,0.002,0.000,,,,,NVIDIA A100-SXM4-40GB MIG 4g.20gb (0),1,,13,"void channel_eq::eqMmseCoefCompLowMimoKernel<float, float, float, (unsigned int)4, (unsigned int)1, (unsigned int)4>(const channel_eq::_puschRxChEqStatDescr *, channel_eq::_puschRxChEqCoefCompDynDescr)"
5050958097,6560,337788,273,1,1,12,11,1,51,0.002,0.000,,,,,NVIDIA A100-SXM4-40GB MIG 4g.20gb (0),1,,13,"void channel_eq::eqMmseSoftDemapKernel<float, __half, __half, float, (unsigned int)4, (unsigned short)16383>(channel_eq::_puschRxChEqStatDescr *, channel_eq::_puschRxChEqSoftDemapDynDescr)"
5050965713,282556,337789,1,1,1,32,32,1,30,0.000,0.000,,,,,NVIDIA A100-SXM4-40GB MIG 4g.20gb (0),1,,13,"void convert_kernel<float2, __half2>(tensor_layout_any, T1 *, tensor_layout_any, const T2 *)"
5051249325,11040,337801,2253,1,1,128,1,1,16,0.000,0.000,,,,,NVIDIA A100-SXM4-40GB MIG 4g.20gb (0),1,,13,cupy_copy__float16_float16
5051262509,4000,337810,282,1,1,128,1,1,16,0.000,0.000,,,,,NVIDIA A100-SXM4-40GB MIG 4g.20gb (0),1,,13,cupy_copy__complex64_complex64
5051270605,2272,337819,26,1,1,128,1,1,16,0.000,0.000,,,,,NVIDIA A100-SXM4-40GB MIG 4g.20gb (0),1,,13,cupy_copy__float32_float32
5051275181,3008,337828,103,1,1,128,1,1,16,0.000,0.000,,,,,NVIDIA A100-SXM4-40GB MIG 4g.20gb (0),1,,13,cupy_copy__complex64_complex64
5051279661,12608,337838,1434,1,1,128,1,1,16,0.000,0.000,,,,,NVIDIA A100-SXM4-40GB MIG 4g.20gb (0),1,,13,cupy_copy__complex64_complex64
5051298093,81599,337843,1,1,1,32,32,1,30,0.000,0.000,,,,,NVIDIA A100-SXM4-40GB MIG 4g.20gb (0),1,,13,"void convert_kernel<__half2, float2>(tensor_layout_any, T1 *, tensor_layout_any, const T2 *)"
5051406347,5536,337846,,,,,,,,,,0.094,16924.777,Pinned,Device,NVIDIA A100-SXM4-40GB MIG 4g.20gb (0),1,,13,[CUDA memcpy Host-to-Device]
5051416811,598649,337847,,,,,,,,,,456.561,762457.605,Device,,NVIDIA A100-SXM4-40GB MIG 4g.20gb (0),1,,13,[CUDA memset]
5052020484,128894,337852,,,,,,,,,,1.235,9580.696,Pinned,Device,NVIDIA A100-SXM4-40GB MIG 4g.20gb (0),1,,13,[CUDA memcpy Host-to-Device]
5052157218,21536,337853,,,,,,,,,,0.197,9129.099,Pinned,Device,NVIDIA A100-SXM4-40GB MIG 4g.20gb (0),1,,13,[CUDA memcpy Host-to-Device]
5052188034,7776,337854,69,4,1,48,1,1,76,0.002,0.000,,,,,NVIDIA A100-SXM4-40GB MIG 4g.20gb (0),1,,13,"void ch_est::windowedChEstPreNoDftSOfdmKernel<float, __half, float, (unsigned int)2, (unsigned int)1, (unsigned short)4>(ch_est::puschRxChEstStatDescr_t *, ch_est::puschRxChEstDynDescr_t *)"
5052197762,7679,337855,137,2,1,24,2,1,44,0.001,0.001,,,,,NVIDIA A100-SXM4-40GB MIG 4g.20gb (0),1,,13,"void ch_est::chEstFilterNoDftSOfdmDispatchKernel<float, __half, float, (unsigned int)2>(ch_est::puschRxChEstStatDescr_t *, ch_est::puschRxChEstDynDescr_t *)"
5052211873,6464,337856,137,2,1,24,2,1,44,0.001,0.001,,,,,NVIDIA A100-SXM4-40GB MIG 4g.20gb (0),1,,13,"void ch_est::chEstFilterNoDftSOfdmDispatchKernel<float, __half, float, (unsigned int)2>(ch_est::puschRxChEstStatDescr_t *, ch_est::puschRxChEstDynDescr_t *)"
5052223873,2592,337867,103,1,1,128,1,1,16,0.000,0.000,,,,,NVIDIA A100-SXM4-40GB MIG 4g.20gb (0),1,,13,cupy_copy__complex64_complex64
5052230433,12512,337877,1434,1,1,128,1,1,16,0.000,0.000,,,,,NVIDIA A100-SXM4-40GB MIG 4g.20gb (0),1,,13,cupy_copy__complex64_complex64
5052244449,2560,337884,103,1,1,128,1,1,16,0.000,0.000,,,,,NVIDIA A100-SXM4-40GB MIG 4g.20gb (0),1,,13,cupy_copy__complex64_complex64
5052250945,85887,337891,1,1,1,32,32,1,30,0.000,0.000,,,,,NVIDIA A100-SXM4-40GB MIG 4g.20gb (0),1,,13,"void convert_kernel<__half2, float2>(tensor_layout_any, T1 *, tensor_layout_any, const T2 *)"
5052364128,5663,337894,,,,,,,,,,0.094,16545.214,Pinned,Device,NVIDIA A100-SXM4-40GB MIG 4g.20gb (0),1,,13,[CUDA memcpy Host-to-Device]
5052375583,47584,337895,,,,,,,,,,35.810,752545.469,Device,,NVIDIA A100-SXM4-40GB MIG 4g.20gb (0),1,,13,[CUDA memset]
5052427967,2592,337897,,,,,,,,,,0.000,30.864,Pinned,Device,NVIDIA A100-SXM4-40GB MIG 4g.20gb (0),1,,13,[CUDA memcpy Host-to-Device]
5052435871,13887,337898,,,,,,,,,,0.197,14157.545,Pinned,Device,NVIDIA A100-SXM4-40GB MIG 4g.20gb (0),1,,13,[CUDA memcpy Host-to-Device]
5052457790,9504,337899,273,1,1,48,1,1,40,0.000,0.001,,,,,NVIDIA A100-SXM4-40GB MIG 4g.20gb (0),1,,13,"void pusch_noise_intf_est::noiseIntfEstNoDftSOfdmKernel<float, __half, float, float, (unsigned int)2, (unsigned int)1, (unsigned char)4, (unsigned char)4>(pusch_noise_intf_est::puschRxNoiseIntfEstDynDescr)"
5052469278,2944,337910,35,1,1,128,1,1,16,0.000,0.000,,,,,NVIDIA A100-SXM4-40GB MIG 4g.20gb (0),1,,13,cupy_copy__complex64_complex64
5052484830,1792,337919,1,1,1,1,1,1,18,0.000,0.000,,,,,NVIDIA A100-SXM4-40GB MIG 4g.20gb (0),1,,13,cupy_copy__float32_float32
5052517374,1600,337925,,,,,,,,,,0.000,2.500,Device,Pageable,NVIDIA A100-SXM4-40GB MIG 4g.20gb (0),1,,7,[CUDA memcpy Device-to-Host]
5052577757,12768,337936,1434,1,1,128,1,1,16,0.000,0.000,,,,,NVIDIA A100-SXM4-40GB MIG 4g.20gb (0),1,,13,cupy_copy__complex64_complex64
5052604189,2752,337943,103,1,1,128,1,1,16,0.000,0.000,,,,,NVIDIA A100-SXM4-40GB MIG 4g.20gb (0),1,,13,cupy_copy__complex64_complex64
5052623676,2368,337950,35,1,1,128,1,1,16,0.000,0.000,,,,,NVIDIA A100-SXM4-40GB MIG 4g.20gb (0),1,,13,cupy_copy__complex64_complex64
5052643004,1792,337957,1,1,1,1,1,1,18,0.000,0.000,,,,,NVIDIA A100-SXM4-40GB MIG 4g.20gb (0),1,,13,cupy_copy__float32_float32
5052775226,87743,337968,1,1,1,32,32,1,30,0.000,0.000,,,,,NVIDIA A100-SXM4-40GB MIG 4g.20gb (0),1,,13,"void convert_kernel<__half2, float2>(tensor_layout_any, T1 *, tensor_layout_any, const T2 *)"
5052891097,5472,337971,,,,,,,,,,0.094,17122.757,Pinned,Device,NVIDIA A100-SXM4-40GB MIG 4g.20gb (0),1,,13,[CUDA memcpy Host-to-Device]
5052906713,3264,337972,,,,,,,,,,1.547,473842.288,Device,,NVIDIA A100-SXM4-40GB MIG 4g.20gb (0),1,,13,[CUDA memset]
5052912185,3296,337977,,,,,,,,,,0.031,9495.144,Pinned,Device,NVIDIA A100-SXM4-40GB MIG 4g.20gb (0),1,,13,[CUDA memcpy Host-to-Device]
5052918265,9856,337978,,,,,,,,,,0.197,19948.044,Pinned,Device,NVIDIA A100-SXM4-40GB MIG 4g.20gb (0),1,,13,[CUDA memcpy Host-to-Device]
5052931705,6207,337979,273,1,1,8,4,1,39,0.002,0.000,,,,,NVIDIA A100-SXM4-40GB MIG 4g.20gb (0),1,,13,"void channel_eq::eqMmseCoefCompLowMimoKernel<float, float, float, (unsigned int)4, (unsigned int)1, (unsigned int)4>(const channel_eq::_puschRxChEqStatDescr *, channel_eq::_puschRxChEqCoefCompDynDescr)"
5052938872,5856,337980,273,1,1,12,11,1,51,0.002,0.000,,,,,NVIDIA A100-SXM4-40GB MIG 4g.20gb (0),1,,13,"void channel_eq::eqMmseSoftDemapKernel<float, __half, __half, float, (unsigned int)4, (unsigned short)16383>(channel_eq::_puschRxChEqStatDescr *, channel_eq::_puschRxChEqSoftDemapDynDescr)"
5052945784,281917,337981,1,1,1,32,32,1,30,0.000,0.000,,,,,NVIDIA A100-SXM4-40GB MIG 4g.20gb (0),1,,13,"void convert_kernel<float2, __half2>(tensor_layout_any, T1 *, tensor_layout_any, const T2 *)"
5053228693,11104,337993,2253,1,1,128,1,1,16,0.000,0.000,,,,,NVIDIA A100-SXM4-40GB MIG 4g.20gb (0),1,,13,cupy_copy__float16_float16
5053242677,3776,338002,282,1,1,128,1,1,16,0.000,0.000,,,,,NVIDIA A100-SXM4-40GB MIG 4g.20gb (0),1,,13,cupy_copy__complex64_complex64
5053248501,2144,338011,26,1,1,128,1,1,16,0.000,0.000,,,,,NVIDIA A100-SXM4-40GB MIG 4g.20gb (0),1,,13,cupy_copy__float32_float32
5053251733,3200,338020,103,1,1,128,1,1,16,0.000,0.000,,,,,NVIDIA A100-SXM4-40GB MIG 4g.20gb (0),1,,13,cupy_copy__complex64_complex64
5053257269,11967,338030,1434,1,1,128,1,1,16,0.000,0.000,,,,,NVIDIA A100-SXM4-40GB MIG 4g.20gb (0),1,,13,cupy_copy__complex64_complex64
5053282516,81727,338035,1,1,1,32,32,1,30,0.000,0.000,,,,,NVIDIA A100-SXM4-40GB MIG 4g.20gb (0),1,,13,"void convert_kernel<__half2, float2>(tensor_layout_any, T1 *, tensor_layout_any, const T2 *)"
5053390867,5504,338038,,,,,,,,,,0.094,17023.251,Pinned,Device,NVIDIA A100-SXM4-40GB MIG 4g.20gb (0),1,,13,[CUDA memcpy Host-to-Device]
5053400851,597272,338039,,,,,,,,,,456.561,764283.851,Device,,NVIDIA A100-SXM4-40GB MIG 4g.20gb (0),1,,13,[CUDA memset]
5054011019,169534,338044,,,,,,,,,,1.235,7283.700,Pinned,Device,NVIDIA A100-SXM4-40GB MIG 4g.20gb (0),1,,13,[CUDA memcpy Host-to-Device]
5054194633,40767,338045,,,,,,,,,,0.197,4822.598,Pinned,Device,NVIDIA A100-SXM4-40GB MIG 4g.20gb (0),1,,13,[CUDA memcpy Host-to-Device]
5054252648,8320,338046,69,4,1,48,1,1,76,0.002,0.000,,,,,NVIDIA A100-SXM4-40GB MIG 4g.20gb (0),1,,13,"void ch_est::windowedChEstPreNoDftSOfdmKernel<float, __half, float, (unsigned int)2, (unsigned int)1, (unsigned short)4>(ch_est::puschRxChEstStatDescr_t *, ch_est::puschRxChEstDynDescr_t *)"
5054270632,6720,338047,137,2,1,24,2,1,44,0.001,0.001,,,,,NVIDIA A100-SXM4-40GB MIG 4g.20gb (0),1,,13,"void ch_est::chEstFilterNoDftSOfdmDispatchKernel<float, __half, float, (unsigned int)2>(ch_est::puschRxChEstStatDescr_t *, ch_est::puschRxChEstDynDescr_t *)"
5054290440,4896,338048,137,2,1,24,2,1,44,0.001,0.001,,,,,NVIDIA A100-SXM4-40GB MIG 4g.20gb (0),1,,13,"void ch_est::chEstFilterNoDftSOfdmDispatchKernel<float, __half, float, (unsigned int)2>(ch_est::puschRxChEstStatDescr_t *, ch_est::puschRxChEstDynDescr_t *)"
5054307048,2656,338059,103,1,1,128,1,1,16,0.000,0.000,,,,,NVIDIA A100-SXM4-40GB MIG 4g.20gb (0),1,,13,cupy_copy__complex64_complex64
5054323271,12480,338069,1434,1,1,128,1,1,16,0.000,0.000,,,,,NVIDIA A100-SXM4-40GB MIG 4g.20gb (0),1,,13,cupy_copy__complex64_complex64
5054355495,2496,338076,103,1,1,128,1,1,16,0.000,0.000,,,,,NVIDIA A100-SXM4-40GB MIG 4g.20gb (0),1,,13,cupy_copy__complex64_complex64
5054370087,84991,338083,1,1,1,32,32,1,30,0.000,0.000,,,,,NVIDIA A100-SXM4-40GB MIG 4g.20gb (0),1,,13,"void convert_kernel<__half2, float2>(tensor_layout_any, T1 *, tensor_layout_any, const T2 *)"
5054483109,11904,338086,,,,,,,,,,0.094,7870.932,Pinned,Device,NVIDIA A100-SXM4-40GB MIG 4g.20gb (0),1,,13,[CUDA memcpy Host-to-Device]
5054500101,47584,338087,,,,,,,,,,35.810,752545.469,Device,,NVIDIA A100-SXM4-40GB MIG 4g.20gb (0),1,,13,[CUDA memset]
5054551333,8735,338089,,,,,,,,,,0.000,9.158,Pinned,Device,NVIDIA A100-SXM4-40GB MIG 4g.20gb (0),1,,13,[CUDA memcpy Host-to-Device]
5054567076,13024,338090,,,,,,,,,,0.197,15095.759,Pinned,Device,NVIDIA A100-SXM4-40GB MIG 4g.20gb (0),1,,13,[CUDA memcpy Host-to-Device]
5054591908,9920,338091,273,1,1,48,1,1,40,0.000,0.001,,,,,NVIDIA A100-SXM4-40GB MIG 4g.20gb (0),1,,13,"void pusch_noise_intf_est::noiseIntfEstNoDftSOfdmKernel<float, __half, float, float, (unsigned int)2, (unsigned int)1, (unsigned char)4, (unsigned char)4>(pusch_noise_intf_est::puschRxNoiseIntfEstDynDescr)"
5054609604,2688,338102,35,1,1,128,1,1,16,0.000,0.000,,,,,NVIDIA A100-SXM4-40GB MIG 4g.20gb (0),1,,13,cupy_copy__complex64_complex64
5054618852,1728,338111,1,1,1,1,1,1,18,0.000,0.000,,,,,NVIDIA A100-SXM4-40GB MIG 4g.20gb (0),1,,13,cupy_copy__float32_float32
5054637476,1664,338117,,,,,,,,,,0.000,2.404,Device,Pageable,NVIDIA A100-SXM4-40GB MIG 4g.20gb (0),1,,7,[CUDA memcpy Device-to-Host]
5054697923,13216,338128,1434,1,1,128,1,1,16,0.000,0.000,,,,,NVIDIA A100-SXM4-40GB MIG 4g.20gb (0),1,,13,cupy_copy__complex64_complex64
5054724738,2624,338135,103,1,1,128,1,1,16,0.000,0.000,,,,,NVIDIA A100-SXM4-40GB MIG 4g.20gb (0),1,,13,cupy_copy__complex64_complex64
5054745218,2304,338142,35,1,1,128,1,1,16,0.000,0.000,,,,,NVIDIA A100-SXM4-40GB MIG 4g.20gb (0),1,,13,cupy_copy__complex64_complex64
5054765250,1824,338149,1,1,1,1,1,1,18,0.000,0.000,,,,,NVIDIA A100-SXM4-40GB MIG 4g.20gb (0),1,,13,cupy_copy__float32_float32
5054902784,82527,338160,1,1,1,32,32,1,30,0.000,0.000,,,,,NVIDIA A100-SXM4-40GB MIG 4g.20gb (0),1,,13,"void convert_kernel<__half2, float2>(tensor_layout_any, T1 *, tensor_layout_any, const T2 *)"
5055013151,5536,338163,,,,,,,,,,0.094,16924.777,Pinned,Device,NVIDIA A100-SXM4-40GB MIG 4g.20gb (0),1,,13,[CUDA memcpy Host-to-Device]
5055027903,3232,338164,,,,,,,,,,1.547,478533.199,Device,,NVIDIA A100-SXM4-40GB MIG 4g.20gb (0),1,,13,[CUDA memset]
5055034527,3040,338169,,,,,,,,,,0.031,10294.725,Pinned,Device,NVIDIA A100-SXM4-40GB MIG 4g.20gb (0),1,,13,[CUDA memcpy Host-to-Device]
5055040223,9663,338170,,,,,,,,,,0.197,20346.372,Pinned,Device,NVIDIA A100-SXM4-40GB MIG 4g.20gb (0),1,,13,[CUDA memcpy Host-to-Device]
5055055774,6048,338171,273,1,1,8,4,1,39,0.002,0.000,,,,,NVIDIA A100-SXM4-40GB MIG 4g.20gb (0),1,,13,"void channel_eq::eqMmseCoefCompLowMimoKernel<float, float, float, (unsigned int)4, (unsigned int)1, (unsigned int)4>(const channel_eq::_puschRxChEqStatDescr *, channel_eq::_puschRxChEqCoefCompDynDescr)"
5055064446,6336,338172,273,1,1,12,11,1,51,0.002,0.000,,,,,NVIDIA A100-SXM4-40GB MIG 4g.20gb (0),1,,13,"void channel_eq::eqMmseSoftDemapKernel<float, __half, __half, float, (unsigned int)4, (unsigned short)16383>(channel_eq::_puschRxChEqStatDescr *, channel_eq::_puschRxChEqSoftDemapDynDescr)"
5055071870,282045,338173,1,1,1,32,32,1,30,0.000,0.000,,,,,NVIDIA A100-SXM4-40GB MIG 4g.20gb (0),1,,13,"void convert_kernel<float2, __half2>(tensor_layout_any, T1 *, tensor_layout_any, const T2 *)"
5055355003,11008,338185,2253,1,1,128,1,1,16,0.000,0.000,,,,,NVIDIA A100-SXM4-40GB MIG 4g.20gb (0),1,,13,cupy_copy__float16_float16
5055369339,2847,338194,282,1,1,128,1,1,16,0.000,0.000,,,,,NVIDIA A100-SXM4-40GB MIG 4g.20gb (0),1,,13,cupy_copy__complex64_complex64
5055374650,2112,338203,26,1,1,128,1,1,16,0.000,0.000,,,,,NVIDIA A100-SXM4-40GB MIG 4g.20gb (0),1,,13,cupy_copy__float32_float32
5055378170,4672,338212,103,1,1,128,1,1,16,0.000,0.000,,,,,NVIDIA A100-SXM4-40GB MIG 4g.20gb (0),1,,13,cupy_copy__complex64_complex64
5055383898,12000,338222,1434,1,1,128,1,1,16,0.000,0.000,,,,,NVIDIA A100-SXM4-40GB MIG 4g.20gb (0),1,,13,cupy_copy__complex64_complex64
5055405882,81119,338227,1,1,1,32,32,1,30,0.000,0.000,,,,,NVIDIA A100-SXM4-40GB MIG 4g.20gb (0),1,,13,"void convert_kernel<__half2, float2>(tensor_layout_any, T1 *, tensor_layout_any, const T2 *)"
5055514009,5408,338230,,,,,,,,,,0.094,17325.421,Pinned,Device,NVIDIA A100-SXM4-40GB MIG 4g.20gb (0),1,,13,[CUDA memcpy Host-to-Device]
5055524153,597752,338231,,,,,,,,,,456.561,763370.728,Device,,NVIDIA A100-SXM4-40GB MIG 4g.20gb (0),1,,13,[CUDA memset]
5056130001,172958,338236,,,,,,,,,,1.235,7139.211,Pinned,Device,NVIDIA A100-SXM4-40GB MIG 4g.20gb (0),1,,13,[CUDA memcpy Host-to-Device]
5056319407,40799,338237,,,,,,,,,,0.197,4818.862,Pinned,Device,NVIDIA A100-SXM4-40GB MIG 4g.20gb (0),1,,13,[CUDA memcpy Host-to-Device]
5056389134,8032,338238,69,4,1,48,1,1,76,0.002,0.000,,,,,NVIDIA A100-SXM4-40GB MIG 4g.20gb (0),1,,13,"void ch_est::windowedChEstPreNoDftSOfdmKernel<float, __half, float, (unsigned int)2, (unsigned int)1, (unsigned short)4>(ch_est::puschRxChEstStatDescr_t *, ch_est::puschRxChEstDynDescr_t *)"
5056407022,6816,338239,137,2,1,24,2,1,44,0.001,0.001,,,,,NVIDIA A100-SXM4-40GB MIG 4g.20gb (0),1,,13,"void ch_est::chEstFilterNoDftSOfdmDispatchKernel<float, __half, float, (unsigned int)2>(ch_est::puschRxChEstStatDescr_t *, ch_est::puschRxChEstDynDescr_t *)"
5056424238,4735,338240,137,2,1,24,2,1,44,0.001,0.001,,,,,NVIDIA A100-SXM4-40GB MIG 4g.20gb (0),1,,13,"void ch_est::chEstFilterNoDftSOfdmDispatchKernel<float, __half, float, (unsigned int)2>(ch_est::puschRxChEstStatDescr_t *, ch_est::puschRxChEstDynDescr_t *)"
5056442125,2656,338251,103,1,1,128,1,1,16,0.000,0.000,,,,,NVIDIA A100-SXM4-40GB MIG 4g.20gb (0),1,,13,cupy_copy__complex64_complex64
5056459245,12416,338261,1434,1,1,128,1,1,16,0.000,0.000,,,,,NVIDIA A100-SXM4-40GB MIG 4g.20gb (0),1,,13,cupy_copy__complex64_complex64
5056480973,2560,338268,103,1,1,128,1,1,16,0.000,0.000,,,,,NVIDIA A100-SXM4-40GB MIG 4g.20gb (0),1,,13,cupy_copy__complex64_complex64
5056503149,88094,338275,1,1,1,32,32,1,30,0.000,0.000,,,,,NVIDIA A100-SXM4-40GB MIG 4g.20gb (0),1,,13,"void convert_kernel<__half2, float2>(tensor_layout_any, T1 *, tensor_layout_any, const T2 *)"
5056622763,27552,338278,,,,,,,,,,0.094,3400.696,Pinned,Device,NVIDIA A100-SXM4-40GB MIG 4g.20gb (0),1,,13,[CUDA memcpy Host-to-Device]
5056666699,47359,338279,,,,,,,,,,35.810,756126.461,Device,,NVIDIA A100-SXM4-40GB MIG 4g.20gb (0),1,,13,[CUDA memset]
5056720586,8064,338281,,,,,,,,,,0.000,9.921,Pinned,Device,NVIDIA A100-SXM4-40GB MIG 4g.20gb (0),1,,13,[CUDA memcpy Host-to-Device]
5056736554,14879,338282,,,,,,,,,,0.197,13213.630,Pinned,Device,NVIDIA A100-SXM4-40GB MIG 4g.20gb (0),1,,13,[CUDA memcpy Host-to-Device]
5056759817,9760,338283,273,1,1,48,1,1,40,0.000,0.001,,,,,NVIDIA A100-SXM4-40GB MIG 4g.20gb (0),1,,13,"void pusch_noise_intf_est::noiseIntfEstNoDftSOfdmKernel<float, __half, float, float, (unsigned int)2, (unsigned int)1, (unsigned char)4, (unsigned char)4>(pusch_noise_intf_est::puschRxNoiseIntfEstDynDescr)"
5056775561,2848,338294,35,1,1,128,1,1,16,0.000,0.000,,,,,NVIDIA A100-SXM4-40GB MIG 4g.20gb (0),1,,13,cupy_copy__complex64_complex64
5056784201,1728,338303,1,1,1,1,1,1,18,0.000,0.000,,,,,NVIDIA A100-SXM4-40GB MIG 4g.20gb (0),1,,13,cupy_copy__float32_float32
5056792521,4096,338309,,,,,,,,,,0.000,0.977,Device,Pageable,NVIDIA A100-SXM4-40GB MIG 4g.20gb (0),1,,7,[CUDA memcpy Device-to-Host]
5056868040,12832,338320,1434,1,1,128,1,1,16,0.000,0.000,,,,,NVIDIA A100-SXM4-40GB MIG 4g.20gb (0),1,,13,cupy_copy__complex64_complex64
5056900808,5504,338327,103,1,1,128,1,1,16,0.000,0.000,,,,,NVIDIA A100-SXM4-40GB MIG 4g.20gb (0),1,,13,cupy_copy__complex64_complex64
5056916839,2656,338334,35,1,1,128,1,1,16,0.000,0.000,,,,,NVIDIA A100-SXM4-40GB MIG 4g.20gb (0),1,,13,cupy_copy__complex64_complex64
5056939175,1952,338341,1,1,1,1,1,1,18,0.000,0.000,,,,,NVIDIA A100-SXM4-40GB MIG 4g.20gb (0),1,,13,cupy_copy__float32_float32
5057060934,82463,338352,1,1,1,32,32,1,30,0.000,0.000,,,,,NVIDIA A100-SXM4-40GB MIG 4g.20gb (0),1,,13,"void convert_kernel<__half2, float2>(tensor_layout_any, T1 *, tensor_layout_any, const T2 *)"
5057170628,5952,338355,,,,,,,,,,0.094,15741.865,Pinned,Device,NVIDIA A100-SXM4-40GB MIG 4g.20gb (0),1,,13,[CUDA memcpy Host-to-Device]
5057184612,3424,338356,,,,,,,,,,1.547,451700.819,Device,,NVIDIA A100-SXM4-40GB MIG 4g.20gb (0),1,,13,[CUDA memset]
5057191588,3392,338361,,,,,,,,,,0.031,9226.405,Pinned,Device,NVIDIA A100-SXM4-40GB MIG 4g.20gb (0),1,,13,[CUDA memcpy Host-to-Device]
5057197636,9600,338362,,,,,,,,,,0.197,20479.869,Pinned,Device,NVIDIA A100-SXM4-40GB MIG 4g.20gb (0),1,,13,[CUDA memcpy Host-to-Device]
5057211780,6688,338363,273,1,1,8,4,1,39,0.002,0.000,,,,,NVIDIA A100-SXM4-40GB MIG 4g.20gb (0),1,,13,"void channel_eq::eqMmseCoefCompLowMimoKernel<float, float, float, (unsigned int)4, (unsigned int)1, (unsigned int)4>(const channel_eq::_puschRxChEqStatDescr *, channel_eq::_puschRxChEqCoefCompDynDescr)"
5057219460,6336,338364,273,1,1,12,11,1,51,0.002,0.000,,,,,NVIDIA A100-SXM4-40GB MIG 4g.20gb (0),1,,13,"void channel_eq::eqMmseSoftDemapKernel<float, __half, __half, float, (unsigned int)4, (unsigned short)16383>(channel_eq::_puschRxChEqStatDescr *, channel_eq::_puschRxChEqSoftDemapDynDescr)"
5057226916,282492,338365,1,1,1,32,32,1,30,0.000,0.000,,,,,NVIDIA A100-SXM4-40GB MIG 4g.20gb (0),1,,13,"void convert_kernel<float2, __half2>(tensor_layout_any, T1 *, tensor_layout_any, const T2 *)"
5057512576,10976,338377,2253,1,1,128,1,1,16,0.000,0.000,,,,,NVIDIA A100-SXM4-40GB MIG 4g.20gb (0),1,,13,cupy_copy__float16_float16
5057527904,3520,338386,282,1,1,128,1,1,16,0.000,0.000,,,,,NVIDIA A100-SXM4-40GB MIG 4g.20gb (0),1,,13,cupy_copy__complex64_complex64
5057534592,2048,338395,26,1,1,128,1,1,16,0.000,0.000,,,,,NVIDIA A100-SXM4-40GB MIG 4g.20gb (0),1,,13,cupy_copy__float32_float32
5057540096,2944,338404,103,1,1,128,1,1,16,0.000,0.000,,,,,NVIDIA A100-SXM4-40GB MIG 4g.20gb (0),1,,13,cupy_copy__complex64_complex64
5057544064,11968,338414,1434,1,1,128,1,1,16,0.000,0.000,,,,,NVIDIA A100-SXM4-40GB MIG 4g.20gb (0),1,,13,cupy_copy__complex64_complex64
5057561408,82846,338419,1,1,1,32,32,1,30,0.000,0.000,,,,,NVIDIA A100-SXM4-40GB MIG 4g.20gb (0),1,,13,"void convert_kernel<__half2, float2>(tensor_layout_any, T1 *, tensor_layout_any, const T2 *)"
5057670462,5568,338422,,,,,,,,,,0.094,16827.521,Pinned,Device,NVIDIA A100-SXM4-40GB MIG 4g.20gb (0),1,,13,[CUDA memcpy Host-to-Device]
5057680222,598169,338423,,,,,,,,,,456.561,762914.166,Device,,NVIDIA A100-SXM4-40GB MIG 4g.20gb (0),1,,13,[CUDA memset]
5058284631,135006,338428,,,,,,,,,,1.235,9147.230,Pinned,Device,NVIDIA A100-SXM4-40GB MIG 4g.20gb (0),1,,13,[CUDA memcpy Host-to-Device]
5058427797,28127,338429,,,,,,,,,,0.197,6990.004,Pinned,Device,NVIDIA A100-SXM4-40GB MIG 4g.20gb (0),1,,13,[CUDA memcpy Host-to-Device]
5058470292,8064,338430,69,4,1,48,1,1,76,0.002,0.000,,,,,NVIDIA A100-SXM4-40GB MIG 4g.20gb (0),1,,13,"void ch_est::windowedChEstPreNoDftSOfdmKernel<float, __half, float, (unsigned int)2, (unsigned int)1, (unsigned short)4>(ch_est::puschRxChEstStatDescr_t *, ch_est::puschRxChEstDynDescr_t *)"
5058489268,6848,338431,137,2,1,24,2,1,44,0.001,0.001,,,,,NVIDIA A100-SXM4-40GB MIG 4g.20gb (0),1,,13,"void ch_est::chEstFilterNoDftSOfdmDispatchKernel<float, __half, float, (unsigned int)2>(ch_est::puschRxChEstStatDescr_t *, ch_est::puschRxChEstDynDescr_t *)"
5058502548,4704,338432,137,2,1,24,2,1,44,0.001,0.001,,,,,NVIDIA A100-SXM4-40GB MIG 4g.20gb (0),1,,13,"void ch_est::chEstFilterNoDftSOfdmDispatchKernel<float, __half, float, (unsigned int)2>(ch_est::puschRxChEstStatDescr_t *, ch_est::puschRxChEstDynDescr_t *)"
5058515892,2496,338443,103,1,1,128,1,1,16,0.000,0.000,,,,,NVIDIA A100-SXM4-40GB MIG 4g.20gb (0),1,,13,cupy_copy__complex64_complex64
5058531604,12479,338453,1434,1,1,128,1,1,16,0.000,0.000,,,,,NVIDIA A100-SXM4-40GB MIG 4g.20gb (0),1,,13,cupy_copy__complex64_complex64
5058567859,2560,338460,103,1,1,128,1,1,16,0.000,0.000,,,,,NVIDIA A100-SXM4-40GB MIG 4g.20gb (0),1,,13,cupy_copy__complex64_complex64
5058586195,81375,338467,1,1,1,32,32,1,30,0.000,0.000,,,,,NVIDIA A100-SXM4-40GB MIG 4g.20gb (0),1,,13,"void convert_kernel<__half2, float2>(tensor_layout_any, T1 *, tensor_layout_any, const T2 *)"
5058698545,24896,338470,,,,,,,,,,0.094,3763.487,Pinned,Device,NVIDIA A100-SXM4-40GB MIG 4g.20gb (0),1,,13,[CUDA memcpy Host-to-Device]
5058749617,47167,338471,,,,,,,,,,35.810,759206.114,Device,,NVIDIA A100-SXM4-40GB MIG 4g.20gb (0),1,,13,[CUDA memset]
5058802096,15424,338473,,,,,,,,,,0.000,5.187,Pinned,Device,NVIDIA A100-SXM4-40GB MIG 4g.20gb (0),1,,13,[CUDA memcpy Host-to-Device]
5058830576,24896,338474,,,,,,,,,,0.197,7897.154,Pinned,Device,NVIDIA A100-SXM4-40GB MIG 4g.20gb (0),1,,13,[CUDA memcpy Host-to-Device]
5058877839,9696,338475,273,1,1,48,1,1,40,0.000,0.001,,,,,NVIDIA A100-SXM4-40GB MIG 4g.20gb (0),1,,13,"void pusch_noise_intf_est::noiseIntfEstNoDftSOfdmKernel<float, __half, float, float, (unsigned int)2, (unsigned int)1, (unsigned char)4, (unsigned char)4>(pusch_noise_intf_est::puschRxNoiseIntfEstDynDescr)"
5058895087,2720,338486,35,1,1,128,1,1,16,0.000,0.000,,,,,NVIDIA A100-SXM4-40GB MIG 4g.20gb (0),1,,13,cupy_copy__complex64_complex64
5058911823,1728,338495,1,1,1,1,1,1,18,0.000,0.000,,,,,NVIDIA A100-SXM4-40GB MIG 4g.20gb (0),1,,13,cupy_copy__float32_float32
5058913903,9696,338501,,,,,,,,,,0.000,0.413,Device,Pageable,NVIDIA A100-SXM4-40GB MIG 4g.20gb (0),1,,7,[CUDA memcpy Device-to-Host]
5059008206,12512,338512,1434,1,1,128,1,1,16,0.000,0.000,,,,,NVIDIA A100-SXM4-40GB MIG 4g.20gb (0),1,,13,cupy_copy__complex64_complex64
5059033741,2848,338519,103,1,1,128,1,1,16,0.000,0.000,,,,,NVIDIA A100-SXM4-40GB MIG 4g.20gb (0),1,,13,cupy_copy__complex64_complex64
5059066221,2528,338526,35,1,1,128,1,1,16,0.000,0.000,,,,,NVIDIA A100-SXM4-40GB MIG 4g.20gb (0),1,,13,cupy_copy__complex64_complex64
5059082541,1664,338533,1,1,1,1,1,1,18,0.000,0.000,,,,,NVIDIA A100-SXM4-40GB MIG 4g.20gb (0),1,,13,cupy_copy__float32_float32
5059195755,81759,338544,1,1,1,32,32,1,30,0.000,0.000,,,,,NVIDIA A100-SXM4-40GB MIG 4g.20gb (0),1,,13,"void convert_kernel<__half2, float2>(tensor_layout_any, T1 *, tensor_layout_any, const T2 *)"
5059306346,12768,338547,,,,,,,,,,0.094,7338.271,Pinned,Device,NVIDIA A100-SXM4-40GB MIG 4g.20gb (0),1,,13,[CUDA memcpy Host-to-Device]
5059324362,3424,338548,,,,,,,,,,1.547,451700.819,Device,,NVIDIA A100-SXM4-40GB MIG 4g.20gb (0),1,,13,[CUDA memset]
5059335786,4128,338553,,,,,,,,,,0.031,7581.393,Pinned,Device,NVIDIA A100-SXM4-40GB MIG 4g.20gb (0),1,,13,[CUDA memcpy Host-to-Device]
5059342506,18175,338554,,,,,,,,,,0.197,10817.372,Pinned,Device,NVIDIA A100-SXM4-40GB MIG 4g.20gb (0),1,,13,[CUDA memcpy Host-to-Device]
5059369641,8352,338555,273,1,1,8,4,1,39,0.002,0.000,,,,,NVIDIA A100-SXM4-40GB MIG 4g.20gb (0),1,,13,"void channel_eq::eqMmseCoefCompLowMimoKernel<float, float, float, (unsigned int)4, (unsigned int)1, (unsigned int)4>(const channel_eq::_puschRxChEqStatDescr *, channel_eq::_puschRxChEqCoefCompDynDescr)"
5059384425,7936,338556,273,1,1,12,11,1,51,0.002,0.000,,,,,NVIDIA A100-SXM4-40GB MIG 4g.20gb (0),1,,13,"void channel_eq::eqMmseSoftDemapKernel<float, __half, __half, float, (unsigned int)4, (unsigned short)16383>(channel_eq::_puschRxChEqStatDescr *, channel_eq::_puschRxChEqSoftDemapDynDescr)"
5059399081,289820,338557,1,1,1,32,32,1,30,0.000,0.000,,,,,NVIDIA A100-SXM4-40GB MIG 4g.20gb (0),1,,13,"void convert_kernel<float2, __half2>(tensor_layout_any, T1 *, tensor_layout_any, const T2 *)"
5059691557,10880,338569,2253,1,1,128,1,1,16,0.000,0.000,,,,,NVIDIA A100-SXM4-40GB MIG 4g.20gb (0),1,,13,cupy_copy__float16_float16
5059705829,3552,338578,282,1,1,128,1,1,16,0.000,0.000,,,,,NVIDIA A100-SXM4-40GB MIG 4g.20gb (0),1,,13,cupy_copy__complex64_complex64
5059710565,2240,338587,26,1,1,128,1,1,16,0.000,0.000,,,,,NVIDIA A100-SXM4-40GB MIG 4g.20gb (0),1,,13,cupy_copy__float32_float32
5059714437,4768,338596,103,1,1,128,1,1,16,0.000,0.000,,,,,NVIDIA A100-SXM4-40GB MIG 4g.20gb (0),1,,13,cupy_copy__complex64_complex64
5059720773,12032,338606,1434,1,1,128,1,1,16,0.000,0.000,,,,,NVIDIA A100-SXM4-40GB MIG 4g.20gb (0),1,,13,cupy_copy__complex64_complex64
5059735909,85375,338611,1,1,1,32,32,1,30,0.000,0.000,,,,,NVIDIA A100-SXM4-40GB MIG 4g.20gb (0),1,,13,"void convert_kernel<__half2, float2>(tensor_layout_any, T1 *, tensor_layout_any, const T2 *)"
5059848163,6016,338614,,,,,,,,,,0.094,15574.430,Pinned,Device,NVIDIA A100-SXM4-40GB MIG 4g.20gb (0),1,,13,[CUDA memcpy Host-to-Device]
5059859267,597241,338615,,,,,,,,,,456.561,764283.851,Device,,NVIDIA A100-SXM4-40GB MIG 4g.20gb (0),1,,13,[CUDA memset]
5060462588,103870,338620,,,,,,,,,,1.235,11888.806,Pinned,Device,NVIDIA A100-SXM4-40GB MIG 4g.20gb (0),1,,13,[CUDA memcpy Host-to-Device]
5060573338,17152,338621,,,,,,,,,,0.197,11462.640,Pinned,Device,NVIDIA A100-SXM4-40GB MIG 4g.20gb (0),1,,13,[CUDA memcpy Host-to-Device]
5060605114,9312,338622,69,4,1,48,1,1,76,0.002,0.000,,,,,NVIDIA A100-SXM4-40GB MIG 4g.20gb (0),1,,13,"void ch_est::windowedChEstPreNoDftSOfdmKernel<float, __half, float, (unsigned int)2, (unsigned int)1, (unsigned short)4>(ch_est::puschRxChEstStatDescr_t *, ch_est::puschRxChEstDynDescr_t *)"
5060620570,7520,338623,137,2,1,24,2,1,44,0.001,0.001,,,,,NVIDIA A100-SXM4-40GB MIG 4g.20gb (0),1,,13,"void ch_est::chEstFilterNoDftSOfdmDispatchKernel<float, __half, float, (unsigned int)2>(ch_est::puschRxChEstStatDescr_t *, ch_est::puschRxChEstDynDescr_t *)"
5060635706,5184,338624,137,2,1,24,2,1,44,0.001,0.001,,,,,NVIDIA A100-SXM4-40GB MIG 4g.20gb (0),1,,13,"void ch_est::chEstFilterNoDftSOfdmDispatchKernel<float, __half, float, (unsigned int)2>(ch_est::puschRxChEstStatDescr_t *, ch_est::puschRxChEstDynDescr_t *)"
5060643610,3135,338635,103,1,1,128,1,1,16,0.000,0.000,,,,,NVIDIA A100-SXM4-40GB MIG 4g.20gb (0),1,,13,cupy_copy__complex64_complex64
5060651609,12864,338645,1434,1,1,128,1,1,16,0.000,0.000,,,,,NVIDIA A100-SXM4-40GB MIG 4g.20gb (0),1,,13,cupy_copy__complex64_complex64
5060669273,2592,338652,103,1,1,128,1,1,16,0.000,0.000,,,,,NVIDIA A100-SXM4-40GB MIG 4g.20gb (0),1,,13,cupy_copy__complex64_complex64
5060679353,87359,338659,1,1,1,32,32,1,30,0.000,0.000,,,,,NVIDIA A100-SXM4-40GB MIG 4g.20gb (0),1,,13,"void convert_kernel<__half2, float2>(tensor_layout_any, T1 *, tensor_layout_any, const T2 *)"
5060796696,10464,338662,,,,,,,,,,0.094,8954.058,Pinned,Device,NVIDIA A100-SXM4-40GB MIG 4g.20gb (0),1,,13,[CUDA memcpy Host-to-Device]
5060812663,48096,338663,,,,,,,,,,35.810,744524.047,Device,,NVIDIA A100-SXM4-40GB MIG 4g.20gb (0),1,,13,[CUDA memset]
5060861783,8416,338665,,,,,,,,,,0.000,9.506,Pinned,Device,NVIDIA A100-SXM4-40GB MIG 4g.20gb (0),1,,13,[CUDA memcpy Host-to-Device]
5060876599,12256,338666,,,,,,,,,,0.197,16041.640,Pinned,Device,NVIDIA A100-SXM4-40GB MIG 4g.20gb (0),1,,13,[CUDA memcpy Host-to-Device]
5060898582,9184,338667,273,1,1,48,1,1,40,0.000,0.001,,,,,NVIDIA A100-SXM4-40GB MIG 4g.20gb (0),1,,13,"void pusch_noise_intf_est::noiseIntfEstNoDftSOfdmKernel<float, __half, float, float, (unsigned int)2, (unsigned int)1, (unsigned char)4, (unsigned char)4>(pusch_noise_intf_est::puschRxNoiseIntfEstDynDescr)"
5060911894,2688,338678,35,1,1,128,1,1,16,0.000,0.000,,,,,NVIDIA A100-SXM4-40GB MIG 4g.20gb (0),1,,13,cupy_copy__complex64_complex64
5060920310,1728,338687,1,1,1,1,1,1,18,0.000,0.000,,,,,NVIDIA A100-SXM4-40GB MIG 4g.20gb (0),1,,13,cupy_copy__float32_float32
5060945878,1856,338693,,,,,,,,,,0.000,2.155,Device,Pageable,NVIDIA A100-SXM4-40GB MIG 4g.20gb (0),1,,7,[CUDA memcpy Device-to-Host]
5061005493,13024,338704,1434,1,1,128,1,1,16,0.000,0.000,,,,,NVIDIA A100-SXM4-40GB MIG 4g.20gb (0),1,,13,cupy_copy__complex64_complex64
5061034293,3392,338711,103,1,1,128,1,1,16,0.000,0.000,,,,,NVIDIA A100-SXM4-40GB MIG 4g.20gb (0),1,,13,cupy_copy__complex64_complex64
5061053172,2144,338718,35,1,1,128,1,1,16,0.000,0.000,,,,,NVIDIA A100-SXM4-40GB MIG 4g.20gb (0),1,,13,cupy_copy__complex64_complex64
5061070996,1984,338725,1,1,1,1,1,1,18,0.000,0.000,,,,,NVIDIA A100-SXM4-40GB MIG 4g.20gb (0),1,,13,cupy_copy__float32_float32
5061203027,87519,338736,1,1,1,32,32,1,30,0.000,0.000,,,,,NVIDIA A100-SXM4-40GB MIG 4g.20gb (0),1,,13,"void convert_kernel<__half2, float2>(tensor_layout_any, T1 *, tensor_layout_any, const T2 *)"
5061318065,5760,338739,,,,,,,,,,0.094,16266.656,Pinned,Device,NVIDIA A100-SXM4-40GB MIG 4g.20gb (0),1,,13,[CUDA memcpy Host-to-Device]
5061332529,3360,338740,,,,,,,,,,1.547,460304.688,Device,,NVIDIA A100-SXM4-40GB MIG 4g.20gb (0),1,,13,[CUDA memset]
5061339057,3360,338745,,,,,,,,,,0.031,9314.284,Pinned,Device,NVIDIA A100-SXM4-40GB MIG 4g.20gb (0),1,,13,[CUDA memcpy Host-to-Device]
5061344817,10048,338746,,,,,,,,,,0.197,19566.821,Pinned,Device,NVIDIA A100-SXM4-40GB MIG 4g.20gb (0),1,,13,[CUDA memcpy Host-to-Device]
5061358961,6112,338747,273,1,1,8,4,1,39,0.002,0.000,,,,,NVIDIA A100-SXM4-40GB MIG 4g.20gb (0),1,,13,"void channel_eq::eqMmseCoefCompLowMimoKernel<float, float, float, (unsigned int)4, (unsigned int)1, (unsigned int)4>(const channel_eq::_puschRxChEqStatDescr *, channel_eq::_puschRxChEqCoefCompDynDescr)"
5061366097,6048,338748,273,1,1,12,11,1,51,0.002,0.000,,,,,NVIDIA A100-SXM4-40GB MIG 4g.20gb (0),1,,13,"void channel_eq::eqMmseSoftDemapKernel<float, __half, __half, float, (unsigned int)4, (unsigned short)16383>(channel_eq::_puschRxChEqStatDescr *, channel_eq::_puschRxChEqSoftDemapDynDescr)"
5061373329,282780,338749,1,1,1,32,32,1,30,0.000,0.000,,,,,NVIDIA A100-SXM4-40GB MIG 4g.20gb (0),1,,13,"void convert_kernel<float2, __half2>(tensor_layout_any, T1 *, tensor_layout_any, const T2 *)"
5061657197,11072,338761,2253,1,1,128,1,1,16,0.000,0.000,,,,,NVIDIA A100-SXM4-40GB MIG 4g.20gb (0),1,,13,cupy_copy__float16_float16
5061672461,3968,338770,282,1,1,128,1,1,16,0.000,0.000,,,,,NVIDIA A100-SXM4-40GB MIG 4g.20gb (0),1,,13,cupy_copy__complex64_complex64
5061678125,2048,338779,26,1,1,128,1,1,16,0.000,0.000,,,,,NVIDIA A100-SXM4-40GB MIG 4g.20gb (0),1,,13,cupy_copy__float32_float32
5061683309,4640,338788,103,1,1,128,1,1,16,0.000,0.000,,,,,NVIDIA A100-SXM4-40GB MIG 4g.20gb (0),1,,13,cupy_copy__complex64_complex64
5061690957,12351,338798,1434,1,1,128,1,1,16,0.000,0.000,,,,,NVIDIA A100-SXM4-40GB MIG 4g.20gb (0),1,,13,cupy_copy__complex64_complex64
5061707308,87295,338803,1,1,1,32,32,1,30,0.000,0.000,,,,,NVIDIA A100-SXM4-40GB MIG 4g.20gb (0),1,,13,"void convert_kernel<__half2, float2>(tensor_layout_any, T1 *, tensor_layout_any, const T2 *)"
5061821867,5664,338806,,,,,,,,,,0.094,16542.310,Pinned,Device,NVIDIA A100-SXM4-40GB MIG 4g.20gb (0),1,,13,[CUDA memcpy Host-to-Device]
5061832235,596121,338807,,,,,,,,,,456.561,765653.535,Device,,NVIDIA A100-SXM4-40GB MIG 4g.20gb (0),1,,13,[CUDA memset]
5062435331,166206,338812,,,,,,,,,,1.235,7429.423,Pinned,Device,NVIDIA A100-SXM4-40GB MIG 4g.20gb (0),1,,13,[CUDA memcpy Host-to-Device]
5062611425,40256,338813,,,,,,,,,,0.197,4883.939,Pinned,Device,NVIDIA A100-SXM4-40GB MIG 4g.20gb (0),1,,13,[CUDA memcpy Host-to-Device]
5062675936,8512,338814,69,4,1,48,1,1,76,0.002,0.000,,,,,NVIDIA A100-SXM4-40GB MIG 4g.20gb (0),1,,13,"void ch_est::windowedChEstPreNoDftSOfdmKernel<float, __half, float, (unsigned int)2, (unsigned int)1, (unsigned short)4>(ch_est::puschRxChEstStatDescr_t *, ch_est::puschRxChEstDynDescr_t *)"
5062689600,6592,338815,137,2,1,24,2,1,44,0.001,0.001,,,,,NVIDIA A100-SXM4-40GB MIG 4g.20gb (0),1,,13,"void ch_est::chEstFilterNoDftSOfdmDispatchKernel<float, __half, float, (unsigned int)2>(ch_est::puschRxChEstStatDescr_t *, ch_est::puschRxChEstDynDescr_t *)"
5062704000,4960,338816,137,2,1,24,2,1,44,0.001,0.001,,,,,NVIDIA A100-SXM4-40GB MIG 4g.20gb (0),1,,13,"void ch_est::chEstFilterNoDftSOfdmDispatchKernel<float, __half, float, (unsigned int)2>(ch_est::puschRxChEstStatDescr_t *, ch_est::puschRxChEstDynDescr_t *)"
5062712992,2784,338827,103,1,1,128,1,1,16,0.000,0.000,,,,,NVIDIA A100-SXM4-40GB MIG 4g.20gb (0),1,,13,cupy_copy__complex64_complex64
5062723328,12864,338837,1434,1,1,128,1,1,16,0.000,0.000,,,,,NVIDIA A100-SXM4-40GB MIG 4g.20gb (0),1,,13,cupy_copy__complex64_complex64
5062740320,2528,338844,103,1,1,128,1,1,16,0.000,0.000,,,,,NVIDIA A100-SXM4-40GB MIG 4g.20gb (0),1,,13,cupy_copy__complex64_complex64
5062749216,88734,338851,1,1,1,32,32,1,30,0.000,0.000,,,,,NVIDIA A100-SXM4-40GB MIG 4g.20gb (0),1,,13,"void convert_kernel<__half2, float2>(tensor_layout_any, T1 *, tensor_layout_any, const T2 *)"
5062877822,13376,338854,,,,,,,,,,0.094,7004.713,Pinned,Device,NVIDIA A100-SXM4-40GB MIG 4g.20gb (0),1,,13,[CUDA memcpy Host-to-Device]
5062902750,47007,338855,,,,,,,,,,35.810,761784.428,Device,,NVIDIA A100-SXM4-40GB MIG 4g.20gb (0),1,,13,[CUDA memset]
5062955901,7872,338857,,,,,,,,,,0.000,10.163,Pinned,Device,NVIDIA A100-SXM4-40GB MIG 4g.20gb (0),1,,13,[CUDA memcpy Host-to-Device]
5062967997,21472,338858,,,,,,,,,,0.197,9156.428,Pinned,Device,NVIDIA A100-SXM4-40GB MIG 4g.20gb (0),1,,13,[CUDA memcpy Host-to-Device]
5063002428,9376,338859,273,1,1,48,1,1,40,0.000,0.001,,,,,NVIDIA A100-SXM4-40GB MIG 4g.20gb (0),1,,13,"void pusch_noise_intf_est::noiseIntfEstNoDftSOfdmKernel<float, __half, float, float, (unsigned int)2, (unsigned int)1, (unsigned char)4, (unsigned char)4>(pusch_noise_intf_est::puschRxNoiseIntfEstDynDescr)"
5063020700,2752,338870,35,1,1,128,1,1,16,0.000,0.000,,,,,NVIDIA A100-SXM4-40GB MIG 4g.20gb (0),1,,13,cupy_copy__complex64_complex64
5063032284,1760,338879,1,1,1,1,1,1,18,0.000,0.000,,,,,NVIDIA A100-SXM4-40GB MIG 4g.20gb (0),1,,13,cupy_copy__float32_float32
5063038844,2656,338885,,,,,,,,,,0.000,1.506,Device,Pageable,NVIDIA A100-SXM4-40GB MIG 4g.20gb (0),1,,7,[CUDA memcpy Device-to-Host]
5063122235,12864,338896,1434,1,1,128,1,1,16,0.000,0.000,,,,,NVIDIA A100-SXM4-40GB MIG 4g.20gb (0),1,,13,cupy_copy__complex64_complex64
5063141659,3040,338903,103,1,1,128,1,1,16,0.000,0.000,,,,,NVIDIA A100-SXM4-40GB MIG 4g.20gb (0),1,,13,cupy_copy__complex64_complex64
5063163866,2720,338910,35,1,1,128,1,1,16,0.000,0.000,,,,,NVIDIA A100-SXM4-40GB MIG 4g.20gb (0),1,,13,cupy_copy__complex64_complex64
5063181594,1792,338917,1,1,1,1,1,1,18,0.000,0.000,,,,,NVIDIA A100-SXM4-40GB MIG 4g.20gb (0),1,,13,cupy_copy__float32_float32
5063307961,86367,338928,1,1,1,32,32,1,30,0.000,0.000,,,,,NVIDIA A100-SXM4-40GB MIG 4g.20gb (0),1,,13,"void convert_kernel<__half2, float2>(tensor_layout_any, T1 *, tensor_layout_any, const T2 *)"
5063422615,6336,338931,,,,,,,,,,0.094,14787.852,Pinned,Device,NVIDIA A100-SXM4-40GB MIG 4g.20gb (0),1,,13,[CUDA memcpy Host-to-Device]
5063437815,3392,338932,,,,,,,,,,1.547,455961.768,Device,,NVIDIA A100-SXM4-40GB MIG 4g.20gb (0),1,,13,[CUDA memset]
5063443159,3168,338937,,,,,,,,,,0.031,9878.770,Pinned,Device,NVIDIA A100-SXM4-40GB MIG 4g.20gb (0),1,,13,[CUDA memcpy Host-to-Device]
5063448791,9312,338938,,,,,,,,,,0.197,21113.340,Pinned,Device,NVIDIA A100-SXM4-40GB MIG 4g.20gb (0),1,,13,[CUDA memcpy Host-to-Device]
5063463159,6208,338939,273,1,1,8,4,1,39,0.002,0.000,,,,,NVIDIA A100-SXM4-40GB MIG 4g.20gb (0),1,,13,"void channel_eq::eqMmseCoefCompLowMimoKernel<float, float, float, (unsigned int)4, (unsigned int)1, (unsigned int)4>(const channel_eq::_puschRxChEqStatDescr *, channel_eq::_puschRxChEqCoefCompDynDescr)"
5063471543,6144,338940,273,1,1,12,11,1,51,0.002,0.000,,,,,NVIDIA A100-SXM4-40GB MIG 4g.20gb (0),1,,13,"void channel_eq::eqMmseSoftDemapKernel<float, __half, __half, float, (unsigned int)4, (unsigned short)16383>(channel_eq::_puschRxChEqStatDescr *, channel_eq::_puschRxChEqSoftDemapDynDescr)"
5063479255,294940,338941,1,1,1,32,32,1,30,0.000,0.000,,,,,NVIDIA A100-SXM4-40GB MIG 4g.20gb (0),1,,13,"void convert_kernel<float2, __half2>(tensor_layout_any, T1 *, tensor_layout_any, const T2 *)"
5063777043,10944,338953,2253,1,1,128,1,1,16,0.000,0.000,,,,,NVIDIA A100-SXM4-40GB MIG 4g.20gb (0),1,,13,cupy_copy__float16_float16
5063790643,3232,338962,282,1,1,128,1,1,16,0.000,0.000,,,,,NVIDIA A100-SXM4-40GB MIG 4g.20gb (0),1,,13,cupy_copy__complex64_complex64
5063796051,2144,338971,26,1,1,128,1,1,16,0.000,0.000,,,,,NVIDIA A100-SXM4-40GB MIG 4g.20gb (0),1,,13,cupy_copy__float32_float32
5063800531,2944,338980,103,1,1,128,1,1,16,0.000,0.000,,,,,NVIDIA A100-SXM4-40GB MIG 4g.20gb (0),1,,13,cupy_copy__complex64_complex64
5063804435,11871,338990,1434,1,1,128,1,1,16,0.000,0.000,,,,,NVIDIA A100-SXM4-40GB MIG 4g.20gb (0),1,,13,cupy_copy__complex64_complex64
5063820498,82687,338995,1,1,1,32,32,1,30,0.000,0.000,,,,,NVIDIA A100-SXM4-40GB MIG 4g.20gb (0),1,,13,"void convert_kernel<__half2, float2>(tensor_layout_any, T1 *, tensor_layout_any, const T2 *)"
5063930097,5440,338998,,,,,,,,,,0.094,17223.480,Pinned,Device,NVIDIA A100-SXM4-40GB MIG 4g.20gb (0),1,,13,[CUDA memcpy Host-to-Device]
5063940113,602904,338999,,,,,,,,,,456.561,756978.868,Device,,NVIDIA A100-SXM4-40GB MIG 4g.20gb (0),1,,13,[CUDA memset]
5064547177,125343,339004,,,,,,,,,,1.235,9852.383,Pinned,Device,NVIDIA A100-SXM4-40GB MIG 4g.20gb (0),1,,13,[CUDA memcpy Host-to-Device]
5064680424,31935,339005,,,,,,,,,,0.197,6156.386,Pinned,Device,NVIDIA A100-SXM4-40GB MIG 4g.20gb (0),1,,13,[CUDA memcpy Host-to-Device]
5064733959,8192,339006,69,4,1,48,1,1,76,0.002,0.000,,,,,NVIDIA A100-SXM4-40GB MIG 4g.20gb (0),1,,13,"void ch_est::windowedChEstPreNoDftSOfdmKernel<float, __half, float, (unsigned int)2, (unsigned int)1, (unsigned short)4>(ch_est::puschRxChEstStatDescr_t *, ch_est::puschRxChEstDynDescr_t *)"
5064749319,6752,339007,137,2,1,24,2,1,44,0.001,0.001,,,,,NVIDIA A100-SXM4-40GB MIG 4g.20gb (0),1,,13,"void ch_est::chEstFilterNoDftSOfdmDispatchKernel<float, __half, float, (unsigned int)2>(ch_est::puschRxChEstStatDescr_t *, ch_est::puschRxChEstDynDescr_t *)"
5064763015,4704,339008,137,2,1,24,2,1,44,0.001,0.001,,,,,NVIDIA A100-SXM4-40GB MIG 4g.20gb (0),1,,13,"void ch_est::chEstFilterNoDftSOfdmDispatchKernel<float, __half, float, (unsigned int)2>(ch_est::puschRxChEstStatDescr_t *, ch_est::puschRxChEstDynDescr_t *)"
5064778215,2624,339019,103,1,1,128,1,1,16,0.000,0.000,,,,,NVIDIA A100-SXM4-40GB MIG 4g.20gb (0),1,,13,cupy_copy__complex64_complex64
5064792038,12480,339029,1434,1,1,128,1,1,16,0.000,0.000,,,,,NVIDIA A100-SXM4-40GB MIG 4g.20gb (0),1,,13,cupy_copy__complex64_complex64
5064827494,2624,339036,103,1,1,128,1,1,16,0.000,0.000,,,,,NVIDIA A100-SXM4-40GB MIG 4g.20gb (0),1,,13,cupy_copy__complex64_complex64
5064841030,88639,339043,1,1,1,32,32,1,30,0.000,0.000,,,,,NVIDIA A100-SXM4-40GB MIG 4g.20gb (0),1,,13,"void convert_kernel<__half2, float2>(tensor_layout_any, T1 *, tensor_layout_any, const T2 *)"
5064964420,18912,339046,,,,,,,,,,0.094,4954.270,Pinned,Device,NVIDIA A100-SXM4-40GB MIG 4g.20gb (0),1,,13,[CUDA memcpy Host-to-Device]
5064995748,47487,339047,,,,,,,,,,35.810,754085.295,Device,,NVIDIA A100-SXM4-40GB MIG 4g.20gb (0),1,,13,[CUDA memset]
5065043907,9344,339049,,,,,,,,,,0.000,8.562,Pinned,Device,NVIDIA A100-SXM4-40GB MIG 4g.20gb (0),1,,13,[CUDA memcpy Host-to-Device]
5065058307,21632,339050,,,,,,,,,,0.197,9088.598,Pinned,Device,NVIDIA A100-SXM4-40GB MIG 4g.20gb (0),1,,13,[CUDA memcpy Host-to-Device]
5065098115,10048,339051,273,1,1,48,1,1,40,0.000,0.001,,,,,NVIDIA A100-SXM4-40GB MIG 4g.20gb (0),1,,13,"void pusch_noise_intf_est::noiseIntfEstNoDftSOfdmKernel<float, __half, float, float, (unsigned int)2, (unsigned int)1, (unsigned char)4, (unsigned char)4>(pusch_noise_intf_est::puschRxNoiseIntfEstDynDescr)"
5065113506,3456,339062,35,1,1,128,1,1,16,0.000,0.000,,,,,NVIDIA A100-SXM4-40GB MIG 4g.20gb (0),1,,13,cupy_copy__complex64_complex64
5065121826,1856,339071,1,1,1,1,1,1,18,0.000,0.000,,,,,NVIDIA A100-SXM4-40GB MIG 4g.20gb (0),1,,13,cupy_copy__float32_float32
5065129506,4864,339077,,,,,,,,,,0.000,0.822,Device,Pageable,NVIDIA A100-SXM4-40GB MIG 4g.20gb (0),1,,7,[CUDA memcpy Device-to-Host]
5065207169,12800,339088,1434,1,1,128,1,1,16,0.000,0.000,,,,,NVIDIA A100-SXM4-40GB MIG 4g.20gb (0),1,,13,cupy_copy__complex64_complex64
5065233281,3008,339095,103,1,1,128,1,1,16,0.000,0.000,,,,,NVIDIA A100-SXM4-40GB MIG 4g.20gb (0),1,,13,cupy_copy__complex64_complex64
5065249985,2752,339102,35,1,1,128,1,1,16,0.000,0.000,,,,,NVIDIA A100-SXM4-40GB MIG 4g.20gb (0),1,,13,cupy_copy__complex64_complex64
5065271937,1855,339109,1,1,1,1,1,1,18,0.000,0.000,,,,,NVIDIA A100-SXM4-40GB MIG 4g.20gb (0),1,,13,cupy_copy__float32_float32
5065402719,86623,339120,1,1,1,32,32,1,30,0.000,0.000,,,,,NVIDIA A100-SXM4-40GB MIG 4g.20gb (0),1,,13,"void convert_kernel<__half2, float2>(tensor_layout_any, T1 *, tensor_layout_any, const T2 *)"
5065518717,9440,339123,,,,,,,,,,0.094,9925.405,Pinned,Device,NVIDIA A100-SXM4-40GB MIG 4g.20gb (0),1,,13,[CUDA memcpy Host-to-Device]
5065534877,3360,339124,,,,,,,,,,1.547,460304.688,Device,,NVIDIA A100-SXM4-40GB MIG 4g.20gb (0),1,,13,[CUDA memset]
5065539709,4928,339129,,,,,,,,,,0.031,6350.647,Pinned,Device,NVIDIA A100-SXM4-40GB MIG 4g.20gb (0),1,,13,[CUDA memcpy Host-to-Device]
5065547517,10528,339130,,,,,,,,,,0.197,18674.614,Pinned,Device,NVIDIA A100-SXM4-40GB MIG 4g.20gb (0),1,,13,[CUDA memcpy Host-to-Device]
5065566589,6368,339131,273,1,1,8,4,1,39,0.002,0.000,,,,,NVIDIA A100-SXM4-40GB MIG 4g.20gb (0),1,,13,"void channel_eq::eqMmseCoefCompLowMimoKernel<float, float, float, (unsigned int)4, (unsigned int)1, (unsigned int)4>(const channel_eq::_puschRxChEqStatDescr *, channel_eq::_puschRxChEqCoefCompDynDescr)"
5065574589,5632,339132,273,1,1,12,11,1,51,0.002,0.000,,,,,NVIDIA A100-SXM4-40GB MIG 4g.20gb (0),1,,13,"void channel_eq::eqMmseSoftDemapKernel<float, __half, __half, float, (unsigned int)4, (unsigned short)16383>(channel_eq::_puschRxChEqStatDescr *, channel_eq::_puschRxChEqSoftDemapDynDescr)"
5065583165,282780,339133,1,1,1,32,32,1,30,0.000,0.000,,,,,NVIDIA A100-SXM4-40GB MIG 4g.20gb (0),1,,13,"void convert_kernel<float2, __half2>(tensor_layout_any, T1 *, tensor_layout_any, const T2 *)"
5065867577,10944,339145,2253,1,1,128,1,1,16,0.000,0.000,,,,,NVIDIA A100-SXM4-40GB MIG 4g.20gb (0),1,,13,cupy_copy__float16_float16
5065880825,2688,339154,282,1,1,128,1,1,16,0.000,0.000,,,,,NVIDIA A100-SXM4-40GB MIG 4g.20gb (0),1,,13,cupy_copy__complex64_complex64
5065884985,2048,339163,26,1,1,128,1,1,16,0.000,0.000,,,,,NVIDIA A100-SXM4-40GB MIG 4g.20gb (0),1,,13,cupy_copy__float32_float32
5065890073,3008,339172,103,1,1,128,1,1,16,0.000,0.000,,,,,NVIDIA A100-SXM4-40GB MIG 4g.20gb (0),1,,13,cupy_copy__complex64_complex64
5065894169,12032,339182,1434,1,1,128,1,1,16,0.000,0.000,,,,,NVIDIA A100-SXM4-40GB MIG 4g.20gb (0),1,,13,cupy_copy__complex64_complex64
5065910777,82431,339187,1,1,1,32,32,1,30,0.000,0.000,,,,,NVIDIA A100-SXM4-40GB MIG 4g.20gb (0),1,,13,"void convert_kernel<__half2, float2>(tensor_layout_any, T1 *, tensor_layout_any, const T2 *)"
5066019863,6304,339190,,,,,,,,,,0.094,14862.903,Pinned,Device,NVIDIA A100-SXM4-40GB MIG 4g.20gb (0),1,,13,[CUDA memcpy Host-to-Device]
5066030295,597273,339191,,,,,,,,,,456.561,764283.851,Device,,NVIDIA A100-SXM4-40GB MIG 4g.20gb (0),1,,13,[CUDA memset]
5066628816,153886,339196,,,,,,,,,,1.235,8024.666,Pinned,Device,NVIDIA A100-SXM4-40GB MIG 4g.20gb (0),1,,13,[CUDA memcpy Host-to-Device]
5066791470,44095,339197,,,,,,,,,,0.197,4458.676,Pinned,Device,NVIDIA A100-SXM4-40GB MIG 4g.20gb (0),1,,13,[CUDA memcpy Host-to-Device]
5066862989,7840,339198,69,4,1,48,1,1,76,0.002,0.000,,,,,NVIDIA A100-SXM4-40GB MIG 4g.20gb (0),1,,13,"void ch_est::windowedChEstPreNoDftSOfdmKernel<float, __half, float, (unsigned int)2, (unsigned int)1, (unsigned short)4>(ch_est::puschRxChEstStatDescr_t *, ch_est::puschRxChEstDynDescr_t *)"
5066881037,7104,339199,137,2,1,24,2,1,44,0.001,0.001,,,,,NVIDIA A100-SXM4-40GB MIG 4g.20gb (0),1,,13,"void ch_est::chEstFilterNoDftSOfdmDispatchKernel<float, __half, float, (unsigned int)2>(ch_est::puschRxChEstStatDescr_t *, ch_est::puschRxChEstDynDescr_t *)"
5066898828,4768,339200,137,2,1,24,2,1,44,0.001,0.001,,,,,NVIDIA A100-SXM4-40GB MIG 4g.20gb (0),1,,13,"void ch_est::chEstFilterNoDftSOfdmDispatchKernel<float, __half, float, (unsigned int)2>(ch_est::puschRxChEstStatDescr_t *, ch_est::puschRxChEstDynDescr_t *)"
5066915916,2496,339211,103,1,1,128,1,1,16,0.000,0.000,,,,,NVIDIA A100-SXM4-40GB MIG 4g.20gb (0),1,,13,cupy_copy__complex64_complex64
5066935276,12320,339221,1434,1,1,128,1,1,16,0.000,0.000,,,,,NVIDIA A100-SXM4-40GB MIG 4g.20gb (0),1,,13,cupy_copy__complex64_complex64
5066953932,2912,339228,103,1,1,128,1,1,16,0.000,0.000,,,,,NVIDIA A100-SXM4-40GB MIG 4g.20gb (0),1,,13,cupy_copy__complex64_complex64
5066976236,93598,339235,1,1,1,32,32,1,30,0.000,0.000,,,,,NVIDIA A100-SXM4-40GB MIG 4g.20gb (0),1,,13,"void convert_kernel<__half2, float2>(tensor_layout_any, T1 *, tensor_layout_any, const T2 *)"
5067105642,18848,339238,,,,,,,,,,0.094,4971.135,Pinned,Device,NVIDIA A100-SXM4-40GB MIG 4g.20gb (0),1,,13,[CUDA memcpy Host-to-Device]
5067139625,48064,339239,,,,,,,,,,35.810,745025.386,Device,,NVIDIA A100-SXM4-40GB MIG 4g.20gb (0),1,,13,[CUDA memset]
5067191113,9984,339241,,,,,,,,,,0.000,8.013,Pinned,Device,NVIDIA A100-SXM4-40GB MIG 4g.20gb (0),1,,13,[CUDA memcpy Host-to-Device]
5067208137,22079,339242,,,,,,,,,,0.197,8904.573,Pinned,Device,NVIDIA A100-SXM4-40GB MIG 4g.20gb (0),1,,13,[CUDA memcpy Host-to-Device]
5067244072,9760,339243,273,1,1,48,1,1,40,0.000,0.001,,,,,NVIDIA A100-SXM4-40GB MIG 4g.20gb (0),1,,13,"void pusch_noise_intf_est::noiseIntfEstNoDftSOfdmKernel<float, __half, float, float, (unsigned int)2, (unsigned int)1, (unsigned char)4, (unsigned char)4>(pusch_noise_intf_est::puschRxNoiseIntfEstDynDescr)"
5067260520,2944,339254,35,1,1,128,1,1,16,0.000,0.000,,,,,NVIDIA A100-SXM4-40GB MIG 4g.20gb (0),1,,13,cupy_copy__complex64_complex64
5067273992,1920,339263,1,1,1,1,1,1,18,0.000,0.000,,,,,NVIDIA A100-SXM4-40GB MIG 4g.20gb (0),1,,13,cupy_copy__float32_float32
5067280904,5472,339269,,,,,,,,,,0.000,0.731,Device,Pageable,NVIDIA A100-SXM4-40GB MIG 4g.20gb (0),1,,7,[CUDA memcpy Device-to-Host]
5067364967,13056,339280,1434,1,1,128,1,1,16,0.000,0.000,,,,,NVIDIA A100-SXM4-40GB MIG 4g.20gb (0),1,,13,cupy_copy__complex64_complex64
5067402150,2944,339287,103,1,1,128,1,1,16,0.000,0.000,,,,,NVIDIA A100-SXM4-40GB MIG 4g.20gb (0),1,,13,cupy_copy__complex64_complex64
5067411462,2528,339294,35,1,1,128,1,1,16,0.000,0.000,,,,,NVIDIA A100-SXM4-40GB MIG 4g.20gb (0),1,,13,cupy_copy__complex64_complex64
5067426566,1824,339301,1,1,1,1,1,1,18,0.000,0.000,,,,,NVIDIA A100-SXM4-40GB MIG 4g.20gb (0),1,,13,cupy_copy__float32_float32
5067553732,81535,339312,1,1,1,32,32,1,30,0.000,0.000,,,,,NVIDIA A100-SXM4-40GB MIG 4g.20gb (0),1,,13,"void convert_kernel<__half2, float2>(tensor_layout_any, T1 *, tensor_layout_any, const T2 *)"
5067662947,5632,339315,,,,,,,,,,0.094,16636.287,Pinned,Device,NVIDIA A100-SXM4-40GB MIG 4g.20gb (0),1,,13,[CUDA memcpy Host-to-Device]
5067676995,3360,339316,,,,,,,,,,1.547,460304.688,Device,,NVIDIA A100-SXM4-40GB MIG 4g.20gb (0),1,,13,[CUDA memset]
5067686147,3136,339321,,,,,,,,,,0.031,9979.575,Pinned,Device,NVIDIA A100-SXM4-40GB MIG 4g.20gb (0),1,,13,[CUDA memcpy Host-to-Device]
5067691811,9760,339322,,,,,,,,,,0.197,20144.259,Pinned,Device,NVIDIA A100-SXM4-40GB MIG 4g.20gb (0),1,,13,[CUDA memcpy Host-to-Device]
5067705987,8287,339323,273,1,1,8,4,1,39,0.002,0.000,,,,,NVIDIA A100-SXM4-40GB MIG 4g.20gb (0),1,,13,"void channel_eq::eqMmseCoefCompLowMimoKernel<float, float, float, (unsigned int)4, (unsigned int)1, (unsigned int)4>(const channel_eq::_puschRxChEqStatDescr *, channel_eq::_puschRxChEqCoefCompDynDescr)"
5067716962,6144,339324,273,1,1,12,11,1,51,0.002,0.000,,,,,NVIDIA A100-SXM4-40GB MIG 4g.20gb (0),1,,13,"void channel_eq::eqMmseSoftDemapKernel<float, __half, __half, float, (unsigned int)4, (unsigned short)16383>(channel_eq::_puschRxChEqStatDescr *, channel_eq::_puschRxChEqSoftDemapDynDescr)"
5067726018,282429,339325,1,1,1,32,32,1,30,0.000,0.000,,,,,NVIDIA A100-SXM4-40GB MIG 4g.20gb (0),1,,13,"void convert_kernel<float2, __half2>(tensor_layout_any, T1 *, tensor_layout_any, const T2 *)"
5068010911,10912,339337,2253,1,1,128,1,1,16,0.000,0.000,,,,,NVIDIA A100-SXM4-40GB MIG 4g.20gb (0),1,,13,cupy_copy__float16_float16
5068025023,3552,339346,282,1,1,128,1,1,16,0.000,0.000,,,,,NVIDIA A100-SXM4-40GB MIG 4g.20gb (0),1,,13,cupy_copy__complex64_complex64
5068029663,2143,339355,26,1,1,128,1,1,16,0.000,0.000,,,,,NVIDIA A100-SXM4-40GB MIG 4g.20gb (0),1,,13,cupy_copy__float32_float32
5068035390,2944,339364,103,1,1,128,1,1,16,0.000,0.000,,,,,NVIDIA A100-SXM4-40GB MIG 4g.20gb (0),1,,13,cupy_copy__complex64_complex64
5068040638,12000,339374,1434,1,1,128,1,1,16,0.000,0.000,,,,,NVIDIA A100-SXM4-40GB MIG 4g.20gb (0),1,,13,cupy_copy__complex64_complex64
5068058558,81951,339379,1,1,1,32,32,1,30,0.000,0.000,,,,,NVIDIA A100-SXM4-40GB MIG 4g.20gb (0),1,,13,"void convert_kernel<__half2, float2>(tensor_layout_any, T1 *, tensor_layout_any, const T2 *)"
5068167037,5696,339382,,,,,,,,,,0.094,16449.363,Pinned,Device,NVIDIA A100-SXM4-40GB MIG 4g.20gb (0),1,,13,[CUDA memcpy Host-to-Device]
5068178045,599032,339383,,,,,,,,,,456.561,762001.043,Device,,NVIDIA A100-SXM4-40GB MIG 4g.20gb (0),1,,13,[CUDA memset]
5068778389,79743,339388,,,,,,,,,,1.235,15486.198,Pinned,Device,NVIDIA A100-SXM4-40GB MIG 4g.20gb (0),1,,13,[CUDA memcpy Host-to-Device]
5068864596,17120,339389,,,,,,,,,,0.197,11484.070,Pinned,Device,NVIDIA A100-SXM4-40GB MIG 4g.20gb (0),1,,13,[CUDA memcpy Host-to-Device]
5068891508,8704,339390,69,4,1,48,1,1,76,0.002,0.000,,,,,NVIDIA A100-SXM4-40GB MIG 4g.20gb (0),1,,13,"void ch_est::windowedChEstPreNoDftSOfdmKernel<float, __half, float, (unsigned int)2, (unsigned int)1, (unsigned short)4>(ch_est::puschRxChEstStatDescr_t *, ch_est::puschRxChEstDynDescr_t *)"
5068908116,6624,339391,137,2,1,24,2,1,44,0.001,0.001,,,,,NVIDIA A100-SXM4-40GB MIG 4g.20gb (0),1,,13,"void ch_est::chEstFilterNoDftSOfdmDispatchKernel<float, __half, float, (unsigned int)2>(ch_est::puschRxChEstStatDescr_t *, ch_est::puschRxChEstDynDescr_t *)"
5068923796,4927,339392,137,2,1,24,2,1,44,0.001,0.001,,,,,NVIDIA A100-SXM4-40GB MIG 4g.20gb (0),1,,13,"void ch_est::chEstFilterNoDftSOfdmDispatchKernel<float, __half, float, (unsigned int)2>(ch_est::puschRxChEstStatDescr_t *, ch_est::puschRxChEstDynDescr_t *)"
5068932531,2560,339403,103,1,1,128,1,1,16,0.000,0.000,,,,,NVIDIA A100-SXM4-40GB MIG 4g.20gb (0),1,,13,cupy_copy__complex64_complex64
5068940339,12960,339413,1434,1,1,128,1,1,16,0.000,0.000,,,,,NVIDIA A100-SXM4-40GB MIG 4g.20gb (0),1,,13,cupy_copy__complex64_complex64
5068958131,2880,339420,103,1,1,128,1,1,16,0.000,0.000,,,,,NVIDIA A100-SXM4-40GB MIG 4g.20gb (0),1,,13,cupy_copy__complex64_complex64
5068968147,88063,339427,1,1,1,32,32,1,30,0.000,0.000,,,,,NVIDIA A100-SXM4-40GB MIG 4g.20gb (0),1,,13,"void convert_kernel<__half2, float2>(tensor_layout_any, T1 *, tensor_layout_any, const T2 *)"
5069084498,13311,339430,,,,,,,,,,0.094,7038.912,Pinned,Device,NVIDIA A100-SXM4-40GB MIG 4g.20gb (0),1,,13,[CUDA memcpy Host-to-Device]
5069110097,47040,339431,,,,,,,,,,35.810,761247.279,Device,,NVIDIA A100-SXM4-40GB MIG 4g.20gb (0),1,,13,[CUDA memset]
5069158737,8096,339433,,,,,,,,,,0.000,9.881,Pinned,Device,NVIDIA A100-SXM4-40GB MIG 4g.20gb (0),1,,13,[CUDA memcpy Host-to-Device]
5069171248,20768,339434,,,,,,,,,,0.197,9466.872,Pinned,Device,NVIDIA A100-SXM4-40GB MIG 4g.20gb (0),1,,13,[CUDA memcpy Host-to-Device]
5069205712,9824,339435,273,1,1,48,1,1,40,0.000,0.001,,,,,NVIDIA A100-SXM4-40GB MIG 4g.20gb (0),1,,13,"void pusch_noise_intf_est::noiseIntfEstNoDftSOfdmKernel<float, __half, float, float, (unsigned int)2, (unsigned int)1, (unsigned char)4, (unsigned char)4>(pusch_noise_intf_est::puschRxNoiseIntfEstDynDescr)"
5069218128,2720,339446,35,1,1,128,1,1,16,0.000,0.000,,,,,NVIDIA A100-SXM4-40GB MIG 4g.20gb (0),1,,13,cupy_copy__complex64_complex64
5069227344,1696,339455,1,1,1,1,1,1,18,0.000,0.000,,,,,NVIDIA A100-SXM4-40GB MIG 4g.20gb (0),1,,13,cupy_copy__float32_float32
5069240848,1728,339461,,,,,,,,,,0.000,2.315,Device,Pageable,NVIDIA A100-SXM4-40GB MIG 4g.20gb (0),1,,7,[CUDA memcpy Device-to-Host]
5069316239,12832,339472,1434,1,1,128,1,1,16,0.000,0.000,,,,,NVIDIA A100-SXM4-40GB MIG 4g.20gb (0),1,,13,cupy_copy__complex64_complex64
5069345422,2944,339479,103,1,1,128,1,1,16,0.000,0.000,,,,,NVIDIA A100-SXM4-40GB MIG 4g.20gb (0),1,,13,cupy_copy__complex64_complex64
5069358254,2592,339486,35,1,1,128,1,1,16,0.000,0.000,,,,,NVIDIA A100-SXM4-40GB MIG 4g.20gb (0),1,,13,cupy_copy__complex64_complex64
5069384654,1920,339493,1,1,1,1,1,1,18,0.000,0.000,,,,,NVIDIA A100-SXM4-40GB MIG 4g.20gb (0),1,,13,cupy_copy__float32_float32
5069505964,81887,339504,1,1,1,32,32,1,30,0.000,0.000,,,,,NVIDIA A100-SXM4-40GB MIG 4g.20gb (0),1,,13,"void convert_kernel<__half2, float2>(tensor_layout_any, T1 *, tensor_layout_any, const T2 *)"
5069614923,5408,339507,,,,,,,,,,0.094,17325.421,Pinned,Device,NVIDIA A100-SXM4-40GB MIG 4g.20gb (0),1,,13,[CUDA memcpy Host-to-Device]
5069632299,3328,339508,,,,,,,,,,1.547,464729.580,Device,,NVIDIA A100-SXM4-40GB MIG 4g.20gb (0),1,,13,[CUDA memset]
5069639819,3168,339513,,,,,,,,,,0.031,9878.770,Pinned,Device,NVIDIA A100-SXM4-40GB MIG 4g.20gb (0),1,,13,[CUDA memcpy Host-to-Device]
5069645579,9631,339514,,,,,,,,,,0.197,20414.005,Pinned,Device,NVIDIA A100-SXM4-40GB MIG 4g.20gb (0),1,,13,[CUDA memcpy Host-to-Device]
5069658538,6144,339515,273,1,1,8,4,1,39,0.002,0.000,,,,,NVIDIA A100-SXM4-40GB MIG 4g.20gb (0),1,,13,"void channel_eq::eqMmseCoefCompLowMimoKernel<float, float, float, (unsigned int)4, (unsigned int)1, (unsigned int)4>(const channel_eq::_puschRxChEqStatDescr *, channel_eq::_puschRxChEqCoefCompDynDescr)"
5069665706,5952,339516,273,1,1,12,11,1,51,0.002,0.000,,,,,NVIDIA A100-SXM4-40GB MIG 4g.20gb (0),1,,13,"void channel_eq::eqMmseSoftDemapKernel<float, __half, __half, float, (unsigned int)4, (unsigned short)16383>(channel_eq::_puschRxChEqStatDescr *, channel_eq::_puschRxChEqSoftDemapDynDescr)"
5069672778,281885,339517,1,1,1,32,32,1,30,0.000,0.000,,,,,NVIDIA A100-SXM4-40GB MIG 4g.20gb (0),1,,13,"void convert_kernel<float2, __half2>(tensor_layout_any, T1 *, tensor_layout_any, const T2 *)"
5069958567,10912,339529,2253,1,1,128,1,1,16,0.000,0.000,,,,,NVIDIA A100-SXM4-40GB MIG 4g.20gb (0),1,,13,cupy_copy__float16_float16
5069974151,2688,339538,282,1,1,128,1,1,16,0.000,0.000,,,,,NVIDIA A100-SXM4-40GB MIG 4g.20gb (0),1,,13,cupy_copy__complex64_complex64
5069979910,2208,339547,26,1,1,128,1,1,16,0.000,0.000,,,,,NVIDIA A100-SXM4-40GB MIG 4g.20gb (0),1,,13,cupy_copy__float32_float32
5069983238,3040,339556,103,1,1,128,1,1,16,0.000,0.000,,,,,NVIDIA A100-SXM4-40GB MIG 4g.20gb (0),1,,13,cupy_copy__complex64_complex64
5069987622,12384,339566,1434,1,1,128,1,1,16,0.000,0.000,,,,,NVIDIA A100-SXM4-40GB MIG 4g.20gb (0),1,,13,cupy_copy__complex64_complex64
5070005766,82335,339571,1,1,1,32,32,1,30,0.000,0.000,,,,,NVIDIA A100-SXM4-40GB MIG 4g.20gb (0),1,,13,"void convert_kernel<__half2, float2>(tensor_layout_any, T1 *, tensor_layout_any, const T2 *)"
5070114981,5632,339574,,,,,,,,,,0.094,16636.287,Pinned,Device,NVIDIA A100-SXM4-40GB MIG 4g.20gb (0),1,,13,[CUDA memcpy Host-to-Device]
5070125093,597048,339575,,,,,,,,,,456.561,764283.851,Device,,NVIDIA A100-SXM4-40GB MIG 4g.20gb (0),1,,13,[CUDA memset]
5070726045,134271,339580,,,,,,,,,,1.235,9196.628,Pinned,Device,NVIDIA A100-SXM4-40GB MIG 4g.20gb (0),1,,13,[CUDA memcpy Host-to-Device]
5070869820,30239,339581,,,,,,,,,,0.197,6501.630,Pinned,Device,NVIDIA A100-SXM4-40GB MIG 4g.20gb (0),1,,13,[CUDA memcpy Host-to-Device]
5070916347,8032,339582,69,4,1,48,1,1,76,0.002,0.000,,,,,NVIDIA A100-SXM4-40GB MIG 4g.20gb (0),1,,13,"void ch_est::windowedChEstPreNoDftSOfdmKernel<float, __half, float, (unsigned int)2, (unsigned int)1, (unsigned short)4>(ch_est::puschRxChEstStatDescr_t *, ch_est::puschRxChEstDynDescr_t *)"
5070930811,6752,339583,137,2,1,24,2,1,44,0.001,0.001,,,,,NVIDIA A100-SXM4-40GB MIG 4g.20gb (0),1,,13,"void ch_est::chEstFilterNoDftSOfdmDispatchKernel<float, __half, float, (unsigned int)2>(ch_est::puschRxChEstStatDescr_t *, ch_est::puschRxChEstDynDescr_t *)"
5070945979,5088,339584,137,2,1,24,2,1,44,0.001,0.001,,,,,NVIDIA A100-SXM4-40GB MIG 4g.20gb (0),1,,13,"void ch_est::chEstFilterNoDftSOfdmDispatchKernel<float, __half, float, (unsigned int)2>(ch_est::puschRxChEstStatDescr_t *, ch_est::puschRxChEstDynDescr_t *)"
5070956826,2624,339595,103,1,1,128,1,1,16,0.000,0.000,,,,,NVIDIA A100-SXM4-40GB MIG 4g.20gb (0),1,,13,cupy_copy__complex64_complex64
5070964762,12768,339605,1434,1,1,128,1,1,16,0.000,0.000,,,,,NVIDIA A100-SXM4-40GB MIG 4g.20gb (0),1,,13,cupy_copy__complex64_complex64
5070982010,2624,339612,103,1,1,128,1,1,16,0.000,0.000,,,,,NVIDIA A100-SXM4-40GB MIG 4g.20gb (0),1,,13,cupy_copy__complex64_complex64
5070989850,83487,339619,1,1,1,32,32,1,30,0.000,0.000,,,,,NVIDIA A100-SXM4-40GB MIG 4g.20gb (0),1,,13,"void convert_kernel<__half2, float2>(tensor_layout_any, T1 *, tensor_layout_any, const T2 *)"
5071101049,5792,339622,,,,,,,,,,0.094,16176.708,Pinned,Device,NVIDIA A100-SXM4-40GB MIG 4g.20gb (0),1,,13,[CUDA memcpy Host-to-Device]
5071113689,46815,339623,,,,,,,,,,35.810,764899.891,Device,,NVIDIA A100-SXM4-40GB MIG 4g.20gb (0),1,,13,[CUDA memset]
5071166936,3552,339625,,,,,,,,,,0.000,22.522,Pinned,Device,NVIDIA A100-SXM4-40GB MIG 4g.20gb (0),1,,13,[CUDA memcpy Host-to-Device]
5071175032,12768,339626,,,,,,,,,,0.197,15398.339,Pinned,Device,NVIDIA A100-SXM4-40GB MIG 4g.20gb (0),1,,13,[CUDA memcpy Host-to-Device]
5071198039,9984,339627,273,1,1,48,1,1,40,0.000,0.001,,,,,NVIDIA A100-SXM4-40GB MIG 4g.20gb (0),1,,13,"void pusch_noise_intf_est::noiseIntfEstNoDftSOfdmKernel<float, __half, float, float, (unsigned int)2, (unsigned int)1, (unsigned char)4, (unsigned char)4>(pusch_noise_intf_est::puschRxNoiseIntfEstDynDescr)"
5071211383,3424,339638,35,1,1,128,1,1,16,0.000,0.000,,,,,NVIDIA A100-SXM4-40GB MIG 4g.20gb (0),1,,13,cupy_copy__complex64_complex64
5071224471,1888,339647,1,1,1,1,1,1,18,0.000,0.000,,,,,NVIDIA A100-SXM4-40GB MIG 4g.20gb (0),1,,13,cupy_copy__float32_float32
5071254903,2048,339653,,,,,,,,,,0.000,1.953,Device,Pageable,NVIDIA A100-SXM4-40GB MIG 4g.20gb (0),1,,7,[CUDA memcpy Device-to-Host]
5071318550,12832,339664,1434,1,1,128,1,1,16,0.000,0.000,,,,,NVIDIA A100-SXM4-40GB MIG 4g.20gb (0),1,,13,cupy_copy__complex64_complex64
5071341558,3392,339671,103,1,1,128,1,1,16,0.000,0.000,,,,,NVIDIA A100-SXM4-40GB MIG 4g.20gb (0),1,,13,cupy_copy__complex64_complex64
5071365493,2176,339678,35,1,1,128,1,1,16,0.000,0.000,,,,,NVIDIA A100-SXM4-40GB MIG 4g.20gb (0),1,,13,cupy_copy__complex64_complex64
5071380981,1760,339685,1,1,1,1,1,1,18,0.000,0.000,,,,,NVIDIA A100-SXM4-40GB MIG 4g.20gb (0),1,,13,cupy_copy__float32_float32
5071513812,82943,339696,1,1,1,32,32,1,30,0.000,0.000,,,,,NVIDIA A100-SXM4-40GB MIG 4g.20gb (0),1,,13,"void convert_kernel<__half2, float2>(tensor_layout_any, T1 *, tensor_layout_any, const T2 *)"
5071625234,6208,339699,,,,,,,,,,0.094,15092.739,Pinned,Device,NVIDIA A100-SXM4-40GB MIG 4g.20gb (0),1,,13,[CUDA memcpy Host-to-Device]
5071639762,3328,339700,,,,,,,,,,1.547,464729.580,Device,,NVIDIA A100-SXM4-40GB MIG 4g.20gb (0),1,,13,[CUDA memset]
5071646610,3200,339705,,,,,,,,,,0.031,9780.000,Pinned,Device,NVIDIA A100-SXM4-40GB MIG 4g.20gb (0),1,,13,[CUDA memcpy Host-to-Device]
5071652242,9536,339706,,,,,,,,,,0.197,20617.298,Pinned,Device,NVIDIA A100-SXM4-40GB MIG 4g.20gb (0),1,,13,[CUDA memcpy Host-to-Device]
5071665426,7712,339707,273,1,1,8,4,1,39,0.002,0.000,,,,,NVIDIA A100-SXM4-40GB MIG 4g.20gb (0),1,,13,"void channel_eq::eqMmseCoefCompLowMimoKernel<float, float, float, (unsigned int)4, (unsigned int)1, (unsigned int)4>(const channel_eq::_puschRxChEqStatDescr *, channel_eq::_puschRxChEqCoefCompDynDescr)"
5071674802,5312,339708,273,1,1,12,11,1,51,0.002,0.000,,,,,NVIDIA A100-SXM4-40GB MIG 4g.20gb (0),1,,13,"void channel_eq::eqMmseSoftDemapKernel<float, __half, __half, float, (unsigned int)4, (unsigned short)16383>(channel_eq::_puschRxChEqStatDescr *, channel_eq::_puschRxChEqSoftDemapDynDescr)"
5071681970,282300,339709,1,1,1,32,32,1,30,0.000,0.000,,,,,NVIDIA A100-SXM4-40GB MIG 4g.20gb (0),1,,13,"void convert_kernel<float2, __half2>(tensor_layout_any, T1 *, tensor_layout_any, const T2 *)"
5071965422,11104,339721,2253,1,1,128,1,1,16,0.000,0.000,,,,,NVIDIA A100-SXM4-40GB MIG 4g.20gb (0),1,,13,cupy_copy__float16_float16
5071978126,3776,339730,282,1,1,128,1,1,16,0.000,0.000,,,,,NVIDIA A100-SXM4-40GB MIG 4g.20gb (0),1,,13,cupy_copy__complex64_complex64
5071983566,2368,339739,26,1,1,128,1,1,16,0.000,0.000,,,,,NVIDIA A100-SXM4-40GB MIG 4g.20gb (0),1,,13,cupy_copy__float32_float32
5071989614,3008,339748,103,1,1,128,1,1,16,0.000,0.000,,,,,NVIDIA A100-SXM4-40GB MIG 4g.20gb (0),1,,13,cupy_copy__complex64_complex64
5071993742,12000,339758,1434,1,1,128,1,1,16,0.000,0.000,,,,,NVIDIA A100-SXM4-40GB MIG 4g.20gb (0),1,,13,cupy_copy__complex64_complex64
5072015021,82303,339763,1,1,1,32,32,1,30,0.000,0.000,,,,,NVIDIA A100-SXM4-40GB MIG 4g.20gb (0),1,,13,"void convert_kernel<__half2, float2>(tensor_layout_any, T1 *, tensor_layout_any, const T2 *)"
5072125164,5408,339766,,,,,,,,,,0.094,17325.421,Pinned,Device,NVIDIA A100-SXM4-40GB MIG 4g.20gb (0),1,,13,[CUDA memcpy Host-to-Device]
5072134732,597145,339767,,,,,,,,,,456.561,764283.851,Device,,NVIDIA A100-SXM4-40GB MIG 4g.20gb (0),1,,13,[CUDA memset]
5072735301,151070,339772,,,,,,,,,,1.235,8174.094,Pinned,Device,NVIDIA A100-SXM4-40GB MIG 4g.20gb (0),1,,13,[CUDA memcpy Host-to-Device]
5072897347,35199,339773,,,,,,,,,,0.197,5585.437,Pinned,Device,NVIDIA A100-SXM4-40GB MIG 4g.20gb (0),1,,13,[CUDA memcpy Host-to-Device]
5072962786,8416,339774,69,4,1,48,1,1,76,0.002,0.000,,,,,NVIDIA A100-SXM4-40GB MIG 4g.20gb (0),1,,13,"void ch_est::windowedChEstPreNoDftSOfdmKernel<float, __half, float, (unsigned int)2, (unsigned int)1, (unsigned short)4>(ch_est::puschRxChEstStatDescr_t *, ch_est::puschRxChEstDynDescr_t *)"
5072982369,7008,339775,137,2,1,24,2,1,44,0.001,0.001,,,,,NVIDIA A100-SXM4-40GB MIG 4g.20gb (0),1,,13,"void ch_est::chEstFilterNoDftSOfdmDispatchKernel<float, __half, float, (unsigned int)2>(ch_est::puschRxChEstStatDescr_t *, ch_est::puschRxChEstDynDescr_t *)"
5072999425,4736,339776,137,2,1,24,2,1,44,0.001,0.001,,,,,NVIDIA A100-SXM4-40GB MIG 4g.20gb (0),1,,13,"void ch_est::chEstFilterNoDftSOfdmDispatchKernel<float, __half, float, (unsigned int)2>(ch_est::puschRxChEstStatDescr_t *, ch_est::puschRxChEstDynDescr_t *)"
5073019201,2624,339787,103,1,1,128,1,1,16,0.000,0.000,,,,,NVIDIA A100-SXM4-40GB MIG 4g.20gb (0),1,,13,cupy_copy__complex64_complex64
5073035841,12768,339797,1434,1,1,128,1,1,16,0.000,0.000,,,,,NVIDIA A100-SXM4-40GB MIG 4g.20gb (0),1,,13,cupy_copy__complex64_complex64
5073055201,2944,339804,103,1,1,128,1,1,16,0.000,0.000,,,,,NVIDIA A100-SXM4-40GB MIG 4g.20gb (0),1,,13,cupy_copy__complex64_complex64
5073080384,89695,339811,1,1,1,32,32,1,30,0.000,0.000,,,,,NVIDIA A100-SXM4-40GB MIG 4g.20gb (0),1,,13,"void convert_kernel<__half2, float2>(tensor_layout_any, T1 *, tensor_layout_any, const T2 *)"
5073203103,15744,339814,,,,,,,,,,0.094,5951.195,Pinned,Device,NVIDIA A100-SXM4-40GB MIG 4g.20gb (0),1,,13,[CUDA memcpy Host-to-Device]
5073229182,47296,339815,,,,,,,,,,35.810,757129.139,Device,,NVIDIA A100-SXM4-40GB MIG 4g.20gb (0),1,,13,[CUDA memset]
5073283838,3168,339817,,,,,,,,,,0.000,25.252,Pinned,Device,NVIDIA A100-SXM4-40GB MIG 4g.20gb (0),1,,13,[CUDA memcpy Host-to-Device]
5073291326,13696,339818,,,,,,,,,,0.197,14355.137,Pinned,Device,NVIDIA A100-SXM4-40GB MIG 4g.20gb (0),1,,13,[CUDA memcpy Host-to-Device]
5073311933,10880,339819,273,1,1,48,1,1,40,0.000,0.001,,,,,NVIDIA A100-SXM4-40GB MIG 4g.20gb (0),1,,13,"void pusch_noise_intf_est::noiseIntfEstNoDftSOfdmKernel<float, __half, float, float, (unsigned int)2, (unsigned int)1, (unsigned char)4, (unsigned char)4>(pusch_noise_intf_est::puschRxNoiseIntfEstDynDescr)"
5073324605,2624,339830,35,1,1,128,1,1,16,0.000,0.000,,,,,NVIDIA A100-SXM4-40GB MIG 4g.20gb (0),1,,13,cupy_copy__complex64_complex64
5073329661,1792,339839,1,1,1,1,1,1,18,0.000,0.000,,,,,NVIDIA A100-SXM4-40GB MIG 4g.20gb (0),1,,13,cupy_copy__float32_float32
5073349373,1632,339845,,,,,,,,,,0.000,2.451,Device,Pageable,NVIDIA A100-SXM4-40GB MIG 4g.20gb (0),1,,7,[CUDA memcpy Device-to-Host]
5073410300,13088,339856,1434,1,1,128,1,1,16,0.000,0.000,,,,,NVIDIA A100-SXM4-40GB MIG 4g.20gb (0),1,,13,cupy_copy__complex64_complex64
5073438428,2944,339863,103,1,1,128,1,1,16,0.000,0.000,,,,,NVIDIA A100-SXM4-40GB MIG 4g.20gb (0),1,,13,cupy_copy__complex64_complex64
5073460572,2528,339870,35,1,1,128,1,1,16,0.000,0.000,,,,,NVIDIA A100-SXM4-40GB MIG 4g.20gb (0),1,,13,cupy_copy__complex64_complex64
5073477659,1920,339877,1,1,1,1,1,1,18,0.000,0.000,,,,,NVIDIA A100-SXM4-40GB MIG 4g.20gb (0),1,,13,cupy_copy__float32_float32
5073613562,82111,339888,1,1,1,32,32,1,30,0.000,0.000,,,,,NVIDIA A100-SXM4-40GB MIG 4g.20gb (0),1,,13,"void convert_kernel<__half2, float2>(tensor_layout_any, T1 *, tensor_layout_any, const T2 *)"
5073723320,5568,339891,,,,,,,,,,0.094,16827.521,Pinned,Device,NVIDIA A100-SXM4-40GB MIG 4g.20gb (0),1,,13,[CUDA memcpy Host-to-Device]
5073737912,3520,339892,,,,,,,,,,1.547,439380.412,Device,,NVIDIA A100-SXM4-40GB MIG 4g.20gb (0),1,,13,[CUDA memset]
5073743896,3552,339897,,,,,,,,,,0.031,8810.794,Pinned,Device,NVIDIA A100-SXM4-40GB MIG 4g.20gb (0),1,,13,[CUDA memcpy Host-to-Device]
5073750296,9888,339898,,,,,,,,,,0.197,19883.360,Pinned,Device,NVIDIA A100-SXM4-40GB MIG 4g.20gb (0),1,,13,[CUDA memcpy Host-to-Device]
5073765272,6752,339899,273,1,1,8,4,1,39,0.002,0.000,,,,,NVIDIA A100-SXM4-40GB MIG 4g.20gb (0),1,,13,"void channel_eq::eqMmseCoefCompLowMimoKernel<float, float, float, (unsigned int)4, (unsigned int)1, (unsigned int)4>(const channel_eq::_puschRxChEqStatDescr *, channel_eq::_puschRxChEqCoefCompDynDescr)"
5073773208,6432,339900,273,1,1,12,11,1,51,0.002,0.000,,,,,NVIDIA A100-SXM4-40GB MIG 4g.20gb (0),1,,13,"void channel_eq::eqMmseSoftDemapKernel<float, __half, __half, float, (unsigned int)4, (unsigned short)16383>(channel_eq::_puschRxChEqStatDescr *, channel_eq::_puschRxChEqSoftDemapDynDescr)"
5073782232,282492,339901,1,1,1,32,32,1,30,0.000,0.000,,,,,NVIDIA A100-SXM4-40GB MIG 4g.20gb (0),1,,13,"void convert_kernel<float2, __half2>(tensor_layout_any, T1 *, tensor_layout_any, const T2 *)"
5074065876,11072,339913,2253,1,1,128,1,1,16,0.000,0.000,,,,,NVIDIA A100-SXM4-40GB MIG 4g.20gb (0),1,,13,cupy_copy__float16_float16
5074080244,3104,339922,282,1,1,128,1,1,16,0.000,0.000,,,,,NVIDIA A100-SXM4-40GB MIG 4g.20gb (0),1,,13,cupy_copy__complex64_complex64
5074085140,2048,339931,26,1,1,128,1,1,16,0.000,0.000,,,,,NVIDIA A100-SXM4-40GB MIG 4g.20gb (0),1,,13,cupy_copy__float32_float32
5074091028,2784,339940,103,1,1,128,1,1,16,0.000,0.000,,,,,NVIDIA A100-SXM4-40GB MIG 4g.20gb (0),1,,13,cupy_copy__complex64_complex64
5074094772,11872,339950,1434,1,1,128,1,1,16,0.000,0.000,,,,,NVIDIA A100-SXM4-40GB MIG 4g.20gb (0),1,,13,cupy_copy__complex64_complex64
5074111252,82047,339955,1,1,1,32,32,1,30,0.000,0.000,,,,,NVIDIA A100-SXM4-40GB MIG 4g.20gb (0),1,,13,"void convert_kernel<__half2, float2>(tensor_layout_any, T1 *, tensor_layout_any, const T2 *)"
5074220050,5376,339958,,,,,,,,,,0.094,17428.487,Pinned,Device,NVIDIA A100-SXM4-40GB MIG 4g.20gb (0),1,,13,[CUDA memcpy Host-to-Device]
5074229842,601177,339959,,,,,,,,,,456.561,759261.675,Device,,NVIDIA A100-SXM4-40GB MIG 4g.20gb (0),1,,13,[CUDA memset]
5074836203,137310,339964,,,,,,,,,,1.235,8992.862,Pinned,Device,NVIDIA A100-SXM4-40GB MIG 4g.20gb (0),1,,13,[CUDA memcpy Host-to-Device]
5074986025,39679,339965,,,,,,,,,,0.197,4954.915,Pinned,Device,NVIDIA A100-SXM4-40GB MIG 4g.20gb (0),1,,13,[CUDA memcpy Host-to-Device]
5075056264,8096,339966,69,4,1,48,1,1,76,0.002,0.000,,,,,NVIDIA A100-SXM4-40GB MIG 4g.20gb (0),1,,13,"void ch_est::windowedChEstPreNoDftSOfdmKernel<float, __half, float, (unsigned int)2, (unsigned int)1, (unsigned short)4>(ch_est::puschRxChEstStatDescr_t *, ch_est::puschRxChEstDynDescr_t *)"
5075075560,6528,339967,137,2,1,24,2,1,44,0.001,0.001,,,,,NVIDIA A100-SXM4-40GB MIG 4g.20gb (0),1,,13,"void ch_est::chEstFilterNoDftSOfdmDispatchKernel<float, __half, float, (unsigned int)2>(ch_est::puschRxChEstStatDescr_t *, ch_est::puschRxChEstDynDescr_t *)"
5075092168,4703,339968,137,2,1,24,2,1,44,0.001,0.001,,,,,NVIDIA A100-SXM4-40GB MIG 4g.20gb (0),1,,13,"void ch_est::chEstFilterNoDftSOfdmDispatchKernel<float, __half, float, (unsigned int)2>(ch_est::puschRxChEstStatDescr_t *, ch_est::puschRxChEstDynDescr_t *)"
5075109415,2496,339979,103,1,1,128,1,1,16,0.000,0.000,,,,,NVIDIA A100-SXM4-40GB MIG 4g.20gb (0),1,,13,cupy_copy__complex64_complex64
5075127015,12288,339989,1434,1,1,128,1,1,16,0.000,0.000,,,,,NVIDIA A100-SXM4-40GB MIG 4g.20gb (0),1,,13,cupy_copy__complex64_complex64
5075146247,2496,339996,103,1,1,128,1,1,16,0.000,0.000,,,,,NVIDIA A100-SXM4-40GB MIG 4g.20gb (0),1,,13,cupy_copy__complex64_complex64
5075169415,96830,340003,1,1,1,32,32,1,30,0.000,0.000,,,,,NVIDIA A100-SXM4-40GB MIG 4g.20gb (0),1,,13,"void convert_kernel<__half2, float2>(tensor_layout_any, T1 *, tensor_layout_any, const T2 *)"
5075301253,26464,340006,,,,,,,,,,0.094,3540.491,Pinned,Device,NVIDIA A100-SXM4-40GB MIG 4g.20gb (0),1,,13,[CUDA memcpy Host-to-Device]
5075343780,46592,340007,,,,,,,,,,35.810,768552.503,Device,,NVIDIA A100-SXM4-40GB MIG 4g.20gb (0),1,,13,[CUDA memset]
5075395300,11936,340009,,,,,,,,,,0.000,6.702,Pinned,Device,NVIDIA A100-SXM4-40GB MIG 4g.20gb (0),1,,13,[CUDA memcpy Host-to-Device]
5075415940,30047,340010,,,,,,,,,,0.197,6543.311,Pinned,Device,NVIDIA A100-SXM4-40GB MIG 4g.20gb (0),1,,13,[CUDA memcpy Host-to-Device]
5075475907,9792,340011,273,1,1,48,1,1,40,0.000,0.001,,,,,NVIDIA A100-SXM4-40GB MIG 4g.20gb (0),1,,13,"void pusch_noise_intf_est::noiseIntfEstNoDftSOfdmKernel<float, __half, float, float, (unsigned int)2, (unsigned int)1, (unsigned char)4, (unsigned char)4>(pusch_noise_intf_est::puschRxNoiseIntfEstDynDescr)"
5075492547,2848,340022,35,1,1,128,1,1,16,0.000,0.000,,,,,NVIDIA A100-SXM4-40GB MIG 4g.20gb (0),1,,13,cupy_copy__complex64_complex64
5075509122,1728,340031,1,1,1,1,1,1,18,0.000,0.000,,,,,NVIDIA A100-SXM4-40GB MIG 4g.20gb (0),1,,13,cupy_copy__float32_float32
5075512034,8768,340037,,,,,,,,,,0.000,0.456,Device,Pageable,NVIDIA A100-SXM4-40GB MIG 4g.20gb (0),1,,7,[CUDA memcpy Device-to-Host]
5075604001,12640,340048,1434,1,1,128,1,1,16,0.000,0.000,,,,,NVIDIA A100-SXM4-40GB MIG 4g.20gb (0),1,,13,cupy_copy__complex64_complex64
5075629345,2720,340055,103,1,1,128,1,1,16,0.000,0.000,,,,,NVIDIA A100-SXM4-40GB MIG 4g.20gb (0),1,,13,cupy_copy__complex64_complex64
5075646753,2560,340062,35,1,1,128,1,1,16,0.000,0.000,,,,,NVIDIA A100-SXM4-40GB MIG 4g.20gb (0),1,,13,cupy_copy__complex64_complex64
5075676192,1792,340069,1,1,1,1,1,1,18,0.000,0.000,,,,,NVIDIA A100-SXM4-40GB MIG 4g.20gb (0),1,,13,cupy_copy__float32_float32
5075796991,83295,340080,1,1,1,32,32,1,30,0.000,0.000,,,,,NVIDIA A100-SXM4-40GB MIG 4g.20gb (0),1,,13,"void convert_kernel<__half2, float2>(tensor_layout_any, T1 *, tensor_layout_any, const T2 *)"
5075907901,5920,340083,,,,,,,,,,0.094,15826.941,Pinned,Device,NVIDIA A100-SXM4-40GB MIG 4g.20gb (0),1,,13,[CUDA memcpy Host-to-Device]
5075922717,3584,340084,,,,,,,,,,1.547,431534.389,Device,,NVIDIA A100-SXM4-40GB MIG 4g.20gb (0),1,,13,[CUDA memset]
5075929181,3424,340089,,,,,,,,,,0.031,9140.185,Pinned,Device,NVIDIA A100-SXM4-40GB MIG 4g.20gb (0),1,,13,[CUDA memcpy Host-to-Device]
5075935389,9408,340090,,,,,,,,,,0.197,20897.858,Pinned,Device,NVIDIA A100-SXM4-40GB MIG 4g.20gb (0),1,,13,[CUDA memcpy Host-to-Device]
5075948765,7776,340091,273,1,1,8,4,1,39,0.002,0.000,,,,,NVIDIA A100-SXM4-40GB MIG 4g.20gb (0),1,,13,"void channel_eq::eqMmseCoefCompLowMimoKernel<float, float, float, (unsigned int)4, (unsigned int)1, (unsigned int)4>(const channel_eq::_puschRxChEqStatDescr *, channel_eq::_puschRxChEqCoefCompDynDescr)"
5075957853,5504,340092,273,1,1,12,11,1,51,0.002,0.000,,,,,NVIDIA A100-SXM4-40GB MIG 4g.20gb (0),1,,13,"void channel_eq::eqMmseSoftDemapKernel<float, __half, __half, float, (unsigned int)4, (unsigned short)16383>(channel_eq::_puschRxChEqStatDescr *, channel_eq::_puschRxChEqSoftDemapDynDescr)"
5075964477,282044,340093,1,1,1,32,32,1,30,0.000,0.000,,,,,NVIDIA A100-SXM4-40GB MIG 4g.20gb (0),1,,13,"void convert_kernel<float2, __half2>(tensor_layout_any, T1 *, tensor_layout_any, const T2 *)"
5076247577,10944,340105,2253,1,1,128,1,1,16,0.000,0.000,,,,,NVIDIA A100-SXM4-40GB MIG 4g.20gb (0),1,,13,cupy_copy__float16_float16
5076261529,3104,340114,282,1,1,128,1,1,16,0.000,0.000,,,,,NVIDIA A100-SXM4-40GB MIG 4g.20gb (0),1,,13,cupy_copy__complex64_complex64
5076267161,2048,340123,26,1,1,128,1,1,16,0.000,0.000,,,,,NVIDIA A100-SXM4-40GB MIG 4g.20gb (0),1,,13,cupy_copy__float32_float32
5076270489,2880,340132,103,1,1,128,1,1,16,0.000,0.000,,,,,NVIDIA A100-SXM4-40GB MIG 4g.20gb (0),1,,13,cupy_copy__complex64_complex64
5076274521,11904,340142,1434,1,1,128,1,1,16,0.000,0.000,,,,,NVIDIA A100-SXM4-40GB MIG 4g.20gb (0),1,,13,cupy_copy__complex64_complex64
5076296633,82431,340147,1,1,1,32,32,1,30,0.000,0.000,,,,,NVIDIA A100-SXM4-40GB MIG 4g.20gb (0),1,,13,"void convert_kernel<__half2, float2>(tensor_layout_any, T1 *, tensor_layout_any, const T2 *)"
5076405975,5824,340150,,,,,,,,,,0.094,16087.884,Pinned,Device,NVIDIA A100-SXM4-40GB MIG 4g.20gb (0),1,,13,[CUDA memcpy Host-to-Device]
5076415703,597689,340151,,,,,,,,,,456.561,763827.289,Device,,NVIDIA A100-SXM4-40GB MIG 4g.20gb (0),1,,13,[CUDA memset]
5077025904,107198,340156,,,,,,,,,,1.235,11519.558,Pinned,Device,NVIDIA A100-SXM4-40GB MIG 4g.20gb (0),1,,13,[CUDA memcpy Host-to-Device]
5077139822,16896,340157,,,,,,,,,,0.197,11636.244,Pinned,Device,NVIDIA A100-SXM4-40GB MIG 4g.20gb (0),1,,13,[CUDA memcpy Host-to-Device]
5077169870,7744,340158,69,4,1,48,1,1,76,0.002,0.000,,,,,NVIDIA A100-SXM4-40GB MIG 4g.20gb (0),1,,13,"void ch_est::windowedChEstPreNoDftSOfdmKernel<float, __half, float, (unsigned int)2, (unsigned int)1, (unsigned short)4>(ch_est::puschRxChEstStatDescr_t *, ch_est::puschRxChEstDynDescr_t *)"
5077182542,6880,340159,137,2,1,24,2,1,44,0.001,0.001,,,,,NVIDIA A100-SXM4-40GB MIG 4g.20gb (0),1,,13,"void ch_est::chEstFilterNoDftSOfdmDispatchKernel<float, __half, float, (unsigned int)2>(ch_est::puschRxChEstStatDescr_t *, ch_est::puschRxChEstDynDescr_t *)"
5077193262,4960,340160,137,2,1,24,2,1,44,0.001,0.001,,,,,NVIDIA A100-SXM4-40GB MIG 4g.20gb (0),1,,13,"void ch_est::chEstFilterNoDftSOfdmDispatchKernel<float, __half, float, (unsigned int)2>(ch_est::puschRxChEstStatDescr_t *, ch_est::puschRxChEstDynDescr_t *)"
5077203565,2752,340171,103,1,1,128,1,1,16,0.000,0.000,,,,,NVIDIA A100-SXM4-40GB MIG 4g.20gb (0),1,,13,cupy_copy__complex64_complex64
5077208333,12608,340181,1434,1,1,128,1,1,16,0.000,0.000,,,,,NVIDIA A100-SXM4-40GB MIG 4g.20gb (0),1,,13,cupy_copy__complex64_complex64
5077223181,2592,340188,103,1,1,128,1,1,16,0.000,0.000,,,,,NVIDIA A100-SXM4-40GB MIG 4g.20gb (0),1,,13,cupy_copy__complex64_complex64
5077228173,87103,340195,1,1,1,32,32,1,30,0.000,0.000,,,,,NVIDIA A100-SXM4-40GB MIG 4g.20gb (0),1,,13,"void convert_kernel<__half2, float2>(tensor_layout_any, T1 *, tensor_layout_any, const T2 *)"
5077343276,5536,340198,,,,,,,,,,0.094,16924.777,Pinned,Device,NVIDIA A100-SXM4-40GB MIG 4g.20gb (0),1,,13,[CUDA memcpy Host-to-Device]
5077354860,47199,340199,,,,,,,,,,35.810,758668.965,Device,,NVIDIA A100-SXM4-40GB MIG 4g.20gb (0),1,,13,[CUDA memset]
5077408139,5728,340201,,,,,,,,,,0.000,13.966,Pinned,Device,NVIDIA A100-SXM4-40GB MIG 4g.20gb (0),1,,13,[CUDA memcpy Host-to-Device]
5077418091,13696,340202,,,,,,,,,,0.197,14355.137,Pinned,Device,NVIDIA A100-SXM4-40GB MIG 4g.20gb (0),1,,13,[CUDA memcpy Host-to-Device]
5077441227,10335,340203,273,1,1,48,1,1,40,0.000,0.001,,,,,NVIDIA A100-SXM4-40GB MIG 4g.20gb (0),1,,13,"void pusch_noise_intf_est::noiseIntfEstNoDftSOfdmKernel<float, __half, float, float, (unsigned int)2, (unsigned int)1, (unsigned char)4, (unsigned char)4>(pusch_noise_intf_est::puschRxNoiseIntfEstDynDescr)"
5077456458,2816,340214,35,1,1,128,1,1,16,0.000,0.000,,,,,NVIDIA A100-SXM4-40GB MIG 4g.20gb (0),1,,13,cupy_copy__complex64_complex64
5077465578,2176,340223,1,1,1,1,1,1,18,0.000,0.000,,,,,NVIDIA A100-SXM4-40GB MIG 4g.20gb (0),1,,13,cupy_copy__float32_float32
5077495882,1600,340229,,,,,,,,,,0.000,2.500,Device,Pageable,NVIDIA A100-SXM4-40GB MIG 4g.20gb (0),1,,7,[CUDA memcpy Device-to-Host]
5077555049,12800,340240,1434,1,1,128,1,1,16,0.000,0.000,,,,,NVIDIA A100-SXM4-40GB MIG 4g.20gb (0),1,,13,cupy_copy__complex64_complex64
5077582345,2816,340247,103,1,1,128,1,1,16,0.000,0.000,,,,,NVIDIA A100-SXM4-40GB MIG 4g.20gb (0),1,,13,cupy_copy__complex64_complex64
5077606921,2655,340254,35,1,1,128,1,1,16,0.000,0.000,,,,,NVIDIA A100-SXM4-40GB MIG 4g.20gb (0),1,,13,cupy_copy__complex64_complex64
5077626376,1760,340261,1,1,1,1,1,1,18,0.000,0.000,,,,,NVIDIA A100-SXM4-40GB MIG 4g.20gb (0),1,,13,cupy_copy__float32_float32
5077756455,82175,340272,1,1,1,32,32,1,30,0.000,0.000,,,,,NVIDIA A100-SXM4-40GB MIG 4g.20gb (0),1,,13,"void convert_kernel<__half2, float2>(tensor_layout_any, T1 *, tensor_layout_any, const T2 *)"
5077866309,5728,340275,,,,,,,,,,0.094,16357.541,Pinned,Device,NVIDIA A100-SXM4-40GB MIG 4g.20gb (0),1,,13,[CUDA memcpy Host-to-Device]
5077880133,3200,340276,,,,,,,,,,1.547,483320.000,Device,,NVIDIA A100-SXM4-40GB MIG 4g.20gb (0),1,,13,[CUDA memset]
5077888261,3136,340281,,,,,,,,,,0.031,9979.575,Pinned,Device,NVIDIA A100-SXM4-40GB MIG 4g.20gb (0),1,,13,[CUDA memcpy Host-to-Device]
5077894565,9408,340282,,,,,,,,,,0.197,20897.858,Pinned,Device,NVIDIA A100-SXM4-40GB MIG 4g.20gb (0),1,,13,[CUDA memcpy Host-to-Device]
5077909157,5952,340283,273,1,1,8,4,1,39,0.002,0.000,,,,,NVIDIA A100-SXM4-40GB MIG 4g.20gb (0),1,,13,"void channel_eq::eqMmseCoefCompLowMimoKernel<float, float, float, (unsigned int)4, (unsigned int)1, (unsigned int)4>(const channel_eq::_puschRxChEqStatDescr *, channel_eq::_puschRxChEqCoefCompDynDescr)"
5077917093,5472,340284,273,1,1,12,11,1,51,0.002,0.000,,,,,NVIDIA A100-SXM4-40GB MIG 4g.20gb (0),1,,13,"void channel_eq::eqMmseSoftDemapKernel<float, __half, __half, float, (unsigned int)4, (unsigned short)16383>(channel_eq::_puschRxChEqStatDescr *, channel_eq::_puschRxChEqSoftDemapDynDescr)"
5077926757,282428,340285,1,1,1,32,32,1,30,0.000,0.000,,,,,NVIDIA A100-SXM4-40GB MIG 4g.20gb (0),1,,13,"void convert_kernel<float2, __half2>(tensor_layout_any, T1 *, tensor_layout_any, const T2 *)"
5078210209,11040,340297,2253,1,1,128,1,1,16,0.000,0.000,,,,,NVIDIA A100-SXM4-40GB MIG 4g.20gb (0),1,,13,cupy_copy__float16_float16
5078224257,3712,340306,282,1,1,128,1,1,16,0.000,0.000,,,,,NVIDIA A100-SXM4-40GB MIG 4g.20gb (0),1,,13,cupy_copy__complex64_complex64
5078229537,2144,340315,26,1,1,128,1,1,16,0.000,0.000,,,,,NVIDIA A100-SXM4-40GB MIG 4g.20gb (0),1,,13,cupy_copy__float32_float32
5078232737,3104,340324,103,1,1,128,1,1,16,0.000,0.000,,,,,NVIDIA A100-SXM4-40GB MIG 4g.20gb (0),1,,13,cupy_copy__complex64_complex64
5078237249,12448,340334,1434,1,1,128,1,1,16,0.000,0.000,,,,,NVIDIA A100-SXM4-40GB MIG 4g.20gb (0),1,,13,cupy_copy__complex64_complex64
5078251521,82463,340339,1,1,1,32,32,1,30,0.000,0.000,,,,,NVIDIA A100-SXM4-40GB MIG 4g.20gb (0),1,,13,"void convert_kernel<__half2, float2>(tensor_layout_any, T1 *, tensor_layout_any, const T2 *)"
5078359967,5696,340342,,,,,,,,,,0.094,16449.363,Pinned,Device,NVIDIA A100-SXM4-40GB MIG 4g.20gb (0),1,,13,[CUDA memcpy Host-to-Device]
5078370943,597625,340343,,,,,,,,,,456.561,763827.289,Device,,NVIDIA A100-SXM4-40GB MIG 4g.20gb (0),1,,13,[CUDA memset]
5078976536,160478,340348,,,,,,,,,,1.235,7694.936,Pinned,Device,NVIDIA A100-SXM4-40GB MIG 4g.20gb (0),1,,13,[CUDA memcpy Host-to-Device]
5079149430,39583,340349,,,,,,,,,,0.197,4966.908,Pinned,Device,NVIDIA A100-SXM4-40GB MIG 4g.20gb (0),1,,13,[CUDA memcpy Host-to-Device]
5079206517,8448,340350,69,4,1,48,1,1,76,0.002,0.000,,,,,NVIDIA A100-SXM4-40GB MIG 4g.20gb (0),1,,13,"void ch_est::windowedChEstPreNoDftSOfdmKernel<float, __half, float, (unsigned int)2, (unsigned int)1, (unsigned short)4>(ch_est::puschRxChEstStatDescr_t *, ch_est::puschRxChEstDynDescr_t *)"
5079224181,6944,340351,137,2,1,24,2,1,44,0.001,0.001,,,,,NVIDIA A100-SXM4-40GB MIG 4g.20gb (0),1,,13,"void ch_est::chEstFilterNoDftSOfdmDispatchKernel<float, __half, float, (unsigned int)2>(ch_est::puschRxChEstStatDescr_t *, ch_est::puschRxChEstDynDescr_t *)"
5079243924,4928,340352,137,2,1,24,2,1,44,0.001,0.001,,,,,NVIDIA A100-SXM4-40GB MIG 4g.20gb (0),1,,13,"void ch_est::chEstFilterNoDftSOfdmDispatchKernel<float, __half, float, (unsigned int)2>(ch_est::puschRxChEstStatDescr_t *, ch_est::puschRxChEstDynDescr_t *)"
5079258964,2688,340363,103,1,1,128,1,1,16,0.000,0.000,,,,,NVIDIA A100-SXM4-40GB MIG 4g.20gb (0),1,,13,cupy_copy__complex64_complex64
5079273428,12480,340373,1434,1,1,128,1,1,16,0.000,0.000,,,,,NVIDIA A100-SXM4-40GB MIG 4g.20gb (0),1,,13,cupy_copy__complex64_complex64
5079301492,2496,340380,103,1,1,128,1,1,16,0.000,0.000,,,,,NVIDIA A100-SXM4-40GB MIG 4g.20gb (0),1,,13,cupy_copy__complex64_complex64
5079312819,84831,340387,1,1,1,32,32,1,30,0.000,0.000,,,,,NVIDIA A100-SXM4-40GB MIG 4g.20gb (0),1,,13,"void convert_kernel<__half2, float2>(tensor_layout_any, T1 *, tensor_layout_any, const T2 *)"
5079426706,8576,340390,,,,,,,,,,0.094,10925.328,Pinned,Device,NVIDIA A100-SXM4-40GB MIG 4g.20gb (0),1,,13,[CUDA memcpy Host-to-Device]
5079440146,45887,340391,,,,,,,,,,35.810,780369.777,Device,,NVIDIA A100-SXM4-40GB MIG 4g.20gb (0),1,,13,[CUDA memset]
5079487249,8576,340393,,,,,,,,,,0.000,9.328,Pinned,Device,NVIDIA A100-SXM4-40GB MIG 4g.20gb (0),1,,13,[CUDA memcpy Host-to-Device]
5079500113,12768,340394,,,,,,,,,,0.197,15398.339,Pinned,Device,NVIDIA A100-SXM4-40GB MIG 4g.20gb (0),1,,13,[CUDA memcpy Host-to-Device]
5079521169,10048,340395,273,1,1,48,1,1,40,0.000,0.001,,,,,NVIDIA A100-SXM4-40GB MIG 4g.20gb (0),1,,13,"void pusch_noise_intf_est::noiseIntfEstNoDftSOfdmKernel<float, __half, float, float, (unsigned int)2, (unsigned int)1, (unsigned char)4, (unsigned char)4>(pusch_noise_intf_est::puschRxNoiseIntfEstDynDescr)"
5079535857,2816,340406,35,1,1,128,1,1,16,0.000,0.000,,,,,NVIDIA A100-SXM4-40GB MIG 4g.20gb (0),1,,13,cupy_copy__complex64_complex64
5079546481,1824,340415,1,1,1,1,1,1,18,0.000,0.000,,,,,NVIDIA A100-SXM4-40GB MIG 4g.20gb (0),1,,13,cupy_copy__float32_float32
5079578480,1600,340421,,,,,,,,,,0.000,2.500,Device,Pageable,NVIDIA A100-SXM4-40GB MIG 4g.20gb (0),1,,7,[CUDA memcpy Device-to-Host]
5079637871,13216,340432,1434,1,1,128,1,1,16,0.000,0.000,,,,,NVIDIA A100-SXM4-40GB MIG 4g.20gb (0),1,,13,cupy_copy__complex64_complex64
5079669071,2944,340439,103,1,1,128,1,1,16,0.000,0.000,,,,,NVIDIA A100-SXM4-40GB MIG 4g.20gb (0),1,,13,cupy_copy__complex64_complex64
5079690191,2560,340446,35,1,1,128,1,1,16,0.000,0.000,,,,,NVIDIA A100-SXM4-40GB MIG 4g.20gb (0),1,,13,cupy_copy__complex64_complex64
5079708431,1856,340453,1,1,1,1,1,1,18,0.000,0.000,,,,,NVIDIA A100-SXM4-40GB MIG 4g.20gb (0),1,,13,cupy_copy__float32_float32
5079840781,82975,340464,1,1,1,32,32,1,30,0.000,0.000,,,,,NVIDIA A100-SXM4-40GB MIG 4g.20gb (0),1,,13,"void convert_kernel<__half2, float2>(tensor_layout_any, T1 *, tensor_layout_any, const T2 *)"
5079951116,5952,340467,,,,,,,,,,0.094,15741.865,Pinned,Device,NVIDIA A100-SXM4-40GB MIG 4g.20gb (0),1,,13,[CUDA memcpy Host-to-Device]
5079966795,3168,340468,,,,,,,,,,1.547,488201.145,Device,,NVIDIA A100-SXM4-40GB MIG 4g.20gb (0),1,,13,[CUDA memset]
5079971915,3616,340473,,,,,,,,,,0.031,8654.846,Pinned,Device,NVIDIA A100-SXM4-40GB MIG 4g.20gb (0),1,,13,[CUDA memcpy Host-to-Device]
5079978251,9376,340474,,,,,,,,,,0.197,20969.226,Pinned,Device,NVIDIA A100-SXM4-40GB MIG 4g.20gb (0),1,,13,[CUDA memcpy Host-to-Device]
5079993035,7648,340475,273,1,1,8,4,1,39,0.002,0.000,,,,,NVIDIA A100-SXM4-40GB MIG 4g.20gb (0),1,,13,"void channel_eq::eqMmseCoefCompLowMimoKernel<float, float, float, (unsigned int)4, (unsigned int)1, (unsigned int)4>(const channel_eq::_puschRxChEqStatDescr *, channel_eq::_puschRxChEqCoefCompDynDescr)"
5080001611,6112,340476,273,1,1,12,11,1,51,0.002,0.000,,,,,NVIDIA A100-SXM4-40GB MIG 4g.20gb (0),1,,13,"void channel_eq::eqMmseSoftDemapKernel<float, __half, __half, float, (unsigned int)4, (unsigned short)16383>(channel_eq::_puschRxChEqStatDescr *, channel_eq::_puschRxChEqSoftDemapDynDescr)"
5080008843,282460,340477,1,1,1,32,32,1,30,0.000,0.000,,,,,NVIDIA A100-SXM4-40GB MIG 4g.20gb (0),1,,13,"void convert_kernel<float2, __half2>(tensor_layout_any, T1 *, tensor_layout_any, const T2 *)"
5080292295,10880,340489,2253,1,1,128,1,1,16,0.000,0.000,,,,,NVIDIA A100-SXM4-40GB MIG 4g.20gb (0),1,,13,cupy_copy__float16_float16
5080306727,3552,340498,282,1,1,128,1,1,16,0.000,0.000,,,,,NVIDIA A100-SXM4-40GB MIG 4g.20gb (0),1,,13,cupy_copy__complex64_complex64
5080312935,2368,340507,26,1,1,128,1,1,16,0.000,0.000,,,,,NVIDIA A100-SXM4-40GB MIG 4g.20gb (0),1,,13,cupy_copy__float32_float32
5080316935,3072,340516,103,1,1,128,1,1,16,0.000,0.000,,,,,NVIDIA A100-SXM4-40GB MIG 4g.20gb (0),1,,13,cupy_copy__complex64_complex64
5080372614,12416,340532,1434,1,1,128,1,1,16,0.000,0.000,,,,,NVIDIA A100-SXM4-40GB MIG 4g.20gb (0),1,,13,cupy_copy__complex64_complex64
5080488229,88031,340537,1,1,1,32,32,1,30,0.000,0.000,,,,,NVIDIA A100-SXM4-40GB MIG 4g.20gb (0),1,,13,"void convert_kernel<__half2, float2>(tensor_layout_any, T1 *, tensor_layout_any, const T2 *)"
5080603908,5760,340540,,,,,,,,,,0.094,16266.656,Pinned,Device,NVIDIA A100-SXM4-40GB MIG 4g.20gb (0),1,,13,[CUDA memcpy Host-to-Device]
5080613987,598297,340541,,,,,,,,,,456.561,762914.166,Device,,NVIDIA A100-SXM4-40GB MIG 4g.20gb (0),1,,13,[CUDA memset]
5081216668,152254,340546,,,,,,,,,,1.235,8109.877,Pinned,Device,NVIDIA A100-SXM4-40GB MIG 4g.20gb (0),1,,13,[CUDA memcpy Host-to-Device]
5081379642,40288,340547,,,,,,,,,,0.197,4880.007,Pinned,Device,NVIDIA A100-SXM4-40GB MIG 4g.20gb (0),1,,13,[CUDA memcpy Host-to-Device]
5081449433,8128,340548,69,4,1,48,1,1,76,0.002,0.000,,,,,NVIDIA A100-SXM4-40GB MIG 4g.20gb (0),1,,13,"void ch_est::windowedChEstPreNoDftSOfdmKernel<float, __half, float, (unsigned int)2, (unsigned int)1, (unsigned short)4>(ch_est::puschRxChEstStatDescr_t *, ch_est::puschRxChEstDynDescr_t *)"
5081465913,6944,340549,137,2,1,24,2,1,44,0.001,0.001,,,,,NVIDIA A100-SXM4-40GB MIG 4g.20gb (0),1,,13,"void ch_est::chEstFilterNoDftSOfdmDispatchKernel<float, __half, float, (unsigned int)2>(ch_est::puschRxChEstStatDescr_t *, ch_est::puschRxChEstDynDescr_t *)"
5081481625,4928,340550,137,2,1,24,2,1,44,0.001,0.001,,,,,NVIDIA A100-SXM4-40GB MIG 4g.20gb (0),1,,13,"void ch_est::chEstFilterNoDftSOfdmDispatchKernel<float, __half, float, (unsigned int)2>(ch_est::puschRxChEstStatDescr_t *, ch_est::puschRxChEstDynDescr_t *)"
5081495641,2688,340561,103,1,1,128,1,1,16,0.000,0.000,,,,,NVIDIA A100-SXM4-40GB MIG 4g.20gb (0),1,,13,cupy_copy__complex64_complex64
5081507576,12608,340571,1434,1,1,128,1,1,16,0.000,0.000,,,,,NVIDIA A100-SXM4-40GB MIG 4g.20gb (0),1,,13,cupy_copy__complex64_complex64
5081526328,2592,340578,103,1,1,128,1,1,16,0.000,0.000,,,,,NVIDIA A100-SXM4-40GB MIG 4g.20gb (0),1,,13,cupy_copy__complex64_complex64
5081540216,87199,340585,1,1,1,32,32,1,30,0.000,0.000,,,,,NVIDIA A100-SXM4-40GB MIG 4g.20gb (0),1,,13,"void convert_kernel<__half2, float2>(tensor_layout_any, T1 *, tensor_layout_any, const T2 *)"
5081656311,13407,340588,,,,,,,,,,0.094,6988.504,Pinned,Device,NVIDIA A100-SXM4-40GB MIG 4g.20gb (0),1,,13,[CUDA memcpy Host-to-Device]
5081680662,47168,340589,,,,,,,,,,35.810,759170.304,Device,,NVIDIA A100-SXM4-40GB MIG 4g.20gb (0),1,,13,[CUDA memset]
5081730966,3456,340591,,,,,,,,,,0.000,23.148,Pinned,Device,NVIDIA A100-SXM4-40GB MIG 4g.20gb (0),1,,13,[CUDA memcpy Host-to-Device]
5081742102,15007,340592,,,,,,,,,,0.197,13100.974,Pinned,Device,NVIDIA A100-SXM4-40GB MIG 4g.20gb (0),1,,13,[CUDA memcpy Host-to-Device]
5081769589,10208,340593,273,1,1,48,1,1,40,0.000,0.001,,,,,NVIDIA A100-SXM4-40GB MIG 4g.20gb (0),1,,13,"void pusch_noise_intf_est::noiseIntfEstNoDftSOfdmKernel<float, __half, float, float, (unsigned int)2, (unsigned int)1, (unsigned char)4, (unsigned char)4>(pusch_noise_intf_est::puschRxNoiseIntfEstDynDescr)"
5081788149,2848,340604,35,1,1,128,1,1,16,0.000,0.000,,,,,NVIDIA A100-SXM4-40GB MIG 4g.20gb (0),1,,13,cupy_copy__complex64_complex64
5081798869,1824,340613,1,1,1,1,1,1,18,0.000,0.000,,,,,NVIDIA A100-SXM4-40GB MIG 4g.20gb (0),1,,13,cupy_copy__float32_float32
5081811189,5184,340619,,,,,,,,,,0.000,0.772,Device,Pageable,NVIDIA A100-SXM4-40GB MIG 4g.20gb (0),1,,7,[CUDA memcpy Device-to-Host]
5081878868,12864,340630,1434,1,1,128,1,1,16,0.000,0.000,,,,,NVIDIA A100-SXM4-40GB MIG 4g.20gb (0),1,,13,cupy_copy__complex64_complex64
5081907092,2752,340637,103,1,1,128,1,1,16,0.000,0.000,,,,,NVIDIA A100-SXM4-40GB MIG 4g.20gb (0),1,,13,cupy_copy__complex64_complex64
5081927027,2784,340644,35,1,1,128,1,1,16,0.000,0.000,,,,,NVIDIA A100-SXM4-40GB MIG 4g.20gb (0),1,,13,cupy_copy__complex64_complex64
5081946195,1760,340651,1,1,1,1,1,1,18,0.000,0.000,,,,,NVIDIA A100-SXM4-40GB MIG 4g.20gb (0),1,,13,cupy_copy__float32_float32
5082076849,82015,340662,1,1,1,32,32,1,30,0.000,0.000,,,,,NVIDIA A100-SXM4-40GB MIG 4g.20gb (0),1,,13,"void convert_kernel<__half2, float2>(tensor_layout_any, T1 *, tensor_layout_any, const T2 *)"
5082186352,5568,340665,,,,,,,,,,0.094,16827.521,Pinned,Device,NVIDIA A100-SXM4-40GB MIG 4g.20gb (0),1,,13,[CUDA memcpy Host-to-Device]
5082201680,3360,340666,,,,,,,,,,1.547,460304.688,Device,,NVIDIA A100-SXM4-40GB MIG 4g.20gb (0),1,,13,[CUDA memset]
5082207248,3008,340671,,,,,,,,,,0.031,10404.230,Pinned,Device,NVIDIA A100-SXM4-40GB MIG 4g.20gb (0),1,,13,[CUDA memcpy Host-to-Device]
5082212816,9760,340672,,,,,,,,,,0.197,20144.259,Pinned,Device,NVIDIA A100-SXM4-40GB MIG 4g.20gb (0),1,,13,[CUDA memcpy Host-to-Device]
5082228272,6527,340673,273,1,1,8,4,1,39,0.002,0.000,,,,,NVIDIA A100-SXM4-40GB MIG 4g.20gb (0),1,,13,"void channel_eq::eqMmseCoefCompLowMimoKernel<float, float, float, (unsigned int)4, (unsigned int)1, (unsigned int)4>(const channel_eq::_puschRxChEqStatDescr *, channel_eq::_puschRxChEqCoefCompDynDescr)"
5082236207,5856,340674,273,1,1,12,11,1,51,0.002,0.000,,,,,NVIDIA A100-SXM4-40GB MIG 4g.20gb (0),1,,13,"void channel_eq::eqMmseSoftDemapKernel<float, __half, __half, float, (unsigned int)4, (unsigned short)16383>(channel_eq::_puschRxChEqStatDescr *, channel_eq::_puschRxChEqSoftDemapDynDescr)"
5082243183,282077,340675,1,1,1,32,32,1,30,0.000,0.000,,,,,NVIDIA A100-SXM4-40GB MIG 4g.20gb (0),1,,13,"void convert_kernel<float2, __half2>(tensor_layout_any, T1 *, tensor_layout_any, const T2 *)"
5082527628,10944,340687,2253,1,1,128,1,1,16,0.000,0.000,,,,,NVIDIA A100-SXM4-40GB MIG 4g.20gb (0),1,,13,cupy_copy__float16_float16
5082540812,3008,340696,282,1,1,128,1,1,16,0.000,0.000,,,,,NVIDIA A100-SXM4-40GB MIG 4g.20gb (0),1,,13,cupy_copy__complex64_complex64
5082546828,2080,340705,26,1,1,128,1,1,16,0.000,0.000,,,,,NVIDIA A100-SXM4-40GB MIG 4g.20gb (0),1,,13,cupy_copy__float32_float32
5082550316,4800,340714,103,1,1,128,1,1,16,0.000,0.000,,,,,NVIDIA A100-SXM4-40GB MIG 4g.20gb (0),1,,13,cupy_copy__complex64_complex64
5082557804,12575,340724,1434,1,1,128,1,1,16,0.000,0.000,,,,,NVIDIA A100-SXM4-40GB MIG 4g.20gb (0),1,,13,cupy_copy__complex64_complex64
5082576651,86495,340729,1,1,1,32,32,1,30,0.000,0.000,,,,,NVIDIA A100-SXM4-40GB MIG 4g.20gb (0),1,,13,"void convert_kernel<__half2, float2>(tensor_layout_any, T1 *, tensor_layout_any, const T2 *)"
5082693034,5568,340732,,,,,,,,,,0.094,16827.521,Pinned,Device,NVIDIA A100-SXM4-40GB MIG 4g.20gb (0),1,,13,[CUDA memcpy Host-to-Device]
5082702570,596920,340733,,,,,,,,,,456.561,764740.412,Device,,NVIDIA A100-SXM4-40GB MIG 4g.20gb (0),1,,13,[CUDA memset]
5083303490,155070,340738,,,,,,,,,,1.235,7962.919,Pinned,Device,NVIDIA A100-SXM4-40GB MIG 4g.20gb (0),1,,13,[CUDA memcpy Host-to-Device]
5083472320,36480,340739,,,,,,,,,,0.197,5389.418,Pinned,Device,NVIDIA A100-SXM4-40GB MIG 4g.20gb (0),1,,13,[CUDA memcpy Host-to-Device]
5083534399,8096,340740,69,4,1,48,1,1,76,0.002,0.000,,,,,NVIDIA A100-SXM4-40GB MIG 4g.20gb (0),1,,13,"void ch_est::windowedChEstPreNoDftSOfdmKernel<float, __half, float, (unsigned int)2, (unsigned int)1, (unsigned short)4>(ch_est::puschRxChEstStatDescr_t *, ch_est::puschRxChEstDynDescr_t *)"
5083554111,6336,340741,137,2,1,24,2,1,44,0.001,0.001,,,,,NVIDIA A100-SXM4-40GB MIG 4g.20gb (0),1,,13,"void ch_est::chEstFilterNoDftSOfdmDispatchKernel<float, __half, float, (unsigned int)2>(ch_est::puschRxChEstStatDescr_t *, ch_est::puschRxChEstDynDescr_t *)"
5083570847,4672,340742,137,2,1,24,2,1,44,0.001,0.001,,,,,NVIDIA A100-SXM4-40GB MIG 4g.20gb (0),1,,13,"void ch_est::chEstFilterNoDftSOfdmDispatchKernel<float, __half, float, (unsigned int)2>(ch_est::puschRxChEstStatDescr_t *, ch_est::puschRxChEstDynDescr_t *)"
5083588095,2496,340753,103,1,1,128,1,1,16,0.000,0.000,,,,,NVIDIA A100-SXM4-40GB MIG 4g.20gb (0),1,,13,cupy_copy__complex64_complex64
5083606559,12447,340763,1434,1,1,128,1,1,16,0.000,0.000,,,,,NVIDIA A100-SXM4-40GB MIG 4g.20gb (0),1,,13,cupy_copy__complex64_complex64
5083626654,2912,340770,103,1,1,128,1,1,16,0.000,0.000,,,,,NVIDIA A100-SXM4-40GB MIG 4g.20gb (0),1,,13,cupy_copy__complex64_complex64
5083648254,82751,340777,1,1,1,32,32,1,30,0.000,0.000,,,,,NVIDIA A100-SXM4-40GB MIG 4g.20gb (0),1,,13,"void convert_kernel<__half2, float2>(tensor_layout_any, T1 *, tensor_layout_any, const T2 *)"
5083761757,19935,340780,,,,,,,,,,0.094,4700.072,Pinned,Device,NVIDIA A100-SXM4-40GB MIG 4g.20gb (0),1,,13,[CUDA memcpy Host-to-Device]
5083794684,47872,340781,,,,,,,,,,35.810,748033.419,Device,,NVIDIA A100-SXM4-40GB MIG 4g.20gb (0),1,,13,[CUDA memset]
5083850364,3616,340783,,,,,,,,,,0.000,22.124,Pinned,Device,NVIDIA A100-SXM4-40GB MIG 4g.20gb (0),1,,13,[CUDA memcpy Host-to-Device]
5083861051,15904,340784,,,,,,,,,,0.197,12362.121,Pinned,Device,NVIDIA A100-SXM4-40GB MIG 4g.20gb (0),1,,13,[CUDA memcpy Host-to-Device]
5083886107,11968,340785,273,1,1,48,1,1,40,0.000,0.001,,,,,NVIDIA A100-SXM4-40GB MIG 4g.20gb (0),1,,13,"void pusch_noise_intf_est::noiseIntfEstNoDftSOfdmKernel<float, __half, float, float, (unsigned int)2, (unsigned int)1, (unsigned char)4, (unsigned char)4>(pusch_noise_intf_est::puschRxNoiseIntfEstDynDescr)"
5083900635,3200,340796,35,1,1,128,1,1,16,0.000,0.000,,,,,NVIDIA A100-SXM4-40GB MIG 4g.20gb (0),1,,13,cupy_copy__complex64_complex64
5083908379,1760,340805,1,1,1,1,1,1,18,0.000,0.000,,,,,NVIDIA A100-SXM4-40GB MIG 4g.20gb (0),1,,13,cupy_copy__float32_float32
5083914491,5728,340811,,,,,,,,,,0.000,0.698,Device,Pageable,NVIDIA A100-SXM4-40GB MIG 4g.20gb (0),1,,7,[CUDA memcpy Device-to-Host]
5083996186,13344,340822,1434,1,1,128,1,1,16,0.000,0.000,,,,,NVIDIA A100-SXM4-40GB MIG 4g.20gb (0),1,,13,cupy_copy__complex64_complex64
5084021241,3008,340829,103,1,1,128,1,1,16,0.000,0.000,,,,,NVIDIA A100-SXM4-40GB MIG 4g.20gb (0),1,,13,cupy_copy__complex64_complex64
5084037593,2656,340836,35,1,1,128,1,1,16,0.000,0.000,,,,,NVIDIA A100-SXM4-40GB MIG 4g.20gb (0),1,,13,cupy_copy__complex64_complex64
5084058937,1920,340843,1,1,1,1,1,1,18,0.000,0.000,,,,,NVIDIA A100-SXM4-40GB MIG 4g.20gb (0),1,,13,cupy_copy__float32_float32
5084187927,82047,340854,1,1,1,32,32,1,30,0.000,0.000,,,,,NVIDIA A100-SXM4-40GB MIG 4g.20gb (0),1,,13,"void convert_kernel<__half2, float2>(tensor_layout_any, T1 *, tensor_layout_any, const T2 *)"
5084297622,5664,340857,,,,,,,,,,0.094,16542.310,Pinned,Device,NVIDIA A100-SXM4-40GB MIG 4g.20gb (0),1,,13,[CUDA memcpy Host-to-Device]
5084311510,3328,340858,,,,,,,,,,1.547,464729.580,Device,,NVIDIA A100-SXM4-40GB MIG 4g.20gb (0),1,,13,[CUDA memset]
5084318230,3040,340863,,,,,,,,,,0.031,10294.725,Pinned,Device,NVIDIA A100-SXM4-40GB MIG 4g.20gb (0),1,,13,[CUDA memcpy Host-to-Device]
5084324374,10048,340864,,,,,,,,,,0.197,19566.821,Pinned,Device,NVIDIA A100-SXM4-40GB MIG 4g.20gb (0),1,,13,[CUDA memcpy Host-to-Device]
5084337846,6368,340865,273,1,1,8,4,1,39,0.002,0.000,,,,,NVIDIA A100-SXM4-40GB MIG 4g.20gb (0),1,,13,"void channel_eq::eqMmseCoefCompLowMimoKernel<float, float, float, (unsigned int)4, (unsigned int)1, (unsigned int)4>(const channel_eq::_puschRxChEqStatDescr *, channel_eq::_puschRxChEqCoefCompDynDescr)"
5084345205,6496,340866,273,1,1,12,11,1,51,0.002,0.000,,,,,NVIDIA A100-SXM4-40GB MIG 4g.20gb (0),1,,13,"void channel_eq::eqMmseSoftDemapKernel<float, __half, __half, float, (unsigned int)4, (unsigned short)16383>(channel_eq::_puschRxChEqStatDescr *, channel_eq::_puschRxChEqSoftDemapDynDescr)"
5084352661,282429,340867,1,1,1,32,32,1,30,0.000,0.000,,,,,NVIDIA A100-SXM4-40GB MIG 4g.20gb (0),1,,13,"void convert_kernel<float2, __half2>(tensor_layout_any, T1 *, tensor_layout_any, const T2 *)"
5084637170,10944,340879,2253,1,1,128,1,1,16,0.000,0.000,,,,,NVIDIA A100-SXM4-40GB MIG 4g.20gb (0),1,,13,cupy_copy__float16_float16
5084650066,2848,340888,282,1,1,128,1,1,16,0.000,0.000,,,,,NVIDIA A100-SXM4-40GB MIG 4g.20gb (0),1,,13,cupy_copy__complex64_complex64
5084656818,2112,340897,26,1,1,128,1,1,16,0.000,0.000,,,,,NVIDIA A100-SXM4-40GB MIG 4g.20gb (0),1,,13,cupy_copy__float32_float32
5084661874,5088,340906,103,1,1,128,1,1,16,0.000,0.000,,,,,NVIDIA A100-SXM4-40GB MIG 4g.20gb (0),1,,13,cupy_copy__complex64_complex64
5084668466,12255,340916,1434,1,1,128,1,1,16,0.000,0.000,,,,,NVIDIA A100-SXM4-40GB MIG 4g.20gb (0),1,,13,cupy_copy__complex64_complex64
5084691057,81951,340921,1,1,1,32,32,1,30,0.000,0.000,,,,,NVIDIA A100-SXM4-40GB MIG 4g.20gb (0),1,,13,"void convert_kernel<__half2, float2>(tensor_layout_any, T1 *, tensor_layout_any, const T2 *)"
5084799536,6112,340924,,,,,,,,,,0.094,15329.790,Pinned,Device,NVIDIA A100-SXM4-40GB MIG 4g.20gb (0),1,,13,[CUDA memcpy Host-to-Device]
5084809616,597400,340925,,,,,,,,,,456.561,763827.289,Device,,NVIDIA A100-SXM4-40GB MIG 4g.20gb (0),1,,13,[CUDA memset]
5085414696,150942,340930,,,,,,,,,,1.235,8181.504,Pinned,Device,NVIDIA A100-SXM4-40GB MIG 4g.20gb (0),1,,13,[CUDA memcpy Host-to-Device]
5085576902,41632,340931,,,,,,,,,,0.197,4722.328,Pinned,Device,NVIDIA A100-SXM4-40GB MIG 4g.20gb (0),1,,13,[CUDA memcpy Host-to-Device]
5085641638,8159,340932,69,4,1,48,1,1,76,0.002,0.000,,,,,NVIDIA A100-SXM4-40GB MIG 4g.20gb (0),1,,13,"void ch_est::windowedChEstPreNoDftSOfdmKernel<float, __half, float, (unsigned int)2, (unsigned int)1, (unsigned short)4>(ch_est::puschRxChEstStatDescr_t *, ch_est::puschRxChEstDynDescr_t *)"
5085657093,6656,340933,137,2,1,24,2,1,44,0.001,0.001,,,,,NVIDIA A100-SXM4-40GB MIG 4g.20gb (0),1,,13,"void ch_est::chEstFilterNoDftSOfdmDispatchKernel<float, __half, float, (unsigned int)2>(ch_est::puschRxChEstStatDescr_t *, ch_est::puschRxChEstDynDescr_t *)"
5085671013,4896,340934,137,2,1,24,2,1,44,0.001,0.001,,,,,NVIDIA A100-SXM4-40GB MIG 4g.20gb (0),1,,13,"void ch_est::chEstFilterNoDftSOfdmDispatchKernel<float, __half, float, (unsigned int)2>(ch_est::puschRxChEstStatDescr_t *, ch_est::puschRxChEstDynDescr_t *)"
5085684677,2688,340945,103,1,1,128,1,1,16,0.000,0.000,,,,,NVIDIA A100-SXM4-40GB MIG 4g.20gb (0),1,,13,cupy_copy__complex64_complex64
5085698021,12640,340955,1434,1,1,128,1,1,16,0.000,0.000,,,,,NVIDIA A100-SXM4-40GB MIG 4g.20gb (0),1,,13,cupy_copy__complex64_complex64
5085725220,2368,340962,103,1,1,128,1,1,16,0.000,0.000,,,,,NVIDIA A100-SXM4-40GB MIG 4g.20gb (0),1,,13,cupy_copy__complex64_complex64
5085742212,85823,340969,1,1,1,32,32,1,30,0.000,0.000,,,,,NVIDIA A100-SXM4-40GB MIG 4g.20gb (0),1,,13,"void convert_kernel<__half2, float2>(tensor_layout_any, T1 *, tensor_layout_any, const T2 *)"
5085859171,20544,340972,,,,,,,,,,0.094,4560.746,Pinned,Device,NVIDIA A100-SXM4-40GB MIG 4g.20gb (0),1,,13,[CUDA memcpy Host-to-Device]
5085896354,47104,340973,,,,,,,,,,35.810,760208.792,Device,,NVIDIA A100-SXM4-40GB MIG 4g.20gb (0),1,,13,[CUDA memset]
5085951586,8544,340975,,,,,,,,,,0.000,9.363,Pinned,Device,NVIDIA A100-SXM4-40GB MIG 4g.20gb (0),1,,13,[CUDA memcpy Host-to-Device]
5085968577,26336,340976,,,,,,,,,,0.197,7465.206,Pinned,Device,NVIDIA A100-SXM4-40GB MIG 4g.20gb (0),1,,13,[CUDA memcpy Host-to-Device]
5086015617,10208,340977,273,1,1,48,1,1,40,0.000,0.001,,,,,NVIDIA A100-SXM4-40GB MIG 4g.20gb (0),1,,13,"void pusch_noise_intf_est::noiseIntfEstNoDftSOfdmKernel<float, __half, float, float, (unsigned int)2, (unsigned int)1, (unsigned char)4, (unsigned char)4>(pusch_noise_intf_est::puschRxNoiseIntfEstDynDescr)"
5086034913,2816,340988,35,1,1,128,1,1,16,0.000,0.000,,,,,NVIDIA A100-SXM4-40GB MIG 4g.20gb (0),1,,13,cupy_copy__complex64_complex64
5086051936,1760,340997,1,1,1,1,1,1,18,0.000,0.000,,,,,NVIDIA A100-SXM4-40GB MIG 4g.20gb (0),1,,13,cupy_copy__float32_float32
5086060128,7744,341003,,,,,,,,,,0.000,0.517,Device,Pageable,NVIDIA A100-SXM4-40GB MIG 4g.20gb (0),1,,7,[CUDA memcpy Device-to-Host]
5086157855,12736,341014,1434,1,1,128,1,1,16,0.000,0.000,,,,,NVIDIA A100-SXM4-40GB MIG 4g.20gb (0),1,,13,cupy_copy__complex64_complex64
5086177631,3488,341021,103,1,1,128,1,1,16,0.000,0.000,,,,,NVIDIA A100-SXM4-40GB MIG 4g.20gb (0),1,,13,cupy_copy__complex64_complex64
5086205727,2304,341028,35,1,1,128,1,1,16,0.000,0.000,,,,,NVIDIA A100-SXM4-40GB MIG 4g.20gb (0),1,,13,cupy_copy__complex64_complex64
5086216958,1728,341035,1,1,1,1,1,1,18,0.000,0.000,,,,,NVIDIA A100-SXM4-40GB MIG 4g.20gb (0),1,,13,cupy_copy__float32_float32
5086345437,91071,341046,1,1,1,32,32,1,30,0.000,0.000,,,,,NVIDIA A100-SXM4-40GB MIG 4g.20gb (0),1,,13,"void convert_kernel<__half2, float2>(tensor_layout_any, T1 *, tensor_layout_any, const T2 *)"
5086466779,10080,341049,,,,,,,,,,0.094,9295.205,Pinned,Device,NVIDIA A100-SXM4-40GB MIG 4g.20gb (0),1,,13,[CUDA memcpy Host-to-Device]
5086485595,3456,341050,,,,,,,,,,1.547,447517.201,Device,,NVIDIA A100-SXM4-40GB MIG 4g.20gb (0),1,,13,[CUDA memset]
5086496027,4224,341055,,,,,,,,,,0.031,7409.078,Pinned,Device,NVIDIA A100-SXM4-40GB MIG 4g.20gb (0),1,,13,[CUDA memcpy Host-to-Device]
5086506971,16320,341056,,,,,,,,,,0.197,12046.959,Pinned,Device,NVIDIA A100-SXM4-40GB MIG 4g.20gb (0),1,,13,[CUDA memcpy Host-to-Device]
5086534971,6015,341057,273,1,1,8,4,1,39,0.002,0.000,,,,,NVIDIA A100-SXM4-40GB MIG 4g.20gb (0),1,,13,"void channel_eq::eqMmseCoefCompLowMimoKernel<float, float, float, (unsigned int)4, (unsigned int)1, (unsigned int)4>(const channel_eq::_puschRxChEqStatDescr *, channel_eq::_puschRxChEqCoefCompDynDescr)"
5086545530,5568,341058,273,1,1,12,11,1,51,0.002,0.000,,,,,NVIDIA A100-SXM4-40GB MIG 4g.20gb (0),1,,13,"void channel_eq::eqMmseSoftDemapKernel<float, __half, __half, float, (unsigned int)4, (unsigned short)16383>(channel_eq::_puschRxChEqStatDescr *, channel_eq::_puschRxChEqSoftDemapDynDescr)"
5086554458,283101,341059,1,1,1,32,32,1,30,0.000,0.000,,,,,NVIDIA A100-SXM4-40GB MIG 4g.20gb (0),1,,13,"void convert_kernel<float2, __half2>(tensor_layout_any, T1 *, tensor_layout_any, const T2 *)"
5086838711,10560,341071,2253,1,1,128,1,1,16,0.000,0.000,,,,,NVIDIA A100-SXM4-40GB MIG 4g.20gb (0),1,,13,cupy_copy__float16_float16
5086850327,2688,341080,282,1,1,128,1,1,16,0.000,0.000,,,,,NVIDIA A100-SXM4-40GB MIG 4g.20gb (0),1,,13,cupy_copy__complex64_complex64
5086854647,2080,341089,26,1,1,128,1,1,16,0.000,0.000,,,,,NVIDIA A100-SXM4-40GB MIG 4g.20gb (0),1,,13,cupy_copy__float32_float32
5086858583,4863,341098,103,1,1,128,1,1,16,0.000,0.000,,,,,NVIDIA A100-SXM4-40GB MIG 4g.20gb (0),1,,13,cupy_copy__complex64_complex64
5086866102,12480,341108,1434,1,1,128,1,1,16,0.000,0.000,,,,,NVIDIA A100-SXM4-40GB MIG 4g.20gb (0),1,,13,cupy_copy__complex64_complex64
5086883894,81631,341113,1,1,1,32,32,1,30,0.000,0.000,,,,,NVIDIA A100-SXM4-40GB MIG 4g.20gb (0),1,,13,"void convert_kernel<__half2, float2>(tensor_layout_any, T1 *, tensor_layout_any, const T2 *)"
5086992949,5760,341116,,,,,,,,,,0.094,16266.656,Pinned,Device,NVIDIA A100-SXM4-40GB MIG 4g.20gb (0),1,,13,[CUDA memcpy Host-to-Device]
5087003125,602008,341117,,,,,,,,,,456.561,758348.552,Device,,NVIDIA A100-SXM4-40GB MIG 4g.20gb (0),1,,13,[CUDA memset]
5087606605,73951,341122,,,,,,,,,,1.235,16698.913,Pinned,Device,NVIDIA A100-SXM4-40GB MIG 4g.20gb (0),1,,13,[CUDA memcpy Host-to-Device]
5087687564,16064,341123,,,,,,,,,,0.197,12238.848,Pinned,Device,NVIDIA A100-SXM4-40GB MIG 4g.20gb (0),1,,13,[CUDA memcpy Host-to-Device]
5087714572,8512,341124,69,4,1,48,1,1,76,0.002,0.000,,,,,NVIDIA A100-SXM4-40GB MIG 4g.20gb (0),1,,13,"void ch_est::windowedChEstPreNoDftSOfdmKernel<float, __half, float, (unsigned int)2, (unsigned int)1, (unsigned short)4>(ch_est::puschRxChEstStatDescr_t *, ch_est::puschRxChEstDynDescr_t *)"
5087729356,7488,341125,137,2,1,24,2,1,44,0.001,0.001,,,,,NVIDIA A100-SXM4-40GB MIG 4g.20gb (0),1,,13,"void ch_est::chEstFilterNoDftSOfdmDispatchKernel<float, __half, float, (unsigned int)2>(ch_est::puschRxChEstStatDescr_t *, ch_est::puschRxChEstDynDescr_t *)"
5087738316,6304,341126,137,2,1,24,2,1,44,0.001,0.001,,,,,NVIDIA A100-SXM4-40GB MIG 4g.20gb (0),1,,13,"void ch_est::chEstFilterNoDftSOfdmDispatchKernel<float, __half, float, (unsigned int)2>(ch_est::puschRxChEstStatDescr_t *, ch_est::puschRxChEstDynDescr_t *)"
5087747596,2816,341137,103,1,1,128,1,1,16,0.000,0.000,,,,,NVIDIA A100-SXM4-40GB MIG 4g.20gb (0),1,,13,cupy_copy__complex64_complex64
5087756587,13024,341147,1434,1,1,128,1,1,16,0.000,0.000,,,,,NVIDIA A100-SXM4-40GB MIG 4g.20gb (0),1,,13,cupy_copy__complex64_complex64
5087774347,2976,341154,103,1,1,128,1,1,16,0.000,0.000,,,,,NVIDIA A100-SXM4-40GB MIG 4g.20gb (0),1,,13,cupy_copy__complex64_complex64
5087784203,91455,341161,1,1,1,32,32,1,30,0.000,0.000,,,,,NVIDIA A100-SXM4-40GB MIG 4g.20gb (0),1,,13,"void convert_kernel<__half2, float2>(tensor_layout_any, T1 *, tensor_layout_any, const T2 *)"
5087905738,13855,341164,,,,,,,,,,0.094,6762.602,Pinned,Device,NVIDIA A100-SXM4-40GB MIG 4g.20gb (0),1,,13,[CUDA memcpy Host-to-Device]
5087924201,47104,341165,,,,,,,,,,35.810,760208.792,Device,,NVIDIA A100-SXM4-40GB MIG 4g.20gb (0),1,,13,[CUDA memset]
5087979081,6336,341167,,,,,,,,,,0.000,12.626,Pinned,Device,NVIDIA A100-SXM4-40GB MIG 4g.20gb (0),1,,13,[CUDA memcpy Host-to-Device]
5087994473,16319,341168,,,,,,,,,,0.197,12047.745,Pinned,Device,NVIDIA A100-SXM4-40GB MIG 4g.20gb (0),1,,13,[CUDA memcpy Host-to-Device]
5088023880,9312,341169,273,1,1,48,1,1,40,0.000,0.001,,,,,NVIDIA A100-SXM4-40GB MIG 4g.20gb (0),1,,13,"void pusch_noise_intf_est::noiseIntfEstNoDftSOfdmKernel<float, __half, float, float, (unsigned int)2, (unsigned int)1, (unsigned char)4, (unsigned char)4>(pusch_noise_intf_est::puschRxNoiseIntfEstDynDescr)"
5088036424,2656,341180,35,1,1,128,1,1,16,0.000,0.000,,,,,NVIDIA A100-SXM4-40GB MIG 4g.20gb (0),1,,13,cupy_copy__complex64_complex64
5088047976,1728,341189,1,1,1,1,1,1,18,0.000,0.000,,,,,NVIDIA A100-SXM4-40GB MIG 4g.20gb (0),1,,13,cupy_copy__float32_float32
5088063080,6944,341195,,,,,,,,,,0.000,0.576,Device,Pageable,NVIDIA A100-SXM4-40GB MIG 4g.20gb (0),1,,7,[CUDA memcpy Device-to-Host]
5088135943,12800,341206,1434,1,1,128,1,1,16,0.000,0.000,,,,,NVIDIA A100-SXM4-40GB MIG 4g.20gb (0),1,,13,cupy_copy__complex64_complex64
5088162758,3392,341213,103,1,1,128,1,1,16,0.000,0.000,,,,,NVIDIA A100-SXM4-40GB MIG 4g.20gb (0),1,,13,cupy_copy__complex64_complex64
5088183174,2304,341220,35,1,1,128,1,1,16,0.000,0.000,,,,,NVIDIA A100-SXM4-40GB MIG 4g.20gb (0),1,,13,cupy_copy__complex64_complex64
5088201062,2048,341227,1,1,1,1,1,1,18,0.000,0.000,,,,,NVIDIA A100-SXM4-40GB MIG 4g.20gb (0),1,,13,cupy_copy__float32_float32
5088332740,82623,341238,1,1,1,32,32,1,30,0.000,0.000,,,,,NVIDIA A100-SXM4-40GB MIG 4g.20gb (0),1,,13,"void convert_kernel<__half2, float2>(tensor_layout_any, T1 *, tensor_layout_any, const T2 *)"
5088442563,5472,341241,,,,,,,,,,0.094,17122.757,Pinned,Device,NVIDIA A100-SXM4-40GB MIG 4g.20gb (0),1,,13,[CUDA memcpy Host-to-Device]
5088456995,3616,341242,,,,,,,,,,1.547,427715.774,Device,,NVIDIA A100-SXM4-40GB MIG 4g.20gb (0),1,,13,[CUDA memset]
5088463971,3872,341247,,,,,,,,,,0.031,8082.630,Pinned,Device,NVIDIA A100-SXM4-40GB MIG 4g.20gb (0),1,,13,[CUDA memcpy Host-to-Device]
5088470371,9600,341248,,,,,,,,,,0.197,20479.869,Pinned,Device,NVIDIA A100-SXM4-40GB MIG 4g.20gb (0),1,,13,[CUDA memcpy Host-to-Device]
5088483906,6144,341249,273,1,1,8,4,1,39,0.002,0.000,,,,,NVIDIA A100-SXM4-40GB MIG 4g.20gb (0),1,,13,"void channel_eq::eqMmseCoefCompLowMimoKernel<float, float, float, (unsigned int)4, (unsigned int)1, (unsigned int)4>(const channel_eq::_puschRxChEqStatDescr *, channel_eq::_puschRxChEqCoefCompDynDescr)"
5088491266,5984,341250,273,1,1,12,11,1,51,0.002,0.000,,,,,NVIDIA A100-SXM4-40GB MIG 4g.20gb (0),1,,13,"void channel_eq::eqMmseSoftDemapKernel<float, __half, __half, float, (unsigned int)4, (unsigned short)16383>(channel_eq::_puschRxChEqStatDescr *, channel_eq::_puschRxChEqSoftDemapDynDescr)"
5088498306,282621,341251,1,1,1,32,32,1,30,0.000,0.000,,,,,NVIDIA A100-SXM4-40GB MIG 4g.20gb (0),1,,13,"void convert_kernel<float2, __half2>(tensor_layout_any, T1 *, tensor_layout_any, const T2 *)"
5088781919,10912,341263,2253,1,1,128,1,1,16,0.000,0.000,,,,,NVIDIA A100-SXM4-40GB MIG 4g.20gb (0),1,,13,cupy_copy__float16_float16
5088794687,2784,341272,282,1,1,128,1,1,16,0.000,0.000,,,,,NVIDIA A100-SXM4-40GB MIG 4g.20gb (0),1,,13,cupy_copy__complex64_complex64
5088799519,2304,341281,26,1,1,128,1,1,16,0.000,0.000,,,,,NVIDIA A100-SXM4-40GB MIG 4g.20gb (0),1,,13,cupy_copy__float32_float32
5088804511,2976,341290,103,1,1,128,1,1,16,0.000,0.000,,,,,NVIDIA A100-SXM4-40GB MIG 4g.20gb (0),1,,13,cupy_copy__complex64_complex64
5088808606,11968,341300,1434,1,1,128,1,1,16,0.000,0.000,,,,,NVIDIA A100-SXM4-40GB MIG 4g.20gb (0),1,,13,cupy_copy__complex64_complex64
5088832254,81695,341305,1,1,1,32,32,1,30,0.000,0.000,,,,,NVIDIA A100-SXM4-40GB MIG 4g.20gb (0),1,,13,"void convert_kernel<__half2, float2>(tensor_layout_any, T1 *, tensor_layout_any, const T2 *)"
5088941597,5792,341308,,,,,,,,,,0.094,16176.708,Pinned,Device,NVIDIA A100-SXM4-40GB MIG 4g.20gb (0),1,,13,[CUDA memcpy Host-to-Device]
5088951165,599064,341309,,,,,,,,,,456.561,762001.043,Device,,NVIDIA A100-SXM4-40GB MIG 4g.20gb (0),1,,13,[CUDA memset]
5089559221,145310,341314,,,,,,,,,,1.235,8497.650,Pinned,Device,NVIDIA A100-SXM4-40GB MIG 4g.20gb (0),1,,13,[CUDA memcpy Host-to-Device]
5089718387,39904,341315,,,,,,,,,,0.197,4926.996,Pinned,Device,NVIDIA A100-SXM4-40GB MIG 4g.20gb (0),1,,13,[CUDA memcpy Host-to-Device]
5089775667,8095,341316,69,4,1,48,1,1,76,0.002,0.000,,,,,NVIDIA A100-SXM4-40GB MIG 4g.20gb (0),1,,13,"void ch_est::windowedChEstPreNoDftSOfdmKernel<float, __half, float, (unsigned int)2, (unsigned int)1, (unsigned short)4>(ch_est::puschRxChEstStatDescr_t *, ch_est::puschRxChEstDynDescr_t *)"
5089791122,7168,341317,137,2,1,24,2,1,44,0.001,0.001,,,,,NVIDIA A100-SXM4-40GB MIG 4g.20gb (0),1,,13,"void ch_est::chEstFilterNoDftSOfdmDispatchKernel<float, __half, float, (unsigned int)2>(ch_est::puschRxChEstStatDescr_t *, ch_est::puschRxChEstDynDescr_t *)"
5089801266,4960,341318,137,2,1,24,2,1,44,0.001,0.001,,,,,NVIDIA A100-SXM4-40GB MIG 4g.20gb (0),1,,13,"void ch_est::chEstFilterNoDftSOfdmDispatchKernel<float, __half, float, (unsigned int)2>(ch_est::puschRxChEstStatDescr_t *, ch_est::puschRxChEstDynDescr_t *)"
5089814162,2688,341329,103,1,1,128,1,1,16,0.000,0.000,,,,,NVIDIA A100-SXM4-40GB MIG 4g.20gb (0),1,,13,cupy_copy__complex64_complex64
5089823186,12928,341339,1434,1,1,128,1,1,16,0.000,0.000,,,,,NVIDIA A100-SXM4-40GB MIG 4g.20gb (0),1,,13,cupy_copy__complex64_complex64
5089840562,2688,341346,103,1,1,128,1,1,16,0.000,0.000,,,,,NVIDIA A100-SXM4-40GB MIG 4g.20gb (0),1,,13,cupy_copy__complex64_complex64
5089849874,90303,341353,1,1,1,32,32,1,30,0.000,0.000,,,,,NVIDIA A100-SXM4-40GB MIG 4g.20gb (0),1,,13,"void convert_kernel<__half2, float2>(tensor_layout_any, T1 *, tensor_layout_any, const T2 *)"
5089967248,13600,341356,,,,,,,,,,0.094,6889.373,Pinned,Device,NVIDIA A100-SXM4-40GB MIG 4g.20gb (0),1,,13,[CUDA memcpy Host-to-Device]
5089993328,47391,341357,,,,,,,,,,35.810,755625.122,Device,,NVIDIA A100-SXM4-40GB MIG 4g.20gb (0),1,,13,[CUDA memset]
5090042991,8224,341359,,,,,,,,,,0.000,9.728,Pinned,Device,NVIDIA A100-SXM4-40GB MIG 4g.20gb (0),1,,13,[CUDA memcpy Host-to-Device]
5090056047,18592,341360,,,,,,,,,,0.197,10574.758,Pinned,Device,NVIDIA A100-SXM4-40GB MIG 4g.20gb (0),1,,13,[CUDA memcpy Host-to-Device]
5090093103,9600,341361,273,1,1,48,1,1,40,0.000,0.001,,,,,NVIDIA A100-SXM4-40GB MIG 4g.20gb (0),1,,13,"void pusch_noise_intf_est::noiseIntfEstNoDftSOfdmKernel<float, __half, float, float, (unsigned int)2, (unsigned int)1, (unsigned char)4, (unsigned char)4>(pusch_noise_intf_est::puschRxNoiseIntfEstDynDescr)"
5090110478,2976,341372,35,1,1,128,1,1,16,0.000,0.000,,,,,NVIDIA A100-SXM4-40GB MIG 4g.20gb (0),1,,13,cupy_copy__complex64_complex64
5090121806,1696,341381,1,1,1,1,1,1,18,0.000,0.000,,,,,NVIDIA A100-SXM4-40GB MIG 4g.20gb (0),1,,13,cupy_copy__float32_float32
5090128590,6368,341387,,,,,,,,,,0.000,0.628,Device,Pageable,NVIDIA A100-SXM4-40GB MIG 4g.20gb (0),1,,7,[CUDA memcpy Device-to-Host]
5090209101,13056,341398,1434,1,1,128,1,1,16,0.000,0.000,,,,,NVIDIA A100-SXM4-40GB MIG 4g.20gb (0),1,,13,cupy_copy__complex64_complex64
5090234861,3424,341405,103,1,1,128,1,1,16,0.000,0.000,,,,,NVIDIA A100-SXM4-40GB MIG 4g.20gb (0),1,,13,cupy_copy__complex64_complex64
5090259437,2656,341412,35,1,1,128,1,1,16,0.000,0.000,,,,,NVIDIA A100-SXM4-40GB MIG 4g.20gb (0),1,,13,cupy_copy__complex64_complex64
5090278956,1920,341419,1,1,1,1,1,1,18,0.000,0.000,,,,,NVIDIA A100-SXM4-40GB MIG 4g.20gb (0),1,,13,cupy_copy__float32_float32
5090404267,88127,341430,1,1,1,32,32,1,30,0.000,0.000,,,,,NVIDIA A100-SXM4-40GB MIG 4g.20gb (0),1,,13,"void convert_kernel<__half2, float2>(tensor_layout_any, T1 *, tensor_layout_any, const T2 *)"
5090520073,5632,341433,,,,,,,,,,0.094,16636.287,Pinned,Device,NVIDIA A100-SXM4-40GB MIG 4g.20gb (0),1,,13,[CUDA memcpy Host-to-Device]
5090534249,3392,341434,,,,,,,,,,1.547,455961.768,Device,,NVIDIA A100-SXM4-40GB MIG 4g.20gb (0),1,,13,[CUDA memset]
5090541065,3328,341439,,,,,,,,,,0.031,9403.822,Pinned,Device,NVIDIA A100-SXM4-40GB MIG 4g.20gb (0),1,,13,[CUDA memcpy Host-to-Device]
5090546953,9472,341440,,,,,,,,,,0.197,20756.693,Pinned,Device,NVIDIA A100-SXM4-40GB MIG 4g.20gb (0),1,,13,[CUDA memcpy Host-to-Device]
5090560137,6144,341441,273,1,1,8,4,1,39,0.002,0.000,,,,,NVIDIA A100-SXM4-40GB MIG 4g.20gb (0),1,,13,"void channel_eq::eqMmseCoefCompLowMimoKernel<float, float, float, (unsigned int)4, (unsigned int)1, (unsigned int)4>(const channel_eq::_puschRxChEqStatDescr *, channel_eq::_puschRxChEqCoefCompDynDescr)"
5090567369,6432,341442,273,1,1,12,11,1,51,0.002,0.000,,,,,NVIDIA A100-SXM4-40GB MIG 4g.20gb (0),1,,13,"void channel_eq::eqMmseSoftDemapKernel<float, __half, __half, float, (unsigned int)4, (unsigned short)16383>(channel_eq::_puschRxChEqStatDescr *, channel_eq::_puschRxChEqSoftDemapDynDescr)"
5090574793,282844,341443,1,1,1,32,32,1,30,0.000,0.000,,,,,NVIDIA A100-SXM4-40GB MIG 4g.20gb (0),1,,13,"void convert_kernel<float2, __half2>(tensor_layout_any, T1 *, tensor_layout_any, const T2 *)"
5090859141,11232,341455,2253,1,1,128,1,1,16,0.000,0.000,,,,,NVIDIA A100-SXM4-40GB MIG 4g.20gb (0),1,,13,cupy_copy__float16_float16
5090874405,2944,341464,282,1,1,128,1,1,16,0.000,0.000,,,,,NVIDIA A100-SXM4-40GB MIG 4g.20gb (0),1,,13,cupy_copy__complex64_complex64
5090881061,2016,341473,26,1,1,128,1,1,16,0.000,0.000,,,,,NVIDIA A100-SXM4-40GB MIG 4g.20gb (0),1,,13,cupy_copy__float32_float32
5090884165,2944,341482,103,1,1,128,1,1,16,0.000,0.000,,,,,NVIDIA A100-SXM4-40GB MIG 4g.20gb (0),1,,13,cupy_copy__complex64_complex64
5090888741,12000,341492,1434,1,1,128,1,1,16,0.000,0.000,,,,,NVIDIA A100-SXM4-40GB MIG 4g.20gb (0),1,,13,cupy_copy__complex64_complex64
5090921764,87839,341497,1,1,1,32,32,1,30,0.000,0.000,,,,,NVIDIA A100-SXM4-40GB MIG 4g.20gb (0),1,,13,"void convert_kernel<__half2, float2>(tensor_layout_any, T1 *, tensor_layout_any, const T2 *)"
5091038467,5568,341500,,,,,,,,,,0.094,16827.521,Pinned,Device,NVIDIA A100-SXM4-40GB MIG 4g.20gb (0),1,,13,[CUDA memcpy Host-to-Device]
5091048291,597401,341501,,,,,,,,,,456.561,763827.289,Device,,NVIDIA A100-SXM4-40GB MIG 4g.20gb (0),1,,13,[CUDA memset]
5091651099,155743,341506,,,,,,,,,,1.235,7928.340,Pinned,Device,NVIDIA A100-SXM4-40GB MIG 4g.20gb (0),1,,13,[CUDA memcpy Host-to-Device]
5091819609,36064,341507,,,,,,,,,,0.197,5451.547,Pinned,Device,NVIDIA A100-SXM4-40GB MIG 4g.20gb (0),1,,13,[CUDA memcpy Host-to-Device]
5091873465,8256,341508,69,4,1,48,1,1,76,0.002,0.000,,,,,NVIDIA A100-SXM4-40GB MIG 4g.20gb (0),1,,13,"void ch_est::windowedChEstPreNoDftSOfdmKernel<float, __half, float, (unsigned int)2, (unsigned int)1, (unsigned short)4>(ch_est::puschRxChEstStatDescr_t *, ch_est::puschRxChEstDynDescr_t *)"
5091887705,6975,341509,137,2,1,24,2,1,44,0.001,0.001,,,,,NVIDIA A100-SXM4-40GB MIG 4g.20gb (0),1,,13,"void ch_est::chEstFilterNoDftSOfdmDispatchKernel<float, __half, float, (unsigned int)2>(ch_est::puschRxChEstStatDescr_t *, ch_est::puschRxChEstDynDescr_t *)"
5091899800,4736,341510,137,2,1,24,2,1,44,0.001,0.001,,,,,NVIDIA A100-SXM4-40GB MIG 4g.20gb (0),1,,13,"void ch_est::chEstFilterNoDftSOfdmDispatchKernel<float, __half, float, (unsigned int)2>(ch_est::puschRxChEstStatDescr_t *, ch_est::puschRxChEstDynDescr_t *)"
5091914232,2496,341521,103,1,1,128,1,1,16,0.000,0.000,,,,,NVIDIA A100-SXM4-40GB MIG 4g.20gb (0),1,,13,cupy_copy__complex64_complex64
5091930040,12320,341531,1434,1,1,128,1,1,16,0.000,0.000,,,,,NVIDIA A100-SXM4-40GB MIG 4g.20gb (0),1,,13,cupy_copy__complex64_complex64
5091955992,2400,341538,103,1,1,128,1,1,16,0.000,0.000,,,,,NVIDIA A100-SXM4-40GB MIG 4g.20gb (0),1,,13,cupy_copy__complex64_complex64
5091972376,88190,341545,1,1,1,32,32,1,30,0.000,0.000,,,,,NVIDIA A100-SXM4-40GB MIG 4g.20gb (0),1,,13,"void convert_kernel<__half2, float2>(tensor_layout_any, T1 *, tensor_layout_any, const T2 *)"
5092088950,5632,341548,,,,,,,,,,0.094,16636.287,Pinned,Device,NVIDIA A100-SXM4-40GB MIG 4g.20gb (0),1,,13,[CUDA memcpy Host-to-Device]
5092101750,47519,341549,,,,,,,,,,35.810,753583.956,Device,,NVIDIA A100-SXM4-40GB MIG 4g.20gb (0),1,,13,[CUDA memset]
5092154581,3552,341551,,,,,,,,,,0.000,22.522,Pinned,Device,NVIDIA A100-SXM4-40GB MIG 4g.20gb (0),1,,13,[CUDA memcpy Host-to-Device]
5092162709,11904,341552,,,,,,,,,,0.197,16516.055,Pinned,Device,NVIDIA A100-SXM4-40GB MIG 4g.20gb (0),1,,13,[CUDA memcpy Host-to-Device]
5092186709,12256,341553,273,1,1,48,1,1,40,0.000,0.001,,,,,NVIDIA A100-SXM4-40GB MIG 4g.20gb (0),1,,13,"void pusch_noise_intf_est::noiseIntfEstNoDftSOfdmKernel<float, __half, float, float, (unsigned int)2, (unsigned int)1, (unsigned char)4, (unsigned char)4>(pusch_noise_intf_est::puschRxNoiseIntfEstDynDescr)"
5092203317,3232,341564,35,1,1,128,1,1,16,0.000,0.000,,,,,NVIDIA A100-SXM4-40GB MIG 4g.20gb (0),1,,13,cupy_copy__complex64_complex64
5092212533,2080,341573,1,1,1,1,1,1,18,0.000,0.000,,,,,NVIDIA A100-SXM4-40GB MIG 4g.20gb (0),1,,13,cupy_copy__float32_float32
5092242964,1600,341579,,,,,,,,,,0.000,2.500,Device,Pageable,NVIDIA A100-SXM4-40GB MIG 4g.20gb (0),1,,7,[CUDA memcpy Device-to-Host]
5092301811,12960,341590,1434,1,1,128,1,1,16,0.000,0.000,,,,,NVIDIA A100-SXM4-40GB MIG 4g.20gb (0),1,,13,cupy_copy__complex64_complex64
5092330259,3328,341597,103,1,1,128,1,1,16,0.000,0.000,,,,,NVIDIA A100-SXM4-40GB MIG 4g.20gb (0),1,,13,cupy_copy__complex64_complex64
5092350195,2272,341604,35,1,1,128,1,1,16,0.000,0.000,,,,,NVIDIA A100-SXM4-40GB MIG 4g.20gb (0),1,,13,cupy_copy__complex64_complex64
5092368691,1888,341611,1,1,1,1,1,1,18,0.000,0.000,,,,,NVIDIA A100-SXM4-40GB MIG 4g.20gb (0),1,,13,cupy_copy__float32_float32
5092500721,80959,341622,1,1,1,32,32,1,30,0.000,0.000,,,,,NVIDIA A100-SXM4-40GB MIG 4g.20gb (0),1,,13,"void convert_kernel<__half2, float2>(tensor_layout_any, T1 *, tensor_layout_any, const T2 *)"
5092608752,5600,341625,,,,,,,,,,0.094,16731.388,Pinned,Device,NVIDIA A100-SXM4-40GB MIG 4g.20gb (0),1,,13,[CUDA memcpy Host-to-Device]
5092625007,3360,341626,,,,,,,,,,1.547,460304.688,Device,,NVIDIA A100-SXM4-40GB MIG 4g.20gb (0),1,,13,[CUDA memset]
5092629775,3296,341631,,,,,,,,,,0.031,9495.144,Pinned,Device,NVIDIA A100-SXM4-40GB MIG 4g.20gb (0),1,,13,[CUDA memcpy Host-to-Device]
5092636079,9472,341632,,,,,,,,,,0.197,20756.693,Pinned,Device,NVIDIA A100-SXM4-40GB MIG 4g.20gb (0),1,,13,[CUDA memcpy Host-to-Device]
5092651567,7424,341633,273,1,1,8,4,1,39,0.002,0.000,,,,,NVIDIA A100-SXM4-40GB MIG 4g.20gb (0),1,,13,"void channel_eq::eqMmseCoefCompLowMimoKernel<float, float, float, (unsigned int)4, (unsigned int)1, (unsigned int)4>(const channel_eq::_puschRxChEqStatDescr *, channel_eq::_puschRxChEqCoefCompDynDescr)"
5092662095,6208,341634,273,1,1,12,11,1,51,0.002,0.000,,,,,NVIDIA A100-SXM4-40GB MIG 4g.20gb (0),1,,13,"void channel_eq::eqMmseSoftDemapKernel<float, __half, __half, float, (unsigned int)4, (unsigned short)16383>(channel_eq::_puschRxChEqStatDescr *, channel_eq::_puschRxChEqSoftDemapDynDescr)"
5092670959,294524,341635,1,1,1,32,32,1,30,0.000,0.000,,,,,NVIDIA A100-SXM4-40GB MIG 4g.20gb (0),1,,13,"void convert_kernel<float2, __half2>(tensor_layout_any, T1 *, tensor_layout_any, const T2 *)"
5092968267,10976,341647,2253,1,1,128,1,1,16,0.000,0.000,,,,,NVIDIA A100-SXM4-40GB MIG 4g.20gb (0),1,,13,cupy_copy__float16_float16
5092983211,3488,341656,282,1,1,128,1,1,16,0.000,0.000,,,,,NVIDIA A100-SXM4-40GB MIG 4g.20gb (0),1,,13,cupy_copy__complex64_complex64
5092988619,2304,341665,26,1,1,128,1,1,16,0.000,0.000,,,,,NVIDIA A100-SXM4-40GB MIG 4g.20gb (0),1,,13,cupy_copy__float32_float32
5092991947,3424,341674,103,1,1,128,1,1,16,0.000,0.000,,,,,NVIDIA A100-SXM4-40GB MIG 4g.20gb (0),1,,13,cupy_copy__complex64_complex64
5092997259,12192,341684,1434,1,1,128,1,1,16,0.000,0.000,,,,,NVIDIA A100-SXM4-40GB MIG 4g.20gb (0),1,,13,cupy_copy__complex64_complex64
5093013003,81759,341689,1,1,1,32,32,1,30,0.000,0.000,,,,,NVIDIA A100-SXM4-40GB MIG 4g.20gb (0),1,,13,"void convert_kernel<__half2, float2>(tensor_layout_any, T1 *, tensor_layout_any, const T2 *)"
5093121993,5600,341692,,,,,,,,,,0.094,16731.388,Pinned,Device,NVIDIA A100-SXM4-40GB MIG 4g.20gb (0),1,,13,[CUDA memcpy Host-to-Device]
5093131529,598713,341693,,,,,,,,,,456.561,762457.605,Device,,NVIDIA A100-SXM4-40GB MIG 4g.20gb (0),1,,13,[CUDA memset]
5093738786,134558,341698,,,,,,,,,,1.235,9176.869,Pinned,Device,NVIDIA A100-SXM4-40GB MIG 4g.20gb (0),1,,13,[CUDA memcpy Host-to-Device]
5093886240,40287,341699,,,,,,,,,,0.197,4880.007,Pinned,Device,NVIDIA A100-SXM4-40GB MIG 4g.20gb (0),1,,13,[CUDA memcpy Host-to-Device]
5093949087,8160,341700,69,4,1,48,1,1,76,0.002,0.000,,,,,NVIDIA A100-SXM4-40GB MIG 4g.20gb (0),1,,13,"void ch_est::windowedChEstPreNoDftSOfdmKernel<float, __half, float, (unsigned int)2, (unsigned int)1, (unsigned short)4>(ch_est::puschRxChEstStatDescr_t *, ch_est::puschRxChEstDynDescr_t *)"
5093968223,6560,341701,137,2,1,24,2,1,44,0.001,0.001,,,,,NVIDIA A100-SXM4-40GB MIG 4g.20gb (0),1,,13,"void ch_est::chEstFilterNoDftSOfdmDispatchKernel<float, __half, float, (unsigned int)2>(ch_est::puschRxChEstStatDescr_t *, ch_est::puschRxChEstDynDescr_t *)"
5093984479,4768,341702,137,2,1,24,2,1,44,0.001,0.001,,,,,NVIDIA A100-SXM4-40GB MIG 4g.20gb (0),1,,13,"void ch_est::chEstFilterNoDftSOfdmDispatchKernel<float, __half, float, (unsigned int)2>(ch_est::puschRxChEstStatDescr_t *, ch_est::puschRxChEstDynDescr_t *)"
5094000543,2655,341713,103,1,1,128,1,1,16,0.000,0.000,,,,,NVIDIA A100-SXM4-40GB MIG 4g.20gb (0),1,,13,cupy_copy__complex64_complex64
5094016830,12480,341723,1434,1,1,128,1,1,16,0.000,0.000,,,,,NVIDIA A100-SXM4-40GB MIG 4g.20gb (0),1,,13,cupy_copy__complex64_complex64
5094038046,2912,341730,103,1,1,128,1,1,16,0.000,0.000,,,,,NVIDIA A100-SXM4-40GB MIG 4g.20gb (0),1,,13,cupy_copy__complex64_complex64
5094062430,89087,341737,1,1,1,32,32,1,30,0.000,0.000,,,,,NVIDIA A100-SXM4-40GB MIG 4g.20gb (0),1,,13,"void convert_kernel<__half2, float2>(tensor_layout_any, T1 *, tensor_layout_any, const T2 *)"
5094184380,22688,341740,,,,,,,,,,0.094,4129.745,Pinned,Device,NVIDIA A100-SXM4-40GB MIG 4g.20gb (0),1,,13,[CUDA memcpy Host-to-Device]
5094226908,46911,341741,,,,,,,,,,35.810,763324.255,Device,,NVIDIA A100-SXM4-40GB MIG 4g.20gb (0),1,,13,[CUDA memset]
5094283771,5696,341743,,,,,,,,,,0.000,14.045,Pinned,Device,NVIDIA A100-SXM4-40GB MIG 4g.20gb (0),1,,13,[CUDA memcpy Host-to-Device]
5094296507,20960,341744,,,,,,,,,,0.197,9379.971,Pinned,Device,NVIDIA A100-SXM4-40GB MIG 4g.20gb (0),1,,13,[CUDA memcpy Host-to-Device]
5094329946,12640,341745,273,1,1,48,1,1,40,0.000,0.001,,,,,NVIDIA A100-SXM4-40GB MIG 4g.20gb (0),1,,13,"void pusch_noise_intf_est::noiseIntfEstNoDftSOfdmKernel<float, __half, float, float, (unsigned int)2, (unsigned int)1, (unsigned char)4, (unsigned char)4>(pusch_noise_intf_est::puschRxNoiseIntfEstDynDescr)"
5094346746,3040,341756,35,1,1,128,1,1,16,0.000,0.000,,,,,NVIDIA A100-SXM4-40GB MIG 4g.20gb (0),1,,13,cupy_copy__complex64_complex64
5094354618,1856,341765,1,1,1,1,1,1,18,0.000,0.000,,,,,NVIDIA A100-SXM4-40GB MIG 4g.20gb (0),1,,13,cupy_copy__float32_float32
5094360570,2432,341771,,,,,,,,,,0.000,1.645,Device,Pageable,NVIDIA A100-SXM4-40GB MIG 4g.20gb (0),1,,7,[CUDA memcpy Device-to-Host]
5094422585,12928,341782,1434,1,1,128,1,1,16,0.000,0.000,,,,,NVIDIA A100-SXM4-40GB MIG 4g.20gb (0),1,,13,cupy_copy__complex64_complex64
5094451897,2912,341789,103,1,1,128,1,1,16,0.000,0.000,,,,,NVIDIA A100-SXM4-40GB MIG 4g.20gb (0),1,,13,cupy_copy__complex64_complex64
5094470105,2528,341796,35,1,1,128,1,1,16,0.000,0.000,,,,,NVIDIA A100-SXM4-40GB MIG 4g.20gb (0),1,,13,cupy_copy__complex64_complex64
5094489816,1952,341803,1,1,1,1,1,1,18,0.000,0.000,,,,,NVIDIA A100-SXM4-40GB MIG 4g.20gb (0),1,,13,cupy_copy__float32_float32
5094621175,82879,341814,1,1,1,32,32,1,30,0.000,0.000,,,,,NVIDIA A100-SXM4-40GB MIG 4g.20gb (0),1,,13,"void convert_kernel<__half2, float2>(tensor_layout_any, T1 *, tensor_layout_any, const T2 *)"
5094733301,5696,341817,,,,,,,,,,0.094,16449.363,Pinned,Device,NVIDIA A100-SXM4-40GB MIG 4g.20gb (0),1,,13,[CUDA memcpy Host-to-Device]
5094747125,3264,341818,,,,,,,,,,1.547,473842.288,Device,,NVIDIA A100-SXM4-40GB MIG 4g.20gb (0),1,,13,[CUDA memset]
5094754101,3040,341823,,,,,,,,,,0.031,10294.725,Pinned,Device,NVIDIA A100-SXM4-40GB MIG 4g.20gb (0),1,,13,[CUDA memcpy Host-to-Device]
5094759637,9824,341824,,,,,,,,,,0.197,20012.925,Pinned,Device,NVIDIA A100-SXM4-40GB MIG 4g.20gb (0),1,,13,[CUDA memcpy Host-to-Device]
5094774965,6080,341825,273,1,1,8,4,1,39,0.002,0.000,,,,,NVIDIA A100-SXM4-40GB MIG 4g.20gb (0),1,,13,"void channel_eq::eqMmseCoefCompLowMimoKernel<float, float, float, (unsigned int)4, (unsigned int)1, (unsigned int)4>(const channel_eq::_puschRxChEqStatDescr *, channel_eq::_puschRxChEqCoefCompDynDescr)"
5094782101,5856,341826,273,1,1,12,11,1,51,0.002,0.000,,,,,NVIDIA A100-SXM4-40GB MIG 4g.20gb (0),1,,13,"void channel_eq::eqMmseSoftDemapKernel<float, __half, __half, float, (unsigned int)4, (unsigned short)16383>(channel_eq::_puschRxChEqStatDescr *, channel_eq::_puschRxChEqSoftDemapDynDescr)"
5094789013,282140,341827,1,1,1,32,32,1,30,0.000,0.000,,,,,NVIDIA A100-SXM4-40GB MIG 4g.20gb (0),1,,13,"void convert_kernel<float2, __half2>(tensor_layout_any, T1 *, tensor_layout_any, const T2 *)"
5095072593,11232,341839,2253,1,1,128,1,1,16,0.000,0.000,,,,,NVIDIA A100-SXM4-40GB MIG 4g.20gb (0),1,,13,cupy_copy__float16_float16
5095085905,2784,341848,282,1,1,128,1,1,16,0.000,0.000,,,,,NVIDIA A100-SXM4-40GB MIG 4g.20gb (0),1,,13,cupy_copy__complex64_complex64
5095091633,2176,341857,26,1,1,128,1,1,16,0.000,0.000,,,,,NVIDIA A100-SXM4-40GB MIG 4g.20gb (0),1,,13,cupy_copy__float32_float32
5095095793,3200,341866,103,1,1,128,1,1,16,0.000,0.000,,,,,NVIDIA A100-SXM4-40GB MIG 4g.20gb (0),1,,13,cupy_copy__complex64_complex64
5095100593,12320,341876,1434,1,1,128,1,1,16,0.000,0.000,,,,,NVIDIA A100-SXM4-40GB MIG 4g.20gb (0),1,,13,cupy_copy__complex64_complex64
5095133681,82239,341881,1,1,1,32,32,1,30,0.000,0.000,,,,,NVIDIA A100-SXM4-40GB MIG 4g.20gb (0),1,,13,"void convert_kernel<__half2, float2>(tensor_layout_any, T1 *, tensor_layout_any, const T2 *)"
5095243087,5600,341884,,,,,,,,,,0.094,16731.388,Pinned,Device,NVIDIA A100-SXM4-40GB MIG 4g.20gb (0),1,,13,[CUDA memcpy Host-to-Device]
5095252751,596377,341885,,,,,,,,,,456.561,765196.973,Device,,NVIDIA A100-SXM4-40GB MIG 4g.20gb (0),1,,13,[CUDA memset]
5095854664,161726,341890,,,,,,,,,,1.235,7635.659,Pinned,Device,NVIDIA A100-SXM4-40GB MIG 4g.20gb (0),1,,13,[CUDA memcpy Host-to-Device]
5096028838,41471,341891,,,,,,,,,,0.197,4740.809,Pinned,Device,NVIDIA A100-SXM4-40GB MIG 4g.20gb (0),1,,13,[CUDA memcpy Host-to-Device]
5096104229,8160,341892,69,4,1,48,1,1,76,0.002,0.000,,,,,NVIDIA A100-SXM4-40GB MIG 4g.20gb (0),1,,13,"void ch_est::windowedChEstPreNoDftSOfdmKernel<float, __half, float, (unsigned int)2, (unsigned int)1, (unsigned short)4>(ch_est::puschRxChEstStatDescr_t *, ch_est::puschRxChEstDynDescr_t *)"
5096123684,6656,341893,137,2,1,24,2,1,44,0.001,0.001,,,,,NVIDIA A100-SXM4-40GB MIG 4g.20gb (0),1,,13,"void ch_est::chEstFilterNoDftSOfdmDispatchKernel<float, __half, float, (unsigned int)2>(ch_est::puschRxChEstStatDescr_t *, ch_est::puschRxChEstDynDescr_t *)"
5096142212,4672,341894,137,2,1,24,2,1,44,0.001,0.001,,,,,NVIDIA A100-SXM4-40GB MIG 4g.20gb (0),1,,13,"void ch_est::chEstFilterNoDftSOfdmDispatchKernel<float, __half, float, (unsigned int)2>(ch_est::puschRxChEstStatDescr_t *, ch_est::puschRxChEstDynDescr_t *)"
5096160580,2624,341905,103,1,1,128,1,1,16,0.000,0.000,,,,,NVIDIA A100-SXM4-40GB MIG 4g.20gb (0),1,,13,cupy_copy__complex64_complex64
5096177284,12608,341915,1434,1,1,128,1,1,16,0.000,0.000,,,,,NVIDIA A100-SXM4-40GB MIG 4g.20gb (0),1,,13,cupy_copy__complex64_complex64
5096196163,2912,341922,103,1,1,128,1,1,16,0.000,0.000,,,,,NVIDIA A100-SXM4-40GB MIG 4g.20gb (0),1,,13,cupy_copy__complex64_complex64
5096215939,91487,341929,1,1,1,32,32,1,30,0.000,0.000,,,,,NVIDIA A100-SXM4-40GB MIG 4g.20gb (0),1,,13,"void convert_kernel<__half2, float2>(tensor_layout_any, T1 *, tensor_layout_any, const T2 *)"
5096335490,27007,341932,,,,,,,,,,0.094,3469.282,Pinned,Device,NVIDIA A100-SXM4-40GB MIG 4g.20gb (0),1,,13,[CUDA memcpy Host-to-Device]
5096386913,45984,341933,,,,,,,,,,35.810,778722.520,Device,,NVIDIA A100-SXM4-40GB MIG 4g.20gb (0),1,,13,[CUDA memset]
5096437313,10431,341935,,,,,,,,,,0.000,7.669,Pinned,Device,NVIDIA A100-SXM4-40GB MIG 4g.20gb (0),1,,13,[CUDA memcpy Host-to-Device]
5096457600,30304,341936,,,,,,,,,,0.197,6487.671,Pinned,Device,NVIDIA A100-SXM4-40GB MIG 4g.20gb (0),1,,13,[CUDA memcpy Host-to-Device]
5096515392,9311,341937,273,1,1,48,1,1,40,0.000,0.001,,,,,NVIDIA A100-SXM4-40GB MIG 4g.20gb (0),1,,13,"void pusch_noise_intf_est::noiseIntfEstNoDftSOfdmKernel<float, __half, float, float, (unsigned int)2, (unsigned int)1, (unsigned char)4, (unsigned char)4>(pusch_noise_intf_est::puschRxNoiseIntfEstDynDescr)"
5096532383,2592,341948,35,1,1,128,1,1,16,0.000,0.000,,,,,NVIDIA A100-SXM4-40GB MIG 4g.20gb (0),1,,13,cupy_copy__complex64_complex64
5096549311,1664,341957,1,1,1,1,1,1,18,0.000,0.000,,,,,NVIDIA A100-SXM4-40GB MIG 4g.20gb (0),1,,13,cupy_copy__float32_float32
5096555679,5024,341963,,,,,,,,,,0.000,0.796,Device,Pageable,NVIDIA A100-SXM4-40GB MIG 4g.20gb (0),1,,7,[CUDA memcpy Device-to-Host]
5096655390,12608,341974,1434,1,1,128,1,1,16,0.000,0.000,,,,,NVIDIA A100-SXM4-40GB MIG 4g.20gb (0),1,,13,cupy_copy__complex64_complex64
5096677758,3455,341981,103,1,1,128,1,1,16,0.000,0.000,,,,,NVIDIA A100-SXM4-40GB MIG 4g.20gb (0),1,,13,cupy_copy__complex64_complex64
5096695421,2656,341988,35,1,1,128,1,1,16,0.000,0.000,,,,,NVIDIA A100-SXM4-40GB MIG 4g.20gb (0),1,,13,cupy_copy__complex64_complex64
5096713757,1888,341995,1,1,1,1,1,1,18,0.000,0.000,,,,,NVIDIA A100-SXM4-40GB MIG 4g.20gb (0),1,,13,cupy_copy__float32_float32
5096833308,82879,342006,1,1,1,32,32,1,30,0.000,0.000,,,,,NVIDIA A100-SXM4-40GB MIG 4g.20gb (0),1,,13,"void convert_kernel<__half2, float2>(tensor_layout_any, T1 *, tensor_layout_any, const T2 *)"
5096944442,6432,342009,,,,,,,,,,0.094,14567.105,Pinned,Device,NVIDIA A100-SXM4-40GB MIG 4g.20gb (0),1,,13,[CUDA memcpy Host-to-Device]
5096958202,3360,342010,,,,,,,,,,1.547,460304.688,Device,,NVIDIA A100-SXM4-40GB MIG 4g.20gb (0),1,,13,[CUDA memset]
5096964922,3040,342015,,,,,,,,,,0.031,10294.725,Pinned,Device,NVIDIA A100-SXM4-40GB MIG 4g.20gb (0),1,,13,[CUDA memcpy Host-to-Device]
5096970938,9952,342016,,,,,,,,,,0.197,19755.565,Pinned,Device,NVIDIA A100-SXM4-40GB MIG 4g.20gb (0),1,,13,[CUDA memcpy Host-to-Device]
5096989018,6528,342017,273,1,1,8,4,1,39,0.002,0.000,,,,,NVIDIA A100-SXM4-40GB MIG 4g.20gb (0),1,,13,"void channel_eq::eqMmseCoefCompLowMimoKernel<float, float, float, (unsigned int)4, (unsigned int)1, (unsigned int)4>(const channel_eq::_puschRxChEqStatDescr *, channel_eq::_puschRxChEqCoefCompDynDescr)"
5096997274,6240,342018,273,1,1,12,11,1,51,0.002,0.000,,,,,NVIDIA A100-SXM4-40GB MIG 4g.20gb (0),1,,13,"void channel_eq::eqMmseSoftDemapKernel<float, __half, __half, float, (unsigned int)4, (unsigned short)16383>(channel_eq::_puschRxChEqStatDescr *, channel_eq::_puschRxChEqSoftDemapDynDescr)"
5097005690,282492,342019,1,1,1,32,32,1,30,0.000,0.000,,,,,NVIDIA A100-SXM4-40GB MIG 4g.20gb (0),1,,13,"void convert_kernel<float2, __half2>(tensor_layout_any, T1 *, tensor_layout_any, const T2 *)"
5097291254,11136,342031,2253,1,1,128,1,1,16,0.000,0.000,,,,,NVIDIA A100-SXM4-40GB MIG 4g.20gb (0),1,,13,cupy_copy__float16_float16
5097305142,3232,342040,282,1,1,128,1,1,16,0.000,0.000,,,,,NVIDIA A100-SXM4-40GB MIG 4g.20gb (0),1,,13,cupy_copy__complex64_complex64
5097310102,2368,342049,26,1,1,128,1,1,16,0.000,0.000,,,,,NVIDIA A100-SXM4-40GB MIG 4g.20gb (0),1,,13,cupy_copy__float32_float32
5097314262,4160,342058,103,1,1,128,1,1,16,0.000,0.000,,,,,NVIDIA A100-SXM4-40GB MIG 4g.20gb (0),1,,13,cupy_copy__complex64_complex64
5097322902,12095,342068,1434,1,1,128,1,1,16,0.000,0.000,,,,,NVIDIA A100-SXM4-40GB MIG 4g.20gb (0),1,,13,cupy_copy__complex64_complex64
5097338869,86623,342073,1,1,1,32,32,1,30,0.000,0.000,,,,,NVIDIA A100-SXM4-40GB MIG 4g.20gb (0),1,,13,"void convert_kernel<__half2, float2>(tensor_layout_any, T1 *, tensor_layout_any, const T2 *)"
5097453428,5472,342076,,,,,,,,,,0.094,17122.757,Pinned,Device,NVIDIA A100-SXM4-40GB MIG 4g.20gb (0),1,,13,[CUDA memcpy Host-to-Device]
5097462260,598584,342077,,,,,,,,,,456.561,762457.605,Device,,NVIDIA A100-SXM4-40GB MIG 4g.20gb (0),1,,13,[CUDA memset]
5098065356,96959,342082,,,,,,,,,,1.235,12735.977,Pinned,Device,NVIDIA A100-SXM4-40GB MIG 4g.20gb (0),1,,13,[CUDA memcpy Host-to-Device]
5098166699,15392,342083,,,,,,,,,,0.197,12773.229,Pinned,Device,NVIDIA A100-SXM4-40GB MIG 4g.20gb (0),1,,13,[CUDA memcpy Host-to-Device]
5098193003,8544,342084,69,4,1,48,1,1,76,0.002,0.000,,,,,NVIDIA A100-SXM4-40GB MIG 4g.20gb (0),1,,13,"void ch_est::windowedChEstPreNoDftSOfdmKernel<float, __half, float, (unsigned int)2, (unsigned int)1, (unsigned short)4>(ch_est::puschRxChEstStatDescr_t *, ch_est::puschRxChEstDynDescr_t *)"
5098203467,7392,342085,137,2,1,24,2,1,44,0.001,0.001,,,,,NVIDIA A100-SXM4-40GB MIG 4g.20gb (0),1,,13,"void ch_est::chEstFilterNoDftSOfdmDispatchKernel<float, __half, float, (unsigned int)2>(ch_est::puschRxChEstStatDescr_t *, ch_est::puschRxChEstDynDescr_t *)"
5098212843,6528,342086,137,2,1,24,2,1,44,0.001,0.001,,,,,NVIDIA A100-SXM4-40GB MIG 4g.20gb (0),1,,13,"void ch_est::chEstFilterNoDftSOfdmDispatchKernel<float, __half, float, (unsigned int)2>(ch_est::puschRxChEstStatDescr_t *, ch_est::puschRxChEstDynDescr_t *)"
5098222763,2623,342097,103,1,1,128,1,1,16,0.000,0.000,,,,,NVIDIA A100-SXM4-40GB MIG 4g.20gb (0),1,,13,cupy_copy__complex64_complex64
5098227114,12576,342107,1434,1,1,128,1,1,16,0.000,0.000,,,,,NVIDIA A100-SXM4-40GB MIG 4g.20gb (0),1,,13,cupy_copy__complex64_complex64
5098243370,2496,342114,103,1,1,128,1,1,16,0.000,0.000,,,,,NVIDIA A100-SXM4-40GB MIG 4g.20gb (0),1,,13,cupy_copy__complex64_complex64
5098248714,83295,342121,1,1,1,32,32,1,30,0.000,0.000,,,,,NVIDIA A100-SXM4-40GB MIG 4g.20gb (0),1,,13,"void convert_kernel<__half2, float2>(tensor_layout_any, T1 *, tensor_layout_any, const T2 *)"
5098359081,5504,342124,,,,,,,,,,0.094,17023.251,Pinned,Device,NVIDIA A100-SXM4-40GB MIG 4g.20gb (0),1,,13,[CUDA memcpy Host-to-Device]
5098371049,46783,342125,,,,,,,,,,35.810,765437.040,Device,,NVIDIA A100-SXM4-40GB MIG 4g.20gb (0),1,,13,[CUDA memset]
5098423432,4800,342127,,,,,,,,,,0.000,16.667,Pinned,Device,NVIDIA A100-SXM4-40GB MIG 4g.20gb (0),1,,13,[CUDA memcpy Host-to-Device]
5098432296,11424,342128,,,,,,,,,,0.197,17210.081,Pinned,Device,NVIDIA A100-SXM4-40GB MIG 4g.20gb (0),1,,13,[CUDA memcpy Host-to-Device]
5098452744,10048,342129,273,1,1,48,1,1,40,0.000,0.001,,,,,NVIDIA A100-SXM4-40GB MIG 4g.20gb (0),1,,13,"void pusch_noise_intf_est::noiseIntfEstNoDftSOfdmKernel<float, __half, float, float, (unsigned int)2, (unsigned int)1, (unsigned char)4, (unsigned char)4>(pusch_noise_intf_est::puschRxNoiseIntfEstDynDescr)"
5098467015,2848,342140,35,1,1,128,1,1,16,0.000,0.000,,,,,NVIDIA A100-SXM4-40GB MIG 4g.20gb (0),1,,13,cupy_copy__complex64_complex64
5098480231,1888,342149,1,1,1,1,1,1,18,0.000,0.000,,,,,NVIDIA A100-SXM4-40GB MIG 4g.20gb (0),1,,13,cupy_copy__float32_float32
5098509447,1568,342155,,,,,,,,,,0.000,2.551,Device,Pageable,NVIDIA A100-SXM4-40GB MIG 4g.20gb (0),1,,7,[CUDA memcpy Device-to-Host]
5098569382,12800,342166,1434,1,1,128,1,1,16,0.000,0.000,,,,,NVIDIA A100-SXM4-40GB MIG 4g.20gb (0),1,,13,cupy_copy__complex64_complex64
5098596902,2880,342173,103,1,1,128,1,1,16,0.000,0.000,,,,,NVIDIA A100-SXM4-40GB MIG 4g.20gb (0),1,,13,cupy_copy__complex64_complex64
5098619558,2336,342180,35,1,1,128,1,1,16,0.000,0.000,,,,,NVIDIA A100-SXM4-40GB MIG 4g.20gb (0),1,,13,cupy_copy__complex64_complex64
5098635877,1728,342187,1,1,1,1,1,1,18,0.000,0.000,,,,,NVIDIA A100-SXM4-40GB MIG 4g.20gb (0),1,,13,cupy_copy__float32_float32
5098765668,82463,342198,1,1,1,32,32,1,30,0.000,0.000,,,,,NVIDIA A100-SXM4-40GB MIG 4g.20gb (0),1,,13,"void convert_kernel<__half2, float2>(tensor_layout_any, T1 *, tensor_layout_any, const T2 *)"
5098876194,5376,342201,,,,,,,,,,0.094,17428.487,Pinned,Device,NVIDIA A100-SXM4-40GB MIG 4g.20gb (0),1,,13,[CUDA memcpy Host-to-Device]
5098892066,3360,342202,,,,,,,,,,1.547,460304.688,Device,,NVIDIA A100-SXM4-40GB MIG 4g.20gb (0),1,,13,[CUDA memset]
5098897858,3360,342207,,,,,,,,,,0.031,9314.284,Pinned,Device,NVIDIA A100-SXM4-40GB MIG 4g.20gb (0),1,,13,[CUDA memcpy Host-to-Device]
5098903426,10240,342208,,,,,,,,,,0.197,19199.951,Pinned,Device,NVIDIA A100-SXM4-40GB MIG 4g.20gb (0),1,,13,[CUDA memcpy Host-to-Device]
5098920066,6176,342209,273,1,1,8,4,1,39,0.002,0.000,,,,,NVIDIA A100-SXM4-40GB MIG 4g.20gb (0),1,,13,"void channel_eq::eqMmseCoefCompLowMimoKernel<float, float, float, (unsigned int)4, (unsigned int)1, (unsigned int)4>(const channel_eq::_puschRxChEqStatDescr *, channel_eq::_puschRxChEqCoefCompDynDescr)"
5098927746,5568,342210,273,1,1,12,11,1,51,0.002,0.000,,,,,NVIDIA A100-SXM4-40GB MIG 4g.20gb (0),1,,13,"void channel_eq::eqMmseSoftDemapKernel<float, __half, __half, float, (unsigned int)4, (unsigned short)16383>(channel_eq::_puschRxChEqStatDescr *, channel_eq::_puschRxChEqSoftDemapDynDescr)"
5098937442,283292,342211,1,1,1,32,32,1,30,0.000,0.000,,,,,NVIDIA A100-SXM4-40GB MIG 4g.20gb (0),1,,13,"void convert_kernel<float2, __half2>(tensor_layout_any, T1 *, tensor_layout_any, const T2 *)"
5099221694,11008,342223,2253,1,1,128,1,1,16,0.000,0.000,,,,,NVIDIA A100-SXM4-40GB MIG 4g.20gb (0),1,,13,cupy_copy__float16_float16
5099234270,3200,342232,282,1,1,128,1,1,16,0.000,0.000,,,,,NVIDIA A100-SXM4-40GB MIG 4g.20gb (0),1,,13,cupy_copy__complex64_complex64
5099239902,2272,342241,26,1,1,128,1,1,16,0.000,0.000,,,,,NVIDIA A100-SXM4-40GB MIG 4g.20gb (0),1,,13,cupy_copy__float32_float32
5099245758,4896,342250,103,1,1,128,1,1,16,0.000,0.000,,,,,NVIDIA A100-SXM4-40GB MIG 4g.20gb (0),1,,13,cupy_copy__complex64_complex64
5099253694,12192,342260,1434,1,1,128,1,1,16,0.000,0.000,,,,,NVIDIA A100-SXM4-40GB MIG 4g.20gb (0),1,,13,cupy_copy__complex64_complex64
5099267486,81919,342265,1,1,1,32,32,1,30,0.000,0.000,,,,,NVIDIA A100-SXM4-40GB MIG 4g.20gb (0),1,,13,"void convert_kernel<__half2, float2>(tensor_layout_any, T1 *, tensor_layout_any, const T2 *)"
5099376764,5632,342268,,,,,,,,,,0.094,16636.287,Pinned,Device,NVIDIA A100-SXM4-40GB MIG 4g.20gb (0),1,,13,[CUDA memcpy Host-to-Device]
5099386524,601721,342269,,,,,,,,,,456.561,758348.552,Device,,NVIDIA A100-SXM4-40GB MIG 4g.20gb (0),1,,13,[CUDA memset]
5099995573,145534,342274,,,,,,,,,,1.235,8485.300,Pinned,Device,NVIDIA A100-SXM4-40GB MIG 4g.20gb (0),1,,13,[CUDA memcpy Host-to-Device]
5100154899,39359,342275,,,,,,,,,,0.197,4995.219,Pinned,Device,NVIDIA A100-SXM4-40GB MIG 4g.20gb (0),1,,13,[CUDA memcpy Host-to-Device]
5100223538,8416,342276,69,4,1,48,1,1,76,0.002,0.000,,,,,NVIDIA A100-SXM4-40GB MIG 4g.20gb (0),1,,13,"void ch_est::windowedChEstPreNoDftSOfdmKernel<float, __half, float, (unsigned int)2, (unsigned int)1, (unsigned short)4>(ch_est::puschRxChEstStatDescr_t *, ch_est::puschRxChEstDynDescr_t *)"
5100241074,7040,342277,137,2,1,24,2,1,44,0.001,0.001,,,,,NVIDIA A100-SXM4-40GB MIG 4g.20gb (0),1,,13,"void ch_est::chEstFilterNoDftSOfdmDispatchKernel<float, __half, float, (unsigned int)2>(ch_est::puschRxChEstStatDescr_t *, ch_est::puschRxChEstDynDescr_t *)"
5100258385,4736,342278,137,2,1,24,2,1,44,0.001,0.001,,,,,NVIDIA A100-SXM4-40GB MIG 4g.20gb (0),1,,13,"void ch_est::chEstFilterNoDftSOfdmDispatchKernel<float, __half, float, (unsigned int)2>(ch_est::puschRxChEstStatDescr_t *, ch_est::puschRxChEstDynDescr_t *)"
5100274993,2528,342289,103,1,1,128,1,1,16,0.000,0.000,,,,,NVIDIA A100-SXM4-40GB MIG 4g.20gb (0),1,,13,cupy_copy__complex64_complex64
5100293585,12576,342299,1434,1,1,128,1,1,16,0.000,0.000,,,,,NVIDIA A100-SXM4-40GB MIG 4g.20gb (0),1,,13,cupy_copy__complex64_complex64
5100326577,2496,342306,103,1,1,128,1,1,16,0.000,0.000,,,,,NVIDIA A100-SXM4-40GB MIG 4g.20gb (0),1,,13,cupy_copy__complex64_complex64
5100344016,86687,342313,1,1,1,32,32,1,30,0.000,0.000,,,,,NVIDIA A100-SXM4-40GB MIG 4g.20gb (0),1,,13,"void convert_kernel<__half2, float2>(tensor_layout_any, T1 *, tensor_layout_any, const T2 *)"
5100458991,12704,342316,,,,,,,,,,0.094,7375.281,Pinned,Device,NVIDIA A100-SXM4-40GB MIG 4g.20gb (0),1,,13,[CUDA memcpy Host-to-Device]
5100476751,46655,342317,,,,,,,,,,35.810,767514.015,Device,,NVIDIA A100-SXM4-40GB MIG 4g.20gb (0),1,,13,[CUDA memset]
5100526830,6784,342319,,,,,,,,,,0.000,11.792,Pinned,Device,NVIDIA A100-SXM4-40GB MIG 4g.20gb (0),1,,13,[CUDA memcpy Host-to-Device]
5100541454,14048,342320,,,,,,,,,,0.197,13995.344,Pinned,Device,NVIDIA A100-SXM4-40GB MIG 4g.20gb (0),1,,13,[CUDA memcpy Host-to-Device]
5100568942,12991,342321,273,1,1,48,1,1,40,0.000,0.001,,,,,NVIDIA A100-SXM4-40GB MIG 4g.20gb (0),1,,13,"void pusch_noise_intf_est::noiseIntfEstNoDftSOfdmKernel<float, __half, float, float, (unsigned int)2, (unsigned int)1, (unsigned char)4, (unsigned char)4>(pusch_noise_intf_est::puschRxNoiseIntfEstDynDescr)"
5100585453,3008,342332,35,1,1,128,1,1,16,0.000,0.000,,,,,NVIDIA A100-SXM4-40GB MIG 4g.20gb (0),1,,13,cupy_copy__complex64_complex64
5100590829,1824,342341,1,1,1,1,1,1,18,0.000,0.000,,,,,NVIDIA A100-SXM4-40GB MIG 4g.20gb (0),1,,13,cupy_copy__float32_float32
5100609037,1792,342347,,,,,,,,,,0.000,2.232,Device,Pageable,NVIDIA A100-SXM4-40GB MIG 4g.20gb (0),1,,7,[CUDA memcpy Device-to-Host]
5100669100,12992,342358,1434,1,1,128,1,1,16,0.000,0.000,,,,,NVIDIA A100-SXM4-40GB MIG 4g.20gb (0),1,,13,cupy_copy__complex64_complex64
5100695628,2720,342365,103,1,1,128,1,1,16,0.000,0.000,,,,,NVIDIA A100-SXM4-40GB MIG 4g.20gb (0),1,,13,cupy_copy__complex64_complex64
5100716332,2336,342372,35,1,1,128,1,1,16,0.000,0.000,,,,,NVIDIA A100-SXM4-40GB MIG 4g.20gb (0),1,,13,cupy_copy__complex64_complex64
5100733452,1824,342379,1,1,1,1,1,1,18,0.000,0.000,,,,,NVIDIA A100-SXM4-40GB MIG 4g.20gb (0),1,,13,cupy_copy__float32_float32
5100864842,81727,342390,1,1,1,32,32,1,30,0.000,0.000,,,,,NVIDIA A100-SXM4-40GB MIG 4g.20gb (0),1,,13,"void convert_kernel<__half2, float2>(tensor_layout_any, T1 *, tensor_layout_any, const T2 *)"
5100974089,5408,342393,,,,,,,,,,0.094,17325.421,Pinned,Device,NVIDIA A100-SXM4-40GB MIG 4g.20gb (0),1,,13,[CUDA memcpy Host-to-Device]
5100988456,3584,342394,,,,,,,,,,1.547,431534.389,Device,,NVIDIA A100-SXM4-40GB MIG 4g.20gb (0),1,,13,[CUDA memset]
5100997032,3168,342399,,,,,,,,,,0.031,9878.770,Pinned,Device,NVIDIA A100-SXM4-40GB MIG 4g.20gb (0),1,,13,[CUDA memcpy Host-to-Device]
5101002920,9664,342400,,,,,,,,,,0.197,20344.209,Pinned,Device,NVIDIA A100-SXM4-40GB MIG 4g.20gb (0),1,,13,[CUDA memcpy Host-to-Device]
5101018152,6176,342401,273,1,1,8,4,1,39,0.002,0.000,,,,,NVIDIA A100-SXM4-40GB MIG 4g.20gb (0),1,,13,"void channel_eq::eqMmseCoefCompLowMimoKernel<float, float, float, (unsigned int)4, (unsigned int)1, (unsigned int)4>(const channel_eq::_puschRxChEqStatDescr *, channel_eq::_puschRxChEqCoefCompDynDescr)"
5101027048,5664,342402,273,1,1,12,11,1,51,0.002,0.000,,,,,NVIDIA A100-SXM4-40GB MIG 4g.20gb (0),1,,13,"void channel_eq::eqMmseSoftDemapKernel<float, __half, __half, float, (unsigned int)4, (unsigned short)16383>(channel_eq::_puschRxChEqStatDescr *, channel_eq::_puschRxChEqSoftDemapDynDescr)"
5101036744,281724,342403,1,1,1,32,32,1,30,0.000,0.000,,,,,NVIDIA A100-SXM4-40GB MIG 4g.20gb (0),1,,13,"void convert_kernel<float2, __half2>(tensor_layout_any, T1 *, tensor_layout_any, const T2 *)"
5101320484,10912,342415,2253,1,1,128,1,1,16,0.000,0.000,,,,,NVIDIA A100-SXM4-40GB MIG 4g.20gb (0),1,,13,cupy_copy__float16_float16
5101332612,2976,342424,282,1,1,128,1,1,16,0.000,0.000,,,,,NVIDIA A100-SXM4-40GB MIG 4g.20gb (0),1,,13,cupy_copy__complex64_complex64
5101338084,2304,342433,26,1,1,128,1,1,16,0.000,0.000,,,,,NVIDIA A100-SXM4-40GB MIG 4g.20gb (0),1,,13,cupy_copy__float32_float32
5101343492,4576,342442,103,1,1,128,1,1,16,0.000,0.000,,,,,NVIDIA A100-SXM4-40GB MIG 4g.20gb (0),1,,13,cupy_copy__complex64_complex64
5101350692,12128,342452,1434,1,1,128,1,1,16,0.000,0.000,,,,,NVIDIA A100-SXM4-40GB MIG 4g.20gb (0),1,,13,cupy_copy__complex64_complex64
5101369444,82847,342457,1,1,1,32,32,1,30,0.000,0.000,,,,,NVIDIA A100-SXM4-40GB MIG 4g.20gb (0),1,,13,"void convert_kernel<__half2, float2>(tensor_layout_any, T1 *, tensor_layout_any, const T2 *)"
5101478690,5696,342460,,,,,,,,,,0.094,16449.363,Pinned,Device,NVIDIA A100-SXM4-40GB MIG 4g.20gb (0),1,,13,[CUDA memcpy Host-to-Device]
5101490210,599449,342461,,,,,,,,,,456.561,761544.482,Device,,NVIDIA A100-SXM4-40GB MIG 4g.20gb (0),1,,13,[CUDA memset]
5102094427,142398,342466,,,,,,,,,,1.235,8671.777,Pinned,Device,NVIDIA A100-SXM4-40GB MIG 4g.20gb (0),1,,13,[CUDA memcpy Host-to-Device]
5102247641,39423,342467,,,,,,,,,,0.197,4986.962,Pinned,Device,NVIDIA A100-SXM4-40GB MIG 4g.20gb (0),1,,13,[CUDA memcpy Host-to-Device]
5102309624,8480,342468,69,4,1,48,1,1,76,0.002,0.000,,,,,NVIDIA A100-SXM4-40GB MIG 4g.20gb (0),1,,13,"void ch_est::windowedChEstPreNoDftSOfdmKernel<float, __half, float, (unsigned int)2, (unsigned int)1, (unsigned short)4>(ch_est::puschRxChEstStatDescr_t *, ch_est::puschRxChEstDynDescr_t *)"
5102327192,7104,342469,137,2,1,24,2,1,44,0.001,0.001,,,,,NVIDIA A100-SXM4-40GB MIG 4g.20gb (0),1,,13,"void ch_est::chEstFilterNoDftSOfdmDispatchKernel<float, __half, float, (unsigned int)2>(ch_est::puschRxChEstStatDescr_t *, ch_est::puschRxChEstDynDescr_t *)"
5102344536,4736,342470,137,2,1,24,2,1,44,0.001,0.001,,,,,NVIDIA A100-SXM4-40GB MIG 4g.20gb (0),1,,13,"void ch_est::chEstFilterNoDftSOfdmDispatchKernel<float, __half, float, (unsigned int)2>(ch_est::puschRxChEstStatDescr_t *, ch_est::puschRxChEstDynDescr_t *)"
5102361400,2719,342481,103,1,1,128,1,1,16,0.000,0.000,,,,,NVIDIA A100-SXM4-40GB MIG 4g.20gb (0),1,,13,cupy_copy__complex64_complex64
5102378423,12608,342491,1434,1,1,128,1,1,16,0.000,0.000,,,,,NVIDIA A100-SXM4-40GB MIG 4g.20gb (0),1,,13,cupy_copy__complex64_complex64
5102398615,2880,342498,103,1,1,128,1,1,16,0.000,0.000,,,,,NVIDIA A100-SXM4-40GB MIG 4g.20gb (0),1,,13,cupy_copy__complex64_complex64
5102424119,90207,342505,1,1,1,32,32,1,30,0.000,0.000,,,,,NVIDIA A100-SXM4-40GB MIG 4g.20gb (0),1,,13,"void convert_kernel<__half2, float2>(tensor_layout_any, T1 *, tensor_layout_any, const T2 *)"
5102548629,28320,342508,,,,,,,,,,0.094,3308.406,Pinned,Device,NVIDIA A100-SXM4-40GB MIG 4g.20gb (0),1,,13,[CUDA memcpy Host-to-Device]
5102599925,47615,342509,,,,,,,,,,35.810,752044.130,Device,,NVIDIA A100-SXM4-40GB MIG 4g.20gb (0),1,,13,[CUDA memset]
5102653524,4672,342511,,,,,,,,,,0.000,17.123,Pinned,Device,NVIDIA A100-SXM4-40GB MIG 4g.20gb (0),1,,13,[CUDA memcpy Host-to-Device]
5102669300,26271,342512,,,,,,,,,,0.197,7483.687,Pinned,Device,NVIDIA A100-SXM4-40GB MIG 4g.20gb (0),1,,13,[CUDA memcpy Host-to-Device]
5102717331,12992,342513,273,1,1,48,1,1,40,0.000,0.001,,,,,NVIDIA A100-SXM4-40GB MIG 4g.20gb (0),1,,13,"void pusch_noise_intf_est::noiseIntfEstNoDftSOfdmKernel<float, __half, float, float, (unsigned int)2, (unsigned int)1, (unsigned char)4, (unsigned char)4>(pusch_noise_intf_est::puschRxNoiseIntfEstDynDescr)"
5102741619,2656,342524,35,1,1,128,1,1,16,0.000,0.000,,,,,NVIDIA A100-SXM4-40GB MIG 4g.20gb (0),1,,13,cupy_copy__complex64_complex64
5102752563,1792,342533,1,1,1,1,1,1,18,0.000,0.000,,,,,NVIDIA A100-SXM4-40GB MIG 4g.20gb (0),1,,13,cupy_copy__float32_float32
5102760019,5856,342539,,,,,,,,,,0.000,0.683,Device,Pageable,NVIDIA A100-SXM4-40GB MIG 4g.20gb (0),1,,7,[CUDA memcpy Device-to-Host]
5102837650,12767,342550,1434,1,1,128,1,1,16,0.000,0.000,,,,,NVIDIA A100-SXM4-40GB MIG 4g.20gb (0),1,,13,cupy_copy__complex64_complex64
5102873393,5760,342557,103,1,1,128,1,1,16,0.000,0.000,,,,,NVIDIA A100-SXM4-40GB MIG 4g.20gb (0),1,,13,cupy_copy__complex64_complex64
5102898353,2528,342564,35,1,1,128,1,1,16,0.000,0.000,,,,,NVIDIA A100-SXM4-40GB MIG 4g.20gb (0),1,,13,cupy_copy__complex64_complex64
5102913809,1952,342571,1,1,1,1,1,1,18,0.000,0.000,,,,,NVIDIA A100-SXM4-40GB MIG 4g.20gb (0),1,,13,cupy_copy__float32_float32
5103041615,82943,342582,1,1,1,32,32,1,30,0.000,0.000,,,,,NVIDIA A100-SXM4-40GB MIG 4g.20gb (0),1,,13,"void convert_kernel<__half2, float2>(tensor_layout_any, T1 *, tensor_layout_any, const T2 *)"
5103151726,5664,342585,,,,,,,,,,0.094,16542.310,Pinned,Device,NVIDIA A100-SXM4-40GB MIG 4g.20gb (0),1,,13,[CUDA memcpy Host-to-Device]
5103168238,3424,342586,,,,,,,,,,1.547,451700.819,Device,,NVIDIA A100-SXM4-40GB MIG 4g.20gb (0),1,,13,[CUDA memset]
5103175949,3264,342591,,,,,,,,,,0.031,9588.218,Pinned,Device,NVIDIA A100-SXM4-40GB MIG 4g.20gb (0),1,,13,[CUDA memcpy Host-to-Device]
5103181677,9792,342592,,,,,,,,,,0.197,20078.395,Pinned,Device,NVIDIA A100-SXM4-40GB MIG 4g.20gb (0),1,,13,[CUDA memcpy Host-to-Device]
5103197389,6240,342593,273,1,1,8,4,1,39,0.002,0.000,,,,,NVIDIA A100-SXM4-40GB MIG 4g.20gb (0),1,,13,"void channel_eq::eqMmseCoefCompLowMimoKernel<float, float, float, (unsigned int)4, (unsigned int)1, (unsigned int)4>(const channel_eq::_puschRxChEqStatDescr *, channel_eq::_puschRxChEqCoefCompDynDescr)"
5103204781,6080,342594,273,1,1,12,11,1,51,0.002,0.000,,,,,NVIDIA A100-SXM4-40GB MIG 4g.20gb (0),1,,13,"void channel_eq::eqMmseSoftDemapKernel<float, __half, __half, float, (unsigned int)4, (unsigned short)16383>(channel_eq::_puschRxChEqStatDescr *, channel_eq::_puschRxChEqSoftDemapDynDescr)"
5103211885,282973,342595,1,1,1,32,32,1,30,0.000,0.000,,,,,NVIDIA A100-SXM4-40GB MIG 4g.20gb (0),1,,13,"void convert_kernel<float2, __half2>(tensor_layout_any, T1 *, tensor_layout_any, const T2 *)"
5103495946,11103,342607,2253,1,1,128,1,1,16,0.000,0.000,,,,,NVIDIA A100-SXM4-40GB MIG 4g.20gb (0),1,,13,cupy_copy__float16_float16
5103512361,2688,342616,282,1,1,128,1,1,16,0.000,0.000,,,,,NVIDIA A100-SXM4-40GB MIG 4g.20gb (0),1,,13,cupy_copy__complex64_complex64
5103516937,2144,342625,26,1,1,128,1,1,16,0.000,0.000,,,,,NVIDIA A100-SXM4-40GB MIG 4g.20gb (0),1,,13,cupy_copy__float32_float32
5103522057,4768,342634,103,1,1,128,1,1,16,0.000,0.000,,,,,NVIDIA A100-SXM4-40GB MIG 4g.20gb (0),1,,13,cupy_copy__complex64_complex64
5103528681,12096,342644,1434,1,1,128,1,1,16,0.000,0.000,,,,,NVIDIA A100-SXM4-40GB MIG 4g.20gb (0),1,,13,cupy_copy__complex64_complex64
5103545897,87903,342649,1,1,1,32,32,1,30,0.000,0.000,,,,,NVIDIA A100-SXM4-40GB MIG 4g.20gb (0),1,,13,"void convert_kernel<__half2, float2>(tensor_layout_any, T1 *, tensor_layout_any, const T2 *)"
5103660584,5503,342652,,,,,,,,,,0.094,17026.343,Pinned,Device,NVIDIA A100-SXM4-40GB MIG 4g.20gb (0),1,,13,[CUDA memcpy Host-to-Device]
5103671175,597113,342653,,,,,,,,,,456.561,764283.851,Device,,NVIDIA A100-SXM4-40GB MIG 4g.20gb (0),1,,13,[CUDA memset]
5104280960,132158,342658,,,,,,,,,,1.235,9343.586,Pinned,Device,NVIDIA A100-SXM4-40GB MIG 4g.20gb (0),1,,13,[CUDA memcpy Host-to-Device]
5104424062,31584,342659,,,,,,,,,,0.197,6224.806,Pinned,Device,NVIDIA A100-SXM4-40GB MIG 4g.20gb (0),1,,13,[CUDA memcpy Host-to-Device]
5104472030,7775,342660,69,4,1,48,1,1,76,0.002,0.000,,,,,NVIDIA A100-SXM4-40GB MIG 4g.20gb (0),1,,13,"void ch_est::windowedChEstPreNoDftSOfdmKernel<float, __half, float, (unsigned int)2, (unsigned int)1, (unsigned short)4>(ch_est::puschRxChEstStatDescr_t *, ch_est::puschRxChEstDynDescr_t *)"
5104487837,6944,342661,137,2,1,24,2,1,44,0.001,0.001,,,,,NVIDIA A100-SXM4-40GB MIG 4g.20gb (0),1,,13,"void ch_est::chEstFilterNoDftSOfdmDispatchKernel<float, __half, float, (unsigned int)2>(ch_est::puschRxChEstStatDescr_t *, ch_est::puschRxChEstDynDescr_t *)"
5104508093,4704,342662,137,2,1,24,2,1,44,0.001,0.001,,,,,NVIDIA A100-SXM4-40GB MIG 4g.20gb (0),1,,13,"void ch_est::chEstFilterNoDftSOfdmDispatchKernel<float, __half, float, (unsigned int)2>(ch_est::puschRxChEstStatDescr_t *, ch_est::puschRxChEstDynDescr_t *)"
5104524029,2592,342673,103,1,1,128,1,1,16,0.000,0.000,,,,,NVIDIA A100-SXM4-40GB MIG 4g.20gb (0),1,,13,cupy_copy__complex64_complex64
5104536509,12384,342683,1434,1,1,128,1,1,16,0.000,0.000,,,,,NVIDIA A100-SXM4-40GB MIG 4g.20gb (0),1,,13,cupy_copy__complex64_complex64
5104569660,2528,342690,103,1,1,128,1,1,16,0.000,0.000,,,,,NVIDIA A100-SXM4-40GB MIG 4g.20gb (0),1,,13,cupy_copy__complex64_complex64
5104587292,90111,342697,1,1,1,32,32,1,30,0.000,0.000,,,,,NVIDIA A100-SXM4-40GB MIG 4g.20gb (0),1,,13,"void convert_kernel<__half2, float2>(tensor_layout_any, T1 *, tensor_layout_any, const T2 *)"
5104709051,23679,342700,,,,,,,,,,0.094,3956.876,Pinned,Device,NVIDIA A100-SXM4-40GB MIG 4g.20gb (0),1,,13,[CUDA memcpy Host-to-Device]
5104745050,47424,342701,,,,,,,,,,35.810,755087.973,Device,,NVIDIA A100-SXM4-40GB MIG 4g.20gb (0),1,,13,[CUDA memset]
5104793594,14879,342703,,,,,,,,,,0.000,5.377,Pinned,Device,NVIDIA A100-SXM4-40GB MIG 4g.20gb (0),1,,13,[CUDA memcpy Host-to-Device]
5104820313,29952,342704,,,,,,,,,,0.197,6563.955,Pinned,Device,NVIDIA A100-SXM4-40GB MIG 4g.20gb (0),1,,13,[CUDA memcpy Host-to-Device]
5104874137,9855,342705,273,1,1,48,1,1,40,0.000,0.001,,,,,NVIDIA A100-SXM4-40GB MIG 4g.20gb (0),1,,13,"void pusch_noise_intf_est::noiseIntfEstNoDftSOfdmKernel<float, __half, float, float, (unsigned int)2, (unsigned int)1, (unsigned char)4, (unsigned char)4>(pusch_noise_intf_est::puschRxNoiseIntfEstDynDescr)"
5104891288,2592,342716,35,1,1,128,1,1,16,0.000,0.000,,,,,NVIDIA A100-SXM4-40GB MIG 4g.20gb (0),1,,13,cupy_copy__complex64_complex64
5104907672,1728,342725,1,1,1,1,1,1,18,0.000,0.000,,,,,NVIDIA A100-SXM4-40GB MIG 4g.20gb (0),1,,13,cupy_copy__float32_float32
5104910392,9024,342731,,,,,,,,,,0.000,0.443,Device,Pageable,NVIDIA A100-SXM4-40GB MIG 4g.20gb (0),1,,7,[CUDA memcpy Device-to-Host]
5105003223,13024,342742,1434,1,1,128,1,1,16,0.000,0.000,,,,,NVIDIA A100-SXM4-40GB MIG 4g.20gb (0),1,,13,cupy_copy__complex64_complex64
5105025271,3392,342749,103,1,1,128,1,1,16,0.000,0.000,,,,,NVIDIA A100-SXM4-40GB MIG 4g.20gb (0),1,,13,cupy_copy__complex64_complex64
5105050998,2304,342756,35,1,1,128,1,1,16,0.000,0.000,,,,,NVIDIA A100-SXM4-40GB MIG 4g.20gb (0),1,,13,cupy_copy__complex64_complex64
5105070358,1792,342763,1,1,1,1,1,1,18,0.000,0.000,,,,,NVIDIA A100-SXM4-40GB MIG 4g.20gb (0),1,,13,cupy_copy__float32_float32
5105193109,87679,342774,1,1,1,32,32,1,30,0.000,0.000,,,,,NVIDIA A100-SXM4-40GB MIG 4g.20gb (0),1,,13,"void convert_kernel<__half2, float2>(tensor_layout_any, T1 *, tensor_layout_any, const T2 *)"
5105309011,13568,342777,,,,,,,,,,0.094,6905.583,Pinned,Device,NVIDIA A100-SXM4-40GB MIG 4g.20gb (0),1,,13,[CUDA memcpy Host-to-Device]
5105340179,3328,342778,,,,,,,,,,1.547,464729.580,Device,,NVIDIA A100-SXM4-40GB MIG 4g.20gb (0),1,,13,[CUDA memset]
5105346611,7712,342783,,,,,,,,,,0.031,4058.090,Pinned,Device,NVIDIA A100-SXM4-40GB MIG 4g.20gb (0),1,,13,[CUDA memcpy Host-to-Device]
5105360915,13279,342784,,,,,,,,,,0.197,14805.762,Pinned,Device,NVIDIA A100-SXM4-40GB MIG 4g.20gb (0),1,,13,[CUDA memcpy Host-to-Device]
5105391218,7232,342785,273,1,1,8,4,1,39,0.002,0.000,,,,,NVIDIA A100-SXM4-40GB MIG 4g.20gb (0),1,,13,"void channel_eq::eqMmseCoefCompLowMimoKernel<float, float, float, (unsigned int)4, (unsigned int)1, (unsigned int)4>(const channel_eq::_puschRxChEqStatDescr *, channel_eq::_puschRxChEqCoefCompDynDescr)"
5105406418,7616,342786,273,1,1,12,11,1,51,0.002,0.000,,,,,NVIDIA A100-SXM4-40GB MIG 4g.20gb (0),1,,13,"void channel_eq::eqMmseSoftDemapKernel<float, __half, __half, float, (unsigned int)4, (unsigned short)16383>(channel_eq::_puschRxChEqStatDescr *, channel_eq::_puschRxChEqSoftDemapDynDescr)"
5105422706,282428,342787,1,1,1,32,32,1,30,0.000,0.000,,,,,NVIDIA A100-SXM4-40GB MIG 4g.20gb (0),1,,13,"void convert_kernel<float2, __half2>(tensor_layout_any, T1 *, tensor_layout_any, const T2 *)"
5105706158,10944,342799,2253,1,1,128,1,1,16,0.000,0.000,,,,,NVIDIA A100-SXM4-40GB MIG 4g.20gb (0),1,,13,cupy_copy__float16_float16
5105722702,2816,342808,282,1,1,128,1,1,16,0.000,0.000,,,,,NVIDIA A100-SXM4-40GB MIG 4g.20gb (0),1,,13,cupy_copy__complex64_complex64
5105727854,2112,342817,26,1,1,128,1,1,16,0.000,0.000,,,,,NVIDIA A100-SXM4-40GB MIG 4g.20gb (0),1,,13,cupy_copy__float32_float32
5105732686,3136,342826,103,1,1,128,1,1,16,0.000,0.000,,,,,NVIDIA A100-SXM4-40GB MIG 4g.20gb (0),1,,13,cupy_copy__complex64_complex64
5105736782,11840,342836,1434,1,1,128,1,1,16,0.000,0.000,,,,,NVIDIA A100-SXM4-40GB MIG 4g.20gb (0),1,,13,cupy_copy__complex64_complex64
5105750766,82303,342841,1,1,1,32,32,1,30,0.000,0.000,,,,,NVIDIA A100-SXM4-40GB MIG 4g.20gb (0),1,,13,"void convert_kernel<__half2, float2>(tensor_layout_any, T1 *, tensor_layout_any, const T2 *)"
5105860300,5376,342844,,,,,,,,,,0.094,17428.487,Pinned,Device,NVIDIA A100-SXM4-40GB MIG 4g.20gb (0),1,,13,[CUDA memcpy Host-to-Device]
5105871340,598393,342845,,,,,,,,,,456.561,762914.166,Device,,NVIDIA A100-SXM4-40GB MIG 4g.20gb (0),1,,13,[CUDA memset]
5106472229,121086,342850,,,,,,,,,,1.235,10198.168,Pinned,Device,NVIDIA A100-SXM4-40GB MIG 4g.20gb (0),1,,13,[CUDA memcpy Host-to-Device]
5106597827,19968,342851,,,,,,,,,,0.197,9846.129,Pinned,Device,NVIDIA A100-SXM4-40GB MIG 4g.20gb (0),1,,13,[CUDA memcpy Host-to-Device]
5106631523,8736,342852,69,4,1,48,1,1,76,0.002,0.000,,,,,NVIDIA A100-SXM4-40GB MIG 4g.20gb (0),1,,13,"void ch_est::windowedChEstPreNoDftSOfdmKernel<float, __half, float, (unsigned int)2, (unsigned int)1, (unsigned short)4>(ch_est::puschRxChEstStatDescr_t *, ch_est::puschRxChEstDynDescr_t *)"
5106646979,6880,342853,137,2,1,24,2,1,44,0.001,0.001,,,,,NVIDIA A100-SXM4-40GB MIG 4g.20gb (0),1,,13,"void ch_est::chEstFilterNoDftSOfdmDispatchKernel<float, __half, float, (unsigned int)2>(ch_est::puschRxChEstStatDescr_t *, ch_est::puschRxChEstDynDescr_t *)"
5106661987,6239,342854,137,2,1,24,2,1,44,0.001,0.001,,,,,NVIDIA A100-SXM4-40GB MIG 4g.20gb (0),1,,13,"void ch_est::chEstFilterNoDftSOfdmDispatchKernel<float, __half, float, (unsigned int)2>(ch_est::puschRxChEstStatDescr_t *, ch_est::puschRxChEstDynDescr_t *)"
5106670626,2784,342865,103,1,1,128,1,1,16,0.000,0.000,,,,,NVIDIA A100-SXM4-40GB MIG 4g.20gb (0),1,,13,cupy_copy__complex64_complex64
5106679170,12480,342875,1434,1,1,128,1,1,16,0.000,0.000,,,,,NVIDIA A100-SXM4-40GB MIG 4g.20gb (0),1,,13,cupy_copy__complex64_complex64
5106694690,2720,342882,103,1,1,128,1,1,16,0.000,0.000,,,,,NVIDIA A100-SXM4-40GB MIG 4g.20gb (0),1,,13,cupy_copy__complex64_complex64
5106704002,92607,342889,1,1,1,32,32,1,30,0.000,0.000,,,,,NVIDIA A100-SXM4-40GB MIG 4g.20gb (0),1,,13,"void convert_kernel<__half2, float2>(tensor_layout_any, T1 *, tensor_layout_any, const T2 *)"
5106826208,9216,342892,,,,,,,,,,0.094,10166.578,Pinned,Device,NVIDIA A100-SXM4-40GB MIG 4g.20gb (0),1,,13,[CUDA memcpy Host-to-Device]
5106848960,47392,342893,,,,,,,,,,35.810,755589.312,Device,,NVIDIA A100-SXM4-40GB MIG 4g.20gb (0),1,,13,[CUDA memset]
5106898080,6592,342895,,,,,,,,,,0.000,12.136,Pinned,Device,NVIDIA A100-SXM4-40GB MIG 4g.20gb (0),1,,13,[CUDA memcpy Host-to-Device]
5106909823,12736,342896,,,,,,,,,,0.197,15437.070,Pinned,Device,NVIDIA A100-SXM4-40GB MIG 4g.20gb (0),1,,13,[CUDA memcpy Host-to-Device]
5106933087,9856,342897,273,1,1,48,1,1,40,0.000,0.001,,,,,NVIDIA A100-SXM4-40GB MIG 4g.20gb (0),1,,13,"void pusch_noise_intf_est::noiseIntfEstNoDftSOfdmKernel<float, __half, float, float, (unsigned int)2, (unsigned int)1, (unsigned char)4, (unsigned char)4>(pusch_noise_intf_est::puschRxNoiseIntfEstDynDescr)"
5106948223,3168,342908,35,1,1,128,1,1,16,0.000,0.000,,,,,NVIDIA A100-SXM4-40GB MIG 4g.20gb (0),1,,13,cupy_copy__complex64_complex64
5106956287,1984,342917,1,1,1,1,1,1,18,0.000,0.000,,,,,NVIDIA A100-SXM4-40GB MIG 4g.20gb (0),1,,13,cupy_copy__float32_float32
5106986719,1600,342923,,,,,,,,,,0.000,2.500,Device,Pageable,NVIDIA A100-SXM4-40GB MIG 4g.20gb (0),1,,7,[CUDA memcpy Device-to-Host]
5107046430,12864,342934,1434,1,1,128,1,1,16,0.000,0.000,,,,,NVIDIA A100-SXM4-40GB MIG 4g.20gb (0),1,,13,cupy_copy__complex64_complex64
5107074781,3040,342941,103,1,1,128,1,1,16,0.000,0.000,,,,,NVIDIA A100-SXM4-40GB MIG 4g.20gb (0),1,,13,cupy_copy__complex64_complex64
5107096253,2176,342948,35,1,1,128,1,1,16,0.000,0.000,,,,,NVIDIA A100-SXM4-40GB MIG 4g.20gb (0),1,,13,cupy_copy__complex64_complex64
5107114429,1824,342955,1,1,1,1,1,1,18,0.000,0.000,,,,,NVIDIA A100-SXM4-40GB MIG 4g.20gb (0),1,,13,cupy_copy__float32_float32
5107247483,82335,342966,1,1,1,32,32,1,30,0.000,0.000,,,,,NVIDIA A100-SXM4-40GB MIG 4g.20gb (0),1,,13,"void convert_kernel<__half2, float2>(tensor_layout_any, T1 *, tensor_layout_any, const T2 *)"
5107357242,5600,342969,,,,,,,,,,0.094,16731.388,Pinned,Device,NVIDIA A100-SXM4-40GB MIG 4g.20gb (0),1,,13,[CUDA memcpy Host-to-Device]
5107371162,3456,342970,,,,,,,,,,1.547,447517.201,Device,,NVIDIA A100-SXM4-40GB MIG 4g.20gb (0),1,,13,[CUDA memset]
5107378362,3200,342975,,,,,,,,,,0.031,9780.000,Pinned,Device,NVIDIA A100-SXM4-40GB MIG 4g.20gb (0),1,,13,[CUDA memcpy Host-to-Device]
5107384058,9664,342976,,,,,,,,,,0.197,20344.209,Pinned,Device,NVIDIA A100-SXM4-40GB MIG 4g.20gb (0),1,,13,[CUDA memcpy Host-to-Device]
5107399769,6432,342977,273,1,1,8,4,1,39,0.002,0.000,,,,,NVIDIA A100-SXM4-40GB MIG 4g.20gb (0),1,,13,"void channel_eq::eqMmseCoefCompLowMimoKernel<float, float, float, (unsigned int)4, (unsigned int)1, (unsigned int)4>(const channel_eq::_puschRxChEqStatDescr *, channel_eq::_puschRxChEqCoefCompDynDescr)"
5107407193,5984,342978,273,1,1,12,11,1,51,0.002,0.000,,,,,NVIDIA A100-SXM4-40GB MIG 4g.20gb (0),1,,13,"void channel_eq::eqMmseSoftDemapKernel<float, __half, __half, float, (unsigned int)4, (unsigned short)16383>(channel_eq::_puschRxChEqStatDescr *, channel_eq::_puschRxChEqSoftDemapDynDescr)"
5107414233,282781,342979,1,1,1,32,32,1,30,0.000,0.000,,,,,NVIDIA A100-SXM4-40GB MIG 4g.20gb (0),1,,13,"void convert_kernel<float2, __half2>(tensor_layout_any, T1 *, tensor_layout_any, const T2 *)"
5107700854,11072,342991,2253,1,1,128,1,1,16,0.000,0.000,,,,,NVIDIA A100-SXM4-40GB MIG 4g.20gb (0),1,,13,cupy_copy__float16_float16
5107713590,3584,343000,282,1,1,128,1,1,16,0.000,0.000,,,,,NVIDIA A100-SXM4-40GB MIG 4g.20gb (0),1,,13,cupy_copy__complex64_complex64
5107718198,2015,343009,26,1,1,128,1,1,16,0.000,0.000,,,,,NVIDIA A100-SXM4-40GB MIG 4g.20gb (0),1,,13,cupy_copy__float32_float32
5107723509,3264,343018,103,1,1,128,1,1,16,0.000,0.000,,,,,NVIDIA A100-SXM4-40GB MIG 4g.20gb (0),1,,13,cupy_copy__complex64_complex64
5107727701,11904,343028,1434,1,1,128,1,1,16,0.000,0.000,,,,,NVIDIA A100-SXM4-40GB MIG 4g.20gb (0),1,,13,cupy_copy__complex64_complex64
5107743573,87551,343033,1,1,1,32,32,1,30,0.000,0.000,,,,,NVIDIA A100-SXM4-40GB MIG 4g.20gb (0),1,,13,"void convert_kernel<__half2, float2>(tensor_layout_any, T1 *, tensor_layout_any, const T2 *)"
5107858260,5600,343036,,,,,,,,,,0.094,16731.388,Pinned,Device,NVIDIA A100-SXM4-40GB MIG 4g.20gb (0),1,,13,[CUDA memcpy Host-to-Device]
5107867892,597432,343037,,,,,,,,,,456.561,763827.289,Device,,NVIDIA A100-SXM4-40GB MIG 4g.20gb (0),1,,13,[CUDA memset]
5108468972,134847,343042,,,,,,,,,,1.235,9157.110,Pinned,Device,NVIDIA A100-SXM4-40GB MIG 4g.20gb (0),1,,13,[CUDA memcpy Host-to-Device]
5108616778,40800,343043,,,,,,,,,,0.197,4818.665,Pinned,Device,NVIDIA A100-SXM4-40GB MIG 4g.20gb (0),1,,13,[CUDA memcpy Host-to-Device]
5108686058,8095,343044,69,4,1,48,1,1,76,0.002,0.000,,,,,NVIDIA A100-SXM4-40GB MIG 4g.20gb (0),1,,13,"void ch_est::windowedChEstPreNoDftSOfdmKernel<float, __half, float, (unsigned int)2, (unsigned int)1, (unsigned short)4>(ch_est::puschRxChEstStatDescr_t *, ch_est::puschRxChEstDynDescr_t *)"
5108703561,6720,343045,137,2,1,24,2,1,44,0.001,0.001,,,,,NVIDIA A100-SXM4-40GB MIG 4g.20gb (0),1,,13,"void ch_est::chEstFilterNoDftSOfdmDispatchKernel<float, __half, float, (unsigned int)2>(ch_est::puschRxChEstStatDescr_t *, ch_est::puschRxChEstDynDescr_t *)"
5108720777,4736,343046,137,2,1,24,2,1,44,0.001,0.001,,,,,NVIDIA A100-SXM4-40GB MIG 4g.20gb (0),1,,13,"void ch_est::chEstFilterNoDftSOfdmDispatchKernel<float, __half, float, (unsigned int)2>(ch_est::puschRxChEstStatDescr_t *, ch_est::puschRxChEstDynDescr_t *)"
5108737705,2528,343057,103,1,1,128,1,1,16,0.000,0.000,,,,,NVIDIA A100-SXM4-40GB MIG 4g.20gb (0),1,,13,cupy_copy__complex64_complex64
5108757097,12352,343067,1434,1,1,128,1,1,16,0.000,0.000,,,,,NVIDIA A100-SXM4-40GB MIG 4g.20gb (0),1,,13,cupy_copy__complex64_complex64
5108793544,2528,343074,103,1,1,128,1,1,16,0.000,0.000,,,,,NVIDIA A100-SXM4-40GB MIG 4g.20gb (0),1,,13,cupy_copy__complex64_complex64
5108807656,86847,343081,1,1,1,32,32,1,30,0.000,0.000,,,,,NVIDIA A100-SXM4-40GB MIG 4g.20gb (0),1,,13,"void convert_kernel<__half2, float2>(tensor_layout_any, T1 *, tensor_layout_any, const T2 *)"
5108924583,13183,343084,,,,,,,,,,0.094,7107.310,Pinned,Device,NVIDIA A100-SXM4-40GB MIG 4g.20gb (0),1,,13,[CUDA memcpy Host-to-Device]
5108950790,47328,343085,,,,,,,,,,35.810,756627.800,Device,,NVIDIA A100-SXM4-40GB MIG 4g.20gb (0),1,,13,[CUDA memset]
5108998470,7168,343087,,,,,,,,,,0.000,11.161,Pinned,Device,NVIDIA A100-SXM4-40GB MIG 4g.20gb (0),1,,13,[CUDA memcpy Host-to-Device]
5109009254,20575,343088,,,,,,,,,,0.197,9555.542,Pinned,Device,NVIDIA A100-SXM4-40GB MIG 4g.20gb (0),1,,13,[CUDA memcpy Host-to-Device]
5109046693,9632,343089,273,1,1,48,1,1,40,0.000,0.001,,,,,NVIDIA A100-SXM4-40GB MIG 4g.20gb (0),1,,13,"void pusch_noise_intf_est::noiseIntfEstNoDftSOfdmKernel<float, __half, float, float, (unsigned int)2, (unsigned int)1, (unsigned char)4, (unsigned char)4>(pusch_noise_intf_est::puschRxNoiseIntfEstDynDescr)"
5109067045,3072,343100,35,1,1,128,1,1,16,0.000,0.000,,,,,NVIDIA A100-SXM4-40GB MIG 4g.20gb (0),1,,13,cupy_copy__complex64_complex64
5109076933,1696,343109,1,1,1,1,1,1,18,0.000,0.000,,,,,NVIDIA A100-SXM4-40GB MIG 4g.20gb (0),1,,13,cupy_copy__float32_float32
5109085189,6592,343115,,,,,,,,,,0.000,0.607,Device,Pageable,NVIDIA A100-SXM4-40GB MIG 4g.20gb (0),1,,7,[CUDA memcpy Device-to-Host]
5109169988,12863,343126,1434,1,1,128,1,1,16,0.000,0.000,,,,,NVIDIA A100-SXM4-40GB MIG 4g.20gb (0),1,,13,cupy_copy__complex64_complex64
5109190499,2720,343133,103,1,1,128,1,1,16,0.000,0.000,,,,,NVIDIA A100-SXM4-40GB MIG 4g.20gb (0),1,,13,cupy_copy__complex64_complex64
5109218115,2720,343140,35,1,1,128,1,1,16,0.000,0.000,,,,,NVIDIA A100-SXM4-40GB MIG 4g.20gb (0),1,,13,cupy_copy__complex64_complex64
5109231299,1760,343147,1,1,1,1,1,1,18,0.000,0.000,,,,,NVIDIA A100-SXM4-40GB MIG 4g.20gb (0),1,,13,cupy_copy__float32_float32
5109359073,87423,343158,1,1,1,32,32,1,30,0.000,0.000,,,,,NVIDIA A100-SXM4-40GB MIG 4g.20gb (0),1,,13,"void convert_kernel<__half2, float2>(tensor_layout_any, T1 *, tensor_layout_any, const T2 *)"
5109473632,5824,343161,,,,,,,,,,0.094,16087.884,Pinned,Device,NVIDIA A100-SXM4-40GB MIG 4g.20gb (0),1,,13,[CUDA memcpy Host-to-Device]
5109489024,3200,343162,,,,,,,,,,1.547,483320.000,Device,,NVIDIA A100-SXM4-40GB MIG 4g.20gb (0),1,,13,[CUDA memset]
5109494784,3136,343167,,,,,,,,,,0.031,9979.575,Pinned,Device,NVIDIA A100-SXM4-40GB MIG 4g.20gb (0),1,,13,[CUDA memcpy Host-to-Device]
5109500032,10175,343168,,,,,,,,,,0.197,19322.634,Pinned,Device,NVIDIA A100-SXM4-40GB MIG 4g.20gb (0),1,,13,[CUDA memcpy Host-to-Device]
5109516063,6368,343169,273,1,1,8,4,1,39,0.002,0.000,,,,,NVIDIA A100-SXM4-40GB MIG 4g.20gb (0),1,,13,"void channel_eq::eqMmseCoefCompLowMimoKernel<float, float, float, (unsigned int)4, (unsigned int)1, (unsigned int)4>(const channel_eq::_puschRxChEqStatDescr *, channel_eq::_puschRxChEqCoefCompDynDescr)"
5109523423,6496,343170,273,1,1,12,11,1,51,0.002,0.000,,,,,NVIDIA A100-SXM4-40GB MIG 4g.20gb (0),1,,13,"void channel_eq::eqMmseSoftDemapKernel<float, __half, __half, float, (unsigned int)4, (unsigned short)16383>(channel_eq::_puschRxChEqStatDescr *, channel_eq::_puschRxChEqSoftDemapDynDescr)"
5109531007,282749,343171,1,1,1,32,32,1,30,0.000,0.000,,,,,NVIDIA A100-SXM4-40GB MIG 4g.20gb (0),1,,13,"void convert_kernel<float2, __half2>(tensor_layout_any, T1 *, tensor_layout_any, const T2 *)"
5109816444,11072,343183,2253,1,1,128,1,1,16,0.000,0.000,,,,,NVIDIA A100-SXM4-40GB MIG 4g.20gb (0),1,,13,cupy_copy__float16_float16
5109830171,3168,343192,282,1,1,128,1,1,16,0.000,0.000,,,,,NVIDIA A100-SXM4-40GB MIG 4g.20gb (0),1,,13,cupy_copy__complex64_complex64
5109834459,2240,343201,26,1,1,128,1,1,16,0.000,0.000,,,,,NVIDIA A100-SXM4-40GB MIG 4g.20gb (0),1,,13,cupy_copy__float32_float32
5109839995,2880,343210,103,1,1,128,1,1,16,0.000,0.000,,,,,NVIDIA A100-SXM4-40GB MIG 4g.20gb (0),1,,13,cupy_copy__complex64_complex64
5109846043,12032,343220,1434,1,1,128,1,1,16,0.000,0.000,,,,,NVIDIA A100-SXM4-40GB MIG 4g.20gb (0),1,,13,cupy_copy__complex64_complex64
5109861307,81343,343225,1,1,1,32,32,1,30,0.000,0.000,,,,,NVIDIA A100-SXM4-40GB MIG 4g.20gb (0),1,,13,"void convert_kernel<__half2, float2>(tensor_layout_any, T1 *, tensor_layout_any, const T2 *)"
5109970586,5696,343228,,,,,,,,,,0.094,16449.363,Pinned,Device,NVIDIA A100-SXM4-40GB MIG 4g.20gb (0),1,,13,[CUDA memcpy Host-to-Device]
5109982682,596088,343229,,,,,,,,,,456.561,765653.535,Device,,NVIDIA A100-SXM4-40GB MIG 4g.20gb (0),1,,13,[CUDA memset]
5110584626,147678,343234,,,,,,,,,,1.235,8361.806,Pinned,Device,NVIDIA A100-SXM4-40GB MIG 4g.20gb (0),1,,13,[CUDA memcpy Host-to-Device]
5110739824,32000,343235,,,,,,,,,,0.197,6144.000,Pinned,Device,NVIDIA A100-SXM4-40GB MIG 4g.20gb (0),1,,13,[CUDA memcpy Host-to-Device]
5110789392,8608,343236,69,4,1,48,1,1,76,0.002,0.000,,,,,NVIDIA A100-SXM4-40GB MIG 4g.20gb (0),1,,13,"void ch_est::windowedChEstPreNoDftSOfdmKernel<float, __half, float, (unsigned int)2, (unsigned int)1, (unsigned short)4>(ch_est::puschRxChEstStatDescr_t *, ch_est::puschRxChEstDynDescr_t *)"
5110805231,7040,343237,137,2,1,24,2,1,44,0.001,0.001,,,,,NVIDIA A100-SXM4-40GB MIG 4g.20gb (0),1,,13,"void ch_est::chEstFilterNoDftSOfdmDispatchKernel<float, __half, float, (unsigned int)2>(ch_est::puschRxChEstStatDescr_t *, ch_est::puschRxChEstDynDescr_t *)"
5110818991,4736,343238,137,2,1,24,2,1,44,0.001,0.001,,,,,NVIDIA A100-SXM4-40GB MIG 4g.20gb (0),1,,13,"void ch_est::chEstFilterNoDftSOfdmDispatchKernel<float, __half, float, (unsigned int)2>(ch_est::puschRxChEstStatDescr_t *, ch_est::puschRxChEstDynDescr_t *)"
5110832815,2656,343249,103,1,1,128,1,1,16,0.000,0.000,,,,,NVIDIA A100-SXM4-40GB MIG 4g.20gb (0),1,,13,cupy_copy__complex64_complex64
5110846703,12448,343259,1434,1,1,128,1,1,16,0.000,0.000,,,,,NVIDIA A100-SXM4-40GB MIG 4g.20gb (0),1,,13,cupy_copy__complex64_complex64
5110860879,2592,343266,103,1,1,128,1,1,16,0.000,0.000,,,,,NVIDIA A100-SXM4-40GB MIG 4g.20gb (0),1,,13,cupy_copy__complex64_complex64
5110881711,87166,343273,1,1,1,32,32,1,30,0.000,0.000,,,,,NVIDIA A100-SXM4-40GB MIG 4g.20gb (0),1,,13,"void convert_kernel<__half2, float2>(tensor_layout_any, T1 *, tensor_layout_any, const T2 *)"
5111000813,25728,343276,,,,,,,,,,0.094,3641.776,Pinned,Device,NVIDIA A100-SXM4-40GB MIG 4g.20gb (0),1,,13,[CUDA memcpy Host-to-Device]
5111055596,46240,343277,,,,,,,,,,35.810,774425.330,Device,,NVIDIA A100-SXM4-40GB MIG 4g.20gb (0),1,,13,[CUDA memset]
5111109548,7424,343279,,,,,,,,,,0.000,10.776,Pinned,Device,NVIDIA A100-SXM4-40GB MIG 4g.20gb (0),1,,13,[CUDA memcpy Host-to-Device]
5111125516,26335,343280,,,,,,,,,,0.197,7465.599,Pinned,Device,NVIDIA A100-SXM4-40GB MIG 4g.20gb (0),1,,13,[CUDA memcpy Host-to-Device]
5111168235,10272,343281,273,1,1,48,1,1,40,0.000,0.001,,,,,NVIDIA A100-SXM4-40GB MIG 4g.20gb (0),1,,13,"void pusch_noise_intf_est::noiseIntfEstNoDftSOfdmKernel<float, __half, float, float, (unsigned int)2, (unsigned int)1, (unsigned char)4, (unsigned char)4>(pusch_noise_intf_est::puschRxNoiseIntfEstDynDescr)"
5111185835,2656,343292,35,1,1,128,1,1,16,0.000,0.000,,,,,NVIDIA A100-SXM4-40GB MIG 4g.20gb (0),1,,13,cupy_copy__complex64_complex64
5111195403,1728,343301,1,1,1,1,1,1,18,0.000,0.000,,,,,NVIDIA A100-SXM4-40GB MIG 4g.20gb (0),1,,13,cupy_copy__float32_float32
5111202795,5120,343307,,,,,,,,,,0.000,0.781,Device,Pageable,NVIDIA A100-SXM4-40GB MIG 4g.20gb (0),1,,7,[CUDA memcpy Device-to-Host]
5111281098,12799,343318,1434,1,1,128,1,1,16,0.000,0.000,,,,,NVIDIA A100-SXM4-40GB MIG 4g.20gb (0),1,,13,cupy_copy__complex64_complex64
5111309449,2880,343325,103,1,1,128,1,1,16,0.000,0.000,,,,,NVIDIA A100-SXM4-40GB MIG 4g.20gb (0),1,,13,cupy_copy__complex64_complex64
5111333161,2592,343332,35,1,1,128,1,1,16,0.000,0.000,,,,,NVIDIA A100-SXM4-40GB MIG 4g.20gb (0),1,,13,cupy_copy__complex64_complex64
5111347689,1920,343339,1,1,1,1,1,1,18,0.000,0.000,,,,,NVIDIA A100-SXM4-40GB MIG 4g.20gb (0),1,,13,cupy_copy__float32_float32
5111475559,86975,343350,1,1,1,32,32,1,30,0.000,0.000,,,,,NVIDIA A100-SXM4-40GB MIG 4g.20gb (0),1,,13,"void convert_kernel<__half2, float2>(tensor_layout_any, T1 *, tensor_layout_any, const T2 *)"
5111592614,9088,343353,,,,,,,,,,0.094,10309.839,Pinned,Device,NVIDIA A100-SXM4-40GB MIG 4g.20gb (0),1,,13,[CUDA memcpy Host-to-Device]
5111615237,3424,343354,,,,,,,,,,1.547,451700.819,Device,,NVIDIA A100-SXM4-40GB MIG 4g.20gb (0),1,,13,[CUDA memset]
5111622629,4704,343359,,,,,,,,,,0.031,6653.060,Pinned,Device,NVIDIA A100-SXM4-40GB MIG 4g.20gb (0),1,,13,[CUDA memcpy Host-to-Device]
5111632133,11104,343360,,,,,,,,,,0.197,17705.927,Pinned,Device,NVIDIA A100-SXM4-40GB MIG 4g.20gb (0),1,,13,[CUDA memcpy Host-to-Device]
5111649925,6752,343361,273,1,1,8,4,1,39,0.002,0.000,,,,,NVIDIA A100-SXM4-40GB MIG 4g.20gb (0),1,,13,"void channel_eq::eqMmseCoefCompLowMimoKernel<float, float, float, (unsigned int)4, (unsigned int)1, (unsigned int)4>(const channel_eq::_puschRxChEqStatDescr *, channel_eq::_puschRxChEqCoefCompDynDescr)"
5111659621,6496,343362,273,1,1,12,11,1,51,0.002,0.000,,,,,NVIDIA A100-SXM4-40GB MIG 4g.20gb (0),1,,13,"void channel_eq::eqMmseSoftDemapKernel<float, __half, __half, float, (unsigned int)4, (unsigned short)16383>(channel_eq::_puschRxChEqStatDescr *, channel_eq::_puschRxChEqSoftDemapDynDescr)"
5111669605,294524,343363,1,1,1,32,32,1,30,0.000,0.000,,,,,NVIDIA A100-SXM4-40GB MIG 4g.20gb (0),1,,13,"void convert_kernel<float2, __half2>(tensor_layout_any, T1 *, tensor_layout_any, const T2 *)"
5111965153,10848,343375,2253,1,1,128,1,1,16,0.000,0.000,,,,,NVIDIA A100-SXM4-40GB MIG 4g.20gb (0),1,,13,cupy_copy__float16_float16
5111980065,3584,343384,282,1,1,128,1,1,16,0.000,0.000,,,,,NVIDIA A100-SXM4-40GB MIG 4g.20gb (0),1,,13,cupy_copy__complex64_complex64
5111987201,2016,343393,26,1,1,128,1,1,16,0.000,0.000,,,,,NVIDIA A100-SXM4-40GB MIG 4g.20gb (0),1,,13,cupy_copy__float32_float32
5111992097,2944,343402,103,1,1,128,1,1,16,0.000,0.000,,,,,NVIDIA A100-SXM4-40GB MIG 4g.20gb (0),1,,13,cupy_copy__complex64_complex64
5111996065,12032,343412,1434,1,1,128,1,1,16,0.000,0.000,,,,,NVIDIA A100-SXM4-40GB MIG 4g.20gb (0),1,,13,cupy_copy__complex64_complex64
5112010913,87807,343417,1,1,1,32,32,1,30,0.000,0.000,,,,,NVIDIA A100-SXM4-40GB MIG 4g.20gb (0),1,,13,"void convert_kernel<__half2, float2>(tensor_layout_any, T1 *, tensor_layout_any, const T2 *)"
5112126239,5760,343420,,,,,,,,,,0.094,16266.656,Pinned,Device,NVIDIA A100-SXM4-40GB MIG 4g.20gb (0),1,,13,[CUDA memcpy Host-to-Device]
5112136159,602777,343421,,,,,,,,,,456.561,756978.868,Device,,NVIDIA A100-SXM4-40GB MIG 4g.20gb (0),1,,13,[CUDA memset]
5112746968,160318,343426,,,,,,,,,,1.235,7702.346,Pinned,Device,NVIDIA A100-SXM4-40GB MIG 4g.20gb (0),1,,13,[CUDA memcpy Host-to-Device]
5112915541,41216,343427,,,,,,,,,,0.197,4770.103,Pinned,Device,NVIDIA A100-SXM4-40GB MIG 4g.20gb (0),1,,13,[CUDA memcpy Host-to-Device]
5112986197,7776,343428,69,4,1,48,1,1,76,0.002,0.000,,,,,NVIDIA A100-SXM4-40GB MIG 4g.20gb (0),1,,13,"void ch_est::windowedChEstPreNoDftSOfdmKernel<float, __half, float, (unsigned int)2, (unsigned int)1, (unsigned short)4>(ch_est::puschRxChEstStatDescr_t *, ch_est::puschRxChEstDynDescr_t *)"
5113005876,6720,343429,137,2,1,24,2,1,44,0.001,0.001,,,,,NVIDIA A100-SXM4-40GB MIG 4g.20gb (0),1,,13,"void ch_est::chEstFilterNoDftSOfdmDispatchKernel<float, __half, float, (unsigned int)2>(ch_est::puschRxChEstStatDescr_t *, ch_est::puschRxChEstDynDescr_t *)"
5113023988,4704,343430,137,2,1,24,2,1,44,0.001,0.001,,,,,NVIDIA A100-SXM4-40GB MIG 4g.20gb (0),1,,13,"void ch_est::chEstFilterNoDftSOfdmDispatchKernel<float, __half, float, (unsigned int)2>(ch_est::puschRxChEstStatDescr_t *, ch_est::puschRxChEstDynDescr_t *)"
5113041492,2720,343441,103,1,1,128,1,1,16,0.000,0.000,,,,,NVIDIA A100-SXM4-40GB MIG 4g.20gb (0),1,,13,cupy_copy__complex64_complex64
5113058260,12448,343451,1434,1,1,128,1,1,16,0.000,0.000,,,,,NVIDIA A100-SXM4-40GB MIG 4g.20gb (0),1,,13,cupy_copy__complex64_complex64
5113077907,2528,343458,103,1,1,128,1,1,16,0.000,0.000,,,,,NVIDIA A100-SXM4-40GB MIG 4g.20gb (0),1,,13,cupy_copy__complex64_complex64
5113100307,87935,343465,1,1,1,32,32,1,30,0.000,0.000,,,,,NVIDIA A100-SXM4-40GB MIG 4g.20gb (0),1,,13,"void convert_kernel<__half2, float2>(tensor_layout_any, T1 *, tensor_layout_any, const T2 *)"
5113220370,19423,343468,,,,,,,,,,0.094,4823.939,Pinned,Device,NVIDIA A100-SXM4-40GB MIG 4g.20gb (0),1,,13,[CUDA memcpy Host-to-Device]
5113260465,47232,343469,,,,,,,,,,35.810,758167.626,Device,,NVIDIA A100-SXM4-40GB MIG 4g.20gb (0),1,,13,[CUDA memset]
5113314577,6591,343471,,,,,,,,,,0.000,12.138,Pinned,Device,NVIDIA A100-SXM4-40GB MIG 4g.20gb (0),1,,13,[CUDA memcpy Host-to-Device]
5113330544,21312,343472,,,,,,,,,,0.197,9225.044,Pinned,Device,NVIDIA A100-SXM4-40GB MIG 4g.20gb (0),1,,13,[CUDA memcpy Host-to-Device]
5113374544,9568,343473,273,1,1,48,1,1,40,0.000,0.001,,,,,NVIDIA A100-SXM4-40GB MIG 4g.20gb (0),1,,13,"void pusch_noise_intf_est::noiseIntfEstNoDftSOfdmKernel<float, __half, float, float, (unsigned int)2, (unsigned int)1, (unsigned char)4, (unsigned char)4>(pusch_noise_intf_est::puschRxNoiseIntfEstDynDescr)"
5113388784,2784,343484,35,1,1,128,1,1,16,0.000,0.000,,,,,NVIDIA A100-SXM4-40GB MIG 4g.20gb (0),1,,13,cupy_copy__complex64_complex64
5113401135,1696,343493,1,1,1,1,1,1,18,0.000,0.000,,,,,NVIDIA A100-SXM4-40GB MIG 4g.20gb (0),1,,13,cupy_copy__float32_float32
5113407759,5216,343499,,,,,,,,,,0.000,0.767,Device,Pageable,NVIDIA A100-SXM4-40GB MIG 4g.20gb (0),1,,7,[CUDA memcpy Device-to-Host]
5113486958,12928,343510,1434,1,1,128,1,1,16,0.000,0.000,,,,,NVIDIA A100-SXM4-40GB MIG 4g.20gb (0),1,,13,cupy_copy__complex64_complex64
5113513646,2880,343517,103,1,1,128,1,1,16,0.000,0.000,,,,,NVIDIA A100-SXM4-40GB MIG 4g.20gb (0),1,,13,cupy_copy__complex64_complex64
5113533902,2304,343524,35,1,1,128,1,1,16,0.000,0.000,,,,,NVIDIA A100-SXM4-40GB MIG 4g.20gb (0),1,,13,cupy_copy__complex64_complex64
5113549390,1856,343531,1,1,1,1,1,1,18,0.000,0.000,,,,,NVIDIA A100-SXM4-40GB MIG 4g.20gb (0),1,,13,cupy_copy__float32_float32
5113680364,87455,343542,1,1,1,32,32,1,30,0.000,0.000,,,,,NVIDIA A100-SXM4-40GB MIG 4g.20gb (0),1,,13,"void convert_kernel<__half2, float2>(tensor_layout_any, T1 *, tensor_layout_any, const T2 *)"
5113794859,5952,343545,,,,,,,,,,0.094,15741.865,Pinned,Device,NVIDIA A100-SXM4-40GB MIG 4g.20gb (0),1,,13,[CUDA memcpy Host-to-Device]
5113808650,3488,343546,,,,,,,,,,1.547,443412.461,Device,,NVIDIA A100-SXM4-40GB MIG 4g.20gb (0),1,,13,[CUDA memset]
5113815498,3328,343551,,,,,,,,,,0.031,9403.822,Pinned,Device,NVIDIA A100-SXM4-40GB MIG 4g.20gb (0),1,,13,[CUDA memcpy Host-to-Device]
5113821354,9696,343552,,,,,,,,,,0.197,20277.166,Pinned,Device,NVIDIA A100-SXM4-40GB MIG 4g.20gb (0),1,,13,[CUDA memcpy Host-to-Device]
5113836970,7616,343553,273,1,1,8,4,1,39,0.002,0.000,,,,,NVIDIA A100-SXM4-40GB MIG 4g.20gb (0),1,,13,"void channel_eq::eqMmseCoefCompLowMimoKernel<float, float, float, (unsigned int)4, (unsigned int)1, (unsigned int)4>(const channel_eq::_puschRxChEqStatDescr *, channel_eq::_puschRxChEqCoefCompDynDescr)"
5113847722,6176,343554,273,1,1,12,11,1,51,0.002,0.000,,,,,NVIDIA A100-SXM4-40GB MIG 4g.20gb (0),1,,13,"void channel_eq::eqMmseSoftDemapKernel<float, __half, __half, float, (unsigned int)4, (unsigned short)16383>(channel_eq::_puschRxChEqStatDescr *, channel_eq::_puschRxChEqSoftDemapDynDescr)"
5113855146,289884,343555,1,1,1,32,32,1,30,0.000,0.000,,,,,NVIDIA A100-SXM4-40GB MIG 4g.20gb (0),1,,13,"void convert_kernel<float2, __half2>(tensor_layout_any, T1 *, tensor_layout_any, const T2 *)"
5114146086,11072,343567,2253,1,1,128,1,1,16,0.000,0.000,,,,,NVIDIA A100-SXM4-40GB MIG 4g.20gb (0),1,,13,cupy_copy__float16_float16
5114160134,3776,343576,282,1,1,128,1,1,16,0.000,0.000,,,,,NVIDIA A100-SXM4-40GB MIG 4g.20gb (0),1,,13,cupy_copy__complex64_complex64
5114167430,2016,343585,26,1,1,128,1,1,16,0.000,0.000,,,,,NVIDIA A100-SXM4-40GB MIG 4g.20gb (0),1,,13,cupy_copy__float32_float32
5114171334,3072,343594,103,1,1,128,1,1,16,0.000,0.000,,,,,NVIDIA A100-SXM4-40GB MIG 4g.20gb (0),1,,13,cupy_copy__complex64_complex64
5114175366,11776,343604,1434,1,1,128,1,1,16,0.000,0.000,,,,,NVIDIA A100-SXM4-40GB MIG 4g.20gb (0),1,,13,cupy_copy__complex64_complex64
5114188870,82271,343609,1,1,1,32,32,1,30,0.000,0.000,,,,,NVIDIA A100-SXM4-40GB MIG 4g.20gb (0),1,,13,"void convert_kernel<__half2, float2>(tensor_layout_any, T1 *, tensor_layout_any, const T2 *)"
5114298468,5760,343612,,,,,,,,,,0.094,16266.656,Pinned,Device,NVIDIA A100-SXM4-40GB MIG 4g.20gb (0),1,,13,[CUDA memcpy Host-to-Device]
5114310980,596473,343613,,,,,,,,,,456.561,765196.973,Device,,NVIDIA A100-SXM4-40GB MIG 4g.20gb (0),1,,13,[CUDA memset]
5114910653,99487,343618,,,,,,,,,,1.235,12412.422,Pinned,Device,NVIDIA A100-SXM4-40GB MIG 4g.20gb (0),1,,13,[CUDA memcpy Host-to-Device]
5115018940,32031,343619,,,,,,,,,,0.197,6137.905,Pinned,Device,NVIDIA A100-SXM4-40GB MIG 4g.20gb (0),1,,13,[CUDA memcpy Host-to-Device]
5115068283,8064,343620,69,4,1,48,1,1,76,0.002,0.000,,,,,NVIDIA A100-SXM4-40GB MIG 4g.20gb (0),1,,13,"void ch_est::windowedChEstPreNoDftSOfdmKernel<float, __half, float, (unsigned int)2, (unsigned int)1, (unsigned short)4>(ch_est::puschRxChEstStatDescr_t *, ch_est::puschRxChEstDynDescr_t *)"
5115084859,6656,343621,137,2,1,24,2,1,44,0.001,0.001,,,,,NVIDIA A100-SXM4-40GB MIG 4g.20gb (0),1,,13,"void ch_est::chEstFilterNoDftSOfdmDispatchKernel<float, __half, float, (unsigned int)2>(ch_est::puschRxChEstStatDescr_t *, ch_est::puschRxChEstDynDescr_t *)"
5115101275,4991,343622,137,2,1,24,2,1,44,0.001,0.001,,,,,NVIDIA A100-SXM4-40GB MIG 4g.20gb (0),1,,13,"void ch_est::chEstFilterNoDftSOfdmDispatchKernel<float, __half, float, (unsigned int)2>(ch_est::puschRxChEstStatDescr_t *, ch_est::puschRxChEstDynDescr_t *)"
5115115994,2688,343633,103,1,1,128,1,1,16,0.000,0.000,,,,,NVIDIA A100-SXM4-40GB MIG 4g.20gb (0),1,,13,cupy_copy__complex64_complex64
5115131290,12704,343643,1434,1,1,128,1,1,16,0.000,0.000,,,,,NVIDIA A100-SXM4-40GB MIG 4g.20gb (0),1,,13,cupy_copy__complex64_complex64
5115166138,2368,343650,103,1,1,128,1,1,16,0.000,0.000,,,,,NVIDIA A100-SXM4-40GB MIG 4g.20gb (0),1,,13,cupy_copy__complex64_complex64
5115182458,88798,343657,1,1,1,32,32,1,30,0.000,0.000,,,,,NVIDIA A100-SXM4-40GB MIG 4g.20gb (0),1,,13,"void convert_kernel<__half2, float2>(tensor_layout_any, T1 *, tensor_layout_any, const T2 *)"
5115302968,24928,343660,,,,,,,,,,0.094,3758.615,Pinned,Device,NVIDIA A100-SXM4-40GB MIG 4g.20gb (0),1,,13,[CUDA memcpy Host-to-Device]
5115354263,46656,343661,,,,,,,,,,35.810,767514.015,Device,,NVIDIA A100-SXM4-40GB MIG 4g.20gb (0),1,,13,[CUDA memset]
5115404247,14720,343663,,,,,,,,,,0.000,5.435,Pinned,Device,NVIDIA A100-SXM4-40GB MIG 4g.20gb (0),1,,13,[CUDA memcpy Host-to-Device]
5115430710,27200,343664,,,,,,,,,,0.197,7228.097,Pinned,Device,NVIDIA A100-SXM4-40GB MIG 4g.20gb (0),1,,13,[CUDA memcpy Host-to-Device]
5115481302,9824,343665,273,1,1,48,1,1,40,0.000,0.001,,,,,NVIDIA A100-SXM4-40GB MIG 4g.20gb (0),1,,13,"void pusch_noise_intf_est::noiseIntfEstNoDftSOfdmKernel<float, __half, float, float, (unsigned int)2, (unsigned int)1, (unsigned char)4, (unsigned char)4>(pusch_noise_intf_est::puschRxNoiseIntfEstDynDescr)"
5115498166,2688,343676,35,1,1,128,1,1,16,0.000,0.000,,,,,NVIDIA A100-SXM4-40GB MIG 4g.20gb (0),1,,13,cupy_copy__complex64_complex64
5115514389,1824,343685,1,1,1,1,1,1,18,0.000,0.000,,,,,NVIDIA A100-SXM4-40GB MIG 4g.20gb (0),1,,13,cupy_copy__float32_float32
5115523317,7296,343691,,,,,,,,,,0.000,0.548,Device,Pageable,NVIDIA A100-SXM4-40GB MIG 4g.20gb (0),1,,7,[CUDA memcpy Device-to-Host]
5115622036,12704,343702,1434,1,1,128,1,1,16,0.000,0.000,,,,,NVIDIA A100-SXM4-40GB MIG 4g.20gb (0),1,,13,cupy_copy__complex64_complex64
5115644212,3360,343709,103,1,1,128,1,1,16,0.000,0.000,,,,,NVIDIA A100-SXM4-40GB MIG 4g.20gb (0),1,,13,cupy_copy__complex64_complex64
5115665844,2592,343716,35,1,1,128,1,1,16,0.000,0.000,,,,,NVIDIA A100-SXM4-40GB MIG 4g.20gb (0),1,,13,cupy_copy__complex64_complex64
5115687987,1792,343723,1,1,1,1,1,1,18,0.000,0.000,,,,,NVIDIA A100-SXM4-40GB MIG 4g.20gb (0),1,,13,cupy_copy__float32_float32
5115817362,88255,343734,1,1,1,32,32,1,30,0.000,0.000,,,,,NVIDIA A100-SXM4-40GB MIG 4g.20gb (0),1,,13,"void convert_kernel<__half2, float2>(tensor_layout_any, T1 *, tensor_layout_any, const T2 *)"
5115934384,5472,343737,,,,,,,,,,0.094,17122.757,Pinned,Device,NVIDIA A100-SXM4-40GB MIG 4g.20gb (0),1,,13,[CUDA memcpy Host-to-Device]
5115948112,3328,343738,,,,,,,,,,1.547,464729.580,Device,,NVIDIA A100-SXM4-40GB MIG 4g.20gb (0),1,,13,[CUDA memset]
5115955216,3264,343743,,,,,,,,,,0.031,9588.218,Pinned,Device,NVIDIA A100-SXM4-40GB MIG 4g.20gb (0),1,,13,[CUDA memcpy Host-to-Device]
5115960976,9376,343744,,,,,,,,,,0.197,20969.226,Pinned,Device,NVIDIA A100-SXM4-40GB MIG 4g.20gb (0),1,,13,[CUDA memcpy Host-to-Device]
5115974256,5920,343745,273,1,1,8,4,1,39,0.002,0.000,,,,,NVIDIA A100-SXM4-40GB MIG 4g.20gb (0),1,,13,"void channel_eq::eqMmseCoefCompLowMimoKernel<float, float, float, (unsigned int)4, (unsigned int)1, (unsigned int)4>(const channel_eq::_puschRxChEqStatDescr *, channel_eq::_puschRxChEqCoefCompDynDescr)"
5115982992,5632,343746,273,1,1,12,11,1,51,0.002,0.000,,,,,NVIDIA A100-SXM4-40GB MIG 4g.20gb (0),1,,13,"void channel_eq::eqMmseSoftDemapKernel<float, __half, __half, float, (unsigned int)4, (unsigned short)16383>(channel_eq::_puschRxChEqStatDescr *, channel_eq::_puschRxChEqSoftDemapDynDescr)"
5115991280,279452,343747,1,1,1,32,32,1,30,0.000,0.000,,,,,NVIDIA A100-SXM4-40GB MIG 4g.20gb (0),1,,13,"void convert_kernel<float2, __half2>(tensor_layout_any, T1 *, tensor_layout_any, const T2 *)"
5116271820,11136,343759,2253,1,1,128,1,1,16,0.000,0.000,,,,,NVIDIA A100-SXM4-40GB MIG 4g.20gb (0),1,,13,cupy_copy__float16_float16
5116284780,3680,343768,282,1,1,128,1,1,16,0.000,0.000,,,,,NVIDIA A100-SXM4-40GB MIG 4g.20gb (0),1,,13,cupy_copy__complex64_complex64
5116289420,2048,343777,26,1,1,128,1,1,16,0.000,0.000,,,,,NVIDIA A100-SXM4-40GB MIG 4g.20gb (0),1,,13,cupy_copy__float32_float32
5116294668,4704,343786,103,1,1,128,1,1,16,0.000,0.000,,,,,NVIDIA A100-SXM4-40GB MIG 4g.20gb (0),1,,13,cupy_copy__complex64_complex64
5116301900,12096,343796,1434,1,1,128,1,1,16,0.000,0.000,,,,,NVIDIA A100-SXM4-40GB MIG 4g.20gb (0),1,,13,cupy_copy__complex64_complex64
5116318892,82527,343801,1,1,1,32,32,1,30,0.000,0.000,,,,,NVIDIA A100-SXM4-40GB MIG 4g.20gb (0),1,,13,"void convert_kernel<__half2, float2>(tensor_layout_any, T1 *, tensor_layout_any, const T2 *)"
5116428970,5536,343804,,,,,,,,,,0.094,16924.777,Pinned,Device,NVIDIA A100-SXM4-40GB MIG 4g.20gb (0),1,,13,[CUDA memcpy Host-to-Device]
5116439210,596697,343805,,,,,,,,,,456.561,764740.412,Device,,NVIDIA A100-SXM4-40GB MIG 4g.20gb (0),1,,13,[CUDA memset]
5117037411,151294,343810,,,,,,,,,,1.235,8161.745,Pinned,Device,NVIDIA A100-SXM4-40GB MIG 4g.20gb (0),1,,13,[CUDA memcpy Host-to-Device]
5117199937,31263,343811,,,,,,,,,,0.197,6288.703,Pinned,Device,NVIDIA A100-SXM4-40GB MIG 4g.20gb (0),1,,13,[CUDA memcpy Host-to-Device]
5117242432,8160,343812,69,4,1,48,1,1,76,0.002,0.000,,,,,NVIDIA A100-SXM4-40GB MIG 4g.20gb (0),1,,13,"void ch_est::windowedChEstPreNoDftSOfdmKernel<float, __half, float, (unsigned int)2, (unsigned int)1, (unsigned short)4>(ch_est::puschRxChEstStatDescr_t *, ch_est::puschRxChEstDynDescr_t *)"
5117255168,7328,343813,137,2,1,24,2,1,44,0.001,0.001,,,,,NVIDIA A100-SXM4-40GB MIG 4g.20gb (0),1,,13,"void ch_est::chEstFilterNoDftSOfdmDispatchKernel<float, __half, float, (unsigned int)2>(ch_est::puschRxChEstStatDescr_t *, ch_est::puschRxChEstDynDescr_t *)"
5117269408,5280,343814,137,2,1,24,2,1,44,0.001,0.001,,,,,NVIDIA A100-SXM4-40GB MIG 4g.20gb (0),1,,13,"void ch_est::chEstFilterNoDftSOfdmDispatchKernel<float, __half, float, (unsigned int)2>(ch_est::puschRxChEstStatDescr_t *, ch_est::puschRxChEstDynDescr_t *)"
5117280448,2496,343825,103,1,1,128,1,1,16,0.000,0.000,,,,,NVIDIA A100-SXM4-40GB MIG 4g.20gb (0),1,,13,cupy_copy__complex64_complex64
5117285376,12575,343835,1434,1,1,128,1,1,16,0.000,0.000,,,,,NVIDIA A100-SXM4-40GB MIG 4g.20gb (0),1,,13,cupy_copy__complex64_complex64
5117305375,2784,343842,103,1,1,128,1,1,16,0.000,0.000,,,,,NVIDIA A100-SXM4-40GB MIG 4g.20gb (0),1,,13,cupy_copy__complex64_complex64
5117310527,87615,343849,1,1,1,32,32,1,30,0.000,0.000,,,,,NVIDIA A100-SXM4-40GB MIG 4g.20gb (0),1,,13,"void convert_kernel<__half2, float2>(tensor_layout_any, T1 *, tensor_layout_any, const T2 *)"
5117425086,5568,343852,,,,,,,,,,0.094,16827.521,Pinned,Device,NVIDIA A100-SXM4-40GB MIG 4g.20gb (0),1,,13,[CUDA memcpy Host-to-Device]
5117436734,47391,343853,,,,,,,,,,35.810,755625.122,Device,,NVIDIA A100-SXM4-40GB MIG 4g.20gb (0),1,,13,[CUDA memset]
5117490397,2944,343855,,,,,,,,,,0.000,27.174,Pinned,Device,NVIDIA A100-SXM4-40GB MIG 4g.20gb (0),1,,13,[CUDA memcpy Host-to-Device]
5117497725,11264,343856,,,,,,,,,,0.197,17454.465,Pinned,Device,NVIDIA A100-SXM4-40GB MIG 4g.20gb (0),1,,13,[CUDA memcpy Host-to-Device]
5117517949,9696,343857,273,1,1,48,1,1,40,0.000,0.001,,,,,NVIDIA A100-SXM4-40GB MIG 4g.20gb (0),1,,13,"void pusch_noise_intf_est::noiseIntfEstNoDftSOfdmKernel<float, __half, float, float, (unsigned int)2, (unsigned int)1, (unsigned char)4, (unsigned char)4>(pusch_noise_intf_est::puschRxNoiseIntfEstDynDescr)"
5117530461,2848,343868,35,1,1,128,1,1,16,0.000,0.000,,,,,NVIDIA A100-SXM4-40GB MIG 4g.20gb (0),1,,13,cupy_copy__complex64_complex64
5117547260,1920,343877,1,1,1,1,1,1,18,0.000,0.000,,,,,NVIDIA A100-SXM4-40GB MIG 4g.20gb (0),1,,13,cupy_copy__float32_float32
5117576604,1600,343883,,,,,,,,,,0.000,2.500,Device,Pageable,NVIDIA A100-SXM4-40GB MIG 4g.20gb (0),1,,7,[CUDA memcpy Device-to-Host]
5117639355,13088,343894,1434,1,1,128,1,1,16,0.000,0.000,,,,,NVIDIA A100-SXM4-40GB MIG 4g.20gb (0),1,,13,cupy_copy__complex64_complex64
5117666235,2912,343901,103,1,1,128,1,1,16,0.000,0.000,,,,,NVIDIA A100-SXM4-40GB MIG 4g.20gb (0),1,,13,cupy_copy__complex64_complex64
5117686491,2176,343908,35,1,1,128,1,1,16,0.000,0.000,,,,,NVIDIA A100-SXM4-40GB MIG 4g.20gb (0),1,,13,cupy_copy__complex64_complex64
5117704378,2016,343915,1,1,1,1,1,1,18,0.000,0.000,,,,,NVIDIA A100-SXM4-40GB MIG 4g.20gb (0),1,,13,cupy_copy__float32_float32
5117836633,81759,343926,1,1,1,32,32,1,30,0.000,0.000,,,,,NVIDIA A100-SXM4-40GB MIG 4g.20gb (0),1,,13,"void convert_kernel<__half2, float2>(tensor_layout_any, T1 *, tensor_layout_any, const T2 *)"
5117945943,6016,343929,,,,,,,,,,0.094,15574.430,Pinned,Device,NVIDIA A100-SXM4-40GB MIG 4g.20gb (0),1,,13,[CUDA memcpy Host-to-Device]
5117961143,3328,343930,,,,,,,,,,1.547,464729.580,Device,,NVIDIA A100-SXM4-40GB MIG 4g.20gb (0),1,,13,[CUDA memset]
5117966743,3488,343935,,,,,,,,,,0.031,8972.469,Pinned,Device,NVIDIA A100-SXM4-40GB MIG 4g.20gb (0),1,,13,[CUDA memcpy Host-to-Device]
5117973751,9600,343936,,,,,,,,,,0.197,20479.869,Pinned,Device,NVIDIA A100-SXM4-40GB MIG 4g.20gb (0),1,,13,[CUDA memcpy Host-to-Device]
5117989079,8352,343937,273,1,1,8,4,1,39,0.002,0.000,,,,,NVIDIA A100-SXM4-40GB MIG 4g.20gb (0),1,,13,"void channel_eq::eqMmseCoefCompLowMimoKernel<float, float, float, (unsigned int)4, (unsigned int)1, (unsigned int)4>(const channel_eq::_puschRxChEqStatDescr *, channel_eq::_puschRxChEqCoefCompDynDescr)"
5117999063,6464,343938,273,1,1,12,11,1,51,0.002,0.000,,,,,NVIDIA A100-SXM4-40GB MIG 4g.20gb (0),1,,13,"void channel_eq::eqMmseSoftDemapKernel<float, __half, __half, float, (unsigned int)4, (unsigned short)16383>(channel_eq::_puschRxChEqStatDescr *, channel_eq::_puschRxChEqSoftDemapDynDescr)"
5118007639,293884,343939,1,1,1,32,32,1,30,0.000,0.000,,,,,NVIDIA A100-SXM4-40GB MIG 4g.20gb (0),1,,13,"void convert_kernel<float2, __half2>(tensor_layout_any, T1 *, tensor_layout_any, const T2 *)"
5118302675,11040,343951,2253,1,1,128,1,1,16,0.000,0.000,,,,,NVIDIA A100-SXM4-40GB MIG 4g.20gb (0),1,,13,cupy_copy__float16_float16
5118315123,2880,343960,282,1,1,128,1,1,16,0.000,0.000,,,,,NVIDIA A100-SXM4-40GB MIG 4g.20gb (0),1,,13,cupy_copy__complex64_complex64
5118320083,2048,343969,26,1,1,128,1,1,16,0.000,0.000,,,,,NVIDIA A100-SXM4-40GB MIG 4g.20gb (0),1,,13,cupy_copy__float32_float32
5118326067,2784,343978,103,1,1,128,1,1,16,0.000,0.000,,,,,NVIDIA A100-SXM4-40GB MIG 4g.20gb (0),1,,13,cupy_copy__complex64_complex64
5118331763,12000,343988,1434,1,1,128,1,1,16,0.000,0.000,,,,,NVIDIA A100-SXM4-40GB MIG 4g.20gb (0),1,,13,cupy_copy__complex64_complex64
5118345523,82879,343993,1,1,1,32,32,1,30,0.000,0.000,,,,,NVIDIA A100-SXM4-40GB MIG 4g.20gb (0),1,,13,"void convert_kernel<__half2, float2>(tensor_layout_any, T1 *, tensor_layout_any, const T2 *)"
5118455537,5696,343996,,,,,,,,,,0.094,16449.363,Pinned,Device,NVIDIA A100-SXM4-40GB MIG 4g.20gb (0),1,,13,[CUDA memcpy Host-to-Device]
5118465425,596569,343997,,,,,,,,,,456.561,765196.973,Device,,NVIDIA A100-SXM4-40GB MIG 4g.20gb (0),1,,13,[CUDA memset]
5119068362,149118,344002,,,,,,,,,,1.235,8281.534,Pinned,Device,NVIDIA A100-SXM4-40GB MIG 4g.20gb (0),1,,13,[CUDA memcpy Host-to-Device]
5119229864,40735,344003,,,,,,,,,,0.197,4826.333,Pinned,Device,NVIDIA A100-SXM4-40GB MIG 4g.20gb (0),1,,13,[CUDA memcpy Host-to-Device]
5119298087,8672,344004,69,4,1,48,1,1,76,0.002,0.000,,,,,NVIDIA A100-SXM4-40GB MIG 4g.20gb (0),1,,13,"void ch_est::windowedChEstPreNoDftSOfdmKernel<float, __half, float, (unsigned int)2, (unsigned int)1, (unsigned short)4>(ch_est::puschRxChEstStatDescr_t *, ch_est::puschRxChEstDynDescr_t *)"
5119315751,7136,344005,137,2,1,24,2,1,44,0.001,0.001,,,,,NVIDIA A100-SXM4-40GB MIG 4g.20gb (0),1,,13,"void ch_est::chEstFilterNoDftSOfdmDispatchKernel<float, __half, float, (unsigned int)2>(ch_est::puschRxChEstStatDescr_t *, ch_est::puschRxChEstDynDescr_t *)"
5119332678,4736,344006,137,2,1,24,2,1,44,0.001,0.001,,,,,NVIDIA A100-SXM4-40GB MIG 4g.20gb (0),1,,13,"void ch_est::chEstFilterNoDftSOfdmDispatchKernel<float, __half, float, (unsigned int)2>(ch_est::puschRxChEstStatDescr_t *, ch_est::puschRxChEstDynDescr_t *)"
5119347590,2688,344017,103,1,1,128,1,1,16,0.000,0.000,,,,,NVIDIA A100-SXM4-40GB MIG 4g.20gb (0),1,,13,cupy_copy__complex64_complex64
5119364454,12480,344027,1434,1,1,128,1,1,16,0.000,0.000,,,,,NVIDIA A100-SXM4-40GB MIG 4g.20gb (0),1,,13,cupy_copy__complex64_complex64
5119384550,2912,344034,103,1,1,128,1,1,16,0.000,0.000,,,,,NVIDIA A100-SXM4-40GB MIG 4g.20gb (0),1,,13,cupy_copy__complex64_complex64
5119408421,92927,344041,1,1,1,32,32,1,30,0.000,0.000,,,,,NVIDIA A100-SXM4-40GB MIG 4g.20gb (0),1,,13,"void convert_kernel<__half2, float2>(tensor_layout_any, T1 *, tensor_layout_any, const T2 *)"
5119531460,8576,344044,,,,,,,,,,0.094,10925.328,Pinned,Device,NVIDIA A100-SXM4-40GB MIG 4g.20gb (0),1,,13,[CUDA memcpy Host-to-Device]
5119545348,48543,344045,,,,,,,,,,35.810,737684.352,Device,,NVIDIA A100-SXM4-40GB MIG 4g.20gb (0),1,,13,[CUDA memset]
5119594819,2880,344047,,,,,,,,,,0.000,27.778,Pinned,Device,NVIDIA A100-SXM4-40GB MIG 4g.20gb (0),1,,13,[CUDA memcpy Host-to-Device]
5119600451,10112,344048,,,,,,,,,,0.197,19442.958,Pinned,Device,NVIDIA A100-SXM4-40GB MIG 4g.20gb (0),1,,13,[CUDA memcpy Host-to-Device]
5119617347,12768,344049,273,1,1,48,1,1,40,0.000,0.001,,,,,NVIDIA A100-SXM4-40GB MIG 4g.20gb (0),1,,13,"void pusch_noise_intf_est::noiseIntfEstNoDftSOfdmKernel<float, __half, float, float, (unsigned int)2, (unsigned int)1, (unsigned char)4, (unsigned char)4>(pusch_noise_intf_est::puschRxNoiseIntfEstDynDescr)"
5119632387,2912,344060,35,1,1,128,1,1,16,0.000,0.000,,,,,NVIDIA A100-SXM4-40GB MIG 4g.20gb (0),1,,13,cupy_copy__complex64_complex64
5119650210,2048,344069,1,1,1,1,1,1,18,0.000,0.000,,,,,NVIDIA A100-SXM4-40GB MIG 4g.20gb (0),1,,13,cupy_copy__float32_float32
5119686466,1568,344075,,,,,,,,,,0.000,2.551,Device,Pageable,NVIDIA A100-SXM4-40GB MIG 4g.20gb (0),1,,7,[CUDA memcpy Device-to-Host]
5119747713,13216,344086,1434,1,1,128,1,1,16,0.000,0.000,,,,,NVIDIA A100-SXM4-40GB MIG 4g.20gb (0),1,,13,cupy_copy__complex64_complex64
5119776897,2944,344093,103,1,1,128,1,1,16,0.000,0.000,,,,,NVIDIA A100-SXM4-40GB MIG 4g.20gb (0),1,,13,cupy_copy__complex64_complex64
5119794209,2464,344100,35,1,1,128,1,1,16,0.000,0.000,,,,,NVIDIA A100-SXM4-40GB MIG 4g.20gb (0),1,,13,cupy_copy__complex64_complex64
5119814240,2016,344107,1,1,1,1,1,1,18,0.000,0.000,,,,,NVIDIA A100-SXM4-40GB MIG 4g.20gb (0),1,,13,cupy_copy__float32_float32
5119941311,87775,344118,1,1,1,32,32,1,30,0.000,0.000,,,,,NVIDIA A100-SXM4-40GB MIG 4g.20gb (0),1,,13,"void convert_kernel<__half2, float2>(tensor_layout_any, T1 *, tensor_layout_any, const T2 *)"
5120057085,5536,344121,,,,,,,,,,0.094,16924.777,Pinned,Device,NVIDIA A100-SXM4-40GB MIG 4g.20gb (0),1,,13,[CUDA memcpy Host-to-Device]
5120070941,3424,344122,,,,,,,,,,1.547,451700.819,Device,,NVIDIA A100-SXM4-40GB MIG 4g.20gb (0),1,,13,[CUDA memset]
5120078333,3168,344127,,,,,,,,,,0.031,9878.770,Pinned,Device,NVIDIA A100-SXM4-40GB MIG 4g.20gb (0),1,,13,[CUDA memcpy Host-to-Device]
5120084445,10208,344128,,,,,,,,,,0.197,19260.113,Pinned,Device,NVIDIA A100-SXM4-40GB MIG 4g.20gb (0),1,,13,[CUDA memcpy Host-to-Device]
5120099933,6144,344129,273,1,1,8,4,1,39,0.002,0.000,,,,,NVIDIA A100-SXM4-40GB MIG 4g.20gb (0),1,,13,"void channel_eq::eqMmseCoefCompLowMimoKernel<float, float, float, (unsigned int)4, (unsigned int)1, (unsigned int)4>(const channel_eq::_puschRxChEqStatDescr *, channel_eq::_puschRxChEqCoefCompDynDescr)"
5120107037,7776,344130,273,1,1,12,11,1,51,0.002,0.000,,,,,NVIDIA A100-SXM4-40GB MIG 4g.20gb (0),1,,13,"void channel_eq::eqMmseSoftDemapKernel<float, __half, __half, float, (unsigned int)4, (unsigned short)16383>(channel_eq::_puschRxChEqStatDescr *, channel_eq::_puschRxChEqSoftDemapDynDescr)"
5120117501,279676,344131,1,1,1,32,32,1,30,0.000,0.000,,,,,NVIDIA A100-SXM4-40GB MIG 4g.20gb (0),1,,13,"void convert_kernel<float2, __half2>(tensor_layout_any, T1 *, tensor_layout_any, const T2 *)"
5120399097,11136,344143,2253,1,1,128,1,1,16,0.000,0.000,,,,,NVIDIA A100-SXM4-40GB MIG 4g.20gb (0),1,,13,cupy_copy__float16_float16
5120413049,3232,344152,282,1,1,128,1,1,16,0.000,0.000,,,,,NVIDIA A100-SXM4-40GB MIG 4g.20gb (0),1,,13,cupy_copy__complex64_complex64
5120417401,2464,344161,26,1,1,128,1,1,16,0.000,0.000,,,,,NVIDIA A100-SXM4-40GB MIG 4g.20gb (0),1,,13,cupy_copy__float32_float32
5120422105,2880,344170,103,1,1,128,1,1,16,0.000,0.000,,,,,NVIDIA A100-SXM4-40GB MIG 4g.20gb (0),1,,13,cupy_copy__complex64_complex64
5120427097,12224,344180,1434,1,1,128,1,1,16,0.000,0.000,,,,,NVIDIA A100-SXM4-40GB MIG 4g.20gb (0),1,,13,cupy_copy__complex64_complex64
5120446969,82879,344185,1,1,1,32,32,1,30,0.000,0.000,,,,,NVIDIA A100-SXM4-40GB MIG 4g.20gb (0),1,,13,"void convert_kernel<__half2, float2>(tensor_layout_any, T1 *, tensor_layout_any, const T2 *)"
5120556503,5664,344188,,,,,,,,,,0.094,16542.310,Pinned,Device,NVIDIA A100-SXM4-40GB MIG 4g.20gb (0),1,,13,[CUDA memcpy Host-to-Device]
5120566775,596409,344189,,,,,,,,,,456.561,765196.973,Device,,NVIDIA A100-SXM4-40GB MIG 4g.20gb (0),1,,13,[CUDA memset]
5121174256,162238,344194,,,,,,,,,,1.235,7610.960,Pinned,Device,NVIDIA A100-SXM4-40GB MIG 4g.20gb (0),1,,13,[CUDA memcpy Host-to-Device]
5121350190,45759,344195,,,,,,,,,,0.197,4296.475,Pinned,Device,NVIDIA A100-SXM4-40GB MIG 4g.20gb (0),1,,13,[CUDA memcpy Host-to-Device]
5121419981,8480,344196,69,4,1,48,1,1,76,0.002,0.000,,,,,NVIDIA A100-SXM4-40GB MIG 4g.20gb (0),1,,13,"void ch_est::windowedChEstPreNoDftSOfdmKernel<float, __half, float, (unsigned int)2, (unsigned int)1, (unsigned short)4>(ch_est::puschRxChEstStatDescr_t *, ch_est::puschRxChEstDynDescr_t *)"
5121437836,6464,344197,137,2,1,24,2,1,44,0.001,0.001,,,,,NVIDIA A100-SXM4-40GB MIG 4g.20gb (0),1,,13,"void ch_est::chEstFilterNoDftSOfdmDispatchKernel<float, __half, float, (unsigned int)2>(ch_est::puschRxChEstStatDescr_t *, ch_est::puschRxChEstDynDescr_t *)"
5121457324,4736,344198,137,2,1,24,2,1,44,0.001,0.001,,,,,NVIDIA A100-SXM4-40GB MIG 4g.20gb (0),1,,13,"void ch_est::chEstFilterNoDftSOfdmDispatchKernel<float, __half, float, (unsigned int)2>(ch_est::puschRxChEstStatDescr_t *, ch_est::puschRxChEstDynDescr_t *)"
5121473964,2752,344209,103,1,1,128,1,1,16,0.000,0.000,,,,,NVIDIA A100-SXM4-40GB MIG 4g.20gb (0),1,,13,cupy_copy__complex64_complex64
5121490956,12320,344219,1434,1,1,128,1,1,16,0.000,0.000,,,,,NVIDIA A100-SXM4-40GB MIG 4g.20gb (0),1,,13,cupy_copy__complex64_complex64
5121509484,2944,344226,103,1,1,128,1,1,16,0.000,0.000,,,,,NVIDIA A100-SXM4-40GB MIG 4g.20gb (0),1,,13,cupy_copy__complex64_complex64
5121529451,90943,344233,1,1,1,32,32,1,30,0.000,0.000,,,,,NVIDIA A100-SXM4-40GB MIG 4g.20gb (0),1,,13,"void convert_kernel<__half2, float2>(tensor_layout_any, T1 *, tensor_layout_any, const T2 *)"
5121654250,27583,344236,,,,,,,,,,0.094,3396.855,Pinned,Device,NVIDIA A100-SXM4-40GB MIG 4g.20gb (0),1,,13,[CUDA memcpy Host-to-Device]
5121703593,47200,344237,,,,,,,,,,35.810,758668.965,Device,,NVIDIA A100-SXM4-40GB MIG 4g.20gb (0),1,,13,[CUDA memset]
5121751817,10527,344239,,,,,,,,,,0.000,7.599,Pinned,Device,NVIDIA A100-SXM4-40GB MIG 4g.20gb (0),1,,13,[CUDA memcpy Host-to-Device]
5121769384,35264,344240,,,,,,,,,,0.197,5575.213,Pinned,Device,NVIDIA A100-SXM4-40GB MIG 4g.20gb (0),1,,13,[CUDA memcpy Host-to-Device]
5121830216,9696,344241,273,1,1,48,1,1,40,0.000,0.001,,,,,NVIDIA A100-SXM4-40GB MIG 4g.20gb (0),1,,13,"void pusch_noise_intf_est::noiseIntfEstNoDftSOfdmKernel<float, __half, float, float, (unsigned int)2, (unsigned int)1, (unsigned char)4, (unsigned char)4>(pusch_noise_intf_est::puschRxNoiseIntfEstDynDescr)"
5121844967,2688,344252,35,1,1,128,1,1,16,0.000,0.000,,,,,NVIDIA A100-SXM4-40GB MIG 4g.20gb (0),1,,13,cupy_copy__complex64_complex64
5121855271,1824,344261,1,1,1,1,1,1,18,0.000,0.000,,,,,NVIDIA A100-SXM4-40GB MIG 4g.20gb (0),1,,13,cupy_copy__float32_float32
5121857831,6208,344267,,,,,,,,,,0.000,0.644,Device,Pageable,NVIDIA A100-SXM4-40GB MIG 4g.20gb (0),1,,7,[CUDA memcpy Device-to-Host]
5121939430,13216,344278,1434,1,1,128,1,1,16,0.000,0.000,,,,,NVIDIA A100-SXM4-40GB MIG 4g.20gb (0),1,,13,cupy_copy__complex64_complex64
5121966086,2976,344285,103,1,1,128,1,1,16,0.000,0.000,,,,,NVIDIA A100-SXM4-40GB MIG 4g.20gb (0),1,,13,cupy_copy__complex64_complex64
5121981670,2496,344292,35,1,1,128,1,1,16,0.000,0.000,,,,,NVIDIA A100-SXM4-40GB MIG 4g.20gb (0),1,,13,cupy_copy__complex64_complex64
5122002374,1791,344299,1,1,1,1,1,1,18,0.000,0.000,,,,,NVIDIA A100-SXM4-40GB MIG 4g.20gb (0),1,,13,cupy_copy__float32_float32
5122130212,86591,344310,1,1,1,32,32,1,30,0.000,0.000,,,,,NVIDIA A100-SXM4-40GB MIG 4g.20gb (0),1,,13,"void convert_kernel<__half2, float2>(tensor_layout_any, T1 *, tensor_layout_any, const T2 *)"
5122244707,5535,344313,,,,,,,,,,0.094,16927.869,Pinned,Device,NVIDIA A100-SXM4-40GB MIG 4g.20gb (0),1,,13,[CUDA memcpy Host-to-Device]
5122259106,3200,344314,,,,,,,,,,1.547,483320.000,Device,,NVIDIA A100-SXM4-40GB MIG 4g.20gb (0),1,,13,[CUDA memset]
5122265666,3392,344319,,,,,,,,,,0.031,9226.405,Pinned,Device,NVIDIA A100-SXM4-40GB MIG 4g.20gb (0),1,,13,[CUDA memcpy Host-to-Device]
5122272706,9600,344320,,,,,,,,,,0.197,20479.869,Pinned,Device,NVIDIA A100-SXM4-40GB MIG 4g.20gb (0),1,,13,[CUDA memcpy Host-to-Device]
5122286050,7488,344321,273,1,1,8,4,1,39,0.002,0.000,,,,,NVIDIA A100-SXM4-40GB MIG 4g.20gb (0),1,,13,"void channel_eq::eqMmseCoefCompLowMimoKernel<float, float, float, (unsigned int)4, (unsigned int)1, (unsigned int)4>(const channel_eq::_puschRxChEqStatDescr *, channel_eq::_puschRxChEqCoefCompDynDescr)"
5122296706,6080,344322,273,1,1,12,11,1,51,0.002,0.000,,,,,NVIDIA A100-SXM4-40GB MIG 4g.20gb (0),1,,13,"void channel_eq::eqMmseSoftDemapKernel<float, __half, __half, float, (unsigned int)4, (unsigned short)16383>(channel_eq::_puschRxChEqStatDescr *, channel_eq::_puschRxChEqSoftDemapDynDescr)"
5122304706,294108,344323,1,1,1,32,32,1,30,0.000,0.000,,,,,NVIDIA A100-SXM4-40GB MIG 4g.20gb (0),1,,13,"void convert_kernel<float2, __half2>(tensor_layout_any, T1 *, tensor_layout_any, const T2 *)"
5122601182,10912,344335,2253,1,1,128,1,1,16,0.000,0.000,,,,,NVIDIA A100-SXM4-40GB MIG 4g.20gb (0),1,,13,cupy_copy__float16_float16
5122613406,3040,344344,282,1,1,128,1,1,16,0.000,0.000,,,,,NVIDIA A100-SXM4-40GB MIG 4g.20gb (0),1,,13,cupy_copy__complex64_complex64
5122618910,2432,344353,26,1,1,128,1,1,16,0.000,0.000,,,,,NVIDIA A100-SXM4-40GB MIG 4g.20gb (0),1,,13,cupy_copy__float32_float32
5122623390,2976,344362,103,1,1,128,1,1,16,0.000,0.000,,,,,NVIDIA A100-SXM4-40GB MIG 4g.20gb (0),1,,13,cupy_copy__complex64_complex64
5122677181,12096,344378,1434,1,1,128,1,1,16,0.000,0.000,,,,,NVIDIA A100-SXM4-40GB MIG 4g.20gb (0),1,,13,cupy_copy__complex64_complex64
5122790364,81983,344383,1,1,1,32,32,1,30,0.000,0.000,,,,,NVIDIA A100-SXM4-40GB MIG 4g.20gb (0),1,,13,"void convert_kernel<__half2, float2>(tensor_layout_any, T1 *, tensor_layout_any, const T2 *)"
5122901082,5408,344386,,,,,,,,,,0.094,17325.421,Pinned,Device,NVIDIA A100-SXM4-40GB MIG 4g.20gb (0),1,,13,[CUDA memcpy Host-to-Device]
5122910842,596473,344387,,,,,,,,,,456.561,765196.973,Device,,NVIDIA A100-SXM4-40GB MIG 4g.20gb (0),1,,13,[CUDA memset]
5123513875,145406,344392,,,,,,,,,,1.235,8492.710,Pinned,Device,NVIDIA A100-SXM4-40GB MIG 4g.20gb (0),1,,13,[CUDA memcpy Host-to-Device]
5123672273,36863,344393,,,,,,,,,,0.197,5333.385,Pinned,Device,NVIDIA A100-SXM4-40GB MIG 4g.20gb (0),1,,13,[CUDA memcpy Host-to-Device]
5123734544,8288,344394,69,4,1,48,1,1,76,0.002,0.000,,,,,NVIDIA A100-SXM4-40GB MIG 4g.20gb (0),1,,13,"void ch_est::windowedChEstPreNoDftSOfdmKernel<float, __half, float, (unsigned int)2, (unsigned int)1, (unsigned short)4>(ch_est::puschRxChEstStatDescr_t *, ch_est::puschRxChEstDynDescr_t *)"
5123752112,6880,344395,137,2,1,24,2,1,44,0.001,0.001,,,,,NVIDIA A100-SXM4-40GB MIG 4g.20gb (0),1,,13,"void ch_est::chEstFilterNoDftSOfdmDispatchKernel<float, __half, float, (unsigned int)2>(ch_est::puschRxChEstStatDescr_t *, ch_est::puschRxChEstDynDescr_t *)"
5123769168,4736,344396,137,2,1,24,2,1,44,0.001,0.001,,,,,NVIDIA A100-SXM4-40GB MIG 4g.20gb (0),1,,13,"void ch_est::chEstFilterNoDftSOfdmDispatchKernel<float, __half, float, (unsigned int)2>(ch_est::puschRxChEstStatDescr_t *, ch_est::puschRxChEstDynDescr_t *)"
5123786992,2655,344407,103,1,1,128,1,1,16,0.000,0.000,,,,,NVIDIA A100-SXM4-40GB MIG 4g.20gb (0),1,,13,cupy_copy__complex64_complex64
5123803983,12256,344417,1434,1,1,128,1,1,16,0.000,0.000,,,,,NVIDIA A100-SXM4-40GB MIG 4g.20gb (0),1,,13,cupy_copy__complex64_complex64
5123822831,2912,344424,103,1,1,128,1,1,16,0.000,0.000,,,,,NVIDIA A100-SXM4-40GB MIG 4g.20gb (0),1,,13,cupy_copy__complex64_complex64
5123845839,94783,344431,1,1,1,32,32,1,30,0.000,0.000,,,,,NVIDIA A100-SXM4-40GB MIG 4g.20gb (0),1,,13,"void convert_kernel<__half2, float2>(tensor_layout_any, T1 *, tensor_layout_any, const T2 *)"
5123971693,27424,344434,,,,,,,,,,0.094,3416.531,Pinned,Device,NVIDIA A100-SXM4-40GB MIG 4g.20gb (0),1,,13,[CUDA memcpy Host-to-Device]
5124020301,46623,344435,,,,,,,,,,35.810,768051.164,Device,,NVIDIA A100-SXM4-40GB MIG 4g.20gb (0),1,,13,[CUDA memset]
5124075020,16192,344437,,,,,,,,,,0.000,4.941,Pinned,Device,NVIDIA A100-SXM4-40GB MIG 4g.20gb (0),1,,13,[CUDA memcpy Host-to-Device]
5124102924,26751,344438,,,,,,,,,,0.197,7349.404,Pinned,Device,NVIDIA A100-SXM4-40GB MIG 4g.20gb (0),1,,13,[CUDA memcpy Host-to-Device]
5124149291,9664,344439,273,1,1,48,1,1,40,0.000,0.001,,,,,NVIDIA A100-SXM4-40GB MIG 4g.20gb (0),1,,13,"void pusch_noise_intf_est::noiseIntfEstNoDftSOfdmKernel<float, __half, float, float, (unsigned int)2, (unsigned int)1, (unsigned char)4, (unsigned char)4>(pusch_noise_intf_est::puschRxNoiseIntfEstDynDescr)"
5124166251,2816,344450,35,1,1,128,1,1,16,0.000,0.000,,,,,NVIDIA A100-SXM4-40GB MIG 4g.20gb (0),1,,13,cupy_copy__complex64_complex64
5124182635,1760,344459,1,1,1,1,1,1,18,0.000,0.000,,,,,NVIDIA A100-SXM4-40GB MIG 4g.20gb (0),1,,13,cupy_copy__float32_float32
5124188299,6016,344465,,,,,,,,,,0.000,0.665,Device,Pageable,NVIDIA A100-SXM4-40GB MIG 4g.20gb (0),1,,7,[CUDA memcpy Device-to-Host]
5124279209,12736,344476,1434,1,1,128,1,1,16,0.000,0.000,,,,,NVIDIA A100-SXM4-40GB MIG 4g.20gb (0),1,,13,cupy_copy__complex64_complex64
5124298569,3488,344483,103,1,1,128,1,1,16,0.000,0.000,,,,,NVIDIA A100-SXM4-40GB MIG 4g.20gb (0),1,,13,cupy_copy__complex64_complex64
5124324745,2336,344490,35,1,1,128,1,1,16,0.000,0.000,,,,,NVIDIA A100-SXM4-40GB MIG 4g.20gb (0),1,,13,cupy_copy__complex64_complex64
5124346409,1888,344497,1,1,1,1,1,1,18,0.000,0.000,,,,,NVIDIA A100-SXM4-40GB MIG 4g.20gb (0),1,,13,cupy_copy__float32_float32
5124471687,83327,344508,1,1,1,32,32,1,30,0.000,0.000,,,,,NVIDIA A100-SXM4-40GB MIG 4g.20gb (0),1,,13,"void convert_kernel<__half2, float2>(tensor_layout_any, T1 *, tensor_layout_any, const T2 *)"
5124583462,5984,344511,,,,,,,,,,0.094,15657.726,Pinned,Device,NVIDIA A100-SXM4-40GB MIG 4g.20gb (0),1,,13,[CUDA memcpy Host-to-Device]
5124601125,3360,344512,,,,,,,,,,1.547,460304.688,Device,,NVIDIA A100-SXM4-40GB MIG 4g.20gb (0),1,,13,[CUDA memset]
5124605509,3584,344517,,,,,,,,,,0.031,8732.116,Pinned,Device,NVIDIA A100-SXM4-40GB MIG 4g.20gb (0),1,,13,[CUDA memcpy Host-to-Device]
5124611557,9664,344518,,,,,,,,,,0.197,20344.209,Pinned,Device,NVIDIA A100-SXM4-40GB MIG 4g.20gb (0),1,,13,[CUDA memcpy Host-to-Device]
5124625317,6336,344519,273,1,1,8,4,1,39,0.002,0.000,,,,,NVIDIA A100-SXM4-40GB MIG 4g.20gb (0),1,,13,"void channel_eq::eqMmseCoefCompLowMimoKernel<float, float, float, (unsigned int)4, (unsigned int)1, (unsigned int)4>(const channel_eq::_puschRxChEqStatDescr *, channel_eq::_puschRxChEqCoefCompDynDescr)"
5124632677,6112,344520,273,1,1,12,11,1,51,0.002,0.000,,,,,NVIDIA A100-SXM4-40GB MIG 4g.20gb (0),1,,13,"void channel_eq::eqMmseSoftDemapKernel<float, __half, __half, float, (unsigned int)4, (unsigned short)16383>(channel_eq::_puschRxChEqStatDescr *, channel_eq::_puschRxChEqSoftDemapDynDescr)"
5124639749,283549,344521,1,1,1,32,32,1,30,0.000,0.000,,,,,NVIDIA A100-SXM4-40GB MIG 4g.20gb (0),1,,13,"void convert_kernel<float2, __half2>(tensor_layout_any, T1 *, tensor_layout_any, const T2 *)"
5124926177,11008,344533,2253,1,1,128,1,1,16,0.000,0.000,,,,,NVIDIA A100-SXM4-40GB MIG 4g.20gb (0),1,,13,cupy_copy__float16_float16
5124940641,2816,344542,282,1,1,128,1,1,16,0.000,0.000,,,,,NVIDIA A100-SXM4-40GB MIG 4g.20gb (0),1,,13,cupy_copy__complex64_complex64
5124946241,2016,344551,26,1,1,128,1,1,16,0.000,0.000,,,,,NVIDIA A100-SXM4-40GB MIG 4g.20gb (0),1,,13,cupy_copy__float32_float32
5124950977,3008,344560,103,1,1,128,1,1,16,0.000,0.000,,,,,NVIDIA A100-SXM4-40GB MIG 4g.20gb (0),1,,13,cupy_copy__complex64_complex64
5124957409,12320,344570,1434,1,1,128,1,1,16,0.000,0.000,,,,,NVIDIA A100-SXM4-40GB MIG 4g.20gb (0),1,,13,cupy_copy__complex64_complex64
5124975521,88287,344575,1,1,1,32,32,1,30,0.000,0.000,,,,,NVIDIA A100-SXM4-40GB MIG 4g.20gb (0),1,,13,"void convert_kernel<__half2, float2>(tensor_layout_any, T1 *, tensor_layout_any, const T2 *)"
5125091551,5408,344578,,,,,,,,,,0.094,17325.421,Pinned,Device,NVIDIA A100-SXM4-40GB MIG 4g.20gb (0),1,,13,[CUDA memcpy Host-to-Device]
5125102111,598233,344579,,,,,,,,,,456.561,762914.166,Device,,NVIDIA A100-SXM4-40GB MIG 4g.20gb (0),1,,13,[CUDA memset]
5125704824,82847,344584,,,,,,,,,,1.235,14905.774,Pinned,Device,NVIDIA A100-SXM4-40GB MIG 4g.20gb (0),1,,13,[CUDA memcpy Host-to-Device]
5125792279,17792,344585,,,,,,,,,,0.197,11050.353,Pinned,Device,NVIDIA A100-SXM4-40GB MIG 4g.20gb (0),1,,13,[CUDA memcpy Host-to-Device]
5125823926,8576,344586,69,4,1,48,1,1,76,0.002,0.000,,,,,NVIDIA A100-SXM4-40GB MIG 4g.20gb (0),1,,13,"void ch_est::windowedChEstPreNoDftSOfdmKernel<float, __half, float, (unsigned int)2, (unsigned int)1, (unsigned short)4>(ch_est::puschRxChEstStatDescr_t *, ch_est::puschRxChEstDynDescr_t *)"
5125839030,6656,344587,137,2,1,24,2,1,44,0.001,0.001,,,,,NVIDIA A100-SXM4-40GB MIG 4g.20gb (0),1,,13,"void ch_est::chEstFilterNoDftSOfdmDispatchKernel<float, __half, float, (unsigned int)2>(ch_est::puschRxChEstStatDescr_t *, ch_est::puschRxChEstDynDescr_t *)"
5125852182,5024,344588,137,2,1,24,2,1,44,0.001,0.001,,,,,NVIDIA A100-SXM4-40GB MIG 4g.20gb (0),1,,13,"void ch_est::chEstFilterNoDftSOfdmDispatchKernel<float, __half, float, (unsigned int)2>(ch_est::puschRxChEstStatDescr_t *, ch_est::puschRxChEstDynDescr_t *)"
5125858422,3072,344599,103,1,1,128,1,1,16,0.000,0.000,,,,,NVIDIA A100-SXM4-40GB MIG 4g.20gb (0),1,,13,cupy_copy__complex64_complex64
5125865494,12928,344609,1434,1,1,128,1,1,16,0.000,0.000,,,,,NVIDIA A100-SXM4-40GB MIG 4g.20gb (0),1,,13,cupy_copy__complex64_complex64
5125885366,2432,344616,103,1,1,128,1,1,16,0.000,0.000,,,,,NVIDIA A100-SXM4-40GB MIG 4g.20gb (0),1,,13,cupy_copy__complex64_complex64
5125890454,85695,344623,1,1,1,32,32,1,30,0.000,0.000,,,,,NVIDIA A100-SXM4-40GB MIG 4g.20gb (0),1,,13,"void convert_kernel<__half2, float2>(tensor_layout_any, T1 *, tensor_layout_any, const T2 *)"
5126003828,5664,344626,,,,,,,,,,0.094,16542.310,Pinned,Device,NVIDIA A100-SXM4-40GB MIG 4g.20gb (0),1,,13,[CUDA memcpy Host-to-Device]
5126015156,47071,344627,,,,,,,,,,35.810,760745.940,Device,,NVIDIA A100-SXM4-40GB MIG 4g.20gb (0),1,,13,[CUDA memset]
5126063411,5376,344629,,,,,,,,,,0.000,14.881,Pinned,Device,NVIDIA A100-SXM4-40GB MIG 4g.20gb (0),1,,13,[CUDA memcpy Host-to-Device]
5126072627,12576,344630,,,,,,,,,,0.197,15633.482,Pinned,Device,NVIDIA A100-SXM4-40GB MIG 4g.20gb (0),1,,13,[CUDA memcpy Host-to-Device]
5126092915,10560,344631,273,1,1,48,1,1,40,0.000,0.001,,,,,NVIDIA A100-SXM4-40GB MIG 4g.20gb (0),1,,13,"void pusch_noise_intf_est::noiseIntfEstNoDftSOfdmKernel<float, __half, float, float, (unsigned int)2, (unsigned int)1, (unsigned char)4, (unsigned char)4>(pusch_noise_intf_est::puschRxNoiseIntfEstDynDescr)"
5126109427,2720,344642,35,1,1,128,1,1,16,0.000,0.000,,,,,NVIDIA A100-SXM4-40GB MIG 4g.20gb (0),1,,13,cupy_copy__complex64_complex64
5126126963,1920,344651,1,1,1,1,1,1,18,0.000,0.000,,,,,NVIDIA A100-SXM4-40GB MIG 4g.20gb (0),1,,13,cupy_copy__float32_float32
5126157618,1600,344657,,,,,,,,,,0.000,2.500,Device,Pageable,NVIDIA A100-SXM4-40GB MIG 4g.20gb (0),1,,7,[CUDA memcpy Device-to-Host]
5126216882,13183,344668,1434,1,1,128,1,1,16,0.000,0.000,,,,,NVIDIA A100-SXM4-40GB MIG 4g.20gb (0),1,,13,cupy_copy__complex64_complex64
5126244337,3008,344675,103,1,1,128,1,1,16,0.000,0.000,,,,,NVIDIA A100-SXM4-40GB MIG 4g.20gb (0),1,,13,cupy_copy__complex64_complex64
5126264593,2752,344682,35,1,1,128,1,1,16,0.000,0.000,,,,,NVIDIA A100-SXM4-40GB MIG 4g.20gb (0),1,,13,cupy_copy__complex64_complex64
5126284369,1824,344689,1,1,1,1,1,1,18,0.000,0.000,,,,,NVIDIA A100-SXM4-40GB MIG 4g.20gb (0),1,,13,cupy_copy__float32_float32
5126414895,81599,344700,1,1,1,32,32,1,30,0.000,0.000,,,,,NVIDIA A100-SXM4-40GB MIG 4g.20gb (0),1,,13,"void convert_kernel<__half2, float2>(tensor_layout_any, T1 *, tensor_layout_any, const T2 *)"
5126522958,5632,344703,,,,,,,,,,0.094,16636.287,Pinned,Device,NVIDIA A100-SXM4-40GB MIG 4g.20gb (0),1,,13,[CUDA memcpy Host-to-Device]
5126537358,3264,344704,,,,,,,,,,1.547,473842.288,Device,,NVIDIA A100-SXM4-40GB MIG 4g.20gb (0),1,,13,[CUDA memset]
5126544398,3679,344709,,,,,,,,,,0.031,8506.628,Pinned,Device,NVIDIA A100-SXM4-40GB MIG 4g.20gb (0),1,,13,[CUDA memcpy Host-to-Device]
5126550829,9792,344710,,,,,,,,,,0.197,20078.395,Pinned,Device,NVIDIA A100-SXM4-40GB MIG 4g.20gb (0),1,,13,[CUDA memcpy Host-to-Device]
5126567725,6048,344711,273,1,1,8,4,1,39,0.002,0.000,,,,,NVIDIA A100-SXM4-40GB MIG 4g.20gb (0),1,,13,"void channel_eq::eqMmseCoefCompLowMimoKernel<float, float, float, (unsigned int)4, (unsigned int)1, (unsigned int)4>(const channel_eq::_puschRxChEqStatDescr *, channel_eq::_puschRxChEqCoefCompDynDescr)"
5126576365,7040,344712,273,1,1,12,11,1,51,0.002,0.000,,,,,NVIDIA A100-SXM4-40GB MIG 4g.20gb (0),1,,13,"void channel_eq::eqMmseSoftDemapKernel<float, __half, __half, float, (unsigned int)4, (unsigned short)16383>(channel_eq::_puschRxChEqStatDescr *, channel_eq::_puschRxChEqSoftDemapDynDescr)"
5126584461,283069,344713,1,1,1,32,32,1,30,0.000,0.000,,,,,NVIDIA A100-SXM4-40GB MIG 4g.20gb (0),1,,13,"void convert_kernel<float2, __half2>(tensor_layout_any, T1 *, tensor_layout_any, const T2 *)"
5126869354,11007,344725,2253,1,1,128,1,1,16,0.000,0.000,,,,,NVIDIA A100-SXM4-40GB MIG 4g.20gb (0),1,,13,cupy_copy__float16_float16
5126884745,3392,344734,282,1,1,128,1,1,16,0.000,0.000,,,,,NVIDIA A100-SXM4-40GB MIG 4g.20gb (0),1,,13,cupy_copy__complex64_complex64
5126890633,2112,344743,26,1,1,128,1,1,16,0.000,0.000,,,,,NVIDIA A100-SXM4-40GB MIG 4g.20gb (0),1,,13,cupy_copy__float32_float32
5126896073,3072,344752,103,1,1,128,1,1,16,0.000,0.000,,,,,NVIDIA A100-SXM4-40GB MIG 4g.20gb (0),1,,13,cupy_copy__complex64_complex64
5126900105,12032,344762,1434,1,1,128,1,1,16,0.000,0.000,,,,,NVIDIA A100-SXM4-40GB MIG 4g.20gb (0),1,,13,cupy_copy__complex64_complex64
5126920873,81247,344767,1,1,1,32,32,1,30,0.000,0.000,,,,,NVIDIA A100-SXM4-40GB MIG 4g.20gb (0),1,,13,"void convert_kernel<__half2, float2>(tensor_layout_any, T1 *, tensor_layout_any, const T2 *)"
5127029672,5855,344770,,,,,,,,,,0.094,16002.715,Pinned,Device,NVIDIA A100-SXM4-40GB MIG 4g.20gb (0),1,,13,[CUDA memcpy Host-to-Device]
5127040455,597913,344771,,,,,,,,,,456.561,763370.728,Device,,NVIDIA A100-SXM4-40GB MIG 4g.20gb (0),1,,13,[CUDA memset]
5127644864,157182,344776,,,,,,,,,,1.235,7856.714,Pinned,Device,NVIDIA A100-SXM4-40GB MIG 4g.20gb (0),1,,13,[CUDA memcpy Host-to-Device]
5127814878,34495,344777,,,,,,,,,,0.197,5699.469,Pinned,Device,NVIDIA A100-SXM4-40GB MIG 4g.20gb (0),1,,13,[CUDA memcpy Host-to-Device]
5127870493,8320,344778,69,4,1,48,1,1,76,0.002,0.000,,,,,NVIDIA A100-SXM4-40GB MIG 4g.20gb (0),1,,13,"void ch_est::windowedChEstPreNoDftSOfdmKernel<float, __half, float, (unsigned int)2, (unsigned int)1, (unsigned short)4>(ch_est::puschRxChEstStatDescr_t *, ch_est::puschRxChEstDynDescr_t *)"
5127883997,6816,344779,137,2,1,24,2,1,44,0.001,0.001,,,,,NVIDIA A100-SXM4-40GB MIG 4g.20gb (0),1,,13,"void ch_est::chEstFilterNoDftSOfdmDispatchKernel<float, __half, float, (unsigned int)2>(ch_est::puschRxChEstStatDescr_t *, ch_est::puschRxChEstDynDescr_t *)"
5127898461,5184,344780,137,2,1,24,2,1,44,0.001,0.001,,,,,NVIDIA A100-SXM4-40GB MIG 4g.20gb (0),1,,13,"void ch_est::chEstFilterNoDftSOfdmDispatchKernel<float, __half, float, (unsigned int)2>(ch_est::puschRxChEstStatDescr_t *, ch_est::puschRxChEstDynDescr_t *)"
5127909821,2688,344791,103,1,1,128,1,1,16,0.000,0.000,,,,,NVIDIA A100-SXM4-40GB MIG 4g.20gb (0),1,,13,cupy_copy__complex64_complex64
5127925117,12575,344801,1434,1,1,128,1,1,16,0.000,0.000,,,,,NVIDIA A100-SXM4-40GB MIG 4g.20gb (0),1,,13,cupy_copy__complex64_complex64
5127949724,2624,344808,103,1,1,128,1,1,16,0.000,0.000,,,,,NVIDIA A100-SXM4-40GB MIG 4g.20gb (0),1,,13,cupy_copy__complex64_complex64
5127960252,83935,344815,1,1,1,32,32,1,30,0.000,0.000,,,,,NVIDIA A100-SXM4-40GB MIG 4g.20gb (0),1,,13,"void convert_kernel<__half2, float2>(tensor_layout_any, T1 *, tensor_layout_any, const T2 *)"
5128074203,13696,344818,,,,,,,,,,0.094,6841.120,Pinned,Device,NVIDIA A100-SXM4-40GB MIG 4g.20gb (0),1,,13,[CUDA memcpy Host-to-Device]
5128095290,47296,344819,,,,,,,,,,35.810,757129.139,Device,,NVIDIA A100-SXM4-40GB MIG 4g.20gb (0),1,,13,[CUDA memset]
5128148762,5408,344821,,,,,,,,,,0.000,14.793,Pinned,Device,NVIDIA A100-SXM4-40GB MIG 4g.20gb (0),1,,13,[CUDA memcpy Host-to-Device]
5128159354,16415,344822,,,,,,,,,,0.197,11977.163,Pinned,Device,NVIDIA A100-SXM4-40GB MIG 4g.20gb (0),1,,13,[CUDA memcpy Host-to-Device]
5128184889,9696,344823,273,1,1,48,1,1,40,0.000,0.001,,,,,NVIDIA A100-SXM4-40GB MIG 4g.20gb (0),1,,13,"void pusch_noise_intf_est::noiseIntfEstNoDftSOfdmKernel<float, __half, float, float, (unsigned int)2, (unsigned int)1, (unsigned char)4, (unsigned char)4>(pusch_noise_intf_est::puschRxNoiseIntfEstDynDescr)"
5128202073,2976,344834,35,1,1,128,1,1,16,0.000,0.000,,,,,NVIDIA A100-SXM4-40GB MIG 4g.20gb (0),1,,13,cupy_copy__complex64_complex64
5128207129,1920,344843,1,1,1,1,1,1,18,0.000,0.000,,,,,NVIDIA A100-SXM4-40GB MIG 4g.20gb (0),1,,13,cupy_copy__float32_float32
5128225529,1888,344849,,,,,,,,,,0.000,2.119,Device,Pageable,NVIDIA A100-SXM4-40GB MIG 4g.20gb (0),1,,7,[CUDA memcpy Device-to-Host]
5128285912,12736,344860,1434,1,1,128,1,1,16,0.000,0.000,,,,,NVIDIA A100-SXM4-40GB MIG 4g.20gb (0),1,,13,cupy_copy__complex64_complex64
5128313592,3584,344867,103,1,1,128,1,1,16,0.000,0.000,,,,,NVIDIA A100-SXM4-40GB MIG 4g.20gb (0),1,,13,cupy_copy__complex64_complex64
5128333432,2335,344874,35,1,1,128,1,1,16,0.000,0.000,,,,,NVIDIA A100-SXM4-40GB MIG 4g.20gb (0),1,,13,cupy_copy__complex64_complex64
5128352023,1760,344881,1,1,1,1,1,1,18,0.000,0.000,,,,,NVIDIA A100-SXM4-40GB MIG 4g.20gb (0),1,,13,cupy_copy__float32_float32
5128483126,82623,344892,1,1,1,32,32,1,30,0.000,0.000,,,,,NVIDIA A100-SXM4-40GB MIG 4g.20gb (0),1,,13,"void convert_kernel<__half2, float2>(tensor_layout_any, T1 *, tensor_layout_any, const T2 *)"
5128593108,5952,344895,,,,,,,,,,0.094,15741.865,Pinned,Device,NVIDIA A100-SXM4-40GB MIG 4g.20gb (0),1,,13,[CUDA memcpy Host-to-Device]
5128607444,3552,344896,,,,,,,,,,1.547,435422.601,Device,,NVIDIA A100-SXM4-40GB MIG 4g.20gb (0),1,,13,[CUDA memset]
5128614356,3616,344901,,,,,,,,,,0.031,8654.846,Pinned,Device,NVIDIA A100-SXM4-40GB MIG 4g.20gb (0),1,,13,[CUDA memcpy Host-to-Device]
5128620468,10464,344902,,,,,,,,,,0.197,18788.844,Pinned,Device,NVIDIA A100-SXM4-40GB MIG 4g.20gb (0),1,,13,[CUDA memcpy Host-to-Device]
5128636916,5920,344903,273,1,1,8,4,1,39,0.002,0.000,,,,,NVIDIA A100-SXM4-40GB MIG 4g.20gb (0),1,,13,"void channel_eq::eqMmseCoefCompLowMimoKernel<float, float, float, (unsigned int)4, (unsigned int)1, (unsigned int)4>(const channel_eq::_puschRxChEqStatDescr *, channel_eq::_puschRxChEqCoefCompDynDescr)"
5128643924,7872,344904,273,1,1,12,11,1,51,0.002,0.000,,,,,NVIDIA A100-SXM4-40GB MIG 4g.20gb (0),1,,13,"void channel_eq::eqMmseSoftDemapKernel<float, __half, __half, float, (unsigned int)4, (unsigned short)16383>(channel_eq::_puschRxChEqStatDescr *, channel_eq::_puschRxChEqSoftDemapDynDescr)"
5128655668,282972,344905,1,1,1,32,32,1,30,0.000,0.000,,,,,NVIDIA A100-SXM4-40GB MIG 4g.20gb (0),1,,13,"void convert_kernel<float2, __half2>(tensor_layout_any, T1 *, tensor_layout_any, const T2 *)"
5128940976,11008,344917,2253,1,1,128,1,1,16,0.000,0.000,,,,,NVIDIA A100-SXM4-40GB MIG 4g.20gb (0),1,,13,cupy_copy__float16_float16
5128956624,2880,344926,282,1,1,128,1,1,16,0.000,0.000,,,,,NVIDIA A100-SXM4-40GB MIG 4g.20gb (0),1,,13,cupy_copy__complex64_complex64
5128961904,2112,344935,26,1,1,128,1,1,16,0.000,0.000,,,,,NVIDIA A100-SXM4-40GB MIG 4g.20gb (0),1,,13,cupy_copy__float32_float32
5128967856,2976,344944,103,1,1,128,1,1,16,0.000,0.000,,,,,NVIDIA A100-SXM4-40GB MIG 4g.20gb (0),1,,13,cupy_copy__complex64_complex64
5128971984,11871,344954,1434,1,1,128,1,1,16,0.000,0.000,,,,,NVIDIA A100-SXM4-40GB MIG 4g.20gb (0),1,,13,cupy_copy__complex64_complex64
5128986095,88063,344959,1,1,1,32,32,1,30,0.000,0.000,,,,,NVIDIA A100-SXM4-40GB MIG 4g.20gb (0),1,,13,"void convert_kernel<__half2, float2>(tensor_layout_any, T1 *, tensor_layout_any, const T2 *)"
5129101326,5888,344962,,,,,,,,,,0.094,15912.954,Pinned,Device,NVIDIA A100-SXM4-40GB MIG 4g.20gb (0),1,,13,[CUDA memcpy Host-to-Device]
5129112430,597497,344963,,,,,,,,,,456.561,763827.289,Device,,NVIDIA A100-SXM4-40GB MIG 4g.20gb (0),1,,13,[CUDA memset]
5129711111,151262,344968,,,,,,,,,,1.235,8164.215,Pinned,Device,NVIDIA A100-SXM4-40GB MIG 4g.20gb (0),1,,13,[CUDA memcpy Host-to-Device]
5129874629,40383,344969,,,,,,,,,,0.197,4868.407,Pinned,Device,NVIDIA A100-SXM4-40GB MIG 4g.20gb (0),1,,13,[CUDA memcpy Host-to-Device]
5129932452,8672,344970,69,4,1,48,1,1,76,0.002,0.000,,,,,NVIDIA A100-SXM4-40GB MIG 4g.20gb (0),1,,13,"void ch_est::windowedChEstPreNoDftSOfdmKernel<float, __half, float, (unsigned int)2, (unsigned int)1, (unsigned short)4>(ch_est::puschRxChEstStatDescr_t *, ch_est::puschRxChEstDynDescr_t *)"
5129949988,6783,344971,137,2,1,24,2,1,44,0.001,0.001,,,,,NVIDIA A100-SXM4-40GB MIG 4g.20gb (0),1,,13,"void ch_est::chEstFilterNoDftSOfdmDispatchKernel<float, __half, float, (unsigned int)2>(ch_est::puschRxChEstStatDescr_t *, ch_est::puschRxChEstDynDescr_t *)"
5129969507,4640,344972,137,2,1,24,2,1,44,0.001,0.001,,,,,NVIDIA A100-SXM4-40GB MIG 4g.20gb (0),1,,13,"void ch_est::chEstFilterNoDftSOfdmDispatchKernel<float, __half, float, (unsigned int)2>(ch_est::puschRxChEstStatDescr_t *, ch_est::puschRxChEstDynDescr_t *)"
5129986403,2720,344983,103,1,1,128,1,1,16,0.000,0.000,,,,,NVIDIA A100-SXM4-40GB MIG 4g.20gb (0),1,,13,cupy_copy__complex64_complex64
5130003747,12576,344993,1434,1,1,128,1,1,16,0.000,0.000,,,,,NVIDIA A100-SXM4-40GB MIG 4g.20gb (0),1,,13,cupy_copy__complex64_complex64
5130022243,2912,345000,103,1,1,128,1,1,16,0.000,0.000,,,,,NVIDIA A100-SXM4-40GB MIG 4g.20gb (0),1,,13,cupy_copy__complex64_complex64
5130042018,93471,345007,1,1,1,32,32,1,30,0.000,0.000,,,,,NVIDIA A100-SXM4-40GB MIG 4g.20gb (0),1,,13,"void convert_kernel<__half2, float2>(tensor_layout_any, T1 *, tensor_layout_any, const T2 *)"
5130171329,16512,345010,,,,,,,,,,0.094,5674.417,Pinned,Device,NVIDIA A100-SXM4-40GB MIG 4g.20gb (0),1,,13,[CUDA memcpy Host-to-Device]
5130201056,47072,345011,,,,,,,,,,35.810,760745.940,Device,,NVIDIA A100-SXM4-40GB MIG 4g.20gb (0),1,,13,[CUDA memset]
5130253376,5216,345013,,,,,,,,,,0.000,15.337,Pinned,Device,NVIDIA A100-SXM4-40GB MIG 4g.20gb (0),1,,13,[CUDA memcpy Host-to-Device]
5130265760,15935,345014,,,,,,,,,,0.197,12337.938,Pinned,Device,NVIDIA A100-SXM4-40GB MIG 4g.20gb (0),1,,13,[CUDA memcpy Host-to-Device]
5130295039,9696,345015,273,1,1,48,1,1,40,0.000,0.001,,,,,NVIDIA A100-SXM4-40GB MIG 4g.20gb (0),1,,13,"void pusch_noise_intf_est::noiseIntfEstNoDftSOfdmKernel<float, __half, float, float, (unsigned int)2, (unsigned int)1, (unsigned char)4, (unsigned char)4>(pusch_noise_intf_est::puschRxNoiseIntfEstDynDescr)"
5130311359,3008,345026,35,1,1,128,1,1,16,0.000,0.000,,,,,NVIDIA A100-SXM4-40GB MIG 4g.20gb (0),1,,13,cupy_copy__complex64_complex64
5130319679,2048,345035,1,1,1,1,1,1,18,0.000,0.000,,,,,NVIDIA A100-SXM4-40GB MIG 4g.20gb (0),1,,13,cupy_copy__float32_float32
5130327103,5120,345041,,,,,,,,,,0.000,0.781,Device,Pageable,NVIDIA A100-SXM4-40GB MIG 4g.20gb (0),1,,7,[CUDA memcpy Device-to-Host]
5130400350,13312,345052,1434,1,1,128,1,1,16,0.000,0.000,,,,,NVIDIA A100-SXM4-40GB MIG 4g.20gb (0),1,,13,cupy_copy__complex64_complex64
5130431198,3872,345059,103,1,1,128,1,1,16,0.000,0.000,,,,,NVIDIA A100-SXM4-40GB MIG 4g.20gb (0),1,,13,cupy_copy__complex64_complex64
5130449853,2528,345066,35,1,1,128,1,1,16,0.000,0.000,,,,,NVIDIA A100-SXM4-40GB MIG 4g.20gb (0),1,,13,cupy_copy__complex64_complex64
5130471165,1920,345073,1,1,1,1,1,1,18,0.000,0.000,,,,,NVIDIA A100-SXM4-40GB MIG 4g.20gb (0),1,,13,cupy_copy__float32_float32
5130594492,87519,345084,1,1,1,32,32,1,30,0.000,0.000,,,,,NVIDIA A100-SXM4-40GB MIG 4g.20gb (0),1,,13,"void convert_kernel<__half2, float2>(tensor_layout_any, T1 *, tensor_layout_any, const T2 *)"
5130709882,6048,345087,,,,,,,,,,0.094,15491.978,Pinned,Device,NVIDIA A100-SXM4-40GB MIG 4g.20gb (0),1,,13,[CUDA memcpy Host-to-Device]
5130725018,3232,345088,,,,,,,,,,1.547,478533.199,Device,,NVIDIA A100-SXM4-40GB MIG 4g.20gb (0),1,,13,[CUDA memset]
5130731034,3040,345093,,,,,,,,,,0.031,10294.725,Pinned,Device,NVIDIA A100-SXM4-40GB MIG 4g.20gb (0),1,,13,[CUDA memcpy Host-to-Device]
5130737274,9824,345094,,,,,,,,,,0.197,20012.925,Pinned,Device,NVIDIA A100-SXM4-40GB MIG 4g.20gb (0),1,,13,[CUDA memcpy Host-to-Device]
5130753626,8448,345095,273,1,1,8,4,1,39,0.002,0.000,,,,,NVIDIA A100-SXM4-40GB MIG 4g.20gb (0),1,,13,"void channel_eq::eqMmseCoefCompLowMimoKernel<float, float, float, (unsigned int)4, (unsigned int)1, (unsigned int)4>(const channel_eq::_puschRxChEqStatDescr *, channel_eq::_puschRxChEqCoefCompDynDescr)"
5130763098,6175,345096,273,1,1,12,11,1,51,0.002,0.000,,,,,NVIDIA A100-SXM4-40GB MIG 4g.20gb (0),1,,13,"void channel_eq::eqMmseSoftDemapKernel<float, __half, __half, float, (unsigned int)4, (unsigned short)16383>(channel_eq::_puschRxChEqStatDescr *, channel_eq::_puschRxChEqSoftDemapDynDescr)"
5130770233,282941,345097,1,1,1,32,32,1,30,0.000,0.000,,,,,NVIDIA A100-SXM4-40GB MIG 4g.20gb (0),1,,13,"void convert_kernel<float2, __half2>(tensor_layout_any, T1 *, tensor_layout_any, const T2 *)"
5131055318,11104,345109,2253,1,1,128,1,1,16,0.000,0.000,,,,,NVIDIA A100-SXM4-40GB MIG 4g.20gb (0),1,,13,cupy_copy__float16_float16
5131069334,3680,345118,282,1,1,128,1,1,16,0.000,0.000,,,,,NVIDIA A100-SXM4-40GB MIG 4g.20gb (0),1,,13,cupy_copy__complex64_complex64
5131076598,2016,345127,26,1,1,128,1,1,16,0.000,0.000,,,,,NVIDIA A100-SXM4-40GB MIG 4g.20gb (0),1,,13,cupy_copy__float32_float32
5131082230,3488,345136,103,1,1,128,1,1,16,0.000,0.000,,,,,NVIDIA A100-SXM4-40GB MIG 4g.20gb (0),1,,13,cupy_copy__complex64_complex64
5131088566,12543,345146,1434,1,1,128,1,1,16,0.000,0.000,,,,,NVIDIA A100-SXM4-40GB MIG 4g.20gb (0),1,,13,cupy_copy__complex64_complex64
5131110613,81631,345151,1,1,1,32,32,1,30,0.000,0.000,,,,,NVIDIA A100-SXM4-40GB MIG 4g.20gb (0),1,,13,"void convert_kernel<__half2, float2>(tensor_layout_any, T1 *, tensor_layout_any, const T2 *)"
5131219188,5536,345154,,,,,,,,,,0.094,16924.777,Pinned,Device,NVIDIA A100-SXM4-40GB MIG 4g.20gb (0),1,,13,[CUDA memcpy Host-to-Device]
5131229396,596088,345155,,,,,,,,,,456.561,765653.535,Device,,NVIDIA A100-SXM4-40GB MIG 4g.20gb (0),1,,13,[CUDA memset]
5131831340,142303,345160,,,,,,,,,,1.235,8677.951,Pinned,Device,NVIDIA A100-SXM4-40GB MIG 4g.20gb (0),1,,13,[CUDA memcpy Host-to-Device]
5131985930,32256,345161,,,,,,,,,,0.197,6095.045,Pinned,Device,NVIDIA A100-SXM4-40GB MIG 4g.20gb (0),1,,13,[CUDA memcpy Host-to-Device]
5132038794,8032,345162,69,4,1,48,1,1,76,0.002,0.000,,,,,NVIDIA A100-SXM4-40GB MIG 4g.20gb (0),1,,13,"void ch_est::windowedChEstPreNoDftSOfdmKernel<float, __half, float, (unsigned int)2, (unsigned int)1, (unsigned short)4>(ch_est::puschRxChEstStatDescr_t *, ch_est::puschRxChEstDynDescr_t *)"
5132057258,7136,345163,137,2,1,24,2,1,44,0.001,0.001,,,,,NVIDIA A100-SXM4-40GB MIG 4g.20gb (0),1,,13,"void ch_est::chEstFilterNoDftSOfdmDispatchKernel<float, __half, float, (unsigned int)2>(ch_est::puschRxChEstStatDescr_t *, ch_est::puschRxChEstDynDescr_t *)"
5132070025,4736,345164,137,2,1,24,2,1,44,0.001,0.001,,,,,NVIDIA A100-SXM4-40GB MIG 4g.20gb (0),1,,13,"void ch_est::chEstFilterNoDftSOfdmDispatchKernel<float, __half, float, (unsigned int)2>(ch_est::puschRxChEstStatDescr_t *, ch_est::puschRxChEstDynDescr_t *)"
5132085641,2592,345175,103,1,1,128,1,1,16,0.000,0.000,,,,,NVIDIA A100-SXM4-40GB MIG 4g.20gb (0),1,,13,cupy_copy__complex64_complex64
5132098889,12416,345185,1434,1,1,128,1,1,16,0.000,0.000,,,,,NVIDIA A100-SXM4-40GB MIG 4g.20gb (0),1,,13,cupy_copy__complex64_complex64
5132134601,2656,345192,103,1,1,128,1,1,16,0.000,0.000,,,,,NVIDIA A100-SXM4-40GB MIG 4g.20gb (0),1,,13,cupy_copy__complex64_complex64
5132151176,92479,345199,1,1,1,32,32,1,30,0.000,0.000,,,,,NVIDIA A100-SXM4-40GB MIG 4g.20gb (0),1,,13,"void convert_kernel<__half2, float2>(tensor_layout_any, T1 *, tensor_layout_any, const T2 *)"
5132276839,22304,345202,,,,,,,,,,0.094,4200.860,Pinned,Device,NVIDIA A100-SXM4-40GB MIG 4g.20gb (0),1,,13,[CUDA memcpy Host-to-Device]
5132316230,47168,345203,,,,,,,,,,35.810,759170.304,Device,,NVIDIA A100-SXM4-40GB MIG 4g.20gb (0),1,,13,[CUDA memset]
5132370566,12000,345205,,,,,,,,,,0.000,6.667,Pinned,Device,NVIDIA A100-SXM4-40GB MIG 4g.20gb (0),1,,13,[CUDA memcpy Host-to-Device]
5132391430,25343,345206,,,,,,,,,,0.197,7757.758,Pinned,Device,NVIDIA A100-SXM4-40GB MIG 4g.20gb (0),1,,13,[CUDA memcpy Host-to-Device]
5132434149,9600,345207,273,1,1,48,1,1,40,0.000,0.001,,,,,NVIDIA A100-SXM4-40GB MIG 4g.20gb (0),1,,13,"void pusch_noise_intf_est::noiseIntfEstNoDftSOfdmKernel<float, __half, float, float, (unsigned int)2, (unsigned int)1, (unsigned char)4, (unsigned char)4>(pusch_noise_intf_est::puschRxNoiseIntfEstDynDescr)"
5132450821,2624,345218,35,1,1,128,1,1,16,0.000,0.000,,,,,NVIDIA A100-SXM4-40GB MIG 4g.20gb (0),1,,13,cupy_copy__complex64_complex64
5132467557,1728,345227,1,1,1,1,1,1,18,0.000,0.000,,,,,NVIDIA A100-SXM4-40GB MIG 4g.20gb (0),1,,13,cupy_copy__float32_float32
5132477476,5984,345233,,,,,,,,,,0.000,0.668,Device,Pageable,NVIDIA A100-SXM4-40GB MIG 4g.20gb (0),1,,7,[CUDA memcpy Device-to-Host]
5132572035,12352,345244,1434,1,1,128,1,1,16,0.000,0.000,,,,,NVIDIA A100-SXM4-40GB MIG 4g.20gb (0),1,,13,cupy_copy__complex64_complex64
5132595171,3392,345251,103,1,1,128,1,1,16,0.000,0.000,,,,,NVIDIA A100-SXM4-40GB MIG 4g.20gb (0),1,,13,cupy_copy__complex64_complex64
5132615619,2528,345258,35,1,1,128,1,1,16,0.000,0.000,,,,,NVIDIA A100-SXM4-40GB MIG 4g.20gb (0),1,,13,cupy_copy__complex64_complex64
5132632259,1984,345265,1,1,1,1,1,1,18,0.000,0.000,,,,,NVIDIA A100-SXM4-40GB MIG 4g.20gb (0),1,,13,cupy_copy__float32_float32
5132758753,87967,345276,1,1,1,32,32,1,30,0.000,0.000,,,,,NVIDIA A100-SXM4-40GB MIG 4g.20gb (0),1,,13,"void convert_kernel<__half2, float2>(tensor_layout_any, T1 *, tensor_layout_any, const T2 *)"
5132879167,13728,345279,,,,,,,,,,0.094,6825.098,Pinned,Device,NVIDIA A100-SXM4-40GB MIG 4g.20gb (0),1,,13,[CUDA memcpy Host-to-Device]
5132897983,3424,345280,,,,,,,,,,1.547,451700.819,Device,,NVIDIA A100-SXM4-40GB MIG 4g.20gb (0),1,,13,[CUDA memset]
5132906207,7616,345285,,,,,,,,,,0.031,4109.227,Pinned,Device,NVIDIA A100-SXM4-40GB MIG 4g.20gb (0),1,,13,[CUDA memcpy Host-to-Device]
5132916767,16320,345286,,,,,,,,,,0.197,12046.959,Pinned,Device,NVIDIA A100-SXM4-40GB MIG 4g.20gb (0),1,,13,[CUDA memcpy Host-to-Device]
5132944351,6144,345287,273,1,1,8,4,1,39,0.002,0.000,,,,,NVIDIA A100-SXM4-40GB MIG 4g.20gb (0),1,,13,"void channel_eq::eqMmseCoefCompLowMimoKernel<float, float, float, (unsigned int)4, (unsigned int)1, (unsigned int)4>(const channel_eq::_puschRxChEqStatDescr *, channel_eq::_puschRxChEqCoefCompDynDescr)"
5132952543,5568,345288,273,1,1,12,11,1,51,0.002,0.000,,,,,NVIDIA A100-SXM4-40GB MIG 4g.20gb (0),1,,13,"void channel_eq::eqMmseSoftDemapKernel<float, __half, __half, float, (unsigned int)4, (unsigned short)16383>(channel_eq::_puschRxChEqStatDescr *, channel_eq::_puschRxChEqSoftDemapDynDescr)"
5132960574,282621,345289,1,1,1,32,32,1,30,0.000,0.000,,,,,NVIDIA A100-SXM4-40GB MIG 4g.20gb (0),1,,13,"void convert_kernel<float2, __half2>(tensor_layout_any, T1 *, tensor_layout_any, const T2 *)"
5133244283,10944,345301,2253,1,1,128,1,1,16,0.000,0.000,,,,,NVIDIA A100-SXM4-40GB MIG 4g.20gb (0),1,,13,cupy_copy__float16_float16
5133258043,3072,345310,282,1,1,128,1,1,16,0.000,0.000,,,,,NVIDIA A100-SXM4-40GB MIG 4g.20gb (0),1,,13,cupy_copy__complex64_complex64
5133263547,1984,345319,26,1,1,128,1,1,16,0.000,0.000,,,,,NVIDIA A100-SXM4-40GB MIG 4g.20gb (0),1,,13,cupy_copy__float32_float32
5133266683,4640,345328,103,1,1,128,1,1,16,0.000,0.000,,,,,NVIDIA A100-SXM4-40GB MIG 4g.20gb (0),1,,13,cupy_copy__complex64_complex64
5133272347,11808,345338,1434,1,1,128,1,1,16,0.000,0.000,,,,,NVIDIA A100-SXM4-40GB MIG 4g.20gb (0),1,,13,cupy_copy__complex64_complex64
5133288922,87199,345343,1,1,1,32,32,1,30,0.000,0.000,,,,,NVIDIA A100-SXM4-40GB MIG 4g.20gb (0),1,,13,"void convert_kernel<__half2, float2>(tensor_layout_any, T1 *, tensor_layout_any, const T2 *)"
5133402745,5728,345346,,,,,,,,,,0.094,16357.541,Pinned,Device,NVIDIA A100-SXM4-40GB MIG 4g.20gb (0),1,,13,[CUDA memcpy Host-to-Device]
5133413241,598265,345347,,,,,,,,,,456.561,762914.166,Device,,NVIDIA A100-SXM4-40GB MIG 4g.20gb (0),1,,13,[CUDA memset]
5134019601,91391,345352,,,,,,,,,,1.235,13511.522,Pinned,Device,NVIDIA A100-SXM4-40GB MIG 4g.20gb (0),1,,13,[CUDA memcpy Host-to-Device]
5134117776,16224,345353,,,,,,,,,,0.197,12118.327,Pinned,Device,NVIDIA A100-SXM4-40GB MIG 4g.20gb (0),1,,13,[CUDA memcpy Host-to-Device]
5134143344,8928,345354,69,4,1,48,1,1,76,0.002,0.000,,,,,NVIDIA A100-SXM4-40GB MIG 4g.20gb (0),1,,13,"void ch_est::windowedChEstPreNoDftSOfdmKernel<float, __half, float, (unsigned int)2, (unsigned int)1, (unsigned short)4>(ch_est::puschRxChEstStatDescr_t *, ch_est::puschRxChEstDynDescr_t *)"
5134158672,7424,345355,137,2,1,24,2,1,44,0.001,0.001,,,,,NVIDIA A100-SXM4-40GB MIG 4g.20gb (0),1,,13,"void ch_est::chEstFilterNoDftSOfdmDispatchKernel<float, __half, float, (unsigned int)2>(ch_est::puschRxChEstStatDescr_t *, ch_est::puschRxChEstDynDescr_t *)"
5134173648,6271,345356,137,2,1,24,2,1,44,0.001,0.001,,,,,NVIDIA A100-SXM4-40GB MIG 4g.20gb (0),1,,13,"void ch_est::chEstFilterNoDftSOfdmDispatchKernel<float, __half, float, (unsigned int)2>(ch_est::puschRxChEstStatDescr_t *, ch_est::puschRxChEstDynDescr_t *)"
5134181327,3104,345367,103,1,1,128,1,1,16,0.000,0.000,,,,,NVIDIA A100-SXM4-40GB MIG 4g.20gb (0),1,,13,cupy_copy__complex64_complex64
5134190287,12896,345377,1434,1,1,128,1,1,16,0.000,0.000,,,,,NVIDIA A100-SXM4-40GB MIG 4g.20gb (0),1,,13,cupy_copy__complex64_complex64
5134205519,3136,345384,103,1,1,128,1,1,16,0.000,0.000,,,,,NVIDIA A100-SXM4-40GB MIG 4g.20gb (0),1,,13,cupy_copy__complex64_complex64
5134214287,82015,345391,1,1,1,32,32,1,30,0.000,0.000,,,,,NVIDIA A100-SXM4-40GB MIG 4g.20gb (0),1,,13,"void convert_kernel<__half2, float2>(tensor_layout_any, T1 *, tensor_layout_any, const T2 *)"
5134325390,12384,345394,,,,,,,,,,0.094,7565.858,Pinned,Device,NVIDIA A100-SXM4-40GB MIG 4g.20gb (0),1,,13,[CUDA memcpy Host-to-Device]
5134348685,47008,345395,,,,,,,,,,35.810,761748.618,Device,,NVIDIA A100-SXM4-40GB MIG 4g.20gb (0),1,,13,[CUDA memset]
5134403213,4064,345397,,,,,,,,,,0.000,19.685,Pinned,Device,NVIDIA A100-SXM4-40GB MIG 4g.20gb (0),1,,13,[CUDA memcpy Host-to-Device]
5134413933,11583,345398,,,,,,,,,,0.197,16973.758,Pinned,Device,NVIDIA A100-SXM4-40GB MIG 4g.20gb (0),1,,13,[CUDA memcpy Host-to-Device]
5134435756,9536,345399,273,1,1,48,1,1,40,0.000,0.001,,,,,NVIDIA A100-SXM4-40GB MIG 4g.20gb (0),1,,13,"void pusch_noise_intf_est::noiseIntfEstNoDftSOfdmKernel<float, __half, float, float, (unsigned int)2, (unsigned int)1, (unsigned char)4, (unsigned char)4>(pusch_noise_intf_est::puschRxNoiseIntfEstDynDescr)"
5134447756,2656,345410,35,1,1,128,1,1,16,0.000,0.000,,,,,NVIDIA A100-SXM4-40GB MIG 4g.20gb (0),1,,13,cupy_copy__complex64_complex64
5134454092,1760,345419,1,1,1,1,1,1,18,0.000,0.000,,,,,NVIDIA A100-SXM4-40GB MIG 4g.20gb (0),1,,13,cupy_copy__float32_float32
5134474732,1664,345425,,,,,,,,,,0.000,2.404,Device,Pageable,NVIDIA A100-SXM4-40GB MIG 4g.20gb (0),1,,7,[CUDA memcpy Device-to-Host]
5134534603,12864,345436,1434,1,1,128,1,1,16,0.000,0.000,,,,,NVIDIA A100-SXM4-40GB MIG 4g.20gb (0),1,,13,cupy_copy__complex64_complex64
5134561707,3360,345443,103,1,1,128,1,1,16,0.000,0.000,,,,,NVIDIA A100-SXM4-40GB MIG 4g.20gb (0),1,,13,cupy_copy__complex64_complex64
5134581515,2175,345450,35,1,1,128,1,1,16,0.000,0.000,,,,,NVIDIA A100-SXM4-40GB MIG 4g.20gb (0),1,,13,cupy_copy__complex64_complex64
5134600778,1856,345457,1,1,1,1,1,1,18,0.000,0.000,,,,,NVIDIA A100-SXM4-40GB MIG 4g.20gb (0),1,,13,cupy_copy__float32_float32
5134730825,81919,345468,1,1,1,32,32,1,30,0.000,0.000,,,,,NVIDIA A100-SXM4-40GB MIG 4g.20gb (0),1,,13,"void convert_kernel<__half2, float2>(tensor_layout_any, T1 *, tensor_layout_any, const T2 *)"
5134846951,6016,345471,,,,,,,,,,0.094,15574.430,Pinned,Device,NVIDIA A100-SXM4-40GB MIG 4g.20gb (0),1,,13,[CUDA memcpy Host-to-Device]
5134862727,3136,345472,,,,,,,,,,1.547,493182.821,Device,,NVIDIA A100-SXM4-40GB MIG 4g.20gb (0),1,,13,[CUDA memset]
5134869095,3168,345477,,,,,,,,,,0.031,9878.770,Pinned,Device,NVIDIA A100-SXM4-40GB MIG 4g.20gb (0),1,,13,[CUDA memcpy Host-to-Device]
5134875015,10368,345478,,,,,,,,,,0.197,18962.842,Pinned,Device,NVIDIA A100-SXM4-40GB MIG 4g.20gb (0),1,,13,[CUDA memcpy Host-to-Device]
5134892519,6048,345479,273,1,1,8,4,1,39,0.002,0.000,,,,,NVIDIA A100-SXM4-40GB MIG 4g.20gb (0),1,,13,"void channel_eq::eqMmseCoefCompLowMimoKernel<float, float, float, (unsigned int)4, (unsigned int)1, (unsigned int)4>(const channel_eq::_puschRxChEqStatDescr *, channel_eq::_puschRxChEqCoefCompDynDescr)"
5134899751,5632,345480,273,1,1,12,11,1,51,0.002,0.000,,,,,NVIDIA A100-SXM4-40GB MIG 4g.20gb (0),1,,13,"void channel_eq::eqMmseSoftDemapKernel<float, __half, __half, float, (unsigned int)4, (unsigned short)16383>(channel_eq::_puschRxChEqStatDescr *, channel_eq::_puschRxChEqSoftDemapDynDescr)"
5134906503,281916,345481,1,1,1,32,32,1,30,0.000,0.000,,,,,NVIDIA A100-SXM4-40GB MIG 4g.20gb (0),1,,13,"void convert_kernel<float2, __half2>(tensor_layout_any, T1 *, tensor_layout_any, const T2 *)"
5135189667,11424,345493,2253,1,1,128,1,1,16,0.000,0.000,,,,,NVIDIA A100-SXM4-40GB MIG 4g.20gb (0),1,,13,cupy_copy__float16_float16
5135205059,3168,345502,282,1,1,128,1,1,16,0.000,0.000,,,,,NVIDIA A100-SXM4-40GB MIG 4g.20gb (0),1,,13,cupy_copy__complex64_complex64
5135211715,2208,345511,26,1,1,128,1,1,16,0.000,0.000,,,,,NVIDIA A100-SXM4-40GB MIG 4g.20gb (0),1,,13,cupy_copy__float32_float32
5135216387,2912,345520,103,1,1,128,1,1,16,0.000,0.000,,,,,NVIDIA A100-SXM4-40GB MIG 4g.20gb (0),1,,13,cupy_copy__complex64_complex64
5135220771,12511,345530,1434,1,1,128,1,1,16,0.000,0.000,,,,,NVIDIA A100-SXM4-40GB MIG 4g.20gb (0),1,,13,cupy_copy__complex64_complex64
5135239426,87359,345535,1,1,1,32,32,1,30,0.000,0.000,,,,,NVIDIA A100-SXM4-40GB MIG 4g.20gb (0),1,,13,"void convert_kernel<__half2, float2>(tensor_layout_any, T1 *, tensor_layout_any, const T2 *)"
5135353505,5408,345538,,,,,,,,,,0.094,17325.421,Pinned,Device,NVIDIA A100-SXM4-40GB MIG 4g.20gb (0),1,,13,[CUDA memcpy Host-to-Device]
5135365505,598232,345539,,,,,,,,,,456.561,762914.166,Device,,NVIDIA A100-SXM4-40GB MIG 4g.20gb (0),1,,13,[CUDA memset]
5135970617,164798,345544,,,,,,,,,,1.235,7493.640,Pinned,Device,NVIDIA A100-SXM4-40GB MIG 4g.20gb (0),1,,13,[CUDA memcpy Host-to-Device]
5136148183,39712,345545,,,,,,,,,,0.197,4950.786,Pinned,Device,NVIDIA A100-SXM4-40GB MIG 4g.20gb (0),1,,13,[CUDA memcpy Host-to-Device]
5136210006,8192,345546,69,4,1,48,1,1,76,0.002,0.000,,,,,NVIDIA A100-SXM4-40GB MIG 4g.20gb (0),1,,13,"void ch_est::windowedChEstPreNoDftSOfdmKernel<float, __half, float, (unsigned int)2, (unsigned int)1, (unsigned short)4>(ch_est::puschRxChEstStatDescr_t *, ch_est::puschRxChEstDynDescr_t *)"
5136226710,6432,345547,137,2,1,24,2,1,44,0.001,0.001,,,,,NVIDIA A100-SXM4-40GB MIG 4g.20gb (0),1,,13,"void ch_est::chEstFilterNoDftSOfdmDispatchKernel<float, __half, float, (unsigned int)2>(ch_est::puschRxChEstStatDescr_t *, ch_est::puschRxChEstDynDescr_t *)"
5136242646,4960,345548,137,2,1,24,2,1,44,0.001,0.001,,,,,NVIDIA A100-SXM4-40GB MIG 4g.20gb (0),1,,13,"void ch_est::chEstFilterNoDftSOfdmDispatchKernel<float, __half, float, (unsigned int)2>(ch_est::puschRxChEstStatDescr_t *, ch_est::puschRxChEstDynDescr_t *)"
5136256086,2624,345559,103,1,1,128,1,1,16,0.000,0.000,,,,,NVIDIA A100-SXM4-40GB MIG 4g.20gb (0),1,,13,cupy_copy__complex64_complex64
5136269078,12544,345569,1434,1,1,128,1,1,16,0.000,0.000,,,,,NVIDIA A100-SXM4-40GB MIG 4g.20gb (0),1,,13,cupy_copy__complex64_complex64
5136294261,2528,345576,103,1,1,128,1,1,16,0.000,0.000,,,,,NVIDIA A100-SXM4-40GB MIG 4g.20gb (0),1,,13,cupy_copy__complex64_complex64
5136304213,87519,345583,1,1,1,32,32,1,30,0.000,0.000,,,,,NVIDIA A100-SXM4-40GB MIG 4g.20gb (0),1,,13,"void convert_kernel<__half2, float2>(tensor_layout_any, T1 *, tensor_layout_any, const T2 *)"
5136419060,12768,345586,,,,,,,,,,0.094,7338.271,Pinned,Device,NVIDIA A100-SXM4-40GB MIG 4g.20gb (0),1,,13,[CUDA memcpy Host-to-Device]
5136436436,46943,345587,,,,,,,,,,35.810,762822.916,Device,,NVIDIA A100-SXM4-40GB MIG 4g.20gb (0),1,,13,[CUDA memset]
5136484531,10400,345589,,,,,,,,,,0.000,7.692,Pinned,Device,NVIDIA A100-SXM4-40GB MIG 4g.20gb (0),1,,13,[CUDA memcpy Host-to-Device]
5136504339,14176,345590,,,,,,,,,,0.197,13868.925,Pinned,Device,NVIDIA A100-SXM4-40GB MIG 4g.20gb (0),1,,13,[CUDA memcpy Host-to-Device]
5136532658,9696,345591,273,1,1,48,1,1,40,0.000,0.001,,,,,NVIDIA A100-SXM4-40GB MIG 4g.20gb (0),1,,13,"void pusch_noise_intf_est::noiseIntfEstNoDftSOfdmKernel<float, __half, float, float, (unsigned int)2, (unsigned int)1, (unsigned char)4, (unsigned char)4>(pusch_noise_intf_est::puschRxNoiseIntfEstDynDescr)"
5136544914,2912,345602,35,1,1,128,1,1,16,0.000,0.000,,,,,NVIDIA A100-SXM4-40GB MIG 4g.20gb (0),1,,13,cupy_copy__complex64_complex64
5136554322,1696,345611,1,1,1,1,1,1,18,0.000,0.000,,,,,NVIDIA A100-SXM4-40GB MIG 4g.20gb (0),1,,13,cupy_copy__float32_float32
5136569234,6080,345617,,,,,,,,,,0.000,0.658,Device,Pageable,NVIDIA A100-SXM4-40GB MIG 4g.20gb (0),1,,7,[CUDA memcpy Device-to-Host]
5136649457,13152,345628,1434,1,1,128,1,1,16,0.000,0.000,,,,,NVIDIA A100-SXM4-40GB MIG 4g.20gb (0),1,,13,cupy_copy__complex64_complex64
5136678065,2912,345635,103,1,1,128,1,1,16,0.000,0.000,,,,,NVIDIA A100-SXM4-40GB MIG 4g.20gb (0),1,,13,cupy_copy__complex64_complex64
5136697840,2784,345642,35,1,1,128,1,1,16,0.000,0.000,,,,,NVIDIA A100-SXM4-40GB MIG 4g.20gb (0),1,,13,cupy_copy__complex64_complex64
5136712112,1952,345649,1,1,1,1,1,1,18,0.000,0.000,,,,,NVIDIA A100-SXM4-40GB MIG 4g.20gb (0),1,,13,cupy_copy__float32_float32
5136836751,82015,345660,1,1,1,32,32,1,30,0.000,0.000,,,,,NVIDIA A100-SXM4-40GB MIG 4g.20gb (0),1,,13,"void convert_kernel<__half2, float2>(tensor_layout_any, T1 *, tensor_layout_any, const T2 *)"
5136946477,5664,345663,,,,,,,,,,0.094,16542.310,Pinned,Device,NVIDIA A100-SXM4-40GB MIG 4g.20gb (0),1,,13,[CUDA memcpy Host-to-Device]
5136962637,3456,345664,,,,,,,,,,1.547,447517.201,Device,,NVIDIA A100-SXM4-40GB MIG 4g.20gb (0),1,,13,[CUDA memset]
5136970061,3552,345669,,,,,,,,,,0.031,8810.794,Pinned,Device,NVIDIA A100-SXM4-40GB MIG 4g.20gb (0),1,,13,[CUDA memcpy Host-to-Device]
5136976493,9696,345670,,,,,,,,,,0.197,20277.166,Pinned,Device,NVIDIA A100-SXM4-40GB MIG 4g.20gb (0),1,,13,[CUDA memcpy Host-to-Device]
5136992653,7520,345671,273,1,1,8,4,1,39,0.002,0.000,,,,,NVIDIA A100-SXM4-40GB MIG 4g.20gb (0),1,,13,"void channel_eq::eqMmseCoefCompLowMimoKernel<float, float, float, (unsigned int)4, (unsigned int)1, (unsigned int)4>(const channel_eq::_puschRxChEqStatDescr *, channel_eq::_puschRxChEqCoefCompDynDescr)"
5137002189,6496,345672,273,1,1,12,11,1,51,0.002,0.000,,,,,NVIDIA A100-SXM4-40GB MIG 4g.20gb (0),1,,13,"void channel_eq::eqMmseSoftDemapKernel<float, __half, __half, float, (unsigned int)4, (unsigned short)16383>(channel_eq::_puschRxChEqStatDescr *, channel_eq::_puschRxChEqSoftDemapDynDescr)"
5137009709,284412,345673,1,1,1,32,32,1,30,0.000,0.000,,,,,NVIDIA A100-SXM4-40GB MIG 4g.20gb (0),1,,13,"void convert_kernel<float2, __half2>(tensor_layout_any, T1 *, tensor_layout_any, const T2 *)"
5137298857,10976,345685,2253,1,1,128,1,1,16,0.000,0.000,,,,,NVIDIA A100-SXM4-40GB MIG 4g.20gb (0),1,,13,cupy_copy__float16_float16
5137311465,3552,345694,282,1,1,128,1,1,16,0.000,0.000,,,,,NVIDIA A100-SXM4-40GB MIG 4g.20gb (0),1,,13,cupy_copy__complex64_complex64
5137318793,2016,345703,26,1,1,128,1,1,16,0.000,0.000,,,,,NVIDIA A100-SXM4-40GB MIG 4g.20gb (0),1,,13,cupy_copy__float32_float32
5137323369,2880,345712,103,1,1,128,1,1,16,0.000,0.000,,,,,NVIDIA A100-SXM4-40GB MIG 4g.20gb (0),1,,13,cupy_copy__complex64_complex64
5137329577,12096,345722,1434,1,1,128,1,1,16,0.000,0.000,,,,,NVIDIA A100-SXM4-40GB MIG 4g.20gb (0),1,,13,cupy_copy__complex64_complex64
5137347016,81823,345727,1,1,1,32,32,1,30,0.000,0.000,,,,,NVIDIA A100-SXM4-40GB MIG 4g.20gb (0),1,,13,"void convert_kernel<__half2, float2>(tensor_layout_any, T1 *, tensor_layout_any, const T2 *)"
5137455559,5536,345730,,,,,,,,,,0.094,16924.777,Pinned,Device,NVIDIA A100-SXM4-40GB MIG 4g.20gb (0),1,,13,[CUDA memcpy Host-to-Device]
5137466311,599545,345731,,,,,,,,,,456.561,761087.920,Device,,NVIDIA A100-SXM4-40GB MIG 4g.20gb (0),1,,13,[CUDA memset]
5138070816,134398,345736,,,,,,,,,,1.235,9187.983,Pinned,Device,NVIDIA A100-SXM4-40GB MIG 4g.20gb (0),1,,13,[CUDA memcpy Host-to-Device]
5138213182,31871,345737,,,,,,,,,,0.197,6168.773,Pinned,Device,NVIDIA A100-SXM4-40GB MIG 4g.20gb (0),1,,13,[CUDA memcpy Host-to-Device]
5138262525,8352,345738,69,4,1,48,1,1,76,0.002,0.000,,,,,NVIDIA A100-SXM4-40GB MIG 4g.20gb (0),1,,13,"void ch_est::windowedChEstPreNoDftSOfdmKernel<float, __half, float, (unsigned int)2, (unsigned int)1, (unsigned short)4>(ch_est::puschRxChEstStatDescr_t *, ch_est::puschRxChEstDynDescr_t *)"
5138284381,6528,345739,137,2,1,24,2,1,44,0.001,0.001,,,,,NVIDIA A100-SXM4-40GB MIG 4g.20gb (0),1,,13,"void ch_est::chEstFilterNoDftSOfdmDispatchKernel<float, __half, float, (unsigned int)2>(ch_est::puschRxChEstStatDescr_t *, ch_est::puschRxChEstDynDescr_t *)"
5138300189,4768,345740,137,2,1,24,2,1,44,0.001,0.001,,,,,NVIDIA A100-SXM4-40GB MIG 4g.20gb (0),1,,13,"void ch_est::chEstFilterNoDftSOfdmDispatchKernel<float, __half, float, (unsigned int)2>(ch_est::puschRxChEstStatDescr_t *, ch_est::puschRxChEstDynDescr_t *)"
5138313309,2688,345751,103,1,1,128,1,1,16,0.000,0.000,,,,,NVIDIA A100-SXM4-40GB MIG 4g.20gb (0),1,,13,cupy_copy__complex64_complex64
5138326076,12800,345761,1434,1,1,128,1,1,16,0.000,0.000,,,,,NVIDIA A100-SXM4-40GB MIG 4g.20gb (0),1,,13,cupy_copy__complex64_complex64
5138354972,2496,345768,103,1,1,128,1,1,16,0.000,0.000,,,,,NVIDIA A100-SXM4-40GB MIG 4g.20gb (0),1,,13,cupy_copy__complex64_complex64
5138371228,87103,345775,1,1,1,32,32,1,30,0.000,0.000,,,,,NVIDIA A100-SXM4-40GB MIG 4g.20gb (0),1,,13,"void convert_kernel<__half2, float2>(tensor_layout_any, T1 *, tensor_layout_any, const T2 *)"
5138491386,22016,345778,,,,,,,,,,0.094,4255.766,Pinned,Device,NVIDIA A100-SXM4-40GB MIG 4g.20gb (0),1,,13,[CUDA memcpy Host-to-Device]
5138526042,46559,345779,,,,,,,,,,35.810,769125.462,Device,,NVIDIA A100-SXM4-40GB MIG 4g.20gb (0),1,,13,[CUDA memset]
5138580121,9984,345781,,,,,,,,,,0.000,8.013,Pinned,Device,NVIDIA A100-SXM4-40GB MIG 4g.20gb (0),1,,13,[CUDA memcpy Host-to-Device]
5138597145,19808,345782,,,,,,,,,,0.197,9925.558,Pinned,Device,NVIDIA A100-SXM4-40GB MIG 4g.20gb (0),1,,13,[CUDA memcpy Host-to-Device]
5138635513,9887,345783,273,1,1,48,1,1,40,0.000,0.001,,,,,NVIDIA A100-SXM4-40GB MIG 4g.20gb (0),1,,13,"void pusch_noise_intf_est::noiseIntfEstNoDftSOfdmKernel<float, __half, float, float, (unsigned int)2, (unsigned int)1, (unsigned char)4, (unsigned char)4>(pusch_noise_intf_est::puschRxNoiseIntfEstDynDescr)"
5138651480,2784,345794,35,1,1,128,1,1,16,0.000,0.000,,,,,NVIDIA A100-SXM4-40GB MIG 4g.20gb (0),1,,13,cupy_copy__complex64_complex64
5138660664,1696,345803,1,1,1,1,1,1,18,0.000,0.000,,,,,NVIDIA A100-SXM4-40GB MIG 4g.20gb (0),1,,13,cupy_copy__float32_float32
5138668184,5120,345809,,,,,,,,,,0.000,0.781,Device,Pageable,NVIDIA A100-SXM4-40GB MIG 4g.20gb (0),1,,7,[CUDA memcpy Device-to-Host]
5138747607,13056,345820,1434,1,1,128,1,1,16,0.000,0.000,,,,,NVIDIA A100-SXM4-40GB MIG 4g.20gb (0),1,,13,cupy_copy__complex64_complex64
5138773335,3200,345827,103,1,1,128,1,1,16,0.000,0.000,,,,,NVIDIA A100-SXM4-40GB MIG 4g.20gb (0),1,,13,cupy_copy__complex64_complex64
5138790647,2624,345834,35,1,1,128,1,1,16,0.000,0.000,,,,,NVIDIA A100-SXM4-40GB MIG 4g.20gb (0),1,,13,cupy_copy__complex64_complex64
5138814646,1888,345841,1,1,1,1,1,1,18,0.000,0.000,,,,,NVIDIA A100-SXM4-40GB MIG 4g.20gb (0),1,,13,cupy_copy__float32_float32
5138953493,90143,345852,1,1,1,32,32,1,30,0.000,0.000,,,,,NVIDIA A100-SXM4-40GB MIG 4g.20gb (0),1,,13,"void convert_kernel<__half2, float2>(tensor_layout_any, T1 *, tensor_layout_any, const T2 *)"
5139073683,11744,345855,,,,,,,,,,0.094,7978.121,Pinned,Device,NVIDIA A100-SXM4-40GB MIG 4g.20gb (0),1,,13,[CUDA memcpy Host-to-Device]
5139097523,3552,345856,,,,,,,,,,1.547,435422.601,Device,,NVIDIA A100-SXM4-40GB MIG 4g.20gb (0),1,,13,[CUDA memset]
5139105427,3616,345861,,,,,,,,,,0.031,8654.846,Pinned,Device,NVIDIA A100-SXM4-40GB MIG 4g.20gb (0),1,,13,[CUDA memcpy Host-to-Device]
5139113395,10400,345862,,,,,,,,,,0.197,18904.449,Pinned,Device,NVIDIA A100-SXM4-40GB MIG 4g.20gb (0),1,,13,[CUDA memcpy Host-to-Device]
5139130642,8064,345863,273,1,1,8,4,1,39,0.002,0.000,,,,,NVIDIA A100-SXM4-40GB MIG 4g.20gb (0),1,,13,"void channel_eq::eqMmseCoefCompLowMimoKernel<float, float, float, (unsigned int)4, (unsigned int)1, (unsigned int)4>(const channel_eq::_puschRxChEqStatDescr *, channel_eq::_puschRxChEqCoefCompDynDescr)"
5139141714,8128,345864,273,1,1,12,11,1,51,0.002,0.000,,,,,NVIDIA A100-SXM4-40GB MIG 4g.20gb (0),1,,13,"void channel_eq::eqMmseSoftDemapKernel<float, __half, __half, float, (unsigned int)4, (unsigned short)16383>(channel_eq::_puschRxChEqStatDescr *, channel_eq::_puschRxChEqSoftDemapDynDescr)"
5139150898,282781,345865,1,1,1,32,32,1,30,0.000,0.000,,,,,NVIDIA A100-SXM4-40GB MIG 4g.20gb (0),1,,13,"void convert_kernel<float2, __half2>(tensor_layout_any, T1 *, tensor_layout_any, const T2 *)"
5139435471,11040,345877,2253,1,1,128,1,1,16,0.000,0.000,,,,,NVIDIA A100-SXM4-40GB MIG 4g.20gb (0),1,,13,cupy_copy__float16_float16
5139449199,3040,345886,282,1,1,128,1,1,16,0.000,0.000,,,,,NVIDIA A100-SXM4-40GB MIG 4g.20gb (0),1,,13,cupy_copy__complex64_complex64
5139454158,2048,345895,26,1,1,128,1,1,16,0.000,0.000,,,,,NVIDIA A100-SXM4-40GB MIG 4g.20gb (0),1,,13,cupy_copy__float32_float32
5139460878,2912,345904,103,1,1,128,1,1,16,0.000,0.000,,,,,NVIDIA A100-SXM4-40GB MIG 4g.20gb (0),1,,13,cupy_copy__complex64_complex64
5139465614,12032,345914,1434,1,1,128,1,1,16,0.000,0.000,,,,,NVIDIA A100-SXM4-40GB MIG 4g.20gb (0),1,,13,cupy_copy__complex64_complex64
5139479918,86175,345919,1,1,1,32,32,1,30,0.000,0.000,,,,,NVIDIA A100-SXM4-40GB MIG 4g.20gb (0),1,,13,"void convert_kernel<__half2, float2>(tensor_layout_any, T1 *, tensor_layout_any, const T2 *)"
5139593197,5856,345922,,,,,,,,,,0.094,15999.997,Pinned,Device,NVIDIA A100-SXM4-40GB MIG 4g.20gb (0),1,,13,[CUDA memcpy Host-to-Device]
5139604397,597720,345923,,,,,,,,,,456.561,763827.289,Device,,NVIDIA A100-SXM4-40GB MIG 4g.20gb (0),1,,13,[CUDA memset]
5140206277,156926,345928,,,,,,,,,,1.235,7869.063,Pinned,Device,NVIDIA A100-SXM4-40GB MIG 4g.20gb (0),1,,13,[CUDA memcpy Host-to-Device]
5140377411,41792,345929,,,,,,,,,,0.197,4704.436,Pinned,Device,NVIDIA A100-SXM4-40GB MIG 4g.20gb (0),1,,13,[CUDA memcpy Host-to-Device]
5140440834,8352,345930,69,4,1,48,1,1,76,0.002,0.000,,,,,NVIDIA A100-SXM4-40GB MIG 4g.20gb (0),1,,13,"void ch_est::windowedChEstPreNoDftSOfdmKernel<float, __half, float, (unsigned int)2, (unsigned int)1, (unsigned short)4>(ch_est::puschRxChEstStatDescr_t *, ch_est::puschRxChEstDynDescr_t *)"
5140460354,7040,345931,137,2,1,24,2,1,44,0.001,0.001,,,,,NVIDIA A100-SXM4-40GB MIG 4g.20gb (0),1,,13,"void ch_est::chEstFilterNoDftSOfdmDispatchKernel<float, __half, float, (unsigned int)2>(ch_est::puschRxChEstStatDescr_t *, ch_est::puschRxChEstDynDescr_t *)"
5140477058,4768,345932,137,2,1,24,2,1,44,0.001,0.001,,,,,NVIDIA A100-SXM4-40GB MIG 4g.20gb (0),1,,13,"void ch_est::chEstFilterNoDftSOfdmDispatchKernel<float, __half, float, (unsigned int)2>(ch_est::puschRxChEstStatDescr_t *, ch_est::puschRxChEstDynDescr_t *)"
5140496610,2656,345943,103,1,1,128,1,1,16,0.000,0.000,,,,,NVIDIA A100-SXM4-40GB MIG 4g.20gb (0),1,,13,cupy_copy__complex64_complex64
5140513185,12384,345953,1434,1,1,128,1,1,16,0.000,0.000,,,,,NVIDIA A100-SXM4-40GB MIG 4g.20gb (0),1,,13,cupy_copy__complex64_complex64
5140533313,2944,345960,103,1,1,128,1,1,16,0.000,0.000,,,,,NVIDIA A100-SXM4-40GB MIG 4g.20gb (0),1,,13,cupy_copy__complex64_complex64
5140554849,93887,345967,1,1,1,32,32,1,30,0.000,0.000,,,,,NVIDIA A100-SXM4-40GB MIG 4g.20gb (0),1,,13,"void convert_kernel<__half2, float2>(tensor_layout_any, T1 *, tensor_layout_any, const T2 *)"
5140681791,15104,345970,,,,,,,,,,0.094,6203.331,Pinned,Device,NVIDIA A100-SXM4-40GB MIG 4g.20gb (0),1,,13,[CUDA memcpy Host-to-Device]
5140709887,45919,345971,,,,,,,,,,35.810,779832.628,Device,,NVIDIA A100-SXM4-40GB MIG 4g.20gb (0),1,,13,[CUDA memset]
5140757438,9984,345973,,,,,,,,,,0.000,8.013,Pinned,Device,NVIDIA A100-SXM4-40GB MIG 4g.20gb (0),1,,13,[CUDA memcpy Host-to-Device]
5140777886,19072,345974,,,,,,,,,,0.197,10308.551,Pinned,Device,NVIDIA A100-SXM4-40GB MIG 4g.20gb (0),1,,13,[CUDA memcpy Host-to-Device]
5140821662,9888,345975,273,1,1,48,1,1,40,0.000,0.001,,,,,NVIDIA A100-SXM4-40GB MIG 4g.20gb (0),1,,13,"void pusch_noise_intf_est::noiseIntfEstNoDftSOfdmKernel<float, __half, float, float, (unsigned int)2, (unsigned int)1, (unsigned char)4, (unsigned char)4>(pusch_noise_intf_est::puschRxNoiseIntfEstDynDescr)"
5140846461,2784,345986,35,1,1,128,1,1,16,0.000,0.000,,,,,NVIDIA A100-SXM4-40GB MIG 4g.20gb (0),1,,13,cupy_copy__complex64_complex64
5140858717,1696,345995,1,1,1,1,1,1,18,0.000,0.000,,,,,NVIDIA A100-SXM4-40GB MIG 4g.20gb (0),1,,13,cupy_copy__float32_float32
5140862909,8064,346001,,,,,,,,,,0.000,0.496,Device,Pageable,NVIDIA A100-SXM4-40GB MIG 4g.20gb (0),1,,7,[CUDA memcpy Device-to-Host]
5140948124,12800,346012,1434,1,1,128,1,1,16,0.000,0.000,,,,,NVIDIA A100-SXM4-40GB MIG 4g.20gb (0),1,,13,cupy_copy__complex64_complex64
5140966652,3040,346019,103,1,1,128,1,1,16,0.000,0.000,,,,,NVIDIA A100-SXM4-40GB MIG 4g.20gb (0),1,,13,cupy_copy__complex64_complex64
5140989436,2784,346026,35,1,1,128,1,1,16,0.000,0.000,,,,,NVIDIA A100-SXM4-40GB MIG 4g.20gb (0),1,,13,cupy_copy__complex64_complex64
5141005851,1760,346033,1,1,1,1,1,1,18,0.000,0.000,,,,,NVIDIA A100-SXM4-40GB MIG 4g.20gb (0),1,,13,cupy_copy__float32_float32
5141134010,80767,346044,1,1,1,32,32,1,30,0.000,0.000,,,,,NVIDIA A100-SXM4-40GB MIG 4g.20gb (0),1,,13,"void convert_kernel<__half2, float2>(tensor_layout_any, T1 *, tensor_layout_any, const T2 *)"
5141242840,5664,346047,,,,,,,,,,0.094,16542.310,Pinned,Device,NVIDIA A100-SXM4-40GB MIG 4g.20gb (0),1,,13,[CUDA memcpy Host-to-Device]
5141257336,3360,346048,,,,,,,,,,1.547,460304.688,Device,,NVIDIA A100-SXM4-40GB MIG 4g.20gb (0),1,,13,[CUDA memset]
5141264312,3296,346053,,,,,,,,,,0.031,9495.144,Pinned,Device,NVIDIA A100-SXM4-40GB MIG 4g.20gb (0),1,,13,[CUDA memcpy Host-to-Device]
5141270040,9760,346054,,,,,,,,,,0.197,20144.259,Pinned,Device,NVIDIA A100-SXM4-40GB MIG 4g.20gb (0),1,,13,[CUDA memcpy Host-to-Device]
5141283672,6208,346055,273,1,1,8,4,1,39,0.002,0.000,,,,,NVIDIA A100-SXM4-40GB MIG 4g.20gb (0),1,,13,"void channel_eq::eqMmseCoefCompLowMimoKernel<float, float, float, (unsigned int)4, (unsigned int)1, (unsigned int)4>(const channel_eq::_puschRxChEqStatDescr *, channel_eq::_puschRxChEqCoefCompDynDescr)"
5141290936,6528,346056,273,1,1,12,11,1,51,0.002,0.000,,,,,NVIDIA A100-SXM4-40GB MIG 4g.20gb (0),1,,13,"void channel_eq::eqMmseSoftDemapKernel<float, __half, __half, float, (unsigned int)4, (unsigned short)16383>(channel_eq::_puschRxChEqStatDescr *, channel_eq::_puschRxChEqSoftDemapDynDescr)"
5141298456,282460,346057,1,1,1,32,32,1,30,0.000,0.000,,,,,NVIDIA A100-SXM4-40GB MIG 4g.20gb (0),1,,13,"void convert_kernel<float2, __half2>(tensor_layout_any, T1 *, tensor_layout_any, const T2 *)"
5141582036,11040,346069,2253,1,1,128,1,1,16,0.000,0.000,,,,,NVIDIA A100-SXM4-40GB MIG 4g.20gb (0),1,,13,cupy_copy__float16_float16
5141595348,3168,346078,282,1,1,128,1,1,16,0.000,0.000,,,,,NVIDIA A100-SXM4-40GB MIG 4g.20gb (0),1,,13,cupy_copy__complex64_complex64
5141599796,2080,346087,26,1,1,128,1,1,16,0.000,0.000,,,,,NVIDIA A100-SXM4-40GB MIG 4g.20gb (0),1,,13,cupy_copy__float32_float32
5141605588,3296,346096,103,1,1,128,1,1,16,0.000,0.000,,,,,NVIDIA A100-SXM4-40GB MIG 4g.20gb (0),1,,13,cupy_copy__complex64_complex64
5141610004,12128,346106,1434,1,1,128,1,1,16,0.000,0.000,,,,,NVIDIA A100-SXM4-40GB MIG 4g.20gb (0),1,,13,cupy_copy__complex64_complex64
5141627604,87935,346111,1,1,1,32,32,1,30,0.000,0.000,,,,,NVIDIA A100-SXM4-40GB MIG 4g.20gb (0),1,,13,"void convert_kernel<__half2, float2>(tensor_layout_any, T1 *, tensor_layout_any, const T2 *)"
5141741938,5664,346114,,,,,,,,,,0.094,16542.310,Pinned,Device,NVIDIA A100-SXM4-40GB MIG 4g.20gb (0),1,,13,[CUDA memcpy Host-to-Device]
5141751794,601945,346115,,,,,,,,,,456.561,758348.552,Device,,NVIDIA A100-SXM4-40GB MIG 4g.20gb (0),1,,13,[CUDA memset]
5142355051,73311,346120,,,,,,,,,,1.235,16844.636,Pinned,Device,NVIDIA A100-SXM4-40GB MIG 4g.20gb (0),1,,13,[CUDA memcpy Host-to-Device]
5142431242,16960,346121,,,,,,,,,,0.197,11592.401,Pinned,Device,NVIDIA A100-SXM4-40GB MIG 4g.20gb (0),1,,13,[CUDA memcpy Host-to-Device]
5142462953,8352,346122,69,4,1,48,1,1,76,0.002,0.000,,,,,NVIDIA A100-SXM4-40GB MIG 4g.20gb (0),1,,13,"void ch_est::windowedChEstPreNoDftSOfdmKernel<float, __half, float, (unsigned int)2, (unsigned int)1, (unsigned short)4>(ch_est::puschRxChEstStatDescr_t *, ch_est::puschRxChEstDynDescr_t *)"
5142480265,8000,346123,137,2,1,24,2,1,44,0.001,0.001,,,,,NVIDIA A100-SXM4-40GB MIG 4g.20gb (0),1,,13,"void ch_est::chEstFilterNoDftSOfdmDispatchKernel<float, __half, float, (unsigned int)2>(ch_est::puschRxChEstStatDescr_t *, ch_est::puschRxChEstDynDescr_t *)"
5142494857,6368,346124,137,2,1,24,2,1,44,0.001,0.001,,,,,NVIDIA A100-SXM4-40GB MIG 4g.20gb (0),1,,13,"void ch_est::chEstFilterNoDftSOfdmDispatchKernel<float, __half, float, (unsigned int)2>(ch_est::puschRxChEstStatDescr_t *, ch_est::puschRxChEstDynDescr_t *)"
5142502889,3104,346135,103,1,1,128,1,1,16,0.000,0.000,,,,,NVIDIA A100-SXM4-40GB MIG 4g.20gb (0),1,,13,cupy_copy__complex64_complex64
5142511337,12640,346145,1434,1,1,128,1,1,16,0.000,0.000,,,,,NVIDIA A100-SXM4-40GB MIG 4g.20gb (0),1,,13,cupy_copy__complex64_complex64
5142526505,3136,346152,103,1,1,128,1,1,16,0.000,0.000,,,,,NVIDIA A100-SXM4-40GB MIG 4g.20gb (0),1,,13,cupy_copy__complex64_complex64
5142534569,92030,346159,1,1,1,32,32,1,30,0.000,0.000,,,,,NVIDIA A100-SXM4-40GB MIG 4g.20gb (0),1,,13,"void convert_kernel<__half2, float2>(tensor_layout_any, T1 *, tensor_layout_any, const T2 *)"
5142654503,12832,346162,,,,,,,,,,0.094,7301.729,Pinned,Device,NVIDIA A100-SXM4-40GB MIG 4g.20gb (0),1,,13,[CUDA memcpy Host-to-Device]
5142672167,47103,346163,,,,,,,,,,35.810,760244.602,Device,,NVIDIA A100-SXM4-40GB MIG 4g.20gb (0),1,,13,[CUDA memset]
5142725542,4512,346165,,,,,,,,,,0.000,17.730,Pinned,Device,NVIDIA A100-SXM4-40GB MIG 4g.20gb (0),1,,13,[CUDA memcpy Host-to-Device]
5142736966,16096,346166,,,,,,,,,,0.197,12214.665,Pinned,Device,NVIDIA A100-SXM4-40GB MIG 4g.20gb (0),1,,13,[CUDA memcpy Host-to-Device]
5142764902,9952,346167,273,1,1,48,1,1,40,0.000,0.001,,,,,NVIDIA A100-SXM4-40GB MIG 4g.20gb (0),1,,13,"void pusch_noise_intf_est::noiseIntfEstNoDftSOfdmKernel<float, __half, float, float, (unsigned int)2, (unsigned int)1, (unsigned char)4, (unsigned char)4>(pusch_noise_intf_est::puschRxNoiseIntfEstDynDescr)"
5142784229,2816,346178,35,1,1,128,1,1,16,0.000,0.000,,,,,NVIDIA A100-SXM4-40GB MIG 4g.20gb (0),1,,13,cupy_copy__complex64_complex64
5142793605,1728,346187,1,1,1,1,1,1,18,0.000,0.000,,,,,NVIDIA A100-SXM4-40GB MIG 4g.20gb (0),1,,13,cupy_copy__float32_float32
5142809349,3648,346193,,,,,,,,,,0.000,1.096,Device,Pageable,NVIDIA A100-SXM4-40GB MIG 4g.20gb (0),1,,7,[CUDA memcpy Device-to-Host]
5142891716,12960,346204,1434,1,1,128,1,1,16,0.000,0.000,,,,,NVIDIA A100-SXM4-40GB MIG 4g.20gb (0),1,,13,cupy_copy__complex64_complex64
5142918468,3456,346211,103,1,1,128,1,1,16,0.000,0.000,,,,,NVIDIA A100-SXM4-40GB MIG 4g.20gb (0),1,,13,cupy_copy__complex64_complex64
5142936996,2400,346218,35,1,1,128,1,1,16,0.000,0.000,,,,,NVIDIA A100-SXM4-40GB MIG 4g.20gb (0),1,,13,cupy_copy__complex64_complex64
5142952259,1920,346225,1,1,1,1,1,1,18,0.000,0.000,,,,,NVIDIA A100-SXM4-40GB MIG 4g.20gb (0),1,,13,cupy_copy__float32_float32
5143087842,83103,346236,1,1,1,32,32,1,30,0.000,0.000,,,,,NVIDIA A100-SXM4-40GB MIG 4g.20gb (0),1,,13,"void convert_kernel<__half2, float2>(tensor_layout_any, T1 *, tensor_layout_any, const T2 *)"
5143200000,5952,346239,,,,,,,,,,0.094,15741.865,Pinned,Device,NVIDIA A100-SXM4-40GB MIG 4g.20gb (0),1,,13,[CUDA memcpy Host-to-Device]
5143214336,3392,346240,,,,,,,,,,1.547,455961.768,Device,,NVIDIA A100-SXM4-40GB MIG 4g.20gb (0),1,,13,[CUDA memset]
5143220832,3456,346245,,,,,,,,,,0.031,9055.529,Pinned,Device,NVIDIA A100-SXM4-40GB MIG 4g.20gb (0),1,,13,[CUDA memcpy Host-to-Device]
5143226784,9760,346246,,,,,,,,,,0.197,20144.259,Pinned,Device,NVIDIA A100-SXM4-40GB MIG 4g.20gb (0),1,,13,[CUDA memcpy Host-to-Device]
5143241408,6208,346247,273,1,1,8,4,1,39,0.002,0.000,,,,,NVIDIA A100-SXM4-40GB MIG 4g.20gb (0),1,,13,"void channel_eq::eqMmseCoefCompLowMimoKernel<float, float, float, (unsigned int)4, (unsigned int)1, (unsigned int)4>(const channel_eq::_puschRxChEqStatDescr *, channel_eq::_puschRxChEqCoefCompDynDescr)"
5143251328,5536,346248,273,1,1,12,11,1,51,0.002,0.000,,,,,NVIDIA A100-SXM4-40GB MIG 4g.20gb (0),1,,13,"void channel_eq::eqMmseSoftDemapKernel<float, __half, __half, float, (unsigned int)4, (unsigned short)16383>(channel_eq::_puschRxChEqStatDescr *, channel_eq::_puschRxChEqSoftDemapDynDescr)"
5143261152,282300,346249,1,1,1,32,32,1,30,0.000,0.000,,,,,NVIDIA A100-SXM4-40GB MIG 4g.20gb (0),1,,13,"void convert_kernel<float2, __half2>(tensor_layout_any, T1 *, tensor_layout_any, const T2 *)"
5143546172,10976,346261,2253,1,1,128,1,1,16,0.000,0.000,,,,,NVIDIA A100-SXM4-40GB MIG 4g.20gb (0),1,,13,cupy_copy__float16_float16
5143559164,3584,346270,282,1,1,128,1,1,16,0.000,0.000,,,,,NVIDIA A100-SXM4-40GB MIG 4g.20gb (0),1,,13,cupy_copy__complex64_complex64
5143565564,2336,346279,26,1,1,128,1,1,16,0.000,0.000,,,,,NVIDIA A100-SXM4-40GB MIG 4g.20gb (0),1,,13,cupy_copy__float32_float32
5143571068,3520,346288,103,1,1,128,1,1,16,0.000,0.000,,,,,NVIDIA A100-SXM4-40GB MIG 4g.20gb (0),1,,13,cupy_copy__complex64_complex64
5143577308,12032,346298,1434,1,1,128,1,1,16,0.000,0.000,,,,,NVIDIA A100-SXM4-40GB MIG 4g.20gb (0),1,,13,cupy_copy__complex64_complex64
5143594459,80095,346303,1,1,1,32,32,1,30,0.000,0.000,,,,,NVIDIA A100-SXM4-40GB MIG 4g.20gb (0),1,,13,"void convert_kernel<__half2, float2>(tensor_layout_any, T1 *, tensor_layout_any, const T2 *)"
5143702170,6176,346306,,,,,,,,,,0.094,15170.975,Pinned,Device,NVIDIA A100-SXM4-40GB MIG 4g.20gb (0),1,,13,[CUDA memcpy Host-to-Device]
5143713914,598969,346307,,,,,,,,,,456.561,762001.043,Device,,NVIDIA A100-SXM4-40GB MIG 4g.20gb (0),1,,13,[CUDA memset]
5144316819,122846,346312,,,,,,,,,,1.235,10052.444,Pinned,Device,NVIDIA A100-SXM4-40GB MIG 4g.20gb (0),1,,13,[CUDA memcpy Host-to-Device]
5144453681,37471,346313,,,,,,,,,,0.197,5246.878,Pinned,Device,NVIDIA A100-SXM4-40GB MIG 4g.20gb (0),1,,13,[CUDA memcpy Host-to-Device]
5144510896,8448,346314,69,4,1,48,1,1,76,0.002,0.000,,,,,NVIDIA A100-SXM4-40GB MIG 4g.20gb (0),1,,13,"void ch_est::windowedChEstPreNoDftSOfdmKernel<float, __half, float, (unsigned int)2, (unsigned int)1, (unsigned short)4>(ch_est::puschRxChEstStatDescr_t *, ch_est::puschRxChEstDynDescr_t *)"
5144522800,7008,346315,137,2,1,24,2,1,44,0.001,0.001,,,,,NVIDIA A100-SXM4-40GB MIG 4g.20gb (0),1,,13,"void ch_est::chEstFilterNoDftSOfdmDispatchKernel<float, __half, float, (unsigned int)2>(ch_est::puschRxChEstStatDescr_t *, ch_est::puschRxChEstDynDescr_t *)"
5144533040,5184,346316,137,2,1,24,2,1,44,0.001,0.001,,,,,NVIDIA A100-SXM4-40GB MIG 4g.20gb (0),1,,13,"void ch_est::chEstFilterNoDftSOfdmDispatchKernel<float, __half, float, (unsigned int)2>(ch_est::puschRxChEstStatDescr_t *, ch_est::puschRxChEstDynDescr_t *)"
5144541200,2688,346327,103,1,1,128,1,1,16,0.000,0.000,,,,,NVIDIA A100-SXM4-40GB MIG 4g.20gb (0),1,,13,cupy_copy__complex64_complex64
5144548240,12448,346337,1434,1,1,128,1,1,16,0.000,0.000,,,,,NVIDIA A100-SXM4-40GB MIG 4g.20gb (0),1,,13,cupy_copy__complex64_complex64
5144569967,2624,346344,103,1,1,128,1,1,16,0.000,0.000,,,,,NVIDIA A100-SXM4-40GB MIG 4g.20gb (0),1,,13,cupy_copy__complex64_complex64
5144578575,87871,346351,1,1,1,32,32,1,30,0.000,0.000,,,,,NVIDIA A100-SXM4-40GB MIG 4g.20gb (0),1,,13,"void convert_kernel<__half2, float2>(tensor_layout_any, T1 *, tensor_layout_any, const T2 *)"
5144694638,6976,346354,,,,,,,,,,0.094,13431.134,Pinned,Device,NVIDIA A100-SXM4-40GB MIG 4g.20gb (0),1,,13,[CUDA memcpy Host-to-Device]
5144709678,47039,346355,,,,,,,,,,35.810,761247.279,Device,,NVIDIA A100-SXM4-40GB MIG 4g.20gb (0),1,,13,[CUDA memset]
5144761741,5632,346357,,,,,,,,,,0.000,14.204,Pinned,Device,NVIDIA A100-SXM4-40GB MIG 4g.20gb (0),1,,13,[CUDA memcpy Host-to-Device]
5144772173,16160,346358,,,,,,,,,,0.197,12166.300,Pinned,Device,NVIDIA A100-SXM4-40GB MIG 4g.20gb (0),1,,13,[CUDA memcpy Host-to-Device]
5144798605,9728,346359,273,1,1,48,1,1,40,0.000,0.001,,,,,NVIDIA A100-SXM4-40GB MIG 4g.20gb (0),1,,13,"void pusch_noise_intf_est::noiseIntfEstNoDftSOfdmKernel<float, __half, float, float, (unsigned int)2, (unsigned int)1, (unsigned char)4, (unsigned char)4>(pusch_noise_intf_est::puschRxNoiseIntfEstDynDescr)"
5144815180,2976,346370,35,1,1,128,1,1,16,0.000,0.000,,,,,NVIDIA A100-SXM4-40GB MIG 4g.20gb (0),1,,13,cupy_copy__complex64_complex64
5144823308,1920,346379,1,1,1,1,1,1,18,0.000,0.000,,,,,NVIDIA A100-SXM4-40GB MIG 4g.20gb (0),1,,13,cupy_copy__float32_float32
5144846284,2784,346385,,,,,,,,,,0.000,1.437,Device,Pageable,NVIDIA A100-SXM4-40GB MIG 4g.20gb (0),1,,7,[CUDA memcpy Device-to-Host]
5144911083,12672,346396,1434,1,1,128,1,1,16,0.000,0.000,,,,,NVIDIA A100-SXM4-40GB MIG 4g.20gb (0),1,,13,cupy_copy__complex64_complex64
5144940779,2880,346403,103,1,1,128,1,1,16,0.000,0.000,,,,,NVIDIA A100-SXM4-40GB MIG 4g.20gb (0),1,,13,cupy_copy__complex64_complex64
5144956843,2432,346410,35,1,1,128,1,1,16,0.000,0.000,,,,,NVIDIA A100-SXM4-40GB MIG 4g.20gb (0),1,,13,cupy_copy__complex64_complex64
5144979914,2016,346417,1,1,1,1,1,1,18,0.000,0.000,,,,,NVIDIA A100-SXM4-40GB MIG 4g.20gb (0),1,,13,cupy_copy__float32_float32
5145111721,87039,346428,1,1,1,32,32,1,30,0.000,0.000,,,,,NVIDIA A100-SXM4-40GB MIG 4g.20gb (0),1,,13,"void convert_kernel<__half2, float2>(tensor_layout_any, T1 *, tensor_layout_any, const T2 *)"
5145226727,5952,346431,,,,,,,,,,0.094,15741.865,Pinned,Device,NVIDIA A100-SXM4-40GB MIG 4g.20gb (0),1,,13,[CUDA memcpy Host-to-Device]
5145240711,3424,346432,,,,,,,,,,1.547,451700.819,Device,,NVIDIA A100-SXM4-40GB MIG 4g.20gb (0),1,,13,[CUDA memset]
5145247719,3488,346437,,,,,,,,,,0.031,8972.469,Pinned,Device,NVIDIA A100-SXM4-40GB MIG 4g.20gb (0),1,,13,[CUDA memcpy Host-to-Device]
5145253863,9408,346438,,,,,,,,,,0.197,20897.858,Pinned,Device,NVIDIA A100-SXM4-40GB MIG 4g.20gb (0),1,,13,[CUDA memcpy Host-to-Device]
5145268551,6304,346439,273,1,1,8,4,1,39,0.002,0.000,,,,,NVIDIA A100-SXM4-40GB MIG 4g.20gb (0),1,,13,"void channel_eq::eqMmseCoefCompLowMimoKernel<float, float, float, (unsigned int)4, (unsigned int)1, (unsigned int)4>(const channel_eq::_puschRxChEqStatDescr *, channel_eq::_puschRxChEqCoefCompDynDescr)"
5145278375,6112,346440,273,1,1,12,11,1,51,0.002,0.000,,,,,NVIDIA A100-SXM4-40GB MIG 4g.20gb (0),1,,13,"void channel_eq::eqMmseSoftDemapKernel<float, __half, __half, float, (unsigned int)4, (unsigned short)16383>(channel_eq::_puschRxChEqStatDescr *, channel_eq::_puschRxChEqSoftDemapDynDescr)"
5145285575,281916,346441,1,1,1,32,32,1,30,0.000,0.000,,,,,NVIDIA A100-SXM4-40GB MIG 4g.20gb (0),1,,13,"void convert_kernel<float2, __half2>(tensor_layout_any, T1 *, tensor_layout_any, const T2 *)"
5145570467,11008,346453,2253,1,1,128,1,1,16,0.000,0.000,,,,,NVIDIA A100-SXM4-40GB MIG 4g.20gb (0),1,,13,cupy_copy__float16_float16
5145587363,3424,346462,282,1,1,128,1,1,16,0.000,0.000,,,,,NVIDIA A100-SXM4-40GB MIG 4g.20gb (0),1,,13,cupy_copy__complex64_complex64
5145594339,2144,346471,26,1,1,128,1,1,16,0.000,0.000,,,,,NVIDIA A100-SXM4-40GB MIG 4g.20gb (0),1,,13,cupy_copy__float32_float32
5145598051,3360,346480,103,1,1,128,1,1,16,0.000,0.000,,,,,NVIDIA A100-SXM4-40GB MIG 4g.20gb (0),1,,13,cupy_copy__complex64_complex64
5145602339,12032,346490,1434,1,1,128,1,1,16,0.000,0.000,,,,,NVIDIA A100-SXM4-40GB MIG 4g.20gb (0),1,,13,cupy_copy__complex64_complex64
5145620515,81854,346495,1,1,1,32,32,1,30,0.000,0.000,,,,,NVIDIA A100-SXM4-40GB MIG 4g.20gb (0),1,,13,"void convert_kernel<__half2, float2>(tensor_layout_any, T1 *, tensor_layout_any, const T2 *)"
5145729793,5568,346498,,,,,,,,,,0.094,16827.521,Pinned,Device,NVIDIA A100-SXM4-40GB MIG 4g.20gb (0),1,,13,[CUDA memcpy Host-to-Device]
5145739169,597881,346499,,,,,,,,,,456.561,763370.728,Device,,NVIDIA A100-SXM4-40GB MIG 4g.20gb (0),1,,13,[CUDA memset]
5146345338,154302,346504,,,,,,,,,,1.235,8002.437,Pinned,Device,NVIDIA A100-SXM4-40GB MIG 4g.20gb (0),1,,13,[CUDA memcpy Host-to-Device]
5146510072,34815,346505,,,,,,,,,,0.197,5647.172,Pinned,Device,NVIDIA A100-SXM4-40GB MIG 4g.20gb (0),1,,13,[CUDA memcpy Host-to-Device]
5146567831,8096,346506,69,4,1,48,1,1,76,0.002,0.000,,,,,NVIDIA A100-SXM4-40GB MIG 4g.20gb (0),1,,13,"void ch_est::windowedChEstPreNoDftSOfdmKernel<float, __half, float, (unsigned int)2, (unsigned int)1, (unsigned short)4>(ch_est::puschRxChEstStatDescr_t *, ch_est::puschRxChEstDynDescr_t *)"
5146583415,6656,346507,137,2,1,24,2,1,44,0.001,0.001,,,,,NVIDIA A100-SXM4-40GB MIG 4g.20gb (0),1,,13,"void ch_est::chEstFilterNoDftSOfdmDispatchKernel<float, __half, float, (unsigned int)2>(ch_est::puschRxChEstStatDescr_t *, ch_est::puschRxChEstDynDescr_t *)"
5146599350,4704,346508,137,2,1,24,2,1,44,0.001,0.001,,,,,NVIDIA A100-SXM4-40GB MIG 4g.20gb (0),1,,13,"void ch_est::chEstFilterNoDftSOfdmDispatchKernel<float, __half, float, (unsigned int)2>(ch_est::puschRxChEstStatDescr_t *, ch_est::puschRxChEstDynDescr_t *)"
5146612086,2688,346519,103,1,1,128,1,1,16,0.000,0.000,,,,,NVIDIA A100-SXM4-40GB MIG 4g.20gb (0),1,,13,cupy_copy__complex64_complex64
5146624406,12704,346529,1434,1,1,128,1,1,16,0.000,0.000,,,,,NVIDIA A100-SXM4-40GB MIG 4g.20gb (0),1,,13,cupy_copy__complex64_complex64
5146653046,2528,346536,103,1,1,128,1,1,16,0.000,0.000,,,,,NVIDIA A100-SXM4-40GB MIG 4g.20gb (0),1,,13,cupy_copy__complex64_complex64
5146670550,85695,346543,1,1,1,32,32,1,30,0.000,0.000,,,,,NVIDIA A100-SXM4-40GB MIG 4g.20gb (0),1,,13,"void convert_kernel<__half2, float2>(tensor_layout_any, T1 *, tensor_layout_any, const T2 *)"
5146786196,9056,346546,,,,,,,,,,0.094,10346.287,Pinned,Device,NVIDIA A100-SXM4-40GB MIG 4g.20gb (0),1,,13,[CUDA memcpy Host-to-Device]
5146804468,47647,346547,,,,,,,,,,35.810,751542.791,Device,,NVIDIA A100-SXM4-40GB MIG 4g.20gb (0),1,,13,[CUDA memset]
5146857011,2176,346549,,,,,,,,,,0.000,36.765,Pinned,Device,NVIDIA A100-SXM4-40GB MIG 4g.20gb (0),1,,13,[CUDA memcpy Host-to-Device]
5146862931,11136,346550,,,,,,,,,,0.197,17655.005,Pinned,Device,NVIDIA A100-SXM4-40GB MIG 4g.20gb (0),1,,13,[CUDA memcpy Host-to-Device]
5146880531,12448,346551,273,1,1,48,1,1,40,0.000,0.001,,,,,NVIDIA A100-SXM4-40GB MIG 4g.20gb (0),1,,13,"void pusch_noise_intf_est::noiseIntfEstNoDftSOfdmKernel<float, __half, float, float, (unsigned int)2, (unsigned int)1, (unsigned char)4, (unsigned char)4>(pusch_noise_intf_est::puschRxNoiseIntfEstDynDescr)"
5146896627,2816,346562,35,1,1,128,1,1,16,0.000,0.000,,,,,NVIDIA A100-SXM4-40GB MIG 4g.20gb (0),1,,13,cupy_copy__complex64_complex64
5146917683,1791,346571,1,1,1,1,1,1,18,0.000,0.000,,,,,NVIDIA A100-SXM4-40GB MIG 4g.20gb (0),1,,13,cupy_copy__float32_float32
5146951282,1856,346577,,,,,,,,,,0.000,2.155,Device,Pageable,NVIDIA A100-SXM4-40GB MIG 4g.20gb (0),1,,7,[CUDA memcpy Device-to-Host]
5147013649,13344,346588,1434,1,1,128,1,1,16,0.000,0.000,,,,,NVIDIA A100-SXM4-40GB MIG 4g.20gb (0),1,,13,cupy_copy__complex64_complex64
5147038641,3488,346595,103,1,1,128,1,1,16,0.000,0.000,,,,,NVIDIA A100-SXM4-40GB MIG 4g.20gb (0),1,,13,cupy_copy__complex64_complex64
5147063217,2176,346602,35,1,1,128,1,1,16,0.000,0.000,,,,,NVIDIA A100-SXM4-40GB MIG 4g.20gb (0),1,,13,cupy_copy__complex64_complex64
5147081457,2047,346609,1,1,1,1,1,1,18,0.000,0.000,,,,,NVIDIA A100-SXM4-40GB MIG 4g.20gb (0),1,,13,cupy_copy__float32_float32
5147212175,82367,346620,1,1,1,32,32,1,30,0.000,0.000,,,,,NVIDIA A100-SXM4-40GB MIG 4g.20gb (0),1,,13,"void convert_kernel<__half2, float2>(tensor_layout_any, T1 *, tensor_layout_any, const T2 *)"
5147321646,5759,346623,,,,,,,,,,0.094,16269.467,Pinned,Device,NVIDIA A100-SXM4-40GB MIG 4g.20gb (0),1,,13,[CUDA memcpy Host-to-Device]
5147335949,3232,346624,,,,,,,,,,1.547,478533.199,Device,,NVIDIA A100-SXM4-40GB MIG 4g.20gb (0),1,,13,[CUDA memset]
5147342925,3008,346629,,,,,,,,,,0.031,10404.230,Pinned,Device,NVIDIA A100-SXM4-40GB MIG 4g.20gb (0),1,,13,[CUDA memcpy Host-to-Device]
5147348717,9696,346630,,,,,,,,,,0.197,20277.166,Pinned,Device,NVIDIA A100-SXM4-40GB MIG 4g.20gb (0),1,,13,[CUDA memcpy Host-to-Device]
5147363405,6592,346631,273,1,1,8,4,1,39,0.002,0.000,,,,,NVIDIA A100-SXM4-40GB MIG 4g.20gb (0),1,,13,"void channel_eq::eqMmseCoefCompLowMimoKernel<float, float, float, (unsigned int)4, (unsigned int)1, (unsigned int)4>(const channel_eq::_puschRxChEqStatDescr *, channel_eq::_puschRxChEqCoefCompDynDescr)"
5147373069,6112,346632,273,1,1,12,11,1,51,0.002,0.000,,,,,NVIDIA A100-SXM4-40GB MIG 4g.20gb (0),1,,13,"void channel_eq::eqMmseSoftDemapKernel<float, __half, __half, float, (unsigned int)4, (unsigned short)16383>(channel_eq::_puschRxChEqStatDescr *, channel_eq::_puschRxChEqSoftDemapDynDescr)"
5147380205,282204,346633,1,1,1,32,32,1,30,0.000,0.000,,,,,NVIDIA A100-SXM4-40GB MIG 4g.20gb (0),1,,13,"void convert_kernel<float2, __half2>(tensor_layout_any, T1 *, tensor_layout_any, const T2 *)"
5147663529,11168,346645,2253,1,1,128,1,1,16,0.000,0.000,,,,,NVIDIA A100-SXM4-40GB MIG 4g.20gb (0),1,,13,cupy_copy__float16_float16
5147678409,3520,346654,282,1,1,128,1,1,16,0.000,0.000,,,,,NVIDIA A100-SXM4-40GB MIG 4g.20gb (0),1,,13,cupy_copy__complex64_complex64
5147684617,2016,346663,26,1,1,128,1,1,16,0.000,0.000,,,,,NVIDIA A100-SXM4-40GB MIG 4g.20gb (0),1,,13,cupy_copy__float32_float32
5147687849,4736,346672,103,1,1,128,1,1,16,0.000,0.000,,,,,NVIDIA A100-SXM4-40GB MIG 4g.20gb (0),1,,13,cupy_copy__complex64_complex64
5147694953,12128,346682,1434,1,1,128,1,1,16,0.000,0.000,,,,,NVIDIA A100-SXM4-40GB MIG 4g.20gb (0),1,,13,cupy_copy__complex64_complex64
5147709801,87487,346687,1,1,1,32,32,1,30,0.000,0.000,,,,,NVIDIA A100-SXM4-40GB MIG 4g.20gb (0),1,,13,"void convert_kernel<__half2, float2>(tensor_layout_any, T1 *, tensor_layout_any, const T2 *)"
5147825351,5920,346690,,,,,,,,,,0.094,15826.941,Pinned,Device,NVIDIA A100-SXM4-40GB MIG 4g.20gb (0),1,,13,[CUDA memcpy Host-to-Device]
5147837863,601049,346691,,,,,,,,,,456.561,759261.675,Device,,NVIDIA A100-SXM4-40GB MIG 4g.20gb (0),1,,13,[CUDA memset]
5148449888,164414,346696,,,,,,,,,,1.235,7510.929,Pinned,Device,NVIDIA A100-SXM4-40GB MIG 4g.20gb (0),1,,13,[CUDA memcpy Host-to-Device]
5148627133,40096,346697,,,,,,,,,,0.197,4903.404,Pinned,Device,NVIDIA A100-SXM4-40GB MIG 4g.20gb (0),1,,13,[CUDA memcpy Host-to-Device]
5148689149,8480,346698,69,4,1,48,1,1,76,0.002,0.000,,,,,NVIDIA A100-SXM4-40GB MIG 4g.20gb (0),1,,13,"void ch_est::windowedChEstPreNoDftSOfdmKernel<float, __half, float, (unsigned int)2, (unsigned int)1, (unsigned short)4>(ch_est::puschRxChEstStatDescr_t *, ch_est::puschRxChEstDynDescr_t *)"
5148706780,6464,346699,137,2,1,24,2,1,44,0.001,0.001,,,,,NVIDIA A100-SXM4-40GB MIG 4g.20gb (0),1,,13,"void ch_est::chEstFilterNoDftSOfdmDispatchKernel<float, __half, float, (unsigned int)2>(ch_est::puschRxChEstStatDescr_t *, ch_est::puschRxChEstDynDescr_t *)"
5148724636,4768,346700,137,2,1,24,2,1,44,0.001,0.001,,,,,NVIDIA A100-SXM4-40GB MIG 4g.20gb (0),1,,13,"void ch_est::chEstFilterNoDftSOfdmDispatchKernel<float, __half, float, (unsigned int)2>(ch_est::puschRxChEstStatDescr_t *, ch_est::puschRxChEstDynDescr_t *)"
5148742236,2688,346711,103,1,1,128,1,1,16,0.000,0.000,,,,,NVIDIA A100-SXM4-40GB MIG 4g.20gb (0),1,,13,cupy_copy__complex64_complex64
5148759324,12384,346721,1434,1,1,128,1,1,16,0.000,0.000,,,,,NVIDIA A100-SXM4-40GB MIG 4g.20gb (0),1,,13,cupy_copy__complex64_complex64
5148778108,2912,346728,103,1,1,128,1,1,16,0.000,0.000,,,,,NVIDIA A100-SXM4-40GB MIG 4g.20gb (0),1,,13,cupy_copy__complex64_complex64
5148800187,92223,346735,1,1,1,32,32,1,30,0.000,0.000,,,,,NVIDIA A100-SXM4-40GB MIG 4g.20gb (0),1,,13,"void convert_kernel<__half2, float2>(tensor_layout_any, T1 *, tensor_layout_any, const T2 *)"
5148927834,24287,346738,,,,,,,,,,0.094,3857.839,Pinned,Device,NVIDIA A100-SXM4-40GB MIG 4g.20gb (0),1,,13,[CUDA memcpy Host-to-Device]
5148965753,47008,346739,,,,,,,,,,35.810,761748.618,Device,,NVIDIA A100-SXM4-40GB MIG 4g.20gb (0),1,,13,[CUDA memset]
5149013881,8416,346741,,,,,,,,,,0.000,9.506,Pinned,Device,NVIDIA A100-SXM4-40GB MIG 4g.20gb (0),1,,13,[CUDA memcpy Host-to-Device]
5149035896,26688,346742,,,,,,,,,,0.197,7366.902,Pinned,Device,NVIDIA A100-SXM4-40GB MIG 4g.20gb (0),1,,13,[CUDA memcpy Host-to-Device]
5149074584,9472,346743,273,1,1,48,1,1,40,0.000,0.001,,,,,NVIDIA A100-SXM4-40GB MIG 4g.20gb (0),1,,13,"void pusch_noise_intf_est::noiseIntfEstNoDftSOfdmKernel<float, __half, float, float, (unsigned int)2, (unsigned int)1, (unsigned char)4, (unsigned char)4>(pusch_noise_intf_est::puschRxNoiseIntfEstDynDescr)"
5149089944,2592,346754,35,1,1,128,1,1,16,0.000,0.000,,,,,NVIDIA A100-SXM4-40GB MIG 4g.20gb (0),1,,13,cupy_copy__complex64_complex64
5149101400,1760,346763,1,1,1,1,1,1,18,0.000,0.000,,,,,NVIDIA A100-SXM4-40GB MIG 4g.20gb (0),1,,13,cupy_copy__float32_float32
5149107032,4159,346769,,,,,,,,,,0.000,0.962,Device,Pageable,NVIDIA A100-SXM4-40GB MIG 4g.20gb (0),1,,7,[CUDA memcpy Device-to-Host]
5149176055,12928,346780,1434,1,1,128,1,1,16,0.000,0.000,,,,,NVIDIA A100-SXM4-40GB MIG 4g.20gb (0),1,,13,cupy_copy__complex64_complex64
5149207478,2976,346787,103,1,1,128,1,1,16,0.000,0.000,,,,,NVIDIA A100-SXM4-40GB MIG 4g.20gb (0),1,,13,cupy_copy__complex64_complex64
5149228726,2624,346794,35,1,1,128,1,1,16,0.000,0.000,,,,,NVIDIA A100-SXM4-40GB MIG 4g.20gb (0),1,,13,cupy_copy__complex64_complex64
5149245590,1984,346801,1,1,1,1,1,1,18,0.000,0.000,,,,,NVIDIA A100-SXM4-40GB MIG 4g.20gb (0),1,,13,cupy_copy__float32_float32
5149378804,82079,346812,1,1,1,32,32,1,30,0.000,0.000,,,,,NVIDIA A100-SXM4-40GB MIG 4g.20gb (0),1,,13,"void convert_kernel<__half2, float2>(tensor_layout_any, T1 *, tensor_layout_any, const T2 *)"
5149489427,5408,346815,,,,,,,,,,0.094,17325.421,Pinned,Device,NVIDIA A100-SXM4-40GB MIG 4g.20gb (0),1,,13,[CUDA memcpy Host-to-Device]
5149504083,3360,346816,,,,,,,,,,1.547,460304.688,Device,,NVIDIA A100-SXM4-40GB MIG 4g.20gb (0),1,,13,[CUDA memset]
5149510419,3520,346821,,,,,,,,,,0.031,8890.881,Pinned,Device,NVIDIA A100-SXM4-40GB MIG 4g.20gb (0),1,,13,[CUDA memcpy Host-to-Device]
5149516371,9727,346822,,,,,,,,,,0.197,20212.482,Pinned,Device,NVIDIA A100-SXM4-40GB MIG 4g.20gb (0),1,,13,[CUDA memcpy Host-to-Device]
5149531730,6336,346823,273,1,1,8,4,1,39,0.002,0.000,,,,,NVIDIA A100-SXM4-40GB MIG 4g.20gb (0),1,,13,"void channel_eq::eqMmseCoefCompLowMimoKernel<float, float, float, (unsigned int)4, (unsigned int)1, (unsigned int)4>(const channel_eq::_puschRxChEqStatDescr *, channel_eq::_puschRxChEqCoefCompDynDescr)"
5149540722,6176,346824,273,1,1,12,11,1,51,0.002,0.000,,,,,NVIDIA A100-SXM4-40GB MIG 4g.20gb (0),1,,13,"void channel_eq::eqMmseSoftDemapKernel<float, __half, __half, float, (unsigned int)4, (unsigned short)16383>(channel_eq::_puschRxChEqStatDescr *, channel_eq::_puschRxChEqSoftDemapDynDescr)"
5149548114,290269,346825,1,1,1,32,32,1,30,0.000,0.000,,,,,NVIDIA A100-SXM4-40GB MIG 4g.20gb (0),1,,13,"void convert_kernel<float2, __half2>(tensor_layout_any, T1 *, tensor_layout_any, const T2 *)"
5149840719,11007,346837,2253,1,1,128,1,1,16,0.000,0.000,,,,,NVIDIA A100-SXM4-40GB MIG 4g.20gb (0),1,,13,cupy_copy__float16_float16
5149853358,3584,346846,282,1,1,128,1,1,16,0.000,0.000,,,,,NVIDIA A100-SXM4-40GB MIG 4g.20gb (0),1,,13,cupy_copy__complex64_complex64
5149858094,2048,346855,26,1,1,128,1,1,16,0.000,0.000,,,,,NVIDIA A100-SXM4-40GB MIG 4g.20gb (0),1,,13,cupy_copy__float32_float32
5149863342,4480,346864,103,1,1,128,1,1,16,0.000,0.000,,,,,NVIDIA A100-SXM4-40GB MIG 4g.20gb (0),1,,13,cupy_copy__complex64_complex64
5149871630,12096,346874,1434,1,1,128,1,1,16,0.000,0.000,,,,,NVIDIA A100-SXM4-40GB MIG 4g.20gb (0),1,,13,cupy_copy__complex64_complex64
5149888462,82079,346879,1,1,1,32,32,1,30,0.000,0.000,,,,,NVIDIA A100-SXM4-40GB MIG 4g.20gb (0),1,,13,"void convert_kernel<__half2, float2>(tensor_layout_any, T1 *, tensor_layout_any, const T2 *)"
5149997709,5663,346882,,,,,,,,,,0.094,16545.214,Pinned,Device,NVIDIA A100-SXM4-40GB MIG 4g.20gb (0),1,,13,[CUDA memcpy Host-to-Device]
5150007724,599033,346883,,,,,,,,,,456.561,762001.043,Device,,NVIDIA A100-SXM4-40GB MIG 4g.20gb (0),1,,13,[CUDA memset]
5150615781,151006,346888,,,,,,,,,,1.235,8177.799,Pinned,Device,NVIDIA A100-SXM4-40GB MIG 4g.20gb (0),1,,13,[CUDA memcpy Host-to-Device]
5150780227,39935,346889,,,,,,,,,,0.197,4923.064,Pinned,Device,NVIDIA A100-SXM4-40GB MIG 4g.20gb (0),1,,13,[CUDA memcpy Host-to-Device]
5150837570,8160,346890,69,4,1,48,1,1,76,0.002,0.000,,,,,NVIDIA A100-SXM4-40GB MIG 4g.20gb (0),1,,13,"void ch_est::windowedChEstPreNoDftSOfdmKernel<float, __half, float, (unsigned int)2, (unsigned int)1, (unsigned short)4>(ch_est::puschRxChEstStatDescr_t *, ch_est::puschRxChEstDynDescr_t *)"
5150855586,7040,346891,137,2,1,24,2,1,44,0.001,0.001,,,,,NVIDIA A100-SXM4-40GB MIG 4g.20gb (0),1,,13,"void ch_est::chEstFilterNoDftSOfdmDispatchKernel<float, __half, float, (unsigned int)2>(ch_est::puschRxChEstStatDescr_t *, ch_est::puschRxChEstDynDescr_t *)"
5150873090,4704,346892,137,2,1,24,2,1,44,0.001,0.001,,,,,NVIDIA A100-SXM4-40GB MIG 4g.20gb (0),1,,13,"void ch_est::chEstFilterNoDftSOfdmDispatchKernel<float, __half, float, (unsigned int)2>(ch_est::puschRxChEstStatDescr_t *, ch_est::puschRxChEstDynDescr_t *)"
5150889634,2528,346903,103,1,1,128,1,1,16,0.000,0.000,,,,,NVIDIA A100-SXM4-40GB MIG 4g.20gb (0),1,,13,cupy_copy__complex64_complex64
5150909409,12288,346913,1434,1,1,128,1,1,16,0.000,0.000,,,,,NVIDIA A100-SXM4-40GB MIG 4g.20gb (0),1,,13,cupy_copy__complex64_complex64
5150927905,2912,346920,103,1,1,128,1,1,16,0.000,0.000,,,,,NVIDIA A100-SXM4-40GB MIG 4g.20gb (0),1,,13,cupy_copy__complex64_complex64
5150954657,102463,346927,1,1,1,32,32,1,30,0.000,0.000,,,,,NVIDIA A100-SXM4-40GB MIG 4g.20gb (0),1,,13,"void convert_kernel<__half2, float2>(tensor_layout_any, T1 *, tensor_layout_any, const T2 *)"
5151095071,27904,346930,,,,,,,,,,0.094,3357.784,Pinned,Device,NVIDIA A100-SXM4-40GB MIG 4g.20gb (0),1,,13,[CUDA memcpy Host-to-Device]
5151144030,47264,346931,,,,,,,,,,35.810,757630.477,Device,,NVIDIA A100-SXM4-40GB MIG 4g.20gb (0),1,,13,[CUDA memset]
5151196414,9664,346933,,,,,,,,,,0.000,8.278,Pinned,Device,NVIDIA A100-SXM4-40GB MIG 4g.20gb (0),1,,13,[CUDA memcpy Host-to-Device]
5151213694,32639,346934,,,,,,,,,,0.197,6023.676,Pinned,Device,NVIDIA A100-SXM4-40GB MIG 4g.20gb (0),1,,13,[CUDA memcpy Host-to-Device]
5151261725,9568,346935,273,1,1,48,1,1,40,0.000,0.001,,,,,NVIDIA A100-SXM4-40GB MIG 4g.20gb (0),1,,13,"void pusch_noise_intf_est::noiseIntfEstNoDftSOfdmKernel<float, __half, float, float, (unsigned int)2, (unsigned int)1, (unsigned char)4, (unsigned char)4>(pusch_noise_intf_est::puschRxNoiseIntfEstDynDescr)"
5151278717,2816,346946,35,1,1,128,1,1,16,0.000,0.000,,,,,NVIDIA A100-SXM4-40GB MIG 4g.20gb (0),1,,13,cupy_copy__complex64_complex64
5151295645,1664,346955,1,1,1,1,1,1,18,0.000,0.000,,,,,NVIDIA A100-SXM4-40GB MIG 4g.20gb (0),1,,13,cupy_copy__float32_float32
5151304508,7232,346961,,,,,,,,,,0.000,0.553,Device,Pageable,NVIDIA A100-SXM4-40GB MIG 4g.20gb (0),1,,7,[CUDA memcpy Device-to-Host]
5151403387,12608,346972,1434,1,1,128,1,1,16,0.000,0.000,,,,,NVIDIA A100-SXM4-40GB MIG 4g.20gb (0),1,,13,cupy_copy__complex64_complex64
5151428923,2752,346979,103,1,1,128,1,1,16,0.000,0.000,,,,,NVIDIA A100-SXM4-40GB MIG 4g.20gb (0),1,,13,cupy_copy__complex64_complex64
5151445659,2592,346986,35,1,1,128,1,1,16,0.000,0.000,,,,,NVIDIA A100-SXM4-40GB MIG 4g.20gb (0),1,,13,cupy_copy__complex64_complex64
5151469146,1824,346993,1,1,1,1,1,1,18,0.000,0.000,,,,,NVIDIA A100-SXM4-40GB MIG 4g.20gb (0),1,,13,cupy_copy__float32_float32
5151595065,87935,347004,1,1,1,32,32,1,30,0.000,0.000,,,,,NVIDIA A100-SXM4-40GB MIG 4g.20gb (0),1,,13,"void convert_kernel<__half2, float2>(tensor_layout_any, T1 *, tensor_layout_any, const T2 *)"
5151710391,5472,347007,,,,,,,,,,0.094,17122.757,Pinned,Device,NVIDIA A100-SXM4-40GB MIG 4g.20gb (0),1,,13,[CUDA memcpy Host-to-Device]
5151724919,3456,347008,,,,,,,,,,1.547,447517.201,Device,,NVIDIA A100-SXM4-40GB MIG 4g.20gb (0),1,,13,[CUDA memset]
5151731735,3072,347013,,,,,,,,,,0.031,10187.474,Pinned,Device,NVIDIA A100-SXM4-40GB MIG 4g.20gb (0),1,,13,[CUDA memcpy Host-to-Device]
5151737239,9632,347014,,,,,,,,,,0.197,20411.843,Pinned,Device,NVIDIA A100-SXM4-40GB MIG 4g.20gb (0),1,,13,[CUDA memcpy Host-to-Device]
5151752791,6752,347015,273,1,1,8,4,1,39,0.002,0.000,,,,,NVIDIA A100-SXM4-40GB MIG 4g.20gb (0),1,,13,"void channel_eq::eqMmseCoefCompLowMimoKernel<float, float, float, (unsigned int)4, (unsigned int)1, (unsigned int)4>(const channel_eq::_puschRxChEqStatDescr *, channel_eq::_puschRxChEqCoefCompDynDescr)"
5151761719,6112,347016,273,1,1,12,11,1,51,0.002,0.000,,,,,NVIDIA A100-SXM4-40GB MIG 4g.20gb (0),1,,13,"void channel_eq::eqMmseSoftDemapKernel<float, __half, __half, float, (unsigned int)4, (unsigned short)16383>(channel_eq::_puschRxChEqStatDescr *, channel_eq::_puschRxChEqSoftDemapDynDescr)"
5151769239,295068,347017,1,1,1,32,32,1,30,0.000,0.000,,,,,NVIDIA A100-SXM4-40GB MIG 4g.20gb (0),1,,13,"void convert_kernel<float2, __half2>(tensor_layout_any, T1 *, tensor_layout_any, const T2 *)"
5152065555,10848,347029,2253,1,1,128,1,1,16,0.000,0.000,,,,,NVIDIA A100-SXM4-40GB MIG 4g.20gb (0),1,,13,cupy_copy__float16_float16
5152079859,3008,347038,282,1,1,128,1,1,16,0.000,0.000,,,,,NVIDIA A100-SXM4-40GB MIG 4g.20gb (0),1,,13,cupy_copy__complex64_complex64
5152085779,2784,347047,26,1,1,128,1,1,16,0.000,0.000,,,,,NVIDIA A100-SXM4-40GB MIG 4g.20gb (0),1,,13,cupy_copy__float32_float32
5152089523,2880,347056,103,1,1,128,1,1,16,0.000,0.000,,,,,NVIDIA A100-SXM4-40GB MIG 4g.20gb (0),1,,13,cupy_copy__complex64_complex64
5152094771,11968,347066,1434,1,1,128,1,1,16,0.000,0.000,,,,,NVIDIA A100-SXM4-40GB MIG 4g.20gb (0),1,,13,cupy_copy__complex64_complex64
5152108915,82559,347071,1,1,1,32,32,1,30,0.000,0.000,,,,,NVIDIA A100-SXM4-40GB MIG 4g.20gb (0),1,,13,"void convert_kernel<__half2, float2>(tensor_layout_any, T1 *, tensor_layout_any, const T2 *)"
5152217937,5536,347074,,,,,,,,,,0.094,16924.777,Pinned,Device,NVIDIA A100-SXM4-40GB MIG 4g.20gb (0),1,,13,[CUDA memcpy Host-to-Device]
5152228017,597529,347075,,,,,,,,,,456.561,763827.289,Device,,NVIDIA A100-SXM4-40GB MIG 4g.20gb (0),1,,13,[CUDA memset]
5152832842,150078,347080,,,,,,,,,,1.235,8228.432,Pinned,Device,NVIDIA A100-SXM4-40GB MIG 4g.20gb (0),1,,13,[CUDA memcpy Host-to-Device]
5152992232,23231,347081,,,,,,,,,,0.197,8462.991,Pinned,Device,NVIDIA A100-SXM4-40GB MIG 4g.20gb (0),1,,13,[CUDA memcpy Host-to-Device]
5153025095,8480,347082,69,4,1,48,1,1,76,0.002,0.000,,,,,NVIDIA A100-SXM4-40GB MIG 4g.20gb (0),1,,13,"void ch_est::windowedChEstPreNoDftSOfdmKernel<float, __half, float, (unsigned int)2, (unsigned int)1, (unsigned short)4>(ch_est::puschRxChEstStatDescr_t *, ch_est::puschRxChEstDynDescr_t *)"
5153041895,6848,347083,137,2,1,24,2,1,44,0.001,0.001,,,,,NVIDIA A100-SXM4-40GB MIG 4g.20gb (0),1,,13,"void ch_est::chEstFilterNoDftSOfdmDispatchKernel<float, __half, float, (unsigned int)2>(ch_est::puschRxChEstStatDescr_t *, ch_est::puschRxChEstDynDescr_t *)"
5153052167,6304,347084,137,2,1,24,2,1,44,0.001,0.001,,,,,NVIDIA A100-SXM4-40GB MIG 4g.20gb (0),1,,13,"void ch_est::chEstFilterNoDftSOfdmDispatchKernel<float, __half, float, (unsigned int)2>(ch_est::puschRxChEstStatDescr_t *, ch_est::puschRxChEstDynDescr_t *)"
5153061959,2656,347095,103,1,1,128,1,1,16,0.000,0.000,,,,,NVIDIA A100-SXM4-40GB MIG 4g.20gb (0),1,,13,cupy_copy__complex64_complex64
5153066855,12768,347105,1434,1,1,128,1,1,16,0.000,0.000,,,,,NVIDIA A100-SXM4-40GB MIG 4g.20gb (0),1,,13,cupy_copy__complex64_complex64
5153081863,2688,347112,103,1,1,128,1,1,16,0.000,0.000,,,,,NVIDIA A100-SXM4-40GB MIG 4g.20gb (0),1,,13,cupy_copy__complex64_complex64
5153088166,82751,347119,1,1,1,32,32,1,30,0.000,0.000,,,,,NVIDIA A100-SXM4-40GB MIG 4g.20gb (0),1,,13,"void convert_kernel<__half2, float2>(tensor_layout_any, T1 *, tensor_layout_any, const T2 *)"
5153198021,5376,347122,,,,,,,,,,0.094,17428.487,Pinned,Device,NVIDIA A100-SXM4-40GB MIG 4g.20gb (0),1,,13,[CUDA memcpy Host-to-Device]
5153210117,47935,347123,,,,,,,,,,35.810,747030.741,Device,,NVIDIA A100-SXM4-40GB MIG 4g.20gb (0),1,,13,[CUDA memset]
5153263076,4128,347125,,,,,,,,,,0.000,19.380,Pinned,Device,NVIDIA A100-SXM4-40GB MIG 4g.20gb (0),1,,13,[CUDA memcpy Host-to-Device]
5153273924,11648,347126,,,,,,,,,,0.197,16878.993,Pinned,Device,NVIDIA A100-SXM4-40GB MIG 4g.20gb (0),1,,13,[CUDA memcpy Host-to-Device]
5153294980,10720,347127,273,1,1,48,1,1,40,0.000,0.001,,,,,NVIDIA A100-SXM4-40GB MIG 4g.20gb (0),1,,13,"void pusch_noise_intf_est::noiseIntfEstNoDftSOfdmKernel<float, __half, float, float, (unsigned int)2, (unsigned int)1, (unsigned char)4, (unsigned char)4>(pusch_noise_intf_est::puschRxNoiseIntfEstDynDescr)"
5153311652,2848,347138,35,1,1,128,1,1,16,0.000,0.000,,,,,NVIDIA A100-SXM4-40GB MIG 4g.20gb (0),1,,13,cupy_copy__complex64_complex64
5153316548,2112,347147,1,1,1,1,1,1,18,0.000,0.000,,,,,NVIDIA A100-SXM4-40GB MIG 4g.20gb (0),1,,13,cupy_copy__float32_float32
5153350659,1856,347153,,,,,,,,,,0.000,2.155,Device,Pageable,NVIDIA A100-SXM4-40GB MIG 4g.20gb (0),1,,7,[CUDA memcpy Device-to-Host]
5153413378,12672,347164,1434,1,1,128,1,1,16,0.000,0.000,,,,,NVIDIA A100-SXM4-40GB MIG 4g.20gb (0),1,,13,cupy_copy__complex64_complex64
5153437602,2720,347171,103,1,1,128,1,1,16,0.000,0.000,,,,,NVIDIA A100-SXM4-40GB MIG 4g.20gb (0),1,,13,cupy_copy__complex64_complex64
5153458082,2784,347178,35,1,1,128,1,1,16,0.000,0.000,,,,,NVIDIA A100-SXM4-40GB MIG 4g.20gb (0),1,,13,cupy_copy__complex64_complex64
5153476290,1760,347185,1,1,1,1,1,1,18,0.000,0.000,,,,,NVIDIA A100-SXM4-40GB MIG 4g.20gb (0),1,,13,cupy_copy__float32_float32
5153605984,81823,347196,1,1,1,32,32,1,30,0.000,0.000,,,,,NVIDIA A100-SXM4-40GB MIG 4g.20gb (0),1,,13,"void convert_kernel<__half2, float2>(tensor_layout_any, T1 *, tensor_layout_any, const T2 *)"
5153715775,5536,347199,,,,,,,,,,0.094,16924.777,Pinned,Device,NVIDIA A100-SXM4-40GB MIG 4g.20gb (0),1,,13,[CUDA memcpy Host-to-Device]
5153731711,3392,347200,,,,,,,,,,1.547,455961.768,Device,,NVIDIA A100-SXM4-40GB MIG 4g.20gb (0),1,,13,[CUDA memset]
5153737790,3104,347205,,,,,,,,,,0.031,10082.445,Pinned,Device,NVIDIA A100-SXM4-40GB MIG 4g.20gb (0),1,,13,[CUDA memcpy Host-to-Device]
5153743870,9632,347206,,,,,,,,,,0.197,20411.843,Pinned,Device,NVIDIA A100-SXM4-40GB MIG 4g.20gb (0),1,,13,[CUDA memcpy Host-to-Device]
5153757470,6240,347207,273,1,1,8,4,1,39,0.002,0.000,,,,,NVIDIA A100-SXM4-40GB MIG 4g.20gb (0),1,,13,"void channel_eq::eqMmseCoefCompLowMimoKernel<float, float, float, (unsigned int)4, (unsigned int)1, (unsigned int)4>(const channel_eq::_puschRxChEqStatDescr *, channel_eq::_puschRxChEqCoefCompDynDescr)"
5153764766,6048,347208,273,1,1,12,11,1,51,0.002,0.000,,,,,NVIDIA A100-SXM4-40GB MIG 4g.20gb (0),1,,13,"void channel_eq::eqMmseSoftDemapKernel<float, __half, __half, float, (unsigned int)4, (unsigned short)16383>(channel_eq::_puschRxChEqStatDescr *, channel_eq::_puschRxChEqSoftDemapDynDescr)"
5153772222,294876,347209,1,1,1,32,32,1,30,0.000,0.000,,,,,NVIDIA A100-SXM4-40GB MIG 4g.20gb (0),1,,13,"void convert_kernel<float2, __half2>(tensor_layout_any, T1 *, tensor_layout_any, const T2 *)"
5154068186,11040,347221,2253,1,1,128,1,1,16,0.000,0.000,,,,,NVIDIA A100-SXM4-40GB MIG 4g.20gb (0),1,,13,cupy_copy__float16_float16
5154083866,3648,347230,282,1,1,128,1,1,16,0.000,0.000,,,,,NVIDIA A100-SXM4-40GB MIG 4g.20gb (0),1,,13,cupy_copy__complex64_complex64
5154090234,2272,347239,26,1,1,128,1,1,16,0.000,0.000,,,,,NVIDIA A100-SXM4-40GB MIG 4g.20gb (0),1,,13,cupy_copy__float32_float32
5154093562,3008,347248,103,1,1,128,1,1,16,0.000,0.000,,,,,NVIDIA A100-SXM4-40GB MIG 4g.20gb (0),1,,13,cupy_copy__complex64_complex64
5154099258,11936,347258,1434,1,1,128,1,1,16,0.000,0.000,,,,,NVIDIA A100-SXM4-40GB MIG 4g.20gb (0),1,,13,cupy_copy__complex64_complex64
5154113850,83391,347263,1,1,1,32,32,1,30,0.000,0.000,,,,,NVIDIA A100-SXM4-40GB MIG 4g.20gb (0),1,,13,"void convert_kernel<__half2, float2>(tensor_layout_any, T1 *, tensor_layout_any, const T2 *)"
5154224120,6080,347266,,,,,,,,,,0.094,15410.462,Pinned,Device,NVIDIA A100-SXM4-40GB MIG 4g.20gb (0),1,,13,[CUDA memcpy Host-to-Device]
5154235384,598041,347267,,,,,,,,,,456.561,763370.728,Device,,NVIDIA A100-SXM4-40GB MIG 4g.20gb (0),1,,13,[CUDA memset]
5154841361,142334,347272,,,,,,,,,,1.235,8675.482,Pinned,Device,NVIDIA A100-SXM4-40GB MIG 4g.20gb (0),1,,13,[CUDA memcpy Host-to-Device]
5154996591,39839,347273,,,,,,,,,,0.197,4935.057,Pinned,Device,NVIDIA A100-SXM4-40GB MIG 4g.20gb (0),1,,13,[CUDA memcpy Host-to-Device]
5155066606,8256,347274,69,4,1,48,1,1,76,0.002,0.000,,,,,NVIDIA A100-SXM4-40GB MIG 4g.20gb (0),1,,13,"void ch_est::windowedChEstPreNoDftSOfdmKernel<float, __half, float, (unsigned int)2, (unsigned int)1, (unsigned short)4>(ch_est::puschRxChEstStatDescr_t *, ch_est::puschRxChEstDynDescr_t *)"
5155085614,6944,347275,137,2,1,24,2,1,44,0.001,0.001,,,,,NVIDIA A100-SXM4-40GB MIG 4g.20gb (0),1,,13,"void ch_est::chEstFilterNoDftSOfdmDispatchKernel<float, __half, float, (unsigned int)2>(ch_est::puschRxChEstStatDescr_t *, ch_est::puschRxChEstDynDescr_t *)"
5155103470,4672,347276,137,2,1,24,2,1,44,0.001,0.001,,,,,NVIDIA A100-SXM4-40GB MIG 4g.20gb (0),1,,13,"void ch_est::chEstFilterNoDftSOfdmDispatchKernel<float, __half, float, (unsigned int)2>(ch_est::puschRxChEstStatDescr_t *, ch_est::puschRxChEstDynDescr_t *)"
5155120813,2656,347287,103,1,1,128,1,1,16,0.000,0.000,,,,,NVIDIA A100-SXM4-40GB MIG 4g.20gb (0),1,,13,cupy_copy__complex64_complex64
5155137069,12512,347297,1434,1,1,128,1,1,16,0.000,0.000,,,,,NVIDIA A100-SXM4-40GB MIG 4g.20gb (0),1,,13,cupy_copy__complex64_complex64
5155156557,2944,347304,103,1,1,128,1,1,16,0.000,0.000,,,,,NVIDIA A100-SXM4-40GB MIG 4g.20gb (0),1,,13,cupy_copy__complex64_complex64
5155180749,97055,347311,1,1,1,32,32,1,30,0.000,0.000,,,,,NVIDIA A100-SXM4-40GB MIG 4g.20gb (0),1,,13,"void convert_kernel<__half2, float2>(tensor_layout_any, T1 *, tensor_layout_any, const T2 *)"
5155310283,13024,347314,,,,,,,,,,0.094,7194.073,Pinned,Device,NVIDIA A100-SXM4-40GB MIG 4g.20gb (0),1,,13,[CUDA memcpy Host-to-Device]
5155328427,47071,347315,,,,,,,,,,35.810,760745.940,Device,,NVIDIA A100-SXM4-40GB MIG 4g.20gb (0),1,,13,[CUDA memset]
5155380682,5248,347317,,,,,,,,,,0.000,15.244,Pinned,Device,NVIDIA A100-SXM4-40GB MIG 4g.20gb (0),1,,13,[CUDA memcpy Host-to-Device]
5155388426,14720,347318,,,,,,,,,,0.197,13356.368,Pinned,Device,NVIDIA A100-SXM4-40GB MIG 4g.20gb (0),1,,13,[CUDA memcpy Host-to-Device]
5155414602,9824,347319,273,1,1,48,1,1,40,0.000,0.001,,,,,NVIDIA A100-SXM4-40GB MIG 4g.20gb (0),1,,13,"void pusch_noise_intf_est::noiseIntfEstNoDftSOfdmKernel<float, __half, float, float, (unsigned int)2, (unsigned int)1, (unsigned char)4, (unsigned char)4>(pusch_noise_intf_est::puschRxNoiseIntfEstDynDescr)"
5155428682,3040,347330,35,1,1,128,1,1,16,0.000,0.000,,,,,NVIDIA A100-SXM4-40GB MIG 4g.20gb (0),1,,13,cupy_copy__complex64_complex64
5155435786,1920,347339,1,1,1,1,1,1,18,0.000,0.000,,,,,NVIDIA A100-SXM4-40GB MIG 4g.20gb (0),1,,13,cupy_copy__float32_float32
5155462793,1568,347345,,,,,,,,,,0.000,2.551,Device,Pageable,NVIDIA A100-SXM4-40GB MIG 4g.20gb (0),1,,7,[CUDA memcpy Device-to-Host]
5155521865,12767,347356,1434,1,1,128,1,1,16,0.000,0.000,,,,,NVIDIA A100-SXM4-40GB MIG 4g.20gb (0),1,,13,cupy_copy__complex64_complex64
5155549544,2848,347363,103,1,1,128,1,1,16,0.000,0.000,,,,,NVIDIA A100-SXM4-40GB MIG 4g.20gb (0),1,,13,cupy_copy__complex64_complex64
5155569160,2336,347370,35,1,1,128,1,1,16,0.000,0.000,,,,,NVIDIA A100-SXM4-40GB MIG 4g.20gb (0),1,,13,cupy_copy__complex64_complex64
5155588776,1792,347377,1,1,1,1,1,1,18,0.000,0.000,,,,,NVIDIA A100-SXM4-40GB MIG 4g.20gb (0),1,,13,cupy_copy__float32_float32
5155718886,90431,347388,1,1,1,32,32,1,30,0.000,0.000,,,,,NVIDIA A100-SXM4-40GB MIG 4g.20gb (0),1,,13,"void convert_kernel<__half2, float2>(tensor_layout_any, T1 *, tensor_layout_any, const T2 *)"
5155836645,5472,347391,,,,,,,,,,0.094,17122.757,Pinned,Device,NVIDIA A100-SXM4-40GB MIG 4g.20gb (0),1,,13,[CUDA memcpy Host-to-Device]
5155852068,3200,347392,,,,,,,,,,1.547,483320.000,Device,,NVIDIA A100-SXM4-40GB MIG 4g.20gb (0),1,,13,[CUDA memset]
5155858052,3296,347397,,,,,,,,,,0.031,9495.144,Pinned,Device,NVIDIA A100-SXM4-40GB MIG 4g.20gb (0),1,,13,[CUDA memcpy Host-to-Device]
5155864036,9664,347398,,,,,,,,,,0.197,20344.209,Pinned,Device,NVIDIA A100-SXM4-40GB MIG 4g.20gb (0),1,,13,[CUDA memcpy Host-to-Device]
5155878980,6208,347399,273,1,1,8,4,1,39,0.002,0.000,,,,,NVIDIA A100-SXM4-40GB MIG 4g.20gb (0),1,,13,"void channel_eq::eqMmseCoefCompLowMimoKernel<float, float, float, (unsigned int)4, (unsigned int)1, (unsigned int)4>(const channel_eq::_puschRxChEqStatDescr *, channel_eq::_puschRxChEqCoefCompDynDescr)"
5155886244,5920,347400,273,1,1,12,11,1,51,0.002,0.000,,,,,NVIDIA A100-SXM4-40GB MIG 4g.20gb (0),1,,13,"void channel_eq::eqMmseSoftDemapKernel<float, __half, __half, float, (unsigned int)4, (unsigned short)16383>(channel_eq::_puschRxChEqStatDescr *, channel_eq::_puschRxChEqSoftDemapDynDescr)"
5155893220,294748,347401,1,1,1,32,32,1,30,0.000,0.000,,,,,NVIDIA A100-SXM4-40GB MIG 4g.20gb (0),1,,13,"void convert_kernel<float2, __half2>(tensor_layout_any, T1 *, tensor_layout_any, const T2 *)"
5156189088,11104,347413,2253,1,1,128,1,1,16,0.000,0.000,,,,,NVIDIA A100-SXM4-40GB MIG 4g.20gb (0),1,,13,cupy_copy__float16_float16
5156204320,3360,347422,282,1,1,128,1,1,16,0.000,0.000,,,,,NVIDIA A100-SXM4-40GB MIG 4g.20gb (0),1,,13,cupy_copy__complex64_complex64
5156209824,2240,347431,26,1,1,128,1,1,16,0.000,0.000,,,,,NVIDIA A100-SXM4-40GB MIG 4g.20gb (0),1,,13,cupy_copy__float32_float32
5156213184,2880,347440,103,1,1,128,1,1,16,0.000,0.000,,,,,NVIDIA A100-SXM4-40GB MIG 4g.20gb (0),1,,13,cupy_copy__complex64_complex64
5156219040,12352,347450,1434,1,1,128,1,1,16,0.000,0.000,,,,,NVIDIA A100-SXM4-40GB MIG 4g.20gb (0),1,,13,cupy_copy__complex64_complex64
5156233856,86431,347455,1,1,1,32,32,1,30,0.000,0.000,,,,,NVIDIA A100-SXM4-40GB MIG 4g.20gb (0),1,,13,"void convert_kernel<__half2, float2>(tensor_layout_any, T1 *, tensor_layout_any, const T2 *)"
5156347166,5312,347458,,,,,,,,,,0.094,17638.553,Pinned,Device,NVIDIA A100-SXM4-40GB MIG 4g.20gb (0),1,,13,[CUDA memcpy Host-to-Device]
5156356478,596569,347459,,,,,,,,,,456.561,765196.973,Device,,NVIDIA A100-SXM4-40GB MIG 4g.20gb (0),1,,13,[CUDA memset]
5156958487,175582,347464,,,,,,,,,,1.235,7033.006,Pinned,Device,NVIDIA A100-SXM4-40GB MIG 4g.20gb (0),1,,13,[CUDA memcpy Host-to-Device]
5157145492,41984,347465,,,,,,,,,,0.197,4682.809,Pinned,Device,NVIDIA A100-SXM4-40GB MIG 4g.20gb (0),1,,13,[CUDA memcpy Host-to-Device]
5157209396,8288,347466,69,4,1,48,1,1,76,0.002,0.000,,,,,NVIDIA A100-SXM4-40GB MIG 4g.20gb (0),1,,13,"void ch_est::windowedChEstPreNoDftSOfdmKernel<float, __half, float, (unsigned int)2, (unsigned int)1, (unsigned short)4>(ch_est::puschRxChEstStatDescr_t *, ch_est::puschRxChEstDynDescr_t *)"
5157228947,6976,347467,137,2,1,24,2,1,44,0.001,0.001,,,,,NVIDIA A100-SXM4-40GB MIG 4g.20gb (0),1,,13,"void ch_est::chEstFilterNoDftSOfdmDispatchKernel<float, __half, float, (unsigned int)2>(ch_est::puschRxChEstStatDescr_t *, ch_est::puschRxChEstDynDescr_t *)"
5157245587,4736,347468,137,2,1,24,2,1,44,0.001,0.001,,,,,NVIDIA A100-SXM4-40GB MIG 4g.20gb (0),1,,13,"void ch_est::chEstFilterNoDftSOfdmDispatchKernel<float, __half, float, (unsigned int)2>(ch_est::puschRxChEstStatDescr_t *, ch_est::puschRxChEstDynDescr_t *)"
5157265299,2624,347479,103,1,1,128,1,1,16,0.000,0.000,,,,,NVIDIA A100-SXM4-40GB MIG 4g.20gb (0),1,,13,cupy_copy__complex64_complex64
5157281971,12256,347489,1434,1,1,128,1,1,16,0.000,0.000,,,,,NVIDIA A100-SXM4-40GB MIG 4g.20gb (0),1,,13,cupy_copy__complex64_complex64
5157301139,2560,347496,103,1,1,128,1,1,16,0.000,0.000,,,,,NVIDIA A100-SXM4-40GB MIG 4g.20gb (0),1,,13,cupy_copy__complex64_complex64
5157322226,88863,347503,1,1,1,32,32,1,30,0.000,0.000,,,,,NVIDIA A100-SXM4-40GB MIG 4g.20gb (0),1,,13,"void convert_kernel<__half2, float2>(tensor_layout_any, T1 *, tensor_layout_any, const T2 *)"
5157445489,25215,347506,,,,,,,,,,0.094,3715.796,Pinned,Device,NVIDIA A100-SXM4-40GB MIG 4g.20gb (0),1,,13,[CUDA memcpy Host-to-Device]
5157498416,47328,347507,,,,,,,,,,35.810,756627.800,Device,,NVIDIA A100-SXM4-40GB MIG 4g.20gb (0),1,,13,[CUDA memset]
5157551855,7968,347509,,,,,,,,,,0.000,10.040,Pinned,Device,NVIDIA A100-SXM4-40GB MIG 4g.20gb (0),1,,13,[CUDA memcpy Host-to-Device]
5157569327,30080,347510,,,,,,,,,,0.197,6536.036,Pinned,Device,NVIDIA A100-SXM4-40GB MIG 4g.20gb (0),1,,13,[CUDA memcpy Host-to-Device]
5157621103,9792,347511,273,1,1,48,1,1,40,0.000,0.001,,,,,NVIDIA A100-SXM4-40GB MIG 4g.20gb (0),1,,13,"void pusch_noise_intf_est::noiseIntfEstNoDftSOfdmKernel<float, __half, float, float, (unsigned int)2, (unsigned int)1, (unsigned char)4, (unsigned char)4>(pusch_noise_intf_est::puschRxNoiseIntfEstDynDescr)"
5157643278,2784,347522,35,1,1,128,1,1,16,0.000,0.000,,,,,NVIDIA A100-SXM4-40GB MIG 4g.20gb (0),1,,13,cupy_copy__complex64_complex64
5157654158,1792,347531,1,1,1,1,1,1,18,0.000,0.000,,,,,NVIDIA A100-SXM4-40GB MIG 4g.20gb (0),1,,13,cupy_copy__float32_float32
5157660398,1856,347537,,,,,,,,,,0.000,2.155,Device,Pageable,NVIDIA A100-SXM4-40GB MIG 4g.20gb (0),1,,7,[CUDA memcpy Device-to-Host]
5157736621,12768,347548,1434,1,1,128,1,1,16,0.000,0.000,,,,,NVIDIA A100-SXM4-40GB MIG 4g.20gb (0),1,,13,cupy_copy__complex64_complex64
5157764653,3232,347555,103,1,1,128,1,1,16,0.000,0.000,,,,,NVIDIA A100-SXM4-40GB MIG 4g.20gb (0),1,,13,cupy_copy__complex64_complex64
5157781517,2464,347562,35,1,1,128,1,1,16,0.000,0.000,,,,,NVIDIA A100-SXM4-40GB MIG 4g.20gb (0),1,,13,cupy_copy__complex64_complex64
5157805804,1856,347569,1,1,1,1,1,1,18,0.000,0.000,,,,,NVIDIA A100-SXM4-40GB MIG 4g.20gb (0),1,,13,cupy_copy__float32_float32
5157926187,81727,347580,1,1,1,32,32,1,30,0.000,0.000,,,,,NVIDIA A100-SXM4-40GB MIG 4g.20gb (0),1,,13,"void convert_kernel<__half2, float2>(tensor_layout_any, T1 *, tensor_layout_any, const T2 *)"
5158035786,5919,347583,,,,,,,,,,0.094,15829.658,Pinned,Device,NVIDIA A100-SXM4-40GB MIG 4g.20gb (0),1,,13,[CUDA memcpy Host-to-Device]
5158051049,3296,347584,,,,,,,,,,1.547,469242.628,Device,,NVIDIA A100-SXM4-40GB MIG 4g.20gb (0),1,,13,[CUDA memset]
5158057929,3392,347589,,,,,,,,,,0.031,9226.405,Pinned,Device,NVIDIA A100-SXM4-40GB MIG 4g.20gb (0),1,,13,[CUDA memcpy Host-to-Device]
5158063753,9888,347590,,,,,,,,,,0.197,19883.360,Pinned,Device,NVIDIA A100-SXM4-40GB MIG 4g.20gb (0),1,,13,[CUDA memcpy Host-to-Device]
5158077449,6464,347591,273,1,1,8,4,1,39,0.002,0.000,,,,,NVIDIA A100-SXM4-40GB MIG 4g.20gb (0),1,,13,"void channel_eq::eqMmseCoefCompLowMimoKernel<float, float, float, (unsigned int)4, (unsigned int)1, (unsigned int)4>(const channel_eq::_puschRxChEqStatDescr *, channel_eq::_puschRxChEqCoefCompDynDescr)"
5158084841,6112,347592,273,1,1,12,11,1,51,0.002,0.000,,,,,NVIDIA A100-SXM4-40GB MIG 4g.20gb (0),1,,13,"void channel_eq::eqMmseSoftDemapKernel<float, __half, __half, float, (unsigned int)4, (unsigned short)16383>(channel_eq::_puschRxChEqStatDescr *, channel_eq::_puschRxChEqSoftDemapDynDescr)"
5158092009,282332,347593,1,1,1,32,32,1,30,0.000,0.000,,,,,NVIDIA A100-SXM4-40GB MIG 4g.20gb (0),1,,13,"void convert_kernel<float2, __half2>(tensor_layout_any, T1 *, tensor_layout_any, const T2 *)"
5158375269,10912,347605,2253,1,1,128,1,1,16,0.000,0.000,,,,,NVIDIA A100-SXM4-40GB MIG 4g.20gb (0),1,,13,cupy_copy__float16_float16
5158389861,3584,347614,282,1,1,128,1,1,16,0.000,0.000,,,,,NVIDIA A100-SXM4-40GB MIG 4g.20gb (0),1,,13,cupy_copy__complex64_complex64
5158397285,2176,347623,26,1,1,128,1,1,16,0.000,0.000,,,,,NVIDIA A100-SXM4-40GB MIG 4g.20gb (0),1,,13,cupy_copy__float32_float32
5158400677,3872,347632,103,1,1,128,1,1,16,0.000,0.000,,,,,NVIDIA A100-SXM4-40GB MIG 4g.20gb (0),1,,13,cupy_copy__complex64_complex64
5158405477,11936,347642,1434,1,1,128,1,1,16,0.000,0.000,,,,,NVIDIA A100-SXM4-40GB MIG 4g.20gb (0),1,,13,cupy_copy__complex64_complex64
5158426789,87263,347647,1,1,1,32,32,1,30,0.000,0.000,,,,,NVIDIA A100-SXM4-40GB MIG 4g.20gb (0),1,,13,"void convert_kernel<__half2, float2>(tensor_layout_any, T1 *, tensor_layout_any, const T2 *)"
5158541283,5664,347650,,,,,,,,,,0.094,16542.310,Pinned,Device,NVIDIA A100-SXM4-40GB MIG 4g.20gb (0),1,,13,[CUDA memcpy Host-to-Device]
5158551331,596985,347651,,,,,,,,,,456.561,764740.412,Device,,NVIDIA A100-SXM4-40GB MIG 4g.20gb (0),1,,13,[CUDA memset]
5159150108,152606,347656,,,,,,,,,,1.235,8091.353,Pinned,Device,NVIDIA A100-SXM4-40GB MIG 4g.20gb (0),1,,13,[CUDA memcpy Host-to-Device]
5159311802,31839,347657,,,,,,,,,,0.197,6175.064,Pinned,Device,NVIDIA A100-SXM4-40GB MIG 4g.20gb (0),1,,13,[CUDA memcpy Host-to-Device]
5159360793,8288,347658,69,4,1,48,1,1,76,0.002,0.000,,,,,NVIDIA A100-SXM4-40GB MIG 4g.20gb (0),1,,13,"void ch_est::windowedChEstPreNoDftSOfdmKernel<float, __half, float, (unsigned int)2, (unsigned int)1, (unsigned short)4>(ch_est::puschRxChEstStatDescr_t *, ch_est::puschRxChEstDynDescr_t *)"
5159381913,6912,347659,137,2,1,24,2,1,44,0.001,0.001,,,,,NVIDIA A100-SXM4-40GB MIG 4g.20gb (0),1,,13,"void ch_est::chEstFilterNoDftSOfdmDispatchKernel<float, __half, float, (unsigned int)2>(ch_est::puschRxChEstStatDescr_t *, ch_est::puschRxChEstDynDescr_t *)"
5159394937,4736,347660,137,2,1,24,2,1,44,0.001,0.001,,,,,NVIDIA A100-SXM4-40GB MIG 4g.20gb (0),1,,13,"void ch_est::chEstFilterNoDftSOfdmDispatchKernel<float, __half, float, (unsigned int)2>(ch_est::puschRxChEstStatDescr_t *, ch_est::puschRxChEstDynDescr_t *)"
5159407897,2528,347671,103,1,1,128,1,1,16,0.000,0.000,,,,,NVIDIA A100-SXM4-40GB MIG 4g.20gb (0),1,,13,cupy_copy__complex64_complex64
5159422936,12800,347681,1434,1,1,128,1,1,16,0.000,0.000,,,,,NVIDIA A100-SXM4-40GB MIG 4g.20gb (0),1,,13,cupy_copy__complex64_complex64
5159450136,2496,347688,103,1,1,128,1,1,16,0.000,0.000,,,,,NVIDIA A100-SXM4-40GB MIG 4g.20gb (0),1,,13,cupy_copy__complex64_complex64
5159468216,94015,347695,1,1,1,32,32,1,30,0.000,0.000,,,,,NVIDIA A100-SXM4-40GB MIG 4g.20gb (0),1,,13,"void convert_kernel<__half2, float2>(tensor_layout_any, T1 *, tensor_layout_any, const T2 *)"
5159598550,23392,347698,,,,,,,,,,0.094,4005.410,Pinned,Device,NVIDIA A100-SXM4-40GB MIG 4g.20gb (0),1,,13,[CUDA memcpy Host-to-Device]
5159636534,46815,347699,,,,,,,,,,35.810,764899.891,Device,,NVIDIA A100-SXM4-40GB MIG 4g.20gb (0),1,,13,[CUDA memset]
5159687477,11296,347701,,,,,,,,,,0.000,7.082,Pinned,Device,NVIDIA A100-SXM4-40GB MIG 4g.20gb (0),1,,13,[CUDA memcpy Host-to-Device]
5159706645,33120,347702,,,,,,,,,,0.197,5936.185,Pinned,Device,NVIDIA A100-SXM4-40GB MIG 4g.20gb (0),1,,13,[CUDA memcpy Host-to-Device]
5159760180,9600,347703,273,1,1,48,1,1,40,0.000,0.001,,,,,NVIDIA A100-SXM4-40GB MIG 4g.20gb (0),1,,13,"void pusch_noise_intf_est::noiseIntfEstNoDftSOfdmKernel<float, __half, float, float, (unsigned int)2, (unsigned int)1, (unsigned char)4, (unsigned char)4>(pusch_noise_intf_est::puschRxNoiseIntfEstDynDescr)"
5159777300,2784,347714,35,1,1,128,1,1,16,0.000,0.000,,,,,NVIDIA A100-SXM4-40GB MIG 4g.20gb (0),1,,13,cupy_copy__complex64_complex64
5159794004,1760,347723,1,1,1,1,1,1,18,0.000,0.000,,,,,NVIDIA A100-SXM4-40GB MIG 4g.20gb (0),1,,13,cupy_copy__float32_float32
5159796436,8960,347729,,,,,,,,,,0.000,0.446,Device,Pageable,NVIDIA A100-SXM4-40GB MIG 4g.20gb (0),1,,7,[CUDA memcpy Device-to-Host]
5159889107,12704,347740,1434,1,1,128,1,1,16,0.000,0.000,,,,,NVIDIA A100-SXM4-40GB MIG 4g.20gb (0),1,,13,cupy_copy__complex64_complex64
5159914386,2720,347747,103,1,1,128,1,1,16,0.000,0.000,,,,,NVIDIA A100-SXM4-40GB MIG 4g.20gb (0),1,,13,cupy_copy__complex64_complex64
5159934002,2560,347754,35,1,1,128,1,1,16,0.000,0.000,,,,,NVIDIA A100-SXM4-40GB MIG 4g.20gb (0),1,,13,cupy_copy__complex64_complex64
5159953810,1792,347761,1,1,1,1,1,1,18,0.000,0.000,,,,,NVIDIA A100-SXM4-40GB MIG 4g.20gb (0),1,,13,cupy_copy__float32_float32
5160089264,87231,347772,1,1,1,32,32,1,30,0.000,0.000,,,,,NVIDIA A100-SXM4-40GB MIG 4g.20gb (0),1,,13,"void convert_kernel<__half2, float2>(tensor_layout_any, T1 *, tensor_layout_any, const T2 *)"
5160204687,9152,347775,,,,,,,,,,0.094,10237.693,Pinned,Device,NVIDIA A100-SXM4-40GB MIG 4g.20gb (0),1,,13,[CUDA memcpy Host-to-Device]
5160230510,3488,347776,,,,,,,,,,1.547,443412.461,Device,,NVIDIA A100-SXM4-40GB MIG 4g.20gb (0),1,,13,[CUDA memset]
5160236430,3424,347781,,,,,,,,,,0.031,9140.185,Pinned,Device,NVIDIA A100-SXM4-40GB MIG 4g.20gb (0),1,,13,[CUDA memcpy Host-to-Device]
5160247470,13440,347782,,,,,,,,,,0.197,14628.422,Pinned,Device,NVIDIA A100-SXM4-40GB MIG 4g.20gb (0),1,,13,[CUDA memcpy Host-to-Device]
5160269806,6208,347783,273,1,1,8,4,1,39,0.002,0.000,,,,,NVIDIA A100-SXM4-40GB MIG 4g.20gb (0),1,,13,"void channel_eq::eqMmseCoefCompLowMimoKernel<float, float, float, (unsigned int)4, (unsigned int)1, (unsigned int)4>(const channel_eq::_puschRxChEqStatDescr *, channel_eq::_puschRxChEqCoefCompDynDescr)"
5160277518,5472,347784,273,1,1,12,11,1,51,0.002,0.000,,,,,NVIDIA A100-SXM4-40GB MIG 4g.20gb (0),1,,13,"void channel_eq::eqMmseSoftDemapKernel<float, __half, __half, float, (unsigned int)4, (unsigned short)16383>(channel_eq::_puschRxChEqStatDescr *, channel_eq::_puschRxChEqSoftDemapDynDescr)"
5160285134,282684,347785,1,1,1,32,32,1,30,0.000,0.000,,,,,NVIDIA A100-SXM4-40GB MIG 4g.20gb (0),1,,13,"void convert_kernel<float2, __half2>(tensor_layout_any, T1 *, tensor_layout_any, const T2 *)"
5160570602,11104,347797,2253,1,1,128,1,1,16,0.000,0.000,,,,,NVIDIA A100-SXM4-40GB MIG 4g.20gb (0),1,,13,cupy_copy__float16_float16
5160587914,3040,347806,282,1,1,128,1,1,16,0.000,0.000,,,,,NVIDIA A100-SXM4-40GB MIG 4g.20gb (0),1,,13,cupy_copy__complex64_complex64
5160592586,2048,347815,26,1,1,128,1,1,16,0.000,0.000,,,,,NVIDIA A100-SXM4-40GB MIG 4g.20gb (0),1,,13,cupy_copy__float32_float32
5160598314,3328,347824,103,1,1,128,1,1,16,0.000,0.000,,,,,NVIDIA A100-SXM4-40GB MIG 4g.20gb (0),1,,13,cupy_copy__complex64_complex64
5160603562,12032,347834,1434,1,1,128,1,1,16,0.000,0.000,,,,,NVIDIA A100-SXM4-40GB MIG 4g.20gb (0),1,,13,cupy_copy__complex64_complex64
5160619338,86719,347839,1,1,1,32,32,1,30,0.000,0.000,,,,,NVIDIA A100-SXM4-40GB MIG 4g.20gb (0),1,,13,"void convert_kernel<__half2, float2>(tensor_layout_any, T1 *, tensor_layout_any, const T2 *)"
5160733320,5600,347842,,,,,,,,,,0.094,16731.388,Pinned,Device,NVIDIA A100-SXM4-40GB MIG 4g.20gb (0),1,,13,[CUDA memcpy Host-to-Device]
5160742888,599033,347843,,,,,,,,,,456.561,762001.043,Device,,NVIDIA A100-SXM4-40GB MIG 4g.20gb (0),1,,13,[CUDA memset]
5161351585,119134,347848,,,,,,,,,,1.235,10364.885,Pinned,Device,NVIDIA A100-SXM4-40GB MIG 4g.20gb (0),1,,13,[CUDA memcpy Host-to-Device]
5161480831,24000,347849,,,,,,,,,,0.197,8191.869,Pinned,Device,NVIDIA A100-SXM4-40GB MIG 4g.20gb (0),1,,13,[CUDA memcpy Host-to-Device]
5161521311,9471,347850,69,4,1,48,1,1,76,0.002,0.000,,,,,NVIDIA A100-SXM4-40GB MIG 4g.20gb (0),1,,13,"void ch_est::windowedChEstPreNoDftSOfdmKernel<float, __half, float, (unsigned int)2, (unsigned int)1, (unsigned short)4>(ch_est::puschRxChEstStatDescr_t *, ch_est::puschRxChEstDynDescr_t *)"
5161537438,6432,347851,137,2,1,24,2,1,44,0.001,0.001,,,,,NVIDIA A100-SXM4-40GB MIG 4g.20gb (0),1,,13,"void ch_est::chEstFilterNoDftSOfdmDispatchKernel<float, __half, float, (unsigned int)2>(ch_est::puschRxChEstStatDescr_t *, ch_est::puschRxChEstDynDescr_t *)"
5161546238,5280,347852,137,2,1,24,2,1,44,0.001,0.001,,,,,NVIDIA A100-SXM4-40GB MIG 4g.20gb (0),1,,13,"void ch_est::chEstFilterNoDftSOfdmDispatchKernel<float, __half, float, (unsigned int)2>(ch_est::puschRxChEstStatDescr_t *, ch_est::puschRxChEstDynDescr_t *)"
5161554494,2752,347863,103,1,1,128,1,1,16,0.000,0.000,,,,,NVIDIA A100-SXM4-40GB MIG 4g.20gb (0),1,,13,cupy_copy__complex64_complex64
5161562142,12864,347873,1434,1,1,128,1,1,16,0.000,0.000,,,,,NVIDIA A100-SXM4-40GB MIG 4g.20gb (0),1,,13,cupy_copy__complex64_complex64
5161577918,3104,347880,103,1,1,128,1,1,16,0.000,0.000,,,,,NVIDIA A100-SXM4-40GB MIG 4g.20gb (0),1,,13,cupy_copy__complex64_complex64
5161585982,88159,347887,1,1,1,32,32,1,30,0.000,0.000,,,,,NVIDIA A100-SXM4-40GB MIG 4g.20gb (0),1,,13,"void convert_kernel<__half2, float2>(tensor_layout_any, T1 *, tensor_layout_any, const T2 *)"
5161702108,13696,347890,,,,,,,,,,0.094,6841.120,Pinned,Device,NVIDIA A100-SXM4-40GB MIG 4g.20gb (0),1,,13,[CUDA memcpy Host-to-Device]
5161723580,47296,347891,,,,,,,,,,35.810,757129.139,Device,,NVIDIA A100-SXM4-40GB MIG 4g.20gb (0),1,,13,[CUDA memset]
5161776507,7552,347893,,,,,,,,,,0.000,10.593,Pinned,Device,NVIDIA A100-SXM4-40GB MIG 4g.20gb (0),1,,13,[CUDA memcpy Host-to-Device]
5161789371,17408,347894,,,,,,,,,,0.197,11293.950,Pinned,Device,NVIDIA A100-SXM4-40GB MIG 4g.20gb (0),1,,13,[CUDA memcpy Host-to-Device]
5161815131,9248,347895,273,1,1,48,1,1,40,0.000,0.001,,,,,NVIDIA A100-SXM4-40GB MIG 4g.20gb (0),1,,13,"void pusch_noise_intf_est::noiseIntfEstNoDftSOfdmKernel<float, __half, float, float, (unsigned int)2, (unsigned int)1, (unsigned char)4, (unsigned char)4>(pusch_noise_intf_est::puschRxNoiseIntfEstDynDescr)"
5161827611,3040,347906,35,1,1,128,1,1,16,0.000,0.000,,,,,NVIDIA A100-SXM4-40GB MIG 4g.20gb (0),1,,13,cupy_copy__complex64_complex64
5161833595,1728,347915,1,1,1,1,1,1,18,0.000,0.000,,,,,NVIDIA A100-SXM4-40GB MIG 4g.20gb (0),1,,13,cupy_copy__float32_float32
5161855002,1632,347921,,,,,,,,,,0.000,2.451,Device,Pageable,NVIDIA A100-SXM4-40GB MIG 4g.20gb (0),1,,7,[CUDA memcpy Device-to-Host]
5161915162,12864,347932,1434,1,1,128,1,1,16,0.000,0.000,,,,,NVIDIA A100-SXM4-40GB MIG 4g.20gb (0),1,,13,cupy_copy__complex64_complex64
5161942361,2592,347939,103,1,1,128,1,1,16,0.000,0.000,,,,,NVIDIA A100-SXM4-40GB MIG 4g.20gb (0),1,,13,cupy_copy__complex64_complex64
5161962937,2816,347946,35,1,1,128,1,1,16,0.000,0.000,,,,,NVIDIA A100-SXM4-40GB MIG 4g.20gb (0),1,,13,cupy_copy__complex64_complex64
5161980057,1792,347953,1,1,1,1,1,1,18,0.000,0.000,,,,,NVIDIA A100-SXM4-40GB MIG 4g.20gb (0),1,,13,cupy_copy__float32_float32
5162113719,82303,347964,1,1,1,32,32,1,30,0.000,0.000,,,,,NVIDIA A100-SXM4-40GB MIG 4g.20gb (0),1,,13,"void convert_kernel<__half2, float2>(tensor_layout_any, T1 *, tensor_layout_any, const T2 *)"
5162223382,5696,347967,,,,,,,,,,0.094,16449.363,Pinned,Device,NVIDIA A100-SXM4-40GB MIG 4g.20gb (0),1,,13,[CUDA memcpy Host-to-Device]
5162237622,3424,347968,,,,,,,,,,1.547,451700.819,Device,,NVIDIA A100-SXM4-40GB MIG 4g.20gb (0),1,,13,[CUDA memset]
5162244502,3136,347973,,,,,,,,,,0.031,9979.575,Pinned,Device,NVIDIA A100-SXM4-40GB MIG 4g.20gb (0),1,,13,[CUDA memcpy Host-to-Device]
5162250166,10111,347974,,,,,,,,,,0.197,19444.924,Pinned,Device,NVIDIA A100-SXM4-40GB MIG 4g.20gb (0),1,,13,[CUDA memcpy Host-to-Device]
5162266549,8192,347975,273,1,1,8,4,1,39,0.002,0.000,,,,,NVIDIA A100-SXM4-40GB MIG 4g.20gb (0),1,,13,"void channel_eq::eqMmseCoefCompLowMimoKernel<float, float, float, (unsigned int)4, (unsigned int)1, (unsigned int)4>(const channel_eq::_puschRxChEqStatDescr *, channel_eq::_puschRxChEqCoefCompDynDescr)"
5162275701,5696,347976,273,1,1,12,11,1,51,0.002,0.000,,,,,NVIDIA A100-SXM4-40GB MIG 4g.20gb (0),1,,13,"void channel_eq::eqMmseSoftDemapKernel<float, __half, __half, float, (unsigned int)4, (unsigned short)16383>(channel_eq::_puschRxChEqStatDescr *, channel_eq::_puschRxChEqSoftDemapDynDescr)"
5162282389,283133,347977,1,1,1,32,32,1,30,0.000,0.000,,,,,NVIDIA A100-SXM4-40GB MIG 4g.20gb (0),1,,13,"void convert_kernel<float2, __half2>(tensor_layout_any, T1 *, tensor_layout_any, const T2 *)"
5162568914,10944,347989,2253,1,1,128,1,1,16,0.000,0.000,,,,,NVIDIA A100-SXM4-40GB MIG 4g.20gb (0),1,,13,cupy_copy__float16_float16
5162585873,3520,347998,282,1,1,128,1,1,16,0.000,0.000,,,,,NVIDIA A100-SXM4-40GB MIG 4g.20gb (0),1,,13,cupy_copy__complex64_complex64
5162592881,2592,348007,26,1,1,128,1,1,16,0.000,0.000,,,,,NVIDIA A100-SXM4-40GB MIG 4g.20gb (0),1,,13,cupy_copy__float32_float32
5162596625,2976,348016,103,1,1,128,1,1,16,0.000,0.000,,,,,NVIDIA A100-SXM4-40GB MIG 4g.20gb (0),1,,13,cupy_copy__complex64_complex64
5162600625,12256,348026,1434,1,1,128,1,1,16,0.000,0.000,,,,,NVIDIA A100-SXM4-40GB MIG 4g.20gb (0),1,,13,cupy_copy__complex64_complex64
5162617809,82143,348031,1,1,1,32,32,1,30,0.000,0.000,,,,,NVIDIA A100-SXM4-40GB MIG 4g.20gb (0),1,,13,"void convert_kernel<__half2, float2>(tensor_layout_any, T1 *, tensor_layout_any, const T2 *)"
5162728560,5408,348034,,,,,,,,,,0.094,17325.421,Pinned,Device,NVIDIA A100-SXM4-40GB MIG 4g.20gb (0),1,,13,[CUDA memcpy Host-to-Device]
5162737936,598328,348035,,,,,,,,,,456.561,762914.166,Device,,NVIDIA A100-SXM4-40GB MIG 4g.20gb (0),1,,13,[CUDA memset]
5163343208,128543,348040,,,,,,,,,,1.235,9606.629,Pinned,Device,NVIDIA A100-SXM4-40GB MIG 4g.20gb (0),1,,13,[CUDA memcpy Host-to-Device]
5163484166,40512,348041,,,,,,,,,,0.197,4853.072,Pinned,Device,NVIDIA A100-SXM4-40GB MIG 4g.20gb (0),1,,13,[CUDA memcpy Host-to-Device]
5163542214,8160,348042,69,4,1,48,1,1,76,0.002,0.000,,,,,NVIDIA A100-SXM4-40GB MIG 4g.20gb (0),1,,13,"void ch_est::windowedChEstPreNoDftSOfdmKernel<float, __half, float, (unsigned int)2, (unsigned int)1, (unsigned short)4>(ch_est::puschRxChEstStatDescr_t *, ch_est::puschRxChEstDynDescr_t *)"
5163559973,6976,348043,137,2,1,24,2,1,44,0.001,0.001,,,,,NVIDIA A100-SXM4-40GB MIG 4g.20gb (0),1,,13,"void ch_est::chEstFilterNoDftSOfdmDispatchKernel<float, __half, float, (unsigned int)2>(ch_est::puschRxChEstStatDescr_t *, ch_est::puschRxChEstDynDescr_t *)"
5163579141,4704,348044,137,2,1,24,2,1,44,0.001,0.001,,,,,NVIDIA A100-SXM4-40GB MIG 4g.20gb (0),1,,13,"void ch_est::chEstFilterNoDftSOfdmDispatchKernel<float, __half, float, (unsigned int)2>(ch_est::puschRxChEstStatDescr_t *, ch_est::puschRxChEstDynDescr_t *)"
5163595621,2720,348055,103,1,1,128,1,1,16,0.000,0.000,,,,,NVIDIA A100-SXM4-40GB MIG 4g.20gb (0),1,,13,cupy_copy__complex64_complex64
5163612741,12288,348065,1434,1,1,128,1,1,16,0.000,0.000,,,,,NVIDIA A100-SXM4-40GB MIG 4g.20gb (0),1,,13,cupy_copy__complex64_complex64
5163631013,2912,348072,103,1,1,128,1,1,16,0.000,0.000,,,,,NVIDIA A100-SXM4-40GB MIG 4g.20gb (0),1,,13,cupy_copy__complex64_complex64
5163649156,89055,348079,1,1,1,32,32,1,30,0.000,0.000,,,,,NVIDIA A100-SXM4-40GB MIG 4g.20gb (0),1,,13,"void convert_kernel<__half2, float2>(tensor_layout_any, T1 *, tensor_layout_any, const T2 *)"
5163766467,11456,348082,,,,,,,,,,0.094,8178.724,Pinned,Device,NVIDIA A100-SXM4-40GB MIG 4g.20gb (0),1,,13,[CUDA memcpy Host-to-Device]
5163791075,47583,348083,,,,,,,,,,35.810,752545.469,Device,,NVIDIA A100-SXM4-40GB MIG 4g.20gb (0),1,,13,[CUDA memset]
5163846306,3840,348085,,,,,,,,,,0.000,20.833,Pinned,Device,NVIDIA A100-SXM4-40GB MIG 4g.20gb (0),1,,13,[CUDA memcpy Host-to-Device]
5163852834,19168,348086,,,,,,,,,,0.197,10257.039,Pinned,Device,NVIDIA A100-SXM4-40GB MIG 4g.20gb (0),1,,13,[CUDA memcpy Host-to-Device]
5163882529,9248,348087,273,1,1,48,1,1,40,0.000,0.001,,,,,NVIDIA A100-SXM4-40GB MIG 4g.20gb (0),1,,13,"void pusch_noise_intf_est::noiseIntfEstNoDftSOfdmKernel<float, __half, float, float, (unsigned int)2, (unsigned int)1, (unsigned char)4, (unsigned char)4>(pusch_noise_intf_est::puschRxNoiseIntfEstDynDescr)"
5163898433,2944,348098,35,1,1,128,1,1,16,0.000,0.000,,,,,NVIDIA A100-SXM4-40GB MIG 4g.20gb (0),1,,13,cupy_copy__complex64_complex64
5163908417,2048,348107,1,1,1,1,1,1,18,0.000,0.000,,,,,NVIDIA A100-SXM4-40GB MIG 4g.20gb (0),1,,13,cupy_copy__float32_float32
5163921345,6560,348113,,,,,,,,,,0.000,0.610,Device,Pageable,NVIDIA A100-SXM4-40GB MIG 4g.20gb (0),1,,7,[CUDA memcpy Device-to-Host]
5164002848,12992,348124,1434,1,1,128,1,1,16,0.000,0.000,,,,,NVIDIA A100-SXM4-40GB MIG 4g.20gb (0),1,,13,cupy_copy__complex64_complex64
5164026208,2880,348131,103,1,1,128,1,1,16,0.000,0.000,,,,,NVIDIA A100-SXM4-40GB MIG 4g.20gb (0),1,,13,cupy_copy__complex64_complex64
5164051807,2624,348138,35,1,1,128,1,1,16,0.000,0.000,,,,,NVIDIA A100-SXM4-40GB MIG 4g.20gb (0),1,,13,cupy_copy__complex64_complex64
5164068991,1888,348145,1,1,1,1,1,1,18,0.000,0.000,,,,,NVIDIA A100-SXM4-40GB MIG 4g.20gb (0),1,,13,cupy_copy__float32_float32
5164191774,87199,348156,1,1,1,32,32,1,30,0.000,0.000,,,,,NVIDIA A100-SXM4-40GB MIG 4g.20gb (0),1,,13,"void convert_kernel<__half2, float2>(tensor_layout_any, T1 *, tensor_layout_any, const T2 *)"
5164306140,5600,348159,,,,,,,,,,0.094,16731.388,Pinned,Device,NVIDIA A100-SXM4-40GB MIG 4g.20gb (0),1,,13,[CUDA memcpy Host-to-Device]
5164320860,3360,348160,,,,,,,,,,1.547,460304.688,Device,,NVIDIA A100-SXM4-40GB MIG 4g.20gb (0),1,,13,[CUDA memset]
5164327612,3104,348165,,,,,,,,,,0.031,10082.445,Pinned,Device,NVIDIA A100-SXM4-40GB MIG 4g.20gb (0),1,,13,[CUDA memcpy Host-to-Device]
5164333180,9952,348166,,,,,,,,,,0.197,19755.565,Pinned,Device,NVIDIA A100-SXM4-40GB MIG 4g.20gb (0),1,,13,[CUDA memcpy Host-to-Device]
5164347644,6528,348167,273,1,1,8,4,1,39,0.002,0.000,,,,,NVIDIA A100-SXM4-40GB MIG 4g.20gb (0),1,,13,"void channel_eq::eqMmseCoefCompLowMimoKernel<float, float, float, (unsigned int)4, (unsigned int)1, (unsigned int)4>(const channel_eq::_puschRxChEqStatDescr *, channel_eq::_puschRxChEqCoefCompDynDescr)"
5164355772,6048,348168,273,1,1,12,11,1,51,0.002,0.000,,,,,NVIDIA A100-SXM4-40GB MIG 4g.20gb (0),1,,13,"void channel_eq::eqMmseSoftDemapKernel<float, __half, __half, float, (unsigned int)4, (unsigned short)16383>(channel_eq::_puschRxChEqStatDescr *, channel_eq::_puschRxChEqSoftDemapDynDescr)"
5164362780,282268,348169,1,1,1,32,32,1,30,0.000,0.000,,,,,NVIDIA A100-SXM4-40GB MIG 4g.20gb (0),1,,13,"void convert_kernel<float2, __half2>(tensor_layout_any, T1 *, tensor_layout_any, const T2 *)"
5164647032,11264,348181,2253,1,1,128,1,1,16,0.000,0.000,,,,,NVIDIA A100-SXM4-40GB MIG 4g.20gb (0),1,,13,cupy_copy__float16_float16
5164660472,3168,348190,282,1,1,128,1,1,16,0.000,0.000,,,,,NVIDIA A100-SXM4-40GB MIG 4g.20gb (0),1,,13,cupy_copy__complex64_complex64
5164665272,2048,348199,26,1,1,128,1,1,16,0.000,0.000,,,,,NVIDIA A100-SXM4-40GB MIG 4g.20gb (0),1,,13,cupy_copy__float32_float32
5164671320,2880,348208,103,1,1,128,1,1,16,0.000,0.000,,,,,NVIDIA A100-SXM4-40GB MIG 4g.20gb (0),1,,13,cupy_copy__complex64_complex64
5164723895,12320,348224,1434,1,1,128,1,1,16,0.000,0.000,,,,,NVIDIA A100-SXM4-40GB MIG 4g.20gb (0),1,,13,cupy_copy__complex64_complex64
5164836598,82719,348229,1,1,1,32,32,1,30,0.000,0.000,,,,,NVIDIA A100-SXM4-40GB MIG 4g.20gb (0),1,,13,"void convert_kernel<__half2, float2>(tensor_layout_any, T1 *, tensor_layout_any, const T2 *)"
5164946068,5792,348232,,,,,,,,,,0.094,16176.708,Pinned,Device,NVIDIA A100-SXM4-40GB MIG 4g.20gb (0),1,,13,[CUDA memcpy Host-to-Device]
5164957428,597689,348233,,,,,,,,,,456.561,763827.289,Device,,NVIDIA A100-SXM4-40GB MIG 4g.20gb (0),1,,13,[CUDA memset]
5165559373,124158,348238,,,,,,,,,,1.235,9946.239,Pinned,Device,NVIDIA A100-SXM4-40GB MIG 4g.20gb (0),1,,13,[CUDA memcpy Host-to-Device]
5165696011,41696,348239,,,,,,,,,,0.197,4715.250,Pinned,Device,NVIDIA A100-SXM4-40GB MIG 4g.20gb (0),1,,13,[CUDA memcpy Host-to-Device]
5165771594,8384,348240,69,4,1,48,1,1,76,0.002,0.000,,,,,NVIDIA A100-SXM4-40GB MIG 4g.20gb (0),1,,13,"void ch_est::windowedChEstPreNoDftSOfdmKernel<float, __half, float, (unsigned int)2, (unsigned int)1, (unsigned short)4>(ch_est::puschRxChEstStatDescr_t *, ch_est::puschRxChEstDynDescr_t *)"
5165789706,7072,348241,137,2,1,24,2,1,44,0.001,0.001,,,,,NVIDIA A100-SXM4-40GB MIG 4g.20gb (0),1,,13,"void ch_est::chEstFilterNoDftSOfdmDispatchKernel<float, __half, float, (unsigned int)2>(ch_est::puschRxChEstStatDescr_t *, ch_est::puschRxChEstDynDescr_t *)"
5165806954,4704,348242,137,2,1,24,2,1,44,0.001,0.001,,,,,NVIDIA A100-SXM4-40GB MIG 4g.20gb (0),1,,13,"void ch_est::chEstFilterNoDftSOfdmDispatchKernel<float, __half, float, (unsigned int)2>(ch_est::puschRxChEstStatDescr_t *, ch_est::puschRxChEstDynDescr_t *)"
5165825066,2752,348253,103,1,1,128,1,1,16,0.000,0.000,,,,,NVIDIA A100-SXM4-40GB MIG 4g.20gb (0),1,,13,cupy_copy__complex64_complex64
5165842281,12384,348263,1434,1,1,128,1,1,16,0.000,0.000,,,,,NVIDIA A100-SXM4-40GB MIG 4g.20gb (0),1,,13,cupy_copy__complex64_complex64
5165861161,2912,348270,103,1,1,128,1,1,16,0.000,0.000,,,,,NVIDIA A100-SXM4-40GB MIG 4g.20gb (0),1,,13,cupy_copy__complex64_complex64
5165885129,94079,348277,1,1,1,32,32,1,30,0.000,0.000,,,,,NVIDIA A100-SXM4-40GB MIG 4g.20gb (0),1,,13,"void convert_kernel<__half2, float2>(tensor_layout_any, T1 *, tensor_layout_any, const T2 *)"
5166010087,20928,348280,,,,,,,,,,0.094,4476.982,Pinned,Device,NVIDIA A100-SXM4-40GB MIG 4g.20gb (0),1,,13,[CUDA memcpy Host-to-Device]
5166041447,48223,348281,,,,,,,,,,35.810,742554.501,Device,,NVIDIA A100-SXM4-40GB MIG 4g.20gb (0),1,,13,[CUDA memset]
5166093958,8992,348283,,,,,,,,,,0.000,8.897,Pinned,Device,NVIDIA A100-SXM4-40GB MIG 4g.20gb (0),1,,13,[CUDA memcpy Host-to-Device]
5166109062,16640,348284,,,,,,,,,,0.197,11815.354,Pinned,Device,NVIDIA A100-SXM4-40GB MIG 4g.20gb (0),1,,13,[CUDA memcpy Host-to-Device]
5166142726,9760,348285,273,1,1,48,1,1,40,0.000,0.001,,,,,NVIDIA A100-SXM4-40GB MIG 4g.20gb (0),1,,13,"void pusch_noise_intf_est::noiseIntfEstNoDftSOfdmKernel<float, __half, float, float, (unsigned int)2, (unsigned int)1, (unsigned char)4, (unsigned char)4>(pusch_noise_intf_est::puschRxNoiseIntfEstDynDescr)"
5166157669,3040,348296,35,1,1,128,1,1,16,0.000,0.000,,,,,NVIDIA A100-SXM4-40GB MIG 4g.20gb (0),1,,13,cupy_copy__complex64_complex64
5166166821,1664,348305,1,1,1,1,1,1,18,0.000,0.000,,,,,NVIDIA A100-SXM4-40GB MIG 4g.20gb (0),1,,13,cupy_copy__float32_float32
5166172485,5600,348311,,,,,,,,,,0.000,0.714,Device,Pageable,NVIDIA A100-SXM4-40GB MIG 4g.20gb (0),1,,7,[CUDA memcpy Device-to-Host]
5166249604,13024,348322,1434,1,1,128,1,1,16,0.000,0.000,,,,,NVIDIA A100-SXM4-40GB MIG 4g.20gb (0),1,,13,cupy_copy__complex64_complex64
5166275268,3264,348329,103,1,1,128,1,1,16,0.000,0.000,,,,,NVIDIA A100-SXM4-40GB MIG 4g.20gb (0),1,,13,cupy_copy__complex64_complex64
5166296964,2560,348336,35,1,1,128,1,1,16,0.000,0.000,,,,,NVIDIA A100-SXM4-40GB MIG 4g.20gb (0),1,,13,cupy_copy__complex64_complex64
5166318435,1856,348343,1,1,1,1,1,1,18,0.000,0.000,,,,,NVIDIA A100-SXM4-40GB MIG 4g.20gb (0),1,,13,cupy_copy__float32_float32
5166450306,88415,348354,1,1,1,32,32,1,30,0.000,0.000,,,,,NVIDIA A100-SXM4-40GB MIG 4g.20gb (0),1,,13,"void convert_kernel<__half2, float2>(tensor_layout_any, T1 *, tensor_layout_any, const T2 *)"
5166567168,5728,348357,,,,,,,,,,0.094,16357.541,Pinned,Device,NVIDIA A100-SXM4-40GB MIG 4g.20gb (0),1,,13,[CUDA memcpy Host-to-Device]
5166583168,3360,348358,,,,,,,,,,1.547,460304.688,Device,,NVIDIA A100-SXM4-40GB MIG 4g.20gb (0),1,,13,[CUDA memset]
5166588288,3808,348363,,,,,,,,,,0.031,8218.486,Pinned,Device,NVIDIA A100-SXM4-40GB MIG 4g.20gb (0),1,,13,[CUDA memcpy Host-to-Device]
5166594688,10144,348364,,,,,,,,,,0.197,19381.617,Pinned,Device,NVIDIA A100-SXM4-40GB MIG 4g.20gb (0),1,,13,[CUDA memcpy Host-to-Device]
5166610496,8192,348365,273,1,1,8,4,1,39,0.002,0.000,,,,,NVIDIA A100-SXM4-40GB MIG 4g.20gb (0),1,,13,"void channel_eq::eqMmseCoefCompLowMimoKernel<float, float, float, (unsigned int)4, (unsigned int)1, (unsigned int)4>(const channel_eq::_puschRxChEqStatDescr *, channel_eq::_puschRxChEqCoefCompDynDescr)"
5166619776,5952,348366,273,1,1,12,11,1,51,0.002,0.000,,,,,NVIDIA A100-SXM4-40GB MIG 4g.20gb (0),1,,13,"void channel_eq::eqMmseSoftDemapKernel<float, __half, __half, float, (unsigned int)4, (unsigned short)16383>(channel_eq::_puschRxChEqStatDescr *, channel_eq::_puschRxChEqSoftDemapDynDescr)"
5166627040,283068,348367,1,1,1,32,32,1,30,0.000,0.000,,,,,NVIDIA A100-SXM4-40GB MIG 4g.20gb (0),1,,13,"void convert_kernel<float2, __half2>(tensor_layout_any, T1 *, tensor_layout_any, const T2 *)"
5166913500,10976,348379,2253,1,1,128,1,1,16,0.000,0.000,,,,,NVIDIA A100-SXM4-40GB MIG 4g.20gb (0),1,,13,cupy_copy__float16_float16
5166927932,2816,348388,282,1,1,128,1,1,16,0.000,0.000,,,,,NVIDIA A100-SXM4-40GB MIG 4g.20gb (0),1,,13,cupy_copy__complex64_complex64
5166931804,2080,348397,26,1,1,128,1,1,16,0.000,0.000,,,,,NVIDIA A100-SXM4-40GB MIG 4g.20gb (0),1,,13,cupy_copy__float32_float32
5166935036,3136,348406,103,1,1,128,1,1,16,0.000,0.000,,,,,NVIDIA A100-SXM4-40GB MIG 4g.20gb (0),1,,13,cupy_copy__complex64_complex64
5166939292,12064,348416,1434,1,1,128,1,1,16,0.000,0.000,,,,,NVIDIA A100-SXM4-40GB MIG 4g.20gb (0),1,,13,cupy_copy__complex64_complex64
5166967323,87135,348421,1,1,1,32,32,1,30,0.000,0.000,,,,,NVIDIA A100-SXM4-40GB MIG 4g.20gb (0),1,,13,"void convert_kernel<__half2, float2>(tensor_layout_any, T1 *, tensor_layout_any, const T2 *)"
5167082298,5632,348424,,,,,,,,,,0.094,16636.287,Pinned,Device,NVIDIA A100-SXM4-40GB MIG 4g.20gb (0),1,,13,[CUDA memcpy Host-to-Device]
5167091770,597369,348425,,,,,,,,,,456.561,764283.851,Device,,NVIDIA A100-SXM4-40GB MIG 4g.20gb (0),1,,13,[CUDA memset]
5167690355,162334,348430,,,,,,,,,,1.235,7607.255,Pinned,Device,NVIDIA A100-SXM4-40GB MIG 4g.20gb (0),1,,13,[CUDA memcpy Host-to-Device]
5167862384,44640,348431,,,,,,,,,,0.197,4404.216,Pinned,Device,NVIDIA A100-SXM4-40GB MIG 4g.20gb (0),1,,13,[CUDA memcpy Host-to-Device]
5167925264,8640,348432,69,4,1,48,1,1,76,0.002,0.000,,,,,NVIDIA A100-SXM4-40GB MIG 4g.20gb (0),1,,13,"void ch_est::windowedChEstPreNoDftSOfdmKernel<float, __half, float, (unsigned int)2, (unsigned int)1, (unsigned short)4>(ch_est::puschRxChEstStatDescr_t *, ch_est::puschRxChEstDynDescr_t *)"
5167942959,6912,348433,137,2,1,24,2,1,44,0.001,0.001,,,,,NVIDIA A100-SXM4-40GB MIG 4g.20gb (0),1,,13,"void ch_est::chEstFilterNoDftSOfdmDispatchKernel<float, __half, float, (unsigned int)2>(ch_est::puschRxChEstStatDescr_t *, ch_est::puschRxChEstDynDescr_t *)"
5167959631,4736,348434,137,2,1,24,2,1,44,0.001,0.001,,,,,NVIDIA A100-SXM4-40GB MIG 4g.20gb (0),1,,13,"void ch_est::chEstFilterNoDftSOfdmDispatchKernel<float, __half, float, (unsigned int)2>(ch_est::puschRxChEstStatDescr_t *, ch_est::puschRxChEstDynDescr_t *)"
5167975567,2496,348445,103,1,1,128,1,1,16,0.000,0.000,,,,,NVIDIA A100-SXM4-40GB MIG 4g.20gb (0),1,,13,cupy_copy__complex64_complex64
5167994095,12640,348455,1434,1,1,128,1,1,16,0.000,0.000,,,,,NVIDIA A100-SXM4-40GB MIG 4g.20gb (0),1,,13,cupy_copy__complex64_complex64
5168033454,2656,348462,103,1,1,128,1,1,16,0.000,0.000,,,,,NVIDIA A100-SXM4-40GB MIG 4g.20gb (0),1,,13,cupy_copy__complex64_complex64
5168048142,83711,348469,1,1,1,32,32,1,30,0.000,0.000,,,,,NVIDIA A100-SXM4-40GB MIG 4g.20gb (0),1,,13,"void convert_kernel<__half2, float2>(tensor_layout_any, T1 *, tensor_layout_any, const T2 *)"
5168163149,17184,348472,,,,,,,,,,0.094,5452.451,Pinned,Device,NVIDIA A100-SXM4-40GB MIG 4g.20gb (0),1,,13,[CUDA memcpy Host-to-Device]
5168195692,47744,348473,,,,,,,,,,35.810,750038.774,Device,,NVIDIA A100-SXM4-40GB MIG 4g.20gb (0),1,,13,[CUDA memset]
5168253900,14303,348475,,,,,,,,,,0.000,5.593,Pinned,Device,NVIDIA A100-SXM4-40GB MIG 4g.20gb (0),1,,13,[CUDA memcpy Host-to-Device]
5168275083,41216,348476,,,,,,,,,,0.197,4770.103,Pinned,Device,NVIDIA A100-SXM4-40GB MIG 4g.20gb (0),1,,13,[CUDA memcpy Host-to-Device]
5168339339,9759,348477,273,1,1,48,1,1,40,0.000,0.001,,,,,NVIDIA A100-SXM4-40GB MIG 4g.20gb (0),1,,13,"void pusch_noise_intf_est::noiseIntfEstNoDftSOfdmKernel<float, __half, float, float, (unsigned int)2, (unsigned int)1, (unsigned char)4, (unsigned char)4>(pusch_noise_intf_est::puschRxNoiseIntfEstDynDescr)"
5168355690,2752,348488,35,1,1,128,1,1,16,0.000,0.000,,,,,NVIDIA A100-SXM4-40GB MIG 4g.20gb (0),1,,13,cupy_copy__complex64_complex64
5168371978,1728,348497,1,1,1,1,1,1,18,0.000,0.000,,,,,NVIDIA A100-SXM4-40GB MIG 4g.20gb (0),1,,13,cupy_copy__float32_float32
5168375402,8448,348503,,,,,,,,,,0.000,0.473,Device,Pageable,NVIDIA A100-SXM4-40GB MIG 4g.20gb (0),1,,7,[CUDA memcpy Device-to-Host]
5168473129,12864,348514,1434,1,1,128,1,1,16,0.000,0.000,,,,,NVIDIA A100-SXM4-40GB MIG 4g.20gb (0),1,,13,cupy_copy__complex64_complex64
5168493865,2688,348521,103,1,1,128,1,1,16,0.000,0.000,,,,,NVIDIA A100-SXM4-40GB MIG 4g.20gb (0),1,,13,cupy_copy__complex64_complex64
5168517192,2528,348528,35,1,1,128,1,1,16,0.000,0.000,,,,,NVIDIA A100-SXM4-40GB MIG 4g.20gb (0),1,,13,cupy_copy__complex64_complex64
5168530312,1952,348535,1,1,1,1,1,1,18,0.000,0.000,,,,,NVIDIA A100-SXM4-40GB MIG 4g.20gb (0),1,,13,cupy_copy__float32_float32
5168661639,89023,348546,1,1,1,32,32,1,30,0.000,0.000,,,,,NVIDIA A100-SXM4-40GB MIG 4g.20gb (0),1,,13,"void convert_kernel<__half2, float2>(tensor_layout_any, T1 *, tensor_layout_any, const T2 *)"
5168782597,10240,348549,,,,,,,,,,0.094,9149.977,Pinned,Device,NVIDIA A100-SXM4-40GB MIG 4g.20gb (0),1,,13,[CUDA memcpy Host-to-Device]
5168802117,3488,348550,,,,,,,,,,1.547,443412.461,Device,,NVIDIA A100-SXM4-40GB MIG 4g.20gb (0),1,,13,[CUDA memset]
5168808229,3360,348555,,,,,,,,,,0.031,9314.284,Pinned,Device,NVIDIA A100-SXM4-40GB MIG 4g.20gb (0),1,,13,[CUDA memcpy Host-to-Device]
5168818053,12864,348556,,,,,,,,,,0.197,15283.519,Pinned,Device,NVIDIA A100-SXM4-40GB MIG 4g.20gb (0),1,,13,[CUDA memcpy Host-to-Device]
5168843236,8320,348557,273,1,1,8,4,1,39,0.002,0.000,,,,,NVIDIA A100-SXM4-40GB MIG 4g.20gb (0),1,,13,"void channel_eq::eqMmseCoefCompLowMimoKernel<float, float, float, (unsigned int)4, (unsigned int)1, (unsigned int)4>(const channel_eq::_puschRxChEqStatDescr *, channel_eq::_puschRxChEqCoefCompDynDescr)"
5168853636,7872,348558,273,1,1,12,11,1,51,0.002,0.000,,,,,NVIDIA A100-SXM4-40GB MIG 4g.20gb (0),1,,13,"void channel_eq::eqMmseSoftDemapKernel<float, __half, __half, float, (unsigned int)4, (unsigned short)16383>(channel_eq::_puschRxChEqStatDescr *, channel_eq::_puschRxChEqSoftDemapDynDescr)"
5168870084,282525,348559,1,1,1,32,32,1,30,0.000,0.000,,,,,NVIDIA A100-SXM4-40GB MIG 4g.20gb (0),1,,13,"void convert_kernel<float2, __half2>(tensor_layout_any, T1 *, tensor_layout_any, const T2 *)"
5169155809,11007,348571,2253,1,1,128,1,1,16,0.000,0.000,,,,,NVIDIA A100-SXM4-40GB MIG 4g.20gb (0),1,,13,cupy_copy__float16_float16
5169170176,3616,348580,282,1,1,128,1,1,16,0.000,0.000,,,,,NVIDIA A100-SXM4-40GB MIG 4g.20gb (0),1,,13,cupy_copy__complex64_complex64
5169177728,2336,348589,26,1,1,128,1,1,16,0.000,0.000,,,,,NVIDIA A100-SXM4-40GB MIG 4g.20gb (0),1,,13,cupy_copy__float32_float32
5169181120,3328,348598,103,1,1,128,1,1,16,0.000,0.000,,,,,NVIDIA A100-SXM4-40GB MIG 4g.20gb (0),1,,13,cupy_copy__complex64_complex64
5169185504,12000,348608,1434,1,1,128,1,1,16,0.000,0.000,,,,,NVIDIA A100-SXM4-40GB MIG 4g.20gb (0),1,,13,cupy_copy__complex64_complex64
5169198720,81631,348613,1,1,1,32,32,1,30,0.000,0.000,,,,,NVIDIA A100-SXM4-40GB MIG 4g.20gb (0),1,,13,"void convert_kernel<__half2, float2>(tensor_layout_any, T1 *, tensor_layout_any, const T2 *)"
5169306719,5600,348616,,,,,,,,,,0.094,16731.388,Pinned,Device,NVIDIA A100-SXM4-40GB MIG 4g.20gb (0),1,,13,[CUDA memcpy Host-to-Device]
5169317151,595384,348617,,,,,,,,,,456.561,766566.658,Device,,NVIDIA A100-SXM4-40GB MIG 4g.20gb (0),1,,13,[CUDA memset]
5169913847,72575,348622,,,,,,,,,,1.235,17015.058,Pinned,Device,NVIDIA A100-SXM4-40GB MIG 4g.20gb (0),1,,13,[CUDA memcpy Host-to-Device]
5169992182,18208,348623,,,,,,,,,,0.197,10797.711,Pinned,Device,NVIDIA A100-SXM4-40GB MIG 4g.20gb (0),1,,13,[CUDA memcpy Host-to-Device]
5170018070,7968,348624,69,4,1,48,1,1,76,0.002,0.000,,,,,NVIDIA A100-SXM4-40GB MIG 4g.20gb (0),1,,13,"void ch_est::windowedChEstPreNoDftSOfdmKernel<float, __half, float, (unsigned int)2, (unsigned int)1, (unsigned short)4>(ch_est::puschRxChEstStatDescr_t *, ch_est::puschRxChEstDynDescr_t *)"
5170027894,6752,348625,137,2,1,24,2,1,44,0.001,0.001,,,,,NVIDIA A100-SXM4-40GB MIG 4g.20gb (0),1,,13,"void ch_est::chEstFilterNoDftSOfdmDispatchKernel<float, __half, float, (unsigned int)2>(ch_est::puschRxChEstStatDescr_t *, ch_est::puschRxChEstDynDescr_t *)"
5170043606,4896,348626,137,2,1,24,2,1,44,0.001,0.001,,,,,NVIDIA A100-SXM4-40GB MIG 4g.20gb (0),1,,13,"void ch_est::chEstFilterNoDftSOfdmDispatchKernel<float, __half, float, (unsigned int)2>(ch_est::puschRxChEstStatDescr_t *, ch_est::puschRxChEstDynDescr_t *)"
5170051637,3232,348637,103,1,1,128,1,1,16,0.000,0.000,,,,,NVIDIA A100-SXM4-40GB MIG 4g.20gb (0),1,,13,cupy_copy__complex64_complex64
5170059605,12768,348647,1434,1,1,128,1,1,16,0.000,0.000,,,,,NVIDIA A100-SXM4-40GB MIG 4g.20gb (0),1,,13,cupy_copy__complex64_complex64
5170076917,2944,348654,103,1,1,128,1,1,16,0.000,0.000,,,,,NVIDIA A100-SXM4-40GB MIG 4g.20gb (0),1,,13,cupy_copy__complex64_complex64
5170086901,85311,348661,1,1,1,32,32,1,30,0.000,0.000,,,,,NVIDIA A100-SXM4-40GB MIG 4g.20gb (0),1,,13,"void convert_kernel<__half2, float2>(tensor_layout_any, T1 *, tensor_layout_any, const T2 *)"
5170200628,14623,348664,,,,,,,,,,0.094,6407.401,Pinned,Device,NVIDIA A100-SXM4-40GB MIG 4g.20gb (0),1,,13,[CUDA memcpy Host-to-Device]
5170222419,47520,348665,,,,,,,,,,35.810,753548.147,Device,,NVIDIA A100-SXM4-40GB MIG 4g.20gb (0),1,,13,[CUDA memset]
5170271251,9120,348667,,,,,,,,,,0.000,8.772,Pinned,Device,NVIDIA A100-SXM4-40GB MIG 4g.20gb (0),1,,13,[CUDA memcpy Host-to-Device]
5170288499,14623,348668,,,,,,,,,,0.197,13445.038,Pinned,Device,NVIDIA A100-SXM4-40GB MIG 4g.20gb (0),1,,13,[CUDA memcpy Host-to-Device]
5170316594,9312,348669,273,1,1,48,1,1,40,0.000,0.001,,,,,NVIDIA A100-SXM4-40GB MIG 4g.20gb (0),1,,13,"void pusch_noise_intf_est::noiseIntfEstNoDftSOfdmKernel<float, __half, float, float, (unsigned int)2, (unsigned int)1, (unsigned char)4, (unsigned char)4>(pusch_noise_intf_est::puschRxNoiseIntfEstDynDescr)"
5170334674,2528,348680,35,1,1,128,1,1,16,0.000,0.000,,,,,NVIDIA A100-SXM4-40GB MIG 4g.20gb (0),1,,13,cupy_copy__complex64_complex64
5170345554,1696,348689,1,1,1,1,1,1,18,0.000,0.000,,,,,NVIDIA A100-SXM4-40GB MIG 4g.20gb (0),1,,13,cupy_copy__float32_float32
5170352722,6944,348695,,,,,,,,,,0.000,0.576,Device,Pageable,NVIDIA A100-SXM4-40GB MIG 4g.20gb (0),1,,7,[CUDA memcpy Device-to-Host]
5170426705,12896,348706,1434,1,1,128,1,1,16,0.000,0.000,,,,,NVIDIA A100-SXM4-40GB MIG 4g.20gb (0),1,,13,cupy_copy__complex64_complex64
5170455856,3360,348713,103,1,1,128,1,1,16,0.000,0.000,,,,,NVIDIA A100-SXM4-40GB MIG 4g.20gb (0),1,,13,cupy_copy__complex64_complex64
5170473360,2528,348720,35,1,1,128,1,1,16,0.000,0.000,,,,,NVIDIA A100-SXM4-40GB MIG 4g.20gb (0),1,,13,cupy_copy__complex64_complex64
5170488816,2016,348727,1,1,1,1,1,1,18,0.000,0.000,,,,,NVIDIA A100-SXM4-40GB MIG 4g.20gb (0),1,,13,cupy_copy__float32_float32
5170619726,87231,348738,1,1,1,32,32,1,30,0.000,0.000,,,,,NVIDIA A100-SXM4-40GB MIG 4g.20gb (0),1,,13,"void convert_kernel<__half2, float2>(tensor_layout_any, T1 *, tensor_layout_any, const T2 *)"
5170735085,5504,348741,,,,,,,,,,0.094,17023.251,Pinned,Device,NVIDIA A100-SXM4-40GB MIG 4g.20gb (0),1,,13,[CUDA memcpy Host-to-Device]
5170749709,3168,348742,,,,,,,,,,1.547,488201.145,Device,,NVIDIA A100-SXM4-40GB MIG 4g.20gb (0),1,,13,[CUDA memset]
5170758253,3712,348747,,,,,,,,,,0.031,8431.017,Pinned,Device,NVIDIA A100-SXM4-40GB MIG 4g.20gb (0),1,,13,[CUDA memcpy Host-to-Device]
5170764557,9440,348748,,,,,,,,,,0.197,20827.079,Pinned,Device,NVIDIA A100-SXM4-40GB MIG 4g.20gb (0),1,,13,[CUDA memcpy Host-to-Device]
5170779181,6239,348749,273,1,1,8,4,1,39,0.002,0.000,,,,,NVIDIA A100-SXM4-40GB MIG 4g.20gb (0),1,,13,"void channel_eq::eqMmseCoefCompLowMimoKernel<float, float, float, (unsigned int)4, (unsigned int)1, (unsigned int)4>(const channel_eq::_puschRxChEqStatDescr *, channel_eq::_puschRxChEqCoefCompDynDescr)"
5170787212,5792,348750,273,1,1,12,11,1,51,0.002,0.000,,,,,NVIDIA A100-SXM4-40GB MIG 4g.20gb (0),1,,13,"void channel_eq::eqMmseSoftDemapKernel<float, __half, __half, float, (unsigned int)4, (unsigned short)16383>(channel_eq::_puschRxChEqStatDescr *, channel_eq::_puschRxChEqSoftDemapDynDescr)"
5170794092,281725,348751,1,1,1,32,32,1,30,0.000,0.000,,,,,NVIDIA A100-SXM4-40GB MIG 4g.20gb (0),1,,13,"void convert_kernel<float2, __half2>(tensor_layout_any, T1 *, tensor_layout_any, const T2 *)"
5171076777,11040,348763,2253,1,1,128,1,1,16,0.000,0.000,,,,,NVIDIA A100-SXM4-40GB MIG 4g.20gb (0),1,,13,cupy_copy__float16_float16
5171091113,3648,348772,282,1,1,128,1,1,16,0.000,0.000,,,,,NVIDIA A100-SXM4-40GB MIG 4g.20gb (0),1,,13,cupy_copy__complex64_complex64
5171098345,2080,348781,26,1,1,128,1,1,16,0.000,0.000,,,,,NVIDIA A100-SXM4-40GB MIG 4g.20gb (0),1,,13,cupy_copy__float32_float32
5171103657,3103,348790,103,1,1,128,1,1,16,0.000,0.000,,,,,NVIDIA A100-SXM4-40GB MIG 4g.20gb (0),1,,13,cupy_copy__complex64_complex64
5171109096,12288,348800,1434,1,1,128,1,1,16,0.000,0.000,,,,,NVIDIA A100-SXM4-40GB MIG 4g.20gb (0),1,,13,cupy_copy__complex64_complex64
5171135624,90431,348805,1,1,1,32,32,1,30,0.000,0.000,,,,,NVIDIA A100-SXM4-40GB MIG 4g.20gb (0),1,,13,"void convert_kernel<__half2, float2>(tensor_layout_any, T1 *, tensor_layout_any, const T2 *)"
5171252711,5536,348808,,,,,,,,,,0.094,16924.777,Pinned,Device,NVIDIA A100-SXM4-40GB MIG 4g.20gb (0),1,,13,[CUDA memcpy Host-to-Device]
5171262951,598616,348809,,,,,,,,,,456.561,762457.605,Device,,NVIDIA A100-SXM4-40GB MIG 4g.20gb (0),1,,13,[CUDA memset]
5171864831,147966,348814,,,,,,,,,,1.235,8345.752,Pinned,Device,NVIDIA A100-SXM4-40GB MIG 4g.20gb (0),1,,13,[CUDA memcpy Host-to-Device]
5172025277,32288,348815,,,,,,,,,,0.197,6089.146,Pinned,Device,NVIDIA A100-SXM4-40GB MIG 4g.20gb (0),1,,13,[CUDA memcpy Host-to-Device]
5172075997,8159,348816,69,4,1,48,1,1,76,0.002,0.000,,,,,NVIDIA A100-SXM4-40GB MIG 4g.20gb (0),1,,13,"void ch_est::windowedChEstPreNoDftSOfdmKernel<float, __half, float, (unsigned int)2, (unsigned int)1, (unsigned short)4>(ch_est::puschRxChEstStatDescr_t *, ch_est::puschRxChEstDynDescr_t *)"
5172091548,6496,348817,137,2,1,24,2,1,44,0.001,0.001,,,,,NVIDIA A100-SXM4-40GB MIG 4g.20gb (0),1,,13,"void ch_est::chEstFilterNoDftSOfdmDispatchKernel<float, __half, float, (unsigned int)2>(ch_est::puschRxChEstStatDescr_t *, ch_est::puschRxChEstDynDescr_t *)"
5172101212,4832,348818,137,2,1,24,2,1,44,0.001,0.001,,,,,NVIDIA A100-SXM4-40GB MIG 4g.20gb (0),1,,13,"void ch_est::chEstFilterNoDftSOfdmDispatchKernel<float, __half, float, (unsigned int)2>(ch_est::puschRxChEstStatDescr_t *, ch_est::puschRxChEstDynDescr_t *)"
5172112764,2656,348829,103,1,1,128,1,1,16,0.000,0.000,,,,,NVIDIA A100-SXM4-40GB MIG 4g.20gb (0),1,,13,cupy_copy__complex64_complex64
5172121436,12480,348839,1434,1,1,128,1,1,16,0.000,0.000,,,,,NVIDIA A100-SXM4-40GB MIG 4g.20gb (0),1,,13,cupy_copy__complex64_complex64
5172137020,2528,348846,103,1,1,128,1,1,16,0.000,0.000,,,,,NVIDIA A100-SXM4-40GB MIG 4g.20gb (0),1,,13,cupy_copy__complex64_complex64
5172146204,88927,348853,1,1,1,32,32,1,30,0.000,0.000,,,,,NVIDIA A100-SXM4-40GB MIG 4g.20gb (0),1,,13,"void convert_kernel<__half2, float2>(tensor_layout_any, T1 *, tensor_layout_any, const T2 *)"
5172266650,13408,348856,,,,,,,,,,0.094,6988.035,Pinned,Device,NVIDIA A100-SXM4-40GB MIG 4g.20gb (0),1,,13,[CUDA memcpy Host-to-Device]
5172284954,47263,348857,,,,,,,,,,35.810,757666.287,Device,,NVIDIA A100-SXM4-40GB MIG 4g.20gb (0),1,,13,[CUDA memset]
5172333561,7584,348859,,,,,,,,,,0.000,10.548,Pinned,Device,NVIDIA A100-SXM4-40GB MIG 4g.20gb (0),1,,13,[CUDA memcpy Host-to-Device]
5172347769,19616,348860,,,,,,,,,,0.197,10022.683,Pinned,Device,NVIDIA A100-SXM4-40GB MIG 4g.20gb (0),1,,13,[CUDA memcpy Host-to-Device]
5172384729,10048,348861,273,1,1,48,1,1,40,0.000,0.001,,,,,NVIDIA A100-SXM4-40GB MIG 4g.20gb (0),1,,13,"void pusch_noise_intf_est::noiseIntfEstNoDftSOfdmKernel<float, __half, float, float, (unsigned int)2, (unsigned int)1, (unsigned char)4, (unsigned char)4>(pusch_noise_intf_est::puschRxNoiseIntfEstDynDescr)"
5172406040,2784,348872,35,1,1,128,1,1,16,0.000,0.000,,,,,NVIDIA A100-SXM4-40GB MIG 4g.20gb (0),1,,13,cupy_copy__complex64_complex64
5172418584,2048,348881,1,1,1,1,1,1,18,0.000,0.000,,,,,NVIDIA A100-SXM4-40GB MIG 4g.20gb (0),1,,13,cupy_copy__float32_float32
5172422904,4384,348887,,,,,,,,,,0.000,0.912,Device,Pageable,NVIDIA A100-SXM4-40GB MIG 4g.20gb (0),1,,7,[CUDA memcpy Device-to-Host]
5172499799,13280,348898,1434,1,1,128,1,1,16,0.000,0.000,,,,,NVIDIA A100-SXM4-40GB MIG 4g.20gb (0),1,,13,cupy_copy__complex64_complex64
5172529527,2912,348905,103,1,1,128,1,1,16,0.000,0.000,,,,,NVIDIA A100-SXM4-40GB MIG 4g.20gb (0),1,,13,cupy_copy__complex64_complex64
5172552855,2528,348912,35,1,1,128,1,1,16,0.000,0.000,,,,,NVIDIA A100-SXM4-40GB MIG 4g.20gb (0),1,,13,cupy_copy__complex64_complex64
5172568502,1824,348919,1,1,1,1,1,1,18,0.000,0.000,,,,,NVIDIA A100-SXM4-40GB MIG 4g.20gb (0),1,,13,cupy_copy__float32_float32
5172704885,88447,348930,1,1,1,32,32,1,30,0.000,0.000,,,,,NVIDIA A100-SXM4-40GB MIG 4g.20gb (0),1,,13,"void convert_kernel<__half2, float2>(tensor_layout_any, T1 *, tensor_layout_any, const T2 *)"
5172826643,26624,348933,,,,,,,,,,0.094,3519.222,Pinned,Device,NVIDIA A100-SXM4-40GB MIG 4g.20gb (0),1,,13,[CUDA memcpy Host-to-Device]
5172874067,3392,348934,,,,,,,,,,1.547,455961.768,Device,,NVIDIA A100-SXM4-40GB MIG 4g.20gb (0),1,,13,[CUDA memset]
5172882675,4928,348939,,,,,,,,,,0.031,6350.647,Pinned,Device,NVIDIA A100-SXM4-40GB MIG 4g.20gb (0),1,,13,[CUDA memcpy Host-to-Device]
5172902418,18784,348940,,,,,,,,,,0.197,10466.623,Pinned,Device,NVIDIA A100-SXM4-40GB MIG 4g.20gb (0),1,,13,[CUDA memcpy Host-to-Device]
5172939954,6080,348941,273,1,1,8,4,1,39,0.002,0.000,,,,,NVIDIA A100-SXM4-40GB MIG 4g.20gb (0),1,,13,"void channel_eq::eqMmseCoefCompLowMimoKernel<float, float, float, (unsigned int)4, (unsigned int)1, (unsigned int)4>(const channel_eq::_puschRxChEqStatDescr *, channel_eq::_puschRxChEqCoefCompDynDescr)"
5172953202,5888,348942,273,1,1,12,11,1,51,0.002,0.000,,,,,NVIDIA A100-SXM4-40GB MIG 4g.20gb (0),1,,13,"void channel_eq::eqMmseSoftDemapKernel<float, __half, __half, float, (unsigned int)4, (unsigned short)16383>(channel_eq::_puschRxChEqStatDescr *, channel_eq::_puschRxChEqSoftDemapDynDescr)"
5172969138,282108,348943,1,1,1,32,32,1,30,0.000,0.000,,,,,NVIDIA A100-SXM4-40GB MIG 4g.20gb (0),1,,13,"void convert_kernel<float2, __half2>(tensor_layout_any, T1 *, tensor_layout_any, const T2 *)"
5173252398,11040,348955,2253,1,1,128,1,1,16,0.000,0.000,,,,,NVIDIA A100-SXM4-40GB MIG 4g.20gb (0),1,,13,cupy_copy__float16_float16
5173265550,3776,348964,282,1,1,128,1,1,16,0.000,0.000,,,,,NVIDIA A100-SXM4-40GB MIG 4g.20gb (0),1,,13,cupy_copy__complex64_complex64
5173272462,2272,348973,26,1,1,128,1,1,16,0.000,0.000,,,,,NVIDIA A100-SXM4-40GB MIG 4g.20gb (0),1,,13,cupy_copy__float32_float32
5173277902,2976,348982,103,1,1,128,1,1,16,0.000,0.000,,,,,NVIDIA A100-SXM4-40GB MIG 4g.20gb (0),1,,13,cupy_copy__complex64_complex64
5173283054,12192,348992,1434,1,1,128,1,1,16,0.000,0.000,,,,,NVIDIA A100-SXM4-40GB MIG 4g.20gb (0),1,,13,cupy_copy__complex64_complex64
5173300269,82783,348997,1,1,1,32,32,1,30,0.000,0.000,,,,,NVIDIA A100-SXM4-40GB MIG 4g.20gb (0),1,,13,"void convert_kernel<__half2, float2>(tensor_layout_any, T1 *, tensor_layout_any, const T2 *)"
5173410092,5408,349000,,,,,,,,,,0.094,17325.421,Pinned,Device,NVIDIA A100-SXM4-40GB MIG 4g.20gb (0),1,,13,[CUDA memcpy Host-to-Device]
5173420492,599801,349001,,,,,,,,,,456.561,761087.920,Device,,NVIDIA A100-SXM4-40GB MIG 4g.20gb (0),1,,13,[CUDA memset]
5174025893,150622,349006,,,,,,,,,,1.235,8198.793,Pinned,Device,NVIDIA A100-SXM4-40GB MIG 4g.20gb (0),1,,13,[CUDA memcpy Host-to-Device]
5174190594,40928,349007,,,,,,,,,,0.197,4803.723,Pinned,Device,NVIDIA A100-SXM4-40GB MIG 4g.20gb (0),1,,13,[CUDA memcpy Host-to-Device]
5174248898,8576,349008,69,4,1,48,1,1,76,0.002,0.000,,,,,NVIDIA A100-SXM4-40GB MIG 4g.20gb (0),1,,13,"void ch_est::windowedChEstPreNoDftSOfdmKernel<float, __half, float, (unsigned int)2, (unsigned int)1, (unsigned short)4>(ch_est::puschRxChEstStatDescr_t *, ch_est::puschRxChEstDynDescr_t *)"
5174268194,6623,349009,137,2,1,24,2,1,44,0.001,0.001,,,,,NVIDIA A100-SXM4-40GB MIG 4g.20gb (0),1,,13,"void ch_est::chEstFilterNoDftSOfdmDispatchKernel<float, __half, float, (unsigned int)2>(ch_est::puschRxChEstStatDescr_t *, ch_est::puschRxChEstDynDescr_t *)"
5174285121,4768,349010,137,2,1,24,2,1,44,0.001,0.001,,,,,NVIDIA A100-SXM4-40GB MIG 4g.20gb (0),1,,13,"void ch_est::chEstFilterNoDftSOfdmDispatchKernel<float, __half, float, (unsigned int)2>(ch_est::puschRxChEstStatDescr_t *, ch_est::puschRxChEstDynDescr_t *)"
5174304801,2592,349021,103,1,1,128,1,1,16,0.000,0.000,,,,,NVIDIA A100-SXM4-40GB MIG 4g.20gb (0),1,,13,cupy_copy__complex64_complex64
5174321569,12384,349031,1434,1,1,128,1,1,16,0.000,0.000,,,,,NVIDIA A100-SXM4-40GB MIG 4g.20gb (0),1,,13,cupy_copy__complex64_complex64
5174341185,2944,349038,103,1,1,128,1,1,16,0.000,0.000,,,,,NVIDIA A100-SXM4-40GB MIG 4g.20gb (0),1,,13,cupy_copy__complex64_complex64
5174360480,88447,349045,1,1,1,32,32,1,30,0.000,0.000,,,,,NVIDIA A100-SXM4-40GB MIG 4g.20gb (0),1,,13,"void convert_kernel<__half2, float2>(tensor_layout_any, T1 *, tensor_layout_any, const T2 *)"
5174480671,18720,349048,,,,,,,,,,0.094,5005.053,Pinned,Device,NVIDIA A100-SXM4-40GB MIG 4g.20gb (0),1,,13,[CUDA memcpy Host-to-Device]
5174518686,47360,349049,,,,,,,,,,35.810,756090.651,Device,,NVIDIA A100-SXM4-40GB MIG 4g.20gb (0),1,,13,[CUDA memset]
5174572574,6048,349051,,,,,,,,,,0.000,13.227,Pinned,Device,NVIDIA A100-SXM4-40GB MIG 4g.20gb (0),1,,13,[CUDA memcpy Host-to-Device]
5174585854,18047,349052,,,,,,,,,,0.197,10894.049,Pinned,Device,NVIDIA A100-SXM4-40GB MIG 4g.20gb (0),1,,13,[CUDA memcpy Host-to-Device]
5174609661,9888,349053,273,1,1,48,1,1,40,0.000,0.001,,,,,NVIDIA A100-SXM4-40GB MIG 4g.20gb (0),1,,13,"void pusch_noise_intf_est::noiseIntfEstNoDftSOfdmKernel<float, __half, float, float, (unsigned int)2, (unsigned int)1, (unsigned char)4, (unsigned char)4>(pusch_noise_intf_est::puschRxNoiseIntfEstDynDescr)"
5174623773,2976,349064,35,1,1,128,1,1,16,0.000,0.000,,,,,NVIDIA A100-SXM4-40GB MIG 4g.20gb (0),1,,13,cupy_copy__complex64_complex64
5174628605,2016,349073,1,1,1,1,1,1,18,0.000,0.000,,,,,NVIDIA A100-SXM4-40GB MIG 4g.20gb (0),1,,13,cupy_copy__float32_float32
5174631549,2752,349079,,,,,,,,,,0.000,1.453,Device,Pageable,NVIDIA A100-SXM4-40GB MIG 4g.20gb (0),1,,7,[CUDA memcpy Device-to-Host]
5174694012,12960,349090,1434,1,1,128,1,1,16,0.000,0.000,,,,,NVIDIA A100-SXM4-40GB MIG 4g.20gb (0),1,,13,cupy_copy__complex64_complex64
5174722492,3392,349097,103,1,1,128,1,1,16,0.000,0.000,,,,,NVIDIA A100-SXM4-40GB MIG 4g.20gb (0),1,,13,cupy_copy__complex64_complex64
5174743132,2752,349104,35,1,1,128,1,1,16,0.000,0.000,,,,,NVIDIA A100-SXM4-40GB MIG 4g.20gb (0),1,,13,cupy_copy__complex64_complex64
5174760955,1760,349111,1,1,1,1,1,1,18,0.000,0.000,,,,,NVIDIA A100-SXM4-40GB MIG 4g.20gb (0),1,,13,cupy_copy__float32_float32
5174901082,82367,349122,1,1,1,32,32,1,30,0.000,0.000,,,,,NVIDIA A100-SXM4-40GB MIG 4g.20gb (0),1,,13,"void convert_kernel<__half2, float2>(tensor_layout_any, T1 *, tensor_layout_any, const T2 *)"
5175011864,5664,349125,,,,,,,,,,0.094,16542.310,Pinned,Device,NVIDIA A100-SXM4-40GB MIG 4g.20gb (0),1,,13,[CUDA memcpy Host-to-Device]
5175026040,3200,349126,,,,,,,,,,1.547,483320.000,Device,,NVIDIA A100-SXM4-40GB MIG 4g.20gb (0),1,,13,[CUDA memset]
5175032792,3040,349131,,,,,,,,,,0.031,10294.725,Pinned,Device,NVIDIA A100-SXM4-40GB MIG 4g.20gb (0),1,,13,[CUDA memcpy Host-to-Device]
5175038808,9856,349132,,,,,,,,,,0.197,19948.044,Pinned,Device,NVIDIA A100-SXM4-40GB MIG 4g.20gb (0),1,,13,[CUDA memcpy Host-to-Device]
5175053688,9600,349133,273,1,1,8,4,1,39,0.002,0.000,,,,,NVIDIA A100-SXM4-40GB MIG 4g.20gb (0),1,,13,"void channel_eq::eqMmseCoefCompLowMimoKernel<float, float, float, (unsigned int)4, (unsigned int)1, (unsigned int)4>(const channel_eq::_puschRxChEqStatDescr *, channel_eq::_puschRxChEqCoefCompDynDescr)"
5175064344,6208,349134,273,1,1,12,11,1,51,0.002,0.000,,,,,NVIDIA A100-SXM4-40GB MIG 4g.20gb (0),1,,13,"void channel_eq::eqMmseSoftDemapKernel<float, __half, __half, float, (unsigned int)4, (unsigned short)16383>(channel_eq::_puschRxChEqStatDescr *, channel_eq::_puschRxChEqSoftDemapDynDescr)"
5175071544,282492,349135,1,1,1,32,32,1,30,0.000,0.000,,,,,NVIDIA A100-SXM4-40GB MIG 4g.20gb (0),1,,13,"void convert_kernel<float2, __half2>(tensor_layout_any, T1 *, tensor_layout_any, const T2 *)"
5175355092,11072,349147,2253,1,1,128,1,1,16,0.000,0.000,,,,,NVIDIA A100-SXM4-40GB MIG 4g.20gb (0),1,,13,cupy_copy__float16_float16
5175368276,2848,349156,282,1,1,128,1,1,16,0.000,0.000,,,,,NVIDIA A100-SXM4-40GB MIG 4g.20gb (0),1,,13,cupy_copy__complex64_complex64
5175372340,2016,349165,26,1,1,128,1,1,16,0.000,0.000,,,,,NVIDIA A100-SXM4-40GB MIG 4g.20gb (0),1,,13,cupy_copy__float32_float32
5175377812,4544,349174,103,1,1,128,1,1,16,0.000,0.000,,,,,NVIDIA A100-SXM4-40GB MIG 4g.20gb (0),1,,13,cupy_copy__complex64_complex64
5175384884,12128,349184,1434,1,1,128,1,1,16,0.000,0.000,,,,,NVIDIA A100-SXM4-40GB MIG 4g.20gb (0),1,,13,cupy_copy__complex64_complex64
5175401908,82783,349189,1,1,1,32,32,1,30,0.000,0.000,,,,,NVIDIA A100-SXM4-40GB MIG 4g.20gb (0),1,,13,"void convert_kernel<__half2, float2>(tensor_layout_any, T1 *, tensor_layout_any, const T2 *)"
5175511570,6112,349192,,,,,,,,,,0.094,15329.790,Pinned,Device,NVIDIA A100-SXM4-40GB MIG 4g.20gb (0),1,,13,[CUDA memcpy Host-to-Device]
5175523026,597209,349193,,,,,,,,,,456.561,764283.851,Device,,NVIDIA A100-SXM4-40GB MIG 4g.20gb (0),1,,13,[CUDA memset]
5176124171,159902,349198,,,,,,,,,,1.235,7722.105,Pinned,Device,NVIDIA A100-SXM4-40GB MIG 4g.20gb (0),1,,13,[CUDA memcpy Host-to-Device]
5176293737,40511,349199,,,,,,,,,,0.197,4853.072,Pinned,Device,NVIDIA A100-SXM4-40GB MIG 4g.20gb (0),1,,13,[CUDA memcpy Host-to-Device]
5176363912,8032,349200,69,4,1,48,1,1,76,0.002,0.000,,,,,NVIDIA A100-SXM4-40GB MIG 4g.20gb (0),1,,13,"void ch_est::windowedChEstPreNoDftSOfdmKernel<float, __half, float, (unsigned int)2, (unsigned int)1, (unsigned short)4>(ch_est::puschRxChEstStatDescr_t *, ch_est::puschRxChEstDynDescr_t *)"
5176381767,6656,349201,137,2,1,24,2,1,44,0.001,0.001,,,,,NVIDIA A100-SXM4-40GB MIG 4g.20gb (0),1,,13,"void ch_est::chEstFilterNoDftSOfdmDispatchKernel<float, __half, float, (unsigned int)2>(ch_est::puschRxChEstStatDescr_t *, ch_est::puschRxChEstDynDescr_t *)"
5176399399,4736,349202,137,2,1,24,2,1,44,0.001,0.001,,,,,NVIDIA A100-SXM4-40GB MIG 4g.20gb (0),1,,13,"void ch_est::chEstFilterNoDftSOfdmDispatchKernel<float, __half, float, (unsigned int)2>(ch_est::puschRxChEstStatDescr_t *, ch_est::puschRxChEstDynDescr_t *)"
5176415751,2496,349213,103,1,1,128,1,1,16,0.000,0.000,,,,,NVIDIA A100-SXM4-40GB MIG 4g.20gb (0),1,,13,cupy_copy__complex64_complex64
5176435015,12288,349223,1434,1,1,128,1,1,16,0.000,0.000,,,,,NVIDIA A100-SXM4-40GB MIG 4g.20gb (0),1,,13,cupy_copy__complex64_complex64
5176457575,2528,349230,103,1,1,128,1,1,16,0.000,0.000,,,,,NVIDIA A100-SXM4-40GB MIG 4g.20gb (0),1,,13,cupy_copy__complex64_complex64
5176479942,92383,349237,1,1,1,32,32,1,30,0.000,0.000,,,,,NVIDIA A100-SXM4-40GB MIG 4g.20gb (0),1,,13,"void convert_kernel<__half2, float2>(tensor_layout_any, T1 *, tensor_layout_any, const T2 *)"
5176608773,26783,349240,,,,,,,,,,0.094,3498.328,Pinned,Device,NVIDIA A100-SXM4-40GB MIG 4g.20gb (0),1,,13,[CUDA memcpy Host-to-Device]
5176651588,47680,349241,,,,,,,,,,35.810,751041.452,Device,,NVIDIA A100-SXM4-40GB MIG 4g.20gb (0),1,,13,[CUDA memset]
5176700868,10495,349243,,,,,,,,,,0.000,7.623,Pinned,Device,NVIDIA A100-SXM4-40GB MIG 4g.20gb (0),1,,13,[CUDA memcpy Host-to-Device]
5176723363,29152,349244,,,,,,,,,,0.197,6744.048,Pinned,Device,NVIDIA A100-SXM4-40GB MIG 4g.20gb (0),1,,13,[CUDA memcpy Host-to-Device]
5176764451,9504,349245,273,1,1,48,1,1,40,0.000,0.001,,,,,NVIDIA A100-SXM4-40GB MIG 4g.20gb (0),1,,13,"void pusch_noise_intf_est::noiseIntfEstNoDftSOfdmKernel<float, __half, float, float, (unsigned int)2, (unsigned int)1, (unsigned char)4, (unsigned char)4>(pusch_noise_intf_est::puschRxNoiseIntfEstDynDescr)"
5176785827,2751,349256,35,1,1,128,1,1,16,0.000,0.000,,,,,NVIDIA A100-SXM4-40GB MIG 4g.20gb (0),1,,13,cupy_copy__complex64_complex64
5176802562,1728,349265,1,1,1,1,1,1,18,0.000,0.000,,,,,NVIDIA A100-SXM4-40GB MIG 4g.20gb (0),1,,13,cupy_copy__float32_float32
5176807938,6816,349271,,,,,,,,,,0.000,0.587,Device,Pageable,NVIDIA A100-SXM4-40GB MIG 4g.20gb (0),1,,7,[CUDA memcpy Device-to-Host]
5176911329,12928,349282,1434,1,1,128,1,1,16,0.000,0.000,,,,,NVIDIA A100-SXM4-40GB MIG 4g.20gb (0),1,,13,cupy_copy__complex64_complex64
5176934689,2592,349289,103,1,1,128,1,1,16,0.000,0.000,,,,,NVIDIA A100-SXM4-40GB MIG 4g.20gb (0),1,,13,cupy_copy__complex64_complex64
5176947201,2303,349296,35,1,1,128,1,1,16,0.000,0.000,,,,,NVIDIA A100-SXM4-40GB MIG 4g.20gb (0),1,,13,cupy_copy__complex64_complex64
5176965696,1888,349303,1,1,1,1,1,1,18,0.000,0.000,,,,,NVIDIA A100-SXM4-40GB MIG 4g.20gb (0),1,,13,cupy_copy__float32_float32
5177095807,82879,349314,1,1,1,32,32,1,30,0.000,0.000,,,,,NVIDIA A100-SXM4-40GB MIG 4g.20gb (0),1,,13,"void convert_kernel<__half2, float2>(tensor_layout_any, T1 *, tensor_layout_any, const T2 *)"
5177206749,5920,349317,,,,,,,,,,0.094,15826.941,Pinned,Device,NVIDIA A100-SXM4-40GB MIG 4g.20gb (0),1,,13,[CUDA memcpy Host-to-Device]
5177220797,3424,349318,,,,,,,,,,1.547,451700.819,Device,,NVIDIA A100-SXM4-40GB MIG 4g.20gb (0),1,,13,[CUDA memset]
5177227965,3264,349323,,,,,,,,,,0.031,9588.218,Pinned,Device,NVIDIA A100-SXM4-40GB MIG 4g.20gb (0),1,,13,[CUDA memcpy Host-to-Device]
5177234269,9856,349324,,,,,,,,,,0.197,19948.044,Pinned,Device,NVIDIA A100-SXM4-40GB MIG 4g.20gb (0),1,,13,[CUDA memcpy Host-to-Device]
5177250045,6688,349325,273,1,1,8,4,1,39,0.002,0.000,,,,,NVIDIA A100-SXM4-40GB MIG 4g.20gb (0),1,,13,"void channel_eq::eqMmseCoefCompLowMimoKernel<float, float, float, (unsigned int)4, (unsigned int)1, (unsigned int)4>(const channel_eq::_puschRxChEqStatDescr *, channel_eq::_puschRxChEqCoefCompDynDescr)"
5177257693,6016,349326,273,1,1,12,11,1,51,0.002,0.000,,,,,NVIDIA A100-SXM4-40GB MIG 4g.20gb (0),1,,13,"void channel_eq::eqMmseSoftDemapKernel<float, __half, __half, float, (unsigned int)4, (unsigned short)16383>(channel_eq::_puschRxChEqStatDescr *, channel_eq::_puschRxChEqSoftDemapDynDescr)"
5177264733,282396,349327,1,1,1,32,32,1,30,0.000,0.000,,,,,NVIDIA A100-SXM4-40GB MIG 4g.20gb (0),1,,13,"void convert_kernel<float2, __half2>(tensor_layout_any, T1 *, tensor_layout_any, const T2 *)"
5177552153,10976,349339,2253,1,1,128,1,1,16,0.000,0.000,,,,,NVIDIA A100-SXM4-40GB MIG 4g.20gb (0),1,,13,cupy_copy__float16_float16
5177565049,3136,349348,282,1,1,128,1,1,16,0.000,0.000,,,,,NVIDIA A100-SXM4-40GB MIG 4g.20gb (0),1,,13,cupy_copy__complex64_complex64
5177569753,2176,349357,26,1,1,128,1,1,16,0.000,0.000,,,,,NVIDIA A100-SXM4-40GB MIG 4g.20gb (0),1,,13,cupy_copy__float32_float32
5177574329,2880,349366,103,1,1,128,1,1,16,0.000,0.000,,,,,NVIDIA A100-SXM4-40GB MIG 4g.20gb (0),1,,13,cupy_copy__complex64_complex64
5177580409,12032,349376,1434,1,1,128,1,1,16,0.000,0.000,,,,,NVIDIA A100-SXM4-40GB MIG 4g.20gb (0),1,,13,cupy_copy__complex64_complex64
5177596473,87134,349381,1,1,1,32,32,1,30,0.000,0.000,,,,,NVIDIA A100-SXM4-40GB MIG 4g.20gb (0),1,,13,"void convert_kernel<__half2, float2>(tensor_layout_any, T1 *, tensor_layout_any, const T2 *)"
5177710839,5952,349384,,,,,,,,,,0.094,15741.865,Pinned,Device,NVIDIA A100-SXM4-40GB MIG 4g.20gb (0),1,,13,[CUDA memcpy Host-to-Device]
5177721207,598233,349385,,,,,,,,,,456.561,762914.166,Device,,NVIDIA A100-SXM4-40GB MIG 4g.20gb (0),1,,13,[CUDA memset]
5178323920,105630,349390,,,,,,,,,,1.235,11691.215,Pinned,Device,NVIDIA A100-SXM4-40GB MIG 4g.20gb (0),1,,13,[CUDA memcpy Host-to-Device]
5178436270,16448,349391,,,,,,,,,,0.197,11953.177,Pinned,Device,NVIDIA A100-SXM4-40GB MIG 4g.20gb (0),1,,13,[CUDA memcpy Host-to-Device]
5178466446,8544,349392,69,4,1,48,1,1,76,0.002,0.000,,,,,NVIDIA A100-SXM4-40GB MIG 4g.20gb (0),1,,13,"void ch_est::windowedChEstPreNoDftSOfdmKernel<float, __half, float, (unsigned int)2, (unsigned int)1, (unsigned short)4>(ch_est::puschRxChEstStatDescr_t *, ch_est::puschRxChEstDynDescr_t *)"
5178480590,6432,349393,137,2,1,24,2,1,44,0.001,0.001,,,,,NVIDIA A100-SXM4-40GB MIG 4g.20gb (0),1,,13,"void ch_est::chEstFilterNoDftSOfdmDispatchKernel<float, __half, float, (unsigned int)2>(ch_est::puschRxChEstStatDescr_t *, ch_est::puschRxChEstDynDescr_t *)"
5178493357,5024,349394,137,2,1,24,2,1,44,0.001,0.001,,,,,NVIDIA A100-SXM4-40GB MIG 4g.20gb (0),1,,13,"void ch_est::chEstFilterNoDftSOfdmDispatchKernel<float, __half, float, (unsigned int)2>(ch_est::puschRxChEstStatDescr_t *, ch_est::puschRxChEstDynDescr_t *)"
5178504749,3168,349405,103,1,1,128,1,1,16,0.000,0.000,,,,,NVIDIA A100-SXM4-40GB MIG 4g.20gb (0),1,,13,cupy_copy__complex64_complex64
5178510477,12768,349415,1434,1,1,128,1,1,16,0.000,0.000,,,,,NVIDIA A100-SXM4-40GB MIG 4g.20gb (0),1,,13,cupy_copy__complex64_complex64
5178528077,3168,349422,103,1,1,128,1,1,16,0.000,0.000,,,,,NVIDIA A100-SXM4-40GB MIG 4g.20gb (0),1,,13,cupy_copy__complex64_complex64
5178532749,87839,349429,1,1,1,32,32,1,30,0.000,0.000,,,,,NVIDIA A100-SXM4-40GB MIG 4g.20gb (0),1,,13,"void convert_kernel<__half2, float2>(tensor_layout_any, T1 *, tensor_layout_any, const T2 *)"
5178648364,5855,349432,,,,,,,,,,0.094,16002.715,Pinned,Device,NVIDIA A100-SXM4-40GB MIG 4g.20gb (0),1,,13,[CUDA memcpy Host-to-Device]
5178661707,47872,349433,,,,,,,,,,35.810,748033.419,Device,,NVIDIA A100-SXM4-40GB MIG 4g.20gb (0),1,,13,[CUDA memset]
5178714283,4352,349435,,,,,,,,,,0.000,18.382,Pinned,Device,NVIDIA A100-SXM4-40GB MIG 4g.20gb (0),1,,13,[CUDA memcpy Host-to-Device]
5178723787,12447,349436,,,,,,,,,,0.197,15795.487,Pinned,Device,NVIDIA A100-SXM4-40GB MIG 4g.20gb (0),1,,13,[CUDA memcpy Host-to-Device]
5178743434,9920,349437,273,1,1,48,1,1,40,0.000,0.001,,,,,NVIDIA A100-SXM4-40GB MIG 4g.20gb (0),1,,13,"void pusch_noise_intf_est::noiseIntfEstNoDftSOfdmKernel<float, __half, float, float, (unsigned int)2, (unsigned int)1, (unsigned char)4, (unsigned char)4>(pusch_noise_intf_est::puschRxNoiseIntfEstDynDescr)"
5178759306,2848,349448,35,1,1,128,1,1,16,0.000,0.000,,,,,NVIDIA A100-SXM4-40GB MIG 4g.20gb (0),1,,13,cupy_copy__complex64_complex64
5178769642,1952,349457,1,1,1,1,1,1,18,0.000,0.000,,,,,NVIDIA A100-SXM4-40GB MIG 4g.20gb (0),1,,13,cupy_copy__float32_float32
5178799530,1728,349463,,,,,,,,,,0.000,2.315,Device,Pageable,NVIDIA A100-SXM4-40GB MIG 4g.20gb (0),1,,7,[CUDA memcpy Device-to-Host]
5178868681,12736,349474,1434,1,1,128,1,1,16,0.000,0.000,,,,,NVIDIA A100-SXM4-40GB MIG 4g.20gb (0),1,,13,cupy_copy__complex64_complex64
5178897992,2784,349481,103,1,1,128,1,1,16,0.000,0.000,,,,,NVIDIA A100-SXM4-40GB MIG 4g.20gb (0),1,,13,cupy_copy__complex64_complex64
5178917416,2848,349488,35,1,1,128,1,1,16,0.000,0.000,,,,,NVIDIA A100-SXM4-40GB MIG 4g.20gb (0),1,,13,cupy_copy__complex64_complex64
5178940072,1760,349495,1,1,1,1,1,1,18,0.000,0.000,,,,,NVIDIA A100-SXM4-40GB MIG 4g.20gb (0),1,,13,cupy_copy__float32_float32
5179073446,82687,349506,1,1,1,32,32,1,30,0.000,0.000,,,,,NVIDIA A100-SXM4-40GB MIG 4g.20gb (0),1,,13,"void convert_kernel<__half2, float2>(tensor_layout_any, T1 *, tensor_layout_any, const T2 *)"
5179183653,5536,349509,,,,,,,,,,0.094,16924.777,Pinned,Device,NVIDIA A100-SXM4-40GB MIG 4g.20gb (0),1,,13,[CUDA memcpy Host-to-Device]
5179199333,3264,349510,,,,,,,,,,1.547,473842.288,Device,,NVIDIA A100-SXM4-40GB MIG 4g.20gb (0),1,,13,[CUDA memset]
5179205701,3488,349515,,,,,,,,,,0.031,8972.469,Pinned,Device,NVIDIA A100-SXM4-40GB MIG 4g.20gb (0),1,,13,[CUDA memcpy Host-to-Device]
5179211909,10015,349516,,,,,,,,,,0.197,19631.309,Pinned,Device,NVIDIA A100-SXM4-40GB MIG 4g.20gb (0),1,,13,[CUDA memcpy Host-to-Device]
5179226116,6464,349517,273,1,1,8,4,1,39,0.002,0.000,,,,,NVIDIA A100-SXM4-40GB MIG 4g.20gb (0),1,,13,"void channel_eq::eqMmseCoefCompLowMimoKernel<float, float, float, (unsigned int)4, (unsigned int)1, (unsigned int)4>(const channel_eq::_puschRxChEqStatDescr *, channel_eq::_puschRxChEqCoefCompDynDescr)"
5179233700,6304,349518,273,1,1,12,11,1,51,0.002,0.000,,,,,NVIDIA A100-SXM4-40GB MIG 4g.20gb (0),1,,13,"void channel_eq::eqMmseSoftDemapKernel<float, __half, __half, float, (unsigned int)4, (unsigned short)16383>(channel_eq::_puschRxChEqStatDescr *, channel_eq::_puschRxChEqSoftDemapDynDescr)"
5179240996,282397,349519,1,1,1,32,32,1,30,0.000,0.000,,,,,NVIDIA A100-SXM4-40GB MIG 4g.20gb (0),1,,13,"void convert_kernel<float2, __half2>(tensor_layout_any, T1 *, tensor_layout_any, const T2 *)"
5179526369,10976,349531,2253,1,1,128,1,1,16,0.000,0.000,,,,,NVIDIA A100-SXM4-40GB MIG 4g.20gb (0),1,,13,cupy_copy__float16_float16
5179538689,2944,349540,282,1,1,128,1,1,16,0.000,0.000,,,,,NVIDIA A100-SXM4-40GB MIG 4g.20gb (0),1,,13,cupy_copy__complex64_complex64
5179543969,2143,349549,26,1,1,128,1,1,16,0.000,0.000,,,,,NVIDIA A100-SXM4-40GB MIG 4g.20gb (0),1,,13,cupy_copy__float32_float32
5179549024,2976,349558,103,1,1,128,1,1,16,0.000,0.000,,,,,NVIDIA A100-SXM4-40GB MIG 4g.20gb (0),1,,13,cupy_copy__complex64_complex64
5179555872,11840,349568,1434,1,1,128,1,1,16,0.000,0.000,,,,,NVIDIA A100-SXM4-40GB MIG 4g.20gb (0),1,,13,cupy_copy__complex64_complex64
5179572960,87775,349573,1,1,1,32,32,1,30,0.000,0.000,,,,,NVIDIA A100-SXM4-40GB MIG 4g.20gb (0),1,,13,"void convert_kernel<__half2, float2>(tensor_layout_any, T1 *, tensor_layout_any, const T2 *)"
5179687551,5440,349576,,,,,,,,,,0.094,17223.480,Pinned,Device,NVIDIA A100-SXM4-40GB MIG 4g.20gb (0),1,,13,[CUDA memcpy Host-to-Device]
5179696895,597592,349577,,,,,,,,,,456.561,763827.289,Device,,NVIDIA A100-SXM4-40GB MIG 4g.20gb (0),1,,13,[CUDA memset]
5180301783,152446,349582,,,,,,,,,,1.235,8099.998,Pinned,Device,NVIDIA A100-SXM4-40GB MIG 4g.20gb (0),1,,13,[CUDA memcpy Host-to-Device]
5180463765,42112,349583,,,,,,,,,,0.197,4668.654,Pinned,Device,NVIDIA A100-SXM4-40GB MIG 4g.20gb (0),1,,13,[CUDA memcpy Host-to-Device]
5180533908,7520,349584,69,4,1,48,1,1,76,0.002,0.000,,,,,NVIDIA A100-SXM4-40GB MIG 4g.20gb (0),1,,13,"void ch_est::windowedChEstPreNoDftSOfdmKernel<float, __half, float, (unsigned int)2, (unsigned int)1, (unsigned short)4>(ch_est::puschRxChEstStatDescr_t *, ch_est::puschRxChEstDynDescr_t *)"
5180551828,6944,349585,137,2,1,24,2,1,44,0.001,0.001,,,,,NVIDIA A100-SXM4-40GB MIG 4g.20gb (0),1,,13,"void ch_est::chEstFilterNoDftSOfdmDispatchKernel<float, __half, float, (unsigned int)2>(ch_est::puschRxChEstStatDescr_t *, ch_est::puschRxChEstDynDescr_t *)"
5180571348,4768,349586,137,2,1,24,2,1,44,0.001,0.001,,,,,NVIDIA A100-SXM4-40GB MIG 4g.20gb (0),1,,13,"void ch_est::chEstFilterNoDftSOfdmDispatchKernel<float, __half, float, (unsigned int)2>(ch_est::puschRxChEstStatDescr_t *, ch_est::puschRxChEstDynDescr_t *)"
5180585940,2688,349597,103,1,1,128,1,1,16,0.000,0.000,,,,,NVIDIA A100-SXM4-40GB MIG 4g.20gb (0),1,,13,cupy_copy__complex64_complex64
5180599476,12447,349607,1434,1,1,128,1,1,16,0.000,0.000,,,,,NVIDIA A100-SXM4-40GB MIG 4g.20gb (0),1,,13,cupy_copy__complex64_complex64
5180620115,2464,349614,103,1,1,128,1,1,16,0.000,0.000,,,,,NVIDIA A100-SXM4-40GB MIG 4g.20gb (0),1,,13,cupy_copy__complex64_complex64
5180633267,84479,349621,1,1,1,32,32,1,30,0.000,0.000,,,,,NVIDIA A100-SXM4-40GB MIG 4g.20gb (0),1,,13,"void convert_kernel<__half2, float2>(tensor_layout_any, T1 *, tensor_layout_any, const T2 *)"
5180745938,8608,349624,,,,,,,,,,0.094,10884.758,Pinned,Device,NVIDIA A100-SXM4-40GB MIG 4g.20gb (0),1,,13,[CUDA memcpy Host-to-Device]
5180763121,47584,349625,,,,,,,,,,35.810,752545.469,Device,,NVIDIA A100-SXM4-40GB MIG 4g.20gb (0),1,,13,[CUDA memset]
5180814481,5152,349627,,,,,,,,,,0.000,15.528,Pinned,Device,NVIDIA A100-SXM4-40GB MIG 4g.20gb (0),1,,13,[CUDA memcpy Host-to-Device]
5180824209,11808,349628,,,,,,,,,,0.197,16650.338,Pinned,Device,NVIDIA A100-SXM4-40GB MIG 4g.20gb (0),1,,13,[CUDA memcpy Host-to-Device]
5180845776,9600,349629,273,1,1,48,1,1,40,0.000,0.001,,,,,NVIDIA A100-SXM4-40GB MIG 4g.20gb (0),1,,13,"void pusch_noise_intf_est::noiseIntfEstNoDftSOfdmKernel<float, __half, float, float, (unsigned int)2, (unsigned int)1, (unsigned char)4, (unsigned char)4>(pusch_noise_intf_est::puschRxNoiseIntfEstDynDescr)"
5180857232,2816,349640,35,1,1,128,1,1,16,0.000,0.000,,,,,NVIDIA A100-SXM4-40GB MIG 4g.20gb (0),1,,13,cupy_copy__complex64_complex64
5180868368,1920,349649,1,1,1,1,1,1,18,0.000,0.000,,,,,NVIDIA A100-SXM4-40GB MIG 4g.20gb (0),1,,13,cupy_copy__float32_float32
5180898352,1696,349655,,,,,,,,,,0.000,2.358,Device,Pageable,NVIDIA A100-SXM4-40GB MIG 4g.20gb (0),1,,7,[CUDA memcpy Device-to-Host]
5180958511,12864,349666,1434,1,1,128,1,1,16,0.000,0.000,,,,,NVIDIA A100-SXM4-40GB MIG 4g.20gb (0),1,,13,cupy_copy__complex64_complex64
5180985967,2880,349673,103,1,1,128,1,1,16,0.000,0.000,,,,,NVIDIA A100-SXM4-40GB MIG 4g.20gb (0),1,,13,cupy_copy__complex64_complex64
5181010926,2592,349680,35,1,1,128,1,1,16,0.000,0.000,,,,,NVIDIA A100-SXM4-40GB MIG 4g.20gb (0),1,,13,cupy_copy__complex64_complex64
5181029486,1792,349687,1,1,1,1,1,1,18,0.000,0.000,,,,,NVIDIA A100-SXM4-40GB MIG 4g.20gb (0),1,,13,cupy_copy__float32_float32
5181161069,82303,349698,1,1,1,32,32,1,30,0.000,0.000,,,,,NVIDIA A100-SXM4-40GB MIG 4g.20gb (0),1,,13,"void convert_kernel<__half2, float2>(tensor_layout_any, T1 *, tensor_layout_any, const T2 *)"
5181270571,5920,349701,,,,,,,,,,0.094,15826.941,Pinned,Device,NVIDIA A100-SXM4-40GB MIG 4g.20gb (0),1,,13,[CUDA memcpy Host-to-Device]
5181285035,3456,349702,,,,,,,,,,1.547,447517.201,Device,,NVIDIA A100-SXM4-40GB MIG 4g.20gb (0),1,,13,[CUDA memset]
5181292075,3424,349707,,,,,,,,,,0.031,9140.185,Pinned,Device,NVIDIA A100-SXM4-40GB MIG 4g.20gb (0),1,,13,[CUDA memcpy Host-to-Device]
5181297995,10144,349708,,,,,,,,,,0.197,19381.617,Pinned,Device,NVIDIA A100-SXM4-40GB MIG 4g.20gb (0),1,,13,[CUDA memcpy Host-to-Device]
5181314187,6656,349709,273,1,1,8,4,1,39,0.002,0.000,,,,,NVIDIA A100-SXM4-40GB MIG 4g.20gb (0),1,,13,"void channel_eq::eqMmseCoefCompLowMimoKernel<float, float, float, (unsigned int)4, (unsigned int)1, (unsigned int)4>(const channel_eq::_puschRxChEqStatDescr *, channel_eq::_puschRxChEqCoefCompDynDescr)"
5181321835,6336,349710,273,1,1,12,11,1,51,0.002,0.000,,,,,NVIDIA A100-SXM4-40GB MIG 4g.20gb (0),1,,13,"void channel_eq::eqMmseSoftDemapKernel<float, __half, __half, float, (unsigned int)4, (unsigned short)16383>(channel_eq::_puschRxChEqStatDescr *, channel_eq::_puschRxChEqSoftDemapDynDescr)"
5181329131,282652,349711,1,1,1,32,32,1,30,0.000,0.000,,,,,NVIDIA A100-SXM4-40GB MIG 4g.20gb (0),1,,13,"void convert_kernel<float2, __half2>(tensor_layout_any, T1 *, tensor_layout_any, const T2 *)"
5181614983,10848,349723,2253,1,1,128,1,1,16,0.000,0.000,,,,,NVIDIA A100-SXM4-40GB MIG 4g.20gb (0),1,,13,cupy_copy__float16_float16
5181630343,2688,349732,282,1,1,128,1,1,16,0.000,0.000,,,,,NVIDIA A100-SXM4-40GB MIG 4g.20gb (0),1,,13,cupy_copy__complex64_complex64
5181635079,2368,349741,26,1,1,128,1,1,16,0.000,0.000,,,,,NVIDIA A100-SXM4-40GB MIG 4g.20gb (0),1,,13,cupy_copy__float32_float32
5181638503,2848,349750,103,1,1,128,1,1,16,0.000,0.000,,,,,NVIDIA A100-SXM4-40GB MIG 4g.20gb (0),1,,13,cupy_copy__complex64_complex64
5181644039,12063,349760,1434,1,1,128,1,1,16,0.000,0.000,,,,,NVIDIA A100-SXM4-40GB MIG 4g.20gb (0),1,,13,cupy_copy__complex64_complex64
5181657734,86943,349765,1,1,1,32,32,1,30,0.000,0.000,,,,,NVIDIA A100-SXM4-40GB MIG 4g.20gb (0),1,,13,"void convert_kernel<__half2, float2>(tensor_layout_any, T1 *, tensor_layout_any, const T2 *)"
5181771557,5504,349768,,,,,,,,,,0.094,17023.251,Pinned,Device,NVIDIA A100-SXM4-40GB MIG 4g.20gb (0),1,,13,[CUDA memcpy Host-to-Device]
5181781541,596921,349769,,,,,,,,,,456.561,764740.412,Device,,NVIDIA A100-SXM4-40GB MIG 4g.20gb (0),1,,13,[CUDA memset]
5182384254,152702,349774,,,,,,,,,,1.235,8086.413,Pinned,Device,NVIDIA A100-SXM4-40GB MIG 4g.20gb (0),1,,13,[CUDA memcpy Host-to-Device]
5182549051,41216,349775,,,,,,,,,,0.197,4770.103,Pinned,Device,NVIDIA A100-SXM4-40GB MIG 4g.20gb (0),1,,13,[CUDA memcpy Host-to-Device]
5182607675,8288,349776,69,4,1,48,1,1,76,0.002,0.000,,,,,NVIDIA A100-SXM4-40GB MIG 4g.20gb (0),1,,13,"void ch_est::windowedChEstPreNoDftSOfdmKernel<float, __half, float, (unsigned int)2, (unsigned int)1, (unsigned short)4>(ch_est::puschRxChEstStatDescr_t *, ch_est::puschRxChEstDynDescr_t *)"
5182626907,6527,349777,137,2,1,24,2,1,44,0.001,0.001,,,,,NVIDIA A100-SXM4-40GB MIG 4g.20gb (0),1,,13,"void ch_est::chEstFilterNoDftSOfdmDispatchKernel<float, __half, float, (unsigned int)2>(ch_est::puschRxChEstStatDescr_t *, ch_est::puschRxChEstDynDescr_t *)"
5182643706,4736,349778,137,2,1,24,2,1,44,0.001,0.001,,,,,NVIDIA A100-SXM4-40GB MIG 4g.20gb (0),1,,13,"void ch_est::chEstFilterNoDftSOfdmDispatchKernel<float, __half, float, (unsigned int)2>(ch_est::puschRxChEstStatDescr_t *, ch_est::puschRxChEstDynDescr_t *)"
5182663322,2624,349789,103,1,1,128,1,1,16,0.000,0.000,,,,,NVIDIA A100-SXM4-40GB MIG 4g.20gb (0),1,,13,cupy_copy__complex64_complex64
5182679930,12448,349799,1434,1,1,128,1,1,16,0.000,0.000,,,,,NVIDIA A100-SXM4-40GB MIG 4g.20gb (0),1,,13,cupy_copy__complex64_complex64
5182700474,2912,349806,103,1,1,128,1,1,16,0.000,0.000,,,,,NVIDIA A100-SXM4-40GB MIG 4g.20gb (0),1,,13,cupy_copy__complex64_complex64
5182720153,95071,349813,1,1,1,32,32,1,30,0.000,0.000,,,,,NVIDIA A100-SXM4-40GB MIG 4g.20gb (0),1,,13,"void convert_kernel<__half2, float2>(tensor_layout_any, T1 *, tensor_layout_any, const T2 *)"
5182859640,27199,349816,,,,,,,,,,0.094,3444.827,Pinned,Device,NVIDIA A100-SXM4-40GB MIG 4g.20gb (0),1,,13,[CUDA memcpy Host-to-Device]
5182906487,46528,349817,,,,,,,,,,35.810,769626.801,Device,,NVIDIA A100-SXM4-40GB MIG 4g.20gb (0),1,,13,[CUDA memset]
5182966070,10816,349819,,,,,,,,,,0.000,7.396,Pinned,Device,NVIDIA A100-SXM4-40GB MIG 4g.20gb (0),1,,13,[CUDA memcpy Host-to-Device]
5182983990,22112,349820,,,,,,,,,,0.197,8891.400,Pinned,Device,NVIDIA A100-SXM4-40GB MIG 4g.20gb (0),1,,13,[CUDA memcpy Host-to-Device]
5183026294,11615,349821,273,1,1,48,1,1,40,0.000,0.001,,,,,NVIDIA A100-SXM4-40GB MIG 4g.20gb (0),1,,13,"void pusch_noise_intf_est::noiseIntfEstNoDftSOfdmKernel<float, __half, float, float, (unsigned int)2, (unsigned int)1, (unsigned char)4, (unsigned char)4>(pusch_noise_intf_est::puschRxNoiseIntfEstDynDescr)"
5183041877,3136,349832,35,1,1,128,1,1,16,0.000,0.000,,,,,NVIDIA A100-SXM4-40GB MIG 4g.20gb (0),1,,13,cupy_copy__complex64_complex64
5183051509,1696,349841,1,1,1,1,1,1,18,0.000,0.000,,,,,NVIDIA A100-SXM4-40GB MIG 4g.20gb (0),1,,13,cupy_copy__float32_float32
5183055989,1568,349847,,,,,,,,,,0.000,2.551,Device,Pageable,NVIDIA A100-SXM4-40GB MIG 4g.20gb (0),1,,7,[CUDA memcpy Device-to-Host]
5183128532,13024,349858,1434,1,1,128,1,1,16,0.000,0.000,,,,,NVIDIA A100-SXM4-40GB MIG 4g.20gb (0),1,,13,cupy_copy__complex64_complex64
5183155028,2784,349865,103,1,1,128,1,1,16,0.000,0.000,,,,,NVIDIA A100-SXM4-40GB MIG 4g.20gb (0),1,,13,cupy_copy__complex64_complex64
5183181716,2528,349872,35,1,1,128,1,1,16,0.000,0.000,,,,,NVIDIA A100-SXM4-40GB MIG 4g.20gb (0),1,,13,cupy_copy__complex64_complex64
5183196276,1855,349879,1,1,1,1,1,1,18,0.000,0.000,,,,,NVIDIA A100-SXM4-40GB MIG 4g.20gb (0),1,,13,cupy_copy__float32_float32
5183325490,82271,349890,1,1,1,32,32,1,30,0.000,0.000,,,,,NVIDIA A100-SXM4-40GB MIG 4g.20gb (0),1,,13,"void convert_kernel<__half2, float2>(tensor_layout_any, T1 *, tensor_layout_any, const T2 *)"
5183435633,5632,349893,,,,,,,,,,0.094,16636.287,Pinned,Device,NVIDIA A100-SXM4-40GB MIG 4g.20gb (0),1,,13,[CUDA memcpy Host-to-Device]
5183450160,3104,349894,,,,,,,,,,1.547,498266.574,Device,,NVIDIA A100-SXM4-40GB MIG 4g.20gb (0),1,,13,[CUDA memset]
5183457488,3168,349899,,,,,,,,,,0.031,9878.770,Pinned,Device,NVIDIA A100-SXM4-40GB MIG 4g.20gb (0),1,,13,[CUDA memcpy Host-to-Device]
5183463472,9728,349900,,,,,,,,,,0.197,20210.516,Pinned,Device,NVIDIA A100-SXM4-40GB MIG 4g.20gb (0),1,,13,[CUDA memcpy Host-to-Device]
5183478192,6624,349901,273,1,1,8,4,1,39,0.002,0.000,,,,,NVIDIA A100-SXM4-40GB MIG 4g.20gb (0),1,,13,"void channel_eq::eqMmseCoefCompLowMimoKernel<float, float, float, (unsigned int)4, (unsigned int)1, (unsigned int)4>(const channel_eq::_puschRxChEqStatDescr *, channel_eq::_puschRxChEqCoefCompDynDescr)"
5183485872,6208,349902,273,1,1,12,11,1,51,0.002,0.000,,,,,NVIDIA A100-SXM4-40GB MIG 4g.20gb (0),1,,13,"void channel_eq::eqMmseSoftDemapKernel<float, __half, __half, float, (unsigned int)4, (unsigned short)16383>(channel_eq::_puschRxChEqStatDescr *, channel_eq::_puschRxChEqSoftDemapDynDescr)"
5183493104,282716,349903,1,1,1,32,32,1,30,0.000,0.000,,,,,NVIDIA A100-SXM4-40GB MIG 4g.20gb (0),1,,13,"void convert_kernel<float2, __half2>(tensor_layout_any, T1 *, tensor_layout_any, const T2 *)"
5183776780,10880,349915,2253,1,1,128,1,1,16,0.000,0.000,,,,,NVIDIA A100-SXM4-40GB MIG 4g.20gb (0),1,,13,cupy_copy__float16_float16
5183793036,2624,349924,282,1,1,128,1,1,16,0.000,0.000,,,,,NVIDIA A100-SXM4-40GB MIG 4g.20gb (0),1,,13,cupy_copy__complex64_complex64
5183798124,2272,349933,26,1,1,128,1,1,16,0.000,0.000,,,,,NVIDIA A100-SXM4-40GB MIG 4g.20gb (0),1,,13,cupy_copy__float32_float32
5183803244,3200,349942,103,1,1,128,1,1,16,0.000,0.000,,,,,NVIDIA A100-SXM4-40GB MIG 4g.20gb (0),1,,13,cupy_copy__complex64_complex64
5183807532,11904,349952,1434,1,1,128,1,1,16,0.000,0.000,,,,,NVIDIA A100-SXM4-40GB MIG 4g.20gb (0),1,,13,cupy_copy__complex64_complex64
5183822476,87071,349957,1,1,1,32,32,1,30,0.000,0.000,,,,,NVIDIA A100-SXM4-40GB MIG 4g.20gb (0),1,,13,"void convert_kernel<__half2, float2>(tensor_layout_any, T1 *, tensor_layout_any, const T2 *)"
5183936810,5824,349960,,,,,,,,,,0.094,16087.884,Pinned,Device,NVIDIA A100-SXM4-40GB MIG 4g.20gb (0),1,,13,[CUDA memcpy Host-to-Device]
5183947402,598169,349961,,,,,,,,,,456.561,762914.166,Device,,NVIDIA A100-SXM4-40GB MIG 4g.20gb (0),1,,13,[CUDA memset]
5184547075,146910,349966,,,,,,,,,,1.235,8405.029,Pinned,Device,NVIDIA A100-SXM4-40GB MIG 4g.20gb (0),1,,13,[CUDA memcpy Host-to-Device]
5184702561,29632,349967,,,,,,,,,,0.197,6634.930,Pinned,Device,NVIDIA A100-SXM4-40GB MIG 4g.20gb (0),1,,13,[CUDA memcpy Host-to-Device]
5184760704,8000,349968,69,4,1,48,1,1,76,0.002,0.000,,,,,NVIDIA A100-SXM4-40GB MIG 4g.20gb (0),1,,13,"void ch_est::windowedChEstPreNoDftSOfdmKernel<float, __half, float, (unsigned int)2, (unsigned int)1, (unsigned short)4>(ch_est::puschRxChEstStatDescr_t *, ch_est::puschRxChEstDynDescr_t *)"
5184776736,7264,349969,137,2,1,24,2,1,44,0.001,0.001,,,,,NVIDIA A100-SXM4-40GB MIG 4g.20gb (0),1,,13,"void ch_est::chEstFilterNoDftSOfdmDispatchKernel<float, __half, float, (unsigned int)2>(ch_est::puschRxChEstStatDescr_t *, ch_est::puschRxChEstDynDescr_t *)"
5184790080,4768,349970,137,2,1,24,2,1,44,0.001,0.001,,,,,NVIDIA A100-SXM4-40GB MIG 4g.20gb (0),1,,13,"void ch_est::chEstFilterNoDftSOfdmDispatchKernel<float, __half, float, (unsigned int)2>(ch_est::puschRxChEstStatDescr_t *, ch_est::puschRxChEstDynDescr_t *)"
5184803328,2528,349981,103,1,1,128,1,1,16,0.000,0.000,,,,,NVIDIA A100-SXM4-40GB MIG 4g.20gb (0),1,,13,cupy_copy__complex64_complex64
5184818528,12607,349991,1434,1,1,128,1,1,16,0.000,0.000,,,,,NVIDIA A100-SXM4-40GB MIG 4g.20gb (0),1,,13,cupy_copy__complex64_complex64
5184852351,2560,349998,103,1,1,128,1,1,16,0.000,0.000,,,,,NVIDIA A100-SXM4-40GB MIG 4g.20gb (0),1,,13,cupy_copy__complex64_complex64
5184868415,88255,350005,1,1,1,32,32,1,30,0.000,0.000,,,,,NVIDIA A100-SXM4-40GB MIG 4g.20gb (0),1,,13,"void convert_kernel<__half2, float2>(tensor_layout_any, T1 *, tensor_layout_any, const T2 *)"
5184988733,25536,350008,,,,,,,,,,0.094,3669.135,Pinned,Device,NVIDIA A100-SXM4-40GB MIG 4g.20gb (0),1,,13,[CUDA memcpy Host-to-Device]
5185045117,46815,350009,,,,,,,,,,35.810,764899.891,Device,,NVIDIA A100-SXM4-40GB MIG 4g.20gb (0),1,,13,[CUDA memset]
5185096380,14752,350011,,,,,,,,,,0.000,5.423,Pinned,Device,NVIDIA A100-SXM4-40GB MIG 4g.20gb (0),1,,13,[CUDA memcpy Host-to-Device]
5185127132,23167,350012,,,,,,,,,,0.197,8486.388,Pinned,Device,NVIDIA A100-SXM4-40GB MIG 4g.20gb (0),1,,13,[CUDA memcpy Host-to-Device]
5185177883,10208,350013,273,1,1,48,1,1,40,0.000,0.001,,,,,NVIDIA A100-SXM4-40GB MIG 4g.20gb (0),1,,13,"void pusch_noise_intf_est::noiseIntfEstNoDftSOfdmKernel<float, __half, float, float, (unsigned int)2, (unsigned int)1, (unsigned char)4, (unsigned char)4>(pusch_noise_intf_est::puschRxNoiseIntfEstDynDescr)"
5185195035,2720,350024,35,1,1,128,1,1,16,0.000,0.000,,,,,NVIDIA A100-SXM4-40GB MIG 4g.20gb (0),1,,13,cupy_copy__complex64_complex64
5185211611,1696,350033,1,1,1,1,1,1,18,0.000,0.000,,,,,NVIDIA A100-SXM4-40GB MIG 4g.20gb (0),1,,13,cupy_copy__float32_float32
5185214171,9056,350039,,,,,,,,,,0.000,0.442,Device,Pageable,NVIDIA A100-SXM4-40GB MIG 4g.20gb (0),1,,7,[CUDA memcpy Device-to-Host]
5185307034,12767,350050,1434,1,1,128,1,1,16,0.000,0.000,,,,,NVIDIA A100-SXM4-40GB MIG 4g.20gb (0),1,,13,cupy_copy__complex64_complex64
5185346585,2688,350057,103,1,1,128,1,1,16,0.000,0.000,,,,,NVIDIA A100-SXM4-40GB MIG 4g.20gb (0),1,,13,cupy_copy__complex64_complex64
5185361049,2304,350064,35,1,1,128,1,1,16,0.000,0.000,,,,,NVIDIA A100-SXM4-40GB MIG 4g.20gb (0),1,,13,cupy_copy__complex64_complex64
5185377913,1792,350071,1,1,1,1,1,1,18,0.000,0.000,,,,,NVIDIA A100-SXM4-40GB MIG 4g.20gb (0),1,,13,cupy_copy__float32_float32
5185501559,86591,350082,1,1,1,32,32,1,30,0.000,0.000,,,,,NVIDIA A100-SXM4-40GB MIG 4g.20gb (0),1,,13,"void convert_kernel<__half2, float2>(tensor_layout_any, T1 *, tensor_layout_any, const T2 *)"
5185620502,13631,350085,,,,,,,,,,0.094,6873.726,Pinned,Device,NVIDIA A100-SXM4-40GB MIG 4g.20gb (0),1,,13,[CUDA memcpy Host-to-Device]
5185645973,3392,350086,,,,,,,,,,1.547,455961.768,Device,,NVIDIA A100-SXM4-40GB MIG 4g.20gb (0),1,,13,[CUDA memset]
5185653845,3680,350091,,,,,,,,,,0.031,8504.344,Pinned,Device,NVIDIA A100-SXM4-40GB MIG 4g.20gb (0),1,,13,[CUDA memcpy Host-to-Device]
5185663605,16224,350092,,,,,,,,,,0.197,12118.327,Pinned,Device,NVIDIA A100-SXM4-40GB MIG 4g.20gb (0),1,,13,[CUDA memcpy Host-to-Device]
5185693045,6144,350093,273,1,1,8,4,1,39,0.002,0.000,,,,,NVIDIA A100-SXM4-40GB MIG 4g.20gb (0),1,,13,"void channel_eq::eqMmseCoefCompLowMimoKernel<float, float, float, (unsigned int)4, (unsigned int)1, (unsigned int)4>(const channel_eq::_puschRxChEqStatDescr *, channel_eq::_puschRxChEqCoefCompDynDescr)"
5185704661,6048,350094,273,1,1,12,11,1,51,0.002,0.000,,,,,NVIDIA A100-SXM4-40GB MIG 4g.20gb (0),1,,13,"void channel_eq::eqMmseSoftDemapKernel<float, __half, __half, float, (unsigned int)4, (unsigned short)16383>(channel_eq::_puschRxChEqStatDescr *, channel_eq::_puschRxChEqSoftDemapDynDescr)"
5185716148,282493,350095,1,1,1,32,32,1,30,0.000,0.000,,,,,NVIDIA A100-SXM4-40GB MIG 4g.20gb (0),1,,13,"void convert_kernel<float2, __half2>(tensor_layout_any, T1 *, tensor_layout_any, const T2 *)"
5186001297,11232,350107,2253,1,1,128,1,1,16,0.000,0.000,,,,,NVIDIA A100-SXM4-40GB MIG 4g.20gb (0),1,,13,cupy_copy__float16_float16
5186016657,3520,350116,282,1,1,128,1,1,16,0.000,0.000,,,,,NVIDIA A100-SXM4-40GB MIG 4g.20gb (0),1,,13,cupy_copy__complex64_complex64
5186022353,2304,350125,26,1,1,128,1,1,16,0.000,0.000,,,,,NVIDIA A100-SXM4-40GB MIG 4g.20gb (0),1,,13,cupy_copy__float32_float32
5186026449,2816,350134,103,1,1,128,1,1,16,0.000,0.000,,,,,NVIDIA A100-SXM4-40GB MIG 4g.20gb (0),1,,13,cupy_copy__complex64_complex64
5186030225,11935,350144,1434,1,1,128,1,1,16,0.000,0.000,,,,,NVIDIA A100-SXM4-40GB MIG 4g.20gb (0),1,,13,cupy_copy__complex64_complex64
5186043472,82943,350149,1,1,1,32,32,1,30,0.000,0.000,,,,,NVIDIA A100-SXM4-40GB MIG 4g.20gb (0),1,,13,"void convert_kernel<__half2, float2>(tensor_layout_any, T1 *, tensor_layout_any, const T2 *)"
5186153807,5920,350152,,,,,,,,,,0.094,15826.941,Pinned,Device,NVIDIA A100-SXM4-40GB MIG 4g.20gb (0),1,,13,[CUDA memcpy Host-to-Device]
5186163791,596921,350153,,,,,,,,,,456.561,764740.412,Device,,NVIDIA A100-SXM4-40GB MIG 4g.20gb (0),1,,13,[CUDA memset]
5186768264,79615,350158,,,,,,,,,,1.235,15510.897,Pinned,Device,NVIDIA A100-SXM4-40GB MIG 4g.20gb (0),1,,13,[CUDA memcpy Host-to-Device]
5186854950,16000,350159,,,,,,,,,,0.197,12288.000,Pinned,Device,NVIDIA A100-SXM4-40GB MIG 4g.20gb (0),1,,13,[CUDA memcpy Host-to-Device]
5186880550,9568,350160,69,4,1,48,1,1,76,0.002,0.000,,,,,NVIDIA A100-SXM4-40GB MIG 4g.20gb (0),1,,13,"void ch_est::windowedChEstPreNoDftSOfdmKernel<float, __half, float, (unsigned int)2, (unsigned int)1, (unsigned short)4>(ch_est::puschRxChEstStatDescr_t *, ch_est::puschRxChEstDynDescr_t *)"
5186896934,7456,350161,137,2,1,24,2,1,44,0.001,0.001,,,,,NVIDIA A100-SXM4-40GB MIG 4g.20gb (0),1,,13,"void ch_est::chEstFilterNoDftSOfdmDispatchKernel<float, __half, float, (unsigned int)2>(ch_est::puschRxChEstStatDescr_t *, ch_est::puschRxChEstDynDescr_t *)"
5186913574,5056,350162,137,2,1,24,2,1,44,0.001,0.001,,,,,NVIDIA A100-SXM4-40GB MIG 4g.20gb (0),1,,13,"void ch_est::chEstFilterNoDftSOfdmDispatchKernel<float, __half, float, (unsigned int)2>(ch_est::puschRxChEstStatDescr_t *, ch_est::puschRxChEstDynDescr_t *)"
5186921222,2912,350173,103,1,1,128,1,1,16,0.000,0.000,,,,,NVIDIA A100-SXM4-40GB MIG 4g.20gb (0),1,,13,cupy_copy__complex64_complex64
5186929126,12767,350183,1434,1,1,128,1,1,16,0.000,0.000,,,,,NVIDIA A100-SXM4-40GB MIG 4g.20gb (0),1,,13,cupy_copy__complex64_complex64
5186945509,2784,350190,103,1,1,128,1,1,16,0.000,0.000,,,,,NVIDIA A100-SXM4-40GB MIG 4g.20gb (0),1,,13,cupy_copy__complex64_complex64
5186954853,87935,350197,1,1,1,32,32,1,30,0.000,0.000,,,,,NVIDIA A100-SXM4-40GB MIG 4g.20gb (0),1,,13,"void convert_kernel<__half2, float2>(tensor_layout_any, T1 *, tensor_layout_any, const T2 *)"
5187072740,6240,350200,,,,,,,,,,0.094,15015.346,Pinned,Device,NVIDIA A100-SXM4-40GB MIG 4g.20gb (0),1,,13,[CUDA memcpy Host-to-Device]
5187084164,47519,350201,,,,,,,,,,35.810,753583.956,Device,,NVIDIA A100-SXM4-40GB MIG 4g.20gb (0),1,,13,[CUDA memset]
5187137603,3584,350203,,,,,,,,,,0.000,22.321,Pinned,Device,NVIDIA A100-SXM4-40GB MIG 4g.20gb (0),1,,13,[CUDA memcpy Host-to-Device]
5187145731,13376,350204,,,,,,,,,,0.197,14698.414,Pinned,Device,NVIDIA A100-SXM4-40GB MIG 4g.20gb (0),1,,13,[CUDA memcpy Host-to-Device]
5187168515,9247,350205,273,1,1,48,1,1,40,0.000,0.001,,,,,NVIDIA A100-SXM4-40GB MIG 4g.20gb (0),1,,13,"void pusch_noise_intf_est::noiseIntfEstNoDftSOfdmKernel<float, __half, float, float, (unsigned int)2, (unsigned int)1, (unsigned char)4, (unsigned char)4>(pusch_noise_intf_est::puschRxNoiseIntfEstDynDescr)"
5187180770,2976,350216,35,1,1,128,1,1,16,0.000,0.000,,,,,NVIDIA A100-SXM4-40GB MIG 4g.20gb (0),1,,13,cupy_copy__complex64_complex64
5187194082,1856,350225,1,1,1,1,1,1,18,0.000,0.000,,,,,NVIDIA A100-SXM4-40GB MIG 4g.20gb (0),1,,13,cupy_copy__float32_float32
5187230274,1696,350231,,,,,,,,,,0.000,2.358,Device,Pageable,NVIDIA A100-SXM4-40GB MIG 4g.20gb (0),1,,7,[CUDA memcpy Device-to-Host]
5187290721,13152,350242,1434,1,1,128,1,1,16,0.000,0.000,,,,,NVIDIA A100-SXM4-40GB MIG 4g.20gb (0),1,,13,cupy_copy__complex64_complex64
5187317953,2784,350249,103,1,1,128,1,1,16,0.000,0.000,,,,,NVIDIA A100-SXM4-40GB MIG 4g.20gb (0),1,,13,cupy_copy__complex64_complex64
5187337952,2304,350256,35,1,1,128,1,1,16,0.000,0.000,,,,,NVIDIA A100-SXM4-40GB MIG 4g.20gb (0),1,,13,cupy_copy__complex64_complex64
5187356064,1888,350263,1,1,1,1,1,1,18,0.000,0.000,,,,,NVIDIA A100-SXM4-40GB MIG 4g.20gb (0),1,,13,cupy_copy__float32_float32
5187491039,87359,350274,1,1,1,32,32,1,30,0.000,0.000,,,,,NVIDIA A100-SXM4-40GB MIG 4g.20gb (0),1,,13,"void convert_kernel<__half2, float2>(tensor_layout_any, T1 *, tensor_layout_any, const T2 *)"
5187606493,5408,350277,,,,,,,,,,0.094,17325.421,Pinned,Device,NVIDIA A100-SXM4-40GB MIG 4g.20gb (0),1,,13,[CUDA memcpy Host-to-Device]
5187620349,3456,350278,,,,,,,,,,1.547,447517.201,Device,,NVIDIA A100-SXM4-40GB MIG 4g.20gb (0),1,,13,[CUDA memset]
5187627549,3424,350283,,,,,,,,,,0.031,9140.185,Pinned,Device,NVIDIA A100-SXM4-40GB MIG 4g.20gb (0),1,,13,[CUDA memcpy Host-to-Device]
5187633405,9632,350284,,,,,,,,,,0.197,20411.843,Pinned,Device,NVIDIA A100-SXM4-40GB MIG 4g.20gb (0),1,,13,[CUDA memcpy Host-to-Device]
5187649053,7392,350285,273,1,1,8,4,1,39,0.002,0.000,,,,,NVIDIA A100-SXM4-40GB MIG 4g.20gb (0),1,,13,"void channel_eq::eqMmseCoefCompLowMimoKernel<float, float, float, (unsigned int)4, (unsigned int)1, (unsigned int)4>(const channel_eq::_puschRxChEqStatDescr *, channel_eq::_puschRxChEqCoefCompDynDescr)"
5187657565,6367,350286,273,1,1,12,11,1,51,0.002,0.000,,,,,NVIDIA A100-SXM4-40GB MIG 4g.20gb (0),1,,13,"void channel_eq::eqMmseSoftDemapKernel<float, __half, __half, float, (unsigned int)4, (unsigned short)16383>(channel_eq::_puschRxChEqStatDescr *, channel_eq::_puschRxChEqSoftDemapDynDescr)"
5187664956,282205,350287,1,1,1,32,32,1,30,0.000,0.000,,,,,NVIDIA A100-SXM4-40GB MIG 4g.20gb (0),1,,13,"void convert_kernel<float2, __half2>(tensor_layout_any, T1 *, tensor_layout_any, const T2 *)"
5187949721,11200,350299,2253,1,1,128,1,1,16,0.000,0.000,,,,,NVIDIA A100-SXM4-40GB MIG 4g.20gb (0),1,,13,cupy_copy__float16_float16
5187964985,3456,350308,282,1,1,128,1,1,16,0.000,0.000,,,,,NVIDIA A100-SXM4-40GB MIG 4g.20gb (0),1,,13,cupy_copy__complex64_complex64
5187970361,2112,350317,26,1,1,128,1,1,16,0.000,0.000,,,,,NVIDIA A100-SXM4-40GB MIG 4g.20gb (0),1,,13,cupy_copy__float32_float32
5187973657,4672,350326,103,1,1,128,1,1,16,0.000,0.000,,,,,NVIDIA A100-SXM4-40GB MIG 4g.20gb (0),1,,13,cupy_copy__complex64_complex64
5187979385,11839,350336,1434,1,1,128,1,1,16,0.000,0.000,,,,,NVIDIA A100-SXM4-40GB MIG 4g.20gb (0),1,,13,cupy_copy__complex64_complex64
5187999192,88191,350341,1,1,1,32,32,1,30,0.000,0.000,,,,,NVIDIA A100-SXM4-40GB MIG 4g.20gb (0),1,,13,"void convert_kernel<__half2, float2>(tensor_layout_any, T1 *, tensor_layout_any, const T2 *)"
5188113847,5536,350344,,,,,,,,,,0.094,16924.777,Pinned,Device,NVIDIA A100-SXM4-40GB MIG 4g.20gb (0),1,,13,[CUDA memcpy Host-to-Device]
5188123959,598136,350345,,,,,,,,,,456.561,762914.166,Device,,NVIDIA A100-SXM4-40GB MIG 4g.20gb (0),1,,13,[CUDA memset]
5188728175,139615,350350,,,,,,,,,,1.235,8844.669,Pinned,Device,NVIDIA A100-SXM4-40GB MIG 4g.20gb (0),1,,13,[CUDA memcpy Host-to-Device]
5188880909,40512,350351,,,,,,,,,,0.197,4853.072,Pinned,Device,NVIDIA A100-SXM4-40GB MIG 4g.20gb (0),1,,13,[CUDA memcpy Host-to-Device]
5188942701,8480,350352,69,4,1,48,1,1,76,0.002,0.000,,,,,NVIDIA A100-SXM4-40GB MIG 4g.20gb (0),1,,13,"void ch_est::windowedChEstPreNoDftSOfdmKernel<float, __half, float, (unsigned int)2, (unsigned int)1, (unsigned short)4>(ch_est::puschRxChEstStatDescr_t *, ch_est::puschRxChEstDynDescr_t *)"
5188960524,6592,350353,137,2,1,24,2,1,44,0.001,0.001,,,,,NVIDIA A100-SXM4-40GB MIG 4g.20gb (0),1,,13,"void ch_est::chEstFilterNoDftSOfdmDispatchKernel<float, __half, float, (unsigned int)2>(ch_est::puschRxChEstStatDescr_t *, ch_est::puschRxChEstDynDescr_t *)"
5188978732,4960,350354,137,2,1,24,2,1,44,0.001,0.001,,,,,NVIDIA A100-SXM4-40GB MIG 4g.20gb (0),1,,13,"void ch_est::chEstFilterNoDftSOfdmDispatchKernel<float, __half, float, (unsigned int)2>(ch_est::puschRxChEstStatDescr_t *, ch_est::puschRxChEstDynDescr_t *)"
5188991948,2656,350365,103,1,1,128,1,1,16,0.000,0.000,,,,,NVIDIA A100-SXM4-40GB MIG 4g.20gb (0),1,,13,cupy_copy__complex64_complex64
5189004460,12384,350375,1434,1,1,128,1,1,16,0.000,0.000,,,,,NVIDIA A100-SXM4-40GB MIG 4g.20gb (0),1,,13,cupy_copy__complex64_complex64
5189024844,2400,350382,103,1,1,128,1,1,16,0.000,0.000,,,,,NVIDIA A100-SXM4-40GB MIG 4g.20gb (0),1,,13,cupy_copy__complex64_complex64
5189039468,85278,350389,1,1,1,32,32,1,30,0.000,0.000,,,,,NVIDIA A100-SXM4-40GB MIG 4g.20gb (0),1,,13,"void convert_kernel<__half2, float2>(tensor_layout_any, T1 *, tensor_layout_any, const T2 *)"
5189153706,13376,350392,,,,,,,,,,0.094,7004.713,Pinned,Device,NVIDIA A100-SXM4-40GB MIG 4g.20gb (0),1,,13,[CUDA memcpy Host-to-Device]
5189179978,47263,350393,,,,,,,,,,35.810,757666.287,Device,,NVIDIA A100-SXM4-40GB MIG 4g.20gb (0),1,,13,[CUDA memset]
5189233705,6592,350395,,,,,,,,,,0.000,12.136,Pinned,Device,NVIDIA A100-SXM4-40GB MIG 4g.20gb (0),1,,13,[CUDA memcpy Host-to-Device]
5189248073,15712,350396,,,,,,,,,,0.197,12513.116,Pinned,Device,NVIDIA A100-SXM4-40GB MIG 4g.20gb (0),1,,13,[CUDA memcpy Host-to-Device]
5189273545,9568,350397,273,1,1,48,1,1,40,0.000,0.001,,,,,NVIDIA A100-SXM4-40GB MIG 4g.20gb (0),1,,13,"void pusch_noise_intf_est::noiseIntfEstNoDftSOfdmKernel<float, __half, float, float, (unsigned int)2, (unsigned int)1, (unsigned char)4, (unsigned char)4>(pusch_noise_intf_est::puschRxNoiseIntfEstDynDescr)"
5189291912,2656,350408,35,1,1,128,1,1,16,0.000,0.000,,,,,NVIDIA A100-SXM4-40GB MIG 4g.20gb (0),1,,13,cupy_copy__complex64_complex64
5189302760,1696,350417,1,1,1,1,1,1,18,0.000,0.000,,,,,NVIDIA A100-SXM4-40GB MIG 4g.20gb (0),1,,13,cupy_copy__float32_float32
5189310792,7168,350423,,,,,,,,,,0.000,0.558,Device,Pageable,NVIDIA A100-SXM4-40GB MIG 4g.20gb (0),1,,7,[CUDA memcpy Device-to-Host]
5189382951,13184,350434,1434,1,1,128,1,1,16,0.000,0.000,,,,,NVIDIA A100-SXM4-40GB MIG 4g.20gb (0),1,,13,cupy_copy__complex64_complex64
5189412871,2912,350441,103,1,1,128,1,1,16,0.000,0.000,,,,,NVIDIA A100-SXM4-40GB MIG 4g.20gb (0),1,,13,cupy_copy__complex64_complex64
5189431367,2720,350448,35,1,1,128,1,1,16,0.000,0.000,,,,,NVIDIA A100-SXM4-40GB MIG 4g.20gb (0),1,,13,cupy_copy__complex64_complex64
5189448806,1760,350455,1,1,1,1,1,1,18,0.000,0.000,,,,,NVIDIA A100-SXM4-40GB MIG 4g.20gb (0),1,,13,cupy_copy__float32_float32
5189579877,87167,350466,1,1,1,32,32,1,30,0.000,0.000,,,,,NVIDIA A100-SXM4-40GB MIG 4g.20gb (0),1,,13,"void convert_kernel<__half2, float2>(tensor_layout_any, T1 *, tensor_layout_any, const T2 *)"
5189694563,5568,350469,,,,,,,,,,0.094,16827.521,Pinned,Device,NVIDIA A100-SXM4-40GB MIG 4g.20gb (0),1,,13,[CUDA memcpy Host-to-Device]
5189708451,3168,350470,,,,,,,,,,1.547,488201.145,Device,,NVIDIA A100-SXM4-40GB MIG 4g.20gb (0),1,,13,[CUDA memset]
5189715427,3200,350475,,,,,,,,,,0.031,9780.000,Pinned,Device,NVIDIA A100-SXM4-40GB MIG 4g.20gb (0),1,,13,[CUDA memcpy Host-to-Device]
5189721091,9504,350476,,,,,,,,,,0.197,20686.701,Pinned,Device,NVIDIA A100-SXM4-40GB MIG 4g.20gb (0),1,,13,[CUDA memcpy Host-to-Device]
5189735363,6048,350477,273,1,1,8,4,1,39,0.002,0.000,,,,,NVIDIA A100-SXM4-40GB MIG 4g.20gb (0),1,,13,"void channel_eq::eqMmseCoefCompLowMimoKernel<float, float, float, (unsigned int)4, (unsigned int)1, (unsigned int)4>(const channel_eq::_puschRxChEqStatDescr *, channel_eq::_puschRxChEqCoefCompDynDescr)"
5189744035,5696,350478,273,1,1,12,11,1,51,0.002,0.000,,,,,NVIDIA A100-SXM4-40GB MIG 4g.20gb (0),1,,13,"void channel_eq::eqMmseSoftDemapKernel<float, __half, __half, float, (unsigned int)4, (unsigned short)16383>(channel_eq::_puschRxChEqStatDescr *, channel_eq::_puschRxChEqSoftDemapDynDescr)"
5189751523,282364,350479,1,1,1,32,32,1,30,0.000,0.000,,,,,NVIDIA A100-SXM4-40GB MIG 4g.20gb (0),1,,13,"void convert_kernel<float2, __half2>(tensor_layout_any, T1 *, tensor_layout_any, const T2 *)"
5190035135,10912,350491,2253,1,1,128,1,1,16,0.000,0.000,,,,,NVIDIA A100-SXM4-40GB MIG 4g.20gb (0),1,,13,cupy_copy__float16_float16
5190048223,3264,350500,282,1,1,128,1,1,16,0.000,0.000,,,,,NVIDIA A100-SXM4-40GB MIG 4g.20gb (0),1,,13,cupy_copy__complex64_complex64
5190052607,2112,350509,26,1,1,128,1,1,16,0.000,0.000,,,,,NVIDIA A100-SXM4-40GB MIG 4g.20gb (0),1,,13,cupy_copy__float32_float32
5190058015,2784,350518,103,1,1,128,1,1,16,0.000,0.000,,,,,NVIDIA A100-SXM4-40GB MIG 4g.20gb (0),1,,13,cupy_copy__complex64_complex64
5190061759,12704,350528,1434,1,1,128,1,1,16,0.000,0.000,,,,,NVIDIA A100-SXM4-40GB MIG 4g.20gb (0),1,,13,cupy_copy__complex64_complex64
5190085311,86623,350533,1,1,1,32,32,1,30,0.000,0.000,,,,,NVIDIA A100-SXM4-40GB MIG 4g.20gb (0),1,,13,"void convert_kernel<__half2, float2>(tensor_layout_any, T1 *, tensor_layout_any, const T2 *)"
5190198813,5664,350536,,,,,,,,,,0.094,16542.310,Pinned,Device,NVIDIA A100-SXM4-40GB MIG 4g.20gb (0),1,,13,[CUDA memcpy Host-to-Device]
5190209917,596313,350537,,,,,,,,,,456.561,765196.973,Device,,NVIDIA A100-SXM4-40GB MIG 4g.20gb (0),1,,13,[CUDA memset]
5190814038,152670,350542,,,,,,,,,,1.235,8088.883,Pinned,Device,NVIDIA A100-SXM4-40GB MIG 4g.20gb (0),1,,13,[CUDA memcpy Host-to-Device]
5190979700,37151,350543,,,,,,,,,,0.197,5292.098,Pinned,Device,NVIDIA A100-SXM4-40GB MIG 4g.20gb (0),1,,13,[CUDA memcpy Host-to-Device]
5191042323,8192,350544,69,4,1,48,1,1,76,0.002,0.000,,,,,NVIDIA A100-SXM4-40GB MIG 4g.20gb (0),1,,13,"void ch_est::windowedChEstPreNoDftSOfdmKernel<float, __half, float, (unsigned int)2, (unsigned int)1, (unsigned short)4>(ch_est::puschRxChEstStatDescr_t *, ch_est::puschRxChEstDynDescr_t *)"
5191060051,6944,350545,137,2,1,24,2,1,44,0.001,0.001,,,,,NVIDIA A100-SXM4-40GB MIG 4g.20gb (0),1,,13,"void ch_est::chEstFilterNoDftSOfdmDispatchKernel<float, __half, float, (unsigned int)2>(ch_est::puschRxChEstStatDescr_t *, ch_est::puschRxChEstDynDescr_t *)"
5191076978,4736,350546,137,2,1,24,2,1,44,0.001,0.001,,,,,NVIDIA A100-SXM4-40GB MIG 4g.20gb (0),1,,13,"void ch_est::chEstFilterNoDftSOfdmDispatchKernel<float, __half, float, (unsigned int)2>(ch_est::puschRxChEstStatDescr_t *, ch_est::puschRxChEstDynDescr_t *)"
5191095058,2720,350557,103,1,1,128,1,1,16,0.000,0.000,,,,,NVIDIA A100-SXM4-40GB MIG 4g.20gb (0),1,,13,cupy_copy__complex64_complex64
5191112178,12448,350567,1434,1,1,128,1,1,16,0.000,0.000,,,,,NVIDIA A100-SXM4-40GB MIG 4g.20gb (0),1,,13,cupy_copy__complex64_complex64
5191127474,2912,350574,103,1,1,128,1,1,16,0.000,0.000,,,,,NVIDIA A100-SXM4-40GB MIG 4g.20gb (0),1,,13,cupy_copy__complex64_complex64
5191147666,83071,350581,1,1,1,32,32,1,30,0.000,0.000,,,,,NVIDIA A100-SXM4-40GB MIG 4g.20gb (0),1,,13,"void convert_kernel<__half2, float2>(tensor_layout_any, T1 *, tensor_layout_any, const T2 *)"
5191264080,18624,350584,,,,,,,,,,0.094,5030.913,Pinned,Device,NVIDIA A100-SXM4-40GB MIG 4g.20gb (0),1,,13,[CUDA memcpy Host-to-Device]
5191290864,47423,350585,,,,,,,,,,35.810,755087.973,Device,,NVIDIA A100-SXM4-40GB MIG 4g.20gb (0),1,,13,[CUDA memset]
5191345167,3904,350587,,,,,,,,,,0.000,20.492,Pinned,Device,NVIDIA A100-SXM4-40GB MIG 4g.20gb (0),1,,13,[CUDA memcpy Host-to-Device]
5191356687,15232,350588,,,,,,,,,,0.197,12907.512,Pinned,Device,NVIDIA A100-SXM4-40GB MIG 4g.20gb (0),1,,13,[CUDA memcpy Host-to-Device]
5191387311,10047,350589,273,1,1,48,1,1,40,0.000,0.001,,,,,NVIDIA A100-SXM4-40GB MIG 4g.20gb (0),1,,13,"void pusch_noise_intf_est::noiseIntfEstNoDftSOfdmKernel<float, __half, float, float, (unsigned int)2, (unsigned int)1, (unsigned char)4, (unsigned char)4>(pusch_noise_intf_est::puschRxNoiseIntfEstDynDescr)"
5191402158,3680,350600,35,1,1,128,1,1,16,0.000,0.000,,,,,NVIDIA A100-SXM4-40GB MIG 4g.20gb (0),1,,13,cupy_copy__complex64_complex64
5191409710,1888,350609,1,1,1,1,1,1,18,0.000,0.000,,,,,NVIDIA A100-SXM4-40GB MIG 4g.20gb (0),1,,13,cupy_copy__float32_float32
5191416142,5632,350615,,,,,,,,,,0.000,0.710,Device,Pageable,NVIDIA A100-SXM4-40GB MIG 4g.20gb (0),1,,7,[CUDA memcpy Device-to-Host]
5191488813,13056,350626,1434,1,1,128,1,1,16,0.000,0.000,,,,,NVIDIA A100-SXM4-40GB MIG 4g.20gb (0),1,,13,cupy_copy__complex64_complex64
5191517741,3424,350633,103,1,1,128,1,1,16,0.000,0.000,,,,,NVIDIA A100-SXM4-40GB MIG 4g.20gb (0),1,,13,cupy_copy__complex64_complex64
5191541165,2336,350640,35,1,1,128,1,1,16,0.000,0.000,,,,,NVIDIA A100-SXM4-40GB MIG 4g.20gb (0),1,,13,cupy_copy__complex64_complex64
5191557932,1792,350647,1,1,1,1,1,1,18,0.000,0.000,,,,,NVIDIA A100-SXM4-40GB MIG 4g.20gb (0),1,,13,cupy_copy__float32_float32
5191692459,88703,350658,1,1,1,32,32,1,30,0.000,0.000,,,,,NVIDIA A100-SXM4-40GB MIG 4g.20gb (0),1,,13,"void convert_kernel<__half2, float2>(tensor_layout_any, T1 *, tensor_layout_any, const T2 *)"
5191809833,5600,350661,,,,,,,,,,0.094,16731.388,Pinned,Device,NVIDIA A100-SXM4-40GB MIG 4g.20gb (0),1,,13,[CUDA memcpy Host-to-Device]
5191823529,3232,350662,,,,,,,,,,1.547,478533.199,Device,,NVIDIA A100-SXM4-40GB MIG 4g.20gb (0),1,,13,[CUDA memset]
5191830601,3136,350667,,,,,,,,,,0.031,9979.575,Pinned,Device,NVIDIA A100-SXM4-40GB MIG 4g.20gb (0),1,,13,[CUDA memcpy Host-to-Device]
5191836233,10336,350668,,,,,,,,,,0.197,19021.627,Pinned,Device,NVIDIA A100-SXM4-40GB MIG 4g.20gb (0),1,,13,[CUDA memcpy Host-to-Device]
5191852873,8608,350669,273,1,1,8,4,1,39,0.002,0.000,,,,,NVIDIA A100-SXM4-40GB MIG 4g.20gb (0),1,,13,"void channel_eq::eqMmseCoefCompLowMimoKernel<float, float, float, (unsigned int)4, (unsigned int)1, (unsigned int)4>(const channel_eq::_puschRxChEqStatDescr *, channel_eq::_puschRxChEqCoefCompDynDescr)"
5191862665,6080,350670,273,1,1,12,11,1,51,0.002,0.000,,,,,NVIDIA A100-SXM4-40GB MIG 4g.20gb (0),1,,13,"void channel_eq::eqMmseSoftDemapKernel<float, __half, __half, float, (unsigned int)4, (unsigned short)16383>(channel_eq::_puschRxChEqStatDescr *, channel_eq::_puschRxChEqSoftDemapDynDescr)"
5191869801,289308,350671,1,1,1,32,32,1,30,0.000,0.000,,,,,NVIDIA A100-SXM4-40GB MIG 4g.20gb (0),1,,13,"void convert_kernel<float2, __half2>(tensor_layout_any, T1 *, tensor_layout_any, const T2 *)"
5192161669,10944,350683,2253,1,1,128,1,1,16,0.000,0.000,,,,,NVIDIA A100-SXM4-40GB MIG 4g.20gb (0),1,,13,cupy_copy__float16_float16
5192177317,2752,350692,282,1,1,128,1,1,16,0.000,0.000,,,,,NVIDIA A100-SXM4-40GB MIG 4g.20gb (0),1,,13,cupy_copy__complex64_complex64
5192183013,2240,350701,26,1,1,128,1,1,16,0.000,0.000,,,,,NVIDIA A100-SXM4-40GB MIG 4g.20gb (0),1,,13,cupy_copy__float32_float32
5192188101,3680,350710,103,1,1,128,1,1,16,0.000,0.000,,,,,NVIDIA A100-SXM4-40GB MIG 4g.20gb (0),1,,13,cupy_copy__complex64_complex64
5192192837,12320,350720,1434,1,1,128,1,1,16,0.000,0.000,,,,,NVIDIA A100-SXM4-40GB MIG 4g.20gb (0),1,,13,cupy_copy__complex64_complex64
5192207620,82175,350725,1,1,1,32,32,1,30,0.000,0.000,,,,,NVIDIA A100-SXM4-40GB MIG 4g.20gb (0),1,,13,"void convert_kernel<__half2, float2>(tensor_layout_any, T1 *, tensor_layout_any, const T2 *)"
5192318083,6272,350728,,,,,,,,,,0.094,14938.703,Pinned,Device,NVIDIA A100-SXM4-40GB MIG 4g.20gb (0),1,,13,[CUDA memcpy Host-to-Device]
5192328227,596089,350729,,,,,,,,,,456.561,765653.535,Device,,NVIDIA A100-SXM4-40GB MIG 4g.20gb (0),1,,13,[CUDA memset]
5192929276,162558,350734,,,,,,,,,,1.235,7596.141,Pinned,Device,NVIDIA A100-SXM4-40GB MIG 4g.20gb (0),1,,13,[CUDA memcpy Host-to-Device]
5193106233,38912,350735,,,,,,,,,,0.197,5052.629,Pinned,Device,NVIDIA A100-SXM4-40GB MIG 4g.20gb (0),1,,13,[CUDA memcpy Host-to-Device]
5193165561,8256,350736,69,4,1,48,1,1,76,0.002,0.000,,,,,NVIDIA A100-SXM4-40GB MIG 4g.20gb (0),1,,13,"void ch_est::windowedChEstPreNoDftSOfdmKernel<float, __half, float, (unsigned int)2, (unsigned int)1, (unsigned short)4>(ch_est::puschRxChEstStatDescr_t *, ch_est::puschRxChEstDynDescr_t *)"
5193182072,6624,350737,137,2,1,24,2,1,44,0.001,0.001,,,,,NVIDIA A100-SXM4-40GB MIG 4g.20gb (0),1,,13,"void ch_est::chEstFilterNoDftSOfdmDispatchKernel<float, __half, float, (unsigned int)2>(ch_est::puschRxChEstStatDescr_t *, ch_est::puschRxChEstDynDescr_t *)"
5193195800,4832,350738,137,2,1,24,2,1,44,0.001,0.001,,,,,NVIDIA A100-SXM4-40GB MIG 4g.20gb (0),1,,13,"void ch_est::chEstFilterNoDftSOfdmDispatchKernel<float, __half, float, (unsigned int)2>(ch_est::puschRxChEstStatDescr_t *, ch_est::puschRxChEstDynDescr_t *)"
5193209432,2496,350749,103,1,1,128,1,1,16,0.000,0.000,,,,,NVIDIA A100-SXM4-40GB MIG 4g.20gb (0),1,,13,cupy_copy__complex64_complex64
5193224216,12416,350759,1434,1,1,128,1,1,16,0.000,0.000,,,,,NVIDIA A100-SXM4-40GB MIG 4g.20gb (0),1,,13,cupy_copy__complex64_complex64
5193254424,2368,350766,103,1,1,128,1,1,16,0.000,0.000,,,,,NVIDIA A100-SXM4-40GB MIG 4g.20gb (0),1,,13,cupy_copy__complex64_complex64
5193268951,83711,350773,1,1,1,32,32,1,30,0.000,0.000,,,,,NVIDIA A100-SXM4-40GB MIG 4g.20gb (0),1,,13,"void convert_kernel<__half2, float2>(tensor_layout_any, T1 *, tensor_layout_any, const T2 *)"
5193386198,22048,350776,,,,,,,,,,0.094,4249.582,Pinned,Device,NVIDIA A100-SXM4-40GB MIG 4g.20gb (0),1,,13,[CUDA memcpy Host-to-Device]
5193428405,47040,350777,,,,,,,,,,35.810,761247.279,Device,,NVIDIA A100-SXM4-40GB MIG 4g.20gb (0),1,,13,[CUDA memset]
5193482229,11232,350779,,,,,,,,,,0.000,7.122,Pinned,Device,NVIDIA A100-SXM4-40GB MIG 4g.20gb (0),1,,13,[CUDA memcpy Host-to-Device]
5193505268,19872,350780,,,,,,,,,,0.197,9893.708,Pinned,Device,NVIDIA A100-SXM4-40GB MIG 4g.20gb (0),1,,13,[CUDA memcpy Host-to-Device]
5193556692,9504,350781,273,1,1,48,1,1,40,0.000,0.001,,,,,NVIDIA A100-SXM4-40GB MIG 4g.20gb (0),1,,13,"void pusch_noise_intf_est::noiseIntfEstNoDftSOfdmKernel<float, __half, float, float, (unsigned int)2, (unsigned int)1, (unsigned char)4, (unsigned char)4>(pusch_noise_intf_est::puschRxNoiseIntfEstDynDescr)"
5193573780,2720,350792,35,1,1,128,1,1,16,0.000,0.000,,,,,NVIDIA A100-SXM4-40GB MIG 4g.20gb (0),1,,13,cupy_copy__complex64_complex64
5193590195,1728,350801,1,1,1,1,1,1,18,0.000,0.000,,,,,NVIDIA A100-SXM4-40GB MIG 4g.20gb (0),1,,13,cupy_copy__float32_float32
5193596211,5824,350807,,,,,,,,,,0.000,0.687,Device,Pageable,NVIDIA A100-SXM4-40GB MIG 4g.20gb (0),1,,7,[CUDA memcpy Device-to-Host]
5193683858,12864,350818,1434,1,1,128,1,1,16,0.000,0.000,,,,,NVIDIA A100-SXM4-40GB MIG 4g.20gb (0),1,,13,cupy_copy__complex64_complex64
5193712370,2880,350825,103,1,1,128,1,1,16,0.000,0.000,,,,,NVIDIA A100-SXM4-40GB MIG 4g.20gb (0),1,,13,cupy_copy__complex64_complex64
5193729970,2816,350832,35,1,1,128,1,1,16,0.000,0.000,,,,,NVIDIA A100-SXM4-40GB MIG 4g.20gb (0),1,,13,cupy_copy__complex64_complex64
5193744562,1856,350839,1,1,1,1,1,1,18,0.000,0.000,,,,,NVIDIA A100-SXM4-40GB MIG 4g.20gb (0),1,,13,cupy_copy__float32_float32
5193880752,81663,350850,1,1,1,32,32,1,30,0.000,0.000,,,,,NVIDIA A100-SXM4-40GB MIG 4g.20gb (0),1,,13,"void convert_kernel<__half2, float2>(tensor_layout_any, T1 *, tensor_layout_any, const T2 *)"
5193992590,9696,350853,,,,,,,,,,0.094,9663.337,Pinned,Device,NVIDIA A100-SXM4-40GB MIG 4g.20gb (0),1,,13,[CUDA memcpy Host-to-Device]
5194010958,3456,350854,,,,,,,,,,1.547,447517.201,Device,,NVIDIA A100-SXM4-40GB MIG 4g.20gb (0),1,,13,[CUDA memset]
5194021870,5088,350859,,,,,,,,,,0.031,6150.916,Pinned,Device,NVIDIA A100-SXM4-40GB MIG 4g.20gb (0),1,,13,[CUDA memcpy Host-to-Device]
5194029582,17312,350860,,,,,,,,,,0.197,11356.668,Pinned,Device,NVIDIA A100-SXM4-40GB MIG 4g.20gb (0),1,,13,[CUDA memcpy Host-to-Device]
5194057358,8224,350861,273,1,1,8,4,1,39,0.002,0.000,,,,,NVIDIA A100-SXM4-40GB MIG 4g.20gb (0),1,,13,"void channel_eq::eqMmseCoefCompLowMimoKernel<float, float, float, (unsigned int)4, (unsigned int)1, (unsigned int)4>(const channel_eq::_puschRxChEqStatDescr *, channel_eq::_puschRxChEqCoefCompDynDescr)"
5194073357,8000,350862,273,1,1,12,11,1,51,0.002,0.000,,,,,NVIDIA A100-SXM4-40GB MIG 4g.20gb (0),1,,13,"void channel_eq::eqMmseSoftDemapKernel<float, __half, __half, float, (unsigned int)4, (unsigned short)16383>(channel_eq::_puschRxChEqStatDescr *, channel_eq::_puschRxChEqSoftDemapDynDescr)"
5194090093,283197,350863,1,1,1,32,32,1,30,0.000,0.000,,,,,NVIDIA A100-SXM4-40GB MIG 4g.20gb (0),1,,13,"void convert_kernel<float2, __half2>(tensor_layout_any, T1 *, tensor_layout_any, const T2 *)"
5194377098,10912,350875,2253,1,1,128,1,1,16,0.000,0.000,,,,,NVIDIA A100-SXM4-40GB MIG 4g.20gb (0),1,,13,cupy_copy__float16_float16
5194391658,3744,350884,282,1,1,128,1,1,16,0.000,0.000,,,,,NVIDIA A100-SXM4-40GB MIG 4g.20gb (0),1,,13,cupy_copy__complex64_complex64
5194397834,2111,350893,26,1,1,128,1,1,16,0.000,0.000,,,,,NVIDIA A100-SXM4-40GB MIG 4g.20gb (0),1,,13,cupy_copy__float32_float32
5194402825,2880,350902,103,1,1,128,1,1,16,0.000,0.000,,,,,NVIDIA A100-SXM4-40GB MIG 4g.20gb (0),1,,13,cupy_copy__complex64_complex64
5194406825,11968,350912,1434,1,1,128,1,1,16,0.000,0.000,,,,,NVIDIA A100-SXM4-40GB MIG 4g.20gb (0),1,,13,cupy_copy__complex64_complex64
5194423465,82719,350917,1,1,1,32,32,1,30,0.000,0.000,,,,,NVIDIA A100-SXM4-40GB MIG 4g.20gb (0),1,,13,"void convert_kernel<__half2, float2>(tensor_layout_any, T1 *, tensor_layout_any, const T2 *)"
5194532392,5664,350920,,,,,,,,,,0.094,16542.310,Pinned,Device,NVIDIA A100-SXM4-40GB MIG 4g.20gb (0),1,,13,[CUDA memcpy Host-to-Device]
5194543048,597144,350921,,,,,,,,,,456.561,764283.851,Device,,NVIDIA A100-SXM4-40GB MIG 4g.20gb (0),1,,13,[CUDA memset]
5195148256,150750,350926,,,,,,,,,,1.235,8191.384,Pinned,Device,NVIDIA A100-SXM4-40GB MIG 4g.20gb (0),1,,13,[CUDA memcpy Host-to-Device]
5195311646,40672,350927,,,,,,,,,,0.197,4833.804,Pinned,Device,NVIDIA A100-SXM4-40GB MIG 4g.20gb (0),1,,13,[CUDA memcpy Host-to-Device]
5195369406,8191,350928,69,4,1,48,1,1,76,0.002,0.000,,,,,NVIDIA A100-SXM4-40GB MIG 4g.20gb (0),1,,13,"void ch_est::windowedChEstPreNoDftSOfdmKernel<float, __half, float, (unsigned int)2, (unsigned int)1, (unsigned short)4>(ch_est::puschRxChEstStatDescr_t *, ch_est::puschRxChEstDynDescr_t *)"
5195387229,6752,350929,137,2,1,24,2,1,44,0.001,0.001,,,,,NVIDIA A100-SXM4-40GB MIG 4g.20gb (0),1,,13,"void ch_est::chEstFilterNoDftSOfdmDispatchKernel<float, __half, float, (unsigned int)2>(ch_est::puschRxChEstStatDescr_t *, ch_est::puschRxChEstDynDescr_t *)"
5195404413,4896,350930,137,2,1,24,2,1,44,0.001,0.001,,,,,NVIDIA A100-SXM4-40GB MIG 4g.20gb (0),1,,13,"void ch_est::chEstFilterNoDftSOfdmDispatchKernel<float, __half, float, (unsigned int)2>(ch_est::puschRxChEstStatDescr_t *, ch_est::puschRxChEstDynDescr_t *)"
5195420925,2688,350941,103,1,1,128,1,1,16,0.000,0.000,,,,,NVIDIA A100-SXM4-40GB MIG 4g.20gb (0),1,,13,cupy_copy__complex64_complex64
5195437725,12416,350951,1434,1,1,128,1,1,16,0.000,0.000,,,,,NVIDIA A100-SXM4-40GB MIG 4g.20gb (0),1,,13,cupy_copy__complex64_complex64
5195461532,2528,350958,103,1,1,128,1,1,16,0.000,0.000,,,,,NVIDIA A100-SXM4-40GB MIG 4g.20gb (0),1,,13,cupy_copy__complex64_complex64
5195483868,94175,350965,1,1,1,32,32,1,30,0.000,0.000,,,,,NVIDIA A100-SXM4-40GB MIG 4g.20gb (0),1,,13,"void convert_kernel<__half2, float2>(tensor_layout_any, T1 *, tensor_layout_any, const T2 *)"
5195612699,27807,350968,,,,,,,,,,0.094,3369.496,Pinned,Device,NVIDIA A100-SXM4-40GB MIG 4g.20gb (0),1,,13,[CUDA memcpy Host-to-Device]
5195661850,47135,350969,,,,,,,,,,35.810,759707.453,Device,,NVIDIA A100-SXM4-40GB MIG 4g.20gb (0),1,,13,[CUDA memset]
5195713625,12352,350971,,,,,,,,,,0.000,6.477,Pinned,Device,NVIDIA A100-SXM4-40GB MIG 4g.20gb (0),1,,13,[CUDA memcpy Host-to-Device]
5195738425,27744,350972,,,,,,,,,,0.197,7086.342,Pinned,Device,NVIDIA A100-SXM4-40GB MIG 4g.20gb (0),1,,13,[CUDA memcpy Host-to-Device]
5195787960,9056,350973,273,1,1,48,1,1,40,0.000,0.001,,,,,NVIDIA A100-SXM4-40GB MIG 4g.20gb (0),1,,13,"void pusch_noise_intf_est::noiseIntfEstNoDftSOfdmKernel<float, __half, float, float, (unsigned int)2, (unsigned int)1, (unsigned char)4, (unsigned char)4>(pusch_noise_intf_est::puschRxNoiseIntfEstDynDescr)"
5195802040,2784,350984,35,1,1,128,1,1,16,0.000,0.000,,,,,NVIDIA A100-SXM4-40GB MIG 4g.20gb (0),1,,13,cupy_copy__complex64_complex64
5195815608,1696,350993,1,1,1,1,1,1,18,0.000,0.000,,,,,NVIDIA A100-SXM4-40GB MIG 4g.20gb (0),1,,13,cupy_copy__float32_float32
5195819288,4928,350999,,,,,,,,,,0.000,0.812,Device,Pageable,NVIDIA A100-SXM4-40GB MIG 4g.20gb (0),1,,7,[CUDA memcpy Device-to-Host]
5195907639,12960,351010,1434,1,1,128,1,1,16,0.000,0.000,,,,,NVIDIA A100-SXM4-40GB MIG 4g.20gb (0),1,,13,cupy_copy__complex64_complex64
5195939959,3359,351017,103,1,1,128,1,1,16,0.000,0.000,,,,,NVIDIA A100-SXM4-40GB MIG 4g.20gb (0),1,,13,cupy_copy__complex64_complex64
5195945590,2336,351024,35,1,1,128,1,1,16,0.000,0.000,,,,,NVIDIA A100-SXM4-40GB MIG 4g.20gb (0),1,,13,cupy_copy__complex64_complex64
5195971030,1792,351031,1,1,1,1,1,1,18,0.000,0.000,,,,,NVIDIA A100-SXM4-40GB MIG 4g.20gb (0),1,,13,cupy_copy__float32_float32
5196098261,87774,351042,1,1,1,32,32,1,30,0.000,0.000,,,,,NVIDIA A100-SXM4-40GB MIG 4g.20gb (0),1,,13,"void convert_kernel<__half2, float2>(tensor_layout_any, T1 *, tensor_layout_any, const T2 *)"
5196213683,5568,351045,,,,,,,,,,0.094,16827.521,Pinned,Device,NVIDIA A100-SXM4-40GB MIG 4g.20gb (0),1,,13,[CUDA memcpy Host-to-Device]
5196227667,3296,351046,,,,,,,,,,1.547,469242.628,Device,,NVIDIA A100-SXM4-40GB MIG 4g.20gb (0),1,,13,[CUDA memset]
5196234867,3616,351051,,,,,,,,,,0.031,8654.846,Pinned,Device,NVIDIA A100-SXM4-40GB MIG 4g.20gb (0),1,,13,[CUDA memcpy Host-to-Device]
5196241363,9568,351052,,,,,,,,,,0.197,20548.485,Pinned,Device,NVIDIA A100-SXM4-40GB MIG 4g.20gb (0),1,,13,[CUDA memcpy Host-to-Device]
5196255795,6016,351053,273,1,1,8,4,1,39,0.002,0.000,,,,,NVIDIA A100-SXM4-40GB MIG 4g.20gb (0),1,,13,"void channel_eq::eqMmseCoefCompLowMimoKernel<float, float, float, (unsigned int)4, (unsigned int)1, (unsigned int)4>(const channel_eq::_puschRxChEqStatDescr *, channel_eq::_puschRxChEqCoefCompDynDescr)"
5196265106,7328,351054,273,1,1,12,11,1,51,0.002,0.000,,,,,NVIDIA A100-SXM4-40GB MIG 4g.20gb (0),1,,13,"void channel_eq::eqMmseSoftDemapKernel<float, __half, __half, float, (unsigned int)4, (unsigned short)16383>(channel_eq::_puschRxChEqStatDescr *, channel_eq::_puschRxChEqSoftDemapDynDescr)"
5196275506,294493,351055,1,1,1,32,32,1,30,0.000,0.000,,,,,NVIDIA A100-SXM4-40GB MIG 4g.20gb (0),1,,13,"void convert_kernel<float2, __half2>(tensor_layout_any, T1 *, tensor_layout_any, const T2 *)"
5196572047,10976,351067,2253,1,1,128,1,1,16,0.000,0.000,,,,,NVIDIA A100-SXM4-40GB MIG 4g.20gb (0),1,,13,cupy_copy__float16_float16
5196584399,3200,351076,282,1,1,128,1,1,16,0.000,0.000,,,,,NVIDIA A100-SXM4-40GB MIG 4g.20gb (0),1,,13,cupy_copy__complex64_complex64
5196589870,2304,351085,26,1,1,128,1,1,16,0.000,0.000,,,,,NVIDIA A100-SXM4-40GB MIG 4g.20gb (0),1,,13,cupy_copy__float32_float32
5196595598,4768,351094,103,1,1,128,1,1,16,0.000,0.000,,,,,NVIDIA A100-SXM4-40GB MIG 4g.20gb (0),1,,13,cupy_copy__complex64_complex64
5196603022,12192,351104,1434,1,1,128,1,1,16,0.000,0.000,,,,,NVIDIA A100-SXM4-40GB MIG 4g.20gb (0),1,,13,cupy_copy__complex64_complex64
5196618734,80287,351109,1,1,1,32,32,1,30,0.000,0.000,,,,,NVIDIA A100-SXM4-40GB MIG 4g.20gb (0),1,,13,"void convert_kernel<__half2, float2>(tensor_layout_any, T1 *, tensor_layout_any, const T2 *)"
5196725613,5664,351112,,,,,,,,,,0.094,16542.310,Pinned,Device,NVIDIA A100-SXM4-40GB MIG 4g.20gb (0),1,,13,[CUDA memcpy Host-to-Device]
5196735725,597560,351113,,,,,,,,,,456.561,763827.289,Device,,NVIDIA A100-SXM4-40GB MIG 4g.20gb (0),1,,13,[CUDA memset]
5197341637,112575,351118,,,,,,,,,,1.235,10968.773,Pinned,Device,NVIDIA A100-SXM4-40GB MIG 4g.20gb (0),1,,13,[CUDA memcpy Host-to-Device]
5197459300,21728,351119,,,,,,,,,,0.197,9048.490,Pinned,Device,NVIDIA A100-SXM4-40GB MIG 4g.20gb (0),1,,13,[CUDA memcpy Host-to-Device]
5197490435,9408,351120,69,4,1,48,1,1,76,0.002,0.000,,,,,NVIDIA A100-SXM4-40GB MIG 4g.20gb (0),1,,13,"void ch_est::windowedChEstPreNoDftSOfdmKernel<float, __half, float, (unsigned int)2, (unsigned int)1, (unsigned short)4>(ch_est::puschRxChEstStatDescr_t *, ch_est::puschRxChEstDynDescr_t *)"
5197505603,6112,351121,137,2,1,24,2,1,44,0.001,0.001,,,,,NVIDIA A100-SXM4-40GB MIG 4g.20gb (0),1,,13,"void ch_est::chEstFilterNoDftSOfdmDispatchKernel<float, __half, float, (unsigned int)2>(ch_est::puschRxChEstStatDescr_t *, ch_est::puschRxChEstDynDescr_t *)"
5197513923,4960,351122,137,2,1,24,2,1,44,0.001,0.001,,,,,NVIDIA A100-SXM4-40GB MIG 4g.20gb (0),1,,13,"void ch_est::chEstFilterNoDftSOfdmDispatchKernel<float, __half, float, (unsigned int)2>(ch_est::puschRxChEstStatDescr_t *, ch_est::puschRxChEstDynDescr_t *)"
5197521603,2656,351133,103,1,1,128,1,1,16,0.000,0.000,,,,,NVIDIA A100-SXM4-40GB MIG 4g.20gb (0),1,,13,cupy_copy__complex64_complex64
5197529283,12992,351143,1434,1,1,128,1,1,16,0.000,0.000,,,,,NVIDIA A100-SXM4-40GB MIG 4g.20gb (0),1,,13,cupy_copy__complex64_complex64
5197544707,2560,351150,103,1,1,128,1,1,16,0.000,0.000,,,,,NVIDIA A100-SXM4-40GB MIG 4g.20gb (0),1,,13,cupy_copy__complex64_complex64
5197554147,89375,351157,1,1,1,32,32,1,30,0.000,0.000,,,,,NVIDIA A100-SXM4-40GB MIG 4g.20gb (0),1,,13,"void convert_kernel<__half2, float2>(tensor_layout_any, T1 *, tensor_layout_any, const T2 *)"
5197673569,13376,351160,,,,,,,,,,0.094,7004.713,Pinned,Device,NVIDIA A100-SXM4-40GB MIG 4g.20gb (0),1,,13,[CUDA memcpy Host-to-Device]
5197697057,46367,351161,,,,,,,,,,35.810,772312.545,Device,,NVIDIA A100-SXM4-40GB MIG 4g.20gb (0),1,,13,[CUDA memset]
5197744288,7488,351163,,,,,,,,,,0.000,10.684,Pinned,Device,NVIDIA A100-SXM4-40GB MIG 4g.20gb (0),1,,13,[CUDA memcpy Host-to-Device]
5197756576,15072,351164,,,,,,,,,,0.197,13044.548,Pinned,Device,NVIDIA A100-SXM4-40GB MIG 4g.20gb (0),1,,13,[CUDA memcpy Host-to-Device]
5197780576,10496,351165,273,1,1,48,1,1,40,0.000,0.001,,,,,NVIDIA A100-SXM4-40GB MIG 4g.20gb (0),1,,13,"void pusch_noise_intf_est::noiseIntfEstNoDftSOfdmKernel<float, __half, float, float, (unsigned int)2, (unsigned int)1, (unsigned char)4, (unsigned char)4>(pusch_noise_intf_est::puschRxNoiseIntfEstDynDescr)"
5197798048,2592,351176,35,1,1,128,1,1,16,0.000,0.000,,,,,NVIDIA A100-SXM4-40GB MIG 4g.20gb (0),1,,13,cupy_copy__complex64_complex64
5197810079,1728,351185,1,1,1,1,1,1,18,0.000,0.000,,,,,NVIDIA A100-SXM4-40GB MIG 4g.20gb (0),1,,13,cupy_copy__float32_float32
5197826719,6816,351191,,,,,,,,,,0.000,0.587,Device,Pageable,NVIDIA A100-SXM4-40GB MIG 4g.20gb (0),1,,7,[CUDA memcpy Device-to-Host]
5197906590,12928,351202,1434,1,1,128,1,1,16,0.000,0.000,,,,,NVIDIA A100-SXM4-40GB MIG 4g.20gb (0),1,,13,cupy_copy__complex64_complex64
5197937310,3456,351209,103,1,1,128,1,1,16,0.000,0.000,,,,,NVIDIA A100-SXM4-40GB MIG 4g.20gb (0),1,,13,cupy_copy__complex64_complex64
5197960190,2560,351216,35,1,1,128,1,1,16,0.000,0.000,,,,,NVIDIA A100-SXM4-40GB MIG 4g.20gb (0),1,,13,cupy_copy__complex64_complex64
5197972253,1984,351223,1,1,1,1,1,1,18,0.000,0.000,,,,,NVIDIA A100-SXM4-40GB MIG 4g.20gb (0),1,,13,cupy_copy__float32_float32
5198100828,87359,351234,1,1,1,32,32,1,30,0.000,0.000,,,,,NVIDIA A100-SXM4-40GB MIG 4g.20gb (0),1,,13,"void convert_kernel<__half2, float2>(tensor_layout_any, T1 *, tensor_layout_any, const T2 *)"
5198215770,5568,351237,,,,,,,,,,0.094,16827.521,Pinned,Device,NVIDIA A100-SXM4-40GB MIG 4g.20gb (0),1,,13,[CUDA memcpy Host-to-Device]
5198229722,3392,351238,,,,,,,,,,1.547,455961.768,Device,,NVIDIA A100-SXM4-40GB MIG 4g.20gb (0),1,,13,[CUDA memset]
5198236474,3040,351243,,,,,,,,,,0.031,10294.725,Pinned,Device,NVIDIA A100-SXM4-40GB MIG 4g.20gb (0),1,,13,[CUDA memcpy Host-to-Device]
5198241946,9632,351244,,,,,,,,,,0.197,20411.843,Pinned,Device,NVIDIA A100-SXM4-40GB MIG 4g.20gb (0),1,,13,[CUDA memcpy Host-to-Device]
5198257274,6336,351245,273,1,1,8,4,1,39,0.002,0.000,,,,,NVIDIA A100-SXM4-40GB MIG 4g.20gb (0),1,,13,"void channel_eq::eqMmseCoefCompLowMimoKernel<float, float, float, (unsigned int)4, (unsigned int)1, (unsigned int)4>(const channel_eq::_puschRxChEqStatDescr *, channel_eq::_puschRxChEqCoefCompDynDescr)"
5198264602,5888,351246,273,1,1,12,11,1,51,0.002,0.000,,,,,NVIDIA A100-SXM4-40GB MIG 4g.20gb (0),1,,13,"void channel_eq::eqMmseSoftDemapKernel<float, __half, __half, float, (unsigned int)4, (unsigned short)16383>(channel_eq::_puschRxChEqStatDescr *, channel_eq::_puschRxChEqSoftDemapDynDescr)"
5198271418,282300,351247,1,1,1,32,32,1,30,0.000,0.000,,,,,NVIDIA A100-SXM4-40GB MIG 4g.20gb (0),1,,13,"void convert_kernel<float2, __half2>(tensor_layout_any, T1 *, tensor_layout_any, const T2 *)"
5198555478,11008,351259,2253,1,1,128,1,1,16,0.000,0.000,,,,,NVIDIA A100-SXM4-40GB MIG 4g.20gb (0),1,,13,cupy_copy__float16_float16
5198568406,3552,351268,282,1,1,128,1,1,16,0.000,0.000,,,,,NVIDIA A100-SXM4-40GB MIG 4g.20gb (0),1,,13,cupy_copy__complex64_complex64
5198575702,2176,351277,26,1,1,128,1,1,16,0.000,0.000,,,,,NVIDIA A100-SXM4-40GB MIG 4g.20gb (0),1,,13,cupy_copy__float32_float32
5198581846,5056,351286,103,1,1,128,1,1,16,0.000,0.000,,,,,NVIDIA A100-SXM4-40GB MIG 4g.20gb (0),1,,13,cupy_copy__complex64_complex64
5198587894,12320,351296,1434,1,1,128,1,1,16,0.000,0.000,,,,,NVIDIA A100-SXM4-40GB MIG 4g.20gb (0),1,,13,cupy_copy__complex64_complex64
5198609110,81759,351301,1,1,1,32,32,1,30,0.000,0.000,,,,,NVIDIA A100-SXM4-40GB MIG 4g.20gb (0),1,,13,"void convert_kernel<__half2, float2>(tensor_layout_any, T1 *, tensor_layout_any, const T2 *)"
5198717876,5824,351304,,,,,,,,,,0.094,16087.884,Pinned,Device,NVIDIA A100-SXM4-40GB MIG 4g.20gb (0),1,,13,[CUDA memcpy Host-to-Device]
5198730548,597465,351305,,,,,,,,,,456.561,763827.289,Device,,NVIDIA A100-SXM4-40GB MIG 4g.20gb (0),1,,13,[CUDA memset]
5199336077,140862,351310,,,,,,,,,,1.235,8766.867,Pinned,Device,NVIDIA A100-SXM4-40GB MIG 4g.20gb (0),1,,13,[CUDA memcpy Host-to-Device]
5199489259,40895,351311,,,,,,,,,,0.197,4807.459,Pinned,Device,NVIDIA A100-SXM4-40GB MIG 4g.20gb (0),1,,13,[CUDA memcpy Host-to-Device]
5199549002,8224,351312,69,4,1,48,1,1,76,0.002,0.000,,,,,NVIDIA A100-SXM4-40GB MIG 4g.20gb (0),1,,13,"void ch_est::windowedChEstPreNoDftSOfdmKernel<float, __half, float, (unsigned int)2, (unsigned int)1, (unsigned short)4>(ch_est::puschRxChEstStatDescr_t *, ch_est::puschRxChEstDynDescr_t *)"
5199564234,6976,351313,137,2,1,24,2,1,44,0.001,0.001,,,,,NVIDIA A100-SXM4-40GB MIG 4g.20gb (0),1,,13,"void ch_est::chEstFilterNoDftSOfdmDispatchKernel<float, __half, float, (unsigned int)2>(ch_est::puschRxChEstStatDescr_t *, ch_est::puschRxChEstDynDescr_t *)"
5199578026,4768,351314,137,2,1,24,2,1,44,0.001,0.001,,,,,NVIDIA A100-SXM4-40GB MIG 4g.20gb (0),1,,13,"void ch_est::chEstFilterNoDftSOfdmDispatchKernel<float, __half, float, (unsigned int)2>(ch_est::puschRxChEstStatDescr_t *, ch_est::puschRxChEstDynDescr_t *)"
5199592617,2592,351325,103,1,1,128,1,1,16,0.000,0.000,,,,,NVIDIA A100-SXM4-40GB MIG 4g.20gb (0),1,,13,cupy_copy__complex64_complex64
5199605481,12832,351335,1434,1,1,128,1,1,16,0.000,0.000,,,,,NVIDIA A100-SXM4-40GB MIG 4g.20gb (0),1,,13,cupy_copy__complex64_complex64
5199626089,2624,351342,103,1,1,128,1,1,16,0.000,0.000,,,,,NVIDIA A100-SXM4-40GB MIG 4g.20gb (0),1,,13,cupy_copy__complex64_complex64
5199632361,83999,351349,1,1,1,32,32,1,30,0.000,0.000,,,,,NVIDIA A100-SXM4-40GB MIG 4g.20gb (0),1,,13,"void convert_kernel<__half2, float2>(tensor_layout_any, T1 *, tensor_layout_any, const T2 *)"
5199744232,5856,351352,,,,,,,,,,0.094,15999.997,Pinned,Device,NVIDIA A100-SXM4-40GB MIG 4g.20gb (0),1,,13,[CUDA memcpy Host-to-Device]
5199757831,47136,351353,,,,,,,,,,35.810,759707.453,Device,,NVIDIA A100-SXM4-40GB MIG 4g.20gb (0),1,,13,[CUDA memset]
5199811495,4864,351355,,,,,,,,,,0.000,16.447,Pinned,Device,NVIDIA A100-SXM4-40GB MIG 4g.20gb (0),1,,13,[CUDA memcpy Host-to-Device]
5199821223,13984,351356,,,,,,,,,,0.197,14059.438,Pinned,Device,NVIDIA A100-SXM4-40GB MIG 4g.20gb (0),1,,13,[CUDA memcpy Host-to-Device]
5199843430,13088,351357,273,1,1,48,1,1,40,0.000,0.001,,,,,NVIDIA A100-SXM4-40GB MIG 4g.20gb (0),1,,13,"void pusch_noise_intf_est::noiseIntfEstNoDftSOfdmKernel<float, __half, float, float, (unsigned int)2, (unsigned int)1, (unsigned char)4, (unsigned char)4>(pusch_noise_intf_est::puschRxNoiseIntfEstDynDescr)"
5199861062,3104,351368,35,1,1,128,1,1,16,0.000,0.000,,,,,NVIDIA A100-SXM4-40GB MIG 4g.20gb (0),1,,13,cupy_copy__complex64_complex64
5199867206,1984,351377,1,1,1,1,1,1,18,0.000,0.000,,,,,NVIDIA A100-SXM4-40GB MIG 4g.20gb (0),1,,13,cupy_copy__float32_float32
5199896550,1824,351383,,,,,,,,,,0.000,2.193,Device,Pageable,NVIDIA A100-SXM4-40GB MIG 4g.20gb (0),1,,7,[CUDA memcpy Device-to-Host]
5199957093,12704,351394,1434,1,1,128,1,1,16,0.000,0.000,,,,,NVIDIA A100-SXM4-40GB MIG 4g.20gb (0),1,,13,cupy_copy__complex64_complex64
5199983845,2720,351401,103,1,1,128,1,1,16,0.000,0.000,,,,,NVIDIA A100-SXM4-40GB MIG 4g.20gb (0),1,,13,cupy_copy__complex64_complex64
5200005188,2336,351408,35,1,1,128,1,1,16,0.000,0.000,,,,,NVIDIA A100-SXM4-40GB MIG 4g.20gb (0),1,,13,cupy_copy__complex64_complex64
5200022468,1984,351415,1,1,1,1,1,1,18,0.000,0.000,,,,,NVIDIA A100-SXM4-40GB MIG 4g.20gb (0),1,,13,cupy_copy__float32_float32
5200155907,82463,351426,1,1,1,32,32,1,30,0.000,0.000,,,,,NVIDIA A100-SXM4-40GB MIG 4g.20gb (0),1,,13,"void convert_kernel<__half2, float2>(tensor_layout_any, T1 *, tensor_layout_any, const T2 *)"
5200265729,5760,351429,,,,,,,,,,0.094,16266.656,Pinned,Device,NVIDIA A100-SXM4-40GB MIG 4g.20gb (0),1,,13,[CUDA memcpy Host-to-Device]
5200279873,3232,351430,,,,,,,,,,1.547,478533.199,Device,,NVIDIA A100-SXM4-40GB MIG 4g.20gb (0),1,,13,[CUDA memset]
5200286529,3456,351435,,,,,,,,,,0.031,9055.529,Pinned,Device,NVIDIA A100-SXM4-40GB MIG 4g.20gb (0),1,,13,[CUDA memcpy Host-to-Device]
5200292385,10016,351436,,,,,,,,,,0.197,19629.343,Pinned,Device,NVIDIA A100-SXM4-40GB MIG 4g.20gb (0),1,,13,[CUDA memcpy Host-to-Device]
5200307361,6336,351437,273,1,1,8,4,1,39,0.002,0.000,,,,,NVIDIA A100-SXM4-40GB MIG 4g.20gb (0),1,,13,"void channel_eq::eqMmseCoefCompLowMimoKernel<float, float, float, (unsigned int)4, (unsigned int)1, (unsigned int)4>(const channel_eq::_puschRxChEqStatDescr *, channel_eq::_puschRxChEqCoefCompDynDescr)"
5200314753,6144,351438,273,1,1,12,11,1,51,0.002,0.000,,,,,NVIDIA A100-SXM4-40GB MIG 4g.20gb (0),1,,13,"void channel_eq::eqMmseSoftDemapKernel<float, __half, __half, float, (unsigned int)4, (unsigned short)16383>(channel_eq::_puschRxChEqStatDescr *, channel_eq::_puschRxChEqSoftDemapDynDescr)"
5200321889,282684,351439,1,1,1,32,32,1,30,0.000,0.000,,,,,NVIDIA A100-SXM4-40GB MIG 4g.20gb (0),1,,13,"void convert_kernel<float2, __half2>(tensor_layout_any, T1 *, tensor_layout_any, const T2 *)"
5200607901,11040,351451,2253,1,1,128,1,1,16,0.000,0.000,,,,,NVIDIA A100-SXM4-40GB MIG 4g.20gb (0),1,,13,cupy_copy__float16_float16
5200620573,3520,351460,282,1,1,128,1,1,16,0.000,0.000,,,,,NVIDIA A100-SXM4-40GB MIG 4g.20gb (0),1,,13,cupy_copy__complex64_complex64
5200626173,2080,351469,26,1,1,128,1,1,16,0.000,0.000,,,,,NVIDIA A100-SXM4-40GB MIG 4g.20gb (0),1,,13,cupy_copy__float32_float32
5200631517,3328,351478,103,1,1,128,1,1,16,0.000,0.000,,,,,NVIDIA A100-SXM4-40GB MIG 4g.20gb (0),1,,13,cupy_copy__complex64_complex64
5200637789,12639,351488,1434,1,1,128,1,1,16,0.000,0.000,,,,,NVIDIA A100-SXM4-40GB MIG 4g.20gb (0),1,,13,cupy_copy__complex64_complex64
5200658332,81951,351493,1,1,1,32,32,1,30,0.000,0.000,,,,,NVIDIA A100-SXM4-40GB MIG 4g.20gb (0),1,,13,"void convert_kernel<__half2, float2>(tensor_layout_any, T1 *, tensor_layout_any, const T2 *)"
5200767899,5792,351496,,,,,,,,,,0.094,16176.708,Pinned,Device,NVIDIA A100-SXM4-40GB MIG 4g.20gb (0),1,,13,[CUDA memcpy Host-to-Device]
5200778395,598617,351497,,,,,,,,,,456.561,762457.605,Device,,NVIDIA A100-SXM4-40GB MIG 4g.20gb (0),1,,13,[CUDA memset]
5201384403,136735,351502,,,,,,,,,,1.235,9031.145,Pinned,Device,NVIDIA A100-SXM4-40GB MIG 4g.20gb (0),1,,13,[CUDA memcpy Host-to-Device]
5201537650,40607,351503,,,,,,,,,,0.197,4841.669,Pinned,Device,NVIDIA A100-SXM4-40GB MIG 4g.20gb (0),1,,13,[CUDA memcpy Host-to-Device]
5201608241,8096,351504,69,4,1,48,1,1,76,0.002,0.000,,,,,NVIDIA A100-SXM4-40GB MIG 4g.20gb (0),1,,13,"void ch_est::windowedChEstPreNoDftSOfdmKernel<float, __half, float, (unsigned int)2, (unsigned int)1, (unsigned short)4>(ch_est::puschRxChEstStatDescr_t *, ch_est::puschRxChEstDynDescr_t *)"
5201627696,6656,351505,137,2,1,24,2,1,44,0.001,0.001,,,,,NVIDIA A100-SXM4-40GB MIG 4g.20gb (0),1,,13,"void ch_est::chEstFilterNoDftSOfdmDispatchKernel<float, __half, float, (unsigned int)2>(ch_est::puschRxChEstStatDescr_t *, ch_est::puschRxChEstDynDescr_t *)"
5201644496,4736,351506,137,2,1,24,2,1,44,0.001,0.001,,,,,NVIDIA A100-SXM4-40GB MIG 4g.20gb (0),1,,13,"void ch_est::chEstFilterNoDftSOfdmDispatchKernel<float, __half, float, (unsigned int)2>(ch_est::puschRxChEstStatDescr_t *, ch_est::puschRxChEstDynDescr_t *)"
5201661680,2496,351517,103,1,1,128,1,1,16,0.000,0.000,,,,,NVIDIA A100-SXM4-40GB MIG 4g.20gb (0),1,,13,cupy_copy__complex64_complex64
5201679184,12448,351527,1434,1,1,128,1,1,16,0.000,0.000,,,,,NVIDIA A100-SXM4-40GB MIG 4g.20gb (0),1,,13,cupy_copy__complex64_complex64
5201698672,2912,351534,103,1,1,128,1,1,16,0.000,0.000,,,,,NVIDIA A100-SXM4-40GB MIG 4g.20gb (0),1,,13,cupy_copy__complex64_complex64
5201717807,88639,351541,1,1,1,32,32,1,30,0.000,0.000,,,,,NVIDIA A100-SXM4-40GB MIG 4g.20gb (0),1,,13,"void convert_kernel<__half2, float2>(tensor_layout_any, T1 *, tensor_layout_any, const T2 *)"
5201840686,21824,351544,,,,,,,,,,0.094,4293.244,Pinned,Device,NVIDIA A100-SXM4-40GB MIG 4g.20gb (0),1,,13,[CUDA memcpy Host-to-Device]
5201879629,46912,351545,,,,,,,,,,35.810,763324.255,Device,,NVIDIA A100-SXM4-40GB MIG 4g.20gb (0),1,,13,[CUDA memset]
5201929325,18527,351547,,,,,,,,,,0.000,4.318,Pinned,Device,NVIDIA A100-SXM4-40GB MIG 4g.20gb (0),1,,13,[CUDA memcpy Host-to-Device]
5201959916,18464,351548,,,,,,,,,,0.197,10648.093,Pinned,Device,NVIDIA A100-SXM4-40GB MIG 4g.20gb (0),1,,13,[CUDA memcpy Host-to-Device]
5201994188,9920,351549,273,1,1,48,1,1,40,0.000,0.001,,,,,NVIDIA A100-SXM4-40GB MIG 4g.20gb (0),1,,13,"void pusch_noise_intf_est::noiseIntfEstNoDftSOfdmKernel<float, __half, float, float, (unsigned int)2, (unsigned int)1, (unsigned char)4, (unsigned char)4>(pusch_noise_intf_est::puschRxNoiseIntfEstDynDescr)"
5202012844,2816,351560,35,1,1,128,1,1,16,0.000,0.000,,,,,NVIDIA A100-SXM4-40GB MIG 4g.20gb (0),1,,13,cupy_copy__complex64_complex64
5202022380,1728,351569,1,1,1,1,1,1,18,0.000,0.000,,,,,NVIDIA A100-SXM4-40GB MIG 4g.20gb (0),1,,13,cupy_copy__float32_float32
5202025100,2335,351575,,,,,,,,,,0.000,1.713,Device,Pageable,NVIDIA A100-SXM4-40GB MIG 4g.20gb (0),1,,7,[CUDA memcpy Device-to-Host]
5202089899,12704,351586,1434,1,1,128,1,1,16,0.000,0.000,,,,,NVIDIA A100-SXM4-40GB MIG 4g.20gb (0),1,,13,cupy_copy__complex64_complex64
5202116842,2752,351593,103,1,1,128,1,1,16,0.000,0.000,,,,,NVIDIA A100-SXM4-40GB MIG 4g.20gb (0),1,,13,cupy_copy__complex64_complex64
5202137258,2336,351600,35,1,1,128,1,1,16,0.000,0.000,,,,,NVIDIA A100-SXM4-40GB MIG 4g.20gb (0),1,,13,cupy_copy__complex64_complex64
5202157610,1856,351607,1,1,1,1,1,1,18,0.000,0.000,,,,,NVIDIA A100-SXM4-40GB MIG 4g.20gb (0),1,,13,cupy_copy__float32_float32
5202288520,87519,351618,1,1,1,32,32,1,30,0.000,0.000,,,,,NVIDIA A100-SXM4-40GB MIG 4g.20gb (0),1,,13,"void convert_kernel<__half2, float2>(tensor_layout_any, T1 *, tensor_layout_any, const T2 *)"
5202403911,5728,351621,,,,,,,,,,0.094,16357.541,Pinned,Device,NVIDIA A100-SXM4-40GB MIG 4g.20gb (0),1,,13,[CUDA memcpy Host-to-Device]
5202417927,3456,351622,,,,,,,,,,1.547,447517.201,Device,,NVIDIA A100-SXM4-40GB MIG 4g.20gb (0),1,,13,[CUDA memset]
5202425063,3136,351627,,,,,,,,,,0.031,9979.575,Pinned,Device,NVIDIA A100-SXM4-40GB MIG 4g.20gb (0),1,,13,[CUDA memcpy Host-to-Device]
5202431655,9375,351628,,,,,,,,,,0.197,20971.389,Pinned,Device,NVIDIA A100-SXM4-40GB MIG 4g.20gb (0),1,,13,[CUDA memcpy Host-to-Device]
5202446534,6336,351629,273,1,1,8,4,1,39,0.002,0.000,,,,,NVIDIA A100-SXM4-40GB MIG 4g.20gb (0),1,,13,"void channel_eq::eqMmseCoefCompLowMimoKernel<float, float, float, (unsigned int)4, (unsigned int)1, (unsigned int)4>(const channel_eq::_puschRxChEqStatDescr *, channel_eq::_puschRxChEqCoefCompDynDescr)"
5202455622,5472,351630,273,1,1,12,11,1,51,0.002,0.000,,,,,NVIDIA A100-SXM4-40GB MIG 4g.20gb (0),1,,13,"void channel_eq::eqMmseSoftDemapKernel<float, __half, __half, float, (unsigned int)4, (unsigned short)16383>(channel_eq::_puschRxChEqStatDescr *, channel_eq::_puschRxChEqSoftDemapDynDescr)"
5202462438,280349,351631,1,1,1,32,32,1,30,0.000,0.000,,,,,NVIDIA A100-SXM4-40GB MIG 4g.20gb (0),1,,13,"void convert_kernel<float2, __half2>(tensor_layout_any, T1 *, tensor_layout_any, const T2 *)"
5202744259,11008,351643,2253,1,1,128,1,1,16,0.000,0.000,,,,,NVIDIA A100-SXM4-40GB MIG 4g.20gb (0),1,,13,cupy_copy__float16_float16
5202759426,2784,351652,282,1,1,128,1,1,16,0.000,0.000,,,,,NVIDIA A100-SXM4-40GB MIG 4g.20gb (0),1,,13,cupy_copy__complex64_complex64
5202766370,2048,351661,26,1,1,128,1,1,16,0.000,0.000,,,,,NVIDIA A100-SXM4-40GB MIG 4g.20gb (0),1,,13,cupy_copy__float32_float32
5202770818,4736,351670,103,1,1,128,1,1,16,0.000,0.000,,,,,NVIDIA A100-SXM4-40GB MIG 4g.20gb (0),1,,13,cupy_copy__complex64_complex64
5202779618,12192,351680,1434,1,1,128,1,1,16,0.000,0.000,,,,,NVIDIA A100-SXM4-40GB MIG 4g.20gb (0),1,,13,cupy_copy__complex64_complex64
5202796418,81887,351685,1,1,1,32,32,1,30,0.000,0.000,,,,,NVIDIA A100-SXM4-40GB MIG 4g.20gb (0),1,,13,"void convert_kernel<__half2, float2>(tensor_layout_any, T1 *, tensor_layout_any, const T2 *)"
5202907297,5440,351688,,,,,,,,,,0.094,17223.480,Pinned,Device,NVIDIA A100-SXM4-40GB MIG 4g.20gb (0),1,,13,[CUDA memcpy Host-to-Device]
5202917985,597144,351689,,,,,,,,,,456.561,764283.851,Device,,NVIDIA A100-SXM4-40GB MIG 4g.20gb (0),1,,13,[CUDA memset]
5203515609,144990,351694,,,,,,,,,,1.235,8517.409,Pinned,Device,NVIDIA A100-SXM4-40GB MIG 4g.20gb (0),1,,13,[CUDA memcpy Host-to-Device]
5203670423,42240,351695,,,,,,,,,,0.197,4654.498,Pinned,Device,NVIDIA A100-SXM4-40GB MIG 4g.20gb (0),1,,13,[CUDA memcpy Host-to-Device]
5203740342,8384,351696,69,4,1,48,1,1,76,0.002,0.000,,,,,NVIDIA A100-SXM4-40GB MIG 4g.20gb (0),1,,13,"void ch_est::windowedChEstPreNoDftSOfdmKernel<float, __half, float, (unsigned int)2, (unsigned int)1, (unsigned short)4>(ch_est::puschRxChEstStatDescr_t *, ch_est::puschRxChEstDynDescr_t *)"
5203759542,6752,351697,137,2,1,24,2,1,44,0.001,0.001,,,,,NVIDIA A100-SXM4-40GB MIG 4g.20gb (0),1,,13,"void ch_est::chEstFilterNoDftSOfdmDispatchKernel<float, __half, float, (unsigned int)2>(ch_est::puschRxChEstStatDescr_t *, ch_est::puschRxChEstDynDescr_t *)"
5203776438,4800,351698,137,2,1,24,2,1,44,0.001,0.001,,,,,NVIDIA A100-SXM4-40GB MIG 4g.20gb (0),1,,13,"void ch_est::chEstFilterNoDftSOfdmDispatchKernel<float, __half, float, (unsigned int)2>(ch_est::puschRxChEstStatDescr_t *, ch_est::puschRxChEstDynDescr_t *)"
5203793814,2656,351709,103,1,1,128,1,1,16,0.000,0.000,,,,,NVIDIA A100-SXM4-40GB MIG 4g.20gb (0),1,,13,cupy_copy__complex64_complex64
5203810262,12479,351719,1434,1,1,128,1,1,16,0.000,0.000,,,,,NVIDIA A100-SXM4-40GB MIG 4g.20gb (0),1,,13,cupy_copy__complex64_complex64
5203831893,2912,351726,103,1,1,128,1,1,16,0.000,0.000,,,,,NVIDIA A100-SXM4-40GB MIG 4g.20gb (0),1,,13,cupy_copy__complex64_complex64
5203855093,84511,351733,1,1,1,32,32,1,30,0.000,0.000,,,,,NVIDIA A100-SXM4-40GB MIG 4g.20gb (0),1,,13,"void convert_kernel<__half2, float2>(tensor_layout_any, T1 *, tensor_layout_any, const T2 *)"
5203972692,26143,351736,,,,,,,,,,0.094,3583.966,Pinned,Device,NVIDIA A100-SXM4-40GB MIG 4g.20gb (0),1,,13,[CUDA memcpy Host-to-Device]
5204026131,46783,351737,,,,,,,,,,35.810,765437.040,Device,,NVIDIA A100-SXM4-40GB MIG 4g.20gb (0),1,,13,[CUDA memset]
5204078770,5216,351739,,,,,,,,,,0.000,15.337,Pinned,Device,NVIDIA A100-SXM4-40GB MIG 4g.20gb (0),1,,13,[CUDA memcpy Host-to-Device]
5204094418,30176,351740,,,,,,,,,,0.197,6515.196,Pinned,Device,NVIDIA A100-SXM4-40GB MIG 4g.20gb (0),1,,13,[CUDA memcpy Host-to-Device]
5204149425,9760,351741,273,1,1,48,1,1,40,0.000,0.001,,,,,NVIDIA A100-SXM4-40GB MIG 4g.20gb (0),1,,13,"void pusch_noise_intf_est::noiseIntfEstNoDftSOfdmKernel<float, __half, float, float, (unsigned int)2, (unsigned int)1, (unsigned char)4, (unsigned char)4>(pusch_noise_intf_est::puschRxNoiseIntfEstDynDescr)"
5204166257,2752,351752,35,1,1,128,1,1,16,0.000,0.000,,,,,NVIDIA A100-SXM4-40GB MIG 4g.20gb (0),1,,13,cupy_copy__complex64_complex64
5204182897,1760,351761,1,1,1,1,1,1,18,0.000,0.000,,,,,NVIDIA A100-SXM4-40GB MIG 4g.20gb (0),1,,13,cupy_copy__float32_float32
5204190385,8928,351767,,,,,,,,,,0.000,0.448,Device,Pageable,NVIDIA A100-SXM4-40GB MIG 4g.20gb (0),1,,7,[CUDA memcpy Device-to-Host]
5204291856,12735,351778,1434,1,1,128,1,1,16,0.000,0.000,,,,,NVIDIA A100-SXM4-40GB MIG 4g.20gb (0),1,,13,cupy_copy__complex64_complex64
5204317583,2944,351785,103,1,1,128,1,1,16,0.000,0.000,,,,,NVIDIA A100-SXM4-40GB MIG 4g.20gb (0),1,,13,cupy_copy__complex64_complex64
5204336111,2176,351792,35,1,1,128,1,1,16,0.000,0.000,,,,,NVIDIA A100-SXM4-40GB MIG 4g.20gb (0),1,,13,cupy_copy__complex64_complex64
5204339631,1760,351799,1,1,1,1,1,1,18,0.000,0.000,,,,,NVIDIA A100-SXM4-40GB MIG 4g.20gb (0),1,,13,cupy_copy__float32_float32
5204468333,85503,351810,1,1,1,32,32,1,30,0.000,0.000,,,,,NVIDIA A100-SXM4-40GB MIG 4g.20gb (0),1,,13,"void convert_kernel<__half2, float2>(tensor_layout_any, T1 *, tensor_layout_any, const T2 *)"
5204583148,10368,351813,,,,,,,,,,0.094,9036.979,Pinned,Device,NVIDIA A100-SXM4-40GB MIG 4g.20gb (0),1,,13,[CUDA memcpy Host-to-Device]
5204604556,3680,351814,,,,,,,,,,1.547,420278.059,Device,,NVIDIA A100-SXM4-40GB MIG 4g.20gb (0),1,,13,[CUDA memset]
5204615020,3712,351819,,,,,,,,,,0.031,8431.017,Pinned,Device,NVIDIA A100-SXM4-40GB MIG 4g.20gb (0),1,,13,[CUDA memcpy Host-to-Device]
5204621868,9759,351820,,,,,,,,,,0.197,20146.225,Pinned,Device,NVIDIA A100-SXM4-40GB MIG 4g.20gb (0),1,,13,[CUDA memcpy Host-to-Device]
5204636459,8352,351821,273,1,1,8,4,1,39,0.002,0.000,,,,,NVIDIA A100-SXM4-40GB MIG 4g.20gb (0),1,,13,"void channel_eq::eqMmseCoefCompLowMimoKernel<float, float, float, (unsigned int)4, (unsigned int)1, (unsigned int)4>(const channel_eq::_puschRxChEqStatDescr *, channel_eq::_puschRxChEqCoefCompDynDescr)"
5204645931,5472,351822,273,1,1,12,11,1,51,0.002,0.000,,,,,NVIDIA A100-SXM4-40GB MIG 4g.20gb (0),1,,13,"void channel_eq::eqMmseSoftDemapKernel<float, __half, __half, float, (unsigned int)4, (unsigned short)16383>(channel_eq::_puschRxChEqStatDescr *, channel_eq::_puschRxChEqSoftDemapDynDescr)"
5204653387,282429,351823,1,1,1,32,32,1,30,0.000,0.000,,,,,NVIDIA A100-SXM4-40GB MIG 4g.20gb (0),1,,13,"void convert_kernel<float2, __half2>(tensor_layout_any, T1 *, tensor_layout_any, const T2 *)"
5204937192,11040,351835,2253,1,1,128,1,1,16,0.000,0.000,,,,,NVIDIA A100-SXM4-40GB MIG 4g.20gb (0),1,,13,cupy_copy__float16_float16
5204949447,3264,351844,282,1,1,128,1,1,16,0.000,0.000,,,,,NVIDIA A100-SXM4-40GB MIG 4g.20gb (0),1,,13,cupy_copy__complex64_complex64
5204956647,2240,351853,26,1,1,128,1,1,16,0.000,0.000,,,,,NVIDIA A100-SXM4-40GB MIG 4g.20gb (0),1,,13,cupy_copy__float32_float32
5204959975,3104,351862,103,1,1,128,1,1,16,0.000,0.000,,,,,NVIDIA A100-SXM4-40GB MIG 4g.20gb (0),1,,13,cupy_copy__complex64_complex64
5204965287,12000,351872,1434,1,1,128,1,1,16,0.000,0.000,,,,,NVIDIA A100-SXM4-40GB MIG 4g.20gb (0),1,,13,cupy_copy__complex64_complex64
5204980839,81471,351877,1,1,1,32,32,1,30,0.000,0.000,,,,,NVIDIA A100-SXM4-40GB MIG 4g.20gb (0),1,,13,"void convert_kernel<__half2, float2>(tensor_layout_any, T1 *, tensor_layout_any, const T2 *)"
5205089446,5760,351880,,,,,,,,,,0.094,16266.656,Pinned,Device,NVIDIA A100-SXM4-40GB MIG 4g.20gb (0),1,,13,[CUDA memcpy Host-to-Device]
5205099526,595512,351881,,,,,,,,,,456.561,766566.658,Device,,NVIDIA A100-SXM4-40GB MIG 4g.20gb (0),1,,13,[CUDA memset]
5205703838,139870,351886,,,,,,,,,,1.235,8828.615,Pinned,Device,NVIDIA A100-SXM4-40GB MIG 4g.20gb (0),1,,13,[CUDA memcpy Host-to-Device]
5205850396,20288,351887,,,,,,,,,,0.197,9690.808,Pinned,Device,NVIDIA A100-SXM4-40GB MIG 4g.20gb (0),1,,13,[CUDA memcpy Host-to-Device]
5205883388,9120,351888,69,4,1,48,1,1,76,0.002,0.000,,,,,NVIDIA A100-SXM4-40GB MIG 4g.20gb (0),1,,13,"void ch_est::windowedChEstPreNoDftSOfdmKernel<float, __half, float, (unsigned int)2, (unsigned int)1, (unsigned short)4>(ch_est::puschRxChEstStatDescr_t *, ch_est::puschRxChEstDynDescr_t *)"
5205899036,6560,351889,137,2,1,24,2,1,44,0.001,0.001,,,,,NVIDIA A100-SXM4-40GB MIG 4g.20gb (0),1,,13,"void ch_est::chEstFilterNoDftSOfdmDispatchKernel<float, __half, float, (unsigned int)2>(ch_est::puschRxChEstStatDescr_t *, ch_est::puschRxChEstDynDescr_t *)"
5205907260,6304,351890,137,2,1,24,2,1,44,0.001,0.001,,,,,NVIDIA A100-SXM4-40GB MIG 4g.20gb (0),1,,13,"void ch_est::chEstFilterNoDftSOfdmDispatchKernel<float, __half, float, (unsigned int)2>(ch_est::puschRxChEstStatDescr_t *, ch_est::puschRxChEstDynDescr_t *)"
5205915196,3360,351901,103,1,1,128,1,1,16,0.000,0.000,,,,,NVIDIA A100-SXM4-40GB MIG 4g.20gb (0),1,,13,cupy_copy__complex64_complex64
5205922907,12800,351911,1434,1,1,128,1,1,16,0.000,0.000,,,,,NVIDIA A100-SXM4-40GB MIG 4g.20gb (0),1,,13,cupy_copy__complex64_complex64
5205938523,2688,351918,103,1,1,128,1,1,16,0.000,0.000,,,,,NVIDIA A100-SXM4-40GB MIG 4g.20gb (0),1,,13,cupy_copy__complex64_complex64
5205947419,88927,351925,1,1,1,32,32,1,30,0.000,0.000,,,,,NVIDIA A100-SXM4-40GB MIG 4g.20gb (0),1,,13,"void convert_kernel<__half2, float2>(tensor_layout_any, T1 *, tensor_layout_any, const T2 *)"
5206063034,5632,351928,,,,,,,,,,0.094,16636.287,Pinned,Device,NVIDIA A100-SXM4-40GB MIG 4g.20gb (0),1,,13,[CUDA memcpy Host-to-Device]
5206075578,47583,351929,,,,,,,,,,35.810,752545.469,Device,,NVIDIA A100-SXM4-40GB MIG 4g.20gb (0),1,,13,[CUDA memset]
5206129465,3808,351931,,,,,,,,,,0.000,21.008,Pinned,Device,NVIDIA A100-SXM4-40GB MIG 4g.20gb (0),1,,13,[CUDA memcpy Host-to-Device]
5206140121,11136,351932,,,,,,,,,,0.197,17655.005,Pinned,Device,NVIDIA A100-SXM4-40GB MIG 4g.20gb (0),1,,13,[CUDA memcpy Host-to-Device]
5206162265,9311,351933,273,1,1,48,1,1,40,0.000,0.001,,,,,NVIDIA A100-SXM4-40GB MIG 4g.20gb (0),1,,13,"void pusch_noise_intf_est::noiseIntfEstNoDftSOfdmKernel<float, __half, float, float, (unsigned int)2, (unsigned int)1, (unsigned char)4, (unsigned char)4>(pusch_noise_intf_est::puschRxNoiseIntfEstDynDescr)"
5206175288,2912,351944,35,1,1,128,1,1,16,0.000,0.000,,,,,NVIDIA A100-SXM4-40GB MIG 4g.20gb (0),1,,13,cupy_copy__complex64_complex64
5206183512,1824,351953,1,1,1,1,1,1,18,0.000,0.000,,,,,NVIDIA A100-SXM4-40GB MIG 4g.20gb (0),1,,13,cupy_copy__float32_float32
5206214328,1600,351959,,,,,,,,,,0.000,2.500,Device,Pageable,NVIDIA A100-SXM4-40GB MIG 4g.20gb (0),1,,7,[CUDA memcpy Device-to-Host]
5206273943,12896,351970,1434,1,1,128,1,1,16,0.000,0.000,,,,,NVIDIA A100-SXM4-40GB MIG 4g.20gb (0),1,,13,cupy_copy__complex64_complex64
5206301911,2624,351977,103,1,1,128,1,1,16,0.000,0.000,,,,,NVIDIA A100-SXM4-40GB MIG 4g.20gb (0),1,,13,cupy_copy__complex64_complex64
5206324343,2560,351984,35,1,1,128,1,1,16,0.000,0.000,,,,,NVIDIA A100-SXM4-40GB MIG 4g.20gb (0),1,,13,cupy_copy__complex64_complex64
5206343158,1920,351991,1,1,1,1,1,1,18,0.000,0.000,,,,,NVIDIA A100-SXM4-40GB MIG 4g.20gb (0),1,,13,cupy_copy__float32_float32
5206473717,82719,352002,1,1,1,32,32,1,30,0.000,0.000,,,,,NVIDIA A100-SXM4-40GB MIG 4g.20gb (0),1,,13,"void convert_kernel<__half2, float2>(tensor_layout_any, T1 *, tensor_layout_any, const T2 *)"
5206584531,5504,352005,,,,,,,,,,0.094,17023.251,Pinned,Device,NVIDIA A100-SXM4-40GB MIG 4g.20gb (0),1,,13,[CUDA memcpy Host-to-Device]
5206598707,3424,352006,,,,,,,,,,1.547,451700.819,Device,,NVIDIA A100-SXM4-40GB MIG 4g.20gb (0),1,,13,[CUDA memset]
5206606995,3840,352011,,,,,,,,,,0.031,8149.979,Pinned,Device,NVIDIA A100-SXM4-40GB MIG 4g.20gb (0),1,,13,[CUDA memcpy Host-to-Device]
5206612915,10304,352012,,,,,,,,,,0.197,19080.610,Pinned,Device,NVIDIA A100-SXM4-40GB MIG 4g.20gb (0),1,,13,[CUDA memcpy Host-to-Device]
5206628851,5760,352013,273,1,1,8,4,1,39,0.002,0.000,,,,,NVIDIA A100-SXM4-40GB MIG 4g.20gb (0),1,,13,"void channel_eq::eqMmseCoefCompLowMimoKernel<float, float, float, (unsigned int)4, (unsigned int)1, (unsigned int)4>(const channel_eq::_puschRxChEqStatDescr *, channel_eq::_puschRxChEqCoefCompDynDescr)"
5206635827,6080,352014,273,1,1,12,11,1,51,0.002,0.000,,,,,NVIDIA A100-SXM4-40GB MIG 4g.20gb (0),1,,13,"void channel_eq::eqMmseSoftDemapKernel<float, __half, __half, float, (unsigned int)4, (unsigned short)16383>(channel_eq::_puschRxChEqStatDescr *, channel_eq::_puschRxChEqSoftDemapDynDescr)"
5206644851,295196,352015,1,1,1,32,32,1,30,0.000,0.000,,,,,NVIDIA A100-SXM4-40GB MIG 4g.20gb (0),1,,13,"void convert_kernel<float2, __half2>(tensor_layout_any, T1 *, tensor_layout_any, const T2 *)"
5206941199,10912,352027,2253,1,1,128,1,1,16,0.000,0.000,,,,,NVIDIA A100-SXM4-40GB MIG 4g.20gb (0),1,,13,cupy_copy__float16_float16
5206954447,2848,352036,282,1,1,128,1,1,16,0.000,0.000,,,,,NVIDIA A100-SXM4-40GB MIG 4g.20gb (0),1,,13,cupy_copy__complex64_complex64
5206963055,2048,352045,26,1,1,128,1,1,16,0.000,0.000,,,,,NVIDIA A100-SXM4-40GB MIG 4g.20gb (0),1,,13,cupy_copy__float32_float32
5206966351,4544,352054,103,1,1,128,1,1,16,0.000,0.000,,,,,NVIDIA A100-SXM4-40GB MIG 4g.20gb (0),1,,13,cupy_copy__complex64_complex64
5207027086,12576,352070,1434,1,1,128,1,1,16,0.000,0.000,,,,,NVIDIA A100-SXM4-40GB MIG 4g.20gb (0),1,,13,cupy_copy__complex64_complex64
5207141676,87455,352075,1,1,1,32,32,1,30,0.000,0.000,,,,,NVIDIA A100-SXM4-40GB MIG 4g.20gb (0),1,,13,"void convert_kernel<__half2, float2>(tensor_layout_any, T1 *, tensor_layout_any, const T2 *)"
5207255883,5952,352078,,,,,,,,,,0.094,15741.865,Pinned,Device,NVIDIA A100-SXM4-40GB MIG 4g.20gb (0),1,,13,[CUDA memcpy Host-to-Device]
5207266475,596409,352079,,,,,,,,,,456.561,765196.973,Device,,NVIDIA A100-SXM4-40GB MIG 4g.20gb (0),1,,13,[CUDA memset]
5207867524,131742,352084,,,,,,,,,,1.235,9373.225,Pinned,Device,NVIDIA A100-SXM4-40GB MIG 4g.20gb (0),1,,13,[CUDA memcpy Host-to-Device]
5208011682,21919,352085,,,,,,,,,,0.197,8969.650,Pinned,Device,NVIDIA A100-SXM4-40GB MIG 4g.20gb (0),1,,13,[CUDA memcpy Host-to-Device]
5208041505,8192,352086,69,4,1,48,1,1,76,0.002,0.000,,,,,NVIDIA A100-SXM4-40GB MIG 4g.20gb (0),1,,13,"void ch_est::windowedChEstPreNoDftSOfdmKernel<float, __half, float, (unsigned int)2, (unsigned int)1, (unsigned short)4>(ch_est::puschRxChEstStatDescr_t *, ch_est::puschRxChEstDynDescr_t *)"
5208053569,6368,352087,137,2,1,24,2,1,44,0.001,0.001,,,,,NVIDIA A100-SXM4-40GB MIG 4g.20gb (0),1,,13,"void ch_est::chEstFilterNoDftSOfdmDispatchKernel<float, __half, float, (unsigned int)2>(ch_est::puschRxChEstStatDescr_t *, ch_est::puschRxChEstDynDescr_t *)"
5208068033,4992,352088,137,2,1,24,2,1,44,0.001,0.001,,,,,NVIDIA A100-SXM4-40GB MIG 4g.20gb (0),1,,13,"void ch_est::chEstFilterNoDftSOfdmDispatchKernel<float, __half, float, (unsigned int)2>(ch_est::puschRxChEstStatDescr_t *, ch_est::puschRxChEstDynDescr_t *)"
5208076481,3040,352099,103,1,1,128,1,1,16,0.000,0.000,,,,,NVIDIA A100-SXM4-40GB MIG 4g.20gb (0),1,,13,cupy_copy__complex64_complex64
5208084321,12448,352109,1434,1,1,128,1,1,16,0.000,0.000,,,,,NVIDIA A100-SXM4-40GB MIG 4g.20gb (0),1,,13,cupy_copy__complex64_complex64
5208099553,3200,352116,103,1,1,128,1,1,16,0.000,0.000,,,,,NVIDIA A100-SXM4-40GB MIG 4g.20gb (0),1,,13,cupy_copy__complex64_complex64
5208108769,82687,352123,1,1,1,32,32,1,30,0.000,0.000,,,,,NVIDIA A100-SXM4-40GB MIG 4g.20gb (0),1,,13,"void convert_kernel<__half2, float2>(tensor_layout_any, T1 *, tensor_layout_any, const T2 *)"
5208218655,5952,352126,,,,,,,,,,0.094,15741.865,Pinned,Device,NVIDIA A100-SXM4-40GB MIG 4g.20gb (0),1,,13,[CUDA memcpy Host-to-Device]
5208230943,46431,352127,,,,,,,,,,35.810,771238.247,Device,,NVIDIA A100-SXM4-40GB MIG 4g.20gb (0),1,,13,[CUDA memset]
5208283166,3744,352129,,,,,,,,,,0.000,21.368,Pinned,Device,NVIDIA A100-SXM4-40GB MIG 4g.20gb (0),1,,13,[CUDA memcpy Host-to-Device]
5208291006,13344,352130,,,,,,,,,,0.197,14733.804,Pinned,Device,NVIDIA A100-SXM4-40GB MIG 4g.20gb (0),1,,13,[CUDA memcpy Host-to-Device]
5208316638,9504,352131,273,1,1,48,1,1,40,0.000,0.001,,,,,NVIDIA A100-SXM4-40GB MIG 4g.20gb (0),1,,13,"void pusch_noise_intf_est::noiseIntfEstNoDftSOfdmKernel<float, __half, float, float, (unsigned int)2, (unsigned int)1, (unsigned char)4, (unsigned char)4>(pusch_noise_intf_est::puschRxNoiseIntfEstDynDescr)"
5208330206,2816,352142,35,1,1,128,1,1,16,0.000,0.000,,,,,NVIDIA A100-SXM4-40GB MIG 4g.20gb (0),1,,13,cupy_copy__complex64_complex64
5208339134,1792,352151,1,1,1,1,1,1,18,0.000,0.000,,,,,NVIDIA A100-SXM4-40GB MIG 4g.20gb (0),1,,13,cupy_copy__float32_float32
5208369949,1568,352157,,,,,,,,,,0.000,2.551,Device,Pageable,NVIDIA A100-SXM4-40GB MIG 4g.20gb (0),1,,7,[CUDA memcpy Device-to-Host]
5208430173,12895,352168,1434,1,1,128,1,1,16,0.000,0.000,,,,,NVIDIA A100-SXM4-40GB MIG 4g.20gb (0),1,,13,cupy_copy__complex64_complex64
5208457820,2848,352175,103,1,1,128,1,1,16,0.000,0.000,,,,,NVIDIA A100-SXM4-40GB MIG 4g.20gb (0),1,,13,cupy_copy__complex64_complex64
5208480412,2176,352182,35,1,1,128,1,1,16,0.000,0.000,,,,,NVIDIA A100-SXM4-40GB MIG 4g.20gb (0),1,,13,cupy_copy__complex64_complex64
5208497276,1792,352189,1,1,1,1,1,1,18,0.000,0.000,,,,,NVIDIA A100-SXM4-40GB MIG 4g.20gb (0),1,,13,cupy_copy__float32_float32
5208629466,82175,352200,1,1,1,32,32,1,30,0.000,0.000,,,,,NVIDIA A100-SXM4-40GB MIG 4g.20gb (0),1,,13,"void convert_kernel<__half2, float2>(tensor_layout_any, T1 *, tensor_layout_any, const T2 *)"
5208739193,6176,352203,,,,,,,,,,0.094,15170.975,Pinned,Device,NVIDIA A100-SXM4-40GB MIG 4g.20gb (0),1,,13,[CUDA memcpy Host-to-Device]
5208754457,3232,352204,,,,,,,,,,1.547,478533.199,Device,,NVIDIA A100-SXM4-40GB MIG 4g.20gb (0),1,,13,[CUDA memset]
5208760889,3455,352209,,,,,,,,,,0.031,9058.158,Pinned,Device,NVIDIA A100-SXM4-40GB MIG 4g.20gb (0),1,,13,[CUDA memcpy Host-to-Device]
5208766744,9440,352210,,,,,,,,,,0.197,20827.079,Pinned,Device,NVIDIA A100-SXM4-40GB MIG 4g.20gb (0),1,,13,[CUDA memcpy Host-to-Device]
5208780408,7840,352211,273,1,1,8,4,1,39,0.002,0.000,,,,,NVIDIA A100-SXM4-40GB MIG 4g.20gb (0),1,,13,"void channel_eq::eqMmseCoefCompLowMimoKernel<float, float, float, (unsigned int)4, (unsigned int)1, (unsigned int)4>(const channel_eq::_puschRxChEqStatDescr *, channel_eq::_puschRxChEqCoefCompDynDescr)"
5208789592,5536,352212,273,1,1,12,11,1,51,0.002,0.000,,,,,NVIDIA A100-SXM4-40GB MIG 4g.20gb (0),1,,13,"void channel_eq::eqMmseSoftDemapKernel<float, __half, __half, float, (unsigned int)4, (unsigned short)16383>(channel_eq::_puschRxChEqStatDescr *, channel_eq::_puschRxChEqSoftDemapDynDescr)"
5208796888,282205,352213,1,1,1,32,32,1,30,0.000,0.000,,,,,NVIDIA A100-SXM4-40GB MIG 4g.20gb (0),1,,13,"void convert_kernel<float2, __half2>(tensor_layout_any, T1 *, tensor_layout_any, const T2 *)"
5209081973,11007,352225,2253,1,1,128,1,1,16,0.000,0.000,,,,,NVIDIA A100-SXM4-40GB MIG 4g.20gb (0),1,,13,cupy_copy__float16_float16
5209094228,3104,352234,282,1,1,128,1,1,16,0.000,0.000,,,,,NVIDIA A100-SXM4-40GB MIG 4g.20gb (0),1,,13,cupy_copy__complex64_complex64
5209099316,2176,352243,26,1,1,128,1,1,16,0.000,0.000,,,,,NVIDIA A100-SXM4-40GB MIG 4g.20gb (0),1,,13,cupy_copy__float32_float32
5209103508,4608,352252,103,1,1,128,1,1,16,0.000,0.000,,,,,NVIDIA A100-SXM4-40GB MIG 4g.20gb (0),1,,13,cupy_copy__complex64_complex64
5209110836,12096,352262,1434,1,1,128,1,1,16,0.000,0.000,,,,,NVIDIA A100-SXM4-40GB MIG 4g.20gb (0),1,,13,cupy_copy__complex64_complex64
5209129620,82559,352267,1,1,1,32,32,1,30,0.000,0.000,,,,,NVIDIA A100-SXM4-40GB MIG 4g.20gb (0),1,,13,"void convert_kernel<__half2, float2>(tensor_layout_any, T1 *, tensor_layout_any, const T2 *)"
5209239411,5440,352270,,,,,,,,,,0.094,17223.480,Pinned,Device,NVIDIA A100-SXM4-40GB MIG 4g.20gb (0),1,,13,[CUDA memcpy Host-to-Device]
5209250450,600857,352271,,,,,,,,,,456.561,759718.236,Device,,NVIDIA A100-SXM4-40GB MIG 4g.20gb (0),1,,13,[CUDA memset]
5209855787,129246,352276,,,,,,,,,,1.235,9554.762,Pinned,Device,NVIDIA A100-SXM4-40GB MIG 4g.20gb (0),1,,13,[CUDA memcpy Host-to-Device]
5210001321,39488,352277,,,,,,,,,,0.197,4978.901,Pinned,Device,NVIDIA A100-SXM4-40GB MIG 4g.20gb (0),1,,13,[CUDA memcpy Host-to-Device]
5210071240,8352,352278,69,4,1,48,1,1,76,0.002,0.000,,,,,NVIDIA A100-SXM4-40GB MIG 4g.20gb (0),1,,13,"void ch_est::windowedChEstPreNoDftSOfdmKernel<float, __half, float, (unsigned int)2, (unsigned int)1, (unsigned short)4>(ch_est::puschRxChEstStatDescr_t *, ch_est::puschRxChEstDynDescr_t *)"
5210090952,6816,352279,137,2,1,24,2,1,44,0.001,0.001,,,,,NVIDIA A100-SXM4-40GB MIG 4g.20gb (0),1,,13,"void ch_est::chEstFilterNoDftSOfdmDispatchKernel<float, __half, float, (unsigned int)2>(ch_est::puschRxChEstStatDescr_t *, ch_est::puschRxChEstDynDescr_t *)"
5210108008,4736,352280,137,2,1,24,2,1,44,0.001,0.001,,,,,NVIDIA A100-SXM4-40GB MIG 4g.20gb (0),1,,13,"void ch_est::chEstFilterNoDftSOfdmDispatchKernel<float, __half, float, (unsigned int)2>(ch_est::puschRxChEstStatDescr_t *, ch_est::puschRxChEstDynDescr_t *)"
5210124936,2528,352291,103,1,1,128,1,1,16,0.000,0.000,,,,,NVIDIA A100-SXM4-40GB MIG 4g.20gb (0),1,,13,cupy_copy__complex64_complex64
5210142984,12415,352301,1434,1,1,128,1,1,16,0.000,0.000,,,,,NVIDIA A100-SXM4-40GB MIG 4g.20gb (0),1,,13,cupy_copy__complex64_complex64
5210162535,2912,352308,103,1,1,128,1,1,16,0.000,0.000,,,,,NVIDIA A100-SXM4-40GB MIG 4g.20gb (0),1,,13,cupy_copy__complex64_complex64
5210187751,91423,352315,1,1,1,32,32,1,30,0.000,0.000,,,,,NVIDIA A100-SXM4-40GB MIG 4g.20gb (0),1,,13,"void convert_kernel<__half2, float2>(tensor_layout_any, T1 *, tensor_layout_any, const T2 *)"
5210313029,11904,352318,,,,,,,,,,0.094,7870.932,Pinned,Device,NVIDIA A100-SXM4-40GB MIG 4g.20gb (0),1,,13,[CUDA memcpy Host-to-Device]
5210336325,46432,352319,,,,,,,,,,35.810,771202.437,Device,,NVIDIA A100-SXM4-40GB MIG 4g.20gb (0),1,,13,[CUDA memset]
5210389284,4992,352321,,,,,,,,,,0.000,16.026,Pinned,Device,NVIDIA A100-SXM4-40GB MIG 4g.20gb (0),1,,13,[CUDA memcpy Host-to-Device]
5210400868,17120,352322,,,,,,,,,,0.197,11484.070,Pinned,Device,NVIDIA A100-SXM4-40GB MIG 4g.20gb (0),1,,13,[CUDA memcpy Host-to-Device]
5210422980,9952,352323,273,1,1,48,1,1,40,0.000,0.001,,,,,NVIDIA A100-SXM4-40GB MIG 4g.20gb (0),1,,13,"void pusch_noise_intf_est::noiseIntfEstNoDftSOfdmKernel<float, __half, float, float, (unsigned int)2, (unsigned int)1, (unsigned char)4, (unsigned char)4>(pusch_noise_intf_est::puschRxNoiseIntfEstDynDescr)"
5210439652,2816,352334,35,1,1,128,1,1,16,0.000,0.000,,,,,NVIDIA A100-SXM4-40GB MIG 4g.20gb (0),1,,13,cupy_copy__complex64_complex64
5210447972,1952,352343,1,1,1,1,1,1,18,0.000,0.000,,,,,NVIDIA A100-SXM4-40GB MIG 4g.20gb (0),1,,13,cupy_copy__float32_float32
5210460260,1728,352349,,,,,,,,,,0.000,2.315,Device,Pageable,NVIDIA A100-SXM4-40GB MIG 4g.20gb (0),1,,7,[CUDA memcpy Device-to-Host]
5210535011,12832,352360,1434,1,1,128,1,1,16,0.000,0.000,,,,,NVIDIA A100-SXM4-40GB MIG 4g.20gb (0),1,,13,cupy_copy__complex64_complex64
5210557794,2880,352367,103,1,1,128,1,1,16,0.000,0.000,,,,,NVIDIA A100-SXM4-40GB MIG 4g.20gb (0),1,,13,cupy_copy__complex64_complex64
5210576418,2304,352374,35,1,1,128,1,1,16,0.000,0.000,,,,,NVIDIA A100-SXM4-40GB MIG 4g.20gb (0),1,,13,cupy_copy__complex64_complex64
5210594178,2048,352381,1,1,1,1,1,1,18,0.000,0.000,,,,,NVIDIA A100-SXM4-40GB MIG 4g.20gb (0),1,,13,cupy_copy__float32_float32
5210728512,81887,352392,1,1,1,32,32,1,30,0.000,0.000,,,,,NVIDIA A100-SXM4-40GB MIG 4g.20gb (0),1,,13,"void convert_kernel<__half2, float2>(tensor_layout_any, T1 *, tensor_layout_any, const T2 *)"
5210837567,5824,352395,,,,,,,,,,0.094,16087.884,Pinned,Device,NVIDIA A100-SXM4-40GB MIG 4g.20gb (0),1,,13,[CUDA memcpy Host-to-Device]
5210864159,3232,352396,,,,,,,,,,1.547,478533.199,Device,,NVIDIA A100-SXM4-40GB MIG 4g.20gb (0),1,,13,[CUDA memset]
5210871583,3519,352401,,,,,,,,,,0.031,8893.416,Pinned,Device,NVIDIA A100-SXM4-40GB MIG 4g.20gb (0),1,,13,[CUDA memcpy Host-to-Device]
5210877534,9792,352402,,,,,,,,,,0.197,20078.395,Pinned,Device,NVIDIA A100-SXM4-40GB MIG 4g.20gb (0),1,,13,[CUDA memcpy Host-to-Device]
5210892830,6080,352403,273,1,1,8,4,1,39,0.002,0.000,,,,,NVIDIA A100-SXM4-40GB MIG 4g.20gb (0),1,,13,"void channel_eq::eqMmseCoefCompLowMimoKernel<float, float, float, (unsigned int)4, (unsigned int)1, (unsigned int)4>(const channel_eq::_puschRxChEqStatDescr *, channel_eq::_puschRxChEqCoefCompDynDescr)"
5210899934,6464,352404,273,1,1,12,11,1,51,0.002,0.000,,,,,NVIDIA A100-SXM4-40GB MIG 4g.20gb (0),1,,13,"void channel_eq::eqMmseSoftDemapKernel<float, __half, __half, float, (unsigned int)4, (unsigned short)16383>(channel_eq::_puschRxChEqStatDescr *, channel_eq::_puschRxChEqSoftDemapDynDescr)"
5210907454,282941,352405,1,1,1,32,32,1,30,0.000,0.000,,,,,NVIDIA A100-SXM4-40GB MIG 4g.20gb (0),1,,13,"void convert_kernel<float2, __half2>(tensor_layout_any, T1 *, tensor_layout_any, const T2 *)"
5211192667,10943,352417,2253,1,1,128,1,1,16,0.000,0.000,,,,,NVIDIA A100-SXM4-40GB MIG 4g.20gb (0),1,,13,cupy_copy__float16_float16
5211206906,3008,352426,282,1,1,128,1,1,16,0.000,0.000,,,,,NVIDIA A100-SXM4-40GB MIG 4g.20gb (0),1,,13,cupy_copy__complex64_complex64
5211211546,2144,352435,26,1,1,128,1,1,16,0.000,0.000,,,,,NVIDIA A100-SXM4-40GB MIG 4g.20gb (0),1,,13,cupy_copy__float32_float32
5211215290,4608,352444,103,1,1,128,1,1,16,0.000,0.000,,,,,NVIDIA A100-SXM4-40GB MIG 4g.20gb (0),1,,13,cupy_copy__complex64_complex64
5211221658,12064,352454,1434,1,1,128,1,1,16,0.000,0.000,,,,,NVIDIA A100-SXM4-40GB MIG 4g.20gb (0),1,,13,cupy_copy__complex64_complex64
5211240250,82495,352459,1,1,1,32,32,1,30,0.000,0.000,,,,,NVIDIA A100-SXM4-40GB MIG 4g.20gb (0),1,,13,"void convert_kernel<__half2, float2>(tensor_layout_any, T1 *, tensor_layout_any, const T2 *)"
5211349721,6176,352462,,,,,,,,,,0.094,15170.975,Pinned,Device,NVIDIA A100-SXM4-40GB MIG 4g.20gb (0),1,,13,[CUDA memcpy Host-to-Device]
5211360568,597081,352463,,,,,,,,,,456.561,764283.851,Device,,NVIDIA A100-SXM4-40GB MIG 4g.20gb (0),1,,13,[CUDA memset]
5211964497,148254,352468,,,,,,,,,,1.235,8329.697,Pinned,Device,NVIDIA A100-SXM4-40GB MIG 4g.20gb (0),1,,13,[CUDA memcpy Host-to-Device]
5212128783,40160,352469,,,,,,,,,,0.197,4895.539,Pinned,Device,NVIDIA A100-SXM4-40GB MIG 4g.20gb (0),1,,13,[CUDA memcpy Host-to-Device]
5212198542,8160,352470,69,4,1,48,1,1,76,0.002,0.000,,,,,NVIDIA A100-SXM4-40GB MIG 4g.20gb (0),1,,13,"void ch_est::windowedChEstPreNoDftSOfdmKernel<float, __half, float, (unsigned int)2, (unsigned int)1, (unsigned short)4>(ch_est::puschRxChEstStatDescr_t *, ch_est::puschRxChEstDynDescr_t *)"
5212216334,6848,352471,137,2,1,24,2,1,44,0.001,0.001,,,,,NVIDIA A100-SXM4-40GB MIG 4g.20gb (0),1,,13,"void ch_est::chEstFilterNoDftSOfdmDispatchKernel<float, __half, float, (unsigned int)2>(ch_est::puschRxChEstStatDescr_t *, ch_est::puschRxChEstDynDescr_t *)"
5212232878,4800,352472,137,2,1,24,2,1,44,0.001,0.001,,,,,NVIDIA A100-SXM4-40GB MIG 4g.20gb (0),1,,13,"void ch_est::chEstFilterNoDftSOfdmDispatchKernel<float, __half, float, (unsigned int)2>(ch_est::puschRxChEstStatDescr_t *, ch_est::puschRxChEstDynDescr_t *)"
5212249966,2656,352483,103,1,1,128,1,1,16,0.000,0.000,,,,,NVIDIA A100-SXM4-40GB MIG 4g.20gb (0),1,,13,cupy_copy__complex64_complex64
5212267149,12512,352493,1434,1,1,128,1,1,16,0.000,0.000,,,,,NVIDIA A100-SXM4-40GB MIG 4g.20gb (0),1,,13,cupy_copy__complex64_complex64
5212291437,2592,352500,103,1,1,128,1,1,16,0.000,0.000,,,,,NVIDIA A100-SXM4-40GB MIG 4g.20gb (0),1,,13,cupy_copy__complex64_complex64
5212314701,90719,352507,1,1,1,32,32,1,30,0.000,0.000,,,,,NVIDIA A100-SXM4-40GB MIG 4g.20gb (0),1,,13,"void convert_kernel<__half2, float2>(tensor_layout_any, T1 *, tensor_layout_any, const T2 *)"
5212443819,23232,352510,,,,,,,,,,0.094,4033.051,Pinned,Device,NVIDIA A100-SXM4-40GB MIG 4g.20gb (0),1,,13,[CUDA memcpy Host-to-Device]
5212484715,47199,352511,,,,,,,,,,35.810,758668.965,Device,,NVIDIA A100-SXM4-40GB MIG 4g.20gb (0),1,,13,[CUDA memset]
5212539978,9568,352513,,,,,,,,,,0.000,8.361,Pinned,Device,NVIDIA A100-SXM4-40GB MIG 4g.20gb (0),1,,13,[CUDA memcpy Host-to-Device]
5212559754,25023,352514,,,,,,,,,,0.197,7857.046,Pinned,Device,NVIDIA A100-SXM4-40GB MIG 4g.20gb (0),1,,13,[CUDA memcpy Host-to-Device]
5212610633,10176,352515,273,1,1,48,1,1,40,0.000,0.001,,,,,NVIDIA A100-SXM4-40GB MIG 4g.20gb (0),1,,13,"void pusch_noise_intf_est::noiseIntfEstNoDftSOfdmKernel<float, __half, float, float, (unsigned int)2, (unsigned int)1, (unsigned char)4, (unsigned char)4>(pusch_noise_intf_est::puschRxNoiseIntfEstDynDescr)"
5212627145,2816,352526,35,1,1,128,1,1,16,0.000,0.000,,,,,NVIDIA A100-SXM4-40GB MIG 4g.20gb (0),1,,13,cupy_copy__complex64_complex64
5212644009,1664,352535,1,1,1,1,1,1,18,0.000,0.000,,,,,NVIDIA A100-SXM4-40GB MIG 4g.20gb (0),1,,13,cupy_copy__float32_float32
5212651273,4192,352541,,,,,,,,,,0.000,0.954,Device,Pageable,NVIDIA A100-SXM4-40GB MIG 4g.20gb (0),1,,7,[CUDA memcpy Device-to-Host]
5212737192,13055,352552,1434,1,1,128,1,1,16,0.000,0.000,,,,,NVIDIA A100-SXM4-40GB MIG 4g.20gb (0),1,,13,cupy_copy__complex64_complex64
5212765255,3424,352559,103,1,1,128,1,1,16,0.000,0.000,,,,,NVIDIA A100-SXM4-40GB MIG 4g.20gb (0),1,,13,cupy_copy__complex64_complex64
5212786151,2816,352566,35,1,1,128,1,1,16,0.000,0.000,,,,,NVIDIA A100-SXM4-40GB MIG 4g.20gb (0),1,,13,cupy_copy__complex64_complex64
5212809127,1888,352573,1,1,1,1,1,1,18,0.000,0.000,,,,,NVIDIA A100-SXM4-40GB MIG 4g.20gb (0),1,,13,cupy_copy__float32_float32
5212936549,87647,352584,1,1,1,32,32,1,30,0.000,0.000,,,,,NVIDIA A100-SXM4-40GB MIG 4g.20gb (0),1,,13,"void convert_kernel<__half2, float2>(tensor_layout_any, T1 *, tensor_layout_any, const T2 *)"
5213052452,5664,352587,,,,,,,,,,0.094,16542.310,Pinned,Device,NVIDIA A100-SXM4-40GB MIG 4g.20gb (0),1,,13,[CUDA memcpy Host-to-Device]
5213067779,3584,352588,,,,,,,,,,1.547,431534.389,Device,,NVIDIA A100-SXM4-40GB MIG 4g.20gb (0),1,,13,[CUDA memset]
5213073251,3264,352593,,,,,,,,,,0.031,9588.218,Pinned,Device,NVIDIA A100-SXM4-40GB MIG 4g.20gb (0),1,,13,[CUDA memcpy Host-to-Device]
5213079459,10560,352594,,,,,,,,,,0.197,18617.991,Pinned,Device,NVIDIA A100-SXM4-40GB MIG 4g.20gb (0),1,,13,[CUDA memcpy Host-to-Device]
5213097763,6656,352595,273,1,1,8,4,1,39,0.002,0.000,,,,,NVIDIA A100-SXM4-40GB MIG 4g.20gb (0),1,,13,"void channel_eq::eqMmseCoefCompLowMimoKernel<float, float, float, (unsigned int)4, (unsigned int)1, (unsigned int)4>(const channel_eq::_puschRxChEqStatDescr *, channel_eq::_puschRxChEqCoefCompDynDescr)"
5213106979,5856,352596,273,1,1,12,11,1,51,0.002,0.000,,,,,NVIDIA A100-SXM4-40GB MIG 4g.20gb (0),1,,13,"void channel_eq::eqMmseSoftDemapKernel<float, __half, __half, float, (unsigned int)4, (unsigned short)16383>(channel_eq::_puschRxChEqStatDescr *, channel_eq::_puschRxChEqSoftDemapDynDescr)"
5213114403,282620,352597,1,1,1,32,32,1,30,0.000,0.000,,,,,NVIDIA A100-SXM4-40GB MIG 4g.20gb (0),1,,13,"void convert_kernel<float2, __half2>(tensor_layout_any, T1 *, tensor_layout_any, const T2 *)"
5213399935,11008,352609,2253,1,1,128,1,1,16,0.000,0.000,,,,,NVIDIA A100-SXM4-40GB MIG 4g.20gb (0),1,,13,cupy_copy__float16_float16
5213414143,3552,352618,282,1,1,128,1,1,16,0.000,0.000,,,,,NVIDIA A100-SXM4-40GB MIG 4g.20gb (0),1,,13,cupy_copy__complex64_complex64
5213419135,2080,352627,26,1,1,128,1,1,16,0.000,0.000,,,,,NVIDIA A100-SXM4-40GB MIG 4g.20gb (0),1,,13,cupy_copy__float32_float32
5213422879,3520,352636,103,1,1,128,1,1,16,0.000,0.000,,,,,NVIDIA A100-SXM4-40GB MIG 4g.20gb (0),1,,13,cupy_copy__complex64_complex64
5213427455,11968,352646,1434,1,1,128,1,1,16,0.000,0.000,,,,,NVIDIA A100-SXM4-40GB MIG 4g.20gb (0),1,,13,cupy_copy__complex64_complex64
5213441023,82399,352651,1,1,1,32,32,1,30,0.000,0.000,,,,,NVIDIA A100-SXM4-40GB MIG 4g.20gb (0),1,,13,"void convert_kernel<__half2, float2>(tensor_layout_any, T1 *, tensor_layout_any, const T2 *)"
5213549950,5855,352654,,,,,,,,,,0.094,16002.715,Pinned,Device,NVIDIA A100-SXM4-40GB MIG 4g.20gb (0),1,,13,[CUDA memcpy Host-to-Device]
5213560605,600537,352655,,,,,,,,,,456.561,760174.798,Device,,NVIDIA A100-SXM4-40GB MIG 4g.20gb (0),1,,13,[CUDA memset]
5214167094,76479,352660,,,,,,,,,,1.235,16146.893,Pinned,Device,NVIDIA A100-SXM4-40GB MIG 4g.20gb (0),1,,13,[CUDA memcpy Host-to-Device]
5214249333,18752,352661,,,,,,,,,,0.197,10484.515,Pinned,Device,NVIDIA A100-SXM4-40GB MIG 4g.20gb (0),1,,13,[CUDA memcpy Host-to-Device]
5214280277,8511,352662,69,4,1,48,1,1,76,0.002,0.000,,,,,NVIDIA A100-SXM4-40GB MIG 4g.20gb (0),1,,13,"void ch_est::windowedChEstPreNoDftSOfdmKernel<float, __half, float, (unsigned int)2, (unsigned int)1, (unsigned short)4>(ch_est::puschRxChEstStatDescr_t *, ch_est::puschRxChEstDynDescr_t *)"
5214296052,7392,352663,137,2,1,24,2,1,44,0.001,0.001,,,,,NVIDIA A100-SXM4-40GB MIG 4g.20gb (0),1,,13,"void ch_est::chEstFilterNoDftSOfdmDispatchKernel<float, __half, float, (unsigned int)2>(ch_est::puschRxChEstStatDescr_t *, ch_est::puschRxChEstDynDescr_t *)"
5214311636,6336,352664,137,2,1,24,2,1,44,0.001,0.001,,,,,NVIDIA A100-SXM4-40GB MIG 4g.20gb (0),1,,13,"void ch_est::chEstFilterNoDftSOfdmDispatchKernel<float, __half, float, (unsigned int)2>(ch_est::puschRxChEstStatDescr_t *, ch_est::puschRxChEstDynDescr_t *)"
5214325012,3104,352675,103,1,1,128,1,1,16,0.000,0.000,,,,,NVIDIA A100-SXM4-40GB MIG 4g.20gb (0),1,,13,cupy_copy__complex64_complex64
5214331764,12704,352685,1434,1,1,128,1,1,16,0.000,0.000,,,,,NVIDIA A100-SXM4-40GB MIG 4g.20gb (0),1,,13,cupy_copy__complex64_complex64
5214346356,2560,352692,103,1,1,128,1,1,16,0.000,0.000,,,,,NVIDIA A100-SXM4-40GB MIG 4g.20gb (0),1,,13,cupy_copy__complex64_complex64
5214355412,88063,352699,1,1,1,32,32,1,30,0.000,0.000,,,,,NVIDIA A100-SXM4-40GB MIG 4g.20gb (0),1,,13,"void convert_kernel<__half2, float2>(tensor_layout_any, T1 *, tensor_layout_any, const T2 *)"
5214471058,6496,352702,,,,,,,,,,0.094,14423.562,Pinned,Device,NVIDIA A100-SXM4-40GB MIG 4g.20gb (0),1,,13,[CUDA memcpy Host-to-Device]
5214483090,46783,352703,,,,,,,,,,35.810,765437.040,Device,,NVIDIA A100-SXM4-40GB MIG 4g.20gb (0),1,,13,[CUDA memset]
5214537457,4448,352705,,,,,,,,,,0.000,17.986,Pinned,Device,NVIDIA A100-SXM4-40GB MIG 4g.20gb (0),1,,13,[CUDA memcpy Host-to-Device]
5214547857,13120,352706,,,,,,,,,,0.197,14985.265,Pinned,Device,NVIDIA A100-SXM4-40GB MIG 4g.20gb (0),1,,13,[CUDA memcpy Host-to-Device]
5214566641,10176,352707,273,1,1,48,1,1,40,0.000,0.001,,,,,NVIDIA A100-SXM4-40GB MIG 4g.20gb (0),1,,13,"void pusch_noise_intf_est::noiseIntfEstNoDftSOfdmKernel<float, __half, float, float, (unsigned int)2, (unsigned int)1, (unsigned char)4, (unsigned char)4>(pusch_noise_intf_est::puschRxNoiseIntfEstDynDescr)"
5214581233,2976,352718,35,1,1,128,1,1,16,0.000,0.000,,,,,NVIDIA A100-SXM4-40GB MIG 4g.20gb (0),1,,13,cupy_copy__complex64_complex64
5214594193,1728,352727,1,1,1,1,1,1,18,0.000,0.000,,,,,NVIDIA A100-SXM4-40GB MIG 4g.20gb (0),1,,13,cupy_copy__float32_float32
5214621840,1568,352733,,,,,,,,,,0.000,2.551,Device,Pageable,NVIDIA A100-SXM4-40GB MIG 4g.20gb (0),1,,7,[CUDA memcpy Device-to-Host]
5214681520,13055,352744,1434,1,1,128,1,1,16,0.000,0.000,,,,,NVIDIA A100-SXM4-40GB MIG 4g.20gb (0),1,,13,cupy_copy__complex64_complex64
5214708911,2880,352751,103,1,1,128,1,1,16,0.000,0.000,,,,,NVIDIA A100-SXM4-40GB MIG 4g.20gb (0),1,,13,cupy_copy__complex64_complex64
5214733647,2688,352758,35,1,1,128,1,1,16,0.000,0.000,,,,,NVIDIA A100-SXM4-40GB MIG 4g.20gb (0),1,,13,cupy_copy__complex64_complex64
5214752303,1760,352765,1,1,1,1,1,1,18,0.000,0.000,,,,,NVIDIA A100-SXM4-40GB MIG 4g.20gb (0),1,,13,cupy_copy__float32_float32
5214893997,82655,352776,1,1,1,32,32,1,30,0.000,0.000,,,,,NVIDIA A100-SXM4-40GB MIG 4g.20gb (0),1,,13,"void convert_kernel<__half2, float2>(tensor_layout_any, T1 *, tensor_layout_any, const T2 *)"
5215004204,5408,352779,,,,,,,,,,0.094,17325.421,Pinned,Device,NVIDIA A100-SXM4-40GB MIG 4g.20gb (0),1,,13,[CUDA memcpy Host-to-Device]
5215020395,3232,352780,,,,,,,,,,1.547,478533.199,Device,,NVIDIA A100-SXM4-40GB MIG 4g.20gb (0),1,,13,[CUDA memset]
5215025355,3584,352785,,,,,,,,,,0.031,8732.116,Pinned,Device,NVIDIA A100-SXM4-40GB MIG 4g.20gb (0),1,,13,[CUDA memcpy Host-to-Device]
5215031371,9952,352786,,,,,,,,,,0.197,19755.565,Pinned,Device,NVIDIA A100-SXM4-40GB MIG 4g.20gb (0),1,,13,[CUDA memcpy Host-to-Device]
5215045643,6208,352787,273,1,1,8,4,1,39,0.002,0.000,,,,,NVIDIA A100-SXM4-40GB MIG 4g.20gb (0),1,,13,"void channel_eq::eqMmseCoefCompLowMimoKernel<float, float, float, (unsigned int)4, (unsigned int)1, (unsigned int)4>(const channel_eq::_puschRxChEqStatDescr *, channel_eq::_puschRxChEqCoefCompDynDescr)"
5215053643,6464,352788,273,1,1,12,11,1,51,0.002,0.000,,,,,NVIDIA A100-SXM4-40GB MIG 4g.20gb (0),1,,13,"void channel_eq::eqMmseSoftDemapKernel<float, __half, __half, float, (unsigned int)4, (unsigned short)16383>(channel_eq::_puschRxChEqStatDescr *, channel_eq::_puschRxChEqSoftDemapDynDescr)"
5215061099,282812,352789,1,1,1,32,32,1,30,0.000,0.000,,,,,NVIDIA A100-SXM4-40GB MIG 4g.20gb (0),1,,13,"void convert_kernel<float2, __half2>(tensor_layout_any, T1 *, tensor_layout_any, const T2 *)"
5215344903,10592,352801,2253,1,1,128,1,1,16,0.000,0.000,,,,,NVIDIA A100-SXM4-40GB MIG 4g.20gb (0),1,,13,cupy_copy__float16_float16
5215358759,3104,352810,282,1,1,128,1,1,16,0.000,0.000,,,,,NVIDIA A100-SXM4-40GB MIG 4g.20gb (0),1,,13,cupy_copy__complex64_complex64
5215363815,2048,352819,26,1,1,128,1,1,16,0.000,0.000,,,,,NVIDIA A100-SXM4-40GB MIG 4g.20gb (0),1,,13,cupy_copy__float32_float32
5215368487,3040,352828,103,1,1,128,1,1,16,0.000,0.000,,,,,NVIDIA A100-SXM4-40GB MIG 4g.20gb (0),1,,13,cupy_copy__complex64_complex64
5215372519,11840,352838,1434,1,1,128,1,1,16,0.000,0.000,,,,,NVIDIA A100-SXM4-40GB MIG 4g.20gb (0),1,,13,cupy_copy__complex64_complex64
5215394471,82303,352843,1,1,1,32,32,1,30,0.000,0.000,,,,,NVIDIA A100-SXM4-40GB MIG 4g.20gb (0),1,,13,"void convert_kernel<__half2, float2>(tensor_layout_any, T1 *, tensor_layout_any, const T2 *)"
5215504005,5696,352846,,,,,,,,,,0.094,16449.363,Pinned,Device,NVIDIA A100-SXM4-40GB MIG 4g.20gb (0),1,,13,[CUDA memcpy Host-to-Device]
5215514981,596793,352847,,,,,,,,,,456.561,764740.412,Device,,NVIDIA A100-SXM4-40GB MIG 4g.20gb (0),1,,13,[CUDA memset]
5216117790,165566,352852,,,,,,,,,,1.235,7457.827,Pinned,Device,NVIDIA A100-SXM4-40GB MIG 4g.20gb (0),1,,13,[CUDA memcpy Host-to-Device]
5216293340,25183,352853,,,,,,,,,,0.197,7807.107,Pinned,Device,NVIDIA A100-SXM4-40GB MIG 4g.20gb (0),1,,13,[CUDA memcpy Host-to-Device]
5216329787,8448,352854,69,4,1,48,1,1,76,0.002,0.000,,,,,NVIDIA A100-SXM4-40GB MIG 4g.20gb (0),1,,13,"void ch_est::windowedChEstPreNoDftSOfdmKernel<float, __half, float, (unsigned int)2, (unsigned int)1, (unsigned short)4>(ch_est::puschRxChEstStatDescr_t *, ch_est::puschRxChEstDynDescr_t *)"
5216343419,6880,352855,137,2,1,24,2,1,44,0.001,0.001,,,,,NVIDIA A100-SXM4-40GB MIG 4g.20gb (0),1,,13,"void ch_est::chEstFilterNoDftSOfdmDispatchKernel<float, __half, float, (unsigned int)2>(ch_est::puschRxChEstStatDescr_t *, ch_est::puschRxChEstDynDescr_t *)"
5216352027,5216,352856,137,2,1,24,2,1,44,0.001,0.001,,,,,NVIDIA A100-SXM4-40GB MIG 4g.20gb (0),1,,13,"void ch_est::chEstFilterNoDftSOfdmDispatchKernel<float, __half, float, (unsigned int)2>(ch_est::puschRxChEstStatDescr_t *, ch_est::puschRxChEstDynDescr_t *)"
5216360699,2656,352867,103,1,1,128,1,1,16,0.000,0.000,,,,,NVIDIA A100-SXM4-40GB MIG 4g.20gb (0),1,,13,cupy_copy__complex64_complex64
5216369083,12544,352877,1434,1,1,128,1,1,16,0.000,0.000,,,,,NVIDIA A100-SXM4-40GB MIG 4g.20gb (0),1,,13,cupy_copy__complex64_complex64
5216384475,2720,352884,103,1,1,128,1,1,16,0.000,0.000,,,,,NVIDIA A100-SXM4-40GB MIG 4g.20gb (0),1,,13,cupy_copy__complex64_complex64
5216392794,91167,352891,1,1,1,32,32,1,30,0.000,0.000,,,,,NVIDIA A100-SXM4-40GB MIG 4g.20gb (0),1,,13,"void convert_kernel<__half2, float2>(tensor_layout_any, T1 *, tensor_layout_any, const T2 *)"
5216515257,11232,352894,,,,,,,,,,0.094,8341.849,Pinned,Device,NVIDIA A100-SXM4-40GB MIG 4g.20gb (0),1,,13,[CUDA memcpy Host-to-Device]
5216532377,47743,352895,,,,,,,,,,35.810,750038.774,Device,,NVIDIA A100-SXM4-40GB MIG 4g.20gb (0),1,,13,[CUDA memset]
5216581208,7136,352897,,,,,,,,,,0.000,11.211,Pinned,Device,NVIDIA A100-SXM4-40GB MIG 4g.20gb (0),1,,13,[CUDA memcpy Host-to-Device]
5216592312,16000,352898,,,,,,,,,,0.197,12288.000,Pinned,Device,NVIDIA A100-SXM4-40GB MIG 4g.20gb (0),1,,13,[CUDA memcpy Host-to-Device]
5216616472,10048,352899,273,1,1,48,1,1,40,0.000,0.001,,,,,NVIDIA A100-SXM4-40GB MIG 4g.20gb (0),1,,13,"void pusch_noise_intf_est::noiseIntfEstNoDftSOfdmKernel<float, __half, float, float, (unsigned int)2, (unsigned int)1, (unsigned char)4, (unsigned char)4>(pusch_noise_intf_est::puschRxNoiseIntfEstDynDescr)"
5216630360,2912,352910,35,1,1,128,1,1,16,0.000,0.000,,,,,NVIDIA A100-SXM4-40GB MIG 4g.20gb (0),1,,13,cupy_copy__complex64_complex64
5216635864,2047,352919,1,1,1,1,1,1,18,0.000,0.000,,,,,NVIDIA A100-SXM4-40GB MIG 4g.20gb (0),1,,13,cupy_copy__float32_float32
5216664311,1568,352925,,,,,,,,,,0.000,2.551,Device,Pageable,NVIDIA A100-SXM4-40GB MIG 4g.20gb (0),1,,7,[CUDA memcpy Device-to-Host]
5216722870,12736,352936,1434,1,1,128,1,1,16,0.000,0.000,,,,,NVIDIA A100-SXM4-40GB MIG 4g.20gb (0),1,,13,cupy_copy__complex64_complex64
5216749974,3392,352943,103,1,1,128,1,1,16,0.000,0.000,,,,,NVIDIA A100-SXM4-40GB MIG 4g.20gb (0),1,,13,cupy_copy__complex64_complex64
5216775414,2176,352950,35,1,1,128,1,1,16,0.000,0.000,,,,,NVIDIA A100-SXM4-40GB MIG 4g.20gb (0),1,,13,cupy_copy__complex64_complex64
5216793782,1888,352957,1,1,1,1,1,1,18,0.000,0.000,,,,,NVIDIA A100-SXM4-40GB MIG 4g.20gb (0),1,,13,cupy_copy__float32_float32
5216925556,87711,352968,1,1,1,32,32,1,30,0.000,0.000,,,,,NVIDIA A100-SXM4-40GB MIG 4g.20gb (0),1,,13,"void convert_kernel<__half2, float2>(tensor_layout_any, T1 *, tensor_layout_any, const T2 *)"
5217040979,5471,352971,,,,,,,,,,0.094,17125.849,Pinned,Device,NVIDIA A100-SXM4-40GB MIG 4g.20gb (0),1,,13,[CUDA memcpy Host-to-Device]
5217056434,3328,352972,,,,,,,,,,1.547,464729.580,Device,,NVIDIA A100-SXM4-40GB MIG 4g.20gb (0),1,,13,[CUDA memset]
5217062258,3040,352977,,,,,,,,,,0.031,10294.725,Pinned,Device,NVIDIA A100-SXM4-40GB MIG 4g.20gb (0),1,,13,[CUDA memcpy Host-to-Device]
5217067986,9376,352978,,,,,,,,,,0.197,20969.226,Pinned,Device,NVIDIA A100-SXM4-40GB MIG 4g.20gb (0),1,,13,[CUDA memcpy Host-to-Device]
5217082738,7200,352979,273,1,1,8,4,1,39,0.002,0.000,,,,,NVIDIA A100-SXM4-40GB MIG 4g.20gb (0),1,,13,"void channel_eq::eqMmseCoefCompLowMimoKernel<float, float, float, (unsigned int)4, (unsigned int)1, (unsigned int)4>(const channel_eq::_puschRxChEqStatDescr *, channel_eq::_puschRxChEqCoefCompDynDescr)"
5217092530,6016,352980,273,1,1,12,11,1,51,0.002,0.000,,,,,NVIDIA A100-SXM4-40GB MIG 4g.20gb (0),1,,13,"void channel_eq::eqMmseSoftDemapKernel<float, __half, __half, float, (unsigned int)4, (unsigned short)16383>(channel_eq::_puschRxChEqStatDescr *, channel_eq::_puschRxChEqSoftDemapDynDescr)"
5217100338,281788,352981,1,1,1,32,32,1,30,0.000,0.000,,,,,NVIDIA A100-SXM4-40GB MIG 4g.20gb (0),1,,13,"void convert_kernel<float2, __half2>(tensor_layout_any, T1 *, tensor_layout_any, const T2 *)"
5217383054,10976,352993,2253,1,1,128,1,1,16,0.000,0.000,,,,,NVIDIA A100-SXM4-40GB MIG 4g.20gb (0),1,,13,cupy_copy__float16_float16
5217397326,3744,353002,282,1,1,128,1,1,16,0.000,0.000,,,,,NVIDIA A100-SXM4-40GB MIG 4g.20gb (0),1,,13,cupy_copy__complex64_complex64
5217403886,1984,353011,26,1,1,128,1,1,16,0.000,0.000,,,,,NVIDIA A100-SXM4-40GB MIG 4g.20gb (0),1,,13,cupy_copy__float32_float32
5217407246,3232,353020,103,1,1,128,1,1,16,0.000,0.000,,,,,NVIDIA A100-SXM4-40GB MIG 4g.20gb (0),1,,13,cupy_copy__complex64_complex64
5217412910,12000,353030,1434,1,1,128,1,1,16,0.000,0.000,,,,,NVIDIA A100-SXM4-40GB MIG 4g.20gb (0),1,,13,cupy_copy__complex64_complex64
5217427982,86463,353035,1,1,1,32,32,1,30,0.000,0.000,,,,,NVIDIA A100-SXM4-40GB MIG 4g.20gb (0),1,,13,"void convert_kernel<__half2, float2>(tensor_layout_any, T1 *, tensor_layout_any, const T2 *)"
5217542316,5600,353038,,,,,,,,,,0.094,16731.388,Pinned,Device,NVIDIA A100-SXM4-40GB MIG 4g.20gb (0),1,,13,[CUDA memcpy Host-to-Device]
5217554924,596793,353039,,,,,,,,,,456.561,764740.412,Device,,NVIDIA A100-SXM4-40GB MIG 4g.20gb (0),1,,13,[CUDA memset]
5218159045,140094,353044,,,,,,,,,,1.235,8815.030,Pinned,Device,NVIDIA A100-SXM4-40GB MIG 4g.20gb (0),1,,13,[CUDA memcpy Host-to-Device]
5218312707,40575,353045,,,,,,,,,,0.197,4845.404,Pinned,Device,NVIDIA A100-SXM4-40GB MIG 4g.20gb (0),1,,13,[CUDA memcpy Host-to-Device]
5218370274,8128,353046,69,4,1,48,1,1,76,0.002,0.000,,,,,NVIDIA A100-SXM4-40GB MIG 4g.20gb (0),1,,13,"void ch_est::windowedChEstPreNoDftSOfdmKernel<float, __half, float, (unsigned int)2, (unsigned int)1, (unsigned short)4>(ch_est::puschRxChEstStatDescr_t *, ch_est::puschRxChEstDynDescr_t *)"
5218387714,6496,353047,137,2,1,24,2,1,44,0.001,0.001,,,,,NVIDIA A100-SXM4-40GB MIG 4g.20gb (0),1,,13,"void ch_est::chEstFilterNoDftSOfdmDispatchKernel<float, __half, float, (unsigned int)2>(ch_est::puschRxChEstStatDescr_t *, ch_est::puschRxChEstDynDescr_t *)"
5218405314,4704,353048,137,2,1,24,2,1,44,0.001,0.001,,,,,NVIDIA A100-SXM4-40GB MIG 4g.20gb (0),1,,13,"void ch_est::chEstFilterNoDftSOfdmDispatchKernel<float, __half, float, (unsigned int)2>(ch_est::puschRxChEstStatDescr_t *, ch_est::puschRxChEstDynDescr_t *)"
5218422273,2496,353059,103,1,1,128,1,1,16,0.000,0.000,,,,,NVIDIA A100-SXM4-40GB MIG 4g.20gb (0),1,,13,cupy_copy__complex64_complex64
5218442113,12352,353069,1434,1,1,128,1,1,16,0.000,0.000,,,,,NVIDIA A100-SXM4-40GB MIG 4g.20gb (0),1,,13,cupy_copy__complex64_complex64
5218459393,2912,353076,103,1,1,128,1,1,16,0.000,0.000,,,,,NVIDIA A100-SXM4-40GB MIG 4g.20gb (0),1,,13,cupy_copy__complex64_complex64
5218481121,92415,353083,1,1,1,32,32,1,30,0.000,0.000,,,,,NVIDIA A100-SXM4-40GB MIG 4g.20gb (0),1,,13,"void convert_kernel<__half2, float2>(tensor_layout_any, T1 *, tensor_layout_any, const T2 *)"
5218605791,13056,353086,,,,,,,,,,0.094,7176.458,Pinned,Device,NVIDIA A100-SXM4-40GB MIG 4g.20gb (0),1,,13,[CUDA memcpy Host-to-Device]
5218623647,47231,353087,,,,,,,,,,35.810,758167.626,Device,,NVIDIA A100-SXM4-40GB MIG 4g.20gb (0),1,,13,[CUDA memset]
5218673086,8384,353089,,,,,,,,,,0.000,9.542,Pinned,Device,NVIDIA A100-SXM4-40GB MIG 4g.20gb (0),1,,13,[CUDA memcpy Host-to-Device]
5218688574,14528,353090,,,,,,,,,,0.197,13532.922,Pinned,Device,NVIDIA A100-SXM4-40GB MIG 4g.20gb (0),1,,13,[CUDA memcpy Host-to-Device]
5218712478,11968,353091,273,1,1,48,1,1,40,0.000,0.001,,,,,NVIDIA A100-SXM4-40GB MIG 4g.20gb (0),1,,13,"void pusch_noise_intf_est::noiseIntfEstNoDftSOfdmKernel<float, __half, float, float, (unsigned int)2, (unsigned int)1, (unsigned char)4, (unsigned char)4>(pusch_noise_intf_est::puschRxNoiseIntfEstDynDescr)"
5218729886,3264,353102,35,1,1,128,1,1,16,0.000,0.000,,,,,NVIDIA A100-SXM4-40GB MIG 4g.20gb (0),1,,13,cupy_copy__complex64_complex64
5218739774,2208,353111,1,1,1,1,1,1,18,0.000,0.000,,,,,NVIDIA A100-SXM4-40GB MIG 4g.20gb (0),1,,13,cupy_copy__float32_float32
5218754461,5984,353117,,,,,,,,,,0.000,0.668,Device,Pageable,NVIDIA A100-SXM4-40GB MIG 4g.20gb (0),1,,7,[CUDA memcpy Device-to-Host]
5218836060,13312,353128,1434,1,1,128,1,1,16,0.000,0.000,,,,,NVIDIA A100-SXM4-40GB MIG 4g.20gb (0),1,,13,cupy_copy__complex64_complex64
5218872348,2976,353135,103,1,1,128,1,1,16,0.000,0.000,,,,,NVIDIA A100-SXM4-40GB MIG 4g.20gb (0),1,,13,cupy_copy__complex64_complex64
5218892412,2336,353142,35,1,1,128,1,1,16,0.000,0.000,,,,,NVIDIA A100-SXM4-40GB MIG 4g.20gb (0),1,,13,cupy_copy__complex64_complex64
5218910843,1856,353149,1,1,1,1,1,1,18,0.000,0.000,,,,,NVIDIA A100-SXM4-40GB MIG 4g.20gb (0),1,,13,cupy_copy__float32_float32
5219036954,86911,353160,1,1,1,32,32,1,30,0.000,0.000,,,,,NVIDIA A100-SXM4-40GB MIG 4g.20gb (0),1,,13,"void convert_kernel<__half2, float2>(tensor_layout_any, T1 *, tensor_layout_any, const T2 *)"
5219152184,5728,353163,,,,,,,,,,0.094,16357.541,Pinned,Device,NVIDIA A100-SXM4-40GB MIG 4g.20gb (0),1,,13,[CUDA memcpy Host-to-Device]
5219166072,3424,353164,,,,,,,,,,1.547,451700.819,Device,,NVIDIA A100-SXM4-40GB MIG 4g.20gb (0),1,,13,[CUDA memset]
5219174200,3712,353169,,,,,,,,,,0.031,8431.017,Pinned,Device,NVIDIA A100-SXM4-40GB MIG 4g.20gb (0),1,,13,[CUDA memcpy Host-to-Device]
5219180120,9600,353170,,,,,,,,,,0.197,20479.869,Pinned,Device,NVIDIA A100-SXM4-40GB MIG 4g.20gb (0),1,,13,[CUDA memcpy Host-to-Device]
5219195768,6464,353171,273,1,1,8,4,1,39,0.002,0.000,,,,,NVIDIA A100-SXM4-40GB MIG 4g.20gb (0),1,,13,"void channel_eq::eqMmseCoefCompLowMimoKernel<float, float, float, (unsigned int)4, (unsigned int)1, (unsigned int)4>(const channel_eq::_puschRxChEqStatDescr *, channel_eq::_puschRxChEqCoefCompDynDescr)"
5219203224,6272,353172,273,1,1,12,11,1,51,0.002,0.000,,,,,NVIDIA A100-SXM4-40GB MIG 4g.20gb (0),1,,13,"void channel_eq::eqMmseSoftDemapKernel<float, __half, __half, float, (unsigned int)4, (unsigned short)16383>(channel_eq::_puschRxChEqStatDescr *, channel_eq::_puschRxChEqSoftDemapDynDescr)"
5219210424,282332,353173,1,1,1,32,32,1,30,0.000,0.000,,,,,NVIDIA A100-SXM4-40GB MIG 4g.20gb (0),1,,13,"void convert_kernel<float2, __half2>(tensor_layout_any, T1 *, tensor_layout_any, const T2 *)"
5219493844,10976,353185,2253,1,1,128,1,1,16,0.000,0.000,,,,,NVIDIA A100-SXM4-40GB MIG 4g.20gb (0),1,,13,cupy_copy__float16_float16
5219507060,3808,353194,282,1,1,128,1,1,16,0.000,0.000,,,,,NVIDIA A100-SXM4-40GB MIG 4g.20gb (0),1,,13,cupy_copy__complex64_complex64
5219514548,2144,353203,26,1,1,128,1,1,16,0.000,0.000,,,,,NVIDIA A100-SXM4-40GB MIG 4g.20gb (0),1,,13,cupy_copy__float32_float32
5219519892,4672,353212,103,1,1,128,1,1,16,0.000,0.000,,,,,NVIDIA A100-SXM4-40GB MIG 4g.20gb (0),1,,13,cupy_copy__complex64_complex64
5219526996,12128,353222,1434,1,1,128,1,1,16,0.000,0.000,,,,,NVIDIA A100-SXM4-40GB MIG 4g.20gb (0),1,,13,cupy_copy__complex64_complex64
5219542676,82079,353227,1,1,1,32,32,1,30,0.000,0.000,,,,,NVIDIA A100-SXM4-40GB MIG 4g.20gb (0),1,,13,"void convert_kernel<__half2, float2>(tensor_layout_any, T1 *, tensor_layout_any, const T2 *)"
5219652050,5888,353230,,,,,,,,,,0.094,15912.954,Pinned,Device,NVIDIA A100-SXM4-40GB MIG 4g.20gb (0),1,,13,[CUDA memcpy Host-to-Device]
5219662130,599737,353231,,,,,,,,,,456.561,761087.920,Device,,NVIDIA A100-SXM4-40GB MIG 4g.20gb (0),1,,13,[CUDA memset]
5220266987,122878,353236,,,,,,,,,,1.235,10049.974,Pinned,Device,NVIDIA A100-SXM4-40GB MIG 4g.20gb (0),1,,13,[CUDA memcpy Host-to-Device]
5220399977,31776,353237,,,,,,,,,,0.197,6187.254,Pinned,Device,NVIDIA A100-SXM4-40GB MIG 4g.20gb (0),1,,13,[CUDA memcpy Host-to-Device]
5220453608,8480,353238,69,4,1,48,1,1,76,0.002,0.000,,,,,NVIDIA A100-SXM4-40GB MIG 4g.20gb (0),1,,13,"void ch_est::windowedChEstPreNoDftSOfdmKernel<float, __half, float, (unsigned int)2, (unsigned int)1, (unsigned short)4>(ch_est::puschRxChEstStatDescr_t *, ch_est::puschRxChEstDynDescr_t *)"
5220472488,6944,353239,137,2,1,24,2,1,44,0.001,0.001,,,,,NVIDIA A100-SXM4-40GB MIG 4g.20gb (0),1,,13,"void ch_est::chEstFilterNoDftSOfdmDispatchKernel<float, __half, float, (unsigned int)2>(ch_est::puschRxChEstStatDescr_t *, ch_est::puschRxChEstDynDescr_t *)"
5220485256,4768,353240,137,2,1,24,2,1,44,0.001,0.001,,,,,NVIDIA A100-SXM4-40GB MIG 4g.20gb (0),1,,13,"void ch_est::chEstFilterNoDftSOfdmDispatchKernel<float, __half, float, (unsigned int)2>(ch_est::puschRxChEstStatDescr_t *, ch_est::puschRxChEstDynDescr_t *)"
5220498664,2624,353251,103,1,1,128,1,1,16,0.000,0.000,,,,,NVIDIA A100-SXM4-40GB MIG 4g.20gb (0),1,,13,cupy_copy__complex64_complex64
5220511880,12896,353261,1434,1,1,128,1,1,16,0.000,0.000,,,,,NVIDIA A100-SXM4-40GB MIG 4g.20gb (0),1,,13,cupy_copy__complex64_complex64
5220531783,2592,353268,103,1,1,128,1,1,16,0.000,0.000,,,,,NVIDIA A100-SXM4-40GB MIG 4g.20gb (0),1,,13,cupy_copy__complex64_complex64
5220546087,82591,353275,1,1,1,32,32,1,30,0.000,0.000,,,,,NVIDIA A100-SXM4-40GB MIG 4g.20gb (0),1,,13,"void convert_kernel<__half2, float2>(tensor_layout_any, T1 *, tensor_layout_any, const T2 *)"
5220660326,24448,353278,,,,,,,,,,0.094,3832.447,Pinned,Device,NVIDIA A100-SXM4-40GB MIG 4g.20gb (0),1,,13,[CUDA memcpy Host-to-Device]
5220709285,47136,353279,,,,,,,,,,35.810,759707.453,Device,,NVIDIA A100-SXM4-40GB MIG 4g.20gb (0),1,,13,[CUDA memset]
5220764453,7584,353281,,,,,,,,,,0.000,10.548,Pinned,Device,NVIDIA A100-SXM4-40GB MIG 4g.20gb (0),1,,13,[CUDA memcpy Host-to-Device]
5220785956,22656,353282,,,,,,,,,,0.197,8677.884,Pinned,Device,NVIDIA A100-SXM4-40GB MIG 4g.20gb (0),1,,13,[CUDA memcpy Host-to-Device]
5220838276,9728,353283,273,1,1,48,1,1,40,0.000,0.001,,,,,NVIDIA A100-SXM4-40GB MIG 4g.20gb (0),1,,13,"void pusch_noise_intf_est::noiseIntfEstNoDftSOfdmKernel<float, __half, float, float, (unsigned int)2, (unsigned int)1, (unsigned char)4, (unsigned char)4>(pusch_noise_intf_est::puschRxNoiseIntfEstDynDescr)"
5220853060,2880,353294,35,1,1,128,1,1,16,0.000,0.000,,,,,NVIDIA A100-SXM4-40GB MIG 4g.20gb (0),1,,13,cupy_copy__complex64_complex64
5220863971,1792,353303,1,1,1,1,1,1,18,0.000,0.000,,,,,NVIDIA A100-SXM4-40GB MIG 4g.20gb (0),1,,13,cupy_copy__float32_float32
5220870115,3840,353309,,,,,,,,,,0.000,1.042,Device,Pageable,NVIDIA A100-SXM4-40GB MIG 4g.20gb (0),1,,7,[CUDA memcpy Device-to-Host]
5220955330,12736,353320,1434,1,1,128,1,1,16,0.000,0.000,,,,,NVIDIA A100-SXM4-40GB MIG 4g.20gb (0),1,,13,cupy_copy__complex64_complex64
5220986914,8384,353327,103,1,1,128,1,1,16,0.000,0.000,,,,,NVIDIA A100-SXM4-40GB MIG 4g.20gb (0),1,,13,cupy_copy__complex64_complex64
5221004226,2624,353334,35,1,1,128,1,1,16,0.000,0.000,,,,,NVIDIA A100-SXM4-40GB MIG 4g.20gb (0),1,,13,cupy_copy__complex64_complex64
5221030817,2016,353341,1,1,1,1,1,1,18,0.000,0.000,,,,,NVIDIA A100-SXM4-40GB MIG 4g.20gb (0),1,,13,cupy_copy__float32_float32
5221153888,85183,353352,1,1,1,32,32,1,30,0.000,0.000,,,,,NVIDIA A100-SXM4-40GB MIG 4g.20gb (0),1,,13,"void convert_kernel<__half2, float2>(tensor_layout_any, T1 *, tensor_layout_any, const T2 *)"
5221270622,13536,353355,,,,,,,,,,0.094,6921.979,Pinned,Device,NVIDIA A100-SXM4-40GB MIG 4g.20gb (0),1,,13,[CUDA memcpy Host-to-Device]
5221294654,3424,353356,,,,,,,,,,1.547,451700.819,Device,,NVIDIA A100-SXM4-40GB MIG 4g.20gb (0),1,,13,[CUDA memset]
5221299870,3360,353361,,,,,,,,,,0.031,9314.284,Pinned,Device,NVIDIA A100-SXM4-40GB MIG 4g.20gb (0),1,,13,[CUDA memcpy Host-to-Device]
5221305790,17664,353362,,,,,,,,,,0.197,11130.372,Pinned,Device,NVIDIA A100-SXM4-40GB MIG 4g.20gb (0),1,,13,[CUDA memcpy Host-to-Device]
5221334078,8480,353363,273,1,1,8,4,1,39,0.002,0.000,,,,,NVIDIA A100-SXM4-40GB MIG 4g.20gb (0),1,,13,"void channel_eq::eqMmseCoefCompLowMimoKernel<float, float, float, (unsigned int)4, (unsigned int)1, (unsigned int)4>(const channel_eq::_puschRxChEqStatDescr *, channel_eq::_puschRxChEqCoefCompDynDescr)"
5221346493,7904,353364,273,1,1,12,11,1,51,0.002,0.000,,,,,NVIDIA A100-SXM4-40GB MIG 4g.20gb (0),1,,13,"void channel_eq::eqMmseSoftDemapKernel<float, __half, __half, float, (unsigned int)4, (unsigned short)16383>(channel_eq::_puschRxChEqStatDescr *, channel_eq::_puschRxChEqSoftDemapDynDescr)"
5221357629,294877,353365,1,1,1,32,32,1,30,0.000,0.000,,,,,NVIDIA A100-SXM4-40GB MIG 4g.20gb (0),1,,13,"void convert_kernel<float2, __half2>(tensor_layout_any, T1 *, tensor_layout_any, const T2 *)"
5221653498,10944,353377,2253,1,1,128,1,1,16,0.000,0.000,,,,,NVIDIA A100-SXM4-40GB MIG 4g.20gb (0),1,,13,cupy_copy__float16_float16
5221666778,3615,353386,282,1,1,128,1,1,16,0.000,0.000,,,,,NVIDIA A100-SXM4-40GB MIG 4g.20gb (0),1,,13,cupy_copy__complex64_complex64
5221672249,2048,353395,26,1,1,128,1,1,16,0.000,0.000,,,,,NVIDIA A100-SXM4-40GB MIG 4g.20gb (0),1,,13,cupy_copy__float32_float32
5221675769,4704,353404,103,1,1,128,1,1,16,0.000,0.000,,,,,NVIDIA A100-SXM4-40GB MIG 4g.20gb (0),1,,13,cupy_copy__complex64_complex64
5221681497,11904,353414,1434,1,1,128,1,1,16,0.000,0.000,,,,,NVIDIA A100-SXM4-40GB MIG 4g.20gb (0),1,,13,cupy_copy__complex64_complex64
5221694681,82879,353419,1,1,1,32,32,1,30,0.000,0.000,,,,,NVIDIA A100-SXM4-40GB MIG 4g.20gb (0),1,,13,"void convert_kernel<__half2, float2>(tensor_layout_any, T1 *, tensor_layout_any, const T2 *)"
5221804792,6400,353422,,,,,,,,,,0.094,14640.000,Pinned,Device,NVIDIA A100-SXM4-40GB MIG 4g.20gb (0),1,,13,[CUDA memcpy Host-to-Device]
5221816888,598072,353423,,,,,,,,,,456.561,763370.728,Device,,NVIDIA A100-SXM4-40GB MIG 4g.20gb (0),1,,13,[CUDA memset]
5222428688,103231,353428,,,,,,,,,,1.235,11962.903,Pinned,Device,NVIDIA A100-SXM4-40GB MIG 4g.20gb (0),1,,13,[CUDA memcpy Host-to-Device]
5222541295,30239,353429,,,,,,,,,,0.197,6501.630,Pinned,Device,NVIDIA A100-SXM4-40GB MIG 4g.20gb (0),1,,13,[CUDA memcpy Host-to-Device]
5222584686,9312,353430,69,4,1,48,1,1,76,0.002,0.000,,,,,NVIDIA A100-SXM4-40GB MIG 4g.20gb (0),1,,13,"void ch_est::windowedChEstPreNoDftSOfdmKernel<float, __half, float, (unsigned int)2, (unsigned int)1, (unsigned short)4>(ch_est::puschRxChEstStatDescr_t *, ch_est::puschRxChEstDynDescr_t *)"
5222604782,7104,353431,137,2,1,24,2,1,44,0.001,0.001,,,,,NVIDIA A100-SXM4-40GB MIG 4g.20gb (0),1,,13,"void ch_est::chEstFilterNoDftSOfdmDispatchKernel<float, __half, float, (unsigned int)2>(ch_est::puschRxChEstStatDescr_t *, ch_est::puschRxChEstDynDescr_t *)"
5222622158,5184,353432,137,2,1,24,2,1,44,0.001,0.001,,,,,NVIDIA A100-SXM4-40GB MIG 4g.20gb (0),1,,13,"void ch_est::chEstFilterNoDftSOfdmDispatchKernel<float, __half, float, (unsigned int)2>(ch_est::puschRxChEstStatDescr_t *, ch_est::puschRxChEstDynDescr_t *)"
5222634606,3008,353443,103,1,1,128,1,1,16,0.000,0.000,,,,,NVIDIA A100-SXM4-40GB MIG 4g.20gb (0),1,,13,cupy_copy__complex64_complex64
5222648941,12416,353453,1434,1,1,128,1,1,16,0.000,0.000,,,,,NVIDIA A100-SXM4-40GB MIG 4g.20gb (0),1,,13,cupy_copy__complex64_complex64
5222669709,2944,353460,103,1,1,128,1,1,16,0.000,0.000,,,,,NVIDIA A100-SXM4-40GB MIG 4g.20gb (0),1,,13,cupy_copy__complex64_complex64
5222689165,89791,353467,1,1,1,32,32,1,30,0.000,0.000,,,,,NVIDIA A100-SXM4-40GB MIG 4g.20gb (0),1,,13,"void convert_kernel<__half2, float2>(tensor_layout_any, T1 *, tensor_layout_any, const T2 *)"
5222808331,17088,353470,,,,,,,,,,0.094,5483.090,Pinned,Device,NVIDIA A100-SXM4-40GB MIG 4g.20gb (0),1,,13,[CUDA memcpy Host-to-Device]
5222846411,47487,353471,,,,,,,,,,35.810,754085.295,Device,,NVIDIA A100-SXM4-40GB MIG 4g.20gb (0),1,,13,[CUDA memset]
5222900586,12608,353473,,,,,,,,,,0.000,6.345,Pinned,Device,NVIDIA A100-SXM4-40GB MIG 4g.20gb (0),1,,13,[CUDA memcpy Host-to-Device]
5222919914,28640,353474,,,,,,,,,,0.197,6864.765,Pinned,Device,NVIDIA A100-SXM4-40GB MIG 4g.20gb (0),1,,13,[CUDA memcpy Host-to-Device]
5222969865,9216,353475,273,1,1,48,1,1,40,0.000,0.001,,,,,NVIDIA A100-SXM4-40GB MIG 4g.20gb (0),1,,13,"void pusch_noise_intf_est::noiseIntfEstNoDftSOfdmKernel<float, __half, float, float, (unsigned int)2, (unsigned int)1, (unsigned char)4, (unsigned char)4>(pusch_noise_intf_est::puschRxNoiseIntfEstDynDescr)"
5222992393,2784,353486,35,1,1,128,1,1,16,0.000,0.000,,,,,NVIDIA A100-SXM4-40GB MIG 4g.20gb (0),1,,13,cupy_copy__complex64_complex64
5222999241,1696,353495,1,1,1,1,1,1,18,0.000,0.000,,,,,NVIDIA A100-SXM4-40GB MIG 4g.20gb (0),1,,13,cupy_copy__float32_float32
5223005833,6144,353501,,,,,,,,,,0.000,0.651,Device,Pageable,NVIDIA A100-SXM4-40GB MIG 4g.20gb (0),1,,7,[CUDA memcpy Device-to-Host]
5223086344,12704,353512,1434,1,1,128,1,1,16,0.000,0.000,,,,,NVIDIA A100-SXM4-40GB MIG 4g.20gb (0),1,,13,cupy_copy__complex64_complex64
5223113768,2816,353519,103,1,1,128,1,1,16,0.000,0.000,,,,,NVIDIA A100-SXM4-40GB MIG 4g.20gb (0),1,,13,cupy_copy__complex64_complex64
5223134311,2560,353526,35,1,1,128,1,1,16,0.000,0.000,,,,,NVIDIA A100-SXM4-40GB MIG 4g.20gb (0),1,,13,cupy_copy__complex64_complex64
5223150951,1984,353533,1,1,1,1,1,1,18,0.000,0.000,,,,,NVIDIA A100-SXM4-40GB MIG 4g.20gb (0),1,,13,cupy_copy__float32_float32
5223278342,82111,353544,1,1,1,32,32,1,30,0.000,0.000,,,,,NVIDIA A100-SXM4-40GB MIG 4g.20gb (0),1,,13,"void convert_kernel<__half2, float2>(tensor_layout_any, T1 *, tensor_layout_any, const T2 *)"
5223388708,5760,353547,,,,,,,,,,0.094,16266.656,Pinned,Device,NVIDIA A100-SXM4-40GB MIG 4g.20gb (0),1,,13,[CUDA memcpy Host-to-Device]
5223403396,3360,353548,,,,,,,,,,1.547,460304.688,Device,,NVIDIA A100-SXM4-40GB MIG 4g.20gb (0),1,,13,[CUDA memset]
5223409444,3392,353553,,,,,,,,,,0.031,9226.405,Pinned,Device,NVIDIA A100-SXM4-40GB MIG 4g.20gb (0),1,,13,[CUDA memcpy Host-to-Device]
5223415268,9888,353554,,,,,,,,,,0.197,19883.360,Pinned,Device,NVIDIA A100-SXM4-40GB MIG 4g.20gb (0),1,,13,[CUDA memcpy Host-to-Device]
5223429828,6336,353555,273,1,1,8,4,1,39,0.002,0.000,,,,,NVIDIA A100-SXM4-40GB MIG 4g.20gb (0),1,,13,"void channel_eq::eqMmseCoefCompLowMimoKernel<float, float, float, (unsigned int)4, (unsigned int)1, (unsigned int)4>(const channel_eq::_puschRxChEqStatDescr *, channel_eq::_puschRxChEqCoefCompDynDescr)"
5223437188,6432,353556,273,1,1,12,11,1,51,0.002,0.000,,,,,NVIDIA A100-SXM4-40GB MIG 4g.20gb (0),1,,13,"void channel_eq::eqMmseSoftDemapKernel<float, __half, __half, float, (unsigned int)4, (unsigned short)16383>(channel_eq::_puschRxChEqStatDescr *, channel_eq::_puschRxChEqSoftDemapDynDescr)"
5223444740,281852,353557,1,1,1,32,32,1,30,0.000,0.000,,,,,NVIDIA A100-SXM4-40GB MIG 4g.20gb (0),1,,13,"void convert_kernel<float2, __half2>(tensor_layout_any, T1 *, tensor_layout_any, const T2 *)"
5223727648,11136,353569,2253,1,1,128,1,1,16,0.000,0.000,,,,,NVIDIA A100-SXM4-40GB MIG 4g.20gb (0),1,,13,cupy_copy__float16_float16
5223740960,3296,353578,282,1,1,128,1,1,16,0.000,0.000,,,,,NVIDIA A100-SXM4-40GB MIG 4g.20gb (0),1,,13,cupy_copy__complex64_complex64
5223746144,2240,353587,26,1,1,128,1,1,16,0.000,0.000,,,,,NVIDIA A100-SXM4-40GB MIG 4g.20gb (0),1,,13,cupy_copy__float32_float32
5223750624,2944,353596,103,1,1,128,1,1,16,0.000,0.000,,,,,NVIDIA A100-SXM4-40GB MIG 4g.20gb (0),1,,13,cupy_copy__complex64_complex64
5223755488,12128,353606,1434,1,1,128,1,1,16,0.000,0.000,,,,,NVIDIA A100-SXM4-40GB MIG 4g.20gb (0),1,,13,cupy_copy__complex64_complex64
5223775744,82591,353611,1,1,1,32,32,1,30,0.000,0.000,,,,,NVIDIA A100-SXM4-40GB MIG 4g.20gb (0),1,,13,"void convert_kernel<__half2, float2>(tensor_layout_any, T1 *, tensor_layout_any, const T2 *)"
5223885022,5792,353614,,,,,,,,,,0.094,16176.708,Pinned,Device,NVIDIA A100-SXM4-40GB MIG 4g.20gb (0),1,,13,[CUDA memcpy Host-to-Device]
5223894846,596857,353615,,,,,,,,,,456.561,764740.412,Device,,NVIDIA A100-SXM4-40GB MIG 4g.20gb (0),1,,13,[CUDA memset]
5224492567,101566,353620,,,,,,,,,,1.235,12158.024,Pinned,Device,NVIDIA A100-SXM4-40GB MIG 4g.20gb (0),1,,13,[CUDA memcpy Host-to-Device]
5224602773,22432,353621,,,,,,,,,,0.197,8764.588,Pinned,Device,NVIDIA A100-SXM4-40GB MIG 4g.20gb (0),1,,13,[CUDA memcpy Host-to-Device]
5224645461,8256,353622,69,4,1,48,1,1,76,0.002,0.000,,,,,NVIDIA A100-SXM4-40GB MIG 4g.20gb (0),1,,13,"void ch_est::windowedChEstPreNoDftSOfdmKernel<float, __half, float, (unsigned int)2, (unsigned int)1, (unsigned short)4>(ch_est::puschRxChEstStatDescr_t *, ch_est::puschRxChEstDynDescr_t *)"
5224656341,7392,353623,137,2,1,24,2,1,44,0.001,0.001,,,,,NVIDIA A100-SXM4-40GB MIG 4g.20gb (0),1,,13,"void ch_est::chEstFilterNoDftSOfdmDispatchKernel<float, __half, float, (unsigned int)2>(ch_est::puschRxChEstStatDescr_t *, ch_est::puschRxChEstDynDescr_t *)"
5224669589,5471,353624,137,2,1,24,2,1,44,0.001,0.001,,,,,NVIDIA A100-SXM4-40GB MIG 4g.20gb (0),1,,13,"void ch_est::chEstFilterNoDftSOfdmDispatchKernel<float, __half, float, (unsigned int)2>(ch_est::puschRxChEstStatDescr_t *, ch_est::puschRxChEstDynDescr_t *)"
5224679764,2976,353635,103,1,1,128,1,1,16,0.000,0.000,,,,,NVIDIA A100-SXM4-40GB MIG 4g.20gb (0),1,,13,cupy_copy__complex64_complex64
5224690868,13024,353645,1434,1,1,128,1,1,16,0.000,0.000,,,,,NVIDIA A100-SXM4-40GB MIG 4g.20gb (0),1,,13,cupy_copy__complex64_complex64
5224707732,2784,353652,103,1,1,128,1,1,16,0.000,0.000,,,,,NVIDIA A100-SXM4-40GB MIG 4g.20gb (0),1,,13,cupy_copy__complex64_complex64
5224719156,82207,353659,1,1,1,32,32,1,30,0.000,0.000,,,,,NVIDIA A100-SXM4-40GB MIG 4g.20gb (0),1,,13,"void convert_kernel<__half2, float2>(tensor_layout_any, T1 *, tensor_layout_any, const T2 *)"
5224829779,10047,353662,,,,,,,,,,0.094,9325.750,Pinned,Device,NVIDIA A100-SXM4-40GB MIG 4g.20gb (0),1,,13,[CUDA memcpy Host-to-Device]
5224848818,47424,353663,,,,,,,,,,35.810,755087.973,Device,,NVIDIA A100-SXM4-40GB MIG 4g.20gb (0),1,,13,[CUDA memset]
5224899154,7392,353665,,,,,,,,,,0.000,10.822,Pinned,Device,NVIDIA A100-SXM4-40GB MIG 4g.20gb (0),1,,13,[CUDA memcpy Host-to-Device]
5224910322,15871,353666,,,,,,,,,,0.197,12387.877,Pinned,Device,NVIDIA A100-SXM4-40GB MIG 4g.20gb (0),1,,13,[CUDA memcpy Host-to-Device]
5224946321,9728,353667,273,1,1,48,1,1,40,0.000,0.001,,,,,NVIDIA A100-SXM4-40GB MIG 4g.20gb (0),1,,13,"void pusch_noise_intf_est::noiseIntfEstNoDftSOfdmKernel<float, __half, float, float, (unsigned int)2, (unsigned int)1, (unsigned char)4, (unsigned char)4>(pusch_noise_intf_est::puschRxNoiseIntfEstDynDescr)"
5224965201,2784,353678,35,1,1,128,1,1,16,0.000,0.000,,,,,NVIDIA A100-SXM4-40GB MIG 4g.20gb (0),1,,13,cupy_copy__complex64_complex64
5224975345,1760,353687,1,1,1,1,1,1,18,0.000,0.000,,,,,NVIDIA A100-SXM4-40GB MIG 4g.20gb (0),1,,13,cupy_copy__float32_float32
5224991089,2240,353693,,,,,,,,,,0.000,1.786,Device,Pageable,NVIDIA A100-SXM4-40GB MIG 4g.20gb (0),1,,7,[CUDA memcpy Device-to-Host]
5225072752,13183,353704,1434,1,1,128,1,1,16,0.000,0.000,,,,,NVIDIA A100-SXM4-40GB MIG 4g.20gb (0),1,,13,cupy_copy__complex64_complex64
5225092399,2912,353711,103,1,1,128,1,1,16,0.000,0.000,,,,,NVIDIA A100-SXM4-40GB MIG 4g.20gb (0),1,,13,cupy_copy__complex64_complex64
5225120911,2624,353718,35,1,1,128,1,1,16,0.000,0.000,,,,,NVIDIA A100-SXM4-40GB MIG 4g.20gb (0),1,,13,cupy_copy__complex64_complex64
5225134095,1760,353725,1,1,1,1,1,1,18,0.000,0.000,,,,,NVIDIA A100-SXM4-40GB MIG 4g.20gb (0),1,,13,cupy_copy__float32_float32
5225257677,86527,353736,1,1,1,32,32,1,30,0.000,0.000,,,,,NVIDIA A100-SXM4-40GB MIG 4g.20gb (0),1,,13,"void convert_kernel<__half2, float2>(tensor_layout_any, T1 *, tensor_layout_any, const T2 *)"
5225371916,5568,353739,,,,,,,,,,0.094,16827.521,Pinned,Device,NVIDIA A100-SXM4-40GB MIG 4g.20gb (0),1,,13,[CUDA memcpy Host-to-Device]
5225386988,3328,353740,,,,,,,,,,1.547,464729.580,Device,,NVIDIA A100-SXM4-40GB MIG 4g.20gb (0),1,,13,[CUDA memset]
5225393068,3040,353745,,,,,,,,,,0.031,10294.725,Pinned,Device,NVIDIA A100-SXM4-40GB MIG 4g.20gb (0),1,,13,[CUDA memcpy Host-to-Device]
5225398508,10175,353746,,,,,,,,,,0.197,19322.634,Pinned,Device,NVIDIA A100-SXM4-40GB MIG 4g.20gb (0),1,,13,[CUDA memcpy Host-to-Device]
5225412779,6560,353747,273,1,1,8,4,1,39,0.002,0.000,,,,,NVIDIA A100-SXM4-40GB MIG 4g.20gb (0),1,,13,"void channel_eq::eqMmseCoefCompLowMimoKernel<float, float, float, (unsigned int)4, (unsigned int)1, (unsigned int)4>(const channel_eq::_puschRxChEqStatDescr *, channel_eq::_puschRxChEqCoefCompDynDescr)"
5225420299,6368,353748,273,1,1,12,11,1,51,0.002,0.000,,,,,NVIDIA A100-SXM4-40GB MIG 4g.20gb (0),1,,13,"void channel_eq::eqMmseSoftDemapKernel<float, __half, __half, float, (unsigned int)4, (unsigned short)16383>(channel_eq::_puschRxChEqStatDescr *, channel_eq::_puschRxChEqSoftDemapDynDescr)"
5225427659,282557,353749,1,1,1,32,32,1,30,0.000,0.000,,,,,NVIDIA A100-SXM4-40GB MIG 4g.20gb (0),1,,13,"void convert_kernel<float2, __half2>(tensor_layout_any, T1 *, tensor_layout_any, const T2 *)"
5225711432,10848,353761,2253,1,1,128,1,1,16,0.000,0.000,,,,,NVIDIA A100-SXM4-40GB MIG 4g.20gb (0),1,,13,cupy_copy__float16_float16
5225725320,3647,353770,282,1,1,128,1,1,16,0.000,0.000,,,,,NVIDIA A100-SXM4-40GB MIG 4g.20gb (0),1,,13,cupy_copy__complex64_complex64
5225732135,2336,353779,26,1,1,128,1,1,16,0.000,0.000,,,,,NVIDIA A100-SXM4-40GB MIG 4g.20gb (0),1,,13,cupy_copy__float32_float32
5225735495,2880,353788,103,1,1,128,1,1,16,0.000,0.000,,,,,NVIDIA A100-SXM4-40GB MIG 4g.20gb (0),1,,13,cupy_copy__complex64_complex64
5225741831,12096,353798,1434,1,1,128,1,1,16,0.000,0.000,,,,,NVIDIA A100-SXM4-40GB MIG 4g.20gb (0),1,,13,cupy_copy__complex64_complex64
5225761031,87999,353803,1,1,1,32,32,1,30,0.000,0.000,,,,,NVIDIA A100-SXM4-40GB MIG 4g.20gb (0),1,,13,"void convert_kernel<__half2, float2>(tensor_layout_any, T1 *, tensor_layout_any, const T2 *)"
5225875590,6112,353806,,,,,,,,,,0.094,15329.790,Pinned,Device,NVIDIA A100-SXM4-40GB MIG 4g.20gb (0),1,,13,[CUDA memcpy Host-to-Device]
5225886086,597400,353807,,,,,,,,,,456.561,763827.289,Device,,NVIDIA A100-SXM4-40GB MIG 4g.20gb (0),1,,13,[CUDA memset]
5226487710,136670,353812,,,,,,,,,,1.235,9034.850,Pinned,Device,NVIDIA A100-SXM4-40GB MIG 4g.20gb (0),1,,13,[CUDA memcpy Host-to-Device]
5226634204,34304,353813,,,,,,,,,,0.197,5731.320,Pinned,Device,NVIDIA A100-SXM4-40GB MIG 4g.20gb (0),1,,13,[CUDA memcpy Host-to-Device]
5226681436,8064,353814,69,4,1,48,1,1,76,0.002,0.000,,,,,NVIDIA A100-SXM4-40GB MIG 4g.20gb (0),1,,13,"void ch_est::windowedChEstPreNoDftSOfdmKernel<float, __half, float, (unsigned int)2, (unsigned int)1, (unsigned short)4>(ch_est::puschRxChEstStatDescr_t *, ch_est::puschRxChEstDynDescr_t *)"
5226696764,6911,353815,137,2,1,24,2,1,44,0.001,0.001,,,,,NVIDIA A100-SXM4-40GB MIG 4g.20gb (0),1,,13,"void ch_est::chEstFilterNoDftSOfdmDispatchKernel<float, __half, float, (unsigned int)2>(ch_est::puschRxChEstStatDescr_t *, ch_est::puschRxChEstDynDescr_t *)"
5226706971,4800,353816,137,2,1,24,2,1,44,0.001,0.001,,,,,NVIDIA A100-SXM4-40GB MIG 4g.20gb (0),1,,13,"void ch_est::chEstFilterNoDftSOfdmDispatchKernel<float, __half, float, (unsigned int)2>(ch_est::puschRxChEstStatDescr_t *, ch_est::puschRxChEstDynDescr_t *)"
5226717819,2496,353827,103,1,1,128,1,1,16,0.000,0.000,,,,,NVIDIA A100-SXM4-40GB MIG 4g.20gb (0),1,,13,cupy_copy__complex64_complex64
5226726363,12480,353837,1434,1,1,128,1,1,16,0.000,0.000,,,,,NVIDIA A100-SXM4-40GB MIG 4g.20gb (0),1,,13,cupy_copy__complex64_complex64
5226741851,3136,353844,103,1,1,128,1,1,16,0.000,0.000,,,,,NVIDIA A100-SXM4-40GB MIG 4g.20gb (0),1,,13,cupy_copy__complex64_complex64
5226754619,84511,353851,1,1,1,32,32,1,30,0.000,0.000,,,,,NVIDIA A100-SXM4-40GB MIG 4g.20gb (0),1,,13,"void convert_kernel<__half2, float2>(tensor_layout_any, T1 *, tensor_layout_any, const T2 *)"
5226876345,6720,353854,,,,,,,,,,0.094,13942.808,Pinned,Device,NVIDIA A100-SXM4-40GB MIG 4g.20gb (0),1,,13,[CUDA memcpy Host-to-Device]
5226890233,46720,353855,,,,,,,,,,35.810,766475.528,Device,,NVIDIA A100-SXM4-40GB MIG 4g.20gb (0),1,,13,[CUDA memset]
5226942553,3647,353857,,,,,,,,,,0.000,21.936,Pinned,Device,NVIDIA A100-SXM4-40GB MIG 4g.20gb (0),1,,13,[CUDA memcpy Host-to-Device]
5226949656,11040,353858,,,,,,,,,,0.197,17808.556,Pinned,Device,NVIDIA A100-SXM4-40GB MIG 4g.20gb (0),1,,13,[CUDA memcpy Host-to-Device]
5226966648,13280,353859,273,1,1,48,1,1,40,0.000,0.001,,,,,NVIDIA A100-SXM4-40GB MIG 4g.20gb (0),1,,13,"void pusch_noise_intf_est::noiseIntfEstNoDftSOfdmKernel<float, __half, float, float, (unsigned int)2, (unsigned int)1, (unsigned char)4, (unsigned char)4>(pusch_noise_intf_est::puschRxNoiseIntfEstDynDescr)"
5226982520,2784,353870,35,1,1,128,1,1,16,0.000,0.000,,,,,NVIDIA A100-SXM4-40GB MIG 4g.20gb (0),1,,13,cupy_copy__complex64_complex64
5227000760,1920,353879,1,1,1,1,1,1,18,0.000,0.000,,,,,NVIDIA A100-SXM4-40GB MIG 4g.20gb (0),1,,13,cupy_copy__float32_float32
5227031063,1600,353885,,,,,,,,,,0.000,2.500,Device,Pageable,NVIDIA A100-SXM4-40GB MIG 4g.20gb (0),1,,7,[CUDA memcpy Device-to-Host]
5227089687,13024,353896,1434,1,1,128,1,1,16,0.000,0.000,,,,,NVIDIA A100-SXM4-40GB MIG 4g.20gb (0),1,,13,cupy_copy__complex64_complex64
5227116662,2880,353903,103,1,1,128,1,1,16,0.000,0.000,,,,,NVIDIA A100-SXM4-40GB MIG 4g.20gb (0),1,,13,cupy_copy__complex64_complex64
5227136822,2304,353910,35,1,1,128,1,1,16,0.000,0.000,,,,,NVIDIA A100-SXM4-40GB MIG 4g.20gb (0),1,,13,cupy_copy__complex64_complex64
5227155670,1760,353917,1,1,1,1,1,1,18,0.000,0.000,,,,,NVIDIA A100-SXM4-40GB MIG 4g.20gb (0),1,,13,cupy_copy__float32_float32
5227289876,82271,353928,1,1,1,32,32,1,30,0.000,0.000,,,,,NVIDIA A100-SXM4-40GB MIG 4g.20gb (0),1,,13,"void convert_kernel<__half2, float2>(tensor_layout_any, T1 *, tensor_layout_any, const T2 *)"
5227399187,5440,353931,,,,,,,,,,0.094,17223.480,Pinned,Device,NVIDIA A100-SXM4-40GB MIG 4g.20gb (0),1,,13,[CUDA memcpy Host-to-Device]
5227413587,3552,353932,,,,,,,,,,1.547,435422.601,Device,,NVIDIA A100-SXM4-40GB MIG 4g.20gb (0),1,,13,[CUDA memset]
5227420275,3456,353937,,,,,,,,,,0.031,9055.529,Pinned,Device,NVIDIA A100-SXM4-40GB MIG 4g.20gb (0),1,,13,[CUDA memcpy Host-to-Device]
5227426579,9471,353938,,,,,,,,,,0.197,20758.856,Pinned,Device,NVIDIA A100-SXM4-40GB MIG 4g.20gb (0),1,,13,[CUDA memcpy Host-to-Device]
5227440338,6176,353939,273,1,1,8,4,1,39,0.002,0.000,,,,,NVIDIA A100-SXM4-40GB MIG 4g.20gb (0),1,,13,"void channel_eq::eqMmseCoefCompLowMimoKernel<float, float, float, (unsigned int)4, (unsigned int)1, (unsigned int)4>(const channel_eq::_puschRxChEqStatDescr *, channel_eq::_puschRxChEqCoefCompDynDescr)"
5227447506,5952,353940,273,1,1,12,11,1,51,0.002,0.000,,,,,NVIDIA A100-SXM4-40GB MIG 4g.20gb (0),1,,13,"void channel_eq::eqMmseSoftDemapKernel<float, __half, __half, float, (unsigned int)4, (unsigned short)16383>(channel_eq::_puschRxChEqStatDescr *, channel_eq::_puschRxChEqSoftDemapDynDescr)"
5227455154,281789,353941,1,1,1,32,32,1,30,0.000,0.000,,,,,NVIDIA A100-SXM4-40GB MIG 4g.20gb (0),1,,13,"void convert_kernel<float2, __half2>(tensor_layout_any, T1 *, tensor_layout_any, const T2 *)"
5227738543,10848,353953,2253,1,1,128,1,1,16,0.000,0.000,,,,,NVIDIA A100-SXM4-40GB MIG 4g.20gb (0),1,,13,cupy_copy__float16_float16
5227750703,3200,353962,282,1,1,128,1,1,16,0.000,0.000,,,,,NVIDIA A100-SXM4-40GB MIG 4g.20gb (0),1,,13,cupy_copy__complex64_complex64
5227755950,2112,353971,26,1,1,128,1,1,16,0.000,0.000,,,,,NVIDIA A100-SXM4-40GB MIG 4g.20gb (0),1,,13,cupy_copy__float32_float32
5227762030,2976,353980,103,1,1,128,1,1,16,0.000,0.000,,,,,NVIDIA A100-SXM4-40GB MIG 4g.20gb (0),1,,13,cupy_copy__complex64_complex64
5227767726,12032,353990,1434,1,1,128,1,1,16,0.000,0.000,,,,,NVIDIA A100-SXM4-40GB MIG 4g.20gb (0),1,,13,cupy_copy__complex64_complex64
5227788270,87903,353995,1,1,1,32,32,1,30,0.000,0.000,,,,,NVIDIA A100-SXM4-40GB MIG 4g.20gb (0),1,,13,"void convert_kernel<__half2, float2>(tensor_layout_any, T1 *, tensor_layout_any, const T2 *)"
5227902893,5536,353998,,,,,,,,,,0.094,16924.777,Pinned,Device,NVIDIA A100-SXM4-40GB MIG 4g.20gb (0),1,,13,[CUDA memcpy Host-to-Device]
5227913165,600152,353999,,,,,,,,,,456.561,760631.359,Device,,NVIDIA A100-SXM4-40GB MIG 4g.20gb (0),1,,13,[CUDA memset]
5228519589,150334,354004,,,,,,,,,,1.235,8213.613,Pinned,Device,NVIDIA A100-SXM4-40GB MIG 4g.20gb (0),1,,13,[CUDA memcpy Host-to-Device]
5228684163,42976,354005,,,,,,,,,,0.197,4574.675,Pinned,Device,NVIDIA A100-SXM4-40GB MIG 4g.20gb (0),1,,13,[CUDA memcpy Host-to-Device]
5228756770,8416,354006,69,4,1,48,1,1,76,0.002,0.000,,,,,NVIDIA A100-SXM4-40GB MIG 4g.20gb (0),1,,13,"void ch_est::windowedChEstPreNoDftSOfdmKernel<float, __half, float, (unsigned int)2, (unsigned int)1, (unsigned short)4>(ch_est::puschRxChEstStatDescr_t *, ch_est::puschRxChEstDynDescr_t *)"
5228775522,6720,354007,137,2,1,24,2,1,44,0.001,0.001,,,,,NVIDIA A100-SXM4-40GB MIG 4g.20gb (0),1,,13,"void ch_est::chEstFilterNoDftSOfdmDispatchKernel<float, __half, float, (unsigned int)2>(ch_est::puschRxChEstStatDescr_t *, ch_est::puschRxChEstDynDescr_t *)"
5228799714,4800,354008,137,2,1,24,2,1,44,0.001,0.001,,,,,NVIDIA A100-SXM4-40GB MIG 4g.20gb (0),1,,13,"void ch_est::chEstFilterNoDftSOfdmDispatchKernel<float, __half, float, (unsigned int)2>(ch_est::puschRxChEstStatDescr_t *, ch_est::puschRxChEstDynDescr_t *)"
5228819425,2624,354019,103,1,1,128,1,1,16,0.000,0.000,,,,,NVIDIA A100-SXM4-40GB MIG 4g.20gb (0),1,,13,cupy_copy__complex64_complex64
5228835841,12512,354029,1434,1,1,128,1,1,16,0.000,0.000,,,,,NVIDIA A100-SXM4-40GB MIG 4g.20gb (0),1,,13,cupy_copy__complex64_complex64
5228860545,2560,354036,103,1,1,128,1,1,16,0.000,0.000,,,,,NVIDIA A100-SXM4-40GB MIG 4g.20gb (0),1,,13,cupy_copy__complex64_complex64
5228882433,90206,354043,1,1,1,32,32,1,30,0.000,0.000,,,,,NVIDIA A100-SXM4-40GB MIG 4g.20gb (0),1,,13,"void convert_kernel<__half2, float2>(tensor_layout_any, T1 *, tensor_layout_any, const T2 *)"
5229003903,20032,354046,,,,,,,,,,0.094,4677.304,Pinned,Device,NVIDIA A100-SXM4-40GB MIG 4g.20gb (0),1,,13,[CUDA memcpy Host-to-Device]
5229035263,47199,354047,,,,,,,,,,35.810,758668.965,Device,,NVIDIA A100-SXM4-40GB MIG 4g.20gb (0),1,,13,[CUDA memset]
5229083102,10240,354049,,,,,,,,,,0.000,7.812,Pinned,Device,NVIDIA A100-SXM4-40GB MIG 4g.20gb (0),1,,13,[CUDA memcpy Host-to-Device]
5229100318,19424,354050,,,,,,,,,,0.197,10121.773,Pinned,Device,NVIDIA A100-SXM4-40GB MIG 4g.20gb (0),1,,13,[CUDA memcpy Host-to-Device]
5229130142,10431,354051,273,1,1,48,1,1,40,0.000,0.001,,,,,NVIDIA A100-SXM4-40GB MIG 4g.20gb (0),1,,13,"void pusch_noise_intf_est::noiseIntfEstNoDftSOfdmKernel<float, __half, float, float, (unsigned int)2, (unsigned int)1, (unsigned char)4, (unsigned char)4>(pusch_noise_intf_est::puschRxNoiseIntfEstDynDescr)"
5229156573,3168,354062,35,1,1,128,1,1,16,0.000,0.000,,,,,NVIDIA A100-SXM4-40GB MIG 4g.20gb (0),1,,13,cupy_copy__complex64_complex64
5229167869,1792,354071,1,1,1,1,1,1,18,0.000,0.000,,,,,NVIDIA A100-SXM4-40GB MIG 4g.20gb (0),1,,13,cupy_copy__float32_float32
5229173309,5152,354077,,,,,,,,,,0.000,0.776,Device,Pageable,NVIDIA A100-SXM4-40GB MIG 4g.20gb (0),1,,7,[CUDA memcpy Device-to-Host]
5229238140,13408,354088,1434,1,1,128,1,1,16,0.000,0.000,,,,,NVIDIA A100-SXM4-40GB MIG 4g.20gb (0),1,,13,cupy_copy__complex64_complex64
5229266588,2944,354095,103,1,1,128,1,1,16,0.000,0.000,,,,,NVIDIA A100-SXM4-40GB MIG 4g.20gb (0),1,,13,cupy_copy__complex64_complex64
5229288892,2496,354102,35,1,1,128,1,1,16,0.000,0.000,,,,,NVIDIA A100-SXM4-40GB MIG 4g.20gb (0),1,,13,cupy_copy__complex64_complex64
5229304507,1888,354109,1,1,1,1,1,1,18,0.000,0.000,,,,,NVIDIA A100-SXM4-40GB MIG 4g.20gb (0),1,,13,cupy_copy__float32_float32
5229434746,82239,354120,1,1,1,32,32,1,30,0.000,0.000,,,,,NVIDIA A100-SXM4-40GB MIG 4g.20gb (0),1,,13,"void convert_kernel<__half2, float2>(tensor_layout_any, T1 *, tensor_layout_any, const T2 *)"
5229545496,5472,354123,,,,,,,,,,0.094,17122.757,Pinned,Device,NVIDIA A100-SXM4-40GB MIG 4g.20gb (0),1,,13,[CUDA memcpy Host-to-Device]
5229560920,3072,354124,,,,,,,,,,1.547,503457.044,Device,,NVIDIA A100-SXM4-40GB MIG 4g.20gb (0),1,,13,[CUDA memset]
5229566456,3232,354129,,,,,,,,,,0.031,9683.139,Pinned,Device,NVIDIA A100-SXM4-40GB MIG 4g.20gb (0),1,,13,[CUDA memcpy Host-to-Device]
5229572152,10208,354130,,,,,,,,,,0.197,19260.113,Pinned,Device,NVIDIA A100-SXM4-40GB MIG 4g.20gb (0),1,,13,[CUDA memcpy Host-to-Device]
5229589944,6432,354131,273,1,1,8,4,1,39,0.002,0.000,,,,,NVIDIA A100-SXM4-40GB MIG 4g.20gb (0),1,,13,"void channel_eq::eqMmseCoefCompLowMimoKernel<float, float, float, (unsigned int)4, (unsigned int)1, (unsigned int)4>(const channel_eq::_puschRxChEqStatDescr *, channel_eq::_puschRxChEqCoefCompDynDescr)"
5229597400,7008,354132,273,1,1,12,11,1,51,0.002,0.000,,,,,NVIDIA A100-SXM4-40GB MIG 4g.20gb (0),1,,13,"void channel_eq::eqMmseSoftDemapKernel<float, __half, __half, float, (unsigned int)4, (unsigned short)16383>(channel_eq::_puschRxChEqStatDescr *, channel_eq::_puschRxChEqSoftDemapDynDescr)"
5229605752,295388,354133,1,1,1,32,32,1,30,0.000,0.000,,,,,NVIDIA A100-SXM4-40GB MIG 4g.20gb (0),1,,13,"void convert_kernel<float2, __half2>(tensor_layout_any, T1 *, tensor_layout_any, const T2 *)"
5229903700,11008,354145,2253,1,1,128,1,1,16,0.000,0.000,,,,,NVIDIA A100-SXM4-40GB MIG 4g.20gb (0),1,,13,cupy_copy__float16_float16
5229915988,3136,354154,282,1,1,128,1,1,16,0.000,0.000,,,,,NVIDIA A100-SXM4-40GB MIG 4g.20gb (0),1,,13,cupy_copy__complex64_complex64
5229921140,2176,354163,26,1,1,128,1,1,16,0.000,0.000,,,,,NVIDIA A100-SXM4-40GB MIG 4g.20gb (0),1,,13,cupy_copy__float32_float32
5229926260,2944,354172,103,1,1,128,1,1,16,0.000,0.000,,,,,NVIDIA A100-SXM4-40GB MIG 4g.20gb (0),1,,13,cupy_copy__complex64_complex64
5229931092,12064,354182,1434,1,1,128,1,1,16,0.000,0.000,,,,,NVIDIA A100-SXM4-40GB MIG 4g.20gb (0),1,,13,cupy_copy__complex64_complex64
5229945908,82270,354187,1,1,1,32,32,1,30,0.000,0.000,,,,,NVIDIA A100-SXM4-40GB MIG 4g.20gb (0),1,,13,"void convert_kernel<__half2, float2>(tensor_layout_any, T1 *, tensor_layout_any, const T2 *)"
5230055314,5824,354190,,,,,,,,,,0.094,16087.884,Pinned,Device,NVIDIA A100-SXM4-40GB MIG 4g.20gb (0),1,,13,[CUDA memcpy Host-to-Device]
5230065362,596185,354191,,,,,,,,,,456.561,765653.535,Device,,NVIDIA A100-SXM4-40GB MIG 4g.20gb (0),1,,13,[CUDA memset]
5230662475,173374,354196,,,,,,,,,,1.235,7121.922,Pinned,Device,NVIDIA A100-SXM4-40GB MIG 4g.20gb (0),1,,13,[CUDA memcpy Host-to-Device]
5230845800,41568,354197,,,,,,,,,,0.197,4729.602,Pinned,Device,NVIDIA A100-SXM4-40GB MIG 4g.20gb (0),1,,13,[CUDA memcpy Host-to-Device]
5230917320,8127,354198,69,4,1,48,1,1,76,0.002,0.000,,,,,NVIDIA A100-SXM4-40GB MIG 4g.20gb (0),1,,13,"void ch_est::windowedChEstPreNoDftSOfdmKernel<float, __half, float, (unsigned int)2, (unsigned int)1, (unsigned short)4>(ch_est::puschRxChEstStatDescr_t *, ch_est::puschRxChEstDynDescr_t *)"
5230934471,6368,354199,137,2,1,24,2,1,44,0.001,0.001,,,,,NVIDIA A100-SXM4-40GB MIG 4g.20gb (0),1,,13,"void ch_est::chEstFilterNoDftSOfdmDispatchKernel<float, __half, float, (unsigned int)2>(ch_est::puschRxChEstStatDescr_t *, ch_est::puschRxChEstDynDescr_t *)"
5230953927,4768,354200,137,2,1,24,2,1,44,0.001,0.001,,,,,NVIDIA A100-SXM4-40GB MIG 4g.20gb (0),1,,13,"void ch_est::chEstFilterNoDftSOfdmDispatchKernel<float, __half, float, (unsigned int)2>(ch_est::puschRxChEstStatDescr_t *, ch_est::puschRxChEstDynDescr_t *)"
5230970279,2688,354211,103,1,1,128,1,1,16,0.000,0.000,,,,,NVIDIA A100-SXM4-40GB MIG 4g.20gb (0),1,,13,cupy_copy__complex64_complex64
5230987047,12576,354221,1434,1,1,128,1,1,16,0.000,0.000,,,,,NVIDIA A100-SXM4-40GB MIG 4g.20gb (0),1,,13,cupy_copy__complex64_complex64
5231005862,2912,354228,103,1,1,128,1,1,16,0.000,0.000,,,,,NVIDIA A100-SXM4-40GB MIG 4g.20gb (0),1,,13,cupy_copy__complex64_complex64
5231029926,82271,354235,1,1,1,32,32,1,30,0.000,0.000,,,,,NVIDIA A100-SXM4-40GB MIG 4g.20gb (0),1,,13,"void convert_kernel<__half2, float2>(tensor_layout_any, T1 *, tensor_layout_any, const T2 *)"
5231147269,26495,354238,,,,,,,,,,0.094,3536.274,Pinned,Device,NVIDIA A100-SXM4-40GB MIG 4g.20gb (0),1,,13,[CUDA memcpy Host-to-Device]
5231189796,46496,354239,,,,,,,,,,35.810,770163.949,Device,,NVIDIA A100-SXM4-40GB MIG 4g.20gb (0),1,,13,[CUDA memset]
5231237092,13343,354241,,,,,,,,,,0.000,5.996,Pinned,Device,NVIDIA A100-SXM4-40GB MIG 4g.20gb (0),1,,13,[CUDA memcpy Host-to-Device]
5231260771,28512,354242,,,,,,,,,,0.197,6895.436,Pinned,Device,NVIDIA A100-SXM4-40GB MIG 4g.20gb (0),1,,13,[CUDA memcpy Host-to-Device]
5231313507,9728,354243,273,1,1,48,1,1,40,0.000,0.001,,,,,NVIDIA A100-SXM4-40GB MIG 4g.20gb (0),1,,13,"void pusch_noise_intf_est::noiseIntfEstNoDftSOfdmKernel<float, __half, float, float, (unsigned int)2, (unsigned int)1, (unsigned char)4, (unsigned char)4>(pusch_noise_intf_est::puschRxNoiseIntfEstDynDescr)"
5231330434,2752,354254,35,1,1,128,1,1,16,0.000,0.000,,,,,NVIDIA A100-SXM4-40GB MIG 4g.20gb (0),1,,13,cupy_copy__complex64_complex64
5231347298,1664,354263,1,1,1,1,1,1,18,0.000,0.000,,,,,NVIDIA A100-SXM4-40GB MIG 4g.20gb (0),1,,13,cupy_copy__float32_float32
5231356770,6720,354269,,,,,,,,,,0.000,0.595,Device,Pageable,NVIDIA A100-SXM4-40GB MIG 4g.20gb (0),1,,7,[CUDA memcpy Device-to-Host]
5231453185,12608,354280,1434,1,1,128,1,1,16,0.000,0.000,,,,,NVIDIA A100-SXM4-40GB MIG 4g.20gb (0),1,,13,cupy_copy__complex64_complex64
5231477089,3456,354287,103,1,1,128,1,1,16,0.000,0.000,,,,,NVIDIA A100-SXM4-40GB MIG 4g.20gb (0),1,,13,cupy_copy__complex64_complex64
5231497248,2624,354294,35,1,1,128,1,1,16,0.000,0.000,,,,,NVIDIA A100-SXM4-40GB MIG 4g.20gb (0),1,,13,cupy_copy__complex64_complex64
5231514880,1728,354301,1,1,1,1,1,1,18,0.000,0.000,,,,,NVIDIA A100-SXM4-40GB MIG 4g.20gb (0),1,,13,cupy_copy__float32_float32
5231634335,83007,354312,1,1,1,32,32,1,30,0.000,0.000,,,,,NVIDIA A100-SXM4-40GB MIG 4g.20gb (0),1,,13,"void convert_kernel<__half2, float2>(tensor_layout_any, T1 *, tensor_layout_any, const T2 *)"
5231745149,5536,354315,,,,,,,,,,0.094,16924.777,Pinned,Device,NVIDIA A100-SXM4-40GB MIG 4g.20gb (0),1,,13,[CUDA memcpy Host-to-Device]
5231760317,3424,354316,,,,,,,,,,1.547,451700.819,Device,,NVIDIA A100-SXM4-40GB MIG 4g.20gb (0),1,,13,[CUDA memset]
5231766365,3232,354321,,,,,,,,,,0.031,9683.139,Pinned,Device,NVIDIA A100-SXM4-40GB MIG 4g.20gb (0),1,,13,[CUDA memcpy Host-to-Device]
5231772477,9600,354322,,,,,,,,,,0.197,20479.869,Pinned,Device,NVIDIA A100-SXM4-40GB MIG 4g.20gb (0),1,,13,[CUDA memcpy Host-to-Device]
5231790909,6464,354323,273,1,1,8,4,1,39,0.002,0.000,,,,,NVIDIA A100-SXM4-40GB MIG 4g.20gb (0),1,,13,"void channel_eq::eqMmseCoefCompLowMimoKernel<float, float, float, (unsigned int)4, (unsigned int)1, (unsigned int)4>(const channel_eq::_puschRxChEqStatDescr *, channel_eq::_puschRxChEqCoefCompDynDescr)"
5231799453,6336,354324,273,1,1,12,11,1,51,0.002,0.000,,,,,NVIDIA A100-SXM4-40GB MIG 4g.20gb (0),1,,13,"void channel_eq::eqMmseSoftDemapKernel<float, __half, __half, float, (unsigned int)4, (unsigned short)16383>(channel_eq::_puschRxChEqStatDescr *, channel_eq::_puschRxChEqSoftDemapDynDescr)"
5231807197,282428,354325,1,1,1,32,32,1,30,0.000,0.000,,,,,NVIDIA A100-SXM4-40GB MIG 4g.20gb (0),1,,13,"void convert_kernel<float2, __half2>(tensor_layout_any, T1 *, tensor_layout_any, const T2 *)"
5232091129,11040,354337,2253,1,1,128,1,1,16,0.000,0.000,,,,,NVIDIA A100-SXM4-40GB MIG 4g.20gb (0),1,,13,cupy_copy__float16_float16
5232103481,3648,354346,282,1,1,128,1,1,16,0.000,0.000,,,,,NVIDIA A100-SXM4-40GB MIG 4g.20gb (0),1,,13,cupy_copy__complex64_complex64
5232111001,1984,354355,26,1,1,128,1,1,16,0.000,0.000,,,,,NVIDIA A100-SXM4-40GB MIG 4g.20gb (0),1,,13,cupy_copy__float32_float32
5232116729,3104,354364,103,1,1,128,1,1,16,0.000,0.000,,,,,NVIDIA A100-SXM4-40GB MIG 4g.20gb (0),1,,13,cupy_copy__complex64_complex64
5232120985,12000,354374,1434,1,1,128,1,1,16,0.000,0.000,,,,,NVIDIA A100-SXM4-40GB MIG 4g.20gb (0),1,,13,cupy_copy__complex64_complex64
5232135385,87454,354379,1,1,1,32,32,1,30,0.000,0.000,,,,,NVIDIA A100-SXM4-40GB MIG 4g.20gb (0),1,,13,"void convert_kernel<__half2, float2>(tensor_layout_any, T1 *, tensor_layout_any, const T2 *)"
5232251063,5600,354382,,,,,,,,,,0.094,16731.388,Pinned,Device,NVIDIA A100-SXM4-40GB MIG 4g.20gb (0),1,,13,[CUDA memcpy Host-to-Device]
5232261879,597657,354383,,,,,,,,,,456.561,763827.289,Device,,NVIDIA A100-SXM4-40GB MIG 4g.20gb (0),1,,13,[CUDA memset]
5232867472,115710,354388,,,,,,,,,,1.235,10672.386,Pinned,Device,NVIDIA A100-SXM4-40GB MIG 4g.20gb (0),1,,13,[CUDA memcpy Host-to-Device]
5232991726,18368,354389,,,,,,,,,,0.197,10703.733,Pinned,Device,NVIDIA A100-SXM4-40GB MIG 4g.20gb (0),1,,13,[CUDA memcpy Host-to-Device]
5233018062,8160,354390,69,4,1,48,1,1,76,0.002,0.000,,,,,NVIDIA A100-SXM4-40GB MIG 4g.20gb (0),1,,13,"void ch_est::windowedChEstPreNoDftSOfdmKernel<float, __half, float, (unsigned int)2, (unsigned int)1, (unsigned short)4>(ch_est::puschRxChEstStatDescr_t *, ch_est::puschRxChEstDynDescr_t *)"
5233029550,7519,354391,137,2,1,24,2,1,44,0.001,0.001,,,,,NVIDIA A100-SXM4-40GB MIG 4g.20gb (0),1,,13,"void ch_est::chEstFilterNoDftSOfdmDispatchKernel<float, __half, float, (unsigned int)2>(ch_est::puschRxChEstStatDescr_t *, ch_est::puschRxChEstDynDescr_t *)"
5233039693,6944,354392,137,2,1,24,2,1,44,0.001,0.001,,,,,NVIDIA A100-SXM4-40GB MIG 4g.20gb (0),1,,13,"void ch_est::chEstFilterNoDftSOfdmDispatchKernel<float, __half, float, (unsigned int)2>(ch_est::puschRxChEstStatDescr_t *, ch_est::puschRxChEstDynDescr_t *)"
5233049805,2624,354403,103,1,1,128,1,1,16,0.000,0.000,,,,,NVIDIA A100-SXM4-40GB MIG 4g.20gb (0),1,,13,cupy_copy__complex64_complex64
5233054061,12736,354413,1434,1,1,128,1,1,16,0.000,0.000,,,,,NVIDIA A100-SXM4-40GB MIG 4g.20gb (0),1,,13,cupy_copy__complex64_complex64
5233071693,2560,354420,103,1,1,128,1,1,16,0.000,0.000,,,,,NVIDIA A100-SXM4-40GB MIG 4g.20gb (0),1,,13,cupy_copy__complex64_complex64
5233077069,83103,354427,1,1,1,32,32,1,30,0.000,0.000,,,,,NVIDIA A100-SXM4-40GB MIG 4g.20gb (0),1,,13,"void convert_kernel<__half2, float2>(tensor_layout_any, T1 *, tensor_layout_any, const T2 *)"
5233187756,5535,354430,,,,,,,,,,0.094,16927.869,Pinned,Device,NVIDIA A100-SXM4-40GB MIG 4g.20gb (0),1,,13,[CUDA memcpy Host-to-Device]
5233200107,47936,354431,,,,,,,,,,35.810,747030.741,Device,,NVIDIA A100-SXM4-40GB MIG 4g.20gb (0),1,,13,[CUDA memset]
5233253899,5568,354433,,,,,,,,,,0.000,14.368,Pinned,Device,NVIDIA A100-SXM4-40GB MIG 4g.20gb (0),1,,13,[CUDA memcpy Host-to-Device]
5233264843,12383,354434,,,,,,,,,,0.197,15877.079,Pinned,Device,NVIDIA A100-SXM4-40GB MIG 4g.20gb (0),1,,13,[CUDA memcpy Host-to-Device]
5233286474,10208,354435,273,1,1,48,1,1,40,0.000,0.001,,,,,NVIDIA A100-SXM4-40GB MIG 4g.20gb (0),1,,13,"void pusch_noise_intf_est::noiseIntfEstNoDftSOfdmKernel<float, __half, float, float, (unsigned int)2, (unsigned int)1, (unsigned char)4, (unsigned char)4>(pusch_noise_intf_est::puschRxNoiseIntfEstDynDescr)"
5233300874,2784,354446,35,1,1,128,1,1,16,0.000,0.000,,,,,NVIDIA A100-SXM4-40GB MIG 4g.20gb (0),1,,13,cupy_copy__complex64_complex64
5233310794,1984,354455,1,1,1,1,1,1,18,0.000,0.000,,,,,NVIDIA A100-SXM4-40GB MIG 4g.20gb (0),1,,13,cupy_copy__float32_float32
5233339178,1600,354461,,,,,,,,,,0.000,2.500,Device,Pageable,NVIDIA A100-SXM4-40GB MIG 4g.20gb (0),1,,7,[CUDA memcpy Device-to-Host]
5233397417,12704,354472,1434,1,1,128,1,1,16,0.000,0.000,,,,,NVIDIA A100-SXM4-40GB MIG 4g.20gb (0),1,,13,cupy_copy__complex64_complex64
5233425353,2592,354479,103,1,1,128,1,1,16,0.000,0.000,,,,,NVIDIA A100-SXM4-40GB MIG 4g.20gb (0),1,,13,cupy_copy__complex64_complex64
5233444328,2720,354486,35,1,1,128,1,1,16,0.000,0.000,,,,,NVIDIA A100-SXM4-40GB MIG 4g.20gb (0),1,,13,cupy_copy__complex64_complex64
5233462664,1792,354493,1,1,1,1,1,1,18,0.000,0.000,,,,,NVIDIA A100-SXM4-40GB MIG 4g.20gb (0),1,,13,cupy_copy__float32_float32
5233594471,81983,354504,1,1,1,32,32,1,30,0.000,0.000,,,,,NVIDIA A100-SXM4-40GB MIG 4g.20gb (0),1,,13,"void convert_kernel<__half2, float2>(tensor_layout_any, T1 *, tensor_layout_any, const T2 *)"
5233704229,5920,354507,,,,,,,,,,0.094,15826.941,Pinned,Device,NVIDIA A100-SXM4-40GB MIG 4g.20gb (0),1,,13,[CUDA memcpy Host-to-Device]
5233718725,3328,354508,,,,,,,,,,1.547,464729.580,Device,,NVIDIA A100-SXM4-40GB MIG 4g.20gb (0),1,,13,[CUDA memset]
5233725381,3168,354513,,,,,,,,,,0.031,9878.770,Pinned,Device,NVIDIA A100-SXM4-40GB MIG 4g.20gb (0),1,,13,[CUDA memcpy Host-to-Device]
5233731301,9664,354514,,,,,,,,,,0.197,20344.209,Pinned,Device,NVIDIA A100-SXM4-40GB MIG 4g.20gb (0),1,,13,[CUDA memcpy Host-to-Device]
5233747045,6560,354515,273,1,1,8,4,1,39,0.002,0.000,,,,,NVIDIA A100-SXM4-40GB MIG 4g.20gb (0),1,,13,"void channel_eq::eqMmseCoefCompLowMimoKernel<float, float, float, (unsigned int)4, (unsigned int)1, (unsigned int)4>(const channel_eq::_puschRxChEqStatDescr *, channel_eq::_puschRxChEqCoefCompDynDescr)"
5233754565,6335,354516,273,1,1,12,11,1,51,0.002,0.000,,,,,NVIDIA A100-SXM4-40GB MIG 4g.20gb (0),1,,13,"void channel_eq::eqMmseSoftDemapKernel<float, __half, __half, float, (unsigned int)4, (unsigned short)16383>(channel_eq::_puschRxChEqStatDescr *, channel_eq::_puschRxChEqSoftDemapDynDescr)"
5233761988,282141,354517,1,1,1,32,32,1,30,0.000,0.000,,,,,NVIDIA A100-SXM4-40GB MIG 4g.20gb (0),1,,13,"void convert_kernel<float2, __half2>(tensor_layout_any, T1 *, tensor_layout_any, const T2 *)"
5234045217,11136,354529,2253,1,1,128,1,1,16,0.000,0.000,,,,,NVIDIA A100-SXM4-40GB MIG 4g.20gb (0),1,,13,cupy_copy__float16_float16
5234058913,3136,354538,282,1,1,128,1,1,16,0.000,0.000,,,,,NVIDIA A100-SXM4-40GB MIG 4g.20gb (0),1,,13,cupy_copy__complex64_complex64
5234064801,2112,354547,26,1,1,128,1,1,16,0.000,0.000,,,,,NVIDIA A100-SXM4-40GB MIG 4g.20gb (0),1,,13,cupy_copy__float32_float32
5234070017,2912,354556,103,1,1,128,1,1,16,0.000,0.000,,,,,NVIDIA A100-SXM4-40GB MIG 4g.20gb (0),1,,13,cupy_copy__complex64_complex64
5234074241,12447,354566,1434,1,1,128,1,1,16,0.000,0.000,,,,,NVIDIA A100-SXM4-40GB MIG 4g.20gb (0),1,,13,cupy_copy__complex64_complex64
5234092512,81695,354571,1,1,1,32,32,1,30,0.000,0.000,,,,,NVIDIA A100-SXM4-40GB MIG 4g.20gb (0),1,,13,"void convert_kernel<__half2, float2>(tensor_layout_any, T1 *, tensor_layout_any, const T2 *)"
5234201055,5600,354574,,,,,,,,,,0.094,16731.388,Pinned,Device,NVIDIA A100-SXM4-40GB MIG 4g.20gb (0),1,,13,[CUDA memcpy Host-to-Device]
5234211391,601817,354575,,,,,,,,,,456.561,758348.552,Device,,NVIDIA A100-SXM4-40GB MIG 4g.20gb (0),1,,13,[CUDA memset]
5234821911,151135,354580,,,,,,,,,,1.235,8170.390,Pinned,Device,NVIDIA A100-SXM4-40GB MIG 4g.20gb (0),1,,13,[CUDA memcpy Host-to-Device]
5234987157,39744,354581,,,,,,,,,,0.197,4946.854,Pinned,Device,NVIDIA A100-SXM4-40GB MIG 4g.20gb (0),1,,13,[CUDA memcpy Host-to-Device]
5235057589,8223,354582,69,4,1,48,1,1,76,0.002,0.000,,,,,NVIDIA A100-SXM4-40GB MIG 4g.20gb (0),1,,13,"void ch_est::windowedChEstPreNoDftSOfdmKernel<float, __half, float, (unsigned int)2, (unsigned int)1, (unsigned short)4>(ch_est::puschRxChEstStatDescr_t *, ch_est::puschRxChEstDynDescr_t *)"
5235076692,6688,354583,137,2,1,24,2,1,44,0.001,0.001,,,,,NVIDIA A100-SXM4-40GB MIG 4g.20gb (0),1,,13,"void ch_est::chEstFilterNoDftSOfdmDispatchKernel<float, __half, float, (unsigned int)2>(ch_est::puschRxChEstStatDescr_t *, ch_est::puschRxChEstDynDescr_t *)"
5235093428,4736,354584,137,2,1,24,2,1,44,0.001,0.001,,,,,NVIDIA A100-SXM4-40GB MIG 4g.20gb (0),1,,13,"void ch_est::chEstFilterNoDftSOfdmDispatchKernel<float, __half, float, (unsigned int)2>(ch_est::puschRxChEstStatDescr_t *, ch_est::puschRxChEstDynDescr_t *)"
5235110484,2496,354595,103,1,1,128,1,1,16,0.000,0.000,,,,,NVIDIA A100-SXM4-40GB MIG 4g.20gb (0),1,,13,cupy_copy__complex64_complex64
5235126260,12640,354605,1434,1,1,128,1,1,16,0.000,0.000,,,,,NVIDIA A100-SXM4-40GB MIG 4g.20gb (0),1,,13,cupy_copy__complex64_complex64
5235157075,2624,354612,103,1,1,128,1,1,16,0.000,0.000,,,,,NVIDIA A100-SXM4-40GB MIG 4g.20gb (0),1,,13,cupy_copy__complex64_complex64
5235171763,89023,354619,1,1,1,32,32,1,30,0.000,0.000,,,,,NVIDIA A100-SXM4-40GB MIG 4g.20gb (0),1,,13,"void convert_kernel<__half2, float2>(tensor_layout_any, T1 *, tensor_layout_any, const T2 *)"
5235290738,10336,354622,,,,,,,,,,0.094,9064.994,Pinned,Device,NVIDIA A100-SXM4-40GB MIG 4g.20gb (0),1,,13,[CUDA memcpy Host-to-Device]
5235308241,46944,354623,,,,,,,,,,35.810,762787.106,Device,,NVIDIA A100-SXM4-40GB MIG 4g.20gb (0),1,,13,[CUDA memset]
5235362609,2880,354625,,,,,,,,,,0.000,27.778,Pinned,Device,NVIDIA A100-SXM4-40GB MIG 4g.20gb (0),1,,13,[CUDA memcpy Host-to-Device]
5235370097,13024,354626,,,,,,,,,,0.197,15095.759,Pinned,Device,NVIDIA A100-SXM4-40GB MIG 4g.20gb (0),1,,13,[CUDA memcpy Host-to-Device]
5235389136,10016,354627,273,1,1,48,1,1,40,0.000,0.001,,,,,NVIDIA A100-SXM4-40GB MIG 4g.20gb (0),1,,13,"void pusch_noise_intf_est::noiseIntfEstNoDftSOfdmKernel<float, __half, float, float, (unsigned int)2, (unsigned int)1, (unsigned char)4, (unsigned char)4>(pusch_noise_intf_est::puschRxNoiseIntfEstDynDescr)"
5235402992,2976,354638,35,1,1,128,1,1,16,0.000,0.000,,,,,NVIDIA A100-SXM4-40GB MIG 4g.20gb (0),1,,13,cupy_copy__complex64_complex64
5235411184,1984,354647,1,1,1,1,1,1,18,0.000,0.000,,,,,NVIDIA A100-SXM4-40GB MIG 4g.20gb (0),1,,13,cupy_copy__float32_float32
5235442384,1600,354653,,,,,,,,,,0.000,2.500,Device,Pageable,NVIDIA A100-SXM4-40GB MIG 4g.20gb (0),1,,7,[CUDA memcpy Device-to-Host]
5235502799,12800,354664,1434,1,1,128,1,1,16,0.000,0.000,,,,,NVIDIA A100-SXM4-40GB MIG 4g.20gb (0),1,,13,cupy_copy__complex64_complex64
5235530511,2720,354671,103,1,1,128,1,1,16,0.000,0.000,,,,,NVIDIA A100-SXM4-40GB MIG 4g.20gb (0),1,,13,cupy_copy__complex64_complex64
5235550254,2784,354678,35,1,1,128,1,1,16,0.000,0.000,,,,,NVIDIA A100-SXM4-40GB MIG 4g.20gb (0),1,,13,cupy_copy__complex64_complex64
5235568302,1760,354685,1,1,1,1,1,1,18,0.000,0.000,,,,,NVIDIA A100-SXM4-40GB MIG 4g.20gb (0),1,,13,cupy_copy__float32_float32
5235701325,87807,354696,1,1,1,32,32,1,30,0.000,0.000,,,,,NVIDIA A100-SXM4-40GB MIG 4g.20gb (0),1,,13,"void convert_kernel<__half2, float2>(tensor_layout_any, T1 *, tensor_layout_any, const T2 *)"
5235816523,5856,354699,,,,,,,,,,0.094,15999.997,Pinned,Device,NVIDIA A100-SXM4-40GB MIG 4g.20gb (0),1,,13,[CUDA memcpy Host-to-Device]
5235830603,3232,354700,,,,,,,,,,1.547,478533.199,Device,,NVIDIA A100-SXM4-40GB MIG 4g.20gb (0),1,,13,[CUDA memset]
5235837483,3040,354705,,,,,,,,,,0.031,10294.725,Pinned,Device,NVIDIA A100-SXM4-40GB MIG 4g.20gb (0),1,,13,[CUDA memcpy Host-to-Device]
5235843403,9728,354706,,,,,,,,,,0.197,20210.516,Pinned,Device,NVIDIA A100-SXM4-40GB MIG 4g.20gb (0),1,,13,[CUDA memcpy Host-to-Device]
5235857387,8288,354707,273,1,1,8,4,1,39,0.002,0.000,,,,,NVIDIA A100-SXM4-40GB MIG 4g.20gb (0),1,,13,"void channel_eq::eqMmseCoefCompLowMimoKernel<float, float, float, (unsigned int)4, (unsigned int)1, (unsigned int)4>(const channel_eq::_puschRxChEqStatDescr *, channel_eq::_puschRxChEqCoefCompDynDescr)"
5235866987,7615,354708,273,1,1,12,11,1,51,0.002,0.000,,,,,NVIDIA A100-SXM4-40GB MIG 4g.20gb (0),1,,13,"void channel_eq::eqMmseSoftDemapKernel<float, __half, __half, float, (unsigned int)4, (unsigned short)16383>(channel_eq::_puschRxChEqStatDescr *, channel_eq::_puschRxChEqSoftDemapDynDescr)"
5235875658,282269,354709,1,1,1,32,32,1,30,0.000,0.000,,,,,NVIDIA A100-SXM4-40GB MIG 4g.20gb (0),1,,13,"void convert_kernel<float2, __half2>(tensor_layout_any, T1 *, tensor_layout_any, const T2 *)"
5236159975,10752,354721,2253,1,1,128,1,1,16,0.000,0.000,,,,,NVIDIA A100-SXM4-40GB MIG 4g.20gb (0),1,,13,cupy_copy__float16_float16
5236174375,3904,354730,282,1,1,128,1,1,16,0.000,0.000,,,,,NVIDIA A100-SXM4-40GB MIG 4g.20gb (0),1,,13,cupy_copy__complex64_complex64
5236179975,2208,354739,26,1,1,128,1,1,16,0.000,0.000,,,,,NVIDIA A100-SXM4-40GB MIG 4g.20gb (0),1,,13,cupy_copy__float32_float32
5236184167,2944,354748,103,1,1,128,1,1,16,0.000,0.000,,,,,NVIDIA A100-SXM4-40GB MIG 4g.20gb (0),1,,13,cupy_copy__complex64_complex64
5236188551,12319,354758,1434,1,1,128,1,1,16,0.000,0.000,,,,,NVIDIA A100-SXM4-40GB MIG 4g.20gb (0),1,,13,cupy_copy__complex64_complex64
5236205606,82495,354763,1,1,1,32,32,1,30,0.000,0.000,,,,,NVIDIA A100-SXM4-40GB MIG 4g.20gb (0),1,,13,"void convert_kernel<__half2, float2>(tensor_layout_any, T1 *, tensor_layout_any, const T2 *)"
5236314821,6272,354766,,,,,,,,,,0.094,14938.703,Pinned,Device,NVIDIA A100-SXM4-40GB MIG 4g.20gb (0),1,,13,[CUDA memcpy Host-to-Device]
5236325477,595705,354767,,,,,,,,,,456.561,766110.096,Device,,NVIDIA A100-SXM4-40GB MIG 4g.20gb (0),1,,13,[CUDA memset]
5236927229,146239,354772,,,,,,,,,,1.235,8444.547,Pinned,Device,NVIDIA A100-SXM4-40GB MIG 4g.20gb (0),1,,13,[CUDA memcpy Host-to-Device]
5237086236,39807,354773,,,,,,,,,,0.197,4938.990,Pinned,Device,NVIDIA A100-SXM4-40GB MIG 4g.20gb (0),1,,13,[CUDA memcpy Host-to-Device]
5237148059,8448,354774,69,4,1,48,1,1,76,0.002,0.000,,,,,NVIDIA A100-SXM4-40GB MIG 4g.20gb (0),1,,13,"void ch_est::windowedChEstPreNoDftSOfdmKernel<float, __half, float, (unsigned int)2, (unsigned int)1, (unsigned short)4>(ch_est::puschRxChEstStatDescr_t *, ch_est::puschRxChEstDynDescr_t *)"
5237165851,6687,354775,137,2,1,24,2,1,44,0.001,0.001,,,,,NVIDIA A100-SXM4-40GB MIG 4g.20gb (0),1,,13,"void ch_est::chEstFilterNoDftSOfdmDispatchKernel<float, __half, float, (unsigned int)2>(ch_est::puschRxChEstStatDescr_t *, ch_est::puschRxChEstDynDescr_t *)"
5237183130,4736,354776,137,2,1,24,2,1,44,0.001,0.001,,,,,NVIDIA A100-SXM4-40GB MIG 4g.20gb (0),1,,13,"void ch_est::chEstFilterNoDftSOfdmDispatchKernel<float, __half, float, (unsigned int)2>(ch_est::puschRxChEstStatDescr_t *, ch_est::puschRxChEstDynDescr_t *)"
5237199866,2720,354787,103,1,1,128,1,1,16,0.000,0.000,,,,,NVIDIA A100-SXM4-40GB MIG 4g.20gb (0),1,,13,cupy_copy__complex64_complex64
5237217338,12480,354797,1434,1,1,128,1,1,16,0.000,0.000,,,,,NVIDIA A100-SXM4-40GB MIG 4g.20gb (0),1,,13,cupy_copy__complex64_complex64
5237237370,2880,354804,103,1,1,128,1,1,16,0.000,0.000,,,,,NVIDIA A100-SXM4-40GB MIG 4g.20gb (0),1,,13,cupy_copy__complex64_complex64
5237263705,93759,354811,1,1,1,32,32,1,30,0.000,0.000,,,,,NVIDIA A100-SXM4-40GB MIG 4g.20gb (0),1,,13,"void convert_kernel<__half2, float2>(tensor_layout_any, T1 *, tensor_layout_any, const T2 *)"
5237395000,22111,354814,,,,,,,,,,0.094,4237.495,Pinned,Device,NVIDIA A100-SXM4-40GB MIG 4g.20gb (0),1,,13,[CUDA memcpy Host-to-Device]
5237433879,47392,354815,,,,,,,,,,35.810,755589.312,Device,,NVIDIA A100-SXM4-40GB MIG 4g.20gb (0),1,,13,[CUDA memset]
5237487383,10399,354817,,,,,,,,,,0.000,7.693,Pinned,Device,NVIDIA A100-SXM4-40GB MIG 4g.20gb (0),1,,13,[CUDA memcpy Host-to-Device]
5237508406,16864,354818,,,,,,,,,,0.197,11658.265,Pinned,Device,NVIDIA A100-SXM4-40GB MIG 4g.20gb (0),1,,13,[CUDA memcpy Host-to-Device]
5237540534,9984,354819,273,1,1,48,1,1,40,0.000,0.001,,,,,NVIDIA A100-SXM4-40GB MIG 4g.20gb (0),1,,13,"void pusch_noise_intf_est::noiseIntfEstNoDftSOfdmKernel<float, __half, float, float, (unsigned int)2, (unsigned int)1, (unsigned char)4, (unsigned char)4>(pusch_noise_intf_est::puschRxNoiseIntfEstDynDescr)"
5237561078,3168,354830,35,1,1,128,1,1,16,0.000,0.000,,,,,NVIDIA A100-SXM4-40GB MIG 4g.20gb (0),1,,13,cupy_copy__complex64_complex64
5237575989,1728,354839,1,1,1,1,1,1,18,0.000,0.000,,,,,NVIDIA A100-SXM4-40GB MIG 4g.20gb (0),1,,13,cupy_copy__float32_float32
5237582613,5344,354845,,,,,,,,,,0.000,0.749,Device,Pageable,NVIDIA A100-SXM4-40GB MIG 4g.20gb (0),1,,7,[CUDA memcpy Device-to-Host]
5237661780,13248,354856,1434,1,1,128,1,1,16,0.000,0.000,,,,,NVIDIA A100-SXM4-40GB MIG 4g.20gb (0),1,,13,cupy_copy__complex64_complex64
5237692340,3296,354863,103,1,1,128,1,1,16,0.000,0.000,,,,,NVIDIA A100-SXM4-40GB MIG 4g.20gb (0),1,,13,cupy_copy__complex64_complex64
5237708244,2848,354870,35,1,1,128,1,1,16,0.000,0.000,,,,,NVIDIA A100-SXM4-40GB MIG 4g.20gb (0),1,,13,cupy_copy__complex64_complex64
5237728148,1920,354877,1,1,1,1,1,1,18,0.000,0.000,,,,,NVIDIA A100-SXM4-40GB MIG 4g.20gb (0),1,,13,cupy_copy__float32_float32
5237852338,87263,354888,1,1,1,32,32,1,30,0.000,0.000,,,,,NVIDIA A100-SXM4-40GB MIG 4g.20gb (0),1,,13,"void convert_kernel<__half2, float2>(tensor_layout_any, T1 *, tensor_layout_any, const T2 *)"
5237967729,5824,354891,,,,,,,,,,0.094,16087.884,Pinned,Device,NVIDIA A100-SXM4-40GB MIG 4g.20gb (0),1,,13,[CUDA memcpy Host-to-Device]
5237982448,3328,354892,,,,,,,,,,1.547,464729.580,Device,,NVIDIA A100-SXM4-40GB MIG 4g.20gb (0),1,,13,[CUDA memset]
5237988240,3040,354897,,,,,,,,,,0.031,10294.725,Pinned,Device,NVIDIA A100-SXM4-40GB MIG 4g.20gb (0),1,,13,[CUDA memcpy Host-to-Device]
5237995088,9696,354898,,,,,,,,,,0.197,20277.166,Pinned,Device,NVIDIA A100-SXM4-40GB MIG 4g.20gb (0),1,,13,[CUDA memcpy Host-to-Device]
5238009232,8448,354899,273,1,1,8,4,1,39,0.002,0.000,,,,,NVIDIA A100-SXM4-40GB MIG 4g.20gb (0),1,,13,"void channel_eq::eqMmseCoefCompLowMimoKernel<float, float, float, (unsigned int)4, (unsigned int)1, (unsigned int)4>(const channel_eq::_puschRxChEqStatDescr *, channel_eq::_puschRxChEqCoefCompDynDescr)"
5238020528,6144,354900,273,1,1,12,11,1,51,0.002,0.000,,,,,NVIDIA A100-SXM4-40GB MIG 4g.20gb (0),1,,13,"void channel_eq::eqMmseSoftDemapKernel<float, __half, __half, float, (unsigned int)4, (unsigned short)16383>(channel_eq::_puschRxChEqStatDescr *, channel_eq::_puschRxChEqSoftDemapDynDescr)"
5238027696,282236,354901,1,1,1,32,32,1,30,0.000,0.000,,,,,NVIDIA A100-SXM4-40GB MIG 4g.20gb (0),1,,13,"void convert_kernel<float2, __half2>(tensor_layout_any, T1 *, tensor_layout_any, const T2 *)"
5238311020,11136,354913,2253,1,1,128,1,1,16,0.000,0.000,,,,,NVIDIA A100-SXM4-40GB MIG 4g.20gb (0),1,,13,cupy_copy__float16_float16
5238324876,3232,354922,282,1,1,128,1,1,16,0.000,0.000,,,,,NVIDIA A100-SXM4-40GB MIG 4g.20gb (0),1,,13,cupy_copy__complex64_complex64
5238330252,2048,354931,26,1,1,128,1,1,16,0.000,0.000,,,,,NVIDIA A100-SXM4-40GB MIG 4g.20gb (0),1,,13,cupy_copy__float32_float32
5238333580,4640,354940,103,1,1,128,1,1,16,0.000,0.000,,,,,NVIDIA A100-SXM4-40GB MIG 4g.20gb (0),1,,13,cupy_copy__complex64_complex64
5238339180,11936,354950,1434,1,1,128,1,1,16,0.000,0.000,,,,,NVIDIA A100-SXM4-40GB MIG 4g.20gb (0),1,,13,cupy_copy__complex64_complex64
5238356396,87423,354955,1,1,1,32,32,1,30,0.000,0.000,,,,,NVIDIA A100-SXM4-40GB MIG 4g.20gb (0),1,,13,"void convert_kernel<__half2, float2>(tensor_layout_any, T1 *, tensor_layout_any, const T2 *)"
5238470314,5536,354958,,,,,,,,,,0.094,16924.777,Pinned,Device,NVIDIA A100-SXM4-40GB MIG 4g.20gb (0),1,,13,[CUDA memcpy Host-to-Device]
5238480170,598137,354959,,,,,,,,,,456.561,762914.166,Device,,NVIDIA A100-SXM4-40GB MIG 4g.20gb (0),1,,13,[CUDA memset]
5239085507,91423,354964,,,,,,,,,,1.235,13507.817,Pinned,Device,NVIDIA A100-SXM4-40GB MIG 4g.20gb (0),1,,13,[CUDA memcpy Host-to-Device]
5239184098,16127,354965,,,,,,,,,,0.197,12191.072,Pinned,Device,NVIDIA A100-SXM4-40GB MIG 4g.20gb (0),1,,13,[CUDA memcpy Host-to-Device]
5239212257,8896,354966,69,4,1,48,1,1,76,0.002,0.000,,,,,NVIDIA A100-SXM4-40GB MIG 4g.20gb (0),1,,13,"void ch_est::windowedChEstPreNoDftSOfdmKernel<float, __half, float, (unsigned int)2, (unsigned int)1, (unsigned short)4>(ch_est::puschRxChEstStatDescr_t *, ch_est::puschRxChEstDynDescr_t *)"
5239226017,7648,354967,137,2,1,24,2,1,44,0.001,0.001,,,,,NVIDIA A100-SXM4-40GB MIG 4g.20gb (0),1,,13,"void ch_est::chEstFilterNoDftSOfdmDispatchKernel<float, __half, float, (unsigned int)2>(ch_est::puschRxChEstStatDescr_t *, ch_est::puschRxChEstDynDescr_t *)"
5239240385,5376,354968,137,2,1,24,2,1,44,0.001,0.001,,,,,NVIDIA A100-SXM4-40GB MIG 4g.20gb (0),1,,13,"void ch_est::chEstFilterNoDftSOfdmDispatchKernel<float, __half, float, (unsigned int)2>(ch_est::puschRxChEstStatDescr_t *, ch_est::puschRxChEstDynDescr_t *)"
5239252609,2784,354979,103,1,1,128,1,1,16,0.000,0.000,,,,,NVIDIA A100-SXM4-40GB MIG 4g.20gb (0),1,,13,cupy_copy__complex64_complex64
5239265217,12704,354989,1434,1,1,128,1,1,16,0.000,0.000,,,,,NVIDIA A100-SXM4-40GB MIG 4g.20gb (0),1,,13,cupy_copy__complex64_complex64
5239288416,2528,354996,103,1,1,128,1,1,16,0.000,0.000,,,,,NVIDIA A100-SXM4-40GB MIG 4g.20gb (0),1,,13,cupy_copy__complex64_complex64
5239302240,82143,355003,1,1,1,32,32,1,30,0.000,0.000,,,,,NVIDIA A100-SXM4-40GB MIG 4g.20gb (0),1,,13,"void convert_kernel<__half2, float2>(tensor_layout_any, T1 *, tensor_layout_any, const T2 *)"
5239419007,13792,355006,,,,,,,,,,0.094,6793.428,Pinned,Device,NVIDIA A100-SXM4-40GB MIG 4g.20gb (0),1,,13,[CUDA memcpy Host-to-Device]
5239444990,46976,355007,,,,,,,,,,35.810,762285.767,Device,,NVIDIA A100-SXM4-40GB MIG 4g.20gb (0),1,,13,[CUDA memset]
5239497886,11680,355009,,,,,,,,,,0.000,6.849,Pinned,Device,NVIDIA A100-SXM4-40GB MIG 4g.20gb (0),1,,13,[CUDA memcpy Host-to-Device]
5239519806,21471,355010,,,,,,,,,,0.197,9156.821,Pinned,Device,NVIDIA A100-SXM4-40GB MIG 4g.20gb (0),1,,13,[CUDA memcpy Host-to-Device]
5239567325,10080,355011,273,1,1,48,1,1,40,0.000,0.001,,,,,NVIDIA A100-SXM4-40GB MIG 4g.20gb (0),1,,13,"void pusch_noise_intf_est::noiseIntfEstNoDftSOfdmKernel<float, __half, float, float, (unsigned int)2, (unsigned int)1, (unsigned char)4, (unsigned char)4>(pusch_noise_intf_est::puschRxNoiseIntfEstDynDescr)"
5239583645,2752,355022,35,1,1,128,1,1,16,0.000,0.000,,,,,NVIDIA A100-SXM4-40GB MIG 4g.20gb (0),1,,13,cupy_copy__complex64_complex64
5239598877,1696,355031,1,1,1,1,1,1,18,0.000,0.000,,,,,NVIDIA A100-SXM4-40GB MIG 4g.20gb (0),1,,13,cupy_copy__float32_float32
5239603965,6431,355037,,,,,,,,,,0.000,0.622,Device,Pageable,NVIDIA A100-SXM4-40GB MIG 4g.20gb (0),1,,7,[CUDA memcpy Device-to-Host]
5239691675,12672,355048,1434,1,1,128,1,1,16,0.000,0.000,,,,,NVIDIA A100-SXM4-40GB MIG 4g.20gb (0),1,,13,cupy_copy__complex64_complex64
5239713755,2880,355055,103,1,1,128,1,1,16,0.000,0.000,,,,,NVIDIA A100-SXM4-40GB MIG 4g.20gb (0),1,,13,cupy_copy__complex64_complex64
5239744475,2560,355062,35,1,1,128,1,1,16,0.000,0.000,,,,,NVIDIA A100-SXM4-40GB MIG 4g.20gb (0),1,,13,cupy_copy__complex64_complex64
5239763899,1664,355069,1,1,1,1,1,1,18,0.000,0.000,,,,,NVIDIA A100-SXM4-40GB MIG 4g.20gb (0),1,,13,cupy_copy__float32_float32
5239891033,85951,355080,1,1,1,32,32,1,30,0.000,0.000,,,,,NVIDIA A100-SXM4-40GB MIG 4g.20gb (0),1,,13,"void convert_kernel<__half2, float2>(tensor_layout_any, T1 *, tensor_layout_any, const T2 *)"
5240008824,12031,355083,,,,,,,,,,0.094,7787.824,Pinned,Device,NVIDIA A100-SXM4-40GB MIG 4g.20gb (0),1,,13,[CUDA memcpy Host-to-Device]
5240029719,3520,355084,,,,,,,,,,1.547,439380.412,Device,,NVIDIA A100-SXM4-40GB MIG 4g.20gb (0),1,,13,[CUDA memset]
5240037815,8800,355089,,,,,,,,,,0.031,3556.352,Pinned,Device,NVIDIA A100-SXM4-40GB MIG 4g.20gb (0),1,,13,[CUDA memcpy Host-to-Device]
5240049207,17280,355090,,,,,,,,,,0.197,11377.705,Pinned,Device,NVIDIA A100-SXM4-40GB MIG 4g.20gb (0),1,,13,[CUDA memcpy Host-to-Device]
5240077719,6112,355091,273,1,1,8,4,1,39,0.002,0.000,,,,,NVIDIA A100-SXM4-40GB MIG 4g.20gb (0),1,,13,"void channel_eq::eqMmseCoefCompLowMimoKernel<float, float, float, (unsigned int)4, (unsigned int)1, (unsigned int)4>(const channel_eq::_puschRxChEqStatDescr *, channel_eq::_puschRxChEqCoefCompDynDescr)"
5240085559,7999,355092,273,1,1,12,11,1,51,0.002,0.000,,,,,NVIDIA A100-SXM4-40GB MIG 4g.20gb (0),1,,13,"void channel_eq::eqMmseSoftDemapKernel<float, __half, __half, float, (unsigned int)4, (unsigned short)16383>(channel_eq::_puschRxChEqStatDescr *, channel_eq::_puschRxChEqSoftDemapDynDescr)"
5240101718,282909,355093,1,1,1,32,32,1,30,0.000,0.000,,,,,NVIDIA A100-SXM4-40GB MIG 4g.20gb (0),1,,13,"void convert_kernel<float2, __half2>(tensor_layout_any, T1 *, tensor_layout_any, const T2 *)"
5240387603,11296,355105,2253,1,1,128,1,1,16,0.000,0.000,,,,,NVIDIA A100-SXM4-40GB MIG 4g.20gb (0),1,,13,cupy_copy__float16_float16
5240401075,3712,355114,282,1,1,128,1,1,16,0.000,0.000,,,,,NVIDIA A100-SXM4-40GB MIG 4g.20gb (0),1,,13,cupy_copy__complex64_complex64
5240406099,2048,355123,26,1,1,128,1,1,16,0.000,0.000,,,,,NVIDIA A100-SXM4-40GB MIG 4g.20gb (0),1,,13,cupy_copy__float32_float32
5240412723,3135,355132,103,1,1,128,1,1,16,0.000,0.000,,,,,NVIDIA A100-SXM4-40GB MIG 4g.20gb (0),1,,13,cupy_copy__complex64_complex64
5240418834,12192,355142,1434,1,1,128,1,1,16,0.000,0.000,,,,,NVIDIA A100-SXM4-40GB MIG 4g.20gb (0),1,,13,cupy_copy__complex64_complex64
5240434610,90591,355147,1,1,1,32,32,1,30,0.000,0.000,,,,,NVIDIA A100-SXM4-40GB MIG 4g.20gb (0),1,,13,"void convert_kernel<__half2, float2>(tensor_layout_any, T1 *, tensor_layout_any, const T2 *)"
5240552433,5952,355150,,,,,,,,,,0.094,15741.865,Pinned,Device,NVIDIA A100-SXM4-40GB MIG 4g.20gb (0),1,,13,[CUDA memcpy Host-to-Device]
5240563249,601368,355151,,,,,,,,,,456.561,758805.113,Device,,NVIDIA A100-SXM4-40GB MIG 4g.20gb (0),1,,13,[CUDA memset]
5241171689,104639,355156,,,,,,,,,,1.235,11801.125,Pinned,Device,NVIDIA A100-SXM4-40GB MIG 4g.20gb (0),1,,13,[CUDA memcpy Host-to-Device]
5241288488,25823,355157,,,,,,,,,,0.197,7613.645,Pinned,Device,NVIDIA A100-SXM4-40GB MIG 4g.20gb (0),1,,13,[CUDA memcpy Host-to-Device]
5241330247,8000,355158,69,4,1,48,1,1,76,0.002,0.000,,,,,NVIDIA A100-SXM4-40GB MIG 4g.20gb (0),1,,13,"void ch_est::windowedChEstPreNoDftSOfdmKernel<float, __half, float, (unsigned int)2, (unsigned int)1, (unsigned short)4>(ch_est::puschRxChEstStatDescr_t *, ch_est::puschRxChEstDynDescr_t *)"
5241341383,6880,355159,137,2,1,24,2,1,44,0.001,0.001,,,,,NVIDIA A100-SXM4-40GB MIG 4g.20gb (0),1,,13,"void ch_est::chEstFilterNoDftSOfdmDispatchKernel<float, __half, float, (unsigned int)2>(ch_est::puschRxChEstStatDescr_t *, ch_est::puschRxChEstDynDescr_t *)"
5241354791,5600,355160,137,2,1,24,2,1,44,0.001,0.001,,,,,NVIDIA A100-SXM4-40GB MIG 4g.20gb (0),1,,13,"void ch_est::chEstFilterNoDftSOfdmDispatchKernel<float, __half, float, (unsigned int)2>(ch_est::puschRxChEstStatDescr_t *, ch_est::puschRxChEstDynDescr_t *)"
5241365095,2656,355171,103,1,1,128,1,1,16,0.000,0.000,,,,,NVIDIA A100-SXM4-40GB MIG 4g.20gb (0),1,,13,cupy_copy__complex64_complex64
5241376327,12800,355181,1434,1,1,128,1,1,16,0.000,0.000,,,,,NVIDIA A100-SXM4-40GB MIG 4g.20gb (0),1,,13,cupy_copy__complex64_complex64
5241393990,2560,355188,103,1,1,128,1,1,16,0.000,0.000,,,,,NVIDIA A100-SXM4-40GB MIG 4g.20gb (0),1,,13,cupy_copy__complex64_complex64
5241402854,92671,355195,1,1,1,32,32,1,30,0.000,0.000,,,,,NVIDIA A100-SXM4-40GB MIG 4g.20gb (0),1,,13,"void convert_kernel<__half2, float2>(tensor_layout_any, T1 *, tensor_layout_any, const T2 *)"
5241525093,13920,355198,,,,,,,,,,0.094,6731.027,Pinned,Device,NVIDIA A100-SXM4-40GB MIG 4g.20gb (0),1,,13,[CUDA memcpy Host-to-Device]
5241549413,47647,355199,,,,,,,,,,35.810,751542.791,Device,,NVIDIA A100-SXM4-40GB MIG 4g.20gb (0),1,,13,[CUDA memset]
5241601444,7328,355201,,,,,,,,,,0.000,10.917,Pinned,Device,NVIDIA A100-SXM4-40GB MIG 4g.20gb (0),1,,13,[CUDA memcpy Host-to-Device]
5241612356,14144,355202,,,,,,,,,,0.197,13900.382,Pinned,Device,NVIDIA A100-SXM4-40GB MIG 4g.20gb (0),1,,13,[CUDA memcpy Host-to-Device]
5241639843,12448,355203,273,1,1,48,1,1,40,0.000,0.001,,,,,NVIDIA A100-SXM4-40GB MIG 4g.20gb (0),1,,13,"void pusch_noise_intf_est::noiseIntfEstNoDftSOfdmKernel<float, __half, float, float, (unsigned int)2, (unsigned int)1, (unsigned char)4, (unsigned char)4>(pusch_noise_intf_est::puschRxNoiseIntfEstDynDescr)"
5241654883,3040,355214,35,1,1,128,1,1,16,0.000,0.000,,,,,NVIDIA A100-SXM4-40GB MIG 4g.20gb (0),1,,13,cupy_copy__complex64_complex64
5241660483,2016,355223,1,1,1,1,1,1,18,0.000,0.000,,,,,NVIDIA A100-SXM4-40GB MIG 4g.20gb (0),1,,13,cupy_copy__float32_float32
5241674787,1600,355229,,,,,,,,,,0.000,2.500,Device,Pageable,NVIDIA A100-SXM4-40GB MIG 4g.20gb (0),1,,7,[CUDA memcpy Device-to-Host]
5241734530,12736,355240,1434,1,1,128,1,1,16,0.000,0.000,,,,,NVIDIA A100-SXM4-40GB MIG 4g.20gb (0),1,,13,cupy_copy__complex64_complex64
5241760770,3392,355247,103,1,1,128,1,1,16,0.000,0.000,,,,,NVIDIA A100-SXM4-40GB MIG 4g.20gb (0),1,,13,cupy_copy__complex64_complex64
5241781474,2176,355254,35,1,1,128,1,1,16,0.000,0.000,,,,,NVIDIA A100-SXM4-40GB MIG 4g.20gb (0),1,,13,cupy_copy__complex64_complex64
5241799009,1952,355261,1,1,1,1,1,1,18,0.000,0.000,,,,,NVIDIA A100-SXM4-40GB MIG 4g.20gb (0),1,,13,cupy_copy__float32_float32
5241932352,81983,355272,1,1,1,32,32,1,30,0.000,0.000,,,,,NVIDIA A100-SXM4-40GB MIG 4g.20gb (0),1,,13,"void convert_kernel<__half2, float2>(tensor_layout_any, T1 *, tensor_layout_any, const T2 *)"
5242041694,5696,355275,,,,,,,,,,0.094,16449.363,Pinned,Device,NVIDIA A100-SXM4-40GB MIG 4g.20gb (0),1,,13,[CUDA memcpy Host-to-Device]
5242055902,3136,355276,,,,,,,,,,1.547,493182.821,Device,,NVIDIA A100-SXM4-40GB MIG 4g.20gb (0),1,,13,[CUDA memset]
5242065342,3072,355281,,,,,,,,,,0.031,10187.474,Pinned,Device,NVIDIA A100-SXM4-40GB MIG 4g.20gb (0),1,,13,[CUDA memcpy Host-to-Device]
5242071550,9888,355282,,,,,,,,,,0.197,19883.360,Pinned,Device,NVIDIA A100-SXM4-40GB MIG 4g.20gb (0),1,,13,[CUDA memcpy Host-to-Device]
5242086558,8224,355283,273,1,1,8,4,1,39,0.002,0.000,,,,,NVIDIA A100-SXM4-40GB MIG 4g.20gb (0),1,,13,"void channel_eq::eqMmseCoefCompLowMimoKernel<float, float, float, (unsigned int)4, (unsigned int)1, (unsigned int)4>(const channel_eq::_puschRxChEqStatDescr *, channel_eq::_puschRxChEqCoefCompDynDescr)"
5242097950,6304,355284,273,1,1,12,11,1,51,0.002,0.000,,,,,NVIDIA A100-SXM4-40GB MIG 4g.20gb (0),1,,13,"void channel_eq::eqMmseSoftDemapKernel<float, __half, __half, float, (unsigned int)4, (unsigned short)16383>(channel_eq::_puschRxChEqStatDescr *, channel_eq::_puschRxChEqSoftDemapDynDescr)"
5242106142,282140,355285,1,1,1,32,32,1,30,0.000,0.000,,,,,NVIDIA A100-SXM4-40GB MIG 4g.20gb (0),1,,13,"void convert_kernel<float2, __half2>(tensor_layout_any, T1 *, tensor_layout_any, const T2 *)"
5242389466,10944,355297,2253,1,1,128,1,1,16,0.000,0.000,,,,,NVIDIA A100-SXM4-40GB MIG 4g.20gb (0),1,,13,cupy_copy__float16_float16
5242405306,3104,355306,282,1,1,128,1,1,16,0.000,0.000,,,,,NVIDIA A100-SXM4-40GB MIG 4g.20gb (0),1,,13,cupy_copy__complex64_complex64
5242412474,2464,355315,26,1,1,128,1,1,16,0.000,0.000,,,,,NVIDIA A100-SXM4-40GB MIG 4g.20gb (0),1,,13,cupy_copy__float32_float32
5242417722,3264,355324,103,1,1,128,1,1,16,0.000,0.000,,,,,NVIDIA A100-SXM4-40GB MIG 4g.20gb (0),1,,13,cupy_copy__complex64_complex64
5242421946,11808,355334,1434,1,1,128,1,1,16,0.000,0.000,,,,,NVIDIA A100-SXM4-40GB MIG 4g.20gb (0),1,,13,cupy_copy__complex64_complex64
5242437754,87871,355339,1,1,1,32,32,1,30,0.000,0.000,,,,,NVIDIA A100-SXM4-40GB MIG 4g.20gb (0),1,,13,"void convert_kernel<__half2, float2>(tensor_layout_any, T1 *, tensor_layout_any, const T2 *)"
5242554136,5792,355342,,,,,,,,,,0.094,16176.708,Pinned,Device,NVIDIA A100-SXM4-40GB MIG 4g.20gb (0),1,,13,[CUDA memcpy Host-to-Device]
5242563352,598873,355343,,,,,,,,,,456.561,762001.043,Device,,NVIDIA A100-SXM4-40GB MIG 4g.20gb (0),1,,13,[CUDA memset]
5243168465,160702,355348,,,,,,,,,,1.235,7683.822,Pinned,Device,NVIDIA A100-SXM4-40GB MIG 4g.20gb (0),1,,13,[CUDA memcpy Host-to-Device]
5243341198,32704,355349,,,,,,,,,,0.197,6011.683,Pinned,Device,NVIDIA A100-SXM4-40GB MIG 4g.20gb (0),1,,13,[CUDA memcpy Host-to-Device]
5243398702,7968,355350,69,4,1,48,1,1,76,0.002,0.000,,,,,NVIDIA A100-SXM4-40GB MIG 4g.20gb (0),1,,13,"void ch_est::windowedChEstPreNoDftSOfdmKernel<float, __half, float, (unsigned int)2, (unsigned int)1, (unsigned short)4>(ch_est::puschRxChEstStatDescr_t *, ch_est::puschRxChEstDynDescr_t *)"
5243409390,6944,355351,137,2,1,24,2,1,44,0.001,0.001,,,,,NVIDIA A100-SXM4-40GB MIG 4g.20gb (0),1,,13,"void ch_est::chEstFilterNoDftSOfdmDispatchKernel<float, __half, float, (unsigned int)2>(ch_est::puschRxChEstStatDescr_t *, ch_est::puschRxChEstDynDescr_t *)"
5243423085,5280,355352,137,2,1,24,2,1,44,0.001,0.001,,,,,NVIDIA A100-SXM4-40GB MIG 4g.20gb (0),1,,13,"void ch_est::chEstFilterNoDftSOfdmDispatchKernel<float, __half, float, (unsigned int)2>(ch_est::puschRxChEstStatDescr_t *, ch_est::puschRxChEstDynDescr_t *)"
5243433293,3104,355363,103,1,1,128,1,1,16,0.000,0.000,,,,,NVIDIA A100-SXM4-40GB MIG 4g.20gb (0),1,,13,cupy_copy__complex64_complex64
5243447565,12512,355373,1434,1,1,128,1,1,16,0.000,0.000,,,,,NVIDIA A100-SXM4-40GB MIG 4g.20gb (0),1,,13,cupy_copy__complex64_complex64
5243466125,3104,355380,103,1,1,128,1,1,16,0.000,0.000,,,,,NVIDIA A100-SXM4-40GB MIG 4g.20gb (0),1,,13,cupy_copy__complex64_complex64
5243476653,87391,355387,1,1,1,32,32,1,30,0.000,0.000,,,,,NVIDIA A100-SXM4-40GB MIG 4g.20gb (0),1,,13,"void convert_kernel<__half2, float2>(tensor_layout_any, T1 *, tensor_layout_any, const T2 *)"
5243596395,13792,355390,,,,,,,,,,0.094,6793.428,Pinned,Device,NVIDIA A100-SXM4-40GB MIG 4g.20gb (0),1,,13,[CUDA memcpy Host-to-Device]
5243624619,47007,355391,,,,,,,,,,35.810,761784.428,Device,,NVIDIA A100-SXM4-40GB MIG 4g.20gb (0),1,,13,[CUDA memset]
5243677066,2752,355393,,,,,,,,,,0.000,29.070,Pinned,Device,NVIDIA A100-SXM4-40GB MIG 4g.20gb (0),1,,13,[CUDA memcpy Host-to-Device]
5243686858,19040,355394,,,,,,,,,,0.197,10326.049,Pinned,Device,NVIDIA A100-SXM4-40GB MIG 4g.20gb (0),1,,13,[CUDA memcpy Host-to-Device]
5243716234,12736,355395,273,1,1,48,1,1,40,0.000,0.001,,,,,NVIDIA A100-SXM4-40GB MIG 4g.20gb (0),1,,13,"void pusch_noise_intf_est::noiseIntfEstNoDftSOfdmKernel<float, __half, float, float, (unsigned int)2, (unsigned int)1, (unsigned char)4, (unsigned char)4>(pusch_noise_intf_est::puschRxNoiseIntfEstDynDescr)"
5243732714,3040,355406,35,1,1,128,1,1,16,0.000,0.000,,,,,NVIDIA A100-SXM4-40GB MIG 4g.20gb (0),1,,13,cupy_copy__complex64_complex64
5243741066,2080,355415,1,1,1,1,1,1,18,0.000,0.000,,,,,NVIDIA A100-SXM4-40GB MIG 4g.20gb (0),1,,13,cupy_copy__float32_float32
5243747881,6912,355421,,,,,,,,,,0.000,0.579,Device,Pageable,NVIDIA A100-SXM4-40GB MIG 4g.20gb (0),1,,7,[CUDA memcpy Device-to-Host]
5243828296,12800,355432,1434,1,1,128,1,1,16,0.000,0.000,,,,,NVIDIA A100-SXM4-40GB MIG 4g.20gb (0),1,,13,cupy_copy__complex64_complex64
5243852872,2848,355439,103,1,1,128,1,1,16,0.000,0.000,,,,,NVIDIA A100-SXM4-40GB MIG 4g.20gb (0),1,,13,cupy_copy__complex64_complex64
5243876392,2560,355446,35,1,1,128,1,1,16,0.000,0.000,,,,,NVIDIA A100-SXM4-40GB MIG 4g.20gb (0),1,,13,cupy_copy__complex64_complex64
5243896104,1984,355453,1,1,1,1,1,1,18,0.000,0.000,,,,,NVIDIA A100-SXM4-40GB MIG 4g.20gb (0),1,,13,cupy_copy__float32_float32
5244015814,81695,355464,1,1,1,32,32,1,30,0.000,0.000,,,,,NVIDIA A100-SXM4-40GB MIG 4g.20gb (0),1,,13,"void convert_kernel<__half2, float2>(tensor_layout_any, T1 *, tensor_layout_any, const T2 *)"
5244126533,5472,355467,,,,,,,,,,0.094,17122.757,Pinned,Device,NVIDIA A100-SXM4-40GB MIG 4g.20gb (0),1,,13,[CUDA memcpy Host-to-Device]
5244140101,3328,355468,,,,,,,,,,1.547,464729.580,Device,,NVIDIA A100-SXM4-40GB MIG 4g.20gb (0),1,,13,[CUDA memset]
5244147365,3391,355473,,,,,,,,,,0.031,9229.128,Pinned,Device,NVIDIA A100-SXM4-40GB MIG 4g.20gb (0),1,,13,[CUDA memcpy Host-to-Device]
5244153220,10528,355474,,,,,,,,,,0.197,18674.614,Pinned,Device,NVIDIA A100-SXM4-40GB MIG 4g.20gb (0),1,,13,[CUDA memcpy Host-to-Device]
5244169252,6272,355475,273,1,1,8,4,1,39,0.002,0.000,,,,,NVIDIA A100-SXM4-40GB MIG 4g.20gb (0),1,,13,"void channel_eq::eqMmseCoefCompLowMimoKernel<float, float, float, (unsigned int)4, (unsigned int)1, (unsigned int)4>(const channel_eq::_puschRxChEqStatDescr *, channel_eq::_puschRxChEqCoefCompDynDescr)"
5244176612,6080,355476,273,1,1,12,11,1,51,0.002,0.000,,,,,NVIDIA A100-SXM4-40GB MIG 4g.20gb (0),1,,13,"void channel_eq::eqMmseSoftDemapKernel<float, __half, __half, float, (unsigned int)4, (unsigned short)16383>(channel_eq::_puschRxChEqStatDescr *, channel_eq::_puschRxChEqSoftDemapDynDescr)"
5244183780,282685,355477,1,1,1,32,32,1,30,0.000,0.000,,,,,NVIDIA A100-SXM4-40GB MIG 4g.20gb (0),1,,13,"void convert_kernel<float2, __half2>(tensor_layout_any, T1 *, tensor_layout_any, const T2 *)"
5244469121,10911,355489,2253,1,1,128,1,1,16,0.000,0.000,,,,,NVIDIA A100-SXM4-40GB MIG 4g.20gb (0),1,,13,cupy_copy__float16_float16
5244484544,2624,355498,282,1,1,128,1,1,16,0.000,0.000,,,,,NVIDIA A100-SXM4-40GB MIG 4g.20gb (0),1,,13,cupy_copy__complex64_complex64
5244489760,2048,355507,26,1,1,128,1,1,16,0.000,0.000,,,,,NVIDIA A100-SXM4-40GB MIG 4g.20gb (0),1,,13,cupy_copy__float32_float32
5244494912,3040,355516,103,1,1,128,1,1,16,0.000,0.000,,,,,NVIDIA A100-SXM4-40GB MIG 4g.20gb (0),1,,13,cupy_copy__complex64_complex64
5244499008,11872,355526,1434,1,1,128,1,1,16,0.000,0.000,,,,,NVIDIA A100-SXM4-40GB MIG 4g.20gb (0),1,,13,cupy_copy__complex64_complex64
5244513824,87359,355531,1,1,1,32,32,1,30,0.000,0.000,,,,,NVIDIA A100-SXM4-40GB MIG 4g.20gb (0),1,,13,"void convert_kernel<__half2, float2>(tensor_layout_any, T1 *, tensor_layout_any, const T2 *)"
5244629087,5664,355534,,,,,,,,,,0.094,16542.310,Pinned,Device,NVIDIA A100-SXM4-40GB MIG 4g.20gb (0),1,,13,[CUDA memcpy Host-to-Device]
5244638718,597913,355535,,,,,,,,,,456.561,763370.728,Device,,NVIDIA A100-SXM4-40GB MIG 4g.20gb (0),1,,13,[CUDA memset]
5245246967,139294,355540,,,,,,,,,,1.235,8865.663,Pinned,Device,NVIDIA A100-SXM4-40GB MIG 4g.20gb (0),1,,13,[CUDA memcpy Host-to-Device]
5245396437,32512,355541,,,,,,,,,,0.197,6047.072,Pinned,Device,NVIDIA A100-SXM4-40GB MIG 4g.20gb (0),1,,13,[CUDA memcpy Host-to-Device]
5245441141,8159,355542,69,4,1,48,1,1,76,0.002,0.000,,,,,NVIDIA A100-SXM4-40GB MIG 4g.20gb (0),1,,13,"void ch_est::windowedChEstPreNoDftSOfdmKernel<float, __half, float, (unsigned int)2, (unsigned int)1, (unsigned short)4>(ch_est::puschRxChEstStatDescr_t *, ch_est::puschRxChEstDynDescr_t *)"
5245457460,6912,355543,137,2,1,24,2,1,44,0.001,0.001,,,,,NVIDIA A100-SXM4-40GB MIG 4g.20gb (0),1,,13,"void ch_est::chEstFilterNoDftSOfdmDispatchKernel<float, __half, float, (unsigned int)2>(ch_est::puschRxChEstStatDescr_t *, ch_est::puschRxChEstDynDescr_t *)"
5245473268,4736,355544,137,2,1,24,2,1,44,0.001,0.001,,,,,NVIDIA A100-SXM4-40GB MIG 4g.20gb (0),1,,13,"void ch_est::chEstFilterNoDftSOfdmDispatchKernel<float, __half, float, (unsigned int)2>(ch_est::puschRxChEstStatDescr_t *, ch_est::puschRxChEstDynDescr_t *)"
5245485748,2688,355555,103,1,1,128,1,1,16,0.000,0.000,,,,,NVIDIA A100-SXM4-40GB MIG 4g.20gb (0),1,,13,cupy_copy__complex64_complex64
5245498100,12480,355565,1434,1,1,128,1,1,16,0.000,0.000,,,,,NVIDIA A100-SXM4-40GB MIG 4g.20gb (0),1,,13,cupy_copy__complex64_complex64
5245526580,2591,355572,103,1,1,128,1,1,16,0.000,0.000,,,,,NVIDIA A100-SXM4-40GB MIG 4g.20gb (0),1,,13,cupy_copy__complex64_complex64
5245541267,89279,355579,1,1,1,32,32,1,30,0.000,0.000,,,,,NVIDIA A100-SXM4-40GB MIG 4g.20gb (0),1,,13,"void convert_kernel<__half2, float2>(tensor_layout_any, T1 *, tensor_layout_any, const T2 *)"
5245662290,11328,355582,,,,,,,,,,0.094,8271.108,Pinned,Device,NVIDIA A100-SXM4-40GB MIG 4g.20gb (0),1,,13,[CUDA memcpy Host-to-Device]
5245678930,46815,355583,,,,,,,,,,35.810,764899.891,Device,,NVIDIA A100-SXM4-40GB MIG 4g.20gb (0),1,,13,[CUDA memset]
5245728593,9536,355585,,,,,,,,,,0.000,8.389,Pinned,Device,NVIDIA A100-SXM4-40GB MIG 4g.20gb (0),1,,13,[CUDA memcpy Host-to-Device]
5245751249,17504,355586,,,,,,,,,,0.197,11232.018,Pinned,Device,NVIDIA A100-SXM4-40GB MIG 4g.20gb (0),1,,13,[CUDA memcpy Host-to-Device]
5245797392,10016,355587,273,1,1,48,1,1,40,0.000,0.001,,,,,NVIDIA A100-SXM4-40GB MIG 4g.20gb (0),1,,13,"void pusch_noise_intf_est::noiseIntfEstNoDftSOfdmKernel<float, __half, float, float, (unsigned int)2, (unsigned int)1, (unsigned char)4, (unsigned char)4>(pusch_noise_intf_est::puschRxNoiseIntfEstDynDescr)"
5245810896,2592,355598,35,1,1,128,1,1,16,0.000,0.000,,,,,NVIDIA A100-SXM4-40GB MIG 4g.20gb (0),1,,13,cupy_copy__complex64_complex64
5245825584,1760,355607,1,1,1,1,1,1,18,0.000,0.000,,,,,NVIDIA A100-SXM4-40GB MIG 4g.20gb (0),1,,13,cupy_copy__float32_float32
5245830512,4320,355613,,,,,,,,,,0.000,0.926,Device,Pageable,NVIDIA A100-SXM4-40GB MIG 4g.20gb (0),1,,7,[CUDA memcpy Device-to-Host]
5245913775,12960,355624,1434,1,1,128,1,1,16,0.000,0.000,,,,,NVIDIA A100-SXM4-40GB MIG 4g.20gb (0),1,,13,cupy_copy__complex64_complex64
5245946446,3488,355631,103,1,1,128,1,1,16,0.000,0.000,,,,,NVIDIA A100-SXM4-40GB MIG 4g.20gb (0),1,,13,cupy_copy__complex64_complex64
5245962798,2560,355638,35,1,1,128,1,1,16,0.000,0.000,,,,,NVIDIA A100-SXM4-40GB MIG 4g.20gb (0),1,,13,cupy_copy__complex64_complex64
5245986670,1760,355645,1,1,1,1,1,1,18,0.000,0.000,,,,,NVIDIA A100-SXM4-40GB MIG 4g.20gb (0),1,,13,cupy_copy__float32_float32
5246115564,86367,355656,1,1,1,32,32,1,30,0.000,0.000,,,,,NVIDIA A100-SXM4-40GB MIG 4g.20gb (0),1,,13,"void convert_kernel<__half2, float2>(tensor_layout_any, T1 *, tensor_layout_any, const T2 *)"
5246233227,23328,355659,,,,,,,,,,0.094,4016.373,Pinned,Device,NVIDIA A100-SXM4-40GB MIG 4g.20gb (0),1,,13,[CUDA memcpy Host-to-Device]
5246273866,3392,355660,,,,,,,,,,1.547,455961.768,Device,,NVIDIA A100-SXM4-40GB MIG 4g.20gb (0),1,,13,[CUDA memset]
5246280362,6368,355665,,,,,,,,,,0.031,4914.567,Pinned,Device,NVIDIA A100-SXM4-40GB MIG 4g.20gb (0),1,,13,[CUDA memcpy Host-to-Device]
5246297258,19648,355666,,,,,,,,,,0.197,10006.364,Pinned,Device,NVIDIA A100-SXM4-40GB MIG 4g.20gb (0),1,,13,[CUDA memcpy Host-to-Device]
5246334506,15231,355667,273,1,1,8,4,1,39,0.002,0.000,,,,,NVIDIA A100-SXM4-40GB MIG 4g.20gb (0),1,,13,"void channel_eq::eqMmseCoefCompLowMimoKernel<float, float, float, (unsigned int)4, (unsigned int)1, (unsigned int)4>(const channel_eq::_puschRxChEqStatDescr *, channel_eq::_puschRxChEqCoefCompDynDescr)"
5246354505,6080,355668,273,1,1,12,11,1,51,0.002,0.000,,,,,NVIDIA A100-SXM4-40GB MIG 4g.20gb (0),1,,13,"void channel_eq::eqMmseSoftDemapKernel<float, __half, __half, float, (unsigned int)4, (unsigned short)16383>(channel_eq::_puschRxChEqStatDescr *, channel_eq::_puschRxChEqSoftDemapDynDescr)"
5246368777,282525,355669,1,1,1,32,32,1,30,0.000,0.000,,,,,NVIDIA A100-SXM4-40GB MIG 4g.20gb (0),1,,13,"void convert_kernel<float2, __half2>(tensor_layout_any, T1 *, tensor_layout_any, const T2 *)"
5246652934,10816,355681,2253,1,1,128,1,1,16,0.000,0.000,,,,,NVIDIA A100-SXM4-40GB MIG 4g.20gb (0),1,,13,cupy_copy__float16_float16
5246667397,2976,355690,282,1,1,128,1,1,16,0.000,0.000,,,,,NVIDIA A100-SXM4-40GB MIG 4g.20gb (0),1,,13,cupy_copy__complex64_complex64
5246674853,2048,355699,26,1,1,128,1,1,16,0.000,0.000,,,,,NVIDIA A100-SXM4-40GB MIG 4g.20gb (0),1,,13,cupy_copy__float32_float32
5246677925,3008,355708,103,1,1,128,1,1,16,0.000,0.000,,,,,NVIDIA A100-SXM4-40GB MIG 4g.20gb (0),1,,13,cupy_copy__complex64_complex64
5246682981,12032,355718,1434,1,1,128,1,1,16,0.000,0.000,,,,,NVIDIA A100-SXM4-40GB MIG 4g.20gb (0),1,,13,cupy_copy__complex64_complex64
5246699237,82943,355723,1,1,1,32,32,1,30,0.000,0.000,,,,,NVIDIA A100-SXM4-40GB MIG 4g.20gb (0),1,,13,"void convert_kernel<__half2, float2>(tensor_layout_any, T1 *, tensor_layout_any, const T2 *)"
5246809028,5472,355726,,,,,,,,,,0.094,17122.757,Pinned,Device,NVIDIA A100-SXM4-40GB MIG 4g.20gb (0),1,,13,[CUDA memcpy Host-to-Device]
5246819204,595320,355727,,,,,,,,,,456.561,766566.658,Device,,NVIDIA A100-SXM4-40GB MIG 4g.20gb (0),1,,13,[CUDA memset]
5247419548,107007,355732,,,,,,,,,,1.235,11540.552,Pinned,Device,NVIDIA A100-SXM4-40GB MIG 4g.20gb (0),1,,13,[CUDA memcpy Host-to-Device]
5247537307,29567,355733,,,,,,,,,,0.197,6649.479,Pinned,Device,NVIDIA A100-SXM4-40GB MIG 4g.20gb (0),1,,13,[CUDA memcpy Host-to-Device]
5247583930,8096,355734,69,4,1,48,1,1,76,0.002,0.000,,,,,NVIDIA A100-SXM4-40GB MIG 4g.20gb (0),1,,13,"void ch_est::windowedChEstPreNoDftSOfdmKernel<float, __half, float, (unsigned int)2, (unsigned int)1, (unsigned short)4>(ch_est::puschRxChEstStatDescr_t *, ch_est::puschRxChEstDynDescr_t *)"
5247598906,6848,355735,137,2,1,24,2,1,44,0.001,0.001,,,,,NVIDIA A100-SXM4-40GB MIG 4g.20gb (0),1,,13,"void ch_est::chEstFilterNoDftSOfdmDispatchKernel<float, __half, float, (unsigned int)2>(ch_est::puschRxChEstStatDescr_t *, ch_est::puschRxChEstDynDescr_t *)"
5247614554,4736,355736,137,2,1,24,2,1,44,0.001,0.001,,,,,NVIDIA A100-SXM4-40GB MIG 4g.20gb (0),1,,13,"void ch_est::chEstFilterNoDftSOfdmDispatchKernel<float, __half, float, (unsigned int)2>(ch_est::puschRxChEstStatDescr_t *, ch_est::puschRxChEstDynDescr_t *)"
5247629690,2752,355747,103,1,1,128,1,1,16,0.000,0.000,,,,,NVIDIA A100-SXM4-40GB MIG 4g.20gb (0),1,,13,cupy_copy__complex64_complex64
5247643097,12576,355757,1434,1,1,128,1,1,16,0.000,0.000,,,,,NVIDIA A100-SXM4-40GB MIG 4g.20gb (0),1,,13,cupy_copy__complex64_complex64
5247661337,2912,355764,103,1,1,128,1,1,16,0.000,0.000,,,,,NVIDIA A100-SXM4-40GB MIG 4g.20gb (0),1,,13,cupy_copy__complex64_complex64
5247683545,90559,355771,1,1,1,32,32,1,30,0.000,0.000,,,,,NVIDIA A100-SXM4-40GB MIG 4g.20gb (0),1,,13,"void convert_kernel<__half2, float2>(tensor_layout_any, T1 *, tensor_layout_any, const T2 *)"
5247811063,22272,355774,,,,,,,,,,0.094,4206.857,Pinned,Device,NVIDIA A100-SXM4-40GB MIG 4g.20gb (0),1,,13,[CUDA memcpy Host-to-Device]
5247849303,47839,355775,,,,,,,,,,35.810,748534.758,Device,,NVIDIA A100-SXM4-40GB MIG 4g.20gb (0),1,,13,[CUDA memset]
5247905430,10432,355777,,,,,,,,,,0.000,7.669,Pinned,Device,NVIDIA A100-SXM4-40GB MIG 4g.20gb (0),1,,13,[CUDA memcpy Host-to-Device]
5247929462,31232,355778,,,,,,,,,,0.197,6294.995,Pinned,Device,NVIDIA A100-SXM4-40GB MIG 4g.20gb (0),1,,13,[CUDA memcpy Host-to-Device]
5247980693,9728,355779,273,1,1,48,1,1,40,0.000,0.001,,,,,NVIDIA A100-SXM4-40GB MIG 4g.20gb (0),1,,13,"void pusch_noise_intf_est::noiseIntfEstNoDftSOfdmKernel<float, __half, float, float, (unsigned int)2, (unsigned int)1, (unsigned char)4, (unsigned char)4>(pusch_noise_intf_est::puschRxNoiseIntfEstDynDescr)"
5247997365,2592,355790,35,1,1,128,1,1,16,0.000,0.000,,,,,NVIDIA A100-SXM4-40GB MIG 4g.20gb (0),1,,13,cupy_copy__complex64_complex64
5248014101,1696,355799,1,1,1,1,1,1,18,0.000,0.000,,,,,NVIDIA A100-SXM4-40GB MIG 4g.20gb (0),1,,13,cupy_copy__float32_float32
5248018773,6848,355805,,,,,,,,,,0.000,0.584,Device,Pageable,NVIDIA A100-SXM4-40GB MIG 4g.20gb (0),1,,7,[CUDA memcpy Device-to-Host]
5248118164,12575,355816,1434,1,1,128,1,1,16,0.000,0.000,,,,,NVIDIA A100-SXM4-40GB MIG 4g.20gb (0),1,,13,cupy_copy__complex64_complex64
5248141107,3392,355823,103,1,1,128,1,1,16,0.000,0.000,,,,,NVIDIA A100-SXM4-40GB MIG 4g.20gb (0),1,,13,cupy_copy__complex64_complex64
5248160755,2496,355830,35,1,1,128,1,1,16,0.000,0.000,,,,,NVIDIA A100-SXM4-40GB MIG 4g.20gb (0),1,,13,cupy_copy__complex64_complex64
5248179699,1984,355837,1,1,1,1,1,1,18,0.000,0.000,,,,,NVIDIA A100-SXM4-40GB MIG 4g.20gb (0),1,,13,cupy_copy__float32_float32
5248310257,82687,355848,1,1,1,32,32,1,30,0.000,0.000,,,,,NVIDIA A100-SXM4-40GB MIG 4g.20gb (0),1,,13,"void convert_kernel<__half2, float2>(tensor_layout_any, T1 *, tensor_layout_any, const T2 *)"
5248421296,5760,355851,,,,,,,,,,0.094,16266.656,Pinned,Device,NVIDIA A100-SXM4-40GB MIG 4g.20gb (0),1,,13,[CUDA memcpy Host-to-Device]
5248435216,3424,355852,,,,,,,,,,1.547,451700.819,Device,,NVIDIA A100-SXM4-40GB MIG 4g.20gb (0),1,,13,[CUDA memset]
5248442160,3072,355857,,,,,,,,,,0.031,10187.474,Pinned,Device,NVIDIA A100-SXM4-40GB MIG 4g.20gb (0),1,,13,[CUDA memcpy Host-to-Device]
5248447664,9535,355858,,,,,,,,,,0.197,20619.461,Pinned,Device,NVIDIA A100-SXM4-40GB MIG 4g.20gb (0),1,,13,[CUDA memcpy Host-to-Device]
5248462255,6304,355859,273,1,1,8,4,1,39,0.002,0.000,,,,,NVIDIA A100-SXM4-40GB MIG 4g.20gb (0),1,,13,"void channel_eq::eqMmseCoefCompLowMimoKernel<float, float, float, (unsigned int)4, (unsigned int)1, (unsigned int)4>(const channel_eq::_puschRxChEqStatDescr *, channel_eq::_puschRxChEqCoefCompDynDescr)"
5248471215,6176,355860,273,1,1,12,11,1,51,0.002,0.000,,,,,NVIDIA A100-SXM4-40GB MIG 4g.20gb (0),1,,13,"void channel_eq::eqMmseSoftDemapKernel<float, __half, __half, float, (unsigned int)4, (unsigned short)16383>(channel_eq::_puschRxChEqStatDescr *, channel_eq::_puschRxChEqSoftDemapDynDescr)"
5248478447,282365,355861,1,1,1,32,32,1,30,0.000,0.000,,,,,NVIDIA A100-SXM4-40GB MIG 4g.20gb (0),1,,13,"void convert_kernel<float2, __half2>(tensor_layout_any, T1 *, tensor_layout_any, const T2 *)"
5248761868,11104,355873,2253,1,1,128,1,1,16,0.000,0.000,,,,,NVIDIA A100-SXM4-40GB MIG 4g.20gb (0),1,,13,cupy_copy__float16_float16
5248777003,3168,355882,282,1,1,128,1,1,16,0.000,0.000,,,,,NVIDIA A100-SXM4-40GB MIG 4g.20gb (0),1,,13,cupy_copy__complex64_complex64
5248782187,2016,355891,26,1,1,128,1,1,16,0.000,0.000,,,,,NVIDIA A100-SXM4-40GB MIG 4g.20gb (0),1,,13,cupy_copy__float32_float32
5248786827,4576,355900,103,1,1,128,1,1,16,0.000,0.000,,,,,NVIDIA A100-SXM4-40GB MIG 4g.20gb (0),1,,13,cupy_copy__complex64_complex64
5248841739,12000,355916,1434,1,1,128,1,1,16,0.000,0.000,,,,,NVIDIA A100-SXM4-40GB MIG 4g.20gb (0),1,,13,cupy_copy__complex64_complex64
5248956585,82143,355921,1,1,1,32,32,1,30,0.000,0.000,,,,,NVIDIA A100-SXM4-40GB MIG 4g.20gb (0),1,,13,"void convert_kernel<__half2, float2>(tensor_layout_any, T1 *, tensor_layout_any, const T2 *)"
5249066472,5408,355924,,,,,,,,,,0.094,17325.421,Pinned,Device,NVIDIA A100-SXM4-40GB MIG 4g.20gb (0),1,,13,[CUDA memcpy Host-to-Device]
5249078632,600856,355925,,,,,,,,,,456.561,759718.236,Device,,NVIDIA A100-SXM4-40GB MIG 4g.20gb (0),1,,13,[CUDA memset]
5249680032,78687,355930,,,,,,,,,,1.235,15693.668,Pinned,Device,NVIDIA A100-SXM4-40GB MIG 4g.20gb (0),1,,13,[CUDA memcpy Host-to-Device]
5249767519,18400,355931,,,,,,,,,,0.197,10685.055,Pinned,Device,NVIDIA A100-SXM4-40GB MIG 4g.20gb (0),1,,13,[CUDA memcpy Host-to-Device]
5249800319,8224,355932,69,4,1,48,1,1,76,0.002,0.000,,,,,NVIDIA A100-SXM4-40GB MIG 4g.20gb (0),1,,13,"void ch_est::windowedChEstPreNoDftSOfdmKernel<float, __half, float, (unsigned int)2, (unsigned int)1, (unsigned short)4>(ch_est::puschRxChEstStatDescr_t *, ch_est::puschRxChEstDynDescr_t *)"
5249822079,6880,355933,137,2,1,24,2,1,44,0.001,0.001,,,,,NVIDIA A100-SXM4-40GB MIG 4g.20gb (0),1,,13,"void ch_est::chEstFilterNoDftSOfdmDispatchKernel<float, __half, float, (unsigned int)2>(ch_est::puschRxChEstStatDescr_t *, ch_est::puschRxChEstDynDescr_t *)"
5249830143,6367,355934,137,2,1,24,2,1,44,0.001,0.001,,,,,NVIDIA A100-SXM4-40GB MIG 4g.20gb (0),1,,13,"void ch_est::chEstFilterNoDftSOfdmDispatchKernel<float, __half, float, (unsigned int)2>(ch_est::puschRxChEstStatDescr_t *, ch_est::puschRxChEstDynDescr_t *)"
5249845246,2784,355945,103,1,1,128,1,1,16,0.000,0.000,,,,,NVIDIA A100-SXM4-40GB MIG 4g.20gb (0),1,,13,cupy_copy__complex64_complex64
5249853854,12896,355955,1434,1,1,128,1,1,16,0.000,0.000,,,,,NVIDIA A100-SXM4-40GB MIG 4g.20gb (0),1,,13,cupy_copy__complex64_complex64
5249875326,2752,355962,103,1,1,128,1,1,16,0.000,0.000,,,,,NVIDIA A100-SXM4-40GB MIG 4g.20gb (0),1,,13,cupy_copy__complex64_complex64
5249885694,87231,355969,1,1,1,32,32,1,30,0.000,0.000,,,,,NVIDIA A100-SXM4-40GB MIG 4g.20gb (0),1,,13,"void convert_kernel<__half2, float2>(tensor_layout_any, T1 *, tensor_layout_any, const T2 *)"
5250001852,14048,355972,,,,,,,,,,0.094,6669.656,Pinned,Device,NVIDIA A100-SXM4-40GB MIG 4g.20gb (0),1,,13,[CUDA memcpy Host-to-Device]
5250030140,47359,355973,,,,,,,,,,35.810,756126.461,Device,,NVIDIA A100-SXM4-40GB MIG 4g.20gb (0),1,,13,[CUDA memset]
5250083131,11040,355975,,,,,,,,,,0.000,7.246,Pinned,Device,NVIDIA A100-SXM4-40GB MIG 4g.20gb (0),1,,13,[CUDA memcpy Host-to-Device]
5250098171,24224,355976,,,,,,,,,,0.197,8116.175,Pinned,Device,NVIDIA A100-SXM4-40GB MIG 4g.20gb (0),1,,13,[CUDA memcpy Host-to-Device]
5250142619,10144,355977,273,1,1,48,1,1,40,0.000,0.001,,,,,NVIDIA A100-SXM4-40GB MIG 4g.20gb (0),1,,13,"void pusch_noise_intf_est::noiseIntfEstNoDftSOfdmKernel<float, __half, float, float, (unsigned int)2, (unsigned int)1, (unsigned char)4, (unsigned char)4>(pusch_noise_intf_est::puschRxNoiseIntfEstDynDescr)"
5250168794,2784,355988,35,1,1,128,1,1,16,0.000,0.000,,,,,NVIDIA A100-SXM4-40GB MIG 4g.20gb (0),1,,13,cupy_copy__complex64_complex64
5250183738,1760,355997,1,1,1,1,1,1,18,0.000,0.000,,,,,NVIDIA A100-SXM4-40GB MIG 4g.20gb (0),1,,13,cupy_copy__float32_float32
5250190970,5216,356003,,,,,,,,,,0.000,0.767,Device,Pageable,NVIDIA A100-SXM4-40GB MIG 4g.20gb (0),1,,7,[CUDA memcpy Device-to-Host]
5250288953,12704,356014,1434,1,1,128,1,1,16,0.000,0.000,,,,,NVIDIA A100-SXM4-40GB MIG 4g.20gb (0),1,,13,cupy_copy__complex64_complex64
5250310585,3552,356021,103,1,1,128,1,1,16,0.000,0.000,,,,,NVIDIA A100-SXM4-40GB MIG 4g.20gb (0),1,,13,cupy_copy__complex64_complex64
5250344472,2464,356028,35,1,1,128,1,1,16,0.000,0.000,,,,,NVIDIA A100-SXM4-40GB MIG 4g.20gb (0),1,,13,cupy_copy__complex64_complex64
5250364984,1696,356035,1,1,1,1,1,1,18,0.000,0.000,,,,,NVIDIA A100-SXM4-40GB MIG 4g.20gb (0),1,,13,cupy_copy__float32_float32
5250478935,86718,356046,1,1,1,32,32,1,30,0.000,0.000,,,,,NVIDIA A100-SXM4-40GB MIG 4g.20gb (0),1,,13,"void convert_kernel<__half2, float2>(tensor_layout_any, T1 *, tensor_layout_any, const T2 *)"
5250599125,16064,356049,,,,,,,,,,0.094,5832.576,Pinned,Device,NVIDIA A100-SXM4-40GB MIG 4g.20gb (0),1,,13,[CUDA memcpy Host-to-Device]
5250624885,3904,356050,,,,,,,,,,1.547,396163.098,Device,,NVIDIA A100-SXM4-40GB MIG 4g.20gb (0),1,,13,[CUDA memset]
5250631989,4768,356055,,,,,,,,,,0.031,6563.741,Pinned,Device,NVIDIA A100-SXM4-40GB MIG 4g.20gb (0),1,,13,[CUDA memcpy Host-to-Device]
5250642548,16416,356056,,,,,,,,,,0.197,11976.573,Pinned,Device,NVIDIA A100-SXM4-40GB MIG 4g.20gb (0),1,,13,[CUDA memcpy Host-to-Device]
5250668852,6848,356057,273,1,1,8,4,1,39,0.002,0.000,,,,,NVIDIA A100-SXM4-40GB MIG 4g.20gb (0),1,,13,"void channel_eq::eqMmseCoefCompLowMimoKernel<float, float, float, (unsigned int)4, (unsigned int)1, (unsigned int)4>(const channel_eq::_puschRxChEqStatDescr *, channel_eq::_puschRxChEqCoefCompDynDescr)"
5250679540,7936,356058,273,1,1,12,11,1,51,0.002,0.000,,,,,NVIDIA A100-SXM4-40GB MIG 4g.20gb (0),1,,13,"void channel_eq::eqMmseSoftDemapKernel<float, __half, __half, float, (unsigned int)4, (unsigned short)16383>(channel_eq::_puschRxChEqStatDescr *, channel_eq::_puschRxChEqSoftDemapDynDescr)"
5250689396,293180,356059,1,1,1,32,32,1,30,0.000,0.000,,,,,NVIDIA A100-SXM4-40GB MIG 4g.20gb (0),1,,13,"void convert_kernel<float2, __half2>(tensor_layout_any, T1 *, tensor_layout_any, const T2 *)"
5250985008,11072,356071,2253,1,1,128,1,1,16,0.000,0.000,,,,,NVIDIA A100-SXM4-40GB MIG 4g.20gb (0),1,,13,cupy_copy__float16_float16
5250997296,3136,356080,282,1,1,128,1,1,16,0.000,0.000,,,,,NVIDIA A100-SXM4-40GB MIG 4g.20gb (0),1,,13,cupy_copy__complex64_complex64
5251004016,2080,356089,26,1,1,128,1,1,16,0.000,0.000,,,,,NVIDIA A100-SXM4-40GB MIG 4g.20gb (0),1,,13,cupy_copy__float32_float32
5251007216,4640,356098,103,1,1,128,1,1,16,0.000,0.000,,,,,NVIDIA A100-SXM4-40GB MIG 4g.20gb (0),1,,13,cupy_copy__complex64_complex64
5251012848,12160,356108,1434,1,1,128,1,1,16,0.000,0.000,,,,,NVIDIA A100-SXM4-40GB MIG 4g.20gb (0),1,,13,cupy_copy__complex64_complex64
5251029808,82559,356113,1,1,1,32,32,1,30,0.000,0.000,,,,,NVIDIA A100-SXM4-40GB MIG 4g.20gb (0),1,,13,"void convert_kernel<__half2, float2>(tensor_layout_any, T1 *, tensor_layout_any, const T2 *)"
5251139182,5376,356116,,,,,,,,,,0.094,17428.487,Pinned,Device,NVIDIA A100-SXM4-40GB MIG 4g.20gb (0),1,,13,[CUDA memcpy Host-to-Device]
5251152942,599865,356117,,,,,,,,,,456.561,761087.920,Device,,NVIDIA A100-SXM4-40GB MIG 4g.20gb (0),1,,13,[CUDA memset]
5251755623,144958,356122,,,,,,,,,,1.235,8518.644,Pinned,Device,NVIDIA A100-SXM4-40GB MIG 4g.20gb (0),1,,13,[CUDA memcpy Host-to-Device]
5251911237,28192,356123,,,,,,,,,,0.197,6973.882,Pinned,Device,NVIDIA A100-SXM4-40GB MIG 4g.20gb (0),1,,13,[CUDA memcpy Host-to-Device]
5251960068,7968,356124,69,4,1,48,1,1,76,0.002,0.000,,,,,NVIDIA A100-SXM4-40GB MIG 4g.20gb (0),1,,13,"void ch_est::windowedChEstPreNoDftSOfdmKernel<float, __half, float, (unsigned int)2, (unsigned int)1, (unsigned short)4>(ch_est::puschRxChEstStatDescr_t *, ch_est::puschRxChEstDynDescr_t *)"
5251970948,6304,356125,137,2,1,24,2,1,44,0.001,0.001,,,,,NVIDIA A100-SXM4-40GB MIG 4g.20gb (0),1,,13,"void ch_est::chEstFilterNoDftSOfdmDispatchKernel<float, __half, float, (unsigned int)2>(ch_est::puschRxChEstStatDescr_t *, ch_est::puschRxChEstDynDescr_t *)"
5251985636,5280,356126,137,2,1,24,2,1,44,0.001,0.001,,,,,NVIDIA A100-SXM4-40GB MIG 4g.20gb (0),1,,13,"void ch_est::chEstFilterNoDftSOfdmDispatchKernel<float, __half, float, (unsigned int)2>(ch_est::puschRxChEstStatDescr_t *, ch_est::puschRxChEstDynDescr_t *)"
5251996484,2336,356137,103,1,1,128,1,1,16,0.000,0.000,,,,,NVIDIA A100-SXM4-40GB MIG 4g.20gb (0),1,,13,cupy_copy__complex64_complex64
5252004836,13152,356147,1434,1,1,128,1,1,16,0.000,0.000,,,,,NVIDIA A100-SXM4-40GB MIG 4g.20gb (0),1,,13,cupy_copy__complex64_complex64
5252028163,2464,356154,103,1,1,128,1,1,16,0.000,0.000,,,,,NVIDIA A100-SXM4-40GB MIG 4g.20gb (0),1,,13,cupy_copy__complex64_complex64
5252040291,90655,356161,1,1,1,32,32,1,30,0.000,0.000,,,,,NVIDIA A100-SXM4-40GB MIG 4g.20gb (0),1,,13,"void convert_kernel<__half2, float2>(tensor_layout_any, T1 *, tensor_layout_any, const T2 *)"
5252158434,5792,356164,,,,,,,,,,0.094,16176.708,Pinned,Device,NVIDIA A100-SXM4-40GB MIG 4g.20gb (0),1,,13,[CUDA memcpy Host-to-Device]
5252171586,46719,356165,,,,,,,,,,35.810,766475.528,Device,,NVIDIA A100-SXM4-40GB MIG 4g.20gb (0),1,,13,[CUDA memset]
5252223329,3904,356167,,,,,,,,,,0.000,20.492,Pinned,Device,NVIDIA A100-SXM4-40GB MIG 4g.20gb (0),1,,13,[CUDA memcpy Host-to-Device]
5252231809,13120,356168,,,,,,,,,,0.197,14985.265,Pinned,Device,NVIDIA A100-SXM4-40GB MIG 4g.20gb (0),1,,13,[CUDA memcpy Host-to-Device]
5252253345,9952,356169,273,1,1,48,1,1,40,0.000,0.001,,,,,NVIDIA A100-SXM4-40GB MIG 4g.20gb (0),1,,13,"void pusch_noise_intf_est::noiseIntfEstNoDftSOfdmKernel<float, __half, float, float, (unsigned int)2, (unsigned int)1, (unsigned char)4, (unsigned char)4>(pusch_noise_intf_est::puschRxNoiseIntfEstDynDescr)"
5252265984,2784,356180,35,1,1,128,1,1,16,0.000,0.000,,,,,NVIDIA A100-SXM4-40GB MIG 4g.20gb (0),1,,13,cupy_copy__complex64_complex64
5252278624,1856,356189,1,1,1,1,1,1,18,0.000,0.000,,,,,NVIDIA A100-SXM4-40GB MIG 4g.20gb (0),1,,13,cupy_copy__float32_float32
5252309952,1568,356195,,,,,,,,,,0.000,2.551,Device,Pageable,NVIDIA A100-SXM4-40GB MIG 4g.20gb (0),1,,7,[CUDA memcpy Device-to-Host]
5252369279,13088,356206,1434,1,1,128,1,1,16,0.000,0.000,,,,,NVIDIA A100-SXM4-40GB MIG 4g.20gb (0),1,,13,cupy_copy__complex64_complex64
5252399359,2592,356213,103,1,1,128,1,1,16,0.000,0.000,,,,,NVIDIA A100-SXM4-40GB MIG 4g.20gb (0),1,,13,cupy_copy__complex64_complex64
5252422399,2336,356220,35,1,1,128,1,1,16,0.000,0.000,,,,,NVIDIA A100-SXM4-40GB MIG 4g.20gb (0),1,,13,cupy_copy__complex64_complex64
5252438814,1856,356227,1,1,1,1,1,1,18,0.000,0.000,,,,,NVIDIA A100-SXM4-40GB MIG 4g.20gb (0),1,,13,cupy_copy__float32_float32
5252570269,82367,356238,1,1,1,32,32,1,30,0.000,0.000,,,,,NVIDIA A100-SXM4-40GB MIG 4g.20gb (0),1,,13,"void convert_kernel<__half2, float2>(tensor_layout_any, T1 *, tensor_layout_any, const T2 *)"
5252680091,6464,356241,,,,,,,,,,0.094,14494.959,Pinned,Device,NVIDIA A100-SXM4-40GB MIG 4g.20gb (0),1,,13,[CUDA memcpy Host-to-Device]
5252695067,3360,356242,,,,,,,,,,1.547,460304.688,Device,,NVIDIA A100-SXM4-40GB MIG 4g.20gb (0),1,,13,[CUDA memset]
5252700987,3040,356247,,,,,,,,,,0.031,10294.725,Pinned,Device,NVIDIA A100-SXM4-40GB MIG 4g.20gb (0),1,,13,[CUDA memcpy Host-to-Device]
5252706523,9568,356248,,,,,,,,,,0.197,20548.485,Pinned,Device,NVIDIA A100-SXM4-40GB MIG 4g.20gb (0),1,,13,[CUDA memcpy Host-to-Device]
5252722747,6688,356249,273,1,1,8,4,1,39,0.002,0.000,,,,,NVIDIA A100-SXM4-40GB MIG 4g.20gb (0),1,,13,"void channel_eq::eqMmseCoefCompLowMimoKernel<float, float, float, (unsigned int)4, (unsigned int)1, (unsigned int)4>(const channel_eq::_puschRxChEqStatDescr *, channel_eq::_puschRxChEqCoefCompDynDescr)"
5252732123,6112,356250,273,1,1,12,11,1,51,0.002,0.000,,,,,NVIDIA A100-SXM4-40GB MIG 4g.20gb (0),1,,13,"void channel_eq::eqMmseSoftDemapKernel<float, __half, __half, float, (unsigned int)4, (unsigned short)16383>(channel_eq::_puschRxChEqStatDescr *, channel_eq::_puschRxChEqSoftDemapDynDescr)"
5252742043,281980,356251,1,1,1,32,32,1,30,0.000,0.000,,,,,NVIDIA A100-SXM4-40GB MIG 4g.20gb (0),1,,13,"void convert_kernel<float2, __half2>(tensor_layout_any, T1 *, tensor_layout_any, const T2 *)"
5253029399,11072,356263,2253,1,1,128,1,1,16,0.000,0.000,,,,,NVIDIA A100-SXM4-40GB MIG 4g.20gb (0),1,,13,cupy_copy__float16_float16
5253045559,3520,356272,282,1,1,128,1,1,16,0.000,0.000,,,,,NVIDIA A100-SXM4-40GB MIG 4g.20gb (0),1,,13,cupy_copy__complex64_complex64
5253051383,2176,356281,26,1,1,128,1,1,16,0.000,0.000,,,,,NVIDIA A100-SXM4-40GB MIG 4g.20gb (0),1,,13,cupy_copy__float32_float32
5253055287,2944,356290,103,1,1,128,1,1,16,0.000,0.000,,,,,NVIDIA A100-SXM4-40GB MIG 4g.20gb (0),1,,13,cupy_copy__complex64_complex64
5253059319,12352,356300,1434,1,1,128,1,1,16,0.000,0.000,,,,,NVIDIA A100-SXM4-40GB MIG 4g.20gb (0),1,,13,cupy_copy__complex64_complex64
5253075479,87966,356305,1,1,1,32,32,1,30,0.000,0.000,,,,,NVIDIA A100-SXM4-40GB MIG 4g.20gb (0),1,,13,"void convert_kernel<__half2, float2>(tensor_layout_any, T1 *, tensor_layout_any, const T2 *)"
5253190357,5696,356308,,,,,,,,,,0.094,16449.363,Pinned,Device,NVIDIA A100-SXM4-40GB MIG 4g.20gb (0),1,,13,[CUDA memcpy Host-to-Device]
5253200597,598073,356309,,,,,,,,,,456.561,763370.728,Device,,NVIDIA A100-SXM4-40GB MIG 4g.20gb (0),1,,13,[CUDA memset]
5253805646,156990,356314,,,,,,,,,,1.235,7865.358,Pinned,Device,NVIDIA A100-SXM4-40GB MIG 4g.20gb (0),1,,13,[CUDA memcpy Host-to-Device]
5253975851,40416,356315,,,,,,,,,,0.197,4864.475,Pinned,Device,NVIDIA A100-SXM4-40GB MIG 4g.20gb (0),1,,13,[CUDA memcpy Host-to-Device]
5254045963,8479,356316,69,4,1,48,1,1,76,0.002,0.000,,,,,NVIDIA A100-SXM4-40GB MIG 4g.20gb (0),1,,13,"void ch_est::windowedChEstPreNoDftSOfdmKernel<float, __half, float, (unsigned int)2, (unsigned int)1, (unsigned short)4>(ch_est::puschRxChEstStatDescr_t *, ch_est::puschRxChEstDynDescr_t *)"
5254063658,6848,356317,137,2,1,24,2,1,44,0.001,0.001,,,,,NVIDIA A100-SXM4-40GB MIG 4g.20gb (0),1,,13,"void ch_est::chEstFilterNoDftSOfdmDispatchKernel<float, __half, float, (unsigned int)2>(ch_est::puschRxChEstStatDescr_t *, ch_est::puschRxChEstDynDescr_t *)"
5254080906,5184,356318,137,2,1,24,2,1,44,0.001,0.001,,,,,NVIDIA A100-SXM4-40GB MIG 4g.20gb (0),1,,13,"void ch_est::chEstFilterNoDftSOfdmDispatchKernel<float, __half, float, (unsigned int)2>(ch_est::puschRxChEstStatDescr_t *, ch_est::puschRxChEstDynDescr_t *)"
5254096106,2688,356329,103,1,1,128,1,1,16,0.000,0.000,,,,,NVIDIA A100-SXM4-40GB MIG 4g.20gb (0),1,,13,cupy_copy__complex64_complex64
5254111882,12608,356339,1434,1,1,128,1,1,16,0.000,0.000,,,,,NVIDIA A100-SXM4-40GB MIG 4g.20gb (0),1,,13,cupy_copy__complex64_complex64
5254144457,2720,356346,103,1,1,128,1,1,16,0.000,0.000,,,,,NVIDIA A100-SXM4-40GB MIG 4g.20gb (0),1,,13,cupy_copy__complex64_complex64
5254156393,81919,356353,1,1,1,32,32,1,30,0.000,0.000,,,,,NVIDIA A100-SXM4-40GB MIG 4g.20gb (0),1,,13,"void convert_kernel<__half2, float2>(tensor_layout_any, T1 *, tensor_layout_any, const T2 *)"
5254270088,16192,356356,,,,,,,,,,0.094,5786.478,Pinned,Device,NVIDIA A100-SXM4-40GB MIG 4g.20gb (0),1,,13,[CUDA memcpy Host-to-Device]
5254295591,47328,356357,,,,,,,,,,35.810,756627.800,Device,,NVIDIA A100-SXM4-40GB MIG 4g.20gb (0),1,,13,[CUDA memset]
5254351367,3168,356359,,,,,,,,,,0.000,25.252,Pinned,Device,NVIDIA A100-SXM4-40GB MIG 4g.20gb (0),1,,13,[CUDA memcpy Host-to-Device]
5254362887,18207,356360,,,,,,,,,,0.197,10798.301,Pinned,Device,NVIDIA A100-SXM4-40GB MIG 4g.20gb (0),1,,13,[CUDA memcpy Host-to-Device]
5254393574,10560,356361,273,1,1,48,1,1,40,0.000,0.001,,,,,NVIDIA A100-SXM4-40GB MIG 4g.20gb (0),1,,13,"void pusch_noise_intf_est::noiseIntfEstNoDftSOfdmKernel<float, __half, float, float, (unsigned int)2, (unsigned int)1, (unsigned char)4, (unsigned char)4>(pusch_noise_intf_est::puschRxNoiseIntfEstDynDescr)"
5254408774,3136,356372,35,1,1,128,1,1,16,0.000,0.000,,,,,NVIDIA A100-SXM4-40GB MIG 4g.20gb (0),1,,13,cupy_copy__complex64_complex64
5254419078,1824,356381,1,1,1,1,1,1,18,0.000,0.000,,,,,NVIDIA A100-SXM4-40GB MIG 4g.20gb (0),1,,13,cupy_copy__float32_float32
5254428230,4256,356387,,,,,,,,,,0.000,0.940,Device,Pageable,NVIDIA A100-SXM4-40GB MIG 4g.20gb (0),1,,7,[CUDA memcpy Device-to-Host]
5254502629,13184,356398,1434,1,1,128,1,1,16,0.000,0.000,,,,,NVIDIA A100-SXM4-40GB MIG 4g.20gb (0),1,,13,cupy_copy__complex64_complex64
5254527685,2624,356405,103,1,1,128,1,1,16,0.000,0.000,,,,,NVIDIA A100-SXM4-40GB MIG 4g.20gb (0),1,,13,cupy_copy__complex64_complex64
5254549188,2176,356412,35,1,1,128,1,1,16,0.000,0.000,,,,,NVIDIA A100-SXM4-40GB MIG 4g.20gb (0),1,,13,cupy_copy__complex64_complex64
5254566468,1760,356419,1,1,1,1,1,1,18,0.000,0.000,,,,,NVIDIA A100-SXM4-40GB MIG 4g.20gb (0),1,,13,cupy_copy__float32_float32
5254696931,82975,356430,1,1,1,32,32,1,30,0.000,0.000,,,,,NVIDIA A100-SXM4-40GB MIG 4g.20gb (0),1,,13,"void convert_kernel<__half2, float2>(tensor_layout_any, T1 *, tensor_layout_any, const T2 *)"
5254807873,5760,356433,,,,,,,,,,0.094,16266.656,Pinned,Device,NVIDIA A100-SXM4-40GB MIG 4g.20gb (0),1,,13,[CUDA memcpy Host-to-Device]
5254821729,3456,356434,,,,,,,,,,1.547,447517.201,Device,,NVIDIA A100-SXM4-40GB MIG 4g.20gb (0),1,,13,[CUDA memset]
5254828801,3168,356439,,,,,,,,,,0.031,9878.770,Pinned,Device,NVIDIA A100-SXM4-40GB MIG 4g.20gb (0),1,,13,[CUDA memcpy Host-to-Device]
5254834561,9344,356440,,,,,,,,,,0.197,21040.988,Pinned,Device,NVIDIA A100-SXM4-40GB MIG 4g.20gb (0),1,,13,[CUDA memcpy Host-to-Device]
5254847553,5792,356441,273,1,1,8,4,1,39,0.002,0.000,,,,,NVIDIA A100-SXM4-40GB MIG 4g.20gb (0),1,,13,"void channel_eq::eqMmseCoefCompLowMimoKernel<float, float, float, (unsigned int)4, (unsigned int)1, (unsigned int)4>(const channel_eq::_puschRxChEqStatDescr *, channel_eq::_puschRxChEqCoefCompDynDescr)"
5254855041,5696,356442,273,1,1,12,11,1,51,0.002,0.000,,,,,NVIDIA A100-SXM4-40GB MIG 4g.20gb (0),1,,13,"void channel_eq::eqMmseSoftDemapKernel<float, __half, __half, float, (unsigned int)4, (unsigned short)16383>(channel_eq::_puschRxChEqStatDescr *, channel_eq::_puschRxChEqSoftDemapDynDescr)"
5254862528,282237,356443,1,1,1,32,32,1,30,0.000,0.000,,,,,NVIDIA A100-SXM4-40GB MIG 4g.20gb (0),1,,13,"void convert_kernel<float2, __half2>(tensor_layout_any, T1 *, tensor_layout_any, const T2 *)"
5255146557,11072,356455,2253,1,1,128,1,1,16,0.000,0.000,,,,,NVIDIA A100-SXM4-40GB MIG 4g.20gb (0),1,,13,cupy_copy__float16_float16
5255162013,2784,356464,282,1,1,128,1,1,16,0.000,0.000,,,,,NVIDIA A100-SXM4-40GB MIG 4g.20gb (0),1,,13,cupy_copy__complex64_complex64
5255168253,2048,356473,26,1,1,128,1,1,16,0.000,0.000,,,,,NVIDIA A100-SXM4-40GB MIG 4g.20gb (0),1,,13,cupy_copy__float32_float32
5255172125,2784,356482,103,1,1,128,1,1,16,0.000,0.000,,,,,NVIDIA A100-SXM4-40GB MIG 4g.20gb (0),1,,13,cupy_copy__complex64_complex64
5255175901,12191,356492,1434,1,1,128,1,1,16,0.000,0.000,,,,,NVIDIA A100-SXM4-40GB MIG 4g.20gb (0),1,,13,cupy_copy__complex64_complex64
5255207324,82623,356497,1,1,1,32,32,1,30,0.000,0.000,,,,,NVIDIA A100-SXM4-40GB MIG 4g.20gb (0),1,,13,"void convert_kernel<__half2, float2>(tensor_layout_any, T1 *, tensor_layout_any, const T2 *)"
5255316539,5856,356500,,,,,,,,,,0.094,15999.997,Pinned,Device,NVIDIA A100-SXM4-40GB MIG 4g.20gb (0),1,,13,[CUDA memcpy Host-to-Device]
5255326139,596856,356501,,,,,,,,,,456.561,764740.412,Device,,NVIDIA A100-SXM4-40GB MIG 4g.20gb (0),1,,13,[CUDA memset]
5255928371,135071,356506,,,,,,,,,,1.235,9142.290,Pinned,Device,NVIDIA A100-SXM4-40GB MIG 4g.20gb (0),1,,13,[CUDA memcpy Host-to-Device]
5256078770,40127,356507,,,,,,,,,,0.197,4899.471,Pinned,Device,NVIDIA A100-SXM4-40GB MIG 4g.20gb (0),1,,13,[CUDA memcpy Host-to-Device]
5256141425,8288,356508,69,4,1,48,1,1,76,0.002,0.000,,,,,NVIDIA A100-SXM4-40GB MIG 4g.20gb (0),1,,13,"void ch_est::windowedChEstPreNoDftSOfdmKernel<float, __half, float, (unsigned int)2, (unsigned int)1, (unsigned short)4>(ch_est::puschRxChEstStatDescr_t *, ch_est::puschRxChEstDynDescr_t *)"
5256159217,6623,356509,137,2,1,24,2,1,44,0.001,0.001,,,,,NVIDIA A100-SXM4-40GB MIG 4g.20gb (0),1,,13,"void ch_est::chEstFilterNoDftSOfdmDispatchKernel<float, __half, float, (unsigned int)2>(ch_est::puschRxChEstStatDescr_t *, ch_est::puschRxChEstDynDescr_t *)"
5256178448,4736,356510,137,2,1,24,2,1,44,0.001,0.001,,,,,NVIDIA A100-SXM4-40GB MIG 4g.20gb (0),1,,13,"void ch_est::chEstFilterNoDftSOfdmDispatchKernel<float, __half, float, (unsigned int)2>(ch_est::puschRxChEstStatDescr_t *, ch_est::puschRxChEstDynDescr_t *)"
5256195440,2656,356521,103,1,1,128,1,1,16,0.000,0.000,,,,,NVIDIA A100-SXM4-40GB MIG 4g.20gb (0),1,,13,cupy_copy__complex64_complex64
5256212560,12608,356531,1434,1,1,128,1,1,16,0.000,0.000,,,,,NVIDIA A100-SXM4-40GB MIG 4g.20gb (0),1,,13,cupy_copy__complex64_complex64
5256231056,2912,356538,103,1,1,128,1,1,16,0.000,0.000,,,,,NVIDIA A100-SXM4-40GB MIG 4g.20gb (0),1,,13,cupy_copy__complex64_complex64
5256254767,87839,356545,1,1,1,32,32,1,30,0.000,0.000,,,,,NVIDIA A100-SXM4-40GB MIG 4g.20gb (0),1,,13,"void convert_kernel<__half2, float2>(tensor_layout_any, T1 *, tensor_layout_any, const T2 *)"
5256371246,28192,356548,,,,,,,,,,0.094,3323.491,Pinned,Device,NVIDIA A100-SXM4-40GB MIG 4g.20gb (0),1,,13,[CUDA memcpy Host-to-Device]
5256412141,47424,356549,,,,,,,,,,35.810,755087.973,Device,,NVIDIA A100-SXM4-40GB MIG 4g.20gb (0),1,,13,[CUDA memset]
5256468845,10976,356551,,,,,,,,,,0.000,7.289,Pinned,Device,NVIDIA A100-SXM4-40GB MIG 4g.20gb (0),1,,13,[CUDA memcpy Host-to-Device]
5256490380,26496,356552,,,,,,,,,,0.197,7420.183,Pinned,Device,NVIDIA A100-SXM4-40GB MIG 4g.20gb (0),1,,13,[CUDA memcpy Host-to-Device]
5256535980,10208,356553,273,1,1,48,1,1,40,0.000,0.001,,,,,NVIDIA A100-SXM4-40GB MIG 4g.20gb (0),1,,13,"void pusch_noise_intf_est::noiseIntfEstNoDftSOfdmKernel<float, __half, float, float, (unsigned int)2, (unsigned int)1, (unsigned char)4, (unsigned char)4>(pusch_noise_intf_est::puschRxNoiseIntfEstDynDescr)"
5256561708,3008,356564,35,1,1,128,1,1,16,0.000,0.000,,,,,NVIDIA A100-SXM4-40GB MIG 4g.20gb (0),1,,13,cupy_copy__complex64_complex64
5256572331,1792,356573,1,1,1,1,1,1,18,0.000,0.000,,,,,NVIDIA A100-SXM4-40GB MIG 4g.20gb (0),1,,13,cupy_copy__float32_float32
5256576555,4448,356579,,,,,,,,,,0.000,0.899,Device,Pageable,NVIDIA A100-SXM4-40GB MIG 4g.20gb (0),1,,7,[CUDA memcpy Device-to-Host]
5256656074,13216,356590,1434,1,1,128,1,1,16,0.000,0.000,,,,,NVIDIA A100-SXM4-40GB MIG 4g.20gb (0),1,,13,cupy_copy__complex64_complex64
5256686442,3520,356597,103,1,1,128,1,1,16,0.000,0.000,,,,,NVIDIA A100-SXM4-40GB MIG 4g.20gb (0),1,,13,cupy_copy__complex64_complex64
5256700874,2240,356604,35,1,1,128,1,1,16,0.000,0.000,,,,,NVIDIA A100-SXM4-40GB MIG 4g.20gb (0),1,,13,cupy_copy__complex64_complex64
5256721034,1888,356611,1,1,1,1,1,1,18,0.000,0.000,,,,,NVIDIA A100-SXM4-40GB MIG 4g.20gb (0),1,,13,cupy_copy__float32_float32
5256851496,87807,356622,1,1,1,32,32,1,30,0.000,0.000,,,,,NVIDIA A100-SXM4-40GB MIG 4g.20gb (0),1,,13,"void convert_kernel<__half2, float2>(tensor_layout_any, T1 *, tensor_layout_any, const T2 *)"
5256966695,5887,356625,,,,,,,,,,0.094,15915.671,Pinned,Device,NVIDIA A100-SXM4-40GB MIG 4g.20gb (0),1,,13,[CUDA memcpy Host-to-Device]
5256985318,3200,356626,,,,,,,,,,1.547,483320.000,Device,,NVIDIA A100-SXM4-40GB MIG 4g.20gb (0),1,,13,[CUDA memset]
5256989094,3488,356631,,,,,,,,,,0.031,8972.469,Pinned,Device,NVIDIA A100-SXM4-40GB MIG 4g.20gb (0),1,,13,[CUDA memcpy Host-to-Device]
5256995014,9600,356632,,,,,,,,,,0.197,20479.869,Pinned,Device,NVIDIA A100-SXM4-40GB MIG 4g.20gb (0),1,,13,[CUDA memcpy Host-to-Device]
5257009286,7648,356633,273,1,1,8,4,1,39,0.002,0.000,,,,,NVIDIA A100-SXM4-40GB MIG 4g.20gb (0),1,,13,"void channel_eq::eqMmseCoefCompLowMimoKernel<float, float, float, (unsigned int)4, (unsigned int)1, (unsigned int)4>(const channel_eq::_puschRxChEqStatDescr *, channel_eq::_puschRxChEqCoefCompDynDescr)"
5257019590,6368,356634,273,1,1,12,11,1,51,0.002,0.000,,,,,NVIDIA A100-SXM4-40GB MIG 4g.20gb (0),1,,13,"void channel_eq::eqMmseSoftDemapKernel<float, __half, __half, float, (unsigned int)4, (unsigned short)16383>(channel_eq::_puschRxChEqStatDescr *, channel_eq::_puschRxChEqSoftDemapDynDescr)"
5257027174,294524,356635,1,1,1,32,32,1,30,0.000,0.000,,,,,NVIDIA A100-SXM4-40GB MIG 4g.20gb (0),1,,13,"void convert_kernel<float2, __half2>(tensor_layout_any, T1 *, tensor_layout_any, const T2 *)"
5257322658,10592,356647,2253,1,1,128,1,1,16,0.000,0.000,,,,,NVIDIA A100-SXM4-40GB MIG 4g.20gb (0),1,,13,cupy_copy__float16_float16
5257335394,2912,356656,282,1,1,128,1,1,16,0.000,0.000,,,,,NVIDIA A100-SXM4-40GB MIG 4g.20gb (0),1,,13,cupy_copy__complex64_complex64
5257340514,2016,356665,26,1,1,128,1,1,16,0.000,0.000,,,,,NVIDIA A100-SXM4-40GB MIG 4g.20gb (0),1,,13,cupy_copy__float32_float32
5257345762,3552,356674,103,1,1,128,1,1,16,0.000,0.000,,,,,NVIDIA A100-SXM4-40GB MIG 4g.20gb (0),1,,13,cupy_copy__complex64_complex64
5257350498,12608,356684,1434,1,1,128,1,1,16,0.000,0.000,,,,,NVIDIA A100-SXM4-40GB MIG 4g.20gb (0),1,,13,cupy_copy__complex64_complex64
5257368546,87679,356689,1,1,1,32,32,1,30,0.000,0.000,,,,,NVIDIA A100-SXM4-40GB MIG 4g.20gb (0),1,,13,"void convert_kernel<__half2, float2>(tensor_layout_any, T1 *, tensor_layout_any, const T2 *)"
5257483200,5440,356692,,,,,,,,,,0.094,17223.480,Pinned,Device,NVIDIA A100-SXM4-40GB MIG 4g.20gb (0),1,,13,[CUDA memcpy Host-to-Device]
5257492768,598361,356693,,,,,,,,,,456.561,762914.166,Device,,NVIDIA A100-SXM4-40GB MIG 4g.20gb (0),1,,13,[CUDA memset]
5258097369,164574,356698,,,,,,,,,,1.235,7503.520,Pinned,Device,NVIDIA A100-SXM4-40GB MIG 4g.20gb (0),1,,13,[CUDA memcpy Host-to-Device]
5258274454,32992,356699,,,,,,,,,,0.197,5959.188,Pinned,Device,NVIDIA A100-SXM4-40GB MIG 4g.20gb (0),1,,13,[CUDA memcpy Host-to-Device]
5258331766,8064,356700,69,4,1,48,1,1,76,0.002,0.000,,,,,NVIDIA A100-SXM4-40GB MIG 4g.20gb (0),1,,13,"void ch_est::windowedChEstPreNoDftSOfdmKernel<float, __half, float, (unsigned int)2, (unsigned int)1, (unsigned short)4>(ch_est::puschRxChEstStatDescr_t *, ch_est::puschRxChEstDynDescr_t *)"
5258351574,6719,356701,137,2,1,24,2,1,44,0.001,0.001,,,,,NVIDIA A100-SXM4-40GB MIG 4g.20gb (0),1,,13,"void ch_est::chEstFilterNoDftSOfdmDispatchKernel<float, __half, float, (unsigned int)2>(ch_est::puschRxChEstStatDescr_t *, ch_est::puschRxChEstDynDescr_t *)"
5258363285,4704,356702,137,2,1,24,2,1,44,0.001,0.001,,,,,NVIDIA A100-SXM4-40GB MIG 4g.20gb (0),1,,13,"void ch_est::chEstFilterNoDftSOfdmDispatchKernel<float, __half, float, (unsigned int)2>(ch_est::puschRxChEstStatDescr_t *, ch_est::puschRxChEstDynDescr_t *)"
5258384789,2752,356713,103,1,1,128,1,1,16,0.000,0.000,,,,,NVIDIA A100-SXM4-40GB MIG 4g.20gb (0),1,,13,cupy_copy__complex64_complex64
5258400565,12800,356723,1434,1,1,128,1,1,16,0.000,0.000,,,,,NVIDIA A100-SXM4-40GB MIG 4g.20gb (0),1,,13,cupy_copy__complex64_complex64
5258426517,2400,356730,103,1,1,128,1,1,16,0.000,0.000,,,,,NVIDIA A100-SXM4-40GB MIG 4g.20gb (0),1,,13,cupy_copy__complex64_complex64
5258443508,88959,356737,1,1,1,32,32,1,30,0.000,0.000,,,,,NVIDIA A100-SXM4-40GB MIG 4g.20gb (0),1,,13,"void convert_kernel<__half2, float2>(tensor_layout_any, T1 *, tensor_layout_any, const T2 *)"
5258565843,21728,356740,,,,,,,,,,0.094,4312.171,Pinned,Device,NVIDIA A100-SXM4-40GB MIG 4g.20gb (0),1,,13,[CUDA memcpy Host-to-Device]
5258603218,47712,356741,,,,,,,,,,35.810,750540.113,Device,,NVIDIA A100-SXM4-40GB MIG 4g.20gb (0),1,,13,[CUDA memset]
5258654706,10688,356743,,,,,,,,,,0.000,7.485,Pinned,Device,NVIDIA A100-SXM4-40GB MIG 4g.20gb (0),1,,13,[CUDA memcpy Host-to-Device]
5258675634,25823,356744,,,,,,,,,,0.197,7613.645,Pinned,Device,NVIDIA A100-SXM4-40GB MIG 4g.20gb (0),1,,13,[CUDA memcpy Host-to-Device]
5258725329,9824,356745,273,1,1,48,1,1,40,0.000,0.001,,,,,NVIDIA A100-SXM4-40GB MIG 4g.20gb (0),1,,13,"void pusch_noise_intf_est::noiseIntfEstNoDftSOfdmKernel<float, __half, float, float, (unsigned int)2, (unsigned int)1, (unsigned char)4, (unsigned char)4>(pusch_noise_intf_est::puschRxNoiseIntfEstDynDescr)"
5258755889,2847,356756,35,1,1,128,1,1,16,0.000,0.000,,,,,NVIDIA A100-SXM4-40GB MIG 4g.20gb (0),1,,13,cupy_copy__complex64_complex64
5258772208,1824,356765,1,1,1,1,1,1,18,0.000,0.000,,,,,NVIDIA A100-SXM4-40GB MIG 4g.20gb (0),1,,13,cupy_copy__float32_float32
5258775056,8832,356771,,,,,,,,,,0.000,0.453,Device,Pageable,NVIDIA A100-SXM4-40GB MIG 4g.20gb (0),1,,7,[CUDA memcpy Device-to-Host]
5258880975,13056,356782,1434,1,1,128,1,1,16,0.000,0.000,,,,,NVIDIA A100-SXM4-40GB MIG 4g.20gb (0),1,,13,cupy_copy__complex64_complex64
5258900783,3328,356789,103,1,1,128,1,1,16,0.000,0.000,,,,,NVIDIA A100-SXM4-40GB MIG 4g.20gb (0),1,,13,cupy_copy__complex64_complex64
5258930062,2560,356796,35,1,1,128,1,1,16,0.000,0.000,,,,,NVIDIA A100-SXM4-40GB MIG 4g.20gb (0),1,,13,cupy_copy__complex64_complex64
5258933614,1728,356803,1,1,1,1,1,1,18,0.000,0.000,,,,,NVIDIA A100-SXM4-40GB MIG 4g.20gb (0),1,,13,cupy_copy__float32_float32
5259068845,87295,356814,1,1,1,32,32,1,30,0.000,0.000,,,,,NVIDIA A100-SXM4-40GB MIG 4g.20gb (0),1,,13,"void convert_kernel<__half2, float2>(tensor_layout_any, T1 *, tensor_layout_any, const T2 *)"
5259188459,13792,356817,,,,,,,,,,0.094,6793.428,Pinned,Device,NVIDIA A100-SXM4-40GB MIG 4g.20gb (0),1,,13,[CUDA memcpy Host-to-Device]
5259213003,3264,356818,,,,,,,,,,1.547,473842.288,Device,,NVIDIA A100-SXM4-40GB MIG 4g.20gb (0),1,,13,[CUDA memset]
5259217099,4224,356823,,,,,,,,,,0.031,7409.078,Pinned,Device,NVIDIA A100-SXM4-40GB MIG 4g.20gb (0),1,,13,[CUDA memcpy Host-to-Device]
5259227531,13024,356824,,,,,,,,,,0.197,15095.759,Pinned,Device,NVIDIA A100-SXM4-40GB MIG 4g.20gb (0),1,,13,[CUDA memcpy Host-to-Device]
5259250570,5984,356825,273,1,1,8,4,1,39,0.002,0.000,,,,,NVIDIA A100-SXM4-40GB MIG 4g.20gb (0),1,,13,"void channel_eq::eqMmseCoefCompLowMimoKernel<float, float, float, (unsigned int)4, (unsigned int)1, (unsigned int)4>(const channel_eq::_puschRxChEqStatDescr *, channel_eq::_puschRxChEqCoefCompDynDescr)"
5259258634,7456,356826,273,1,1,12,11,1,51,0.002,0.000,,,,,NVIDIA A100-SXM4-40GB MIG 4g.20gb (0),1,,13,"void channel_eq::eqMmseSoftDemapKernel<float, __half, __half, float, (unsigned int)4, (unsigned short)16383>(channel_eq::_puschRxChEqStatDescr *, channel_eq::_puschRxChEqSoftDemapDynDescr)"
5259273002,282397,356827,1,1,1,32,32,1,30,0.000,0.000,,,,,NVIDIA A100-SXM4-40GB MIG 4g.20gb (0),1,,13,"void convert_kernel<float2, __half2>(tensor_layout_any, T1 *, tensor_layout_any, const T2 *)"
5259556839,10912,356839,2253,1,1,128,1,1,16,0.000,0.000,,,,,NVIDIA A100-SXM4-40GB MIG 4g.20gb (0),1,,13,cupy_copy__float16_float16
5259571718,3104,356848,282,1,1,128,1,1,16,0.000,0.000,,,,,NVIDIA A100-SXM4-40GB MIG 4g.20gb (0),1,,13,cupy_copy__complex64_complex64
5259579078,2272,356857,26,1,1,128,1,1,16,0.000,0.000,,,,,NVIDIA A100-SXM4-40GB MIG 4g.20gb (0),1,,13,cupy_copy__float32_float32
5259585894,7232,356866,103,1,1,128,1,1,16,0.000,0.000,,,,,NVIDIA A100-SXM4-40GB MIG 4g.20gb (0),1,,13,cupy_copy__complex64_complex64
5259594246,12064,356876,1434,1,1,128,1,1,16,0.000,0.000,,,,,NVIDIA A100-SXM4-40GB MIG 4g.20gb (0),1,,13,cupy_copy__complex64_complex64
5259607558,81791,356881,1,1,1,32,32,1,30,0.000,0.000,,,,,NVIDIA A100-SXM4-40GB MIG 4g.20gb (0),1,,13,"void convert_kernel<__half2, float2>(tensor_layout_any, T1 *, tensor_layout_any, const T2 *)"
5259716293,5728,356884,,,,,,,,,,0.094,16357.541,Pinned,Device,NVIDIA A100-SXM4-40GB MIG 4g.20gb (0),1,,13,[CUDA memcpy Host-to-Device]
5259725797,597144,356885,,,,,,,,,,456.561,764283.851,Device,,NVIDIA A100-SXM4-40GB MIG 4g.20gb (0),1,,13,[CUDA memset]
5260329469,97599,356890,,,,,,,,,,1.235,12653.236,Pinned,Device,NVIDIA A100-SXM4-40GB MIG 4g.20gb (0),1,,13,[CUDA memcpy Host-to-Device]
5260435196,19200,356891,,,,,,,,,,0.197,10239.934,Pinned,Device,NVIDIA A100-SXM4-40GB MIG 4g.20gb (0),1,,13,[CUDA memcpy Host-to-Device]
5260471579,8544,356892,69,4,1,48,1,1,76,0.002,0.000,,,,,NVIDIA A100-SXM4-40GB MIG 4g.20gb (0),1,,13,"void ch_est::windowedChEstPreNoDftSOfdmKernel<float, __half, float, (unsigned int)2, (unsigned int)1, (unsigned short)4>(ch_est::puschRxChEstStatDescr_t *, ch_est::puschRxChEstDynDescr_t *)"
5260487803,6880,356893,137,2,1,24,2,1,44,0.001,0.001,,,,,NVIDIA A100-SXM4-40GB MIG 4g.20gb (0),1,,13,"void ch_est::chEstFilterNoDftSOfdmDispatchKernel<float, __half, float, (unsigned int)2>(ch_est::puschRxChEstStatDescr_t *, ch_est::puschRxChEstDynDescr_t *)"
5260502555,6272,356894,137,2,1,24,2,1,44,0.001,0.001,,,,,NVIDIA A100-SXM4-40GB MIG 4g.20gb (0),1,,13,"void ch_est::chEstFilterNoDftSOfdmDispatchKernel<float, __half, float, (unsigned int)2>(ch_est::puschRxChEstStatDescr_t *, ch_est::puschRxChEstDynDescr_t *)"
5260510427,3168,356905,103,1,1,128,1,1,16,0.000,0.000,,,,,NVIDIA A100-SXM4-40GB MIG 4g.20gb (0),1,,13,cupy_copy__complex64_complex64
5260518683,12672,356915,1434,1,1,128,1,1,16,0.000,0.000,,,,,NVIDIA A100-SXM4-40GB MIG 4g.20gb (0),1,,13,cupy_copy__complex64_complex64
5260533787,2528,356922,103,1,1,128,1,1,16,0.000,0.000,,,,,NVIDIA A100-SXM4-40GB MIG 4g.20gb (0),1,,13,cupy_copy__complex64_complex64
5260541979,87742,356929,1,1,1,32,32,1,30,0.000,0.000,,,,,NVIDIA A100-SXM4-40GB MIG 4g.20gb (0),1,,13,"void convert_kernel<__half2, float2>(tensor_layout_any, T1 *, tensor_layout_any, const T2 *)"
5260658809,8576,356932,,,,,,,,,,0.094,10925.328,Pinned,Device,NVIDIA A100-SXM4-40GB MIG 4g.20gb (0),1,,13,[CUDA memcpy Host-to-Device]
5260672377,47583,356933,,,,,,,,,,35.810,752545.469,Device,,NVIDIA A100-SXM4-40GB MIG 4g.20gb (0),1,,13,[CUDA memset]
5260725432,4352,356935,,,,,,,,,,0.000,18.382,Pinned,Device,NVIDIA A100-SXM4-40GB MIG 4g.20gb (0),1,,13,[CUDA memcpy Host-to-Device]
5260733560,12128,356936,,,,,,,,,,0.197,16210.919,Pinned,Device,NVIDIA A100-SXM4-40GB MIG 4g.20gb (0),1,,13,[CUDA memcpy Host-to-Device]
5260755064,9856,356937,273,1,1,48,1,1,40,0.000,0.001,,,,,NVIDIA A100-SXM4-40GB MIG 4g.20gb (0),1,,13,"void pusch_noise_intf_est::noiseIntfEstNoDftSOfdmKernel<float, __half, float, float, (unsigned int)2, (unsigned int)1, (unsigned char)4, (unsigned char)4>(pusch_noise_intf_est::puschRxNoiseIntfEstDynDescr)"
5260768280,2848,356948,35,1,1,128,1,1,16,0.000,0.000,,,,,NVIDIA A100-SXM4-40GB MIG 4g.20gb (0),1,,13,cupy_copy__complex64_complex64
5260780184,1984,356957,1,1,1,1,1,1,18,0.000,0.000,,,,,NVIDIA A100-SXM4-40GB MIG 4g.20gb (0),1,,13,cupy_copy__float32_float32
5260813015,1568,356963,,,,,,,,,,0.000,2.551,Device,Pageable,NVIDIA A100-SXM4-40GB MIG 4g.20gb (0),1,,7,[CUDA memcpy Device-to-Host]
5260873622,13056,356974,1434,1,1,128,1,1,16,0.000,0.000,,,,,NVIDIA A100-SXM4-40GB MIG 4g.20gb (0),1,,13,cupy_copy__complex64_complex64
5260900758,3392,356981,103,1,1,128,1,1,16,0.000,0.000,,,,,NVIDIA A100-SXM4-40GB MIG 4g.20gb (0),1,,13,cupy_copy__complex64_complex64
5260922230,2592,356988,35,1,1,128,1,1,16,0.000,0.000,,,,,NVIDIA A100-SXM4-40GB MIG 4g.20gb (0),1,,13,cupy_copy__complex64_complex64
5260939062,1792,356995,1,1,1,1,1,1,18,0.000,0.000,,,,,NVIDIA A100-SXM4-40GB MIG 4g.20gb (0),1,,13,cupy_copy__float32_float32
5261071604,82719,357006,1,1,1,32,32,1,30,0.000,0.000,,,,,NVIDIA A100-SXM4-40GB MIG 4g.20gb (0),1,,13,"void convert_kernel<__half2, float2>(tensor_layout_any, T1 *, tensor_layout_any, const T2 *)"
5261181779,5888,357009,,,,,,,,,,0.094,15912.954,Pinned,Device,NVIDIA A100-SXM4-40GB MIG 4g.20gb (0),1,,13,[CUDA memcpy Host-to-Device]
5261196690,3232,357010,,,,,,,,,,1.547,478533.199,Device,,NVIDIA A100-SXM4-40GB MIG 4g.20gb (0),1,,13,[CUDA memset]
5261203186,3424,357015,,,,,,,,,,0.031,9140.185,Pinned,Device,NVIDIA A100-SXM4-40GB MIG 4g.20gb (0),1,,13,[CUDA memcpy Host-to-Device]
5261209042,9920,357016,,,,,,,,,,0.197,19819.266,Pinned,Device,NVIDIA A100-SXM4-40GB MIG 4g.20gb (0),1,,13,[CUDA memcpy Host-to-Device]
5261223250,5920,357017,273,1,1,8,4,1,39,0.002,0.000,,,,,NVIDIA A100-SXM4-40GB MIG 4g.20gb (0),1,,13,"void channel_eq::eqMmseCoefCompLowMimoKernel<float, float, float, (unsigned int)4, (unsigned int)1, (unsigned int)4>(const channel_eq::_puschRxChEqStatDescr *, channel_eq::_puschRxChEqCoefCompDynDescr)"
5261231218,8032,357018,273,1,1,12,11,1,51,0.002,0.000,,,,,NVIDIA A100-SXM4-40GB MIG 4g.20gb (0),1,,13,"void channel_eq::eqMmseSoftDemapKernel<float, __half, __half, float, (unsigned int)4, (unsigned short)16383>(channel_eq::_puschRxChEqStatDescr *, channel_eq::_puschRxChEqSoftDemapDynDescr)"
5261241522,283004,357019,1,1,1,32,32,1,30,0.000,0.000,,,,,NVIDIA A100-SXM4-40GB MIG 4g.20gb (0),1,,13,"void convert_kernel<float2, __half2>(tensor_layout_any, T1 *, tensor_layout_any, const T2 *)"
5261527086,10912,357031,2253,1,1,128,1,1,16,0.000,0.000,,,,,NVIDIA A100-SXM4-40GB MIG 4g.20gb (0),1,,13,cupy_copy__float16_float16
5261541518,3648,357040,282,1,1,128,1,1,16,0.000,0.000,,,,,NVIDIA A100-SXM4-40GB MIG 4g.20gb (0),1,,13,cupy_copy__complex64_complex64
5261546190,2240,357049,26,1,1,128,1,1,16,0.000,0.000,,,,,NVIDIA A100-SXM4-40GB MIG 4g.20gb (0),1,,13,cupy_copy__float32_float32
5261549902,4928,357058,103,1,1,128,1,1,16,0.000,0.000,,,,,NVIDIA A100-SXM4-40GB MIG 4g.20gb (0),1,,13,cupy_copy__complex64_complex64
5261556814,12384,357068,1434,1,1,128,1,1,16,0.000,0.000,,,,,NVIDIA A100-SXM4-40GB MIG 4g.20gb (0),1,,13,cupy_copy__complex64_complex64
5261571342,87199,357073,1,1,1,32,32,1,30,0.000,0.000,,,,,NVIDIA A100-SXM4-40GB MIG 4g.20gb (0),1,,13,"void convert_kernel<__half2, float2>(tensor_layout_any, T1 *, tensor_layout_any, const T2 *)"
5261685452,5728,357076,,,,,,,,,,0.094,16357.541,Pinned,Device,NVIDIA A100-SXM4-40GB MIG 4g.20gb (0),1,,13,[CUDA memcpy Host-to-Device]
5261695596,596441,357077,,,,,,,,,,456.561,765196.973,Device,,NVIDIA A100-SXM4-40GB MIG 4g.20gb (0),1,,13,[CUDA memset]
5262301701,161630,357082,,,,,,,,,,1.235,7639.364,Pinned,Device,NVIDIA A100-SXM4-40GB MIG 4g.20gb (0),1,,13,[CUDA memcpy Host-to-Device]
5262474211,33663,357083,,,,,,,,,,0.197,5840.437,Pinned,Device,NVIDIA A100-SXM4-40GB MIG 4g.20gb (0),1,,13,[CUDA memcpy Host-to-Device]
5262523330,8320,357084,69,4,1,48,1,1,76,0.002,0.000,,,,,NVIDIA A100-SXM4-40GB MIG 4g.20gb (0),1,,13,"void ch_est::windowedChEstPreNoDftSOfdmKernel<float, __half, float, (unsigned int)2, (unsigned int)1, (unsigned short)4>(ch_est::puschRxChEstStatDescr_t *, ch_est::puschRxChEstDynDescr_t *)"
5262535362,6176,357085,137,2,1,24,2,1,44,0.001,0.001,,,,,NVIDIA A100-SXM4-40GB MIG 4g.20gb (0),1,,13,"void ch_est::chEstFilterNoDftSOfdmDispatchKernel<float, __half, float, (unsigned int)2>(ch_est::puschRxChEstStatDescr_t *, ch_est::puschRxChEstDynDescr_t *)"
5262548610,5152,357086,137,2,1,24,2,1,44,0.001,0.001,,,,,NVIDIA A100-SXM4-40GB MIG 4g.20gb (0),1,,13,"void ch_est::chEstFilterNoDftSOfdmDispatchKernel<float, __half, float, (unsigned int)2>(ch_est::puschRxChEstStatDescr_t *, ch_est::puschRxChEstDynDescr_t *)"
5262562146,3008,357097,103,1,1,128,1,1,16,0.000,0.000,,,,,NVIDIA A100-SXM4-40GB MIG 4g.20gb (0),1,,13,cupy_copy__complex64_complex64
5262577057,12544,357107,1434,1,1,128,1,1,16,0.000,0.000,,,,,NVIDIA A100-SXM4-40GB MIG 4g.20gb (0),1,,13,cupy_copy__complex64_complex64
5262601313,2784,357114,103,1,1,128,1,1,16,0.000,0.000,,,,,NVIDIA A100-SXM4-40GB MIG 4g.20gb (0),1,,13,cupy_copy__complex64_complex64
5262610593,85375,357121,1,1,1,32,32,1,30,0.000,0.000,,,,,NVIDIA A100-SXM4-40GB MIG 4g.20gb (0),1,,13,"void convert_kernel<__half2, float2>(tensor_layout_any, T1 *, tensor_layout_any, const T2 *)"
5262725856,12927,357124,,,,,,,,,,0.094,7248.041,Pinned,Device,NVIDIA A100-SXM4-40GB MIG 4g.20gb (0),1,,13,[CUDA memcpy Host-to-Device]
5262743487,47072,357125,,,,,,,,,,35.810,760745.940,Device,,NVIDIA A100-SXM4-40GB MIG 4g.20gb (0),1,,13,[CUDA memset]
5262795231,6912,357127,,,,,,,,,,0.000,11.574,Pinned,Device,NVIDIA A100-SXM4-40GB MIG 4g.20gb (0),1,,13,[CUDA memcpy Host-to-Device]
5262806239,17791,357128,,,,,,,,,,0.197,11050.942,Pinned,Device,NVIDIA A100-SXM4-40GB MIG 4g.20gb (0),1,,13,[CUDA memcpy Host-to-Device]
5262837470,9920,357129,273,1,1,48,1,1,40,0.000,0.001,,,,,NVIDIA A100-SXM4-40GB MIG 4g.20gb (0),1,,13,"void pusch_noise_intf_est::noiseIntfEstNoDftSOfdmKernel<float, __half, float, float, (unsigned int)2, (unsigned int)1, (unsigned char)4, (unsigned char)4>(pusch_noise_intf_est::puschRxNoiseIntfEstDynDescr)"
5262849470,2880,357140,35,1,1,128,1,1,16,0.000,0.000,,,,,NVIDIA A100-SXM4-40GB MIG 4g.20gb (0),1,,13,cupy_copy__complex64_complex64
5262865214,2016,357149,1,1,1,1,1,1,18,0.000,0.000,,,,,NVIDIA A100-SXM4-40GB MIG 4g.20gb (0),1,,13,cupy_copy__float32_float32
5262888766,5280,357155,,,,,,,,,,0.000,0.758,Device,Pageable,NVIDIA A100-SXM4-40GB MIG 4g.20gb (0),1,,7,[CUDA memcpy Device-to-Host]
5262968061,13055,357166,1434,1,1,128,1,1,16,0.000,0.000,,,,,NVIDIA A100-SXM4-40GB MIG 4g.20gb (0),1,,13,cupy_copy__complex64_complex64
5262998140,2848,357173,103,1,1,128,1,1,16,0.000,0.000,,,,,NVIDIA A100-SXM4-40GB MIG 4g.20gb (0),1,,13,cupy_copy__complex64_complex64
5263013564,2528,357180,35,1,1,128,1,1,16,0.000,0.000,,,,,NVIDIA A100-SXM4-40GB MIG 4g.20gb (0),1,,13,cupy_copy__complex64_complex64
5263026684,1856,357187,1,1,1,1,1,1,18,0.000,0.000,,,,,NVIDIA A100-SXM4-40GB MIG 4g.20gb (0),1,,13,cupy_copy__float32_float32
5263156282,82015,357198,1,1,1,32,32,1,30,0.000,0.000,,,,,NVIDIA A100-SXM4-40GB MIG 4g.20gb (0),1,,13,"void convert_kernel<__half2, float2>(tensor_layout_any, T1 *, tensor_layout_any, const T2 *)"
5263266361,5888,357201,,,,,,,,,,0.094,15912.954,Pinned,Device,NVIDIA A100-SXM4-40GB MIG 4g.20gb (0),1,,13,[CUDA memcpy Host-to-Device]
5263281881,3424,357202,,,,,,,,,,1.547,451700.819,Device,,NVIDIA A100-SXM4-40GB MIG 4g.20gb (0),1,,13,[CUDA memset]
5263287641,3392,357207,,,,,,,,,,0.031,9226.405,Pinned,Device,NVIDIA A100-SXM4-40GB MIG 4g.20gb (0),1,,13,[CUDA memcpy Host-to-Device]
5263293913,10239,357208,,,,,,,,,,0.197,19201.720,Pinned,Device,NVIDIA A100-SXM4-40GB MIG 4g.20gb (0),1,,13,[CUDA memcpy Host-to-Device]
5263310904,6304,357209,273,1,1,8,4,1,39,0.002,0.000,,,,,NVIDIA A100-SXM4-40GB MIG 4g.20gb (0),1,,13,"void channel_eq::eqMmseCoefCompLowMimoKernel<float, float, float, (unsigned int)4, (unsigned int)1, (unsigned int)4>(const channel_eq::_puschRxChEqStatDescr *, channel_eq::_puschRxChEqCoefCompDynDescr)"
5263318168,6208,357210,273,1,1,12,11,1,51,0.002,0.000,,,,,NVIDIA A100-SXM4-40GB MIG 4g.20gb (0),1,,13,"void channel_eq::eqMmseSoftDemapKernel<float, __half, __half, float, (unsigned int)4, (unsigned short)16383>(channel_eq::_puschRxChEqStatDescr *, channel_eq::_puschRxChEqSoftDemapDynDescr)"
5263325336,281917,357211,1,1,1,32,32,1,30,0.000,0.000,,,,,NVIDIA A100-SXM4-40GB MIG 4g.20gb (0),1,,13,"void convert_kernel<float2, __half2>(tensor_layout_any, T1 *, tensor_layout_any, const T2 *)"
5263608277,10688,357223,2253,1,1,128,1,1,16,0.000,0.000,,,,,NVIDIA A100-SXM4-40GB MIG 4g.20gb (0),1,,13,cupy_copy__float16_float16
5263623797,3871,357232,282,1,1,128,1,1,16,0.000,0.000,,,,,NVIDIA A100-SXM4-40GB MIG 4g.20gb (0),1,,13,cupy_copy__complex64_complex64
5263630420,2144,357241,26,1,1,128,1,1,16,0.000,0.000,,,,,NVIDIA A100-SXM4-40GB MIG 4g.20gb (0),1,,13,cupy_copy__float32_float32
5263634100,4736,357250,103,1,1,128,1,1,16,0.000,0.000,,,,,NVIDIA A100-SXM4-40GB MIG 4g.20gb (0),1,,13,cupy_copy__complex64_complex64
5263641396,12640,357260,1434,1,1,128,1,1,16,0.000,0.000,,,,,NVIDIA A100-SXM4-40GB MIG 4g.20gb (0),1,,13,cupy_copy__complex64_complex64
5263660020,81759,357265,1,1,1,32,32,1,30,0.000,0.000,,,,,NVIDIA A100-SXM4-40GB MIG 4g.20gb (0),1,,13,"void convert_kernel<__half2, float2>(tensor_layout_any, T1 *, tensor_layout_any, const T2 *)"
5263769491,5568,357268,,,,,,,,,,0.094,16827.521,Pinned,Device,NVIDIA A100-SXM4-40GB MIG 4g.20gb (0),1,,13,[CUDA memcpy Host-to-Device]
5263779411,596728,357269,,,,,,,,,,456.561,764740.412,Device,,NVIDIA A100-SXM4-40GB MIG 4g.20gb (0),1,,13,[CUDA memset]
5264384139,147582,357274,,,,,,,,,,1.235,8366.746,Pinned,Device,NVIDIA A100-SXM4-40GB MIG 4g.20gb (0),1,,13,[CUDA memcpy Host-to-Device]
5264541033,34336,357275,,,,,,,,,,0.197,5725.815,Pinned,Device,NVIDIA A100-SXM4-40GB MIG 4g.20gb (0),1,,13,[CUDA memcpy Host-to-Device]
5264601193,8479,357276,69,4,1,48,1,1,76,0.002,0.000,,,,,NVIDIA A100-SXM4-40GB MIG 4g.20gb (0),1,,13,"void ch_est::windowedChEstPreNoDftSOfdmKernel<float, __half, float, (unsigned int)2, (unsigned int)1, (unsigned short)4>(ch_est::puschRxChEstStatDescr_t *, ch_est::puschRxChEstDynDescr_t *)"
5264619144,7232,357277,137,2,1,24,2,1,44,0.001,0.001,,,,,NVIDIA A100-SXM4-40GB MIG 4g.20gb (0),1,,13,"void ch_est::chEstFilterNoDftSOfdmDispatchKernel<float, __half, float, (unsigned int)2>(ch_est::puschRxChEstStatDescr_t *, ch_est::puschRxChEstDynDescr_t *)"
5264635240,4736,357278,137,2,1,24,2,1,44,0.001,0.001,,,,,NVIDIA A100-SXM4-40GB MIG 4g.20gb (0),1,,13,"void ch_est::chEstFilterNoDftSOfdmDispatchKernel<float, __half, float, (unsigned int)2>(ch_est::puschRxChEstStatDescr_t *, ch_est::puschRxChEstDynDescr_t *)"
5264651144,2592,357289,103,1,1,128,1,1,16,0.000,0.000,,,,,NVIDIA A100-SXM4-40GB MIG 4g.20gb (0),1,,13,cupy_copy__complex64_complex64
5264666184,12512,357299,1434,1,1,128,1,1,16,0.000,0.000,,,,,NVIDIA A100-SXM4-40GB MIG 4g.20gb (0),1,,13,cupy_copy__complex64_complex64
5264684903,2912,357306,103,1,1,128,1,1,16,0.000,0.000,,,,,NVIDIA A100-SXM4-40GB MIG 4g.20gb (0),1,,13,cupy_copy__complex64_complex64
5264708839,82815,357313,1,1,1,32,32,1,30,0.000,0.000,,,,,NVIDIA A100-SXM4-40GB MIG 4g.20gb (0),1,,13,"void convert_kernel<__half2, float2>(tensor_layout_any, T1 *, tensor_layout_any, const T2 *)"
5264819110,12992,357316,,,,,,,,,,0.094,7211.781,Pinned,Device,NVIDIA A100-SXM4-40GB MIG 4g.20gb (0),1,,13,[CUDA memcpy Host-to-Device]
5264841286,46015,357317,,,,,,,,,,35.810,778221.181,Device,,NVIDIA A100-SXM4-40GB MIG 4g.20gb (0),1,,13,[CUDA memset]
5264893061,5248,357319,,,,,,,,,,0.000,15.244,Pinned,Device,NVIDIA A100-SXM4-40GB MIG 4g.20gb (0),1,,13,[CUDA memcpy Host-to-Device]
5264905477,20767,357320,,,,,,,,,,0.197,9467.265,Pinned,Device,NVIDIA A100-SXM4-40GB MIG 4g.20gb (0),1,,13,[CUDA memcpy Host-to-Device]
5264945828,9824,357321,273,1,1,48,1,1,40,0.000,0.001,,,,,NVIDIA A100-SXM4-40GB MIG 4g.20gb (0),1,,13,"void pusch_noise_intf_est::noiseIntfEstNoDftSOfdmKernel<float, __half, float, float, (unsigned int)2, (unsigned int)1, (unsigned char)4, (unsigned char)4>(pusch_noise_intf_est::puschRxNoiseIntfEstDynDescr)"
5264968388,2592,357332,35,1,1,128,1,1,16,0.000,0.000,,,,,NVIDIA A100-SXM4-40GB MIG 4g.20gb (0),1,,13,cupy_copy__complex64_complex64
5264982596,1728,357341,1,1,1,1,1,1,18,0.000,0.000,,,,,NVIDIA A100-SXM4-40GB MIG 4g.20gb (0),1,,13,cupy_copy__float32_float32
5264988292,3360,357347,,,,,,,,,,0.000,1.190,Device,Pageable,NVIDIA A100-SXM4-40GB MIG 4g.20gb (0),1,,7,[CUDA memcpy Device-to-Host]
5265067043,12640,357358,1434,1,1,128,1,1,16,0.000,0.000,,,,,NVIDIA A100-SXM4-40GB MIG 4g.20gb (0),1,,13,cupy_copy__complex64_complex64
5265087907,3071,357365,103,1,1,128,1,1,16,0.000,0.000,,,,,NVIDIA A100-SXM4-40GB MIG 4g.20gb (0),1,,13,cupy_copy__complex64_complex64
5265107394,2624,357372,35,1,1,128,1,1,16,0.000,0.000,,,,,NVIDIA A100-SXM4-40GB MIG 4g.20gb (0),1,,13,cupy_copy__complex64_complex64
5265128962,1824,357379,1,1,1,1,1,1,18,0.000,0.000,,,,,NVIDIA A100-SXM4-40GB MIG 4g.20gb (0),1,,13,cupy_copy__float32_float32
5265260608,86687,357390,1,1,1,32,32,1,30,0.000,0.000,,,,,NVIDIA A100-SXM4-40GB MIG 4g.20gb (0),1,,13,"void convert_kernel<__half2, float2>(tensor_layout_any, T1 *, tensor_layout_any, const T2 *)"
5265376447,15136,357393,,,,,,,,,,0.094,6190.214,Pinned,Device,NVIDIA A100-SXM4-40GB MIG 4g.20gb (0),1,,13,[CUDA memcpy Host-to-Device]
5265406751,3456,357394,,,,,,,,,,1.547,447517.201,Device,,NVIDIA A100-SXM4-40GB MIG 4g.20gb (0),1,,13,[CUDA memset]
5265414270,4096,357399,,,,,,,,,,0.031,7640.605,Pinned,Device,NVIDIA A100-SXM4-40GB MIG 4g.20gb (0),1,,13,[CUDA memcpy Host-to-Device]
5265427070,21248,357400,,,,,,,,,,0.197,9252.962,Pinned,Device,NVIDIA A100-SXM4-40GB MIG 4g.20gb (0),1,,13,[CUDA memcpy Host-to-Device]
5265455486,12288,357401,273,1,1,8,4,1,39,0.002,0.000,,,,,NVIDIA A100-SXM4-40GB MIG 4g.20gb (0),1,,13,"void channel_eq::eqMmseCoefCompLowMimoKernel<float, float, float, (unsigned int)4, (unsigned int)1, (unsigned int)4>(const channel_eq::_puschRxChEqStatDescr *, channel_eq::_puschRxChEqCoefCompDynDescr)"
5265477246,5504,357402,273,1,1,12,11,1,51,0.002,0.000,,,,,NVIDIA A100-SXM4-40GB MIG 4g.20gb (0),1,,13,"void channel_eq::eqMmseSoftDemapKernel<float, __half, __half, float, (unsigned int)4, (unsigned short)16383>(channel_eq::_puschRxChEqStatDescr *, channel_eq::_puschRxChEqSoftDemapDynDescr)"
5265484574,289948,357403,1,1,1,32,32,1,30,0.000,0.000,,,,,NVIDIA A100-SXM4-40GB MIG 4g.20gb (0),1,,13,"void convert_kernel<float2, __half2>(tensor_layout_any, T1 *, tensor_layout_any, const T2 *)"
5265778778,10912,357415,2253,1,1,128,1,1,16,0.000,0.000,,,,,NVIDIA A100-SXM4-40GB MIG 4g.20gb (0),1,,13,cupy_copy__float16_float16
5265791290,3424,357424,282,1,1,128,1,1,16,0.000,0.000,,,,,NVIDIA A100-SXM4-40GB MIG 4g.20gb (0),1,,13,cupy_copy__complex64_complex64
5265796186,2304,357433,26,1,1,128,1,1,16,0.000,0.000,,,,,NVIDIA A100-SXM4-40GB MIG 4g.20gb (0),1,,13,cupy_copy__float32_float32
5265802106,4608,357442,103,1,1,128,1,1,16,0.000,0.000,,,,,NVIDIA A100-SXM4-40GB MIG 4g.20gb (0),1,,13,cupy_copy__complex64_complex64
5265807834,12031,357452,1434,1,1,128,1,1,16,0.000,0.000,,,,,NVIDIA A100-SXM4-40GB MIG 4g.20gb (0),1,,13,cupy_copy__complex64_complex64
5265824857,81919,357457,1,1,1,32,32,1,30,0.000,0.000,,,,,NVIDIA A100-SXM4-40GB MIG 4g.20gb (0),1,,13,"void convert_kernel<__half2, float2>(tensor_layout_any, T1 *, tensor_layout_any, const T2 *)"
5265934136,5760,357460,,,,,,,,,,0.094,16266.656,Pinned,Device,NVIDIA A100-SXM4-40GB MIG 4g.20gb (0),1,,13,[CUDA memcpy Host-to-Device]
5265945592,599385,357461,,,,,,,,,,456.561,761544.482,Device,,NVIDIA A100-SXM4-40GB MIG 4g.20gb (0),1,,13,[CUDA memset]
5266549233,133534,357466,,,,,,,,,,1.235,9247.261,Pinned,Device,NVIDIA A100-SXM4-40GB MIG 4g.20gb (0),1,,13,[CUDA memcpy Host-to-Device]
5266694895,40799,357467,,,,,,,,,,0.197,4818.862,Pinned,Device,NVIDIA A100-SXM4-40GB MIG 4g.20gb (0),1,,13,[CUDA memcpy Host-to-Device]
5266753230,8096,357468,69,4,1,48,1,1,76,0.002,0.000,,,,,NVIDIA A100-SXM4-40GB MIG 4g.20gb (0),1,,13,"void ch_est::windowedChEstPreNoDftSOfdmKernel<float, __half, float, (unsigned int)2, (unsigned int)1, (unsigned short)4>(ch_est::puschRxChEstStatDescr_t *, ch_est::puschRxChEstDynDescr_t *)"
5266772526,6848,357469,137,2,1,24,2,1,44,0.001,0.001,,,,,NVIDIA A100-SXM4-40GB MIG 4g.20gb (0),1,,13,"void ch_est::chEstFilterNoDftSOfdmDispatchKernel<float, __half, float, (unsigned int)2>(ch_est::puschRxChEstStatDescr_t *, ch_est::puschRxChEstDynDescr_t *)"
5266789582,4767,357470,137,2,1,24,2,1,44,0.001,0.001,,,,,NVIDIA A100-SXM4-40GB MIG 4g.20gb (0),1,,13,"void ch_est::chEstFilterNoDftSOfdmDispatchKernel<float, __half, float, (unsigned int)2>(ch_est::puschRxChEstStatDescr_t *, ch_est::puschRxChEstDynDescr_t *)"
5266809101,2720,357481,103,1,1,128,1,1,16,0.000,0.000,,,,,NVIDIA A100-SXM4-40GB MIG 4g.20gb (0),1,,13,cupy_copy__complex64_complex64
5266825805,12448,357491,1434,1,1,128,1,1,16,0.000,0.000,,,,,NVIDIA A100-SXM4-40GB MIG 4g.20gb (0),1,,13,cupy_copy__complex64_complex64
5266846157,2528,357498,103,1,1,128,1,1,16,0.000,0.000,,,,,NVIDIA A100-SXM4-40GB MIG 4g.20gb (0),1,,13,cupy_copy__complex64_complex64
5266867533,89470,357505,1,1,1,32,32,1,30,0.000,0.000,,,,,NVIDIA A100-SXM4-40GB MIG 4g.20gb (0),1,,13,"void convert_kernel<__half2, float2>(tensor_layout_any, T1 *, tensor_layout_any, const T2 *)"
5266991947,26624,357508,,,,,,,,,,0.094,3519.222,Pinned,Device,NVIDIA A100-SXM4-40GB MIG 4g.20gb (0),1,,13,[CUDA memcpy Host-to-Device]
5267042314,46304,357509,,,,,,,,,,35.810,773351.032,Device,,NVIDIA A100-SXM4-40GB MIG 4g.20gb (0),1,,13,[CUDA memset]
5267091562,12448,357511,,,,,,,,,,0.000,6.427,Pinned,Device,NVIDIA A100-SXM4-40GB MIG 4g.20gb (0),1,,13,[CUDA memcpy Host-to-Device]
5267110858,23999,357512,,,,,,,,,,0.197,8192.262,Pinned,Device,NVIDIA A100-SXM4-40GB MIG 4g.20gb (0),1,,13,[CUDA memcpy Host-to-Device]
5267153161,9152,357513,273,1,1,48,1,1,40,0.000,0.001,,,,,NVIDIA A100-SXM4-40GB MIG 4g.20gb (0),1,,13,"void pusch_noise_intf_est::noiseIntfEstNoDftSOfdmKernel<float, __half, float, float, (unsigned int)2, (unsigned int)1, (unsigned char)4, (unsigned char)4>(pusch_noise_intf_est::puschRxNoiseIntfEstDynDescr)"
5267164873,3328,357524,35,1,1,128,1,1,16,0.000,0.000,,,,,NVIDIA A100-SXM4-40GB MIG 4g.20gb (0),1,,13,cupy_copy__complex64_complex64
5267177001,1792,357533,1,1,1,1,1,1,18,0.000,0.000,,,,,NVIDIA A100-SXM4-40GB MIG 4g.20gb (0),1,,13,cupy_copy__float32_float32
5267181993,1856,357539,,,,,,,,,,0.000,2.155,Device,Pageable,NVIDIA A100-SXM4-40GB MIG 4g.20gb (0),1,,7,[CUDA memcpy Device-to-Host]
5267248456,13184,357550,1434,1,1,128,1,1,16,0.000,0.000,,,,,NVIDIA A100-SXM4-40GB MIG 4g.20gb (0),1,,13,cupy_copy__complex64_complex64
5267279336,3167,357557,103,1,1,128,1,1,16,0.000,0.000,,,,,NVIDIA A100-SXM4-40GB MIG 4g.20gb (0),1,,13,cupy_copy__complex64_complex64
5267298407,2592,357564,35,1,1,128,1,1,16,0.000,0.000,,,,,NVIDIA A100-SXM4-40GB MIG 4g.20gb (0),1,,13,cupy_copy__complex64_complex64
5267314407,1824,357571,1,1,1,1,1,1,18,0.000,0.000,,,,,NVIDIA A100-SXM4-40GB MIG 4g.20gb (0),1,,13,cupy_copy__float32_float32
5267444485,82559,357582,1,1,1,32,32,1,30,0.000,0.000,,,,,NVIDIA A100-SXM4-40GB MIG 4g.20gb (0),1,,13,"void convert_kernel<__half2, float2>(tensor_layout_any, T1 *, tensor_layout_any, const T2 *)"
5267555012,5568,357585,,,,,,,,,,0.094,16827.521,Pinned,Device,NVIDIA A100-SXM4-40GB MIG 4g.20gb (0),1,,13,[CUDA memcpy Host-to-Device]
5267568740,3328,357586,,,,,,,,,,1.547,464729.580,Device,,NVIDIA A100-SXM4-40GB MIG 4g.20gb (0),1,,13,[CUDA memset]
5267575844,3392,357591,,,,,,,,,,0.031,9226.405,Pinned,Device,NVIDIA A100-SXM4-40GB MIG 4g.20gb (0),1,,13,[CUDA memcpy Host-to-Device]
5267582020,10112,357592,,,,,,,,,,0.197,19442.958,Pinned,Device,NVIDIA A100-SXM4-40GB MIG 4g.20gb (0),1,,13,[CUDA memcpy Host-to-Device]
5267597572,8159,357593,273,1,1,8,4,1,39,0.002,0.000,,,,,NVIDIA A100-SXM4-40GB MIG 4g.20gb (0),1,,13,"void channel_eq::eqMmseCoefCompLowMimoKernel<float, float, float, (unsigned int)4, (unsigned int)1, (unsigned int)4>(const channel_eq::_puschRxChEqStatDescr *, channel_eq::_puschRxChEqCoefCompDynDescr)"
5267609059,5888,357594,273,1,1,12,11,1,51,0.002,0.000,,,,,NVIDIA A100-SXM4-40GB MIG 4g.20gb (0),1,,13,"void channel_eq::eqMmseSoftDemapKernel<float, __half, __half, float, (unsigned int)4, (unsigned short)16383>(channel_eq::_puschRxChEqStatDescr *, channel_eq::_puschRxChEqSoftDemapDynDescr)"
5267617955,294269,357595,1,1,1,32,32,1,30,0.000,0.000,,,,,NVIDIA A100-SXM4-40GB MIG 4g.20gb (0),1,,13,"void convert_kernel<float2, __half2>(tensor_layout_any, T1 *, tensor_layout_any, const T2 *)"
5267913536,10976,357607,2253,1,1,128,1,1,16,0.000,0.000,,,,,NVIDIA A100-SXM4-40GB MIG 4g.20gb (0),1,,13,cupy_copy__float16_float16
5267927392,3071,357616,282,1,1,128,1,1,16,0.000,0.000,,,,,NVIDIA A100-SXM4-40GB MIG 4g.20gb (0),1,,13,cupy_copy__complex64_complex64
5267931647,2336,357625,26,1,1,128,1,1,16,0.000,0.000,,,,,NVIDIA A100-SXM4-40GB MIG 4g.20gb (0),1,,13,cupy_copy__float32_float32
5267935167,4608,357634,103,1,1,128,1,1,16,0.000,0.000,,,,,NVIDIA A100-SXM4-40GB MIG 4g.20gb (0),1,,13,cupy_copy__complex64_complex64
5267941759,12032,357644,1434,1,1,128,1,1,16,0.000,0.000,,,,,NVIDIA A100-SXM4-40GB MIG 4g.20gb (0),1,,13,cupy_copy__complex64_complex64
5267955935,82751,357649,1,1,1,32,32,1,30,0.000,0.000,,,,,NVIDIA A100-SXM4-40GB MIG 4g.20gb (0),1,,13,"void convert_kernel<__half2, float2>(tensor_layout_any, T1 *, tensor_layout_any, const T2 *)"
5268065854,5760,357652,,,,,,,,,,0.094,16266.656,Pinned,Device,NVIDIA A100-SXM4-40GB MIG 4g.20gb (0),1,,13,[CUDA memcpy Host-to-Device]
5268076638,598808,357653,,,,,,,,,,456.561,762001.043,Device,,NVIDIA A100-SXM4-40GB MIG 4g.20gb (0),1,,13,[CUDA memset]
5268682678,109151,357658,,,,,,,,,,1.235,11313.322,Pinned,Device,NVIDIA A100-SXM4-40GB MIG 4g.20gb (0),1,,13,[CUDA memcpy Host-to-Device]
5268801621,28607,357659,,,,,,,,,,0.197,6872.629,Pinned,Device,NVIDIA A100-SXM4-40GB MIG 4g.20gb (0),1,,13,[CUDA memcpy Host-to-Device]
5268847316,8000,357660,69,4,1,48,1,1,76,0.002,0.000,,,,,NVIDIA A100-SXM4-40GB MIG 4g.20gb (0),1,,13,"void ch_est::windowedChEstPreNoDftSOfdmKernel<float, __half, float, (unsigned int)2, (unsigned int)1, (unsigned short)4>(ch_est::puschRxChEstStatDescr_t *, ch_est::puschRxChEstDynDescr_t *)"
5268862452,6944,357661,137,2,1,24,2,1,44,0.001,0.001,,,,,NVIDIA A100-SXM4-40GB MIG 4g.20gb (0),1,,13,"void ch_est::chEstFilterNoDftSOfdmDispatchKernel<float, __half, float, (unsigned int)2>(ch_est::puschRxChEstStatDescr_t *, ch_est::puschRxChEstDynDescr_t *)"
5268876500,6048,357662,137,2,1,24,2,1,44,0.001,0.001,,,,,NVIDIA A100-SXM4-40GB MIG 4g.20gb (0),1,,13,"void ch_est::chEstFilterNoDftSOfdmDispatchKernel<float, __half, float, (unsigned int)2>(ch_est::puschRxChEstStatDescr_t *, ch_est::puschRxChEstDynDescr_t *)"
5268893396,2496,357673,103,1,1,128,1,1,16,0.000,0.000,,,,,NVIDIA A100-SXM4-40GB MIG 4g.20gb (0),1,,13,cupy_copy__complex64_complex64
5268908723,12256,357683,1434,1,1,128,1,1,16,0.000,0.000,,,,,NVIDIA A100-SXM4-40GB MIG 4g.20gb (0),1,,13,cupy_copy__complex64_complex64
5268929363,3008,357690,103,1,1,128,1,1,16,0.000,0.000,,,,,NVIDIA A100-SXM4-40GB MIG 4g.20gb (0),1,,13,cupy_copy__complex64_complex64
5268946643,84735,357697,1,1,1,32,32,1,30,0.000,0.000,,,,,NVIDIA A100-SXM4-40GB MIG 4g.20gb (0),1,,13,"void convert_kernel<__half2, float2>(tensor_layout_any, T1 *, tensor_layout_any, const T2 *)"
5269065042,24063,357700,,,,,,,,,,0.094,3893.725,Pinned,Device,NVIDIA A100-SXM4-40GB MIG 4g.20gb (0),1,,13,[CUDA memcpy Host-to-Device]
5269104753,47103,357701,,,,,,,,,,35.810,760244.602,Device,,NVIDIA A100-SXM4-40GB MIG 4g.20gb (0),1,,13,[CUDA memset]
5269156240,11808,357703,,,,,,,,,,0.000,6.775,Pinned,Device,NVIDIA A100-SXM4-40GB MIG 4g.20gb (0),1,,13,[CUDA memcpy Host-to-Device]
5269179248,25280,357704,,,,,,,,,,0.197,7777.026,Pinned,Device,NVIDIA A100-SXM4-40GB MIG 4g.20gb (0),1,,13,[CUDA memcpy Host-to-Device]
5269238095,9760,357705,273,1,1,48,1,1,40,0.000,0.001,,,,,NVIDIA A100-SXM4-40GB MIG 4g.20gb (0),1,,13,"void pusch_noise_intf_est::noiseIntfEstNoDftSOfdmKernel<float, __half, float, float, (unsigned int)2, (unsigned int)1, (unsigned char)4, (unsigned char)4>(pusch_noise_intf_est::puschRxNoiseIntfEstDynDescr)"
5269255343,2624,357716,35,1,1,128,1,1,16,0.000,0.000,,,,,NVIDIA A100-SXM4-40GB MIG 4g.20gb (0),1,,13,cupy_copy__complex64_complex64
5269271791,1760,357725,1,1,1,1,1,1,18,0.000,0.000,,,,,NVIDIA A100-SXM4-40GB MIG 4g.20gb (0),1,,13,cupy_copy__float32_float32
5269276047,7840,357731,,,,,,,,,,0.000,0.510,Device,Pageable,NVIDIA A100-SXM4-40GB MIG 4g.20gb (0),1,,7,[CUDA memcpy Device-to-Host]
5269379886,12927,357742,1434,1,1,128,1,1,16,0.000,0.000,,,,,NVIDIA A100-SXM4-40GB MIG 4g.20gb (0),1,,13,cupy_copy__complex64_complex64
5269406477,2752,357749,103,1,1,128,1,1,16,0.000,0.000,,,,,NVIDIA A100-SXM4-40GB MIG 4g.20gb (0),1,,13,cupy_copy__complex64_complex64
5269423853,2144,357756,35,1,1,128,1,1,16,0.000,0.000,,,,,NVIDIA A100-SXM4-40GB MIG 4g.20gb (0),1,,13,cupy_copy__complex64_complex64
5269427629,1760,357763,1,1,1,1,1,1,18,0.000,0.000,,,,,NVIDIA A100-SXM4-40GB MIG 4g.20gb (0),1,,13,cupy_copy__float32_float32
5269568587,86463,357774,1,1,1,32,32,1,30,0.000,0.000,,,,,NVIDIA A100-SXM4-40GB MIG 4g.20gb (0),1,,13,"void convert_kernel<__half2, float2>(tensor_layout_any, T1 *, tensor_layout_any, const T2 *)"
5269687786,12320,357777,,,,,,,,,,0.094,7605.117,Pinned,Device,NVIDIA A100-SXM4-40GB MIG 4g.20gb (0),1,,13,[CUDA memcpy Host-to-Device]
5269713162,3391,357778,,,,,,,,,,1.547,456096.324,Device,,NVIDIA A100-SXM4-40GB MIG 4g.20gb (0),1,,13,[CUDA memset]
5269722185,6848,357783,,,,,,,,,,0.031,4570.092,Pinned,Device,NVIDIA A100-SXM4-40GB MIG 4g.20gb (0),1,,13,[CUDA memcpy Host-to-Device]
5269732233,13952,357784,,,,,,,,,,0.197,14091.682,Pinned,Device,NVIDIA A100-SXM4-40GB MIG 4g.20gb (0),1,,13,[CUDA memcpy Host-to-Device]
5269753193,6688,357785,273,1,1,8,4,1,39,0.002,0.000,,,,,NVIDIA A100-SXM4-40GB MIG 4g.20gb (0),1,,13,"void channel_eq::eqMmseCoefCompLowMimoKernel<float, float, float, (unsigned int)4, (unsigned int)1, (unsigned int)4>(const channel_eq::_puschRxChEqStatDescr *, channel_eq::_puschRxChEqCoefCompDynDescr)"
5269762505,6432,357786,273,1,1,12,11,1,51,0.002,0.000,,,,,NVIDIA A100-SXM4-40GB MIG 4g.20gb (0),1,,13,"void channel_eq::eqMmseSoftDemapKernel<float, __half, __half, float, (unsigned int)4, (unsigned short)16383>(channel_eq::_puschRxChEqStatDescr *, channel_eq::_puschRxChEqSoftDemapDynDescr)"
5269769929,294748,357787,1,1,1,32,32,1,30,0.000,0.000,,,,,NVIDIA A100-SXM4-40GB MIG 4g.20gb (0),1,,13,"void convert_kernel<float2, __half2>(tensor_layout_any, T1 *, tensor_layout_any, const T2 *)"
5270065989,11200,357799,2253,1,1,128,1,1,16,0.000,0.000,,,,,NVIDIA A100-SXM4-40GB MIG 4g.20gb (0),1,,13,cupy_copy__float16_float16
5270081573,3232,357808,282,1,1,128,1,1,16,0.000,0.000,,,,,NVIDIA A100-SXM4-40GB MIG 4g.20gb (0),1,,13,cupy_copy__complex64_complex64
5270087493,2016,357817,26,1,1,128,1,1,16,0.000,0.000,,,,,NVIDIA A100-SXM4-40GB MIG 4g.20gb (0),1,,13,cupy_copy__float32_float32
5270091365,3168,357826,103,1,1,128,1,1,16,0.000,0.000,,,,,NVIDIA A100-SXM4-40GB MIG 4g.20gb (0),1,,13,cupy_copy__complex64_complex64
5270095589,11968,357836,1434,1,1,128,1,1,16,0.000,0.000,,,,,NVIDIA A100-SXM4-40GB MIG 4g.20gb (0),1,,13,cupy_copy__complex64_complex64
5270111749,85535,357841,1,1,1,32,32,1,30,0.000,0.000,,,,,NVIDIA A100-SXM4-40GB MIG 4g.20gb (0),1,,13,"void convert_kernel<__half2, float2>(tensor_layout_any, T1 *, tensor_layout_any, const T2 *)"
5270223971,5536,357844,,,,,,,,,,0.094,16924.777,Pinned,Device,NVIDIA A100-SXM4-40GB MIG 4g.20gb (0),1,,13,[CUDA memcpy Host-to-Device]
5270233603,602585,357845,,,,,,,,,,456.561,757435.429,Device,,NVIDIA A100-SXM4-40GB MIG 4g.20gb (0),1,,13,[CUDA memset]
5270845436,144894,357850,,,,,,,,,,1.235,8522.349,Pinned,Device,NVIDIA A100-SXM4-40GB MIG 4g.20gb (0),1,,13,[CUDA memcpy Host-to-Device]
5271000346,28255,357851,,,,,,,,,,0.197,6958.154,Pinned,Device,NVIDIA A100-SXM4-40GB MIG 4g.20gb (0),1,,13,[CUDA memcpy Host-to-Device]
5271042777,8064,357852,69,4,1,48,1,1,76,0.002,0.000,,,,,NVIDIA A100-SXM4-40GB MIG 4g.20gb (0),1,,13,"void ch_est::windowedChEstPreNoDftSOfdmKernel<float, __half, float, (unsigned int)2, (unsigned int)1, (unsigned short)4>(ch_est::puschRxChEstStatDescr_t *, ch_est::puschRxChEstDynDescr_t *)"
5271053689,7136,357853,137,2,1,24,2,1,44,0.001,0.001,,,,,NVIDIA A100-SXM4-40GB MIG 4g.20gb (0),1,,13,"void ch_est::chEstFilterNoDftSOfdmDispatchKernel<float, __half, float, (unsigned int)2>(ch_est::puschRxChEstStatDescr_t *, ch_est::puschRxChEstDynDescr_t *)"
5271067961,5536,357854,137,2,1,24,2,1,44,0.001,0.001,,,,,NVIDIA A100-SXM4-40GB MIG 4g.20gb (0),1,,13,"void ch_est::chEstFilterNoDftSOfdmDispatchKernel<float, __half, float, (unsigned int)2>(ch_est::puschRxChEstStatDescr_t *, ch_est::puschRxChEstDynDescr_t *)"
5271078841,2624,357865,103,1,1,128,1,1,16,0.000,0.000,,,,,NVIDIA A100-SXM4-40GB MIG 4g.20gb (0),1,,13,cupy_copy__complex64_complex64
5271088313,12511,357875,1434,1,1,128,1,1,16,0.000,0.000,,,,,NVIDIA A100-SXM4-40GB MIG 4g.20gb (0),1,,13,cupy_copy__complex64_complex64
5271105944,7136,357882,103,1,1,128,1,1,16,0.000,0.000,,,,,NVIDIA A100-SXM4-40GB MIG 4g.20gb (0),1,,13,cupy_copy__complex64_complex64
5271118296,82303,357889,1,1,1,32,32,1,30,0.000,0.000,,,,,NVIDIA A100-SXM4-40GB MIG 4g.20gb (0),1,,13,"void convert_kernel<__half2, float2>(tensor_layout_any, T1 *, tensor_layout_any, const T2 *)"
5271228983,5472,357892,,,,,,,,,,0.094,17122.757,Pinned,Device,NVIDIA A100-SXM4-40GB MIG 4g.20gb (0),1,,13,[CUDA memcpy Host-to-Device]
5271243479,46879,357893,,,,,,,,,,35.810,763861.404,Device,,NVIDIA A100-SXM4-40GB MIG 4g.20gb (0),1,,13,[CUDA memset]
5271296758,4160,357895,,,,,,,,,,0.000,19.231,Pinned,Device,NVIDIA A100-SXM4-40GB MIG 4g.20gb (0),1,,13,[CUDA memcpy Host-to-Device]
5271305206,12992,357896,,,,,,,,,,0.197,15132.918,Pinned,Device,NVIDIA A100-SXM4-40GB MIG 4g.20gb (0),1,,13,[CUDA memcpy Host-to-Device]
5271326230,10464,357897,273,1,1,48,1,1,40,0.000,0.001,,,,,NVIDIA A100-SXM4-40GB MIG 4g.20gb (0),1,,13,"void pusch_noise_intf_est::noiseIntfEstNoDftSOfdmKernel<float, __half, float, float, (unsigned int)2, (unsigned int)1, (unsigned char)4, (unsigned char)4>(pusch_noise_intf_est::puschRxNoiseIntfEstDynDescr)"
5271342741,3040,357908,35,1,1,128,1,1,16,0.000,0.000,,,,,NVIDIA A100-SXM4-40GB MIG 4g.20gb (0),1,,13,cupy_copy__complex64_complex64
5271351349,1792,357917,1,1,1,1,1,1,18,0.000,0.000,,,,,NVIDIA A100-SXM4-40GB MIG 4g.20gb (0),1,,13,cupy_copy__float32_float32
5271383029,1600,357923,,,,,,,,,,0.000,2.500,Device,Pageable,NVIDIA A100-SXM4-40GB MIG 4g.20gb (0),1,,7,[CUDA memcpy Device-to-Host]
5271441908,12928,357934,1434,1,1,128,1,1,16,0.000,0.000,,,,,NVIDIA A100-SXM4-40GB MIG 4g.20gb (0),1,,13,cupy_copy__complex64_complex64
5271469396,2656,357941,103,1,1,128,1,1,16,0.000,0.000,,,,,NVIDIA A100-SXM4-40GB MIG 4g.20gb (0),1,,13,cupy_copy__complex64_complex64
5271491380,2176,357948,35,1,1,128,1,1,16,0.000,0.000,,,,,NVIDIA A100-SXM4-40GB MIG 4g.20gb (0),1,,13,cupy_copy__complex64_complex64
5271510355,1760,357955,1,1,1,1,1,1,18,0.000,0.000,,,,,NVIDIA A100-SXM4-40GB MIG 4g.20gb (0),1,,13,cupy_copy__float32_float32
5271642578,82015,357966,1,1,1,32,32,1,30,0.000,0.000,,,,,NVIDIA A100-SXM4-40GB MIG 4g.20gb (0),1,,13,"void convert_kernel<__half2, float2>(tensor_layout_any, T1 *, tensor_layout_any, const T2 *)"
5271752432,5984,357969,,,,,,,,,,0.094,15657.726,Pinned,Device,NVIDIA A100-SXM4-40GB MIG 4g.20gb (0),1,,13,[CUDA memcpy Host-to-Device]
5271766928,3296,357970,,,,,,,,,,1.547,469242.628,Device,,NVIDIA A100-SXM4-40GB MIG 4g.20gb (0),1,,13,[CUDA memset]
5271773968,3104,357975,,,,,,,,,,0.031,10082.445,Pinned,Device,NVIDIA A100-SXM4-40GB MIG 4g.20gb (0),1,,13,[CUDA memcpy Host-to-Device]
5271780304,9600,357976,,,,,,,,,,0.197,20479.869,Pinned,Device,NVIDIA A100-SXM4-40GB MIG 4g.20gb (0),1,,13,[CUDA memcpy Host-to-Device]
5271794704,6368,357977,273,1,1,8,4,1,39,0.002,0.000,,,,,NVIDIA A100-SXM4-40GB MIG 4g.20gb (0),1,,13,"void channel_eq::eqMmseCoefCompLowMimoKernel<float, float, float, (unsigned int)4, (unsigned int)1, (unsigned int)4>(const channel_eq::_puschRxChEqStatDescr *, channel_eq::_puschRxChEqCoefCompDynDescr)"
5271802416,5344,357978,273,1,1,12,11,1,51,0.002,0.000,,,,,NVIDIA A100-SXM4-40GB MIG 4g.20gb (0),1,,13,"void channel_eq::eqMmseSoftDemapKernel<float, __half, __half, float, (unsigned int)4, (unsigned short)16383>(channel_eq::_puschRxChEqStatDescr *, channel_eq::_puschRxChEqSoftDemapDynDescr)"
5271808880,295452,357979,1,1,1,32,32,1,30,0.000,0.000,,,,,NVIDIA A100-SXM4-40GB MIG 4g.20gb (0),1,,13,"void convert_kernel<float2, __half2>(tensor_layout_any, T1 *, tensor_layout_any, const T2 *)"
5272105452,10944,357991,2253,1,1,128,1,1,16,0.000,0.000,,,,,NVIDIA A100-SXM4-40GB MIG 4g.20gb (0),1,,13,cupy_copy__float16_float16
5272119788,3616,358000,282,1,1,128,1,1,16,0.000,0.000,,,,,NVIDIA A100-SXM4-40GB MIG 4g.20gb (0),1,,13,cupy_copy__complex64_complex64
5272126604,2240,358009,26,1,1,128,1,1,16,0.000,0.000,,,,,NVIDIA A100-SXM4-40GB MIG 4g.20gb (0),1,,13,cupy_copy__float32_float32
5272129996,2912,358018,103,1,1,128,1,1,16,0.000,0.000,,,,,NVIDIA A100-SXM4-40GB MIG 4g.20gb (0),1,,13,cupy_copy__complex64_complex64
5272135436,12000,358028,1434,1,1,128,1,1,16,0.000,0.000,,,,,NVIDIA A100-SXM4-40GB MIG 4g.20gb (0),1,,13,cupy_copy__complex64_complex64
5272151051,84863,358033,1,1,1,32,32,1,30,0.000,0.000,,,,,NVIDIA A100-SXM4-40GB MIG 4g.20gb (0),1,,13,"void convert_kernel<__half2, float2>(tensor_layout_any, T1 *, tensor_layout_any, const T2 *)"
5272263338,5728,358036,,,,,,,,,,0.094,16357.541,Pinned,Device,NVIDIA A100-SXM4-40GB MIG 4g.20gb (0),1,,13,[CUDA memcpy Host-to-Device]
5272273450,595865,358037,,,,,,,,,,456.561,766110.096,Device,,NVIDIA A100-SXM4-40GB MIG 4g.20gb (0),1,,13,[CUDA memset]
5272875363,175133,358042,,,,,,,,,,1.235,7050.295,Pinned,Device,NVIDIA A100-SXM4-40GB MIG 4g.20gb (0),1,,13,[CUDA memcpy Host-to-Device]
5273062624,39904,358043,,,,,,,,,,0.197,4926.996,Pinned,Device,NVIDIA A100-SXM4-40GB MIG 4g.20gb (0),1,,13,[CUDA memcpy Host-to-Device]
5273120288,8159,358044,69,4,1,48,1,1,76,0.002,0.000,,,,,NVIDIA A100-SXM4-40GB MIG 4g.20gb (0),1,,13,"void ch_est::windowedChEstPreNoDftSOfdmKernel<float, __half, float, (unsigned int)2, (unsigned int)1, (unsigned short)4>(ch_est::puschRxChEstStatDescr_t *, ch_est::puschRxChEstDynDescr_t *)"
5273138239,6624,358045,137,2,1,24,2,1,44,0.001,0.001,,,,,NVIDIA A100-SXM4-40GB MIG 4g.20gb (0),1,,13,"void ch_est::chEstFilterNoDftSOfdmDispatchKernel<float, __half, float, (unsigned int)2>(ch_est::puschRxChEstStatDescr_t *, ch_est::puschRxChEstDynDescr_t *)"
5273157439,5024,358046,137,2,1,24,2,1,44,0.001,0.001,,,,,NVIDIA A100-SXM4-40GB MIG 4g.20gb (0),1,,13,"void ch_est::chEstFilterNoDftSOfdmDispatchKernel<float, __half, float, (unsigned int)2>(ch_est::puschRxChEstStatDescr_t *, ch_est::puschRxChEstDynDescr_t *)"
5273172511,2624,358057,103,1,1,128,1,1,16,0.000,0.000,,,,,NVIDIA A100-SXM4-40GB MIG 4g.20gb (0),1,,13,cupy_copy__complex64_complex64
5273188319,12352,358067,1434,1,1,128,1,1,16,0.000,0.000,,,,,NVIDIA A100-SXM4-40GB MIG 4g.20gb (0),1,,13,cupy_copy__complex64_complex64
5273221886,2560,358074,103,1,1,128,1,1,16,0.000,0.000,,,,,NVIDIA A100-SXM4-40GB MIG 4g.20gb (0),1,,13,cupy_copy__complex64_complex64
5273234174,82047,358081,1,1,1,32,32,1,30,0.000,0.000,,,,,NVIDIA A100-SXM4-40GB MIG 4g.20gb (0),1,,13,"void convert_kernel<__half2, float2>(tensor_layout_any, T1 *, tensor_layout_any, const T2 *)"
5273346237,14336,358084,,,,,,,,,,0.094,6535.671,Pinned,Device,NVIDIA A100-SXM4-40GB MIG 4g.20gb (0),1,,13,[CUDA memcpy Host-to-Device]
5273375388,47328,358085,,,,,,,,,,35.810,756627.800,Device,,NVIDIA A100-SXM4-40GB MIG 4g.20gb (0),1,,13,[CUDA memset]
5273432380,3776,358087,,,,,,,,,,0.000,21.186,Pinned,Device,NVIDIA A100-SXM4-40GB MIG 4g.20gb (0),1,,13,[CUDA memcpy Host-to-Device]
5273443132,14623,358088,,,,,,,,,,0.197,13445.038,Pinned,Device,NVIDIA A100-SXM4-40GB MIG 4g.20gb (0),1,,13,[CUDA memcpy Host-to-Device]
5273467387,12960,358089,273,1,1,48,1,1,40,0.000,0.001,,,,,NVIDIA A100-SXM4-40GB MIG 4g.20gb (0),1,,13,"void pusch_noise_intf_est::noiseIntfEstNoDftSOfdmKernel<float, __half, float, float, (unsigned int)2, (unsigned int)1, (unsigned char)4, (unsigned char)4>(pusch_noise_intf_est::puschRxNoiseIntfEstDynDescr)"
5273484923,2848,358100,35,1,1,128,1,1,16,0.000,0.000,,,,,NVIDIA A100-SXM4-40GB MIG 4g.20gb (0),1,,13,cupy_copy__complex64_complex64
5273491547,1984,358109,1,1,1,1,1,1,18,0.000,0.000,,,,,NVIDIA A100-SXM4-40GB MIG 4g.20gb (0),1,,13,cupy_copy__float32_float32
5273495451,4256,358115,,,,,,,,,,0.000,0.940,Device,Pageable,NVIDIA A100-SXM4-40GB MIG 4g.20gb (0),1,,7,[CUDA memcpy Device-to-Host]
5273558874,13024,358126,1434,1,1,128,1,1,16,0.000,0.000,,,,,NVIDIA A100-SXM4-40GB MIG 4g.20gb (0),1,,13,cupy_copy__complex64_complex64
5273588762,2784,358133,103,1,1,128,1,1,16,0.000,0.000,,,,,NVIDIA A100-SXM4-40GB MIG 4g.20gb (0),1,,13,cupy_copy__complex64_complex64
5273607514,2432,358140,35,1,1,128,1,1,16,0.000,0.000,,,,,NVIDIA A100-SXM4-40GB MIG 4g.20gb (0),1,,13,cupy_copy__complex64_complex64
5273625561,1824,358147,1,1,1,1,1,1,18,0.000,0.000,,,,,NVIDIA A100-SXM4-40GB MIG 4g.20gb (0),1,,13,cupy_copy__float32_float32
5273757816,82239,358158,1,1,1,32,32,1,30,0.000,0.000,,,,,NVIDIA A100-SXM4-40GB MIG 4g.20gb (0),1,,13,"void convert_kernel<__half2, float2>(tensor_layout_any, T1 *, tensor_layout_any, const T2 *)"
5273867894,5792,358161,,,,,,,,,,0.094,16176.708,Pinned,Device,NVIDIA A100-SXM4-40GB MIG 4g.20gb (0),1,,13,[CUDA memcpy Host-to-Device]
5273885046,3200,358162,,,,,,,,,,1.547,483320.000,Device,,NVIDIA A100-SXM4-40GB MIG 4g.20gb (0),1,,13,[CUDA memset]
5273889558,3008,358167,,,,,,,,,,0.031,10404.230,Pinned,Device,NVIDIA A100-SXM4-40GB MIG 4g.20gb (0),1,,13,[CUDA memcpy Host-to-Device]
5273895158,9984,358168,,,,,,,,,,0.197,19692.257,Pinned,Device,NVIDIA A100-SXM4-40GB MIG 4g.20gb (0),1,,13,[CUDA memcpy Host-to-Device]
5273908982,6112,358169,273,1,1,8,4,1,39,0.002,0.000,,,,,NVIDIA A100-SXM4-40GB MIG 4g.20gb (0),1,,13,"void channel_eq::eqMmseCoefCompLowMimoKernel<float, float, float, (unsigned int)4, (unsigned int)1, (unsigned int)4>(const channel_eq::_puschRxChEqStatDescr *, channel_eq::_puschRxChEqCoefCompDynDescr)"
5273919094,7776,358170,273,1,1,12,11,1,51,0.002,0.000,,,,,NVIDIA A100-SXM4-40GB MIG 4g.20gb (0),1,,13,"void channel_eq::eqMmseSoftDemapKernel<float, __half, __half, float, (unsigned int)4, (unsigned short)16383>(channel_eq::_puschRxChEqStatDescr *, channel_eq::_puschRxChEqSoftDemapDynDescr)"
5273928886,294428,358171,1,1,1,32,32,1,30,0.000,0.000,,,,,NVIDIA A100-SXM4-40GB MIG 4g.20gb (0),1,,13,"void convert_kernel<float2, __half2>(tensor_layout_any, T1 *, tensor_layout_any, const T2 *)"
5274225458,11040,358183,2253,1,1,128,1,1,16,0.000,0.000,,,,,NVIDIA A100-SXM4-40GB MIG 4g.20gb (0),1,,13,cupy_copy__float16_float16
5274238642,3200,358192,282,1,1,128,1,1,16,0.000,0.000,,,,,NVIDIA A100-SXM4-40GB MIG 4g.20gb (0),1,,13,cupy_copy__complex64_complex64
5274242962,2048,358201,26,1,1,128,1,1,16,0.000,0.000,,,,,NVIDIA A100-SXM4-40GB MIG 4g.20gb (0),1,,13,cupy_copy__float32_float32
5274248114,2976,358210,103,1,1,128,1,1,16,0.000,0.000,,,,,NVIDIA A100-SXM4-40GB MIG 4g.20gb (0),1,,13,cupy_copy__complex64_complex64
5274254866,12287,358220,1434,1,1,128,1,1,16,0.000,0.000,,,,,NVIDIA A100-SXM4-40GB MIG 4g.20gb (0),1,,13,cupy_copy__complex64_complex64
5274269969,81343,358225,1,1,1,32,32,1,30,0.000,0.000,,,,,NVIDIA A100-SXM4-40GB MIG 4g.20gb (0),1,,13,"void convert_kernel<__half2, float2>(tensor_layout_any, T1 *, tensor_layout_any, const T2 *)"
5274378736,5536,358228,,,,,,,,,,0.094,16924.777,Pinned,Device,NVIDIA A100-SXM4-40GB MIG 4g.20gb (0),1,,13,[CUDA memcpy Host-to-Device]
5274388112,597049,358229,,,,,,,,,,456.561,764283.851,Device,,NVIDIA A100-SXM4-40GB MIG 4g.20gb (0),1,,13,[CUDA memset]
5274985801,128382,358234,,,,,,,,,,1.235,9618.979,Pinned,Device,NVIDIA A100-SXM4-40GB MIG 4g.20gb (0),1,,13,[CUDA memcpy Host-to-Device]
5275126311,40703,358235,,,,,,,,,,0.197,4830.265,Pinned,Device,NVIDIA A100-SXM4-40GB MIG 4g.20gb (0),1,,13,[CUDA memcpy Host-to-Device]
5275184646,8544,358236,69,4,1,48,1,1,76,0.002,0.000,,,,,NVIDIA A100-SXM4-40GB MIG 4g.20gb (0),1,,13,"void ch_est::windowedChEstPreNoDftSOfdmKernel<float, __half, float, (unsigned int)2, (unsigned int)1, (unsigned short)4>(ch_est::puschRxChEstStatDescr_t *, ch_est::puschRxChEstDynDescr_t *)"
5275203942,6688,358237,137,2,1,24,2,1,44,0.001,0.001,,,,,NVIDIA A100-SXM4-40GB MIG 4g.20gb (0),1,,13,"void ch_est::chEstFilterNoDftSOfdmDispatchKernel<float, __half, float, (unsigned int)2>(ch_est::puschRxChEstStatDescr_t *, ch_est::puschRxChEstDynDescr_t *)"
5275220230,4736,358238,137,2,1,24,2,1,44,0.001,0.001,,,,,NVIDIA A100-SXM4-40GB MIG 4g.20gb (0),1,,13,"void ch_est::chEstFilterNoDftSOfdmDispatchKernel<float, __half, float, (unsigned int)2>(ch_est::puschRxChEstStatDescr_t *, ch_est::puschRxChEstDynDescr_t *)"
5275239973,2624,358249,103,1,1,128,1,1,16,0.000,0.000,,,,,NVIDIA A100-SXM4-40GB MIG 4g.20gb (0),1,,13,cupy_copy__complex64_complex64
5275256421,12128,358259,1434,1,1,128,1,1,16,0.000,0.000,,,,,NVIDIA A100-SXM4-40GB MIG 4g.20gb (0),1,,13,cupy_copy__complex64_complex64
5275279941,2528,358266,103,1,1,128,1,1,16,0.000,0.000,,,,,NVIDIA A100-SXM4-40GB MIG 4g.20gb (0),1,,13,cupy_copy__complex64_complex64
5275299653,81855,358273,1,1,1,32,32,1,30,0.000,0.000,,,,,NVIDIA A100-SXM4-40GB MIG 4g.20gb (0),1,,13,"void convert_kernel<__half2, float2>(tensor_layout_any, T1 *, tensor_layout_any, const T2 *)"
5275412995,29376,358276,,,,,,,,,,0.094,3189.506,Pinned,Device,NVIDIA A100-SXM4-40GB MIG 4g.20gb (0),1,,13,[CUDA memcpy Host-to-Device]
5275465891,47999,358277,,,,,,,,,,35.810,746028.063,Device,,NVIDIA A100-SXM4-40GB MIG 4g.20gb (0),1,,13,[CUDA memset]
5275520130,9056,358279,,,,,,,,,,0.000,8.834,Pinned,Device,NVIDIA A100-SXM4-40GB MIG 4g.20gb (0),1,,13,[CUDA memcpy Host-to-Device]
5275538754,28319,358280,,,,,,,,,,0.197,6942.425,Pinned,Device,NVIDIA A100-SXM4-40GB MIG 4g.20gb (0),1,,13,[CUDA memcpy Host-to-Device]
5275586305,9536,358281,273,1,1,48,1,1,40,0.000,0.001,,,,,NVIDIA A100-SXM4-40GB MIG 4g.20gb (0),1,,13,"void pusch_noise_intf_est::noiseIntfEstNoDftSOfdmKernel<float, __half, float, float, (unsigned int)2, (unsigned int)1, (unsigned char)4, (unsigned char)4>(pusch_noise_intf_est::puschRxNoiseIntfEstDynDescr)"
5275612449,2816,358292,35,1,1,128,1,1,16,0.000,0.000,,,,,NVIDIA A100-SXM4-40GB MIG 4g.20gb (0),1,,13,cupy_copy__complex64_complex64
5275623137,1824,358301,1,1,1,1,1,1,18,0.000,0.000,,,,,NVIDIA A100-SXM4-40GB MIG 4g.20gb (0),1,,13,cupy_copy__float32_float32
5275625793,5600,358307,,,,,,,,,,0.000,0.714,Device,Pageable,NVIDIA A100-SXM4-40GB MIG 4g.20gb (0),1,,7,[CUDA memcpy Device-to-Host]
5275704032,12768,358318,1434,1,1,128,1,1,16,0.000,0.000,,,,,NVIDIA A100-SXM4-40GB MIG 4g.20gb (0),1,,13,cupy_copy__complex64_complex64
5275732159,3424,358325,103,1,1,128,1,1,16,0.000,0.000,,,,,NVIDIA A100-SXM4-40GB MIG 4g.20gb (0),1,,13,cupy_copy__complex64_complex64
5275756895,2624,358332,35,1,1,128,1,1,16,0.000,0.000,,,,,NVIDIA A100-SXM4-40GB MIG 4g.20gb (0),1,,13,cupy_copy__complex64_complex64
5275772639,1856,358339,1,1,1,1,1,1,18,0.000,0.000,,,,,NVIDIA A100-SXM4-40GB MIG 4g.20gb (0),1,,13,cupy_copy__float32_float32
5275898333,83423,358350,1,1,1,32,32,1,30,0.000,0.000,,,,,NVIDIA A100-SXM4-40GB MIG 4g.20gb (0),1,,13,"void convert_kernel<__half2, float2>(tensor_layout_any, T1 *, tensor_layout_any, const T2 *)"
5276009724,5952,358353,,,,,,,,,,0.094,15741.865,Pinned,Device,NVIDIA A100-SXM4-40GB MIG 4g.20gb (0),1,,13,[CUDA memcpy Host-to-Device]
5276023932,3264,358354,,,,,,,,,,1.547,473842.288,Device,,NVIDIA A100-SXM4-40GB MIG 4g.20gb (0),1,,13,[CUDA memset]
5276032732,3712,358359,,,,,,,,,,0.031,8431.017,Pinned,Device,NVIDIA A100-SXM4-40GB MIG 4g.20gb (0),1,,13,[CUDA memcpy Host-to-Device]
5276039196,9567,358360,,,,,,,,,,0.197,20550.451,Pinned,Device,NVIDIA A100-SXM4-40GB MIG 4g.20gb (0),1,,13,[CUDA memcpy Host-to-Device]
5276053307,8128,358361,273,1,1,8,4,1,39,0.002,0.000,,,,,NVIDIA A100-SXM4-40GB MIG 4g.20gb (0),1,,13,"void channel_eq::eqMmseCoefCompLowMimoKernel<float, float, float, (unsigned int)4, (unsigned int)1, (unsigned int)4>(const channel_eq::_puschRxChEqStatDescr *, channel_eq::_puschRxChEqCoefCompDynDescr)"
5276065883,5888,358362,273,1,1,12,11,1,51,0.002,0.000,,,,,NVIDIA A100-SXM4-40GB MIG 4g.20gb (0),1,,13,"void channel_eq::eqMmseSoftDemapKernel<float, __half, __half, float, (unsigned int)4, (unsigned short)16383>(channel_eq::_puschRxChEqStatDescr *, channel_eq::_puschRxChEqSoftDemapDynDescr)"
5276073403,290877,358363,1,1,1,32,32,1,30,0.000,0.000,,,,,NVIDIA A100-SXM4-40GB MIG 4g.20gb (0),1,,13,"void convert_kernel<float2, __half2>(tensor_layout_any, T1 *, tensor_layout_any, const T2 *)"
5276365240,10975,358375,2253,1,1,128,1,1,16,0.000,0.000,,,,,NVIDIA A100-SXM4-40GB MIG 4g.20gb (0),1,,13,cupy_copy__float16_float16
5276378583,3712,358384,282,1,1,128,1,1,16,0.000,0.000,,,,,NVIDIA A100-SXM4-40GB MIG 4g.20gb (0),1,,13,cupy_copy__complex64_complex64
5276385303,2368,358393,26,1,1,128,1,1,16,0.000,0.000,,,,,NVIDIA A100-SXM4-40GB MIG 4g.20gb (0),1,,13,cupy_copy__float32_float32
5276388791,2944,358402,103,1,1,128,1,1,16,0.000,0.000,,,,,NVIDIA A100-SXM4-40GB MIG 4g.20gb (0),1,,13,cupy_copy__complex64_complex64
5276394551,12096,358412,1434,1,1,128,1,1,16,0.000,0.000,,,,,NVIDIA A100-SXM4-40GB MIG 4g.20gb (0),1,,13,cupy_copy__complex64_complex64
5276410199,87263,358417,1,1,1,32,32,1,30,0.000,0.000,,,,,NVIDIA A100-SXM4-40GB MIG 4g.20gb (0),1,,13,"void convert_kernel<__half2, float2>(tensor_layout_any, T1 *, tensor_layout_any, const T2 *)"
5276524086,5952,358420,,,,,,,,,,0.094,15741.865,Pinned,Device,NVIDIA A100-SXM4-40GB MIG 4g.20gb (0),1,,13,[CUDA memcpy Host-to-Device]
5276533909,599289,358421,,,,,,,,,,456.561,761544.482,Device,,NVIDIA A100-SXM4-40GB MIG 4g.20gb (0),1,,13,[CUDA memset]
5277137262,114079,358426,,,,,,,,,,1.235,10824.284,Pinned,Device,NVIDIA A100-SXM4-40GB MIG 4g.20gb (0),1,,13,[CUDA memcpy Host-to-Device]
5277256237,17503,358427,,,,,,,,,,0.197,11232.805,Pinned,Device,NVIDIA A100-SXM4-40GB MIG 4g.20gb (0),1,,13,[CUDA memcpy Host-to-Device]
5277284268,9184,358428,69,4,1,48,1,1,76,0.002,0.000,,,,,NVIDIA A100-SXM4-40GB MIG 4g.20gb (0),1,,13,"void ch_est::windowedChEstPreNoDftSOfdmKernel<float, __half, float, (unsigned int)2, (unsigned int)1, (unsigned short)4>(ch_est::puschRxChEstStatDescr_t *, ch_est::puschRxChEstDynDescr_t *)"
5277300844,6880,358429,137,2,1,24,2,1,44,0.001,0.001,,,,,NVIDIA A100-SXM4-40GB MIG 4g.20gb (0),1,,13,"void ch_est::chEstFilterNoDftSOfdmDispatchKernel<float, __half, float, (unsigned int)2>(ch_est::puschRxChEstStatDescr_t *, ch_est::puschRxChEstDynDescr_t *)"
5277319884,5280,358430,137,2,1,24,2,1,44,0.001,0.001,,,,,NVIDIA A100-SXM4-40GB MIG 4g.20gb (0),1,,13,"void ch_est::chEstFilterNoDftSOfdmDispatchKernel<float, __half, float, (unsigned int)2>(ch_est::puschRxChEstStatDescr_t *, ch_est::puschRxChEstDynDescr_t *)"
5277328268,2496,358441,103,1,1,128,1,1,16,0.000,0.000,,,,,NVIDIA A100-SXM4-40GB MIG 4g.20gb (0),1,,13,cupy_copy__complex64_complex64
5277341324,12575,358451,1434,1,1,128,1,1,16,0.000,0.000,,,,,NVIDIA A100-SXM4-40GB MIG 4g.20gb (0),1,,13,cupy_copy__complex64_complex64
5277355147,2816,358458,103,1,1,128,1,1,16,0.000,0.000,,,,,NVIDIA A100-SXM4-40GB MIG 4g.20gb (0),1,,13,cupy_copy__complex64_complex64
5277369675,89855,358465,1,1,1,32,32,1,30,0.000,0.000,,,,,NVIDIA A100-SXM4-40GB MIG 4g.20gb (0),1,,13,"void convert_kernel<__half2, float2>(tensor_layout_any, T1 *, tensor_layout_any, const T2 *)"
5277489034,12096,358468,,,,,,,,,,0.094,7745.942,Pinned,Device,NVIDIA A100-SXM4-40GB MIG 4g.20gb (0),1,,13,[CUDA memcpy Host-to-Device]
5277519049,47488,358469,,,,,,,,,,35.810,754049.485,Device,,NVIDIA A100-SXM4-40GB MIG 4g.20gb (0),1,,13,[CUDA memset]
5277573225,7168,358471,,,,,,,,,,0.000,11.161,Pinned,Device,NVIDIA A100-SXM4-40GB MIG 4g.20gb (0),1,,13,[CUDA memcpy Host-to-Device]
5277587688,20192,358472,,,,,,,,,,0.197,9736.815,Pinned,Device,NVIDIA A100-SXM4-40GB MIG 4g.20gb (0),1,,13,[CUDA memcpy Host-to-Device]
5277624264,9024,358473,273,1,1,48,1,1,40,0.000,0.001,,,,,NVIDIA A100-SXM4-40GB MIG 4g.20gb (0),1,,13,"void pusch_noise_intf_est::noiseIntfEstNoDftSOfdmKernel<float, __half, float, float, (unsigned int)2, (unsigned int)1, (unsigned char)4, (unsigned char)4>(pusch_noise_intf_est::puschRxNoiseIntfEstDynDescr)"
5277638376,2592,358484,35,1,1,128,1,1,16,0.000,0.000,,,,,NVIDIA A100-SXM4-40GB MIG 4g.20gb (0),1,,13,cupy_copy__complex64_complex64
5277653832,1728,358493,1,1,1,1,1,1,18,0.000,0.000,,,,,NVIDIA A100-SXM4-40GB MIG 4g.20gb (0),1,,13,cupy_copy__float32_float32
5277658408,5952,358499,,,,,,,,,,0.000,0.672,Device,Pageable,NVIDIA A100-SXM4-40GB MIG 4g.20gb (0),1,,7,[CUDA memcpy Device-to-Host]
5277758598,12992,358510,1434,1,1,128,1,1,16,0.000,0.000,,,,,NVIDIA A100-SXM4-40GB MIG 4g.20gb (0),1,,13,cupy_copy__complex64_complex64
5277784262,2592,358517,103,1,1,128,1,1,16,0.000,0.000,,,,,NVIDIA A100-SXM4-40GB MIG 4g.20gb (0),1,,13,cupy_copy__complex64_complex64
5277787878,2560,358524,35,1,1,128,1,1,16,0.000,0.000,,,,,NVIDIA A100-SXM4-40GB MIG 4g.20gb (0),1,,13,cupy_copy__complex64_complex64
5277817318,1856,358531,1,1,1,1,1,1,18,0.000,0.000,,,,,NVIDIA A100-SXM4-40GB MIG 4g.20gb (0),1,,13,cupy_copy__float32_float32
5277942276,86175,358542,1,1,1,32,32,1,30,0.000,0.000,,,,,NVIDIA A100-SXM4-40GB MIG 4g.20gb (0),1,,13,"void convert_kernel<__half2, float2>(tensor_layout_any, T1 *, tensor_layout_any, const T2 *)"
5278060995,16703,358545,,,,,,,,,,0.094,5609.486,Pinned,Device,NVIDIA A100-SXM4-40GB MIG 4g.20gb (0),1,,13,[CUDA memcpy Host-to-Device]
5278097538,3232,358546,,,,,,,,,,1.547,478533.199,Device,,NVIDIA A100-SXM4-40GB MIG 4g.20gb (0),1,,13,[CUDA memset]
5278106594,3616,358551,,,,,,,,,,0.031,8654.846,Pinned,Device,NVIDIA A100-SXM4-40GB MIG 4g.20gb (0),1,,13,[CUDA memcpy Host-to-Device]
5278120898,26784,358552,,,,,,,,,,0.197,7340.360,Pinned,Device,NVIDIA A100-SXM4-40GB MIG 4g.20gb (0),1,,13,[CUDA memcpy Host-to-Device]
5278163745,6720,358553,273,1,1,8,4,1,39,0.002,0.000,,,,,NVIDIA A100-SXM4-40GB MIG 4g.20gb (0),1,,13,"void channel_eq::eqMmseCoefCompLowMimoKernel<float, float, float, (unsigned int)4, (unsigned int)1, (unsigned int)4>(const channel_eq::_puschRxChEqStatDescr *, channel_eq::_puschRxChEqCoefCompDynDescr)"
5278175393,5728,358554,273,1,1,12,11,1,51,0.002,0.000,,,,,NVIDIA A100-SXM4-40GB MIG 4g.20gb (0),1,,13,"void channel_eq::eqMmseSoftDemapKernel<float, __half, __half, float, (unsigned int)4, (unsigned short)16383>(channel_eq::_puschRxChEqStatDescr *, channel_eq::_puschRxChEqSoftDemapDynDescr)"
5278183937,282237,358555,1,1,1,32,32,1,30,0.000,0.000,,,,,NVIDIA A100-SXM4-40GB MIG 4g.20gb (0),1,,13,"void convert_kernel<float2, __half2>(tensor_layout_any, T1 *, tensor_layout_any, const T2 *)"
5278467646,11328,358567,2253,1,1,128,1,1,16,0.000,0.000,,,,,NVIDIA A100-SXM4-40GB MIG 4g.20gb (0),1,,13,cupy_copy__float16_float16
5278483069,3520,358576,282,1,1,128,1,1,16,0.000,0.000,,,,,NVIDIA A100-SXM4-40GB MIG 4g.20gb (0),1,,13,cupy_copy__complex64_complex64
5278489053,2240,358585,26,1,1,128,1,1,16,0.000,0.000,,,,,NVIDIA A100-SXM4-40GB MIG 4g.20gb (0),1,,13,cupy_copy__float32_float32
5278493373,2976,358594,103,1,1,128,1,1,16,0.000,0.000,,,,,NVIDIA A100-SXM4-40GB MIG 4g.20gb (0),1,,13,cupy_copy__complex64_complex64
5278497373,12288,358604,1434,1,1,128,1,1,16,0.000,0.000,,,,,NVIDIA A100-SXM4-40GB MIG 4g.20gb (0),1,,13,cupy_copy__complex64_complex64
5278511133,82143,358609,1,1,1,32,32,1,30,0.000,0.000,,,,,NVIDIA A100-SXM4-40GB MIG 4g.20gb (0),1,,13,"void convert_kernel<__half2, float2>(tensor_layout_any, T1 *, tensor_layout_any, const T2 *)"
5278619900,5600,358612,,,,,,,,,,0.094,16731.388,Pinned,Device,NVIDIA A100-SXM4-40GB MIG 4g.20gb (0),1,,13,[CUDA memcpy Host-to-Device]
5278629276,599256,358613,,,,,,,,,,456.561,761544.482,Device,,NVIDIA A100-SXM4-40GB MIG 4g.20gb (0),1,,13,[CUDA memset]
5279236852,104447,358618,,,,,,,,,,1.235,11823.354,Pinned,Device,NVIDIA A100-SXM4-40GB MIG 4g.20gb (0),1,,13,[CUDA memcpy Host-to-Device]
5279349363,21152,358619,,,,,,,,,,0.197,9294.840,Pinned,Device,NVIDIA A100-SXM4-40GB MIG 4g.20gb (0),1,,13,[CUDA memcpy Host-to-Device]
5279391506,8000,358620,69,4,1,48,1,1,76,0.002,0.000,,,,,NVIDIA A100-SXM4-40GB MIG 4g.20gb (0),1,,13,"void ch_est::windowedChEstPreNoDftSOfdmKernel<float, __half, float, (unsigned int)2, (unsigned int)1, (unsigned short)4>(ch_est::puschRxChEstStatDescr_t *, ch_est::puschRxChEstDynDescr_t *)"
5279408882,6304,358621,137,2,1,24,2,1,44,0.001,0.001,,,,,NVIDIA A100-SXM4-40GB MIG 4g.20gb (0),1,,13,"void ch_est::chEstFilterNoDftSOfdmDispatchKernel<float, __half, float, (unsigned int)2>(ch_est::puschRxChEstStatDescr_t *, ch_est::puschRxChEstDynDescr_t *)"
5279419250,5600,358622,137,2,1,24,2,1,44,0.001,0.001,,,,,NVIDIA A100-SXM4-40GB MIG 4g.20gb (0),1,,13,"void ch_est::chEstFilterNoDftSOfdmDispatchKernel<float, __half, float, (unsigned int)2>(ch_est::puschRxChEstStatDescr_t *, ch_est::puschRxChEstDynDescr_t *)"
5279429906,3008,358633,103,1,1,128,1,1,16,0.000,0.000,,,,,NVIDIA A100-SXM4-40GB MIG 4g.20gb (0),1,,13,cupy_copy__complex64_complex64
5279443794,12575,358643,1434,1,1,128,1,1,16,0.000,0.000,,,,,NVIDIA A100-SXM4-40GB MIG 4g.20gb (0),1,,13,cupy_copy__complex64_complex64
5279463505,2592,358650,103,1,1,128,1,1,16,0.000,0.000,,,,,NVIDIA A100-SXM4-40GB MIG 4g.20gb (0),1,,13,cupy_copy__complex64_complex64
5279474545,87359,358657,1,1,1,32,32,1,30,0.000,0.000,,,,,NVIDIA A100-SXM4-40GB MIG 4g.20gb (0),1,,13,"void convert_kernel<__half2, float2>(tensor_layout_any, T1 *, tensor_layout_any, const T2 *)"
5279589584,16128,358660,,,,,,,,,,0.094,5809.433,Pinned,Device,NVIDIA A100-SXM4-40GB MIG 4g.20gb (0),1,,13,[CUDA memcpy Host-to-Device]
5279611600,47327,358661,,,,,,,,,,35.810,756627.800,Device,,NVIDIA A100-SXM4-40GB MIG 4g.20gb (0),1,,13,[CUDA memset]
5279664239,9600,358663,,,,,,,,,,0.000,8.333,Pinned,Device,NVIDIA A100-SXM4-40GB MIG 4g.20gb (0),1,,13,[CUDA memcpy Host-to-Device]
5279679119,22591,358664,,,,,,,,,,0.197,8702.853,Pinned,Device,NVIDIA A100-SXM4-40GB MIG 4g.20gb (0),1,,13,[CUDA memcpy Host-to-Device]
5279710414,12736,358665,273,1,1,48,1,1,40,0.000,0.001,,,,,NVIDIA A100-SXM4-40GB MIG 4g.20gb (0),1,,13,"void pusch_noise_intf_est::noiseIntfEstNoDftSOfdmKernel<float, __half, float, float, (unsigned int)2, (unsigned int)1, (unsigned char)4, (unsigned char)4>(pusch_noise_intf_est::puschRxNoiseIntfEstDynDescr)"
5279730414,2976,358676,35,1,1,128,1,1,16,0.000,0.000,,,,,NVIDIA A100-SXM4-40GB MIG 4g.20gb (0),1,,13,cupy_copy__complex64_complex64
5279740334,2048,358685,1,1,1,1,1,1,18,0.000,0.000,,,,,NVIDIA A100-SXM4-40GB MIG 4g.20gb (0),1,,13,cupy_copy__float32_float32
5279748334,6080,358691,,,,,,,,,,0.000,0.658,Device,Pageable,NVIDIA A100-SXM4-40GB MIG 4g.20gb (0),1,,7,[CUDA memcpy Device-to-Host]
5279827821,13024,358702,1434,1,1,128,1,1,16,0.000,0.000,,,,,NVIDIA A100-SXM4-40GB MIG 4g.20gb (0),1,,13,cupy_copy__complex64_complex64
5279850893,2816,358709,103,1,1,128,1,1,16,0.000,0.000,,,,,NVIDIA A100-SXM4-40GB MIG 4g.20gb (0),1,,13,cupy_copy__complex64_complex64
5279872172,2784,358716,35,1,1,128,1,1,16,0.000,0.000,,,,,NVIDIA A100-SXM4-40GB MIG 4g.20gb (0),1,,13,cupy_copy__complex64_complex64
5279887052,1920,358723,1,1,1,1,1,1,18,0.000,0.000,,,,,NVIDIA A100-SXM4-40GB MIG 4g.20gb (0),1,,13,cupy_copy__float32_float32
5280015275,81791,358734,1,1,1,32,32,1,30,0.000,0.000,,,,,NVIDIA A100-SXM4-40GB MIG 4g.20gb (0),1,,13,"void convert_kernel<__half2, float2>(tensor_layout_any, T1 *, tensor_layout_any, const T2 *)"
5280125449,6080,358737,,,,,,,,,,0.094,15410.462,Pinned,Device,NVIDIA A100-SXM4-40GB MIG 4g.20gb (0),1,,13,[CUDA memcpy Host-to-Device]
5280140137,3456,358738,,,,,,,,,,1.547,447517.201,Device,,NVIDIA A100-SXM4-40GB MIG 4g.20gb (0),1,,13,[CUDA memset]
5280146729,3200,358743,,,,,,,,,,0.031,9780.000,Pinned,Device,NVIDIA A100-SXM4-40GB MIG 4g.20gb (0),1,,13,[CUDA memcpy Host-to-Device]
5280152361,9760,358744,,,,,,,,,,0.197,20144.259,Pinned,Device,NVIDIA A100-SXM4-40GB MIG 4g.20gb (0),1,,13,[CUDA memcpy Host-to-Device]
5280168009,6304,358745,273,1,1,8,4,1,39,0.002,0.000,,,,,NVIDIA A100-SXM4-40GB MIG 4g.20gb (0),1,,13,"void channel_eq::eqMmseCoefCompLowMimoKernel<float, float, float, (unsigned int)4, (unsigned int)1, (unsigned int)4>(const channel_eq::_puschRxChEqStatDescr *, channel_eq::_puschRxChEqCoefCompDynDescr)"
5280175369,5856,358746,273,1,1,12,11,1,51,0.002,0.000,,,,,NVIDIA A100-SXM4-40GB MIG 4g.20gb (0),1,,13,"void channel_eq::eqMmseSoftDemapKernel<float, __half, __half, float, (unsigned int)4, (unsigned short)16383>(channel_eq::_puschRxChEqStatDescr *, channel_eq::_puschRxChEqSoftDemapDynDescr)"
5280182313,281916,358747,1,1,1,32,32,1,30,0.000,0.000,,,,,NVIDIA A100-SXM4-40GB MIG 4g.20gb (0),1,,13,"void convert_kernel<float2, __half2>(tensor_layout_any, T1 *, tensor_layout_any, const T2 *)"
5280465285,11008,358759,2253,1,1,128,1,1,16,0.000,0.000,,,,,NVIDIA A100-SXM4-40GB MIG 4g.20gb (0),1,,13,cupy_copy__float16_float16
5280480165,3552,358768,282,1,1,128,1,1,16,0.000,0.000,,,,,NVIDIA A100-SXM4-40GB MIG 4g.20gb (0),1,,13,cupy_copy__complex64_complex64
5280486885,2112,358777,26,1,1,128,1,1,16,0.000,0.000,,,,,NVIDIA A100-SXM4-40GB MIG 4g.20gb (0),1,,13,cupy_copy__float32_float32
5280489989,2976,358786,103,1,1,128,1,1,16,0.000,0.000,,,,,NVIDIA A100-SXM4-40GB MIG 4g.20gb (0),1,,13,cupy_copy__complex64_complex64
5280494373,12384,358796,1434,1,1,128,1,1,16,0.000,0.000,,,,,NVIDIA A100-SXM4-40GB MIG 4g.20gb (0),1,,13,cupy_copy__complex64_complex64
5280514596,82271,358801,1,1,1,32,32,1,30,0.000,0.000,,,,,NVIDIA A100-SXM4-40GB MIG 4g.20gb (0),1,,13,"void convert_kernel<__half2, float2>(tensor_layout_any, T1 *, tensor_layout_any, const T2 *)"
5280623811,5504,358804,,,,,,,,,,0.094,17023.251,Pinned,Device,NVIDIA A100-SXM4-40GB MIG 4g.20gb (0),1,,13,[CUDA memcpy Host-to-Device]
5280633955,597497,358805,,,,,,,,,,456.561,763827.289,Device,,NVIDIA A100-SXM4-40GB MIG 4g.20gb (0),1,,13,[CUDA memset]
5281240283,111743,358810,,,,,,,,,,1.235,11051.514,Pinned,Device,NVIDIA A100-SXM4-40GB MIG 4g.20gb (0),1,,13,[CUDA memcpy Host-to-Device]
5281361690,34304,358811,,,,,,,,,,0.197,5731.320,Pinned,Device,NVIDIA A100-SXM4-40GB MIG 4g.20gb (0),1,,13,[CUDA memcpy Host-to-Device]
5281420697,8480,358812,69,4,1,48,1,1,76,0.002,0.000,,,,,NVIDIA A100-SXM4-40GB MIG 4g.20gb (0),1,,13,"void ch_est::windowedChEstPreNoDftSOfdmKernel<float, __half, float, (unsigned int)2, (unsigned int)1, (unsigned short)4>(ch_est::puschRxChEstStatDescr_t *, ch_est::puschRxChEstDynDescr_t *)"
5281438073,6560,358813,137,2,1,24,2,1,44,0.001,0.001,,,,,NVIDIA A100-SXM4-40GB MIG 4g.20gb (0),1,,13,"void ch_est::chEstFilterNoDftSOfdmDispatchKernel<float, __half, float, (unsigned int)2>(ch_est::puschRxChEstStatDescr_t *, ch_est::puschRxChEstDynDescr_t *)"
5281452121,4704,358814,137,2,1,24,2,1,44,0.001,0.001,,,,,NVIDIA A100-SXM4-40GB MIG 4g.20gb (0),1,,13,"void ch_est::chEstFilterNoDftSOfdmDispatchKernel<float, __half, float, (unsigned int)2>(ch_est::puschRxChEstStatDescr_t *, ch_est::puschRxChEstDynDescr_t *)"
5281466937,2624,358825,103,1,1,128,1,1,16,0.000,0.000,,,,,NVIDIA A100-SXM4-40GB MIG 4g.20gb (0),1,,13,cupy_copy__complex64_complex64
5281479705,12415,358835,1434,1,1,128,1,1,16,0.000,0.000,,,,,NVIDIA A100-SXM4-40GB MIG 4g.20gb (0),1,,13,cupy_copy__complex64_complex64
5281513528,2496,358842,103,1,1,128,1,1,16,0.000,0.000,,,,,NVIDIA A100-SXM4-40GB MIG 4g.20gb (0),1,,13,cupy_copy__complex64_complex64
5281531032,90751,358849,1,1,1,32,32,1,30,0.000,0.000,,,,,NVIDIA A100-SXM4-40GB MIG 4g.20gb (0),1,,13,"void convert_kernel<__half2, float2>(tensor_layout_any, T1 *, tensor_layout_any, const T2 *)"
5281654166,14016,358852,,,,,,,,,,0.094,6684.929,Pinned,Device,NVIDIA A100-SXM4-40GB MIG 4g.20gb (0),1,,13,[CUDA memcpy Host-to-Device]
5281691254,47391,358853,,,,,,,,,,35.810,755625.122,Device,,NVIDIA A100-SXM4-40GB MIG 4g.20gb (0),1,,13,[CUDA memset]
5281744245,12512,358855,,,,,,,,,,0.000,6.394,Pinned,Device,NVIDIA A100-SXM4-40GB MIG 4g.20gb (0),1,,13,[CUDA memcpy Host-to-Device]
5281762645,29920,358856,,,,,,,,,,0.197,6571.033,Pinned,Device,NVIDIA A100-SXM4-40GB MIG 4g.20gb (0),1,,13,[CUDA memcpy Host-to-Device]
5281819764,10240,358857,273,1,1,48,1,1,40,0.000,0.001,,,,,NVIDIA A100-SXM4-40GB MIG 4g.20gb (0),1,,13,"void pusch_noise_intf_est::noiseIntfEstNoDftSOfdmKernel<float, __half, float, float, (unsigned int)2, (unsigned int)1, (unsigned char)4, (unsigned char)4>(pusch_noise_intf_est::puschRxNoiseIntfEstDynDescr)"
5281835828,2816,358868,35,1,1,128,1,1,16,0.000,0.000,,,,,NVIDIA A100-SXM4-40GB MIG 4g.20gb (0),1,,13,cupy_copy__complex64_complex64
5281849908,1696,358877,1,1,1,1,1,1,18,0.000,0.000,,,,,NVIDIA A100-SXM4-40GB MIG 4g.20gb (0),1,,13,cupy_copy__float32_float32
5281856436,4832,358883,,,,,,,,,,0.000,0.828,Device,Pageable,NVIDIA A100-SXM4-40GB MIG 4g.20gb (0),1,,7,[CUDA memcpy Device-to-Host]
5281953139,13088,358894,1434,1,1,128,1,1,16,0.000,0.000,,,,,NVIDIA A100-SXM4-40GB MIG 4g.20gb (0),1,,13,cupy_copy__complex64_complex64
5281976018,2976,358901,103,1,1,128,1,1,16,0.000,0.000,,,,,NVIDIA A100-SXM4-40GB MIG 4g.20gb (0),1,,13,cupy_copy__complex64_complex64
5281995858,2560,358908,35,1,1,128,1,1,16,0.000,0.000,,,,,NVIDIA A100-SXM4-40GB MIG 4g.20gb (0),1,,13,cupy_copy__complex64_complex64
5282012370,1728,358915,1,1,1,1,1,1,18,0.000,0.000,,,,,NVIDIA A100-SXM4-40GB MIG 4g.20gb (0),1,,13,cupy_copy__float32_float32
5282142000,88831,358926,1,1,1,32,32,1,30,0.000,0.000,,,,,NVIDIA A100-SXM4-40GB MIG 4g.20gb (0),1,,13,"void convert_kernel<__half2, float2>(tensor_layout_any, T1 *, tensor_layout_any, const T2 *)"
5282262287,22016,358929,,,,,,,,,,0.094,4255.766,Pinned,Device,NVIDIA A100-SXM4-40GB MIG 4g.20gb (0),1,,13,[CUDA memcpy Host-to-Device]
5282308494,3456,358930,,,,,,,,,,1.547,447517.201,Device,,NVIDIA A100-SXM4-40GB MIG 4g.20gb (0),1,,13,[CUDA memset]
5282317230,8000,358935,,,,,,,,,,0.031,3912.000,Pinned,Device,NVIDIA A100-SXM4-40GB MIG 4g.20gb (0),1,,13,[CUDA memcpy Host-to-Device]
5282337294,35552,358936,,,,,,,,,,0.197,5529.993,Pinned,Device,NVIDIA A100-SXM4-40GB MIG 4g.20gb (0),1,,13,[CUDA memcpy Host-to-Device]
5282389645,8032,358937,273,1,1,8,4,1,39,0.002,0.000,,,,,NVIDIA A100-SXM4-40GB MIG 4g.20gb (0),1,,13,"void channel_eq::eqMmseCoefCompLowMimoKernel<float, float, float, (unsigned int)4, (unsigned int)1, (unsigned int)4>(const channel_eq::_puschRxChEqStatDescr *, channel_eq::_puschRxChEqCoefCompDynDescr)"
5282406701,10144,358938,273,1,1,12,11,1,51,0.002,0.000,,,,,NVIDIA A100-SXM4-40GB MIG 4g.20gb (0),1,,13,"void channel_eq::eqMmseSoftDemapKernel<float, __half, __half, float, (unsigned int)4, (unsigned short)16383>(channel_eq::_puschRxChEqStatDescr *, channel_eq::_puschRxChEqSoftDemapDynDescr)"
5282419469,282332,358939,1,1,1,32,32,1,30,0.000,0.000,,,,,NVIDIA A100-SXM4-40GB MIG 4g.20gb (0),1,,13,"void convert_kernel<float2, __half2>(tensor_layout_any, T1 *, tensor_layout_any, const T2 *)"
5282704905,10848,358951,2253,1,1,128,1,1,16,0.000,0.000,,,,,NVIDIA A100-SXM4-40GB MIG 4g.20gb (0),1,,13,cupy_copy__float16_float16
5282718089,3648,358960,282,1,1,128,1,1,16,0.000,0.000,,,,,NVIDIA A100-SXM4-40GB MIG 4g.20gb (0),1,,13,cupy_copy__complex64_complex64
5282723561,2112,358969,26,1,1,128,1,1,16,0.000,0.000,,,,,NVIDIA A100-SXM4-40GB MIG 4g.20gb (0),1,,13,cupy_copy__float32_float32
5282729257,4608,358978,103,1,1,128,1,1,16,0.000,0.000,,,,,NVIDIA A100-SXM4-40GB MIG 4g.20gb (0),1,,13,cupy_copy__complex64_complex64
5282734889,12096,358988,1434,1,1,128,1,1,16,0.000,0.000,,,,,NVIDIA A100-SXM4-40GB MIG 4g.20gb (0),1,,13,cupy_copy__complex64_complex64
5282750729,85631,358993,1,1,1,32,32,1,30,0.000,0.000,,,,,NVIDIA A100-SXM4-40GB MIG 4g.20gb (0),1,,13,"void convert_kernel<__half2, float2>(tensor_layout_any, T1 *, tensor_layout_any, const T2 *)"
5282870951,5408,358996,,,,,,,,,,0.094,17325.421,Pinned,Device,NVIDIA A100-SXM4-40GB MIG 4g.20gb (0),1,,13,[CUDA memcpy Host-to-Device]
5282881447,600185,358997,,,,,,,,,,456.561,760631.359,Device,,NVIDIA A100-SXM4-40GB MIG 4g.20gb (0),1,,13,[CUDA memset]
5283490624,149150,359002,,,,,,,,,,1.235,8279.065,Pinned,Device,NVIDIA A100-SXM4-40GB MIG 4g.20gb (0),1,,13,[CUDA memcpy Host-to-Device]
5283649438,41887,359003,,,,,,,,,,0.197,4693.623,Pinned,Device,NVIDIA A100-SXM4-40GB MIG 4g.20gb (0),1,,13,[CUDA memcpy Host-to-Device]
5283719261,8160,359004,69,4,1,48,1,1,76,0.002,0.000,,,,,NVIDIA A100-SXM4-40GB MIG 4g.20gb (0),1,,13,"void ch_est::windowedChEstPreNoDftSOfdmKernel<float, __half, float, (unsigned int)2, (unsigned int)1, (unsigned short)4>(ch_est::puschRxChEstStatDescr_t *, ch_est::puschRxChEstDynDescr_t *)"
5283737021,6816,359005,137,2,1,24,2,1,44,0.001,0.001,,,,,NVIDIA A100-SXM4-40GB MIG 4g.20gb (0),1,,13,"void ch_est::chEstFilterNoDftSOfdmDispatchKernel<float, __half, float, (unsigned int)2>(ch_est::puschRxChEstStatDescr_t *, ch_est::puschRxChEstDynDescr_t *)"
5283754397,4767,359006,137,2,1,24,2,1,44,0.001,0.001,,,,,NVIDIA A100-SXM4-40GB MIG 4g.20gb (0),1,,13,"void ch_est::chEstFilterNoDftSOfdmDispatchKernel<float, __half, float, (unsigned int)2>(ch_est::puschRxChEstStatDescr_t *, ch_est::puschRxChEstDynDescr_t *)"
5283772092,2624,359017,103,1,1,128,1,1,16,0.000,0.000,,,,,NVIDIA A100-SXM4-40GB MIG 4g.20gb (0),1,,13,cupy_copy__complex64_complex64
5283789308,12672,359027,1434,1,1,128,1,1,16,0.000,0.000,,,,,NVIDIA A100-SXM4-40GB MIG 4g.20gb (0),1,,13,cupy_copy__complex64_complex64
5283808092,2944,359034,103,1,1,128,1,1,16,0.000,0.000,,,,,NVIDIA A100-SXM4-40GB MIG 4g.20gb (0),1,,13,cupy_copy__complex64_complex64
5283832092,88222,359041,1,1,1,32,32,1,30,0.000,0.000,,,,,NVIDIA A100-SXM4-40GB MIG 4g.20gb (0),1,,13,"void convert_kernel<__half2, float2>(tensor_layout_any, T1 *, tensor_layout_any, const T2 *)"
5283954170,25984,359044,,,,,,,,,,0.094,3605.891,Pinned,Device,NVIDIA A100-SXM4-40GB MIG 4g.20gb (0),1,,13,[CUDA memcpy Host-to-Device]
5283995834,47231,359045,,,,,,,,,,35.810,758167.626,Device,,NVIDIA A100-SXM4-40GB MIG 4g.20gb (0),1,,13,[CUDA memset]
5284049817,12768,359047,,,,,,,,,,0.000,6.266,Pinned,Device,NVIDIA A100-SXM4-40GB MIG 4g.20gb (0),1,,13,[CUDA memcpy Host-to-Device]
5284076217,29759,359048,,,,,,,,,,0.197,6606.619,Pinned,Device,NVIDIA A100-SXM4-40GB MIG 4g.20gb (0),1,,13,[CUDA memcpy Host-to-Device]
5284132600,9152,359049,273,1,1,48,1,1,40,0.000,0.001,,,,,NVIDIA A100-SXM4-40GB MIG 4g.20gb (0),1,,13,"void pusch_noise_intf_est::noiseIntfEstNoDftSOfdmKernel<float, __half, float, float, (unsigned int)2, (unsigned int)1, (unsigned char)4, (unsigned char)4>(pusch_noise_intf_est::puschRxNoiseIntfEstDynDescr)"
5284156376,2816,359060,35,1,1,128,1,1,16,0.000,0.000,,,,,NVIDIA A100-SXM4-40GB MIG 4g.20gb (0),1,,13,cupy_copy__complex64_complex64
5284165399,1824,359069,1,1,1,1,1,1,18,0.000,0.000,,,,,NVIDIA A100-SXM4-40GB MIG 4g.20gb (0),1,,13,cupy_copy__float32_float32
5284167895,3904,359075,,,,,,,,,,0.000,1.025,Device,Pageable,NVIDIA A100-SXM4-40GB MIG 4g.20gb (0),1,,7,[CUDA memcpy Device-to-Host]
5284244054,13280,359086,1434,1,1,128,1,1,16,0.000,0.000,,,,,NVIDIA A100-SXM4-40GB MIG 4g.20gb (0),1,,13,cupy_copy__complex64_complex64
5284272822,2816,359093,103,1,1,128,1,1,16,0.000,0.000,,,,,NVIDIA A100-SXM4-40GB MIG 4g.20gb (0),1,,13,cupy_copy__complex64_complex64
5284295414,2592,359100,35,1,1,128,1,1,16,0.000,0.000,,,,,NVIDIA A100-SXM4-40GB MIG 4g.20gb (0),1,,13,cupy_copy__complex64_complex64
5284311030,1856,359107,1,1,1,1,1,1,18,0.000,0.000,,,,,NVIDIA A100-SXM4-40GB MIG 4g.20gb (0),1,,13,cupy_copy__float32_float32
5284439252,87519,359118,1,1,1,32,32,1,30,0.000,0.000,,,,,NVIDIA A100-SXM4-40GB MIG 4g.20gb (0),1,,13,"void convert_kernel<__half2, float2>(tensor_layout_any, T1 *, tensor_layout_any, const T2 *)"
5284554547,5728,359121,,,,,,,,,,0.094,16357.541,Pinned,Device,NVIDIA A100-SXM4-40GB MIG 4g.20gb (0),1,,13,[CUDA memcpy Host-to-Device]
5284568594,3200,359122,,,,,,,,,,1.547,483320.000,Device,,NVIDIA A100-SXM4-40GB MIG 4g.20gb (0),1,,13,[CUDA memset]
5284575442,3200,359127,,,,,,,,,,0.031,9780.000,Pinned,Device,NVIDIA A100-SXM4-40GB MIG 4g.20gb (0),1,,13,[CUDA memcpy Host-to-Device]
5284581522,9376,359128,,,,,,,,,,0.197,20969.226,Pinned,Device,NVIDIA A100-SXM4-40GB MIG 4g.20gb (0),1,,13,[CUDA memcpy Host-to-Device]
5284596146,6176,359129,273,1,1,8,4,1,39,0.002,0.000,,,,,NVIDIA A100-SXM4-40GB MIG 4g.20gb (0),1,,13,"void channel_eq::eqMmseCoefCompLowMimoKernel<float, float, float, (unsigned int)4, (unsigned int)1, (unsigned int)4>(const channel_eq::_puschRxChEqStatDescr *, channel_eq::_puschRxChEqCoefCompDynDescr)"
5284603346,6112,359130,273,1,1,12,11,1,51,0.002,0.000,,,,,NVIDIA A100-SXM4-40GB MIG 4g.20gb (0),1,,13,"void channel_eq::eqMmseSoftDemapKernel<float, __half, __half, float, (unsigned int)4, (unsigned short)16383>(channel_eq::_puschRxChEqStatDescr *, channel_eq::_puschRxChEqSoftDemapDynDescr)"
5284610610,289980,359131,1,1,1,32,32,1,30,0.000,0.000,,,,,NVIDIA A100-SXM4-40GB MIG 4g.20gb (0),1,,13,"void convert_kernel<float2, __half2>(tensor_layout_any, T1 *, tensor_layout_any, const T2 *)"
5284903214,11200,359143,2253,1,1,128,1,1,16,0.000,0.000,,,,,NVIDIA A100-SXM4-40GB MIG 4g.20gb (0),1,,13,cupy_copy__float16_float16
5284919182,2656,359152,282,1,1,128,1,1,16,0.000,0.000,,,,,NVIDIA A100-SXM4-40GB MIG 4g.20gb (0),1,,13,cupy_copy__complex64_complex64
5284924494,2304,359161,26,1,1,128,1,1,16,0.000,0.000,,,,,NVIDIA A100-SXM4-40GB MIG 4g.20gb (0),1,,13,cupy_copy__float32_float32
5284928878,4768,359170,103,1,1,128,1,1,16,0.000,0.000,,,,,NVIDIA A100-SXM4-40GB MIG 4g.20gb (0),1,,13,cupy_copy__complex64_complex64
5284936078,12160,359180,1434,1,1,128,1,1,16,0.000,0.000,,,,,NVIDIA A100-SXM4-40GB MIG 4g.20gb (0),1,,13,cupy_copy__complex64_complex64
5284950094,88319,359185,1,1,1,32,32,1,30,0.000,0.000,,,,,NVIDIA A100-SXM4-40GB MIG 4g.20gb (0),1,,13,"void convert_kernel<__half2, float2>(tensor_layout_any, T1 *, tensor_layout_any, const T2 *)"
5285065132,5792,359188,,,,,,,,,,0.094,16176.708,Pinned,Device,NVIDIA A100-SXM4-40GB MIG 4g.20gb (0),1,,13,[CUDA memcpy Host-to-Device]
5285076876,598681,359189,,,,,,,,,,456.561,762457.605,Device,,NVIDIA A100-SXM4-40GB MIG 4g.20gb (0),1,,13,[CUDA memset]
5285683077,99999,359194,,,,,,,,,,1.235,12349.440,Pinned,Device,NVIDIA A100-SXM4-40GB MIG 4g.20gb (0),1,,13,[CUDA memcpy Host-to-Device]
5285795427,28480,359195,,,,,,,,,,0.197,6903.300,Pinned,Device,NVIDIA A100-SXM4-40GB MIG 4g.20gb (0),1,,13,[CUDA memcpy Host-to-Device]
5285840291,8160,359196,69,4,1,48,1,1,76,0.002,0.000,,,,,NVIDIA A100-SXM4-40GB MIG 4g.20gb (0),1,,13,"void ch_est::windowedChEstPreNoDftSOfdmKernel<float, __half, float, (unsigned int)2, (unsigned int)1, (unsigned short)4>(ch_est::puschRxChEstStatDescr_t *, ch_est::puschRxChEstDynDescr_t *)"
5285853283,6880,359197,137,2,1,24,2,1,44,0.001,0.001,,,,,NVIDIA A100-SXM4-40GB MIG 4g.20gb (0),1,,13,"void ch_est::chEstFilterNoDftSOfdmDispatchKernel<float, __half, float, (unsigned int)2>(ch_est::puschRxChEstStatDescr_t *, ch_est::puschRxChEstDynDescr_t *)"
5285869154,5344,359198,137,2,1,24,2,1,44,0.001,0.001,,,,,NVIDIA A100-SXM4-40GB MIG 4g.20gb (0),1,,13,"void ch_est::chEstFilterNoDftSOfdmDispatchKernel<float, __half, float, (unsigned int)2>(ch_est::puschRxChEstStatDescr_t *, ch_est::puschRxChEstDynDescr_t *)"
5285881762,2528,359209,103,1,1,128,1,1,16,0.000,0.000,,,,,NVIDIA A100-SXM4-40GB MIG 4g.20gb (0),1,,13,cupy_copy__complex64_complex64
5285897090,12320,359219,1434,1,1,128,1,1,16,0.000,0.000,,,,,NVIDIA A100-SXM4-40GB MIG 4g.20gb (0),1,,13,cupy_copy__complex64_complex64
5285914114,2880,359226,103,1,1,128,1,1,16,0.000,0.000,,,,,NVIDIA A100-SXM4-40GB MIG 4g.20gb (0),1,,13,cupy_copy__complex64_complex64
5285930690,89951,359233,1,1,1,32,32,1,30,0.000,0.000,,,,,NVIDIA A100-SXM4-40GB MIG 4g.20gb (0),1,,13,"void convert_kernel<__half2, float2>(tensor_layout_any, T1 *, tensor_layout_any, const T2 *)"
5286053792,24064,359236,,,,,,,,,,0.094,3893.537,Pinned,Device,NVIDIA A100-SXM4-40GB MIG 4g.20gb (0),1,,13,[CUDA memcpy Host-to-Device]
5286093440,47423,359237,,,,,,,,,,35.810,755087.973,Device,,NVIDIA A100-SXM4-40GB MIG 4g.20gb (0),1,,13,[CUDA memset]
5286143231,14528,359239,,,,,,,,,,0.000,5.507,Pinned,Device,NVIDIA A100-SXM4-40GB MIG 4g.20gb (0),1,,13,[CUDA memcpy Host-to-Device]
5286173311,36095,359240,,,,,,,,,,0.197,5446.828,Pinned,Device,NVIDIA A100-SXM4-40GB MIG 4g.20gb (0),1,,13,[CUDA memcpy Host-to-Device]
5286233822,9248,359241,273,1,1,48,1,1,40,0.000,0.001,,,,,NVIDIA A100-SXM4-40GB MIG 4g.20gb (0),1,,13,"void pusch_noise_intf_est::noiseIntfEstNoDftSOfdmKernel<float, __half, float, float, (unsigned int)2, (unsigned int)1, (unsigned char)4, (unsigned char)4>(pusch_noise_intf_est::puschRxNoiseIntfEstDynDescr)"
5286250462,2752,359252,35,1,1,128,1,1,16,0.000,0.000,,,,,NVIDIA A100-SXM4-40GB MIG 4g.20gb (0),1,,13,cupy_copy__complex64_complex64
5286267262,1664,359261,1,1,1,1,1,1,18,0.000,0.000,,,,,NVIDIA A100-SXM4-40GB MIG 4g.20gb (0),1,,13,cupy_copy__float32_float32
5286273213,5472,359267,,,,,,,,,,0.000,0.731,Device,Pageable,NVIDIA A100-SXM4-40GB MIG 4g.20gb (0),1,,7,[CUDA memcpy Device-to-Host]
5286373820,12608,359278,1434,1,1,128,1,1,16,0.000,0.000,,,,,NVIDIA A100-SXM4-40GB MIG 4g.20gb (0),1,,13,cupy_copy__complex64_complex64
5286400860,2720,359285,103,1,1,128,1,1,16,0.000,0.000,,,,,NVIDIA A100-SXM4-40GB MIG 4g.20gb (0),1,,13,cupy_copy__complex64_complex64
5286416316,2528,359292,35,1,1,128,1,1,16,0.000,0.000,,,,,NVIDIA A100-SXM4-40GB MIG 4g.20gb (0),1,,13,cupy_copy__complex64_complex64
5286435675,1792,359299,1,1,1,1,1,1,18,0.000,0.000,,,,,NVIDIA A100-SXM4-40GB MIG 4g.20gb (0),1,,13,cupy_copy__float32_float32
5286565402,82047,359310,1,1,1,32,32,1,30,0.000,0.000,,,,,NVIDIA A100-SXM4-40GB MIG 4g.20gb (0),1,,13,"void convert_kernel<__half2, float2>(tensor_layout_any, T1 *, tensor_layout_any, const T2 *)"
5286676409,13759,359313,,,,,,,,,,0.094,6809.732,Pinned,Device,NVIDIA A100-SXM4-40GB MIG 4g.20gb (0),1,,13,[CUDA memcpy Host-to-Device]
5286703864,3456,359314,,,,,,,,,,1.547,447517.201,Device,,NVIDIA A100-SXM4-40GB MIG 4g.20gb (0),1,,13,[CUDA memset]
5286715576,4288,359319,,,,,,,,,,0.031,7298.478,Pinned,Device,NVIDIA A100-SXM4-40GB MIG 4g.20gb (0),1,,13,[CUDA memcpy Host-to-Device]
5286723736,11584,359320,,,,,,,,,,0.197,16972.186,Pinned,Device,NVIDIA A100-SXM4-40GB MIG 4g.20gb (0),1,,13,[CUDA memcpy Host-to-Device]
5286739896,6624,359321,273,1,1,8,4,1,39,0.002,0.000,,,,,NVIDIA A100-SXM4-40GB MIG 4g.20gb (0),1,,13,"void channel_eq::eqMmseCoefCompLowMimoKernel<float, float, float, (unsigned int)4, (unsigned int)1, (unsigned int)4>(const channel_eq::_puschRxChEqStatDescr *, channel_eq::_puschRxChEqCoefCompDynDescr)"
5286751224,7871,359322,273,1,1,12,11,1,51,0.002,0.000,,,,,NVIDIA A100-SXM4-40GB MIG 4g.20gb (0),1,,13,"void channel_eq::eqMmseSoftDemapKernel<float, __half, __half, float, (unsigned int)4, (unsigned short)16383>(channel_eq::_puschRxChEqStatDescr *, channel_eq::_puschRxChEqSoftDemapDynDescr)"
5286760695,294333,359323,1,1,1,32,32,1,30,0.000,0.000,,,,,NVIDIA A100-SXM4-40GB MIG 4g.20gb (0),1,,13,"void convert_kernel<float2, __half2>(tensor_layout_any, T1 *, tensor_layout_any, const T2 *)"
5287056084,10848,359335,2253,1,1,128,1,1,16,0.000,0.000,,,,,NVIDIA A100-SXM4-40GB MIG 4g.20gb (0),1,,13,cupy_copy__float16_float16
5287071988,2688,359344,282,1,1,128,1,1,16,0.000,0.000,,,,,NVIDIA A100-SXM4-40GB MIG 4g.20gb (0),1,,13,cupy_copy__complex64_complex64
5287078228,2016,359353,26,1,1,128,1,1,16,0.000,0.000,,,,,NVIDIA A100-SXM4-40GB MIG 4g.20gb (0),1,,13,cupy_copy__float32_float32
5287082068,3007,359362,103,1,1,128,1,1,16,0.000,0.000,,,,,NVIDIA A100-SXM4-40GB MIG 4g.20gb (0),1,,13,cupy_copy__complex64_complex64
5287086003,12032,359372,1434,1,1,128,1,1,16,0.000,0.000,,,,,NVIDIA A100-SXM4-40GB MIG 4g.20gb (0),1,,13,cupy_copy__complex64_complex64
5287101971,86303,359377,1,1,1,32,32,1,30,0.000,0.000,,,,,NVIDIA A100-SXM4-40GB MIG 4g.20gb (0),1,,13,"void convert_kernel<__half2, float2>(tensor_layout_any, T1 *, tensor_layout_any, const T2 *)"
5287215858,5888,359380,,,,,,,,,,0.094,15912.954,Pinned,Device,NVIDIA A100-SXM4-40GB MIG 4g.20gb (0),1,,13,[CUDA memcpy Host-to-Device]
5287228306,598008,359381,,,,,,,,,,456.561,763370.728,Device,,NVIDIA A100-SXM4-40GB MIG 4g.20gb (0),1,,13,[CUDA memset]
5287826986,112095,359386,,,,,,,,,,1.235,11016.935,Pinned,Device,NVIDIA A100-SXM4-40GB MIG 4g.20gb (0),1,,13,[CUDA memcpy Host-to-Device]
5287948425,21696,359387,,,,,,,,,,0.197,9061.859,Pinned,Device,NVIDIA A100-SXM4-40GB MIG 4g.20gb (0),1,,13,[CUDA memcpy Host-to-Device]
5287980936,9504,359388,69,4,1,48,1,1,76,0.002,0.000,,,,,NVIDIA A100-SXM4-40GB MIG 4g.20gb (0),1,,13,"void ch_est::windowedChEstPreNoDftSOfdmKernel<float, __half, float, (unsigned int)2, (unsigned int)1, (unsigned short)4>(ch_est::puschRxChEstStatDescr_t *, ch_est::puschRxChEstDynDescr_t *)"
5287998728,6208,359389,137,2,1,24,2,1,44,0.001,0.001,,,,,NVIDIA A100-SXM4-40GB MIG 4g.20gb (0),1,,13,"void ch_est::chEstFilterNoDftSOfdmDispatchKernel<float, __half, float, (unsigned int)2>(ch_est::puschRxChEstStatDescr_t *, ch_est::puschRxChEstDynDescr_t *)"
5288008808,6400,359390,137,2,1,24,2,1,44,0.001,0.001,,,,,NVIDIA A100-SXM4-40GB MIG 4g.20gb (0),1,,13,"void ch_est::chEstFilterNoDftSOfdmDispatchKernel<float, __half, float, (unsigned int)2>(ch_est::puschRxChEstStatDescr_t *, ch_est::puschRxChEstDynDescr_t *)"
5288019560,3008,359401,103,1,1,128,1,1,16,0.000,0.000,,,,,NVIDIA A100-SXM4-40GB MIG 4g.20gb (0),1,,13,cupy_copy__complex64_complex64
5288033768,12384,359411,1434,1,1,128,1,1,16,0.000,0.000,,,,,NVIDIA A100-SXM4-40GB MIG 4g.20gb (0),1,,13,cupy_copy__complex64_complex64
5288056872,2655,359418,103,1,1,128,1,1,16,0.000,0.000,,,,,NVIDIA A100-SXM4-40GB MIG 4g.20gb (0),1,,13,cupy_copy__complex64_complex64
5288070055,82623,359425,1,1,1,32,32,1,30,0.000,0.000,,,,,NVIDIA A100-SXM4-40GB MIG 4g.20gb (0),1,,13,"void convert_kernel<__half2, float2>(tensor_layout_any, T1 *, tensor_layout_any, const T2 *)"
5288179974,5888,359428,,,,,,,,,,0.094,15912.954,Pinned,Device,NVIDIA A100-SXM4-40GB MIG 4g.20gb (0),1,,13,[CUDA memcpy Host-to-Device]
5288192006,47743,359429,,,,,,,,,,35.810,750038.774,Device,,NVIDIA A100-SXM4-40GB MIG 4g.20gb (0),1,,13,[CUDA memset]
5288245093,4576,359431,,,,,,,,,,0.000,17.482,Pinned,Device,NVIDIA A100-SXM4-40GB MIG 4g.20gb (0),1,,13,[CUDA memcpy Host-to-Device]
5288254661,13696,359432,,,,,,,,,,0.197,14355.137,Pinned,Device,NVIDIA A100-SXM4-40GB MIG 4g.20gb (0),1,,13,[CUDA memcpy Host-to-Device]
5288276837,9120,359433,273,1,1,48,1,1,40,0.000,0.001,,,,,NVIDIA A100-SXM4-40GB MIG 4g.20gb (0),1,,13,"void pusch_noise_intf_est::noiseIntfEstNoDftSOfdmKernel<float, __half, float, float, (unsigned int)2, (unsigned int)1, (unsigned char)4, (unsigned char)4>(pusch_noise_intf_est::puschRxNoiseIntfEstDynDescr)"
5288288197,3296,359444,35,1,1,128,1,1,16,0.000,0.000,,,,,NVIDIA A100-SXM4-40GB MIG 4g.20gb (0),1,,13,cupy_copy__complex64_complex64
5288301796,1856,359453,1,1,1,1,1,1,18,0.000,0.000,,,,,NVIDIA A100-SXM4-40GB MIG 4g.20gb (0),1,,13,cupy_copy__float32_float32
5288332452,1728,359459,,,,,,,,,,0.000,2.315,Device,Pageable,NVIDIA A100-SXM4-40GB MIG 4g.20gb (0),1,,7,[CUDA memcpy Device-to-Host]
5288394979,13376,359470,1434,1,1,128,1,1,16,0.000,0.000,,,,,NVIDIA A100-SXM4-40GB MIG 4g.20gb (0),1,,13,cupy_copy__complex64_complex64
5288424227,2976,359477,103,1,1,128,1,1,16,0.000,0.000,,,,,NVIDIA A100-SXM4-40GB MIG 4g.20gb (0),1,,13,cupy_copy__complex64_complex64
5288443747,2720,359484,35,1,1,128,1,1,16,0.000,0.000,,,,,NVIDIA A100-SXM4-40GB MIG 4g.20gb (0),1,,13,cupy_copy__complex64_complex64
5288463106,1728,359491,1,1,1,1,1,1,18,0.000,0.000,,,,,NVIDIA A100-SXM4-40GB MIG 4g.20gb (0),1,,13,cupy_copy__float32_float32
5288592801,82495,359502,1,1,1,32,32,1,30,0.000,0.000,,,,,NVIDIA A100-SXM4-40GB MIG 4g.20gb (0),1,,13,"void convert_kernel<__half2, float2>(tensor_layout_any, T1 *, tensor_layout_any, const T2 *)"
5288702784,5439,359505,,,,,,,,,,0.094,17226.665,Pinned,Device,NVIDIA A100-SXM4-40GB MIG 4g.20gb (0),1,,13,[CUDA memcpy Host-to-Device]
5288716735,3296,359506,,,,,,,,,,1.547,469242.628,Device,,NVIDIA A100-SXM4-40GB MIG 4g.20gb (0),1,,13,[CUDA memset]
5288723839,3648,359511,,,,,,,,,,0.031,8578.922,Pinned,Device,NVIDIA A100-SXM4-40GB MIG 4g.20gb (0),1,,13,[CUDA memcpy Host-to-Device]
5288729919,9824,359512,,,,,,,,,,0.197,20012.925,Pinned,Device,NVIDIA A100-SXM4-40GB MIG 4g.20gb (0),1,,13,[CUDA memcpy Host-to-Device]
5288745567,8192,359513,273,1,1,8,4,1,39,0.002,0.000,,,,,NVIDIA A100-SXM4-40GB MIG 4g.20gb (0),1,,13,"void channel_eq::eqMmseCoefCompLowMimoKernel<float, float, float, (unsigned int)4, (unsigned int)1, (unsigned int)4>(const channel_eq::_puschRxChEqStatDescr *, channel_eq::_puschRxChEqCoefCompDynDescr)"
5288754815,6240,359514,273,1,1,12,11,1,51,0.002,0.000,,,,,NVIDIA A100-SXM4-40GB MIG 4g.20gb (0),1,,13,"void channel_eq::eqMmseSoftDemapKernel<float, __half, __half, float, (unsigned int)4, (unsigned short)16383>(channel_eq::_puschRxChEqStatDescr *, channel_eq::_puschRxChEqSoftDemapDynDescr)"
5288762047,282844,359515,1,1,1,32,32,1,30,0.000,0.000,,,,,NVIDIA A100-SXM4-40GB MIG 4g.20gb (0),1,,13,"void convert_kernel<float2, __half2>(tensor_layout_any, T1 *, tensor_layout_any, const T2 *)"
5289047707,10944,359527,2253,1,1,128,1,1,16,0.000,0.000,,,,,NVIDIA A100-SXM4-40GB MIG 4g.20gb (0),1,,13,cupy_copy__float16_float16
5289061627,3680,359536,282,1,1,128,1,1,16,0.000,0.000,,,,,NVIDIA A100-SXM4-40GB MIG 4g.20gb (0),1,,13,cupy_copy__complex64_complex64
5289067259,2400,359545,26,1,1,128,1,1,16,0.000,0.000,,,,,NVIDIA A100-SXM4-40GB MIG 4g.20gb (0),1,,13,cupy_copy__float32_float32
5289071291,3008,359554,103,1,1,128,1,1,16,0.000,0.000,,,,,NVIDIA A100-SXM4-40GB MIG 4g.20gb (0),1,,13,cupy_copy__complex64_complex64
5289077691,12000,359564,1434,1,1,128,1,1,16,0.000,0.000,,,,,NVIDIA A100-SXM4-40GB MIG 4g.20gb (0),1,,13,cupy_copy__complex64_complex64
5289091003,82623,359569,1,1,1,32,32,1,30,0.000,0.000,,,,,NVIDIA A100-SXM4-40GB MIG 4g.20gb (0),1,,13,"void convert_kernel<__half2, float2>(tensor_layout_any, T1 *, tensor_layout_any, const T2 *)"
5289200569,5568,359572,,,,,,,,,,0.094,16827.521,Pinned,Device,NVIDIA A100-SXM4-40GB MIG 4g.20gb (0),1,,13,[CUDA memcpy Host-to-Device]
5289210457,596217,359573,,,,,,,,,,456.561,765653.535,Device,,NVIDIA A100-SXM4-40GB MIG 4g.20gb (0),1,,13,[CUDA memset]
5289814642,138142,359578,,,,,,,,,,1.235,8938.525,Pinned,Device,NVIDIA A100-SXM4-40GB MIG 4g.20gb (0),1,,13,[CUDA memcpy Host-to-Device]
5289961168,39840,359579,,,,,,,,,,0.197,4934.861,Pinned,Device,NVIDIA A100-SXM4-40GB MIG 4g.20gb (0),1,,13,[CUDA memcpy Host-to-Device]
5290031503,8416,359580,69,4,1,48,1,1,76,0.002,0.000,,,,,NVIDIA A100-SXM4-40GB MIG 4g.20gb (0),1,,13,"void ch_est::windowedChEstPreNoDftSOfdmKernel<float, __half, float, (unsigned int)2, (unsigned int)1, (unsigned short)4>(ch_est::puschRxChEstStatDescr_t *, ch_est::puschRxChEstDynDescr_t *)"
5290050735,6976,359581,137,2,1,24,2,1,44,0.001,0.001,,,,,NVIDIA A100-SXM4-40GB MIG 4g.20gb (0),1,,13,"void ch_est::chEstFilterNoDftSOfdmDispatchKernel<float, __half, float, (unsigned int)2>(ch_est::puschRxChEstStatDescr_t *, ch_est::puschRxChEstDynDescr_t *)"
5290066799,4800,359582,137,2,1,24,2,1,44,0.001,0.001,,,,,NVIDIA A100-SXM4-40GB MIG 4g.20gb (0),1,,13,"void ch_est::chEstFilterNoDftSOfdmDispatchKernel<float, __half, float, (unsigned int)2>(ch_est::puschRxChEstStatDescr_t *, ch_est::puschRxChEstDynDescr_t *)"
5290082383,2688,359593,103,1,1,128,1,1,16,0.000,0.000,,,,,NVIDIA A100-SXM4-40GB MIG 4g.20gb (0),1,,13,cupy_copy__complex64_complex64
5290094830,12448,359603,1434,1,1,128,1,1,16,0.000,0.000,,,,,NVIDIA A100-SXM4-40GB MIG 4g.20gb (0),1,,13,cupy_copy__complex64_complex64
5290129582,2496,359610,103,1,1,128,1,1,16,0.000,0.000,,,,,NVIDIA A100-SXM4-40GB MIG 4g.20gb (0),1,,13,cupy_copy__complex64_complex64
5290148334,82239,359617,1,1,1,32,32,1,30,0.000,0.000,,,,,NVIDIA A100-SXM4-40GB MIG 4g.20gb (0),1,,13,"void convert_kernel<__half2, float2>(tensor_layout_any, T1 *, tensor_layout_any, const T2 *)"
5290264332,17376,359620,,,,,,,,,,0.094,5392.205,Pinned,Device,NVIDIA A100-SXM4-40GB MIG 4g.20gb (0),1,,13,[CUDA memcpy Host-to-Device]
5290288364,46975,359621,,,,,,,,,,35.810,762285.767,Device,,NVIDIA A100-SXM4-40GB MIG 4g.20gb (0),1,,13,[CUDA memset]
5290339851,11296,359623,,,,,,,,,,0.000,7.082,Pinned,Device,NVIDIA A100-SXM4-40GB MIG 4g.20gb (0),1,,13,[CUDA memcpy Host-to-Device]
5290357643,19040,359624,,,,,,,,,,0.197,10326.049,Pinned,Device,NVIDIA A100-SXM4-40GB MIG 4g.20gb (0),1,,13,[CUDA memcpy Host-to-Device]
5290389515,9920,359625,273,1,1,48,1,1,40,0.000,0.001,,,,,NVIDIA A100-SXM4-40GB MIG 4g.20gb (0),1,,13,"void pusch_noise_intf_est::noiseIntfEstNoDftSOfdmKernel<float, __half, float, float, (unsigned int)2, (unsigned int)1, (unsigned char)4, (unsigned char)4>(pusch_noise_intf_est::puschRxNoiseIntfEstDynDescr)"
5290401387,2688,359636,35,1,1,128,1,1,16,0.000,0.000,,,,,NVIDIA A100-SXM4-40GB MIG 4g.20gb (0),1,,13,cupy_copy__complex64_complex64
5290415498,1696,359645,1,1,1,1,1,1,18,0.000,0.000,,,,,NVIDIA A100-SXM4-40GB MIG 4g.20gb (0),1,,13,cupy_copy__float32_float32
5290422410,5664,359651,,,,,,,,,,0.000,0.706,Device,Pageable,NVIDIA A100-SXM4-40GB MIG 4g.20gb (0),1,,7,[CUDA memcpy Device-to-Host]
5290506121,12704,359662,1434,1,1,128,1,1,16,0.000,0.000,,,,,NVIDIA A100-SXM4-40GB MIG 4g.20gb (0),1,,13,cupy_copy__complex64_complex64
5290533577,3008,359669,103,1,1,128,1,1,16,0.000,0.000,,,,,NVIDIA A100-SXM4-40GB MIG 4g.20gb (0),1,,13,cupy_copy__complex64_complex64
5290547817,2336,359676,35,1,1,128,1,1,16,0.000,0.000,,,,,NVIDIA A100-SXM4-40GB MIG 4g.20gb (0),1,,13,cupy_copy__complex64_complex64
5290566217,1760,359683,1,1,1,1,1,1,18,0.000,0.000,,,,,NVIDIA A100-SXM4-40GB MIG 4g.20gb (0),1,,13,cupy_copy__float32_float32
5290696903,81855,359694,1,1,1,32,32,1,30,0.000,0.000,,,,,NVIDIA A100-SXM4-40GB MIG 4g.20gb (0),1,,13,"void convert_kernel<__half2, float2>(tensor_layout_any, T1 *, tensor_layout_any, const T2 *)"
5290806054,6016,359697,,,,,,,,,,0.094,15574.430,Pinned,Device,NVIDIA A100-SXM4-40GB MIG 4g.20gb (0),1,,13,[CUDA memcpy Host-to-Device]
5290820357,3424,359698,,,,,,,,,,1.547,451700.819,Device,,NVIDIA A100-SXM4-40GB MIG 4g.20gb (0),1,,13,[CUDA memset]
5290827429,3904,359703,,,,,,,,,,0.031,8016.377,Pinned,Device,NVIDIA A100-SXM4-40GB MIG 4g.20gb (0),1,,13,[CUDA memcpy Host-to-Device]
5290833989,9472,359704,,,,,,,,,,0.197,20756.693,Pinned,Device,NVIDIA A100-SXM4-40GB MIG 4g.20gb (0),1,,13,[CUDA memcpy Host-to-Device]
5290848101,6496,359705,273,1,1,8,4,1,39,0.002,0.000,,,,,NVIDIA A100-SXM4-40GB MIG 4g.20gb (0),1,,13,"void channel_eq::eqMmseCoefCompLowMimoKernel<float, float, float, (unsigned int)4, (unsigned int)1, (unsigned int)4>(const channel_eq::_puschRxChEqStatDescr *, channel_eq::_puschRxChEqCoefCompDynDescr)"
5290855941,6400,359706,273,1,1,12,11,1,51,0.002,0.000,,,,,NVIDIA A100-SXM4-40GB MIG 4g.20gb (0),1,,13,"void channel_eq::eqMmseSoftDemapKernel<float, __half, __half, float, (unsigned int)4, (unsigned short)16383>(channel_eq::_puschRxChEqStatDescr *, channel_eq::_puschRxChEqSoftDemapDynDescr)"
5290863525,282268,359707,1,1,1,32,32,1,30,0.000,0.000,,,,,NVIDIA A100-SXM4-40GB MIG 4g.20gb (0),1,,13,"void convert_kernel<float2, __half2>(tensor_layout_any, T1 *, tensor_layout_any, const T2 *)"
5291146881,11008,359719,2253,1,1,128,1,1,16,0.000,0.000,,,,,NVIDIA A100-SXM4-40GB MIG 4g.20gb (0),1,,13,cupy_copy__float16_float16
5291159521,3136,359728,282,1,1,128,1,1,16,0.000,0.000,,,,,NVIDIA A100-SXM4-40GB MIG 4g.20gb (0),1,,13,cupy_copy__complex64_complex64
5291167073,2528,359737,26,1,1,128,1,1,16,0.000,0.000,,,,,NVIDIA A100-SXM4-40GB MIG 4g.20gb (0),1,,13,cupy_copy__float32_float32
5291172417,4576,359746,103,1,1,128,1,1,16,0.000,0.000,,,,,NVIDIA A100-SXM4-40GB MIG 4g.20gb (0),1,,13,cupy_copy__complex64_complex64
5291229792,11936,359762,1434,1,1,128,1,1,16,0.000,0.000,,,,,NVIDIA A100-SXM4-40GB MIG 4g.20gb (0),1,,13,cupy_copy__complex64_complex64
5291348351,87359,359767,1,1,1,32,32,1,30,0.000,0.000,,,,,NVIDIA A100-SXM4-40GB MIG 4g.20gb (0),1,,13,"void convert_kernel<__half2, float2>(tensor_layout_any, T1 *, tensor_layout_any, const T2 *)"
5291462462,5663,359770,,,,,,,,,,0.094,16545.214,Pinned,Device,NVIDIA A100-SXM4-40GB MIG 4g.20gb (0),1,,13,[CUDA memcpy Host-to-Device]
5291472349,597785,359771,,,,,,,,,,456.561,763370.728,Device,,NVIDIA A100-SXM4-40GB MIG 4g.20gb (0),1,,13,[CUDA memset]
5292076854,137598,359776,,,,,,,,,,1.235,8974.338,Pinned,Device,NVIDIA A100-SXM4-40GB MIG 4g.20gb (0),1,,13,[CUDA memcpy Host-to-Device]
5292222964,42144,359777,,,,,,,,,,0.197,4665.115,Pinned,Device,NVIDIA A100-SXM4-40GB MIG 4g.20gb (0),1,,13,[CUDA memcpy Host-to-Device]
5292291219,7936,359778,69,4,1,48,1,1,76,0.002,0.000,,,,,NVIDIA A100-SXM4-40GB MIG 4g.20gb (0),1,,13,"void ch_est::windowedChEstPreNoDftSOfdmKernel<float, __half, float, (unsigned int)2, (unsigned int)1, (unsigned short)4>(ch_est::puschRxChEstStatDescr_t *, ch_est::puschRxChEstDynDescr_t *)"
5292309491,6944,359779,137,2,1,24,2,1,44,0.001,0.001,,,,,NVIDIA A100-SXM4-40GB MIG 4g.20gb (0),1,,13,"void ch_est::chEstFilterNoDftSOfdmDispatchKernel<float, __half, float, (unsigned int)2>(ch_est::puschRxChEstStatDescr_t *, ch_est::puschRxChEstDynDescr_t *)"
5292321683,4704,359780,137,2,1,24,2,1,44,0.001,0.001,,,,,NVIDIA A100-SXM4-40GB MIG 4g.20gb (0),1,,13,"void ch_est::chEstFilterNoDftSOfdmDispatchKernel<float, __half, float, (unsigned int)2>(ch_est::puschRxChEstStatDescr_t *, ch_est::puschRxChEstDynDescr_t *)"
5292338995,2688,359791,103,1,1,128,1,1,16,0.000,0.000,,,,,NVIDIA A100-SXM4-40GB MIG 4g.20gb (0),1,,13,cupy_copy__complex64_complex64
5292349843,12607,359801,1434,1,1,128,1,1,16,0.000,0.000,,,,,NVIDIA A100-SXM4-40GB MIG 4g.20gb (0),1,,13,cupy_copy__complex64_complex64
5292369714,2976,359808,103,1,1,128,1,1,16,0.000,0.000,,,,,NVIDIA A100-SXM4-40GB MIG 4g.20gb (0),1,,13,cupy_copy__complex64_complex64
5292385554,83007,359815,1,1,1,32,32,1,30,0.000,0.000,,,,,NVIDIA A100-SXM4-40GB MIG 4g.20gb (0),1,,13,"void convert_kernel<__half2, float2>(tensor_layout_any, T1 *, tensor_layout_any, const T2 *)"
5292499569,18112,359818,,,,,,,,,,0.094,5173.144,Pinned,Device,NVIDIA A100-SXM4-40GB MIG 4g.20gb (0),1,,13,[CUDA memcpy Host-to-Device]
5292525744,47328,359819,,,,,,,,,,35.810,756627.800,Device,,NVIDIA A100-SXM4-40GB MIG 4g.20gb (0),1,,13,[CUDA memset]
5292583344,12064,359821,,,,,,,,,,0.000,6.631,Pinned,Device,NVIDIA A100-SXM4-40GB MIG 4g.20gb (0),1,,13,[CUDA memcpy Host-to-Device]
5292605359,19968,359822,,,,,,,,,,0.197,9846.129,Pinned,Device,NVIDIA A100-SXM4-40GB MIG 4g.20gb (0),1,,13,[CUDA memcpy Host-to-Device]
5292649103,10080,359823,273,1,1,48,1,1,40,0.000,0.001,,,,,NVIDIA A100-SXM4-40GB MIG 4g.20gb (0),1,,13,"void pusch_noise_intf_est::noiseIntfEstNoDftSOfdmKernel<float, __half, float, float, (unsigned int)2, (unsigned int)1, (unsigned char)4, (unsigned char)4>(pusch_noise_intf_est::puschRxNoiseIntfEstDynDescr)"
5292664303,3040,359834,35,1,1,128,1,1,16,0.000,0.000,,,,,NVIDIA A100-SXM4-40GB MIG 4g.20gb (0),1,,13,cupy_copy__complex64_complex64
5292677679,1728,359843,1,1,1,1,1,1,18,0.000,0.000,,,,,NVIDIA A100-SXM4-40GB MIG 4g.20gb (0),1,,13,cupy_copy__float32_float32
5292679983,7999,359849,,,,,,,,,,0.000,0.500,Device,Pageable,NVIDIA A100-SXM4-40GB MIG 4g.20gb (0),1,,7,[CUDA memcpy Device-to-Host]
5292775981,12864,359860,1434,1,1,128,1,1,16,0.000,0.000,,,,,NVIDIA A100-SXM4-40GB MIG 4g.20gb (0),1,,13,cupy_copy__complex64_complex64
5292795373,2944,359867,103,1,1,128,1,1,16,0.000,0.000,,,,,NVIDIA A100-SXM4-40GB MIG 4g.20gb (0),1,,13,cupy_copy__complex64_complex64
5292813869,2656,359874,35,1,1,128,1,1,16,0.000,0.000,,,,,NVIDIA A100-SXM4-40GB MIG 4g.20gb (0),1,,13,cupy_copy__complex64_complex64
5292828461,1888,359881,1,1,1,1,1,1,18,0.000,0.000,,,,,NVIDIA A100-SXM4-40GB MIG 4g.20gb (0),1,,13,cupy_copy__float32_float32
5292965387,91519,359892,1,1,1,32,32,1,30,0.000,0.000,,,,,NVIDIA A100-SXM4-40GB MIG 4g.20gb (0),1,,13,"void convert_kernel<__half2, float2>(tensor_layout_any, T1 *, tensor_layout_any, const T2 *)"
5293086442,13119,359895,,,,,,,,,,0.094,7141.978,Pinned,Device,NVIDIA A100-SXM4-40GB MIG 4g.20gb (0),1,,13,[CUDA memcpy Host-to-Device]
5293108201,3488,359896,,,,,,,,,,1.547,443412.461,Device,,NVIDIA A100-SXM4-40GB MIG 4g.20gb (0),1,,13,[CUDA memset]
5293116201,7296,359901,,,,,,,,,,0.031,4289.461,Pinned,Device,NVIDIA A100-SXM4-40GB MIG 4g.20gb (0),1,,13,[CUDA memcpy Host-to-Device]
5293130857,17792,359902,,,,,,,,,,0.197,11050.353,Pinned,Device,NVIDIA A100-SXM4-40GB MIG 4g.20gb (0),1,,13,[CUDA memcpy Host-to-Device]
5293165641,6239,359903,273,1,1,8,4,1,39,0.002,0.000,,,,,NVIDIA A100-SXM4-40GB MIG 4g.20gb (0),1,,13,"void channel_eq::eqMmseCoefCompLowMimoKernel<float, float, float, (unsigned int)4, (unsigned int)1, (unsigned int)4>(const channel_eq::_puschRxChEqStatDescr *, channel_eq::_puschRxChEqCoefCompDynDescr)"
5293174312,5696,359904,273,1,1,12,11,1,51,0.002,0.000,,,,,NVIDIA A100-SXM4-40GB MIG 4g.20gb (0),1,,13,"void channel_eq::eqMmseSoftDemapKernel<float, __half, __half, float, (unsigned int)4, (unsigned short)16383>(channel_eq::_puschRxChEqStatDescr *, channel_eq::_puschRxChEqSoftDemapDynDescr)"
5293187080,282685,359905,1,1,1,32,32,1,30,0.000,0.000,,,,,NVIDIA A100-SXM4-40GB MIG 4g.20gb (0),1,,13,"void convert_kernel<float2, __half2>(tensor_layout_any, T1 *, tensor_layout_any, const T2 *)"
5293472101,10688,359917,2253,1,1,128,1,1,16,0.000,0.000,,,,,NVIDIA A100-SXM4-40GB MIG 4g.20gb (0),1,,13,cupy_copy__float16_float16
5293488549,4096,359926,282,1,1,128,1,1,16,0.000,0.000,,,,,NVIDIA A100-SXM4-40GB MIG 4g.20gb (0),1,,13,cupy_copy__complex64_complex64
5293496964,2208,359935,26,1,1,128,1,1,16,0.000,0.000,,,,,NVIDIA A100-SXM4-40GB MIG 4g.20gb (0),1,,13,cupy_copy__float32_float32
5293501092,3296,359944,103,1,1,128,1,1,16,0.000,0.000,,,,,NVIDIA A100-SXM4-40GB MIG 4g.20gb (0),1,,13,cupy_copy__complex64_complex64
5293506692,11936,359954,1434,1,1,128,1,1,16,0.000,0.000,,,,,NVIDIA A100-SXM4-40GB MIG 4g.20gb (0),1,,13,cupy_copy__complex64_complex64
5293521220,85727,359959,1,1,1,32,32,1,30,0.000,0.000,,,,,NVIDIA A100-SXM4-40GB MIG 4g.20gb (0),1,,13,"void convert_kernel<__half2, float2>(tensor_layout_any, T1 *, tensor_layout_any, const T2 *)"
5293634083,5792,359962,,,,,,,,,,0.094,16176.708,Pinned,Device,NVIDIA A100-SXM4-40GB MIG 4g.20gb (0),1,,13,[CUDA memcpy Host-to-Device]
5293644163,598776,359963,,,,,,,,,,456.561,762457.605,Device,,NVIDIA A100-SXM4-40GB MIG 4g.20gb (0),1,,13,[CUDA memset]
5294250075,198302,359968,,,,,,,,,,1.235,6226.588,Pinned,Device,NVIDIA A100-SXM4-40GB MIG 4g.20gb (0),1,,13,[CUDA memcpy Host-to-Device]
5294463929,42559,359969,,,,,,,,,,0.197,4619.502,Pinned,Device,NVIDIA A100-SXM4-40GB MIG 4g.20gb (0),1,,13,[CUDA memcpy Host-to-Device]
5294525688,8352,359970,69,4,1,48,1,1,76,0.002,0.000,,,,,NVIDIA A100-SXM4-40GB MIG 4g.20gb (0),1,,13,"void ch_est::windowedChEstPreNoDftSOfdmKernel<float, __half, float, (unsigned int)2, (unsigned int)1, (unsigned short)4>(ch_est::puschRxChEstStatDescr_t *, ch_est::puschRxChEstDynDescr_t *)"
5294542680,6528,359971,137,2,1,24,2,1,44,0.001,0.001,,,,,NVIDIA A100-SXM4-40GB MIG 4g.20gb (0),1,,13,"void ch_est::chEstFilterNoDftSOfdmDispatchKernel<float, __half, float, (unsigned int)2>(ch_est::puschRxChEstStatDescr_t *, ch_est::puschRxChEstDynDescr_t *)"
5294557239,5024,359972,137,2,1,24,2,1,44,0.001,0.001,,,,,NVIDIA A100-SXM4-40GB MIG 4g.20gb (0),1,,13,"void ch_est::chEstFilterNoDftSOfdmDispatchKernel<float, __half, float, (unsigned int)2>(ch_est::puschRxChEstStatDescr_t *, ch_est::puschRxChEstDynDescr_t *)"
5294571191,2528,359983,103,1,1,128,1,1,16,0.000,0.000,,,,,NVIDIA A100-SXM4-40GB MIG 4g.20gb (0),1,,13,cupy_copy__complex64_complex64
5294586007,12768,359993,1434,1,1,128,1,1,16,0.000,0.000,,,,,NVIDIA A100-SXM4-40GB MIG 4g.20gb (0),1,,13,cupy_copy__complex64_complex64
5294616247,2656,360000,103,1,1,128,1,1,16,0.000,0.000,,,,,NVIDIA A100-SXM4-40GB MIG 4g.20gb (0),1,,13,cupy_copy__complex64_complex64
5294626711,82623,360007,1,1,1,32,32,1,30,0.000,0.000,,,,,NVIDIA A100-SXM4-40GB MIG 4g.20gb (0),1,,13,"void convert_kernel<__half2, float2>(tensor_layout_any, T1 *, tensor_layout_any, const T2 *)"
5294737365,9952,360010,,,,,,,,,,0.094,9414.761,Pinned,Device,NVIDIA A100-SXM4-40GB MIG 4g.20gb (0),1,,13,[CUDA memcpy Host-to-Device]
5294755445,46783,360011,,,,,,,,,,35.810,765437.040,Device,,NVIDIA A100-SXM4-40GB MIG 4g.20gb (0),1,,13,[CUDA memset]
5294810196,7872,360013,,,,,,,,,,0.000,10.163,Pinned,Device,NVIDIA A100-SXM4-40GB MIG 4g.20gb (0),1,,13,[CUDA memcpy Host-to-Device]
5294825172,20352,360014,,,,,,,,,,0.197,9660.334,Pinned,Device,NVIDIA A100-SXM4-40GB MIG 4g.20gb (0),1,,13,[CUDA memcpy Host-to-Device]
5294859508,10112,360015,273,1,1,48,1,1,40,0.000,0.001,,,,,NVIDIA A100-SXM4-40GB MIG 4g.20gb (0),1,,13,"void pusch_noise_intf_est::noiseIntfEstNoDftSOfdmKernel<float, __half, float, float, (unsigned int)2, (unsigned int)1, (unsigned char)4, (unsigned char)4>(pusch_noise_intf_est::puschRxNoiseIntfEstDynDescr)"
5294883859,2816,360026,35,1,1,128,1,1,16,0.000,0.000,,,,,NVIDIA A100-SXM4-40GB MIG 4g.20gb (0),1,,13,cupy_copy__complex64_complex64
5294896915,1728,360035,1,1,1,1,1,1,18,0.000,0.000,,,,,NVIDIA A100-SXM4-40GB MIG 4g.20gb (0),1,,13,cupy_copy__float32_float32
5294904467,7232,360041,,,,,,,,,,0.000,0.553,Device,Pageable,NVIDIA A100-SXM4-40GB MIG 4g.20gb (0),1,,7,[CUDA memcpy Device-to-Host]
5294985746,13152,360052,1434,1,1,128,1,1,16,0.000,0.000,,,,,NVIDIA A100-SXM4-40GB MIG 4g.20gb (0),1,,13,cupy_copy__complex64_complex64
5295017522,2784,360059,103,1,1,128,1,1,16,0.000,0.000,,,,,NVIDIA A100-SXM4-40GB MIG 4g.20gb (0),1,,13,cupy_copy__complex64_complex64
5295037265,2656,360066,35,1,1,128,1,1,16,0.000,0.000,,,,,NVIDIA A100-SXM4-40GB MIG 4g.20gb (0),1,,13,cupy_copy__complex64_complex64
5295049937,1888,360073,1,1,1,1,1,1,18,0.000,0.000,,,,,NVIDIA A100-SXM4-40GB MIG 4g.20gb (0),1,,13,cupy_copy__float32_float32
5295177968,83007,360084,1,1,1,32,32,1,30,0.000,0.000,,,,,NVIDIA A100-SXM4-40GB MIG 4g.20gb (0),1,,13,"void convert_kernel<__half2, float2>(tensor_layout_any, T1 *, tensor_layout_any, const T2 *)"
5295289294,5760,360087,,,,,,,,,,0.094,16266.656,Pinned,Device,NVIDIA A100-SXM4-40GB MIG 4g.20gb (0),1,,13,[CUDA memcpy Host-to-Device]
5295303150,3296,360088,,,,,,,,,,1.547,469242.628,Device,,NVIDIA A100-SXM4-40GB MIG 4g.20gb (0),1,,13,[CUDA memset]
5295310158,3008,360093,,,,,,,,,,0.031,10404.230,Pinned,Device,NVIDIA A100-SXM4-40GB MIG 4g.20gb (0),1,,13,[CUDA memcpy Host-to-Device]
5295316302,9728,360094,,,,,,,,,,0.197,20210.516,Pinned,Device,NVIDIA A100-SXM4-40GB MIG 4g.20gb (0),1,,13,[CUDA memcpy Host-to-Device]
5295333582,6784,360095,273,1,1,8,4,1,39,0.002,0.000,,,,,NVIDIA A100-SXM4-40GB MIG 4g.20gb (0),1,,13,"void channel_eq::eqMmseCoefCompLowMimoKernel<float, float, float, (unsigned int)4, (unsigned int)1, (unsigned int)4>(const channel_eq::_puschRxChEqStatDescr *, channel_eq::_puschRxChEqCoefCompDynDescr)"
5295341326,7456,360096,273,1,1,12,11,1,51,0.002,0.000,,,,,NVIDIA A100-SXM4-40GB MIG 4g.20gb (0),1,,13,"void channel_eq::eqMmseSoftDemapKernel<float, __half, __half, float, (unsigned int)4, (unsigned short)16383>(channel_eq::_puschRxChEqStatDescr *, channel_eq::_puschRxChEqSoftDemapDynDescr)"
5295352238,283324,360097,1,1,1,32,32,1,30,0.000,0.000,,,,,NVIDIA A100-SXM4-40GB MIG 4g.20gb (0),1,,13,"void convert_kernel<float2, __half2>(tensor_layout_any, T1 *, tensor_layout_any, const T2 *)"
5295637162,10944,360109,2253,1,1,128,1,1,16,0.000,0.000,,,,,NVIDIA A100-SXM4-40GB MIG 4g.20gb (0),1,,13,cupy_copy__float16_float16
5295652106,3328,360118,282,1,1,128,1,1,16,0.000,0.000,,,,,NVIDIA A100-SXM4-40GB MIG 4g.20gb (0),1,,13,cupy_copy__complex64_complex64
5295659402,2048,360127,26,1,1,128,1,1,16,0.000,0.000,,,,,NVIDIA A100-SXM4-40GB MIG 4g.20gb (0),1,,13,cupy_copy__float32_float32
5295662474,3008,360136,103,1,1,128,1,1,16,0.000,0.000,,,,,NVIDIA A100-SXM4-40GB MIG 4g.20gb (0),1,,13,cupy_copy__complex64_complex64
5295667146,12032,360146,1434,1,1,128,1,1,16,0.000,0.000,,,,,NVIDIA A100-SXM4-40GB MIG 4g.20gb (0),1,,13,cupy_copy__complex64_complex64
5295683498,82623,360151,1,1,1,32,32,1,30,0.000,0.000,,,,,NVIDIA A100-SXM4-40GB MIG 4g.20gb (0),1,,13,"void convert_kernel<__half2, float2>(tensor_layout_any, T1 *, tensor_layout_any, const T2 *)"
5295793128,5760,360154,,,,,,,,,,0.094,16266.656,Pinned,Device,NVIDIA A100-SXM4-40GB MIG 4g.20gb (0),1,,13,[CUDA memcpy Host-to-Device]
5295802856,597017,360155,,,,,,,,,,456.561,764283.851,Device,,NVIDIA A100-SXM4-40GB MIG 4g.20gb (0),1,,13,[CUDA memset]
5296407617,117982,360160,,,,,,,,,,1.235,10466.150,Pinned,Device,NVIDIA A100-SXM4-40GB MIG 4g.20gb (0),1,,13,[CUDA memcpy Host-to-Device]
5296538431,25760,360161,,,,,,,,,,0.197,7632.126,Pinned,Device,NVIDIA A100-SXM4-40GB MIG 4g.20gb (0),1,,13,[CUDA memcpy Host-to-Device]
5296588958,8384,360162,69,4,1,48,1,1,76,0.002,0.000,,,,,NVIDIA A100-SXM4-40GB MIG 4g.20gb (0),1,,13,"void ch_est::windowedChEstPreNoDftSOfdmKernel<float, __half, float, (unsigned int)2, (unsigned int)1, (unsigned short)4>(ch_est::puschRxChEstStatDescr_t *, ch_est::puschRxChEstDynDescr_t *)"
5296602878,7456,360163,137,2,1,24,2,1,44,0.001,0.001,,,,,NVIDIA A100-SXM4-40GB MIG 4g.20gb (0),1,,13,"void ch_est::chEstFilterNoDftSOfdmDispatchKernel<float, __half, float, (unsigned int)2>(ch_est::puschRxChEstStatDescr_t *, ch_est::puschRxChEstDynDescr_t *)"
5296618942,5440,360164,137,2,1,24,2,1,44,0.001,0.001,,,,,NVIDIA A100-SXM4-40GB MIG 4g.20gb (0),1,,13,"void ch_est::chEstFilterNoDftSOfdmDispatchKernel<float, __half, float, (unsigned int)2>(ch_est::puschRxChEstStatDescr_t *, ch_est::puschRxChEstDynDescr_t *)"
5296636062,2752,360175,103,1,1,128,1,1,16,0.000,0.000,,,,,NVIDIA A100-SXM4-40GB MIG 4g.20gb (0),1,,13,cupy_copy__complex64_complex64
5296651230,12671,360185,1434,1,1,128,1,1,16,0.000,0.000,,,,,NVIDIA A100-SXM4-40GB MIG 4g.20gb (0),1,,13,cupy_copy__complex64_complex64
5296673149,2912,360192,103,1,1,128,1,1,16,0.000,0.000,,,,,NVIDIA A100-SXM4-40GB MIG 4g.20gb (0),1,,13,cupy_copy__complex64_complex64
5296689245,88543,360199,1,1,1,32,32,1,30,0.000,0.000,,,,,NVIDIA A100-SXM4-40GB MIG 4g.20gb (0),1,,13,"void convert_kernel<__half2, float2>(tensor_layout_any, T1 *, tensor_layout_any, const T2 *)"
5296809820,20479,360202,,,,,,,,,,0.094,4575.176,Pinned,Device,NVIDIA A100-SXM4-40GB MIG 4g.20gb (0),1,,13,[CUDA memcpy Host-to-Device]
5296851931,47808,360203,,,,,,,,,,35.810,749036.097,Device,,NVIDIA A100-SXM4-40GB MIG 4g.20gb (0),1,,13,[CUDA memset]
5296905530,11424,360205,,,,,,,,,,0.000,7.003,Pinned,Device,NVIDIA A100-SXM4-40GB MIG 4g.20gb (0),1,,13,[CUDA memcpy Host-to-Device]
5296926202,15040,360206,,,,,,,,,,0.197,13072.269,Pinned,Device,NVIDIA A100-SXM4-40GB MIG 4g.20gb (0),1,,13,[CUDA memcpy Host-to-Device]
5296952986,13440,360207,273,1,1,48,1,1,40,0.000,0.001,,,,,NVIDIA A100-SXM4-40GB MIG 4g.20gb (0),1,,13,"void pusch_noise_intf_est::noiseIntfEstNoDftSOfdmKernel<float, __half, float, float, (unsigned int)2, (unsigned int)1, (unsigned char)4, (unsigned char)4>(pusch_noise_intf_est::puschRxNoiseIntfEstDynDescr)"
5296968922,3008,360218,35,1,1,128,1,1,16,0.000,0.000,,,,,NVIDIA A100-SXM4-40GB MIG 4g.20gb (0),1,,13,cupy_copy__complex64_complex64
5296978682,1696,360227,1,1,1,1,1,1,18,0.000,0.000,,,,,NVIDIA A100-SXM4-40GB MIG 4g.20gb (0),1,,13,cupy_copy__float32_float32
5296985849,6144,360233,,,,,,,,,,0.000,0.651,Device,Pageable,NVIDIA A100-SXM4-40GB MIG 4g.20gb (0),1,,7,[CUDA memcpy Device-to-Host]
5297055641,12799,360244,1434,1,1,128,1,1,16,0.000,0.000,,,,,NVIDIA A100-SXM4-40GB MIG 4g.20gb (0),1,,13,cupy_copy__complex64_complex64
5297093304,2880,360251,103,1,1,128,1,1,16,0.000,0.000,,,,,NVIDIA A100-SXM4-40GB MIG 4g.20gb (0),1,,13,cupy_copy__complex64_complex64
5297108088,2528,360258,35,1,1,128,1,1,16,0.000,0.000,,,,,NVIDIA A100-SXM4-40GB MIG 4g.20gb (0),1,,13,cupy_copy__complex64_complex64
5297136728,1760,360265,1,1,1,1,1,1,18,0.000,0.000,,,,,NVIDIA A100-SXM4-40GB MIG 4g.20gb (0),1,,13,cupy_copy__float32_float32
5297252822,83039,360276,1,1,1,32,32,1,30,0.000,0.000,,,,,NVIDIA A100-SXM4-40GB MIG 4g.20gb (0),1,,13,"void convert_kernel<__half2, float2>(tensor_layout_any, T1 *, tensor_layout_any, const T2 *)"
5297364117,6112,360279,,,,,,,,,,0.094,15329.790,Pinned,Device,NVIDIA A100-SXM4-40GB MIG 4g.20gb (0),1,,13,[CUDA memcpy Host-to-Device]
5297378741,3264,360280,,,,,,,,,,1.547,473842.288,Device,,NVIDIA A100-SXM4-40GB MIG 4g.20gb (0),1,,13,[CUDA memset]
5297385621,3104,360285,,,,,,,,,,0.031,10082.445,Pinned,Device,NVIDIA A100-SXM4-40GB MIG 4g.20gb (0),1,,13,[CUDA memcpy Host-to-Device]
5297391604,10592,360286,,,,,,,,,,0.197,18561.761,Pinned,Device,NVIDIA A100-SXM4-40GB MIG 4g.20gb (0),1,,13,[CUDA memcpy Host-to-Device]
5297408948,6304,360287,273,1,1,8,4,1,39,0.002,0.000,,,,,NVIDIA A100-SXM4-40GB MIG 4g.20gb (0),1,,13,"void channel_eq::eqMmseCoefCompLowMimoKernel<float, float, float, (unsigned int)4, (unsigned int)1, (unsigned int)4>(const channel_eq::_puschRxChEqStatDescr *, channel_eq::_puschRxChEqCoefCompDynDescr)"
5297416308,6432,360288,273,1,1,12,11,1,51,0.002,0.000,,,,,NVIDIA A100-SXM4-40GB MIG 4g.20gb (0),1,,13,"void channel_eq::eqMmseSoftDemapKernel<float, __half, __half, float, (unsigned int)4, (unsigned short)16383>(channel_eq::_puschRxChEqStatDescr *, channel_eq::_puschRxChEqSoftDemapDynDescr)"
5297423796,282525,360289,1,1,1,32,32,1,30,0.000,0.000,,,,,NVIDIA A100-SXM4-40GB MIG 4g.20gb (0),1,,13,"void convert_kernel<float2, __half2>(tensor_layout_any, T1 *, tensor_layout_any, const T2 *)"
5297708369,10911,360301,2253,1,1,128,1,1,16,0.000,0.000,,,,,NVIDIA A100-SXM4-40GB MIG 4g.20gb (0),1,,13,cupy_copy__float16_float16
5297723536,3200,360310,282,1,1,128,1,1,16,0.000,0.000,,,,,NVIDIA A100-SXM4-40GB MIG 4g.20gb (0),1,,13,cupy_copy__complex64_complex64
5297729008,2016,360319,26,1,1,128,1,1,16,0.000,0.000,,,,,NVIDIA A100-SXM4-40GB MIG 4g.20gb (0),1,,13,cupy_copy__float32_float32
5297732336,4576,360328,103,1,1,128,1,1,16,0.000,0.000,,,,,NVIDIA A100-SXM4-40GB MIG 4g.20gb (0),1,,13,cupy_copy__complex64_complex64
5297740176,12128,360338,1434,1,1,128,1,1,16,0.000,0.000,,,,,NVIDIA A100-SXM4-40GB MIG 4g.20gb (0),1,,13,cupy_copy__complex64_complex64
5297753968,82399,360343,1,1,1,32,32,1,30,0.000,0.000,,,,,NVIDIA A100-SXM4-40GB MIG 4g.20gb (0),1,,13,"void convert_kernel<__half2, float2>(tensor_layout_any, T1 *, tensor_layout_any, const T2 *)"
5297863311,5536,360346,,,,,,,,,,0.094,16924.777,Pinned,Device,NVIDIA A100-SXM4-40GB MIG 4g.20gb (0),1,,13,[CUDA memcpy Host-to-Device]
5297873423,595608,360347,,,,,,,,,,456.561,766110.096,Device,,NVIDIA A100-SXM4-40GB MIG 4g.20gb (0),1,,13,[CUDA memset]
5298475975,151742,360352,,,,,,,,,,1.235,8138.281,Pinned,Device,NVIDIA A100-SXM4-40GB MIG 4g.20gb (0),1,,13,[CUDA memcpy Host-to-Device]
5298640005,32800,360353,,,,,,,,,,0.197,5993.988,Pinned,Device,NVIDIA A100-SXM4-40GB MIG 4g.20gb (0),1,,13,[CUDA memcpy Host-to-Device]
5298698980,7904,360354,69,4,1,48,1,1,76,0.002,0.000,,,,,NVIDIA A100-SXM4-40GB MIG 4g.20gb (0),1,,13,"void ch_est::windowedChEstPreNoDftSOfdmKernel<float, __half, float, (unsigned int)2, (unsigned int)1, (unsigned short)4>(ch_est::puschRxChEstStatDescr_t *, ch_est::puschRxChEstDynDescr_t *)"
5298713988,6624,360355,137,2,1,24,2,1,44,0.001,0.001,,,,,NVIDIA A100-SXM4-40GB MIG 4g.20gb (0),1,,13,"void ch_est::chEstFilterNoDftSOfdmDispatchKernel<float, __half, float, (unsigned int)2>(ch_est::puschRxChEstStatDescr_t *, ch_est::puschRxChEstDynDescr_t *)"
5298727876,6144,360356,137,2,1,24,2,1,44,0.001,0.001,,,,,NVIDIA A100-SXM4-40GB MIG 4g.20gb (0),1,,13,"void ch_est::chEstFilterNoDftSOfdmDispatchKernel<float, __half, float, (unsigned int)2>(ch_est::puschRxChEstStatDescr_t *, ch_est::puschRxChEstDynDescr_t *)"
5298742980,2496,360367,103,1,1,128,1,1,16,0.000,0.000,,,,,NVIDIA A100-SXM4-40GB MIG 4g.20gb (0),1,,13,cupy_copy__complex64_complex64
5298757796,12575,360377,1434,1,1,128,1,1,16,0.000,0.000,,,,,NVIDIA A100-SXM4-40GB MIG 4g.20gb (0),1,,13,cupy_copy__complex64_complex64
5298782851,2560,360384,103,1,1,128,1,1,16,0.000,0.000,,,,,NVIDIA A100-SXM4-40GB MIG 4g.20gb (0),1,,13,cupy_copy__complex64_complex64
5298795459,96831,360391,1,1,1,32,32,1,30,0.000,0.000,,,,,NVIDIA A100-SXM4-40GB MIG 4g.20gb (0),1,,13,"void convert_kernel<__half2, float2>(tensor_layout_any, T1 *, tensor_layout_any, const T2 *)"
5298923842,22975,360394,,,,,,,,,,0.094,4078.118,Pinned,Device,NVIDIA A100-SXM4-40GB MIG 4g.20gb (0),1,,13,[CUDA memcpy Host-to-Device]
5298964001,47808,360395,,,,,,,,,,35.810,749036.097,Device,,NVIDIA A100-SXM4-40GB MIG 4g.20gb (0),1,,13,[CUDA memset]
5299015840,17824,360397,,,,,,,,,,0.000,4.488,Pinned,Device,NVIDIA A100-SXM4-40GB MIG 4g.20gb (0),1,,13,[CUDA memcpy Host-to-Device]
5299038784,32512,360398,,,,,,,,,,0.197,6047.072,Pinned,Device,NVIDIA A100-SXM4-40GB MIG 4g.20gb (0),1,,13,[CUDA memcpy Host-to-Device]
5299095775,9888,360399,273,1,1,48,1,1,40,0.000,0.001,,,,,NVIDIA A100-SXM4-40GB MIG 4g.20gb (0),1,,13,"void pusch_noise_intf_est::noiseIntfEstNoDftSOfdmKernel<float, __half, float, float, (unsigned int)2, (unsigned int)1, (unsigned char)4, (unsigned char)4>(pusch_noise_intf_est::puschRxNoiseIntfEstDynDescr)"
5299112255,2752,360410,35,1,1,128,1,1,16,0.000,0.000,,,,,NVIDIA A100-SXM4-40GB MIG 4g.20gb (0),1,,13,cupy_copy__complex64_complex64
5299128863,1728,360419,1,1,1,1,1,1,18,0.000,0.000,,,,,NVIDIA A100-SXM4-40GB MIG 4g.20gb (0),1,,13,cupy_copy__float32_float32
5299132127,7904,360425,,,,,,,,,,0.000,0.506,Device,Pageable,NVIDIA A100-SXM4-40GB MIG 4g.20gb (0),1,,7,[CUDA memcpy Device-to-Host]
5299220542,12576,360436,1434,1,1,128,1,1,16,0.000,0.000,,,,,NVIDIA A100-SXM4-40GB MIG 4g.20gb (0),1,,13,cupy_copy__complex64_complex64
5299257213,3104,360443,103,1,1,128,1,1,16,0.000,0.000,,,,,NVIDIA A100-SXM4-40GB MIG 4g.20gb (0),1,,13,cupy_copy__complex64_complex64
5299273597,2304,360450,35,1,1,128,1,1,16,0.000,0.000,,,,,NVIDIA A100-SXM4-40GB MIG 4g.20gb (0),1,,13,cupy_copy__complex64_complex64
5299287741,1728,360457,1,1,1,1,1,1,18,0.000,0.000,,,,,NVIDIA A100-SXM4-40GB MIG 4g.20gb (0),1,,13,cupy_copy__float32_float32
5299422651,87071,360468,1,1,1,32,32,1,30,0.000,0.000,,,,,NVIDIA A100-SXM4-40GB MIG 4g.20gb (0),1,,13,"void convert_kernel<__half2, float2>(tensor_layout_any, T1 *, tensor_layout_any, const T2 *)"
5299540826,13184,360471,,,,,,,,,,0.094,7106.748,Pinned,Device,NVIDIA A100-SXM4-40GB MIG 4g.20gb (0),1,,13,[CUDA memcpy Host-to-Device]
5299564282,3232,360472,,,,,,,,,,1.547,478533.199,Device,,NVIDIA A100-SXM4-40GB MIG 4g.20gb (0),1,,13,[CUDA memset]
5299570394,8000,360477,,,,,,,,,,0.031,3912.000,Pinned,Device,NVIDIA A100-SXM4-40GB MIG 4g.20gb (0),1,,13,[CUDA memcpy Host-to-Device]
5299584857,17504,360478,,,,,,,,,,0.197,11232.018,Pinned,Device,NVIDIA A100-SXM4-40GB MIG 4g.20gb (0),1,,13,[CUDA memcpy Host-to-Device]
5299612377,8288,360479,273,1,1,8,4,1,39,0.002,0.000,,,,,NVIDIA A100-SXM4-40GB MIG 4g.20gb (0),1,,13,"void channel_eq::eqMmseCoefCompLowMimoKernel<float, float, float, (unsigned int)4, (unsigned int)1, (unsigned int)4>(const channel_eq::_puschRxChEqStatDescr *, channel_eq::_puschRxChEqCoefCompDynDescr)"
5299627769,6048,360480,273,1,1,12,11,1,51,0.002,0.000,,,,,NVIDIA A100-SXM4-40GB MIG 4g.20gb (0),1,,13,"void channel_eq::eqMmseSoftDemapKernel<float, __half, __half, float, (unsigned int)4, (unsigned short)16383>(channel_eq::_puschRxChEqStatDescr *, channel_eq::_puschRxChEqSoftDemapDynDescr)"
5299638649,282300,360481,1,1,1,32,32,1,30,0.000,0.000,,,,,NVIDIA A100-SXM4-40GB MIG 4g.20gb (0),1,,13,"void convert_kernel<float2, __half2>(tensor_layout_any, T1 *, tensor_layout_any, const T2 *)"
5299922165,10912,360493,2253,1,1,128,1,1,16,0.000,0.000,,,,,NVIDIA A100-SXM4-40GB MIG 4g.20gb (0),1,,13,cupy_copy__float16_float16
5299934517,2976,360502,282,1,1,128,1,1,16,0.000,0.000,,,,,NVIDIA A100-SXM4-40GB MIG 4g.20gb (0),1,,13,cupy_copy__complex64_complex64
5299939637,2048,360511,26,1,1,128,1,1,16,0.000,0.000,,,,,NVIDIA A100-SXM4-40GB MIG 4g.20gb (0),1,,13,cupy_copy__float32_float32
5299945653,2880,360520,103,1,1,128,1,1,16,0.000,0.000,,,,,NVIDIA A100-SXM4-40GB MIG 4g.20gb (0),1,,13,cupy_copy__complex64_complex64
5299950997,12512,360530,1434,1,1,128,1,1,16,0.000,0.000,,,,,NVIDIA A100-SXM4-40GB MIG 4g.20gb (0),1,,13,cupy_copy__complex64_complex64
5299968149,81567,360535,1,1,1,32,32,1,30,0.000,0.000,,,,,NVIDIA A100-SXM4-40GB MIG 4g.20gb (0),1,,13,"void convert_kernel<__half2, float2>(tensor_layout_any, T1 *, tensor_layout_any, const T2 *)"
5300076755,5536,360538,,,,,,,,,,0.094,16924.777,Pinned,Device,NVIDIA A100-SXM4-40GB MIG 4g.20gb (0),1,,13,[CUDA memcpy Host-to-Device]
5300087795,598809,360539,,,,,,,,,,456.561,762001.043,Device,,NVIDIA A100-SXM4-40GB MIG 4g.20gb (0),1,,13,[CUDA memset]
5300692076,104671,360544,,,,,,,,,,1.235,11797.420,Pinned,Device,NVIDIA A100-SXM4-40GB MIG 4g.20gb (0),1,,13,[CUDA memcpy Host-to-Device]
5300802218,26048,360545,,,,,,,,,,0.197,7547.781,Pinned,Device,NVIDIA A100-SXM4-40GB MIG 4g.20gb (0),1,,13,[CUDA memcpy Host-to-Device]
5300848010,8384,360546,69,4,1,48,1,1,76,0.002,0.000,,,,,NVIDIA A100-SXM4-40GB MIG 4g.20gb (0),1,,13,"void ch_est::windowedChEstPreNoDftSOfdmKernel<float, __half, float, (unsigned int)2, (unsigned int)1, (unsigned short)4>(ch_est::puschRxChEstStatDescr_t *, ch_est::puschRxChEstDynDescr_t *)"
5300858698,7072,360547,137,2,1,24,2,1,44,0.001,0.001,,,,,NVIDIA A100-SXM4-40GB MIG 4g.20gb (0),1,,13,"void ch_est::chEstFilterNoDftSOfdmDispatchKernel<float, __half, float, (unsigned int)2>(ch_est::puschRxChEstStatDescr_t *, ch_est::puschRxChEstDynDescr_t *)"
5300874218,5536,360548,137,2,1,24,2,1,44,0.001,0.001,,,,,NVIDIA A100-SXM4-40GB MIG 4g.20gb (0),1,,13,"void ch_est::chEstFilterNoDftSOfdmDispatchKernel<float, __half, float, (unsigned int)2>(ch_est::puschRxChEstStatDescr_t *, ch_est::puschRxChEstDynDescr_t *)"
5300885193,3072,360559,103,1,1,128,1,1,16,0.000,0.000,,,,,NVIDIA A100-SXM4-40GB MIG 4g.20gb (0),1,,13,cupy_copy__complex64_complex64
5300900361,12448,360569,1434,1,1,128,1,1,16,0.000,0.000,,,,,NVIDIA A100-SXM4-40GB MIG 4g.20gb (0),1,,13,cupy_copy__complex64_complex64
5300922889,2720,360576,103,1,1,128,1,1,16,0.000,0.000,,,,,NVIDIA A100-SXM4-40GB MIG 4g.20gb (0),1,,13,cupy_copy__complex64_complex64
5300934889,84447,360583,1,1,1,32,32,1,30,0.000,0.000,,,,,NVIDIA A100-SXM4-40GB MIG 4g.20gb (0),1,,13,"void convert_kernel<__half2, float2>(tensor_layout_any, T1 *, tensor_layout_any, const T2 *)"
5301046663,6528,360586,,,,,,,,,,0.094,14352.915,Pinned,Device,NVIDIA A100-SXM4-40GB MIG 4g.20gb (0),1,,13,[CUDA memcpy Host-to-Device]
5301061383,46784,360587,,,,,,,,,,35.810,765401.230,Device,,NVIDIA A100-SXM4-40GB MIG 4g.20gb (0),1,,13,[CUDA memset]
5301109607,3808,360589,,,,,,,,,,0.000,21.008,Pinned,Device,NVIDIA A100-SXM4-40GB MIG 4g.20gb (0),1,,13,[CUDA memcpy Host-to-Device]
5301117959,12319,360590,,,,,,,,,,0.197,15959.654,Pinned,Device,NVIDIA A100-SXM4-40GB MIG 4g.20gb (0),1,,13,[CUDA memcpy Host-to-Device]
5301139718,11616,360591,273,1,1,48,1,1,40,0.000,0.001,,,,,NVIDIA A100-SXM4-40GB MIG 4g.20gb (0),1,,13,"void pusch_noise_intf_est::noiseIntfEstNoDftSOfdmKernel<float, __half, float, float, (unsigned int)2, (unsigned int)1, (unsigned char)4, (unsigned char)4>(pusch_noise_intf_est::puschRxNoiseIntfEstDynDescr)"
5301154598,3040,360602,35,1,1,128,1,1,16,0.000,0.000,,,,,NVIDIA A100-SXM4-40GB MIG 4g.20gb (0),1,,13,cupy_copy__complex64_complex64
5301169734,1792,360611,1,1,1,1,1,1,18,0.000,0.000,,,,,NVIDIA A100-SXM4-40GB MIG 4g.20gb (0),1,,13,cupy_copy__float32_float32
5301200902,1568,360617,,,,,,,,,,0.000,2.551,Device,Pageable,NVIDIA A100-SXM4-40GB MIG 4g.20gb (0),1,,7,[CUDA memcpy Device-to-Host]
5301260485,12896,360628,1434,1,1,128,1,1,16,0.000,0.000,,,,,NVIDIA A100-SXM4-40GB MIG 4g.20gb (0),1,,13,cupy_copy__complex64_complex64
5301286596,2848,360635,103,1,1,128,1,1,16,0.000,0.000,,,,,NVIDIA A100-SXM4-40GB MIG 4g.20gb (0),1,,13,cupy_copy__complex64_complex64
5301307172,2624,360642,35,1,1,128,1,1,16,0.000,0.000,,,,,NVIDIA A100-SXM4-40GB MIG 4g.20gb (0),1,,13,cupy_copy__complex64_complex64
5301325156,1824,360649,1,1,1,1,1,1,18,0.000,0.000,,,,,NVIDIA A100-SXM4-40GB MIG 4g.20gb (0),1,,13,cupy_copy__float32_float32
5301457570,81535,360660,1,1,1,32,32,1,30,0.000,0.000,,,,,NVIDIA A100-SXM4-40GB MIG 4g.20gb (0),1,,13,"void convert_kernel<__half2, float2>(tensor_layout_any, T1 *, tensor_layout_any, const T2 *)"
5301565953,5760,360663,,,,,,,,,,0.094,16266.656,Pinned,Device,NVIDIA A100-SXM4-40GB MIG 4g.20gb (0),1,,13,[CUDA memcpy Host-to-Device]
5301580769,3520,360664,,,,,,,,,,1.547,439380.412,Device,,NVIDIA A100-SXM4-40GB MIG 4g.20gb (0),1,,13,[CUDA memset]
5301587809,3392,360669,,,,,,,,,,0.031,9226.405,Pinned,Device,NVIDIA A100-SXM4-40GB MIG 4g.20gb (0),1,,13,[CUDA memcpy Host-to-Device]
5301593601,9440,360670,,,,,,,,,,0.197,20827.079,Pinned,Device,NVIDIA A100-SXM4-40GB MIG 4g.20gb (0),1,,13,[CUDA memcpy Host-to-Device]
5301609281,6175,360671,273,1,1,8,4,1,39,0.002,0.000,,,,,NVIDIA A100-SXM4-40GB MIG 4g.20gb (0),1,,13,"void channel_eq::eqMmseCoefCompLowMimoKernel<float, float, float, (unsigned int)4, (unsigned int)1, (unsigned int)4>(const channel_eq::_puschRxChEqStatDescr *, channel_eq::_puschRxChEqCoefCompDynDescr)"
5301618784,6880,360672,273,1,1,12,11,1,51,0.002,0.000,,,,,NVIDIA A100-SXM4-40GB MIG 4g.20gb (0),1,,13,"void channel_eq::eqMmseSoftDemapKernel<float, __half, __half, float, (unsigned int)4, (unsigned short)16383>(channel_eq::_puschRxChEqStatDescr *, channel_eq::_puschRxChEqSoftDemapDynDescr)"
5301626528,294589,360673,1,1,1,32,32,1,30,0.000,0.000,,,,,NVIDIA A100-SXM4-40GB MIG 4g.20gb (0),1,,13,"void convert_kernel<float2, __half2>(tensor_layout_any, T1 *, tensor_layout_any, const T2 *)"
5301922717,11008,360685,2253,1,1,128,1,1,16,0.000,0.000,,,,,NVIDIA A100-SXM4-40GB MIG 4g.20gb (0),1,,13,cupy_copy__float16_float16
5301936412,3712,360694,282,1,1,128,1,1,16,0.000,0.000,,,,,NVIDIA A100-SXM4-40GB MIG 4g.20gb (0),1,,13,cupy_copy__complex64_complex64
5301941500,2432,360703,26,1,1,128,1,1,16,0.000,0.000,,,,,NVIDIA A100-SXM4-40GB MIG 4g.20gb (0),1,,13,cupy_copy__float32_float32
5301945916,2912,360712,103,1,1,128,1,1,16,0.000,0.000,,,,,NVIDIA A100-SXM4-40GB MIG 4g.20gb (0),1,,13,cupy_copy__complex64_complex64
5301949756,12224,360722,1434,1,1,128,1,1,16,0.000,0.000,,,,,NVIDIA A100-SXM4-40GB MIG 4g.20gb (0),1,,13,cupy_copy__complex64_complex64
5301966556,86623,360727,1,1,1,32,32,1,30,0.000,0.000,,,,,NVIDIA A100-SXM4-40GB MIG 4g.20gb (0),1,,13,"void convert_kernel<__half2, float2>(tensor_layout_any, T1 *, tensor_layout_any, const T2 *)"
5302080219,5440,360730,,,,,,,,,,0.094,17223.480,Pinned,Device,NVIDIA A100-SXM4-40GB MIG 4g.20gb (0),1,,13,[CUDA memcpy Host-to-Device]
5302090203,596024,360731,,,,,,,,,,456.561,765653.535,Device,,NVIDIA A100-SXM4-40GB MIG 4g.20gb (0),1,,13,[CUDA memset]
5302695379,145982,360736,,,,,,,,,,1.235,8459.366,Pinned,Device,NVIDIA A100-SXM4-40GB MIG 4g.20gb (0),1,,13,[CUDA memcpy Host-to-Device]
5302854289,34400,360737,,,,,,,,,,0.197,5715.198,Pinned,Device,NVIDIA A100-SXM4-40GB MIG 4g.20gb (0),1,,13,[CUDA memcpy Host-to-Device]
5302910192,7808,360738,69,4,1,48,1,1,76,0.002,0.000,,,,,NVIDIA A100-SXM4-40GB MIG 4g.20gb (0),1,,13,"void ch_est::windowedChEstPreNoDftSOfdmKernel<float, __half, float, (unsigned int)2, (unsigned int)1, (unsigned short)4>(ch_est::puschRxChEstStatDescr_t *, ch_est::puschRxChEstDynDescr_t *)"
5302927312,6432,360739,137,2,1,24,2,1,44,0.001,0.001,,,,,NVIDIA A100-SXM4-40GB MIG 4g.20gb (0),1,,13,"void ch_est::chEstFilterNoDftSOfdmDispatchKernel<float, __half, float, (unsigned int)2>(ch_est::puschRxChEstStatDescr_t *, ch_est::puschRxChEstDynDescr_t *)"
5302937424,6720,360740,137,2,1,24,2,1,44,0.001,0.001,,,,,NVIDIA A100-SXM4-40GB MIG 4g.20gb (0),1,,13,"void ch_est::chEstFilterNoDftSOfdmDispatchKernel<float, __half, float, (unsigned int)2>(ch_est::puschRxChEstStatDescr_t *, ch_est::puschRxChEstDynDescr_t *)"
5302952432,2528,360751,103,1,1,128,1,1,16,0.000,0.000,,,,,NVIDIA A100-SXM4-40GB MIG 4g.20gb (0),1,,13,cupy_copy__complex64_complex64
5302960752,12800,360761,1434,1,1,128,1,1,16,0.000,0.000,,,,,NVIDIA A100-SXM4-40GB MIG 4g.20gb (0),1,,13,cupy_copy__complex64_complex64
5302979760,2752,360768,103,1,1,128,1,1,16,0.000,0.000,,,,,NVIDIA A100-SXM4-40GB MIG 4g.20gb (0),1,,13,cupy_copy__complex64_complex64
5302995535,83519,360775,1,1,1,32,32,1,30,0.000,0.000,,,,,NVIDIA A100-SXM4-40GB MIG 4g.20gb (0),1,,13,"void convert_kernel<__half2, float2>(tensor_layout_any, T1 *, tensor_layout_any, const T2 *)"
5303109742,20832,360778,,,,,,,,,,0.094,4497.689,Pinned,Device,NVIDIA A100-SXM4-40GB MIG 4g.20gb (0),1,,13,[CUDA memcpy Host-to-Device]
5303148014,46399,360779,,,,,,,,,,35.810,771775.396,Device,,NVIDIA A100-SXM4-40GB MIG 4g.20gb (0),1,,13,[CUDA memset]
5303202477,8704,360781,,,,,,,,,,0.000,9.191,Pinned,Device,NVIDIA A100-SXM4-40GB MIG 4g.20gb (0),1,,13,[CUDA memcpy Host-to-Device]
5303222381,20255,360782,,,,,,,,,,0.197,9706.537,Pinned,Device,NVIDIA A100-SXM4-40GB MIG 4g.20gb (0),1,,13,[CUDA memcpy Host-to-Device]
5303258028,9568,360783,273,1,1,48,1,1,40,0.000,0.001,,,,,NVIDIA A100-SXM4-40GB MIG 4g.20gb (0),1,,13,"void pusch_noise_intf_est::noiseIntfEstNoDftSOfdmKernel<float, __half, float, float, (unsigned int)2, (unsigned int)1, (unsigned char)4, (unsigned char)4>(pusch_noise_intf_est::puschRxNoiseIntfEstDynDescr)"
5303269964,2592,360794,35,1,1,128,1,1,16,0.000,0.000,,,,,NVIDIA A100-SXM4-40GB MIG 4g.20gb (0),1,,13,cupy_copy__complex64_complex64
5303282572,1696,360803,1,1,1,1,1,1,18,0.000,0.000,,,,,NVIDIA A100-SXM4-40GB MIG 4g.20gb (0),1,,13,cupy_copy__float32_float32
5303285132,6912,360809,,,,,,,,,,0.000,0.579,Device,Pageable,NVIDIA A100-SXM4-40GB MIG 4g.20gb (0),1,,7,[CUDA memcpy Device-to-Host]
5303365643,13088,360820,1434,1,1,128,1,1,16,0.000,0.000,,,,,NVIDIA A100-SXM4-40GB MIG 4g.20gb (0),1,,13,cupy_copy__complex64_complex64
5303397866,3680,360827,103,1,1,128,1,1,16,0.000,0.000,,,,,NVIDIA A100-SXM4-40GB MIG 4g.20gb (0),1,,13,cupy_copy__complex64_complex64
5303410186,2528,360834,35,1,1,128,1,1,16,0.000,0.000,,,,,NVIDIA A100-SXM4-40GB MIG 4g.20gb (0),1,,13,cupy_copy__complex64_complex64
5303428874,1984,360841,1,1,1,1,1,1,18,0.000,0.000,,,,,NVIDIA A100-SXM4-40GB MIG 4g.20gb (0),1,,13,cupy_copy__float32_float32
5303561256,81567,360852,1,1,1,32,32,1,30,0.000,0.000,,,,,NVIDIA A100-SXM4-40GB MIG 4g.20gb (0),1,,13,"void convert_kernel<__half2, float2>(tensor_layout_any, T1 *, tensor_layout_any, const T2 *)"
5303671143,5440,360855,,,,,,,,,,0.094,17223.480,Pinned,Device,NVIDIA A100-SXM4-40GB MIG 4g.20gb (0),1,,13,[CUDA memcpy Host-to-Device]
5303684679,3360,360856,,,,,,,,,,1.547,460304.688,Device,,NVIDIA A100-SXM4-40GB MIG 4g.20gb (0),1,,13,[CUDA memset]
5303691399,3200,360861,,,,,,,,,,0.031,9780.000,Pinned,Device,NVIDIA A100-SXM4-40GB MIG 4g.20gb (0),1,,13,[CUDA memcpy Host-to-Device]
5303697191,9504,360862,,,,,,,,,,0.197,20686.701,Pinned,Device,NVIDIA A100-SXM4-40GB MIG 4g.20gb (0),1,,13,[CUDA memcpy Host-to-Device]
5303710471,6784,360863,273,1,1,8,4,1,39,0.002,0.000,,,,,NVIDIA A100-SXM4-40GB MIG 4g.20gb (0),1,,13,"void channel_eq::eqMmseCoefCompLowMimoKernel<float, float, float, (unsigned int)4, (unsigned int)1, (unsigned int)4>(const channel_eq::_puschRxChEqStatDescr *, channel_eq::_puschRxChEqCoefCompDynDescr)"
5303720711,5471,360864,273,1,1,12,11,1,51,0.002,0.000,,,,,NVIDIA A100-SXM4-40GB MIG 4g.20gb (0),1,,13,"void channel_eq::eqMmseSoftDemapKernel<float, __half, __half, float, (unsigned int)4, (unsigned short)16383>(channel_eq::_puschRxChEqStatDescr *, channel_eq::_puschRxChEqSoftDemapDynDescr)"
5303728390,283037,360865,1,1,1,32,32,1,30,0.000,0.000,,,,,NVIDIA A100-SXM4-40GB MIG 4g.20gb (0),1,,13,"void convert_kernel<float2, __half2>(tensor_layout_any, T1 *, tensor_layout_any, const T2 *)"
5304013571,11040,360877,2253,1,1,128,1,1,16,0.000,0.000,,,,,NVIDIA A100-SXM4-40GB MIG 4g.20gb (0),1,,13,cupy_copy__float16_float16
5304028483,3872,360886,282,1,1,128,1,1,16,0.000,0.000,,,,,NVIDIA A100-SXM4-40GB MIG 4g.20gb (0),1,,13,cupy_copy__complex64_complex64
5304034595,2240,360895,26,1,1,128,1,1,16,0.000,0.000,,,,,NVIDIA A100-SXM4-40GB MIG 4g.20gb (0),1,,13,cupy_copy__float32_float32
5304038595,2912,360904,103,1,1,128,1,1,16,0.000,0.000,,,,,NVIDIA A100-SXM4-40GB MIG 4g.20gb (0),1,,13,cupy_copy__complex64_complex64
5304043139,12159,360914,1434,1,1,128,1,1,16,0.000,0.000,,,,,NVIDIA A100-SXM4-40GB MIG 4g.20gb (0),1,,13,cupy_copy__complex64_complex64
5304060418,82687,360919,1,1,1,32,32,1,30,0.000,0.000,,,,,NVIDIA A100-SXM4-40GB MIG 4g.20gb (0),1,,13,"void convert_kernel<__half2, float2>(tensor_layout_any, T1 *, tensor_layout_any, const T2 *)"
5304170945,5728,360922,,,,,,,,,,0.094,16357.541,Pinned,Device,NVIDIA A100-SXM4-40GB MIG 4g.20gb (0),1,,13,[CUDA memcpy Host-to-Device]
5304181857,596792,360923,,,,,,,,,,456.561,764740.412,Device,,NVIDIA A100-SXM4-40GB MIG 4g.20gb (0),1,,13,[CUDA memset]
5304786585,134175,360928,,,,,,,,,,1.235,9202.803,Pinned,Device,NVIDIA A100-SXM4-40GB MIG 4g.20gb (0),1,,13,[CUDA memcpy Host-to-Device]
5304933496,41983,360929,,,,,,,,,,0.197,4683.006,Pinned,Device,NVIDIA A100-SXM4-40GB MIG 4g.20gb (0),1,,13,[CUDA memcpy Host-to-Device]
5305002487,8352,360930,69,4,1,48,1,1,76,0.002,0.000,,,,,NVIDIA A100-SXM4-40GB MIG 4g.20gb (0),1,,13,"void ch_est::windowedChEstPreNoDftSOfdmKernel<float, __half, float, (unsigned int)2, (unsigned int)1, (unsigned short)4>(ch_est::puschRxChEstStatDescr_t *, ch_est::puschRxChEstDynDescr_t *)"
5305022006,6432,360931,137,2,1,24,2,1,44,0.001,0.001,,,,,NVIDIA A100-SXM4-40GB MIG 4g.20gb (0),1,,13,"void ch_est::chEstFilterNoDftSOfdmDispatchKernel<float, __half, float, (unsigned int)2>(ch_est::puschRxChEstStatDescr_t *, ch_est::puschRxChEstDynDescr_t *)"
5305039190,4736,360932,137,2,1,24,2,1,44,0.001,0.001,,,,,NVIDIA A100-SXM4-40GB MIG 4g.20gb (0),1,,13,"void ch_est::chEstFilterNoDftSOfdmDispatchKernel<float, __half, float, (unsigned int)2>(ch_est::puschRxChEstStatDescr_t *, ch_est::puschRxChEstDynDescr_t *)"
5305056406,2624,360943,103,1,1,128,1,1,16,0.000,0.000,,,,,NVIDIA A100-SXM4-40GB MIG 4g.20gb (0),1,,13,cupy_copy__complex64_complex64
5305072790,12416,360953,1434,1,1,128,1,1,16,0.000,0.000,,,,,NVIDIA A100-SXM4-40GB MIG 4g.20gb (0),1,,13,cupy_copy__complex64_complex64
5305093078,2912,360960,103,1,1,128,1,1,16,0.000,0.000,,,,,NVIDIA A100-SXM4-40GB MIG 4g.20gb (0),1,,13,cupy_copy__complex64_complex64
5305114453,86783,360967,1,1,1,32,32,1,30,0.000,0.000,,,,,NVIDIA A100-SXM4-40GB MIG 4g.20gb (0),1,,13,"void convert_kernel<__half2, float2>(tensor_layout_any, T1 *, tensor_layout_any, const T2 *)"
5305230516,16256,360970,,,,,,,,,,0.094,5763.709,Pinned,Device,NVIDIA A100-SXM4-40GB MIG 4g.20gb (0),1,,13,[CUDA memcpy Host-to-Device]
5305252660,47231,360971,,,,,,,,,,35.810,758167.626,Device,,NVIDIA A100-SXM4-40GB MIG 4g.20gb (0),1,,13,[CUDA memset]
5305302707,5344,360973,,,,,,,,,,0.000,14.970,Pinned,Device,NVIDIA A100-SXM4-40GB MIG 4g.20gb (0),1,,13,[CUDA memcpy Host-to-Device]
5305315827,22432,360974,,,,,,,,,,0.197,8764.588,Pinned,Device,NVIDIA A100-SXM4-40GB MIG 4g.20gb (0),1,,13,[CUDA memcpy Host-to-Device]
5305357874,9344,360975,273,1,1,48,1,1,40,0.000,0.001,,,,,NVIDIA A100-SXM4-40GB MIG 4g.20gb (0),1,,13,"void pusch_noise_intf_est::noiseIntfEstNoDftSOfdmKernel<float, __half, float, float, (unsigned int)2, (unsigned int)1, (unsigned char)4, (unsigned char)4>(pusch_noise_intf_est::puschRxNoiseIntfEstDynDescr)"
5305371378,2688,360986,35,1,1,128,1,1,16,0.000,0.000,,,,,NVIDIA A100-SXM4-40GB MIG 4g.20gb (0),1,,13,cupy_copy__complex64_complex64
5305386322,1696,360995,1,1,1,1,1,1,18,0.000,0.000,,,,,NVIDIA A100-SXM4-40GB MIG 4g.20gb (0),1,,13,cupy_copy__float32_float32
5305391762,4096,361001,,,,,,,,,,0.000,0.977,Device,Pageable,NVIDIA A100-SXM4-40GB MIG 4g.20gb (0),1,,7,[CUDA memcpy Device-to-Host]
5305476977,12544,361012,1434,1,1,128,1,1,16,0.000,0.000,,,,,NVIDIA A100-SXM4-40GB MIG 4g.20gb (0),1,,13,cupy_copy__complex64_complex64
5305512624,3360,361019,103,1,1,128,1,1,16,0.000,0.000,,,,,NVIDIA A100-SXM4-40GB MIG 4g.20gb (0),1,,13,cupy_copy__complex64_complex64
5305530448,2176,361026,35,1,1,128,1,1,16,0.000,0.000,,,,,NVIDIA A100-SXM4-40GB MIG 4g.20gb (0),1,,13,cupy_copy__complex64_complex64
5305548048,1728,361033,1,1,1,1,1,1,18,0.000,0.000,,,,,NVIDIA A100-SXM4-40GB MIG 4g.20gb (0),1,,13,cupy_copy__float32_float32
5305672974,86175,361044,1,1,1,32,32,1,30,0.000,0.000,,,,,NVIDIA A100-SXM4-40GB MIG 4g.20gb (0),1,,13,"void convert_kernel<__half2, float2>(tensor_layout_any, T1 *, tensor_layout_any, const T2 *)"
5305795661,20128,361047,,,,,,,,,,0.094,4655.005,Pinned,Device,NVIDIA A100-SXM4-40GB MIG 4g.20gb (0),1,,13,[CUDA memcpy Host-to-Device]
5305837036,3360,361048,,,,,,,,,,1.547,460304.688,Device,,NVIDIA A100-SXM4-40GB MIG 4g.20gb (0),1,,13,[CUDA memset]
5305846732,8864,361053,,,,,,,,,,0.031,3530.658,Pinned,Device,NVIDIA A100-SXM4-40GB MIG 4g.20gb (0),1,,13,[CUDA memcpy Host-to-Device]
5305865772,24320,361054,,,,,,,,,,0.197,8084.128,Pinned,Device,NVIDIA A100-SXM4-40GB MIG 4g.20gb (0),1,,13,[CUDA memcpy Host-to-Device]
5305916651,6240,361055,273,1,1,8,4,1,39,0.002,0.000,,,,,NVIDIA A100-SXM4-40GB MIG 4g.20gb (0),1,,13,"void channel_eq::eqMmseCoefCompLowMimoKernel<float, float, float, (unsigned int)4, (unsigned int)1, (unsigned int)4>(const channel_eq::_puschRxChEqStatDescr *, channel_eq::_puschRxChEqCoefCompDynDescr)"
5305929419,5920,361056,273,1,1,12,11,1,51,0.002,0.000,,,,,NVIDIA A100-SXM4-40GB MIG 4g.20gb (0),1,,13,"void channel_eq::eqMmseSoftDemapKernel<float, __half, __half, float, (unsigned int)4, (unsigned short)16383>(channel_eq::_puschRxChEqStatDescr *, channel_eq::_puschRxChEqSoftDemapDynDescr)"
5305943851,283005,361057,1,1,1,32,32,1,30,0.000,0.000,,,,,NVIDIA A100-SXM4-40GB MIG 4g.20gb (0),1,,13,"void convert_kernel<float2, __half2>(tensor_layout_any, T1 *, tensor_layout_any, const T2 *)"
5306231112,10943,361069,2253,1,1,128,1,1,16,0.000,0.000,,,,,NVIDIA A100-SXM4-40GB MIG 4g.20gb (0),1,,13,cupy_copy__float16_float16
5306246695,2816,361078,282,1,1,128,1,1,16,0.000,0.000,,,,,NVIDIA A100-SXM4-40GB MIG 4g.20gb (0),1,,13,cupy_copy__complex64_complex64
5306252519,2400,361087,26,1,1,128,1,1,16,0.000,0.000,,,,,NVIDIA A100-SXM4-40GB MIG 4g.20gb (0),1,,13,cupy_copy__float32_float32
5306256775,3552,361096,103,1,1,128,1,1,16,0.000,0.000,,,,,NVIDIA A100-SXM4-40GB MIG 4g.20gb (0),1,,13,cupy_copy__complex64_complex64
5306261319,11904,361106,1434,1,1,128,1,1,16,0.000,0.000,,,,,NVIDIA A100-SXM4-40GB MIG 4g.20gb (0),1,,13,cupy_copy__complex64_complex64
5306277703,90879,361111,1,1,1,32,32,1,30,0.000,0.000,,,,,NVIDIA A100-SXM4-40GB MIG 4g.20gb (0),1,,13,"void convert_kernel<__half2, float2>(tensor_layout_any, T1 *, tensor_layout_any, const T2 *)"
5306395334,5695,361114,,,,,,,,,,0.094,16452.268,Pinned,Device,NVIDIA A100-SXM4-40GB MIG 4g.20gb (0),1,,13,[CUDA memcpy Host-to-Device]
5306405285,604921,361115,,,,,,,,,,456.561,754696.060,Device,,NVIDIA A100-SXM4-40GB MIG 4g.20gb (0),1,,13,[CUDA memset]
5307016126,109439,361120,,,,,,,,,,1.235,11283.683,Pinned,Device,NVIDIA A100-SXM4-40GB MIG 4g.20gb (0),1,,13,[CUDA memcpy Host-to-Device]
5307135548,25984,361121,,,,,,,,,,0.197,7566.459,Pinned,Device,NVIDIA A100-SXM4-40GB MIG 4g.20gb (0),1,,13,[CUDA memcpy Host-to-Device]
5307187388,8288,361122,69,4,1,48,1,1,76,0.002,0.000,,,,,NVIDIA A100-SXM4-40GB MIG 4g.20gb (0),1,,13,"void ch_est::windowedChEstPreNoDftSOfdmKernel<float, __half, float, (unsigned int)2, (unsigned int)1, (unsigned short)4>(ch_est::puschRxChEstStatDescr_t *, ch_est::puschRxChEstDynDescr_t *)"
5307200924,7040,361123,137,2,1,24,2,1,44,0.001,0.001,,,,,NVIDIA A100-SXM4-40GB MIG 4g.20gb (0),1,,13,"void ch_est::chEstFilterNoDftSOfdmDispatchKernel<float, __half, float, (unsigned int)2>(ch_est::puschRxChEstStatDescr_t *, ch_est::puschRxChEstDynDescr_t *)"
5307216859,5408,361124,137,2,1,24,2,1,44,0.001,0.001,,,,,NVIDIA A100-SXM4-40GB MIG 4g.20gb (0),1,,13,"void ch_est::chEstFilterNoDftSOfdmDispatchKernel<float, __half, float, (unsigned int)2>(ch_est::puschRxChEstStatDescr_t *, ch_est::puschRxChEstDynDescr_t *)"
5307230171,2944,361135,103,1,1,128,1,1,16,0.000,0.000,,,,,NVIDIA A100-SXM4-40GB MIG 4g.20gb (0),1,,13,cupy_copy__complex64_complex64
5307245723,12512,361145,1434,1,1,128,1,1,16,0.000,0.000,,,,,NVIDIA A100-SXM4-40GB MIG 4g.20gb (0),1,,13,cupy_copy__complex64_complex64
5307261627,2880,361152,103,1,1,128,1,1,16,0.000,0.000,,,,,NVIDIA A100-SXM4-40GB MIG 4g.20gb (0),1,,13,cupy_copy__complex64_complex64
5307285147,83967,361159,1,1,1,32,32,1,30,0.000,0.000,,,,,NVIDIA A100-SXM4-40GB MIG 4g.20gb (0),1,,13,"void convert_kernel<__half2, float2>(tensor_layout_any, T1 *, tensor_layout_any, const T2 *)"
5307400665,27008,361162,,,,,,,,,,0.094,3469.188,Pinned,Device,NVIDIA A100-SXM4-40GB MIG 4g.20gb (0),1,,13,[CUDA memcpy Host-to-Device]
5307437465,47679,361163,,,,,,,,,,35.810,751041.452,Device,,NVIDIA A100-SXM4-40GB MIG 4g.20gb (0),1,,13,[CUDA memset]
5307490232,15552,361165,,,,,,,,,,0.000,5.144,Pinned,Device,NVIDIA A100-SXM4-40GB MIG 4g.20gb (0),1,,13,[CUDA memcpy Host-to-Device]
5307520792,25407,361166,,,,,,,,,,0.197,7738.294,Pinned,Device,NVIDIA A100-SXM4-40GB MIG 4g.20gb (0),1,,13,[CUDA memcpy Host-to-Device]
5307564695,9728,361167,273,1,1,48,1,1,40,0.000,0.001,,,,,NVIDIA A100-SXM4-40GB MIG 4g.20gb (0),1,,13,"void pusch_noise_intf_est::noiseIntfEstNoDftSOfdmKernel<float, __half, float, float, (unsigned int)2, (unsigned int)1, (unsigned char)4, (unsigned char)4>(pusch_noise_intf_est::puschRxNoiseIntfEstDynDescr)"
5307591415,2976,361178,35,1,1,128,1,1,16,0.000,0.000,,,,,NVIDIA A100-SXM4-40GB MIG 4g.20gb (0),1,,13,cupy_copy__complex64_complex64
5307601911,1824,361187,1,1,1,1,1,1,18,0.000,0.000,,,,,NVIDIA A100-SXM4-40GB MIG 4g.20gb (0),1,,13,cupy_copy__float32_float32
5307605943,4512,361193,,,,,,,,,,0.000,0.887,Device,Pageable,NVIDIA A100-SXM4-40GB MIG 4g.20gb (0),1,,7,[CUDA memcpy Device-to-Host]
5307681046,13056,361204,1434,1,1,128,1,1,16,0.000,0.000,,,,,NVIDIA A100-SXM4-40GB MIG 4g.20gb (0),1,,13,cupy_copy__complex64_complex64
5307711093,3520,361211,103,1,1,128,1,1,16,0.000,0.000,,,,,NVIDIA A100-SXM4-40GB MIG 4g.20gb (0),1,,13,cupy_copy__complex64_complex64
5307731797,2528,361218,35,1,1,128,1,1,16,0.000,0.000,,,,,NVIDIA A100-SXM4-40GB MIG 4g.20gb (0),1,,13,cupy_copy__complex64_complex64
5307745717,2048,361225,1,1,1,1,1,1,18,0.000,0.000,,,,,NVIDIA A100-SXM4-40GB MIG 4g.20gb (0),1,,13,cupy_copy__float32_float32
5307876595,86527,361236,1,1,1,32,32,1,30,0.000,0.000,,,,,NVIDIA A100-SXM4-40GB MIG 4g.20gb (0),1,,13,"void convert_kernel<__half2, float2>(tensor_layout_any, T1 *, tensor_layout_any, const T2 *)"
5307990514,5440,361239,,,,,,,,,,0.094,17223.480,Pinned,Device,NVIDIA A100-SXM4-40GB MIG 4g.20gb (0),1,,13,[CUDA memcpy Host-to-Device]
5308004434,3360,361240,,,,,,,,,,1.547,460304.688,Device,,NVIDIA A100-SXM4-40GB MIG 4g.20gb (0),1,,13,[CUDA memset]
5308011218,3488,361245,,,,,,,,,,0.031,8972.469,Pinned,Device,NVIDIA A100-SXM4-40GB MIG 4g.20gb (0),1,,13,[CUDA memcpy Host-to-Device]
5308017490,9599,361246,,,,,,,,,,0.197,20482.032,Pinned,Device,NVIDIA A100-SXM4-40GB MIG 4g.20gb (0),1,,13,[CUDA memcpy Host-to-Device]
5308034961,6240,361247,273,1,1,8,4,1,39,0.002,0.000,,,,,NVIDIA A100-SXM4-40GB MIG 4g.20gb (0),1,,13,"void channel_eq::eqMmseCoefCompLowMimoKernel<float, float, float, (unsigned int)4, (unsigned int)1, (unsigned int)4>(const channel_eq::_puschRxChEqStatDescr *, channel_eq::_puschRxChEqCoefCompDynDescr)"
5308042289,7776,361248,273,1,1,12,11,1,51,0.002,0.000,,,,,NVIDIA A100-SXM4-40GB MIG 4g.20gb (0),1,,13,"void channel_eq::eqMmseSoftDemapKernel<float, __half, __half, float, (unsigned int)4, (unsigned short)16383>(channel_eq::_puschRxChEqStatDescr *, channel_eq::_puschRxChEqSoftDemapDynDescr)"
5308051217,282685,361249,1,1,1,32,32,1,30,0.000,0.000,,,,,NVIDIA A100-SXM4-40GB MIG 4g.20gb (0),1,,13,"void convert_kernel<float2, __half2>(tensor_layout_any, T1 *, tensor_layout_any, const T2 *)"
5308335886,11008,361261,2253,1,1,128,1,1,16,0.000,0.000,,,,,NVIDIA A100-SXM4-40GB MIG 4g.20gb (0),1,,13,cupy_copy__float16_float16
5308350669,3840,361270,282,1,1,128,1,1,16,0.000,0.000,,,,,NVIDIA A100-SXM4-40GB MIG 4g.20gb (0),1,,13,cupy_copy__complex64_complex64
5308355501,2016,361279,26,1,1,128,1,1,16,0.000,0.000,,,,,NVIDIA A100-SXM4-40GB MIG 4g.20gb (0),1,,13,cupy_copy__float32_float32
5308358957,3936,361288,103,1,1,128,1,1,16,0.000,0.000,,,,,NVIDIA A100-SXM4-40GB MIG 4g.20gb (0),1,,13,cupy_copy__complex64_complex64
5308365133,12064,361298,1434,1,1,128,1,1,16,0.000,0.000,,,,,NVIDIA A100-SXM4-40GB MIG 4g.20gb (0),1,,13,cupy_copy__complex64_complex64
5308382797,82623,361303,1,1,1,32,32,1,30,0.000,0.000,,,,,NVIDIA A100-SXM4-40GB MIG 4g.20gb (0),1,,13,"void convert_kernel<__half2, float2>(tensor_layout_any, T1 *, tensor_layout_any, const T2 *)"
5308492716,5888,361306,,,,,,,,,,0.094,15912.954,Pinned,Device,NVIDIA A100-SXM4-40GB MIG 4g.20gb (0),1,,13,[CUDA memcpy Host-to-Device]
5308503820,596312,361307,,,,,,,,,,456.561,765196.973,Device,,NVIDIA A100-SXM4-40GB MIG 4g.20gb (0),1,,13,[CUDA memset]
5309105124,147902,361312,,,,,,,,,,1.235,8349.456,Pinned,Device,NVIDIA A100-SXM4-40GB MIG 4g.20gb (0),1,,13,[CUDA memcpy Host-to-Device]
5309263906,31808,361313,,,,,,,,,,0.197,6180.962,Pinned,Device,NVIDIA A100-SXM4-40GB MIG 4g.20gb (0),1,,13,[CUDA memcpy Host-to-Device]
5309313346,8063,361314,69,4,1,48,1,1,76,0.002,0.000,,,,,NVIDIA A100-SXM4-40GB MIG 4g.20gb (0),1,,13,"void ch_est::windowedChEstPreNoDftSOfdmKernel<float, __half, float, (unsigned int)2, (unsigned int)1, (unsigned short)4>(ch_est::puschRxChEstStatDescr_t *, ch_est::puschRxChEstDynDescr_t *)"
5309329569,6720,361315,137,2,1,24,2,1,44,0.001,0.001,,,,,NVIDIA A100-SXM4-40GB MIG 4g.20gb (0),1,,13,"void ch_est::chEstFilterNoDftSOfdmDispatchKernel<float, __half, float, (unsigned int)2>(ch_est::puschRxChEstStatDescr_t *, ch_est::puschRxChEstDynDescr_t *)"
5309343841,4704,361316,137,2,1,24,2,1,44,0.001,0.001,,,,,NVIDIA A100-SXM4-40GB MIG 4g.20gb (0),1,,13,"void ch_est::chEstFilterNoDftSOfdmDispatchKernel<float, __half, float, (unsigned int)2>(ch_est::puschRxChEstStatDescr_t *, ch_est::puschRxChEstDynDescr_t *)"
5309356225,3040,361327,103,1,1,128,1,1,16,0.000,0.000,,,,,NVIDIA A100-SXM4-40GB MIG 4g.20gb (0),1,,13,cupy_copy__complex64_complex64
5309371041,12704,361337,1434,1,1,128,1,1,16,0.000,0.000,,,,,NVIDIA A100-SXM4-40GB MIG 4g.20gb (0),1,,13,cupy_copy__complex64_complex64
5309387041,2496,361344,103,1,1,128,1,1,16,0.000,0.000,,,,,NVIDIA A100-SXM4-40GB MIG 4g.20gb (0),1,,13,cupy_copy__complex64_complex64
5309402464,95103,361351,1,1,1,32,32,1,30,0.000,0.000,,,,,NVIDIA A100-SXM4-40GB MIG 4g.20gb (0),1,,13,"void convert_kernel<__half2, float2>(tensor_layout_any, T1 *, tensor_layout_any, const T2 *)"
5309526943,21216,361354,,,,,,,,,,0.094,4416.267,Pinned,Device,NVIDIA A100-SXM4-40GB MIG 4g.20gb (0),1,,13,[CUDA memcpy Host-to-Device]
5309571102,46688,361355,,,,,,,,,,35.810,766976.867,Device,,NVIDIA A100-SXM4-40GB MIG 4g.20gb (0),1,,13,[CUDA memset]
5309624894,15456,361357,,,,,,,,,,0.000,5.176,Pinned,Device,NVIDIA A100-SXM4-40GB MIG 4g.20gb (0),1,,13,[CUDA memcpy Host-to-Device]
5309648221,31328,361358,,,,,,,,,,0.197,6275.727,Pinned,Device,NVIDIA A100-SXM4-40GB MIG 4g.20gb (0),1,,13,[CUDA memcpy Host-to-Device]
5309698077,9664,361359,273,1,1,48,1,1,40,0.000,0.001,,,,,NVIDIA A100-SXM4-40GB MIG 4g.20gb (0),1,,13,"void pusch_noise_intf_est::noiseIntfEstNoDftSOfdmKernel<float, __half, float, float, (unsigned int)2, (unsigned int)1, (unsigned char)4, (unsigned char)4>(pusch_noise_intf_est::puschRxNoiseIntfEstDynDescr)"
5309715005,2784,361370,35,1,1,128,1,1,16,0.000,0.000,,,,,NVIDIA A100-SXM4-40GB MIG 4g.20gb (0),1,,13,cupy_copy__complex64_complex64
5309731516,1664,361379,1,1,1,1,1,1,18,0.000,0.000,,,,,NVIDIA A100-SXM4-40GB MIG 4g.20gb (0),1,,13,cupy_copy__float32_float32
5309737564,5504,361385,,,,,,,,,,0.000,0.727,Device,Pageable,NVIDIA A100-SXM4-40GB MIG 4g.20gb (0),1,,7,[CUDA memcpy Device-to-Host]
5309838011,12992,361396,1434,1,1,128,1,1,16,0.000,0.000,,,,,NVIDIA A100-SXM4-40GB MIG 4g.20gb (0),1,,13,cupy_copy__complex64_complex64
5309861307,3360,361403,103,1,1,128,1,1,16,0.000,0.000,,,,,NVIDIA A100-SXM4-40GB MIG 4g.20gb (0),1,,13,cupy_copy__complex64_complex64
5309882907,2464,361410,35,1,1,128,1,1,16,0.000,0.000,,,,,NVIDIA A100-SXM4-40GB MIG 4g.20gb (0),1,,13,cupy_copy__complex64_complex64
5309901498,1664,361417,1,1,1,1,1,1,18,0.000,0.000,,,,,NVIDIA A100-SXM4-40GB MIG 4g.20gb (0),1,,13,cupy_copy__float32_float32
5310027225,86655,361428,1,1,1,32,32,1,30,0.000,0.000,,,,,NVIDIA A100-SXM4-40GB MIG 4g.20gb (0),1,,13,"void convert_kernel<__half2, float2>(tensor_layout_any, T1 *, tensor_layout_any, const T2 *)"
5310147799,13760,361431,,,,,,,,,,0.094,6809.263,Pinned,Device,NVIDIA A100-SXM4-40GB MIG 4g.20gb (0),1,,13,[CUDA memcpy Host-to-Device]
5310174135,3264,361432,,,,,,,,,,1.547,473842.288,Device,,NVIDIA A100-SXM4-40GB MIG 4g.20gb (0),1,,13,[CUDA memset]
5310184343,7648,361437,,,,,,,,,,0.031,4092.046,Pinned,Device,NVIDIA A100-SXM4-40GB MIG 4g.20gb (0),1,,13,[CUDA memcpy Host-to-Device]
5310198871,21855,361438,,,,,,,,,,0.197,8995.996,Pinned,Device,NVIDIA A100-SXM4-40GB MIG 4g.20gb (0),1,,13,[CUDA memcpy Host-to-Device]
5310236054,7488,361439,273,1,1,8,4,1,39,0.002,0.000,,,,,NVIDIA A100-SXM4-40GB MIG 4g.20gb (0),1,,13,"void channel_eq::eqMmseCoefCompLowMimoKernel<float, float, float, (unsigned int)4, (unsigned int)1, (unsigned int)4>(const channel_eq::_puschRxChEqStatDescr *, channel_eq::_puschRxChEqCoefCompDynDescr)"
5310248182,5440,361440,273,1,1,12,11,1,51,0.002,0.000,,,,,NVIDIA A100-SXM4-40GB MIG 4g.20gb (0),1,,13,"void channel_eq::eqMmseSoftDemapKernel<float, __half, __half, float, (unsigned int)4, (unsigned short)16383>(channel_eq::_puschRxChEqStatDescr *, channel_eq::_puschRxChEqSoftDemapDynDescr)"
5310259830,290140,361441,1,1,1,32,32,1,30,0.000,0.000,,,,,NVIDIA A100-SXM4-40GB MIG 4g.20gb (0),1,,13,"void convert_kernel<float2, __half2>(tensor_layout_any, T1 *, tensor_layout_any, const T2 *)"
5310551026,10976,361453,2253,1,1,128,1,1,16,0.000,0.000,,,,,NVIDIA A100-SXM4-40GB MIG 4g.20gb (0),1,,13,cupy_copy__float16_float16
5310565330,3200,361462,282,1,1,128,1,1,16,0.000,0.000,,,,,NVIDIA A100-SXM4-40GB MIG 4g.20gb (0),1,,13,cupy_copy__complex64_complex64
5310570322,2016,361471,26,1,1,128,1,1,16,0.000,0.000,,,,,NVIDIA A100-SXM4-40GB MIG 4g.20gb (0),1,,13,cupy_copy__float32_float32
5310574002,4672,361480,103,1,1,128,1,1,16,0.000,0.000,,,,,NVIDIA A100-SXM4-40GB MIG 4g.20gb (0),1,,13,cupy_copy__complex64_complex64
5310581042,12224,361490,1434,1,1,128,1,1,16,0.000,0.000,,,,,NVIDIA A100-SXM4-40GB MIG 4g.20gb (0),1,,13,cupy_copy__complex64_complex64
5310598706,87583,361495,1,1,1,32,32,1,30,0.000,0.000,,,,,NVIDIA A100-SXM4-40GB MIG 4g.20gb (0),1,,13,"void convert_kernel<__half2, float2>(tensor_layout_any, T1 *, tensor_layout_any, const T2 *)"
5310713232,5728,361498,,,,,,,,,,0.094,16357.541,Pinned,Device,NVIDIA A100-SXM4-40GB MIG 4g.20gb (0),1,,13,[CUDA memcpy Host-to-Device]
5310723184,596793,361499,,,,,,,,,,456.561,764740.412,Device,,NVIDIA A100-SXM4-40GB MIG 4g.20gb (0),1,,13,[CUDA memset]
5311326089,147422,361504,,,,,,,,,,1.235,8376.625,Pinned,Device,NVIDIA A100-SXM4-40GB MIG 4g.20gb (0),1,,13,[CUDA memcpy Host-to-Device]
5311483047,28672,361505,,,,,,,,,,0.197,6857.097,Pinned,Device,NVIDIA A100-SXM4-40GB MIG 4g.20gb (0),1,,13,[CUDA memcpy Host-to-Device]
5311525766,8096,361506,69,4,1,48,1,1,76,0.002,0.000,,,,,NVIDIA A100-SXM4-40GB MIG 4g.20gb (0),1,,13,"void ch_est::windowedChEstPreNoDftSOfdmKernel<float, __half, float, (unsigned int)2, (unsigned int)1, (unsigned short)4>(ch_est::puschRxChEstStatDescr_t *, ch_est::puschRxChEstDynDescr_t *)"
5311536742,6976,361507,137,2,1,24,2,1,44,0.001,0.001,,,,,NVIDIA A100-SXM4-40GB MIG 4g.20gb (0),1,,13,"void ch_est::chEstFilterNoDftSOfdmDispatchKernel<float, __half, float, (unsigned int)2>(ch_est::puschRxChEstStatDescr_t *, ch_est::puschRxChEstDynDescr_t *)"
5311551110,5248,361508,137,2,1,24,2,1,44,0.001,0.001,,,,,NVIDIA A100-SXM4-40GB MIG 4g.20gb (0),1,,13,"void ch_est::chEstFilterNoDftSOfdmDispatchKernel<float, __half, float, (unsigned int)2>(ch_est::puschRxChEstStatDescr_t *, ch_est::puschRxChEstDynDescr_t *)"
5311559078,2624,361519,103,1,1,128,1,1,16,0.000,0.000,,,,,NVIDIA A100-SXM4-40GB MIG 4g.20gb (0),1,,13,cupy_copy__complex64_complex64
5311570246,12800,361529,1434,1,1,128,1,1,16,0.000,0.000,,,,,NVIDIA A100-SXM4-40GB MIG 4g.20gb (0),1,,13,cupy_copy__complex64_complex64
5311597733,2624,361536,103,1,1,128,1,1,16,0.000,0.000,,,,,NVIDIA A100-SXM4-40GB MIG 4g.20gb (0),1,,13,cupy_copy__complex64_complex64
5311609957,87711,361543,1,1,1,32,32,1,30,0.000,0.000,,,,,NVIDIA A100-SXM4-40GB MIG 4g.20gb (0),1,,13,"void convert_kernel<__half2, float2>(tensor_layout_any, T1 *, tensor_layout_any, const T2 *)"
5311725796,15584,361546,,,,,,,,,,0.094,6012.285,Pinned,Device,NVIDIA A100-SXM4-40GB MIG 4g.20gb (0),1,,13,[CUDA memcpy Host-to-Device]
5311747748,47135,361547,,,,,,,,,,35.810,759707.453,Device,,NVIDIA A100-SXM4-40GB MIG 4g.20gb (0),1,,13,[CUDA memset]
5311795971,7520,361549,,,,,,,,,,0.000,10.638,Pinned,Device,NVIDIA A100-SXM4-40GB MIG 4g.20gb (0),1,,13,[CUDA memcpy Host-to-Device]
5311811235,17376,361550,,,,,,,,,,0.197,11314.790,Pinned,Device,NVIDIA A100-SXM4-40GB MIG 4g.20gb (0),1,,13,[CUDA memcpy Host-to-Device]
5311839170,9504,361551,273,1,1,48,1,1,40,0.000,0.001,,,,,NVIDIA A100-SXM4-40GB MIG 4g.20gb (0),1,,13,"void pusch_noise_intf_est::noiseIntfEstNoDftSOfdmKernel<float, __half, float, float, (unsigned int)2, (unsigned int)1, (unsigned char)4, (unsigned char)4>(pusch_noise_intf_est::puschRxNoiseIntfEstDynDescr)"
5311850722,3456,361562,35,1,1,128,1,1,16,0.000,0.000,,,,,NVIDIA A100-SXM4-40GB MIG 4g.20gb (0),1,,13,cupy_copy__complex64_complex64
5311855746,1888,361571,1,1,1,1,1,1,18,0.000,0.000,,,,,NVIDIA A100-SXM4-40GB MIG 4g.20gb (0),1,,13,cupy_copy__float32_float32
5311876834,1696,361577,,,,,,,,,,0.000,2.358,Device,Pageable,NVIDIA A100-SXM4-40GB MIG 4g.20gb (0),1,,7,[CUDA memcpy Device-to-Host]
5311937505,12832,361588,1434,1,1,128,1,1,16,0.000,0.000,,,,,NVIDIA A100-SXM4-40GB MIG 4g.20gb (0),1,,13,cupy_copy__complex64_complex64
5311963617,2816,361595,103,1,1,128,1,1,16,0.000,0.000,,,,,NVIDIA A100-SXM4-40GB MIG 4g.20gb (0),1,,13,cupy_copy__complex64_complex64
5311984257,2560,361602,35,1,1,128,1,1,16,0.000,0.000,,,,,NVIDIA A100-SXM4-40GB MIG 4g.20gb (0),1,,13,cupy_copy__complex64_complex64
5312002432,1984,361609,1,1,1,1,1,1,18,0.000,0.000,,,,,NVIDIA A100-SXM4-40GB MIG 4g.20gb (0),1,,13,cupy_copy__float32_float32
5312133503,82879,361620,1,1,1,32,32,1,30,0.000,0.000,,,,,NVIDIA A100-SXM4-40GB MIG 4g.20gb (0),1,,13,"void convert_kernel<__half2, float2>(tensor_layout_any, T1 *, tensor_layout_any, const T2 *)"
5312243965,5536,361623,,,,,,,,,,0.094,16924.777,Pinned,Device,NVIDIA A100-SXM4-40GB MIG 4g.20gb (0),1,,13,[CUDA memcpy Host-to-Device]
5312261117,3136,361624,,,,,,,,,,1.547,493182.821,Device,,NVIDIA A100-SXM4-40GB MIG 4g.20gb (0),1,,13,[CUDA memset]
5312268317,3040,361629,,,,,,,,,,0.031,10294.725,Pinned,Device,NVIDIA A100-SXM4-40GB MIG 4g.20gb (0),1,,13,[CUDA memcpy Host-to-Device]
5312273917,9376,361630,,,,,,,,,,0.197,20969.226,Pinned,Device,NVIDIA A100-SXM4-40GB MIG 4g.20gb (0),1,,13,[CUDA memcpy Host-to-Device]
5312289789,6528,361631,273,1,1,8,4,1,39,0.002,0.000,,,,,NVIDIA A100-SXM4-40GB MIG 4g.20gb (0),1,,13,"void channel_eq::eqMmseCoefCompLowMimoKernel<float, float, float, (unsigned int)4, (unsigned int)1, (unsigned int)4>(const channel_eq::_puschRxChEqStatDescr *, channel_eq::_puschRxChEqCoefCompDynDescr)"
5312297405,6240,361632,273,1,1,12,11,1,51,0.002,0.000,,,,,NVIDIA A100-SXM4-40GB MIG 4g.20gb (0),1,,13,"void channel_eq::eqMmseSoftDemapKernel<float, __half, __half, float, (unsigned int)4, (unsigned short)16383>(channel_eq::_puschRxChEqStatDescr *, channel_eq::_puschRxChEqSoftDemapDynDescr)"
5312304733,282268,361633,1,1,1,32,32,1,30,0.000,0.000,,,,,NVIDIA A100-SXM4-40GB MIG 4g.20gb (0),1,,13,"void convert_kernel<float2, __half2>(tensor_layout_any, T1 *, tensor_layout_any, const T2 *)"
5312588825,10944,361645,2253,1,1,128,1,1,16,0.000,0.000,,,,,NVIDIA A100-SXM4-40GB MIG 4g.20gb (0),1,,13,cupy_copy__float16_float16
5312601913,3616,361654,282,1,1,128,1,1,16,0.000,0.000,,,,,NVIDIA A100-SXM4-40GB MIG 4g.20gb (0),1,,13,cupy_copy__complex64_complex64
5312608889,2368,361663,26,1,1,128,1,1,16,0.000,0.000,,,,,NVIDIA A100-SXM4-40GB MIG 4g.20gb (0),1,,13,cupy_copy__float32_float32
5312614009,2912,361672,103,1,1,128,1,1,16,0.000,0.000,,,,,NVIDIA A100-SXM4-40GB MIG 4g.20gb (0),1,,13,cupy_copy__complex64_complex64
5312618585,12000,361682,1434,1,1,128,1,1,16,0.000,0.000,,,,,NVIDIA A100-SXM4-40GB MIG 4g.20gb (0),1,,13,cupy_copy__complex64_complex64
5312636217,87807,361687,1,1,1,32,32,1,30,0.000,0.000,,,,,NVIDIA A100-SXM4-40GB MIG 4g.20gb (0),1,,13,"void convert_kernel<__half2, float2>(tensor_layout_any, T1 *, tensor_layout_any, const T2 *)"
5312750711,5376,361690,,,,,,,,,,0.094,17428.487,Pinned,Device,NVIDIA A100-SXM4-40GB MIG 4g.20gb (0),1,,13,[CUDA memcpy Host-to-Device]
5312760439,599097,361691,,,,,,,,,,456.561,762001.043,Device,,NVIDIA A100-SXM4-40GB MIG 4g.20gb (0),1,,13,[CUDA memset]
5313367056,164190,361696,,,,,,,,,,1.235,7520.809,Pinned,Device,NVIDIA A100-SXM4-40GB MIG 4g.20gb (0),1,,13,[CUDA memcpy Host-to-Device]
5313547725,39328,361697,,,,,,,,,,0.197,4999.152,Pinned,Device,NVIDIA A100-SXM4-40GB MIG 4g.20gb (0),1,,13,[CUDA memcpy Host-to-Device]
5313617645,8255,361698,69,4,1,48,1,1,76,0.002,0.000,,,,,NVIDIA A100-SXM4-40GB MIG 4g.20gb (0),1,,13,"void ch_est::windowedChEstPreNoDftSOfdmKernel<float, __half, float, (unsigned int)2, (unsigned int)1, (unsigned short)4>(ch_est::puschRxChEstStatDescr_t *, ch_est::puschRxChEstDynDescr_t *)"
5313636812,6432,361699,137,2,1,24,2,1,44,0.001,0.001,,,,,NVIDIA A100-SXM4-40GB MIG 4g.20gb (0),1,,13,"void ch_est::chEstFilterNoDftSOfdmDispatchKernel<float, __half, float, (unsigned int)2>(ch_est::puschRxChEstStatDescr_t *, ch_est::puschRxChEstDynDescr_t *)"
5313652876,4704,361700,137,2,1,24,2,1,44,0.001,0.001,,,,,NVIDIA A100-SXM4-40GB MIG 4g.20gb (0),1,,13,"void ch_est::chEstFilterNoDftSOfdmDispatchKernel<float, __half, float, (unsigned int)2>(ch_est::puschRxChEstStatDescr_t *, ch_est::puschRxChEstDynDescr_t *)"
5313669484,2656,361711,103,1,1,128,1,1,16,0.000,0.000,,,,,NVIDIA A100-SXM4-40GB MIG 4g.20gb (0),1,,13,cupy_copy__complex64_complex64
5313682732,12480,361721,1434,1,1,128,1,1,16,0.000,0.000,,,,,NVIDIA A100-SXM4-40GB MIG 4g.20gb (0),1,,13,cupy_copy__complex64_complex64
5313702572,2975,361728,103,1,1,128,1,1,16,0.000,0.000,,,,,NVIDIA A100-SXM4-40GB MIG 4g.20gb (0),1,,13,cupy_copy__complex64_complex64
5313721227,84767,361735,1,1,1,32,32,1,30,0.000,0.000,,,,,NVIDIA A100-SXM4-40GB MIG 4g.20gb (0),1,,13,"void convert_kernel<__half2, float2>(tensor_layout_any, T1 *, tensor_layout_any, const T2 *)"
5313839658,18624,361738,,,,,,,,,,0.094,5030.913,Pinned,Device,NVIDIA A100-SXM4-40GB MIG 4g.20gb (0),1,,13,[CUDA memcpy Host-to-Device]
5313864490,47615,361739,,,,,,,,,,35.810,752044.130,Device,,NVIDIA A100-SXM4-40GB MIG 4g.20gb (0),1,,13,[CUDA memset]
5313921961,5120,361741,,,,,,,,,,0.000,15.625,Pinned,Device,NVIDIA A100-SXM4-40GB MIG 4g.20gb (0),1,,13,[CUDA memcpy Host-to-Device]
5313938025,20703,361742,,,,,,,,,,0.197,9496.560,Pinned,Device,NVIDIA A100-SXM4-40GB MIG 4g.20gb (0),1,,13,[CUDA memcpy Host-to-Device]
5313973320,9760,361743,273,1,1,48,1,1,40,0.000,0.001,,,,,NVIDIA A100-SXM4-40GB MIG 4g.20gb (0),1,,13,"void pusch_noise_intf_est::noiseIntfEstNoDftSOfdmKernel<float, __half, float, float, (unsigned int)2, (unsigned int)1, (unsigned char)4, (unsigned char)4>(pusch_noise_intf_est::puschRxNoiseIntfEstDynDescr)"
5313991368,2784,361754,35,1,1,128,1,1,16,0.000,0.000,,,,,NVIDIA A100-SXM4-40GB MIG 4g.20gb (0),1,,13,cupy_copy__complex64_complex64
5314004424,1760,361763,1,1,1,1,1,1,18,0.000,0.000,,,,,NVIDIA A100-SXM4-40GB MIG 4g.20gb (0),1,,13,cupy_copy__float32_float32
5314012008,7424,361769,,,,,,,,,,0.000,0.539,Device,Pageable,NVIDIA A100-SXM4-40GB MIG 4g.20gb (0),1,,7,[CUDA memcpy Device-to-Host]
5314102823,13151,361780,1434,1,1,128,1,1,16,0.000,0.000,,,,,NVIDIA A100-SXM4-40GB MIG 4g.20gb (0),1,,13,cupy_copy__complex64_complex64
5314124582,2976,361787,103,1,1,128,1,1,16,0.000,0.000,,,,,NVIDIA A100-SXM4-40GB MIG 4g.20gb (0),1,,13,cupy_copy__complex64_complex64
5314151238,2624,361794,35,1,1,128,1,1,16,0.000,0.000,,,,,NVIDIA A100-SXM4-40GB MIG 4g.20gb (0),1,,13,cupy_copy__complex64_complex64
5314169606,1952,361801,1,1,1,1,1,1,18,0.000,0.000,,,,,NVIDIA A100-SXM4-40GB MIG 4g.20gb (0),1,,13,cupy_copy__float32_float32
5314299876,86943,361812,1,1,1,32,32,1,30,0.000,0.000,,,,,NVIDIA A100-SXM4-40GB MIG 4g.20gb (0),1,,13,"void convert_kernel<__half2, float2>(tensor_layout_any, T1 *, tensor_layout_any, const T2 *)"
5314418371,14080,361815,,,,,,,,,,0.094,6654.477,Pinned,Device,NVIDIA A100-SXM4-40GB MIG 4g.20gb (0),1,,13,[CUDA memcpy Host-to-Device]
5314444578,3424,361816,,,,,,,,,,1.547,451700.819,Device,,NVIDIA A100-SXM4-40GB MIG 4g.20gb (0),1,,13,[CUDA memset]
5314454370,5472,361821,,,,,,,,,,0.031,5719.281,Pinned,Device,NVIDIA A100-SXM4-40GB MIG 4g.20gb (0),1,,13,[CUDA memcpy Host-to-Device]
5314466818,13696,361822,,,,,,,,,,0.197,14355.137,Pinned,Device,NVIDIA A100-SXM4-40GB MIG 4g.20gb (0),1,,13,[CUDA memcpy Host-to-Device]
5314493666,8352,361823,273,1,1,8,4,1,39,0.002,0.000,,,,,NVIDIA A100-SXM4-40GB MIG 4g.20gb (0),1,,13,"void channel_eq::eqMmseCoefCompLowMimoKernel<float, float, float, (unsigned int)4, (unsigned int)1, (unsigned int)4>(const channel_eq::_puschRxChEqStatDescr *, channel_eq::_puschRxChEqCoefCompDynDescr)"
5314506786,8000,361824,273,1,1,12,11,1,51,0.002,0.000,,,,,NVIDIA A100-SXM4-40GB MIG 4g.20gb (0),1,,13,"void channel_eq::eqMmseSoftDemapKernel<float, __half, __half, float, (unsigned int)4, (unsigned short)16383>(channel_eq::_puschRxChEqStatDescr *, channel_eq::_puschRxChEqSoftDemapDynDescr)"
5314518433,290013,361825,1,1,1,32,32,1,30,0.000,0.000,,,,,NVIDIA A100-SXM4-40GB MIG 4g.20gb (0),1,,13,"void convert_kernel<float2, __half2>(tensor_layout_any, T1 *, tensor_layout_any, const T2 *)"
5314810846,11008,361837,2253,1,1,128,1,1,16,0.000,0.000,,,,,NVIDIA A100-SXM4-40GB MIG 4g.20gb (0),1,,13,cupy_copy__float16_float16
5314824414,3200,361846,282,1,1,128,1,1,16,0.000,0.000,,,,,NVIDIA A100-SXM4-40GB MIG 4g.20gb (0),1,,13,cupy_copy__complex64_complex64
5314831326,2304,361855,26,1,1,128,1,1,16,0.000,0.000,,,,,NVIDIA A100-SXM4-40GB MIG 4g.20gb (0),1,,13,cupy_copy__float32_float32
5314835326,2944,361864,103,1,1,128,1,1,16,0.000,0.000,,,,,NVIDIA A100-SXM4-40GB MIG 4g.20gb (0),1,,13,cupy_copy__complex64_complex64
5314839518,12607,361874,1434,1,1,128,1,1,16,0.000,0.000,,,,,NVIDIA A100-SXM4-40GB MIG 4g.20gb (0),1,,13,cupy_copy__complex64_complex64
5314853277,81759,361879,1,1,1,32,32,1,30,0.000,0.000,,,,,NVIDIA A100-SXM4-40GB MIG 4g.20gb (0),1,,13,"void convert_kernel<__half2, float2>(tensor_layout_any, T1 *, tensor_layout_any, const T2 *)"
5314963612,5984,361882,,,,,,,,,,0.094,15657.726,Pinned,Device,NVIDIA A100-SXM4-40GB MIG 4g.20gb (0),1,,13,[CUDA memcpy Host-to-Device]
5314975452,598808,361883,,,,,,,,,,456.561,762001.043,Device,,NVIDIA A100-SXM4-40GB MIG 4g.20gb (0),1,,13,[CUDA memset]
5315579732,103679,361888,,,,,,,,,,1.235,11911.035,Pinned,Device,NVIDIA A100-SXM4-40GB MIG 4g.20gb (0),1,,13,[CUDA memcpy Host-to-Device]
5315693939,27872,361889,,,,,,,,,,0.197,7053.902,Pinned,Device,NVIDIA A100-SXM4-40GB MIG 4g.20gb (0),1,,13,[CUDA memcpy Host-to-Device]
5315739858,8480,361890,69,4,1,48,1,1,76,0.002,0.000,,,,,NVIDIA A100-SXM4-40GB MIG 4g.20gb (0),1,,13,"void ch_est::windowedChEstPreNoDftSOfdmKernel<float, __half, float, (unsigned int)2, (unsigned int)1, (unsigned short)4>(ch_est::puschRxChEstStatDescr_t *, ch_est::puschRxChEstDynDescr_t *)"
5315751922,7808,361891,137,2,1,24,2,1,44,0.001,0.001,,,,,NVIDIA A100-SXM4-40GB MIG 4g.20gb (0),1,,13,"void ch_est::chEstFilterNoDftSOfdmDispatchKernel<float, __half, float, (unsigned int)2>(ch_est::puschRxChEstStatDescr_t *, ch_est::puschRxChEstDynDescr_t *)"
5315763730,5184,361892,137,2,1,24,2,1,44,0.001,0.001,,,,,NVIDIA A100-SXM4-40GB MIG 4g.20gb (0),1,,13,"void ch_est::chEstFilterNoDftSOfdmDispatchKernel<float, __half, float, (unsigned int)2>(ch_est::puschRxChEstStatDescr_t *, ch_est::puschRxChEstDynDescr_t *)"
5315775762,2976,361903,103,1,1,128,1,1,16,0.000,0.000,,,,,NVIDIA A100-SXM4-40GB MIG 4g.20gb (0),1,,13,cupy_copy__complex64_complex64
5315788050,12768,361913,1434,1,1,128,1,1,16,0.000,0.000,,,,,NVIDIA A100-SXM4-40GB MIG 4g.20gb (0),1,,13,cupy_copy__complex64_complex64
5315808690,2816,361920,103,1,1,128,1,1,16,0.000,0.000,,,,,NVIDIA A100-SXM4-40GB MIG 4g.20gb (0),1,,13,cupy_copy__complex64_complex64
5315822513,87455,361927,1,1,1,32,32,1,30,0.000,0.000,,,,,NVIDIA A100-SXM4-40GB MIG 4g.20gb (0),1,,13,"void convert_kernel<__half2, float2>(tensor_layout_any, T1 *, tensor_layout_any, const T2 *)"
5315937712,8640,361930,,,,,,,,,,0.094,10844.375,Pinned,Device,NVIDIA A100-SXM4-40GB MIG 4g.20gb (0),1,,13,[CUDA memcpy Host-to-Device]
5315951472,46591,361931,,,,,,,,,,35.810,768588.313,Device,,NVIDIA A100-SXM4-40GB MIG 4g.20gb (0),1,,13,[CUDA memset]
5316005391,3424,361933,,,,,,,,,,0.000,23.364,Pinned,Device,NVIDIA A100-SXM4-40GB MIG 4g.20gb (0),1,,13,[CUDA memcpy Host-to-Device]
5316013775,12960,361934,,,,,,,,,,0.197,15170.273,Pinned,Device,NVIDIA A100-SXM4-40GB MIG 4g.20gb (0),1,,13,[CUDA memcpy Host-to-Device]
5316034351,12864,361935,273,1,1,48,1,1,40,0.000,0.001,,,,,NVIDIA A100-SXM4-40GB MIG 4g.20gb (0),1,,13,"void pusch_noise_intf_est::noiseIntfEstNoDftSOfdmKernel<float, __half, float, float, (unsigned int)2, (unsigned int)1, (unsigned char)4, (unsigned char)4>(pusch_noise_intf_est::puschRxNoiseIntfEstDynDescr)"
5316049167,2944,361946,35,1,1,128,1,1,16,0.000,0.000,,,,,NVIDIA A100-SXM4-40GB MIG 4g.20gb (0),1,,13,cupy_copy__complex64_complex64
5316060334,1920,361955,1,1,1,1,1,1,18,0.000,0.000,,,,,NVIDIA A100-SXM4-40GB MIG 4g.20gb (0),1,,13,cupy_copy__float32_float32
5316089134,1600,361961,,,,,,,,,,0.000,2.500,Device,Pageable,NVIDIA A100-SXM4-40GB MIG 4g.20gb (0),1,,7,[CUDA memcpy Device-to-Host]
5316149485,13248,361972,1434,1,1,128,1,1,16,0.000,0.000,,,,,NVIDIA A100-SXM4-40GB MIG 4g.20gb (0),1,,13,cupy_copy__complex64_complex64
5316176461,2784,361979,103,1,1,128,1,1,16,0.000,0.000,,,,,NVIDIA A100-SXM4-40GB MIG 4g.20gb (0),1,,13,cupy_copy__complex64_complex64
5316198413,2176,361986,35,1,1,128,1,1,16,0.000,0.000,,,,,NVIDIA A100-SXM4-40GB MIG 4g.20gb (0),1,,13,cupy_copy__complex64_complex64
5316216749,1792,361993,1,1,1,1,1,1,18,0.000,0.000,,,,,NVIDIA A100-SXM4-40GB MIG 4g.20gb (0),1,,13,cupy_copy__float32_float32
5316352395,87423,362004,1,1,1,32,32,1,30,0.000,0.000,,,,,NVIDIA A100-SXM4-40GB MIG 4g.20gb (0),1,,13,"void convert_kernel<__half2, float2>(tensor_layout_any, T1 *, tensor_layout_any, const T2 *)"
5316467497,6016,362007,,,,,,,,,,0.094,15574.430,Pinned,Device,NVIDIA A100-SXM4-40GB MIG 4g.20gb (0),1,,13,[CUDA memcpy Host-to-Device]
5316481513,3168,362008,,,,,,,,,,1.547,488201.145,Device,,NVIDIA A100-SXM4-40GB MIG 4g.20gb (0),1,,13,[CUDA memset]
5316488137,3328,362013,,,,,,,,,,0.031,9403.822,Pinned,Device,NVIDIA A100-SXM4-40GB MIG 4g.20gb (0),1,,13,[CUDA memcpy Host-to-Device]
5316494185,9760,362014,,,,,,,,,,0.197,20144.259,Pinned,Device,NVIDIA A100-SXM4-40GB MIG 4g.20gb (0),1,,13,[CUDA memcpy Host-to-Device]
5316507657,6144,362015,273,1,1,8,4,1,39,0.002,0.000,,,,,NVIDIA A100-SXM4-40GB MIG 4g.20gb (0),1,,13,"void channel_eq::eqMmseCoefCompLowMimoKernel<float, float, float, (unsigned int)4, (unsigned int)1, (unsigned int)4>(const channel_eq::_puschRxChEqStatDescr *, channel_eq::_puschRxChEqCoefCompDynDescr)"
5316514729,6336,362016,273,1,1,12,11,1,51,0.002,0.000,,,,,NVIDIA A100-SXM4-40GB MIG 4g.20gb (0),1,,13,"void channel_eq::eqMmseSoftDemapKernel<float, __half, __half, float, (unsigned int)4, (unsigned short)16383>(channel_eq::_puschRxChEqStatDescr *, channel_eq::_puschRxChEqSoftDemapDynDescr)"
5316522121,282268,362017,1,1,1,32,32,1,30,0.000,0.000,,,,,NVIDIA A100-SXM4-40GB MIG 4g.20gb (0),1,,13,"void convert_kernel<float2, __half2>(tensor_layout_any, T1 *, tensor_layout_any, const T2 *)"
5316805925,11008,362029,2253,1,1,128,1,1,16,0.000,0.000,,,,,NVIDIA A100-SXM4-40GB MIG 4g.20gb (0),1,,13,cupy_copy__float16_float16
5316821573,2816,362038,282,1,1,128,1,1,16,0.000,0.000,,,,,NVIDIA A100-SXM4-40GB MIG 4g.20gb (0),1,,13,cupy_copy__complex64_complex64
5316827237,2112,362047,26,1,1,128,1,1,16,0.000,0.000,,,,,NVIDIA A100-SXM4-40GB MIG 4g.20gb (0),1,,13,cupy_copy__float32_float32
5316832325,4544,362056,103,1,1,128,1,1,16,0.000,0.000,,,,,NVIDIA A100-SXM4-40GB MIG 4g.20gb (0),1,,13,cupy_copy__complex64_complex64
5316839365,12480,362066,1434,1,1,128,1,1,16,0.000,0.000,,,,,NVIDIA A100-SXM4-40GB MIG 4g.20gb (0),1,,13,cupy_copy__complex64_complex64
5316856709,82399,362071,1,1,1,32,32,1,30,0.000,0.000,,,,,NVIDIA A100-SXM4-40GB MIG 4g.20gb (0),1,,13,"void convert_kernel<__half2, float2>(tensor_layout_any, T1 *, tensor_layout_any, const T2 *)"
5316965699,5664,362074,,,,,,,,,,0.094,16542.310,Pinned,Device,NVIDIA A100-SXM4-40GB MIG 4g.20gb (0),1,,13,[CUDA memcpy Host-to-Device]
5316976227,598489,362075,,,,,,,,,,456.561,762457.605,Device,,NVIDIA A100-SXM4-40GB MIG 4g.20gb (0),1,,13,[CUDA memset]
5317581628,137502,362080,,,,,,,,,,1.235,8980.513,Pinned,Device,NVIDIA A100-SXM4-40GB MIG 4g.20gb (0),1,,13,[CUDA memcpy Host-to-Device]
5317733434,39007,362081,,,,,,,,,,0.197,5040.243,Pinned,Device,NVIDIA A100-SXM4-40GB MIG 4g.20gb (0),1,,13,[CUDA memcpy Host-to-Device]
5317802585,8512,362082,69,4,1,48,1,1,76,0.002,0.000,,,,,NVIDIA A100-SXM4-40GB MIG 4g.20gb (0),1,,13,"void ch_est::windowedChEstPreNoDftSOfdmKernel<float, __half, float, (unsigned int)2, (unsigned int)1, (unsigned short)4>(ch_est::puschRxChEstStatDescr_t *, ch_est::puschRxChEstDynDescr_t *)"
5317819161,6848,362083,137,2,1,24,2,1,44,0.001,0.001,,,,,NVIDIA A100-SXM4-40GB MIG 4g.20gb (0),1,,13,"void ch_est::chEstFilterNoDftSOfdmDispatchKernel<float, __half, float, (unsigned int)2>(ch_est::puschRxChEstStatDescr_t *, ch_est::puschRxChEstDynDescr_t *)"
5317836089,4768,362084,137,2,1,24,2,1,44,0.001,0.001,,,,,NVIDIA A100-SXM4-40GB MIG 4g.20gb (0),1,,13,"void ch_est::chEstFilterNoDftSOfdmDispatchKernel<float, __half, float, (unsigned int)2>(ch_est::puschRxChEstStatDescr_t *, ch_est::puschRxChEstDynDescr_t *)"
5317851096,2528,362095,103,1,1,128,1,1,16,0.000,0.000,,,,,NVIDIA A100-SXM4-40GB MIG 4g.20gb (0),1,,13,cupy_copy__complex64_complex64
5317864696,12288,362105,1434,1,1,128,1,1,16,0.000,0.000,,,,,NVIDIA A100-SXM4-40GB MIG 4g.20gb (0),1,,13,cupy_copy__complex64_complex64
5317882392,2912,362112,103,1,1,128,1,1,16,0.000,0.000,,,,,NVIDIA A100-SXM4-40GB MIG 4g.20gb (0),1,,13,cupy_copy__complex64_complex64
5317897368,90527,362119,1,1,1,32,32,1,30,0.000,0.000,,,,,NVIDIA A100-SXM4-40GB MIG 4g.20gb (0),1,,13,"void convert_kernel<__half2, float2>(tensor_layout_any, T1 *, tensor_layout_any, const T2 *)"
5318022326,17376,362122,,,,,,,,,,0.094,5392.205,Pinned,Device,NVIDIA A100-SXM4-40GB MIG 4g.20gb (0),1,,13,[CUDA memcpy Host-to-Device]
5318052886,46335,362123,,,,,,,,,,35.810,772813.884,Device,,NVIDIA A100-SXM4-40GB MIG 4g.20gb (0),1,,13,[CUDA memset]
5318101173,10752,362125,,,,,,,,,,0.000,7.440,Pinned,Device,NVIDIA A100-SXM4-40GB MIG 4g.20gb (0),1,,13,[CUDA memcpy Host-to-Device]
5318119061,27744,362126,,,,,,,,,,0.197,7086.342,Pinned,Device,NVIDIA A100-SXM4-40GB MIG 4g.20gb (0),1,,13,[CUDA memcpy Host-to-Device]
5318167604,9952,362127,273,1,1,48,1,1,40,0.000,0.001,,,,,NVIDIA A100-SXM4-40GB MIG 4g.20gb (0),1,,13,"void pusch_noise_intf_est::noiseIntfEstNoDftSOfdmKernel<float, __half, float, float, (unsigned int)2, (unsigned int)1, (unsigned char)4, (unsigned char)4>(pusch_noise_intf_est::puschRxNoiseIntfEstDynDescr)"
5318180724,2624,362138,35,1,1,128,1,1,16,0.000,0.000,,,,,NVIDIA A100-SXM4-40GB MIG 4g.20gb (0),1,,13,cupy_copy__complex64_complex64
5318194356,1760,362147,1,1,1,1,1,1,18,0.000,0.000,,,,,NVIDIA A100-SXM4-40GB MIG 4g.20gb (0),1,,13,cupy_copy__float32_float32
5318202164,3936,362153,,,,,,,,,,0.000,1.016,Device,Pageable,NVIDIA A100-SXM4-40GB MIG 4g.20gb (0),1,,7,[CUDA memcpy Device-to-Host]
5318274067,13248,362164,1434,1,1,128,1,1,16,0.000,0.000,,,,,NVIDIA A100-SXM4-40GB MIG 4g.20gb (0),1,,13,cupy_copy__complex64_complex64
5318302003,3488,362171,103,1,1,128,1,1,16,0.000,0.000,,,,,NVIDIA A100-SXM4-40GB MIG 4g.20gb (0),1,,13,cupy_copy__complex64_complex64
5318327859,2495,362178,35,1,1,128,1,1,16,0.000,0.000,,,,,NVIDIA A100-SXM4-40GB MIG 4g.20gb (0),1,,13,cupy_copy__complex64_complex64
5318346482,1952,362185,1,1,1,1,1,1,18,0.000,0.000,,,,,NVIDIA A100-SXM4-40GB MIG 4g.20gb (0),1,,13,cupy_copy__float32_float32
5318476209,82335,362196,1,1,1,32,32,1,30,0.000,0.000,,,,,NVIDIA A100-SXM4-40GB MIG 4g.20gb (0),1,,13,"void convert_kernel<__half2, float2>(tensor_layout_any, T1 *, tensor_layout_any, const T2 *)"
5318586863,5792,362199,,,,,,,,,,0.094,16176.708,Pinned,Device,NVIDIA A100-SXM4-40GB MIG 4g.20gb (0),1,,13,[CUDA memcpy Host-to-Device]
5318600751,3360,362200,,,,,,,,,,1.547,460304.688,Device,,NVIDIA A100-SXM4-40GB MIG 4g.20gb (0),1,,13,[CUDA memset]
5318607823,3392,362205,,,,,,,,,,0.031,9226.405,Pinned,Device,NVIDIA A100-SXM4-40GB MIG 4g.20gb (0),1,,13,[CUDA memcpy Host-to-Device]
5318614127,9632,362206,,,,,,,,,,0.197,20411.843,Pinned,Device,NVIDIA A100-SXM4-40GB MIG 4g.20gb (0),1,,13,[CUDA memcpy Host-to-Device]
5318628335,6944,362207,273,1,1,8,4,1,39,0.002,0.000,,,,,NVIDIA A100-SXM4-40GB MIG 4g.20gb (0),1,,13,"void channel_eq::eqMmseCoefCompLowMimoKernel<float, float, float, (unsigned int)4, (unsigned int)1, (unsigned int)4>(const channel_eq::_puschRxChEqStatDescr *, channel_eq::_puschRxChEqCoefCompDynDescr)"
5318636239,6016,362208,273,1,1,12,11,1,51,0.002,0.000,,,,,NVIDIA A100-SXM4-40GB MIG 4g.20gb (0),1,,13,"void channel_eq::eqMmseSoftDemapKernel<float, __half, __half, float, (unsigned int)4, (unsigned short)16383>(channel_eq::_puschRxChEqStatDescr *, channel_eq::_puschRxChEqSoftDemapDynDescr)"
5318643279,294652,362209,1,1,1,32,32,1,30,0.000,0.000,,,,,NVIDIA A100-SXM4-40GB MIG 4g.20gb (0),1,,13,"void convert_kernel<float2, __half2>(tensor_layout_any, T1 *, tensor_layout_any, const T2 *)"
5318939243,10944,362221,2253,1,1,128,1,1,16,0.000,0.000,,,,,NVIDIA A100-SXM4-40GB MIG 4g.20gb (0),1,,13,cupy_copy__float16_float16
5318952395,3168,362230,282,1,1,128,1,1,16,0.000,0.000,,,,,NVIDIA A100-SXM4-40GB MIG 4g.20gb (0),1,,13,cupy_copy__complex64_complex64
5318958475,2592,362239,26,1,1,128,1,1,16,0.000,0.000,,,,,NVIDIA A100-SXM4-40GB MIG 4g.20gb (0),1,,13,cupy_copy__float32_float32
5318963339,3168,362248,103,1,1,128,1,1,16,0.000,0.000,,,,,NVIDIA A100-SXM4-40GB MIG 4g.20gb (0),1,,13,cupy_copy__complex64_complex64
5318969547,12255,362258,1434,1,1,128,1,1,16,0.000,0.000,,,,,NVIDIA A100-SXM4-40GB MIG 4g.20gb (0),1,,13,cupy_copy__complex64_complex64
5318983466,82751,362263,1,1,1,32,32,1,30,0.000,0.000,,,,,NVIDIA A100-SXM4-40GB MIG 4g.20gb (0),1,,13,"void convert_kernel<__half2, float2>(tensor_layout_any, T1 *, tensor_layout_any, const T2 *)"
5319093193,5344,362266,,,,,,,,,,0.094,17532.864,Pinned,Device,NVIDIA A100-SXM4-40GB MIG 4g.20gb (0),1,,13,[CUDA memcpy Host-to-Device]
5319104617,600345,362267,,,,,,,,,,456.561,760174.798,Device,,NVIDIA A100-SXM4-40GB MIG 4g.20gb (0),1,,13,[CUDA memset]
5319705762,107774,362272,,,,,,,,,,1.235,11457.810,Pinned,Device,NVIDIA A100-SXM4-40GB MIG 4g.20gb (0),1,,13,[CUDA memcpy Host-to-Device]
5319823584,23008,362273,,,,,,,,,,0.197,8545.174,Pinned,Device,NVIDIA A100-SXM4-40GB MIG 4g.20gb (0),1,,13,[CUDA memcpy Host-to-Device]
5319870336,7999,362274,69,4,1,48,1,1,76,0.002,0.000,,,,,NVIDIA A100-SXM4-40GB MIG 4g.20gb (0),1,,13,"void ch_est::windowedChEstPreNoDftSOfdmKernel<float, __half, float, (unsigned int)2, (unsigned int)1, (unsigned short)4>(ch_est::puschRxChEstStatDescr_t *, ch_est::puschRxChEstDynDescr_t *)"
5319881407,6560,362275,137,2,1,24,2,1,44,0.001,0.001,,,,,NVIDIA A100-SXM4-40GB MIG 4g.20gb (0),1,,13,"void ch_est::chEstFilterNoDftSOfdmDispatchKernel<float, __half, float, (unsigned int)2>(ch_est::puschRxChEstStatDescr_t *, ch_est::puschRxChEstDynDescr_t *)"
5319894847,4704,362276,137,2,1,24,2,1,44,0.001,0.001,,,,,NVIDIA A100-SXM4-40GB MIG 4g.20gb (0),1,,13,"void ch_est::chEstFilterNoDftSOfdmDispatchKernel<float, __half, float, (unsigned int)2>(ch_est::puschRxChEstStatDescr_t *, ch_est::puschRxChEstDynDescr_t *)"
5319909055,2464,362287,103,1,1,128,1,1,16,0.000,0.000,,,,,NVIDIA A100-SXM4-40GB MIG 4g.20gb (0),1,,13,cupy_copy__complex64_complex64
5319926111,12352,362297,1434,1,1,128,1,1,16,0.000,0.000,,,,,NVIDIA A100-SXM4-40GB MIG 4g.20gb (0),1,,13,cupy_copy__complex64_complex64
5319952543,2399,362304,103,1,1,128,1,1,16,0.000,0.000,,,,,NVIDIA A100-SXM4-40GB MIG 4g.20gb (0),1,,13,cupy_copy__complex64_complex64
5319967678,81759,362311,1,1,1,32,32,1,30,0.000,0.000,,,,,NVIDIA A100-SXM4-40GB MIG 4g.20gb (0),1,,13,"void convert_kernel<__half2, float2>(tensor_layout_any, T1 *, tensor_layout_any, const T2 *)"
5320079581,16896,362314,,,,,,,,,,0.094,5545.398,Pinned,Device,NVIDIA A100-SXM4-40GB MIG 4g.20gb (0),1,,13,[CUDA memcpy Host-to-Device]
5320103453,47455,362315,,,,,,,,,,35.810,754586.634,Device,,NVIDIA A100-SXM4-40GB MIG 4g.20gb (0),1,,13,[CUDA memset]
5320151900,2336,362317,,,,,,,,,,0.000,34.247,Pinned,Device,NVIDIA A100-SXM4-40GB MIG 4g.20gb (0),1,,13,[CUDA memcpy Host-to-Device]
5320161564,20064,362318,,,,,,,,,,0.197,9798.943,Pinned,Device,NVIDIA A100-SXM4-40GB MIG 4g.20gb (0),1,,13,[CUDA memcpy Host-to-Device]
5320194588,9727,362319,273,1,1,48,1,1,40,0.000,0.001,,,,,NVIDIA A100-SXM4-40GB MIG 4g.20gb (0),1,,13,"void pusch_noise_intf_est::noiseIntfEstNoDftSOfdmKernel<float, __half, float, float, (unsigned int)2, (unsigned int)1, (unsigned char)4, (unsigned char)4>(pusch_noise_intf_est::puschRxNoiseIntfEstDynDescr)"
5320208475,3328,362330,35,1,1,128,1,1,16,0.000,0.000,,,,,NVIDIA A100-SXM4-40GB MIG 4g.20gb (0),1,,13,cupy_copy__complex64_complex64
5320222203,2048,362339,1,1,1,1,1,1,18,0.000,0.000,,,,,NVIDIA A100-SXM4-40GB MIG 4g.20gb (0),1,,13,cupy_copy__float32_float32
5320230939,9344,362345,,,,,,,,,,0.000,0.428,Device,Pageable,NVIDIA A100-SXM4-40GB MIG 4g.20gb (0),1,,7,[CUDA memcpy Device-to-Host]
5320314618,13024,362356,1434,1,1,128,1,1,16,0.000,0.000,,,,,NVIDIA A100-SXM4-40GB MIG 4g.20gb (0),1,,13,cupy_copy__complex64_complex64
5320344314,3424,362363,103,1,1,128,1,1,16,0.000,0.000,,,,,NVIDIA A100-SXM4-40GB MIG 4g.20gb (0),1,,13,cupy_copy__complex64_complex64
5320370713,2560,362370,35,1,1,128,1,1,16,0.000,0.000,,,,,NVIDIA A100-SXM4-40GB MIG 4g.20gb (0),1,,13,cupy_copy__complex64_complex64
5320389625,1728,362377,1,1,1,1,1,1,18,0.000,0.000,,,,,NVIDIA A100-SXM4-40GB MIG 4g.20gb (0),1,,13,cupy_copy__float32_float32
5320523927,86623,362388,1,1,1,32,32,1,30,0.000,0.000,,,,,NVIDIA A100-SXM4-40GB MIG 4g.20gb (0),1,,13,"void convert_kernel<__half2, float2>(tensor_layout_any, T1 *, tensor_layout_any, const T2 *)"
5320643766,14240,362391,,,,,,,,,,0.094,6579.708,Pinned,Device,NVIDIA A100-SXM4-40GB MIG 4g.20gb (0),1,,13,[CUDA memcpy Host-to-Device]
5320668310,3488,362392,,,,,,,,,,1.547,443412.461,Device,,NVIDIA A100-SXM4-40GB MIG 4g.20gb (0),1,,13,[CUDA memset]
5320677846,4864,362397,,,,,,,,,,0.031,6434.207,Pinned,Device,NVIDIA A100-SXM4-40GB MIG 4g.20gb (0),1,,13,[CUDA memcpy Host-to-Device]
5320689141,15232,362398,,,,,,,,,,0.197,12907.512,Pinned,Device,NVIDIA A100-SXM4-40GB MIG 4g.20gb (0),1,,13,[CUDA memcpy Host-to-Device]
5320713493,6464,362399,273,1,1,8,4,1,39,0.002,0.000,,,,,NVIDIA A100-SXM4-40GB MIG 4g.20gb (0),1,,13,"void channel_eq::eqMmseCoefCompLowMimoKernel<float, float, float, (unsigned int)4, (unsigned int)1, (unsigned int)4>(const channel_eq::_puschRxChEqStatDescr *, channel_eq::_puschRxChEqCoefCompDynDescr)"
5320724917,6400,362400,273,1,1,12,11,1,51,0.002,0.000,,,,,NVIDIA A100-SXM4-40GB MIG 4g.20gb (0),1,,13,"void channel_eq::eqMmseSoftDemapKernel<float, __half, __half, float, (unsigned int)4, (unsigned short)16383>(channel_eq::_puschRxChEqStatDescr *, channel_eq::_puschRxChEqSoftDemapDynDescr)"
5320734869,282748,362401,1,1,1,32,32,1,30,0.000,0.000,,,,,NVIDIA A100-SXM4-40GB MIG 4g.20gb (0),1,,13,"void convert_kernel<float2, __half2>(tensor_layout_any, T1 *, tensor_layout_any, const T2 *)"
5321018609,10912,362413,2253,1,1,128,1,1,16,0.000,0.000,,,,,NVIDIA A100-SXM4-40GB MIG 4g.20gb (0),1,,13,cupy_copy__float16_float16
5321033521,3392,362422,282,1,1,128,1,1,16,0.000,0.000,,,,,NVIDIA A100-SXM4-40GB MIG 4g.20gb (0),1,,13,cupy_copy__complex64_complex64
5321040497,2336,362431,26,1,1,128,1,1,16,0.000,0.000,,,,,NVIDIA A100-SXM4-40GB MIG 4g.20gb (0),1,,13,cupy_copy__float32_float32
5321045681,4832,362440,103,1,1,128,1,1,16,0.000,0.000,,,,,NVIDIA A100-SXM4-40GB MIG 4g.20gb (0),1,,13,cupy_copy__complex64_complex64
5321054257,12480,362450,1434,1,1,128,1,1,16,0.000,0.000,,,,,NVIDIA A100-SXM4-40GB MIG 4g.20gb (0),1,,13,cupy_copy__complex64_complex64
5321072881,82399,362455,1,1,1,32,32,1,30,0.000,0.000,,,,,NVIDIA A100-SXM4-40GB MIG 4g.20gb (0),1,,13,"void convert_kernel<__half2, float2>(tensor_layout_any, T1 *, tensor_layout_any, const T2 *)"
5321182319,5920,362458,,,,,,,,,,0.094,15826.941,Pinned,Device,NVIDIA A100-SXM4-40GB MIG 4g.20gb (0),1,,13,[CUDA memcpy Host-to-Device]
5321191951,595833,362459,,,,,,,,,,456.561,766110.096,Device,,NVIDIA A100-SXM4-40GB MIG 4g.20gb (0),1,,13,[CUDA memset]
5321796360,156702,362464,,,,,,,,,,1.235,7880.178,Pinned,Device,NVIDIA A100-SXM4-40GB MIG 4g.20gb (0),1,,13,[CUDA memcpy Host-to-Device]
5321965542,38335,362465,,,,,,,,,,0.197,5128.520,Pinned,Device,NVIDIA A100-SXM4-40GB MIG 4g.20gb (0),1,,13,[CUDA memcpy Host-to-Device]
5322022949,8288,362466,69,4,1,48,1,1,76,0.002,0.000,,,,,NVIDIA A100-SXM4-40GB MIG 4g.20gb (0),1,,13,"void ch_est::windowedChEstPreNoDftSOfdmKernel<float, __half, float, (unsigned int)2, (unsigned int)1, (unsigned short)4>(ch_est::puschRxChEstStatDescr_t *, ch_est::puschRxChEstDynDescr_t *)"
5322042469,6912,362467,137,2,1,24,2,1,44,0.001,0.001,,,,,NVIDIA A100-SXM4-40GB MIG 4g.20gb (0),1,,13,"void ch_est::chEstFilterNoDftSOfdmDispatchKernel<float, __half, float, (unsigned int)2>(ch_est::puschRxChEstStatDescr_t *, ch_est::puschRxChEstDynDescr_t *)"
5322055397,4736,362468,137,2,1,24,2,1,44,0.001,0.001,,,,,NVIDIA A100-SXM4-40GB MIG 4g.20gb (0),1,,13,"void ch_est::chEstFilterNoDftSOfdmDispatchKernel<float, __half, float, (unsigned int)2>(ch_est::puschRxChEstStatDescr_t *, ch_est::puschRxChEstDynDescr_t *)"
5322070308,2752,362479,103,1,1,128,1,1,16,0.000,0.000,,,,,NVIDIA A100-SXM4-40GB MIG 4g.20gb (0),1,,13,cupy_copy__complex64_complex64
5322081156,12192,362489,1434,1,1,128,1,1,16,0.000,0.000,,,,,NVIDIA A100-SXM4-40GB MIG 4g.20gb (0),1,,13,cupy_copy__complex64_complex64
5322100356,2560,362496,103,1,1,128,1,1,16,0.000,0.000,,,,,NVIDIA A100-SXM4-40GB MIG 4g.20gb (0),1,,13,cupy_copy__complex64_complex64
5322117188,86335,362503,1,1,1,32,32,1,30,0.000,0.000,,,,,NVIDIA A100-SXM4-40GB MIG 4g.20gb (0),1,,13,"void convert_kernel<__half2, float2>(tensor_layout_any, T1 *, tensor_layout_any, const T2 *)"
5322231298,11008,362506,,,,,,,,,,0.094,8511.626,Pinned,Device,NVIDIA A100-SXM4-40GB MIG 4g.20gb (0),1,,13,[CUDA memcpy Host-to-Device]
5322251458,47488,362507,,,,,,,,,,35.810,754049.485,Device,,NVIDIA A100-SXM4-40GB MIG 4g.20gb (0),1,,13,[CUDA memset]
5322305986,3551,362509,,,,,,,,,,0.000,22.529,Pinned,Device,NVIDIA A100-SXM4-40GB MIG 4g.20gb (0),1,,13,[CUDA memcpy Host-to-Device]
5322313217,12704,362510,,,,,,,,,,0.197,15475.999,Pinned,Device,NVIDIA A100-SXM4-40GB MIG 4g.20gb (0),1,,13,[CUDA memcpy Host-to-Device]
5322332865,9824,362511,273,1,1,48,1,1,40,0.000,0.001,,,,,NVIDIA A100-SXM4-40GB MIG 4g.20gb (0),1,,13,"void pusch_noise_intf_est::noiseIntfEstNoDftSOfdmKernel<float, __half, float, float, (unsigned int)2, (unsigned int)1, (unsigned char)4, (unsigned char)4>(pusch_noise_intf_est::puschRxNoiseIntfEstDynDescr)"
5322348385,3328,362522,35,1,1,128,1,1,16,0.000,0.000,,,,,NVIDIA A100-SXM4-40GB MIG 4g.20gb (0),1,,13,cupy_copy__complex64_complex64
5322353249,1696,362531,1,1,1,1,1,1,18,0.000,0.000,,,,,NVIDIA A100-SXM4-40GB MIG 4g.20gb (0),1,,13,cupy_copy__float32_float32
5322383105,1568,362537,,,,,,,,,,0.000,2.551,Device,Pageable,NVIDIA A100-SXM4-40GB MIG 4g.20gb (0),1,,7,[CUDA memcpy Device-to-Host]
5322444320,12960,362548,1434,1,1,128,1,1,16,0.000,0.000,,,,,NVIDIA A100-SXM4-40GB MIG 4g.20gb (0),1,,13,cupy_copy__complex64_complex64
5322474591,3424,362555,103,1,1,128,1,1,16,0.000,0.000,,,,,NVIDIA A100-SXM4-40GB MIG 4g.20gb (0),1,,13,cupy_copy__complex64_complex64
5322496191,2400,362562,35,1,1,128,1,1,16,0.000,0.000,,,,,NVIDIA A100-SXM4-40GB MIG 4g.20gb (0),1,,13,cupy_copy__complex64_complex64
5322512863,1824,362569,1,1,1,1,1,1,18,0.000,0.000,,,,,NVIDIA A100-SXM4-40GB MIG 4g.20gb (0),1,,13,cupy_copy__float32_float32
5322642653,81919,362580,1,1,1,32,32,1,30,0.000,0.000,,,,,NVIDIA A100-SXM4-40GB MIG 4g.20gb (0),1,,13,"void convert_kernel<__half2, float2>(tensor_layout_any, T1 *, tensor_layout_any, const T2 *)"
5322752700,5952,362583,,,,,,,,,,0.094,15741.865,Pinned,Device,NVIDIA A100-SXM4-40GB MIG 4g.20gb (0),1,,13,[CUDA memcpy Host-to-Device]
5322768860,3424,362584,,,,,,,,,,1.547,451700.819,Device,,NVIDIA A100-SXM4-40GB MIG 4g.20gb (0),1,,13,[CUDA memset]
5322774140,3008,362589,,,,,,,,,,0.031,10404.230,Pinned,Device,NVIDIA A100-SXM4-40GB MIG 4g.20gb (0),1,,13,[CUDA memcpy Host-to-Device]
5322779548,9888,362590,,,,,,,,,,0.197,19883.360,Pinned,Device,NVIDIA A100-SXM4-40GB MIG 4g.20gb (0),1,,13,[CUDA memcpy Host-to-Device]
5322795419,6432,362591,273,1,1,8,4,1,39,0.002,0.000,,,,,NVIDIA A100-SXM4-40GB MIG 4g.20gb (0),1,,13,"void channel_eq::eqMmseCoefCompLowMimoKernel<float, float, float, (unsigned int)4, (unsigned int)1, (unsigned int)4>(const channel_eq::_puschRxChEqStatDescr *, channel_eq::_puschRxChEqCoefCompDynDescr)"
5322802939,6304,362592,273,1,1,12,11,1,51,0.002,0.000,,,,,NVIDIA A100-SXM4-40GB MIG 4g.20gb (0),1,,13,"void channel_eq::eqMmseSoftDemapKernel<float, __half, __half, float, (unsigned int)4, (unsigned short)16383>(channel_eq::_puschRxChEqStatDescr *, channel_eq::_puschRxChEqSoftDemapDynDescr)"
5322810267,282589,362593,1,1,1,32,32,1,30,0.000,0.000,,,,,NVIDIA A100-SXM4-40GB MIG 4g.20gb (0),1,,13,"void convert_kernel<float2, __half2>(tensor_layout_any, T1 *, tensor_layout_any, const T2 *)"
5323095672,10976,362605,2253,1,1,128,1,1,16,0.000,0.000,,,,,NVIDIA A100-SXM4-40GB MIG 4g.20gb (0),1,,13,cupy_copy__float16_float16
5323109880,3744,362614,282,1,1,128,1,1,16,0.000,0.000,,,,,NVIDIA A100-SXM4-40GB MIG 4g.20gb (0),1,,13,cupy_copy__complex64_complex64
5323114648,2080,362623,26,1,1,128,1,1,16,0.000,0.000,,,,,NVIDIA A100-SXM4-40GB MIG 4g.20gb (0),1,,13,cupy_copy__float32_float32
5323118711,4672,362632,103,1,1,128,1,1,16,0.000,0.000,,,,,NVIDIA A100-SXM4-40GB MIG 4g.20gb (0),1,,13,cupy_copy__complex64_complex64
5323127447,11968,362642,1434,1,1,128,1,1,16,0.000,0.000,,,,,NVIDIA A100-SXM4-40GB MIG 4g.20gb (0),1,,13,cupy_copy__complex64_complex64
5323149047,82559,362647,1,1,1,32,32,1,30,0.000,0.000,,,,,NVIDIA A100-SXM4-40GB MIG 4g.20gb (0),1,,13,"void convert_kernel<__half2, float2>(tensor_layout_any, T1 *, tensor_layout_any, const T2 *)"
5323259254,5600,362650,,,,,,,,,,0.094,16731.388,Pinned,Device,NVIDIA A100-SXM4-40GB MIG 4g.20gb (0),1,,13,[CUDA memcpy Host-to-Device]
5323270774,598232,362651,,,,,,,,,,456.561,762914.166,Device,,NVIDIA A100-SXM4-40GB MIG 4g.20gb (0),1,,13,[CUDA memset]
5323871694,142750,362656,,,,,,,,,,1.235,8650.783,Pinned,Device,NVIDIA A100-SXM4-40GB MIG 4g.20gb (0),1,,13,[CUDA memcpy Host-to-Device]
5324027404,41504,362657,,,,,,,,,,0.197,4737.073,Pinned,Device,NVIDIA A100-SXM4-40GB MIG 4g.20gb (0),1,,13,[CUDA memcpy Host-to-Device]
5324090572,8383,362658,69,4,1,48,1,1,76,0.002,0.000,,,,,NVIDIA A100-SXM4-40GB MIG 4g.20gb (0),1,,13,"void ch_est::windowedChEstPreNoDftSOfdmKernel<float, __half, float, (unsigned int)2, (unsigned int)1, (unsigned short)4>(ch_est::puschRxChEstStatDescr_t *, ch_est::puschRxChEstDynDescr_t *)"
5324109451,6784,362659,137,2,1,24,2,1,44,0.001,0.001,,,,,NVIDIA A100-SXM4-40GB MIG 4g.20gb (0),1,,13,"void ch_est::chEstFilterNoDftSOfdmDispatchKernel<float, __half, float, (unsigned int)2>(ch_est::puschRxChEstStatDescr_t *, ch_est::puschRxChEstDynDescr_t *)"
5324127051,4800,362660,137,2,1,24,2,1,44,0.001,0.001,,,,,NVIDIA A100-SXM4-40GB MIG 4g.20gb (0),1,,13,"void ch_est::chEstFilterNoDftSOfdmDispatchKernel<float, __half, float, (unsigned int)2>(ch_est::puschRxChEstStatDescr_t *, ch_est::puschRxChEstDynDescr_t *)"
5324143819,2688,362671,103,1,1,128,1,1,16,0.000,0.000,,,,,NVIDIA A100-SXM4-40GB MIG 4g.20gb (0),1,,13,cupy_copy__complex64_complex64
5324159819,12480,362681,1434,1,1,128,1,1,16,0.000,0.000,,,,,NVIDIA A100-SXM4-40GB MIG 4g.20gb (0),1,,13,cupy_copy__complex64_complex64
5324190026,2496,362688,103,1,1,128,1,1,16,0.000,0.000,,,,,NVIDIA A100-SXM4-40GB MIG 4g.20gb (0),1,,13,cupy_copy__complex64_complex64
5324211850,92095,362695,1,1,1,32,32,1,30,0.000,0.000,,,,,NVIDIA A100-SXM4-40GB MIG 4g.20gb (0),1,,13,"void convert_kernel<__half2, float2>(tensor_layout_any, T1 *, tensor_layout_any, const T2 *)"
5324339432,21472,362698,,,,,,,,,,0.094,4363.610,Pinned,Device,NVIDIA A100-SXM4-40GB MIG 4g.20gb (0),1,,13,[CUDA memcpy Host-to-Device]
5324375496,47135,362699,,,,,,,,,,35.810,759707.453,Device,,NVIDIA A100-SXM4-40GB MIG 4g.20gb (0),1,,13,[CUDA memset]
5324426983,9248,362701,,,,,,,,,,0.000,8.650,Pinned,Device,NVIDIA A100-SXM4-40GB MIG 4g.20gb (0),1,,13,[CUDA memcpy Host-to-Device]
5324443591,26432,362702,,,,,,,,,,0.197,7438.074,Pinned,Device,NVIDIA A100-SXM4-40GB MIG 4g.20gb (0),1,,13,[CUDA memcpy Host-to-Device]
5324488199,9727,362703,273,1,1,48,1,1,40,0.000,0.001,,,,,NVIDIA A100-SXM4-40GB MIG 4g.20gb (0),1,,13,"void pusch_noise_intf_est::noiseIntfEstNoDftSOfdmKernel<float, __half, float, float, (unsigned int)2, (unsigned int)1, (unsigned char)4, (unsigned char)4>(pusch_noise_intf_est::puschRxNoiseIntfEstDynDescr)"
5324510278,2816,362714,35,1,1,128,1,1,16,0.000,0.000,,,,,NVIDIA A100-SXM4-40GB MIG 4g.20gb (0),1,,13,cupy_copy__complex64_complex64
5324525094,1824,362723,1,1,1,1,1,1,18,0.000,0.000,,,,,NVIDIA A100-SXM4-40GB MIG 4g.20gb (0),1,,13,cupy_copy__float32_float32
5324529062,4768,362729,,,,,,,,,,0.000,0.839,Device,Pageable,NVIDIA A100-SXM4-40GB MIG 4g.20gb (0),1,,7,[CUDA memcpy Device-to-Host]
5324606565,12800,362740,1434,1,1,128,1,1,16,0.000,0.000,,,,,NVIDIA A100-SXM4-40GB MIG 4g.20gb (0),1,,13,cupy_copy__complex64_complex64
5324632933,3712,362747,103,1,1,128,1,1,16,0.000,0.000,,,,,NVIDIA A100-SXM4-40GB MIG 4g.20gb (0),1,,13,cupy_copy__complex64_complex64
5324654117,2688,362754,35,1,1,128,1,1,16,0.000,0.000,,,,,NVIDIA A100-SXM4-40GB MIG 4g.20gb (0),1,,13,cupy_copy__complex64_complex64
5324671652,1792,362761,1,1,1,1,1,1,18,0.000,0.000,,,,,NVIDIA A100-SXM4-40GB MIG 4g.20gb (0),1,,13,cupy_copy__float32_float32
5324800451,82559,362772,1,1,1,32,32,1,30,0.000,0.000,,,,,NVIDIA A100-SXM4-40GB MIG 4g.20gb (0),1,,13,"void convert_kernel<__half2, float2>(tensor_layout_any, T1 *, tensor_layout_any, const T2 *)"
5324910113,5984,362775,,,,,,,,,,0.094,15657.726,Pinned,Device,NVIDIA A100-SXM4-40GB MIG 4g.20gb (0),1,,13,[CUDA memcpy Host-to-Device]
5324926561,3520,362776,,,,,,,,,,1.547,439380.412,Device,,NVIDIA A100-SXM4-40GB MIG 4g.20gb (0),1,,13,[CUDA memset]
5324931617,3200,362781,,,,,,,,,,0.031,9780.000,Pinned,Device,NVIDIA A100-SXM4-40GB MIG 4g.20gb (0),1,,13,[CUDA memcpy Host-to-Device]
5324937217,9760,362782,,,,,,,,,,0.197,20144.259,Pinned,Device,NVIDIA A100-SXM4-40GB MIG 4g.20gb (0),1,,13,[CUDA memcpy Host-to-Device]
5324951681,6560,362783,273,1,1,8,4,1,39,0.002,0.000,,,,,NVIDIA A100-SXM4-40GB MIG 4g.20gb (0),1,,13,"void channel_eq::eqMmseCoefCompLowMimoKernel<float, float, float, (unsigned int)4, (unsigned int)1, (unsigned int)4>(const channel_eq::_puschRxChEqStatDescr *, channel_eq::_puschRxChEqCoefCompDynDescr)"
5324959297,6144,362784,273,1,1,12,11,1,51,0.002,0.000,,,,,NVIDIA A100-SXM4-40GB MIG 4g.20gb (0),1,,13,"void channel_eq::eqMmseSoftDemapKernel<float, __half, __half, float, (unsigned int)4, (unsigned short)16383>(channel_eq::_puschRxChEqStatDescr *, channel_eq::_puschRxChEqSoftDemapDynDescr)"
5324966401,282620,362785,1,1,1,32,32,1,30,0.000,0.000,,,,,NVIDIA A100-SXM4-40GB MIG 4g.20gb (0),1,,13,"void convert_kernel<float2, __half2>(tensor_layout_any, T1 *, tensor_layout_any, const T2 *)"
5325251741,11072,362797,2253,1,1,128,1,1,16,0.000,0.000,,,,,NVIDIA A100-SXM4-40GB MIG 4g.20gb (0),1,,13,cupy_copy__float16_float16
5325267165,2848,362806,282,1,1,128,1,1,16,0.000,0.000,,,,,NVIDIA A100-SXM4-40GB MIG 4g.20gb (0),1,,13,cupy_copy__complex64_complex64
5325272861,2048,362815,26,1,1,128,1,1,16,0.000,0.000,,,,,NVIDIA A100-SXM4-40GB MIG 4g.20gb (0),1,,13,cupy_copy__float32_float32
5325277373,4608,362824,103,1,1,128,1,1,16,0.000,0.000,,,,,NVIDIA A100-SXM4-40GB MIG 4g.20gb (0),1,,13,cupy_copy__complex64_complex64
5325284381,12352,362834,1434,1,1,128,1,1,16,0.000,0.000,,,,,NVIDIA A100-SXM4-40GB MIG 4g.20gb (0),1,,13,cupy_copy__complex64_complex64
5325301213,82655,362839,1,1,1,32,32,1,30,0.000,0.000,,,,,NVIDIA A100-SXM4-40GB MIG 4g.20gb (0),1,,13,"void convert_kernel<__half2, float2>(tensor_layout_any, T1 *, tensor_layout_any, const T2 *)"
5325411867,5856,362842,,,,,,,,,,0.094,15999.997,Pinned,Device,NVIDIA A100-SXM4-40GB MIG 4g.20gb (0),1,,13,[CUDA memcpy Host-to-Device]
5325423803,597721,362843,,,,,,,,,,456.561,763827.289,Device,,NVIDIA A100-SXM4-40GB MIG 4g.20gb (0),1,,13,[CUDA memset]
5326025108,66655,362848,,,,,,,,,,1.235,18526.630,Pinned,Device,NVIDIA A100-SXM4-40GB MIG 4g.20gb (0),1,,13,[CUDA memcpy Host-to-Device]
5326098675,19712,362849,,,,,,,,,,0.197,9973.924,Pinned,Device,NVIDIA A100-SXM4-40GB MIG 4g.20gb (0),1,,13,[CUDA memcpy Host-to-Device]
5326133394,8672,362850,69,4,1,48,1,1,76,0.002,0.000,,,,,NVIDIA A100-SXM4-40GB MIG 4g.20gb (0),1,,13,"void ch_est::windowedChEstPreNoDftSOfdmKernel<float, __half, float, (unsigned int)2, (unsigned int)1, (unsigned short)4>(ch_est::puschRxChEstStatDescr_t *, ch_est::puschRxChEstDynDescr_t *)"
5326153458,6784,362851,137,2,1,24,2,1,44,0.001,0.001,,,,,NVIDIA A100-SXM4-40GB MIG 4g.20gb (0),1,,13,"void ch_est::chEstFilterNoDftSOfdmDispatchKernel<float, __half, float, (unsigned int)2>(ch_est::puschRxChEstStatDescr_t *, ch_est::puschRxChEstDynDescr_t *)"
5326165970,4768,362852,137,2,1,24,2,1,44,0.001,0.001,,,,,NVIDIA A100-SXM4-40GB MIG 4g.20gb (0),1,,13,"void ch_est::chEstFilterNoDftSOfdmDispatchKernel<float, __half, float, (unsigned int)2>(ch_est::puschRxChEstStatDescr_t *, ch_est::puschRxChEstDynDescr_t *)"
5326179666,2816,362863,103,1,1,128,1,1,16,0.000,0.000,,,,,NVIDIA A100-SXM4-40GB MIG 4g.20gb (0),1,,13,cupy_copy__complex64_complex64
5326191602,12575,362873,1434,1,1,128,1,1,16,0.000,0.000,,,,,NVIDIA A100-SXM4-40GB MIG 4g.20gb (0),1,,13,cupy_copy__complex64_complex64
5326207985,2528,362880,103,1,1,128,1,1,16,0.000,0.000,,,,,NVIDIA A100-SXM4-40GB MIG 4g.20gb (0),1,,13,cupy_copy__complex64_complex64
5326215761,92479,362887,1,1,1,32,32,1,30,0.000,0.000,,,,,NVIDIA A100-SXM4-40GB MIG 4g.20gb (0),1,,13,"void convert_kernel<__half2, float2>(tensor_layout_any, T1 *, tensor_layout_any, const T2 *)"
5326338736,15680,362890,,,,,,,,,,0.094,5975.462,Pinned,Device,NVIDIA A100-SXM4-40GB MIG 4g.20gb (0),1,,13,[CUDA memcpy Host-to-Device]
5326376143,46752,362891,,,,,,,,,,35.810,765938.379,Device,,NVIDIA A100-SXM4-40GB MIG 4g.20gb (0),1,,13,[CUDA memset]
5326429583,12640,362893,,,,,,,,,,0.000,6.329,Pinned,Device,NVIDIA A100-SXM4-40GB MIG 4g.20gb (0),1,,13,[CUDA memcpy Host-to-Device]
5326449326,26464,362894,,,,,,,,,,0.197,7429.226,Pinned,Device,NVIDIA A100-SXM4-40GB MIG 4g.20gb (0),1,,13,[CUDA memcpy Host-to-Device]
5326503854,9920,362895,273,1,1,48,1,1,40,0.000,0.001,,,,,NVIDIA A100-SXM4-40GB MIG 4g.20gb (0),1,,13,"void pusch_noise_intf_est::noiseIntfEstNoDftSOfdmKernel<float, __half, float, float, (unsigned int)2, (unsigned int)1, (unsigned char)4, (unsigned char)4>(pusch_noise_intf_est::puschRxNoiseIntfEstDynDescr)"
5326520910,2560,362906,35,1,1,128,1,1,16,0.000,0.000,,,,,NVIDIA A100-SXM4-40GB MIG 4g.20gb (0),1,,13,cupy_copy__complex64_complex64
5326537517,1760,362915,1,1,1,1,1,1,18,0.000,0.000,,,,,NVIDIA A100-SXM4-40GB MIG 4g.20gb (0),1,,13,cupy_copy__float32_float32
5326544269,6688,362921,,,,,,,,,,0.000,0.598,Device,Pageable,NVIDIA A100-SXM4-40GB MIG 4g.20gb (0),1,,7,[CUDA memcpy Device-to-Host]
5326646924,12768,362932,1434,1,1,128,1,1,16,0.000,0.000,,,,,NVIDIA A100-SXM4-40GB MIG 4g.20gb (0),1,,13,cupy_copy__complex64_complex64
5326671724,2944,362939,103,1,1,128,1,1,16,0.000,0.000,,,,,NVIDIA A100-SXM4-40GB MIG 4g.20gb (0),1,,13,cupy_copy__complex64_complex64
5326688140,2175,362946,35,1,1,128,1,1,16,0.000,0.000,,,,,NVIDIA A100-SXM4-40GB MIG 4g.20gb (0),1,,13,cupy_copy__complex64_complex64
5326691787,1760,362953,1,1,1,1,1,1,18,0.000,0.000,,,,,NVIDIA A100-SXM4-40GB MIG 4g.20gb (0),1,,13,cupy_copy__float32_float32
5326825386,81823,362964,1,1,1,32,32,1,30,0.000,0.000,,,,,NVIDIA A100-SXM4-40GB MIG 4g.20gb (0),1,,13,"void convert_kernel<__half2, float2>(tensor_layout_any, T1 *, tensor_layout_any, const T2 *)"
5326941704,13632,362967,,,,,,,,,,0.094,6873.164,Pinned,Device,NVIDIA A100-SXM4-40GB MIG 4g.20gb (0),1,,13,[CUDA memcpy Host-to-Device]
5326962184,3552,362968,,,,,,,,,,1.547,435422.601,Device,,NVIDIA A100-SXM4-40GB MIG 4g.20gb (0),1,,13,[CUDA memset]
5326968200,3072,362973,,,,,,,,,,0.031,10187.474,Pinned,Device,NVIDIA A100-SXM4-40GB MIG 4g.20gb (0),1,,13,[CUDA memcpy Host-to-Device]
5326977704,10016,362974,,,,,,,,,,0.197,19629.343,Pinned,Device,NVIDIA A100-SXM4-40GB MIG 4g.20gb (0),1,,13,[CUDA memcpy Host-to-Device]
5326996008,8544,362975,273,1,1,8,4,1,39,0.002,0.000,,,,,NVIDIA A100-SXM4-40GB MIG 4g.20gb (0),1,,13,"void channel_eq::eqMmseCoefCompLowMimoKernel<float, float, float, (unsigned int)4, (unsigned int)1, (unsigned int)4>(const channel_eq::_puschRxChEqStatDescr *, channel_eq::_puschRxChEqCoefCompDynDescr)"
5327012360,5375,362976,273,1,1,12,11,1,51,0.002,0.000,,,,,NVIDIA A100-SXM4-40GB MIG 4g.20gb (0),1,,13,"void channel_eq::eqMmseSoftDemapKernel<float, __half, __half, float, (unsigned int)4, (unsigned short)16383>(channel_eq::_puschRxChEqStatDescr *, channel_eq::_puschRxChEqSoftDemapDynDescr)"
5327019175,294845,362977,1,1,1,32,32,1,30,0.000,0.000,,,,,NVIDIA A100-SXM4-40GB MIG 4g.20gb (0),1,,13,"void convert_kernel<float2, __half2>(tensor_layout_any, T1 *, tensor_layout_any, const T2 *)"
5327315716,10816,362989,2253,1,1,128,1,1,16,0.000,0.000,,,,,NVIDIA A100-SXM4-40GB MIG 4g.20gb (0),1,,13,cupy_copy__float16_float16
5327330372,3808,362998,282,1,1,128,1,1,16,0.000,0.000,,,,,NVIDIA A100-SXM4-40GB MIG 4g.20gb (0),1,,13,cupy_copy__complex64_complex64
5327336868,2367,363007,26,1,1,128,1,1,16,0.000,0.000,,,,,NVIDIA A100-SXM4-40GB MIG 4g.20gb (0),1,,13,cupy_copy__float32_float32
5327340803,2880,363016,103,1,1,128,1,1,16,0.000,0.000,,,,,NVIDIA A100-SXM4-40GB MIG 4g.20gb (0),1,,13,cupy_copy__complex64_complex64
5327344899,12672,363026,1434,1,1,128,1,1,16,0.000,0.000,,,,,NVIDIA A100-SXM4-40GB MIG 4g.20gb (0),1,,13,cupy_copy__complex64_complex64
5327359459,87871,363031,1,1,1,32,32,1,30,0.000,0.000,,,,,NVIDIA A100-SXM4-40GB MIG 4g.20gb (0),1,,13,"void convert_kernel<__half2, float2>(tensor_layout_any, T1 *, tensor_layout_any, const T2 *)"
5327474338,5792,363034,,,,,,,,,,0.094,16176.708,Pinned,Device,NVIDIA A100-SXM4-40GB MIG 4g.20gb (0),1,,13,[CUDA memcpy Host-to-Device]
5327484802,598200,363035,,,,,,,,,,456.561,762914.166,Device,,NVIDIA A100-SXM4-40GB MIG 4g.20gb (0),1,,13,[CUDA memset]
5328096890,121567,363040,,,,,,,,,,1.235,10157.414,Pinned,Device,NVIDIA A100-SXM4-40GB MIG 4g.20gb (0),1,,13,[CUDA memcpy Host-to-Device]
5328227385,26143,363041,,,,,,,,,,0.197,7520.453,Pinned,Device,NVIDIA A100-SXM4-40GB MIG 4g.20gb (0),1,,13,[CUDA memcpy Host-to-Device]
5328266936,9344,363042,69,4,1,48,1,1,76,0.002,0.000,,,,,NVIDIA A100-SXM4-40GB MIG 4g.20gb (0),1,,13,"void ch_est::windowedChEstPreNoDftSOfdmKernel<float, __half, float, (unsigned int)2, (unsigned int)1, (unsigned short)4>(ch_est::puschRxChEstStatDescr_t *, ch_est::puschRxChEstDynDescr_t *)"
5328282072,6656,363043,137,2,1,24,2,1,44,0.001,0.001,,,,,NVIDIA A100-SXM4-40GB MIG 4g.20gb (0),1,,13,"void ch_est::chEstFilterNoDftSOfdmDispatchKernel<float, __half, float, (unsigned int)2>(ch_est::puschRxChEstStatDescr_t *, ch_est::puschRxChEstDynDescr_t *)"
5328290200,4992,363044,137,2,1,24,2,1,44,0.001,0.001,,,,,NVIDIA A100-SXM4-40GB MIG 4g.20gb (0),1,,13,"void ch_est::chEstFilterNoDftSOfdmDispatchKernel<float, __half, float, (unsigned int)2>(ch_est::puschRxChEstStatDescr_t *, ch_est::puschRxChEstDynDescr_t *)"
5328301368,2560,363055,103,1,1,128,1,1,16,0.000,0.000,,,,,NVIDIA A100-SXM4-40GB MIG 4g.20gb (0),1,,13,cupy_copy__complex64_complex64
5328314167,12512,363065,1434,1,1,128,1,1,16,0.000,0.000,,,,,NVIDIA A100-SXM4-40GB MIG 4g.20gb (0),1,,13,cupy_copy__complex64_complex64
5328329431,2880,363072,103,1,1,128,1,1,16,0.000,0.000,,,,,NVIDIA A100-SXM4-40GB MIG 4g.20gb (0),1,,13,cupy_copy__complex64_complex64
5328344471,85503,363079,1,1,1,32,32,1,30,0.000,0.000,,,,,NVIDIA A100-SXM4-40GB MIG 4g.20gb (0),1,,13,"void convert_kernel<__half2, float2>(tensor_layout_any, T1 *, tensor_layout_any, const T2 *)"
5328460118,9120,363082,,,,,,,,,,0.094,10273.673,Pinned,Device,NVIDIA A100-SXM4-40GB MIG 4g.20gb (0),1,,13,[CUDA memcpy Host-to-Device]
5328475861,46880,363083,,,,,,,,,,35.810,763861.404,Device,,NVIDIA A100-SXM4-40GB MIG 4g.20gb (0),1,,13,[CUDA memset]
5328525141,3552,363085,,,,,,,,,,0.000,22.522,Pinned,Device,NVIDIA A100-SXM4-40GB MIG 4g.20gb (0),1,,13,[CUDA memcpy Host-to-Device]
5328533653,12288,363086,,,,,,,,,,0.197,15999.959,Pinned,Device,NVIDIA A100-SXM4-40GB MIG 4g.20gb (0),1,,13,[CUDA memcpy Host-to-Device]
5328554069,9407,363087,273,1,1,48,1,1,40,0.000,0.001,,,,,NVIDIA A100-SXM4-40GB MIG 4g.20gb (0),1,,13,"void pusch_noise_intf_est::noiseIntfEstNoDftSOfdmKernel<float, __half, float, float, (unsigned int)2, (unsigned int)1, (unsigned char)4, (unsigned char)4>(pusch_noise_intf_est::puschRxNoiseIntfEstDynDescr)"
5328570708,2976,363098,35,1,1,128,1,1,16,0.000,0.000,,,,,NVIDIA A100-SXM4-40GB MIG 4g.20gb (0),1,,13,cupy_copy__complex64_complex64
5328584788,1920,363107,1,1,1,1,1,1,18,0.000,0.000,,,,,NVIDIA A100-SXM4-40GB MIG 4g.20gb (0),1,,13,cupy_copy__float32_float32
5328614772,1600,363113,,,,,,,,,,0.000,2.500,Device,Pageable,NVIDIA A100-SXM4-40GB MIG 4g.20gb (0),1,,7,[CUDA memcpy Device-to-Host]
5328675187,12864,363124,1434,1,1,128,1,1,16,0.000,0.000,,,,,NVIDIA A100-SXM4-40GB MIG 4g.20gb (0),1,,13,cupy_copy__complex64_complex64
5328700691,2816,363131,103,1,1,128,1,1,16,0.000,0.000,,,,,NVIDIA A100-SXM4-40GB MIG 4g.20gb (0),1,,13,cupy_copy__complex64_complex64
5328722322,2560,363138,35,1,1,128,1,1,16,0.000,0.000,,,,,NVIDIA A100-SXM4-40GB MIG 4g.20gb (0),1,,13,cupy_copy__complex64_complex64
5328741234,1856,363145,1,1,1,1,1,1,18,0.000,0.000,,,,,NVIDIA A100-SXM4-40GB MIG 4g.20gb (0),1,,13,cupy_copy__float32_float32
5328872177,82431,363156,1,1,1,32,32,1,30,0.000,0.000,,,,,NVIDIA A100-SXM4-40GB MIG 4g.20gb (0),1,,13,"void convert_kernel<__half2, float2>(tensor_layout_any, T1 *, tensor_layout_any, const T2 *)"
5328981455,5728,363159,,,,,,,,,,0.094,16357.541,Pinned,Device,NVIDIA A100-SXM4-40GB MIG 4g.20gb (0),1,,13,[CUDA memcpy Host-to-Device]
5328995279,3520,363160,,,,,,,,,,1.547,439380.412,Device,,NVIDIA A100-SXM4-40GB MIG 4g.20gb (0),1,,13,[CUDA memset]
5329002511,3296,363165,,,,,,,,,,0.031,9495.144,Pinned,Device,NVIDIA A100-SXM4-40GB MIG 4g.20gb (0),1,,13,[CUDA memcpy Host-to-Device]
5329008399,9696,363166,,,,,,,,,,0.197,20277.166,Pinned,Device,NVIDIA A100-SXM4-40GB MIG 4g.20gb (0),1,,13,[CUDA memcpy Host-to-Device]
5329024175,5952,363167,273,1,1,8,4,1,39,0.002,0.000,,,,,NVIDIA A100-SXM4-40GB MIG 4g.20gb (0),1,,13,"void channel_eq::eqMmseCoefCompLowMimoKernel<float, float, float, (unsigned int)4, (unsigned int)1, (unsigned int)4>(const channel_eq::_puschRxChEqStatDescr *, channel_eq::_puschRxChEqCoefCompDynDescr)"
5329033103,5632,363168,273,1,1,12,11,1,51,0.002,0.000,,,,,NVIDIA A100-SXM4-40GB MIG 4g.20gb (0),1,,13,"void channel_eq::eqMmseSoftDemapKernel<float, __half, __half, float, (unsigned int)4, (unsigned short)16383>(channel_eq::_puschRxChEqStatDescr *, channel_eq::_puschRxChEqSoftDemapDynDescr)"
5329040559,279516,363169,1,1,1,32,32,1,30,0.000,0.000,,,,,NVIDIA A100-SXM4-40GB MIG 4g.20gb (0),1,,13,"void convert_kernel<float2, __half2>(tensor_layout_any, T1 *, tensor_layout_any, const T2 *)"
5329321771,11072,363181,2253,1,1,128,1,1,16,0.000,0.000,,,,,NVIDIA A100-SXM4-40GB MIG 4g.20gb (0),1,,13,cupy_copy__float16_float16
5329335019,3648,363190,282,1,1,128,1,1,16,0.000,0.000,,,,,NVIDIA A100-SXM4-40GB MIG 4g.20gb (0),1,,13,cupy_copy__complex64_complex64
5329340651,2272,363199,26,1,1,128,1,1,16,0.000,0.000,,,,,NVIDIA A100-SXM4-40GB MIG 4g.20gb (0),1,,13,cupy_copy__float32_float32
5329344491,4800,363208,103,1,1,128,1,1,16,0.000,0.000,,,,,NVIDIA A100-SXM4-40GB MIG 4g.20gb (0),1,,13,cupy_copy__complex64_complex64
5329350315,12000,363218,1434,1,1,128,1,1,16,0.000,0.000,,,,,NVIDIA A100-SXM4-40GB MIG 4g.20gb (0),1,,13,cupy_copy__complex64_complex64
5329373514,87327,363223,1,1,1,32,32,1,30,0.000,0.000,,,,,NVIDIA A100-SXM4-40GB MIG 4g.20gb (0),1,,13,"void convert_kernel<__half2, float2>(tensor_layout_any, T1 *, tensor_layout_any, const T2 *)"
5329487753,5632,363226,,,,,,,,,,0.094,16636.287,Pinned,Device,NVIDIA A100-SXM4-40GB MIG 4g.20gb (0),1,,13,[CUDA memcpy Host-to-Device]
5329497353,598105,363227,,,,,,,,,,456.561,762914.166,Device,,NVIDIA A100-SXM4-40GB MIG 4g.20gb (0),1,,13,[CUDA memset]
5330102209,144543,363232,,,,,,,,,,1.235,8543.343,Pinned,Device,NVIDIA A100-SXM4-40GB MIG 4g.20gb (0),1,,13,[CUDA memcpy Host-to-Device]
5330260000,41887,363233,,,,,,,,,,0.197,4693.623,Pinned,Device,NVIDIA A100-SXM4-40GB MIG 4g.20gb (0),1,,13,[CUDA memcpy Host-to-Device]
5330323903,7968,363234,69,4,1,48,1,1,76,0.002,0.000,,,,,NVIDIA A100-SXM4-40GB MIG 4g.20gb (0),1,,13,"void ch_est::windowedChEstPreNoDftSOfdmKernel<float, __half, float, (unsigned int)2, (unsigned int)1, (unsigned short)4>(ch_est::puschRxChEstStatDescr_t *, ch_est::puschRxChEstDynDescr_t *)"
5330343166,7008,363235,137,2,1,24,2,1,44,0.001,0.001,,,,,NVIDIA A100-SXM4-40GB MIG 4g.20gb (0),1,,13,"void ch_est::chEstFilterNoDftSOfdmDispatchKernel<float, __half, float, (unsigned int)2>(ch_est::puschRxChEstStatDescr_t *, ch_est::puschRxChEstDynDescr_t *)"
5330360062,4800,363236,137,2,1,24,2,1,44,0.001,0.001,,,,,NVIDIA A100-SXM4-40GB MIG 4g.20gb (0),1,,13,"void ch_est::chEstFilterNoDftSOfdmDispatchKernel<float, __half, float, (unsigned int)2>(ch_est::puschRxChEstStatDescr_t *, ch_est::puschRxChEstDynDescr_t *)"
5330376894,2624,363247,103,1,1,128,1,1,16,0.000,0.000,,,,,NVIDIA A100-SXM4-40GB MIG 4g.20gb (0),1,,13,cupy_copy__complex64_complex64
5330391518,12384,363257,1434,1,1,128,1,1,16,0.000,0.000,,,,,NVIDIA A100-SXM4-40GB MIG 4g.20gb (0),1,,13,cupy_copy__complex64_complex64
5330409598,2848,363264,103,1,1,128,1,1,16,0.000,0.000,,,,,NVIDIA A100-SXM4-40GB MIG 4g.20gb (0),1,,13,cupy_copy__complex64_complex64
5330430621,87711,363271,1,1,1,32,32,1,30,0.000,0.000,,,,,NVIDIA A100-SXM4-40GB MIG 4g.20gb (0),1,,13,"void convert_kernel<__half2, float2>(tensor_layout_any, T1 *, tensor_layout_any, const T2 *)"
5330550844,16864,363274,,,,,,,,,,0.094,5555.892,Pinned,Device,NVIDIA A100-SXM4-40GB MIG 4g.20gb (0),1,,13,[CUDA memcpy Host-to-Device]
5330575004,47199,363275,,,,,,,,,,35.810,758668.965,Device,,NVIDIA A100-SXM4-40GB MIG 4g.20gb (0),1,,13,[CUDA memset]
5330627227,7072,363277,,,,,,,,,,0.000,11.312,Pinned,Device,NVIDIA A100-SXM4-40GB MIG 4g.20gb (0),1,,13,[CUDA memcpy Host-to-Device]
5330639003,18208,363278,,,,,,,,,,0.197,10797.711,Pinned,Device,NVIDIA A100-SXM4-40GB MIG 4g.20gb (0),1,,13,[CUDA memcpy Host-to-Device]
5330672794,10048,363279,273,1,1,48,1,1,40,0.000,0.001,,,,,NVIDIA A100-SXM4-40GB MIG 4g.20gb (0),1,,13,"void pusch_noise_intf_est::noiseIntfEstNoDftSOfdmKernel<float, __half, float, float, (unsigned int)2, (unsigned int)1, (unsigned char)4, (unsigned char)4>(pusch_noise_intf_est::puschRxNoiseIntfEstDynDescr)"
5330692410,3040,363290,35,1,1,128,1,1,16,0.000,0.000,,,,,NVIDIA A100-SXM4-40GB MIG 4g.20gb (0),1,,13,cupy_copy__complex64_complex64
5330702970,1888,363299,1,1,1,1,1,1,18,0.000,0.000,,,,,NVIDIA A100-SXM4-40GB MIG 4g.20gb (0),1,,13,cupy_copy__float32_float32
5330711194,4064,363305,,,,,,,,,,0.000,0.984,Device,Pageable,NVIDIA A100-SXM4-40GB MIG 4g.20gb (0),1,,7,[CUDA memcpy Device-to-Host]
5330786073,13024,363316,1434,1,1,128,1,1,16,0.000,0.000,,,,,NVIDIA A100-SXM4-40GB MIG 4g.20gb (0),1,,13,cupy_copy__complex64_complex64
5330810329,2944,363323,103,1,1,128,1,1,16,0.000,0.000,,,,,NVIDIA A100-SXM4-40GB MIG 4g.20gb (0),1,,13,cupy_copy__complex64_complex64
5330832152,2592,363330,35,1,1,128,1,1,16,0.000,0.000,,,,,NVIDIA A100-SXM4-40GB MIG 4g.20gb (0),1,,13,cupy_copy__complex64_complex64
5330856152,1760,363337,1,1,1,1,1,1,18,0.000,0.000,,,,,NVIDIA A100-SXM4-40GB MIG 4g.20gb (0),1,,13,cupy_copy__float32_float32
5330991158,82047,363348,1,1,1,32,32,1,30,0.000,0.000,,,,,NVIDIA A100-SXM4-40GB MIG 4g.20gb (0),1,,13,"void convert_kernel<__half2, float2>(tensor_layout_any, T1 *, tensor_layout_any, const T2 *)"
5331101365,5504,363351,,,,,,,,,,0.094,17023.251,Pinned,Device,NVIDIA A100-SXM4-40GB MIG 4g.20gb (0),1,,13,[CUDA memcpy Host-to-Device]
5331116885,3328,363352,,,,,,,,,,1.547,464729.580,Device,,NVIDIA A100-SXM4-40GB MIG 4g.20gb (0),1,,13,[CUDA memset]
5331123349,3456,363357,,,,,,,,,,0.031,9055.529,Pinned,Device,NVIDIA A100-SXM4-40GB MIG 4g.20gb (0),1,,13,[CUDA memcpy Host-to-Device]
5331129941,9664,363358,,,,,,,,,,0.197,20344.209,Pinned,Device,NVIDIA A100-SXM4-40GB MIG 4g.20gb (0),1,,13,[CUDA memcpy Host-to-Device]
5331144309,5920,363359,273,1,1,8,4,1,39,0.002,0.000,,,,,NVIDIA A100-SXM4-40GB MIG 4g.20gb (0),1,,13,"void channel_eq::eqMmseCoefCompLowMimoKernel<float, float, float, (unsigned int)4, (unsigned int)1, (unsigned int)4>(const channel_eq::_puschRxChEqStatDescr *, channel_eq::_puschRxChEqCoefCompDynDescr)"
5331151349,6335,363360,273,1,1,12,11,1,51,0.002,0.000,,,,,NVIDIA A100-SXM4-40GB MIG 4g.20gb (0),1,,13,"void channel_eq::eqMmseSoftDemapKernel<float, __half, __half, float, (unsigned int)4, (unsigned short)16383>(channel_eq::_puschRxChEqStatDescr *, channel_eq::_puschRxChEqSoftDemapDynDescr)"
5331158740,294461,363361,1,1,1,32,32,1,30,0.000,0.000,,,,,NVIDIA A100-SXM4-40GB MIG 4g.20gb (0),1,,13,"void convert_kernel<float2, __half2>(tensor_layout_any, T1 *, tensor_layout_any, const T2 *)"
5331455825,11104,363373,2253,1,1,128,1,1,16,0.000,0.000,,,,,NVIDIA A100-SXM4-40GB MIG 4g.20gb (0),1,,13,cupy_copy__float16_float16
5331470833,3552,363382,282,1,1,128,1,1,16,0.000,0.000,,,,,NVIDIA A100-SXM4-40GB MIG 4g.20gb (0),1,,13,cupy_copy__complex64_complex64
5331477201,2303,363391,26,1,1,128,1,1,16,0.000,0.000,,,,,NVIDIA A100-SXM4-40GB MIG 4g.20gb (0),1,,13,cupy_copy__float32_float32
5331482256,3904,363400,103,1,1,128,1,1,16,0.000,0.000,,,,,NVIDIA A100-SXM4-40GB MIG 4g.20gb (0),1,,13,cupy_copy__complex64_complex64
5331487120,12128,363410,1434,1,1,128,1,1,16,0.000,0.000,,,,,NVIDIA A100-SXM4-40GB MIG 4g.20gb (0),1,,13,cupy_copy__complex64_complex64
5331502544,86239,363415,1,1,1,32,32,1,30,0.000,0.000,,,,,NVIDIA A100-SXM4-40GB MIG 4g.20gb (0),1,,13,"void convert_kernel<__half2, float2>(tensor_layout_any, T1 *, tensor_layout_any, const T2 *)"
5331616111,5632,363418,,,,,,,,,,0.094,16636.287,Pinned,Device,NVIDIA A100-SXM4-40GB MIG 4g.20gb (0),1,,13,[CUDA memcpy Host-to-Device]
5331628079,600440,363419,,,,,,,,,,456.561,760174.798,Device,,NVIDIA A100-SXM4-40GB MIG 4g.20gb (0),1,,13,[CUDA memset]
5332236519,147166,363424,,,,,,,,,,1.235,8391.444,Pinned,Device,NVIDIA A100-SXM4-40GB MIG 4g.20gb (0),1,,13,[CUDA memcpy Host-to-Device]
5332395301,35968,363425,,,,,,,,,,0.197,5466.096,Pinned,Device,NVIDIA A100-SXM4-40GB MIG 4g.20gb (0),1,,13,[CUDA memcpy Host-to-Device]
5332447589,8255,363426,69,4,1,48,1,1,76,0.002,0.000,,,,,NVIDIA A100-SXM4-40GB MIG 4g.20gb (0),1,,13,"void ch_est::windowedChEstPreNoDftSOfdmKernel<float, __half, float, (unsigned int)2, (unsigned int)1, (unsigned short)4>(ch_est::puschRxChEstStatDescr_t *, ch_est::puschRxChEstDynDescr_t *)"
5332464036,6752,363427,137,2,1,24,2,1,44,0.001,0.001,,,,,NVIDIA A100-SXM4-40GB MIG 4g.20gb (0),1,,13,"void ch_est::chEstFilterNoDftSOfdmDispatchKernel<float, __half, float, (unsigned int)2>(ch_est::puschRxChEstStatDescr_t *, ch_est::puschRxChEstDynDescr_t *)"
5332483108,4736,363428,137,2,1,24,2,1,44,0.001,0.001,,,,,NVIDIA A100-SXM4-40GB MIG 4g.20gb (0),1,,13,"void ch_est::chEstFilterNoDftSOfdmDispatchKernel<float, __half, float, (unsigned int)2>(ch_est::puschRxChEstStatDescr_t *, ch_est::puschRxChEstDynDescr_t *)"
5332500132,2784,363439,103,1,1,128,1,1,16,0.000,0.000,,,,,NVIDIA A100-SXM4-40GB MIG 4g.20gb (0),1,,13,cupy_copy__complex64_complex64
5332516964,12288,363449,1434,1,1,128,1,1,16,0.000,0.000,,,,,NVIDIA A100-SXM4-40GB MIG 4g.20gb (0),1,,13,cupy_copy__complex64_complex64
5332535683,2912,363456,103,1,1,128,1,1,16,0.000,0.000,,,,,NVIDIA A100-SXM4-40GB MIG 4g.20gb (0),1,,13,cupy_copy__complex64_complex64
5332554435,89983,363463,1,1,1,32,32,1,30,0.000,0.000,,,,,NVIDIA A100-SXM4-40GB MIG 4g.20gb (0),1,,13,"void convert_kernel<__half2, float2>(tensor_layout_any, T1 *, tensor_layout_any, const T2 *)"
5332679138,19135,363466,,,,,,,,,,0.094,4896.553,Pinned,Device,NVIDIA A100-SXM4-40GB MIG 4g.20gb (0),1,,13,[CUDA memcpy Host-to-Device]
5332710209,47456,363467,,,,,,,,,,35.810,754586.634,Device,,NVIDIA A100-SXM4-40GB MIG 4g.20gb (0),1,,13,[CUDA memset]
5332762817,10720,363469,,,,,,,,,,0.000,7.463,Pinned,Device,NVIDIA A100-SXM4-40GB MIG 4g.20gb (0),1,,13,[CUDA memcpy Host-to-Device]
5332780832,20224,363470,,,,,,,,,,0.197,9721.479,Pinned,Device,NVIDIA A100-SXM4-40GB MIG 4g.20gb (0),1,,13,[CUDA memcpy Host-to-Device]
5332813408,11904,363471,273,1,1,48,1,1,40,0.000,0.001,,,,,NVIDIA A100-SXM4-40GB MIG 4g.20gb (0),1,,13,"void pusch_noise_intf_est::noiseIntfEstNoDftSOfdmKernel<float, __half, float, float, (unsigned int)2, (unsigned int)1, (unsigned char)4, (unsigned char)4>(pusch_noise_intf_est::puschRxNoiseIntfEstDynDescr)"
5332834496,2912,363482,35,1,1,128,1,1,16,0.000,0.000,,,,,NVIDIA A100-SXM4-40GB MIG 4g.20gb (0),1,,13,cupy_copy__complex64_complex64
5332846912,1792,363491,1,1,1,1,1,1,18,0.000,0.000,,,,,NVIDIA A100-SXM4-40GB MIG 4g.20gb (0),1,,13,cupy_copy__float32_float32
5332850304,7263,363497,,,,,,,,,,0.000,0.551,Device,Pageable,NVIDIA A100-SXM4-40GB MIG 4g.20gb (0),1,,7,[CUDA memcpy Device-to-Host]
5332930719,13055,363508,1434,1,1,128,1,1,16,0.000,0.000,,,,,NVIDIA A100-SXM4-40GB MIG 4g.20gb (0),1,,13,cupy_copy__complex64_complex64
5332966206,2816,363515,103,1,1,128,1,1,16,0.000,0.000,,,,,NVIDIA A100-SXM4-40GB MIG 4g.20gb (0),1,,13,cupy_copy__complex64_complex64
5332977406,2656,363522,35,1,1,128,1,1,16,0.000,0.000,,,,,NVIDIA A100-SXM4-40GB MIG 4g.20gb (0),1,,13,cupy_copy__complex64_complex64
5333000894,1856,363529,1,1,1,1,1,1,18,0.000,0.000,,,,,NVIDIA A100-SXM4-40GB MIG 4g.20gb (0),1,,13,cupy_copy__float32_float32
5333132124,90687,363540,1,1,1,32,32,1,30,0.000,0.000,,,,,NVIDIA A100-SXM4-40GB MIG 4g.20gb (0),1,,13,"void convert_kernel<__half2, float2>(tensor_layout_any, T1 *, tensor_layout_any, const T2 *)"
5333252219,8224,363543,,,,,,,,,,0.094,11392.965,Pinned,Device,NVIDIA A100-SXM4-40GB MIG 4g.20gb (0),1,,13,[CUDA memcpy Host-to-Device]
5333269274,3488,363544,,,,,,,,,,1.547,443412.461,Device,,NVIDIA A100-SXM4-40GB MIG 4g.20gb (0),1,,13,[CUDA memset]
5333274298,4000,363549,,,,,,,,,,0.031,7824.000,Pinned,Device,NVIDIA A100-SXM4-40GB MIG 4g.20gb (0),1,,13,[CUDA memcpy Host-to-Device]
5333281210,10240,363550,,,,,,,,,,0.197,19199.951,Pinned,Device,NVIDIA A100-SXM4-40GB MIG 4g.20gb (0),1,,13,[CUDA memcpy Host-to-Device]
5333297818,8064,363551,273,1,1,8,4,1,39,0.002,0.000,,,,,NVIDIA A100-SXM4-40GB MIG 4g.20gb (0),1,,13,"void channel_eq::eqMmseCoefCompLowMimoKernel<float, float, float, (unsigned int)4, (unsigned int)1, (unsigned int)4>(const channel_eq::_puschRxChEqStatDescr *, channel_eq::_puschRxChEqCoefCompDynDescr)"
5333309210,7200,363552,273,1,1,12,11,1,51,0.002,0.000,,,,,NVIDIA A100-SXM4-40GB MIG 4g.20gb (0),1,,13,"void channel_eq::eqMmseSoftDemapKernel<float, __half, __half, float, (unsigned int)4, (unsigned short)16383>(channel_eq::_puschRxChEqStatDescr *, channel_eq::_puschRxChEqSoftDemapDynDescr)"
5333318010,283164,363553,1,1,1,32,32,1,30,0.000,0.000,,,,,NVIDIA A100-SXM4-40GB MIG 4g.20gb (0),1,,13,"void convert_kernel<float2, __half2>(tensor_layout_any, T1 *, tensor_layout_any, const T2 *)"
5333605878,10848,363565,2253,1,1,128,1,1,16,0.000,0.000,,,,,NVIDIA A100-SXM4-40GB MIG 4g.20gb (0),1,,13,cupy_copy__float16_float16
5333618358,3488,363574,282,1,1,128,1,1,16,0.000,0.000,,,,,NVIDIA A100-SXM4-40GB MIG 4g.20gb (0),1,,13,cupy_copy__complex64_complex64
5333625366,2016,363583,26,1,1,128,1,1,16,0.000,0.000,,,,,NVIDIA A100-SXM4-40GB MIG 4g.20gb (0),1,,13,cupy_copy__float32_float32
5333629750,3072,363592,103,1,1,128,1,1,16,0.000,0.000,,,,,NVIDIA A100-SXM4-40GB MIG 4g.20gb (0),1,,13,cupy_copy__complex64_complex64
5333688629,12672,363608,1434,1,1,128,1,1,16,0.000,0.000,,,,,NVIDIA A100-SXM4-40GB MIG 4g.20gb (0),1,,13,cupy_copy__complex64_complex64
5333802804,87007,363613,1,1,1,32,32,1,30,0.000,0.000,,,,,NVIDIA A100-SXM4-40GB MIG 4g.20gb (0),1,,13,"void convert_kernel<__half2, float2>(tensor_layout_any, T1 *, tensor_layout_any, const T2 *)"
5333917330,5536,363616,,,,,,,,,,0.094,16924.777,Pinned,Device,NVIDIA A100-SXM4-40GB MIG 4g.20gb (0),1,,13,[CUDA memcpy Host-to-Device]
5333927794,596537,363617,,,,,,,,,,456.561,765196.973,Device,,NVIDIA A100-SXM4-40GB MIG 4g.20gb (0),1,,13,[CUDA memset]
5334532011,136734,363622,,,,,,,,,,1.235,9031.145,Pinned,Device,NVIDIA A100-SXM4-40GB MIG 4g.20gb (0),1,,13,[CUDA memcpy Host-to-Device]
5334677641,33184,363623,,,,,,,,,,0.197,5924.782,Pinned,Device,NVIDIA A100-SXM4-40GB MIG 4g.20gb (0),1,,13,[CUDA memcpy Host-to-Device]
5334730664,8256,363624,69,4,1,48,1,1,76,0.002,0.000,,,,,NVIDIA A100-SXM4-40GB MIG 4g.20gb (0),1,,13,"void ch_est::windowedChEstPreNoDftSOfdmKernel<float, __half, float, (unsigned int)2, (unsigned int)1, (unsigned short)4>(ch_est::puschRxChEstStatDescr_t *, ch_est::puschRxChEstDynDescr_t *)"
5334747912,6880,363625,137,2,1,24,2,1,44,0.001,0.001,,,,,NVIDIA A100-SXM4-40GB MIG 4g.20gb (0),1,,13,"void ch_est::chEstFilterNoDftSOfdmDispatchKernel<float, __half, float, (unsigned int)2>(ch_est::puschRxChEstStatDescr_t *, ch_est::puschRxChEstDynDescr_t *)"
5334769512,4704,363626,137,2,1,24,2,1,44,0.001,0.001,,,,,NVIDIA A100-SXM4-40GB MIG 4g.20gb (0),1,,13,"void ch_est::chEstFilterNoDftSOfdmDispatchKernel<float, __half, float, (unsigned int)2>(ch_est::puschRxChEstStatDescr_t *, ch_est::puschRxChEstDynDescr_t *)"
5334784680,2656,363637,103,1,1,128,1,1,16,0.000,0.000,,,,,NVIDIA A100-SXM4-40GB MIG 4g.20gb (0),1,,13,cupy_copy__complex64_complex64
5334797640,12287,363647,1434,1,1,128,1,1,16,0.000,0.000,,,,,NVIDIA A100-SXM4-40GB MIG 4g.20gb (0),1,,13,cupy_copy__complex64_complex64
5334832455,2688,363654,103,1,1,128,1,1,16,0.000,0.000,,,,,NVIDIA A100-SXM4-40GB MIG 4g.20gb (0),1,,13,cupy_copy__complex64_complex64
5334845895,84223,363661,1,1,1,32,32,1,30,0.000,0.000,,,,,NVIDIA A100-SXM4-40GB MIG 4g.20gb (0),1,,13,"void convert_kernel<__half2, float2>(tensor_layout_any, T1 *, tensor_layout_any, const T2 *)"
5334965062,18111,363664,,,,,,,,,,0.094,5173.425,Pinned,Device,NVIDIA A100-SXM4-40GB MIG 4g.20gb (0),1,,13,[CUDA memcpy Host-to-Device]
5334993029,47488,363665,,,,,,,,,,35.810,754049.485,Device,,NVIDIA A100-SXM4-40GB MIG 4g.20gb (0),1,,13,[CUDA memset]
5335045381,10239,363667,,,,,,,,,,0.000,7.813,Pinned,Device,NVIDIA A100-SXM4-40GB MIG 4g.20gb (0),1,,13,[CUDA memcpy Host-to-Device]
5335060868,23872,363668,,,,,,,,,,0.197,8235.909,Pinned,Device,NVIDIA A100-SXM4-40GB MIG 4g.20gb (0),1,,13,[CUDA memcpy Host-to-Device]
5335102628,9568,363669,273,1,1,48,1,1,40,0.000,0.001,,,,,NVIDIA A100-SXM4-40GB MIG 4g.20gb (0),1,,13,"void pusch_noise_intf_est::noiseIntfEstNoDftSOfdmKernel<float, __half, float, float, (unsigned int)2, (unsigned int)1, (unsigned char)4, (unsigned char)4>(pusch_noise_intf_est::puschRxNoiseIntfEstDynDescr)"
5335113860,2880,363680,35,1,1,128,1,1,16,0.000,0.000,,,,,NVIDIA A100-SXM4-40GB MIG 4g.20gb (0),1,,13,cupy_copy__complex64_complex64
5335121860,1824,363689,1,1,1,1,1,1,18,0.000,0.000,,,,,NVIDIA A100-SXM4-40GB MIG 4g.20gb (0),1,,13,cupy_copy__float32_float32
5335129380,1599,363695,,,,,,,,,,0.000,2.502,Device,Pageable,NVIDIA A100-SXM4-40GB MIG 4g.20gb (0),1,,7,[CUDA memcpy Device-to-Host]
5335209347,12575,363706,1434,1,1,128,1,1,16,0.000,0.000,,,,,NVIDIA A100-SXM4-40GB MIG 4g.20gb (0),1,,13,cupy_copy__complex64_complex64
5335243266,2880,363713,103,1,1,128,1,1,16,0.000,0.000,,,,,NVIDIA A100-SXM4-40GB MIG 4g.20gb (0),1,,13,cupy_copy__complex64_complex64
5335258530,2592,363720,35,1,1,128,1,1,16,0.000,0.000,,,,,NVIDIA A100-SXM4-40GB MIG 4g.20gb (0),1,,13,cupy_copy__complex64_complex64
5335280290,1760,363727,1,1,1,1,1,1,18,0.000,0.000,,,,,NVIDIA A100-SXM4-40GB MIG 4g.20gb (0),1,,13,cupy_copy__float32_float32
5335410080,92063,363738,1,1,1,32,32,1,30,0.000,0.000,,,,,NVIDIA A100-SXM4-40GB MIG 4g.20gb (0),1,,13,"void convert_kernel<__half2, float2>(tensor_layout_any, T1 *, tensor_layout_any, const T2 *)"
5335530463,15647,363741,,,,,,,,,,0.094,5988.111,Pinned,Device,NVIDIA A100-SXM4-40GB MIG 4g.20gb (0),1,,13,[CUDA memcpy Host-to-Device]
5335557214,3392,363742,,,,,,,,,,1.547,455961.768,Device,,NVIDIA A100-SXM4-40GB MIG 4g.20gb (0),1,,13,[CUDA memset]
5335562526,4256,363747,,,,,,,,,,0.031,7353.371,Pinned,Device,NVIDIA A100-SXM4-40GB MIG 4g.20gb (0),1,,13,[CUDA memcpy Host-to-Device]
5335570654,16480,363748,,,,,,,,,,0.197,11929.977,Pinned,Device,NVIDIA A100-SXM4-40GB MIG 4g.20gb (0),1,,13,[CUDA memcpy Host-to-Device]
5335599966,6208,363749,273,1,1,8,4,1,39,0.002,0.000,,,,,NVIDIA A100-SXM4-40GB MIG 4g.20gb (0),1,,13,"void channel_eq::eqMmseCoefCompLowMimoKernel<float, float, float, (unsigned int)4, (unsigned int)1, (unsigned int)4>(const channel_eq::_puschRxChEqStatDescr *, channel_eq::_puschRxChEqCoefCompDynDescr)"
5335608446,7072,363750,273,1,1,12,11,1,51,0.002,0.000,,,,,NVIDIA A100-SXM4-40GB MIG 4g.20gb (0),1,,13,"void channel_eq::eqMmseSoftDemapKernel<float, __half, __half, float, (unsigned int)4, (unsigned short)16383>(channel_eq::_puschRxChEqStatDescr *, channel_eq::_puschRxChEqSoftDemapDynDescr)"
5335622973,282781,363751,1,1,1,32,32,1,30,0.000,0.000,,,,,NVIDIA A100-SXM4-40GB MIG 4g.20gb (0),1,,13,"void convert_kernel<float2, __half2>(tensor_layout_any, T1 *, tensor_layout_any, const T2 *)"
5335908762,10848,363763,2253,1,1,128,1,1,16,0.000,0.000,,,,,NVIDIA A100-SXM4-40GB MIG 4g.20gb (0),1,,13,cupy_copy__float16_float16
5335922426,3072,363772,282,1,1,128,1,1,16,0.000,0.000,,,,,NVIDIA A100-SXM4-40GB MIG 4g.20gb (0),1,,13,cupy_copy__complex64_complex64
5335926970,2080,363781,26,1,1,128,1,1,16,0.000,0.000,,,,,NVIDIA A100-SXM4-40GB MIG 4g.20gb (0),1,,13,cupy_copy__float32_float32
5335932154,3104,363790,103,1,1,128,1,1,16,0.000,0.000,,,,,NVIDIA A100-SXM4-40GB MIG 4g.20gb (0),1,,13,cupy_copy__complex64_complex64
5335936858,12095,363800,1434,1,1,128,1,1,16,0.000,0.000,,,,,NVIDIA A100-SXM4-40GB MIG 4g.20gb (0),1,,13,cupy_copy__complex64_complex64
5335953337,82623,363805,1,1,1,32,32,1,30,0.000,0.000,,,,,NVIDIA A100-SXM4-40GB MIG 4g.20gb (0),1,,13,"void convert_kernel<__half2, float2>(tensor_layout_any, T1 *, tensor_layout_any, const T2 *)"
5336063032,5920,363808,,,,,,,,,,0.094,15826.941,Pinned,Device,NVIDIA A100-SXM4-40GB MIG 4g.20gb (0),1,,13,[CUDA memcpy Host-to-Device]
5336073496,597177,363809,,,,,,,,,,456.561,764283.851,Device,,NVIDIA A100-SXM4-40GB MIG 4g.20gb (0),1,,13,[CUDA memset]
5336672656,120063,363814,,,,,,,,,,1.235,10284.614,Pinned,Device,NVIDIA A100-SXM4-40GB MIG 4g.20gb (0),1,,13,[CUDA memcpy Host-to-Device]
5336799951,24832,363815,,,,,,,,,,0.197,7917.404,Pinned,Device,NVIDIA A100-SXM4-40GB MIG 4g.20gb (0),1,,13,[CUDA memcpy Host-to-Device]
5336841582,8384,363816,69,4,1,48,1,1,76,0.002,0.000,,,,,NVIDIA A100-SXM4-40GB MIG 4g.20gb (0),1,,13,"void ch_est::windowedChEstPreNoDftSOfdmKernel<float, __half, float, (unsigned int)2, (unsigned int)1, (unsigned short)4>(ch_est::puschRxChEstStatDescr_t *, ch_est::puschRxChEstDynDescr_t *)"
5336854670,7264,363817,137,2,1,24,2,1,44,0.001,0.001,,,,,NVIDIA A100-SXM4-40GB MIG 4g.20gb (0),1,,13,"void ch_est::chEstFilterNoDftSOfdmDispatchKernel<float, __half, float, (unsigned int)2>(ch_est::puschRxChEstStatDescr_t *, ch_est::puschRxChEstDynDescr_t *)"
5336870062,5408,363818,137,2,1,24,2,1,44,0.001,0.001,,,,,NVIDIA A100-SXM4-40GB MIG 4g.20gb (0),1,,13,"void ch_est::chEstFilterNoDftSOfdmDispatchKernel<float, __half, float, (unsigned int)2>(ch_est::puschRxChEstStatDescr_t *, ch_est::puschRxChEstDynDescr_t *)"
5336887982,2560,363829,103,1,1,128,1,1,16,0.000,0.000,,,,,NVIDIA A100-SXM4-40GB MIG 4g.20gb (0),1,,13,cupy_copy__complex64_complex64
5336900590,12576,363839,1434,1,1,128,1,1,16,0.000,0.000,,,,,NVIDIA A100-SXM4-40GB MIG 4g.20gb (0),1,,13,cupy_copy__complex64_complex64
5336935757,2784,363846,103,1,1,128,1,1,16,0.000,0.000,,,,,NVIDIA A100-SXM4-40GB MIG 4g.20gb (0),1,,13,cupy_copy__complex64_complex64
5336949613,88703,363853,1,1,1,32,32,1,30,0.000,0.000,,,,,NVIDIA A100-SXM4-40GB MIG 4g.20gb (0),1,,13,"void convert_kernel<__half2, float2>(tensor_layout_any, T1 *, tensor_layout_any, const T2 *)"
5337071916,22239,363856,,,,,,,,,,0.094,4213.134,Pinned,Device,NVIDIA A100-SXM4-40GB MIG 4g.20gb (0),1,,13,[CUDA memcpy Host-to-Device]
5337120363,47071,363857,,,,,,,,,,35.810,760745.940,Device,,NVIDIA A100-SXM4-40GB MIG 4g.20gb (0),1,,13,[CUDA memset]
5337175786,10784,363859,,,,,,,,,,0.000,7.418,Pinned,Device,NVIDIA A100-SXM4-40GB MIG 4g.20gb (0),1,,13,[CUDA memcpy Host-to-Device]
5337194986,22656,363860,,,,,,,,,,0.197,8677.884,Pinned,Device,NVIDIA A100-SXM4-40GB MIG 4g.20gb (0),1,,13,[CUDA memcpy Host-to-Device]
5337232362,9631,363861,273,1,1,48,1,1,40,0.000,0.001,,,,,NVIDIA A100-SXM4-40GB MIG 4g.20gb (0),1,,13,"void pusch_noise_intf_est::noiseIntfEstNoDftSOfdmKernel<float, __half, float, float, (unsigned int)2, (unsigned int)1, (unsigned char)4, (unsigned char)4>(pusch_noise_intf_est::puschRxNoiseIntfEstDynDescr)"
5337260201,2592,363872,35,1,1,128,1,1,16,0.000,0.000,,,,,NVIDIA A100-SXM4-40GB MIG 4g.20gb (0),1,,13,cupy_copy__complex64_complex64
5337273577,1696,363881,1,1,1,1,1,1,18,0.000,0.000,,,,,NVIDIA A100-SXM4-40GB MIG 4g.20gb (0),1,,13,cupy_copy__float32_float32
5337282121,7968,363887,,,,,,,,,,0.000,0.502,Device,Pageable,NVIDIA A100-SXM4-40GB MIG 4g.20gb (0),1,,7,[CUDA memcpy Device-to-Host]
5337363944,12704,363898,1434,1,1,128,1,1,16,0.000,0.000,,,,,NVIDIA A100-SXM4-40GB MIG 4g.20gb (0),1,,13,cupy_copy__complex64_complex64
5337392104,3040,363905,103,1,1,128,1,1,16,0.000,0.000,,,,,NVIDIA A100-SXM4-40GB MIG 4g.20gb (0),1,,13,cupy_copy__complex64_complex64
5337412775,2304,363912,35,1,1,128,1,1,16,0.000,0.000,,,,,NVIDIA A100-SXM4-40GB MIG 4g.20gb (0),1,,13,cupy_copy__complex64_complex64
5337421127,1792,363919,1,1,1,1,1,1,18,0.000,0.000,,,,,NVIDIA A100-SXM4-40GB MIG 4g.20gb (0),1,,13,cupy_copy__float32_float32
5337555526,87999,363930,1,1,1,32,32,1,30,0.000,0.000,,,,,NVIDIA A100-SXM4-40GB MIG 4g.20gb (0),1,,13,"void convert_kernel<__half2, float2>(tensor_layout_any, T1 *, tensor_layout_any, const T2 *)"
5337671076,5600,363933,,,,,,,,,,0.094,16731.388,Pinned,Device,NVIDIA A100-SXM4-40GB MIG 4g.20gb (0),1,,13,[CUDA memcpy Host-to-Device]
5337685348,3424,363934,,,,,,,,,,1.547,451700.819,Device,,NVIDIA A100-SXM4-40GB MIG 4g.20gb (0),1,,13,[CUDA memset]
5337692132,3552,363939,,,,,,,,,,0.031,8810.794,Pinned,Device,NVIDIA A100-SXM4-40GB MIG 4g.20gb (0),1,,13,[CUDA memcpy Host-to-Device]
5337698116,9344,363940,,,,,,,,,,0.197,21040.988,Pinned,Device,NVIDIA A100-SXM4-40GB MIG 4g.20gb (0),1,,13,[CUDA memcpy Host-to-Device]
5337713028,6240,363941,273,1,1,8,4,1,39,0.002,0.000,,,,,NVIDIA A100-SXM4-40GB MIG 4g.20gb (0),1,,13,"void channel_eq::eqMmseCoefCompLowMimoKernel<float, float, float, (unsigned int)4, (unsigned int)1, (unsigned int)4>(const channel_eq::_puschRxChEqStatDescr *, channel_eq::_puschRxChEqCoefCompDynDescr)"
5337720740,6144,363942,273,1,1,12,11,1,51,0.002,0.000,,,,,NVIDIA A100-SXM4-40GB MIG 4g.20gb (0),1,,13,"void channel_eq::eqMmseSoftDemapKernel<float, __half, __half, float, (unsigned int)4, (unsigned short)16383>(channel_eq::_puschRxChEqStatDescr *, channel_eq::_puschRxChEqSoftDemapDynDescr)"
5337728483,294205,363943,1,1,1,32,32,1,30,0.000,0.000,,,,,NVIDIA A100-SXM4-40GB MIG 4g.20gb (0),1,,13,"void convert_kernel<float2, __half2>(tensor_layout_any, T1 *, tensor_layout_any, const T2 *)"
5338023872,10912,363955,2253,1,1,128,1,1,16,0.000,0.000,,,,,NVIDIA A100-SXM4-40GB MIG 4g.20gb (0),1,,13,cupy_copy__float16_float16
5338036864,3168,363964,282,1,1,128,1,1,16,0.000,0.000,,,,,NVIDIA A100-SXM4-40GB MIG 4g.20gb (0),1,,13,cupy_copy__complex64_complex64
5338041184,2016,363973,26,1,1,128,1,1,16,0.000,0.000,,,,,NVIDIA A100-SXM4-40GB MIG 4g.20gb (0),1,,13,cupy_copy__float32_float32
5338044896,4608,363982,103,1,1,128,1,1,16,0.000,0.000,,,,,NVIDIA A100-SXM4-40GB MIG 4g.20gb (0),1,,13,cupy_copy__complex64_complex64
5338051967,12544,363992,1434,1,1,128,1,1,16,0.000,0.000,,,,,NVIDIA A100-SXM4-40GB MIG 4g.20gb (0),1,,13,cupy_copy__complex64_complex64
5338069791,87359,363997,1,1,1,32,32,1,30,0.000,0.000,,,,,NVIDIA A100-SXM4-40GB MIG 4g.20gb (0),1,,13,"void convert_kernel<__half2, float2>(tensor_layout_any, T1 *, tensor_layout_any, const T2 *)"
5338184798,5632,364000,,,,,,,,,,0.094,16636.287,Pinned,Device,NVIDIA A100-SXM4-40GB MIG 4g.20gb (0),1,,13,[CUDA memcpy Host-to-Device]
5338194302,596888,364001,,,,,,,,,,456.561,764740.412,Device,,NVIDIA A100-SXM4-40GB MIG 4g.20gb (0),1,,13,[CUDA memset]
5338796278,139935,364006,,,,,,,,,,1.235,8824.910,Pinned,Device,NVIDIA A100-SXM4-40GB MIG 4g.20gb (0),1,,13,[CUDA memcpy Host-to-Device]
5338947188,29568,364007,,,,,,,,,,0.197,6649.283,Pinned,Device,NVIDIA A100-SXM4-40GB MIG 4g.20gb (0),1,,13,[CUDA memcpy Host-to-Device]
5338993684,8160,364008,69,4,1,48,1,1,76,0.002,0.000,,,,,NVIDIA A100-SXM4-40GB MIG 4g.20gb (0),1,,13,"void ch_est::windowedChEstPreNoDftSOfdmKernel<float, __half, float, (unsigned int)2, (unsigned int)1, (unsigned short)4>(ch_est::puschRxChEstStatDescr_t *, ch_est::puschRxChEstDynDescr_t *)"
5339007124,6592,364009,137,2,1,24,2,1,44,0.001,0.001,,,,,NVIDIA A100-SXM4-40GB MIG 4g.20gb (0),1,,13,"void ch_est::chEstFilterNoDftSOfdmDispatchKernel<float, __half, float, (unsigned int)2>(ch_est::puschRxChEstStatDescr_t *, ch_est::puschRxChEstDynDescr_t *)"
5339022868,4767,364010,137,2,1,24,2,1,44,0.001,0.001,,,,,NVIDIA A100-SXM4-40GB MIG 4g.20gb (0),1,,13,"void ch_est::chEstFilterNoDftSOfdmDispatchKernel<float, __half, float, (unsigned int)2>(ch_est::puschRxChEstStatDescr_t *, ch_est::puschRxChEstDynDescr_t *)"
5339038931,2464,364021,103,1,1,128,1,1,16,0.000,0.000,,,,,NVIDIA A100-SXM4-40GB MIG 4g.20gb (0),1,,13,cupy_copy__complex64_complex64
5339055027,12672,364031,1434,1,1,128,1,1,16,0.000,0.000,,,,,NVIDIA A100-SXM4-40GB MIG 4g.20gb (0),1,,13,cupy_copy__complex64_complex64
5339072531,2624,364038,103,1,1,128,1,1,16,0.000,0.000,,,,,NVIDIA A100-SXM4-40GB MIG 4g.20gb (0),1,,13,cupy_copy__complex64_complex64
5339080979,95263,364045,1,1,1,32,32,1,30,0.000,0.000,,,,,NVIDIA A100-SXM4-40GB MIG 4g.20gb (0),1,,13,"void convert_kernel<__half2, float2>(tensor_layout_any, T1 *, tensor_layout_any, const T2 *)"
5339207089,23232,364048,,,,,,,,,,0.094,4033.051,Pinned,Device,NVIDIA A100-SXM4-40GB MIG 4g.20gb (0),1,,13,[CUDA memcpy Host-to-Device]
5339251281,47743,364049,,,,,,,,,,35.810,750038.774,Device,,NVIDIA A100-SXM4-40GB MIG 4g.20gb (0),1,,13,[CUDA memset]
5339301328,11168,364051,,,,,,,,,,0.000,7.163,Pinned,Device,NVIDIA A100-SXM4-40GB MIG 4g.20gb (0),1,,13,[CUDA memcpy Host-to-Device]
5339319728,34175,364052,,,,,,,,,,0.197,5752.947,Pinned,Device,NVIDIA A100-SXM4-40GB MIG 4g.20gb (0),1,,13,[CUDA memcpy Host-to-Device]
5339384143,9088,364053,273,1,1,48,1,1,40,0.000,0.001,,,,,NVIDIA A100-SXM4-40GB MIG 4g.20gb (0),1,,13,"void pusch_noise_intf_est::noiseIntfEstNoDftSOfdmKernel<float, __half, float, float, (unsigned int)2, (unsigned int)1, (unsigned char)4, (unsigned char)4>(pusch_noise_intf_est::puschRxNoiseIntfEstDynDescr)"
5339400719,2752,364064,35,1,1,128,1,1,16,0.000,0.000,,,,,NVIDIA A100-SXM4-40GB MIG 4g.20gb (0),1,,13,cupy_copy__complex64_complex64
5339417071,1760,364073,1,1,1,1,1,1,18,0.000,0.000,,,,,NVIDIA A100-SXM4-40GB MIG 4g.20gb (0),1,,13,cupy_copy__float32_float32
5339423279,5824,364079,,,,,,,,,,0.000,0.687,Device,Pageable,NVIDIA A100-SXM4-40GB MIG 4g.20gb (0),1,,7,[CUDA memcpy Device-to-Host]
5339525101,12576,364090,1434,1,1,128,1,1,16,0.000,0.000,,,,,NVIDIA A100-SXM4-40GB MIG 4g.20gb (0),1,,13,cupy_copy__complex64_complex64
5339550765,2976,364097,103,1,1,128,1,1,16,0.000,0.000,,,,,NVIDIA A100-SXM4-40GB MIG 4g.20gb (0),1,,13,cupy_copy__complex64_complex64
5339568877,2176,364104,35,1,1,128,1,1,16,0.000,0.000,,,,,NVIDIA A100-SXM4-40GB MIG 4g.20gb (0),1,,13,cupy_copy__complex64_complex64
5339572461,1728,364111,1,1,1,1,1,1,18,0.000,0.000,,,,,NVIDIA A100-SXM4-40GB MIG 4g.20gb (0),1,,13,cupy_copy__float32_float32
5339713931,91231,364122,1,1,1,32,32,1,30,0.000,0.000,,,,,NVIDIA A100-SXM4-40GB MIG 4g.20gb (0),1,,13,"void convert_kernel<__half2, float2>(tensor_layout_any, T1 *, tensor_layout_any, const T2 *)"
5339837034,9631,364125,,,,,,,,,,0.094,9728.549,Pinned,Device,NVIDIA A100-SXM4-40GB MIG 4g.20gb (0),1,,13,[CUDA memcpy Host-to-Device]
5339860137,3392,364126,,,,,,,,,,1.547,455961.768,Device,,NVIDIA A100-SXM4-40GB MIG 4g.20gb (0),1,,13,[CUDA memset]
5339870761,6880,364131,,,,,,,,,,0.031,4548.811,Pinned,Device,NVIDIA A100-SXM4-40GB MIG 4g.20gb (0),1,,13,[CUDA memcpy Host-to-Device]
5339883721,16640,364132,,,,,,,,,,0.197,11815.354,Pinned,Device,NVIDIA A100-SXM4-40GB MIG 4g.20gb (0),1,,13,[CUDA memcpy Host-to-Device]
5339911369,6304,364133,273,1,1,8,4,1,39,0.002,0.000,,,,,NVIDIA A100-SXM4-40GB MIG 4g.20gb (0),1,,13,"void channel_eq::eqMmseCoefCompLowMimoKernel<float, float, float, (unsigned int)4, (unsigned int)1, (unsigned int)4>(const channel_eq::_puschRxChEqStatDescr *, channel_eq::_puschRxChEqCoefCompDynDescr)"
5339924392,6176,364134,273,1,1,12,11,1,51,0.002,0.000,,,,,NVIDIA A100-SXM4-40GB MIG 4g.20gb (0),1,,13,"void channel_eq::eqMmseSoftDemapKernel<float, __half, __half, float, (unsigned int)4, (unsigned short)16383>(channel_eq::_puschRxChEqStatDescr *, channel_eq::_puschRxChEqSoftDemapDynDescr)"
5339941960,282045,364135,1,1,1,32,32,1,30,0.000,0.000,,,,,NVIDIA A100-SXM4-40GB MIG 4g.20gb (0),1,,13,"void convert_kernel<float2, __half2>(tensor_layout_any, T1 *, tensor_layout_any, const T2 *)"
5340226213,11008,364147,2253,1,1,128,1,1,16,0.000,0.000,,,,,NVIDIA A100-SXM4-40GB MIG 4g.20gb (0),1,,13,cupy_copy__float16_float16
5340242149,3135,364156,282,1,1,128,1,1,16,0.000,0.000,,,,,NVIDIA A100-SXM4-40GB MIG 4g.20gb (0),1,,13,cupy_copy__complex64_complex64
5340248292,2592,364165,26,1,1,128,1,1,16,0.000,0.000,,,,,NVIDIA A100-SXM4-40GB MIG 4g.20gb (0),1,,13,cupy_copy__float32_float32
5340254820,3136,364174,103,1,1,128,1,1,16,0.000,0.000,,,,,NVIDIA A100-SXM4-40GB MIG 4g.20gb (0),1,,13,cupy_copy__complex64_complex64
5340260036,12000,364184,1434,1,1,128,1,1,16,0.000,0.000,,,,,NVIDIA A100-SXM4-40GB MIG 4g.20gb (0),1,,13,cupy_copy__complex64_complex64
5340277444,80447,364189,1,1,1,32,32,1,30,0.000,0.000,,,,,NVIDIA A100-SXM4-40GB MIG 4g.20gb (0),1,,13,"void convert_kernel<__half2, float2>(tensor_layout_any, T1 *, tensor_layout_any, const T2 *)"
5340385539,5760,364192,,,,,,,,,,0.094,16266.656,Pinned,Device,NVIDIA A100-SXM4-40GB MIG 4g.20gb (0),1,,13,[CUDA memcpy Host-to-Device]
5340395363,598936,364193,,,,,,,,,,456.561,762001.043,Device,,NVIDIA A100-SXM4-40GB MIG 4g.20gb (0),1,,13,[CUDA memset]
5341000219,137790,364198,,,,,,,,,,1.235,8961.989,Pinned,Device,NVIDIA A100-SXM4-40GB MIG 4g.20gb (0),1,,13,[CUDA memcpy Host-to-Device]
5341148313,30400,364199,,,,,,,,,,0.197,6467.224,Pinned,Device,NVIDIA A100-SXM4-40GB MIG 4g.20gb (0),1,,13,[CUDA memcpy Host-to-Device]
5341195033,8160,364200,69,4,1,48,1,1,76,0.002,0.000,,,,,NVIDIA A100-SXM4-40GB MIG 4g.20gb (0),1,,13,"void ch_est::windowedChEstPreNoDftSOfdmKernel<float, __half, float, (unsigned int)2, (unsigned int)1, (unsigned short)4>(ch_est::puschRxChEstStatDescr_t *, ch_est::puschRxChEstDynDescr_t *)"
5341206073,7040,364201,137,2,1,24,2,1,44,0.001,0.001,,,,,NVIDIA A100-SXM4-40GB MIG 4g.20gb (0),1,,13,"void ch_est::chEstFilterNoDftSOfdmDispatchKernel<float, __half, float, (unsigned int)2>(ch_est::puschRxChEstStatDescr_t *, ch_est::puschRxChEstDynDescr_t *)"
5341221880,5152,364202,137,2,1,24,2,1,44,0.001,0.001,,,,,NVIDIA A100-SXM4-40GB MIG 4g.20gb (0),1,,13,"void ch_est::chEstFilterNoDftSOfdmDispatchKernel<float, __half, float, (unsigned int)2>(ch_est::puschRxChEstStatDescr_t *, ch_est::puschRxChEstDynDescr_t *)"
5341232312,2592,364213,103,1,1,128,1,1,16,0.000,0.000,,,,,NVIDIA A100-SXM4-40GB MIG 4g.20gb (0),1,,13,cupy_copy__complex64_complex64
5341240248,12480,364223,1434,1,1,128,1,1,16,0.000,0.000,,,,,NVIDIA A100-SXM4-40GB MIG 4g.20gb (0),1,,13,cupy_copy__complex64_complex64
5341261304,2560,364230,103,1,1,128,1,1,16,0.000,0.000,,,,,NVIDIA A100-SXM4-40GB MIG 4g.20gb (0),1,,13,cupy_copy__complex64_complex64
5341277816,83455,364237,1,1,1,32,32,1,30,0.000,0.000,,,,,NVIDIA A100-SXM4-40GB MIG 4g.20gb (0),1,,13,"void convert_kernel<__half2, float2>(tensor_layout_any, T1 *, tensor_layout_any, const T2 *)"
5341390614,6528,364240,,,,,,,,,,0.094,14352.915,Pinned,Device,NVIDIA A100-SXM4-40GB MIG 4g.20gb (0),1,,13,[CUDA memcpy Host-to-Device]
5341404502,47360,364241,,,,,,,,,,35.810,756090.651,Device,,NVIDIA A100-SXM4-40GB MIG 4g.20gb (0),1,,13,[CUDA memset]
5341456886,2176,364243,,,,,,,,,,0.000,36.765,Pinned,Device,NVIDIA A100-SXM4-40GB MIG 4g.20gb (0),1,,13,[CUDA memcpy Host-to-Device]
5341463029,12672,364244,,,,,,,,,,0.197,15515.124,Pinned,Device,NVIDIA A100-SXM4-40GB MIG 4g.20gb (0),1,,13,[CUDA memcpy Host-to-Device]
5341482005,10528,364245,273,1,1,48,1,1,40,0.000,0.001,,,,,NVIDIA A100-SXM4-40GB MIG 4g.20gb (0),1,,13,"void pusch_noise_intf_est::noiseIntfEstNoDftSOfdmKernel<float, __half, float, float, (unsigned int)2, (unsigned int)1, (unsigned char)4, (unsigned char)4>(pusch_noise_intf_est::puschRxNoiseIntfEstDynDescr)"
5341494357,2944,364256,35,1,1,128,1,1,16,0.000,0.000,,,,,NVIDIA A100-SXM4-40GB MIG 4g.20gb (0),1,,13,cupy_copy__complex64_complex64
5341512725,1824,364265,1,1,1,1,1,1,18,0.000,0.000,,,,,NVIDIA A100-SXM4-40GB MIG 4g.20gb (0),1,,13,cupy_copy__float32_float32
5341542004,1664,364271,,,,,,,,,,0.000,2.404,Device,Pageable,NVIDIA A100-SXM4-40GB MIG 4g.20gb (0),1,,7,[CUDA memcpy Device-to-Host]
5341602740,13152,364282,1434,1,1,128,1,1,16,0.000,0.000,,,,,NVIDIA A100-SXM4-40GB MIG 4g.20gb (0),1,,13,cupy_copy__complex64_complex64
5341627955,2592,364289,103,1,1,128,1,1,16,0.000,0.000,,,,,NVIDIA A100-SXM4-40GB MIG 4g.20gb (0),1,,13,cupy_copy__complex64_complex64
5341648339,2688,364296,35,1,1,128,1,1,16,0.000,0.000,,,,,NVIDIA A100-SXM4-40GB MIG 4g.20gb (0),1,,13,cupy_copy__complex64_complex64
5341665619,1792,364303,1,1,1,1,1,1,18,0.000,0.000,,,,,NVIDIA A100-SXM4-40GB MIG 4g.20gb (0),1,,13,cupy_copy__float32_float32
5341797553,82463,364314,1,1,1,32,32,1,30,0.000,0.000,,,,,NVIDIA A100-SXM4-40GB MIG 4g.20gb (0),1,,13,"void convert_kernel<__half2, float2>(tensor_layout_any, T1 *, tensor_layout_any, const T2 *)"
5341907184,5888,364317,,,,,,,,,,0.094,15912.954,Pinned,Device,NVIDIA A100-SXM4-40GB MIG 4g.20gb (0),1,,13,[CUDA memcpy Host-to-Device]
5341921552,3648,364318,,,,,,,,,,1.547,423963.664,Device,,NVIDIA A100-SXM4-40GB MIG 4g.20gb (0),1,,13,[CUDA memset]
5341928016,3392,364323,,,,,,,,,,0.031,9226.405,Pinned,Device,NVIDIA A100-SXM4-40GB MIG 4g.20gb (0),1,,13,[CUDA memcpy Host-to-Device]
5341933808,9696,364324,,,,,,,,,,0.197,20277.166,Pinned,Device,NVIDIA A100-SXM4-40GB MIG 4g.20gb (0),1,,13,[CUDA memcpy Host-to-Device]
5341949551,6208,364325,273,1,1,8,4,1,39,0.002,0.000,,,,,NVIDIA A100-SXM4-40GB MIG 4g.20gb (0),1,,13,"void channel_eq::eqMmseCoefCompLowMimoKernel<float, float, float, (unsigned int)4, (unsigned int)1, (unsigned int)4>(const channel_eq::_puschRxChEqStatDescr *, channel_eq::_puschRxChEqCoefCompDynDescr)"
5341956879,8064,364326,273,1,1,12,11,1,51,0.002,0.000,,,,,NVIDIA A100-SXM4-40GB MIG 4g.20gb (0),1,,13,"void channel_eq::eqMmseSoftDemapKernel<float, __half, __half, float, (unsigned int)4, (unsigned short)16383>(channel_eq::_puschRxChEqStatDescr *, channel_eq::_puschRxChEqSoftDemapDynDescr)"
5341965935,282717,364327,1,1,1,32,32,1,30,0.000,0.000,,,,,NVIDIA A100-SXM4-40GB MIG 4g.20gb (0),1,,13,"void convert_kernel<float2, __half2>(tensor_layout_any, T1 *, tensor_layout_any, const T2 *)"
5342252044,10912,364339,2253,1,1,128,1,1,16,0.000,0.000,,,,,NVIDIA A100-SXM4-40GB MIG 4g.20gb (0),1,,13,cupy_copy__float16_float16
5342264620,3136,364348,282,1,1,128,1,1,16,0.000,0.000,,,,,NVIDIA A100-SXM4-40GB MIG 4g.20gb (0),1,,13,cupy_copy__complex64_complex64
5342269068,2240,364357,26,1,1,128,1,1,16,0.000,0.000,,,,,NVIDIA A100-SXM4-40GB MIG 4g.20gb (0),1,,13,cupy_copy__float32_float32
5342274795,3008,364366,103,1,1,128,1,1,16,0.000,0.000,,,,,NVIDIA A100-SXM4-40GB MIG 4g.20gb (0),1,,13,cupy_copy__complex64_complex64
5342281131,12352,364376,1434,1,1,128,1,1,16,0.000,0.000,,,,,NVIDIA A100-SXM4-40GB MIG 4g.20gb (0),1,,13,cupy_copy__complex64_complex64
5342299691,87167,364381,1,1,1,32,32,1,30,0.000,0.000,,,,,NVIDIA A100-SXM4-40GB MIG 4g.20gb (0),1,,13,"void convert_kernel<__half2, float2>(tensor_layout_any, T1 *, tensor_layout_any, const T2 *)"
5342413994,5824,364384,,,,,,,,,,0.094,16087.884,Pinned,Device,NVIDIA A100-SXM4-40GB MIG 4g.20gb (0),1,,13,[CUDA memcpy Host-to-Device]
5342425226,598808,364385,,,,,,,,,,456.561,762001.043,Device,,NVIDIA A100-SXM4-40GB MIG 4g.20gb (0),1,,13,[CUDA memset]
5343026402,156126,364390,,,,,,,,,,1.235,7909.816,Pinned,Device,NVIDIA A100-SXM4-40GB MIG 4g.20gb (0),1,,13,[CUDA memcpy Host-to-Device]
5343193152,40064,364391,,,,,,,,,,0.197,4907.336,Pinned,Device,NVIDIA A100-SXM4-40GB MIG 4g.20gb (0),1,,13,[CUDA memcpy Host-to-Device]
5343263039,8064,364392,69,4,1,48,1,1,76,0.002,0.000,,,,,NVIDIA A100-SXM4-40GB MIG 4g.20gb (0),1,,13,"void ch_est::windowedChEstPreNoDftSOfdmKernel<float, __half, float, (unsigned int)2, (unsigned int)1, (unsigned short)4>(ch_est::puschRxChEstStatDescr_t *, ch_est::puschRxChEstDynDescr_t *)"
5343280927,7104,364393,137,2,1,24,2,1,44,0.001,0.001,,,,,NVIDIA A100-SXM4-40GB MIG 4g.20gb (0),1,,13,"void ch_est::chEstFilterNoDftSOfdmDispatchKernel<float, __half, float, (unsigned int)2>(ch_est::puschRxChEstStatDescr_t *, ch_est::puschRxChEstDynDescr_t *)"
5343298463,4736,364394,137,2,1,24,2,1,44,0.001,0.001,,,,,NVIDIA A100-SXM4-40GB MIG 4g.20gb (0),1,,13,"void ch_est::chEstFilterNoDftSOfdmDispatchKernel<float, __half, float, (unsigned int)2>(ch_est::puschRxChEstStatDescr_t *, ch_est::puschRxChEstDynDescr_t *)"
5343316031,2656,364405,103,1,1,128,1,1,16,0.000,0.000,,,,,NVIDIA A100-SXM4-40GB MIG 4g.20gb (0),1,,13,cupy_copy__complex64_complex64
5343332990,12384,364415,1434,1,1,128,1,1,16,0.000,0.000,,,,,NVIDIA A100-SXM4-40GB MIG 4g.20gb (0),1,,13,cupy_copy__complex64_complex64
5343371838,2656,364422,103,1,1,128,1,1,16,0.000,0.000,,,,,NVIDIA A100-SXM4-40GB MIG 4g.20gb (0),1,,13,cupy_copy__complex64_complex64
5343385214,81183,364429,1,1,1,32,32,1,30,0.000,0.000,,,,,NVIDIA A100-SXM4-40GB MIG 4g.20gb (0),1,,13,"void convert_kernel<__half2, float2>(tensor_layout_any, T1 *, tensor_layout_any, const T2 *)"
5343499644,15424,364432,,,,,,,,,,0.094,6074.686,Pinned,Device,NVIDIA A100-SXM4-40GB MIG 4g.20gb (0),1,,13,[CUDA memcpy Host-to-Device]
5343520604,46880,364433,,,,,,,,,,35.810,763861.404,Device,,NVIDIA A100-SXM4-40GB MIG 4g.20gb (0),1,,13,[CUDA memset]
5343575547,11520,364435,,,,,,,,,,0.000,6.944,Pinned,Device,NVIDIA A100-SXM4-40GB MIG 4g.20gb (0),1,,13,[CUDA memcpy Host-to-Device]
5343596411,19168,364436,,,,,,,,,,0.197,10257.039,Pinned,Device,NVIDIA A100-SXM4-40GB MIG 4g.20gb (0),1,,13,[CUDA memcpy Host-to-Device]
5343632411,9664,364437,273,1,1,48,1,1,40,0.000,0.001,,,,,NVIDIA A100-SXM4-40GB MIG 4g.20gb (0),1,,13,"void pusch_noise_intf_est::noiseIntfEstNoDftSOfdmKernel<float, __half, float, float, (unsigned int)2, (unsigned int)1, (unsigned char)4, (unsigned char)4>(pusch_noise_intf_est::puschRxNoiseIntfEstDynDescr)"
5343647611,2976,364448,35,1,1,128,1,1,16,0.000,0.000,,,,,NVIDIA A100-SXM4-40GB MIG 4g.20gb (0),1,,13,cupy_copy__complex64_complex64
5343658842,1728,364457,1,1,1,1,1,1,18,0.000,0.000,,,,,NVIDIA A100-SXM4-40GB MIG 4g.20gb (0),1,,13,cupy_copy__float32_float32
5343667706,3872,364463,,,,,,,,,,0.000,1.033,Device,Pageable,NVIDIA A100-SXM4-40GB MIG 4g.20gb (0),1,,7,[CUDA memcpy Device-to-Host]
5343739961,12960,364474,1434,1,1,128,1,1,16,0.000,0.000,,,,,NVIDIA A100-SXM4-40GB MIG 4g.20gb (0),1,,13,cupy_copy__complex64_complex64
5343764409,2848,364481,103,1,1,128,1,1,16,0.000,0.000,,,,,NVIDIA A100-SXM4-40GB MIG 4g.20gb (0),1,,13,cupy_copy__complex64_complex64
5343785273,2336,364488,35,1,1,128,1,1,16,0.000,0.000,,,,,NVIDIA A100-SXM4-40GB MIG 4g.20gb (0),1,,13,cupy_copy__complex64_complex64
5343806745,1760,364495,1,1,1,1,1,1,18,0.000,0.000,,,,,NVIDIA A100-SXM4-40GB MIG 4g.20gb (0),1,,13,cupy_copy__float32_float32
5343935287,83135,364506,1,1,1,32,32,1,30,0.000,0.000,,,,,NVIDIA A100-SXM4-40GB MIG 4g.20gb (0),1,,13,"void convert_kernel<__half2, float2>(tensor_layout_any, T1 *, tensor_layout_any, const T2 *)"
5344046902,6144,364509,,,,,,,,,,0.094,15249.961,Pinned,Device,NVIDIA A100-SXM4-40GB MIG 4g.20gb (0),1,,13,[CUDA memcpy Host-to-Device]
5344061877,3488,364510,,,,,,,,,,1.547,443412.461,Device,,NVIDIA A100-SXM4-40GB MIG 4g.20gb (0),1,,13,[CUDA memset]
5344069909,3040,364515,,,,,,,,,,0.031,10294.725,Pinned,Device,NVIDIA A100-SXM4-40GB MIG 4g.20gb (0),1,,13,[CUDA memcpy Host-to-Device]
5344076405,9568,364516,,,,,,,,,,0.197,20548.485,Pinned,Device,NVIDIA A100-SXM4-40GB MIG 4g.20gb (0),1,,13,[CUDA memcpy Host-to-Device]
5344091541,6400,364517,273,1,1,8,4,1,39,0.002,0.000,,,,,NVIDIA A100-SXM4-40GB MIG 4g.20gb (0),1,,13,"void channel_eq::eqMmseCoefCompLowMimoKernel<float, float, float, (unsigned int)4, (unsigned int)1, (unsigned int)4>(const channel_eq::_puschRxChEqStatDescr *, channel_eq::_puschRxChEqCoefCompDynDescr)"
5344099061,5760,364518,273,1,1,12,11,1,51,0.002,0.000,,,,,NVIDIA A100-SXM4-40GB MIG 4g.20gb (0),1,,13,"void channel_eq::eqMmseSoftDemapKernel<float, __half, __half, float, (unsigned int)4, (unsigned short)16383>(channel_eq::_puschRxChEqStatDescr *, channel_eq::_puschRxChEqSoftDemapDynDescr)"
5344105941,282652,364519,1,1,1,32,32,1,30,0.000,0.000,,,,,NVIDIA A100-SXM4-40GB MIG 4g.20gb (0),1,,13,"void convert_kernel<float2, __half2>(tensor_layout_any, T1 *, tensor_layout_any, const T2 *)"
5344390065,10848,364531,2253,1,1,128,1,1,16,0.000,0.000,,,,,NVIDIA A100-SXM4-40GB MIG 4g.20gb (0),1,,13,cupy_copy__float16_float16
5344402481,3712,364540,282,1,1,128,1,1,16,0.000,0.000,,,,,NVIDIA A100-SXM4-40GB MIG 4g.20gb (0),1,,13,cupy_copy__complex64_complex64
5344409617,2016,364549,26,1,1,128,1,1,16,0.000,0.000,,,,,NVIDIA A100-SXM4-40GB MIG 4g.20gb (0),1,,13,cupy_copy__float32_float32
5344414929,3168,364558,103,1,1,128,1,1,16,0.000,0.000,,,,,NVIDIA A100-SXM4-40GB MIG 4g.20gb (0),1,,13,cupy_copy__complex64_complex64
5344419217,11936,364568,1434,1,1,128,1,1,16,0.000,0.000,,,,,NVIDIA A100-SXM4-40GB MIG 4g.20gb (0),1,,13,cupy_copy__complex64_complex64
5344439281,87391,364573,1,1,1,32,32,1,30,0.000,0.000,,,,,NVIDIA A100-SXM4-40GB MIG 4g.20gb (0),1,,13,"void convert_kernel<__half2, float2>(tensor_layout_any, T1 *, tensor_layout_any, const T2 *)"
5344553935,5568,364576,,,,,,,,,,0.094,16827.521,Pinned,Device,NVIDIA A100-SXM4-40GB MIG 4g.20gb (0),1,,13,[CUDA memcpy Host-to-Device]
5344564783,597625,364577,,,,,,,,,,456.561,763827.289,Device,,NVIDIA A100-SXM4-40GB MIG 4g.20gb (0),1,,13,[CUDA memset]
5345165608,118974,364582,,,,,,,,,,1.235,10379.704,Pinned,Device,NVIDIA A100-SXM4-40GB MIG 4g.20gb (0),1,,13,[CUDA memcpy Host-to-Device]
5345297030,39456,364583,,,,,,,,,,0.197,4982.833,Pinned,Device,NVIDIA A100-SXM4-40GB MIG 4g.20gb (0),1,,13,[CUDA memcpy Host-to-Device]
5345357125,8320,364584,69,4,1,48,1,1,76,0.002,0.000,,,,,NVIDIA A100-SXM4-40GB MIG 4g.20gb (0),1,,13,"void ch_est::windowedChEstPreNoDftSOfdmKernel<float, __half, float, (unsigned int)2, (unsigned int)1, (unsigned short)4>(ch_est::puschRxChEstStatDescr_t *, ch_est::puschRxChEstDynDescr_t *)"
5345376389,6688,364585,137,2,1,24,2,1,44,0.001,0.001,,,,,NVIDIA A100-SXM4-40GB MIG 4g.20gb (0),1,,13,"void ch_est::chEstFilterNoDftSOfdmDispatchKernel<float, __half, float, (unsigned int)2>(ch_est::puschRxChEstStatDescr_t *, ch_est::puschRxChEstDynDescr_t *)"
5345393285,4736,364586,137,2,1,24,2,1,44,0.001,0.001,,,,,NVIDIA A100-SXM4-40GB MIG 4g.20gb (0),1,,13,"void ch_est::chEstFilterNoDftSOfdmDispatchKernel<float, __half, float, (unsigned int)2>(ch_est::puschRxChEstStatDescr_t *, ch_est::puschRxChEstDynDescr_t *)"
5345410693,2528,364597,103,1,1,128,1,1,16,0.000,0.000,,,,,NVIDIA A100-SXM4-40GB MIG 4g.20gb (0),1,,13,cupy_copy__complex64_complex64
5345428485,12255,364607,1434,1,1,128,1,1,16,0.000,0.000,,,,,NVIDIA A100-SXM4-40GB MIG 4g.20gb (0),1,,13,cupy_copy__complex64_complex64
5345448644,2912,364614,103,1,1,128,1,1,16,0.000,0.000,,,,,NVIDIA A100-SXM4-40GB MIG 4g.20gb (0),1,,13,cupy_copy__complex64_complex64
5345469956,82623,364621,1,1,1,32,32,1,30,0.000,0.000,,,,,NVIDIA A100-SXM4-40GB MIG 4g.20gb (0),1,,13,"void convert_kernel<__half2, float2>(tensor_layout_any, T1 *, tensor_layout_any, const T2 *)"
5345588323,25887,364624,,,,,,,,,,0.094,3619.383,Pinned,Device,NVIDIA A100-SXM4-40GB MIG 4g.20gb (0),1,,13,[CUDA memcpy Host-to-Device]
5345628866,47328,364625,,,,,,,,,,35.810,756627.800,Device,,NVIDIA A100-SXM4-40GB MIG 4g.20gb (0),1,,13,[CUDA memset]
5345681889,13728,364627,,,,,,,,,,0.000,5.827,Pinned,Device,NVIDIA A100-SXM4-40GB MIG 4g.20gb (0),1,,13,[CUDA memcpy Host-to-Device]
5345707041,32064,364628,,,,,,,,,,0.197,6131.614,Pinned,Device,NVIDIA A100-SXM4-40GB MIG 4g.20gb (0),1,,13,[CUDA memcpy Host-to-Device]
5345755297,9599,364629,273,1,1,48,1,1,40,0.000,0.001,,,,,NVIDIA A100-SXM4-40GB MIG 4g.20gb (0),1,,13,"void pusch_noise_intf_est::noiseIntfEstNoDftSOfdmKernel<float, __half, float, float, (unsigned int)2, (unsigned int)1, (unsigned char)4, (unsigned char)4>(pusch_noise_intf_est::puschRxNoiseIntfEstDynDescr)"
5345771776,2816,364640,35,1,1,128,1,1,16,0.000,0.000,,,,,NVIDIA A100-SXM4-40GB MIG 4g.20gb (0),1,,13,cupy_copy__complex64_complex64
5345785024,1696,364649,1,1,1,1,1,1,18,0.000,0.000,,,,,NVIDIA A100-SXM4-40GB MIG 4g.20gb (0),1,,13,cupy_copy__float32_float32
5345787776,7008,364655,,,,,,,,,,0.000,0.571,Device,Pageable,NVIDIA A100-SXM4-40GB MIG 4g.20gb (0),1,,7,[CUDA memcpy Device-to-Host]
5345871551,13184,364666,1434,1,1,128,1,1,16,0.000,0.000,,,,,NVIDIA A100-SXM4-40GB MIG 4g.20gb (0),1,,13,cupy_copy__complex64_complex64
5345898207,2976,364673,103,1,1,128,1,1,16,0.000,0.000,,,,,NVIDIA A100-SXM4-40GB MIG 4g.20gb (0),1,,13,cupy_copy__complex64_complex64
5345915295,2528,364680,35,1,1,128,1,1,16,0.000,0.000,,,,,NVIDIA A100-SXM4-40GB MIG 4g.20gb (0),1,,13,cupy_copy__complex64_complex64
5345941150,1952,364687,1,1,1,1,1,1,18,0.000,0.000,,,,,NVIDIA A100-SXM4-40GB MIG 4g.20gb (0),1,,13,cupy_copy__float32_float32
5346074461,86975,364698,1,1,1,32,32,1,30,0.000,0.000,,,,,NVIDIA A100-SXM4-40GB MIG 4g.20gb (0),1,,13,"void convert_kernel<__half2, float2>(tensor_layout_any, T1 *, tensor_layout_any, const T2 *)"
5346190075,13824,364701,,,,,,,,,,0.094,6777.688,Pinned,Device,NVIDIA A100-SXM4-40GB MIG 4g.20gb (0),1,,13,[CUDA memcpy Host-to-Device]
5346216251,3424,364702,,,,,,,,,,1.547,451700.819,Device,,NVIDIA A100-SXM4-40GB MIG 4g.20gb (0),1,,13,[CUDA memset]
5346222235,3968,364707,,,,,,,,,,0.031,7887.093,Pinned,Device,NVIDIA A100-SXM4-40GB MIG 4g.20gb (0),1,,13,[CUDA memcpy Host-to-Device]
5346230427,11936,364708,,,,,,,,,,0.197,16471.818,Pinned,Device,NVIDIA A100-SXM4-40GB MIG 4g.20gb (0),1,,13,[CUDA memcpy Host-to-Device]
5346248507,6239,364709,273,1,1,8,4,1,39,0.002,0.000,,,,,NVIDIA A100-SXM4-40GB MIG 4g.20gb (0),1,,13,"void channel_eq::eqMmseCoefCompLowMimoKernel<float, float, float, (unsigned int)4, (unsigned int)1, (unsigned int)4>(const channel_eq::_puschRxChEqStatDescr *, channel_eq::_puschRxChEqCoefCompDynDescr)"
5346257946,6080,364710,273,1,1,12,11,1,51,0.002,0.000,,,,,NVIDIA A100-SXM4-40GB MIG 4g.20gb (0),1,,13,"void channel_eq::eqMmseSoftDemapKernel<float, __half, __half, float, (unsigned int)4, (unsigned short)16383>(channel_eq::_puschRxChEqStatDescr *, channel_eq::_puschRxChEqSoftDemapDynDescr)"
5346264986,283197,364711,1,1,1,32,32,1,30,0.000,0.000,,,,,NVIDIA A100-SXM4-40GB MIG 4g.20gb (0),1,,13,"void convert_kernel<float2, __half2>(tensor_layout_any, T1 *, tensor_layout_any, const T2 *)"
5346550551,10976,364723,2253,1,1,128,1,1,16,0.000,0.000,,,,,NVIDIA A100-SXM4-40GB MIG 4g.20gb (0),1,,13,cupy_copy__float16_float16
5346563799,3232,364732,282,1,1,128,1,1,16,0.000,0.000,,,,,NVIDIA A100-SXM4-40GB MIG 4g.20gb (0),1,,13,cupy_copy__complex64_complex64
5346568023,2048,364741,26,1,1,128,1,1,16,0.000,0.000,,,,,NVIDIA A100-SXM4-40GB MIG 4g.20gb (0),1,,13,cupy_copy__float32_float32
5346573271,4799,364750,103,1,1,128,1,1,16,0.000,0.000,,,,,NVIDIA A100-SXM4-40GB MIG 4g.20gb (0),1,,13,cupy_copy__complex64_complex64
5346580182,11936,364760,1434,1,1,128,1,1,16,0.000,0.000,,,,,NVIDIA A100-SXM4-40GB MIG 4g.20gb (0),1,,13,cupy_copy__complex64_complex64
5346595830,87391,364765,1,1,1,32,32,1,30,0.000,0.000,,,,,NVIDIA A100-SXM4-40GB MIG 4g.20gb (0),1,,13,"void convert_kernel<__half2, float2>(tensor_layout_any, T1 *, tensor_layout_any, const T2 *)"
5346710261,5760,364768,,,,,,,,,,0.094,16266.656,Pinned,Device,NVIDIA A100-SXM4-40GB MIG 4g.20gb (0),1,,13,[CUDA memcpy Host-to-Device]
5346721173,599896,364769,,,,,,,,,,456.561,760631.359,Device,,NVIDIA A100-SXM4-40GB MIG 4g.20gb (0),1,,13,[CUDA memset]
5347325005,141374,364774,,,,,,,,,,1.235,8734.759,Pinned,Device,NVIDIA A100-SXM4-40GB MIG 4g.20gb (0),1,,13,[CUDA memcpy Host-to-Device]
5347479403,41632,364775,,,,,,,,,,0.197,4722.328,Pinned,Device,NVIDIA A100-SXM4-40GB MIG 4g.20gb (0),1,,13,[CUDA memcpy Host-to-Device]
5347548106,8256,364776,69,4,1,48,1,1,76,0.002,0.000,,,,,NVIDIA A100-SXM4-40GB MIG 4g.20gb (0),1,,13,"void ch_est::windowedChEstPreNoDftSOfdmKernel<float, __half, float, (unsigned int)2, (unsigned int)1, (unsigned short)4>(ch_est::puschRxChEstStatDescr_t *, ch_est::puschRxChEstDynDescr_t *)"
5347565066,6624,364777,137,2,1,24,2,1,44,0.001,0.001,,,,,NVIDIA A100-SXM4-40GB MIG 4g.20gb (0),1,,13,"void ch_est::chEstFilterNoDftSOfdmDispatchKernel<float, __half, float, (unsigned int)2>(ch_est::puschRxChEstStatDescr_t *, ch_est::puschRxChEstDynDescr_t *)"
5347580234,5120,364778,137,2,1,24,2,1,44,0.001,0.001,,,,,NVIDIA A100-SXM4-40GB MIG 4g.20gb (0),1,,13,"void ch_est::chEstFilterNoDftSOfdmDispatchKernel<float, __half, float, (unsigned int)2>(ch_est::puschRxChEstStatDescr_t *, ch_est::puschRxChEstDynDescr_t *)"
5347593642,2688,364789,103,1,1,128,1,1,16,0.000,0.000,,,,,NVIDIA A100-SXM4-40GB MIG 4g.20gb (0),1,,13,cupy_copy__complex64_complex64
5347608842,12416,364799,1434,1,1,128,1,1,16,0.000,0.000,,,,,NVIDIA A100-SXM4-40GB MIG 4g.20gb (0),1,,13,cupy_copy__complex64_complex64
5347643913,2688,364806,103,1,1,128,1,1,16,0.000,0.000,,,,,NVIDIA A100-SXM4-40GB MIG 4g.20gb (0),1,,13,cupy_copy__complex64_complex64
5347656873,88063,364813,1,1,1,32,32,1,30,0.000,0.000,,,,,NVIDIA A100-SXM4-40GB MIG 4g.20gb (0),1,,13,"void convert_kernel<__half2, float2>(tensor_layout_any, T1 *, tensor_layout_any, const T2 *)"
5347773320,13088,364816,,,,,,,,,,0.094,7158.843,Pinned,Device,NVIDIA A100-SXM4-40GB MIG 4g.20gb (0),1,,13,[CUDA memcpy Host-to-Device]
5347796199,47264,364817,,,,,,,,,,35.810,757630.477,Device,,NVIDIA A100-SXM4-40GB MIG 4g.20gb (0),1,,13,[CUDA memset]
5347850375,5408,364819,,,,,,,,,,0.000,14.793,Pinned,Device,NVIDIA A100-SXM4-40GB MIG 4g.20gb (0),1,,13,[CUDA memcpy Host-to-Device]
5347861383,23935,364820,,,,,,,,,,0.197,8214.086,Pinned,Device,NVIDIA A100-SXM4-40GB MIG 4g.20gb (0),1,,13,[CUDA memcpy Host-to-Device]
5347896998,9696,364821,273,1,1,48,1,1,40,0.000,0.001,,,,,NVIDIA A100-SXM4-40GB MIG 4g.20gb (0),1,,13,"void pusch_noise_intf_est::noiseIntfEstNoDftSOfdmKernel<float, __half, float, float, (unsigned int)2, (unsigned int)1, (unsigned char)4, (unsigned char)4>(pusch_noise_intf_est::puschRxNoiseIntfEstDynDescr)"
5347910630,2528,364832,35,1,1,128,1,1,16,0.000,0.000,,,,,NVIDIA A100-SXM4-40GB MIG 4g.20gb (0),1,,13,cupy_copy__complex64_complex64
5347924166,1728,364841,1,1,1,1,1,1,18,0.000,0.000,,,,,NVIDIA A100-SXM4-40GB MIG 4g.20gb (0),1,,13,cupy_copy__float32_float32
5347926278,7296,364847,,,,,,,,,,0.000,0.548,Device,Pageable,NVIDIA A100-SXM4-40GB MIG 4g.20gb (0),1,,7,[CUDA memcpy Device-to-Host]
5348012005,12992,364858,1434,1,1,128,1,1,16,0.000,0.000,,,,,NVIDIA A100-SXM4-40GB MIG 4g.20gb (0),1,,13,cupy_copy__complex64_complex64
5348048484,3296,364865,103,1,1,128,1,1,16,0.000,0.000,,,,,NVIDIA A100-SXM4-40GB MIG 4g.20gb (0),1,,13,cupy_copy__complex64_complex64
5348066308,2176,364872,35,1,1,128,1,1,16,0.000,0.000,,,,,NVIDIA A100-SXM4-40GB MIG 4g.20gb (0),1,,13,cupy_copy__complex64_complex64
5348072548,1728,364879,1,1,1,1,1,1,18,0.000,0.000,,,,,NVIDIA A100-SXM4-40GB MIG 4g.20gb (0),1,,13,cupy_copy__float32_float32
5348209570,87231,364890,1,1,1,32,32,1,30,0.000,0.000,,,,,NVIDIA A100-SXM4-40GB MIG 4g.20gb (0),1,,13,"void convert_kernel<__half2, float2>(tensor_layout_any, T1 *, tensor_layout_any, const T2 *)"
5348332001,17472,364893,,,,,,,,,,0.094,5362.597,Pinned,Device,NVIDIA A100-SXM4-40GB MIG 4g.20gb (0),1,,13,[CUDA memcpy Host-to-Device]
5348369600,3296,364894,,,,,,,,,,1.547,469242.628,Device,,NVIDIA A100-SXM4-40GB MIG 4g.20gb (0),1,,13,[CUDA memset]
5348376704,7104,364899,,,,,,,,,,0.031,4405.381,Pinned,Device,NVIDIA A100-SXM4-40GB MIG 4g.20gb (0),1,,13,[CUDA memcpy Host-to-Device]
5348395072,28288,364900,,,,,,,,,,0.197,6950.093,Pinned,Device,NVIDIA A100-SXM4-40GB MIG 4g.20gb (0),1,,13,[CUDA memcpy Host-to-Device]
5348441663,6208,364901,273,1,1,8,4,1,39,0.002,0.000,,,,,NVIDIA A100-SXM4-40GB MIG 4g.20gb (0),1,,13,"void channel_eq::eqMmseCoefCompLowMimoKernel<float, float, float, (unsigned int)4, (unsigned int)1, (unsigned int)4>(const channel_eq::_puschRxChEqStatDescr *, channel_eq::_puschRxChEqCoefCompDynDescr)"
5348455647,6208,364902,273,1,1,12,11,1,51,0.002,0.000,,,,,NVIDIA A100-SXM4-40GB MIG 4g.20gb (0),1,,13,"void channel_eq::eqMmseSoftDemapKernel<float, __half, __half, float, (unsigned int)4, (unsigned short)16383>(channel_eq::_puschRxChEqStatDescr *, channel_eq::_puschRxChEqSoftDemapDynDescr)"
5348469055,282461,364903,1,1,1,32,32,1,30,0.000,0.000,,,,,NVIDIA A100-SXM4-40GB MIG 4g.20gb (0),1,,13,"void convert_kernel<float2, __half2>(tensor_layout_any, T1 *, tensor_layout_any, const T2 *)"
5348758588,11039,364915,2253,1,1,128,1,1,16,0.000,0.000,,,,,NVIDIA A100-SXM4-40GB MIG 4g.20gb (0),1,,13,cupy_copy__float16_float16
5348772283,3040,364924,282,1,1,128,1,1,16,0.000,0.000,,,,,NVIDIA A100-SXM4-40GB MIG 4g.20gb (0),1,,13,cupy_copy__complex64_complex64
5348781211,2272,364933,26,1,1,128,1,1,16,0.000,0.000,,,,,NVIDIA A100-SXM4-40GB MIG 4g.20gb (0),1,,13,cupy_copy__float32_float32
5348788603,3264,364942,103,1,1,128,1,1,16,0.000,0.000,,,,,NVIDIA A100-SXM4-40GB MIG 4g.20gb (0),1,,13,cupy_copy__complex64_complex64
5348794235,12384,364952,1434,1,1,128,1,1,16,0.000,0.000,,,,,NVIDIA A100-SXM4-40GB MIG 4g.20gb (0),1,,13,cupy_copy__complex64_complex64
5348809755,82879,364957,1,1,1,32,32,1,30,0.000,0.000,,,,,NVIDIA A100-SXM4-40GB MIG 4g.20gb (0),1,,13,"void convert_kernel<__half2, float2>(tensor_layout_any, T1 *, tensor_layout_any, const T2 *)"
5348919386,5568,364960,,,,,,,,,,0.094,16827.521,Pinned,Device,NVIDIA A100-SXM4-40GB MIG 4g.20gb (0),1,,13,[CUDA memcpy Host-to-Device]
5348929593,598617,364961,,,,,,,,,,456.561,762457.605,Device,,NVIDIA A100-SXM4-40GB MIG 4g.20gb (0),1,,13,[CUDA memset]
5349532786,118207,364966,,,,,,,,,,1.235,10446.391,Pinned,Device,NVIDIA A100-SXM4-40GB MIG 4g.20gb (0),1,,13,[CUDA memcpy Host-to-Device]
5349657201,18335,364967,,,,,,,,,,0.197,10723.000,Pinned,Device,NVIDIA A100-SXM4-40GB MIG 4g.20gb (0),1,,13,[CUDA memcpy Host-to-Device]
5349693552,9216,364968,69,4,1,48,1,1,76,0.002,0.000,,,,,NVIDIA A100-SXM4-40GB MIG 4g.20gb (0),1,,13,"void ch_est::windowedChEstPreNoDftSOfdmKernel<float, __half, float, (unsigned int)2, (unsigned int)1, (unsigned short)4>(ch_est::puschRxChEstStatDescr_t *, ch_est::puschRxChEstDynDescr_t *)"
5349705424,7072,364969,137,2,1,24,2,1,44,0.001,0.001,,,,,NVIDIA A100-SXM4-40GB MIG 4g.20gb (0),1,,13,"void ch_est::chEstFilterNoDftSOfdmDispatchKernel<float, __half, float, (unsigned int)2>(ch_est::puschRxChEstStatDescr_t *, ch_est::puschRxChEstDynDescr_t *)"
5349719824,6208,364970,137,2,1,24,2,1,44,0.001,0.001,,,,,NVIDIA A100-SXM4-40GB MIG 4g.20gb (0),1,,13,"void ch_est::chEstFilterNoDftSOfdmDispatchKernel<float, __half, float, (unsigned int)2>(ch_est::puschRxChEstStatDescr_t *, ch_est::puschRxChEstDynDescr_t *)"
5349734992,2496,364981,103,1,1,128,1,1,16,0.000,0.000,,,,,NVIDIA A100-SXM4-40GB MIG 4g.20gb (0),1,,13,cupy_copy__complex64_complex64
5349745263,12992,364991,1434,1,1,128,1,1,16,0.000,0.000,,,,,NVIDIA A100-SXM4-40GB MIG 4g.20gb (0),1,,13,cupy_copy__complex64_complex64
5349777583,2560,364998,103,1,1,128,1,1,16,0.000,0.000,,,,,NVIDIA A100-SXM4-40GB MIG 4g.20gb (0),1,,13,cupy_copy__complex64_complex64
5349789935,92511,365005,1,1,1,32,32,1,30,0.000,0.000,,,,,NVIDIA A100-SXM4-40GB MIG 4g.20gb (0),1,,13,"void convert_kernel<__half2, float2>(tensor_layout_any, T1 *, tensor_layout_any, const T2 *)"
5349911117,23328,365008,,,,,,,,,,0.094,4016.373,Pinned,Device,NVIDIA A100-SXM4-40GB MIG 4g.20gb (0),1,,13,[CUDA memcpy Host-to-Device]
5349960493,47455,365009,,,,,,,,,,35.810,754586.634,Device,,NVIDIA A100-SXM4-40GB MIG 4g.20gb (0),1,,13,[CUDA memset]
5350014380,8832,365011,,,,,,,,,,0.000,9.058,Pinned,Device,NVIDIA A100-SXM4-40GB MIG 4g.20gb (0),1,,13,[CUDA memcpy Host-to-Device]
5350034732,21312,365012,,,,,,,,,,0.197,9225.044,Pinned,Device,NVIDIA A100-SXM4-40GB MIG 4g.20gb (0),1,,13,[CUDA memcpy Host-to-Device]
5350083499,8832,365013,273,1,1,48,1,1,40,0.000,0.001,,,,,NVIDIA A100-SXM4-40GB MIG 4g.20gb (0),1,,13,"void pusch_noise_intf_est::noiseIntfEstNoDftSOfdmKernel<float, __half, float, float, (unsigned int)2, (unsigned int)1, (unsigned char)4, (unsigned char)4>(pusch_noise_intf_est::puschRxNoiseIntfEstDynDescr)"
5350096715,2688,365024,35,1,1,128,1,1,16,0.000,0.000,,,,,NVIDIA A100-SXM4-40GB MIG 4g.20gb (0),1,,13,cupy_copy__complex64_complex64
5350112363,1824,365033,1,1,1,1,1,1,18,0.000,0.000,,,,,NVIDIA A100-SXM4-40GB MIG 4g.20gb (0),1,,13,cupy_copy__float32_float32
5350121899,1728,365039,,,,,,,,,,0.000,2.315,Device,Pageable,NVIDIA A100-SXM4-40GB MIG 4g.20gb (0),1,,7,[CUDA memcpy Device-to-Host]
5350211498,12704,365050,1434,1,1,128,1,1,16,0.000,0.000,,,,,NVIDIA A100-SXM4-40GB MIG 4g.20gb (0),1,,13,cupy_copy__complex64_complex64
5350230985,2816,365057,103,1,1,128,1,1,16,0.000,0.000,,,,,NVIDIA A100-SXM4-40GB MIG 4g.20gb (0),1,,13,cupy_copy__complex64_complex64
5350249993,2464,365064,35,1,1,128,1,1,16,0.000,0.000,,,,,NVIDIA A100-SXM4-40GB MIG 4g.20gb (0),1,,13,cupy_copy__complex64_complex64
5350277705,1952,365071,1,1,1,1,1,1,18,0.000,0.000,,,,,NVIDIA A100-SXM4-40GB MIG 4g.20gb (0),1,,13,cupy_copy__float32_float32
5350414119,87935,365082,1,1,1,32,32,1,30,0.000,0.000,,,,,NVIDIA A100-SXM4-40GB MIG 4g.20gb (0),1,,13,"void convert_kernel<__half2, float2>(tensor_layout_any, T1 *, tensor_layout_any, const T2 *)"
5350535366,15199,365085,,,,,,,,,,0.094,6164.541,Pinned,Device,NVIDIA A100-SXM4-40GB MIG 4g.20gb (0),1,,13,[CUDA memcpy Host-to-Device]
5350565157,3392,365086,,,,,,,,,,1.547,455961.768,Device,,NVIDIA A100-SXM4-40GB MIG 4g.20gb (0),1,,13,[CUDA memset]
5350573477,8064,365091,,,,,,,,,,0.031,3880.923,Pinned,Device,NVIDIA A100-SXM4-40GB MIG 4g.20gb (0),1,,13,[CUDA memcpy Host-to-Device]
5350586149,17248,365092,,,,,,,,,,0.197,11398.742,Pinned,Device,NVIDIA A100-SXM4-40GB MIG 4g.20gb (0),1,,13,[CUDA memcpy Host-to-Device]
5350614405,8128,365093,273,1,1,8,4,1,39,0.002,0.000,,,,,NVIDIA A100-SXM4-40GB MIG 4g.20gb (0),1,,13,"void channel_eq::eqMmseCoefCompLowMimoKernel<float, float, float, (unsigned int)4, (unsigned int)1, (unsigned int)4>(const channel_eq::_puschRxChEqStatDescr *, channel_eq::_puschRxChEqCoefCompDynDescr)"
5350629445,7199,365094,273,1,1,12,11,1,51,0.002,0.000,,,,,NVIDIA A100-SXM4-40GB MIG 4g.20gb (0),1,,13,"void channel_eq::eqMmseSoftDemapKernel<float, __half, __half, float, (unsigned int)4, (unsigned short)16383>(channel_eq::_puschRxChEqStatDescr *, channel_eq::_puschRxChEqSoftDemapDynDescr)"
5350638404,282493,365095,1,1,1,32,32,1,30,0.000,0.000,,,,,NVIDIA A100-SXM4-40GB MIG 4g.20gb (0),1,,13,"void convert_kernel<float2, __half2>(tensor_layout_any, T1 *, tensor_layout_any, const T2 *)"
5350923553,11008,365107,2253,1,1,128,1,1,16,0.000,0.000,,,,,NVIDIA A100-SXM4-40GB MIG 4g.20gb (0),1,,13,cupy_copy__float16_float16
5350936129,3680,365116,282,1,1,128,1,1,16,0.000,0.000,,,,,NVIDIA A100-SXM4-40GB MIG 4g.20gb (0),1,,13,cupy_copy__complex64_complex64
5350942657,2016,365125,26,1,1,128,1,1,16,0.000,0.000,,,,,NVIDIA A100-SXM4-40GB MIG 4g.20gb (0),1,,13,cupy_copy__float32_float32
5350946721,4576,365134,103,1,1,128,1,1,16,0.000,0.000,,,,,NVIDIA A100-SXM4-40GB MIG 4g.20gb (0),1,,13,cupy_copy__complex64_complex64
5350953665,11871,365144,1434,1,1,128,1,1,16,0.000,0.000,,,,,NVIDIA A100-SXM4-40GB MIG 4g.20gb (0),1,,13,cupy_copy__complex64_complex64
5350967712,82591,365149,1,1,1,32,32,1,30,0.000,0.000,,,,,NVIDIA A100-SXM4-40GB MIG 4g.20gb (0),1,,13,"void convert_kernel<__half2, float2>(tensor_layout_any, T1 *, tensor_layout_any, const T2 *)"
5351077823,5824,365152,,,,,,,,,,0.094,16087.884,Pinned,Device,NVIDIA A100-SXM4-40GB MIG 4g.20gb (0),1,,13,[CUDA memcpy Host-to-Device]
5351087487,595673,365153,,,,,,,,,,456.561,766110.096,Device,,NVIDIA A100-SXM4-40GB MIG 4g.20gb (0),1,,13,[CUDA memset]
5351684696,149406,365158,,,,,,,,,,1.235,8265.480,Pinned,Device,NVIDIA A100-SXM4-40GB MIG 4g.20gb (0),1,,13,[CUDA memcpy Host-to-Device]
5351847318,39103,365159,,,,,,,,,,0.197,5027.856,Pinned,Device,NVIDIA A100-SXM4-40GB MIG 4g.20gb (0),1,,13,[CUDA memcpy Host-to-Device]
5351902197,8160,365160,69,4,1,48,1,1,76,0.002,0.000,,,,,NVIDIA A100-SXM4-40GB MIG 4g.20gb (0),1,,13,"void ch_est::windowedChEstPreNoDftSOfdmKernel<float, __half, float, (unsigned int)2, (unsigned int)1, (unsigned short)4>(ch_est::puschRxChEstStatDescr_t *, ch_est::puschRxChEstDynDescr_t *)"
5351919285,6688,365161,137,2,1,24,2,1,44,0.001,0.001,,,,,NVIDIA A100-SXM4-40GB MIG 4g.20gb (0),1,,13,"void ch_est::chEstFilterNoDftSOfdmDispatchKernel<float, __half, float, (unsigned int)2>(ch_est::puschRxChEstStatDescr_t *, ch_est::puschRxChEstDynDescr_t *)"
5351933524,4736,365162,137,2,1,24,2,1,44,0.001,0.001,,,,,NVIDIA A100-SXM4-40GB MIG 4g.20gb (0),1,,13,"void ch_est::chEstFilterNoDftSOfdmDispatchKernel<float, __half, float, (unsigned int)2>(ch_est::puschRxChEstStatDescr_t *, ch_est::puschRxChEstDynDescr_t *)"
5351949652,2592,365173,103,1,1,128,1,1,16,0.000,0.000,,,,,NVIDIA A100-SXM4-40GB MIG 4g.20gb (0),1,,13,cupy_copy__complex64_complex64
5351963380,12672,365183,1434,1,1,128,1,1,16,0.000,0.000,,,,,NVIDIA A100-SXM4-40GB MIG 4g.20gb (0),1,,13,cupy_copy__complex64_complex64
5351992052,2528,365190,103,1,1,128,1,1,16,0.000,0.000,,,,,NVIDIA A100-SXM4-40GB MIG 4g.20gb (0),1,,13,cupy_copy__complex64_complex64
5352009396,90622,365197,1,1,1,32,32,1,30,0.000,0.000,,,,,NVIDIA A100-SXM4-40GB MIG 4g.20gb (0),1,,13,"void convert_kernel<__half2, float2>(tensor_layout_any, T1 *, tensor_layout_any, const T2 *)"
5352129714,9536,365200,,,,,,,,,,0.094,9825.431,Pinned,Device,NVIDIA A100-SXM4-40GB MIG 4g.20gb (0),1,,13,[CUDA memcpy Host-to-Device]
5352147282,47583,365201,,,,,,,,,,35.810,752545.469,Device,,NVIDIA A100-SXM4-40GB MIG 4g.20gb (0),1,,13,[CUDA memset]
5352200337,8704,365203,,,,,,,,,,0.000,9.191,Pinned,Device,NVIDIA A100-SXM4-40GB MIG 4g.20gb (0),1,,13,[CUDA memcpy Host-to-Device]
5352216049,18464,365204,,,,,,,,,,0.197,10648.093,Pinned,Device,NVIDIA A100-SXM4-40GB MIG 4g.20gb (0),1,,13,[CUDA memcpy Host-to-Device]
5352247953,9567,365205,273,1,1,48,1,1,40,0.000,0.001,,,,,NVIDIA A100-SXM4-40GB MIG 4g.20gb (0),1,,13,"void pusch_noise_intf_est::noiseIntfEstNoDftSOfdmKernel<float, __half, float, float, (unsigned int)2, (unsigned int)1, (unsigned char)4, (unsigned char)4>(pusch_noise_intf_est::puschRxNoiseIntfEstDynDescr)"
5352269520,2624,365216,35,1,1,128,1,1,16,0.000,0.000,,,,,NVIDIA A100-SXM4-40GB MIG 4g.20gb (0),1,,13,cupy_copy__complex64_complex64
5352282352,1664,365225,1,1,1,1,1,1,18,0.000,0.000,,,,,NVIDIA A100-SXM4-40GB MIG 4g.20gb (0),1,,13,cupy_copy__float32_float32
5352289296,2944,365231,,,,,,,,,,0.000,1.359,Device,Pageable,NVIDIA A100-SXM4-40GB MIG 4g.20gb (0),1,,7,[CUDA memcpy Device-to-Host]
5352372591,12896,365242,1434,1,1,128,1,1,16,0.000,0.000,,,,,NVIDIA A100-SXM4-40GB MIG 4g.20gb (0),1,,13,cupy_copy__complex64_complex64
5352399887,3040,365249,103,1,1,128,1,1,16,0.000,0.000,,,,,NVIDIA A100-SXM4-40GB MIG 4g.20gb (0),1,,13,cupy_copy__complex64_complex64
5352419214,2688,365256,35,1,1,128,1,1,16,0.000,0.000,,,,,NVIDIA A100-SXM4-40GB MIG 4g.20gb (0),1,,13,cupy_copy__complex64_complex64
5352435662,1760,365263,1,1,1,1,1,1,18,0.000,0.000,,,,,NVIDIA A100-SXM4-40GB MIG 4g.20gb (0),1,,13,cupy_copy__float32_float32
5352562349,82047,365274,1,1,1,32,32,1,30,0.000,0.000,,,,,NVIDIA A100-SXM4-40GB MIG 4g.20gb (0),1,,13,"void convert_kernel<__half2, float2>(tensor_layout_any, T1 *, tensor_layout_any, const T2 *)"
5352672843,5856,365277,,,,,,,,,,0.094,15999.997,Pinned,Device,NVIDIA A100-SXM4-40GB MIG 4g.20gb (0),1,,13,[CUDA memcpy Host-to-Device]
5352687019,3296,365278,,,,,,,,,,1.547,469242.628,Device,,NVIDIA A100-SXM4-40GB MIG 4g.20gb (0),1,,13,[CUDA memset]
5352693707,3392,365283,,,,,,,,,,0.031,9226.405,Pinned,Device,NVIDIA A100-SXM4-40GB MIG 4g.20gb (0),1,,13,[CUDA memcpy Host-to-Device]
5352699691,9376,365284,,,,,,,,,,0.197,20969.226,Pinned,Device,NVIDIA A100-SXM4-40GB MIG 4g.20gb (0),1,,13,[CUDA memcpy Host-to-Device]
5352713419,5952,365285,273,1,1,8,4,1,39,0.002,0.000,,,,,NVIDIA A100-SXM4-40GB MIG 4g.20gb (0),1,,13,"void channel_eq::eqMmseCoefCompLowMimoKernel<float, float, float, (unsigned int)4, (unsigned int)1, (unsigned int)4>(const channel_eq::_puschRxChEqStatDescr *, channel_eq::_puschRxChEqCoefCompDynDescr)"
5352722571,8064,365286,273,1,1,12,11,1,51,0.002,0.000,,,,,NVIDIA A100-SXM4-40GB MIG 4g.20gb (0),1,,13,"void channel_eq::eqMmseSoftDemapKernel<float, __half, __half, float, (unsigned int)4, (unsigned short)16383>(channel_eq::_puschRxChEqStatDescr *, channel_eq::_puschRxChEqSoftDemapDynDescr)"
5352731755,282172,365287,1,1,1,32,32,1,30,0.000,0.000,,,,,NVIDIA A100-SXM4-40GB MIG 4g.20gb (0),1,,13,"void convert_kernel<float2, __half2>(tensor_layout_any, T1 *, tensor_layout_any, const T2 *)"
5353016999,11456,365299,2253,1,1,128,1,1,16,0.000,0.000,,,,,NVIDIA A100-SXM4-40GB MIG 4g.20gb (0),1,,13,cupy_copy__float16_float16
5353030695,2848,365308,282,1,1,128,1,1,16,0.000,0.000,,,,,NVIDIA A100-SXM4-40GB MIG 4g.20gb (0),1,,13,cupy_copy__complex64_complex64
5353037639,2112,365317,26,1,1,128,1,1,16,0.000,0.000,,,,,NVIDIA A100-SXM4-40GB MIG 4g.20gb (0),1,,13,cupy_copy__float32_float32
5353041543,3168,365326,103,1,1,128,1,1,16,0.000,0.000,,,,,NVIDIA A100-SXM4-40GB MIG 4g.20gb (0),1,,13,cupy_copy__complex64_complex64
5353045767,12192,365336,1434,1,1,128,1,1,16,0.000,0.000,,,,,NVIDIA A100-SXM4-40GB MIG 4g.20gb (0),1,,13,cupy_copy__complex64_complex64
5353063079,88094,365341,1,1,1,32,32,1,30,0.000,0.000,,,,,NVIDIA A100-SXM4-40GB MIG 4g.20gb (0),1,,13,"void convert_kernel<__half2, float2>(tensor_layout_any, T1 *, tensor_layout_any, const T2 *)"
5353178469,5856,365344,,,,,,,,,,0.094,15999.997,Pinned,Device,NVIDIA A100-SXM4-40GB MIG 4g.20gb (0),1,,13,[CUDA memcpy Host-to-Device]
5353189445,599353,365345,,,,,,,,,,456.561,761544.482,Device,,NVIDIA A100-SXM4-40GB MIG 4g.20gb (0),1,,13,[CUDA memset]
5353796382,107806,365350,,,,,,,,,,1.235,11454.106,Pinned,Device,NVIDIA A100-SXM4-40GB MIG 4g.20gb (0),1,,13,[CUDA memcpy Host-to-Device]
5353911644,33856,365351,,,,,,,,,,0.197,5807.014,Pinned,Device,NVIDIA A100-SXM4-40GB MIG 4g.20gb (0),1,,13,[CUDA memcpy Host-to-Device]
5353962043,7968,365352,69,4,1,48,1,1,76,0.002,0.000,,,,,NVIDIA A100-SXM4-40GB MIG 4g.20gb (0),1,,13,"void ch_est::windowedChEstPreNoDftSOfdmKernel<float, __half, float, (unsigned int)2, (unsigned int)1, (unsigned short)4>(ch_est::puschRxChEstStatDescr_t *, ch_est::puschRxChEstDynDescr_t *)"
5353978747,6592,365353,137,2,1,24,2,1,44,0.001,0.001,,,,,NVIDIA A100-SXM4-40GB MIG 4g.20gb (0),1,,13,"void ch_est::chEstFilterNoDftSOfdmDispatchKernel<float, __half, float, (unsigned int)2>(ch_est::puschRxChEstStatDescr_t *, ch_est::puschRxChEstDynDescr_t *)"
5353995003,4736,365354,137,2,1,24,2,1,44,0.001,0.001,,,,,NVIDIA A100-SXM4-40GB MIG 4g.20gb (0),1,,13,"void ch_est::chEstFilterNoDftSOfdmDispatchKernel<float, __half, float, (unsigned int)2>(ch_est::puschRxChEstStatDescr_t *, ch_est::puschRxChEstDynDescr_t *)"
5354011515,2528,365365,103,1,1,128,1,1,16,0.000,0.000,,,,,NVIDIA A100-SXM4-40GB MIG 4g.20gb (0),1,,13,cupy_copy__complex64_complex64
5354026459,12672,365375,1434,1,1,128,1,1,16,0.000,0.000,,,,,NVIDIA A100-SXM4-40GB MIG 4g.20gb (0),1,,13,cupy_copy__complex64_complex64
5354061946,2624,365382,103,1,1,128,1,1,16,0.000,0.000,,,,,NVIDIA A100-SXM4-40GB MIG 4g.20gb (0),1,,13,cupy_copy__complex64_complex64
5354078234,92383,365389,1,1,1,32,32,1,30,0.000,0.000,,,,,NVIDIA A100-SXM4-40GB MIG 4g.20gb (0),1,,13,"void convert_kernel<__half2, float2>(tensor_layout_any, T1 *, tensor_layout_any, const T2 *)"
5354208280,23232,365392,,,,,,,,,,0.094,4033.051,Pinned,Device,NVIDIA A100-SXM4-40GB MIG 4g.20gb (0),1,,13,[CUDA memcpy Host-to-Device]
5354248632,46207,365393,,,,,,,,,,35.810,774962.479,Device,,NVIDIA A100-SXM4-40GB MIG 4g.20gb (0),1,,13,[CUDA memset]
5354302519,6464,365395,,,,,,,,,,0.000,12.376,Pinned,Device,NVIDIA A100-SXM4-40GB MIG 4g.20gb (0),1,,13,[CUDA memcpy Host-to-Device]
5354320215,22784,365396,,,,,,,,,,0.197,8629.125,Pinned,Device,NVIDIA A100-SXM4-40GB MIG 4g.20gb (0),1,,13,[CUDA memcpy Host-to-Device]
5354361559,9727,365397,273,1,1,48,1,1,40,0.000,0.001,,,,,NVIDIA A100-SXM4-40GB MIG 4g.20gb (0),1,,13,"void pusch_noise_intf_est::noiseIntfEstNoDftSOfdmKernel<float, __half, float, float, (unsigned int)2, (unsigned int)1, (unsigned char)4, (unsigned char)4>(pusch_noise_intf_est::puschRxNoiseIntfEstDynDescr)"
5354382422,2816,365408,35,1,1,128,1,1,16,0.000,0.000,,,,,NVIDIA A100-SXM4-40GB MIG 4g.20gb (0),1,,13,cupy_copy__complex64_complex64
5354390966,1856,365417,1,1,1,1,1,1,18,0.000,0.000,,,,,NVIDIA A100-SXM4-40GB MIG 4g.20gb (0),1,,13,cupy_copy__float32_float32
5354397750,5056,365423,,,,,,,,,,0.000,0.791,Device,Pageable,NVIDIA A100-SXM4-40GB MIG 4g.20gb (0),1,,7,[CUDA memcpy Device-to-Host]
5354468981,13024,365434,1434,1,1,128,1,1,16,0.000,0.000,,,,,NVIDIA A100-SXM4-40GB MIG 4g.20gb (0),1,,13,cupy_copy__complex64_complex64
5354502517,3584,365441,103,1,1,128,1,1,16,0.000,0.000,,,,,NVIDIA A100-SXM4-40GB MIG 4g.20gb (0),1,,13,cupy_copy__complex64_complex64
5354516341,2336,365448,35,1,1,128,1,1,16,0.000,0.000,,,,,NVIDIA A100-SXM4-40GB MIG 4g.20gb (0),1,,13,cupy_copy__complex64_complex64
5354537620,1792,365455,1,1,1,1,1,1,18,0.000,0.000,,,,,NVIDIA A100-SXM4-40GB MIG 4g.20gb (0),1,,13,cupy_copy__float32_float32
5354671155,81727,365466,1,1,1,32,32,1,30,0.000,0.000,,,,,NVIDIA A100-SXM4-40GB MIG 4g.20gb (0),1,,13,"void convert_kernel<__half2, float2>(tensor_layout_any, T1 *, tensor_layout_any, const T2 *)"
5354781681,5472,365469,,,,,,,,,,0.094,17122.757,Pinned,Device,NVIDIA A100-SXM4-40GB MIG 4g.20gb (0),1,,13,[CUDA memcpy Host-to-Device]
5354795601,3360,365470,,,,,,,,,,1.547,460304.688,Device,,NVIDIA A100-SXM4-40GB MIG 4g.20gb (0),1,,13,[CUDA memset]
5354802161,3232,365475,,,,,,,,,,0.031,9683.139,Pinned,Device,NVIDIA A100-SXM4-40GB MIG 4g.20gb (0),1,,13,[CUDA memcpy Host-to-Device]
5354808465,9376,365476,,,,,,,,,,0.197,20969.226,Pinned,Device,NVIDIA A100-SXM4-40GB MIG 4g.20gb (0),1,,13,[CUDA memcpy Host-to-Device]
5354821585,6272,365477,273,1,1,8,4,1,39,0.002,0.000,,,,,NVIDIA A100-SXM4-40GB MIG 4g.20gb (0),1,,13,"void channel_eq::eqMmseCoefCompLowMimoKernel<float, float, float, (unsigned int)4, (unsigned int)1, (unsigned int)4>(const channel_eq::_puschRxChEqStatDescr *, channel_eq::_puschRxChEqCoefCompDynDescr)"
5354828945,7488,365478,273,1,1,12,11,1,51,0.002,0.000,,,,,NVIDIA A100-SXM4-40GB MIG 4g.20gb (0),1,,13,"void channel_eq::eqMmseSoftDemapKernel<float, __half, __half, float, (unsigned int)4, (unsigned short)16383>(channel_eq::_puschRxChEqStatDescr *, channel_eq::_puschRxChEqSoftDemapDynDescr)"
5354838033,283580,365479,1,1,1,32,32,1,30,0.000,0.000,,,,,NVIDIA A100-SXM4-40GB MIG 4g.20gb (0),1,,13,"void convert_kernel<float2, __half2>(tensor_layout_any, T1 *, tensor_layout_any, const T2 *)"
5355122701,11200,365491,2253,1,1,128,1,1,16,0.000,0.000,,,,,NVIDIA A100-SXM4-40GB MIG 4g.20gb (0),1,,13,cupy_copy__float16_float16
5355137869,3488,365500,282,1,1,128,1,1,16,0.000,0.000,,,,,NVIDIA A100-SXM4-40GB MIG 4g.20gb (0),1,,13,cupy_copy__complex64_complex64
5355143341,2592,365509,26,1,1,128,1,1,16,0.000,0.000,,,,,NVIDIA A100-SXM4-40GB MIG 4g.20gb (0),1,,13,cupy_copy__float32_float32
5355146957,2784,365518,103,1,1,128,1,1,16,0.000,0.000,,,,,NVIDIA A100-SXM4-40GB MIG 4g.20gb (0),1,,13,cupy_copy__complex64_complex64
5355153933,11840,365528,1434,1,1,128,1,1,16,0.000,0.000,,,,,NVIDIA A100-SXM4-40GB MIG 4g.20gb (0),1,,13,cupy_copy__complex64_complex64
5355177772,81887,365533,1,1,1,32,32,1,30,0.000,0.000,,,,,NVIDIA A100-SXM4-40GB MIG 4g.20gb (0),1,,13,"void convert_kernel<__half2, float2>(tensor_layout_any, T1 *, tensor_layout_any, const T2 *)"
5355286347,5952,365536,,,,,,,,,,0.094,15741.865,Pinned,Device,NVIDIA A100-SXM4-40GB MIG 4g.20gb (0),1,,13,[CUDA memcpy Host-to-Device]
5355296683,597561,365537,,,,,,,,,,456.561,763827.289,Device,,NVIDIA A100-SXM4-40GB MIG 4g.20gb (0),1,,13,[CUDA memset]
5355899140,110846,365542,,,,,,,,,,1.235,11140.430,Pinned,Device,NVIDIA A100-SXM4-40GB MIG 4g.20gb (0),1,,13,[CUDA memcpy Host-to-Device]
5356019746,21568,365543,,,,,,,,,,0.197,9115.533,Pinned,Device,NVIDIA A100-SXM4-40GB MIG 4g.20gb (0),1,,13,[CUDA memcpy Host-to-Device]
5356053602,9600,365544,69,4,1,48,1,1,76,0.002,0.000,,,,,NVIDIA A100-SXM4-40GB MIG 4g.20gb (0),1,,13,"void ch_est::windowedChEstPreNoDftSOfdmKernel<float, __half, float, (unsigned int)2, (unsigned int)1, (unsigned short)4>(ch_est::puschRxChEstStatDescr_t *, ch_est::puschRxChEstDynDescr_t *)"
5356071169,6528,365545,137,2,1,24,2,1,44,0.001,0.001,,,,,NVIDIA A100-SXM4-40GB MIG 4g.20gb (0),1,,13,"void ch_est::chEstFilterNoDftSOfdmDispatchKernel<float, __half, float, (unsigned int)2>(ch_est::puschRxChEstStatDescr_t *, ch_est::puschRxChEstDynDescr_t *)"
5356084097,4736,365546,137,2,1,24,2,1,44,0.001,0.001,,,,,NVIDIA A100-SXM4-40GB MIG 4g.20gb (0),1,,13,"void ch_est::chEstFilterNoDftSOfdmDispatchKernel<float, __half, float, (unsigned int)2>(ch_est::puschRxChEstStatDescr_t *, ch_est::puschRxChEstDynDescr_t *)"
5356098465,2432,365557,103,1,1,128,1,1,16,0.000,0.000,,,,,NVIDIA A100-SXM4-40GB MIG 4g.20gb (0),1,,13,cupy_copy__complex64_complex64
5356113121,12352,365567,1434,1,1,128,1,1,16,0.000,0.000,,,,,NVIDIA A100-SXM4-40GB MIG 4g.20gb (0),1,,13,cupy_copy__complex64_complex64
5356127969,2880,365574,103,1,1,128,1,1,16,0.000,0.000,,,,,NVIDIA A100-SXM4-40GB MIG 4g.20gb (0),1,,13,cupy_copy__complex64_complex64
5356144065,89118,365581,1,1,1,32,32,1,30,0.000,0.000,,,,,NVIDIA A100-SXM4-40GB MIG 4g.20gb (0),1,,13,"void convert_kernel<__half2, float2>(tensor_layout_any, T1 *, tensor_layout_any, const T2 *)"
5356268063,20032,365584,,,,,,,,,,0.094,4677.304,Pinned,Device,NVIDIA A100-SXM4-40GB MIG 4g.20gb (0),1,,13,[CUDA memcpy Host-to-Device]
5356302015,47679,365585,,,,,,,,,,35.810,751041.452,Device,,NVIDIA A100-SXM4-40GB MIG 4g.20gb (0),1,,13,[CUDA memset]
5356352318,14976,365587,,,,,,,,,,0.000,5.342,Pinned,Device,NVIDIA A100-SXM4-40GB MIG 4g.20gb (0),1,,13,[CUDA memcpy Host-to-Device]
5356375166,32799,365588,,,,,,,,,,0.197,5994.185,Pinned,Device,NVIDIA A100-SXM4-40GB MIG 4g.20gb (0),1,,13,[CUDA memcpy Host-to-Device]
5356434973,8768,365589,273,1,1,48,1,1,40,0.000,0.001,,,,,NVIDIA A100-SXM4-40GB MIG 4g.20gb (0),1,,13,"void pusch_noise_intf_est::noiseIntfEstNoDftSOfdmKernel<float, __half, float, float, (unsigned int)2, (unsigned int)1, (unsigned char)4, (unsigned char)4>(pusch_noise_intf_est::puschRxNoiseIntfEstDynDescr)"
5356451293,2784,365600,35,1,1,128,1,1,16,0.000,0.000,,,,,NVIDIA A100-SXM4-40GB MIG 4g.20gb (0),1,,13,cupy_copy__complex64_complex64
5356468733,1696,365609,1,1,1,1,1,1,18,0.000,0.000,,,,,NVIDIA A100-SXM4-40GB MIG 4g.20gb (0),1,,13,cupy_copy__float32_float32
5356471645,8287,365615,,,,,,,,,,0.000,0.483,Device,Pageable,NVIDIA A100-SXM4-40GB MIG 4g.20gb (0),1,,7,[CUDA memcpy Device-to-Host]
5356563195,12608,365626,1434,1,1,128,1,1,16,0.000,0.000,,,,,NVIDIA A100-SXM4-40GB MIG 4g.20gb (0),1,,13,cupy_copy__complex64_complex64
5356585851,3040,365633,103,1,1,128,1,1,16,0.000,0.000,,,,,NVIDIA A100-SXM4-40GB MIG 4g.20gb (0),1,,13,cupy_copy__complex64_complex64
5356607003,2592,365640,35,1,1,128,1,1,16,0.000,0.000,,,,,NVIDIA A100-SXM4-40GB MIG 4g.20gb (0),1,,13,cupy_copy__complex64_complex64
5356639962,1760,365647,1,1,1,1,1,1,18,0.000,0.000,,,,,NVIDIA A100-SXM4-40GB MIG 4g.20gb (0),1,,13,cupy_copy__float32_float32
5356763993,89407,365658,1,1,1,32,32,1,30,0.000,0.000,,,,,NVIDIA A100-SXM4-40GB MIG 4g.20gb (0),1,,13,"void convert_kernel<__half2, float2>(tensor_layout_any, T1 *, tensor_layout_any, const T2 *)"
5356883223,14496,365661,,,,,,,,,,0.094,6463.525,Pinned,Device,NVIDIA A100-SXM4-40GB MIG 4g.20gb (0),1,,13,[CUDA memcpy Host-to-Device]
5356916951,3328,365662,,,,,,,,,,1.547,464729.580,Device,,NVIDIA A100-SXM4-40GB MIG 4g.20gb (0),1,,13,[CUDA memset]
5356922199,3296,365667,,,,,,,,,,0.031,9495.144,Pinned,Device,NVIDIA A100-SXM4-40GB MIG 4g.20gb (0),1,,13,[CUDA memcpy Host-to-Device]
5356931575,18336,365668,,,,,,,,,,0.197,10722.410,Pinned,Device,NVIDIA A100-SXM4-40GB MIG 4g.20gb (0),1,,13,[CUDA memcpy Host-to-Device]
5356965334,6496,365669,273,1,1,8,4,1,39,0.002,0.000,,,,,NVIDIA A100-SXM4-40GB MIG 4g.20gb (0),1,,13,"void channel_eq::eqMmseCoefCompLowMimoKernel<float, float, float, (unsigned int)4, (unsigned int)1, (unsigned int)4>(const channel_eq::_puschRxChEqStatDescr *, channel_eq::_puschRxChEqCoefCompDynDescr)"
5356973398,7392,365670,273,1,1,12,11,1,51,0.002,0.000,,,,,NVIDIA A100-SXM4-40GB MIG 4g.20gb (0),1,,13,"void channel_eq::eqMmseSoftDemapKernel<float, __half, __half, float, (unsigned int)4, (unsigned short)16383>(channel_eq::_puschRxChEqStatDescr *, channel_eq::_puschRxChEqSoftDemapDynDescr)"
5356982870,289565,365671,1,1,1,32,32,1,30,0.000,0.000,,,,,NVIDIA A100-SXM4-40GB MIG 4g.20gb (0),1,,13,"void convert_kernel<float2, __half2>(tensor_layout_any, T1 *, tensor_layout_any, const T2 *)"
5357273651,11040,365683,2253,1,1,128,1,1,16,0.000,0.000,,,,,NVIDIA A100-SXM4-40GB MIG 4g.20gb (0),1,,13,cupy_copy__float16_float16
5357286994,3648,365692,282,1,1,128,1,1,16,0.000,0.000,,,,,NVIDIA A100-SXM4-40GB MIG 4g.20gb (0),1,,13,cupy_copy__complex64_complex64
5357292274,2016,365701,26,1,1,128,1,1,16,0.000,0.000,,,,,NVIDIA A100-SXM4-40GB MIG 4g.20gb (0),1,,13,cupy_copy__float32_float32
5357297490,2976,365710,103,1,1,128,1,1,16,0.000,0.000,,,,,NVIDIA A100-SXM4-40GB MIG 4g.20gb (0),1,,13,cupy_copy__complex64_complex64
5357301522,11872,365720,1434,1,1,128,1,1,16,0.000,0.000,,,,,NVIDIA A100-SXM4-40GB MIG 4g.20gb (0),1,,13,cupy_copy__complex64_complex64
5357316050,86591,365725,1,1,1,32,32,1,30,0.000,0.000,,,,,NVIDIA A100-SXM4-40GB MIG 4g.20gb (0),1,,13,"void convert_kernel<__half2, float2>(tensor_layout_any, T1 *, tensor_layout_any, const T2 *)"
5357430353,5760,365728,,,,,,,,,,0.094,16266.656,Pinned,Device,NVIDIA A100-SXM4-40GB MIG 4g.20gb (0),1,,13,[CUDA memcpy Host-to-Device]
5357443697,596216,365729,,,,,,,,,,456.561,765653.535,Device,,NVIDIA A100-SXM4-40GB MIG 4g.20gb (0),1,,13,[CUDA memset]
5358046537,138974,365734,,,,,,,,,,1.235,8885.422,Pinned,Device,NVIDIA A100-SXM4-40GB MIG 4g.20gb (0),1,,13,[CUDA memcpy Host-to-Device]
5358192583,26944,365735,,,,,,,,,,0.197,7296.909,Pinned,Device,NVIDIA A100-SXM4-40GB MIG 4g.20gb (0),1,,13,[CUDA memcpy Host-to-Device]
5358238951,8896,365736,69,4,1,48,1,1,76,0.002,0.000,,,,,NVIDIA A100-SXM4-40GB MIG 4g.20gb (0),1,,13,"void ch_est::windowedChEstPreNoDftSOfdmKernel<float, __half, float, (unsigned int)2, (unsigned int)1, (unsigned short)4>(ch_est::puschRxChEstStatDescr_t *, ch_est::puschRxChEstDynDescr_t *)"
5358257031,7455,365737,137,2,1,24,2,1,44,0.001,0.001,,,,,NVIDIA A100-SXM4-40GB MIG 4g.20gb (0),1,,13,"void ch_est::chEstFilterNoDftSOfdmDispatchKernel<float, __half, float, (unsigned int)2>(ch_est::puschRxChEstStatDescr_t *, ch_est::puschRxChEstDynDescr_t *)"
5358269254,6656,365738,137,2,1,24,2,1,44,0.001,0.001,,,,,NVIDIA A100-SXM4-40GB MIG 4g.20gb (0),1,,13,"void ch_est::chEstFilterNoDftSOfdmDispatchKernel<float, __half, float, (unsigned int)2>(ch_est::puschRxChEstStatDescr_t *, ch_est::puschRxChEstDynDescr_t *)"
5358281638,2656,365749,103,1,1,128,1,1,16,0.000,0.000,,,,,NVIDIA A100-SXM4-40GB MIG 4g.20gb (0),1,,13,cupy_copy__complex64_complex64
5358292166,12768,365759,1434,1,1,128,1,1,16,0.000,0.000,,,,,NVIDIA A100-SXM4-40GB MIG 4g.20gb (0),1,,13,cupy_copy__complex64_complex64
5358310470,2528,365766,103,1,1,128,1,1,16,0.000,0.000,,,,,NVIDIA A100-SXM4-40GB MIG 4g.20gb (0),1,,13,cupy_copy__complex64_complex64
5358320038,83039,365773,1,1,1,32,32,1,30,0.000,0.000,,,,,NVIDIA A100-SXM4-40GB MIG 4g.20gb (0),1,,13,"void convert_kernel<__half2, float2>(tensor_layout_any, T1 *, tensor_layout_any, const T2 *)"
5358431268,5952,365776,,,,,,,,,,0.094,15741.865,Pinned,Device,NVIDIA A100-SXM4-40GB MIG 4g.20gb (0),1,,13,[CUDA memcpy Host-to-Device]
5358444036,46656,365777,,,,,,,,,,35.810,767514.015,Device,,NVIDIA A100-SXM4-40GB MIG 4g.20gb (0),1,,13,[CUDA memset]
5358497732,3520,365779,,,,,,,,,,0.000,22.727,Pinned,Device,NVIDIA A100-SXM4-40GB MIG 4g.20gb (0),1,,13,[CUDA memcpy Host-to-Device]
5358506179,11552,365780,,,,,,,,,,0.197,17019.372,Pinned,Device,NVIDIA A100-SXM4-40GB MIG 4g.20gb (0),1,,13,[CUDA memcpy Host-to-Device]
5358530083,9472,365781,273,1,1,48,1,1,40,0.000,0.001,,,,,NVIDIA A100-SXM4-40GB MIG 4g.20gb (0),1,,13,"void pusch_noise_intf_est::noiseIntfEstNoDftSOfdmKernel<float, __half, float, float, (unsigned int)2, (unsigned int)1, (unsigned char)4, (unsigned char)4>(pusch_noise_intf_est::puschRxNoiseIntfEstDynDescr)"
5358544387,3136,365792,35,1,1,128,1,1,16,0.000,0.000,,,,,NVIDIA A100-SXM4-40GB MIG 4g.20gb (0),1,,13,cupy_copy__complex64_complex64
5358555331,1856,365801,1,1,1,1,1,1,18,0.000,0.000,,,,,NVIDIA A100-SXM4-40GB MIG 4g.20gb (0),1,,13,cupy_copy__float32_float32
5358583683,1823,365807,,,,,,,,,,0.000,2.194,Device,Pageable,NVIDIA A100-SXM4-40GB MIG 4g.20gb (0),1,,7,[CUDA memcpy Device-to-Host]
5358643778,13408,365818,1434,1,1,128,1,1,16,0.000,0.000,,,,,NVIDIA A100-SXM4-40GB MIG 4g.20gb (0),1,,13,cupy_copy__complex64_complex64
5358674305,2816,365825,103,1,1,128,1,1,16,0.000,0.000,,,,,NVIDIA A100-SXM4-40GB MIG 4g.20gb (0),1,,13,cupy_copy__complex64_complex64
5358695393,2176,365832,35,1,1,128,1,1,16,0.000,0.000,,,,,NVIDIA A100-SXM4-40GB MIG 4g.20gb (0),1,,13,cupy_copy__complex64_complex64
5358713985,1760,365839,1,1,1,1,1,1,18,0.000,0.000,,,,,NVIDIA A100-SXM4-40GB MIG 4g.20gb (0),1,,13,cupy_copy__float32_float32
5358850655,81407,365850,1,1,1,32,32,1,30,0.000,0.000,,,,,NVIDIA A100-SXM4-40GB MIG 4g.20gb (0),1,,13,"void convert_kernel<__half2, float2>(tensor_layout_any, T1 *, tensor_layout_any, const T2 *)"
5358960958,5440,365853,,,,,,,,,,0.094,17223.480,Pinned,Device,NVIDIA A100-SXM4-40GB MIG 4g.20gb (0),1,,13,[CUDA memcpy Host-to-Device]
5358975966,3488,365854,,,,,,,,,,1.547,443412.461,Device,,NVIDIA A100-SXM4-40GB MIG 4g.20gb (0),1,,13,[CUDA memset]
5358982558,3168,365859,,,,,,,,,,0.031,9878.770,Pinned,Device,NVIDIA A100-SXM4-40GB MIG 4g.20gb (0),1,,13,[CUDA memcpy Host-to-Device]
5358988158,10079,365860,,,,,,,,,,0.197,19506.659,Pinned,Device,NVIDIA A100-SXM4-40GB MIG 4g.20gb (0),1,,13,[CUDA memcpy Host-to-Device]
5359003869,5984,365861,273,1,1,8,4,1,39,0.002,0.000,,,,,NVIDIA A100-SXM4-40GB MIG 4g.20gb (0),1,,13,"void channel_eq::eqMmseCoefCompLowMimoKernel<float, float, float, (unsigned int)4, (unsigned int)1, (unsigned int)4>(const channel_eq::_puschRxChEqStatDescr *, channel_eq::_puschRxChEqCoefCompDynDescr)"
5359013469,6336,365862,273,1,1,12,11,1,51,0.002,0.000,,,,,NVIDIA A100-SXM4-40GB MIG 4g.20gb (0),1,,13,"void channel_eq::eqMmseSoftDemapKernel<float, __half, __half, float, (unsigned int)4, (unsigned short)16383>(channel_eq::_puschRxChEqStatDescr *, channel_eq::_puschRxChEqSoftDemapDynDescr)"
5359023261,282237,365863,1,1,1,32,32,1,30,0.000,0.000,,,,,NVIDIA A100-SXM4-40GB MIG 4g.20gb (0),1,,13,"void convert_kernel<float2, __half2>(tensor_layout_any, T1 *, tensor_layout_any, const T2 *)"
5359307418,10943,365875,2253,1,1,128,1,1,16,0.000,0.000,,,,,NVIDIA A100-SXM4-40GB MIG 4g.20gb (0),1,,13,cupy_copy__float16_float16
5359320505,3264,365884,282,1,1,128,1,1,16,0.000,0.000,,,,,NVIDIA A100-SXM4-40GB MIG 4g.20gb (0),1,,13,cupy_copy__complex64_complex64
5359325625,2400,365893,26,1,1,128,1,1,16,0.000,0.000,,,,,NVIDIA A100-SXM4-40GB MIG 4g.20gb (0),1,,13,cupy_copy__float32_float32
5359330809,3040,365902,103,1,1,128,1,1,16,0.000,0.000,,,,,NVIDIA A100-SXM4-40GB MIG 4g.20gb (0),1,,13,cupy_copy__complex64_complex64
5359335129,12672,365912,1434,1,1,128,1,1,16,0.000,0.000,,,,,NVIDIA A100-SXM4-40GB MIG 4g.20gb (0),1,,13,cupy_copy__complex64_complex64
5359350201,81567,365917,1,1,1,32,32,1,30,0.000,0.000,,,,,NVIDIA A100-SXM4-40GB MIG 4g.20gb (0),1,,13,"void convert_kernel<__half2, float2>(tensor_layout_any, T1 *, tensor_layout_any, const T2 *)"
5359459800,5664,365920,,,,,,,,,,0.094,16542.310,Pinned,Device,NVIDIA A100-SXM4-40GB MIG 4g.20gb (0),1,,13,[CUDA memcpy Host-to-Device]
5359471000,599032,365921,,,,,,,,,,456.561,762001.043,Device,,NVIDIA A100-SXM4-40GB MIG 4g.20gb (0),1,,13,[CUDA memset]
5360077392,164382,365926,,,,,,,,,,1.235,7512.164,Pinned,Device,NVIDIA A100-SXM4-40GB MIG 4g.20gb (0),1,,13,[CUDA memcpy Host-to-Device]
5360255950,36447,365927,,,,,,,,,,0.197,5394.334,Pinned,Device,NVIDIA A100-SXM4-40GB MIG 4g.20gb (0),1,,13,[CUDA memcpy Host-to-Device]
5360318861,8384,365928,69,4,1,48,1,1,76,0.002,0.000,,,,,NVIDIA A100-SXM4-40GB MIG 4g.20gb (0),1,,13,"void ch_est::windowedChEstPreNoDftSOfdmKernel<float, __half, float, (unsigned int)2, (unsigned int)1, (unsigned short)4>(ch_est::puschRxChEstStatDescr_t *, ch_est::puschRxChEstDynDescr_t *)"
5360337933,6272,365929,137,2,1,24,2,1,44,0.001,0.001,,,,,NVIDIA A100-SXM4-40GB MIG 4g.20gb (0),1,,13,"void ch_est::chEstFilterNoDftSOfdmDispatchKernel<float, __half, float, (unsigned int)2>(ch_est::puschRxChEstStatDescr_t *, ch_est::puschRxChEstDynDescr_t *)"
5360352109,4704,365930,137,2,1,24,2,1,44,0.001,0.001,,,,,NVIDIA A100-SXM4-40GB MIG 4g.20gb (0),1,,13,"void ch_est::chEstFilterNoDftSOfdmDispatchKernel<float, __half, float, (unsigned int)2>(ch_est::puschRxChEstStatDescr_t *, ch_est::puschRxChEstDynDescr_t *)"
5360369837,2655,365941,103,1,1,128,1,1,16,0.000,0.000,,,,,NVIDIA A100-SXM4-40GB MIG 4g.20gb (0),1,,13,cupy_copy__complex64_complex64
5360381484,12480,365951,1434,1,1,128,1,1,16,0.000,0.000,,,,,NVIDIA A100-SXM4-40GB MIG 4g.20gb (0),1,,13,cupy_copy__complex64_complex64
5360415660,2560,365958,103,1,1,128,1,1,16,0.000,0.000,,,,,NVIDIA A100-SXM4-40GB MIG 4g.20gb (0),1,,13,cupy_copy__complex64_complex64
5360431404,94719,365965,1,1,1,32,32,1,30,0.000,0.000,,,,,NVIDIA A100-SXM4-40GB MIG 4g.20gb (0),1,,13,"void convert_kernel<__half2, float2>(tensor_layout_any, T1 *, tensor_layout_any, const T2 *)"
5360554122,14080,365968,,,,,,,,,,0.094,6654.477,Pinned,Device,NVIDIA A100-SXM4-40GB MIG 4g.20gb (0),1,,13,[CUDA memcpy Host-to-Device]
5360582026,47327,365969,,,,,,,,,,35.810,756627.800,Device,,NVIDIA A100-SXM4-40GB MIG 4g.20gb (0),1,,13,[CUDA memset]
5360631785,5664,365971,,,,,,,,,,0.000,14.124,Pinned,Device,NVIDIA A100-SXM4-40GB MIG 4g.20gb (0),1,,13,[CUDA memcpy Host-to-Device]
5360646057,15552,365972,,,,,,,,,,0.197,12641.894,Pinned,Device,NVIDIA A100-SXM4-40GB MIG 4g.20gb (0),1,,13,[CUDA memcpy Host-to-Device]
5360667721,10304,365973,273,1,1,48,1,1,40,0.000,0.001,,,,,NVIDIA A100-SXM4-40GB MIG 4g.20gb (0),1,,13,"void pusch_noise_intf_est::noiseIntfEstNoDftSOfdmKernel<float, __half, float, float, (unsigned int)2, (unsigned int)1, (unsigned char)4, (unsigned char)4>(pusch_noise_intf_est::puschRxNoiseIntfEstDynDescr)"
5360679913,3680,365984,35,1,1,128,1,1,16,0.000,0.000,,,,,NVIDIA A100-SXM4-40GB MIG 4g.20gb (0),1,,13,cupy_copy__complex64_complex64
5360686185,1920,365993,1,1,1,1,1,1,18,0.000,0.000,,,,,NVIDIA A100-SXM4-40GB MIG 4g.20gb (0),1,,13,cupy_copy__float32_float32
5360706088,1568,365999,,,,,,,,,,0.000,2.551,Device,Pageable,NVIDIA A100-SXM4-40GB MIG 4g.20gb (0),1,,7,[CUDA memcpy Device-to-Host]
5360770600,12831,366010,1434,1,1,128,1,1,16,0.000,0.000,,,,,NVIDIA A100-SXM4-40GB MIG 4g.20gb (0),1,,13,cupy_copy__complex64_complex64
5360796071,2816,366017,103,1,1,128,1,1,16,0.000,0.000,,,,,NVIDIA A100-SXM4-40GB MIG 4g.20gb (0),1,,13,cupy_copy__complex64_complex64
5360816999,2208,366024,35,1,1,128,1,1,16,0.000,0.000,,,,,NVIDIA A100-SXM4-40GB MIG 4g.20gb (0),1,,13,cupy_copy__complex64_complex64
5360838183,1760,366031,1,1,1,1,1,1,18,0.000,0.000,,,,,NVIDIA A100-SXM4-40GB MIG 4g.20gb (0),1,,13,cupy_copy__float32_float32
5360967013,87615,366042,1,1,1,32,32,1,30,0.000,0.000,,,,,NVIDIA A100-SXM4-40GB MIG 4g.20gb (0),1,,13,"void convert_kernel<__half2, float2>(tensor_layout_any, T1 *, tensor_layout_any, const T2 *)"
5361082308,5760,366045,,,,,,,,,,0.094,16266.656,Pinned,Device,NVIDIA A100-SXM4-40GB MIG 4g.20gb (0),1,,13,[CUDA memcpy Host-to-Device]
5361096740,3264,366046,,,,,,,,,,1.547,473842.288,Device,,NVIDIA A100-SXM4-40GB MIG 4g.20gb (0),1,,13,[CUDA memset]
5361102627,3040,366051,,,,,,,,,,0.031,10294.725,Pinned,Device,NVIDIA A100-SXM4-40GB MIG 4g.20gb (0),1,,13,[CUDA memcpy Host-to-Device]
5361108259,9888,366052,,,,,,,,,,0.197,19883.360,Pinned,Device,NVIDIA A100-SXM4-40GB MIG 4g.20gb (0),1,,13,[CUDA memcpy Host-to-Device]
5361123235,5888,366053,273,1,1,8,4,1,39,0.002,0.000,,,,,NVIDIA A100-SXM4-40GB MIG 4g.20gb (0),1,,13,"void channel_eq::eqMmseCoefCompLowMimoKernel<float, float, float, (unsigned int)4, (unsigned int)1, (unsigned int)4>(const channel_eq::_puschRxChEqStatDescr *, channel_eq::_puschRxChEqCoefCompDynDescr)"
5361132835,5760,366054,273,1,1,12,11,1,51,0.002,0.000,,,,,NVIDIA A100-SXM4-40GB MIG 4g.20gb (0),1,,13,"void channel_eq::eqMmseSoftDemapKernel<float, __half, __half, float, (unsigned int)4, (unsigned short)16383>(channel_eq::_puschRxChEqStatDescr *, channel_eq::_puschRxChEqSoftDemapDynDescr)"
5361140227,289756,366055,1,1,1,32,32,1,30,0.000,0.000,,,,,NVIDIA A100-SXM4-40GB MIG 4g.20gb (0),1,,13,"void convert_kernel<float2, __half2>(tensor_layout_any, T1 *, tensor_layout_any, const T2 *)"
5361430975,10912,366067,2253,1,1,128,1,1,16,0.000,0.000,,,,,NVIDIA A100-SXM4-40GB MIG 4g.20gb (0),1,,13,cupy_copy__float16_float16
5361444575,3200,366076,282,1,1,128,1,1,16,0.000,0.000,,,,,NVIDIA A100-SXM4-40GB MIG 4g.20gb (0),1,,13,cupy_copy__complex64_complex64
5361452255,3392,366085,26,1,1,128,1,1,16,0.000,0.000,,,,,NVIDIA A100-SXM4-40GB MIG 4g.20gb (0),1,,13,cupy_copy__float32_float32
5361458463,3200,366094,103,1,1,128,1,1,16,0.000,0.000,,,,,NVIDIA A100-SXM4-40GB MIG 4g.20gb (0),1,,13,cupy_copy__complex64_complex64
5361463071,12064,366104,1434,1,1,128,1,1,16,0.000,0.000,,,,,NVIDIA A100-SXM4-40GB MIG 4g.20gb (0),1,,13,cupy_copy__complex64_complex64
5361477631,82303,366109,1,1,1,32,32,1,30,0.000,0.000,,,,,NVIDIA A100-SXM4-40GB MIG 4g.20gb (0),1,,13,"void convert_kernel<__half2, float2>(tensor_layout_any, T1 *, tensor_layout_any, const T2 *)"
5361587198,5567,366112,,,,,,,,,,0.094,16830.519,Pinned,Device,NVIDIA A100-SXM4-40GB MIG 4g.20gb (0),1,,13,[CUDA memcpy Host-to-Device]
5361597405,596857,366113,,,,,,,,,,456.561,764740.412,Device,,NVIDIA A100-SXM4-40GB MIG 4g.20gb (0),1,,13,[CUDA memset]
5362202582,155486,366118,,,,,,,,,,1.235,7941.925,Pinned,Device,NVIDIA A100-SXM4-40GB MIG 4g.20gb (0),1,,13,[CUDA memcpy Host-to-Device]
5362369524,36863,366119,,,,,,,,,,0.197,5333.385,Pinned,Device,NVIDIA A100-SXM4-40GB MIG 4g.20gb (0),1,,13,[CUDA memcpy Host-to-Device]
5362433459,8288,366120,69,4,1,48,1,1,76,0.002,0.000,,,,,NVIDIA A100-SXM4-40GB MIG 4g.20gb (0),1,,13,"void ch_est::windowedChEstPreNoDftSOfdmKernel<float, __half, float, (unsigned int)2, (unsigned int)1, (unsigned short)4>(ch_est::puschRxChEstStatDescr_t *, ch_est::puschRxChEstDynDescr_t *)"
5362452595,6624,366121,137,2,1,24,2,1,44,0.001,0.001,,,,,NVIDIA A100-SXM4-40GB MIG 4g.20gb (0),1,,13,"void ch_est::chEstFilterNoDftSOfdmDispatchKernel<float, __half, float, (unsigned int)2>(ch_est::puschRxChEstStatDescr_t *, ch_est::puschRxChEstDynDescr_t *)"
5362469491,4768,366122,137,2,1,24,2,1,44,0.001,0.001,,,,,NVIDIA A100-SXM4-40GB MIG 4g.20gb (0),1,,13,"void ch_est::chEstFilterNoDftSOfdmDispatchKernel<float, __half, float, (unsigned int)2>(ch_est::puschRxChEstStatDescr_t *, ch_est::puschRxChEstDynDescr_t *)"
5362486802,2496,366133,103,1,1,128,1,1,16,0.000,0.000,,,,,NVIDIA A100-SXM4-40GB MIG 4g.20gb (0),1,,13,cupy_copy__complex64_complex64
5362504914,12672,366143,1434,1,1,128,1,1,16,0.000,0.000,,,,,NVIDIA A100-SXM4-40GB MIG 4g.20gb (0),1,,13,cupy_copy__complex64_complex64
5362524178,2912,366150,103,1,1,128,1,1,16,0.000,0.000,,,,,NVIDIA A100-SXM4-40GB MIG 4g.20gb (0),1,,13,cupy_copy__complex64_complex64
5362543538,88607,366157,1,1,1,32,32,1,30,0.000,0.000,,,,,NVIDIA A100-SXM4-40GB MIG 4g.20gb (0),1,,13,"void convert_kernel<__half2, float2>(tensor_layout_any, T1 *, tensor_layout_any, const T2 *)"
5362663248,21984,366160,,,,,,,,,,0.094,4261.950,Pinned,Device,NVIDIA A100-SXM4-40GB MIG 4g.20gb (0),1,,13,[CUDA memcpy Host-to-Device]
5362702896,47839,366161,,,,,,,,,,35.810,748534.758,Device,,NVIDIA A100-SXM4-40GB MIG 4g.20gb (0),1,,13,[CUDA memset]
5362759151,9024,366163,,,,,,,,,,0.000,8.865,Pinned,Device,NVIDIA A100-SXM4-40GB MIG 4g.20gb (0),1,,13,[CUDA memcpy Host-to-Device]
5362776111,20160,366164,,,,,,,,,,0.197,9752.347,Pinned,Device,NVIDIA A100-SXM4-40GB MIG 4g.20gb (0),1,,13,[CUDA memcpy Host-to-Device]
5362804111,9759,366165,273,1,1,48,1,1,40,0.000,0.001,,,,,NVIDIA A100-SXM4-40GB MIG 4g.20gb (0),1,,13,"void pusch_noise_intf_est::noiseIntfEstNoDftSOfdmKernel<float, __half, float, float, (unsigned int)2, (unsigned int)1, (unsigned char)4, (unsigned char)4>(pusch_noise_intf_est::puschRxNoiseIntfEstDynDescr)"
5362817486,3264,366176,35,1,1,128,1,1,16,0.000,0.000,,,,,NVIDIA A100-SXM4-40GB MIG 4g.20gb (0),1,,13,cupy_copy__complex64_complex64
5362830542,1984,366185,1,1,1,1,1,1,18,0.000,0.000,,,,,NVIDIA A100-SXM4-40GB MIG 4g.20gb (0),1,,13,cupy_copy__float32_float32
5362833678,5632,366191,,,,,,,,,,0.000,0.710,Device,Pageable,NVIDIA A100-SXM4-40GB MIG 4g.20gb (0),1,,7,[CUDA memcpy Device-to-Host]
5362916045,12992,366202,1434,1,1,128,1,1,16,0.000,0.000,,,,,NVIDIA A100-SXM4-40GB MIG 4g.20gb (0),1,,13,cupy_copy__complex64_complex64
5362943149,2976,366209,103,1,1,128,1,1,16,0.000,0.000,,,,,NVIDIA A100-SXM4-40GB MIG 4g.20gb (0),1,,13,cupy_copy__complex64_complex64
5362961357,2560,366216,35,1,1,128,1,1,16,0.000,0.000,,,,,NVIDIA A100-SXM4-40GB MIG 4g.20gb (0),1,,13,cupy_copy__complex64_complex64
5362983404,1920,366223,1,1,1,1,1,1,18,0.000,0.000,,,,,NVIDIA A100-SXM4-40GB MIG 4g.20gb (0),1,,13,cupy_copy__float32_float32
5363107563,81599,366234,1,1,1,32,32,1,30,0.000,0.000,,,,,NVIDIA A100-SXM4-40GB MIG 4g.20gb (0),1,,13,"void convert_kernel<__half2, float2>(tensor_layout_any, T1 *, tensor_layout_any, const T2 *)"
5363216041,5408,366237,,,,,,,,,,0.094,17325.421,Pinned,Device,NVIDIA A100-SXM4-40GB MIG 4g.20gb (0),1,,13,[CUDA memcpy Host-to-Device]
5363230473,3392,366238,,,,,,,,,,1.547,455961.768,Device,,NVIDIA A100-SXM4-40GB MIG 4g.20gb (0),1,,13,[CUDA memset]
5363237321,3200,366243,,,,,,,,,,0.031,9780.000,Pinned,Device,NVIDIA A100-SXM4-40GB MIG 4g.20gb (0),1,,13,[CUDA memcpy Host-to-Device]
5363243465,10368,366244,,,,,,,,,,0.197,18962.842,Pinned,Device,NVIDIA A100-SXM4-40GB MIG 4g.20gb (0),1,,13,[CUDA memcpy Host-to-Device]
5363260297,8224,366245,273,1,1,8,4,1,39,0.002,0.000,,,,,NVIDIA A100-SXM4-40GB MIG 4g.20gb (0),1,,13,"void channel_eq::eqMmseCoefCompLowMimoKernel<float, float, float, (unsigned int)4, (unsigned int)1, (unsigned int)4>(const channel_eq::_puschRxChEqStatDescr *, channel_eq::_puschRxChEqCoefCompDynDescr)"
5363269609,6016,366246,273,1,1,12,11,1,51,0.002,0.000,,,,,NVIDIA A100-SXM4-40GB MIG 4g.20gb (0),1,,13,"void channel_eq::eqMmseSoftDemapKernel<float, __half, __half, float, (unsigned int)4, (unsigned short)16383>(channel_eq::_puschRxChEqStatDescr *, channel_eq::_puschRxChEqSoftDemapDynDescr)"
5363276617,282652,366247,1,1,1,32,32,1,30,0.000,0.000,,,,,NVIDIA A100-SXM4-40GB MIG 4g.20gb (0),1,,13,"void convert_kernel<float2, __half2>(tensor_layout_any, T1 *, tensor_layout_any, const T2 *)"
5363561349,10976,366259,2253,1,1,128,1,1,16,0.000,0.000,,,,,NVIDIA A100-SXM4-40GB MIG 4g.20gb (0),1,,13,cupy_copy__float16_float16
5363576293,2880,366268,282,1,1,128,1,1,16,0.000,0.000,,,,,NVIDIA A100-SXM4-40GB MIG 4g.20gb (0),1,,13,cupy_copy__complex64_complex64
5363582565,2048,366277,26,1,1,128,1,1,16,0.000,0.000,,,,,NVIDIA A100-SXM4-40GB MIG 4g.20gb (0),1,,13,cupy_copy__float32_float32
5363586501,4704,366286,103,1,1,128,1,1,16,0.000,0.000,,,,,NVIDIA A100-SXM4-40GB MIG 4g.20gb (0),1,,13,cupy_copy__complex64_complex64
5363593413,11968,366296,1434,1,1,128,1,1,16,0.000,0.000,,,,,NVIDIA A100-SXM4-40GB MIG 4g.20gb (0),1,,13,cupy_copy__complex64_complex64
5363610629,82143,366301,1,1,1,32,32,1,30,0.000,0.000,,,,,NVIDIA A100-SXM4-40GB MIG 4g.20gb (0),1,,13,"void convert_kernel<__half2, float2>(tensor_layout_any, T1 *, tensor_layout_any, const T2 *)"
5363719843,5408,366304,,,,,,,,,,0.094,17325.421,Pinned,Device,NVIDIA A100-SXM4-40GB MIG 4g.20gb (0),1,,13,[CUDA memcpy Host-to-Device]
5363729923,598937,366305,,,,,,,,,,456.561,762001.043,Device,,NVIDIA A100-SXM4-40GB MIG 4g.20gb (0),1,,13,[CUDA memset]
5364329436,97439,366310,,,,,,,,,,1.235,12672.995,Pinned,Device,NVIDIA A100-SXM4-40GB MIG 4g.20gb (0),1,,13,[CUDA memcpy Host-to-Device]
5364438138,23648,366311,,,,,,,,,,0.197,8313.766,Pinned,Device,NVIDIA A100-SXM4-40GB MIG 4g.20gb (0),1,,13,[CUDA memcpy Host-to-Device]
5364477498,8000,366312,69,4,1,48,1,1,76,0.002,0.000,,,,,NVIDIA A100-SXM4-40GB MIG 4g.20gb (0),1,,13,"void ch_est::windowedChEstPreNoDftSOfdmKernel<float, __half, float, (unsigned int)2, (unsigned int)1, (unsigned short)4>(ch_est::puschRxChEstStatDescr_t *, ch_est::puschRxChEstDynDescr_t *)"
5364487610,6368,366313,137,2,1,24,2,1,44,0.001,0.001,,,,,NVIDIA A100-SXM4-40GB MIG 4g.20gb (0),1,,13,"void ch_est::chEstFilterNoDftSOfdmDispatchKernel<float, __half, float, (unsigned int)2>(ch_est::puschRxChEstStatDescr_t *, ch_est::puschRxChEstDynDescr_t *)"
5364500314,4640,366314,137,2,1,24,2,1,44,0.001,0.001,,,,,NVIDIA A100-SXM4-40GB MIG 4g.20gb (0),1,,13,"void ch_est::chEstFilterNoDftSOfdmDispatchKernel<float, __half, float, (unsigned int)2>(ch_est::puschRxChEstStatDescr_t *, ch_est::puschRxChEstDynDescr_t *)"
5364512665,2592,366325,103,1,1,128,1,1,16,0.000,0.000,,,,,NVIDIA A100-SXM4-40GB MIG 4g.20gb (0),1,,13,cupy_copy__complex64_complex64
5364525241,12544,366335,1434,1,1,128,1,1,16,0.000,0.000,,,,,NVIDIA A100-SXM4-40GB MIG 4g.20gb (0),1,,13,cupy_copy__complex64_complex64
5364552537,2976,366342,103,1,1,128,1,1,16,0.000,0.000,,,,,NVIDIA A100-SXM4-40GB MIG 4g.20gb (0),1,,13,cupy_copy__complex64_complex64
5364559737,87455,366349,1,1,1,32,32,1,30,0.000,0.000,,,,,NVIDIA A100-SXM4-40GB MIG 4g.20gb (0),1,,13,"void convert_kernel<__half2, float2>(tensor_layout_any, T1 *, tensor_layout_any, const T2 *)"
5364678103,10816,366352,,,,,,,,,,0.094,8662.664,Pinned,Device,NVIDIA A100-SXM4-40GB MIG 4g.20gb (0),1,,13,[CUDA memcpy Host-to-Device]
5364698391,47328,366353,,,,,,,,,,35.810,756627.800,Device,,NVIDIA A100-SXM4-40GB MIG 4g.20gb (0),1,,13,[CUDA memset]
5364750071,9855,366355,,,,,,,,,,0.000,8.118,Pinned,Device,NVIDIA A100-SXM4-40GB MIG 4g.20gb (0),1,,13,[CUDA memcpy Host-to-Device]
5364768086,30688,366356,,,,,,,,,,0.197,6406.668,Pinned,Device,NVIDIA A100-SXM4-40GB MIG 4g.20gb (0),1,,13,[CUDA memcpy Host-to-Device]
5364819382,9632,366357,273,1,1,48,1,1,40,0.000,0.001,,,,,NVIDIA A100-SXM4-40GB MIG 4g.20gb (0),1,,13,"void pusch_noise_intf_est::noiseIntfEstNoDftSOfdmKernel<float, __half, float, float, (unsigned int)2, (unsigned int)1, (unsigned char)4, (unsigned char)4>(pusch_noise_intf_est::puschRxNoiseIntfEstDynDescr)"
5364836629,2752,366368,35,1,1,128,1,1,16,0.000,0.000,,,,,NVIDIA A100-SXM4-40GB MIG 4g.20gb (0),1,,13,cupy_copy__complex64_complex64
5364853141,1728,366377,1,1,1,1,1,1,18,0.000,0.000,,,,,NVIDIA A100-SXM4-40GB MIG 4g.20gb (0),1,,13,cupy_copy__float32_float32
5364860853,4160,366383,,,,,,,,,,0.000,0.962,Device,Pageable,NVIDIA A100-SXM4-40GB MIG 4g.20gb (0),1,,7,[CUDA memcpy Device-to-Host]
5364948884,12736,366394,1434,1,1,128,1,1,16,0.000,0.000,,,,,NVIDIA A100-SXM4-40GB MIG 4g.20gb (0),1,,13,cupy_copy__complex64_complex64
5364982900,3360,366401,103,1,1,128,1,1,16,0.000,0.000,,,,,NVIDIA A100-SXM4-40GB MIG 4g.20gb (0),1,,13,cupy_copy__complex64_complex64
5365001011,2688,366408,35,1,1,128,1,1,16,0.000,0.000,,,,,NVIDIA A100-SXM4-40GB MIG 4g.20gb (0),1,,13,cupy_copy__complex64_complex64
5365016819,2016,366415,1,1,1,1,1,1,18,0.000,0.000,,,,,NVIDIA A100-SXM4-40GB MIG 4g.20gb (0),1,,13,cupy_copy__float32_float32
5365147954,92063,366426,1,1,1,32,32,1,30,0.000,0.000,,,,,NVIDIA A100-SXM4-40GB MIG 4g.20gb (0),1,,13,"void convert_kernel<__half2, float2>(tensor_layout_any, T1 *, tensor_layout_any, const T2 *)"
5365273680,15552,366429,,,,,,,,,,0.094,6024.653,Pinned,Device,NVIDIA A100-SXM4-40GB MIG 4g.20gb (0),1,,13,[CUDA memcpy Host-to-Device]
5365296368,3520,366430,,,,,,,,,,1.547,439380.412,Device,,NVIDIA A100-SXM4-40GB MIG 4g.20gb (0),1,,13,[CUDA memset]
5365301488,4800,366435,,,,,,,,,,0.031,6519.990,Pinned,Device,NVIDIA A100-SXM4-40GB MIG 4g.20gb (0),1,,13,[CUDA memcpy Host-to-Device]
5365310576,15167,366436,,,,,,,,,,0.197,12962.759,Pinned,Device,NVIDIA A100-SXM4-40GB MIG 4g.20gb (0),1,,13,[CUDA memcpy Host-to-Device]
5365341167,6016,366437,273,1,1,8,4,1,39,0.002,0.000,,,,,NVIDIA A100-SXM4-40GB MIG 4g.20gb (0),1,,13,"void channel_eq::eqMmseCoefCompLowMimoKernel<float, float, float, (unsigned int)4, (unsigned int)1, (unsigned int)4>(const channel_eq::_puschRxChEqStatDescr *, channel_eq::_puschRxChEqCoefCompDynDescr)"
5365349135,7904,366438,273,1,1,12,11,1,51,0.002,0.000,,,,,NVIDIA A100-SXM4-40GB MIG 4g.20gb (0),1,,13,"void channel_eq::eqMmseSoftDemapKernel<float, __half, __half, float, (unsigned int)4, (unsigned short)16383>(channel_eq::_puschRxChEqStatDescr *, channel_eq::_puschRxChEqSoftDemapDynDescr)"
5365364751,289628,366439,1,1,1,32,32,1,30,0.000,0.000,,,,,NVIDIA A100-SXM4-40GB MIG 4g.20gb (0),1,,13,"void convert_kernel<float2, __half2>(tensor_layout_any, T1 *, tensor_layout_any, const T2 *)"
5365656203,10624,366451,2253,1,1,128,1,1,16,0.000,0.000,,,,,NVIDIA A100-SXM4-40GB MIG 4g.20gb (0),1,,13,cupy_copy__float16_float16
5365669067,3360,366460,282,1,1,128,1,1,16,0.000,0.000,,,,,NVIDIA A100-SXM4-40GB MIG 4g.20gb (0),1,,13,cupy_copy__complex64_complex64
5365675659,2048,366469,26,1,1,128,1,1,16,0.000,0.000,,,,,NVIDIA A100-SXM4-40GB MIG 4g.20gb (0),1,,13,cupy_copy__float32_float32
5365680939,7232,366478,103,1,1,128,1,1,16,0.000,0.000,,,,,NVIDIA A100-SXM4-40GB MIG 4g.20gb (0),1,,13,cupy_copy__complex64_complex64
5365689227,11936,366488,1434,1,1,128,1,1,16,0.000,0.000,,,,,NVIDIA A100-SXM4-40GB MIG 4g.20gb (0),1,,13,cupy_copy__complex64_complex64
5365703339,87935,366493,1,1,1,32,32,1,30,0.000,0.000,,,,,NVIDIA A100-SXM4-40GB MIG 4g.20gb (0),1,,13,"void convert_kernel<__half2, float2>(tensor_layout_any, T1 *, tensor_layout_any, const T2 *)"
5365818825,6176,366496,,,,,,,,,,0.094,15170.975,Pinned,Device,NVIDIA A100-SXM4-40GB MIG 4g.20gb (0),1,,13,[CUDA memcpy Host-to-Device]
5365832009,599161,366497,,,,,,,,,,456.561,762001.043,Device,,NVIDIA A100-SXM4-40GB MIG 4g.20gb (0),1,,13,[CUDA memset]
5366438818,142174,366502,,,,,,,,,,1.235,8685.361,Pinned,Device,NVIDIA A100-SXM4-40GB MIG 4g.20gb (0),1,,13,[CUDA memcpy Host-to-Device]
5366593824,41311,366503,,,,,,,,,,0.197,4759.093,Pinned,Device,NVIDIA A100-SXM4-40GB MIG 4g.20gb (0),1,,13,[CUDA memcpy Host-to-Device]
5366663999,8480,366504,69,4,1,48,1,1,76,0.002,0.000,,,,,NVIDIA A100-SXM4-40GB MIG 4g.20gb (0),1,,13,"void ch_est::windowedChEstPreNoDftSOfdmKernel<float, __half, float, (unsigned int)2, (unsigned int)1, (unsigned short)4>(ch_est::puschRxChEstStatDescr_t *, ch_est::puschRxChEstDynDescr_t *)"
5366683199,6784,366505,137,2,1,24,2,1,44,0.001,0.001,,,,,NVIDIA A100-SXM4-40GB MIG 4g.20gb (0),1,,13,"void ch_est::chEstFilterNoDftSOfdmDispatchKernel<float, __half, float, (unsigned int)2>(ch_est::puschRxChEstStatDescr_t *, ch_est::puschRxChEstDynDescr_t *)"
5366700447,5087,366506,137,2,1,24,2,1,44,0.001,0.001,,,,,NVIDIA A100-SXM4-40GB MIG 4g.20gb (0),1,,13,"void ch_est::chEstFilterNoDftSOfdmDispatchKernel<float, __half, float, (unsigned int)2>(ch_est::puschRxChEstStatDescr_t *, ch_est::puschRxChEstDynDescr_t *)"
5366714814,2656,366517,103,1,1,128,1,1,16,0.000,0.000,,,,,NVIDIA A100-SXM4-40GB MIG 4g.20gb (0),1,,13,cupy_copy__complex64_complex64
5366730270,12416,366527,1434,1,1,128,1,1,16,0.000,0.000,,,,,NVIDIA A100-SXM4-40GB MIG 4g.20gb (0),1,,13,cupy_copy__complex64_complex64
5366766334,2560,366534,103,1,1,128,1,1,16,0.000,0.000,,,,,NVIDIA A100-SXM4-40GB MIG 4g.20gb (0),1,,13,cupy_copy__complex64_complex64
5366779166,87166,366541,1,1,1,32,32,1,30,0.000,0.000,,,,,NVIDIA A100-SXM4-40GB MIG 4g.20gb (0),1,,13,"void convert_kernel<__half2, float2>(tensor_layout_any, T1 *, tensor_layout_any, const T2 *)"
5366902492,17856,366544,,,,,,,,,,0.094,5247.257,Pinned,Device,NVIDIA A100-SXM4-40GB MIG 4g.20gb (0),1,,13,[CUDA memcpy Host-to-Device]
5366936604,46783,366545,,,,,,,,,,35.810,765437.040,Device,,NVIDIA A100-SXM4-40GB MIG 4g.20gb (0),1,,13,[CUDA memset]
5366995611,11904,366547,,,,,,,,,,0.000,6.720,Pinned,Device,NVIDIA A100-SXM4-40GB MIG 4g.20gb (0),1,,13,[CUDA memcpy Host-to-Device]
5367017115,24671,366548,,,,,,,,,,0.197,7969.112,Pinned,Device,NVIDIA A100-SXM4-40GB MIG 4g.20gb (0),1,,13,[CUDA memcpy Host-to-Device]
5367061466,9664,366549,273,1,1,48,1,1,40,0.000,0.001,,,,,NVIDIA A100-SXM4-40GB MIG 4g.20gb (0),1,,13,"void pusch_noise_intf_est::noiseIntfEstNoDftSOfdmKernel<float, __half, float, float, (unsigned int)2, (unsigned int)1, (unsigned char)4, (unsigned char)4>(pusch_noise_intf_est::puschRxNoiseIntfEstDynDescr)"
5367085466,2624,366560,35,1,1,128,1,1,16,0.000,0.000,,,,,NVIDIA A100-SXM4-40GB MIG 4g.20gb (0),1,,13,cupy_copy__complex64_complex64
5367099450,1696,366569,1,1,1,1,1,1,18,0.000,0.000,,,,,NVIDIA A100-SXM4-40GB MIG 4g.20gb (0),1,,13,cupy_copy__float32_float32
5367102682,5279,366575,,,,,,,,,,0.000,0.758,Device,Pageable,NVIDIA A100-SXM4-40GB MIG 4g.20gb (0),1,,7,[CUDA memcpy Device-to-Host]
5367181209,12767,366586,1434,1,1,128,1,1,16,0.000,0.000,,,,,NVIDIA A100-SXM4-40GB MIG 4g.20gb (0),1,,13,cupy_copy__complex64_complex64
5367216632,3392,366593,103,1,1,128,1,1,16,0.000,0.000,,,,,NVIDIA A100-SXM4-40GB MIG 4g.20gb (0),1,,13,cupy_copy__complex64_complex64
5367231576,2560,366600,35,1,1,128,1,1,16,0.000,0.000,,,,,NVIDIA A100-SXM4-40GB MIG 4g.20gb (0),1,,13,cupy_copy__complex64_complex64
5367249336,1792,366607,1,1,1,1,1,1,18,0.000,0.000,,,,,NVIDIA A100-SXM4-40GB MIG 4g.20gb (0),1,,13,cupy_copy__float32_float32
5367373046,86239,366618,1,1,1,32,32,1,30,0.000,0.000,,,,,NVIDIA A100-SXM4-40GB MIG 4g.20gb (0),1,,13,"void convert_kernel<__half2, float2>(tensor_layout_any, T1 *, tensor_layout_any, const T2 *)"
5367486645,5984,366621,,,,,,,,,,0.094,15657.726,Pinned,Device,NVIDIA A100-SXM4-40GB MIG 4g.20gb (0),1,,13,[CUDA memcpy Host-to-Device]
5367500757,3360,366622,,,,,,,,,,1.547,460304.688,Device,,NVIDIA A100-SXM4-40GB MIG 4g.20gb (0),1,,13,[CUDA memset]
5367507413,3360,366627,,,,,,,,,,0.031,9314.284,Pinned,Device,NVIDIA A100-SXM4-40GB MIG 4g.20gb (0),1,,13,[CUDA memcpy Host-to-Device]
5367513684,9440,366628,,,,,,,,,,0.197,20827.079,Pinned,Device,NVIDIA A100-SXM4-40GB MIG 4g.20gb (0),1,,13,[CUDA memcpy Host-to-Device]
5367528468,6336,366629,273,1,1,8,4,1,39,0.002,0.000,,,,,NVIDIA A100-SXM4-40GB MIG 4g.20gb (0),1,,13,"void channel_eq::eqMmseCoefCompLowMimoKernel<float, float, float, (unsigned int)4, (unsigned int)1, (unsigned int)4>(const channel_eq::_puschRxChEqStatDescr *, channel_eq::_puschRxChEqCoefCompDynDescr)"
5367535924,6560,366630,273,1,1,12,11,1,51,0.002,0.000,,,,,NVIDIA A100-SXM4-40GB MIG 4g.20gb (0),1,,13,"void channel_eq::eqMmseSoftDemapKernel<float, __half, __half, float, (unsigned int)4, (unsigned short)16383>(channel_eq::_puschRxChEqStatDescr *, channel_eq::_puschRxChEqSoftDemapDynDescr)"
5367543572,282749,366631,1,1,1,32,32,1,30,0.000,0.000,,,,,NVIDIA A100-SXM4-40GB MIG 4g.20gb (0),1,,13,"void convert_kernel<float2, __half2>(tensor_layout_any, T1 *, tensor_layout_any, const T2 *)"
5367827793,10943,366643,2253,1,1,128,1,1,16,0.000,0.000,,,,,NVIDIA A100-SXM4-40GB MIG 4g.20gb (0),1,,13,cupy_copy__float16_float16
5367841200,3360,366652,282,1,1,128,1,1,16,0.000,0.000,,,,,NVIDIA A100-SXM4-40GB MIG 4g.20gb (0),1,,13,cupy_copy__complex64_complex64
5367846192,2208,366661,26,1,1,128,1,1,16,0.000,0.000,,,,,NVIDIA A100-SXM4-40GB MIG 4g.20gb (0),1,,13,cupy_copy__float32_float32
5367850864,2784,366670,103,1,1,128,1,1,16,0.000,0.000,,,,,NVIDIA A100-SXM4-40GB MIG 4g.20gb (0),1,,13,cupy_copy__complex64_complex64
5367856304,12128,366680,1434,1,1,128,1,1,16,0.000,0.000,,,,,NVIDIA A100-SXM4-40GB MIG 4g.20gb (0),1,,13,cupy_copy__complex64_complex64
5367876368,82079,366685,1,1,1,32,32,1,30,0.000,0.000,,,,,NVIDIA A100-SXM4-40GB MIG 4g.20gb (0),1,,13,"void convert_kernel<__half2, float2>(tensor_layout_any, T1 *, tensor_layout_any, const T2 *)"
5367985679,5376,366688,,,,,,,,,,0.094,17428.487,Pinned,Device,NVIDIA A100-SXM4-40GB MIG 4g.20gb (0),1,,13,[CUDA memcpy Host-to-Device]
5367995343,597016,366689,,,,,,,,,,456.561,764283.851,Device,,NVIDIA A100-SXM4-40GB MIG 4g.20gb (0),1,,13,[CUDA memset]
5368598503,103839,366694,,,,,,,,,,1.235,11892.511,Pinned,Device,NVIDIA A100-SXM4-40GB MIG 4g.20gb (0),1,,13,[CUDA memcpy Host-to-Device]
5368708582,23871,366695,,,,,,,,,,0.197,8236.106,Pinned,Device,NVIDIA A100-SXM4-40GB MIG 4g.20gb (0),1,,13,[CUDA memcpy Host-to-Device]
5368751685,7936,366696,69,4,1,48,1,1,76,0.002,0.000,,,,,NVIDIA A100-SXM4-40GB MIG 4g.20gb (0),1,,13,"void ch_est::windowedChEstPreNoDftSOfdmKernel<float, __half, float, (unsigned int)2, (unsigned int)1, (unsigned short)4>(ch_est::puschRxChEstStatDescr_t *, ch_est::puschRxChEstDynDescr_t *)"
5368767525,6336,366697,137,2,1,24,2,1,44,0.001,0.001,,,,,NVIDIA A100-SXM4-40GB MIG 4g.20gb (0),1,,13,"void ch_est::chEstFilterNoDftSOfdmDispatchKernel<float, __half, float, (unsigned int)2>(ch_est::puschRxChEstStatDescr_t *, ch_est::puschRxChEstDynDescr_t *)"
5368777541,6304,366698,137,2,1,24,2,1,44,0.001,0.001,,,,,NVIDIA A100-SXM4-40GB MIG 4g.20gb (0),1,,13,"void ch_est::chEstFilterNoDftSOfdmDispatchKernel<float, __half, float, (unsigned int)2>(ch_est::puschRxChEstStatDescr_t *, ch_est::puschRxChEstDynDescr_t *)"
5368790661,2560,366709,103,1,1,128,1,1,16,0.000,0.000,,,,,NVIDIA A100-SXM4-40GB MIG 4g.20gb (0),1,,13,cupy_copy__complex64_complex64
5368805669,12415,366719,1434,1,1,128,1,1,16,0.000,0.000,,,,,NVIDIA A100-SXM4-40GB MIG 4g.20gb (0),1,,13,cupy_copy__complex64_complex64
5368830084,2656,366726,103,1,1,128,1,1,16,0.000,0.000,,,,,NVIDIA A100-SXM4-40GB MIG 4g.20gb (0),1,,13,cupy_copy__complex64_complex64
5368840900,87423,366733,1,1,1,32,32,1,30,0.000,0.000,,,,,NVIDIA A100-SXM4-40GB MIG 4g.20gb (0),1,,13,"void convert_kernel<__half2, float2>(tensor_layout_any, T1 *, tensor_layout_any, const T2 *)"
5368960387,21983,366736,,,,,,,,,,0.094,4262.137,Pinned,Device,NVIDIA A100-SXM4-40GB MIG 4g.20gb (0),1,,13,[CUDA memcpy Host-to-Device]
5368998882,46944,366737,,,,,,,,,,35.810,762787.106,Device,,NVIDIA A100-SXM4-40GB MIG 4g.20gb (0),1,,13,[CUDA memset]
5369049282,11871,366739,,,,,,,,,,0.000,6.739,Pinned,Device,NVIDIA A100-SXM4-40GB MIG 4g.20gb (0),1,,13,[CUDA memcpy Host-to-Device]
5369067553,25920,366740,,,,,,,,,,0.197,7585.137,Pinned,Device,NVIDIA A100-SXM4-40GB MIG 4g.20gb (0),1,,13,[CUDA memcpy Host-to-Device]
5369109441,9152,366741,273,1,1,48,1,1,40,0.000,0.001,,,,,NVIDIA A100-SXM4-40GB MIG 4g.20gb (0),1,,13,"void pusch_noise_intf_est::noiseIntfEstNoDftSOfdmKernel<float, __half, float, float, (unsigned int)2, (unsigned int)1, (unsigned char)4, (unsigned char)4>(pusch_noise_intf_est::puschRxNoiseIntfEstDynDescr)"
5369121121,3072,366752,35,1,1,128,1,1,16,0.000,0.000,,,,,NVIDIA A100-SXM4-40GB MIG 4g.20gb (0),1,,13,cupy_copy__complex64_complex64
5369135137,1919,366761,1,1,1,1,1,1,18,0.000,0.000,,,,,NVIDIA A100-SXM4-40GB MIG 4g.20gb (0),1,,13,cupy_copy__float32_float32
5369144512,3456,366767,,,,,,,,,,0.000,1.157,Device,Pageable,NVIDIA A100-SXM4-40GB MIG 4g.20gb (0),1,,7,[CUDA memcpy Device-to-Host]
5369239551,12960,366778,1434,1,1,128,1,1,16,0.000,0.000,,,,,NVIDIA A100-SXM4-40GB MIG 4g.20gb (0),1,,13,cupy_copy__complex64_complex64
5369258527,3456,366785,103,1,1,128,1,1,16,0.000,0.000,,,,,NVIDIA A100-SXM4-40GB MIG 4g.20gb (0),1,,13,cupy_copy__complex64_complex64
5369284191,2528,366792,35,1,1,128,1,1,16,0.000,0.000,,,,,NVIDIA A100-SXM4-40GB MIG 4g.20gb (0),1,,13,cupy_copy__complex64_complex64
5369301502,1984,366799,1,1,1,1,1,1,18,0.000,0.000,,,,,NVIDIA A100-SXM4-40GB MIG 4g.20gb (0),1,,13,cupy_copy__float32_float32
5369431197,92479,366810,1,1,1,32,32,1,30,0.000,0.000,,,,,NVIDIA A100-SXM4-40GB MIG 4g.20gb (0),1,,13,"void convert_kernel<__half2, float2>(tensor_layout_any, T1 *, tensor_layout_any, const T2 *)"
5369559323,19008,366813,,,,,,,,,,0.094,4929.253,Pinned,Device,NVIDIA A100-SXM4-40GB MIG 4g.20gb (0),1,,13,[CUDA memcpy Host-to-Device]
5369590907,3360,366814,,,,,,,,,,1.547,460304.688,Device,,NVIDIA A100-SXM4-40GB MIG 4g.20gb (0),1,,13,[CUDA memset]
5369600891,12288,366819,,,,,,,,,,0.031,2546.868,Pinned,Device,NVIDIA A100-SXM4-40GB MIG 4g.20gb (0),1,,13,[CUDA memcpy Host-to-Device]
5369620059,12479,366820,,,,,,,,,,0.197,15754.985,Pinned,Device,NVIDIA A100-SXM4-40GB MIG 4g.20gb (0),1,,13,[CUDA memcpy Host-to-Device]
5369646010,6624,366821,273,1,1,8,4,1,39,0.002,0.000,,,,,NVIDIA A100-SXM4-40GB MIG 4g.20gb (0),1,,13,"void channel_eq::eqMmseCoefCompLowMimoKernel<float, float, float, (unsigned int)4, (unsigned int)1, (unsigned int)4>(const channel_eq::_puschRxChEqStatDescr *, channel_eq::_puschRxChEqCoefCompDynDescr)"
5369655002,5696,366822,273,1,1,12,11,1,51,0.002,0.000,,,,,NVIDIA A100-SXM4-40GB MIG 4g.20gb (0),1,,13,"void channel_eq::eqMmseSoftDemapKernel<float, __half, __half, float, (unsigned int)4, (unsigned short)16383>(channel_eq::_puschRxChEqStatDescr *, channel_eq::_puschRxChEqSoftDemapDynDescr)"
5369666618,279677,366823,1,1,1,32,32,1,30,0.000,0.000,,,,,NVIDIA A100-SXM4-40GB MIG 4g.20gb (0),1,,13,"void convert_kernel<float2, __half2>(tensor_layout_any, T1 *, tensor_layout_any, const T2 *)"
5369948438,11008,366835,2253,1,1,128,1,1,16,0.000,0.000,,,,,NVIDIA A100-SXM4-40GB MIG 4g.20gb (0),1,,13,cupy_copy__float16_float16
5369961078,2880,366844,282,1,1,128,1,1,16,0.000,0.000,,,,,NVIDIA A100-SXM4-40GB MIG 4g.20gb (0),1,,13,cupy_copy__complex64_complex64
5369968150,2016,366853,26,1,1,128,1,1,16,0.000,0.000,,,,,NVIDIA A100-SXM4-40GB MIG 4g.20gb (0),1,,13,cupy_copy__float32_float32
5369975414,3424,366862,103,1,1,128,1,1,16,0.000,0.000,,,,,NVIDIA A100-SXM4-40GB MIG 4g.20gb (0),1,,13,cupy_copy__complex64_complex64
5369980406,12256,366872,1434,1,1,128,1,1,16,0.000,0.000,,,,,NVIDIA A100-SXM4-40GB MIG 4g.20gb (0),1,,13,cupy_copy__complex64_complex64
5369994166,81983,366877,1,1,1,32,32,1,30,0.000,0.000,,,,,NVIDIA A100-SXM4-40GB MIG 4g.20gb (0),1,,13,"void convert_kernel<__half2, float2>(tensor_layout_any, T1 *, tensor_layout_any, const T2 *)"
5370103029,5824,366880,,,,,,,,,,0.094,16087.884,Pinned,Device,NVIDIA A100-SXM4-40GB MIG 4g.20gb (0),1,,13,[CUDA memcpy Host-to-Device]
5370112564,597177,366881,,,,,,,,,,456.561,764283.851,Device,,NVIDIA A100-SXM4-40GB MIG 4g.20gb (0),1,,13,[CUDA memset]
5370713965,134174,366886,,,,,,,,,,1.235,9204.038,Pinned,Device,NVIDIA A100-SXM4-40GB MIG 4g.20gb (0),1,,13,[CUDA memcpy Host-to-Device]
5370861163,40352,366887,,,,,,,,,,0.197,4872.143,Pinned,Device,NVIDIA A100-SXM4-40GB MIG 4g.20gb (0),1,,13,[CUDA memcpy Host-to-Device]
5370926218,8224,366888,69,4,1,48,1,1,76,0.002,0.000,,,,,NVIDIA A100-SXM4-40GB MIG 4g.20gb (0),1,,13,"void ch_est::windowedChEstPreNoDftSOfdmKernel<float, __half, float, (unsigned int)2, (unsigned int)1, (unsigned short)4>(ch_est::puschRxChEstStatDescr_t *, ch_est::puschRxChEstDynDescr_t *)"
5370943850,6752,366889,137,2,1,24,2,1,44,0.001,0.001,,,,,NVIDIA A100-SXM4-40GB MIG 4g.20gb (0),1,,13,"void ch_est::chEstFilterNoDftSOfdmDispatchKernel<float, __half, float, (unsigned int)2>(ch_est::puschRxChEstStatDescr_t *, ch_est::puschRxChEstDynDescr_t *)"
5370962122,4768,366890,137,2,1,24,2,1,44,0.001,0.001,,,,,NVIDIA A100-SXM4-40GB MIG 4g.20gb (0),1,,13,"void ch_est::chEstFilterNoDftSOfdmDispatchKernel<float, __half, float, (unsigned int)2>(ch_est::puschRxChEstStatDescr_t *, ch_est::puschRxChEstDynDescr_t *)"
5370981642,2528,366901,103,1,1,128,1,1,16,0.000,0.000,,,,,NVIDIA A100-SXM4-40GB MIG 4g.20gb (0),1,,13,cupy_copy__complex64_complex64
5370998538,12479,366911,1434,1,1,128,1,1,16,0.000,0.000,,,,,NVIDIA A100-SXM4-40GB MIG 4g.20gb (0),1,,13,cupy_copy__complex64_complex64
5371017417,3104,366918,103,1,1,128,1,1,16,0.000,0.000,,,,,NVIDIA A100-SXM4-40GB MIG 4g.20gb (0),1,,13,cupy_copy__complex64_complex64
5371038153,86015,366925,1,1,1,32,32,1,30,0.000,0.000,,,,,NVIDIA A100-SXM4-40GB MIG 4g.20gb (0),1,,13,"void convert_kernel<__half2, float2>(tensor_layout_any, T1 *, tensor_layout_any, const T2 *)"
5371152328,11264,366928,,,,,,,,,,0.094,8318.143,Pinned,Device,NVIDIA A100-SXM4-40GB MIG 4g.20gb (0),1,,13,[CUDA memcpy Host-to-Device]
5371171559,48384,366929,,,,,,,,,,35.810,740083.617,Device,,NVIDIA A100-SXM4-40GB MIG 4g.20gb (0),1,,13,[CUDA memset]
5371223335,8448,366931,,,,,,,,,,0.000,9.470,Pinned,Device,NVIDIA A100-SXM4-40GB MIG 4g.20gb (0),1,,13,[CUDA memcpy Host-to-Device]
5371239111,17759,366932,,,,,,,,,,0.197,11070.800,Pinned,Device,NVIDIA A100-SXM4-40GB MIG 4g.20gb (0),1,,13,[CUDA memcpy Host-to-Device]
5371269062,9120,366933,273,1,1,48,1,1,40,0.000,0.001,,,,,NVIDIA A100-SXM4-40GB MIG 4g.20gb (0),1,,13,"void pusch_noise_intf_est::noiseIntfEstNoDftSOfdmKernel<float, __half, float, float, (unsigned int)2, (unsigned int)1, (unsigned char)4, (unsigned char)4>(pusch_noise_intf_est::puschRxNoiseIntfEstDynDescr)"
5371288550,2976,366944,35,1,1,128,1,1,16,0.000,0.000,,,,,NVIDIA A100-SXM4-40GB MIG 4g.20gb (0),1,,13,cupy_copy__complex64_complex64
5371300678,1728,366953,1,1,1,1,1,1,18,0.000,0.000,,,,,NVIDIA A100-SXM4-40GB MIG 4g.20gb (0),1,,13,cupy_copy__float32_float32
5371313158,2816,366959,,,,,,,,,,0.000,1.420,Device,Pageable,NVIDIA A100-SXM4-40GB MIG 4g.20gb (0),1,,7,[CUDA memcpy Device-to-Host]
5371383781,13056,366970,1434,1,1,128,1,1,16,0.000,0.000,,,,,NVIDIA A100-SXM4-40GB MIG 4g.20gb (0),1,,13,cupy_copy__complex64_complex64
5371411364,2944,366977,103,1,1,128,1,1,16,0.000,0.000,,,,,NVIDIA A100-SXM4-40GB MIG 4g.20gb (0),1,,13,cupy_copy__complex64_complex64
5371428740,2656,366984,35,1,1,128,1,1,16,0.000,0.000,,,,,NVIDIA A100-SXM4-40GB MIG 4g.20gb (0),1,,13,cupy_copy__complex64_complex64
5371448036,2016,366991,1,1,1,1,1,1,18,0.000,0.000,,,,,NVIDIA A100-SXM4-40GB MIG 4g.20gb (0),1,,13,cupy_copy__float32_float32
5371578658,81823,367002,1,1,1,32,32,1,30,0.000,0.000,,,,,NVIDIA A100-SXM4-40GB MIG 4g.20gb (0),1,,13,"void convert_kernel<__half2, float2>(tensor_layout_any, T1 *, tensor_layout_any, const T2 *)"
5371687617,5792,367005,,,,,,,,,,0.094,16176.708,Pinned,Device,NVIDIA A100-SXM4-40GB MIG 4g.20gb (0),1,,13,[CUDA memcpy Host-to-Device]
5371701985,3360,367006,,,,,,,,,,1.547,460304.688,Device,,NVIDIA A100-SXM4-40GB MIG 4g.20gb (0),1,,13,[CUDA memset]
5371709249,3648,367011,,,,,,,,,,0.031,8578.922,Pinned,Device,NVIDIA A100-SXM4-40GB MIG 4g.20gb (0),1,,13,[CUDA memcpy Host-to-Device]
5371715713,9472,367012,,,,,,,,,,0.197,20756.693,Pinned,Device,NVIDIA A100-SXM4-40GB MIG 4g.20gb (0),1,,13,[CUDA memcpy Host-to-Device]
5371729921,6367,367013,273,1,1,8,4,1,39,0.002,0.000,,,,,NVIDIA A100-SXM4-40GB MIG 4g.20gb (0),1,,13,"void channel_eq::eqMmseCoefCompLowMimoKernel<float, float, float, (unsigned int)4, (unsigned int)1, (unsigned int)4>(const channel_eq::_puschRxChEqStatDescr *, channel_eq::_puschRxChEqCoefCompDynDescr)"
5371739168,6240,367014,273,1,1,12,11,1,51,0.002,0.000,,,,,NVIDIA A100-SXM4-40GB MIG 4g.20gb (0),1,,13,"void channel_eq::eqMmseSoftDemapKernel<float, __half, __half, float, (unsigned int)4, (unsigned short)16383>(channel_eq::_puschRxChEqStatDescr *, channel_eq::_puschRxChEqSoftDemapDynDescr)"
5371746464,282941,367015,1,1,1,32,32,1,30,0.000,0.000,,,,,NVIDIA A100-SXM4-40GB MIG 4g.20gb (0),1,,13,"void convert_kernel<float2, __half2>(tensor_layout_any, T1 *, tensor_layout_any, const T2 *)"
5372030525,10944,367027,2253,1,1,128,1,1,16,0.000,0.000,,,,,NVIDIA A100-SXM4-40GB MIG 4g.20gb (0),1,,13,cupy_copy__float16_float16
5372044093,3776,367036,282,1,1,128,1,1,16,0.000,0.000,,,,,NVIDIA A100-SXM4-40GB MIG 4g.20gb (0),1,,13,cupy_copy__complex64_complex64
5372049917,2304,367045,26,1,1,128,1,1,16,0.000,0.000,,,,,NVIDIA A100-SXM4-40GB MIG 4g.20gb (0),1,,13,cupy_copy__float32_float32
5372054045,3296,367054,103,1,1,128,1,1,16,0.000,0.000,,,,,NVIDIA A100-SXM4-40GB MIG 4g.20gb (0),1,,13,cupy_copy__complex64_complex64
5372058428,11968,367064,1434,1,1,128,1,1,16,0.000,0.000,,,,,NVIDIA A100-SXM4-40GB MIG 4g.20gb (0),1,,13,cupy_copy__complex64_complex64
5372081628,82495,367069,1,1,1,32,32,1,30,0.000,0.000,,,,,NVIDIA A100-SXM4-40GB MIG 4g.20gb (0),1,,13,"void convert_kernel<__half2, float2>(tensor_layout_any, T1 *, tensor_layout_any, const T2 *)"
5372191003,5600,367072,,,,,,,,,,0.094,16731.388,Pinned,Device,NVIDIA A100-SXM4-40GB MIG 4g.20gb (0),1,,13,[CUDA memcpy Host-to-Device]
5372201499,599384,367073,,,,,,,,,,456.561,761544.482,Device,,NVIDIA A100-SXM4-40GB MIG 4g.20gb (0),1,,13,[CUDA memset]
5372808339,152606,367078,,,,,,,,,,1.235,8091.353,Pinned,Device,NVIDIA A100-SXM4-40GB MIG 4g.20gb (0),1,,13,[CUDA memcpy Host-to-Device]
5372974065,40864,367079,,,,,,,,,,0.197,4811.194,Pinned,Device,NVIDIA A100-SXM4-40GB MIG 4g.20gb (0),1,,13,[CUDA memcpy Host-to-Device]
5373032304,8320,367080,69,4,1,48,1,1,76,0.002,0.000,,,,,NVIDIA A100-SXM4-40GB MIG 4g.20gb (0),1,,13,"void ch_est::windowedChEstPreNoDftSOfdmKernel<float, __half, float, (unsigned int)2, (unsigned int)1, (unsigned short)4>(ch_est::puschRxChEstStatDescr_t *, ch_est::puschRxChEstDynDescr_t *)"
5373050096,7104,367081,137,2,1,24,2,1,44,0.001,0.001,,,,,NVIDIA A100-SXM4-40GB MIG 4g.20gb (0),1,,13,"void ch_est::chEstFilterNoDftSOfdmDispatchKernel<float, __half, float, (unsigned int)2>(ch_est::puschRxChEstStatDescr_t *, ch_est::puschRxChEstDynDescr_t *)"
5373067248,4768,367082,137,2,1,24,2,1,44,0.001,0.001,,,,,NVIDIA A100-SXM4-40GB MIG 4g.20gb (0),1,,13,"void ch_est::chEstFilterNoDftSOfdmDispatchKernel<float, __half, float, (unsigned int)2>(ch_est::puschRxChEstStatDescr_t *, ch_est::puschRxChEstDynDescr_t *)"
5373083792,2720,367093,103,1,1,128,1,1,16,0.000,0.000,,,,,NVIDIA A100-SXM4-40GB MIG 4g.20gb (0),1,,13,cupy_copy__complex64_complex64
5373100752,12671,367103,1434,1,1,128,1,1,16,0.000,0.000,,,,,NVIDIA A100-SXM4-40GB MIG 4g.20gb (0),1,,13,cupy_copy__complex64_complex64
5373121103,2912,367110,103,1,1,128,1,1,16,0.000,0.000,,,,,NVIDIA A100-SXM4-40GB MIG 4g.20gb (0),1,,13,cupy_copy__complex64_complex64
5373146223,91135,367117,1,1,1,32,32,1,30,0.000,0.000,,,,,NVIDIA A100-SXM4-40GB MIG 4g.20gb (0),1,,13,"void convert_kernel<__half2, float2>(tensor_layout_any, T1 *, tensor_layout_any, const T2 *)"
5373271758,26207,367120,,,,,,,,,,0.094,3575.158,Pinned,Device,NVIDIA A100-SXM4-40GB MIG 4g.20gb (0),1,,13,[CUDA memcpy Host-to-Device]
5373317325,47423,367121,,,,,,,,,,35.810,755087.973,Device,,NVIDIA A100-SXM4-40GB MIG 4g.20gb (0),1,,13,[CUDA memset]
5373373580,3296,367123,,,,,,,,,,0.000,24.272,Pinned,Device,NVIDIA A100-SXM4-40GB MIG 4g.20gb (0),1,,13,[CUDA memcpy Host-to-Device]
5373386220,19840,367124,,,,,,,,,,0.197,9909.633,Pinned,Device,NVIDIA A100-SXM4-40GB MIG 4g.20gb (0),1,,13,[CUDA memcpy Host-to-Device]
5373416108,13184,367125,273,1,1,48,1,1,40,0.000,0.001,,,,,NVIDIA A100-SXM4-40GB MIG 4g.20gb (0),1,,13,"void pusch_noise_intf_est::noiseIntfEstNoDftSOfdmKernel<float, __half, float, float, (unsigned int)2, (unsigned int)1, (unsigned char)4, (unsigned char)4>(pusch_noise_intf_est::puschRxNoiseIntfEstDynDescr)"
5373443339,3040,367136,35,1,1,128,1,1,16,0.000,0.000,,,,,NVIDIA A100-SXM4-40GB MIG 4g.20gb (0),1,,13,cupy_copy__complex64_complex64
5373450827,1856,367145,1,1,1,1,1,1,18,0.000,0.000,,,,,NVIDIA A100-SXM4-40GB MIG 4g.20gb (0),1,,13,cupy_copy__float32_float32
5373454475,2752,367151,,,,,,,,,,0.000,1.453,Device,Pageable,NVIDIA A100-SXM4-40GB MIG 4g.20gb (0),1,,7,[CUDA memcpy Device-to-Host]
5373531434,12640,367162,1434,1,1,128,1,1,16,0.000,0.000,,,,,NVIDIA A100-SXM4-40GB MIG 4g.20gb (0),1,,13,cupy_copy__complex64_complex64
5373569898,3392,367169,103,1,1,128,1,1,16,0.000,0.000,,,,,NVIDIA A100-SXM4-40GB MIG 4g.20gb (0),1,,13,cupy_copy__complex64_complex64
5373584906,2176,367176,35,1,1,128,1,1,16,0.000,0.000,,,,,NVIDIA A100-SXM4-40GB MIG 4g.20gb (0),1,,13,cupy_copy__complex64_complex64
5373598794,1695,367183,1,1,1,1,1,1,18,0.000,0.000,,,,,NVIDIA A100-SXM4-40GB MIG 4g.20gb (0),1,,13,cupy_copy__float32_float32
5373722504,87967,367194,1,1,1,32,32,1,30,0.000,0.000,,,,,NVIDIA A100-SXM4-40GB MIG 4g.20gb (0),1,,13,"void convert_kernel<__half2, float2>(tensor_layout_any, T1 *, tensor_layout_any, const T2 *)"
5373838183,5727,367197,,,,,,,,,,0.094,16360.352,Pinned,Device,NVIDIA A100-SXM4-40GB MIG 4g.20gb (0),1,,13,[CUDA memcpy Host-to-Device]
5373852710,2976,367198,,,,,,,,,,1.547,519698.143,Device,,NVIDIA A100-SXM4-40GB MIG 4g.20gb (0),1,,13,[CUDA memset]
5373859558,3360,367203,,,,,,,,,,0.031,9314.284,Pinned,Device,NVIDIA A100-SXM4-40GB MIG 4g.20gb (0),1,,13,[CUDA memcpy Host-to-Device]
5373865318,10432,367204,,,,,,,,,,0.197,18846.450,Pinned,Device,NVIDIA A100-SXM4-40GB MIG 4g.20gb (0),1,,13,[CUDA memcpy Host-to-Device]
5373880838,6080,367205,273,1,1,8,4,1,39,0.002,0.000,,,,,NVIDIA A100-SXM4-40GB MIG 4g.20gb (0),1,,13,"void channel_eq::eqMmseCoefCompLowMimoKernel<float, float, float, (unsigned int)4, (unsigned int)1, (unsigned int)4>(const channel_eq::_puschRxChEqStatDescr *, channel_eq::_puschRxChEqCoefCompDynDescr)"
5373890758,6880,367206,273,1,1,12,11,1,51,0.002,0.000,,,,,NVIDIA A100-SXM4-40GB MIG 4g.20gb (0),1,,13,"void channel_eq::eqMmseSoftDemapKernel<float, __half, __half, float, (unsigned int)4, (unsigned short)16383>(channel_eq::_puschRxChEqStatDescr *, channel_eq::_puschRxChEqSoftDemapDynDescr)"
5373899526,282556,367207,1,1,1,32,32,1,30,0.000,0.000,,,,,NVIDIA A100-SXM4-40GB MIG 4g.20gb (0),1,,13,"void convert_kernel<float2, __half2>(tensor_layout_any, T1 *, tensor_layout_any, const T2 *)"
5374184930,11040,367219,2253,1,1,128,1,1,16,0.000,0.000,,,,,NVIDIA A100-SXM4-40GB MIG 4g.20gb (0),1,,13,cupy_copy__float16_float16
5374198722,3072,367228,282,1,1,128,1,1,16,0.000,0.000,,,,,NVIDIA A100-SXM4-40GB MIG 4g.20gb (0),1,,13,cupy_copy__complex64_complex64
5374204066,2048,367237,26,1,1,128,1,1,16,0.000,0.000,,,,,NVIDIA A100-SXM4-40GB MIG 4g.20gb (0),1,,13,cupy_copy__float32_float32
5374208066,3264,367246,103,1,1,128,1,1,16,0.000,0.000,,,,,NVIDIA A100-SXM4-40GB MIG 4g.20gb (0),1,,13,cupy_copy__complex64_complex64
5374212322,11808,367256,1434,1,1,128,1,1,16,0.000,0.000,,,,,NVIDIA A100-SXM4-40GB MIG 4g.20gb (0),1,,13,cupy_copy__complex64_complex64
5374229762,87519,367261,1,1,1,32,32,1,30,0.000,0.000,,,,,NVIDIA A100-SXM4-40GB MIG 4g.20gb (0),1,,13,"void convert_kernel<__half2, float2>(tensor_layout_any, T1 *, tensor_layout_any, const T2 *)"
5374343936,5792,367264,,,,,,,,,,0.094,16176.708,Pinned,Device,NVIDIA A100-SXM4-40GB MIG 4g.20gb (0),1,,13,[CUDA memcpy Host-to-Device]
5374353440,598137,367265,,,,,,,,,,456.561,762914.166,Device,,NVIDIA A100-SXM4-40GB MIG 4g.20gb (0),1,,13,[CUDA memset]
5374955609,144062,367270,,,,,,,,,,1.235,8571.746,Pinned,Device,NVIDIA A100-SXM4-40GB MIG 4g.20gb (0),1,,13,[CUDA memcpy Host-to-Device]
5375107639,26496,367271,,,,,,,,,,0.197,7420.183,Pinned,Device,NVIDIA A100-SXM4-40GB MIG 4g.20gb (0),1,,13,[CUDA memcpy Host-to-Device]
5375149014,8096,367272,69,4,1,48,1,1,76,0.002,0.000,,,,,NVIDIA A100-SXM4-40GB MIG 4g.20gb (0),1,,13,"void ch_est::windowedChEstPreNoDftSOfdmKernel<float, __half, float, (unsigned int)2, (unsigned int)1, (unsigned short)4>(ch_est::puschRxChEstStatDescr_t *, ch_est::puschRxChEstDynDescr_t *)"
5375160374,7104,367273,137,2,1,24,2,1,44,0.001,0.001,,,,,NVIDIA A100-SXM4-40GB MIG 4g.20gb (0),1,,13,"void ch_est::chEstFilterNoDftSOfdmDispatchKernel<float, __half, float, (unsigned int)2>(ch_est::puschRxChEstStatDescr_t *, ch_est::puschRxChEstDynDescr_t *)"
5375176150,5024,367274,137,2,1,24,2,1,44,0.001,0.001,,,,,NVIDIA A100-SXM4-40GB MIG 4g.20gb (0),1,,13,"void ch_est::chEstFilterNoDftSOfdmDispatchKernel<float, __half, float, (unsigned int)2>(ch_est::puschRxChEstStatDescr_t *, ch_est::puschRxChEstDynDescr_t *)"
5375188278,2752,367285,103,1,1,128,1,1,16,0.000,0.000,,,,,NVIDIA A100-SXM4-40GB MIG 4g.20gb (0),1,,13,cupy_copy__complex64_complex64
5375196246,12672,367295,1434,1,1,128,1,1,16,0.000,0.000,,,,,NVIDIA A100-SXM4-40GB MIG 4g.20gb (0),1,,13,cupy_copy__complex64_complex64
5375215350,2912,367302,103,1,1,128,1,1,16,0.000,0.000,,,,,NVIDIA A100-SXM4-40GB MIG 4g.20gb (0),1,,13,cupy_copy__complex64_complex64
5375230261,85631,367309,1,1,1,32,32,1,30,0.000,0.000,,,,,NVIDIA A100-SXM4-40GB MIG 4g.20gb (0),1,,13,"void convert_kernel<__half2, float2>(tensor_layout_any, T1 *, tensor_layout_any, const T2 *)"
5375347412,10048,367312,,,,,,,,,,0.094,9324.813,Pinned,Device,NVIDIA A100-SXM4-40GB MIG 4g.20gb (0),1,,13,[CUDA memcpy Host-to-Device]
5375371732,47583,367313,,,,,,,,,,35.810,752545.469,Device,,NVIDIA A100-SXM4-40GB MIG 4g.20gb (0),1,,13,[CUDA memset]
5375427379,4192,367315,,,,,,,,,,0.000,19.084,Pinned,Device,NVIDIA A100-SXM4-40GB MIG 4g.20gb (0),1,,13,[CUDA memcpy Host-to-Device]
5375438771,19648,367316,,,,,,,,,,0.197,10006.364,Pinned,Device,NVIDIA A100-SXM4-40GB MIG 4g.20gb (0),1,,13,[CUDA memcpy Host-to-Device]
5375473138,10080,367317,273,1,1,48,1,1,40,0.000,0.001,,,,,NVIDIA A100-SXM4-40GB MIG 4g.20gb (0),1,,13,"void pusch_noise_intf_est::noiseIntfEstNoDftSOfdmKernel<float, __half, float, float, (unsigned int)2, (unsigned int)1, (unsigned char)4, (unsigned char)4>(pusch_noise_intf_est::puschRxNoiseIntfEstDynDescr)"
5375496402,2912,367328,35,1,1,128,1,1,16,0.000,0.000,,,,,NVIDIA A100-SXM4-40GB MIG 4g.20gb (0),1,,13,cupy_copy__complex64_complex64
5375507698,1728,367337,1,1,1,1,1,1,18,0.000,0.000,,,,,NVIDIA A100-SXM4-40GB MIG 4g.20gb (0),1,,13,cupy_copy__float32_float32
5375515762,6016,367343,,,,,,,,,,0.000,0.665,Device,Pageable,NVIDIA A100-SXM4-40GB MIG 4g.20gb (0),1,,7,[CUDA memcpy Device-to-Host]
5375587633,12832,367354,1434,1,1,128,1,1,16,0.000,0.000,,,,,NVIDIA A100-SXM4-40GB MIG 4g.20gb (0),1,,13,cupy_copy__complex64_complex64
5375617457,2784,367361,103,1,1,128,1,1,16,0.000,0.000,,,,,NVIDIA A100-SXM4-40GB MIG 4g.20gb (0),1,,13,cupy_copy__complex64_complex64
5375633648,2304,367368,35,1,1,128,1,1,16,0.000,0.000,,,,,NVIDIA A100-SXM4-40GB MIG 4g.20gb (0),1,,13,cupy_copy__complex64_complex64
5375652112,2016,367375,1,1,1,1,1,1,18,0.000,0.000,,,,,NVIDIA A100-SXM4-40GB MIG 4g.20gb (0),1,,13,cupy_copy__float32_float32
5375782607,81855,367386,1,1,1,32,32,1,30,0.000,0.000,,,,,NVIDIA A100-SXM4-40GB MIG 4g.20gb (0),1,,13,"void convert_kernel<__half2, float2>(tensor_layout_any, T1 *, tensor_layout_any, const T2 *)"
5375891757,5568,367389,,,,,,,,,,0.094,16827.521,Pinned,Device,NVIDIA A100-SXM4-40GB MIG 4g.20gb (0),1,,13,[CUDA memcpy Host-to-Device]
5375906285,3232,367390,,,,,,,,,,1.547,478533.199,Device,,NVIDIA A100-SXM4-40GB MIG 4g.20gb (0),1,,13,[CUDA memset]
5375913197,3328,367395,,,,,,,,,,0.031,9403.822,Pinned,Device,NVIDIA A100-SXM4-40GB MIG 4g.20gb (0),1,,13,[CUDA memcpy Host-to-Device]
5375918925,9376,367396,,,,,,,,,,0.197,20969.226,Pinned,Device,NVIDIA A100-SXM4-40GB MIG 4g.20gb (0),1,,13,[CUDA memcpy Host-to-Device]
5375932717,7264,367397,273,1,1,8,4,1,39,0.002,0.000,,,,,NVIDIA A100-SXM4-40GB MIG 4g.20gb (0),1,,13,"void channel_eq::eqMmseCoefCompLowMimoKernel<float, float, float, (unsigned int)4, (unsigned int)1, (unsigned int)4>(const channel_eq::_puschRxChEqStatDescr *, channel_eq::_puschRxChEqCoefCompDynDescr)"
5375941069,5824,367398,273,1,1,12,11,1,51,0.002,0.000,,,,,NVIDIA A100-SXM4-40GB MIG 4g.20gb (0),1,,13,"void channel_eq::eqMmseSoftDemapKernel<float, __half, __half, float, (unsigned int)4, (unsigned short)16383>(channel_eq::_puschRxChEqStatDescr *, channel_eq::_puschRxChEqSoftDemapDynDescr)"
5375948109,290716,367399,1,1,1,32,32,1,30,0.000,0.000,,,,,NVIDIA A100-SXM4-40GB MIG 4g.20gb (0),1,,13,"void convert_kernel<float2, __half2>(tensor_layout_any, T1 *, tensor_layout_any, const T2 *)"
5376239945,11008,367411,2253,1,1,128,1,1,16,0.000,0.000,,,,,NVIDIA A100-SXM4-40GB MIG 4g.20gb (0),1,,13,cupy_copy__float16_float16
5376253993,3040,367420,282,1,1,128,1,1,16,0.000,0.000,,,,,NVIDIA A100-SXM4-40GB MIG 4g.20gb (0),1,,13,cupy_copy__complex64_complex64
5376259881,2240,367429,26,1,1,128,1,1,16,0.000,0.000,,,,,NVIDIA A100-SXM4-40GB MIG 4g.20gb (0),1,,13,cupy_copy__float32_float32
5376265481,3104,367438,103,1,1,128,1,1,16,0.000,0.000,,,,,NVIDIA A100-SXM4-40GB MIG 4g.20gb (0),1,,13,cupy_copy__complex64_complex64
5376316360,12032,367454,1434,1,1,128,1,1,16,0.000,0.000,,,,,NVIDIA A100-SXM4-40GB MIG 4g.20gb (0),1,,13,cupy_copy__complex64_complex64
5376431751,82271,367459,1,1,1,32,32,1,30,0.000,0.000,,,,,NVIDIA A100-SXM4-40GB MIG 4g.20gb (0),1,,13,"void convert_kernel<__half2, float2>(tensor_layout_any, T1 *, tensor_layout_any, const T2 *)"
5376540933,5440,367462,,,,,,,,,,0.094,17223.480,Pinned,Device,NVIDIA A100-SXM4-40GB MIG 4g.20gb (0),1,,13,[CUDA memcpy Host-to-Device]
5376550533,597209,367463,,,,,,,,,,456.561,764283.851,Device,,NVIDIA A100-SXM4-40GB MIG 4g.20gb (0),1,,13,[CUDA memset]
5377149566,163678,367468,,,,,,,,,,1.235,7544.273,Pinned,Device,NVIDIA A100-SXM4-40GB MIG 4g.20gb (0),1,,13,[CUDA memcpy Host-to-Device]
5377319516,29375,367469,,,,,,,,,,0.197,6692.930,Pinned,Device,NVIDIA A100-SXM4-40GB MIG 4g.20gb (0),1,,13,[CUDA memcpy Host-to-Device]
5377371451,8032,367470,69,4,1,48,1,1,76,0.002,0.000,,,,,NVIDIA A100-SXM4-40GB MIG 4g.20gb (0),1,,13,"void ch_est::windowedChEstPreNoDftSOfdmKernel<float, __half, float, (unsigned int)2, (unsigned int)1, (unsigned short)4>(ch_est::puschRxChEstStatDescr_t *, ch_est::puschRxChEstDynDescr_t *)"
5377381659,6560,367471,137,2,1,24,2,1,44,0.001,0.001,,,,,NVIDIA A100-SXM4-40GB MIG 4g.20gb (0),1,,13,"void ch_est::chEstFilterNoDftSOfdmDispatchKernel<float, __half, float, (unsigned int)2>(ch_est::puschRxChEstStatDescr_t *, ch_est::puschRxChEstDynDescr_t *)"
5377393627,5440,367472,137,2,1,24,2,1,44,0.001,0.001,,,,,NVIDIA A100-SXM4-40GB MIG 4g.20gb (0),1,,13,"void ch_est::chEstFilterNoDftSOfdmDispatchKernel<float, __half, float, (unsigned int)2>(ch_est::puschRxChEstStatDescr_t *, ch_est::puschRxChEstDynDescr_t *)"
5377405115,2560,367483,103,1,1,128,1,1,16,0.000,0.000,,,,,NVIDIA A100-SXM4-40GB MIG 4g.20gb (0),1,,13,cupy_copy__complex64_complex64
5377413339,12799,367493,1434,1,1,128,1,1,16,0.000,0.000,,,,,NVIDIA A100-SXM4-40GB MIG 4g.20gb (0),1,,13,cupy_copy__complex64_complex64
5377434170,2656,367500,103,1,1,128,1,1,16,0.000,0.000,,,,,NVIDIA A100-SXM4-40GB MIG 4g.20gb (0),1,,13,cupy_copy__complex64_complex64
5377442842,82143,367507,1,1,1,32,32,1,30,0.000,0.000,,,,,NVIDIA A100-SXM4-40GB MIG 4g.20gb (0),1,,13,"void convert_kernel<__half2, float2>(tensor_layout_any, T1 *, tensor_layout_any, const T2 *)"
5377552825,9344,367510,,,,,,,,,,0.094,10027.346,Pinned,Device,NVIDIA A100-SXM4-40GB MIG 4g.20gb (0),1,,13,[CUDA memcpy Host-to-Device]
5377568089,47295,367511,,,,,,,,,,35.810,757129.139,Device,,NVIDIA A100-SXM4-40GB MIG 4g.20gb (0),1,,13,[CUDA memset]
5377620760,4512,367513,,,,,,,,,,0.000,17.730,Pinned,Device,NVIDIA A100-SXM4-40GB MIG 4g.20gb (0),1,,13,[CUDA memcpy Host-to-Device]
5377631128,12288,367514,,,,,,,,,,0.197,15999.959,Pinned,Device,NVIDIA A100-SXM4-40GB MIG 4g.20gb (0),1,,13,[CUDA memcpy Host-to-Device]
5377654872,12543,367515,273,1,1,48,1,1,40,0.000,0.001,,,,,NVIDIA A100-SXM4-40GB MIG 4g.20gb (0),1,,13,"void pusch_noise_intf_est::noiseIntfEstNoDftSOfdmKernel<float, __half, float, float, (unsigned int)2, (unsigned int)1, (unsigned char)4, (unsigned char)4>(pusch_noise_intf_est::puschRxNoiseIntfEstDynDescr)"
5377670583,3168,367526,35,1,1,128,1,1,16,0.000,0.000,,,,,NVIDIA A100-SXM4-40GB MIG 4g.20gb (0),1,,13,cupy_copy__complex64_complex64
5377675031,1856,367535,1,1,1,1,1,1,18,0.000,0.000,,,,,NVIDIA A100-SXM4-40GB MIG 4g.20gb (0),1,,13,cupy_copy__float32_float32
5377703863,1824,367541,,,,,,,,,,0.000,2.193,Device,Pageable,NVIDIA A100-SXM4-40GB MIG 4g.20gb (0),1,,7,[CUDA memcpy Device-to-Host]
5377764886,12864,367552,1434,1,1,128,1,1,16,0.000,0.000,,,,,NVIDIA A100-SXM4-40GB MIG 4g.20gb (0),1,,13,cupy_copy__complex64_complex64
5377792374,3040,367559,103,1,1,128,1,1,16,0.000,0.000,,,,,NVIDIA A100-SXM4-40GB MIG 4g.20gb (0),1,,13,cupy_copy__complex64_complex64
5377814422,2304,367566,35,1,1,128,1,1,16,0.000,0.000,,,,,NVIDIA A100-SXM4-40GB MIG 4g.20gb (0),1,,13,cupy_copy__complex64_complex64
5377829685,1824,367573,1,1,1,1,1,1,18,0.000,0.000,,,,,NVIDIA A100-SXM4-40GB MIG 4g.20gb (0),1,,13,cupy_copy__float32_float32
5377961140,82271,367584,1,1,1,32,32,1,30,0.000,0.000,,,,,NVIDIA A100-SXM4-40GB MIG 4g.20gb (0),1,,13,"void convert_kernel<__half2, float2>(tensor_layout_any, T1 *, tensor_layout_any, const T2 *)"
5378070994,5760,367587,,,,,,,,,,0.094,16266.656,Pinned,Device,NVIDIA A100-SXM4-40GB MIG 4g.20gb (0),1,,13,[CUDA memcpy Host-to-Device]
5378085682,3200,367588,,,,,,,,,,1.547,483320.000,Device,,NVIDIA A100-SXM4-40GB MIG 4g.20gb (0),1,,13,[CUDA memset]
5378092242,3008,367593,,,,,,,,,,0.031,10404.230,Pinned,Device,NVIDIA A100-SXM4-40GB MIG 4g.20gb (0),1,,13,[CUDA memcpy Host-to-Device]
5378097778,9984,367594,,,,,,,,,,0.197,19692.257,Pinned,Device,NVIDIA A100-SXM4-40GB MIG 4g.20gb (0),1,,13,[CUDA memcpy Host-to-Device]
5378114386,6112,367595,273,1,1,8,4,1,39,0.002,0.000,,,,,NVIDIA A100-SXM4-40GB MIG 4g.20gb (0),1,,13,"void channel_eq::eqMmseCoefCompLowMimoKernel<float, float, float, (unsigned int)4, (unsigned int)1, (unsigned int)4>(const channel_eq::_puschRxChEqStatDescr *, channel_eq::_puschRxChEqCoefCompDynDescr)"
5378123250,5952,367596,273,1,1,12,11,1,51,0.002,0.000,,,,,NVIDIA A100-SXM4-40GB MIG 4g.20gb (0),1,,13,"void channel_eq::eqMmseSoftDemapKernel<float, __half, __half, float, (unsigned int)4, (unsigned short)16383>(channel_eq::_puschRxChEqStatDescr *, channel_eq::_puschRxChEqSoftDemapDynDescr)"
5378132466,282844,367597,1,1,1,32,32,1,30,0.000,0.000,,,,,NVIDIA A100-SXM4-40GB MIG 4g.20gb (0),1,,13,"void convert_kernel<float2, __half2>(tensor_layout_any, T1 *, tensor_layout_any, const T2 *)"
5378416878,10848,367609,2253,1,1,128,1,1,16,0.000,0.000,,,,,NVIDIA A100-SXM4-40GB MIG 4g.20gb (0),1,,13,cupy_copy__float16_float16
5378430318,3680,367618,282,1,1,128,1,1,16,0.000,0.000,,,,,NVIDIA A100-SXM4-40GB MIG 4g.20gb (0),1,,13,cupy_copy__complex64_complex64
5378436014,2240,367627,26,1,1,128,1,1,16,0.000,0.000,,,,,NVIDIA A100-SXM4-40GB MIG 4g.20gb (0),1,,13,cupy_copy__float32_float32
5378439918,3168,367636,103,1,1,128,1,1,16,0.000,0.000,,,,,NVIDIA A100-SXM4-40GB MIG 4g.20gb (0),1,,13,cupy_copy__complex64_complex64
5378444046,12160,367646,1434,1,1,128,1,1,16,0.000,0.000,,,,,NVIDIA A100-SXM4-40GB MIG 4g.20gb (0),1,,13,cupy_copy__complex64_complex64
5378461806,82079,367651,1,1,1,32,32,1,30,0.000,0.000,,,,,NVIDIA A100-SXM4-40GB MIG 4g.20gb (0),1,,13,"void convert_kernel<__half2, float2>(tensor_layout_any, T1 *, tensor_layout_any, const T2 *)"
5378571724,5696,367654,,,,,,,,,,0.094,16449.363,Pinned,Device,NVIDIA A100-SXM4-40GB MIG 4g.20gb (0),1,,13,[CUDA memcpy Host-to-Device]
5378580940,597017,367655,,,,,,,,,,456.561,764283.851,Device,,NVIDIA A100-SXM4-40GB MIG 4g.20gb (0),1,,13,[CUDA memset]
5379180229,160094,367660,,,,,,,,,,1.235,7713.460,Pinned,Device,NVIDIA A100-SXM4-40GB MIG 4g.20gb (0),1,,13,[CUDA memcpy Host-to-Device]
5379354787,41791,367661,,,,,,,,,,0.197,4704.436,Pinned,Device,NVIDIA A100-SXM4-40GB MIG 4g.20gb (0),1,,13,[CUDA memcpy Host-to-Device]
5379418274,8384,367662,69,4,1,48,1,1,76,0.002,0.000,,,,,NVIDIA A100-SXM4-40GB MIG 4g.20gb (0),1,,13,"void ch_est::windowedChEstPreNoDftSOfdmKernel<float, __half, float, (unsigned int)2, (unsigned int)1, (unsigned short)4>(ch_est::puschRxChEstStatDescr_t *, ch_est::puschRxChEstDynDescr_t *)"
5379437730,6783,367663,137,2,1,24,2,1,44,0.001,0.001,,,,,NVIDIA A100-SXM4-40GB MIG 4g.20gb (0),1,,13,"void ch_est::chEstFilterNoDftSOfdmDispatchKernel<float, __half, float, (unsigned int)2>(ch_est::puschRxChEstStatDescr_t *, ch_est::puschRxChEstDynDescr_t *)"
5379455009,4704,367664,137,2,1,24,2,1,44,0.001,0.001,,,,,NVIDIA A100-SXM4-40GB MIG 4g.20gb (0),1,,13,"void ch_est::chEstFilterNoDftSOfdmDispatchKernel<float, __half, float, (unsigned int)2>(ch_est::puschRxChEstStatDescr_t *, ch_est::puschRxChEstDynDescr_t *)"
5379472417,2496,367675,103,1,1,128,1,1,16,0.000,0.000,,,,,NVIDIA A100-SXM4-40GB MIG 4g.20gb (0),1,,13,cupy_copy__complex64_complex64
5379490177,12544,367685,1434,1,1,128,1,1,16,0.000,0.000,,,,,NVIDIA A100-SXM4-40GB MIG 4g.20gb (0),1,,13,cupy_copy__complex64_complex64
5379509889,2944,367692,103,1,1,128,1,1,16,0.000,0.000,,,,,NVIDIA A100-SXM4-40GB MIG 4g.20gb (0),1,,13,cupy_copy__complex64_complex64
5379529728,87583,367699,1,1,1,32,32,1,30,0.000,0.000,,,,,NVIDIA A100-SXM4-40GB MIG 4g.20gb (0),1,,13,"void convert_kernel<__half2, float2>(tensor_layout_any, T1 *, tensor_layout_any, const T2 *)"
5379653215,17440,367702,,,,,,,,,,0.094,5372.435,Pinned,Device,NVIDIA A100-SXM4-40GB MIG 4g.20gb (0),1,,13,[CUDA memcpy Host-to-Device]
5379683743,46655,367703,,,,,,,,,,35.810,767514.015,Device,,NVIDIA A100-SXM4-40GB MIG 4g.20gb (0),1,,13,[CUDA memset]
5379738334,9152,367705,,,,,,,,,,0.000,8.741,Pinned,Device,NVIDIA A100-SXM4-40GB MIG 4g.20gb (0),1,,13,[CUDA memcpy Host-to-Device]
5379754878,20351,367706,,,,,,,,,,0.197,9660.727,Pinned,Device,NVIDIA A100-SXM4-40GB MIG 4g.20gb (0),1,,13,[CUDA memcpy Host-to-Device]
5379787709,9344,367707,273,1,1,48,1,1,40,0.000,0.001,,,,,NVIDIA A100-SXM4-40GB MIG 4g.20gb (0),1,,13,"void pusch_noise_intf_est::noiseIntfEstNoDftSOfdmKernel<float, __half, float, float, (unsigned int)2, (unsigned int)1, (unsigned char)4, (unsigned char)4>(pusch_noise_intf_est::puschRxNoiseIntfEstDynDescr)"
5379802461,3072,367718,35,1,1,128,1,1,16,0.000,0.000,,,,,NVIDIA A100-SXM4-40GB MIG 4g.20gb (0),1,,13,cupy_copy__complex64_complex64
5379816605,1856,367727,1,1,1,1,1,1,18,0.000,0.000,,,,,NVIDIA A100-SXM4-40GB MIG 4g.20gb (0),1,,13,cupy_copy__float32_float32
5379826749,7008,367733,,,,,,,,,,0.000,0.571,Device,Pageable,NVIDIA A100-SXM4-40GB MIG 4g.20gb (0),1,,7,[CUDA memcpy Device-to-Host]
5379894716,13024,367744,1434,1,1,128,1,1,16,0.000,0.000,,,,,NVIDIA A100-SXM4-40GB MIG 4g.20gb (0),1,,13,cupy_copy__complex64_complex64
5379922044,3040,367751,103,1,1,128,1,1,16,0.000,0.000,,,,,NVIDIA A100-SXM4-40GB MIG 4g.20gb (0),1,,13,cupy_copy__complex64_complex64
5379943867,2624,367758,35,1,1,128,1,1,16,0.000,0.000,,,,,NVIDIA A100-SXM4-40GB MIG 4g.20gb (0),1,,13,cupy_copy__complex64_complex64
5379960059,2016,367765,1,1,1,1,1,1,18,0.000,0.000,,,,,NVIDIA A100-SXM4-40GB MIG 4g.20gb (0),1,,13,cupy_copy__float32_float32
5380092601,86399,367776,1,1,1,32,32,1,30,0.000,0.000,,,,,NVIDIA A100-SXM4-40GB MIG 4g.20gb (0),1,,13,"void convert_kernel<__half2, float2>(tensor_layout_any, T1 *, tensor_layout_any, const T2 *)"
5380206872,6016,367779,,,,,,,,,,0.094,15574.430,Pinned,Device,NVIDIA A100-SXM4-40GB MIG 4g.20gb (0),1,,13,[CUDA memcpy Host-to-Device]
5380221848,3264,367780,,,,,,,,,,1.547,473842.288,Device,,NVIDIA A100-SXM4-40GB MIG 4g.20gb (0),1,,13,[CUDA memset]
5380229464,3264,367785,,,,,,,,,,0.031,9588.218,Pinned,Device,NVIDIA A100-SXM4-40GB MIG 4g.20gb (0),1,,13,[CUDA memcpy Host-to-Device]
5380235608,9824,367786,,,,,,,,,,0.197,20012.925,Pinned,Device,NVIDIA A100-SXM4-40GB MIG 4g.20gb (0),1,,13,[CUDA memcpy Host-to-Device]
5380249592,6655,367787,273,1,1,8,4,1,39,0.002,0.000,,,,,NVIDIA A100-SXM4-40GB MIG 4g.20gb (0),1,,13,"void channel_eq::eqMmseCoefCompLowMimoKernel<float, float, float, (unsigned int)4, (unsigned int)1, (unsigned int)4>(const channel_eq::_puschRxChEqStatDescr *, channel_eq::_puschRxChEqCoefCompDynDescr)"
5380257815,6112,367788,273,1,1,12,11,1,51,0.002,0.000,,,,,NVIDIA A100-SXM4-40GB MIG 4g.20gb (0),1,,13,"void channel_eq::eqMmseSoftDemapKernel<float, __half, __half, float, (unsigned int)4, (unsigned short)16383>(channel_eq::_puschRxChEqStatDescr *, channel_eq::_puschRxChEqSoftDemapDynDescr)"
5380265623,282429,367789,1,1,1,32,32,1,30,0.000,0.000,,,,,NVIDIA A100-SXM4-40GB MIG 4g.20gb (0),1,,13,"void convert_kernel<float2, __half2>(tensor_layout_any, T1 *, tensor_layout_any, const T2 *)"
5380550964,10944,367801,2253,1,1,128,1,1,16,0.000,0.000,,,,,NVIDIA A100-SXM4-40GB MIG 4g.20gb (0),1,,13,cupy_copy__float16_float16
5380565876,3392,367810,282,1,1,128,1,1,16,0.000,0.000,,,,,NVIDIA A100-SXM4-40GB MIG 4g.20gb (0),1,,13,cupy_copy__complex64_complex64
5380572980,2144,367819,26,1,1,128,1,1,16,0.000,0.000,,,,,NVIDIA A100-SXM4-40GB MIG 4g.20gb (0),1,,13,cupy_copy__float32_float32
5380577556,2943,367828,103,1,1,128,1,1,16,0.000,0.000,,,,,NVIDIA A100-SXM4-40GB MIG 4g.20gb (0),1,,13,cupy_copy__complex64_complex64
5380581523,11936,367838,1434,1,1,128,1,1,16,0.000,0.000,,,,,NVIDIA A100-SXM4-40GB MIG 4g.20gb (0),1,,13,cupy_copy__complex64_complex64
5380596339,90367,367843,1,1,1,32,32,1,30,0.000,0.000,,,,,NVIDIA A100-SXM4-40GB MIG 4g.20gb (0),1,,13,"void convert_kernel<__half2, float2>(tensor_layout_any, T1 *, tensor_layout_any, const T2 *)"
5380713266,5920,367846,,,,,,,,,,0.094,15826.941,Pinned,Device,NVIDIA A100-SXM4-40GB MIG 4g.20gb (0),1,,13,[CUDA memcpy Host-to-Device]
5380722994,596216,367847,,,,,,,,,,456.561,765653.535,Device,,NVIDIA A100-SXM4-40GB MIG 4g.20gb (0),1,,13,[CUDA memset]
5381331178,163934,367852,,,,,,,,,,1.235,7533.158,Pinned,Device,NVIDIA A100-SXM4-40GB MIG 4g.20gb (0),1,,13,[CUDA memcpy Host-to-Device]
5381509512,39680,367853,,,,,,,,,,0.197,4954.718,Pinned,Device,NVIDIA A100-SXM4-40GB MIG 4g.20gb (0),1,,13,[CUDA memcpy Host-to-Device]
5381579591,8480,367854,69,4,1,48,1,1,76,0.002,0.000,,,,,NVIDIA A100-SXM4-40GB MIG 4g.20gb (0),1,,13,"void ch_est::windowedChEstPreNoDftSOfdmKernel<float, __half, float, (unsigned int)2, (unsigned int)1, (unsigned short)4>(ch_est::puschRxChEstStatDescr_t *, ch_est::puschRxChEstDynDescr_t *)"
5381599463,6688,367855,137,2,1,24,2,1,44,0.001,0.001,,,,,NVIDIA A100-SXM4-40GB MIG 4g.20gb (0),1,,13,"void ch_est::chEstFilterNoDftSOfdmDispatchKernel<float, __half, float, (unsigned int)2>(ch_est::puschRxChEstStatDescr_t *, ch_est::puschRxChEstDynDescr_t *)"
5381616103,4768,367856,137,2,1,24,2,1,44,0.001,0.001,,,,,NVIDIA A100-SXM4-40GB MIG 4g.20gb (0),1,,13,"void ch_est::chEstFilterNoDftSOfdmDispatchKernel<float, __half, float, (unsigned int)2>(ch_est::puschRxChEstStatDescr_t *, ch_est::puschRxChEstDynDescr_t *)"
5381633255,2623,367867,103,1,1,128,1,1,16,0.000,0.000,,,,,NVIDIA A100-SXM4-40GB MIG 4g.20gb (0),1,,13,cupy_copy__complex64_complex64
5381649990,12576,367877,1434,1,1,128,1,1,16,0.000,0.000,,,,,NVIDIA A100-SXM4-40GB MIG 4g.20gb (0),1,,13,cupy_copy__complex64_complex64
5381671462,2880,367884,103,1,1,128,1,1,16,0.000,0.000,,,,,NVIDIA A100-SXM4-40GB MIG 4g.20gb (0),1,,13,cupy_copy__complex64_complex64
5381694982,91615,367891,1,1,1,32,32,1,30,0.000,0.000,,,,,NVIDIA A100-SXM4-40GB MIG 4g.20gb (0),1,,13,"void convert_kernel<__half2, float2>(tensor_layout_any, T1 *, tensor_layout_any, const T2 *)"
5381819524,28352,367894,,,,,,,,,,0.094,3304.658,Pinned,Device,NVIDIA A100-SXM4-40GB MIG 4g.20gb (0),1,,13,[CUDA memcpy Host-to-Device]
5381869284,46687,367895,,,,,,,,,,35.810,767012.676,Device,,NVIDIA A100-SXM4-40GB MIG 4g.20gb (0),1,,13,[CUDA memset]
5381923875,13216,367897,,,,,,,,,,0.000,6.053,Pinned,Device,NVIDIA A100-SXM4-40GB MIG 4g.20gb (0),1,,13,[CUDA memcpy Host-to-Device]
5381951811,27551,367898,,,,,,,,,,0.197,7136.084,Pinned,Device,NVIDIA A100-SXM4-40GB MIG 4g.20gb (0),1,,13,[CUDA memcpy Host-to-Device]
5381998978,9888,367899,273,1,1,48,1,1,40,0.000,0.001,,,,,NVIDIA A100-SXM4-40GB MIG 4g.20gb (0),1,,13,"void pusch_noise_intf_est::noiseIntfEstNoDftSOfdmKernel<float, __half, float, float, (unsigned int)2, (unsigned int)1, (unsigned char)4, (unsigned char)4>(pusch_noise_intf_est::puschRxNoiseIntfEstDynDescr)"
5382015554,2848,367910,35,1,1,128,1,1,16,0.000,0.000,,,,,NVIDIA A100-SXM4-40GB MIG 4g.20gb (0),1,,13,cupy_copy__complex64_complex64
5382031554,1760,367919,1,1,1,1,1,1,18,0.000,0.000,,,,,NVIDIA A100-SXM4-40GB MIG 4g.20gb (0),1,,13,cupy_copy__float32_float32
5382038562,4159,367925,,,,,,,,,,0.000,0.962,Device,Pageable,NVIDIA A100-SXM4-40GB MIG 4g.20gb (0),1,,7,[CUDA memcpy Device-to-Host]
5382124288,12512,367936,1434,1,1,128,1,1,16,0.000,0.000,,,,,NVIDIA A100-SXM4-40GB MIG 4g.20gb (0),1,,13,cupy_copy__complex64_complex64
5382156608,3360,367943,103,1,1,128,1,1,16,0.000,0.000,,,,,NVIDIA A100-SXM4-40GB MIG 4g.20gb (0),1,,13,cupy_copy__complex64_complex64
5382174208,2464,367950,35,1,1,128,1,1,16,0.000,0.000,,,,,NVIDIA A100-SXM4-40GB MIG 4g.20gb (0),1,,13,cupy_copy__complex64_complex64
5382190400,1824,367957,1,1,1,1,1,1,18,0.000,0.000,,,,,NVIDIA A100-SXM4-40GB MIG 4g.20gb (0),1,,13,cupy_copy__float32_float32
5382320798,83231,367968,1,1,1,32,32,1,30,0.000,0.000,,,,,NVIDIA A100-SXM4-40GB MIG 4g.20gb (0),1,,13,"void convert_kernel<__half2, float2>(tensor_layout_any, T1 *, tensor_layout_any, const T2 *)"
5382435229,5760,367971,,,,,,,,,,0.094,16266.656,Pinned,Device,NVIDIA A100-SXM4-40GB MIG 4g.20gb (0),1,,13,[CUDA memcpy Host-to-Device]
5382449852,3680,367972,,,,,,,,,,1.547,420278.059,Device,,NVIDIA A100-SXM4-40GB MIG 4g.20gb (0),1,,13,[CUDA memset]
5382457148,3360,367977,,,,,,,,,,0.031,9314.284,Pinned,Device,NVIDIA A100-SXM4-40GB MIG 4g.20gb (0),1,,13,[CUDA memcpy Host-to-Device]
5382462780,9824,367978,,,,,,,,,,0.197,20012.925,Pinned,Device,NVIDIA A100-SXM4-40GB MIG 4g.20gb (0),1,,13,[CUDA memcpy Host-to-Device]
5382477980,6304,367979,273,1,1,8,4,1,39,0.002,0.000,,,,,NVIDIA A100-SXM4-40GB MIG 4g.20gb (0),1,,13,"void channel_eq::eqMmseCoefCompLowMimoKernel<float, float, float, (unsigned int)4, (unsigned int)1, (unsigned int)4>(const channel_eq::_puschRxChEqStatDescr *, channel_eq::_puschRxChEqCoefCompDynDescr)"
5382485404,6336,367980,273,1,1,12,11,1,51,0.002,0.000,,,,,NVIDIA A100-SXM4-40GB MIG 4g.20gb (0),1,,13,"void channel_eq::eqMmseSoftDemapKernel<float, __half, __half, float, (unsigned int)4, (unsigned short)16383>(channel_eq::_puschRxChEqStatDescr *, channel_eq::_puschRxChEqSoftDemapDynDescr)"
5382492668,283196,367981,1,1,1,32,32,1,30,0.000,0.000,,,,,NVIDIA A100-SXM4-40GB MIG 4g.20gb (0),1,,13,"void convert_kernel<float2, __half2>(tensor_layout_any, T1 *, tensor_layout_any, const T2 *)"
5382776952,11040,367993,2253,1,1,128,1,1,16,0.000,0.000,,,,,NVIDIA A100-SXM4-40GB MIG 4g.20gb (0),1,,13,cupy_copy__float16_float16
5382789880,3072,368002,282,1,1,128,1,1,16,0.000,0.000,,,,,NVIDIA A100-SXM4-40GB MIG 4g.20gb (0),1,,13,cupy_copy__complex64_complex64
5382794648,2272,368011,26,1,1,128,1,1,16,0.000,0.000,,,,,NVIDIA A100-SXM4-40GB MIG 4g.20gb (0),1,,13,cupy_copy__float32_float32
5382801784,3040,368020,103,1,1,128,1,1,16,0.000,0.000,,,,,NVIDIA A100-SXM4-40GB MIG 4g.20gb (0),1,,13,cupy_copy__complex64_complex64
5382806680,12032,368030,1434,1,1,128,1,1,16,0.000,0.000,,,,,NVIDIA A100-SXM4-40GB MIG 4g.20gb (0),1,,13,cupy_copy__complex64_complex64
5382824216,81791,368035,1,1,1,32,32,1,30,0.000,0.000,,,,,NVIDIA A100-SXM4-40GB MIG 4g.20gb (0),1,,13,"void convert_kernel<__half2, float2>(tensor_layout_any, T1 *, tensor_layout_any, const T2 *)"
5382933942,5600,368038,,,,,,,,,,0.094,16731.388,Pinned,Device,NVIDIA A100-SXM4-40GB MIG 4g.20gb (0),1,,13,[CUDA memcpy Host-to-Device]
5382945270,599897,368039,,,,,,,,,,456.561,760631.359,Device,,NVIDIA A100-SXM4-40GB MIG 4g.20gb (0),1,,13,[CUDA memset]
5383552015,84351,368044,,,,,,,,,,1.235,14640.261,Pinned,Device,NVIDIA A100-SXM4-40GB MIG 4g.20gb (0),1,,13,[CUDA memcpy Host-to-Device]
5383644814,17920,368045,,,,,,,,,,0.197,10971.316,Pinned,Device,NVIDIA A100-SXM4-40GB MIG 4g.20gb (0),1,,13,[CUDA memcpy Host-to-Device]
5383676909,8416,368046,69,4,1,48,1,1,76,0.002,0.000,,,,,NVIDIA A100-SXM4-40GB MIG 4g.20gb (0),1,,13,"void ch_est::windowedChEstPreNoDftSOfdmKernel<float, __half, float, (unsigned int)2, (unsigned int)1, (unsigned short)4>(ch_est::puschRxChEstStatDescr_t *, ch_est::puschRxChEstDynDescr_t *)"
5383692237,6752,368047,137,2,1,24,2,1,44,0.001,0.001,,,,,NVIDIA A100-SXM4-40GB MIG 4g.20gb (0),1,,13,"void ch_est::chEstFilterNoDftSOfdmDispatchKernel<float, __half, float, (unsigned int)2>(ch_est::puschRxChEstStatDescr_t *, ch_est::puschRxChEstDynDescr_t *)"
5383706381,6592,368048,137,2,1,24,2,1,44,0.001,0.001,,,,,NVIDIA A100-SXM4-40GB MIG 4g.20gb (0),1,,13,"void ch_est::chEstFilterNoDftSOfdmDispatchKernel<float, __half, float, (unsigned int)2>(ch_est::puschRxChEstStatDescr_t *, ch_est::puschRxChEstDynDescr_t *)"
5383719117,2624,368059,103,1,1,128,1,1,16,0.000,0.000,,,,,NVIDIA A100-SXM4-40GB MIG 4g.20gb (0),1,,13,cupy_copy__complex64_complex64
5383725261,12736,368069,1434,1,1,128,1,1,16,0.000,0.000,,,,,NVIDIA A100-SXM4-40GB MIG 4g.20gb (0),1,,13,cupy_copy__complex64_complex64
5383740557,3104,368076,103,1,1,128,1,1,16,0.000,0.000,,,,,NVIDIA A100-SXM4-40GB MIG 4g.20gb (0),1,,13,cupy_copy__complex64_complex64
5383747468,83391,368083,1,1,1,32,32,1,30,0.000,0.000,,,,,NVIDIA A100-SXM4-40GB MIG 4g.20gb (0),1,,13,"void convert_kernel<__half2, float2>(tensor_layout_any, T1 *, tensor_layout_any, const T2 *)"
5383857771,6304,368086,,,,,,,,,,0.094,14862.903,Pinned,Device,NVIDIA A100-SXM4-40GB MIG 4g.20gb (0),1,,13,[CUDA memcpy Host-to-Device]
5383870603,47391,368087,,,,,,,,,,35.810,755625.122,Device,,NVIDIA A100-SXM4-40GB MIG 4g.20gb (0),1,,13,[CUDA memset]
5383922378,5056,368089,,,,,,,,,,0.000,15.823,Pinned,Device,NVIDIA A100-SXM4-40GB MIG 4g.20gb (0),1,,13,[CUDA memcpy Host-to-Device]
5383932330,10816,368090,,,,,,,,,,0.197,18177.393,Pinned,Device,NVIDIA A100-SXM4-40GB MIG 4g.20gb (0),1,,13,[CUDA memcpy Host-to-Device]
5383954314,11776,368091,273,1,1,48,1,1,40,0.000,0.001,,,,,NVIDIA A100-SXM4-40GB MIG 4g.20gb (0),1,,13,"void pusch_noise_intf_est::noiseIntfEstNoDftSOfdmKernel<float, __half, float, float, (unsigned int)2, (unsigned int)1, (unsigned char)4, (unsigned char)4>(pusch_noise_intf_est::puschRxNoiseIntfEstDynDescr)"
5383971274,2720,368102,35,1,1,128,1,1,16,0.000,0.000,,,,,NVIDIA A100-SXM4-40GB MIG 4g.20gb (0),1,,13,cupy_copy__complex64_complex64
5383983146,1824,368111,1,1,1,1,1,1,18,0.000,0.000,,,,,NVIDIA A100-SXM4-40GB MIG 4g.20gb (0),1,,13,cupy_copy__float32_float32
5384009737,1568,368117,,,,,,,,,,0.000,2.551,Device,Pageable,NVIDIA A100-SXM4-40GB MIG 4g.20gb (0),1,,7,[CUDA memcpy Device-to-Host]
5384069992,12704,368128,1434,1,1,128,1,1,16,0.000,0.000,,,,,NVIDIA A100-SXM4-40GB MIG 4g.20gb (0),1,,13,cupy_copy__complex64_complex64
5384097480,2720,368135,103,1,1,128,1,1,16,0.000,0.000,,,,,NVIDIA A100-SXM4-40GB MIG 4g.20gb (0),1,,13,cupy_copy__complex64_complex64
5384118856,2592,368142,35,1,1,128,1,1,16,0.000,0.000,,,,,NVIDIA A100-SXM4-40GB MIG 4g.20gb (0),1,,13,cupy_copy__complex64_complex64
5384134856,1728,368149,1,1,1,1,1,1,18,0.000,0.000,,,,,NVIDIA A100-SXM4-40GB MIG 4g.20gb (0),1,,13,cupy_copy__float32_float32
5384267238,82079,368160,1,1,1,32,32,1,30,0.000,0.000,,,,,NVIDIA A100-SXM4-40GB MIG 4g.20gb (0),1,,13,"void convert_kernel<__half2, float2>(tensor_layout_any, T1 *, tensor_layout_any, const T2 *)"
5384376965,5664,368163,,,,,,,,,,0.094,16542.310,Pinned,Device,NVIDIA A100-SXM4-40GB MIG 4g.20gb (0),1,,13,[CUDA memcpy Host-to-Device]
5384391717,3327,368164,,,,,,,,,,1.547,464870.322,Device,,NVIDIA A100-SXM4-40GB MIG 4g.20gb (0),1,,13,[CUDA memset]
5384398724,3008,368169,,,,,,,,,,0.031,10404.230,Pinned,Device,NVIDIA A100-SXM4-40GB MIG 4g.20gb (0),1,,13,[CUDA memcpy Host-to-Device]
5384404356,9600,368170,,,,,,,,,,0.197,20479.869,Pinned,Device,NVIDIA A100-SXM4-40GB MIG 4g.20gb (0),1,,13,[CUDA memcpy Host-to-Device]
5384417956,5984,368171,273,1,1,8,4,1,39,0.002,0.000,,,,,NVIDIA A100-SXM4-40GB MIG 4g.20gb (0),1,,13,"void channel_eq::eqMmseCoefCompLowMimoKernel<float, float, float, (unsigned int)4, (unsigned int)1, (unsigned int)4>(const channel_eq::_puschRxChEqStatDescr *, channel_eq::_puschRxChEqCoefCompDynDescr)"
5384426724,5760,368172,273,1,1,12,11,1,51,0.002,0.000,,,,,NVIDIA A100-SXM4-40GB MIG 4g.20gb (0),1,,13,"void channel_eq::eqMmseSoftDemapKernel<float, __half, __half, float, (unsigned int)4, (unsigned short)16383>(channel_eq::_puschRxChEqStatDescr *, channel_eq::_puschRxChEqSoftDemapDynDescr)"
5384433604,282237,368173,1,1,1,32,32,1,30,0.000,0.000,,,,,NVIDIA A100-SXM4-40GB MIG 4g.20gb (0),1,,13,"void convert_kernel<float2, __half2>(tensor_layout_any, T1 *, tensor_layout_any, const T2 *)"
5384716865,11135,368185,2253,1,1,128,1,1,16,0.000,0.000,,,,,NVIDIA A100-SXM4-40GB MIG 4g.20gb (0),1,,13,cupy_copy__float16_float16
5384732352,2784,368194,282,1,1,128,1,1,16,0.000,0.000,,,,,NVIDIA A100-SXM4-40GB MIG 4g.20gb (0),1,,13,cupy_copy__complex64_complex64
5384737888,2048,368203,26,1,1,128,1,1,16,0.000,0.000,,,,,NVIDIA A100-SXM4-40GB MIG 4g.20gb (0),1,,13,cupy_copy__float32_float32
5384740896,4672,368212,103,1,1,128,1,1,16,0.000,0.000,,,,,NVIDIA A100-SXM4-40GB MIG 4g.20gb (0),1,,13,cupy_copy__complex64_complex64
5384746592,11776,368222,1434,1,1,128,1,1,16,0.000,0.000,,,,,NVIDIA A100-SXM4-40GB MIG 4g.20gb (0),1,,13,cupy_copy__complex64_complex64
5384763712,81855,368227,1,1,1,32,32,1,30,0.000,0.000,,,,,NVIDIA A100-SXM4-40GB MIG 4g.20gb (0),1,,13,"void convert_kernel<__half2, float2>(tensor_layout_any, T1 *, tensor_layout_any, const T2 *)"
5384873407,5568,368230,,,,,,,,,,0.094,16827.521,Pinned,Device,NVIDIA A100-SXM4-40GB MIG 4g.20gb (0),1,,13,[CUDA memcpy Host-to-Device]
5384883710,599513,368231,,,,,,,,,,456.561,761544.482,Device,,NVIDIA A100-SXM4-40GB MIG 4g.20gb (0),1,,13,[CUDA memset]
5385485783,165278,368236,,,,,,,,,,1.235,7471.411,Pinned,Device,NVIDIA A100-SXM4-40GB MIG 4g.20gb (0),1,,13,[CUDA memcpy Host-to-Device]
5385660661,40831,368237,,,,,,,,,,0.197,4815.127,Pinned,Device,NVIDIA A100-SXM4-40GB MIG 4g.20gb (0),1,,13,[CUDA memcpy Host-to-Device]
5385728084,7808,368238,69,4,1,48,1,1,76,0.002,0.000,,,,,NVIDIA A100-SXM4-40GB MIG 4g.20gb (0),1,,13,"void ch_est::windowedChEstPreNoDftSOfdmKernel<float, __half, float, (unsigned int)2, (unsigned int)1, (unsigned short)4>(ch_est::puschRxChEstStatDescr_t *, ch_est::puschRxChEstDynDescr_t *)"
5385744980,7104,368239,137,2,1,24,2,1,44,0.001,0.001,,,,,NVIDIA A100-SXM4-40GB MIG 4g.20gb (0),1,,13,"void ch_est::chEstFilterNoDftSOfdmDispatchKernel<float, __half, float, (unsigned int)2>(ch_est::puschRxChEstStatDescr_t *, ch_est::puschRxChEstDynDescr_t *)"
5385758516,4768,368240,137,2,1,24,2,1,44,0.001,0.001,,,,,NVIDIA A100-SXM4-40GB MIG 4g.20gb (0),1,,13,"void ch_est::chEstFilterNoDftSOfdmDispatchKernel<float, __half, float, (unsigned int)2>(ch_est::puschRxChEstStatDescr_t *, ch_est::puschRxChEstDynDescr_t *)"
5385774771,2688,368251,103,1,1,128,1,1,16,0.000,0.000,,,,,NVIDIA A100-SXM4-40GB MIG 4g.20gb (0),1,,13,cupy_copy__complex64_complex64
5385787123,12352,368261,1434,1,1,128,1,1,16,0.000,0.000,,,,,NVIDIA A100-SXM4-40GB MIG 4g.20gb (0),1,,13,cupy_copy__complex64_complex64
5385802835,2944,368268,103,1,1,128,1,1,16,0.000,0.000,,,,,NVIDIA A100-SXM4-40GB MIG 4g.20gb (0),1,,13,cupy_copy__complex64_complex64
5385815475,87231,368275,1,1,1,32,32,1,30,0.000,0.000,,,,,NVIDIA A100-SXM4-40GB MIG 4g.20gb (0),1,,13,"void convert_kernel<__half2, float2>(tensor_layout_any, T1 *, tensor_layout_any, const T2 *)"
5385932210,12415,368278,,,,,,,,,,0.094,7546.932,Pinned,Device,NVIDIA A100-SXM4-40GB MIG 4g.20gb (0),1,,13,[CUDA memcpy Host-to-Device]
5385949713,48800,368279,,,,,,,,,,35.810,733781.071,Device,,NVIDIA A100-SXM4-40GB MIG 4g.20gb (0),1,,13,[CUDA memset]
5386003121,5920,368281,,,,,,,,,,0.000,13.513,Pinned,Device,NVIDIA A100-SXM4-40GB MIG 4g.20gb (0),1,,13,[CUDA memcpy Host-to-Device]
5386016401,17759,368282,,,,,,,,,,0.197,11070.800,Pinned,Device,NVIDIA A100-SXM4-40GB MIG 4g.20gb (0),1,,13,[CUDA memcpy Host-to-Device]
5386046672,9696,368283,273,1,1,48,1,1,40,0.000,0.001,,,,,NVIDIA A100-SXM4-40GB MIG 4g.20gb (0),1,,13,"void pusch_noise_intf_est::noiseIntfEstNoDftSOfdmKernel<float, __half, float, float, (unsigned int)2, (unsigned int)1, (unsigned char)4, (unsigned char)4>(pusch_noise_intf_est::puschRxNoiseIntfEstDynDescr)"
5386063184,2912,368294,35,1,1,128,1,1,16,0.000,0.000,,,,,NVIDIA A100-SXM4-40GB MIG 4g.20gb (0),1,,13,cupy_copy__complex64_complex64
5386070480,1760,368303,1,1,1,1,1,1,18,0.000,0.000,,,,,NVIDIA A100-SXM4-40GB MIG 4g.20gb (0),1,,13,cupy_copy__float32_float32
5386082832,2880,368309,,,,,,,,,,0.000,1.389,Device,Pageable,NVIDIA A100-SXM4-40GB MIG 4g.20gb (0),1,,7,[CUDA memcpy Device-to-Host]
5386145231,13408,368320,1434,1,1,128,1,1,16,0.000,0.000,,,,,NVIDIA A100-SXM4-40GB MIG 4g.20gb (0),1,,13,cupy_copy__complex64_complex64
5386173263,3424,368327,103,1,1,128,1,1,16,0.000,0.000,,,,,NVIDIA A100-SXM4-40GB MIG 4g.20gb (0),1,,13,cupy_copy__complex64_complex64
5386193134,2400,368334,35,1,1,128,1,1,16,0.000,0.000,,,,,NVIDIA A100-SXM4-40GB MIG 4g.20gb (0),1,,13,cupy_copy__complex64_complex64
5386211246,1760,368341,1,1,1,1,1,1,18,0.000,0.000,,,,,NVIDIA A100-SXM4-40GB MIG 4g.20gb (0),1,,13,cupy_copy__float32_float32
5386346860,82687,368352,1,1,1,32,32,1,30,0.000,0.000,,,,,NVIDIA A100-SXM4-40GB MIG 4g.20gb (0),1,,13,"void convert_kernel<__half2, float2>(tensor_layout_any, T1 *, tensor_layout_any, const T2 *)"
5386457419,5408,368355,,,,,,,,,,0.094,17325.421,Pinned,Device,NVIDIA A100-SXM4-40GB MIG 4g.20gb (0),1,,13,[CUDA memcpy Host-to-Device]
5386471627,3264,368356,,,,,,,,,,1.547,473842.288,Device,,NVIDIA A100-SXM4-40GB MIG 4g.20gb (0),1,,13,[CUDA memset]
5386478955,3232,368361,,,,,,,,,,0.031,9683.139,Pinned,Device,NVIDIA A100-SXM4-40GB MIG 4g.20gb (0),1,,13,[CUDA memcpy Host-to-Device]
5386484747,9568,368362,,,,,,,,,,0.197,20548.485,Pinned,Device,NVIDIA A100-SXM4-40GB MIG 4g.20gb (0),1,,13,[CUDA memcpy Host-to-Device]
5386500779,8447,368363,273,1,1,8,4,1,39,0.002,0.000,,,,,NVIDIA A100-SXM4-40GB MIG 4g.20gb (0),1,,13,"void channel_eq::eqMmseCoefCompLowMimoKernel<float, float, float, (unsigned int)4, (unsigned int)1, (unsigned int)4>(const channel_eq::_puschRxChEqStatDescr *, channel_eq::_puschRxChEqCoefCompDynDescr)"
5386512106,6176,368364,273,1,1,12,11,1,51,0.002,0.000,,,,,NVIDIA A100-SXM4-40GB MIG 4g.20gb (0),1,,13,"void channel_eq::eqMmseSoftDemapKernel<float, __half, __half, float, (unsigned int)4, (unsigned short)16383>(channel_eq::_puschRxChEqStatDescr *, channel_eq::_puschRxChEqSoftDemapDynDescr)"
5386519882,281949,368365,1,1,1,32,32,1,30,0.000,0.000,,,,,NVIDIA A100-SXM4-40GB MIG 4g.20gb (0),1,,13,"void convert_kernel<float2, __half2>(tensor_layout_any, T1 *, tensor_layout_any, const T2 *)"
5386803527,10976,368377,2253,1,1,128,1,1,16,0.000,0.000,,,,,NVIDIA A100-SXM4-40GB MIG 4g.20gb (0),1,,13,cupy_copy__float16_float16
5386817383,3904,368386,282,1,1,128,1,1,16,0.000,0.000,,,,,NVIDIA A100-SXM4-40GB MIG 4g.20gb (0),1,,13,cupy_copy__complex64_complex64
5386822983,2240,368395,26,1,1,128,1,1,16,0.000,0.000,,,,,NVIDIA A100-SXM4-40GB MIG 4g.20gb (0),1,,13,cupy_copy__float32_float32
5386828519,3007,368404,103,1,1,128,1,1,16,0.000,0.000,,,,,NVIDIA A100-SXM4-40GB MIG 4g.20gb (0),1,,13,cupy_copy__complex64_complex64
5386834982,12064,368414,1434,1,1,128,1,1,16,0.000,0.000,,,,,NVIDIA A100-SXM4-40GB MIG 4g.20gb (0),1,,13,cupy_copy__complex64_complex64
5386849766,82047,368419,1,1,1,32,32,1,30,0.000,0.000,,,,,NVIDIA A100-SXM4-40GB MIG 4g.20gb (0),1,,13,"void convert_kernel<__half2, float2>(tensor_layout_any, T1 *, tensor_layout_any, const T2 *)"
5386960421,5696,368422,,,,,,,,,,0.094,16449.363,Pinned,Device,NVIDIA A100-SXM4-40GB MIG 4g.20gb (0),1,,13,[CUDA memcpy Host-to-Device]
5386970821,597208,368423,,,,,,,,,,456.561,764283.851,Device,,NVIDIA A100-SXM4-40GB MIG 4g.20gb (0),1,,13,[CUDA memset]
5387578077,150814,368428,,,,,,,,,,1.235,8187.679,Pinned,Device,NVIDIA A100-SXM4-40GB MIG 4g.20gb (0),1,,13,[CUDA memcpy Host-to-Device]
5387742971,42336,368429,,,,,,,,,,0.197,4643.881,Pinned,Device,NVIDIA A100-SXM4-40GB MIG 4g.20gb (0),1,,13,[CUDA memcpy Host-to-Device]
5387807034,8032,368430,69,4,1,48,1,1,76,0.002,0.000,,,,,NVIDIA A100-SXM4-40GB MIG 4g.20gb (0),1,,13,"void ch_est::windowedChEstPreNoDftSOfdmKernel<float, __half, float, (unsigned int)2, (unsigned int)1, (unsigned short)4>(ch_est::puschRxChEstStatDescr_t *, ch_est::puschRxChEstDynDescr_t *)"
5387826810,6976,368431,137,2,1,24,2,1,44,0.001,0.001,,,,,NVIDIA A100-SXM4-40GB MIG 4g.20gb (0),1,,13,"void ch_est::chEstFilterNoDftSOfdmDispatchKernel<float, __half, float, (unsigned int)2>(ch_est::puschRxChEstStatDescr_t *, ch_est::puschRxChEstDynDescr_t *)"
5387843386,4768,368432,137,2,1,24,2,1,44,0.001,0.001,,,,,NVIDIA A100-SXM4-40GB MIG 4g.20gb (0),1,,13,"void ch_est::chEstFilterNoDftSOfdmDispatchKernel<float, __half, float, (unsigned int)2>(ch_est::puschRxChEstStatDescr_t *, ch_est::puschRxChEstDynDescr_t *)"
5387860378,2528,368443,103,1,1,128,1,1,16,0.000,0.000,,,,,NVIDIA A100-SXM4-40GB MIG 4g.20gb (0),1,,13,cupy_copy__complex64_complex64
5387878170,12255,368453,1434,1,1,128,1,1,16,0.000,0.000,,,,,NVIDIA A100-SXM4-40GB MIG 4g.20gb (0),1,,13,cupy_copy__complex64_complex64
5387897593,2944,368460,103,1,1,128,1,1,16,0.000,0.000,,,,,NVIDIA A100-SXM4-40GB MIG 4g.20gb (0),1,,13,cupy_copy__complex64_complex64
5387921081,94591,368467,1,1,1,32,32,1,30,0.000,0.000,,,,,NVIDIA A100-SXM4-40GB MIG 4g.20gb (0),1,,13,"void convert_kernel<__half2, float2>(tensor_layout_any, T1 *, tensor_layout_any, const T2 *)"
5388052343,21440,368470,,,,,,,,,,0.094,4370.075,Pinned,Device,NVIDIA A100-SXM4-40GB MIG 4g.20gb (0),1,,13,[CUDA memcpy Host-to-Device]
5388086615,46911,368471,,,,,,,,,,35.810,763324.255,Device,,NVIDIA A100-SXM4-40GB MIG 4g.20gb (0),1,,13,[CUDA memset]
5388134998,7680,368473,,,,,,,,,,0.000,10.417,Pinned,Device,NVIDIA A100-SXM4-40GB MIG 4g.20gb (0),1,,13,[CUDA memcpy Host-to-Device]
5388148150,21984,368474,,,,,,,,,,0.197,8943.108,Pinned,Device,NVIDIA A100-SXM4-40GB MIG 4g.20gb (0),1,,13,[CUDA memcpy Host-to-Device]
5388182134,11360,368475,273,1,1,48,1,1,40,0.000,0.001,,,,,NVIDIA A100-SXM4-40GB MIG 4g.20gb (0),1,,13,"void pusch_noise_intf_est::noiseIntfEstNoDftSOfdmKernel<float, __half, float, float, (unsigned int)2, (unsigned int)1, (unsigned char)4, (unsigned char)4>(pusch_noise_intf_est::puschRxNoiseIntfEstDynDescr)"
5388198006,3264,368486,35,1,1,128,1,1,16,0.000,0.000,,,,,NVIDIA A100-SXM4-40GB MIG 4g.20gb (0),1,,13,cupy_copy__complex64_complex64
5388205910,1760,368495,1,1,1,1,1,1,18,0.000,0.000,,,,,NVIDIA A100-SXM4-40GB MIG 4g.20gb (0),1,,13,cupy_copy__float32_float32
5388215253,2592,368501,,,,,,,,,,0.000,1.543,Device,Pageable,NVIDIA A100-SXM4-40GB MIG 4g.20gb (0),1,,7,[CUDA memcpy Device-to-Host]
5388291252,12736,368512,1434,1,1,128,1,1,16,0.000,0.000,,,,,NVIDIA A100-SXM4-40GB MIG 4g.20gb (0),1,,13,cupy_copy__complex64_complex64
5388315412,3136,368519,103,1,1,128,1,1,16,0.000,0.000,,,,,NVIDIA A100-SXM4-40GB MIG 4g.20gb (0),1,,13,cupy_copy__complex64_complex64
5388338452,2720,368526,35,1,1,128,1,1,16,0.000,0.000,,,,,NVIDIA A100-SXM4-40GB MIG 4g.20gb (0),1,,13,cupy_copy__complex64_complex64
5388359412,2016,368533,1,1,1,1,1,1,18,0.000,0.000,,,,,NVIDIA A100-SXM4-40GB MIG 4g.20gb (0),1,,13,cupy_copy__float32_float32
5388487410,87935,368544,1,1,1,32,32,1,30,0.000,0.000,,,,,NVIDIA A100-SXM4-40GB MIG 4g.20gb (0),1,,13,"void convert_kernel<__half2, float2>(tensor_layout_any, T1 *, tensor_layout_any, const T2 *)"
5388602737,5408,368547,,,,,,,,,,0.094,17325.421,Pinned,Device,NVIDIA A100-SXM4-40GB MIG 4g.20gb (0),1,,13,[CUDA memcpy Host-to-Device]
5388616880,3392,368548,,,,,,,,,,1.547,455961.768,Device,,NVIDIA A100-SXM4-40GB MIG 4g.20gb (0),1,,13,[CUDA memset]
5388624048,3392,368553,,,,,,,,,,0.031,9226.405,Pinned,Device,NVIDIA A100-SXM4-40GB MIG 4g.20gb (0),1,,13,[CUDA memcpy Host-to-Device]
5388630064,9600,368554,,,,,,,,,,0.197,20479.869,Pinned,Device,NVIDIA A100-SXM4-40GB MIG 4g.20gb (0),1,,13,[CUDA memcpy Host-to-Device]
5388645616,6784,368555,273,1,1,8,4,1,39,0.002,0.000,,,,,NVIDIA A100-SXM4-40GB MIG 4g.20gb (0),1,,13,"void channel_eq::eqMmseCoefCompLowMimoKernel<float, float, float, (unsigned int)4, (unsigned int)1, (unsigned int)4>(const channel_eq::_puschRxChEqStatDescr *, channel_eq::_puschRxChEqCoefCompDynDescr)"
5388653424,6112,368556,273,1,1,12,11,1,51,0.002,0.000,,,,,NVIDIA A100-SXM4-40GB MIG 4g.20gb (0),1,,13,"void channel_eq::eqMmseSoftDemapKernel<float, __half, __half, float, (unsigned int)4, (unsigned short)16383>(channel_eq::_puschRxChEqStatDescr *, channel_eq::_puschRxChEqSoftDemapDynDescr)"
5388660592,282268,368557,1,1,1,32,32,1,30,0.000,0.000,,,,,NVIDIA A100-SXM4-40GB MIG 4g.20gb (0),1,,13,"void convert_kernel<float2, __half2>(tensor_layout_any, T1 *, tensor_layout_any, const T2 *)"
5388945100,10944,368569,2253,1,1,128,1,1,16,0.000,0.000,,,,,NVIDIA A100-SXM4-40GB MIG 4g.20gb (0),1,,13,cupy_copy__float16_float16
5388960556,2688,368578,282,1,1,128,1,1,16,0.000,0.000,,,,,NVIDIA A100-SXM4-40GB MIG 4g.20gb (0),1,,13,cupy_copy__complex64_complex64
5388965036,1984,368587,26,1,1,128,1,1,16,0.000,0.000,,,,,NVIDIA A100-SXM4-40GB MIG 4g.20gb (0),1,,13,cupy_copy__float32_float32
5388969900,4544,368596,103,1,1,128,1,1,16,0.000,0.000,,,,,NVIDIA A100-SXM4-40GB MIG 4g.20gb (0),1,,13,cupy_copy__complex64_complex64
5388976268,12512,368606,1434,1,1,128,1,1,16,0.000,0.000,,,,,NVIDIA A100-SXM4-40GB MIG 4g.20gb (0),1,,13,cupy_copy__complex64_complex64
5388991724,86495,368611,1,1,1,32,32,1,30,0.000,0.000,,,,,NVIDIA A100-SXM4-40GB MIG 4g.20gb (0),1,,13,"void convert_kernel<__half2, float2>(tensor_layout_any, T1 *, tensor_layout_any, const T2 *)"
5389105162,5600,368614,,,,,,,,,,0.094,16731.388,Pinned,Device,NVIDIA A100-SXM4-40GB MIG 4g.20gb (0),1,,13,[CUDA memcpy Host-to-Device]
5389114794,598713,368615,,,,,,,,,,456.561,762457.605,Device,,NVIDIA A100-SXM4-40GB MIG 4g.20gb (0),1,,13,[CUDA memset]
5389714467,146942,368620,,,,,,,,,,1.235,8403.794,Pinned,Device,NVIDIA A100-SXM4-40GB MIG 4g.20gb (0),1,,13,[CUDA memcpy Host-to-Device]
5389870625,37184,368621,,,,,,,,,,0.197,5287.379,Pinned,Device,NVIDIA A100-SXM4-40GB MIG 4g.20gb (0),1,,13,[CUDA memcpy Host-to-Device]
5389924704,8096,368622,69,4,1,48,1,1,76,0.002,0.000,,,,,NVIDIA A100-SXM4-40GB MIG 4g.20gb (0),1,,13,"void ch_est::windowedChEstPreNoDftSOfdmKernel<float, __half, float, (unsigned int)2, (unsigned int)1, (unsigned short)4>(ch_est::puschRxChEstStatDescr_t *, ch_est::puschRxChEstDynDescr_t *)"
5389939584,6816,368623,137,2,1,24,2,1,44,0.001,0.001,,,,,NVIDIA A100-SXM4-40GB MIG 4g.20gb (0),1,,13,"void ch_est::chEstFilterNoDftSOfdmDispatchKernel<float, __half, float, (unsigned int)2>(ch_est::puschRxChEstStatDescr_t *, ch_est::puschRxChEstDynDescr_t *)"
5389952416,4736,368624,137,2,1,24,2,1,44,0.001,0.001,,,,,NVIDIA A100-SXM4-40GB MIG 4g.20gb (0),1,,13,"void ch_est::chEstFilterNoDftSOfdmDispatchKernel<float, __half, float, (unsigned int)2>(ch_est::puschRxChEstStatDescr_t *, ch_est::puschRxChEstDynDescr_t *)"
5389965024,2688,368635,103,1,1,128,1,1,16,0.000,0.000,,,,,NVIDIA A100-SXM4-40GB MIG 4g.20gb (0),1,,13,cupy_copy__complex64_complex64
5389977728,12640,368645,1434,1,1,128,1,1,16,0.000,0.000,,,,,NVIDIA A100-SXM4-40GB MIG 4g.20gb (0),1,,13,cupy_copy__complex64_complex64
5389997439,2560,368652,103,1,1,128,1,1,16,0.000,0.000,,,,,NVIDIA A100-SXM4-40GB MIG 4g.20gb (0),1,,13,cupy_copy__complex64_complex64
5390011199,83519,368659,1,1,1,32,32,1,30,0.000,0.000,,,,,NVIDIA A100-SXM4-40GB MIG 4g.20gb (0),1,,13,"void convert_kernel<__half2, float2>(tensor_layout_any, T1 *, tensor_layout_any, const T2 *)"
5390125182,19616,368662,,,,,,,,,,0.094,4776.435,Pinned,Device,NVIDIA A100-SXM4-40GB MIG 4g.20gb (0),1,,13,[CUDA memcpy Host-to-Device]
5390170717,46240,368663,,,,,,,,,,35.810,774425.330,Device,,NVIDIA A100-SXM4-40GB MIG 4g.20gb (0),1,,13,[CUDA memset]
5390224317,11008,368665,,,,,,,,,,0.000,7.267,Pinned,Device,NVIDIA A100-SXM4-40GB MIG 4g.20gb (0),1,,13,[CUDA memcpy Host-to-Device]
5390244988,28384,368666,,,,,,,,,,0.197,6926.696,Pinned,Device,NVIDIA A100-SXM4-40GB MIG 4g.20gb (0),1,,13,[CUDA memcpy Host-to-Device]
5390308604,9344,368667,273,1,1,48,1,1,40,0.000,0.001,,,,,NVIDIA A100-SXM4-40GB MIG 4g.20gb (0),1,,13,"void pusch_noise_intf_est::noiseIntfEstNoDftSOfdmKernel<float, __half, float, float, (unsigned int)2, (unsigned int)1, (unsigned char)4, (unsigned char)4>(pusch_noise_intf_est::puschRxNoiseIntfEstDynDescr)"
5390325371,2752,368678,35,1,1,128,1,1,16,0.000,0.000,,,,,NVIDIA A100-SXM4-40GB MIG 4g.20gb (0),1,,13,cupy_copy__complex64_complex64
5390341979,1728,368687,1,1,1,1,1,1,18,0.000,0.000,,,,,NVIDIA A100-SXM4-40GB MIG 4g.20gb (0),1,,13,cupy_copy__float32_float32
5390350267,8512,368693,,,,,,,,,,0.000,0.470,Device,Pageable,NVIDIA A100-SXM4-40GB MIG 4g.20gb (0),1,,7,[CUDA memcpy Device-to-Host]
5390451066,12704,368704,1434,1,1,128,1,1,16,0.000,0.000,,,,,NVIDIA A100-SXM4-40GB MIG 4g.20gb (0),1,,13,cupy_copy__complex64_complex64
5390476186,2944,368711,103,1,1,128,1,1,16,0.000,0.000,,,,,NVIDIA A100-SXM4-40GB MIG 4g.20gb (0),1,,13,cupy_copy__complex64_complex64
5390493593,2560,368718,35,1,1,128,1,1,16,0.000,0.000,,,,,NVIDIA A100-SXM4-40GB MIG 4g.20gb (0),1,,13,cupy_copy__complex64_complex64
5390512089,1792,368725,1,1,1,1,1,1,18,0.000,0.000,,,,,NVIDIA A100-SXM4-40GB MIG 4g.20gb (0),1,,13,cupy_copy__float32_float32
5390638936,86782,368736,1,1,1,32,32,1,30,0.000,0.000,,,,,NVIDIA A100-SXM4-40GB MIG 4g.20gb (0),1,,13,"void convert_kernel<__half2, float2>(tensor_layout_any, T1 *, tensor_layout_any, const T2 *)"
5390758582,9888,368739,,,,,,,,,,0.094,9475.664,Pinned,Device,NVIDIA A100-SXM4-40GB MIG 4g.20gb (0),1,,13,[CUDA memcpy Host-to-Device]
5390779862,3488,368740,,,,,,,,,,1.547,443412.461,Device,,NVIDIA A100-SXM4-40GB MIG 4g.20gb (0),1,,13,[CUDA memset]
5390785142,3168,368745,,,,,,,,,,0.031,9878.770,Pinned,Device,NVIDIA A100-SXM4-40GB MIG 4g.20gb (0),1,,13,[CUDA memcpy Host-to-Device]
5390795062,13567,368746,,,,,,,,,,0.197,14491.582,Pinned,Device,NVIDIA A100-SXM4-40GB MIG 4g.20gb (0),1,,13,[CUDA memcpy Host-to-Device]
5390822997,6464,368747,273,1,1,8,4,1,39,0.002,0.000,,,,,NVIDIA A100-SXM4-40GB MIG 4g.20gb (0),1,,13,"void channel_eq::eqMmseCoefCompLowMimoKernel<float, float, float, (unsigned int)4, (unsigned int)1, (unsigned int)4>(const channel_eq::_puschRxChEqStatDescr *, channel_eq::_puschRxChEqCoefCompDynDescr)"
5390830773,8384,368748,273,1,1,12,11,1,51,0.002,0.000,,,,,NVIDIA A100-SXM4-40GB MIG 4g.20gb (0),1,,13,"void channel_eq::eqMmseSoftDemapKernel<float, __half, __half, float, (unsigned int)4, (unsigned short)16383>(channel_eq::_puschRxChEqStatDescr *, channel_eq::_puschRxChEqSoftDemapDynDescr)"
5390846517,282653,368749,1,1,1,32,32,1,30,0.000,0.000,,,,,NVIDIA A100-SXM4-40GB MIG 4g.20gb (0),1,,13,"void convert_kernel<float2, __half2>(tensor_layout_any, T1 *, tensor_layout_any, const T2 *)"
5391131761,11424,368761,2253,1,1,128,1,1,16,0.000,0.000,,,,,NVIDIA A100-SXM4-40GB MIG 4g.20gb (0),1,,13,cupy_copy__float16_float16
5391148945,2976,368770,282,1,1,128,1,1,16,0.000,0.000,,,,,NVIDIA A100-SXM4-40GB MIG 4g.20gb (0),1,,13,cupy_copy__complex64_complex64
5391154289,2016,368779,26,1,1,128,1,1,16,0.000,0.000,,,,,NVIDIA A100-SXM4-40GB MIG 4g.20gb (0),1,,13,cupy_copy__float32_float32
5391158705,2944,368788,103,1,1,128,1,1,16,0.000,0.000,,,,,NVIDIA A100-SXM4-40GB MIG 4g.20gb (0),1,,13,cupy_copy__complex64_complex64
5391162577,12032,368798,1434,1,1,128,1,1,16,0.000,0.000,,,,,NVIDIA A100-SXM4-40GB MIG 4g.20gb (0),1,,13,cupy_copy__complex64_complex64
5391177777,80799,368803,1,1,1,32,32,1,30,0.000,0.000,,,,,NVIDIA A100-SXM4-40GB MIG 4g.20gb (0),1,,13,"void convert_kernel<__half2, float2>(tensor_layout_any, T1 *, tensor_layout_any, const T2 *)"
5391286288,5728,368806,,,,,,,,,,0.094,16357.541,Pinned,Device,NVIDIA A100-SXM4-40GB MIG 4g.20gb (0),1,,13,[CUDA memcpy Host-to-Device]
5391297935,598745,368807,,,,,,,,,,456.561,762457.605,Device,,NVIDIA A100-SXM4-40GB MIG 4g.20gb (0),1,,13,[CUDA memset]
5391904680,93023,368812,,,,,,,,,,1.235,13275.648,Pinned,Device,NVIDIA A100-SXM4-40GB MIG 4g.20gb (0),1,,13,[CUDA memcpy Host-to-Device]
5392004647,17344,368813,,,,,,,,,,0.197,11335.631,Pinned,Device,NVIDIA A100-SXM4-40GB MIG 4g.20gb (0),1,,13,[CUDA memcpy Host-to-Device]
5392036230,7712,368814,69,4,1,48,1,1,76,0.002,0.000,,,,,NVIDIA A100-SXM4-40GB MIG 4g.20gb (0),1,,13,"void ch_est::windowedChEstPreNoDftSOfdmKernel<float, __half, float, (unsigned int)2, (unsigned int)1, (unsigned short)4>(ch_est::puschRxChEstStatDescr_t *, ch_est::puschRxChEstDynDescr_t *)"
5392051814,6464,368815,137,2,1,24,2,1,44,0.001,0.001,,,,,NVIDIA A100-SXM4-40GB MIG 4g.20gb (0),1,,13,"void ch_est::chEstFilterNoDftSOfdmDispatchKernel<float, __half, float, (unsigned int)2>(ch_est::puschRxChEstStatDescr_t *, ch_est::puschRxChEstDynDescr_t *)"
5392061222,5120,368816,137,2,1,24,2,1,44,0.001,0.001,,,,,NVIDIA A100-SXM4-40GB MIG 4g.20gb (0),1,,13,"void ch_est::chEstFilterNoDftSOfdmDispatchKernel<float, __half, float, (unsigned int)2>(ch_est::puschRxChEstStatDescr_t *, ch_est::puschRxChEstDynDescr_t *)"
5392069766,2656,368827,103,1,1,128,1,1,16,0.000,0.000,,,,,NVIDIA A100-SXM4-40GB MIG 4g.20gb (0),1,,13,cupy_copy__complex64_complex64
5392077350,12448,368837,1434,1,1,128,1,1,16,0.000,0.000,,,,,NVIDIA A100-SXM4-40GB MIG 4g.20gb (0),1,,13,cupy_copy__complex64_complex64
5392092422,2560,368844,103,1,1,128,1,1,16,0.000,0.000,,,,,NVIDIA A100-SXM4-40GB MIG 4g.20gb (0),1,,13,cupy_copy__complex64_complex64
5392100934,91422,368851,1,1,1,32,32,1,30,0.000,0.000,,,,,NVIDIA A100-SXM4-40GB MIG 4g.20gb (0),1,,13,"void convert_kernel<__half2, float2>(tensor_layout_any, T1 *, tensor_layout_any, const T2 *)"
5392221668,12736,368854,,,,,,,,,,0.094,7356.729,Pinned,Device,NVIDIA A100-SXM4-40GB MIG 4g.20gb (0),1,,13,[CUDA memcpy Host-to-Device]
5392240260,46495,368855,,,,,,,,,,35.810,770163.949,Device,,NVIDIA A100-SXM4-40GB MIG 4g.20gb (0),1,,13,[CUDA memset]
5392292227,6080,368857,,,,,,,,,,0.000,13.158,Pinned,Device,NVIDIA A100-SXM4-40GB MIG 4g.20gb (0),1,,13,[CUDA memcpy Host-to-Device]
5392305571,21696,368858,,,,,,,,,,0.197,9061.859,Pinned,Device,NVIDIA A100-SXM4-40GB MIG 4g.20gb (0),1,,13,[CUDA memcpy Host-to-Device]
5392339267,9471,368859,273,1,1,48,1,1,40,0.000,0.001,,,,,NVIDIA A100-SXM4-40GB MIG 4g.20gb (0),1,,13,"void pusch_noise_intf_est::noiseIntfEstNoDftSOfdmKernel<float, __half, float, float, (unsigned int)2, (unsigned int)1, (unsigned char)4, (unsigned char)4>(pusch_noise_intf_est::puschRxNoiseIntfEstDynDescr)"
5392359138,2560,368870,35,1,1,128,1,1,16,0.000,0.000,,,,,NVIDIA A100-SXM4-40GB MIG 4g.20gb (0),1,,13,cupy_copy__complex64_complex64
5392369698,1696,368879,1,1,1,1,1,1,18,0.000,0.000,,,,,NVIDIA A100-SXM4-40GB MIG 4g.20gb (0),1,,13,cupy_copy__float32_float32
5392375298,4704,368885,,,,,,,,,,0.000,0.850,Device,Pageable,NVIDIA A100-SXM4-40GB MIG 4g.20gb (0),1,,7,[CUDA memcpy Device-to-Host]
5392445537,12736,368896,1434,1,1,128,1,1,16,0.000,0.000,,,,,NVIDIA A100-SXM4-40GB MIG 4g.20gb (0),1,,13,cupy_copy__complex64_complex64
5392474017,3712,368903,103,1,1,128,1,1,16,0.000,0.000,,,,,NVIDIA A100-SXM4-40GB MIG 4g.20gb (0),1,,13,cupy_copy__complex64_complex64
5392494433,2624,368910,35,1,1,128,1,1,16,0.000,0.000,,,,,NVIDIA A100-SXM4-40GB MIG 4g.20gb (0),1,,13,cupy_copy__complex64_complex64
5392513376,1792,368917,1,1,1,1,1,1,18,0.000,0.000,,,,,NVIDIA A100-SXM4-40GB MIG 4g.20gb (0),1,,13,cupy_copy__float32_float32
5392644959,82239,368928,1,1,1,32,32,1,30,0.000,0.000,,,,,NVIDIA A100-SXM4-40GB MIG 4g.20gb (0),1,,13,"void convert_kernel<__half2, float2>(tensor_layout_any, T1 *, tensor_layout_any, const T2 *)"
5392755453,5888,368931,,,,,,,,,,0.094,15912.954,Pinned,Device,NVIDIA A100-SXM4-40GB MIG 4g.20gb (0),1,,13,[CUDA memcpy Host-to-Device]
5392769949,3360,368932,,,,,,,,,,1.547,460304.688,Device,,NVIDIA A100-SXM4-40GB MIG 4g.20gb (0),1,,13,[CUDA memset]
5392776413,3040,368937,,,,,,,,,,0.031,10294.725,Pinned,Device,NVIDIA A100-SXM4-40GB MIG 4g.20gb (0),1,,13,[CUDA memcpy Host-to-Device]
5392781981,9760,368938,,,,,,,,,,0.197,20144.259,Pinned,Device,NVIDIA A100-SXM4-40GB MIG 4g.20gb (0),1,,13,[CUDA memcpy Host-to-Device]
5392796445,6208,368939,273,1,1,8,4,1,39,0.002,0.000,,,,,NVIDIA A100-SXM4-40GB MIG 4g.20gb (0),1,,13,"void channel_eq::eqMmseCoefCompLowMimoKernel<float, float, float, (unsigned int)4, (unsigned int)1, (unsigned int)4>(const channel_eq::_puschRxChEqStatDescr *, channel_eq::_puschRxChEqCoefCompDynDescr)"
5392806301,5696,368940,273,1,1,12,11,1,51,0.002,0.000,,,,,NVIDIA A100-SXM4-40GB MIG 4g.20gb (0),1,,13,"void channel_eq::eqMmseSoftDemapKernel<float, __half, __half, float, (unsigned int)4, (unsigned short)16383>(channel_eq::_puschRxChEqStatDescr *, channel_eq::_puschRxChEqSoftDemapDynDescr)"
5392813565,282524,368941,1,1,1,32,32,1,30,0.000,0.000,,,,,NVIDIA A100-SXM4-40GB MIG 4g.20gb (0),1,,13,"void convert_kernel<float2, __half2>(tensor_layout_any, T1 *, tensor_layout_any, const T2 *)"
5393097113,11072,368953,2253,1,1,128,1,1,16,0.000,0.000,,,,,NVIDIA A100-SXM4-40GB MIG 4g.20gb (0),1,,13,cupy_copy__float16_float16
5393111385,3552,368962,282,1,1,128,1,1,16,0.000,0.000,,,,,NVIDIA A100-SXM4-40GB MIG 4g.20gb (0),1,,13,cupy_copy__complex64_complex64
5393116921,2112,368971,26,1,1,128,1,1,16,0.000,0.000,,,,,NVIDIA A100-SXM4-40GB MIG 4g.20gb (0),1,,13,cupy_copy__float32_float32
5393119993,3104,368980,103,1,1,128,1,1,16,0.000,0.000,,,,,NVIDIA A100-SXM4-40GB MIG 4g.20gb (0),1,,13,cupy_copy__complex64_complex64
5393124889,12160,368990,1434,1,1,128,1,1,16,0.000,0.000,,,,,NVIDIA A100-SXM4-40GB MIG 4g.20gb (0),1,,13,cupy_copy__complex64_complex64
5393144057,87327,368995,1,1,1,32,32,1,30,0.000,0.000,,,,,NVIDIA A100-SXM4-40GB MIG 4g.20gb (0),1,,13,"void convert_kernel<__half2, float2>(tensor_layout_any, T1 *, tensor_layout_any, const T2 *)"
5393258327,5440,368998,,,,,,,,,,0.094,17223.480,Pinned,Device,NVIDIA A100-SXM4-40GB MIG 4g.20gb (0),1,,13,[CUDA memcpy Host-to-Device]
5393268311,597113,368999,,,,,,,,,,456.561,764283.851,Device,,NVIDIA A100-SXM4-40GB MIG 4g.20gb (0),1,,13,[CUDA memset]
5393866000,136062,369004,,,,,,,,,,1.235,9075.603,Pinned,Device,NVIDIA A100-SXM4-40GB MIG 4g.20gb (0),1,,13,[CUDA memcpy Host-to-Device]
5394016302,39391,369005,,,,,,,,,,0.197,4991.091,Pinned,Device,NVIDIA A100-SXM4-40GB MIG 4g.20gb (0),1,,13,[CUDA memcpy Host-to-Device]
5394077869,7968,369006,69,4,1,48,1,1,76,0.002,0.000,,,,,NVIDIA A100-SXM4-40GB MIG 4g.20gb (0),1,,13,"void ch_est::windowedChEstPreNoDftSOfdmKernel<float, __half, float, (unsigned int)2, (unsigned int)1, (unsigned short)4>(ch_est::puschRxChEstStatDescr_t *, ch_est::puschRxChEstDynDescr_t *)"
5394095757,6656,369007,137,2,1,24,2,1,44,0.001,0.001,,,,,NVIDIA A100-SXM4-40GB MIG 4g.20gb (0),1,,13,"void ch_est::chEstFilterNoDftSOfdmDispatchKernel<float, __half, float, (unsigned int)2>(ch_est::puschRxChEstStatDescr_t *, ch_est::puschRxChEstDynDescr_t *)"
5394112909,4864,369008,137,2,1,24,2,1,44,0.001,0.001,,,,,NVIDIA A100-SXM4-40GB MIG 4g.20gb (0),1,,13,"void ch_est::chEstFilterNoDftSOfdmDispatchKernel<float, __half, float, (unsigned int)2>(ch_est::puschRxChEstStatDescr_t *, ch_est::puschRxChEstDynDescr_t *)"
5394128557,2624,369019,103,1,1,128,1,1,16,0.000,0.000,,,,,NVIDIA A100-SXM4-40GB MIG 4g.20gb (0),1,,13,cupy_copy__complex64_complex64
5394142540,12736,369029,1434,1,1,128,1,1,16,0.000,0.000,,,,,NVIDIA A100-SXM4-40GB MIG 4g.20gb (0),1,,13,cupy_copy__complex64_complex64
5394167532,2720,369036,103,1,1,128,1,1,16,0.000,0.000,,,,,NVIDIA A100-SXM4-40GB MIG 4g.20gb (0),1,,13,cupy_copy__complex64_complex64
5394179660,85855,369043,1,1,1,32,32,1,30,0.000,0.000,,,,,NVIDIA A100-SXM4-40GB MIG 4g.20gb (0),1,,13,"void convert_kernel<__half2, float2>(tensor_layout_any, T1 *, tensor_layout_any, const T2 *)"
5394297354,9760,369046,,,,,,,,,,0.094,9599.998,Pinned,Device,NVIDIA A100-SXM4-40GB MIG 4g.20gb (0),1,,13,[CUDA memcpy Host-to-Device]
5394318410,48288,369047,,,,,,,,,,35.810,741587.633,Device,,NVIDIA A100-SXM4-40GB MIG 4g.20gb (0),1,,13,[CUDA memset]
5394373194,5375,369049,,,,,,,,,,0.000,14.884,Pinned,Device,NVIDIA A100-SXM4-40GB MIG 4g.20gb (0),1,,13,[CUDA memcpy Host-to-Device]
5394387273,22272,369050,,,,,,,,,,0.197,8827.503,Pinned,Device,NVIDIA A100-SXM4-40GB MIG 4g.20gb (0),1,,13,[CUDA memcpy Host-to-Device]
5394423529,9888,369051,273,1,1,48,1,1,40,0.000,0.001,,,,,NVIDIA A100-SXM4-40GB MIG 4g.20gb (0),1,,13,"void pusch_noise_intf_est::noiseIntfEstNoDftSOfdmKernel<float, __half, float, float, (unsigned int)2, (unsigned int)1, (unsigned char)4, (unsigned char)4>(pusch_noise_intf_est::puschRxNoiseIntfEstDynDescr)"
5394443081,2944,369062,35,1,1,128,1,1,16,0.000,0.000,,,,,NVIDIA A100-SXM4-40GB MIG 4g.20gb (0),1,,13,cupy_copy__complex64_complex64
5394452585,1728,369071,1,1,1,1,1,1,18,0.000,0.000,,,,,NVIDIA A100-SXM4-40GB MIG 4g.20gb (0),1,,13,cupy_copy__float32_float32
5394458184,3520,369077,,,,,,,,,,0.000,1.136,Device,Pageable,NVIDIA A100-SXM4-40GB MIG 4g.20gb (0),1,,7,[CUDA memcpy Device-to-Host]
5394537640,12799,369088,1434,1,1,128,1,1,16,0.000,0.000,,,,,NVIDIA A100-SXM4-40GB MIG 4g.20gb (0),1,,13,cupy_copy__complex64_complex64
5394564295,2976,369095,103,1,1,128,1,1,16,0.000,0.000,,,,,NVIDIA A100-SXM4-40GB MIG 4g.20gb (0),1,,13,cupy_copy__complex64_complex64
5394584519,2624,369102,35,1,1,128,1,1,16,0.000,0.000,,,,,NVIDIA A100-SXM4-40GB MIG 4g.20gb (0),1,,13,cupy_copy__complex64_complex64
5394604263,1760,369109,1,1,1,1,1,1,18,0.000,0.000,,,,,NVIDIA A100-SXM4-40GB MIG 4g.20gb (0),1,,13,cupy_copy__float32_float32
5394734085,87583,369120,1,1,1,32,32,1,30,0.000,0.000,,,,,NVIDIA A100-SXM4-40GB MIG 4g.20gb (0),1,,13,"void convert_kernel<__half2, float2>(tensor_layout_any, T1 *, tensor_layout_any, const T2 *)"
5394856996,5792,369123,,,,,,,,,,0.094,16176.708,Pinned,Device,NVIDIA A100-SXM4-40GB MIG 4g.20gb (0),1,,13,[CUDA memcpy Host-to-Device]
5394872995,3264,369124,,,,,,,,,,1.547,473842.288,Device,,NVIDIA A100-SXM4-40GB MIG 4g.20gb (0),1,,13,[CUDA memset]
5394878947,3104,369129,,,,,,,,,,0.031,10082.445,Pinned,Device,NVIDIA A100-SXM4-40GB MIG 4g.20gb (0),1,,13,[CUDA memcpy Host-to-Device]
5394885155,9696,369130,,,,,,,,,,0.197,20277.166,Pinned,Device,NVIDIA A100-SXM4-40GB MIG 4g.20gb (0),1,,13,[CUDA memcpy Host-to-Device]
5394899235,6624,369131,273,1,1,8,4,1,39,0.002,0.000,,,,,NVIDIA A100-SXM4-40GB MIG 4g.20gb (0),1,,13,"void channel_eq::eqMmseCoefCompLowMimoKernel<float, float, float, (unsigned int)4, (unsigned int)1, (unsigned int)4>(const channel_eq::_puschRxChEqStatDescr *, channel_eq::_puschRxChEqCoefCompDynDescr)"
5394906915,8096,369132,273,1,1,12,11,1,51,0.002,0.000,,,,,NVIDIA A100-SXM4-40GB MIG 4g.20gb (0),1,,13,"void channel_eq::eqMmseSoftDemapKernel<float, __half, __half, float, (unsigned int)4, (unsigned short)16383>(channel_eq::_puschRxChEqStatDescr *, channel_eq::_puschRxChEqSoftDemapDynDescr)"
5394918275,282012,369133,1,1,1,32,32,1,30,0.000,0.000,,,,,NVIDIA A100-SXM4-40GB MIG 4g.20gb (0),1,,13,"void convert_kernel<float2, __half2>(tensor_layout_any, T1 *, tensor_layout_any, const T2 *)"
5395201343,10880,369145,2253,1,1,128,1,1,16,0.000,0.000,,,,,NVIDIA A100-SXM4-40GB MIG 4g.20gb (0),1,,13,cupy_copy__float16_float16
5395214239,3712,369154,282,1,1,128,1,1,16,0.000,0.000,,,,,NVIDIA A100-SXM4-40GB MIG 4g.20gb (0),1,,13,cupy_copy__complex64_complex64
5395221695,2304,369163,26,1,1,128,1,1,16,0.000,0.000,,,,,NVIDIA A100-SXM4-40GB MIG 4g.20gb (0),1,,13,cupy_copy__float32_float32
5395227071,3328,369172,103,1,1,128,1,1,16,0.000,0.000,,,,,NVIDIA A100-SXM4-40GB MIG 4g.20gb (0),1,,13,cupy_copy__complex64_complex64
5395233791,12160,369182,1434,1,1,128,1,1,16,0.000,0.000,,,,,NVIDIA A100-SXM4-40GB MIG 4g.20gb (0),1,,13,cupy_copy__complex64_complex64
5395249279,81663,369187,1,1,1,32,32,1,30,0.000,0.000,,,,,NVIDIA A100-SXM4-40GB MIG 4g.20gb (0),1,,13,"void convert_kernel<__half2, float2>(tensor_layout_any, T1 *, tensor_layout_any, const T2 *)"
5395358205,5760,369190,,,,,,,,,,0.094,16266.656,Pinned,Device,NVIDIA A100-SXM4-40GB MIG 4g.20gb (0),1,,13,[CUDA memcpy Host-to-Device]
5395367421,597849,369191,,,,,,,,,,456.561,763370.728,Device,,NVIDIA A100-SXM4-40GB MIG 4g.20gb (0),1,,13,[CUDA memset]
5395972982,144062,369196,,,,,,,,,,1.235,8571.746,Pinned,Device,NVIDIA A100-SXM4-40GB MIG 4g.20gb (0),1,,13,[CUDA memcpy Host-to-Device]
5396128116,38495,369197,,,,,,,,,,0.197,5107.286,Pinned,Device,NVIDIA A100-SXM4-40GB MIG 4g.20gb (0),1,,13,[CUDA memcpy Host-to-Device]
5396182291,8224,369198,69,4,1,48,1,1,76,0.002,0.000,,,,,NVIDIA A100-SXM4-40GB MIG 4g.20gb (0),1,,13,"void ch_est::windowedChEstPreNoDftSOfdmKernel<float, __half, float, (unsigned int)2, (unsigned int)1, (unsigned short)4>(ch_est::puschRxChEstStatDescr_t *, ch_est::puschRxChEstDynDescr_t *)"
5396202227,7360,369199,137,2,1,24,2,1,44,0.001,0.001,,,,,NVIDIA A100-SXM4-40GB MIG 4g.20gb (0),1,,13,"void ch_est::chEstFilterNoDftSOfdmDispatchKernel<float, __half, float, (unsigned int)2>(ch_est::puschRxChEstStatDescr_t *, ch_est::puschRxChEstDynDescr_t *)"
5396223955,5376,369200,137,2,1,24,2,1,44,0.001,0.001,,,,,NVIDIA A100-SXM4-40GB MIG 4g.20gb (0),1,,13,"void ch_est::chEstFilterNoDftSOfdmDispatchKernel<float, __half, float, (unsigned int)2>(ch_est::puschRxChEstStatDescr_t *, ch_est::puschRxChEstDynDescr_t *)"
5396236563,2496,369211,103,1,1,128,1,1,16,0.000,0.000,,,,,NVIDIA A100-SXM4-40GB MIG 4g.20gb (0),1,,13,cupy_copy__complex64_complex64
5396250866,12576,369221,1434,1,1,128,1,1,16,0.000,0.000,,,,,NVIDIA A100-SXM4-40GB MIG 4g.20gb (0),1,,13,cupy_copy__complex64_complex64
5396279346,2880,369228,103,1,1,128,1,1,16,0.000,0.000,,,,,NVIDIA A100-SXM4-40GB MIG 4g.20gb (0),1,,13,cupy_copy__complex64_complex64
5396290546,86975,369235,1,1,1,32,32,1,30,0.000,0.000,,,,,NVIDIA A100-SXM4-40GB MIG 4g.20gb (0),1,,13,"void convert_kernel<__half2, float2>(tensor_layout_any, T1 *, tensor_layout_any, const T2 *)"
5396409264,14272,369238,,,,,,,,,,0.094,6564.998,Pinned,Device,NVIDIA A100-SXM4-40GB MIG 4g.20gb (0),1,,13,[CUDA memcpy Host-to-Device]
5396441648,47903,369239,,,,,,,,,,35.810,747532.080,Device,,NVIDIA A100-SXM4-40GB MIG 4g.20gb (0),1,,13,[CUDA memset]
5396493231,8640,369241,,,,,,,,,,0.000,9.259,Pinned,Device,NVIDIA A100-SXM4-40GB MIG 4g.20gb (0),1,,13,[CUDA memcpy Host-to-Device]
5396509583,16192,369242,,,,,,,,,,0.197,12142.117,Pinned,Device,NVIDIA A100-SXM4-40GB MIG 4g.20gb (0),1,,13,[CUDA memcpy Host-to-Device]
5396538863,9696,369243,273,1,1,48,1,1,40,0.000,0.001,,,,,NVIDIA A100-SXM4-40GB MIG 4g.20gb (0),1,,13,"void pusch_noise_intf_est::noiseIntfEstNoDftSOfdmKernel<float, __half, float, float, (unsigned int)2, (unsigned int)1, (unsigned char)4, (unsigned char)4>(pusch_noise_intf_est::puschRxNoiseIntfEstDynDescr)"
5396555183,2784,369254,35,1,1,128,1,1,16,0.000,0.000,,,,,NVIDIA A100-SXM4-40GB MIG 4g.20gb (0),1,,13,cupy_copy__complex64_complex64
5396561135,1856,369263,1,1,1,1,1,1,18,0.000,0.000,,,,,NVIDIA A100-SXM4-40GB MIG 4g.20gb (0),1,,13,cupy_copy__float32_float32
5396568942,4704,369269,,,,,,,,,,0.000,0.850,Device,Pageable,NVIDIA A100-SXM4-40GB MIG 4g.20gb (0),1,,7,[CUDA memcpy Device-to-Host]
5396637934,13055,369280,1434,1,1,128,1,1,16,0.000,0.000,,,,,NVIDIA A100-SXM4-40GB MIG 4g.20gb (0),1,,13,cupy_copy__complex64_complex64
5396664237,3104,369287,103,1,1,128,1,1,16,0.000,0.000,,,,,NVIDIA A100-SXM4-40GB MIG 4g.20gb (0),1,,13,cupy_copy__complex64_complex64
5396686509,2592,369294,35,1,1,128,1,1,16,0.000,0.000,,,,,NVIDIA A100-SXM4-40GB MIG 4g.20gb (0),1,,13,cupy_copy__complex64_complex64
5396702989,1856,369301,1,1,1,1,1,1,18,0.000,0.000,,,,,NVIDIA A100-SXM4-40GB MIG 4g.20gb (0),1,,13,cupy_copy__float32_float32
5396836043,86783,369312,1,1,1,32,32,1,30,0.000,0.000,,,,,NVIDIA A100-SXM4-40GB MIG 4g.20gb (0),1,,13,"void convert_kernel<__half2, float2>(tensor_layout_any, T1 *, tensor_layout_any, const T2 *)"
5396950314,6080,369315,,,,,,,,,,0.094,15410.462,Pinned,Device,NVIDIA A100-SXM4-40GB MIG 4g.20gb (0),1,,13,[CUDA memcpy Host-to-Device]
5396966186,3616,369316,,,,,,,,,,1.547,427715.774,Device,,NVIDIA A100-SXM4-40GB MIG 4g.20gb (0),1,,13,[CUDA memset]
5396970986,3167,369321,,,,,,,,,,0.031,9881.900,Pinned,Device,NVIDIA A100-SXM4-40GB MIG 4g.20gb (0),1,,13,[CUDA memcpy Host-to-Device]
5396976873,9408,369322,,,,,,,,,,0.197,20897.858,Pinned,Device,NVIDIA A100-SXM4-40GB MIG 4g.20gb (0),1,,13,[CUDA memcpy Host-to-Device]
5396992073,6176,369323,273,1,1,8,4,1,39,0.002,0.000,,,,,NVIDIA A100-SXM4-40GB MIG 4g.20gb (0),1,,13,"void channel_eq::eqMmseCoefCompLowMimoKernel<float, float, float, (unsigned int)4, (unsigned int)1, (unsigned int)4>(const channel_eq::_puschRxChEqStatDescr *, channel_eq::_puschRxChEqCoefCompDynDescr)"
5396999369,6400,369324,273,1,1,12,11,1,51,0.002,0.000,,,,,NVIDIA A100-SXM4-40GB MIG 4g.20gb (0),1,,13,"void channel_eq::eqMmseSoftDemapKernel<float, __half, __half, float, (unsigned int)4, (unsigned short)16383>(channel_eq::_puschRxChEqStatDescr *, channel_eq::_puschRxChEqSoftDemapDynDescr)"
5397006857,282173,369325,1,1,1,32,32,1,30,0.000,0.000,,,,,NVIDIA A100-SXM4-40GB MIG 4g.20gb (0),1,,13,"void convert_kernel<float2, __half2>(tensor_layout_any, T1 *, tensor_layout_any, const T2 *)"
5397290150,11039,369337,2253,1,1,128,1,1,16,0.000,0.000,,,,,NVIDIA A100-SXM4-40GB MIG 4g.20gb (0),1,,13,cupy_copy__float16_float16
5397302885,3136,369346,282,1,1,128,1,1,16,0.000,0.000,,,,,NVIDIA A100-SXM4-40GB MIG 4g.20gb (0),1,,13,cupy_copy__complex64_complex64
5397308037,2368,369355,26,1,1,128,1,1,16,0.000,0.000,,,,,NVIDIA A100-SXM4-40GB MIG 4g.20gb (0),1,,13,cupy_copy__float32_float32
5397314693,3104,369364,103,1,1,128,1,1,16,0.000,0.000,,,,,NVIDIA A100-SXM4-40GB MIG 4g.20gb (0),1,,13,cupy_copy__complex64_complex64
5397319013,12192,369374,1434,1,1,128,1,1,16,0.000,0.000,,,,,NVIDIA A100-SXM4-40GB MIG 4g.20gb (0),1,,13,cupy_copy__complex64_complex64
5397340965,82655,369379,1,1,1,32,32,1,30,0.000,0.000,,,,,NVIDIA A100-SXM4-40GB MIG 4g.20gb (0),1,,13,"void convert_kernel<__half2, float2>(tensor_layout_any, T1 *, tensor_layout_any, const T2 *)"
5397450340,5344,369382,,,,,,,,,,0.094,17532.864,Pinned,Device,NVIDIA A100-SXM4-40GB MIG 4g.20gb (0),1,,13,[CUDA memcpy Host-to-Device]
5397460356,598488,369383,,,,,,,,,,456.561,762457.605,Device,,NVIDIA A100-SXM4-40GB MIG 4g.20gb (0),1,,13,[CUDA memset]
5398067036,166046,369388,,,,,,,,,,1.235,7436.833,Pinned,Device,NVIDIA A100-SXM4-40GB MIG 4g.20gb (0),1,,13,[CUDA memcpy Host-to-Device]
5398245594,42655,369389,,,,,,,,,,0.197,4609.081,Pinned,Device,NVIDIA A100-SXM4-40GB MIG 4g.20gb (0),1,,13,[CUDA memcpy Host-to-Device]
5398311641,8224,369390,69,4,1,48,1,1,76,0.002,0.000,,,,,NVIDIA A100-SXM4-40GB MIG 4g.20gb (0),1,,13,"void ch_est::windowedChEstPreNoDftSOfdmKernel<float, __half, float, (unsigned int)2, (unsigned int)1, (unsigned short)4>(ch_est::puschRxChEstStatDescr_t *, ch_est::puschRxChEstDynDescr_t *)"
5398329305,6752,369391,137,2,1,24,2,1,44,0.001,0.001,,,,,NVIDIA A100-SXM4-40GB MIG 4g.20gb (0),1,,13,"void ch_est::chEstFilterNoDftSOfdmDispatchKernel<float, __half, float, (unsigned int)2>(ch_est::puschRxChEstStatDescr_t *, ch_est::puschRxChEstDynDescr_t *)"
5398345593,4768,369392,137,2,1,24,2,1,44,0.001,0.001,,,,,NVIDIA A100-SXM4-40GB MIG 4g.20gb (0),1,,13,"void ch_est::chEstFilterNoDftSOfdmDispatchKernel<float, __half, float, (unsigned int)2>(ch_est::puschRxChEstStatDescr_t *, ch_est::puschRxChEstDynDescr_t *)"
5398362104,2624,369403,103,1,1,128,1,1,16,0.000,0.000,,,,,NVIDIA A100-SXM4-40GB MIG 4g.20gb (0),1,,13,cupy_copy__complex64_complex64
5398378776,12544,369413,1434,1,1,128,1,1,16,0.000,0.000,,,,,NVIDIA A100-SXM4-40GB MIG 4g.20gb (0),1,,13,cupy_copy__complex64_complex64
5398399256,2880,369420,103,1,1,128,1,1,16,0.000,0.000,,,,,NVIDIA A100-SXM4-40GB MIG 4g.20gb (0),1,,13,cupy_copy__complex64_complex64
5398422904,88479,369427,1,1,1,32,32,1,30,0.000,0.000,,,,,NVIDIA A100-SXM4-40GB MIG 4g.20gb (0),1,,13,"void convert_kernel<__half2, float2>(tensor_layout_any, T1 *, tensor_layout_any, const T2 *)"
5398546166,23424,369430,,,,,,,,,,0.094,3999.976,Pinned,Device,NVIDIA A100-SXM4-40GB MIG 4g.20gb (0),1,,13,[CUDA memcpy Host-to-Device]
5398582550,47967,369431,,,,,,,,,,35.810,746529.402,Device,,NVIDIA A100-SXM4-40GB MIG 4g.20gb (0),1,,13,[CUDA memset]
5398635413,9056,369433,,,,,,,,,,0.000,8.834,Pinned,Device,NVIDIA A100-SXM4-40GB MIG 4g.20gb (0),1,,13,[CUDA memcpy Host-to-Device]
5398652597,24864,369434,,,,,,,,,,0.197,7907.181,Pinned,Device,NVIDIA A100-SXM4-40GB MIG 4g.20gb (0),1,,13,[CUDA memcpy Host-to-Device]
5398703220,9728,369435,273,1,1,48,1,1,40,0.000,0.001,,,,,NVIDIA A100-SXM4-40GB MIG 4g.20gb (0),1,,13,"void pusch_noise_intf_est::noiseIntfEstNoDftSOfdmKernel<float, __half, float, float, (unsigned int)2, (unsigned int)1, (unsigned char)4, (unsigned char)4>(pusch_noise_intf_est::puschRxNoiseIntfEstDynDescr)"
5398724116,2688,369446,35,1,1,128,1,1,16,0.000,0.000,,,,,NVIDIA A100-SXM4-40GB MIG 4g.20gb (0),1,,13,cupy_copy__complex64_complex64
5398736628,1760,369455,1,1,1,1,1,1,18,0.000,0.000,,,,,NVIDIA A100-SXM4-40GB MIG 4g.20gb (0),1,,13,cupy_copy__float32_float32
5398744788,6688,369461,,,,,,,,,,0.000,0.598,Device,Pageable,NVIDIA A100-SXM4-40GB MIG 4g.20gb (0),1,,7,[CUDA memcpy Device-to-Host]
5398824019,12896,369472,1434,1,1,128,1,1,16,0.000,0.000,,,,,NVIDIA A100-SXM4-40GB MIG 4g.20gb (0),1,,13,cupy_copy__complex64_complex64
5398856850,4992,369479,103,1,1,128,1,1,16,0.000,0.000,,,,,NVIDIA A100-SXM4-40GB MIG 4g.20gb (0),1,,13,cupy_copy__complex64_complex64
5398878226,2560,369486,35,1,1,128,1,1,16,0.000,0.000,,,,,NVIDIA A100-SXM4-40GB MIG 4g.20gb (0),1,,13,cupy_copy__complex64_complex64
5398896658,1888,369493,1,1,1,1,1,1,18,0.000,0.000,,,,,NVIDIA A100-SXM4-40GB MIG 4g.20gb (0),1,,13,cupy_copy__float32_float32
5399025424,82303,369504,1,1,1,32,32,1,30,0.000,0.000,,,,,NVIDIA A100-SXM4-40GB MIG 4g.20gb (0),1,,13,"void convert_kernel<__half2, float2>(tensor_layout_any, T1 *, tensor_layout_any, const T2 *)"
5399135151,5888,369507,,,,,,,,,,0.094,15912.954,Pinned,Device,NVIDIA A100-SXM4-40GB MIG 4g.20gb (0),1,,13,[CUDA memcpy Host-to-Device]
5399149519,3360,369508,,,,,,,,,,1.547,460304.688,Device,,NVIDIA A100-SXM4-40GB MIG 4g.20gb (0),1,,13,[CUDA memset]
5399156431,3264,369513,,,,,,,,,,0.031,9588.218,Pinned,Device,NVIDIA A100-SXM4-40GB MIG 4g.20gb (0),1,,13,[CUDA memcpy Host-to-Device]
5399162127,9599,369514,,,,,,,,,,0.197,20482.032,Pinned,Device,NVIDIA A100-SXM4-40GB MIG 4g.20gb (0),1,,13,[CUDA memcpy Host-to-Device]
5399175310,6528,369515,273,1,1,8,4,1,39,0.002,0.000,,,,,NVIDIA A100-SXM4-40GB MIG 4g.20gb (0),1,,13,"void channel_eq::eqMmseCoefCompLowMimoKernel<float, float, float, (unsigned int)4, (unsigned int)1, (unsigned int)4>(const channel_eq::_puschRxChEqStatDescr *, channel_eq::_puschRxChEqCoefCompDynDescr)"
5399185774,6048,369516,273,1,1,12,11,1,51,0.002,0.000,,,,,NVIDIA A100-SXM4-40GB MIG 4g.20gb (0),1,,13,"void channel_eq::eqMmseSoftDemapKernel<float, __half, __half, float, (unsigned int)4, (unsigned short)16383>(channel_eq::_puschRxChEqStatDescr *, channel_eq::_puschRxChEqSoftDemapDynDescr)"
5399192782,282237,369517,1,1,1,32,32,1,30,0.000,0.000,,,,,NVIDIA A100-SXM4-40GB MIG 4g.20gb (0),1,,13,"void convert_kernel<float2, __half2>(tensor_layout_any, T1 *, tensor_layout_any, const T2 *)"
5399476075,10944,369529,2253,1,1,128,1,1,16,0.000,0.000,,,,,NVIDIA A100-SXM4-40GB MIG 4g.20gb (0),1,,13,cupy_copy__float16_float16
5399491658,2688,369538,282,1,1,128,1,1,16,0.000,0.000,,,,,NVIDIA A100-SXM4-40GB MIG 4g.20gb (0),1,,13,cupy_copy__complex64_complex64
5399495338,2400,369547,26,1,1,128,1,1,16,0.000,0.000,,,,,NVIDIA A100-SXM4-40GB MIG 4g.20gb (0),1,,13,cupy_copy__float32_float32
5399500234,3392,369556,103,1,1,128,1,1,16,0.000,0.000,,,,,NVIDIA A100-SXM4-40GB MIG 4g.20gb (0),1,,13,cupy_copy__complex64_complex64
5399505738,12064,369566,1434,1,1,128,1,1,16,0.000,0.000,,,,,NVIDIA A100-SXM4-40GB MIG 4g.20gb (0),1,,13,cupy_copy__complex64_complex64
5399523082,80991,369571,1,1,1,32,32,1,30,0.000,0.000,,,,,NVIDIA A100-SXM4-40GB MIG 4g.20gb (0),1,,13,"void convert_kernel<__half2, float2>(tensor_layout_any, T1 *, tensor_layout_any, const T2 *)"
5399631113,5344,369574,,,,,,,,,,0.094,17532.864,Pinned,Device,NVIDIA A100-SXM4-40GB MIG 4g.20gb (0),1,,13,[CUDA memcpy Host-to-Device]
5399641097,599224,369575,,,,,,,,,,456.561,761544.482,Device,,NVIDIA A100-SXM4-40GB MIG 4g.20gb (0),1,,13,[CUDA memset]
5400248193,76479,369580,,,,,,,,,,1.235,16146.893,Pinned,Device,NVIDIA A100-SXM4-40GB MIG 4g.20gb (0),1,,13,[CUDA memcpy Host-to-Device]
5400331360,16096,369581,,,,,,,,,,0.197,12214.665,Pinned,Device,NVIDIA A100-SXM4-40GB MIG 4g.20gb (0),1,,13,[CUDA memcpy Host-to-Device]
5400362624,8128,369582,69,4,1,48,1,1,76,0.002,0.000,,,,,NVIDIA A100-SXM4-40GB MIG 4g.20gb (0),1,,13,"void ch_est::windowedChEstPreNoDftSOfdmKernel<float, __half, float, (unsigned int)2, (unsigned int)1, (unsigned short)4>(ch_est::puschRxChEstStatDescr_t *, ch_est::puschRxChEstDynDescr_t *)"
5400378816,7295,369583,137,2,1,24,2,1,44,0.001,0.001,,,,,NVIDIA A100-SXM4-40GB MIG 4g.20gb (0),1,,13,"void ch_est::chEstFilterNoDftSOfdmDispatchKernel<float, __half, float, (unsigned int)2>(ch_est::puschRxChEstStatDescr_t *, ch_est::puschRxChEstDynDescr_t *)"
5400391743,6464,369584,137,2,1,24,2,1,44,0.001,0.001,,,,,NVIDIA A100-SXM4-40GB MIG 4g.20gb (0),1,,13,"void ch_est::chEstFilterNoDftSOfdmDispatchKernel<float, __half, float, (unsigned int)2>(ch_est::puschRxChEstStatDescr_t *, ch_est::puschRxChEstDynDescr_t *)"
5400401567,2560,369595,103,1,1,128,1,1,16,0.000,0.000,,,,,NVIDIA A100-SXM4-40GB MIG 4g.20gb (0),1,,13,cupy_copy__complex64_complex64
5400410751,12640,369605,1434,1,1,128,1,1,16,0.000,0.000,,,,,NVIDIA A100-SXM4-40GB MIG 4g.20gb (0),1,,13,cupy_copy__complex64_complex64
5400428799,2592,369612,103,1,1,128,1,1,16,0.000,0.000,,,,,NVIDIA A100-SXM4-40GB MIG 4g.20gb (0),1,,13,cupy_copy__complex64_complex64
5400439007,86431,369619,1,1,1,32,32,1,30,0.000,0.000,,,,,NVIDIA A100-SXM4-40GB MIG 4g.20gb (0),1,,13,"void convert_kernel<__half2, float2>(tensor_layout_any, T1 *, tensor_layout_any, const T2 *)"
5400552445,13088,369622,,,,,,,,,,0.094,7158.843,Pinned,Device,NVIDIA A100-SXM4-40GB MIG 4g.20gb (0),1,,13,[CUDA memcpy Host-to-Device]
5400578941,47519,369623,,,,,,,,,,35.810,753583.956,Device,,NVIDIA A100-SXM4-40GB MIG 4g.20gb (0),1,,13,[CUDA memset]
5400629436,7936,369625,,,,,,,,,,0.000,10.081,Pinned,Device,NVIDIA A100-SXM4-40GB MIG 4g.20gb (0),1,,13,[CUDA memcpy Host-to-Device]
5400641180,20640,369626,,,,,,,,,,0.197,9525.461,Pinned,Device,NVIDIA A100-SXM4-40GB MIG 4g.20gb (0),1,,13,[CUDA memcpy Host-to-Device]
5400675708,9280,369627,273,1,1,48,1,1,40,0.000,0.001,,,,,NVIDIA A100-SXM4-40GB MIG 4g.20gb (0),1,,13,"void pusch_noise_intf_est::noiseIntfEstNoDftSOfdmKernel<float, __half, float, float, (unsigned int)2, (unsigned int)1, (unsigned char)4, (unsigned char)4>(pusch_noise_intf_est::puschRxNoiseIntfEstDynDescr)"
5400688252,2688,369638,35,1,1,128,1,1,16,0.000,0.000,,,,,NVIDIA A100-SXM4-40GB MIG 4g.20gb (0),1,,13,cupy_copy__complex64_complex64
5400699420,1760,369647,1,1,1,1,1,1,18,0.000,0.000,,,,,NVIDIA A100-SXM4-40GB MIG 4g.20gb (0),1,,13,cupy_copy__float32_float32
5400707228,6623,369653,,,,,,,,,,0.000,0.604,Device,Pageable,NVIDIA A100-SXM4-40GB MIG 4g.20gb (0),1,,7,[CUDA memcpy Device-to-Host]
5400787131,13055,369664,1434,1,1,128,1,1,16,0.000,0.000,,,,,NVIDIA A100-SXM4-40GB MIG 4g.20gb (0),1,,13,cupy_copy__complex64_complex64
5400815930,2912,369671,103,1,1,128,1,1,16,0.000,0.000,,,,,NVIDIA A100-SXM4-40GB MIG 4g.20gb (0),1,,13,cupy_copy__complex64_complex64
5400839578,2592,369678,35,1,1,128,1,1,16,0.000,0.000,,,,,NVIDIA A100-SXM4-40GB MIG 4g.20gb (0),1,,13,cupy_copy__complex64_complex64
5400851802,1792,369685,1,1,1,1,1,1,18,0.000,0.000,,,,,NVIDIA A100-SXM4-40GB MIG 4g.20gb (0),1,,13,cupy_copy__float32_float32
5400978744,88127,369696,1,1,1,32,32,1,30,0.000,0.000,,,,,NVIDIA A100-SXM4-40GB MIG 4g.20gb (0),1,,13,"void convert_kernel<__half2, float2>(tensor_layout_any, T1 *, tensor_layout_any, const T2 *)"
5401094839,5472,369699,,,,,,,,,,0.094,17122.757,Pinned,Device,NVIDIA A100-SXM4-40GB MIG 4g.20gb (0),1,,13,[CUDA memcpy Host-to-Device]
5401108631,3296,369700,,,,,,,,,,1.547,469242.628,Device,,NVIDIA A100-SXM4-40GB MIG 4g.20gb (0),1,,13,[CUDA memset]
5401115286,3040,369705,,,,,,,,,,0.031,10294.725,Pinned,Device,NVIDIA A100-SXM4-40GB MIG 4g.20gb (0),1,,13,[CUDA memcpy Host-to-Device]
5401120758,9984,369706,,,,,,,,,,0.197,19692.257,Pinned,Device,NVIDIA A100-SXM4-40GB MIG 4g.20gb (0),1,,13,[CUDA memcpy Host-to-Device]
5401137270,6304,369707,273,1,1,8,4,1,39,0.002,0.000,,,,,NVIDIA A100-SXM4-40GB MIG 4g.20gb (0),1,,13,"void channel_eq::eqMmseCoefCompLowMimoKernel<float, float, float, (unsigned int)4, (unsigned int)1, (unsigned int)4>(const channel_eq::_puschRxChEqStatDescr *, channel_eq::_puschRxChEqCoefCompDynDescr)"
5401146454,5600,369708,273,1,1,12,11,1,51,0.002,0.000,,,,,NVIDIA A100-SXM4-40GB MIG 4g.20gb (0),1,,13,"void channel_eq::eqMmseSoftDemapKernel<float, __half, __half, float, (unsigned int)4, (unsigned short)16383>(channel_eq::_puschRxChEqStatDescr *, channel_eq::_puschRxChEqSoftDemapDynDescr)"
5401154934,282461,369709,1,1,1,32,32,1,30,0.000,0.000,,,,,NVIDIA A100-SXM4-40GB MIG 4g.20gb (0),1,,13,"void convert_kernel<float2, __half2>(tensor_layout_any, T1 *, tensor_layout_any, const T2 *)"
5401438322,10848,369721,2253,1,1,128,1,1,16,0.000,0.000,,,,,NVIDIA A100-SXM4-40GB MIG 4g.20gb (0),1,,13,cupy_copy__float16_float16
5401454066,2912,369730,282,1,1,128,1,1,16,0.000,0.000,,,,,NVIDIA A100-SXM4-40GB MIG 4g.20gb (0),1,,13,cupy_copy__complex64_complex64
5401459474,2016,369739,26,1,1,128,1,1,16,0.000,0.000,,,,,NVIDIA A100-SXM4-40GB MIG 4g.20gb (0),1,,13,cupy_copy__float32_float32
5401464306,3296,369748,103,1,1,128,1,1,16,0.000,0.000,,,,,NVIDIA A100-SXM4-40GB MIG 4g.20gb (0),1,,13,cupy_copy__complex64_complex64
5401468722,11936,369758,1434,1,1,128,1,1,16,0.000,0.000,,,,,NVIDIA A100-SXM4-40GB MIG 4g.20gb (0),1,,13,cupy_copy__complex64_complex64
5401486866,87903,369763,1,1,1,32,32,1,30,0.000,0.000,,,,,NVIDIA A100-SXM4-40GB MIG 4g.20gb (0),1,,13,"void convert_kernel<__half2, float2>(tensor_layout_any, T1 *, tensor_layout_any, const T2 *)"
5401602128,5888,369766,,,,,,,,,,0.094,15912.954,Pinned,Device,NVIDIA A100-SXM4-40GB MIG 4g.20gb (0),1,,13,[CUDA memcpy Host-to-Device]
5401612016,598265,369767,,,,,,,,,,456.561,762914.166,Device,,NVIDIA A100-SXM4-40GB MIG 4g.20gb (0),1,,13,[CUDA memset]
5402217257,147262,369772,,,,,,,,,,1.235,8385.270,Pinned,Device,NVIDIA A100-SXM4-40GB MIG 4g.20gb (0),1,,13,[CUDA memcpy Host-to-Device]
5402373799,28832,369773,,,,,,,,,,0.197,6818.955,Pinned,Device,NVIDIA A100-SXM4-40GB MIG 4g.20gb (0),1,,13,[CUDA memcpy Host-to-Device]
5402419110,8224,369774,69,4,1,48,1,1,76,0.002,0.000,,,,,NVIDIA A100-SXM4-40GB MIG 4g.20gb (0),1,,13,"void ch_est::windowedChEstPreNoDftSOfdmKernel<float, __half, float, (unsigned int)2, (unsigned int)1, (unsigned short)4>(ch_est::puschRxChEstStatDescr_t *, ch_est::puschRxChEstDynDescr_t *)"
5402433830,6944,369775,137,2,1,24,2,1,44,0.001,0.001,,,,,NVIDIA A100-SXM4-40GB MIG 4g.20gb (0),1,,13,"void ch_est::chEstFilterNoDftSOfdmDispatchKernel<float, __half, float, (unsigned int)2>(ch_est::puschRxChEstStatDescr_t *, ch_est::puschRxChEstDynDescr_t *)"
5402443878,5856,369776,137,2,1,24,2,1,44,0.001,0.001,,,,,NVIDIA A100-SXM4-40GB MIG 4g.20gb (0),1,,13,"void ch_est::chEstFilterNoDftSOfdmDispatchKernel<float, __half, float, (unsigned int)2>(ch_est::puschRxChEstStatDescr_t *, ch_est::puschRxChEstDynDescr_t *)"
5402451654,2784,369787,103,1,1,128,1,1,16,0.000,0.000,,,,,NVIDIA A100-SXM4-40GB MIG 4g.20gb (0),1,,13,cupy_copy__complex64_complex64
5402459238,12896,369797,1434,1,1,128,1,1,16,0.000,0.000,,,,,NVIDIA A100-SXM4-40GB MIG 4g.20gb (0),1,,13,cupy_copy__complex64_complex64
5402473510,2432,369804,103,1,1,128,1,1,16,0.000,0.000,,,,,NVIDIA A100-SXM4-40GB MIG 4g.20gb (0),1,,13,cupy_copy__complex64_complex64
5402477446,82143,369811,1,1,1,32,32,1,30,0.000,0.000,,,,,NVIDIA A100-SXM4-40GB MIG 4g.20gb (0),1,,13,"void convert_kernel<__half2, float2>(tensor_layout_any, T1 *, tensor_layout_any, const T2 *)"
5402586660,5376,369814,,,,,,,,,,0.094,17428.487,Pinned,Device,NVIDIA A100-SXM4-40GB MIG 4g.20gb (0),1,,13,[CUDA memcpy Host-to-Device]
5402598660,46752,369815,,,,,,,,,,35.810,765938.379,Device,,NVIDIA A100-SXM4-40GB MIG 4g.20gb (0),1,,13,[CUDA memset]
5402651108,4223,369817,,,,,,,,,,0.000,18.944,Pinned,Device,NVIDIA A100-SXM4-40GB MIG 4g.20gb (0),1,,13,[CUDA memcpy Host-to-Device]
5402659971,12800,369818,,,,,,,,,,0.197,15360.000,Pinned,Device,NVIDIA A100-SXM4-40GB MIG 4g.20gb (0),1,,13,[CUDA memcpy Host-to-Device]
5402684035,12544,369819,273,1,1,48,1,1,40,0.000,0.001,,,,,NVIDIA A100-SXM4-40GB MIG 4g.20gb (0),1,,13,"void pusch_noise_intf_est::noiseIntfEstNoDftSOfdmKernel<float, __half, float, float, (unsigned int)2, (unsigned int)1, (unsigned char)4, (unsigned char)4>(pusch_noise_intf_est::puschRxNoiseIntfEstDynDescr)"
5402698307,2880,369830,35,1,1,128,1,1,16,0.000,0.000,,,,,NVIDIA A100-SXM4-40GB MIG 4g.20gb (0),1,,13,cupy_copy__complex64_complex64
5402710691,1920,369839,1,1,1,1,1,1,18,0.000,0.000,,,,,NVIDIA A100-SXM4-40GB MIG 4g.20gb (0),1,,13,cupy_copy__float32_float32
5402741378,1600,369845,,,,,,,,,,0.000,2.500,Device,Pageable,NVIDIA A100-SXM4-40GB MIG 4g.20gb (0),1,,7,[CUDA memcpy Device-to-Host]
5402802210,12992,369856,1434,1,1,128,1,1,16,0.000,0.000,,,,,NVIDIA A100-SXM4-40GB MIG 4g.20gb (0),1,,13,cupy_copy__complex64_complex64
5402827841,2784,369863,103,1,1,128,1,1,16,0.000,0.000,,,,,NVIDIA A100-SXM4-40GB MIG 4g.20gb (0),1,,13,cupy_copy__complex64_complex64
5402856609,2592,369870,35,1,1,128,1,1,16,0.000,0.000,,,,,NVIDIA A100-SXM4-40GB MIG 4g.20gb (0),1,,13,cupy_copy__complex64_complex64
5402878721,1728,369877,1,1,1,1,1,1,18,0.000,0.000,,,,,NVIDIA A100-SXM4-40GB MIG 4g.20gb (0),1,,13,cupy_copy__float32_float32
5403009663,81823,369888,1,1,1,32,32,1,30,0.000,0.000,,,,,NVIDIA A100-SXM4-40GB MIG 4g.20gb (0),1,,13,"void convert_kernel<__half2, float2>(tensor_layout_any, T1 *, tensor_layout_any, const T2 *)"
5403118942,5696,369891,,,,,,,,,,0.094,16449.363,Pinned,Device,NVIDIA A100-SXM4-40GB MIG 4g.20gb (0),1,,13,[CUDA memcpy Host-to-Device]
5403132670,3520,369892,,,,,,,,,,1.547,439380.412,Device,,NVIDIA A100-SXM4-40GB MIG 4g.20gb (0),1,,13,[CUDA memset]
5403139646,3327,369897,,,,,,,,,,0.031,9406.670,Pinned,Device,NVIDIA A100-SXM4-40GB MIG 4g.20gb (0),1,,13,[CUDA memcpy Host-to-Device]
5403145789,9568,369898,,,,,,,,,,0.197,20548.485,Pinned,Device,NVIDIA A100-SXM4-40GB MIG 4g.20gb (0),1,,13,[CUDA memcpy Host-to-Device]
5403159997,6080,369899,273,1,1,8,4,1,39,0.002,0.000,,,,,NVIDIA A100-SXM4-40GB MIG 4g.20gb (0),1,,13,"void channel_eq::eqMmseCoefCompLowMimoKernel<float, float, float, (unsigned int)4, (unsigned int)1, (unsigned int)4>(const channel_eq::_puschRxChEqStatDescr *, channel_eq::_puschRxChEqCoefCompDynDescr)"
5403169245,7584,369900,273,1,1,12,11,1,51,0.002,0.000,,,,,NVIDIA A100-SXM4-40GB MIG 4g.20gb (0),1,,13,"void channel_eq::eqMmseSoftDemapKernel<float, __half, __half, float, (unsigned int)4, (unsigned short)16383>(channel_eq::_puschRxChEqStatDescr *, channel_eq::_puschRxChEqSoftDemapDynDescr)"
5403177757,294268,369901,1,1,1,32,32,1,30,0.000,0.000,,,,,NVIDIA A100-SXM4-40GB MIG 4g.20gb (0),1,,13,"void convert_kernel<float2, __half2>(tensor_layout_any, T1 *, tensor_layout_any, const T2 *)"
5403473657,10944,369913,2253,1,1,128,1,1,16,0.000,0.000,,,,,NVIDIA A100-SXM4-40GB MIG 4g.20gb (0),1,,13,cupy_copy__float16_float16
5403487033,3040,369922,282,1,1,128,1,1,16,0.000,0.000,,,,,NVIDIA A100-SXM4-40GB MIG 4g.20gb (0),1,,13,cupy_copy__complex64_complex64
5403491065,2048,369931,26,1,1,128,1,1,16,0.000,0.000,,,,,NVIDIA A100-SXM4-40GB MIG 4g.20gb (0),1,,13,cupy_copy__float32_float32
5403497273,2880,369940,103,1,1,128,1,1,16,0.000,0.000,,,,,NVIDIA A100-SXM4-40GB MIG 4g.20gb (0),1,,13,cupy_copy__complex64_complex64
5403501529,12352,369950,1434,1,1,128,1,1,16,0.000,0.000,,,,,NVIDIA A100-SXM4-40GB MIG 4g.20gb (0),1,,13,cupy_copy__complex64_complex64
5403516537,81983,369955,1,1,1,32,32,1,30,0.000,0.000,,,,,NVIDIA A100-SXM4-40GB MIG 4g.20gb (0),1,,13,"void convert_kernel<__half2, float2>(tensor_layout_any, T1 *, tensor_layout_any, const T2 *)"
5403625400,5951,369958,,,,,,,,,,0.094,15744.488,Pinned,Device,NVIDIA A100-SXM4-40GB MIG 4g.20gb (0),1,,13,[CUDA memcpy Host-to-Device]
5403635543,600793,369959,,,,,,,,,,456.561,759718.236,Device,,NVIDIA A100-SXM4-40GB MIG 4g.20gb (0),1,,13,[CUDA memset]
5404237136,144766,369964,,,,,,,,,,1.235,8529.758,Pinned,Device,NVIDIA A100-SXM4-40GB MIG 4g.20gb (0),1,,13,[CUDA memcpy Host-to-Device]
5404396846,40576,369965,,,,,,,,,,0.197,4845.404,Pinned,Device,NVIDIA A100-SXM4-40GB MIG 4g.20gb (0),1,,13,[CUDA memcpy Host-to-Device]
5404458957,8224,369966,69,4,1,48,1,1,76,0.002,0.000,,,,,NVIDIA A100-SXM4-40GB MIG 4g.20gb (0),1,,13,"void ch_est::windowedChEstPreNoDftSOfdmKernel<float, __half, float, (unsigned int)2, (unsigned int)1, (unsigned short)4>(ch_est::puschRxChEstStatDescr_t *, ch_est::puschRxChEstDynDescr_t *)"
5404477005,6912,369967,137,2,1,24,2,1,44,0.001,0.001,,,,,NVIDIA A100-SXM4-40GB MIG 4g.20gb (0),1,,13,"void ch_est::chEstFilterNoDftSOfdmDispatchKernel<float, __half, float, (unsigned int)2>(ch_est::puschRxChEstStatDescr_t *, ch_est::puschRxChEstDynDescr_t *)"
5404494765,4736,369968,137,2,1,24,2,1,44,0.001,0.001,,,,,NVIDIA A100-SXM4-40GB MIG 4g.20gb (0),1,,13,"void ch_est::chEstFilterNoDftSOfdmDispatchKernel<float, __half, float, (unsigned int)2>(ch_est::puschRxChEstStatDescr_t *, ch_est::puschRxChEstDynDescr_t *)"
5404511341,2528,369979,103,1,1,128,1,1,16,0.000,0.000,,,,,NVIDIA A100-SXM4-40GB MIG 4g.20gb (0),1,,13,cupy_copy__complex64_complex64
5404530732,12448,369989,1434,1,1,128,1,1,16,0.000,0.000,,,,,NVIDIA A100-SXM4-40GB MIG 4g.20gb (0),1,,13,cupy_copy__complex64_complex64
5404549548,2944,369996,103,1,1,128,1,1,16,0.000,0.000,,,,,NVIDIA A100-SXM4-40GB MIG 4g.20gb (0),1,,13,cupy_copy__complex64_complex64
5404572236,86079,370003,1,1,1,32,32,1,30,0.000,0.000,,,,,NVIDIA A100-SXM4-40GB MIG 4g.20gb (0),1,,13,"void convert_kernel<__half2, float2>(tensor_layout_any, T1 *, tensor_layout_any, const T2 *)"
5404690698,11744,370006,,,,,,,,,,0.094,7978.121,Pinned,Device,NVIDIA A100-SXM4-40GB MIG 4g.20gb (0),1,,13,[CUDA memcpy Host-to-Device]
5404711114,47584,370007,,,,,,,,,,35.810,752545.469,Device,,NVIDIA A100-SXM4-40GB MIG 4g.20gb (0),1,,13,[CUDA memset]
5404763594,3487,370009,,,,,,,,,,0.000,22.942,Pinned,Device,NVIDIA A100-SXM4-40GB MIG 4g.20gb (0),1,,13,[CUDA memcpy Host-to-Device]
5404772745,15520,370010,,,,,,,,,,0.197,12667.847,Pinned,Device,NVIDIA A100-SXM4-40GB MIG 4g.20gb (0),1,,13,[CUDA memcpy Host-to-Device]
5404793577,10400,370011,273,1,1,48,1,1,40,0.000,0.001,,,,,NVIDIA A100-SXM4-40GB MIG 4g.20gb (0),1,,13,"void pusch_noise_intf_est::noiseIntfEstNoDftSOfdmKernel<float, __half, float, float, (unsigned int)2, (unsigned int)1, (unsigned char)4, (unsigned char)4>(pusch_noise_intf_est::puschRxNoiseIntfEstDynDescr)"
5404806537,3296,370022,35,1,1,128,1,1,16,0.000,0.000,,,,,NVIDIA A100-SXM4-40GB MIG 4g.20gb (0),1,,13,cupy_copy__complex64_complex64
5404812617,1856,370031,1,1,1,1,1,1,18,0.000,0.000,,,,,NVIDIA A100-SXM4-40GB MIG 4g.20gb (0),1,,13,cupy_copy__float32_float32
5404841577,1920,370037,,,,,,,,,,0.000,2.083,Device,Pageable,NVIDIA A100-SXM4-40GB MIG 4g.20gb (0),1,,7,[CUDA memcpy Device-to-Host]
5404905320,12896,370048,1434,1,1,128,1,1,16,0.000,0.000,,,,,NVIDIA A100-SXM4-40GB MIG 4g.20gb (0),1,,13,cupy_copy__complex64_complex64
5404931271,2880,370055,103,1,1,128,1,1,16,0.000,0.000,,,,,NVIDIA A100-SXM4-40GB MIG 4g.20gb (0),1,,13,cupy_copy__complex64_complex64
5404950503,2272,370062,35,1,1,128,1,1,16,0.000,0.000,,,,,NVIDIA A100-SXM4-40GB MIG 4g.20gb (0),1,,13,cupy_copy__complex64_complex64
5404968487,1792,370069,1,1,1,1,1,1,18,0.000,0.000,,,,,NVIDIA A100-SXM4-40GB MIG 4g.20gb (0),1,,13,cupy_copy__float32_float32
5405099589,81631,370080,1,1,1,32,32,1,30,0.000,0.000,,,,,NVIDIA A100-SXM4-40GB MIG 4g.20gb (0),1,,13,"void convert_kernel<__half2, float2>(tensor_layout_any, T1 *, tensor_layout_any, const T2 *)"
5405209316,5440,370083,,,,,,,,,,0.094,17223.480,Pinned,Device,NVIDIA A100-SXM4-40GB MIG 4g.20gb (0),1,,13,[CUDA memcpy Host-to-Device]
5405223556,3264,370084,,,,,,,,,,1.547,473842.288,Device,,NVIDIA A100-SXM4-40GB MIG 4g.20gb (0),1,,13,[CUDA memset]
5405231044,3040,370089,,,,,,,,,,0.031,10294.725,Pinned,Device,NVIDIA A100-SXM4-40GB MIG 4g.20gb (0),1,,13,[CUDA memcpy Host-to-Device]
5405236740,9792,370090,,,,,,,,,,0.197,20078.395,Pinned,Device,NVIDIA A100-SXM4-40GB MIG 4g.20gb (0),1,,13,[CUDA memcpy Host-to-Device]
5405251332,6623,370091,273,1,1,8,4,1,39,0.002,0.000,,,,,NVIDIA A100-SXM4-40GB MIG 4g.20gb (0),1,,13,"void channel_eq::eqMmseCoefCompLowMimoKernel<float, float, float, (unsigned int)4, (unsigned int)1, (unsigned int)4>(const channel_eq::_puschRxChEqStatDescr *, channel_eq::_puschRxChEqCoefCompDynDescr)"
5405259043,5792,370092,273,1,1,12,11,1,51,0.002,0.000,,,,,NVIDIA A100-SXM4-40GB MIG 4g.20gb (0),1,,13,"void channel_eq::eqMmseSoftDemapKernel<float, __half, __half, float, (unsigned int)4, (unsigned short)16383>(channel_eq::_puschRxChEqStatDescr *, channel_eq::_puschRxChEqSoftDemapDynDescr)"
5405266179,294045,370093,1,1,1,32,32,1,30,0.000,0.000,,,,,NVIDIA A100-SXM4-40GB MIG 4g.20gb (0),1,,13,"void convert_kernel<float2, __half2>(tensor_layout_any, T1 *, tensor_layout_any, const T2 *)"
5405563232,10912,370105,2253,1,1,128,1,1,16,0.000,0.000,,,,,NVIDIA A100-SXM4-40GB MIG 4g.20gb (0),1,,13,cupy_copy__float16_float16
5405576736,3551,370114,282,1,1,128,1,1,16,0.000,0.000,,,,,NVIDIA A100-SXM4-40GB MIG 4g.20gb (0),1,,13,cupy_copy__complex64_complex64
5405582271,2336,370123,26,1,1,128,1,1,16,0.000,0.000,,,,,NVIDIA A100-SXM4-40GB MIG 4g.20gb (0),1,,13,cupy_copy__float32_float32
5405587871,3136,370132,103,1,1,128,1,1,16,0.000,0.000,,,,,NVIDIA A100-SXM4-40GB MIG 4g.20gb (0),1,,13,cupy_copy__complex64_complex64
5405593759,12000,370142,1434,1,1,128,1,1,16,0.000,0.000,,,,,NVIDIA A100-SXM4-40GB MIG 4g.20gb (0),1,,13,cupy_copy__complex64_complex64
5405610143,82879,370147,1,1,1,32,32,1,30,0.000,0.000,,,,,NVIDIA A100-SXM4-40GB MIG 4g.20gb (0),1,,13,"void convert_kernel<__half2, float2>(tensor_layout_any, T1 *, tensor_layout_any, const T2 *)"
5405720670,5792,370150,,,,,,,,,,0.094,16176.708,Pinned,Device,NVIDIA A100-SXM4-40GB MIG 4g.20gb (0),1,,13,[CUDA memcpy Host-to-Device]
5405730782,596600,370151,,,,,,,,,,456.561,765196.973,Device,,NVIDIA A100-SXM4-40GB MIG 4g.20gb (0),1,,13,[CUDA memset]
5406335158,162206,370156,,,,,,,,,,1.235,7613.430,Pinned,Device,NVIDIA A100-SXM4-40GB MIG 4g.20gb (0),1,,13,[CUDA memcpy Host-to-Device]
5406509140,40288,370157,,,,,,,,,,0.197,4880.007,Pinned,Device,NVIDIA A100-SXM4-40GB MIG 4g.20gb (0),1,,13,[CUDA memcpy Host-to-Device]
5406572531,7808,370158,69,4,1,48,1,1,76,0.002,0.000,,,,,NVIDIA A100-SXM4-40GB MIG 4g.20gb (0),1,,13,"void ch_est::windowedChEstPreNoDftSOfdmKernel<float, __half, float, (unsigned int)2, (unsigned int)1, (unsigned short)4>(ch_est::puschRxChEstStatDescr_t *, ch_est::puschRxChEstDynDescr_t *)"
5406591795,6688,370159,137,2,1,24,2,1,44,0.001,0.001,,,,,NVIDIA A100-SXM4-40GB MIG 4g.20gb (0),1,,13,"void ch_est::chEstFilterNoDftSOfdmDispatchKernel<float, __half, float, (unsigned int)2>(ch_est::puschRxChEstStatDescr_t *, ch_est::puschRxChEstDynDescr_t *)"
5406608595,4768,370160,137,2,1,24,2,1,44,0.001,0.001,,,,,NVIDIA A100-SXM4-40GB MIG 4g.20gb (0),1,,13,"void ch_est::chEstFilterNoDftSOfdmDispatchKernel<float, __half, float, (unsigned int)2>(ch_est::puschRxChEstStatDescr_t *, ch_est::puschRxChEstDynDescr_t *)"
5406625555,2656,370171,103,1,1,128,1,1,16,0.000,0.000,,,,,NVIDIA A100-SXM4-40GB MIG 4g.20gb (0),1,,13,cupy_copy__complex64_complex64
5406642354,12512,370181,1434,1,1,128,1,1,16,0.000,0.000,,,,,NVIDIA A100-SXM4-40GB MIG 4g.20gb (0),1,,13,cupy_copy__complex64_complex64
5406663762,2944,370188,103,1,1,128,1,1,16,0.000,0.000,,,,,NVIDIA A100-SXM4-40GB MIG 4g.20gb (0),1,,13,cupy_copy__complex64_complex64
5406690642,90879,370195,1,1,1,32,32,1,30,0.000,0.000,,,,,NVIDIA A100-SXM4-40GB MIG 4g.20gb (0),1,,13,"void convert_kernel<__half2, float2>(tensor_layout_any, T1 *, tensor_layout_any, const T2 *)"
5406814256,31680,370198,,,,,,,,,,0.094,2957.514,Pinned,Device,NVIDIA A100-SXM4-40GB MIG 4g.20gb (0),1,,13,[CUDA memcpy Host-to-Device]
5406867600,47839,370199,,,,,,,,,,35.810,748534.758,Device,,NVIDIA A100-SXM4-40GB MIG 4g.20gb (0),1,,13,[CUDA memset]
5406919119,10144,370201,,,,,,,,,,0.000,7.886,Pinned,Device,NVIDIA A100-SXM4-40GB MIG 4g.20gb (0),1,,13,[CUDA memcpy Host-to-Device]
5406939151,31743,370202,,,,,,,,,,0.197,6193.742,Pinned,Device,NVIDIA A100-SXM4-40GB MIG 4g.20gb (0),1,,13,[CUDA memcpy Host-to-Device]
5406991886,9952,370203,273,1,1,48,1,1,40,0.000,0.001,,,,,NVIDIA A100-SXM4-40GB MIG 4g.20gb (0),1,,13,"void pusch_noise_intf_est::noiseIntfEstNoDftSOfdmKernel<float, __half, float, float, (unsigned int)2, (unsigned int)1, (unsigned char)4, (unsigned char)4>(pusch_noise_intf_est::puschRxNoiseIntfEstDynDescr)"
5407008110,2752,370214,35,1,1,128,1,1,16,0.000,0.000,,,,,NVIDIA A100-SXM4-40GB MIG 4g.20gb (0),1,,13,cupy_copy__complex64_complex64
5407024142,1664,370223,1,1,1,1,1,1,18,0.000,0.000,,,,,NVIDIA A100-SXM4-40GB MIG 4g.20gb (0),1,,13,cupy_copy__float32_float32
5407033070,4831,370229,,,,,,,,,,0.000,0.828,Device,Pageable,NVIDIA A100-SXM4-40GB MIG 4g.20gb (0),1,,7,[CUDA memcpy Device-to-Host]
5407118381,13151,370240,1434,1,1,128,1,1,16,0.000,0.000,,,,,NVIDIA A100-SXM4-40GB MIG 4g.20gb (0),1,,13,cupy_copy__complex64_complex64
5407143852,3392,370247,103,1,1,128,1,1,16,0.000,0.000,,,,,NVIDIA A100-SXM4-40GB MIG 4g.20gb (0),1,,13,cupy_copy__complex64_complex64
5407159564,2464,370254,35,1,1,128,1,1,16,0.000,0.000,,,,,NVIDIA A100-SXM4-40GB MIG 4g.20gb (0),1,,13,cupy_copy__complex64_complex64
5407181196,1888,370261,1,1,1,1,1,1,18,0.000,0.000,,,,,NVIDIA A100-SXM4-40GB MIG 4g.20gb (0),1,,13,cupy_copy__float32_float32
5407304106,82271,370272,1,1,1,32,32,1,30,0.000,0.000,,,,,NVIDIA A100-SXM4-40GB MIG 4g.20gb (0),1,,13,"void convert_kernel<__half2, float2>(tensor_layout_any, T1 *, tensor_layout_any, const T2 *)"
5407414025,5568,370275,,,,,,,,,,0.094,16827.521,Pinned,Device,NVIDIA A100-SXM4-40GB MIG 4g.20gb (0),1,,13,[CUDA memcpy Host-to-Device]
5407428969,3232,370276,,,,,,,,,,1.547,478533.199,Device,,NVIDIA A100-SXM4-40GB MIG 4g.20gb (0),1,,13,[CUDA memset]
5407435625,3648,370281,,,,,,,,,,0.031,8578.922,Pinned,Device,NVIDIA A100-SXM4-40GB MIG 4g.20gb (0),1,,13,[CUDA memcpy Host-to-Device]
5407441769,9951,370282,,,,,,,,,,0.197,19757.531,Pinned,Device,NVIDIA A100-SXM4-40GB MIG 4g.20gb (0),1,,13,[CUDA memcpy Host-to-Device]
5407455624,6400,370283,273,1,1,8,4,1,39,0.002,0.000,,,,,NVIDIA A100-SXM4-40GB MIG 4g.20gb (0),1,,13,"void channel_eq::eqMmseCoefCompLowMimoKernel<float, float, float, (unsigned int)4, (unsigned int)1, (unsigned int)4>(const channel_eq::_puschRxChEqStatDescr *, channel_eq::_puschRxChEqCoefCompDynDescr)"
5407464776,6336,370284,273,1,1,12,11,1,51,0.002,0.000,,,,,NVIDIA A100-SXM4-40GB MIG 4g.20gb (0),1,,13,"void channel_eq::eqMmseSoftDemapKernel<float, __half, __half, float, (unsigned int)4, (unsigned short)16383>(channel_eq::_puschRxChEqStatDescr *, channel_eq::_puschRxChEqSoftDemapDynDescr)"
5407472136,282781,370285,1,1,1,32,32,1,30,0.000,0.000,,,,,NVIDIA A100-SXM4-40GB MIG 4g.20gb (0),1,,13,"void convert_kernel<float2, __half2>(tensor_layout_any, T1 *, tensor_layout_any, const T2 *)"
5407755909,11040,370297,2253,1,1,128,1,1,16,0.000,0.000,,,,,NVIDIA A100-SXM4-40GB MIG 4g.20gb (0),1,,13,cupy_copy__float16_float16
5407770628,3488,370306,282,1,1,128,1,1,16,0.000,0.000,,,,,NVIDIA A100-SXM4-40GB MIG 4g.20gb (0),1,,13,cupy_copy__complex64_complex64
5407776868,2208,370315,26,1,1,128,1,1,16,0.000,0.000,,,,,NVIDIA A100-SXM4-40GB MIG 4g.20gb (0),1,,13,cupy_copy__float32_float32
5407780100,2976,370324,103,1,1,128,1,1,16,0.000,0.000,,,,,NVIDIA A100-SXM4-40GB MIG 4g.20gb (0),1,,13,cupy_copy__complex64_complex64
5407785348,11904,370334,1434,1,1,128,1,1,16,0.000,0.000,,,,,NVIDIA A100-SXM4-40GB MIG 4g.20gb (0),1,,13,cupy_copy__complex64_complex64
5407806500,82687,370339,1,1,1,32,32,1,30,0.000,0.000,,,,,NVIDIA A100-SXM4-40GB MIG 4g.20gb (0),1,,13,"void convert_kernel<__half2, float2>(tensor_layout_any, T1 *, tensor_layout_any, const T2 *)"
5407916707,6560,370342,,,,,,,,,,0.094,14282.925,Pinned,Device,NVIDIA A100-SXM4-40GB MIG 4g.20gb (0),1,,13,[CUDA memcpy Host-to-Device]
5407928003,598552,370343,,,,,,,,,,456.561,762457.605,Device,,NVIDIA A100-SXM4-40GB MIG 4g.20gb (0),1,,13,[CUDA memset]
5408529531,86079,370348,,,,,,,,,,1.235,14346.344,Pinned,Device,NVIDIA A100-SXM4-40GB MIG 4g.20gb (0),1,,13,[CUDA memcpy Host-to-Device]
5408625850,18432,370349,,,,,,,,,,0.197,10666.574,Pinned,Device,NVIDIA A100-SXM4-40GB MIG 4g.20gb (0),1,,13,[CUDA memcpy Host-to-Device]
5408662681,8224,370350,69,4,1,48,1,1,76,0.002,0.000,,,,,NVIDIA A100-SXM4-40GB MIG 4g.20gb (0),1,,13,"void ch_est::windowedChEstPreNoDftSOfdmKernel<float, __half, float, (unsigned int)2, (unsigned int)1, (unsigned short)4>(ch_est::puschRxChEstStatDescr_t *, ch_est::puschRxChEstDynDescr_t *)"
5408672825,6016,370351,137,2,1,24,2,1,44,0.001,0.001,,,,,NVIDIA A100-SXM4-40GB MIG 4g.20gb (0),1,,13,"void ch_est::chEstFilterNoDftSOfdmDispatchKernel<float, __half, float, (unsigned int)2>(ch_est::puschRxChEstStatDescr_t *, ch_est::puschRxChEstDynDescr_t *)"
5408686073,5280,370352,137,2,1,24,2,1,44,0.001,0.001,,,,,NVIDIA A100-SXM4-40GB MIG 4g.20gb (0),1,,13,"void ch_est::chEstFilterNoDftSOfdmDispatchKernel<float, __half, float, (unsigned int)2>(ch_est::puschRxChEstStatDescr_t *, ch_est::puschRxChEstDynDescr_t *)"
5408693433,2912,370363,103,1,1,128,1,1,16,0.000,0.000,,,,,NVIDIA A100-SXM4-40GB MIG 4g.20gb (0),1,,13,cupy_copy__complex64_complex64
5408705401,12544,370373,1434,1,1,128,1,1,16,0.000,0.000,,,,,NVIDIA A100-SXM4-40GB MIG 4g.20gb (0),1,,13,cupy_copy__complex64_complex64
5408733945,2976,370380,103,1,1,128,1,1,16,0.000,0.000,,,,,NVIDIA A100-SXM4-40GB MIG 4g.20gb (0),1,,13,cupy_copy__complex64_complex64
5408747800,89919,370387,1,1,1,32,32,1,30,0.000,0.000,,,,,NVIDIA A100-SXM4-40GB MIG 4g.20gb (0),1,,13,"void convert_kernel<__half2, float2>(tensor_layout_any, T1 *, tensor_layout_any, const T2 *)"
5408869271,13312,370390,,,,,,,,,,0.094,7038.444,Pinned,Device,NVIDIA A100-SXM4-40GB MIG 4g.20gb (0),1,,13,[CUDA memcpy Host-to-Device]
5408899223,47359,370391,,,,,,,,,,35.810,756126.461,Device,,NVIDIA A100-SXM4-40GB MIG 4g.20gb (0),1,,13,[CUDA memset]
5408947158,12928,370393,,,,,,,,,,0.000,6.188,Pinned,Device,NVIDIA A100-SXM4-40GB MIG 4g.20gb (0),1,,13,[CUDA memcpy Host-to-Device]
5408966934,19135,370394,,,,,,,,,,0.197,10274.734,Pinned,Device,NVIDIA A100-SXM4-40GB MIG 4g.20gb (0),1,,13,[CUDA memcpy Host-to-Device]
5409004021,9696,370395,273,1,1,48,1,1,40,0.000,0.001,,,,,NVIDIA A100-SXM4-40GB MIG 4g.20gb (0),1,,13,"void pusch_noise_intf_est::noiseIntfEstNoDftSOfdmKernel<float, __half, float, float, (unsigned int)2, (unsigned int)1, (unsigned char)4, (unsigned char)4>(pusch_noise_intf_est::puschRxNoiseIntfEstDynDescr)"
5409030389,2624,370406,35,1,1,128,1,1,16,0.000,0.000,,,,,NVIDIA A100-SXM4-40GB MIG 4g.20gb (0),1,,13,cupy_copy__complex64_complex64
5409043125,1696,370415,1,1,1,1,1,1,18,0.000,0.000,,,,,NVIDIA A100-SXM4-40GB MIG 4g.20gb (0),1,,13,cupy_copy__float32_float32
5409045909,6528,370421,,,,,,,,,,0.000,0.613,Device,Pageable,NVIDIA A100-SXM4-40GB MIG 4g.20gb (0),1,,7,[CUDA memcpy Device-to-Host]
5409137876,12607,370432,1434,1,1,128,1,1,16,0.000,0.000,,,,,NVIDIA A100-SXM4-40GB MIG 4g.20gb (0),1,,13,cupy_copy__complex64_complex64
5409159507,3296,370439,103,1,1,128,1,1,16,0.000,0.000,,,,,NVIDIA A100-SXM4-40GB MIG 4g.20gb (0),1,,13,cupy_copy__complex64_complex64
5409193811,2272,370446,35,1,1,128,1,1,16,0.000,0.000,,,,,NVIDIA A100-SXM4-40GB MIG 4g.20gb (0),1,,13,cupy_copy__complex64_complex64
5409211667,1696,370453,1,1,1,1,1,1,18,0.000,0.000,,,,,NVIDIA A100-SXM4-40GB MIG 4g.20gb (0),1,,13,cupy_copy__float32_float32
5409332465,88127,370464,1,1,1,32,32,1,30,0.000,0.000,,,,,NVIDIA A100-SXM4-40GB MIG 4g.20gb (0),1,,13,"void convert_kernel<__half2, float2>(tensor_layout_any, T1 *, tensor_layout_any, const T2 *)"
5409453328,17248,370467,,,,,,,,,,0.094,5432.213,Pinned,Device,NVIDIA A100-SXM4-40GB MIG 4g.20gb (0),1,,13,[CUDA memcpy Host-to-Device]
5409484079,3264,370468,,,,,,,,,,1.547,473842.288,Device,,NVIDIA A100-SXM4-40GB MIG 4g.20gb (0),1,,13,[CUDA memset]
5409487791,4960,370473,,,,,,,,,,0.031,6309.649,Pinned,Device,NVIDIA A100-SXM4-40GB MIG 4g.20gb (0),1,,13,[CUDA memcpy Host-to-Device]
5409499247,12896,370474,,,,,,,,,,0.197,15245.574,Pinned,Device,NVIDIA A100-SXM4-40GB MIG 4g.20gb (0),1,,13,[CUDA memcpy Host-to-Device]
5409522479,8512,370475,273,1,1,8,4,1,39,0.002,0.000,,,,,NVIDIA A100-SXM4-40GB MIG 4g.20gb (0),1,,13,"void channel_eq::eqMmseCoefCompLowMimoKernel<float, float, float, (unsigned int)4, (unsigned int)1, (unsigned int)4>(const channel_eq::_puschRxChEqStatDescr *, channel_eq::_puschRxChEqCoefCompDynDescr)"
5409540271,6080,370476,273,1,1,12,11,1,51,0.002,0.000,,,,,NVIDIA A100-SXM4-40GB MIG 4g.20gb (0),1,,13,"void channel_eq::eqMmseSoftDemapKernel<float, __half, __half, float, (unsigned int)4, (unsigned short)16383>(channel_eq::_puschRxChEqStatDescr *, channel_eq::_puschRxChEqSoftDemapDynDescr)"
5409548079,290428,370477,1,1,1,32,32,1,30,0.000,0.000,,,,,NVIDIA A100-SXM4-40GB MIG 4g.20gb (0),1,,13,"void convert_kernel<float2, __half2>(tensor_layout_any, T1 *, tensor_layout_any, const T2 *)"
5409839595,11040,370489,2253,1,1,128,1,1,16,0.000,0.000,,,,,NVIDIA A100-SXM4-40GB MIG 4g.20gb (0),1,,13,cupy_copy__float16_float16
5409854347,3616,370498,282,1,1,128,1,1,16,0.000,0.000,,,,,NVIDIA A100-SXM4-40GB MIG 4g.20gb (0),1,,13,cupy_copy__complex64_complex64
5409859723,2176,370507,26,1,1,128,1,1,16,0.000,0.000,,,,,NVIDIA A100-SXM4-40GB MIG 4g.20gb (0),1,,13,cupy_copy__float32_float32
5409864491,2752,370516,103,1,1,128,1,1,16,0.000,0.000,,,,,NVIDIA A100-SXM4-40GB MIG 4g.20gb (0),1,,13,cupy_copy__complex64_complex64
5409868683,12159,370526,1434,1,1,128,1,1,16,0.000,0.000,,,,,NVIDIA A100-SXM4-40GB MIG 4g.20gb (0),1,,13,cupy_copy__complex64_complex64
5409884170,85951,370531,1,1,1,32,32,1,30,0.000,0.000,,,,,NVIDIA A100-SXM4-40GB MIG 4g.20gb (0),1,,13,"void convert_kernel<__half2, float2>(tensor_layout_any, T1 *, tensor_layout_any, const T2 *)"
5409997833,5920,370534,,,,,,,,,,0.094,15826.941,Pinned,Device,NVIDIA A100-SXM4-40GB MIG 4g.20gb (0),1,,13,[CUDA memcpy Host-to-Device]
5410008617,598393,370535,,,,,,,,,,456.561,762914.166,Device,,NVIDIA A100-SXM4-40GB MIG 4g.20gb (0),1,,13,[CUDA memset]
5410608290,156606,370540,,,,,,,,,,1.235,7885.117,Pinned,Device,NVIDIA A100-SXM4-40GB MIG 4g.20gb (0),1,,13,[CUDA memcpy Host-to-Device]
5410773951,40032,370541,,,,,,,,,,0.197,4911.268,Pinned,Device,NVIDIA A100-SXM4-40GB MIG 4g.20gb (0),1,,13,[CUDA memcpy Host-to-Device]
5410839263,8544,370542,69,4,1,48,1,1,76,0.002,0.000,,,,,NVIDIA A100-SXM4-40GB MIG 4g.20gb (0),1,,13,"void ch_est::windowedChEstPreNoDftSOfdmKernel<float, __half, float, (unsigned int)2, (unsigned int)1, (unsigned short)4>(ch_est::puschRxChEstStatDescr_t *, ch_est::puschRxChEstDynDescr_t *)"
5410857214,6560,370543,137,2,1,24,2,1,44,0.001,0.001,,,,,NVIDIA A100-SXM4-40GB MIG 4g.20gb (0),1,,13,"void ch_est::chEstFilterNoDftSOfdmDispatchKernel<float, __half, float, (unsigned int)2>(ch_est::puschRxChEstStatDescr_t *, ch_est::puschRxChEstDynDescr_t *)"
5410868446,4768,370544,137,2,1,24,2,1,44,0.001,0.001,,,,,NVIDIA A100-SXM4-40GB MIG 4g.20gb (0),1,,13,"void ch_est::chEstFilterNoDftSOfdmDispatchKernel<float, __half, float, (unsigned int)2>(ch_est::puschRxChEstStatDescr_t *, ch_est::puschRxChEstDynDescr_t *)"
5410883998,2528,370555,103,1,1,128,1,1,16,0.000,0.000,,,,,NVIDIA A100-SXM4-40GB MIG 4g.20gb (0),1,,13,cupy_copy__complex64_complex64
5410893310,12608,370565,1434,1,1,128,1,1,16,0.000,0.000,,,,,NVIDIA A100-SXM4-40GB MIG 4g.20gb (0),1,,13,cupy_copy__complex64_complex64
5410912798,2688,370572,103,1,1,128,1,1,16,0.000,0.000,,,,,NVIDIA A100-SXM4-40GB MIG 4g.20gb (0),1,,13,cupy_copy__complex64_complex64
5410922270,84639,370579,1,1,1,32,32,1,30,0.000,0.000,,,,,NVIDIA A100-SXM4-40GB MIG 4g.20gb (0),1,,13,"void convert_kernel<__half2, float2>(tensor_layout_any, T1 *, tensor_layout_any, const T2 *)"
5411037916,13024,370582,,,,,,,,,,0.094,7194.073,Pinned,Device,NVIDIA A100-SXM4-40GB MIG 4g.20gb (0),1,,13,[CUDA memcpy Host-to-Device]
5411065212,46623,370583,,,,,,,,,,35.810,768051.164,Device,,NVIDIA A100-SXM4-40GB MIG 4g.20gb (0),1,,13,[CUDA memset]
5411116955,8544,370585,,,,,,,,,,0.000,9.363,Pinned,Device,NVIDIA A100-SXM4-40GB MIG 4g.20gb (0),1,,13,[CUDA memcpy Host-to-Device]
5411134075,16416,370586,,,,,,,,,,0.197,11976.573,Pinned,Device,NVIDIA A100-SXM4-40GB MIG 4g.20gb (0),1,,13,[CUDA memcpy Host-to-Device]
5411166459,9920,370587,273,1,1,48,1,1,40,0.000,0.001,,,,,NVIDIA A100-SXM4-40GB MIG 4g.20gb (0),1,,13,"void pusch_noise_intf_est::noiseIntfEstNoDftSOfdmKernel<float, __half, float, float, (unsigned int)2, (unsigned int)1, (unsigned char)4, (unsigned char)4>(pusch_noise_intf_est::puschRxNoiseIntfEstDynDescr)"
5411186266,2816,370598,35,1,1,128,1,1,16,0.000,0.000,,,,,NVIDIA A100-SXM4-40GB MIG 4g.20gb (0),1,,13,cupy_copy__complex64_complex64
5411196282,1760,370607,1,1,1,1,1,1,18,0.000,0.000,,,,,NVIDIA A100-SXM4-40GB MIG 4g.20gb (0),1,,13,cupy_copy__float32_float32
5411204794,5728,370613,,,,,,,,,,0.000,0.698,Device,Pageable,NVIDIA A100-SXM4-40GB MIG 4g.20gb (0),1,,7,[CUDA memcpy Device-to-Host]
5411273497,12832,370624,1434,1,1,128,1,1,16,0.000,0.000,,,,,NVIDIA A100-SXM4-40GB MIG 4g.20gb (0),1,,13,cupy_copy__complex64_complex64
5411302585,3008,370631,103,1,1,128,1,1,16,0.000,0.000,,,,,NVIDIA A100-SXM4-40GB MIG 4g.20gb (0),1,,13,cupy_copy__complex64_complex64
5411321369,2176,370638,35,1,1,128,1,1,16,0.000,0.000,,,,,NVIDIA A100-SXM4-40GB MIG 4g.20gb (0),1,,13,cupy_copy__complex64_complex64
5411339576,2016,370645,1,1,1,1,1,1,18,0.000,0.000,,,,,NVIDIA A100-SXM4-40GB MIG 4g.20gb (0),1,,13,cupy_copy__float32_float32
5411472119,82111,370656,1,1,1,32,32,1,30,0.000,0.000,,,,,NVIDIA A100-SXM4-40GB MIG 4g.20gb (0),1,,13,"void convert_kernel<__half2, float2>(tensor_layout_any, T1 *, tensor_layout_any, const T2 *)"
5411581910,5631,370659,,,,,,,,,,0.094,16639.285,Pinned,Device,NVIDIA A100-SXM4-40GB MIG 4g.20gb (0),1,,13,[CUDA memcpy Host-to-Device]
5411595573,3392,370660,,,,,,,,,,1.547,455961.768,Device,,NVIDIA A100-SXM4-40GB MIG 4g.20gb (0),1,,13,[CUDA memset]
5411602421,3520,370665,,,,,,,,,,0.031,8890.881,Pinned,Device,NVIDIA A100-SXM4-40GB MIG 4g.20gb (0),1,,13,[CUDA memcpy Host-to-Device]
5411608693,9376,370666,,,,,,,,,,0.197,20969.226,Pinned,Device,NVIDIA A100-SXM4-40GB MIG 4g.20gb (0),1,,13,[CUDA memcpy Host-to-Device]
5411623637,7072,370667,273,1,1,8,4,1,39,0.002,0.000,,,,,NVIDIA A100-SXM4-40GB MIG 4g.20gb (0),1,,13,"void channel_eq::eqMmseCoefCompLowMimoKernel<float, float, float, (unsigned int)4, (unsigned int)1, (unsigned int)4>(const channel_eq::_puschRxChEqStatDescr *, channel_eq::_puschRxChEqCoefCompDynDescr)"
5411631733,6688,370668,273,1,1,12,11,1,51,0.002,0.000,,,,,NVIDIA A100-SXM4-40GB MIG 4g.20gb (0),1,,13,"void channel_eq::eqMmseSoftDemapKernel<float, __half, __half, float, (unsigned int)4, (unsigned short)16383>(channel_eq::_puschRxChEqStatDescr *, channel_eq::_puschRxChEqSoftDemapDynDescr)"
5411639413,282396,370669,1,1,1,32,32,1,30,0.000,0.000,,,,,NVIDIA A100-SXM4-40GB MIG 4g.20gb (0),1,,13,"void convert_kernel<float2, __half2>(tensor_layout_any, T1 *, tensor_layout_any, const T2 *)"
5411922833,10976,370681,2253,1,1,128,1,1,16,0.000,0.000,,,,,NVIDIA A100-SXM4-40GB MIG 4g.20gb (0),1,,13,cupy_copy__float16_float16
5411935441,3744,370690,282,1,1,128,1,1,16,0.000,0.000,,,,,NVIDIA A100-SXM4-40GB MIG 4g.20gb (0),1,,13,cupy_copy__complex64_complex64
5411943089,2112,370699,26,1,1,128,1,1,16,0.000,0.000,,,,,NVIDIA A100-SXM4-40GB MIG 4g.20gb (0),1,,13,cupy_copy__float32_float32
5411947249,3200,370708,103,1,1,128,1,1,16,0.000,0.000,,,,,NVIDIA A100-SXM4-40GB MIG 4g.20gb (0),1,,13,cupy_copy__complex64_complex64
5411953393,12096,370718,1434,1,1,128,1,1,16,0.000,0.000,,,,,NVIDIA A100-SXM4-40GB MIG 4g.20gb (0),1,,13,cupy_copy__complex64_complex64
5411973169,86623,370723,1,1,1,32,32,1,30,0.000,0.000,,,,,NVIDIA A100-SXM4-40GB MIG 4g.20gb (0),1,,13,"void convert_kernel<__half2, float2>(tensor_layout_any, T1 *, tensor_layout_any, const T2 *)"
5412086671,5728,370726,,,,,,,,,,0.094,16357.541,Pinned,Device,NVIDIA A100-SXM4-40GB MIG 4g.20gb (0),1,,13,[CUDA memcpy Host-to-Device]
5412096495,595705,370727,,,,,,,,,,456.561,766110.096,Device,,NVIDIA A100-SXM4-40GB MIG 4g.20gb (0),1,,13,[CUDA memset]
5412696328,114558,370732,,,,,,,,,,1.235,10779.826,Pinned,Device,NVIDIA A100-SXM4-40GB MIG 4g.20gb (0),1,,13,[CUDA memcpy Host-to-Device]
5412824518,40384,370733,,,,,,,,,,0.197,4868.407,Pinned,Device,NVIDIA A100-SXM4-40GB MIG 4g.20gb (0),1,,13,[CUDA memcpy Host-to-Device]
5412893925,8448,370734,69,4,1,48,1,1,76,0.002,0.000,,,,,NVIDIA A100-SXM4-40GB MIG 4g.20gb (0),1,,13,"void ch_est::windowedChEstPreNoDftSOfdmKernel<float, __half, float, (unsigned int)2, (unsigned int)1, (unsigned short)4>(ch_est::puschRxChEstStatDescr_t *, ch_est::puschRxChEstDynDescr_t *)"
5412911845,7040,370735,137,2,1,24,2,1,44,0.001,0.001,,,,,NVIDIA A100-SXM4-40GB MIG 4g.20gb (0),1,,13,"void ch_est::chEstFilterNoDftSOfdmDispatchKernel<float, __half, float, (unsigned int)2>(ch_est::puschRxChEstStatDescr_t *, ch_est::puschRxChEstDynDescr_t *)"
5412928933,4736,370736,137,2,1,24,2,1,44,0.001,0.001,,,,,NVIDIA A100-SXM4-40GB MIG 4g.20gb (0),1,,13,"void ch_est::chEstFilterNoDftSOfdmDispatchKernel<float, __half, float, (unsigned int)2>(ch_est::puschRxChEstStatDescr_t *, ch_est::puschRxChEstDynDescr_t *)"
5412945669,2528,370747,103,1,1,128,1,1,16,0.000,0.000,,,,,NVIDIA A100-SXM4-40GB MIG 4g.20gb (0),1,,13,cupy_copy__complex64_complex64
5412965028,12544,370757,1434,1,1,128,1,1,16,0.000,0.000,,,,,NVIDIA A100-SXM4-40GB MIG 4g.20gb (0),1,,13,cupy_copy__complex64_complex64
5412983556,2912,370764,103,1,1,128,1,1,16,0.000,0.000,,,,,NVIDIA A100-SXM4-40GB MIG 4g.20gb (0),1,,13,cupy_copy__complex64_complex64
5413005540,91295,370771,1,1,1,32,32,1,30,0.000,0.000,,,,,NVIDIA A100-SXM4-40GB MIG 4g.20gb (0),1,,13,"void convert_kernel<__half2, float2>(tensor_layout_any, T1 *, tensor_layout_any, const T2 *)"
5413128738,23296,370774,,,,,,,,,,0.094,4021.901,Pinned,Device,NVIDIA A100-SXM4-40GB MIG 4g.20gb (0),1,,13,[CUDA memcpy Host-to-Device]
5413172482,47679,370775,,,,,,,,,,35.810,751041.452,Device,,NVIDIA A100-SXM4-40GB MIG 4g.20gb (0),1,,13,[CUDA memset]
5413225121,4256,370777,,,,,,,,,,0.000,18.797,Pinned,Device,NVIDIA A100-SXM4-40GB MIG 4g.20gb (0),1,,13,[CUDA memcpy Host-to-Device]
5413237057,20480,370778,,,,,,,,,,0.197,9599.975,Pinned,Device,NVIDIA A100-SXM4-40GB MIG 4g.20gb (0),1,,13,[CUDA memcpy Host-to-Device]
5413269153,12256,370779,273,1,1,48,1,1,40,0.000,0.001,,,,,NVIDIA A100-SXM4-40GB MIG 4g.20gb (0),1,,13,"void pusch_noise_intf_est::noiseIntfEstNoDftSOfdmKernel<float, __half, float, float, (unsigned int)2, (unsigned int)1, (unsigned char)4, (unsigned char)4>(pusch_noise_intf_est::puschRxNoiseIntfEstDynDescr)"
5413284417,3007,370790,35,1,1,128,1,1,16,0.000,0.000,,,,,NVIDIA A100-SXM4-40GB MIG 4g.20gb (0),1,,13,cupy_copy__complex64_complex64
5413292384,2336,370799,1,1,1,1,1,1,18,0.000,0.000,,,,,NVIDIA A100-SXM4-40GB MIG 4g.20gb (0),1,,13,cupy_copy__float32_float32
5413300896,4608,370805,,,,,,,,,,0.000,0.868,Device,Pageable,NVIDIA A100-SXM4-40GB MIG 4g.20gb (0),1,,7,[CUDA memcpy Device-to-Host]
5413376031,12800,370816,1434,1,1,128,1,1,16,0.000,0.000,,,,,NVIDIA A100-SXM4-40GB MIG 4g.20gb (0),1,,13,cupy_copy__complex64_complex64
5413407327,3008,370823,103,1,1,128,1,1,16,0.000,0.000,,,,,NVIDIA A100-SXM4-40GB MIG 4g.20gb (0),1,,13,cupy_copy__complex64_complex64
5413416671,2688,370830,35,1,1,128,1,1,16,0.000,0.000,,,,,NVIDIA A100-SXM4-40GB MIG 4g.20gb (0),1,,13,cupy_copy__complex64_complex64
5413439871,1888,370837,1,1,1,1,1,1,18,0.000,0.000,,,,,NVIDIA A100-SXM4-40GB MIG 4g.20gb (0),1,,13,cupy_copy__float32_float32
5413573277,83903,370848,1,1,1,32,32,1,30,0.000,0.000,,,,,NVIDIA A100-SXM4-40GB MIG 4g.20gb (0),1,,13,"void convert_kernel<__half2, float2>(tensor_layout_any, T1 *, tensor_layout_any, const T2 *)"
5413685532,5472,370851,,,,,,,,,,0.094,17122.757,Pinned,Device,NVIDIA A100-SXM4-40GB MIG 4g.20gb (0),1,,13,[CUDA memcpy Host-to-Device]
5413699323,3264,370852,,,,,,,,,,1.547,473842.288,Device,,NVIDIA A100-SXM4-40GB MIG 4g.20gb (0),1,,13,[CUDA memset]
5413706171,3072,370857,,,,,,,,,,0.031,10187.474,Pinned,Device,NVIDIA A100-SXM4-40GB MIG 4g.20gb (0),1,,13,[CUDA memcpy Host-to-Device]
5413711963,9536,370858,,,,,,,,,,0.197,20617.298,Pinned,Device,NVIDIA A100-SXM4-40GB MIG 4g.20gb (0),1,,13,[CUDA memcpy Host-to-Device]
5413726459,6400,370859,273,1,1,8,4,1,39,0.002,0.000,,,,,NVIDIA A100-SXM4-40GB MIG 4g.20gb (0),1,,13,"void channel_eq::eqMmseCoefCompLowMimoKernel<float, float, float, (unsigned int)4, (unsigned int)1, (unsigned int)4>(const channel_eq::_puschRxChEqStatDescr *, channel_eq::_puschRxChEqCoefCompDynDescr)"
5413736603,5952,370860,273,1,1,12,11,1,51,0.002,0.000,,,,,NVIDIA A100-SXM4-40GB MIG 4g.20gb (0),1,,13,"void channel_eq::eqMmseSoftDemapKernel<float, __half, __half, float, (unsigned int)4, (unsigned short)16383>(channel_eq::_puschRxChEqStatDescr *, channel_eq::_puschRxChEqSoftDemapDynDescr)"
5413743707,295164,370861,1,1,1,32,32,1,30,0.000,0.000,,,,,NVIDIA A100-SXM4-40GB MIG 4g.20gb (0),1,,13,"void convert_kernel<float2, __half2>(tensor_layout_any, T1 *, tensor_layout_any, const T2 *)"
5414039863,10944,370873,2253,1,1,128,1,1,16,0.000,0.000,,,,,NVIDIA A100-SXM4-40GB MIG 4g.20gb (0),1,,13,cupy_copy__float16_float16
5414054423,3168,370882,282,1,1,128,1,1,16,0.000,0.000,,,,,NVIDIA A100-SXM4-40GB MIG 4g.20gb (0),1,,13,cupy_copy__complex64_complex64
5414060407,1984,370891,26,1,1,128,1,1,16,0.000,0.000,,,,,NVIDIA A100-SXM4-40GB MIG 4g.20gb (0),1,,13,cupy_copy__float32_float32
5414065783,2784,370900,103,1,1,128,1,1,16,0.000,0.000,,,,,NVIDIA A100-SXM4-40GB MIG 4g.20gb (0),1,,13,cupy_copy__complex64_complex64
5414070519,12096,370910,1434,1,1,128,1,1,16,0.000,0.000,,,,,NVIDIA A100-SXM4-40GB MIG 4g.20gb (0),1,,13,cupy_copy__complex64_complex64
5414084599,82751,370915,1,1,1,32,32,1,30,0.000,0.000,,,,,NVIDIA A100-SXM4-40GB MIG 4g.20gb (0),1,,13,"void convert_kernel<__half2, float2>(tensor_layout_any, T1 *, tensor_layout_any, const T2 *)"
5414194005,5376,370918,,,,,,,,,,0.094,17428.487,Pinned,Device,NVIDIA A100-SXM4-40GB MIG 4g.20gb (0),1,,13,[CUDA memcpy Host-to-Device]
5414204277,596377,370919,,,,,,,,,,456.561,765196.973,Device,,NVIDIA A100-SXM4-40GB MIG 4g.20gb (0),1,,13,[CUDA memset]
5414805838,154718,370924,,,,,,,,,,1.235,7981.443,Pinned,Device,NVIDIA A100-SXM4-40GB MIG 4g.20gb (0),1,,13,[CUDA memcpy Host-to-Device]
5414972492,44959,370925,,,,,,,,,,0.197,4372.955,Pinned,Device,NVIDIA A100-SXM4-40GB MIG 4g.20gb (0),1,,13,[CUDA memcpy Host-to-Device]
5415035595,8224,370926,69,4,1,48,1,1,76,0.002,0.000,,,,,NVIDIA A100-SXM4-40GB MIG 4g.20gb (0),1,,13,"void ch_est::windowedChEstPreNoDftSOfdmKernel<float, __half, float, (unsigned int)2, (unsigned int)1, (unsigned short)4>(ch_est::puschRxChEstStatDescr_t *, ch_est::puschRxChEstDynDescr_t *)"
5415050283,6720,370927,137,2,1,24,2,1,44,0.001,0.001,,,,,NVIDIA A100-SXM4-40GB MIG 4g.20gb (0),1,,13,"void ch_est::chEstFilterNoDftSOfdmDispatchKernel<float, __half, float, (unsigned int)2>(ch_est::puschRxChEstStatDescr_t *, ch_est::puschRxChEstDynDescr_t *)"
5415063243,4768,370928,137,2,1,24,2,1,44,0.001,0.001,,,,,NVIDIA A100-SXM4-40GB MIG 4g.20gb (0),1,,13,"void ch_est::chEstFilterNoDftSOfdmDispatchKernel<float, __half, float, (unsigned int)2>(ch_est::puschRxChEstStatDescr_t *, ch_est::puschRxChEstDynDescr_t *)"
5415075658,2624,370939,103,1,1,128,1,1,16,0.000,0.000,,,,,NVIDIA A100-SXM4-40GB MIG 4g.20gb (0),1,,13,cupy_copy__complex64_complex64
5415084170,12896,370949,1434,1,1,128,1,1,16,0.000,0.000,,,,,NVIDIA A100-SXM4-40GB MIG 4g.20gb (0),1,,13,cupy_copy__complex64_complex64
5415113162,2560,370956,103,1,1,128,1,1,16,0.000,0.000,,,,,NVIDIA A100-SXM4-40GB MIG 4g.20gb (0),1,,13,cupy_copy__complex64_complex64
5415130154,82655,370963,1,1,1,32,32,1,30,0.000,0.000,,,,,NVIDIA A100-SXM4-40GB MIG 4g.20gb (0),1,,13,"void convert_kernel<__half2, float2>(tensor_layout_any, T1 *, tensor_layout_any, const T2 *)"
5415247080,18080,370966,,,,,,,,,,0.094,5182.232,Pinned,Device,NVIDIA A100-SXM4-40GB MIG 4g.20gb (0),1,,13,[CUDA memcpy Host-to-Device]
5415278824,47327,370967,,,,,,,,,,35.810,756627.800,Device,,NVIDIA A100-SXM4-40GB MIG 4g.20gb (0),1,,13,[CUDA memset]
5415331463,13984,370969,,,,,,,,,,0.000,5.721,Pinned,Device,NVIDIA A100-SXM4-40GB MIG 4g.20gb (0),1,,13,[CUDA memcpy Host-to-Device]
5415352103,31488,370970,,,,,,,,,,0.197,6243.877,Pinned,Device,NVIDIA A100-SXM4-40GB MIG 4g.20gb (0),1,,13,[CUDA memcpy Host-to-Device]
5415408966,9632,370971,273,1,1,48,1,1,40,0.000,0.001,,,,,NVIDIA A100-SXM4-40GB MIG 4g.20gb (0),1,,13,"void pusch_noise_intf_est::noiseIntfEstNoDftSOfdmKernel<float, __half, float, float, (unsigned int)2, (unsigned int)1, (unsigned char)4, (unsigned char)4>(pusch_noise_intf_est::puschRxNoiseIntfEstDynDescr)"
5415424646,2752,370982,35,1,1,128,1,1,16,0.000,0.000,,,,,NVIDIA A100-SXM4-40GB MIG 4g.20gb (0),1,,13,cupy_copy__complex64_complex64
5415441382,1728,370991,1,1,1,1,1,1,18,0.000,0.000,,,,,NVIDIA A100-SXM4-40GB MIG 4g.20gb (0),1,,13,cupy_copy__float32_float32
5415450246,7200,370997,,,,,,,,,,0.000,0.556,Device,Pageable,NVIDIA A100-SXM4-40GB MIG 4g.20gb (0),1,,7,[CUDA memcpy Device-to-Host]
5415544293,12928,371008,1434,1,1,128,1,1,16,0.000,0.000,,,,,NVIDIA A100-SXM4-40GB MIG 4g.20gb (0),1,,13,cupy_copy__complex64_complex64
5415564868,3040,371015,103,1,1,128,1,1,16,0.000,0.000,,,,,NVIDIA A100-SXM4-40GB MIG 4g.20gb (0),1,,13,cupy_copy__complex64_complex64
5415586564,2816,371022,35,1,1,128,1,1,16,0.000,0.000,,,,,NVIDIA A100-SXM4-40GB MIG 4g.20gb (0),1,,13,cupy_copy__complex64_complex64
5415600324,1856,371029,1,1,1,1,1,1,18,0.000,0.000,,,,,NVIDIA A100-SXM4-40GB MIG 4g.20gb (0),1,,13,cupy_copy__float32_float32
5415733634,89279,371040,1,1,1,32,32,1,30,0.000,0.000,,,,,NVIDIA A100-SXM4-40GB MIG 4g.20gb (0),1,,13,"void convert_kernel<__half2, float2>(tensor_layout_any, T1 *, tensor_layout_any, const T2 *)"
5415852065,13344,371043,,,,,,,,,,0.094,7021.578,Pinned,Device,NVIDIA A100-SXM4-40GB MIG 4g.20gb (0),1,,13,[CUDA memcpy Host-to-Device]
5415875457,3456,371044,,,,,,,,,,1.547,447517.201,Device,,NVIDIA A100-SXM4-40GB MIG 4g.20gb (0),1,,13,[CUDA memset]
5415885120,6048,371049,,,,,,,,,,0.031,5174.575,Pinned,Device,NVIDIA A100-SXM4-40GB MIG 4g.20gb (0),1,,13,[CUDA memcpy Host-to-Device]
5415894176,17824,371050,,,,,,,,,,0.197,11030.495,Pinned,Device,NVIDIA A100-SXM4-40GB MIG 4g.20gb (0),1,,13,[CUDA memcpy Host-to-Device]
5415922336,8448,371051,273,1,1,8,4,1,39,0.002,0.000,,,,,NVIDIA A100-SXM4-40GB MIG 4g.20gb (0),1,,13,"void channel_eq::eqMmseCoefCompLowMimoKernel<float, float, float, (unsigned int)4, (unsigned int)1, (unsigned int)4>(const channel_eq::_puschRxChEqStatDescr *, channel_eq::_puschRxChEqCoefCompDynDescr)"
5415937312,8352,371052,273,1,1,12,11,1,51,0.002,0.000,,,,,NVIDIA A100-SXM4-40GB MIG 4g.20gb (0),1,,13,"void channel_eq::eqMmseSoftDemapKernel<float, __half, __half, float, (unsigned int)4, (unsigned short)16383>(channel_eq::_puschRxChEqStatDescr *, channel_eq::_puschRxChEqSoftDemapDynDescr)"
5415951968,290204,371053,1,1,1,32,32,1,30,0.000,0.000,,,,,NVIDIA A100-SXM4-40GB MIG 4g.20gb (0),1,,13,"void convert_kernel<float2, __half2>(tensor_layout_any, T1 *, tensor_layout_any, const T2 *)"
5416243100,11168,371065,2253,1,1,128,1,1,16,0.000,0.000,,,,,NVIDIA A100-SXM4-40GB MIG 4g.20gb (0),1,,13,cupy_copy__float16_float16
5416256444,3616,371074,282,1,1,128,1,1,16,0.000,0.000,,,,,NVIDIA A100-SXM4-40GB MIG 4g.20gb (0),1,,13,cupy_copy__complex64_complex64
5416264540,2080,371083,26,1,1,128,1,1,16,0.000,0.000,,,,,NVIDIA A100-SXM4-40GB MIG 4g.20gb (0),1,,13,cupy_copy__float32_float32
5416268380,4704,371092,103,1,1,128,1,1,16,0.000,0.000,,,,,NVIDIA A100-SXM4-40GB MIG 4g.20gb (0),1,,13,cupy_copy__complex64_complex64
5416275356,12224,371102,1434,1,1,128,1,1,16,0.000,0.000,,,,,NVIDIA A100-SXM4-40GB MIG 4g.20gb (0),1,,13,cupy_copy__complex64_complex64
5416288892,81823,371107,1,1,1,32,32,1,30,0.000,0.000,,,,,NVIDIA A100-SXM4-40GB MIG 4g.20gb (0),1,,13,"void convert_kernel<__half2, float2>(tensor_layout_any, T1 *, tensor_layout_any, const T2 *)"
5416398138,6144,371110,,,,,,,,,,0.094,15249.961,Pinned,Device,NVIDIA A100-SXM4-40GB MIG 4g.20gb (0),1,,13,[CUDA memcpy Host-to-Device]
5416408922,599321,371111,,,,,,,,,,456.561,761544.482,Device,,NVIDIA A100-SXM4-40GB MIG 4g.20gb (0),1,,13,[CUDA memset]
5417012851,76671,371116,,,,,,,,,,1.235,16106.140,Pinned,Device,NVIDIA A100-SXM4-40GB MIG 4g.20gb (0),1,,13,[CUDA memcpy Host-to-Device]
5417096626,17343,371117,,,,,,,,,,0.197,11336.417,Pinned,Device,NVIDIA A100-SXM4-40GB MIG 4g.20gb (0),1,,13,[CUDA memcpy Host-to-Device]
5417124177,8128,371118,69,4,1,48,1,1,76,0.002,0.000,,,,,NVIDIA A100-SXM4-40GB MIG 4g.20gb (0),1,,13,"void ch_est::windowedChEstPreNoDftSOfdmKernel<float, __half, float, (unsigned int)2, (unsigned int)1, (unsigned short)4>(ch_est::puschRxChEstStatDescr_t *, ch_est::puschRxChEstDynDescr_t *)"
5417139857,7104,371119,137,2,1,24,2,1,44,0.001,0.001,,,,,NVIDIA A100-SXM4-40GB MIG 4g.20gb (0),1,,13,"void ch_est::chEstFilterNoDftSOfdmDispatchKernel<float, __half, float, (unsigned int)2>(ch_est::puschRxChEstStatDescr_t *, ch_est::puschRxChEstDynDescr_t *)"
5417149137,5728,371120,137,2,1,24,2,1,44,0.001,0.001,,,,,NVIDIA A100-SXM4-40GB MIG 4g.20gb (0),1,,13,"void ch_est::chEstFilterNoDftSOfdmDispatchKernel<float, __half, float, (unsigned int)2>(ch_est::puschRxChEstStatDescr_t *, ch_est::puschRxChEstDynDescr_t *)"
5417158257,2752,371131,103,1,1,128,1,1,16,0.000,0.000,,,,,NVIDIA A100-SXM4-40GB MIG 4g.20gb (0),1,,13,cupy_copy__complex64_complex64
5417166097,12448,371141,1434,1,1,128,1,1,16,0.000,0.000,,,,,NVIDIA A100-SXM4-40GB MIG 4g.20gb (0),1,,13,cupy_copy__complex64_complex64
5417181297,2527,371148,103,1,1,128,1,1,16,0.000,0.000,,,,,NVIDIA A100-SXM4-40GB MIG 4g.20gb (0),1,,13,cupy_copy__complex64_complex64
5417189616,88767,371155,1,1,1,32,32,1,30,0.000,0.000,,,,,NVIDIA A100-SXM4-40GB MIG 4g.20gb (0),1,,13,"void convert_kernel<__half2, float2>(tensor_layout_any, T1 *, tensor_layout_any, const T2 *)"
5417306863,12608,371158,,,,,,,,,,0.094,7431.405,Pinned,Device,NVIDIA A100-SXM4-40GB MIG 4g.20gb (0),1,,13,[CUDA memcpy Host-to-Device]
5417324303,48607,371159,,,,,,,,,,35.810,736717.484,Device,,NVIDIA A100-SXM4-40GB MIG 4g.20gb (0),1,,13,[CUDA memset]
5417375918,6688,371161,,,,,,,,,,0.000,11.962,Pinned,Device,NVIDIA A100-SXM4-40GB MIG 4g.20gb (0),1,,13,[CUDA memcpy Host-to-Device]
5417390606,15200,371162,,,,,,,,,,0.197,12934.644,Pinned,Device,NVIDIA A100-SXM4-40GB MIG 4g.20gb (0),1,,13,[CUDA memcpy Host-to-Device]
5417421422,9823,371163,273,1,1,48,1,1,40,0.000,0.001,,,,,NVIDIA A100-SXM4-40GB MIG 4g.20gb (0),1,,13,"void pusch_noise_intf_est::noiseIntfEstNoDftSOfdmKernel<float, __half, float, float, (unsigned int)2, (unsigned int)1, (unsigned char)4, (unsigned char)4>(pusch_noise_intf_est::puschRxNoiseIntfEstDynDescr)"
5417434509,2752,371174,35,1,1,128,1,1,16,0.000,0.000,,,,,NVIDIA A100-SXM4-40GB MIG 4g.20gb (0),1,,13,cupy_copy__complex64_complex64
5417441901,1856,371183,1,1,1,1,1,1,18,0.000,0.000,,,,,NVIDIA A100-SXM4-40GB MIG 4g.20gb (0),1,,13,cupy_copy__float32_float32
5417458797,1696,371189,,,,,,,,,,0.000,2.358,Device,Pageable,NVIDIA A100-SXM4-40GB MIG 4g.20gb (0),1,,7,[CUDA memcpy Device-to-Host]
5417520716,12608,371200,1434,1,1,128,1,1,16,0.000,0.000,,,,,NVIDIA A100-SXM4-40GB MIG 4g.20gb (0),1,,13,cupy_copy__complex64_complex64
5417547820,2912,371207,103,1,1,128,1,1,16,0.000,0.000,,,,,NVIDIA A100-SXM4-40GB MIG 4g.20gb (0),1,,13,cupy_copy__complex64_complex64
5417569548,2816,371214,35,1,1,128,1,1,16,0.000,0.000,,,,,NVIDIA A100-SXM4-40GB MIG 4g.20gb (0),1,,13,cupy_copy__complex64_complex64
5417586028,1760,371221,1,1,1,1,1,1,18,0.000,0.000,,,,,NVIDIA A100-SXM4-40GB MIG 4g.20gb (0),1,,13,cupy_copy__float32_float32
5417716906,81951,371232,1,1,1,32,32,1,30,0.000,0.000,,,,,NVIDIA A100-SXM4-40GB MIG 4g.20gb (0),1,,13,"void convert_kernel<__half2, float2>(tensor_layout_any, T1 *, tensor_layout_any, const T2 *)"
5417826025,5664,371235,,,,,,,,,,0.094,16542.310,Pinned,Device,NVIDIA A100-SXM4-40GB MIG 4g.20gb (0),1,,13,[CUDA memcpy Host-to-Device]
5417843080,3264,371236,,,,,,,,,,1.547,473842.288,Device,,NVIDIA A100-SXM4-40GB MIG 4g.20gb (0),1,,13,[CUDA memset]
5417849896,3488,371241,,,,,,,,,,0.031,8972.469,Pinned,Device,NVIDIA A100-SXM4-40GB MIG 4g.20gb (0),1,,13,[CUDA memcpy Host-to-Device]
5417856136,9792,371242,,,,,,,,,,0.197,20078.395,Pinned,Device,NVIDIA A100-SXM4-40GB MIG 4g.20gb (0),1,,13,[CUDA memcpy Host-to-Device]
5417870632,8160,371243,273,1,1,8,4,1,39,0.002,0.000,,,,,NVIDIA A100-SXM4-40GB MIG 4g.20gb (0),1,,13,"void channel_eq::eqMmseCoefCompLowMimoKernel<float, float, float, (unsigned int)4, (unsigned int)1, (unsigned int)4>(const channel_eq::_puschRxChEqStatDescr *, channel_eq::_puschRxChEqCoefCompDynDescr)"
5417880968,6272,371244,273,1,1,12,11,1,51,0.002,0.000,,,,,NVIDIA A100-SXM4-40GB MIG 4g.20gb (0),1,,13,"void channel_eq::eqMmseSoftDemapKernel<float, __half, __half, float, (unsigned int)4, (unsigned short)16383>(channel_eq::_puschRxChEqStatDescr *, channel_eq::_puschRxChEqSoftDemapDynDescr)"
5417889064,280892,371245,1,1,1,32,32,1,30,0.000,0.000,,,,,NVIDIA A100-SXM4-40GB MIG 4g.20gb (0),1,,13,"void convert_kernel<float2, __half2>(tensor_layout_any, T1 *, tensor_layout_any, const T2 *)"
5418171268,10912,371257,2253,1,1,128,1,1,16,0.000,0.000,,,,,NVIDIA A100-SXM4-40GB MIG 4g.20gb (0),1,,13,cupy_copy__float16_float16
5418186244,3424,371266,282,1,1,128,1,1,16,0.000,0.000,,,,,NVIDIA A100-SXM4-40GB MIG 4g.20gb (0),1,,13,cupy_copy__complex64_complex64
5418190916,2304,371275,26,1,1,128,1,1,16,0.000,0.000,,,,,NVIDIA A100-SXM4-40GB MIG 4g.20gb (0),1,,13,cupy_copy__float32_float32
5418195204,2912,371284,103,1,1,128,1,1,16,0.000,0.000,,,,,NVIDIA A100-SXM4-40GB MIG 4g.20gb (0),1,,13,cupy_copy__complex64_complex64
5418251491,12032,371300,1434,1,1,128,1,1,16,0.000,0.000,,,,,NVIDIA A100-SXM4-40GB MIG 4g.20gb (0),1,,13,cupy_copy__complex64_complex64
5418364738,82335,371305,1,1,1,32,32,1,30,0.000,0.000,,,,,NVIDIA A100-SXM4-40GB MIG 4g.20gb (0),1,,13,"void convert_kernel<__half2, float2>(tensor_layout_any, T1 *, tensor_layout_any, const T2 *)"
5418474081,5664,371308,,,,,,,,,,0.094,16542.310,Pinned,Device,NVIDIA A100-SXM4-40GB MIG 4g.20gb (0),1,,13,[CUDA memcpy Host-to-Device]
5418485216,597369,371309,,,,,,,,,,456.561,764283.851,Device,,NVIDIA A100-SXM4-40GB MIG 4g.20gb (0),1,,13,[CUDA memset]
5419086425,87647,371314,,,,,,,,,,1.235,14089.476,Pinned,Device,NVIDIA A100-SXM4-40GB MIG 4g.20gb (0),1,,13,[CUDA memcpy Host-to-Device]
5419180600,16128,371315,,,,,,,,,,0.197,12190.286,Pinned,Device,NVIDIA A100-SXM4-40GB MIG 4g.20gb (0),1,,13,[CUDA memcpy Host-to-Device]
5419205528,8575,371316,69,4,1,48,1,1,76,0.002,0.000,,,,,NVIDIA A100-SXM4-40GB MIG 4g.20gb (0),1,,13,"void ch_est::windowedChEstPreNoDftSOfdmKernel<float, __half, float, (unsigned int)2, (unsigned int)1, (unsigned short)4>(ch_est::puschRxChEstStatDescr_t *, ch_est::puschRxChEstDynDescr_t *)"
5419221111,6496,371317,137,2,1,24,2,1,44,0.001,0.001,,,,,NVIDIA A100-SXM4-40GB MIG 4g.20gb (0),1,,13,"void ch_est::chEstFilterNoDftSOfdmDispatchKernel<float, __half, float, (unsigned int)2>(ch_est::puschRxChEstStatDescr_t *, ch_est::puschRxChEstDynDescr_t *)"
5419229207,6304,371318,137,2,1,24,2,1,44,0.001,0.001,,,,,NVIDIA A100-SXM4-40GB MIG 4g.20gb (0),1,,13,"void ch_est::chEstFilterNoDftSOfdmDispatchKernel<float, __half, float, (unsigned int)2>(ch_est::puschRxChEstStatDescr_t *, ch_est::puschRxChEstDynDescr_t *)"
5419238903,2848,371329,103,1,1,128,1,1,16,0.000,0.000,,,,,NVIDIA A100-SXM4-40GB MIG 4g.20gb (0),1,,13,cupy_copy__complex64_complex64
5419247799,12512,371339,1434,1,1,128,1,1,16,0.000,0.000,,,,,NVIDIA A100-SXM4-40GB MIG 4g.20gb (0),1,,13,cupy_copy__complex64_complex64
5419265111,2880,371346,103,1,1,128,1,1,16,0.000,0.000,,,,,NVIDIA A100-SXM4-40GB MIG 4g.20gb (0),1,,13,cupy_copy__complex64_complex64
5419275223,83487,371353,1,1,1,32,32,1,30,0.000,0.000,,,,,NVIDIA A100-SXM4-40GB MIG 4g.20gb (0),1,,13,"void convert_kernel<__half2, float2>(tensor_layout_any, T1 *, tensor_layout_any, const T2 *)"
5419390485,10272,371356,,,,,,,,,,0.094,9121.493,Pinned,Device,NVIDIA A100-SXM4-40GB MIG 4g.20gb (0),1,,13,[CUDA memcpy Host-to-Device]
5419410165,47199,371357,,,,,,,,,,35.810,758668.965,Device,,NVIDIA A100-SXM4-40GB MIG 4g.20gb (0),1,,13,[CUDA memset]
5419458708,8480,371359,,,,,,,,,,0.000,9.434,Pinned,Device,NVIDIA A100-SXM4-40GB MIG 4g.20gb (0),1,,13,[CUDA memcpy Host-to-Device]
5419472340,20736,371360,,,,,,,,,,0.197,9481.421,Pinned,Device,NVIDIA A100-SXM4-40GB MIG 4g.20gb (0),1,,13,[CUDA memcpy Host-to-Device]
5419504788,11808,371361,273,1,1,48,1,1,40,0.000,0.001,,,,,NVIDIA A100-SXM4-40GB MIG 4g.20gb (0),1,,13,"void pusch_noise_intf_est::noiseIntfEstNoDftSOfdmKernel<float, __half, float, float, (unsigned int)2, (unsigned int)1, (unsigned char)4, (unsigned char)4>(pusch_noise_intf_est::puschRxNoiseIntfEstDynDescr)"
5419521076,2720,371372,35,1,1,128,1,1,16,0.000,0.000,,,,,NVIDIA A100-SXM4-40GB MIG 4g.20gb (0),1,,13,cupy_copy__complex64_complex64
5419530324,1824,371381,1,1,1,1,1,1,18,0.000,0.000,,,,,NVIDIA A100-SXM4-40GB MIG 4g.20gb (0),1,,13,cupy_copy__float32_float32
5419544371,6144,371387,,,,,,,,,,0.000,0.651,Device,Pageable,NVIDIA A100-SXM4-40GB MIG 4g.20gb (0),1,,7,[CUDA memcpy Device-to-Host]
5419613651,12831,371398,1434,1,1,128,1,1,16,0.000,0.000,,,,,NVIDIA A100-SXM4-40GB MIG 4g.20gb (0),1,,13,cupy_copy__complex64_complex64
5419642738,3360,371405,103,1,1,128,1,1,16,0.000,0.000,,,,,NVIDIA A100-SXM4-40GB MIG 4g.20gb (0),1,,13,cupy_copy__complex64_complex64
5419658514,2176,371412,35,1,1,128,1,1,16,0.000,0.000,,,,,NVIDIA A100-SXM4-40GB MIG 4g.20gb (0),1,,13,cupy_copy__complex64_complex64
5419675986,1760,371419,1,1,1,1,1,1,18,0.000,0.000,,,,,NVIDIA A100-SXM4-40GB MIG 4g.20gb (0),1,,13,cupy_copy__float32_float32
5419810608,87263,371430,1,1,1,32,32,1,30,0.000,0.000,,,,,NVIDIA A100-SXM4-40GB MIG 4g.20gb (0),1,,13,"void convert_kernel<__half2, float2>(tensor_layout_any, T1 *, tensor_layout_any, const T2 *)"
5419924911,5984,371433,,,,,,,,,,0.094,15657.726,Pinned,Device,NVIDIA A100-SXM4-40GB MIG 4g.20gb (0),1,,13,[CUDA memcpy Host-to-Device]
5419938863,3360,371434,,,,,,,,,,1.547,460304.688,Device,,NVIDIA A100-SXM4-40GB MIG 4g.20gb (0),1,,13,[CUDA memset]
5419945774,3008,371439,,,,,,,,,,0.031,10404.230,Pinned,Device,NVIDIA A100-SXM4-40GB MIG 4g.20gb (0),1,,13,[CUDA memcpy Host-to-Device]
5419951694,9472,371440,,,,,,,,,,0.197,20756.693,Pinned,Device,NVIDIA A100-SXM4-40GB MIG 4g.20gb (0),1,,13,[CUDA memcpy Host-to-Device]
5419966350,6272,371441,273,1,1,8,4,1,39,0.002,0.000,,,,,NVIDIA A100-SXM4-40GB MIG 4g.20gb (0),1,,13,"void channel_eq::eqMmseCoefCompLowMimoKernel<float, float, float, (unsigned int)4, (unsigned int)1, (unsigned int)4>(const channel_eq::_puschRxChEqStatDescr *, channel_eq::_puschRxChEqCoefCompDynDescr)"
5419973646,5216,371442,273,1,1,12,11,1,51,0.002,0.000,,,,,NVIDIA A100-SXM4-40GB MIG 4g.20gb (0),1,,13,"void channel_eq::eqMmseSoftDemapKernel<float, __half, __half, float, (unsigned int)4, (unsigned short)16383>(channel_eq::_puschRxChEqStatDescr *, channel_eq::_puschRxChEqSoftDemapDynDescr)"
5419981006,281853,371443,1,1,1,32,32,1,30,0.000,0.000,,,,,NVIDIA A100-SXM4-40GB MIG 4g.20gb (0),1,,13,"void convert_kernel<float2, __half2>(tensor_layout_any, T1 *, tensor_layout_any, const T2 *)"
5420264107,10943,371455,2253,1,1,128,1,1,16,0.000,0.000,,,,,NVIDIA A100-SXM4-40GB MIG 4g.20gb (0),1,,13,cupy_copy__float16_float16
5420279946,3520,371464,282,1,1,128,1,1,16,0.000,0.000,,,,,NVIDIA A100-SXM4-40GB MIG 4g.20gb (0),1,,13,cupy_copy__complex64_complex64
5420285098,2304,371473,26,1,1,128,1,1,16,0.000,0.000,,,,,NVIDIA A100-SXM4-40GB MIG 4g.20gb (0),1,,13,cupy_copy__float32_float32
5420290538,3008,371482,103,1,1,128,1,1,16,0.000,0.000,,,,,NVIDIA A100-SXM4-40GB MIG 4g.20gb (0),1,,13,cupy_copy__complex64_complex64
5420294506,12288,371492,1434,1,1,128,1,1,16,0.000,0.000,,,,,NVIDIA A100-SXM4-40GB MIG 4g.20gb (0),1,,13,cupy_copy__complex64_complex64
5420314762,82463,371497,1,1,1,32,32,1,30,0.000,0.000,,,,,NVIDIA A100-SXM4-40GB MIG 4g.20gb (0),1,,13,"void convert_kernel<__half2, float2>(tensor_layout_any, T1 *, tensor_layout_any, const T2 *)"
5420424009,6015,371500,,,,,,,,,,0.094,15577.054,Pinned,Device,NVIDIA A100-SXM4-40GB MIG 4g.20gb (0),1,,13,[CUDA memcpy Host-to-Device]
5420433896,598809,371501,,,,,,,,,,456.561,762001.043,Device,,NVIDIA A100-SXM4-40GB MIG 4g.20gb (0),1,,13,[CUDA memset]
5421040353,159038,371506,,,,,,,,,,1.235,7764.093,Pinned,Device,NVIDIA A100-SXM4-40GB MIG 4g.20gb (0),1,,13,[CUDA memcpy Host-to-Device]
5421212639,37087,371507,,,,,,,,,,0.197,5301.142,Pinned,Device,NVIDIA A100-SXM4-40GB MIG 4g.20gb (0),1,,13,[CUDA memcpy Host-to-Device]
5421274270,8064,371508,69,4,1,48,1,1,76,0.002,0.000,,,,,NVIDIA A100-SXM4-40GB MIG 4g.20gb (0),1,,13,"void ch_est::windowedChEstPreNoDftSOfdmKernel<float, __half, float, (unsigned int)2, (unsigned int)1, (unsigned short)4>(ch_est::puschRxChEstStatDescr_t *, ch_est::puschRxChEstDynDescr_t *)"
5421289662,6816,371509,137,2,1,24,2,1,44,0.001,0.001,,,,,NVIDIA A100-SXM4-40GB MIG 4g.20gb (0),1,,13,"void ch_est::chEstFilterNoDftSOfdmDispatchKernel<float, __half, float, (unsigned int)2>(ch_est::puschRxChEstStatDescr_t *, ch_est::puschRxChEstDynDescr_t *)"
5421303550,5280,371510,137,2,1,24,2,1,44,0.001,0.001,,,,,NVIDIA A100-SXM4-40GB MIG 4g.20gb (0),1,,13,"void ch_est::chEstFilterNoDftSOfdmDispatchKernel<float, __half, float, (unsigned int)2>(ch_est::puschRxChEstStatDescr_t *, ch_est::puschRxChEstDynDescr_t *)"
5421314814,2496,371521,103,1,1,128,1,1,16,0.000,0.000,,,,,NVIDIA A100-SXM4-40GB MIG 4g.20gb (0),1,,13,cupy_copy__complex64_complex64
5421328285,12544,371531,1434,1,1,128,1,1,16,0.000,0.000,,,,,NVIDIA A100-SXM4-40GB MIG 4g.20gb (0),1,,13,cupy_copy__complex64_complex64
5421346973,2656,371538,103,1,1,128,1,1,16,0.000,0.000,,,,,NVIDIA A100-SXM4-40GB MIG 4g.20gb (0),1,,13,cupy_copy__complex64_complex64
5421358749,86655,371545,1,1,1,32,32,1,30,0.000,0.000,,,,,NVIDIA A100-SXM4-40GB MIG 4g.20gb (0),1,,13,"void convert_kernel<__half2, float2>(tensor_layout_any, T1 *, tensor_layout_any, const T2 *)"
5421472764,9152,371548,,,,,,,,,,0.094,10237.693,Pinned,Device,NVIDIA A100-SXM4-40GB MIG 4g.20gb (0),1,,13,[CUDA memcpy Host-to-Device]
5421487131,47616,371549,,,,,,,,,,35.810,752044.130,Device,,NVIDIA A100-SXM4-40GB MIG 4g.20gb (0),1,,13,[CUDA memset]
5421540923,3968,371551,,,,,,,,,,0.000,20.161,Pinned,Device,NVIDIA A100-SXM4-40GB MIG 4g.20gb (0),1,,13,[CUDA memcpy Host-to-Device]
5421553851,16767,371552,,,,,,,,,,0.197,11725.701,Pinned,Device,NVIDIA A100-SXM4-40GB MIG 4g.20gb (0),1,,13,[CUDA memcpy Host-to-Device]
5421582554,10048,371553,273,1,1,48,1,1,40,0.000,0.001,,,,,NVIDIA A100-SXM4-40GB MIG 4g.20gb (0),1,,13,"void pusch_noise_intf_est::noiseIntfEstNoDftSOfdmKernel<float, __half, float, float, (unsigned int)2, (unsigned int)1, (unsigned char)4, (unsigned char)4>(pusch_noise_intf_est::puschRxNoiseIntfEstDynDescr)"
5421602330,3104,371564,35,1,1,128,1,1,16,0.000,0.000,,,,,NVIDIA A100-SXM4-40GB MIG 4g.20gb (0),1,,13,cupy_copy__complex64_complex64
5421611354,1792,371573,1,1,1,1,1,1,18,0.000,0.000,,,,,NVIDIA A100-SXM4-40GB MIG 4g.20gb (0),1,,13,cupy_copy__float32_float32
5421627418,7360,371579,,,,,,,,,,0.000,0.543,Device,Pageable,NVIDIA A100-SXM4-40GB MIG 4g.20gb (0),1,,7,[CUDA memcpy Device-to-Host]
5421709177,13056,371590,1434,1,1,128,1,1,16,0.000,0.000,,,,,NVIDIA A100-SXM4-40GB MIG 4g.20gb (0),1,,13,cupy_copy__complex64_complex64
5421731320,2720,371597,103,1,1,128,1,1,16,0.000,0.000,,,,,NVIDIA A100-SXM4-40GB MIG 4g.20gb (0),1,,13,cupy_copy__complex64_complex64
5421758008,2560,371604,35,1,1,128,1,1,16,0.000,0.000,,,,,NVIDIA A100-SXM4-40GB MIG 4g.20gb (0),1,,13,cupy_copy__complex64_complex64
5421775256,1920,371611,1,1,1,1,1,1,18,0.000,0.000,,,,,NVIDIA A100-SXM4-40GB MIG 4g.20gb (0),1,,13,cupy_copy__float32_float32
5421907894,88703,371622,1,1,1,32,32,1,30,0.000,0.000,,,,,NVIDIA A100-SXM4-40GB MIG 4g.20gb (0),1,,13,"void convert_kernel<__half2, float2>(tensor_layout_any, T1 *, tensor_layout_any, const T2 *)"
5422024437,5504,371625,,,,,,,,,,0.094,17023.251,Pinned,Device,NVIDIA A100-SXM4-40GB MIG 4g.20gb (0),1,,13,[CUDA memcpy Host-to-Device]
5422039509,3520,371626,,,,,,,,,,1.547,439380.412,Device,,NVIDIA A100-SXM4-40GB MIG 4g.20gb (0),1,,13,[CUDA memset]
5422045813,3072,371631,,,,,,,,,,0.031,10187.474,Pinned,Device,NVIDIA A100-SXM4-40GB MIG 4g.20gb (0),1,,13,[CUDA memcpy Host-to-Device]
5422051605,9375,371632,,,,,,,,,,0.197,20971.389,Pinned,Device,NVIDIA A100-SXM4-40GB MIG 4g.20gb (0),1,,13,[CUDA memcpy Host-to-Device]
5422065396,6080,371633,273,1,1,8,4,1,39,0.002,0.000,,,,,NVIDIA A100-SXM4-40GB MIG 4g.20gb (0),1,,13,"void channel_eq::eqMmseCoefCompLowMimoKernel<float, float, float, (unsigned int)4, (unsigned int)1, (unsigned int)4>(const channel_eq::_puschRxChEqStatDescr *, channel_eq::_puschRxChEqCoefCompDynDescr)"
5422072692,5632,371634,273,1,1,12,11,1,51,0.002,0.000,,,,,NVIDIA A100-SXM4-40GB MIG 4g.20gb (0),1,,13,"void channel_eq::eqMmseSoftDemapKernel<float, __half, __half, float, (unsigned int)4, (unsigned short)16383>(channel_eq::_puschRxChEqStatDescr *, channel_eq::_puschRxChEqSoftDemapDynDescr)"
5422082260,282845,371635,1,1,1,32,32,1,30,0.000,0.000,,,,,NVIDIA A100-SXM4-40GB MIG 4g.20gb (0),1,,13,"void convert_kernel<float2, __half2>(tensor_layout_any, T1 *, tensor_layout_any, const T2 *)"
5422366193,10784,371647,2253,1,1,128,1,1,16,0.000,0.000,,,,,NVIDIA A100-SXM4-40GB MIG 4g.20gb (0),1,,13,cupy_copy__float16_float16
5422381040,3456,371656,282,1,1,128,1,1,16,0.000,0.000,,,,,NVIDIA A100-SXM4-40GB MIG 4g.20gb (0),1,,13,cupy_copy__complex64_complex64
5422387376,2304,371665,26,1,1,128,1,1,16,0.000,0.000,,,,,NVIDIA A100-SXM4-40GB MIG 4g.20gb (0),1,,13,cupy_copy__float32_float32
5422390800,4032,371674,103,1,1,128,1,1,16,0.000,0.000,,,,,NVIDIA A100-SXM4-40GB MIG 4g.20gb (0),1,,13,cupy_copy__complex64_complex64
5422397712,12000,371684,1434,1,1,128,1,1,16,0.000,0.000,,,,,NVIDIA A100-SXM4-40GB MIG 4g.20gb (0),1,,13,cupy_copy__complex64_complex64
5422413040,88031,371689,1,1,1,32,32,1,30,0.000,0.000,,,,,NVIDIA A100-SXM4-40GB MIG 4g.20gb (0),1,,13,"void convert_kernel<__half2, float2>(tensor_layout_any, T1 *, tensor_layout_any, const T2 *)"
5422528527,5984,371692,,,,,,,,,,0.094,15657.726,Pinned,Device,NVIDIA A100-SXM4-40GB MIG 4g.20gb (0),1,,13,[CUDA memcpy Host-to-Device]
5422539470,598521,371693,,,,,,,,,,456.561,762457.605,Device,,NVIDIA A100-SXM4-40GB MIG 4g.20gb (0),1,,13,[CUDA memset]
5423144487,147230,371698,,,,,,,,,,1.235,8387.740,Pinned,Device,NVIDIA A100-SXM4-40GB MIG 4g.20gb (0),1,,13,[CUDA memcpy Host-to-Device]
5423303877,40352,371699,,,,,,,,,,0.197,4872.143,Pinned,Device,NVIDIA A100-SXM4-40GB MIG 4g.20gb (0),1,,13,[CUDA memcpy Host-to-Device]
5423365924,8384,371700,69,4,1,48,1,1,76,0.002,0.000,,,,,NVIDIA A100-SXM4-40GB MIG 4g.20gb (0),1,,13,"void ch_est::windowedChEstPreNoDftSOfdmKernel<float, __half, float, (unsigned int)2, (unsigned int)1, (unsigned short)4>(ch_est::puschRxChEstStatDescr_t *, ch_est::puschRxChEstDynDescr_t *)"
5423385284,6688,371701,137,2,1,24,2,1,44,0.001,0.001,,,,,NVIDIA A100-SXM4-40GB MIG 4g.20gb (0),1,,13,"void ch_est::chEstFilterNoDftSOfdmDispatchKernel<float, __half, float, (unsigned int)2>(ch_est::puschRxChEstStatDescr_t *, ch_est::puschRxChEstDynDescr_t *)"
5423399236,4736,371702,137,2,1,24,2,1,44,0.001,0.001,,,,,NVIDIA A100-SXM4-40GB MIG 4g.20gb (0),1,,13,"void ch_est::chEstFilterNoDftSOfdmDispatchKernel<float, __half, float, (unsigned int)2>(ch_est::puschRxChEstStatDescr_t *, ch_est::puschRxChEstDynDescr_t *)"
5423412516,2688,371713,103,1,1,128,1,1,16,0.000,0.000,,,,,NVIDIA A100-SXM4-40GB MIG 4g.20gb (0),1,,13,cupy_copy__complex64_complex64
5423425988,12895,371723,1434,1,1,128,1,1,16,0.000,0.000,,,,,NVIDIA A100-SXM4-40GB MIG 4g.20gb (0),1,,13,cupy_copy__complex64_complex64
5423456195,2592,371730,103,1,1,128,1,1,16,0.000,0.000,,,,,NVIDIA A100-SXM4-40GB MIG 4g.20gb (0),1,,13,cupy_copy__complex64_complex64
5423470531,83743,371737,1,1,1,32,32,1,30,0.000,0.000,,,,,NVIDIA A100-SXM4-40GB MIG 4g.20gb (0),1,,13,"void convert_kernel<__half2, float2>(tensor_layout_any, T1 *, tensor_layout_any, const T2 *)"
5423584418,7040,371740,,,,,,,,,,0.094,13309.048,Pinned,Device,NVIDIA A100-SXM4-40GB MIG 4g.20gb (0),1,,13,[CUDA memcpy Host-to-Device]
5423597953,46944,371741,,,,,,,,,,35.810,762787.106,Device,,NVIDIA A100-SXM4-40GB MIG 4g.20gb (0),1,,13,[CUDA memset]
5423648129,3488,371743,,,,,,,,,,0.000,22.936,Pinned,Device,NVIDIA A100-SXM4-40GB MIG 4g.20gb (0),1,,13,[CUDA memcpy Host-to-Device]
5423654657,10880,371744,,,,,,,,,,0.197,18070.438,Pinned,Device,NVIDIA A100-SXM4-40GB MIG 4g.20gb (0),1,,13,[CUDA memcpy Host-to-Device]
5423673345,9759,371745,273,1,1,48,1,1,40,0.000,0.001,,,,,NVIDIA A100-SXM4-40GB MIG 4g.20gb (0),1,,13,"void pusch_noise_intf_est::noiseIntfEstNoDftSOfdmKernel<float, __half, float, float, (unsigned int)2, (unsigned int)1, (unsigned char)4, (unsigned char)4>(pusch_noise_intf_est::puschRxNoiseIntfEstDynDescr)"
5423686336,2880,371756,35,1,1,128,1,1,16,0.000,0.000,,,,,NVIDIA A100-SXM4-40GB MIG 4g.20gb (0),1,,13,cupy_copy__complex64_complex64
5423705152,1792,371765,1,1,1,1,1,1,18,0.000,0.000,,,,,NVIDIA A100-SXM4-40GB MIG 4g.20gb (0),1,,13,cupy_copy__float32_float32
5423737600,1568,371771,,,,,,,,,,0.000,2.551,Device,Pageable,NVIDIA A100-SXM4-40GB MIG 4g.20gb (0),1,,7,[CUDA memcpy Device-to-Host]
5423800255,13056,371782,1434,1,1,128,1,1,16,0.000,0.000,,,,,NVIDIA A100-SXM4-40GB MIG 4g.20gb (0),1,,13,cupy_copy__complex64_complex64
5423823391,2784,371789,103,1,1,128,1,1,16,0.000,0.000,,,,,NVIDIA A100-SXM4-40GB MIG 4g.20gb (0),1,,13,cupy_copy__complex64_complex64
5423847518,2304,371796,35,1,1,128,1,1,16,0.000,0.000,,,,,NVIDIA A100-SXM4-40GB MIG 4g.20gb (0),1,,13,cupy_copy__complex64_complex64
5423867006,1824,371803,1,1,1,1,1,1,18,0.000,0.000,,,,,NVIDIA A100-SXM4-40GB MIG 4g.20gb (0),1,,13,cupy_copy__float32_float32
5423996637,82815,371814,1,1,1,32,32,1,30,0.000,0.000,,,,,NVIDIA A100-SXM4-40GB MIG 4g.20gb (0),1,,13,"void convert_kernel<__half2, float2>(tensor_layout_any, T1 *, tensor_layout_any, const T2 *)"
5424106235,5408,371817,,,,,,,,,,0.094,17325.421,Pinned,Device,NVIDIA A100-SXM4-40GB MIG 4g.20gb (0),1,,13,[CUDA memcpy Host-to-Device]
5424121531,3520,371818,,,,,,,,,,1.547,439380.412,Device,,NVIDIA A100-SXM4-40GB MIG 4g.20gb (0),1,,13,[CUDA memset]
5424127451,3296,371823,,,,,,,,,,0.031,9495.144,Pinned,Device,NVIDIA A100-SXM4-40GB MIG 4g.20gb (0),1,,13,[CUDA memcpy Host-to-Device]
5424133179,10240,371824,,,,,,,,,,0.197,19199.951,Pinned,Device,NVIDIA A100-SXM4-40GB MIG 4g.20gb (0),1,,13,[CUDA memcpy Host-to-Device]
5424148763,6432,371825,273,1,1,8,4,1,39,0.002,0.000,,,,,NVIDIA A100-SXM4-40GB MIG 4g.20gb (0),1,,13,"void channel_eq::eqMmseCoefCompLowMimoKernel<float, float, float, (unsigned int)4, (unsigned int)1, (unsigned int)4>(const channel_eq::_puschRxChEqStatDescr *, channel_eq::_puschRxChEqCoefCompDynDescr)"
5424156283,6303,371826,273,1,1,12,11,1,51,0.002,0.000,,,,,NVIDIA A100-SXM4-40GB MIG 4g.20gb (0),1,,13,"void channel_eq::eqMmseSoftDemapKernel<float, __half, __half, float, (unsigned int)4, (unsigned short)16383>(channel_eq::_puschRxChEqStatDescr *, channel_eq::_puschRxChEqSoftDemapDynDescr)"
5424163578,282493,371827,1,1,1,32,32,1,30,0.000,0.000,,,,,NVIDIA A100-SXM4-40GB MIG 4g.20gb (0),1,,13,"void convert_kernel<float2, __half2>(tensor_layout_any, T1 *, tensor_layout_any, const T2 *)"
5424447863,10976,371839,2253,1,1,128,1,1,16,0.000,0.000,,,,,NVIDIA A100-SXM4-40GB MIG 4g.20gb (0),1,,13,cupy_copy__float16_float16
5424461015,3104,371848,282,1,1,128,1,1,16,0.000,0.000,,,,,NVIDIA A100-SXM4-40GB MIG 4g.20gb (0),1,,13,cupy_copy__complex64_complex64
5424466167,2464,371857,26,1,1,128,1,1,16,0.000,0.000,,,,,NVIDIA A100-SXM4-40GB MIG 4g.20gb (0),1,,13,cupy_copy__float32_float32
5424472759,2880,371866,103,1,1,128,1,1,16,0.000,0.000,,,,,NVIDIA A100-SXM4-40GB MIG 4g.20gb (0),1,,13,cupy_copy__complex64_complex64
5424478967,12255,371876,1434,1,1,128,1,1,16,0.000,0.000,,,,,NVIDIA A100-SXM4-40GB MIG 4g.20gb (0),1,,13,cupy_copy__complex64_complex64
5424495542,80991,371881,1,1,1,32,32,1,30,0.000,0.000,,,,,NVIDIA A100-SXM4-40GB MIG 4g.20gb (0),1,,13,"void convert_kernel<__half2, float2>(tensor_layout_any, T1 *, tensor_layout_any, const T2 *)"
5424602997,6240,371884,,,,,,,,,,0.094,15015.346,Pinned,Device,NVIDIA A100-SXM4-40GB MIG 4g.20gb (0),1,,13,[CUDA memcpy Host-to-Device]
5424616629,596441,371885,,,,,,,,,,456.561,765196.973,Device,,NVIDIA A100-SXM4-40GB MIG 4g.20gb (0),1,,13,[CUDA memset]
5425216814,151518,371890,,,,,,,,,,1.235,8149.395,Pinned,Device,NVIDIA A100-SXM4-40GB MIG 4g.20gb (0),1,,13,[CUDA memcpy Host-to-Device]
5425383851,44256,371891,,,,,,,,,,0.197,4442.358,Pinned,Device,NVIDIA A100-SXM4-40GB MIG 4g.20gb (0),1,,13,[CUDA memcpy Host-to-Device]
5425456619,8319,371892,69,4,1,48,1,1,76,0.002,0.000,,,,,NVIDIA A100-SXM4-40GB MIG 4g.20gb (0),1,,13,"void ch_est::windowedChEstPreNoDftSOfdmKernel<float, __half, float, (unsigned int)2, (unsigned int)1, (unsigned short)4>(ch_est::puschRxChEstStatDescr_t *, ch_est::puschRxChEstDynDescr_t *)"
5425473546,6784,371893,137,2,1,24,2,1,44,0.001,0.001,,,,,NVIDIA A100-SXM4-40GB MIG 4g.20gb (0),1,,13,"void ch_est::chEstFilterNoDftSOfdmDispatchKernel<float, __half, float, (unsigned int)2>(ch_est::puschRxChEstStatDescr_t *, ch_est::puschRxChEstDynDescr_t *)"
5425492330,4704,371894,137,2,1,24,2,1,44,0.001,0.001,,,,,NVIDIA A100-SXM4-40GB MIG 4g.20gb (0),1,,13,"void ch_est::chEstFilterNoDftSOfdmDispatchKernel<float, __half, float, (unsigned int)2>(ch_est::puschRxChEstStatDescr_t *, ch_est::puschRxChEstDynDescr_t *)"
5425516330,2720,371905,103,1,1,128,1,1,16,0.000,0.000,,,,,NVIDIA A100-SXM4-40GB MIG 4g.20gb (0),1,,13,cupy_copy__complex64_complex64
5425536010,12447,371915,1434,1,1,128,1,1,16,0.000,0.000,,,,,NVIDIA A100-SXM4-40GB MIG 4g.20gb (0),1,,13,cupy_copy__complex64_complex64
5425554825,2944,371922,103,1,1,128,1,1,16,0.000,0.000,,,,,NVIDIA A100-SXM4-40GB MIG 4g.20gb (0),1,,13,cupy_copy__complex64_complex64
5425574665,86847,371929,1,1,1,32,32,1,30,0.000,0.000,,,,,NVIDIA A100-SXM4-40GB MIG 4g.20gb (0),1,,13,"void convert_kernel<__half2, float2>(tensor_layout_any, T1 *, tensor_layout_any, const T2 *)"
5425695016,26399,371932,,,,,,,,,,0.094,3549.204,Pinned,Device,NVIDIA A100-SXM4-40GB MIG 4g.20gb (0),1,,13,[CUDA memcpy Host-to-Device]
5425736487,45856,371933,,,,,,,,,,35.810,780906.925,Device,,NVIDIA A100-SXM4-40GB MIG 4g.20gb (0),1,,13,[CUDA memset]
5425789446,14656,371935,,,,,,,,,,0.000,5.458,Pinned,Device,NVIDIA A100-SXM4-40GB MIG 4g.20gb (0),1,,13,[CUDA memcpy Host-to-Device]
5425812454,25984,371936,,,,,,,,,,0.197,7566.459,Pinned,Device,NVIDIA A100-SXM4-40GB MIG 4g.20gb (0),1,,13,[CUDA memcpy Host-to-Device]
5425857510,9983,371937,273,1,1,48,1,1,40,0.000,0.001,,,,,NVIDIA A100-SXM4-40GB MIG 4g.20gb (0),1,,13,"void pusch_noise_intf_est::noiseIntfEstNoDftSOfdmKernel<float, __half, float, float, (unsigned int)2, (unsigned int)1, (unsigned char)4, (unsigned char)4>(pusch_noise_intf_est::puschRxNoiseIntfEstDynDescr)"
5425885957,2592,371948,35,1,1,128,1,1,16,0.000,0.000,,,,,NVIDIA A100-SXM4-40GB MIG 4g.20gb (0),1,,13,cupy_copy__complex64_complex64
5425899589,1696,371957,1,1,1,1,1,1,18,0.000,0.000,,,,,NVIDIA A100-SXM4-40GB MIG 4g.20gb (0),1,,13,cupy_copy__float32_float32
5425902085,5664,371963,,,,,,,,,,0.000,0.706,Device,Pageable,NVIDIA A100-SXM4-40GB MIG 4g.20gb (0),1,,7,[CUDA memcpy Device-to-Host]
5425973092,12960,371974,1434,1,1,128,1,1,16,0.000,0.000,,,,,NVIDIA A100-SXM4-40GB MIG 4g.20gb (0),1,,13,cupy_copy__complex64_complex64
5426004036,3008,371981,103,1,1,128,1,1,16,0.000,0.000,,,,,NVIDIA A100-SXM4-40GB MIG 4g.20gb (0),1,,13,cupy_copy__complex64_complex64
5426026244,2720,371988,35,1,1,128,1,1,16,0.000,0.000,,,,,NVIDIA A100-SXM4-40GB MIG 4g.20gb (0),1,,13,cupy_copy__complex64_complex64
5426042755,2016,371995,1,1,1,1,1,1,18,0.000,0.000,,,,,NVIDIA A100-SXM4-40GB MIG 4g.20gb (0),1,,13,cupy_copy__float32_float32
5426173442,82399,372006,1,1,1,32,32,1,30,0.000,0.000,,,,,NVIDIA A100-SXM4-40GB MIG 4g.20gb (0),1,,13,"void convert_kernel<__half2, float2>(tensor_layout_any, T1 *, tensor_layout_any, const T2 *)"
5426283616,5888,372009,,,,,,,,,,0.094,15912.954,Pinned,Device,NVIDIA A100-SXM4-40GB MIG 4g.20gb (0),1,,13,[CUDA memcpy Host-to-Device]
5426299904,3200,372010,,,,,,,,,,1.547,483320.000,Device,,NVIDIA A100-SXM4-40GB MIG 4g.20gb (0),1,,13,[CUDA memset]
5426304864,3136,372015,,,,,,,,,,0.031,9979.575,Pinned,Device,NVIDIA A100-SXM4-40GB MIG 4g.20gb (0),1,,13,[CUDA memcpy Host-to-Device]
5426310624,9792,372016,,,,,,,,,,0.197,20078.395,Pinned,Device,NVIDIA A100-SXM4-40GB MIG 4g.20gb (0),1,,13,[CUDA memcpy Host-to-Device]
5426325760,6080,372017,273,1,1,8,4,1,39,0.002,0.000,,,,,NVIDIA A100-SXM4-40GB MIG 4g.20gb (0),1,,13,"void channel_eq::eqMmseCoefCompLowMimoKernel<float, float, float, (unsigned int)4, (unsigned int)1, (unsigned int)4>(const channel_eq::_puschRxChEqStatDescr *, channel_eq::_puschRxChEqCoefCompDynDescr)"
5426335616,7744,372018,273,1,1,12,11,1,51,0.002,0.000,,,,,NVIDIA A100-SXM4-40GB MIG 4g.20gb (0),1,,13,"void channel_eq::eqMmseSoftDemapKernel<float, __half, __half, float, (unsigned int)4, (unsigned short)16383>(channel_eq::_puschRxChEqStatDescr *, channel_eq::_puschRxChEqSoftDemapDynDescr)"
5426345280,282620,372019,1,1,1,32,32,1,30,0.000,0.000,,,,,NVIDIA A100-SXM4-40GB MIG 4g.20gb (0),1,,13,"void convert_kernel<float2, __half2>(tensor_layout_any, T1 *, tensor_layout_any, const T2 *)"
5426630204,10976,372031,2253,1,1,128,1,1,16,0.000,0.000,,,,,NVIDIA A100-SXM4-40GB MIG 4g.20gb (0),1,,13,cupy_copy__float16_float16
5426644956,3520,372040,282,1,1,128,1,1,16,0.000,0.000,,,,,NVIDIA A100-SXM4-40GB MIG 4g.20gb (0),1,,13,cupy_copy__complex64_complex64
5426651196,2144,372049,26,1,1,128,1,1,16,0.000,0.000,,,,,NVIDIA A100-SXM4-40GB MIG 4g.20gb (0),1,,13,cupy_copy__float32_float32
5426655516,3744,372058,103,1,1,128,1,1,16,0.000,0.000,,,,,NVIDIA A100-SXM4-40GB MIG 4g.20gb (0),1,,13,cupy_copy__complex64_complex64
5426662076,12128,372068,1434,1,1,128,1,1,16,0.000,0.000,,,,,NVIDIA A100-SXM4-40GB MIG 4g.20gb (0),1,,13,cupy_copy__complex64_complex64
5426676348,82911,372073,1,1,1,32,32,1,30,0.000,0.000,,,,,NVIDIA A100-SXM4-40GB MIG 4g.20gb (0),1,,13,"void convert_kernel<__half2, float2>(tensor_layout_any, T1 *, tensor_layout_any, const T2 *)"
5426787034,5504,372076,,,,,,,,,,0.094,17023.251,Pinned,Device,NVIDIA A100-SXM4-40GB MIG 4g.20gb (0),1,,13,[CUDA memcpy Host-to-Device]
5426796538,596921,372077,,,,,,,,,,456.561,764740.412,Device,,NVIDIA A100-SXM4-40GB MIG 4g.20gb (0),1,,13,[CUDA memset]
5427393875,150654,372082,,,,,,,,,,1.235,8196.323,Pinned,Device,NVIDIA A100-SXM4-40GB MIG 4g.20gb (0),1,,13,[CUDA memcpy Host-to-Device]
5427555377,40575,372083,,,,,,,,,,0.197,4845.404,Pinned,Device,NVIDIA A100-SXM4-40GB MIG 4g.20gb (0),1,,13,[CUDA memcpy Host-to-Device]
5427622544,8352,372084,69,4,1,48,1,1,76,0.002,0.000,,,,,NVIDIA A100-SXM4-40GB MIG 4g.20gb (0),1,,13,"void ch_est::windowedChEstPreNoDftSOfdmKernel<float, __half, float, (unsigned int)2, (unsigned int)1, (unsigned short)4>(ch_est::puschRxChEstStatDescr_t *, ch_est::puschRxChEstDynDescr_t *)"
5427641168,6976,372085,137,2,1,24,2,1,44,0.001,0.001,,,,,NVIDIA A100-SXM4-40GB MIG 4g.20gb (0),1,,13,"void ch_est::chEstFilterNoDftSOfdmDispatchKernel<float, __half, float, (unsigned int)2>(ch_est::puschRxChEstStatDescr_t *, ch_est::puschRxChEstDynDescr_t *)"
5427664943,4768,372086,137,2,1,24,2,1,44,0.001,0.001,,,,,NVIDIA A100-SXM4-40GB MIG 4g.20gb (0),1,,13,"void ch_est::chEstFilterNoDftSOfdmDispatchKernel<float, __half, float, (unsigned int)2>(ch_est::puschRxChEstStatDescr_t *, ch_est::puschRxChEstDynDescr_t *)"
5427685903,2560,372097,103,1,1,128,1,1,16,0.000,0.000,,,,,NVIDIA A100-SXM4-40GB MIG 4g.20gb (0),1,,13,cupy_copy__complex64_complex64
5427701871,12384,372107,1434,1,1,128,1,1,16,0.000,0.000,,,,,NVIDIA A100-SXM4-40GB MIG 4g.20gb (0),1,,13,cupy_copy__complex64_complex64
5427721295,2912,372114,103,1,1,128,1,1,16,0.000,0.000,,,,,NVIDIA A100-SXM4-40GB MIG 4g.20gb (0),1,,13,cupy_copy__complex64_complex64
5427741102,87679,372121,1,1,1,32,32,1,30,0.000,0.000,,,,,NVIDIA A100-SXM4-40GB MIG 4g.20gb (0),1,,13,"void convert_kernel<__half2, float2>(tensor_layout_any, T1 *, tensor_layout_any, const T2 *)"
5427860493,25184,372124,,,,,,,,,,0.094,3720.387,Pinned,Device,NVIDIA A100-SXM4-40GB MIG 4g.20gb (0),1,,13,[CUDA memcpy Host-to-Device]
5427909292,46848,372125,,,,,,,,,,35.810,764362.742,Device,,NVIDIA A100-SXM4-40GB MIG 4g.20gb (0),1,,13,[CUDA memset]
5427959052,11008,372127,,,,,,,,,,0.000,7.267,Pinned,Device,NVIDIA A100-SXM4-40GB MIG 4g.20gb (0),1,,13,[CUDA memcpy Host-to-Device]
5427980459,25312,372128,,,,,,,,,,0.197,7767.196,Pinned,Device,NVIDIA A100-SXM4-40GB MIG 4g.20gb (0),1,,13,[CUDA memcpy Host-to-Device]
5428031755,9312,372129,273,1,1,48,1,1,40,0.000,0.001,,,,,NVIDIA A100-SXM4-40GB MIG 4g.20gb (0),1,,13,"void pusch_noise_intf_est::noiseIntfEstNoDftSOfdmKernel<float, __half, float, float, (unsigned int)2, (unsigned int)1, (unsigned char)4, (unsigned char)4>(pusch_noise_intf_est::puschRxNoiseIntfEstDynDescr)"
5428051403,2624,372140,35,1,1,128,1,1,16,0.000,0.000,,,,,NVIDIA A100-SXM4-40GB MIG 4g.20gb (0),1,,13,cupy_copy__complex64_complex64
5428067914,1728,372149,1,1,1,1,1,1,18,0.000,0.000,,,,,NVIDIA A100-SXM4-40GB MIG 4g.20gb (0),1,,13,cupy_copy__float32_float32
5428071914,8128,372155,,,,,,,,,,0.000,0.492,Device,Pageable,NVIDIA A100-SXM4-40GB MIG 4g.20gb (0),1,,7,[CUDA memcpy Device-to-Host]
5428176393,13088,372166,1434,1,1,128,1,1,16,0.000,0.000,,,,,NVIDIA A100-SXM4-40GB MIG 4g.20gb (0),1,,13,cupy_copy__complex64_complex64
5428198313,3392,372173,103,1,1,128,1,1,16,0.000,0.000,,,,,NVIDIA A100-SXM4-40GB MIG 4g.20gb (0),1,,13,cupy_copy__complex64_complex64
5428219881,2751,372180,35,1,1,128,1,1,16,0.000,0.000,,,,,NVIDIA A100-SXM4-40GB MIG 4g.20gb (0),1,,13,cupy_copy__complex64_complex64
5428242056,1760,372187,1,1,1,1,1,1,18,0.000,0.000,,,,,NVIDIA A100-SXM4-40GB MIG 4g.20gb (0),1,,13,cupy_copy__float32_float32
5428375463,91294,372198,1,1,1,32,32,1,30,0.000,0.000,,,,,NVIDIA A100-SXM4-40GB MIG 4g.20gb (0),1,,13,"void convert_kernel<__half2, float2>(tensor_layout_any, T1 *, tensor_layout_any, const T2 *)"
5428495013,6880,372201,,,,,,,,,,0.094,13618.526,Pinned,Device,NVIDIA A100-SXM4-40GB MIG 4g.20gb (0),1,,13,[CUDA memcpy Host-to-Device]
5428510821,3392,372202,,,,,,,,,,1.547,455961.768,Device,,NVIDIA A100-SXM4-40GB MIG 4g.20gb (0),1,,13,[CUDA memset]
5428516069,3040,372207,,,,,,,,,,0.031,10294.725,Pinned,Device,NVIDIA A100-SXM4-40GB MIG 4g.20gb (0),1,,13,[CUDA memcpy Host-to-Device]
5428521701,10592,372208,,,,,,,,,,0.197,18561.761,Pinned,Device,NVIDIA A100-SXM4-40GB MIG 4g.20gb (0),1,,13,[CUDA memcpy Host-to-Device]
5428539365,8415,372209,273,1,1,8,4,1,39,0.002,0.000,,,,,NVIDIA A100-SXM4-40GB MIG 4g.20gb (0),1,,13,"void channel_eq::eqMmseCoefCompLowMimoKernel<float, float, float, (unsigned int)4, (unsigned int)1, (unsigned int)4>(const channel_eq::_puschRxChEqStatDescr *, channel_eq::_puschRxChEqCoefCompDynDescr)"
5428549092,6176,372210,273,1,1,12,11,1,51,0.002,0.000,,,,,NVIDIA A100-SXM4-40GB MIG 4g.20gb (0),1,,13,"void channel_eq::eqMmseSoftDemapKernel<float, __half, __half, float, (unsigned int)4, (unsigned short)16383>(channel_eq::_puschRxChEqStatDescr *, channel_eq::_puschRxChEqSoftDemapDynDescr)"
5428557188,282653,372211,1,1,1,32,32,1,30,0.000,0.000,,,,,NVIDIA A100-SXM4-40GB MIG 4g.20gb (0),1,,13,"void convert_kernel<float2, __half2>(tensor_layout_any, T1 *, tensor_layout_any, const T2 *)"
5428842017,10944,372223,2253,1,1,128,1,1,16,0.000,0.000,,,,,NVIDIA A100-SXM4-40GB MIG 4g.20gb (0),1,,13,cupy_copy__float16_float16
5428855137,3264,372232,282,1,1,128,1,1,16,0.000,0.000,,,,,NVIDIA A100-SXM4-40GB MIG 4g.20gb (0),1,,13,cupy_copy__complex64_complex64
5428861537,2112,372241,26,1,1,128,1,1,16,0.000,0.000,,,,,NVIDIA A100-SXM4-40GB MIG 4g.20gb (0),1,,13,cupy_copy__float32_float32
5428864865,4608,372250,103,1,1,128,1,1,16,0.000,0.000,,,,,NVIDIA A100-SXM4-40GB MIG 4g.20gb (0),1,,13,cupy_copy__complex64_complex64
5428872096,12320,372260,1434,1,1,128,1,1,16,0.000,0.000,,,,,NVIDIA A100-SXM4-40GB MIG 4g.20gb (0),1,,13,cupy_copy__complex64_complex64
5428889504,83231,372265,1,1,1,32,32,1,30,0.000,0.000,,,,,NVIDIA A100-SXM4-40GB MIG 4g.20gb (0),1,,13,"void convert_kernel<__half2, float2>(tensor_layout_any, T1 *, tensor_layout_any, const T2 *)"
5429000703,5792,372268,,,,,,,,,,0.094,16176.708,Pinned,Device,NVIDIA A100-SXM4-40GB MIG 4g.20gb (0),1,,13,[CUDA memcpy Host-to-Device]
5429011199,601880,372269,,,,,,,,,,456.561,758348.552,Device,,NVIDIA A100-SXM4-40GB MIG 4g.20gb (0),1,,13,[CUDA memset]
5429619159,130431,372274,,,,,,,,,,1.235,9467.081,Pinned,Device,NVIDIA A100-SXM4-40GB MIG 4g.20gb (0),1,,13,[CUDA memcpy Host-to-Device]
5429761238,32927,372275,,,,,,,,,,0.197,5970.985,Pinned,Device,NVIDIA A100-SXM4-40GB MIG 4g.20gb (0),1,,13,[CUDA memcpy Host-to-Device]
5429811637,8224,372276,69,4,1,48,1,1,76,0.002,0.000,,,,,NVIDIA A100-SXM4-40GB MIG 4g.20gb (0),1,,13,"void ch_est::windowedChEstPreNoDftSOfdmKernel<float, __half, float, (unsigned int)2, (unsigned int)1, (unsigned short)4>(ch_est::puschRxChEstStatDescr_t *, ch_est::puschRxChEstDynDescr_t *)"
5429828789,7040,372277,137,2,1,24,2,1,44,0.001,0.001,,,,,NVIDIA A100-SXM4-40GB MIG 4g.20gb (0),1,,13,"void ch_est::chEstFilterNoDftSOfdmDispatchKernel<float, __half, float, (unsigned int)2>(ch_est::puschRxChEstStatDescr_t *, ch_est::puschRxChEstDynDescr_t *)"
5429844148,4896,372278,137,2,1,24,2,1,44,0.001,0.001,,,,,NVIDIA A100-SXM4-40GB MIG 4g.20gb (0),1,,13,"void ch_est::chEstFilterNoDftSOfdmDispatchKernel<float, __half, float, (unsigned int)2>(ch_est::puschRxChEstStatDescr_t *, ch_est::puschRxChEstDynDescr_t *)"
5429857364,2432,372289,103,1,1,128,1,1,16,0.000,0.000,,,,,NVIDIA A100-SXM4-40GB MIG 4g.20gb (0),1,,13,cupy_copy__complex64_complex64
5429872372,12544,372299,1434,1,1,128,1,1,16,0.000,0.000,,,,,NVIDIA A100-SXM4-40GB MIG 4g.20gb (0),1,,13,cupy_copy__complex64_complex64
5429891348,2688,372306,103,1,1,128,1,1,16,0.000,0.000,,,,,NVIDIA A100-SXM4-40GB MIG 4g.20gb (0),1,,13,cupy_copy__complex64_complex64
5429903572,86015,372313,1,1,1,32,32,1,30,0.000,0.000,,,,,NVIDIA A100-SXM4-40GB MIG 4g.20gb (0),1,,13,"void convert_kernel<__half2, float2>(tensor_layout_any, T1 *, tensor_layout_any, const T2 *)"
5430017138,6048,372316,,,,,,,,,,0.094,15491.978,Pinned,Device,NVIDIA A100-SXM4-40GB MIG 4g.20gb (0),1,,13,[CUDA memcpy Host-to-Device]
5430028914,47488,372317,,,,,,,,,,35.810,754049.485,Device,,NVIDIA A100-SXM4-40GB MIG 4g.20gb (0),1,,13,[CUDA memset]
5430082962,2976,372319,,,,,,,,,,0.000,26.882,Pinned,Device,NVIDIA A100-SXM4-40GB MIG 4g.20gb (0),1,,13,[CUDA memcpy Host-to-Device]
5430089617,12480,372320,,,,,,,,,,0.197,15753.806,Pinned,Device,NVIDIA A100-SXM4-40GB MIG 4g.20gb (0),1,,13,[CUDA memcpy Host-to-Device]
5430107601,9856,372321,273,1,1,48,1,1,40,0.000,0.001,,,,,NVIDIA A100-SXM4-40GB MIG 4g.20gb (0),1,,13,"void pusch_noise_intf_est::noiseIntfEstNoDftSOfdmKernel<float, __half, float, float, (unsigned int)2, (unsigned int)1, (unsigned char)4, (unsigned char)4>(pusch_noise_intf_est::puschRxNoiseIntfEstDynDescr)"
5430120785,3072,372332,35,1,1,128,1,1,16,0.000,0.000,,,,,NVIDIA A100-SXM4-40GB MIG 4g.20gb (0),1,,13,cupy_copy__complex64_complex64
5430137713,1824,372341,1,1,1,1,1,1,18,0.000,0.000,,,,,NVIDIA A100-SXM4-40GB MIG 4g.20gb (0),1,,13,cupy_copy__float32_float32
5430170832,1568,372347,,,,,,,,,,0.000,2.551,Device,Pageable,NVIDIA A100-SXM4-40GB MIG 4g.20gb (0),1,,7,[CUDA memcpy Device-to-Host]
5430230064,12992,372358,1434,1,1,128,1,1,16,0.000,0.000,,,,,NVIDIA A100-SXM4-40GB MIG 4g.20gb (0),1,,13,cupy_copy__complex64_complex64
5430257263,3136,372365,103,1,1,128,1,1,16,0.000,0.000,,,,,NVIDIA A100-SXM4-40GB MIG 4g.20gb (0),1,,13,cupy_copy__complex64_complex64
5430277711,2272,372372,35,1,1,128,1,1,16,0.000,0.000,,,,,NVIDIA A100-SXM4-40GB MIG 4g.20gb (0),1,,13,cupy_copy__complex64_complex64
5430295791,1984,372379,1,1,1,1,1,1,18,0.000,0.000,,,,,NVIDIA A100-SXM4-40GB MIG 4g.20gb (0),1,,13,cupy_copy__float32_float32
5430426445,86399,372390,1,1,1,32,32,1,30,0.000,0.000,,,,,NVIDIA A100-SXM4-40GB MIG 4g.20gb (0),1,,13,"void convert_kernel<__half2, float2>(tensor_layout_any, T1 *, tensor_layout_any, const T2 *)"
5430539948,5376,372393,,,,,,,,,,0.094,17428.487,Pinned,Device,NVIDIA A100-SXM4-40GB MIG 4g.20gb (0),1,,13,[CUDA memcpy Host-to-Device]
5430555500,3456,372394,,,,,,,,,,1.547,447517.201,Device,,NVIDIA A100-SXM4-40GB MIG 4g.20gb (0),1,,13,[CUDA memset]
5430560940,3264,372399,,,,,,,,,,0.031,9588.218,Pinned,Device,NVIDIA A100-SXM4-40GB MIG 4g.20gb (0),1,,13,[CUDA memcpy Host-to-Device]
5430566636,9695,372400,,,,,,,,,,0.197,20279.132,Pinned,Device,NVIDIA A100-SXM4-40GB MIG 4g.20gb (0),1,,13,[CUDA memcpy Host-to-Device]
5430580747,6208,372401,273,1,1,8,4,1,39,0.002,0.000,,,,,NVIDIA A100-SXM4-40GB MIG 4g.20gb (0),1,,13,"void channel_eq::eqMmseCoefCompLowMimoKernel<float, float, float, (unsigned int)4, (unsigned int)1, (unsigned int)4>(const channel_eq::_puschRxChEqStatDescr *, channel_eq::_puschRxChEqCoefCompDynDescr)"
5430589355,6208,372402,273,1,1,12,11,1,51,0.002,0.000,,,,,NVIDIA A100-SXM4-40GB MIG 4g.20gb (0),1,,13,"void channel_eq::eqMmseSoftDemapKernel<float, __half, __half, float, (unsigned int)4, (unsigned short)16383>(channel_eq::_puschRxChEqStatDescr *, channel_eq::_puschRxChEqSoftDemapDynDescr)"
5430596523,282973,372403,1,1,1,32,32,1,30,0.000,0.000,,,,,NVIDIA A100-SXM4-40GB MIG 4g.20gb (0),1,,13,"void convert_kernel<float2, __half2>(tensor_layout_any, T1 *, tensor_layout_any, const T2 *)"
5430880616,10976,372415,2253,1,1,128,1,1,16,0.000,0.000,,,,,NVIDIA A100-SXM4-40GB MIG 4g.20gb (0),1,,13,cupy_copy__float16_float16
5430893128,3424,372424,282,1,1,128,1,1,16,0.000,0.000,,,,,NVIDIA A100-SXM4-40GB MIG 4g.20gb (0),1,,13,cupy_copy__complex64_complex64
5430900807,2528,372433,26,1,1,128,1,1,16,0.000,0.000,,,,,NVIDIA A100-SXM4-40GB MIG 4g.20gb (0),1,,13,cupy_copy__float32_float32
5430905799,2944,372442,103,1,1,128,1,1,16,0.000,0.000,,,,,NVIDIA A100-SXM4-40GB MIG 4g.20gb (0),1,,13,cupy_copy__complex64_complex64
5430910727,11808,372452,1434,1,1,128,1,1,16,0.000,0.000,,,,,NVIDIA A100-SXM4-40GB MIG 4g.20gb (0),1,,13,cupy_copy__complex64_complex64
5430935943,81791,372457,1,1,1,32,32,1,30,0.000,0.000,,,,,NVIDIA A100-SXM4-40GB MIG 4g.20gb (0),1,,13,"void convert_kernel<__half2, float2>(tensor_layout_any, T1 *, tensor_layout_any, const T2 *)"
5431045286,5728,372460,,,,,,,,,,0.094,16357.541,Pinned,Device,NVIDIA A100-SXM4-40GB MIG 4g.20gb (0),1,,13,[CUDA memcpy Host-to-Device]
5431056102,596504,372461,,,,,,,,,,456.561,765196.973,Device,,NVIDIA A100-SXM4-40GB MIG 4g.20gb (0),1,,13,[CUDA memset]
5431658942,169310,372466,,,,,,,,,,1.235,7293.579,Pinned,Device,NVIDIA A100-SXM4-40GB MIG 4g.20gb (0),1,,13,[CUDA memcpy Host-to-Device]
5431843196,40223,372467,,,,,,,,,,0.197,4887.871,Pinned,Device,NVIDIA A100-SXM4-40GB MIG 4g.20gb (0),1,,13,[CUDA memcpy Host-to-Device]
5431912955,8384,372468,69,4,1,48,1,1,76,0.002,0.000,,,,,NVIDIA A100-SXM4-40GB MIG 4g.20gb (0),1,,13,"void ch_est::windowedChEstPreNoDftSOfdmKernel<float, __half, float, (unsigned int)2, (unsigned int)1, (unsigned short)4>(ch_est::puschRxChEstStatDescr_t *, ch_est::puschRxChEstDynDescr_t *)"
5431932091,7040,372469,137,2,1,24,2,1,44,0.001,0.001,,,,,NVIDIA A100-SXM4-40GB MIG 4g.20gb (0),1,,13,"void ch_est::chEstFilterNoDftSOfdmDispatchKernel<float, __half, float, (unsigned int)2>(ch_est::puschRxChEstStatDescr_t *, ch_est::puschRxChEstDynDescr_t *)"
5431948795,4864,372470,137,2,1,24,2,1,44,0.001,0.001,,,,,NVIDIA A100-SXM4-40GB MIG 4g.20gb (0),1,,13,"void ch_est::chEstFilterNoDftSOfdmDispatchKernel<float, __half, float, (unsigned int)2>(ch_est::puschRxChEstStatDescr_t *, ch_est::puschRxChEstDynDescr_t *)"
5431966074,2560,372481,103,1,1,128,1,1,16,0.000,0.000,,,,,NVIDIA A100-SXM4-40GB MIG 4g.20gb (0),1,,13,cupy_copy__complex64_complex64
5431982586,12288,372491,1434,1,1,128,1,1,16,0.000,0.000,,,,,NVIDIA A100-SXM4-40GB MIG 4g.20gb (0),1,,13,cupy_copy__complex64_complex64
5432007546,2528,372498,103,1,1,128,1,1,16,0.000,0.000,,,,,NVIDIA A100-SXM4-40GB MIG 4g.20gb (0),1,,13,cupy_copy__complex64_complex64
5432029562,89694,372505,1,1,1,32,32,1,30,0.000,0.000,,,,,NVIDIA A100-SXM4-40GB MIG 4g.20gb (0),1,,13,"void convert_kernel<__half2, float2>(tensor_layout_any, T1 *, tensor_layout_any, const T2 *)"
5432150008,16224,372508,,,,,,,,,,0.094,5775.140,Pinned,Device,NVIDIA A100-SXM4-40GB MIG 4g.20gb (0),1,,13,[CUDA memcpy Host-to-Device]
5432173112,46655,372509,,,,,,,,,,35.810,767514.015,Device,,NVIDIA A100-SXM4-40GB MIG 4g.20gb (0),1,,13,[CUDA memset]
5432221175,6368,372511,,,,,,,,,,0.000,12.563,Pinned,Device,NVIDIA A100-SXM4-40GB MIG 4g.20gb (0),1,,13,[CUDA memcpy Host-to-Device]
5432231191,17568,372512,,,,,,,,,,0.197,11191.124,Pinned,Device,NVIDIA A100-SXM4-40GB MIG 4g.20gb (0),1,,13,[CUDA memcpy Host-to-Device]
5432258359,9824,372513,273,1,1,48,1,1,40,0.000,0.001,,,,,NVIDIA A100-SXM4-40GB MIG 4g.20gb (0),1,,13,"void pusch_noise_intf_est::noiseIntfEstNoDftSOfdmKernel<float, __half, float, float, (unsigned int)2, (unsigned int)1, (unsigned char)4, (unsigned char)4>(pusch_noise_intf_est::puschRxNoiseIntfEstDynDescr)"
5432273399,3200,372524,35,1,1,128,1,1,16,0.000,0.000,,,,,NVIDIA A100-SXM4-40GB MIG 4g.20gb (0),1,,13,cupy_copy__complex64_complex64
5432280886,1888,372533,1,1,1,1,1,1,18,0.000,0.000,,,,,NVIDIA A100-SXM4-40GB MIG 4g.20gb (0),1,,13,cupy_copy__float32_float32
5432304758,4160,372539,,,,,,,,,,0.000,0.962,Device,Pageable,NVIDIA A100-SXM4-40GB MIG 4g.20gb (0),1,,7,[CUDA memcpy Device-to-Host]
5432373589,12640,372550,1434,1,1,128,1,1,16,0.000,0.000,,,,,NVIDIA A100-SXM4-40GB MIG 4g.20gb (0),1,,13,cupy_copy__complex64_complex64
5432397973,2752,372557,103,1,1,128,1,1,16,0.000,0.000,,,,,NVIDIA A100-SXM4-40GB MIG 4g.20gb (0),1,,13,cupy_copy__complex64_complex64
5432418549,2432,372564,35,1,1,128,1,1,16,0.000,0.000,,,,,NVIDIA A100-SXM4-40GB MIG 4g.20gb (0),1,,13,cupy_copy__complex64_complex64
5432436725,1888,372571,1,1,1,1,1,1,18,0.000,0.000,,,,,NVIDIA A100-SXM4-40GB MIG 4g.20gb (0),1,,13,cupy_copy__float32_float32
5432570899,87519,372582,1,1,1,32,32,1,30,0.000,0.000,,,,,NVIDIA A100-SXM4-40GB MIG 4g.20gb (0),1,,13,"void convert_kernel<__half2, float2>(tensor_layout_any, T1 *, tensor_layout_any, const T2 *)"
5432687633,5536,372585,,,,,,,,,,0.094,16924.777,Pinned,Device,NVIDIA A100-SXM4-40GB MIG 4g.20gb (0),1,,13,[CUDA memcpy Host-to-Device]
5432701745,3488,372586,,,,,,,,,,1.547,443412.461,Device,,NVIDIA A100-SXM4-40GB MIG 4g.20gb (0),1,,13,[CUDA memset]
5432708913,3680,372591,,,,,,,,,,0.031,8504.344,Pinned,Device,NVIDIA A100-SXM4-40GB MIG 4g.20gb (0),1,,13,[CUDA memcpy Host-to-Device]
5432715313,9920,372592,,,,,,,,,,0.197,19819.266,Pinned,Device,NVIDIA A100-SXM4-40GB MIG 4g.20gb (0),1,,13,[CUDA memcpy Host-to-Device]
5432730033,6624,372593,273,1,1,8,4,1,39,0.002,0.000,,,,,NVIDIA A100-SXM4-40GB MIG 4g.20gb (0),1,,13,"void channel_eq::eqMmseCoefCompLowMimoKernel<float, float, float, (unsigned int)4, (unsigned int)1, (unsigned int)4>(const channel_eq::_puschRxChEqStatDescr *, channel_eq::_puschRxChEqCoefCompDynDescr)"
5432737681,6176,372594,273,1,1,12,11,1,51,0.002,0.000,,,,,NVIDIA A100-SXM4-40GB MIG 4g.20gb (0),1,,13,"void channel_eq::eqMmseSoftDemapKernel<float, __half, __half, float, (unsigned int)4, (unsigned short)16383>(channel_eq::_puschRxChEqStatDescr *, channel_eq::_puschRxChEqSoftDemapDynDescr)"
5432744785,282620,372595,1,1,1,32,32,1,30,0.000,0.000,,,,,NVIDIA A100-SXM4-40GB MIG 4g.20gb (0),1,,13,"void convert_kernel<float2, __half2>(tensor_layout_any, T1 *, tensor_layout_any, const T2 *)"
5433028365,10880,372607,2253,1,1,128,1,1,16,0.000,0.000,,,,,NVIDIA A100-SXM4-40GB MIG 4g.20gb (0),1,,13,cupy_copy__float16_float16
5433043437,2656,372616,282,1,1,128,1,1,16,0.000,0.000,,,,,NVIDIA A100-SXM4-40GB MIG 4g.20gb (0),1,,13,cupy_copy__complex64_complex64
5433047117,2304,372625,26,1,1,128,1,1,16,0.000,0.000,,,,,NVIDIA A100-SXM4-40GB MIG 4g.20gb (0),1,,13,cupy_copy__float32_float32
5433050541,2880,372634,103,1,1,128,1,1,16,0.000,0.000,,,,,NVIDIA A100-SXM4-40GB MIG 4g.20gb (0),1,,13,cupy_copy__complex64_complex64
5433054509,12288,372644,1434,1,1,128,1,1,16,0.000,0.000,,,,,NVIDIA A100-SXM4-40GB MIG 4g.20gb (0),1,,13,cupy_copy__complex64_complex64
5433080045,87327,372649,1,1,1,32,32,1,30,0.000,0.000,,,,,NVIDIA A100-SXM4-40GB MIG 4g.20gb (0),1,,13,"void convert_kernel<__half2, float2>(tensor_layout_any, T1 *, tensor_layout_any, const T2 *)"
5433195179,5952,372652,,,,,,,,,,0.094,15741.865,Pinned,Device,NVIDIA A100-SXM4-40GB MIG 4g.20gb (0),1,,13,[CUDA memcpy Host-to-Device]
5433207179,596377,372653,,,,,,,,,,456.561,765196.973,Device,,NVIDIA A100-SXM4-40GB MIG 4g.20gb (0),1,,13,[CUDA memset]
5433808292,166110,372658,,,,,,,,,,1.235,7434.363,Pinned,Device,NVIDIA A100-SXM4-40GB MIG 4g.20gb (0),1,,13,[CUDA memcpy Host-to-Device]
5433986817,38272,372659,,,,,,,,,,0.197,5136.974,Pinned,Device,NVIDIA A100-SXM4-40GB MIG 4g.20gb (0),1,,13,[CUDA memcpy Host-to-Device]
5434048673,8416,372660,69,4,1,48,1,1,76,0.002,0.000,,,,,NVIDIA A100-SXM4-40GB MIG 4g.20gb (0),1,,13,"void ch_est::windowedChEstPreNoDftSOfdmKernel<float, __half, float, (unsigned int)2, (unsigned int)1, (unsigned short)4>(ch_est::puschRxChEstStatDescr_t *, ch_est::puschRxChEstDynDescr_t *)"
5434066400,6848,372661,137,2,1,24,2,1,44,0.001,0.001,,,,,NVIDIA A100-SXM4-40GB MIG 4g.20gb (0),1,,13,"void ch_est::chEstFilterNoDftSOfdmDispatchKernel<float, __half, float, (unsigned int)2>(ch_est::puschRxChEstStatDescr_t *, ch_est::puschRxChEstDynDescr_t *)"
5434085824,4736,372662,137,2,1,24,2,1,44,0.001,0.001,,,,,NVIDIA A100-SXM4-40GB MIG 4g.20gb (0),1,,13,"void ch_est::chEstFilterNoDftSOfdmDispatchKernel<float, __half, float, (unsigned int)2>(ch_est::puschRxChEstStatDescr_t *, ch_est::puschRxChEstDynDescr_t *)"
5434102912,2688,372673,103,1,1,128,1,1,16,0.000,0.000,,,,,NVIDIA A100-SXM4-40GB MIG 4g.20gb (0),1,,13,cupy_copy__complex64_complex64
5434120096,12384,372683,1434,1,1,128,1,1,16,0.000,0.000,,,,,NVIDIA A100-SXM4-40GB MIG 4g.20gb (0),1,,13,cupy_copy__complex64_complex64
5434138720,2944,372690,103,1,1,128,1,1,16,0.000,0.000,,,,,NVIDIA A100-SXM4-40GB MIG 4g.20gb (0),1,,13,cupy_copy__complex64_complex64
5434159359,99327,372697,1,1,1,32,32,1,30,0.000,0.000,,,,,NVIDIA A100-SXM4-40GB MIG 4g.20gb (0),1,,13,"void convert_kernel<__half2, float2>(tensor_layout_any, T1 *, tensor_layout_any, const T2 *)"
5434296030,23807,372700,,,,,,,,,,0.094,3935.607,Pinned,Device,NVIDIA A100-SXM4-40GB MIG 4g.20gb (0),1,,13,[CUDA memcpy Host-to-Device]
5434336989,46784,372701,,,,,,,,,,35.810,765401.230,Device,,NVIDIA A100-SXM4-40GB MIG 4g.20gb (0),1,,13,[CUDA memset]
5434386109,15135,372703,,,,,,,,,,0.000,5.286,Pinned,Device,NVIDIA A100-SXM4-40GB MIG 4g.20gb (0),1,,13,[CUDA memcpy Host-to-Device]
5434407420,36064,372704,,,,,,,,,,0.197,5451.547,Pinned,Device,NVIDIA A100-SXM4-40GB MIG 4g.20gb (0),1,,13,[CUDA memcpy Host-to-Device]
5434467420,9887,372705,273,1,1,48,1,1,40,0.000,0.001,,,,,NVIDIA A100-SXM4-40GB MIG 4g.20gb (0),1,,13,"void pusch_noise_intf_est::noiseIntfEstNoDftSOfdmKernel<float, __half, float, float, (unsigned int)2, (unsigned int)1, (unsigned char)4, (unsigned char)4>(pusch_noise_intf_est::puschRxNoiseIntfEstDynDescr)"
5434484603,2752,372716,35,1,1,128,1,1,16,0.000,0.000,,,,,NVIDIA A100-SXM4-40GB MIG 4g.20gb (0),1,,13,cupy_copy__complex64_complex64
5434500091,1728,372725,1,1,1,1,1,1,18,0.000,0.000,,,,,NVIDIA A100-SXM4-40GB MIG 4g.20gb (0),1,,13,cupy_copy__float32_float32
5434502555,8576,372731,,,,,,,,,,0.000,0.466,Device,Pageable,NVIDIA A100-SXM4-40GB MIG 4g.20gb (0),1,,7,[CUDA memcpy Device-to-Host]
5434588154,13088,372742,1434,1,1,128,1,1,16,0.000,0.000,,,,,NVIDIA A100-SXM4-40GB MIG 4g.20gb (0),1,,13,cupy_copy__complex64_complex64
5434614266,2912,372749,103,1,1,128,1,1,16,0.000,0.000,,,,,NVIDIA A100-SXM4-40GB MIG 4g.20gb (0),1,,13,cupy_copy__complex64_complex64
5434632281,2304,372756,35,1,1,128,1,1,16,0.000,0.000,,,,,NVIDIA A100-SXM4-40GB MIG 4g.20gb (0),1,,13,cupy_copy__complex64_complex64
5434653273,2112,372763,1,1,1,1,1,1,18,0.000,0.000,,,,,NVIDIA A100-SXM4-40GB MIG 4g.20gb (0),1,,13,cupy_copy__float32_float32
5434779800,87999,372774,1,1,1,32,32,1,30,0.000,0.000,,,,,NVIDIA A100-SXM4-40GB MIG 4g.20gb (0),1,,13,"void convert_kernel<__half2, float2>(tensor_layout_any, T1 *, tensor_layout_any, const T2 *)"
5434897142,5824,372777,,,,,,,,,,0.094,16087.884,Pinned,Device,NVIDIA A100-SXM4-40GB MIG 4g.20gb (0),1,,13,[CUDA memcpy Host-to-Device]
5434912022,3104,372778,,,,,,,,,,1.547,498266.574,Device,,NVIDIA A100-SXM4-40GB MIG 4g.20gb (0),1,,13,[CUDA memset]
5434918806,3552,372783,,,,,,,,,,0.031,8810.794,Pinned,Device,NVIDIA A100-SXM4-40GB MIG 4g.20gb (0),1,,13,[CUDA memcpy Host-to-Device]
5434925046,9632,372784,,,,,,,,,,0.197,20411.843,Pinned,Device,NVIDIA A100-SXM4-40GB MIG 4g.20gb (0),1,,13,[CUDA memcpy Host-to-Device]
5434940406,6912,372785,273,1,1,8,4,1,39,0.002,0.000,,,,,NVIDIA A100-SXM4-40GB MIG 4g.20gb (0),1,,13,"void channel_eq::eqMmseCoefCompLowMimoKernel<float, float, float, (unsigned int)4, (unsigned int)1, (unsigned int)4>(const channel_eq::_puschRxChEqStatDescr *, channel_eq::_puschRxChEqCoefCompDynDescr)"
5434948406,6304,372786,273,1,1,12,11,1,51,0.002,0.000,,,,,NVIDIA A100-SXM4-40GB MIG 4g.20gb (0),1,,13,"void channel_eq::eqMmseSoftDemapKernel<float, __half, __half, float, (unsigned int)4, (unsigned short)16383>(channel_eq::_puschRxChEqStatDescr *, channel_eq::_puschRxChEqSoftDemapDynDescr)"
5434955670,282204,372787,1,1,1,32,32,1,30,0.000,0.000,,,,,NVIDIA A100-SXM4-40GB MIG 4g.20gb (0),1,,13,"void convert_kernel<float2, __half2>(tensor_layout_any, T1 *, tensor_layout_any, const T2 *)"
5435241458,10944,372799,2253,1,1,128,1,1,16,0.000,0.000,,,,,NVIDIA A100-SXM4-40GB MIG 4g.20gb (0),1,,13,cupy_copy__float16_float16
5435254898,3168,372808,282,1,1,128,1,1,16,0.000,0.000,,,,,NVIDIA A100-SXM4-40GB MIG 4g.20gb (0),1,,13,cupy_copy__complex64_complex64
5435262994,2336,372817,26,1,1,128,1,1,16,0.000,0.000,,,,,NVIDIA A100-SXM4-40GB MIG 4g.20gb (0),1,,13,cupy_copy__float32_float32
5435268306,2880,372826,103,1,1,128,1,1,16,0.000,0.000,,,,,NVIDIA A100-SXM4-40GB MIG 4g.20gb (0),1,,13,cupy_copy__complex64_complex64
5435273970,11935,372836,1434,1,1,128,1,1,16,0.000,0.000,,,,,NVIDIA A100-SXM4-40GB MIG 4g.20gb (0),1,,13,cupy_copy__complex64_complex64
5435292017,87647,372841,1,1,1,32,32,1,30,0.000,0.000,,,,,NVIDIA A100-SXM4-40GB MIG 4g.20gb (0),1,,13,"void convert_kernel<__half2, float2>(tensor_layout_any, T1 *, tensor_layout_any, const T2 *)"
5435406608,5728,372844,,,,,,,,,,0.094,16357.541,Pinned,Device,NVIDIA A100-SXM4-40GB MIG 4g.20gb (0),1,,13,[CUDA memcpy Host-to-Device]
5435416976,599032,372845,,,,,,,,,,456.561,762001.043,Device,,NVIDIA A100-SXM4-40GB MIG 4g.20gb (0),1,,13,[CUDA memset]
5436021224,99839,372850,,,,,,,,,,1.235,12369.199,Pinned,Device,NVIDIA A100-SXM4-40GB MIG 4g.20gb (0),1,,13,[CUDA memcpy Host-to-Device]
5436126983,27616,372851,,,,,,,,,,0.197,7119.176,Pinned,Device,NVIDIA A100-SXM4-40GB MIG 4g.20gb (0),1,,13,[CUDA memcpy Host-to-Device]
5436170727,8383,372852,69,4,1,48,1,1,76,0.002,0.000,,,,,NVIDIA A100-SXM4-40GB MIG 4g.20gb (0),1,,13,"void ch_est::windowedChEstPreNoDftSOfdmKernel<float, __half, float, (unsigned int)2, (unsigned int)1, (unsigned short)4>(ch_est::puschRxChEstStatDescr_t *, ch_est::puschRxChEstDynDescr_t *)"
5436185094,6784,372853,137,2,1,24,2,1,44,0.001,0.001,,,,,NVIDIA A100-SXM4-40GB MIG 4g.20gb (0),1,,13,"void ch_est::chEstFilterNoDftSOfdmDispatchKernel<float, __half, float, (unsigned int)2>(ch_est::puschRxChEstStatDescr_t *, ch_est::puschRxChEstDynDescr_t *)"
5436194246,4768,372854,137,2,1,24,2,1,44,0.001,0.001,,,,,NVIDIA A100-SXM4-40GB MIG 4g.20gb (0),1,,13,"void ch_est::chEstFilterNoDftSOfdmDispatchKernel<float, __half, float, (unsigned int)2>(ch_est::puschRxChEstStatDescr_t *, ch_est::puschRxChEstDynDescr_t *)"
5436208134,2784,372865,103,1,1,128,1,1,16,0.000,0.000,,,,,NVIDIA A100-SXM4-40GB MIG 4g.20gb (0),1,,13,cupy_copy__complex64_complex64
5436220646,12448,372875,1434,1,1,128,1,1,16,0.000,0.000,,,,,NVIDIA A100-SXM4-40GB MIG 4g.20gb (0),1,,13,cupy_copy__complex64_complex64
5436240998,2688,372882,103,1,1,128,1,1,16,0.000,0.000,,,,,NVIDIA A100-SXM4-40GB MIG 4g.20gb (0),1,,13,cupy_copy__complex64_complex64
5436249894,82559,372889,1,1,1,32,32,1,30,0.000,0.000,,,,,NVIDIA A100-SXM4-40GB MIG 4g.20gb (0),1,,13,"void convert_kernel<__half2, float2>(tensor_layout_any, T1 *, tensor_layout_any, const T2 *)"
5436362980,10368,372892,,,,,,,,,,0.094,9036.979,Pinned,Device,NVIDIA A100-SXM4-40GB MIG 4g.20gb (0),1,,13,[CUDA memcpy Host-to-Device]
5436382852,47359,372893,,,,,,,,,,35.810,756126.461,Device,,NVIDIA A100-SXM4-40GB MIG 4g.20gb (0),1,,13,[CUDA memset]
5436437891,10624,372895,,,,,,,,,,0.000,7.530,Pinned,Device,NVIDIA A100-SXM4-40GB MIG 4g.20gb (0),1,,13,[CUDA memcpy Host-to-Device]
5436459683,20896,372896,,,,,,,,,,0.197,9408.872,Pinned,Device,NVIDIA A100-SXM4-40GB MIG 4g.20gb (0),1,,13,[CUDA memcpy Host-to-Device]
5436496323,9343,372897,273,1,1,48,1,1,40,0.000,0.001,,,,,NVIDIA A100-SXM4-40GB MIG 4g.20gb (0),1,,13,"void pusch_noise_intf_est::noiseIntfEstNoDftSOfdmKernel<float, __half, float, float, (unsigned int)2, (unsigned int)1, (unsigned char)4, (unsigned char)4>(pusch_noise_intf_est::puschRxNoiseIntfEstDynDescr)"
5436510978,2752,372908,35,1,1,128,1,1,16,0.000,0.000,,,,,NVIDIA A100-SXM4-40GB MIG 4g.20gb (0),1,,13,cupy_copy__complex64_complex64
5436526466,1664,372917,1,1,1,1,1,1,18,0.000,0.000,,,,,NVIDIA A100-SXM4-40GB MIG 4g.20gb (0),1,,13,cupy_copy__float32_float32
5436534850,7040,372923,,,,,,,,,,0.000,0.568,Device,Pageable,NVIDIA A100-SXM4-40GB MIG 4g.20gb (0),1,,7,[CUDA memcpy Device-to-Host]
5436631521,12672,372934,1434,1,1,128,1,1,16,0.000,0.000,,,,,NVIDIA A100-SXM4-40GB MIG 4g.20gb (0),1,,13,cupy_copy__complex64_complex64
5436654849,3392,372941,103,1,1,128,1,1,16,0.000,0.000,,,,,NVIDIA A100-SXM4-40GB MIG 4g.20gb (0),1,,13,cupy_copy__complex64_complex64
5436677568,2560,372948,35,1,1,128,1,1,16,0.000,0.000,,,,,NVIDIA A100-SXM4-40GB MIG 4g.20gb (0),1,,13,cupy_copy__complex64_complex64
5436697088,1696,372955,1,1,1,1,1,1,18,0.000,0.000,,,,,NVIDIA A100-SXM4-40GB MIG 4g.20gb (0),1,,13,cupy_copy__float32_float32
5436820479,89630,372966,1,1,1,32,32,1,30,0.000,0.000,,,,,NVIDIA A100-SXM4-40GB MIG 4g.20gb (0),1,,13,"void convert_kernel<__half2, float2>(tensor_layout_any, T1 *, tensor_layout_any, const T2 *)"
5436941309,27936,372969,,,,,,,,,,0.094,3353.942,Pinned,Device,NVIDIA A100-SXM4-40GB MIG 4g.20gb (0),1,,13,[CUDA memcpy Host-to-Device]
5436987196,3456,372970,,,,,,,,,,1.547,447517.201,Device,,NVIDIA A100-SXM4-40GB MIG 4g.20gb (0),1,,13,[CUDA memset]
5436991388,6688,372975,,,,,,,,,,0.031,4679.409,Pinned,Device,NVIDIA A100-SXM4-40GB MIG 4g.20gb (0),1,,13,[CUDA memcpy Host-to-Device]
5437008732,19584,372976,,,,,,,,,,0.197,10039.198,Pinned,Device,NVIDIA A100-SXM4-40GB MIG 4g.20gb (0),1,,13,[CUDA memcpy Host-to-Device]
5437038268,6048,372977,273,1,1,8,4,1,39,0.002,0.000,,,,,NVIDIA A100-SXM4-40GB MIG 4g.20gb (0),1,,13,"void channel_eq::eqMmseCoefCompLowMimoKernel<float, float, float, (unsigned int)4, (unsigned int)1, (unsigned int)4>(const channel_eq::_puschRxChEqStatDescr *, channel_eq::_puschRxChEqCoefCompDynDescr)"
5437049532,5504,372978,273,1,1,12,11,1,51,0.002,0.000,,,,,NVIDIA A100-SXM4-40GB MIG 4g.20gb (0),1,,13,"void channel_eq::eqMmseSoftDemapKernel<float, __half, __half, float, (unsigned int)4, (unsigned short)16383>(channel_eq::_puschRxChEqStatDescr *, channel_eq::_puschRxChEqSoftDemapDynDescr)"
5437057148,290876,372979,1,1,1,32,32,1,30,0.000,0.000,,,,,NVIDIA A100-SXM4-40GB MIG 4g.20gb (0),1,,13,"void convert_kernel<float2, __half2>(tensor_layout_any, T1 *, tensor_layout_any, const T2 *)"
5437351064,11168,372991,2253,1,1,128,1,1,16,0.000,0.000,,,,,NVIDIA A100-SXM4-40GB MIG 4g.20gb (0),1,,13,cupy_copy__float16_float16
5437364216,3776,373000,282,1,1,128,1,1,16,0.000,0.000,,,,,NVIDIA A100-SXM4-40GB MIG 4g.20gb (0),1,,13,cupy_copy__complex64_complex64
5437369784,2176,373009,26,1,1,128,1,1,16,0.000,0.000,,,,,NVIDIA A100-SXM4-40GB MIG 4g.20gb (0),1,,13,cupy_copy__float32_float32
5437375320,3648,373018,103,1,1,128,1,1,16,0.000,0.000,,,,,NVIDIA A100-SXM4-40GB MIG 4g.20gb (0),1,,13,cupy_copy__complex64_complex64
5437380248,11903,373028,1434,1,1,128,1,1,16,0.000,0.000,,,,,NVIDIA A100-SXM4-40GB MIG 4g.20gb (0),1,,13,cupy_copy__complex64_complex64
5437395959,80927,373033,1,1,1,32,32,1,30,0.000,0.000,,,,,NVIDIA A100-SXM4-40GB MIG 4g.20gb (0),1,,13,"void convert_kernel<__half2, float2>(tensor_layout_any, T1 *, tensor_layout_any, const T2 *)"
5437503670,5536,373036,,,,,,,,,,0.094,16924.777,Pinned,Device,NVIDIA A100-SXM4-40GB MIG 4g.20gb (0),1,,13,[CUDA memcpy Host-to-Device]
5437513686,600249,373037,,,,,,,,,,456.561,760174.798,Device,,NVIDIA A100-SXM4-40GB MIG 4g.20gb (0),1,,13,[CUDA memset]
5438119311,169213,373042,,,,,,,,,,1.235,7297.284,Pinned,Device,NVIDIA A100-SXM4-40GB MIG 4g.20gb (0),1,,13,[CUDA memcpy Host-to-Device]
5438302252,42432,373043,,,,,,,,,,0.197,4633.461,Pinned,Device,NVIDIA A100-SXM4-40GB MIG 4g.20gb (0),1,,13,[CUDA memcpy Host-to-Device]
5438375883,8320,373044,69,4,1,48,1,1,76,0.002,0.000,,,,,NVIDIA A100-SXM4-40GB MIG 4g.20gb (0),1,,13,"void ch_est::windowedChEstPreNoDftSOfdmKernel<float, __half, float, (unsigned int)2, (unsigned int)1, (unsigned short)4>(ch_est::puschRxChEstStatDescr_t *, ch_est::puschRxChEstDynDescr_t *)"
5438391819,6592,373045,137,2,1,24,2,1,44,0.001,0.001,,,,,NVIDIA A100-SXM4-40GB MIG 4g.20gb (0),1,,13,"void ch_est::chEstFilterNoDftSOfdmDispatchKernel<float, __half, float, (unsigned int)2>(ch_est::puschRxChEstStatDescr_t *, ch_est::puschRxChEstDynDescr_t *)"
5438407531,5056,373046,137,2,1,24,2,1,44,0.001,0.001,,,,,NVIDIA A100-SXM4-40GB MIG 4g.20gb (0),1,,13,"void ch_est::chEstFilterNoDftSOfdmDispatchKernel<float, __half, float, (unsigned int)2>(ch_est::puschRxChEstStatDescr_t *, ch_est::puschRxChEstDynDescr_t *)"
5438420235,2528,373057,103,1,1,128,1,1,16,0.000,0.000,,,,,NVIDIA A100-SXM4-40GB MIG 4g.20gb (0),1,,13,cupy_copy__complex64_complex64
5438437291,12511,373067,1434,1,1,128,1,1,16,0.000,0.000,,,,,NVIDIA A100-SXM4-40GB MIG 4g.20gb (0),1,,13,cupy_copy__complex64_complex64
5438460906,2752,373074,103,1,1,128,1,1,16,0.000,0.000,,,,,NVIDIA A100-SXM4-40GB MIG 4g.20gb (0),1,,13,cupy_copy__complex64_complex64
5438472746,84319,373081,1,1,1,32,32,1,30,0.000,0.000,,,,,NVIDIA A100-SXM4-40GB MIG 4g.20gb (0),1,,13,"void convert_kernel<__half2, float2>(tensor_layout_any, T1 *, tensor_layout_any, const T2 *)"
5438588425,14080,373084,,,,,,,,,,0.094,6654.477,Pinned,Device,NVIDIA A100-SXM4-40GB MIG 4g.20gb (0),1,,13,[CUDA memcpy Host-to-Device]
5438607081,48191,373085,,,,,,,,,,35.810,743055.840,Device,,NVIDIA A100-SXM4-40GB MIG 4g.20gb (0),1,,13,[CUDA memset]
5438659752,8320,373087,,,,,,,,,,0.000,9.615,Pinned,Device,NVIDIA A100-SXM4-40GB MIG 4g.20gb (0),1,,13,[CUDA memcpy Host-to-Device]
5438676200,16095,373088,,,,,,,,,,0.197,12215.452,Pinned,Device,NVIDIA A100-SXM4-40GB MIG 4g.20gb (0),1,,13,[CUDA memcpy Host-to-Device]
5438709159,9920,373089,273,1,1,48,1,1,40,0.000,0.001,,,,,NVIDIA A100-SXM4-40GB MIG 4g.20gb (0),1,,13,"void pusch_noise_intf_est::noiseIntfEstNoDftSOfdmKernel<float, __half, float, float, (unsigned int)2, (unsigned int)1, (unsigned char)4, (unsigned char)4>(pusch_noise_intf_est::puschRxNoiseIntfEstDynDescr)"
5438730183,2624,373100,35,1,1,128,1,1,16,0.000,0.000,,,,,NVIDIA A100-SXM4-40GB MIG 4g.20gb (0),1,,13,cupy_copy__complex64_complex64
5438740647,1728,373109,1,1,1,1,1,1,18,0.000,0.000,,,,,NVIDIA A100-SXM4-40GB MIG 4g.20gb (0),1,,13,cupy_copy__float32_float32
5438748711,6432,373115,,,,,,,,,,0.000,0.622,Device,Pageable,NVIDIA A100-SXM4-40GB MIG 4g.20gb (0),1,,7,[CUDA memcpy Device-to-Host]
5438824934,13120,373126,1434,1,1,128,1,1,16,0.000,0.000,,,,,NVIDIA A100-SXM4-40GB MIG 4g.20gb (0),1,,13,cupy_copy__complex64_complex64
5438862629,2944,373133,103,1,1,128,1,1,16,0.000,0.000,,,,,NVIDIA A100-SXM4-40GB MIG 4g.20gb (0),1,,13,cupy_copy__complex64_complex64
5438881541,2784,373140,35,1,1,128,1,1,16,0.000,0.000,,,,,NVIDIA A100-SXM4-40GB MIG 4g.20gb (0),1,,13,cupy_copy__complex64_complex64
5438897733,1856,373147,1,1,1,1,1,1,18,0.000,0.000,,,,,NVIDIA A100-SXM4-40GB MIG 4g.20gb (0),1,,13,cupy_copy__float32_float32
5439028291,87583,373158,1,1,1,32,32,1,30,0.000,0.000,,,,,NVIDIA A100-SXM4-40GB MIG 4g.20gb (0),1,,13,"void convert_kernel<__half2, float2>(tensor_layout_any, T1 *, tensor_layout_any, const T2 *)"
5439143586,5472,373161,,,,,,,,,,0.094,17122.757,Pinned,Device,NVIDIA A100-SXM4-40GB MIG 4g.20gb (0),1,,13,[CUDA memcpy Host-to-Device]
5439159842,3328,373162,,,,,,,,,,1.547,464729.580,Device,,NVIDIA A100-SXM4-40GB MIG 4g.20gb (0),1,,13,[CUDA memset]
5439165026,3136,373167,,,,,,,,,,0.031,9979.575,Pinned,Device,NVIDIA A100-SXM4-40GB MIG 4g.20gb (0),1,,13,[CUDA memcpy Host-to-Device]
5439170594,9919,373168,,,,,,,,,,0.197,19821.232,Pinned,Device,NVIDIA A100-SXM4-40GB MIG 4g.20gb (0),1,,13,[CUDA memcpy Host-to-Device]
5439185729,6432,373169,273,1,1,8,4,1,39,0.002,0.000,,,,,NVIDIA A100-SXM4-40GB MIG 4g.20gb (0),1,,13,"void channel_eq::eqMmseCoefCompLowMimoKernel<float, float, float, (unsigned int)4, (unsigned int)1, (unsigned int)4>(const channel_eq::_puschRxChEqStatDescr *, channel_eq::_puschRxChEqCoefCompDynDescr)"
5439193089,5888,373170,273,1,1,12,11,1,51,0.002,0.000,,,,,NVIDIA A100-SXM4-40GB MIG 4g.20gb (0),1,,13,"void channel_eq::eqMmseSoftDemapKernel<float, __half, __half, float, (unsigned int)4, (unsigned short)16383>(channel_eq::_puschRxChEqStatDescr *, channel_eq::_puschRxChEqSoftDemapDynDescr)"
5439200097,281757,373171,1,1,1,32,32,1,30,0.000,0.000,,,,,NVIDIA A100-SXM4-40GB MIG 4g.20gb (0),1,,13,"void convert_kernel<float2, __half2>(tensor_layout_any, T1 *, tensor_layout_any, const T2 *)"
5439484094,11008,373183,2253,1,1,128,1,1,16,0.000,0.000,,,,,NVIDIA A100-SXM4-40GB MIG 4g.20gb (0),1,,13,cupy_copy__float16_float16
5439497278,3168,373192,282,1,1,128,1,1,16,0.000,0.000,,,,,NVIDIA A100-SXM4-40GB MIG 4g.20gb (0),1,,13,cupy_copy__complex64_complex64
5439503805,2112,373201,26,1,1,128,1,1,16,0.000,0.000,,,,,NVIDIA A100-SXM4-40GB MIG 4g.20gb (0),1,,13,cupy_copy__float32_float32
5439509149,4672,373210,103,1,1,128,1,1,16,0.000,0.000,,,,,NVIDIA A100-SXM4-40GB MIG 4g.20gb (0),1,,13,cupy_copy__complex64_complex64
5439515645,12160,373220,1434,1,1,128,1,1,16,0.000,0.000,,,,,NVIDIA A100-SXM4-40GB MIG 4g.20gb (0),1,,13,cupy_copy__complex64_complex64
5439532957,81759,373225,1,1,1,32,32,1,30,0.000,0.000,,,,,NVIDIA A100-SXM4-40GB MIG 4g.20gb (0),1,,13,"void convert_kernel<__half2, float2>(tensor_layout_any, T1 *, tensor_layout_any, const T2 *)"
5439642236,5376,373228,,,,,,,,,,0.094,17428.487,Pinned,Device,NVIDIA A100-SXM4-40GB MIG 4g.20gb (0),1,,13,[CUDA memcpy Host-to-Device]
5439653436,597368,373229,,,,,,,,,,456.561,764283.851,Device,,NVIDIA A100-SXM4-40GB MIG 4g.20gb (0),1,,13,[CUDA memset]
5440253940,133439,373234,,,,,,,,,,1.235,9254.670,Pinned,Device,NVIDIA A100-SXM4-40GB MIG 4g.20gb (0),1,,13,[CUDA memcpy Host-to-Device]
5440397970,36320,373235,,,,,,,,,,0.197,5413.208,Pinned,Device,NVIDIA A100-SXM4-40GB MIG 4g.20gb (0),1,,13,[CUDA memcpy Host-to-Device]
5440450386,8352,373236,69,4,1,48,1,1,76,0.002,0.000,,,,,NVIDIA A100-SXM4-40GB MIG 4g.20gb (0),1,,13,"void ch_est::windowedChEstPreNoDftSOfdmKernel<float, __half, float, (unsigned int)2, (unsigned int)1, (unsigned short)4>(ch_est::puschRxChEstStatDescr_t *, ch_est::puschRxChEstDynDescr_t *)"
5440467634,6976,373237,137,2,1,24,2,1,44,0.001,0.001,,,,,NVIDIA A100-SXM4-40GB MIG 4g.20gb (0),1,,13,"void ch_est::chEstFilterNoDftSOfdmDispatchKernel<float, __half, float, (unsigned int)2>(ch_est::puschRxChEstStatDescr_t *, ch_est::puschRxChEstDynDescr_t *)"
5440484401,4768,373238,137,2,1,24,2,1,44,0.001,0.001,,,,,NVIDIA A100-SXM4-40GB MIG 4g.20gb (0),1,,13,"void ch_est::chEstFilterNoDftSOfdmDispatchKernel<float, __half, float, (unsigned int)2>(ch_est::puschRxChEstStatDescr_t *, ch_est::puschRxChEstDynDescr_t *)"
5440500817,2752,373249,103,1,1,128,1,1,16,0.000,0.000,,,,,NVIDIA A100-SXM4-40GB MIG 4g.20gb (0),1,,13,cupy_copy__complex64_complex64
5440518129,12320,373259,1434,1,1,128,1,1,16,0.000,0.000,,,,,NVIDIA A100-SXM4-40GB MIG 4g.20gb (0),1,,13,cupy_copy__complex64_complex64
5440538385,2880,373266,103,1,1,128,1,1,16,0.000,0.000,,,,,NVIDIA A100-SXM4-40GB MIG 4g.20gb (0),1,,13,cupy_copy__complex64_complex64
5440564816,95807,373273,1,1,1,32,32,1,30,0.000,0.000,,,,,NVIDIA A100-SXM4-40GB MIG 4g.20gb (0),1,,13,"void convert_kernel<__half2, float2>(tensor_layout_any, T1 *, tensor_layout_any, const T2 *)"
5440695695,19616,373276,,,,,,,,,,0.094,4776.435,Pinned,Device,NVIDIA A100-SXM4-40GB MIG 4g.20gb (0),1,,13,[CUDA memcpy Host-to-Device]
5440729390,47360,373277,,,,,,,,,,35.810,756090.651,Device,,NVIDIA A100-SXM4-40GB MIG 4g.20gb (0),1,,13,[CUDA memset]
5440782670,8192,373279,,,,,,,,,,0.000,9.766,Pinned,Device,NVIDIA A100-SXM4-40GB MIG 4g.20gb (0),1,,13,[CUDA memcpy Host-to-Device]
5440798830,15839,373280,,,,,,,,,,0.197,12412.846,Pinned,Device,NVIDIA A100-SXM4-40GB MIG 4g.20gb (0),1,,13,[CUDA memcpy Host-to-Device]
5440825325,13024,373281,273,1,1,48,1,1,40,0.000,0.001,,,,,NVIDIA A100-SXM4-40GB MIG 4g.20gb (0),1,,13,"void pusch_noise_intf_est::noiseIntfEstNoDftSOfdmKernel<float, __half, float, float, (unsigned int)2, (unsigned int)1, (unsigned char)4, (unsigned char)4>(pusch_noise_intf_est::puschRxNoiseIntfEstDynDescr)"
5440840973,3232,373292,35,1,1,128,1,1,16,0.000,0.000,,,,,NVIDIA A100-SXM4-40GB MIG 4g.20gb (0),1,,13,cupy_copy__complex64_complex64
5440848781,1792,373301,1,1,1,1,1,1,18,0.000,0.000,,,,,NVIDIA A100-SXM4-40GB MIG 4g.20gb (0),1,,13,cupy_copy__float32_float32
5440856397,5024,373307,,,,,,,,,,0.000,0.796,Device,Pageable,NVIDIA A100-SXM4-40GB MIG 4g.20gb (0),1,,7,[CUDA memcpy Device-to-Host]
5440931916,12800,373318,1434,1,1,128,1,1,16,0.000,0.000,,,,,NVIDIA A100-SXM4-40GB MIG 4g.20gb (0),1,,13,cupy_copy__complex64_complex64
5440963819,3200,373325,103,1,1,128,1,1,16,0.000,0.000,,,,,NVIDIA A100-SXM4-40GB MIG 4g.20gb (0),1,,13,cupy_copy__complex64_complex64
5440982283,2752,373332,35,1,1,128,1,1,16,0.000,0.000,,,,,NVIDIA A100-SXM4-40GB MIG 4g.20gb (0),1,,13,cupy_copy__complex64_complex64
5440999115,1952,373339,1,1,1,1,1,1,18,0.000,0.000,,,,,NVIDIA A100-SXM4-40GB MIG 4g.20gb (0),1,,13,cupy_copy__float32_float32
5441132745,82047,373350,1,1,1,32,32,1,30,0.000,0.000,,,,,NVIDIA A100-SXM4-40GB MIG 4g.20gb (0),1,,13,"void convert_kernel<__half2, float2>(tensor_layout_any, T1 *, tensor_layout_any, const T2 *)"
5441242536,7104,373353,,,,,,,,,,0.094,13189.117,Pinned,Device,NVIDIA A100-SXM4-40GB MIG 4g.20gb (0),1,,13,[CUDA memcpy Host-to-Device]
5441258248,3360,373354,,,,,,,,,,1.547,460304.688,Device,,NVIDIA A100-SXM4-40GB MIG 4g.20gb (0),1,,13,[CUDA memset]
5441264072,3104,373359,,,,,,,,,,0.031,10082.445,Pinned,Device,NVIDIA A100-SXM4-40GB MIG 4g.20gb (0),1,,13,[CUDA memcpy Host-to-Device]
5441270056,9376,373360,,,,,,,,,,0.197,20969.226,Pinned,Device,NVIDIA A100-SXM4-40GB MIG 4g.20gb (0),1,,13,[CUDA memcpy Host-to-Device]
5441284456,8479,373361,273,1,1,8,4,1,39,0.002,0.000,,,,,NVIDIA A100-SXM4-40GB MIG 4g.20gb (0),1,,13,"void channel_eq::eqMmseCoefCompLowMimoKernel<float, float, float, (unsigned int)4, (unsigned int)1, (unsigned int)4>(const channel_eq::_puschRxChEqStatDescr *, channel_eq::_puschRxChEqCoefCompDynDescr)"
5441293863,6176,373362,273,1,1,12,11,1,51,0.002,0.000,,,,,NVIDIA A100-SXM4-40GB MIG 4g.20gb (0),1,,13,"void channel_eq::eqMmseSoftDemapKernel<float, __half, __half, float, (unsigned int)4, (unsigned short)16383>(channel_eq::_puschRxChEqStatDescr *, channel_eq::_puschRxChEqSoftDemapDynDescr)"
5441301127,282973,373363,1,1,1,32,32,1,30,0.000,0.000,,,,,NVIDIA A100-SXM4-40GB MIG 4g.20gb (0),1,,13,"void convert_kernel<float2, __half2>(tensor_layout_any, T1 *, tensor_layout_any, const T2 *)"
5441586116,10848,373375,2253,1,1,128,1,1,16,0.000,0.000,,,,,NVIDIA A100-SXM4-40GB MIG 4g.20gb (0),1,,13,cupy_copy__float16_float16
5441600516,3744,373384,282,1,1,128,1,1,16,0.000,0.000,,,,,NVIDIA A100-SXM4-40GB MIG 4g.20gb (0),1,,13,cupy_copy__complex64_complex64
5441607844,2112,373393,26,1,1,128,1,1,16,0.000,0.000,,,,,NVIDIA A100-SXM4-40GB MIG 4g.20gb (0),1,,13,cupy_copy__float32_float32
5441611076,2815,373402,103,1,1,128,1,1,16,0.000,0.000,,,,,NVIDIA A100-SXM4-40GB MIG 4g.20gb (0),1,,13,cupy_copy__complex64_complex64
5441614851,12000,373412,1434,1,1,128,1,1,16,0.000,0.000,,,,,NVIDIA A100-SXM4-40GB MIG 4g.20gb (0),1,,13,cupy_copy__complex64_complex64
5441631683,87103,373417,1,1,1,32,32,1,30,0.000,0.000,,,,,NVIDIA A100-SXM4-40GB MIG 4g.20gb (0),1,,13,"void convert_kernel<__half2, float2>(tensor_layout_any, T1 *, tensor_layout_any, const T2 *)"
5441745186,5536,373420,,,,,,,,,,0.094,16924.777,Pinned,Device,NVIDIA A100-SXM4-40GB MIG 4g.20gb (0),1,,13,[CUDA memcpy Host-to-Device]
5441754786,600632,373421,,,,,,,,,,456.561,759718.236,Device,,NVIDIA A100-SXM4-40GB MIG 4g.20gb (0),1,,13,[CUDA memset]
5442360410,148798,373426,,,,,,,,,,1.235,8298.824,Pinned,Device,NVIDIA A100-SXM4-40GB MIG 4g.20gb (0),1,,13,[CUDA memcpy Host-to-Device]
5442522072,41600,373427,,,,,,,,,,0.197,4726.063,Pinned,Device,NVIDIA A100-SXM4-40GB MIG 4g.20gb (0),1,,13,[CUDA memcpy Host-to-Device]
5442591767,7936,373428,69,4,1,48,1,1,76,0.002,0.000,,,,,NVIDIA A100-SXM4-40GB MIG 4g.20gb (0),1,,13,"void ch_est::windowedChEstPreNoDftSOfdmKernel<float, __half, float, (unsigned int)2, (unsigned int)1, (unsigned short)4>(ch_est::puschRxChEstStatDescr_t *, ch_est::puschRxChEstDynDescr_t *)"
5442611127,6688,373429,137,2,1,24,2,1,44,0.001,0.001,,,,,NVIDIA A100-SXM4-40GB MIG 4g.20gb (0),1,,13,"void ch_est::chEstFilterNoDftSOfdmDispatchKernel<float, __half, float, (unsigned int)2>(ch_est::puschRxChEstStatDescr_t *, ch_est::puschRxChEstDynDescr_t *)"
5442628983,4768,373430,137,2,1,24,2,1,44,0.001,0.001,,,,,NVIDIA A100-SXM4-40GB MIG 4g.20gb (0),1,,13,"void ch_est::chEstFilterNoDftSOfdmDispatchKernel<float, __half, float, (unsigned int)2>(ch_est::puschRxChEstStatDescr_t *, ch_est::puschRxChEstDynDescr_t *)"
5442646007,2720,373441,103,1,1,128,1,1,16,0.000,0.000,,,,,NVIDIA A100-SXM4-40GB MIG 4g.20gb (0),1,,13,cupy_copy__complex64_complex64
5442662647,12543,373451,1434,1,1,128,1,1,16,0.000,0.000,,,,,NVIDIA A100-SXM4-40GB MIG 4g.20gb (0),1,,13,cupy_copy__complex64_complex64
5442681686,2912,373458,103,1,1,128,1,1,16,0.000,0.000,,,,,NVIDIA A100-SXM4-40GB MIG 4g.20gb (0),1,,13,cupy_copy__complex64_complex64
5442699830,83071,373465,1,1,1,32,32,1,30,0.000,0.000,,,,,NVIDIA A100-SXM4-40GB MIG 4g.20gb (0),1,,13,"void convert_kernel<__half2, float2>(tensor_layout_any, T1 *, tensor_layout_any, const T2 *)"
5442815541,17407,373468,,,,,,,,,,0.094,5382.648,Pinned,Device,NVIDIA A100-SXM4-40GB MIG 4g.20gb (0),1,,13,[CUDA memcpy Host-to-Device]
5442845556,47904,373469,,,,,,,,,,35.810,747532.080,Device,,NVIDIA A100-SXM4-40GB MIG 4g.20gb (0),1,,13,[CUDA memset]
5442899220,9696,373471,,,,,,,,,,0.000,8.251,Pinned,Device,NVIDIA A100-SXM4-40GB MIG 4g.20gb (0),1,,13,[CUDA memcpy Host-to-Device]
5442917299,25536,373472,,,,,,,,,,0.197,7699.169,Pinned,Device,NVIDIA A100-SXM4-40GB MIG 4g.20gb (0),1,,13,[CUDA memcpy Host-to-Device]
5442969491,10080,373473,273,1,1,48,1,1,40,0.000,0.001,,,,,NVIDIA A100-SXM4-40GB MIG 4g.20gb (0),1,,13,"void pusch_noise_intf_est::noiseIntfEstNoDftSOfdmKernel<float, __half, float, float, (unsigned int)2, (unsigned int)1, (unsigned char)4, (unsigned char)4>(pusch_noise_intf_est::puschRxNoiseIntfEstDynDescr)"
5442995570,2592,373484,35,1,1,128,1,1,16,0.000,0.000,,,,,NVIDIA A100-SXM4-40GB MIG 4g.20gb (0),1,,13,cupy_copy__complex64_complex64
5443010738,1728,373493,1,1,1,1,1,1,18,0.000,0.000,,,,,NVIDIA A100-SXM4-40GB MIG 4g.20gb (0),1,,13,cupy_copy__float32_float32
5443015986,7584,373499,,,,,,,,,,0.000,0.527,Device,Pageable,NVIDIA A100-SXM4-40GB MIG 4g.20gb (0),1,,7,[CUDA memcpy Device-to-Host]
5443101329,12800,373510,1434,1,1,128,1,1,16,0.000,0.000,,,,,NVIDIA A100-SXM4-40GB MIG 4g.20gb (0),1,,13,cupy_copy__complex64_complex64
5443123953,6624,373517,103,1,1,128,1,1,16,0.000,0.000,,,,,NVIDIA A100-SXM4-40GB MIG 4g.20gb (0),1,,13,cupy_copy__complex64_complex64
5443147057,2496,373524,35,1,1,128,1,1,16,0.000,0.000,,,,,NVIDIA A100-SXM4-40GB MIG 4g.20gb (0),1,,13,cupy_copy__complex64_complex64
5443160304,1984,373531,1,1,1,1,1,1,18,0.000,0.000,,,,,NVIDIA A100-SXM4-40GB MIG 4g.20gb (0),1,,13,cupy_copy__float32_float32
5443288751,83903,373542,1,1,1,32,32,1,30,0.000,0.000,,,,,NVIDIA A100-SXM4-40GB MIG 4g.20gb (0),1,,13,"void convert_kernel<__half2, float2>(tensor_layout_any, T1 *, tensor_layout_any, const T2 *)"
5443400845,5536,373545,,,,,,,,,,0.094,16924.777,Pinned,Device,NVIDIA A100-SXM4-40GB MIG 4g.20gb (0),1,,13,[CUDA memcpy Host-to-Device]
5443414349,3296,373546,,,,,,,,,,1.547,469242.628,Device,,NVIDIA A100-SXM4-40GB MIG 4g.20gb (0),1,,13,[CUDA memset]
5443421517,3104,373551,,,,,,,,,,0.031,10082.445,Pinned,Device,NVIDIA A100-SXM4-40GB MIG 4g.20gb (0),1,,13,[CUDA memcpy Host-to-Device]
5443427085,10176,373552,,,,,,,,,,0.197,19320.668,Pinned,Device,NVIDIA A100-SXM4-40GB MIG 4g.20gb (0),1,,13,[CUDA memcpy Host-to-Device]
5443443309,6272,373553,273,1,1,8,4,1,39,0.002,0.000,,,,,NVIDIA A100-SXM4-40GB MIG 4g.20gb (0),1,,13,"void channel_eq::eqMmseCoefCompLowMimoKernel<float, float, float, (unsigned int)4, (unsigned int)1, (unsigned int)4>(const channel_eq::_puschRxChEqStatDescr *, channel_eq::_puschRxChEqCoefCompDynDescr)"
5443454317,5952,373554,273,1,1,12,11,1,51,0.002,0.000,,,,,NVIDIA A100-SXM4-40GB MIG 4g.20gb (0),1,,13,"void channel_eq::eqMmseSoftDemapKernel<float, __half, __half, float, (unsigned int)4, (unsigned short)16383>(channel_eq::_puschRxChEqStatDescr *, channel_eq::_puschRxChEqSoftDemapDynDescr)"
5443461421,295068,373555,1,1,1,32,32,1,30,0.000,0.000,,,,,NVIDIA A100-SXM4-40GB MIG 4g.20gb (0),1,,13,"void convert_kernel<float2, __half2>(tensor_layout_any, T1 *, tensor_layout_any, const T2 *)"
5443758825,10880,373567,2253,1,1,128,1,1,16,0.000,0.000,,,,,NVIDIA A100-SXM4-40GB MIG 4g.20gb (0),1,,13,cupy_copy__float16_float16
5443771337,3648,373576,282,1,1,128,1,1,16,0.000,0.000,,,,,NVIDIA A100-SXM4-40GB MIG 4g.20gb (0),1,,13,cupy_copy__complex64_complex64
5443776105,2016,373585,26,1,1,128,1,1,16,0.000,0.000,,,,,NVIDIA A100-SXM4-40GB MIG 4g.20gb (0),1,,13,cupy_copy__float32_float32
5443779497,5216,373594,103,1,1,128,1,1,16,0.000,0.000,,,,,NVIDIA A100-SXM4-40GB MIG 4g.20gb (0),1,,13,cupy_copy__complex64_complex64
5443787849,12160,373604,1434,1,1,128,1,1,16,0.000,0.000,,,,,NVIDIA A100-SXM4-40GB MIG 4g.20gb (0),1,,13,cupy_copy__complex64_complex64
5443803976,81279,373609,1,1,1,32,32,1,30,0.000,0.000,,,,,NVIDIA A100-SXM4-40GB MIG 4g.20gb (0),1,,13,"void convert_kernel<__half2, float2>(tensor_layout_any, T1 *, tensor_layout_any, const T2 *)"
5443912935,5632,373612,,,,,,,,,,0.094,16636.287,Pinned,Device,NVIDIA A100-SXM4-40GB MIG 4g.20gb (0),1,,13,[CUDA memcpy Host-to-Device]
5443922791,600857,373613,,,,,,,,,,456.561,759718.236,Device,,NVIDIA A100-SXM4-40GB MIG 4g.20gb (0),1,,13,[CUDA memset]
5444527392,78687,373618,,,,,,,,,,1.235,15693.668,Pinned,Device,NVIDIA A100-SXM4-40GB MIG 4g.20gb (0),1,,13,[CUDA memcpy Host-to-Device]
5444612351,16799,373619,,,,,,,,,,0.197,11703.484,Pinned,Device,NVIDIA A100-SXM4-40GB MIG 4g.20gb (0),1,,13,[CUDA memcpy Host-to-Device]
5444643006,8576,373620,69,4,1,48,1,1,76,0.002,0.000,,,,,NVIDIA A100-SXM4-40GB MIG 4g.20gb (0),1,,13,"void ch_est::windowedChEstPreNoDftSOfdmKernel<float, __half, float, (unsigned int)2, (unsigned int)1, (unsigned short)4>(ch_est::puschRxChEstStatDescr_t *, ch_est::puschRxChEstDynDescr_t *)"
5444659838,6496,373621,137,2,1,24,2,1,44,0.001,0.001,,,,,NVIDIA A100-SXM4-40GB MIG 4g.20gb (0),1,,13,"void ch_est::chEstFilterNoDftSOfdmDispatchKernel<float, __half, float, (unsigned int)2>(ch_est::puschRxChEstStatDescr_t *, ch_est::puschRxChEstDynDescr_t *)"
5444669470,6624,373622,137,2,1,24,2,1,44,0.001,0.001,,,,,NVIDIA A100-SXM4-40GB MIG 4g.20gb (0),1,,13,"void ch_est::chEstFilterNoDftSOfdmDispatchKernel<float, __half, float, (unsigned int)2>(ch_est::puschRxChEstStatDescr_t *, ch_est::puschRxChEstDynDescr_t *)"
5444678014,3136,373633,103,1,1,128,1,1,16,0.000,0.000,,,,,NVIDIA A100-SXM4-40GB MIG 4g.20gb (0),1,,13,cupy_copy__complex64_complex64
5444685822,12767,373643,1434,1,1,128,1,1,16,0.000,0.000,,,,,NVIDIA A100-SXM4-40GB MIG 4g.20gb (0),1,,13,cupy_copy__complex64_complex64
5444701053,3136,373650,103,1,1,128,1,1,16,0.000,0.000,,,,,NVIDIA A100-SXM4-40GB MIG 4g.20gb (0),1,,13,cupy_copy__complex64_complex64
5444711261,87327,373657,1,1,1,32,32,1,30,0.000,0.000,,,,,NVIDIA A100-SXM4-40GB MIG 4g.20gb (0),1,,13,"void convert_kernel<__half2, float2>(tensor_layout_any, T1 *, tensor_layout_any, const T2 *)"
5444827804,10208,373660,,,,,,,,,,0.094,9178.648,Pinned,Device,NVIDIA A100-SXM4-40GB MIG 4g.20gb (0),1,,13,[CUDA memcpy Host-to-Device]
5444846268,46207,373661,,,,,,,,,,35.810,774962.479,Device,,NVIDIA A100-SXM4-40GB MIG 4g.20gb (0),1,,13,[CUDA memset]
5444897115,6464,373663,,,,,,,,,,0.000,12.376,Pinned,Device,NVIDIA A100-SXM4-40GB MIG 4g.20gb (0),1,,13,[CUDA memcpy Host-to-Device]
5444908891,17248,373664,,,,,,,,,,0.197,11398.742,Pinned,Device,NVIDIA A100-SXM4-40GB MIG 4g.20gb (0),1,,13,[CUDA memcpy Host-to-Device]
5444937275,9759,373665,273,1,1,48,1,1,40,0.000,0.001,,,,,NVIDIA A100-SXM4-40GB MIG 4g.20gb (0),1,,13,"void pusch_noise_intf_est::noiseIntfEstNoDftSOfdmKernel<float, __half, float, float, (unsigned int)2, (unsigned int)1, (unsigned char)4, (unsigned char)4>(pusch_noise_intf_est::puschRxNoiseIntfEstDynDescr)"
5444951450,2624,373676,35,1,1,128,1,1,16,0.000,0.000,,,,,NVIDIA A100-SXM4-40GB MIG 4g.20gb (0),1,,13,cupy_copy__complex64_complex64
5444964026,1760,373685,1,1,1,1,1,1,18,0.000,0.000,,,,,NVIDIA A100-SXM4-40GB MIG 4g.20gb (0),1,,13,cupy_copy__float32_float32
5444983450,2464,373691,,,,,,,,,,0.000,1.623,Device,Pageable,NVIDIA A100-SXM4-40GB MIG 4g.20gb (0),1,,7,[CUDA memcpy Device-to-Host]
5445047641,12928,373702,1434,1,1,128,1,1,16,0.000,0.000,,,,,NVIDIA A100-SXM4-40GB MIG 4g.20gb (0),1,,13,cupy_copy__complex64_complex64
5445074649,3488,373709,103,1,1,128,1,1,16,0.000,0.000,,,,,NVIDIA A100-SXM4-40GB MIG 4g.20gb (0),1,,13,cupy_copy__complex64_complex64
5445094905,2560,373716,35,1,1,128,1,1,16,0.000,0.000,,,,,NVIDIA A100-SXM4-40GB MIG 4g.20gb (0),1,,13,cupy_copy__complex64_complex64
5445114008,1792,373723,1,1,1,1,1,1,18,0.000,0.000,,,,,NVIDIA A100-SXM4-40GB MIG 4g.20gb (0),1,,13,cupy_copy__float32_float32
5445246839,81535,373734,1,1,1,32,32,1,30,0.000,0.000,,,,,NVIDIA A100-SXM4-40GB MIG 4g.20gb (0),1,,13,"void convert_kernel<__half2, float2>(tensor_layout_any, T1 *, tensor_layout_any, const T2 *)"
5445357237,5440,373737,,,,,,,,,,0.094,17223.480,Pinned,Device,NVIDIA A100-SXM4-40GB MIG 4g.20gb (0),1,,13,[CUDA memcpy Host-to-Device]
5445371157,3232,373738,,,,,,,,,,1.547,478533.199,Device,,NVIDIA A100-SXM4-40GB MIG 4g.20gb (0),1,,13,[CUDA memset]
5445378037,3008,373743,,,,,,,,,,0.031,10404.230,Pinned,Device,NVIDIA A100-SXM4-40GB MIG 4g.20gb (0),1,,13,[CUDA memcpy Host-to-Device]
5445383445,9600,373744,,,,,,,,,,0.197,20479.869,Pinned,Device,NVIDIA A100-SXM4-40GB MIG 4g.20gb (0),1,,13,[CUDA memcpy Host-to-Device]
5445398293,6336,373745,273,1,1,8,4,1,39,0.002,0.000,,,,,NVIDIA A100-SXM4-40GB MIG 4g.20gb (0),1,,13,"void channel_eq::eqMmseCoefCompLowMimoKernel<float, float, float, (unsigned int)4, (unsigned int)1, (unsigned int)4>(const channel_eq::_puschRxChEqStatDescr *, channel_eq::_puschRxChEqCoefCompDynDescr)"
5445407893,6016,373746,273,1,1,12,11,1,51,0.002,0.000,,,,,NVIDIA A100-SXM4-40GB MIG 4g.20gb (0),1,,13,"void channel_eq::eqMmseSoftDemapKernel<float, __half, __half, float, (unsigned int)4, (unsigned short)16383>(channel_eq::_puschRxChEqStatDescr *, channel_eq::_puschRxChEqSoftDemapDynDescr)"
5445414901,282332,373747,1,1,1,32,32,1,30,0.000,0.000,,,,,NVIDIA A100-SXM4-40GB MIG 4g.20gb (0),1,,13,"void convert_kernel<float2, __half2>(tensor_layout_any, T1 *, tensor_layout_any, const T2 *)"
5445698289,11072,373759,2253,1,1,128,1,1,16,0.000,0.000,,,,,NVIDIA A100-SXM4-40GB MIG 4g.20gb (0),1,,13,cupy_copy__float16_float16
5445713937,2848,373768,282,1,1,128,1,1,16,0.000,0.000,,,,,NVIDIA A100-SXM4-40GB MIG 4g.20gb (0),1,,13,cupy_copy__complex64_complex64
5445719441,2016,373777,26,1,1,128,1,1,16,0.000,0.000,,,,,NVIDIA A100-SXM4-40GB MIG 4g.20gb (0),1,,13,cupy_copy__float32_float32
5445722481,3136,373786,103,1,1,128,1,1,16,0.000,0.000,,,,,NVIDIA A100-SXM4-40GB MIG 4g.20gb (0),1,,13,cupy_copy__complex64_complex64
5445727473,11840,373796,1434,1,1,128,1,1,16,0.000,0.000,,,,,NVIDIA A100-SXM4-40GB MIG 4g.20gb (0),1,,13,cupy_copy__complex64_complex64
5445749969,82303,373801,1,1,1,32,32,1,30,0.000,0.000,,,,,NVIDIA A100-SXM4-40GB MIG 4g.20gb (0),1,,13,"void convert_kernel<__half2, float2>(tensor_layout_any, T1 *, tensor_layout_any, const T2 *)"
5445859343,5568,373804,,,,,,,,,,0.094,16827.521,Pinned,Device,NVIDIA A100-SXM4-40GB MIG 4g.20gb (0),1,,13,[CUDA memcpy Host-to-Device]
5445869615,597721,373805,,,,,,,,,,456.561,763827.289,Device,,NVIDIA A100-SXM4-40GB MIG 4g.20gb (0),1,,13,[CUDA memset]
5446473192,167806,373810,,,,,,,,,,1.235,7359.031,Pinned,Device,NVIDIA A100-SXM4-40GB MIG 4g.20gb (0),1,,13,[CUDA memcpy Host-to-Device]
5446648517,31232,373811,,,,,,,,,,0.197,6294.995,Pinned,Device,NVIDIA A100-SXM4-40GB MIG 4g.20gb (0),1,,13,[CUDA memcpy Host-to-Device]
5446698597,7968,373812,69,4,1,48,1,1,76,0.002,0.000,,,,,NVIDIA A100-SXM4-40GB MIG 4g.20gb (0),1,,13,"void ch_est::windowedChEstPreNoDftSOfdmKernel<float, __half, float, (unsigned int)2, (unsigned int)1, (unsigned short)4>(ch_est::puschRxChEstStatDescr_t *, ch_est::puschRxChEstDynDescr_t *)"
5446708741,6080,373813,137,2,1,24,2,1,44,0.001,0.001,,,,,NVIDIA A100-SXM4-40GB MIG 4g.20gb (0),1,,13,"void ch_est::chEstFilterNoDftSOfdmDispatchKernel<float, __half, float, (unsigned int)2>(ch_est::puschRxChEstStatDescr_t *, ch_est::puschRxChEstDynDescr_t *)"
5446717413,4992,373814,137,2,1,24,2,1,44,0.001,0.001,,,,,NVIDIA A100-SXM4-40GB MIG 4g.20gb (0),1,,13,"void ch_est::chEstFilterNoDftSOfdmDispatchKernel<float, __half, float, (unsigned int)2>(ch_est::puschRxChEstStatDescr_t *, ch_est::puschRxChEstDynDescr_t *)"
5446725956,3072,373825,103,1,1,128,1,1,16,0.000,0.000,,,,,NVIDIA A100-SXM4-40GB MIG 4g.20gb (0),1,,13,cupy_copy__complex64_complex64
5446735204,12544,373835,1434,1,1,128,1,1,16,0.000,0.000,,,,,NVIDIA A100-SXM4-40GB MIG 4g.20gb (0),1,,13,cupy_copy__complex64_complex64
5446749860,2560,373842,103,1,1,128,1,1,16,0.000,0.000,,,,,NVIDIA A100-SXM4-40GB MIG 4g.20gb (0),1,,13,cupy_copy__complex64_complex64
5446758372,82911,373849,1,1,1,32,32,1,30,0.000,0.000,,,,,NVIDIA A100-SXM4-40GB MIG 4g.20gb (0),1,,13,"void convert_kernel<__half2, float2>(tensor_layout_any, T1 *, tensor_layout_any, const T2 *)"
5446877955,13247,373852,,,,,,,,,,0.094,7072.924,Pinned,Device,NVIDIA A100-SXM4-40GB MIG 4g.20gb (0),1,,13,[CUDA memcpy Host-to-Device]
5446897122,46976,373853,,,,,,,,,,35.810,762285.767,Device,,NVIDIA A100-SXM4-40GB MIG 4g.20gb (0),1,,13,[CUDA memset]
5446949410,7648,373855,,,,,,,,,,0.000,10.460,Pinned,Device,NVIDIA A100-SXM4-40GB MIG 4g.20gb (0),1,,13,[CUDA memcpy Host-to-Device]
5446964066,14719,373856,,,,,,,,,,0.197,13357.351,Pinned,Device,NVIDIA A100-SXM4-40GB MIG 4g.20gb (0),1,,13,[CUDA memcpy Host-to-Device]
5446991169,11136,373857,273,1,1,48,1,1,40,0.000,0.001,,,,,NVIDIA A100-SXM4-40GB MIG 4g.20gb (0),1,,13,"void pusch_noise_intf_est::noiseIntfEstNoDftSOfdmKernel<float, __half, float, float, (unsigned int)2, (unsigned int)1, (unsigned char)4, (unsigned char)4>(pusch_noise_intf_est::puschRxNoiseIntfEstDynDescr)"
5447010273,2880,373868,35,1,1,128,1,1,16,0.000,0.000,,,,,NVIDIA A100-SXM4-40GB MIG 4g.20gb (0),1,,13,cupy_copy__complex64_complex64
5447019681,1760,373877,1,1,1,1,1,1,18,0.000,0.000,,,,,NVIDIA A100-SXM4-40GB MIG 4g.20gb (0),1,,13,cupy_copy__float32_float32
5447033441,2208,373883,,,,,,,,,,0.000,1.812,Device,Pageable,NVIDIA A100-SXM4-40GB MIG 4g.20gb (0),1,,7,[CUDA memcpy Device-to-Host]
5447108704,13568,373894,1434,1,1,128,1,1,16,0.000,0.000,,,,,NVIDIA A100-SXM4-40GB MIG 4g.20gb (0),1,,13,cupy_copy__complex64_complex64
5447141407,2880,373901,103,1,1,128,1,1,16,0.000,0.000,,,,,NVIDIA A100-SXM4-40GB MIG 4g.20gb (0),1,,13,cupy_copy__complex64_complex64
5447161343,2464,373908,35,1,1,128,1,1,16,0.000,0.000,,,,,NVIDIA A100-SXM4-40GB MIG 4g.20gb (0),1,,13,cupy_copy__complex64_complex64
5447176511,2048,373915,1,1,1,1,1,1,18,0.000,0.000,,,,,NVIDIA A100-SXM4-40GB MIG 4g.20gb (0),1,,13,cupy_copy__float32_float32
5447298877,82495,373926,1,1,1,32,32,1,30,0.000,0.000,,,,,NVIDIA A100-SXM4-40GB MIG 4g.20gb (0),1,,13,"void convert_kernel<__half2, float2>(tensor_layout_any, T1 *, tensor_layout_any, const T2 *)"
5447409052,6240,373929,,,,,,,,,,0.094,15015.346,Pinned,Device,NVIDIA A100-SXM4-40GB MIG 4g.20gb (0),1,,13,[CUDA memcpy Host-to-Device]
5447423260,3328,373930,,,,,,,,,,1.547,464729.580,Device,,NVIDIA A100-SXM4-40GB MIG 4g.20gb (0),1,,13,[CUDA memset]
5447430780,3456,373935,,,,,,,,,,0.031,9055.529,Pinned,Device,NVIDIA A100-SXM4-40GB MIG 4g.20gb (0),1,,13,[CUDA memcpy Host-to-Device]
5447436668,9792,373936,,,,,,,,,,0.197,20078.395,Pinned,Device,NVIDIA A100-SXM4-40GB MIG 4g.20gb (0),1,,13,[CUDA memcpy Host-to-Device]
5447451996,6463,373937,273,1,1,8,4,1,39,0.002,0.000,,,,,NVIDIA A100-SXM4-40GB MIG 4g.20gb (0),1,,13,"void channel_eq::eqMmseCoefCompLowMimoKernel<float, float, float, (unsigned int)4, (unsigned int)1, (unsigned int)4>(const channel_eq::_puschRxChEqStatDescr *, channel_eq::_puschRxChEqCoefCompDynDescr)"
5447459579,6208,373938,273,1,1,12,11,1,51,0.002,0.000,,,,,NVIDIA A100-SXM4-40GB MIG 4g.20gb (0),1,,13,"void channel_eq::eqMmseSoftDemapKernel<float, __half, __half, float, (unsigned int)4, (unsigned short)16383>(channel_eq::_puschRxChEqStatDescr *, channel_eq::_puschRxChEqSoftDemapDynDescr)"
5447468827,294493,373939,1,1,1,32,32,1,30,0.000,0.000,,,,,NVIDIA A100-SXM4-40GB MIG 4g.20gb (0),1,,13,"void convert_kernel<float2, __half2>(tensor_layout_any, T1 *, tensor_layout_any, const T2 *)"
5447766264,10944,373951,2253,1,1,128,1,1,16,0.000,0.000,,,,,NVIDIA A100-SXM4-40GB MIG 4g.20gb (0),1,,13,cupy_copy__float16_float16
5447780567,3776,373960,282,1,1,128,1,1,16,0.000,0.000,,,,,NVIDIA A100-SXM4-40GB MIG 4g.20gb (0),1,,13,cupy_copy__complex64_complex64
5447786935,2368,373969,26,1,1,128,1,1,16,0.000,0.000,,,,,NVIDIA A100-SXM4-40GB MIG 4g.20gb (0),1,,13,cupy_copy__float32_float32
5447790935,2880,373978,103,1,1,128,1,1,16,0.000,0.000,,,,,NVIDIA A100-SXM4-40GB MIG 4g.20gb (0),1,,13,cupy_copy__complex64_complex64
5447795159,12736,373988,1434,1,1,128,1,1,16,0.000,0.000,,,,,NVIDIA A100-SXM4-40GB MIG 4g.20gb (0),1,,13,cupy_copy__complex64_complex64
5447811479,90879,373993,1,1,1,32,32,1,30,0.000,0.000,,,,,NVIDIA A100-SXM4-40GB MIG 4g.20gb (0),1,,13,"void convert_kernel<__half2, float2>(tensor_layout_any, T1 *, tensor_layout_any, const T2 *)"
5447929238,5344,373996,,,,,,,,,,0.094,17532.864,Pinned,Device,NVIDIA A100-SXM4-40GB MIG 4g.20gb (0),1,,13,[CUDA memcpy Host-to-Device]
5447939510,597144,373997,,,,,,,,,,456.561,764283.851,Device,,NVIDIA A100-SXM4-40GB MIG 4g.20gb (0),1,,13,[CUDA memset]
5448545198,127647,374002,,,,,,,,,,1.235,9674.551,Pinned,Device,NVIDIA A100-SXM4-40GB MIG 4g.20gb (0),1,,13,[CUDA memcpy Host-to-Device]
5448684364,31808,374003,,,,,,,,,,0.197,6180.962,Pinned,Device,NVIDIA A100-SXM4-40GB MIG 4g.20gb (0),1,,13,[CUDA memcpy Host-to-Device]
5448734028,7968,374004,69,4,1,48,1,1,76,0.002,0.000,,,,,NVIDIA A100-SXM4-40GB MIG 4g.20gb (0),1,,13,"void ch_est::windowedChEstPreNoDftSOfdmKernel<float, __half, float, (unsigned int)2, (unsigned int)1, (unsigned short)4>(ch_est::puschRxChEstStatDescr_t *, ch_est::puschRxChEstDynDescr_t *)"
5448759179,6368,374005,137,2,1,24,2,1,44,0.001,0.001,,,,,NVIDIA A100-SXM4-40GB MIG 4g.20gb (0),1,,13,"void ch_est::chEstFilterNoDftSOfdmDispatchKernel<float, __half, float, (unsigned int)2>(ch_est::puschRxChEstStatDescr_t *, ch_est::puschRxChEstDynDescr_t *)"
5448772235,4832,374006,137,2,1,24,2,1,44,0.001,0.001,,,,,NVIDIA A100-SXM4-40GB MIG 4g.20gb (0),1,,13,"void ch_est::chEstFilterNoDftSOfdmDispatchKernel<float, __half, float, (unsigned int)2>(ch_est::puschRxChEstStatDescr_t *, ch_est::puschRxChEstDynDescr_t *)"
5448785579,2560,374017,103,1,1,128,1,1,16,0.000,0.000,,,,,NVIDIA A100-SXM4-40GB MIG 4g.20gb (0),1,,13,cupy_copy__complex64_complex64
5448798859,12640,374027,1434,1,1,128,1,1,16,0.000,0.000,,,,,NVIDIA A100-SXM4-40GB MIG 4g.20gb (0),1,,13,cupy_copy__complex64_complex64
5448828075,2560,374034,103,1,1,128,1,1,16,0.000,0.000,,,,,NVIDIA A100-SXM4-40GB MIG 4g.20gb (0),1,,13,cupy_copy__complex64_complex64
5448842698,90687,374041,1,1,1,32,32,1,30,0.000,0.000,,,,,NVIDIA A100-SXM4-40GB MIG 4g.20gb (0),1,,13,"void convert_kernel<__half2, float2>(tensor_layout_any, T1 *, tensor_layout_any, const T2 *)"
5448961897,9696,374044,,,,,,,,,,0.094,9663.337,Pinned,Device,NVIDIA A100-SXM4-40GB MIG 4g.20gb (0),1,,13,[CUDA memcpy Host-to-Device]
5448980233,48511,374045,,,,,,,,,,35.810,738149.881,Device,,NVIDIA A100-SXM4-40GB MIG 4g.20gb (0),1,,13,[CUDA memset]
5449034664,3392,374047,,,,,,,,,,0.000,23.585,Pinned,Device,NVIDIA A100-SXM4-40GB MIG 4g.20gb (0),1,,13,[CUDA memcpy Host-to-Device]
5449044328,17824,374048,,,,,,,,,,0.197,11030.495,Pinned,Device,NVIDIA A100-SXM4-40GB MIG 4g.20gb (0),1,,13,[CUDA memcpy Host-to-Device]
5449074760,9823,374049,273,1,1,48,1,1,40,0.000,0.001,,,,,NVIDIA A100-SXM4-40GB MIG 4g.20gb (0),1,,13,"void pusch_noise_intf_est::noiseIntfEstNoDftSOfdmKernel<float, __half, float, float, (unsigned int)2, (unsigned int)1, (unsigned char)4, (unsigned char)4>(pusch_noise_intf_est::puschRxNoiseIntfEstDynDescr)"
5449090791,2816,374060,35,1,1,128,1,1,16,0.000,0.000,,,,,NVIDIA A100-SXM4-40GB MIG 4g.20gb (0),1,,13,cupy_copy__complex64_complex64
5449099239,1984,374069,1,1,1,1,1,1,18,0.000,0.000,,,,,NVIDIA A100-SXM4-40GB MIG 4g.20gb (0),1,,13,cupy_copy__float32_float32
5449112807,5472,374075,,,,,,,,,,0.000,0.731,Device,Pageable,NVIDIA A100-SXM4-40GB MIG 4g.20gb (0),1,,7,[CUDA memcpy Device-to-Host]
5449183334,13088,374086,1434,1,1,128,1,1,16,0.000,0.000,,,,,NVIDIA A100-SXM4-40GB MIG 4g.20gb (0),1,,13,cupy_copy__complex64_complex64
5449209958,2912,374093,103,1,1,128,1,1,16,0.000,0.000,,,,,NVIDIA A100-SXM4-40GB MIG 4g.20gb (0),1,,13,cupy_copy__complex64_complex64
5449229574,2880,374100,35,1,1,128,1,1,16,0.000,0.000,,,,,NVIDIA A100-SXM4-40GB MIG 4g.20gb (0),1,,13,cupy_copy__complex64_complex64
5449246053,1888,374107,1,1,1,1,1,1,18,0.000,0.000,,,,,NVIDIA A100-SXM4-40GB MIG 4g.20gb (0),1,,13,cupy_copy__float32_float32
5449376132,81631,374118,1,1,1,32,32,1,30,0.000,0.000,,,,,NVIDIA A100-SXM4-40GB MIG 4g.20gb (0),1,,13,"void convert_kernel<__half2, float2>(tensor_layout_any, T1 *, tensor_layout_any, const T2 *)"
5449485858,6016,374121,,,,,,,,,,0.094,15574.430,Pinned,Device,NVIDIA A100-SXM4-40GB MIG 4g.20gb (0),1,,13,[CUDA memcpy Host-to-Device]
5449500002,3392,374122,,,,,,,,,,1.547,455961.768,Device,,NVIDIA A100-SXM4-40GB MIG 4g.20gb (0),1,,13,[CUDA memset]
5449508546,3456,374127,,,,,,,,,,0.031,9055.529,Pinned,Device,NVIDIA A100-SXM4-40GB MIG 4g.20gb (0),1,,13,[CUDA memcpy Host-to-Device]
5449514914,9504,374128,,,,,,,,,,0.197,20686.701,Pinned,Device,NVIDIA A100-SXM4-40GB MIG 4g.20gb (0),1,,13,[CUDA memcpy Host-to-Device]
5449530082,8256,374129,273,1,1,8,4,1,39,0.002,0.000,,,,,NVIDIA A100-SXM4-40GB MIG 4g.20gb (0),1,,13,"void channel_eq::eqMmseCoefCompLowMimoKernel<float, float, float, (unsigned int)4, (unsigned int)1, (unsigned int)4>(const channel_eq::_puschRxChEqStatDescr *, channel_eq::_puschRxChEqCoefCompDynDescr)"
5449539458,6240,374130,273,1,1,12,11,1,51,0.002,0.000,,,,,NVIDIA A100-SXM4-40GB MIG 4g.20gb (0),1,,13,"void channel_eq::eqMmseSoftDemapKernel<float, __half, __half, float, (unsigned int)4, (unsigned short)16383>(channel_eq::_puschRxChEqStatDescr *, channel_eq::_puschRxChEqSoftDemapDynDescr)"
5449546818,282204,374131,1,1,1,32,32,1,30,0.000,0.000,,,,,NVIDIA A100-SXM4-40GB MIG 4g.20gb (0),1,,13,"void convert_kernel<float2, __half2>(tensor_layout_any, T1 *, tensor_layout_any, const T2 *)"
5449832670,11168,374143,2253,1,1,128,1,1,16,0.000,0.000,,,,,NVIDIA A100-SXM4-40GB MIG 4g.20gb (0),1,,13,cupy_copy__float16_float16
5449847518,3424,374152,282,1,1,128,1,1,16,0.000,0.000,,,,,NVIDIA A100-SXM4-40GB MIG 4g.20gb (0),1,,13,cupy_copy__complex64_complex64
5449853918,2144,374161,26,1,1,128,1,1,16,0.000,0.000,,,,,NVIDIA A100-SXM4-40GB MIG 4g.20gb (0),1,,13,cupy_copy__float32_float32
5449859422,2784,374170,103,1,1,128,1,1,16,0.000,0.000,,,,,NVIDIA A100-SXM4-40GB MIG 4g.20gb (0),1,,13,cupy_copy__complex64_complex64
5449863166,11936,374180,1434,1,1,128,1,1,16,0.000,0.000,,,,,NVIDIA A100-SXM4-40GB MIG 4g.20gb (0),1,,13,cupy_copy__complex64_complex64
5449877982,87135,374185,1,1,1,32,32,1,30,0.000,0.000,,,,,NVIDIA A100-SXM4-40GB MIG 4g.20gb (0),1,,13,"void convert_kernel<__half2, float2>(tensor_layout_any, T1 *, tensor_layout_any, const T2 *)"
5449991964,5632,374188,,,,,,,,,,0.094,16636.287,Pinned,Device,NVIDIA A100-SXM4-40GB MIG 4g.20gb (0),1,,13,[CUDA memcpy Host-to-Device]
5450003868,596217,374189,,,,,,,,,,456.561,765653.535,Device,,NVIDIA A100-SXM4-40GB MIG 4g.20gb (0),1,,13,[CUDA memset]
5450610901,144254,374194,,,,,,,,,,1.235,8560.632,Pinned,Device,NVIDIA A100-SXM4-40GB MIG 4g.20gb (0),1,,13,[CUDA memcpy Host-to-Device]
5450768627,43359,374195,,,,,,,,,,0.197,4534.370,Pinned,Device,NVIDIA A100-SXM4-40GB MIG 4g.20gb (0),1,,13,[CUDA memcpy Host-to-Device]
5450833586,8256,374196,69,4,1,48,1,1,76,0.002,0.000,,,,,NVIDIA A100-SXM4-40GB MIG 4g.20gb (0),1,,13,"void ch_est::windowedChEstPreNoDftSOfdmKernel<float, __half, float, (unsigned int)2, (unsigned int)1, (unsigned short)4>(ch_est::puschRxChEstStatDescr_t *, ch_est::puschRxChEstDynDescr_t *)"
5450851186,6848,374197,137,2,1,24,2,1,44,0.001,0.001,,,,,NVIDIA A100-SXM4-40GB MIG 4g.20gb (0),1,,13,"void ch_est::chEstFilterNoDftSOfdmDispatchKernel<float, __half, float, (unsigned int)2>(ch_est::puschRxChEstStatDescr_t *, ch_est::puschRxChEstDynDescr_t *)"
5450869137,4640,374198,137,2,1,24,2,1,44,0.001,0.001,,,,,NVIDIA A100-SXM4-40GB MIG 4g.20gb (0),1,,13,"void ch_est::chEstFilterNoDftSOfdmDispatchKernel<float, __half, float, (unsigned int)2>(ch_est::puschRxChEstStatDescr_t *, ch_est::puschRxChEstDynDescr_t *)"
5450885169,2688,374209,103,1,1,128,1,1,16,0.000,0.000,,,,,NVIDIA A100-SXM4-40GB MIG 4g.20gb (0),1,,13,cupy_copy__complex64_complex64
5450900145,12480,374219,1434,1,1,128,1,1,16,0.000,0.000,,,,,NVIDIA A100-SXM4-40GB MIG 4g.20gb (0),1,,13,cupy_copy__complex64_complex64
5450937681,2464,374226,103,1,1,128,1,1,16,0.000,0.000,,,,,NVIDIA A100-SXM4-40GB MIG 4g.20gb (0),1,,13,cupy_copy__complex64_complex64
5450954320,88191,374233,1,1,1,32,32,1,30,0.000,0.000,,,,,NVIDIA A100-SXM4-40GB MIG 4g.20gb (0),1,,13,"void convert_kernel<__half2, float2>(tensor_layout_any, T1 *, tensor_layout_any, const T2 *)"
5451075823,18016,374236,,,,,,,,,,0.094,5200.690,Pinned,Device,NVIDIA A100-SXM4-40GB MIG 4g.20gb (0),1,,13,[CUDA memcpy Host-to-Device]
5451118190,47840,374237,,,,,,,,,,35.810,748534.758,Device,,NVIDIA A100-SXM4-40GB MIG 4g.20gb (0),1,,13,[CUDA memset]
5451167630,11520,374239,,,,,,,,,,0.000,6.944,Pinned,Device,NVIDIA A100-SXM4-40GB MIG 4g.20gb (0),1,,13,[CUDA memcpy Host-to-Device]
5451189709,21408,374240,,,,,,,,,,0.197,9183.756,Pinned,Device,NVIDIA A100-SXM4-40GB MIG 4g.20gb (0),1,,13,[CUDA memcpy Host-to-Device]
5451226701,9792,374241,273,1,1,48,1,1,40,0.000,0.001,,,,,NVIDIA A100-SXM4-40GB MIG 4g.20gb (0),1,,13,"void pusch_noise_intf_est::noiseIntfEstNoDftSOfdmKernel<float, __half, float, float, (unsigned int)2, (unsigned int)1, (unsigned char)4, (unsigned char)4>(pusch_noise_intf_est::puschRxNoiseIntfEstDynDescr)"
5451248205,2624,374252,35,1,1,128,1,1,16,0.000,0.000,,,,,NVIDIA A100-SXM4-40GB MIG 4g.20gb (0),1,,13,cupy_copy__complex64_complex64
5451257613,1760,374261,1,1,1,1,1,1,18,0.000,0.000,,,,,NVIDIA A100-SXM4-40GB MIG 4g.20gb (0),1,,13,cupy_copy__float32_float32
5451261869,2816,374267,,,,,,,,,,0.000,1.420,Device,Pageable,NVIDIA A100-SXM4-40GB MIG 4g.20gb (0),1,,7,[CUDA memcpy Device-to-Host]
5451332428,12672,374278,1434,1,1,128,1,1,16,0.000,0.000,,,,,NVIDIA A100-SXM4-40GB MIG 4g.20gb (0),1,,13,cupy_copy__complex64_complex64
5451360555,2944,374285,103,1,1,128,1,1,16,0.000,0.000,,,,,NVIDIA A100-SXM4-40GB MIG 4g.20gb (0),1,,13,cupy_copy__complex64_complex64
5451382347,2464,374292,35,1,1,128,1,1,16,0.000,0.000,,,,,NVIDIA A100-SXM4-40GB MIG 4g.20gb (0),1,,13,cupy_copy__complex64_complex64
5451399595,1824,374299,1,1,1,1,1,1,18,0.000,0.000,,,,,NVIDIA A100-SXM4-40GB MIG 4g.20gb (0),1,,13,cupy_copy__float32_float32
5451530953,82751,374310,1,1,1,32,32,1,30,0.000,0.000,,,,,NVIDIA A100-SXM4-40GB MIG 4g.20gb (0),1,,13,"void convert_kernel<__half2, float2>(tensor_layout_any, T1 *, tensor_layout_any, const T2 *)"
5451640712,5824,374313,,,,,,,,,,0.094,16087.884,Pinned,Device,NVIDIA A100-SXM4-40GB MIG 4g.20gb (0),1,,13,[CUDA memcpy Host-to-Device]
5451659720,3232,374314,,,,,,,,,,1.547,478533.199,Device,,NVIDIA A100-SXM4-40GB MIG 4g.20gb (0),1,,13,[CUDA memset]
5451664872,3168,374319,,,,,,,,,,0.031,9878.770,Pinned,Device,NVIDIA A100-SXM4-40GB MIG 4g.20gb (0),1,,13,[CUDA memcpy Host-to-Device]
5451670600,9727,374320,,,,,,,,,,0.197,20212.482,Pinned,Device,NVIDIA A100-SXM4-40GB MIG 4g.20gb (0),1,,13,[CUDA memcpy Host-to-Device]
5451684199,6304,374321,273,1,1,8,4,1,39,0.002,0.000,,,,,NVIDIA A100-SXM4-40GB MIG 4g.20gb (0),1,,13,"void channel_eq::eqMmseCoefCompLowMimoKernel<float, float, float, (unsigned int)4, (unsigned int)1, (unsigned int)4>(const channel_eq::_puschRxChEqStatDescr *, channel_eq::_puschRxChEqCoefCompDynDescr)"
5451691527,6272,374322,273,1,1,12,11,1,51,0.002,0.000,,,,,NVIDIA A100-SXM4-40GB MIG 4g.20gb (0),1,,13,"void channel_eq::eqMmseSoftDemapKernel<float, __half, __half, float, (unsigned int)4, (unsigned short)16383>(channel_eq::_puschRxChEqStatDescr *, channel_eq::_puschRxChEqSoftDemapDynDescr)"
5451700839,295229,374323,1,1,1,32,32,1,30,0.000,0.000,,,,,NVIDIA A100-SXM4-40GB MIG 4g.20gb (0),1,,13,"void convert_kernel<float2, __half2>(tensor_layout_any, T1 *, tensor_layout_any, const T2 *)"
5451998084,10943,374335,2253,1,1,128,1,1,16,0.000,0.000,,,,,NVIDIA A100-SXM4-40GB MIG 4g.20gb (0),1,,13,cupy_copy__float16_float16
5452010883,3168,374344,282,1,1,128,1,1,16,0.000,0.000,,,,,NVIDIA A100-SXM4-40GB MIG 4g.20gb (0),1,,13,cupy_copy__complex64_complex64
5452016291,2304,374353,26,1,1,128,1,1,16,0.000,0.000,,,,,NVIDIA A100-SXM4-40GB MIG 4g.20gb (0),1,,13,cupy_copy__float32_float32
5452020771,3008,374362,103,1,1,128,1,1,16,0.000,0.000,,,,,NVIDIA A100-SXM4-40GB MIG 4g.20gb (0),1,,13,cupy_copy__complex64_complex64
5452025027,12352,374372,1434,1,1,128,1,1,16,0.000,0.000,,,,,NVIDIA A100-SXM4-40GB MIG 4g.20gb (0),1,,13,cupy_copy__complex64_complex64
5452038691,82559,374377,1,1,1,32,32,1,30,0.000,0.000,,,,,NVIDIA A100-SXM4-40GB MIG 4g.20gb (0),1,,13,"void convert_kernel<__half2, float2>(tensor_layout_any, T1 *, tensor_layout_any, const T2 *)"
5452147842,5696,374380,,,,,,,,,,0.094,16449.363,Pinned,Device,NVIDIA A100-SXM4-40GB MIG 4g.20gb (0),1,,13,[CUDA memcpy Host-to-Device]
5452157762,598936,374381,,,,,,,,,,456.561,762001.043,Device,,NVIDIA A100-SXM4-40GB MIG 4g.20gb (0),1,,13,[CUDA memset]
5452762714,126399,374386,,,,,,,,,,1.235,9769.642,Pinned,Device,NVIDIA A100-SXM4-40GB MIG 4g.20gb (0),1,,13,[CUDA memcpy Host-to-Device]
5452901016,43456,374387,,,,,,,,,,0.197,4524.147,Pinned,Device,NVIDIA A100-SXM4-40GB MIG 4g.20gb (0),1,,13,[CUDA memcpy Host-to-Device]
5452965112,8064,374388,69,4,1,48,1,1,76,0.002,0.000,,,,,NVIDIA A100-SXM4-40GB MIG 4g.20gb (0),1,,13,"void ch_est::windowedChEstPreNoDftSOfdmKernel<float, __half, float, (unsigned int)2, (unsigned int)1, (unsigned short)4>(ch_est::puschRxChEstStatDescr_t *, ch_est::puschRxChEstDynDescr_t *)"
5452983927,7296,374389,137,2,1,24,2,1,44,0.001,0.001,,,,,NVIDIA A100-SXM4-40GB MIG 4g.20gb (0),1,,13,"void ch_est::chEstFilterNoDftSOfdmDispatchKernel<float, __half, float, (unsigned int)2>(ch_est::puschRxChEstStatDescr_t *, ch_est::puschRxChEstDynDescr_t *)"
5453000631,4736,374390,137,2,1,24,2,1,44,0.001,0.001,,,,,NVIDIA A100-SXM4-40GB MIG 4g.20gb (0),1,,13,"void ch_est::chEstFilterNoDftSOfdmDispatchKernel<float, __half, float, (unsigned int)2>(ch_est::puschRxChEstStatDescr_t *, ch_est::puschRxChEstDynDescr_t *)"
5453019735,2720,374401,103,1,1,128,1,1,16,0.000,0.000,,,,,NVIDIA A100-SXM4-40GB MIG 4g.20gb (0),1,,13,cupy_copy__complex64_complex64
5453036375,12320,374411,1434,1,1,128,1,1,16,0.000,0.000,,,,,NVIDIA A100-SXM4-40GB MIG 4g.20gb (0),1,,13,cupy_copy__complex64_complex64
5453059446,2560,374418,103,1,1,128,1,1,16,0.000,0.000,,,,,NVIDIA A100-SXM4-40GB MIG 4g.20gb (0),1,,13,cupy_copy__complex64_complex64
5453081622,88063,374425,1,1,1,32,32,1,30,0.000,0.000,,,,,NVIDIA A100-SXM4-40GB MIG 4g.20gb (0),1,,13,"void convert_kernel<__half2, float2>(tensor_layout_any, T1 *, tensor_layout_any, const T2 *)"
5453202069,25983,374428,,,,,,,,,,0.094,3605.984,Pinned,Device,NVIDIA A100-SXM4-40GB MIG 4g.20gb (0),1,,13,[CUDA memcpy Host-to-Device]
5453243988,48032,374429,,,,,,,,,,35.810,745526.724,Device,,NVIDIA A100-SXM4-40GB MIG 4g.20gb (0),1,,13,[CUDA memset]
5453300915,9184,374431,,,,,,,,,,0.000,8.711,Pinned,Device,NVIDIA A100-SXM4-40GB MIG 4g.20gb (0),1,,13,[CUDA memcpy Host-to-Device]
5453319507,39616,374432,,,,,,,,,,0.197,4962.779,Pinned,Device,NVIDIA A100-SXM4-40GB MIG 4g.20gb (0),1,,13,[CUDA memcpy Host-to-Device]
5453378835,9599,374433,273,1,1,48,1,1,40,0.000,0.001,,,,,NVIDIA A100-SXM4-40GB MIG 4g.20gb (0),1,,13,"void pusch_noise_intf_est::noiseIntfEstNoDftSOfdmKernel<float, __half, float, float, (unsigned int)2, (unsigned int)1, (unsigned char)4, (unsigned char)4>(pusch_noise_intf_est::puschRxNoiseIntfEstDynDescr)"
5453393714,2560,374444,35,1,1,128,1,1,16,0.000,0.000,,,,,NVIDIA A100-SXM4-40GB MIG 4g.20gb (0),1,,13,cupy_copy__complex64_complex64
5453408274,1696,374453,1,1,1,1,1,1,18,0.000,0.000,,,,,NVIDIA A100-SXM4-40GB MIG 4g.20gb (0),1,,13,cupy_copy__float32_float32
5453417650,9632,374459,,,,,,,,,,0.000,0.415,Device,Pageable,NVIDIA A100-SXM4-40GB MIG 4g.20gb (0),1,,7,[CUDA memcpy Device-to-Host]
5453497041,13056,374470,1434,1,1,128,1,1,16,0.000,0.000,,,,,NVIDIA A100-SXM4-40GB MIG 4g.20gb (0),1,,13,cupy_copy__complex64_complex64
5453532817,3296,374477,103,1,1,128,1,1,16,0.000,0.000,,,,,NVIDIA A100-SXM4-40GB MIG 4g.20gb (0),1,,13,cupy_copy__complex64_complex64
5453552720,2560,374484,35,1,1,128,1,1,16,0.000,0.000,,,,,NVIDIA A100-SXM4-40GB MIG 4g.20gb (0),1,,13,cupy_copy__complex64_complex64
5453570288,1792,374491,1,1,1,1,1,1,18,0.000,0.000,,,,,NVIDIA A100-SXM4-40GB MIG 4g.20gb (0),1,,13,cupy_copy__float32_float32
5453692271,83135,374502,1,1,1,32,32,1,30,0.000,0.000,,,,,NVIDIA A100-SXM4-40GB MIG 4g.20gb (0),1,,13,"void convert_kernel<__half2, float2>(tensor_layout_any, T1 *, tensor_layout_any, const T2 *)"
5453803693,5696,374505,,,,,,,,,,0.094,16449.363,Pinned,Device,NVIDIA A100-SXM4-40GB MIG 4g.20gb (0),1,,13,[CUDA memcpy Host-to-Device]
5453820621,3328,374506,,,,,,,,,,1.547,464729.580,Device,,NVIDIA A100-SXM4-40GB MIG 4g.20gb (0),1,,13,[CUDA memset]
5453825677,3104,374511,,,,,,,,,,0.031,10082.445,Pinned,Device,NVIDIA A100-SXM4-40GB MIG 4g.20gb (0),1,,13,[CUDA memcpy Host-to-Device]
5453831917,9760,374512,,,,,,,,,,0.197,20144.259,Pinned,Device,NVIDIA A100-SXM4-40GB MIG 4g.20gb (0),1,,13,[CUDA memcpy Host-to-Device]
5453845965,6336,374513,273,1,1,8,4,1,39,0.002,0.000,,,,,NVIDIA A100-SXM4-40GB MIG 4g.20gb (0),1,,13,"void channel_eq::eqMmseCoefCompLowMimoKernel<float, float, float, (unsigned int)4, (unsigned int)1, (unsigned int)4>(const channel_eq::_puschRxChEqStatDescr *, channel_eq::_puschRxChEqCoefCompDynDescr)"
5453853517,5920,374514,273,1,1,12,11,1,51,0.002,0.000,,,,,NVIDIA A100-SXM4-40GB MIG 4g.20gb (0),1,,13,"void channel_eq::eqMmseSoftDemapKernel<float, __half, __half, float, (unsigned int)4, (unsigned short)16383>(channel_eq::_puschRxChEqStatDescr *, channel_eq::_puschRxChEqSoftDemapDynDescr)"
5453860621,282268,374515,1,1,1,32,32,1,30,0.000,0.000,,,,,NVIDIA A100-SXM4-40GB MIG 4g.20gb (0),1,,13,"void convert_kernel<float2, __half2>(tensor_layout_any, T1 *, tensor_layout_any, const T2 *)"
5454145641,10976,374527,2253,1,1,128,1,1,16,0.000,0.000,,,,,NVIDIA A100-SXM4-40GB MIG 4g.20gb (0),1,,13,cupy_copy__float16_float16
5454159433,3680,374536,282,1,1,128,1,1,16,0.000,0.000,,,,,NVIDIA A100-SXM4-40GB MIG 4g.20gb (0),1,,13,cupy_copy__complex64_complex64
5454165321,2176,374545,26,1,1,128,1,1,16,0.000,0.000,,,,,NVIDIA A100-SXM4-40GB MIG 4g.20gb (0),1,,13,cupy_copy__float32_float32
5454168617,2848,374554,103,1,1,128,1,1,16,0.000,0.000,,,,,NVIDIA A100-SXM4-40GB MIG 4g.20gb (0),1,,13,cupy_copy__complex64_complex64
5454174473,12032,374564,1434,1,1,128,1,1,16,0.000,0.000,,,,,NVIDIA A100-SXM4-40GB MIG 4g.20gb (0),1,,13,cupy_copy__complex64_complex64
5454191817,81918,374569,1,1,1,32,32,1,30,0.000,0.000,,,,,NVIDIA A100-SXM4-40GB MIG 4g.20gb (0),1,,13,"void convert_kernel<__half2, float2>(tensor_layout_any, T1 *, tensor_layout_any, const T2 *)"
5454300967,5536,374572,,,,,,,,,,0.094,16924.777,Pinned,Device,NVIDIA A100-SXM4-40GB MIG 4g.20gb (0),1,,13,[CUDA memcpy Host-to-Device]
5454311751,597689,374573,,,,,,,,,,456.561,763827.289,Device,,NVIDIA A100-SXM4-40GB MIG 4g.20gb (0),1,,13,[CUDA memset]
5454913696,131902,374578,,,,,,,,,,1.235,9362.110,Pinned,Device,NVIDIA A100-SXM4-40GB MIG 4g.20gb (0),1,,13,[CUDA memcpy Host-to-Device]
5455052318,18176,374579,,,,,,,,,,0.197,10816.782,Pinned,Device,NVIDIA A100-SXM4-40GB MIG 4g.20gb (0),1,,13,[CUDA memcpy Host-to-Device]
5455083966,8671,374580,69,4,1,48,1,1,76,0.002,0.000,,,,,NVIDIA A100-SXM4-40GB MIG 4g.20gb (0),1,,13,"void ch_est::windowedChEstPreNoDftSOfdmKernel<float, __half, float, (unsigned int)2, (unsigned int)1, (unsigned short)4>(ch_est::puschRxChEstStatDescr_t *, ch_est::puschRxChEstDynDescr_t *)"
5455099069,6464,374581,137,2,1,24,2,1,44,0.001,0.001,,,,,NVIDIA A100-SXM4-40GB MIG 4g.20gb (0),1,,13,"void ch_est::chEstFilterNoDftSOfdmDispatchKernel<float, __half, float, (unsigned int)2>(ch_est::puschRxChEstStatDescr_t *, ch_est::puschRxChEstDynDescr_t *)"
5455113437,5056,374582,137,2,1,24,2,1,44,0.001,0.001,,,,,NVIDIA A100-SXM4-40GB MIG 4g.20gb (0),1,,13,"void ch_est::chEstFilterNoDftSOfdmDispatchKernel<float, __half, float, (unsigned int)2>(ch_est::puschRxChEstStatDescr_t *, ch_est::puschRxChEstDynDescr_t *)"
5455121213,2592,374593,103,1,1,128,1,1,16,0.000,0.000,,,,,NVIDIA A100-SXM4-40GB MIG 4g.20gb (0),1,,13,cupy_copy__complex64_complex64
5455129501,12352,374603,1434,1,1,128,1,1,16,0.000,0.000,,,,,NVIDIA A100-SXM4-40GB MIG 4g.20gb (0),1,,13,cupy_copy__complex64_complex64
5455144669,2496,374610,103,1,1,128,1,1,16,0.000,0.000,,,,,NVIDIA A100-SXM4-40GB MIG 4g.20gb (0),1,,13,cupy_copy__complex64_complex64
5455152349,90879,374617,1,1,1,32,32,1,30,0.000,0.000,,,,,NVIDIA A100-SXM4-40GB MIG 4g.20gb (0),1,,13,"void convert_kernel<__half2, float2>(tensor_layout_any, T1 *, tensor_layout_any, const T2 *)"
5455274875,9152,374620,,,,,,,,,,0.094,10237.693,Pinned,Device,NVIDIA A100-SXM4-40GB MIG 4g.20gb (0),1,,13,[CUDA memcpy Host-to-Device]
5455289115,46687,374621,,,,,,,,,,35.810,767012.676,Device,,NVIDIA A100-SXM4-40GB MIG 4g.20gb (0),1,,13,[CUDA memset]
5455343450,6176,374623,,,,,,,,,,0.000,12.953,Pinned,Device,NVIDIA A100-SXM4-40GB MIG 4g.20gb (0),1,,13,[CUDA memcpy Host-to-Device]
5455352954,20768,374624,,,,,,,,,,0.197,9466.872,Pinned,Device,NVIDIA A100-SXM4-40GB MIG 4g.20gb (0),1,,13,[CUDA memcpy Host-to-Device]
5455382970,8640,374625,273,1,1,48,1,1,40,0.000,0.001,,,,,NVIDIA A100-SXM4-40GB MIG 4g.20gb (0),1,,13,"void pusch_noise_intf_est::noiseIntfEstNoDftSOfdmKernel<float, __half, float, float, (unsigned int)2, (unsigned int)1, (unsigned char)4, (unsigned char)4>(pusch_noise_intf_est::puschRxNoiseIntfEstDynDescr)"
5455397562,2880,374636,35,1,1,128,1,1,16,0.000,0.000,,,,,NVIDIA A100-SXM4-40GB MIG 4g.20gb (0),1,,13,cupy_copy__complex64_complex64
5455405210,1760,374645,1,1,1,1,1,1,18,0.000,0.000,,,,,NVIDIA A100-SXM4-40GB MIG 4g.20gb (0),1,,13,cupy_copy__float32_float32
5455423353,5888,374651,,,,,,,,,,0.000,0.679,Device,Pageable,NVIDIA A100-SXM4-40GB MIG 4g.20gb (0),1,,7,[CUDA memcpy Device-to-Host]
5455498392,13088,374662,1434,1,1,128,1,1,16,0.000,0.000,,,,,NVIDIA A100-SXM4-40GB MIG 4g.20gb (0),1,,13,cupy_copy__complex64_complex64
5455525816,3424,374669,103,1,1,128,1,1,16,0.000,0.000,,,,,NVIDIA A100-SXM4-40GB MIG 4g.20gb (0),1,,13,cupy_copy__complex64_complex64
5455546360,2336,374676,35,1,1,128,1,1,16,0.000,0.000,,,,,NVIDIA A100-SXM4-40GB MIG 4g.20gb (0),1,,13,cupy_copy__complex64_complex64
5455560024,1824,374683,1,1,1,1,1,1,18,0.000,0.000,,,,,NVIDIA A100-SXM4-40GB MIG 4g.20gb (0),1,,13,cupy_copy__float32_float32
5455692886,82239,374694,1,1,1,32,32,1,30,0.000,0.000,,,,,NVIDIA A100-SXM4-40GB MIG 4g.20gb (0),1,,13,"void convert_kernel<__half2, float2>(tensor_layout_any, T1 *, tensor_layout_any, const T2 *)"
5455802613,5536,374697,,,,,,,,,,0.094,16924.777,Pinned,Device,NVIDIA A100-SXM4-40GB MIG 4g.20gb (0),1,,13,[CUDA memcpy Host-to-Device]
5455818772,3104,374698,,,,,,,,,,1.547,498266.574,Device,,NVIDIA A100-SXM4-40GB MIG 4g.20gb (0),1,,13,[CUDA memset]
5455823540,4096,374703,,,,,,,,,,0.031,7640.605,Pinned,Device,NVIDIA A100-SXM4-40GB MIG 4g.20gb (0),1,,13,[CUDA memcpy Host-to-Device]
5455829716,10144,374704,,,,,,,,,,0.197,19381.617,Pinned,Device,NVIDIA A100-SXM4-40GB MIG 4g.20gb (0),1,,13,[CUDA memcpy Host-to-Device]
5455844244,6240,374705,273,1,1,8,4,1,39,0.002,0.000,,,,,NVIDIA A100-SXM4-40GB MIG 4g.20gb (0),1,,13,"void channel_eq::eqMmseCoefCompLowMimoKernel<float, float, float, (unsigned int)4, (unsigned int)1, (unsigned int)4>(const channel_eq::_puschRxChEqStatDescr *, channel_eq::_puschRxChEqCoefCompDynDescr)"
5455852916,6048,374706,273,1,1,12,11,1,51,0.002,0.000,,,,,NVIDIA A100-SXM4-40GB MIG 4g.20gb (0),1,,13,"void channel_eq::eqMmseSoftDemapKernel<float, __half, __half, float, (unsigned int)4, (unsigned short)16383>(channel_eq::_puschRxChEqStatDescr *, channel_eq::_puschRxChEqSoftDemapDynDescr)"
5455859956,282428,374707,1,1,1,32,32,1,30,0.000,0.000,,,,,NVIDIA A100-SXM4-40GB MIG 4g.20gb (0),1,,13,"void convert_kernel<float2, __half2>(tensor_layout_any, T1 *, tensor_layout_any, const T2 *)"
5456144592,10944,374719,2253,1,1,128,1,1,16,0.000,0.000,,,,,NVIDIA A100-SXM4-40GB MIG 4g.20gb (0),1,,13,cupy_copy__float16_float16
5456158096,3232,374728,282,1,1,128,1,1,16,0.000,0.000,,,,,NVIDIA A100-SXM4-40GB MIG 4g.20gb (0),1,,13,cupy_copy__complex64_complex64
5456163024,2112,374737,26,1,1,128,1,1,16,0.000,0.000,,,,,NVIDIA A100-SXM4-40GB MIG 4g.20gb (0),1,,13,cupy_copy__float32_float32
5456167248,4512,374746,103,1,1,128,1,1,16,0.000,0.000,,,,,NVIDIA A100-SXM4-40GB MIG 4g.20gb (0),1,,13,cupy_copy__complex64_complex64
5456174864,12448,374756,1434,1,1,128,1,1,16,0.000,0.000,,,,,NVIDIA A100-SXM4-40GB MIG 4g.20gb (0),1,,13,cupy_copy__complex64_complex64
5456191728,82975,374761,1,1,1,32,32,1,30,0.000,0.000,,,,,NVIDIA A100-SXM4-40GB MIG 4g.20gb (0),1,,13,"void convert_kernel<__half2, float2>(tensor_layout_any, T1 *, tensor_layout_any, const T2 *)"
5456301647,6143,374764,,,,,,,,,,0.094,15252.397,Pinned,Device,NVIDIA A100-SXM4-40GB MIG 4g.20gb (0),1,,13,[CUDA memcpy Host-to-Device]
5456312494,599257,374765,,,,,,,,,,456.561,761544.482,Device,,NVIDIA A100-SXM4-40GB MIG 4g.20gb (0),1,,13,[CUDA memset]
5456916327,139934,374770,,,,,,,,,,1.235,8824.910,Pinned,Device,NVIDIA A100-SXM4-40GB MIG 4g.20gb (0),1,,13,[CUDA memcpy Host-to-Device]
5457064901,35040,374771,,,,,,,,,,0.197,5610.799,Pinned,Device,NVIDIA A100-SXM4-40GB MIG 4g.20gb (0),1,,13,[CUDA memcpy Host-to-Device]
5457119652,8288,374772,69,4,1,48,1,1,76,0.002,0.000,,,,,NVIDIA A100-SXM4-40GB MIG 4g.20gb (0),1,,13,"void ch_est::windowedChEstPreNoDftSOfdmKernel<float, __half, float, (unsigned int)2, (unsigned int)1, (unsigned short)4>(ch_est::puschRxChEstStatDescr_t *, ch_est::puschRxChEstDynDescr_t *)"
5457136996,6944,374773,137,2,1,24,2,1,44,0.001,0.001,,,,,NVIDIA A100-SXM4-40GB MIG 4g.20gb (0),1,,13,"void ch_est::chEstFilterNoDftSOfdmDispatchKernel<float, __half, float, (unsigned int)2>(ch_est::puschRxChEstStatDescr_t *, ch_est::puschRxChEstDynDescr_t *)"
5457151940,4736,374774,137,2,1,24,2,1,44,0.001,0.001,,,,,NVIDIA A100-SXM4-40GB MIG 4g.20gb (0),1,,13,"void ch_est::chEstFilterNoDftSOfdmDispatchKernel<float, __half, float, (unsigned int)2>(ch_est::puschRxChEstStatDescr_t *, ch_est::puschRxChEstDynDescr_t *)"
5457167460,2656,374785,103,1,1,128,1,1,16,0.000,0.000,,,,,NVIDIA A100-SXM4-40GB MIG 4g.20gb (0),1,,13,cupy_copy__complex64_complex64
5457182788,12447,374795,1434,1,1,128,1,1,16,0.000,0.000,,,,,NVIDIA A100-SXM4-40GB MIG 4g.20gb (0),1,,13,cupy_copy__complex64_complex64
5457202115,2560,374802,103,1,1,128,1,1,16,0.000,0.000,,,,,NVIDIA A100-SXM4-40GB MIG 4g.20gb (0),1,,13,cupy_copy__complex64_complex64
5457221987,86559,374809,1,1,1,32,32,1,30,0.000,0.000,,,,,NVIDIA A100-SXM4-40GB MIG 4g.20gb (0),1,,13,"void convert_kernel<__half2, float2>(tensor_layout_any, T1 *, tensor_layout_any, const T2 *)"
5457335714,20512,374812,,,,,,,,,,0.094,4567.774,Pinned,Device,NVIDIA A100-SXM4-40GB MIG 4g.20gb (0),1,,13,[CUDA memcpy Host-to-Device]
5457361185,46784,374813,,,,,,,,,,35.810,765401.230,Device,,NVIDIA A100-SXM4-40GB MIG 4g.20gb (0),1,,13,[CUDA memset]
5457415649,11296,374815,,,,,,,,,,0.000,7.082,Pinned,Device,NVIDIA A100-SXM4-40GB MIG 4g.20gb (0),1,,13,[CUDA memcpy Host-to-Device]
5457433601,27327,374816,,,,,,,,,,0.197,7194.477,Pinned,Device,NVIDIA A100-SXM4-40GB MIG 4g.20gb (0),1,,13,[CUDA memcpy Host-to-Device]
5457480032,9952,374817,273,1,1,48,1,1,40,0.000,0.001,,,,,NVIDIA A100-SXM4-40GB MIG 4g.20gb (0),1,,13,"void pusch_noise_intf_est::noiseIntfEstNoDftSOfdmKernel<float, __half, float, float, (unsigned int)2, (unsigned int)1, (unsigned char)4, (unsigned char)4>(pusch_noise_intf_est::puschRxNoiseIntfEstDynDescr)"
5457495360,2784,374828,35,1,1,128,1,1,16,0.000,0.000,,,,,NVIDIA A100-SXM4-40GB MIG 4g.20gb (0),1,,13,cupy_copy__complex64_complex64
5457510464,1760,374837,1,1,1,1,1,1,18,0.000,0.000,,,,,NVIDIA A100-SXM4-40GB MIG 4g.20gb (0),1,,13,cupy_copy__float32_float32
5457517376,5887,374843,,,,,,,,,,0.000,0.679,Device,Pageable,NVIDIA A100-SXM4-40GB MIG 4g.20gb (0),1,,7,[CUDA memcpy Device-to-Host]
5457599839,12767,374854,1434,1,1,128,1,1,16,0.000,0.000,,,,,NVIDIA A100-SXM4-40GB MIG 4g.20gb (0),1,,13,cupy_copy__complex64_complex64
5457639006,2944,374861,103,1,1,128,1,1,16,0.000,0.000,,,,,NVIDIA A100-SXM4-40GB MIG 4g.20gb (0),1,,13,cupy_copy__complex64_complex64
5457656638,2304,374868,35,1,1,128,1,1,16,0.000,0.000,,,,,NVIDIA A100-SXM4-40GB MIG 4g.20gb (0),1,,13,cupy_copy__complex64_complex64
5457673374,1792,374875,1,1,1,1,1,1,18,0.000,0.000,,,,,NVIDIA A100-SXM4-40GB MIG 4g.20gb (0),1,,13,cupy_copy__float32_float32
5457804412,93023,374886,1,1,1,32,32,1,30,0.000,0.000,,,,,NVIDIA A100-SXM4-40GB MIG 4g.20gb (0),1,,13,"void convert_kernel<__half2, float2>(tensor_layout_any, T1 *, tensor_layout_any, const T2 *)"
5457931322,16704,374889,,,,,,,,,,0.094,5609.111,Pinned,Device,NVIDIA A100-SXM4-40GB MIG 4g.20gb (0),1,,13,[CUDA memcpy Host-to-Device]
5457964826,3424,374890,,,,,,,,,,1.547,451700.819,Device,,NVIDIA A100-SXM4-40GB MIG 4g.20gb (0),1,,13,[CUDA memset]
5457974394,4096,374895,,,,,,,,,,0.031,7640.605,Pinned,Device,NVIDIA A100-SXM4-40GB MIG 4g.20gb (0),1,,13,[CUDA memcpy Host-to-Device]
5457988474,28415,374896,,,,,,,,,,0.197,6919.029,Pinned,Device,NVIDIA A100-SXM4-40GB MIG 4g.20gb (0),1,,13,[CUDA memcpy Host-to-Device]
5458030169,8128,374897,273,1,1,8,4,1,39,0.002,0.000,,,,,NVIDIA A100-SXM4-40GB MIG 4g.20gb (0),1,,13,"void channel_eq::eqMmseCoefCompLowMimoKernel<float, float, float, (unsigned int)4, (unsigned int)1, (unsigned int)4>(const channel_eq::_puschRxChEqStatDescr *, channel_eq::_puschRxChEqCoefCompDynDescr)"
5458044761,7584,374898,273,1,1,12,11,1,51,0.002,0.000,,,,,NVIDIA A100-SXM4-40GB MIG 4g.20gb (0),1,,13,"void channel_eq::eqMmseSoftDemapKernel<float, __half, __half, float, (unsigned int)4, (unsigned short)16383>(channel_eq::_puschRxChEqStatDescr *, channel_eq::_puschRxChEqSoftDemapDynDescr)"
5458058553,282108,374899,1,1,1,32,32,1,30,0.000,0.000,,,,,NVIDIA A100-SXM4-40GB MIG 4g.20gb (0),1,,13,"void convert_kernel<float2, __half2>(tensor_layout_any, T1 *, tensor_layout_any, const T2 *)"
5458342613,10976,374911,2253,1,1,128,1,1,16,0.000,0.000,,,,,NVIDIA A100-SXM4-40GB MIG 4g.20gb (0),1,,13,cupy_copy__float16_float16
5458355189,3680,374920,282,1,1,128,1,1,16,0.000,0.000,,,,,NVIDIA A100-SXM4-40GB MIG 4g.20gb (0),1,,13,cupy_copy__complex64_complex64
5458360149,2176,374929,26,1,1,128,1,1,16,0.000,0.000,,,,,NVIDIA A100-SXM4-40GB MIG 4g.20gb (0),1,,13,cupy_copy__float32_float32
5458365525,4704,374938,103,1,1,128,1,1,16,0.000,0.000,,,,,NVIDIA A100-SXM4-40GB MIG 4g.20gb (0),1,,13,cupy_copy__complex64_complex64
5458372373,12096,374948,1434,1,1,128,1,1,16,0.000,0.000,,,,,NVIDIA A100-SXM4-40GB MIG 4g.20gb (0),1,,13,cupy_copy__complex64_complex64
5458387509,88575,374953,1,1,1,32,32,1,30,0.000,0.000,,,,,NVIDIA A100-SXM4-40GB MIG 4g.20gb (0),1,,13,"void convert_kernel<__half2, float2>(tensor_layout_any, T1 *, tensor_layout_any, const T2 *)"
5458502867,5696,374956,,,,,,,,,,0.094,16449.363,Pinned,Device,NVIDIA A100-SXM4-40GB MIG 4g.20gb (0),1,,13,[CUDA memcpy Host-to-Device]
5458514291,600377,374957,,,,,,,,,,456.561,760174.798,Device,,NVIDIA A100-SXM4-40GB MIG 4g.20gb (0),1,,13,[CUDA memset]
5459122284,131614,374962,,,,,,,,,,1.235,9381.870,Pinned,Device,NVIDIA A100-SXM4-40GB MIG 4g.20gb (0),1,,13,[CUDA memcpy Host-to-Device]
5459263562,26336,374963,,,,,,,,,,0.197,7465.206,Pinned,Device,NVIDIA A100-SXM4-40GB MIG 4g.20gb (0),1,,13,[CUDA memcpy Host-to-Device]
5459301930,9439,374964,69,4,1,48,1,1,76,0.002,0.000,,,,,NVIDIA A100-SXM4-40GB MIG 4g.20gb (0),1,,13,"void ch_est::windowedChEstPreNoDftSOfdmKernel<float, __half, float, (unsigned int)2, (unsigned int)1, (unsigned short)4>(ch_est::puschRxChEstStatDescr_t *, ch_est::puschRxChEstDynDescr_t *)"
5459320521,7840,374965,137,2,1,24,2,1,44,0.001,0.001,,,,,NVIDIA A100-SXM4-40GB MIG 4g.20gb (0),1,,13,"void ch_est::chEstFilterNoDftSOfdmDispatchKernel<float, __half, float, (unsigned int)2>(ch_est::puschRxChEstStatDescr_t *, ch_est::puschRxChEstDynDescr_t *)"
5459333161,6240,374966,137,2,1,24,2,1,44,0.001,0.001,,,,,NVIDIA A100-SXM4-40GB MIG 4g.20gb (0),1,,13,"void ch_est::chEstFilterNoDftSOfdmDispatchKernel<float, __half, float, (unsigned int)2>(ch_est::puschRxChEstStatDescr_t *, ch_est::puschRxChEstDynDescr_t *)"
5459348585,2624,374977,103,1,1,128,1,1,16,0.000,0.000,,,,,NVIDIA A100-SXM4-40GB MIG 4g.20gb (0),1,,13,cupy_copy__complex64_complex64
5459358889,12992,374987,1434,1,1,128,1,1,16,0.000,0.000,,,,,NVIDIA A100-SXM4-40GB MIG 4g.20gb (0),1,,13,cupy_copy__complex64_complex64
5459391784,2368,374994,103,1,1,128,1,1,16,0.000,0.000,,,,,NVIDIA A100-SXM4-40GB MIG 4g.20gb (0),1,,13,cupy_copy__complex64_complex64
5459411080,84191,375001,1,1,1,32,32,1,30,0.000,0.000,,,,,NVIDIA A100-SXM4-40GB MIG 4g.20gb (0),1,,13,"void convert_kernel<__half2, float2>(tensor_layout_any, T1 *, tensor_layout_any, const T2 *)"
5459525991,18464,375004,,,,,,,,,,0.094,5074.482,Pinned,Device,NVIDIA A100-SXM4-40GB MIG 4g.20gb (0),1,,13,[CUDA memcpy Host-to-Device]
5459554246,47360,375005,,,,,,,,,,35.810,756090.651,Device,,NVIDIA A100-SXM4-40GB MIG 4g.20gb (0),1,,13,[CUDA memset]
5459603334,11360,375007,,,,,,,,,,0.000,7.042,Pinned,Device,NVIDIA A100-SXM4-40GB MIG 4g.20gb (0),1,,13,[CUDA memcpy Host-to-Device]
5459620710,36959,375008,,,,,,,,,,0.197,5319.623,Pinned,Device,NVIDIA A100-SXM4-40GB MIG 4g.20gb (0),1,,13,[CUDA memcpy Host-to-Device]
5459678917,8448,375009,273,1,1,48,1,1,40,0.000,0.001,,,,,NVIDIA A100-SXM4-40GB MIG 4g.20gb (0),1,,13,"void pusch_noise_intf_est::noiseIntfEstNoDftSOfdmKernel<float, __half, float, float, (unsigned int)2, (unsigned int)1, (unsigned char)4, (unsigned char)4>(pusch_noise_intf_est::puschRxNoiseIntfEstDynDescr)"
5459698213,2688,375020,35,1,1,128,1,1,16,0.000,0.000,,,,,NVIDIA A100-SXM4-40GB MIG 4g.20gb (0),1,,13,cupy_copy__complex64_complex64
5459714116,1696,375029,1,1,1,1,1,1,18,0.000,0.000,,,,,NVIDIA A100-SXM4-40GB MIG 4g.20gb (0),1,,13,cupy_copy__float32_float32
5459720292,7968,375035,,,,,,,,,,0.000,0.502,Device,Pageable,NVIDIA A100-SXM4-40GB MIG 4g.20gb (0),1,,7,[CUDA memcpy Device-to-Host]
5459815011,12992,375046,1434,1,1,128,1,1,16,0.000,0.000,,,,,NVIDIA A100-SXM4-40GB MIG 4g.20gb (0),1,,13,cupy_copy__complex64_complex64
5459836643,2944,375053,103,1,1,128,1,1,16,0.000,0.000,,,,,NVIDIA A100-SXM4-40GB MIG 4g.20gb (0),1,,13,cupy_copy__complex64_complex64
5459863203,2560,375060,35,1,1,128,1,1,16,0.000,0.000,,,,,NVIDIA A100-SXM4-40GB MIG 4g.20gb (0),1,,13,cupy_copy__complex64_complex64
5459872451,1791,375067,1,1,1,1,1,1,18,0.000,0.000,,,,,NVIDIA A100-SXM4-40GB MIG 4g.20gb (0),1,,13,cupy_copy__float32_float32
5460002209,83071,375078,1,1,1,32,32,1,30,0.000,0.000,,,,,NVIDIA A100-SXM4-40GB MIG 4g.20gb (0),1,,13,"void convert_kernel<__half2, float2>(tensor_layout_any, T1 *, tensor_layout_any, const T2 *)"
5460112544,5695,375081,,,,,,,,,,0.094,16452.268,Pinned,Device,NVIDIA A100-SXM4-40GB MIG 4g.20gb (0),1,,13,[CUDA memcpy Host-to-Device]
5460126815,3328,375082,,,,,,,,,,1.547,464729.580,Device,,NVIDIA A100-SXM4-40GB MIG 4g.20gb (0),1,,13,[CUDA memset]
5460133631,3104,375087,,,,,,,,,,0.031,10082.445,Pinned,Device,NVIDIA A100-SXM4-40GB MIG 4g.20gb (0),1,,13,[CUDA memcpy Host-to-Device]
5460139775,9568,375088,,,,,,,,,,0.197,20548.485,Pinned,Device,NVIDIA A100-SXM4-40GB MIG 4g.20gb (0),1,,13,[CUDA memcpy Host-to-Device]
5460155679,6016,375089,273,1,1,8,4,1,39,0.002,0.000,,,,,NVIDIA A100-SXM4-40GB MIG 4g.20gb (0),1,,13,"void channel_eq::eqMmseCoefCompLowMimoKernel<float, float, float, (unsigned int)4, (unsigned int)1, (unsigned int)4>(const channel_eq::_puschRxChEqStatDescr *, channel_eq::_puschRxChEqCoefCompDynDescr)"
5460163103,6208,375090,273,1,1,12,11,1,51,0.002,0.000,,,,,NVIDIA A100-SXM4-40GB MIG 4g.20gb (0),1,,13,"void channel_eq::eqMmseSoftDemapKernel<float, __half, __half, float, (unsigned int)4, (unsigned short)16383>(channel_eq::_puschRxChEqStatDescr *, channel_eq::_puschRxChEqSoftDemapDynDescr)"
5460172671,283068,375091,1,1,1,32,32,1,30,0.000,0.000,,,,,NVIDIA A100-SXM4-40GB MIG 4g.20gb (0),1,,13,"void convert_kernel<float2, __half2>(tensor_layout_any, T1 *, tensor_layout_any, const T2 *)"
5460458171,11264,375103,2253,1,1,128,1,1,16,0.000,0.000,,,,,NVIDIA A100-SXM4-40GB MIG 4g.20gb (0),1,,13,cupy_copy__float16_float16
5460472795,3104,375112,282,1,1,128,1,1,16,0.000,0.000,,,,,NVIDIA A100-SXM4-40GB MIG 4g.20gb (0),1,,13,cupy_copy__complex64_complex64
5460477627,1984,375121,26,1,1,128,1,1,16,0.000,0.000,,,,,NVIDIA A100-SXM4-40GB MIG 4g.20gb (0),1,,13,cupy_copy__float32_float32
5460483835,4576,375130,103,1,1,128,1,1,16,0.000,0.000,,,,,NVIDIA A100-SXM4-40GB MIG 4g.20gb (0),1,,13,cupy_copy__complex64_complex64
5460542266,12704,375146,1434,1,1,128,1,1,16,0.000,0.000,,,,,NVIDIA A100-SXM4-40GB MIG 4g.20gb (0),1,,13,cupy_copy__complex64_complex64
5460657273,82463,375151,1,1,1,32,32,1,30,0.000,0.000,,,,,NVIDIA A100-SXM4-40GB MIG 4g.20gb (0),1,,13,"void convert_kernel<__half2, float2>(tensor_layout_any, T1 *, tensor_layout_any, const T2 *)"
5460766295,5728,375154,,,,,,,,,,0.094,16357.541,Pinned,Device,NVIDIA A100-SXM4-40GB MIG 4g.20gb (0),1,,13,[CUDA memcpy Host-to-Device]
5460778679,595801,375155,,,,,,,,,,456.561,766110.096,Device,,NVIDIA A100-SXM4-40GB MIG 4g.20gb (0),1,,13,[CUDA memset]
5461378288,100799,375160,,,,,,,,,,1.235,12250.644,Pinned,Device,NVIDIA A100-SXM4-40GB MIG 4g.20gb (0),1,,13,[CUDA memcpy Host-to-Device]
5461488335,21087,375161,,,,,,,,,,0.197,9323.545,Pinned,Device,NVIDIA A100-SXM4-40GB MIG 4g.20gb (0),1,,13,[CUDA memcpy Host-to-Device]
5461533486,8000,375162,69,4,1,48,1,1,76,0.002,0.000,,,,,NVIDIA A100-SXM4-40GB MIG 4g.20gb (0),1,,13,"void ch_est::windowedChEstPreNoDftSOfdmKernel<float, __half, float, (unsigned int)2, (unsigned int)1, (unsigned short)4>(ch_est::puschRxChEstStatDescr_t *, ch_est::puschRxChEstDynDescr_t *)"
5461544142,7200,375163,137,2,1,24,2,1,44,0.001,0.001,,,,,NVIDIA A100-SXM4-40GB MIG 4g.20gb (0),1,,13,"void ch_est::chEstFilterNoDftSOfdmDispatchKernel<float, __half, float, (unsigned int)2>(ch_est::puschRxChEstStatDescr_t *, ch_est::puschRxChEstDynDescr_t *)"
5461558638,5280,375164,137,2,1,24,2,1,44,0.001,0.001,,,,,NVIDIA A100-SXM4-40GB MIG 4g.20gb (0),1,,13,"void ch_est::chEstFilterNoDftSOfdmDispatchKernel<float, __half, float, (unsigned int)2>(ch_est::puschRxChEstStatDescr_t *, ch_est::puschRxChEstDynDescr_t *)"
5461569486,3040,375175,103,1,1,128,1,1,16,0.000,0.000,,,,,NVIDIA A100-SXM4-40GB MIG 4g.20gb (0),1,,13,cupy_copy__complex64_complex64
5461584845,12704,375185,1434,1,1,128,1,1,16,0.000,0.000,,,,,NVIDIA A100-SXM4-40GB MIG 4g.20gb (0),1,,13,cupy_copy__complex64_complex64
5461611053,2592,375192,103,1,1,128,1,1,16,0.000,0.000,,,,,NVIDIA A100-SXM4-40GB MIG 4g.20gb (0),1,,13,cupy_copy__complex64_complex64
5461625389,88511,375199,1,1,1,32,32,1,30,0.000,0.000,,,,,NVIDIA A100-SXM4-40GB MIG 4g.20gb (0),1,,13,"void convert_kernel<__half2, float2>(tensor_layout_any, T1 *, tensor_layout_any, const T2 *)"
5461745451,26496,375202,,,,,,,,,,0.094,3536.181,Pinned,Device,NVIDIA A100-SXM4-40GB MIG 4g.20gb (0),1,,13,[CUDA memcpy Host-to-Device]
5461792107,46719,375203,,,,,,,,,,35.810,766475.528,Device,,NVIDIA A100-SXM4-40GB MIG 4g.20gb (0),1,,13,[CUDA memset]
5461841578,11904,375205,,,,,,,,,,0.000,6.720,Pinned,Device,NVIDIA A100-SXM4-40GB MIG 4g.20gb (0),1,,13,[CUDA memcpy Host-to-Device]
5461861450,32480,375206,,,,,,,,,,0.197,6053.167,Pinned,Device,NVIDIA A100-SXM4-40GB MIG 4g.20gb (0),1,,13,[CUDA memcpy Host-to-Device]
5461918121,9632,375207,273,1,1,48,1,1,40,0.000,0.001,,,,,NVIDIA A100-SXM4-40GB MIG 4g.20gb (0),1,,13,"void pusch_noise_intf_est::noiseIntfEstNoDftSOfdmKernel<float, __half, float, float, (unsigned int)2, (unsigned int)1, (unsigned char)4, (unsigned char)4>(pusch_noise_intf_est::puschRxNoiseIntfEstDynDescr)"
5461934697,2816,375218,35,1,1,128,1,1,16,0.000,0.000,,,,,NVIDIA A100-SXM4-40GB MIG 4g.20gb (0),1,,13,cupy_copy__complex64_complex64
5461952105,1696,375227,1,1,1,1,1,1,18,0.000,0.000,,,,,NVIDIA A100-SXM4-40GB MIG 4g.20gb (0),1,,13,cupy_copy__float32_float32
5461961481,6528,375233,,,,,,,,,,0.000,0.613,Device,Pageable,NVIDIA A100-SXM4-40GB MIG 4g.20gb (0),1,,7,[CUDA memcpy Device-to-Host]
5462058568,12959,375244,1434,1,1,128,1,1,16,0.000,0.000,,,,,NVIDIA A100-SXM4-40GB MIG 4g.20gb (0),1,,13,cupy_copy__complex64_complex64
5462081479,3072,375251,103,1,1,128,1,1,16,0.000,0.000,,,,,NVIDIA A100-SXM4-40GB MIG 4g.20gb (0),1,,13,cupy_copy__complex64_complex64
5462099975,2560,375258,35,1,1,128,1,1,16,0.000,0.000,,,,,NVIDIA A100-SXM4-40GB MIG 4g.20gb (0),1,,13,cupy_copy__complex64_complex64
5462120935,1792,375265,1,1,1,1,1,1,18,0.000,0.000,,,,,NVIDIA A100-SXM4-40GB MIG 4g.20gb (0),1,,13,cupy_copy__float32_float32
5462254693,81439,375276,1,1,1,32,32,1,30,0.000,0.000,,,,,NVIDIA A100-SXM4-40GB MIG 4g.20gb (0),1,,13,"void convert_kernel<__half2, float2>(tensor_layout_any, T1 *, tensor_layout_any, const T2 *)"
5462365092,17024,375279,,,,,,,,,,0.094,5503.703,Pinned,Device,NVIDIA A100-SXM4-40GB MIG 4g.20gb (0),1,,13,[CUDA memcpy Host-to-Device]
5462400323,3392,375280,,,,,,,,,,1.547,455961.768,Device,,NVIDIA A100-SXM4-40GB MIG 4g.20gb (0),1,,13,[CUDA memset]
5462404867,3392,375285,,,,,,,,,,0.031,9226.405,Pinned,Device,NVIDIA A100-SXM4-40GB MIG 4g.20gb (0),1,,13,[CUDA memcpy Host-to-Device]
5462413315,14240,375286,,,,,,,,,,0.197,13806.600,Pinned,Device,NVIDIA A100-SXM4-40GB MIG 4g.20gb (0),1,,13,[CUDA memcpy Host-to-Device]
5462437027,6432,375287,273,1,1,8,4,1,39,0.002,0.000,,,,,NVIDIA A100-SXM4-40GB MIG 4g.20gb (0),1,,13,"void channel_eq::eqMmseCoefCompLowMimoKernel<float, float, float, (unsigned int)4, (unsigned int)1, (unsigned int)4>(const channel_eq::_puschRxChEqStatDescr *, channel_eq::_puschRxChEqCoefCompDynDescr)"
5462447715,6336,375288,273,1,1,12,11,1,51,0.002,0.000,,,,,NVIDIA A100-SXM4-40GB MIG 4g.20gb (0),1,,13,"void channel_eq::eqMmseSoftDemapKernel<float, __half, __half, float, (unsigned int)4, (unsigned short)16383>(channel_eq::_puschRxChEqStatDescr *, channel_eq::_puschRxChEqSoftDemapDynDescr)"
5462458307,294748,375289,1,1,1,32,32,1,30,0.000,0.000,,,,,NVIDIA A100-SXM4-40GB MIG 4g.20gb (0),1,,13,"void convert_kernel<float2, __half2>(tensor_layout_any, T1 *, tensor_layout_any, const T2 *)"
5462755551,11104,375301,2253,1,1,128,1,1,16,0.000,0.000,,,,,NVIDIA A100-SXM4-40GB MIG 4g.20gb (0),1,,13,cupy_copy__float16_float16
5462770239,3744,375310,282,1,1,128,1,1,16,0.000,0.000,,,,,NVIDIA A100-SXM4-40GB MIG 4g.20gb (0),1,,13,cupy_copy__complex64_complex64
5462776255,2432,375319,26,1,1,128,1,1,16,0.000,0.000,,,,,NVIDIA A100-SXM4-40GB MIG 4g.20gb (0),1,,13,cupy_copy__float32_float32
5462780287,2976,375328,103,1,1,128,1,1,16,0.000,0.000,,,,,NVIDIA A100-SXM4-40GB MIG 4g.20gb (0),1,,13,cupy_copy__complex64_complex64
5462784607,12543,375338,1434,1,1,128,1,1,16,0.000,0.000,,,,,NVIDIA A100-SXM4-40GB MIG 4g.20gb (0),1,,13,cupy_copy__complex64_complex64
5462798846,87487,375343,1,1,1,32,32,1,30,0.000,0.000,,,,,NVIDIA A100-SXM4-40GB MIG 4g.20gb (0),1,,13,"void convert_kernel<__half2, float2>(tensor_layout_any, T1 *, tensor_layout_any, const T2 *)"
5462914877,6080,375346,,,,,,,,,,0.094,15410.462,Pinned,Device,NVIDIA A100-SXM4-40GB MIG 4g.20gb (0),1,,13,[CUDA memcpy Host-to-Device]
5462926173,598873,375347,,,,,,,,,,456.561,762001.043,Device,,NVIDIA A100-SXM4-40GB MIG 4g.20gb (0),1,,13,[CUDA memset]
5463533237,128959,375352,,,,,,,,,,1.235,9575.756,Pinned,Device,NVIDIA A100-SXM4-40GB MIG 4g.20gb (0),1,,13,[CUDA memcpy Host-to-Device]
5463673620,18047,375353,,,,,,,,,,0.197,10894.049,Pinned,Device,NVIDIA A100-SXM4-40GB MIG 4g.20gb (0),1,,13,[CUDA memcpy Host-to-Device]
5463713971,8128,375354,69,4,1,48,1,1,76,0.002,0.000,,,,,NVIDIA A100-SXM4-40GB MIG 4g.20gb (0),1,,13,"void ch_est::windowedChEstPreNoDftSOfdmKernel<float, __half, float, (unsigned int)2, (unsigned int)1, (unsigned short)4>(ch_est::puschRxChEstStatDescr_t *, ch_est::puschRxChEstDynDescr_t *)"
5463728531,6656,375355,137,2,1,24,2,1,44,0.001,0.001,,,,,NVIDIA A100-SXM4-40GB MIG 4g.20gb (0),1,,13,"void ch_est::chEstFilterNoDftSOfdmDispatchKernel<float, __half, float, (unsigned int)2>(ch_est::puschRxChEstStatDescr_t *, ch_est::puschRxChEstDynDescr_t *)"
5463743795,4704,375356,137,2,1,24,2,1,44,0.001,0.001,,,,,NVIDIA A100-SXM4-40GB MIG 4g.20gb (0),1,,13,"void ch_est::chEstFilterNoDftSOfdmDispatchKernel<float, __half, float, (unsigned int)2>(ch_est::puschRxChEstStatDescr_t *, ch_est::puschRxChEstDynDescr_t *)"
5463759795,2528,375367,103,1,1,128,1,1,16,0.000,0.000,,,,,NVIDIA A100-SXM4-40GB MIG 4g.20gb (0),1,,13,cupy_copy__complex64_complex64
5463773906,12896,375377,1434,1,1,128,1,1,16,0.000,0.000,,,,,NVIDIA A100-SXM4-40GB MIG 4g.20gb (0),1,,13,cupy_copy__complex64_complex64
5463791314,2912,375384,103,1,1,128,1,1,16,0.000,0.000,,,,,NVIDIA A100-SXM4-40GB MIG 4g.20gb (0),1,,13,cupy_copy__complex64_complex64
5463804786,90303,375391,1,1,1,32,32,1,30,0.000,0.000,,,,,NVIDIA A100-SXM4-40GB MIG 4g.20gb (0),1,,13,"void convert_kernel<__half2, float2>(tensor_layout_any, T1 *, tensor_layout_any, const T2 *)"
5463922097,6112,375394,,,,,,,,,,0.094,15329.790,Pinned,Device,NVIDIA A100-SXM4-40GB MIG 4g.20gb (0),1,,13,[CUDA memcpy Host-to-Device]
5463934000,47264,375395,,,,,,,,,,35.810,757630.477,Device,,NVIDIA A100-SXM4-40GB MIG 4g.20gb (0),1,,13,[CUDA memset]
5463987248,3264,375397,,,,,,,,,,0.000,24.510,Pinned,Device,NVIDIA A100-SXM4-40GB MIG 4g.20gb (0),1,,13,[CUDA memcpy Host-to-Device]
5463996784,12416,375398,,,,,,,,,,0.197,15835.005,Pinned,Device,NVIDIA A100-SXM4-40GB MIG 4g.20gb (0),1,,13,[CUDA memcpy Host-to-Device]
5464017743,9632,375399,273,1,1,48,1,1,40,0.000,0.001,,,,,NVIDIA A100-SXM4-40GB MIG 4g.20gb (0),1,,13,"void pusch_noise_intf_est::noiseIntfEstNoDftSOfdmKernel<float, __half, float, float, (unsigned int)2, (unsigned int)1, (unsigned char)4, (unsigned char)4>(pusch_noise_intf_est::puschRxNoiseIntfEstDynDescr)"
5464033583,2880,375410,35,1,1,128,1,1,16,0.000,0.000,,,,,NVIDIA A100-SXM4-40GB MIG 4g.20gb (0),1,,13,cupy_copy__complex64_complex64
5464043151,1760,375419,1,1,1,1,1,1,18,0.000,0.000,,,,,NVIDIA A100-SXM4-40GB MIG 4g.20gb (0),1,,13,cupy_copy__float32_float32
5464073039,1696,375425,,,,,,,,,,0.000,2.358,Device,Pageable,NVIDIA A100-SXM4-40GB MIG 4g.20gb (0),1,,7,[CUDA memcpy Device-to-Host]
5464138606,13088,375436,1434,1,1,128,1,1,16,0.000,0.000,,,,,NVIDIA A100-SXM4-40GB MIG 4g.20gb (0),1,,13,cupy_copy__complex64_complex64
5464164174,2624,375443,103,1,1,128,1,1,16,0.000,0.000,,,,,NVIDIA A100-SXM4-40GB MIG 4g.20gb (0),1,,13,cupy_copy__complex64_complex64
5464186157,2144,375450,35,1,1,128,1,1,16,0.000,0.000,,,,,NVIDIA A100-SXM4-40GB MIG 4g.20gb (0),1,,13,cupy_copy__complex64_complex64
5464203213,1760,375457,1,1,1,1,1,1,18,0.000,0.000,,,,,NVIDIA A100-SXM4-40GB MIG 4g.20gb (0),1,,13,cupy_copy__float32_float32
5464334220,82559,375468,1,1,1,32,32,1,30,0.000,0.000,,,,,NVIDIA A100-SXM4-40GB MIG 4g.20gb (0),1,,13,"void convert_kernel<__half2, float2>(tensor_layout_any, T1 *, tensor_layout_any, const T2 *)"
5464444522,5408,375471,,,,,,,,,,0.094,17325.421,Pinned,Device,NVIDIA A100-SXM4-40GB MIG 4g.20gb (0),1,,13,[CUDA memcpy Host-to-Device]
5464459498,3072,375472,,,,,,,,,,1.547,503457.044,Device,,NVIDIA A100-SXM4-40GB MIG 4g.20gb (0),1,,13,[CUDA memset]
5464465994,3008,375477,,,,,,,,,,0.031,10404.230,Pinned,Device,NVIDIA A100-SXM4-40GB MIG 4g.20gb (0),1,,13,[CUDA memcpy Host-to-Device]
5464471626,9824,375478,,,,,,,,,,0.197,20012.925,Pinned,Device,NVIDIA A100-SXM4-40GB MIG 4g.20gb (0),1,,13,[CUDA memcpy Host-to-Device]
5464487050,6080,375479,273,1,1,8,4,1,39,0.002,0.000,,,,,NVIDIA A100-SXM4-40GB MIG 4g.20gb (0),1,,13,"void channel_eq::eqMmseCoefCompLowMimoKernel<float, float, float, (unsigned int)4, (unsigned int)1, (unsigned int)4>(const channel_eq::_puschRxChEqStatDescr *, channel_eq::_puschRxChEqCoefCompDynDescr)"
5464495082,5727,375480,273,1,1,12,11,1,51,0.002,0.000,,,,,NVIDIA A100-SXM4-40GB MIG 4g.20gb (0),1,,13,"void channel_eq::eqMmseSoftDemapKernel<float, __half, __half, float, (unsigned int)4, (unsigned short)16383>(channel_eq::_puschRxChEqStatDescr *, channel_eq::_puschRxChEqSoftDemapDynDescr)"
5464501929,282109,375481,1,1,1,32,32,1,30,0.000,0.000,,,,,NVIDIA A100-SXM4-40GB MIG 4g.20gb (0),1,,13,"void convert_kernel<float2, __half2>(tensor_layout_any, T1 *, tensor_layout_any, const T2 *)"
5464785254,11104,375493,2253,1,1,128,1,1,16,0.000,0.000,,,,,NVIDIA A100-SXM4-40GB MIG 4g.20gb (0),1,,13,cupy_copy__float16_float16
5464801254,3552,375502,282,1,1,128,1,1,16,0.000,0.000,,,,,NVIDIA A100-SXM4-40GB MIG 4g.20gb (0),1,,13,cupy_copy__complex64_complex64
5464807270,2208,375511,26,1,1,128,1,1,16,0.000,0.000,,,,,NVIDIA A100-SXM4-40GB MIG 4g.20gb (0),1,,13,cupy_copy__float32_float32
5464810566,4352,375520,103,1,1,128,1,1,16,0.000,0.000,,,,,NVIDIA A100-SXM4-40GB MIG 4g.20gb (0),1,,13,cupy_copy__complex64_complex64
5464817094,11967,375530,1434,1,1,128,1,1,16,0.000,0.000,,,,,NVIDIA A100-SXM4-40GB MIG 4g.20gb (0),1,,13,cupy_copy__complex64_complex64
5464840997,87615,375535,1,1,1,32,32,1,30,0.000,0.000,,,,,NVIDIA A100-SXM4-40GB MIG 4g.20gb (0),1,,13,"void convert_kernel<__half2, float2>(tensor_layout_any, T1 *, tensor_layout_any, const T2 *)"
5464955460,5568,375538,,,,,,,,,,0.094,16827.521,Pinned,Device,NVIDIA A100-SXM4-40GB MIG 4g.20gb (0),1,,13,[CUDA memcpy Host-to-Device]
5464966628,600440,375539,,,,,,,,,,456.561,760174.798,Device,,NVIDIA A100-SXM4-40GB MIG 4g.20gb (0),1,,13,[CUDA memset]
5465574108,131327,375544,,,,,,,,,,1.235,9402.864,Pinned,Device,NVIDIA A100-SXM4-40GB MIG 4g.20gb (0),1,,13,[CUDA memcpy Host-to-Device]
5465720378,37024,375545,,,,,,,,,,0.197,5310.185,Pinned,Device,NVIDIA A100-SXM4-40GB MIG 4g.20gb (0),1,,13,[CUDA memcpy Host-to-Device]
5465783482,8416,375546,69,4,1,48,1,1,76,0.002,0.000,,,,,NVIDIA A100-SXM4-40GB MIG 4g.20gb (0),1,,13,"void ch_est::windowedChEstPreNoDftSOfdmKernel<float, __half, float, (unsigned int)2, (unsigned int)1, (unsigned short)4>(ch_est::puschRxChEstStatDescr_t *, ch_est::puschRxChEstDynDescr_t *)"
5465801273,6656,375547,137,2,1,24,2,1,44,0.001,0.001,,,,,NVIDIA A100-SXM4-40GB MIG 4g.20gb (0),1,,13,"void ch_est::chEstFilterNoDftSOfdmDispatchKernel<float, __half, float, (unsigned int)2>(ch_est::puschRxChEstStatDescr_t *, ch_est::puschRxChEstDynDescr_t *)"
5465816665,5088,375548,137,2,1,24,2,1,44,0.001,0.001,,,,,NVIDIA A100-SXM4-40GB MIG 4g.20gb (0),1,,13,"void ch_est::chEstFilterNoDftSOfdmDispatchKernel<float, __half, float, (unsigned int)2>(ch_est::puschRxChEstStatDescr_t *, ch_est::puschRxChEstDynDescr_t *)"
5465830457,2656,375559,103,1,1,128,1,1,16,0.000,0.000,,,,,NVIDIA A100-SXM4-40GB MIG 4g.20gb (0),1,,13,cupy_copy__complex64_complex64
5465845305,12480,375569,1434,1,1,128,1,1,16,0.000,0.000,,,,,NVIDIA A100-SXM4-40GB MIG 4g.20gb (0),1,,13,cupy_copy__complex64_complex64
5465860921,2912,375576,103,1,1,128,1,1,16,0.000,0.000,,,,,NVIDIA A100-SXM4-40GB MIG 4g.20gb (0),1,,13,cupy_copy__complex64_complex64
5465877273,81503,375583,1,1,1,32,32,1,30,0.000,0.000,,,,,NVIDIA A100-SXM4-40GB MIG 4g.20gb (0),1,,13,"void convert_kernel<__half2, float2>(tensor_layout_any, T1 *, tensor_layout_any, const T2 *)"
5465991575,17248,375586,,,,,,,,,,0.094,5432.213,Pinned,Device,NVIDIA A100-SXM4-40GB MIG 4g.20gb (0),1,,13,[CUDA memcpy Host-to-Device]
5466030455,46815,375587,,,,,,,,,,35.810,764899.891,Device,,NVIDIA A100-SXM4-40GB MIG 4g.20gb (0),1,,13,[CUDA memset]
5466085398,4896,375589,,,,,,,,,,0.000,16.340,Pinned,Device,NVIDIA A100-SXM4-40GB MIG 4g.20gb (0),1,,13,[CUDA memcpy Host-to-Device]
5466096086,26463,375590,,,,,,,,,,0.197,7429.423,Pinned,Device,NVIDIA A100-SXM4-40GB MIG 4g.20gb (0),1,,13,[CUDA memcpy Host-to-Device]
5466137941,10304,375591,273,1,1,48,1,1,40,0.000,0.001,,,,,NVIDIA A100-SXM4-40GB MIG 4g.20gb (0),1,,13,"void pusch_noise_intf_est::noiseIntfEstNoDftSOfdmKernel<float, __half, float, float, (unsigned int)2, (unsigned int)1, (unsigned char)4, (unsigned char)4>(pusch_noise_intf_est::puschRxNoiseIntfEstDynDescr)"
5466159413,2944,375602,35,1,1,128,1,1,16,0.000,0.000,,,,,NVIDIA A100-SXM4-40GB MIG 4g.20gb (0),1,,13,cupy_copy__complex64_complex64
5466168245,1824,375611,1,1,1,1,1,1,18,0.000,0.000,,,,,NVIDIA A100-SXM4-40GB MIG 4g.20gb (0),1,,13,cupy_copy__float32_float32
5466171413,5216,375617,,,,,,,,,,0.000,0.767,Device,Pageable,NVIDIA A100-SXM4-40GB MIG 4g.20gb (0),1,,7,[CUDA memcpy Device-to-Host]
5466243860,12736,375628,1434,1,1,128,1,1,16,0.000,0.000,,,,,NVIDIA A100-SXM4-40GB MIG 4g.20gb (0),1,,13,cupy_copy__complex64_complex64
5466271156,3424,375635,103,1,1,128,1,1,16,0.000,0.000,,,,,NVIDIA A100-SXM4-40GB MIG 4g.20gb (0),1,,13,cupy_copy__complex64_complex64
5466289971,2688,375642,35,1,1,128,1,1,16,0.000,0.000,,,,,NVIDIA A100-SXM4-40GB MIG 4g.20gb (0),1,,13,cupy_copy__complex64_complex64
5466308659,1984,375649,1,1,1,1,1,1,18,0.000,0.000,,,,,NVIDIA A100-SXM4-40GB MIG 4g.20gb (0),1,,13,cupy_copy__float32_float32
5466439570,87679,375660,1,1,1,32,32,1,30,0.000,0.000,,,,,NVIDIA A100-SXM4-40GB MIG 4g.20gb (0),1,,13,"void convert_kernel<__half2, float2>(tensor_layout_any, T1 *, tensor_layout_any, const T2 *)"
5466555952,5888,375663,,,,,,,,,,0.094,15912.954,Pinned,Device,NVIDIA A100-SXM4-40GB MIG 4g.20gb (0),1,,13,[CUDA memcpy Host-to-Device]
5466570544,3328,375664,,,,,,,,,,1.547,464729.580,Device,,NVIDIA A100-SXM4-40GB MIG 4g.20gb (0),1,,13,[CUDA memset]
5466577360,3040,375669,,,,,,,,,,0.031,10294.725,Pinned,Device,NVIDIA A100-SXM4-40GB MIG 4g.20gb (0),1,,13,[CUDA memcpy Host-to-Device]
5466583280,9376,375670,,,,,,,,,,0.197,20969.226,Pinned,Device,NVIDIA A100-SXM4-40GB MIG 4g.20gb (0),1,,13,[CUDA memcpy Host-to-Device]
5466596880,6592,375671,273,1,1,8,4,1,39,0.002,0.000,,,,,NVIDIA A100-SXM4-40GB MIG 4g.20gb (0),1,,13,"void channel_eq::eqMmseCoefCompLowMimoKernel<float, float, float, (unsigned int)4, (unsigned int)1, (unsigned int)4>(const channel_eq::_puschRxChEqStatDescr *, channel_eq::_puschRxChEqCoefCompDynDescr)"
5466604880,6015,375672,273,1,1,12,11,1,51,0.002,0.000,,,,,NVIDIA A100-SXM4-40GB MIG 4g.20gb (0),1,,13,"void channel_eq::eqMmseSoftDemapKernel<float, __half, __half, float, (unsigned int)4, (unsigned short)16383>(channel_eq::_puschRxChEqStatDescr *, channel_eq::_puschRxChEqSoftDemapDynDescr)"
5466612495,280029,375673,1,1,1,32,32,1,30,0.000,0.000,,,,,NVIDIA A100-SXM4-40GB MIG 4g.20gb (0),1,,13,"void convert_kernel<float2, __half2>(tensor_layout_any, T1 *, tensor_layout_any, const T2 *)"
5466893484,10976,375685,2253,1,1,128,1,1,16,0.000,0.000,,,,,NVIDIA A100-SXM4-40GB MIG 4g.20gb (0),1,,13,cupy_copy__float16_float16
5466909708,2720,375694,282,1,1,128,1,1,16,0.000,0.000,,,,,NVIDIA A100-SXM4-40GB MIG 4g.20gb (0),1,,13,cupy_copy__complex64_complex64
5466915468,2016,375703,26,1,1,128,1,1,16,0.000,0.000,,,,,NVIDIA A100-SXM4-40GB MIG 4g.20gb (0),1,,13,cupy_copy__float32_float32
5466920588,3264,375712,103,1,1,128,1,1,16,0.000,0.000,,,,,NVIDIA A100-SXM4-40GB MIG 4g.20gb (0),1,,13,cupy_copy__complex64_complex64
5466924812,11775,375722,1434,1,1,128,1,1,16,0.000,0.000,,,,,NVIDIA A100-SXM4-40GB MIG 4g.20gb (0),1,,13,cupy_copy__complex64_complex64
5466952171,87615,375727,1,1,1,32,32,1,30,0.000,0.000,,,,,NVIDIA A100-SXM4-40GB MIG 4g.20gb (0),1,,13,"void convert_kernel<__half2, float2>(tensor_layout_any, T1 *, tensor_layout_any, const T2 *)"
5467066858,5664,375730,,,,,,,,,,0.094,16542.310,Pinned,Device,NVIDIA A100-SXM4-40GB MIG 4g.20gb (0),1,,13,[CUDA memcpy Host-to-Device]
5467077002,598936,375731,,,,,,,,,,456.561,762001.043,Device,,NVIDIA A100-SXM4-40GB MIG 4g.20gb (0),1,,13,[CUDA memset]
5467680322,149726,375736,,,,,,,,,,1.235,8246.956,Pinned,Device,NVIDIA A100-SXM4-40GB MIG 4g.20gb (0),1,,13,[CUDA memcpy Host-to-Device]
5467843360,41504,375737,,,,,,,,,,0.197,4737.073,Pinned,Device,NVIDIA A100-SXM4-40GB MIG 4g.20gb (0),1,,13,[CUDA memcpy Host-to-Device]
5467906400,7999,375738,69,4,1,48,1,1,76,0.002,0.000,,,,,NVIDIA A100-SXM4-40GB MIG 4g.20gb (0),1,,13,"void ch_est::windowedChEstPreNoDftSOfdmKernel<float, __half, float, (unsigned int)2, (unsigned int)1, (unsigned short)4>(ch_est::puschRxChEstStatDescr_t *, ch_est::puschRxChEstDynDescr_t *)"
5467924095,6624,375739,137,2,1,24,2,1,44,0.001,0.001,,,,,NVIDIA A100-SXM4-40GB MIG 4g.20gb (0),1,,13,"void ch_est::chEstFilterNoDftSOfdmDispatchKernel<float, __half, float, (unsigned int)2>(ch_est::puschRxChEstStatDescr_t *, ch_est::puschRxChEstDynDescr_t *)"
5467943327,4672,375740,137,2,1,24,2,1,44,0.001,0.001,,,,,NVIDIA A100-SXM4-40GB MIG 4g.20gb (0),1,,13,"void ch_est::chEstFilterNoDftSOfdmDispatchKernel<float, __half, float, (unsigned int)2>(ch_est::puschRxChEstStatDescr_t *, ch_est::puschRxChEstDynDescr_t *)"
5467960095,2720,375751,103,1,1,128,1,1,16,0.000,0.000,,,,,NVIDIA A100-SXM4-40GB MIG 4g.20gb (0),1,,13,cupy_copy__complex64_complex64
5467976991,12223,375761,1434,1,1,128,1,1,16,0.000,0.000,,,,,NVIDIA A100-SXM4-40GB MIG 4g.20gb (0),1,,13,cupy_copy__complex64_complex64
5467995838,2912,375768,103,1,1,128,1,1,16,0.000,0.000,,,,,NVIDIA A100-SXM4-40GB MIG 4g.20gb (0),1,,13,cupy_copy__complex64_complex64
5468019326,95487,375775,1,1,1,32,32,1,30,0.000,0.000,,,,,NVIDIA A100-SXM4-40GB MIG 4g.20gb (0),1,,13,"void convert_kernel<__half2, float2>(tensor_layout_any, T1 *, tensor_layout_any, const T2 *)"
5468147645,20511,375778,,,,,,,,,,0.094,4568.055,Pinned,Device,NVIDIA A100-SXM4-40GB MIG 4g.20gb (0),1,,13,[CUDA memcpy Host-to-Device]
5468190716,46623,375779,,,,,,,,,,35.810,768051.164,Device,,NVIDIA A100-SXM4-40GB MIG 4g.20gb (0),1,,13,[CUDA memset]
5468244987,8352,375781,,,,,,,,,,0.000,9.578,Pinned,Device,NVIDIA A100-SXM4-40GB MIG 4g.20gb (0),1,,13,[CUDA memcpy Host-to-Device]
5468264091,23008,375782,,,,,,,,,,0.197,8545.174,Pinned,Device,NVIDIA A100-SXM4-40GB MIG 4g.20gb (0),1,,13,[CUDA memcpy Host-to-Device]
5468293275,12352,375783,273,1,1,48,1,1,40,0.000,0.001,,,,,NVIDIA A100-SXM4-40GB MIG 4g.20gb (0),1,,13,"void pusch_noise_intf_est::noiseIntfEstNoDftSOfdmKernel<float, __half, float, float, (unsigned int)2, (unsigned int)1, (unsigned char)4, (unsigned char)4>(pusch_noise_intf_est::puschRxNoiseIntfEstDynDescr)"
5468312731,3071,375794,35,1,1,128,1,1,16,0.000,0.000,,,,,NVIDIA A100-SXM4-40GB MIG 4g.20gb (0),1,,13,cupy_copy__complex64_complex64
5468328186,1824,375803,1,1,1,1,1,1,18,0.000,0.000,,,,,NVIDIA A100-SXM4-40GB MIG 4g.20gb (0),1,,13,cupy_copy__float32_float32
5468333754,5344,375809,,,,,,,,,,0.000,0.749,Device,Pageable,NVIDIA A100-SXM4-40GB MIG 4g.20gb (0),1,,7,[CUDA memcpy Device-to-Host]
5468425433,12800,375820,1434,1,1,128,1,1,16,0.000,0.000,,,,,NVIDIA A100-SXM4-40GB MIG 4g.20gb (0),1,,13,cupy_copy__complex64_complex64
5468447993,3008,375827,103,1,1,128,1,1,16,0.000,0.000,,,,,NVIDIA A100-SXM4-40GB MIG 4g.20gb (0),1,,13,cupy_copy__complex64_complex64
5468465305,2560,375834,35,1,1,128,1,1,16,0.000,0.000,,,,,NVIDIA A100-SXM4-40GB MIG 4g.20gb (0),1,,13,cupy_copy__complex64_complex64
5468490584,1792,375841,1,1,1,1,1,1,18,0.000,0.000,,,,,NVIDIA A100-SXM4-40GB MIG 4g.20gb (0),1,,13,cupy_copy__float32_float32
5468618263,82943,375852,1,1,1,32,32,1,30,0.000,0.000,,,,,NVIDIA A100-SXM4-40GB MIG 4g.20gb (0),1,,13,"void convert_kernel<__half2, float2>(tensor_layout_any, T1 *, tensor_layout_any, const T2 *)"
5468728949,5728,375855,,,,,,,,,,0.094,16357.541,Pinned,Device,NVIDIA A100-SXM4-40GB MIG 4g.20gb (0),1,,13,[CUDA memcpy Host-to-Device]
5468744437,3232,375856,,,,,,,,,,1.547,478533.199,Device,,NVIDIA A100-SXM4-40GB MIG 4g.20gb (0),1,,13,[CUDA memset]
5468750517,3424,375861,,,,,,,,,,0.031,9140.185,Pinned,Device,NVIDIA A100-SXM4-40GB MIG 4g.20gb (0),1,,13,[CUDA memcpy Host-to-Device]
5468757237,9600,375862,,,,,,,,,,0.197,20479.869,Pinned,Device,NVIDIA A100-SXM4-40GB MIG 4g.20gb (0),1,,13,[CUDA memcpy Host-to-Device]
5468771925,8160,375863,273,1,1,8,4,1,39,0.002,0.000,,,,,NVIDIA A100-SXM4-40GB MIG 4g.20gb (0),1,,13,"void channel_eq::eqMmseCoefCompLowMimoKernel<float, float, float, (unsigned int)4, (unsigned int)1, (unsigned int)4>(const channel_eq::_puschRxChEqStatDescr *, channel_eq::_puschRxChEqCoefCompDynDescr)"
5468781269,6816,375864,273,1,1,12,11,1,51,0.002,0.000,,,,,NVIDIA A100-SXM4-40GB MIG 4g.20gb (0),1,,13,"void channel_eq::eqMmseSoftDemapKernel<float, __half, __half, float, (unsigned int)4, (unsigned short)16383>(channel_eq::_puschRxChEqStatDescr *, channel_eq::_puschRxChEqSoftDemapDynDescr)"
5468789109,292220,375865,1,1,1,32,32,1,30,0.000,0.000,,,,,NVIDIA A100-SXM4-40GB MIG 4g.20gb (0),1,,13,"void convert_kernel<float2, __half2>(tensor_layout_any, T1 *, tensor_layout_any, const T2 *)"
5469084561,11040,375877,2253,1,1,128,1,1,16,0.000,0.000,,,,,NVIDIA A100-SXM4-40GB MIG 4g.20gb (0),1,,13,cupy_copy__float16_float16
5469098513,3488,375886,282,1,1,128,1,1,16,0.000,0.000,,,,,NVIDIA A100-SXM4-40GB MIG 4g.20gb (0),1,,13,cupy_copy__complex64_complex64
5469103473,2144,375895,26,1,1,128,1,1,16,0.000,0.000,,,,,NVIDIA A100-SXM4-40GB MIG 4g.20gb (0),1,,13,cupy_copy__float32_float32
5469107761,2944,375904,103,1,1,128,1,1,16,0.000,0.000,,,,,NVIDIA A100-SXM4-40GB MIG 4g.20gb (0),1,,13,cupy_copy__complex64_complex64
5469112017,11968,375914,1434,1,1,128,1,1,16,0.000,0.000,,,,,NVIDIA A100-SXM4-40GB MIG 4g.20gb (0),1,,13,cupy_copy__complex64_complex64
5469128208,82111,375919,1,1,1,32,32,1,30,0.000,0.000,,,,,NVIDIA A100-SXM4-40GB MIG 4g.20gb (0),1,,13,"void convert_kernel<__half2, float2>(tensor_layout_any, T1 *, tensor_layout_any, const T2 *)"
5469237487,5728,375922,,,,,,,,,,0.094,16357.541,Pinned,Device,NVIDIA A100-SXM4-40GB MIG 4g.20gb (0),1,,13,[CUDA memcpy Host-to-Device]
5469246767,597337,375923,,,,,,,,,,456.561,764283.851,Device,,NVIDIA A100-SXM4-40GB MIG 4g.20gb (0),1,,13,[CUDA memset]
5469849896,117822,375928,,,,,,,,,,1.235,10480.970,Pinned,Device,NVIDIA A100-SXM4-40GB MIG 4g.20gb (0),1,,13,[CUDA memcpy Host-to-Device]
5469977126,24448,375929,,,,,,,,,,0.197,8041.857,Pinned,Device,NVIDIA A100-SXM4-40GB MIG 4g.20gb (0),1,,13,[CUDA memcpy Host-to-Device]
5470016710,8767,375930,69,4,1,48,1,1,76,0.002,0.000,,,,,NVIDIA A100-SXM4-40GB MIG 4g.20gb (0),1,,13,"void ch_est::windowedChEstPreNoDftSOfdmKernel<float, __half, float, (unsigned int)2, (unsigned int)1, (unsigned short)4>(ch_est::puschRxChEstStatDescr_t *, ch_est::puschRxChEstDynDescr_t *)"
5470034725,6208,375931,137,2,1,24,2,1,44,0.001,0.001,,,,,NVIDIA A100-SXM4-40GB MIG 4g.20gb (0),1,,13,"void ch_est::chEstFilterNoDftSOfdmDispatchKernel<float, __half, float, (unsigned int)2>(ch_est::puschRxChEstStatDescr_t *, ch_est::puschRxChEstDynDescr_t *)"
5470044645,6496,375932,137,2,1,24,2,1,44,0.001,0.001,,,,,NVIDIA A100-SXM4-40GB MIG 4g.20gb (0),1,,13,"void ch_est::chEstFilterNoDftSOfdmDispatchKernel<float, __half, float, (unsigned int)2>(ch_est::puschRxChEstStatDescr_t *, ch_est::puschRxChEstDynDescr_t *)"
5470056485,3040,375943,103,1,1,128,1,1,16,0.000,0.000,,,,,NVIDIA A100-SXM4-40GB MIG 4g.20gb (0),1,,13,cupy_copy__complex64_complex64
5470069797,12832,375953,1434,1,1,128,1,1,16,0.000,0.000,,,,,NVIDIA A100-SXM4-40GB MIG 4g.20gb (0),1,,13,cupy_copy__complex64_complex64
5470089829,2688,375960,103,1,1,128,1,1,16,0.000,0.000,,,,,NVIDIA A100-SXM4-40GB MIG 4g.20gb (0),1,,13,cupy_copy__complex64_complex64
5470100580,83199,375967,1,1,1,32,32,1,30,0.000,0.000,,,,,NVIDIA A100-SXM4-40GB MIG 4g.20gb (0),1,,13,"void convert_kernel<__half2, float2>(tensor_layout_any, T1 *, tensor_layout_any, const T2 *)"
5470210467,13248,375970,,,,,,,,,,0.094,7072.455,Pinned,Device,NVIDIA A100-SXM4-40GB MIG 4g.20gb (0),1,,13,[CUDA memcpy Host-to-Device]
5470232259,48255,375971,,,,,,,,,,35.810,742088.972,Device,,NVIDIA A100-SXM4-40GB MIG 4g.20gb (0),1,,13,[CUDA memset]
5470286594,9056,375973,,,,,,,,,,0.000,8.834,Pinned,Device,NVIDIA A100-SXM4-40GB MIG 4g.20gb (0),1,,13,[CUDA memcpy Host-to-Device]
5470305890,18816,375974,,,,,,,,,,0.197,10448.929,Pinned,Device,NVIDIA A100-SXM4-40GB MIG 4g.20gb (0),1,,13,[CUDA memcpy Host-to-Device]
5470340514,9343,375975,273,1,1,48,1,1,40,0.000,0.001,,,,,NVIDIA A100-SXM4-40GB MIG 4g.20gb (0),1,,13,"void pusch_noise_intf_est::noiseIntfEstNoDftSOfdmKernel<float, __half, float, float, (unsigned int)2, (unsigned int)1, (unsigned char)4, (unsigned char)4>(pusch_noise_intf_est::puschRxNoiseIntfEstDynDescr)"
5470364129,2752,375986,35,1,1,128,1,1,16,0.000,0.000,,,,,NVIDIA A100-SXM4-40GB MIG 4g.20gb (0),1,,13,cupy_copy__complex64_complex64
5470375105,1696,375995,1,1,1,1,1,1,18,0.000,0.000,,,,,NVIDIA A100-SXM4-40GB MIG 4g.20gb (0),1,,13,cupy_copy__float32_float32
5470380001,3488,376001,,,,,,,,,,0.000,1.147,Device,Pageable,NVIDIA A100-SXM4-40GB MIG 4g.20gb (0),1,,7,[CUDA memcpy Device-to-Host]
5470462144,12800,376012,1434,1,1,128,1,1,16,0.000,0.000,,,,,NVIDIA A100-SXM4-40GB MIG 4g.20gb (0),1,,13,cupy_copy__complex64_complex64
5470489536,3296,376019,103,1,1,128,1,1,16,0.000,0.000,,,,,NVIDIA A100-SXM4-40GB MIG 4g.20gb (0),1,,13,cupy_copy__complex64_complex64
5470516063,2560,376026,35,1,1,128,1,1,16,0.000,0.000,,,,,NVIDIA A100-SXM4-40GB MIG 4g.20gb (0),1,,13,cupy_copy__complex64_complex64
5470529599,1760,376033,1,1,1,1,1,1,18,0.000,0.000,,,,,NVIDIA A100-SXM4-40GB MIG 4g.20gb (0),1,,13,cupy_copy__float32_float32
5470664350,88254,376044,1,1,1,32,32,1,30,0.000,0.000,,,,,NVIDIA A100-SXM4-40GB MIG 4g.20gb (0),1,,13,"void convert_kernel<__half2, float2>(tensor_layout_any, T1 *, tensor_layout_any, const T2 *)"
5470780604,5824,376047,,,,,,,,,,0.094,16087.884,Pinned,Device,NVIDIA A100-SXM4-40GB MIG 4g.20gb (0),1,,13,[CUDA memcpy Host-to-Device]
5470797244,3296,376048,,,,,,,,,,1.547,469242.628,Device,,NVIDIA A100-SXM4-40GB MIG 4g.20gb (0),1,,13,[CUDA memset]
5470801340,3456,376053,,,,,,,,,,0.031,9055.529,Pinned,Device,NVIDIA A100-SXM4-40GB MIG 4g.20gb (0),1,,13,[CUDA memcpy Host-to-Device]
5470807228,10208,376054,,,,,,,,,,0.197,19260.113,Pinned,Device,NVIDIA A100-SXM4-40GB MIG 4g.20gb (0),1,,13,[CUDA memcpy Host-to-Device]
5470823900,8191,376055,273,1,1,8,4,1,39,0.002,0.000,,,,,NVIDIA A100-SXM4-40GB MIG 4g.20gb (0),1,,13,"void channel_eq::eqMmseCoefCompLowMimoKernel<float, float, float, (unsigned int)4, (unsigned int)1, (unsigned int)4>(const channel_eq::_puschRxChEqStatDescr *, channel_eq::_puschRxChEqCoefCompDynDescr)"
5470835355,5760,376056,273,1,1,12,11,1,51,0.002,0.000,,,,,NVIDIA A100-SXM4-40GB MIG 4g.20gb (0),1,,13,"void channel_eq::eqMmseSoftDemapKernel<float, __half, __half, float, (unsigned int)4, (unsigned short)16383>(channel_eq::_puschRxChEqStatDescr *, channel_eq::_puschRxChEqSoftDemapDynDescr)"
5470843611,282813,376057,1,1,1,32,32,1,30,0.000,0.000,,,,,NVIDIA A100-SXM4-40GB MIG 4g.20gb (0),1,,13,"void convert_kernel<float2, __half2>(tensor_layout_any, T1 *, tensor_layout_any, const T2 *)"
5471127480,11008,376069,2253,1,1,128,1,1,16,0.000,0.000,,,,,NVIDIA A100-SXM4-40GB MIG 4g.20gb (0),1,,13,cupy_copy__float16_float16
5471142008,3712,376078,282,1,1,128,1,1,16,0.000,0.000,,,,,NVIDIA A100-SXM4-40GB MIG 4g.20gb (0),1,,13,cupy_copy__complex64_complex64
5471149080,2464,376087,26,1,1,128,1,1,16,0.000,0.000,,,,,NVIDIA A100-SXM4-40GB MIG 4g.20gb (0),1,,13,cupy_copy__float32_float32
5471155159,4608,376096,103,1,1,128,1,1,16,0.000,0.000,,,,,NVIDIA A100-SXM4-40GB MIG 4g.20gb (0),1,,13,cupy_copy__complex64_complex64
5471162967,12096,376106,1434,1,1,128,1,1,16,0.000,0.000,,,,,NVIDIA A100-SXM4-40GB MIG 4g.20gb (0),1,,13,cupy_copy__complex64_complex64
5471182071,87391,376111,1,1,1,32,32,1,30,0.000,0.000,,,,,NVIDIA A100-SXM4-40GB MIG 4g.20gb (0),1,,13,"void convert_kernel<__half2, float2>(tensor_layout_any, T1 *, tensor_layout_any, const T2 *)"
5471295958,5408,376114,,,,,,,,,,0.094,17325.421,Pinned,Device,NVIDIA A100-SXM4-40GB MIG 4g.20gb (0),1,,13,[CUDA memcpy Host-to-Device]
5471307126,599000,376115,,,,,,,,,,456.561,762001.043,Device,,NVIDIA A100-SXM4-40GB MIG 4g.20gb (0),1,,13,[CUDA memset]
5471911886,97951,376120,,,,,,,,,,1.235,12607.543,Pinned,Device,NVIDIA A100-SXM4-40GB MIG 4g.20gb (0),1,,13,[CUDA memcpy Host-to-Device]
5472020301,24704,376121,,,,,,,,,,0.197,7958.495,Pinned,Device,NVIDIA A100-SXM4-40GB MIG 4g.20gb (0),1,,13,[CUDA memcpy Host-to-Device]
5472060044,8064,376122,69,4,1,48,1,1,76,0.002,0.000,,,,,NVIDIA A100-SXM4-40GB MIG 4g.20gb (0),1,,13,"void ch_est::windowedChEstPreNoDftSOfdmKernel<float, __half, float, (unsigned int)2, (unsigned int)1, (unsigned short)4>(ch_est::puschRxChEstStatDescr_t *, ch_est::puschRxChEstDynDescr_t *)"
5472074988,6624,376123,137,2,1,24,2,1,44,0.001,0.001,,,,,NVIDIA A100-SXM4-40GB MIG 4g.20gb (0),1,,13,"void ch_est::chEstFilterNoDftSOfdmDispatchKernel<float, __half, float, (unsigned int)2>(ch_est::puschRxChEstStatDescr_t *, ch_est::puschRxChEstDynDescr_t *)"
5472085644,4800,376124,137,2,1,24,2,1,44,0.001,0.001,,,,,NVIDIA A100-SXM4-40GB MIG 4g.20gb (0),1,,13,"void ch_est::chEstFilterNoDftSOfdmDispatchKernel<float, __half, float, (unsigned int)2>(ch_est::puschRxChEstStatDescr_t *, ch_est::puschRxChEstDynDescr_t *)"
5472096940,2464,376135,103,1,1,128,1,1,16,0.000,0.000,,,,,NVIDIA A100-SXM4-40GB MIG 4g.20gb (0),1,,13,cupy_copy__complex64_complex64
5472108428,12544,376145,1434,1,1,128,1,1,16,0.000,0.000,,,,,NVIDIA A100-SXM4-40GB MIG 4g.20gb (0),1,,13,cupy_copy__complex64_complex64
5472126764,2751,376152,103,1,1,128,1,1,16,0.000,0.000,,,,,NVIDIA A100-SXM4-40GB MIG 4g.20gb (0),1,,13,cupy_copy__complex64_complex64
5472136747,86335,376159,1,1,1,32,32,1,30,0.000,0.000,,,,,NVIDIA A100-SXM4-40GB MIG 4g.20gb (0),1,,13,"void convert_kernel<__half2, float2>(tensor_layout_any, T1 *, tensor_layout_any, const T2 *)"
5472254378,13280,376162,,,,,,,,,,0.094,7055.402,Pinned,Device,NVIDIA A100-SXM4-40GB MIG 4g.20gb (0),1,,13,[CUDA memcpy Host-to-Device]
5472280042,46239,376163,,,,,,,,,,35.810,774425.330,Device,,NVIDIA A100-SXM4-40GB MIG 4g.20gb (0),1,,13,[CUDA memset]
5472327657,10592,376165,,,,,,,,,,0.000,7.553,Pinned,Device,NVIDIA A100-SXM4-40GB MIG 4g.20gb (0),1,,13,[CUDA memcpy Host-to-Device]
5472346057,22656,376166,,,,,,,,,,0.197,8677.884,Pinned,Device,NVIDIA A100-SXM4-40GB MIG 4g.20gb (0),1,,13,[CUDA memcpy Host-to-Device]
5472379912,10048,376167,273,1,1,48,1,1,40,0.000,0.001,,,,,NVIDIA A100-SXM4-40GB MIG 4g.20gb (0),1,,13,"void pusch_noise_intf_est::noiseIntfEstNoDftSOfdmKernel<float, __half, float, float, (unsigned int)2, (unsigned int)1, (unsigned char)4, (unsigned char)4>(pusch_noise_intf_est::puschRxNoiseIntfEstDynDescr)"
5472396456,2656,376178,35,1,1,128,1,1,16,0.000,0.000,,,,,NVIDIA A100-SXM4-40GB MIG 4g.20gb (0),1,,13,cupy_copy__complex64_complex64
5472405576,1696,376187,1,1,1,1,1,1,18,0.000,0.000,,,,,NVIDIA A100-SXM4-40GB MIG 4g.20gb (0),1,,13,cupy_copy__float32_float32
5472407784,2976,376193,,,,,,,,,,0.000,1.344,Device,Pageable,NVIDIA A100-SXM4-40GB MIG 4g.20gb (0),1,,7,[CUDA memcpy Device-to-Host]
5472473319,13216,376204,1434,1,1,128,1,1,16,0.000,0.000,,,,,NVIDIA A100-SXM4-40GB MIG 4g.20gb (0),1,,13,cupy_copy__complex64_complex64
5472500647,3584,376211,103,1,1,128,1,1,16,0.000,0.000,,,,,NVIDIA A100-SXM4-40GB MIG 4g.20gb (0),1,,13,cupy_copy__complex64_complex64
5472521607,2336,376218,35,1,1,128,1,1,16,0.000,0.000,,,,,NVIDIA A100-SXM4-40GB MIG 4g.20gb (0),1,,13,cupy_copy__complex64_complex64
5472540998,1824,376225,1,1,1,1,1,1,18,0.000,0.000,,,,,NVIDIA A100-SXM4-40GB MIG 4g.20gb (0),1,,13,cupy_copy__float32_float32
5472673061,81727,376236,1,1,1,32,32,1,30,0.000,0.000,,,,,NVIDIA A100-SXM4-40GB MIG 4g.20gb (0),1,,13,"void convert_kernel<__half2, float2>(tensor_layout_any, T1 *, tensor_layout_any, const T2 *)"
5472782403,5504,376239,,,,,,,,,,0.094,17023.251,Pinned,Device,NVIDIA A100-SXM4-40GB MIG 4g.20gb (0),1,,13,[CUDA memcpy Host-to-Device]
5472796579,3648,376240,,,,,,,,,,1.547,423963.664,Device,,NVIDIA A100-SXM4-40GB MIG 4g.20gb (0),1,,13,[CUDA memset]
5472803395,3168,376245,,,,,,,,,,0.031,9878.770,Pinned,Device,NVIDIA A100-SXM4-40GB MIG 4g.20gb (0),1,,13,[CUDA memcpy Host-to-Device]
5472809795,9600,376246,,,,,,,,,,0.197,20479.869,Pinned,Device,NVIDIA A100-SXM4-40GB MIG 4g.20gb (0),1,,13,[CUDA memcpy Host-to-Device]
5472823875,6176,376247,273,1,1,8,4,1,39,0.002,0.000,,,,,NVIDIA A100-SXM4-40GB MIG 4g.20gb (0),1,,13,"void channel_eq::eqMmseCoefCompLowMimoKernel<float, float, float, (unsigned int)4, (unsigned int)1, (unsigned int)4>(const channel_eq::_puschRxChEqStatDescr *, channel_eq::_puschRxChEqCoefCompDynDescr)"
5472831011,7680,376248,273,1,1,12,11,1,51,0.002,0.000,,,,,NVIDIA A100-SXM4-40GB MIG 4g.20gb (0),1,,13,"void channel_eq::eqMmseSoftDemapKernel<float, __half, __half, float, (unsigned int)4, (unsigned short)16383>(channel_eq::_puschRxChEqStatDescr *, channel_eq::_puschRxChEqSoftDemapDynDescr)"
5472840387,294876,376249,1,1,1,32,32,1,30,0.000,0.000,,,,,NVIDIA A100-SXM4-40GB MIG 4g.20gb (0),1,,13,"void convert_kernel<float2, __half2>(tensor_layout_any, T1 *, tensor_layout_any, const T2 *)"
5473136991,10944,376261,2253,1,1,128,1,1,16,0.000,0.000,,,,,NVIDIA A100-SXM4-40GB MIG 4g.20gb (0),1,,13,cupy_copy__float16_float16
5473151551,3840,376270,282,1,1,128,1,1,16,0.000,0.000,,,,,NVIDIA A100-SXM4-40GB MIG 4g.20gb (0),1,,13,cupy_copy__complex64_complex64
5473158303,2272,376279,26,1,1,128,1,1,16,0.000,0.000,,,,,NVIDIA A100-SXM4-40GB MIG 4g.20gb (0),1,,13,cupy_copy__float32_float32
5473161663,3680,376288,103,1,1,128,1,1,16,0.000,0.000,,,,,NVIDIA A100-SXM4-40GB MIG 4g.20gb (0),1,,13,cupy_copy__complex64_complex64
5473166975,12448,376298,1434,1,1,128,1,1,16,0.000,0.000,,,,,NVIDIA A100-SXM4-40GB MIG 4g.20gb (0),1,,13,cupy_copy__complex64_complex64
5473182047,82558,376303,1,1,1,32,32,1,30,0.000,0.000,,,,,NVIDIA A100-SXM4-40GB MIG 4g.20gb (0),1,,13,"void convert_kernel<__half2, float2>(tensor_layout_any, T1 *, tensor_layout_any, const T2 *)"
5473291869,5760,376306,,,,,,,,,,0.094,16266.656,Pinned,Device,NVIDIA A100-SXM4-40GB MIG 4g.20gb (0),1,,13,[CUDA memcpy Host-to-Device]
5473302525,597753,376307,,,,,,,,,,456.561,763370.728,Device,,NVIDIA A100-SXM4-40GB MIG 4g.20gb (0),1,,13,[CUDA memset]
5473910838,140222,376312,,,,,,,,,,1.235,8806.386,Pinned,Device,NVIDIA A100-SXM4-40GB MIG 4g.20gb (0),1,,13,[CUDA memcpy Host-to-Device]
5474062644,36639,376313,,,,,,,,,,0.197,5366.022,Pinned,Device,NVIDIA A100-SXM4-40GB MIG 4g.20gb (0),1,,13,[CUDA memcpy Host-to-Device]
5474122963,8096,376314,69,4,1,48,1,1,76,0.002,0.000,,,,,NVIDIA A100-SXM4-40GB MIG 4g.20gb (0),1,,13,"void ch_est::windowedChEstPreNoDftSOfdmKernel<float, __half, float, (unsigned int)2, (unsigned int)1, (unsigned short)4>(ch_est::puschRxChEstStatDescr_t *, ch_est::puschRxChEstDynDescr_t *)"
5474138099,7136,376315,137,2,1,24,2,1,44,0.001,0.001,,,,,NVIDIA A100-SXM4-40GB MIG 4g.20gb (0),1,,13,"void ch_est::chEstFilterNoDftSOfdmDispatchKernel<float, __half, float, (unsigned int)2>(ch_est::puschRxChEstStatDescr_t *, ch_est::puschRxChEstDynDescr_t *)"
5474152947,5055,376316,137,2,1,24,2,1,44,0.001,0.001,,,,,NVIDIA A100-SXM4-40GB MIG 4g.20gb (0),1,,13,"void ch_est::chEstFilterNoDftSOfdmDispatchKernel<float, __half, float, (unsigned int)2>(ch_est::puschRxChEstStatDescr_t *, ch_est::puschRxChEstDynDescr_t *)"
5474165746,2688,376327,103,1,1,128,1,1,16,0.000,0.000,,,,,NVIDIA A100-SXM4-40GB MIG 4g.20gb (0),1,,13,cupy_copy__complex64_complex64
5474180210,12512,376337,1434,1,1,128,1,1,16,0.000,0.000,,,,,NVIDIA A100-SXM4-40GB MIG 4g.20gb (0),1,,13,cupy_copy__complex64_complex64
5474200690,2976,376344,103,1,1,128,1,1,16,0.000,0.000,,,,,NVIDIA A100-SXM4-40GB MIG 4g.20gb (0),1,,13,cupy_copy__complex64_complex64
5474217266,85375,376351,1,1,1,32,32,1,30,0.000,0.000,,,,,NVIDIA A100-SXM4-40GB MIG 4g.20gb (0),1,,13,"void convert_kernel<__half2, float2>(tensor_layout_any, T1 *, tensor_layout_any, const T2 *)"
5474332912,13216,376354,,,,,,,,,,0.094,7089.508,Pinned,Device,NVIDIA A100-SXM4-40GB MIG 4g.20gb (0),1,,13,[CUDA memcpy Host-to-Device]
5474356784,47423,376355,,,,,,,,,,35.810,755087.973,Device,,NVIDIA A100-SXM4-40GB MIG 4g.20gb (0),1,,13,[CUDA memset]
5474410415,3840,376357,,,,,,,,,,0.000,20.833,Pinned,Device,NVIDIA A100-SXM4-40GB MIG 4g.20gb (0),1,,13,[CUDA memcpy Host-to-Device]
5474422191,14944,376358,,,,,,,,,,0.197,13156.221,Pinned,Device,NVIDIA A100-SXM4-40GB MIG 4g.20gb (0),1,,13,[CUDA memcpy Host-to-Device]
5474447535,11360,376359,273,1,1,48,1,1,40,0.000,0.001,,,,,NVIDIA A100-SXM4-40GB MIG 4g.20gb (0),1,,13,"void pusch_noise_intf_est::noiseIntfEstNoDftSOfdmKernel<float, __half, float, float, (unsigned int)2, (unsigned int)1, (unsigned char)4, (unsigned char)4>(pusch_noise_intf_est::puschRxNoiseIntfEstDynDescr)"
5474467311,2848,376370,35,1,1,128,1,1,16,0.000,0.000,,,,,NVIDIA A100-SXM4-40GB MIG 4g.20gb (0),1,,13,cupy_copy__complex64_complex64
5474477679,1696,376379,1,1,1,1,1,1,18,0.000,0.000,,,,,NVIDIA A100-SXM4-40GB MIG 4g.20gb (0),1,,13,cupy_copy__float32_float32
5474484686,7392,376385,,,,,,,,,,0.000,0.541,Device,Pageable,NVIDIA A100-SXM4-40GB MIG 4g.20gb (0),1,,7,[CUDA memcpy Device-to-Host]
5474568429,12896,376396,1434,1,1,128,1,1,16,0.000,0.000,,,,,NVIDIA A100-SXM4-40GB MIG 4g.20gb (0),1,,13,cupy_copy__complex64_complex64
5474586125,5824,376403,103,1,1,128,1,1,16,0.000,0.000,,,,,NVIDIA A100-SXM4-40GB MIG 4g.20gb (0),1,,13,cupy_copy__complex64_complex64
5474615757,2816,376410,35,1,1,128,1,1,16,0.000,0.000,,,,,NVIDIA A100-SXM4-40GB MIG 4g.20gb (0),1,,13,cupy_copy__complex64_complex64
5474635149,1824,376417,1,1,1,1,1,1,18,0.000,0.000,,,,,NVIDIA A100-SXM4-40GB MIG 4g.20gb (0),1,,13,cupy_copy__float32_float32
5474756843,83391,376428,1,1,1,32,32,1,30,0.000,0.000,,,,,NVIDIA A100-SXM4-40GB MIG 4g.20gb (0),1,,13,"void convert_kernel<__half2, float2>(tensor_layout_any, T1 *, tensor_layout_any, const T2 *)"
5474873034,5600,376431,,,,,,,,,,0.094,16731.388,Pinned,Device,NVIDIA A100-SXM4-40GB MIG 4g.20gb (0),1,,13,[CUDA memcpy Host-to-Device]
5474888009,3392,376432,,,,,,,,,,1.547,455961.768,Device,,NVIDIA A100-SXM4-40GB MIG 4g.20gb (0),1,,13,[CUDA memset]
5474895305,3264,376437,,,,,,,,,,0.031,9588.218,Pinned,Device,NVIDIA A100-SXM4-40GB MIG 4g.20gb (0),1,,13,[CUDA memcpy Host-to-Device]
5474901129,9504,376438,,,,,,,,,,0.197,20686.701,Pinned,Device,NVIDIA A100-SXM4-40GB MIG 4g.20gb (0),1,,13,[CUDA memcpy Host-to-Device]
5474915913,6272,376439,273,1,1,8,4,1,39,0.002,0.000,,,,,NVIDIA A100-SXM4-40GB MIG 4g.20gb (0),1,,13,"void channel_eq::eqMmseCoefCompLowMimoKernel<float, float, float, (unsigned int)4, (unsigned int)1, (unsigned int)4>(const channel_eq::_puschRxChEqStatDescr *, channel_eq::_puschRxChEqCoefCompDynDescr)"
5474923273,5664,376440,273,1,1,12,11,1,51,0.002,0.000,,,,,NVIDIA A100-SXM4-40GB MIG 4g.20gb (0),1,,13,"void channel_eq::eqMmseSoftDemapKernel<float, __half, __half, float, (unsigned int)4, (unsigned short)16383>(channel_eq::_puschRxChEqStatDescr *, channel_eq::_puschRxChEqSoftDemapDynDescr)"
5474930025,282364,376441,1,1,1,32,32,1,30,0.000,0.000,,,,,NVIDIA A100-SXM4-40GB MIG 4g.20gb (0),1,,13,"void convert_kernel<float2, __half2>(tensor_layout_any, T1 *, tensor_layout_any, const T2 *)"
5475214437,10944,376453,2253,1,1,128,1,1,16,0.000,0.000,,,,,NVIDIA A100-SXM4-40GB MIG 4g.20gb (0),1,,13,cupy_copy__float16_float16
5475228069,3040,376462,282,1,1,128,1,1,16,0.000,0.000,,,,,NVIDIA A100-SXM4-40GB MIG 4g.20gb (0),1,,13,cupy_copy__complex64_complex64
5475233829,2272,376471,26,1,1,128,1,1,16,0.000,0.000,,,,,NVIDIA A100-SXM4-40GB MIG 4g.20gb (0),1,,13,cupy_copy__float32_float32
5475237157,4224,376480,103,1,1,128,1,1,16,0.000,0.000,,,,,NVIDIA A100-SXM4-40GB MIG 4g.20gb (0),1,,13,cupy_copy__complex64_complex64
5475242437,12288,376490,1434,1,1,128,1,1,16,0.000,0.000,,,,,NVIDIA A100-SXM4-40GB MIG 4g.20gb (0),1,,13,cupy_copy__complex64_complex64
5475264869,86975,376495,1,1,1,32,32,1,30,0.000,0.000,,,,,NVIDIA A100-SXM4-40GB MIG 4g.20gb (0),1,,13,"void convert_kernel<__half2, float2>(tensor_layout_any, T1 *, tensor_layout_any, const T2 *)"
5475378819,5792,376498,,,,,,,,,,0.094,16176.708,Pinned,Device,NVIDIA A100-SXM4-40GB MIG 4g.20gb (0),1,,13,[CUDA memcpy Host-to-Device]
5475388963,597945,376499,,,,,,,,,,456.561,763370.728,Device,,NVIDIA A100-SXM4-40GB MIG 4g.20gb (0),1,,13,[CUDA memset]
5475997948,159550,376504,,,,,,,,,,1.235,7739.394,Pinned,Device,NVIDIA A100-SXM4-40GB MIG 4g.20gb (0),1,,13,[CUDA memcpy Host-to-Device]
5476166586,34239,376505,,,,,,,,,,0.197,5742.133,Pinned,Device,NVIDIA A100-SXM4-40GB MIG 4g.20gb (0),1,,13,[CUDA memcpy Host-to-Device]
5476215641,8064,376506,69,4,1,48,1,1,76,0.002,0.000,,,,,NVIDIA A100-SXM4-40GB MIG 4g.20gb (0),1,,13,"void ch_est::windowedChEstPreNoDftSOfdmKernel<float, __half, float, (unsigned int)2, (unsigned int)1, (unsigned short)4>(ch_est::puschRxChEstStatDescr_t *, ch_est::puschRxChEstDynDescr_t *)"
5476230265,6752,376507,137,2,1,24,2,1,44,0.001,0.001,,,,,NVIDIA A100-SXM4-40GB MIG 4g.20gb (0),1,,13,"void ch_est::chEstFilterNoDftSOfdmDispatchKernel<float, __half, float, (unsigned int)2>(ch_est::puschRxChEstStatDescr_t *, ch_est::puschRxChEstDynDescr_t *)"
5476246329,5056,376508,137,2,1,24,2,1,44,0.001,0.001,,,,,NVIDIA A100-SXM4-40GB MIG 4g.20gb (0),1,,13,"void ch_est::chEstFilterNoDftSOfdmDispatchKernel<float, __half, float, (unsigned int)2>(ch_est::puschRxChEstStatDescr_t *, ch_est::puschRxChEstDynDescr_t *)"
5476257337,2752,376519,103,1,1,128,1,1,16,0.000,0.000,,,,,NVIDIA A100-SXM4-40GB MIG 4g.20gb (0),1,,13,cupy_copy__complex64_complex64
5476268184,12608,376529,1434,1,1,128,1,1,16,0.000,0.000,,,,,NVIDIA A100-SXM4-40GB MIG 4g.20gb (0),1,,13,cupy_copy__complex64_complex64
5476298200,2400,376536,103,1,1,128,1,1,16,0.000,0.000,,,,,NVIDIA A100-SXM4-40GB MIG 4g.20gb (0),1,,13,cupy_copy__complex64_complex64
5476314872,88447,376543,1,1,1,32,32,1,30,0.000,0.000,,,,,NVIDIA A100-SXM4-40GB MIG 4g.20gb (0),1,,13,"void convert_kernel<__half2, float2>(tensor_layout_any, T1 *, tensor_layout_any, const T2 *)"
5476433430,14176,376546,,,,,,,,,,0.094,6609.410,Pinned,Device,NVIDIA A100-SXM4-40GB MIG 4g.20gb (0),1,,13,[CUDA memcpy Host-to-Device]
5476458902,46624,376547,,,,,,,,,,35.810,768051.164,Device,,NVIDIA A100-SXM4-40GB MIG 4g.20gb (0),1,,13,[CUDA memset]
5476515989,4672,376549,,,,,,,,,,0.000,17.123,Pinned,Device,NVIDIA A100-SXM4-40GB MIG 4g.20gb (0),1,,13,[CUDA memcpy Host-to-Device]
5476527381,21216,376550,,,,,,,,,,0.197,9266.921,Pinned,Device,NVIDIA A100-SXM4-40GB MIG 4g.20gb (0),1,,13,[CUDA memcpy Host-to-Device]
5476558805,9664,376551,273,1,1,48,1,1,40,0.000,0.001,,,,,NVIDIA A100-SXM4-40GB MIG 4g.20gb (0),1,,13,"void pusch_noise_intf_est::noiseIntfEstNoDftSOfdmKernel<float, __half, float, float, (unsigned int)2, (unsigned int)1, (unsigned char)4, (unsigned char)4>(pusch_noise_intf_est::puschRxNoiseIntfEstDynDescr)"
5476576213,2976,376562,35,1,1,128,1,1,16,0.000,0.000,,,,,NVIDIA A100-SXM4-40GB MIG 4g.20gb (0),1,,13,cupy_copy__complex64_complex64
5476585045,1856,376571,1,1,1,1,1,1,18,0.000,0.000,,,,,NVIDIA A100-SXM4-40GB MIG 4g.20gb (0),1,,13,cupy_copy__float32_float32
5476592340,4224,376577,,,,,,,,,,0.000,0.947,Device,Pageable,NVIDIA A100-SXM4-40GB MIG 4g.20gb (0),1,,7,[CUDA memcpy Device-to-Host]
5476661268,13119,376588,1434,1,1,128,1,1,16,0.000,0.000,,,,,NVIDIA A100-SXM4-40GB MIG 4g.20gb (0),1,,13,cupy_copy__complex64_complex64
5476685971,2848,376595,103,1,1,128,1,1,16,0.000,0.000,,,,,NVIDIA A100-SXM4-40GB MIG 4g.20gb (0),1,,13,cupy_copy__complex64_complex64
5476706515,2720,376602,35,1,1,128,1,1,16,0.000,0.000,,,,,NVIDIA A100-SXM4-40GB MIG 4g.20gb (0),1,,13,cupy_copy__complex64_complex64
5476724755,1984,376609,1,1,1,1,1,1,18,0.000,0.000,,,,,NVIDIA A100-SXM4-40GB MIG 4g.20gb (0),1,,13,cupy_copy__float32_float32
5476855025,83007,376620,1,1,1,32,32,1,30,0.000,0.000,,,,,NVIDIA A100-SXM4-40GB MIG 4g.20gb (0),1,,13,"void convert_kernel<__half2, float2>(tensor_layout_any, T1 *, tensor_layout_any, const T2 *)"
5476964816,5472,376623,,,,,,,,,,0.094,17122.757,Pinned,Device,NVIDIA A100-SXM4-40GB MIG 4g.20gb (0),1,,13,[CUDA memcpy Host-to-Device]
5476980080,3360,376624,,,,,,,,,,1.547,460304.688,Device,,NVIDIA A100-SXM4-40GB MIG 4g.20gb (0),1,,13,[CUDA memset]
5476986160,3680,376629,,,,,,,,,,0.031,8504.344,Pinned,Device,NVIDIA A100-SXM4-40GB MIG 4g.20gb (0),1,,13,[CUDA memcpy Host-to-Device]
5476992272,9535,376630,,,,,,,,,,0.197,20619.461,Pinned,Device,NVIDIA A100-SXM4-40GB MIG 4g.20gb (0),1,,13,[CUDA memcpy Host-to-Device]
5477006831,6528,376631,273,1,1,8,4,1,39,0.002,0.000,,,,,NVIDIA A100-SXM4-40GB MIG 4g.20gb (0),1,,13,"void channel_eq::eqMmseCoefCompLowMimoKernel<float, float, float, (unsigned int)4, (unsigned int)1, (unsigned int)4>(const channel_eq::_puschRxChEqStatDescr *, channel_eq::_puschRxChEqCoefCompDynDescr)"
5477014479,6048,376632,273,1,1,12,11,1,51,0.002,0.000,,,,,NVIDIA A100-SXM4-40GB MIG 4g.20gb (0),1,,13,"void channel_eq::eqMmseSoftDemapKernel<float, __half, __half, float, (unsigned int)4, (unsigned short)16383>(channel_eq::_puschRxChEqStatDescr *, channel_eq::_puschRxChEqSoftDemapDynDescr)"
5477021615,283517,376633,1,1,1,32,32,1,30,0.000,0.000,,,,,NVIDIA A100-SXM4-40GB MIG 4g.20gb (0),1,,13,"void convert_kernel<float2, __half2>(tensor_layout_any, T1 *, tensor_layout_any, const T2 *)"
5477306092,11136,376645,2253,1,1,128,1,1,16,0.000,0.000,,,,,NVIDIA A100-SXM4-40GB MIG 4g.20gb (0),1,,13,cupy_copy__float16_float16
5477320236,2815,376654,282,1,1,128,1,1,16,0.000,0.000,,,,,NVIDIA A100-SXM4-40GB MIG 4g.20gb (0),1,,13,cupy_copy__complex64_complex64
5477325451,1984,376663,26,1,1,128,1,1,16,0.000,0.000,,,,,NVIDIA A100-SXM4-40GB MIG 4g.20gb (0),1,,13,cupy_copy__float32_float32
5477330251,3040,376672,103,1,1,128,1,1,16,0.000,0.000,,,,,NVIDIA A100-SXM4-40GB MIG 4g.20gb (0),1,,13,cupy_copy__complex64_complex64
5477336107,12000,376682,1434,1,1,128,1,1,16,0.000,0.000,,,,,NVIDIA A100-SXM4-40GB MIG 4g.20gb (0),1,,13,cupy_copy__complex64_complex64
5477358059,82175,376687,1,1,1,32,32,1,30,0.000,0.000,,,,,NVIDIA A100-SXM4-40GB MIG 4g.20gb (0),1,,13,"void convert_kernel<__half2, float2>(tensor_layout_any, T1 *, tensor_layout_any, const T2 *)"
5477467722,5792,376690,,,,,,,,,,0.094,16176.708,Pinned,Device,NVIDIA A100-SXM4-40GB MIG 4g.20gb (0),1,,13,[CUDA memcpy Host-to-Device]
5477478154,601368,376691,,,,,,,,,,456.561,758805.113,Device,,NVIDIA A100-SXM4-40GB MIG 4g.20gb (0),1,,13,[CUDA memset]
5478088578,153694,376696,,,,,,,,,,1.235,8034.546,Pinned,Device,NVIDIA A100-SXM4-40GB MIG 4g.20gb (0),1,,13,[CUDA memcpy Host-to-Device]
5478255936,41727,376697,,,,,,,,,,0.197,4711.711,Pinned,Device,NVIDIA A100-SXM4-40GB MIG 4g.20gb (0),1,,13,[CUDA memcpy Host-to-Device]
5478317887,8256,376698,69,4,1,48,1,1,76,0.002,0.000,,,,,NVIDIA A100-SXM4-40GB MIG 4g.20gb (0),1,,13,"void ch_est::windowedChEstPreNoDftSOfdmKernel<float, __half, float, (unsigned int)2, (unsigned int)1, (unsigned short)4>(ch_est::puschRxChEstStatDescr_t *, ch_est::puschRxChEstDynDescr_t *)"
5478335519,6528,376699,137,2,1,24,2,1,44,0.001,0.001,,,,,NVIDIA A100-SXM4-40GB MIG 4g.20gb (0),1,,13,"void ch_est::chEstFilterNoDftSOfdmDispatchKernel<float, __half, float, (unsigned int)2>(ch_est::puschRxChEstStatDescr_t *, ch_est::puschRxChEstDynDescr_t *)"
5478352159,4800,376700,137,2,1,24,2,1,44,0.001,0.001,,,,,NVIDIA A100-SXM4-40GB MIG 4g.20gb (0),1,,13,"void ch_est::chEstFilterNoDftSOfdmDispatchKernel<float, __half, float, (unsigned int)2>(ch_est::puschRxChEstStatDescr_t *, ch_est::puschRxChEstDynDescr_t *)"
5478369183,2720,376711,103,1,1,128,1,1,16,0.000,0.000,,,,,NVIDIA A100-SXM4-40GB MIG 4g.20gb (0),1,,13,cupy_copy__complex64_complex64
5478386078,12544,376721,1434,1,1,128,1,1,16,0.000,0.000,,,,,NVIDIA A100-SXM4-40GB MIG 4g.20gb (0),1,,13,cupy_copy__complex64_complex64
5478404574,2912,376728,103,1,1,128,1,1,16,0.000,0.000,,,,,NVIDIA A100-SXM4-40GB MIG 4g.20gb (0),1,,13,cupy_copy__complex64_complex64
5478430334,86943,376735,1,1,1,32,32,1,30,0.000,0.000,,,,,NVIDIA A100-SXM4-40GB MIG 4g.20gb (0),1,,13,"void convert_kernel<__half2, float2>(tensor_layout_any, T1 *, tensor_layout_any, const T2 *)"
5478550428,21056,376738,,,,,,,,,,0.094,4449.810,Pinned,Device,NVIDIA A100-SXM4-40GB MIG 4g.20gb (0),1,,13,[CUDA memcpy Host-to-Device]
5478586716,46943,376739,,,,,,,,,,35.810,762822.916,Device,,NVIDIA A100-SXM4-40GB MIG 4g.20gb (0),1,,13,[CUDA memset]
5478642043,10880,376741,,,,,,,,,,0.000,7.353,Pinned,Device,NVIDIA A100-SXM4-40GB MIG 4g.20gb (0),1,,13,[CUDA memcpy Host-to-Device]
5478659355,29472,376742,,,,,,,,,,0.197,6670.909,Pinned,Device,NVIDIA A100-SXM4-40GB MIG 4g.20gb (0),1,,13,[CUDA memcpy Host-to-Device]
5478707066,9696,376743,273,1,1,48,1,1,40,0.000,0.001,,,,,NVIDIA A100-SXM4-40GB MIG 4g.20gb (0),1,,13,"void pusch_noise_intf_est::noiseIntfEstNoDftSOfdmKernel<float, __half, float, float, (unsigned int)2, (unsigned int)1, (unsigned char)4, (unsigned char)4>(pusch_noise_intf_est::puschRxNoiseIntfEstDynDescr)"
5478731610,2720,376754,35,1,1,128,1,1,16,0.000,0.000,,,,,NVIDIA A100-SXM4-40GB MIG 4g.20gb (0),1,,13,cupy_copy__complex64_complex64
5478739962,1664,376763,1,1,1,1,1,1,18,0.000,0.000,,,,,NVIDIA A100-SXM4-40GB MIG 4g.20gb (0),1,,13,cupy_copy__float32_float32
5478742906,5152,376769,,,,,,,,,,0.000,0.776,Device,Pageable,NVIDIA A100-SXM4-40GB MIG 4g.20gb (0),1,,7,[CUDA memcpy Device-to-Host]
5478821849,12992,376780,1434,1,1,128,1,1,16,0.000,0.000,,,,,NVIDIA A100-SXM4-40GB MIG 4g.20gb (0),1,,13,cupy_copy__complex64_complex64
5478867096,2880,376787,103,1,1,128,1,1,16,0.000,0.000,,,,,NVIDIA A100-SXM4-40GB MIG 4g.20gb (0),1,,13,cupy_copy__complex64_complex64
5478887448,2464,376794,35,1,1,128,1,1,16,0.000,0.000,,,,,NVIDIA A100-SXM4-40GB MIG 4g.20gb (0),1,,13,cupy_copy__complex64_complex64
5478900600,1760,376801,1,1,1,1,1,1,18,0.000,0.000,,,,,NVIDIA A100-SXM4-40GB MIG 4g.20gb (0),1,,13,cupy_copy__float32_float32
5479029078,82431,376812,1,1,1,32,32,1,30,0.000,0.000,,,,,NVIDIA A100-SXM4-40GB MIG 4g.20gb (0),1,,13,"void convert_kernel<__half2, float2>(tensor_layout_any, T1 *, tensor_layout_any, const T2 *)"
5479140373,5568,376815,,,,,,,,,,0.094,16827.521,Pinned,Device,NVIDIA A100-SXM4-40GB MIG 4g.20gb (0),1,,13,[CUDA memcpy Host-to-Device]
5479154453,3232,376816,,,,,,,,,,1.547,478533.199,Device,,NVIDIA A100-SXM4-40GB MIG 4g.20gb (0),1,,13,[CUDA memset]
5479162197,3360,376821,,,,,,,,,,0.031,9314.284,Pinned,Device,NVIDIA A100-SXM4-40GB MIG 4g.20gb (0),1,,13,[CUDA memcpy Host-to-Device]
5479168501,9536,376822,,,,,,,,,,0.197,20617.298,Pinned,Device,NVIDIA A100-SXM4-40GB MIG 4g.20gb (0),1,,13,[CUDA memcpy Host-to-Device]
5479183637,6111,376823,273,1,1,8,4,1,39,0.002,0.000,,,,,NVIDIA A100-SXM4-40GB MIG 4g.20gb (0),1,,13,"void channel_eq::eqMmseCoefCompLowMimoKernel<float, float, float, (unsigned int)4, (unsigned int)1, (unsigned int)4>(const channel_eq::_puschRxChEqStatDescr *, channel_eq::_puschRxChEqCoefCompDynDescr)"
5479190772,8128,376824,273,1,1,12,11,1,51,0.002,0.000,,,,,NVIDIA A100-SXM4-40GB MIG 4g.20gb (0),1,,13,"void channel_eq::eqMmseSoftDemapKernel<float, __half, __half, float, (unsigned int)4, (unsigned short)16383>(channel_eq::_puschRxChEqStatDescr *, channel_eq::_puschRxChEqSoftDemapDynDescr)"
5479202228,294845,376825,1,1,1,32,32,1,30,0.000,0.000,,,,,NVIDIA A100-SXM4-40GB MIG 4g.20gb (0),1,,13,"void convert_kernel<float2, __half2>(tensor_layout_any, T1 *, tensor_layout_any, const T2 *)"
5479498385,10976,376837,2253,1,1,128,1,1,16,0.000,0.000,,,,,NVIDIA A100-SXM4-40GB MIG 4g.20gb (0),1,,13,cupy_copy__float16_float16
5479510897,3071,376846,282,1,1,128,1,1,16,0.000,0.000,,,,,NVIDIA A100-SXM4-40GB MIG 4g.20gb (0),1,,13,cupy_copy__complex64_complex64
5479516784,2336,376855,26,1,1,128,1,1,16,0.000,0.000,,,,,NVIDIA A100-SXM4-40GB MIG 4g.20gb (0),1,,13,cupy_copy__float32_float32
5479520208,3264,376864,103,1,1,128,1,1,16,0.000,0.000,,,,,NVIDIA A100-SXM4-40GB MIG 4g.20gb (0),1,,13,cupy_copy__complex64_complex64
5479525360,12032,376874,1434,1,1,128,1,1,16,0.000,0.000,,,,,NVIDIA A100-SXM4-40GB MIG 4g.20gb (0),1,,13,cupy_copy__complex64_complex64
5479542672,81599,376879,1,1,1,32,32,1,30,0.000,0.000,,,,,NVIDIA A100-SXM4-40GB MIG 4g.20gb (0),1,,13,"void convert_kernel<__half2, float2>(tensor_layout_any, T1 *, tensor_layout_any, const T2 *)"
5479651599,5312,376882,,,,,,,,,,0.094,17638.553,Pinned,Device,NVIDIA A100-SXM4-40GB MIG 4g.20gb (0),1,,13,[CUDA memcpy Host-to-Device]
5479662159,597464,376883,,,,,,,,,,456.561,763827.289,Device,,NVIDIA A100-SXM4-40GB MIG 4g.20gb (0),1,,13,[CUDA memset]
5480260583,98783,376888,,,,,,,,,,1.235,12501.338,Pinned,Device,NVIDIA A100-SXM4-40GB MIG 4g.20gb (0),1,,13,[CUDA memcpy Host-to-Device]
5480368582,26144,376889,,,,,,,,,,0.197,7520.059,Pinned,Device,NVIDIA A100-SXM4-40GB MIG 4g.20gb (0),1,,13,[CUDA memcpy Host-to-Device]
5480413957,8224,376890,69,4,1,48,1,1,76,0.002,0.000,,,,,NVIDIA A100-SXM4-40GB MIG 4g.20gb (0),1,,13,"void ch_est::windowedChEstPreNoDftSOfdmKernel<float, __half, float, (unsigned int)2, (unsigned int)1, (unsigned short)4>(ch_est::puschRxChEstStatDescr_t *, ch_est::puschRxChEstDynDescr_t *)"
5480429797,6336,376891,137,2,1,24,2,1,44,0.001,0.001,,,,,NVIDIA A100-SXM4-40GB MIG 4g.20gb (0),1,,13,"void ch_est::chEstFilterNoDftSOfdmDispatchKernel<float, __half, float, (unsigned int)2>(ch_est::puschRxChEstStatDescr_t *, ch_est::puschRxChEstDynDescr_t *)"
5480440293,5088,376892,137,2,1,24,2,1,44,0.001,0.001,,,,,NVIDIA A100-SXM4-40GB MIG 4g.20gb (0),1,,13,"void ch_est::chEstFilterNoDftSOfdmDispatchKernel<float, __half, float, (unsigned int)2>(ch_est::puschRxChEstStatDescr_t *, ch_est::puschRxChEstDynDescr_t *)"
5480453445,3520,376903,103,1,1,128,1,1,16,0.000,0.000,,,,,NVIDIA A100-SXM4-40GB MIG 4g.20gb (0),1,,13,cupy_copy__complex64_complex64
5480465989,12544,376913,1434,1,1,128,1,1,16,0.000,0.000,,,,,NVIDIA A100-SXM4-40GB MIG 4g.20gb (0),1,,13,cupy_copy__complex64_complex64
5480498916,2560,376920,103,1,1,128,1,1,16,0.000,0.000,,,,,NVIDIA A100-SXM4-40GB MIG 4g.20gb (0),1,,13,cupy_copy__complex64_complex64
5480515524,92671,376927,1,1,1,32,32,1,30,0.000,0.000,,,,,NVIDIA A100-SXM4-40GB MIG 4g.20gb (0),1,,13,"void convert_kernel<__half2, float2>(tensor_layout_any, T1 *, tensor_layout_any, const T2 *)"
5480641027,19327,376930,,,,,,,,,,0.094,4847.925,Pinned,Device,NVIDIA A100-SXM4-40GB MIG 4g.20gb (0),1,,13,[CUDA memcpy Host-to-Device]
5480676098,46944,376931,,,,,,,,,,35.810,762787.106,Device,,NVIDIA A100-SXM4-40GB MIG 4g.20gb (0),1,,13,[CUDA memset]
5480724834,12063,376933,,,,,,,,,,0.000,6.632,Pinned,Device,NVIDIA A100-SXM4-40GB MIG 4g.20gb (0),1,,13,[CUDA memcpy Host-to-Device]
5480751233,33952,376934,,,,,,,,,,0.197,5790.695,Pinned,Device,NVIDIA A100-SXM4-40GB MIG 4g.20gb (0),1,,13,[CUDA memcpy Host-to-Device]
5480808705,9247,376935,273,1,1,48,1,1,40,0.000,0.001,,,,,NVIDIA A100-SXM4-40GB MIG 4g.20gb (0),1,,13,"void pusch_noise_intf_est::noiseIntfEstNoDftSOfdmKernel<float, __half, float, float, (unsigned int)2, (unsigned int)1, (unsigned char)4, (unsigned char)4>(pusch_noise_intf_est::puschRxNoiseIntfEstDynDescr)"
5480825376,2592,376946,35,1,1,128,1,1,16,0.000,0.000,,,,,NVIDIA A100-SXM4-40GB MIG 4g.20gb (0),1,,13,cupy_copy__complex64_complex64
5480842336,1664,376955,1,1,1,1,1,1,18,0.000,0.000,,,,,NVIDIA A100-SXM4-40GB MIG 4g.20gb (0),1,,13,cupy_copy__float32_float32
5480848928,5024,376961,,,,,,,,,,0.000,0.796,Device,Pageable,NVIDIA A100-SXM4-40GB MIG 4g.20gb (0),1,,7,[CUDA memcpy Device-to-Host]
5480948287,12768,376972,1434,1,1,128,1,1,16,0.000,0.000,,,,,NVIDIA A100-SXM4-40GB MIG 4g.20gb (0),1,,13,cupy_copy__complex64_complex64
5480974719,2623,376979,103,1,1,128,1,1,16,0.000,0.000,,,,,NVIDIA A100-SXM4-40GB MIG 4g.20gb (0),1,,13,cupy_copy__complex64_complex64
5480990270,2304,376986,35,1,1,128,1,1,16,0.000,0.000,,,,,NVIDIA A100-SXM4-40GB MIG 4g.20gb (0),1,,13,cupy_copy__complex64_complex64
5481009086,1792,376993,1,1,1,1,1,1,18,0.000,0.000,,,,,NVIDIA A100-SXM4-40GB MIG 4g.20gb (0),1,,13,cupy_copy__float32_float32
5481134557,86782,377004,1,1,1,32,32,1,30,0.000,0.000,,,,,NVIDIA A100-SXM4-40GB MIG 4g.20gb (0),1,,13,"void convert_kernel<__half2, float2>(tensor_layout_any, T1 *, tensor_layout_any, const T2 *)"
5481250107,11808,377007,,,,,,,,,,0.094,7934.927,Pinned,Device,NVIDIA A100-SXM4-40GB MIG 4g.20gb (0),1,,13,[CUDA memcpy Host-to-Device]
5481273179,3520,377008,,,,,,,,,,1.547,439380.412,Device,,NVIDIA A100-SXM4-40GB MIG 4g.20gb (0),1,,13,[CUDA memset]
5481281051,3328,377013,,,,,,,,,,0.031,9403.822,Pinned,Device,NVIDIA A100-SXM4-40GB MIG 4g.20gb (0),1,,13,[CUDA memcpy Host-to-Device]
5481290555,10335,377014,,,,,,,,,,0.197,19023.397,Pinned,Device,NVIDIA A100-SXM4-40GB MIG 4g.20gb (0),1,,13,[CUDA memcpy Host-to-Device]
5481305434,6784,377015,273,1,1,8,4,1,39,0.002,0.000,,,,,NVIDIA A100-SXM4-40GB MIG 4g.20gb (0),1,,13,"void channel_eq::eqMmseCoefCompLowMimoKernel<float, float, float, (unsigned int)4, (unsigned int)1, (unsigned int)4>(const channel_eq::_puschRxChEqStatDescr *, channel_eq::_puschRxChEqCoefCompDynDescr)"
5481315258,7776,377016,273,1,1,12,11,1,51,0.002,0.000,,,,,NVIDIA A100-SXM4-40GB MIG 4g.20gb (0),1,,13,"void channel_eq::eqMmseSoftDemapKernel<float, __half, __half, float, (unsigned int)4, (unsigned short)16383>(channel_eq::_puschRxChEqStatDescr *, channel_eq::_puschRxChEqSoftDemapDynDescr)"
5481326170,294717,377017,1,1,1,32,32,1,30,0.000,0.000,,,,,NVIDIA A100-SXM4-40GB MIG 4g.20gb (0),1,,13,"void convert_kernel<float2, __half2>(tensor_layout_any, T1 *, tensor_layout_any, const T2 *)"
5481622807,10879,377029,2253,1,1,128,1,1,16,0.000,0.000,,,,,NVIDIA A100-SXM4-40GB MIG 4g.20gb (0),1,,13,cupy_copy__float16_float16
5481636854,3776,377038,282,1,1,128,1,1,16,0.000,0.000,,,,,NVIDIA A100-SXM4-40GB MIG 4g.20gb (0),1,,13,cupy_copy__complex64_complex64
5481641654,2048,377047,26,1,1,128,1,1,16,0.000,0.000,,,,,NVIDIA A100-SXM4-40GB MIG 4g.20gb (0),1,,13,cupy_copy__float32_float32
5481647702,2912,377056,103,1,1,128,1,1,16,0.000,0.000,,,,,NVIDIA A100-SXM4-40GB MIG 4g.20gb (0),1,,13,cupy_copy__complex64_complex64
5481653302,12064,377066,1434,1,1,128,1,1,16,0.000,0.000,,,,,NVIDIA A100-SXM4-40GB MIG 4g.20gb (0),1,,13,cupy_copy__complex64_complex64
5481670230,87231,377071,1,1,1,32,32,1,30,0.000,0.000,,,,,NVIDIA A100-SXM4-40GB MIG 4g.20gb (0),1,,13,"void convert_kernel<__half2, float2>(tensor_layout_any, T1 *, tensor_layout_any, const T2 *)"
5481784629,5631,377074,,,,,,,,,,0.094,16639.285,Pinned,Device,NVIDIA A100-SXM4-40GB MIG 4g.20gb (0),1,,13,[CUDA memcpy Host-to-Device]
5481794036,598393,377075,,,,,,,,,,456.561,762914.166,Device,,NVIDIA A100-SXM4-40GB MIG 4g.20gb (0),1,,13,[CUDA memset]
5482396493,160638,377080,,,,,,,,,,1.235,7687.526,Pinned,Device,NVIDIA A100-SXM4-40GB MIG 4g.20gb (0),1,,13,[CUDA memcpy Host-to-Device]
5482569003,39679,377081,,,,,,,,,,0.197,4954.915,Pinned,Device,NVIDIA A100-SXM4-40GB MIG 4g.20gb (0),1,,13,[CUDA memcpy Host-to-Device]
5482630378,8192,377082,69,4,1,48,1,1,76,0.002,0.000,,,,,NVIDIA A100-SXM4-40GB MIG 4g.20gb (0),1,,13,"void ch_est::windowedChEstPreNoDftSOfdmKernel<float, __half, float, (unsigned int)2, (unsigned int)1, (unsigned short)4>(ch_est::puschRxChEstStatDescr_t *, ch_est::puschRxChEstDynDescr_t *)"
5482646890,6752,377083,137,2,1,24,2,1,44,0.001,0.001,,,,,NVIDIA A100-SXM4-40GB MIG 4g.20gb (0),1,,13,"void ch_est::chEstFilterNoDftSOfdmDispatchKernel<float, __half, float, (unsigned int)2>(ch_est::puschRxChEstStatDescr_t *, ch_est::puschRxChEstDynDescr_t *)"
5482657834,5344,377084,137,2,1,24,2,1,44,0.001,0.001,,,,,NVIDIA A100-SXM4-40GB MIG 4g.20gb (0),1,,13,"void ch_est::chEstFilterNoDftSOfdmDispatchKernel<float, __half, float, (unsigned int)2>(ch_est::puschRxChEstStatDescr_t *, ch_est::puschRxChEstDynDescr_t *)"
5482668042,2688,377095,103,1,1,128,1,1,16,0.000,0.000,,,,,NVIDIA A100-SXM4-40GB MIG 4g.20gb (0),1,,13,cupy_copy__complex64_complex64
5482676426,12543,377105,1434,1,1,128,1,1,16,0.000,0.000,,,,,NVIDIA A100-SXM4-40GB MIG 4g.20gb (0),1,,13,cupy_copy__complex64_complex64
5482696937,2624,377112,103,1,1,128,1,1,16,0.000,0.000,,,,,NVIDIA A100-SXM4-40GB MIG 4g.20gb (0),1,,13,cupy_copy__complex64_complex64
5482704361,83263,377119,1,1,1,32,32,1,30,0.000,0.000,,,,,NVIDIA A100-SXM4-40GB MIG 4g.20gb (0),1,,13,"void convert_kernel<__half2, float2>(tensor_layout_any, T1 *, tensor_layout_any, const T2 *)"
5482814984,6048,377122,,,,,,,,,,0.094,15491.978,Pinned,Device,NVIDIA A100-SXM4-40GB MIG 4g.20gb (0),1,,13,[CUDA memcpy Host-to-Device]
5482828360,47487,377123,,,,,,,,,,35.810,754085.295,Device,,NVIDIA A100-SXM4-40GB MIG 4g.20gb (0),1,,13,[CUDA memset]
5482880519,2944,377125,,,,,,,,,,0.000,27.174,Pinned,Device,NVIDIA A100-SXM4-40GB MIG 4g.20gb (0),1,,13,[CUDA memcpy Host-to-Device]
5482888071,12032,377126,,,,,,,,,,0.197,16340.287,Pinned,Device,NVIDIA A100-SXM4-40GB MIG 4g.20gb (0),1,,13,[CUDA memcpy Host-to-Device]
5482906055,9728,377127,273,1,1,48,1,1,40,0.000,0.001,,,,,NVIDIA A100-SXM4-40GB MIG 4g.20gb (0),1,,13,"void pusch_noise_intf_est::noiseIntfEstNoDftSOfdmKernel<float, __half, float, float, (unsigned int)2, (unsigned int)1, (unsigned char)4, (unsigned char)4>(pusch_noise_intf_est::puschRxNoiseIntfEstDynDescr)"
5482918311,3136,377138,35,1,1,128,1,1,16,0.000,0.000,,,,,NVIDIA A100-SXM4-40GB MIG 4g.20gb (0),1,,13,cupy_copy__complex64_complex64
5482943814,1920,377147,1,1,1,1,1,1,18,0.000,0.000,,,,,NVIDIA A100-SXM4-40GB MIG 4g.20gb (0),1,,13,cupy_copy__float32_float32
5482976262,1664,377153,,,,,,,,,,0.000,2.404,Device,Pageable,NVIDIA A100-SXM4-40GB MIG 4g.20gb (0),1,,7,[CUDA memcpy Device-to-Host]
5483035749,13312,377164,1434,1,1,128,1,1,16,0.000,0.000,,,,,NVIDIA A100-SXM4-40GB MIG 4g.20gb (0),1,,13,cupy_copy__complex64_complex64
5483062853,2624,377171,103,1,1,128,1,1,16,0.000,0.000,,,,,NVIDIA A100-SXM4-40GB MIG 4g.20gb (0),1,,13,cupy_copy__complex64_complex64
5483083909,2207,377178,35,1,1,128,1,1,16,0.000,0.000,,,,,NVIDIA A100-SXM4-40GB MIG 4g.20gb (0),1,,13,cupy_copy__complex64_complex64
5483101476,1792,377185,1,1,1,1,1,1,18,0.000,0.000,,,,,NVIDIA A100-SXM4-40GB MIG 4g.20gb (0),1,,13,cupy_copy__float32_float32
5483233443,82335,377196,1,1,1,32,32,1,30,0.000,0.000,,,,,NVIDIA A100-SXM4-40GB MIG 4g.20gb (0),1,,13,"void convert_kernel<__half2, float2>(tensor_layout_any, T1 *, tensor_layout_any, const T2 *)"
5483343969,5856,377199,,,,,,,,,,0.094,15999.997,Pinned,Device,NVIDIA A100-SXM4-40GB MIG 4g.20gb (0),1,,13,[CUDA memcpy Host-to-Device]
5483358337,3552,377200,,,,,,,,,,1.547,435422.601,Device,,NVIDIA A100-SXM4-40GB MIG 4g.20gb (0),1,,13,[CUDA memset]
5483368161,3296,377205,,,,,,,,,,0.031,9495.144,Pinned,Device,NVIDIA A100-SXM4-40GB MIG 4g.20gb (0),1,,13,[CUDA memcpy Host-to-Device]
5483374177,10208,377206,,,,,,,,,,0.197,19260.113,Pinned,Device,NVIDIA A100-SXM4-40GB MIG 4g.20gb (0),1,,13,[CUDA memcpy Host-to-Device]
5483388545,6176,377207,273,1,1,8,4,1,39,0.002,0.000,,,,,NVIDIA A100-SXM4-40GB MIG 4g.20gb (0),1,,13,"void channel_eq::eqMmseCoefCompLowMimoKernel<float, float, float, (unsigned int)4, (unsigned int)1, (unsigned int)4>(const channel_eq::_puschRxChEqStatDescr *, channel_eq::_puschRxChEqCoefCompDynDescr)"
5483395937,6464,377208,273,1,1,12,11,1,51,0.002,0.000,,,,,NVIDIA A100-SXM4-40GB MIG 4g.20gb (0),1,,13,"void channel_eq::eqMmseSoftDemapKernel<float, __half, __half, float, (unsigned int)4, (unsigned short)16383>(channel_eq::_puschRxChEqStatDescr *, channel_eq::_puschRxChEqSoftDemapDynDescr)"
5483405537,279964,377209,1,1,1,32,32,1,30,0.000,0.000,,,,,NVIDIA A100-SXM4-40GB MIG 4g.20gb (0),1,,13,"void convert_kernel<float2, __half2>(tensor_layout_any, T1 *, tensor_layout_any, const T2 *)"
5483688413,10880,377221,2253,1,1,128,1,1,16,0.000,0.000,,,,,NVIDIA A100-SXM4-40GB MIG 4g.20gb (0),1,,13,cupy_copy__float16_float16
5483701469,3040,377230,282,1,1,128,1,1,16,0.000,0.000,,,,,NVIDIA A100-SXM4-40GB MIG 4g.20gb (0),1,,13,cupy_copy__complex64_complex64
5483705661,2080,377239,26,1,1,128,1,1,16,0.000,0.000,,,,,NVIDIA A100-SXM4-40GB MIG 4g.20gb (0),1,,13,cupy_copy__float32_float32
5483711549,2976,377248,103,1,1,128,1,1,16,0.000,0.000,,,,,NVIDIA A100-SXM4-40GB MIG 4g.20gb (0),1,,13,cupy_copy__complex64_complex64
5483717405,12000,377258,1434,1,1,128,1,1,16,0.000,0.000,,,,,NVIDIA A100-SXM4-40GB MIG 4g.20gb (0),1,,13,cupy_copy__complex64_complex64
5483732957,86590,377263,1,1,1,32,32,1,30,0.000,0.000,,,,,NVIDIA A100-SXM4-40GB MIG 4g.20gb (0),1,,13,"void convert_kernel<__half2, float2>(tensor_layout_any, T1 *, tensor_layout_any, const T2 *)"
5483846299,5600,377266,,,,,,,,,,0.094,16731.388,Pinned,Device,NVIDIA A100-SXM4-40GB MIG 4g.20gb (0),1,,13,[CUDA memcpy Host-to-Device]
5483856539,597785,377267,,,,,,,,,,456.561,763370.728,Device,,NVIDIA A100-SXM4-40GB MIG 4g.20gb (0),1,,13,[CUDA memset]
5484457876,150590,377272,,,,,,,,,,1.235,8200.028,Pinned,Device,NVIDIA A100-SXM4-40GB MIG 4g.20gb (0),1,,13,[CUDA memcpy Host-to-Device]
5484623794,41951,377273,,,,,,,,,,0.197,4686.545,Pinned,Device,NVIDIA A100-SXM4-40GB MIG 4g.20gb (0),1,,13,[CUDA memcpy Host-to-Device]
5484683537,8384,377274,69,4,1,48,1,1,76,0.002,0.000,,,,,NVIDIA A100-SXM4-40GB MIG 4g.20gb (0),1,,13,"void ch_est::windowedChEstPreNoDftSOfdmKernel<float, __half, float, (unsigned int)2, (unsigned int)1, (unsigned short)4>(ch_est::puschRxChEstStatDescr_t *, ch_est::puschRxChEstDynDescr_t *)"
5484702897,6623,377275,137,2,1,24,2,1,44,0.001,0.001,,,,,NVIDIA A100-SXM4-40GB MIG 4g.20gb (0),1,,13,"void ch_est::chEstFilterNoDftSOfdmDispatchKernel<float, __half, float, (unsigned int)2>(ch_est::puschRxChEstStatDescr_t *, ch_est::puschRxChEstDynDescr_t *)"
5484721232,4704,377276,137,2,1,24,2,1,44,0.001,0.001,,,,,NVIDIA A100-SXM4-40GB MIG 4g.20gb (0),1,,13,"void ch_est::chEstFilterNoDftSOfdmDispatchKernel<float, __half, float, (unsigned int)2>(ch_est::puschRxChEstStatDescr_t *, ch_est::puschRxChEstDynDescr_t *)"
5484738800,2656,377287,103,1,1,128,1,1,16,0.000,0.000,,,,,NVIDIA A100-SXM4-40GB MIG 4g.20gb (0),1,,13,cupy_copy__complex64_complex64
5484755152,12640,377297,1434,1,1,128,1,1,16,0.000,0.000,,,,,NVIDIA A100-SXM4-40GB MIG 4g.20gb (0),1,,13,cupy_copy__complex64_complex64
5484774704,2560,377304,103,1,1,128,1,1,16,0.000,0.000,,,,,NVIDIA A100-SXM4-40GB MIG 4g.20gb (0),1,,13,cupy_copy__complex64_complex64
5484797487,98431,377311,1,1,1,32,32,1,30,0.000,0.000,,,,,NVIDIA A100-SXM4-40GB MIG 4g.20gb (0),1,,13,"void convert_kernel<__half2, float2>(tensor_layout_any, T1 *, tensor_layout_any, const T2 *)"
5484928142,16384,377314,,,,,,,,,,0.094,5718.735,Pinned,Device,NVIDIA A100-SXM4-40GB MIG 4g.20gb (0),1,,13,[CUDA memcpy Host-to-Device]
5484951981,47904,377315,,,,,,,,,,35.810,747532.080,Device,,NVIDIA A100-SXM4-40GB MIG 4g.20gb (0),1,,13,[CUDA memset]
5485001037,8448,377317,,,,,,,,,,0.000,9.470,Pinned,Device,NVIDIA A100-SXM4-40GB MIG 4g.20gb (0),1,,13,[CUDA memcpy Host-to-Device]
5485017101,17631,377318,,,,,,,,,,0.197,11151.213,Pinned,Device,NVIDIA A100-SXM4-40GB MIG 4g.20gb (0),1,,13,[CUDA memcpy Host-to-Device]
5485043884,12832,377319,273,1,1,48,1,1,40,0.000,0.001,,,,,NVIDIA A100-SXM4-40GB MIG 4g.20gb (0),1,,13,"void pusch_noise_intf_est::noiseIntfEstNoDftSOfdmKernel<float, __half, float, float, (unsigned int)2, (unsigned int)1, (unsigned char)4, (unsigned char)4>(pusch_noise_intf_est::puschRxNoiseIntfEstDynDescr)"
5485060588,2848,377330,35,1,1,128,1,1,16,0.000,0.000,,,,,NVIDIA A100-SXM4-40GB MIG 4g.20gb (0),1,,13,cupy_copy__complex64_complex64
5485066764,1728,377339,1,1,1,1,1,1,18,0.000,0.000,,,,,NVIDIA A100-SXM4-40GB MIG 4g.20gb (0),1,,13,cupy_copy__float32_float32
5485077676,2944,377345,,,,,,,,,,0.000,1.359,Device,Pageable,NVIDIA A100-SXM4-40GB MIG 4g.20gb (0),1,,7,[CUDA memcpy Device-to-Host]
5485140651,12672,377356,1434,1,1,128,1,1,16,0.000,0.000,,,,,NVIDIA A100-SXM4-40GB MIG 4g.20gb (0),1,,13,cupy_copy__complex64_complex64
5485168747,3328,377363,103,1,1,128,1,1,16,0.000,0.000,,,,,NVIDIA A100-SXM4-40GB MIG 4g.20gb (0),1,,13,cupy_copy__complex64_complex64
5485189547,2688,377370,35,1,1,128,1,1,16,0.000,0.000,,,,,NVIDIA A100-SXM4-40GB MIG 4g.20gb (0),1,,13,cupy_copy__complex64_complex64
5485207722,1824,377377,1,1,1,1,1,1,18,0.000,0.000,,,,,NVIDIA A100-SXM4-40GB MIG 4g.20gb (0),1,,13,cupy_copy__float32_float32
5485341833,82623,377388,1,1,1,32,32,1,30,0.000,0.000,,,,,NVIDIA A100-SXM4-40GB MIG 4g.20gb (0),1,,13,"void convert_kernel<__half2, float2>(tensor_layout_any, T1 *, tensor_layout_any, const T2 *)"
5485452711,5952,377391,,,,,,,,,,0.094,15741.865,Pinned,Device,NVIDIA A100-SXM4-40GB MIG 4g.20gb (0),1,,13,[CUDA memcpy Host-to-Device]
5485466695,3456,377392,,,,,,,,,,1.547,447517.201,Device,,NVIDIA A100-SXM4-40GB MIG 4g.20gb (0),1,,13,[CUDA memset]
5485475527,3232,377397,,,,,,,,,,0.031,9683.139,Pinned,Device,NVIDIA A100-SXM4-40GB MIG 4g.20gb (0),1,,13,[CUDA memcpy Host-to-Device]
5485481607,10240,377398,,,,,,,,,,0.197,19199.951,Pinned,Device,NVIDIA A100-SXM4-40GB MIG 4g.20gb (0),1,,13,[CUDA memcpy Host-to-Device]
5485495463,6208,377399,273,1,1,8,4,1,39,0.002,0.000,,,,,NVIDIA A100-SXM4-40GB MIG 4g.20gb (0),1,,13,"void channel_eq::eqMmseCoefCompLowMimoKernel<float, float, float, (unsigned int)4, (unsigned int)1, (unsigned int)4>(const channel_eq::_puschRxChEqStatDescr *, channel_eq::_puschRxChEqCoefCompDynDescr)"
5485502759,6368,377400,273,1,1,12,11,1,51,0.002,0.000,,,,,NVIDIA A100-SXM4-40GB MIG 4g.20gb (0),1,,13,"void channel_eq::eqMmseSoftDemapKernel<float, __half, __half, float, (unsigned int)4, (unsigned short)16383>(channel_eq::_puschRxChEqStatDescr *, channel_eq::_puschRxChEqSoftDemapDynDescr)"
5485512423,279868,377401,1,1,1,32,32,1,30,0.000,0.000,,,,,NVIDIA A100-SXM4-40GB MIG 4g.20gb (0),1,,13,"void convert_kernel<float2, __half2>(tensor_layout_any, T1 *, tensor_layout_any, const T2 *)"
5485793603,10976,377413,2253,1,1,128,1,1,16,0.000,0.000,,,,,NVIDIA A100-SXM4-40GB MIG 4g.20gb (0),1,,13,cupy_copy__float16_float16
5485808227,2688,377422,282,1,1,128,1,1,16,0.000,0.000,,,,,NVIDIA A100-SXM4-40GB MIG 4g.20gb (0),1,,13,cupy_copy__complex64_complex64
5485812291,2400,377431,26,1,1,128,1,1,16,0.000,0.000,,,,,NVIDIA A100-SXM4-40GB MIG 4g.20gb (0),1,,13,cupy_copy__float32_float32
5485815715,2880,377440,103,1,1,128,1,1,16,0.000,0.000,,,,,NVIDIA A100-SXM4-40GB MIG 4g.20gb (0),1,,13,cupy_copy__complex64_complex64
5485821059,11936,377450,1434,1,1,128,1,1,16,0.000,0.000,,,,,NVIDIA A100-SXM4-40GB MIG 4g.20gb (0),1,,13,cupy_copy__complex64_complex64
5485842339,87518,377455,1,1,1,32,32,1,30,0.000,0.000,,,,,NVIDIA A100-SXM4-40GB MIG 4g.20gb (0),1,,13,"void convert_kernel<__half2, float2>(tensor_layout_any, T1 *, tensor_layout_any, const T2 *)"
5485956897,5760,377458,,,,,,,,,,0.094,16266.656,Pinned,Device,NVIDIA A100-SXM4-40GB MIG 4g.20gb (0),1,,13,[CUDA memcpy Host-to-Device]
5485966433,596025,377459,,,,,,,,,,456.561,765653.535,Device,,NVIDIA A100-SXM4-40GB MIG 4g.20gb (0),1,,13,[CUDA memset]
5486564154,135006,377464,,,,,,,,,,1.235,9147.230,Pinned,Device,NVIDIA A100-SXM4-40GB MIG 4g.20gb (0),1,,13,[CUDA memcpy Host-to-Device]
5486709880,41407,377465,,,,,,,,,,0.197,4748.083,Pinned,Device,NVIDIA A100-SXM4-40GB MIG 4g.20gb (0),1,,13,[CUDA memcpy Host-to-Device]
5486779703,8416,377466,69,4,1,48,1,1,76,0.002,0.000,,,,,NVIDIA A100-SXM4-40GB MIG 4g.20gb (0),1,,13,"void ch_est::windowedChEstPreNoDftSOfdmKernel<float, __half, float, (unsigned int)2, (unsigned int)1, (unsigned short)4>(ch_est::puschRxChEstStatDescr_t *, ch_est::puschRxChEstDynDescr_t *)"
5486798999,6272,377467,137,2,1,24,2,1,44,0.001,0.001,,,,,NVIDIA A100-SXM4-40GB MIG 4g.20gb (0),1,,13,"void ch_est::chEstFilterNoDftSOfdmDispatchKernel<float, __half, float, (unsigned int)2>(ch_est::puschRxChEstStatDescr_t *, ch_est::puschRxChEstDynDescr_t *)"
5486816279,4735,377468,137,2,1,24,2,1,44,0.001,0.001,,,,,NVIDIA A100-SXM4-40GB MIG 4g.20gb (0),1,,13,"void ch_est::chEstFilterNoDftSOfdmDispatchKernel<float, __half, float, (unsigned int)2>(ch_est::puschRxChEstStatDescr_t *, ch_est::puschRxChEstDynDescr_t *)"
5486835478,2688,377479,103,1,1,128,1,1,16,0.000,0.000,,,,,NVIDIA A100-SXM4-40GB MIG 4g.20gb (0),1,,13,cupy_copy__complex64_complex64
5486852374,12352,377489,1434,1,1,128,1,1,16,0.000,0.000,,,,,NVIDIA A100-SXM4-40GB MIG 4g.20gb (0),1,,13,cupy_copy__complex64_complex64
5486871798,2976,377496,103,1,1,128,1,1,16,0.000,0.000,,,,,NVIDIA A100-SXM4-40GB MIG 4g.20gb (0),1,,13,cupy_copy__complex64_complex64
5486895478,87966,377503,1,1,1,32,32,1,30,0.000,0.000,,,,,NVIDIA A100-SXM4-40GB MIG 4g.20gb (0),1,,13,"void convert_kernel<__half2, float2>(tensor_layout_any, T1 *, tensor_layout_any, const T2 *)"
5487017172,26784,377506,,,,,,,,,,0.094,3498.140,Pinned,Device,NVIDIA A100-SXM4-40GB MIG 4g.20gb (0),1,,13,[CUDA memcpy Host-to-Device]
5487076147,47232,377507,,,,,,,,,,35.810,758167.626,Device,,NVIDIA A100-SXM4-40GB MIG 4g.20gb (0),1,,13,[CUDA memset]
5487126483,17215,377509,,,,,,,,,,0.000,4.647,Pinned,Device,NVIDIA A100-SXM4-40GB MIG 4g.20gb (0),1,,13,[CUDA memcpy Host-to-Device]
5487156498,32320,377510,,,,,,,,,,0.197,6083.052,Pinned,Device,NVIDIA A100-SXM4-40GB MIG 4g.20gb (0),1,,13,[CUDA memcpy Host-to-Device]
5487212786,10048,377511,273,1,1,48,1,1,40,0.000,0.001,,,,,NVIDIA A100-SXM4-40GB MIG 4g.20gb (0),1,,13,"void pusch_noise_intf_est::noiseIntfEstNoDftSOfdmKernel<float, __half, float, float, (unsigned int)2, (unsigned int)1, (unsigned char)4, (unsigned char)4>(pusch_noise_intf_est::puschRxNoiseIntfEstDynDescr)"
5487229297,2912,377522,35,1,1,128,1,1,16,0.000,0.000,,,,,NVIDIA A100-SXM4-40GB MIG 4g.20gb (0),1,,13,cupy_copy__complex64_complex64
5487246033,1728,377531,1,1,1,1,1,1,18,0.000,0.000,,,,,NVIDIA A100-SXM4-40GB MIG 4g.20gb (0),1,,13,cupy_copy__float32_float32
5487253265,4480,377537,,,,,,,,,,0.000,0.893,Device,Pageable,NVIDIA A100-SXM4-40GB MIG 4g.20gb (0),1,,7,[CUDA memcpy Device-to-Host]
5487347280,12992,377548,1434,1,1,128,1,1,16,0.000,0.000,,,,,NVIDIA A100-SXM4-40GB MIG 4g.20gb (0),1,,13,cupy_copy__complex64_complex64
5487369648,3392,377555,103,1,1,128,1,1,16,0.000,0.000,,,,,NVIDIA A100-SXM4-40GB MIG 4g.20gb (0),1,,13,cupy_copy__complex64_complex64
5487397615,2304,377562,35,1,1,128,1,1,16,0.000,0.000,,,,,NVIDIA A100-SXM4-40GB MIG 4g.20gb (0),1,,13,cupy_copy__complex64_complex64
5487413935,1728,377569,1,1,1,1,1,1,18,0.000,0.000,,,,,NVIDIA A100-SXM4-40GB MIG 4g.20gb (0),1,,13,cupy_copy__float32_float32
5487536590,87935,377580,1,1,1,32,32,1,30,0.000,0.000,,,,,NVIDIA A100-SXM4-40GB MIG 4g.20gb (0),1,,13,"void convert_kernel<__half2, float2>(tensor_layout_any, T1 *, tensor_layout_any, const T2 *)"
5487652652,6048,377583,,,,,,,,,,0.094,15491.978,Pinned,Device,NVIDIA A100-SXM4-40GB MIG 4g.20gb (0),1,,13,[CUDA memcpy Host-to-Device]
5487666412,3328,377584,,,,,,,,,,1.547,464729.580,Device,,NVIDIA A100-SXM4-40GB MIG 4g.20gb (0),1,,13,[CUDA memset]
5487673580,3328,377589,,,,,,,,,,0.031,9403.822,Pinned,Device,NVIDIA A100-SXM4-40GB MIG 4g.20gb (0),1,,13,[CUDA memcpy Host-to-Device]
5487679756,9472,377590,,,,,,,,,,0.197,20756.693,Pinned,Device,NVIDIA A100-SXM4-40GB MIG 4g.20gb (0),1,,13,[CUDA memcpy Host-to-Device]
5487693196,8288,377591,273,1,1,8,4,1,39,0.002,0.000,,,,,NVIDIA A100-SXM4-40GB MIG 4g.20gb (0),1,,13,"void channel_eq::eqMmseCoefCompLowMimoKernel<float, float, float, (unsigned int)4, (unsigned int)1, (unsigned int)4>(const channel_eq::_puschRxChEqStatDescr *, channel_eq::_puschRxChEqCoefCompDynDescr)"
5487703276,5856,377592,273,1,1,12,11,1,51,0.002,0.000,,,,,NVIDIA A100-SXM4-40GB MIG 4g.20gb (0),1,,13,"void channel_eq::eqMmseSoftDemapKernel<float, __half, __half, float, (unsigned int)4, (unsigned short)16383>(channel_eq::_puschRxChEqStatDescr *, channel_eq::_puschRxChEqSoftDemapDynDescr)"
5487712203,294941,377593,1,1,1,32,32,1,30,0.000,0.000,,,,,NVIDIA A100-SXM4-40GB MIG 4g.20gb (0),1,,13,"void convert_kernel<float2, __half2>(tensor_layout_any, T1 *, tensor_layout_any, const T2 *)"
5488008680,11136,377605,2253,1,1,128,1,1,16,0.000,0.000,,,,,NVIDIA A100-SXM4-40GB MIG 4g.20gb (0),1,,13,cupy_copy__float16_float16
5488023592,3008,377614,282,1,1,128,1,1,16,0.000,0.000,,,,,NVIDIA A100-SXM4-40GB MIG 4g.20gb (0),1,,13,cupy_copy__complex64_complex64
5488027624,2304,377623,26,1,1,128,1,1,16,0.000,0.000,,,,,NVIDIA A100-SXM4-40GB MIG 4g.20gb (0),1,,13,cupy_copy__float32_float32
5488031016,3200,377632,103,1,1,128,1,1,16,0.000,0.000,,,,,NVIDIA A100-SXM4-40GB MIG 4g.20gb (0),1,,13,cupy_copy__complex64_complex64
5488035176,11807,377642,1434,1,1,128,1,1,16,0.000,0.000,,,,,NVIDIA A100-SXM4-40GB MIG 4g.20gb (0),1,,13,cupy_copy__complex64_complex64
5488048679,87615,377647,1,1,1,32,32,1,30,0.000,0.000,,,,,NVIDIA A100-SXM4-40GB MIG 4g.20gb (0),1,,13,"void convert_kernel<__half2, float2>(tensor_layout_any, T1 *, tensor_layout_any, const T2 *)"
5488163462,5632,377650,,,,,,,,,,0.094,16636.287,Pinned,Device,NVIDIA A100-SXM4-40GB MIG 4g.20gb (0),1,,13,[CUDA memcpy Host-to-Device]
5488174438,600632,377651,,,,,,,,,,456.561,759718.236,Device,,NVIDIA A100-SXM4-40GB MIG 4g.20gb (0),1,,13,[CUDA memset]
5488779390,78271,377656,,,,,,,,,,1.235,15777.645,Pinned,Device,NVIDIA A100-SXM4-40GB MIG 4g.20gb (0),1,,13,[CUDA memcpy Host-to-Device]
5488864221,14688,377657,,,,,,,,,,0.197,13385.466,Pinned,Device,NVIDIA A100-SXM4-40GB MIG 4g.20gb (0),1,,13,[CUDA memcpy Host-to-Device]
5488885245,8512,377658,69,4,1,48,1,1,76,0.002,0.000,,,,,NVIDIA A100-SXM4-40GB MIG 4g.20gb (0),1,,13,"void ch_est::windowedChEstPreNoDftSOfdmKernel<float, __half, float, (unsigned int)2, (unsigned int)1, (unsigned short)4>(ch_est::puschRxChEstStatDescr_t *, ch_est::puschRxChEstDynDescr_t *)"
5488895901,7264,377659,137,2,1,24,2,1,44,0.001,0.001,,,,,NVIDIA A100-SXM4-40GB MIG 4g.20gb (0),1,,13,"void ch_est::chEstFilterNoDftSOfdmDispatchKernel<float, __half, float, (unsigned int)2>(ch_est::puschRxChEstStatDescr_t *, ch_est::puschRxChEstDynDescr_t *)"
5488906077,5440,377660,137,2,1,24,2,1,44,0.001,0.001,,,,,NVIDIA A100-SXM4-40GB MIG 4g.20gb (0),1,,13,"void ch_est::chEstFilterNoDftSOfdmDispatchKernel<float, __half, float, (unsigned int)2>(ch_est::puschRxChEstStatDescr_t *, ch_est::puschRxChEstDynDescr_t *)"
5488914333,2464,377671,103,1,1,128,1,1,16,0.000,0.000,,,,,NVIDIA A100-SXM4-40GB MIG 4g.20gb (0),1,,13,cupy_copy__complex64_complex64
5488918557,12447,377681,1434,1,1,128,1,1,16,0.000,0.000,,,,,NVIDIA A100-SXM4-40GB MIG 4g.20gb (0),1,,13,cupy_copy__complex64_complex64
5488933596,2688,377688,103,1,1,128,1,1,16,0.000,0.000,,,,,NVIDIA A100-SXM4-40GB MIG 4g.20gb (0),1,,13,cupy_copy__complex64_complex64
5488940060,81087,377695,1,1,1,32,32,1,30,0.000,0.000,,,,,NVIDIA A100-SXM4-40GB MIG 4g.20gb (0),1,,13,"void convert_kernel<__half2, float2>(tensor_layout_any, T1 *, tensor_layout_any, const T2 *)"
5489048699,5792,377698,,,,,,,,,,0.094,16176.708,Pinned,Device,NVIDIA A100-SXM4-40GB MIG 4g.20gb (0),1,,13,[CUDA memcpy Host-to-Device]
5489061851,47231,377699,,,,,,,,,,35.810,758167.626,Device,,NVIDIA A100-SXM4-40GB MIG 4g.20gb (0),1,,13,[CUDA memset]
5489114394,4064,377701,,,,,,,,,,0.000,19.685,Pinned,Device,NVIDIA A100-SXM4-40GB MIG 4g.20gb (0),1,,13,[CUDA memcpy Host-to-Device]
5489123098,12224,377702,,,,,,,,,,0.197,16083.714,Pinned,Device,NVIDIA A100-SXM4-40GB MIG 4g.20gb (0),1,,13,[CUDA memcpy Host-to-Device]
5489144186,9504,377703,273,1,1,48,1,1,40,0.000,0.001,,,,,NVIDIA A100-SXM4-40GB MIG 4g.20gb (0),1,,13,"void pusch_noise_intf_est::noiseIntfEstNoDftSOfdmKernel<float, __half, float, float, (unsigned int)2, (unsigned int)1, (unsigned char)4, (unsigned char)4>(pusch_noise_intf_est::puschRxNoiseIntfEstDynDescr)"
5489155450,3424,377714,35,1,1,128,1,1,16,0.000,0.000,,,,,NVIDIA A100-SXM4-40GB MIG 4g.20gb (0),1,,13,cupy_copy__complex64_complex64
5489170074,1824,377723,1,1,1,1,1,1,18,0.000,0.000,,,,,NVIDIA A100-SXM4-40GB MIG 4g.20gb (0),1,,13,cupy_copy__float32_float32
5489199033,1568,377729,,,,,,,,,,0.000,2.551,Device,Pageable,NVIDIA A100-SXM4-40GB MIG 4g.20gb (0),1,,7,[CUDA memcpy Device-to-Host]
5489258680,12672,377740,1434,1,1,128,1,1,16,0.000,0.000,,,,,NVIDIA A100-SXM4-40GB MIG 4g.20gb (0),1,,13,cupy_copy__complex64_complex64
5489284824,2624,377747,103,1,1,128,1,1,16,0.000,0.000,,,,,NVIDIA A100-SXM4-40GB MIG 4g.20gb (0),1,,13,cupy_copy__complex64_complex64
5489305784,2528,377754,35,1,1,128,1,1,16,0.000,0.000,,,,,NVIDIA A100-SXM4-40GB MIG 4g.20gb (0),1,,13,cupy_copy__complex64_complex64
5489322616,1760,377761,1,1,1,1,1,1,18,0.000,0.000,,,,,NVIDIA A100-SXM4-40GB MIG 4g.20gb (0),1,,13,cupy_copy__float32_float32
5489457142,82751,377772,1,1,1,32,32,1,30,0.000,0.000,,,,,NVIDIA A100-SXM4-40GB MIG 4g.20gb (0),1,,13,"void convert_kernel<__half2, float2>(tensor_layout_any, T1 *, tensor_layout_any, const T2 *)"
5489567093,5568,377775,,,,,,,,,,0.094,16827.521,Pinned,Device,NVIDIA A100-SXM4-40GB MIG 4g.20gb (0),1,,13,[CUDA memcpy Host-to-Device]
5489580852,3328,377776,,,,,,,,,,1.547,464729.580,Device,,NVIDIA A100-SXM4-40GB MIG 4g.20gb (0),1,,13,[CUDA memset]
5489587732,3392,377781,,,,,,,,,,0.031,9226.405,Pinned,Device,NVIDIA A100-SXM4-40GB MIG 4g.20gb (0),1,,13,[CUDA memcpy Host-to-Device]
5489593684,9536,377782,,,,,,,,,,0.197,20617.298,Pinned,Device,NVIDIA A100-SXM4-40GB MIG 4g.20gb (0),1,,13,[CUDA memcpy Host-to-Device]
5489609044,6208,377783,273,1,1,8,4,1,39,0.002,0.000,,,,,NVIDIA A100-SXM4-40GB MIG 4g.20gb (0),1,,13,"void channel_eq::eqMmseCoefCompLowMimoKernel<float, float, float, (unsigned int)4, (unsigned int)1, (unsigned int)4>(const channel_eq::_puschRxChEqStatDescr *, channel_eq::_puschRxChEqCoefCompDynDescr)"
5489616340,7840,377784,273,1,1,12,11,1,51,0.002,0.000,,,,,NVIDIA A100-SXM4-40GB MIG 4g.20gb (0),1,,13,"void channel_eq::eqMmseSoftDemapKernel<float, __half, __half, float, (unsigned int)4, (unsigned short)16383>(channel_eq::_puschRxChEqStatDescr *, channel_eq::_puschRxChEqSoftDemapDynDescr)"
5489625236,282876,377785,1,1,1,32,32,1,30,0.000,0.000,,,,,NVIDIA A100-SXM4-40GB MIG 4g.20gb (0),1,,13,"void convert_kernel<float2, __half2>(tensor_layout_any, T1 *, tensor_layout_any, const T2 *)"
5489909104,11104,377797,2253,1,1,128,1,1,16,0.000,0.000,,,,,NVIDIA A100-SXM4-40GB MIG 4g.20gb (0),1,,13,cupy_copy__float16_float16
5489923952,3136,377806,282,1,1,128,1,1,16,0.000,0.000,,,,,NVIDIA A100-SXM4-40GB MIG 4g.20gb (0),1,,13,cupy_copy__complex64_complex64
5489930448,2048,377815,26,1,1,128,1,1,16,0.000,0.000,,,,,NVIDIA A100-SXM4-40GB MIG 4g.20gb (0),1,,13,cupy_copy__float32_float32
5489933776,2912,377824,103,1,1,128,1,1,16,0.000,0.000,,,,,NVIDIA A100-SXM4-40GB MIG 4g.20gb (0),1,,13,cupy_copy__complex64_complex64
5489937808,12128,377834,1434,1,1,128,1,1,16,0.000,0.000,,,,,NVIDIA A100-SXM4-40GB MIG 4g.20gb (0),1,,13,cupy_copy__complex64_complex64
5489955280,83103,377839,1,1,1,32,32,1,30,0.000,0.000,,,,,NVIDIA A100-SXM4-40GB MIG 4g.20gb (0),1,,13,"void convert_kernel<__half2, float2>(tensor_layout_any, T1 *, tensor_layout_any, const T2 *)"
5490066062,5760,377842,,,,,,,,,,0.094,16266.656,Pinned,Device,NVIDIA A100-SXM4-40GB MIG 4g.20gb (0),1,,13,[CUDA memcpy Host-to-Device]
5490075662,599193,377843,,,,,,,,,,456.561,761544.482,Device,,NVIDIA A100-SXM4-40GB MIG 4g.20gb (0),1,,13,[CUDA memset]
5490675751,155518,377848,,,,,,,,,,1.235,7940.690,Pinned,Device,NVIDIA A100-SXM4-40GB MIG 4g.20gb (0),1,,13,[CUDA memcpy Host-to-Device]
5490843141,41279,377849,,,,,,,,,,0.197,4762.829,Pinned,Device,NVIDIA A100-SXM4-40GB MIG 4g.20gb (0),1,,13,[CUDA memcpy Host-to-Device]
5490905604,8000,377850,69,4,1,48,1,1,76,0.002,0.000,,,,,NVIDIA A100-SXM4-40GB MIG 4g.20gb (0),1,,13,"void ch_est::windowedChEstPreNoDftSOfdmKernel<float, __half, float, (unsigned int)2, (unsigned int)1, (unsigned short)4>(ch_est::puschRxChEstStatDescr_t *, ch_est::puschRxChEstDynDescr_t *)"
5490924260,6816,377851,137,2,1,24,2,1,44,0.001,0.001,,,,,NVIDIA A100-SXM4-40GB MIG 4g.20gb (0),1,,13,"void ch_est::chEstFilterNoDftSOfdmDispatchKernel<float, __half, float, (unsigned int)2>(ch_est::puschRxChEstStatDescr_t *, ch_est::puschRxChEstDynDescr_t *)"
5490937796,4736,377852,137,2,1,24,2,1,44,0.001,0.001,,,,,NVIDIA A100-SXM4-40GB MIG 4g.20gb (0),1,,13,"void ch_est::chEstFilterNoDftSOfdmDispatchKernel<float, __half, float, (unsigned int)2>(ch_est::puschRxChEstStatDescr_t *, ch_est::puschRxChEstDynDescr_t *)"
5490953380,2560,377863,103,1,1,128,1,1,16,0.000,0.000,,,,,NVIDIA A100-SXM4-40GB MIG 4g.20gb (0),1,,13,cupy_copy__complex64_complex64
5490964675,12544,377873,1434,1,1,128,1,1,16,0.000,0.000,,,,,NVIDIA A100-SXM4-40GB MIG 4g.20gb (0),1,,13,cupy_copy__complex64_complex64
5490981091,2880,377880,103,1,1,128,1,1,16,0.000,0.000,,,,,NVIDIA A100-SXM4-40GB MIG 4g.20gb (0),1,,13,cupy_copy__complex64_complex64
5490994563,88735,377887,1,1,1,32,32,1,30,0.000,0.000,,,,,NVIDIA A100-SXM4-40GB MIG 4g.20gb (0),1,,13,"void convert_kernel<__half2, float2>(tensor_layout_any, T1 *, tensor_layout_any, const T2 *)"
5491115042,9183,377890,,,,,,,,,,0.094,10203.120,Pinned,Device,NVIDIA A100-SXM4-40GB MIG 4g.20gb (0),1,,13,[CUDA memcpy Host-to-Device]
5491131745,47904,377891,,,,,,,,,,35.810,747532.080,Device,,NVIDIA A100-SXM4-40GB MIG 4g.20gb (0),1,,13,[CUDA memset]
5491184033,3744,377893,,,,,,,,,,0.000,21.368,Pinned,Device,NVIDIA A100-SXM4-40GB MIG 4g.20gb (0),1,,13,[CUDA memcpy Host-to-Device]
5491194625,13215,377894,,,,,,,,,,0.197,14877.524,Pinned,Device,NVIDIA A100-SXM4-40GB MIG 4g.20gb (0),1,,13,[CUDA memcpy Host-to-Device]
5491215136,12704,377895,273,1,1,48,1,1,40,0.000,0.001,,,,,NVIDIA A100-SXM4-40GB MIG 4g.20gb (0),1,,13,"void pusch_noise_intf_est::noiseIntfEstNoDftSOfdmKernel<float, __half, float, float, (unsigned int)2, (unsigned int)1, (unsigned char)4, (unsigned char)4>(pusch_noise_intf_est::puschRxNoiseIntfEstDynDescr)"
5491230976,2784,377906,35,1,1,128,1,1,16,0.000,0.000,,,,,NVIDIA A100-SXM4-40GB MIG 4g.20gb (0),1,,13,cupy_copy__complex64_complex64
5491235360,1920,377915,1,1,1,1,1,1,18,0.000,0.000,,,,,NVIDIA A100-SXM4-40GB MIG 4g.20gb (0),1,,13,cupy_copy__float32_float32
5491263488,1856,377921,,,,,,,,,,0.000,2.155,Device,Pageable,NVIDIA A100-SXM4-40GB MIG 4g.20gb (0),1,,7,[CUDA memcpy Device-to-Host]
5491323455,13184,377932,1434,1,1,128,1,1,16,0.000,0.000,,,,,NVIDIA A100-SXM4-40GB MIG 4g.20gb (0),1,,13,cupy_copy__complex64_complex64
5491351071,2624,377939,103,1,1,128,1,1,16,0.000,0.000,,,,,NVIDIA A100-SXM4-40GB MIG 4g.20gb (0),1,,13,cupy_copy__complex64_complex64
5491371262,2176,377946,35,1,1,128,1,1,16,0.000,0.000,,,,,NVIDIA A100-SXM4-40GB MIG 4g.20gb (0),1,,13,cupy_copy__complex64_complex64
5491389278,1760,377953,1,1,1,1,1,1,18,0.000,0.000,,,,,NVIDIA A100-SXM4-40GB MIG 4g.20gb (0),1,,13,cupy_copy__float32_float32
5491523933,87870,377964,1,1,1,32,32,1,30,0.000,0.000,,,,,NVIDIA A100-SXM4-40GB MIG 4g.20gb (0),1,,13,"void convert_kernel<__half2, float2>(tensor_layout_any, T1 *, tensor_layout_any, const T2 *)"
5491639035,5856,377967,,,,,,,,,,0.094,15999.997,Pinned,Device,NVIDIA A100-SXM4-40GB MIG 4g.20gb (0),1,,13,[CUDA memcpy Host-to-Device]
5491653403,3104,377968,,,,,,,,,,1.547,498266.574,Device,,NVIDIA A100-SXM4-40GB MIG 4g.20gb (0),1,,13,[CUDA memset]
5491660699,3360,377973,,,,,,,,,,0.031,9314.284,Pinned,Device,NVIDIA A100-SXM4-40GB MIG 4g.20gb (0),1,,13,[CUDA memcpy Host-to-Device]
5491666939,9920,377974,,,,,,,,,,0.197,19819.266,Pinned,Device,NVIDIA A100-SXM4-40GB MIG 4g.20gb (0),1,,13,[CUDA memcpy Host-to-Device]
5491681755,6719,377975,273,1,1,8,4,1,39,0.002,0.000,,,,,NVIDIA A100-SXM4-40GB MIG 4g.20gb (0),1,,13,"void channel_eq::eqMmseCoefCompLowMimoKernel<float, float, float, (unsigned int)4, (unsigned int)1, (unsigned int)4>(const channel_eq::_puschRxChEqStatDescr *, channel_eq::_puschRxChEqCoefCompDynDescr)"
5491689594,6048,377976,273,1,1,12,11,1,51,0.002,0.000,,,,,NVIDIA A100-SXM4-40GB MIG 4g.20gb (0),1,,13,"void channel_eq::eqMmseSoftDemapKernel<float, __half, __half, float, (unsigned int)4, (unsigned short)16383>(channel_eq::_puschRxChEqStatDescr *, channel_eq::_puschRxChEqSoftDemapDynDescr)"
5491697178,281405,377977,1,1,1,32,32,1,30,0.000,0.000,,,,,NVIDIA A100-SXM4-40GB MIG 4g.20gb (0),1,,13,"void convert_kernel<float2, __half2>(tensor_layout_any, T1 *, tensor_layout_any, const T2 *)"
5491979831,10944,377989,2253,1,1,128,1,1,16,0.000,0.000,,,,,NVIDIA A100-SXM4-40GB MIG 4g.20gb (0),1,,13,cupy_copy__float16_float16
5491992023,3200,377998,282,1,1,128,1,1,16,0.000,0.000,,,,,NVIDIA A100-SXM4-40GB MIG 4g.20gb (0),1,,13,cupy_copy__complex64_complex64
5491997047,2080,378007,26,1,1,128,1,1,16,0.000,0.000,,,,,NVIDIA A100-SXM4-40GB MIG 4g.20gb (0),1,,13,cupy_copy__float32_float32
5492000279,3520,378016,103,1,1,128,1,1,16,0.000,0.000,,,,,NVIDIA A100-SXM4-40GB MIG 4g.20gb (0),1,,13,cupy_copy__complex64_complex64
5492004823,11807,378026,1434,1,1,128,1,1,16,0.000,0.000,,,,,NVIDIA A100-SXM4-40GB MIG 4g.20gb (0),1,,13,cupy_copy__complex64_complex64
5492023542,86591,378031,1,1,1,32,32,1,30,0.000,0.000,,,,,NVIDIA A100-SXM4-40GB MIG 4g.20gb (0),1,,13,"void convert_kernel<__half2, float2>(tensor_layout_any, T1 *, tensor_layout_any, const T2 *)"
5492137333,5792,378034,,,,,,,,,,0.094,16176.708,Pinned,Device,NVIDIA A100-SXM4-40GB MIG 4g.20gb (0),1,,13,[CUDA memcpy Host-to-Device]
5492147061,596632,378035,,,,,,,,,,456.561,765196.973,Device,,NVIDIA A100-SXM4-40GB MIG 4g.20gb (0),1,,13,[CUDA memset]
5492747981,131007,378040,,,,,,,,,,1.235,9426.328,Pinned,Device,NVIDIA A100-SXM4-40GB MIG 4g.20gb (0),1,,13,[CUDA memcpy Host-to-Device]
5492891788,42015,378041,,,,,,,,,,0.197,4679.467,Pinned,Device,NVIDIA A100-SXM4-40GB MIG 4g.20gb (0),1,,13,[CUDA memcpy Host-to-Device]
5492951339,7872,378042,69,4,1,48,1,1,76,0.002,0.000,,,,,NVIDIA A100-SXM4-40GB MIG 4g.20gb (0),1,,13,"void ch_est::windowedChEstPreNoDftSOfdmKernel<float, __half, float, (unsigned int)2, (unsigned int)1, (unsigned short)4>(ch_est::puschRxChEstStatDescr_t *, ch_est::puschRxChEstDynDescr_t *)"
5492970603,6688,378043,137,2,1,24,2,1,44,0.001,0.001,,,,,NVIDIA A100-SXM4-40GB MIG 4g.20gb (0),1,,13,"void ch_est::chEstFilterNoDftSOfdmDispatchKernel<float, __half, float, (unsigned int)2>(ch_est::puschRxChEstStatDescr_t *, ch_est::puschRxChEstDynDescr_t *)"
5492988490,4768,378044,137,2,1,24,2,1,44,0.001,0.001,,,,,NVIDIA A100-SXM4-40GB MIG 4g.20gb (0),1,,13,"void ch_est::chEstFilterNoDftSOfdmDispatchKernel<float, __half, float, (unsigned int)2>(ch_est::puschRxChEstStatDescr_t *, ch_est::puschRxChEstDynDescr_t *)"
5493005898,2624,378055,103,1,1,128,1,1,16,0.000,0.000,,,,,NVIDIA A100-SXM4-40GB MIG 4g.20gb (0),1,,13,cupy_copy__complex64_complex64
5493022442,12288,378065,1434,1,1,128,1,1,16,0.000,0.000,,,,,NVIDIA A100-SXM4-40GB MIG 4g.20gb (0),1,,13,cupy_copy__complex64_complex64
5493041898,2944,378072,103,1,1,128,1,1,16,0.000,0.000,,,,,NVIDIA A100-SXM4-40GB MIG 4g.20gb (0),1,,13,cupy_copy__complex64_complex64
5493061386,94462,378079,1,1,1,32,32,1,30,0.000,0.000,,,,,NVIDIA A100-SXM4-40GB MIG 4g.20gb (0),1,,13,"void convert_kernel<__half2, float2>(tensor_layout_any, T1 *, tensor_layout_any, const T2 *)"
5493189960,17856,378082,,,,,,,,,,0.094,5247.257,Pinned,Device,NVIDIA A100-SXM4-40GB MIG 4g.20gb (0),1,,13,[CUDA memcpy Host-to-Device]
5493230695,45888,378083,,,,,,,,,,35.810,780369.777,Device,,NVIDIA A100-SXM4-40GB MIG 4g.20gb (0),1,,13,[CUDA memset]
5493286471,9216,378085,,,,,,,,,,0.000,8.680,Pinned,Device,NVIDIA A100-SXM4-40GB MIG 4g.20gb (0),1,,13,[CUDA memcpy Host-to-Device]
5493300743,23327,378086,,,,,,,,,,0.197,8428.192,Pinned,Device,NVIDIA A100-SXM4-40GB MIG 4g.20gb (0),1,,13,[CUDA memcpy Host-to-Device]
5493337766,9760,378087,273,1,1,48,1,1,40,0.000,0.001,,,,,NVIDIA A100-SXM4-40GB MIG 4g.20gb (0),1,,13,"void pusch_noise_intf_est::noiseIntfEstNoDftSOfdmKernel<float, __half, float, float, (unsigned int)2, (unsigned int)1, (unsigned char)4, (unsigned char)4>(pusch_noise_intf_est::puschRxNoiseIntfEstDynDescr)"
5493349926,3104,378098,35,1,1,128,1,1,16,0.000,0.000,,,,,NVIDIA A100-SXM4-40GB MIG 4g.20gb (0),1,,13,cupy_copy__complex64_complex64
5493358790,2336,378107,1,1,1,1,1,1,18,0.000,0.000,,,,,NVIDIA A100-SXM4-40GB MIG 4g.20gb (0),1,,13,cupy_copy__float32_float32
5493362278,2560,378113,,,,,,,,,,0.000,1.562,Device,Pageable,NVIDIA A100-SXM4-40GB MIG 4g.20gb (0),1,,7,[CUDA memcpy Device-to-Host]
5493433797,13280,378124,1434,1,1,128,1,1,16,0.000,0.000,,,,,NVIDIA A100-SXM4-40GB MIG 4g.20gb (0),1,,13,cupy_copy__complex64_complex64
5493460901,3008,378131,103,1,1,128,1,1,16,0.000,0.000,,,,,NVIDIA A100-SXM4-40GB MIG 4g.20gb (0),1,,13,cupy_copy__complex64_complex64
5493484452,2592,378138,35,1,1,128,1,1,16,0.000,0.000,,,,,NVIDIA A100-SXM4-40GB MIG 4g.20gb (0),1,,13,cupy_copy__complex64_complex64
5493504292,2016,378145,1,1,1,1,1,1,18,0.000,0.000,,,,,NVIDIA A100-SXM4-40GB MIG 4g.20gb (0),1,,13,cupy_copy__float32_float32
5493632451,82079,378156,1,1,1,32,32,1,30,0.000,0.000,,,,,NVIDIA A100-SXM4-40GB MIG 4g.20gb (0),1,,13,"void convert_kernel<__half2, float2>(tensor_layout_any, T1 *, tensor_layout_any, const T2 *)"
5493741505,5632,378159,,,,,,,,,,0.094,16636.287,Pinned,Device,NVIDIA A100-SXM4-40GB MIG 4g.20gb (0),1,,13,[CUDA memcpy Host-to-Device]
5493755873,3264,378160,,,,,,,,,,1.547,473842.288,Device,,NVIDIA A100-SXM4-40GB MIG 4g.20gb (0),1,,13,[CUDA memset]
5493762593,3552,378165,,,,,,,,,,0.031,8810.794,Pinned,Device,NVIDIA A100-SXM4-40GB MIG 4g.20gb (0),1,,13,[CUDA memcpy Host-to-Device]
5493769025,10080,378166,,,,,,,,,,0.197,19504.693,Pinned,Device,NVIDIA A100-SXM4-40GB MIG 4g.20gb (0),1,,13,[CUDA memcpy Host-to-Device]
5493783073,6272,378167,273,1,1,8,4,1,39,0.002,0.000,,,,,NVIDIA A100-SXM4-40GB MIG 4g.20gb (0),1,,13,"void channel_eq::eqMmseCoefCompLowMimoKernel<float, float, float, (unsigned int)4, (unsigned int)1, (unsigned int)4>(const channel_eq::_puschRxChEqStatDescr *, channel_eq::_puschRxChEqCoefCompDynDescr)"
5493790337,6624,378168,273,1,1,12,11,1,51,0.002,0.000,,,,,NVIDIA A100-SXM4-40GB MIG 4g.20gb (0),1,,13,"void channel_eq::eqMmseSoftDemapKernel<float, __half, __half, float, (unsigned int)4, (unsigned short)16383>(channel_eq::_puschRxChEqStatDescr *, channel_eq::_puschRxChEqSoftDemapDynDescr)"
5493797889,282972,378169,1,1,1,32,32,1,30,0.000,0.000,,,,,NVIDIA A100-SXM4-40GB MIG 4g.20gb (0),1,,13,"void convert_kernel<float2, __half2>(tensor_layout_any, T1 *, tensor_layout_any, const T2 *)"
5494083261,11264,378181,2253,1,1,128,1,1,16,0.000,0.000,,,,,NVIDIA A100-SXM4-40GB MIG 4g.20gb (0),1,,13,cupy_copy__float16_float16
5494097853,3776,378190,282,1,1,128,1,1,16,0.000,0.000,,,,,NVIDIA A100-SXM4-40GB MIG 4g.20gb (0),1,,13,cupy_copy__complex64_complex64
5494102653,2688,378199,26,1,1,128,1,1,16,0.000,0.000,,,,,NVIDIA A100-SXM4-40GB MIG 4g.20gb (0),1,,13,cupy_copy__float32_float32
5494108349,2784,378208,103,1,1,128,1,1,16,0.000,0.000,,,,,NVIDIA A100-SXM4-40GB MIG 4g.20gb (0),1,,13,cupy_copy__complex64_complex64
5494113949,11999,378218,1434,1,1,128,1,1,16,0.000,0.000,,,,,NVIDIA A100-SXM4-40GB MIG 4g.20gb (0),1,,13,cupy_copy__complex64_complex64
5494126908,82207,378223,1,1,1,32,32,1,30,0.000,0.000,,,,,NVIDIA A100-SXM4-40GB MIG 4g.20gb (0),1,,13,"void convert_kernel<__half2, float2>(tensor_layout_any, T1 *, tensor_layout_any, const T2 *)"
5494236411,5536,378226,,,,,,,,,,0.094,16924.777,Pinned,Device,NVIDIA A100-SXM4-40GB MIG 4g.20gb (0),1,,13,[CUDA memcpy Host-to-Device]
5494246395,598265,378227,,,,,,,,,,456.561,762914.166,Device,,NVIDIA A100-SXM4-40GB MIG 4g.20gb (0),1,,13,[CUDA memset]
5494848884,154366,378232,,,,,,,,,,1.235,7999.967,Pinned,Device,NVIDIA A100-SXM4-40GB MIG 4g.20gb (0),1,,13,[CUDA memcpy Host-to-Device]
5495015633,35552,378233,,,,,,,,,,0.197,5529.993,Pinned,Device,NVIDIA A100-SXM4-40GB MIG 4g.20gb (0),1,,13,[CUDA memcpy Host-to-Device]
5495070641,8256,378234,69,4,1,48,1,1,76,0.002,0.000,,,,,NVIDIA A100-SXM4-40GB MIG 4g.20gb (0),1,,13,"void ch_est::windowedChEstPreNoDftSOfdmKernel<float, __half, float, (unsigned int)2, (unsigned int)1, (unsigned short)4>(ch_est::puschRxChEstStatDescr_t *, ch_est::puschRxChEstDynDescr_t *)"
5495086385,6880,378235,137,2,1,24,2,1,44,0.001,0.001,,,,,NVIDIA A100-SXM4-40GB MIG 4g.20gb (0),1,,13,"void ch_est::chEstFilterNoDftSOfdmDispatchKernel<float, __half, float, (unsigned int)2>(ch_est::puschRxChEstStatDescr_t *, ch_est::puschRxChEstDynDescr_t *)"
5495103344,4768,378236,137,2,1,24,2,1,44,0.001,0.001,,,,,NVIDIA A100-SXM4-40GB MIG 4g.20gb (0),1,,13,"void ch_est::chEstFilterNoDftSOfdmDispatchKernel<float, __half, float, (unsigned int)2>(ch_est::puschRxChEstStatDescr_t *, ch_est::puschRxChEstDynDescr_t *)"
5495122640,2592,378247,103,1,1,128,1,1,16,0.000,0.000,,,,,NVIDIA A100-SXM4-40GB MIG 4g.20gb (0),1,,13,cupy_copy__complex64_complex64
5495135760,12544,378257,1434,1,1,128,1,1,16,0.000,0.000,,,,,NVIDIA A100-SXM4-40GB MIG 4g.20gb (0),1,,13,cupy_copy__complex64_complex64
5495166992,2592,378264,103,1,1,128,1,1,16,0.000,0.000,,,,,NVIDIA A100-SXM4-40GB MIG 4g.20gb (0),1,,13,cupy_copy__complex64_complex64
5495180943,84479,378271,1,1,1,32,32,1,30,0.000,0.000,,,,,NVIDIA A100-SXM4-40GB MIG 4g.20gb (0),1,,13,"void convert_kernel<__half2, float2>(tensor_layout_any, T1 *, tensor_layout_any, const T2 *)"
5495303182,24640,378274,,,,,,,,,,0.094,3802.558,Pinned,Device,NVIDIA A100-SXM4-40GB MIG 4g.20gb (0),1,,13,[CUDA memcpy Host-to-Device]
5495343053,47136,378275,,,,,,,,,,35.810,759707.453,Device,,NVIDIA A100-SXM4-40GB MIG 4g.20gb (0),1,,13,[CUDA memset]
5495395501,12640,378277,,,,,,,,,,0.000,6.329,Pinned,Device,NVIDIA A100-SXM4-40GB MIG 4g.20gb (0),1,,13,[CUDA memcpy Host-to-Device]
5495418413,30239,378278,,,,,,,,,,0.197,6501.630,Pinned,Device,NVIDIA A100-SXM4-40GB MIG 4g.20gb (0),1,,13,[CUDA memcpy Host-to-Device]
5495473164,9472,378279,273,1,1,48,1,1,40,0.000,0.001,,,,,NVIDIA A100-SXM4-40GB MIG 4g.20gb (0),1,,13,"void pusch_noise_intf_est::noiseIntfEstNoDftSOfdmKernel<float, __half, float, float, (unsigned int)2, (unsigned int)1, (unsigned char)4, (unsigned char)4>(pusch_noise_intf_est::puschRxNoiseIntfEstDynDescr)"
5495490156,2816,378290,35,1,1,128,1,1,16,0.000,0.000,,,,,NVIDIA A100-SXM4-40GB MIG 4g.20gb (0),1,,13,cupy_copy__complex64_complex64
5495507307,1696,378299,1,1,1,1,1,1,18,0.000,0.000,,,,,NVIDIA A100-SXM4-40GB MIG 4g.20gb (0),1,,13,cupy_copy__float32_float32
5495515499,8288,378305,,,,,,,,,,0.000,0.483,Device,Pageable,NVIDIA A100-SXM4-40GB MIG 4g.20gb (0),1,,7,[CUDA memcpy Device-to-Host]
5495614218,12640,378316,1434,1,1,128,1,1,16,0.000,0.000,,,,,NVIDIA A100-SXM4-40GB MIG 4g.20gb (0),1,,13,cupy_copy__complex64_complex64
5495637322,3040,378323,103,1,1,128,1,1,16,0.000,0.000,,,,,NVIDIA A100-SXM4-40GB MIG 4g.20gb (0),1,,13,cupy_copy__complex64_complex64
5495671369,2560,378330,35,1,1,128,1,1,16,0.000,0.000,,,,,NVIDIA A100-SXM4-40GB MIG 4g.20gb (0),1,,13,cupy_copy__complex64_complex64
5495690313,1728,378337,1,1,1,1,1,1,18,0.000,0.000,,,,,NVIDIA A100-SXM4-40GB MIG 4g.20gb (0),1,,13,cupy_copy__float32_float32
5495803368,86431,378348,1,1,1,32,32,1,30,0.000,0.000,,,,,NVIDIA A100-SXM4-40GB MIG 4g.20gb (0),1,,13,"void convert_kernel<__half2, float2>(tensor_layout_any, T1 *, tensor_layout_any, const T2 *)"
5495921190,12800,378351,,,,,,,,,,0.094,7320.000,Pinned,Device,NVIDIA A100-SXM4-40GB MIG 4g.20gb (0),1,,13,[CUDA memcpy Host-to-Device]
5495939494,3456,378352,,,,,,,,,,1.547,447517.201,Device,,NVIDIA A100-SXM4-40GB MIG 4g.20gb (0),1,,13,[CUDA memset]
5495947622,7872,378357,,,,,,,,,,0.031,3975.593,Pinned,Device,NVIDIA A100-SXM4-40GB MIG 4g.20gb (0),1,,13,[CUDA memcpy Host-to-Device]
5495958182,16896,378358,,,,,,,,,,0.197,11636.244,Pinned,Device,NVIDIA A100-SXM4-40GB MIG 4g.20gb (0),1,,13,[CUDA memcpy Host-to-Device]
5495980582,8416,378359,273,1,1,8,4,1,39,0.002,0.000,,,,,NVIDIA A100-SXM4-40GB MIG 4g.20gb (0),1,,13,"void channel_eq::eqMmseCoefCompLowMimoKernel<float, float, float, (unsigned int)4, (unsigned int)1, (unsigned int)4>(const channel_eq::_puschRxChEqStatDescr *, channel_eq::_puschRxChEqCoefCompDynDescr)"
5495997253,5312,378360,273,1,1,12,11,1,51,0.002,0.000,,,,,NVIDIA A100-SXM4-40GB MIG 4g.20gb (0),1,,13,"void channel_eq::eqMmseSoftDemapKernel<float, __half, __half, float, (unsigned int)4, (unsigned short)16383>(channel_eq::_puschRxChEqStatDescr *, channel_eq::_puschRxChEqSoftDemapDynDescr)"
5496005285,290909,378361,1,1,1,32,32,1,30,0.000,0.000,,,,,NVIDIA A100-SXM4-40GB MIG 4g.20gb (0),1,,13,"void convert_kernel<float2, __half2>(tensor_layout_any, T1 *, tensor_layout_any, const T2 *)"
5496297442,11008,378373,2253,1,1,128,1,1,16,0.000,0.000,,,,,NVIDIA A100-SXM4-40GB MIG 4g.20gb (0),1,,13,cupy_copy__float16_float16
5496312546,3519,378382,282,1,1,128,1,1,16,0.000,0.000,,,,,NVIDIA A100-SXM4-40GB MIG 4g.20gb (0),1,,13,cupy_copy__complex64_complex64
5496317793,2048,378391,26,1,1,128,1,1,16,0.000,0.000,,,,,NVIDIA A100-SXM4-40GB MIG 4g.20gb (0),1,,13,cupy_copy__float32_float32
5496320897,4672,378400,103,1,1,128,1,1,16,0.000,0.000,,,,,NVIDIA A100-SXM4-40GB MIG 4g.20gb (0),1,,13,cupy_copy__complex64_complex64
5496326881,11904,378410,1434,1,1,128,1,1,16,0.000,0.000,,,,,NVIDIA A100-SXM4-40GB MIG 4g.20gb (0),1,,13,cupy_copy__complex64_complex64
5496342657,81695,378415,1,1,1,32,32,1,30,0.000,0.000,,,,,NVIDIA A100-SXM4-40GB MIG 4g.20gb (0),1,,13,"void convert_kernel<__half2, float2>(tensor_layout_any, T1 *, tensor_layout_any, const T2 *)"
5496452128,5344,378418,,,,,,,,,,0.094,17532.864,Pinned,Device,NVIDIA A100-SXM4-40GB MIG 4g.20gb (0),1,,13,[CUDA memcpy Host-to-Device]
5496464416,598168,378419,,,,,,,,,,456.561,762914.166,Device,,NVIDIA A100-SXM4-40GB MIG 4g.20gb (0),1,,13,[CUDA memset]
5497069464,134399,378424,,,,,,,,,,1.235,9187.983,Pinned,Device,NVIDIA A100-SXM4-40GB MIG 4g.20gb (0),1,,13,[CUDA memcpy Host-to-Device]
5497213046,15904,378425,,,,,,,,,,0.197,12362.121,Pinned,Device,NVIDIA A100-SXM4-40GB MIG 4g.20gb (0),1,,13,[CUDA memcpy Host-to-Device]
5497242326,7808,378426,69,4,1,48,1,1,76,0.002,0.000,,,,,NVIDIA A100-SXM4-40GB MIG 4g.20gb (0),1,,13,"void ch_est::windowedChEstPreNoDftSOfdmKernel<float, __half, float, (unsigned int)2, (unsigned int)1, (unsigned short)4>(ch_est::puschRxChEstStatDescr_t *, ch_est::puschRxChEstDynDescr_t *)"
5497258518,6944,378427,137,2,1,24,2,1,44,0.001,0.001,,,,,NVIDIA A100-SXM4-40GB MIG 4g.20gb (0),1,,13,"void ch_est::chEstFilterNoDftSOfdmDispatchKernel<float, __half, float, (unsigned int)2>(ch_est::puschRxChEstStatDescr_t *, ch_est::puschRxChEstDynDescr_t *)"
5497273078,6208,378428,137,2,1,24,2,1,44,0.001,0.001,,,,,NVIDIA A100-SXM4-40GB MIG 4g.20gb (0),1,,13,"void ch_est::chEstFilterNoDftSOfdmDispatchKernel<float, __half, float, (unsigned int)2>(ch_est::puschRxChEstStatDescr_t *, ch_est::puschRxChEstDynDescr_t *)"
5497280694,3008,378439,103,1,1,128,1,1,16,0.000,0.000,,,,,NVIDIA A100-SXM4-40GB MIG 4g.20gb (0),1,,13,cupy_copy__complex64_complex64
5497289045,12800,378449,1434,1,1,128,1,1,16,0.000,0.000,,,,,NVIDIA A100-SXM4-40GB MIG 4g.20gb (0),1,,13,cupy_copy__complex64_complex64
5497304629,2816,378456,103,1,1,128,1,1,16,0.000,0.000,,,,,NVIDIA A100-SXM4-40GB MIG 4g.20gb (0),1,,13,cupy_copy__complex64_complex64
5497313717,81855,378463,1,1,1,32,32,1,30,0.000,0.000,,,,,NVIDIA A100-SXM4-40GB MIG 4g.20gb (0),1,,13,"void convert_kernel<__half2, float2>(tensor_layout_any, T1 *, tensor_layout_any, const T2 *)"
5497428084,9728,378466,,,,,,,,,,0.094,9631.574,Pinned,Device,NVIDIA A100-SXM4-40GB MIG 4g.20gb (0),1,,13,[CUDA memcpy Host-to-Device]
5497448244,47487,378467,,,,,,,,,,35.810,754085.295,Device,,NVIDIA A100-SXM4-40GB MIG 4g.20gb (0),1,,13,[CUDA memset]
5497496051,2912,378469,,,,,,,,,,0.000,27.472,Pinned,Device,NVIDIA A100-SXM4-40GB MIG 4g.20gb (0),1,,13,[CUDA memcpy Host-to-Device]
5497507859,18816,378470,,,,,,,,,,0.197,10448.929,Pinned,Device,NVIDIA A100-SXM4-40GB MIG 4g.20gb (0),1,,13,[CUDA memcpy Host-to-Device]
5497540146,9120,378471,273,1,1,48,1,1,40,0.000,0.001,,,,,NVIDIA A100-SXM4-40GB MIG 4g.20gb (0),1,,13,"void pusch_noise_intf_est::noiseIntfEstNoDftSOfdmKernel<float, __half, float, float, (unsigned int)2, (unsigned int)1, (unsigned char)4, (unsigned char)4>(pusch_noise_intf_est::puschRxNoiseIntfEstDynDescr)"
5497556242,2944,378482,35,1,1,128,1,1,16,0.000,0.000,,,,,NVIDIA A100-SXM4-40GB MIG 4g.20gb (0),1,,13,cupy_copy__complex64_complex64
5497563666,1728,378491,1,1,1,1,1,1,18,0.000,0.000,,,,,NVIDIA A100-SXM4-40GB MIG 4g.20gb (0),1,,13,cupy_copy__float32_float32
5497575090,1920,378497,,,,,,,,,,0.000,2.083,Device,Pageable,NVIDIA A100-SXM4-40GB MIG 4g.20gb (0),1,,7,[CUDA memcpy Device-to-Host]
5497638257,13088,378508,1434,1,1,128,1,1,16,0.000,0.000,,,,,NVIDIA A100-SXM4-40GB MIG 4g.20gb (0),1,,13,cupy_copy__complex64_complex64
5497668241,3488,378515,103,1,1,128,1,1,16,0.000,0.000,,,,,NVIDIA A100-SXM4-40GB MIG 4g.20gb (0),1,,13,cupy_copy__complex64_complex64
5497688465,2176,378522,35,1,1,128,1,1,16,0.000,0.000,,,,,NVIDIA A100-SXM4-40GB MIG 4g.20gb (0),1,,13,cupy_copy__complex64_complex64
5497707408,1792,378529,1,1,1,1,1,1,18,0.000,0.000,,,,,NVIDIA A100-SXM4-40GB MIG 4g.20gb (0),1,,13,cupy_copy__float32_float32
5497838127,82271,378540,1,1,1,32,32,1,30,0.000,0.000,,,,,NVIDIA A100-SXM4-40GB MIG 4g.20gb (0),1,,13,"void convert_kernel<__half2, float2>(tensor_layout_any, T1 *, tensor_layout_any, const T2 *)"
5497948269,5568,378543,,,,,,,,,,0.094,16827.521,Pinned,Device,NVIDIA A100-SXM4-40GB MIG 4g.20gb (0),1,,13,[CUDA memcpy Host-to-Device]
5497962285,3264,378544,,,,,,,,,,1.547,473842.288,Device,,NVIDIA A100-SXM4-40GB MIG 4g.20gb (0),1,,13,[CUDA memset]
5497968749,3008,378549,,,,,,,,,,0.031,10404.230,Pinned,Device,NVIDIA A100-SXM4-40GB MIG 4g.20gb (0),1,,13,[CUDA memcpy Host-to-Device]
5497974989,9888,378550,,,,,,,,,,0.197,19883.360,Pinned,Device,NVIDIA A100-SXM4-40GB MIG 4g.20gb (0),1,,13,[CUDA memcpy Host-to-Device]
5497988269,6592,378551,273,1,1,8,4,1,39,0.002,0.000,,,,,NVIDIA A100-SXM4-40GB MIG 4g.20gb (0),1,,13,"void channel_eq::eqMmseCoefCompLowMimoKernel<float, float, float, (unsigned int)4, (unsigned int)1, (unsigned int)4>(const channel_eq::_puschRxChEqStatDescr *, channel_eq::_puschRxChEqCoefCompDynDescr)"
5497995917,6176,378552,273,1,1,12,11,1,51,0.002,0.000,,,,,NVIDIA A100-SXM4-40GB MIG 4g.20gb (0),1,,13,"void channel_eq::eqMmseSoftDemapKernel<float, __half, __half, float, (unsigned int)4, (unsigned short)16383>(channel_eq::_puschRxChEqStatDescr *, channel_eq::_puschRxChEqSoftDemapDynDescr)"
5498003341,283004,378553,1,1,1,32,32,1,30,0.000,0.000,,,,,NVIDIA A100-SXM4-40GB MIG 4g.20gb (0),1,,13,"void convert_kernel<float2, __half2>(tensor_layout_any, T1 *, tensor_layout_any, const T2 *)"
5498287433,10976,378565,2253,1,1,128,1,1,16,0.000,0.000,,,,,NVIDIA A100-SXM4-40GB MIG 4g.20gb (0),1,,13,cupy_copy__float16_float16
5498301993,3904,378574,282,1,1,128,1,1,16,0.000,0.000,,,,,NVIDIA A100-SXM4-40GB MIG 4g.20gb (0),1,,13,cupy_copy__complex64_complex64
5498308489,2176,378583,26,1,1,128,1,1,16,0.000,0.000,,,,,NVIDIA A100-SXM4-40GB MIG 4g.20gb (0),1,,13,cupy_copy__float32_float32
5498313289,3040,378592,103,1,1,128,1,1,16,0.000,0.000,,,,,NVIDIA A100-SXM4-40GB MIG 4g.20gb (0),1,,13,cupy_copy__complex64_complex64
5498317289,12192,378602,1434,1,1,128,1,1,16,0.000,0.000,,,,,NVIDIA A100-SXM4-40GB MIG 4g.20gb (0),1,,13,cupy_copy__complex64_complex64
5498335209,82047,378607,1,1,1,32,32,1,30,0.000,0.000,,,,,NVIDIA A100-SXM4-40GB MIG 4g.20gb (0),1,,13,"void convert_kernel<__half2, float2>(tensor_layout_any, T1 *, tensor_layout_any, const T2 *)"
5498444167,6240,378610,,,,,,,,,,0.094,15015.346,Pinned,Device,NVIDIA A100-SXM4-40GB MIG 4g.20gb (0),1,,13,[CUDA memcpy Host-to-Device]
5498454375,597049,378611,,,,,,,,,,456.561,764283.851,Device,,NVIDIA A100-SXM4-40GB MIG 4g.20gb (0),1,,13,[CUDA memset]
5499059968,148638,378616,,,,,,,,,,1.235,8307.468,Pinned,Device,NVIDIA A100-SXM4-40GB MIG 4g.20gb (0),1,,13,[CUDA memcpy Host-to-Device]
5499218334,42303,378617,,,,,,,,,,0.197,4647.420,Pinned,Device,NVIDIA A100-SXM4-40GB MIG 4g.20gb (0),1,,13,[CUDA memcpy Host-to-Device]
5499288797,8160,378618,69,4,1,48,1,1,76,0.002,0.000,,,,,NVIDIA A100-SXM4-40GB MIG 4g.20gb (0),1,,13,"void ch_est::windowedChEstPreNoDftSOfdmKernel<float, __half, float, (unsigned int)2, (unsigned int)1, (unsigned short)4>(ch_est::puschRxChEstStatDescr_t *, ch_est::puschRxChEstDynDescr_t *)"
5499306557,6848,378619,137,2,1,24,2,1,44,0.001,0.001,,,,,NVIDIA A100-SXM4-40GB MIG 4g.20gb (0),1,,13,"void ch_est::chEstFilterNoDftSOfdmDispatchKernel<float, __half, float, (unsigned int)2>(ch_est::puschRxChEstStatDescr_t *, ch_est::puschRxChEstDynDescr_t *)"
5499324028,5120,378620,137,2,1,24,2,1,44,0.001,0.001,,,,,NVIDIA A100-SXM4-40GB MIG 4g.20gb (0),1,,13,"void ch_est::chEstFilterNoDftSOfdmDispatchKernel<float, __half, float, (unsigned int)2>(ch_est::puschRxChEstStatDescr_t *, ch_est::puschRxChEstDynDescr_t *)"
5499338556,2624,378631,103,1,1,128,1,1,16,0.000,0.000,,,,,NVIDIA A100-SXM4-40GB MIG 4g.20gb (0),1,,13,cupy_copy__complex64_complex64
5499354108,12512,378641,1434,1,1,128,1,1,16,0.000,0.000,,,,,NVIDIA A100-SXM4-40GB MIG 4g.20gb (0),1,,13,cupy_copy__complex64_complex64
5499381788,2720,378648,103,1,1,128,1,1,16,0.000,0.000,,,,,NVIDIA A100-SXM4-40GB MIG 4g.20gb (0),1,,13,cupy_copy__complex64_complex64
5499394716,84447,378655,1,1,1,32,32,1,30,0.000,0.000,,,,,NVIDIA A100-SXM4-40GB MIG 4g.20gb (0),1,,13,"void convert_kernel<__half2, float2>(tensor_layout_any, T1 *, tensor_layout_any, const T2 *)"
5499510170,13984,378658,,,,,,,,,,0.094,6700.201,Pinned,Device,NVIDIA A100-SXM4-40GB MIG 4g.20gb (0),1,,13,[CUDA memcpy Host-to-Device]
5499528442,47103,378659,,,,,,,,,,35.810,760244.602,Device,,NVIDIA A100-SXM4-40GB MIG 4g.20gb (0),1,,13,[CUDA memset]
5499576761,8032,378661,,,,,,,,,,0.000,9.960,Pinned,Device,NVIDIA A100-SXM4-40GB MIG 4g.20gb (0),1,,13,[CUDA memcpy Host-to-Device]
5499590809,18272,378662,,,,,,,,,,0.197,10759.963,Pinned,Device,NVIDIA A100-SXM4-40GB MIG 4g.20gb (0),1,,13,[CUDA memcpy Host-to-Device]
5499623289,10720,378663,273,1,1,48,1,1,40,0.000,0.001,,,,,NVIDIA A100-SXM4-40GB MIG 4g.20gb (0),1,,13,"void pusch_noise_intf_est::noiseIntfEstNoDftSOfdmKernel<float, __half, float, float, (unsigned int)2, (unsigned int)1, (unsigned char)4, (unsigned char)4>(pusch_noise_intf_est::puschRxNoiseIntfEstDynDescr)"
5499641880,2912,378674,35,1,1,128,1,1,16,0.000,0.000,,,,,NVIDIA A100-SXM4-40GB MIG 4g.20gb (0),1,,13,cupy_copy__complex64_complex64
5499651384,1696,378683,1,1,1,1,1,1,18,0.000,0.000,,,,,NVIDIA A100-SXM4-40GB MIG 4g.20gb (0),1,,13,cupy_copy__float32_float32
5499660088,7520,378689,,,,,,,,,,0.000,0.532,Device,Pageable,NVIDIA A100-SXM4-40GB MIG 4g.20gb (0),1,,7,[CUDA memcpy Device-to-Host]
5499749623,13120,378700,1434,1,1,128,1,1,16,0.000,0.000,,,,,NVIDIA A100-SXM4-40GB MIG 4g.20gb (0),1,,13,cupy_copy__complex64_complex64
5499763703,2848,378707,103,1,1,128,1,1,16,0.000,0.000,,,,,NVIDIA A100-SXM4-40GB MIG 4g.20gb (0),1,,13,cupy_copy__complex64_complex64
5499796599,2368,378714,35,1,1,128,1,1,16,0.000,0.000,,,,,NVIDIA A100-SXM4-40GB MIG 4g.20gb (0),1,,13,cupy_copy__complex64_complex64
5499816214,1728,378721,1,1,1,1,1,1,18,0.000,0.000,,,,,NVIDIA A100-SXM4-40GB MIG 4g.20gb (0),1,,13,cupy_copy__float32_float32
5499934293,87551,378732,1,1,1,32,32,1,30,0.000,0.000,,,,,NVIDIA A100-SXM4-40GB MIG 4g.20gb (0),1,,13,"void convert_kernel<__half2, float2>(tensor_layout_any, T1 *, tensor_layout_any, const T2 *)"
5500049715,5408,378735,,,,,,,,,,0.094,17325.421,Pinned,Device,NVIDIA A100-SXM4-40GB MIG 4g.20gb (0),1,,13,[CUDA memcpy Host-to-Device]
5500064531,3264,378736,,,,,,,,,,1.547,473842.288,Device,,NVIDIA A100-SXM4-40GB MIG 4g.20gb (0),1,,13,[CUDA memset]
5500071251,3168,378741,,,,,,,,,,0.031,9878.770,Pinned,Device,NVIDIA A100-SXM4-40GB MIG 4g.20gb (0),1,,13,[CUDA memcpy Host-to-Device]
5500076851,9600,378742,,,,,,,,,,0.197,20479.869,Pinned,Device,NVIDIA A100-SXM4-40GB MIG 4g.20gb (0),1,,13,[CUDA memcpy Host-to-Device]
5500092435,6752,378743,273,1,1,8,4,1,39,0.002,0.000,,,,,NVIDIA A100-SXM4-40GB MIG 4g.20gb (0),1,,13,"void channel_eq::eqMmseCoefCompLowMimoKernel<float, float, float, (unsigned int)4, (unsigned int)1, (unsigned int)4>(const channel_eq::_puschRxChEqStatDescr *, channel_eq::_puschRxChEqCoefCompDynDescr)"
5500100243,6176,378744,273,1,1,12,11,1,51,0.002,0.000,,,,,NVIDIA A100-SXM4-40GB MIG 4g.20gb (0),1,,13,"void channel_eq::eqMmseSoftDemapKernel<float, __half, __half, float, (unsigned int)4, (unsigned short)16383>(channel_eq::_puschRxChEqStatDescr *, channel_eq::_puschRxChEqSoftDemapDynDescr)"
5500107507,283004,378745,1,1,1,32,32,1,30,0.000,0.000,,,,,NVIDIA A100-SXM4-40GB MIG 4g.20gb (0),1,,13,"void convert_kernel<float2, __half2>(tensor_layout_any, T1 *, tensor_layout_any, const T2 *)"
5500392111,10944,378757,2253,1,1,128,1,1,16,0.000,0.000,,,,,NVIDIA A100-SXM4-40GB MIG 4g.20gb (0),1,,13,cupy_copy__float16_float16
5500405199,3744,378766,282,1,1,128,1,1,16,0.000,0.000,,,,,NVIDIA A100-SXM4-40GB MIG 4g.20gb (0),1,,13,cupy_copy__complex64_complex64
5500412047,2016,378775,26,1,1,128,1,1,16,0.000,0.000,,,,,NVIDIA A100-SXM4-40GB MIG 4g.20gb (0),1,,13,cupy_copy__float32_float32
5500415695,5760,378784,103,1,1,128,1,1,16,0.000,0.000,,,,,NVIDIA A100-SXM4-40GB MIG 4g.20gb (0),1,,13,cupy_copy__complex64_complex64
5500422927,12576,378794,1434,1,1,128,1,1,16,0.000,0.000,,,,,NVIDIA A100-SXM4-40GB MIG 4g.20gb (0),1,,13,cupy_copy__complex64_complex64
5500440783,86975,378799,1,1,1,32,32,1,30,0.000,0.000,,,,,NVIDIA A100-SXM4-40GB MIG 4g.20gb (0),1,,13,"void convert_kernel<__half2, float2>(tensor_layout_any, T1 *, tensor_layout_any, const T2 *)"
5500554925,5696,378802,,,,,,,,,,0.094,16449.363,Pinned,Device,NVIDIA A100-SXM4-40GB MIG 4g.20gb (0),1,,13,[CUDA memcpy Host-to-Device]
5500565133,598457,378803,,,,,,,,,,456.561,762457.605,Device,,NVIDIA A100-SXM4-40GB MIG 4g.20gb (0),1,,13,[CUDA memset]
5501165606,159390,378808,,,,,,,,,,1.235,7746.804,Pinned,Device,NVIDIA A100-SXM4-40GB MIG 4g.20gb (0),1,,13,[CUDA memcpy Host-to-Device]
5501334532,32991,378809,,,,,,,,,,0.197,5959.385,Pinned,Device,NVIDIA A100-SXM4-40GB MIG 4g.20gb (0),1,,13,[CUDA memcpy Host-to-Device]
5501388227,7680,378810,69,4,1,48,1,1,76,0.002,0.000,,,,,NVIDIA A100-SXM4-40GB MIG 4g.20gb (0),1,,13,"void ch_est::windowedChEstPreNoDftSOfdmKernel<float, __half, float, (unsigned int)2, (unsigned int)1, (unsigned short)4>(ch_est::puschRxChEstStatDescr_t *, ch_est::puschRxChEstDynDescr_t *)"
5501404035,6688,378811,137,2,1,24,2,1,44,0.001,0.001,,,,,NVIDIA A100-SXM4-40GB MIG 4g.20gb (0),1,,13,"void ch_est::chEstFilterNoDftSOfdmDispatchKernel<float, __half, float, (unsigned int)2>(ch_est::puschRxChEstStatDescr_t *, ch_est::puschRxChEstDynDescr_t *)"
5501424611,4735,378812,137,2,1,24,2,1,44,0.001,0.001,,,,,NVIDIA A100-SXM4-40GB MIG 4g.20gb (0),1,,13,"void ch_est::chEstFilterNoDftSOfdmDispatchKernel<float, __half, float, (unsigned int)2>(ch_est::puschRxChEstStatDescr_t *, ch_est::puschRxChEstDynDescr_t *)"
5501440546,2720,378823,103,1,1,128,1,1,16,0.000,0.000,,,,,NVIDIA A100-SXM4-40GB MIG 4g.20gb (0),1,,13,cupy_copy__complex64_complex64
5501453090,12448,378833,1434,1,1,128,1,1,16,0.000,0.000,,,,,NVIDIA A100-SXM4-40GB MIG 4g.20gb (0),1,,13,cupy_copy__complex64_complex64
5501484770,2400,378840,103,1,1,128,1,1,16,0.000,0.000,,,,,NVIDIA A100-SXM4-40GB MIG 4g.20gb (0),1,,13,cupy_copy__complex64_complex64
5501503138,82047,378847,1,1,1,32,32,1,30,0.000,0.000,,,,,NVIDIA A100-SXM4-40GB MIG 4g.20gb (0),1,,13,"void convert_kernel<__half2, float2>(tensor_layout_any, T1 *, tensor_layout_any, const T2 *)"
5501615808,19392,378850,,,,,,,,,,0.094,4831.622,Pinned,Device,NVIDIA A100-SXM4-40GB MIG 4g.20gb (0),1,,13,[CUDA memcpy Host-to-Device]
5501645184,47487,378851,,,,,,,,,,35.810,754085.295,Device,,NVIDIA A100-SXM4-40GB MIG 4g.20gb (0),1,,13,[CUDA memset]
5501695007,10560,378853,,,,,,,,,,0.000,7.576,Pinned,Device,NVIDIA A100-SXM4-40GB MIG 4g.20gb (0),1,,13,[CUDA memcpy Host-to-Device]
5501711519,18144,378854,,,,,,,,,,0.197,10835.853,Pinned,Device,NVIDIA A100-SXM4-40GB MIG 4g.20gb (0),1,,13,[CUDA memcpy Host-to-Device]
5501746559,10175,378855,273,1,1,48,1,1,40,0.000,0.001,,,,,NVIDIA A100-SXM4-40GB MIG 4g.20gb (0),1,,13,"void pusch_noise_intf_est::noiseIntfEstNoDftSOfdmKernel<float, __half, float, float, (unsigned int)2, (unsigned int)1, (unsigned char)4, (unsigned char)4>(pusch_noise_intf_est::puschRxNoiseIntfEstDynDescr)"
5501761790,3104,378866,35,1,1,128,1,1,16,0.000,0.000,,,,,NVIDIA A100-SXM4-40GB MIG 4g.20gb (0),1,,13,cupy_copy__complex64_complex64
5501771134,1856,378875,1,1,1,1,1,1,18,0.000,0.000,,,,,NVIDIA A100-SXM4-40GB MIG 4g.20gb (0),1,,13,cupy_copy__float32_float32
5501778206,5184,378881,,,,,,,,,,0.000,0.772,Device,Pageable,NVIDIA A100-SXM4-40GB MIG 4g.20gb (0),1,,7,[CUDA memcpy Device-to-Host]
5501852477,13344,378892,1434,1,1,128,1,1,16,0.000,0.000,,,,,NVIDIA A100-SXM4-40GB MIG 4g.20gb (0),1,,13,cupy_copy__complex64_complex64
5501882525,2880,378899,103,1,1,128,1,1,16,0.000,0.000,,,,,NVIDIA A100-SXM4-40GB MIG 4g.20gb (0),1,,13,cupy_copy__complex64_complex64
5501899037,2528,378906,35,1,1,128,1,1,16,0.000,0.000,,,,,NVIDIA A100-SXM4-40GB MIG 4g.20gb (0),1,,13,cupy_copy__complex64_complex64
5501919580,1952,378913,1,1,1,1,1,1,18,0.000,0.000,,,,,NVIDIA A100-SXM4-40GB MIG 4g.20gb (0),1,,13,cupy_copy__float32_float32
5502053531,86975,378924,1,1,1,32,32,1,30,0.000,0.000,,,,,NVIDIA A100-SXM4-40GB MIG 4g.20gb (0),1,,13,"void convert_kernel<__half2, float2>(tensor_layout_any, T1 *, tensor_layout_any, const T2 *)"
5502168377,13792,378927,,,,,,,,,,0.094,6793.428,Pinned,Device,NVIDIA A100-SXM4-40GB MIG 4g.20gb (0),1,,13,[CUDA memcpy Host-to-Device]
5502193081,3424,378928,,,,,,,,,,1.547,451700.819,Device,,NVIDIA A100-SXM4-40GB MIG 4g.20gb (0),1,,13,[CUDA memset]
5502199065,3776,378933,,,,,,,,,,0.031,8288.120,Pinned,Device,NVIDIA A100-SXM4-40GB MIG 4g.20gb (0),1,,13,[CUDA memcpy Host-to-Device]
5502208953,12416,378934,,,,,,,,,,0.197,15835.005,Pinned,Device,NVIDIA A100-SXM4-40GB MIG 4g.20gb (0),1,,13,[CUDA memcpy Host-to-Device]
5502230521,8000,378935,273,1,1,8,4,1,39,0.002,0.000,,,,,NVIDIA A100-SXM4-40GB MIG 4g.20gb (0),1,,13,"void channel_eq::eqMmseCoefCompLowMimoKernel<float, float, float, (unsigned int)4, (unsigned int)1, (unsigned int)4>(const channel_eq::_puschRxChEqStatDescr *, channel_eq::_puschRxChEqCoefCompDynDescr)"
5502243800,8000,378936,273,1,1,12,11,1,51,0.002,0.000,,,,,NVIDIA A100-SXM4-40GB MIG 4g.20gb (0),1,,13,"void channel_eq::eqMmseSoftDemapKernel<float, __half, __half, float, (unsigned int)4, (unsigned short)16383>(channel_eq::_puschRxChEqStatDescr *, channel_eq::_puschRxChEqSoftDemapDynDescr)"
5502253656,282845,378937,1,1,1,32,32,1,30,0.000,0.000,,,,,NVIDIA A100-SXM4-40GB MIG 4g.20gb (0),1,,13,"void convert_kernel<float2, __half2>(tensor_layout_any, T1 *, tensor_layout_any, const T2 *)"
5502537429,11136,378949,2253,1,1,128,1,1,16,0.000,0.000,,,,,NVIDIA A100-SXM4-40GB MIG 4g.20gb (0),1,,13,cupy_copy__float16_float16
5502550805,3296,378958,282,1,1,128,1,1,16,0.000,0.000,,,,,NVIDIA A100-SXM4-40GB MIG 4g.20gb (0),1,,13,cupy_copy__complex64_complex64
5502559701,2112,378967,26,1,1,128,1,1,16,0.000,0.000,,,,,NVIDIA A100-SXM4-40GB MIG 4g.20gb (0),1,,13,cupy_copy__float32_float32
5502565012,3072,378976,103,1,1,128,1,1,16,0.000,0.000,,,,,NVIDIA A100-SXM4-40GB MIG 4g.20gb (0),1,,13,cupy_copy__complex64_complex64
5502624948,12032,378992,1434,1,1,128,1,1,16,0.000,0.000,,,,,NVIDIA A100-SXM4-40GB MIG 4g.20gb (0),1,,13,cupy_copy__complex64_complex64
5502739954,87199,378997,1,1,1,32,32,1,30,0.000,0.000,,,,,NVIDIA A100-SXM4-40GB MIG 4g.20gb (0),1,,13,"void convert_kernel<__half2, float2>(tensor_layout_any, T1 *, tensor_layout_any, const T2 *)"
5502860977,5568,379000,,,,,,,,,,0.094,16827.521,Pinned,Device,NVIDIA A100-SXM4-40GB MIG 4g.20gb (0),1,,13,[CUDA memcpy Host-to-Device]
5502871281,599256,379001,,,,,,,,,,456.561,761544.482,Device,,NVIDIA A100-SXM4-40GB MIG 4g.20gb (0),1,,13,[CUDA memset]
5503479369,176126,379006,,,,,,,,,,1.235,7010.777,Pinned,Device,NVIDIA A100-SXM4-40GB MIG 4g.20gb (0),1,,13,[CUDA memcpy Host-to-Device]
5503664423,36671,379007,,,,,,,,,,0.197,5361.304,Pinned,Device,NVIDIA A100-SXM4-40GB MIG 4g.20gb (0),1,,13,[CUDA memcpy Host-to-Device]
5503716550,7936,379008,69,4,1,48,1,1,76,0.002,0.000,,,,,NVIDIA A100-SXM4-40GB MIG 4g.20gb (0),1,,13,"void ch_est::windowedChEstPreNoDftSOfdmKernel<float, __half, float, (unsigned int)2, (unsigned int)1, (unsigned short)4>(ch_est::puschRxChEstStatDescr_t *, ch_est::puschRxChEstDynDescr_t *)"
5503732358,6752,379009,137,2,1,24,2,1,44,0.001,0.001,,,,,NVIDIA A100-SXM4-40GB MIG 4g.20gb (0),1,,13,"void ch_est::chEstFilterNoDftSOfdmDispatchKernel<float, __half, float, (unsigned int)2>(ch_est::puschRxChEstStatDescr_t *, ch_est::puschRxChEstDynDescr_t *)"
5503744006,4736,379010,137,2,1,24,2,1,44,0.001,0.001,,,,,NVIDIA A100-SXM4-40GB MIG 4g.20gb (0),1,,13,"void ch_est::chEstFilterNoDftSOfdmDispatchKernel<float, __half, float, (unsigned int)2>(ch_est::puschRxChEstStatDescr_t *, ch_est::puschRxChEstDynDescr_t *)"
5503749830,2912,379021,103,1,1,128,1,1,16,0.000,0.000,,,,,NVIDIA A100-SXM4-40GB MIG 4g.20gb (0),1,,13,cupy_copy__complex64_complex64
5503759910,12512,379031,1434,1,1,128,1,1,16,0.000,0.000,,,,,NVIDIA A100-SXM4-40GB MIG 4g.20gb (0),1,,13,cupy_copy__complex64_complex64
5503789637,2560,379038,103,1,1,128,1,1,16,0.000,0.000,,,,,NVIDIA A100-SXM4-40GB MIG 4g.20gb (0),1,,13,cupy_copy__complex64_complex64
5503804229,83295,379045,1,1,1,32,32,1,30,0.000,0.000,,,,,NVIDIA A100-SXM4-40GB MIG 4g.20gb (0),1,,13,"void convert_kernel<__half2, float2>(tensor_layout_any, T1 *, tensor_layout_any, const T2 *)"
5503918692,16480,379048,,,,,,,,,,0.094,5685.380,Pinned,Device,NVIDIA A100-SXM4-40GB MIG 4g.20gb (0),1,,13,[CUDA memcpy Host-to-Device]
5503947715,46528,379049,,,,,,,,,,35.810,769626.801,Device,,NVIDIA A100-SXM4-40GB MIG 4g.20gb (0),1,,13,[CUDA memset]
5503996803,7488,379051,,,,,,,,,,0.000,10.684,Pinned,Device,NVIDIA A100-SXM4-40GB MIG 4g.20gb (0),1,,13,[CUDA memcpy Host-to-Device]
5504012483,20927,379052,,,,,,,,,,0.197,9394.913,Pinned,Device,NVIDIA A100-SXM4-40GB MIG 4g.20gb (0),1,,13,[CUDA memcpy Host-to-Device]
5504045730,10368,379053,273,1,1,48,1,1,40,0.000,0.001,,,,,NVIDIA A100-SXM4-40GB MIG 4g.20gb (0),1,,13,"void pusch_noise_intf_est::noiseIntfEstNoDftSOfdmKernel<float, __half, float, float, (unsigned int)2, (unsigned int)1, (unsigned char)4, (unsigned char)4>(pusch_noise_intf_est::puschRxNoiseIntfEstDynDescr)"
5504061250,3168,379064,35,1,1,128,1,1,16,0.000,0.000,,,,,NVIDIA A100-SXM4-40GB MIG 4g.20gb (0),1,,13,cupy_copy__complex64_complex64
5504068930,1888,379073,1,1,1,1,1,1,18,0.000,0.000,,,,,NVIDIA A100-SXM4-40GB MIG 4g.20gb (0),1,,13,cupy_copy__float32_float32
5504074722,4512,379079,,,,,,,,,,0.000,0.887,Device,Pageable,NVIDIA A100-SXM4-40GB MIG 4g.20gb (0),1,,7,[CUDA memcpy Device-to-Host]
5504144289,13152,379090,1434,1,1,128,1,1,16,0.000,0.000,,,,,NVIDIA A100-SXM4-40GB MIG 4g.20gb (0),1,,13,cupy_copy__complex64_complex64
5504173601,3424,379097,103,1,1,128,1,1,16,0.000,0.000,,,,,NVIDIA A100-SXM4-40GB MIG 4g.20gb (0),1,,13,cupy_copy__complex64_complex64
5504191680,2656,379104,35,1,1,128,1,1,16,0.000,0.000,,,,,NVIDIA A100-SXM4-40GB MIG 4g.20gb (0),1,,13,cupy_copy__complex64_complex64
5504210656,1920,379111,1,1,1,1,1,1,18,0.000,0.000,,,,,NVIDIA A100-SXM4-40GB MIG 4g.20gb (0),1,,13,cupy_copy__float32_float32
5504338975,87391,379122,1,1,1,32,32,1,30,0.000,0.000,,,,,NVIDIA A100-SXM4-40GB MIG 4g.20gb (0),1,,13,"void convert_kernel<__half2, float2>(tensor_layout_any, T1 *, tensor_layout_any, const T2 *)"
5504453949,5504,379125,,,,,,,,,,0.094,17023.251,Pinned,Device,NVIDIA A100-SXM4-40GB MIG 4g.20gb (0),1,,13,[CUDA memcpy Host-to-Device]
5504468349,3264,379126,,,,,,,,,,1.547,473842.288,Device,,NVIDIA A100-SXM4-40GB MIG 4g.20gb (0),1,,13,[CUDA memset]
5504475197,3040,379131,,,,,,,,,,0.031,10294.725,Pinned,Device,NVIDIA A100-SXM4-40GB MIG 4g.20gb (0),1,,13,[CUDA memcpy Host-to-Device]
5504480861,9856,379132,,,,,,,,,,0.197,19948.044,Pinned,Device,NVIDIA A100-SXM4-40GB MIG 4g.20gb (0),1,,13,[CUDA memcpy Host-to-Device]
5504495389,6432,379133,273,1,1,8,4,1,39,0.002,0.000,,,,,NVIDIA A100-SXM4-40GB MIG 4g.20gb (0),1,,13,"void channel_eq::eqMmseCoefCompLowMimoKernel<float, float, float, (unsigned int)4, (unsigned int)1, (unsigned int)4>(const channel_eq::_puschRxChEqStatDescr *, channel_eq::_puschRxChEqCoefCompDynDescr)"
5504502909,6464,379134,273,1,1,12,11,1,51,0.002,0.000,,,,,NVIDIA A100-SXM4-40GB MIG 4g.20gb (0),1,,13,"void channel_eq::eqMmseSoftDemapKernel<float, __half, __half, float, (unsigned int)4, (unsigned short)16383>(channel_eq::_puschRxChEqStatDescr *, channel_eq::_puschRxChEqSoftDemapDynDescr)"
5504510333,282748,379135,1,1,1,32,32,1,30,0.000,0.000,,,,,NVIDIA A100-SXM4-40GB MIG 4g.20gb (0),1,,13,"void convert_kernel<float2, __half2>(tensor_layout_any, T1 *, tensor_layout_any, const T2 *)"
5504797465,11200,379147,2253,1,1,128,1,1,16,0.000,0.000,,,,,NVIDIA A100-SXM4-40GB MIG 4g.20gb (0),1,,13,cupy_copy__float16_float16
5504813113,3776,379156,282,1,1,128,1,1,16,0.000,0.000,,,,,NVIDIA A100-SXM4-40GB MIG 4g.20gb (0),1,,13,cupy_copy__complex64_complex64
5504818137,2048,379165,26,1,1,128,1,1,16,0.000,0.000,,,,,NVIDIA A100-SXM4-40GB MIG 4g.20gb (0),1,,13,cupy_copy__float32_float32
5504822937,3072,379174,103,1,1,128,1,1,16,0.000,0.000,,,,,NVIDIA A100-SXM4-40GB MIG 4g.20gb (0),1,,13,cupy_copy__complex64_complex64
5504827001,12031,379184,1434,1,1,128,1,1,16,0.000,0.000,,,,,NVIDIA A100-SXM4-40GB MIG 4g.20gb (0),1,,13,cupy_copy__complex64_complex64
5504846744,82047,379189,1,1,1,32,32,1,30,0.000,0.000,,,,,NVIDIA A100-SXM4-40GB MIG 4g.20gb (0),1,,13,"void convert_kernel<__half2, float2>(tensor_layout_any, T1 *, tensor_layout_any, const T2 *)"
5504955735,5600,379192,,,,,,,,,,0.094,16731.388,Pinned,Device,NVIDIA A100-SXM4-40GB MIG 4g.20gb (0),1,,13,[CUDA memcpy Host-to-Device]
5504965623,597177,379193,,,,,,,,,,456.561,764283.851,Device,,NVIDIA A100-SXM4-40GB MIG 4g.20gb (0),1,,13,[CUDA memset]
5505571599,143967,379198,,,,,,,,,,1.235,8577.921,Pinned,Device,NVIDIA A100-SXM4-40GB MIG 4g.20gb (0),1,,13,[CUDA memcpy Host-to-Device]
5505727886,41055,379199,,,,,,,,,,0.197,4788.781,Pinned,Device,NVIDIA A100-SXM4-40GB MIG 4g.20gb (0),1,,13,[CUDA memcpy Host-to-Device]
5505799053,8256,379200,69,4,1,48,1,1,76,0.002,0.000,,,,,NVIDIA A100-SXM4-40GB MIG 4g.20gb (0),1,,13,"void ch_est::windowedChEstPreNoDftSOfdmKernel<float, __half, float, (unsigned int)2, (unsigned int)1, (unsigned short)4>(ch_est::puschRxChEstStatDescr_t *, ch_est::puschRxChEstDynDescr_t *)"
5505818444,6816,379201,137,2,1,24,2,1,44,0.001,0.001,,,,,NVIDIA A100-SXM4-40GB MIG 4g.20gb (0),1,,13,"void ch_est::chEstFilterNoDftSOfdmDispatchKernel<float, __half, float, (unsigned int)2>(ch_est::puschRxChEstStatDescr_t *, ch_est::puschRxChEstDynDescr_t *)"
5505834956,4768,379202,137,2,1,24,2,1,44,0.001,0.001,,,,,NVIDIA A100-SXM4-40GB MIG 4g.20gb (0),1,,13,"void ch_est::chEstFilterNoDftSOfdmDispatchKernel<float, __half, float, (unsigned int)2>(ch_est::puschRxChEstStatDescr_t *, ch_est::puschRxChEstDynDescr_t *)"
5505851596,2496,379213,103,1,1,128,1,1,16,0.000,0.000,,,,,NVIDIA A100-SXM4-40GB MIG 4g.20gb (0),1,,13,cupy_copy__complex64_complex64
5505869004,12672,379223,1434,1,1,128,1,1,16,0.000,0.000,,,,,NVIDIA A100-SXM4-40GB MIG 4g.20gb (0),1,,13,cupy_copy__complex64_complex64
5505888236,2943,379230,103,1,1,128,1,1,16,0.000,0.000,,,,,NVIDIA A100-SXM4-40GB MIG 4g.20gb (0),1,,13,cupy_copy__complex64_complex64
5505909259,97407,379237,1,1,1,32,32,1,30,0.000,0.000,,,,,NVIDIA A100-SXM4-40GB MIG 4g.20gb (0),1,,13,"void convert_kernel<__half2, float2>(tensor_layout_any, T1 *, tensor_layout_any, const T2 *)"
5506039050,20415,379240,,,,,,,,,,0.094,4589.511,Pinned,Device,NVIDIA A100-SXM4-40GB MIG 4g.20gb (0),1,,13,[CUDA memcpy Host-to-Device]
5506071881,47584,379241,,,,,,,,,,35.810,752545.469,Device,,NVIDIA A100-SXM4-40GB MIG 4g.20gb (0),1,,13,[CUDA memset]
5506127849,7679,379243,,,,,,,,,,0.000,10.418,Pinned,Device,NVIDIA A100-SXM4-40GB MIG 4g.20gb (0),1,,13,[CUDA memcpy Host-to-Device]
5506145288,26016,379244,,,,,,,,,,0.197,7557.022,Pinned,Device,NVIDIA A100-SXM4-40GB MIG 4g.20gb (0),1,,13,[CUDA memcpy Host-to-Device]
5506195816,9760,379245,273,1,1,48,1,1,40,0.000,0.001,,,,,NVIDIA A100-SXM4-40GB MIG 4g.20gb (0),1,,13,"void pusch_noise_intf_est::noiseIntfEstNoDftSOfdmKernel<float, __half, float, float, (unsigned int)2, (unsigned int)1, (unsigned char)4, (unsigned char)4>(pusch_noise_intf_est::puschRxNoiseIntfEstDynDescr)"
5506210824,2912,379256,35,1,1,128,1,1,16,0.000,0.000,,,,,NVIDIA A100-SXM4-40GB MIG 4g.20gb (0),1,,13,cupy_copy__complex64_complex64
5506225543,1696,379265,1,1,1,1,1,1,18,0.000,0.000,,,,,NVIDIA A100-SXM4-40GB MIG 4g.20gb (0),1,,13,cupy_copy__float32_float32
5506228455,6880,379271,,,,,,,,,,0.000,0.581,Device,Pageable,NVIDIA A100-SXM4-40GB MIG 4g.20gb (0),1,,7,[CUDA memcpy Device-to-Host]
5506323654,12640,379282,1434,1,1,128,1,1,16,0.000,0.000,,,,,NVIDIA A100-SXM4-40GB MIG 4g.20gb (0),1,,13,cupy_copy__complex64_complex64
5506346758,2816,379289,103,1,1,128,1,1,16,0.000,0.000,,,,,NVIDIA A100-SXM4-40GB MIG 4g.20gb (0),1,,13,cupy_copy__complex64_complex64
5506366758,2560,379296,35,1,1,128,1,1,16,0.000,0.000,,,,,NVIDIA A100-SXM4-40GB MIG 4g.20gb (0),1,,13,cupy_copy__complex64_complex64
5506384165,1696,379303,1,1,1,1,1,1,18,0.000,0.000,,,,,NVIDIA A100-SXM4-40GB MIG 4g.20gb (0),1,,13,cupy_copy__float32_float32
5506504452,83135,379314,1,1,1,32,32,1,30,0.000,0.000,,,,,NVIDIA A100-SXM4-40GB MIG 4g.20gb (0),1,,13,"void convert_kernel<__half2, float2>(tensor_layout_any, T1 *, tensor_layout_any, const T2 *)"
5506618307,11711,379317,,,,,,,,,,0.094,8000.608,Pinned,Device,NVIDIA A100-SXM4-40GB MIG 4g.20gb (0),1,,13,[CUDA memcpy Host-to-Device]
5506637378,3488,379318,,,,,,,,,,1.547,443412.461,Device,,NVIDIA A100-SXM4-40GB MIG 4g.20gb (0),1,,13,[CUDA memset]
5506646242,6368,379323,,,,,,,,,,0.031,4914.567,Pinned,Device,NVIDIA A100-SXM4-40GB MIG 4g.20gb (0),1,,13,[CUDA memcpy Host-to-Device]
5506659778,13728,379324,,,,,,,,,,0.197,14321.517,Pinned,Device,NVIDIA A100-SXM4-40GB MIG 4g.20gb (0),1,,13,[CUDA memcpy Host-to-Device]
5506683394,6464,379325,273,1,1,8,4,1,39,0.002,0.000,,,,,NVIDIA A100-SXM4-40GB MIG 4g.20gb (0),1,,13,"void channel_eq::eqMmseCoefCompLowMimoKernel<float, float, float, (unsigned int)4, (unsigned int)1, (unsigned int)4>(const channel_eq::_puschRxChEqStatDescr *, channel_eq::_puschRxChEqCoefCompDynDescr)"
5506692738,5504,379326,273,1,1,12,11,1,51,0.002,0.000,,,,,NVIDIA A100-SXM4-40GB MIG 4g.20gb (0),1,,13,"void channel_eq::eqMmseSoftDemapKernel<float, __half, __half, float, (unsigned int)4, (unsigned short)16383>(channel_eq::_puschRxChEqStatDescr *, channel_eq::_puschRxChEqSoftDemapDynDescr)"
5506701602,282716,379327,1,1,1,32,32,1,30,0.000,0.000,,,,,NVIDIA A100-SXM4-40GB MIG 4g.20gb (0),1,,13,"void convert_kernel<float2, __half2>(tensor_layout_any, T1 *, tensor_layout_any, const T2 *)"
5506986494,11040,379339,2253,1,1,128,1,1,16,0.000,0.000,,,,,NVIDIA A100-SXM4-40GB MIG 4g.20gb (0),1,,13,cupy_copy__float16_float16
5507000094,3072,379348,282,1,1,128,1,1,16,0.000,0.000,,,,,NVIDIA A100-SXM4-40GB MIG 4g.20gb (0),1,,13,cupy_copy__complex64_complex64
5507006046,2144,379357,26,1,1,128,1,1,16,0.000,0.000,,,,,NVIDIA A100-SXM4-40GB MIG 4g.20gb (0),1,,13,cupy_copy__float32_float32
5507011390,2880,379366,103,1,1,128,1,1,16,0.000,0.000,,,,,NVIDIA A100-SXM4-40GB MIG 4g.20gb (0),1,,13,cupy_copy__complex64_complex64
5507016254,12127,379376,1434,1,1,128,1,1,16,0.000,0.000,,,,,NVIDIA A100-SXM4-40GB MIG 4g.20gb (0),1,,13,cupy_copy__complex64_complex64
5507029693,82367,379381,1,1,1,32,32,1,30,0.000,0.000,,,,,NVIDIA A100-SXM4-40GB MIG 4g.20gb (0),1,,13,"void convert_kernel<__half2, float2>(tensor_layout_any, T1 *, tensor_layout_any, const T2 *)"
5507138876,5632,379384,,,,,,,,,,0.094,16636.287,Pinned,Device,NVIDIA A100-SXM4-40GB MIG 4g.20gb (0),1,,13,[CUDA memcpy Host-to-Device]
5507148284,597433,379385,,,,,,,,,,456.561,763827.289,Device,,NVIDIA A100-SXM4-40GB MIG 4g.20gb (0),1,,13,[CUDA memset]
5507755061,100542,379390,,,,,,,,,,1.235,12282.753,Pinned,Device,NVIDIA A100-SXM4-40GB MIG 4g.20gb (0),1,,13,[CUDA memcpy Host-to-Device]
5507862387,19168,379391,,,,,,,,,,0.197,10257.039,Pinned,Device,NVIDIA A100-SXM4-40GB MIG 4g.20gb (0),1,,13,[CUDA memcpy Host-to-Device]
5507896979,8704,379392,69,4,1,48,1,1,76,0.002,0.000,,,,,NVIDIA A100-SXM4-40GB MIG 4g.20gb (0),1,,13,"void ch_est::windowedChEstPreNoDftSOfdmKernel<float, __half, float, (unsigned int)2, (unsigned int)1, (unsigned short)4>(ch_est::puschRxChEstStatDescr_t *, ch_est::puschRxChEstDynDescr_t *)"
5507911923,8159,379393,137,2,1,24,2,1,44,0.001,0.001,,,,,NVIDIA A100-SXM4-40GB MIG 4g.20gb (0),1,,13,"void ch_est::chEstFilterNoDftSOfdmDispatchKernel<float, __half, float, (unsigned int)2>(ch_est::puschRxChEstStatDescr_t *, ch_est::puschRxChEstDynDescr_t *)"
5507926770,5248,379394,137,2,1,24,2,1,44,0.001,0.001,,,,,NVIDIA A100-SXM4-40GB MIG 4g.20gb (0),1,,13,"void ch_est::chEstFilterNoDftSOfdmDispatchKernel<float, __half, float, (unsigned int)2>(ch_est::puschRxChEstStatDescr_t *, ch_est::puschRxChEstDynDescr_t *)"
5507934322,3168,379405,103,1,1,128,1,1,16,0.000,0.000,,,,,NVIDIA A100-SXM4-40GB MIG 4g.20gb (0),1,,13,cupy_copy__complex64_complex64
5507942034,13152,379415,1434,1,1,128,1,1,16,0.000,0.000,,,,,NVIDIA A100-SXM4-40GB MIG 4g.20gb (0),1,,13,cupy_copy__complex64_complex64
5507958290,3136,379422,103,1,1,128,1,1,16,0.000,0.000,,,,,NVIDIA A100-SXM4-40GB MIG 4g.20gb (0),1,,13,cupy_copy__complex64_complex64
5507966962,82879,379429,1,1,1,32,32,1,30,0.000,0.000,,,,,NVIDIA A100-SXM4-40GB MIG 4g.20gb (0),1,,13,"void convert_kernel<__half2, float2>(tensor_layout_any, T1 *, tensor_layout_any, const T2 *)"
5508079025,13375,379432,,,,,,,,,,0.094,7005.275,Pinned,Device,NVIDIA A100-SXM4-40GB MIG 4g.20gb (0),1,,13,[CUDA memcpy Host-to-Device]
5508096848,47968,379433,,,,,,,,,,35.810,746529.402,Device,,NVIDIA A100-SXM4-40GB MIG 4g.20gb (0),1,,13,[CUDA memset]
5508152528,3040,379435,,,,,,,,,,0.000,26.316,Pinned,Device,NVIDIA A100-SXM4-40GB MIG 4g.20gb (0),1,,13,[CUDA memcpy Host-to-Device]
5508160208,21151,379436,,,,,,,,,,0.197,9295.430,Pinned,Device,NVIDIA A100-SXM4-40GB MIG 4g.20gb (0),1,,13,[CUDA memcpy Host-to-Device]
5508198255,11488,379437,273,1,1,48,1,1,40,0.000,0.001,,,,,NVIDIA A100-SXM4-40GB MIG 4g.20gb (0),1,,13,"void pusch_noise_intf_est::noiseIntfEstNoDftSOfdmKernel<float, __half, float, float, (unsigned int)2, (unsigned int)1, (unsigned char)4, (unsigned char)4>(pusch_noise_intf_est::puschRxNoiseIntfEstDynDescr)"
5508220943,2560,379448,35,1,1,128,1,1,16,0.000,0.000,,,,,NVIDIA A100-SXM4-40GB MIG 4g.20gb (0),1,,13,cupy_copy__complex64_complex64
5508232111,1984,379457,1,1,1,1,1,1,18,0.000,0.000,,,,,NVIDIA A100-SXM4-40GB MIG 4g.20gb (0),1,,13,cupy_copy__float32_float32
5508239503,3392,379463,,,,,,,,,,0.000,1.179,Device,Pageable,NVIDIA A100-SXM4-40GB MIG 4g.20gb (0),1,,7,[CUDA memcpy Device-to-Host]
5508316622,12799,379474,1434,1,1,128,1,1,16,0.000,0.000,,,,,NVIDIA A100-SXM4-40GB MIG 4g.20gb (0),1,,13,cupy_copy__complex64_complex64
5508344013,3456,379481,103,1,1,128,1,1,16,0.000,0.000,,,,,NVIDIA A100-SXM4-40GB MIG 4g.20gb (0),1,,13,cupy_copy__complex64_complex64
5508364973,2592,379488,35,1,1,128,1,1,16,0.000,0.000,,,,,NVIDIA A100-SXM4-40GB MIG 4g.20gb (0),1,,13,cupy_copy__complex64_complex64
5508383437,1856,379495,1,1,1,1,1,1,18,0.000,0.000,,,,,NVIDIA A100-SXM4-40GB MIG 4g.20gb (0),1,,13,cupy_copy__float32_float32
5508503211,82303,379506,1,1,1,32,32,1,30,0.000,0.000,,,,,NVIDIA A100-SXM4-40GB MIG 4g.20gb (0),1,,13,"void convert_kernel<__half2, float2>(tensor_layout_any, T1 *, tensor_layout_any, const T2 *)"
5508612810,5792,379509,,,,,,,,,,0.094,16176.708,Pinned,Device,NVIDIA A100-SXM4-40GB MIG 4g.20gb (0),1,,13,[CUDA memcpy Host-to-Device]
5508627626,3200,379510,,,,,,,,,,1.547,483320.000,Device,,NVIDIA A100-SXM4-40GB MIG 4g.20gb (0),1,,13,[CUDA memset]
5508634186,3136,379515,,,,,,,,,,0.031,9979.575,Pinned,Device,NVIDIA A100-SXM4-40GB MIG 4g.20gb (0),1,,13,[CUDA memcpy Host-to-Device]
5508639754,9696,379516,,,,,,,,,,0.197,20277.166,Pinned,Device,NVIDIA A100-SXM4-40GB MIG 4g.20gb (0),1,,13,[CUDA memcpy Host-to-Device]
5508653897,6400,379517,273,1,1,8,4,1,39,0.002,0.000,,,,,NVIDIA A100-SXM4-40GB MIG 4g.20gb (0),1,,13,"void channel_eq::eqMmseCoefCompLowMimoKernel<float, float, float, (unsigned int)4, (unsigned int)1, (unsigned int)4>(const channel_eq::_puschRxChEqStatDescr *, channel_eq::_puschRxChEqCoefCompDynDescr)"
5508661769,6176,379518,273,1,1,12,11,1,51,0.002,0.000,,,,,NVIDIA A100-SXM4-40GB MIG 4g.20gb (0),1,,13,"void channel_eq::eqMmseSoftDemapKernel<float, __half, __half, float, (unsigned int)4, (unsigned short)16383>(channel_eq::_puschRxChEqStatDescr *, channel_eq::_puschRxChEqSoftDemapDynDescr)"
5508669001,283101,379519,1,1,1,32,32,1,30,0.000,0.000,,,,,NVIDIA A100-SXM4-40GB MIG 4g.20gb (0),1,,13,"void convert_kernel<float2, __half2>(tensor_layout_any, T1 *, tensor_layout_any, const T2 *)"
5508953062,11072,379531,2253,1,1,128,1,1,16,0.000,0.000,,,,,NVIDIA A100-SXM4-40GB MIG 4g.20gb (0),1,,13,cupy_copy__float16_float16
5508967046,3712,379540,282,1,1,128,1,1,16,0.000,0.000,,,,,NVIDIA A100-SXM4-40GB MIG 4g.20gb (0),1,,13,cupy_copy__complex64_complex64
5508971974,2048,379549,26,1,1,128,1,1,16,0.000,0.000,,,,,NVIDIA A100-SXM4-40GB MIG 4g.20gb (0),1,,13,cupy_copy__float32_float32
5508975653,4576,379558,103,1,1,128,1,1,16,0.000,0.000,,,,,NVIDIA A100-SXM4-40GB MIG 4g.20gb (0),1,,13,cupy_copy__complex64_complex64
5508983237,12608,379568,1434,1,1,128,1,1,16,0.000,0.000,,,,,NVIDIA A100-SXM4-40GB MIG 4g.20gb (0),1,,13,cupy_copy__complex64_complex64
5509001381,81855,379573,1,1,1,32,32,1,30,0.000,0.000,,,,,NVIDIA A100-SXM4-40GB MIG 4g.20gb (0),1,,13,"void convert_kernel<__half2, float2>(tensor_layout_any, T1 *, tensor_layout_any, const T2 *)"
5509109988,5600,379576,,,,,,,,,,0.094,16731.388,Pinned,Device,NVIDIA A100-SXM4-40GB MIG 4g.20gb (0),1,,13,[CUDA memcpy Host-to-Device]
5509119428,597720,379577,,,,,,,,,,456.561,763827.289,Device,,NVIDIA A100-SXM4-40GB MIG 4g.20gb (0),1,,13,[CUDA memset]
5509721212,129919,379582,,,,,,,,,,1.235,9505.364,Pinned,Device,NVIDIA A100-SXM4-40GB MIG 4g.20gb (0),1,,13,[CUDA memcpy Host-to-Device]
5509858939,30655,379583,,,,,,,,,,0.197,6413.550,Pinned,Device,NVIDIA A100-SXM4-40GB MIG 4g.20gb (0),1,,13,[CUDA memcpy Host-to-Device]
5509909914,8256,379584,69,4,1,48,1,1,76,0.002,0.000,,,,,NVIDIA A100-SXM4-40GB MIG 4g.20gb (0),1,,13,"void ch_est::windowedChEstPreNoDftSOfdmKernel<float, __half, float, (unsigned int)2, (unsigned int)1, (unsigned short)4>(ch_est::puschRxChEstStatDescr_t *, ch_est::puschRxChEstDynDescr_t *)"
5509925786,6560,379585,137,2,1,24,2,1,44,0.001,0.001,,,,,NVIDIA A100-SXM4-40GB MIG 4g.20gb (0),1,,13,"void ch_est::chEstFilterNoDftSOfdmDispatchKernel<float, __half, float, (unsigned int)2>(ch_est::puschRxChEstStatDescr_t *, ch_est::puschRxChEstDynDescr_t *)"
5509941594,4928,379586,137,2,1,24,2,1,44,0.001,0.001,,,,,NVIDIA A100-SXM4-40GB MIG 4g.20gb (0),1,,13,"void ch_est::chEstFilterNoDftSOfdmDispatchKernel<float, __half, float, (unsigned int)2>(ch_est::puschRxChEstStatDescr_t *, ch_est::puschRxChEstDynDescr_t *)"
5509954713,2688,379597,103,1,1,128,1,1,16,0.000,0.000,,,,,NVIDIA A100-SXM4-40GB MIG 4g.20gb (0),1,,13,cupy_copy__complex64_complex64
5509967705,12576,379607,1434,1,1,128,1,1,16,0.000,0.000,,,,,NVIDIA A100-SXM4-40GB MIG 4g.20gb (0),1,,13,cupy_copy__complex64_complex64
5509997817,2496,379614,103,1,1,128,1,1,16,0.000,0.000,,,,,NVIDIA A100-SXM4-40GB MIG 4g.20gb (0),1,,13,cupy_copy__complex64_complex64
5510016345,90431,379621,1,1,1,32,32,1,30,0.000,0.000,,,,,NVIDIA A100-SXM4-40GB MIG 4g.20gb (0),1,,13,"void convert_kernel<__half2, float2>(tensor_layout_any, T1 *, tensor_layout_any, const T2 *)"
5510133943,6368,379624,,,,,,,,,,0.094,14713.551,Pinned,Device,NVIDIA A100-SXM4-40GB MIG 4g.20gb (0),1,,13,[CUDA memcpy Host-to-Device]
5510148343,46303,379625,,,,,,,,,,35.810,773351.032,Device,,NVIDIA A100-SXM4-40GB MIG 4g.20gb (0),1,,13,[CUDA memset]
5510201526,3712,379627,,,,,,,,,,0.000,21.552,Pinned,Device,NVIDIA A100-SXM4-40GB MIG 4g.20gb (0),1,,13,[CUDA memcpy Host-to-Device]
5510209718,11424,379628,,,,,,,,,,0.197,17210.081,Pinned,Device,NVIDIA A100-SXM4-40GB MIG 4g.20gb (0),1,,13,[CUDA memcpy Host-to-Device]
5510228086,9920,379629,273,1,1,48,1,1,40,0.000,0.001,,,,,NVIDIA A100-SXM4-40GB MIG 4g.20gb (0),1,,13,"void pusch_noise_intf_est::noiseIntfEstNoDftSOfdmKernel<float, __half, float, float, (unsigned int)2, (unsigned int)1, (unsigned char)4, (unsigned char)4>(pusch_noise_intf_est::puschRxNoiseIntfEstDynDescr)"
5510240950,2976,379640,35,1,1,128,1,1,16,0.000,0.000,,,,,NVIDIA A100-SXM4-40GB MIG 4g.20gb (0),1,,13,cupy_copy__complex64_complex64
5510255798,1888,379649,1,1,1,1,1,1,18,0.000,0.000,,,,,NVIDIA A100-SXM4-40GB MIG 4g.20gb (0),1,,13,cupy_copy__float32_float32
5510288661,1920,379655,,,,,,,,,,0.000,2.083,Device,Pageable,NVIDIA A100-SXM4-40GB MIG 4g.20gb (0),1,,7,[CUDA memcpy Device-to-Host]
5510347413,12671,379666,1434,1,1,128,1,1,16,0.000,0.000,,,,,NVIDIA A100-SXM4-40GB MIG 4g.20gb (0),1,,13,cupy_copy__complex64_complex64
5510376756,2656,379673,103,1,1,128,1,1,16,0.000,0.000,,,,,NVIDIA A100-SXM4-40GB MIG 4g.20gb (0),1,,13,cupy_copy__complex64_complex64
5510394900,2656,379680,35,1,1,128,1,1,16,0.000,0.000,,,,,NVIDIA A100-SXM4-40GB MIG 4g.20gb (0),1,,13,cupy_copy__complex64_complex64
5510412116,1984,379687,1,1,1,1,1,1,18,0.000,0.000,,,,,NVIDIA A100-SXM4-40GB MIG 4g.20gb (0),1,,13,cupy_copy__float32_float32
5510543250,82527,379698,1,1,1,32,32,1,30,0.000,0.000,,,,,NVIDIA A100-SXM4-40GB MIG 4g.20gb (0),1,,13,"void convert_kernel<__half2, float2>(tensor_layout_any, T1 *, tensor_layout_any, const T2 *)"
5510652881,5472,379701,,,,,,,,,,0.094,17122.757,Pinned,Device,NVIDIA A100-SXM4-40GB MIG 4g.20gb (0),1,,13,[CUDA memcpy Host-to-Device]
5510667281,3648,379702,,,,,,,,,,1.547,423963.664,Device,,NVIDIA A100-SXM4-40GB MIG 4g.20gb (0),1,,13,[CUDA memset]
5510673297,3360,379707,,,,,,,,,,0.031,9314.284,Pinned,Device,NVIDIA A100-SXM4-40GB MIG 4g.20gb (0),1,,13,[CUDA memcpy Host-to-Device]
5510679281,9407,379708,,,,,,,,,,0.197,20900.020,Pinned,Device,NVIDIA A100-SXM4-40GB MIG 4g.20gb (0),1,,13,[CUDA memcpy Host-to-Device]
5510695376,6304,379709,273,1,1,8,4,1,39,0.002,0.000,,,,,NVIDIA A100-SXM4-40GB MIG 4g.20gb (0),1,,13,"void channel_eq::eqMmseCoefCompLowMimoKernel<float, float, float, (unsigned int)4, (unsigned int)1, (unsigned int)4>(const channel_eq::_puschRxChEqStatDescr *, channel_eq::_puschRxChEqCoefCompDynDescr)"
5510702672,6240,379710,273,1,1,12,11,1,51,0.002,0.000,,,,,NVIDIA A100-SXM4-40GB MIG 4g.20gb (0),1,,13,"void channel_eq::eqMmseSoftDemapKernel<float, __half, __half, float, (unsigned int)4, (unsigned short)16383>(channel_eq::_puschRxChEqStatDescr *, channel_eq::_puschRxChEqSoftDemapDynDescr)"
5510710064,282557,379711,1,1,1,32,32,1,30,0.000,0.000,,,,,NVIDIA A100-SXM4-40GB MIG 4g.20gb (0),1,,13,"void convert_kernel<float2, __half2>(tensor_layout_any, T1 *, tensor_layout_any, const T2 *)"
5510993581,10943,379723,2253,1,1,128,1,1,16,0.000,0.000,,,,,NVIDIA A100-SXM4-40GB MIG 4g.20gb (0),1,,13,cupy_copy__float16_float16
5511006796,3840,379732,282,1,1,128,1,1,16,0.000,0.000,,,,,NVIDIA A100-SXM4-40GB MIG 4g.20gb (0),1,,13,cupy_copy__complex64_complex64
5511014796,2016,379741,26,1,1,128,1,1,16,0.000,0.000,,,,,NVIDIA A100-SXM4-40GB MIG 4g.20gb (0),1,,13,cupy_copy__float32_float32
5511021132,4832,379750,103,1,1,128,1,1,16,0.000,0.000,,,,,NVIDIA A100-SXM4-40GB MIG 4g.20gb (0),1,,13,cupy_copy__complex64_complex64
5511027820,12640,379760,1434,1,1,128,1,1,16,0.000,0.000,,,,,NVIDIA A100-SXM4-40GB MIG 4g.20gb (0),1,,13,cupy_copy__complex64_complex64
5511057772,82399,379765,1,1,1,32,32,1,30,0.000,0.000,,,,,NVIDIA A100-SXM4-40GB MIG 4g.20gb (0),1,,13,"void convert_kernel<__half2, float2>(tensor_layout_any, T1 *, tensor_layout_any, const T2 *)"
5511167850,5856,379768,,,,,,,,,,0.094,15999.997,Pinned,Device,NVIDIA A100-SXM4-40GB MIG 4g.20gb (0),1,,13,[CUDA memcpy Host-to-Device]
5511178986,596473,379769,,,,,,,,,,456.561,765196.973,Device,,NVIDIA A100-SXM4-40GB MIG 4g.20gb (0),1,,13,[CUDA memset]
5511783299,149374,379774,,,,,,,,,,1.235,8266.715,Pinned,Device,NVIDIA A100-SXM4-40GB MIG 4g.20gb (0),1,,13,[CUDA memcpy Host-to-Device]
5511945377,40031,379775,,,,,,,,,,0.197,4911.268,Pinned,Device,NVIDIA A100-SXM4-40GB MIG 4g.20gb (0),1,,13,[CUDA memcpy Host-to-Device]
5512019424,7712,379776,69,4,1,48,1,1,76,0.002,0.000,,,,,NVIDIA A100-SXM4-40GB MIG 4g.20gb (0),1,,13,"void ch_est::windowedChEstPreNoDftSOfdmKernel<float, __half, float, (unsigned int)2, (unsigned int)1, (unsigned short)4>(ch_est::puschRxChEstStatDescr_t *, ch_est::puschRxChEstDynDescr_t *)"
5512039008,6304,379777,137,2,1,24,2,1,44,0.001,0.001,,,,,NVIDIA A100-SXM4-40GB MIG 4g.20gb (0),1,,13,"void ch_est::chEstFilterNoDftSOfdmDispatchKernel<float, __half, float, (unsigned int)2>(ch_est::puschRxChEstStatDescr_t *, ch_est::puschRxChEstDynDescr_t *)"
5512058080,4799,379778,137,2,1,24,2,1,44,0.001,0.001,,,,,NVIDIA A100-SXM4-40GB MIG 4g.20gb (0),1,,13,"void ch_est::chEstFilterNoDftSOfdmDispatchKernel<float, __half, float, (unsigned int)2>(ch_est::puschRxChEstStatDescr_t *, ch_est::puschRxChEstDynDescr_t *)"
5512074911,2656,379789,103,1,1,128,1,1,16,0.000,0.000,,,,,NVIDIA A100-SXM4-40GB MIG 4g.20gb (0),1,,13,cupy_copy__complex64_complex64
5512090527,12736,379799,1434,1,1,128,1,1,16,0.000,0.000,,,,,NVIDIA A100-SXM4-40GB MIG 4g.20gb (0),1,,13,cupy_copy__complex64_complex64
5512129631,2624,379806,103,1,1,128,1,1,16,0.000,0.000,,,,,NVIDIA A100-SXM4-40GB MIG 4g.20gb (0),1,,13,cupy_copy__complex64_complex64
5512144062,90143,379813,1,1,1,32,32,1,30,0.000,0.000,,,,,NVIDIA A100-SXM4-40GB MIG 4g.20gb (0),1,,13,"void convert_kernel<__half2, float2>(tensor_layout_any, T1 *, tensor_layout_any, const T2 *)"
5512264317,15968,379816,,,,,,,,,,0.094,5867.712,Pinned,Device,NVIDIA A100-SXM4-40GB MIG 4g.20gb (0),1,,13,[CUDA memcpy Host-to-Device]
5512298813,47039,379817,,,,,,,,,,35.810,761247.279,Device,,NVIDIA A100-SXM4-40GB MIG 4g.20gb (0),1,,13,[CUDA memset]
5512350876,7968,379819,,,,,,,,,,0.000,10.040,Pinned,Device,NVIDIA A100-SXM4-40GB MIG 4g.20gb (0),1,,13,[CUDA memcpy Host-to-Device]
5512366460,15936,379820,,,,,,,,,,0.197,12337.349,Pinned,Device,NVIDIA A100-SXM4-40GB MIG 4g.20gb (0),1,,13,[CUDA memcpy Host-to-Device]
5512390747,9888,379821,273,1,1,48,1,1,40,0.000,0.001,,,,,NVIDIA A100-SXM4-40GB MIG 4g.20gb (0),1,,13,"void pusch_noise_intf_est::noiseIntfEstNoDftSOfdmKernel<float, __half, float, float, (unsigned int)2, (unsigned int)1, (unsigned char)4, (unsigned char)4>(pusch_noise_intf_est::puschRxNoiseIntfEstDynDescr)"
5512405883,2752,379832,35,1,1,128,1,1,16,0.000,0.000,,,,,NVIDIA A100-SXM4-40GB MIG 4g.20gb (0),1,,13,cupy_copy__complex64_complex64
5512411163,1920,379841,1,1,1,1,1,1,18,0.000,0.000,,,,,NVIDIA A100-SXM4-40GB MIG 4g.20gb (0),1,,13,cupy_copy__float32_float32
5512415387,2656,379847,,,,,,,,,,0.000,1.506,Device,Pageable,NVIDIA A100-SXM4-40GB MIG 4g.20gb (0),1,,7,[CUDA memcpy Device-to-Host]
5512479002,13088,379858,1434,1,1,128,1,1,16,0.000,0.000,,,,,NVIDIA A100-SXM4-40GB MIG 4g.20gb (0),1,,13,cupy_copy__complex64_complex64
5512504986,2976,379865,103,1,1,128,1,1,16,0.000,0.000,,,,,NVIDIA A100-SXM4-40GB MIG 4g.20gb (0),1,,13,cupy_copy__complex64_complex64
5512526298,2656,379872,35,1,1,128,1,1,16,0.000,0.000,,,,,NVIDIA A100-SXM4-40GB MIG 4g.20gb (0),1,,13,cupy_copy__complex64_complex64
5512547193,1888,379879,1,1,1,1,1,1,18,0.000,0.000,,,,,NVIDIA A100-SXM4-40GB MIG 4g.20gb (0),1,,13,cupy_copy__float32_float32
5512676088,82111,379890,1,1,1,32,32,1,30,0.000,0.000,,,,,NVIDIA A100-SXM4-40GB MIG 4g.20gb (0),1,,13,"void convert_kernel<__half2, float2>(tensor_layout_any, T1 *, tensor_layout_any, const T2 *)"
5512785719,5599,379893,,,,,,,,,,0.094,16734.387,Pinned,Device,NVIDIA A100-SXM4-40GB MIG 4g.20gb (0),1,,13,[CUDA memcpy Host-to-Device]
5512800022,3296,379894,,,,,,,,,,1.547,469242.628,Device,,NVIDIA A100-SXM4-40GB MIG 4g.20gb (0),1,,13,[CUDA memset]
5512806998,3200,379899,,,,,,,,,,0.031,9780.000,Pinned,Device,NVIDIA A100-SXM4-40GB MIG 4g.20gb (0),1,,13,[CUDA memcpy Host-to-Device]
5512813110,9440,379900,,,,,,,,,,0.197,20827.079,Pinned,Device,NVIDIA A100-SXM4-40GB MIG 4g.20gb (0),1,,13,[CUDA memcpy Host-to-Device]
5512827766,6528,379901,273,1,1,8,4,1,39,0.002,0.000,,,,,NVIDIA A100-SXM4-40GB MIG 4g.20gb (0),1,,13,"void channel_eq::eqMmseCoefCompLowMimoKernel<float, float, float, (unsigned int)4, (unsigned int)1, (unsigned int)4>(const channel_eq::_puschRxChEqStatDescr *, channel_eq::_puschRxChEqCoefCompDynDescr)"
5512837046,6336,379902,273,1,1,12,11,1,51,0.002,0.000,,,,,NVIDIA A100-SXM4-40GB MIG 4g.20gb (0),1,,13,"void channel_eq::eqMmseSoftDemapKernel<float, __half, __half, float, (unsigned int)4, (unsigned short)16383>(channel_eq::_puschRxChEqStatDescr *, channel_eq::_puschRxChEqSoftDemapDynDescr)"
5512844662,294524,379903,1,1,1,32,32,1,30,0.000,0.000,,,,,NVIDIA A100-SXM4-40GB MIG 4g.20gb (0),1,,13,"void convert_kernel<float2, __half2>(tensor_layout_any, T1 *, tensor_layout_any, const T2 *)"
5513140786,10944,379915,2253,1,1,128,1,1,16,0.000,0.000,,,,,NVIDIA A100-SXM4-40GB MIG 4g.20gb (0),1,,13,cupy_copy__float16_float16
5513153266,3040,379924,282,1,1,128,1,1,16,0.000,0.000,,,,,NVIDIA A100-SXM4-40GB MIG 4g.20gb (0),1,,13,cupy_copy__complex64_complex64
5513157618,2048,379933,26,1,1,128,1,1,16,0.000,0.000,,,,,NVIDIA A100-SXM4-40GB MIG 4g.20gb (0),1,,13,cupy_copy__float32_float32
5513161074,3072,379942,103,1,1,128,1,1,16,0.000,0.000,,,,,NVIDIA A100-SXM4-40GB MIG 4g.20gb (0),1,,13,cupy_copy__complex64_complex64
5513165170,12160,379952,1434,1,1,128,1,1,16,0.000,0.000,,,,,NVIDIA A100-SXM4-40GB MIG 4g.20gb (0),1,,13,cupy_copy__complex64_complex64
5513179186,87839,379957,1,1,1,32,32,1,30,0.000,0.000,,,,,NVIDIA A100-SXM4-40GB MIG 4g.20gb (0),1,,13,"void convert_kernel<__half2, float2>(tensor_layout_any, T1 *, tensor_layout_any, const T2 *)"
5513294128,5728,379960,,,,,,,,,,0.094,16357.541,Pinned,Device,NVIDIA A100-SXM4-40GB MIG 4g.20gb (0),1,,13,[CUDA memcpy Host-to-Device]
5513305040,599769,379961,,,,,,,,,,456.561,761087.920,Device,,NVIDIA A100-SXM4-40GB MIG 4g.20gb (0),1,,13,[CUDA memset]
5513910409,122686,379966,,,,,,,,,,1.235,10064.794,Pinned,Device,NVIDIA A100-SXM4-40GB MIG 4g.20gb (0),1,,13,[CUDA memcpy Host-to-Device]
5514042247,41216,379967,,,,,,,,,,0.197,4770.103,Pinned,Device,NVIDIA A100-SXM4-40GB MIG 4g.20gb (0),1,,13,[CUDA memcpy Host-to-Device]
5514100998,8160,379968,69,4,1,48,1,1,76,0.002,0.000,,,,,NVIDIA A100-SXM4-40GB MIG 4g.20gb (0),1,,13,"void ch_est::windowedChEstPreNoDftSOfdmKernel<float, __half, float, (unsigned int)2, (unsigned int)1, (unsigned short)4>(ch_est::puschRxChEstStatDescr_t *, ch_est::puschRxChEstDynDescr_t *)"
5514118790,6720,379969,137,2,1,24,2,1,44,0.001,0.001,,,,,NVIDIA A100-SXM4-40GB MIG 4g.20gb (0),1,,13,"void ch_est::chEstFilterNoDftSOfdmDispatchKernel<float, __half, float, (unsigned int)2>(ch_est::puschRxChEstStatDescr_t *, ch_est::puschRxChEstDynDescr_t *)"
5514135910,4736,379970,137,2,1,24,2,1,44,0.001,0.001,,,,,NVIDIA A100-SXM4-40GB MIG 4g.20gb (0),1,,13,"void ch_est::chEstFilterNoDftSOfdmDispatchKernel<float, __half, float, (unsigned int)2>(ch_est::puschRxChEstStatDescr_t *, ch_est::puschRxChEstDynDescr_t *)"
5514152774,2528,379981,103,1,1,128,1,1,16,0.000,0.000,,,,,NVIDIA A100-SXM4-40GB MIG 4g.20gb (0),1,,13,cupy_copy__complex64_complex64
5514172037,12512,379991,1434,1,1,128,1,1,16,0.000,0.000,,,,,NVIDIA A100-SXM4-40GB MIG 4g.20gb (0),1,,13,cupy_copy__complex64_complex64
5514190757,2944,379998,103,1,1,128,1,1,16,0.000,0.000,,,,,NVIDIA A100-SXM4-40GB MIG 4g.20gb (0),1,,13,cupy_copy__complex64_complex64
5514216069,103711,380005,1,1,1,32,32,1,30,0.000,0.000,,,,,NVIDIA A100-SXM4-40GB MIG 4g.20gb (0),1,,13,"void convert_kernel<__half2, float2>(tensor_layout_any, T1 *, tensor_layout_any, const T2 *)"
5514349987,16448,380008,,,,,,,,,,0.094,5696.436,Pinned,Device,NVIDIA A100-SXM4-40GB MIG 4g.20gb (0),1,,13,[CUDA memcpy Host-to-Device]
5514386947,47807,380009,,,,,,,,,,35.810,749036.097,Device,,NVIDIA A100-SXM4-40GB MIG 4g.20gb (0),1,,13,[CUDA memset]
5514437570,10496,380011,,,,,,,,,,0.000,7.622,Pinned,Device,NVIDIA A100-SXM4-40GB MIG 4g.20gb (0),1,,13,[CUDA memcpy Host-to-Device]
5514457186,30176,380012,,,,,,,,,,0.197,6515.196,Pinned,Device,NVIDIA A100-SXM4-40GB MIG 4g.20gb (0),1,,13,[CUDA memcpy Host-to-Device]
5514503137,9216,380013,273,1,1,48,1,1,40,0.000,0.001,,,,,NVIDIA A100-SXM4-40GB MIG 4g.20gb (0),1,,13,"void pusch_noise_intf_est::noiseIntfEstNoDftSOfdmKernel<float, __half, float, float, (unsigned int)2, (unsigned int)1, (unsigned char)4, (unsigned char)4>(pusch_noise_intf_est::puschRxNoiseIntfEstDynDescr)"
5514522593,2752,380024,35,1,1,128,1,1,16,0.000,0.000,,,,,NVIDIA A100-SXM4-40GB MIG 4g.20gb (0),1,,13,cupy_copy__complex64_complex64
5514538817,1760,380033,1,1,1,1,1,1,18,0.000,0.000,,,,,NVIDIA A100-SXM4-40GB MIG 4g.20gb (0),1,,13,cupy_copy__float32_float32
5514543553,7648,380039,,,,,,,,,,0.000,0.523,Device,Pageable,NVIDIA A100-SXM4-40GB MIG 4g.20gb (0),1,,7,[CUDA memcpy Device-to-Host]
5514644128,12991,380050,1434,1,1,128,1,1,16,0.000,0.000,,,,,NVIDIA A100-SXM4-40GB MIG 4g.20gb (0),1,,13,cupy_copy__complex64_complex64
5514668287,2720,380057,103,1,1,128,1,1,16,0.000,0.000,,,,,NVIDIA A100-SXM4-40GB MIG 4g.20gb (0),1,,13,cupy_copy__complex64_complex64
5514689247,2528,380064,35,1,1,128,1,1,16,0.000,0.000,,,,,NVIDIA A100-SXM4-40GB MIG 4g.20gb (0),1,,13,cupy_copy__complex64_complex64
5514705823,1696,380071,1,1,1,1,1,1,18,0.000,0.000,,,,,NVIDIA A100-SXM4-40GB MIG 4g.20gb (0),1,,13,cupy_copy__float32_float32
5514824861,88255,380082,1,1,1,32,32,1,30,0.000,0.000,,,,,NVIDIA A100-SXM4-40GB MIG 4g.20gb (0),1,,13,"void convert_kernel<__half2, float2>(tensor_layout_any, T1 *, tensor_layout_any, const T2 *)"
5514941788,6432,380085,,,,,,,,,,0.094,14567.105,Pinned,Device,NVIDIA A100-SXM4-40GB MIG 4g.20gb (0),1,,13,[CUDA memcpy Host-to-Device]
5514956124,3232,380086,,,,,,,,,,1.547,478533.199,Device,,NVIDIA A100-SXM4-40GB MIG 4g.20gb (0),1,,13,[CUDA memset]
5514962812,3040,380091,,,,,,,,,,0.031,10294.725,Pinned,Device,NVIDIA A100-SXM4-40GB MIG 4g.20gb (0),1,,13,[CUDA memcpy Host-to-Device]
5514968412,9376,380092,,,,,,,,,,0.197,20969.226,Pinned,Device,NVIDIA A100-SXM4-40GB MIG 4g.20gb (0),1,,13,[CUDA memcpy Host-to-Device]
5514984059,8352,380093,273,1,1,8,4,1,39,0.002,0.000,,,,,NVIDIA A100-SXM4-40GB MIG 4g.20gb (0),1,,13,"void channel_eq::eqMmseCoefCompLowMimoKernel<float, float, float, (unsigned int)4, (unsigned int)1, (unsigned int)4>(const channel_eq::_puschRxChEqStatDescr *, channel_eq::_puschRxChEqCoefCompDynDescr)"
5514993339,6336,380094,273,1,1,12,11,1,51,0.002,0.000,,,,,NVIDIA A100-SXM4-40GB MIG 4g.20gb (0),1,,13,"void channel_eq::eqMmseSoftDemapKernel<float, __half, __half, float, (unsigned int)4, (unsigned short)16383>(channel_eq::_puschRxChEqStatDescr *, channel_eq::_puschRxChEqSoftDemapDynDescr)"
5515000699,282301,380095,1,1,1,32,32,1,30,0.000,0.000,,,,,NVIDIA A100-SXM4-40GB MIG 4g.20gb (0),1,,13,"void convert_kernel<float2, __half2>(tensor_layout_any, T1 *, tensor_layout_any, const T2 *)"
5515283928,10880,380107,2253,1,1,128,1,1,16,0.000,0.000,,,,,NVIDIA A100-SXM4-40GB MIG 4g.20gb (0),1,,13,cupy_copy__float16_float16
5515298296,3104,380116,282,1,1,128,1,1,16,0.000,0.000,,,,,NVIDIA A100-SXM4-40GB MIG 4g.20gb (0),1,,13,cupy_copy__complex64_complex64
5515304760,2303,380125,26,1,1,128,1,1,16,0.000,0.000,,,,,NVIDIA A100-SXM4-40GB MIG 4g.20gb (0),1,,13,cupy_copy__float32_float32
5515308215,4320,380134,103,1,1,128,1,1,16,0.000,0.000,,,,,NVIDIA A100-SXM4-40GB MIG 4g.20gb (0),1,,13,cupy_copy__complex64_complex64
5515315319,12096,380144,1434,1,1,128,1,1,16,0.000,0.000,,,,,NVIDIA A100-SXM4-40GB MIG 4g.20gb (0),1,,13,cupy_copy__complex64_complex64
5515331895,87263,380149,1,1,1,32,32,1,30,0.000,0.000,,,,,NVIDIA A100-SXM4-40GB MIG 4g.20gb (0),1,,13,"void convert_kernel<__half2, float2>(tensor_layout_any, T1 *, tensor_layout_any, const T2 *)"
5515445494,5696,380152,,,,,,,,,,0.094,16449.363,Pinned,Device,NVIDIA A100-SXM4-40GB MIG 4g.20gb (0),1,,13,[CUDA memcpy Host-to-Device]
5515456022,597368,380153,,,,,,,,,,456.561,764283.851,Device,,NVIDIA A100-SXM4-40GB MIG 4g.20gb (0),1,,13,[CUDA memset]
5516063822,119743,380158,,,,,,,,,,1.235,10313.017,Pinned,Device,NVIDIA A100-SXM4-40GB MIG 4g.20gb (0),1,,13,[CUDA memcpy Host-to-Device]
5516189293,13343,380159,,,,,,,,,,0.197,14734.787,Pinned,Device,NVIDIA A100-SXM4-40GB MIG 4g.20gb (0),1,,13,[CUDA memcpy Host-to-Device]
5516209708,8480,380160,69,4,1,48,1,1,76,0.002,0.000,,,,,NVIDIA A100-SXM4-40GB MIG 4g.20gb (0),1,,13,"void ch_est::windowedChEstPreNoDftSOfdmKernel<float, __half, float, (unsigned int)2, (unsigned int)1, (unsigned short)4>(ch_est::puschRxChEstStatDescr_t *, ch_est::puschRxChEstDynDescr_t *)"
5516220396,6912,380161,137,2,1,24,2,1,44,0.001,0.001,,,,,NVIDIA A100-SXM4-40GB MIG 4g.20gb (0),1,,13,"void ch_est::chEstFilterNoDftSOfdmDispatchKernel<float, __half, float, (unsigned int)2>(ch_est::puschRxChEstStatDescr_t *, ch_est::puschRxChEstDynDescr_t *)"
5516231980,5216,380162,137,2,1,24,2,1,44,0.001,0.001,,,,,NVIDIA A100-SXM4-40GB MIG 4g.20gb (0),1,,13,"void ch_est::chEstFilterNoDftSOfdmDispatchKernel<float, __half, float, (unsigned int)2>(ch_est::puschRxChEstStatDescr_t *, ch_est::puschRxChEstDynDescr_t *)"
5516239404,2624,380173,103,1,1,128,1,1,16,0.000,0.000,,,,,NVIDIA A100-SXM4-40GB MIG 4g.20gb (0),1,,13,cupy_copy__complex64_complex64
5516246604,12736,380183,1434,1,1,128,1,1,16,0.000,0.000,,,,,NVIDIA A100-SXM4-40GB MIG 4g.20gb (0),1,,13,cupy_copy__complex64_complex64
5516263436,2400,380190,103,1,1,128,1,1,16,0.000,0.000,,,,,NVIDIA A100-SXM4-40GB MIG 4g.20gb (0),1,,13,cupy_copy__complex64_complex64
5516270988,81983,380197,1,1,1,32,32,1,30,0.000,0.000,,,,,NVIDIA A100-SXM4-40GB MIG 4g.20gb (0),1,,13,"void convert_kernel<__half2, float2>(tensor_layout_any, T1 *, tensor_layout_any, const T2 *)"
5516379946,5888,380200,,,,,,,,,,0.094,15912.954,Pinned,Device,NVIDIA A100-SXM4-40GB MIG 4g.20gb (0),1,,13,[CUDA memcpy Host-to-Device]
5516392618,47584,380201,,,,,,,,,,35.810,752545.469,Device,,NVIDIA A100-SXM4-40GB MIG 4g.20gb (0),1,,13,[CUDA memset]
5516446217,2464,380203,,,,,,,,,,0.000,32.468,Pinned,Device,NVIDIA A100-SXM4-40GB MIG 4g.20gb (0),1,,13,[CUDA memcpy Host-to-Device]
5516454633,14656,380204,,,,,,,,,,0.197,13414.760,Pinned,Device,NVIDIA A100-SXM4-40GB MIG 4g.20gb (0),1,,13,[CUDA memcpy Host-to-Device]
5516478473,9184,380205,273,1,1,48,1,1,40,0.000,0.001,,,,,NVIDIA A100-SXM4-40GB MIG 4g.20gb (0),1,,13,"void pusch_noise_intf_est::noiseIntfEstNoDftSOfdmKernel<float, __half, float, float, (unsigned int)2, (unsigned int)1, (unsigned char)4, (unsigned char)4>(pusch_noise_intf_est::puschRxNoiseIntfEstDynDescr)"
5516490153,2880,380216,35,1,1,128,1,1,16,0.000,0.000,,,,,NVIDIA A100-SXM4-40GB MIG 4g.20gb (0),1,,13,cupy_copy__complex64_complex64
5516498921,1952,380225,1,1,1,1,1,1,18,0.000,0.000,,,,,NVIDIA A100-SXM4-40GB MIG 4g.20gb (0),1,,13,cupy_copy__float32_float32
5516531112,2336,380231,,,,,,,,,,0.000,1.712,Device,Pageable,NVIDIA A100-SXM4-40GB MIG 4g.20gb (0),1,,7,[CUDA memcpy Device-to-Host]
5516592264,13215,380242,1434,1,1,128,1,1,16,0.000,0.000,,,,,NVIDIA A100-SXM4-40GB MIG 4g.20gb (0),1,,13,cupy_copy__complex64_complex64
5516618759,2848,380249,103,1,1,128,1,1,16,0.000,0.000,,,,,NVIDIA A100-SXM4-40GB MIG 4g.20gb (0),1,,13,cupy_copy__complex64_complex64
5516640263,2208,380256,35,1,1,128,1,1,16,0.000,0.000,,,,,NVIDIA A100-SXM4-40GB MIG 4g.20gb (0),1,,13,cupy_copy__complex64_complex64
5516662119,1792,380263,1,1,1,1,1,1,18,0.000,0.000,,,,,NVIDIA A100-SXM4-40GB MIG 4g.20gb (0),1,,13,cupy_copy__float32_float32
5516788869,82239,380274,1,1,1,32,32,1,30,0.000,0.000,,,,,NVIDIA A100-SXM4-40GB MIG 4g.20gb (0),1,,13,"void convert_kernel<__half2, float2>(tensor_layout_any, T1 *, tensor_layout_any, const T2 *)"
5516898340,5920,380277,,,,,,,,,,0.094,15826.941,Pinned,Device,NVIDIA A100-SXM4-40GB MIG 4g.20gb (0),1,,13,[CUDA memcpy Host-to-Device]
5516913092,3328,380278,,,,,,,,,,1.547,464729.580,Device,,NVIDIA A100-SXM4-40GB MIG 4g.20gb (0),1,,13,[CUDA memset]
5516919076,3136,380283,,,,,,,,,,0.031,9979.575,Pinned,Device,NVIDIA A100-SXM4-40GB MIG 4g.20gb (0),1,,13,[CUDA memcpy Host-to-Device]
5516924900,9439,380284,,,,,,,,,,0.197,20829.241,Pinned,Device,NVIDIA A100-SXM4-40GB MIG 4g.20gb (0),1,,13,[CUDA memcpy Host-to-Device]
5516939299,8064,380285,273,1,1,8,4,1,39,0.002,0.000,,,,,NVIDIA A100-SXM4-40GB MIG 4g.20gb (0),1,,13,"void channel_eq::eqMmseCoefCompLowMimoKernel<float, float, float, (unsigned int)4, (unsigned int)1, (unsigned int)4>(const channel_eq::_puschRxChEqStatDescr *, channel_eq::_puschRxChEqCoefCompDynDescr)"
5516950275,5856,380286,273,1,1,12,11,1,51,0.002,0.000,,,,,NVIDIA A100-SXM4-40GB MIG 4g.20gb (0),1,,13,"void channel_eq::eqMmseSoftDemapKernel<float, __half, __half, float, (unsigned int)4, (unsigned short)16383>(channel_eq::_puschRxChEqStatDescr *, channel_eq::_puschRxChEqSoftDemapDynDescr)"
5516957187,282845,380287,1,1,1,32,32,1,30,0.000,0.000,,,,,NVIDIA A100-SXM4-40GB MIG 4g.20gb (0),1,,13,"void convert_kernel<float2, __half2>(tensor_layout_any, T1 *, tensor_layout_any, const T2 *)"
5517242912,11039,380299,2253,1,1,128,1,1,16,0.000,0.000,,,,,NVIDIA A100-SXM4-40GB MIG 4g.20gb (0),1,,13,cupy_copy__float16_float16
5517255583,3168,380308,282,1,1,128,1,1,16,0.000,0.000,,,,,NVIDIA A100-SXM4-40GB MIG 4g.20gb (0),1,,13,cupy_copy__complex64_complex64
5517260511,2272,380317,26,1,1,128,1,1,16,0.000,0.000,,,,,NVIDIA A100-SXM4-40GB MIG 4g.20gb (0),1,,13,cupy_copy__float32_float32
5517264511,3456,380326,103,1,1,128,1,1,16,0.000,0.000,,,,,NVIDIA A100-SXM4-40GB MIG 4g.20gb (0),1,,13,cupy_copy__complex64_complex64
5517269567,12352,380336,1434,1,1,128,1,1,16,0.000,0.000,,,,,NVIDIA A100-SXM4-40GB MIG 4g.20gb (0),1,,13,cupy_copy__complex64_complex64
5517284319,81599,380341,1,1,1,32,32,1,30,0.000,0.000,,,,,NVIDIA A100-SXM4-40GB MIG 4g.20gb (0),1,,13,"void convert_kernel<__half2, float2>(tensor_layout_any, T1 *, tensor_layout_any, const T2 *)"
5517392670,5824,380344,,,,,,,,,,0.094,16087.884,Pinned,Device,NVIDIA A100-SXM4-40GB MIG 4g.20gb (0),1,,13,[CUDA memcpy Host-to-Device]
5517402430,596856,380345,,,,,,,,,,456.561,764740.412,Device,,NVIDIA A100-SXM4-40GB MIG 4g.20gb (0),1,,13,[CUDA memset]
5518010614,131615,380350,,,,,,,,,,1.235,9381.870,Pinned,Device,NVIDIA A100-SXM4-40GB MIG 4g.20gb (0),1,,13,[CUDA memcpy Host-to-Device]
5518154708,40288,380351,,,,,,,,,,0.197,4880.007,Pinned,Device,NVIDIA A100-SXM4-40GB MIG 4g.20gb (0),1,,13,[CUDA memcpy Host-to-Device]
5518212500,8320,380352,69,4,1,48,1,1,76,0.002,0.000,,,,,NVIDIA A100-SXM4-40GB MIG 4g.20gb (0),1,,13,"void ch_est::windowedChEstPreNoDftSOfdmKernel<float, __half, float, (unsigned int)2, (unsigned int)1, (unsigned short)4>(ch_est::puschRxChEstStatDescr_t *, ch_est::puschRxChEstDynDescr_t *)"
5518230035,6688,380353,137,2,1,24,2,1,44,0.001,0.001,,,,,NVIDIA A100-SXM4-40GB MIG 4g.20gb (0),1,,13,"void ch_est::chEstFilterNoDftSOfdmDispatchKernel<float, __half, float, (unsigned int)2>(ch_est::puschRxChEstStatDescr_t *, ch_est::puschRxChEstDynDescr_t *)"
5518249459,4768,380354,137,2,1,24,2,1,44,0.001,0.001,,,,,NVIDIA A100-SXM4-40GB MIG 4g.20gb (0),1,,13,"void ch_est::chEstFilterNoDftSOfdmDispatchKernel<float, __half, float, (unsigned int)2>(ch_est::puschRxChEstStatDescr_t *, ch_est::puschRxChEstDynDescr_t *)"
5518264307,2688,380365,103,1,1,128,1,1,16,0.000,0.000,,,,,NVIDIA A100-SXM4-40GB MIG 4g.20gb (0),1,,13,cupy_copy__complex64_complex64
5518281107,12416,380375,1434,1,1,128,1,1,16,0.000,0.000,,,,,NVIDIA A100-SXM4-40GB MIG 4g.20gb (0),1,,13,cupy_copy__complex64_complex64
5518303123,2528,380382,103,1,1,128,1,1,16,0.000,0.000,,,,,NVIDIA A100-SXM4-40GB MIG 4g.20gb (0),1,,13,cupy_copy__complex64_complex64
5518325138,82335,380389,1,1,1,32,32,1,30,0.000,0.000,,,,,NVIDIA A100-SXM4-40GB MIG 4g.20gb (0),1,,13,"void convert_kernel<__half2, float2>(tensor_layout_any, T1 *, tensor_layout_any, const T2 *)"
5518438321,12448,380392,,,,,,,,,,0.094,7526.974,Pinned,Device,NVIDIA A100-SXM4-40GB MIG 4g.20gb (0),1,,13,[CUDA memcpy Host-to-Device]
5518461009,46943,380393,,,,,,,,,,35.810,762822.916,Device,,NVIDIA A100-SXM4-40GB MIG 4g.20gb (0),1,,13,[CUDA memset]
5518511184,4320,380395,,,,,,,,,,0.000,18.518,Pinned,Device,NVIDIA A100-SXM4-40GB MIG 4g.20gb (0),1,,13,[CUDA memcpy Host-to-Device]
5518521456,11616,380396,,,,,,,,,,0.197,16925.590,Pinned,Device,NVIDIA A100-SXM4-40GB MIG 4g.20gb (0),1,,13,[CUDA memcpy Host-to-Device]
5518541264,12415,380397,273,1,1,48,1,1,40,0.000,0.001,,,,,NVIDIA A100-SXM4-40GB MIG 4g.20gb (0),1,,13,"void pusch_noise_intf_est::noiseIntfEstNoDftSOfdmKernel<float, __half, float, float, (unsigned int)2, (unsigned int)1, (unsigned char)4, (unsigned char)4>(pusch_noise_intf_est::puschRxNoiseIntfEstDynDescr)"
5518556111,3296,380408,35,1,1,128,1,1,16,0.000,0.000,,,,,NVIDIA A100-SXM4-40GB MIG 4g.20gb (0),1,,13,cupy_copy__complex64_complex64
5518560783,1760,380417,1,1,1,1,1,1,18,0.000,0.000,,,,,NVIDIA A100-SXM4-40GB MIG 4g.20gb (0),1,,13,cupy_copy__float32_float32
5518587119,1728,380423,,,,,,,,,,0.000,2.315,Device,Pageable,NVIDIA A100-SXM4-40GB MIG 4g.20gb (0),1,,7,[CUDA memcpy Device-to-Host]
5518647150,12864,380434,1434,1,1,128,1,1,16,0.000,0.000,,,,,NVIDIA A100-SXM4-40GB MIG 4g.20gb (0),1,,13,cupy_copy__complex64_complex64
5518673614,2848,380441,103,1,1,128,1,1,16,0.000,0.000,,,,,NVIDIA A100-SXM4-40GB MIG 4g.20gb (0),1,,13,cupy_copy__complex64_complex64
5518694670,2176,380448,35,1,1,128,1,1,16,0.000,0.000,,,,,NVIDIA A100-SXM4-40GB MIG 4g.20gb (0),1,,13,cupy_copy__complex64_complex64
5518713198,1823,380455,1,1,1,1,1,1,18,0.000,0.000,,,,,NVIDIA A100-SXM4-40GB MIG 4g.20gb (0),1,,13,cupy_copy__float32_float32
5518850348,87231,380466,1,1,1,32,32,1,30,0.000,0.000,,,,,NVIDIA A100-SXM4-40GB MIG 4g.20gb (0),1,,13,"void convert_kernel<__half2, float2>(tensor_layout_any, T1 *, tensor_layout_any, const T2 *)"
5518965994,5600,380469,,,,,,,,,,0.094,16731.388,Pinned,Device,NVIDIA A100-SXM4-40GB MIG 4g.20gb (0),1,,13,[CUDA memcpy Host-to-Device]
5518982602,3360,380470,,,,,,,,,,1.547,460304.688,Device,,NVIDIA A100-SXM4-40GB MIG 4g.20gb (0),1,,13,[CUDA memset]
5518989514,3136,380475,,,,,,,,,,0.031,9979.575,Pinned,Device,NVIDIA A100-SXM4-40GB MIG 4g.20gb (0),1,,13,[CUDA memcpy Host-to-Device]
5518995210,9728,380476,,,,,,,,,,0.197,20210.516,Pinned,Device,NVIDIA A100-SXM4-40GB MIG 4g.20gb (0),1,,13,[CUDA memcpy Host-to-Device]
5519009354,6848,380477,273,1,1,8,4,1,39,0.002,0.000,,,,,NVIDIA A100-SXM4-40GB MIG 4g.20gb (0),1,,13,"void channel_eq::eqMmseCoefCompLowMimoKernel<float, float, float, (unsigned int)4, (unsigned int)1, (unsigned int)4>(const channel_eq::_puschRxChEqStatDescr *, channel_eq::_puschRxChEqCoefCompDynDescr)"
5519019882,7744,380478,273,1,1,12,11,1,51,0.002,0.000,,,,,NVIDIA A100-SXM4-40GB MIG 4g.20gb (0),1,,13,"void channel_eq::eqMmseSoftDemapKernel<float, __half, __half, float, (unsigned int)4, (unsigned short)16383>(channel_eq::_puschRxChEqStatDescr *, channel_eq::_puschRxChEqSoftDemapDynDescr)"
5519030218,282780,380479,1,1,1,32,32,1,30,0.000,0.000,,,,,NVIDIA A100-SXM4-40GB MIG 4g.20gb (0),1,,13,"void convert_kernel<float2, __half2>(tensor_layout_any, T1 *, tensor_layout_any, const T2 *)"
5519314022,11008,380491,2253,1,1,128,1,1,16,0.000,0.000,,,,,NVIDIA A100-SXM4-40GB MIG 4g.20gb (0),1,,13,cupy_copy__float16_float16
5519330246,2688,380500,282,1,1,128,1,1,16,0.000,0.000,,,,,NVIDIA A100-SXM4-40GB MIG 4g.20gb (0),1,,13,cupy_copy__complex64_complex64
5519335334,2336,380509,26,1,1,128,1,1,16,0.000,0.000,,,,,NVIDIA A100-SXM4-40GB MIG 4g.20gb (0),1,,13,cupy_copy__float32_float32
5519341030,3008,380518,103,1,1,128,1,1,16,0.000,0.000,,,,,NVIDIA A100-SXM4-40GB MIG 4g.20gb (0),1,,13,cupy_copy__complex64_complex64
5519344998,11712,380528,1434,1,1,128,1,1,16,0.000,0.000,,,,,NVIDIA A100-SXM4-40GB MIG 4g.20gb (0),1,,13,cupy_copy__complex64_complex64
5519360518,87870,380533,1,1,1,32,32,1,30,0.000,0.000,,,,,NVIDIA A100-SXM4-40GB MIG 4g.20gb (0),1,,13,"void convert_kernel<__half2, float2>(tensor_layout_any, T1 *, tensor_layout_any, const T2 *)"
5519476100,5536,380536,,,,,,,,,,0.094,16924.777,Pinned,Device,NVIDIA A100-SXM4-40GB MIG 4g.20gb (0),1,,13,[CUDA memcpy Host-to-Device]
5519485476,595897,380537,,,,,,,,,,456.561,766110.096,Device,,NVIDIA A100-SXM4-40GB MIG 4g.20gb (0),1,,13,[CUDA memset]
5520081821,162686,380542,,,,,,,,,,1.235,7589.966,Pinned,Device,NVIDIA A100-SXM4-40GB MIG 4g.20gb (0),1,,13,[CUDA memcpy Host-to-Device]
5520256730,40704,380543,,,,,,,,,,0.197,4830.069,Pinned,Device,NVIDIA A100-SXM4-40GB MIG 4g.20gb (0),1,,13,[CUDA memcpy Host-to-Device]
5520319930,7936,380544,69,4,1,48,1,1,76,0.002,0.000,,,,,NVIDIA A100-SXM4-40GB MIG 4g.20gb (0),1,,13,"void ch_est::windowedChEstPreNoDftSOfdmKernel<float, __half, float, (unsigned int)2, (unsigned int)1, (unsigned short)4>(ch_est::puschRxChEstStatDescr_t *, ch_est::puschRxChEstDynDescr_t *)"
5520339865,6688,380545,137,2,1,24,2,1,44,0.001,0.001,,,,,NVIDIA A100-SXM4-40GB MIG 4g.20gb (0),1,,13,"void ch_est::chEstFilterNoDftSOfdmDispatchKernel<float, __half, float, (unsigned int)2>(ch_est::puschRxChEstStatDescr_t *, ch_est::puschRxChEstDynDescr_t *)"
5520356537,4736,380546,137,2,1,24,2,1,44,0.001,0.001,,,,,NVIDIA A100-SXM4-40GB MIG 4g.20gb (0),1,,13,"void ch_est::chEstFilterNoDftSOfdmDispatchKernel<float, __half, float, (unsigned int)2>(ch_est::puschRxChEstStatDescr_t *, ch_est::puschRxChEstDynDescr_t *)"
5520375641,2752,380557,103,1,1,128,1,1,16,0.000,0.000,,,,,NVIDIA A100-SXM4-40GB MIG 4g.20gb (0),1,,13,cupy_copy__complex64_complex64
5520392537,12736,380567,1434,1,1,128,1,1,16,0.000,0.000,,,,,NVIDIA A100-SXM4-40GB MIG 4g.20gb (0),1,,13,cupy_copy__complex64_complex64
5520411481,2944,380574,103,1,1,128,1,1,16,0.000,0.000,,,,,NVIDIA A100-SXM4-40GB MIG 4g.20gb (0),1,,13,cupy_copy__complex64_complex64
5520436856,87231,380581,1,1,1,32,32,1,30,0.000,0.000,,,,,NVIDIA A100-SXM4-40GB MIG 4g.20gb (0),1,,13,"void convert_kernel<__half2, float2>(tensor_layout_any, T1 *, tensor_layout_any, const T2 *)"
5520558679,26143,380584,,,,,,,,,,0.094,3583.966,Pinned,Device,NVIDIA A100-SXM4-40GB MIG 4g.20gb (0),1,,13,[CUDA memcpy Host-to-Device]
5520600790,47456,380585,,,,,,,,,,35.810,754586.634,Device,,NVIDIA A100-SXM4-40GB MIG 4g.20gb (0),1,,13,[CUDA memset]
5520653686,14239,380587,,,,,,,,,,0.000,5.618,Pinned,Device,NVIDIA A100-SXM4-40GB MIG 4g.20gb (0),1,,13,[CUDA memcpy Host-to-Device]
5520678421,24608,380588,,,,,,,,,,0.197,7989.559,Pinned,Device,NVIDIA A100-SXM4-40GB MIG 4g.20gb (0),1,,13,[CUDA memcpy Host-to-Device]
5520733621,10239,380589,273,1,1,48,1,1,40,0.000,0.001,,,,,NVIDIA A100-SXM4-40GB MIG 4g.20gb (0),1,,13,"void pusch_noise_intf_est::noiseIntfEstNoDftSOfdmKernel<float, __half, float, float, (unsigned int)2, (unsigned int)1, (unsigned char)4, (unsigned char)4>(pusch_noise_intf_est::puschRxNoiseIntfEstDynDescr)"
5520748884,2720,380600,35,1,1,128,1,1,16,0.000,0.000,,,,,NVIDIA A100-SXM4-40GB MIG 4g.20gb (0),1,,13,cupy_copy__complex64_complex64
5520760244,1696,380609,1,1,1,1,1,1,18,0.000,0.000,,,,,NVIDIA A100-SXM4-40GB MIG 4g.20gb (0),1,,13,cupy_copy__float32_float32
5520767348,2720,380615,,,,,,,,,,0.000,1.471,Device,Pageable,NVIDIA A100-SXM4-40GB MIG 4g.20gb (0),1,,7,[CUDA memcpy Device-to-Host]
5520852051,12864,380626,1434,1,1,128,1,1,16,0.000,0.000,,,,,NVIDIA A100-SXM4-40GB MIG 4g.20gb (0),1,,13,cupy_copy__complex64_complex64
5520875763,2912,380633,103,1,1,128,1,1,16,0.000,0.000,,,,,NVIDIA A100-SXM4-40GB MIG 4g.20gb (0),1,,13,cupy_copy__complex64_complex64
5520893107,2560,380640,35,1,1,128,1,1,16,0.000,0.000,,,,,NVIDIA A100-SXM4-40GB MIG 4g.20gb (0),1,,13,cupy_copy__complex64_complex64
5520915218,1888,380647,1,1,1,1,1,1,18,0.000,0.000,,,,,NVIDIA A100-SXM4-40GB MIG 4g.20gb (0),1,,13,cupy_copy__float32_float32
5521037937,82175,380658,1,1,1,32,32,1,30,0.000,0.000,,,,,NVIDIA A100-SXM4-40GB MIG 4g.20gb (0),1,,13,"void convert_kernel<__half2, float2>(tensor_layout_any, T1 *, tensor_layout_any, const T2 *)"
5521147952,5599,380661,,,,,,,,,,0.094,16734.387,Pinned,Device,NVIDIA A100-SXM4-40GB MIG 4g.20gb (0),1,,13,[CUDA memcpy Host-to-Device]
5521165199,3328,380662,,,,,,,,,,1.547,464729.580,Device,,NVIDIA A100-SXM4-40GB MIG 4g.20gb (0),1,,13,[CUDA memset]
5521173135,3072,380667,,,,,,,,,,0.031,10187.474,Pinned,Device,NVIDIA A100-SXM4-40GB MIG 4g.20gb (0),1,,13,[CUDA memcpy Host-to-Device]
5521178735,9600,380668,,,,,,,,,,0.197,20479.869,Pinned,Device,NVIDIA A100-SXM4-40GB MIG 4g.20gb (0),1,,13,[CUDA memcpy Host-to-Device]
5521194447,6496,380669,273,1,1,8,4,1,39,0.002,0.000,,,,,NVIDIA A100-SXM4-40GB MIG 4g.20gb (0),1,,13,"void channel_eq::eqMmseCoefCompLowMimoKernel<float, float, float, (unsigned int)4, (unsigned int)1, (unsigned int)4>(const channel_eq::_puschRxChEqStatDescr *, channel_eq::_puschRxChEqCoefCompDynDescr)"
5521202031,6240,380670,273,1,1,12,11,1,51,0.002,0.000,,,,,NVIDIA A100-SXM4-40GB MIG 4g.20gb (0),1,,13,"void channel_eq::eqMmseSoftDemapKernel<float, __half, __half, float, (unsigned int)4, (unsigned short)16383>(channel_eq::_puschRxChEqStatDescr *, channel_eq::_puschRxChEqSoftDemapDynDescr)"
5521209327,282940,380671,1,1,1,32,32,1,30,0.000,0.000,,,,,NVIDIA A100-SXM4-40GB MIG 4g.20gb (0),1,,13,"void convert_kernel<float2, __half2>(tensor_layout_any, T1 *, tensor_layout_any, const T2 *)"
5521493963,10944,380683,2253,1,1,128,1,1,16,0.000,0.000,,,,,NVIDIA A100-SXM4-40GB MIG 4g.20gb (0),1,,13,cupy_copy__float16_float16
5521509611,2720,380692,282,1,1,128,1,1,16,0.000,0.000,,,,,NVIDIA A100-SXM4-40GB MIG 4g.20gb (0),1,,13,cupy_copy__complex64_complex64
5521513611,2592,380701,26,1,1,128,1,1,16,0.000,0.000,,,,,NVIDIA A100-SXM4-40GB MIG 4g.20gb (0),1,,13,cupy_copy__float32_float32
5521517355,2912,380710,103,1,1,128,1,1,16,0.000,0.000,,,,,NVIDIA A100-SXM4-40GB MIG 4g.20gb (0),1,,13,cupy_copy__complex64_complex64
5521522987,11936,380720,1434,1,1,128,1,1,16,0.000,0.000,,,,,NVIDIA A100-SXM4-40GB MIG 4g.20gb (0),1,,13,cupy_copy__complex64_complex64
5521539435,82047,380725,1,1,1,32,32,1,30,0.000,0.000,,,,,NVIDIA A100-SXM4-40GB MIG 4g.20gb (0),1,,13,"void convert_kernel<__half2, float2>(tensor_layout_any, T1 *, tensor_layout_any, const T2 *)"
5521648425,5600,380728,,,,,,,,,,0.094,16731.388,Pinned,Device,NVIDIA A100-SXM4-40GB MIG 4g.20gb (0),1,,13,[CUDA memcpy Host-to-Device]
5521660169,597369,380729,,,,,,,,,,456.561,764283.851,Device,,NVIDIA A100-SXM4-40GB MIG 4g.20gb (0),1,,13,[CUDA memset]
5522259586,98239,380734,,,,,,,,,,1.235,12570.495,Pinned,Device,NVIDIA A100-SXM4-40GB MIG 4g.20gb (0),1,,13,[CUDA memcpy Host-to-Device]
5522366784,17760,380735,,,,,,,,,,0.197,11070.210,Pinned,Device,NVIDIA A100-SXM4-40GB MIG 4g.20gb (0),1,,13,[CUDA memcpy Host-to-Device]
5522393440,9472,380736,69,4,1,48,1,1,76,0.002,0.000,,,,,NVIDIA A100-SXM4-40GB MIG 4g.20gb (0),1,,13,"void ch_est::windowedChEstPreNoDftSOfdmKernel<float, __half, float, (unsigned int)2, (unsigned int)1, (unsigned short)4>(ch_est::puschRxChEstStatDescr_t *, ch_est::puschRxChEstDynDescr_t *)"
5522412992,6688,380737,137,2,1,24,2,1,44,0.001,0.001,,,,,NVIDIA A100-SXM4-40GB MIG 4g.20gb (0),1,,13,"void ch_est::chEstFilterNoDftSOfdmDispatchKernel<float, __half, float, (unsigned int)2>(ch_est::puschRxChEstStatDescr_t *, ch_est::puschRxChEstDynDescr_t *)"
5522421248,4736,380738,137,2,1,24,2,1,44,0.001,0.001,,,,,NVIDIA A100-SXM4-40GB MIG 4g.20gb (0),1,,13,"void ch_est::chEstFilterNoDftSOfdmDispatchKernel<float, __half, float, (unsigned int)2>(ch_est::puschRxChEstStatDescr_t *, ch_est::puschRxChEstDynDescr_t *)"
5522433600,2496,380749,103,1,1,128,1,1,16,0.000,0.000,,,,,NVIDIA A100-SXM4-40GB MIG 4g.20gb (0),1,,13,cupy_copy__complex64_complex64
5522446848,12703,380759,1434,1,1,128,1,1,16,0.000,0.000,,,,,NVIDIA A100-SXM4-40GB MIG 4g.20gb (0),1,,13,cupy_copy__complex64_complex64
5522462559,2624,380766,103,1,1,128,1,1,16,0.000,0.000,,,,,NVIDIA A100-SXM4-40GB MIG 4g.20gb (0),1,,13,cupy_copy__complex64_complex64
5522470079,84095,380773,1,1,1,32,32,1,30,0.000,0.000,,,,,NVIDIA A100-SXM4-40GB MIG 4g.20gb (0),1,,13,"void convert_kernel<__half2, float2>(tensor_layout_any, T1 *, tensor_layout_any, const T2 *)"
5522586046,13120,380776,,,,,,,,,,0.094,7141.415,Pinned,Device,NVIDIA A100-SXM4-40GB MIG 4g.20gb (0),1,,13,[CUDA memcpy Host-to-Device]
5522616541,46816,380777,,,,,,,,,,35.810,764899.891,Device,,NVIDIA A100-SXM4-40GB MIG 4g.20gb (0),1,,13,[CUDA memset]
5522666237,8608,380779,,,,,,,,,,0.000,9.294,Pinned,Device,NVIDIA A100-SXM4-40GB MIG 4g.20gb (0),1,,13,[CUDA memcpy Host-to-Device]
5522687581,20863,380780,,,,,,,,,,0.197,9423.618,Pinned,Device,NVIDIA A100-SXM4-40GB MIG 4g.20gb (0),1,,13,[CUDA memcpy Host-to-Device]
5522721948,8736,380781,273,1,1,48,1,1,40,0.000,0.001,,,,,NVIDIA A100-SXM4-40GB MIG 4g.20gb (0),1,,13,"void pusch_noise_intf_est::noiseIntfEstNoDftSOfdmKernel<float, __half, float, float, (unsigned int)2, (unsigned int)1, (unsigned char)4, (unsigned char)4>(pusch_noise_intf_est::puschRxNoiseIntfEstDynDescr)"
5522735708,2592,380792,35,1,1,128,1,1,16,0.000,0.000,,,,,NVIDIA A100-SXM4-40GB MIG 4g.20gb (0),1,,13,cupy_copy__complex64_complex64
5522748252,1696,380801,1,1,1,1,1,1,18,0.000,0.000,,,,,NVIDIA A100-SXM4-40GB MIG 4g.20gb (0),1,,13,cupy_copy__float32_float32
5522754588,3232,380807,,,,,,,,,,0.000,1.238,Device,Pageable,NVIDIA A100-SXM4-40GB MIG 4g.20gb (0),1,,7,[CUDA memcpy Device-to-Host]
5522839419,12896,380818,1434,1,1,128,1,1,16,0.000,0.000,,,,,NVIDIA A100-SXM4-40GB MIG 4g.20gb (0),1,,13,cupy_copy__complex64_complex64
5522887898,3424,380825,103,1,1,128,1,1,16,0.000,0.000,,,,,NVIDIA A100-SXM4-40GB MIG 4g.20gb (0),1,,13,cupy_copy__complex64_complex64
5522909914,2176,380832,35,1,1,128,1,1,16,0.000,0.000,,,,,NVIDIA A100-SXM4-40GB MIG 4g.20gb (0),1,,13,cupy_copy__complex64_complex64
5522927642,1696,380839,1,1,1,1,1,1,18,0.000,0.000,,,,,NVIDIA A100-SXM4-40GB MIG 4g.20gb (0),1,,13,cupy_copy__float32_float32
5523050072,87263,380850,1,1,1,32,32,1,30,0.000,0.000,,,,,NVIDIA A100-SXM4-40GB MIG 4g.20gb (0),1,,13,"void convert_kernel<__half2, float2>(tensor_layout_any, T1 *, tensor_layout_any, const T2 *)"
5523167095,17471,380853,,,,,,,,,,0.094,5362.878,Pinned,Device,NVIDIA A100-SXM4-40GB MIG 4g.20gb (0),1,,13,[CUDA memcpy Host-to-Device]
5523197398,3424,380854,,,,,,,,,,1.547,451700.819,Device,,NVIDIA A100-SXM4-40GB MIG 4g.20gb (0),1,,13,[CUDA memset]
5523206486,3840,380859,,,,,,,,,,0.031,8149.979,Pinned,Device,NVIDIA A100-SXM4-40GB MIG 4g.20gb (0),1,,13,[CUDA memcpy Host-to-Device]
5523217014,14688,380860,,,,,,,,,,0.197,13385.466,Pinned,Device,NVIDIA A100-SXM4-40GB MIG 4g.20gb (0),1,,13,[CUDA memcpy Host-to-Device]
5523248150,8320,380861,273,1,1,8,4,1,39,0.002,0.000,,,,,NVIDIA A100-SXM4-40GB MIG 4g.20gb (0),1,,13,"void channel_eq::eqMmseCoefCompLowMimoKernel<float, float, float, (unsigned int)4, (unsigned int)1, (unsigned int)4>(const channel_eq::_puschRxChEqStatDescr *, channel_eq::_puschRxChEqCoefCompDynDescr)"
5523258358,5343,380862,273,1,1,12,11,1,51,0.002,0.000,,,,,NVIDIA A100-SXM4-40GB MIG 4g.20gb (0),1,,13,"void channel_eq::eqMmseSoftDemapKernel<float, __half, __half, float, (unsigned int)4, (unsigned short)16383>(channel_eq::_puschRxChEqStatDescr *, channel_eq::_puschRxChEqSoftDemapDynDescr)"
5523266357,282813,380863,1,1,1,32,32,1,30,0.000,0.000,,,,,NVIDIA A100-SXM4-40GB MIG 4g.20gb (0),1,,13,"void convert_kernel<float2, __half2>(tensor_layout_any, T1 *, tensor_layout_any, const T2 *)"
5523550514,11008,380875,2253,1,1,128,1,1,16,0.000,0.000,,,,,NVIDIA A100-SXM4-40GB MIG 4g.20gb (0),1,,13,cupy_copy__float16_float16
5523563794,3552,380884,282,1,1,128,1,1,16,0.000,0.000,,,,,NVIDIA A100-SXM4-40GB MIG 4g.20gb (0),1,,13,cupy_copy__complex64_complex64
5523570578,1984,380893,26,1,1,128,1,1,16,0.000,0.000,,,,,NVIDIA A100-SXM4-40GB MIG 4g.20gb (0),1,,13,cupy_copy__float32_float32
5523575538,4608,380902,103,1,1,128,1,1,16,0.000,0.000,,,,,NVIDIA A100-SXM4-40GB MIG 4g.20gb (0),1,,13,cupy_copy__complex64_complex64
5523582354,12287,380912,1434,1,1,128,1,1,16,0.000,0.000,,,,,NVIDIA A100-SXM4-40GB MIG 4g.20gb (0),1,,13,cupy_copy__complex64_complex64
5523596625,80735,380917,1,1,1,32,32,1,30,0.000,0.000,,,,,NVIDIA A100-SXM4-40GB MIG 4g.20gb (0),1,,13,"void convert_kernel<__half2, float2>(tensor_layout_any, T1 *, tensor_layout_any, const T2 *)"
5523704272,5504,380920,,,,,,,,,,0.094,17023.251,Pinned,Device,NVIDIA A100-SXM4-40GB MIG 4g.20gb (0),1,,13,[CUDA memcpy Host-to-Device]
5523714896,598329,380921,,,,,,,,,,456.561,762914.166,Device,,NVIDIA A100-SXM4-40GB MIG 4g.20gb (0),1,,13,[CUDA memset]
5524320712,138175,380926,,,,,,,,,,1.235,8937.290,Pinned,Device,NVIDIA A100-SXM4-40GB MIG 4g.20gb (0),1,,13,[CUDA memcpy Host-to-Device]
5524472647,30271,380927,,,,,,,,,,0.197,6494.749,Pinned,Device,NVIDIA A100-SXM4-40GB MIG 4g.20gb (0),1,,13,[CUDA memcpy Host-to-Device]
5524525190,8480,380928,69,4,1,48,1,1,76,0.002,0.000,,,,,NVIDIA A100-SXM4-40GB MIG 4g.20gb (0),1,,13,"void ch_est::windowedChEstPreNoDftSOfdmKernel<float, __half, float, (unsigned int)2, (unsigned int)1, (unsigned short)4>(ch_est::puschRxChEstStatDescr_t *, ch_est::puschRxChEstDynDescr_t *)"
5524536902,6464,380929,137,2,1,24,2,1,44,0.001,0.001,,,,,NVIDIA A100-SXM4-40GB MIG 4g.20gb (0),1,,13,"void ch_est::chEstFilterNoDftSOfdmDispatchKernel<float, __half, float, (unsigned int)2>(ch_est::puschRxChEstStatDescr_t *, ch_est::puschRxChEstDynDescr_t *)"
5524549958,4992,380930,137,2,1,24,2,1,44,0.001,0.001,,,,,NVIDIA A100-SXM4-40GB MIG 4g.20gb (0),1,,13,"void ch_est::chEstFilterNoDftSOfdmDispatchKernel<float, __half, float, (unsigned int)2>(ch_est::puschRxChEstStatDescr_t *, ch_est::puschRxChEstDynDescr_t *)"
5524563173,3040,380941,103,1,1,128,1,1,16,0.000,0.000,,,,,NVIDIA A100-SXM4-40GB MIG 4g.20gb (0),1,,13,cupy_copy__complex64_complex64
5524576933,12416,380951,1434,1,1,128,1,1,16,0.000,0.000,,,,,NVIDIA A100-SXM4-40GB MIG 4g.20gb (0),1,,13,cupy_copy__complex64_complex64
5524595653,3168,380958,103,1,1,128,1,1,16,0.000,0.000,,,,,NVIDIA A100-SXM4-40GB MIG 4g.20gb (0),1,,13,cupy_copy__complex64_complex64
5524605573,83231,380965,1,1,1,32,32,1,30,0.000,0.000,,,,,NVIDIA A100-SXM4-40GB MIG 4g.20gb (0),1,,13,"void convert_kernel<__half2, float2>(tensor_layout_any, T1 *, tensor_layout_any, const T2 *)"
5524717956,13631,380968,,,,,,,,,,0.094,6873.726,Pinned,Device,NVIDIA A100-SXM4-40GB MIG 4g.20gb (0),1,,13,[CUDA memcpy Host-to-Device]
5524744355,47136,380969,,,,,,,,,,35.810,759707.453,Device,,NVIDIA A100-SXM4-40GB MIG 4g.20gb (0),1,,13,[CUDA memset]
5524799491,8095,380971,,,,,,,,,,0.000,9.883,Pinned,Device,NVIDIA A100-SXM4-40GB MIG 4g.20gb (0),1,,13,[CUDA memcpy Host-to-Device]
5524811874,22656,380972,,,,,,,,,,0.197,8677.884,Pinned,Device,NVIDIA A100-SXM4-40GB MIG 4g.20gb (0),1,,13,[CUDA memcpy Host-to-Device]
5524853026,9600,380973,273,1,1,48,1,1,40,0.000,0.001,,,,,NVIDIA A100-SXM4-40GB MIG 4g.20gb (0),1,,13,"void pusch_noise_intf_est::noiseIntfEstNoDftSOfdmKernel<float, __half, float, float, (unsigned int)2, (unsigned int)1, (unsigned char)4, (unsigned char)4>(pusch_noise_intf_est::puschRxNoiseIntfEstDynDescr)"
5524874626,2784,380984,35,1,1,128,1,1,16,0.000,0.000,,,,,NVIDIA A100-SXM4-40GB MIG 4g.20gb (0),1,,13,cupy_copy__complex64_complex64
5524885345,1728,380993,1,1,1,1,1,1,18,0.000,0.000,,,,,NVIDIA A100-SXM4-40GB MIG 4g.20gb (0),1,,13,cupy_copy__float32_float32
5524888897,3776,380999,,,,,,,,,,0.000,1.059,Device,Pageable,NVIDIA A100-SXM4-40GB MIG 4g.20gb (0),1,,7,[CUDA memcpy Device-to-Host]
5524963073,13087,381010,1434,1,1,128,1,1,16,0.000,0.000,,,,,NVIDIA A100-SXM4-40GB MIG 4g.20gb (0),1,,13,cupy_copy__complex64_complex64
5524990304,3232,381017,103,1,1,128,1,1,16,0.000,0.000,,,,,NVIDIA A100-SXM4-40GB MIG 4g.20gb (0),1,,13,cupy_copy__complex64_complex64
5525008896,2400,381024,35,1,1,128,1,1,16,0.000,0.000,,,,,NVIDIA A100-SXM4-40GB MIG 4g.20gb (0),1,,13,cupy_copy__complex64_complex64
5525023744,1760,381031,1,1,1,1,1,1,18,0.000,0.000,,,,,NVIDIA A100-SXM4-40GB MIG 4g.20gb (0),1,,13,cupy_copy__float32_float32
5525161278,87647,381042,1,1,1,32,32,1,30,0.000,0.000,,,,,NVIDIA A100-SXM4-40GB MIG 4g.20gb (0),1,,13,"void convert_kernel<__half2, float2>(tensor_layout_any, T1 *, tensor_layout_any, const T2 *)"
5525276477,6144,381045,,,,,,,,,,0.094,15249.961,Pinned,Device,NVIDIA A100-SXM4-40GB MIG 4g.20gb (0),1,,13,[CUDA memcpy Host-to-Device]
5525290524,3552,381046,,,,,,,,,,1.547,435422.601,Device,,NVIDIA A100-SXM4-40GB MIG 4g.20gb (0),1,,13,[CUDA memset]
5525297660,3232,381051,,,,,,,,,,0.031,9683.139,Pinned,Device,NVIDIA A100-SXM4-40GB MIG 4g.20gb (0),1,,13,[CUDA memcpy Host-to-Device]
5525303324,9920,381052,,,,,,,,,,0.197,19819.266,Pinned,Device,NVIDIA A100-SXM4-40GB MIG 4g.20gb (0),1,,13,[CUDA memcpy Host-to-Device]
5525321500,6144,381053,273,1,1,8,4,1,39,0.002,0.000,,,,,NVIDIA A100-SXM4-40GB MIG 4g.20gb (0),1,,13,"void channel_eq::eqMmseCoefCompLowMimoKernel<float, float, float, (unsigned int)4, (unsigned int)1, (unsigned int)4>(const channel_eq::_puschRxChEqStatDescr *, channel_eq::_puschRxChEqCoefCompDynDescr)"
5525328604,6048,381054,273,1,1,12,11,1,51,0.002,0.000,,,,,NVIDIA A100-SXM4-40GB MIG 4g.20gb (0),1,,13,"void channel_eq::eqMmseSoftDemapKernel<float, __half, __half, float, (unsigned int)4, (unsigned short)16383>(channel_eq::_puschRxChEqStatDescr *, channel_eq::_puschRxChEqSoftDemapDynDescr)"
5525335740,295420,381055,1,1,1,32,32,1,30,0.000,0.000,,,,,NVIDIA A100-SXM4-40GB MIG 4g.20gb (0),1,,13,"void convert_kernel<float2, __half2>(tensor_layout_any, T1 *, tensor_layout_any, const T2 *)"
5525632184,11040,381067,2253,1,1,128,1,1,16,0.000,0.000,,,,,NVIDIA A100-SXM4-40GB MIG 4g.20gb (0),1,,13,cupy_copy__float16_float16
5525646712,3744,381076,282,1,1,128,1,1,16,0.000,0.000,,,,,NVIDIA A100-SXM4-40GB MIG 4g.20gb (0),1,,13,cupy_copy__complex64_complex64
5525653336,2400,381085,26,1,1,128,1,1,16,0.000,0.000,,,,,NVIDIA A100-SXM4-40GB MIG 4g.20gb (0),1,,13,cupy_copy__float32_float32
5525658680,3136,381094,103,1,1,128,1,1,16,0.000,0.000,,,,,NVIDIA A100-SXM4-40GB MIG 4g.20gb (0),1,,13,cupy_copy__complex64_complex64
5525662808,12000,381104,1434,1,1,128,1,1,16,0.000,0.000,,,,,NVIDIA A100-SXM4-40GB MIG 4g.20gb (0),1,,13,cupy_copy__complex64_complex64
5525677496,82495,381109,1,1,1,32,32,1,30,0.000,0.000,,,,,NVIDIA A100-SXM4-40GB MIG 4g.20gb (0),1,,13,"void convert_kernel<__half2, float2>(tensor_layout_any, T1 *, tensor_layout_any, const T2 *)"
5525787286,5632,381112,,,,,,,,,,0.094,16636.287,Pinned,Device,NVIDIA A100-SXM4-40GB MIG 4g.20gb (0),1,,13,[CUDA memcpy Host-to-Device]
5525798006,600889,381113,,,,,,,,,,456.561,759718.236,Device,,NVIDIA A100-SXM4-40GB MIG 4g.20gb (0),1,,13,[CUDA memset]
5526404079,138814,381118,,,,,,,,,,1.235,8895.302,Pinned,Device,NVIDIA A100-SXM4-40GB MIG 4g.20gb (0),1,,13,[CUDA memcpy Host-to-Device]
5526555437,40927,381119,,,,,,,,,,0.197,4803.723,Pinned,Device,NVIDIA A100-SXM4-40GB MIG 4g.20gb (0),1,,13,[CUDA memcpy Host-to-Device]
5526613932,7840,381120,69,4,1,48,1,1,76,0.002,0.000,,,,,NVIDIA A100-SXM4-40GB MIG 4g.20gb (0),1,,13,"void ch_est::windowedChEstPreNoDftSOfdmKernel<float, __half, float, (unsigned int)2, (unsigned int)1, (unsigned short)4>(ch_est::puschRxChEstStatDescr_t *, ch_est::puschRxChEstDynDescr_t *)"
5526633292,6816,381121,137,2,1,24,2,1,44,0.001,0.001,,,,,NVIDIA A100-SXM4-40GB MIG 4g.20gb (0),1,,13,"void ch_est::chEstFilterNoDftSOfdmDispatchKernel<float, __half, float, (unsigned int)2>(ch_est::puschRxChEstStatDescr_t *, ch_est::puschRxChEstDynDescr_t *)"
5526651308,4704,381122,137,2,1,24,2,1,44,0.001,0.001,,,,,NVIDIA A100-SXM4-40GB MIG 4g.20gb (0),1,,13,"void ch_est::chEstFilterNoDftSOfdmDispatchKernel<float, __half, float, (unsigned int)2>(ch_est::puschRxChEstStatDescr_t *, ch_est::puschRxChEstDynDescr_t *)"
5526668555,2656,381133,103,1,1,128,1,1,16,0.000,0.000,,,,,NVIDIA A100-SXM4-40GB MIG 4g.20gb (0),1,,13,cupy_copy__complex64_complex64
5526685259,12256,381143,1434,1,1,128,1,1,16,0.000,0.000,,,,,NVIDIA A100-SXM4-40GB MIG 4g.20gb (0),1,,13,cupy_copy__complex64_complex64
5526704459,2912,381150,103,1,1,128,1,1,16,0.000,0.000,,,,,NVIDIA A100-SXM4-40GB MIG 4g.20gb (0),1,,13,cupy_copy__complex64_complex64
5526730315,85823,381157,1,1,1,32,32,1,30,0.000,0.000,,,,,NVIDIA A100-SXM4-40GB MIG 4g.20gb (0),1,,13,"void convert_kernel<__half2, float2>(tensor_layout_any, T1 *, tensor_layout_any, const T2 *)"
5526856809,20576,381160,,,,,,,,,,0.094,4553.626,Pinned,Device,NVIDIA A100-SXM4-40GB MIG 4g.20gb (0),1,,13,[CUDA memcpy Host-to-Device]
5526894729,47391,381161,,,,,,,,,,35.810,755625.122,Device,,NVIDIA A100-SXM4-40GB MIG 4g.20gb (0),1,,13,[CUDA memset]
5526947112,7392,381163,,,,,,,,,,0.000,10.822,Pinned,Device,NVIDIA A100-SXM4-40GB MIG 4g.20gb (0),1,,13,[CUDA memcpy Host-to-Device]
5526959432,17632,381164,,,,,,,,,,0.197,11150.623,Pinned,Device,NVIDIA A100-SXM4-40GB MIG 4g.20gb (0),1,,13,[CUDA memcpy Host-to-Device]
5526986376,9663,381165,273,1,1,48,1,1,40,0.000,0.001,,,,,NVIDIA A100-SXM4-40GB MIG 4g.20gb (0),1,,13,"void pusch_noise_intf_est::noiseIntfEstNoDftSOfdmKernel<float, __half, float, float, (unsigned int)2, (unsigned int)1, (unsigned char)4, (unsigned char)4>(pusch_noise_intf_est::puschRxNoiseIntfEstDynDescr)"
5527003111,3200,381176,35,1,1,128,1,1,16,0.000,0.000,,,,,NVIDIA A100-SXM4-40GB MIG 4g.20gb (0),1,,13,cupy_copy__complex64_complex64
5527011527,1920,381185,1,1,1,1,1,1,18,0.000,0.000,,,,,NVIDIA A100-SXM4-40GB MIG 4g.20gb (0),1,,13,cupy_copy__float32_float32
5527018471,5280,381191,,,,,,,,,,0.000,0.758,Device,Pageable,NVIDIA A100-SXM4-40GB MIG 4g.20gb (0),1,,7,[CUDA memcpy Device-to-Host]
5527097126,13056,381202,1434,1,1,128,1,1,16,0.000,0.000,,,,,NVIDIA A100-SXM4-40GB MIG 4g.20gb (0),1,,13,cupy_copy__complex64_complex64
5527131366,3488,381209,103,1,1,128,1,1,16,0.000,0.000,,,,,NVIDIA A100-SXM4-40GB MIG 4g.20gb (0),1,,13,cupy_copy__complex64_complex64
5527148614,2496,381216,35,1,1,128,1,1,16,0.000,0.000,,,,,NVIDIA A100-SXM4-40GB MIG 4g.20gb (0),1,,13,cupy_copy__complex64_complex64
5527169893,1792,381223,1,1,1,1,1,1,18,0.000,0.000,,,,,NVIDIA A100-SXM4-40GB MIG 4g.20gb (0),1,,13,cupy_copy__float32_float32
5527307172,82239,381234,1,1,1,32,32,1,30,0.000,0.000,,,,,NVIDIA A100-SXM4-40GB MIG 4g.20gb (0),1,,13,"void convert_kernel<__half2, float2>(tensor_layout_any, T1 *, tensor_layout_any, const T2 *)"
5527417090,5792,381237,,,,,,,,,,0.094,16176.708,Pinned,Device,NVIDIA A100-SXM4-40GB MIG 4g.20gb (0),1,,13,[CUDA memcpy Host-to-Device]
5527431554,3360,381238,,,,,,,,,,1.547,460304.688,Device,,NVIDIA A100-SXM4-40GB MIG 4g.20gb (0),1,,13,[CUDA memset]
5527437986,3040,381243,,,,,,,,,,0.031,10294.725,Pinned,Device,NVIDIA A100-SXM4-40GB MIG 4g.20gb (0),1,,13,[CUDA memcpy Host-to-Device]
5527444002,9728,381244,,,,,,,,,,0.197,20210.516,Pinned,Device,NVIDIA A100-SXM4-40GB MIG 4g.20gb (0),1,,13,[CUDA memcpy Host-to-Device]
5527458818,6368,381245,273,1,1,8,4,1,39,0.002,0.000,,,,,NVIDIA A100-SXM4-40GB MIG 4g.20gb (0),1,,13,"void channel_eq::eqMmseCoefCompLowMimoKernel<float, float, float, (unsigned int)4, (unsigned int)1, (unsigned int)4>(const channel_eq::_puschRxChEqStatDescr *, channel_eq::_puschRxChEqCoefCompDynDescr)"
5527470050,5920,381246,273,1,1,12,11,1,51,0.002,0.000,,,,,NVIDIA A100-SXM4-40GB MIG 4g.20gb (0),1,,13,"void channel_eq::eqMmseSoftDemapKernel<float, __half, __half, float, (unsigned int)4, (unsigned short)16383>(channel_eq::_puschRxChEqStatDescr *, channel_eq::_puschRxChEqSoftDemapDynDescr)"
5527477890,282748,381247,1,1,1,32,32,1,30,0.000,0.000,,,,,NVIDIA A100-SXM4-40GB MIG 4g.20gb (0),1,,13,"void convert_kernel<float2, __half2>(tensor_layout_any, T1 *, tensor_layout_any, const T2 *)"
5527761694,11072,381259,2253,1,1,128,1,1,16,0.000,0.000,,,,,NVIDIA A100-SXM4-40GB MIG 4g.20gb (0),1,,13,cupy_copy__float16_float16
5527776318,3712,381268,282,1,1,128,1,1,16,0.000,0.000,,,,,NVIDIA A100-SXM4-40GB MIG 4g.20gb (0),1,,13,cupy_copy__complex64_complex64
5527781982,2016,381277,26,1,1,128,1,1,16,0.000,0.000,,,,,NVIDIA A100-SXM4-40GB MIG 4g.20gb (0),1,,13,cupy_copy__float32_float32
5527785598,4576,381286,103,1,1,128,1,1,16,0.000,0.000,,,,,NVIDIA A100-SXM4-40GB MIG 4g.20gb (0),1,,13,cupy_copy__complex64_complex64
5527792958,11903,381296,1434,1,1,128,1,1,16,0.000,0.000,,,,,NVIDIA A100-SXM4-40GB MIG 4g.20gb (0),1,,13,cupy_copy__complex64_complex64
5527806429,82047,381301,1,1,1,32,32,1,30,0.000,0.000,,,,,NVIDIA A100-SXM4-40GB MIG 4g.20gb (0),1,,13,"void convert_kernel<__half2, float2>(tensor_layout_any, T1 *, tensor_layout_any, const T2 *)"
5527915580,5856,381304,,,,,,,,,,0.094,15999.997,Pinned,Device,NVIDIA A100-SXM4-40GB MIG 4g.20gb (0),1,,13,[CUDA memcpy Host-to-Device]
5527925724,597465,381305,,,,,,,,,,456.561,763827.289,Device,,NVIDIA A100-SXM4-40GB MIG 4g.20gb (0),1,,13,[CUDA memset]
5528528117,154302,381310,,,,,,,,,,1.235,8002.437,Pinned,Device,NVIDIA A100-SXM4-40GB MIG 4g.20gb (0),1,,13,[CUDA memcpy Host-to-Device]
5528698034,43488,381311,,,,,,,,,,0.197,4520.804,Pinned,Device,NVIDIA A100-SXM4-40GB MIG 4g.20gb (0),1,,13,[CUDA memcpy Host-to-Device]
5528767698,7904,381312,69,4,1,48,1,1,76,0.002,0.000,,,,,NVIDIA A100-SXM4-40GB MIG 4g.20gb (0),1,,13,"void ch_est::windowedChEstPreNoDftSOfdmKernel<float, __half, float, (unsigned int)2, (unsigned int)1, (unsigned short)4>(ch_est::puschRxChEstStatDescr_t *, ch_est::puschRxChEstDynDescr_t *)"
5528783281,6464,381313,137,2,1,24,2,1,44,0.001,0.001,,,,,NVIDIA A100-SXM4-40GB MIG 4g.20gb (0),1,,13,"void ch_est::chEstFilterNoDftSOfdmDispatchKernel<float, __half, float, (unsigned int)2>(ch_est::puschRxChEstStatDescr_t *, ch_est::puschRxChEstDynDescr_t *)"
5528797361,4736,381314,137,2,1,24,2,1,44,0.001,0.001,,,,,NVIDIA A100-SXM4-40GB MIG 4g.20gb (0),1,,13,"void ch_est::chEstFilterNoDftSOfdmDispatchKernel<float, __half, float, (unsigned int)2>(ch_est::puschRxChEstStatDescr_t *, ch_est::puschRxChEstDynDescr_t *)"
5528812305,2624,381325,103,1,1,128,1,1,16,0.000,0.000,,,,,NVIDIA A100-SXM4-40GB MIG 4g.20gb (0),1,,13,cupy_copy__complex64_complex64
5528825617,12608,381335,1434,1,1,128,1,1,16,0.000,0.000,,,,,NVIDIA A100-SXM4-40GB MIG 4g.20gb (0),1,,13,cupy_copy__complex64_complex64
5528847537,2528,381342,103,1,1,128,1,1,16,0.000,0.000,,,,,NVIDIA A100-SXM4-40GB MIG 4g.20gb (0),1,,13,cupy_copy__complex64_complex64
5528856657,85022,381349,1,1,1,32,32,1,30,0.000,0.000,,,,,NVIDIA A100-SXM4-40GB MIG 4g.20gb (0),1,,13,"void convert_kernel<__half2, float2>(tensor_layout_any, T1 *, tensor_layout_any, const T2 *)"
5528973135,15008,381352,,,,,,,,,,0.094,6243.058,Pinned,Device,NVIDIA A100-SXM4-40GB MIG 4g.20gb (0),1,,13,[CUDA memcpy Host-to-Device]
5528999407,47455,381353,,,,,,,,,,35.810,754586.634,Device,,NVIDIA A100-SXM4-40GB MIG 4g.20gb (0),1,,13,[CUDA memset]
5529053454,10144,381355,,,,,,,,,,0.000,7.886,Pinned,Device,NVIDIA A100-SXM4-40GB MIG 4g.20gb (0),1,,13,[CUDA memcpy Host-to-Device]
5529076270,30431,381356,,,,,,,,,,0.197,6460.735,Pinned,Device,NVIDIA A100-SXM4-40GB MIG 4g.20gb (0),1,,13,[CUDA memcpy Host-to-Device]
5529129549,9856,381357,273,1,1,48,1,1,40,0.000,0.001,,,,,NVIDIA A100-SXM4-40GB MIG 4g.20gb (0),1,,13,"void pusch_noise_intf_est::noiseIntfEstNoDftSOfdmKernel<float, __half, float, float, (unsigned int)2, (unsigned int)1, (unsigned char)4, (unsigned char)4>(pusch_noise_intf_est::puschRxNoiseIntfEstDynDescr)"
5529158253,2784,381368,35,1,1,128,1,1,16,0.000,0.000,,,,,NVIDIA A100-SXM4-40GB MIG 4g.20gb (0),1,,13,cupy_copy__complex64_complex64
5529172653,1760,381377,1,1,1,1,1,1,18,0.000,0.000,,,,,NVIDIA A100-SXM4-40GB MIG 4g.20gb (0),1,,13,cupy_copy__float32_float32
5529179309,4288,381383,,,,,,,,,,0.000,0.933,Device,Pageable,NVIDIA A100-SXM4-40GB MIG 4g.20gb (0),1,,7,[CUDA memcpy Device-to-Host]
5529270795,13056,381394,1434,1,1,128,1,1,16,0.000,0.000,,,,,NVIDIA A100-SXM4-40GB MIG 4g.20gb (0),1,,13,cupy_copy__complex64_complex64
5529285387,3008,381401,103,1,1,128,1,1,16,0.000,0.000,,,,,NVIDIA A100-SXM4-40GB MIG 4g.20gb (0),1,,13,cupy_copy__complex64_complex64
5529315563,2624,381408,35,1,1,128,1,1,16,0.000,0.000,,,,,NVIDIA A100-SXM4-40GB MIG 4g.20gb (0),1,,13,cupy_copy__complex64_complex64
5529334763,1760,381415,1,1,1,1,1,1,18,0.000,0.000,,,,,NVIDIA A100-SXM4-40GB MIG 4g.20gb (0),1,,13,cupy_copy__float32_float32
5529467657,87583,381426,1,1,1,32,32,1,30,0.000,0.000,,,,,NVIDIA A100-SXM4-40GB MIG 4g.20gb (0),1,,13,"void convert_kernel<__half2, float2>(tensor_layout_any, T1 *, tensor_layout_any, const T2 *)"
5529584072,13983,381429,,,,,,,,,,0.094,6700.669,Pinned,Device,NVIDIA A100-SXM4-40GB MIG 4g.20gb (0),1,,13,[CUDA memcpy Host-to-Device]
5529606919,3520,381430,,,,,,,,,,1.547,439380.412,Device,,NVIDIA A100-SXM4-40GB MIG 4g.20gb (0),1,,13,[CUDA memset]
5529613255,6688,381435,,,,,,,,,,0.031,4679.409,Pinned,Device,NVIDIA A100-SXM4-40GB MIG 4g.20gb (0),1,,13,[CUDA memcpy Host-to-Device]
5529623207,13824,381436,,,,,,,,,,0.197,14222.033,Pinned,Device,NVIDIA A100-SXM4-40GB MIG 4g.20gb (0),1,,13,[CUDA memcpy Host-to-Device]
5529648327,8480,381437,273,1,1,8,4,1,39,0.002,0.000,,,,,NVIDIA A100-SXM4-40GB MIG 4g.20gb (0),1,,13,"void channel_eq::eqMmseCoefCompLowMimoKernel<float, float, float, (unsigned int)4, (unsigned int)1, (unsigned int)4>(const channel_eq::_puschRxChEqStatDescr *, channel_eq::_puschRxChEqCoefCompDynDescr)"
5529664007,8223,381438,273,1,1,12,11,1,51,0.002,0.000,,,,,NVIDIA A100-SXM4-40GB MIG 4g.20gb (0),1,,13,"void channel_eq::eqMmseSoftDemapKernel<float, __half, __half, float, (unsigned int)4, (unsigned short)16383>(channel_eq::_puschRxChEqStatDescr *, channel_eq::_puschRxChEqSoftDemapDynDescr)"
5529680838,282589,381439,1,1,1,32,32,1,30,0.000,0.000,,,,,NVIDIA A100-SXM4-40GB MIG 4g.20gb (0),1,,13,"void convert_kernel<float2, __half2>(tensor_layout_any, T1 *, tensor_layout_any, const T2 *)"
5529965379,10944,381451,2253,1,1,128,1,1,16,0.000,0.000,,,,,NVIDIA A100-SXM4-40GB MIG 4g.20gb (0),1,,13,cupy_copy__float16_float16
5529978243,3104,381460,282,1,1,128,1,1,16,0.000,0.000,,,,,NVIDIA A100-SXM4-40GB MIG 4g.20gb (0),1,,13,cupy_copy__complex64_complex64
5529983171,2144,381469,26,1,1,128,1,1,16,0.000,0.000,,,,,NVIDIA A100-SXM4-40GB MIG 4g.20gb (0),1,,13,cupy_copy__float32_float32
5529987939,3104,381478,103,1,1,128,1,1,16,0.000,0.000,,,,,NVIDIA A100-SXM4-40GB MIG 4g.20gb (0),1,,13,cupy_copy__complex64_complex64
5529992163,11999,381488,1434,1,1,128,1,1,16,0.000,0.000,,,,,NVIDIA A100-SXM4-40GB MIG 4g.20gb (0),1,,13,cupy_copy__complex64_complex64
5530006306,87775,381493,1,1,1,32,32,1,30,0.000,0.000,,,,,NVIDIA A100-SXM4-40GB MIG 4g.20gb (0),1,,13,"void convert_kernel<__half2, float2>(tensor_layout_any, T1 *, tensor_layout_any, const T2 *)"
5530120897,5760,381496,,,,,,,,,,0.094,16266.656,Pinned,Device,NVIDIA A100-SXM4-40GB MIG 4g.20gb (0),1,,13,[CUDA memcpy Host-to-Device]
5530133185,599160,381497,,,,,,,,,,456.561,762001.043,Device,,NVIDIA A100-SXM4-40GB MIG 4g.20gb (0),1,,13,[CUDA memset]
5530738937,105183,381502,,,,,,,,,,1.235,11740.613,Pinned,Device,NVIDIA A100-SXM4-40GB MIG 4g.20gb (0),1,,13,[CUDA memcpy Host-to-Device]
5530854072,23552,381503,,,,,,,,,,0.197,8347.779,Pinned,Device,NVIDIA A100-SXM4-40GB MIG 4g.20gb (0),1,,13,[CUDA memcpy Host-to-Device]
5530900631,8192,381504,69,4,1,48,1,1,76,0.002,0.000,,,,,NVIDIA A100-SXM4-40GB MIG 4g.20gb (0),1,,13,"void ch_est::windowedChEstPreNoDftSOfdmKernel<float, __half, float, (unsigned int)2, (unsigned int)1, (unsigned short)4>(ch_est::puschRxChEstStatDescr_t *, ch_est::puschRxChEstDynDescr_t *)"
5530914807,7008,381505,137,2,1,24,2,1,44,0.001,0.001,,,,,NVIDIA A100-SXM4-40GB MIG 4g.20gb (0),1,,13,"void ch_est::chEstFilterNoDftSOfdmDispatchKernel<float, __half, float, (unsigned int)2>(ch_est::puschRxChEstStatDescr_t *, ch_est::puschRxChEstDynDescr_t *)"
5530930423,5504,381506,137,2,1,24,2,1,44,0.001,0.001,,,,,NVIDIA A100-SXM4-40GB MIG 4g.20gb (0),1,,13,"void ch_est::chEstFilterNoDftSOfdmDispatchKernel<float, __half, float, (unsigned int)2>(ch_est::puschRxChEstStatDescr_t *, ch_est::puschRxChEstDynDescr_t *)"
5530943575,2560,381517,103,1,1,128,1,1,16,0.000,0.000,,,,,NVIDIA A100-SXM4-40GB MIG 4g.20gb (0),1,,13,cupy_copy__complex64_complex64
5530959191,12799,381527,1434,1,1,128,1,1,16,0.000,0.000,,,,,NVIDIA A100-SXM4-40GB MIG 4g.20gb (0),1,,13,cupy_copy__complex64_complex64
5530974390,2944,381534,103,1,1,128,1,1,16,0.000,0.000,,,,,NVIDIA A100-SXM4-40GB MIG 4g.20gb (0),1,,13,cupy_copy__complex64_complex64
5530992438,93087,381541,1,1,1,32,32,1,30,0.000,0.000,,,,,NVIDIA A100-SXM4-40GB MIG 4g.20gb (0),1,,13,"void convert_kernel<__half2, float2>(tensor_layout_any, T1 *, tensor_layout_any, const T2 *)"
5531120821,22111,381544,,,,,,,,,,0.094,4237.495,Pinned,Device,NVIDIA A100-SXM4-40GB MIG 4g.20gb (0),1,,13,[CUDA memcpy Host-to-Device]
5531157652,47328,381545,,,,,,,,,,35.810,756627.800,Device,,NVIDIA A100-SXM4-40GB MIG 4g.20gb (0),1,,13,[CUDA memset]
5531206196,13567,381547,,,,,,,,,,0.000,5.897,Pinned,Device,NVIDIA A100-SXM4-40GB MIG 4g.20gb (0),1,,13,[CUDA memcpy Host-to-Device]
5531228275,21024,381548,,,,,,,,,,0.197,9351.463,Pinned,Device,NVIDIA A100-SXM4-40GB MIG 4g.20gb (0),1,,13,[CUDA memcpy Host-to-Device]
5531269267,9056,381549,273,1,1,48,1,1,40,0.000,0.001,,,,,NVIDIA A100-SXM4-40GB MIG 4g.20gb (0),1,,13,"void pusch_noise_intf_est::noiseIntfEstNoDftSOfdmKernel<float, __half, float, float, (unsigned int)2, (unsigned int)1, (unsigned char)4, (unsigned char)4>(pusch_noise_intf_est::puschRxNoiseIntfEstDynDescr)"
5531288819,2752,381560,35,1,1,128,1,1,16,0.000,0.000,,,,,NVIDIA A100-SXM4-40GB MIG 4g.20gb (0),1,,13,cupy_copy__complex64_complex64
5531305266,1696,381569,1,1,1,1,1,1,18,0.000,0.000,,,,,NVIDIA A100-SXM4-40GB MIG 4g.20gb (0),1,,13,cupy_copy__float32_float32
5531311346,5440,381575,,,,,,,,,,0.000,0.735,Device,Pageable,NVIDIA A100-SXM4-40GB MIG 4g.20gb (0),1,,7,[CUDA memcpy Device-to-Host]
5531398193,12864,381586,1434,1,1,128,1,1,16,0.000,0.000,,,,,NVIDIA A100-SXM4-40GB MIG 4g.20gb (0),1,,13,cupy_copy__complex64_complex64
5531428401,2944,381593,103,1,1,128,1,1,16,0.000,0.000,,,,,NVIDIA A100-SXM4-40GB MIG 4g.20gb (0),1,,13,cupy_copy__complex64_complex64
5531452209,2560,381600,35,1,1,128,1,1,16,0.000,0.000,,,,,NVIDIA A100-SXM4-40GB MIG 4g.20gb (0),1,,13,cupy_copy__complex64_complex64
5531473968,1696,381607,1,1,1,1,1,1,18,0.000,0.000,,,,,NVIDIA A100-SXM4-40GB MIG 4g.20gb (0),1,,13,cupy_copy__float32_float32
5531595407,87519,381618,1,1,1,32,32,1,30,0.000,0.000,,,,,NVIDIA A100-SXM4-40GB MIG 4g.20gb (0),1,,13,"void convert_kernel<__half2, float2>(tensor_layout_any, T1 *, tensor_layout_any, const T2 *)"
5531710445,5344,381621,,,,,,,,,,0.094,17532.864,Pinned,Device,NVIDIA A100-SXM4-40GB MIG 4g.20gb (0),1,,13,[CUDA memcpy Host-to-Device]
5531725677,3648,381622,,,,,,,,,,1.547,423963.664,Device,,NVIDIA A100-SXM4-40GB MIG 4g.20gb (0),1,,13,[CUDA memset]
5531731149,3392,381627,,,,,,,,,,0.031,9226.405,Pinned,Device,NVIDIA A100-SXM4-40GB MIG 4g.20gb (0),1,,13,[CUDA memcpy Host-to-Device]
5531736941,9536,381628,,,,,,,,,,0.197,20617.298,Pinned,Device,NVIDIA A100-SXM4-40GB MIG 4g.20gb (0),1,,13,[CUDA memcpy Host-to-Device]
5531750637,6016,381629,273,1,1,8,4,1,39,0.002,0.000,,,,,NVIDIA A100-SXM4-40GB MIG 4g.20gb (0),1,,13,"void channel_eq::eqMmseCoefCompLowMimoKernel<float, float, float, (unsigned int)4, (unsigned int)1, (unsigned int)4>(const channel_eq::_puschRxChEqStatDescr *, channel_eq::_puschRxChEqCoefCompDynDescr)"
5531760397,7936,381630,273,1,1,12,11,1,51,0.002,0.000,,,,,NVIDIA A100-SXM4-40GB MIG 4g.20gb (0),1,,13,"void channel_eq::eqMmseSoftDemapKernel<float, __half, __half, float, (unsigned int)4, (unsigned short)16383>(channel_eq::_puschRxChEqStatDescr *, channel_eq::_puschRxChEqSoftDemapDynDescr)"
5531769325,282332,381631,1,1,1,32,32,1,30,0.000,0.000,,,,,NVIDIA A100-SXM4-40GB MIG 4g.20gb (0),1,,13,"void convert_kernel<float2, __half2>(tensor_layout_any, T1 *, tensor_layout_any, const T2 *)"
5532052649,11040,381643,2253,1,1,128,1,1,16,0.000,0.000,,,,,NVIDIA A100-SXM4-40GB MIG 4g.20gb (0),1,,13,cupy_copy__float16_float16
5532065865,2816,381652,282,1,1,128,1,1,16,0.000,0.000,,,,,NVIDIA A100-SXM4-40GB MIG 4g.20gb (0),1,,13,cupy_copy__complex64_complex64
5532070729,2112,381661,26,1,1,128,1,1,16,0.000,0.000,,,,,NVIDIA A100-SXM4-40GB MIG 4g.20gb (0),1,,13,cupy_copy__float32_float32
5532074761,4320,381670,103,1,1,128,1,1,16,0.000,0.000,,,,,NVIDIA A100-SXM4-40GB MIG 4g.20gb (0),1,,13,cupy_copy__complex64_complex64
5532080009,11904,381680,1434,1,1,128,1,1,16,0.000,0.000,,,,,NVIDIA A100-SXM4-40GB MIG 4g.20gb (0),1,,13,cupy_copy__complex64_complex64
5532098345,83039,381685,1,1,1,32,32,1,30,0.000,0.000,,,,,NVIDIA A100-SXM4-40GB MIG 4g.20gb (0),1,,13,"void convert_kernel<__half2, float2>(tensor_layout_any, T1 *, tensor_layout_any, const T2 *)"
5532208839,5408,381688,,,,,,,,,,0.094,17325.421,Pinned,Device,NVIDIA A100-SXM4-40GB MIG 4g.20gb (0),1,,13,[CUDA memcpy Host-to-Device]
5532219047,598009,381689,,,,,,,,,,456.561,763370.728,Device,,NVIDIA A100-SXM4-40GB MIG 4g.20gb (0),1,,13,[CUDA memset]
5532823456,129726,381694,,,,,,,,,,1.235,9518.948,Pinned,Device,NVIDIA A100-SXM4-40GB MIG 4g.20gb (0),1,,13,[CUDA memcpy Host-to-Device]
5532961534,22944,381695,,,,,,,,,,0.197,8568.963,Pinned,Device,NVIDIA A100-SXM4-40GB MIG 4g.20gb (0),1,,13,[CUDA memcpy Host-to-Device]
5532995262,8703,381696,69,4,1,48,1,1,76,0.002,0.000,,,,,NVIDIA A100-SXM4-40GB MIG 4g.20gb (0),1,,13,"void ch_est::windowedChEstPreNoDftSOfdmKernel<float, __half, float, (unsigned int)2, (unsigned int)1, (unsigned short)4>(ch_est::puschRxChEstStatDescr_t *, ch_est::puschRxChEstDynDescr_t *)"
5533015069,7264,381697,137,2,1,24,2,1,44,0.001,0.001,,,,,NVIDIA A100-SXM4-40GB MIG 4g.20gb (0),1,,13,"void ch_est::chEstFilterNoDftSOfdmDispatchKernel<float, __half, float, (unsigned int)2>(ch_est::puschRxChEstStatDescr_t *, ch_est::puschRxChEstDynDescr_t *)"
5533029661,6432,381698,137,2,1,24,2,1,44,0.001,0.001,,,,,NVIDIA A100-SXM4-40GB MIG 4g.20gb (0),1,,13,"void ch_est::chEstFilterNoDftSOfdmDispatchKernel<float, __half, float, (unsigned int)2>(ch_est::puschRxChEstStatDescr_t *, ch_est::puschRxChEstDynDescr_t *)"
5533038077,2528,381709,103,1,1,128,1,1,16,0.000,0.000,,,,,NVIDIA A100-SXM4-40GB MIG 4g.20gb (0),1,,13,cupy_copy__complex64_complex64
5533043901,12416,381719,1434,1,1,128,1,1,16,0.000,0.000,,,,,NVIDIA A100-SXM4-40GB MIG 4g.20gb (0),1,,13,cupy_copy__complex64_complex64
5533059837,2496,381726,103,1,1,128,1,1,16,0.000,0.000,,,,,NVIDIA A100-SXM4-40GB MIG 4g.20gb (0),1,,13,cupy_copy__complex64_complex64
5533064797,88703,381733,1,1,1,32,32,1,30,0.000,0.000,,,,,NVIDIA A100-SXM4-40GB MIG 4g.20gb (0),1,,13,"void convert_kernel<__half2, float2>(tensor_layout_any, T1 *, tensor_layout_any, const T2 *)"
5533180283,5632,381736,,,,,,,,,,0.094,16636.287,Pinned,Device,NVIDIA A100-SXM4-40GB MIG 4g.20gb (0),1,,13,[CUDA memcpy Host-to-Device]
5533193083,46976,381737,,,,,,,,,,35.810,762285.767,Device,,NVIDIA A100-SXM4-40GB MIG 4g.20gb (0),1,,13,[CUDA memset]
5533247706,4224,381739,,,,,,,,,,0.000,18.939,Pinned,Device,NVIDIA A100-SXM4-40GB MIG 4g.20gb (0),1,,13,[CUDA memcpy Host-to-Device]
5533255994,15552,381740,,,,,,,,,,0.197,12641.894,Pinned,Device,NVIDIA A100-SXM4-40GB MIG 4g.20gb (0),1,,13,[CUDA memcpy Host-to-Device]
5533277626,10592,381741,273,1,1,48,1,1,40,0.000,0.001,,,,,NVIDIA A100-SXM4-40GB MIG 4g.20gb (0),1,,13,"void pusch_noise_intf_est::noiseIntfEstNoDftSOfdmKernel<float, __half, float, float, (unsigned int)2, (unsigned int)1, (unsigned char)4, (unsigned char)4>(pusch_noise_intf_est::puschRxNoiseIntfEstDynDescr)"
5533293914,2816,381752,35,1,1,128,1,1,16,0.000,0.000,,,,,NVIDIA A100-SXM4-40GB MIG 4g.20gb (0),1,,13,cupy_copy__complex64_complex64
5533302778,2080,381761,1,1,1,1,1,1,18,0.000,0.000,,,,,NVIDIA A100-SXM4-40GB MIG 4g.20gb (0),1,,13,cupy_copy__float32_float32
5533331097,1632,381767,,,,,,,,,,0.000,2.451,Device,Pageable,NVIDIA A100-SXM4-40GB MIG 4g.20gb (0),1,,7,[CUDA memcpy Device-to-Host]
5533393913,12639,381778,1434,1,1,128,1,1,16,0.000,0.000,,,,,NVIDIA A100-SXM4-40GB MIG 4g.20gb (0),1,,13,cupy_copy__complex64_complex64
5533420696,2912,381785,103,1,1,128,1,1,16,0.000,0.000,,,,,NVIDIA A100-SXM4-40GB MIG 4g.20gb (0),1,,13,cupy_copy__complex64_complex64
5533441464,2304,381792,35,1,1,128,1,1,16,0.000,0.000,,,,,NVIDIA A100-SXM4-40GB MIG 4g.20gb (0),1,,13,cupy_copy__complex64_complex64
5533459416,2048,381799,1,1,1,1,1,1,18,0.000,0.000,,,,,NVIDIA A100-SXM4-40GB MIG 4g.20gb (0),1,,13,cupy_copy__float32_float32
5533590390,83039,381810,1,1,1,32,32,1,30,0.000,0.000,,,,,NVIDIA A100-SXM4-40GB MIG 4g.20gb (0),1,,13,"void convert_kernel<__half2, float2>(tensor_layout_any, T1 *, tensor_layout_any, const T2 *)"
5533700981,5696,381813,,,,,,,,,,0.094,16449.363,Pinned,Device,NVIDIA A100-SXM4-40GB MIG 4g.20gb (0),1,,13,[CUDA memcpy Host-to-Device]
5533715477,3488,381814,,,,,,,,,,1.547,443412.461,Device,,NVIDIA A100-SXM4-40GB MIG 4g.20gb (0),1,,13,[CUDA memset]
5533722357,3040,381819,,,,,,,,,,0.031,10294.725,Pinned,Device,NVIDIA A100-SXM4-40GB MIG 4g.20gb (0),1,,13,[CUDA memcpy Host-to-Device]
5533727925,9471,381820,,,,,,,,,,0.197,20758.856,Pinned,Device,NVIDIA A100-SXM4-40GB MIG 4g.20gb (0),1,,13,[CUDA memcpy Host-to-Device]
5533743124,6784,381821,273,1,1,8,4,1,39,0.002,0.000,,,,,NVIDIA A100-SXM4-40GB MIG 4g.20gb (0),1,,13,"void channel_eq::eqMmseCoefCompLowMimoKernel<float, float, float, (unsigned int)4, (unsigned int)1, (unsigned int)4>(const channel_eq::_puschRxChEqStatDescr *, channel_eq::_puschRxChEqCoefCompDynDescr)"
5533750900,6304,381822,273,1,1,12,11,1,51,0.002,0.000,,,,,NVIDIA A100-SXM4-40GB MIG 4g.20gb (0),1,,13,"void channel_eq::eqMmseSoftDemapKernel<float, __half, __half, float, (unsigned int)4, (unsigned short)16383>(channel_eq::_puschRxChEqStatDescr *, channel_eq::_puschRxChEqSoftDemapDynDescr)"
5533759988,294428,381823,1,1,1,32,32,1,30,0.000,0.000,,,,,NVIDIA A100-SXM4-40GB MIG 4g.20gb (0),1,,13,"void convert_kernel<float2, __half2>(tensor_layout_any, T1 *, tensor_layout_any, const T2 *)"
5534056688,10880,381835,2253,1,1,128,1,1,16,0.000,0.000,,,,,NVIDIA A100-SXM4-40GB MIG 4g.20gb (0),1,,13,cupy_copy__float16_float16
5534072304,2656,381844,282,1,1,128,1,1,16,0.000,0.000,,,,,NVIDIA A100-SXM4-40GB MIG 4g.20gb (0),1,,13,cupy_copy__complex64_complex64
5534076400,2304,381853,26,1,1,128,1,1,16,0.000,0.000,,,,,NVIDIA A100-SXM4-40GB MIG 4g.20gb (0),1,,13,cupy_copy__float32_float32
5534079632,2880,381862,103,1,1,128,1,1,16,0.000,0.000,,,,,NVIDIA A100-SXM4-40GB MIG 4g.20gb (0),1,,13,cupy_copy__complex64_complex64
5534085616,11968,381872,1434,1,1,128,1,1,16,0.000,0.000,,,,,NVIDIA A100-SXM4-40GB MIG 4g.20gb (0),1,,13,cupy_copy__complex64_complex64
5534101360,82591,381877,1,1,1,32,32,1,30,0.000,0.000,,,,,NVIDIA A100-SXM4-40GB MIG 4g.20gb (0),1,,13,"void convert_kernel<__half2, float2>(tensor_layout_any, T1 *, tensor_layout_any, const T2 *)"
5534211119,5631,381880,,,,,,,,,,0.094,16639.285,Pinned,Device,NVIDIA A100-SXM4-40GB MIG 4g.20gb (0),1,,13,[CUDA memcpy Host-to-Device]
5534220846,597337,381881,,,,,,,,,,456.561,764283.851,Device,,NVIDIA A100-SXM4-40GB MIG 4g.20gb (0),1,,13,[CUDA memset]
5534825543,151550,381886,,,,,,,,,,1.235,8148.161,Pinned,Device,NVIDIA A100-SXM4-40GB MIG 4g.20gb (0),1,,13,[CUDA memcpy Host-to-Device]
5534989957,38431,381887,,,,,,,,,,0.197,5115.740,Pinned,Device,NVIDIA A100-SXM4-40GB MIG 4g.20gb (0),1,,13,[CUDA memcpy Host-to-Device]
5535049860,8288,381888,69,4,1,48,1,1,76,0.002,0.000,,,,,NVIDIA A100-SXM4-40GB MIG 4g.20gb (0),1,,13,"void ch_est::windowedChEstPreNoDftSOfdmKernel<float, __half, float, (unsigned int)2, (unsigned int)1, (unsigned short)4>(ch_est::puschRxChEstStatDescr_t *, ch_est::puschRxChEstDynDescr_t *)"
5535066628,6720,381889,137,2,1,24,2,1,44,0.001,0.001,,,,,NVIDIA A100-SXM4-40GB MIG 4g.20gb (0),1,,13,"void ch_est::chEstFilterNoDftSOfdmDispatchKernel<float, __half, float, (unsigned int)2>(ch_est::puschRxChEstStatDescr_t *, ch_est::puschRxChEstDynDescr_t *)"
5535084356,4736,381890,137,2,1,24,2,1,44,0.001,0.001,,,,,NVIDIA A100-SXM4-40GB MIG 4g.20gb (0),1,,13,"void ch_est::chEstFilterNoDftSOfdmDispatchKernel<float, __half, float, (unsigned int)2>(ch_est::puschRxChEstStatDescr_t *, ch_est::puschRxChEstDynDescr_t *)"
5535099684,2688,381901,103,1,1,128,1,1,16,0.000,0.000,,,,,NVIDIA A100-SXM4-40GB MIG 4g.20gb (0),1,,13,cupy_copy__complex64_complex64
5535114915,12352,381911,1434,1,1,128,1,1,16,0.000,0.000,,,,,NVIDIA A100-SXM4-40GB MIG 4g.20gb (0),1,,13,cupy_copy__complex64_complex64
5535151939,2560,381918,103,1,1,128,1,1,16,0.000,0.000,,,,,NVIDIA A100-SXM4-40GB MIG 4g.20gb (0),1,,13,cupy_copy__complex64_complex64
5535167555,82495,381925,1,1,1,32,32,1,30,0.000,0.000,,,,,NVIDIA A100-SXM4-40GB MIG 4g.20gb (0),1,,13,"void convert_kernel<__half2, float2>(tensor_layout_any, T1 *, tensor_layout_any, const T2 *)"
5535278241,6656,381928,,,,,,,,,,0.094,14076.887,Pinned,Device,NVIDIA A100-SXM4-40GB MIG 4g.20gb (0),1,,13,[CUDA memcpy Host-to-Device]
5535291201,47296,381929,,,,,,,,,,35.810,757129.139,Device,,NVIDIA A100-SXM4-40GB MIG 4g.20gb (0),1,,13,[CUDA memset]
5535344513,6464,381931,,,,,,,,,,0.000,12.376,Pinned,Device,NVIDIA A100-SXM4-40GB MIG 4g.20gb (0),1,,13,[CUDA memcpy Host-to-Device]
5535355776,13088,381932,,,,,,,,,,0.197,15021.834,Pinned,Device,NVIDIA A100-SXM4-40GB MIG 4g.20gb (0),1,,13,[CUDA memcpy Host-to-Device]
5535377856,12800,381933,273,1,1,48,1,1,40,0.000,0.001,,,,,NVIDIA A100-SXM4-40GB MIG 4g.20gb (0),1,,13,"void pusch_noise_intf_est::noiseIntfEstNoDftSOfdmKernel<float, __half, float, float, (unsigned int)2, (unsigned int)1, (unsigned char)4, (unsigned char)4>(pusch_noise_intf_est::puschRxNoiseIntfEstDynDescr)"
5535394848,3072,381944,35,1,1,128,1,1,16,0.000,0.000,,,,,NVIDIA A100-SXM4-40GB MIG 4g.20gb (0),1,,13,cupy_copy__complex64_complex64
5535400000,1728,381953,1,1,1,1,1,1,18,0.000,0.000,,,,,NVIDIA A100-SXM4-40GB MIG 4g.20gb (0),1,,13,cupy_copy__float32_float32
5535434335,1760,381959,,,,,,,,,,0.000,2.273,Device,Pageable,NVIDIA A100-SXM4-40GB MIG 4g.20gb (0),1,,7,[CUDA memcpy Device-to-Host]
5535498079,12864,381970,1434,1,1,128,1,1,16,0.000,0.000,,,,,NVIDIA A100-SXM4-40GB MIG 4g.20gb (0),1,,13,cupy_copy__complex64_complex64
5535521150,2912,381977,103,1,1,128,1,1,16,0.000,0.000,,,,,NVIDIA A100-SXM4-40GB MIG 4g.20gb (0),1,,13,cupy_copy__complex64_complex64
5535543454,2752,381984,35,1,1,128,1,1,16,0.000,0.000,,,,,NVIDIA A100-SXM4-40GB MIG 4g.20gb (0),1,,13,cupy_copy__complex64_complex64
5535560446,1824,381991,1,1,1,1,1,1,18,0.000,0.000,,,,,NVIDIA A100-SXM4-40GB MIG 4g.20gb (0),1,,13,cupy_copy__float32_float32
5535694524,81215,382002,1,1,1,32,32,1,30,0.000,0.000,,,,,NVIDIA A100-SXM4-40GB MIG 4g.20gb (0),1,,13,"void convert_kernel<__half2, float2>(tensor_layout_any, T1 *, tensor_layout_any, const T2 *)"
5535802939,5792,382005,,,,,,,,,,0.094,16176.708,Pinned,Device,NVIDIA A100-SXM4-40GB MIG 4g.20gb (0),1,,13,[CUDA memcpy Host-to-Device]
5535816859,3392,382006,,,,,,,,,,1.547,455961.768,Device,,NVIDIA A100-SXM4-40GB MIG 4g.20gb (0),1,,13,[CUDA memset]
5535823739,3264,382011,,,,,,,,,,0.031,9588.218,Pinned,Device,NVIDIA A100-SXM4-40GB MIG 4g.20gb (0),1,,13,[CUDA memcpy Host-to-Device]
5535829819,9855,382012,,,,,,,,,,0.197,19950.010,Pinned,Device,NVIDIA A100-SXM4-40GB MIG 4g.20gb (0),1,,13,[CUDA memcpy Host-to-Device]
5535844282,6400,382013,273,1,1,8,4,1,39,0.002,0.000,,,,,NVIDIA A100-SXM4-40GB MIG 4g.20gb (0),1,,13,"void channel_eq::eqMmseCoefCompLowMimoKernel<float, float, float, (unsigned int)4, (unsigned int)1, (unsigned int)4>(const channel_eq::_puschRxChEqStatDescr *, channel_eq::_puschRxChEqCoefCompDynDescr)"
5535854010,6336,382014,273,1,1,12,11,1,51,0.002,0.000,,,,,NVIDIA A100-SXM4-40GB MIG 4g.20gb (0),1,,13,"void channel_eq::eqMmseSoftDemapKernel<float, __half, __half, float, (unsigned int)4, (unsigned short)16383>(channel_eq::_puschRxChEqStatDescr *, channel_eq::_puschRxChEqSoftDemapDynDescr)"
5535861690,282653,382015,1,1,1,32,32,1,30,0.000,0.000,,,,,NVIDIA A100-SXM4-40GB MIG 4g.20gb (0),1,,13,"void convert_kernel<float2, __half2>(tensor_layout_any, T1 *, tensor_layout_any, const T2 *)"
5536147191,11072,382027,2253,1,1,128,1,1,16,0.000,0.000,,,,,NVIDIA A100-SXM4-40GB MIG 4g.20gb (0),1,,13,cupy_copy__float16_float16
5536161847,3423,382036,282,1,1,128,1,1,16,0.000,0.000,,,,,NVIDIA A100-SXM4-40GB MIG 4g.20gb (0),1,,13,cupy_copy__complex64_complex64
5536167190,2272,382045,26,1,1,128,1,1,16,0.000,0.000,,,,,NVIDIA A100-SXM4-40GB MIG 4g.20gb (0),1,,13,cupy_copy__float32_float32
5536170870,3648,382054,103,1,1,128,1,1,16,0.000,0.000,,,,,NVIDIA A100-SXM4-40GB MIG 4g.20gb (0),1,,13,cupy_copy__complex64_complex64
5536176150,11872,382064,1434,1,1,128,1,1,16,0.000,0.000,,,,,NVIDIA A100-SXM4-40GB MIG 4g.20gb (0),1,,13,cupy_copy__complex64_complex64
5536197494,88191,382069,1,1,1,32,32,1,30,0.000,0.000,,,,,NVIDIA A100-SXM4-40GB MIG 4g.20gb (0),1,,13,"void convert_kernel<__half2, float2>(tensor_layout_any, T1 *, tensor_layout_any, const T2 *)"
5536312661,5632,382072,,,,,,,,,,0.094,16636.287,Pinned,Device,NVIDIA A100-SXM4-40GB MIG 4g.20gb (0),1,,13,[CUDA memcpy Host-to-Device]
5536322613,598840,382073,,,,,,,,,,456.561,762001.043,Device,,NVIDIA A100-SXM4-40GB MIG 4g.20gb (0),1,,13,[CUDA memset]
5536922989,151262,382078,,,,,,,,,,1.235,8164.215,Pinned,Device,NVIDIA A100-SXM4-40GB MIG 4g.20gb (0),1,,13,[CUDA memcpy Host-to-Device]
5537086827,40512,382079,,,,,,,,,,0.197,4853.072,Pinned,Device,NVIDIA A100-SXM4-40GB MIG 4g.20gb (0),1,,13,[CUDA memcpy Host-to-Device]
5537160554,8192,382080,69,4,1,48,1,1,76,0.002,0.000,,,,,NVIDIA A100-SXM4-40GB MIG 4g.20gb (0),1,,13,"void ch_est::windowedChEstPreNoDftSOfdmKernel<float, __half, float, (unsigned int)2, (unsigned int)1, (unsigned short)4>(ch_est::puschRxChEstStatDescr_t *, ch_est::puschRxChEstDynDescr_t *)"
5537180010,6624,382081,137,2,1,24,2,1,44,0.001,0.001,,,,,NVIDIA A100-SXM4-40GB MIG 4g.20gb (0),1,,13,"void ch_est::chEstFilterNoDftSOfdmDispatchKernel<float, __half, float, (unsigned int)2>(ch_est::puschRxChEstStatDescr_t *, ch_est::puschRxChEstDynDescr_t *)"
5537196522,4736,382082,137,2,1,24,2,1,44,0.001,0.001,,,,,NVIDIA A100-SXM4-40GB MIG 4g.20gb (0),1,,13,"void ch_est::chEstFilterNoDftSOfdmDispatchKernel<float, __half, float, (unsigned int)2>(ch_est::puschRxChEstStatDescr_t *, ch_est::puschRxChEstDynDescr_t *)"
5537215946,2720,382093,103,1,1,128,1,1,16,0.000,0.000,,,,,NVIDIA A100-SXM4-40GB MIG 4g.20gb (0),1,,13,cupy_copy__complex64_complex64
5537233129,12352,382103,1434,1,1,128,1,1,16,0.000,0.000,,,,,NVIDIA A100-SXM4-40GB MIG 4g.20gb (0),1,,13,cupy_copy__complex64_complex64
5537252873,2976,382110,103,1,1,128,1,1,16,0.000,0.000,,,,,NVIDIA A100-SXM4-40GB MIG 4g.20gb (0),1,,13,cupy_copy__complex64_complex64
5537274249,92223,382117,1,1,1,32,32,1,30,0.000,0.000,,,,,NVIDIA A100-SXM4-40GB MIG 4g.20gb (0),1,,13,"void convert_kernel<__half2, float2>(tensor_layout_any, T1 *, tensor_layout_any, const T2 *)"
5537401607,26208,382120,,,,,,,,,,0.094,3575.065,Pinned,Device,NVIDIA A100-SXM4-40GB MIG 4g.20gb (0),1,,13,[CUDA memcpy Host-to-Device]
5537443655,46783,382121,,,,,,,,,,35.810,765437.040,Device,,NVIDIA A100-SXM4-40GB MIG 4g.20gb (0),1,,13,[CUDA memset]
5537491942,11296,382123,,,,,,,,,,0.000,7.082,Pinned,Device,NVIDIA A100-SXM4-40GB MIG 4g.20gb (0),1,,13,[CUDA memcpy Host-to-Device]
5537508038,25632,382124,,,,,,,,,,0.197,7670.268,Pinned,Device,NVIDIA A100-SXM4-40GB MIG 4g.20gb (0),1,,13,[CUDA memcpy Host-to-Device]
5537549413,9376,382125,273,1,1,48,1,1,40,0.000,0.001,,,,,NVIDIA A100-SXM4-40GB MIG 4g.20gb (0),1,,13,"void pusch_noise_intf_est::noiseIntfEstNoDftSOfdmKernel<float, __half, float, float, (unsigned int)2, (unsigned int)1, (unsigned char)4, (unsigned char)4>(pusch_noise_intf_est::puschRxNoiseIntfEstDynDescr)"
5537567557,2912,382136,35,1,1,128,1,1,16,0.000,0.000,,,,,NVIDIA A100-SXM4-40GB MIG 4g.20gb (0),1,,13,cupy_copy__complex64_complex64
5537576645,2176,382145,1,1,1,1,1,1,18,0.000,0.000,,,,,NVIDIA A100-SXM4-40GB MIG 4g.20gb (0),1,,13,cupy_copy__float32_float32
5537582245,4128,382151,,,,,,,,,,0.000,0.969,Device,Pageable,NVIDIA A100-SXM4-40GB MIG 4g.20gb (0),1,,7,[CUDA memcpy Device-to-Host]
5537649604,12672,382162,1434,1,1,128,1,1,16,0.000,0.000,,,,,NVIDIA A100-SXM4-40GB MIG 4g.20gb (0),1,,13,cupy_copy__complex64_complex64
5537674596,2656,382169,103,1,1,128,1,1,16,0.000,0.000,,,,,NVIDIA A100-SXM4-40GB MIG 4g.20gb (0),1,,13,cupy_copy__complex64_complex64
5537695492,2464,382176,35,1,1,128,1,1,16,0.000,0.000,,,,,NVIDIA A100-SXM4-40GB MIG 4g.20gb (0),1,,13,cupy_copy__complex64_complex64
5537713699,1920,382183,1,1,1,1,1,1,18,0.000,0.000,,,,,NVIDIA A100-SXM4-40GB MIG 4g.20gb (0),1,,13,cupy_copy__float32_float32
5537845986,83263,382194,1,1,1,32,32,1,30,0.000,0.000,,,,,NVIDIA A100-SXM4-40GB MIG 4g.20gb (0),1,,13,"void convert_kernel<__half2, float2>(tensor_layout_any, T1 *, tensor_layout_any, const T2 *)"
5537957216,5792,382197,,,,,,,,,,0.094,16176.708,Pinned,Device,NVIDIA A100-SXM4-40GB MIG 4g.20gb (0),1,,13,[CUDA memcpy Host-to-Device]
5537970432,3296,382198,,,,,,,,,,1.547,469242.628,Device,,NVIDIA A100-SXM4-40GB MIG 4g.20gb (0),1,,13,[CUDA memset]
5537977536,3520,382203,,,,,,,,,,0.031,8890.881,Pinned,Device,NVIDIA A100-SXM4-40GB MIG 4g.20gb (0),1,,13,[CUDA memcpy Host-to-Device]
5537983584,9376,382204,,,,,,,,,,0.197,20969.226,Pinned,Device,NVIDIA A100-SXM4-40GB MIG 4g.20gb (0),1,,13,[CUDA memcpy Host-to-Device]
5537998016,5888,382205,273,1,1,8,4,1,39,0.002,0.000,,,,,NVIDIA A100-SXM4-40GB MIG 4g.20gb (0),1,,13,"void channel_eq::eqMmseCoefCompLowMimoKernel<float, float, float, (unsigned int)4, (unsigned int)1, (unsigned int)4>(const channel_eq::_puschRxChEqStatDescr *, channel_eq::_puschRxChEqCoefCompDynDescr)"
5538007296,5760,382206,273,1,1,12,11,1,51,0.002,0.000,,,,,NVIDIA A100-SXM4-40GB MIG 4g.20gb (0),1,,13,"void channel_eq::eqMmseSoftDemapKernel<float, __half, __half, float, (unsigned int)4, (unsigned short)16383>(channel_eq::_puschRxChEqStatDescr *, channel_eq::_puschRxChEqSoftDemapDynDescr)"
5538014752,290300,382207,1,1,1,32,32,1,30,0.000,0.000,,,,,NVIDIA A100-SXM4-40GB MIG 4g.20gb (0),1,,13,"void convert_kernel<float2, __half2>(tensor_layout_any, T1 *, tensor_layout_any, const T2 *)"
5538306172,10912,382219,2253,1,1,128,1,1,16,0.000,0.000,,,,,NVIDIA A100-SXM4-40GB MIG 4g.20gb (0),1,,13,cupy_copy__float16_float16
5538321596,3616,382228,282,1,1,128,1,1,16,0.000,0.000,,,,,NVIDIA A100-SXM4-40GB MIG 4g.20gb (0),1,,13,cupy_copy__complex64_complex64
5538327388,2144,382237,26,1,1,128,1,1,16,0.000,0.000,,,,,NVIDIA A100-SXM4-40GB MIG 4g.20gb (0),1,,13,cupy_copy__float32_float32
5538331580,3904,382246,103,1,1,128,1,1,16,0.000,0.000,,,,,NVIDIA A100-SXM4-40GB MIG 4g.20gb (0),1,,13,cupy_copy__complex64_complex64
5538336476,11968,382256,1434,1,1,128,1,1,16,0.000,0.000,,,,,NVIDIA A100-SXM4-40GB MIG 4g.20gb (0),1,,13,cupy_copy__complex64_complex64
5538352828,87198,382261,1,1,1,32,32,1,30,0.000,0.000,,,,,NVIDIA A100-SXM4-40GB MIG 4g.20gb (0),1,,13,"void convert_kernel<__half2, float2>(tensor_layout_any, T1 *, tensor_layout_any, const T2 *)"
5538467866,5664,382264,,,,,,,,,,0.094,16542.310,Pinned,Device,NVIDIA A100-SXM4-40GB MIG 4g.20gb (0),1,,13,[CUDA memcpy Host-to-Device]
5538478426,600857,382265,,,,,,,,,,456.561,759718.236,Device,,NVIDIA A100-SXM4-40GB MIG 4g.20gb (0),1,,13,[CUDA memset]
5539081267,140190,382270,,,,,,,,,,1.235,8808.856,Pinned,Device,NVIDIA A100-SXM4-40GB MIG 4g.20gb (0),1,,13,[CUDA memcpy Host-to-Device]
5539237681,36927,382271,,,,,,,,,,0.197,5324.145,Pinned,Device,NVIDIA A100-SXM4-40GB MIG 4g.20gb (0),1,,13,[CUDA memcpy Host-to-Device]
5539299856,8384,382272,69,4,1,48,1,1,76,0.002,0.000,,,,,NVIDIA A100-SXM4-40GB MIG 4g.20gb (0),1,,13,"void ch_est::windowedChEstPreNoDftSOfdmKernel<float, __half, float, (unsigned int)2, (unsigned int)1, (unsigned short)4>(ch_est::puschRxChEstStatDescr_t *, ch_est::puschRxChEstDynDescr_t *)"
5539317808,6784,382273,137,2,1,24,2,1,44,0.001,0.001,,,,,NVIDIA A100-SXM4-40GB MIG 4g.20gb (0),1,,13,"void ch_est::chEstFilterNoDftSOfdmDispatchKernel<float, __half, float, (unsigned int)2>(ch_est::puschRxChEstStatDescr_t *, ch_est::puschRxChEstDynDescr_t *)"
5539335183,4704,382274,137,2,1,24,2,1,44,0.001,0.001,,,,,NVIDIA A100-SXM4-40GB MIG 4g.20gb (0),1,,13,"void ch_est::chEstFilterNoDftSOfdmDispatchKernel<float, __half, float, (unsigned int)2>(ch_est::puschRxChEstStatDescr_t *, ch_est::puschRxChEstDynDescr_t *)"
5539351983,2528,382285,103,1,1,128,1,1,16,0.000,0.000,,,,,NVIDIA A100-SXM4-40GB MIG 4g.20gb (0),1,,13,cupy_copy__complex64_complex64
5539371471,12352,382295,1434,1,1,128,1,1,16,0.000,0.000,,,,,NVIDIA A100-SXM4-40GB MIG 4g.20gb (0),1,,13,cupy_copy__complex64_complex64
5539390671,2912,382302,103,1,1,128,1,1,16,0.000,0.000,,,,,NVIDIA A100-SXM4-40GB MIG 4g.20gb (0),1,,13,cupy_copy__complex64_complex64
5539416718,100287,382309,1,1,1,32,32,1,30,0.000,0.000,,,,,NVIDIA A100-SXM4-40GB MIG 4g.20gb (0),1,,13,"void convert_kernel<__half2, float2>(tensor_layout_any, T1 *, tensor_layout_any, const T2 *)"
5539550253,26847,382312,,,,,,,,,,0.094,3489.989,Pinned,Device,NVIDIA A100-SXM4-40GB MIG 4g.20gb (0),1,,13,[CUDA memcpy Host-to-Device]
5539607980,47327,382313,,,,,,,,,,35.810,756627.800,Device,,NVIDIA A100-SXM4-40GB MIG 4g.20gb (0),1,,13,[CUDA memset]
5539658635,10912,382315,,,,,,,,,,0.000,7.331,Pinned,Device,NVIDIA A100-SXM4-40GB MIG 4g.20gb (0),1,,13,[CUDA memcpy Host-to-Device]
5539684043,27136,382316,,,,,,,,,,0.197,7245.201,Pinned,Device,NVIDIA A100-SXM4-40GB MIG 4g.20gb (0),1,,13,[CUDA memcpy Host-to-Device]
5539734027,9887,382317,273,1,1,48,1,1,40,0.000,0.001,,,,,NVIDIA A100-SXM4-40GB MIG 4g.20gb (0),1,,13,"void pusch_noise_intf_est::noiseIntfEstNoDftSOfdmKernel<float, __half, float, float, (unsigned int)2, (unsigned int)1, (unsigned char)4, (unsigned char)4>(pusch_noise_intf_est::puschRxNoiseIntfEstDynDescr)"
5539750602,2784,382328,35,1,1,128,1,1,16,0.000,0.000,,,,,NVIDIA A100-SXM4-40GB MIG 4g.20gb (0),1,,13,cupy_copy__complex64_complex64
5539767338,1696,382337,1,1,1,1,1,1,18,0.000,0.000,,,,,NVIDIA A100-SXM4-40GB MIG 4g.20gb (0),1,,13,cupy_copy__float32_float32
5539775626,7552,382343,,,,,,,,,,0.000,0.530,Device,Pageable,NVIDIA A100-SXM4-40GB MIG 4g.20gb (0),1,,7,[CUDA memcpy Device-to-Host]
5539873097,12544,382354,1434,1,1,128,1,1,16,0.000,0.000,,,,,NVIDIA A100-SXM4-40GB MIG 4g.20gb (0),1,,13,cupy_copy__complex64_complex64
5539899240,2688,382361,103,1,1,128,1,1,16,0.000,0.000,,,,,NVIDIA A100-SXM4-40GB MIG 4g.20gb (0),1,,13,cupy_copy__complex64_complex64
5539916136,2560,382368,35,1,1,128,1,1,16,0.000,0.000,,,,,NVIDIA A100-SXM4-40GB MIG 4g.20gb (0),1,,13,cupy_copy__complex64_complex64
5539938952,1792,382375,1,1,1,1,1,1,18,0.000,0.000,,,,,NVIDIA A100-SXM4-40GB MIG 4g.20gb (0),1,,13,cupy_copy__float32_float32
5540061926,86623,382386,1,1,1,32,32,1,30,0.000,0.000,,,,,NVIDIA A100-SXM4-40GB MIG 4g.20gb (0),1,,13,"void convert_kernel<__half2, float2>(tensor_layout_any, T1 *, tensor_layout_any, const T2 *)"
5540178053,5440,382389,,,,,,,,,,0.094,17223.480,Pinned,Device,NVIDIA A100-SXM4-40GB MIG 4g.20gb (0),1,,13,[CUDA memcpy Host-to-Device]
5540192325,3168,382390,,,,,,,,,,1.547,488201.145,Device,,NVIDIA A100-SXM4-40GB MIG 4g.20gb (0),1,,13,[CUDA memset]
5540199077,3264,382395,,,,,,,,,,0.031,9588.218,Pinned,Device,NVIDIA A100-SXM4-40GB MIG 4g.20gb (0),1,,13,[CUDA memcpy Host-to-Device]
5540205061,9984,382396,,,,,,,,,,0.197,19692.257,Pinned,Device,NVIDIA A100-SXM4-40GB MIG 4g.20gb (0),1,,13,[CUDA memcpy Host-to-Device]
5540222788,8256,382397,273,1,1,8,4,1,39,0.002,0.000,,,,,NVIDIA A100-SXM4-40GB MIG 4g.20gb (0),1,,13,"void channel_eq::eqMmseCoefCompLowMimoKernel<float, float, float, (unsigned int)4, (unsigned int)1, (unsigned int)4>(const channel_eq::_puschRxChEqStatDescr *, channel_eq::_puschRxChEqCoefCompDynDescr)"
5540232420,5920,382398,273,1,1,12,11,1,51,0.002,0.000,,,,,NVIDIA A100-SXM4-40GB MIG 4g.20gb (0),1,,13,"void channel_eq::eqMmseSoftDemapKernel<float, __half, __half, float, (unsigned int)4, (unsigned short)16383>(channel_eq::_puschRxChEqStatDescr *, channel_eq::_puschRxChEqSoftDemapDynDescr)"
5540240740,282685,382399,1,1,1,32,32,1,30,0.000,0.000,,,,,NVIDIA A100-SXM4-40GB MIG 4g.20gb (0),1,,13,"void convert_kernel<float2, __half2>(tensor_layout_any, T1 *, tensor_layout_any, const T2 *)"
5540525953,11264,382411,2253,1,1,128,1,1,16,0.000,0.000,,,,,NVIDIA A100-SXM4-40GB MIG 4g.20gb (0),1,,13,cupy_copy__float16_float16
5540539361,3200,382420,282,1,1,128,1,1,16,0.000,0.000,,,,,NVIDIA A100-SXM4-40GB MIG 4g.20gb (0),1,,13,cupy_copy__complex64_complex64
5540543873,2016,382429,26,1,1,128,1,1,16,0.000,0.000,,,,,NVIDIA A100-SXM4-40GB MIG 4g.20gb (0),1,,13,cupy_copy__float32_float32
5540549536,3104,382438,103,1,1,128,1,1,16,0.000,0.000,,,,,NVIDIA A100-SXM4-40GB MIG 4g.20gb (0),1,,13,cupy_copy__complex64_complex64
5540555264,12416,382448,1434,1,1,128,1,1,16,0.000,0.000,,,,,NVIDIA A100-SXM4-40GB MIG 4g.20gb (0),1,,13,cupy_copy__complex64_complex64
5540572768,81887,382453,1,1,1,32,32,1,30,0.000,0.000,,,,,NVIDIA A100-SXM4-40GB MIG 4g.20gb (0),1,,13,"void convert_kernel<__half2, float2>(tensor_layout_any, T1 *, tensor_layout_any, const T2 *)"
5540681983,5952,382456,,,,,,,,,,0.094,15741.865,Pinned,Device,NVIDIA A100-SXM4-40GB MIG 4g.20gb (0),1,,13,[CUDA memcpy Host-to-Device]
5540692063,596536,382457,,,,,,,,,,456.561,765196.973,Device,,NVIDIA A100-SXM4-40GB MIG 4g.20gb (0),1,,13,[CUDA memset]
5541293175,132575,382462,,,,,,,,,,1.235,9313.948,Pinned,Device,NVIDIA A100-SXM4-40GB MIG 4g.20gb (0),1,,13,[CUDA memcpy Host-to-Device]
5541434774,22847,382463,,,,,,,,,,0.197,8605.336,Pinned,Device,NVIDIA A100-SXM4-40GB MIG 4g.20gb (0),1,,13,[CUDA memcpy Host-to-Device]
5541473429,8896,382464,69,4,1,48,1,1,76,0.002,0.000,,,,,NVIDIA A100-SXM4-40GB MIG 4g.20gb (0),1,,13,"void ch_est::windowedChEstPreNoDftSOfdmKernel<float, __half, float, (unsigned int)2, (unsigned int)1, (unsigned short)4>(ch_est::puschRxChEstStatDescr_t *, ch_est::puschRxChEstDynDescr_t *)"
5541488949,7296,382465,137,2,1,24,2,1,44,0.001,0.001,,,,,NVIDIA A100-SXM4-40GB MIG 4g.20gb (0),1,,13,"void ch_est::chEstFilterNoDftSOfdmDispatchKernel<float, __half, float, (unsigned int)2>(ch_est::puschRxChEstStatDescr_t *, ch_est::puschRxChEstDynDescr_t *)"
5541502389,4992,382466,137,2,1,24,2,1,44,0.001,0.001,,,,,NVIDIA A100-SXM4-40GB MIG 4g.20gb (0),1,,13,"void ch_est::chEstFilterNoDftSOfdmDispatchKernel<float, __half, float, (unsigned int)2>(ch_est::puschRxChEstStatDescr_t *, ch_est::puschRxChEstDynDescr_t *)"
5541508821,2336,382477,103,1,1,128,1,1,16,0.000,0.000,,,,,NVIDIA A100-SXM4-40GB MIG 4g.20gb (0),1,,13,cupy_copy__complex64_complex64
5541515061,12959,382487,1434,1,1,128,1,1,16,0.000,0.000,,,,,NVIDIA A100-SXM4-40GB MIG 4g.20gb (0),1,,13,cupy_copy__complex64_complex64
5541531700,2624,382494,103,1,1,128,1,1,16,0.000,0.000,,,,,NVIDIA A100-SXM4-40GB MIG 4g.20gb (0),1,,13,cupy_copy__complex64_complex64
5541537332,86399,382501,1,1,1,32,32,1,30,0.000,0.000,,,,,NVIDIA A100-SXM4-40GB MIG 4g.20gb (0),1,,13,"void convert_kernel<__half2, float2>(tensor_layout_any, T1 *, tensor_layout_any, const T2 *)"
5541651507,5632,382504,,,,,,,,,,0.094,16636.287,Pinned,Device,NVIDIA A100-SXM4-40GB MIG 4g.20gb (0),1,,13,[CUDA memcpy Host-to-Device]
5541663891,46559,382505,,,,,,,,,,35.810,769125.462,Device,,NVIDIA A100-SXM4-40GB MIG 4g.20gb (0),1,,13,[CUDA memset]
5541718834,3936,382507,,,,,,,,,,0.000,20.325,Pinned,Device,NVIDIA A100-SXM4-40GB MIG 4g.20gb (0),1,,13,[CUDA memcpy Host-to-Device]
5541726610,12064,382508,,,,,,,,,,0.197,16297.034,Pinned,Device,NVIDIA A100-SXM4-40GB MIG 4g.20gb (0),1,,13,[CUDA memcpy Host-to-Device]
5541748722,10336,382509,273,1,1,48,1,1,40,0.000,0.001,,,,,NVIDIA A100-SXM4-40GB MIG 4g.20gb (0),1,,13,"void pusch_noise_intf_est::noiseIntfEstNoDftSOfdmKernel<float, __half, float, float, (unsigned int)2, (unsigned int)1, (unsigned char)4, (unsigned char)4>(pusch_noise_intf_est::puschRxNoiseIntfEstDynDescr)"
5541761074,2783,382520,35,1,1,128,1,1,16,0.000,0.000,,,,,NVIDIA A100-SXM4-40GB MIG 4g.20gb (0),1,,13,cupy_copy__complex64_complex64
5541777073,1824,382529,1,1,1,1,1,1,18,0.000,0.000,,,,,NVIDIA A100-SXM4-40GB MIG 4g.20gb (0),1,,13,cupy_copy__float32_float32
5541807057,1760,382535,,,,,,,,,,0.000,2.273,Device,Pageable,NVIDIA A100-SXM4-40GB MIG 4g.20gb (0),1,,7,[CUDA memcpy Device-to-Host]
5541866608,12672,382546,1434,1,1,128,1,1,16,0.000,0.000,,,,,NVIDIA A100-SXM4-40GB MIG 4g.20gb (0),1,,13,cupy_copy__complex64_complex64
5541893168,3328,382553,103,1,1,128,1,1,16,0.000,0.000,,,,,NVIDIA A100-SXM4-40GB MIG 4g.20gb (0),1,,13,cupy_copy__complex64_complex64
5541915408,2368,382560,35,1,1,128,1,1,16,0.000,0.000,,,,,NVIDIA A100-SXM4-40GB MIG 4g.20gb (0),1,,13,cupy_copy__complex64_complex64
5541932655,1824,382567,1,1,1,1,1,1,18,0.000,0.000,,,,,NVIDIA A100-SXM4-40GB MIG 4g.20gb (0),1,,13,cupy_copy__float32_float32
5542063214,82655,382578,1,1,1,32,32,1,30,0.000,0.000,,,,,NVIDIA A100-SXM4-40GB MIG 4g.20gb (0),1,,13,"void convert_kernel<__half2, float2>(tensor_layout_any, T1 *, tensor_layout_any, const T2 *)"
5542173132,5792,382581,,,,,,,,,,0.094,16176.708,Pinned,Device,NVIDIA A100-SXM4-40GB MIG 4g.20gb (0),1,,13,[CUDA memcpy Host-to-Device]
5542187852,3168,382582,,,,,,,,,,1.547,488201.145,Device,,NVIDIA A100-SXM4-40GB MIG 4g.20gb (0),1,,13,[CUDA memset]
5542194188,3360,382587,,,,,,,,,,0.031,9314.284,Pinned,Device,NVIDIA A100-SXM4-40GB MIG 4g.20gb (0),1,,13,[CUDA memcpy Host-to-Device]
5542199980,9408,382588,,,,,,,,,,0.197,20897.858,Pinned,Device,NVIDIA A100-SXM4-40GB MIG 4g.20gb (0),1,,13,[CUDA memcpy Host-to-Device]
5542213772,6336,382589,273,1,1,8,4,1,39,0.002,0.000,,,,,NVIDIA A100-SXM4-40GB MIG 4g.20gb (0),1,,13,"void channel_eq::eqMmseCoefCompLowMimoKernel<float, float, float, (unsigned int)4, (unsigned int)1, (unsigned int)4>(const channel_eq::_puschRxChEqStatDescr *, channel_eq::_puschRxChEqCoefCompDynDescr)"
5542221068,5984,382590,273,1,1,12,11,1,51,0.002,0.000,,,,,NVIDIA A100-SXM4-40GB MIG 4g.20gb (0),1,,13,"void channel_eq::eqMmseSoftDemapKernel<float, __half, __half, float, (unsigned int)4, (unsigned short)16383>(channel_eq::_puschRxChEqStatDescr *, channel_eq::_puschRxChEqSoftDemapDynDescr)"
5542227948,283004,382591,1,1,1,32,32,1,30,0.000,0.000,,,,,NVIDIA A100-SXM4-40GB MIG 4g.20gb (0),1,,13,"void convert_kernel<float2, __half2>(tensor_layout_any, T1 *, tensor_layout_any, const T2 *)"
5542512008,11040,382603,2253,1,1,128,1,1,16,0.000,0.000,,,,,NVIDIA A100-SXM4-40GB MIG 4g.20gb (0),1,,13,cupy_copy__float16_float16
5542526408,3008,382612,282,1,1,128,1,1,16,0.000,0.000,,,,,NVIDIA A100-SXM4-40GB MIG 4g.20gb (0),1,,13,cupy_copy__complex64_complex64
5542532584,2240,382621,26,1,1,128,1,1,16,0.000,0.000,,,,,NVIDIA A100-SXM4-40GB MIG 4g.20gb (0),1,,13,cupy_copy__float32_float32
5542536968,3360,382630,103,1,1,128,1,1,16,0.000,0.000,,,,,NVIDIA A100-SXM4-40GB MIG 4g.20gb (0),1,,13,cupy_copy__complex64_complex64
5542541448,12032,382640,1434,1,1,128,1,1,16,0.000,0.000,,,,,NVIDIA A100-SXM4-40GB MIG 4g.20gb (0),1,,13,cupy_copy__complex64_complex64
5542562696,82271,382645,1,1,1,32,32,1,30,0.000,0.000,,,,,NVIDIA A100-SXM4-40GB MIG 4g.20gb (0),1,,13,"void convert_kernel<__half2, float2>(tensor_layout_any, T1 *, tensor_layout_any, const T2 *)"
5542671526,5856,382648,,,,,,,,,,0.094,15999.997,Pinned,Device,NVIDIA A100-SXM4-40GB MIG 4g.20gb (0),1,,13,[CUDA memcpy Host-to-Device]
5542681158,597273,382649,,,,,,,,,,456.561,764283.851,Device,,NVIDIA A100-SXM4-40GB MIG 4g.20gb (0),1,,13,[CUDA memset]
5543282847,140798,382654,,,,,,,,,,1.235,8770.572,Pinned,Device,NVIDIA A100-SXM4-40GB MIG 4g.20gb (0),1,,13,[CUDA memcpy Host-to-Device]
5543437053,39071,382655,,,,,,,,,,0.197,5031.985,Pinned,Device,NVIDIA A100-SXM4-40GB MIG 4g.20gb (0),1,,13,[CUDA memcpy Host-to-Device]
5543505724,8352,382656,69,4,1,48,1,1,76,0.002,0.000,,,,,NVIDIA A100-SXM4-40GB MIG 4g.20gb (0),1,,13,"void ch_est::windowedChEstPreNoDftSOfdmKernel<float, __half, float, (unsigned int)2, (unsigned int)1, (unsigned short)4>(ch_est::puschRxChEstStatDescr_t *, ch_est::puschRxChEstDynDescr_t *)"
5543523548,6880,382657,137,2,1,24,2,1,44,0.001,0.001,,,,,NVIDIA A100-SXM4-40GB MIG 4g.20gb (0),1,,13,"void ch_est::chEstFilterNoDftSOfdmDispatchKernel<float, __half, float, (unsigned int)2>(ch_est::puschRxChEstStatDescr_t *, ch_est::puschRxChEstDynDescr_t *)"
5543543068,4704,382658,137,2,1,24,2,1,44,0.001,0.001,,,,,NVIDIA A100-SXM4-40GB MIG 4g.20gb (0),1,,13,"void ch_est::chEstFilterNoDftSOfdmDispatchKernel<float, __half, float, (unsigned int)2>(ch_est::puschRxChEstStatDescr_t *, ch_est::puschRxChEstDynDescr_t *)"
5543559867,2752,382669,103,1,1,128,1,1,16,0.000,0.000,,,,,NVIDIA A100-SXM4-40GB MIG 4g.20gb (0),1,,13,cupy_copy__complex64_complex64
5543577083,12384,382679,1434,1,1,128,1,1,16,0.000,0.000,,,,,NVIDIA A100-SXM4-40GB MIG 4g.20gb (0),1,,13,cupy_copy__complex64_complex64
5543595227,2912,382686,103,1,1,128,1,1,16,0.000,0.000,,,,,NVIDIA A100-SXM4-40GB MIG 4g.20gb (0),1,,13,cupy_copy__complex64_complex64
5543620251,96926,382693,1,1,1,32,32,1,30,0.000,0.000,,,,,NVIDIA A100-SXM4-40GB MIG 4g.20gb (0),1,,13,"void convert_kernel<__half2, float2>(tensor_layout_any, T1 *, tensor_layout_any, const T2 *)"
5543747737,13376,382696,,,,,,,,,,0.094,7004.713,Pinned,Device,NVIDIA A100-SXM4-40GB MIG 4g.20gb (0),1,,13,[CUDA memcpy Host-to-Device]
5543772921,46623,382697,,,,,,,,,,35.810,768051.164,Device,,NVIDIA A100-SXM4-40GB MIG 4g.20gb (0),1,,13,[CUDA memset]
5543826872,3584,382699,,,,,,,,,,0.000,22.321,Pinned,Device,NVIDIA A100-SXM4-40GB MIG 4g.20gb (0),1,,13,[CUDA memcpy Host-to-Device]
5543837624,16384,382700,,,,,,,,,,0.197,11999.969,Pinned,Device,NVIDIA A100-SXM4-40GB MIG 4g.20gb (0),1,,13,[CUDA memcpy Host-to-Device]
5543866168,10335,382701,273,1,1,48,1,1,40,0.000,0.001,,,,,NVIDIA A100-SXM4-40GB MIG 4g.20gb (0),1,,13,"void pusch_noise_intf_est::noiseIntfEstNoDftSOfdmKernel<float, __half, float, float, (unsigned int)2, (unsigned int)1, (unsigned char)4, (unsigned char)4>(pusch_noise_intf_est::puschRxNoiseIntfEstDynDescr)"
5543882295,2592,382712,35,1,1,128,1,1,16,0.000,0.000,,,,,NVIDIA A100-SXM4-40GB MIG 4g.20gb (0),1,,13,cupy_copy__complex64_complex64
5543892759,1696,382721,1,1,1,1,1,1,18,0.000,0.000,,,,,NVIDIA A100-SXM4-40GB MIG 4g.20gb (0),1,,13,cupy_copy__float32_float32
5543902839,4608,382727,,,,,,,,,,0.000,0.868,Device,Pageable,NVIDIA A100-SXM4-40GB MIG 4g.20gb (0),1,,7,[CUDA memcpy Device-to-Host]
5543967318,12864,382738,1434,1,1,128,1,1,16,0.000,0.000,,,,,NVIDIA A100-SXM4-40GB MIG 4g.20gb (0),1,,13,cupy_copy__complex64_complex64
5543993078,2784,382745,103,1,1,128,1,1,16,0.000,0.000,,,,,NVIDIA A100-SXM4-40GB MIG 4g.20gb (0),1,,13,cupy_copy__complex64_complex64
5544014582,2336,382752,35,1,1,128,1,1,16,0.000,0.000,,,,,NVIDIA A100-SXM4-40GB MIG 4g.20gb (0),1,,13,cupy_copy__complex64_complex64
5544034262,1760,382759,1,1,1,1,1,1,18,0.000,0.000,,,,,NVIDIA A100-SXM4-40GB MIG 4g.20gb (0),1,,13,cupy_copy__float32_float32
5544164212,81599,382770,1,1,1,32,32,1,30,0.000,0.000,,,,,NVIDIA A100-SXM4-40GB MIG 4g.20gb (0),1,,13,"void convert_kernel<__half2, float2>(tensor_layout_any, T1 *, tensor_layout_any, const T2 *)"
5544273331,5728,382773,,,,,,,,,,0.094,16357.541,Pinned,Device,NVIDIA A100-SXM4-40GB MIG 4g.20gb (0),1,,13,[CUDA memcpy Host-to-Device]
5544288338,3520,382774,,,,,,,,,,1.547,439380.412,Device,,NVIDIA A100-SXM4-40GB MIG 4g.20gb (0),1,,13,[CUDA memset]
5544295090,3552,382779,,,,,,,,,,0.031,8810.794,Pinned,Device,NVIDIA A100-SXM4-40GB MIG 4g.20gb (0),1,,13,[CUDA memcpy Host-to-Device]
5544301330,9344,382780,,,,,,,,,,0.197,21040.988,Pinned,Device,NVIDIA A100-SXM4-40GB MIG 4g.20gb (0),1,,13,[CUDA memcpy Host-to-Device]
5544316178,6528,382781,273,1,1,8,4,1,39,0.002,0.000,,,,,NVIDIA A100-SXM4-40GB MIG 4g.20gb (0),1,,13,"void channel_eq::eqMmseCoefCompLowMimoKernel<float, float, float, (unsigned int)4, (unsigned int)1, (unsigned int)4>(const channel_eq::_puschRxChEqStatDescr *, channel_eq::_puschRxChEqCoefCompDynDescr)"
5544323634,8160,382782,273,1,1,12,11,1,51,0.002,0.000,,,,,NVIDIA A100-SXM4-40GB MIG 4g.20gb (0),1,,13,"void channel_eq::eqMmseSoftDemapKernel<float, __half, __half, float, (unsigned int)4, (unsigned short)16383>(channel_eq::_puschRxChEqStatDescr *, channel_eq::_puschRxChEqSoftDemapDynDescr)"
5544335314,282428,382783,1,1,1,32,32,1,30,0.000,0.000,,,,,NVIDIA A100-SXM4-40GB MIG 4g.20gb (0),1,,13,"void convert_kernel<float2, __half2>(tensor_layout_any, T1 *, tensor_layout_any, const T2 *)"
5544619598,10848,382795,2253,1,1,128,1,1,16,0.000,0.000,,,,,NVIDIA A100-SXM4-40GB MIG 4g.20gb (0),1,,13,cupy_copy__float16_float16
5544632782,3744,382804,282,1,1,128,1,1,16,0.000,0.000,,,,,NVIDIA A100-SXM4-40GB MIG 4g.20gb (0),1,,13,cupy_copy__complex64_complex64
5544638382,2176,382813,26,1,1,128,1,1,16,0.000,0.000,,,,,NVIDIA A100-SXM4-40GB MIG 4g.20gb (0),1,,13,cupy_copy__float32_float32
5544642574,2944,382822,103,1,1,128,1,1,16,0.000,0.000,,,,,NVIDIA A100-SXM4-40GB MIG 4g.20gb (0),1,,13,cupy_copy__complex64_complex64
5544697933,11904,382838,1434,1,1,128,1,1,16,0.000,0.000,,,,,NVIDIA A100-SXM4-40GB MIG 4g.20gb (0),1,,13,cupy_copy__complex64_complex64
5544813804,82591,382843,1,1,1,32,32,1,30,0.000,0.000,,,,,NVIDIA A100-SXM4-40GB MIG 4g.20gb (0),1,,13,"void convert_kernel<__half2, float2>(tensor_layout_any, T1 *, tensor_layout_any, const T2 *)"
5544923179,5568,382846,,,,,,,,,,0.094,16827.521,Pinned,Device,NVIDIA A100-SXM4-40GB MIG 4g.20gb (0),1,,13,[CUDA memcpy Host-to-Device]
5544933162,599321,382847,,,,,,,,,,456.561,761544.482,Device,,NVIDIA A100-SXM4-40GB MIG 4g.20gb (0),1,,13,[CUDA memset]
5545535779,168478,382852,,,,,,,,,,1.235,7329.393,Pinned,Device,NVIDIA A100-SXM4-40GB MIG 4g.20gb (0),1,,13,[CUDA memcpy Host-to-Device]
5545717185,40639,382853,,,,,,,,,,0.197,4837.736,Pinned,Device,NVIDIA A100-SXM4-40GB MIG 4g.20gb (0),1,,13,[CUDA memcpy Host-to-Device]
5545787104,8768,382854,69,4,1,48,1,1,76,0.002,0.000,,,,,NVIDIA A100-SXM4-40GB MIG 4g.20gb (0),1,,13,"void ch_est::windowedChEstPreNoDftSOfdmKernel<float, __half, float, (unsigned int)2, (unsigned int)1, (unsigned short)4>(ch_est::puschRxChEstStatDescr_t *, ch_est::puschRxChEstDynDescr_t *)"
5545806528,6848,382855,137,2,1,24,2,1,44,0.001,0.001,,,,,NVIDIA A100-SXM4-40GB MIG 4g.20gb (0),1,,13,"void ch_est::chEstFilterNoDftSOfdmDispatchKernel<float, __half, float, (unsigned int)2>(ch_est::puschRxChEstStatDescr_t *, ch_est::puschRxChEstDynDescr_t *)"
5545823167,4736,382856,137,2,1,24,2,1,44,0.001,0.001,,,,,NVIDIA A100-SXM4-40GB MIG 4g.20gb (0),1,,13,"void ch_est::chEstFilterNoDftSOfdmDispatchKernel<float, __half, float, (unsigned int)2>(ch_est::puschRxChEstStatDescr_t *, ch_est::puschRxChEstDynDescr_t *)"
5545842559,2656,382867,103,1,1,128,1,1,16,0.000,0.000,,,,,NVIDIA A100-SXM4-40GB MIG 4g.20gb (0),1,,13,cupy_copy__complex64_complex64
5545856511,12576,382877,1434,1,1,128,1,1,16,0.000,0.000,,,,,NVIDIA A100-SXM4-40GB MIG 4g.20gb (0),1,,13,cupy_copy__complex64_complex64
5545892127,2624,382884,103,1,1,128,1,1,16,0.000,0.000,,,,,NVIDIA A100-SXM4-40GB MIG 4g.20gb (0),1,,13,cupy_copy__complex64_complex64
5545904478,87167,382891,1,1,1,32,32,1,30,0.000,0.000,,,,,NVIDIA A100-SXM4-40GB MIG 4g.20gb (0),1,,13,"void convert_kernel<__half2, float2>(tensor_layout_any, T1 *, tensor_layout_any, const T2 *)"
5546022685,14016,382894,,,,,,,,,,0.094,6684.929,Pinned,Device,NVIDIA A100-SXM4-40GB MIG 4g.20gb (0),1,,13,[CUDA memcpy Host-to-Device]
5546050685,46783,382895,,,,,,,,,,35.810,765437.040,Device,,NVIDIA A100-SXM4-40GB MIG 4g.20gb (0),1,,13,[CUDA memset]
5546102684,5088,382897,,,,,,,,,,0.000,15.723,Pinned,Device,NVIDIA A100-SXM4-40GB MIG 4g.20gb (0),1,,13,[CUDA memcpy Host-to-Device]
5546111932,21728,382898,,,,,,,,,,0.197,9048.490,Pinned,Device,NVIDIA A100-SXM4-40GB MIG 4g.20gb (0),1,,13,[CUDA memcpy Host-to-Device]
5546146044,10047,382899,273,1,1,48,1,1,40,0.000,0.001,,,,,NVIDIA A100-SXM4-40GB MIG 4g.20gb (0),1,,13,"void pusch_noise_intf_est::noiseIntfEstNoDftSOfdmKernel<float, __half, float, float, (unsigned int)2, (unsigned int)1, (unsigned char)4, (unsigned char)4>(pusch_noise_intf_est::puschRxNoiseIntfEstDynDescr)"
5546163995,2880,382910,35,1,1,128,1,1,16,0.000,0.000,,,,,NVIDIA A100-SXM4-40GB MIG 4g.20gb (0),1,,13,cupy_copy__complex64_complex64
5546172539,1792,382919,1,1,1,1,1,1,18,0.000,0.000,,,,,NVIDIA A100-SXM4-40GB MIG 4g.20gb (0),1,,13,cupy_copy__float32_float32
5546178619,6816,382925,,,,,,,,,,0.000,0.587,Device,Pageable,NVIDIA A100-SXM4-40GB MIG 4g.20gb (0),1,,7,[CUDA memcpy Device-to-Host]
5546249978,12704,382936,1434,1,1,128,1,1,16,0.000,0.000,,,,,NVIDIA A100-SXM4-40GB MIG 4g.20gb (0),1,,13,cupy_copy__complex64_complex64
5546276666,3584,382943,103,1,1,128,1,1,16,0.000,0.000,,,,,NVIDIA A100-SXM4-40GB MIG 4g.20gb (0),1,,13,cupy_copy__complex64_complex64
5546296250,2592,382950,35,1,1,128,1,1,16,0.000,0.000,,,,,NVIDIA A100-SXM4-40GB MIG 4g.20gb (0),1,,13,cupy_copy__complex64_complex64
5546315673,1984,382957,1,1,1,1,1,1,18,0.000,0.000,,,,,NVIDIA A100-SXM4-40GB MIG 4g.20gb (0),1,,13,cupy_copy__float32_float32
5546447608,81823,382968,1,1,1,32,32,1,30,0.000,0.000,,,,,NVIDIA A100-SXM4-40GB MIG 4g.20gb (0),1,,13,"void convert_kernel<__half2, float2>(tensor_layout_any, T1 *, tensor_layout_any, const T2 *)"
5546557846,5568,382971,,,,,,,,,,0.094,16827.521,Pinned,Device,NVIDIA A100-SXM4-40GB MIG 4g.20gb (0),1,,13,[CUDA memcpy Host-to-Device]
5546572630,3488,382972,,,,,,,,,,1.547,443412.461,Device,,NVIDIA A100-SXM4-40GB MIG 4g.20gb (0),1,,13,[CUDA memset]
5546578134,3072,382977,,,,,,,,,,0.031,10187.474,Pinned,Device,NVIDIA A100-SXM4-40GB MIG 4g.20gb (0),1,,13,[CUDA memcpy Host-to-Device]
5546583670,9376,382978,,,,,,,,,,0.197,20969.226,Pinned,Device,NVIDIA A100-SXM4-40GB MIG 4g.20gb (0),1,,13,[CUDA memcpy Host-to-Device]
5546597398,8608,382979,273,1,1,8,4,1,39,0.002,0.000,,,,,NVIDIA A100-SXM4-40GB MIG 4g.20gb (0),1,,13,"void channel_eq::eqMmseCoefCompLowMimoKernel<float, float, float, (unsigned int)4, (unsigned int)1, (unsigned int)4>(const channel_eq::_puschRxChEqStatDescr *, channel_eq::_puschRxChEqCoefCompDynDescr)"
5546606966,6336,382980,273,1,1,12,11,1,51,0.002,0.000,,,,,NVIDIA A100-SXM4-40GB MIG 4g.20gb (0),1,,13,"void channel_eq::eqMmseSoftDemapKernel<float, __half, __half, float, (unsigned int)4, (unsigned short)16383>(channel_eq::_puschRxChEqStatDescr *, channel_eq::_puschRxChEqSoftDemapDynDescr)"
5546614294,282780,382981,1,1,1,32,32,1,30,0.000,0.000,,,,,NVIDIA A100-SXM4-40GB MIG 4g.20gb (0),1,,13,"void convert_kernel<float2, __half2>(tensor_layout_any, T1 *, tensor_layout_any, const T2 *)"
5546899314,10944,382993,2253,1,1,128,1,1,16,0.000,0.000,,,,,NVIDIA A100-SXM4-40GB MIG 4g.20gb (0),1,,13,cupy_copy__float16_float16
5546916594,2784,383002,282,1,1,128,1,1,16,0.000,0.000,,,,,NVIDIA A100-SXM4-40GB MIG 4g.20gb (0),1,,13,cupy_copy__complex64_complex64
5546921810,2048,383011,26,1,1,128,1,1,16,0.000,0.000,,,,,NVIDIA A100-SXM4-40GB MIG 4g.20gb (0),1,,13,cupy_copy__float32_float32
5546924946,3168,383020,103,1,1,128,1,1,16,0.000,0.000,,,,,NVIDIA A100-SXM4-40GB MIG 4g.20gb (0),1,,13,cupy_copy__complex64_complex64
5546930418,11968,383030,1434,1,1,128,1,1,16,0.000,0.000,,,,,NVIDIA A100-SXM4-40GB MIG 4g.20gb (0),1,,13,cupy_copy__complex64_complex64
5546955026,81535,383035,1,1,1,32,32,1,30,0.000,0.000,,,,,NVIDIA A100-SXM4-40GB MIG 4g.20gb (0),1,,13,"void convert_kernel<__half2, float2>(tensor_layout_any, T1 *, tensor_layout_any, const T2 *)"
5547063184,5664,383038,,,,,,,,,,0.094,16542.310,Pinned,Device,NVIDIA A100-SXM4-40GB MIG 4g.20gb (0),1,,13,[CUDA memcpy Host-to-Device]
5547073808,596089,383039,,,,,,,,,,456.561,765653.535,Device,,NVIDIA A100-SXM4-40GB MIG 4g.20gb (0),1,,13,[CUDA memset]
5547680297,154910,383044,,,,,,,,,,1.235,7971.564,Pinned,Device,NVIDIA A100-SXM4-40GB MIG 4g.20gb (0),1,,13,[CUDA memcpy Host-to-Device]
5547849287,40799,383045,,,,,,,,,,0.197,4818.862,Pinned,Device,NVIDIA A100-SXM4-40GB MIG 4g.20gb (0),1,,13,[CUDA memcpy Host-to-Device]
5547913446,8448,383046,69,4,1,48,1,1,76,0.002,0.000,,,,,NVIDIA A100-SXM4-40GB MIG 4g.20gb (0),1,,13,"void ch_est::windowedChEstPreNoDftSOfdmKernel<float, __half, float, (unsigned int)2, (unsigned int)1, (unsigned short)4>(ch_est::puschRxChEstStatDescr_t *, ch_est::puschRxChEstDynDescr_t *)"
5547932933,6976,383047,137,2,1,24,2,1,44,0.001,0.001,,,,,NVIDIA A100-SXM4-40GB MIG 4g.20gb (0),1,,13,"void ch_est::chEstFilterNoDftSOfdmDispatchKernel<float, __half, float, (unsigned int)2>(ch_est::puschRxChEstStatDescr_t *, ch_est::puschRxChEstDynDescr_t *)"
5547949509,4736,383048,137,2,1,24,2,1,44,0.001,0.001,,,,,NVIDIA A100-SXM4-40GB MIG 4g.20gb (0),1,,13,"void ch_est::chEstFilterNoDftSOfdmDispatchKernel<float, __half, float, (unsigned int)2>(ch_est::puschRxChEstStatDescr_t *, ch_est::puschRxChEstDynDescr_t *)"
5547966597,2528,383059,103,1,1,128,1,1,16,0.000,0.000,,,,,NVIDIA A100-SXM4-40GB MIG 4g.20gb (0),1,,13,cupy_copy__complex64_complex64
5547984517,12416,383069,1434,1,1,128,1,1,16,0.000,0.000,,,,,NVIDIA A100-SXM4-40GB MIG 4g.20gb (0),1,,13,cupy_copy__complex64_complex64
5548004741,2880,383076,103,1,1,128,1,1,16,0.000,0.000,,,,,NVIDIA A100-SXM4-40GB MIG 4g.20gb (0),1,,13,cupy_copy__complex64_complex64
5548024228,89407,383083,1,1,1,32,32,1,30,0.000,0.000,,,,,NVIDIA A100-SXM4-40GB MIG 4g.20gb (0),1,,13,"void convert_kernel<__half2, float2>(tensor_layout_any, T1 *, tensor_layout_any, const T2 *)"
5548143523,24480,383086,,,,,,,,,,0.094,3827.388,Pinned,Device,NVIDIA A100-SXM4-40GB MIG 4g.20gb (0),1,,13,[CUDA memcpy Host-to-Device]
5548178178,47872,383087,,,,,,,,,,35.810,748033.419,Device,,NVIDIA A100-SXM4-40GB MIG 4g.20gb (0),1,,13,[CUDA memset]
5548228450,11104,383089,,,,,,,,,,0.000,7.205,Pinned,Device,NVIDIA A100-SXM4-40GB MIG 4g.20gb (0),1,,13,[CUDA memcpy Host-to-Device]
5548247714,16351,383090,,,,,,,,,,0.197,12024.152,Pinned,Device,NVIDIA A100-SXM4-40GB MIG 4g.20gb (0),1,,13,[CUDA memcpy Host-to-Device]
5548283201,9760,383091,273,1,1,48,1,1,40,0.000,0.001,,,,,NVIDIA A100-SXM4-40GB MIG 4g.20gb (0),1,,13,"void pusch_noise_intf_est::noiseIntfEstNoDftSOfdmKernel<float, __half, float, float, (unsigned int)2, (unsigned int)1, (unsigned char)4, (unsigned char)4>(pusch_noise_intf_est::puschRxNoiseIntfEstDynDescr)"
5548298689,2816,383102,35,1,1,128,1,1,16,0.000,0.000,,,,,NVIDIA A100-SXM4-40GB MIG 4g.20gb (0),1,,13,cupy_copy__complex64_complex64
5548307105,1824,383111,1,1,1,1,1,1,18,0.000,0.000,,,,,NVIDIA A100-SXM4-40GB MIG 4g.20gb (0),1,,13,cupy_copy__float32_float32
5548313633,5696,383117,,,,,,,,,,0.000,0.702,Device,Pageable,NVIDIA A100-SXM4-40GB MIG 4g.20gb (0),1,,7,[CUDA memcpy Device-to-Host]
5548391008,12704,383128,1434,1,1,128,1,1,16,0.000,0.000,,,,,NVIDIA A100-SXM4-40GB MIG 4g.20gb (0),1,,13,cupy_copy__complex64_complex64
5548418176,3423,383135,103,1,1,128,1,1,16,0.000,0.000,,,,,NVIDIA A100-SXM4-40GB MIG 4g.20gb (0),1,,13,cupy_copy__complex64_complex64
5548442111,2464,383142,35,1,1,128,1,1,16,0.000,0.000,,,,,NVIDIA A100-SXM4-40GB MIG 4g.20gb (0),1,,13,cupy_copy__complex64_complex64
5548457503,1920,383149,1,1,1,1,1,1,18,0.000,0.000,,,,,NVIDIA A100-SXM4-40GB MIG 4g.20gb (0),1,,13,cupy_copy__float32_float32
5548587069,83455,383160,1,1,1,32,32,1,30,0.000,0.000,,,,,NVIDIA A100-SXM4-40GB MIG 4g.20gb (0),1,,13,"void convert_kernel<__half2, float2>(tensor_layout_any, T1 *, tensor_layout_any, const T2 *)"
5548698236,6112,383163,,,,,,,,,,0.094,15329.790,Pinned,Device,NVIDIA A100-SXM4-40GB MIG 4g.20gb (0),1,,13,[CUDA memcpy Host-to-Device]
5548712764,3520,383164,,,,,,,,,,1.547,439380.412,Device,,NVIDIA A100-SXM4-40GB MIG 4g.20gb (0),1,,13,[CUDA memset]
5548718940,3392,383169,,,,,,,,,,0.031,9226.405,Pinned,Device,NVIDIA A100-SXM4-40GB MIG 4g.20gb (0),1,,13,[CUDA memcpy Host-to-Device]
5548724988,9856,383170,,,,,,,,,,0.197,19948.044,Pinned,Device,NVIDIA A100-SXM4-40GB MIG 4g.20gb (0),1,,13,[CUDA memcpy Host-to-Device]
5548740732,6367,383171,273,1,1,8,4,1,39,0.002,0.000,,,,,NVIDIA A100-SXM4-40GB MIG 4g.20gb (0),1,,13,"void channel_eq::eqMmseCoefCompLowMimoKernel<float, float, float, (unsigned int)4, (unsigned int)1, (unsigned int)4>(const channel_eq::_puschRxChEqStatDescr *, channel_eq::_puschRxChEqCoefCompDynDescr)"
5548748059,7840,383172,273,1,1,12,11,1,51,0.002,0.000,,,,,NVIDIA A100-SXM4-40GB MIG 4g.20gb (0),1,,13,"void channel_eq::eqMmseSoftDemapKernel<float, __half, __half, float, (unsigned int)4, (unsigned short)16383>(channel_eq::_puschRxChEqStatDescr *, channel_eq::_puschRxChEqSoftDemapDynDescr)"
5548756923,283773,383173,1,1,1,32,32,1,30,0.000,0.000,,,,,NVIDIA A100-SXM4-40GB MIG 4g.20gb (0),1,,13,"void convert_kernel<float2, __half2>(tensor_layout_any, T1 *, tensor_layout_any, const T2 *)"
5549044152,11040,383185,2253,1,1,128,1,1,16,0.000,0.000,,,,,NVIDIA A100-SXM4-40GB MIG 4g.20gb (0),1,,13,cupy_copy__float16_float16
5549059192,3040,383194,282,1,1,128,1,1,16,0.000,0.000,,,,,NVIDIA A100-SXM4-40GB MIG 4g.20gb (0),1,,13,cupy_copy__complex64_complex64
5549065880,2335,383203,26,1,1,128,1,1,16,0.000,0.000,,,,,NVIDIA A100-SXM4-40GB MIG 4g.20gb (0),1,,13,cupy_copy__float32_float32
5549069495,2912,383212,103,1,1,128,1,1,16,0.000,0.000,,,,,NVIDIA A100-SXM4-40GB MIG 4g.20gb (0),1,,13,cupy_copy__complex64_complex64
5549073751,11968,383222,1434,1,1,128,1,1,16,0.000,0.000,,,,,NVIDIA A100-SXM4-40GB MIG 4g.20gb (0),1,,13,cupy_copy__complex64_complex64
5549087511,81471,383227,1,1,1,32,32,1,30,0.000,0.000,,,,,NVIDIA A100-SXM4-40GB MIG 4g.20gb (0),1,,13,"void convert_kernel<__half2, float2>(tensor_layout_any, T1 *, tensor_layout_any, const T2 *)"
5549195958,5504,383230,,,,,,,,,,0.094,17023.251,Pinned,Device,NVIDIA A100-SXM4-40GB MIG 4g.20gb (0),1,,13,[CUDA memcpy Host-to-Device]
5549206006,594904,383231,,,,,,,,,,456.561,767023.219,Device,,NVIDIA A100-SXM4-40GB MIG 4g.20gb (0),1,,13,[CUDA memset]
5549803950,159230,383236,,,,,,,,,,1.235,7755.448,Pinned,Device,NVIDIA A100-SXM4-40GB MIG 4g.20gb (0),1,,13,[CUDA memcpy Host-to-Device]
5549976972,36288,383237,,,,,,,,,,0.197,5417.927,Pinned,Device,NVIDIA A100-SXM4-40GB MIG 4g.20gb (0),1,,13,[CUDA memcpy Host-to-Device]
5550027980,8480,383238,69,4,1,48,1,1,76,0.002,0.000,,,,,NVIDIA A100-SXM4-40GB MIG 4g.20gb (0),1,,13,"void ch_est::windowedChEstPreNoDftSOfdmKernel<float, __half, float, (unsigned int)2, (unsigned int)1, (unsigned short)4>(ch_est::puschRxChEstStatDescr_t *, ch_est::puschRxChEstDynDescr_t *)"
5550044043,6880,383239,137,2,1,24,2,1,44,0.001,0.001,,,,,NVIDIA A100-SXM4-40GB MIG 4g.20gb (0),1,,13,"void ch_est::chEstFilterNoDftSOfdmDispatchKernel<float, __half, float, (unsigned int)2>(ch_est::puschRxChEstStatDescr_t *, ch_est::puschRxChEstDynDescr_t *)"
5550056011,4800,383240,137,2,1,24,2,1,44,0.001,0.001,,,,,NVIDIA A100-SXM4-40GB MIG 4g.20gb (0),1,,13,"void ch_est::chEstFilterNoDftSOfdmDispatchKernel<float, __half, float, (unsigned int)2>(ch_est::puschRxChEstStatDescr_t *, ch_est::puschRxChEstDynDescr_t *)"
5550067435,2592,383251,103,1,1,128,1,1,16,0.000,0.000,,,,,NVIDIA A100-SXM4-40GB MIG 4g.20gb (0),1,,13,cupy_copy__complex64_complex64
5550071851,12640,383261,1434,1,1,128,1,1,16,0.000,0.000,,,,,NVIDIA A100-SXM4-40GB MIG 4g.20gb (0),1,,13,cupy_copy__complex64_complex64
5550091243,2624,383268,103,1,1,128,1,1,16,0.000,0.000,,,,,NVIDIA A100-SXM4-40GB MIG 4g.20gb (0),1,,13,cupy_copy__complex64_complex64
5550099531,91231,383275,1,1,1,32,32,1,30,0.000,0.000,,,,,NVIDIA A100-SXM4-40GB MIG 4g.20gb (0),1,,13,"void convert_kernel<__half2, float2>(tensor_layout_any, T1 *, tensor_layout_any, const T2 *)"
5550221609,19200,383278,,,,,,,,,,0.094,4879.969,Pinned,Device,NVIDIA A100-SXM4-40GB MIG 4g.20gb (0),1,,13,[CUDA memcpy Host-to-Device]
5550253481,47487,383279,,,,,,,,,,35.810,754085.295,Device,,NVIDIA A100-SXM4-40GB MIG 4g.20gb (0),1,,13,[CUDA memset]
5550304776,11904,383281,,,,,,,,,,0.000,6.720,Pinned,Device,NVIDIA A100-SXM4-40GB MIG 4g.20gb (0),1,,13,[CUDA memcpy Host-to-Device]
5550325352,24128,383282,,,,,,,,,,0.197,8148.419,Pinned,Device,NVIDIA A100-SXM4-40GB MIG 4g.20gb (0),1,,13,[CUDA memcpy Host-to-Device]
5550371399,17088,383283,273,1,1,48,1,1,40,0.000,0.001,,,,,NVIDIA A100-SXM4-40GB MIG 4g.20gb (0),1,,13,"void pusch_noise_intf_est::noiseIntfEstNoDftSOfdmKernel<float, __half, float, float, (unsigned int)2, (unsigned int)1, (unsigned char)4, (unsigned char)4>(pusch_noise_intf_est::puschRxNoiseIntfEstDynDescr)"
5550408903,2688,383294,35,1,1,128,1,1,16,0.000,0.000,,,,,NVIDIA A100-SXM4-40GB MIG 4g.20gb (0),1,,13,cupy_copy__complex64_complex64
5550425799,1696,383303,1,1,1,1,1,1,18,0.000,0.000,,,,,NVIDIA A100-SXM4-40GB MIG 4g.20gb (0),1,,13,cupy_copy__float32_float32
5550431943,5312,383309,,,,,,,,,,0.000,0.753,Device,Pageable,NVIDIA A100-SXM4-40GB MIG 4g.20gb (0),1,,7,[CUDA memcpy Device-to-Host]
5550532549,12640,383320,1434,1,1,128,1,1,16,0.000,0.000,,,,,NVIDIA A100-SXM4-40GB MIG 4g.20gb (0),1,,13,cupy_copy__complex64_complex64
5550555685,3104,383327,103,1,1,128,1,1,16,0.000,0.000,,,,,NVIDIA A100-SXM4-40GB MIG 4g.20gb (0),1,,13,cupy_copy__complex64_complex64
5550577029,2560,383334,35,1,1,128,1,1,16,0.000,0.000,,,,,NVIDIA A100-SXM4-40GB MIG 4g.20gb (0),1,,13,cupy_copy__complex64_complex64
5550596965,1696,383341,1,1,1,1,1,1,18,0.000,0.000,,,,,NVIDIA A100-SXM4-40GB MIG 4g.20gb (0),1,,13,cupy_copy__float32_float32
5550716355,86783,383352,1,1,1,32,32,1,30,0.000,0.000,,,,,NVIDIA A100-SXM4-40GB MIG 4g.20gb (0),1,,13,"void convert_kernel<__half2, float2>(tensor_layout_any, T1 *, tensor_layout_any, const T2 *)"
5550834978,13184,383355,,,,,,,,,,0.094,7106.748,Pinned,Device,NVIDIA A100-SXM4-40GB MIG 4g.20gb (0),1,,13,[CUDA memcpy Host-to-Device]
5550858209,3456,383356,,,,,,,,,,1.547,447517.201,Device,,NVIDIA A100-SXM4-40GB MIG 4g.20gb (0),1,,13,[CUDA memset]
5550864001,5216,383361,,,,,,,,,,0.031,5999.975,Pinned,Device,NVIDIA A100-SXM4-40GB MIG 4g.20gb (0),1,,13,[CUDA memcpy Host-to-Device]
5550877505,12480,383362,,,,,,,,,,0.197,15753.806,Pinned,Device,NVIDIA A100-SXM4-40GB MIG 4g.20gb (0),1,,13,[CUDA memcpy Host-to-Device]
5550901249,5888,383363,273,1,1,8,4,1,39,0.002,0.000,,,,,NVIDIA A100-SXM4-40GB MIG 4g.20gb (0),1,,13,"void channel_eq::eqMmseCoefCompLowMimoKernel<float, float, float, (unsigned int)4, (unsigned int)1, (unsigned int)4>(const channel_eq::_puschRxChEqStatDescr *, channel_eq::_puschRxChEqCoefCompDynDescr)"
5550909025,7776,383364,273,1,1,12,11,1,51,0.002,0.000,,,,,NVIDIA A100-SXM4-40GB MIG 4g.20gb (0),1,,13,"void channel_eq::eqMmseSoftDemapKernel<float, __half, __half, float, (unsigned int)4, (unsigned short)16383>(channel_eq::_puschRxChEqStatDescr *, channel_eq::_puschRxChEqSoftDemapDynDescr)"
5550924097,290268,383365,1,1,1,32,32,1,30,0.000,0.000,,,,,NVIDIA A100-SXM4-40GB MIG 4g.20gb (0),1,,13,"void convert_kernel<float2, __half2>(tensor_layout_any, T1 *, tensor_layout_any, const T2 *)"
5551216829,10976,383377,2253,1,1,128,1,1,16,0.000,0.000,,,,,NVIDIA A100-SXM4-40GB MIG 4g.20gb (0),1,,13,cupy_copy__float16_float16
5551232061,3392,383386,282,1,1,128,1,1,16,0.000,0.000,,,,,NVIDIA A100-SXM4-40GB MIG 4g.20gb (0),1,,13,cupy_copy__complex64_complex64
5551237501,2144,383395,26,1,1,128,1,1,16,0.000,0.000,,,,,NVIDIA A100-SXM4-40GB MIG 4g.20gb (0),1,,13,cupy_copy__float32_float32
5551241341,2880,383404,103,1,1,128,1,1,16,0.000,0.000,,,,,NVIDIA A100-SXM4-40GB MIG 4g.20gb (0),1,,13,cupy_copy__complex64_complex64
5551245213,12000,383414,1434,1,1,128,1,1,16,0.000,0.000,,,,,NVIDIA A100-SXM4-40GB MIG 4g.20gb (0),1,,13,cupy_copy__complex64_complex64
5551259165,87678,383419,1,1,1,32,32,1,30,0.000,0.000,,,,,NVIDIA A100-SXM4-40GB MIG 4g.20gb (0),1,,13,"void convert_kernel<__half2, float2>(tensor_layout_any, T1 *, tensor_layout_any, const T2 *)"
5551374235,5408,383422,,,,,,,,,,0.094,17325.421,Pinned,Device,NVIDIA A100-SXM4-40GB MIG 4g.20gb (0),1,,13,[CUDA memcpy Host-to-Device]
5551383995,601913,383423,,,,,,,,,,456.561,758348.552,Device,,NVIDIA A100-SXM4-40GB MIG 4g.20gb (0),1,,13,[CUDA memset]
5551990771,106431,383428,,,,,,,,,,1.235,11602.299,Pinned,Device,NVIDIA A100-SXM4-40GB MIG 4g.20gb (0),1,,13,[CUDA memcpy Host-to-Device]
5552105138,19392,383429,,,,,,,,,,0.197,10138.485,Pinned,Device,NVIDIA A100-SXM4-40GB MIG 4g.20gb (0),1,,13,[CUDA memcpy Host-to-Device]
5552133074,8672,383430,69,4,1,48,1,1,76,0.002,0.000,,,,,NVIDIA A100-SXM4-40GB MIG 4g.20gb (0),1,,13,"void ch_est::windowedChEstPreNoDftSOfdmKernel<float, __half, float, (unsigned int)2, (unsigned int)1, (unsigned short)4>(ch_est::puschRxChEstStatDescr_t *, ch_est::puschRxChEstDynDescr_t *)"
5552148690,6623,383431,137,2,1,24,2,1,44,0.001,0.001,,,,,NVIDIA A100-SXM4-40GB MIG 4g.20gb (0),1,,13,"void ch_est::chEstFilterNoDftSOfdmDispatchKernel<float, __half, float, (unsigned int)2>(ch_est::puschRxChEstStatDescr_t *, ch_est::puschRxChEstDynDescr_t *)"
5552157265,4928,383432,137,2,1,24,2,1,44,0.001,0.001,,,,,NVIDIA A100-SXM4-40GB MIG 4g.20gb (0),1,,13,"void ch_est::chEstFilterNoDftSOfdmDispatchKernel<float, __half, float, (unsigned int)2>(ch_est::puschRxChEstStatDescr_t *, ch_est::puschRxChEstDynDescr_t *)"
5552166033,2528,383443,103,1,1,128,1,1,16,0.000,0.000,,,,,NVIDIA A100-SXM4-40GB MIG 4g.20gb (0),1,,13,cupy_copy__complex64_complex64
5552174193,12416,383453,1434,1,1,128,1,1,16,0.000,0.000,,,,,NVIDIA A100-SXM4-40GB MIG 4g.20gb (0),1,,13,cupy_copy__complex64_complex64
5552189361,2496,383460,103,1,1,128,1,1,16,0.000,0.000,,,,,NVIDIA A100-SXM4-40GB MIG 4g.20gb (0),1,,13,cupy_copy__complex64_complex64
5552198577,82783,383467,1,1,1,32,32,1,30,0.000,0.000,,,,,NVIDIA A100-SXM4-40GB MIG 4g.20gb (0),1,,13,"void convert_kernel<__half2, float2>(tensor_layout_any, T1 *, tensor_layout_any, const T2 *)"
5552313008,10495,383470,,,,,,,,,,0.094,8927.636,Pinned,Device,NVIDIA A100-SXM4-40GB MIG 4g.20gb (0),1,,13,[CUDA memcpy Host-to-Device]
5552333327,47968,383471,,,,,,,,,,35.810,746529.402,Device,,NVIDIA A100-SXM4-40GB MIG 4g.20gb (0),1,,13,[CUDA memset]
5552382255,6720,383473,,,,,,,,,,0.000,11.905,Pinned,Device,NVIDIA A100-SXM4-40GB MIG 4g.20gb (0),1,,13,[CUDA memcpy Host-to-Device]
5552397870,17728,383474,,,,,,,,,,0.197,11090.067,Pinned,Device,NVIDIA A100-SXM4-40GB MIG 4g.20gb (0),1,,13,[CUDA memcpy Host-to-Device]
5552428270,9024,383475,273,1,1,48,1,1,40,0.000,0.001,,,,,NVIDIA A100-SXM4-40GB MIG 4g.20gb (0),1,,13,"void pusch_noise_intf_est::noiseIntfEstNoDftSOfdmKernel<float, __half, float, float, (unsigned int)2, (unsigned int)1, (unsigned char)4, (unsigned char)4>(pusch_noise_intf_est::puschRxNoiseIntfEstDynDescr)"
5552446894,2624,383486,35,1,1,128,1,1,16,0.000,0.000,,,,,NVIDIA A100-SXM4-40GB MIG 4g.20gb (0),1,,13,cupy_copy__complex64_complex64
5552459342,1792,383495,1,1,1,1,1,1,18,0.000,0.000,,,,,NVIDIA A100-SXM4-40GB MIG 4g.20gb (0),1,,13,cupy_copy__float32_float32
5552468654,5216,383501,,,,,,,,,,0.000,0.767,Device,Pageable,NVIDIA A100-SXM4-40GB MIG 4g.20gb (0),1,,7,[CUDA memcpy Device-to-Host]
5552538733,13152,383512,1434,1,1,128,1,1,16,0.000,0.000,,,,,NVIDIA A100-SXM4-40GB MIG 4g.20gb (0),1,,13,cupy_copy__complex64_complex64
5552564940,3424,383519,103,1,1,128,1,1,16,0.000,0.000,,,,,NVIDIA A100-SXM4-40GB MIG 4g.20gb (0),1,,13,cupy_copy__complex64_complex64
5552585900,2176,383526,35,1,1,128,1,1,16,0.000,0.000,,,,,NVIDIA A100-SXM4-40GB MIG 4g.20gb (0),1,,13,cupy_copy__complex64_complex64
5552604460,1760,383533,1,1,1,1,1,1,18,0.000,0.000,,,,,NVIDIA A100-SXM4-40GB MIG 4g.20gb (0),1,,13,cupy_copy__float32_float32
5552734730,86495,383544,1,1,1,32,32,1,30,0.000,0.000,,,,,NVIDIA A100-SXM4-40GB MIG 4g.20gb (0),1,,13,"void convert_kernel<__half2, float2>(tensor_layout_any, T1 *, tensor_layout_any, const T2 *)"
5552848713,5408,383547,,,,,,,,,,0.094,17325.421,Pinned,Device,NVIDIA A100-SXM4-40GB MIG 4g.20gb (0),1,,13,[CUDA memcpy Host-to-Device]
5552862793,3456,383548,,,,,,,,,,1.547,447517.201,Device,,NVIDIA A100-SXM4-40GB MIG 4g.20gb (0),1,,13,[CUDA memset]
5552870857,3072,383553,,,,,,,,,,0.031,10187.474,Pinned,Device,NVIDIA A100-SXM4-40GB MIG 4g.20gb (0),1,,13,[CUDA memcpy Host-to-Device]
5552876329,10303,383554,,,,,,,,,,0.197,19082.576,Pinned,Device,NVIDIA A100-SXM4-40GB MIG 4g.20gb (0),1,,13,[CUDA memcpy Host-to-Device]
5552891336,6112,383555,273,1,1,8,4,1,39,0.002,0.000,,,,,NVIDIA A100-SXM4-40GB MIG 4g.20gb (0),1,,13,"void channel_eq::eqMmseCoefCompLowMimoKernel<float, float, float, (unsigned int)4, (unsigned int)1, (unsigned int)4>(const channel_eq::_puschRxChEqStatDescr *, channel_eq::_puschRxChEqCoefCompDynDescr)"
5552898408,6048,383556,273,1,1,12,11,1,51,0.002,0.000,,,,,NVIDIA A100-SXM4-40GB MIG 4g.20gb (0),1,,13,"void channel_eq::eqMmseSoftDemapKernel<float, __half, __half, float, (unsigned int)4, (unsigned short)16383>(channel_eq::_puschRxChEqStatDescr *, channel_eq::_puschRxChEqSoftDemapDynDescr)"
5552905416,282717,383557,1,1,1,32,32,1,30,0.000,0.000,,,,,NVIDIA A100-SXM4-40GB MIG 4g.20gb (0),1,,13,"void convert_kernel<float2, __half2>(tensor_layout_any, T1 *, tensor_layout_any, const T2 *)"
5553190181,10944,383569,2253,1,1,128,1,1,16,0.000,0.000,,,,,NVIDIA A100-SXM4-40GB MIG 4g.20gb (0),1,,13,cupy_copy__float16_float16
5553202853,3200,383578,282,1,1,128,1,1,16,0.000,0.000,,,,,NVIDIA A100-SXM4-40GB MIG 4g.20gb (0),1,,13,cupy_copy__complex64_complex64
5553211172,2176,383587,26,1,1,128,1,1,16,0.000,0.000,,,,,NVIDIA A100-SXM4-40GB MIG 4g.20gb (0),1,,13,cupy_copy__float32_float32
5553215140,2976,383596,103,1,1,128,1,1,16,0.000,0.000,,,,,NVIDIA A100-SXM4-40GB MIG 4g.20gb (0),1,,13,cupy_copy__complex64_complex64
5553221188,11968,383606,1434,1,1,128,1,1,16,0.000,0.000,,,,,NVIDIA A100-SXM4-40GB MIG 4g.20gb (0),1,,13,cupy_copy__complex64_complex64
5553237124,82207,383611,1,1,1,32,32,1,30,0.000,0.000,,,,,NVIDIA A100-SXM4-40GB MIG 4g.20gb (0),1,,13,"void convert_kernel<__half2, float2>(tensor_layout_any, T1 *, tensor_layout_any, const T2 *)"
5553345827,5728,383614,,,,,,,,,,0.094,16357.541,Pinned,Device,NVIDIA A100-SXM4-40GB MIG 4g.20gb (0),1,,13,[CUDA memcpy Host-to-Device]
5553355971,596664,383615,,,,,,,,,,456.561,764740.412,Device,,NVIDIA A100-SXM4-40GB MIG 4g.20gb (0),1,,13,[CUDA memset]
5553957339,156222,383620,,,,,,,,,,1.235,7904.877,Pinned,Device,NVIDIA A100-SXM4-40GB MIG 4g.20gb (0),1,,13,[CUDA memcpy Host-to-Device]
5554126745,37120,383621,,,,,,,,,,0.197,5296.423,Pinned,Device,NVIDIA A100-SXM4-40GB MIG 4g.20gb (0),1,,13,[CUDA memcpy Host-to-Device]
5554190456,8128,383622,69,4,1,48,1,1,76,0.002,0.000,,,,,NVIDIA A100-SXM4-40GB MIG 4g.20gb (0),1,,13,"void ch_est::windowedChEstPreNoDftSOfdmKernel<float, __half, float, (unsigned int)2, (unsigned int)1, (unsigned short)4>(ch_est::puschRxChEstStatDescr_t *, ch_est::puschRxChEstDynDescr_t *)"
5554209880,6688,383623,137,2,1,24,2,1,44,0.001,0.001,,,,,NVIDIA A100-SXM4-40GB MIG 4g.20gb (0),1,,13,"void ch_est::chEstFilterNoDftSOfdmDispatchKernel<float, __half, float, (unsigned int)2>(ch_est::puschRxChEstStatDescr_t *, ch_est::puschRxChEstDynDescr_t *)"
5554224440,4768,383624,137,2,1,24,2,1,44,0.001,0.001,,,,,NVIDIA A100-SXM4-40GB MIG 4g.20gb (0),1,,13,"void ch_est::chEstFilterNoDftSOfdmDispatchKernel<float, __half, float, (unsigned int)2>(ch_est::puschRxChEstStatDescr_t *, ch_est::puschRxChEstDynDescr_t *)"
5554242200,2688,383635,103,1,1,128,1,1,16,0.000,0.000,,,,,NVIDIA A100-SXM4-40GB MIG 4g.20gb (0),1,,13,cupy_copy__complex64_complex64
5554254584,12607,383645,1434,1,1,128,1,1,16,0.000,0.000,,,,,NVIDIA A100-SXM4-40GB MIG 4g.20gb (0),1,,13,cupy_copy__complex64_complex64
5554284247,2368,383652,103,1,1,128,1,1,16,0.000,0.000,,,,,NVIDIA A100-SXM4-40GB MIG 4g.20gb (0),1,,13,cupy_copy__complex64_complex64
5554297047,83839,383659,1,1,1,32,32,1,30,0.000,0.000,,,,,NVIDIA A100-SXM4-40GB MIG 4g.20gb (0),1,,13,"void convert_kernel<__half2, float2>(tensor_layout_any, T1 *, tensor_layout_any, const T2 *)"
5554410454,13280,383662,,,,,,,,,,0.094,7055.402,Pinned,Device,NVIDIA A100-SXM4-40GB MIG 4g.20gb (0),1,,13,[CUDA memcpy Host-to-Device]
5554436725,47584,383663,,,,,,,,,,35.810,752545.469,Device,,NVIDIA A100-SXM4-40GB MIG 4g.20gb (0),1,,13,[CUDA memset]
5554491349,7776,383665,,,,,,,,,,0.000,10.288,Pinned,Device,NVIDIA A100-SXM4-40GB MIG 4g.20gb (0),1,,13,[CUDA memcpy Host-to-Device]
5554503893,18495,383666,,,,,,,,,,0.197,10630.201,Pinned,Device,NVIDIA A100-SXM4-40GB MIG 4g.20gb (0),1,,13,[CUDA memcpy Host-to-Device]
5554537236,12192,383667,273,1,1,48,1,1,40,0.000,0.001,,,,,NVIDIA A100-SXM4-40GB MIG 4g.20gb (0),1,,13,"void pusch_noise_intf_est::noiseIntfEstNoDftSOfdmKernel<float, __half, float, float, (unsigned int)2, (unsigned int)1, (unsigned char)4, (unsigned char)4>(pusch_noise_intf_est::puschRxNoiseIntfEstDynDescr)"
5554556628,2880,383678,35,1,1,128,1,1,16,0.000,0.000,,,,,NVIDIA A100-SXM4-40GB MIG 4g.20gb (0),1,,13,cupy_copy__complex64_complex64
5554566068,1664,383687,1,1,1,1,1,1,18,0.000,0.000,,,,,NVIDIA A100-SXM4-40GB MIG 4g.20gb (0),1,,13,cupy_copy__float32_float32
5554572244,2656,383693,,,,,,,,,,0.000,1.506,Device,Pageable,NVIDIA A100-SXM4-40GB MIG 4g.20gb (0),1,,7,[CUDA memcpy Device-to-Host]
5554647091,12992,383704,1434,1,1,128,1,1,16,0.000,0.000,,,,,NVIDIA A100-SXM4-40GB MIG 4g.20gb (0),1,,13,cupy_copy__complex64_complex64
5554674066,2976,383711,103,1,1,128,1,1,16,0.000,0.000,,,,,NVIDIA A100-SXM4-40GB MIG 4g.20gb (0),1,,13,cupy_copy__complex64_complex64
5554697394,2496,383718,35,1,1,128,1,1,16,0.000,0.000,,,,,NVIDIA A100-SXM4-40GB MIG 4g.20gb (0),1,,13,cupy_copy__complex64_complex64
5554716562,1760,383725,1,1,1,1,1,1,18,0.000,0.000,,,,,NVIDIA A100-SXM4-40GB MIG 4g.20gb (0),1,,13,cupy_copy__float32_float32
5554839664,88031,383736,1,1,1,32,32,1,30,0.000,0.000,,,,,NVIDIA A100-SXM4-40GB MIG 4g.20gb (0),1,,13,"void convert_kernel<__half2, float2>(tensor_layout_any, T1 *, tensor_layout_any, const T2 *)"
5554955823,6208,383739,,,,,,,,,,0.094,15092.739,Pinned,Device,NVIDIA A100-SXM4-40GB MIG 4g.20gb (0),1,,13,[CUDA memcpy Host-to-Device]
5554973647,3200,383740,,,,,,,,,,1.547,483320.000,Device,,NVIDIA A100-SXM4-40GB MIG 4g.20gb (0),1,,13,[CUDA memset]
5554980431,3328,383745,,,,,,,,,,0.031,9403.822,Pinned,Device,NVIDIA A100-SXM4-40GB MIG 4g.20gb (0),1,,13,[CUDA memcpy Host-to-Device]
5554986799,9983,383746,,,,,,,,,,0.197,19694.223,Pinned,Device,NVIDIA A100-SXM4-40GB MIG 4g.20gb (0),1,,13,[CUDA memcpy Host-to-Device]
5555002286,6848,383747,273,1,1,8,4,1,39,0.002,0.000,,,,,NVIDIA A100-SXM4-40GB MIG 4g.20gb (0),1,,13,"void channel_eq::eqMmseCoefCompLowMimoKernel<float, float, float, (unsigned int)4, (unsigned int)1, (unsigned int)4>(const channel_eq::_puschRxChEqStatDescr *, channel_eq::_puschRxChEqCoefCompDynDescr)"
5555010222,5792,383748,273,1,1,12,11,1,51,0.002,0.000,,,,,NVIDIA A100-SXM4-40GB MIG 4g.20gb (0),1,,13,"void channel_eq::eqMmseSoftDemapKernel<float, __half, __half, float, (unsigned int)4, (unsigned short)16383>(channel_eq::_puschRxChEqStatDescr *, channel_eq::_puschRxChEqSoftDemapDynDescr)"
5555016974,282045,383749,1,1,1,32,32,1,30,0.000,0.000,,,,,NVIDIA A100-SXM4-40GB MIG 4g.20gb (0),1,,13,"void convert_kernel<float2, __half2>(tensor_layout_any, T1 *, tensor_layout_any, const T2 *)"
5555300011,10944,383761,2253,1,1,128,1,1,16,0.000,0.000,,,,,NVIDIA A100-SXM4-40GB MIG 4g.20gb (0),1,,13,cupy_copy__float16_float16
5555313355,3232,383770,282,1,1,128,1,1,16,0.000,0.000,,,,,NVIDIA A100-SXM4-40GB MIG 4g.20gb (0),1,,13,cupy_copy__complex64_complex64
5555318186,2144,383779,26,1,1,128,1,1,16,0.000,0.000,,,,,NVIDIA A100-SXM4-40GB MIG 4g.20gb (0),1,,13,cupy_copy__float32_float32
5555322506,2784,383788,103,1,1,128,1,1,16,0.000,0.000,,,,,NVIDIA A100-SXM4-40GB MIG 4g.20gb (0),1,,13,cupy_copy__complex64_complex64
5555328554,12480,383798,1434,1,1,128,1,1,16,0.000,0.000,,,,,NVIDIA A100-SXM4-40GB MIG 4g.20gb (0),1,,13,cupy_copy__complex64_complex64
5555345610,80959,383803,1,1,1,32,32,1,30,0.000,0.000,,,,,NVIDIA A100-SXM4-40GB MIG 4g.20gb (0),1,,13,"void convert_kernel<__half2, float2>(tensor_layout_any, T1 *, tensor_layout_any, const T2 *)"
5555453353,5664,383806,,,,,,,,,,0.094,16542.310,Pinned,Device,NVIDIA A100-SXM4-40GB MIG 4g.20gb (0),1,,13,[CUDA memcpy Host-to-Device]
5555463305,597400,383807,,,,,,,,,,456.561,763827.289,Device,,NVIDIA A100-SXM4-40GB MIG 4g.20gb (0),1,,13,[CUDA memset]
5556065057,144735,383812,,,,,,,,,,1.235,8532.228,Pinned,Device,NVIDIA A100-SXM4-40GB MIG 4g.20gb (0),1,,13,[CUDA memcpy Host-to-Device]
5556221087,36288,383813,,,,,,,,,,0.197,5417.927,Pinned,Device,NVIDIA A100-SXM4-40GB MIG 4g.20gb (0),1,,13,[CUDA memcpy Host-to-Device]
5556279743,8320,383814,69,4,1,48,1,1,76,0.002,0.000,,,,,NVIDIA A100-SXM4-40GB MIG 4g.20gb (0),1,,13,"void ch_est::windowedChEstPreNoDftSOfdmKernel<float, __half, float, (unsigned int)2, (unsigned int)1, (unsigned short)4>(ch_est::puschRxChEstStatDescr_t *, ch_est::puschRxChEstDynDescr_t *)"
5556294430,6720,383815,137,2,1,24,2,1,44,0.001,0.001,,,,,NVIDIA A100-SXM4-40GB MIG 4g.20gb (0),1,,13,"void ch_est::chEstFilterNoDftSOfdmDispatchKernel<float, __half, float, (unsigned int)2>(ch_est::puschRxChEstStatDescr_t *, ch_est::puschRxChEstDynDescr_t *)"
5556306590,4672,383816,137,2,1,24,2,1,44,0.001,0.001,,,,,NVIDIA A100-SXM4-40GB MIG 4g.20gb (0),1,,13,"void ch_est::chEstFilterNoDftSOfdmDispatchKernel<float, __half, float, (unsigned int)2>(ch_est::puschRxChEstStatDescr_t *, ch_est::puschRxChEstDynDescr_t *)"
5556318366,2528,383827,103,1,1,128,1,1,16,0.000,0.000,,,,,NVIDIA A100-SXM4-40GB MIG 4g.20gb (0),1,,13,cupy_copy__complex64_complex64
5556328350,12736,383837,1434,1,1,128,1,1,16,0.000,0.000,,,,,NVIDIA A100-SXM4-40GB MIG 4g.20gb (0),1,,13,cupy_copy__complex64_complex64
5556361694,2688,383844,103,1,1,128,1,1,16,0.000,0.000,,,,,NVIDIA A100-SXM4-40GB MIG 4g.20gb (0),1,,13,cupy_copy__complex64_complex64
5556377533,84959,383851,1,1,1,32,32,1,30,0.000,0.000,,,,,NVIDIA A100-SXM4-40GB MIG 4g.20gb (0),1,,13,"void convert_kernel<__half2, float2>(tensor_layout_any, T1 *, tensor_layout_any, const T2 *)"
5556492764,13312,383854,,,,,,,,,,0.094,7038.444,Pinned,Device,NVIDIA A100-SXM4-40GB MIG 4g.20gb (0),1,,13,[CUDA memcpy Host-to-Device]
5556515292,47071,383855,,,,,,,,,,35.810,760745.940,Device,,NVIDIA A100-SXM4-40GB MIG 4g.20gb (0),1,,13,[CUDA memset]
5556569915,3392,383857,,,,,,,,,,0.000,23.585,Pinned,Device,NVIDIA A100-SXM4-40GB MIG 4g.20gb (0),1,,13,[CUDA memcpy Host-to-Device]
5556581915,19328,383858,,,,,,,,,,0.197,10172.105,Pinned,Device,NVIDIA A100-SXM4-40GB MIG 4g.20gb (0),1,,13,[CUDA memcpy Host-to-Device]
5556612219,10367,383859,273,1,1,48,1,1,40,0.000,0.001,,,,,NVIDIA A100-SXM4-40GB MIG 4g.20gb (0),1,,13,"void pusch_noise_intf_est::noiseIntfEstNoDftSOfdmKernel<float, __half, float, float, (unsigned int)2, (unsigned int)1, (unsigned char)4, (unsigned char)4>(pusch_noise_intf_est::puschRxNoiseIntfEstDynDescr)"
5556626714,2848,383870,35,1,1,128,1,1,16,0.000,0.000,,,,,NVIDIA A100-SXM4-40GB MIG 4g.20gb (0),1,,13,cupy_copy__complex64_complex64
5556634298,1888,383879,1,1,1,1,1,1,18,0.000,0.000,,,,,NVIDIA A100-SXM4-40GB MIG 4g.20gb (0),1,,13,cupy_copy__float32_float32
5556644154,1696,383885,,,,,,,,,,0.000,2.358,Device,Pageable,NVIDIA A100-SXM4-40GB MIG 4g.20gb (0),1,,7,[CUDA memcpy Device-to-Host]
5556712089,12864,383896,1434,1,1,128,1,1,16,0.000,0.000,,,,,NVIDIA A100-SXM4-40GB MIG 4g.20gb (0),1,,13,cupy_copy__complex64_complex64
5556737785,2848,383903,103,1,1,128,1,1,16,0.000,0.000,,,,,NVIDIA A100-SXM4-40GB MIG 4g.20gb (0),1,,13,cupy_copy__complex64_complex64
5556758681,2304,383910,35,1,1,128,1,1,16,0.000,0.000,,,,,NVIDIA A100-SXM4-40GB MIG 4g.20gb (0),1,,13,cupy_copy__complex64_complex64
5556774841,1760,383917,1,1,1,1,1,1,18,0.000,0.000,,,,,NVIDIA A100-SXM4-40GB MIG 4g.20gb (0),1,,13,cupy_copy__float32_float32
5556908983,81951,383928,1,1,1,32,32,1,30,0.000,0.000,,,,,NVIDIA A100-SXM4-40GB MIG 4g.20gb (0),1,,13,"void convert_kernel<__half2, float2>(tensor_layout_any, T1 *, tensor_layout_any, const T2 *)"
5557018934,5759,383931,,,,,,,,,,0.094,16269.467,Pinned,Device,NVIDIA A100-SXM4-40GB MIG 4g.20gb (0),1,,13,[CUDA memcpy Host-to-Device]
5557034389,3200,383932,,,,,,,,,,1.547,483320.000,Device,,NVIDIA A100-SXM4-40GB MIG 4g.20gb (0),1,,13,[CUDA memset]
5557040565,3040,383937,,,,,,,,,,0.031,10294.725,Pinned,Device,NVIDIA A100-SXM4-40GB MIG 4g.20gb (0),1,,13,[CUDA memcpy Host-to-Device]
5557046229,9792,383938,,,,,,,,,,0.197,20078.395,Pinned,Device,NVIDIA A100-SXM4-40GB MIG 4g.20gb (0),1,,13,[CUDA memcpy Host-to-Device]
5557061813,6272,383939,273,1,1,8,4,1,39,0.002,0.000,,,,,NVIDIA A100-SXM4-40GB MIG 4g.20gb (0),1,,13,"void channel_eq::eqMmseCoefCompLowMimoKernel<float, float, float, (unsigned int)4, (unsigned int)1, (unsigned int)4>(const channel_eq::_puschRxChEqStatDescr *, channel_eq::_puschRxChEqCoefCompDynDescr)"
5557069077,7104,383940,273,1,1,12,11,1,51,0.002,0.000,,,,,NVIDIA A100-SXM4-40GB MIG 4g.20gb (0),1,,13,"void channel_eq::eqMmseSoftDemapKernel<float, __half, __half, float, (unsigned int)4, (unsigned short)16383>(channel_eq::_puschRxChEqStatDescr *, channel_eq::_puschRxChEqSoftDemapDynDescr)"
5557077589,294780,383941,1,1,1,32,32,1,30,0.000,0.000,,,,,NVIDIA A100-SXM4-40GB MIG 4g.20gb (0),1,,13,"void convert_kernel<float2, __half2>(tensor_layout_any, T1 *, tensor_layout_any, const T2 *)"
5557373425,11072,383953,2253,1,1,128,1,1,16,0.000,0.000,,,,,NVIDIA A100-SXM4-40GB MIG 4g.20gb (0),1,,13,cupy_copy__float16_float16
5557387153,3808,383962,282,1,1,128,1,1,16,0.000,0.000,,,,,NVIDIA A100-SXM4-40GB MIG 4g.20gb (0),1,,13,cupy_copy__complex64_complex64
5557392881,2304,383971,26,1,1,128,1,1,16,0.000,0.000,,,,,NVIDIA A100-SXM4-40GB MIG 4g.20gb (0),1,,13,cupy_copy__float32_float32
5557396849,2944,383980,103,1,1,128,1,1,16,0.000,0.000,,,,,NVIDIA A100-SXM4-40GB MIG 4g.20gb (0),1,,13,cupy_copy__complex64_complex64
5557401073,12288,383990,1434,1,1,128,1,1,16,0.000,0.000,,,,,NVIDIA A100-SXM4-40GB MIG 4g.20gb (0),1,,13,cupy_copy__complex64_complex64
5557415281,87391,383995,1,1,1,32,32,1,30,0.000,0.000,,,,,NVIDIA A100-SXM4-40GB MIG 4g.20gb (0),1,,13,"void convert_kernel<__half2, float2>(tensor_layout_any, T1 *, tensor_layout_any, const T2 *)"
5557529231,5504,383998,,,,,,,,,,0.094,17023.251,Pinned,Device,NVIDIA A100-SXM4-40GB MIG 4g.20gb (0),1,,13,[CUDA memcpy Host-to-Device]
5557538895,596729,383999,,,,,,,,,,456.561,764740.412,Device,,NVIDIA A100-SXM4-40GB MIG 4g.20gb (0),1,,13,[CUDA memset]
5558143592,135550,384004,,,,,,,,,,1.235,9110.182,Pinned,Device,NVIDIA A100-SXM4-40GB MIG 4g.20gb (0),1,,13,[CUDA memcpy Host-to-Device]
5558288486,40927,384005,,,,,,,,,,0.197,4803.723,Pinned,Device,NVIDIA A100-SXM4-40GB MIG 4g.20gb (0),1,,13,[CUDA memcpy Host-to-Device]
5558354757,7712,384006,69,4,1,48,1,1,76,0.002,0.000,,,,,NVIDIA A100-SXM4-40GB MIG 4g.20gb (0),1,,13,"void ch_est::windowedChEstPreNoDftSOfdmKernel<float, __half, float, (unsigned int)2, (unsigned int)1, (unsigned short)4>(ch_est::puschRxChEstStatDescr_t *, ch_est::puschRxChEstDynDescr_t *)"
5558373765,6528,384007,137,2,1,24,2,1,44,0.001,0.001,,,,,NVIDIA A100-SXM4-40GB MIG 4g.20gb (0),1,,13,"void ch_est::chEstFilterNoDftSOfdmDispatchKernel<float, __half, float, (unsigned int)2>(ch_est::puschRxChEstStatDescr_t *, ch_est::puschRxChEstDynDescr_t *)"
5558390181,4896,384008,137,2,1,24,2,1,44,0.001,0.001,,,,,NVIDIA A100-SXM4-40GB MIG 4g.20gb (0),1,,13,"void ch_est::chEstFilterNoDftSOfdmDispatchKernel<float, __half, float, (unsigned int)2>(ch_est::puschRxChEstStatDescr_t *, ch_est::puschRxChEstDynDescr_t *)"
5558407332,2560,384019,103,1,1,128,1,1,16,0.000,0.000,,,,,NVIDIA A100-SXM4-40GB MIG 4g.20gb (0),1,,13,cupy_copy__complex64_complex64
5558423620,12608,384029,1434,1,1,128,1,1,16,0.000,0.000,,,,,NVIDIA A100-SXM4-40GB MIG 4g.20gb (0),1,,13,cupy_copy__complex64_complex64
5558445028,2880,384036,103,1,1,128,1,1,16,0.000,0.000,,,,,NVIDIA A100-SXM4-40GB MIG 4g.20gb (0),1,,13,cupy_copy__complex64_complex64
5558467844,90783,384043,1,1,1,32,32,1,30,0.000,0.000,,,,,NVIDIA A100-SXM4-40GB MIG 4g.20gb (0),1,,13,"void convert_kernel<__half2, float2>(tensor_layout_any, T1 *, tensor_layout_any, const T2 *)"
5558593794,19296,384046,,,,,,,,,,0.094,4855.702,Pinned,Device,NVIDIA A100-SXM4-40GB MIG 4g.20gb (0),1,,13,[CUDA memcpy Host-to-Device]
5558627234,46687,384047,,,,,,,,,,35.810,767012.676,Device,,NVIDIA A100-SXM4-40GB MIG 4g.20gb (0),1,,13,[CUDA memset]
5558679041,14080,384049,,,,,,,,,,0.000,5.682,Pinned,Device,NVIDIA A100-SXM4-40GB MIG 4g.20gb (0),1,,13,[CUDA memcpy Host-to-Device]
5558701857,19328,384050,,,,,,,,,,0.197,10172.105,Pinned,Device,NVIDIA A100-SXM4-40GB MIG 4g.20gb (0),1,,13,[CUDA memcpy Host-to-Device]
5558738592,9504,384051,273,1,1,48,1,1,40,0.000,0.001,,,,,NVIDIA A100-SXM4-40GB MIG 4g.20gb (0),1,,13,"void pusch_noise_intf_est::noiseIntfEstNoDftSOfdmKernel<float, __half, float, float, (unsigned int)2, (unsigned int)1, (unsigned char)4, (unsigned char)4>(pusch_noise_intf_est::puschRxNoiseIntfEstDynDescr)"
5558761568,2688,384062,35,1,1,128,1,1,16,0.000,0.000,,,,,NVIDIA A100-SXM4-40GB MIG 4g.20gb (0),1,,13,cupy_copy__complex64_complex64
5558777760,1696,384071,1,1,1,1,1,1,18,0.000,0.000,,,,,NVIDIA A100-SXM4-40GB MIG 4g.20gb (0),1,,13,cupy_copy__float32_float32
5558780160,5056,384077,,,,,,,,,,0.000,0.791,Device,Pageable,NVIDIA A100-SXM4-40GB MIG 4g.20gb (0),1,,7,[CUDA memcpy Device-to-Host]
5558872543,13088,384088,1434,1,1,128,1,1,16,0.000,0.000,,,,,NVIDIA A100-SXM4-40GB MIG 4g.20gb (0),1,,13,cupy_copy__complex64_complex64
5558908862,3520,384095,103,1,1,128,1,1,16,0.000,0.000,,,,,NVIDIA A100-SXM4-40GB MIG 4g.20gb (0),1,,13,cupy_copy__complex64_complex64
5558920606,2368,384102,35,1,1,128,1,1,16,0.000,0.000,,,,,NVIDIA A100-SXM4-40GB MIG 4g.20gb (0),1,,13,cupy_copy__complex64_complex64
5558935454,1792,384109,1,1,1,1,1,1,18,0.000,0.000,,,,,NVIDIA A100-SXM4-40GB MIG 4g.20gb (0),1,,13,cupy_copy__float32_float32
5559059388,82975,384120,1,1,1,32,32,1,30,0.000,0.000,,,,,NVIDIA A100-SXM4-40GB MIG 4g.20gb (0),1,,13,"void convert_kernel<__half2, float2>(tensor_layout_any, T1 *, tensor_layout_any, const T2 *)"
5559170203,5664,384123,,,,,,,,,,0.094,16542.310,Pinned,Device,NVIDIA A100-SXM4-40GB MIG 4g.20gb (0),1,,13,[CUDA memcpy Host-to-Device]
5559184219,3424,384124,,,,,,,,,,1.547,451700.819,Device,,NVIDIA A100-SXM4-40GB MIG 4g.20gb (0),1,,13,[CUDA memset]
5559190971,3648,384129,,,,,,,,,,0.031,8578.922,Pinned,Device,NVIDIA A100-SXM4-40GB MIG 4g.20gb (0),1,,13,[CUDA memcpy Host-to-Device]
5559197339,9792,384130,,,,,,,,,,0.197,20078.395,Pinned,Device,NVIDIA A100-SXM4-40GB MIG 4g.20gb (0),1,,13,[CUDA memcpy Host-to-Device]
5559213179,5855,384131,273,1,1,8,4,1,39,0.002,0.000,,,,,NVIDIA A100-SXM4-40GB MIG 4g.20gb (0),1,,13,"void channel_eq::eqMmseCoefCompLowMimoKernel<float, float, float, (unsigned int)4, (unsigned int)1, (unsigned int)4>(const channel_eq::_puschRxChEqStatDescr *, channel_eq::_puschRxChEqCoefCompDynDescr)"
5559220026,6144,384132,273,1,1,12,11,1,51,0.002,0.000,,,,,NVIDIA A100-SXM4-40GB MIG 4g.20gb (0),1,,13,"void channel_eq::eqMmseSoftDemapKernel<float, __half, __half, float, (unsigned int)4, (unsigned short)16383>(channel_eq::_puschRxChEqStatDescr *, channel_eq::_puschRxChEqSoftDemapDynDescr)"
5559228602,283197,384133,1,1,1,32,32,1,30,0.000,0.000,,,,,NVIDIA A100-SXM4-40GB MIG 4g.20gb (0),1,,13,"void convert_kernel<float2, __half2>(tensor_layout_any, T1 *, tensor_layout_any, const T2 *)"
5559513015,10912,384145,2253,1,1,128,1,1,16,0.000,0.000,,,,,NVIDIA A100-SXM4-40GB MIG 4g.20gb (0),1,,13,cupy_copy__float16_float16
5559525335,3584,384154,282,1,1,128,1,1,16,0.000,0.000,,,,,NVIDIA A100-SXM4-40GB MIG 4g.20gb (0),1,,13,cupy_copy__complex64_complex64
5559532471,1984,384163,26,1,1,128,1,1,16,0.000,0.000,,,,,NVIDIA A100-SXM4-40GB MIG 4g.20gb (0),1,,13,cupy_copy__float32_float32
5559536631,4575,384172,103,1,1,128,1,1,16,0.000,0.000,,,,,NVIDIA A100-SXM4-40GB MIG 4g.20gb (0),1,,13,cupy_copy__complex64_complex64
5559543510,12416,384182,1434,1,1,128,1,1,16,0.000,0.000,,,,,NVIDIA A100-SXM4-40GB MIG 4g.20gb (0),1,,13,cupy_copy__complex64_complex64
5559560214,87263,384187,1,1,1,32,32,1,30,0.000,0.000,,,,,NVIDIA A100-SXM4-40GB MIG 4g.20gb (0),1,,13,"void convert_kernel<__half2, float2>(tensor_layout_any, T1 *, tensor_layout_any, const T2 *)"
5559673717,5696,384190,,,,,,,,,,0.094,16449.363,Pinned,Device,NVIDIA A100-SXM4-40GB MIG 4g.20gb (0),1,,13,[CUDA memcpy Host-to-Device]
5559683989,599096,384191,,,,,,,,,,456.561,762001.043,Device,,NVIDIA A100-SXM4-40GB MIG 4g.20gb (0),1,,13,[CUDA memset]
5560288141,81343,384196,,,,,,,,,,1.235,15181.167,Pinned,Device,NVIDIA A100-SXM4-40GB MIG 4g.20gb (0),1,,13,[CUDA memcpy Host-to-Device]
5560372076,16768,384197,,,,,,,,,,0.197,11725.111,Pinned,Device,NVIDIA A100-SXM4-40GB MIG 4g.20gb (0),1,,13,[CUDA memcpy Host-to-Device]
5560402060,9280,384198,69,4,1,48,1,1,76,0.002,0.000,,,,,NVIDIA A100-SXM4-40GB MIG 4g.20gb (0),1,,13,"void ch_est::windowedChEstPreNoDftSOfdmKernel<float, __half, float, (unsigned int)2, (unsigned int)1, (unsigned short)4>(ch_est::puschRxChEstStatDescr_t *, ch_est::puschRxChEstDynDescr_t *)"
5560417420,7360,384199,137,2,1,24,2,1,44,0.001,0.001,,,,,NVIDIA A100-SXM4-40GB MIG 4g.20gb (0),1,,13,"void ch_est::chEstFilterNoDftSOfdmDispatchKernel<float, __half, float, (unsigned int)2>(ch_est::puschRxChEstStatDescr_t *, ch_est::puschRxChEstDynDescr_t *)"
5560426124,6303,384200,137,2,1,24,2,1,44,0.001,0.001,,,,,NVIDIA A100-SXM4-40GB MIG 4g.20gb (0),1,,13,"void ch_est::chEstFilterNoDftSOfdmDispatchKernel<float, __half, float, (unsigned int)2>(ch_est::puschRxChEstStatDescr_t *, ch_est::puschRxChEstDynDescr_t *)"
5560433739,3136,384211,103,1,1,128,1,1,16,0.000,0.000,,,,,NVIDIA A100-SXM4-40GB MIG 4g.20gb (0),1,,13,cupy_copy__complex64_complex64
5560441387,12960,384221,1434,1,1,128,1,1,16,0.000,0.000,,,,,NVIDIA A100-SXM4-40GB MIG 4g.20gb (0),1,,13,cupy_copy__complex64_complex64
5560456523,2592,384228,103,1,1,128,1,1,16,0.000,0.000,,,,,NVIDIA A100-SXM4-40GB MIG 4g.20gb (0),1,,13,cupy_copy__complex64_complex64
5560464939,92895,384235,1,1,1,32,32,1,30,0.000,0.000,,,,,NVIDIA A100-SXM4-40GB MIG 4g.20gb (0),1,,13,"void convert_kernel<__half2, float2>(tensor_layout_any, T1 *, tensor_layout_any, const T2 *)"
5560585258,9151,384238,,,,,,,,,,0.094,10238.818,Pinned,Device,NVIDIA A100-SXM4-40GB MIG 4g.20gb (0),1,,13,[CUDA memcpy Host-to-Device]
5560610153,46880,384239,,,,,,,,,,35.810,763861.404,Device,,NVIDIA A100-SXM4-40GB MIG 4g.20gb (0),1,,13,[CUDA memset]
5560659177,9504,384241,,,,,,,,,,0.000,8.417,Pinned,Device,NVIDIA A100-SXM4-40GB MIG 4g.20gb (0),1,,13,[CUDA memcpy Host-to-Device]
5560676744,16064,384242,,,,,,,,,,0.197,12238.848,Pinned,Device,NVIDIA A100-SXM4-40GB MIG 4g.20gb (0),1,,13,[CUDA memcpy Host-to-Device]
5560706184,8672,384243,273,1,1,48,1,1,40,0.000,0.001,,,,,NVIDIA A100-SXM4-40GB MIG 4g.20gb (0),1,,13,"void pusch_noise_intf_est::noiseIntfEstNoDftSOfdmKernel<float, __half, float, float, (unsigned int)2, (unsigned int)1, (unsigned char)4, (unsigned char)4>(pusch_noise_intf_est::puschRxNoiseIntfEstDynDescr)"
5560723688,2624,384254,35,1,1,128,1,1,16,0.000,0.000,,,,,NVIDIA A100-SXM4-40GB MIG 4g.20gb (0),1,,13,cupy_copy__complex64_complex64
5560734696,1728,384263,1,1,1,1,1,1,18,0.000,0.000,,,,,NVIDIA A100-SXM4-40GB MIG 4g.20gb (0),1,,13,cupy_copy__float32_float32
5560741960,7520,384269,,,,,,,,,,0.000,0.532,Device,Pageable,NVIDIA A100-SXM4-40GB MIG 4g.20gb (0),1,,7,[CUDA memcpy Device-to-Host]
5560819431,13248,384280,1434,1,1,128,1,1,16,0.000,0.000,,,,,NVIDIA A100-SXM4-40GB MIG 4g.20gb (0),1,,13,cupy_copy__complex64_complex64
5560844742,2912,384287,103,1,1,128,1,1,16,0.000,0.000,,,,,NVIDIA A100-SXM4-40GB MIG 4g.20gb (0),1,,13,cupy_copy__complex64_complex64
5560867558,2592,384294,35,1,1,128,1,1,16,0.000,0.000,,,,,NVIDIA A100-SXM4-40GB MIG 4g.20gb (0),1,,13,cupy_copy__complex64_complex64
5560888966,1920,384301,1,1,1,1,1,1,18,0.000,0.000,,,,,NVIDIA A100-SXM4-40GB MIG 4g.20gb (0),1,,13,cupy_copy__float32_float32
5561016772,82559,384312,1,1,1,32,32,1,30,0.000,0.000,,,,,NVIDIA A100-SXM4-40GB MIG 4g.20gb (0),1,,13,"void convert_kernel<__half2, float2>(tensor_layout_any, T1 *, tensor_layout_any, const T2 *)"
5561126851,5408,384315,,,,,,,,,,0.094,17325.421,Pinned,Device,NVIDIA A100-SXM4-40GB MIG 4g.20gb (0),1,,13,[CUDA memcpy Host-to-Device]
5561143683,3264,384316,,,,,,,,,,1.547,473842.288,Device,,NVIDIA A100-SXM4-40GB MIG 4g.20gb (0),1,,13,[CUDA memset]
5561148035,3328,384321,,,,,,,,,,0.031,9403.822,Pinned,Device,NVIDIA A100-SXM4-40GB MIG 4g.20gb (0),1,,13,[CUDA memcpy Host-to-Device]
5561153891,9599,384322,,,,,,,,,,0.197,20482.032,Pinned,Device,NVIDIA A100-SXM4-40GB MIG 4g.20gb (0),1,,13,[CUDA memcpy Host-to-Device]
5561168578,6336,384323,273,1,1,8,4,1,39,0.002,0.000,,,,,NVIDIA A100-SXM4-40GB MIG 4g.20gb (0),1,,13,"void channel_eq::eqMmseCoefCompLowMimoKernel<float, float, float, (unsigned int)4, (unsigned int)1, (unsigned int)4>(const channel_eq::_puschRxChEqStatDescr *, channel_eq::_puschRxChEqCoefCompDynDescr)"
5561178210,5632,384324,273,1,1,12,11,1,51,0.002,0.000,,,,,NVIDIA A100-SXM4-40GB MIG 4g.20gb (0),1,,13,"void channel_eq::eqMmseSoftDemapKernel<float, __half, __half, float, (unsigned int)4, (unsigned short)16383>(channel_eq::_puschRxChEqStatDescr *, channel_eq::_puschRxChEqSoftDemapDynDescr)"
5561184930,282301,384325,1,1,1,32,32,1,30,0.000,0.000,,,,,NVIDIA A100-SXM4-40GB MIG 4g.20gb (0),1,,13,"void convert_kernel<float2, __half2>(tensor_layout_any, T1 *, tensor_layout_any, const T2 *)"
5561468255,10848,384337,2253,1,1,128,1,1,16,0.000,0.000,,,,,NVIDIA A100-SXM4-40GB MIG 4g.20gb (0),1,,13,cupy_copy__float16_float16
5561483103,3295,384346,282,1,1,128,1,1,16,0.000,0.000,,,,,NVIDIA A100-SXM4-40GB MIG 4g.20gb (0),1,,13,cupy_copy__complex64_complex64
5561489118,2016,384355,26,1,1,128,1,1,16,0.000,0.000,,,,,NVIDIA A100-SXM4-40GB MIG 4g.20gb (0),1,,13,cupy_copy__float32_float32
5561492094,3296,384364,103,1,1,128,1,1,16,0.000,0.000,,,,,NVIDIA A100-SXM4-40GB MIG 4g.20gb (0),1,,13,cupy_copy__complex64_complex64
5561497854,11936,384374,1434,1,1,128,1,1,16,0.000,0.000,,,,,NVIDIA A100-SXM4-40GB MIG 4g.20gb (0),1,,13,cupy_copy__complex64_complex64
5561514462,81951,384379,1,1,1,32,32,1,30,0.000,0.000,,,,,NVIDIA A100-SXM4-40GB MIG 4g.20gb (0),1,,13,"void convert_kernel<__half2, float2>(tensor_layout_any, T1 *, tensor_layout_any, const T2 *)"
5561622685,5664,384382,,,,,,,,,,0.094,16542.310,Pinned,Device,NVIDIA A100-SXM4-40GB MIG 4g.20gb (0),1,,13,[CUDA memcpy Host-to-Device]
5561633725,598328,384383,,,,,,,,,,456.561,762914.166,Device,,NVIDIA A100-SXM4-40GB MIG 4g.20gb (0),1,,13,[CUDA memset]
5562235765,122015,384388,,,,,,,,,,1.235,10120.366,Pinned,Device,NVIDIA A100-SXM4-40GB MIG 4g.20gb (0),1,,13,[CUDA memcpy Host-to-Device]
5562365844,32735,384389,,,,,,,,,,0.197,6005.981,Pinned,Device,NVIDIA A100-SXM4-40GB MIG 4g.20gb (0),1,,13,[CUDA memcpy Host-to-Device]
5562415891,8256,384390,69,4,1,48,1,1,76,0.002,0.000,,,,,NVIDIA A100-SXM4-40GB MIG 4g.20gb (0),1,,13,"void ch_est::windowedChEstPreNoDftSOfdmKernel<float, __half, float, (unsigned int)2, (unsigned int)1, (unsigned short)4>(ch_est::puschRxChEstStatDescr_t *, ch_est::puschRxChEstDynDescr_t *)"
5562430163,6944,384391,137,2,1,24,2,1,44,0.001,0.001,,,,,NVIDIA A100-SXM4-40GB MIG 4g.20gb (0),1,,13,"void ch_est::chEstFilterNoDftSOfdmDispatchKernel<float, __half, float, (unsigned int)2>(ch_est::puschRxChEstStatDescr_t *, ch_est::puschRxChEstDynDescr_t *)"
5562449523,5088,384392,137,2,1,24,2,1,44,0.001,0.001,,,,,NVIDIA A100-SXM4-40GB MIG 4g.20gb (0),1,,13,"void ch_est::chEstFilterNoDftSOfdmDispatchKernel<float, __half, float, (unsigned int)2>(ch_est::puschRxChEstStatDescr_t *, ch_est::puschRxChEstDynDescr_t *)"
5562458323,2719,384403,103,1,1,128,1,1,16,0.000,0.000,,,,,NVIDIA A100-SXM4-40GB MIG 4g.20gb (0),1,,13,cupy_copy__complex64_complex64
5562466482,12448,384413,1434,1,1,128,1,1,16,0.000,0.000,,,,,NVIDIA A100-SXM4-40GB MIG 4g.20gb (0),1,,13,cupy_copy__complex64_complex64
5562487250,2528,384420,103,1,1,128,1,1,16,0.000,0.000,,,,,NVIDIA A100-SXM4-40GB MIG 4g.20gb (0),1,,13,cupy_copy__complex64_complex64
5562495794,83647,384427,1,1,1,32,32,1,30,0.000,0.000,,,,,NVIDIA A100-SXM4-40GB MIG 4g.20gb (0),1,,13,"void convert_kernel<__half2, float2>(tensor_layout_any, T1 *, tensor_layout_any, const T2 *)"
5562606513,5632,384430,,,,,,,,,,0.094,16636.287,Pinned,Device,NVIDIA A100-SXM4-40GB MIG 4g.20gb (0),1,,13,[CUDA memcpy Host-to-Device]
5562620017,47647,384431,,,,,,,,,,35.810,751542.791,Device,,NVIDIA A100-SXM4-40GB MIG 4g.20gb (0),1,,13,[CUDA memset]
5562671952,2912,384433,,,,,,,,,,0.000,27.472,Pinned,Device,NVIDIA A100-SXM4-40GB MIG 4g.20gb (0),1,,13,[CUDA memcpy Host-to-Device]
5562679760,14176,384434,,,,,,,,,,0.197,13868.925,Pinned,Device,NVIDIA A100-SXM4-40GB MIG 4g.20gb (0),1,,13,[CUDA memcpy Host-to-Device]
5562703151,13056,384435,273,1,1,48,1,1,40,0.000,0.001,,,,,NVIDIA A100-SXM4-40GB MIG 4g.20gb (0),1,,13,"void pusch_noise_intf_est::noiseIntfEstNoDftSOfdmKernel<float, __half, float, float, (unsigned int)2, (unsigned int)1, (unsigned char)4, (unsigned char)4>(pusch_noise_intf_est::puschRxNoiseIntfEstDynDescr)"
5562720591,2912,384446,35,1,1,128,1,1,16,0.000,0.000,,,,,NVIDIA A100-SXM4-40GB MIG 4g.20gb (0),1,,13,cupy_copy__complex64_complex64
5562726095,1920,384455,1,1,1,1,1,1,18,0.000,0.000,,,,,NVIDIA A100-SXM4-40GB MIG 4g.20gb (0),1,,13,cupy_copy__float32_float32
5562757039,1824,384461,,,,,,,,,,0.000,2.193,Device,Pageable,NVIDIA A100-SXM4-40GB MIG 4g.20gb (0),1,,7,[CUDA memcpy Device-to-Host]
5562817358,13120,384472,1434,1,1,128,1,1,16,0.000,0.000,,,,,NVIDIA A100-SXM4-40GB MIG 4g.20gb (0),1,,13,cupy_copy__complex64_complex64
5562850830,2848,384479,103,1,1,128,1,1,16,0.000,0.000,,,,,NVIDIA A100-SXM4-40GB MIG 4g.20gb (0),1,,13,cupy_copy__complex64_complex64
5562876941,2784,384486,35,1,1,128,1,1,16,0.000,0.000,,,,,NVIDIA A100-SXM4-40GB MIG 4g.20gb (0),1,,13,cupy_copy__complex64_complex64
5562895885,1792,384493,1,1,1,1,1,1,18,0.000,0.000,,,,,NVIDIA A100-SXM4-40GB MIG 4g.20gb (0),1,,13,cupy_copy__float32_float32
5563027787,82143,384504,1,1,1,32,32,1,30,0.000,0.000,,,,,NVIDIA A100-SXM4-40GB MIG 4g.20gb (0),1,,13,"void convert_kernel<__half2, float2>(tensor_layout_any, T1 *, tensor_layout_any, const T2 *)"
5563137034,6144,384507,,,,,,,,,,0.094,15249.961,Pinned,Device,NVIDIA A100-SXM4-40GB MIG 4g.20gb (0),1,,13,[CUDA memcpy Host-to-Device]
5563152618,3264,384508,,,,,,,,,,1.547,473842.288,Device,,NVIDIA A100-SXM4-40GB MIG 4g.20gb (0),1,,13,[CUDA memset]
5563158538,3456,384513,,,,,,,,,,0.031,9055.529,Pinned,Device,NVIDIA A100-SXM4-40GB MIG 4g.20gb (0),1,,13,[CUDA memcpy Host-to-Device]
5563164170,9408,384514,,,,,,,,,,0.197,20897.858,Pinned,Device,NVIDIA A100-SXM4-40GB MIG 4g.20gb (0),1,,13,[CUDA memcpy Host-to-Device]
5563177514,8032,384515,273,1,1,8,4,1,39,0.002,0.000,,,,,NVIDIA A100-SXM4-40GB MIG 4g.20gb (0),1,,13,"void channel_eq::eqMmseCoefCompLowMimoKernel<float, float, float, (unsigned int)4, (unsigned int)1, (unsigned int)4>(const channel_eq::_puschRxChEqStatDescr *, channel_eq::_puschRxChEqCoefCompDynDescr)"
5563186602,5599,384516,273,1,1,12,11,1,51,0.002,0.000,,,,,NVIDIA A100-SXM4-40GB MIG 4g.20gb (0),1,,13,"void channel_eq::eqMmseSoftDemapKernel<float, __half, __half, float, (unsigned int)4, (unsigned short)16383>(channel_eq::_puschRxChEqStatDescr *, channel_eq::_puschRxChEqSoftDemapDynDescr)"
5563195881,282685,384517,1,1,1,32,32,1,30,0.000,0.000,,,,,NVIDIA A100-SXM4-40GB MIG 4g.20gb (0),1,,13,"void convert_kernel<float2, __half2>(tensor_layout_any, T1 *, tensor_layout_any, const T2 *)"
5563481030,11200,384529,2253,1,1,128,1,1,16,0.000,0.000,,,,,NVIDIA A100-SXM4-40GB MIG 4g.20gb (0),1,,13,cupy_copy__float16_float16
5563497222,3136,384538,282,1,1,128,1,1,16,0.000,0.000,,,,,NVIDIA A100-SXM4-40GB MIG 4g.20gb (0),1,,13,cupy_copy__complex64_complex64
5563502758,2272,384547,26,1,1,128,1,1,16,0.000,0.000,,,,,NVIDIA A100-SXM4-40GB MIG 4g.20gb (0),1,,13,cupy_copy__float32_float32
5563506150,4800,384556,103,1,1,128,1,1,16,0.000,0.000,,,,,NVIDIA A100-SXM4-40GB MIG 4g.20gb (0),1,,13,cupy_copy__complex64_complex64
5563512454,11967,384566,1434,1,1,128,1,1,16,0.000,0.000,,,,,NVIDIA A100-SXM4-40GB MIG 4g.20gb (0),1,,13,cupy_copy__complex64_complex64
5563529157,81471,384571,1,1,1,32,32,1,30,0.000,0.000,,,,,NVIDIA A100-SXM4-40GB MIG 4g.20gb (0),1,,13,"void convert_kernel<__half2, float2>(tensor_layout_any, T1 *, tensor_layout_any, const T2 *)"
5563637764,5856,384574,,,,,,,,,,0.094,15999.997,Pinned,Device,NVIDIA A100-SXM4-40GB MIG 4g.20gb (0),1,,13,[CUDA memcpy Host-to-Device]
5563647396,600824,384575,,,,,,,,,,456.561,759718.236,Device,,NVIDIA A100-SXM4-40GB MIG 4g.20gb (0),1,,13,[CUDA memset]
5564252604,142623,384580,,,,,,,,,,1.235,8658.192,Pinned,Device,NVIDIA A100-SXM4-40GB MIG 4g.20gb (0),1,,13,[CUDA memcpy Host-to-Device]
5564410746,40416,384581,,,,,,,,,,0.197,4864.475,Pinned,Device,NVIDIA A100-SXM4-40GB MIG 4g.20gb (0),1,,13,[CUDA memcpy Host-to-Device]
5564472090,8000,384582,69,4,1,48,1,1,76,0.002,0.000,,,,,NVIDIA A100-SXM4-40GB MIG 4g.20gb (0),1,,13,"void ch_est::windowedChEstPreNoDftSOfdmKernel<float, __half, float, (unsigned int)2, (unsigned int)1, (unsigned short)4>(ch_est::puschRxChEstStatDescr_t *, ch_est::puschRxChEstDynDescr_t *)"
5564488921,6624,384583,137,2,1,24,2,1,44,0.001,0.001,,,,,NVIDIA A100-SXM4-40GB MIG 4g.20gb (0),1,,13,"void ch_est::chEstFilterNoDftSOfdmDispatchKernel<float, __half, float, (unsigned int)2>(ch_est::puschRxChEstStatDescr_t *, ch_est::puschRxChEstDynDescr_t *)"
5564504697,4768,384584,137,2,1,24,2,1,44,0.001,0.001,,,,,NVIDIA A100-SXM4-40GB MIG 4g.20gb (0),1,,13,"void ch_est::chEstFilterNoDftSOfdmDispatchKernel<float, __half, float, (unsigned int)2>(ch_est::puschRxChEstStatDescr_t *, ch_est::puschRxChEstDynDescr_t *)"
5564519865,2528,384595,103,1,1,128,1,1,16,0.000,0.000,,,,,NVIDIA A100-SXM4-40GB MIG 4g.20gb (0),1,,13,cupy_copy__complex64_complex64
5564536985,12352,384605,1434,1,1,128,1,1,16,0.000,0.000,,,,,NVIDIA A100-SXM4-40GB MIG 4g.20gb (0),1,,13,cupy_copy__complex64_complex64
5564573272,2560,384612,103,1,1,128,1,1,16,0.000,0.000,,,,,NVIDIA A100-SXM4-40GB MIG 4g.20gb (0),1,,13,cupy_copy__complex64_complex64
5564591192,82495,384619,1,1,1,32,32,1,30,0.000,0.000,,,,,NVIDIA A100-SXM4-40GB MIG 4g.20gb (0),1,,13,"void convert_kernel<__half2, float2>(tensor_layout_any, T1 *, tensor_layout_any, const T2 *)"
5564702423,7616,384622,,,,,,,,,,0.094,12302.472,Pinned,Device,NVIDIA A100-SXM4-40GB MIG 4g.20gb (0),1,,13,[CUDA memcpy Host-to-Device]
5564719735,46591,384623,,,,,,,,,,35.810,768588.313,Device,,NVIDIA A100-SXM4-40GB MIG 4g.20gb (0),1,,13,[CUDA memset]
5564772182,4800,384625,,,,,,,,,,0.000,16.667,Pinned,Device,NVIDIA A100-SXM4-40GB MIG 4g.20gb (0),1,,13,[CUDA memcpy Host-to-Device]
5564782902,13984,384626,,,,,,,,,,0.197,14059.438,Pinned,Device,NVIDIA A100-SXM4-40GB MIG 4g.20gb (0),1,,13,[CUDA memcpy Host-to-Device]
5564805814,13183,384627,273,1,1,48,1,1,40,0.000,0.001,,,,,NVIDIA A100-SXM4-40GB MIG 4g.20gb (0),1,,13,"void pusch_noise_intf_est::noiseIntfEstNoDftSOfdmKernel<float, __half, float, float, (unsigned int)2, (unsigned int)1, (unsigned char)4, (unsigned char)4>(pusch_noise_intf_est::puschRxNoiseIntfEstDynDescr)"
5564821077,2912,384638,35,1,1,128,1,1,16,0.000,0.000,,,,,NVIDIA A100-SXM4-40GB MIG 4g.20gb (0),1,,13,cupy_copy__complex64_complex64
5564825685,1760,384647,1,1,1,1,1,1,18,0.000,0.000,,,,,NVIDIA A100-SXM4-40GB MIG 4g.20gb (0),1,,13,cupy_copy__float32_float32
5564851285,1664,384653,,,,,,,,,,0.000,2.404,Device,Pageable,NVIDIA A100-SXM4-40GB MIG 4g.20gb (0),1,,7,[CUDA memcpy Device-to-Host]
5564911508,13056,384664,1434,1,1,128,1,1,16,0.000,0.000,,,,,NVIDIA A100-SXM4-40GB MIG 4g.20gb (0),1,,13,cupy_copy__complex64_complex64
5564941876,3488,384671,103,1,1,128,1,1,16,0.000,0.000,,,,,NVIDIA A100-SXM4-40GB MIG 4g.20gb (0),1,,13,cupy_copy__complex64_complex64
5564963604,2848,384678,35,1,1,128,1,1,16,0.000,0.000,,,,,NVIDIA A100-SXM4-40GB MIG 4g.20gb (0),1,,13,cupy_copy__complex64_complex64
5564981907,1824,384685,1,1,1,1,1,1,18,0.000,0.000,,,,,NVIDIA A100-SXM4-40GB MIG 4g.20gb (0),1,,13,cupy_copy__float32_float32
5565113842,82975,384696,1,1,1,32,32,1,30,0.000,0.000,,,,,NVIDIA A100-SXM4-40GB MIG 4g.20gb (0),1,,13,"void convert_kernel<__half2, float2>(tensor_layout_any, T1 *, tensor_layout_any, const T2 *)"
5565223888,5984,384699,,,,,,,,,,0.094,15657.726,Pinned,Device,NVIDIA A100-SXM4-40GB MIG 4g.20gb (0),1,,13,[CUDA memcpy Host-to-Device]
5565241232,3200,384700,,,,,,,,,,1.547,483320.000,Device,,NVIDIA A100-SXM4-40GB MIG 4g.20gb (0),1,,13,[CUDA memset]
5565244848,3136,384705,,,,,,,,,,0.031,9979.575,Pinned,Device,NVIDIA A100-SXM4-40GB MIG 4g.20gb (0),1,,13,[CUDA memcpy Host-to-Device]
5565250064,9920,384706,,,,,,,,,,0.197,19819.266,Pinned,Device,NVIDIA A100-SXM4-40GB MIG 4g.20gb (0),1,,13,[CUDA memcpy Host-to-Device]
5565265872,6112,384707,273,1,1,8,4,1,39,0.002,0.000,,,,,NVIDIA A100-SXM4-40GB MIG 4g.20gb (0),1,,13,"void channel_eq::eqMmseCoefCompLowMimoKernel<float, float, float, (unsigned int)4, (unsigned int)1, (unsigned int)4>(const channel_eq::_puschRxChEqStatDescr *, channel_eq::_puschRxChEqCoefCompDynDescr)"
5565273616,6400,384708,273,1,1,12,11,1,51,0.002,0.000,,,,,NVIDIA A100-SXM4-40GB MIG 4g.20gb (0),1,,13,"void channel_eq::eqMmseSoftDemapKernel<float, __half, __half, float, (unsigned int)4, (unsigned short)16383>(channel_eq::_puschRxChEqStatDescr *, channel_eq::_puschRxChEqSoftDemapDynDescr)"
5565281168,283356,384709,1,1,1,32,32,1,30,0.000,0.000,,,,,NVIDIA A100-SXM4-40GB MIG 4g.20gb (0),1,,13,"void convert_kernel<float2, __half2>(tensor_layout_any, T1 *, tensor_layout_any, const T2 *)"
5565565612,10976,384721,2253,1,1,128,1,1,16,0.000,0.000,,,,,NVIDIA A100-SXM4-40GB MIG 4g.20gb (0),1,,13,cupy_copy__float16_float16
5565579564,2784,384730,282,1,1,128,1,1,16,0.000,0.000,,,,,NVIDIA A100-SXM4-40GB MIG 4g.20gb (0),1,,13,cupy_copy__complex64_complex64
5565584460,2336,384739,26,1,1,128,1,1,16,0.000,0.000,,,,,NVIDIA A100-SXM4-40GB MIG 4g.20gb (0),1,,13,cupy_copy__float32_float32
5565587820,2784,384748,103,1,1,128,1,1,16,0.000,0.000,,,,,NVIDIA A100-SXM4-40GB MIG 4g.20gb (0),1,,13,cupy_copy__complex64_complex64
5565593516,12032,384758,1434,1,1,128,1,1,16,0.000,0.000,,,,,NVIDIA A100-SXM4-40GB MIG 4g.20gb (0),1,,13,cupy_copy__complex64_complex64
5565609612,81823,384763,1,1,1,32,32,1,30,0.000,0.000,,,,,NVIDIA A100-SXM4-40GB MIG 4g.20gb (0),1,,13,"void convert_kernel<__half2, float2>(tensor_layout_any, T1 *, tensor_layout_any, const T2 *)"
5565721130,5920,384766,,,,,,,,,,0.094,15826.941,Pinned,Device,NVIDIA A100-SXM4-40GB MIG 4g.20gb (0),1,,13,[CUDA memcpy Host-to-Device]
5565732650,597881,384767,,,,,,,,,,456.561,763370.728,Device,,NVIDIA A100-SXM4-40GB MIG 4g.20gb (0),1,,13,[CUDA memset]
5566331171,151070,384772,,,,,,,,,,1.235,8174.094,Pinned,Device,NVIDIA A100-SXM4-40GB MIG 4g.20gb (0),1,,13,[CUDA memcpy Host-to-Device]
5566494561,41599,384773,,,,,,,,,,0.197,4726.260,Pinned,Device,NVIDIA A100-SXM4-40GB MIG 4g.20gb (0),1,,13,[CUDA memcpy Host-to-Device]
5566554016,7872,384774,69,4,1,48,1,1,76,0.002,0.000,,,,,NVIDIA A100-SXM4-40GB MIG 4g.20gb (0),1,,13,"void ch_est::windowedChEstPreNoDftSOfdmKernel<float, __half, float, (unsigned int)2, (unsigned int)1, (unsigned short)4>(ch_est::puschRxChEstStatDescr_t *, ch_est::puschRxChEstDynDescr_t *)"
5566573216,6624,384775,137,2,1,24,2,1,44,0.001,0.001,,,,,NVIDIA A100-SXM4-40GB MIG 4g.20gb (0),1,,13,"void ch_est::chEstFilterNoDftSOfdmDispatchKernel<float, __half, float, (unsigned int)2>(ch_est::puschRxChEstStatDescr_t *, ch_est::puschRxChEstDynDescr_t *)"
5566590208,4736,384776,137,2,1,24,2,1,44,0.001,0.001,,,,,NVIDIA A100-SXM4-40GB MIG 4g.20gb (0),1,,13,"void ch_est::chEstFilterNoDftSOfdmDispatchKernel<float, __half, float, (unsigned int)2>(ch_est::puschRxChEstStatDescr_t *, ch_est::puschRxChEstDynDescr_t *)"
5566607231,2656,384787,103,1,1,128,1,1,16,0.000,0.000,,,,,NVIDIA A100-SXM4-40GB MIG 4g.20gb (0),1,,13,cupy_copy__complex64_complex64
5566623839,12224,384797,1434,1,1,128,1,1,16,0.000,0.000,,,,,NVIDIA A100-SXM4-40GB MIG 4g.20gb (0),1,,13,cupy_copy__complex64_complex64
5566645631,2880,384804,103,1,1,128,1,1,16,0.000,0.000,,,,,NVIDIA A100-SXM4-40GB MIG 4g.20gb (0),1,,13,cupy_copy__complex64_complex64
5566669695,91774,384811,1,1,1,32,32,1,30,0.000,0.000,,,,,NVIDIA A100-SXM4-40GB MIG 4g.20gb (0),1,,13,"void convert_kernel<__half2, float2>(tensor_layout_any, T1 *, tensor_layout_any, const T2 *)"
5566793437,25664,384814,,,,,,,,,,0.094,3650.865,Pinned,Device,NVIDIA A100-SXM4-40GB MIG 4g.20gb (0),1,,13,[CUDA memcpy Host-to-Device]
5566848956,47104,384815,,,,,,,,,,35.810,760208.792,Device,,NVIDIA A100-SXM4-40GB MIG 4g.20gb (0),1,,13,[CUDA memset]
5566899644,11616,384817,,,,,,,,,,0.000,6.887,Pinned,Device,NVIDIA A100-SXM4-40GB MIG 4g.20gb (0),1,,13,[CUDA memcpy Host-to-Device]
5566921724,32927,384818,,,,,,,,,,0.197,5970.985,Pinned,Device,NVIDIA A100-SXM4-40GB MIG 4g.20gb (0),1,,13,[CUDA memcpy Host-to-Device]
5566975803,9696,384819,273,1,1,48,1,1,40,0.000,0.001,,,,,NVIDIA A100-SXM4-40GB MIG 4g.20gb (0),1,,13,"void pusch_noise_intf_est::noiseIntfEstNoDftSOfdmKernel<float, __half, float, float, (unsigned int)2, (unsigned int)1, (unsigned char)4, (unsigned char)4>(pusch_noise_intf_est::puschRxNoiseIntfEstDynDescr)"
5566992155,2592,384830,35,1,1,128,1,1,16,0.000,0.000,,,,,NVIDIA A100-SXM4-40GB MIG 4g.20gb (0),1,,13,cupy_copy__complex64_complex64
5567007898,1696,384839,1,1,1,1,1,1,18,0.000,0.000,,,,,NVIDIA A100-SXM4-40GB MIG 4g.20gb (0),1,,13,cupy_copy__float32_float32
5567017786,5312,384845,,,,,,,,,,0.000,0.753,Device,Pageable,NVIDIA A100-SXM4-40GB MIG 4g.20gb (0),1,,7,[CUDA memcpy Device-to-Host]
5567107737,13120,384856,1434,1,1,128,1,1,16,0.000,0.000,,,,,NVIDIA A100-SXM4-40GB MIG 4g.20gb (0),1,,13,cupy_copy__complex64_complex64
5567139577,3360,384863,103,1,1,128,1,1,16,0.000,0.000,,,,,NVIDIA A100-SXM4-40GB MIG 4g.20gb (0),1,,13,cupy_copy__complex64_complex64
5567152889,2560,384870,35,1,1,128,1,1,16,0.000,0.000,,,,,NVIDIA A100-SXM4-40GB MIG 4g.20gb (0),1,,13,cupy_copy__complex64_complex64
5567165049,1792,384877,1,1,1,1,1,1,18,0.000,0.000,,,,,NVIDIA A100-SXM4-40GB MIG 4g.20gb (0),1,,13,cupy_copy__float32_float32
5567292023,87295,384888,1,1,1,32,32,1,30,0.000,0.000,,,,,NVIDIA A100-SXM4-40GB MIG 4g.20gb (0),1,,13,"void convert_kernel<__half2, float2>(tensor_layout_any, T1 *, tensor_layout_any, const T2 *)"
5567406934,5887,384891,,,,,,,,,,0.094,15915.671,Pinned,Device,NVIDIA A100-SXM4-40GB MIG 4g.20gb (0),1,,13,[CUDA memcpy Host-to-Device]
5567421333,3296,384892,,,,,,,,,,1.547,469242.628,Device,,NVIDIA A100-SXM4-40GB MIG 4g.20gb (0),1,,13,[CUDA memset]
5567428309,4160,384897,,,,,,,,,,0.031,7523.058,Pinned,Device,NVIDIA A100-SXM4-40GB MIG 4g.20gb (0),1,,13,[CUDA memcpy Host-to-Device]
5567434901,9440,384898,,,,,,,,,,0.197,20827.079,Pinned,Device,NVIDIA A100-SXM4-40GB MIG 4g.20gb (0),1,,13,[CUDA memcpy Host-to-Device]
5567450261,6272,384899,273,1,1,8,4,1,39,0.002,0.000,,,,,NVIDIA A100-SXM4-40GB MIG 4g.20gb (0),1,,13,"void channel_eq::eqMmseCoefCompLowMimoKernel<float, float, float, (unsigned int)4, (unsigned int)1, (unsigned int)4>(const channel_eq::_puschRxChEqStatDescr *, channel_eq::_puschRxChEqCoefCompDynDescr)"
5567457653,8320,384900,273,1,1,12,11,1,51,0.002,0.000,,,,,NVIDIA A100-SXM4-40GB MIG 4g.20gb (0),1,,13,"void channel_eq::eqMmseSoftDemapKernel<float, __half, __half, float, (unsigned int)4, (unsigned short)16383>(channel_eq::_puschRxChEqStatDescr *, channel_eq::_puschRxChEqSoftDemapDynDescr)"
5567467029,282236,384901,1,1,1,32,32,1,30,0.000,0.000,,,,,NVIDIA A100-SXM4-40GB MIG 4g.20gb (0),1,,13,"void convert_kernel<float2, __half2>(tensor_layout_any, T1 *, tensor_layout_any, const T2 *)"
5567752369,11040,384913,2253,1,1,128,1,1,16,0.000,0.000,,,,,NVIDIA A100-SXM4-40GB MIG 4g.20gb (0),1,,13,cupy_copy__float16_float16
5567768465,3744,384922,282,1,1,128,1,1,16,0.000,0.000,,,,,NVIDIA A100-SXM4-40GB MIG 4g.20gb (0),1,,13,cupy_copy__complex64_complex64
5567773777,2208,384931,26,1,1,128,1,1,16,0.000,0.000,,,,,NVIDIA A100-SXM4-40GB MIG 4g.20gb (0),1,,13,cupy_copy__float32_float32
5567778641,2784,384940,103,1,1,128,1,1,16,0.000,0.000,,,,,NVIDIA A100-SXM4-40GB MIG 4g.20gb (0),1,,13,cupy_copy__complex64_complex64
5567782513,12096,384950,1434,1,1,128,1,1,16,0.000,0.000,,,,,NVIDIA A100-SXM4-40GB MIG 4g.20gb (0),1,,13,cupy_copy__complex64_complex64
5567799537,81951,384955,1,1,1,32,32,1,30,0.000,0.000,,,,,NVIDIA A100-SXM4-40GB MIG 4g.20gb (0),1,,13,"void convert_kernel<__half2, float2>(tensor_layout_any, T1 *, tensor_layout_any, const T2 *)"
5567908175,5632,384958,,,,,,,,,,0.094,16636.287,Pinned,Device,NVIDIA A100-SXM4-40GB MIG 4g.20gb (0),1,,13,[CUDA memcpy Host-to-Device]
5567918959,599865,384959,,,,,,,,,,456.561,761087.920,Device,,NVIDIA A100-SXM4-40GB MIG 4g.20gb (0),1,,13,[CUDA memset]
5568524584,52799,384964,,,,,,,,,,1.235,23388.604,Pinned,Device,NVIDIA A100-SXM4-40GB MIG 4g.20gb (0),1,,13,[CUDA memcpy Host-to-Device]
5568579975,9600,384965,,,,,,,,,,0.197,20479.869,Pinned,Device,NVIDIA A100-SXM4-40GB MIG 4g.20gb (0),1,,13,[CUDA memcpy Host-to-Device]
5568594951,8896,384966,69,4,1,48,1,1,76,0.002,0.000,,,,,NVIDIA A100-SXM4-40GB MIG 4g.20gb (0),1,,13,"void ch_est::windowedChEstPreNoDftSOfdmKernel<float, __half, float, (unsigned int)2, (unsigned int)1, (unsigned short)4>(ch_est::puschRxChEstStatDescr_t *, ch_est::puschRxChEstDynDescr_t *)"
5568607111,6432,384967,137,2,1,24,2,1,44,0.001,0.001,,,,,NVIDIA A100-SXM4-40GB MIG 4g.20gb (0),1,,13,"void ch_est::chEstFilterNoDftSOfdmDispatchKernel<float, __half, float, (unsigned int)2>(ch_est::puschRxChEstStatDescr_t *, ch_est::puschRxChEstDynDescr_t *)"
5568614631,4736,384968,137,2,1,24,2,1,44,0.001,0.001,,,,,NVIDIA A100-SXM4-40GB MIG 4g.20gb (0),1,,13,"void ch_est::chEstFilterNoDftSOfdmDispatchKernel<float, __half, float, (unsigned int)2>(ch_est::puschRxChEstStatDescr_t *, ch_est::puschRxChEstDynDescr_t *)"
5568621287,3040,384979,103,1,1,128,1,1,16,0.000,0.000,,,,,NVIDIA A100-SXM4-40GB MIG 4g.20gb (0),1,,13,cupy_copy__complex64_complex64
5568626215,12447,384989,1434,1,1,128,1,1,16,0.000,0.000,,,,,NVIDIA A100-SXM4-40GB MIG 4g.20gb (0),1,,13,cupy_copy__complex64_complex64
5568640902,2688,384996,103,1,1,128,1,1,16,0.000,0.000,,,,,NVIDIA A100-SXM4-40GB MIG 4g.20gb (0),1,,13,cupy_copy__complex64_complex64
5568647046,87263,385003,1,1,1,32,32,1,30,0.000,0.000,,,,,NVIDIA A100-SXM4-40GB MIG 4g.20gb (0),1,,13,"void convert_kernel<__half2, float2>(tensor_layout_any, T1 *, tensor_layout_any, const T2 *)"
5568761477,5856,385006,,,,,,,,,,0.094,15999.997,Pinned,Device,NVIDIA A100-SXM4-40GB MIG 4g.20gb (0),1,,13,[CUDA memcpy Host-to-Device]
5568772869,47455,385007,,,,,,,,,,35.810,754586.634,Device,,NVIDIA A100-SXM4-40GB MIG 4g.20gb (0),1,,13,[CUDA memset]
5568827172,3808,385009,,,,,,,,,,0.000,21.008,Pinned,Device,NVIDIA A100-SXM4-40GB MIG 4g.20gb (0),1,,13,[CUDA memcpy Host-to-Device]
5568835492,11488,385010,,,,,,,,,,0.197,17114.137,Pinned,Device,NVIDIA A100-SXM4-40GB MIG 4g.20gb (0),1,,13,[CUDA memcpy Host-to-Device]
5568852324,9344,385011,273,1,1,48,1,1,40,0.000,0.001,,,,,NVIDIA A100-SXM4-40GB MIG 4g.20gb (0),1,,13,"void pusch_noise_intf_est::noiseIntfEstNoDftSOfdmKernel<float, __half, float, float, (unsigned int)2, (unsigned int)1, (unsigned char)4, (unsigned char)4>(pusch_noise_intf_est::puschRxNoiseIntfEstDynDescr)"
5568863556,3040,385022,35,1,1,128,1,1,16,0.000,0.000,,,,,NVIDIA A100-SXM4-40GB MIG 4g.20gb (0),1,,13,cupy_copy__complex64_complex64
5568881891,1856,385031,1,1,1,1,1,1,18,0.000,0.000,,,,,NVIDIA A100-SXM4-40GB MIG 4g.20gb (0),1,,13,cupy_copy__float32_float32
5568915875,1568,385037,,,,,,,,,,0.000,2.551,Device,Pageable,NVIDIA A100-SXM4-40GB MIG 4g.20gb (0),1,,7,[CUDA memcpy Device-to-Host]
5568976066,12672,385048,1434,1,1,128,1,1,16,0.000,0.000,,,,,NVIDIA A100-SXM4-40GB MIG 4g.20gb (0),1,,13,cupy_copy__complex64_complex64
5569003330,2752,385055,103,1,1,128,1,1,16,0.000,0.000,,,,,NVIDIA A100-SXM4-40GB MIG 4g.20gb (0),1,,13,cupy_copy__complex64_complex64
5569024162,2176,385062,35,1,1,128,1,1,16,0.000,0.000,,,,,NVIDIA A100-SXM4-40GB MIG 4g.20gb (0),1,,13,cupy_copy__complex64_complex64
5569041409,1792,385069,1,1,1,1,1,1,18,0.000,0.000,,,,,NVIDIA A100-SXM4-40GB MIG 4g.20gb (0),1,,13,cupy_copy__float32_float32
5569173152,82175,385080,1,1,1,32,32,1,30,0.000,0.000,,,,,NVIDIA A100-SXM4-40GB MIG 4g.20gb (0),1,,13,"void convert_kernel<__half2, float2>(tensor_layout_any, T1 *, tensor_layout_any, const T2 *)"
5569282462,5536,385083,,,,,,,,,,0.094,16924.777,Pinned,Device,NVIDIA A100-SXM4-40GB MIG 4g.20gb (0),1,,13,[CUDA memcpy Host-to-Device]
5569296062,3488,385084,,,,,,,,,,1.547,443412.461,Device,,NVIDIA A100-SXM4-40GB MIG 4g.20gb (0),1,,13,[CUDA memset]
5569303582,3232,385089,,,,,,,,,,0.031,9683.139,Pinned,Device,NVIDIA A100-SXM4-40GB MIG 4g.20gb (0),1,,13,[CUDA memcpy Host-to-Device]
5569309470,9344,385090,,,,,,,,,,0.197,21040.988,Pinned,Device,NVIDIA A100-SXM4-40GB MIG 4g.20gb (0),1,,13,[CUDA memcpy Host-to-Device]
5569322462,6272,385091,273,1,1,8,4,1,39,0.002,0.000,,,,,NVIDIA A100-SXM4-40GB MIG 4g.20gb (0),1,,13,"void channel_eq::eqMmseCoefCompLowMimoKernel<float, float, float, (unsigned int)4, (unsigned int)1, (unsigned int)4>(const channel_eq::_puschRxChEqStatDescr *, channel_eq::_puschRxChEqCoefCompDynDescr)"
5569331358,5760,385092,273,1,1,12,11,1,51,0.002,0.000,,,,,NVIDIA A100-SXM4-40GB MIG 4g.20gb (0),1,,13,"void channel_eq::eqMmseSoftDemapKernel<float, __half, __half, float, (unsigned int)4, (unsigned short)16383>(channel_eq::_puschRxChEqStatDescr *, channel_eq::_puschRxChEqSoftDemapDynDescr)"
5569338750,282588,385093,1,1,1,32,32,1,30,0.000,0.000,,,,,NVIDIA A100-SXM4-40GB MIG 4g.20gb (0),1,,13,"void convert_kernel<float2, __half2>(tensor_layout_any, T1 *, tensor_layout_any, const T2 *)"
5569622682,11168,385105,2253,1,1,128,1,1,16,0.000,0.000,,,,,NVIDIA A100-SXM4-40GB MIG 4g.20gb (0),1,,13,cupy_copy__float16_float16
5569636858,3872,385114,282,1,1,128,1,1,16,0.000,0.000,,,,,NVIDIA A100-SXM4-40GB MIG 4g.20gb (0),1,,13,cupy_copy__complex64_complex64
5569644218,2016,385123,26,1,1,128,1,1,16,0.000,0.000,,,,,NVIDIA A100-SXM4-40GB MIG 4g.20gb (0),1,,13,cupy_copy__float32_float32
5569647578,3264,385132,103,1,1,128,1,1,16,0.000,0.000,,,,,NVIDIA A100-SXM4-40GB MIG 4g.20gb (0),1,,13,cupy_copy__complex64_complex64
5569651802,12192,385142,1434,1,1,128,1,1,16,0.000,0.000,,,,,NVIDIA A100-SXM4-40GB MIG 4g.20gb (0),1,,13,cupy_copy__complex64_complex64
5569673786,82911,385147,1,1,1,32,32,1,30,0.000,0.000,,,,,NVIDIA A100-SXM4-40GB MIG 4g.20gb (0),1,,13,"void convert_kernel<__half2, float2>(tensor_layout_any, T1 *, tensor_layout_any, const T2 *)"
5569783672,5664,385150,,,,,,,,,,0.094,16542.310,Pinned,Device,NVIDIA A100-SXM4-40GB MIG 4g.20gb (0),1,,13,[CUDA memcpy Host-to-Device]
5569793784,597689,385151,,,,,,,,,,456.561,763827.289,Device,,NVIDIA A100-SXM4-40GB MIG 4g.20gb (0),1,,13,[CUDA memset]
5570398993,136510,385156,,,,,,,,,,1.235,9045.965,Pinned,Device,NVIDIA A100-SXM4-40GB MIG 4g.20gb (0),1,,13,[CUDA memcpy Host-to-Device]
5570549391,45855,385157,,,,,,,,,,0.197,4287.431,Pinned,Device,NVIDIA A100-SXM4-40GB MIG 4g.20gb (0),1,,13,[CUDA memcpy Host-to-Device]
5570617806,8576,385158,69,4,1,48,1,1,76,0.002,0.000,,,,,NVIDIA A100-SXM4-40GB MIG 4g.20gb (0),1,,13,"void ch_est::windowedChEstPreNoDftSOfdmKernel<float, __half, float, (unsigned int)2, (unsigned int)1, (unsigned short)4>(ch_est::puschRxChEstStatDescr_t *, ch_est::puschRxChEstDynDescr_t *)"
5570634478,6592,385159,137,2,1,24,2,1,44,0.001,0.001,,,,,NVIDIA A100-SXM4-40GB MIG 4g.20gb (0),1,,13,"void ch_est::chEstFilterNoDftSOfdmDispatchKernel<float, __half, float, (unsigned int)2>(ch_est::puschRxChEstStatDescr_t *, ch_est::puschRxChEstDynDescr_t *)"
5570650190,4928,385160,137,2,1,24,2,1,44,0.001,0.001,,,,,NVIDIA A100-SXM4-40GB MIG 4g.20gb (0),1,,13,"void ch_est::chEstFilterNoDftSOfdmDispatchKernel<float, __half, float, (unsigned int)2>(ch_est::puschRxChEstStatDescr_t *, ch_est::puschRxChEstDynDescr_t *)"
5570664781,2720,385171,103,1,1,128,1,1,16,0.000,0.000,,,,,NVIDIA A100-SXM4-40GB MIG 4g.20gb (0),1,,13,cupy_copy__complex64_complex64
5570678893,12544,385181,1434,1,1,128,1,1,16,0.000,0.000,,,,,NVIDIA A100-SXM4-40GB MIG 4g.20gb (0),1,,13,cupy_copy__complex64_complex64
5570696557,2592,385188,103,1,1,128,1,1,16,0.000,0.000,,,,,NVIDIA A100-SXM4-40GB MIG 4g.20gb (0),1,,13,cupy_copy__complex64_complex64
5570708365,86655,385195,1,1,1,32,32,1,30,0.000,0.000,,,,,NVIDIA A100-SXM4-40GB MIG 4g.20gb (0),1,,13,"void convert_kernel<__half2, float2>(tensor_layout_any, T1 *, tensor_layout_any, const T2 *)"
5570822059,5728,385198,,,,,,,,,,0.094,16357.541,Pinned,Device,NVIDIA A100-SXM4-40GB MIG 4g.20gb (0),1,,13,[CUDA memcpy Host-to-Device]
5570834347,46592,385199,,,,,,,,,,35.810,768552.503,Device,,NVIDIA A100-SXM4-40GB MIG 4g.20gb (0),1,,13,[CUDA memset]
5570886091,2720,385201,,,,,,,,,,0.000,29.412,Pinned,Device,NVIDIA A100-SXM4-40GB MIG 4g.20gb (0),1,,13,[CUDA memcpy Host-to-Device]
5570893291,11167,385202,,,,,,,,,,0.197,17606.050,Pinned,Device,NVIDIA A100-SXM4-40GB MIG 4g.20gb (0),1,,13,[CUDA memcpy Host-to-Device]
5570912298,9824,385203,273,1,1,48,1,1,40,0.000,0.001,,,,,NVIDIA A100-SXM4-40GB MIG 4g.20gb (0),1,,13,"void pusch_noise_intf_est::noiseIntfEstNoDftSOfdmKernel<float, __half, float, float, (unsigned int)2, (unsigned int)1, (unsigned char)4, (unsigned char)4>(pusch_noise_intf_est::puschRxNoiseIntfEstDynDescr)"
5570926858,3200,385214,35,1,1,128,1,1,16,0.000,0.000,,,,,NVIDIA A100-SXM4-40GB MIG 4g.20gb (0),1,,13,cupy_copy__complex64_complex64
5570952778,2048,385223,1,1,1,1,1,1,18,0.000,0.000,,,,,NVIDIA A100-SXM4-40GB MIG 4g.20gb (0),1,,13,cupy_copy__float32_float32
5570989129,1600,385229,,,,,,,,,,0.000,2.500,Device,Pageable,NVIDIA A100-SXM4-40GB MIG 4g.20gb (0),1,,7,[CUDA memcpy Device-to-Host]
5571049737,13567,385240,1434,1,1,128,1,1,16,0.000,0.000,,,,,NVIDIA A100-SXM4-40GB MIG 4g.20gb (0),1,,13,cupy_copy__complex64_complex64
5571076520,2720,385247,103,1,1,128,1,1,16,0.000,0.000,,,,,NVIDIA A100-SXM4-40GB MIG 4g.20gb (0),1,,13,cupy_copy__complex64_complex64
5571097064,2272,385254,35,1,1,128,1,1,16,0.000,0.000,,,,,NVIDIA A100-SXM4-40GB MIG 4g.20gb (0),1,,13,cupy_copy__complex64_complex64
5571115336,1952,385261,1,1,1,1,1,1,18,0.000,0.000,,,,,NVIDIA A100-SXM4-40GB MIG 4g.20gb (0),1,,13,cupy_copy__float32_float32
5571248102,82719,385272,1,1,1,32,32,1,30,0.000,0.000,,,,,NVIDIA A100-SXM4-40GB MIG 4g.20gb (0),1,,13,"void convert_kernel<__half2, float2>(tensor_layout_any, T1 *, tensor_layout_any, const T2 *)"
5571357957,5568,385275,,,,,,,,,,0.094,16827.521,Pinned,Device,NVIDIA A100-SXM4-40GB MIG 4g.20gb (0),1,,13,[CUDA memcpy Host-to-Device]
5571372421,3232,385276,,,,,,,,,,1.547,478533.199,Device,,NVIDIA A100-SXM4-40GB MIG 4g.20gb (0),1,,13,[CUDA memset]
5571379909,3232,385281,,,,,,,,,,0.031,9683.139,Pinned,Device,NVIDIA A100-SXM4-40GB MIG 4g.20gb (0),1,,13,[CUDA memcpy Host-to-Device]
5571386693,9439,385282,,,,,,,,,,0.197,20829.241,Pinned,Device,NVIDIA A100-SXM4-40GB MIG 4g.20gb (0),1,,13,[CUDA memcpy Host-to-Device]
5571402788,6112,385283,273,1,1,8,4,1,39,0.002,0.000,,,,,NVIDIA A100-SXM4-40GB MIG 4g.20gb (0),1,,13,"void channel_eq::eqMmseCoefCompLowMimoKernel<float, float, float, (unsigned int)4, (unsigned int)1, (unsigned int)4>(const channel_eq::_puschRxChEqStatDescr *, channel_eq::_puschRxChEqCoefCompDynDescr)"
5571409924,6208,385284,273,1,1,12,11,1,51,0.002,0.000,,,,,NVIDIA A100-SXM4-40GB MIG 4g.20gb (0),1,,13,"void channel_eq::eqMmseSoftDemapKernel<float, __half, __half, float, (unsigned int)4, (unsigned short)16383>(channel_eq::_puschRxChEqStatDescr *, channel_eq::_puschRxChEqSoftDemapDynDescr)"
5571417060,294109,385285,1,1,1,32,32,1,30,0.000,0.000,,,,,NVIDIA A100-SXM4-40GB MIG 4g.20gb (0),1,,13,"void convert_kernel<float2, __half2>(tensor_layout_any, T1 *, tensor_layout_any, const T2 *)"
5571712192,10944,385297,2253,1,1,128,1,1,16,0.000,0.000,,,,,NVIDIA A100-SXM4-40GB MIG 4g.20gb (0),1,,13,cupy_copy__float16_float16
5571725920,3328,385306,282,1,1,128,1,1,16,0.000,0.000,,,,,NVIDIA A100-SXM4-40GB MIG 4g.20gb (0),1,,13,cupy_copy__complex64_complex64
5571732928,2592,385315,26,1,1,128,1,1,16,0.000,0.000,,,,,NVIDIA A100-SXM4-40GB MIG 4g.20gb (0),1,,13,cupy_copy__float32_float32
5571738368,4544,385324,103,1,1,128,1,1,16,0.000,0.000,,,,,NVIDIA A100-SXM4-40GB MIG 4g.20gb (0),1,,13,cupy_copy__complex64_complex64
5571744672,12224,385334,1434,1,1,128,1,1,16,0.000,0.000,,,,,NVIDIA A100-SXM4-40GB MIG 4g.20gb (0),1,,13,cupy_copy__complex64_complex64
5571761408,82367,385339,1,1,1,32,32,1,30,0.000,0.000,,,,,NVIDIA A100-SXM4-40GB MIG 4g.20gb (0),1,,13,"void convert_kernel<__half2, float2>(tensor_layout_any, T1 *, tensor_layout_any, const T2 *)"
5571870975,5375,385342,,,,,,,,,,0.094,17431.766,Pinned,Device,NVIDIA A100-SXM4-40GB MIG 4g.20gb (0),1,,13,[CUDA memcpy Host-to-Device]
5571880958,597337,385343,,,,,,,,,,456.561,764283.851,Device,,NVIDIA A100-SXM4-40GB MIG 4g.20gb (0),1,,13,[CUDA memset]
5572483415,134366,385348,,,,,,,,,,1.235,9190.453,Pinned,Device,NVIDIA A100-SXM4-40GB MIG 4g.20gb (0),1,,13,[CUDA memcpy Host-to-Device]
5572627413,40032,385349,,,,,,,,,,0.197,4911.268,Pinned,Device,NVIDIA A100-SXM4-40GB MIG 4g.20gb (0),1,,13,[CUDA memcpy Host-to-Device]
5572697172,8448,385350,69,4,1,48,1,1,76,0.002,0.000,,,,,NVIDIA A100-SXM4-40GB MIG 4g.20gb (0),1,,13,"void ch_est::windowedChEstPreNoDftSOfdmKernel<float, __half, float, (unsigned int)2, (unsigned int)1, (unsigned short)4>(ch_est::puschRxChEstStatDescr_t *, ch_est::puschRxChEstDynDescr_t *)"
5572714996,7200,385351,137,2,1,24,2,1,44,0.001,0.001,,,,,NVIDIA A100-SXM4-40GB MIG 4g.20gb (0),1,,13,"void ch_est::chEstFilterNoDftSOfdmDispatchKernel<float, __half, float, (unsigned int)2>(ch_est::puschRxChEstStatDescr_t *, ch_est::puschRxChEstDynDescr_t *)"
5572732244,4704,385352,137,2,1,24,2,1,44,0.001,0.001,,,,,NVIDIA A100-SXM4-40GB MIG 4g.20gb (0),1,,13,"void ch_est::chEstFilterNoDftSOfdmDispatchKernel<float, __half, float, (unsigned int)2>(ch_est::puschRxChEstStatDescr_t *, ch_est::puschRxChEstDynDescr_t *)"
5572748564,2528,385363,103,1,1,128,1,1,16,0.000,0.000,,,,,NVIDIA A100-SXM4-40GB MIG 4g.20gb (0),1,,13,cupy_copy__complex64_complex64
5572767763,12384,385373,1434,1,1,128,1,1,16,0.000,0.000,,,,,NVIDIA A100-SXM4-40GB MIG 4g.20gb (0),1,,13,cupy_copy__complex64_complex64
5572786291,2944,385380,103,1,1,128,1,1,16,0.000,0.000,,,,,NVIDIA A100-SXM4-40GB MIG 4g.20gb (0),1,,13,cupy_copy__complex64_complex64
5572809491,86303,385387,1,1,1,32,32,1,30,0.000,0.000,,,,,NVIDIA A100-SXM4-40GB MIG 4g.20gb (0),1,,13,"void convert_kernel<__half2, float2>(tensor_layout_any, T1 *, tensor_layout_any, const T2 *)"
5572927186,22687,385390,,,,,,,,,,0.094,4129.932,Pinned,Device,NVIDIA A100-SXM4-40GB MIG 4g.20gb (0),1,,13,[CUDA memcpy Host-to-Device]
5572970897,47231,385391,,,,,,,,,,35.810,758167.626,Device,,NVIDIA A100-SXM4-40GB MIG 4g.20gb (0),1,,13,[CUDA memset]
5573027568,2496,385393,,,,,,,,,,0.000,32.051,Pinned,Device,NVIDIA A100-SXM4-40GB MIG 4g.20gb (0),1,,13,[CUDA memcpy Host-to-Device]
5573037936,19104,385394,,,,,,,,,,0.197,10291.446,Pinned,Device,NVIDIA A100-SXM4-40GB MIG 4g.20gb (0),1,,13,[CUDA memcpy Host-to-Device]
5573076336,10240,385395,273,1,1,48,1,1,40,0.000,0.001,,,,,NVIDIA A100-SXM4-40GB MIG 4g.20gb (0),1,,13,"void pusch_noise_intf_est::noiseIntfEstNoDftSOfdmKernel<float, __half, float, float, (unsigned int)2, (unsigned int)1, (unsigned char)4, (unsigned char)4>(pusch_noise_intf_est::puschRxNoiseIntfEstDynDescr)"
5573090768,3103,385406,35,1,1,128,1,1,16,0.000,0.000,,,,,NVIDIA A100-SXM4-40GB MIG 4g.20gb (0),1,,13,cupy_copy__complex64_complex64
5573097935,1728,385415,1,1,1,1,1,1,18,0.000,0.000,,,,,NVIDIA A100-SXM4-40GB MIG 4g.20gb (0),1,,13,cupy_copy__float32_float32
5573100687,2112,385421,,,,,,,,,,0.000,1.894,Device,Pageable,NVIDIA A100-SXM4-40GB MIG 4g.20gb (0),1,,7,[CUDA memcpy Device-to-Host]
5573167663,13311,385432,1434,1,1,128,1,1,16,0.000,0.000,,,,,NVIDIA A100-SXM4-40GB MIG 4g.20gb (0),1,,13,cupy_copy__complex64_complex64
5573193966,3040,385439,103,1,1,128,1,1,16,0.000,0.000,,,,,NVIDIA A100-SXM4-40GB MIG 4g.20gb (0),1,,13,cupy_copy__complex64_complex64
5573215406,2592,385446,35,1,1,128,1,1,16,0.000,0.000,,,,,NVIDIA A100-SXM4-40GB MIG 4g.20gb (0),1,,13,cupy_copy__complex64_complex64
5573233102,1792,385453,1,1,1,1,1,1,18,0.000,0.000,,,,,NVIDIA A100-SXM4-40GB MIG 4g.20gb (0),1,,13,cupy_copy__float32_float32
5573364908,90847,385464,1,1,1,32,32,1,30,0.000,0.000,,,,,NVIDIA A100-SXM4-40GB MIG 4g.20gb (0),1,,13,"void convert_kernel<__half2, float2>(tensor_layout_any, T1 *, tensor_layout_any, const T2 *)"
5573482827,5696,385467,,,,,,,,,,0.094,16449.363,Pinned,Device,NVIDIA A100-SXM4-40GB MIG 4g.20gb (0),1,,13,[CUDA memcpy Host-to-Device]
5573497482,3264,385468,,,,,,,,,,1.547,473842.288,Device,,NVIDIA A100-SXM4-40GB MIG 4g.20gb (0),1,,13,[CUDA memset]
5573503914,3424,385473,,,,,,,,,,0.031,9140.185,Pinned,Device,NVIDIA A100-SXM4-40GB MIG 4g.20gb (0),1,,13,[CUDA memcpy Host-to-Device]
5573509962,9664,385474,,,,,,,,,,0.197,20344.209,Pinned,Device,NVIDIA A100-SXM4-40GB MIG 4g.20gb (0),1,,13,[CUDA memcpy Host-to-Device]
5573526090,8448,385475,273,1,1,8,4,1,39,0.002,0.000,,,,,NVIDIA A100-SXM4-40GB MIG 4g.20gb (0),1,,13,"void channel_eq::eqMmseCoefCompLowMimoKernel<float, float, float, (unsigned int)4, (unsigned int)1, (unsigned int)4>(const channel_eq::_puschRxChEqStatDescr *, channel_eq::_puschRxChEqCoefCompDynDescr)"
5573536042,5824,385476,273,1,1,12,11,1,51,0.002,0.000,,,,,NVIDIA A100-SXM4-40GB MIG 4g.20gb (0),1,,13,"void channel_eq::eqMmseSoftDemapKernel<float, __half, __half, float, (unsigned int)4, (unsigned short)16383>(channel_eq::_puschRxChEqStatDescr *, channel_eq::_puschRxChEqSoftDemapDynDescr)"
5573542858,282172,385477,1,1,1,32,32,1,30,0.000,0.000,,,,,NVIDIA A100-SXM4-40GB MIG 4g.20gb (0),1,,13,"void convert_kernel<float2, __half2>(tensor_layout_any, T1 *, tensor_layout_any, const T2 *)"
5573826022,10784,385489,2253,1,1,128,1,1,16,0.000,0.000,,,,,NVIDIA A100-SXM4-40GB MIG 4g.20gb (0),1,,13,cupy_copy__float16_float16
5573840038,3104,385498,282,1,1,128,1,1,16,0.000,0.000,,,,,NVIDIA A100-SXM4-40GB MIG 4g.20gb (0),1,,13,cupy_copy__complex64_complex64
5573846246,2208,385507,26,1,1,128,1,1,16,0.000,0.000,,,,,NVIDIA A100-SXM4-40GB MIG 4g.20gb (0),1,,13,cupy_copy__float32_float32
5573850790,2976,385516,103,1,1,128,1,1,16,0.000,0.000,,,,,NVIDIA A100-SXM4-40GB MIG 4g.20gb (0),1,,13,cupy_copy__complex64_complex64
5573854822,12352,385526,1434,1,1,128,1,1,16,0.000,0.000,,,,,NVIDIA A100-SXM4-40GB MIG 4g.20gb (0),1,,13,cupy_copy__complex64_complex64
5573875046,82015,385531,1,1,1,32,32,1,30,0.000,0.000,,,,,NVIDIA A100-SXM4-40GB MIG 4g.20gb (0),1,,13,"void convert_kernel<__half2, float2>(tensor_layout_any, T1 *, tensor_layout_any, const T2 *)"
5573983845,5599,385534,,,,,,,,,,0.094,16734.387,Pinned,Device,NVIDIA A100-SXM4-40GB MIG 4g.20gb (0),1,,13,[CUDA memcpy Host-to-Device]
5573994180,600217,385535,,,,,,,,,,456.561,760631.359,Device,,NVIDIA A100-SXM4-40GB MIG 4g.20gb (0),1,,13,[CUDA memset]
5574597021,161790,385540,,,,,,,,,,1.235,7631.954,Pinned,Device,NVIDIA A100-SXM4-40GB MIG 4g.20gb (0),1,,13,[CUDA memcpy Host-to-Device]
5574772187,40575,385541,,,,,,,,,,0.197,4845.404,Pinned,Device,NVIDIA A100-SXM4-40GB MIG 4g.20gb (0),1,,13,[CUDA memcpy Host-to-Device]
5574842970,8224,385542,69,4,1,48,1,1,76,0.002,0.000,,,,,NVIDIA A100-SXM4-40GB MIG 4g.20gb (0),1,,13,"void ch_est::windowedChEstPreNoDftSOfdmKernel<float, __half, float, (unsigned int)2, (unsigned int)1, (unsigned short)4>(ch_est::puschRxChEstStatDescr_t *, ch_est::puschRxChEstDynDescr_t *)"
5574862618,6816,385543,137,2,1,24,2,1,44,0.001,0.001,,,,,NVIDIA A100-SXM4-40GB MIG 4g.20gb (0),1,,13,"void ch_est::chEstFilterNoDftSOfdmDispatchKernel<float, __half, float, (unsigned int)2>(ch_est::puschRxChEstStatDescr_t *, ch_est::puschRxChEstDynDescr_t *)"
5574879897,4768,385544,137,2,1,24,2,1,44,0.001,0.001,,,,,NVIDIA A100-SXM4-40GB MIG 4g.20gb (0),1,,13,"void ch_est::chEstFilterNoDftSOfdmDispatchKernel<float, __half, float, (unsigned int)2>(ch_est::puschRxChEstStatDescr_t *, ch_est::puschRxChEstDynDescr_t *)"
5574897145,2560,385555,103,1,1,128,1,1,16,0.000,0.000,,,,,NVIDIA A100-SXM4-40GB MIG 4g.20gb (0),1,,13,cupy_copy__complex64_complex64
5574913817,12576,385565,1434,1,1,128,1,1,16,0.000,0.000,,,,,NVIDIA A100-SXM4-40GB MIG 4g.20gb (0),1,,13,cupy_copy__complex64_complex64
5574935001,2912,385572,103,1,1,128,1,1,16,0.000,0.000,,,,,NVIDIA A100-SXM4-40GB MIG 4g.20gb (0),1,,13,cupy_copy__complex64_complex64
5574958456,89375,385579,1,1,1,32,32,1,30,0.000,0.000,,,,,NVIDIA A100-SXM4-40GB MIG 4g.20gb (0),1,,13,"void convert_kernel<__half2, float2>(tensor_layout_any, T1 *, tensor_layout_any, const T2 *)"
5575080855,25632,385582,,,,,,,,,,0.094,3655.362,Pinned,Device,NVIDIA A100-SXM4-40GB MIG 4g.20gb (0),1,,13,[CUDA memcpy Host-to-Device]
5575134230,47968,385583,,,,,,,,,,35.810,746529.402,Device,,NVIDIA A100-SXM4-40GB MIG 4g.20gb (0),1,,13,[CUDA memset]
5575187894,14911,385585,,,,,,,,,,0.000,5.365,Pinned,Device,NVIDIA A100-SXM4-40GB MIG 4g.20gb (0),1,,13,[CUDA memcpy Host-to-Device]
5575216565,21856,385586,,,,,,,,,,0.197,8995.602,Pinned,Device,NVIDIA A100-SXM4-40GB MIG 4g.20gb (0),1,,13,[CUDA memcpy Host-to-Device]
5575264693,9696,385587,273,1,1,48,1,1,40,0.000,0.001,,,,,NVIDIA A100-SXM4-40GB MIG 4g.20gb (0),1,,13,"void pusch_noise_intf_est::noiseIntfEstNoDftSOfdmKernel<float, __half, float, float, (unsigned int)2, (unsigned int)1, (unsigned char)4, (unsigned char)4>(pusch_noise_intf_est::puschRxNoiseIntfEstDynDescr)"
5575281429,2783,385598,35,1,1,128,1,1,16,0.000,0.000,,,,,NVIDIA A100-SXM4-40GB MIG 4g.20gb (0),1,,13,cupy_copy__complex64_complex64
5575297876,1760,385607,1,1,1,1,1,1,18,0.000,0.000,,,,,NVIDIA A100-SXM4-40GB MIG 4g.20gb (0),1,,13,cupy_copy__float32_float32
5575304916,6688,385613,,,,,,,,,,0.000,0.598,Device,Pageable,NVIDIA A100-SXM4-40GB MIG 4g.20gb (0),1,,7,[CUDA memcpy Device-to-Host]
5575400499,13152,385624,1434,1,1,128,1,1,16,0.000,0.000,,,,,NVIDIA A100-SXM4-40GB MIG 4g.20gb (0),1,,13,cupy_copy__complex64_complex64
5575419923,8160,385631,103,1,1,128,1,1,16,0.000,0.000,,,,,NVIDIA A100-SXM4-40GB MIG 4g.20gb (0),1,,13,cupy_copy__complex64_complex64
5575446482,2496,385638,35,1,1,128,1,1,16,0.000,0.000,,,,,NVIDIA A100-SXM4-40GB MIG 4g.20gb (0),1,,13,cupy_copy__complex64_complex64
5575460562,1952,385645,1,1,1,1,1,1,18,0.000,0.000,,,,,NVIDIA A100-SXM4-40GB MIG 4g.20gb (0),1,,13,cupy_copy__float32_float32
5575585649,88543,385656,1,1,1,32,32,1,30,0.000,0.000,,,,,NVIDIA A100-SXM4-40GB MIG 4g.20gb (0),1,,13,"void convert_kernel<__half2, float2>(tensor_layout_any, T1 *, tensor_layout_any, const T2 *)"
5575701199,5440,385659,,,,,,,,,,0.094,17223.480,Pinned,Device,NVIDIA A100-SXM4-40GB MIG 4g.20gb (0),1,,13,[CUDA memcpy Host-to-Device]
5575717071,3136,385660,,,,,,,,,,1.547,493182.821,Device,,NVIDIA A100-SXM4-40GB MIG 4g.20gb (0),1,,13,[CUDA memset]
5575723023,3232,385665,,,,,,,,,,0.031,9683.139,Pinned,Device,NVIDIA A100-SXM4-40GB MIG 4g.20gb (0),1,,13,[CUDA memcpy Host-to-Device]
5575728367,10080,385666,,,,,,,,,,0.197,19504.693,Pinned,Device,NVIDIA A100-SXM4-40GB MIG 4g.20gb (0),1,,13,[CUDA memcpy Host-to-Device]
5575742543,6400,385667,273,1,1,8,4,1,39,0.002,0.000,,,,,NVIDIA A100-SXM4-40GB MIG 4g.20gb (0),1,,13,"void channel_eq::eqMmseCoefCompLowMimoKernel<float, float, float, (unsigned int)4, (unsigned int)1, (unsigned int)4>(const channel_eq::_puschRxChEqStatDescr *, channel_eq::_puschRxChEqCoefCompDynDescr)"
5575749967,6496,385668,273,1,1,12,11,1,51,0.002,0.000,,,,,NVIDIA A100-SXM4-40GB MIG 4g.20gb (0),1,,13,"void channel_eq::eqMmseSoftDemapKernel<float, __half, __half, float, (unsigned int)4, (unsigned short)16383>(channel_eq::_puschRxChEqStatDescr *, channel_eq::_puschRxChEqSoftDemapDynDescr)"
5575757391,282588,385669,1,1,1,32,32,1,30,0.000,0.000,,,,,NVIDIA A100-SXM4-40GB MIG 4g.20gb (0),1,,13,"void convert_kernel<float2, __half2>(tensor_layout_any, T1 *, tensor_layout_any, const T2 *)"
5576041067,11104,385681,2253,1,1,128,1,1,16,0.000,0.000,,,,,NVIDIA A100-SXM4-40GB MIG 4g.20gb (0),1,,13,cupy_copy__float16_float16
5576053483,3200,385690,282,1,1,128,1,1,16,0.000,0.000,,,,,NVIDIA A100-SXM4-40GB MIG 4g.20gb (0),1,,13,cupy_copy__complex64_complex64
5576058827,2720,385699,26,1,1,128,1,1,16,0.000,0.000,,,,,NVIDIA A100-SXM4-40GB MIG 4g.20gb (0),1,,13,cupy_copy__float32_float32
5576064875,3264,385708,103,1,1,128,1,1,16,0.000,0.000,,,,,NVIDIA A100-SXM4-40GB MIG 4g.20gb (0),1,,13,cupy_copy__complex64_complex64
5576069195,12000,385718,1434,1,1,128,1,1,16,0.000,0.000,,,,,NVIDIA A100-SXM4-40GB MIG 4g.20gb (0),1,,13,cupy_copy__complex64_complex64
5576097610,82623,385723,1,1,1,32,32,1,30,0.000,0.000,,,,,NVIDIA A100-SXM4-40GB MIG 4g.20gb (0),1,,13,"void convert_kernel<__half2, float2>(tensor_layout_any, T1 *, tensor_layout_any, const T2 *)"
5576206537,5536,385726,,,,,,,,,,0.094,16924.777,Pinned,Device,NVIDIA A100-SXM4-40GB MIG 4g.20gb (0),1,,13,[CUDA memcpy Host-to-Device]
5576216521,599225,385727,,,,,,,,,,456.561,761544.482,Device,,NVIDIA A100-SXM4-40GB MIG 4g.20gb (0),1,,13,[CUDA memset]
5576821890,72255,385732,,,,,,,,,,1.235,17090.390,Pinned,Device,NVIDIA A100-SXM4-40GB MIG 4g.20gb (0),1,,13,[CUDA memcpy Host-to-Device]
5576896929,19455,385733,,,,,,,,,,0.197,10105.651,Pinned,Device,NVIDIA A100-SXM4-40GB MIG 4g.20gb (0),1,,13,[CUDA memcpy Host-to-Device]
5576927584,8544,385734,69,4,1,48,1,1,76,0.002,0.000,,,,,NVIDIA A100-SXM4-40GB MIG 4g.20gb (0),1,,13,"void ch_est::windowedChEstPreNoDftSOfdmKernel<float, __half, float, (unsigned int)2, (unsigned int)1, (unsigned short)4>(ch_est::puschRxChEstStatDescr_t *, ch_est::puschRxChEstDynDescr_t *)"
5576938752,7392,385735,137,2,1,24,2,1,44,0.001,0.001,,,,,NVIDIA A100-SXM4-40GB MIG 4g.20gb (0),1,,13,"void ch_est::chEstFilterNoDftSOfdmDispatchKernel<float, __half, float, (unsigned int)2>(ch_est::puschRxChEstStatDescr_t *, ch_est::puschRxChEstDynDescr_t *)"
5576950240,4992,385736,137,2,1,24,2,1,44,0.001,0.001,,,,,NVIDIA A100-SXM4-40GB MIG 4g.20gb (0),1,,13,"void ch_est::chEstFilterNoDftSOfdmDispatchKernel<float, __half, float, (unsigned int)2>(ch_est::puschRxChEstStatDescr_t *, ch_est::puschRxChEstDynDescr_t *)"
5576959584,3072,385747,103,1,1,128,1,1,16,0.000,0.000,,,,,NVIDIA A100-SXM4-40GB MIG 4g.20gb (0),1,,13,cupy_copy__complex64_complex64
5576966528,12448,385757,1434,1,1,128,1,1,16,0.000,0.000,,,,,NVIDIA A100-SXM4-40GB MIG 4g.20gb (0),1,,13,cupy_copy__complex64_complex64
5576985696,2527,385764,103,1,1,128,1,1,16,0.000,0.000,,,,,NVIDIA A100-SXM4-40GB MIG 4g.20gb (0),1,,13,cupy_copy__complex64_complex64
5576991231,81727,385771,1,1,1,32,32,1,30,0.000,0.000,,,,,NVIDIA A100-SXM4-40GB MIG 4g.20gb (0),1,,13,"void convert_kernel<__half2, float2>(tensor_layout_any, T1 *, tensor_layout_any, const T2 *)"
5577099870,5504,385774,,,,,,,,,,0.094,17023.251,Pinned,Device,NVIDIA A100-SXM4-40GB MIG 4g.20gb (0),1,,13,[CUDA memcpy Host-to-Device]
5577111806,47295,385775,,,,,,,,,,35.810,757129.139,Device,,NVIDIA A100-SXM4-40GB MIG 4g.20gb (0),1,,13,[CUDA memset]
5577161181,4448,385777,,,,,,,,,,0.000,17.986,Pinned,Device,NVIDIA A100-SXM4-40GB MIG 4g.20gb (0),1,,13,[CUDA memcpy Host-to-Device]
5577168861,13120,385778,,,,,,,,,,0.197,14985.265,Pinned,Device,NVIDIA A100-SXM4-40GB MIG 4g.20gb (0),1,,13,[CUDA memcpy Host-to-Device]
5577191453,10080,385779,273,1,1,48,1,1,40,0.000,0.001,,,,,NVIDIA A100-SXM4-40GB MIG 4g.20gb (0),1,,13,"void pusch_noise_intf_est::noiseIntfEstNoDftSOfdmKernel<float, __half, float, float, (unsigned int)2, (unsigned int)1, (unsigned char)4, (unsigned char)4>(pusch_noise_intf_est::puschRxNoiseIntfEstDynDescr)"
5577205373,3008,385790,35,1,1,128,1,1,16,0.000,0.000,,,,,NVIDIA A100-SXM4-40GB MIG 4g.20gb (0),1,,13,cupy_copy__complex64_complex64
5577223005,1856,385799,1,1,1,1,1,1,18,0.000,0.000,,,,,NVIDIA A100-SXM4-40GB MIG 4g.20gb (0),1,,13,cupy_copy__float32_float32
5577255644,1984,385805,,,,,,,,,,0.000,2.016,Device,Pageable,NVIDIA A100-SXM4-40GB MIG 4g.20gb (0),1,,7,[CUDA memcpy Device-to-Host]
5577315419,12896,385816,1434,1,1,128,1,1,16,0.000,0.000,,,,,NVIDIA A100-SXM4-40GB MIG 4g.20gb (0),1,,13,cupy_copy__complex64_complex64
5577342971,3360,385823,103,1,1,128,1,1,16,0.000,0.000,,,,,NVIDIA A100-SXM4-40GB MIG 4g.20gb (0),1,,13,cupy_copy__complex64_complex64
5577363835,2176,385830,35,1,1,128,1,1,16,0.000,0.000,,,,,NVIDIA A100-SXM4-40GB MIG 4g.20gb (0),1,,13,cupy_copy__complex64_complex64
5577381563,1856,385837,1,1,1,1,1,1,18,0.000,0.000,,,,,NVIDIA A100-SXM4-40GB MIG 4g.20gb (0),1,,13,cupy_copy__float32_float32
5577511737,81311,385848,1,1,1,32,32,1,30,0.000,0.000,,,,,NVIDIA A100-SXM4-40GB MIG 4g.20gb (0),1,,13,"void convert_kernel<__half2, float2>(tensor_layout_any, T1 *, tensor_layout_any, const T2 *)"
5577620376,5888,385851,,,,,,,,,,0.094,15912.954,Pinned,Device,NVIDIA A100-SXM4-40GB MIG 4g.20gb (0),1,,13,[CUDA memcpy Host-to-Device]
5577634424,3423,385852,,,,,,,,,,1.547,451832.282,Device,,NVIDIA A100-SXM4-40GB MIG 4g.20gb (0),1,,13,[CUDA memset]
5577641335,3008,385857,,,,,,,,,,0.031,10404.230,Pinned,Device,NVIDIA A100-SXM4-40GB MIG 4g.20gb (0),1,,13,[CUDA memcpy Host-to-Device]
5577646647,9536,385858,,,,,,,,,,0.197,20617.298,Pinned,Device,NVIDIA A100-SXM4-40GB MIG 4g.20gb (0),1,,13,[CUDA memcpy Host-to-Device]
5577662007,9696,385859,273,1,1,8,4,1,39,0.002,0.000,,,,,NVIDIA A100-SXM4-40GB MIG 4g.20gb (0),1,,13,"void channel_eq::eqMmseCoefCompLowMimoKernel<float, float, float, (unsigned int)4, (unsigned int)1, (unsigned int)4>(const channel_eq::_puschRxChEqStatDescr *, channel_eq::_puschRxChEqCoefCompDynDescr)"
5577672823,8096,385860,273,1,1,12,11,1,51,0.002,0.000,,,,,NVIDIA A100-SXM4-40GB MIG 4g.20gb (0),1,,13,"void channel_eq::eqMmseSoftDemapKernel<float, __half, __half, float, (unsigned int)4, (unsigned short)16383>(channel_eq::_puschRxChEqStatDescr *, channel_eq::_puschRxChEqSoftDemapDynDescr)"
5577682071,282108,385861,1,1,1,32,32,1,30,0.000,0.000,,,,,NVIDIA A100-SXM4-40GB MIG 4g.20gb (0),1,,13,"void convert_kernel<float2, __half2>(tensor_layout_any, T1 *, tensor_layout_any, const T2 *)"
5577965811,10912,385873,2253,1,1,128,1,1,16,0.000,0.000,,,,,NVIDIA A100-SXM4-40GB MIG 4g.20gb (0),1,,13,cupy_copy__float16_float16
5577981203,3808,385882,282,1,1,128,1,1,16,0.000,0.000,,,,,NVIDIA A100-SXM4-40GB MIG 4g.20gb (0),1,,13,cupy_copy__complex64_complex64
5577986707,2144,385891,26,1,1,128,1,1,16,0.000,0.000,,,,,NVIDIA A100-SXM4-40GB MIG 4g.20gb (0),1,,13,cupy_copy__float32_float32
5577992595,3264,385900,103,1,1,128,1,1,16,0.000,0.000,,,,,NVIDIA A100-SXM4-40GB MIG 4g.20gb (0),1,,13,cupy_copy__complex64_complex64
5577996979,11904,385910,1434,1,1,128,1,1,16,0.000,0.000,,,,,NVIDIA A100-SXM4-40GB MIG 4g.20gb (0),1,,13,cupy_copy__complex64_complex64
5578015603,81791,385915,1,1,1,32,32,1,30,0.000,0.000,,,,,NVIDIA A100-SXM4-40GB MIG 4g.20gb (0),1,,13,"void convert_kernel<__half2, float2>(tensor_layout_any, T1 *, tensor_layout_any, const T2 *)"
5578124561,5344,385918,,,,,,,,,,0.094,17532.864,Pinned,Device,NVIDIA A100-SXM4-40GB MIG 4g.20gb (0),1,,13,[CUDA memcpy Host-to-Device]
5578134737,597145,385919,,,,,,,,,,456.561,764283.851,Device,,NVIDIA A100-SXM4-40GB MIG 4g.20gb (0),1,,13,[CUDA memset]
5578739370,173406,385924,,,,,,,,,,1.235,7120.687,Pinned,Device,NVIDIA A100-SXM4-40GB MIG 4g.20gb (0),1,,13,[CUDA memcpy Host-to-Device]
5578924744,39423,385925,,,,,,,,,,0.197,4986.962,Pinned,Device,NVIDIA A100-SXM4-40GB MIG 4g.20gb (0),1,,13,[CUDA memcpy Host-to-Device]
5578985159,8096,385926,69,4,1,48,1,1,76,0.002,0.000,,,,,NVIDIA A100-SXM4-40GB MIG 4g.20gb (0),1,,13,"void ch_est::windowedChEstPreNoDftSOfdmKernel<float, __half, float, (unsigned int)2, (unsigned int)1, (unsigned short)4>(ch_est::puschRxChEstStatDescr_t *, ch_est::puschRxChEstDynDescr_t *)"
5578995879,6144,385927,137,2,1,24,2,1,44,0.001,0.001,,,,,NVIDIA A100-SXM4-40GB MIG 4g.20gb (0),1,,13,"void ch_est::chEstFilterNoDftSOfdmDispatchKernel<float, __half, float, (unsigned int)2>(ch_est::puschRxChEstStatDescr_t *, ch_est::puschRxChEstDynDescr_t *)"
5579004071,5056,385928,137,2,1,24,2,1,44,0.001,0.001,,,,,NVIDIA A100-SXM4-40GB MIG 4g.20gb (0),1,,13,"void ch_est::chEstFilterNoDftSOfdmDispatchKernel<float, __half, float, (unsigned int)2>(ch_est::puschRxChEstStatDescr_t *, ch_est::puschRxChEstDynDescr_t *)"
5579016071,2623,385939,103,1,1,128,1,1,16,0.000,0.000,,,,,NVIDIA A100-SXM4-40GB MIG 4g.20gb (0),1,,13,cupy_copy__complex64_complex64
5579024486,12768,385949,1434,1,1,128,1,1,16,0.000,0.000,,,,,NVIDIA A100-SXM4-40GB MIG 4g.20gb (0),1,,13,cupy_copy__complex64_complex64
5579040582,2624,385956,103,1,1,128,1,1,16,0.000,0.000,,,,,NVIDIA A100-SXM4-40GB MIG 4g.20gb (0),1,,13,cupy_copy__complex64_complex64
5579048390,88287,385963,1,1,1,32,32,1,30,0.000,0.000,,,,,NVIDIA A100-SXM4-40GB MIG 4g.20gb (0),1,,13,"void convert_kernel<__half2, float2>(tensor_layout_any, T1 *, tensor_layout_any, const T2 *)"
5579165157,5568,385966,,,,,,,,,,0.094,16827.521,Pinned,Device,NVIDIA A100-SXM4-40GB MIG 4g.20gb (0),1,,13,[CUDA memcpy Host-to-Device]
5579179748,46496,385967,,,,,,,,,,35.810,770163.949,Device,,NVIDIA A100-SXM4-40GB MIG 4g.20gb (0),1,,13,[CUDA memset]
5579232612,3168,385969,,,,,,,,,,0.000,25.252,Pinned,Device,NVIDIA A100-SXM4-40GB MIG 4g.20gb (0),1,,13,[CUDA memcpy Host-to-Device]
5579240388,12416,385970,,,,,,,,,,0.197,15835.005,Pinned,Device,NVIDIA A100-SXM4-40GB MIG 4g.20gb (0),1,,13,[CUDA memcpy Host-to-Device]
5579260931,9760,385971,273,1,1,48,1,1,40,0.000,0.001,,,,,NVIDIA A100-SXM4-40GB MIG 4g.20gb (0),1,,13,"void pusch_noise_intf_est::noiseIntfEstNoDftSOfdmKernel<float, __half, float, float, (unsigned int)2, (unsigned int)1, (unsigned char)4, (unsigned char)4>(pusch_noise_intf_est::puschRxNoiseIntfEstDynDescr)"
5579274019,3328,385982,35,1,1,128,1,1,16,0.000,0.000,,,,,NVIDIA A100-SXM4-40GB MIG 4g.20gb (0),1,,13,cupy_copy__complex64_complex64
5579289859,1824,385991,1,1,1,1,1,1,18,0.000,0.000,,,,,NVIDIA A100-SXM4-40GB MIG 4g.20gb (0),1,,13,cupy_copy__float32_float32
5579321539,1984,385997,,,,,,,,,,0.000,2.016,Device,Pageable,NVIDIA A100-SXM4-40GB MIG 4g.20gb (0),1,,7,[CUDA memcpy Device-to-Host]
5579381698,13440,386008,1434,1,1,128,1,1,16,0.000,0.000,,,,,NVIDIA A100-SXM4-40GB MIG 4g.20gb (0),1,,13,cupy_copy__complex64_complex64
5579410306,2624,386015,103,1,1,128,1,1,16,0.000,0.000,,,,,NVIDIA A100-SXM4-40GB MIG 4g.20gb (0),1,,13,cupy_copy__complex64_complex64
5579429665,2592,386022,35,1,1,128,1,1,16,0.000,0.000,,,,,NVIDIA A100-SXM4-40GB MIG 4g.20gb (0),1,,13,cupy_copy__complex64_complex64
5579449505,1792,386029,1,1,1,1,1,1,18,0.000,0.000,,,,,NVIDIA A100-SXM4-40GB MIG 4g.20gb (0),1,,13,cupy_copy__float32_float32
5579580160,81343,386040,1,1,1,32,32,1,30,0.000,0.000,,,,,NVIDIA A100-SXM4-40GB MIG 4g.20gb (0),1,,13,"void convert_kernel<__half2, float2>(tensor_layout_any, T1 *, tensor_layout_any, const T2 *)"
5579688414,5664,386043,,,,,,,,,,0.094,16542.310,Pinned,Device,NVIDIA A100-SXM4-40GB MIG 4g.20gb (0),1,,13,[CUDA memcpy Host-to-Device]
5579703070,3168,386044,,,,,,,,,,1.547,488201.145,Device,,NVIDIA A100-SXM4-40GB MIG 4g.20gb (0),1,,13,[CUDA memset]
5579709886,3168,386049,,,,,,,,,,0.031,9878.770,Pinned,Device,NVIDIA A100-SXM4-40GB MIG 4g.20gb (0),1,,13,[CUDA memcpy Host-to-Device]
5579716222,9504,386050,,,,,,,,,,0.197,20686.701,Pinned,Device,NVIDIA A100-SXM4-40GB MIG 4g.20gb (0),1,,13,[CUDA memcpy Host-to-Device]
5579730270,6176,386051,273,1,1,8,4,1,39,0.002,0.000,,,,,NVIDIA A100-SXM4-40GB MIG 4g.20gb (0),1,,13,"void channel_eq::eqMmseCoefCompLowMimoKernel<float, float, float, (unsigned int)4, (unsigned int)1, (unsigned int)4>(const channel_eq::_puschRxChEqStatDescr *, channel_eq::_puschRxChEqCoefCompDynDescr)"
5579737534,7488,386052,273,1,1,12,11,1,51,0.002,0.000,,,,,NVIDIA A100-SXM4-40GB MIG 4g.20gb (0),1,,13,"void channel_eq::eqMmseSoftDemapKernel<float, __half, __half, float, (unsigned int)4, (unsigned short)16383>(channel_eq::_puschRxChEqStatDescr *, channel_eq::_puschRxChEqSoftDemapDynDescr)"
5579746494,294300,386053,1,1,1,32,32,1,30,0.000,0.000,,,,,NVIDIA A100-SXM4-40GB MIG 4g.20gb (0),1,,13,"void convert_kernel<float2, __half2>(tensor_layout_any, T1 *, tensor_layout_any, const T2 *)"
5580043738,11072,386065,2253,1,1,128,1,1,16,0.000,0.000,,,,,NVIDIA A100-SXM4-40GB MIG 4g.20gb (0),1,,13,cupy_copy__float16_float16
5580056410,3136,386074,282,1,1,128,1,1,16,0.000,0.000,,,,,NVIDIA A100-SXM4-40GB MIG 4g.20gb (0),1,,13,cupy_copy__complex64_complex64
5580060666,2048,386083,26,1,1,128,1,1,16,0.000,0.000,,,,,NVIDIA A100-SXM4-40GB MIG 4g.20gb (0),1,,13,cupy_copy__float32_float32
5580066298,4704,386092,103,1,1,128,1,1,16,0.000,0.000,,,,,NVIDIA A100-SXM4-40GB MIG 4g.20gb (0),1,,13,cupy_copy__complex64_complex64
5580072441,12512,386102,1434,1,1,128,1,1,16,0.000,0.000,,,,,NVIDIA A100-SXM4-40GB MIG 4g.20gb (0),1,,13,cupy_copy__complex64_complex64
5580090809,86143,386107,1,1,1,32,32,1,30,0.000,0.000,,,,,NVIDIA A100-SXM4-40GB MIG 4g.20gb (0),1,,13,"void convert_kernel<__half2, float2>(tensor_layout_any, T1 *, tensor_layout_any, const T2 *)"
5580204312,5664,386110,,,,,,,,,,0.094,16542.310,Pinned,Device,NVIDIA A100-SXM4-40GB MIG 4g.20gb (0),1,,13,[CUDA memcpy Host-to-Device]
5580215064,598456,386111,,,,,,,,,,456.561,762457.605,Device,,NVIDIA A100-SXM4-40GB MIG 4g.20gb (0),1,,13,[CUDA memset]
5580823184,155102,386116,,,,,,,,,,1.235,7961.684,Pinned,Device,NVIDIA A100-SXM4-40GB MIG 4g.20gb (0),1,,13,[CUDA memcpy Host-to-Device]
5580991374,41024,386117,,,,,,,,,,0.197,4792.320,Pinned,Device,NVIDIA A100-SXM4-40GB MIG 4g.20gb (0),1,,13,[CUDA memcpy Host-to-Device]
5581060333,8032,386118,69,4,1,48,1,1,76,0.002,0.000,,,,,NVIDIA A100-SXM4-40GB MIG 4g.20gb (0),1,,13,"void ch_est::windowedChEstPreNoDftSOfdmKernel<float, __half, float, (unsigned int)2, (unsigned int)1, (unsigned short)4>(ch_est::puschRxChEstStatDescr_t *, ch_est::puschRxChEstDynDescr_t *)"
5581078061,6656,386119,137,2,1,24,2,1,44,0.001,0.001,,,,,NVIDIA A100-SXM4-40GB MIG 4g.20gb (0),1,,13,"void ch_est::chEstFilterNoDftSOfdmDispatchKernel<float, __half, float, (unsigned int)2>(ch_est::puschRxChEstStatDescr_t *, ch_est::puschRxChEstDynDescr_t *)"
5581095341,4704,386120,137,2,1,24,2,1,44,0.001,0.001,,,,,NVIDIA A100-SXM4-40GB MIG 4g.20gb (0),1,,13,"void ch_est::chEstFilterNoDftSOfdmDispatchKernel<float, __half, float, (unsigned int)2>(ch_est::puschRxChEstStatDescr_t *, ch_est::puschRxChEstDynDescr_t *)"
5581110253,2528,386131,103,1,1,128,1,1,16,0.000,0.000,,,,,NVIDIA A100-SXM4-40GB MIG 4g.20gb (0),1,,13,cupy_copy__complex64_complex64
5581129324,12448,386141,1434,1,1,128,1,1,16,0.000,0.000,,,,,NVIDIA A100-SXM4-40GB MIG 4g.20gb (0),1,,13,cupy_copy__complex64_complex64
5581148076,2944,386148,103,1,1,128,1,1,16,0.000,0.000,,,,,NVIDIA A100-SXM4-40GB MIG 4g.20gb (0),1,,13,cupy_copy__complex64_complex64
5581171404,81311,386155,1,1,1,32,32,1,30,0.000,0.000,,,,,NVIDIA A100-SXM4-40GB MIG 4g.20gb (0),1,,13,"void convert_kernel<__half2, float2>(tensor_layout_any, T1 *, tensor_layout_any, const T2 *)"
5581284139,13471,386158,,,,,,,,,,0.094,6955.335,Pinned,Device,NVIDIA A100-SXM4-40GB MIG 4g.20gb (0),1,,13,[CUDA memcpy Host-to-Device]
5581307082,47232,386159,,,,,,,,,,35.810,758167.626,Device,,NVIDIA A100-SXM4-40GB MIG 4g.20gb (0),1,,13,[CUDA memset]
5581359978,7904,386161,,,,,,,,,,0.000,10.121,Pinned,Device,NVIDIA A100-SXM4-40GB MIG 4g.20gb (0),1,,13,[CUDA memcpy Host-to-Device]
5581376169,19200,386162,,,,,,,,,,0.197,10239.934,Pinned,Device,NVIDIA A100-SXM4-40GB MIG 4g.20gb (0),1,,13,[CUDA memcpy Host-to-Device]
5581407433,9408,386163,273,1,1,48,1,1,40,0.000,0.001,,,,,NVIDIA A100-SXM4-40GB MIG 4g.20gb (0),1,,13,"void pusch_noise_intf_est::noiseIntfEstNoDftSOfdmKernel<float, __half, float, float, (unsigned int)2, (unsigned int)1, (unsigned char)4, (unsigned char)4>(pusch_noise_intf_est::puschRxNoiseIntfEstDynDescr)"
5581418697,3040,386174,35,1,1,128,1,1,16,0.000,0.000,,,,,NVIDIA A100-SXM4-40GB MIG 4g.20gb (0),1,,13,cupy_copy__complex64_complex64
5581429641,1760,386183,1,1,1,1,1,1,18,0.000,0.000,,,,,NVIDIA A100-SXM4-40GB MIG 4g.20gb (0),1,,13,cupy_copy__float32_float32
5581436617,5792,386189,,,,,,,,,,0.000,0.691,Device,Pageable,NVIDIA A100-SXM4-40GB MIG 4g.20gb (0),1,,7,[CUDA memcpy Device-to-Host]
5581506504,13024,386200,1434,1,1,128,1,1,16,0.000,0.000,,,,,NVIDIA A100-SXM4-40GB MIG 4g.20gb (0),1,,13,cupy_copy__complex64_complex64
5581533831,2976,386207,103,1,1,128,1,1,16,0.000,0.000,,,,,NVIDIA A100-SXM4-40GB MIG 4g.20gb (0),1,,13,cupy_copy__complex64_complex64
5581553287,2368,386214,35,1,1,128,1,1,16,0.000,0.000,,,,,NVIDIA A100-SXM4-40GB MIG 4g.20gb (0),1,,13,cupy_copy__complex64_complex64
5581571879,1760,386221,1,1,1,1,1,1,18,0.000,0.000,,,,,NVIDIA A100-SXM4-40GB MIG 4g.20gb (0),1,,13,cupy_copy__float32_float32
5581703941,82527,386232,1,1,1,32,32,1,30,0.000,0.000,,,,,NVIDIA A100-SXM4-40GB MIG 4g.20gb (0),1,,13,"void convert_kernel<__half2, float2>(tensor_layout_any, T1 *, tensor_layout_any, const T2 *)"
5581814052,5600,386235,,,,,,,,,,0.094,16731.388,Pinned,Device,NVIDIA A100-SXM4-40GB MIG 4g.20gb (0),1,,13,[CUDA memcpy Host-to-Device]
5581827588,3200,386236,,,,,,,,,,1.547,483320.000,Device,,NVIDIA A100-SXM4-40GB MIG 4g.20gb (0),1,,13,[CUDA memset]
5581834436,3328,386241,,,,,,,,,,0.031,9403.822,Pinned,Device,NVIDIA A100-SXM4-40GB MIG 4g.20gb (0),1,,13,[CUDA memcpy Host-to-Device]
5581840324,9792,386242,,,,,,,,,,0.197,20078.395,Pinned,Device,NVIDIA A100-SXM4-40GB MIG 4g.20gb (0),1,,13,[CUDA memcpy Host-to-Device]
5581856164,6175,386243,273,1,1,8,4,1,39,0.002,0.000,,,,,NVIDIA A100-SXM4-40GB MIG 4g.20gb (0),1,,13,"void channel_eq::eqMmseCoefCompLowMimoKernel<float, float, float, (unsigned int)4, (unsigned int)1, (unsigned int)4>(const channel_eq::_puschRxChEqStatDescr *, channel_eq::_puschRxChEqCoefCompDynDescr)"
5581865667,5632,386244,273,1,1,12,11,1,51,0.002,0.000,,,,,NVIDIA A100-SXM4-40GB MIG 4g.20gb (0),1,,13,"void channel_eq::eqMmseSoftDemapKernel<float, __half, __half, float, (unsigned int)4, (unsigned short)16383>(channel_eq::_puschRxChEqStatDescr *, channel_eq::_puschRxChEqSoftDemapDynDescr)"
5581872451,282397,386245,1,1,1,32,32,1,30,0.000,0.000,,,,,NVIDIA A100-SXM4-40GB MIG 4g.20gb (0),1,,13,"void convert_kernel<float2, __half2>(tensor_layout_any, T1 *, tensor_layout_any, const T2 *)"
5582157216,11008,386257,2253,1,1,128,1,1,16,0.000,0.000,,,,,NVIDIA A100-SXM4-40GB MIG 4g.20gb (0),1,,13,cupy_copy__float16_float16
5582172768,3488,386266,282,1,1,128,1,1,16,0.000,0.000,,,,,NVIDIA A100-SXM4-40GB MIG 4g.20gb (0),1,,13,cupy_copy__complex64_complex64
5582179296,2335,386275,26,1,1,128,1,1,16,0.000,0.000,,,,,NVIDIA A100-SXM4-40GB MIG 4g.20gb (0),1,,13,cupy_copy__float32_float32
5582182751,2912,386284,103,1,1,128,1,1,16,0.000,0.000,,,,,NVIDIA A100-SXM4-40GB MIG 4g.20gb (0),1,,13,cupy_copy__complex64_complex64
5582187135,12000,386294,1434,1,1,128,1,1,16,0.000,0.000,,,,,NVIDIA A100-SXM4-40GB MIG 4g.20gb (0),1,,13,cupy_copy__complex64_complex64
5582205407,87583,386299,1,1,1,32,32,1,30,0.000,0.000,,,,,NVIDIA A100-SXM4-40GB MIG 4g.20gb (0),1,,13,"void convert_kernel<__half2, float2>(tensor_layout_any, T1 *, tensor_layout_any, const T2 *)"
5582320062,5696,386302,,,,,,,,,,0.094,16449.363,Pinned,Device,NVIDIA A100-SXM4-40GB MIG 4g.20gb (0),1,,13,[CUDA memcpy Host-to-Device]
5582330462,595576,386303,,,,,,,,,,456.561,766566.658,Device,,NVIDIA A100-SXM4-40GB MIG 4g.20gb (0),1,,13,[CUDA memset]
5582930102,151166,386308,,,,,,,,,,1.235,8169.155,Pinned,Device,NVIDIA A100-SXM4-40GB MIG 4g.20gb (0),1,,13,[CUDA memcpy Host-to-Device]
5583091444,40544,386309,,,,,,,,,,0.197,4849.140,Pinned,Device,NVIDIA A100-SXM4-40GB MIG 4g.20gb (0),1,,13,[CUDA memcpy Host-to-Device]
5583161587,8576,386310,69,4,1,48,1,1,76,0.002,0.000,,,,,NVIDIA A100-SXM4-40GB MIG 4g.20gb (0),1,,13,"void ch_est::windowedChEstPreNoDftSOfdmKernel<float, __half, float, (unsigned int)2, (unsigned int)1, (unsigned short)4>(ch_est::puschRxChEstStatDescr_t *, ch_est::puschRxChEstDynDescr_t *)"
5583181203,6912,386311,137,2,1,24,2,1,44,0.001,0.001,,,,,NVIDIA A100-SXM4-40GB MIG 4g.20gb (0),1,,13,"void ch_est::chEstFilterNoDftSOfdmDispatchKernel<float, __half, float, (unsigned int)2>(ch_est::puschRxChEstStatDescr_t *, ch_est::puschRxChEstDynDescr_t *)"
5583197939,4704,386312,137,2,1,24,2,1,44,0.001,0.001,,,,,NVIDIA A100-SXM4-40GB MIG 4g.20gb (0),1,,13,"void ch_est::chEstFilterNoDftSOfdmDispatchKernel<float, __half, float, (unsigned int)2>(ch_est::puschRxChEstStatDescr_t *, ch_est::puschRxChEstDynDescr_t *)"
5583215155,2720,386323,103,1,1,128,1,1,16,0.000,0.000,,,,,NVIDIA A100-SXM4-40GB MIG 4g.20gb (0),1,,13,cupy_copy__complex64_complex64
5583232275,12543,386333,1434,1,1,128,1,1,16,0.000,0.000,,,,,NVIDIA A100-SXM4-40GB MIG 4g.20gb (0),1,,13,cupy_copy__complex64_complex64
5583253266,2848,386340,103,1,1,128,1,1,16,0.000,0.000,,,,,NVIDIA A100-SXM4-40GB MIG 4g.20gb (0),1,,13,cupy_copy__complex64_complex64
5583276434,88191,386347,1,1,1,32,32,1,30,0.000,0.000,,,,,NVIDIA A100-SXM4-40GB MIG 4g.20gb (0),1,,13,"void convert_kernel<__half2, float2>(tensor_layout_any, T1 *, tensor_layout_any, const T2 *)"
5583397425,25439,386350,,,,,,,,,,0.094,3683.096,Pinned,Device,NVIDIA A100-SXM4-40GB MIG 4g.20gb (0),1,,13,[CUDA memcpy Host-to-Device]
5583451440,45791,386351,,,,,,,,,,35.810,782017.033,Device,,NVIDIA A100-SXM4-40GB MIG 4g.20gb (0),1,,13,[CUDA memset]
5583502895,12608,386353,,,,,,,,,,0.000,6.345,Pinned,Device,NVIDIA A100-SXM4-40GB MIG 4g.20gb (0),1,,13,[CUDA memcpy Host-to-Device]
5583524751,21312,386354,,,,,,,,,,0.197,9225.044,Pinned,Device,NVIDIA A100-SXM4-40GB MIG 4g.20gb (0),1,,13,[CUDA memcpy Host-to-Device]
5583573038,12704,386355,273,1,1,48,1,1,40,0.000,0.001,,,,,NVIDIA A100-SXM4-40GB MIG 4g.20gb (0),1,,13,"void pusch_noise_intf_est::noiseIntfEstNoDftSOfdmKernel<float, __half, float, float, (unsigned int)2, (unsigned int)1, (unsigned char)4, (unsigned char)4>(pusch_noise_intf_est::puschRxNoiseIntfEstDynDescr)"
5583594030,2816,386366,35,1,1,128,1,1,16,0.000,0.000,,,,,NVIDIA A100-SXM4-40GB MIG 4g.20gb (0),1,,13,cupy_copy__complex64_complex64
5583604622,1728,386375,1,1,1,1,1,1,18,0.000,0.000,,,,,NVIDIA A100-SXM4-40GB MIG 4g.20gb (0),1,,13,cupy_copy__float32_float32
5583607406,3840,386381,,,,,,,,,,0.000,1.042,Device,Pageable,NVIDIA A100-SXM4-40GB MIG 4g.20gb (0),1,,7,[CUDA memcpy Device-to-Host]
5583681261,12832,386392,1434,1,1,128,1,1,16,0.000,0.000,,,,,NVIDIA A100-SXM4-40GB MIG 4g.20gb (0),1,,13,cupy_copy__complex64_complex64
5583709933,2976,386399,103,1,1,128,1,1,16,0.000,0.000,,,,,NVIDIA A100-SXM4-40GB MIG 4g.20gb (0),1,,13,cupy_copy__complex64_complex64
5583734220,2688,386406,35,1,1,128,1,1,16,0.000,0.000,,,,,NVIDIA A100-SXM4-40GB MIG 4g.20gb (0),1,,13,cupy_copy__complex64_complex64
5583750188,1984,386413,1,1,1,1,1,1,18,0.000,0.000,,,,,NVIDIA A100-SXM4-40GB MIG 4g.20gb (0),1,,13,cupy_copy__float32_float32
5583874955,87615,386424,1,1,1,32,32,1,30,0.000,0.000,,,,,NVIDIA A100-SXM4-40GB MIG 4g.20gb (0),1,,13,"void convert_kernel<__half2, float2>(tensor_layout_any, T1 *, tensor_layout_any, const T2 *)"
5583990313,5824,386427,,,,,,,,,,0.094,16087.884,Pinned,Device,NVIDIA A100-SXM4-40GB MIG 4g.20gb (0),1,,13,[CUDA memcpy Host-to-Device]
5584005833,3264,386428,,,,,,,,,,1.547,473842.288,Device,,NVIDIA A100-SXM4-40GB MIG 4g.20gb (0),1,,13,[CUDA memset]
5584011881,3168,386433,,,,,,,,,,0.031,9878.770,Pinned,Device,NVIDIA A100-SXM4-40GB MIG 4g.20gb (0),1,,13,[CUDA memcpy Host-to-Device]
5584017769,10112,386434,,,,,,,,,,0.197,19442.958,Pinned,Device,NVIDIA A100-SXM4-40GB MIG 4g.20gb (0),1,,13,[CUDA memcpy Host-to-Device]
5584031273,6208,386435,273,1,1,8,4,1,39,0.002,0.000,,,,,NVIDIA A100-SXM4-40GB MIG 4g.20gb (0),1,,13,"void channel_eq::eqMmseCoefCompLowMimoKernel<float, float, float, (unsigned int)4, (unsigned int)1, (unsigned int)4>(const channel_eq::_puschRxChEqStatDescr *, channel_eq::_puschRxChEqCoefCompDynDescr)"
5584038409,6208,386436,273,1,1,12,11,1,51,0.002,0.000,,,,,NVIDIA A100-SXM4-40GB MIG 4g.20gb (0),1,,13,"void channel_eq::eqMmseSoftDemapKernel<float, __half, __half, float, (unsigned int)4, (unsigned short)16383>(channel_eq::_puschRxChEqStatDescr *, channel_eq::_puschRxChEqSoftDemapDynDescr)"
5584047849,290172,386437,1,1,1,32,32,1,30,0.000,0.000,,,,,NVIDIA A100-SXM4-40GB MIG 4g.20gb (0),1,,13,"void convert_kernel<float2, __half2>(tensor_layout_any, T1 *, tensor_layout_any, const T2 *)"
5584341029,10912,386449,2253,1,1,128,1,1,16,0.000,0.000,,,,,NVIDIA A100-SXM4-40GB MIG 4g.20gb (0),1,,13,cupy_copy__float16_float16
5584354661,3744,386458,282,1,1,128,1,1,16,0.000,0.000,,,,,NVIDIA A100-SXM4-40GB MIG 4g.20gb (0),1,,13,cupy_copy__complex64_complex64
5584359845,2112,386467,26,1,1,128,1,1,16,0.000,0.000,,,,,NVIDIA A100-SXM4-40GB MIG 4g.20gb (0),1,,13,cupy_copy__float32_float32
5584364037,6816,386476,103,1,1,128,1,1,16,0.000,0.000,,,,,NVIDIA A100-SXM4-40GB MIG 4g.20gb (0),1,,13,cupy_copy__complex64_complex64
5584373028,12096,386486,1434,1,1,128,1,1,16,0.000,0.000,,,,,NVIDIA A100-SXM4-40GB MIG 4g.20gb (0),1,,13,cupy_copy__complex64_complex64
5584388420,86815,386491,1,1,1,32,32,1,30,0.000,0.000,,,,,NVIDIA A100-SXM4-40GB MIG 4g.20gb (0),1,,13,"void convert_kernel<__half2, float2>(tensor_layout_any, T1 *, tensor_layout_any, const T2 *)"
5584502243,5728,386494,,,,,,,,,,0.094,16357.541,Pinned,Device,NVIDIA A100-SXM4-40GB MIG 4g.20gb (0),1,,13,[CUDA memcpy Host-to-Device]
5584511971,598808,386495,,,,,,,,,,456.561,762001.043,Device,,NVIDIA A100-SXM4-40GB MIG 4g.20gb (0),1,,13,[CUDA memset]
5585115867,163742,386500,,,,,,,,,,1.235,7541.803,Pinned,Device,NVIDIA A100-SXM4-40GB MIG 4g.20gb (0),1,,13,[CUDA memcpy Host-to-Device]
5585288889,35168,386501,,,,,,,,,,0.197,5590.352,Pinned,Device,NVIDIA A100-SXM4-40GB MIG 4g.20gb (0),1,,13,[CUDA memcpy Host-to-Device]
5585344761,7743,386502,69,4,1,48,1,1,76,0.002,0.000,,,,,NVIDIA A100-SXM4-40GB MIG 4g.20gb (0),1,,13,"void ch_est::windowedChEstPreNoDftSOfdmKernel<float, __half, float, (unsigned int)2, (unsigned int)1, (unsigned short)4>(ch_est::puschRxChEstStatDescr_t *, ch_est::puschRxChEstDynDescr_t *)"
5585360888,7104,386503,137,2,1,24,2,1,44,0.001,0.001,,,,,NVIDIA A100-SXM4-40GB MIG 4g.20gb (0),1,,13,"void ch_est::chEstFilterNoDftSOfdmDispatchKernel<float, __half, float, (unsigned int)2>(ch_est::puschRxChEstStatDescr_t *, ch_est::puschRxChEstDynDescr_t *)"
5585376984,4800,386504,137,2,1,24,2,1,44,0.001,0.001,,,,,NVIDIA A100-SXM4-40GB MIG 4g.20gb (0),1,,13,"void ch_est::chEstFilterNoDftSOfdmDispatchKernel<float, __half, float, (unsigned int)2>(ch_est::puschRxChEstStatDescr_t *, ch_est::puschRxChEstDynDescr_t *)"
5585389688,2656,386515,103,1,1,128,1,1,16,0.000,0.000,,,,,NVIDIA A100-SXM4-40GB MIG 4g.20gb (0),1,,13,cupy_copy__complex64_complex64
5585398232,12640,386525,1434,1,1,128,1,1,16,0.000,0.000,,,,,NVIDIA A100-SXM4-40GB MIG 4g.20gb (0),1,,13,cupy_copy__complex64_complex64
5585422360,2560,386532,103,1,1,128,1,1,16,0.000,0.000,,,,,NVIDIA A100-SXM4-40GB MIG 4g.20gb (0),1,,13,cupy_copy__complex64_complex64
5585437271,88287,386539,1,1,1,32,32,1,30,0.000,0.000,,,,,NVIDIA A100-SXM4-40GB MIG 4g.20gb (0),1,,13,"void convert_kernel<__half2, float2>(tensor_layout_any, T1 *, tensor_layout_any, const T2 *)"
5585558870,22080,386542,,,,,,,,,,0.094,4243.398,Pinned,Device,NVIDIA A100-SXM4-40GB MIG 4g.20gb (0),1,,13,[CUDA memcpy Host-to-Device]
5585603157,46592,386543,,,,,,,,,,35.810,768552.503,Device,,NVIDIA A100-SXM4-40GB MIG 4g.20gb (0),1,,13,[CUDA memset]
5585650069,13056,386545,,,,,,,,,,0.000,6.127,Pinned,Device,NVIDIA A100-SXM4-40GB MIG 4g.20gb (0),1,,13,[CUDA memcpy Host-to-Device]
5585673524,27040,386546,,,,,,,,,,0.197,7270.957,Pinned,Device,NVIDIA A100-SXM4-40GB MIG 4g.20gb (0),1,,13,[CUDA memcpy Host-to-Device]
5585730772,9760,386547,273,1,1,48,1,1,40,0.000,0.001,,,,,NVIDIA A100-SXM4-40GB MIG 4g.20gb (0),1,,13,"void pusch_noise_intf_est::noiseIntfEstNoDftSOfdmKernel<float, __half, float, float, (unsigned int)2, (unsigned int)1, (unsigned char)4, (unsigned char)4>(pusch_noise_intf_est::puschRxNoiseIntfEstDynDescr)"
5585748212,2784,386558,35,1,1,128,1,1,16,0.000,0.000,,,,,NVIDIA A100-SXM4-40GB MIG 4g.20gb (0),1,,13,cupy_copy__complex64_complex64
5585764723,1760,386567,1,1,1,1,1,1,18,0.000,0.000,,,,,NVIDIA A100-SXM4-40GB MIG 4g.20gb (0),1,,13,cupy_copy__float32_float32
5585767123,9248,386573,,,,,,,,,,0.000,0.433,Device,Pageable,NVIDIA A100-SXM4-40GB MIG 4g.20gb (0),1,,7,[CUDA memcpy Device-to-Host]
5585860658,12928,386584,1434,1,1,128,1,1,16,0.000,0.000,,,,,NVIDIA A100-SXM4-40GB MIG 4g.20gb (0),1,,13,cupy_copy__complex64_complex64
5585880242,3424,386591,103,1,1,128,1,1,16,0.000,0.000,,,,,NVIDIA A100-SXM4-40GB MIG 4g.20gb (0),1,,13,cupy_copy__complex64_complex64
5585909234,2560,386598,35,1,1,128,1,1,16,0.000,0.000,,,,,NVIDIA A100-SXM4-40GB MIG 4g.20gb (0),1,,13,cupy_copy__complex64_complex64
5585926481,1792,386605,1,1,1,1,1,1,18,0.000,0.000,,,,,NVIDIA A100-SXM4-40GB MIG 4g.20gb (0),1,,13,cupy_copy__float32_float32
5586045648,90559,386616,1,1,1,32,32,1,30,0.000,0.000,,,,,NVIDIA A100-SXM4-40GB MIG 4g.20gb (0),1,,13,"void convert_kernel<__half2, float2>(tensor_layout_any, T1 *, tensor_layout_any, const T2 *)"
5586165006,9952,386619,,,,,,,,,,0.094,9414.761,Pinned,Device,NVIDIA A100-SXM4-40GB MIG 4g.20gb (0),1,,13,[CUDA memcpy Host-to-Device]
5586188654,3360,386620,,,,,,,,,,1.547,460304.688,Device,,NVIDIA A100-SXM4-40GB MIG 4g.20gb (0),1,,13,[CUDA memset]
5586196046,7456,386625,,,,,,,,,,0.031,4197.420,Pinned,Device,NVIDIA A100-SXM4-40GB MIG 4g.20gb (0),1,,13,[CUDA memcpy Host-to-Device]
5586206670,17024,386626,,,,,,,,,,0.197,11548.754,Pinned,Device,NVIDIA A100-SXM4-40GB MIG 4g.20gb (0),1,,13,[CUDA memcpy Host-to-Device]
5586237518,5983,386627,273,1,1,8,4,1,39,0.002,0.000,,,,,NVIDIA A100-SXM4-40GB MIG 4g.20gb (0),1,,13,"void channel_eq::eqMmseCoefCompLowMimoKernel<float, float, float, (unsigned int)4, (unsigned int)1, (unsigned int)4>(const channel_eq::_puschRxChEqStatDescr *, channel_eq::_puschRxChEqCoefCompDynDescr)"
5586246285,6112,386628,273,1,1,12,11,1,51,0.002,0.000,,,,,NVIDIA A100-SXM4-40GB MIG 4g.20gb (0),1,,13,"void channel_eq::eqMmseSoftDemapKernel<float, __half, __half, float, (unsigned int)4, (unsigned short)16383>(channel_eq::_puschRxChEqStatDescr *, channel_eq::_puschRxChEqSoftDemapDynDescr)"
5586255053,282717,386629,1,1,1,32,32,1,30,0.000,0.000,,,,,NVIDIA A100-SXM4-40GB MIG 4g.20gb (0),1,,13,"void convert_kernel<float2, __half2>(tensor_layout_any, T1 *, tensor_layout_any, const T2 *)"
5586538794,11104,386641,2253,1,1,128,1,1,16,0.000,0.000,,,,,NVIDIA A100-SXM4-40GB MIG 4g.20gb (0),1,,13,cupy_copy__float16_float16
5586551978,3200,386650,282,1,1,128,1,1,16,0.000,0.000,,,,,NVIDIA A100-SXM4-40GB MIG 4g.20gb (0),1,,13,cupy_copy__complex64_complex64
5586557098,2016,386659,26,1,1,128,1,1,16,0.000,0.000,,,,,NVIDIA A100-SXM4-40GB MIG 4g.20gb (0),1,,13,cupy_copy__float32_float32
5586562410,4607,386668,103,1,1,128,1,1,16,0.000,0.000,,,,,NVIDIA A100-SXM4-40GB MIG 4g.20gb (0),1,,13,cupy_copy__complex64_complex64
5586622761,12448,386684,1434,1,1,128,1,1,16,0.000,0.000,,,,,NVIDIA A100-SXM4-40GB MIG 4g.20gb (0),1,,13,cupy_copy__complex64_complex64
5586737735,82495,386689,1,1,1,32,32,1,30,0.000,0.000,,,,,NVIDIA A100-SXM4-40GB MIG 4g.20gb (0),1,,13,"void convert_kernel<__half2, float2>(tensor_layout_any, T1 *, tensor_layout_any, const T2 *)"
5586853734,5504,386692,,,,,,,,,,0.094,17023.251,Pinned,Device,NVIDIA A100-SXM4-40GB MIG 4g.20gb (0),1,,13,[CUDA memcpy Host-to-Device]
5586864934,603256,386693,,,,,,,,,,456.561,756522.306,Device,,NVIDIA A100-SXM4-40GB MIG 4g.20gb (0),1,,13,[CUDA memset]
5587473406,175934,386698,,,,,,,,,,1.235,7018.187,Pinned,Device,NVIDIA A100-SXM4-40GB MIG 4g.20gb (0),1,,13,[CUDA memcpy Host-to-Device]
5587662204,45663,386699,,,,,,,,,,0.197,4305.519,Pinned,Device,NVIDIA A100-SXM4-40GB MIG 4g.20gb (0),1,,13,[CUDA memcpy Host-to-Device]
5587737211,8576,386700,69,4,1,48,1,1,76,0.002,0.000,,,,,NVIDIA A100-SXM4-40GB MIG 4g.20gb (0),1,,13,"void ch_est::windowedChEstPreNoDftSOfdmKernel<float, __half, float, (unsigned int)2, (unsigned int)1, (unsigned short)4>(ch_est::puschRxChEstStatDescr_t *, ch_est::puschRxChEstDynDescr_t *)"
5587755227,6944,386701,137,2,1,24,2,1,44,0.001,0.001,,,,,NVIDIA A100-SXM4-40GB MIG 4g.20gb (0),1,,13,"void ch_est::chEstFilterNoDftSOfdmDispatchKernel<float, __half, float, (unsigned int)2>(ch_est::puschRxChEstStatDescr_t *, ch_est::puschRxChEstDynDescr_t *)"
5587770523,4704,386702,137,2,1,24,2,1,44,0.001,0.001,,,,,NVIDIA A100-SXM4-40GB MIG 4g.20gb (0),1,,13,"void ch_est::chEstFilterNoDftSOfdmDispatchKernel<float, __half, float, (unsigned int)2>(ch_est::puschRxChEstStatDescr_t *, ch_est::puschRxChEstDynDescr_t *)"
5587787418,2656,386713,103,1,1,128,1,1,16,0.000,0.000,,,,,NVIDIA A100-SXM4-40GB MIG 4g.20gb (0),1,,13,cupy_copy__complex64_complex64
5587802106,12448,386723,1434,1,1,128,1,1,16,0.000,0.000,,,,,NVIDIA A100-SXM4-40GB MIG 4g.20gb (0),1,,13,cupy_copy__complex64_complex64
5587834394,2560,386730,103,1,1,128,1,1,16,0.000,0.000,,,,,NVIDIA A100-SXM4-40GB MIG 4g.20gb (0),1,,13,cupy_copy__complex64_complex64
5587849178,89567,386737,1,1,1,32,32,1,30,0.000,0.000,,,,,NVIDIA A100-SXM4-40GB MIG 4g.20gb (0),1,,13,"void convert_kernel<__half2, float2>(tensor_layout_any, T1 *, tensor_layout_any, const T2 *)"
5587971160,17632,386740,,,,,,,,,,0.094,5313.969,Pinned,Device,NVIDIA A100-SXM4-40GB MIG 4g.20gb (0),1,,13,[CUDA memcpy Host-to-Device]
5588007672,46911,386741,,,,,,,,,,35.810,763324.255,Device,,NVIDIA A100-SXM4-40GB MIG 4g.20gb (0),1,,13,[CUDA memset]
5588063319,10368,386743,,,,,,,,,,0.000,7.716,Pinned,Device,NVIDIA A100-SXM4-40GB MIG 4g.20gb (0),1,,13,[CUDA memcpy Host-to-Device]
5588086263,23295,386744,,,,,,,,,,0.197,8439.792,Pinned,Device,NVIDIA A100-SXM4-40GB MIG 4g.20gb (0),1,,13,[CUDA memcpy Host-to-Device]
5588131094,9248,386745,273,1,1,48,1,1,40,0.000,0.001,,,,,NVIDIA A100-SXM4-40GB MIG 4g.20gb (0),1,,13,"void pusch_noise_intf_est::noiseIntfEstNoDftSOfdmKernel<float, __half, float, float, (unsigned int)2, (unsigned int)1, (unsigned char)4, (unsigned char)4>(pusch_noise_intf_est::puschRxNoiseIntfEstDynDescr)"
5588150390,2752,386756,35,1,1,128,1,1,16,0.000,0.000,,,,,NVIDIA A100-SXM4-40GB MIG 4g.20gb (0),1,,13,cupy_copy__complex64_complex64
5588166774,1760,386765,1,1,1,1,1,1,18,0.000,0.000,,,,,NVIDIA A100-SXM4-40GB MIG 4g.20gb (0),1,,13,cupy_copy__float32_float32
5588170998,7584,386771,,,,,,,,,,0.000,0.527,Device,Pageable,NVIDIA A100-SXM4-40GB MIG 4g.20gb (0),1,,7,[CUDA memcpy Device-to-Host]
5588270260,12736,386782,1434,1,1,128,1,1,16,0.000,0.000,,,,,NVIDIA A100-SXM4-40GB MIG 4g.20gb (0),1,,13,cupy_copy__complex64_complex64
5588290324,2976,386789,103,1,1,128,1,1,16,0.000,0.000,,,,,NVIDIA A100-SXM4-40GB MIG 4g.20gb (0),1,,13,cupy_copy__complex64_complex64
5588313940,2272,386796,35,1,1,128,1,1,16,0.000,0.000,,,,,NVIDIA A100-SXM4-40GB MIG 4g.20gb (0),1,,13,cupy_copy__complex64_complex64
5588332436,1984,386803,1,1,1,1,1,1,18,0.000,0.000,,,,,NVIDIA A100-SXM4-40GB MIG 4g.20gb (0),1,,13,cupy_copy__float32_float32
5588457010,87199,386814,1,1,1,32,32,1,30,0.000,0.000,,,,,NVIDIA A100-SXM4-40GB MIG 4g.20gb (0),1,,13,"void convert_kernel<__half2, float2>(tensor_layout_any, T1 *, tensor_layout_any, const T2 *)"
5588572689,14112,386817,,,,,,,,,,0.094,6639.392,Pinned,Device,NVIDIA A100-SXM4-40GB MIG 4g.20gb (0),1,,13,[CUDA memcpy Host-to-Device]
5588596368,3360,386818,,,,,,,,,,1.547,460304.688,Device,,NVIDIA A100-SXM4-40GB MIG 4g.20gb (0),1,,13,[CUDA memset]
5588605168,6112,386823,,,,,,,,,,0.031,5120.401,Pinned,Device,NVIDIA A100-SXM4-40GB MIG 4g.20gb (0),1,,13,[CUDA memcpy Host-to-Device]
5588615184,17408,386824,,,,,,,,,,0.197,11293.950,Pinned,Device,NVIDIA A100-SXM4-40GB MIG 4g.20gb (0),1,,13,[CUDA memcpy Host-to-Device]
5588645904,6784,386825,273,1,1,8,4,1,39,0.002,0.000,,,,,NVIDIA A100-SXM4-40GB MIG 4g.20gb (0),1,,13,"void channel_eq::eqMmseCoefCompLowMimoKernel<float, float, float, (unsigned int)4, (unsigned int)1, (unsigned int)4>(const channel_eq::_puschRxChEqStatDescr *, channel_eq::_puschRxChEqCoefCompDynDescr)"
5588654352,8128,386826,273,1,1,12,11,1,51,0.002,0.000,,,,,NVIDIA A100-SXM4-40GB MIG 4g.20gb (0),1,,13,"void channel_eq::eqMmseSoftDemapKernel<float, __half, __half, float, (unsigned int)4, (unsigned short)16383>(channel_eq::_puschRxChEqStatDescr *, channel_eq::_puschRxChEqSoftDemapDynDescr)"
5588669872,290012,386827,1,1,1,32,32,1,30,0.000,0.000,,,,,NVIDIA A100-SXM4-40GB MIG 4g.20gb (0),1,,13,"void convert_kernel<float2, __half2>(tensor_layout_any, T1 *, tensor_layout_any, const T2 *)"
5588962188,10944,386839,2253,1,1,128,1,1,16,0.000,0.000,,,,,NVIDIA A100-SXM4-40GB MIG 4g.20gb (0),1,,13,cupy_copy__float16_float16
5588975308,2944,386848,282,1,1,128,1,1,16,0.000,0.000,,,,,NVIDIA A100-SXM4-40GB MIG 4g.20gb (0),1,,13,cupy_copy__complex64_complex64
5588980108,2144,386857,26,1,1,128,1,1,16,0.000,0.000,,,,,NVIDIA A100-SXM4-40GB MIG 4g.20gb (0),1,,13,cupy_copy__float32_float32
5588986060,3712,386866,103,1,1,128,1,1,16,0.000,0.000,,,,,NVIDIA A100-SXM4-40GB MIG 4g.20gb (0),1,,13,cupy_copy__complex64_complex64
5588992844,11999,386876,1434,1,1,128,1,1,16,0.000,0.000,,,,,NVIDIA A100-SXM4-40GB MIG 4g.20gb (0),1,,13,cupy_copy__complex64_complex64
5589009227,82015,386881,1,1,1,32,32,1,30,0.000,0.000,,,,,NVIDIA A100-SXM4-40GB MIG 4g.20gb (0),1,,13,"void convert_kernel<__half2, float2>(tensor_layout_any, T1 *, tensor_layout_any, const T2 *)"
5589117962,5920,386884,,,,,,,,,,0.094,15826.941,Pinned,Device,NVIDIA A100-SXM4-40GB MIG 4g.20gb (0),1,,13,[CUDA memcpy Host-to-Device]
5589127754,599577,386885,,,,,,,,,,456.561,761087.920,Device,,NVIDIA A100-SXM4-40GB MIG 4g.20gb (0),1,,13,[CUDA memset]
5589729187,88958,386890,,,,,,,,,,1.235,13882.006,Pinned,Device,NVIDIA A100-SXM4-40GB MIG 4g.20gb (0),1,,13,[CUDA memcpy Host-to-Device]
5589825217,16992,386891,,,,,,,,,,0.197,11570.577,Pinned,Device,NVIDIA A100-SXM4-40GB MIG 4g.20gb (0),1,,13,[CUDA memcpy Host-to-Device]
5589851905,8736,386892,69,4,1,48,1,1,76,0.002,0.000,,,,,NVIDIA A100-SXM4-40GB MIG 4g.20gb (0),1,,13,"void ch_est::windowedChEstPreNoDftSOfdmKernel<float, __half, float, (unsigned int)2, (unsigned int)1, (unsigned short)4>(ch_est::puschRxChEstStatDescr_t *, ch_est::puschRxChEstDynDescr_t *)"
5589867681,7584,386893,137,2,1,24,2,1,44,0.001,0.001,,,,,NVIDIA A100-SXM4-40GB MIG 4g.20gb (0),1,,13,"void ch_est::chEstFilterNoDftSOfdmDispatchKernel<float, __half, float, (unsigned int)2>(ch_est::puschRxChEstStatDescr_t *, ch_est::puschRxChEstDynDescr_t *)"
5589882529,5216,386894,137,2,1,24,2,1,44,0.001,0.001,,,,,NVIDIA A100-SXM4-40GB MIG 4g.20gb (0),1,,13,"void ch_est::chEstFilterNoDftSOfdmDispatchKernel<float, __half, float, (unsigned int)2>(ch_est::puschRxChEstStatDescr_t *, ch_est::puschRxChEstDynDescr_t *)"
5589890305,2527,386905,103,1,1,128,1,1,16,0.000,0.000,,,,,NVIDIA A100-SXM4-40GB MIG 4g.20gb (0),1,,13,cupy_copy__complex64_complex64
5589898432,12480,386915,1434,1,1,128,1,1,16,0.000,0.000,,,,,NVIDIA A100-SXM4-40GB MIG 4g.20gb (0),1,,13,cupy_copy__complex64_complex64
5589913504,2720,386922,103,1,1,128,1,1,16,0.000,0.000,,,,,NVIDIA A100-SXM4-40GB MIG 4g.20gb (0),1,,13,cupy_copy__complex64_complex64
5589922432,87967,386929,1,1,1,32,32,1,30,0.000,0.000,,,,,NVIDIA A100-SXM4-40GB MIG 4g.20gb (0),1,,13,"void convert_kernel<__half2, float2>(tensor_layout_any, T1 *, tensor_layout_any, const T2 *)"
5590041599,5888,386932,,,,,,,,,,0.094,15912.954,Pinned,Device,NVIDIA A100-SXM4-40GB MIG 4g.20gb (0),1,,13,[CUDA memcpy Host-to-Device]
5590055582,47616,386933,,,,,,,,,,35.810,752044.130,Device,,NVIDIA A100-SXM4-40GB MIG 4g.20gb (0),1,,13,[CUDA memset]
5590111774,4416,386935,,,,,,,,,,0.000,18.116,Pinned,Device,NVIDIA A100-SXM4-40GB MIG 4g.20gb (0),1,,13,[CUDA memcpy Host-to-Device]
5590124094,24191,386936,,,,,,,,,,0.197,8127.185,Pinned,Device,NVIDIA A100-SXM4-40GB MIG 4g.20gb (0),1,,13,[CUDA memcpy Host-to-Device]
5590160381,9856,386937,273,1,1,48,1,1,40,0.000,0.001,,,,,NVIDIA A100-SXM4-40GB MIG 4g.20gb (0),1,,13,"void pusch_noise_intf_est::noiseIntfEstNoDftSOfdmKernel<float, __half, float, float, (unsigned int)2, (unsigned int)1, (unsigned char)4, (unsigned char)4>(pusch_noise_intf_est::puschRxNoiseIntfEstDynDescr)"
5590181181,2784,386948,35,1,1,128,1,1,16,0.000,0.000,,,,,NVIDIA A100-SXM4-40GB MIG 4g.20gb (0),1,,13,cupy_copy__complex64_complex64
5590190813,1728,386957,1,1,1,1,1,1,18,0.000,0.000,,,,,NVIDIA A100-SXM4-40GB MIG 4g.20gb (0),1,,13,cupy_copy__float32_float32
5590199837,4224,386963,,,,,,,,,,0.000,0.947,Device,Pageable,NVIDIA A100-SXM4-40GB MIG 4g.20gb (0),1,,7,[CUDA memcpy Device-to-Host]
5590269500,12928,386974,1434,1,1,128,1,1,16,0.000,0.000,,,,,NVIDIA A100-SXM4-40GB MIG 4g.20gb (0),1,,13,cupy_copy__complex64_complex64
5590294908,3519,386981,103,1,1,128,1,1,16,0.000,0.000,,,,,NVIDIA A100-SXM4-40GB MIG 4g.20gb (0),1,,13,cupy_copy__complex64_complex64
5590316123,2464,386988,35,1,1,128,1,1,16,0.000,0.000,,,,,NVIDIA A100-SXM4-40GB MIG 4g.20gb (0),1,,13,cupy_copy__complex64_complex64
5590333979,2016,386995,1,1,1,1,1,1,18,0.000,0.000,,,,,NVIDIA A100-SXM4-40GB MIG 4g.20gb (0),1,,13,cupy_copy__float32_float32
5590466713,83007,387006,1,1,1,32,32,1,30,0.000,0.000,,,,,NVIDIA A100-SXM4-40GB MIG 4g.20gb (0),1,,13,"void convert_kernel<__half2, float2>(tensor_layout_any, T1 *, tensor_layout_any, const T2 *)"
5590577720,5600,387009,,,,,,,,,,0.094,16731.388,Pinned,Device,NVIDIA A100-SXM4-40GB MIG 4g.20gb (0),1,,13,[CUDA memcpy Host-to-Device]
5590591736,3200,387010,,,,,,,,,,1.547,483320.000,Device,,NVIDIA A100-SXM4-40GB MIG 4g.20gb (0),1,,13,[CUDA memset]
5590598488,3360,387015,,,,,,,,,,0.031,9314.284,Pinned,Device,NVIDIA A100-SXM4-40GB MIG 4g.20gb (0),1,,13,[CUDA memcpy Host-to-Device]
5590604440,9920,387016,,,,,,,,,,0.197,19819.266,Pinned,Device,NVIDIA A100-SXM4-40GB MIG 4g.20gb (0),1,,13,[CUDA memcpy Host-to-Device]
5590619608,6303,387017,273,1,1,8,4,1,39,0.002,0.000,,,,,NVIDIA A100-SXM4-40GB MIG 4g.20gb (0),1,,13,"void channel_eq::eqMmseCoefCompLowMimoKernel<float, float, float, (unsigned int)4, (unsigned int)1, (unsigned int)4>(const channel_eq::_puschRxChEqStatDescr *, channel_eq::_puschRxChEqCoefCompDynDescr)"
5590628151,5856,387018,273,1,1,12,11,1,51,0.002,0.000,,,,,NVIDIA A100-SXM4-40GB MIG 4g.20gb (0),1,,13,"void channel_eq::eqMmseSoftDemapKernel<float, __half, __half, float, (unsigned int)4, (unsigned short)16383>(channel_eq::_puschRxChEqStatDescr *, channel_eq::_puschRxChEqSoftDemapDynDescr)"
5590635767,282557,387019,1,1,1,32,32,1,30,0.000,0.000,,,,,NVIDIA A100-SXM4-40GB MIG 4g.20gb (0),1,,13,"void convert_kernel<float2, __half2>(tensor_layout_any, T1 *, tensor_layout_any, const T2 *)"
5590919380,10976,387031,2253,1,1,128,1,1,16,0.000,0.000,,,,,NVIDIA A100-SXM4-40GB MIG 4g.20gb (0),1,,13,cupy_copy__float16_float16
5590933844,3424,387040,282,1,1,128,1,1,16,0.000,0.000,,,,,NVIDIA A100-SXM4-40GB MIG 4g.20gb (0),1,,13,cupy_copy__complex64_complex64
5590940884,2048,387049,26,1,1,128,1,1,16,0.000,0.000,,,,,NVIDIA A100-SXM4-40GB MIG 4g.20gb (0),1,,13,cupy_copy__float32_float32
5590945748,4607,387058,103,1,1,128,1,1,16,0.000,0.000,,,,,NVIDIA A100-SXM4-40GB MIG 4g.20gb (0),1,,13,cupy_copy__complex64_complex64
5590952211,12096,387068,1434,1,1,128,1,1,16,0.000,0.000,,,,,NVIDIA A100-SXM4-40GB MIG 4g.20gb (0),1,,13,cupy_copy__complex64_complex64
5590975955,88319,387073,1,1,1,32,32,1,30,0.000,0.000,,,,,NVIDIA A100-SXM4-40GB MIG 4g.20gb (0),1,,13,"void convert_kernel<__half2, float2>(tensor_layout_any, T1 *, tensor_layout_any, const T2 *)"
5591090834,5440,387076,,,,,,,,,,0.094,17223.480,Pinned,Device,NVIDIA A100-SXM4-40GB MIG 4g.20gb (0),1,,13,[CUDA memcpy Host-to-Device]
5591101106,596824,387077,,,,,,,,,,456.561,764740.412,Device,,NVIDIA A100-SXM4-40GB MIG 4g.20gb (0),1,,13,[CUDA memset]
5591703050,175070,387082,,,,,,,,,,1.235,7054.000,Pinned,Device,NVIDIA A100-SXM4-40GB MIG 4g.20gb (0),1,,13,[CUDA memcpy Host-to-Device]
5591889928,29504,387083,,,,,,,,,,0.197,6663.635,Pinned,Device,NVIDIA A100-SXM4-40GB MIG 4g.20gb (0),1,,13,[CUDA memcpy Host-to-Device]
5591943335,8704,387084,69,4,1,48,1,1,76,0.002,0.000,,,,,NVIDIA A100-SXM4-40GB MIG 4g.20gb (0),1,,13,"void ch_est::windowedChEstPreNoDftSOfdmKernel<float, __half, float, (unsigned int)2, (unsigned int)1, (unsigned short)4>(ch_est::puschRxChEstStatDescr_t *, ch_est::puschRxChEstDynDescr_t *)"
5591961063,6784,387085,137,2,1,24,2,1,44,0.001,0.001,,,,,NVIDIA A100-SXM4-40GB MIG 4g.20gb (0),1,,13,"void ch_est::chEstFilterNoDftSOfdmDispatchKernel<float, __half, float, (unsigned int)2>(ch_est::puschRxChEstStatDescr_t *, ch_est::puschRxChEstDynDescr_t *)"
5591975911,4928,387086,137,2,1,24,2,1,44,0.001,0.001,,,,,NVIDIA A100-SXM4-40GB MIG 4g.20gb (0),1,,13,"void ch_est::chEstFilterNoDftSOfdmDispatchKernel<float, __half, float, (unsigned int)2>(ch_est::puschRxChEstStatDescr_t *, ch_est::puschRxChEstDynDescr_t *)"
5591983591,2464,387097,103,1,1,128,1,1,16,0.000,0.000,,,,,NVIDIA A100-SXM4-40GB MIG 4g.20gb (0),1,,13,cupy_copy__complex64_complex64
5591994695,12767,387107,1434,1,1,128,1,1,16,0.000,0.000,,,,,NVIDIA A100-SXM4-40GB MIG 4g.20gb (0),1,,13,cupy_copy__complex64_complex64
5592018982,2752,387114,103,1,1,128,1,1,16,0.000,0.000,,,,,NVIDIA A100-SXM4-40GB MIG 4g.20gb (0),1,,13,cupy_copy__complex64_complex64
5592028710,93311,387121,1,1,1,32,32,1,30,0.000,0.000,,,,,NVIDIA A100-SXM4-40GB MIG 4g.20gb (0),1,,13,"void convert_kernel<__half2, float2>(tensor_layout_any, T1 *, tensor_layout_any, const T2 *)"
5592153221,9248,387124,,,,,,,,,,0.094,10131.442,Pinned,Device,NVIDIA A100-SXM4-40GB MIG 4g.20gb (0),1,,13,[CUDA memcpy Host-to-Device]
5592167620,48448,387125,,,,,,,,,,35.810,739116.749,Device,,NVIDIA A100-SXM4-40GB MIG 4g.20gb (0),1,,13,[CUDA memset]
5592221316,7424,387127,,,,,,,,,,0.000,10.776,Pinned,Device,NVIDIA A100-SXM4-40GB MIG 4g.20gb (0),1,,13,[CUDA memcpy Host-to-Device]
5592237252,16479,387128,,,,,,,,,,0.197,11930.763,Pinned,Device,NVIDIA A100-SXM4-40GB MIG 4g.20gb (0),1,,13,[CUDA memcpy Host-to-Device]
5592263139,9824,387129,273,1,1,48,1,1,40,0.000,0.001,,,,,NVIDIA A100-SXM4-40GB MIG 4g.20gb (0),1,,13,"void pusch_noise_intf_est::noiseIntfEstNoDftSOfdmKernel<float, __half, float, float, (unsigned int)2, (unsigned int)1, (unsigned char)4, (unsigned char)4>(pusch_noise_intf_est::puschRxNoiseIntfEstDynDescr)"
5592275747,3040,387140,35,1,1,128,1,1,16,0.000,0.000,,,,,NVIDIA A100-SXM4-40GB MIG 4g.20gb (0),1,,13,cupy_copy__complex64_complex64
5592284483,1792,387149,1,1,1,1,1,1,18,0.000,0.000,,,,,NVIDIA A100-SXM4-40GB MIG 4g.20gb (0),1,,13,cupy_copy__float32_float32
5592307299,6400,387155,,,,,,,,,,0.000,0.625,Device,Pageable,NVIDIA A100-SXM4-40GB MIG 4g.20gb (0),1,,7,[CUDA memcpy Device-to-Host]
5592388226,13216,387166,1434,1,1,128,1,1,16,0.000,0.000,,,,,NVIDIA A100-SXM4-40GB MIG 4g.20gb (0),1,,13,cupy_copy__complex64_complex64
5592404610,2784,387173,103,1,1,128,1,1,16,0.000,0.000,,,,,NVIDIA A100-SXM4-40GB MIG 4g.20gb (0),1,,13,cupy_copy__complex64_complex64
5592431553,2272,387180,35,1,1,128,1,1,16,0.000,0.000,,,,,NVIDIA A100-SXM4-40GB MIG 4g.20gb (0),1,,13,cupy_copy__complex64_complex64
5592452641,1920,387187,1,1,1,1,1,1,18,0.000,0.000,,,,,NVIDIA A100-SXM4-40GB MIG 4g.20gb (0),1,,13,cupy_copy__float32_float32
5592578559,88223,387198,1,1,1,32,32,1,30,0.000,0.000,,,,,NVIDIA A100-SXM4-40GB MIG 4g.20gb (0),1,,13,"void convert_kernel<__half2, float2>(tensor_layout_any, T1 *, tensor_layout_any, const T2 *)"
5592694398,5728,387201,,,,,,,,,,0.094,16357.541,Pinned,Device,NVIDIA A100-SXM4-40GB MIG 4g.20gb (0),1,,13,[CUDA memcpy Host-to-Device]
5592709022,3392,387202,,,,,,,,,,1.547,455961.768,Device,,NVIDIA A100-SXM4-40GB MIG 4g.20gb (0),1,,13,[CUDA memset]
5592716062,3264,387207,,,,,,,,,,0.031,9588.218,Pinned,Device,NVIDIA A100-SXM4-40GB MIG 4g.20gb (0),1,,13,[CUDA memcpy Host-to-Device]
5592722142,10144,387208,,,,,,,,,,0.197,19381.617,Pinned,Device,NVIDIA A100-SXM4-40GB MIG 4g.20gb (0),1,,13,[CUDA memcpy Host-to-Device]
5592735901,6432,387209,273,1,1,8,4,1,39,0.002,0.000,,,,,NVIDIA A100-SXM4-40GB MIG 4g.20gb (0),1,,13,"void channel_eq::eqMmseCoefCompLowMimoKernel<float, float, float, (unsigned int)4, (unsigned int)1, (unsigned int)4>(const channel_eq::_puschRxChEqStatDescr *, channel_eq::_puschRxChEqCoefCompDynDescr)"
5592743389,6048,387210,273,1,1,12,11,1,51,0.002,0.000,,,,,NVIDIA A100-SXM4-40GB MIG 4g.20gb (0),1,,13,"void channel_eq::eqMmseSoftDemapKernel<float, __half, __half, float, (unsigned int)4, (unsigned short)16383>(channel_eq::_puschRxChEqStatDescr *, channel_eq::_puschRxChEqSoftDemapDynDescr)"
5592750429,283133,387211,1,1,1,32,32,1,30,0.000,0.000,,,,,NVIDIA A100-SXM4-40GB MIG 4g.20gb (0),1,,13,"void convert_kernel<float2, __half2>(tensor_layout_any, T1 *, tensor_layout_any, const T2 *)"
5593038362,10912,387223,2253,1,1,128,1,1,16,0.000,0.000,,,,,NVIDIA A100-SXM4-40GB MIG 4g.20gb (0),1,,13,cupy_copy__float16_float16
5593054138,2816,387232,282,1,1,128,1,1,16,0.000,0.000,,,,,NVIDIA A100-SXM4-40GB MIG 4g.20gb (0),1,,13,cupy_copy__complex64_complex64
5593059577,2272,387241,26,1,1,128,1,1,16,0.000,0.000,,,,,NVIDIA A100-SXM4-40GB MIG 4g.20gb (0),1,,13,cupy_copy__float32_float32
5593064089,3744,387250,103,1,1,128,1,1,16,0.000,0.000,,,,,NVIDIA A100-SXM4-40GB MIG 4g.20gb (0),1,,13,cupy_copy__complex64_complex64
5593070617,12128,387260,1434,1,1,128,1,1,16,0.000,0.000,,,,,NVIDIA A100-SXM4-40GB MIG 4g.20gb (0),1,,13,cupy_copy__complex64_complex64
5593086969,81183,387265,1,1,1,32,32,1,30,0.000,0.000,,,,,NVIDIA A100-SXM4-40GB MIG 4g.20gb (0),1,,13,"void convert_kernel<__half2, float2>(tensor_layout_any, T1 *, tensor_layout_any, const T2 *)"
5593195576,5504,387268,,,,,,,,,,0.094,17023.251,Pinned,Device,NVIDIA A100-SXM4-40GB MIG 4g.20gb (0),1,,13,[CUDA memcpy Host-to-Device]
5593205560,598808,387269,,,,,,,,,,456.561,762001.043,Device,,NVIDIA A100-SXM4-40GB MIG 4g.20gb (0),1,,13,[CUDA memset]
5593808368,153822,387274,,,,,,,,,,1.235,8028.371,Pinned,Device,NVIDIA A100-SXM4-40GB MIG 4g.20gb (0),1,,13,[CUDA memcpy Host-to-Device]
5593974094,38912,387275,,,,,,,,,,0.197,5052.629,Pinned,Device,NVIDIA A100-SXM4-40GB MIG 4g.20gb (0),1,,13,[CUDA memcpy Host-to-Device]
5594029038,8191,387276,69,4,1,48,1,1,76,0.002,0.000,,,,,NVIDIA A100-SXM4-40GB MIG 4g.20gb (0),1,,13,"void ch_est::windowedChEstPreNoDftSOfdmKernel<float, __half, float, (unsigned int)2, (unsigned int)1, (unsigned short)4>(ch_est::puschRxChEstStatDescr_t *, ch_est::puschRxChEstDynDescr_t *)"
5594046957,7040,387277,137,2,1,24,2,1,44,0.001,0.001,,,,,NVIDIA A100-SXM4-40GB MIG 4g.20gb (0),1,,13,"void ch_est::chEstFilterNoDftSOfdmDispatchKernel<float, __half, float, (unsigned int)2>(ch_est::puschRxChEstStatDescr_t *, ch_est::puschRxChEstDynDescr_t *)"
5594060397,4768,387278,137,2,1,24,2,1,44,0.001,0.001,,,,,NVIDIA A100-SXM4-40GB MIG 4g.20gb (0),1,,13,"void ch_est::chEstFilterNoDftSOfdmDispatchKernel<float, __half, float, (unsigned int)2>(ch_est::puschRxChEstStatDescr_t *, ch_est::puschRxChEstDynDescr_t *)"
5594075437,2688,387289,103,1,1,128,1,1,16,0.000,0.000,,,,,NVIDIA A100-SXM4-40GB MIG 4g.20gb (0),1,,13,cupy_copy__complex64_complex64
5594087373,12352,387299,1434,1,1,128,1,1,16,0.000,0.000,,,,,NVIDIA A100-SXM4-40GB MIG 4g.20gb (0),1,,13,cupy_copy__complex64_complex64
5594109517,2464,387306,103,1,1,128,1,1,16,0.000,0.000,,,,,NVIDIA A100-SXM4-40GB MIG 4g.20gb (0),1,,13,cupy_copy__complex64_complex64
5594124940,82623,387313,1,1,1,32,32,1,30,0.000,0.000,,,,,NVIDIA A100-SXM4-40GB MIG 4g.20gb (0),1,,13,"void convert_kernel<__half2, float2>(tensor_layout_any, T1 *, tensor_layout_any, const T2 *)"
5594234763,6336,387316,,,,,,,,,,0.094,14787.852,Pinned,Device,NVIDIA A100-SXM4-40GB MIG 4g.20gb (0),1,,13,[CUDA memcpy Host-to-Device]
5594246507,46751,387317,,,,,,,,,,35.810,765938.379,Device,,NVIDIA A100-SXM4-40GB MIG 4g.20gb (0),1,,13,[CUDA memset]
5594301610,4000,387319,,,,,,,,,,0.000,20.000,Pinned,Device,NVIDIA A100-SXM4-40GB MIG 4g.20gb (0),1,,13,[CUDA memcpy Host-to-Device]
5594309546,10944,387320,,,,,,,,,,0.197,17964.859,Pinned,Device,NVIDIA A100-SXM4-40GB MIG 4g.20gb (0),1,,13,[CUDA memcpy Host-to-Device]
5594329194,10048,387321,273,1,1,48,1,1,40,0.000,0.001,,,,,NVIDIA A100-SXM4-40GB MIG 4g.20gb (0),1,,13,"void pusch_noise_intf_est::noiseIntfEstNoDftSOfdmKernel<float, __half, float, float, (unsigned int)2, (unsigned int)1, (unsigned char)4, (unsigned char)4>(pusch_noise_intf_est::puschRxNoiseIntfEstDynDescr)"
5594343370,2912,387332,35,1,1,128,1,1,16,0.000,0.000,,,,,NVIDIA A100-SXM4-40GB MIG 4g.20gb (0),1,,13,cupy_copy__complex64_complex64
5594353354,1792,387341,1,1,1,1,1,1,18,0.000,0.000,,,,,NVIDIA A100-SXM4-40GB MIG 4g.20gb (0),1,,13,cupy_copy__float32_float32
5594384585,1568,387347,,,,,,,,,,0.000,2.551,Device,Pageable,NVIDIA A100-SXM4-40GB MIG 4g.20gb (0),1,,7,[CUDA memcpy Device-to-Host]
5594444136,12960,387358,1434,1,1,128,1,1,16,0.000,0.000,,,,,NVIDIA A100-SXM4-40GB MIG 4g.20gb (0),1,,13,cupy_copy__complex64_complex64
5594472616,3392,387365,103,1,1,128,1,1,16,0.000,0.000,,,,,NVIDIA A100-SXM4-40GB MIG 4g.20gb (0),1,,13,cupy_copy__complex64_complex64
5594492040,2656,387372,35,1,1,128,1,1,16,0.000,0.000,,,,,NVIDIA A100-SXM4-40GB MIG 4g.20gb (0),1,,13,cupy_copy__complex64_complex64
5594512264,1760,387379,1,1,1,1,1,1,18,0.000,0.000,,,,,NVIDIA A100-SXM4-40GB MIG 4g.20gb (0),1,,13,cupy_copy__float32_float32
5594646886,82143,387390,1,1,1,32,32,1,30,0.000,0.000,,,,,NVIDIA A100-SXM4-40GB MIG 4g.20gb (0),1,,13,"void convert_kernel<__half2, float2>(tensor_layout_any, T1 *, tensor_layout_any, const T2 *)"
5594756293,5631,387393,,,,,,,,,,0.094,16639.285,Pinned,Device,NVIDIA A100-SXM4-40GB MIG 4g.20gb (0),1,,13,[CUDA memcpy Host-to-Device]
5594770468,3648,387394,,,,,,,,,,1.547,423963.664,Device,,NVIDIA A100-SXM4-40GB MIG 4g.20gb (0),1,,13,[CUDA memset]
5594777124,3168,387399,,,,,,,,,,0.031,9878.770,Pinned,Device,NVIDIA A100-SXM4-40GB MIG 4g.20gb (0),1,,13,[CUDA memcpy Host-to-Device]
5594783076,9504,387400,,,,,,,,,,0.197,20686.701,Pinned,Device,NVIDIA A100-SXM4-40GB MIG 4g.20gb (0),1,,13,[CUDA memcpy Host-to-Device]
5594796164,8192,387401,273,1,1,8,4,1,39,0.002,0.000,,,,,NVIDIA A100-SXM4-40GB MIG 4g.20gb (0),1,,13,"void channel_eq::eqMmseCoefCompLowMimoKernel<float, float, float, (unsigned int)4, (unsigned int)1, (unsigned int)4>(const channel_eq::_puschRxChEqStatDescr *, channel_eq::_puschRxChEqCoefCompDynDescr)"
5594805732,6112,387402,273,1,1,12,11,1,51,0.002,0.000,,,,,NVIDIA A100-SXM4-40GB MIG 4g.20gb (0),1,,13,"void channel_eq::eqMmseSoftDemapKernel<float, __half, __half, float, (unsigned int)4, (unsigned short)16383>(channel_eq::_puschRxChEqStatDescr *, channel_eq::_puschRxChEqSoftDemapDynDescr)"
5594814628,294172,387403,1,1,1,32,32,1,30,0.000,0.000,,,,,NVIDIA A100-SXM4-40GB MIG 4g.20gb (0),1,,13,"void convert_kernel<float2, __half2>(tensor_layout_any, T1 *, tensor_layout_any, const T2 *)"
5595111008,10624,387415,2253,1,1,128,1,1,16,0.000,0.000,,,,,NVIDIA A100-SXM4-40GB MIG 4g.20gb (0),1,,13,cupy_copy__float16_float16
5595123872,3680,387424,282,1,1,128,1,1,16,0.000,0.000,,,,,NVIDIA A100-SXM4-40GB MIG 4g.20gb (0),1,,13,cupy_copy__complex64_complex64
5595132448,2112,387433,26,1,1,128,1,1,16,0.000,0.000,,,,,NVIDIA A100-SXM4-40GB MIG 4g.20gb (0),1,,13,cupy_copy__float32_float32
5595137792,2976,387442,103,1,1,128,1,1,16,0.000,0.000,,,,,NVIDIA A100-SXM4-40GB MIG 4g.20gb (0),1,,13,cupy_copy__complex64_complex64
5595141856,12096,387452,1434,1,1,128,1,1,16,0.000,0.000,,,,,NVIDIA A100-SXM4-40GB MIG 4g.20gb (0),1,,13,cupy_copy__complex64_complex64
5595158656,85439,387457,1,1,1,32,32,1,30,0.000,0.000,,,,,NVIDIA A100-SXM4-40GB MIG 4g.20gb (0),1,,13,"void convert_kernel<__half2, float2>(tensor_layout_any, T1 *, tensor_layout_any, const T2 *)"
5595271230,5504,387460,,,,,,,,,,0.094,17023.251,Pinned,Device,NVIDIA A100-SXM4-40GB MIG 4g.20gb (0),1,,13,[CUDA memcpy Host-to-Device]
5595280158,594713,387461,,,,,,,,,,456.561,767479.781,Device,,NVIDIA A100-SXM4-40GB MIG 4g.20gb (0),1,,13,[CUDA memset]
5595882583,147902,387466,,,,,,,,,,1.235,8349.456,Pinned,Device,NVIDIA A100-SXM4-40GB MIG 4g.20gb (0),1,,13,[CUDA memcpy Host-to-Device]
5596042805,43999,387467,,,,,,,,,,0.197,4468.310,Pinned,Device,NVIDIA A100-SXM4-40GB MIG 4g.20gb (0),1,,13,[CUDA memcpy Host-to-Device]
5596107092,8352,387468,69,4,1,48,1,1,76,0.002,0.000,,,,,NVIDIA A100-SXM4-40GB MIG 4g.20gb (0),1,,13,"void ch_est::windowedChEstPreNoDftSOfdmKernel<float, __half, float, (unsigned int)2, (unsigned int)1, (unsigned short)4>(ch_est::puschRxChEstStatDescr_t *, ch_est::puschRxChEstDynDescr_t *)"
5596125940,6720,387469,137,2,1,24,2,1,44,0.001,0.001,,,,,NVIDIA A100-SXM4-40GB MIG 4g.20gb (0),1,,13,"void ch_est::chEstFilterNoDftSOfdmDispatchKernel<float, __half, float, (unsigned int)2>(ch_est::puschRxChEstStatDescr_t *, ch_est::puschRxChEstDynDescr_t *)"
5596142355,4736,387470,137,2,1,24,2,1,44,0.001,0.001,,,,,NVIDIA A100-SXM4-40GB MIG 4g.20gb (0),1,,13,"void ch_est::chEstFilterNoDftSOfdmDispatchKernel<float, __half, float, (unsigned int)2>(ch_est::puschRxChEstStatDescr_t *, ch_est::puschRxChEstDynDescr_t *)"
5596161107,2624,387481,103,1,1,128,1,1,16,0.000,0.000,,,,,NVIDIA A100-SXM4-40GB MIG 4g.20gb (0),1,,13,cupy_copy__complex64_complex64
5596177171,12320,387491,1434,1,1,128,1,1,16,0.000,0.000,,,,,NVIDIA A100-SXM4-40GB MIG 4g.20gb (0),1,,13,cupy_copy__complex64_complex64
5596204371,2880,387498,103,1,1,128,1,1,16,0.000,0.000,,,,,NVIDIA A100-SXM4-40GB MIG 4g.20gb (0),1,,13,cupy_copy__complex64_complex64
5596226066,89951,387505,1,1,1,32,32,1,30,0.000,0.000,,,,,NVIDIA A100-SXM4-40GB MIG 4g.20gb (0),1,,13,"void convert_kernel<__half2, float2>(tensor_layout_any, T1 *, tensor_layout_any, const T2 *)"
5596346577,27072,387508,,,,,,,,,,0.094,3460.943,Pinned,Device,NVIDIA A100-SXM4-40GB MIG 4g.20gb (0),1,,13,[CUDA memcpy Host-to-Device]
5596395664,46944,387509,,,,,,,,,,35.810,762787.106,Device,,NVIDIA A100-SXM4-40GB MIG 4g.20gb (0),1,,13,[CUDA memset]
5596453168,5216,387511,,,,,,,,,,0.000,15.337,Pinned,Device,NVIDIA A100-SXM4-40GB MIG 4g.20gb (0),1,,13,[CUDA memcpy Host-to-Device]
5596468943,20672,387512,,,,,,,,,,0.197,9510.715,Pinned,Device,NVIDIA A100-SXM4-40GB MIG 4g.20gb (0),1,,13,[CUDA memcpy Host-to-Device]
5596503919,10112,387513,273,1,1,48,1,1,40,0.000,0.001,,,,,NVIDIA A100-SXM4-40GB MIG 4g.20gb (0),1,,13,"void pusch_noise_intf_est::noiseIntfEstNoDftSOfdmKernel<float, __half, float, float, (unsigned int)2, (unsigned int)1, (unsigned char)4, (unsigned char)4>(pusch_noise_intf_est::puschRxNoiseIntfEstDynDescr)"
5596524655,3168,387524,35,1,1,128,1,1,16,0.000,0.000,,,,,NVIDIA A100-SXM4-40GB MIG 4g.20gb (0),1,,13,cupy_copy__complex64_complex64
5596536495,2016,387533,1,1,1,1,1,1,18,0.000,0.000,,,,,NVIDIA A100-SXM4-40GB MIG 4g.20gb (0),1,,13,cupy_copy__float32_float32
5596544463,3007,387539,,,,,,,,,,0.000,1.330,Device,Pageable,NVIDIA A100-SXM4-40GB MIG 4g.20gb (0),1,,7,[CUDA memcpy Device-to-Host]
5596611854,12960,387550,1434,1,1,128,1,1,16,0.000,0.000,,,,,NVIDIA A100-SXM4-40GB MIG 4g.20gb (0),1,,13,cupy_copy__complex64_complex64
5596636365,3072,387557,103,1,1,128,1,1,16,0.000,0.000,,,,,NVIDIA A100-SXM4-40GB MIG 4g.20gb (0),1,,13,cupy_copy__complex64_complex64
5596657517,2720,387564,35,1,1,128,1,1,16,0.000,0.000,,,,,NVIDIA A100-SXM4-40GB MIG 4g.20gb (0),1,,13,cupy_copy__complex64_complex64
5596680621,1856,387571,1,1,1,1,1,1,18,0.000,0.000,,,,,NVIDIA A100-SXM4-40GB MIG 4g.20gb (0),1,,13,cupy_copy__float32_float32
5596810507,81727,387582,1,1,1,32,32,1,30,0.000,0.000,,,,,NVIDIA A100-SXM4-40GB MIG 4g.20gb (0),1,,13,"void convert_kernel<__half2, float2>(tensor_layout_any, T1 *, tensor_layout_any, const T2 *)"
5596920810,5408,387585,,,,,,,,,,0.094,17325.421,Pinned,Device,NVIDIA A100-SXM4-40GB MIG 4g.20gb (0),1,,13,[CUDA memcpy Host-to-Device]
5596934986,3168,387586,,,,,,,,,,1.547,488201.145,Device,,NVIDIA A100-SXM4-40GB MIG 4g.20gb (0),1,,13,[CUDA memset]
5596941738,3648,387591,,,,,,,,,,0.031,8578.922,Pinned,Device,NVIDIA A100-SXM4-40GB MIG 4g.20gb (0),1,,13,[CUDA memcpy Host-to-Device]
5596947498,9695,387592,,,,,,,,,,0.197,20279.132,Pinned,Device,NVIDIA A100-SXM4-40GB MIG 4g.20gb (0),1,,13,[CUDA memcpy Host-to-Device]
5596963209,6432,387593,273,1,1,8,4,1,39,0.002,0.000,,,,,NVIDIA A100-SXM4-40GB MIG 4g.20gb (0),1,,13,"void channel_eq::eqMmseCoefCompLowMimoKernel<float, float, float, (unsigned int)4, (unsigned int)1, (unsigned int)4>(const channel_eq::_puschRxChEqStatDescr *, channel_eq::_puschRxChEqCoefCompDynDescr)"
5596970697,6304,387594,273,1,1,12,11,1,51,0.002,0.000,,,,,NVIDIA A100-SXM4-40GB MIG 4g.20gb (0),1,,13,"void channel_eq::eqMmseSoftDemapKernel<float, __half, __half, float, (unsigned int)4, (unsigned short)16383>(channel_eq::_puschRxChEqStatDescr *, channel_eq::_puschRxChEqSoftDemapDynDescr)"
5596978025,282557,387595,1,1,1,32,32,1,30,0.000,0.000,,,,,NVIDIA A100-SXM4-40GB MIG 4g.20gb (0),1,,13,"void convert_kernel<float2, __half2>(tensor_layout_any, T1 *, tensor_layout_any, const T2 *)"
5597261670,11040,387607,2253,1,1,128,1,1,16,0.000,0.000,,,,,NVIDIA A100-SXM4-40GB MIG 4g.20gb (0),1,,13,cupy_copy__float16_float16
5597275974,3231,387616,282,1,1,128,1,1,16,0.000,0.000,,,,,NVIDIA A100-SXM4-40GB MIG 4g.20gb (0),1,,13,cupy_copy__complex64_complex64
5597282149,2080,387625,26,1,1,128,1,1,16,0.000,0.000,,,,,NVIDIA A100-SXM4-40GB MIG 4g.20gb (0),1,,13,cupy_copy__float32_float32
5597285829,4640,387634,103,1,1,128,1,1,16,0.000,0.000,,,,,NVIDIA A100-SXM4-40GB MIG 4g.20gb (0),1,,13,cupy_copy__complex64_complex64
5597292805,12160,387644,1434,1,1,128,1,1,16,0.000,0.000,,,,,NVIDIA A100-SXM4-40GB MIG 4g.20gb (0),1,,13,cupy_copy__complex64_complex64
5597309349,82367,387649,1,1,1,32,32,1,30,0.000,0.000,,,,,NVIDIA A100-SXM4-40GB MIG 4g.20gb (0),1,,13,"void convert_kernel<__half2, float2>(tensor_layout_any, T1 *, tensor_layout_any, const T2 *)"
5597418820,5856,387652,,,,,,,,,,0.094,15999.997,Pinned,Device,NVIDIA A100-SXM4-40GB MIG 4g.20gb (0),1,,13,[CUDA memcpy Host-to-Device]
5597428772,597848,387653,,,,,,,,,,456.561,763370.728,Device,,NVIDIA A100-SXM4-40GB MIG 4g.20gb (0),1,,13,[CUDA memset]
5598035836,140862,387658,,,,,,,,,,1.235,8766.867,Pinned,Device,NVIDIA A100-SXM4-40GB MIG 4g.20gb (0),1,,13,[CUDA memcpy Host-to-Device]
5598189626,45632,387659,,,,,,,,,,0.197,4308.468,Pinned,Device,NVIDIA A100-SXM4-40GB MIG 4g.20gb (0),1,,13,[CUDA memcpy Host-to-Device]
5598262265,8128,387660,69,4,1,48,1,1,76,0.002,0.000,,,,,NVIDIA A100-SXM4-40GB MIG 4g.20gb (0),1,,13,"void ch_est::windowedChEstPreNoDftSOfdmKernel<float, __half, float, (unsigned int)2, (unsigned int)1, (unsigned short)4>(ch_est::puschRxChEstStatDescr_t *, ch_est::puschRxChEstDynDescr_t *)"
5598279545,7232,387661,137,2,1,24,2,1,44,0.001,0.001,,,,,NVIDIA A100-SXM4-40GB MIG 4g.20gb (0),1,,13,"void ch_est::chEstFilterNoDftSOfdmDispatchKernel<float, __half, float, (unsigned int)2>(ch_est::puschRxChEstStatDescr_t *, ch_est::puschRxChEstDynDescr_t *)"
5598296057,4736,387662,137,2,1,24,2,1,44,0.001,0.001,,,,,NVIDIA A100-SXM4-40GB MIG 4g.20gb (0),1,,13,"void ch_est::chEstFilterNoDftSOfdmDispatchKernel<float, __half, float, (unsigned int)2>(ch_est::puschRxChEstStatDescr_t *, ch_est::puschRxChEstDynDescr_t *)"
5598312377,2496,387673,103,1,1,128,1,1,16,0.000,0.000,,,,,NVIDIA A100-SXM4-40GB MIG 4g.20gb (0),1,,13,cupy_copy__complex64_complex64
5598331449,12735,387683,1434,1,1,128,1,1,16,0.000,0.000,,,,,NVIDIA A100-SXM4-40GB MIG 4g.20gb (0),1,,13,cupy_copy__complex64_complex64
5598350552,2880,387690,103,1,1,128,1,1,16,0.000,0.000,,,,,NVIDIA A100-SXM4-40GB MIG 4g.20gb (0),1,,13,cupy_copy__complex64_complex64
5598373528,94719,387697,1,1,1,32,32,1,30,0.000,0.000,,,,,NVIDIA A100-SXM4-40GB MIG 4g.20gb (0),1,,13,"void convert_kernel<__half2, float2>(tensor_layout_any, T1 *, tensor_layout_any, const T2 *)"
5598505558,23008,387700,,,,,,,,,,0.094,4072.309,Pinned,Device,NVIDIA A100-SXM4-40GB MIG 4g.20gb (0),1,,13,[CUDA memcpy Host-to-Device]
5598545686,47775,387701,,,,,,,,,,35.810,749537.436,Device,,NVIDIA A100-SXM4-40GB MIG 4g.20gb (0),1,,13,[CUDA memset]
5598598901,15552,387703,,,,,,,,,,0.000,5.144,Pinned,Device,NVIDIA A100-SXM4-40GB MIG 4g.20gb (0),1,,13,[CUDA memcpy Host-to-Device]
5598620789,25184,387704,,,,,,,,,,0.197,7806.714,Pinned,Device,NVIDIA A100-SXM4-40GB MIG 4g.20gb (0),1,,13,[CUDA memcpy Host-to-Device]
5598677492,9888,387705,273,1,1,48,1,1,40,0.000,0.001,,,,,NVIDIA A100-SXM4-40GB MIG 4g.20gb (0),1,,13,"void pusch_noise_intf_est::noiseIntfEstNoDftSOfdmKernel<float, __half, float, float, (unsigned int)2, (unsigned int)1, (unsigned char)4, (unsigned char)4>(pusch_noise_intf_est::puschRxNoiseIntfEstDynDescr)"
5598694580,2720,387716,35,1,1,128,1,1,16,0.000,0.000,,,,,NVIDIA A100-SXM4-40GB MIG 4g.20gb (0),1,,13,cupy_copy__complex64_complex64
5598711668,1664,387725,1,1,1,1,1,1,18,0.000,0.000,,,,,NVIDIA A100-SXM4-40GB MIG 4g.20gb (0),1,,13,cupy_copy__float32_float32
5598714292,8448,387731,,,,,,,,,,0.000,0.473,Device,Pageable,NVIDIA A100-SXM4-40GB MIG 4g.20gb (0),1,,7,[CUDA memcpy Device-to-Host]
5598804883,12928,387742,1434,1,1,128,1,1,16,0.000,0.000,,,,,NVIDIA A100-SXM4-40GB MIG 4g.20gb (0),1,,13,cupy_copy__complex64_complex64
5598831570,2720,387749,103,1,1,128,1,1,16,0.000,0.000,,,,,NVIDIA A100-SXM4-40GB MIG 4g.20gb (0),1,,13,cupy_copy__complex64_complex64
5598861650,2560,387756,35,1,1,128,1,1,16,0.000,0.000,,,,,NVIDIA A100-SXM4-40GB MIG 4g.20gb (0),1,,13,cupy_copy__complex64_complex64
5598891922,1792,387763,1,1,1,1,1,1,18,0.000,0.000,,,,,NVIDIA A100-SXM4-40GB MIG 4g.20gb (0),1,,13,cupy_copy__float32_float32
5599009200,87327,387774,1,1,1,32,32,1,30,0.000,0.000,,,,,NVIDIA A100-SXM4-40GB MIG 4g.20gb (0),1,,13,"void convert_kernel<__half2, float2>(tensor_layout_any, T1 *, tensor_layout_any, const T2 *)"
5599123887,5664,387777,,,,,,,,,,0.094,16542.310,Pinned,Device,NVIDIA A100-SXM4-40GB MIG 4g.20gb (0),1,,13,[CUDA memcpy Host-to-Device]
5599141071,3455,387778,,,,,,,,,,1.547,447647.117,Device,,NVIDIA A100-SXM4-40GB MIG 4g.20gb (0),1,,13,[CUDA memset]
5599145070,4000,387783,,,,,,,,,,0.031,7824.000,Pinned,Device,NVIDIA A100-SXM4-40GB MIG 4g.20gb (0),1,,13,[CUDA memcpy Host-to-Device]
5599151470,10304,387784,,,,,,,,,,0.197,19080.610,Pinned,Device,NVIDIA A100-SXM4-40GB MIG 4g.20gb (0),1,,13,[CUDA memcpy Host-to-Device]
5599166350,8480,387785,273,1,1,8,4,1,39,0.002,0.000,,,,,NVIDIA A100-SXM4-40GB MIG 4g.20gb (0),1,,13,"void channel_eq::eqMmseCoefCompLowMimoKernel<float, float, float, (unsigned int)4, (unsigned int)1, (unsigned int)4>(const channel_eq::_puschRxChEqStatDescr *, channel_eq::_puschRxChEqCoefCompDynDescr)"
5599179662,5600,387786,273,1,1,12,11,1,51,0.002,0.000,,,,,NVIDIA A100-SXM4-40GB MIG 4g.20gb (0),1,,13,"void channel_eq::eqMmseSoftDemapKernel<float, __half, __half, float, (unsigned int)4, (unsigned short)16383>(channel_eq::_puschRxChEqStatDescr *, channel_eq::_puschRxChEqSoftDemapDynDescr)"
5599187790,283420,387787,1,1,1,32,32,1,30,0.000,0.000,,,,,NVIDIA A100-SXM4-40GB MIG 4g.20gb (0),1,,13,"void convert_kernel<float2, __half2>(tensor_layout_any, T1 *, tensor_layout_any, const T2 *)"
5599472298,10976,387799,2253,1,1,128,1,1,16,0.000,0.000,,,,,NVIDIA A100-SXM4-40GB MIG 4g.20gb (0),1,,13,cupy_copy__float16_float16
5599485514,3840,387808,282,1,1,128,1,1,16,0.000,0.000,,,,,NVIDIA A100-SXM4-40GB MIG 4g.20gb (0),1,,13,cupy_copy__complex64_complex64
5599491338,2368,387817,26,1,1,128,1,1,16,0.000,0.000,,,,,NVIDIA A100-SXM4-40GB MIG 4g.20gb (0),1,,13,cupy_copy__float32_float32
5599498250,3104,387826,103,1,1,128,1,1,16,0.000,0.000,,,,,NVIDIA A100-SXM4-40GB MIG 4g.20gb (0),1,,13,cupy_copy__complex64_complex64
5599504906,12160,387836,1434,1,1,128,1,1,16,0.000,0.000,,,,,NVIDIA A100-SXM4-40GB MIG 4g.20gb (0),1,,13,cupy_copy__complex64_complex64
5599521290,85311,387841,1,1,1,32,32,1,30,0.000,0.000,,,,,NVIDIA A100-SXM4-40GB MIG 4g.20gb (0),1,,13,"void convert_kernel<__half2, float2>(tensor_layout_any, T1 *, tensor_layout_any, const T2 *)"
5599633768,5920,387844,,,,,,,,,,0.094,15826.941,Pinned,Device,NVIDIA A100-SXM4-40GB MIG 4g.20gb (0),1,,13,[CUDA memcpy Host-to-Device]
5599646696,600025,387845,,,,,,,,,,456.561,760631.359,Device,,NVIDIA A100-SXM4-40GB MIG 4g.20gb (0),1,,13,[CUDA memset]
5600257537,111678,387850,,,,,,,,,,1.235,11057.689,Pinned,Device,NVIDIA A100-SXM4-40GB MIG 4g.20gb (0),1,,13,[CUDA memcpy Host-to-Device]
5600377951,24160,387851,,,,,,,,,,0.197,8137.605,Pinned,Device,NVIDIA A100-SXM4-40GB MIG 4g.20gb (0),1,,13,[CUDA memcpy Host-to-Device]
5600413055,9216,387852,69,4,1,48,1,1,76,0.002,0.000,,,,,NVIDIA A100-SXM4-40GB MIG 4g.20gb (0),1,,13,"void ch_est::windowedChEstPreNoDftSOfdmKernel<float, __half, float, (unsigned int)2, (unsigned int)1, (unsigned short)4>(ch_est::puschRxChEstStatDescr_t *, ch_est::puschRxChEstDynDescr_t *)"
5600429407,7776,387853,137,2,1,24,2,1,44,0.001,0.001,,,,,NVIDIA A100-SXM4-40GB MIG 4g.20gb (0),1,,13,"void ch_est::chEstFilterNoDftSOfdmDispatchKernel<float, __half, float, (unsigned int)2>(ch_est::puschRxChEstStatDescr_t *, ch_est::puschRxChEstDynDescr_t *)"
5600444670,6240,387854,137,2,1,24,2,1,44,0.001,0.001,,,,,NVIDIA A100-SXM4-40GB MIG 4g.20gb (0),1,,13,"void ch_est::chEstFilterNoDftSOfdmDispatchKernel<float, __half, float, (unsigned int)2>(ch_est::puschRxChEstStatDescr_t *, ch_est::puschRxChEstDynDescr_t *)"
5600457822,3008,387865,103,1,1,128,1,1,16,0.000,0.000,,,,,NVIDIA A100-SXM4-40GB MIG 4g.20gb (0),1,,13,cupy_copy__complex64_complex64
5600464030,12832,387875,1434,1,1,128,1,1,16,0.000,0.000,,,,,NVIDIA A100-SXM4-40GB MIG 4g.20gb (0),1,,13,cupy_copy__complex64_complex64
5600480094,3040,387882,103,1,1,128,1,1,16,0.000,0.000,,,,,NVIDIA A100-SXM4-40GB MIG 4g.20gb (0),1,,13,cupy_copy__complex64_complex64
5600486014,83679,387889,1,1,1,32,32,1,30,0.000,0.000,,,,,NVIDIA A100-SXM4-40GB MIG 4g.20gb (0),1,,13,"void convert_kernel<__half2, float2>(tensor_layout_any, T1 *, tensor_layout_any, const T2 *)"
5600596637,5664,387892,,,,,,,,,,0.094,16542.310,Pinned,Device,NVIDIA A100-SXM4-40GB MIG 4g.20gb (0),1,,13,[CUDA memcpy Host-to-Device]
5600608828,47264,387893,,,,,,,,,,35.810,757630.477,Device,,NVIDIA A100-SXM4-40GB MIG 4g.20gb (0),1,,13,[CUDA memset]
5600662620,2144,387895,,,,,,,,,,0.000,37.313,Pinned,Device,NVIDIA A100-SXM4-40GB MIG 4g.20gb (0),1,,13,[CUDA memcpy Host-to-Device]
5600670108,11648,387896,,,,,,,,,,0.197,16878.993,Pinned,Device,NVIDIA A100-SXM4-40GB MIG 4g.20gb (0),1,,13,[CUDA memcpy Host-to-Device]
5600692955,9344,387897,273,1,1,48,1,1,40,0.000,0.001,,,,,NVIDIA A100-SXM4-40GB MIG 4g.20gb (0),1,,13,"void pusch_noise_intf_est::noiseIntfEstNoDftSOfdmKernel<float, __half, float, float, (unsigned int)2, (unsigned int)1, (unsigned char)4, (unsigned char)4>(pusch_noise_intf_est::puschRxNoiseIntfEstDynDescr)"
5600705627,3040,387908,35,1,1,128,1,1,16,0.000,0.000,,,,,NVIDIA A100-SXM4-40GB MIG 4g.20gb (0),1,,13,cupy_copy__complex64_complex64
5600718811,2080,387917,1,1,1,1,1,1,18,0.000,0.000,,,,,NVIDIA A100-SXM4-40GB MIG 4g.20gb (0),1,,13,cupy_copy__float32_float32
5600747739,1824,387923,,,,,,,,,,0.000,2.193,Device,Pageable,NVIDIA A100-SXM4-40GB MIG 4g.20gb (0),1,,7,[CUDA memcpy Device-to-Host]
5600810202,12960,387934,1434,1,1,128,1,1,16,0.000,0.000,,,,,NVIDIA A100-SXM4-40GB MIG 4g.20gb (0),1,,13,cupy_copy__complex64_complex64
5600839386,3424,387941,103,1,1,128,1,1,16,0.000,0.000,,,,,NVIDIA A100-SXM4-40GB MIG 4g.20gb (0),1,,13,cupy_copy__complex64_complex64
5600860217,2400,387948,35,1,1,128,1,1,16,0.000,0.000,,,,,NVIDIA A100-SXM4-40GB MIG 4g.20gb (0),1,,13,cupy_copy__complex64_complex64
5600878233,1856,387955,1,1,1,1,1,1,18,0.000,0.000,,,,,NVIDIA A100-SXM4-40GB MIG 4g.20gb (0),1,,13,cupy_copy__float32_float32
5601010648,81950,387966,1,1,1,32,32,1,30,0.000,0.000,,,,,NVIDIA A100-SXM4-40GB MIG 4g.20gb (0),1,,13,"void convert_kernel<__half2, float2>(tensor_layout_any, T1 *, tensor_layout_any, const T2 *)"
5601119606,5440,387969,,,,,,,,,,0.094,17223.480,Pinned,Device,NVIDIA A100-SXM4-40GB MIG 4g.20gb (0),1,,13,[CUDA memcpy Host-to-Device]
5601133686,3392,387970,,,,,,,,,,1.547,455961.768,Device,,NVIDIA A100-SXM4-40GB MIG 4g.20gb (0),1,,13,[CUDA memset]
5601141046,3840,387975,,,,,,,,,,0.031,8149.979,Pinned,Device,NVIDIA A100-SXM4-40GB MIG 4g.20gb (0),1,,13,[CUDA memcpy Host-to-Device]
5601147798,9792,387976,,,,,,,,,,0.197,20078.395,Pinned,Device,NVIDIA A100-SXM4-40GB MIG 4g.20gb (0),1,,13,[CUDA memcpy Host-to-Device]
5601163190,6048,387977,273,1,1,8,4,1,39,0.002,0.000,,,,,NVIDIA A100-SXM4-40GB MIG 4g.20gb (0),1,,13,"void channel_eq::eqMmseCoefCompLowMimoKernel<float, float, float, (unsigned int)4, (unsigned int)1, (unsigned int)4>(const channel_eq::_puschRxChEqStatDescr *, channel_eq::_puschRxChEqCoefCompDynDescr)"
5601170358,5823,387978,273,1,1,12,11,1,51,0.002,0.000,,,,,NVIDIA A100-SXM4-40GB MIG 4g.20gb (0),1,,13,"void channel_eq::eqMmseSoftDemapKernel<float, __half, __half, float, (unsigned int)4, (unsigned short)16383>(channel_eq::_puschRxChEqStatDescr *, channel_eq::_puschRxChEqSoftDemapDynDescr)"
5601177269,282237,387979,1,1,1,32,32,1,30,0.000,0.000,,,,,NVIDIA A100-SXM4-40GB MIG 4g.20gb (0),1,,13,"void convert_kernel<float2, __half2>(tensor_layout_any, T1 *, tensor_layout_any, const T2 *)"
5601460594,10592,387991,2253,1,1,128,1,1,16,0.000,0.000,,,,,NVIDIA A100-SXM4-40GB MIG 4g.20gb (0),1,,13,cupy_copy__float16_float16
5601474834,3520,388000,282,1,1,128,1,1,16,0.000,0.000,,,,,NVIDIA A100-SXM4-40GB MIG 4g.20gb (0),1,,13,cupy_copy__complex64_complex64
5601480178,2176,388009,26,1,1,128,1,1,16,0.000,0.000,,,,,NVIDIA A100-SXM4-40GB MIG 4g.20gb (0),1,,13,cupy_copy__float32_float32
5601483538,2784,388018,103,1,1,128,1,1,16,0.000,0.000,,,,,NVIDIA A100-SXM4-40GB MIG 4g.20gb (0),1,,13,cupy_copy__complex64_complex64
5601490290,11871,388028,1434,1,1,128,1,1,16,0.000,0.000,,,,,NVIDIA A100-SXM4-40GB MIG 4g.20gb (0),1,,13,cupy_copy__complex64_complex64
5601504625,87359,388033,1,1,1,32,32,1,30,0.000,0.000,,,,,NVIDIA A100-SXM4-40GB MIG 4g.20gb (0),1,,13,"void convert_kernel<__half2, float2>(tensor_layout_any, T1 *, tensor_layout_any, const T2 *)"
5601619248,5728,388036,,,,,,,,,,0.094,16357.541,Pinned,Device,NVIDIA A100-SXM4-40GB MIG 4g.20gb (0),1,,13,[CUDA memcpy Host-to-Device]
5601629392,601592,388037,,,,,,,,,,456.561,758805.113,Device,,NVIDIA A100-SXM4-40GB MIG 4g.20gb (0),1,,13,[CUDA memset]
5602235784,161470,388042,,,,,,,,,,1.235,7648.008,Pinned,Device,NVIDIA A100-SXM4-40GB MIG 4g.20gb (0),1,,13,[CUDA memcpy Host-to-Device]
5602410022,41120,388043,,,,,,,,,,0.197,4781.310,Pinned,Device,NVIDIA A100-SXM4-40GB MIG 4g.20gb (0),1,,13,[CUDA memcpy Host-to-Device]
5602480901,8096,388044,69,4,1,48,1,1,76,0.002,0.000,,,,,NVIDIA A100-SXM4-40GB MIG 4g.20gb (0),1,,13,"void ch_est::windowedChEstPreNoDftSOfdmKernel<float, __half, float, (unsigned int)2, (unsigned int)1, (unsigned short)4>(ch_est::puschRxChEstStatDescr_t *, ch_est::puschRxChEstDynDescr_t *)"
5602496261,6784,388045,137,2,1,24,2,1,44,0.001,0.001,,,,,NVIDIA A100-SXM4-40GB MIG 4g.20gb (0),1,,13,"void ch_est::chEstFilterNoDftSOfdmDispatchKernel<float, __half, float, (unsigned int)2>(ch_est::puschRxChEstStatDescr_t *, ch_est::puschRxChEstDynDescr_t *)"
5602514565,5376,388046,137,2,1,24,2,1,44,0.001,0.001,,,,,NVIDIA A100-SXM4-40GB MIG 4g.20gb (0),1,,13,"void ch_est::chEstFilterNoDftSOfdmDispatchKernel<float, __half, float, (unsigned int)2>(ch_est::puschRxChEstStatDescr_t *, ch_est::puschRxChEstDynDescr_t *)"
5602527429,2688,388057,103,1,1,128,1,1,16,0.000,0.000,,,,,NVIDIA A100-SXM4-40GB MIG 4g.20gb (0),1,,13,cupy_copy__complex64_complex64
5602542277,12543,388067,1434,1,1,128,1,1,16,0.000,0.000,,,,,NVIDIA A100-SXM4-40GB MIG 4g.20gb (0),1,,13,cupy_copy__complex64_complex64
5602567524,2496,388074,103,1,1,128,1,1,16,0.000,0.000,,,,,NVIDIA A100-SXM4-40GB MIG 4g.20gb (0),1,,13,cupy_copy__complex64_complex64
5602579908,82495,388081,1,1,1,32,32,1,30,0.000,0.000,,,,,NVIDIA A100-SXM4-40GB MIG 4g.20gb (0),1,,13,"void convert_kernel<__half2, float2>(tensor_layout_any, T1 *, tensor_layout_any, const T2 *)"
5602695043,14752,388084,,,,,,,,,,0.094,6351.371,Pinned,Device,NVIDIA A100-SXM4-40GB MIG 4g.20gb (0),1,,13,[CUDA memcpy Host-to-Device]
5602720546,47392,388085,,,,,,,,,,35.810,755589.312,Device,,NVIDIA A100-SXM4-40GB MIG 4g.20gb (0),1,,13,[CUDA memset]
5602773058,4800,388087,,,,,,,,,,0.000,16.667,Pinned,Device,NVIDIA A100-SXM4-40GB MIG 4g.20gb (0),1,,13,[CUDA memcpy Host-to-Device]
5602782658,13536,388088,,,,,,,,,,0.197,14524.809,Pinned,Device,NVIDIA A100-SXM4-40GB MIG 4g.20gb (0),1,,13,[CUDA memcpy Host-to-Device]
5602808065,10176,388089,273,1,1,48,1,1,40,0.000,0.001,,,,,NVIDIA A100-SXM4-40GB MIG 4g.20gb (0),1,,13,"void pusch_noise_intf_est::noiseIntfEstNoDftSOfdmKernel<float, __half, float, float, (unsigned int)2, (unsigned int)1, (unsigned char)4, (unsigned char)4>(pusch_noise_intf_est::puschRxNoiseIntfEstDynDescr)"
5602823393,2592,388100,35,1,1,128,1,1,16,0.000,0.000,,,,,NVIDIA A100-SXM4-40GB MIG 4g.20gb (0),1,,13,cupy_copy__complex64_complex64
5602830465,2048,388109,1,1,1,1,1,1,18,0.000,0.000,,,,,NVIDIA A100-SXM4-40GB MIG 4g.20gb (0),1,,13,cupy_copy__float32_float32
5602847745,1600,388115,,,,,,,,,,0.000,2.500,Device,Pageable,NVIDIA A100-SXM4-40GB MIG 4g.20gb (0),1,,7,[CUDA memcpy Device-to-Host]
5602914272,12832,388126,1434,1,1,128,1,1,16,0.000,0.000,,,,,NVIDIA A100-SXM4-40GB MIG 4g.20gb (0),1,,13,cupy_copy__complex64_complex64
5602940448,2752,388133,103,1,1,128,1,1,16,0.000,0.000,,,,,NVIDIA A100-SXM4-40GB MIG 4g.20gb (0),1,,13,cupy_copy__complex64_complex64
5602961183,2720,388140,35,1,1,128,1,1,16,0.000,0.000,,,,,NVIDIA A100-SXM4-40GB MIG 4g.20gb (0),1,,13,cupy_copy__complex64_complex64
5602978943,1760,388147,1,1,1,1,1,1,18,0.000,0.000,,,,,NVIDIA A100-SXM4-40GB MIG 4g.20gb (0),1,,13,cupy_copy__float32_float32
5603111006,82655,388158,1,1,1,32,32,1,30,0.000,0.000,,,,,NVIDIA A100-SXM4-40GB MIG 4g.20gb (0),1,,13,"void convert_kernel<__half2, float2>(tensor_layout_any, T1 *, tensor_layout_any, const T2 *)"
5603220668,5632,388161,,,,,,,,,,0.094,16636.287,Pinned,Device,NVIDIA A100-SXM4-40GB MIG 4g.20gb (0),1,,13,[CUDA memcpy Host-to-Device]
5603236252,3392,388162,,,,,,,,,,1.547,455961.768,Device,,NVIDIA A100-SXM4-40GB MIG 4g.20gb (0),1,,13,[CUDA memset]
5603241948,3360,388167,,,,,,,,,,0.031,9314.284,Pinned,Device,NVIDIA A100-SXM4-40GB MIG 4g.20gb (0),1,,13,[CUDA memcpy Host-to-Device]
5603247836,9696,388168,,,,,,,,,,0.197,20277.166,Pinned,Device,NVIDIA A100-SXM4-40GB MIG 4g.20gb (0),1,,13,[CUDA memcpy Host-to-Device]
5603261884,6400,388169,273,1,1,8,4,1,39,0.002,0.000,,,,,NVIDIA A100-SXM4-40GB MIG 4g.20gb (0),1,,13,"void channel_eq::eqMmseCoefCompLowMimoKernel<float, float, float, (unsigned int)4, (unsigned int)1, (unsigned int)4>(const channel_eq::_puschRxChEqStatDescr *, channel_eq::_puschRxChEqCoefCompDynDescr)"
5603269212,7520,388170,273,1,1,12,11,1,51,0.002,0.000,,,,,NVIDIA A100-SXM4-40GB MIG 4g.20gb (0),1,,13,"void channel_eq::eqMmseSoftDemapKernel<float, __half, __half, float, (unsigned int)4, (unsigned short)16383>(channel_eq::_puschRxChEqStatDescr *, channel_eq::_puschRxChEqSoftDemapDynDescr)"
5603279580,294556,388171,1,1,1,32,32,1,30,0.000,0.000,,,,,NVIDIA A100-SXM4-40GB MIG 4g.20gb (0),1,,13,"void convert_kernel<float2, __half2>(tensor_layout_any, T1 *, tensor_layout_any, const T2 *)"
5603577784,11072,388183,2253,1,1,128,1,1,16,0.000,0.000,,,,,NVIDIA A100-SXM4-40GB MIG 4g.20gb (0),1,,13,cupy_copy__float16_float16
5603592248,3904,388192,282,1,1,128,1,1,16,0.000,0.000,,,,,NVIDIA A100-SXM4-40GB MIG 4g.20gb (0),1,,13,cupy_copy__complex64_complex64
5603598680,2560,388201,26,1,1,128,1,1,16,0.000,0.000,,,,,NVIDIA A100-SXM4-40GB MIG 4g.20gb (0),1,,13,cupy_copy__float32_float32
5603603224,3008,388210,103,1,1,128,1,1,16,0.000,0.000,,,,,NVIDIA A100-SXM4-40GB MIG 4g.20gb (0),1,,13,cupy_copy__complex64_complex64
5603609655,12320,388220,1434,1,1,128,1,1,16,0.000,0.000,,,,,NVIDIA A100-SXM4-40GB MIG 4g.20gb (0),1,,13,cupy_copy__complex64_complex64
5603625175,86367,388225,1,1,1,32,32,1,30,0.000,0.000,,,,,NVIDIA A100-SXM4-40GB MIG 4g.20gb (0),1,,13,"void convert_kernel<__half2, float2>(tensor_layout_any, T1 *, tensor_layout_any, const T2 *)"
5603738838,5504,388228,,,,,,,,,,0.094,17023.251,Pinned,Device,NVIDIA A100-SXM4-40GB MIG 4g.20gb (0),1,,13,[CUDA memcpy Host-to-Device]
5603748278,596824,388229,,,,,,,,,,456.561,764740.412,Device,,NVIDIA A100-SXM4-40GB MIG 4g.20gb (0),1,,13,[CUDA memset]
5604347374,118751,388234,,,,,,,,,,1.235,10398.228,Pinned,Device,NVIDIA A100-SXM4-40GB MIG 4g.20gb (0),1,,13,[CUDA memcpy Host-to-Device]
5604479853,40063,388235,,,,,,,,,,0.197,4907.336,Pinned,Device,NVIDIA A100-SXM4-40GB MIG 4g.20gb (0),1,,13,[CUDA memcpy Host-to-Device]
5604541420,8320,388236,69,4,1,48,1,1,76,0.002,0.000,,,,,NVIDIA A100-SXM4-40GB MIG 4g.20gb (0),1,,13,"void ch_est::windowedChEstPreNoDftSOfdmKernel<float, __half, float, (unsigned int)2, (unsigned int)1, (unsigned short)4>(ch_est::puschRxChEstStatDescr_t *, ch_est::puschRxChEstDynDescr_t *)"
5604560652,6688,388237,137,2,1,24,2,1,44,0.001,0.001,,,,,NVIDIA A100-SXM4-40GB MIG 4g.20gb (0),1,,13,"void ch_est::chEstFilterNoDftSOfdmDispatchKernel<float, __half, float, (unsigned int)2>(ch_est::puschRxChEstStatDescr_t *, ch_est::puschRxChEstDynDescr_t *)"
5604577708,4767,388238,137,2,1,24,2,1,44,0.001,0.001,,,,,NVIDIA A100-SXM4-40GB MIG 4g.20gb (0),1,,13,"void ch_est::chEstFilterNoDftSOfdmDispatchKernel<float, __half, float, (unsigned int)2>(ch_est::puschRxChEstStatDescr_t *, ch_est::puschRxChEstDynDescr_t *)"
5604597131,2720,388249,103,1,1,128,1,1,16,0.000,0.000,,,,,NVIDIA A100-SXM4-40GB MIG 4g.20gb (0),1,,13,cupy_copy__complex64_complex64
5604613835,12352,388259,1434,1,1,128,1,1,16,0.000,0.000,,,,,NVIDIA A100-SXM4-40GB MIG 4g.20gb (0),1,,13,cupy_copy__complex64_complex64
5604636939,2560,388266,103,1,1,128,1,1,16,0.000,0.000,,,,,NVIDIA A100-SXM4-40GB MIG 4g.20gb (0),1,,13,cupy_copy__complex64_complex64
5604658891,92510,388273,1,1,1,32,32,1,30,0.000,0.000,,,,,NVIDIA A100-SXM4-40GB MIG 4g.20gb (0),1,,13,"void convert_kernel<__half2, float2>(tensor_layout_any, T1 *, tensor_layout_any, const T2 *)"
5604784329,25952,388276,,,,,,,,,,0.094,3610.294,Pinned,Device,NVIDIA A100-SXM4-40GB MIG 4g.20gb (0),1,,13,[CUDA memcpy Host-to-Device]
5604829768,47072,388277,,,,,,,,,,35.810,760745.940,Device,,NVIDIA A100-SXM4-40GB MIG 4g.20gb (0),1,,13,[CUDA memset]
5604879240,14080,388279,,,,,,,,,,0.000,5.682,Pinned,Device,NVIDIA A100-SXM4-40GB MIG 4g.20gb (0),1,,13,[CUDA memcpy Host-to-Device]
5604900488,27679,388280,,,,,,,,,,0.197,7103.054,Pinned,Device,NVIDIA A100-SXM4-40GB MIG 4g.20gb (0),1,,13,[CUDA memcpy Host-to-Device]
5604939655,10112,388281,273,1,1,48,1,1,40,0.000,0.001,,,,,NVIDIA A100-SXM4-40GB MIG 4g.20gb (0),1,,13,"void pusch_noise_intf_est::noiseIntfEstNoDftSOfdmKernel<float, __half, float, float, (unsigned int)2, (unsigned int)1, (unsigned char)4, (unsigned char)4>(pusch_noise_intf_est::puschRxNoiseIntfEstDynDescr)"
5604952807,3168,388292,35,1,1,128,1,1,16,0.000,0.000,,,,,NVIDIA A100-SXM4-40GB MIG 4g.20gb (0),1,,13,cupy_copy__complex64_complex64
5604962887,1920,388301,1,1,1,1,1,1,18,0.000,0.000,,,,,NVIDIA A100-SXM4-40GB MIG 4g.20gb (0),1,,13,cupy_copy__float32_float32
5604970855,6848,388307,,,,,,,,,,0.000,0.584,Device,Pageable,NVIDIA A100-SXM4-40GB MIG 4g.20gb (0),1,,7,[CUDA memcpy Device-to-Host]
5605053382,12736,388318,1434,1,1,128,1,1,16,0.000,0.000,,,,,NVIDIA A100-SXM4-40GB MIG 4g.20gb (0),1,,13,cupy_copy__complex64_complex64
5605083525,3520,388325,103,1,1,128,1,1,16,0.000,0.000,,,,,NVIDIA A100-SXM4-40GB MIG 4g.20gb (0),1,,13,cupy_copy__complex64_complex64
5605097285,2656,388332,35,1,1,128,1,1,16,0.000,0.000,,,,,NVIDIA A100-SXM4-40GB MIG 4g.20gb (0),1,,13,cupy_copy__complex64_complex64
5605117925,2016,388339,1,1,1,1,1,1,18,0.000,0.000,,,,,NVIDIA A100-SXM4-40GB MIG 4g.20gb (0),1,,13,cupy_copy__float32_float32
5605244739,81823,388350,1,1,1,32,32,1,30,0.000,0.000,,,,,NVIDIA A100-SXM4-40GB MIG 4g.20gb (0),1,,13,"void convert_kernel<__half2, float2>(tensor_layout_any, T1 *, tensor_layout_any, const T2 *)"
5605353890,5504,388353,,,,,,,,,,0.094,17023.251,Pinned,Device,NVIDIA A100-SXM4-40GB MIG 4g.20gb (0),1,,13,[CUDA memcpy Host-to-Device]
5605368770,3616,388354,,,,,,,,,,1.547,427715.774,Device,,NVIDIA A100-SXM4-40GB MIG 4g.20gb (0),1,,13,[CUDA memset]
5605375458,3040,388359,,,,,,,,,,0.031,10294.725,Pinned,Device,NVIDIA A100-SXM4-40GB MIG 4g.20gb (0),1,,13,[CUDA memcpy Host-to-Device]
5605380994,9760,388360,,,,,,,,,,0.197,20144.259,Pinned,Device,NVIDIA A100-SXM4-40GB MIG 4g.20gb (0),1,,13,[CUDA memcpy Host-to-Device]
5605394561,6272,388361,273,1,1,8,4,1,39,0.002,0.000,,,,,NVIDIA A100-SXM4-40GB MIG 4g.20gb (0),1,,13,"void channel_eq::eqMmseCoefCompLowMimoKernel<float, float, float, (unsigned int)4, (unsigned int)1, (unsigned int)4>(const channel_eq::_puschRxChEqStatDescr *, channel_eq::_puschRxChEqCoefCompDynDescr)"
5605403937,6112,388362,273,1,1,12,11,1,51,0.002,0.000,,,,,NVIDIA A100-SXM4-40GB MIG 4g.20gb (0),1,,13,"void channel_eq::eqMmseSoftDemapKernel<float, __half, __half, float, (unsigned int)4, (unsigned short)16383>(channel_eq::_puschRxChEqStatDescr *, channel_eq::_puschRxChEqSoftDemapDynDescr)"
5605412609,294397,388363,1,1,1,32,32,1,30,0.000,0.000,,,,,NVIDIA A100-SXM4-40GB MIG 4g.20gb (0),1,,13,"void convert_kernel<float2, __half2>(tensor_layout_any, T1 *, tensor_layout_any, const T2 *)"
5605708606,10911,388375,2253,1,1,128,1,1,16,0.000,0.000,,,,,NVIDIA A100-SXM4-40GB MIG 4g.20gb (0),1,,13,cupy_copy__float16_float16
5605721917,3136,388384,282,1,1,128,1,1,16,0.000,0.000,,,,,NVIDIA A100-SXM4-40GB MIG 4g.20gb (0),1,,13,cupy_copy__complex64_complex64
5605726109,2048,388393,26,1,1,128,1,1,16,0.000,0.000,,,,,NVIDIA A100-SXM4-40GB MIG 4g.20gb (0),1,,13,cupy_copy__float32_float32
5605729725,3200,388402,103,1,1,128,1,1,16,0.000,0.000,,,,,NVIDIA A100-SXM4-40GB MIG 4g.20gb (0),1,,13,cupy_copy__complex64_complex64
5605735485,12224,388412,1434,1,1,128,1,1,16,0.000,0.000,,,,,NVIDIA A100-SXM4-40GB MIG 4g.20gb (0),1,,13,cupy_copy__complex64_complex64
5605750429,83103,388417,1,1,1,32,32,1,30,0.000,0.000,,,,,NVIDIA A100-SXM4-40GB MIG 4g.20gb (0),1,,13,"void convert_kernel<__half2, float2>(tensor_layout_any, T1 *, tensor_layout_any, const T2 *)"
5605860508,5504,388420,,,,,,,,,,0.094,17023.251,Pinned,Device,NVIDIA A100-SXM4-40GB MIG 4g.20gb (0),1,,13,[CUDA memcpy Host-to-Device]
5605870556,598616,388421,,,,,,,,,,456.561,762457.605,Device,,NVIDIA A100-SXM4-40GB MIG 4g.20gb (0),1,,13,[CUDA memset]
5606469972,116799,388426,,,,,,,,,,1.235,10572.356,Pinned,Device,NVIDIA A100-SXM4-40GB MIG 4g.20gb (0),1,,13,[CUDA memcpy Host-to-Device]
5606594483,35775,388427,,,,,,,,,,0.197,5495.587,Pinned,Device,NVIDIA A100-SXM4-40GB MIG 4g.20gb (0),1,,13,[CUDA memcpy Host-to-Device]
5606646354,8160,388428,69,4,1,48,1,1,76,0.002,0.000,,,,,NVIDIA A100-SXM4-40GB MIG 4g.20gb (0),1,,13,"void ch_est::windowedChEstPreNoDftSOfdmKernel<float, __half, float, (unsigned int)2, (unsigned int)1, (unsigned short)4>(ch_est::puschRxChEstStatDescr_t *, ch_est::puschRxChEstDynDescr_t *)"
5606664562,7072,388429,137,2,1,24,2,1,44,0.001,0.001,,,,,NVIDIA A100-SXM4-40GB MIG 4g.20gb (0),1,,13,"void ch_est::chEstFilterNoDftSOfdmDispatchKernel<float, __half, float, (unsigned int)2>(ch_est::puschRxChEstStatDescr_t *, ch_est::puschRxChEstDynDescr_t *)"
5606680850,4864,388430,137,2,1,24,2,1,44,0.001,0.001,,,,,NVIDIA A100-SXM4-40GB MIG 4g.20gb (0),1,,13,"void ch_est::chEstFilterNoDftSOfdmDispatchKernel<float, __half, float, (unsigned int)2>(ch_est::puschRxChEstStatDescr_t *, ch_est::puschRxChEstDynDescr_t *)"
5606696241,2496,388441,103,1,1,128,1,1,16,0.000,0.000,,,,,NVIDIA A100-SXM4-40GB MIG 4g.20gb (0),1,,13,cupy_copy__complex64_complex64
5606710385,12832,388451,1434,1,1,128,1,1,16,0.000,0.000,,,,,NVIDIA A100-SXM4-40GB MIG 4g.20gb (0),1,,13,cupy_copy__complex64_complex64
5606729713,2688,388458,103,1,1,128,1,1,16,0.000,0.000,,,,,NVIDIA A100-SXM4-40GB MIG 4g.20gb (0),1,,13,cupy_copy__complex64_complex64
5606737681,87583,388465,1,1,1,32,32,1,30,0.000,0.000,,,,,NVIDIA A100-SXM4-40GB MIG 4g.20gb (0),1,,13,"void convert_kernel<__half2, float2>(tensor_layout_any, T1 *, tensor_layout_any, const T2 *)"
5606869423,18272,388468,,,,,,,,,,0.094,5127.795,Pinned,Device,NVIDIA A100-SXM4-40GB MIG 4g.20gb (0),1,,13,[CUDA memcpy Host-to-Device]
5606911247,47583,388469,,,,,,,,,,35.810,752545.469,Device,,NVIDIA A100-SXM4-40GB MIG 4g.20gb (0),1,,13,[CUDA memset]
5606961582,12928,388471,,,,,,,,,,0.000,6.188,Pinned,Device,NVIDIA A100-SXM4-40GB MIG 4g.20gb (0),1,,13,[CUDA memcpy Host-to-Device]
5606986734,29088,388472,,,,,,,,,,0.197,6758.990,Pinned,Device,NVIDIA A100-SXM4-40GB MIG 4g.20gb (0),1,,13,[CUDA memcpy Host-to-Device]
5607031181,9792,388473,273,1,1,48,1,1,40,0.000,0.001,,,,,NVIDIA A100-SXM4-40GB MIG 4g.20gb (0),1,,13,"void pusch_noise_intf_est::noiseIntfEstNoDftSOfdmKernel<float, __half, float, float, (unsigned int)2, (unsigned int)1, (unsigned char)4, (unsigned char)4>(pusch_noise_intf_est::puschRxNoiseIntfEstDynDescr)"
5607048685,2720,388484,35,1,1,128,1,1,16,0.000,0.000,,,,,NVIDIA A100-SXM4-40GB MIG 4g.20gb (0),1,,13,cupy_copy__complex64_complex64
5607064877,1728,388493,1,1,1,1,1,1,18,0.000,0.000,,,,,NVIDIA A100-SXM4-40GB MIG 4g.20gb (0),1,,13,cupy_copy__float32_float32
5607067405,8832,388499,,,,,,,,,,0.000,0.453,Device,Pageable,NVIDIA A100-SXM4-40GB MIG 4g.20gb (0),1,,7,[CUDA memcpy Device-to-Host]
5607158284,13088,388510,1434,1,1,128,1,1,16,0.000,0.000,,,,,NVIDIA A100-SXM4-40GB MIG 4g.20gb (0),1,,13,cupy_copy__complex64_complex64
5607184779,2752,388517,103,1,1,128,1,1,16,0.000,0.000,,,,,NVIDIA A100-SXM4-40GB MIG 4g.20gb (0),1,,13,cupy_copy__complex64_complex64
5607202859,2496,388524,35,1,1,128,1,1,16,0.000,0.000,,,,,NVIDIA A100-SXM4-40GB MIG 4g.20gb (0),1,,13,cupy_copy__complex64_complex64
5607234699,1792,388531,1,1,1,1,1,1,18,0.000,0.000,,,,,NVIDIA A100-SXM4-40GB MIG 4g.20gb (0),1,,13,cupy_copy__float32_float32
5607355305,87007,388542,1,1,1,32,32,1,30,0.000,0.000,,,,,NVIDIA A100-SXM4-40GB MIG 4g.20gb (0),1,,13,"void convert_kernel<__half2, float2>(tensor_layout_any, T1 *, tensor_layout_any, const T2 *)"
5607471336,14016,388545,,,,,,,,,,0.094,6684.929,Pinned,Device,NVIDIA A100-SXM4-40GB MIG 4g.20gb (0),1,,13,[CUDA memcpy Host-to-Device]
5607494184,3456,388546,,,,,,,,,,1.547,447517.201,Device,,NVIDIA A100-SXM4-40GB MIG 4g.20gb (0),1,,13,[CUDA memset]
5607501832,6687,388551,,,,,,,,,,0.031,4680.098,Pinned,Device,NVIDIA A100-SXM4-40GB MIG 4g.20gb (0),1,,13,[CUDA memcpy Host-to-Device]
5607511143,17504,388552,,,,,,,,,,0.197,11232.018,Pinned,Device,NVIDIA A100-SXM4-40GB MIG 4g.20gb (0),1,,13,[CUDA memcpy Host-to-Device]
5607543367,8192,388553,273,1,1,8,4,1,39,0.002,0.000,,,,,NVIDIA A100-SXM4-40GB MIG 4g.20gb (0),1,,13,"void channel_eq::eqMmseCoefCompLowMimoKernel<float, float, float, (unsigned int)4, (unsigned int)1, (unsigned int)4>(const channel_eq::_puschRxChEqStatDescr *, channel_eq::_puschRxChEqCoefCompDynDescr)"
5607558055,6784,388554,273,1,1,12,11,1,51,0.002,0.000,,,,,NVIDIA A100-SXM4-40GB MIG 4g.20gb (0),1,,13,"void channel_eq::eqMmseSoftDemapKernel<float, __half, __half, float, (unsigned int)4, (unsigned short)16383>(channel_eq::_puschRxChEqStatDescr *, channel_eq::_puschRxChEqSoftDemapDynDescr)"
5607573127,282940,388555,1,1,1,32,32,1,30,0.000,0.000,,,,,NVIDIA A100-SXM4-40GB MIG 4g.20gb (0),1,,13,"void convert_kernel<float2, __half2>(tensor_layout_any, T1 *, tensor_layout_any, const T2 *)"
5607857059,10976,388567,2253,1,1,128,1,1,16,0.000,0.000,,,,,NVIDIA A100-SXM4-40GB MIG 4g.20gb (0),1,,13,cupy_copy__float16_float16
5607870851,3616,388576,282,1,1,128,1,1,16,0.000,0.000,,,,,NVIDIA A100-SXM4-40GB MIG 4g.20gb (0),1,,13,cupy_copy__complex64_complex64
5607875459,2112,388585,26,1,1,128,1,1,16,0.000,0.000,,,,,NVIDIA A100-SXM4-40GB MIG 4g.20gb (0),1,,13,cupy_copy__float32_float32
5607882019,2816,388594,103,1,1,128,1,1,16,0.000,0.000,,,,,NVIDIA A100-SXM4-40GB MIG 4g.20gb (0),1,,13,cupy_copy__complex64_complex64
5607887043,12032,388604,1434,1,1,128,1,1,16,0.000,0.000,,,,,NVIDIA A100-SXM4-40GB MIG 4g.20gb (0),1,,13,cupy_copy__complex64_complex64
5607902915,87838,388609,1,1,1,32,32,1,30,0.000,0.000,,,,,NVIDIA A100-SXM4-40GB MIG 4g.20gb (0),1,,13,"void convert_kernel<__half2, float2>(tensor_layout_any, T1 *, tensor_layout_any, const T2 *)"
5608017857,5408,388612,,,,,,,,,,0.094,17325.421,Pinned,Device,NVIDIA A100-SXM4-40GB MIG 4g.20gb (0),1,,13,[CUDA memcpy Host-to-Device]
5608028257,597817,388613,,,,,,,,,,456.561,763370.728,Device,,NVIDIA A100-SXM4-40GB MIG 4g.20gb (0),1,,13,[CUDA memset]
5608635034,133694,388618,,,,,,,,,,1.235,9236.146,Pinned,Device,NVIDIA A100-SXM4-40GB MIG 4g.20gb (0),1,,13,[CUDA memcpy Host-to-Device]
5608781624,23615,388619,,,,,,,,,,0.197,8325.366,Pinned,Device,NVIDIA A100-SXM4-40GB MIG 4g.20gb (0),1,,13,[CUDA memcpy Host-to-Device]
5608818071,7776,388620,69,4,1,48,1,1,76,0.002,0.000,,,,,NVIDIA A100-SXM4-40GB MIG 4g.20gb (0),1,,13,"void ch_est::windowedChEstPreNoDftSOfdmKernel<float, __half, float, (unsigned int)2, (unsigned int)1, (unsigned short)4>(ch_est::puschRxChEstStatDescr_t *, ch_est::puschRxChEstDynDescr_t *)"
5608829815,6208,388621,137,2,1,24,2,1,44,0.001,0.001,,,,,NVIDIA A100-SXM4-40GB MIG 4g.20gb (0),1,,13,"void ch_est::chEstFilterNoDftSOfdmDispatchKernel<float, __half, float, (unsigned int)2>(ch_est::puschRxChEstStatDescr_t *, ch_est::puschRxChEstDynDescr_t *)"
5608837847,4704,388622,137,2,1,24,2,1,44,0.001,0.001,,,,,NVIDIA A100-SXM4-40GB MIG 4g.20gb (0),1,,13,"void ch_est::chEstFilterNoDftSOfdmDispatchKernel<float, __half, float, (unsigned int)2>(ch_est::puschRxChEstStatDescr_t *, ch_est::puschRxChEstDynDescr_t *)"
5608846071,2944,388633,103,1,1,128,1,1,16,0.000,0.000,,,,,NVIDIA A100-SXM4-40GB MIG 4g.20gb (0),1,,13,cupy_copy__complex64_complex64
5608854423,12768,388643,1434,1,1,128,1,1,16,0.000,0.000,,,,,NVIDIA A100-SXM4-40GB MIG 4g.20gb (0),1,,13,cupy_copy__complex64_complex64
5608876247,2528,388650,103,1,1,128,1,1,16,0.000,0.000,,,,,NVIDIA A100-SXM4-40GB MIG 4g.20gb (0),1,,13,cupy_copy__complex64_complex64
5608886902,82559,388657,1,1,1,32,32,1,30,0.000,0.000,,,,,NVIDIA A100-SXM4-40GB MIG 4g.20gb (0),1,,13,"void convert_kernel<__half2, float2>(tensor_layout_any, T1 *, tensor_layout_any, const T2 *)"
5608996309,13600,388660,,,,,,,,,,0.094,6889.373,Pinned,Device,NVIDIA A100-SXM4-40GB MIG 4g.20gb (0),1,,13,[CUDA memcpy Host-to-Device]
5609024181,48063,388661,,,,,,,,,,35.810,745061.196,Device,,NVIDIA A100-SXM4-40GB MIG 4g.20gb (0),1,,13,[CUDA memset]
5609079796,2048,388663,,,,,,,,,,0.000,39.062,Pinned,Device,NVIDIA A100-SXM4-40GB MIG 4g.20gb (0),1,,13,[CUDA memcpy Host-to-Device]
5609091348,14592,388664,,,,,,,,,,0.197,13473.546,Pinned,Device,NVIDIA A100-SXM4-40GB MIG 4g.20gb (0),1,,13,[CUDA memcpy Host-to-Device]
5609119860,9791,388665,273,1,1,48,1,1,40,0.000,0.001,,,,,NVIDIA A100-SXM4-40GB MIG 4g.20gb (0),1,,13,"void pusch_noise_intf_est::noiseIntfEstNoDftSOfdmKernel<float, __half, float, float, (unsigned int)2, (unsigned int)1, (unsigned char)4, (unsigned char)4>(pusch_noise_intf_est::puschRxNoiseIntfEstDynDescr)"
5609139923,2912,388676,35,1,1,128,1,1,16,0.000,0.000,,,,,NVIDIA A100-SXM4-40GB MIG 4g.20gb (0),1,,13,cupy_copy__complex64_complex64
5609147923,1888,388685,1,1,1,1,1,1,18,0.000,0.000,,,,,NVIDIA A100-SXM4-40GB MIG 4g.20gb (0),1,,13,cupy_copy__float32_float32
5609152211,5024,388691,,,,,,,,,,0.000,0.796,Device,Pageable,NVIDIA A100-SXM4-40GB MIG 4g.20gb (0),1,,7,[CUDA memcpy Device-to-Host]
5609219826,12704,388702,1434,1,1,128,1,1,16,0.000,0.000,,,,,NVIDIA A100-SXM4-40GB MIG 4g.20gb (0),1,,13,cupy_copy__complex64_complex64
5609248434,2784,388709,103,1,1,128,1,1,16,0.000,0.000,,,,,NVIDIA A100-SXM4-40GB MIG 4g.20gb (0),1,,13,cupy_copy__complex64_complex64
5609267730,2720,388716,35,1,1,128,1,1,16,0.000,0.000,,,,,NVIDIA A100-SXM4-40GB MIG 4g.20gb (0),1,,13,cupy_copy__complex64_complex64
5609286546,1792,388723,1,1,1,1,1,1,18,0.000,0.000,,,,,NVIDIA A100-SXM4-40GB MIG 4g.20gb (0),1,,13,cupy_copy__float32_float32
5609417456,86175,388734,1,1,1,32,32,1,30,0.000,0.000,,,,,NVIDIA A100-SXM4-40GB MIG 4g.20gb (0),1,,13,"void convert_kernel<__half2, float2>(tensor_layout_any, T1 *, tensor_layout_any, const T2 *)"
5609530735,5919,388737,,,,,,,,,,0.094,15829.658,Pinned,Device,NVIDIA A100-SXM4-40GB MIG 4g.20gb (0),1,,13,[CUDA memcpy Host-to-Device]
5609545358,3456,388738,,,,,,,,,,1.547,447517.201,Device,,NVIDIA A100-SXM4-40GB MIG 4g.20gb (0),1,,13,[CUDA memset]
5609552174,3264,388743,,,,,,,,,,0.031,9588.218,Pinned,Device,NVIDIA A100-SXM4-40GB MIG 4g.20gb (0),1,,13,[CUDA memcpy Host-to-Device]
5609557998,9376,388744,,,,,,,,,,0.197,20969.226,Pinned,Device,NVIDIA A100-SXM4-40GB MIG 4g.20gb (0),1,,13,[CUDA memcpy Host-to-Device]
5609572718,8608,388745,273,1,1,8,4,1,39,0.002,0.000,,,,,NVIDIA A100-SXM4-40GB MIG 4g.20gb (0),1,,13,"void channel_eq::eqMmseCoefCompLowMimoKernel<float, float, float, (unsigned int)4, (unsigned int)1, (unsigned int)4>(const channel_eq::_puschRxChEqStatDescr *, channel_eq::_puschRxChEqCoefCompDynDescr)"
5609582862,6208,388746,273,1,1,12,11,1,51,0.002,0.000,,,,,NVIDIA A100-SXM4-40GB MIG 4g.20gb (0),1,,13,"void channel_eq::eqMmseSoftDemapKernel<float, __half, __half, float, (unsigned int)4, (unsigned short)16383>(channel_eq::_puschRxChEqStatDescr *, channel_eq::_puschRxChEqSoftDemapDynDescr)"
5609589998,282716,388747,1,1,1,32,32,1,30,0.000,0.000,,,,,NVIDIA A100-SXM4-40GB MIG 4g.20gb (0),1,,13,"void convert_kernel<float2, __half2>(tensor_layout_any, T1 *, tensor_layout_any, const T2 *)"
5609873834,11136,388759,2253,1,1,128,1,1,16,0.000,0.000,,,,,NVIDIA A100-SXM4-40GB MIG 4g.20gb (0),1,,13,cupy_copy__float16_float16
5609887434,3136,388768,282,1,1,128,1,1,16,0.000,0.000,,,,,NVIDIA A100-SXM4-40GB MIG 4g.20gb (0),1,,13,cupy_copy__complex64_complex64
5609893066,2400,388777,26,1,1,128,1,1,16,0.000,0.000,,,,,NVIDIA A100-SXM4-40GB MIG 4g.20gb (0),1,,13,cupy_copy__float32_float32
5609896810,5760,388786,103,1,1,128,1,1,16,0.000,0.000,,,,,NVIDIA A100-SXM4-40GB MIG 4g.20gb (0),1,,13,cupy_copy__complex64_complex64
5609903594,12288,388796,1434,1,1,128,1,1,16,0.000,0.000,,,,,NVIDIA A100-SXM4-40GB MIG 4g.20gb (0),1,,13,cupy_copy__complex64_complex64
5609920522,87359,388801,1,1,1,32,32,1,30,0.000,0.000,,,,,NVIDIA A100-SXM4-40GB MIG 4g.20gb (0),1,,13,"void convert_kernel<__half2, float2>(tensor_layout_any, T1 *, tensor_layout_any, const T2 *)"
5610034152,5440,388804,,,,,,,,,,0.094,17223.480,Pinned,Device,NVIDIA A100-SXM4-40GB MIG 4g.20gb (0),1,,13,[CUDA memcpy Host-to-Device]
5610045320,597785,388805,,,,,,,,,,456.561,763370.728,Device,,NVIDIA A100-SXM4-40GB MIG 4g.20gb (0),1,,13,[CUDA memset]
5610648865,169022,388810,,,,,,,,,,1.235,7305.929,Pinned,Device,NVIDIA A100-SXM4-40GB MIG 4g.20gb (0),1,,13,[CUDA memcpy Host-to-Device]
5610829311,42143,388811,,,,,,,,,,0.197,4665.115,Pinned,Device,NVIDIA A100-SXM4-40GB MIG 4g.20gb (0),1,,13,[CUDA memcpy Host-to-Device]
5610893086,8288,388812,69,4,1,48,1,1,76,0.002,0.000,,,,,NVIDIA A100-SXM4-40GB MIG 4g.20gb (0),1,,13,"void ch_est::windowedChEstPreNoDftSOfdmKernel<float, __half, float, (unsigned int)2, (unsigned int)1, (unsigned short)4>(ch_est::puschRxChEstStatDescr_t *, ch_est::puschRxChEstDynDescr_t *)"
5610912893,6624,388813,137,2,1,24,2,1,44,0.001,0.001,,,,,NVIDIA A100-SXM4-40GB MIG 4g.20gb (0),1,,13,"void ch_est::chEstFilterNoDftSOfdmDispatchKernel<float, __half, float, (unsigned int)2>(ch_est::puschRxChEstStatDescr_t *, ch_est::puschRxChEstDynDescr_t *)"
5610929693,4768,388814,137,2,1,24,2,1,44,0.001,0.001,,,,,NVIDIA A100-SXM4-40GB MIG 4g.20gb (0),1,,13,"void ch_est::chEstFilterNoDftSOfdmDispatchKernel<float, __half, float, (unsigned int)2>(ch_est::puschRxChEstStatDescr_t *, ch_est::puschRxChEstDynDescr_t *)"
5610945693,2560,388825,103,1,1,128,1,1,16,0.000,0.000,,,,,NVIDIA A100-SXM4-40GB MIG 4g.20gb (0),1,,13,cupy_copy__complex64_complex64
5610958589,12448,388835,1434,1,1,128,1,1,16,0.000,0.000,,,,,NVIDIA A100-SXM4-40GB MIG 4g.20gb (0),1,,13,cupy_copy__complex64_complex64
5610991837,2495,388842,103,1,1,128,1,1,16,0.000,0.000,,,,,NVIDIA A100-SXM4-40GB MIG 4g.20gb (0),1,,13,cupy_copy__complex64_complex64
5611008252,81695,388849,1,1,1,32,32,1,30,0.000,0.000,,,,,NVIDIA A100-SXM4-40GB MIG 4g.20gb (0),1,,13,"void convert_kernel<__half2, float2>(tensor_layout_any, T1 *, tensor_layout_any, const T2 *)"
5611120507,14048,388852,,,,,,,,,,0.094,6669.656,Pinned,Device,NVIDIA A100-SXM4-40GB MIG 4g.20gb (0),1,,13,[CUDA memcpy Host-to-Device]
5611146171,48159,388853,,,,,,,,,,35.810,743557.179,Device,,NVIDIA A100-SXM4-40GB MIG 4g.20gb (0),1,,13,[CUDA memset]
5611198426,6048,388855,,,,,,,,,,0.000,13.227,Pinned,Device,NVIDIA A100-SXM4-40GB MIG 4g.20gb (0),1,,13,[CUDA memcpy Host-to-Device]
5611207322,18368,388856,,,,,,,,,,0.197,10703.733,Pinned,Device,NVIDIA A100-SXM4-40GB MIG 4g.20gb (0),1,,13,[CUDA memcpy Host-to-Device]
5611234810,12351,388857,273,1,1,48,1,1,40,0.000,0.001,,,,,NVIDIA A100-SXM4-40GB MIG 4g.20gb (0),1,,13,"void pusch_noise_intf_est::noiseIntfEstNoDftSOfdmKernel<float, __half, float, float, (unsigned int)2, (unsigned int)1, (unsigned char)4, (unsigned char)4>(pusch_noise_intf_est::puschRxNoiseIntfEstDynDescr)"
5611251225,3040,388868,35,1,1,128,1,1,16,0.000,0.000,,,,,NVIDIA A100-SXM4-40GB MIG 4g.20gb (0),1,,13,cupy_copy__complex64_complex64
5611261113,1984,388877,1,1,1,1,1,1,18,0.000,0.000,,,,,NVIDIA A100-SXM4-40GB MIG 4g.20gb (0),1,,13,cupy_copy__float32_float32
5611281081,1568,388883,,,,,,,,,,0.000,2.551,Device,Pageable,NVIDIA A100-SXM4-40GB MIG 4g.20gb (0),1,,7,[CUDA memcpy Device-to-Host]
5611353816,12992,388894,1434,1,1,128,1,1,16,0.000,0.000,,,,,NVIDIA A100-SXM4-40GB MIG 4g.20gb (0),1,,13,cupy_copy__complex64_complex64
5611386584,2784,388901,103,1,1,128,1,1,16,0.000,0.000,,,,,NVIDIA A100-SXM4-40GB MIG 4g.20gb (0),1,,13,cupy_copy__complex64_complex64
5611405047,2688,388908,35,1,1,128,1,1,16,0.000,0.000,,,,,NVIDIA A100-SXM4-40GB MIG 4g.20gb (0),1,,13,cupy_copy__complex64_complex64
5611421687,1984,388915,1,1,1,1,1,1,18,0.000,0.000,,,,,NVIDIA A100-SXM4-40GB MIG 4g.20gb (0),1,,13,cupy_copy__float32_float32
5611543158,82559,388926,1,1,1,32,32,1,30,0.000,0.000,,,,,NVIDIA A100-SXM4-40GB MIG 4g.20gb (0),1,,13,"void convert_kernel<__half2, float2>(tensor_layout_any, T1 *, tensor_layout_any, const T2 *)"
5611652852,5600,388929,,,,,,,,,,0.094,16731.388,Pinned,Device,NVIDIA A100-SXM4-40GB MIG 4g.20gb (0),1,,13,[CUDA memcpy Host-to-Device]
5611668020,3456,388930,,,,,,,,,,1.547,447517.201,Device,,NVIDIA A100-SXM4-40GB MIG 4g.20gb (0),1,,13,[CUDA memset]
5611673972,3008,388935,,,,,,,,,,0.031,10404.230,Pinned,Device,NVIDIA A100-SXM4-40GB MIG 4g.20gb (0),1,,13,[CUDA memcpy Host-to-Device]
5611679540,9760,388936,,,,,,,,,,0.197,20144.259,Pinned,Device,NVIDIA A100-SXM4-40GB MIG 4g.20gb (0),1,,13,[CUDA memcpy Host-to-Device]
5611695092,6272,388937,273,1,1,8,4,1,39,0.002,0.000,,,,,NVIDIA A100-SXM4-40GB MIG 4g.20gb (0),1,,13,"void channel_eq::eqMmseCoefCompLowMimoKernel<float, float, float, (unsigned int)4, (unsigned int)1, (unsigned int)4>(const channel_eq::_puschRxChEqStatDescr *, channel_eq::_puschRxChEqCoefCompDynDescr)"
5611702452,6176,388938,273,1,1,12,11,1,51,0.002,0.000,,,,,NVIDIA A100-SXM4-40GB MIG 4g.20gb (0),1,,13,"void channel_eq::eqMmseSoftDemapKernel<float, __half, __half, float, (unsigned int)4, (unsigned short)16383>(channel_eq::_puschRxChEqStatDescr *, channel_eq::_puschRxChEqSoftDemapDynDescr)"
5611709684,282588,388939,1,1,1,32,32,1,30,0.000,0.000,,,,,NVIDIA A100-SXM4-40GB MIG 4g.20gb (0),1,,13,"void convert_kernel<float2, __half2>(tensor_layout_any, T1 *, tensor_layout_any, const T2 *)"
5611994832,10880,388951,2253,1,1,128,1,1,16,0.000,0.000,,,,,NVIDIA A100-SXM4-40GB MIG 4g.20gb (0),1,,13,cupy_copy__float16_float16
5612009776,2784,388960,282,1,1,128,1,1,16,0.000,0.000,,,,,NVIDIA A100-SXM4-40GB MIG 4g.20gb (0),1,,13,cupy_copy__complex64_complex64
5612016496,2016,388969,26,1,1,128,1,1,16,0.000,0.000,,,,,NVIDIA A100-SXM4-40GB MIG 4g.20gb (0),1,,13,cupy_copy__float32_float32
5612021712,4576,388978,103,1,1,128,1,1,16,0.000,0.000,,,,,NVIDIA A100-SXM4-40GB MIG 4g.20gb (0),1,,13,cupy_copy__complex64_complex64
5612028976,12800,388988,1434,1,1,128,1,1,16,0.000,0.000,,,,,NVIDIA A100-SXM4-40GB MIG 4g.20gb (0),1,,13,cupy_copy__complex64_complex64
5612046800,82399,388993,1,1,1,32,32,1,30,0.000,0.000,,,,,NVIDIA A100-SXM4-40GB MIG 4g.20gb (0),1,,13,"void convert_kernel<__half2, float2>(tensor_layout_any, T1 *, tensor_layout_any, const T2 *)"
5612156270,5760,388996,,,,,,,,,,0.094,16266.656,Pinned,Device,NVIDIA A100-SXM4-40GB MIG 4g.20gb (0),1,,13,[CUDA memcpy Host-to-Device]
5612165966,603417,388997,,,,,,,,,,456.561,756522.306,Device,,NVIDIA A100-SXM4-40GB MIG 4g.20gb (0),1,,13,[CUDA memset]
5612773639,145886,389002,,,,,,,,,,1.235,8464.306,Pinned,Device,NVIDIA A100-SXM4-40GB MIG 4g.20gb (0),1,,13,[CUDA memcpy Host-to-Device]
5612927365,31711,389003,,,,,,,,,,0.197,6199.837,Pinned,Device,NVIDIA A100-SXM4-40GB MIG 4g.20gb (0),1,,13,[CUDA memcpy Host-to-Device]
5612976292,8352,389004,69,4,1,48,1,1,76,0.002,0.000,,,,,NVIDIA A100-SXM4-40GB MIG 4g.20gb (0),1,,13,"void ch_est::windowedChEstPreNoDftSOfdmKernel<float, __half, float, (unsigned int)2, (unsigned int)1, (unsigned short)4>(ch_est::puschRxChEstStatDescr_t *, ch_est::puschRxChEstDynDescr_t *)"
5612991492,6784,389005,137,2,1,24,2,1,44,0.001,0.001,,,,,NVIDIA A100-SXM4-40GB MIG 4g.20gb (0),1,,13,"void ch_est::chEstFilterNoDftSOfdmDispatchKernel<float, __half, float, (unsigned int)2>(ch_est::puschRxChEstStatDescr_t *, ch_est::puschRxChEstDynDescr_t *)"
5613004484,4736,389006,137,2,1,24,2,1,44,0.001,0.001,,,,,NVIDIA A100-SXM4-40GB MIG 4g.20gb (0),1,,13,"void ch_est::chEstFilterNoDftSOfdmDispatchKernel<float, __half, float, (unsigned int)2>(ch_est::puschRxChEstStatDescr_t *, ch_est::puschRxChEstDynDescr_t *)"
5613020516,2655,389017,103,1,1,128,1,1,16,0.000,0.000,,,,,NVIDIA A100-SXM4-40GB MIG 4g.20gb (0),1,,13,cupy_copy__complex64_complex64
5613034403,12448,389027,1434,1,1,128,1,1,16,0.000,0.000,,,,,NVIDIA A100-SXM4-40GB MIG 4g.20gb (0),1,,13,cupy_copy__complex64_complex64
5613069731,2592,389034,103,1,1,128,1,1,16,0.000,0.000,,,,,NVIDIA A100-SXM4-40GB MIG 4g.20gb (0),1,,13,cupy_copy__complex64_complex64
5613086051,86239,389041,1,1,1,32,32,1,30,0.000,0.000,,,,,NVIDIA A100-SXM4-40GB MIG 4g.20gb (0),1,,13,"void convert_kernel<__half2, float2>(tensor_layout_any, T1 *, tensor_layout_any, const T2 *)"
5613205729,24352,389044,,,,,,,,,,0.094,3847.533,Pinned,Device,NVIDIA A100-SXM4-40GB MIG 4g.20gb (0),1,,13,[CUDA memcpy Host-to-Device]
5613243361,46751,389045,,,,,,,,,,35.810,765938.379,Device,,NVIDIA A100-SXM4-40GB MIG 4g.20gb (0),1,,13,[CUDA memset]
5613302048,10848,389047,,,,,,,,,,0.000,7.375,Pinned,Device,NVIDIA A100-SXM4-40GB MIG 4g.20gb (0),1,,13,[CUDA memcpy Host-to-Device]
5613324480,23647,389048,,,,,,,,,,0.197,8314.159,Pinned,Device,NVIDIA A100-SXM4-40GB MIG 4g.20gb (0),1,,13,[CUDA memcpy Host-to-Device]
5613364383,9632,389049,273,1,1,48,1,1,40,0.000,0.001,,,,,NVIDIA A100-SXM4-40GB MIG 4g.20gb (0),1,,13,"void pusch_noise_intf_est::noiseIntfEstNoDftSOfdmKernel<float, __half, float, float, (unsigned int)2, (unsigned int)1, (unsigned char)4, (unsigned char)4>(pusch_noise_intf_est::puschRxNoiseIntfEstDynDescr)"
5613384415,3136,389060,35,1,1,128,1,1,16,0.000,0.000,,,,,NVIDIA A100-SXM4-40GB MIG 4g.20gb (0),1,,13,cupy_copy__complex64_complex64
5613399711,2048,389069,1,1,1,1,1,1,18,0.000,0.000,,,,,NVIDIA A100-SXM4-40GB MIG 4g.20gb (0),1,,13,cupy_copy__float32_float32
5613408511,5728,389075,,,,,,,,,,0.000,0.698,Device,Pageable,NVIDIA A100-SXM4-40GB MIG 4g.20gb (0),1,,7,[CUDA memcpy Device-to-Host]
5613485534,12768,389086,1434,1,1,128,1,1,16,0.000,0.000,,,,,NVIDIA A100-SXM4-40GB MIG 4g.20gb (0),1,,13,cupy_copy__complex64_complex64
5613514557,2944,389093,103,1,1,128,1,1,16,0.000,0.000,,,,,NVIDIA A100-SXM4-40GB MIG 4g.20gb (0),1,,13,cupy_copy__complex64_complex64
5613530237,2624,389100,35,1,1,128,1,1,16,0.000,0.000,,,,,NVIDIA A100-SXM4-40GB MIG 4g.20gb (0),1,,13,cupy_copy__complex64_complex64
5613552797,1984,389107,1,1,1,1,1,1,18,0.000,0.000,,,,,NVIDIA A100-SXM4-40GB MIG 4g.20gb (0),1,,13,cupy_copy__float32_float32
5613680539,93343,389118,1,1,1,32,32,1,30,0.000,0.000,,,,,NVIDIA A100-SXM4-40GB MIG 4g.20gb (0),1,,13,"void convert_kernel<__half2, float2>(tensor_layout_any, T1 *, tensor_layout_any, const T2 *)"
5613805082,12160,389121,,,,,,,,,,0.094,7705.184,Pinned,Device,NVIDIA A100-SXM4-40GB MIG 4g.20gb (0),1,,13,[CUDA memcpy Host-to-Device]
5613824890,3456,389122,,,,,,,,,,1.547,447517.201,Device,,NVIDIA A100-SXM4-40GB MIG 4g.20gb (0),1,,13,[CUDA memset]
5613832442,4991,389127,,,,,,,,,,0.031,6270.467,Pinned,Device,NVIDIA A100-SXM4-40GB MIG 4g.20gb (0),1,,13,[CUDA memcpy Host-to-Device]
5613840473,12544,389128,,,,,,,,,,0.197,15673.393,Pinned,Device,NVIDIA A100-SXM4-40GB MIG 4g.20gb (0),1,,13,[CUDA memcpy Host-to-Device]
5613864121,8384,389129,273,1,1,8,4,1,39,0.002,0.000,,,,,NVIDIA A100-SXM4-40GB MIG 4g.20gb (0),1,,13,"void channel_eq::eqMmseCoefCompLowMimoKernel<float, float, float, (unsigned int)4, (unsigned int)1, (unsigned int)4>(const channel_eq::_puschRxChEqStatDescr *, channel_eq::_puschRxChEqCoefCompDynDescr)"
5613876473,8160,389130,273,1,1,12,11,1,51,0.002,0.000,,,,,NVIDIA A100-SXM4-40GB MIG 4g.20gb (0),1,,13,"void channel_eq::eqMmseSoftDemapKernel<float, __half, __half, float, (unsigned int)4, (unsigned short)16383>(channel_eq::_puschRxChEqStatDescr *, channel_eq::_puschRxChEqSoftDemapDynDescr)"
5613887385,282748,389131,1,1,1,32,32,1,30,0.000,0.000,,,,,NVIDIA A100-SXM4-40GB MIG 4g.20gb (0),1,,13,"void convert_kernel<float2, __half2>(tensor_layout_any, T1 *, tensor_layout_any, const T2 *)"
5614171125,10912,389143,2253,1,1,128,1,1,16,0.000,0.000,,,,,NVIDIA A100-SXM4-40GB MIG 4g.20gb (0),1,,13,cupy_copy__float16_float16
5614185621,3808,389152,282,1,1,128,1,1,16,0.000,0.000,,,,,NVIDIA A100-SXM4-40GB MIG 4g.20gb (0),1,,13,cupy_copy__complex64_complex64
5614191605,2464,389161,26,1,1,128,1,1,16,0.000,0.000,,,,,NVIDIA A100-SXM4-40GB MIG 4g.20gb (0),1,,13,cupy_copy__float32_float32
5614195701,2816,389170,103,1,1,128,1,1,16,0.000,0.000,,,,,NVIDIA A100-SXM4-40GB MIG 4g.20gb (0),1,,13,cupy_copy__complex64_complex64
5614200021,12640,389180,1434,1,1,128,1,1,16,0.000,0.000,,,,,NVIDIA A100-SXM4-40GB MIG 4g.20gb (0),1,,13,cupy_copy__complex64_complex64
5614217109,90527,389185,1,1,1,32,32,1,30,0.000,0.000,,,,,NVIDIA A100-SXM4-40GB MIG 4g.20gb (0),1,,13,"void convert_kernel<__half2, float2>(tensor_layout_any, T1 *, tensor_layout_any, const T2 *)"
5614334419,5664,389188,,,,,,,,,,0.094,16542.310,Pinned,Device,NVIDIA A100-SXM4-40GB MIG 4g.20gb (0),1,,13,[CUDA memcpy Host-to-Device]
5614344531,601113,389189,,,,,,,,,,456.561,759261.675,Device,,NVIDIA A100-SXM4-40GB MIG 4g.20gb (0),1,,13,[CUDA memset]
5614950924,158782,389194,,,,,,,,,,1.235,7776.442,Pinned,Device,NVIDIA A100-SXM4-40GB MIG 4g.20gb (0),1,,13,[CUDA memcpy Host-to-Device]
5615126186,39519,389195,,,,,,,,,,0.197,4974.969,Pinned,Device,NVIDIA A100-SXM4-40GB MIG 4g.20gb (0),1,,13,[CUDA memcpy Host-to-Device]
5615195881,8064,389196,69,4,1,48,1,1,76,0.002,0.000,,,,,NVIDIA A100-SXM4-40GB MIG 4g.20gb (0),1,,13,"void ch_est::windowedChEstPreNoDftSOfdmKernel<float, __half, float, (unsigned int)2, (unsigned int)1, (unsigned short)4>(ch_est::puschRxChEstStatDescr_t *, ch_est::puschRxChEstDynDescr_t *)"
5615215080,6752,389197,137,2,1,24,2,1,44,0.001,0.001,,,,,NVIDIA A100-SXM4-40GB MIG 4g.20gb (0),1,,13,"void ch_est::chEstFilterNoDftSOfdmDispatchKernel<float, __half, float, (unsigned int)2>(ch_est::puschRxChEstStatDescr_t *, ch_est::puschRxChEstDynDescr_t *)"
5615231944,4768,389198,137,2,1,24,2,1,44,0.001,0.001,,,,,NVIDIA A100-SXM4-40GB MIG 4g.20gb (0),1,,13,"void ch_est::chEstFilterNoDftSOfdmDispatchKernel<float, __half, float, (unsigned int)2>(ch_est::puschRxChEstStatDescr_t *, ch_est::puschRxChEstDynDescr_t *)"
5615249288,2528,389209,103,1,1,128,1,1,16,0.000,0.000,,,,,NVIDIA A100-SXM4-40GB MIG 4g.20gb (0),1,,13,cupy_copy__complex64_complex64
5615267048,12288,389219,1434,1,1,128,1,1,16,0.000,0.000,,,,,NVIDIA A100-SXM4-40GB MIG 4g.20gb (0),1,,13,cupy_copy__complex64_complex64
5615286600,2912,389226,103,1,1,128,1,1,16,0.000,0.000,,,,,NVIDIA A100-SXM4-40GB MIG 4g.20gb (0),1,,13,cupy_copy__complex64_complex64
5615308519,93855,389233,1,1,1,32,32,1,30,0.000,0.000,,,,,NVIDIA A100-SXM4-40GB MIG 4g.20gb (0),1,,13,"void convert_kernel<__half2, float2>(tensor_layout_any, T1 *, tensor_layout_any, const T2 *)"
5615435622,17088,389236,,,,,,,,,,0.094,5483.090,Pinned,Device,NVIDIA A100-SXM4-40GB MIG 4g.20gb (0),1,,13,[CUDA memcpy Host-to-Device]
5615475461,46848,389237,,,,,,,,,,35.810,764362.742,Device,,NVIDIA A100-SXM4-40GB MIG 4g.20gb (0),1,,13,[CUDA memset]
5615529189,13631,389239,,,,,,,,,,0.000,5.869,Pinned,Device,NVIDIA A100-SXM4-40GB MIG 4g.20gb (0),1,,13,[CUDA memcpy Host-to-Device]
5615551076,19744,389240,,,,,,,,,,0.197,9957.802,Pinned,Device,NVIDIA A100-SXM4-40GB MIG 4g.20gb (0),1,,13,[CUDA memcpy Host-to-Device]
5615583620,11328,389241,273,1,1,48,1,1,40,0.000,0.001,,,,,NVIDIA A100-SXM4-40GB MIG 4g.20gb (0),1,,13,"void pusch_noise_intf_est::noiseIntfEstNoDftSOfdmKernel<float, __half, float, float, (unsigned int)2, (unsigned int)1, (unsigned char)4, (unsigned char)4>(pusch_noise_intf_est::puschRxNoiseIntfEstDynDescr)"
5615601796,2688,389252,35,1,1,128,1,1,16,0.000,0.000,,,,,NVIDIA A100-SXM4-40GB MIG 4g.20gb (0),1,,13,cupy_copy__complex64_complex64
5615617348,1728,389261,1,1,1,1,1,1,18,0.000,0.000,,,,,NVIDIA A100-SXM4-40GB MIG 4g.20gb (0),1,,13,cupy_copy__float32_float32
5615622051,6656,389267,,,,,,,,,,0.000,0.601,Device,Pageable,NVIDIA A100-SXM4-40GB MIG 4g.20gb (0),1,,7,[CUDA memcpy Device-to-Host]
5615699619,15039,389278,1434,1,1,128,1,1,16,0.000,0.000,,,,,NVIDIA A100-SXM4-40GB MIG 4g.20gb (0),1,,13,cupy_copy__complex64_complex64
5615732834,2848,389285,103,1,1,128,1,1,16,0.000,0.000,,,,,NVIDIA A100-SXM4-40GB MIG 4g.20gb (0),1,,13,cupy_copy__complex64_complex64
5615743906,2528,389292,35,1,1,128,1,1,16,0.000,0.000,,,,,NVIDIA A100-SXM4-40GB MIG 4g.20gb (0),1,,13,cupy_copy__complex64_complex64
5615767330,2016,389299,1,1,1,1,1,1,18,0.000,0.000,,,,,NVIDIA A100-SXM4-40GB MIG 4g.20gb (0),1,,13,cupy_copy__float32_float32
5615888896,87167,389310,1,1,1,32,32,1,30,0.000,0.000,,,,,NVIDIA A100-SXM4-40GB MIG 4g.20gb (0),1,,13,"void convert_kernel<__half2, float2>(tensor_layout_any, T1 *, tensor_layout_any, const T2 *)"
5616003519,5792,389313,,,,,,,,,,0.094,16176.708,Pinned,Device,NVIDIA A100-SXM4-40GB MIG 4g.20gb (0),1,,13,[CUDA memcpy Host-to-Device]
5616017631,3296,389314,,,,,,,,,,1.547,469242.628,Device,,NVIDIA A100-SXM4-40GB MIG 4g.20gb (0),1,,13,[CUDA memset]
5616024351,3231,389319,,,,,,,,,,0.031,9686.143,Pinned,Device,NVIDIA A100-SXM4-40GB MIG 4g.20gb (0),1,,13,[CUDA memcpy Host-to-Device]
5616030142,9888,389320,,,,,,,,,,0.197,19883.360,Pinned,Device,NVIDIA A100-SXM4-40GB MIG 4g.20gb (0),1,,13,[CUDA memcpy Host-to-Device]
5616043838,6432,389321,273,1,1,8,4,1,39,0.002,0.000,,,,,NVIDIA A100-SXM4-40GB MIG 4g.20gb (0),1,,13,"void channel_eq::eqMmseCoefCompLowMimoKernel<float, float, float, (unsigned int)4, (unsigned int)1, (unsigned int)4>(const channel_eq::_puschRxChEqStatDescr *, channel_eq::_puschRxChEqCoefCompDynDescr)"
5616051326,6336,389322,273,1,1,12,11,1,51,0.002,0.000,,,,,NVIDIA A100-SXM4-40GB MIG 4g.20gb (0),1,,13,"void channel_eq::eqMmseSoftDemapKernel<float, __half, __half, float, (unsigned int)4, (unsigned short)16383>(channel_eq::_puschRxChEqStatDescr *, channel_eq::_puschRxChEqSoftDemapDynDescr)"
5616058910,282557,389323,1,1,1,32,32,1,30,0.000,0.000,,,,,NVIDIA A100-SXM4-40GB MIG 4g.20gb (0),1,,13,"void convert_kernel<float2, __half2>(tensor_layout_any, T1 *, tensor_layout_any, const T2 *)"
5616342939,10975,389335,2253,1,1,128,1,1,16,0.000,0.000,,,,,NVIDIA A100-SXM4-40GB MIG 4g.20gb (0),1,,13,cupy_copy__float16_float16
5616355834,3552,389344,282,1,1,128,1,1,16,0.000,0.000,,,,,NVIDIA A100-SXM4-40GB MIG 4g.20gb (0),1,,13,cupy_copy__complex64_complex64
5616362426,2176,389353,26,1,1,128,1,1,16,0.000,0.000,,,,,NVIDIA A100-SXM4-40GB MIG 4g.20gb (0),1,,13,cupy_copy__float32_float32
5616365946,2912,389362,103,1,1,128,1,1,16,0.000,0.000,,,,,NVIDIA A100-SXM4-40GB MIG 4g.20gb (0),1,,13,cupy_copy__complex64_complex64
5616370042,12576,389372,1434,1,1,128,1,1,16,0.000,0.000,,,,,NVIDIA A100-SXM4-40GB MIG 4g.20gb (0),1,,13,cupy_copy__complex64_complex64
5616394522,82847,389377,1,1,1,32,32,1,30,0.000,0.000,,,,,NVIDIA A100-SXM4-40GB MIG 4g.20gb (0),1,,13,"void convert_kernel<__half2, float2>(tensor_layout_any, T1 *, tensor_layout_any, const T2 *)"
5616503641,5408,389380,,,,,,,,,,0.094,17325.421,Pinned,Device,NVIDIA A100-SXM4-40GB MIG 4g.20gb (0),1,,13,[CUDA memcpy Host-to-Device]
5616513880,599129,389381,,,,,,,,,,456.561,762001.043,Device,,NVIDIA A100-SXM4-40GB MIG 4g.20gb (0),1,,13,[CUDA memset]
5617121489,73151,389386,,,,,,,,,,1.235,16881.684,Pinned,Device,NVIDIA A100-SXM4-40GB MIG 4g.20gb (0),1,,13,[CUDA memcpy Host-to-Device]
5617201488,16672,389387,,,,,,,,,,0.197,11792.548,Pinned,Device,NVIDIA A100-SXM4-40GB MIG 4g.20gb (0),1,,13,[CUDA memcpy Host-to-Device]
5617227024,8416,389388,69,4,1,48,1,1,76,0.002,0.000,,,,,NVIDIA A100-SXM4-40GB MIG 4g.20gb (0),1,,13,"void ch_est::windowedChEstPreNoDftSOfdmKernel<float, __half, float, (unsigned int)2, (unsigned int)1, (unsigned short)4>(ch_est::puschRxChEstStatDescr_t *, ch_est::puschRxChEstDynDescr_t *)"
5617242672,6879,389389,137,2,1,24,2,1,44,0.001,0.001,,,,,NVIDIA A100-SXM4-40GB MIG 4g.20gb (0),1,,13,"void ch_est::chEstFilterNoDftSOfdmDispatchKernel<float, __half, float, (unsigned int)2>(ch_est::puschRxChEstStatDescr_t *, ch_est::puschRxChEstDynDescr_t *)"
5617251567,6368,389390,137,2,1,24,2,1,44,0.001,0.001,,,,,NVIDIA A100-SXM4-40GB MIG 4g.20gb (0),1,,13,"void ch_est::chEstFilterNoDftSOfdmDispatchKernel<float, __half, float, (unsigned int)2>(ch_est::puschRxChEstStatDescr_t *, ch_est::puschRxChEstDynDescr_t *)"
5617259631,2720,389401,103,1,1,128,1,1,16,0.000,0.000,,,,,NVIDIA A100-SXM4-40GB MIG 4g.20gb (0),1,,13,cupy_copy__complex64_complex64
5617267663,12736,389411,1434,1,1,128,1,1,16,0.000,0.000,,,,,NVIDIA A100-SXM4-40GB MIG 4g.20gb (0),1,,13,cupy_copy__complex64_complex64
5617286063,2560,389418,103,1,1,128,1,1,16,0.000,0.000,,,,,NVIDIA A100-SXM4-40GB MIG 4g.20gb (0),1,,13,cupy_copy__complex64_complex64
5617295215,88927,389425,1,1,1,32,32,1,30,0.000,0.000,,,,,NVIDIA A100-SXM4-40GB MIG 4g.20gb (0),1,,13,"void convert_kernel<__half2, float2>(tensor_layout_any, T1 *, tensor_layout_any, const T2 *)"
5617415309,9760,389428,,,,,,,,,,0.094,9599.998,Pinned,Device,NVIDIA A100-SXM4-40GB MIG 4g.20gb (0),1,,13,[CUDA memcpy Host-to-Device]
5617430605,47616,389429,,,,,,,,,,35.810,752044.130,Device,,NVIDIA A100-SXM4-40GB MIG 4g.20gb (0),1,,13,[CUDA memset]
5617486029,5151,389431,,,,,,,,,,0.000,15.531,Pinned,Device,NVIDIA A100-SXM4-40GB MIG 4g.20gb (0),1,,13,[CUDA memcpy Host-to-Device]
5617500044,15328,389432,,,,,,,,,,0.197,12826.706,Pinned,Device,NVIDIA A100-SXM4-40GB MIG 4g.20gb (0),1,,13,[CUDA memcpy Host-to-Device]
5617531148,8992,389433,273,1,1,48,1,1,40,0.000,0.001,,,,,NVIDIA A100-SXM4-40GB MIG 4g.20gb (0),1,,13,"void pusch_noise_intf_est::noiseIntfEstNoDftSOfdmKernel<float, __half, float, float, (unsigned int)2, (unsigned int)1, (unsigned char)4, (unsigned char)4>(pusch_noise_intf_est::puschRxNoiseIntfEstDynDescr)"
5617544780,2784,389444,35,1,1,128,1,1,16,0.000,0.000,,,,,NVIDIA A100-SXM4-40GB MIG 4g.20gb (0),1,,13,cupy_copy__complex64_complex64
5617554508,1760,389453,1,1,1,1,1,1,18,0.000,0.000,,,,,NVIDIA A100-SXM4-40GB MIG 4g.20gb (0),1,,13,cupy_copy__float32_float32
5617564652,6271,389459,,,,,,,,,,0.000,0.638,Device,Pageable,NVIDIA A100-SXM4-40GB MIG 4g.20gb (0),1,,7,[CUDA memcpy Device-to-Host]
5617643371,12927,389470,1434,1,1,128,1,1,16,0.000,0.000,,,,,NVIDIA A100-SXM4-40GB MIG 4g.20gb (0),1,,13,cupy_copy__complex64_complex64
5617675146,7168,389477,103,1,1,128,1,1,16,0.000,0.000,,,,,NVIDIA A100-SXM4-40GB MIG 4g.20gb (0),1,,13,cupy_copy__complex64_complex64
5617690122,2720,389484,35,1,1,128,1,1,16,0.000,0.000,,,,,NVIDIA A100-SXM4-40GB MIG 4g.20gb (0),1,,13,cupy_copy__complex64_complex64
5617712202,1952,389491,1,1,1,1,1,1,18,0.000,0.000,,,,,NVIDIA A100-SXM4-40GB MIG 4g.20gb (0),1,,13,cupy_copy__float32_float32
5617832520,88095,389502,1,1,1,32,32,1,30,0.000,0.000,,,,,NVIDIA A100-SXM4-40GB MIG 4g.20gb (0),1,,13,"void convert_kernel<__half2, float2>(tensor_layout_any, T1 *, tensor_layout_any, const T2 *)"
5617948327,5472,389505,,,,,,,,,,0.094,17122.757,Pinned,Device,NVIDIA A100-SXM4-40GB MIG 4g.20gb (0),1,,13,[CUDA memcpy Host-to-Device]
5617962887,3456,389506,,,,,,,,,,1.547,447517.201,Device,,NVIDIA A100-SXM4-40GB MIG 4g.20gb (0),1,,13,[CUDA memset]
5617969703,3839,389511,,,,,,,,,,0.031,8152.107,Pinned,Device,NVIDIA A100-SXM4-40GB MIG 4g.20gb (0),1,,13,[CUDA memcpy Host-to-Device]
5617975974,10656,389512,,,,,,,,,,0.197,18450.285,Pinned,Device,NVIDIA A100-SXM4-40GB MIG 4g.20gb (0),1,,13,[CUDA memcpy Host-to-Device]
5617991622,8352,389513,273,1,1,8,4,1,39,0.002,0.000,,,,,NVIDIA A100-SXM4-40GB MIG 4g.20gb (0),1,,13,"void channel_eq::eqMmseCoefCompLowMimoKernel<float, float, float, (unsigned int)4, (unsigned int)1, (unsigned int)4>(const channel_eq::_puschRxChEqStatDescr *, channel_eq::_puschRxChEqCoefCompDynDescr)"
5618001894,6624,389514,273,1,1,12,11,1,51,0.002,0.000,,,,,NVIDIA A100-SXM4-40GB MIG 4g.20gb (0),1,,13,"void channel_eq::eqMmseSoftDemapKernel<float, __half, __half, float, (unsigned int)4, (unsigned short)16383>(channel_eq::_puschRxChEqStatDescr *, channel_eq::_puschRxChEqSoftDemapDynDescr)"
5618010822,294556,389515,1,1,1,32,32,1,30,0.000,0.000,,,,,NVIDIA A100-SXM4-40GB MIG 4g.20gb (0),1,,13,"void convert_kernel<float2, __half2>(tensor_layout_any, T1 *, tensor_layout_any, const T2 *)"
5618306594,11008,389527,2253,1,1,128,1,1,16,0.000,0.000,,,,,NVIDIA A100-SXM4-40GB MIG 4g.20gb (0),1,,13,cupy_copy__float16_float16
5618320642,2848,389536,282,1,1,128,1,1,16,0.000,0.000,,,,,NVIDIA A100-SXM4-40GB MIG 4g.20gb (0),1,,13,cupy_copy__complex64_complex64
5618325666,2112,389545,26,1,1,128,1,1,16,0.000,0.000,,,,,NVIDIA A100-SXM4-40GB MIG 4g.20gb (0),1,,13,cupy_copy__float32_float32
5618329634,5344,389554,103,1,1,128,1,1,16,0.000,0.000,,,,,NVIDIA A100-SXM4-40GB MIG 4g.20gb (0),1,,13,cupy_copy__complex64_complex64
5618337026,12160,389564,1434,1,1,128,1,1,16,0.000,0.000,,,,,NVIDIA A100-SXM4-40GB MIG 4g.20gb (0),1,,13,cupy_copy__complex64_complex64
5618355138,86815,389569,1,1,1,32,32,1,30,0.000,0.000,,,,,NVIDIA A100-SXM4-40GB MIG 4g.20gb (0),1,,13,"void convert_kernel<__half2, float2>(tensor_layout_any, T1 *, tensor_layout_any, const T2 *)"
5618469120,5376,389572,,,,,,,,,,0.094,17428.487,Pinned,Device,NVIDIA A100-SXM4-40GB MIG 4g.20gb (0),1,,13,[CUDA memcpy Host-to-Device]
5618478976,597977,389573,,,,,,,,,,456.561,763370.728,Device,,NVIDIA A100-SXM4-40GB MIG 4g.20gb (0),1,,13,[CUDA memset]
5619085497,143390,389578,,,,,,,,,,1.235,8611.265,Pinned,Device,NVIDIA A100-SXM4-40GB MIG 4g.20gb (0),1,,13,[CUDA memcpy Host-to-Device]
5619237303,26144,389579,,,,,,,,,,0.197,7520.059,Pinned,Device,NVIDIA A100-SXM4-40GB MIG 4g.20gb (0),1,,13,[CUDA memcpy Host-to-Device]
5619280246,7968,389580,69,4,1,48,1,1,76,0.002,0.000,,,,,NVIDIA A100-SXM4-40GB MIG 4g.20gb (0),1,,13,"void ch_est::windowedChEstPreNoDftSOfdmKernel<float, __half, float, (unsigned int)2, (unsigned int)1, (unsigned short)4>(ch_est::puschRxChEstStatDescr_t *, ch_est::puschRxChEstDynDescr_t *)"
5619294486,6752,389581,137,2,1,24,2,1,44,0.001,0.001,,,,,NVIDIA A100-SXM4-40GB MIG 4g.20gb (0),1,,13,"void ch_est::chEstFilterNoDftSOfdmDispatchKernel<float, __half, float, (unsigned int)2>(ch_est::puschRxChEstStatDescr_t *, ch_est::puschRxChEstDynDescr_t *)"
5619306838,4864,389582,137,2,1,24,2,1,44,0.001,0.001,,,,,NVIDIA A100-SXM4-40GB MIG 4g.20gb (0),1,,13,"void ch_est::chEstFilterNoDftSOfdmDispatchKernel<float, __half, float, (unsigned int)2>(ch_est::puschRxChEstStatDescr_t *, ch_est::puschRxChEstDynDescr_t *)"
5619315766,2720,389593,103,1,1,128,1,1,16,0.000,0.000,,,,,NVIDIA A100-SXM4-40GB MIG 4g.20gb (0),1,,13,cupy_copy__complex64_complex64
5619326070,12704,389603,1434,1,1,128,1,1,16,0.000,0.000,,,,,NVIDIA A100-SXM4-40GB MIG 4g.20gb (0),1,,13,cupy_copy__complex64_complex64
5619340662,2496,389610,103,1,1,128,1,1,16,0.000,0.000,,,,,NVIDIA A100-SXM4-40GB MIG 4g.20gb (0),1,,13,cupy_copy__complex64_complex64
5619347638,88670,389617,1,1,1,32,32,1,30,0.000,0.000,,,,,NVIDIA A100-SXM4-40GB MIG 4g.20gb (0),1,,13,"void convert_kernel<__half2, float2>(tensor_layout_any, T1 *, tensor_layout_any, const T2 *)"
5619463828,5632,389620,,,,,,,,,,0.094,16636.287,Pinned,Device,NVIDIA A100-SXM4-40GB MIG 4g.20gb (0),1,,13,[CUDA memcpy Host-to-Device]
5619476404,47199,389621,,,,,,,,,,35.810,758668.965,Device,,NVIDIA A100-SXM4-40GB MIG 4g.20gb (0),1,,13,[CUDA memset]
5619529587,3456,389623,,,,,,,,,,0.000,23.148,Pinned,Device,NVIDIA A100-SXM4-40GB MIG 4g.20gb (0),1,,13,[CUDA memcpy Host-to-Device]
5619537811,11552,389624,,,,,,,,,,0.197,17019.372,Pinned,Device,NVIDIA A100-SXM4-40GB MIG 4g.20gb (0),1,,13,[CUDA memcpy Host-to-Device]
5619559731,12992,389625,273,1,1,48,1,1,40,0.000,0.001,,,,,NVIDIA A100-SXM4-40GB MIG 4g.20gb (0),1,,13,"void pusch_noise_intf_est::noiseIntfEstNoDftSOfdmKernel<float, __half, float, float, (unsigned int)2, (unsigned int)1, (unsigned char)4, (unsigned char)4>(pusch_noise_intf_est::puschRxNoiseIntfEstDynDescr)"
5619578195,2976,389636,35,1,1,128,1,1,16,0.000,0.000,,,,,NVIDIA A100-SXM4-40GB MIG 4g.20gb (0),1,,13,cupy_copy__complex64_complex64
5619587923,1888,389645,1,1,1,1,1,1,18,0.000,0.000,,,,,NVIDIA A100-SXM4-40GB MIG 4g.20gb (0),1,,13,cupy_copy__float32_float32
5619618002,1632,389651,,,,,,,,,,0.000,2.451,Device,Pageable,NVIDIA A100-SXM4-40GB MIG 4g.20gb (0),1,,7,[CUDA memcpy Device-to-Host]
5619677777,12672,389662,1434,1,1,128,1,1,16,0.000,0.000,,,,,NVIDIA A100-SXM4-40GB MIG 4g.20gb (0),1,,13,cupy_copy__complex64_complex64
5619705137,3584,389669,103,1,1,128,1,1,16,0.000,0.000,,,,,NVIDIA A100-SXM4-40GB MIG 4g.20gb (0),1,,13,cupy_copy__complex64_complex64
5619725809,2176,389676,35,1,1,128,1,1,16,0.000,0.000,,,,,NVIDIA A100-SXM4-40GB MIG 4g.20gb (0),1,,13,cupy_copy__complex64_complex64
5619746033,1760,389683,1,1,1,1,1,1,18,0.000,0.000,,,,,NVIDIA A100-SXM4-40GB MIG 4g.20gb (0),1,,13,cupy_copy__float32_float32
5619876079,81951,389694,1,1,1,32,32,1,30,0.000,0.000,,,,,NVIDIA A100-SXM4-40GB MIG 4g.20gb (0),1,,13,"void convert_kernel<__half2, float2>(tensor_layout_any, T1 *, tensor_layout_any, const T2 *)"
5619985934,5792,389697,,,,,,,,,,0.094,16176.708,Pinned,Device,NVIDIA A100-SXM4-40GB MIG 4g.20gb (0),1,,13,[CUDA memcpy Host-to-Device]
5620000558,3167,389698,,,,,,,,,,1.547,488355.808,Device,,NVIDIA A100-SXM4-40GB MIG 4g.20gb (0),1,,13,[CUDA memset]
5620007181,3360,389703,,,,,,,,,,0.031,9314.284,Pinned,Device,NVIDIA A100-SXM4-40GB MIG 4g.20gb (0),1,,13,[CUDA memcpy Host-to-Device]
5620012941,9632,389704,,,,,,,,,,0.197,20411.843,Pinned,Device,NVIDIA A100-SXM4-40GB MIG 4g.20gb (0),1,,13,[CUDA memcpy Host-to-Device]
5620029165,8608,389705,273,1,1,8,4,1,39,0.002,0.000,,,,,NVIDIA A100-SXM4-40GB MIG 4g.20gb (0),1,,13,"void channel_eq::eqMmseCoefCompLowMimoKernel<float, float, float, (unsigned int)4, (unsigned int)1, (unsigned int)4>(const channel_eq::_puschRxChEqStatDescr *, channel_eq::_puschRxChEqCoefCompDynDescr)"
5620040621,6208,389706,273,1,1,12,11,1,51,0.002,0.000,,,,,NVIDIA A100-SXM4-40GB MIG 4g.20gb (0),1,,13,"void channel_eq::eqMmseSoftDemapKernel<float, __half, __half, float, (unsigned int)4, (unsigned short)16383>(channel_eq::_puschRxChEqStatDescr *, channel_eq::_puschRxChEqSoftDemapDynDescr)"
5620048237,293820,389707,1,1,1,32,32,1,30,0.000,0.000,,,,,NVIDIA A100-SXM4-40GB MIG 4g.20gb (0),1,,13,"void convert_kernel<float2, __half2>(tensor_layout_any, T1 *, tensor_layout_any, const T2 *)"
5620343881,11136,389719,2253,1,1,128,1,1,16,0.000,0.000,,,,,NVIDIA A100-SXM4-40GB MIG 4g.20gb (0),1,,13,cupy_copy__float16_float16
5620356361,2944,389728,282,1,1,128,1,1,16,0.000,0.000,,,,,NVIDIA A100-SXM4-40GB MIG 4g.20gb (0),1,,13,cupy_copy__complex64_complex64
5620361097,2592,389737,26,1,1,128,1,1,16,0.000,0.000,,,,,NVIDIA A100-SXM4-40GB MIG 4g.20gb (0),1,,13,cupy_copy__float32_float32
5620365897,3232,389746,103,1,1,128,1,1,16,0.000,0.000,,,,,NVIDIA A100-SXM4-40GB MIG 4g.20gb (0),1,,13,cupy_copy__complex64_complex64
5620373577,12064,389756,1434,1,1,128,1,1,16,0.000,0.000,,,,,NVIDIA A100-SXM4-40GB MIG 4g.20gb (0),1,,13,cupy_copy__complex64_complex64
5620388745,84863,389761,1,1,1,32,32,1,30,0.000,0.000,,,,,NVIDIA A100-SXM4-40GB MIG 4g.20gb (0),1,,13,"void convert_kernel<__half2, float2>(tensor_layout_any, T1 *, tensor_layout_any, const T2 *)"
5620500103,5600,389764,,,,,,,,,,0.094,16731.388,Pinned,Device,NVIDIA A100-SXM4-40GB MIG 4g.20gb (0),1,,13,[CUDA memcpy Host-to-Device]
5620511527,595513,389765,,,,,,,,,,456.561,766566.658,Device,,NVIDIA A100-SXM4-40GB MIG 4g.20gb (0),1,,13,[CUDA memset]
5621112992,163966,389770,,,,,,,,,,1.235,7530.689,Pinned,Device,NVIDIA A100-SXM4-40GB MIG 4g.20gb (0),1,,13,[CUDA memcpy Host-to-Device]
5621289118,40063,389771,,,,,,,,,,0.197,4907.336,Pinned,Device,NVIDIA A100-SXM4-40GB MIG 4g.20gb (0),1,,13,[CUDA memcpy Host-to-Device]
5621346941,7968,389772,69,4,1,48,1,1,76,0.002,0.000,,,,,NVIDIA A100-SXM4-40GB MIG 4g.20gb (0),1,,13,"void ch_est::windowedChEstPreNoDftSOfdmKernel<float, __half, float, (unsigned int)2, (unsigned int)1, (unsigned short)4>(ch_est::puschRxChEstStatDescr_t *, ch_est::puschRxChEstDynDescr_t *)"
5621364349,6560,389773,137,2,1,24,2,1,44,0.001,0.001,,,,,NVIDIA A100-SXM4-40GB MIG 4g.20gb (0),1,,13,"void ch_est::chEstFilterNoDftSOfdmDispatchKernel<float, __half, float, (unsigned int)2>(ch_est::puschRxChEstStatDescr_t *, ch_est::puschRxChEstDynDescr_t *)"
5621381757,4767,389774,137,2,1,24,2,1,44,0.001,0.001,,,,,NVIDIA A100-SXM4-40GB MIG 4g.20gb (0),1,,13,"void ch_est::chEstFilterNoDftSOfdmDispatchKernel<float, __half, float, (unsigned int)2>(ch_est::puschRxChEstStatDescr_t *, ch_est::puschRxChEstDynDescr_t *)"
5621399484,2624,389785,103,1,1,128,1,1,16,0.000,0.000,,,,,NVIDIA A100-SXM4-40GB MIG 4g.20gb (0),1,,13,cupy_copy__complex64_complex64
5621416284,12384,389795,1434,1,1,128,1,1,16,0.000,0.000,,,,,NVIDIA A100-SXM4-40GB MIG 4g.20gb (0),1,,13,cupy_copy__complex64_complex64
5621434844,2912,389802,103,1,1,128,1,1,16,0.000,0.000,,,,,NVIDIA A100-SXM4-40GB MIG 4g.20gb (0),1,,13,cupy_copy__complex64_complex64
5621458300,82335,389809,1,1,1,32,32,1,30,0.000,0.000,,,,,NVIDIA A100-SXM4-40GB MIG 4g.20gb (0),1,,13,"void convert_kernel<__half2, float2>(tensor_layout_any, T1 *, tensor_layout_any, const T2 *)"
5621569050,5920,389812,,,,,,,,,,0.094,15826.941,Pinned,Device,NVIDIA A100-SXM4-40GB MIG 4g.20gb (0),1,,13,[CUDA memcpy Host-to-Device]
5621581370,47423,389813,,,,,,,,,,35.810,755087.973,Device,,NVIDIA A100-SXM4-40GB MIG 4g.20gb (0),1,,13,[CUDA memset]
5621634905,3424,389815,,,,,,,,,,0.000,23.364,Pinned,Device,NVIDIA A100-SXM4-40GB MIG 4g.20gb (0),1,,13,[CUDA memcpy Host-to-Device]
5621643193,11232,389816,,,,,,,,,,0.197,17504.207,Pinned,Device,NVIDIA A100-SXM4-40GB MIG 4g.20gb (0),1,,13,[CUDA memcpy Host-to-Device]
5621664889,10784,389817,273,1,1,48,1,1,40,0.000,0.001,,,,,NVIDIA A100-SXM4-40GB MIG 4g.20gb (0),1,,13,"void pusch_noise_intf_est::noiseIntfEstNoDftSOfdmKernel<float, __half, float, float, (unsigned int)2, (unsigned int)1, (unsigned char)4, (unsigned char)4>(pusch_noise_intf_est::puschRxNoiseIntfEstDynDescr)"
5621677657,3040,389828,35,1,1,128,1,1,16,0.000,0.000,,,,,NVIDIA A100-SXM4-40GB MIG 4g.20gb (0),1,,13,cupy_copy__complex64_complex64
5621687385,1952,389837,1,1,1,1,1,1,18,0.000,0.000,,,,,NVIDIA A100-SXM4-40GB MIG 4g.20gb (0),1,,13,cupy_copy__float32_float32
5621719544,2656,389843,,,,,,,,,,0.000,1.506,Device,Pageable,NVIDIA A100-SXM4-40GB MIG 4g.20gb (0),1,,7,[CUDA memcpy Device-to-Host]
5621780920,13119,389854,1434,1,1,128,1,1,16,0.000,0.000,,,,,NVIDIA A100-SXM4-40GB MIG 4g.20gb (0),1,,13,cupy_copy__complex64_complex64
5621807031,2592,389861,103,1,1,128,1,1,16,0.000,0.000,,,,,NVIDIA A100-SXM4-40GB MIG 4g.20gb (0),1,,13,cupy_copy__complex64_complex64
5621826743,2848,389868,35,1,1,128,1,1,16,0.000,0.000,,,,,NVIDIA A100-SXM4-40GB MIG 4g.20gb (0),1,,13,cupy_copy__complex64_complex64
5621845495,1792,389875,1,1,1,1,1,1,18,0.000,0.000,,,,,NVIDIA A100-SXM4-40GB MIG 4g.20gb (0),1,,13,cupy_copy__float32_float32
5621976085,86719,389886,1,1,1,32,32,1,30,0.000,0.000,,,,,NVIDIA A100-SXM4-40GB MIG 4g.20gb (0),1,,13,"void convert_kernel<__half2, float2>(tensor_layout_any, T1 *, tensor_layout_any, const T2 *)"
5622090228,6112,389889,,,,,,,,,,0.094,15329.790,Pinned,Device,NVIDIA A100-SXM4-40GB MIG 4g.20gb (0),1,,13,[CUDA memcpy Host-to-Device]
5622106004,3296,389890,,,,,,,,,,1.547,469242.628,Device,,NVIDIA A100-SXM4-40GB MIG 4g.20gb (0),1,,13,[CUDA memset]
5622113427,3616,389895,,,,,,,,,,0.031,8654.846,Pinned,Device,NVIDIA A100-SXM4-40GB MIG 4g.20gb (0),1,,13,[CUDA memcpy Host-to-Device]
5622119443,9792,389896,,,,,,,,,,0.197,20078.395,Pinned,Device,NVIDIA A100-SXM4-40GB MIG 4g.20gb (0),1,,13,[CUDA memcpy Host-to-Device]
5622136179,6272,389897,273,1,1,8,4,1,39,0.002,0.000,,,,,NVIDIA A100-SXM4-40GB MIG 4g.20gb (0),1,,13,"void channel_eq::eqMmseCoefCompLowMimoKernel<float, float, float, (unsigned int)4, (unsigned int)1, (unsigned int)4>(const channel_eq::_puschRxChEqStatDescr *, channel_eq::_puschRxChEqCoefCompDynDescr)"
5622143571,8032,389898,273,1,1,12,11,1,51,0.002,0.000,,,,,NVIDIA A100-SXM4-40GB MIG 4g.20gb (0),1,,13,"void channel_eq::eqMmseSoftDemapKernel<float, __half, __half, float, (unsigned int)4, (unsigned short)16383>(channel_eq::_puschRxChEqStatDescr *, channel_eq::_puschRxChEqSoftDemapDynDescr)"
5622154035,281949,389899,1,1,1,32,32,1,30,0.000,0.000,,,,,NVIDIA A100-SXM4-40GB MIG 4g.20gb (0),1,,13,"void convert_kernel<float2, __half2>(tensor_layout_any, T1 *, tensor_layout_any, const T2 *)"
5622437007,11008,389911,2253,1,1,128,1,1,16,0.000,0.000,,,,,NVIDIA A100-SXM4-40GB MIG 4g.20gb (0),1,,13,cupy_copy__float16_float16
5622449903,3648,389920,282,1,1,128,1,1,16,0.000,0.000,,,,,NVIDIA A100-SXM4-40GB MIG 4g.20gb (0),1,,13,cupy_copy__complex64_complex64
5622455695,2336,389929,26,1,1,128,1,1,16,0.000,0.000,,,,,NVIDIA A100-SXM4-40GB MIG 4g.20gb (0),1,,13,cupy_copy__float32_float32
5622459343,2912,389938,103,1,1,128,1,1,16,0.000,0.000,,,,,NVIDIA A100-SXM4-40GB MIG 4g.20gb (0),1,,13,cupy_copy__complex64_complex64
5622464623,11808,389948,1434,1,1,128,1,1,16,0.000,0.000,,,,,NVIDIA A100-SXM4-40GB MIG 4g.20gb (0),1,,13,cupy_copy__complex64_complex64
5622481487,81151,389953,1,1,1,32,32,1,30,0.000,0.000,,,,,NVIDIA A100-SXM4-40GB MIG 4g.20gb (0),1,,13,"void convert_kernel<__half2, float2>(tensor_layout_any, T1 *, tensor_layout_any, const T2 *)"
5622589390,5504,389956,,,,,,,,,,0.094,17023.251,Pinned,Device,NVIDIA A100-SXM4-40GB MIG 4g.20gb (0),1,,13,[CUDA memcpy Host-to-Device]
5622599118,597688,389957,,,,,,,,,,456.561,763827.289,Device,,NVIDIA A100-SXM4-40GB MIG 4g.20gb (0),1,,13,[CUDA memset]
5623203622,157278,389962,,,,,,,,,,1.235,7851.774,Pinned,Device,NVIDIA A100-SXM4-40GB MIG 4g.20gb (0),1,,13,[CUDA memcpy Host-to-Device]
5623374500,41247,389963,,,,,,,,,,0.197,4766.564,Pinned,Device,NVIDIA A100-SXM4-40GB MIG 4g.20gb (0),1,,13,[CUDA memcpy Host-to-Device]
5623433571,8256,389964,69,4,1,48,1,1,76,0.002,0.000,,,,,NVIDIA A100-SXM4-40GB MIG 4g.20gb (0),1,,13,"void ch_est::windowedChEstPreNoDftSOfdmKernel<float, __half, float, (unsigned int)2, (unsigned int)1, (unsigned short)4>(ch_est::puschRxChEstStatDescr_t *, ch_est::puschRxChEstDynDescr_t *)"
5623453027,6784,389965,137,2,1,24,2,1,44,0.001,0.001,,,,,NVIDIA A100-SXM4-40GB MIG 4g.20gb (0),1,,13,"void ch_est::chEstFilterNoDftSOfdmDispatchKernel<float, __half, float, (unsigned int)2>(ch_est::puschRxChEstStatDescr_t *, ch_est::puschRxChEstDynDescr_t *)"
5623469475,4736,389966,137,2,1,24,2,1,44,0.001,0.001,,,,,NVIDIA A100-SXM4-40GB MIG 4g.20gb (0),1,,13,"void ch_est::chEstFilterNoDftSOfdmDispatchKernel<float, __half, float, (unsigned int)2>(ch_est::puschRxChEstStatDescr_t *, ch_est::puschRxChEstDynDescr_t *)"
5623487011,2528,389977,103,1,1,128,1,1,16,0.000,0.000,,,,,NVIDIA A100-SXM4-40GB MIG 4g.20gb (0),1,,13,cupy_copy__complex64_complex64
5623504578,12416,389987,1434,1,1,128,1,1,16,0.000,0.000,,,,,NVIDIA A100-SXM4-40GB MIG 4g.20gb (0),1,,13,cupy_copy__complex64_complex64
5623524418,2528,389994,103,1,1,128,1,1,16,0.000,0.000,,,,,NVIDIA A100-SXM4-40GB MIG 4g.20gb (0),1,,13,cupy_copy__complex64_complex64
5623546882,99071,390001,1,1,1,32,32,1,30,0.000,0.000,,,,,NVIDIA A100-SXM4-40GB MIG 4g.20gb (0),1,,13,"void convert_kernel<__half2, float2>(tensor_layout_any, T1 *, tensor_layout_any, const T2 *)"
5623680928,24960,390004,,,,,,,,,,0.094,3753.837,Pinned,Device,NVIDIA A100-SXM4-40GB MIG 4g.20gb (0),1,,13,[CUDA memcpy Host-to-Device]
5623720384,47615,390005,,,,,,,,,,35.810,752044.130,Device,,NVIDIA A100-SXM4-40GB MIG 4g.20gb (0),1,,13,[CUDA memset]
5623775359,13824,390007,,,,,,,,,,0.000,5.787,Pinned,Device,NVIDIA A100-SXM4-40GB MIG 4g.20gb (0),1,,13,[CUDA memcpy Host-to-Device]
5623802175,22783,390008,,,,,,,,,,0.197,8629.518,Pinned,Device,NVIDIA A100-SXM4-40GB MIG 4g.20gb (0),1,,13,[CUDA memcpy Host-to-Device]
5623844702,9728,390009,273,1,1,48,1,1,40,0.000,0.001,,,,,NVIDIA A100-SXM4-40GB MIG 4g.20gb (0),1,,13,"void pusch_noise_intf_est::noiseIntfEstNoDftSOfdmKernel<float, __half, float, float, (unsigned int)2, (unsigned int)1, (unsigned char)4, (unsigned char)4>(pusch_noise_intf_est::puschRxNoiseIntfEstDynDescr)"
5623858526,2944,390020,35,1,1,128,1,1,16,0.000,0.000,,,,,NVIDIA A100-SXM4-40GB MIG 4g.20gb (0),1,,13,cupy_copy__complex64_complex64
5623868830,1696,390029,1,1,1,1,1,1,18,0.000,0.000,,,,,NVIDIA A100-SXM4-40GB MIG 4g.20gb (0),1,,13,cupy_copy__float32_float32
5623874686,2784,390035,,,,,,,,,,0.000,1.437,Device,Pageable,NVIDIA A100-SXM4-40GB MIG 4g.20gb (0),1,,7,[CUDA memcpy Device-to-Host]
5623948157,13312,390046,1434,1,1,128,1,1,16,0.000,0.000,,,,,NVIDIA A100-SXM4-40GB MIG 4g.20gb (0),1,,13,cupy_copy__complex64_complex64
5623978013,2975,390053,103,1,1,128,1,1,16,0.000,0.000,,,,,NVIDIA A100-SXM4-40GB MIG 4g.20gb (0),1,,13,cupy_copy__complex64_complex64
5623999068,2784,390060,35,1,1,128,1,1,16,0.000,0.000,,,,,NVIDIA A100-SXM4-40GB MIG 4g.20gb (0),1,,13,cupy_copy__complex64_complex64
5624016508,2048,390067,1,1,1,1,1,1,18,0.000,0.000,,,,,NVIDIA A100-SXM4-40GB MIG 4g.20gb (0),1,,13,cupy_copy__float32_float32
5624144186,81887,390078,1,1,1,32,32,1,30,0.000,0.000,,,,,NVIDIA A100-SXM4-40GB MIG 4g.20gb (0),1,,13,"void convert_kernel<__half2, float2>(tensor_layout_any, T1 *, tensor_layout_any, const T2 *)"
5624253625,5568,390081,,,,,,,,,,0.094,16827.521,Pinned,Device,NVIDIA A100-SXM4-40GB MIG 4g.20gb (0),1,,13,[CUDA memcpy Host-to-Device]
5624267705,3264,390082,,,,,,,,,,1.547,473842.288,Device,,NVIDIA A100-SXM4-40GB MIG 4g.20gb (0),1,,13,[CUDA memset]
5624277369,3328,390087,,,,,,,,,,0.031,9403.822,Pinned,Device,NVIDIA A100-SXM4-40GB MIG 4g.20gb (0),1,,13,[CUDA memcpy Host-to-Device]
5624283129,9472,390088,,,,,,,,,,0.197,20756.693,Pinned,Device,NVIDIA A100-SXM4-40GB MIG 4g.20gb (0),1,,13,[CUDA memcpy Host-to-Device]
5624297401,5952,390089,273,1,1,8,4,1,39,0.002,0.000,,,,,NVIDIA A100-SXM4-40GB MIG 4g.20gb (0),1,,13,"void channel_eq::eqMmseCoefCompLowMimoKernel<float, float, float, (unsigned int)4, (unsigned int)1, (unsigned int)4>(const channel_eq::_puschRxChEqStatDescr *, channel_eq::_puschRxChEqCoefCompDynDescr)"
5624304472,8000,390090,273,1,1,12,11,1,51,0.002,0.000,,,,,NVIDIA A100-SXM4-40GB MIG 4g.20gb (0),1,,13,"void channel_eq::eqMmseSoftDemapKernel<float, __half, __half, float, (unsigned int)4, (unsigned short)16383>(channel_eq::_puschRxChEqStatDescr *, channel_eq::_puschRxChEqSoftDemapDynDescr)"
5624314296,281789,390091,1,1,1,32,32,1,30,0.000,0.000,,,,,NVIDIA A100-SXM4-40GB MIG 4g.20gb (0),1,,13,"void convert_kernel<float2, __half2>(tensor_layout_any, T1 *, tensor_layout_any, const T2 *)"
5624598293,10880,390103,2253,1,1,128,1,1,16,0.000,0.000,,,,,NVIDIA A100-SXM4-40GB MIG 4g.20gb (0),1,,13,cupy_copy__float16_float16
5624612181,3712,390112,282,1,1,128,1,1,16,0.000,0.000,,,,,NVIDIA A100-SXM4-40GB MIG 4g.20gb (0),1,,13,cupy_copy__complex64_complex64
5624619893,2048,390121,26,1,1,128,1,1,16,0.000,0.000,,,,,NVIDIA A100-SXM4-40GB MIG 4g.20gb (0),1,,13,cupy_copy__float32_float32
5624623605,3040,390130,103,1,1,128,1,1,16,0.000,0.000,,,,,NVIDIA A100-SXM4-40GB MIG 4g.20gb (0),1,,13,cupy_copy__complex64_complex64
5624629460,11968,390140,1434,1,1,128,1,1,16,0.000,0.000,,,,,NVIDIA A100-SXM4-40GB MIG 4g.20gb (0),1,,13,cupy_copy__complex64_complex64
5624647156,87167,390145,1,1,1,32,32,1,30,0.000,0.000,,,,,NVIDIA A100-SXM4-40GB MIG 4g.20gb (0),1,,13,"void convert_kernel<__half2, float2>(tensor_layout_any, T1 *, tensor_layout_any, const T2 *)"
5624761971,6336,390148,,,,,,,,,,0.094,14787.852,Pinned,Device,NVIDIA A100-SXM4-40GB MIG 4g.20gb (0),1,,13,[CUDA memcpy Host-to-Device]
5624773715,596120,390149,,,,,,,,,,456.561,765653.535,Device,,NVIDIA A100-SXM4-40GB MIG 4g.20gb (0),1,,13,[CUDA memset]
5625376875,94591,390154,,,,,,,,,,1.235,13054.593,Pinned,Device,NVIDIA A100-SXM4-40GB MIG 4g.20gb (0),1,,13,[CUDA memcpy Host-to-Device]
5625479498,31104,390155,,,,,,,,,,0.197,6320.947,Pinned,Device,NVIDIA A100-SXM4-40GB MIG 4g.20gb (0),1,,13,[CUDA memcpy Host-to-Device]
5625527081,8160,390156,69,4,1,48,1,1,76,0.002,0.000,,,,,NVIDIA A100-SXM4-40GB MIG 4g.20gb (0),1,,13,"void ch_est::windowedChEstPreNoDftSOfdmKernel<float, __half, float, (unsigned int)2, (unsigned int)1, (unsigned short)4>(ch_est::puschRxChEstStatDescr_t *, ch_est::puschRxChEstDynDescr_t *)"
5625541929,6848,390157,137,2,1,24,2,1,44,0.001,0.001,,,,,NVIDIA A100-SXM4-40GB MIG 4g.20gb (0),1,,13,"void ch_est::chEstFilterNoDftSOfdmDispatchKernel<float, __half, float, (unsigned int)2>(ch_est::puschRxChEstStatDescr_t *, ch_est::puschRxChEstDynDescr_t *)"
5625554921,4800,390158,137,2,1,24,2,1,44,0.001,0.001,,,,,NVIDIA A100-SXM4-40GB MIG 4g.20gb (0),1,,13,"void ch_est::chEstFilterNoDftSOfdmDispatchKernel<float, __half, float, (unsigned int)2>(ch_est::puschRxChEstStatDescr_t *, ch_est::puschRxChEstDynDescr_t *)"
5625567657,2688,390169,103,1,1,128,1,1,16,0.000,0.000,,,,,NVIDIA A100-SXM4-40GB MIG 4g.20gb (0),1,,13,cupy_copy__complex64_complex64
5625580649,12576,390179,1434,1,1,128,1,1,16,0.000,0.000,,,,,NVIDIA A100-SXM4-40GB MIG 4g.20gb (0),1,,13,cupy_copy__complex64_complex64
5625604808,2656,390186,103,1,1,128,1,1,16,0.000,0.000,,,,,NVIDIA A100-SXM4-40GB MIG 4g.20gb (0),1,,13,cupy_copy__complex64_complex64
5625620776,85759,390193,1,1,1,32,32,1,30,0.000,0.000,,,,,NVIDIA A100-SXM4-40GB MIG 4g.20gb (0),1,,13,"void convert_kernel<__half2, float2>(tensor_layout_any, T1 *, tensor_layout_any, const T2 *)"
5625738151,29247,390196,,,,,,,,,,0.094,3203.560,Pinned,Device,NVIDIA A100-SXM4-40GB MIG 4g.20gb (0),1,,13,[CUDA memcpy Host-to-Device]
5625792518,46752,390197,,,,,,,,,,35.810,765938.379,Device,,NVIDIA A100-SXM4-40GB MIG 4g.20gb (0),1,,13,[CUDA memset]
5625843750,13535,390199,,,,,,,,,,0.000,5.911,Pinned,Device,NVIDIA A100-SXM4-40GB MIG 4g.20gb (0),1,,13,[CUDA memcpy Host-to-Device]
5625865477,21760,390200,,,,,,,,,,0.197,9035.121,Pinned,Device,NVIDIA A100-SXM4-40GB MIG 4g.20gb (0),1,,13,[CUDA memcpy Host-to-Device]
5625907173,10464,390201,273,1,1,48,1,1,40,0.000,0.001,,,,,NVIDIA A100-SXM4-40GB MIG 4g.20gb (0),1,,13,"void pusch_noise_intf_est::noiseIntfEstNoDftSOfdmKernel<float, __half, float, float, (unsigned int)2, (unsigned int)1, (unsigned char)4, (unsigned char)4>(pusch_noise_intf_est::puschRxNoiseIntfEstDynDescr)"
5625924229,2783,390212,35,1,1,128,1,1,16,0.000,0.000,,,,,NVIDIA A100-SXM4-40GB MIG 4g.20gb (0),1,,13,cupy_copy__complex64_complex64
5625940868,1728,390221,1,1,1,1,1,1,18,0.000,0.000,,,,,NVIDIA A100-SXM4-40GB MIG 4g.20gb (0),1,,13,cupy_copy__float32_float32
5625945892,7264,390227,,,,,,,,,,0.000,0.551,Device,Pageable,NVIDIA A100-SXM4-40GB MIG 4g.20gb (0),1,,7,[CUDA memcpy Device-to-Host]
5626049283,12576,390238,1434,1,1,128,1,1,16,0.000,0.000,,,,,NVIDIA A100-SXM4-40GB MIG 4g.20gb (0),1,,13,cupy_copy__complex64_complex64
5626071555,3360,390245,103,1,1,128,1,1,16,0.000,0.000,,,,,NVIDIA A100-SXM4-40GB MIG 4g.20gb (0),1,,13,cupy_copy__complex64_complex64
5626091138,2144,390252,35,1,1,128,1,1,16,0.000,0.000,,,,,NVIDIA A100-SXM4-40GB MIG 4g.20gb (0),1,,13,cupy_copy__complex64_complex64
5626094978,1760,390259,1,1,1,1,1,1,18,0.000,0.000,,,,,NVIDIA A100-SXM4-40GB MIG 4g.20gb (0),1,,13,cupy_copy__float32_float32
5626242369,95134,390270,1,1,1,32,32,1,30,0.000,0.000,,,,,NVIDIA A100-SXM4-40GB MIG 4g.20gb (0),1,,13,"void convert_kernel<__half2, float2>(tensor_layout_any, T1 *, tensor_layout_any, const T2 *)"
5626370207,12992,390273,,,,,,,,,,0.094,7211.781,Pinned,Device,NVIDIA A100-SXM4-40GB MIG 4g.20gb (0),1,,13,[CUDA memcpy Host-to-Device]
5626388287,3584,390274,,,,,,,,,,1.547,431534.389,Device,,NVIDIA A100-SXM4-40GB MIG 4g.20gb (0),1,,13,[CUDA memset]
5626396447,7200,390279,,,,,,,,,,0.031,4346.639,Pinned,Device,NVIDIA A100-SXM4-40GB MIG 4g.20gb (0),1,,13,[CUDA memcpy Host-to-Device]
5626407679,16351,390280,,,,,,,,,,0.197,12024.152,Pinned,Device,NVIDIA A100-SXM4-40GB MIG 4g.20gb (0),1,,13,[CUDA memcpy Host-to-Device]
5626438750,8032,390281,273,1,1,8,4,1,39,0.002,0.000,,,,,NVIDIA A100-SXM4-40GB MIG 4g.20gb (0),1,,13,"void channel_eq::eqMmseCoefCompLowMimoKernel<float, float, float, (unsigned int)4, (unsigned int)1, (unsigned int)4>(const channel_eq::_puschRxChEqStatDescr *, channel_eq::_puschRxChEqCoefCompDynDescr)"
5626449086,7872,390282,273,1,1,12,11,1,51,0.002,0.000,,,,,NVIDIA A100-SXM4-40GB MIG 4g.20gb (0),1,,13,"void channel_eq::eqMmseSoftDemapKernel<float, __half, __half, float, (unsigned int)4, (unsigned short)16383>(channel_eq::_puschRxChEqStatDescr *, channel_eq::_puschRxChEqSoftDemapDynDescr)"
5626466622,295164,390283,1,1,1,32,32,1,30,0.000,0.000,,,,,NVIDIA A100-SXM4-40GB MIG 4g.20gb (0),1,,13,"void convert_kernel<float2, __half2>(tensor_layout_any, T1 *, tensor_layout_any, const T2 *)"
5626765082,10976,390295,2253,1,1,128,1,1,16,0.000,0.000,,,,,NVIDIA A100-SXM4-40GB MIG 4g.20gb (0),1,,13,cupy_copy__float16_float16
5626779130,3680,390304,282,1,1,128,1,1,16,0.000,0.000,,,,,NVIDIA A100-SXM4-40GB MIG 4g.20gb (0),1,,13,cupy_copy__complex64_complex64
5626783962,2048,390313,26,1,1,128,1,1,16,0.000,0.000,,,,,NVIDIA A100-SXM4-40GB MIG 4g.20gb (0),1,,13,cupy_copy__float32_float32
5626788442,3296,390322,103,1,1,128,1,1,16,0.000,0.000,,,,,NVIDIA A100-SXM4-40GB MIG 4g.20gb (0),1,,13,cupy_copy__complex64_complex64
5626794746,12352,390332,1434,1,1,128,1,1,16,0.000,0.000,,,,,NVIDIA A100-SXM4-40GB MIG 4g.20gb (0),1,,13,cupy_copy__complex64_complex64
5626812378,82271,390337,1,1,1,32,32,1,30,0.000,0.000,,,,,NVIDIA A100-SXM4-40GB MIG 4g.20gb (0),1,,13,"void convert_kernel<__half2, float2>(tensor_layout_any, T1 *, tensor_layout_any, const T2 *)"
5626923288,5408,390340,,,,,,,,,,0.094,17325.421,Pinned,Device,NVIDIA A100-SXM4-40GB MIG 4g.20gb (0),1,,13,[CUDA memcpy Host-to-Device]
5626934776,598073,390341,,,,,,,,,,456.561,763370.728,Device,,NVIDIA A100-SXM4-40GB MIG 4g.20gb (0),1,,13,[CUDA memset]
5627540209,152606,390346,,,,,,,,,,1.235,8091.353,Pinned,Device,NVIDIA A100-SXM4-40GB MIG 4g.20gb (0),1,,13,[CUDA memcpy Host-to-Device]
5627707087,34815,390347,,,,,,,,,,0.197,5647.172,Pinned,Device,NVIDIA A100-SXM4-40GB MIG 4g.20gb (0),1,,13,[CUDA memcpy Host-to-Device]
5627765102,7712,390348,69,4,1,48,1,1,76,0.002,0.000,,,,,NVIDIA A100-SXM4-40GB MIG 4g.20gb (0),1,,13,"void ch_est::windowedChEstPreNoDftSOfdmKernel<float, __half, float, (unsigned int)2, (unsigned int)1, (unsigned short)4>(ch_est::puschRxChEstStatDescr_t *, ch_est::puschRxChEstDynDescr_t *)"
5627776046,6496,390349,137,2,1,24,2,1,44,0.001,0.001,,,,,NVIDIA A100-SXM4-40GB MIG 4g.20gb (0),1,,13,"void ch_est::chEstFilterNoDftSOfdmDispatchKernel<float, __half, float, (unsigned int)2>(ch_est::puschRxChEstStatDescr_t *, ch_est::puschRxChEstDynDescr_t *)"
5627789966,5247,390350,137,2,1,24,2,1,44,0.001,0.001,,,,,NVIDIA A100-SXM4-40GB MIG 4g.20gb (0),1,,13,"void ch_est::chEstFilterNoDftSOfdmDispatchKernel<float, __half, float, (unsigned int)2>(ch_est::puschRxChEstStatDescr_t *, ch_est::puschRxChEstDynDescr_t *)"
5627798413,2752,390361,103,1,1,128,1,1,16,0.000,0.000,,,,,NVIDIA A100-SXM4-40GB MIG 4g.20gb (0),1,,13,cupy_copy__complex64_complex64
5627808237,12736,390371,1434,1,1,128,1,1,16,0.000,0.000,,,,,NVIDIA A100-SXM4-40GB MIG 4g.20gb (0),1,,13,cupy_copy__complex64_complex64
5627823757,2528,390378,103,1,1,128,1,1,16,0.000,0.000,,,,,NVIDIA A100-SXM4-40GB MIG 4g.20gb (0),1,,13,cupy_copy__complex64_complex64
5627832205,90495,390385,1,1,1,32,32,1,30,0.000,0.000,,,,,NVIDIA A100-SXM4-40GB MIG 4g.20gb (0),1,,13,"void convert_kernel<__half2, float2>(tensor_layout_any, T1 *, tensor_layout_any, const T2 *)"
5627951596,13567,390388,,,,,,,,,,0.094,6906.145,Pinned,Device,NVIDIA A100-SXM4-40GB MIG 4g.20gb (0),1,,13,[CUDA memcpy Host-to-Device]
5627978219,48448,390389,,,,,,,,,,35.810,739116.749,Device,,NVIDIA A100-SXM4-40GB MIG 4g.20gb (0),1,,13,[CUDA memset]
5628031755,7263,390391,,,,,,,,,,0.000,11.015,Pinned,Device,NVIDIA A100-SXM4-40GB MIG 4g.20gb (0),1,,13,[CUDA memcpy Host-to-Device]
5628047242,14624,390392,,,,,,,,,,0.197,13444.055,Pinned,Device,NVIDIA A100-SXM4-40GB MIG 4g.20gb (0),1,,13,[CUDA memcpy Host-to-Device]
5628074794,9632,390393,273,1,1,48,1,1,40,0.000,0.001,,,,,NVIDIA A100-SXM4-40GB MIG 4g.20gb (0),1,,13,"void pusch_noise_intf_est::noiseIntfEstNoDftSOfdmKernel<float, __half, float, float, (unsigned int)2, (unsigned int)1, (unsigned char)4, (unsigned char)4>(pusch_noise_intf_est::puschRxNoiseIntfEstDynDescr)"
5628088458,2720,390404,35,1,1,128,1,1,16,0.000,0.000,,,,,NVIDIA A100-SXM4-40GB MIG 4g.20gb (0),1,,13,cupy_copy__complex64_complex64
5628096682,1696,390413,1,1,1,1,1,1,18,0.000,0.000,,,,,NVIDIA A100-SXM4-40GB MIG 4g.20gb (0),1,,13,cupy_copy__float32_float32
5628103786,3136,390419,,,,,,,,,,0.000,1.276,Device,Pageable,NVIDIA A100-SXM4-40GB MIG 4g.20gb (0),1,,7,[CUDA memcpy Device-to-Host]
5628167721,12832,390430,1434,1,1,128,1,1,16,0.000,0.000,,,,,NVIDIA A100-SXM4-40GB MIG 4g.20gb (0),1,,13,cupy_copy__complex64_complex64
5628195177,2624,390437,103,1,1,128,1,1,16,0.000,0.000,,,,,NVIDIA A100-SXM4-40GB MIG 4g.20gb (0),1,,13,cupy_copy__complex64_complex64
5628215240,2624,390444,35,1,1,128,1,1,16,0.000,0.000,,,,,NVIDIA A100-SXM4-40GB MIG 4g.20gb (0),1,,13,cupy_copy__complex64_complex64
5628233864,1728,390451,1,1,1,1,1,1,18,0.000,0.000,,,,,NVIDIA A100-SXM4-40GB MIG 4g.20gb (0),1,,13,cupy_copy__float32_float32
5628368198,83039,390462,1,1,1,32,32,1,30,0.000,0.000,,,,,NVIDIA A100-SXM4-40GB MIG 4g.20gb (0),1,,13,"void convert_kernel<__half2, float2>(tensor_layout_any, T1 *, tensor_layout_any, const T2 *)"
5628478469,5440,390465,,,,,,,,,,0.094,17223.480,Pinned,Device,NVIDIA A100-SXM4-40GB MIG 4g.20gb (0),1,,13,[CUDA memcpy Host-to-Device]
5628495557,3264,390466,,,,,,,,,,1.547,473842.288,Device,,NVIDIA A100-SXM4-40GB MIG 4g.20gb (0),1,,13,[CUDA memset]
5628499205,3616,390471,,,,,,,,,,0.031,8654.846,Pinned,Device,NVIDIA A100-SXM4-40GB MIG 4g.20gb (0),1,,13,[CUDA memcpy Host-to-Device]
5628505221,9728,390472,,,,,,,,,,0.197,20210.516,Pinned,Device,NVIDIA A100-SXM4-40GB MIG 4g.20gb (0),1,,13,[CUDA memcpy Host-to-Device]
5628520709,6207,390473,273,1,1,8,4,1,39,0.002,0.000,,,,,NVIDIA A100-SXM4-40GB MIG 4g.20gb (0),1,,13,"void channel_eq::eqMmseCoefCompLowMimoKernel<float, float, float, (unsigned int)4, (unsigned int)1, (unsigned int)4>(const channel_eq::_puschRxChEqStatDescr *, channel_eq::_puschRxChEqCoefCompDynDescr)"
5628528900,6176,390474,273,1,1,12,11,1,51,0.002,0.000,,,,,NVIDIA A100-SXM4-40GB MIG 4g.20gb (0),1,,13,"void channel_eq::eqMmseSoftDemapKernel<float, __half, __half, float, (unsigned int)4, (unsigned short)16383>(channel_eq::_puschRxChEqStatDescr *, channel_eq::_puschRxChEqSoftDemapDynDescr)"
5628536068,283069,390475,1,1,1,32,32,1,30,0.000,0.000,,,,,NVIDIA A100-SXM4-40GB MIG 4g.20gb (0),1,,13,"void convert_kernel<float2, __half2>(tensor_layout_any, T1 *, tensor_layout_any, const T2 *)"
5628821249,11104,390487,2253,1,1,128,1,1,16,0.000,0.000,,,,,NVIDIA A100-SXM4-40GB MIG 4g.20gb (0),1,,13,cupy_copy__float16_float16
5628834369,2880,390496,282,1,1,128,1,1,16,0.000,0.000,,,,,NVIDIA A100-SXM4-40GB MIG 4g.20gb (0),1,,13,cupy_copy__complex64_complex64
5628841377,2016,390505,26,1,1,128,1,1,16,0.000,0.000,,,,,NVIDIA A100-SXM4-40GB MIG 4g.20gb (0),1,,13,cupy_copy__float32_float32
5628844513,3840,390514,103,1,1,128,1,1,16,0.000,0.000,,,,,NVIDIA A100-SXM4-40GB MIG 4g.20gb (0),1,,13,cupy_copy__complex64_complex64
5628899840,12192,390530,1434,1,1,128,1,1,16,0.000,0.000,,,,,NVIDIA A100-SXM4-40GB MIG 4g.20gb (0),1,,13,cupy_copy__complex64_complex64
5629015710,82527,390535,1,1,1,32,32,1,30,0.000,0.000,,,,,NVIDIA A100-SXM4-40GB MIG 4g.20gb (0),1,,13,"void convert_kernel<__half2, float2>(tensor_layout_any, T1 *, tensor_layout_any, const T2 *)"
5629125405,5728,390538,,,,,,,,,,0.094,16357.541,Pinned,Device,NVIDIA A100-SXM4-40GB MIG 4g.20gb (0),1,,13,[CUDA memcpy Host-to-Device]
5629135229,597145,390539,,,,,,,,,,456.561,764283.851,Device,,NVIDIA A100-SXM4-40GB MIG 4g.20gb (0),1,,13,[CUDA memset]
5629735190,143774,390544,,,,,,,,,,1.235,8589.036,Pinned,Device,NVIDIA A100-SXM4-40GB MIG 4g.20gb (0),1,,13,[CUDA memcpy Host-to-Device]
5629893268,38975,390545,,,,,,,,,,0.197,5044.371,Pinned,Device,NVIDIA A100-SXM4-40GB MIG 4g.20gb (0),1,,13,[CUDA memcpy Host-to-Device]
5629956979,8512,390546,69,4,1,48,1,1,76,0.002,0.000,,,,,NVIDIA A100-SXM4-40GB MIG 4g.20gb (0),1,,13,"void ch_est::windowedChEstPreNoDftSOfdmKernel<float, __half, float, (unsigned int)2, (unsigned int)1, (unsigned short)4>(ch_est::puschRxChEstStatDescr_t *, ch_est::puschRxChEstDynDescr_t *)"
5629972627,6720,390547,137,2,1,24,2,1,44,0.001,0.001,,,,,NVIDIA A100-SXM4-40GB MIG 4g.20gb (0),1,,13,"void ch_est::chEstFilterNoDftSOfdmDispatchKernel<float, __half, float, (unsigned int)2>(ch_est::puschRxChEstStatDescr_t *, ch_est::puschRxChEstDynDescr_t *)"
5629981971,5023,390548,137,2,1,24,2,1,44,0.001,0.001,,,,,NVIDIA A100-SXM4-40GB MIG 4g.20gb (0),1,,13,"void ch_est::chEstFilterNoDftSOfdmDispatchKernel<float, __half, float, (unsigned int)2>(ch_est::puschRxChEstStatDescr_t *, ch_est::puschRxChEstDynDescr_t *)"
5629995858,2720,390559,103,1,1,128,1,1,16,0.000,0.000,,,,,NVIDIA A100-SXM4-40GB MIG 4g.20gb (0),1,,13,cupy_copy__complex64_complex64
5630004082,12800,390569,1434,1,1,128,1,1,16,0.000,0.000,,,,,NVIDIA A100-SXM4-40GB MIG 4g.20gb (0),1,,13,cupy_copy__complex64_complex64
5630020658,2656,390576,103,1,1,128,1,1,16,0.000,0.000,,,,,NVIDIA A100-SXM4-40GB MIG 4g.20gb (0),1,,13,cupy_copy__complex64_complex64
5630028338,88799,390583,1,1,1,32,32,1,30,0.000,0.000,,,,,NVIDIA A100-SXM4-40GB MIG 4g.20gb (0),1,,13,"void convert_kernel<__half2, float2>(tensor_layout_any, T1 *, tensor_layout_any, const T2 *)"
5630148112,13568,390586,,,,,,,,,,0.094,6905.583,Pinned,Device,NVIDIA A100-SXM4-40GB MIG 4g.20gb (0),1,,13,[CUDA memcpy Host-to-Device]
5630174736,47328,390587,,,,,,,,,,35.810,756627.800,Device,,NVIDIA A100-SXM4-40GB MIG 4g.20gb (0),1,,13,[CUDA memset]
5630229551,3104,390589,,,,,,,,,,0.000,25.773,Pinned,Device,NVIDIA A100-SXM4-40GB MIG 4g.20gb (0),1,,13,[CUDA memcpy Host-to-Device]
5630241775,22912,390590,,,,,,,,,,0.197,8580.956,Pinned,Device,NVIDIA A100-SXM4-40GB MIG 4g.20gb (0),1,,13,[CUDA memcpy Host-to-Device]
5630277839,10272,390591,273,1,1,48,1,1,40,0.000,0.001,,,,,NVIDIA A100-SXM4-40GB MIG 4g.20gb (0),1,,13,"void pusch_noise_intf_est::noiseIntfEstNoDftSOfdmKernel<float, __half, float, float, (unsigned int)2, (unsigned int)1, (unsigned char)4, (unsigned char)4>(pusch_noise_intf_est::puschRxNoiseIntfEstDynDescr)"
5630297071,3072,390602,35,1,1,128,1,1,16,0.000,0.000,,,,,NVIDIA A100-SXM4-40GB MIG 4g.20gb (0),1,,13,cupy_copy__complex64_complex64
5630305871,1760,390611,1,1,1,1,1,1,18,0.000,0.000,,,,,NVIDIA A100-SXM4-40GB MIG 4g.20gb (0),1,,13,cupy_copy__float32_float32
5630310446,2848,390617,,,,,,,,,,0.000,1.404,Device,Pageable,NVIDIA A100-SXM4-40GB MIG 4g.20gb (0),1,,7,[CUDA memcpy Device-to-Host]
5630385486,12863,390628,1434,1,1,128,1,1,16,0.000,0.000,,,,,NVIDIA A100-SXM4-40GB MIG 4g.20gb (0),1,,13,cupy_copy__complex64_complex64
5630409293,2976,390635,103,1,1,128,1,1,16,0.000,0.000,,,,,NVIDIA A100-SXM4-40GB MIG 4g.20gb (0),1,,13,cupy_copy__complex64_complex64
5630424525,2400,390642,35,1,1,128,1,1,16,0.000,0.000,,,,,NVIDIA A100-SXM4-40GB MIG 4g.20gb (0),1,,13,cupy_copy__complex64_complex64
5630447213,1760,390649,1,1,1,1,1,1,18,0.000,0.000,,,,,NVIDIA A100-SXM4-40GB MIG 4g.20gb (0),1,,13,cupy_copy__float32_float32
5630577099,82463,390660,1,1,1,32,32,1,30,0.000,0.000,,,,,NVIDIA A100-SXM4-40GB MIG 4g.20gb (0),1,,13,"void convert_kernel<__half2, float2>(tensor_layout_any, T1 *, tensor_layout_any, const T2 *)"
5630686922,5504,390663,,,,,,,,,,0.094,17023.251,Pinned,Device,NVIDIA A100-SXM4-40GB MIG 4g.20gb (0),1,,13,[CUDA memcpy Host-to-Device]
5630701386,3136,390664,,,,,,,,,,1.547,493182.821,Device,,NVIDIA A100-SXM4-40GB MIG 4g.20gb (0),1,,13,[CUDA memset]
5630708042,3040,390669,,,,,,,,,,0.031,10294.725,Pinned,Device,NVIDIA A100-SXM4-40GB MIG 4g.20gb (0),1,,13,[CUDA memcpy Host-to-Device]
5630713546,9919,390670,,,,,,,,,,0.197,19821.232,Pinned,Device,NVIDIA A100-SXM4-40GB MIG 4g.20gb (0),1,,13,[CUDA memcpy Host-to-Device]
5630729289,6208,390671,273,1,1,8,4,1,39,0.002,0.000,,,,,NVIDIA A100-SXM4-40GB MIG 4g.20gb (0),1,,13,"void channel_eq::eqMmseCoefCompLowMimoKernel<float, float, float, (unsigned int)4, (unsigned int)1, (unsigned int)4>(const channel_eq::_puschRxChEqStatDescr *, channel_eq::_puschRxChEqCoefCompDynDescr)"
5630737321,6304,390672,273,1,1,12,11,1,51,0.002,0.000,,,,,NVIDIA A100-SXM4-40GB MIG 4g.20gb (0),1,,13,"void channel_eq::eqMmseSoftDemapKernel<float, __half, __half, float, (unsigned int)4, (unsigned short)16383>(channel_eq::_puschRxChEqStatDescr *, channel_eq::_puschRxChEqSoftDemapDynDescr)"
5630745097,289757,390673,1,1,1,32,32,1,30,0.000,0.000,,,,,NVIDIA A100-SXM4-40GB MIG 4g.20gb (0),1,,13,"void convert_kernel<float2, __half2>(tensor_layout_any, T1 *, tensor_layout_any, const T2 *)"
5631036390,10975,390685,2253,1,1,128,1,1,16,0.000,0.000,,,,,NVIDIA A100-SXM4-40GB MIG 4g.20gb (0),1,,13,cupy_copy__float16_float16
5631050373,2816,390694,282,1,1,128,1,1,16,0.000,0.000,,,,,NVIDIA A100-SXM4-40GB MIG 4g.20gb (0),1,,13,cupy_copy__complex64_complex64
5631055557,2048,390703,26,1,1,128,1,1,16,0.000,0.000,,,,,NVIDIA A100-SXM4-40GB MIG 4g.20gb (0),1,,13,cupy_copy__float32_float32
5631060805,4640,390712,103,1,1,128,1,1,16,0.000,0.000,,,,,NVIDIA A100-SXM4-40GB MIG 4g.20gb (0),1,,13,cupy_copy__complex64_complex64
5631066597,12448,390722,1434,1,1,128,1,1,16,0.000,0.000,,,,,NVIDIA A100-SXM4-40GB MIG 4g.20gb (0),1,,13,cupy_copy__complex64_complex64
5631089637,87007,390727,1,1,1,32,32,1,30,0.000,0.000,,,,,NVIDIA A100-SXM4-40GB MIG 4g.20gb (0),1,,13,"void convert_kernel<__half2, float2>(tensor_layout_any, T1 *, tensor_layout_any, const T2 *)"
5631203939,5632,390730,,,,,,,,,,0.094,16636.287,Pinned,Device,NVIDIA A100-SXM4-40GB MIG 4g.20gb (0),1,,13,[CUDA memcpy Host-to-Device]
5631213891,596025,390731,,,,,,,,,,456.561,765653.535,Device,,NVIDIA A100-SXM4-40GB MIG 4g.20gb (0),1,,13,[CUDA memset]
5631811292,158558,390736,,,,,,,,,,1.235,7787.557,Pinned,Device,NVIDIA A100-SXM4-40GB MIG 4g.20gb (0),1,,13,[CUDA memcpy Host-to-Device]
5631981882,40031,390737,,,,,,,,,,0.197,4911.268,Pinned,Device,NVIDIA A100-SXM4-40GB MIG 4g.20gb (0),1,,13,[CUDA memcpy Host-to-Device]
5632051385,8288,390738,69,4,1,48,1,1,76,0.002,0.000,,,,,NVIDIA A100-SXM4-40GB MIG 4g.20gb (0),1,,13,"void ch_est::windowedChEstPreNoDftSOfdmKernel<float, __half, float, (unsigned int)2, (unsigned int)1, (unsigned short)4>(ch_est::puschRxChEstStatDescr_t *, ch_est::puschRxChEstDynDescr_t *)"
5632069561,7040,390739,137,2,1,24,2,1,44,0.001,0.001,,,,,NVIDIA A100-SXM4-40GB MIG 4g.20gb (0),1,,13,"void ch_est::chEstFilterNoDftSOfdmDispatchKernel<float, __half, float, (unsigned int)2>(ch_est::puschRxChEstStatDescr_t *, ch_est::puschRxChEstDynDescr_t *)"
5632086585,4736,390740,137,2,1,24,2,1,44,0.001,0.001,,,,,NVIDIA A100-SXM4-40GB MIG 4g.20gb (0),1,,13,"void ch_est::chEstFilterNoDftSOfdmDispatchKernel<float, __half, float, (unsigned int)2>(ch_est::puschRxChEstStatDescr_t *, ch_est::puschRxChEstDynDescr_t *)"
5632103320,2528,390751,103,1,1,128,1,1,16,0.000,0.000,,,,,NVIDIA A100-SXM4-40GB MIG 4g.20gb (0),1,,13,cupy_copy__complex64_complex64
5632122808,12320,390761,1434,1,1,128,1,1,16,0.000,0.000,,,,,NVIDIA A100-SXM4-40GB MIG 4g.20gb (0),1,,13,cupy_copy__complex64_complex64
5632141496,2912,390768,103,1,1,128,1,1,16,0.000,0.000,,,,,NVIDIA A100-SXM4-40GB MIG 4g.20gb (0),1,,13,cupy_copy__complex64_complex64
5632162616,93439,390775,1,1,1,32,32,1,30,0.000,0.000,,,,,NVIDIA A100-SXM4-40GB MIG 4g.20gb (0),1,,13,"void convert_kernel<__half2, float2>(tensor_layout_any, T1 *, tensor_layout_any, const T2 *)"
5632285622,13760,390778,,,,,,,,,,0.094,6809.263,Pinned,Device,NVIDIA A100-SXM4-40GB MIG 4g.20gb (0),1,,13,[CUDA memcpy Host-to-Device]
5632304374,47039,390779,,,,,,,,,,35.810,761247.279,Device,,NVIDIA A100-SXM4-40GB MIG 4g.20gb (0),1,,13,[CUDA memset]
5632358421,7360,390781,,,,,,,,,,0.000,10.870,Pinned,Device,NVIDIA A100-SXM4-40GB MIG 4g.20gb (0),1,,13,[CUDA memcpy Host-to-Device]
5632373781,13184,390782,,,,,,,,,,0.197,14912.520,Pinned,Device,NVIDIA A100-SXM4-40GB MIG 4g.20gb (0),1,,13,[CUDA memcpy Host-to-Device]
5632404117,12480,390783,273,1,1,48,1,1,40,0.000,0.001,,,,,NVIDIA A100-SXM4-40GB MIG 4g.20gb (0),1,,13,"void pusch_noise_intf_est::noiseIntfEstNoDftSOfdmKernel<float, __half, float, float, (unsigned int)2, (unsigned int)1, (unsigned char)4, (unsigned char)4>(pusch_noise_intf_est::puschRxNoiseIntfEstDynDescr)"
5632419477,3199,390794,35,1,1,128,1,1,16,0.000,0.000,,,,,NVIDIA A100-SXM4-40GB MIG 4g.20gb (0),1,,13,cupy_copy__complex64_complex64
5632427348,2080,390803,1,1,1,1,1,1,18,0.000,0.000,,,,,NVIDIA A100-SXM4-40GB MIG 4g.20gb (0),1,,13,cupy_copy__float32_float32
5632434164,6656,390809,,,,,,,,,,0.000,0.601,Device,Pageable,NVIDIA A100-SXM4-40GB MIG 4g.20gb (0),1,,7,[CUDA memcpy Device-to-Host]
5632508915,13152,390820,1434,1,1,128,1,1,16,0.000,0.000,,,,,NVIDIA A100-SXM4-40GB MIG 4g.20gb (0),1,,13,cupy_copy__complex64_complex64
5632536371,3488,390827,103,1,1,128,1,1,16,0.000,0.000,,,,,NVIDIA A100-SXM4-40GB MIG 4g.20gb (0),1,,13,cupy_copy__complex64_complex64
5632560307,2784,390834,35,1,1,128,1,1,16,0.000,0.000,,,,,NVIDIA A100-SXM4-40GB MIG 4g.20gb (0),1,,13,cupy_copy__complex64_complex64
5632577075,2112,390841,1,1,1,1,1,1,18,0.000,0.000,,,,,NVIDIA A100-SXM4-40GB MIG 4g.20gb (0),1,,13,cupy_copy__float32_float32
5632712913,82751,390852,1,1,1,32,32,1,30,0.000,0.000,,,,,NVIDIA A100-SXM4-40GB MIG 4g.20gb (0),1,,13,"void convert_kernel<__half2, float2>(tensor_layout_any, T1 *, tensor_layout_any, const T2 *)"
5632823472,5375,390855,,,,,,,,,,0.094,17431.766,Pinned,Device,NVIDIA A100-SXM4-40GB MIG 4g.20gb (0),1,,13,[CUDA memcpy Host-to-Device]
5632838287,3520,390856,,,,,,,,,,1.547,439380.412,Device,,NVIDIA A100-SXM4-40GB MIG 4g.20gb (0),1,,13,[CUDA memset]
5632845135,3584,390861,,,,,,,,,,0.031,8732.116,Pinned,Device,NVIDIA A100-SXM4-40GB MIG 4g.20gb (0),1,,13,[CUDA memcpy Host-to-Device]
5632851631,9952,390862,,,,,,,,,,0.197,19755.565,Pinned,Device,NVIDIA A100-SXM4-40GB MIG 4g.20gb (0),1,,13,[CUDA memcpy Host-to-Device]
5632865807,8096,390863,273,1,1,8,4,1,39,0.002,0.000,,,,,NVIDIA A100-SXM4-40GB MIG 4g.20gb (0),1,,13,"void channel_eq::eqMmseCoefCompLowMimoKernel<float, float, float, (unsigned int)4, (unsigned int)1, (unsigned int)4>(const channel_eq::_puschRxChEqStatDescr *, channel_eq::_puschRxChEqCoefCompDynDescr)"
5632875183,5792,390864,273,1,1,12,11,1,51,0.002,0.000,,,,,NVIDIA A100-SXM4-40GB MIG 4g.20gb (0),1,,13,"void channel_eq::eqMmseSoftDemapKernel<float, __half, __half, float, (unsigned int)4, (unsigned short)16383>(channel_eq::_puschRxChEqStatDescr *, channel_eq::_puschRxChEqSoftDemapDynDescr)"
5632884143,280444,390865,1,1,1,32,32,1,30,0.000,0.000,,,,,NVIDIA A100-SXM4-40GB MIG 4g.20gb (0),1,,13,"void convert_kernel<float2, __half2>(tensor_layout_any, T1 *, tensor_layout_any, const T2 *)"
5633166027,10976,390877,2253,1,1,128,1,1,16,0.000,0.000,,,,,NVIDIA A100-SXM4-40GB MIG 4g.20gb (0),1,,13,cupy_copy__float16_float16
5633179211,3040,390886,282,1,1,128,1,1,16,0.000,0.000,,,,,NVIDIA A100-SXM4-40GB MIG 4g.20gb (0),1,,13,cupy_copy__complex64_complex64
5633185035,2176,390895,26,1,1,128,1,1,16,0.000,0.000,,,,,NVIDIA A100-SXM4-40GB MIG 4g.20gb (0),1,,13,cupy_copy__float32_float32
5633189707,2784,390904,103,1,1,128,1,1,16,0.000,0.000,,,,,NVIDIA A100-SXM4-40GB MIG 4g.20gb (0),1,,13,cupy_copy__complex64_complex64
5633195243,12064,390914,1434,1,1,128,1,1,16,0.000,0.000,,,,,NVIDIA A100-SXM4-40GB MIG 4g.20gb (0),1,,13,cupy_copy__complex64_complex64
5633212459,83519,390919,1,1,1,32,32,1,30,0.000,0.000,,,,,NVIDIA A100-SXM4-40GB MIG 4g.20gb (0),1,,13,"void convert_kernel<__half2, float2>(tensor_layout_any, T1 *, tensor_layout_any, const T2 *)"
5633322793,5472,390922,,,,,,,,,,0.094,17122.757,Pinned,Device,NVIDIA A100-SXM4-40GB MIG 4g.20gb (0),1,,13,[CUDA memcpy Host-to-Device]
5633335305,598009,390923,,,,,,,,,,456.561,763370.728,Device,,NVIDIA A100-SXM4-40GB MIG 4g.20gb (0),1,,13,[CUDA memset]
5633938338,138814,390928,,,,,,,,,,1.235,8895.302,Pinned,Device,NVIDIA A100-SXM4-40GB MIG 4g.20gb (0),1,,13,[CUDA memcpy Host-to-Device]
5634090272,43711,390929,,,,,,,,,,0.197,4497.801,Pinned,Device,NVIDIA A100-SXM4-40GB MIG 4g.20gb (0),1,,13,[CUDA memcpy Host-to-Device]
5634156575,8320,390930,69,4,1,48,1,1,76,0.002,0.000,,,,,NVIDIA A100-SXM4-40GB MIG 4g.20gb (0),1,,13,"void ch_est::windowedChEstPreNoDftSOfdmKernel<float, __half, float, (unsigned int)2, (unsigned int)1, (unsigned short)4>(ch_est::puschRxChEstStatDescr_t *, ch_est::puschRxChEstDynDescr_t *)"
5634173503,6752,390931,137,2,1,24,2,1,44,0.001,0.001,,,,,NVIDIA A100-SXM4-40GB MIG 4g.20gb (0),1,,13,"void ch_est::chEstFilterNoDftSOfdmDispatchKernel<float, __half, float, (unsigned int)2>(ch_est::puschRxChEstStatDescr_t *, ch_est::puschRxChEstDynDescr_t *)"
5634188543,4736,390932,137,2,1,24,2,1,44,0.001,0.001,,,,,NVIDIA A100-SXM4-40GB MIG 4g.20gb (0),1,,13,"void ch_est::chEstFilterNoDftSOfdmDispatchKernel<float, __half, float, (unsigned int)2>(ch_est::puschRxChEstStatDescr_t *, ch_est::puschRxChEstDynDescr_t *)"
5634202719,2591,390943,103,1,1,128,1,1,16,0.000,0.000,,,,,NVIDIA A100-SXM4-40GB MIG 4g.20gb (0),1,,13,cupy_copy__complex64_complex64
5634216446,12480,390953,1434,1,1,128,1,1,16,0.000,0.000,,,,,NVIDIA A100-SXM4-40GB MIG 4g.20gb (0),1,,13,cupy_copy__complex64_complex64
5634236414,2560,390960,103,1,1,128,1,1,16,0.000,0.000,,,,,NVIDIA A100-SXM4-40GB MIG 4g.20gb (0),1,,13,cupy_copy__complex64_complex64
5634255198,81951,390967,1,1,1,32,32,1,30,0.000,0.000,,,,,NVIDIA A100-SXM4-40GB MIG 4g.20gb (0),1,,13,"void convert_kernel<__half2, float2>(tensor_layout_any, T1 *, tensor_layout_any, const T2 *)"
5634370652,18368,390970,,,,,,,,,,0.094,5100.998,Pinned,Device,NVIDIA A100-SXM4-40GB MIG 4g.20gb (0),1,,13,[CUDA memcpy Host-to-Device]
5634402652,46911,390971,,,,,,,,,,35.810,763324.255,Device,,NVIDIA A100-SXM4-40GB MIG 4g.20gb (0),1,,13,[CUDA memset]
5634454395,13440,390973,,,,,,,,,,0.000,5.952,Pinned,Device,NVIDIA A100-SXM4-40GB MIG 4g.20gb (0),1,,13,[CUDA memcpy Host-to-Device]
5634478395,28928,390974,,,,,,,,,,0.197,6796.345,Pinned,Device,NVIDIA A100-SXM4-40GB MIG 4g.20gb (0),1,,13,[CUDA memcpy Host-to-Device]
5634525979,10111,390975,273,1,1,48,1,1,40,0.000,0.001,,,,,NVIDIA A100-SXM4-40GB MIG 4g.20gb (0),1,,13,"void pusch_noise_intf_est::noiseIntfEstNoDftSOfdmKernel<float, __half, float, float, (unsigned int)2, (unsigned int)1, (unsigned char)4, (unsigned char)4>(pusch_noise_intf_est::puschRxNoiseIntfEstDynDescr)"
5634541722,2816,390986,35,1,1,128,1,1,16,0.000,0.000,,,,,NVIDIA A100-SXM4-40GB MIG 4g.20gb (0),1,,13,cupy_copy__complex64_complex64
5634554458,1760,390995,1,1,1,1,1,1,18,0.000,0.000,,,,,NVIDIA A100-SXM4-40GB MIG 4g.20gb (0),1,,13,cupy_copy__float32_float32
5634558650,5696,391001,,,,,,,,,,0.000,0.702,Device,Pageable,NVIDIA A100-SXM4-40GB MIG 4g.20gb (0),1,,7,[CUDA memcpy Device-to-Host]
5634645593,12768,391012,1434,1,1,128,1,1,16,0.000,0.000,,,,,NVIDIA A100-SXM4-40GB MIG 4g.20gb (0),1,,13,cupy_copy__complex64_complex64
5634675001,6016,391019,103,1,1,128,1,1,16,0.000,0.000,,,,,NVIDIA A100-SXM4-40GB MIG 4g.20gb (0),1,,13,cupy_copy__complex64_complex64
5634692888,2688,391026,35,1,1,128,1,1,16,0.000,0.000,,,,,NVIDIA A100-SXM4-40GB MIG 4g.20gb (0),1,,13,cupy_copy__complex64_complex64
5634713976,1792,391033,1,1,1,1,1,1,18,0.000,0.000,,,,,NVIDIA A100-SXM4-40GB MIG 4g.20gb (0),1,,13,cupy_copy__float32_float32
5634840631,85311,391044,1,1,1,32,32,1,30,0.000,0.000,,,,,NVIDIA A100-SXM4-40GB MIG 4g.20gb (0),1,,13,"void convert_kernel<__half2, float2>(tensor_layout_any, T1 *, tensor_layout_any, const T2 *)"
5634956821,11040,391047,,,,,,,,,,0.094,8486.890,Pinned,Device,NVIDIA A100-SXM4-40GB MIG 4g.20gb (0),1,,13,[CUDA memcpy Host-to-Device]
5634973461,3488,391048,,,,,,,,,,1.547,443412.461,Device,,NVIDIA A100-SXM4-40GB MIG 4g.20gb (0),1,,13,[CUDA memset]
5634978453,4640,391053,,,,,,,,,,0.031,6744.820,Pinned,Device,NVIDIA A100-SXM4-40GB MIG 4g.20gb (0),1,,13,[CUDA memcpy Host-to-Device]
5634987093,11616,391054,,,,,,,,,,0.197,16925.590,Pinned,Device,NVIDIA A100-SXM4-40GB MIG 4g.20gb (0),1,,13,[CUDA memcpy Host-to-Device]
5635004693,6400,391055,273,1,1,8,4,1,39,0.002,0.000,,,,,NVIDIA A100-SXM4-40GB MIG 4g.20gb (0),1,,13,"void channel_eq::eqMmseCoefCompLowMimoKernel<float, float, float, (unsigned int)4, (unsigned int)1, (unsigned int)4>(const channel_eq::_puschRxChEqStatDescr *, channel_eq::_puschRxChEqCoefCompDynDescr)"
5635014261,5887,391056,273,1,1,12,11,1,51,0.002,0.000,,,,,NVIDIA A100-SXM4-40GB MIG 4g.20gb (0),1,,13,"void channel_eq::eqMmseSoftDemapKernel<float, __half, __half, float, (unsigned int)4, (unsigned short)16383>(channel_eq::_puschRxChEqStatDescr *, channel_eq::_puschRxChEqSoftDemapDynDescr)"
5635023828,282589,391057,1,1,1,32,32,1,30,0.000,0.000,,,,,NVIDIA A100-SXM4-40GB MIG 4g.20gb (0),1,,13,"void convert_kernel<float2, __half2>(tensor_layout_any, T1 *, tensor_layout_any, const T2 *)"
5635310737,11040,391069,2253,1,1,128,1,1,16,0.000,0.000,,,,,NVIDIA A100-SXM4-40GB MIG 4g.20gb (0),1,,13,cupy_copy__float16_float16
5635325329,3840,391078,282,1,1,128,1,1,16,0.000,0.000,,,,,NVIDIA A100-SXM4-40GB MIG 4g.20gb (0),1,,13,cupy_copy__complex64_complex64
5635330385,2656,391087,26,1,1,128,1,1,16,0.000,0.000,,,,,NVIDIA A100-SXM4-40GB MIG 4g.20gb (0),1,,13,cupy_copy__float32_float32
5635335249,3904,391096,103,1,1,128,1,1,16,0.000,0.000,,,,,NVIDIA A100-SXM4-40GB MIG 4g.20gb (0),1,,13,cupy_copy__complex64_complex64
5635340113,11999,391106,1434,1,1,128,1,1,16,0.000,0.000,,,,,NVIDIA A100-SXM4-40GB MIG 4g.20gb (0),1,,13,cupy_copy__complex64_complex64
5635356144,86399,391111,1,1,1,32,32,1,30,0.000,0.000,,,,,NVIDIA A100-SXM4-40GB MIG 4g.20gb (0),1,,13,"void convert_kernel<__half2, float2>(tensor_layout_any, T1 *, tensor_layout_any, const T2 *)"
5635470095,6080,391114,,,,,,,,,,0.094,15410.462,Pinned,Device,NVIDIA A100-SXM4-40GB MIG 4g.20gb (0),1,,13,[CUDA memcpy Host-to-Device]
5635479727,598552,391115,,,,,,,,,,456.561,762457.605,Device,,NVIDIA A100-SXM4-40GB MIG 4g.20gb (0),1,,13,[CUDA memset]
5636085351,122975,391120,,,,,,,,,,1.235,10041.330,Pinned,Device,NVIDIA A100-SXM4-40GB MIG 4g.20gb (0),1,,13,[CUDA memcpy Host-to-Device]
5636219206,32639,391121,,,,,,,,,,0.197,6023.676,Pinned,Device,NVIDIA A100-SXM4-40GB MIG 4g.20gb (0),1,,13,[CUDA memcpy Host-to-Device]
5636261349,8672,391122,69,4,1,48,1,1,76,0.002,0.000,,,,,NVIDIA A100-SXM4-40GB MIG 4g.20gb (0),1,,13,"void ch_est::windowedChEstPreNoDftSOfdmKernel<float, __half, float, (unsigned int)2, (unsigned int)1, (unsigned short)4>(ch_est::puschRxChEstStatDescr_t *, ch_est::puschRxChEstDynDescr_t *)"
5636274213,7072,391123,137,2,1,24,2,1,44,0.001,0.001,,,,,NVIDIA A100-SXM4-40GB MIG 4g.20gb (0),1,,13,"void ch_est::chEstFilterNoDftSOfdmDispatchKernel<float, __half, float, (unsigned int)2>(ch_est::puschRxChEstStatDescr_t *, ch_est::puschRxChEstDynDescr_t *)"
5636287269,6880,391124,137,2,1,24,2,1,44,0.001,0.001,,,,,NVIDIA A100-SXM4-40GB MIG 4g.20gb (0),1,,13,"void ch_est::chEstFilterNoDftSOfdmDispatchKernel<float, __half, float, (unsigned int)2>(ch_est::puschRxChEstStatDescr_t *, ch_est::puschRxChEstDynDescr_t *)"
5636302725,2784,391135,103,1,1,128,1,1,16,0.000,0.000,,,,,NVIDIA A100-SXM4-40GB MIG 4g.20gb (0),1,,13,cupy_copy__complex64_complex64
5636314757,12543,391145,1434,1,1,128,1,1,16,0.000,0.000,,,,,NVIDIA A100-SXM4-40GB MIG 4g.20gb (0),1,,13,cupy_copy__complex64_complex64
5636331172,2912,391152,103,1,1,128,1,1,16,0.000,0.000,,,,,NVIDIA A100-SXM4-40GB MIG 4g.20gb (0),1,,13,cupy_copy__complex64_complex64
5636350500,85823,391159,1,1,1,32,32,1,30,0.000,0.000,,,,,NVIDIA A100-SXM4-40GB MIG 4g.20gb (0),1,,13,"void convert_kernel<__half2, float2>(tensor_layout_any, T1 *, tensor_layout_any, const T2 *)"
5636470755,21119,391162,,,,,,,,,,0.094,4436.506,Pinned,Device,NVIDIA A100-SXM4-40GB MIG 4g.20gb (0),1,,13,[CUDA memcpy Host-to-Device]
5636506306,46848,391163,,,,,,,,,,35.810,764362.742,Device,,NVIDIA A100-SXM4-40GB MIG 4g.20gb (0),1,,13,[CUDA memset]
5636556674,15455,391165,,,,,,,,,,0.000,5.176,Pinned,Device,NVIDIA A100-SXM4-40GB MIG 4g.20gb (0),1,,13,[CUDA memcpy Host-to-Device]
5636580737,24768,391166,,,,,,,,,,0.197,7937.851,Pinned,Device,NVIDIA A100-SXM4-40GB MIG 4g.20gb (0),1,,13,[CUDA memcpy Host-to-Device]
5636634273,9439,391167,273,1,1,48,1,1,40,0.000,0.001,,,,,NVIDIA A100-SXM4-40GB MIG 4g.20gb (0),1,,13,"void pusch_noise_intf_est::noiseIntfEstNoDftSOfdmKernel<float, __half, float, float, (unsigned int)2, (unsigned int)1, (unsigned char)4, (unsigned char)4>(pusch_noise_intf_est::puschRxNoiseIntfEstDynDescr)"
5636649504,2592,391178,35,1,1,128,1,1,16,0.000,0.000,,,,,NVIDIA A100-SXM4-40GB MIG 4g.20gb (0),1,,13,cupy_copy__complex64_complex64
5636663872,1760,391187,1,1,1,1,1,1,18,0.000,0.000,,,,,NVIDIA A100-SXM4-40GB MIG 4g.20gb (0),1,,13,cupy_copy__float32_float32
5636671456,6336,391193,,,,,,,,,,0.000,0.631,Device,Pageable,NVIDIA A100-SXM4-40GB MIG 4g.20gb (0),1,,7,[CUDA memcpy Device-to-Host]
5636758943,12768,391204,1434,1,1,128,1,1,16,0.000,0.000,,,,,NVIDIA A100-SXM4-40GB MIG 4g.20gb (0),1,,13,cupy_copy__complex64_complex64
5636782943,3392,391211,103,1,1,128,1,1,16,0.000,0.000,,,,,NVIDIA A100-SXM4-40GB MIG 4g.20gb (0),1,,13,cupy_copy__complex64_complex64
5636807390,2528,391218,35,1,1,128,1,1,16,0.000,0.000,,,,,NVIDIA A100-SXM4-40GB MIG 4g.20gb (0),1,,13,cupy_copy__complex64_complex64
5636822142,1792,391225,1,1,1,1,1,1,18,0.000,0.000,,,,,NVIDIA A100-SXM4-40GB MIG 4g.20gb (0),1,,13,cupy_copy__float32_float32
5636955741,90686,391236,1,1,1,32,32,1,30,0.000,0.000,,,,,NVIDIA A100-SXM4-40GB MIG 4g.20gb (0),1,,13,"void convert_kernel<__half2, float2>(tensor_layout_any, T1 *, tensor_layout_any, const T2 *)"
5637074971,6208,391239,,,,,,,,,,0.094,15092.739,Pinned,Device,NVIDIA A100-SXM4-40GB MIG 4g.20gb (0),1,,13,[CUDA memcpy Host-to-Device]
5637090523,3360,391240,,,,,,,,,,1.547,460304.688,Device,,NVIDIA A100-SXM4-40GB MIG 4g.20gb (0),1,,13,[CUDA memset]
5637096859,3040,391245,,,,,,,,,,0.031,10294.725,Pinned,Device,NVIDIA A100-SXM4-40GB MIG 4g.20gb (0),1,,13,[CUDA memcpy Host-to-Device]
5637102331,9536,391246,,,,,,,,,,0.197,20617.298,Pinned,Device,NVIDIA A100-SXM4-40GB MIG 4g.20gb (0),1,,13,[CUDA memcpy Host-to-Device]
5637119131,6400,391247,273,1,1,8,4,1,39,0.002,0.000,,,,,NVIDIA A100-SXM4-40GB MIG 4g.20gb (0),1,,13,"void channel_eq::eqMmseCoefCompLowMimoKernel<float, float, float, (unsigned int)4, (unsigned int)1, (unsigned int)4>(const channel_eq::_puschRxChEqStatDescr *, channel_eq::_puschRxChEqCoefCompDynDescr)"
5637128282,5632,391248,273,1,1,12,11,1,51,0.002,0.000,,,,,NVIDIA A100-SXM4-40GB MIG 4g.20gb (0),1,,13,"void channel_eq::eqMmseSoftDemapKernel<float, __half, __half, float, (unsigned int)4, (unsigned short)16383>(channel_eq::_puschRxChEqStatDescr *, channel_eq::_puschRxChEqSoftDemapDynDescr)"
5637135322,282301,391249,1,1,1,32,32,1,30,0.000,0.000,,,,,NVIDIA A100-SXM4-40GB MIG 4g.20gb (0),1,,13,"void convert_kernel<float2, __half2>(tensor_layout_any, T1 *, tensor_layout_any, const T2 *)"
5637418743,10848,391261,2253,1,1,128,1,1,16,0.000,0.000,,,,,NVIDIA A100-SXM4-40GB MIG 4g.20gb (0),1,,13,cupy_copy__float16_float16
5637431479,3616,391270,282,1,1,128,1,1,16,0.000,0.000,,,,,NVIDIA A100-SXM4-40GB MIG 4g.20gb (0),1,,13,cupy_copy__complex64_complex64
5637438071,1984,391279,26,1,1,128,1,1,16,0.000,0.000,,,,,NVIDIA A100-SXM4-40GB MIG 4g.20gb (0),1,,13,cupy_copy__float32_float32
5637441303,4672,391288,103,1,1,128,1,1,16,0.000,0.000,,,,,NVIDIA A100-SXM4-40GB MIG 4g.20gb (0),1,,13,cupy_copy__complex64_complex64
5637447159,12031,391298,1434,1,1,128,1,1,16,0.000,0.000,,,,,NVIDIA A100-SXM4-40GB MIG 4g.20gb (0),1,,13,cupy_copy__complex64_complex64
5637466678,87455,391303,1,1,1,32,32,1,30,0.000,0.000,,,,,NVIDIA A100-SXM4-40GB MIG 4g.20gb (0),1,,13,"void convert_kernel<__half2, float2>(tensor_layout_any, T1 *, tensor_layout_any, const T2 *)"
5637581429,5504,391306,,,,,,,,,,0.094,17023.251,Pinned,Device,NVIDIA A100-SXM4-40GB MIG 4g.20gb (0),1,,13,[CUDA memcpy Host-to-Device]
5637595029,594744,391307,,,,,,,,,,456.561,767479.781,Device,,NVIDIA A100-SXM4-40GB MIG 4g.20gb (0),1,,13,[CUDA memset]
5638200109,123711,391312,,,,,,,,,,1.235,9982.052,Pinned,Device,NVIDIA A100-SXM4-40GB MIG 4g.20gb (0),1,,13,[CUDA memcpy Host-to-Device]
5638332620,29151,391313,,,,,,,,,,0.197,6744.441,Pinned,Device,NVIDIA A100-SXM4-40GB MIG 4g.20gb (0),1,,13,[CUDA memcpy Host-to-Device]
5638381803,8192,391314,69,4,1,48,1,1,76,0.002,0.000,,,,,NVIDIA A100-SXM4-40GB MIG 4g.20gb (0),1,,13,"void ch_est::windowedChEstPreNoDftSOfdmKernel<float, __half, float, (unsigned int)2, (unsigned int)1, (unsigned short)4>(ch_est::puschRxChEstStatDescr_t *, ch_est::puschRxChEstDynDescr_t *)"
5638393195,6944,391315,137,2,1,24,2,1,44,0.001,0.001,,,,,NVIDIA A100-SXM4-40GB MIG 4g.20gb (0),1,,13,"void ch_est::chEstFilterNoDftSOfdmDispatchKernel<float, __half, float, (unsigned int)2>(ch_est::puschRxChEstStatDescr_t *, ch_est::puschRxChEstDynDescr_t *)"
5638408139,5024,391316,137,2,1,24,2,1,44,0.001,0.001,,,,,NVIDIA A100-SXM4-40GB MIG 4g.20gb (0),1,,13,"void ch_est::chEstFilterNoDftSOfdmDispatchKernel<float, __half, float, (unsigned int)2>(ch_est::puschRxChEstStatDescr_t *, ch_est::puschRxChEstDynDescr_t *)"
5638418923,2336,391327,103,1,1,128,1,1,16,0.000,0.000,,,,,NVIDIA A100-SXM4-40GB MIG 4g.20gb (0),1,,13,cupy_copy__complex64_complex64
5638426634,12640,391337,1434,1,1,128,1,1,16,0.000,0.000,,,,,NVIDIA A100-SXM4-40GB MIG 4g.20gb (0),1,,13,cupy_copy__complex64_complex64
5638446410,2560,391344,103,1,1,128,1,1,16,0.000,0.000,,,,,NVIDIA A100-SXM4-40GB MIG 4g.20gb (0),1,,13,cupy_copy__complex64_complex64
5638454538,87871,391351,1,1,1,32,32,1,30,0.000,0.000,,,,,NVIDIA A100-SXM4-40GB MIG 4g.20gb (0),1,,13,"void convert_kernel<__half2, float2>(tensor_layout_any, T1 *, tensor_layout_any, const T2 *)"
5638570921,13536,391354,,,,,,,,,,0.094,6921.979,Pinned,Device,NVIDIA A100-SXM4-40GB MIG 4g.20gb (0),1,,13,[CUDA memcpy Host-to-Device]
5638589224,47296,391355,,,,,,,,,,35.810,757129.139,Device,,NVIDIA A100-SXM4-40GB MIG 4g.20gb (0),1,,13,[CUDA memset]
5638639816,7584,391357,,,,,,,,,,0.000,10.548,Pinned,Device,NVIDIA A100-SXM4-40GB MIG 4g.20gb (0),1,,13,[CUDA memcpy Host-to-Device]
5638652552,21983,391358,,,,,,,,,,0.197,8943.501,Pinned,Device,NVIDIA A100-SXM4-40GB MIG 4g.20gb (0),1,,13,[CUDA memcpy Host-to-Device]
5638691751,9760,391359,273,1,1,48,1,1,40,0.000,0.001,,,,,NVIDIA A100-SXM4-40GB MIG 4g.20gb (0),1,,13,"void pusch_noise_intf_est::noiseIntfEstNoDftSOfdmKernel<float, __half, float, float, (unsigned int)2, (unsigned int)1, (unsigned char)4, (unsigned char)4>(pusch_noise_intf_est::puschRxNoiseIntfEstDynDescr)"
5638711783,2752,391370,35,1,1,128,1,1,16,0.000,0.000,,,,,NVIDIA A100-SXM4-40GB MIG 4g.20gb (0),1,,13,cupy_copy__complex64_complex64
5638722343,1728,391379,1,1,1,1,1,1,18,0.000,0.000,,,,,NVIDIA A100-SXM4-40GB MIG 4g.20gb (0),1,,13,cupy_copy__float32_float32
5638732455,6656,391385,,,,,,,,,,0.000,0.601,Device,Pageable,NVIDIA A100-SXM4-40GB MIG 4g.20gb (0),1,,7,[CUDA memcpy Device-to-Host]
5638821926,12767,391396,1434,1,1,128,1,1,16,0.000,0.000,,,,,NVIDIA A100-SXM4-40GB MIG 4g.20gb (0),1,,13,cupy_copy__complex64_complex64
5638837477,2784,391403,103,1,1,128,1,1,16,0.000,0.000,,,,,NVIDIA A100-SXM4-40GB MIG 4g.20gb (0),1,,13,cupy_copy__complex64_complex64
5638872005,2784,391410,35,1,1,128,1,1,16,0.000,0.000,,,,,NVIDIA A100-SXM4-40GB MIG 4g.20gb (0),1,,13,cupy_copy__complex64_complex64
5638894245,1760,391417,1,1,1,1,1,1,18,0.000,0.000,,,,,NVIDIA A100-SXM4-40GB MIG 4g.20gb (0),1,,13,cupy_copy__float32_float32
5639021763,87903,391428,1,1,1,32,32,1,30,0.000,0.000,,,,,NVIDIA A100-SXM4-40GB MIG 4g.20gb (0),1,,13,"void convert_kernel<__half2, float2>(tensor_layout_any, T1 *, tensor_layout_any, const T2 *)"
5639137666,5728,391431,,,,,,,,,,0.094,16357.541,Pinned,Device,NVIDIA A100-SXM4-40GB MIG 4g.20gb (0),1,,13,[CUDA memcpy Host-to-Device]
5639151778,3424,391432,,,,,,,,,,1.547,451700.819,Device,,NVIDIA A100-SXM4-40GB MIG 4g.20gb (0),1,,13,[CUDA memset]
5639158721,3808,391437,,,,,,,,,,0.031,8218.486,Pinned,Device,NVIDIA A100-SXM4-40GB MIG 4g.20gb (0),1,,13,[CUDA memcpy Host-to-Device]
5639164609,9344,391438,,,,,,,,,,0.197,21040.988,Pinned,Device,NVIDIA A100-SXM4-40GB MIG 4g.20gb (0),1,,13,[CUDA memcpy Host-to-Device]
5639179553,6464,391439,273,1,1,8,4,1,39,0.002,0.000,,,,,NVIDIA A100-SXM4-40GB MIG 4g.20gb (0),1,,13,"void channel_eq::eqMmseCoefCompLowMimoKernel<float, float, float, (unsigned int)4, (unsigned int)1, (unsigned int)4>(const channel_eq::_puschRxChEqStatDescr *, channel_eq::_puschRxChEqCoefCompDynDescr)"
5639187809,6240,391440,273,1,1,12,11,1,51,0.002,0.000,,,,,NVIDIA A100-SXM4-40GB MIG 4g.20gb (0),1,,13,"void channel_eq::eqMmseSoftDemapKernel<float, __half, __half, float, (unsigned int)4, (unsigned short)16383>(channel_eq::_puschRxChEqStatDescr *, channel_eq::_puschRxChEqSoftDemapDynDescr)"
5639195329,294172,391441,1,1,1,32,32,1,30,0.000,0.000,,,,,NVIDIA A100-SXM4-40GB MIG 4g.20gb (0),1,,13,"void convert_kernel<float2, __half2>(tensor_layout_any, T1 *, tensor_layout_any, const T2 *)"
5639491549,11136,391453,2253,1,1,128,1,1,16,0.000,0.000,,,,,NVIDIA A100-SXM4-40GB MIG 4g.20gb (0),1,,13,cupy_copy__float16_float16
5639506205,3616,391462,282,1,1,128,1,1,16,0.000,0.000,,,,,NVIDIA A100-SXM4-40GB MIG 4g.20gb (0),1,,13,cupy_copy__complex64_complex64
5639513501,2016,391471,26,1,1,128,1,1,16,0.000,0.000,,,,,NVIDIA A100-SXM4-40GB MIG 4g.20gb (0),1,,13,cupy_copy__float32_float32
5639517693,4608,391480,103,1,1,128,1,1,16,0.000,0.000,,,,,NVIDIA A100-SXM4-40GB MIG 4g.20gb (0),1,,13,cupy_copy__complex64_complex64
5639523357,11808,391490,1434,1,1,128,1,1,16,0.000,0.000,,,,,NVIDIA A100-SXM4-40GB MIG 4g.20gb (0),1,,13,cupy_copy__complex64_complex64
5639541629,81215,391495,1,1,1,32,32,1,30,0.000,0.000,,,,,NVIDIA A100-SXM4-40GB MIG 4g.20gb (0),1,,13,"void convert_kernel<__half2, float2>(tensor_layout_any, T1 *, tensor_layout_any, const T2 *)"
5639650267,5376,391498,,,,,,,,,,0.094,17428.487,Pinned,Device,NVIDIA A100-SXM4-40GB MIG 4g.20gb (0),1,,13,[CUDA memcpy Host-to-Device]
5639660667,597497,391499,,,,,,,,,,456.561,763827.289,Device,,NVIDIA A100-SXM4-40GB MIG 4g.20gb (0),1,,13,[CUDA memset]
5640266676,158366,391504,,,,,,,,,,1.235,7797.436,Pinned,Device,NVIDIA A100-SXM4-40GB MIG 4g.20gb (0),1,,13,[CUDA memcpy Host-to-Device]
5640438898,41727,391505,,,,,,,,,,0.197,4711.711,Pinned,Device,NVIDIA A100-SXM4-40GB MIG 4g.20gb (0),1,,13,[CUDA memcpy Host-to-Device]
5640500177,8576,391506,69,4,1,48,1,1,76,0.002,0.000,,,,,NVIDIA A100-SXM4-40GB MIG 4g.20gb (0),1,,13,"void ch_est::windowedChEstPreNoDftSOfdmKernel<float, __half, float, (unsigned int)2, (unsigned int)1, (unsigned short)4>(ch_est::puschRxChEstStatDescr_t *, ch_est::puschRxChEstDynDescr_t *)"
5640516657,6976,391507,137,2,1,24,2,1,44,0.001,0.001,,,,,NVIDIA A100-SXM4-40GB MIG 4g.20gb (0),1,,13,"void ch_est::chEstFilterNoDftSOfdmDispatchKernel<float, __half, float, (unsigned int)2>(ch_est::puschRxChEstStatDescr_t *, ch_est::puschRxChEstDynDescr_t *)"
5640530577,4864,391508,137,2,1,24,2,1,44,0.001,0.001,,,,,NVIDIA A100-SXM4-40GB MIG 4g.20gb (0),1,,13,"void ch_est::chEstFilterNoDftSOfdmDispatchKernel<float, __half, float, (unsigned int)2>(ch_est::puschRxChEstStatDescr_t *, ch_est::puschRxChEstDynDescr_t *)"
5640545040,2400,391519,103,1,1,128,1,1,16,0.000,0.000,,,,,NVIDIA A100-SXM4-40GB MIG 4g.20gb (0),1,,13,cupy_copy__complex64_complex64
5640561168,12512,391529,1434,1,1,128,1,1,16,0.000,0.000,,,,,NVIDIA A100-SXM4-40GB MIG 4g.20gb (0),1,,13,cupy_copy__complex64_complex64
5640594000,2496,391536,103,1,1,128,1,1,16,0.000,0.000,,,,,NVIDIA A100-SXM4-40GB MIG 4g.20gb (0),1,,13,cupy_copy__complex64_complex64
5640610128,88606,391543,1,1,1,32,32,1,30,0.000,0.000,,,,,NVIDIA A100-SXM4-40GB MIG 4g.20gb (0),1,,13,"void convert_kernel<__half2, float2>(tensor_layout_any, T1 *, tensor_layout_any, const T2 *)"
5640726606,5856,391546,,,,,,,,,,0.094,15999.997,Pinned,Device,NVIDIA A100-SXM4-40GB MIG 4g.20gb (0),1,,13,[CUDA memcpy Host-to-Device]
5640739662,47199,391547,,,,,,,,,,35.810,758668.965,Device,,NVIDIA A100-SXM4-40GB MIG 4g.20gb (0),1,,13,[CUDA memset]
5640792141,4320,391549,,,,,,,,,,0.000,18.518,Pinned,Device,NVIDIA A100-SXM4-40GB MIG 4g.20gb (0),1,,13,[CUDA memcpy Host-to-Device]
5640802829,11232,391550,,,,,,,,,,0.197,17504.207,Pinned,Device,NVIDIA A100-SXM4-40GB MIG 4g.20gb (0),1,,13,[CUDA memcpy Host-to-Device]
5640821773,10496,391551,273,1,1,48,1,1,40,0.000,0.001,,,,,NVIDIA A100-SXM4-40GB MIG 4g.20gb (0),1,,13,"void pusch_noise_intf_est::noiseIntfEstNoDftSOfdmKernel<float, __half, float, float, (unsigned int)2, (unsigned int)1, (unsigned char)4, (unsigned char)4>(pusch_noise_intf_est::puschRxNoiseIntfEstDynDescr)"
5640836301,2912,391562,35,1,1,128,1,1,16,0.000,0.000,,,,,NVIDIA A100-SXM4-40GB MIG 4g.20gb (0),1,,13,cupy_copy__complex64_complex64
5640852269,1952,391571,1,1,1,1,1,1,18,0.000,0.000,,,,,NVIDIA A100-SXM4-40GB MIG 4g.20gb (0),1,,13,cupy_copy__float32_float32
5640882412,1568,391577,,,,,,,,,,0.000,2.551,Device,Pageable,NVIDIA A100-SXM4-40GB MIG 4g.20gb (0),1,,7,[CUDA memcpy Device-to-Host]
5640944235,12768,391588,1434,1,1,128,1,1,16,0.000,0.000,,,,,NVIDIA A100-SXM4-40GB MIG 4g.20gb (0),1,,13,cupy_copy__complex64_complex64
5640969739,3552,391595,103,1,1,128,1,1,16,0.000,0.000,,,,,NVIDIA A100-SXM4-40GB MIG 4g.20gb (0),1,,13,cupy_copy__complex64_complex64
5640989675,2304,391602,35,1,1,128,1,1,16,0.000,0.000,,,,,NVIDIA A100-SXM4-40GB MIG 4g.20gb (0),1,,13,cupy_copy__complex64_complex64
5641007691,1824,391609,1,1,1,1,1,1,18,0.000,0.000,,,,,NVIDIA A100-SXM4-40GB MIG 4g.20gb (0),1,,13,cupy_copy__float32_float32
5641139561,88319,391620,1,1,1,32,32,1,30,0.000,0.000,,,,,NVIDIA A100-SXM4-40GB MIG 4g.20gb (0),1,,13,"void convert_kernel<__half2, float2>(tensor_layout_any, T1 *, tensor_layout_any, const T2 *)"
5641255272,5568,391623,,,,,,,,,,0.094,16827.521,Pinned,Device,NVIDIA A100-SXM4-40GB MIG 4g.20gb (0),1,,13,[CUDA memcpy Host-to-Device]
5641269511,3424,391624,,,,,,,,,,1.547,451700.819,Device,,NVIDIA A100-SXM4-40GB MIG 4g.20gb (0),1,,13,[CUDA memset]
5641276519,3488,391629,,,,,,,,,,0.031,8972.469,Pinned,Device,NVIDIA A100-SXM4-40GB MIG 4g.20gb (0),1,,13,[CUDA memcpy Host-to-Device]
5641282439,9568,391630,,,,,,,,,,0.197,20548.485,Pinned,Device,NVIDIA A100-SXM4-40GB MIG 4g.20gb (0),1,,13,[CUDA memcpy Host-to-Device]
5641297415,6432,391631,273,1,1,8,4,1,39,0.002,0.000,,,,,NVIDIA A100-SXM4-40GB MIG 4g.20gb (0),1,,13,"void channel_eq::eqMmseCoefCompLowMimoKernel<float, float, float, (unsigned int)4, (unsigned int)1, (unsigned int)4>(const channel_eq::_puschRxChEqStatDescr *, channel_eq::_puschRxChEqCoefCompDynDescr)"
5641304871,7424,391632,273,1,1,12,11,1,51,0.002,0.000,,,,,NVIDIA A100-SXM4-40GB MIG 4g.20gb (0),1,,13,"void channel_eq::eqMmseSoftDemapKernel<float, __half, __half, float, (unsigned int)4, (unsigned short)16383>(channel_eq::_puschRxChEqStatDescr *, channel_eq::_puschRxChEqSoftDemapDynDescr)"
5641313511,281884,391633,1,1,1,32,32,1,30,0.000,0.000,,,,,NVIDIA A100-SXM4-40GB MIG 4g.20gb (0),1,,13,"void convert_kernel<float2, __half2>(tensor_layout_any, T1 *, tensor_layout_any, const T2 *)"
5641599075,10880,391645,2253,1,1,128,1,1,16,0.000,0.000,,,,,NVIDIA A100-SXM4-40GB MIG 4g.20gb (0),1,,13,cupy_copy__float16_float16
5641612131,3008,391654,282,1,1,128,1,1,16,0.000,0.000,,,,,NVIDIA A100-SXM4-40GB MIG 4g.20gb (0),1,,13,cupy_copy__complex64_complex64
5641616515,2336,391663,26,1,1,128,1,1,16,0.000,0.000,,,,,NVIDIA A100-SXM4-40GB MIG 4g.20gb (0),1,,13,cupy_copy__float32_float32
5641622243,2944,391672,103,1,1,128,1,1,16,0.000,0.000,,,,,NVIDIA A100-SXM4-40GB MIG 4g.20gb (0),1,,13,cupy_copy__complex64_complex64
5641628995,12320,391682,1434,1,1,128,1,1,16,0.000,0.000,,,,,NVIDIA A100-SXM4-40GB MIG 4g.20gb (0),1,,13,cupy_copy__complex64_complex64
5641647619,87103,391687,1,1,1,32,32,1,30,0.000,0.000,,,,,NVIDIA A100-SXM4-40GB MIG 4g.20gb (0),1,,13,"void convert_kernel<__half2, float2>(tensor_layout_any, T1 *, tensor_layout_any, const T2 *)"
5641761729,5760,391690,,,,,,,,,,0.094,16266.656,Pinned,Device,NVIDIA A100-SXM4-40GB MIG 4g.20gb (0),1,,13,[CUDA memcpy Host-to-Device]
5641771873,599609,391691,,,,,,,,,,456.561,761087.920,Device,,NVIDIA A100-SXM4-40GB MIG 4g.20gb (0),1,,13,[CUDA memset]
5642379002,163422,391696,,,,,,,,,,1.235,7556.622,Pinned,Device,NVIDIA A100-SXM4-40GB MIG 4g.20gb (0),1,,13,[CUDA memcpy Host-to-Device]
5642555000,39295,391697,,,,,,,,,,0.197,5003.280,Pinned,Device,NVIDIA A100-SXM4-40GB MIG 4g.20gb (0),1,,13,[CUDA memcpy Host-to-Device]
5642619095,7776,391698,69,4,1,48,1,1,76,0.002,0.000,,,,,NVIDIA A100-SXM4-40GB MIG 4g.20gb (0),1,,13,"void ch_est::windowedChEstPreNoDftSOfdmKernel<float, __half, float, (unsigned int)2, (unsigned int)1, (unsigned short)4>(ch_est::puschRxChEstStatDescr_t *, ch_est::puschRxChEstDynDescr_t *)"
5642638135,6784,391699,137,2,1,24,2,1,44,0.001,0.001,,,,,NVIDIA A100-SXM4-40GB MIG 4g.20gb (0),1,,13,"void ch_est::chEstFilterNoDftSOfdmDispatchKernel<float, __half, float, (unsigned int)2>(ch_est::puschRxChEstStatDescr_t *, ch_est::puschRxChEstDynDescr_t *)"
5642655030,4736,391700,137,2,1,24,2,1,44,0.001,0.001,,,,,NVIDIA A100-SXM4-40GB MIG 4g.20gb (0),1,,13,"void ch_est::chEstFilterNoDftSOfdmDispatchKernel<float, __half, float, (unsigned int)2>(ch_est::puschRxChEstStatDescr_t *, ch_est::puschRxChEstDynDescr_t *)"
5642672278,2720,391711,103,1,1,128,1,1,16,0.000,0.000,,,,,NVIDIA A100-SXM4-40GB MIG 4g.20gb (0),1,,13,cupy_copy__complex64_complex64
5642688950,12384,391721,1434,1,1,128,1,1,16,0.000,0.000,,,,,NVIDIA A100-SXM4-40GB MIG 4g.20gb (0),1,,13,cupy_copy__complex64_complex64
5642711190,2912,391728,103,1,1,128,1,1,16,0.000,0.000,,,,,NVIDIA A100-SXM4-40GB MIG 4g.20gb (0),1,,13,cupy_copy__complex64_complex64
5642734485,90559,391735,1,1,1,32,32,1,30,0.000,0.000,,,,,NVIDIA A100-SXM4-40GB MIG 4g.20gb (0),1,,13,"void convert_kernel<__half2, float2>(tensor_layout_any, T1 *, tensor_layout_any, const T2 *)"
5642873588,21407,391738,,,,,,,,,,0.094,4376.821,Pinned,Device,NVIDIA A100-SXM4-40GB MIG 4g.20gb (0),1,,13,[CUDA memcpy Host-to-Device]
5642916275,47136,391739,,,,,,,,,,35.810,759707.453,Device,,NVIDIA A100-SXM4-40GB MIG 4g.20gb (0),1,,13,[CUDA memset]
5642971026,6816,391741,,,,,,,,,,0.000,11.737,Pinned,Device,NVIDIA A100-SXM4-40GB MIG 4g.20gb (0),1,,13,[CUDA memcpy Host-to-Device]
5642986354,18016,391742,,,,,,,,,,0.197,10912.924,Pinned,Device,NVIDIA A100-SXM4-40GB MIG 4g.20gb (0),1,,13,[CUDA memcpy Host-to-Device]
5643016530,10080,391743,273,1,1,48,1,1,40,0.000,0.001,,,,,NVIDIA A100-SXM4-40GB MIG 4g.20gb (0),1,,13,"void pusch_noise_intf_est::noiseIntfEstNoDftSOfdmKernel<float, __half, float, float, (unsigned int)2, (unsigned int)1, (unsigned char)4, (unsigned char)4>(pusch_noise_intf_est::puschRxNoiseIntfEstDynDescr)"
5643030738,2976,391754,35,1,1,128,1,1,16,0.000,0.000,,,,,NVIDIA A100-SXM4-40GB MIG 4g.20gb (0),1,,13,cupy_copy__complex64_complex64
5643038514,1728,391763,1,1,1,1,1,1,18,0.000,0.000,,,,,NVIDIA A100-SXM4-40GB MIG 4g.20gb (0),1,,13,cupy_copy__float32_float32
5643041362,1952,391769,,,,,,,,,,0.000,2.049,Device,Pageable,NVIDIA A100-SXM4-40GB MIG 4g.20gb (0),1,,7,[CUDA memcpy Device-to-Host]
5643103185,12768,391780,1434,1,1,128,1,1,16,0.000,0.000,,,,,NVIDIA A100-SXM4-40GB MIG 4g.20gb (0),1,,13,cupy_copy__complex64_complex64
5643130417,2975,391787,103,1,1,128,1,1,16,0.000,0.000,,,,,NVIDIA A100-SXM4-40GB MIG 4g.20gb (0),1,,13,cupy_copy__complex64_complex64
5643151120,2464,391794,35,1,1,128,1,1,16,0.000,0.000,,,,,NVIDIA A100-SXM4-40GB MIG 4g.20gb (0),1,,13,cupy_copy__complex64_complex64
5643171600,1856,391801,1,1,1,1,1,1,18,0.000,0.000,,,,,NVIDIA A100-SXM4-40GB MIG 4g.20gb (0),1,,13,cupy_copy__float32_float32
5643301134,82207,391812,1,1,1,32,32,1,30,0.000,0.000,,,,,NVIDIA A100-SXM4-40GB MIG 4g.20gb (0),1,,13,"void convert_kernel<__half2, float2>(tensor_layout_any, T1 *, tensor_layout_any, const T2 *)"
5643411021,5632,391815,,,,,,,,,,0.094,16636.287,Pinned,Device,NVIDIA A100-SXM4-40GB MIG 4g.20gb (0),1,,13,[CUDA memcpy Host-to-Device]
5643427533,3616,391816,,,,,,,,,,1.547,427715.774,Device,,NVIDIA A100-SXM4-40GB MIG 4g.20gb (0),1,,13,[CUDA memset]
5643431821,3488,391821,,,,,,,,,,0.031,8972.469,Pinned,Device,NVIDIA A100-SXM4-40GB MIG 4g.20gb (0),1,,13,[CUDA memcpy Host-to-Device]
5643437741,9440,391822,,,,,,,,,,0.197,20827.079,Pinned,Device,NVIDIA A100-SXM4-40GB MIG 4g.20gb (0),1,,13,[CUDA memcpy Host-to-Device]
5643451597,6911,391823,273,1,1,8,4,1,39,0.002,0.000,,,,,NVIDIA A100-SXM4-40GB MIG 4g.20gb (0),1,,13,"void channel_eq::eqMmseCoefCompLowMimoKernel<float, float, float, (unsigned int)4, (unsigned int)1, (unsigned int)4>(const channel_eq::_puschRxChEqStatDescr *, channel_eq::_puschRxChEqCoefCompDynDescr)"
5643459468,6592,391824,273,1,1,12,11,1,51,0.002,0.000,,,,,NVIDIA A100-SXM4-40GB MIG 4g.20gb (0),1,,13,"void channel_eq::eqMmseSoftDemapKernel<float, __half, __half, float, (unsigned int)4, (unsigned short)16383>(channel_eq::_puschRxChEqStatDescr *, channel_eq::_puschRxChEqSoftDemapDynDescr)"
5643467180,282877,391825,1,1,1,32,32,1,30,0.000,0.000,,,,,NVIDIA A100-SXM4-40GB MIG 4g.20gb (0),1,,13,"void convert_kernel<float2, __half2>(tensor_layout_any, T1 *, tensor_layout_any, const T2 *)"
5643751849,11168,391837,2253,1,1,128,1,1,16,0.000,0.000,,,,,NVIDIA A100-SXM4-40GB MIG 4g.20gb (0),1,,13,cupy_copy__float16_float16
5643764937,3072,391846,282,1,1,128,1,1,16,0.000,0.000,,,,,NVIDIA A100-SXM4-40GB MIG 4g.20gb (0),1,,13,cupy_copy__complex64_complex64
5643769641,2016,391855,26,1,1,128,1,1,16,0.000,0.000,,,,,NVIDIA A100-SXM4-40GB MIG 4g.20gb (0),1,,13,cupy_copy__float32_float32
5643773577,4672,391864,103,1,1,128,1,1,16,0.000,0.000,,,,,NVIDIA A100-SXM4-40GB MIG 4g.20gb (0),1,,13,cupy_copy__complex64_complex64
5643781417,12415,391874,1434,1,1,128,1,1,16,0.000,0.000,,,,,NVIDIA A100-SXM4-40GB MIG 4g.20gb (0),1,,13,cupy_copy__complex64_complex64
5643799592,82591,391879,1,1,1,32,32,1,30,0.000,0.000,,,,,NVIDIA A100-SXM4-40GB MIG 4g.20gb (0),1,,13,"void convert_kernel<__half2, float2>(tensor_layout_any, T1 *, tensor_layout_any, const T2 *)"
5643909063,5632,391882,,,,,,,,,,0.094,16636.287,Pinned,Device,NVIDIA A100-SXM4-40GB MIG 4g.20gb (0),1,,13,[CUDA memcpy Host-to-Device]
5643920167,596536,391883,,,,,,,,,,456.561,765196.973,Device,,NVIDIA A100-SXM4-40GB MIG 4g.20gb (0),1,,13,[CUDA memset]
5644523039,156574,391888,,,,,,,,,,1.235,7886.352,Pinned,Device,NVIDIA A100-SXM4-40GB MIG 4g.20gb (0),1,,13,[CUDA memcpy Host-to-Device]
5644691677,42784,391889,,,,,,,,,,0.197,4595.319,Pinned,Device,NVIDIA A100-SXM4-40GB MIG 4g.20gb (0),1,,13,[CUDA memcpy Host-to-Device]
5644759004,8224,391890,69,4,1,48,1,1,76,0.002,0.000,,,,,NVIDIA A100-SXM4-40GB MIG 4g.20gb (0),1,,13,"void ch_est::windowedChEstPreNoDftSOfdmKernel<float, __half, float, (unsigned int)2, (unsigned int)1, (unsigned short)4>(ch_est::puschRxChEstStatDescr_t *, ch_est::puschRxChEstDynDescr_t *)"
5644776572,6624,391891,137,2,1,24,2,1,44,0.001,0.001,,,,,NVIDIA A100-SXM4-40GB MIG 4g.20gb (0),1,,13,"void ch_est::chEstFilterNoDftSOfdmDispatchKernel<float, __half, float, (unsigned int)2>(ch_est::puschRxChEstStatDescr_t *, ch_est::puschRxChEstDynDescr_t *)"
5644796188,4672,391892,137,2,1,24,2,1,44,0.001,0.001,,,,,NVIDIA A100-SXM4-40GB MIG 4g.20gb (0),1,,13,"void ch_est::chEstFilterNoDftSOfdmDispatchKernel<float, __half, float, (unsigned int)2>(ch_est::puschRxChEstStatDescr_t *, ch_est::puschRxChEstDynDescr_t *)"
5644813212,2624,391903,103,1,1,128,1,1,16,0.000,0.000,,,,,NVIDIA A100-SXM4-40GB MIG 4g.20gb (0),1,,13,cupy_copy__complex64_complex64
5644830300,12415,391913,1434,1,1,128,1,1,16,0.000,0.000,,,,,NVIDIA A100-SXM4-40GB MIG 4g.20gb (0),1,,13,cupy_copy__complex64_complex64
5644848699,2944,391920,103,1,1,128,1,1,16,0.000,0.000,,,,,NVIDIA A100-SXM4-40GB MIG 4g.20gb (0),1,,13,cupy_copy__complex64_complex64
5644874523,93919,391927,1,1,1,32,32,1,30,0.000,0.000,,,,,NVIDIA A100-SXM4-40GB MIG 4g.20gb (0),1,,13,"void convert_kernel<__half2, float2>(tensor_layout_any, T1 *, tensor_layout_any, const T2 *)"
5645001849,26144,391930,,,,,,,,,,0.094,3583.778,Pinned,Device,NVIDIA A100-SXM4-40GB MIG 4g.20gb (0),1,,13,[CUDA memcpy Host-to-Device]
5645044089,46751,391931,,,,,,,,,,35.810,765938.379,Device,,NVIDIA A100-SXM4-40GB MIG 4g.20gb (0),1,,13,[CUDA memset]
5645094392,15264,391933,,,,,,,,,,0.000,5.241,Pinned,Device,NVIDIA A100-SXM4-40GB MIG 4g.20gb (0),1,,13,[CUDA memcpy Host-to-Device]
5645118136,28320,391934,,,,,,,,,,0.197,6942.228,Pinned,Device,NVIDIA A100-SXM4-40GB MIG 4g.20gb (0),1,,13,[CUDA memcpy Host-to-Device]
5645167191,9568,391935,273,1,1,48,1,1,40,0.000,0.001,,,,,NVIDIA A100-SXM4-40GB MIG 4g.20gb (0),1,,13,"void pusch_noise_intf_est::noiseIntfEstNoDftSOfdmKernel<float, __half, float, float, (unsigned int)2, (unsigned int)1, (unsigned char)4, (unsigned char)4>(pusch_noise_intf_est::puschRxNoiseIntfEstDynDescr)"
5645184087,2720,391946,35,1,1,128,1,1,16,0.000,0.000,,,,,NVIDIA A100-SXM4-40GB MIG 4g.20gb (0),1,,13,cupy_copy__complex64_complex64
5645200791,1696,391955,1,1,1,1,1,1,18,0.000,0.000,,,,,NVIDIA A100-SXM4-40GB MIG 4g.20gb (0),1,,13,cupy_copy__float32_float32
5645207415,4896,391961,,,,,,,,,,0.000,0.817,Device,Pageable,NVIDIA A100-SXM4-40GB MIG 4g.20gb (0),1,,7,[CUDA memcpy Device-to-Host]
5645306998,12640,391972,1434,1,1,128,1,1,16,0.000,0.000,,,,,NVIDIA A100-SXM4-40GB MIG 4g.20gb (0),1,,13,cupy_copy__complex64_complex64
5645329717,3072,391979,103,1,1,128,1,1,16,0.000,0.000,,,,,NVIDIA A100-SXM4-40GB MIG 4g.20gb (0),1,,13,cupy_copy__complex64_complex64
5645348693,2560,391986,35,1,1,128,1,1,16,0.000,0.000,,,,,NVIDIA A100-SXM4-40GB MIG 4g.20gb (0),1,,13,cupy_copy__complex64_complex64
5645370517,1792,391993,1,1,1,1,1,1,18,0.000,0.000,,,,,NVIDIA A100-SXM4-40GB MIG 4g.20gb (0),1,,13,cupy_copy__float32_float32
5645491187,91487,392004,1,1,1,32,32,1,30,0.000,0.000,,,,,NVIDIA A100-SXM4-40GB MIG 4g.20gb (0),1,,13,"void convert_kernel<__half2, float2>(tensor_layout_any, T1 *, tensor_layout_any, const T2 *)"
5645610994,6528,392007,,,,,,,,,,0.094,14352.915,Pinned,Device,NVIDIA A100-SXM4-40GB MIG 4g.20gb (0),1,,13,[CUDA memcpy Host-to-Device]
5645625330,3392,392008,,,,,,,,,,1.547,455961.768,Device,,NVIDIA A100-SXM4-40GB MIG 4g.20gb (0),1,,13,[CUDA memset]
5645632178,3328,392013,,,,,,,,,,0.031,9403.822,Pinned,Device,NVIDIA A100-SXM4-40GB MIG 4g.20gb (0),1,,13,[CUDA memcpy Host-to-Device]
5645638514,10080,392014,,,,,,,,,,0.197,19504.693,Pinned,Device,NVIDIA A100-SXM4-40GB MIG 4g.20gb (0),1,,13,[CUDA memcpy Host-to-Device]
5645653777,6368,392015,273,1,1,8,4,1,39,0.002,0.000,,,,,NVIDIA A100-SXM4-40GB MIG 4g.20gb (0),1,,13,"void channel_eq::eqMmseCoefCompLowMimoKernel<float, float, float, (unsigned int)4, (unsigned int)1, (unsigned int)4>(const channel_eq::_puschRxChEqStatDescr *, channel_eq::_puschRxChEqCoefCompDynDescr)"
5645662097,6016,392016,273,1,1,12,11,1,51,0.002,0.000,,,,,NVIDIA A100-SXM4-40GB MIG 4g.20gb (0),1,,13,"void channel_eq::eqMmseSoftDemapKernel<float, __half, __half, float, (unsigned int)4, (unsigned short)16383>(channel_eq::_puschRxChEqStatDescr *, channel_eq::_puschRxChEqSoftDemapDynDescr)"
5645670097,282621,392017,1,1,1,32,32,1,30,0.000,0.000,,,,,NVIDIA A100-SXM4-40GB MIG 4g.20gb (0),1,,13,"void convert_kernel<float2, __half2>(tensor_layout_any, T1 *, tensor_layout_any, const T2 *)"
5645955438,11008,392029,2253,1,1,128,1,1,16,0.000,0.000,,,,,NVIDIA A100-SXM4-40GB MIG 4g.20gb (0),1,,13,cupy_copy__float16_float16
5645972750,2783,392038,282,1,1,128,1,1,16,0.000,0.000,,,,,NVIDIA A100-SXM4-40GB MIG 4g.20gb (0),1,,13,cupy_copy__complex64_complex64
5645977389,2304,392047,26,1,1,128,1,1,16,0.000,0.000,,,,,NVIDIA A100-SXM4-40GB MIG 4g.20gb (0),1,,13,cupy_copy__float32_float32
5645980845,2912,392056,103,1,1,128,1,1,16,0.000,0.000,,,,,NVIDIA A100-SXM4-40GB MIG 4g.20gb (0),1,,13,cupy_copy__complex64_complex64
5645987021,11936,392066,1434,1,1,128,1,1,16,0.000,0.000,,,,,NVIDIA A100-SXM4-40GB MIG 4g.20gb (0),1,,13,cupy_copy__complex64_complex64
5646000941,82847,392071,1,1,1,32,32,1,30,0.000,0.000,,,,,NVIDIA A100-SXM4-40GB MIG 4g.20gb (0),1,,13,"void convert_kernel<__half2, float2>(tensor_layout_any, T1 *, tensor_layout_any, const T2 *)"
5646110892,5792,392074,,,,,,,,,,0.094,16176.708,Pinned,Device,NVIDIA A100-SXM4-40GB MIG 4g.20gb (0),1,,13,[CUDA memcpy Host-to-Device]
5646121196,598424,392075,,,,,,,,,,456.561,762914.166,Device,,NVIDIA A100-SXM4-40GB MIG 4g.20gb (0),1,,13,[CUDA memset]
5646723588,121727,392080,,,,,,,,,,1.235,10145.065,Pinned,Device,NVIDIA A100-SXM4-40GB MIG 4g.20gb (0),1,,13,[CUDA memcpy Host-to-Device]
5646855107,21055,392081,,,,,,,,,,0.197,9337.700,Pinned,Device,NVIDIA A100-SXM4-40GB MIG 4g.20gb (0),1,,13,[CUDA memcpy Host-to-Device]
5646888066,7808,392082,69,4,1,48,1,1,76,0.002,0.000,,,,,NVIDIA A100-SXM4-40GB MIG 4g.20gb (0),1,,13,"void ch_est::windowedChEstPreNoDftSOfdmKernel<float, __half, float, (unsigned int)2, (unsigned int)1, (unsigned short)4>(ch_est::puschRxChEstStatDescr_t *, ch_est::puschRxChEstDynDescr_t *)"
5646897922,6752,392083,137,2,1,24,2,1,44,0.001,0.001,,,,,NVIDIA A100-SXM4-40GB MIG 4g.20gb (0),1,,13,"void ch_est::chEstFilterNoDftSOfdmDispatchKernel<float, __half, float, (unsigned int)2>(ch_est::puschRxChEstStatDescr_t *, ch_est::puschRxChEstDynDescr_t *)"
5646911650,6208,392084,137,2,1,24,2,1,44,0.001,0.001,,,,,NVIDIA A100-SXM4-40GB MIG 4g.20gb (0),1,,13,"void ch_est::chEstFilterNoDftSOfdmDispatchKernel<float, __half, float, (unsigned int)2>(ch_est::puschRxChEstStatDescr_t *, ch_est::puschRxChEstDynDescr_t *)"
5646924514,2560,392095,103,1,1,128,1,1,16,0.000,0.000,,,,,NVIDIA A100-SXM4-40GB MIG 4g.20gb (0),1,,13,cupy_copy__complex64_complex64
5646930722,12672,392105,1434,1,1,128,1,1,16,0.000,0.000,,,,,NVIDIA A100-SXM4-40GB MIG 4g.20gb (0),1,,13,cupy_copy__complex64_complex64
5646945890,2623,392112,103,1,1,128,1,1,16,0.000,0.000,,,,,NVIDIA A100-SXM4-40GB MIG 4g.20gb (0),1,,13,cupy_copy__complex64_complex64
5646953153,82399,392119,1,1,1,32,32,1,30,0.000,0.000,,,,,NVIDIA A100-SXM4-40GB MIG 4g.20gb (0),1,,13,"void convert_kernel<__half2, float2>(tensor_layout_any, T1 *, tensor_layout_any, const T2 *)"
5647064288,5600,392122,,,,,,,,,,0.094,16731.388,Pinned,Device,NVIDIA A100-SXM4-40GB MIG 4g.20gb (0),1,,13,[CUDA memcpy Host-to-Device]
5647076096,46655,392123,,,,,,,,,,35.810,767514.015,Device,,NVIDIA A100-SXM4-40GB MIG 4g.20gb (0),1,,13,[CUDA memset]
5647123295,4992,392125,,,,,,,,,,0.000,16.026,Pinned,Device,NVIDIA A100-SXM4-40GB MIG 4g.20gb (0),1,,13,[CUDA memcpy Host-to-Device]
5647134335,13472,392126,,,,,,,,,,0.197,14593.819,Pinned,Device,NVIDIA A100-SXM4-40GB MIG 4g.20gb (0),1,,13,[CUDA memcpy Host-to-Device]
5647160863,9440,392127,273,1,1,48,1,1,40,0.000,0.001,,,,,NVIDIA A100-SXM4-40GB MIG 4g.20gb (0),1,,13,"void pusch_noise_intf_est::noiseIntfEstNoDftSOfdmKernel<float, __half, float, float, (unsigned int)2, (unsigned int)1, (unsigned char)4, (unsigned char)4>(pusch_noise_intf_est::puschRxNoiseIntfEstDynDescr)"
5647172927,2784,392138,35,1,1,128,1,1,16,0.000,0.000,,,,,NVIDIA A100-SXM4-40GB MIG 4g.20gb (0),1,,13,cupy_copy__complex64_complex64
5647190143,1951,392147,1,1,1,1,1,1,18,0.000,0.000,,,,,NVIDIA A100-SXM4-40GB MIG 4g.20gb (0),1,,13,cupy_copy__float32_float32
5647219486,1568,392153,,,,,,,,,,0.000,2.551,Device,Pageable,NVIDIA A100-SXM4-40GB MIG 4g.20gb (0),1,,7,[CUDA memcpy Device-to-Host]
5647279933,12896,392164,1434,1,1,128,1,1,16,0.000,0.000,,,,,NVIDIA A100-SXM4-40GB MIG 4g.20gb (0),1,,13,cupy_copy__complex64_complex64
5647307421,2784,392171,103,1,1,128,1,1,16,0.000,0.000,,,,,NVIDIA A100-SXM4-40GB MIG 4g.20gb (0),1,,13,cupy_copy__complex64_complex64
5647327069,2400,392178,35,1,1,128,1,1,16,0.000,0.000,,,,,NVIDIA A100-SXM4-40GB MIG 4g.20gb (0),1,,13,cupy_copy__complex64_complex64
5647345181,1856,392185,1,1,1,1,1,1,18,0.000,0.000,,,,,NVIDIA A100-SXM4-40GB MIG 4g.20gb (0),1,,13,cupy_copy__float32_float32
5647476347,82239,392196,1,1,1,32,32,1,30,0.000,0.000,,,,,NVIDIA A100-SXM4-40GB MIG 4g.20gb (0),1,,13,"void convert_kernel<__half2, float2>(tensor_layout_any, T1 *, tensor_layout_any, const T2 *)"
5647585914,5632,392199,,,,,,,,,,0.094,16636.287,Pinned,Device,NVIDIA A100-SXM4-40GB MIG 4g.20gb (0),1,,13,[CUDA memcpy Host-to-Device]
5647599577,3328,392200,,,,,,,,,,1.547,464729.580,Device,,NVIDIA A100-SXM4-40GB MIG 4g.20gb (0),1,,13,[CUDA memset]
5647606361,3584,392205,,,,,,,,,,0.031,8732.116,Pinned,Device,NVIDIA A100-SXM4-40GB MIG 4g.20gb (0),1,,13,[CUDA memcpy Host-to-Device]
5647612569,9408,392206,,,,,,,,,,0.197,20897.858,Pinned,Device,NVIDIA A100-SXM4-40GB MIG 4g.20gb (0),1,,13,[CUDA memcpy Host-to-Device]
5647625497,6656,392207,273,1,1,8,4,1,39,0.002,0.000,,,,,NVIDIA A100-SXM4-40GB MIG 4g.20gb (0),1,,13,"void channel_eq::eqMmseCoefCompLowMimoKernel<float, float, float, (unsigned int)4, (unsigned int)1, (unsigned int)4>(const channel_eq::_puschRxChEqStatDescr *, channel_eq::_puschRxChEqCoefCompDynDescr)"
5647633337,5984,392208,273,1,1,12,11,1,51,0.002,0.000,,,,,NVIDIA A100-SXM4-40GB MIG 4g.20gb (0),1,,13,"void channel_eq::eqMmseSoftDemapKernel<float, __half, __half, float, (unsigned int)4, (unsigned short)16383>(channel_eq::_puschRxChEqStatDescr *, channel_eq::_puschRxChEqSoftDemapDynDescr)"
5647640345,282940,392209,1,1,1,32,32,1,30,0.000,0.000,,,,,NVIDIA A100-SXM4-40GB MIG 4g.20gb (0),1,,13,"void convert_kernel<float2, __half2>(tensor_layout_any, T1 *, tensor_layout_any, const T2 *)"
5647925845,11040,392221,2253,1,1,128,1,1,16,0.000,0.000,,,,,NVIDIA A100-SXM4-40GB MIG 4g.20gb (0),1,,13,cupy_copy__float16_float16
5647938261,2912,392230,282,1,1,128,1,1,16,0.000,0.000,,,,,NVIDIA A100-SXM4-40GB MIG 4g.20gb (0),1,,13,cupy_copy__complex64_complex64
5647944885,2048,392239,26,1,1,128,1,1,16,0.000,0.000,,,,,NVIDIA A100-SXM4-40GB MIG 4g.20gb (0),1,,13,cupy_copy__float32_float32
5647950869,2880,392248,103,1,1,128,1,1,16,0.000,0.000,,,,,NVIDIA A100-SXM4-40GB MIG 4g.20gb (0),1,,13,cupy_copy__complex64_complex64
5647956949,12320,392258,1434,1,1,128,1,1,16,0.000,0.000,,,,,NVIDIA A100-SXM4-40GB MIG 4g.20gb (0),1,,13,cupy_copy__complex64_complex64
5647973589,82591,392263,1,1,1,32,32,1,30,0.000,0.000,,,,,NVIDIA A100-SXM4-40GB MIG 4g.20gb (0),1,,13,"void convert_kernel<__half2, float2>(tensor_layout_any, T1 *, tensor_layout_any, const T2 *)"
5648083444,5727,392266,,,,,,,,,,0.094,16360.352,Pinned,Device,NVIDIA A100-SXM4-40GB MIG 4g.20gb (0),1,,13,[CUDA memcpy Host-to-Device]
5648094451,599129,392267,,,,,,,,,,456.561,762001.043,Device,,NVIDIA A100-SXM4-40GB MIG 4g.20gb (0),1,,13,[CUDA memset]
5648699980,133182,392272,,,,,,,,,,1.235,9271.960,Pinned,Device,NVIDIA A100-SXM4-40GB MIG 4g.20gb (0),1,,13,[CUDA memcpy Host-to-Device]
5648849514,39808,392273,,,,,,,,,,0.197,4938.793,Pinned,Device,NVIDIA A100-SXM4-40GB MIG 4g.20gb (0),1,,13,[CUDA memcpy Host-to-Device]
5648919753,7936,392274,69,4,1,48,1,1,76,0.002,0.000,,,,,NVIDIA A100-SXM4-40GB MIG 4g.20gb (0),1,,13,"void ch_est::windowedChEstPreNoDftSOfdmKernel<float, __half, float, (unsigned int)2, (unsigned int)1, (unsigned short)4>(ch_est::puschRxChEstStatDescr_t *, ch_est::puschRxChEstDynDescr_t *)"
5648939305,6784,392275,137,2,1,24,2,1,44,0.001,0.001,,,,,NVIDIA A100-SXM4-40GB MIG 4g.20gb (0),1,,13,"void ch_est::chEstFilterNoDftSOfdmDispatchKernel<float, __half, float, (unsigned int)2>(ch_est::puschRxChEstStatDescr_t *, ch_est::puschRxChEstDynDescr_t *)"
5648956105,4704,392276,137,2,1,24,2,1,44,0.001,0.001,,,,,NVIDIA A100-SXM4-40GB MIG 4g.20gb (0),1,,13,"void ch_est::chEstFilterNoDftSOfdmDispatchKernel<float, __half, float, (unsigned int)2>(ch_est::puschRxChEstStatDescr_t *, ch_est::puschRxChEstDynDescr_t *)"
5648973609,2528,392287,103,1,1,128,1,1,16,0.000,0.000,,,,,NVIDIA A100-SXM4-40GB MIG 4g.20gb (0),1,,13,cupy_copy__complex64_complex64
5648990920,12704,392297,1434,1,1,128,1,1,16,0.000,0.000,,,,,NVIDIA A100-SXM4-40GB MIG 4g.20gb (0),1,,13,cupy_copy__complex64_complex64
5649010344,2912,392304,103,1,1,128,1,1,16,0.000,0.000,,,,,NVIDIA A100-SXM4-40GB MIG 4g.20gb (0),1,,13,cupy_copy__complex64_complex64
5649033512,90655,392311,1,1,1,32,32,1,30,0.000,0.000,,,,,NVIDIA A100-SXM4-40GB MIG 4g.20gb (0),1,,13,"void convert_kernel<__half2, float2>(tensor_layout_any, T1 *, tensor_layout_any, const T2 *)"
5649154822,13120,392314,,,,,,,,,,0.094,7141.415,Pinned,Device,NVIDIA A100-SXM4-40GB MIG 4g.20gb (0),1,,13,[CUDA memcpy Host-to-Device]
5649172934,46176,392315,,,,,,,,,,35.810,775499.628,Device,,NVIDIA A100-SXM4-40GB MIG 4g.20gb (0),1,,13,[CUDA memset]
5649219877,6848,392317,,,,,,,,,,0.000,11.682,Pinned,Device,NVIDIA A100-SXM4-40GB MIG 4g.20gb (0),1,,13,[CUDA memcpy Host-to-Device]
5649233509,17760,392318,,,,,,,,,,0.197,11070.210,Pinned,Device,NVIDIA A100-SXM4-40GB MIG 4g.20gb (0),1,,13,[CUDA memcpy Host-to-Device]
5649261861,13120,392319,273,1,1,48,1,1,40,0.000,0.001,,,,,NVIDIA A100-SXM4-40GB MIG 4g.20gb (0),1,,13,"void pusch_noise_intf_est::noiseIntfEstNoDftSOfdmKernel<float, __half, float, float, (unsigned int)2, (unsigned int)1, (unsigned char)4, (unsigned char)4>(pusch_noise_intf_est::puschRxNoiseIntfEstDynDescr)"
5649276901,3168,392330,35,1,1,128,1,1,16,0.000,0.000,,,,,NVIDIA A100-SXM4-40GB MIG 4g.20gb (0),1,,13,cupy_copy__complex64_complex64
5649284133,1984,392339,1,1,1,1,1,1,18,0.000,0.000,,,,,NVIDIA A100-SXM4-40GB MIG 4g.20gb (0),1,,13,cupy_copy__float32_float32
5649307812,1664,392345,,,,,,,,,,0.000,2.404,Device,Pageable,NVIDIA A100-SXM4-40GB MIG 4g.20gb (0),1,,7,[CUDA memcpy Device-to-Host]
5649367748,12576,392356,1434,1,1,128,1,1,16,0.000,0.000,,,,,NVIDIA A100-SXM4-40GB MIG 4g.20gb (0),1,,13,cupy_copy__complex64_complex64
5649397411,2720,392363,103,1,1,128,1,1,16,0.000,0.000,,,,,NVIDIA A100-SXM4-40GB MIG 4g.20gb (0),1,,13,cupy_copy__complex64_complex64
5649414627,2432,392370,35,1,1,128,1,1,16,0.000,0.000,,,,,NVIDIA A100-SXM4-40GB MIG 4g.20gb (0),1,,13,cupy_copy__complex64_complex64
5649433443,1824,392377,1,1,1,1,1,1,18,0.000,0.000,,,,,NVIDIA A100-SXM4-40GB MIG 4g.20gb (0),1,,13,cupy_copy__float32_float32
5649563457,82367,392388,1,1,1,32,32,1,30,0.000,0.000,,,,,NVIDIA A100-SXM4-40GB MIG 4g.20gb (0),1,,13,"void convert_kernel<__half2, float2>(tensor_layout_any, T1 *, tensor_layout_any, const T2 *)"
5649673312,5440,392391,,,,,,,,,,0.094,17223.480,Pinned,Device,NVIDIA A100-SXM4-40GB MIG 4g.20gb (0),1,,13,[CUDA memcpy Host-to-Device]
5649689344,3232,392392,,,,,,,,,,1.547,478533.199,Device,,NVIDIA A100-SXM4-40GB MIG 4g.20gb (0),1,,13,[CUDA memset]
5649694912,3200,392397,,,,,,,,,,0.031,9780.000,Pinned,Device,NVIDIA A100-SXM4-40GB MIG 4g.20gb (0),1,,13,[CUDA memcpy Host-to-Device]
5649700736,9503,392398,,,,,,,,,,0.197,20688.863,Pinned,Device,NVIDIA A100-SXM4-40GB MIG 4g.20gb (0),1,,13,[CUDA memcpy Host-to-Device]
5649715743,6016,392399,273,1,1,8,4,1,39,0.002,0.000,,,,,NVIDIA A100-SXM4-40GB MIG 4g.20gb (0),1,,13,"void channel_eq::eqMmseCoefCompLowMimoKernel<float, float, float, (unsigned int)4, (unsigned int)1, (unsigned int)4>(const channel_eq::_puschRxChEqStatDescr *, channel_eq::_puschRxChEqCoefCompDynDescr)"
5649722719,6432,392400,273,1,1,12,11,1,51,0.002,0.000,,,,,NVIDIA A100-SXM4-40GB MIG 4g.20gb (0),1,,13,"void channel_eq::eqMmseSoftDemapKernel<float, __half, __half, float, (unsigned int)4, (unsigned short)16383>(channel_eq::_puschRxChEqStatDescr *, channel_eq::_puschRxChEqSoftDemapDynDescr)"
5649730175,295005,392401,1,1,1,32,32,1,30,0.000,0.000,,,,,NVIDIA A100-SXM4-40GB MIG 4g.20gb (0),1,,13,"void convert_kernel<float2, __half2>(tensor_layout_any, T1 *, tensor_layout_any, const T2 *)"
5650026140,11135,392413,2253,1,1,128,1,1,16,0.000,0.000,,,,,NVIDIA A100-SXM4-40GB MIG 4g.20gb (0),1,,13,cupy_copy__float16_float16
5650041339,3072,392422,282,1,1,128,1,1,16,0.000,0.000,,,,,NVIDIA A100-SXM4-40GB MIG 4g.20gb (0),1,,13,cupy_copy__complex64_complex64
5650047899,2528,392431,26,1,1,128,1,1,16,0.000,0.000,,,,,NVIDIA A100-SXM4-40GB MIG 4g.20gb (0),1,,13,cupy_copy__float32_float32
5650053147,2944,392440,103,1,1,128,1,1,16,0.000,0.000,,,,,NVIDIA A100-SXM4-40GB MIG 4g.20gb (0),1,,13,cupy_copy__complex64_complex64
5650057467,12512,392450,1434,1,1,128,1,1,16,0.000,0.000,,,,,NVIDIA A100-SXM4-40GB MIG 4g.20gb (0),1,,13,cupy_copy__complex64_complex64
5650071867,87231,392455,1,1,1,32,32,1,30,0.000,0.000,,,,,NVIDIA A100-SXM4-40GB MIG 4g.20gb (0),1,,13,"void convert_kernel<__half2, float2>(tensor_layout_any, T1 *, tensor_layout_any, const T2 *)"
5650186074,5472,392458,,,,,,,,,,0.094,17122.757,Pinned,Device,NVIDIA A100-SXM4-40GB MIG 4g.20gb (0),1,,13,[CUDA memcpy Host-to-Device]
5650195641,596601,392459,,,,,,,,,,456.561,765196.973,Device,,NVIDIA A100-SXM4-40GB MIG 4g.20gb (0),1,,13,[CUDA memset]
5650793394,149726,392464,,,,,,,,,,1.235,8246.956,Pinned,Device,NVIDIA A100-SXM4-40GB MIG 4g.20gb (0),1,,13,[CUDA memcpy Host-to-Device]
5650955568,41152,392465,,,,,,,,,,0.197,4777.574,Pinned,Device,NVIDIA A100-SXM4-40GB MIG 4g.20gb (0),1,,13,[CUDA memcpy Host-to-Device]
5651015375,7840,392466,69,4,1,48,1,1,76,0.002,0.000,,,,,NVIDIA A100-SXM4-40GB MIG 4g.20gb (0),1,,13,"void ch_est::windowedChEstPreNoDftSOfdmKernel<float, __half, float, (unsigned int)2, (unsigned int)1, (unsigned short)4>(ch_est::puschRxChEstStatDescr_t *, ch_est::puschRxChEstDynDescr_t *)"
5651034703,6688,392467,137,2,1,24,2,1,44,0.001,0.001,,,,,NVIDIA A100-SXM4-40GB MIG 4g.20gb (0),1,,13,"void ch_est::chEstFilterNoDftSOfdmDispatchKernel<float, __half, float, (unsigned int)2>(ch_est::puschRxChEstStatDescr_t *, ch_est::puschRxChEstDynDescr_t *)"
5651051567,4736,392468,137,2,1,24,2,1,44,0.001,0.001,,,,,NVIDIA A100-SXM4-40GB MIG 4g.20gb (0),1,,13,"void ch_est::chEstFilterNoDftSOfdmDispatchKernel<float, __half, float, (unsigned int)2>(ch_est::puschRxChEstStatDescr_t *, ch_est::puschRxChEstDynDescr_t *)"
5651069007,2592,392479,103,1,1,128,1,1,16,0.000,0.000,,,,,NVIDIA A100-SXM4-40GB MIG 4g.20gb (0),1,,13,cupy_copy__complex64_complex64
5651085967,12703,392489,1434,1,1,128,1,1,16,0.000,0.000,,,,,NVIDIA A100-SXM4-40GB MIG 4g.20gb (0),1,,13,cupy_copy__complex64_complex64
5651107310,2848,392496,103,1,1,128,1,1,16,0.000,0.000,,,,,NVIDIA A100-SXM4-40GB MIG 4g.20gb (0),1,,13,cupy_copy__complex64_complex64
5651131694,87871,392503,1,1,1,32,32,1,30,0.000,0.000,,,,,NVIDIA A100-SXM4-40GB MIG 4g.20gb (0),1,,13,"void convert_kernel<__half2, float2>(tensor_layout_any, T1 *, tensor_layout_any, const T2 *)"
5651251500,29600,392506,,,,,,,,,,0.094,3165.332,Pinned,Device,NVIDIA A100-SXM4-40GB MIG 4g.20gb (0),1,,13,[CUDA memcpy Host-to-Device]
5651308428,47263,392507,,,,,,,,,,35.810,757666.287,Device,,NVIDIA A100-SXM4-40GB MIG 4g.20gb (0),1,,13,[CUDA memset]
5651363627,11264,392509,,,,,,,,,,0.000,7.102,Pinned,Device,NVIDIA A100-SXM4-40GB MIG 4g.20gb (0),1,,13,[CUDA memcpy Host-to-Device]
5651385515,21984,392510,,,,,,,,,,0.197,8943.108,Pinned,Device,NVIDIA A100-SXM4-40GB MIG 4g.20gb (0),1,,13,[CUDA memcpy Host-to-Device]
5651424714,9568,392511,273,1,1,48,1,1,40,0.000,0.001,,,,,NVIDIA A100-SXM4-40GB MIG 4g.20gb (0),1,,13,"void pusch_noise_intf_est::noiseIntfEstNoDftSOfdmKernel<float, __half, float, float, (unsigned int)2, (unsigned int)1, (unsigned char)4, (unsigned char)4>(pusch_noise_intf_est::puschRxNoiseIntfEstDynDescr)"
5651439242,2752,392522,35,1,1,128,1,1,16,0.000,0.000,,,,,NVIDIA A100-SXM4-40GB MIG 4g.20gb (0),1,,13,cupy_copy__complex64_complex64
5651449674,1728,392531,1,1,1,1,1,1,18,0.000,0.000,,,,,NVIDIA A100-SXM4-40GB MIG 4g.20gb (0),1,,13,cupy_copy__float32_float32
5651457834,1696,392537,,,,,,,,,,0.000,2.358,Device,Pageable,NVIDIA A100-SXM4-40GB MIG 4g.20gb (0),1,,7,[CUDA memcpy Device-to-Host]
5651534153,12896,392548,1434,1,1,128,1,1,16,0.000,0.000,,,,,NVIDIA A100-SXM4-40GB MIG 4g.20gb (0),1,,13,cupy_copy__complex64_complex64
5651559401,3456,392555,103,1,1,128,1,1,16,0.000,0.000,,,,,NVIDIA A100-SXM4-40GB MIG 4g.20gb (0),1,,13,cupy_copy__complex64_complex64
5651586760,2560,392562,35,1,1,128,1,1,16,0.000,0.000,,,,,NVIDIA A100-SXM4-40GB MIG 4g.20gb (0),1,,13,cupy_copy__complex64_complex64
5651600264,1952,392569,1,1,1,1,1,1,18,0.000,0.000,,,,,NVIDIA A100-SXM4-40GB MIG 4g.20gb (0),1,,13,cupy_copy__float32_float32
5651726311,81823,392580,1,1,1,32,32,1,30,0.000,0.000,,,,,NVIDIA A100-SXM4-40GB MIG 4g.20gb (0),1,,13,"void convert_kernel<__half2, float2>(tensor_layout_any, T1 *, tensor_layout_any, const T2 *)"
5651835621,5600,392583,,,,,,,,,,0.094,16731.388,Pinned,Device,NVIDIA A100-SXM4-40GB MIG 4g.20gb (0),1,,13,[CUDA memcpy Host-to-Device]
5651849861,3136,392584,,,,,,,,,,1.547,493182.821,Device,,NVIDIA A100-SXM4-40GB MIG 4g.20gb (0),1,,13,[CUDA memset]
5651856965,3040,392589,,,,,,,,,,0.031,10294.725,Pinned,Device,NVIDIA A100-SXM4-40GB MIG 4g.20gb (0),1,,13,[CUDA memcpy Host-to-Device]
5651862533,9728,392590,,,,,,,,,,0.197,20210.516,Pinned,Device,NVIDIA A100-SXM4-40GB MIG 4g.20gb (0),1,,13,[CUDA memcpy Host-to-Device]
5651876293,6560,392591,273,1,1,8,4,1,39,0.002,0.000,,,,,NVIDIA A100-SXM4-40GB MIG 4g.20gb (0),1,,13,"void channel_eq::eqMmseCoefCompLowMimoKernel<float, float, float, (unsigned int)4, (unsigned int)1, (unsigned int)4>(const channel_eq::_puschRxChEqStatDescr *, channel_eq::_puschRxChEqCoefCompDynDescr)"
5651885509,5408,392592,273,1,1,12,11,1,51,0.002,0.000,,,,,NVIDIA A100-SXM4-40GB MIG 4g.20gb (0),1,,13,"void channel_eq::eqMmseSoftDemapKernel<float, __half, __half, float, (unsigned int)4, (unsigned short)16383>(channel_eq::_puschRxChEqStatDescr *, channel_eq::_puschRxChEqSoftDemapDynDescr)"
5651893221,290684,392593,1,1,1,32,32,1,30,0.000,0.000,,,,,NVIDIA A100-SXM4-40GB MIG 4g.20gb (0),1,,13,"void convert_kernel<float2, __half2>(tensor_layout_any, T1 *, tensor_layout_any, const T2 *)"
5652185249,11136,392605,2253,1,1,128,1,1,16,0.000,0.000,,,,,NVIDIA A100-SXM4-40GB MIG 4g.20gb (0),1,,13,cupy_copy__float16_float16
5652197697,3008,392614,282,1,1,128,1,1,16,0.000,0.000,,,,,NVIDIA A100-SXM4-40GB MIG 4g.20gb (0),1,,13,cupy_copy__complex64_complex64
5652202113,2080,392623,26,1,1,128,1,1,16,0.000,0.000,,,,,NVIDIA A100-SXM4-40GB MIG 4g.20gb (0),1,,13,cupy_copy__float32_float32
5652207521,3040,392632,103,1,1,128,1,1,16,0.000,0.000,,,,,NVIDIA A100-SXM4-40GB MIG 4g.20gb (0),1,,13,cupy_copy__complex64_complex64
5652213409,11935,392642,1434,1,1,128,1,1,16,0.000,0.000,,,,,NVIDIA A100-SXM4-40GB MIG 4g.20gb (0),1,,13,cupy_copy__complex64_complex64
5652226272,82367,392647,1,1,1,32,32,1,30,0.000,0.000,,,,,NVIDIA A100-SXM4-40GB MIG 4g.20gb (0),1,,13,"void convert_kernel<__half2, float2>(tensor_layout_any, T1 *, tensor_layout_any, const T2 *)"
5652335647,5728,392650,,,,,,,,,,0.094,16357.541,Pinned,Device,NVIDIA A100-SXM4-40GB MIG 4g.20gb (0),1,,13,[CUDA memcpy Host-to-Device]
5652345311,598393,392651,,,,,,,,,,456.561,762914.166,Device,,NVIDIA A100-SXM4-40GB MIG 4g.20gb (0),1,,13,[CUDA memset]
5652951064,91582,392656,,,,,,,,,,1.235,13484.354,Pinned,Device,NVIDIA A100-SXM4-40GB MIG 4g.20gb (0),1,,13,[CUDA memcpy Host-to-Device]
5653054678,22784,392657,,,,,,,,,,0.197,8629.125,Pinned,Device,NVIDIA A100-SXM4-40GB MIG 4g.20gb (0),1,,13,[CUDA memcpy Host-to-Device]
5653090966,8416,392658,69,4,1,48,1,1,76,0.002,0.000,,,,,NVIDIA A100-SXM4-40GB MIG 4g.20gb (0),1,,13,"void ch_est::windowedChEstPreNoDftSOfdmKernel<float, __half, float, (unsigned int)2, (unsigned int)1, (unsigned short)4>(ch_est::puschRxChEstStatDescr_t *, ch_est::puschRxChEstDynDescr_t *)"
5653101590,7328,392659,137,2,1,24,2,1,44,0.001,0.001,,,,,NVIDIA A100-SXM4-40GB MIG 4g.20gb (0),1,,13,"void ch_est::chEstFilterNoDftSOfdmDispatchKernel<float, __half, float, (unsigned int)2>(ch_est::puschRxChEstStatDescr_t *, ch_est::puschRxChEstDynDescr_t *)"
5653119445,5088,392660,137,2,1,24,2,1,44,0.001,0.001,,,,,NVIDIA A100-SXM4-40GB MIG 4g.20gb (0),1,,13,"void ch_est::chEstFilterNoDftSOfdmDispatchKernel<float, __half, float, (unsigned int)2>(ch_est::puschRxChEstStatDescr_t *, ch_est::puschRxChEstDynDescr_t *)"
5653131413,2752,392671,103,1,1,128,1,1,16,0.000,0.000,,,,,NVIDIA A100-SXM4-40GB MIG 4g.20gb (0),1,,13,cupy_copy__complex64_complex64
5653139477,12576,392681,1434,1,1,128,1,1,16,0.000,0.000,,,,,NVIDIA A100-SXM4-40GB MIG 4g.20gb (0),1,,13,cupy_copy__complex64_complex64
5653156437,2592,392688,103,1,1,128,1,1,16,0.000,0.000,,,,,NVIDIA A100-SXM4-40GB MIG 4g.20gb (0),1,,13,cupy_copy__complex64_complex64
5653170165,82943,392695,1,1,1,32,32,1,30,0.000,0.000,,,,,NVIDIA A100-SXM4-40GB MIG 4g.20gb (0),1,,13,"void convert_kernel<__half2, float2>(tensor_layout_any, T1 *, tensor_layout_any, const T2 *)"
5653284435,14240,392698,,,,,,,,,,0.094,6579.708,Pinned,Device,NVIDIA A100-SXM4-40GB MIG 4g.20gb (0),1,,13,[CUDA memcpy Host-to-Device]
5653315955,47679,392699,,,,,,,,,,35.810,751041.452,Device,,NVIDIA A100-SXM4-40GB MIG 4g.20gb (0),1,,13,[CUDA memset]
5653370002,8960,392701,,,,,,,,,,0.000,8.929,Pinned,Device,NVIDIA A100-SXM4-40GB MIG 4g.20gb (0),1,,13,[CUDA memcpy Host-to-Device]
5653386994,31328,392702,,,,,,,,,,0.197,6275.727,Pinned,Device,NVIDIA A100-SXM4-40GB MIG 4g.20gb (0),1,,13,[CUDA memcpy Host-to-Device]
5653440497,9696,392703,273,1,1,48,1,1,40,0.000,0.001,,,,,NVIDIA A100-SXM4-40GB MIG 4g.20gb (0),1,,13,"void pusch_noise_intf_est::noiseIntfEstNoDftSOfdmKernel<float, __half, float, float, (unsigned int)2, (unsigned int)1, (unsigned char)4, (unsigned char)4>(pusch_noise_intf_est::puschRxNoiseIntfEstDynDescr)"
5653469073,2752,392714,35,1,1,128,1,1,16,0.000,0.000,,,,,NVIDIA A100-SXM4-40GB MIG 4g.20gb (0),1,,13,cupy_copy__complex64_complex64
5653485521,1760,392723,1,1,1,1,1,1,18,0.000,0.000,,,,,NVIDIA A100-SXM4-40GB MIG 4g.20gb (0),1,,13,cupy_copy__float32_float32
5653490129,6848,392729,,,,,,,,,,0.000,0.584,Device,Pageable,NVIDIA A100-SXM4-40GB MIG 4g.20gb (0),1,,7,[CUDA memcpy Device-to-Host]
5653593488,12767,392740,1434,1,1,128,1,1,16,0.000,0.000,,,,,NVIDIA A100-SXM4-40GB MIG 4g.20gb (0),1,,13,cupy_copy__complex64_complex64
5653619055,2912,392747,103,1,1,128,1,1,16,0.000,0.000,,,,,NVIDIA A100-SXM4-40GB MIG 4g.20gb (0),1,,13,cupy_copy__complex64_complex64
5653639151,2304,392754,35,1,1,128,1,1,16,0.000,0.000,,,,,NVIDIA A100-SXM4-40GB MIG 4g.20gb (0),1,,13,cupy_copy__complex64_complex64
5653656143,1696,392761,1,1,1,1,1,1,18,0.000,0.000,,,,,NVIDIA A100-SXM4-40GB MIG 4g.20gb (0),1,,13,cupy_copy__float32_float32
5653772461,86975,392772,1,1,1,32,32,1,30,0.000,0.000,,,,,NVIDIA A100-SXM4-40GB MIG 4g.20gb (0),1,,13,"void convert_kernel<__half2, float2>(tensor_layout_any, T1 *, tensor_layout_any, const T2 *)"
5653892460,13696,392775,,,,,,,,,,0.094,6841.120,Pinned,Device,NVIDIA A100-SXM4-40GB MIG 4g.20gb (0),1,,13,[CUDA memcpy Host-to-Device]
5653918316,3296,392776,,,,,,,,,,1.547,469242.628,Device,,NVIDIA A100-SXM4-40GB MIG 4g.20gb (0),1,,13,[CUDA memset]
5653927371,7648,392781,,,,,,,,,,0.031,4092.046,Pinned,Device,NVIDIA A100-SXM4-40GB MIG 4g.20gb (0),1,,13,[CUDA memcpy Host-to-Device]
5653937739,17376,392782,,,,,,,,,,0.197,11314.790,Pinned,Device,NVIDIA A100-SXM4-40GB MIG 4g.20gb (0),1,,13,[CUDA memcpy Host-to-Device]
5653964395,5888,392783,273,1,1,8,4,1,39,0.002,0.000,,,,,NVIDIA A100-SXM4-40GB MIG 4g.20gb (0),1,,13,"void channel_eq::eqMmseCoefCompLowMimoKernel<float, float, float, (unsigned int)4, (unsigned int)1, (unsigned int)4>(const channel_eq::_puschRxChEqStatDescr *, channel_eq::_puschRxChEqCoefCompDynDescr)"
5653972523,7456,392784,273,1,1,12,11,1,51,0.002,0.000,,,,,NVIDIA A100-SXM4-40GB MIG 4g.20gb (0),1,,13,"void channel_eq::eqMmseSoftDemapKernel<float, __half, __half, float, (unsigned int)4, (unsigned short)16383>(channel_eq::_puschRxChEqStatDescr *, channel_eq::_puschRxChEqSoftDemapDynDescr)"
5653987211,290268,392785,1,1,1,32,32,1,30,0.000,0.000,,,,,NVIDIA A100-SXM4-40GB MIG 4g.20gb (0),1,,13,"void convert_kernel<float2, __half2>(tensor_layout_any, T1 *, tensor_layout_any, const T2 *)"
5654279687,11072,392797,2253,1,1,128,1,1,16,0.000,0.000,,,,,NVIDIA A100-SXM4-40GB MIG 4g.20gb (0),1,,13,cupy_copy__float16_float16
5654292167,3392,392806,282,1,1,128,1,1,16,0.000,0.000,,,,,NVIDIA A100-SXM4-40GB MIG 4g.20gb (0),1,,13,cupy_copy__complex64_complex64
5654297191,2048,392815,26,1,1,128,1,1,16,0.000,0.000,,,,,NVIDIA A100-SXM4-40GB MIG 4g.20gb (0),1,,13,cupy_copy__float32_float32
5654301223,3040,392824,103,1,1,128,1,1,16,0.000,0.000,,,,,NVIDIA A100-SXM4-40GB MIG 4g.20gb (0),1,,13,cupy_copy__complex64_complex64
5654305991,12000,392834,1434,1,1,128,1,1,16,0.000,0.000,,,,,NVIDIA A100-SXM4-40GB MIG 4g.20gb (0),1,,13,cupy_copy__complex64_complex64
5654320775,88351,392839,1,1,1,32,32,1,30,0.000,0.000,,,,,NVIDIA A100-SXM4-40GB MIG 4g.20gb (0),1,,13,"void convert_kernel<__half2, float2>(tensor_layout_any, T1 *, tensor_layout_any, const T2 *)"
5654436229,5504,392842,,,,,,,,,,0.094,17023.251,Pinned,Device,NVIDIA A100-SXM4-40GB MIG 4g.20gb (0),1,,13,[CUDA memcpy Host-to-Device]
5654446917,600057,392843,,,,,,,,,,456.561,760631.359,Device,,NVIDIA A100-SXM4-40GB MIG 4g.20gb (0),1,,13,[CUDA memset]
5655053054,139038,392848,,,,,,,,,,1.235,8881.717,Pinned,Device,NVIDIA A100-SXM4-40GB MIG 4g.20gb (0),1,,13,[CUDA memcpy Host-to-Device]
5655199964,27391,392849,,,,,,,,,,0.197,7177.765,Pinned,Device,NVIDIA A100-SXM4-40GB MIG 4g.20gb (0),1,,13,[CUDA memcpy Host-to-Device]
5655243067,8768,392850,69,4,1,48,1,1,76,0.002,0.000,,,,,NVIDIA A100-SXM4-40GB MIG 4g.20gb (0),1,,13,"void ch_est::windowedChEstPreNoDftSOfdmKernel<float, __half, float, (unsigned int)2, (unsigned int)1, (unsigned short)4>(ch_est::puschRxChEstStatDescr_t *, ch_est::puschRxChEstDynDescr_t *)"
5655253115,6880,392851,137,2,1,24,2,1,44,0.001,0.001,,,,,NVIDIA A100-SXM4-40GB MIG 4g.20gb (0),1,,13,"void ch_est::chEstFilterNoDftSOfdmDispatchKernel<float, __half, float, (unsigned int)2>(ch_est::puschRxChEstStatDescr_t *, ch_est::puschRxChEstDynDescr_t *)"
5655261627,6176,392852,137,2,1,24,2,1,44,0.001,0.001,,,,,NVIDIA A100-SXM4-40GB MIG 4g.20gb (0),1,,13,"void ch_est::chEstFilterNoDftSOfdmDispatchKernel<float, __half, float, (unsigned int)2>(ch_est::puschRxChEstStatDescr_t *, ch_est::puschRxChEstDynDescr_t *)"
5655271835,3008,392863,103,1,1,128,1,1,16,0.000,0.000,,,,,NVIDIA A100-SXM4-40GB MIG 4g.20gb (0),1,,13,cupy_copy__complex64_complex64
5655279803,12928,392873,1434,1,1,128,1,1,16,0.000,0.000,,,,,NVIDIA A100-SXM4-40GB MIG 4g.20gb (0),1,,13,cupy_copy__complex64_complex64
5655297499,2592,392880,103,1,1,128,1,1,16,0.000,0.000,,,,,NVIDIA A100-SXM4-40GB MIG 4g.20gb (0),1,,13,cupy_copy__complex64_complex64
5655305211,83358,392887,1,1,1,32,32,1,30,0.000,0.000,,,,,NVIDIA A100-SXM4-40GB MIG 4g.20gb (0),1,,13,"void convert_kernel<__half2, float2>(tensor_layout_any, T1 *, tensor_layout_any, const T2 *)"
5655416249,13888,392890,,,,,,,,,,0.094,6746.487,Pinned,Device,NVIDIA A100-SXM4-40GB MIG 4g.20gb (0),1,,13,[CUDA memcpy Host-to-Device]
5655443481,47359,392891,,,,,,,,,,35.810,756126.461,Device,,NVIDIA A100-SXM4-40GB MIG 4g.20gb (0),1,,13,[CUDA memset]
5655498264,7552,392893,,,,,,,,,,0.000,10.593,Pinned,Device,NVIDIA A100-SXM4-40GB MIG 4g.20gb (0),1,,13,[CUDA memcpy Host-to-Device]
5655514136,15072,392894,,,,,,,,,,0.197,13044.548,Pinned,Device,NVIDIA A100-SXM4-40GB MIG 4g.20gb (0),1,,13,[CUDA memcpy Host-to-Device]
5655543480,10943,392895,273,1,1,48,1,1,40,0.000,0.001,,,,,NVIDIA A100-SXM4-40GB MIG 4g.20gb (0),1,,13,"void pusch_noise_intf_est::noiseIntfEstNoDftSOfdmKernel<float, __half, float, float, (unsigned int)2, (unsigned int)1, (unsigned char)4, (unsigned char)4>(pusch_noise_intf_est::puschRxNoiseIntfEstDynDescr)"
5655562071,2656,392906,35,1,1,128,1,1,16,0.000,0.000,,,,,NVIDIA A100-SXM4-40GB MIG 4g.20gb (0),1,,13,cupy_copy__complex64_complex64
5655568055,1824,392915,1,1,1,1,1,1,18,0.000,0.000,,,,,NVIDIA A100-SXM4-40GB MIG 4g.20gb (0),1,,13,cupy_copy__float32_float32
5655573527,1792,392921,,,,,,,,,,0.000,2.232,Device,Pageable,NVIDIA A100-SXM4-40GB MIG 4g.20gb (0),1,,7,[CUDA memcpy Device-to-Host]
5655636342,12928,392932,1434,1,1,128,1,1,16,0.000,0.000,,,,,NVIDIA A100-SXM4-40GB MIG 4g.20gb (0),1,,13,cupy_copy__complex64_complex64
5655664502,2816,392939,103,1,1,128,1,1,16,0.000,0.000,,,,,NVIDIA A100-SXM4-40GB MIG 4g.20gb (0),1,,13,cupy_copy__complex64_complex64
5655683670,2176,392946,35,1,1,128,1,1,16,0.000,0.000,,,,,NVIDIA A100-SXM4-40GB MIG 4g.20gb (0),1,,13,cupy_copy__complex64_complex64
5655703798,1760,392953,1,1,1,1,1,1,18,0.000,0.000,,,,,NVIDIA A100-SXM4-40GB MIG 4g.20gb (0),1,,13,cupy_copy__float32_float32
5655833876,82431,392964,1,1,1,32,32,1,30,0.000,0.000,,,,,NVIDIA A100-SXM4-40GB MIG 4g.20gb (0),1,,13,"void convert_kernel<__half2, float2>(tensor_layout_any, T1 *, tensor_layout_any, const T2 *)"
5655943987,5760,392967,,,,,,,,,,0.094,16266.656,Pinned,Device,NVIDIA A100-SXM4-40GB MIG 4g.20gb (0),1,,13,[CUDA memcpy Host-to-Device]
5655958482,3552,392968,,,,,,,,,,1.547,435422.601,Device,,NVIDIA A100-SXM4-40GB MIG 4g.20gb (0),1,,13,[CUDA memset]
5655964882,3264,392973,,,,,,,,,,0.031,9588.218,Pinned,Device,NVIDIA A100-SXM4-40GB MIG 4g.20gb (0),1,,13,[CUDA memcpy Host-to-Device]
5655970994,10272,392974,,,,,,,,,,0.197,19140.182,Pinned,Device,NVIDIA A100-SXM4-40GB MIG 4g.20gb (0),1,,13,[CUDA memcpy Host-to-Device]
5655986962,6048,392975,273,1,1,8,4,1,39,0.002,0.000,,,,,NVIDIA A100-SXM4-40GB MIG 4g.20gb (0),1,,13,"void channel_eq::eqMmseCoefCompLowMimoKernel<float, float, float, (unsigned int)4, (unsigned int)1, (unsigned int)4>(const channel_eq::_puschRxChEqStatDescr *, channel_eq::_puschRxChEqCoefCompDynDescr)"
5655995506,5696,392976,273,1,1,12,11,1,51,0.002,0.000,,,,,NVIDIA A100-SXM4-40GB MIG 4g.20gb (0),1,,13,"void channel_eq::eqMmseSoftDemapKernel<float, __half, __half, float, (unsigned int)4, (unsigned short)16383>(channel_eq::_puschRxChEqStatDescr *, channel_eq::_puschRxChEqSoftDemapDynDescr)"
5656003346,283068,392977,1,1,1,32,32,1,30,0.000,0.000,,,,,NVIDIA A100-SXM4-40GB MIG 4g.20gb (0),1,,13,"void convert_kernel<float2, __half2>(tensor_layout_any, T1 *, tensor_layout_any, const T2 *)"
5656287886,10976,392989,2253,1,1,128,1,1,16,0.000,0.000,,,,,NVIDIA A100-SXM4-40GB MIG 4g.20gb (0),1,,13,cupy_copy__float16_float16
5656301614,3008,392998,282,1,1,128,1,1,16,0.000,0.000,,,,,NVIDIA A100-SXM4-40GB MIG 4g.20gb (0),1,,13,cupy_copy__complex64_complex64
5656306670,2112,393007,26,1,1,128,1,1,16,0.000,0.000,,,,,NVIDIA A100-SXM4-40GB MIG 4g.20gb (0),1,,13,cupy_copy__float32_float32
5656309870,4544,393016,103,1,1,128,1,1,16,0.000,0.000,,,,,NVIDIA A100-SXM4-40GB MIG 4g.20gb (0),1,,13,cupy_copy__complex64_complex64
5656315406,12192,393026,1434,1,1,128,1,1,16,0.000,0.000,,,,,NVIDIA A100-SXM4-40GB MIG 4g.20gb (0),1,,13,cupy_copy__complex64_complex64
5656334574,87391,393031,1,1,1,32,32,1,30,0.000,0.000,,,,,NVIDIA A100-SXM4-40GB MIG 4g.20gb (0),1,,13,"void convert_kernel<__half2, float2>(tensor_layout_any, T1 *, tensor_layout_any, const T2 *)"
5656448716,5856,393034,,,,,,,,,,0.094,15999.997,Pinned,Device,NVIDIA A100-SXM4-40GB MIG 4g.20gb (0),1,,13,[CUDA memcpy Host-to-Device]
5656459276,596729,393035,,,,,,,,,,456.561,764740.412,Device,,NVIDIA A100-SXM4-40GB MIG 4g.20gb (0),1,,13,[CUDA memset]
5657063141,159870,393040,,,,,,,,,,1.235,7724.575,Pinned,Device,NVIDIA A100-SXM4-40GB MIG 4g.20gb (0),1,,13,[CUDA memcpy Host-to-Device]
5657235459,40319,393041,,,,,,,,,,0.197,4876.272,Pinned,Device,NVIDIA A100-SXM4-40GB MIG 4g.20gb (0),1,,13,[CUDA memcpy Host-to-Device]
5657293314,8320,393042,69,4,1,48,1,1,76,0.002,0.000,,,,,NVIDIA A100-SXM4-40GB MIG 4g.20gb (0),1,,13,"void ch_est::windowedChEstPreNoDftSOfdmKernel<float, __half, float, (unsigned int)2, (unsigned int)1, (unsigned short)4>(ch_est::puschRxChEstStatDescr_t *, ch_est::puschRxChEstDynDescr_t *)"
5657311202,6496,393043,137,2,1,24,2,1,44,0.001,0.001,,,,,NVIDIA A100-SXM4-40GB MIG 4g.20gb (0),1,,13,"void ch_est::chEstFilterNoDftSOfdmDispatchKernel<float, __half, float, (unsigned int)2>(ch_est::puschRxChEstStatDescr_t *, ch_est::puschRxChEstDynDescr_t *)"
5657328002,4864,393044,137,2,1,24,2,1,44,0.001,0.001,,,,,NVIDIA A100-SXM4-40GB MIG 4g.20gb (0),1,,13,"void ch_est::chEstFilterNoDftSOfdmDispatchKernel<float, __half, float, (unsigned int)2>(ch_est::puschRxChEstStatDescr_t *, ch_est::puschRxChEstDynDescr_t *)"
5657342657,2496,393055,103,1,1,128,1,1,16,0.000,0.000,,,,,NVIDIA A100-SXM4-40GB MIG 4g.20gb (0),1,,13,cupy_copy__complex64_complex64
5657360961,12576,393065,1434,1,1,128,1,1,16,0.000,0.000,,,,,NVIDIA A100-SXM4-40GB MIG 4g.20gb (0),1,,13,cupy_copy__complex64_complex64
5657392641,2592,393072,103,1,1,128,1,1,16,0.000,0.000,,,,,NVIDIA A100-SXM4-40GB MIG 4g.20gb (0),1,,13,cupy_copy__complex64_complex64
5657405313,95422,393079,1,1,1,32,32,1,30,0.000,0.000,,,,,NVIDIA A100-SXM4-40GB MIG 4g.20gb (0),1,,13,"void convert_kernel<__half2, float2>(tensor_layout_any, T1 *, tensor_layout_any, const T2 *)"
5657531903,14816,393082,,,,,,,,,,0.094,6323.918,Pinned,Device,NVIDIA A100-SXM4-40GB MIG 4g.20gb (0),1,,13,[CUDA memcpy Host-to-Device]
5657552511,47359,393083,,,,,,,,,,35.810,756126.461,Device,,NVIDIA A100-SXM4-40GB MIG 4g.20gb (0),1,,13,[CUDA memset]
5657605854,4768,393085,,,,,,,,,,0.000,16.778,Pinned,Device,NVIDIA A100-SXM4-40GB MIG 4g.20gb (0),1,,13,[CUDA memcpy Host-to-Device]
5657615294,19712,393086,,,,,,,,,,0.197,9973.924,Pinned,Device,NVIDIA A100-SXM4-40GB MIG 4g.20gb (0),1,,13,[CUDA memcpy Host-to-Device]
5657643390,11776,393087,273,1,1,48,1,1,40,0.000,0.001,,,,,NVIDIA A100-SXM4-40GB MIG 4g.20gb (0),1,,13,"void pusch_noise_intf_est::noiseIntfEstNoDftSOfdmKernel<float, __half, float, float, (unsigned int)2, (unsigned int)1, (unsigned char)4, (unsigned char)4>(pusch_noise_intf_est::puschRxNoiseIntfEstDynDescr)"
5657658366,2847,393098,35,1,1,128,1,1,16,0.000,0.000,,,,,NVIDIA A100-SXM4-40GB MIG 4g.20gb (0),1,,13,cupy_copy__complex64_complex64
5657668093,1824,393107,1,1,1,1,1,1,18,0.000,0.000,,,,,NVIDIA A100-SXM4-40GB MIG 4g.20gb (0),1,,13,cupy_copy__float32_float32
5657682429,5056,393113,,,,,,,,,,0.000,0.791,Device,Pageable,NVIDIA A100-SXM4-40GB MIG 4g.20gb (0),1,,7,[CUDA memcpy Device-to-Host]
5657762076,12832,393124,1434,1,1,128,1,1,16,0.000,0.000,,,,,NVIDIA A100-SXM4-40GB MIG 4g.20gb (0),1,,13,cupy_copy__complex64_complex64
5657786684,3136,393131,103,1,1,128,1,1,16,0.000,0.000,,,,,NVIDIA A100-SXM4-40GB MIG 4g.20gb (0),1,,13,cupy_copy__complex64_complex64
5657805724,2624,393138,35,1,1,128,1,1,16,0.000,0.000,,,,,NVIDIA A100-SXM4-40GB MIG 4g.20gb (0),1,,13,cupy_copy__complex64_complex64
5657823611,2080,393145,1,1,1,1,1,1,18,0.000,0.000,,,,,NVIDIA A100-SXM4-40GB MIG 4g.20gb (0),1,,13,cupy_copy__float32_float32
5657947610,82687,393156,1,1,1,32,32,1,30,0.000,0.000,,,,,NVIDIA A100-SXM4-40GB MIG 4g.20gb (0),1,,13,"void convert_kernel<__half2, float2>(tensor_layout_any, T1 *, tensor_layout_any, const T2 *)"
5658056985,5664,393159,,,,,,,,,,0.094,16542.310,Pinned,Device,NVIDIA A100-SXM4-40GB MIG 4g.20gb (0),1,,13,[CUDA memcpy Host-to-Device]
5658073112,3360,393160,,,,,,,,,,1.547,460304.688,Device,,NVIDIA A100-SXM4-40GB MIG 4g.20gb (0),1,,13,[CUDA memset]
5658080632,3136,393165,,,,,,,,,,0.031,9979.575,Pinned,Device,NVIDIA A100-SXM4-40GB MIG 4g.20gb (0),1,,13,[CUDA memcpy Host-to-Device]
5658086648,9856,393166,,,,,,,,,,0.197,19948.044,Pinned,Device,NVIDIA A100-SXM4-40GB MIG 4g.20gb (0),1,,13,[CUDA memcpy Host-to-Device]
5658100120,6240,393167,273,1,1,8,4,1,39,0.002,0.000,,,,,NVIDIA A100-SXM4-40GB MIG 4g.20gb (0),1,,13,"void channel_eq::eqMmseCoefCompLowMimoKernel<float, float, float, (unsigned int)4, (unsigned int)1, (unsigned int)4>(const channel_eq::_puschRxChEqStatDescr *, channel_eq::_puschRxChEqCoefCompDynDescr)"
5658107448,5760,393168,273,1,1,12,11,1,51,0.002,0.000,,,,,NVIDIA A100-SXM4-40GB MIG 4g.20gb (0),1,,13,"void channel_eq::eqMmseSoftDemapKernel<float, __half, __half, float, (unsigned int)4, (unsigned short)16383>(channel_eq::_puschRxChEqStatDescr *, channel_eq::_puschRxChEqSoftDemapDynDescr)"
5658114296,283004,393169,1,1,1,32,32,1,30,0.000,0.000,,,,,NVIDIA A100-SXM4-40GB MIG 4g.20gb (0),1,,13,"void convert_kernel<float2, __half2>(tensor_layout_any, T1 *, tensor_layout_any, const T2 *)"
5658400116,11008,393181,2253,1,1,128,1,1,16,0.000,0.000,,,,,NVIDIA A100-SXM4-40GB MIG 4g.20gb (0),1,,13,cupy_copy__float16_float16
5658412724,3680,393190,282,1,1,128,1,1,16,0.000,0.000,,,,,NVIDIA A100-SXM4-40GB MIG 4g.20gb (0),1,,13,cupy_copy__complex64_complex64
5658418228,2240,393199,26,1,1,128,1,1,16,0.000,0.000,,,,,NVIDIA A100-SXM4-40GB MIG 4g.20gb (0),1,,13,cupy_copy__float32_float32
5658422708,4672,393208,103,1,1,128,1,1,16,0.000,0.000,,,,,NVIDIA A100-SXM4-40GB MIG 4g.20gb (0),1,,13,cupy_copy__complex64_complex64
5658430388,12192,393218,1434,1,1,128,1,1,16,0.000,0.000,,,,,NVIDIA A100-SXM4-40GB MIG 4g.20gb (0),1,,13,cupy_copy__complex64_complex64
5658449940,82751,393223,1,1,1,32,32,1,30,0.000,0.000,,,,,NVIDIA A100-SXM4-40GB MIG 4g.20gb (0),1,,13,"void convert_kernel<__half2, float2>(tensor_layout_any, T1 *, tensor_layout_any, const T2 *)"
5658559314,6048,393226,,,,,,,,,,0.094,15491.978,Pinned,Device,NVIDIA A100-SXM4-40GB MIG 4g.20gb (0),1,,13,[CUDA memcpy Host-to-Device]
5658569394,597529,393227,,,,,,,,,,456.561,763827.289,Device,,NVIDIA A100-SXM4-40GB MIG 4g.20gb (0),1,,13,[CUDA memset]
5659168683,125310,393232,,,,,,,,,,1.235,9854.853,Pinned,Device,NVIDIA A100-SXM4-40GB MIG 4g.20gb (0),1,,13,[CUDA memcpy Host-to-Device]
5659302793,30720,393233,,,,,,,,,,0.197,6399.984,Pinned,Device,NVIDIA A100-SXM4-40GB MIG 4g.20gb (0),1,,13,[CUDA memcpy Host-to-Device]
5659346441,8320,393234,69,4,1,48,1,1,76,0.002,0.000,,,,,NVIDIA A100-SXM4-40GB MIG 4g.20gb (0),1,,13,"void ch_est::windowedChEstPreNoDftSOfdmKernel<float, __half, float, (unsigned int)2, (unsigned int)1, (unsigned short)4>(ch_est::puschRxChEstStatDescr_t *, ch_est::puschRxChEstDynDescr_t *)"
5659365000,6688,393235,137,2,1,24,2,1,44,0.001,0.001,,,,,NVIDIA A100-SXM4-40GB MIG 4g.20gb (0),1,,13,"void ch_est::chEstFilterNoDftSOfdmDispatchKernel<float, __half, float, (unsigned int)2>(ch_est::puschRxChEstStatDescr_t *, ch_est::puschRxChEstDynDescr_t *)"
5659377832,4800,393236,137,2,1,24,2,1,44,0.001,0.001,,,,,NVIDIA A100-SXM4-40GB MIG 4g.20gb (0),1,,13,"void ch_est::chEstFilterNoDftSOfdmDispatchKernel<float, __half, float, (unsigned int)2>(ch_est::puschRxChEstStatDescr_t *, ch_est::puschRxChEstDynDescr_t *)"
5659390792,2592,393247,103,1,1,128,1,1,16,0.000,0.000,,,,,NVIDIA A100-SXM4-40GB MIG 4g.20gb (0),1,,13,cupy_copy__complex64_complex64
5659403816,12512,393257,1434,1,1,128,1,1,16,0.000,0.000,,,,,NVIDIA A100-SXM4-40GB MIG 4g.20gb (0),1,,13,cupy_copy__complex64_complex64
5659432360,2624,393264,103,1,1,128,1,1,16,0.000,0.000,,,,,NVIDIA A100-SXM4-40GB MIG 4g.20gb (0),1,,13,cupy_copy__complex64_complex64
5659446663,89503,393271,1,1,1,32,32,1,30,0.000,0.000,,,,,NVIDIA A100-SXM4-40GB MIG 4g.20gb (0),1,,13,"void convert_kernel<__half2, float2>(tensor_layout_any, T1 *, tensor_layout_any, const T2 *)"
5659568390,24256,393274,,,,,,,,,,0.094,3862.711,Pinned,Device,NVIDIA A100-SXM4-40GB MIG 4g.20gb (0),1,,13,[CUDA memcpy Host-to-Device]
5659619045,46816,393275,,,,,,,,,,35.810,764899.891,Device,,NVIDIA A100-SXM4-40GB MIG 4g.20gb (0),1,,13,[CUDA memset]
5659667205,14592,393277,,,,,,,,,,0.000,5.482,Pinned,Device,NVIDIA A100-SXM4-40GB MIG 4g.20gb (0),1,,13,[CUDA memcpy Host-to-Device]
5659691364,26272,393278,,,,,,,,,,0.197,7483.490,Pinned,Device,NVIDIA A100-SXM4-40GB MIG 4g.20gb (0),1,,13,[CUDA memcpy Host-to-Device]
5659737860,10048,393279,273,1,1,48,1,1,40,0.000,0.001,,,,,NVIDIA A100-SXM4-40GB MIG 4g.20gb (0),1,,13,"void pusch_noise_intf_est::noiseIntfEstNoDftSOfdmKernel<float, __half, float, float, (unsigned int)2, (unsigned int)1, (unsigned char)4, (unsigned char)4>(pusch_noise_intf_est::puschRxNoiseIntfEstDynDescr)"
5659762404,2752,393290,35,1,1,128,1,1,16,0.000,0.000,,,,,NVIDIA A100-SXM4-40GB MIG 4g.20gb (0),1,,13,cupy_copy__complex64_complex64
5659777219,1696,393299,1,1,1,1,1,1,18,0.000,0.000,,,,,NVIDIA A100-SXM4-40GB MIG 4g.20gb (0),1,,13,cupy_copy__float32_float32
5659785603,5728,393305,,,,,,,,,,0.000,0.698,Device,Pageable,NVIDIA A100-SXM4-40GB MIG 4g.20gb (0),1,,7,[CUDA memcpy Device-to-Host]
5659867490,13184,393316,1434,1,1,128,1,1,16,0.000,0.000,,,,,NVIDIA A100-SXM4-40GB MIG 4g.20gb (0),1,,13,cupy_copy__complex64_complex64
5659896258,6272,393323,103,1,1,128,1,1,16,0.000,0.000,,,,,NVIDIA A100-SXM4-40GB MIG 4g.20gb (0),1,,13,cupy_copy__complex64_complex64
5659908610,2560,393330,35,1,1,128,1,1,16,0.000,0.000,,,,,NVIDIA A100-SXM4-40GB MIG 4g.20gb (0),1,,13,cupy_copy__complex64_complex64
5659932738,1887,393337,1,1,1,1,1,1,18,0.000,0.000,,,,,NVIDIA A100-SXM4-40GB MIG 4g.20gb (0),1,,13,cupy_copy__float32_float32
5660062880,85823,393348,1,1,1,32,32,1,30,0.000,0.000,,,,,NVIDIA A100-SXM4-40GB MIG 4g.20gb (0),1,,13,"void convert_kernel<__half2, float2>(tensor_layout_any, T1 *, tensor_layout_any, const T2 *)"
5660180574,14560,393351,,,,,,,,,,0.094,6435.135,Pinned,Device,NVIDIA A100-SXM4-40GB MIG 4g.20gb (0),1,,13,[CUDA memcpy Host-to-Device]
5660206462,3456,393352,,,,,,,,,,1.547,447517.201,Device,,NVIDIA A100-SXM4-40GB MIG 4g.20gb (0),1,,13,[CUDA memset]
5660211582,3456,393357,,,,,,,,,,0.031,9055.529,Pinned,Device,NVIDIA A100-SXM4-40GB MIG 4g.20gb (0),1,,13,[CUDA memcpy Host-to-Device]
5660220990,14368,393358,,,,,,,,,,0.197,13683.720,Pinned,Device,NVIDIA A100-SXM4-40GB MIG 4g.20gb (0),1,,13,[CUDA memcpy Host-to-Device]
5660242526,8096,393359,273,1,1,8,4,1,39,0.002,0.000,,,,,NVIDIA A100-SXM4-40GB MIG 4g.20gb (0),1,,13,"void channel_eq::eqMmseCoefCompLowMimoKernel<float, float, float, (unsigned int)4, (unsigned int)1, (unsigned int)4>(const channel_eq::_puschRxChEqStatDescr *, channel_eq::_puschRxChEqCoefCompDynDescr)"
5660255774,7359,393360,273,1,1,12,11,1,51,0.002,0.000,,,,,NVIDIA A100-SXM4-40GB MIG 4g.20gb (0),1,,13,"void channel_eq::eqMmseSoftDemapKernel<float, __half, __half, float, (unsigned int)4, (unsigned short)16383>(channel_eq::_puschRxChEqStatDescr *, channel_eq::_puschRxChEqSoftDemapDynDescr)"
5660267901,282653,393361,1,1,1,32,32,1,30,0.000,0.000,,,,,NVIDIA A100-SXM4-40GB MIG 4g.20gb (0),1,,13,"void convert_kernel<float2, __half2>(tensor_layout_any, T1 *, tensor_layout_any, const T2 *)"
5660553178,10944,393373,2253,1,1,128,1,1,16,0.000,0.000,,,,,NVIDIA A100-SXM4-40GB MIG 4g.20gb (0),1,,13,cupy_copy__float16_float16
5660566906,3168,393382,282,1,1,128,1,1,16,0.000,0.000,,,,,NVIDIA A100-SXM4-40GB MIG 4g.20gb (0),1,,13,cupy_copy__complex64_complex64
5660571386,2080,393391,26,1,1,128,1,1,16,0.000,0.000,,,,,NVIDIA A100-SXM4-40GB MIG 4g.20gb (0),1,,13,cupy_copy__float32_float32
5660576058,4736,393400,103,1,1,128,1,1,16,0.000,0.000,,,,,NVIDIA A100-SXM4-40GB MIG 4g.20gb (0),1,,13,cupy_copy__complex64_complex64
5660585497,11936,393410,1434,1,1,128,1,1,16,0.000,0.000,,,,,NVIDIA A100-SXM4-40GB MIG 4g.20gb (0),1,,13,cupy_copy__complex64_complex64
5660601017,80703,393415,1,1,1,32,32,1,30,0.000,0.000,,,,,NVIDIA A100-SXM4-40GB MIG 4g.20gb (0),1,,13,"void convert_kernel<__half2, float2>(tensor_layout_any, T1 *, tensor_layout_any, const T2 *)"
5660708472,5664,393418,,,,,,,,,,0.094,16542.310,Pinned,Device,NVIDIA A100-SXM4-40GB MIG 4g.20gb (0),1,,13,[CUDA memcpy Host-to-Device]
5660718136,600728,393419,,,,,,,,,,456.561,759718.236,Device,,NVIDIA A100-SXM4-40GB MIG 4g.20gb (0),1,,13,[CUDA memset]
5661326704,143999,393424,,,,,,,,,,1.235,8575.451,Pinned,Device,NVIDIA A100-SXM4-40GB MIG 4g.20gb (0),1,,13,[CUDA memcpy Host-to-Device]
5661483310,39936,393425,,,,,,,,,,0.197,4923.064,Pinned,Device,NVIDIA A100-SXM4-40GB MIG 4g.20gb (0),1,,13,[CUDA memcpy Host-to-Device]
5661556845,8128,393426,69,4,1,48,1,1,76,0.002,0.000,,,,,NVIDIA A100-SXM4-40GB MIG 4g.20gb (0),1,,13,"void ch_est::windowedChEstPreNoDftSOfdmKernel<float, __half, float, (unsigned int)2, (unsigned int)1, (unsigned short)4>(ch_est::puschRxChEstStatDescr_t *, ch_est::puschRxChEstDynDescr_t *)"
5661576141,6464,393427,137,2,1,24,2,1,44,0.001,0.001,,,,,NVIDIA A100-SXM4-40GB MIG 4g.20gb (0),1,,13,"void ch_est::chEstFilterNoDftSOfdmDispatchKernel<float, __half, float, (unsigned int)2>(ch_est::puschRxChEstStatDescr_t *, ch_est::puschRxChEstDynDescr_t *)"
5661595117,4768,393428,137,2,1,24,2,1,44,0.001,0.001,,,,,NVIDIA A100-SXM4-40GB MIG 4g.20gb (0),1,,13,"void ch_est::chEstFilterNoDftSOfdmDispatchKernel<float, __half, float, (unsigned int)2>(ch_est::puschRxChEstStatDescr_t *, ch_est::puschRxChEstDynDescr_t *)"
5661612013,2720,393439,103,1,1,128,1,1,16,0.000,0.000,,,,,NVIDIA A100-SXM4-40GB MIG 4g.20gb (0),1,,13,cupy_copy__complex64_complex64
5661629133,12287,393449,1434,1,1,128,1,1,16,0.000,0.000,,,,,NVIDIA A100-SXM4-40GB MIG 4g.20gb (0),1,,13,cupy_copy__complex64_complex64
5661648236,2912,393456,103,1,1,128,1,1,16,0.000,0.000,,,,,NVIDIA A100-SXM4-40GB MIG 4g.20gb (0),1,,13,cupy_copy__complex64_complex64
5661675404,93151,393463,1,1,1,32,32,1,30,0.000,0.000,,,,,NVIDIA A100-SXM4-40GB MIG 4g.20gb (0),1,,13,"void convert_kernel<__half2, float2>(tensor_layout_any, T1 *, tensor_layout_any, const T2 *)"
5661798923,23103,393466,,,,,,,,,,0.094,4055.538,Pinned,Device,NVIDIA A100-SXM4-40GB MIG 4g.20gb (0),1,,13,[CUDA memcpy Host-to-Device]
5661834506,47359,393467,,,,,,,,,,35.810,756126.461,Device,,NVIDIA A100-SXM4-40GB MIG 4g.20gb (0),1,,13,[CUDA memset]
5661889609,11360,393469,,,,,,,,,,0.000,7.042,Pinned,Device,NVIDIA A100-SXM4-40GB MIG 4g.20gb (0),1,,13,[CUDA memcpy Host-to-Device]
5661911817,16928,393470,,,,,,,,,,0.197,11614.224,Pinned,Device,NVIDIA A100-SXM4-40GB MIG 4g.20gb (0),1,,13,[CUDA memcpy Host-to-Device]
5661948457,9504,393471,273,1,1,48,1,1,40,0.000,0.001,,,,,NVIDIA A100-SXM4-40GB MIG 4g.20gb (0),1,,13,"void pusch_noise_intf_est::noiseIntfEstNoDftSOfdmKernel<float, __half, float, float, (unsigned int)2, (unsigned int)1, (unsigned char)4, (unsigned char)4>(pusch_noise_intf_est::puschRxNoiseIntfEstDynDescr)"
5661972008,2720,393482,35,1,1,128,1,1,16,0.000,0.000,,,,,NVIDIA A100-SXM4-40GB MIG 4g.20gb (0),1,,13,cupy_copy__complex64_complex64
5661987592,1728,393491,1,1,1,1,1,1,18,0.000,0.000,,,,,NVIDIA A100-SXM4-40GB MIG 4g.20gb (0),1,,13,cupy_copy__float32_float32
5661989640,5568,393497,,,,,,,,,,0.000,0.718,Device,Pageable,NVIDIA A100-SXM4-40GB MIG 4g.20gb (0),1,,7,[CUDA memcpy Device-to-Host]
5662066311,13024,393508,1434,1,1,128,1,1,16,0.000,0.000,,,,,NVIDIA A100-SXM4-40GB MIG 4g.20gb (0),1,,13,cupy_copy__complex64_complex64
5662097415,3392,393515,103,1,1,128,1,1,16,0.000,0.000,,,,,NVIDIA A100-SXM4-40GB MIG 4g.20gb (0),1,,13,cupy_copy__complex64_complex64
5662117415,2528,393522,35,1,1,128,1,1,16,0.000,0.000,,,,,NVIDIA A100-SXM4-40GB MIG 4g.20gb (0),1,,13,cupy_copy__complex64_complex64
5662130246,1792,393529,1,1,1,1,1,1,18,0.000,0.000,,,,,NVIDIA A100-SXM4-40GB MIG 4g.20gb (0),1,,13,cupy_copy__float32_float32
5662256421,82655,393540,1,1,1,32,32,1,30,0.000,0.000,,,,,NVIDIA A100-SXM4-40GB MIG 4g.20gb (0),1,,13,"void convert_kernel<__half2, float2>(tensor_layout_any, T1 *, tensor_layout_any, const T2 *)"
5662367460,5631,393543,,,,,,,,,,0.094,16639.285,Pinned,Device,NVIDIA A100-SXM4-40GB MIG 4g.20gb (0),1,,13,[CUDA memcpy Host-to-Device]
5662382211,3456,393544,,,,,,,,,,1.547,447517.201,Device,,NVIDIA A100-SXM4-40GB MIG 4g.20gb (0),1,,13,[CUDA memset]
5662388803,3008,393549,,,,,,,,,,0.031,10404.230,Pinned,Device,NVIDIA A100-SXM4-40GB MIG 4g.20gb (0),1,,13,[CUDA memcpy Host-to-Device]
5662394243,10048,393550,,,,,,,,,,0.197,19566.821,Pinned,Device,NVIDIA A100-SXM4-40GB MIG 4g.20gb (0),1,,13,[CUDA memcpy Host-to-Device]
5662408515,6624,393551,273,1,1,8,4,1,39,0.002,0.000,,,,,NVIDIA A100-SXM4-40GB MIG 4g.20gb (0),1,,13,"void channel_eq::eqMmseCoefCompLowMimoKernel<float, float, float, (unsigned int)4, (unsigned int)1, (unsigned int)4>(const channel_eq::_puschRxChEqStatDescr *, channel_eq::_puschRxChEqCoefCompDynDescr)"
5662416195,6336,393552,273,1,1,12,11,1,51,0.002,0.000,,,,,NVIDIA A100-SXM4-40GB MIG 4g.20gb (0),1,,13,"void channel_eq::eqMmseSoftDemapKernel<float, __half, __half, float, (unsigned int)4, (unsigned short)16383>(channel_eq::_puschRxChEqStatDescr *, channel_eq::_puschRxChEqSoftDemapDynDescr)"
5662423459,283132,393553,1,1,1,32,32,1,30,0.000,0.000,,,,,NVIDIA A100-SXM4-40GB MIG 4g.20gb (0),1,,13,"void convert_kernel<float2, __half2>(tensor_layout_any, T1 *, tensor_layout_any, const T2 *)"
5662707903,10976,393565,2253,1,1,128,1,1,16,0.000,0.000,,,,,NVIDIA A100-SXM4-40GB MIG 4g.20gb (0),1,,13,cupy_copy__float16_float16
5662721631,3328,393574,282,1,1,128,1,1,16,0.000,0.000,,,,,NVIDIA A100-SXM4-40GB MIG 4g.20gb (0),1,,13,cupy_copy__complex64_complex64
5662726079,3232,393583,26,1,1,128,1,1,16,0.000,0.000,,,,,NVIDIA A100-SXM4-40GB MIG 4g.20gb (0),1,,13,cupy_copy__float32_float32
5662730975,2912,393592,103,1,1,128,1,1,16,0.000,0.000,,,,,NVIDIA A100-SXM4-40GB MIG 4g.20gb (0),1,,13,cupy_copy__complex64_complex64
5662735007,12320,393602,1434,1,1,128,1,1,16,0.000,0.000,,,,,NVIDIA A100-SXM4-40GB MIG 4g.20gb (0),1,,13,cupy_copy__complex64_complex64
5662754751,82271,393607,1,1,1,32,32,1,30,0.000,0.000,,,,,NVIDIA A100-SXM4-40GB MIG 4g.20gb (0),1,,13,"void convert_kernel<__half2, float2>(tensor_layout_any, T1 *, tensor_layout_any, const T2 *)"
5662872765,6048,393610,,,,,,,,,,0.094,15491.978,Pinned,Device,NVIDIA A100-SXM4-40GB MIG 4g.20gb (0),1,,13,[CUDA memcpy Host-to-Device]
5662883933,597337,393611,,,,,,,,,,456.561,764283.851,Device,,NVIDIA A100-SXM4-40GB MIG 4g.20gb (0),1,,13,[CUDA memset]
5663485462,89695,393616,,,,,,,,,,1.235,13767.156,Pinned,Device,NVIDIA A100-SXM4-40GB MIG 4g.20gb (0),1,,13,[CUDA memcpy Host-to-Device]
5663581877,16479,393617,,,,,,,,,,0.197,11930.763,Pinned,Device,NVIDIA A100-SXM4-40GB MIG 4g.20gb (0),1,,13,[CUDA memcpy Host-to-Device]
5663613236,7872,393618,69,4,1,48,1,1,76,0.002,0.000,,,,,NVIDIA A100-SXM4-40GB MIG 4g.20gb (0),1,,13,"void ch_est::windowedChEstPreNoDftSOfdmKernel<float, __half, float, (unsigned int)2, (unsigned int)1, (unsigned short)4>(ch_est::puschRxChEstStatDescr_t *, ch_est::puschRxChEstDynDescr_t *)"
5663629140,6400,393619,137,2,1,24,2,1,44,0.001,0.001,,,,,NVIDIA A100-SXM4-40GB MIG 4g.20gb (0),1,,13,"void ch_est::chEstFilterNoDftSOfdmDispatchKernel<float, __half, float, (unsigned int)2>(ch_est::puschRxChEstStatDescr_t *, ch_est::puschRxChEstDynDescr_t *)"
5663638612,6080,393620,137,2,1,24,2,1,44,0.001,0.001,,,,,NVIDIA A100-SXM4-40GB MIG 4g.20gb (0),1,,13,"void ch_est::chEstFilterNoDftSOfdmDispatchKernel<float, __half, float, (unsigned int)2>(ch_est::puschRxChEstStatDescr_t *, ch_est::puschRxChEstDynDescr_t *)"
5663647316,3168,393631,103,1,1,128,1,1,16,0.000,0.000,,,,,NVIDIA A100-SXM4-40GB MIG 4g.20gb (0),1,,13,cupy_copy__complex64_complex64
5663655124,13055,393641,1434,1,1,128,1,1,16,0.000,0.000,,,,,NVIDIA A100-SXM4-40GB MIG 4g.20gb (0),1,,13,cupy_copy__complex64_complex64
5663669747,3072,393648,103,1,1,128,1,1,16,0.000,0.000,,,,,NVIDIA A100-SXM4-40GB MIG 4g.20gb (0),1,,13,cupy_copy__complex64_complex64
5663680179,86751,393655,1,1,1,32,32,1,30,0.000,0.000,,,,,NVIDIA A100-SXM4-40GB MIG 4g.20gb (0),1,,13,"void convert_kernel<__half2, float2>(tensor_layout_any, T1 *, tensor_layout_any, const T2 *)"
5663795282,13312,393658,,,,,,,,,,0.094,7038.444,Pinned,Device,NVIDIA A100-SXM4-40GB MIG 4g.20gb (0),1,,13,[CUDA memcpy Host-to-Device]
5663821394,47455,393659,,,,,,,,,,35.810,754586.634,Device,,NVIDIA A100-SXM4-40GB MIG 4g.20gb (0),1,,13,[CUDA memset]
5663870161,7104,393661,,,,,,,,,,0.000,11.261,Pinned,Device,NVIDIA A100-SXM4-40GB MIG 4g.20gb (0),1,,13,[CUDA memcpy Host-to-Device]
5663882097,18560,393662,,,,,,,,,,0.197,10593.042,Pinned,Device,NVIDIA A100-SXM4-40GB MIG 4g.20gb (0),1,,13,[CUDA memcpy Host-to-Device]
5663915152,9920,393663,273,1,1,48,1,1,40,0.000,0.001,,,,,NVIDIA A100-SXM4-40GB MIG 4g.20gb (0),1,,13,"void pusch_noise_intf_est::noiseIntfEstNoDftSOfdmKernel<float, __half, float, float, (unsigned int)2, (unsigned int)1, (unsigned char)4, (unsigned char)4>(pusch_noise_intf_est::puschRxNoiseIntfEstDynDescr)"
5663932496,2560,393674,35,1,1,128,1,1,16,0.000,0.000,,,,,NVIDIA A100-SXM4-40GB MIG 4g.20gb (0),1,,13,cupy_copy__complex64_complex64
5663942352,1760,393683,1,1,1,1,1,1,18,0.000,0.000,,,,,NVIDIA A100-SXM4-40GB MIG 4g.20gb (0),1,,13,cupy_copy__float32_float32
5663951216,6752,393689,,,,,,,,,,0.000,0.592,Device,Pageable,NVIDIA A100-SXM4-40GB MIG 4g.20gb (0),1,,7,[CUDA memcpy Device-to-Host]
5664032079,12800,393700,1434,1,1,128,1,1,16,0.000,0.000,,,,,NVIDIA A100-SXM4-40GB MIG 4g.20gb (0),1,,13,cupy_copy__complex64_complex64
5664057007,3168,393707,103,1,1,128,1,1,16,0.000,0.000,,,,,NVIDIA A100-SXM4-40GB MIG 4g.20gb (0),1,,13,cupy_copy__complex64_complex64
5664082318,2560,393714,35,1,1,128,1,1,16,0.000,0.000,,,,,NVIDIA A100-SXM4-40GB MIG 4g.20gb (0),1,,13,cupy_copy__complex64_complex64
5664093454,1888,393721,1,1,1,1,1,1,18,0.000,0.000,,,,,NVIDIA A100-SXM4-40GB MIG 4g.20gb (0),1,,13,cupy_copy__float32_float32
5664222509,82815,393732,1,1,1,32,32,1,30,0.000,0.000,,,,,NVIDIA A100-SXM4-40GB MIG 4g.20gb (0),1,,13,"void convert_kernel<__half2, float2>(tensor_layout_any, T1 *, tensor_layout_any, const T2 *)"
5664332555,5504,393735,,,,,,,,,,0.094,17023.251,Pinned,Device,NVIDIA A100-SXM4-40GB MIG 4g.20gb (0),1,,13,[CUDA memcpy Host-to-Device]
5664348235,3264,393736,,,,,,,,,,1.547,473842.288,Device,,NVIDIA A100-SXM4-40GB MIG 4g.20gb (0),1,,13,[CUDA memset]
5664353931,3520,393741,,,,,,,,,,0.031,8890.881,Pinned,Device,NVIDIA A100-SXM4-40GB MIG 4g.20gb (0),1,,13,[CUDA memcpy Host-to-Device]
5664359883,9472,393742,,,,,,,,,,0.197,20756.693,Pinned,Device,NVIDIA A100-SXM4-40GB MIG 4g.20gb (0),1,,13,[CUDA memcpy Host-to-Device]
5664374091,6528,393743,273,1,1,8,4,1,39,0.002,0.000,,,,,NVIDIA A100-SXM4-40GB MIG 4g.20gb (0),1,,13,"void channel_eq::eqMmseCoefCompLowMimoKernel<float, float, float, (unsigned int)4, (unsigned int)1, (unsigned int)4>(const channel_eq::_puschRxChEqStatDescr *, channel_eq::_puschRxChEqCoefCompDynDescr)"
5664381675,6336,393744,273,1,1,12,11,1,51,0.002,0.000,,,,,NVIDIA A100-SXM4-40GB MIG 4g.20gb (0),1,,13,"void channel_eq::eqMmseSoftDemapKernel<float, __half, __half, float, (unsigned int)4, (unsigned short)16383>(channel_eq::_puschRxChEqStatDescr *, channel_eq::_puschRxChEqSoftDemapDynDescr)"
5664388939,281692,393745,1,1,1,32,32,1,30,0.000,0.000,,,,,NVIDIA A100-SXM4-40GB MIG 4g.20gb (0),1,,13,"void convert_kernel<float2, __half2>(tensor_layout_any, T1 *, tensor_layout_any, const T2 *)"
5664671783,10976,393757,2253,1,1,128,1,1,16,0.000,0.000,,,,,NVIDIA A100-SXM4-40GB MIG 4g.20gb (0),1,,13,cupy_copy__float16_float16
5664686919,2944,393766,282,1,1,128,1,1,16,0.000,0.000,,,,,NVIDIA A100-SXM4-40GB MIG 4g.20gb (0),1,,13,cupy_copy__complex64_complex64
5664691911,2112,393775,26,1,1,128,1,1,16,0.000,0.000,,,,,NVIDIA A100-SXM4-40GB MIG 4g.20gb (0),1,,13,cupy_copy__float32_float32
5664696839,2976,393784,103,1,1,128,1,1,16,0.000,0.000,,,,,NVIDIA A100-SXM4-40GB MIG 4g.20gb (0),1,,13,cupy_copy__complex64_complex64
5664700903,12064,393794,1434,1,1,128,1,1,16,0.000,0.000,,,,,NVIDIA A100-SXM4-40GB MIG 4g.20gb (0),1,,13,cupy_copy__complex64_complex64
5664722182,81791,393799,1,1,1,32,32,1,30,0.000,0.000,,,,,NVIDIA A100-SXM4-40GB MIG 4g.20gb (0),1,,13,"void convert_kernel<__half2, float2>(tensor_layout_any, T1 *, tensor_layout_any, const T2 *)"
5664830981,5472,393802,,,,,,,,,,0.094,17122.757,Pinned,Device,NVIDIA A100-SXM4-40GB MIG 4g.20gb (0),1,,13,[CUDA memcpy Host-to-Device]
5664840549,599353,393803,,,,,,,,,,456.561,761544.482,Device,,NVIDIA A100-SXM4-40GB MIG 4g.20gb (0),1,,13,[CUDA memset]
5665443582,125502,393808,,,,,,,,,,1.235,9840.034,Pinned,Device,NVIDIA A100-SXM4-40GB MIG 4g.20gb (0),1,,13,[CUDA memcpy Host-to-Device]
5665580668,32320,393809,,,,,,,,,,0.197,6083.052,Pinned,Device,NVIDIA A100-SXM4-40GB MIG 4g.20gb (0),1,,13,[CUDA memcpy Host-to-Device]
5665629691,8512,393810,69,4,1,48,1,1,76,0.002,0.000,,,,,NVIDIA A100-SXM4-40GB MIG 4g.20gb (0),1,,13,"void ch_est::windowedChEstPreNoDftSOfdmKernel<float, __half, float, (unsigned int)2, (unsigned int)1, (unsigned short)4>(ch_est::puschRxChEstStatDescr_t *, ch_est::puschRxChEstDynDescr_t *)"
5665643227,6688,393811,137,2,1,24,2,1,44,0.001,0.001,,,,,NVIDIA A100-SXM4-40GB MIG 4g.20gb (0),1,,13,"void ch_est::chEstFilterNoDftSOfdmDispatchKernel<float, __half, float, (unsigned int)2>(ch_est::puschRxChEstStatDescr_t *, ch_est::puschRxChEstDynDescr_t *)"
5665655547,4992,393812,137,2,1,24,2,1,44,0.001,0.001,,,,,NVIDIA A100-SXM4-40GB MIG 4g.20gb (0),1,,13,"void ch_est::chEstFilterNoDftSOfdmDispatchKernel<float, __half, float, (unsigned int)2>(ch_est::puschRxChEstStatDescr_t *, ch_est::puschRxChEstDynDescr_t *)"
5665665499,2592,393823,103,1,1,128,1,1,16,0.000,0.000,,,,,NVIDIA A100-SXM4-40GB MIG 4g.20gb (0),1,,13,cupy_copy__complex64_complex64
5665678363,12384,393833,1434,1,1,128,1,1,16,0.000,0.000,,,,,NVIDIA A100-SXM4-40GB MIG 4g.20gb (0),1,,13,cupy_copy__complex64_complex64
5665695131,2495,393840,103,1,1,128,1,1,16,0.000,0.000,,,,,NVIDIA A100-SXM4-40GB MIG 4g.20gb (0),1,,13,cupy_copy__complex64_complex64
5665704794,82847,393847,1,1,1,32,32,1,30,0.000,0.000,,,,,NVIDIA A100-SXM4-40GB MIG 4g.20gb (0),1,,13,"void convert_kernel<__half2, float2>(tensor_layout_any, T1 *, tensor_layout_any, const T2 *)"
5665815481,5408,393850,,,,,,,,,,0.094,17325.421,Pinned,Device,NVIDIA A100-SXM4-40GB MIG 4g.20gb (0),1,,13,[CUDA memcpy Host-to-Device]
5665827833,46303,393851,,,,,,,,,,35.810,773351.032,Device,,NVIDIA A100-SXM4-40GB MIG 4g.20gb (0),1,,13,[CUDA memset]
5665880376,3584,393853,,,,,,,,,,0.000,22.321,Pinned,Device,NVIDIA A100-SXM4-40GB MIG 4g.20gb (0),1,,13,[CUDA memcpy Host-to-Device]
5665887672,12800,393854,,,,,,,,,,0.197,15360.000,Pinned,Device,NVIDIA A100-SXM4-40GB MIG 4g.20gb (0),1,,13,[CUDA memcpy Host-to-Device]
5665908248,12960,393855,273,1,1,48,1,1,40,0.000,0.001,,,,,NVIDIA A100-SXM4-40GB MIG 4g.20gb (0),1,,13,"void pusch_noise_intf_est::noiseIntfEstNoDftSOfdmKernel<float, __half, float, float, (unsigned int)2, (unsigned int)1, (unsigned char)4, (unsigned char)4>(pusch_noise_intf_est::puschRxNoiseIntfEstDynDescr)"
5665923992,2976,393866,35,1,1,128,1,1,16,0.000,0.000,,,,,NVIDIA A100-SXM4-40GB MIG 4g.20gb (0),1,,13,cupy_copy__complex64_complex64
5665935672,1888,393875,1,1,1,1,1,1,18,0.000,0.000,,,,,NVIDIA A100-SXM4-40GB MIG 4g.20gb (0),1,,13,cupy_copy__float32_float32
5665967511,1568,393881,,,,,,,,,,0.000,2.551,Device,Pageable,NVIDIA A100-SXM4-40GB MIG 4g.20gb (0),1,,7,[CUDA memcpy Device-to-Host]
5666026998,12896,393892,1434,1,1,128,1,1,16,0.000,0.000,,,,,NVIDIA A100-SXM4-40GB MIG 4g.20gb (0),1,,13,cupy_copy__complex64_complex64
5666053430,2752,393899,103,1,1,128,1,1,16,0.000,0.000,,,,,NVIDIA A100-SXM4-40GB MIG 4g.20gb (0),1,,13,cupy_copy__complex64_complex64
5666074358,2528,393906,35,1,1,128,1,1,16,0.000,0.000,,,,,NVIDIA A100-SXM4-40GB MIG 4g.20gb (0),1,,13,cupy_copy__complex64_complex64
5666097142,1984,393913,1,1,1,1,1,1,18,0.000,0.000,,,,,NVIDIA A100-SXM4-40GB MIG 4g.20gb (0),1,,13,cupy_copy__float32_float32
5666227316,86815,393924,1,1,1,32,32,1,30,0.000,0.000,,,,,NVIDIA A100-SXM4-40GB MIG 4g.20gb (0),1,,13,"void convert_kernel<__half2, float2>(tensor_layout_any, T1 *, tensor_layout_any, const T2 *)"
5666340947,5727,393927,,,,,,,,,,0.094,16360.352,Pinned,Device,NVIDIA A100-SXM4-40GB MIG 4g.20gb (0),1,,13,[CUDA memcpy Host-to-Device]
5666355602,3200,393928,,,,,,,,,,1.547,483320.000,Device,,NVIDIA A100-SXM4-40GB MIG 4g.20gb (0),1,,13,[CUDA memset]
5666362418,3008,393933,,,,,,,,,,0.031,10404.230,Pinned,Device,NVIDIA A100-SXM4-40GB MIG 4g.20gb (0),1,,13,[CUDA memcpy Host-to-Device]
5666367826,9376,393934,,,,,,,,,,0.197,20969.226,Pinned,Device,NVIDIA A100-SXM4-40GB MIG 4g.20gb (0),1,,13,[CUDA memcpy Host-to-Device]
5666382482,6176,393935,273,1,1,8,4,1,39,0.002,0.000,,,,,NVIDIA A100-SXM4-40GB MIG 4g.20gb (0),1,,13,"void channel_eq::eqMmseCoefCompLowMimoKernel<float, float, float, (unsigned int)4, (unsigned int)1, (unsigned int)4>(const channel_eq::_puschRxChEqStatDescr *, channel_eq::_puschRxChEqCoefCompDynDescr)"
5666391826,7424,393936,273,1,1,12,11,1,51,0.002,0.000,,,,,NVIDIA A100-SXM4-40GB MIG 4g.20gb (0),1,,13,"void channel_eq::eqMmseSoftDemapKernel<float, __half, __half, float, (unsigned int)4, (unsigned short)16383>(channel_eq::_puschRxChEqStatDescr *, channel_eq::_puschRxChEqSoftDemapDynDescr)"
5666400786,282396,393937,1,1,1,32,32,1,30,0.000,0.000,,,,,NVIDIA A100-SXM4-40GB MIG 4g.20gb (0),1,,13,"void convert_kernel<float2, __half2>(tensor_layout_any, T1 *, tensor_layout_any, const T2 *)"
5666684718,11104,393949,2253,1,1,128,1,1,16,0.000,0.000,,,,,NVIDIA A100-SXM4-40GB MIG 4g.20gb (0),1,,13,cupy_copy__float16_float16
5666699662,3168,393958,282,1,1,128,1,1,16,0.000,0.000,,,,,NVIDIA A100-SXM4-40GB MIG 4g.20gb (0),1,,13,cupy_copy__complex64_complex64
5666705870,2272,393967,26,1,1,128,1,1,16,0.000,0.000,,,,,NVIDIA A100-SXM4-40GB MIG 4g.20gb (0),1,,13,cupy_copy__float32_float32
5666709870,4608,393976,103,1,1,128,1,1,16,0.000,0.000,,,,,NVIDIA A100-SXM4-40GB MIG 4g.20gb (0),1,,13,cupy_copy__complex64_complex64
5666715598,12832,393986,1434,1,1,128,1,1,16,0.000,0.000,,,,,NVIDIA A100-SXM4-40GB MIG 4g.20gb (0),1,,13,cupy_copy__complex64_complex64
5666732206,86847,393991,1,1,1,32,32,1,30,0.000,0.000,,,,,NVIDIA A100-SXM4-40GB MIG 4g.20gb (0),1,,13,"void convert_kernel<__half2, float2>(tensor_layout_any, T1 *, tensor_layout_any, const T2 *)"
5666852652,5696,393994,,,,,,,,,,0.094,16449.363,Pinned,Device,NVIDIA A100-SXM4-40GB MIG 4g.20gb (0),1,,13,[CUDA memcpy Host-to-Device]
5666863532,598713,393995,,,,,,,,,,456.561,762457.605,Device,,NVIDIA A100-SXM4-40GB MIG 4g.20gb (0),1,,13,[CUDA memset]
5667471973,158494,394000,,,,,,,,,,1.235,7791.262,Pinned,Device,NVIDIA A100-SXM4-40GB MIG 4g.20gb (0),1,,13,[CUDA memcpy Host-to-Device]
5667642787,45599,394001,,,,,,,,,,0.197,4311.613,Pinned,Device,NVIDIA A100-SXM4-40GB MIG 4g.20gb (0),1,,13,[CUDA memcpy Host-to-Device]
5667715074,8160,394002,69,4,1,48,1,1,76,0.002,0.000,,,,,NVIDIA A100-SXM4-40GB MIG 4g.20gb (0),1,,13,"void ch_est::windowedChEstPreNoDftSOfdmKernel<float, __half, float, (unsigned int)2, (unsigned int)1, (unsigned short)4>(ch_est::puschRxChEstStatDescr_t *, ch_est::puschRxChEstDynDescr_t *)"
5667732481,6784,394003,137,2,1,24,2,1,44,0.001,0.001,,,,,NVIDIA A100-SXM4-40GB MIG 4g.20gb (0),1,,13,"void ch_est::chEstFilterNoDftSOfdmDispatchKernel<float, __half, float, (unsigned int)2>(ch_est::puschRxChEstStatDescr_t *, ch_est::puschRxChEstDynDescr_t *)"
5667748449,4800,394004,137,2,1,24,2,1,44,0.001,0.001,,,,,NVIDIA A100-SXM4-40GB MIG 4g.20gb (0),1,,13,"void ch_est::chEstFilterNoDftSOfdmDispatchKernel<float, __half, float, (unsigned int)2>(ch_est::puschRxChEstStatDescr_t *, ch_est::puschRxChEstDynDescr_t *)"
5667763489,2752,394015,103,1,1,128,1,1,16,0.000,0.000,,,,,NVIDIA A100-SXM4-40GB MIG 4g.20gb (0),1,,13,cupy_copy__complex64_complex64
5667778785,12672,394025,1434,1,1,128,1,1,16,0.000,0.000,,,,,NVIDIA A100-SXM4-40GB MIG 4g.20gb (0),1,,13,cupy_copy__complex64_complex64
5667812416,2816,394032,103,1,1,128,1,1,16,0.000,0.000,,,,,NVIDIA A100-SXM4-40GB MIG 4g.20gb (0),1,,13,cupy_copy__complex64_complex64
5667827808,86015,394039,1,1,1,32,32,1,30,0.000,0.000,,,,,NVIDIA A100-SXM4-40GB MIG 4g.20gb (0),1,,13,"void convert_kernel<__half2, float2>(tensor_layout_any, T1 *, tensor_layout_any, const T2 *)"
5667941759,6400,394042,,,,,,,,,,0.094,14640.000,Pinned,Device,NVIDIA A100-SXM4-40GB MIG 4g.20gb (0),1,,13,[CUDA memcpy Host-to-Device]
5667957407,46975,394043,,,,,,,,,,35.810,762285.767,Device,,NVIDIA A100-SXM4-40GB MIG 4g.20gb (0),1,,13,[CUDA memset]
5668008030,4864,394045,,,,,,,,,,0.000,16.447,Pinned,Device,NVIDIA A100-SXM4-40GB MIG 4g.20gb (0),1,,13,[CUDA memcpy Host-to-Device]
5668018590,12192,394046,,,,,,,,,,0.197,16125.788,Pinned,Device,NVIDIA A100-SXM4-40GB MIG 4g.20gb (0),1,,13,[CUDA memcpy Host-to-Device]
5668040286,9887,394047,273,1,1,48,1,1,40,0.000,0.001,,,,,NVIDIA A100-SXM4-40GB MIG 4g.20gb (0),1,,13,"void pusch_noise_intf_est::noiseIntfEstNoDftSOfdmKernel<float, __half, float, float, (unsigned int)2, (unsigned int)1, (unsigned char)4, (unsigned char)4>(pusch_noise_intf_est::puschRxNoiseIntfEstDynDescr)"
5668054621,3136,394058,35,1,1,128,1,1,16,0.000,0.000,,,,,NVIDIA A100-SXM4-40GB MIG 4g.20gb (0),1,,13,cupy_copy__complex64_complex64
5668062813,2176,394067,1,1,1,1,1,1,18,0.000,0.000,,,,,NVIDIA A100-SXM4-40GB MIG 4g.20gb (0),1,,13,cupy_copy__float32_float32
5668094237,1856,394073,,,,,,,,,,0.000,2.155,Device,Pageable,NVIDIA A100-SXM4-40GB MIG 4g.20gb (0),1,,7,[CUDA memcpy Device-to-Host]
5668155068,13376,394084,1434,1,1,128,1,1,16,0.000,0.000,,,,,NVIDIA A100-SXM4-40GB MIG 4g.20gb (0),1,,13,cupy_copy__complex64_complex64
5668184700,2848,394091,103,1,1,128,1,1,16,0.000,0.000,,,,,NVIDIA A100-SXM4-40GB MIG 4g.20gb (0),1,,13,cupy_copy__complex64_complex64
5668207804,2496,394098,35,1,1,128,1,1,16,0.000,0.000,,,,,NVIDIA A100-SXM4-40GB MIG 4g.20gb (0),1,,13,cupy_copy__complex64_complex64
5668225211,1792,394105,1,1,1,1,1,1,18,0.000,0.000,,,,,NVIDIA A100-SXM4-40GB MIG 4g.20gb (0),1,,13,cupy_copy__float32_float32
5668358202,82623,394116,1,1,1,32,32,1,30,0.000,0.000,,,,,NVIDIA A100-SXM4-40GB MIG 4g.20gb (0),1,,13,"void convert_kernel<__half2, float2>(tensor_layout_any, T1 *, tensor_layout_any, const T2 *)"
5668468760,5984,394119,,,,,,,,,,0.094,15657.726,Pinned,Device,NVIDIA A100-SXM4-40GB MIG 4g.20gb (0),1,,13,[CUDA memcpy Host-to-Device]
5668485240,3040,394120,,,,,,,,,,1.547,508757.325,Device,,NVIDIA A100-SXM4-40GB MIG 4g.20gb (0),1,,13,[CUDA memset]
5668490104,3296,394125,,,,,,,,,,0.031,9495.144,Pinned,Device,NVIDIA A100-SXM4-40GB MIG 4g.20gb (0),1,,13,[CUDA memcpy Host-to-Device]
5668495896,9728,394126,,,,,,,,,,0.197,20210.516,Pinned,Device,NVIDIA A100-SXM4-40GB MIG 4g.20gb (0),1,,13,[CUDA memcpy Host-to-Device]
5668510936,8576,394127,273,1,1,8,4,1,39,0.002,0.000,,,,,NVIDIA A100-SXM4-40GB MIG 4g.20gb (0),1,,13,"void channel_eq::eqMmseCoefCompLowMimoKernel<float, float, float, (unsigned int)4, (unsigned int)1, (unsigned int)4>(const channel_eq::_puschRxChEqStatDescr *, channel_eq::_puschRxChEqCoefCompDynDescr)"
5668521656,7808,394128,273,1,1,12,11,1,51,0.002,0.000,,,,,NVIDIA A100-SXM4-40GB MIG 4g.20gb (0),1,,13,"void channel_eq::eqMmseSoftDemapKernel<float, __half, __half, float, (unsigned int)4, (unsigned short)16383>(channel_eq::_puschRxChEqStatDescr *, channel_eq::_puschRxChEqSoftDemapDynDescr)"
5668530488,282588,394129,1,1,1,32,32,1,30,0.000,0.000,,,,,NVIDIA A100-SXM4-40GB MIG 4g.20gb (0),1,,13,"void convert_kernel<float2, __half2>(tensor_layout_any, T1 *, tensor_layout_any, const T2 *)"
5668814164,10912,394141,2253,1,1,128,1,1,16,0.000,0.000,,,,,NVIDIA A100-SXM4-40GB MIG 4g.20gb (0),1,,13,cupy_copy__float16_float16
5668828276,3488,394150,282,1,1,128,1,1,16,0.000,0.000,,,,,NVIDIA A100-SXM4-40GB MIG 4g.20gb (0),1,,13,cupy_copy__complex64_complex64
5668833684,2336,394159,26,1,1,128,1,1,16,0.000,0.000,,,,,NVIDIA A100-SXM4-40GB MIG 4g.20gb (0),1,,13,cupy_copy__float32_float32
5668837620,3168,394168,103,1,1,128,1,1,16,0.000,0.000,,,,,NVIDIA A100-SXM4-40GB MIG 4g.20gb (0),1,,13,cupy_copy__complex64_complex64
5668842900,11936,394178,1434,1,1,128,1,1,16,0.000,0.000,,,,,NVIDIA A100-SXM4-40GB MIG 4g.20gb (0),1,,13,cupy_copy__complex64_complex64
5668857716,87198,394183,1,1,1,32,32,1,30,0.000,0.000,,,,,NVIDIA A100-SXM4-40GB MIG 4g.20gb (0),1,,13,"void convert_kernel<__half2, float2>(tensor_layout_any, T1 *, tensor_layout_any, const T2 *)"
5668972050,5600,394186,,,,,,,,,,0.094,16731.388,Pinned,Device,NVIDIA A100-SXM4-40GB MIG 4g.20gb (0),1,,13,[CUDA memcpy Host-to-Device]
5668981362,596857,394187,,,,,,,,,,456.561,764740.412,Device,,NVIDIA A100-SXM4-40GB MIG 4g.20gb (0),1,,13,[CUDA memset]
5669579595,146526,394192,,,,,,,,,,1.235,8427.258,Pinned,Device,NVIDIA A100-SXM4-40GB MIG 4g.20gb (0),1,,13,[CUDA memcpy Host-to-Device]
5669738985,42047,394193,,,,,,,,,,0.197,4675.731,Pinned,Device,NVIDIA A100-SXM4-40GB MIG 4g.20gb (0),1,,13,[CUDA memcpy Host-to-Device]
5669809000,8096,394194,69,4,1,48,1,1,76,0.002,0.000,,,,,NVIDIA A100-SXM4-40GB MIG 4g.20gb (0),1,,13,"void ch_est::windowedChEstPreNoDftSOfdmKernel<float, __half, float, (unsigned int)2, (unsigned int)1, (unsigned short)4>(ch_est::puschRxChEstStatDescr_t *, ch_est::puschRxChEstDynDescr_t *)"
5669828616,6527,394195,137,2,1,24,2,1,44,0.001,0.001,,,,,NVIDIA A100-SXM4-40GB MIG 4g.20gb (0),1,,13,"void ch_est::chEstFilterNoDftSOfdmDispatchKernel<float, __half, float, (unsigned int)2>(ch_est::puschRxChEstStatDescr_t *, ch_est::puschRxChEstDynDescr_t *)"
5669846279,4960,394196,137,2,1,24,2,1,44,0.001,0.001,,,,,NVIDIA A100-SXM4-40GB MIG 4g.20gb (0),1,,13,"void ch_est::chEstFilterNoDftSOfdmDispatchKernel<float, __half, float, (unsigned int)2>(ch_est::puschRxChEstStatDescr_t *, ch_est::puschRxChEstDynDescr_t *)"
5669863623,2752,394207,103,1,1,128,1,1,16,0.000,0.000,,,,,NVIDIA A100-SXM4-40GB MIG 4g.20gb (0),1,,13,cupy_copy__complex64_complex64
5669880199,12544,394217,1434,1,1,128,1,1,16,0.000,0.000,,,,,NVIDIA A100-SXM4-40GB MIG 4g.20gb (0),1,,13,cupy_copy__complex64_complex64
5669903303,2496,394224,103,1,1,128,1,1,16,0.000,0.000,,,,,NVIDIA A100-SXM4-40GB MIG 4g.20gb (0),1,,13,cupy_copy__complex64_complex64
5669922246,89599,394231,1,1,1,32,32,1,30,0.000,0.000,,,,,NVIDIA A100-SXM4-40GB MIG 4g.20gb (0),1,,13,"void convert_kernel<__half2, float2>(tensor_layout_any, T1 *, tensor_layout_any, const T2 *)"
5670049797,16320,394234,,,,,,,,,,0.094,5741.129,Pinned,Device,NVIDIA A100-SXM4-40GB MIG 4g.20gb (0),1,,13,[CUDA memcpy Host-to-Device]
5670091524,47296,394235,,,,,,,,,,35.810,757129.139,Device,,NVIDIA A100-SXM4-40GB MIG 4g.20gb (0),1,,13,[CUDA memset]
5670140676,15040,394237,,,,,,,,,,0.000,5.319,Pinned,Device,NVIDIA A100-SXM4-40GB MIG 4g.20gb (0),1,,13,[CUDA memcpy Host-to-Device]
5670164227,24608,394238,,,,,,,,,,0.197,7989.559,Pinned,Device,NVIDIA A100-SXM4-40GB MIG 4g.20gb (0),1,,13,[CUDA memcpy Host-to-Device]
5670215555,9280,394239,273,1,1,48,1,1,40,0.000,0.001,,,,,NVIDIA A100-SXM4-40GB MIG 4g.20gb (0),1,,13,"void pusch_noise_intf_est::noiseIntfEstNoDftSOfdmKernel<float, __half, float, float, (unsigned int)2, (unsigned int)1, (unsigned char)4, (unsigned char)4>(pusch_noise_intf_est::puschRxNoiseIntfEstDynDescr)"
5670228483,2912,394250,35,1,1,128,1,1,16,0.000,0.000,,,,,NVIDIA A100-SXM4-40GB MIG 4g.20gb (0),1,,13,cupy_copy__complex64_complex64
5670240802,1664,394259,1,1,1,1,1,1,18,0.000,0.000,,,,,NVIDIA A100-SXM4-40GB MIG 4g.20gb (0),1,,13,cupy_copy__float32_float32
5670248002,4960,394265,,,,,,,,,,0.000,0.806,Device,Pageable,NVIDIA A100-SXM4-40GB MIG 4g.20gb (0),1,,7,[CUDA memcpy Device-to-Host]
5670317858,13055,394276,1434,1,1,128,1,1,16,0.000,0.000,,,,,NVIDIA A100-SXM4-40GB MIG 4g.20gb (0),1,,13,cupy_copy__complex64_complex64
5670348353,3168,394283,103,1,1,128,1,1,16,0.000,0.000,,,,,NVIDIA A100-SXM4-40GB MIG 4g.20gb (0),1,,13,cupy_copy__complex64_complex64
5670370753,2752,394290,35,1,1,128,1,1,16,0.000,0.000,,,,,NVIDIA A100-SXM4-40GB MIG 4g.20gb (0),1,,13,cupy_copy__complex64_complex64
5670387361,1952,394297,1,1,1,1,1,1,18,0.000,0.000,,,,,NVIDIA A100-SXM4-40GB MIG 4g.20gb (0),1,,13,cupy_copy__float32_float32
5670517855,86591,394308,1,1,1,32,32,1,30,0.000,0.000,,,,,NVIDIA A100-SXM4-40GB MIG 4g.20gb (0),1,,13,"void convert_kernel<__half2, float2>(tensor_layout_any, T1 *, tensor_layout_any, const T2 *)"
5670632414,5600,394311,,,,,,,,,,0.094,16731.388,Pinned,Device,NVIDIA A100-SXM4-40GB MIG 4g.20gb (0),1,,13,[CUDA memcpy Host-to-Device]
5670647581,3264,394312,,,,,,,,,,1.547,473842.288,Device,,NVIDIA A100-SXM4-40GB MIG 4g.20gb (0),1,,13,[CUDA memset]
5670655037,3200,394317,,,,,,,,,,0.031,9780.000,Pinned,Device,NVIDIA A100-SXM4-40GB MIG 4g.20gb (0),1,,13,[CUDA memcpy Host-to-Device]
5670661149,9408,394318,,,,,,,,,,0.197,20897.858,Pinned,Device,NVIDIA A100-SXM4-40GB MIG 4g.20gb (0),1,,13,[CUDA memcpy Host-to-Device]
5670674653,8064,394319,273,1,1,8,4,1,39,0.002,0.000,,,,,NVIDIA A100-SXM4-40GB MIG 4g.20gb (0),1,,13,"void channel_eq::eqMmseCoefCompLowMimoKernel<float, float, float, (unsigned int)4, (unsigned int)1, (unsigned int)4>(const channel_eq::_puschRxChEqStatDescr *, channel_eq::_puschRxChEqCoefCompDynDescr)"
5670684573,5952,394320,273,1,1,12,11,1,51,0.002,0.000,,,,,NVIDIA A100-SXM4-40GB MIG 4g.20gb (0),1,,13,"void channel_eq::eqMmseSoftDemapKernel<float, __half, __half, float, (unsigned int)4, (unsigned short)16383>(channel_eq::_puschRxChEqStatDescr *, channel_eq::_puschRxChEqSoftDemapDynDescr)"
5670691837,294812,394321,1,1,1,32,32,1,30,0.000,0.000,,,,,NVIDIA A100-SXM4-40GB MIG 4g.20gb (0),1,,13,"void convert_kernel<float2, __half2>(tensor_layout_any, T1 *, tensor_layout_any, const T2 *)"
5670987737,10944,394333,2253,1,1,128,1,1,16,0.000,0.000,,,,,NVIDIA A100-SXM4-40GB MIG 4g.20gb (0),1,,13,cupy_copy__float16_float16
5671000057,3104,394342,282,1,1,128,1,1,16,0.000,0.000,,,,,NVIDIA A100-SXM4-40GB MIG 4g.20gb (0),1,,13,cupy_copy__complex64_complex64
5671007353,2496,394351,26,1,1,128,1,1,16,0.000,0.000,,,,,NVIDIA A100-SXM4-40GB MIG 4g.20gb (0),1,,13,cupy_copy__float32_float32
5671013081,2816,394360,103,1,1,128,1,1,16,0.000,0.000,,,,,NVIDIA A100-SXM4-40GB MIG 4g.20gb (0),1,,13,cupy_copy__complex64_complex64
5671068184,11968,394376,1434,1,1,128,1,1,16,0.000,0.000,,,,,NVIDIA A100-SXM4-40GB MIG 4g.20gb (0),1,,13,cupy_copy__complex64_complex64
5671183767,82335,394381,1,1,1,32,32,1,30,0.000,0.000,,,,,NVIDIA A100-SXM4-40GB MIG 4g.20gb (0),1,,13,"void convert_kernel<__half2, float2>(tensor_layout_any, T1 *, tensor_layout_any, const T2 *)"
5671293782,5567,394384,,,,,,,,,,0.094,16830.519,Pinned,Device,NVIDIA A100-SXM4-40GB MIG 4g.20gb (0),1,,13,[CUDA memcpy Host-to-Device]
5671303797,597689,394385,,,,,,,,,,456.561,763827.289,Device,,NVIDIA A100-SXM4-40GB MIG 4g.20gb (0),1,,13,[CUDA memset]
5671906350,167902,394390,,,,,,,,,,1.235,7354.092,Pinned,Device,NVIDIA A100-SXM4-40GB MIG 4g.20gb (0),1,,13,[CUDA memcpy Host-to-Device]
5672086508,39775,394391,,,,,,,,,,0.197,4942.922,Pinned,Device,NVIDIA A100-SXM4-40GB MIG 4g.20gb (0),1,,13,[CUDA memcpy Host-to-Device]
5672143819,8416,394392,69,4,1,48,1,1,76,0.002,0.000,,,,,NVIDIA A100-SXM4-40GB MIG 4g.20gb (0),1,,13,"void ch_est::windowedChEstPreNoDftSOfdmKernel<float, __half, float, (unsigned int)2, (unsigned int)1, (unsigned short)4>(ch_est::puschRxChEstStatDescr_t *, ch_est::puschRxChEstDynDescr_t *)"
5672161835,6944,394393,137,2,1,24,2,1,44,0.001,0.001,,,,,NVIDIA A100-SXM4-40GB MIG 4g.20gb (0),1,,13,"void ch_est::chEstFilterNoDftSOfdmDispatchKernel<float, __half, float, (unsigned int)2>(ch_est::puschRxChEstStatDescr_t *, ch_est::puschRxChEstDynDescr_t *)"
5672178763,4736,394394,137,2,1,24,2,1,44,0.001,0.001,,,,,NVIDIA A100-SXM4-40GB MIG 4g.20gb (0),1,,13,"void ch_est::chEstFilterNoDftSOfdmDispatchKernel<float, __half, float, (unsigned int)2>(ch_est::puschRxChEstStatDescr_t *, ch_est::puschRxChEstDynDescr_t *)"
5672194922,2592,394405,103,1,1,128,1,1,16,0.000,0.000,,,,,NVIDIA A100-SXM4-40GB MIG 4g.20gb (0),1,,13,cupy_copy__complex64_complex64
5672212010,12288,394415,1434,1,1,128,1,1,16,0.000,0.000,,,,,NVIDIA A100-SXM4-40GB MIG 4g.20gb (0),1,,13,cupy_copy__complex64_complex64
5672234090,2528,394422,103,1,1,128,1,1,16,0.000,0.000,,,,,NVIDIA A100-SXM4-40GB MIG 4g.20gb (0),1,,13,cupy_copy__complex64_complex64
5672255050,89887,394429,1,1,1,32,32,1,30,0.000,0.000,,,,,NVIDIA A100-SXM4-40GB MIG 4g.20gb (0),1,,13,"void convert_kernel<__half2, float2>(tensor_layout_any, T1 *, tensor_layout_any, const T2 *)"
5672379240,27744,394432,,,,,,,,,,0.094,3377.085,Pinned,Device,NVIDIA A100-SXM4-40GB MIG 4g.20gb (0),1,,13,[CUDA memcpy Host-to-Device]
5672432135,47008,394433,,,,,,,,,,35.810,761748.618,Device,,NVIDIA A100-SXM4-40GB MIG 4g.20gb (0),1,,13,[CUDA memset]
5672484455,17760,394435,,,,,,,,,,0.000,4.504,Pinned,Device,NVIDIA A100-SXM4-40GB MIG 4g.20gb (0),1,,13,[CUDA memcpy Host-to-Device]
5672512711,35007,394436,,,,,,,,,,0.197,5616.108,Pinned,Device,NVIDIA A100-SXM4-40GB MIG 4g.20gb (0),1,,13,[CUDA memcpy Host-to-Device]
5672573414,9696,394437,273,1,1,48,1,1,40,0.000,0.001,,,,,NVIDIA A100-SXM4-40GB MIG 4g.20gb (0),1,,13,"void pusch_noise_intf_est::noiseIntfEstNoDftSOfdmKernel<float, __half, float, float, (unsigned int)2, (unsigned int)1, (unsigned char)4, (unsigned char)4>(pusch_noise_intf_est::puschRxNoiseIntfEstDynDescr)"
5672598917,2976,394448,35,1,1,128,1,1,16,0.000,0.000,,,,,NVIDIA A100-SXM4-40GB MIG 4g.20gb (0),1,,13,cupy_copy__complex64_complex64
5672608997,1824,394457,1,1,1,1,1,1,18,0.000,0.000,,,,,NVIDIA A100-SXM4-40GB MIG 4g.20gb (0),1,,13,cupy_copy__float32_float32
5672615461,2528,394463,,,,,,,,,,0.000,1.582,Device,Pageable,NVIDIA A100-SXM4-40GB MIG 4g.20gb (0),1,,7,[CUDA memcpy Device-to-Host]
5672691588,12736,394474,1434,1,1,128,1,1,16,0.000,0.000,,,,,NVIDIA A100-SXM4-40GB MIG 4g.20gb (0),1,,13,cupy_copy__complex64_complex64
5672717028,2784,394481,103,1,1,128,1,1,16,0.000,0.000,,,,,NVIDIA A100-SXM4-40GB MIG 4g.20gb (0),1,,13,cupy_copy__complex64_complex64
5672738340,2304,394488,35,1,1,128,1,1,16,0.000,0.000,,,,,NVIDIA A100-SXM4-40GB MIG 4g.20gb (0),1,,13,cupy_copy__complex64_complex64
5672752708,1920,394495,1,1,1,1,1,1,18,0.000,0.000,,,,,NVIDIA A100-SXM4-40GB MIG 4g.20gb (0),1,,13,cupy_copy__float32_float32
5672881730,83071,394506,1,1,1,32,32,1,30,0.000,0.000,,,,,NVIDIA A100-SXM4-40GB MIG 4g.20gb (0),1,,13,"void convert_kernel<__half2, float2>(tensor_layout_any, T1 *, tensor_layout_any, const T2 *)"
5672993697,5472,394509,,,,,,,,,,0.094,17122.757,Pinned,Device,NVIDIA A100-SXM4-40GB MIG 4g.20gb (0),1,,13,[CUDA memcpy Host-to-Device]
5673007200,3296,394510,,,,,,,,,,1.547,469242.628,Device,,NVIDIA A100-SXM4-40GB MIG 4g.20gb (0),1,,13,[CUDA memset]
5673013920,3392,394515,,,,,,,,,,0.031,9226.405,Pinned,Device,NVIDIA A100-SXM4-40GB MIG 4g.20gb (0),1,,13,[CUDA memcpy Host-to-Device]
5673020000,9728,394516,,,,,,,,,,0.197,20210.516,Pinned,Device,NVIDIA A100-SXM4-40GB MIG 4g.20gb (0),1,,13,[CUDA memcpy Host-to-Device]
5673035744,6272,394517,273,1,1,8,4,1,39,0.002,0.000,,,,,NVIDIA A100-SXM4-40GB MIG 4g.20gb (0),1,,13,"void channel_eq::eqMmseCoefCompLowMimoKernel<float, float, float, (unsigned int)4, (unsigned int)1, (unsigned int)4>(const channel_eq::_puschRxChEqStatDescr *, channel_eq::_puschRxChEqCoefCompDynDescr)"
5673043072,7584,394518,273,1,1,12,11,1,51,0.002,0.000,,,,,NVIDIA A100-SXM4-40GB MIG 4g.20gb (0),1,,13,"void channel_eq::eqMmseSoftDemapKernel<float, __half, __half, float, (unsigned int)4, (unsigned short)16383>(channel_eq::_puschRxChEqStatDescr *, channel_eq::_puschRxChEqSoftDemapDynDescr)"
5673052192,294684,394519,1,1,1,32,32,1,30,0.000,0.000,,,,,NVIDIA A100-SXM4-40GB MIG 4g.20gb (0),1,,13,"void convert_kernel<float2, __half2>(tensor_layout_any, T1 *, tensor_layout_any, const T2 *)"
5673348796,10912,394531,2253,1,1,128,1,1,16,0.000,0.000,,,,,NVIDIA A100-SXM4-40GB MIG 4g.20gb (0),1,,13,cupy_copy__float16_float16
5673365468,3264,394540,282,1,1,128,1,1,16,0.000,0.000,,,,,NVIDIA A100-SXM4-40GB MIG 4g.20gb (0),1,,13,cupy_copy__complex64_complex64
5673371356,2272,394549,26,1,1,128,1,1,16,0.000,0.000,,,,,NVIDIA A100-SXM4-40GB MIG 4g.20gb (0),1,,13,cupy_copy__float32_float32
5673375516,2784,394558,103,1,1,128,1,1,16,0.000,0.000,,,,,NVIDIA A100-SXM4-40GB MIG 4g.20gb (0),1,,13,cupy_copy__complex64_complex64
5673379612,12512,394568,1434,1,1,128,1,1,16,0.000,0.000,,,,,NVIDIA A100-SXM4-40GB MIG 4g.20gb (0),1,,13,cupy_copy__complex64_complex64
5673394652,86463,394573,1,1,1,32,32,1,30,0.000,0.000,,,,,NVIDIA A100-SXM4-40GB MIG 4g.20gb (0),1,,13,"void convert_kernel<__half2, float2>(tensor_layout_any, T1 *, tensor_layout_any, const T2 *)"
5673507802,5824,394576,,,,,,,,,,0.094,16087.884,Pinned,Device,NVIDIA A100-SXM4-40GB MIG 4g.20gb (0),1,,13,[CUDA memcpy Host-to-Device]
5673517978,597817,394577,,,,,,,,,,456.561,763370.728,Device,,NVIDIA A100-SXM4-40GB MIG 4g.20gb (0),1,,13,[CUDA memset]
5674118483,110334,394582,,,,,,,,,,1.235,11192.297,Pinned,Device,NVIDIA A100-SXM4-40GB MIG 4g.20gb (0),1,,13,[CUDA memcpy Host-to-Device]
5674237393,33440,394583,,,,,,,,,,0.197,5879.366,Pinned,Device,NVIDIA A100-SXM4-40GB MIG 4g.20gb (0),1,,13,[CUDA memcpy Host-to-Device]
5674284817,8416,394584,69,4,1,48,1,1,76,0.002,0.000,,,,,NVIDIA A100-SXM4-40GB MIG 4g.20gb (0),1,,13,"void ch_est::windowedChEstPreNoDftSOfdmKernel<float, __half, float, (unsigned int)2, (unsigned int)1, (unsigned short)4>(ch_est::puschRxChEstStatDescr_t *, ch_est::puschRxChEstDynDescr_t *)"
5674300624,6944,394585,137,2,1,24,2,1,44,0.001,0.001,,,,,NVIDIA A100-SXM4-40GB MIG 4g.20gb (0),1,,13,"void ch_est::chEstFilterNoDftSOfdmDispatchKernel<float, __half, float, (unsigned int)2>(ch_est::puschRxChEstStatDescr_t *, ch_est::puschRxChEstDynDescr_t *)"
5674314384,4736,394586,137,2,1,24,2,1,44,0.001,0.001,,,,,NVIDIA A100-SXM4-40GB MIG 4g.20gb (0),1,,13,"void ch_est::chEstFilterNoDftSOfdmDispatchKernel<float, __half, float, (unsigned int)2>(ch_est::puschRxChEstStatDescr_t *, ch_est::puschRxChEstDynDescr_t *)"
5674328400,2496,394597,103,1,1,128,1,1,16,0.000,0.000,,,,,NVIDIA A100-SXM4-40GB MIG 4g.20gb (0),1,,13,cupy_copy__complex64_complex64
5674344368,12544,394607,1434,1,1,128,1,1,16,0.000,0.000,,,,,NVIDIA A100-SXM4-40GB MIG 4g.20gb (0),1,,13,cupy_copy__complex64_complex64
5674376144,2464,394614,103,1,1,128,1,1,16,0.000,0.000,,,,,NVIDIA A100-SXM4-40GB MIG 4g.20gb (0),1,,13,cupy_copy__complex64_complex64
5674395983,84351,394621,1,1,1,32,32,1,30,0.000,0.000,,,,,NVIDIA A100-SXM4-40GB MIG 4g.20gb (0),1,,13,"void convert_kernel<__half2, float2>(tensor_layout_any, T1 *, tensor_layout_any, const T2 *)"
5674514798,23456,394624,,,,,,,,,,0.094,3994.542,Pinned,Device,NVIDIA A100-SXM4-40GB MIG 4g.20gb (0),1,,13,[CUDA memcpy Host-to-Device]
5674555341,46880,394625,,,,,,,,,,35.810,763861.404,Device,,NVIDIA A100-SXM4-40GB MIG 4g.20gb (0),1,,13,[CUDA memset]
5674603437,15680,394627,,,,,,,,,,0.000,5.102,Pinned,Device,NVIDIA A100-SXM4-40GB MIG 4g.20gb (0),1,,13,[CUDA memcpy Host-to-Device]
5674629516,29216,394628,,,,,,,,,,0.197,6729.302,Pinned,Device,NVIDIA A100-SXM4-40GB MIG 4g.20gb (0),1,,13,[CUDA memcpy Host-to-Device]
5674680908,9760,394629,273,1,1,48,1,1,40,0.000,0.001,,,,,NVIDIA A100-SXM4-40GB MIG 4g.20gb (0),1,,13,"void pusch_noise_intf_est::noiseIntfEstNoDftSOfdmKernel<float, __half, float, float, (unsigned int)2, (unsigned int)1, (unsigned char)4, (unsigned char)4>(pusch_noise_intf_est::puschRxNoiseIntfEstDynDescr)"
5674698028,2624,394640,35,1,1,128,1,1,16,0.000,0.000,,,,,NVIDIA A100-SXM4-40GB MIG 4g.20gb (0),1,,13,cupy_copy__complex64_complex64
5674714635,1696,394649,1,1,1,1,1,1,18,0.000,0.000,,,,,NVIDIA A100-SXM4-40GB MIG 4g.20gb (0),1,,13,cupy_copy__float32_float32
5674717387,8800,394655,,,,,,,,,,0.000,0.455,Device,Pageable,NVIDIA A100-SXM4-40GB MIG 4g.20gb (0),1,,7,[CUDA memcpy Device-to-Host]
5674809930,13216,394666,1434,1,1,128,1,1,16,0.000,0.000,,,,,NVIDIA A100-SXM4-40GB MIG 4g.20gb (0),1,,13,cupy_copy__complex64_complex64
5674835306,2752,394673,103,1,1,128,1,1,16,0.000,0.000,,,,,NVIDIA A100-SXM4-40GB MIG 4g.20gb (0),1,,13,cupy_copy__complex64_complex64
5674866697,2560,394680,35,1,1,128,1,1,16,0.000,0.000,,,,,NVIDIA A100-SXM4-40GB MIG 4g.20gb (0),1,,13,cupy_copy__complex64_complex64
5674888681,1792,394687,1,1,1,1,1,1,18,0.000,0.000,,,,,NVIDIA A100-SXM4-40GB MIG 4g.20gb (0),1,,13,cupy_copy__float32_float32
5675023848,86302,394698,1,1,1,32,32,1,30,0.000,0.000,,,,,NVIDIA A100-SXM4-40GB MIG 4g.20gb (0),1,,13,"void convert_kernel<__half2, float2>(tensor_layout_any, T1 *, tensor_layout_any, const T2 *)"
5675139270,10048,394701,,,,,,,,,,0.094,9324.813,Pinned,Device,NVIDIA A100-SXM4-40GB MIG 4g.20gb (0),1,,13,[CUDA memcpy Host-to-Device]
5675157318,3552,394702,,,,,,,,,,1.547,435422.601,Device,,NVIDIA A100-SXM4-40GB MIG 4g.20gb (0),1,,13,[CUDA memset]
5675162950,7008,394707,,,,,,,,,,0.031,4465.751,Pinned,Device,NVIDIA A100-SXM4-40GB MIG 4g.20gb (0),1,,13,[CUDA memcpy Host-to-Device]
5675172582,15488,394708,,,,,,,,,,0.197,12694.192,Pinned,Device,NVIDIA A100-SXM4-40GB MIG 4g.20gb (0),1,,13,[CUDA memcpy Host-to-Device]
5675197893,8096,394709,273,1,1,8,4,1,39,0.002,0.000,,,,,NVIDIA A100-SXM4-40GB MIG 4g.20gb (0),1,,13,"void channel_eq::eqMmseCoefCompLowMimoKernel<float, float, float, (unsigned int)4, (unsigned int)1, (unsigned int)4>(const channel_eq::_puschRxChEqStatDescr *, channel_eq::_puschRxChEqCoefCompDynDescr)"
5675208901,5760,394710,273,1,1,12,11,1,51,0.002,0.000,,,,,NVIDIA A100-SXM4-40GB MIG 4g.20gb (0),1,,13,"void channel_eq::eqMmseSoftDemapKernel<float, __half, __half, float, (unsigned int)4, (unsigned short)16383>(channel_eq::_puschRxChEqStatDescr *, channel_eq::_puschRxChEqSoftDemapDynDescr)"
5675219333,282909,394711,1,1,1,32,32,1,30,0.000,0.000,,,,,NVIDIA A100-SXM4-40GB MIG 4g.20gb (0),1,,13,"void convert_kernel<float2, __half2>(tensor_layout_any, T1 *, tensor_layout_any, const T2 *)"
5675504194,11168,394723,2253,1,1,128,1,1,16,0.000,0.000,,,,,NVIDIA A100-SXM4-40GB MIG 4g.20gb (0),1,,13,cupy_copy__float16_float16
5675518145,2880,394732,282,1,1,128,1,1,16,0.000,0.000,,,,,NVIDIA A100-SXM4-40GB MIG 4g.20gb (0),1,,13,cupy_copy__complex64_complex64
5675522625,2048,394741,26,1,1,128,1,1,16,0.000,0.000,,,,,NVIDIA A100-SXM4-40GB MIG 4g.20gb (0),1,,13,cupy_copy__float32_float32
5675528993,4512,394750,103,1,1,128,1,1,16,0.000,0.000,,,,,NVIDIA A100-SXM4-40GB MIG 4g.20gb (0),1,,13,cupy_copy__complex64_complex64
5675536513,12384,394760,1434,1,1,128,1,1,16,0.000,0.000,,,,,NVIDIA A100-SXM4-40GB MIG 4g.20gb (0),1,,13,cupy_copy__complex64_complex64
5675551201,80511,394765,1,1,1,32,32,1,30,0.000,0.000,,,,,NVIDIA A100-SXM4-40GB MIG 4g.20gb (0),1,,13,"void convert_kernel<__half2, float2>(tensor_layout_any, T1 *, tensor_layout_any, const T2 *)"
5675659072,5408,394768,,,,,,,,,,0.094,17325.421,Pinned,Device,NVIDIA A100-SXM4-40GB MIG 4g.20gb (0),1,,13,[CUDA memcpy Host-to-Device]
5675668960,596440,394769,,,,,,,,,,456.561,765196.973,Device,,NVIDIA A100-SXM4-40GB MIG 4g.20gb (0),1,,13,[CUDA memset]
5676268504,142366,394774,,,,,,,,,,1.235,8674.247,Pinned,Device,NVIDIA A100-SXM4-40GB MIG 4g.20gb (0),1,,13,[CUDA memcpy Host-to-Device]
5676422102,34240,394775,,,,,,,,,,0.197,5741.937,Pinned,Device,NVIDIA A100-SXM4-40GB MIG 4g.20gb (0),1,,13,[CUDA memcpy Host-to-Device]
5676482006,8767,394776,69,4,1,48,1,1,76,0.002,0.000,,,,,NVIDIA A100-SXM4-40GB MIG 4g.20gb (0),1,,13,"void ch_est::windowedChEstPreNoDftSOfdmKernel<float, __half, float, (unsigned int)2, (unsigned int)1, (unsigned short)4>(ch_est::puschRxChEstStatDescr_t *, ch_est::puschRxChEstDynDescr_t *)"
5676499509,6112,394777,137,2,1,24,2,1,44,0.001,0.001,,,,,NVIDIA A100-SXM4-40GB MIG 4g.20gb (0),1,,13,"void ch_est::chEstFilterNoDftSOfdmDispatchKernel<float, __half, float, (unsigned int)2>(ch_est::puschRxChEstStatDescr_t *, ch_est::puschRxChEstDynDescr_t *)"
5676510293,5248,394778,137,2,1,24,2,1,44,0.001,0.001,,,,,NVIDIA A100-SXM4-40GB MIG 4g.20gb (0),1,,13,"void ch_est::chEstFilterNoDftSOfdmDispatchKernel<float, __half, float, (unsigned int)2>(ch_est::puschRxChEstStatDescr_t *, ch_est::puschRxChEstDynDescr_t *)"
5676519893,2656,394789,103,1,1,128,1,1,16,0.000,0.000,,,,,NVIDIA A100-SXM4-40GB MIG 4g.20gb (0),1,,13,cupy_copy__complex64_complex64
5676527989,12608,394799,1434,1,1,128,1,1,16,0.000,0.000,,,,,NVIDIA A100-SXM4-40GB MIG 4g.20gb (0),1,,13,cupy_copy__complex64_complex64
5676544597,2752,394806,103,1,1,128,1,1,16,0.000,0.000,,,,,NVIDIA A100-SXM4-40GB MIG 4g.20gb (0),1,,13,cupy_copy__complex64_complex64
5676553045,83647,394813,1,1,1,32,32,1,30,0.000,0.000,,,,,NVIDIA A100-SXM4-40GB MIG 4g.20gb (0),1,,13,"void convert_kernel<__half2, float2>(tensor_layout_any, T1 *, tensor_layout_any, const T2 *)"
5676664339,6432,394816,,,,,,,,,,0.094,14567.105,Pinned,Device,NVIDIA A100-SXM4-40GB MIG 4g.20gb (0),1,,13,[CUDA memcpy Host-to-Device]
5676676691,47328,394817,,,,,,,,,,35.810,756627.800,Device,,NVIDIA A100-SXM4-40GB MIG 4g.20gb (0),1,,13,[CUDA memset]
5676730867,3199,394819,,,,,,,,,,0.000,25.008,Pinned,Device,NVIDIA A100-SXM4-40GB MIG 4g.20gb (0),1,,13,[CUDA memcpy Host-to-Device]
5676738066,12064,394820,,,,,,,,,,0.197,16297.034,Pinned,Device,NVIDIA A100-SXM4-40GB MIG 4g.20gb (0),1,,13,[CUDA memcpy Host-to-Device]
5676756594,9888,394821,273,1,1,48,1,1,40,0.000,0.001,,,,,NVIDIA A100-SXM4-40GB MIG 4g.20gb (0),1,,13,"void pusch_noise_intf_est::noiseIntfEstNoDftSOfdmKernel<float, __half, float, float, (unsigned int)2, (unsigned int)1, (unsigned char)4, (unsigned char)4>(pusch_noise_intf_est::puschRxNoiseIntfEstDynDescr)"
5676771314,3104,394832,35,1,1,128,1,1,16,0.000,0.000,,,,,NVIDIA A100-SXM4-40GB MIG 4g.20gb (0),1,,13,cupy_copy__complex64_complex64
5676786386,1920,394841,1,1,1,1,1,1,18,0.000,0.000,,,,,NVIDIA A100-SXM4-40GB MIG 4g.20gb (0),1,,13,cupy_copy__float32_float32
5676819953,2080,394847,,,,,,,,,,0.000,1.923,Device,Pageable,NVIDIA A100-SXM4-40GB MIG 4g.20gb (0),1,,7,[CUDA memcpy Device-to-Host]
5676880241,12768,394858,1434,1,1,128,1,1,16,0.000,0.000,,,,,NVIDIA A100-SXM4-40GB MIG 4g.20gb (0),1,,13,cupy_copy__complex64_complex64
5676907312,2816,394865,103,1,1,128,1,1,16,0.000,0.000,,,,,NVIDIA A100-SXM4-40GB MIG 4g.20gb (0),1,,13,cupy_copy__complex64_complex64
5676927664,2464,394872,35,1,1,128,1,1,16,0.000,0.000,,,,,NVIDIA A100-SXM4-40GB MIG 4g.20gb (0),1,,13,cupy_copy__complex64_complex64
5676945552,1824,394879,1,1,1,1,1,1,18,0.000,0.000,,,,,NVIDIA A100-SXM4-40GB MIG 4g.20gb (0),1,,13,cupy_copy__float32_float32
5677078798,81887,394890,1,1,1,32,32,1,30,0.000,0.000,,,,,NVIDIA A100-SXM4-40GB MIG 4g.20gb (0),1,,13,"void convert_kernel<__half2, float2>(tensor_layout_any, T1 *, tensor_layout_any, const T2 *)"
5677188685,5568,394893,,,,,,,,,,0.094,16827.521,Pinned,Device,NVIDIA A100-SXM4-40GB MIG 4g.20gb (0),1,,13,[CUDA memcpy Host-to-Device]
5677203021,3424,394894,,,,,,,,,,1.547,451700.819,Device,,NVIDIA A100-SXM4-40GB MIG 4g.20gb (0),1,,13,[CUDA memset]
5677209965,3744,394899,,,,,,,,,,0.031,8358.974,Pinned,Device,NVIDIA A100-SXM4-40GB MIG 4g.20gb (0),1,,13,[CUDA memcpy Host-to-Device]
5677216269,9631,394900,,,,,,,,,,0.197,20414.005,Pinned,Device,NVIDIA A100-SXM4-40GB MIG 4g.20gb (0),1,,13,[CUDA memcpy Host-to-Device]
5677230572,7008,394901,273,1,1,8,4,1,39,0.002,0.000,,,,,NVIDIA A100-SXM4-40GB MIG 4g.20gb (0),1,,13,"void channel_eq::eqMmseCoefCompLowMimoKernel<float, float, float, (unsigned int)4, (unsigned int)1, (unsigned int)4>(const channel_eq::_puschRxChEqStatDescr *, channel_eq::_puschRxChEqCoefCompDynDescr)"
5677238636,7776,394902,273,1,1,12,11,1,51,0.002,0.000,,,,,NVIDIA A100-SXM4-40GB MIG 4g.20gb (0),1,,13,"void channel_eq::eqMmseSoftDemapKernel<float, __half, __half, float, (unsigned int)4, (unsigned short)16383>(channel_eq::_puschRxChEqStatDescr *, channel_eq::_puschRxChEqSoftDemapDynDescr)"
5677248908,294333,394903,1,1,1,32,32,1,30,0.000,0.000,,,,,NVIDIA A100-SXM4-40GB MIG 4g.20gb (0),1,,13,"void convert_kernel<float2, __half2>(tensor_layout_any, T1 *, tensor_layout_any, const T2 *)"
5677545032,10976,394915,2253,1,1,128,1,1,16,0.000,0.000,,,,,NVIDIA A100-SXM4-40GB MIG 4g.20gb (0),1,,13,cupy_copy__float16_float16
5677559976,3424,394924,282,1,1,128,1,1,16,0.000,0.000,,,,,NVIDIA A100-SXM4-40GB MIG 4g.20gb (0),1,,13,cupy_copy__complex64_complex64
5677566632,2272,394933,26,1,1,128,1,1,16,0.000,0.000,,,,,NVIDIA A100-SXM4-40GB MIG 4g.20gb (0),1,,13,cupy_copy__float32_float32
5677573384,4544,394942,103,1,1,128,1,1,16,0.000,0.000,,,,,NVIDIA A100-SXM4-40GB MIG 4g.20gb (0),1,,13,cupy_copy__complex64_complex64
5677581096,12096,394952,1434,1,1,128,1,1,16,0.000,0.000,,,,,NVIDIA A100-SXM4-40GB MIG 4g.20gb (0),1,,13,cupy_copy__complex64_complex64
5677596488,87327,394957,1,1,1,32,32,1,30,0.000,0.000,,,,,NVIDIA A100-SXM4-40GB MIG 4g.20gb (0),1,,13,"void convert_kernel<__half2, float2>(tensor_layout_any, T1 *, tensor_layout_any, const T2 *)"
5677711046,5536,394960,,,,,,,,,,0.094,16924.777,Pinned,Device,NVIDIA A100-SXM4-40GB MIG 4g.20gb (0),1,,13,[CUDA memcpy Host-to-Device]
5677720678,597785,394961,,,,,,,,,,456.561,763370.728,Device,,NVIDIA A100-SXM4-40GB MIG 4g.20gb (0),1,,13,[CUDA memset]
5678325215,131582,394966,,,,,,,,,,1.235,9384.339,Pinned,Device,NVIDIA A100-SXM4-40GB MIG 4g.20gb (0),1,,13,[CUDA memcpy Host-to-Device]
5678469245,40608,394967,,,,,,,,,,0.197,4841.472,Pinned,Device,NVIDIA A100-SXM4-40GB MIG 4g.20gb (0),1,,13,[CUDA memcpy Host-to-Device]
5678527100,7808,394968,69,4,1,48,1,1,76,0.002,0.000,,,,,NVIDIA A100-SXM4-40GB MIG 4g.20gb (0),1,,13,"void ch_est::windowedChEstPreNoDftSOfdmKernel<float, __half, float, (unsigned int)2, (unsigned int)1, (unsigned short)4>(ch_est::puschRxChEstStatDescr_t *, ch_est::puschRxChEstDynDescr_t *)"
5678544764,6656,394969,137,2,1,24,2,1,44,0.001,0.001,,,,,NVIDIA A100-SXM4-40GB MIG 4g.20gb (0),1,,13,"void ch_est::chEstFilterNoDftSOfdmDispatchKernel<float, __half, float, (unsigned int)2>(ch_est::puschRxChEstStatDescr_t *, ch_est::puschRxChEstDynDescr_t *)"
5678564284,4672,394970,137,2,1,24,2,1,44,0.001,0.001,,,,,NVIDIA A100-SXM4-40GB MIG 4g.20gb (0),1,,13,"void ch_est::chEstFilterNoDftSOfdmDispatchKernel<float, __half, float, (unsigned int)2>(ch_est::puschRxChEstStatDescr_t *, ch_est::puschRxChEstDynDescr_t *)"
5678581148,2720,394981,103,1,1,128,1,1,16,0.000,0.000,,,,,NVIDIA A100-SXM4-40GB MIG 4g.20gb (0),1,,13,cupy_copy__complex64_complex64
5678598556,12447,394991,1434,1,1,128,1,1,16,0.000,0.000,,,,,NVIDIA A100-SXM4-40GB MIG 4g.20gb (0),1,,13,cupy_copy__complex64_complex64
5678617563,2912,394998,103,1,1,128,1,1,16,0.000,0.000,,,,,NVIDIA A100-SXM4-40GB MIG 4g.20gb (0),1,,13,cupy_copy__complex64_complex64
5678635995,86495,395005,1,1,1,32,32,1,30,0.000,0.000,,,,,NVIDIA A100-SXM4-40GB MIG 4g.20gb (0),1,,13,"void convert_kernel<__half2, float2>(tensor_layout_any, T1 *, tensor_layout_any, const T2 *)"
5678753018,14047,395008,,,,,,,,,,0.094,6670.125,Pinned,Device,NVIDIA A100-SXM4-40GB MIG 4g.20gb (0),1,,13,[CUDA memcpy Host-to-Device]
5678780409,47104,395009,,,,,,,,,,35.810,760208.792,Device,,NVIDIA A100-SXM4-40GB MIG 4g.20gb (0),1,,13,[CUDA memset]
5678834841,3872,395011,,,,,,,,,,0.000,20.661,Pinned,Device,NVIDIA A100-SXM4-40GB MIG 4g.20gb (0),1,,13,[CUDA memcpy Host-to-Device]
5678846104,14976,395012,,,,,,,,,,0.197,13128.106,Pinned,Device,NVIDIA A100-SXM4-40GB MIG 4g.20gb (0),1,,13,[CUDA memcpy Host-to-Device]
5678876536,12000,395013,273,1,1,48,1,1,40,0.000,0.001,,,,,NVIDIA A100-SXM4-40GB MIG 4g.20gb (0),1,,13,"void pusch_noise_intf_est::noiseIntfEstNoDftSOfdmKernel<float, __half, float, float, (unsigned int)2, (unsigned int)1, (unsigned char)4, (unsigned char)4>(pusch_noise_intf_est::puschRxNoiseIntfEstDynDescr)"
5678894680,2656,395024,35,1,1,128,1,1,16,0.000,0.000,,,,,NVIDIA A100-SXM4-40GB MIG 4g.20gb (0),1,,13,cupy_copy__complex64_complex64
5678902776,1984,395033,1,1,1,1,1,1,18,0.000,0.000,,,,,NVIDIA A100-SXM4-40GB MIG 4g.20gb (0),1,,13,cupy_copy__float32_float32
5678914520,5856,395039,,,,,,,,,,0.000,0.683,Device,Pageable,NVIDIA A100-SXM4-40GB MIG 4g.20gb (0),1,,7,[CUDA memcpy Device-to-Host]
5678984983,12704,395050,1434,1,1,128,1,1,16,0.000,0.000,,,,,NVIDIA A100-SXM4-40GB MIG 4g.20gb (0),1,,13,cupy_copy__complex64_complex64
5679013814,2880,395057,103,1,1,128,1,1,16,0.000,0.000,,,,,NVIDIA A100-SXM4-40GB MIG 4g.20gb (0),1,,13,cupy_copy__complex64_complex64
5679030806,2272,395064,35,1,1,128,1,1,16,0.000,0.000,,,,,NVIDIA A100-SXM4-40GB MIG 4g.20gb (0),1,,13,cupy_copy__complex64_complex64
5679050902,1824,395071,1,1,1,1,1,1,18,0.000,0.000,,,,,NVIDIA A100-SXM4-40GB MIG 4g.20gb (0),1,,13,cupy_copy__float32_float32
5679179924,83007,395082,1,1,1,32,32,1,30,0.000,0.000,,,,,NVIDIA A100-SXM4-40GB MIG 4g.20gb (0),1,,13,"void convert_kernel<__half2, float2>(tensor_layout_any, T1 *, tensor_layout_any, const T2 *)"
5679290771,6016,395085,,,,,,,,,,0.094,15574.430,Pinned,Device,NVIDIA A100-SXM4-40GB MIG 4g.20gb (0),1,,13,[CUDA memcpy Host-to-Device]
5679305203,3296,395086,,,,,,,,,,1.547,469242.628,Device,,NVIDIA A100-SXM4-40GB MIG 4g.20gb (0),1,,13,[CUDA memset]
5679311827,3040,395091,,,,,,,,,,0.031,10294.725,Pinned,Device,NVIDIA A100-SXM4-40GB MIG 4g.20gb (0),1,,13,[CUDA memcpy Host-to-Device]
5679318771,9664,395092,,,,,,,,,,0.197,20344.209,Pinned,Device,NVIDIA A100-SXM4-40GB MIG 4g.20gb (0),1,,13,[CUDA memcpy Host-to-Device]
5679334354,6688,395093,273,1,1,8,4,1,39,0.002,0.000,,,,,NVIDIA A100-SXM4-40GB MIG 4g.20gb (0),1,,13,"void channel_eq::eqMmseCoefCompLowMimoKernel<float, float, float, (unsigned int)4, (unsigned int)1, (unsigned int)4>(const channel_eq::_puschRxChEqStatDescr *, channel_eq::_puschRxChEqCoefCompDynDescr)"
5679343634,6400,395094,273,1,1,12,11,1,51,0.002,0.000,,,,,NVIDIA A100-SXM4-40GB MIG 4g.20gb (0),1,,13,"void channel_eq::eqMmseSoftDemapKernel<float, __half, __half, float, (unsigned int)4, (unsigned short)16383>(channel_eq::_puschRxChEqStatDescr *, channel_eq::_puschRxChEqSoftDemapDynDescr)"
5679351026,282909,395095,1,1,1,32,32,1,30,0.000,0.000,,,,,NVIDIA A100-SXM4-40GB MIG 4g.20gb (0),1,,13,"void convert_kernel<float2, __half2>(tensor_layout_any, T1 *, tensor_layout_any, const T2 *)"
5679635727,10944,395107,2253,1,1,128,1,1,16,0.000,0.000,,,,,NVIDIA A100-SXM4-40GB MIG 4g.20gb (0),1,,13,cupy_copy__float16_float16
5679649903,3680,395116,282,1,1,128,1,1,16,0.000,0.000,,,,,NVIDIA A100-SXM4-40GB MIG 4g.20gb (0),1,,13,cupy_copy__complex64_complex64
5679654671,2591,395125,26,1,1,128,1,1,16,0.000,0.000,,,,,NVIDIA A100-SXM4-40GB MIG 4g.20gb (0),1,,13,cupy_copy__float32_float32
5679658286,2816,395134,103,1,1,128,1,1,16,0.000,0.000,,,,,NVIDIA A100-SXM4-40GB MIG 4g.20gb (0),1,,13,cupy_copy__complex64_complex64
5679662126,12224,395144,1434,1,1,128,1,1,16,0.000,0.000,,,,,NVIDIA A100-SXM4-40GB MIG 4g.20gb (0),1,,13,cupy_copy__complex64_complex64
5679677294,83167,395149,1,1,1,32,32,1,30,0.000,0.000,,,,,NVIDIA A100-SXM4-40GB MIG 4g.20gb (0),1,,13,"void convert_kernel<__half2, float2>(tensor_layout_any, T1 *, tensor_layout_any, const T2 *)"
5679787245,5600,395152,,,,,,,,,,0.094,16731.388,Pinned,Device,NVIDIA A100-SXM4-40GB MIG 4g.20gb (0),1,,13,[CUDA memcpy Host-to-Device]
5679796877,598872,395153,,,,,,,,,,456.561,762001.043,Device,,NVIDIA A100-SXM4-40GB MIG 4g.20gb (0),1,,13,[CUDA memset]
5680396549,164670,395158,,,,,,,,,,1.235,7498.580,Pinned,Device,NVIDIA A100-SXM4-40GB MIG 4g.20gb (0),1,,13,[CUDA memcpy Host-to-Device]
5680570755,40448,395159,,,,,,,,,,0.197,4860.740,Pinned,Device,NVIDIA A100-SXM4-40GB MIG 4g.20gb (0),1,,13,[CUDA memcpy Host-to-Device]
5680639842,7904,395160,69,4,1,48,1,1,76,0.002,0.000,,,,,NVIDIA A100-SXM4-40GB MIG 4g.20gb (0),1,,13,"void ch_est::windowedChEstPreNoDftSOfdmKernel<float, __half, float, (unsigned int)2, (unsigned int)1, (unsigned short)4>(ch_est::puschRxChEstStatDescr_t *, ch_est::puschRxChEstDynDescr_t *)"
5680657538,6784,395161,137,2,1,24,2,1,44,0.001,0.001,,,,,NVIDIA A100-SXM4-40GB MIG 4g.20gb (0),1,,13,"void ch_est::chEstFilterNoDftSOfdmDispatchKernel<float, __half, float, (unsigned int)2>(ch_est::puschRxChEstStatDescr_t *, ch_est::puschRxChEstDynDescr_t *)"
5680674434,4768,395162,137,2,1,24,2,1,44,0.001,0.001,,,,,NVIDIA A100-SXM4-40GB MIG 4g.20gb (0),1,,13,"void ch_est::chEstFilterNoDftSOfdmDispatchKernel<float, __half, float, (unsigned int)2>(ch_est::puschRxChEstStatDescr_t *, ch_est::puschRxChEstDynDescr_t *)"
5680692258,2624,395173,103,1,1,128,1,1,16,0.000,0.000,,,,,NVIDIA A100-SXM4-40GB MIG 4g.20gb (0),1,,13,cupy_copy__complex64_complex64
5680709474,12639,395183,1434,1,1,128,1,1,16,0.000,0.000,,,,,NVIDIA A100-SXM4-40GB MIG 4g.20gb (0),1,,13,cupy_copy__complex64_complex64
5680728001,2912,395190,103,1,1,128,1,1,16,0.000,0.000,,,,,NVIDIA A100-SXM4-40GB MIG 4g.20gb (0),1,,13,cupy_copy__complex64_complex64
5680753281,86559,395197,1,1,1,32,32,1,30,0.000,0.000,,,,,NVIDIA A100-SXM4-40GB MIG 4g.20gb (0),1,,13,"void convert_kernel<__half2, float2>(tensor_layout_any, T1 *, tensor_layout_any, const T2 *)"
5680875199,24576,395200,,,,,,,,,,0.094,3812.490,Pinned,Device,NVIDIA A100-SXM4-40GB MIG 4g.20gb (0),1,,13,[CUDA memcpy Host-to-Device]
5680914303,47103,395201,,,,,,,,,,35.810,760244.602,Device,,NVIDIA A100-SXM4-40GB MIG 4g.20gb (0),1,,13,[CUDA memset]
5680970174,8800,395203,,,,,,,,,,0.000,9.091,Pinned,Device,NVIDIA A100-SXM4-40GB MIG 4g.20gb (0),1,,13,[CUDA memcpy Host-to-Device]
5680987742,26144,395204,,,,,,,,,,0.197,7520.059,Pinned,Device,NVIDIA A100-SXM4-40GB MIG 4g.20gb (0),1,,13,[CUDA memcpy Host-to-Device]
5681042109,9888,395205,273,1,1,48,1,1,40,0.000,0.001,,,,,NVIDIA A100-SXM4-40GB MIG 4g.20gb (0),1,,13,"void pusch_noise_intf_est::noiseIntfEstNoDftSOfdmKernel<float, __half, float, float, (unsigned int)2, (unsigned int)1, (unsigned char)4, (unsigned char)4>(pusch_noise_intf_est::puschRxNoiseIntfEstDynDescr)"
5681056445,2720,395216,35,1,1,128,1,1,16,0.000,0.000,,,,,NVIDIA A100-SXM4-40GB MIG 4g.20gb (0),1,,13,cupy_copy__complex64_complex64
5681071453,1696,395225,1,1,1,1,1,1,18,0.000,0.000,,,,,NVIDIA A100-SXM4-40GB MIG 4g.20gb (0),1,,13,cupy_copy__float32_float32
5681079741,3616,395231,,,,,,,,,,0.000,1.106,Device,Pageable,NVIDIA A100-SXM4-40GB MIG 4g.20gb (0),1,,7,[CUDA memcpy Device-to-Host]
5681157788,12640,395242,1434,1,1,128,1,1,16,0.000,0.000,,,,,NVIDIA A100-SXM4-40GB MIG 4g.20gb (0),1,,13,cupy_copy__complex64_complex64
5681193596,2976,395249,103,1,1,128,1,1,16,0.000,0.000,,,,,NVIDIA A100-SXM4-40GB MIG 4g.20gb (0),1,,13,cupy_copy__complex64_complex64
5681205371,2592,395256,35,1,1,128,1,1,16,0.000,0.000,,,,,NVIDIA A100-SXM4-40GB MIG 4g.20gb (0),1,,13,cupy_copy__complex64_complex64
5681223003,1696,395263,1,1,1,1,1,1,18,0.000,0.000,,,,,NVIDIA A100-SXM4-40GB MIG 4g.20gb (0),1,,13,cupy_copy__float32_float32
5681352762,84159,395274,1,1,1,32,32,1,30,0.000,0.000,,,,,NVIDIA A100-SXM4-40GB MIG 4g.20gb (0),1,,13,"void convert_kernel<__half2, float2>(tensor_layout_any, T1 *, tensor_layout_any, const T2 *)"
5681466104,5824,395277,,,,,,,,,,0.094,16087.884,Pinned,Device,NVIDIA A100-SXM4-40GB MIG 4g.20gb (0),1,,13,[CUDA memcpy Host-to-Device]
5681480088,3456,395278,,,,,,,,,,1.547,447517.201,Device,,NVIDIA A100-SXM4-40GB MIG 4g.20gb (0),1,,13,[CUDA memset]
5681485752,3328,395283,,,,,,,,,,0.031,9403.822,Pinned,Device,NVIDIA A100-SXM4-40GB MIG 4g.20gb (0),1,,13,[CUDA memcpy Host-to-Device]
5681491480,10080,395284,,,,,,,,,,0.197,19504.693,Pinned,Device,NVIDIA A100-SXM4-40GB MIG 4g.20gb (0),1,,13,[CUDA memcpy Host-to-Device]
5681508248,6560,395285,273,1,1,8,4,1,39,0.002,0.000,,,,,NVIDIA A100-SXM4-40GB MIG 4g.20gb (0),1,,13,"void channel_eq::eqMmseCoefCompLowMimoKernel<float, float, float, (unsigned int)4, (unsigned int)1, (unsigned int)4>(const channel_eq::_puschRxChEqStatDescr *, channel_eq::_puschRxChEqCoefCompDynDescr)"
5681516024,5695,395286,273,1,1,12,11,1,51,0.002,0.000,,,,,NVIDIA A100-SXM4-40GB MIG 4g.20gb (0),1,,13,"void channel_eq::eqMmseSoftDemapKernel<float, __half, __half, float, (unsigned int)4, (unsigned short)16383>(channel_eq::_puschRxChEqStatDescr *, channel_eq::_puschRxChEqSoftDemapDynDescr)"
5681522711,281949,395287,1,1,1,32,32,1,30,0.000,0.000,,,,,NVIDIA A100-SXM4-40GB MIG 4g.20gb (0),1,,13,"void convert_kernel<float2, __half2>(tensor_layout_any, T1 *, tensor_layout_any, const T2 *)"
5681805716,10912,395299,2253,1,1,128,1,1,16,0.000,0.000,,,,,NVIDIA A100-SXM4-40GB MIG 4g.20gb (0),1,,13,cupy_copy__float16_float16
5681820404,3456,395308,282,1,1,128,1,1,16,0.000,0.000,,,,,NVIDIA A100-SXM4-40GB MIG 4g.20gb (0),1,,13,cupy_copy__complex64_complex64
5681825972,2240,395317,26,1,1,128,1,1,16,0.000,0.000,,,,,NVIDIA A100-SXM4-40GB MIG 4g.20gb (0),1,,13,cupy_copy__float32_float32
5681831188,2880,395326,103,1,1,128,1,1,16,0.000,0.000,,,,,NVIDIA A100-SXM4-40GB MIG 4g.20gb (0),1,,13,cupy_copy__complex64_complex64
5681835348,12703,395336,1434,1,1,128,1,1,16,0.000,0.000,,,,,NVIDIA A100-SXM4-40GB MIG 4g.20gb (0),1,,13,cupy_copy__complex64_complex64
5681856019,82719,395341,1,1,1,32,32,1,30,0.000,0.000,,,,,NVIDIA A100-SXM4-40GB MIG 4g.20gb (0),1,,13,"void convert_kernel<__half2, float2>(tensor_layout_any, T1 *, tensor_layout_any, const T2 *)"
5681965202,5856,395344,,,,,,,,,,0.094,15999.997,Pinned,Device,NVIDIA A100-SXM4-40GB MIG 4g.20gb (0),1,,13,[CUDA memcpy Host-to-Device]
5681975826,599577,395345,,,,,,,,,,456.561,761087.920,Device,,NVIDIA A100-SXM4-40GB MIG 4g.20gb (0),1,,13,[CUDA memset]
5682579562,116703,395350,,,,,,,,,,1.235,10581.000,Pinned,Device,NVIDIA A100-SXM4-40GB MIG 4g.20gb (0),1,,13,[CUDA memcpy Host-to-Device]
5682706633,21824,395351,,,,,,,,,,0.197,9008.775,Pinned,Device,NVIDIA A100-SXM4-40GB MIG 4g.20gb (0),1,,13,[CUDA memcpy Host-to-Device]
5682751816,7680,395352,69,4,1,48,1,1,76,0.002,0.000,,,,,NVIDIA A100-SXM4-40GB MIG 4g.20gb (0),1,,13,"void ch_est::windowedChEstPreNoDftSOfdmKernel<float, __half, float, (unsigned int)2, (unsigned int)1, (unsigned short)4>(ch_est::puschRxChEstStatDescr_t *, ch_est::puschRxChEstDynDescr_t *)"
5682765928,6464,395353,137,2,1,24,2,1,44,0.001,0.001,,,,,NVIDIA A100-SXM4-40GB MIG 4g.20gb (0),1,,13,"void ch_est::chEstFilterNoDftSOfdmDispatchKernel<float, __half, float, (unsigned int)2>(ch_est::puschRxChEstStatDescr_t *, ch_est::puschRxChEstDynDescr_t *)"
5682781000,4672,395354,137,2,1,24,2,1,44,0.001,0.001,,,,,NVIDIA A100-SXM4-40GB MIG 4g.20gb (0),1,,13,"void ch_est::chEstFilterNoDftSOfdmDispatchKernel<float, __half, float, (unsigned int)2>(ch_est::puschRxChEstStatDescr_t *, ch_est::puschRxChEstDynDescr_t *)"
5682797000,2432,395365,103,1,1,128,1,1,16,0.000,0.000,,,,,NVIDIA A100-SXM4-40GB MIG 4g.20gb (0),1,,13,cupy_copy__complex64_complex64
5682812392,12735,395375,1434,1,1,128,1,1,16,0.000,0.000,,,,,NVIDIA A100-SXM4-40GB MIG 4g.20gb (0),1,,13,cupy_copy__complex64_complex64
5682828359,2912,395382,103,1,1,128,1,1,16,0.000,0.000,,,,,NVIDIA A100-SXM4-40GB MIG 4g.20gb (0),1,,13,cupy_copy__complex64_complex64
5682844679,82143,395389,1,1,1,32,32,1,30,0.000,0.000,,,,,NVIDIA A100-SXM4-40GB MIG 4g.20gb (0),1,,13,"void convert_kernel<__half2, float2>(tensor_layout_any, T1 *, tensor_layout_any, const T2 *)"
5682959398,12928,395392,,,,,,,,,,0.094,7247.479,Pinned,Device,NVIDIA A100-SXM4-40GB MIG 4g.20gb (0),1,,13,[CUDA memcpy Host-to-Device]
5682981254,47423,395393,,,,,,,,,,35.810,755087.973,Device,,NVIDIA A100-SXM4-40GB MIG 4g.20gb (0),1,,13,[CUDA memset]
5683031525,8640,395395,,,,,,,,,,0.000,9.259,Pinned,Device,NVIDIA A100-SXM4-40GB MIG 4g.20gb (0),1,,13,[CUDA memcpy Host-to-Device]
5683046885,18975,395396,,,,,,,,,,0.197,10361.242,Pinned,Device,NVIDIA A100-SXM4-40GB MIG 4g.20gb (0),1,,13,[CUDA memcpy Host-to-Device]
5683085764,8800,395397,273,1,1,48,1,1,40,0.000,0.001,,,,,NVIDIA A100-SXM4-40GB MIG 4g.20gb (0),1,,13,"void pusch_noise_intf_est::noiseIntfEstNoDftSOfdmKernel<float, __half, float, float, (unsigned int)2, (unsigned int)1, (unsigned char)4, (unsigned char)4>(pusch_noise_intf_est::puschRxNoiseIntfEstDynDescr)"
5683098788,2624,395408,35,1,1,128,1,1,16,0.000,0.000,,,,,NVIDIA A100-SXM4-40GB MIG 4g.20gb (0),1,,13,cupy_copy__complex64_complex64
5683110340,1696,395417,1,1,1,1,1,1,18,0.000,0.000,,,,,NVIDIA A100-SXM4-40GB MIG 4g.20gb (0),1,,13,cupy_copy__float32_float32
5683113988,5024,395423,,,,,,,,,,0.000,0.796,Device,Pageable,NVIDIA A100-SXM4-40GB MIG 4g.20gb (0),1,,7,[CUDA memcpy Device-to-Host]
5683200259,12768,395434,1434,1,1,128,1,1,16,0.000,0.000,,,,,NVIDIA A100-SXM4-40GB MIG 4g.20gb (0),1,,13,cupy_copy__complex64_complex64
5683237474,2944,395441,103,1,1,128,1,1,16,0.000,0.000,,,,,NVIDIA A100-SXM4-40GB MIG 4g.20gb (0),1,,13,cupy_copy__complex64_complex64
5683252162,2176,395448,35,1,1,128,1,1,16,0.000,0.000,,,,,NVIDIA A100-SXM4-40GB MIG 4g.20gb (0),1,,13,cupy_copy__complex64_complex64
5683271362,1792,395455,1,1,1,1,1,1,18,0.000,0.000,,,,,NVIDIA A100-SXM4-40GB MIG 4g.20gb (0),1,,13,cupy_copy__float32_float32
5683403968,87167,395466,1,1,1,32,32,1,30,0.000,0.000,,,,,NVIDIA A100-SXM4-40GB MIG 4g.20gb (0),1,,13,"void convert_kernel<__half2, float2>(tensor_layout_any, T1 *, tensor_layout_any, const T2 *)"
5683524479,13792,395469,,,,,,,,,,0.094,6793.428,Pinned,Device,NVIDIA A100-SXM4-40GB MIG 4g.20gb (0),1,,13,[CUDA memcpy Host-to-Device]
5683547455,3359,395470,,,,,,,,,,1.547,460440.791,Device,,NVIDIA A100-SXM4-40GB MIG 4g.20gb (0),1,,13,[CUDA memset]
5683557790,6016,395475,,,,,,,,,,0.031,5202.115,Pinned,Device,NVIDIA A100-SXM4-40GB MIG 4g.20gb (0),1,,13,[CUDA memcpy Host-to-Device]
5683570718,15328,395476,,,,,,,,,,0.197,12826.706,Pinned,Device,NVIDIA A100-SXM4-40GB MIG 4g.20gb (0),1,,13,[CUDA memcpy Host-to-Device]
5683595742,5920,395477,273,1,1,8,4,1,39,0.002,0.000,,,,,NVIDIA A100-SXM4-40GB MIG 4g.20gb (0),1,,13,"void channel_eq::eqMmseCoefCompLowMimoKernel<float, float, float, (unsigned int)4, (unsigned int)1, (unsigned int)4>(const channel_eq::_puschRxChEqStatDescr *, channel_eq::_puschRxChEqCoefCompDynDescr)"
5683606462,5312,395478,273,1,1,12,11,1,51,0.002,0.000,,,,,NVIDIA A100-SXM4-40GB MIG 4g.20gb (0),1,,13,"void channel_eq::eqMmseSoftDemapKernel<float, __half, __half, float, (unsigned int)4, (unsigned short)16383>(channel_eq::_puschRxChEqStatDescr *, channel_eq::_puschRxChEqSoftDemapDynDescr)"
5683615262,290332,395479,1,1,1,32,32,1,30,0.000,0.000,,,,,NVIDIA A100-SXM4-40GB MIG 4g.20gb (0),1,,13,"void convert_kernel<float2, __half2>(tensor_layout_any, T1 *, tensor_layout_any, const T2 *)"
5683909850,10784,395491,2253,1,1,128,1,1,16,0.000,0.000,,,,,NVIDIA A100-SXM4-40GB MIG 4g.20gb (0),1,,13,cupy_copy__float16_float16
5683926010,2784,395500,282,1,1,128,1,1,16,0.000,0.000,,,,,NVIDIA A100-SXM4-40GB MIG 4g.20gb (0),1,,13,cupy_copy__complex64_complex64
5683931386,2048,395509,26,1,1,128,1,1,16,0.000,0.000,,,,,NVIDIA A100-SXM4-40GB MIG 4g.20gb (0),1,,13,cupy_copy__float32_float32
5683935770,3072,395518,103,1,1,128,1,1,16,0.000,0.000,,,,,NVIDIA A100-SXM4-40GB MIG 4g.20gb (0),1,,13,cupy_copy__complex64_complex64
5683941306,12032,395528,1434,1,1,128,1,1,16,0.000,0.000,,,,,NVIDIA A100-SXM4-40GB MIG 4g.20gb (0),1,,13,cupy_copy__complex64_complex64
5683956378,87262,395533,1,1,1,32,32,1,30,0.000,0.000,,,,,NVIDIA A100-SXM4-40GB MIG 4g.20gb (0),1,,13,"void convert_kernel<__half2, float2>(tensor_layout_any, T1 *, tensor_layout_any, const T2 *)"
5684070936,5504,395536,,,,,,,,,,0.094,17023.251,Pinned,Device,NVIDIA A100-SXM4-40GB MIG 4g.20gb (0),1,,13,[CUDA memcpy Host-to-Device]
5684080696,597689,395537,,,,,,,,,,456.561,763827.289,Device,,NVIDIA A100-SXM4-40GB MIG 4g.20gb (0),1,,13,[CUDA memset]
5684683857,128862,395542,,,,,,,,,,1.235,9583.165,Pinned,Device,NVIDIA A100-SXM4-40GB MIG 4g.20gb (0),1,,13,[CUDA memcpy Host-to-Device]
5684826735,39807,395543,,,,,,,,,,0.197,4938.990,Pinned,Device,NVIDIA A100-SXM4-40GB MIG 4g.20gb (0),1,,13,[CUDA memcpy Host-to-Device]
5684891854,8032,395544,69,4,1,48,1,1,76,0.002,0.000,,,,,NVIDIA A100-SXM4-40GB MIG 4g.20gb (0),1,,13,"void ch_est::windowedChEstPreNoDftSOfdmKernel<float, __half, float, (unsigned int)2, (unsigned int)1, (unsigned short)4>(ch_est::puschRxChEstStatDescr_t *, ch_est::puschRxChEstDynDescr_t *)"
5684909550,6880,395545,137,2,1,24,2,1,44,0.001,0.001,,,,,NVIDIA A100-SXM4-40GB MIG 4g.20gb (0),1,,13,"void ch_est::chEstFilterNoDftSOfdmDispatchKernel<float, __half, float, (unsigned int)2>(ch_est::puschRxChEstStatDescr_t *, ch_est::puschRxChEstDynDescr_t *)"
5684921422,4736,395546,137,2,1,24,2,1,44,0.001,0.001,,,,,NVIDIA A100-SXM4-40GB MIG 4g.20gb (0),1,,13,"void ch_est::chEstFilterNoDftSOfdmDispatchKernel<float, __half, float, (unsigned int)2>(ch_est::puschRxChEstStatDescr_t *, ch_est::puschRxChEstDynDescr_t *)"
5684935917,2688,395557,103,1,1,128,1,1,16,0.000,0.000,,,,,NVIDIA A100-SXM4-40GB MIG 4g.20gb (0),1,,13,cupy_copy__complex64_complex64
5684946413,12704,395567,1434,1,1,128,1,1,16,0.000,0.000,,,,,NVIDIA A100-SXM4-40GB MIG 4g.20gb (0),1,,13,cupy_copy__complex64_complex64
5684960973,2592,395574,103,1,1,128,1,1,16,0.000,0.000,,,,,NVIDIA A100-SXM4-40GB MIG 4g.20gb (0),1,,13,cupy_copy__complex64_complex64
5684980013,86367,395581,1,1,1,32,32,1,30,0.000,0.000,,,,,NVIDIA A100-SXM4-40GB MIG 4g.20gb (0),1,,13,"void convert_kernel<__half2, float2>(tensor_layout_any, T1 *, tensor_layout_any, const T2 *)"
5685095179,12704,395584,,,,,,,,,,0.094,7375.281,Pinned,Device,NVIDIA A100-SXM4-40GB MIG 4g.20gb (0),1,,13,[CUDA memcpy Host-to-Device]
5685112651,46848,395585,,,,,,,,,,35.810,764362.742,Device,,NVIDIA A100-SXM4-40GB MIG 4g.20gb (0),1,,13,[CUDA memset]
5685161931,7488,395587,,,,,,,,,,0.000,10.684,Pinned,Device,NVIDIA A100-SXM4-40GB MIG 4g.20gb (0),1,,13,[CUDA memcpy Host-to-Device]
5685174250,19328,395588,,,,,,,,,,0.197,10172.105,Pinned,Device,NVIDIA A100-SXM4-40GB MIG 4g.20gb (0),1,,13,[CUDA memcpy Host-to-Device]
5685208074,9920,395589,273,1,1,48,1,1,40,0.000,0.001,,,,,NVIDIA A100-SXM4-40GB MIG 4g.20gb (0),1,,13,"void pusch_noise_intf_est::noiseIntfEstNoDftSOfdmKernel<float, __half, float, float, (unsigned int)2, (unsigned int)1, (unsigned char)4, (unsigned char)4>(pusch_noise_intf_est::puschRxNoiseIntfEstDynDescr)"
5685226058,2816,395600,35,1,1,128,1,1,16,0.000,0.000,,,,,NVIDIA A100-SXM4-40GB MIG 4g.20gb (0),1,,13,cupy_copy__complex64_complex64
5685235786,1792,395609,1,1,1,1,1,1,18,0.000,0.000,,,,,NVIDIA A100-SXM4-40GB MIG 4g.20gb (0),1,,13,cupy_copy__float32_float32
5685251562,6687,395615,,,,,,,,,,0.000,0.598,Device,Pageable,NVIDIA A100-SXM4-40GB MIG 4g.20gb (0),1,,7,[CUDA memcpy Device-to-Host]
5685332137,12767,395626,1434,1,1,128,1,1,16,0.000,0.000,,,,,NVIDIA A100-SXM4-40GB MIG 4g.20gb (0),1,,13,cupy_copy__complex64_complex64
5685358408,2944,395633,103,1,1,128,1,1,16,0.000,0.000,,,,,NVIDIA A100-SXM4-40GB MIG 4g.20gb (0),1,,13,cupy_copy__complex64_complex64
5685380680,2752,395640,35,1,1,128,1,1,16,0.000,0.000,,,,,NVIDIA A100-SXM4-40GB MIG 4g.20gb (0),1,,13,cupy_copy__complex64_complex64
5685395432,1888,395647,1,1,1,1,1,1,18,0.000,0.000,,,,,NVIDIA A100-SXM4-40GB MIG 4g.20gb (0),1,,13,cupy_copy__float32_float32
5685519718,81663,395658,1,1,1,32,32,1,30,0.000,0.000,,,,,NVIDIA A100-SXM4-40GB MIG 4g.20gb (0),1,,13,"void convert_kernel<__half2, float2>(tensor_layout_any, T1 *, tensor_layout_any, const T2 *)"
5685628869,5536,395661,,,,,,,,,,0.094,16924.777,Pinned,Device,NVIDIA A100-SXM4-40GB MIG 4g.20gb (0),1,,13,[CUDA memcpy Host-to-Device]
5685643429,3232,395662,,,,,,,,,,1.547,478533.199,Device,,NVIDIA A100-SXM4-40GB MIG 4g.20gb (0),1,,13,[CUDA memset]
5685650725,3200,395667,,,,,,,,,,0.031,9780.000,Pinned,Device,NVIDIA A100-SXM4-40GB MIG 4g.20gb (0),1,,13,[CUDA memcpy Host-to-Device]
5685656709,9599,395668,,,,,,,,,,0.197,20482.032,Pinned,Device,NVIDIA A100-SXM4-40GB MIG 4g.20gb (0),1,,13,[CUDA memcpy Host-to-Device]
5685670660,7968,395669,273,1,1,8,4,1,39,0.002,0.000,,,,,NVIDIA A100-SXM4-40GB MIG 4g.20gb (0),1,,13,"void channel_eq::eqMmseCoefCompLowMimoKernel<float, float, float, (unsigned int)4, (unsigned int)1, (unsigned int)4>(const channel_eq::_puschRxChEqStatDescr *, channel_eq::_puschRxChEqCoefCompDynDescr)"
5685679716,6016,395670,273,1,1,12,11,1,51,0.002,0.000,,,,,NVIDIA A100-SXM4-40GB MIG 4g.20gb (0),1,,13,"void channel_eq::eqMmseSoftDemapKernel<float, __half, __half, float, (unsigned int)4, (unsigned short)16383>(channel_eq::_puschRxChEqStatDescr *, channel_eq::_puschRxChEqSoftDemapDynDescr)"
5685686884,282493,395671,1,1,1,32,32,1,30,0.000,0.000,,,,,NVIDIA A100-SXM4-40GB MIG 4g.20gb (0),1,,13,"void convert_kernel<float2, __half2>(tensor_layout_any, T1 *, tensor_layout_any, const T2 *)"
5685970433,10944,395683,2253,1,1,128,1,1,16,0.000,0.000,,,,,NVIDIA A100-SXM4-40GB MIG 4g.20gb (0),1,,13,cupy_copy__float16_float16
5685984129,2975,395692,282,1,1,128,1,1,16,0.000,0.000,,,,,NVIDIA A100-SXM4-40GB MIG 4g.20gb (0),1,,13,cupy_copy__complex64_complex64
5685989056,2272,395701,26,1,1,128,1,1,16,0.000,0.000,,,,,NVIDIA A100-SXM4-40GB MIG 4g.20gb (0),1,,13,cupy_copy__float32_float32
5685992416,3168,395710,103,1,1,128,1,1,16,0.000,0.000,,,,,NVIDIA A100-SXM4-40GB MIG 4g.20gb (0),1,,13,cupy_copy__complex64_complex64
5685998208,12448,395720,1434,1,1,128,1,1,16,0.000,0.000,,,,,NVIDIA A100-SXM4-40GB MIG 4g.20gb (0),1,,13,cupy_copy__complex64_complex64
5686017248,87103,395725,1,1,1,32,32,1,30,0.000,0.000,,,,,NVIDIA A100-SXM4-40GB MIG 4g.20gb (0),1,,13,"void convert_kernel<__half2, float2>(tensor_layout_any, T1 *, tensor_layout_any, const T2 *)"
5686130655,5632,395728,,,,,,,,,,0.094,16636.287,Pinned,Device,NVIDIA A100-SXM4-40GB MIG 4g.20gb (0),1,,13,[CUDA memcpy Host-to-Device]
5686140959,598040,395729,,,,,,,,,,456.561,763370.728,Device,,NVIDIA A100-SXM4-40GB MIG 4g.20gb (0),1,,13,[CUDA memset]
5686744119,121695,395734,,,,,,,,,,1.235,10147.535,Pinned,Device,NVIDIA A100-SXM4-40GB MIG 4g.20gb (0),1,,13,[CUDA memcpy Host-to-Device]
5686873622,30847,395735,,,,,,,,,,0.197,6373.638,Pinned,Device,NVIDIA A100-SXM4-40GB MIG 4g.20gb (0),1,,13,[CUDA memcpy Host-to-Device]
5686920533,8000,395736,69,4,1,48,1,1,76,0.002,0.000,,,,,NVIDIA A100-SXM4-40GB MIG 4g.20gb (0),1,,13,"void ch_est::windowedChEstPreNoDftSOfdmKernel<float, __half, float, (unsigned int)2, (unsigned int)1, (unsigned short)4>(ch_est::puschRxChEstStatDescr_t *, ch_est::puschRxChEstDynDescr_t *)"
5686936469,6816,395737,137,2,1,24,2,1,44,0.001,0.001,,,,,NVIDIA A100-SXM4-40GB MIG 4g.20gb (0),1,,13,"void ch_est::chEstFilterNoDftSOfdmDispatchKernel<float, __half, float, (unsigned int)2>(ch_est::puschRxChEstStatDescr_t *, ch_est::puschRxChEstDynDescr_t *)"
5686952437,4704,395738,137,2,1,24,2,1,44,0.001,0.001,,,,,NVIDIA A100-SXM4-40GB MIG 4g.20gb (0),1,,13,"void ch_est::chEstFilterNoDftSOfdmDispatchKernel<float, __half, float, (unsigned int)2>(ch_est::puschRxChEstStatDescr_t *, ch_est::puschRxChEstDynDescr_t *)"
5686965428,2720,395749,103,1,1,128,1,1,16,0.000,0.000,,,,,NVIDIA A100-SXM4-40GB MIG 4g.20gb (0),1,,13,cupy_copy__complex64_complex64
5686978612,12608,395759,1434,1,1,128,1,1,16,0.000,0.000,,,,,NVIDIA A100-SXM4-40GB MIG 4g.20gb (0),1,,13,cupy_copy__complex64_complex64
5687015220,2496,395766,103,1,1,128,1,1,16,0.000,0.000,,,,,NVIDIA A100-SXM4-40GB MIG 4g.20gb (0),1,,13,cupy_copy__complex64_complex64
5687033460,87967,395773,1,1,1,32,32,1,30,0.000,0.000,,,,,NVIDIA A100-SXM4-40GB MIG 4g.20gb (0),1,,13,"void convert_kernel<__half2, float2>(tensor_layout_any, T1 *, tensor_layout_any, const T2 *)"
5687159058,15808,395776,,,,,,,,,,0.094,5927.115,Pinned,Device,NVIDIA A100-SXM4-40GB MIG 4g.20gb (0),1,,13,[CUDA memcpy Host-to-Device]
5687203985,47520,395777,,,,,,,,,,35.810,753548.147,Device,,NVIDIA A100-SXM4-40GB MIG 4g.20gb (0),1,,13,[CUDA memset]
5687258097,8992,395779,,,,,,,,,,0.000,8.897,Pinned,Device,NVIDIA A100-SXM4-40GB MIG 4g.20gb (0),1,,13,[CUDA memcpy Host-to-Device]
5687280113,23519,395780,,,,,,,,,,0.197,8359.379,Pinned,Device,NVIDIA A100-SXM4-40GB MIG 4g.20gb (0),1,,13,[CUDA memcpy Host-to-Device]
5687319024,10944,395781,273,1,1,48,1,1,40,0.000,0.001,,,,,NVIDIA A100-SXM4-40GB MIG 4g.20gb (0),1,,13,"void pusch_noise_intf_est::noiseIntfEstNoDftSOfdmKernel<float, __half, float, float, (unsigned int)2, (unsigned int)1, (unsigned char)4, (unsigned char)4>(pusch_noise_intf_est::puschRxNoiseIntfEstDynDescr)"
5687340432,2944,395792,35,1,1,128,1,1,16,0.000,0.000,,,,,NVIDIA A100-SXM4-40GB MIG 4g.20gb (0),1,,13,cupy_copy__complex64_complex64
5687348336,1856,395801,1,1,1,1,1,1,18,0.000,0.000,,,,,NVIDIA A100-SXM4-40GB MIG 4g.20gb (0),1,,13,cupy_copy__float32_float32
5687355440,5216,395807,,,,,,,,,,0.000,0.767,Device,Pageable,NVIDIA A100-SXM4-40GB MIG 4g.20gb (0),1,,7,[CUDA memcpy Device-to-Host]
5687431503,12768,395818,1434,1,1,128,1,1,16,0.000,0.000,,,,,NVIDIA A100-SXM4-40GB MIG 4g.20gb (0),1,,13,cupy_copy__complex64_complex64
5687455726,3520,395825,103,1,1,128,1,1,16,0.000,0.000,,,,,NVIDIA A100-SXM4-40GB MIG 4g.20gb (0),1,,13,cupy_copy__complex64_complex64
5687482222,2720,395832,35,1,1,128,1,1,16,0.000,0.000,,,,,NVIDIA A100-SXM4-40GB MIG 4g.20gb (0),1,,13,cupy_copy__complex64_complex64
5687495662,1952,395839,1,1,1,1,1,1,18,0.000,0.000,,,,,NVIDIA A100-SXM4-40GB MIG 4g.20gb (0),1,,13,cupy_copy__float32_float32
5687627180,82399,395850,1,1,1,32,32,1,30,0.000,0.000,,,,,NVIDIA A100-SXM4-40GB MIG 4g.20gb (0),1,,13,"void convert_kernel<__half2, float2>(tensor_layout_any, T1 *, tensor_layout_any, const T2 *)"
5687739691,10464,395853,,,,,,,,,,0.094,8954.058,Pinned,Device,NVIDIA A100-SXM4-40GB MIG 4g.20gb (0),1,,13,[CUDA memcpy Host-to-Device]
5687756491,3456,395854,,,,,,,,,,1.547,447517.201,Device,,NVIDIA A100-SXM4-40GB MIG 4g.20gb (0),1,,13,[CUDA memset]
5687760331,5568,395859,,,,,,,,,,0.031,5620.668,Pinned,Device,NVIDIA A100-SXM4-40GB MIG 4g.20gb (0),1,,13,[CUDA memcpy Host-to-Device]
5687769067,10431,395860,,,,,,,,,,0.197,18848.416,Pinned,Device,NVIDIA A100-SXM4-40GB MIG 4g.20gb (0),1,,13,[CUDA memcpy Host-to-Device]
5687784874,8512,395861,273,1,1,8,4,1,39,0.002,0.000,,,,,NVIDIA A100-SXM4-40GB MIG 4g.20gb (0),1,,13,"void channel_eq::eqMmseCoefCompLowMimoKernel<float, float, float, (unsigned int)4, (unsigned int)1, (unsigned int)4>(const channel_eq::_puschRxChEqStatDescr *, channel_eq::_puschRxChEqCoefCompDynDescr)"
5687796362,7488,395862,273,1,1,12,11,1,51,0.002,0.000,,,,,NVIDIA A100-SXM4-40GB MIG 4g.20gb (0),1,,13,"void channel_eq::eqMmseSoftDemapKernel<float, __half, __half, float, (unsigned int)4, (unsigned short)16383>(channel_eq::_puschRxChEqStatDescr *, channel_eq::_puschRxChEqSoftDemapDynDescr)"
5687805738,282877,395863,1,1,1,32,32,1,30,0.000,0.000,,,,,NVIDIA A100-SXM4-40GB MIG 4g.20gb (0),1,,13,"void convert_kernel<float2, __half2>(tensor_layout_any, T1 *, tensor_layout_any, const T2 *)"
5688090023,11039,395875,2253,1,1,128,1,1,16,0.000,0.000,,,,,NVIDIA A100-SXM4-40GB MIG 4g.20gb (0),1,,13,cupy_copy__float16_float16
5688104166,4032,395884,282,1,1,128,1,1,16,0.000,0.000,,,,,NVIDIA A100-SXM4-40GB MIG 4g.20gb (0),1,,13,cupy_copy__complex64_complex64
5688109734,2112,395893,26,1,1,128,1,1,16,0.000,0.000,,,,,NVIDIA A100-SXM4-40GB MIG 4g.20gb (0),1,,13,cupy_copy__float32_float32
5688114598,3232,395902,103,1,1,128,1,1,16,0.000,0.000,,,,,NVIDIA A100-SXM4-40GB MIG 4g.20gb (0),1,,13,cupy_copy__complex64_complex64
5688120582,12000,395912,1434,1,1,128,1,1,16,0.000,0.000,,,,,NVIDIA A100-SXM4-40GB MIG 4g.20gb (0),1,,13,cupy_copy__complex64_complex64
5688135078,82815,395917,1,1,1,32,32,1,30,0.000,0.000,,,,,NVIDIA A100-SXM4-40GB MIG 4g.20gb (0),1,,13,"void convert_kernel<__half2, float2>(tensor_layout_any, T1 *, tensor_layout_any, const T2 *)"
5688245221,5664,395920,,,,,,,,,,0.094,16542.310,Pinned,Device,NVIDIA A100-SXM4-40GB MIG 4g.20gb (0),1,,13,[CUDA memcpy Host-to-Device]
5688255365,596312,395921,,,,,,,,,,456.561,765196.973,Device,,NVIDIA A100-SXM4-40GB MIG 4g.20gb (0),1,,13,[CUDA memset]
5688856797,155390,395926,,,,,,,,,,1.235,7946.865,Pinned,Device,NVIDIA A100-SXM4-40GB MIG 4g.20gb (0),1,,13,[CUDA memcpy Host-to-Device]
5689024923,39872,395927,,,,,,,,,,0.197,4930.929,Pinned,Device,NVIDIA A100-SXM4-40GB MIG 4g.20gb (0),1,,13,[CUDA memcpy Host-to-Device]
5689086842,7712,395928,69,4,1,48,1,1,76,0.002,0.000,,,,,NVIDIA A100-SXM4-40GB MIG 4g.20gb (0),1,,13,"void ch_est::windowedChEstPreNoDftSOfdmKernel<float, __half, float, (unsigned int)2, (unsigned int)1, (unsigned short)4>(ch_est::puschRxChEstStatDescr_t *, ch_est::puschRxChEstDynDescr_t *)"
5689104794,6240,395929,137,2,1,24,2,1,44,0.001,0.001,,,,,NVIDIA A100-SXM4-40GB MIG 4g.20gb (0),1,,13,"void ch_est::chEstFilterNoDftSOfdmDispatchKernel<float, __half, float, (unsigned int)2>(ch_est::puschRxChEstStatDescr_t *, ch_est::puschRxChEstDynDescr_t *)"
5689122074,4736,395930,137,2,1,24,2,1,44,0.001,0.001,,,,,NVIDIA A100-SXM4-40GB MIG 4g.20gb (0),1,,13,"void ch_est::chEstFilterNoDftSOfdmDispatchKernel<float, __half, float, (unsigned int)2>(ch_est::puschRxChEstStatDescr_t *, ch_est::puschRxChEstDynDescr_t *)"
5689139898,2720,395941,103,1,1,128,1,1,16,0.000,0.000,,,,,NVIDIA A100-SXM4-40GB MIG 4g.20gb (0),1,,13,cupy_copy__complex64_complex64
5689157049,12352,395951,1434,1,1,128,1,1,16,0.000,0.000,,,,,NVIDIA A100-SXM4-40GB MIG 4g.20gb (0),1,,13,cupy_copy__complex64_complex64
5689179097,2528,395958,103,1,1,128,1,1,16,0.000,0.000,,,,,NVIDIA A100-SXM4-40GB MIG 4g.20gb (0),1,,13,cupy_copy__complex64_complex64
5689200185,83391,395965,1,1,1,32,32,1,30,0.000,0.000,,,,,NVIDIA A100-SXM4-40GB MIG 4g.20gb (0),1,,13,"void convert_kernel<__half2, float2>(tensor_layout_any, T1 *, tensor_layout_any, const T2 *)"
5689317175,24128,395968,,,,,,,,,,0.094,3883.231,Pinned,Device,NVIDIA A100-SXM4-40GB MIG 4g.20gb (0),1,,13,[CUDA memcpy Host-to-Device]
5689355543,46847,395969,,,,,,,,,,35.810,764398.552,Device,,NVIDIA A100-SXM4-40GB MIG 4g.20gb (0),1,,13,[CUDA memset]
5689409878,11840,395971,,,,,,,,,,0.000,6.757,Pinned,Device,NVIDIA A100-SXM4-40GB MIG 4g.20gb (0),1,,13,[CUDA memcpy Host-to-Device]
5689428022,20448,395972,,,,,,,,,,0.197,9614.918,Pinned,Device,NVIDIA A100-SXM4-40GB MIG 4g.20gb (0),1,,13,[CUDA memcpy Host-to-Device]
5689465878,10367,395973,273,1,1,48,1,1,40,0.000,0.001,,,,,NVIDIA A100-SXM4-40GB MIG 4g.20gb (0),1,,13,"void pusch_noise_intf_est::noiseIntfEstNoDftSOfdmKernel<float, __half, float, float, (unsigned int)2, (unsigned int)1, (unsigned char)4, (unsigned char)4>(pusch_noise_intf_est::puschRxNoiseIntfEstDynDescr)"
5689480789,2784,395984,35,1,1,128,1,1,16,0.000,0.000,,,,,NVIDIA A100-SXM4-40GB MIG 4g.20gb (0),1,,13,cupy_copy__complex64_complex64
5689488661,1696,395993,1,1,1,1,1,1,18,0.000,0.000,,,,,NVIDIA A100-SXM4-40GB MIG 4g.20gb (0),1,,13,cupy_copy__float32_float32
5689497941,5216,395999,,,,,,,,,,0.000,0.767,Device,Pageable,NVIDIA A100-SXM4-40GB MIG 4g.20gb (0),1,,7,[CUDA memcpy Device-to-Host]
5689582228,13312,396010,1434,1,1,128,1,1,16,0.000,0.000,,,,,NVIDIA A100-SXM4-40GB MIG 4g.20gb (0),1,,13,cupy_copy__complex64_complex64
5689610580,2912,396017,103,1,1,128,1,1,16,0.000,0.000,,,,,NVIDIA A100-SXM4-40GB MIG 4g.20gb (0),1,,13,cupy_copy__complex64_complex64
5689627636,2560,396024,35,1,1,128,1,1,16,0.000,0.000,,,,,NVIDIA A100-SXM4-40GB MIG 4g.20gb (0),1,,13,cupy_copy__complex64_complex64
5689642323,1760,396031,1,1,1,1,1,1,18,0.000,0.000,,,,,NVIDIA A100-SXM4-40GB MIG 4g.20gb (0),1,,13,cupy_copy__float32_float32
5689766642,83135,396042,1,1,1,32,32,1,30,0.000,0.000,,,,,NVIDIA A100-SXM4-40GB MIG 4g.20gb (0),1,,13,"void convert_kernel<__half2, float2>(tensor_layout_any, T1 *, tensor_layout_any, const T2 *)"
5689877361,5567,396045,,,,,,,,,,0.094,16830.519,Pinned,Device,NVIDIA A100-SXM4-40GB MIG 4g.20gb (0),1,,13,[CUDA memcpy Host-to-Device]
5689891792,3232,396046,,,,,,,,,,1.547,478533.199,Device,,NVIDIA A100-SXM4-40GB MIG 4g.20gb (0),1,,13,[CUDA memset]
5689898544,3072,396051,,,,,,,,,,0.031,10187.474,Pinned,Device,NVIDIA A100-SXM4-40GB MIG 4g.20gb (0),1,,13,[CUDA memcpy Host-to-Device]
5689904048,9440,396052,,,,,,,,,,0.197,20827.079,Pinned,Device,NVIDIA A100-SXM4-40GB MIG 4g.20gb (0),1,,13,[CUDA memcpy Host-to-Device]
5689919248,6496,396053,273,1,1,8,4,1,39,0.002,0.000,,,,,NVIDIA A100-SXM4-40GB MIG 4g.20gb (0),1,,13,"void channel_eq::eqMmseCoefCompLowMimoKernel<float, float, float, (unsigned int)4, (unsigned int)1, (unsigned int)4>(const channel_eq::_puschRxChEqStatDescr *, channel_eq::_puschRxChEqCoefCompDynDescr)"
5689926736,6336,396054,273,1,1,12,11,1,51,0.002,0.000,,,,,NVIDIA A100-SXM4-40GB MIG 4g.20gb (0),1,,13,"void channel_eq::eqMmseSoftDemapKernel<float, __half, __half, float, (unsigned int)4, (unsigned short)16383>(channel_eq::_puschRxChEqStatDescr *, channel_eq::_puschRxChEqSoftDemapDynDescr)"
5689936304,294556,396055,1,1,1,32,32,1,30,0.000,0.000,,,,,NVIDIA A100-SXM4-40GB MIG 4g.20gb (0),1,,13,"void convert_kernel<float2, __half2>(tensor_layout_any, T1 *, tensor_layout_any, const T2 *)"
5690232076,11104,396067,2253,1,1,128,1,1,16,0.000,0.000,,,,,NVIDIA A100-SXM4-40GB MIG 4g.20gb (0),1,,13,cupy_copy__float16_float16
5690245324,3072,396076,282,1,1,128,1,1,16,0.000,0.000,,,,,NVIDIA A100-SXM4-40GB MIG 4g.20gb (0),1,,13,cupy_copy__complex64_complex64
5690250028,2464,396085,26,1,1,128,1,1,16,0.000,0.000,,,,,NVIDIA A100-SXM4-40GB MIG 4g.20gb (0),1,,13,cupy_copy__float32_float32
5690253580,2912,396094,103,1,1,128,1,1,16,0.000,0.000,,,,,NVIDIA A100-SXM4-40GB MIG 4g.20gb (0),1,,13,cupy_copy__complex64_complex64
5690259180,12192,396104,1434,1,1,128,1,1,16,0.000,0.000,,,,,NVIDIA A100-SXM4-40GB MIG 4g.20gb (0),1,,13,cupy_copy__complex64_complex64
5690274828,87519,396109,1,1,1,32,32,1,30,0.000,0.000,,,,,NVIDIA A100-SXM4-40GB MIG 4g.20gb (0),1,,13,"void convert_kernel<__half2, float2>(tensor_layout_any, T1 *, tensor_layout_any, const T2 *)"
5690389866,6016,396112,,,,,,,,,,0.094,15574.430,Pinned,Device,NVIDIA A100-SXM4-40GB MIG 4g.20gb (0),1,,13,[CUDA memcpy Host-to-Device]
5690399562,597977,396113,,,,,,,,,,456.561,763370.728,Device,,NVIDIA A100-SXM4-40GB MIG 4g.20gb (0),1,,13,[CUDA memset]
5690998947,79295,396118,,,,,,,,,,1.235,15573.879,Pinned,Device,NVIDIA A100-SXM4-40GB MIG 4g.20gb (0),1,,13,[CUDA memcpy Host-to-Device]
5691085186,16895,396119,,,,,,,,,,0.197,11637.031,Pinned,Device,NVIDIA A100-SXM4-40GB MIG 4g.20gb (0),1,,13,[CUDA memcpy Host-to-Device]
5691110113,9280,396120,69,4,1,48,1,1,76,0.002,0.000,,,,,NVIDIA A100-SXM4-40GB MIG 4g.20gb (0),1,,13,"void ch_est::windowedChEstPreNoDftSOfdmKernel<float, __half, float, (unsigned int)2, (unsigned int)1, (unsigned short)4>(ch_est::puschRxChEstStatDescr_t *, ch_est::puschRxChEstDynDescr_t *)"
5691125601,8128,396121,137,2,1,24,2,1,44,0.001,0.001,,,,,NVIDIA A100-SXM4-40GB MIG 4g.20gb (0),1,,13,"void ch_est::chEstFilterNoDftSOfdmDispatchKernel<float, __half, float, (unsigned int)2>(ch_est::puschRxChEstStatDescr_t *, ch_est::puschRxChEstDynDescr_t *)"
5691140129,5056,396122,137,2,1,24,2,1,44,0.001,0.001,,,,,NVIDIA A100-SXM4-40GB MIG 4g.20gb (0),1,,13,"void ch_est::chEstFilterNoDftSOfdmDispatchKernel<float, __half, float, (unsigned int)2>(ch_est::puschRxChEstStatDescr_t *, ch_est::puschRxChEstDynDescr_t *)"
5691147713,3104,396133,103,1,1,128,1,1,16,0.000,0.000,,,,,NVIDIA A100-SXM4-40GB MIG 4g.20gb (0),1,,13,cupy_copy__complex64_complex64
5691156449,12544,396143,1434,1,1,128,1,1,16,0.000,0.000,,,,,NVIDIA A100-SXM4-40GB MIG 4g.20gb (0),1,,13,cupy_copy__complex64_complex64
5691172033,2560,396150,103,1,1,128,1,1,16,0.000,0.000,,,,,NVIDIA A100-SXM4-40GB MIG 4g.20gb (0),1,,13,cupy_copy__complex64_complex64
5691181120,87999,396157,1,1,1,32,32,1,30,0.000,0.000,,,,,NVIDIA A100-SXM4-40GB MIG 4g.20gb (0),1,,13,"void convert_kernel<__half2, float2>(tensor_layout_any, T1 *, tensor_layout_any, const T2 *)"
5691299519,11168,396160,,,,,,,,,,0.094,8389.634,Pinned,Device,NVIDIA A100-SXM4-40GB MIG 4g.20gb (0),1,,13,[CUDA memcpy Host-to-Device]
5691319935,47743,396161,,,,,,,,,,35.810,750038.774,Device,,NVIDIA A100-SXM4-40GB MIG 4g.20gb (0),1,,13,[CUDA memset]
5691370782,9184,396163,,,,,,,,,,0.000,8.711,Pinned,Device,NVIDIA A100-SXM4-40GB MIG 4g.20gb (0),1,,13,[CUDA memcpy Host-to-Device]
5691388830,17120,396164,,,,,,,,,,0.197,11484.070,Pinned,Device,NVIDIA A100-SXM4-40GB MIG 4g.20gb (0),1,,13,[CUDA memcpy Host-to-Device]
5691418110,9503,396165,273,1,1,48,1,1,40,0.000,0.001,,,,,NVIDIA A100-SXM4-40GB MIG 4g.20gb (0),1,,13,"void pusch_noise_intf_est::noiseIntfEstNoDftSOfdmKernel<float, __half, float, float, (unsigned int)2, (unsigned int)1, (unsigned char)4, (unsigned char)4>(pusch_noise_intf_est::puschRxNoiseIntfEstDynDescr)"
5691438397,2816,396176,35,1,1,128,1,1,16,0.000,0.000,,,,,NVIDIA A100-SXM4-40GB MIG 4g.20gb (0),1,,13,cupy_copy__complex64_complex64
5691448029,1856,396185,1,1,1,1,1,1,18,0.000,0.000,,,,,NVIDIA A100-SXM4-40GB MIG 4g.20gb (0),1,,13,cupy_copy__float32_float32
5691455933,6208,396191,,,,,,,,,,0.000,0.644,Device,Pageable,NVIDIA A100-SXM4-40GB MIG 4g.20gb (0),1,,7,[CUDA memcpy Device-to-Host]
5691541628,12928,396202,1434,1,1,128,1,1,16,0.000,0.000,,,,,NVIDIA A100-SXM4-40GB MIG 4g.20gb (0),1,,13,cupy_copy__complex64_complex64
5691559228,3040,396209,103,1,1,128,1,1,16,0.000,0.000,,,,,NVIDIA A100-SXM4-40GB MIG 4g.20gb (0),1,,13,cupy_copy__complex64_complex64
5691583324,2559,396216,35,1,1,128,1,1,16,0.000,0.000,,,,,NVIDIA A100-SXM4-40GB MIG 4g.20gb (0),1,,13,cupy_copy__complex64_complex64
5691604987,1760,396223,1,1,1,1,1,1,18,0.000,0.000,,,,,NVIDIA A100-SXM4-40GB MIG 4g.20gb (0),1,,13,cupy_copy__float32_float32
5691728442,87967,396234,1,1,1,32,32,1,30,0.000,0.000,,,,,NVIDIA A100-SXM4-40GB MIG 4g.20gb (0),1,,13,"void convert_kernel<__half2, float2>(tensor_layout_any, T1 *, tensor_layout_any, const T2 *)"
5691844120,5856,396237,,,,,,,,,,0.094,15999.997,Pinned,Device,NVIDIA A100-SXM4-40GB MIG 4g.20gb (0),1,,13,[CUDA memcpy Host-to-Device]
5691858328,3328,396238,,,,,,,,,,1.547,464729.580,Device,,NVIDIA A100-SXM4-40GB MIG 4g.20gb (0),1,,13,[CUDA memset]
5691866744,3136,396243,,,,,,,,,,0.031,9979.575,Pinned,Device,NVIDIA A100-SXM4-40GB MIG 4g.20gb (0),1,,13,[CUDA memcpy Host-to-Device]
5691872312,9440,396244,,,,,,,,,,0.197,20827.079,Pinned,Device,NVIDIA A100-SXM4-40GB MIG 4g.20gb (0),1,,13,[CUDA memcpy Host-to-Device]
5691885208,6208,396245,273,1,1,8,4,1,39,0.002,0.000,,,,,NVIDIA A100-SXM4-40GB MIG 4g.20gb (0),1,,13,"void channel_eq::eqMmseCoefCompLowMimoKernel<float, float, float, (unsigned int)4, (unsigned int)1, (unsigned int)4>(const channel_eq::_puschRxChEqStatDescr *, channel_eq::_puschRxChEqCoefCompDynDescr)"
5691892536,5568,396246,273,1,1,12,11,1,51,0.002,0.000,,,,,NVIDIA A100-SXM4-40GB MIG 4g.20gb (0),1,,13,"void channel_eq::eqMmseSoftDemapKernel<float, __half, __half, float, (unsigned int)4, (unsigned short)16383>(channel_eq::_puschRxChEqStatDescr *, channel_eq::_puschRxChEqSoftDemapDynDescr)"
5691899128,282268,396247,1,1,1,32,32,1,30,0.000,0.000,,,,,NVIDIA A100-SXM4-40GB MIG 4g.20gb (0),1,,13,"void convert_kernel<float2, __half2>(tensor_layout_any, T1 *, tensor_layout_any, const T2 *)"
5692182868,10912,396259,2253,1,1,128,1,1,16,0.000,0.000,,,,,NVIDIA A100-SXM4-40GB MIG 4g.20gb (0),1,,13,cupy_copy__float16_float16
5692195348,3488,396268,282,1,1,128,1,1,16,0.000,0.000,,,,,NVIDIA A100-SXM4-40GB MIG 4g.20gb (0),1,,13,cupy_copy__complex64_complex64
5692200468,2016,396277,26,1,1,128,1,1,16,0.000,0.000,,,,,NVIDIA A100-SXM4-40GB MIG 4g.20gb (0),1,,13,cupy_copy__float32_float32
5692205588,4768,396286,103,1,1,128,1,1,16,0.000,0.000,,,,,NVIDIA A100-SXM4-40GB MIG 4g.20gb (0),1,,13,cupy_copy__complex64_complex64
5692212052,12256,396296,1434,1,1,128,1,1,16,0.000,0.000,,,,,NVIDIA A100-SXM4-40GB MIG 4g.20gb (0),1,,13,cupy_copy__complex64_complex64
5692230900,87742,396301,1,1,1,32,32,1,30,0.000,0.000,,,,,NVIDIA A100-SXM4-40GB MIG 4g.20gb (0),1,,13,"void convert_kernel<__half2, float2>(tensor_layout_any, T1 *, tensor_layout_any, const T2 *)"
5692345522,5696,396304,,,,,,,,,,0.094,16449.363,Pinned,Device,NVIDIA A100-SXM4-40GB MIG 4g.20gb (0),1,,13,[CUDA memcpy Host-to-Device]
5692355410,597497,396305,,,,,,,,,,456.561,763827.289,Device,,NVIDIA A100-SXM4-40GB MIG 4g.20gb (0),1,,13,[CUDA memset]
5692963243,149022,396310,,,,,,,,,,1.235,8286.474,Pinned,Device,NVIDIA A100-SXM4-40GB MIG 4g.20gb (0),1,,13,[CUDA memcpy Host-to-Device]
5693121481,34111,396311,,,,,,,,,,0.197,5763.760,Pinned,Device,NVIDIA A100-SXM4-40GB MIG 4g.20gb (0),1,,13,[CUDA memcpy Host-to-Device]
5693180680,8352,396312,69,4,1,48,1,1,76,0.002,0.000,,,,,NVIDIA A100-SXM4-40GB MIG 4g.20gb (0),1,,13,"void ch_est::windowedChEstPreNoDftSOfdmKernel<float, __half, float, (unsigned int)2, (unsigned int)1, (unsigned short)4>(ch_est::puschRxChEstStatDescr_t *, ch_est::puschRxChEstDynDescr_t *)"
5693202632,6623,396313,137,2,1,24,2,1,44,0.001,0.001,,,,,NVIDIA A100-SXM4-40GB MIG 4g.20gb (0),1,,13,"void ch_est::chEstFilterNoDftSOfdmDispatchKernel<float, __half, float, (unsigned int)2>(ch_est::puschRxChEstStatDescr_t *, ch_est::puschRxChEstDynDescr_t *)"
5693217063,5120,396314,137,2,1,24,2,1,44,0.001,0.001,,,,,NVIDIA A100-SXM4-40GB MIG 4g.20gb (0),1,,13,"void ch_est::chEstFilterNoDftSOfdmDispatchKernel<float, __half, float, (unsigned int)2>(ch_est::puschRxChEstStatDescr_t *, ch_est::puschRxChEstDynDescr_t *)"
5693226247,2720,396325,103,1,1,128,1,1,16,0.000,0.000,,,,,NVIDIA A100-SXM4-40GB MIG 4g.20gb (0),1,,13,cupy_copy__complex64_complex64
5693234855,12544,396335,1434,1,1,128,1,1,16,0.000,0.000,,,,,NVIDIA A100-SXM4-40GB MIG 4g.20gb (0),1,,13,cupy_copy__complex64_complex64
5693248967,2624,396342,103,1,1,128,1,1,16,0.000,0.000,,,,,NVIDIA A100-SXM4-40GB MIG 4g.20gb (0),1,,13,cupy_copy__complex64_complex64
5693258503,84223,396349,1,1,1,32,32,1,30,0.000,0.000,,,,,NVIDIA A100-SXM4-40GB MIG 4g.20gb (0),1,,13,"void convert_kernel<__half2, float2>(tensor_layout_any, T1 *, tensor_layout_any, const T2 *)"
5693369094,5535,396352,,,,,,,,,,0.094,16927.869,Pinned,Device,NVIDIA A100-SXM4-40GB MIG 4g.20gb (0),1,,13,[CUDA memcpy Host-to-Device]
5693380677,46496,396353,,,,,,,,,,35.810,770163.949,Device,,NVIDIA A100-SXM4-40GB MIG 4g.20gb (0),1,,13,[CUDA memset]
5693434341,3136,396355,,,,,,,,,,0.000,25.510,Pinned,Device,NVIDIA A100-SXM4-40GB MIG 4g.20gb (0),1,,13,[CUDA memcpy Host-to-Device]
5693441925,11391,396356,,,,,,,,,,0.197,17259.823,Pinned,Device,NVIDIA A100-SXM4-40GB MIG 4g.20gb (0),1,,13,[CUDA memcpy Host-to-Device]
5693461412,12192,396357,273,1,1,48,1,1,40,0.000,0.001,,,,,NVIDIA A100-SXM4-40GB MIG 4g.20gb (0),1,,13,"void pusch_noise_intf_est::noiseIntfEstNoDftSOfdmKernel<float, __half, float, float, (unsigned int)2, (unsigned int)1, (unsigned char)4, (unsigned char)4>(pusch_noise_intf_est::puschRxNoiseIntfEstDynDescr)"
5693476740,2816,396368,35,1,1,128,1,1,16,0.000,0.000,,,,,NVIDIA A100-SXM4-40GB MIG 4g.20gb (0),1,,13,cupy_copy__complex64_complex64
5693489444,1920,396377,1,1,1,1,1,1,18,0.000,0.000,,,,,NVIDIA A100-SXM4-40GB MIG 4g.20gb (0),1,,13,cupy_copy__float32_float32
5693518052,1600,396383,,,,,,,,,,0.000,2.500,Device,Pageable,NVIDIA A100-SXM4-40GB MIG 4g.20gb (0),1,,7,[CUDA memcpy Device-to-Host]
5693577859,13376,396394,1434,1,1,128,1,1,16,0.000,0.000,,,,,NVIDIA A100-SXM4-40GB MIG 4g.20gb (0),1,,13,cupy_copy__complex64_complex64
5693605123,3424,396401,103,1,1,128,1,1,16,0.000,0.000,,,,,NVIDIA A100-SXM4-40GB MIG 4g.20gb (0),1,,13,cupy_copy__complex64_complex64
5693624482,2176,396408,35,1,1,128,1,1,16,0.000,0.000,,,,,NVIDIA A100-SXM4-40GB MIG 4g.20gb (0),1,,13,cupy_copy__complex64_complex64
5693642402,1952,396415,1,1,1,1,1,1,18,0.000,0.000,,,,,NVIDIA A100-SXM4-40GB MIG 4g.20gb (0),1,,13,cupy_copy__float32_float32
5693774081,81471,396426,1,1,1,32,32,1,30,0.000,0.000,,,,,NVIDIA A100-SXM4-40GB MIG 4g.20gb (0),1,,13,"void convert_kernel<__half2, float2>(tensor_layout_any, T1 *, tensor_layout_any, const T2 *)"
5693883295,5600,396429,,,,,,,,,,0.094,16731.388,Pinned,Device,NVIDIA A100-SXM4-40GB MIG 4g.20gb (0),1,,13,[CUDA memcpy Host-to-Device]
5693901247,3200,396430,,,,,,,,,,1.547,483320.000,Device,,NVIDIA A100-SXM4-40GB MIG 4g.20gb (0),1,,13,[CUDA memset]
5693906719,3296,396435,,,,,,,,,,0.031,9495.144,Pinned,Device,NVIDIA A100-SXM4-40GB MIG 4g.20gb (0),1,,13,[CUDA memcpy Host-to-Device]
5693913791,9920,396436,,,,,,,,,,0.197,19819.266,Pinned,Device,NVIDIA A100-SXM4-40GB MIG 4g.20gb (0),1,,13,[CUDA memcpy Host-to-Device]
5693930655,7968,396437,273,1,1,8,4,1,39,0.002,0.000,,,,,NVIDIA A100-SXM4-40GB MIG 4g.20gb (0),1,,13,"void channel_eq::eqMmseCoefCompLowMimoKernel<float, float, float, (unsigned int)4, (unsigned int)1, (unsigned int)4>(const channel_eq::_puschRxChEqStatDescr *, channel_eq::_puschRxChEqCoefCompDynDescr)"
5693939614,6272,396438,273,1,1,12,11,1,51,0.002,0.000,,,,,NVIDIA A100-SXM4-40GB MIG 4g.20gb (0),1,,13,"void channel_eq::eqMmseSoftDemapKernel<float, __half, __half, float, (unsigned int)4, (unsigned short)16383>(channel_eq::_puschRxChEqStatDescr *, channel_eq::_puschRxChEqSoftDemapDynDescr)"
5693948446,293885,396439,1,1,1,32,32,1,30,0.000,0.000,,,,,NVIDIA A100-SXM4-40GB MIG 4g.20gb (0),1,,13,"void convert_kernel<float2, __half2>(tensor_layout_any, T1 *, tensor_layout_any, const T2 *)"
5694244603,10976,396451,2253,1,1,128,1,1,16,0.000,0.000,,,,,NVIDIA A100-SXM4-40GB MIG 4g.20gb (0),1,,13,cupy_copy__float16_float16
5694262331,2911,396460,282,1,1,128,1,1,16,0.000,0.000,,,,,NVIDIA A100-SXM4-40GB MIG 4g.20gb (0),1,,13,cupy_copy__complex64_complex64
5694267002,2016,396469,26,1,1,128,1,1,16,0.000,0.000,,,,,NVIDIA A100-SXM4-40GB MIG 4g.20gb (0),1,,13,cupy_copy__float32_float32
5694270298,3264,396478,103,1,1,128,1,1,16,0.000,0.000,,,,,NVIDIA A100-SXM4-40GB MIG 4g.20gb (0),1,,13,cupy_copy__complex64_complex64
5694276442,12096,396488,1434,1,1,128,1,1,16,0.000,0.000,,,,,NVIDIA A100-SXM4-40GB MIG 4g.20gb (0),1,,13,cupy_copy__complex64_complex64
5694289786,81599,396493,1,1,1,32,32,1,30,0.000,0.000,,,,,NVIDIA A100-SXM4-40GB MIG 4g.20gb (0),1,,13,"void convert_kernel<__half2, float2>(tensor_layout_any, T1 *, tensor_layout_any, const T2 *)"
5694398553,5664,396496,,,,,,,,,,0.094,16542.310,Pinned,Device,NVIDIA A100-SXM4-40GB MIG 4g.20gb (0),1,,13,[CUDA memcpy Host-to-Device]
5694408313,598232,396497,,,,,,,,,,456.561,762914.166,Device,,NVIDIA A100-SXM4-40GB MIG 4g.20gb (0),1,,13,[CUDA memset]
5695012113,142111,396502,,,,,,,,,,1.235,8689.066,Pinned,Device,NVIDIA A100-SXM4-40GB MIG 4g.20gb (0),1,,13,[CUDA memcpy Host-to-Device]
5695168143,42880,396503,,,,,,,,,,0.197,4584.899,Pinned,Device,NVIDIA A100-SXM4-40GB MIG 4g.20gb (0),1,,13,[CUDA memcpy Host-to-Device]
5695239822,8224,396504,69,4,1,48,1,1,76,0.002,0.000,,,,,NVIDIA A100-SXM4-40GB MIG 4g.20gb (0),1,,13,"void ch_est::windowedChEstPreNoDftSOfdmKernel<float, __half, float, (unsigned int)2, (unsigned int)1, (unsigned short)4>(ch_est::puschRxChEstStatDescr_t *, ch_est::puschRxChEstDynDescr_t *)"
5695259246,6688,396505,137,2,1,24,2,1,44,0.001,0.001,,,,,NVIDIA A100-SXM4-40GB MIG 4g.20gb (0),1,,13,"void ch_est::chEstFilterNoDftSOfdmDispatchKernel<float, __half, float, (unsigned int)2>(ch_est::puschRxChEstStatDescr_t *, ch_est::puschRxChEstDynDescr_t *)"
5695277038,4800,396506,137,2,1,24,2,1,44,0.001,0.001,,,,,NVIDIA A100-SXM4-40GB MIG 4g.20gb (0),1,,13,"void ch_est::chEstFilterNoDftSOfdmDispatchKernel<float, __half, float, (unsigned int)2>(ch_est::puschRxChEstStatDescr_t *, ch_est::puschRxChEstDynDescr_t *)"
5695294286,2720,396517,103,1,1,128,1,1,16,0.000,0.000,,,,,NVIDIA A100-SXM4-40GB MIG 4g.20gb (0),1,,13,cupy_copy__complex64_complex64
5695310734,12639,396527,1434,1,1,128,1,1,16,0.000,0.000,,,,,NVIDIA A100-SXM4-40GB MIG 4g.20gb (0),1,,13,cupy_copy__complex64_complex64
5695329933,2912,396534,103,1,1,128,1,1,16,0.000,0.000,,,,,NVIDIA A100-SXM4-40GB MIG 4g.20gb (0),1,,13,cupy_copy__complex64_complex64
5695349645,94239,396541,1,1,1,32,32,1,30,0.000,0.000,,,,,NVIDIA A100-SXM4-40GB MIG 4g.20gb (0),1,,13,"void convert_kernel<__half2, float2>(tensor_layout_any, T1 *, tensor_layout_any, const T2 *)"
5695475884,16159,396544,,,,,,,,,,0.094,5798.377,Pinned,Device,NVIDIA A100-SXM4-40GB MIG 4g.20gb (0),1,,13,[CUDA memcpy Host-to-Device]
5695501259,46784,396545,,,,,,,,,,35.810,765401.230,Device,,NVIDIA A100-SXM4-40GB MIG 4g.20gb (0),1,,13,[CUDA memset]
5695551243,4416,396547,,,,,,,,,,0.000,18.116,Pinned,Device,NVIDIA A100-SXM4-40GB MIG 4g.20gb (0),1,,13,[CUDA memcpy Host-to-Device]
5695560523,12671,396548,,,,,,,,,,0.197,15516.303,Pinned,Device,NVIDIA A100-SXM4-40GB MIG 4g.20gb (0),1,,13,[CUDA memcpy Host-to-Device]
5695578474,13312,396549,273,1,1,48,1,1,40,0.000,0.001,,,,,NVIDIA A100-SXM4-40GB MIG 4g.20gb (0),1,,13,"void pusch_noise_intf_est::noiseIntfEstNoDftSOfdmKernel<float, __half, float, float, (unsigned int)2, (unsigned int)1, (unsigned char)4, (unsigned char)4>(pusch_noise_intf_est::puschRxNoiseIntfEstDynDescr)"
5695593098,2560,396560,35,1,1,128,1,1,16,0.000,0.000,,,,,NVIDIA A100-SXM4-40GB MIG 4g.20gb (0),1,,13,cupy_copy__complex64_complex64
5695599818,1824,396569,1,1,1,1,1,1,18,0.000,0.000,,,,,NVIDIA A100-SXM4-40GB MIG 4g.20gb (0),1,,13,cupy_copy__float32_float32
5695625674,2080,396575,,,,,,,,,,0.000,1.923,Device,Pageable,NVIDIA A100-SXM4-40GB MIG 4g.20gb (0),1,,7,[CUDA memcpy Device-to-Host]
5695686537,13280,396586,1434,1,1,128,1,1,16,0.000,0.000,,,,,NVIDIA A100-SXM4-40GB MIG 4g.20gb (0),1,,13,cupy_copy__complex64_complex64
5695715241,3232,396593,103,1,1,128,1,1,16,0.000,0.000,,,,,NVIDIA A100-SXM4-40GB MIG 4g.20gb (0),1,,13,cupy_copy__complex64_complex64
5695736840,2592,396600,35,1,1,128,1,1,16,0.000,0.000,,,,,NVIDIA A100-SXM4-40GB MIG 4g.20gb (0),1,,13,cupy_copy__complex64_complex64
5695753288,1824,396607,1,1,1,1,1,1,18,0.000,0.000,,,,,NVIDIA A100-SXM4-40GB MIG 4g.20gb (0),1,,13,cupy_copy__float32_float32
5695883143,82335,396618,1,1,1,32,32,1,30,0.000,0.000,,,,,NVIDIA A100-SXM4-40GB MIG 4g.20gb (0),1,,13,"void convert_kernel<__half2, float2>(tensor_layout_any, T1 *, tensor_layout_any, const T2 *)"
5695992997,5568,396621,,,,,,,,,,0.094,16827.521,Pinned,Device,NVIDIA A100-SXM4-40GB MIG 4g.20gb (0),1,,13,[CUDA memcpy Host-to-Device]
5696009509,3488,396622,,,,,,,,,,1.547,443412.461,Device,,NVIDIA A100-SXM4-40GB MIG 4g.20gb (0),1,,13,[CUDA memset]
5696014949,3264,396627,,,,,,,,,,0.031,9588.218,Pinned,Device,NVIDIA A100-SXM4-40GB MIG 4g.20gb (0),1,,13,[CUDA memcpy Host-to-Device]
5696020485,9568,396628,,,,,,,,,,0.197,20548.485,Pinned,Device,NVIDIA A100-SXM4-40GB MIG 4g.20gb (0),1,,13,[CUDA memcpy Host-to-Device]
5696036805,6176,396629,273,1,1,8,4,1,39,0.002,0.000,,,,,NVIDIA A100-SXM4-40GB MIG 4g.20gb (0),1,,13,"void channel_eq::eqMmseCoefCompLowMimoKernel<float, float, float, (unsigned int)4, (unsigned int)1, (unsigned int)4>(const channel_eq::_puschRxChEqStatDescr *, channel_eq::_puschRxChEqCoefCompDynDescr)"
5696046373,5791,396630,273,1,1,12,11,1,51,0.002,0.000,,,,,NVIDIA A100-SXM4-40GB MIG 4g.20gb (0),1,,13,"void channel_eq::eqMmseSoftDemapKernel<float, __half, __half, float, (unsigned int)4, (unsigned short)16383>(channel_eq::_puschRxChEqStatDescr *, channel_eq::_puschRxChEqSoftDemapDynDescr)"
5696053924,282333,396631,1,1,1,32,32,1,30,0.000,0.000,,,,,NVIDIA A100-SXM4-40GB MIG 4g.20gb (0),1,,13,"void convert_kernel<float2, __half2>(tensor_layout_any, T1 *, tensor_layout_any, const T2 *)"
5696337793,11104,396643,2253,1,1,128,1,1,16,0.000,0.000,,,,,NVIDIA A100-SXM4-40GB MIG 4g.20gb (0),1,,13,cupy_copy__float16_float16
5696351649,2880,396652,282,1,1,128,1,1,16,0.000,0.000,,,,,NVIDIA A100-SXM4-40GB MIG 4g.20gb (0),1,,13,cupy_copy__complex64_complex64
5696355521,2112,396661,26,1,1,128,1,1,16,0.000,0.000,,,,,NVIDIA A100-SXM4-40GB MIG 4g.20gb (0),1,,13,cupy_copy__float32_float32
5696359329,3008,396670,103,1,1,128,1,1,16,0.000,0.000,,,,,NVIDIA A100-SXM4-40GB MIG 4g.20gb (0),1,,13,cupy_copy__complex64_complex64
5696363425,12383,396680,1434,1,1,128,1,1,16,0.000,0.000,,,,,NVIDIA A100-SXM4-40GB MIG 4g.20gb (0),1,,13,cupy_copy__complex64_complex64
5696382400,81951,396685,1,1,1,32,32,1,30,0.000,0.000,,,,,NVIDIA A100-SXM4-40GB MIG 4g.20gb (0),1,,13,"void convert_kernel<__half2, float2>(tensor_layout_any, T1 *, tensor_layout_any, const T2 *)"
5696491871,5984,396688,,,,,,,,,,0.094,15657.726,Pinned,Device,NVIDIA A100-SXM4-40GB MIG 4g.20gb (0),1,,13,[CUDA memcpy Host-to-Device]
5696502911,600249,396689,,,,,,,,,,456.561,760174.798,Device,,NVIDIA A100-SXM4-40GB MIG 4g.20gb (0),1,,13,[CUDA memset]
5697108471,159678,396694,,,,,,,,,,1.235,7733.219,Pinned,Device,NVIDIA A100-SXM4-40GB MIG 4g.20gb (0),1,,13,[CUDA memcpy Host-to-Device]
5697280981,41056,396695,,,,,,,,,,0.197,4788.584,Pinned,Device,NVIDIA A100-SXM4-40GB MIG 4g.20gb (0),1,,13,[CUDA memcpy Host-to-Device]
5697350868,8416,396696,69,4,1,48,1,1,76,0.002,0.000,,,,,NVIDIA A100-SXM4-40GB MIG 4g.20gb (0),1,,13,"void ch_est::windowedChEstPreNoDftSOfdmKernel<float, __half, float, (unsigned int)2, (unsigned int)1, (unsigned short)4>(ch_est::puschRxChEstStatDescr_t *, ch_est::puschRxChEstDynDescr_t *)"
5697370260,6496,396697,137,2,1,24,2,1,44,0.001,0.001,,,,,NVIDIA A100-SXM4-40GB MIG 4g.20gb (0),1,,13,"void ch_est::chEstFilterNoDftSOfdmDispatchKernel<float, __half, float, (unsigned int)2>(ch_est::puschRxChEstStatDescr_t *, ch_est::puschRxChEstDynDescr_t *)"
5697386964,4736,396698,137,2,1,24,2,1,44,0.001,0.001,,,,,NVIDIA A100-SXM4-40GB MIG 4g.20gb (0),1,,13,"void ch_est::chEstFilterNoDftSOfdmDispatchKernel<float, __half, float, (unsigned int)2>(ch_est::puschRxChEstStatDescr_t *, ch_est::puschRxChEstDynDescr_t *)"
5697406100,2592,396709,103,1,1,128,1,1,16,0.000,0.000,,,,,NVIDIA A100-SXM4-40GB MIG 4g.20gb (0),1,,13,cupy_copy__complex64_complex64
5697422964,12383,396719,1434,1,1,128,1,1,16,0.000,0.000,,,,,NVIDIA A100-SXM4-40GB MIG 4g.20gb (0),1,,13,cupy_copy__complex64_complex64
5697442515,2912,396726,103,1,1,128,1,1,16,0.000,0.000,,,,,NVIDIA A100-SXM4-40GB MIG 4g.20gb (0),1,,13,cupy_copy__complex64_complex64
5697462227,87583,396733,1,1,1,32,32,1,30,0.000,0.000,,,,,NVIDIA A100-SXM4-40GB MIG 4g.20gb (0),1,,13,"void convert_kernel<__half2, float2>(tensor_layout_any, T1 *, tensor_layout_any, const T2 *)"
5697581650,25791,396736,,,,,,,,,,0.094,3632.875,Pinned,Device,NVIDIA A100-SXM4-40GB MIG 4g.20gb (0),1,,13,[CUDA memcpy Host-to-Device]
5697621681,46848,396737,,,,,,,,,,35.810,764362.742,Device,,NVIDIA A100-SXM4-40GB MIG 4g.20gb (0),1,,13,[CUDA memset]
5697676208,10880,396739,,,,,,,,,,0.000,7.353,Pinned,Device,NVIDIA A100-SXM4-40GB MIG 4g.20gb (0),1,,13,[CUDA memcpy Host-to-Device]
5697696592,33376,396740,,,,,,,,,,0.197,5890.572,Pinned,Device,NVIDIA A100-SXM4-40GB MIG 4g.20gb (0),1,,13,[CUDA memcpy Host-to-Device]
5697752528,10015,396741,273,1,1,48,1,1,40,0.000,0.001,,,,,NVIDIA A100-SXM4-40GB MIG 4g.20gb (0),1,,13,"void pusch_noise_intf_est::noiseIntfEstNoDftSOfdmKernel<float, __half, float, float, (unsigned int)2, (unsigned int)1, (unsigned char)4, (unsigned char)4>(pusch_noise_intf_est::puschRxNoiseIntfEstDynDescr)"
5697768879,2848,396752,35,1,1,128,1,1,16,0.000,0.000,,,,,NVIDIA A100-SXM4-40GB MIG 4g.20gb (0),1,,13,cupy_copy__complex64_complex64
5697785647,1728,396761,1,1,1,1,1,1,18,0.000,0.000,,,,,NVIDIA A100-SXM4-40GB MIG 4g.20gb (0),1,,13,cupy_copy__float32_float32
5697789167,7776,396767,,,,,,,,,,0.000,0.514,Device,Pageable,NVIDIA A100-SXM4-40GB MIG 4g.20gb (0),1,,7,[CUDA memcpy Device-to-Host]
5697879182,12832,396778,1434,1,1,128,1,1,16,0.000,0.000,,,,,NVIDIA A100-SXM4-40GB MIG 4g.20gb (0),1,,13,cupy_copy__complex64_complex64
5697901966,3328,396785,103,1,1,128,1,1,16,0.000,0.000,,,,,NVIDIA A100-SXM4-40GB MIG 4g.20gb (0),1,,13,cupy_copy__complex64_complex64
5697922381,2528,396792,35,1,1,128,1,1,16,0.000,0.000,,,,,NVIDIA A100-SXM4-40GB MIG 4g.20gb (0),1,,13,cupy_copy__complex64_complex64
5697939821,1760,396799,1,1,1,1,1,1,18,0.000,0.000,,,,,NVIDIA A100-SXM4-40GB MIG 4g.20gb (0),1,,13,cupy_copy__float32_float32
5698066668,88703,396810,1,1,1,32,32,1,30,0.000,0.000,,,,,NVIDIA A100-SXM4-40GB MIG 4g.20gb (0),1,,13,"void convert_kernel<__half2, float2>(tensor_layout_any, T1 *, tensor_layout_any, const T2 *)"
5698182730,5408,396813,,,,,,,,,,0.094,17325.421,Pinned,Device,NVIDIA A100-SXM4-40GB MIG 4g.20gb (0),1,,13,[CUDA memcpy Host-to-Device]
5698197162,3232,396814,,,,,,,,,,1.547,478533.199,Device,,NVIDIA A100-SXM4-40GB MIG 4g.20gb (0),1,,13,[CUDA memset]
5698203914,2976,396819,,,,,,,,,,0.031,10516.113,Pinned,Device,NVIDIA A100-SXM4-40GB MIG 4g.20gb (0),1,,13,[CUDA memcpy Host-to-Device]
5698209578,10112,396820,,,,,,,,,,0.197,19442.958,Pinned,Device,NVIDIA A100-SXM4-40GB MIG 4g.20gb (0),1,,13,[CUDA memcpy Host-to-Device]
5698223882,6272,396821,273,1,1,8,4,1,39,0.002,0.000,,,,,NVIDIA A100-SXM4-40GB MIG 4g.20gb (0),1,,13,"void channel_eq::eqMmseCoefCompLowMimoKernel<float, float, float, (unsigned int)4, (unsigned int)1, (unsigned int)4>(const channel_eq::_puschRxChEqStatDescr *, channel_eq::_puschRxChEqCoefCompDynDescr)"
5698231306,6176,396822,273,1,1,12,11,1,51,0.002,0.000,,,,,NVIDIA A100-SXM4-40GB MIG 4g.20gb (0),1,,13,"void channel_eq::eqMmseSoftDemapKernel<float, __half, __half, float, (unsigned int)4, (unsigned short)16383>(channel_eq::_puschRxChEqStatDescr *, channel_eq::_puschRxChEqSoftDemapDynDescr)"
5698238538,295004,396823,1,1,1,32,32,1,30,0.000,0.000,,,,,NVIDIA A100-SXM4-40GB MIG 4g.20gb (0),1,,13,"void convert_kernel<float2, __half2>(tensor_layout_any, T1 *, tensor_layout_any, const T2 *)"
5698534566,11232,396835,2253,1,1,128,1,1,16,0.000,0.000,,,,,NVIDIA A100-SXM4-40GB MIG 4g.20gb (0),1,,13,cupy_copy__float16_float16
5698547750,3392,396844,282,1,1,128,1,1,16,0.000,0.000,,,,,NVIDIA A100-SXM4-40GB MIG 4g.20gb (0),1,,13,cupy_copy__complex64_complex64
5698554086,2496,396853,26,1,1,128,1,1,16,0.000,0.000,,,,,NVIDIA A100-SXM4-40GB MIG 4g.20gb (0),1,,13,cupy_copy__float32_float32
5698559942,3264,396862,103,1,1,128,1,1,16,0.000,0.000,,,,,NVIDIA A100-SXM4-40GB MIG 4g.20gb (0),1,,13,cupy_copy__complex64_complex64
5698564230,11999,396872,1434,1,1,128,1,1,16,0.000,0.000,,,,,NVIDIA A100-SXM4-40GB MIG 4g.20gb (0),1,,13,cupy_copy__complex64_complex64
5698579845,82143,396877,1,1,1,32,32,1,30,0.000,0.000,,,,,NVIDIA A100-SXM4-40GB MIG 4g.20gb (0),1,,13,"void convert_kernel<__half2, float2>(tensor_layout_any, T1 *, tensor_layout_any, const T2 *)"
5698688964,5344,396880,,,,,,,,,,0.094,17532.864,Pinned,Device,NVIDIA A100-SXM4-40GB MIG 4g.20gb (0),1,,13,[CUDA memcpy Host-to-Device]
5698699428,597816,396881,,,,,,,,,,456.561,763370.728,Device,,NVIDIA A100-SXM4-40GB MIG 4g.20gb (0),1,,13,[CUDA memset]
5699299260,90463,396886,,,,,,,,,,1.235,13651.071,Pinned,Device,NVIDIA A100-SXM4-40GB MIG 4g.20gb (0),1,,13,[CUDA memcpy Host-to-Device]
5699394107,11520,396887,,,,,,,,,,0.197,17066.557,Pinned,Device,NVIDIA A100-SXM4-40GB MIG 4g.20gb (0),1,,13,[CUDA memcpy Host-to-Device]
5699410811,7648,396888,69,4,1,48,1,1,76,0.002,0.000,,,,,NVIDIA A100-SXM4-40GB MIG 4g.20gb (0),1,,13,"void ch_est::windowedChEstPreNoDftSOfdmKernel<float, __half, float, (unsigned int)2, (unsigned int)1, (unsigned short)4>(ch_est::puschRxChEstStatDescr_t *, ch_est::puschRxChEstDynDescr_t *)"
5699423227,7584,396889,137,2,1,24,2,1,44,0.001,0.001,,,,,NVIDIA A100-SXM4-40GB MIG 4g.20gb (0),1,,13,"void ch_est::chEstFilterNoDftSOfdmDispatchKernel<float, __half, float, (unsigned int)2>(ch_est::puschRxChEstStatDescr_t *, ch_est::puschRxChEstDynDescr_t *)"
5699433499,5024,396890,137,2,1,24,2,1,44,0.001,0.001,,,,,NVIDIA A100-SXM4-40GB MIG 4g.20gb (0),1,,13,"void ch_est::chEstFilterNoDftSOfdmDispatchKernel<float, __half, float, (unsigned int)2>(ch_est::puschRxChEstStatDescr_t *, ch_est::puschRxChEstDynDescr_t *)"
5699440667,2528,396901,103,1,1,128,1,1,16,0.000,0.000,,,,,NVIDIA A100-SXM4-40GB MIG 4g.20gb (0),1,,13,cupy_copy__complex64_complex64
5699445851,12415,396911,1434,1,1,128,1,1,16,0.000,0.000,,,,,NVIDIA A100-SXM4-40GB MIG 4g.20gb (0),1,,13,cupy_copy__complex64_complex64
5699459898,2592,396918,103,1,1,128,1,1,16,0.000,0.000,,,,,NVIDIA A100-SXM4-40GB MIG 4g.20gb (0),1,,13,cupy_copy__complex64_complex64
5699463802,86079,396925,1,1,1,32,32,1,30,0.000,0.000,,,,,NVIDIA A100-SXM4-40GB MIG 4g.20gb (0),1,,13,"void convert_kernel<__half2, float2>(tensor_layout_any, T1 *, tensor_layout_any, const T2 *)"
5699577721,5696,396928,,,,,,,,,,0.094,16449.363,Pinned,Device,NVIDIA A100-SXM4-40GB MIG 4g.20gb (0),1,,13,[CUDA memcpy Host-to-Device]
5699590329,47327,396929,,,,,,,,,,35.810,756627.800,Device,,NVIDIA A100-SXM4-40GB MIG 4g.20gb (0),1,,13,[CUDA memset]
5699644312,4704,396931,,,,,,,,,,0.000,17.007,Pinned,Device,NVIDIA A100-SXM4-40GB MIG 4g.20gb (0),1,,13,[CUDA memcpy Host-to-Device]
5699653496,14336,396932,,,,,,,,,,0.197,13714.194,Pinned,Device,NVIDIA A100-SXM4-40GB MIG 4g.20gb (0),1,,13,[CUDA memcpy Host-to-Device]
5699675416,10784,396933,273,1,1,48,1,1,40,0.000,0.001,,,,,NVIDIA A100-SXM4-40GB MIG 4g.20gb (0),1,,13,"void pusch_noise_intf_est::noiseIntfEstNoDftSOfdmKernel<float, __half, float, float, (unsigned int)2, (unsigned int)1, (unsigned char)4, (unsigned char)4>(pusch_noise_intf_est::puschRxNoiseIntfEstDynDescr)"
5699692600,2848,396944,35,1,1,128,1,1,16,0.000,0.000,,,,,NVIDIA A100-SXM4-40GB MIG 4g.20gb (0),1,,13,cupy_copy__complex64_complex64
5699701815,1984,396953,1,1,1,1,1,1,18,0.000,0.000,,,,,NVIDIA A100-SXM4-40GB MIG 4g.20gb (0),1,,13,cupy_copy__float32_float32
5699729655,1984,396959,,,,,,,,,,0.000,2.016,Device,Pageable,NVIDIA A100-SXM4-40GB MIG 4g.20gb (0),1,,7,[CUDA memcpy Device-to-Host]
5699789302,13152,396970,1434,1,1,128,1,1,16,0.000,0.000,,,,,NVIDIA A100-SXM4-40GB MIG 4g.20gb (0),1,,13,cupy_copy__complex64_complex64
5699817142,3488,396977,103,1,1,128,1,1,16,0.000,0.000,,,,,NVIDIA A100-SXM4-40GB MIG 4g.20gb (0),1,,13,cupy_copy__complex64_complex64
5699837814,2208,396984,35,1,1,128,1,1,16,0.000,0.000,,,,,NVIDIA A100-SXM4-40GB MIG 4g.20gb (0),1,,13,cupy_copy__complex64_complex64
5699860118,1728,396991,1,1,1,1,1,1,18,0.000,0.000,,,,,NVIDIA A100-SXM4-40GB MIG 4g.20gb (0),1,,13,cupy_copy__float32_float32
5699992372,82527,397002,1,1,1,32,32,1,30,0.000,0.000,,,,,NVIDIA A100-SXM4-40GB MIG 4g.20gb (0),1,,13,"void convert_kernel<__half2, float2>(tensor_layout_any, T1 *, tensor_layout_any, const T2 *)"
5700102547,5759,397005,,,,,,,,,,0.094,16269.467,Pinned,Device,NVIDIA A100-SXM4-40GB MIG 4g.20gb (0),1,,13,[CUDA memcpy Host-to-Device]
5700116498,3328,397006,,,,,,,,,,1.547,464729.580,Device,,NVIDIA A100-SXM4-40GB MIG 4g.20gb (0),1,,13,[CUDA memset]
5700123250,3104,397011,,,,,,,,,,0.031,10082.445,Pinned,Device,NVIDIA A100-SXM4-40GB MIG 4g.20gb (0),1,,13,[CUDA memcpy Host-to-Device]
5700128786,10624,397012,,,,,,,,,,0.197,18505.925,Pinned,Device,NVIDIA A100-SXM4-40GB MIG 4g.20gb (0),1,,13,[CUDA memcpy Host-to-Device]
5700143218,6208,397013,273,1,1,8,4,1,39,0.002,0.000,,,,,NVIDIA A100-SXM4-40GB MIG 4g.20gb (0),1,,13,"void channel_eq::eqMmseCoefCompLowMimoKernel<float, float, float, (unsigned int)4, (unsigned int)1, (unsigned int)4>(const channel_eq::_puschRxChEqStatDescr *, channel_eq::_puschRxChEqCoefCompDynDescr)"
5700152306,5568,397014,273,1,1,12,11,1,51,0.002,0.000,,,,,NVIDIA A100-SXM4-40GB MIG 4g.20gb (0),1,,13,"void channel_eq::eqMmseSoftDemapKernel<float, __half, __half, float, (unsigned int)4, (unsigned short)16383>(channel_eq::_puschRxChEqStatDescr *, channel_eq::_puschRxChEqSoftDemapDynDescr)"
5700159762,289916,397015,1,1,1,32,32,1,30,0.000,0.000,,,,,NVIDIA A100-SXM4-40GB MIG 4g.20gb (0),1,,13,"void convert_kernel<float2, __half2>(tensor_layout_any, T1 *, tensor_layout_any, const T2 *)"
5700450830,10880,397027,2253,1,1,128,1,1,16,0.000,0.000,,,,,NVIDIA A100-SXM4-40GB MIG 4g.20gb (0),1,,13,cupy_copy__float16_float16
5700463854,2976,397036,282,1,1,128,1,1,16,0.000,0.000,,,,,NVIDIA A100-SXM4-40GB MIG 4g.20gb (0),1,,13,cupy_copy__complex64_complex64
5700468174,2304,397045,26,1,1,128,1,1,16,0.000,0.000,,,,,NVIDIA A100-SXM4-40GB MIG 4g.20gb (0),1,,13,cupy_copy__float32_float32
5700472910,3200,397054,103,1,1,128,1,1,16,0.000,0.000,,,,,NVIDIA A100-SXM4-40GB MIG 4g.20gb (0),1,,13,cupy_copy__complex64_complex64
5700478542,12224,397064,1434,1,1,128,1,1,16,0.000,0.000,,,,,NVIDIA A100-SXM4-40GB MIG 4g.20gb (0),1,,13,cupy_copy__complex64_complex64
5700492750,82079,397069,1,1,1,32,32,1,30,0.000,0.000,,,,,NVIDIA A100-SXM4-40GB MIG 4g.20gb (0),1,,13,"void convert_kernel<__half2, float2>(tensor_layout_any, T1 *, tensor_layout_any, const T2 *)"
5700602060,5408,397072,,,,,,,,,,0.094,17325.421,Pinned,Device,NVIDIA A100-SXM4-40GB MIG 4g.20gb (0),1,,13,[CUDA memcpy Host-to-Device]
5700612524,596633,397073,,,,,,,,,,456.561,765196.973,Device,,NVIDIA A100-SXM4-40GB MIG 4g.20gb (0),1,,13,[CUDA memset]
5701213605,158750,397078,,,,,,,,,,1.235,7778.912,Pinned,Device,NVIDIA A100-SXM4-40GB MIG 4g.20gb (0),1,,13,[CUDA memcpy Host-to-Device]
5701386723,41023,397079,,,,,,,,,,0.197,4792.517,Pinned,Device,NVIDIA A100-SXM4-40GB MIG 4g.20gb (0),1,,13,[CUDA memcpy Host-to-Device]
5701445026,8192,397080,69,4,1,48,1,1,76,0.002,0.000,,,,,NVIDIA A100-SXM4-40GB MIG 4g.20gb (0),1,,13,"void ch_est::windowedChEstPreNoDftSOfdmKernel<float, __half, float, (unsigned int)2, (unsigned int)1, (unsigned short)4>(ch_est::puschRxChEstStatDescr_t *, ch_est::puschRxChEstDynDescr_t *)"
5701463170,6528,397081,137,2,1,24,2,1,44,0.001,0.001,,,,,NVIDIA A100-SXM4-40GB MIG 4g.20gb (0),1,,13,"void ch_est::chEstFilterNoDftSOfdmDispatchKernel<float, __half, float, (unsigned int)2>(ch_est::puschRxChEstStatDescr_t *, ch_est::puschRxChEstDynDescr_t *)"
5701480098,5152,397082,137,2,1,24,2,1,44,0.001,0.001,,,,,NVIDIA A100-SXM4-40GB MIG 4g.20gb (0),1,,13,"void ch_est::chEstFilterNoDftSOfdmDispatchKernel<float, __half, float, (unsigned int)2>(ch_est::puschRxChEstStatDescr_t *, ch_est::puschRxChEstDynDescr_t *)"
5701495393,2656,397093,103,1,1,128,1,1,16,0.000,0.000,,,,,NVIDIA A100-SXM4-40GB MIG 4g.20gb (0),1,,13,cupy_copy__complex64_complex64
5701509505,12544,397103,1434,1,1,128,1,1,16,0.000,0.000,,,,,NVIDIA A100-SXM4-40GB MIG 4g.20gb (0),1,,13,cupy_copy__complex64_complex64
5701538465,2528,397110,103,1,1,128,1,1,16,0.000,0.000,,,,,NVIDIA A100-SXM4-40GB MIG 4g.20gb (0),1,,13,cupy_copy__complex64_complex64
5701551265,87903,397117,1,1,1,32,32,1,30,0.000,0.000,,,,,NVIDIA A100-SXM4-40GB MIG 4g.20gb (0),1,,13,"void convert_kernel<__half2, float2>(tensor_layout_any, T1 *, tensor_layout_any, const T2 *)"
5701666655,5952,397120,,,,,,,,,,0.094,15741.865,Pinned,Device,NVIDIA A100-SXM4-40GB MIG 4g.20gb (0),1,,13,[CUDA memcpy Host-to-Device]
5701679071,46176,397121,,,,,,,,,,35.810,775499.628,Device,,NVIDIA A100-SXM4-40GB MIG 4g.20gb (0),1,,13,[CUDA memset]
5701732830,4544,397123,,,,,,,,,,0.000,17.606,Pinned,Device,NVIDIA A100-SXM4-40GB MIG 4g.20gb (0),1,,13,[CUDA memcpy Host-to-Device]
5701741342,10816,397124,,,,,,,,,,0.197,18177.393,Pinned,Device,NVIDIA A100-SXM4-40GB MIG 4g.20gb (0),1,,13,[CUDA memcpy Host-to-Device]
5701758878,10208,397125,273,1,1,48,1,1,40,0.000,0.001,,,,,NVIDIA A100-SXM4-40GB MIG 4g.20gb (0),1,,13,"void pusch_noise_intf_est::noiseIntfEstNoDftSOfdmKernel<float, __half, float, float, (unsigned int)2, (unsigned int)1, (unsigned char)4, (unsigned char)4>(pusch_noise_intf_est::puschRxNoiseIntfEstDynDescr)"
5701773566,3072,397136,35,1,1,128,1,1,16,0.000,0.000,,,,,NVIDIA A100-SXM4-40GB MIG 4g.20gb (0),1,,13,cupy_copy__complex64_complex64
5701784478,1920,397145,1,1,1,1,1,1,18,0.000,0.000,,,,,NVIDIA A100-SXM4-40GB MIG 4g.20gb (0),1,,13,cupy_copy__float32_float32
5701816957,1920,397151,,,,,,,,,,0.000,2.083,Device,Pageable,NVIDIA A100-SXM4-40GB MIG 4g.20gb (0),1,,7,[CUDA memcpy Device-to-Host]
5701877277,13024,397162,1434,1,1,128,1,1,16,0.000,0.000,,,,,NVIDIA A100-SXM4-40GB MIG 4g.20gb (0),1,,13,cupy_copy__complex64_complex64
5701905020,2912,397169,103,1,1,128,1,1,16,0.000,0.000,,,,,NVIDIA A100-SXM4-40GB MIG 4g.20gb (0),1,,13,cupy_copy__complex64_complex64
5701928508,2272,397176,35,1,1,128,1,1,16,0.000,0.000,,,,,NVIDIA A100-SXM4-40GB MIG 4g.20gb (0),1,,13,cupy_copy__complex64_complex64
5701947164,1824,397183,1,1,1,1,1,1,18,0.000,0.000,,,,,NVIDIA A100-SXM4-40GB MIG 4g.20gb (0),1,,13,cupy_copy__float32_float32
5702077466,82879,397194,1,1,1,32,32,1,30,0.000,0.000,,,,,NVIDIA A100-SXM4-40GB MIG 4g.20gb (0),1,,13,"void convert_kernel<__half2, float2>(tensor_layout_any, T1 *, tensor_layout_any, const T2 *)"
5702187897,5536,397197,,,,,,,,,,0.094,16924.777,Pinned,Device,NVIDIA A100-SXM4-40GB MIG 4g.20gb (0),1,,13,[CUDA memcpy Host-to-Device]
5702202233,3424,397198,,,,,,,,,,1.547,451700.819,Device,,NVIDIA A100-SXM4-40GB MIG 4g.20gb (0),1,,13,[CUDA memset]
5702209625,3360,397203,,,,,,,,,,0.031,9314.284,Pinned,Device,NVIDIA A100-SXM4-40GB MIG 4g.20gb (0),1,,13,[CUDA memcpy Host-to-Device]
5702215641,9343,397204,,,,,,,,,,0.197,21043.347,Pinned,Device,NVIDIA A100-SXM4-40GB MIG 4g.20gb (0),1,,13,[CUDA memcpy Host-to-Device]
5702230328,6784,397205,273,1,1,8,4,1,39,0.002,0.000,,,,,NVIDIA A100-SXM4-40GB MIG 4g.20gb (0),1,,13,"void channel_eq::eqMmseCoefCompLowMimoKernel<float, float, float, (unsigned int)4, (unsigned int)1, (unsigned int)4>(const channel_eq::_puschRxChEqStatDescr *, channel_eq::_puschRxChEqCoefCompDynDescr)"
5702238104,6240,397206,273,1,1,12,11,1,51,0.002,0.000,,,,,NVIDIA A100-SXM4-40GB MIG 4g.20gb (0),1,,13,"void channel_eq::eqMmseSoftDemapKernel<float, __half, __half, float, (unsigned int)4, (unsigned short)16383>(channel_eq::_puschRxChEqStatDescr *, channel_eq::_puschRxChEqSoftDemapDynDescr)"
5702245368,282077,397207,1,1,1,32,32,1,30,0.000,0.000,,,,,NVIDIA A100-SXM4-40GB MIG 4g.20gb (0),1,,13,"void convert_kernel<float2, __half2>(tensor_layout_any, T1 *, tensor_layout_any, const T2 *)"
5702528501,10560,397219,2253,1,1,128,1,1,16,0.000,0.000,,,,,NVIDIA A100-SXM4-40GB MIG 4g.20gb (0),1,,13,cupy_copy__float16_float16
5702541813,3231,397228,282,1,1,128,1,1,16,0.000,0.000,,,,,NVIDIA A100-SXM4-40GB MIG 4g.20gb (0),1,,13,cupy_copy__complex64_complex64
5702546644,2112,397237,26,1,1,128,1,1,16,0.000,0.000,,,,,NVIDIA A100-SXM4-40GB MIG 4g.20gb (0),1,,13,cupy_copy__float32_float32
5702551188,2912,397246,103,1,1,128,1,1,16,0.000,0.000,,,,,NVIDIA A100-SXM4-40GB MIG 4g.20gb (0),1,,13,cupy_copy__complex64_complex64
5702557012,11968,397256,1434,1,1,128,1,1,16,0.000,0.000,,,,,NVIDIA A100-SXM4-40GB MIG 4g.20gb (0),1,,13,cupy_copy__complex64_complex64
5702575380,81471,397261,1,1,1,32,32,1,30,0.000,0.000,,,,,NVIDIA A100-SXM4-40GB MIG 4g.20gb (0),1,,13,"void convert_kernel<__half2, float2>(tensor_layout_any, T1 *, tensor_layout_any, const T2 *)"
5702683507,5888,397264,,,,,,,,,,0.094,15912.954,Pinned,Device,NVIDIA A100-SXM4-40GB MIG 4g.20gb (0),1,,13,[CUDA memcpy Host-to-Device]
5702693363,596792,397265,,,,,,,,,,456.561,764740.412,Device,,NVIDIA A100-SXM4-40GB MIG 4g.20gb (0),1,,13,[CUDA memset]
5703295531,162078,397270,,,,,,,,,,1.235,7618.370,Pinned,Device,NVIDIA A100-SXM4-40GB MIG 4g.20gb (0),1,,13,[CUDA memcpy Host-to-Device]
5703471305,40992,397271,,,,,,,,,,0.197,4796.252,Pinned,Device,NVIDIA A100-SXM4-40GB MIG 4g.20gb (0),1,,13,[CUDA memcpy Host-to-Device]
5703529704,8512,397272,69,4,1,48,1,1,76,0.002,0.000,,,,,NVIDIA A100-SXM4-40GB MIG 4g.20gb (0),1,,13,"void ch_est::windowedChEstPreNoDftSOfdmKernel<float, __half, float, (unsigned int)2, (unsigned int)1, (unsigned short)4>(ch_est::puschRxChEstStatDescr_t *, ch_est::puschRxChEstDynDescr_t *)"
5703547336,6912,397273,137,2,1,24,2,1,44,0.001,0.001,,,,,NVIDIA A100-SXM4-40GB MIG 4g.20gb (0),1,,13,"void ch_est::chEstFilterNoDftSOfdmDispatchKernel<float, __half, float, (unsigned int)2>(ch_est::puschRxChEstStatDescr_t *, ch_est::puschRxChEstDynDescr_t *)"
5703566664,4768,397274,137,2,1,24,2,1,44,0.001,0.001,,,,,NVIDIA A100-SXM4-40GB MIG 4g.20gb (0),1,,13,"void ch_est::chEstFilterNoDftSOfdmDispatchKernel<float, __half, float, (unsigned int)2>(ch_est::puschRxChEstStatDescr_t *, ch_est::puschRxChEstDynDescr_t *)"
5703583432,2688,397285,103,1,1,128,1,1,16,0.000,0.000,,,,,NVIDIA A100-SXM4-40GB MIG 4g.20gb (0),1,,13,cupy_copy__complex64_complex64
5703600295,12480,397295,1434,1,1,128,1,1,16,0.000,0.000,,,,,NVIDIA A100-SXM4-40GB MIG 4g.20gb (0),1,,13,cupy_copy__complex64_complex64
5703619175,2880,397302,103,1,1,128,1,1,16,0.000,0.000,,,,,NVIDIA A100-SXM4-40GB MIG 4g.20gb (0),1,,13,cupy_copy__complex64_complex64
5703643431,86079,397309,1,1,1,32,32,1,30,0.000,0.000,,,,,NVIDIA A100-SXM4-40GB MIG 4g.20gb (0),1,,13,"void convert_kernel<__half2, float2>(tensor_layout_any, T1 *, tensor_layout_any, const T2 *)"
5703760549,24032,397312,,,,,,,,,,0.094,3898.784,Pinned,Device,NVIDIA A100-SXM4-40GB MIG 4g.20gb (0),1,,13,[CUDA memcpy Host-to-Device]
5703808325,47935,397313,,,,,,,,,,35.810,747030.741,Device,,NVIDIA A100-SXM4-40GB MIG 4g.20gb (0),1,,13,[CUDA memset]
5703864484,4704,397315,,,,,,,,,,0.000,17.007,Pinned,Device,NVIDIA A100-SXM4-40GB MIG 4g.20gb (0),1,,13,[CUDA memcpy Host-to-Device]
5703878820,19168,397316,,,,,,,,,,0.197,10257.039,Pinned,Device,NVIDIA A100-SXM4-40GB MIG 4g.20gb (0),1,,13,[CUDA memcpy Host-to-Device]
5703911844,9600,397317,273,1,1,48,1,1,40,0.000,0.001,,,,,NVIDIA A100-SXM4-40GB MIG 4g.20gb (0),1,,13,"void pusch_noise_intf_est::noiseIntfEstNoDftSOfdmKernel<float, __half, float, float, (unsigned int)2, (unsigned int)1, (unsigned char)4, (unsigned char)4>(pusch_noise_intf_est::puschRxNoiseIntfEstDynDescr)"
5703927363,2752,397328,35,1,1,128,1,1,16,0.000,0.000,,,,,NVIDIA A100-SXM4-40GB MIG 4g.20gb (0),1,,13,cupy_copy__complex64_complex64
5703935427,1824,397337,1,1,1,1,1,1,18,0.000,0.000,,,,,NVIDIA A100-SXM4-40GB MIG 4g.20gb (0),1,,13,cupy_copy__float32_float32
5703944355,3296,397343,,,,,,,,,,0.000,1.214,Device,Pageable,NVIDIA A100-SXM4-40GB MIG 4g.20gb (0),1,,7,[CUDA memcpy Device-to-Host]
5704013506,12736,397354,1434,1,1,128,1,1,16,0.000,0.000,,,,,NVIDIA A100-SXM4-40GB MIG 4g.20gb (0),1,,13,cupy_copy__complex64_complex64
5704042466,3040,397361,103,1,1,128,1,1,16,0.000,0.000,,,,,NVIDIA A100-SXM4-40GB MIG 4g.20gb (0),1,,13,cupy_copy__complex64_complex64
5704061858,2720,397368,35,1,1,128,1,1,16,0.000,0.000,,,,,NVIDIA A100-SXM4-40GB MIG 4g.20gb (0),1,,13,cupy_copy__complex64_complex64
5704079938,1792,397375,1,1,1,1,1,1,18,0.000,0.000,,,,,NVIDIA A100-SXM4-40GB MIG 4g.20gb (0),1,,13,cupy_copy__float32_float32
5704212544,82655,397386,1,1,1,32,32,1,30,0.000,0.000,,,,,NVIDIA A100-SXM4-40GB MIG 4g.20gb (0),1,,13,"void convert_kernel<__half2, float2>(tensor_layout_any, T1 *, tensor_layout_any, const T2 *)"
5704322463,5727,397389,,,,,,,,,,0.094,16360.352,Pinned,Device,NVIDIA A100-SXM4-40GB MIG 4g.20gb (0),1,,13,[CUDA memcpy Host-to-Device]
5704338718,3232,397390,,,,,,,,,,1.547,478533.199,Device,,NVIDIA A100-SXM4-40GB MIG 4g.20gb (0),1,,13,[CUDA memset]
5704343838,3168,397395,,,,,,,,,,0.031,9878.770,Pinned,Device,NVIDIA A100-SXM4-40GB MIG 4g.20gb (0),1,,13,[CUDA memcpy Host-to-Device]
5704349790,9696,397396,,,,,,,,,,0.197,20277.166,Pinned,Device,NVIDIA A100-SXM4-40GB MIG 4g.20gb (0),1,,13,[CUDA memcpy Host-to-Device]
5704363390,6240,397397,273,1,1,8,4,1,39,0.002,0.000,,,,,NVIDIA A100-SXM4-40GB MIG 4g.20gb (0),1,,13,"void channel_eq::eqMmseCoefCompLowMimoKernel<float, float, float, (unsigned int)4, (unsigned int)1, (unsigned int)4>(const channel_eq::_puschRxChEqStatDescr *, channel_eq::_puschRxChEqCoefCompDynDescr)"
5704372670,6336,397398,273,1,1,12,11,1,51,0.002,0.000,,,,,NVIDIA A100-SXM4-40GB MIG 4g.20gb (0),1,,13,"void channel_eq::eqMmseSoftDemapKernel<float, __half, __half, float, (unsigned int)4, (unsigned short)16383>(channel_eq::_puschRxChEqStatDescr *, channel_eq::_puschRxChEqSoftDemapDynDescr)"
5704379934,282396,397399,1,1,1,32,32,1,30,0.000,0.000,,,,,NVIDIA A100-SXM4-40GB MIG 4g.20gb (0),1,,13,"void convert_kernel<float2, __half2>(tensor_layout_any, T1 *, tensor_layout_any, const T2 *)"
5704665690,10976,397411,2253,1,1,128,1,1,16,0.000,0.000,,,,,NVIDIA A100-SXM4-40GB MIG 4g.20gb (0),1,,13,cupy_copy__float16_float16
5704679610,3616,397420,282,1,1,128,1,1,16,0.000,0.000,,,,,NVIDIA A100-SXM4-40GB MIG 4g.20gb (0),1,,13,cupy_copy__complex64_complex64
5704684346,2432,397429,26,1,1,128,1,1,16,0.000,0.000,,,,,NVIDIA A100-SXM4-40GB MIG 4g.20gb (0),1,,13,cupy_copy__float32_float32
5704688410,3008,397438,103,1,1,128,1,1,16,0.000,0.000,,,,,NVIDIA A100-SXM4-40GB MIG 4g.20gb (0),1,,13,cupy_copy__complex64_complex64
5704692858,12704,397448,1434,1,1,128,1,1,16,0.000,0.000,,,,,NVIDIA A100-SXM4-40GB MIG 4g.20gb (0),1,,13,cupy_copy__complex64_complex64
5704711866,81695,397453,1,1,1,32,32,1,30,0.000,0.000,,,,,NVIDIA A100-SXM4-40GB MIG 4g.20gb (0),1,,13,"void convert_kernel<__half2, float2>(tensor_layout_any, T1 *, tensor_layout_any, const T2 *)"
5704823608,5792,397456,,,,,,,,,,0.094,16176.708,Pinned,Device,NVIDIA A100-SXM4-40GB MIG 4g.20gb (0),1,,13,[CUDA memcpy Host-to-Device]
5704835192,599833,397457,,,,,,,,,,456.561,761087.920,Device,,NVIDIA A100-SXM4-40GB MIG 4g.20gb (0),1,,13,[CUDA memset]
5705438033,157918,397462,,,,,,,,,,1.235,7819.665,Pinned,Device,NVIDIA A100-SXM4-40GB MIG 4g.20gb (0),1,,13,[CUDA memcpy Host-to-Device]
5705606799,39487,397463,,,,,,,,,,0.197,4978.901,Pinned,Device,NVIDIA A100-SXM4-40GB MIG 4g.20gb (0),1,,13,[CUDA memcpy Host-to-Device]
5705676814,8256,397464,69,4,1,48,1,1,76,0.002,0.000,,,,,NVIDIA A100-SXM4-40GB MIG 4g.20gb (0),1,,13,"void ch_est::windowedChEstPreNoDftSOfdmKernel<float, __half, float, (unsigned int)2, (unsigned int)1, (unsigned short)4>(ch_est::puschRxChEstStatDescr_t *, ch_est::puschRxChEstDynDescr_t *)"
5705696174,6720,397465,137,2,1,24,2,1,44,0.001,0.001,,,,,NVIDIA A100-SXM4-40GB MIG 4g.20gb (0),1,,13,"void ch_est::chEstFilterNoDftSOfdmDispatchKernel<float, __half, float, (unsigned int)2>(ch_est::puschRxChEstStatDescr_t *, ch_est::puschRxChEstDynDescr_t *)"
5705713293,4768,397466,137,2,1,24,2,1,44,0.001,0.001,,,,,NVIDIA A100-SXM4-40GB MIG 4g.20gb (0),1,,13,"void ch_est::chEstFilterNoDftSOfdmDispatchKernel<float, __half, float, (unsigned int)2>(ch_est::puschRxChEstStatDescr_t *, ch_est::puschRxChEstDynDescr_t *)"
5705732557,2720,397477,103,1,1,128,1,1,16,0.000,0.000,,,,,NVIDIA A100-SXM4-40GB MIG 4g.20gb (0),1,,13,cupy_copy__complex64_complex64
5705749005,12352,397487,1434,1,1,128,1,1,16,0.000,0.000,,,,,NVIDIA A100-SXM4-40GB MIG 4g.20gb (0),1,,13,cupy_copy__complex64_complex64
5705772141,2560,397494,103,1,1,128,1,1,16,0.000,0.000,,,,,NVIDIA A100-SXM4-40GB MIG 4g.20gb (0),1,,13,cupy_copy__complex64_complex64
5705792940,90111,397501,1,1,1,32,32,1,30,0.000,0.000,,,,,NVIDIA A100-SXM4-40GB MIG 4g.20gb (0),1,,13,"void convert_kernel<__half2, float2>(tensor_layout_any, T1 *, tensor_layout_any, const T2 *)"
5705915051,25472,397504,,,,,,,,,,0.094,3678.318,Pinned,Device,NVIDIA A100-SXM4-40GB MIG 4g.20gb (0),1,,13,[CUDA memcpy Host-to-Device]
5705968042,47168,397505,,,,,,,,,,35.810,759170.304,Device,,NVIDIA A100-SXM4-40GB MIG 4g.20gb (0),1,,13,[CUDA memset]
5706018122,14015,397507,,,,,,,,,,0.000,5.708,Pinned,Device,NVIDIA A100-SXM4-40GB MIG 4g.20gb (0),1,,13,[CUDA memcpy Host-to-Device]
5706040681,24672,397508,,,,,,,,,,0.197,7968.719,Pinned,Device,NVIDIA A100-SXM4-40GB MIG 4g.20gb (0),1,,13,[CUDA memcpy Host-to-Device]
5706097289,9696,397509,273,1,1,48,1,1,40,0.000,0.001,,,,,NVIDIA A100-SXM4-40GB MIG 4g.20gb (0),1,,13,"void pusch_noise_intf_est::noiseIntfEstNoDftSOfdmKernel<float, __half, float, float, (unsigned int)2, (unsigned int)1, (unsigned char)4, (unsigned char)4>(pusch_noise_intf_est::puschRxNoiseIntfEstDynDescr)"
5706114312,2592,397520,35,1,1,128,1,1,16,0.000,0.000,,,,,NVIDIA A100-SXM4-40GB MIG 4g.20gb (0),1,,13,cupy_copy__complex64_complex64
5706130824,1760,397529,1,1,1,1,1,1,18,0.000,0.000,,,,,NVIDIA A100-SXM4-40GB MIG 4g.20gb (0),1,,13,cupy_copy__float32_float32
5706139784,6880,397535,,,,,,,,,,0.000,0.581,Device,Pageable,NVIDIA A100-SXM4-40GB MIG 4g.20gb (0),1,,7,[CUDA memcpy Device-to-Host]
5706238951,12896,397546,1434,1,1,128,1,1,16,0.000,0.000,,,,,NVIDIA A100-SXM4-40GB MIG 4g.20gb (0),1,,13,cupy_copy__complex64_complex64
5706261703,2752,397553,103,1,1,128,1,1,16,0.000,0.000,,,,,NVIDIA A100-SXM4-40GB MIG 4g.20gb (0),1,,13,cupy_copy__complex64_complex64
5706277318,2560,397560,35,1,1,128,1,1,16,0.000,0.000,,,,,NVIDIA A100-SXM4-40GB MIG 4g.20gb (0),1,,13,cupy_copy__complex64_complex64
5706294886,1760,397567,1,1,1,1,1,1,18,0.000,0.000,,,,,NVIDIA A100-SXM4-40GB MIG 4g.20gb (0),1,,13,cupy_copy__float32_float32
5706422181,81407,397578,1,1,1,32,32,1,30,0.000,0.000,,,,,NVIDIA A100-SXM4-40GB MIG 4g.20gb (0),1,,13,"void convert_kernel<__half2, float2>(tensor_layout_any, T1 *, tensor_layout_any, const T2 *)"
5706533379,9120,397581,,,,,,,,,,0.094,10273.673,Pinned,Device,NVIDIA A100-SXM4-40GB MIG 4g.20gb (0),1,,13,[CUDA memcpy Host-to-Device]
5706550915,3520,397582,,,,,,,,,,1.547,439380.412,Device,,NVIDIA A100-SXM4-40GB MIG 4g.20gb (0),1,,13,[CUDA memset]
5706562371,4128,397587,,,,,,,,,,0.031,7581.393,Pinned,Device,NVIDIA A100-SXM4-40GB MIG 4g.20gb (0),1,,13,[CUDA memcpy Host-to-Device]
5706569731,9824,397588,,,,,,,,,,0.197,20012.925,Pinned,Device,NVIDIA A100-SXM4-40GB MIG 4g.20gb (0),1,,13,[CUDA memcpy Host-to-Device]
5706584899,5984,397589,273,1,1,8,4,1,39,0.002,0.000,,,,,NVIDIA A100-SXM4-40GB MIG 4g.20gb (0),1,,13,"void channel_eq::eqMmseCoefCompLowMimoKernel<float, float, float, (unsigned int)4, (unsigned int)1, (unsigned int)4>(const channel_eq::_puschRxChEqStatDescr *, channel_eq::_puschRxChEqCoefCompDynDescr)"
5706592611,6112,397590,273,1,1,12,11,1,51,0.002,0.000,,,,,NVIDIA A100-SXM4-40GB MIG 4g.20gb (0),1,,13,"void channel_eq::eqMmseSoftDemapKernel<float, __half, __half, float, (unsigned int)4, (unsigned short)16383>(channel_eq::_puschRxChEqStatDescr *, channel_eq::_puschRxChEqSoftDemapDynDescr)"
5706599779,282236,397591,1,1,1,32,32,1,30,0.000,0.000,,,,,NVIDIA A100-SXM4-40GB MIG 4g.20gb (0),1,,13,"void convert_kernel<float2, __half2>(tensor_layout_any, T1 *, tensor_layout_any, const T2 *)"
5706883007,11008,397603,2253,1,1,128,1,1,16,0.000,0.000,,,,,NVIDIA A100-SXM4-40GB MIG 4g.20gb (0),1,,13,cupy_copy__float16_float16
5706896191,2880,397612,282,1,1,128,1,1,16,0.000,0.000,,,,,NVIDIA A100-SXM4-40GB MIG 4g.20gb (0),1,,13,cupy_copy__complex64_complex64
5706900607,2016,397621,26,1,1,128,1,1,16,0.000,0.000,,,,,NVIDIA A100-SXM4-40GB MIG 4g.20gb (0),1,,13,cupy_copy__float32_float32
5706905631,3008,397630,103,1,1,128,1,1,16,0.000,0.000,,,,,NVIDIA A100-SXM4-40GB MIG 4g.20gb (0),1,,13,cupy_copy__complex64_complex64
5706910271,12224,397640,1434,1,1,128,1,1,16,0.000,0.000,,,,,NVIDIA A100-SXM4-40GB MIG 4g.20gb (0),1,,13,cupy_copy__complex64_complex64
5706929438,87487,397645,1,1,1,32,32,1,30,0.000,0.000,,,,,NVIDIA A100-SXM4-40GB MIG 4g.20gb (0),1,,13,"void convert_kernel<__half2, float2>(tensor_layout_any, T1 *, tensor_layout_any, const T2 *)"
5707044509,5472,397648,,,,,,,,,,0.094,17122.757,Pinned,Device,NVIDIA A100-SXM4-40GB MIG 4g.20gb (0),1,,13,[CUDA memcpy Host-to-Device]
5707054685,596569,397649,,,,,,,,,,456.561,765196.973,Device,,NVIDIA A100-SXM4-40GB MIG 4g.20gb (0),1,,13,[CUDA memset]
5707659349,102015,397654,,,,,,,,,,1.235,12104.921,Pinned,Device,NVIDIA A100-SXM4-40GB MIG 4g.20gb (0),1,,13,[CUDA memcpy Host-to-Device]
5707768180,16768,397655,,,,,,,,,,0.197,11725.111,Pinned,Device,NVIDIA A100-SXM4-40GB MIG 4g.20gb (0),1,,13,[CUDA memcpy Host-to-Device]
5707798132,8576,397656,69,4,1,48,1,1,76,0.002,0.000,,,,,NVIDIA A100-SXM4-40GB MIG 4g.20gb (0),1,,13,"void ch_est::windowedChEstPreNoDftSOfdmKernel<float, __half, float, (unsigned int)2, (unsigned int)1, (unsigned short)4>(ch_est::puschRxChEstStatDescr_t *, ch_est::puschRxChEstDynDescr_t *)"
5707813684,6559,397657,137,2,1,24,2,1,44,0.001,0.001,,,,,NVIDIA A100-SXM4-40GB MIG 4g.20gb (0),1,,13,"void ch_est::chEstFilterNoDftSOfdmDispatchKernel<float, __half, float, (unsigned int)2>(ch_est::puschRxChEstStatDescr_t *, ch_est::puschRxChEstDynDescr_t *)"
5707828371,6432,397658,137,2,1,24,2,1,44,0.001,0.001,,,,,NVIDIA A100-SXM4-40GB MIG 4g.20gb (0),1,,13,"void ch_est::chEstFilterNoDftSOfdmDispatchKernel<float, __half, float, (unsigned int)2>(ch_est::puschRxChEstStatDescr_t *, ch_est::puschRxChEstDynDescr_t *)"
5707836147,3136,397669,103,1,1,128,1,1,16,0.000,0.000,,,,,NVIDIA A100-SXM4-40GB MIG 4g.20gb (0),1,,13,cupy_copy__complex64_complex64
5707845491,12512,397679,1434,1,1,128,1,1,16,0.000,0.000,,,,,NVIDIA A100-SXM4-40GB MIG 4g.20gb (0),1,,13,cupy_copy__complex64_complex64
5707861299,2592,397686,103,1,1,128,1,1,16,0.000,0.000,,,,,NVIDIA A100-SXM4-40GB MIG 4g.20gb (0),1,,13,cupy_copy__complex64_complex64
5707870707,94303,397693,1,1,1,32,32,1,30,0.000,0.000,,,,,NVIDIA A100-SXM4-40GB MIG 4g.20gb (0),1,,13,"void convert_kernel<__half2, float2>(tensor_layout_any, T1 *, tensor_layout_any, const T2 *)"
5707992465,5696,397696,,,,,,,,,,0.094,16449.363,Pinned,Device,NVIDIA A100-SXM4-40GB MIG 4g.20gb (0),1,,13,[CUDA memcpy Host-to-Device]
5708004753,46048,397697,,,,,,,,,,35.810,777648.223,Device,,NVIDIA A100-SXM4-40GB MIG 4g.20gb (0),1,,13,[CUDA memset]
5708057393,2944,397699,,,,,,,,,,0.000,27.174,Pinned,Device,NVIDIA A100-SXM4-40GB MIG 4g.20gb (0),1,,13,[CUDA memcpy Host-to-Device]
5708066448,12640,397700,,,,,,,,,,0.197,15554.249,Pinned,Device,NVIDIA A100-SXM4-40GB MIG 4g.20gb (0),1,,13,[CUDA memcpy Host-to-Device]
5708086480,10240,397701,273,1,1,48,1,1,40,0.000,0.001,,,,,NVIDIA A100-SXM4-40GB MIG 4g.20gb (0),1,,13,"void pusch_noise_intf_est::noiseIntfEstNoDftSOfdmKernel<float, __half, float, float, (unsigned int)2, (unsigned int)1, (unsigned char)4, (unsigned char)4>(pusch_noise_intf_est::puschRxNoiseIntfEstDynDescr)"
5708101552,3168,397712,35,1,1,128,1,1,16,0.000,0.000,,,,,NVIDIA A100-SXM4-40GB MIG 4g.20gb (0),1,,13,cupy_copy__complex64_complex64
5708114672,1920,397721,1,1,1,1,1,1,18,0.000,0.000,,,,,NVIDIA A100-SXM4-40GB MIG 4g.20gb (0),1,,13,cupy_copy__float32_float32
5708146799,1632,397727,,,,,,,,,,0.000,2.451,Device,Pageable,NVIDIA A100-SXM4-40GB MIG 4g.20gb (0),1,,7,[CUDA memcpy Device-to-Host]
5708205839,12800,397738,1434,1,1,128,1,1,16,0.000,0.000,,,,,NVIDIA A100-SXM4-40GB MIG 4g.20gb (0),1,,13,cupy_copy__complex64_complex64
5708234350,3392,397745,103,1,1,128,1,1,16,0.000,0.000,,,,,NVIDIA A100-SXM4-40GB MIG 4g.20gb (0),1,,13,cupy_copy__complex64_complex64
5708254254,2816,397752,35,1,1,128,1,1,16,0.000,0.000,,,,,NVIDIA A100-SXM4-40GB MIG 4g.20gb (0),1,,13,cupy_copy__complex64_complex64
5708270606,1824,397759,1,1,1,1,1,1,18,0.000,0.000,,,,,NVIDIA A100-SXM4-40GB MIG 4g.20gb (0),1,,13,cupy_copy__float32_float32
5708401868,83199,397770,1,1,1,32,32,1,30,0.000,0.000,,,,,NVIDIA A100-SXM4-40GB MIG 4g.20gb (0),1,,13,"void convert_kernel<__half2, float2>(tensor_layout_any, T1 *, tensor_layout_any, const T2 *)"
5708512363,5408,397773,,,,,,,,,,0.094,17325.421,Pinned,Device,NVIDIA A100-SXM4-40GB MIG 4g.20gb (0),1,,13,[CUDA memcpy Host-to-Device]
5708527339,3200,397774,,,,,,,,,,1.547,483320.000,Device,,NVIDIA A100-SXM4-40GB MIG 4g.20gb (0),1,,13,[CUDA memset]
5708533611,3072,397779,,,,,,,,,,0.031,10187.474,Pinned,Device,NVIDIA A100-SXM4-40GB MIG 4g.20gb (0),1,,13,[CUDA memcpy Host-to-Device]
5708539115,10111,397780,,,,,,,,,,0.197,19444.924,Pinned,Device,NVIDIA A100-SXM4-40GB MIG 4g.20gb (0),1,,13,[CUDA memcpy Host-to-Device]
5708555114,6208,397781,273,1,1,8,4,1,39,0.002,0.000,,,,,NVIDIA A100-SXM4-40GB MIG 4g.20gb (0),1,,13,"void channel_eq::eqMmseCoefCompLowMimoKernel<float, float, float, (unsigned int)4, (unsigned int)1, (unsigned int)4>(const channel_eq::_puschRxChEqStatDescr *, channel_eq::_puschRxChEqCoefCompDynDescr)"
5708562346,6272,397782,273,1,1,12,11,1,51,0.002,0.000,,,,,NVIDIA A100-SXM4-40GB MIG 4g.20gb (0),1,,13,"void channel_eq::eqMmseSoftDemapKernel<float, __half, __half, float, (unsigned int)4, (unsigned short)16383>(channel_eq::_puschRxChEqStatDescr *, channel_eq::_puschRxChEqSoftDemapDynDescr)"
5708569674,281821,397783,1,1,1,32,32,1,30,0.000,0.000,,,,,NVIDIA A100-SXM4-40GB MIG 4g.20gb (0),1,,13,"void convert_kernel<float2, __half2>(tensor_layout_any, T1 *, tensor_layout_any, const T2 *)"
5708853127,10880,397795,2253,1,1,128,1,1,16,0.000,0.000,,,,,NVIDIA A100-SXM4-40GB MIG 4g.20gb (0),1,,13,cupy_copy__float16_float16
5708866599,3008,397804,282,1,1,128,1,1,16,0.000,0.000,,,,,NVIDIA A100-SXM4-40GB MIG 4g.20gb (0),1,,13,cupy_copy__complex64_complex64
5708871623,2367,397813,26,1,1,128,1,1,16,0.000,0.000,,,,,NVIDIA A100-SXM4-40GB MIG 4g.20gb (0),1,,13,cupy_copy__float32_float32
5708876518,3008,397822,103,1,1,128,1,1,16,0.000,0.000,,,,,NVIDIA A100-SXM4-40GB MIG 4g.20gb (0),1,,13,cupy_copy__complex64_complex64
5708880582,12256,397832,1434,1,1,128,1,1,16,0.000,0.000,,,,,NVIDIA A100-SXM4-40GB MIG 4g.20gb (0),1,,13,cupy_copy__complex64_complex64
5708901350,82847,397837,1,1,1,32,32,1,30,0.000,0.000,,,,,NVIDIA A100-SXM4-40GB MIG 4g.20gb (0),1,,13,"void convert_kernel<__half2, float2>(tensor_layout_any, T1 *, tensor_layout_any, const T2 *)"
5709011621,5408,397840,,,,,,,,,,0.094,17325.421,Pinned,Device,NVIDIA A100-SXM4-40GB MIG 4g.20gb (0),1,,13,[CUDA memcpy Host-to-Device]
5709022117,598872,397841,,,,,,,,,,456.561,762001.043,Device,,NVIDIA A100-SXM4-40GB MIG 4g.20gb (0),1,,13,[CUDA memset]
5709623453,147326,397846,,,,,,,,,,1.235,8381.565,Pinned,Device,NVIDIA A100-SXM4-40GB MIG 4g.20gb (0),1,,13,[CUDA memcpy Host-to-Device]
5709783931,40512,397847,,,,,,,,,,0.197,4853.072,Pinned,Device,NVIDIA A100-SXM4-40GB MIG 4g.20gb (0),1,,13,[CUDA memcpy Host-to-Device]
5709854138,8256,397848,69,4,1,48,1,1,76,0.002,0.000,,,,,NVIDIA A100-SXM4-40GB MIG 4g.20gb (0),1,,13,"void ch_est::windowedChEstPreNoDftSOfdmKernel<float, __half, float, (unsigned int)2, (unsigned int)1, (unsigned short)4>(ch_est::puschRxChEstStatDescr_t *, ch_est::puschRxChEstDynDescr_t *)"
5709871866,6816,397849,137,2,1,24,2,1,44,0.001,0.001,,,,,NVIDIA A100-SXM4-40GB MIG 4g.20gb (0),1,,13,"void ch_est::chEstFilterNoDftSOfdmDispatchKernel<float, __half, float, (unsigned int)2>(ch_est::puschRxChEstStatDescr_t *, ch_est::puschRxChEstDynDescr_t *)"
5709888826,4864,397850,137,2,1,24,2,1,44,0.001,0.001,,,,,NVIDIA A100-SXM4-40GB MIG 4g.20gb (0),1,,13,"void ch_est::chEstFilterNoDftSOfdmDispatchKernel<float, __half, float, (unsigned int)2>(ch_est::puschRxChEstStatDescr_t *, ch_est::puschRxChEstDynDescr_t *)"
5709903354,2656,397861,103,1,1,128,1,1,16,0.000,0.000,,,,,NVIDIA A100-SXM4-40GB MIG 4g.20gb (0),1,,13,cupy_copy__complex64_complex64
5709918810,12575,397871,1434,1,1,128,1,1,16,0.000,0.000,,,,,NVIDIA A100-SXM4-40GB MIG 4g.20gb (0),1,,13,cupy_copy__complex64_complex64
5709949177,2592,397878,103,1,1,128,1,1,16,0.000,0.000,,,,,NVIDIA A100-SXM4-40GB MIG 4g.20gb (0),1,,13,cupy_copy__complex64_complex64
5709959129,82175,397885,1,1,1,32,32,1,30,0.000,0.000,,,,,NVIDIA A100-SXM4-40GB MIG 4g.20gb (0),1,,13,"void convert_kernel<__half2, float2>(tensor_layout_any, T1 *, tensor_layout_any, const T2 *)"
5710071032,13632,397888,,,,,,,,,,0.094,6873.164,Pinned,Device,NVIDIA A100-SXM4-40GB MIG 4g.20gb (0),1,,13,[CUDA memcpy Host-to-Device]
5710097463,46752,397889,,,,,,,,,,35.810,765938.379,Device,,NVIDIA A100-SXM4-40GB MIG 4g.20gb (0),1,,13,[CUDA memset]
5710148567,8032,397891,,,,,,,,,,0.000,9.960,Pinned,Device,NVIDIA A100-SXM4-40GB MIG 4g.20gb (0),1,,13,[CUDA memcpy Host-to-Device]
5710166455,21087,397892,,,,,,,,,,0.197,9323.545,Pinned,Device,NVIDIA A100-SXM4-40GB MIG 4g.20gb (0),1,,13,[CUDA memcpy Host-to-Device]
5710204950,10112,397893,273,1,1,48,1,1,40,0.000,0.001,,,,,NVIDIA A100-SXM4-40GB MIG 4g.20gb (0),1,,13,"void pusch_noise_intf_est::noiseIntfEstNoDftSOfdmKernel<float, __half, float, float, (unsigned int)2, (unsigned int)1, (unsigned char)4, (unsigned char)4>(pusch_noise_intf_est::puschRxNoiseIntfEstDynDescr)"
5710225878,2944,397904,35,1,1,128,1,1,16,0.000,0.000,,,,,NVIDIA A100-SXM4-40GB MIG 4g.20gb (0),1,,13,cupy_copy__complex64_complex64
5710234806,1696,397913,1,1,1,1,1,1,18,0.000,0.000,,,,,NVIDIA A100-SXM4-40GB MIG 4g.20gb (0),1,,13,cupy_copy__float32_float32
5710243926,2624,397919,,,,,,,,,,0.000,1.524,Device,Pageable,NVIDIA A100-SXM4-40GB MIG 4g.20gb (0),1,,7,[CUDA memcpy Device-to-Host]
5710310069,13152,397930,1434,1,1,128,1,1,16,0.000,0.000,,,,,NVIDIA A100-SXM4-40GB MIG 4g.20gb (0),1,,13,cupy_copy__complex64_complex64
5710340564,2592,397937,103,1,1,128,1,1,16,0.000,0.000,,,,,NVIDIA A100-SXM4-40GB MIG 4g.20gb (0),1,,13,cupy_copy__complex64_complex64
5710357460,2336,397944,35,1,1,128,1,1,16,0.000,0.000,,,,,NVIDIA A100-SXM4-40GB MIG 4g.20gb (0),1,,13,cupy_copy__complex64_complex64
5710375700,1760,397951,1,1,1,1,1,1,18,0.000,0.000,,,,,NVIDIA A100-SXM4-40GB MIG 4g.20gb (0),1,,13,cupy_copy__float32_float32
5710507762,81887,397962,1,1,1,32,32,1,30,0.000,0.000,,,,,NVIDIA A100-SXM4-40GB MIG 4g.20gb (0),1,,13,"void convert_kernel<__half2, float2>(tensor_layout_any, T1 *, tensor_layout_any, const T2 *)"
5710617873,5728,397965,,,,,,,,,,0.094,16357.541,Pinned,Device,NVIDIA A100-SXM4-40GB MIG 4g.20gb (0),1,,13,[CUDA memcpy Host-to-Device]
5710631697,3264,397966,,,,,,,,,,1.547,473842.288,Device,,NVIDIA A100-SXM4-40GB MIG 4g.20gb (0),1,,13,[CUDA memset]
5710638769,3008,397971,,,,,,,,,,0.031,10404.230,Pinned,Device,NVIDIA A100-SXM4-40GB MIG 4g.20gb (0),1,,13,[CUDA memcpy Host-to-Device]
5710645361,9856,397972,,,,,,,,,,0.197,19948.044,Pinned,Device,NVIDIA A100-SXM4-40GB MIG 4g.20gb (0),1,,13,[CUDA memcpy Host-to-Device]
5710660528,8160,397973,273,1,1,8,4,1,39,0.002,0.000,,,,,NVIDIA A100-SXM4-40GB MIG 4g.20gb (0),1,,13,"void channel_eq::eqMmseCoefCompLowMimoKernel<float, float, float, (unsigned int)4, (unsigned int)1, (unsigned int)4>(const channel_eq::_puschRxChEqStatDescr *, channel_eq::_puschRxChEqCoefCompDynDescr)"
5710669840,6048,397974,273,1,1,12,11,1,51,0.002,0.000,,,,,NVIDIA A100-SXM4-40GB MIG 4g.20gb (0),1,,13,"void channel_eq::eqMmseSoftDemapKernel<float, __half, __half, float, (unsigned int)4, (unsigned short)16383>(channel_eq::_puschRxChEqStatDescr *, channel_eq::_puschRxChEqSoftDemapDynDescr)"
5710677264,294749,397975,1,1,1,32,32,1,30,0.000,0.000,,,,,NVIDIA A100-SXM4-40GB MIG 4g.20gb (0),1,,13,"void convert_kernel<float2, __half2>(tensor_layout_any, T1 *, tensor_layout_any, const T2 *)"
5710974253,11039,397987,2253,1,1,128,1,1,16,0.000,0.000,,,,,NVIDIA A100-SXM4-40GB MIG 4g.20gb (0),1,,13,cupy_copy__float16_float16
5710990252,2656,397996,282,1,1,128,1,1,16,0.000,0.000,,,,,NVIDIA A100-SXM4-40GB MIG 4g.20gb (0),1,,13,cupy_copy__complex64_complex64
5710995436,2144,398005,26,1,1,128,1,1,16,0.000,0.000,,,,,NVIDIA A100-SXM4-40GB MIG 4g.20gb (0),1,,13,cupy_copy__float32_float32
5710998636,2880,398014,103,1,1,128,1,1,16,0.000,0.000,,,,,NVIDIA A100-SXM4-40GB MIG 4g.20gb (0),1,,13,cupy_copy__complex64_complex64
5711004524,12064,398024,1434,1,1,128,1,1,16,0.000,0.000,,,,,NVIDIA A100-SXM4-40GB MIG 4g.20gb (0),1,,13,cupy_copy__complex64_complex64
5711019660,81407,398029,1,1,1,32,32,1,30,0.000,0.000,,,,,NVIDIA A100-SXM4-40GB MIG 4g.20gb (0),1,,13,"void convert_kernel<__half2, float2>(tensor_layout_any, T1 *, tensor_layout_any, const T2 *)"
5711129387,6400,398032,,,,,,,,,,0.094,14640.000,Pinned,Device,NVIDIA A100-SXM4-40GB MIG 4g.20gb (0),1,,13,[CUDA memcpy Host-to-Device]
5711139531,596248,398033,,,,,,,,,,456.561,765653.535,Device,,NVIDIA A100-SXM4-40GB MIG 4g.20gb (0),1,,13,[CUDA memset]
5711745155,162814,398038,,,,,,,,,,1.235,7583.791,Pinned,Device,NVIDIA A100-SXM4-40GB MIG 4g.20gb (0),1,,13,[CUDA memcpy Host-to-Device]
5711920033,41759,398039,,,,,,,,,,0.197,4707.975,Pinned,Device,NVIDIA A100-SXM4-40GB MIG 4g.20gb (0),1,,13,[CUDA memcpy Host-to-Device]
5711979200,8448,398040,69,4,1,48,1,1,76,0.002,0.000,,,,,NVIDIA A100-SXM4-40GB MIG 4g.20gb (0),1,,13,"void ch_est::windowedChEstPreNoDftSOfdmKernel<float, __half, float, (unsigned int)2, (unsigned int)1, (unsigned short)4>(ch_est::puschRxChEstStatDescr_t *, ch_est::puschRxChEstDynDescr_t *)"
5711998496,7200,398041,137,2,1,24,2,1,44,0.001,0.001,,,,,NVIDIA A100-SXM4-40GB MIG 4g.20gb (0),1,,13,"void ch_est::chEstFilterNoDftSOfdmDispatchKernel<float, __half, float, (unsigned int)2>(ch_est::puschRxChEstStatDescr_t *, ch_est::puschRxChEstDynDescr_t *)"
5712015904,4704,398042,137,2,1,24,2,1,44,0.001,0.001,,,,,NVIDIA A100-SXM4-40GB MIG 4g.20gb (0),1,,13,"void ch_est::chEstFilterNoDftSOfdmDispatchKernel<float, __half, float, (unsigned int)2>(ch_est::puschRxChEstStatDescr_t *, ch_est::puschRxChEstDynDescr_t *)"
5712033088,2720,398053,103,1,1,128,1,1,16,0.000,0.000,,,,,NVIDIA A100-SXM4-40GB MIG 4g.20gb (0),1,,13,cupy_copy__complex64_complex64
5712049631,12672,398063,1434,1,1,128,1,1,16,0.000,0.000,,,,,NVIDIA A100-SXM4-40GB MIG 4g.20gb (0),1,,13,cupy_copy__complex64_complex64
5712069055,2912,398070,103,1,1,128,1,1,16,0.000,0.000,,,,,NVIDIA A100-SXM4-40GB MIG 4g.20gb (0),1,,13,cupy_copy__complex64_complex64
5712095903,97055,398077,1,1,1,32,32,1,30,0.000,0.000,,,,,NVIDIA A100-SXM4-40GB MIG 4g.20gb (0),1,,13,"void convert_kernel<__half2, float2>(tensor_layout_any, T1 *, tensor_layout_any, const T2 *)"
5712223325,18304,398080,,,,,,,,,,0.094,5118.800,Pinned,Device,NVIDIA A100-SXM4-40GB MIG 4g.20gb (0),1,,13,[CUDA memcpy Host-to-Device]
5712248125,47615,398081,,,,,,,,,,35.810,752044.130,Device,,NVIDIA A100-SXM4-40GB MIG 4g.20gb (0),1,,13,[CUDA memset]
5712299580,6656,398083,,,,,,,,,,0.000,12.019,Pinned,Device,NVIDIA A100-SXM4-40GB MIG 4g.20gb (0),1,,13,[CUDA memcpy Host-to-Device]
5712315612,16576,398084,,,,,,,,,,0.197,11860.967,Pinned,Device,NVIDIA A100-SXM4-40GB MIG 4g.20gb (0),1,,13,[CUDA memcpy Host-to-Device]
5712344220,12800,398085,273,1,1,48,1,1,40,0.000,0.001,,,,,NVIDIA A100-SXM4-40GB MIG 4g.20gb (0),1,,13,"void pusch_noise_intf_est::noiseIntfEstNoDftSOfdmKernel<float, __half, float, float, (unsigned int)2, (unsigned int)1, (unsigned char)4, (unsigned char)4>(pusch_noise_intf_est::puschRxNoiseIntfEstDynDescr)"
5712359324,2880,398096,35,1,1,128,1,1,16,0.000,0.000,,,,,NVIDIA A100-SXM4-40GB MIG 4g.20gb (0),1,,13,cupy_copy__complex64_complex64
5712369179,1696,398105,1,1,1,1,1,1,18,0.000,0.000,,,,,NVIDIA A100-SXM4-40GB MIG 4g.20gb (0),1,,13,cupy_copy__float32_float32
5712380443,5728,398111,,,,,,,,,,0.000,0.698,Device,Pageable,NVIDIA A100-SXM4-40GB MIG 4g.20gb (0),1,,7,[CUDA memcpy Device-to-Host]
5712454746,12928,398122,1434,1,1,128,1,1,16,0.000,0.000,,,,,NVIDIA A100-SXM4-40GB MIG 4g.20gb (0),1,,13,cupy_copy__complex64_complex64
5712487162,2976,398129,103,1,1,128,1,1,16,0.000,0.000,,,,,NVIDIA A100-SXM4-40GB MIG 4g.20gb (0),1,,13,cupy_copy__complex64_complex64
5712509722,2560,398136,35,1,1,128,1,1,16,0.000,0.000,,,,,NVIDIA A100-SXM4-40GB MIG 4g.20gb (0),1,,13,cupy_copy__complex64_complex64
5712525209,1984,398143,1,1,1,1,1,1,18,0.000,0.000,,,,,NVIDIA A100-SXM4-40GB MIG 4g.20gb (0),1,,13,cupy_copy__float32_float32
5712648312,82783,398154,1,1,1,32,32,1,30,0.000,0.000,,,,,NVIDIA A100-SXM4-40GB MIG 4g.20gb (0),1,,13,"void convert_kernel<__half2, float2>(tensor_layout_any, T1 *, tensor_layout_any, const T2 *)"
5712758423,6112,398157,,,,,,,,,,0.094,15329.790,Pinned,Device,NVIDIA A100-SXM4-40GB MIG 4g.20gb (0),1,,13,[CUDA memcpy Host-to-Device]
5712772502,3296,398158,,,,,,,,,,1.547,469242.628,Device,,NVIDIA A100-SXM4-40GB MIG 4g.20gb (0),1,,13,[CUDA memset]
5712779286,3136,398163,,,,,,,,,,0.031,9979.575,Pinned,Device,NVIDIA A100-SXM4-40GB MIG 4g.20gb (0),1,,13,[CUDA memcpy Host-to-Device]
5712784918,9600,398164,,,,,,,,,,0.197,20479.869,Pinned,Device,NVIDIA A100-SXM4-40GB MIG 4g.20gb (0),1,,13,[CUDA memcpy Host-to-Device]
5712800246,6240,398165,273,1,1,8,4,1,39,0.002,0.000,,,,,NVIDIA A100-SXM4-40GB MIG 4g.20gb (0),1,,13,"void channel_eq::eqMmseCoefCompLowMimoKernel<float, float, float, (unsigned int)4, (unsigned int)1, (unsigned int)4>(const channel_eq::_puschRxChEqStatDescr *, channel_eq::_puschRxChEqCoefCompDynDescr)"
5712807894,5984,398166,273,1,1,12,11,1,51,0.002,0.000,,,,,NVIDIA A100-SXM4-40GB MIG 4g.20gb (0),1,,13,"void channel_eq::eqMmseSoftDemapKernel<float, __half, __half, float, (unsigned int)4, (unsigned short)16383>(channel_eq::_puschRxChEqStatDescr *, channel_eq::_puschRxChEqSoftDemapDynDescr)"
5712814998,282236,398167,1,1,1,32,32,1,30,0.000,0.000,,,,,NVIDIA A100-SXM4-40GB MIG 4g.20gb (0),1,,13,"void convert_kernel<float2, __half2>(tensor_layout_any, T1 *, tensor_layout_any, const T2 *)"
5713098194,11072,398179,2253,1,1,128,1,1,16,0.000,0.000,,,,,NVIDIA A100-SXM4-40GB MIG 4g.20gb (0),1,,13,cupy_copy__float16_float16
5713111442,3392,398188,282,1,1,128,1,1,16,0.000,0.000,,,,,NVIDIA A100-SXM4-40GB MIG 4g.20gb (0),1,,13,cupy_copy__complex64_complex64
5713116818,2016,398197,26,1,1,128,1,1,16,0.000,0.000,,,,,NVIDIA A100-SXM4-40GB MIG 4g.20gb (0),1,,13,cupy_copy__float32_float32
5713122258,3104,398206,103,1,1,128,1,1,16,0.000,0.000,,,,,NVIDIA A100-SXM4-40GB MIG 4g.20gb (0),1,,13,cupy_copy__complex64_complex64
5713177937,11968,398222,1434,1,1,128,1,1,16,0.000,0.000,,,,,NVIDIA A100-SXM4-40GB MIG 4g.20gb (0),1,,13,cupy_copy__complex64_complex64
5713292592,81631,398227,1,1,1,32,32,1,30,0.000,0.000,,,,,NVIDIA A100-SXM4-40GB MIG 4g.20gb (0),1,,13,"void convert_kernel<__half2, float2>(tensor_layout_any, T1 *, tensor_layout_any, const T2 *)"
5713401135,5792,398230,,,,,,,,,,0.094,16176.708,Pinned,Device,NVIDIA A100-SXM4-40GB MIG 4g.20gb (0),1,,13,[CUDA memcpy Host-to-Device]
5713411119,597720,398231,,,,,,,,,,456.561,763827.289,Device,,NVIDIA A100-SXM4-40GB MIG 4g.20gb (0),1,,13,[CUDA memset]
5714016295,127071,398236,,,,,,,,,,1.235,9717.774,Pinned,Device,NVIDIA A100-SXM4-40GB MIG 4g.20gb (0),1,,13,[CUDA memcpy Host-to-Device]
5714153413,35872,398237,,,,,,,,,,0.197,5480.645,Pinned,Device,NVIDIA A100-SXM4-40GB MIG 4g.20gb (0),1,,13,[CUDA memcpy Host-to-Device]
5714205797,7904,398238,69,4,1,48,1,1,76,0.002,0.000,,,,,NVIDIA A100-SXM4-40GB MIG 4g.20gb (0),1,,13,"void ch_est::windowedChEstPreNoDftSOfdmKernel<float, __half, float, (unsigned int)2, (unsigned int)1, (unsigned short)4>(ch_est::puschRxChEstStatDescr_t *, ch_est::puschRxChEstDynDescr_t *)"
5714223397,6591,398239,137,2,1,24,2,1,44,0.001,0.001,,,,,NVIDIA A100-SXM4-40GB MIG 4g.20gb (0),1,,13,"void ch_est::chEstFilterNoDftSOfdmDispatchKernel<float, __half, float, (unsigned int)2>(ch_est::puschRxChEstStatDescr_t *, ch_est::puschRxChEstDynDescr_t *)"
5714239812,4736,398240,137,2,1,24,2,1,44,0.001,0.001,,,,,NVIDIA A100-SXM4-40GB MIG 4g.20gb (0),1,,13,"void ch_est::chEstFilterNoDftSOfdmDispatchKernel<float, __half, float, (unsigned int)2>(ch_est::puschRxChEstStatDescr_t *, ch_est::puschRxChEstDynDescr_t *)"
5714257476,2752,398251,103,1,1,128,1,1,16,0.000,0.000,,,,,NVIDIA A100-SXM4-40GB MIG 4g.20gb (0),1,,13,cupy_copy__complex64_complex64
5714274500,12704,398261,1434,1,1,128,1,1,16,0.000,0.000,,,,,NVIDIA A100-SXM4-40GB MIG 4g.20gb (0),1,,13,cupy_copy__complex64_complex64
5714293572,2912,398268,103,1,1,128,1,1,16,0.000,0.000,,,,,NVIDIA A100-SXM4-40GB MIG 4g.20gb (0),1,,13,cupy_copy__complex64_complex64
5714319107,105791,398275,1,1,1,32,32,1,30,0.000,0.000,,,,,NVIDIA A100-SXM4-40GB MIG 4g.20gb (0),1,,13,"void convert_kernel<__half2, float2>(tensor_layout_any, T1 *, tensor_layout_any, const T2 *)"
5714458658,25919,398278,,,,,,,,,,0.094,3614.885,Pinned,Device,NVIDIA A100-SXM4-40GB MIG 4g.20gb (0),1,,13,[CUDA memcpy Host-to-Device]
5714510721,47455,398279,,,,,,,,,,35.810,754586.634,Device,,NVIDIA A100-SXM4-40GB MIG 4g.20gb (0),1,,13,[CUDA memset]
5714564832,12000,398281,,,,,,,,,,0.000,6.667,Pinned,Device,NVIDIA A100-SXM4-40GB MIG 4g.20gb (0),1,,13,[CUDA memcpy Host-to-Device]
5714588096,20768,398282,,,,,,,,,,0.197,9466.872,Pinned,Device,NVIDIA A100-SXM4-40GB MIG 4g.20gb (0),1,,13,[CUDA memcpy Host-to-Device]
5714627904,10655,398283,273,1,1,48,1,1,40,0.000,0.001,,,,,NVIDIA A100-SXM4-40GB MIG 4g.20gb (0),1,,13,"void pusch_noise_intf_est::noiseIntfEstNoDftSOfdmKernel<float, __half, float, float, (unsigned int)2, (unsigned int)1, (unsigned char)4, (unsigned char)4>(pusch_noise_intf_est::puschRxNoiseIntfEstDynDescr)"
5714646751,3008,398294,35,1,1,128,1,1,16,0.000,0.000,,,,,NVIDIA A100-SXM4-40GB MIG 4g.20gb (0),1,,13,cupy_copy__complex64_complex64
5714654847,1952,398303,1,1,1,1,1,1,18,0.000,0.000,,,,,NVIDIA A100-SXM4-40GB MIG 4g.20gb (0),1,,13,cupy_copy__float32_float32
5714658335,2720,398309,,,,,,,,,,0.000,1.471,Device,Pageable,NVIDIA A100-SXM4-40GB MIG 4g.20gb (0),1,,7,[CUDA memcpy Device-to-Host]
5714733662,13504,398320,1434,1,1,128,1,1,16,0.000,0.000,,,,,NVIDIA A100-SXM4-40GB MIG 4g.20gb (0),1,,13,cupy_copy__complex64_complex64
5714758398,2912,398327,103,1,1,128,1,1,16,0.000,0.000,,,,,NVIDIA A100-SXM4-40GB MIG 4g.20gb (0),1,,13,cupy_copy__complex64_complex64
5714776702,2880,398334,35,1,1,128,1,1,16,0.000,0.000,,,,,NVIDIA A100-SXM4-40GB MIG 4g.20gb (0),1,,13,cupy_copy__complex64_complex64
5714798493,1920,398341,1,1,1,1,1,1,18,0.000,0.000,,,,,NVIDIA A100-SXM4-40GB MIG 4g.20gb (0),1,,13,cupy_copy__float32_float32
5714942236,88351,398352,1,1,1,32,32,1,30,0.000,0.000,,,,,NVIDIA A100-SXM4-40GB MIG 4g.20gb (0),1,,13,"void convert_kernel<__half2, float2>(tensor_layout_any, T1 *, tensor_layout_any, const T2 *)"
5715058426,5440,398355,,,,,,,,,,0.094,17223.480,Pinned,Device,NVIDIA A100-SXM4-40GB MIG 4g.20gb (0),1,,13,[CUDA memcpy Host-to-Device]
5715072186,3296,398356,,,,,,,,,,1.547,469242.628,Device,,NVIDIA A100-SXM4-40GB MIG 4g.20gb (0),1,,13,[CUDA memset]
5715079162,3136,398361,,,,,,,,,,0.031,9979.575,Pinned,Device,NVIDIA A100-SXM4-40GB MIG 4g.20gb (0),1,,13,[CUDA memcpy Host-to-Device]
5715085402,9504,398362,,,,,,,,,,0.197,20686.701,Pinned,Device,NVIDIA A100-SXM4-40GB MIG 4g.20gb (0),1,,13,[CUDA memcpy Host-to-Device]
5715100922,6176,398363,273,1,1,8,4,1,39,0.002,0.000,,,,,NVIDIA A100-SXM4-40GB MIG 4g.20gb (0),1,,13,"void channel_eq::eqMmseCoefCompLowMimoKernel<float, float, float, (unsigned int)4, (unsigned int)1, (unsigned int)4>(const channel_eq::_puschRxChEqStatDescr *, channel_eq::_puschRxChEqCoefCompDynDescr)"
5715108218,6144,398364,273,1,1,12,11,1,51,0.002,0.000,,,,,NVIDIA A100-SXM4-40GB MIG 4g.20gb (0),1,,13,"void channel_eq::eqMmseSoftDemapKernel<float, __half, __half, float, (unsigned int)4, (unsigned short)16383>(channel_eq::_puschRxChEqStatDescr *, channel_eq::_puschRxChEqSoftDemapDynDescr)"
5715115418,290716,398365,1,1,1,32,32,1,30,0.000,0.000,,,,,NVIDIA A100-SXM4-40GB MIG 4g.20gb (0),1,,13,"void convert_kernel<float2, __half2>(tensor_layout_any, T1 *, tensor_layout_any, const T2 *)"
5715407094,10912,398377,2253,1,1,128,1,1,16,0.000,0.000,,,,,NVIDIA A100-SXM4-40GB MIG 4g.20gb (0),1,,13,cupy_copy__float16_float16
5715420694,3904,398386,282,1,1,128,1,1,16,0.000,0.000,,,,,NVIDIA A100-SXM4-40GB MIG 4g.20gb (0),1,,13,cupy_copy__complex64_complex64
5715428502,2016,398395,26,1,1,128,1,1,16,0.000,0.000,,,,,NVIDIA A100-SXM4-40GB MIG 4g.20gb (0),1,,13,cupy_copy__float32_float32
5715434006,2944,398404,103,1,1,128,1,1,16,0.000,0.000,,,,,NVIDIA A100-SXM4-40GB MIG 4g.20gb (0),1,,13,cupy_copy__complex64_complex64
5715438038,11903,398414,1434,1,1,128,1,1,16,0.000,0.000,,,,,NVIDIA A100-SXM4-40GB MIG 4g.20gb (0),1,,13,cupy_copy__complex64_complex64
5715453909,87455,398419,1,1,1,32,32,1,30,0.000,0.000,,,,,NVIDIA A100-SXM4-40GB MIG 4g.20gb (0),1,,13,"void convert_kernel<__half2, float2>(tensor_layout_any, T1 *, tensor_layout_any, const T2 *)"
5715568660,5568,398422,,,,,,,,,,0.094,16827.521,Pinned,Device,NVIDIA A100-SXM4-40GB MIG 4g.20gb (0),1,,13,[CUDA memcpy Host-to-Device]
5715578708,597817,398423,,,,,,,,,,456.561,763370.728,Device,,NVIDIA A100-SXM4-40GB MIG 4g.20gb (0),1,,13,[CUDA memset]
5716186028,156574,398428,,,,,,,,,,1.235,7886.352,Pinned,Device,NVIDIA A100-SXM4-40GB MIG 4g.20gb (0),1,,13,[CUDA memcpy Host-to-Device]
5716356778,44768,398429,,,,,,,,,,0.197,4391.633,Pinned,Device,NVIDIA A100-SXM4-40GB MIG 4g.20gb (0),1,,13,[CUDA memcpy Host-to-Device]
5716430089,8480,398430,69,4,1,48,1,1,76,0.002,0.000,,,,,NVIDIA A100-SXM4-40GB MIG 4g.20gb (0),1,,13,"void ch_est::windowedChEstPreNoDftSOfdmKernel<float, __half, float, (unsigned int)2, (unsigned int)1, (unsigned short)4>(ch_est::puschRxChEstStatDescr_t *, ch_est::puschRxChEstDynDescr_t *)"
5716447273,6944,398431,137,2,1,24,2,1,44,0.001,0.001,,,,,NVIDIA A100-SXM4-40GB MIG 4g.20gb (0),1,,13,"void ch_est::chEstFilterNoDftSOfdmDispatchKernel<float, __half, float, (unsigned int)2>(ch_est::puschRxChEstStatDescr_t *, ch_est::puschRxChEstDynDescr_t *)"
5716461801,4768,398432,137,2,1,24,2,1,44,0.001,0.001,,,,,NVIDIA A100-SXM4-40GB MIG 4g.20gb (0),1,,13,"void ch_est::chEstFilterNoDftSOfdmDispatchKernel<float, __half, float, (unsigned int)2>(ch_est::puschRxChEstStatDescr_t *, ch_est::puschRxChEstDynDescr_t *)"
5716475913,2496,398443,103,1,1,128,1,1,16,0.000,0.000,,,,,NVIDIA A100-SXM4-40GB MIG 4g.20gb (0),1,,13,cupy_copy__complex64_complex64
5716487113,12512,398453,1434,1,1,128,1,1,16,0.000,0.000,,,,,NVIDIA A100-SXM4-40GB MIG 4g.20gb (0),1,,13,cupy_copy__complex64_complex64
5716520872,2496,398460,103,1,1,128,1,1,16,0.000,0.000,,,,,NVIDIA A100-SXM4-40GB MIG 4g.20gb (0),1,,13,cupy_copy__complex64_complex64
5716536488,85599,398467,1,1,1,32,32,1,30,0.000,0.000,,,,,NVIDIA A100-SXM4-40GB MIG 4g.20gb (0),1,,13,"void convert_kernel<__half2, float2>(tensor_layout_any, T1 *, tensor_layout_any, const T2 *)"
5716655271,15263,398470,,,,,,,,,,0.094,6138.681,Pinned,Device,NVIDIA A100-SXM4-40GB MIG 4g.20gb (0),1,,13,[CUDA memcpy Host-to-Device]
5716693862,47776,398471,,,,,,,,,,35.810,749537.436,Device,,NVIDIA A100-SXM4-40GB MIG 4g.20gb (0),1,,13,[CUDA memset]
5716742854,13183,398473,,,,,,,,,,0.000,6.068,Pinned,Device,NVIDIA A100-SXM4-40GB MIG 4g.20gb (0),1,,13,[CUDA memcpy Host-to-Device]
5716769509,20000,398474,,,,,,,,,,0.197,9830.400,Pinned,Device,NVIDIA A100-SXM4-40GB MIG 4g.20gb (0),1,,13,[CUDA memcpy Host-to-Device]
5716810149,9184,398475,273,1,1,48,1,1,40,0.000,0.001,,,,,NVIDIA A100-SXM4-40GB MIG 4g.20gb (0),1,,13,"void pusch_noise_intf_est::noiseIntfEstNoDftSOfdmKernel<float, __half, float, float, (unsigned int)2, (unsigned int)1, (unsigned char)4, (unsigned char)4>(pusch_noise_intf_est::puschRxNoiseIntfEstDynDescr)"
5716829156,2752,398486,35,1,1,128,1,1,16,0.000,0.000,,,,,NVIDIA A100-SXM4-40GB MIG 4g.20gb (0),1,,13,cupy_copy__complex64_complex64
5716845348,1760,398495,1,1,1,1,1,1,18,0.000,0.000,,,,,NVIDIA A100-SXM4-40GB MIG 4g.20gb (0),1,,13,cupy_copy__float32_float32
5716850372,7264,398501,,,,,,,,,,0.000,0.551,Device,Pageable,NVIDIA A100-SXM4-40GB MIG 4g.20gb (0),1,,7,[CUDA memcpy Device-to-Host]
5716953795,12768,398512,1434,1,1,128,1,1,16,0.000,0.000,,,,,NVIDIA A100-SXM4-40GB MIG 4g.20gb (0),1,,13,cupy_copy__complex64_complex64
5716977795,2656,398519,103,1,1,128,1,1,16,0.000,0.000,,,,,NVIDIA A100-SXM4-40GB MIG 4g.20gb (0),1,,13,cupy_copy__complex64_complex64
5716991330,2176,398526,35,1,1,128,1,1,16,0.000,0.000,,,,,NVIDIA A100-SXM4-40GB MIG 4g.20gb (0),1,,13,cupy_copy__complex64_complex64
5717006274,1792,398533,1,1,1,1,1,1,18,0.000,0.000,,,,,NVIDIA A100-SXM4-40GB MIG 4g.20gb (0),1,,13,cupy_copy__float32_float32
5717139297,87071,398544,1,1,1,32,32,1,30,0.000,0.000,,,,,NVIDIA A100-SXM4-40GB MIG 4g.20gb (0),1,,13,"void convert_kernel<__half2, float2>(tensor_layout_any, T1 *, tensor_layout_any, const T2 *)"
5717255135,9792,398547,,,,,,,,,,0.094,9568.610,Pinned,Device,NVIDIA A100-SXM4-40GB MIG 4g.20gb (0),1,,13,[CUDA memcpy Host-to-Device]
5717275007,3584,398548,,,,,,,,,,1.547,431534.389,Device,,NVIDIA A100-SXM4-40GB MIG 4g.20gb (0),1,,13,[CUDA memset]
5717285567,5248,398553,,,,,,,,,,0.031,5963.390,Pinned,Device,NVIDIA A100-SXM4-40GB MIG 4g.20gb (0),1,,13,[CUDA memcpy Host-to-Device]
5717294111,17088,398554,,,,,,,,,,0.197,11505.500,Pinned,Device,NVIDIA A100-SXM4-40GB MIG 4g.20gb (0),1,,13,[CUDA memcpy Host-to-Device]
5717323678,8320,398555,273,1,1,8,4,1,39,0.002,0.000,,,,,NVIDIA A100-SXM4-40GB MIG 4g.20gb (0),1,,13,"void channel_eq::eqMmseCoefCompLowMimoKernel<float, float, float, (unsigned int)4, (unsigned int)1, (unsigned int)4>(const channel_eq::_puschRxChEqStatDescr *, channel_eq::_puschRxChEqCoefCompDynDescr)"
5717338558,7488,398556,273,1,1,12,11,1,51,0.002,0.000,,,,,NVIDIA A100-SXM4-40GB MIG 4g.20gb (0),1,,13,"void channel_eq::eqMmseSoftDemapKernel<float, __half, __half, float, (unsigned int)4, (unsigned short)16383>(channel_eq::_puschRxChEqStatDescr *, channel_eq::_puschRxChEqSoftDemapDynDescr)"
5717353950,294652,398557,1,1,1,32,32,1,30,0.000,0.000,,,,,NVIDIA A100-SXM4-40GB MIG 4g.20gb (0),1,,13,"void convert_kernel<float2, __half2>(tensor_layout_any, T1 *, tensor_layout_any, const T2 *)"
5717650298,10976,398569,2253,1,1,128,1,1,16,0.000,0.000,,,,,NVIDIA A100-SXM4-40GB MIG 4g.20gb (0),1,,13,cupy_copy__float16_float16
5717663226,3104,398578,282,1,1,128,1,1,16,0.000,0.000,,,,,NVIDIA A100-SXM4-40GB MIG 4g.20gb (0),1,,13,cupy_copy__complex64_complex64
5717667834,2368,398587,26,1,1,128,1,1,16,0.000,0.000,,,,,NVIDIA A100-SXM4-40GB MIG 4g.20gb (0),1,,13,cupy_copy__float32_float32
5717672794,2912,398596,103,1,1,128,1,1,16,0.000,0.000,,,,,NVIDIA A100-SXM4-40GB MIG 4g.20gb (0),1,,13,cupy_copy__complex64_complex64
5717677178,12096,398606,1434,1,1,128,1,1,16,0.000,0.000,,,,,NVIDIA A100-SXM4-40GB MIG 4g.20gb (0),1,,13,cupy_copy__complex64_complex64
5717691898,86335,398611,1,1,1,32,32,1,30,0.000,0.000,,,,,NVIDIA A100-SXM4-40GB MIG 4g.20gb (0),1,,13,"void convert_kernel<__half2, float2>(tensor_layout_any, T1 *, tensor_layout_any, const T2 *)"
5717805208,5888,398614,,,,,,,,,,0.094,15912.954,Pinned,Device,NVIDIA A100-SXM4-40GB MIG 4g.20gb (0),1,,13,[CUDA memcpy Host-to-Device]
5717816536,603161,398615,,,,,,,,,,456.561,756522.306,Device,,NVIDIA A100-SXM4-40GB MIG 4g.20gb (0),1,,13,[CUDA memset]
5718424849,75135,398620,,,,,,,,,,1.235,16435.870,Pinned,Device,NVIDIA A100-SXM4-40GB MIG 4g.20gb (0),1,,13,[CUDA memcpy Host-to-Device]
5718505744,17440,398621,,,,,,,,,,0.197,11273.306,Pinned,Device,NVIDIA A100-SXM4-40GB MIG 4g.20gb (0),1,,13,[CUDA memcpy Host-to-Device]
5718536591,8736,398622,69,4,1,48,1,1,76,0.002,0.000,,,,,NVIDIA A100-SXM4-40GB MIG 4g.20gb (0),1,,13,"void ch_est::windowedChEstPreNoDftSOfdmKernel<float, __half, float, (unsigned int)2, (unsigned int)1, (unsigned short)4>(ch_est::puschRxChEstStatDescr_t *, ch_est::puschRxChEstDynDescr_t *)"
5718552239,7296,398623,137,2,1,24,2,1,44,0.001,0.001,,,,,NVIDIA A100-SXM4-40GB MIG 4g.20gb (0),1,,13,"void ch_est::chEstFilterNoDftSOfdmDispatchKernel<float, __half, float, (unsigned int)2>(ch_est::puschRxChEstStatDescr_t *, ch_est::puschRxChEstDynDescr_t *)"
5718567247,6304,398624,137,2,1,24,2,1,44,0.001,0.001,,,,,NVIDIA A100-SXM4-40GB MIG 4g.20gb (0),1,,13,"void ch_est::chEstFilterNoDftSOfdmDispatchKernel<float, __half, float, (unsigned int)2>(ch_est::puschRxChEstStatDescr_t *, ch_est::puschRxChEstDynDescr_t *)"
5718575183,3072,398635,103,1,1,128,1,1,16,0.000,0.000,,,,,NVIDIA A100-SXM4-40GB MIG 4g.20gb (0),1,,13,cupy_copy__complex64_complex64
5718583151,12640,398645,1434,1,1,128,1,1,16,0.000,0.000,,,,,NVIDIA A100-SXM4-40GB MIG 4g.20gb (0),1,,13,cupy_copy__complex64_complex64
5718601583,2624,398652,103,1,1,128,1,1,16,0.000,0.000,,,,,NVIDIA A100-SXM4-40GB MIG 4g.20gb (0),1,,13,cupy_copy__complex64_complex64
5718610671,87134,398659,1,1,1,32,32,1,30,0.000,0.000,,,,,NVIDIA A100-SXM4-40GB MIG 4g.20gb (0),1,,13,"void convert_kernel<__half2, float2>(tensor_layout_any, T1 *, tensor_layout_any, const T2 *)"
5718726413,10080,398662,,,,,,,,,,0.094,9295.205,Pinned,Device,NVIDIA A100-SXM4-40GB MIG 4g.20gb (0),1,,13,[CUDA memcpy Host-to-Device]
5718747757,47071,398663,,,,,,,,,,35.810,760745.940,Device,,NVIDIA A100-SXM4-40GB MIG 4g.20gb (0),1,,13,[CUDA memset]
5718797900,6976,398665,,,,,,,,,,0.000,11.468,Pinned,Device,NVIDIA A100-SXM4-40GB MIG 4g.20gb (0),1,,13,[CUDA memcpy Host-to-Device]
5718808652,15232,398666,,,,,,,,,,0.197,12907.512,Pinned,Device,NVIDIA A100-SXM4-40GB MIG 4g.20gb (0),1,,13,[CUDA memcpy Host-to-Device]
5718834508,10848,398667,273,1,1,48,1,1,40,0.000,0.001,,,,,NVIDIA A100-SXM4-40GB MIG 4g.20gb (0),1,,13,"void pusch_noise_intf_est::noiseIntfEstNoDftSOfdmKernel<float, __half, float, float, (unsigned int)2, (unsigned int)1, (unsigned char)4, (unsigned char)4>(pusch_noise_intf_est::puschRxNoiseIntfEstDynDescr)"
5718853324,2911,398678,35,1,1,128,1,1,16,0.000,0.000,,,,,NVIDIA A100-SXM4-40GB MIG 4g.20gb (0),1,,13,cupy_copy__complex64_complex64
5718867307,1728,398687,1,1,1,1,1,1,18,0.000,0.000,,,,,NVIDIA A100-SXM4-40GB MIG 4g.20gb (0),1,,13,cupy_copy__float32_float32
5718893611,1952,398693,,,,,,,,,,0.000,2.049,Device,Pageable,NVIDIA A100-SXM4-40GB MIG 4g.20gb (0),1,,7,[CUDA memcpy Device-to-Host]
5718956714,12896,398704,1434,1,1,128,1,1,16,0.000,0.000,,,,,NVIDIA A100-SXM4-40GB MIG 4g.20gb (0),1,,13,cupy_copy__complex64_complex64
5718984426,3072,398711,103,1,1,128,1,1,16,0.000,0.000,,,,,NVIDIA A100-SXM4-40GB MIG 4g.20gb (0),1,,13,cupy_copy__complex64_complex64
5719004426,2304,398718,35,1,1,128,1,1,16,0.000,0.000,,,,,NVIDIA A100-SXM4-40GB MIG 4g.20gb (0),1,,13,cupy_copy__complex64_complex64
5719023849,1760,398725,1,1,1,1,1,1,18,0.000,0.000,,,,,NVIDIA A100-SXM4-40GB MIG 4g.20gb (0),1,,13,cupy_copy__float32_float32
5719154376,81855,398736,1,1,1,32,32,1,30,0.000,0.000,,,,,NVIDIA A100-SXM4-40GB MIG 4g.20gb (0),1,,13,"void convert_kernel<__half2, float2>(tensor_layout_any, T1 *, tensor_layout_any, const T2 *)"
5719263750,5376,398739,,,,,,,,,,0.094,17428.487,Pinned,Device,NVIDIA A100-SXM4-40GB MIG 4g.20gb (0),1,,13,[CUDA memcpy Host-to-Device]
5719277926,3392,398740,,,,,,,,,,1.547,455961.768,Device,,NVIDIA A100-SXM4-40GB MIG 4g.20gb (0),1,,13,[CUDA memset]
5719285222,3584,398745,,,,,,,,,,0.031,8732.116,Pinned,Device,NVIDIA A100-SXM4-40GB MIG 4g.20gb (0),1,,13,[CUDA memcpy Host-to-Device]
5719291174,9376,398746,,,,,,,,,,0.197,20969.226,Pinned,Device,NVIDIA A100-SXM4-40GB MIG 4g.20gb (0),1,,13,[CUDA memcpy Host-to-Device]
5719305958,5920,398747,273,1,1,8,4,1,39,0.002,0.000,,,,,NVIDIA A100-SXM4-40GB MIG 4g.20gb (0),1,,13,"void channel_eq::eqMmseCoefCompLowMimoKernel<float, float, float, (unsigned int)4, (unsigned int)1, (unsigned int)4>(const channel_eq::_puschRxChEqStatDescr *, channel_eq::_puschRxChEqCoefCompDynDescr)"
5719312998,6432,398748,273,1,1,12,11,1,51,0.002,0.000,,,,,NVIDIA A100-SXM4-40GB MIG 4g.20gb (0),1,,13,"void channel_eq::eqMmseSoftDemapKernel<float, __half, __half, float, (unsigned int)4, (unsigned short)16383>(channel_eq::_puschRxChEqStatDescr *, channel_eq::_puschRxChEqSoftDemapDynDescr)"
5719320422,282588,398749,1,1,1,32,32,1,30,0.000,0.000,,,,,NVIDIA A100-SXM4-40GB MIG 4g.20gb (0),1,,13,"void convert_kernel<float2, __half2>(tensor_layout_any, T1 *, tensor_layout_any, const T2 *)"
5719604066,11040,398761,2253,1,1,128,1,1,16,0.000,0.000,,,,,NVIDIA A100-SXM4-40GB MIG 4g.20gb (0),1,,13,cupy_copy__float16_float16
5719616706,3168,398770,282,1,1,128,1,1,16,0.000,0.000,,,,,NVIDIA A100-SXM4-40GB MIG 4g.20gb (0),1,,13,cupy_copy__complex64_complex64
5719620898,2304,398779,26,1,1,128,1,1,16,0.000,0.000,,,,,NVIDIA A100-SXM4-40GB MIG 4g.20gb (0),1,,13,cupy_copy__float32_float32
5719624706,2912,398788,103,1,1,128,1,1,16,0.000,0.000,,,,,NVIDIA A100-SXM4-40GB MIG 4g.20gb (0),1,,13,cupy_copy__complex64_complex64
5719630114,11968,398798,1434,1,1,128,1,1,16,0.000,0.000,,,,,NVIDIA A100-SXM4-40GB MIG 4g.20gb (0),1,,13,cupy_copy__complex64_complex64
5719651618,81375,398803,1,1,1,32,32,1,30,0.000,0.000,,,,,NVIDIA A100-SXM4-40GB MIG 4g.20gb (0),1,,13,"void convert_kernel<__half2, float2>(tensor_layout_any, T1 *, tensor_layout_any, const T2 *)"
5719759776,5664,398806,,,,,,,,,,0.094,16542.310,Pinned,Device,NVIDIA A100-SXM4-40GB MIG 4g.20gb (0),1,,13,[CUDA memcpy Host-to-Device]
5719770112,597113,398807,,,,,,,,,,456.561,764283.851,Device,,NVIDIA A100-SXM4-40GB MIG 4g.20gb (0),1,,13,[CUDA memset]
5720371065,143070,398812,,,,,,,,,,1.235,8631.024,Pinned,Device,NVIDIA A100-SXM4-40GB MIG 4g.20gb (0),1,,13,[CUDA memcpy Host-to-Device]
5720523351,41695,398813,,,,,,,,,,0.197,4715.250,Pinned,Device,NVIDIA A100-SXM4-40GB MIG 4g.20gb (0),1,,13,[CUDA memcpy Host-to-Device]
5720591158,8064,398814,69,4,1,48,1,1,76,0.002,0.000,,,,,NVIDIA A100-SXM4-40GB MIG 4g.20gb (0),1,,13,"void ch_est::windowedChEstPreNoDftSOfdmKernel<float, __half, float, (unsigned int)2, (unsigned int)1, (unsigned short)4>(ch_est::puschRxChEstStatDescr_t *, ch_est::puschRxChEstDynDescr_t *)"
5720605846,6880,398815,137,2,1,24,2,1,44,0.001,0.001,,,,,NVIDIA A100-SXM4-40GB MIG 4g.20gb (0),1,,13,"void ch_est::chEstFilterNoDftSOfdmDispatchKernel<float, __half, float, (unsigned int)2>(ch_est::puschRxChEstStatDescr_t *, ch_est::puschRxChEstDynDescr_t *)"
5720620662,5056,398816,137,2,1,24,2,1,44,0.001,0.001,,,,,NVIDIA A100-SXM4-40GB MIG 4g.20gb (0),1,,13,"void ch_est::chEstFilterNoDftSOfdmDispatchKernel<float, __half, float, (unsigned int)2>(ch_est::puschRxChEstStatDescr_t *, ch_est::puschRxChEstDynDescr_t *)"
5720630710,2752,398827,103,1,1,128,1,1,16,0.000,0.000,,,,,NVIDIA A100-SXM4-40GB MIG 4g.20gb (0),1,,13,cupy_copy__complex64_complex64
5720640854,12607,398837,1434,1,1,128,1,1,16,0.000,0.000,,,,,NVIDIA A100-SXM4-40GB MIG 4g.20gb (0),1,,13,cupy_copy__complex64_complex64
5720657589,2528,398844,103,1,1,128,1,1,16,0.000,0.000,,,,,NVIDIA A100-SXM4-40GB MIG 4g.20gb (0),1,,13,cupy_copy__complex64_complex64
5720668117,83839,398851,1,1,1,32,32,1,30,0.000,0.000,,,,,NVIDIA A100-SXM4-40GB MIG 4g.20gb (0),1,,13,"void convert_kernel<__half2, float2>(tensor_layout_any, T1 *, tensor_layout_any, const T2 *)"
5720782164,10080,398854,,,,,,,,,,0.094,9295.205,Pinned,Device,NVIDIA A100-SXM4-40GB MIG 4g.20gb (0),1,,13,[CUDA memcpy Host-to-Device]
5720801748,47103,398855,,,,,,,,,,35.810,760244.602,Device,,NVIDIA A100-SXM4-40GB MIG 4g.20gb (0),1,,13,[CUDA memset]
5720854451,8256,398857,,,,,,,,,,0.000,9.690,Pinned,Device,NVIDIA A100-SXM4-40GB MIG 4g.20gb (0),1,,13,[CUDA memcpy Host-to-Device]
5720867091,21951,398858,,,,,,,,,,0.197,8956.674,Pinned,Device,NVIDIA A100-SXM4-40GB MIG 4g.20gb (0),1,,13,[CUDA memcpy Host-to-Device]
5720903698,9888,398859,273,1,1,48,1,1,40,0.000,0.001,,,,,NVIDIA A100-SXM4-40GB MIG 4g.20gb (0),1,,13,"void pusch_noise_intf_est::noiseIntfEstNoDftSOfdmKernel<float, __half, float, float, (unsigned int)2, (unsigned int)1, (unsigned char)4, (unsigned char)4>(pusch_noise_intf_est::puschRxNoiseIntfEstDynDescr)"
5720924178,2784,398870,35,1,1,128,1,1,16,0.000,0.000,,,,,NVIDIA A100-SXM4-40GB MIG 4g.20gb (0),1,,13,cupy_copy__complex64_complex64
5720937010,1728,398879,1,1,1,1,1,1,18,0.000,0.000,,,,,NVIDIA A100-SXM4-40GB MIG 4g.20gb (0),1,,13,cupy_copy__float32_float32
5720943250,4608,398885,,,,,,,,,,0.000,0.868,Device,Pageable,NVIDIA A100-SXM4-40GB MIG 4g.20gb (0),1,,7,[CUDA memcpy Device-to-Host]
5721023409,13280,398896,1434,1,1,128,1,1,16,0.000,0.000,,,,,NVIDIA A100-SXM4-40GB MIG 4g.20gb (0),1,,13,cupy_copy__complex64_complex64
5721052720,2976,398903,103,1,1,128,1,1,16,0.000,0.000,,,,,NVIDIA A100-SXM4-40GB MIG 4g.20gb (0),1,,13,cupy_copy__complex64_complex64
5721074096,2656,398910,35,1,1,128,1,1,16,0.000,0.000,,,,,NVIDIA A100-SXM4-40GB MIG 4g.20gb (0),1,,13,cupy_copy__complex64_complex64
5721092912,1792,398917,1,1,1,1,1,1,18,0.000,0.000,,,,,NVIDIA A100-SXM4-40GB MIG 4g.20gb (0),1,,13,cupy_copy__float32_float32
5721216846,87551,398928,1,1,1,32,32,1,30,0.000,0.000,,,,,NVIDIA A100-SXM4-40GB MIG 4g.20gb (0),1,,13,"void convert_kernel<__half2, float2>(tensor_layout_any, T1 *, tensor_layout_any, const T2 *)"
5721332429,6016,398931,,,,,,,,,,0.094,15574.430,Pinned,Device,NVIDIA A100-SXM4-40GB MIG 4g.20gb (0),1,,13,[CUDA memcpy Host-to-Device]
5721347373,3232,398932,,,,,,,,,,1.547,478533.199,Device,,NVIDIA A100-SXM4-40GB MIG 4g.20gb (0),1,,13,[CUDA memset]
5721353869,3744,398937,,,,,,,,,,0.031,8358.974,Pinned,Device,NVIDIA A100-SXM4-40GB MIG 4g.20gb (0),1,,13,[CUDA memcpy Host-to-Device]
5721360237,9984,398938,,,,,,,,,,0.197,19692.257,Pinned,Device,NVIDIA A100-SXM4-40GB MIG 4g.20gb (0),1,,13,[CUDA memcpy Host-to-Device]
5721375788,6176,398939,273,1,1,8,4,1,39,0.002,0.000,,,,,NVIDIA A100-SXM4-40GB MIG 4g.20gb (0),1,,13,"void channel_eq::eqMmseCoefCompLowMimoKernel<float, float, float, (unsigned int)4, (unsigned int)1, (unsigned int)4>(const channel_eq::_puschRxChEqStatDescr *, channel_eq::_puschRxChEqCoefCompDynDescr)"
5721383340,6048,398940,273,1,1,12,11,1,51,0.002,0.000,,,,,NVIDIA A100-SXM4-40GB MIG 4g.20gb (0),1,,13,"void channel_eq::eqMmseSoftDemapKernel<float, __half, __half, float, (unsigned int)4, (unsigned short)16383>(channel_eq::_puschRxChEqStatDescr *, channel_eq::_puschRxChEqSoftDemapDynDescr)"
5721390732,294749,398941,1,1,1,32,32,1,30,0.000,0.000,,,,,NVIDIA A100-SXM4-40GB MIG 4g.20gb (0),1,,13,"void convert_kernel<float2, __half2>(tensor_layout_any, T1 *, tensor_layout_any, const T2 *)"
5721686889,10943,398953,2253,1,1,128,1,1,16,0.000,0.000,,,,,NVIDIA A100-SXM4-40GB MIG 4g.20gb (0),1,,13,cupy_copy__float16_float16
5721702696,3040,398962,282,1,1,128,1,1,16,0.000,0.000,,,,,NVIDIA A100-SXM4-40GB MIG 4g.20gb (0),1,,13,cupy_copy__complex64_complex64
5721709896,2272,398971,26,1,1,128,1,1,16,0.000,0.000,,,,,NVIDIA A100-SXM4-40GB MIG 4g.20gb (0),1,,13,cupy_copy__float32_float32
5721715560,2912,398980,103,1,1,128,1,1,16,0.000,0.000,,,,,NVIDIA A100-SXM4-40GB MIG 4g.20gb (0),1,,13,cupy_copy__complex64_complex64
5721719464,12096,398990,1434,1,1,128,1,1,16,0.000,0.000,,,,,NVIDIA A100-SXM4-40GB MIG 4g.20gb (0),1,,13,cupy_copy__complex64_complex64
5721734984,87231,398995,1,1,1,32,32,1,30,0.000,0.000,,,,,NVIDIA A100-SXM4-40GB MIG 4g.20gb (0),1,,13,"void convert_kernel<__half2, float2>(tensor_layout_any, T1 *, tensor_layout_any, const T2 *)"
5721849255,5440,398998,,,,,,,,,,0.094,17223.480,Pinned,Device,NVIDIA A100-SXM4-40GB MIG 4g.20gb (0),1,,13,[CUDA memcpy Host-to-Device]
5721858758,599801,398999,,,,,,,,,,456.561,761087.920,Device,,NVIDIA A100-SXM4-40GB MIG 4g.20gb (0),1,,13,[CUDA memset]
5722465727,157278,399004,,,,,,,,,,1.235,7851.774,Pinned,Device,NVIDIA A100-SXM4-40GB MIG 4g.20gb (0),1,,13,[CUDA memcpy Host-to-Device]
5722633757,34432,399005,,,,,,,,,,0.197,5709.890,Pinned,Device,NVIDIA A100-SXM4-40GB MIG 4g.20gb (0),1,,13,[CUDA memcpy Host-to-Device]
5722685500,8192,399006,69,4,1,48,1,1,76,0.002,0.000,,,,,NVIDIA A100-SXM4-40GB MIG 4g.20gb (0),1,,13,"void ch_est::windowedChEstPreNoDftSOfdmKernel<float, __half, float, (unsigned int)2, (unsigned int)1, (unsigned short)4>(ch_est::puschRxChEstStatDescr_t *, ch_est::puschRxChEstDynDescr_t *)"
5722704028,6784,399007,137,2,1,24,2,1,44,0.001,0.001,,,,,NVIDIA A100-SXM4-40GB MIG 4g.20gb (0),1,,13,"void ch_est::chEstFilterNoDftSOfdmDispatchKernel<float, __half, float, (unsigned int)2>(ch_est::puschRxChEstStatDescr_t *, ch_est::puschRxChEstDynDescr_t *)"
5722716956,4736,399008,137,2,1,24,2,1,44,0.001,0.001,,,,,NVIDIA A100-SXM4-40GB MIG 4g.20gb (0),1,,13,"void ch_est::chEstFilterNoDftSOfdmDispatchKernel<float, __half, float, (unsigned int)2>(ch_est::puschRxChEstStatDescr_t *, ch_est::puschRxChEstDynDescr_t *)"
5722731580,2656,399019,103,1,1,128,1,1,16,0.000,0.000,,,,,NVIDIA A100-SXM4-40GB MIG 4g.20gb (0),1,,13,cupy_copy__complex64_complex64
5722743548,12895,399029,1434,1,1,128,1,1,16,0.000,0.000,,,,,NVIDIA A100-SXM4-40GB MIG 4g.20gb (0),1,,13,cupy_copy__complex64_complex64
5722764475,2912,399036,103,1,1,128,1,1,16,0.000,0.000,,,,,NVIDIA A100-SXM4-40GB MIG 4g.20gb (0),1,,13,cupy_copy__complex64_complex64
5722774619,85375,399043,1,1,1,32,32,1,30,0.000,0.000,,,,,NVIDIA A100-SXM4-40GB MIG 4g.20gb (0),1,,13,"void convert_kernel<__half2, float2>(tensor_layout_any, T1 *, tensor_layout_any, const T2 *)"
5722888570,5504,399046,,,,,,,,,,0.094,17023.251,Pinned,Device,NVIDIA A100-SXM4-40GB MIG 4g.20gb (0),1,,13,[CUDA memcpy Host-to-Device]
5722902618,46783,399047,,,,,,,,,,35.810,765437.040,Device,,NVIDIA A100-SXM4-40GB MIG 4g.20gb (0),1,,13,[CUDA memset]
5722954649,4256,399049,,,,,,,,,,0.000,18.797,Pinned,Device,NVIDIA A100-SXM4-40GB MIG 4g.20gb (0),1,,13,[CUDA memcpy Host-to-Device]
5722963385,12832,399050,,,,,,,,,,0.197,15321.661,Pinned,Device,NVIDIA A100-SXM4-40GB MIG 4g.20gb (0),1,,13,[CUDA memcpy Host-to-Device]
5722984505,10655,399051,273,1,1,48,1,1,40,0.000,0.001,,,,,NVIDIA A100-SXM4-40GB MIG 4g.20gb (0),1,,13,"void pusch_noise_intf_est::noiseIntfEstNoDftSOfdmKernel<float, __half, float, float, (unsigned int)2, (unsigned int)1, (unsigned char)4, (unsigned char)4>(pusch_noise_intf_est::puschRxNoiseIntfEstDynDescr)"
5722998072,2912,399062,35,1,1,128,1,1,16,0.000,0.000,,,,,NVIDIA A100-SXM4-40GB MIG 4g.20gb (0),1,,13,cupy_copy__complex64_complex64
5723011736,1792,399071,1,1,1,1,1,1,18,0.000,0.000,,,,,NVIDIA A100-SXM4-40GB MIG 4g.20gb (0),1,,13,cupy_copy__float32_float32
5723042104,1600,399077,,,,,,,,,,0.000,2.500,Device,Pageable,NVIDIA A100-SXM4-40GB MIG 4g.20gb (0),1,,7,[CUDA memcpy Device-to-Host]
5723102071,13120,399088,1434,1,1,128,1,1,16,0.000,0.000,,,,,NVIDIA A100-SXM4-40GB MIG 4g.20gb (0),1,,13,cupy_copy__complex64_complex64
5723129559,2976,399095,103,1,1,128,1,1,16,0.000,0.000,,,,,NVIDIA A100-SXM4-40GB MIG 4g.20gb (0),1,,13,cupy_copy__complex64_complex64
5723150007,2336,399102,35,1,1,128,1,1,16,0.000,0.000,,,,,NVIDIA A100-SXM4-40GB MIG 4g.20gb (0),1,,13,cupy_copy__complex64_complex64
5723168662,1824,399109,1,1,1,1,1,1,18,0.000,0.000,,,,,NVIDIA A100-SXM4-40GB MIG 4g.20gb (0),1,,13,cupy_copy__float32_float32
5723299253,81279,399120,1,1,1,32,32,1,30,0.000,0.000,,,,,NVIDIA A100-SXM4-40GB MIG 4g.20gb (0),1,,13,"void convert_kernel<__half2, float2>(tensor_layout_any, T1 *, tensor_layout_any, const T2 *)"
5723408275,5696,399123,,,,,,,,,,0.094,16449.363,Pinned,Device,NVIDIA A100-SXM4-40GB MIG 4g.20gb (0),1,,13,[CUDA memcpy Host-to-Device]
5723422579,3392,399124,,,,,,,,,,1.547,455961.768,Device,,NVIDIA A100-SXM4-40GB MIG 4g.20gb (0),1,,13,[CUDA memset]
5723429747,3456,399129,,,,,,,,,,0.031,9055.529,Pinned,Device,NVIDIA A100-SXM4-40GB MIG 4g.20gb (0),1,,13,[CUDA memcpy Host-to-Device]
5723435891,9408,399130,,,,,,,,,,0.197,20897.858,Pinned,Device,NVIDIA A100-SXM4-40GB MIG 4g.20gb (0),1,,13,[CUDA memcpy Host-to-Device]
5723452115,6368,399131,273,1,1,8,4,1,39,0.002,0.000,,,,,NVIDIA A100-SXM4-40GB MIG 4g.20gb (0),1,,13,"void channel_eq::eqMmseCoefCompLowMimoKernel<float, float, float, (unsigned int)4, (unsigned int)1, (unsigned int)4>(const channel_eq::_puschRxChEqStatDescr *, channel_eq::_puschRxChEqCoefCompDynDescr)"
5723459507,5984,399132,273,1,1,12,11,1,51,0.002,0.000,,,,,NVIDIA A100-SXM4-40GB MIG 4g.20gb (0),1,,13,"void channel_eq::eqMmseSoftDemapKernel<float, __half, __half, float, (unsigned int)4, (unsigned short)16383>(channel_eq::_puschRxChEqStatDescr *, channel_eq::_puschRxChEqSoftDemapDynDescr)"
5723466451,282332,399133,1,1,1,32,32,1,30,0.000,0.000,,,,,NVIDIA A100-SXM4-40GB MIG 4g.20gb (0),1,,13,"void convert_kernel<float2, __half2>(tensor_layout_any, T1 *, tensor_layout_any, const T2 *)"
5723749743,10880,399145,2253,1,1,128,1,1,16,0.000,0.000,,,,,NVIDIA A100-SXM4-40GB MIG 4g.20gb (0),1,,13,cupy_copy__float16_float16
5723764015,3424,399154,282,1,1,128,1,1,16,0.000,0.000,,,,,NVIDIA A100-SXM4-40GB MIG 4g.20gb (0),1,,13,cupy_copy__complex64_complex64
5723770447,2176,399163,26,1,1,128,1,1,16,0.000,0.000,,,,,NVIDIA A100-SXM4-40GB MIG 4g.20gb (0),1,,13,cupy_copy__float32_float32
5723776463,4736,399172,103,1,1,128,1,1,16,0.000,0.000,,,,,NVIDIA A100-SXM4-40GB MIG 4g.20gb (0),1,,13,cupy_copy__complex64_complex64
5723783599,12032,399182,1434,1,1,128,1,1,16,0.000,0.000,,,,,NVIDIA A100-SXM4-40GB MIG 4g.20gb (0),1,,13,cupy_copy__complex64_complex64
5723801295,81439,399187,1,1,1,32,32,1,30,0.000,0.000,,,,,NVIDIA A100-SXM4-40GB MIG 4g.20gb (0),1,,13,"void convert_kernel<__half2, float2>(tensor_layout_any, T1 *, tensor_layout_any, const T2 *)"
5723910381,5888,399190,,,,,,,,,,0.094,15912.954,Pinned,Device,NVIDIA A100-SXM4-40GB MIG 4g.20gb (0),1,,13,[CUDA memcpy Host-to-Device]
5723920333,597049,399191,,,,,,,,,,456.561,764283.851,Device,,NVIDIA A100-SXM4-40GB MIG 4g.20gb (0),1,,13,[CUDA memset]
5724527974,181405,399196,,,,,,,,,,1.235,6807.011,Pinned,Device,NVIDIA A100-SXM4-40GB MIG 4g.20gb (0),1,,13,[CUDA memcpy Host-to-Device]
5724721059,39392,399197,,,,,,,,,,0.197,4990.894,Pinned,Device,NVIDIA A100-SXM4-40GB MIG 4g.20gb (0),1,,13,[CUDA memcpy Host-to-Device]
5724787938,8128,399198,69,4,1,48,1,1,76,0.002,0.000,,,,,NVIDIA A100-SXM4-40GB MIG 4g.20gb (0),1,,13,"void ch_est::windowedChEstPreNoDftSOfdmKernel<float, __half, float, (unsigned int)2, (unsigned int)1, (unsigned short)4>(ch_est::puschRxChEstStatDescr_t *, ch_est::puschRxChEstDynDescr_t *)"
5724805090,6528,399199,137,2,1,24,2,1,44,0.001,0.001,,,,,NVIDIA A100-SXM4-40GB MIG 4g.20gb (0),1,,13,"void ch_est::chEstFilterNoDftSOfdmDispatchKernel<float, __half, float, (unsigned int)2>(ch_est::puschRxChEstStatDescr_t *, ch_est::puschRxChEstDynDescr_t *)"
5724829282,4736,399200,137,2,1,24,2,1,44,0.001,0.001,,,,,NVIDIA A100-SXM4-40GB MIG 4g.20gb (0),1,,13,"void ch_est::chEstFilterNoDftSOfdmDispatchKernel<float, __half, float, (unsigned int)2>(ch_est::puschRxChEstStatDescr_t *, ch_est::puschRxChEstDynDescr_t *)"
5724849122,2496,399211,103,1,1,128,1,1,16,0.000,0.000,,,,,NVIDIA A100-SXM4-40GB MIG 4g.20gb (0),1,,13,cupy_copy__complex64_complex64
5724868065,12448,399221,1434,1,1,128,1,1,16,0.000,0.000,,,,,NVIDIA A100-SXM4-40GB MIG 4g.20gb (0),1,,13,cupy_copy__complex64_complex64
5724886721,2944,399228,103,1,1,128,1,1,16,0.000,0.000,,,,,NVIDIA A100-SXM4-40GB MIG 4g.20gb (0),1,,13,cupy_copy__complex64_complex64
5724908257,91359,399235,1,1,1,32,32,1,30,0.000,0.000,,,,,NVIDIA A100-SXM4-40GB MIG 4g.20gb (0),1,,13,"void convert_kernel<__half2, float2>(tensor_layout_any, T1 *, tensor_layout_any, const T2 *)"
5725032095,25952,399238,,,,,,,,,,0.094,3610.294,Pinned,Device,NVIDIA A100-SXM4-40GB MIG 4g.20gb (0),1,,13,[CUDA memcpy Host-to-Device]
5725085215,47391,399239,,,,,,,,,,35.810,755625.122,Device,,NVIDIA A100-SXM4-40GB MIG 4g.20gb (0),1,,13,[CUDA memset]
5725140190,8032,399241,,,,,,,,,,0.000,9.960,Pinned,Device,NVIDIA A100-SXM4-40GB MIG 4g.20gb (0),1,,13,[CUDA memcpy Host-to-Device]
5725155678,25312,399242,,,,,,,,,,0.197,7767.196,Pinned,Device,NVIDIA A100-SXM4-40GB MIG 4g.20gb (0),1,,13,[CUDA memcpy Host-to-Device]
5725192285,9920,399243,273,1,1,48,1,1,40,0.000,0.001,,,,,NVIDIA A100-SXM4-40GB MIG 4g.20gb (0),1,,13,"void pusch_noise_intf_est::noiseIntfEstNoDftSOfdmKernel<float, __half, float, float, (unsigned int)2, (unsigned int)1, (unsigned char)4, (unsigned char)4>(pusch_noise_intf_est::puschRxNoiseIntfEstDynDescr)"
5725204733,2912,399254,35,1,1,128,1,1,16,0.000,0.000,,,,,NVIDIA A100-SXM4-40GB MIG 4g.20gb (0),1,,13,cupy_copy__complex64_complex64
5725211389,1920,399263,1,1,1,1,1,1,18,0.000,0.000,,,,,NVIDIA A100-SXM4-40GB MIG 4g.20gb (0),1,,13,cupy_copy__float32_float32
5725214621,2016,399269,,,,,,,,,,0.000,1.984,Device,Pageable,NVIDIA A100-SXM4-40GB MIG 4g.20gb (0),1,,7,[CUDA memcpy Device-to-Host]
5725277340,12896,399280,1434,1,1,128,1,1,16,0.000,0.000,,,,,NVIDIA A100-SXM4-40GB MIG 4g.20gb (0),1,,13,cupy_copy__complex64_complex64
5725301948,2912,399287,103,1,1,128,1,1,16,0.000,0.000,,,,,NVIDIA A100-SXM4-40GB MIG 4g.20gb (0),1,,13,cupy_copy__complex64_complex64
5725323388,2560,399294,35,1,1,128,1,1,16,0.000,0.000,,,,,NVIDIA A100-SXM4-40GB MIG 4g.20gb (0),1,,13,cupy_copy__complex64_complex64
5725341404,1984,399301,1,1,1,1,1,1,18,0.000,0.000,,,,,NVIDIA A100-SXM4-40GB MIG 4g.20gb (0),1,,13,cupy_copy__float32_float32
5725474202,82527,399312,1,1,1,32,32,1,30,0.000,0.000,,,,,NVIDIA A100-SXM4-40GB MIG 4g.20gb (0),1,,13,"void convert_kernel<__half2, float2>(tensor_layout_any, T1 *, tensor_layout_any, const T2 *)"
5725583865,5792,399315,,,,,,,,,,0.094,16176.708,Pinned,Device,NVIDIA A100-SXM4-40GB MIG 4g.20gb (0),1,,13,[CUDA memcpy Host-to-Device]
5725598424,3168,399316,,,,,,,,,,1.547,488201.145,Device,,NVIDIA A100-SXM4-40GB MIG 4g.20gb (0),1,,13,[CUDA memset]
5725606552,3392,399321,,,,,,,,,,0.031,9226.405,Pinned,Device,NVIDIA A100-SXM4-40GB MIG 4g.20gb (0),1,,13,[CUDA memcpy Host-to-Device]
5725612344,9920,399322,,,,,,,,,,0.197,19819.266,Pinned,Device,NVIDIA A100-SXM4-40GB MIG 4g.20gb (0),1,,13,[CUDA memcpy Host-to-Device]
5725628056,6368,399323,273,1,1,8,4,1,39,0.002,0.000,,,,,NVIDIA A100-SXM4-40GB MIG 4g.20gb (0),1,,13,"void channel_eq::eqMmseCoefCompLowMimoKernel<float, float, float, (unsigned int)4, (unsigned int)1, (unsigned int)4>(const channel_eq::_puschRxChEqStatDescr *, channel_eq::_puschRxChEqCoefCompDynDescr)"
5725635960,6048,399324,273,1,1,12,11,1,51,0.002,0.000,,,,,NVIDIA A100-SXM4-40GB MIG 4g.20gb (0),1,,13,"void channel_eq::eqMmseSoftDemapKernel<float, __half, __half, float, (unsigned int)4, (unsigned short)16383>(channel_eq::_puschRxChEqStatDescr *, channel_eq::_puschRxChEqSoftDemapDynDescr)"
5725643384,294780,399325,1,1,1,32,32,1,30,0.000,0.000,,,,,NVIDIA A100-SXM4-40GB MIG 4g.20gb (0),1,,13,"void convert_kernel<float2, __half2>(tensor_layout_any, T1 *, tensor_layout_any, const T2 *)"
5725939220,10976,399337,2253,1,1,128,1,1,16,0.000,0.000,,,,,NVIDIA A100-SXM4-40GB MIG 4g.20gb (0),1,,13,cupy_copy__float16_float16
5725951924,3520,399346,282,1,1,128,1,1,16,0.000,0.000,,,,,NVIDIA A100-SXM4-40GB MIG 4g.20gb (0),1,,13,cupy_copy__complex64_complex64
5725956436,2016,399355,26,1,1,128,1,1,16,0.000,0.000,,,,,NVIDIA A100-SXM4-40GB MIG 4g.20gb (0),1,,13,cupy_copy__float32_float32
5725959892,4576,399364,103,1,1,128,1,1,16,0.000,0.000,,,,,NVIDIA A100-SXM4-40GB MIG 4g.20gb (0),1,,13,cupy_copy__complex64_complex64
5725968564,12256,399374,1434,1,1,128,1,1,16,0.000,0.000,,,,,NVIDIA A100-SXM4-40GB MIG 4g.20gb (0),1,,13,cupy_copy__complex64_complex64
5725984660,81375,399379,1,1,1,32,32,1,30,0.000,0.000,,,,,NVIDIA A100-SXM4-40GB MIG 4g.20gb (0),1,,13,"void convert_kernel<__half2, float2>(tensor_layout_any, T1 *, tensor_layout_any, const T2 *)"
5726092850,5472,399382,,,,,,,,,,0.094,17122.757,Pinned,Device,NVIDIA A100-SXM4-40GB MIG 4g.20gb (0),1,,13,[CUDA memcpy Host-to-Device]
5726102962,596377,399383,,,,,,,,,,456.561,765196.973,Device,,NVIDIA A100-SXM4-40GB MIG 4g.20gb (0),1,,13,[CUDA memset]
5726700267,150718,399388,,,,,,,,,,1.235,8192.618,Pinned,Device,NVIDIA A100-SXM4-40GB MIG 4g.20gb (0),1,,13,[CUDA memcpy Host-to-Device]
5726863241,43263,399389,,,,,,,,,,0.197,4544.397,Pinned,Device,NVIDIA A100-SXM4-40GB MIG 4g.20gb (0),1,,13,[CUDA memcpy Host-to-Device]
5726948136,8480,399390,69,4,1,48,1,1,76,0.002,0.000,,,,,NVIDIA A100-SXM4-40GB MIG 4g.20gb (0),1,,13,"void ch_est::windowedChEstPreNoDftSOfdmKernel<float, __half, float, (unsigned int)2, (unsigned int)1, (unsigned short)4>(ch_est::puschRxChEstStatDescr_t *, ch_est::puschRxChEstDynDescr_t *)"
5726967400,6783,399391,137,2,1,24,2,1,44,0.001,0.001,,,,,NVIDIA A100-SXM4-40GB MIG 4g.20gb (0),1,,13,"void ch_est::chEstFilterNoDftSOfdmDispatchKernel<float, __half, float, (unsigned int)2>(ch_est::puschRxChEstStatDescr_t *, ch_est::puschRxChEstDynDescr_t *)"
5726983879,4768,399392,137,2,1,24,2,1,44,0.001,0.001,,,,,NVIDIA A100-SXM4-40GB MIG 4g.20gb (0),1,,13,"void ch_est::chEstFilterNoDftSOfdmDispatchKernel<float, __half, float, (unsigned int)2>(ch_est::puschRxChEstStatDescr_t *, ch_est::puschRxChEstDynDescr_t *)"
5727000583,2688,399403,103,1,1,128,1,1,16,0.000,0.000,,,,,NVIDIA A100-SXM4-40GB MIG 4g.20gb (0),1,,13,cupy_copy__complex64_complex64
5727016743,12704,399413,1434,1,1,128,1,1,16,0.000,0.000,,,,,NVIDIA A100-SXM4-40GB MIG 4g.20gb (0),1,,13,cupy_copy__complex64_complex64
5727038247,2880,399420,103,1,1,128,1,1,16,0.000,0.000,,,,,NVIDIA A100-SXM4-40GB MIG 4g.20gb (0),1,,13,cupy_copy__complex64_complex64
5727061510,85183,399427,1,1,1,32,32,1,30,0.000,0.000,,,,,NVIDIA A100-SXM4-40GB MIG 4g.20gb (0),1,,13,"void convert_kernel<__half2, float2>(tensor_layout_any, T1 *, tensor_layout_any, const T2 *)"
5727180357,26624,399430,,,,,,,,,,0.094,3519.222,Pinned,Device,NVIDIA A100-SXM4-40GB MIG 4g.20gb (0),1,,13,[CUDA memcpy Host-to-Device]
5727223332,47360,399431,,,,,,,,,,35.810,756090.651,Device,,NVIDIA A100-SXM4-40GB MIG 4g.20gb (0),1,,13,[CUDA memset]
5727282052,12512,399433,,,,,,,,,,0.000,6.394,Pinned,Device,NVIDIA A100-SXM4-40GB MIG 4g.20gb (0),1,,13,[CUDA memcpy Host-to-Device]
5727308291,26272,399434,,,,,,,,,,0.197,7483.490,Pinned,Device,NVIDIA A100-SXM4-40GB MIG 4g.20gb (0),1,,13,[CUDA memcpy Host-to-Device]
5727354243,10144,399435,273,1,1,48,1,1,40,0.000,0.001,,,,,NVIDIA A100-SXM4-40GB MIG 4g.20gb (0),1,,13,"void pusch_noise_intf_est::noiseIntfEstNoDftSOfdmKernel<float, __half, float, float, (unsigned int)2, (unsigned int)1, (unsigned char)4, (unsigned char)4>(pusch_noise_intf_est::puschRxNoiseIntfEstDynDescr)"
5727370851,2624,399446,35,1,1,128,1,1,16,0.000,0.000,,,,,NVIDIA A100-SXM4-40GB MIG 4g.20gb (0),1,,13,cupy_copy__complex64_complex64
5727387618,1664,399455,1,1,1,1,1,1,18,0.000,0.000,,,,,NVIDIA A100-SXM4-40GB MIG 4g.20gb (0),1,,13,cupy_copy__float32_float32
5727392322,7040,399461,,,,,,,,,,0.000,0.568,Device,Pageable,NVIDIA A100-SXM4-40GB MIG 4g.20gb (0),1,,7,[CUDA memcpy Device-to-Host]
5727492129,12480,399472,1434,1,1,128,1,1,16,0.000,0.000,,,,,NVIDIA A100-SXM4-40GB MIG 4g.20gb (0),1,,13,cupy_copy__complex64_complex64
5727515265,3552,399479,103,1,1,128,1,1,16,0.000,0.000,,,,,NVIDIA A100-SXM4-40GB MIG 4g.20gb (0),1,,13,cupy_copy__complex64_complex64
5727534785,2496,399486,35,1,1,128,1,1,16,0.000,0.000,,,,,NVIDIA A100-SXM4-40GB MIG 4g.20gb (0),1,,13,cupy_copy__complex64_complex64
5727554080,2048,399493,1,1,1,1,1,1,18,0.000,0.000,,,,,NVIDIA A100-SXM4-40GB MIG 4g.20gb (0),1,,13,cupy_copy__float32_float32
5727673151,83295,399504,1,1,1,32,32,1,30,0.000,0.000,,,,,NVIDIA A100-SXM4-40GB MIG 4g.20gb (0),1,,13,"void convert_kernel<__half2, float2>(tensor_layout_any, T1 *, tensor_layout_any, const T2 *)"
5727784317,5728,399507,,,,,,,,,,0.094,16357.541,Pinned,Device,NVIDIA A100-SXM4-40GB MIG 4g.20gb (0),1,,13,[CUDA memcpy Host-to-Device]
5727801757,3392,399508,,,,,,,,,,1.547,455961.768,Device,,NVIDIA A100-SXM4-40GB MIG 4g.20gb (0),1,,13,[CUDA memset]
5727809405,3264,399513,,,,,,,,,,0.031,9588.218,Pinned,Device,NVIDIA A100-SXM4-40GB MIG 4g.20gb (0),1,,13,[CUDA memcpy Host-to-Device]
5727815933,10048,399514,,,,,,,,,,0.197,19566.821,Pinned,Device,NVIDIA A100-SXM4-40GB MIG 4g.20gb (0),1,,13,[CUDA memcpy Host-to-Device]
5727833821,6432,399515,273,1,1,8,4,1,39,0.002,0.000,,,,,NVIDIA A100-SXM4-40GB MIG 4g.20gb (0),1,,13,"void channel_eq::eqMmseCoefCompLowMimoKernel<float, float, float, (unsigned int)4, (unsigned int)1, (unsigned int)4>(const channel_eq::_puschRxChEqStatDescr *, channel_eq::_puschRxChEqCoefCompDynDescr)"
5727841533,6176,399516,273,1,1,12,11,1,51,0.002,0.000,,,,,NVIDIA A100-SXM4-40GB MIG 4g.20gb (0),1,,13,"void channel_eq::eqMmseSoftDemapKernel<float, __half, __half, float, (unsigned int)4, (unsigned short)16383>(channel_eq::_puschRxChEqStatDescr *, channel_eq::_puschRxChEqSoftDemapDynDescr)"
5727849917,282876,399517,1,1,1,32,32,1,30,0.000,0.000,,,,,NVIDIA A100-SXM4-40GB MIG 4g.20gb (0),1,,13,"void convert_kernel<float2, __half2>(tensor_layout_any, T1 *, tensor_layout_any, const T2 *)"
5728135033,10944,399529,2253,1,1,128,1,1,16,0.000,0.000,,,,,NVIDIA A100-SXM4-40GB MIG 4g.20gb (0),1,,13,cupy_copy__float16_float16
5728149817,3360,399538,282,1,1,128,1,1,16,0.000,0.000,,,,,NVIDIA A100-SXM4-40GB MIG 4g.20gb (0),1,,13,cupy_copy__complex64_complex64
5728154873,2080,399547,26,1,1,128,1,1,16,0.000,0.000,,,,,NVIDIA A100-SXM4-40GB MIG 4g.20gb (0),1,,13,cupy_copy__float32_float32
5728158041,4544,399556,103,1,1,128,1,1,16,0.000,0.000,,,,,NVIDIA A100-SXM4-40GB MIG 4g.20gb (0),1,,13,cupy_copy__complex64_complex64
5728163961,12160,399566,1434,1,1,128,1,1,16,0.000,0.000,,,,,NVIDIA A100-SXM4-40GB MIG 4g.20gb (0),1,,13,cupy_copy__complex64_complex64
5728181913,91262,399571,1,1,1,32,32,1,30,0.000,0.000,,,,,NVIDIA A100-SXM4-40GB MIG 4g.20gb (0),1,,13,"void convert_kernel<__half2, float2>(tensor_layout_any, T1 *, tensor_layout_any, const T2 *)"
5728299927,5984,399574,,,,,,,,,,0.094,15657.726,Pinned,Device,NVIDIA A100-SXM4-40GB MIG 4g.20gb (0),1,,13,[CUDA memcpy Host-to-Device]
5728310199,597945,399575,,,,,,,,,,456.561,763370.728,Device,,NVIDIA A100-SXM4-40GB MIG 4g.20gb (0),1,,13,[CUDA memset]
5728913264,104478,399580,,,,,,,,,,1.235,11819.649,Pinned,Device,NVIDIA A100-SXM4-40GB MIG 4g.20gb (0),1,,13,[CUDA memcpy Host-to-Device]
5729024622,17984,399581,,,,,,,,,,0.197,10932.191,Pinned,Device,NVIDIA A100-SXM4-40GB MIG 4g.20gb (0),1,,13,[CUDA memcpy Host-to-Device]
5729053518,8896,399582,69,4,1,48,1,1,76,0.002,0.000,,,,,NVIDIA A100-SXM4-40GB MIG 4g.20gb (0),1,,13,"void ch_est::windowedChEstPreNoDftSOfdmKernel<float, __half, float, (unsigned int)2, (unsigned int)1, (unsigned short)4>(ch_est::puschRxChEstStatDescr_t *, ch_est::puschRxChEstDynDescr_t *)"
5729065934,7136,399583,137,2,1,24,2,1,44,0.001,0.001,,,,,NVIDIA A100-SXM4-40GB MIG 4g.20gb (0),1,,13,"void ch_est::chEstFilterNoDftSOfdmDispatchKernel<float, __half, float, (unsigned int)2>(ch_est::puschRxChEstStatDescr_t *, ch_est::puschRxChEstDynDescr_t *)"
5729076942,5151,399584,137,2,1,24,2,1,44,0.001,0.001,,,,,NVIDIA A100-SXM4-40GB MIG 4g.20gb (0),1,,13,"void ch_est::chEstFilterNoDftSOfdmDispatchKernel<float, __half, float, (unsigned int)2>(ch_est::puschRxChEstStatDescr_t *, ch_est::puschRxChEstDynDescr_t *)"
5729086189,2976,399595,103,1,1,128,1,1,16,0.000,0.000,,,,,NVIDIA A100-SXM4-40GB MIG 4g.20gb (0),1,,13,cupy_copy__complex64_complex64
5729090893,12544,399605,1434,1,1,128,1,1,16,0.000,0.000,,,,,NVIDIA A100-SXM4-40GB MIG 4g.20gb (0),1,,13,cupy_copy__complex64_complex64
5729106829,2912,399612,103,1,1,128,1,1,16,0.000,0.000,,,,,NVIDIA A100-SXM4-40GB MIG 4g.20gb (0),1,,13,cupy_copy__complex64_complex64
5729112685,87711,399619,1,1,1,32,32,1,30,0.000,0.000,,,,,NVIDIA A100-SXM4-40GB MIG 4g.20gb (0),1,,13,"void convert_kernel<__half2, float2>(tensor_layout_any, T1 *, tensor_layout_any, const T2 *)"
5729227212,5632,399622,,,,,,,,,,0.094,16636.287,Pinned,Device,NVIDIA A100-SXM4-40GB MIG 4g.20gb (0),1,,13,[CUDA memcpy Host-to-Device]
5729239628,46815,399623,,,,,,,,,,35.810,764899.891,Device,,NVIDIA A100-SXM4-40GB MIG 4g.20gb (0),1,,13,[CUDA memset]
5729293867,4096,399625,,,,,,,,,,0.000,19.531,Pinned,Device,NVIDIA A100-SXM4-40GB MIG 4g.20gb (0),1,,13,[CUDA memcpy Host-to-Device]
5729302891,13824,399626,,,,,,,,,,0.197,14222.033,Pinned,Device,NVIDIA A100-SXM4-40GB MIG 4g.20gb (0),1,,13,[CUDA memcpy Host-to-Device]
5729326474,9536,399627,273,1,1,48,1,1,40,0.000,0.001,,,,,NVIDIA A100-SXM4-40GB MIG 4g.20gb (0),1,,13,"void pusch_noise_intf_est::noiseIntfEstNoDftSOfdmKernel<float, __half, float, float, (unsigned int)2, (unsigned int)1, (unsigned char)4, (unsigned char)4>(pusch_noise_intf_est::puschRxNoiseIntfEstDynDescr)"
5729341994,2848,399638,35,1,1,128,1,1,16,0.000,0.000,,,,,NVIDIA A100-SXM4-40GB MIG 4g.20gb (0),1,,13,cupy_copy__complex64_complex64
5729350026,1728,399647,1,1,1,1,1,1,18,0.000,0.000,,,,,NVIDIA A100-SXM4-40GB MIG 4g.20gb (0),1,,13,cupy_copy__float32_float32
5729378730,1600,399653,,,,,,,,,,0.000,2.500,Device,Pageable,NVIDIA A100-SXM4-40GB MIG 4g.20gb (0),1,,7,[CUDA memcpy Device-to-Host]
5729438089,12864,399664,1434,1,1,128,1,1,16,0.000,0.000,,,,,NVIDIA A100-SXM4-40GB MIG 4g.20gb (0),1,,13,cupy_copy__complex64_complex64
5729465321,3392,399671,103,1,1,128,1,1,16,0.000,0.000,,,,,NVIDIA A100-SXM4-40GB MIG 4g.20gb (0),1,,13,cupy_copy__complex64_complex64
5729486025,2815,399678,35,1,1,128,1,1,16,0.000,0.000,,,,,NVIDIA A100-SXM4-40GB MIG 4g.20gb (0),1,,13,cupy_copy__complex64_complex64
5729503016,1792,399685,1,1,1,1,1,1,18,0.000,0.000,,,,,NVIDIA A100-SXM4-40GB MIG 4g.20gb (0),1,,13,cupy_copy__float32_float32
5729634247,82431,399696,1,1,1,32,32,1,30,0.000,0.000,,,,,NVIDIA A100-SXM4-40GB MIG 4g.20gb (0),1,,13,"void convert_kernel<__half2, float2>(tensor_layout_any, T1 *, tensor_layout_any, const T2 *)"
5729744069,5376,399699,,,,,,,,,,0.094,17428.487,Pinned,Device,NVIDIA A100-SXM4-40GB MIG 4g.20gb (0),1,,13,[CUDA memcpy Host-to-Device]
5729759141,3200,399700,,,,,,,,,,1.547,483320.000,Device,,NVIDIA A100-SXM4-40GB MIG 4g.20gb (0),1,,13,[CUDA memset]
5729765477,3040,399705,,,,,,,,,,0.031,10294.725,Pinned,Device,NVIDIA A100-SXM4-40GB MIG 4g.20gb (0),1,,13,[CUDA memcpy Host-to-Device]
5729771173,10144,399706,,,,,,,,,,0.197,19381.617,Pinned,Device,NVIDIA A100-SXM4-40GB MIG 4g.20gb (0),1,,13,[CUDA memcpy Host-to-Device]
5729785957,6016,399707,273,1,1,8,4,1,39,0.002,0.000,,,,,NVIDIA A100-SXM4-40GB MIG 4g.20gb (0),1,,13,"void channel_eq::eqMmseCoefCompLowMimoKernel<float, float, float, (unsigned int)4, (unsigned int)1, (unsigned int)4>(const channel_eq::_puschRxChEqStatDescr *, channel_eq::_puschRxChEqCoefCompDynDescr)"
5729793125,5504,399708,273,1,1,12,11,1,51,0.002,0.000,,,,,NVIDIA A100-SXM4-40GB MIG 4g.20gb (0),1,,13,"void channel_eq::eqMmseSoftDemapKernel<float, __half, __half, float, (unsigned int)4, (unsigned short)16383>(channel_eq::_puschRxChEqStatDescr *, channel_eq::_puschRxChEqSoftDemapDynDescr)"
5729800133,294428,399709,1,1,1,32,32,1,30,0.000,0.000,,,,,NVIDIA A100-SXM4-40GB MIG 4g.20gb (0),1,,13,"void convert_kernel<float2, __half2>(tensor_layout_any, T1 *, tensor_layout_any, const T2 *)"
5730095649,11040,399721,2253,1,1,128,1,1,16,0.000,0.000,,,,,NVIDIA A100-SXM4-40GB MIG 4g.20gb (0),1,,13,cupy_copy__float16_float16
5730109921,3200,399730,282,1,1,128,1,1,16,0.000,0.000,,,,,NVIDIA A100-SXM4-40GB MIG 4g.20gb (0),1,,13,cupy_copy__complex64_complex64
5730116417,2272,399739,26,1,1,128,1,1,16,0.000,0.000,,,,,NVIDIA A100-SXM4-40GB MIG 4g.20gb (0),1,,13,cupy_copy__float32_float32
5730121761,3136,399748,103,1,1,128,1,1,16,0.000,0.000,,,,,NVIDIA A100-SXM4-40GB MIG 4g.20gb (0),1,,13,cupy_copy__complex64_complex64
5730125921,11999,399758,1434,1,1,128,1,1,16,0.000,0.000,,,,,NVIDIA A100-SXM4-40GB MIG 4g.20gb (0),1,,13,cupy_copy__complex64_complex64
5730139424,81983,399763,1,1,1,32,32,1,30,0.000,0.000,,,,,NVIDIA A100-SXM4-40GB MIG 4g.20gb (0),1,,13,"void convert_kernel<__half2, float2>(tensor_layout_any, T1 *, tensor_layout_any, const T2 *)"
5730248255,5632,399766,,,,,,,,,,0.094,16636.287,Pinned,Device,NVIDIA A100-SXM4-40GB MIG 4g.20gb (0),1,,13,[CUDA memcpy Host-to-Device]
5730257983,599993,399767,,,,,,,,,,456.561,760631.359,Device,,NVIDIA A100-SXM4-40GB MIG 4g.20gb (0),1,,13,[CUDA memset]
5730868695,148863,399772,,,,,,,,,,1.235,8295.119,Pinned,Device,NVIDIA A100-SXM4-40GB MIG 4g.20gb (0),1,,13,[CUDA memcpy Host-to-Device]
5731029941,41248,399773,,,,,,,,,,0.197,4766.368,Pinned,Device,NVIDIA A100-SXM4-40GB MIG 4g.20gb (0),1,,13,[CUDA memcpy Host-to-Device]
5731089205,8000,399774,69,4,1,48,1,1,76,0.002,0.000,,,,,NVIDIA A100-SXM4-40GB MIG 4g.20gb (0),1,,13,"void ch_est::windowedChEstPreNoDftSOfdmKernel<float, __half, float, (unsigned int)2, (unsigned int)1, (unsigned short)4>(ch_est::puschRxChEstStatDescr_t *, ch_est::puschRxChEstDynDescr_t *)"
5731108373,6687,399775,137,2,1,24,2,1,44,0.001,0.001,,,,,NVIDIA A100-SXM4-40GB MIG 4g.20gb (0),1,,13,"void ch_est::chEstFilterNoDftSOfdmDispatchKernel<float, __half, float, (unsigned int)2>(ch_est::puschRxChEstStatDescr_t *, ch_est::puschRxChEstDynDescr_t *)"
5731125076,4736,399776,137,2,1,24,2,1,44,0.001,0.001,,,,,NVIDIA A100-SXM4-40GB MIG 4g.20gb (0),1,,13,"void ch_est::chEstFilterNoDftSOfdmDispatchKernel<float, __half, float, (unsigned int)2>(ch_est::puschRxChEstStatDescr_t *, ch_est::puschRxChEstDynDescr_t *)"
5731144116,2624,399787,103,1,1,128,1,1,16,0.000,0.000,,,,,NVIDIA A100-SXM4-40GB MIG 4g.20gb (0),1,,13,cupy_copy__complex64_complex64
5731158164,12256,399797,1434,1,1,128,1,1,16,0.000,0.000,,,,,NVIDIA A100-SXM4-40GB MIG 4g.20gb (0),1,,13,cupy_copy__complex64_complex64
5731186004,2624,399804,103,1,1,128,1,1,16,0.000,0.000,,,,,NVIDIA A100-SXM4-40GB MIG 4g.20gb (0),1,,13,cupy_copy__complex64_complex64
5731201811,82303,399811,1,1,1,32,32,1,30,0.000,0.000,,,,,NVIDIA A100-SXM4-40GB MIG 4g.20gb (0),1,,13,"void convert_kernel<__half2, float2>(tensor_layout_any, T1 *, tensor_layout_any, const T2 *)"
5731316402,8704,399814,,,,,,,,,,0.094,10764.640,Pinned,Device,NVIDIA A100-SXM4-40GB MIG 4g.20gb (0),1,,13,[CUDA memcpy Host-to-Device]
5731330706,47551,399815,,,,,,,,,,35.810,753082.618,Device,,NVIDIA A100-SXM4-40GB MIG 4g.20gb (0),1,,13,[CUDA memset]
5731384529,4384,399817,,,,,,,,,,0.000,18.248,Pinned,Device,NVIDIA A100-SXM4-40GB MIG 4g.20gb (0),1,,13,[CUDA memcpy Host-to-Device]
5731393905,17024,399818,,,,,,,,,,0.197,11548.754,Pinned,Device,NVIDIA A100-SXM4-40GB MIG 4g.20gb (0),1,,13,[CUDA memcpy Host-to-Device]
5731422033,9664,399819,273,1,1,48,1,1,40,0.000,0.001,,,,,NVIDIA A100-SXM4-40GB MIG 4g.20gb (0),1,,13,"void pusch_noise_intf_est::noiseIntfEstNoDftSOfdmKernel<float, __half, float, float, (unsigned int)2, (unsigned int)1, (unsigned char)4, (unsigned char)4>(pusch_noise_intf_est::puschRxNoiseIntfEstDynDescr)"
5731435312,2848,399830,35,1,1,128,1,1,16,0.000,0.000,,,,,NVIDIA A100-SXM4-40GB MIG 4g.20gb (0),1,,13,cupy_copy__complex64_complex64
5731441584,1856,399839,1,1,1,1,1,1,18,0.000,0.000,,,,,NVIDIA A100-SXM4-40GB MIG 4g.20gb (0),1,,13,cupy_copy__float32_float32
5731467312,1600,399845,,,,,,,,,,0.000,2.500,Device,Pageable,NVIDIA A100-SXM4-40GB MIG 4g.20gb (0),1,,7,[CUDA memcpy Device-to-Host]
5731527567,12736,399856,1434,1,1,128,1,1,16,0.000,0.000,,,,,NVIDIA A100-SXM4-40GB MIG 4g.20gb (0),1,,13,cupy_copy__complex64_complex64
5731556239,2624,399863,103,1,1,128,1,1,16,0.000,0.000,,,,,NVIDIA A100-SXM4-40GB MIG 4g.20gb (0),1,,13,cupy_copy__complex64_complex64
5731575727,2816,399870,35,1,1,128,1,1,16,0.000,0.000,,,,,NVIDIA A100-SXM4-40GB MIG 4g.20gb (0),1,,13,cupy_copy__complex64_complex64
5731593999,1888,399877,1,1,1,1,1,1,18,0.000,0.000,,,,,NVIDIA A100-SXM4-40GB MIG 4g.20gb (0),1,,13,cupy_copy__float32_float32
5731727949,86911,399888,1,1,1,32,32,1,30,0.000,0.000,,,,,NVIDIA A100-SXM4-40GB MIG 4g.20gb (0),1,,13,"void convert_kernel<__half2, float2>(tensor_layout_any, T1 *, tensor_layout_any, const T2 *)"
5731842955,5600,399891,,,,,,,,,,0.094,16731.388,Pinned,Device,NVIDIA A100-SXM4-40GB MIG 4g.20gb (0),1,,13,[CUDA memcpy Host-to-Device]
5731857131,3456,399892,,,,,,,,,,1.547,447517.201,Device,,NVIDIA A100-SXM4-40GB MIG 4g.20gb (0),1,,13,[CUDA memset]
5731864043,3488,399897,,,,,,,,,,0.031,8972.469,Pinned,Device,NVIDIA A100-SXM4-40GB MIG 4g.20gb (0),1,,13,[CUDA memcpy Host-to-Device]
5731869963,9632,399898,,,,,,,,,,0.197,20411.843,Pinned,Device,NVIDIA A100-SXM4-40GB MIG 4g.20gb (0),1,,13,[CUDA memcpy Host-to-Device]
5731885899,9760,399899,273,1,1,8,4,1,39,0.002,0.000,,,,,NVIDIA A100-SXM4-40GB MIG 4g.20gb (0),1,,13,"void channel_eq::eqMmseCoefCompLowMimoKernel<float, float, float, (unsigned int)4, (unsigned int)1, (unsigned int)4>(const channel_eq::_puschRxChEqStatDescr *, channel_eq::_puschRxChEqCoefCompDynDescr)"
5731898347,6144,399900,273,1,1,12,11,1,51,0.002,0.000,,,,,NVIDIA A100-SXM4-40GB MIG 4g.20gb (0),1,,13,"void channel_eq::eqMmseSoftDemapKernel<float, __half, __half, float, (unsigned int)4, (unsigned short)16383>(channel_eq::_puschRxChEqStatDescr *, channel_eq::_puschRxChEqSoftDemapDynDescr)"
5731906123,282908,399901,1,1,1,32,32,1,30,0.000,0.000,,,,,NVIDIA A100-SXM4-40GB MIG 4g.20gb (0),1,,13,"void convert_kernel<float2, __half2>(tensor_layout_any, T1 *, tensor_layout_any, const T2 *)"
5732190055,10912,399913,2253,1,1,128,1,1,16,0.000,0.000,,,,,NVIDIA A100-SXM4-40GB MIG 4g.20gb (0),1,,13,cupy_copy__float16_float16
5732202951,3808,399922,282,1,1,128,1,1,16,0.000,0.000,,,,,NVIDIA A100-SXM4-40GB MIG 4g.20gb (0),1,,13,cupy_copy__complex64_complex64
5732211367,2016,399931,26,1,1,128,1,1,16,0.000,0.000,,,,,NVIDIA A100-SXM4-40GB MIG 4g.20gb (0),1,,13,cupy_copy__float32_float32
5732217543,2784,399940,103,1,1,128,1,1,16,0.000,0.000,,,,,NVIDIA A100-SXM4-40GB MIG 4g.20gb (0),1,,13,cupy_copy__complex64_complex64
5732222471,12512,399950,1434,1,1,128,1,1,16,0.000,0.000,,,,,NVIDIA A100-SXM4-40GB MIG 4g.20gb (0),1,,13,cupy_copy__complex64_complex64
5732240135,82303,399955,1,1,1,32,32,1,30,0.000,0.000,,,,,NVIDIA A100-SXM4-40GB MIG 4g.20gb (0),1,,13,"void convert_kernel<__half2, float2>(tensor_layout_any, T1 *, tensor_layout_any, const T2 *)"
5732350245,5888,399958,,,,,,,,,,0.094,15912.954,Pinned,Device,NVIDIA A100-SXM4-40GB MIG 4g.20gb (0),1,,13,[CUDA memcpy Host-to-Device]
5732362085,599353,399959,,,,,,,,,,456.561,761544.482,Device,,NVIDIA A100-SXM4-40GB MIG 4g.20gb (0),1,,13,[CUDA memset]
5732967326,163774,399964,,,,,,,,,,1.235,7539.333,Pinned,Device,NVIDIA A100-SXM4-40GB MIG 4g.20gb (0),1,,13,[CUDA memcpy Host-to-Device]
5733145723,40704,399965,,,,,,,,,,0.197,4830.069,Pinned,Device,NVIDIA A100-SXM4-40GB MIG 4g.20gb (0),1,,13,[CUDA memcpy Host-to-Device]
5733215963,8351,399966,69,4,1,48,1,1,76,0.002,0.000,,,,,NVIDIA A100-SXM4-40GB MIG 4g.20gb (0),1,,13,"void ch_est::windowedChEstPreNoDftSOfdmKernel<float, __half, float, (unsigned int)2, (unsigned int)1, (unsigned short)4>(ch_est::puschRxChEstStatDescr_t *, ch_est::puschRxChEstDynDescr_t *)"
5733233690,6816,399967,137,2,1,24,2,1,44,0.001,0.001,,,,,NVIDIA A100-SXM4-40GB MIG 4g.20gb (0),1,,13,"void ch_est::chEstFilterNoDftSOfdmDispatchKernel<float, __half, float, (unsigned int)2>(ch_est::puschRxChEstStatDescr_t *, ch_est::puschRxChEstDynDescr_t *)"
5733251066,4768,399968,137,2,1,24,2,1,44,0.001,0.001,,,,,NVIDIA A100-SXM4-40GB MIG 4g.20gb (0),1,,13,"void ch_est::chEstFilterNoDftSOfdmDispatchKernel<float, __half, float, (unsigned int)2>(ch_est::puschRxChEstStatDescr_t *, ch_est::puschRxChEstDynDescr_t *)"
5733265850,2528,399979,103,1,1,128,1,1,16,0.000,0.000,,,,,NVIDIA A100-SXM4-40GB MIG 4g.20gb (0),1,,13,cupy_copy__complex64_complex64
5733285114,12544,399989,1434,1,1,128,1,1,16,0.000,0.000,,,,,NVIDIA A100-SXM4-40GB MIG 4g.20gb (0),1,,13,cupy_copy__complex64_complex64
5733304057,2912,399996,103,1,1,128,1,1,16,0.000,0.000,,,,,NVIDIA A100-SXM4-40GB MIG 4g.20gb (0),1,,13,cupy_copy__complex64_complex64
5733328121,92927,400003,1,1,1,32,32,1,30,0.000,0.000,,,,,NVIDIA A100-SXM4-40GB MIG 4g.20gb (0),1,,13,"void convert_kernel<__half2, float2>(tensor_layout_any, T1 *, tensor_layout_any, const T2 *)"
5733455000,20511,400006,,,,,,,,,,0.094,4568.055,Pinned,Device,NVIDIA A100-SXM4-40GB MIG 4g.20gb (0),1,,13,[CUDA memcpy Host-to-Device]
5733490391,48288,400007,,,,,,,,,,35.810,741587.633,Device,,NVIDIA A100-SXM4-40GB MIG 4g.20gb (0),1,,13,[CUDA memset]
5733546006,6016,400009,,,,,,,,,,0.000,13.298,Pinned,Device,NVIDIA A100-SXM4-40GB MIG 4g.20gb (0),1,,13,[CUDA memcpy Host-to-Device]
5733562582,16448,400010,,,,,,,,,,0.197,11953.177,Pinned,Device,NVIDIA A100-SXM4-40GB MIG 4g.20gb (0),1,,13,[CUDA memcpy Host-to-Device]
5733592310,9600,400011,273,1,1,48,1,1,40,0.000,0.001,,,,,NVIDIA A100-SXM4-40GB MIG 4g.20gb (0),1,,13,"void pusch_noise_intf_est::noiseIntfEstNoDftSOfdmKernel<float, __half, float, float, (unsigned int)2, (unsigned int)1, (unsigned char)4, (unsigned char)4>(pusch_noise_intf_est::puschRxNoiseIntfEstDynDescr)"
5733603574,3040,400022,35,1,1,128,1,1,16,0.000,0.000,,,,,NVIDIA A100-SXM4-40GB MIG 4g.20gb (0),1,,13,cupy_copy__complex64_complex64
5733612950,2016,400031,1,1,1,1,1,1,18,0.000,0.000,,,,,NVIDIA A100-SXM4-40GB MIG 4g.20gb (0),1,,13,cupy_copy__float32_float32
5733619510,5696,400037,,,,,,,,,,0.000,0.702,Device,Pageable,NVIDIA A100-SXM4-40GB MIG 4g.20gb (0),1,,7,[CUDA memcpy Device-to-Host]
5733698229,13119,400048,1434,1,1,128,1,1,16,0.000,0.000,,,,,NVIDIA A100-SXM4-40GB MIG 4g.20gb (0),1,,13,cupy_copy__complex64_complex64
5733721172,3360,400055,103,1,1,128,1,1,16,0.000,0.000,,,,,NVIDIA A100-SXM4-40GB MIG 4g.20gb (0),1,,13,cupy_copy__complex64_complex64
5733746228,2784,400062,35,1,1,128,1,1,16,0.000,0.000,,,,,NVIDIA A100-SXM4-40GB MIG 4g.20gb (0),1,,13,cupy_copy__complex64_complex64
5733760372,1792,400069,1,1,1,1,1,1,18,0.000,0.000,,,,,NVIDIA A100-SXM4-40GB MIG 4g.20gb (0),1,,13,cupy_copy__float32_float32
5733892850,82399,400080,1,1,1,32,32,1,30,0.000,0.000,,,,,NVIDIA A100-SXM4-40GB MIG 4g.20gb (0),1,,13,"void convert_kernel<__half2, float2>(tensor_layout_any, T1 *, tensor_layout_any, const T2 *)"
5734002609,5504,400083,,,,,,,,,,0.094,17023.251,Pinned,Device,NVIDIA A100-SXM4-40GB MIG 4g.20gb (0),1,,13,[CUDA memcpy Host-to-Device]
5734018417,3296,400084,,,,,,,,,,1.547,469242.628,Device,,NVIDIA A100-SXM4-40GB MIG 4g.20gb (0),1,,13,[CUDA memset]
5734024177,3008,400089,,,,,,,,,,0.031,10404.230,Pinned,Device,NVIDIA A100-SXM4-40GB MIG 4g.20gb (0),1,,13,[CUDA memcpy Host-to-Device]
5734029841,9599,400090,,,,,,,,,,0.197,20482.032,Pinned,Device,NVIDIA A100-SXM4-40GB MIG 4g.20gb (0),1,,13,[CUDA memcpy Host-to-Device]
5734045104,6720,400091,273,1,1,8,4,1,39,0.002,0.000,,,,,NVIDIA A100-SXM4-40GB MIG 4g.20gb (0),1,,13,"void channel_eq::eqMmseCoefCompLowMimoKernel<float, float, float, (unsigned int)4, (unsigned int)1, (unsigned int)4>(const channel_eq::_puschRxChEqStatDescr *, channel_eq::_puschRxChEqCoefCompDynDescr)"
5734052880,6592,400092,273,1,1,12,11,1,51,0.002,0.000,,,,,NVIDIA A100-SXM4-40GB MIG 4g.20gb (0),1,,13,"void channel_eq::eqMmseSoftDemapKernel<float, __half, __half, float, (unsigned int)4, (unsigned short)16383>(channel_eq::_puschRxChEqStatDescr *, channel_eq::_puschRxChEqSoftDemapDynDescr)"
5734060528,281693,400093,1,1,1,32,32,1,30,0.000,0.000,,,,,NVIDIA A100-SXM4-40GB MIG 4g.20gb (0),1,,13,"void convert_kernel<float2, __half2>(tensor_layout_any, T1 *, tensor_layout_any, const T2 *)"
5734343373,11072,400105,2253,1,1,128,1,1,16,0.000,0.000,,,,,NVIDIA A100-SXM4-40GB MIG 4g.20gb (0),1,,13,cupy_copy__float16_float16
5734357420,3520,400114,282,1,1,128,1,1,16,0.000,0.000,,,,,NVIDIA A100-SXM4-40GB MIG 4g.20gb (0),1,,13,cupy_copy__complex64_complex64
5734362348,2432,400123,26,1,1,128,1,1,16,0.000,0.000,,,,,NVIDIA A100-SXM4-40GB MIG 4g.20gb (0),1,,13,cupy_copy__float32_float32
5734366060,2784,400132,103,1,1,128,1,1,16,0.000,0.000,,,,,NVIDIA A100-SXM4-40GB MIG 4g.20gb (0),1,,13,cupy_copy__complex64_complex64
5734369932,11968,400142,1434,1,1,128,1,1,16,0.000,0.000,,,,,NVIDIA A100-SXM4-40GB MIG 4g.20gb (0),1,,13,cupy_copy__complex64_complex64
5734391244,81823,400147,1,1,1,32,32,1,30,0.000,0.000,,,,,NVIDIA A100-SXM4-40GB MIG 4g.20gb (0),1,,13,"void convert_kernel<__half2, float2>(tensor_layout_any, T1 *, tensor_layout_any, const T2 *)"
5734500107,5632,400150,,,,,,,,,,0.094,16636.287,Pinned,Device,NVIDIA A100-SXM4-40GB MIG 4g.20gb (0),1,,13,[CUDA memcpy Host-to-Device]
5734509643,596760,400151,,,,,,,,,,456.561,764740.412,Device,,NVIDIA A100-SXM4-40GB MIG 4g.20gb (0),1,,13,[CUDA memset]
5735108835,123743,400156,,,,,,,,,,1.235,9979.582,Pinned,Device,NVIDIA A100-SXM4-40GB MIG 4g.20gb (0),1,,13,[CUDA memcpy Host-to-Device]
5735241282,31583,400157,,,,,,,,,,0.197,6225.002,Pinned,Device,NVIDIA A100-SXM4-40GB MIG 4g.20gb (0),1,,13,[CUDA memcpy Host-to-Device]
5735297089,8064,400158,69,4,1,48,1,1,76,0.002,0.000,,,,,NVIDIA A100-SXM4-40GB MIG 4g.20gb (0),1,,13,"void ch_est::windowedChEstPreNoDftSOfdmKernel<float, __half, float, (unsigned int)2, (unsigned int)1, (unsigned short)4>(ch_est::puschRxChEstStatDescr_t *, ch_est::puschRxChEstDynDescr_t *)"
5735312865,7040,400159,137,2,1,24,2,1,44,0.001,0.001,,,,,NVIDIA A100-SXM4-40GB MIG 4g.20gb (0),1,,13,"void ch_est::chEstFilterNoDftSOfdmDispatchKernel<float, __half, float, (unsigned int)2>(ch_est::puschRxChEstStatDescr_t *, ch_est::puschRxChEstDynDescr_t *)"
5735326273,4735,400160,137,2,1,24,2,1,44,0.001,0.001,,,,,NVIDIA A100-SXM4-40GB MIG 4g.20gb (0),1,,13,"void ch_est::chEstFilterNoDftSOfdmDispatchKernel<float, __half, float, (unsigned int)2>(ch_est::puschRxChEstStatDescr_t *, ch_est::puschRxChEstDynDescr_t *)"
5735339456,2720,400171,103,1,1,128,1,1,16,0.000,0.000,,,,,NVIDIA A100-SXM4-40GB MIG 4g.20gb (0),1,,13,cupy_copy__complex64_complex64
5735353024,12480,400181,1434,1,1,128,1,1,16,0.000,0.000,,,,,NVIDIA A100-SXM4-40GB MIG 4g.20gb (0),1,,13,cupy_copy__complex64_complex64
5735367872,2880,400188,103,1,1,128,1,1,16,0.000,0.000,,,,,NVIDIA A100-SXM4-40GB MIG 4g.20gb (0),1,,13,cupy_copy__complex64_complex64
5735386560,86271,400195,1,1,1,32,32,1,30,0.000,0.000,,,,,NVIDIA A100-SXM4-40GB MIG 4g.20gb (0),1,,13,"void convert_kernel<__half2, float2>(tensor_layout_any, T1 *, tensor_layout_any, const T2 *)"
5735508926,24896,400198,,,,,,,,,,0.094,3763.487,Pinned,Device,NVIDIA A100-SXM4-40GB MIG 4g.20gb (0),1,,13,[CUDA memcpy Host-to-Device]
5735547998,46911,400199,,,,,,,,,,35.810,763324.255,Device,,NVIDIA A100-SXM4-40GB MIG 4g.20gb (0),1,,13,[CUDA memset]
5735598589,15168,400201,,,,,,,,,,0.000,5.274,Pinned,Device,NVIDIA A100-SXM4-40GB MIG 4g.20gb (0),1,,13,[CUDA memcpy Host-to-Device]
5735626269,25696,400202,,,,,,,,,,0.197,7651.197,Pinned,Device,NVIDIA A100-SXM4-40GB MIG 4g.20gb (0),1,,13,[CUDA memcpy Host-to-Device]
5735671292,9024,400203,273,1,1,48,1,1,40,0.000,0.001,,,,,NVIDIA A100-SXM4-40GB MIG 4g.20gb (0),1,,13,"void pusch_noise_intf_est::noiseIntfEstNoDftSOfdmKernel<float, __half, float, float, (unsigned int)2, (unsigned int)1, (unsigned char)4, (unsigned char)4>(pusch_noise_intf_est::puschRxNoiseIntfEstDynDescr)"
5735690940,2752,400214,35,1,1,128,1,1,16,0.000,0.000,,,,,NVIDIA A100-SXM4-40GB MIG 4g.20gb (0),1,,13,cupy_copy__complex64_complex64
5735707708,1760,400223,1,1,1,1,1,1,18,0.000,0.000,,,,,NVIDIA A100-SXM4-40GB MIG 4g.20gb (0),1,,13,cupy_copy__float32_float32
5735711196,8352,400229,,,,,,,,,,0.000,0.479,Device,Pageable,NVIDIA A100-SXM4-40GB MIG 4g.20gb (0),1,,7,[CUDA memcpy Device-to-Host]
5735816795,13023,400240,1434,1,1,128,1,1,16,0.000,0.000,,,,,NVIDIA A100-SXM4-40GB MIG 4g.20gb (0),1,,13,cupy_copy__complex64_complex64
5735842842,2976,400247,103,1,1,128,1,1,16,0.000,0.000,,,,,NVIDIA A100-SXM4-40GB MIG 4g.20gb (0),1,,13,cupy_copy__complex64_complex64
5735861178,2304,400254,35,1,1,128,1,1,16,0.000,0.000,,,,,NVIDIA A100-SXM4-40GB MIG 4g.20gb (0),1,,13,cupy_copy__complex64_complex64
5735878682,1760,400261,1,1,1,1,1,1,18,0.000,0.000,,,,,NVIDIA A100-SXM4-40GB MIG 4g.20gb (0),1,,13,cupy_copy__float32_float32
5736006104,88959,400272,1,1,1,32,32,1,30,0.000,0.000,,,,,NVIDIA A100-SXM4-40GB MIG 4g.20gb (0),1,,13,"void convert_kernel<__half2, float2>(tensor_layout_any, T1 *, tensor_layout_any, const T2 *)"
5736125623,13024,400275,,,,,,,,,,0.094,7194.073,Pinned,Device,NVIDIA A100-SXM4-40GB MIG 4g.20gb (0),1,,13,[CUDA memcpy Host-to-Device]
5736147990,3392,400276,,,,,,,,,,1.547,455961.768,Device,,NVIDIA A100-SXM4-40GB MIG 4g.20gb (0),1,,13,[CUDA memset]
5736154582,3584,400281,,,,,,,,,,0.031,8732.116,Pinned,Device,NVIDIA A100-SXM4-40GB MIG 4g.20gb (0),1,,13,[CUDA memcpy Host-to-Device]
5736164086,14304,400282,,,,,,,,,,0.197,13744.865,Pinned,Device,NVIDIA A100-SXM4-40GB MIG 4g.20gb (0),1,,13,[CUDA memcpy Host-to-Device]
5736187542,6272,400283,273,1,1,8,4,1,39,0.002,0.000,,,,,NVIDIA A100-SXM4-40GB MIG 4g.20gb (0),1,,13,"void channel_eq::eqMmseCoefCompLowMimoKernel<float, float, float, (unsigned int)4, (unsigned int)1, (unsigned int)4>(const channel_eq::_puschRxChEqStatDescr *, channel_eq::_puschRxChEqCoefCompDynDescr)"
5736195126,7072,400284,273,1,1,12,11,1,51,0.002,0.000,,,,,NVIDIA A100-SXM4-40GB MIG 4g.20gb (0),1,,13,"void channel_eq::eqMmseSoftDemapKernel<float, __half, __half, float, (unsigned int)4, (unsigned short)16383>(channel_eq::_puschRxChEqStatDescr *, channel_eq::_puschRxChEqSoftDemapDynDescr)"
5736209846,289756,400285,1,1,1,32,32,1,30,0.000,0.000,,,,,NVIDIA A100-SXM4-40GB MIG 4g.20gb (0),1,,13,"void convert_kernel<float2, __half2>(tensor_layout_any, T1 *, tensor_layout_any, const T2 *)"
5736500690,10944,400297,2253,1,1,128,1,1,16,0.000,0.000,,,,,NVIDIA A100-SXM4-40GB MIG 4g.20gb (0),1,,13,cupy_copy__float16_float16
5736515154,3584,400306,282,1,1,128,1,1,16,0.000,0.000,,,,,NVIDIA A100-SXM4-40GB MIG 4g.20gb (0),1,,13,cupy_copy__complex64_complex64
5736520882,2336,400315,26,1,1,128,1,1,16,0.000,0.000,,,,,NVIDIA A100-SXM4-40GB MIG 4g.20gb (0),1,,13,cupy_copy__float32_float32
5736524402,2912,400324,103,1,1,128,1,1,16,0.000,0.000,,,,,NVIDIA A100-SXM4-40GB MIG 4g.20gb (0),1,,13,cupy_copy__complex64_complex64
5736528914,12768,400334,1434,1,1,128,1,1,16,0.000,0.000,,,,,NVIDIA A100-SXM4-40GB MIG 4g.20gb (0),1,,13,cupy_copy__complex64_complex64
5736547122,82910,400339,1,1,1,32,32,1,30,0.000,0.000,,,,,NVIDIA A100-SXM4-40GB MIG 4g.20gb (0),1,,13,"void convert_kernel<__half2, float2>(tensor_layout_any, T1 *, tensor_layout_any, const T2 *)"
5736656976,5696,400342,,,,,,,,,,0.094,16449.363,Pinned,Device,NVIDIA A100-SXM4-40GB MIG 4g.20gb (0),1,,13,[CUDA memcpy Host-to-Device]
5736666608,597241,400343,,,,,,,,,,456.561,764283.851,Device,,NVIDIA A100-SXM4-40GB MIG 4g.20gb (0),1,,13,[CUDA memset]
5737267337,156766,400348,,,,,,,,,,1.235,7876.473,Pinned,Device,NVIDIA A100-SXM4-40GB MIG 4g.20gb (0),1,,13,[CUDA memcpy Host-to-Device]
5737433895,25439,400349,,,,,,,,,,0.197,7728.464,Pinned,Device,NVIDIA A100-SXM4-40GB MIG 4g.20gb (0),1,,13,[CUDA memcpy Host-to-Device]
5737468966,8000,400350,69,4,1,48,1,1,76,0.002,0.000,,,,,NVIDIA A100-SXM4-40GB MIG 4g.20gb (0),1,,13,"void ch_est::windowedChEstPreNoDftSOfdmKernel<float, __half, float, (unsigned int)2, (unsigned int)1, (unsigned short)4>(ch_est::puschRxChEstStatDescr_t *, ch_est::puschRxChEstDynDescr_t *)"
5737481766,6496,400351,137,2,1,24,2,1,44,0.001,0.001,,,,,NVIDIA A100-SXM4-40GB MIG 4g.20gb (0),1,,13,"void ch_est::chEstFilterNoDftSOfdmDispatchKernel<float, __half, float, (unsigned int)2>(ch_est::puschRxChEstStatDescr_t *, ch_est::puschRxChEstDynDescr_t *)"
5737490598,5248,400352,137,2,1,24,2,1,44,0.001,0.001,,,,,NVIDIA A100-SXM4-40GB MIG 4g.20gb (0),1,,13,"void ch_est::chEstFilterNoDftSOfdmDispatchKernel<float, __half, float, (unsigned int)2>(ch_est::puschRxChEstStatDescr_t *, ch_est::puschRxChEstDynDescr_t *)"
5737498406,2592,400363,103,1,1,128,1,1,16,0.000,0.000,,,,,NVIDIA A100-SXM4-40GB MIG 4g.20gb (0),1,,13,cupy_copy__complex64_complex64
5737506310,12704,400373,1434,1,1,128,1,1,16,0.000,0.000,,,,,NVIDIA A100-SXM4-40GB MIG 4g.20gb (0),1,,13,cupy_copy__complex64_complex64
5737521190,2527,400380,103,1,1,128,1,1,16,0.000,0.000,,,,,NVIDIA A100-SXM4-40GB MIG 4g.20gb (0),1,,13,cupy_copy__complex64_complex64
5737529637,85311,400387,1,1,1,32,32,1,30,0.000,0.000,,,,,NVIDIA A100-SXM4-40GB MIG 4g.20gb (0),1,,13,"void convert_kernel<__half2, float2>(tensor_layout_any, T1 *, tensor_layout_any, const T2 *)"
5737644676,13632,400390,,,,,,,,,,0.094,6873.164,Pinned,Device,NVIDIA A100-SXM4-40GB MIG 4g.20gb (0),1,,13,[CUDA memcpy Host-to-Device]
5737668836,47327,400391,,,,,,,,,,35.810,756627.800,Device,,NVIDIA A100-SXM4-40GB MIG 4g.20gb (0),1,,13,[CUDA memset]
5737723331,3680,400393,,,,,,,,,,0.000,21.739,Pinned,Device,NVIDIA A100-SXM4-40GB MIG 4g.20gb (0),1,,13,[CUDA memcpy Host-to-Device]
5737735427,17088,400394,,,,,,,,,,0.197,11505.500,Pinned,Device,NVIDIA A100-SXM4-40GB MIG 4g.20gb (0),1,,13,[CUDA memcpy Host-to-Device]
5737766850,9984,400395,273,1,1,48,1,1,40,0.000,0.001,,,,,NVIDIA A100-SXM4-40GB MIG 4g.20gb (0),1,,13,"void pusch_noise_intf_est::noiseIntfEstNoDftSOfdmKernel<float, __half, float, float, (unsigned int)2, (unsigned int)1, (unsigned char)4, (unsigned char)4>(pusch_noise_intf_est::puschRxNoiseIntfEstDynDescr)"
5737781826,2656,400406,35,1,1,128,1,1,16,0.000,0.000,,,,,NVIDIA A100-SXM4-40GB MIG 4g.20gb (0),1,,13,cupy_copy__complex64_complex64
5737792066,1760,400415,1,1,1,1,1,1,18,0.000,0.000,,,,,NVIDIA A100-SXM4-40GB MIG 4g.20gb (0),1,,13,cupy_copy__float32_float32
5737797154,4320,400421,,,,,,,,,,0.000,0.926,Device,Pageable,NVIDIA A100-SXM4-40GB MIG 4g.20gb (0),1,,7,[CUDA memcpy Device-to-Host]
5737864193,12832,400432,1434,1,1,128,1,1,16,0.000,0.000,,,,,NVIDIA A100-SXM4-40GB MIG 4g.20gb (0),1,,13,cupy_copy__complex64_complex64
5737892193,2592,400439,103,1,1,128,1,1,16,0.000,0.000,,,,,NVIDIA A100-SXM4-40GB MIG 4g.20gb (0),1,,13,cupy_copy__complex64_complex64
5737916897,2656,400446,35,1,1,128,1,1,16,0.000,0.000,,,,,NVIDIA A100-SXM4-40GB MIG 4g.20gb (0),1,,13,cupy_copy__complex64_complex64
5737934656,1792,400453,1,1,1,1,1,1,18,0.000,0.000,,,,,NVIDIA A100-SXM4-40GB MIG 4g.20gb (0),1,,13,cupy_copy__float32_float32
5738067647,85727,400464,1,1,1,32,32,1,30,0.000,0.000,,,,,NVIDIA A100-SXM4-40GB MIG 4g.20gb (0),1,,13,"void convert_kernel<__half2, float2>(tensor_layout_any, T1 *, tensor_layout_any, const T2 *)"
5738180765,5600,400467,,,,,,,,,,0.094,16731.388,Pinned,Device,NVIDIA A100-SXM4-40GB MIG 4g.20gb (0),1,,13,[CUDA memcpy Host-to-Device]
5738195229,3104,400468,,,,,,,,,,1.547,498266.574,Device,,NVIDIA A100-SXM4-40GB MIG 4g.20gb (0),1,,13,[CUDA memset]
5738202045,3872,400473,,,,,,,,,,0.031,8082.630,Pinned,Device,NVIDIA A100-SXM4-40GB MIG 4g.20gb (0),1,,13,[CUDA memcpy Host-to-Device]
5738208317,9984,400474,,,,,,,,,,0.197,19692.257,Pinned,Device,NVIDIA A100-SXM4-40GB MIG 4g.20gb (0),1,,13,[CUDA memcpy Host-to-Device]
5738222589,6336,400475,273,1,1,8,4,1,39,0.002,0.000,,,,,NVIDIA A100-SXM4-40GB MIG 4g.20gb (0),1,,13,"void channel_eq::eqMmseCoefCompLowMimoKernel<float, float, float, (unsigned int)4, (unsigned int)1, (unsigned int)4>(const channel_eq::_puschRxChEqStatDescr *, channel_eq::_puschRxChEqCoefCompDynDescr)"
5738230045,6432,400476,273,1,1,12,11,1,51,0.002,0.000,,,,,NVIDIA A100-SXM4-40GB MIG 4g.20gb (0),1,,13,"void channel_eq::eqMmseSoftDemapKernel<float, __half, __half, float, (unsigned int)4, (unsigned short)16383>(channel_eq::_puschRxChEqStatDescr *, channel_eq::_puschRxChEqSoftDemapDynDescr)"
5738237533,282236,400477,1,1,1,32,32,1,30,0.000,0.000,,,,,NVIDIA A100-SXM4-40GB MIG 4g.20gb (0),1,,13,"void convert_kernel<float2, __half2>(tensor_layout_any, T1 *, tensor_layout_any, const T2 *)"
5738520889,10976,400489,2253,1,1,128,1,1,16,0.000,0.000,,,,,NVIDIA A100-SXM4-40GB MIG 4g.20gb (0),1,,13,cupy_copy__float16_float16
5738533241,3744,400498,282,1,1,128,1,1,16,0.000,0.000,,,,,NVIDIA A100-SXM4-40GB MIG 4g.20gb (0),1,,13,cupy_copy__complex64_complex64
5738538937,2144,400507,26,1,1,128,1,1,16,0.000,0.000,,,,,NVIDIA A100-SXM4-40GB MIG 4g.20gb (0),1,,13,cupy_copy__float32_float32
5738543737,2976,400516,103,1,1,128,1,1,16,0.000,0.000,,,,,NVIDIA A100-SXM4-40GB MIG 4g.20gb (0),1,,13,cupy_copy__complex64_complex64
5738547801,11936,400526,1434,1,1,128,1,1,16,0.000,0.000,,,,,NVIDIA A100-SXM4-40GB MIG 4g.20gb (0),1,,13,cupy_copy__complex64_complex64
5738567417,81887,400531,1,1,1,32,32,1,30,0.000,0.000,,,,,NVIDIA A100-SXM4-40GB MIG 4g.20gb (0),1,,13,"void convert_kernel<__half2, float2>(tensor_layout_any, T1 *, tensor_layout_any, const T2 *)"
5738676279,6144,400534,,,,,,,,,,0.094,15249.961,Pinned,Device,NVIDIA A100-SXM4-40GB MIG 4g.20gb (0),1,,13,[CUDA memcpy Host-to-Device]
5738688759,597529,400535,,,,,,,,,,456.561,763827.289,Device,,NVIDIA A100-SXM4-40GB MIG 4g.20gb (0),1,,13,[CUDA memset]
5739293424,142046,400540,,,,,,,,,,1.235,8692.771,Pinned,Device,NVIDIA A100-SXM4-40GB MIG 4g.20gb (0),1,,13,[CUDA memcpy Host-to-Device]
5739448334,36479,400541,,,,,,,,,,0.197,5389.615,Pinned,Device,NVIDIA A100-SXM4-40GB MIG 4g.20gb (0),1,,13,[CUDA memcpy Host-to-Device]
5739509869,8480,400542,69,4,1,48,1,1,76,0.002,0.000,,,,,NVIDIA A100-SXM4-40GB MIG 4g.20gb (0),1,,13,"void ch_est::windowedChEstPreNoDftSOfdmKernel<float, __half, float, (unsigned int)2, (unsigned int)1, (unsigned short)4>(ch_est::puschRxChEstStatDescr_t *, ch_est::puschRxChEstDynDescr_t *)"
5739527533,7008,400543,137,2,1,24,2,1,44,0.001,0.001,,,,,NVIDIA A100-SXM4-40GB MIG 4g.20gb (0),1,,13,"void ch_est::chEstFilterNoDftSOfdmDispatchKernel<float, __half, float, (unsigned int)2>(ch_est::puschRxChEstStatDescr_t *, ch_est::puschRxChEstDynDescr_t *)"
5739544525,4704,400544,137,2,1,24,2,1,44,0.001,0.001,,,,,NVIDIA A100-SXM4-40GB MIG 4g.20gb (0),1,,13,"void ch_est::chEstFilterNoDftSOfdmDispatchKernel<float, __half, float, (unsigned int)2>(ch_est::puschRxChEstStatDescr_t *, ch_est::puschRxChEstDynDescr_t *)"
5739562732,2752,400555,103,1,1,128,1,1,16,0.000,0.000,,,,,NVIDIA A100-SXM4-40GB MIG 4g.20gb (0),1,,13,cupy_copy__complex64_complex64
5739579692,12224,400565,1434,1,1,128,1,1,16,0.000,0.000,,,,,NVIDIA A100-SXM4-40GB MIG 4g.20gb (0),1,,13,cupy_copy__complex64_complex64
5739598476,2944,400572,103,1,1,128,1,1,16,0.000,0.000,,,,,NVIDIA A100-SXM4-40GB MIG 4g.20gb (0),1,,13,cupy_copy__complex64_complex64
5739621932,87007,400579,1,1,1,32,32,1,30,0.000,0.000,,,,,NVIDIA A100-SXM4-40GB MIG 4g.20gb (0),1,,13,"void convert_kernel<__half2, float2>(tensor_layout_any, T1 *, tensor_layout_any, const T2 *)"
5739738506,13408,400582,,,,,,,,,,0.094,6988.035,Pinned,Device,NVIDIA A100-SXM4-40GB MIG 4g.20gb (0),1,,13,[CUDA memcpy Host-to-Device]
5739763338,47615,400583,,,,,,,,,,35.810,752044.130,Device,,NVIDIA A100-SXM4-40GB MIG 4g.20gb (0),1,,13,[CUDA memset]
5739813833,6912,400585,,,,,,,,,,0.000,11.574,Pinned,Device,NVIDIA A100-SXM4-40GB MIG 4g.20gb (0),1,,13,[CUDA memcpy Host-to-Device]
5739824105,19936,400586,,,,,,,,,,0.197,9861.857,Pinned,Device,NVIDIA A100-SXM4-40GB MIG 4g.20gb (0),1,,13,[CUDA memcpy Host-to-Device]
5739858505,12576,400587,273,1,1,48,1,1,40,0.000,0.001,,,,,NVIDIA A100-SXM4-40GB MIG 4g.20gb (0),1,,13,"void pusch_noise_intf_est::noiseIntfEstNoDftSOfdmKernel<float, __half, float, float, (unsigned int)2, (unsigned int)1, (unsigned char)4, (unsigned char)4>(pusch_noise_intf_est::puschRxNoiseIntfEstDynDescr)"
5739875880,2912,400598,35,1,1,128,1,1,16,0.000,0.000,,,,,NVIDIA A100-SXM4-40GB MIG 4g.20gb (0),1,,13,cupy_copy__complex64_complex64
5739885544,1664,400607,1,1,1,1,1,1,18,0.000,0.000,,,,,NVIDIA A100-SXM4-40GB MIG 4g.20gb (0),1,,13,cupy_copy__float32_float32
5739892168,6656,400613,,,,,,,,,,0.000,0.601,Device,Pageable,NVIDIA A100-SXM4-40GB MIG 4g.20gb (0),1,,7,[CUDA memcpy Device-to-Host]
5739975079,13024,400624,1434,1,1,128,1,1,16,0.000,0.000,,,,,NVIDIA A100-SXM4-40GB MIG 4g.20gb (0),1,,13,cupy_copy__complex64_complex64
5739998599,2944,400631,103,1,1,128,1,1,16,0.000,0.000,,,,,NVIDIA A100-SXM4-40GB MIG 4g.20gb (0),1,,13,cupy_copy__complex64_complex64
5740026823,2592,400638,35,1,1,128,1,1,16,0.000,0.000,,,,,NVIDIA A100-SXM4-40GB MIG 4g.20gb (0),1,,13,cupy_copy__complex64_complex64
5740044102,2016,400645,1,1,1,1,1,1,18,0.000,0.000,,,,,NVIDIA A100-SXM4-40GB MIG 4g.20gb (0),1,,13,cupy_copy__float32_float32
5740167653,87711,400656,1,1,1,32,32,1,30,0.000,0.000,,,,,NVIDIA A100-SXM4-40GB MIG 4g.20gb (0),1,,13,"void convert_kernel<__half2, float2>(tensor_layout_any, T1 *, tensor_layout_any, const T2 *)"
5740283011,5664,400659,,,,,,,,,,0.094,16542.310,Pinned,Device,NVIDIA A100-SXM4-40GB MIG 4g.20gb (0),1,,13,[CUDA memcpy Host-to-Device]
5740299299,3296,400660,,,,,,,,,,1.547,469242.628,Device,,NVIDIA A100-SXM4-40GB MIG 4g.20gb (0),1,,13,[CUDA memset]
5740304547,3552,400665,,,,,,,,,,0.031,8810.794,Pinned,Device,NVIDIA A100-SXM4-40GB MIG 4g.20gb (0),1,,13,[CUDA memcpy Host-to-Device]
5740310723,10496,400666,,,,,,,,,,0.197,18731.631,Pinned,Device,NVIDIA A100-SXM4-40GB MIG 4g.20gb (0),1,,13,[CUDA memcpy Host-to-Device]
5740325315,6048,400667,273,1,1,8,4,1,39,0.002,0.000,,,,,NVIDIA A100-SXM4-40GB MIG 4g.20gb (0),1,,13,"void channel_eq::eqMmseCoefCompLowMimoKernel<float, float, float, (unsigned int)4, (unsigned int)1, (unsigned int)4>(const channel_eq::_puschRxChEqStatDescr *, channel_eq::_puschRxChEqCoefCompDynDescr)"
5740332451,6208,400668,273,1,1,12,11,1,51,0.002,0.000,,,,,NVIDIA A100-SXM4-40GB MIG 4g.20gb (0),1,,13,"void channel_eq::eqMmseSoftDemapKernel<float, __half, __half, float, (unsigned int)4, (unsigned short)16383>(channel_eq::_puschRxChEqStatDescr *, channel_eq::_puschRxChEqSoftDemapDynDescr)"
5740339683,294588,400669,1,1,1,32,32,1,30,0.000,0.000,,,,,NVIDIA A100-SXM4-40GB MIG 4g.20gb (0),1,,13,"void convert_kernel<float2, __half2>(tensor_layout_any, T1 *, tensor_layout_any, const T2 *)"
5740635711,10848,400681,2253,1,1,128,1,1,16,0.000,0.000,,,,,NVIDIA A100-SXM4-40GB MIG 4g.20gb (0),1,,13,cupy_copy__float16_float16
5740651103,2688,400690,282,1,1,128,1,1,16,0.000,0.000,,,,,NVIDIA A100-SXM4-40GB MIG 4g.20gb (0),1,,13,cupy_copy__complex64_complex64
5740655263,2112,400699,26,1,1,128,1,1,16,0.000,0.000,,,,,NVIDIA A100-SXM4-40GB MIG 4g.20gb (0),1,,13,cupy_copy__float32_float32
5740658431,2912,400708,103,1,1,128,1,1,16,0.000,0.000,,,,,NVIDIA A100-SXM4-40GB MIG 4g.20gb (0),1,,13,cupy_copy__complex64_complex64
5740662559,12096,400718,1434,1,1,128,1,1,16,0.000,0.000,,,,,NVIDIA A100-SXM4-40GB MIG 4g.20gb (0),1,,13,cupy_copy__complex64_complex64
5740677567,86335,400723,1,1,1,32,32,1,30,0.000,0.000,,,,,NVIDIA A100-SXM4-40GB MIG 4g.20gb (0),1,,13,"void convert_kernel<__half2, float2>(tensor_layout_any, T1 *, tensor_layout_any, const T2 *)"
5740791325,5376,400726,,,,,,,,,,0.094,17428.487,Pinned,Device,NVIDIA A100-SXM4-40GB MIG 4g.20gb (0),1,,13,[CUDA memcpy Host-to-Device]
5740801341,597209,400727,,,,,,,,,,456.561,764283.851,Device,,NVIDIA A100-SXM4-40GB MIG 4g.20gb (0),1,,13,[CUDA memset]
5741406934,125150,400732,,,,,,,,,,1.235,9867.203,Pinned,Device,NVIDIA A100-SXM4-40GB MIG 4g.20gb (0),1,,13,[CUDA memcpy Host-to-Device]
5741541876,26208,400733,,,,,,,,,,0.197,7501.775,Pinned,Device,NVIDIA A100-SXM4-40GB MIG 4g.20gb (0),1,,13,[CUDA memcpy Host-to-Device]
5741588499,8096,400734,69,4,1,48,1,1,76,0.002,0.000,,,,,NVIDIA A100-SXM4-40GB MIG 4g.20gb (0),1,,13,"void ch_est::windowedChEstPreNoDftSOfdmKernel<float, __half, float, (unsigned int)2, (unsigned int)1, (unsigned short)4>(ch_est::puschRxChEstStatDescr_t *, ch_est::puschRxChEstDynDescr_t *)"
5741603027,6656,400735,137,2,1,24,2,1,44,0.001,0.001,,,,,NVIDIA A100-SXM4-40GB MIG 4g.20gb (0),1,,13,"void ch_est::chEstFilterNoDftSOfdmDispatchKernel<float, __half, float, (unsigned int)2>(ch_est::puschRxChEstStatDescr_t *, ch_est::puschRxChEstDynDescr_t *)"
5741615027,4704,400736,137,2,1,24,2,1,44,0.001,0.001,,,,,NVIDIA A100-SXM4-40GB MIG 4g.20gb (0),1,,13,"void ch_est::chEstFilterNoDftSOfdmDispatchKernel<float, __half, float, (unsigned int)2>(ch_est::puschRxChEstStatDescr_t *, ch_est::puschRxChEstDynDescr_t *)"
5741626835,2528,400747,103,1,1,128,1,1,16,0.000,0.000,,,,,NVIDIA A100-SXM4-40GB MIG 4g.20gb (0),1,,13,cupy_copy__complex64_complex64
5741637107,12704,400757,1434,1,1,128,1,1,16,0.000,0.000,,,,,NVIDIA A100-SXM4-40GB MIG 4g.20gb (0),1,,13,cupy_copy__complex64_complex64
5741664914,2528,400764,103,1,1,128,1,1,16,0.000,0.000,,,,,NVIDIA A100-SXM4-40GB MIG 4g.20gb (0),1,,13,cupy_copy__complex64_complex64
5741682322,83775,400771,1,1,1,32,32,1,30,0.000,0.000,,,,,NVIDIA A100-SXM4-40GB MIG 4g.20gb (0),1,,13,"void convert_kernel<__half2, float2>(tensor_layout_any, T1 *, tensor_layout_any, const T2 *)"
5741799409,23200,400774,,,,,,,,,,0.094,4038.579,Pinned,Device,NVIDIA A100-SXM4-40GB MIG 4g.20gb (0),1,,13,[CUDA memcpy Host-to-Device]
5741845904,47680,400775,,,,,,,,,,35.810,751041.452,Device,,NVIDIA A100-SXM4-40GB MIG 4g.20gb (0),1,,13,[CUDA memset]
5741899696,8767,400777,,,,,,,,,,0.000,9.125,Pinned,Device,NVIDIA A100-SXM4-40GB MIG 4g.20gb (0),1,,13,[CUDA memcpy Host-to-Device]
5741921999,28416,400778,,,,,,,,,,0.197,6918.832,Pinned,Device,NVIDIA A100-SXM4-40GB MIG 4g.20gb (0),1,,13,[CUDA memcpy Host-to-Device]
5741967183,9792,400779,273,1,1,48,1,1,40,0.000,0.001,,,,,NVIDIA A100-SXM4-40GB MIG 4g.20gb (0),1,,13,"void pusch_noise_intf_est::noiseIntfEstNoDftSOfdmKernel<float, __half, float, float, (unsigned int)2, (unsigned int)1, (unsigned char)4, (unsigned char)4>(pusch_noise_intf_est::puschRxNoiseIntfEstDynDescr)"
5741983119,2624,400790,35,1,1,128,1,1,16,0.000,0.000,,,,,NVIDIA A100-SXM4-40GB MIG 4g.20gb (0),1,,13,cupy_copy__complex64_complex64
5741995694,1728,400799,1,1,1,1,1,1,18,0.000,0.000,,,,,NVIDIA A100-SXM4-40GB MIG 4g.20gb (0),1,,13,cupy_copy__float32_float32
5741998478,6656,400805,,,,,,,,,,0.000,0.601,Device,Pageable,NVIDIA A100-SXM4-40GB MIG 4g.20gb (0),1,,7,[CUDA memcpy Device-to-Host]
5742085101,12896,400816,1434,1,1,128,1,1,16,0.000,0.000,,,,,NVIDIA A100-SXM4-40GB MIG 4g.20gb (0),1,,13,cupy_copy__complex64_complex64
5742108621,3488,400823,103,1,1,128,1,1,16,0.000,0.000,,,,,NVIDIA A100-SXM4-40GB MIG 4g.20gb (0),1,,13,cupy_copy__complex64_complex64
5742125133,2784,400830,35,1,1,128,1,1,16,0.000,0.000,,,,,NVIDIA A100-SXM4-40GB MIG 4g.20gb (0),1,,13,cupy_copy__complex64_complex64
5742154732,2016,400837,1,1,1,1,1,1,18,0.000,0.000,,,,,NVIDIA A100-SXM4-40GB MIG 4g.20gb (0),1,,13,cupy_copy__float32_float32
5742281611,87519,400848,1,1,1,32,32,1,30,0.000,0.000,,,,,NVIDIA A100-SXM4-40GB MIG 4g.20gb (0),1,,13,"void convert_kernel<__half2, float2>(tensor_layout_any, T1 *, tensor_layout_any, const T2 *)"
5742401353,9504,400851,,,,,,,,,,0.094,9858.506,Pinned,Device,NVIDIA A100-SXM4-40GB MIG 4g.20gb (0),1,,13,[CUDA memcpy Host-to-Device]
5742421705,3552,400852,,,,,,,,,,1.547,435422.601,Device,,NVIDIA A100-SXM4-40GB MIG 4g.20gb (0),1,,13,[CUDA memset]
5742426825,3008,400857,,,,,,,,,,0.031,10404.230,Pinned,Device,NVIDIA A100-SXM4-40GB MIG 4g.20gb (0),1,,13,[CUDA memcpy Host-to-Device]
5742437129,17344,400858,,,,,,,,,,0.197,11335.631,Pinned,Device,NVIDIA A100-SXM4-40GB MIG 4g.20gb (0),1,,13,[CUDA memcpy Host-to-Device]
5742465321,8479,400859,273,1,1,8,4,1,39,0.002,0.000,,,,,NVIDIA A100-SXM4-40GB MIG 4g.20gb (0),1,,13,"void channel_eq::eqMmseCoefCompLowMimoKernel<float, float, float, (unsigned int)4, (unsigned int)1, (unsigned int)4>(const channel_eq::_puschRxChEqStatDescr *, channel_eq::_puschRxChEqCoefCompDynDescr)"
5742482088,5376,400860,273,1,1,12,11,1,51,0.002,0.000,,,,,NVIDIA A100-SXM4-40GB MIG 4g.20gb (0),1,,13,"void channel_eq::eqMmseSoftDemapKernel<float, __half, __half, float, (unsigned int)4, (unsigned short)16383>(channel_eq::_puschRxChEqStatDescr *, channel_eq::_puschRxChEqSoftDemapDynDescr)"
5742489992,282909,400861,1,1,1,32,32,1,30,0.000,0.000,,,,,NVIDIA A100-SXM4-40GB MIG 4g.20gb (0),1,,13,"void convert_kernel<float2, __half2>(tensor_layout_any, T1 *, tensor_layout_any, const T2 *)"
5742774949,11104,400873,2253,1,1,128,1,1,16,0.000,0.000,,,,,NVIDIA A100-SXM4-40GB MIG 4g.20gb (0),1,,13,cupy_copy__float16_float16
5742790309,3200,400882,282,1,1,128,1,1,16,0.000,0.000,,,,,NVIDIA A100-SXM4-40GB MIG 4g.20gb (0),1,,13,cupy_copy__complex64_complex64
5742797253,2271,400891,26,1,1,128,1,1,16,0.000,0.000,,,,,NVIDIA A100-SXM4-40GB MIG 4g.20gb (0),1,,13,cupy_copy__float32_float32
5742802372,3232,400900,103,1,1,128,1,1,16,0.000,0.000,,,,,NVIDIA A100-SXM4-40GB MIG 4g.20gb (0),1,,13,cupy_copy__complex64_complex64
5742806724,11904,400910,1434,1,1,128,1,1,16,0.000,0.000,,,,,NVIDIA A100-SXM4-40GB MIG 4g.20gb (0),1,,13,cupy_copy__complex64_complex64
5742821092,86623,400915,1,1,1,32,32,1,30,0.000,0.000,,,,,NVIDIA A100-SXM4-40GB MIG 4g.20gb (0),1,,13,"void convert_kernel<__half2, float2>(tensor_layout_any, T1 *, tensor_layout_any, const T2 *)"
5742935811,5504,400918,,,,,,,,,,0.094,17023.251,Pinned,Device,NVIDIA A100-SXM4-40GB MIG 4g.20gb (0),1,,13,[CUDA memcpy Host-to-Device]
5742945635,599608,400919,,,,,,,,,,456.561,761087.920,Device,,NVIDIA A100-SXM4-40GB MIG 4g.20gb (0),1,,13,[CUDA memset]
5743557179,153790,400924,,,,,,,,,,1.235,8029.606,Pinned,Device,NVIDIA A100-SXM4-40GB MIG 4g.20gb (0),1,,13,[CUDA memcpy Host-to-Device]
5743719225,40992,400925,,,,,,,,,,0.197,4796.252,Pinned,Device,NVIDIA A100-SXM4-40GB MIG 4g.20gb (0),1,,13,[CUDA memcpy Host-to-Device]
5743789656,8576,400926,69,4,1,48,1,1,76,0.002,0.000,,,,,NVIDIA A100-SXM4-40GB MIG 4g.20gb (0),1,,13,"void ch_est::windowedChEstPreNoDftSOfdmKernel<float, __half, float, (unsigned int)2, (unsigned int)1, (unsigned short)4>(ch_est::puschRxChEstStatDescr_t *, ch_est::puschRxChEstDynDescr_t *)"
5743808792,6976,400927,137,2,1,24,2,1,44,0.001,0.001,,,,,NVIDIA A100-SXM4-40GB MIG 4g.20gb (0),1,,13,"void ch_est::chEstFilterNoDftSOfdmDispatchKernel<float, __half, float, (unsigned int)2>(ch_est::puschRxChEstStatDescr_t *, ch_est::puschRxChEstDynDescr_t *)"
5743825816,4768,400928,137,2,1,24,2,1,44,0.001,0.001,,,,,NVIDIA A100-SXM4-40GB MIG 4g.20gb (0),1,,13,"void ch_est::chEstFilterNoDftSOfdmDispatchKernel<float, __half, float, (unsigned int)2>(ch_est::puschRxChEstStatDescr_t *, ch_est::puschRxChEstDynDescr_t *)"
5743843448,2656,400939,103,1,1,128,1,1,16,0.000,0.000,,,,,NVIDIA A100-SXM4-40GB MIG 4g.20gb (0),1,,13,cupy_copy__complex64_complex64
5743860279,12448,400949,1434,1,1,128,1,1,16,0.000,0.000,,,,,NVIDIA A100-SXM4-40GB MIG 4g.20gb (0),1,,13,cupy_copy__complex64_complex64
5743881655,2880,400956,103,1,1,128,1,1,16,0.000,0.000,,,,,NVIDIA A100-SXM4-40GB MIG 4g.20gb (0),1,,13,cupy_copy__complex64_complex64
5743907383,85375,400963,1,1,1,32,32,1,30,0.000,0.000,,,,,NVIDIA A100-SXM4-40GB MIG 4g.20gb (0),1,,13,"void convert_kernel<__half2, float2>(tensor_layout_any, T1 *, tensor_layout_any, const T2 *)"
5744026901,25152,400966,,,,,,,,,,0.094,3725.166,Pinned,Device,NVIDIA A100-SXM4-40GB MIG 4g.20gb (0),1,,13,[CUDA memcpy Host-to-Device]
5744073749,47167,400967,,,,,,,,,,35.810,759206.114,Device,,NVIDIA A100-SXM4-40GB MIG 4g.20gb (0),1,,13,[CUDA memset]
5744127668,13568,400969,,,,,,,,,,0.000,5.896,Pinned,Device,NVIDIA A100-SXM4-40GB MIG 4g.20gb (0),1,,13,[CUDA memcpy Host-to-Device]
5744149876,22592,400970,,,,,,,,,,0.197,8702.460,Pinned,Device,NVIDIA A100-SXM4-40GB MIG 4g.20gb (0),1,,13,[CUDA memcpy Host-to-Device]
5744187443,9760,400971,273,1,1,48,1,1,40,0.000,0.001,,,,,NVIDIA A100-SXM4-40GB MIG 4g.20gb (0),1,,13,"void pusch_noise_intf_est::noiseIntfEstNoDftSOfdmKernel<float, __half, float, float, (unsigned int)2, (unsigned int)1, (unsigned char)4, (unsigned char)4>(pusch_noise_intf_est::puschRxNoiseIntfEstDynDescr)"
5744213619,2752,400982,35,1,1,128,1,1,16,0.000,0.000,,,,,NVIDIA A100-SXM4-40GB MIG 4g.20gb (0),1,,13,cupy_copy__complex64_complex64
5744226035,1728,400991,1,1,1,1,1,1,18,0.000,0.000,,,,,NVIDIA A100-SXM4-40GB MIG 4g.20gb (0),1,,13,cupy_copy__float32_float32
5744228467,5536,400997,,,,,,,,,,0.000,0.723,Device,Pageable,NVIDIA A100-SXM4-40GB MIG 4g.20gb (0),1,,7,[CUDA memcpy Device-to-Host]
5744311602,12960,401008,1434,1,1,128,1,1,16,0.000,0.000,,,,,NVIDIA A100-SXM4-40GB MIG 4g.20gb (0),1,,13,cupy_copy__complex64_complex64
5744341905,3328,401015,103,1,1,128,1,1,16,0.000,0.000,,,,,NVIDIA A100-SXM4-40GB MIG 4g.20gb (0),1,,13,cupy_copy__complex64_complex64
5744360209,2400,401022,35,1,1,128,1,1,16,0.000,0.000,,,,,NVIDIA A100-SXM4-40GB MIG 4g.20gb (0),1,,13,cupy_copy__complex64_complex64
5744374865,1760,401029,1,1,1,1,1,1,18,0.000,0.000,,,,,NVIDIA A100-SXM4-40GB MIG 4g.20gb (0),1,,13,cupy_copy__float32_float32
5744496592,82623,401040,1,1,1,32,32,1,30,0.000,0.000,,,,,NVIDIA A100-SXM4-40GB MIG 4g.20gb (0),1,,13,"void convert_kernel<__half2, float2>(tensor_layout_any, T1 *, tensor_layout_any, const T2 *)"
5744607022,5856,401043,,,,,,,,,,0.094,15999.997,Pinned,Device,NVIDIA A100-SXM4-40GB MIG 4g.20gb (0),1,,13,[CUDA memcpy Host-to-Device]
5744621166,3360,401044,,,,,,,,,,1.547,460304.688,Device,,NVIDIA A100-SXM4-40GB MIG 4g.20gb (0),1,,13,[CUDA memset]
5744628142,3360,401049,,,,,,,,,,0.031,9314.284,Pinned,Device,NVIDIA A100-SXM4-40GB MIG 4g.20gb (0),1,,13,[CUDA memcpy Host-to-Device]
5744634382,9856,401050,,,,,,,,,,0.197,19948.044,Pinned,Device,NVIDIA A100-SXM4-40GB MIG 4g.20gb (0),1,,13,[CUDA memcpy Host-to-Device]
5744649870,6240,401051,273,1,1,8,4,1,39,0.002,0.000,,,,,NVIDIA A100-SXM4-40GB MIG 4g.20gb (0),1,,13,"void channel_eq::eqMmseCoefCompLowMimoKernel<float, float, float, (unsigned int)4, (unsigned int)1, (unsigned int)4>(const channel_eq::_puschRxChEqStatDescr *, channel_eq::_puschRxChEqCoefCompDynDescr)"
5744659150,5791,401052,273,1,1,12,11,1,51,0.002,0.000,,,,,NVIDIA A100-SXM4-40GB MIG 4g.20gb (0),1,,13,"void channel_eq::eqMmseSoftDemapKernel<float, __half, __half, float, (unsigned int)4, (unsigned short)16383>(channel_eq::_puschRxChEqStatDescr *, channel_eq::_puschRxChEqSoftDemapDynDescr)"
5744666669,282621,401053,1,1,1,32,32,1,30,0.000,0.000,,,,,NVIDIA A100-SXM4-40GB MIG 4g.20gb (0),1,,13,"void convert_kernel<float2, __half2>(tensor_layout_any, T1 *, tensor_layout_any, const T2 *)"
5744952618,11072,401065,2253,1,1,128,1,1,16,0.000,0.000,,,,,NVIDIA A100-SXM4-40GB MIG 4g.20gb (0),1,,13,cupy_copy__float16_float16
5744966922,3488,401074,282,1,1,128,1,1,16,0.000,0.000,,,,,NVIDIA A100-SXM4-40GB MIG 4g.20gb (0),1,,13,cupy_copy__complex64_complex64
5744972938,2048,401083,26,1,1,128,1,1,16,0.000,0.000,,,,,NVIDIA A100-SXM4-40GB MIG 4g.20gb (0),1,,13,cupy_copy__float32_float32
5744976650,2912,401092,103,1,1,128,1,1,16,0.000,0.000,,,,,NVIDIA A100-SXM4-40GB MIG 4g.20gb (0),1,,13,cupy_copy__complex64_complex64
5744981034,12031,401102,1434,1,1,128,1,1,16,0.000,0.000,,,,,NVIDIA A100-SXM4-40GB MIG 4g.20gb (0),1,,13,cupy_copy__complex64_complex64
5744998313,82367,401107,1,1,1,32,32,1,30,0.000,0.000,,,,,NVIDIA A100-SXM4-40GB MIG 4g.20gb (0),1,,13,"void convert_kernel<__half2, float2>(tensor_layout_any, T1 *, tensor_layout_any, const T2 *)"
5745107624,5792,401110,,,,,,,,,,0.094,16176.708,Pinned,Device,NVIDIA A100-SXM4-40GB MIG 4g.20gb (0),1,,13,[CUDA memcpy Host-to-Device]
5745118696,601208,401111,,,,,,,,,,456.561,759261.675,Device,,NVIDIA A100-SXM4-40GB MIG 4g.20gb (0),1,,13,[CUDA memset]
5745724544,93535,401116,,,,,,,,,,1.235,13202.786,Pinned,Device,NVIDIA A100-SXM4-40GB MIG 4g.20gb (0),1,,13,[CUDA memcpy Host-to-Device]
5745821663,17792,401117,,,,,,,,,,0.197,11050.353,Pinned,Device,NVIDIA A100-SXM4-40GB MIG 4g.20gb (0),1,,13,[CUDA memcpy Host-to-Device]
5745852991,9376,401118,69,4,1,48,1,1,76,0.002,0.000,,,,,NVIDIA A100-SXM4-40GB MIG 4g.20gb (0),1,,13,"void ch_est::windowedChEstPreNoDftSOfdmKernel<float, __half, float, (unsigned int)2, (unsigned int)1, (unsigned short)4>(ch_est::puschRxChEstStatDescr_t *, ch_est::puschRxChEstDynDescr_t *)"
5745869279,6400,401119,137,2,1,24,2,1,44,0.001,0.001,,,,,NVIDIA A100-SXM4-40GB MIG 4g.20gb (0),1,,13,"void ch_est::chEstFilterNoDftSOfdmDispatchKernel<float, __half, float, (unsigned int)2>(ch_est::puschRxChEstStatDescr_t *, ch_est::puschRxChEstDynDescr_t *)"
5745877471,5151,401120,137,2,1,24,2,1,44,0.001,0.001,,,,,NVIDIA A100-SXM4-40GB MIG 4g.20gb (0),1,,13,"void ch_est::chEstFilterNoDftSOfdmDispatchKernel<float, __half, float, (unsigned int)2>(ch_est::puschRxChEstStatDescr_t *, ch_est::puschRxChEstDynDescr_t *)"
5745885342,2656,401131,103,1,1,128,1,1,16,0.000,0.000,,,,,NVIDIA A100-SXM4-40GB MIG 4g.20gb (0),1,,13,cupy_copy__complex64_complex64
5745893246,12480,401141,1434,1,1,128,1,1,16,0.000,0.000,,,,,NVIDIA A100-SXM4-40GB MIG 4g.20gb (0),1,,13,cupy_copy__complex64_complex64
5745909374,2944,401148,103,1,1,128,1,1,16,0.000,0.000,,,,,NVIDIA A100-SXM4-40GB MIG 4g.20gb (0),1,,13,cupy_copy__complex64_complex64
5745920414,90335,401155,1,1,1,32,32,1,30,0.000,0.000,,,,,NVIDIA A100-SXM4-40GB MIG 4g.20gb (0),1,,13,"void convert_kernel<__half2, float2>(tensor_layout_any, T1 *, tensor_layout_any, const T2 *)"
5746040029,13791,401158,,,,,,,,,,0.094,6793.991,Pinned,Device,NVIDIA A100-SXM4-40GB MIG 4g.20gb (0),1,,13,[CUDA memcpy Host-to-Device]
5746058908,47872,401159,,,,,,,,,,35.810,748033.419,Device,,NVIDIA A100-SXM4-40GB MIG 4g.20gb (0),1,,13,[CUDA memset]
5746113948,3456,401161,,,,,,,,,,0.000,23.148,Pinned,Device,NVIDIA A100-SXM4-40GB MIG 4g.20gb (0),1,,13,[CUDA memcpy Host-to-Device]
5746124892,18527,401162,,,,,,,,,,0.197,10611.917,Pinned,Device,NVIDIA A100-SXM4-40GB MIG 4g.20gb (0),1,,13,[CUDA memcpy Host-to-Device]
5746160507,9760,401163,273,1,1,48,1,1,40,0.000,0.001,,,,,NVIDIA A100-SXM4-40GB MIG 4g.20gb (0),1,,13,"void pusch_noise_intf_est::noiseIntfEstNoDftSOfdmKernel<float, __half, float, float, (unsigned int)2, (unsigned int)1, (unsigned char)4, (unsigned char)4>(pusch_noise_intf_est::puschRxNoiseIntfEstDynDescr)"
5746179259,2592,401174,35,1,1,128,1,1,16,0.000,0.000,,,,,NVIDIA A100-SXM4-40GB MIG 4g.20gb (0),1,,13,cupy_copy__complex64_complex64
5746191899,1760,401183,1,1,1,1,1,1,18,0.000,0.000,,,,,NVIDIA A100-SXM4-40GB MIG 4g.20gb (0),1,,13,cupy_copy__float32_float32
5746198843,5664,401189,,,,,,,,,,0.000,0.706,Device,Pageable,NVIDIA A100-SXM4-40GB MIG 4g.20gb (0),1,,7,[CUDA memcpy Device-to-Host]
5746276890,13215,401200,1434,1,1,128,1,1,16,0.000,0.000,,,,,NVIDIA A100-SXM4-40GB MIG 4g.20gb (0),1,,13,cupy_copy__complex64_complex64
5746301721,3072,401207,103,1,1,128,1,1,16,0.000,0.000,,,,,NVIDIA A100-SXM4-40GB MIG 4g.20gb (0),1,,13,cupy_copy__complex64_complex64
5746328505,2592,401214,35,1,1,128,1,1,16,0.000,0.000,,,,,NVIDIA A100-SXM4-40GB MIG 4g.20gb (0),1,,13,cupy_copy__complex64_complex64
5746341241,1792,401221,1,1,1,1,1,1,18,0.000,0.000,,,,,NVIDIA A100-SXM4-40GB MIG 4g.20gb (0),1,,13,cupy_copy__float32_float32
5746465783,87199,401232,1,1,1,32,32,1,30,0.000,0.000,,,,,NVIDIA A100-SXM4-40GB MIG 4g.20gb (0),1,,13,"void convert_kernel<__half2, float2>(tensor_layout_any, T1 *, tensor_layout_any, const T2 *)"
5746581174,5760,401235,,,,,,,,,,0.094,16266.656,Pinned,Device,NVIDIA A100-SXM4-40GB MIG 4g.20gb (0),1,,13,[CUDA memcpy Host-to-Device]
5746597526,3232,401236,,,,,,,,,,1.547,478533.199,Device,,NVIDIA A100-SXM4-40GB MIG 4g.20gb (0),1,,13,[CUDA memset]
5746603286,3008,401241,,,,,,,,,,0.031,10404.230,Pinned,Device,NVIDIA A100-SXM4-40GB MIG 4g.20gb (0),1,,13,[CUDA memcpy Host-to-Device]
5746609270,9791,401242,,,,,,,,,,0.197,20080.361,Pinned,Device,NVIDIA A100-SXM4-40GB MIG 4g.20gb (0),1,,13,[CUDA memcpy Host-to-Device]
5746624213,9152,401243,273,1,1,8,4,1,39,0.002,0.000,,,,,NVIDIA A100-SXM4-40GB MIG 4g.20gb (0),1,,13,"void channel_eq::eqMmseCoefCompLowMimoKernel<float, float, float, (unsigned int)4, (unsigned int)1, (unsigned int)4>(const channel_eq::_puschRxChEqStatDescr *, channel_eq::_puschRxChEqCoefCompDynDescr)"
5746636309,5728,401244,273,1,1,12,11,1,51,0.002,0.000,,,,,NVIDIA A100-SXM4-40GB MIG 4g.20gb (0),1,,13,"void channel_eq::eqMmseSoftDemapKernel<float, __half, __half, float, (unsigned int)4, (unsigned short)16383>(channel_eq::_puschRxChEqStatDescr *, channel_eq::_puschRxChEqSoftDemapDynDescr)"
5746643893,282877,401245,1,1,1,32,32,1,30,0.000,0.000,,,,,NVIDIA A100-SXM4-40GB MIG 4g.20gb (0),1,,13,"void convert_kernel<float2, __half2>(tensor_layout_any, T1 *, tensor_layout_any, const T2 *)"
5746930034,11007,401257,2253,1,1,128,1,1,16,0.000,0.000,,,,,NVIDIA A100-SXM4-40GB MIG 4g.20gb (0),1,,13,cupy_copy__float16_float16
5746944913,3808,401266,282,1,1,128,1,1,16,0.000,0.000,,,,,NVIDIA A100-SXM4-40GB MIG 4g.20gb (0),1,,13,cupy_copy__complex64_complex64
5746949841,2656,401275,26,1,1,128,1,1,16,0.000,0.000,,,,,NVIDIA A100-SXM4-40GB MIG 4g.20gb (0),1,,13,cupy_copy__float32_float32
5746955153,2976,401284,103,1,1,128,1,1,16,0.000,0.000,,,,,NVIDIA A100-SXM4-40GB MIG 4g.20gb (0),1,,13,cupy_copy__complex64_complex64
5746961329,12128,401294,1434,1,1,128,1,1,16,0.000,0.000,,,,,NVIDIA A100-SXM4-40GB MIG 4g.20gb (0),1,,13,cupy_copy__complex64_complex64
5746985361,82495,401299,1,1,1,32,32,1,30,0.000,0.000,,,,,NVIDIA A100-SXM4-40GB MIG 4g.20gb (0),1,,13,"void convert_kernel<__half2, float2>(tensor_layout_any, T1 *, tensor_layout_any, const T2 *)"
5747095024,5471,401302,,,,,,,,,,0.094,17125.849,Pinned,Device,NVIDIA A100-SXM4-40GB MIG 4g.20gb (0),1,,13,[CUDA memcpy Host-to-Device]
5747104783,596057,401303,,,,,,,,,,456.561,765653.535,Device,,NVIDIA A100-SXM4-40GB MIG 4g.20gb (0),1,,13,[CUDA memset]
5747711304,150814,401308,,,,,,,,,,1.235,8187.679,Pinned,Device,NVIDIA A100-SXM4-40GB MIG 4g.20gb (0),1,,13,[CUDA memcpy Host-to-Device]
5747870118,31520,401309,,,,,,,,,,0.197,6237.389,Pinned,Device,NVIDIA A100-SXM4-40GB MIG 4g.20gb (0),1,,13,[CUDA memcpy Host-to-Device]
5747922085,8352,401310,69,4,1,48,1,1,76,0.002,0.000,,,,,NVIDIA A100-SXM4-40GB MIG 4g.20gb (0),1,,13,"void ch_est::windowedChEstPreNoDftSOfdmKernel<float, __half, float, (unsigned int)2, (unsigned int)1, (unsigned short)4>(ch_est::puschRxChEstStatDescr_t *, ch_est::puschRxChEstDynDescr_t *)"
5747940709,6816,401311,137,2,1,24,2,1,44,0.001,0.001,,,,,NVIDIA A100-SXM4-40GB MIG 4g.20gb (0),1,,13,"void ch_est::chEstFilterNoDftSOfdmDispatchKernel<float, __half, float, (unsigned int)2>(ch_est::puschRxChEstStatDescr_t *, ch_est::puschRxChEstDynDescr_t *)"
5747952581,5088,401312,137,2,1,24,2,1,44,0.001,0.001,,,,,NVIDIA A100-SXM4-40GB MIG 4g.20gb (0),1,,13,"void ch_est::chEstFilterNoDftSOfdmDispatchKernel<float, __half, float, (unsigned int)2>(ch_est::puschRxChEstStatDescr_t *, ch_est::puschRxChEstDynDescr_t *)"
5747965093,2592,401323,103,1,1,128,1,1,16,0.000,0.000,,,,,NVIDIA A100-SXM4-40GB MIG 4g.20gb (0),1,,13,cupy_copy__complex64_complex64
5747974885,12384,401333,1434,1,1,128,1,1,16,0.000,0.000,,,,,NVIDIA A100-SXM4-40GB MIG 4g.20gb (0),1,,13,cupy_copy__complex64_complex64
5747991429,2559,401340,103,1,1,128,1,1,16,0.000,0.000,,,,,NVIDIA A100-SXM4-40GB MIG 4g.20gb (0),1,,13,cupy_copy__complex64_complex64
5748000740,83487,401347,1,1,1,32,32,1,30,0.000,0.000,,,,,NVIDIA A100-SXM4-40GB MIG 4g.20gb (0),1,,13,"void convert_kernel<__half2, float2>(tensor_layout_any, T1 *, tensor_layout_any, const T2 *)"
5748111331,5824,401350,,,,,,,,,,0.094,16087.884,Pinned,Device,NVIDIA A100-SXM4-40GB MIG 4g.20gb (0),1,,13,[CUDA memcpy Host-to-Device]
5748123139,46911,401351,,,,,,,,,,35.810,763324.255,Device,,NVIDIA A100-SXM4-40GB MIG 4g.20gb (0),1,,13,[CUDA memset]
5748177346,3904,401353,,,,,,,,,,0.000,20.492,Pinned,Device,NVIDIA A100-SXM4-40GB MIG 4g.20gb (0),1,,13,[CUDA memcpy Host-to-Device]
5748185762,10560,401354,,,,,,,,,,0.197,18617.991,Pinned,Device,NVIDIA A100-SXM4-40GB MIG 4g.20gb (0),1,,13,[CUDA memcpy Host-to-Device]
5748203618,12672,401355,273,1,1,48,1,1,40,0.000,0.001,,,,,NVIDIA A100-SXM4-40GB MIG 4g.20gb (0),1,,13,"void pusch_noise_intf_est::noiseIntfEstNoDftSOfdmKernel<float, __half, float, float, (unsigned int)2, (unsigned int)1, (unsigned char)4, (unsigned char)4>(pusch_noise_intf_est::puschRxNoiseIntfEstDynDescr)"
5748221378,3168,401366,35,1,1,128,1,1,16,0.000,0.000,,,,,NVIDIA A100-SXM4-40GB MIG 4g.20gb (0),1,,13,cupy_copy__complex64_complex64
5748234594,1887,401375,1,1,1,1,1,1,18,0.000,0.000,,,,,NVIDIA A100-SXM4-40GB MIG 4g.20gb (0),1,,13,cupy_copy__float32_float32
5748265377,1600,401381,,,,,,,,,,0.000,2.500,Device,Pageable,NVIDIA A100-SXM4-40GB MIG 4g.20gb (0),1,,7,[CUDA memcpy Device-to-Host]
5748326368,13088,401392,1434,1,1,128,1,1,16,0.000,0.000,,,,,NVIDIA A100-SXM4-40GB MIG 4g.20gb (0),1,,13,cupy_copy__complex64_complex64
5748351456,2848,401399,103,1,1,128,1,1,16,0.000,0.000,,,,,NVIDIA A100-SXM4-40GB MIG 4g.20gb (0),1,,13,cupy_copy__complex64_complex64
5748372544,2432,401406,35,1,1,128,1,1,16,0.000,0.000,,,,,NVIDIA A100-SXM4-40GB MIG 4g.20gb (0),1,,13,cupy_copy__complex64_complex64
5748390080,1792,401413,1,1,1,1,1,1,18,0.000,0.000,,,,,NVIDIA A100-SXM4-40GB MIG 4g.20gb (0),1,,13,cupy_copy__float32_float32
5748521630,87391,401424,1,1,1,32,32,1,30,0.000,0.000,,,,,NVIDIA A100-SXM4-40GB MIG 4g.20gb (0),1,,13,"void convert_kernel<__half2, float2>(tensor_layout_any, T1 *, tensor_layout_any, const T2 *)"
5748636285,5631,401427,,,,,,,,,,0.094,16639.285,Pinned,Device,NVIDIA A100-SXM4-40GB MIG 4g.20gb (0),1,,13,[CUDA memcpy Host-to-Device]
5748651036,3072,401428,,,,,,,,,,1.547,503457.044,Device,,NVIDIA A100-SXM4-40GB MIG 4g.20gb (0),1,,13,[CUDA memset]
5748657884,3104,401433,,,,,,,,,,0.031,10082.445,Pinned,Device,NVIDIA A100-SXM4-40GB MIG 4g.20gb (0),1,,13,[CUDA memcpy Host-to-Device]
5748663420,9856,401434,,,,,,,,,,0.197,19948.044,Pinned,Device,NVIDIA A100-SXM4-40GB MIG 4g.20gb (0),1,,13,[CUDA memcpy Host-to-Device]
5748677180,6016,401435,273,1,1,8,4,1,39,0.002,0.000,,,,,NVIDIA A100-SXM4-40GB MIG 4g.20gb (0),1,,13,"void channel_eq::eqMmseCoefCompLowMimoKernel<float, float, float, (unsigned int)4, (unsigned int)1, (unsigned int)4>(const channel_eq::_puschRxChEqStatDescr *, channel_eq::_puschRxChEqCoefCompDynDescr)"
5748684156,7232,401436,273,1,1,12,11,1,51,0.002,0.000,,,,,NVIDIA A100-SXM4-40GB MIG 4g.20gb (0),1,,13,"void channel_eq::eqMmseSoftDemapKernel<float, __half, __half, float, (unsigned int)4, (unsigned short)16383>(channel_eq::_puschRxChEqStatDescr *, channel_eq::_puschRxChEqSoftDemapDynDescr)"
5748692412,282812,401437,1,1,1,32,32,1,30,0.000,0.000,,,,,NVIDIA A100-SXM4-40GB MIG 4g.20gb (0),1,,13,"void convert_kernel<float2, __half2>(tensor_layout_any, T1 *, tensor_layout_any, const T2 *)"
5748976152,10912,401449,2253,1,1,128,1,1,16,0.000,0.000,,,,,NVIDIA A100-SXM4-40GB MIG 4g.20gb (0),1,,13,cupy_copy__float16_float16
5748991576,3104,401458,282,1,1,128,1,1,16,0.000,0.000,,,,,NVIDIA A100-SXM4-40GB MIG 4g.20gb (0),1,,13,cupy_copy__complex64_complex64
5748996952,2016,401467,26,1,1,128,1,1,16,0.000,0.000,,,,,NVIDIA A100-SXM4-40GB MIG 4g.20gb (0),1,,13,cupy_copy__float32_float32
5749001240,3104,401476,103,1,1,128,1,1,16,0.000,0.000,,,,,NVIDIA A100-SXM4-40GB MIG 4g.20gb (0),1,,13,cupy_copy__complex64_complex64
5749005400,11872,401486,1434,1,1,128,1,1,16,0.000,0.000,,,,,NVIDIA A100-SXM4-40GB MIG 4g.20gb (0),1,,13,cupy_copy__complex64_complex64
5749028344,82623,401491,1,1,1,32,32,1,30,0.000,0.000,,,,,NVIDIA A100-SXM4-40GB MIG 4g.20gb (0),1,,13,"void convert_kernel<__half2, float2>(tensor_layout_any, T1 *, tensor_layout_any, const T2 *)"
5749137750,5632,401494,,,,,,,,,,0.094,16636.287,Pinned,Device,NVIDIA A100-SXM4-40GB MIG 4g.20gb (0),1,,13,[CUDA memcpy Host-to-Device]
5749148534,596921,401495,,,,,,,,,,456.561,764740.412,Device,,NVIDIA A100-SXM4-40GB MIG 4g.20gb (0),1,,13,[CUDA memset]
5749751983,168734,401500,,,,,,,,,,1.235,7318.278,Pinned,Device,NVIDIA A100-SXM4-40GB MIG 4g.20gb (0),1,,13,[CUDA memcpy Host-to-Device]
5749933581,39551,401501,,,,,,,,,,0.197,4970.840,Pinned,Device,NVIDIA A100-SXM4-40GB MIG 4g.20gb (0),1,,13,[CUDA memcpy Host-to-Device]
5750002252,8192,401502,69,4,1,48,1,1,76,0.002,0.000,,,,,NVIDIA A100-SXM4-40GB MIG 4g.20gb (0),1,,13,"void ch_est::windowedChEstPreNoDftSOfdmKernel<float, __half, float, (unsigned int)2, (unsigned int)1, (unsigned short)4>(ch_est::puschRxChEstStatDescr_t *, ch_est::puschRxChEstDynDescr_t *)"
5750019724,6975,401503,137,2,1,24,2,1,44,0.001,0.001,,,,,NVIDIA A100-SXM4-40GB MIG 4g.20gb (0),1,,13,"void ch_est::chEstFilterNoDftSOfdmDispatchKernel<float, __half, float, (unsigned int)2>(ch_est::puschRxChEstStatDescr_t *, ch_est::puschRxChEstDynDescr_t *)"
5750035979,4736,401504,137,2,1,24,2,1,44,0.001,0.001,,,,,NVIDIA A100-SXM4-40GB MIG 4g.20gb (0),1,,13,"void ch_est::chEstFilterNoDftSOfdmDispatchKernel<float, __half, float, (unsigned int)2>(ch_est::puschRxChEstStatDescr_t *, ch_est::puschRxChEstDynDescr_t *)"
5750051659,2528,401515,103,1,1,128,1,1,16,0.000,0.000,,,,,NVIDIA A100-SXM4-40GB MIG 4g.20gb (0),1,,13,cupy_copy__complex64_complex64
5750069515,12608,401525,1434,1,1,128,1,1,16,0.000,0.000,,,,,NVIDIA A100-SXM4-40GB MIG 4g.20gb (0),1,,13,cupy_copy__complex64_complex64
5750108618,2656,401532,103,1,1,128,1,1,16,0.000,0.000,,,,,NVIDIA A100-SXM4-40GB MIG 4g.20gb (0),1,,13,cupy_copy__complex64_complex64
5750123882,84511,401539,1,1,1,32,32,1,30,0.000,0.000,,,,,NVIDIA A100-SXM4-40GB MIG 4g.20gb (0),1,,13,"void convert_kernel<__half2, float2>(tensor_layout_any, T1 *, tensor_layout_any, const T2 *)"
5750237257,6944,401542,,,,,,,,,,0.094,13493.067,Pinned,Device,NVIDIA A100-SXM4-40GB MIG 4g.20gb (0),1,,13,[CUDA memcpy Host-to-Device]
5750250825,47103,401543,,,,,,,,,,35.810,760244.602,Device,,NVIDIA A100-SXM4-40GB MIG 4g.20gb (0),1,,13,[CUDA memset]
5750301704,3936,401545,,,,,,,,,,0.000,20.325,Pinned,Device,NVIDIA A100-SXM4-40GB MIG 4g.20gb (0),1,,13,[CUDA memcpy Host-to-Device]
5750309448,10016,401546,,,,,,,,,,0.197,19629.343,Pinned,Device,NVIDIA A100-SXM4-40GB MIG 4g.20gb (0),1,,13,[CUDA memcpy Host-to-Device]
5750326216,10016,401547,273,1,1,48,1,1,40,0.000,0.001,,,,,NVIDIA A100-SXM4-40GB MIG 4g.20gb (0),1,,13,"void pusch_noise_intf_est::noiseIntfEstNoDftSOfdmKernel<float, __half, float, float, (unsigned int)2, (unsigned int)1, (unsigned char)4, (unsigned char)4>(pusch_noise_intf_est::puschRxNoiseIntfEstDynDescr)"
5750339400,2944,401558,35,1,1,128,1,1,16,0.000,0.000,,,,,NVIDIA A100-SXM4-40GB MIG 4g.20gb (0),1,,13,cupy_copy__complex64_complex64
5750359591,1920,401567,1,1,1,1,1,1,18,0.000,0.000,,,,,NVIDIA A100-SXM4-40GB MIG 4g.20gb (0),1,,13,cupy_copy__float32_float32
5750389895,1824,401573,,,,,,,,,,0.000,2.193,Device,Pageable,NVIDIA A100-SXM4-40GB MIG 4g.20gb (0),1,,7,[CUDA memcpy Device-to-Host]
5750450406,13024,401584,1434,1,1,128,1,1,16,0.000,0.000,,,,,NVIDIA A100-SXM4-40GB MIG 4g.20gb (0),1,,13,cupy_copy__complex64_complex64
5750479014,2944,401591,103,1,1,128,1,1,16,0.000,0.000,,,,,NVIDIA A100-SXM4-40GB MIG 4g.20gb (0),1,,13,cupy_copy__complex64_complex64
5750500038,2592,401598,35,1,1,128,1,1,16,0.000,0.000,,,,,NVIDIA A100-SXM4-40GB MIG 4g.20gb (0),1,,13,cupy_copy__complex64_complex64
5750515685,1792,401605,1,1,1,1,1,1,18,0.000,0.000,,,,,NVIDIA A100-SXM4-40GB MIG 4g.20gb (0),1,,13,cupy_copy__float32_float32
5750646628,81407,401616,1,1,1,32,32,1,30,0.000,0.000,,,,,NVIDIA A100-SXM4-40GB MIG 4g.20gb (0),1,,13,"void convert_kernel<__half2, float2>(tensor_layout_any, T1 *, tensor_layout_any, const T2 *)"
5750755394,5472,401619,,,,,,,,,,0.094,17122.757,Pinned,Device,NVIDIA A100-SXM4-40GB MIG 4g.20gb (0),1,,13,[CUDA memcpy Host-to-Device]
5750769250,3360,401620,,,,,,,,,,1.547,460304.688,Device,,NVIDIA A100-SXM4-40GB MIG 4g.20gb (0),1,,13,[CUDA memset]
5750776162,3136,401625,,,,,,,,,,0.031,9979.575,Pinned,Device,NVIDIA A100-SXM4-40GB MIG 4g.20gb (0),1,,13,[CUDA memcpy Host-to-Device]
5750782018,9728,401626,,,,,,,,,,0.197,20210.516,Pinned,Device,NVIDIA A100-SXM4-40GB MIG 4g.20gb (0),1,,13,[CUDA memcpy Host-to-Device]
5750795842,6176,401627,273,1,1,8,4,1,39,0.002,0.000,,,,,NVIDIA A100-SXM4-40GB MIG 4g.20gb (0),1,,13,"void channel_eq::eqMmseCoefCompLowMimoKernel<float, float, float, (unsigned int)4, (unsigned int)1, (unsigned int)4>(const channel_eq::_puschRxChEqStatDescr *, channel_eq::_puschRxChEqCoefCompDynDescr)"
5750803042,5824,401628,273,1,1,12,11,1,51,0.002,0.000,,,,,NVIDIA A100-SXM4-40GB MIG 4g.20gb (0),1,,13,"void channel_eq::eqMmseSoftDemapKernel<float, __half, __half, float, (unsigned int)4, (unsigned short)16383>(channel_eq::_puschRxChEqStatDescr *, channel_eq::_puschRxChEqSoftDemapDynDescr)"
5750810146,294492,401629,1,1,1,32,32,1,30,0.000,0.000,,,,,NVIDIA A100-SXM4-40GB MIG 4g.20gb (0),1,,13,"void convert_kernel<float2, __half2>(tensor_layout_any, T1 *, tensor_layout_any, const T2 *)"
5751105822,10848,401641,2253,1,1,128,1,1,16,0.000,0.000,,,,,NVIDIA A100-SXM4-40GB MIG 4g.20gb (0),1,,13,cupy_copy__float16_float16
5751119262,3136,401650,282,1,1,128,1,1,16,0.000,0.000,,,,,NVIDIA A100-SXM4-40GB MIG 4g.20gb (0),1,,13,cupy_copy__complex64_complex64
5751123934,2016,401659,26,1,1,128,1,1,16,0.000,0.000,,,,,NVIDIA A100-SXM4-40GB MIG 4g.20gb (0),1,,13,cupy_copy__float32_float32
5751130078,2880,401668,103,1,1,128,1,1,16,0.000,0.000,,,,,NVIDIA A100-SXM4-40GB MIG 4g.20gb (0),1,,13,cupy_copy__complex64_complex64
5751137438,11840,401678,1434,1,1,128,1,1,16,0.000,0.000,,,,,NVIDIA A100-SXM4-40GB MIG 4g.20gb (0),1,,13,cupy_copy__complex64_complex64
5751159325,87647,401683,1,1,1,32,32,1,30,0.000,0.000,,,,,NVIDIA A100-SXM4-40GB MIG 4g.20gb (0),1,,13,"void convert_kernel<__half2, float2>(tensor_layout_any, T1 *, tensor_layout_any, const T2 *)"
5751273916,5920,401686,,,,,,,,,,0.094,15826.941,Pinned,Device,NVIDIA A100-SXM4-40GB MIG 4g.20gb (0),1,,13,[CUDA memcpy Host-to-Device]
5751283740,598617,401687,,,,,,,,,,456.561,762457.605,Device,,NVIDIA A100-SXM4-40GB MIG 4g.20gb (0),1,,13,[CUDA memset]
5751889492,161246,401692,,,,,,,,,,1.235,7657.888,Pinned,Device,NVIDIA A100-SXM4-40GB MIG 4g.20gb (0),1,,13,[CUDA memcpy Host-to-Device]
5752061906,41376,401693,,,,,,,,,,0.197,4751.622,Pinned,Device,NVIDIA A100-SXM4-40GB MIG 4g.20gb (0),1,,13,[CUDA memcpy Host-to-Device]
5752124914,8511,401694,69,4,1,48,1,1,76,0.002,0.000,,,,,NVIDIA A100-SXM4-40GB MIG 4g.20gb (0),1,,13,"void ch_est::windowedChEstPreNoDftSOfdmKernel<float, __half, float, (unsigned int)2, (unsigned int)1, (unsigned short)4>(ch_est::puschRxChEstStatDescr_t *, ch_est::puschRxChEstDynDescr_t *)"
5752144145,6944,401695,137,2,1,24,2,1,44,0.001,0.001,,,,,NVIDIA A100-SXM4-40GB MIG 4g.20gb (0),1,,13,"void ch_est::chEstFilterNoDftSOfdmDispatchKernel<float, __half, float, (unsigned int)2>(ch_est::puschRxChEstStatDescr_t *, ch_est::puschRxChEstDynDescr_t *)"
5752161233,4832,401696,137,2,1,24,2,1,44,0.001,0.001,,,,,NVIDIA A100-SXM4-40GB MIG 4g.20gb (0),1,,13,"void ch_est::chEstFilterNoDftSOfdmDispatchKernel<float, __half, float, (unsigned int)2>(ch_est::puschRxChEstStatDescr_t *, ch_est::puschRxChEstDynDescr_t *)"
5752178225,2656,401707,103,1,1,128,1,1,16,0.000,0.000,,,,,NVIDIA A100-SXM4-40GB MIG 4g.20gb (0),1,,13,cupy_copy__complex64_complex64
5752194961,12480,401717,1434,1,1,128,1,1,16,0.000,0.000,,,,,NVIDIA A100-SXM4-40GB MIG 4g.20gb (0),1,,13,cupy_copy__complex64_complex64
5752216432,2880,401724,103,1,1,128,1,1,16,0.000,0.000,,,,,NVIDIA A100-SXM4-40GB MIG 4g.20gb (0),1,,13,cupy_copy__complex64_complex64
5752240080,89023,401731,1,1,1,32,32,1,30,0.000,0.000,,,,,NVIDIA A100-SXM4-40GB MIG 4g.20gb (0),1,,13,"void convert_kernel<__half2, float2>(tensor_layout_any, T1 *, tensor_layout_any, const T2 *)"
5752363119,27615,401734,,,,,,,,,,0.094,3392.920,Pinned,Device,NVIDIA A100-SXM4-40GB MIG 4g.20gb (0),1,,13,[CUDA memcpy Host-to-Device]
5752412558,47455,401735,,,,,,,,,,35.810,754586.634,Device,,NVIDIA A100-SXM4-40GB MIG 4g.20gb (0),1,,13,[CUDA memset]
5752466957,11872,401737,,,,,,,,,,0.000,6.738,Pinned,Device,NVIDIA A100-SXM4-40GB MIG 4g.20gb (0),1,,13,[CUDA memcpy Host-to-Device]
5752485325,27552,401738,,,,,,,,,,0.197,7135.887,Pinned,Device,NVIDIA A100-SXM4-40GB MIG 4g.20gb (0),1,,13,[CUDA memcpy Host-to-Device]
5752545772,9504,401739,273,1,1,48,1,1,40,0.000,0.001,,,,,NVIDIA A100-SXM4-40GB MIG 4g.20gb (0),1,,13,"void pusch_noise_intf_est::noiseIntfEstNoDftSOfdmKernel<float, __half, float, float, (unsigned int)2, (unsigned int)1, (unsigned char)4, (unsigned char)4>(pusch_noise_intf_est::puschRxNoiseIntfEstDynDescr)"
5752561836,2752,401750,35,1,1,128,1,1,16,0.000,0.000,,,,,NVIDIA A100-SXM4-40GB MIG 4g.20gb (0),1,,13,cupy_copy__complex64_complex64
5752574284,1792,401759,1,1,1,1,1,1,18,0.000,0.000,,,,,NVIDIA A100-SXM4-40GB MIG 4g.20gb (0),1,,13,cupy_copy__float32_float32
5752583756,6464,401765,,,,,,,,,,0.000,0.619,Device,Pageable,NVIDIA A100-SXM4-40GB MIG 4g.20gb (0),1,,7,[CUDA memcpy Device-to-Host]
5752661387,12896,401776,1434,1,1,128,1,1,16,0.000,0.000,,,,,NVIDIA A100-SXM4-40GB MIG 4g.20gb (0),1,,13,cupy_copy__complex64_complex64
5752684587,2912,401783,103,1,1,128,1,1,16,0.000,0.000,,,,,NVIDIA A100-SXM4-40GB MIG 4g.20gb (0),1,,13,cupy_copy__complex64_complex64
5752705130,2624,401790,35,1,1,128,1,1,16,0.000,0.000,,,,,NVIDIA A100-SXM4-40GB MIG 4g.20gb (0),1,,13,cupy_copy__complex64_complex64
5752723466,1920,401797,1,1,1,1,1,1,18,0.000,0.000,,,,,NVIDIA A100-SXM4-40GB MIG 4g.20gb (0),1,,13,cupy_copy__float32_float32
5752856361,82399,401808,1,1,1,32,32,1,30,0.000,0.000,,,,,NVIDIA A100-SXM4-40GB MIG 4g.20gb (0),1,,13,"void convert_kernel<__half2, float2>(tensor_layout_any, T1 *, tensor_layout_any, const T2 *)"
5752966727,5408,401811,,,,,,,,,,0.094,17325.421,Pinned,Device,NVIDIA A100-SXM4-40GB MIG 4g.20gb (0),1,,13,[CUDA memcpy Host-to-Device]
5752982663,3232,401812,,,,,,,,,,1.547,478533.199,Device,,NVIDIA A100-SXM4-40GB MIG 4g.20gb (0),1,,13,[CUDA memset]
5752988519,3232,401817,,,,,,,,,,0.031,9683.139,Pinned,Device,NVIDIA A100-SXM4-40GB MIG 4g.20gb (0),1,,13,[CUDA memcpy Host-to-Device]
5752994759,9792,401818,,,,,,,,,,0.197,20078.395,Pinned,Device,NVIDIA A100-SXM4-40GB MIG 4g.20gb (0),1,,13,[CUDA memcpy Host-to-Device]
5753009927,6400,401819,273,1,1,8,4,1,39,0.002,0.000,,,,,NVIDIA A100-SXM4-40GB MIG 4g.20gb (0),1,,13,"void channel_eq::eqMmseCoefCompLowMimoKernel<float, float, float, (unsigned int)4, (unsigned int)1, (unsigned int)4>(const channel_eq::_puschRxChEqStatDescr *, channel_eq::_puschRxChEqCoefCompDynDescr)"
5753017415,6144,401820,273,1,1,12,11,1,51,0.002,0.000,,,,,NVIDIA A100-SXM4-40GB MIG 4g.20gb (0),1,,13,"void channel_eq::eqMmseSoftDemapKernel<float, __half, __half, float, (unsigned int)4, (unsigned short)16383>(channel_eq::_puschRxChEqStatDescr *, channel_eq::_puschRxChEqSoftDemapDynDescr)"
5753024646,280925,401821,1,1,1,32,32,1,30,0.000,0.000,,,,,NVIDIA A100-SXM4-40GB MIG 4g.20gb (0),1,,13,"void convert_kernel<float2, __half2>(tensor_layout_any, T1 *, tensor_layout_any, const T2 *)"
5753308515,11200,401833,2253,1,1,128,1,1,16,0.000,0.000,,,,,NVIDIA A100-SXM4-40GB MIG 4g.20gb (0),1,,13,cupy_copy__float16_float16
5753322019,3552,401842,282,1,1,128,1,1,16,0.000,0.000,,,,,NVIDIA A100-SXM4-40GB MIG 4g.20gb (0),1,,13,cupy_copy__complex64_complex64
5753328227,2016,401851,26,1,1,128,1,1,16,0.000,0.000,,,,,NVIDIA A100-SXM4-40GB MIG 4g.20gb (0),1,,13,cupy_copy__float32_float32
5753333315,3040,401860,103,1,1,128,1,1,16,0.000,0.000,,,,,NVIDIA A100-SXM4-40GB MIG 4g.20gb (0),1,,13,cupy_copy__complex64_complex64
5753337475,12159,401870,1434,1,1,128,1,1,16,0.000,0.000,,,,,NVIDIA A100-SXM4-40GB MIG 4g.20gb (0),1,,13,cupy_copy__complex64_complex64
5753357218,87711,401875,1,1,1,32,32,1,30,0.000,0.000,,,,,NVIDIA A100-SXM4-40GB MIG 4g.20gb (0),1,,13,"void convert_kernel<__half2, float2>(tensor_layout_any, T1 *, tensor_layout_any, const T2 *)"
5753471457,5440,401878,,,,,,,,,,0.094,17223.480,Pinned,Device,NVIDIA A100-SXM4-40GB MIG 4g.20gb (0),1,,13,[CUDA memcpy Host-to-Device]
5753481601,596985,401879,,,,,,,,,,456.561,764740.412,Device,,NVIDIA A100-SXM4-40GB MIG 4g.20gb (0),1,,13,[CUDA memset]
5754080057,168574,401884,,,,,,,,,,1.235,7325.688,Pinned,Device,NVIDIA A100-SXM4-40GB MIG 4g.20gb (0),1,,13,[CUDA memcpy Host-to-Device]
5754259159,41504,401885,,,,,,,,,,0.197,4737.073,Pinned,Device,NVIDIA A100-SXM4-40GB MIG 4g.20gb (0),1,,13,[CUDA memcpy Host-to-Device]
5754330678,8128,401886,69,4,1,48,1,1,76,0.002,0.000,,,,,NVIDIA A100-SXM4-40GB MIG 4g.20gb (0),1,,13,"void ch_est::windowedChEstPreNoDftSOfdmKernel<float, __half, float, (unsigned int)2, (unsigned int)1, (unsigned short)4>(ch_est::puschRxChEstStatDescr_t *, ch_est::puschRxChEstDynDescr_t *)"
5754348214,6624,401887,137,2,1,24,2,1,44,0.001,0.001,,,,,NVIDIA A100-SXM4-40GB MIG 4g.20gb (0),1,,13,"void ch_est::chEstFilterNoDftSOfdmDispatchKernel<float, __half, float, (unsigned int)2>(ch_est::puschRxChEstStatDescr_t *, ch_est::puschRxChEstDynDescr_t *)"
5754367702,4736,401888,137,2,1,24,2,1,44,0.001,0.001,,,,,NVIDIA A100-SXM4-40GB MIG 4g.20gb (0),1,,13,"void ch_est::chEstFilterNoDftSOfdmDispatchKernel<float, __half, float, (unsigned int)2>(ch_est::puschRxChEstStatDescr_t *, ch_est::puschRxChEstDynDescr_t *)"
5754384598,2688,401899,103,1,1,128,1,1,16,0.000,0.000,,,,,NVIDIA A100-SXM4-40GB MIG 4g.20gb (0),1,,13,cupy_copy__complex64_complex64
5754401494,12447,401909,1434,1,1,128,1,1,16,0.000,0.000,,,,,NVIDIA A100-SXM4-40GB MIG 4g.20gb (0),1,,13,cupy_copy__complex64_complex64
5754423317,2560,401916,103,1,1,128,1,1,16,0.000,0.000,,,,,NVIDIA A100-SXM4-40GB MIG 4g.20gb (0),1,,13,cupy_copy__complex64_complex64
5754445813,89631,401923,1,1,1,32,32,1,30,0.000,0.000,,,,,NVIDIA A100-SXM4-40GB MIG 4g.20gb (0),1,,13,"void convert_kernel<__half2, float2>(tensor_layout_any, T1 *, tensor_layout_any, const T2 *)"
5754570099,26048,401926,,,,,,,,,,0.094,3596.989,Pinned,Device,NVIDIA A100-SXM4-40GB MIG 4g.20gb (0),1,,13,[CUDA memcpy Host-to-Device]
5754623635,47551,401927,,,,,,,,,,35.810,753082.618,Device,,NVIDIA A100-SXM4-40GB MIG 4g.20gb (0),1,,13,[CUDA memset]
5754675922,12128,401929,,,,,,,,,,0.000,6.596,Pinned,Device,NVIDIA A100-SXM4-40GB MIG 4g.20gb (0),1,,13,[CUDA memcpy Host-to-Device]
5754696626,23296,401930,,,,,,,,,,0.197,8439.398,Pinned,Device,NVIDIA A100-SXM4-40GB MIG 4g.20gb (0),1,,13,[CUDA memcpy Host-to-Device]
5754740465,9760,401931,273,1,1,48,1,1,40,0.000,0.001,,,,,NVIDIA A100-SXM4-40GB MIG 4g.20gb (0),1,,13,"void pusch_noise_intf_est::noiseIntfEstNoDftSOfdmKernel<float, __half, float, float, (unsigned int)2, (unsigned int)1, (unsigned char)4, (unsigned char)4>(pusch_noise_intf_est::puschRxNoiseIntfEstDynDescr)"
5754756657,2752,401942,35,1,1,128,1,1,16,0.000,0.000,,,,,NVIDIA A100-SXM4-40GB MIG 4g.20gb (0),1,,13,cupy_copy__complex64_complex64
5754773809,1664,401951,1,1,1,1,1,1,18,0.000,0.000,,,,,NVIDIA A100-SXM4-40GB MIG 4g.20gb (0),1,,13,cupy_copy__float32_float32
5754777841,7456,401957,,,,,,,,,,0.000,0.536,Device,Pageable,NVIDIA A100-SXM4-40GB MIG 4g.20gb (0),1,,7,[CUDA memcpy Device-to-Host]
5754894479,12448,401968,1434,1,1,128,1,1,16,0.000,0.000,,,,,NVIDIA A100-SXM4-40GB MIG 4g.20gb (0),1,,13,cupy_copy__complex64_complex64
5754917551,3456,401975,103,1,1,128,1,1,16,0.000,0.000,,,,,NVIDIA A100-SXM4-40GB MIG 4g.20gb (0),1,,13,cupy_copy__complex64_complex64
5754937551,2496,401982,35,1,1,128,1,1,16,0.000,0.000,,,,,NVIDIA A100-SXM4-40GB MIG 4g.20gb (0),1,,13,cupy_copy__complex64_complex64
5754958479,1792,401989,1,1,1,1,1,1,18,0.000,0.000,,,,,NVIDIA A100-SXM4-40GB MIG 4g.20gb (0),1,,13,cupy_copy__float32_float32
5755088429,86911,402000,1,1,1,32,32,1,30,0.000,0.000,,,,,NVIDIA A100-SXM4-40GB MIG 4g.20gb (0),1,,13,"void convert_kernel<__half2, float2>(tensor_layout_any, T1 *, tensor_layout_any, const T2 *)"
5755203692,10048,402003,,,,,,,,,,0.094,9324.813,Pinned,Device,NVIDIA A100-SXM4-40GB MIG 4g.20gb (0),1,,13,[CUDA memcpy Host-to-Device]
5755221451,3520,402004,,,,,,,,,,1.547,439380.412,Device,,NVIDIA A100-SXM4-40GB MIG 4g.20gb (0),1,,13,[CUDA memset]
5755225675,5376,402009,,,,,,,,,,0.031,5821.400,Pinned,Device,NVIDIA A100-SXM4-40GB MIG 4g.20gb (0),1,,13,[CUDA memcpy Host-to-Device]
5755234571,10304,402010,,,,,,,,,,0.197,19080.610,Pinned,Device,NVIDIA A100-SXM4-40GB MIG 4g.20gb (0),1,,13,[CUDA memcpy Host-to-Device]
5755252683,8032,402011,273,1,1,8,4,1,39,0.002,0.000,,,,,NVIDIA A100-SXM4-40GB MIG 4g.20gb (0),1,,13,"void channel_eq::eqMmseCoefCompLowMimoKernel<float, float, float, (unsigned int)4, (unsigned int)1, (unsigned int)4>(const channel_eq::_puschRxChEqStatDescr *, channel_eq::_puschRxChEqCoefCompDynDescr)"
5755262731,5984,402012,273,1,1,12,11,1,51,0.002,0.000,,,,,NVIDIA A100-SXM4-40GB MIG 4g.20gb (0),1,,13,"void channel_eq::eqMmseSoftDemapKernel<float, __half, __half, float, (unsigned int)4, (unsigned short)16383>(channel_eq::_puschRxChEqStatDescr *, channel_eq::_puschRxChEqSoftDemapDynDescr)"
5755270443,281948,402013,1,1,1,32,32,1,30,0.000,0.000,,,,,NVIDIA A100-SXM4-40GB MIG 4g.20gb (0),1,,13,"void convert_kernel<float2, __half2>(tensor_layout_any, T1 *, tensor_layout_any, const T2 *)"
5755554247,11008,402025,2253,1,1,128,1,1,16,0.000,0.000,,,,,NVIDIA A100-SXM4-40GB MIG 4g.20gb (0),1,,13,cupy_copy__float16_float16
5755566567,3232,402034,282,1,1,128,1,1,16,0.000,0.000,,,,,NVIDIA A100-SXM4-40GB MIG 4g.20gb (0),1,,13,cupy_copy__complex64_complex64
5755572007,2208,402043,26,1,1,128,1,1,16,0.000,0.000,,,,,NVIDIA A100-SXM4-40GB MIG 4g.20gb (0),1,,13,cupy_copy__float32_float32
5755577543,3264,402052,103,1,1,128,1,1,16,0.000,0.000,,,,,NVIDIA A100-SXM4-40GB MIG 4g.20gb (0),1,,13,cupy_copy__complex64_complex64
5755636294,11808,402068,1434,1,1,128,1,1,16,0.000,0.000,,,,,NVIDIA A100-SXM4-40GB MIG 4g.20gb (0),1,,13,cupy_copy__complex64_complex64
5755751717,82719,402073,1,1,1,32,32,1,30,0.000,0.000,,,,,NVIDIA A100-SXM4-40GB MIG 4g.20gb (0),1,,13,"void convert_kernel<__half2, float2>(tensor_layout_any, T1 *, tensor_layout_any, const T2 *)"
5755861572,5791,402076,,,,,,,,,,0.094,16179.519,Pinned,Device,NVIDIA A100-SXM4-40GB MIG 4g.20gb (0),1,,13,[CUDA memcpy Host-to-Device]
5755871139,600953,402077,,,,,,,,,,456.561,759718.236,Device,,NVIDIA A100-SXM4-40GB MIG 4g.20gb (0),1,,13,[CUDA memset]
5756473628,75135,402082,,,,,,,,,,1.235,16435.870,Pinned,Device,NVIDIA A100-SXM4-40GB MIG 4g.20gb (0),1,,13,[CUDA memcpy Host-to-Device]
5756555067,17504,402083,,,,,,,,,,0.197,11232.018,Pinned,Device,NVIDIA A100-SXM4-40GB MIG 4g.20gb (0),1,,13,[CUDA memcpy Host-to-Device]
5756579323,9056,402084,69,4,1,48,1,1,76,0.002,0.000,,,,,NVIDIA A100-SXM4-40GB MIG 4g.20gb (0),1,,13,"void ch_est::windowedChEstPreNoDftSOfdmKernel<float, __half, float, (unsigned int)2, (unsigned int)1, (unsigned short)4>(ch_est::puschRxChEstStatDescr_t *, ch_est::puschRxChEstDynDescr_t *)"
5756594043,6463,402085,137,2,1,24,2,1,44,0.001,0.001,,,,,NVIDIA A100-SXM4-40GB MIG 4g.20gb (0),1,,13,"void ch_est::chEstFilterNoDftSOfdmDispatchKernel<float, __half, float, (unsigned int)2>(ch_est::puschRxChEstStatDescr_t *, ch_est::puschRxChEstDynDescr_t *)"
5756602234,4960,402086,137,2,1,24,2,1,44,0.001,0.001,,,,,NVIDIA A100-SXM4-40GB MIG 4g.20gb (0),1,,13,"void ch_est::chEstFilterNoDftSOfdmDispatchKernel<float, __half, float, (unsigned int)2>(ch_est::puschRxChEstStatDescr_t *, ch_est::puschRxChEstDynDescr_t *)"
5756611354,2592,402097,103,1,1,128,1,1,16,0.000,0.000,,,,,NVIDIA A100-SXM4-40GB MIG 4g.20gb (0),1,,13,cupy_copy__complex64_complex64
5756615898,12544,402107,1434,1,1,128,1,1,16,0.000,0.000,,,,,NVIDIA A100-SXM4-40GB MIG 4g.20gb (0),1,,13,cupy_copy__complex64_complex64
5756631162,2624,402114,103,1,1,128,1,1,16,0.000,0.000,,,,,NVIDIA A100-SXM4-40GB MIG 4g.20gb (0),1,,13,cupy_copy__complex64_complex64
5756637114,86847,402121,1,1,1,32,32,1,30,0.000,0.000,,,,,NVIDIA A100-SXM4-40GB MIG 4g.20gb (0),1,,13,"void convert_kernel<__half2, float2>(tensor_layout_any, T1 *, tensor_layout_any, const T2 *)"
5756750937,5504,402124,,,,,,,,,,0.094,17023.251,Pinned,Device,NVIDIA A100-SXM4-40GB MIG 4g.20gb (0),1,,13,[CUDA memcpy Host-to-Device]
5756766488,47232,402125,,,,,,,,,,35.810,758167.626,Device,,NVIDIA A100-SXM4-40GB MIG 4g.20gb (0),1,,13,[CUDA memset]
5756815992,4800,402127,,,,,,,,,,0.000,16.667,Pinned,Device,NVIDIA A100-SXM4-40GB MIG 4g.20gb (0),1,,13,[CUDA memcpy Host-to-Device]
5756823672,13600,402128,,,,,,,,,,0.197,14456.390,Pinned,Device,NVIDIA A100-SXM4-40GB MIG 4g.20gb (0),1,,13,[CUDA memcpy Host-to-Device]
5756849655,9568,402129,273,1,1,48,1,1,40,0.000,0.001,,,,,NVIDIA A100-SXM4-40GB MIG 4g.20gb (0),1,,13,"void pusch_noise_intf_est::noiseIntfEstNoDftSOfdmKernel<float, __half, float, float, (unsigned int)2, (unsigned int)1, (unsigned char)4, (unsigned char)4>(pusch_noise_intf_est::puschRxNoiseIntfEstDynDescr)"
5756863575,2816,402140,35,1,1,128,1,1,16,0.000,0.000,,,,,NVIDIA A100-SXM4-40GB MIG 4g.20gb (0),1,,13,cupy_copy__complex64_complex64
5756872375,2080,402149,1,1,1,1,1,1,18,0.000,0.000,,,,,NVIDIA A100-SXM4-40GB MIG 4g.20gb (0),1,,13,cupy_copy__float32_float32
5756903799,1632,402155,,,,,,,,,,0.000,2.451,Device,Pageable,NVIDIA A100-SXM4-40GB MIG 4g.20gb (0),1,,7,[CUDA memcpy Device-to-Host]
5756962966,13024,402166,1434,1,1,128,1,1,16,0.000,0.000,,,,,NVIDIA A100-SXM4-40GB MIG 4g.20gb (0),1,,13,cupy_copy__complex64_complex64
5756989878,2816,402173,103,1,1,128,1,1,16,0.000,0.000,,,,,NVIDIA A100-SXM4-40GB MIG 4g.20gb (0),1,,13,cupy_copy__complex64_complex64
5757012117,2144,402180,35,1,1,128,1,1,16,0.000,0.000,,,,,NVIDIA A100-SXM4-40GB MIG 4g.20gb (0),1,,13,cupy_copy__complex64_complex64
5757030165,1760,402187,1,1,1,1,1,1,18,0.000,0.000,,,,,NVIDIA A100-SXM4-40GB MIG 4g.20gb (0),1,,13,cupy_copy__float32_float32
5757161652,82335,402198,1,1,1,32,32,1,30,0.000,0.000,,,,,NVIDIA A100-SXM4-40GB MIG 4g.20gb (0),1,,13,"void convert_kernel<__half2, float2>(tensor_layout_any, T1 *, tensor_layout_any, const T2 *)"
5757271634,5760,402201,,,,,,,,,,0.094,16266.656,Pinned,Device,NVIDIA A100-SXM4-40GB MIG 4g.20gb (0),1,,13,[CUDA memcpy Host-to-Device]
5757285970,3424,402202,,,,,,,,,,1.547,451700.819,Device,,NVIDIA A100-SXM4-40GB MIG 4g.20gb (0),1,,13,[CUDA memset]
5757292882,3360,402207,,,,,,,,,,0.031,9314.284,Pinned,Device,NVIDIA A100-SXM4-40GB MIG 4g.20gb (0),1,,13,[CUDA memcpy Host-to-Device]
5757298930,9536,402208,,,,,,,,,,0.197,20617.298,Pinned,Device,NVIDIA A100-SXM4-40GB MIG 4g.20gb (0),1,,13,[CUDA memcpy Host-to-Device]
5757312722,6208,402209,273,1,1,8,4,1,39,0.002,0.000,,,,,NVIDIA A100-SXM4-40GB MIG 4g.20gb (0),1,,13,"void channel_eq::eqMmseCoefCompLowMimoKernel<float, float, float, (unsigned int)4, (unsigned int)1, (unsigned int)4>(const channel_eq::_puschRxChEqStatDescr *, channel_eq::_puschRxChEqCoefCompDynDescr)"
5757319890,5887,402210,273,1,1,12,11,1,51,0.002,0.000,,,,,NVIDIA A100-SXM4-40GB MIG 4g.20gb (0),1,,13,"void channel_eq::eqMmseSoftDemapKernel<float, __half, __half, float, (unsigned int)4, (unsigned short)16383>(channel_eq::_puschRxChEqStatDescr *, channel_eq::_puschRxChEqSoftDemapDynDescr)"
5757326801,282429,402211,1,1,1,32,32,1,30,0.000,0.000,,,,,NVIDIA A100-SXM4-40GB MIG 4g.20gb (0),1,,13,"void convert_kernel<float2, __half2>(tensor_layout_any, T1 *, tensor_layout_any, const T2 *)"
5757611374,10880,402223,2253,1,1,128,1,1,16,0.000,0.000,,,,,NVIDIA A100-SXM4-40GB MIG 4g.20gb (0),1,,13,cupy_copy__float16_float16
5757623630,3616,402232,282,1,1,128,1,1,16,0.000,0.000,,,,,NVIDIA A100-SXM4-40GB MIG 4g.20gb (0),1,,13,cupy_copy__complex64_complex64
5757628878,1984,402241,26,1,1,128,1,1,16,0.000,0.000,,,,,NVIDIA A100-SXM4-40GB MIG 4g.20gb (0),1,,13,cupy_copy__float32_float32
5757633166,4608,402250,103,1,1,128,1,1,16,0.000,0.000,,,,,NVIDIA A100-SXM4-40GB MIG 4g.20gb (0),1,,13,cupy_copy__complex64_complex64
5757640014,11999,402260,1434,1,1,128,1,1,16,0.000,0.000,,,,,NVIDIA A100-SXM4-40GB MIG 4g.20gb (0),1,,13,cupy_copy__complex64_complex64
5757682157,82271,402265,1,1,1,32,32,1,30,0.000,0.000,,,,,NVIDIA A100-SXM4-40GB MIG 4g.20gb (0),1,,13,"void convert_kernel<__half2, float2>(tensor_layout_any, T1 *, tensor_layout_any, const T2 *)"
5757791244,5824,402268,,,,,,,,,,0.094,16087.884,Pinned,Device,NVIDIA A100-SXM4-40GB MIG 4g.20gb (0),1,,13,[CUDA memcpy Host-to-Device]
5757802444,599288,402269,,,,,,,,,,456.561,761544.482,Device,,NVIDIA A100-SXM4-40GB MIG 4g.20gb (0),1,,13,[CUDA memset]
5758415460,140958,402274,,,,,,,,,,1.235,8760.693,Pinned,Device,NVIDIA A100-SXM4-40GB MIG 4g.20gb (0),1,,13,[CUDA memcpy Host-to-Device]
5758568866,38304,402275,,,,,,,,,,0.197,5132.648,Pinned,Device,NVIDIA A100-SXM4-40GB MIG 4g.20gb (0),1,,13,[CUDA memcpy Host-to-Device]
5758630049,8192,402276,69,4,1,48,1,1,76,0.002,0.000,,,,,NVIDIA A100-SXM4-40GB MIG 4g.20gb (0),1,,13,"void ch_est::windowedChEstPreNoDftSOfdmKernel<float, __half, float, (unsigned int)2, (unsigned int)1, (unsigned short)4>(ch_est::puschRxChEstStatDescr_t *, ch_est::puschRxChEstDynDescr_t *)"
5758645409,6656,402277,137,2,1,24,2,1,44,0.001,0.001,,,,,NVIDIA A100-SXM4-40GB MIG 4g.20gb (0),1,,13,"void ch_est::chEstFilterNoDftSOfdmDispatchKernel<float, __half, float, (unsigned int)2>(ch_est::puschRxChEstStatDescr_t *, ch_est::puschRxChEstDynDescr_t *)"
5758659969,5344,402278,137,2,1,24,2,1,44,0.001,0.001,,,,,NVIDIA A100-SXM4-40GB MIG 4g.20gb (0),1,,13,"void ch_est::chEstFilterNoDftSOfdmDispatchKernel<float, __half, float, (unsigned int)2>(ch_est::puschRxChEstStatDescr_t *, ch_est::puschRxChEstDynDescr_t *)"
5758671393,2496,402289,103,1,1,128,1,1,16,0.000,0.000,,,,,NVIDIA A100-SXM4-40GB MIG 4g.20gb (0),1,,13,cupy_copy__complex64_complex64
5758685409,12928,402299,1434,1,1,128,1,1,16,0.000,0.000,,,,,NVIDIA A100-SXM4-40GB MIG 4g.20gb (0),1,,13,cupy_copy__complex64_complex64
5758703521,2559,402306,103,1,1,128,1,1,16,0.000,0.000,,,,,NVIDIA A100-SXM4-40GB MIG 4g.20gb (0),1,,13,cupy_copy__complex64_complex64
5758716512,94943,402313,1,1,1,32,32,1,30,0.000,0.000,,,,,NVIDIA A100-SXM4-40GB MIG 4g.20gb (0),1,,13,"void convert_kernel<__half2, float2>(tensor_layout_any, T1 *, tensor_layout_any, const T2 *)"
5758839647,5472,402316,,,,,,,,,,0.094,17122.757,Pinned,Device,NVIDIA A100-SXM4-40GB MIG 4g.20gb (0),1,,13,[CUDA memcpy Host-to-Device]
5758859519,45631,402317,,,,,,,,,,35.810,784738.587,Device,,NVIDIA A100-SXM4-40GB MIG 4g.20gb (0),1,,13,[CUDA memset]
5758913022,4192,402319,,,,,,,,,,0.000,19.084,Pinned,Device,NVIDIA A100-SXM4-40GB MIG 4g.20gb (0),1,,13,[CUDA memcpy Host-to-Device]
5758921598,12064,402320,,,,,,,,,,0.197,16297.034,Pinned,Device,NVIDIA A100-SXM4-40GB MIG 4g.20gb (0),1,,13,[CUDA memcpy Host-to-Device]
5758940862,12191,402321,273,1,1,48,1,1,40,0.000,0.001,,,,,NVIDIA A100-SXM4-40GB MIG 4g.20gb (0),1,,13,"void pusch_noise_intf_est::noiseIntfEstNoDftSOfdmKernel<float, __half, float, float, (unsigned int)2, (unsigned int)1, (unsigned char)4, (unsigned char)4>(pusch_noise_intf_est::puschRxNoiseIntfEstDynDescr)"
5758957277,3104,402332,35,1,1,128,1,1,16,0.000,0.000,,,,,NVIDIA A100-SXM4-40GB MIG 4g.20gb (0),1,,13,cupy_copy__complex64_complex64
5758970749,1856,402341,1,1,1,1,1,1,18,0.000,0.000,,,,,NVIDIA A100-SXM4-40GB MIG 4g.20gb (0),1,,13,cupy_copy__float32_float32
5759002461,1728,402347,,,,,,,,,,0.000,2.315,Device,Pageable,NVIDIA A100-SXM4-40GB MIG 4g.20gb (0),1,,7,[CUDA memcpy Device-to-Host]
5759061948,13216,402358,1434,1,1,128,1,1,16,0.000,0.000,,,,,NVIDIA A100-SXM4-40GB MIG 4g.20gb (0),1,,13,cupy_copy__complex64_complex64
5759088796,2816,402365,103,1,1,128,1,1,16,0.000,0.000,,,,,NVIDIA A100-SXM4-40GB MIG 4g.20gb (0),1,,13,cupy_copy__complex64_complex64
5759109212,2175,402372,35,1,1,128,1,1,16,0.000,0.000,,,,,NVIDIA A100-SXM4-40GB MIG 4g.20gb (0),1,,13,cupy_copy__complex64_complex64
5759127291,1760,402379,1,1,1,1,1,1,18,0.000,0.000,,,,,NVIDIA A100-SXM4-40GB MIG 4g.20gb (0),1,,13,cupy_copy__float32_float32
5759258938,81663,402390,1,1,1,32,32,1,30,0.000,0.000,,,,,NVIDIA A100-SXM4-40GB MIG 4g.20gb (0),1,,13,"void convert_kernel<__half2, float2>(tensor_layout_any, T1 *, tensor_layout_any, const T2 *)"
5759369016,5664,402393,,,,,,,,,,0.094,16542.310,Pinned,Device,NVIDIA A100-SXM4-40GB MIG 4g.20gb (0),1,,13,[CUDA memcpy Host-to-Device]
5759383800,3360,402394,,,,,,,,,,1.547,460304.688,Device,,NVIDIA A100-SXM4-40GB MIG 4g.20gb (0),1,,13,[CUDA memset]
5759389784,3296,402399,,,,,,,,,,0.031,9495.144,Pinned,Device,NVIDIA A100-SXM4-40GB MIG 4g.20gb (0),1,,13,[CUDA memcpy Host-to-Device]
5759395736,9408,402400,,,,,,,,,,0.197,20897.858,Pinned,Device,NVIDIA A100-SXM4-40GB MIG 4g.20gb (0),1,,13,[CUDA memcpy Host-to-Device]
5759415000,6592,402401,273,1,1,8,4,1,39,0.002,0.000,,,,,NVIDIA A100-SXM4-40GB MIG 4g.20gb (0),1,,13,"void channel_eq::eqMmseCoefCompLowMimoKernel<float, float, float, (unsigned int)4, (unsigned int)1, (unsigned int)4>(const channel_eq::_puschRxChEqStatDescr *, channel_eq::_puschRxChEqCoefCompDynDescr)"
5759422648,6176,402402,273,1,1,12,11,1,51,0.002,0.000,,,,,NVIDIA A100-SXM4-40GB MIG 4g.20gb (0),1,,13,"void channel_eq::eqMmseSoftDemapKernel<float, __half, __half, float, (unsigned int)4, (unsigned short)16383>(channel_eq::_puschRxChEqStatDescr *, channel_eq::_puschRxChEqSoftDemapDynDescr)"
5759431992,289852,402403,1,1,1,32,32,1,30,0.000,0.000,,,,,NVIDIA A100-SXM4-40GB MIG 4g.20gb (0),1,,13,"void convert_kernel<float2, __half2>(tensor_layout_any, T1 *, tensor_layout_any, const T2 *)"
5759722996,10944,402415,2253,1,1,128,1,1,16,0.000,0.000,,,,,NVIDIA A100-SXM4-40GB MIG 4g.20gb (0),1,,13,cupy_copy__float16_float16
5759736148,3168,402424,282,1,1,128,1,1,16,0.000,0.000,,,,,NVIDIA A100-SXM4-40GB MIG 4g.20gb (0),1,,13,cupy_copy__complex64_complex64
5759742004,2112,402433,26,1,1,128,1,1,16,0.000,0.000,,,,,NVIDIA A100-SXM4-40GB MIG 4g.20gb (0),1,,13,cupy_copy__float32_float32
5759746420,2944,402442,103,1,1,128,1,1,16,0.000,0.000,,,,,NVIDIA A100-SXM4-40GB MIG 4g.20gb (0),1,,13,cupy_copy__complex64_complex64
5759752052,11903,402452,1434,1,1,128,1,1,16,0.000,0.000,,,,,NVIDIA A100-SXM4-40GB MIG 4g.20gb (0),1,,13,cupy_copy__complex64_complex64
5759770035,90527,402457,1,1,1,32,32,1,30,0.000,0.000,,,,,NVIDIA A100-SXM4-40GB MIG 4g.20gb (0),1,,13,"void convert_kernel<__half2, float2>(tensor_layout_any, T1 *, tensor_layout_any, const T2 *)"
5759887058,5728,402460,,,,,,,,,,0.094,16357.541,Pinned,Device,NVIDIA A100-SXM4-40GB MIG 4g.20gb (0),1,,13,[CUDA memcpy Host-to-Device]
5759897106,596376,402461,,,,,,,,,,456.561,765196.973,Device,,NVIDIA A100-SXM4-40GB MIG 4g.20gb (0),1,,13,[CUDA memset]
5760503562,161374,402466,,,,,,,,,,1.235,7651.713,Pinned,Device,NVIDIA A100-SXM4-40GB MIG 4g.20gb (0),1,,13,[CUDA memcpy Host-to-Device]
5760677160,40736,402467,,,,,,,,,,0.197,4826.333,Pinned,Device,NVIDIA A100-SXM4-40GB MIG 4g.20gb (0),1,,13,[CUDA memcpy Host-to-Device]
5760735079,7872,402468,69,4,1,48,1,1,76,0.002,0.000,,,,,NVIDIA A100-SXM4-40GB MIG 4g.20gb (0),1,,13,"void ch_est::windowedChEstPreNoDftSOfdmKernel<float, __half, float, (unsigned int)2, (unsigned int)1, (unsigned short)4>(ch_est::puschRxChEstStatDescr_t *, ch_est::puschRxChEstDynDescr_t *)"
5760752839,6688,402469,137,2,1,24,2,1,44,0.001,0.001,,,,,NVIDIA A100-SXM4-40GB MIG 4g.20gb (0),1,,13,"void ch_est::chEstFilterNoDftSOfdmDispatchKernel<float, __half, float, (unsigned int)2>(ch_est::puschRxChEstStatDescr_t *, ch_est::puschRxChEstDynDescr_t *)"
5760770119,4736,402470,137,2,1,24,2,1,44,0.001,0.001,,,,,NVIDIA A100-SXM4-40GB MIG 4g.20gb (0),1,,13,"void ch_est::chEstFilterNoDftSOfdmDispatchKernel<float, __half, float, (unsigned int)2>(ch_est::puschRxChEstStatDescr_t *, ch_est::puschRxChEstDynDescr_t *)"
5760786791,2656,402481,103,1,1,128,1,1,16,0.000,0.000,,,,,NVIDIA A100-SXM4-40GB MIG 4g.20gb (0),1,,13,cupy_copy__complex64_complex64
5760804135,12511,402491,1434,1,1,128,1,1,16,0.000,0.000,,,,,NVIDIA A100-SXM4-40GB MIG 4g.20gb (0),1,,13,cupy_copy__complex64_complex64
5760824358,2880,402498,103,1,1,128,1,1,16,0.000,0.000,,,,,NVIDIA A100-SXM4-40GB MIG 4g.20gb (0),1,,13,cupy_copy__complex64_complex64
5760846758,87039,402505,1,1,1,32,32,1,30,0.000,0.000,,,,,NVIDIA A100-SXM4-40GB MIG 4g.20gb (0),1,,13,"void convert_kernel<__half2, float2>(tensor_layout_any, T1 *, tensor_layout_any, const T2 *)"
5760962565,14016,402508,,,,,,,,,,0.094,6684.929,Pinned,Device,NVIDIA A100-SXM4-40GB MIG 4g.20gb (0),1,,13,[CUDA memcpy Host-to-Device]
5760988420,47168,402509,,,,,,,,,,35.810,759170.304,Device,,NVIDIA A100-SXM4-40GB MIG 4g.20gb (0),1,,13,[CUDA memset]
5761042596,7424,402511,,,,,,,,,,0.000,10.776,Pinned,Device,NVIDIA A100-SXM4-40GB MIG 4g.20gb (0),1,,13,[CUDA memcpy Host-to-Device]
5761058532,19263,402512,,,,,,,,,,0.197,10206.314,Pinned,Device,NVIDIA A100-SXM4-40GB MIG 4g.20gb (0),1,,13,[CUDA memcpy Host-to-Device]
5761086499,12672,402513,273,1,1,48,1,1,40,0.000,0.001,,,,,NVIDIA A100-SXM4-40GB MIG 4g.20gb (0),1,,13,"void pusch_noise_intf_est::noiseIntfEstNoDftSOfdmKernel<float, __half, float, float, (unsigned int)2, (unsigned int)1, (unsigned char)4, (unsigned char)4>(pusch_noise_intf_est::puschRxNoiseIntfEstDynDescr)"
5761103555,3104,402524,35,1,1,128,1,1,16,0.000,0.000,,,,,NVIDIA A100-SXM4-40GB MIG 4g.20gb (0),1,,13,cupy_copy__complex64_complex64
5761113187,1952,402533,1,1,1,1,1,1,18,0.000,0.000,,,,,NVIDIA A100-SXM4-40GB MIG 4g.20gb (0),1,,13,cupy_copy__float32_float32
5761120739,4384,402539,,,,,,,,,,0.000,0.912,Device,Pageable,NVIDIA A100-SXM4-40GB MIG 4g.20gb (0),1,,7,[CUDA memcpy Device-to-Host]
5761185282,12800,402550,1434,1,1,128,1,1,16,0.000,0.000,,,,,NVIDIA A100-SXM4-40GB MIG 4g.20gb (0),1,,13,cupy_copy__complex64_complex64
5761211714,3456,402557,103,1,1,128,1,1,16,0.000,0.000,,,,,NVIDIA A100-SXM4-40GB MIG 4g.20gb (0),1,,13,cupy_copy__complex64_complex64
5761232161,2208,402564,35,1,1,128,1,1,16,0.000,0.000,,,,,NVIDIA A100-SXM4-40GB MIG 4g.20gb (0),1,,13,cupy_copy__complex64_complex64
5761251393,1760,402571,1,1,1,1,1,1,18,0.000,0.000,,,,,NVIDIA A100-SXM4-40GB MIG 4g.20gb (0),1,,13,cupy_copy__float32_float32
5761383072,81662,402582,1,1,1,32,32,1,30,0.000,0.000,,,,,NVIDIA A100-SXM4-40GB MIG 4g.20gb (0),1,,13,"void convert_kernel<__half2, float2>(tensor_layout_any, T1 *, tensor_layout_any, const T2 *)"
5761492862,5728,402585,,,,,,,,,,0.094,16357.541,Pinned,Device,NVIDIA A100-SXM4-40GB MIG 4g.20gb (0),1,,13,[CUDA memcpy Host-to-Device]
5761506782,3072,402586,,,,,,,,,,1.547,503457.044,Device,,NVIDIA A100-SXM4-40GB MIG 4g.20gb (0),1,,13,[CUDA memset]
5761515806,3488,402591,,,,,,,,,,0.031,8972.469,Pinned,Device,NVIDIA A100-SXM4-40GB MIG 4g.20gb (0),1,,13,[CUDA memcpy Host-to-Device]
5761521758,9440,402592,,,,,,,,,,0.197,20827.079,Pinned,Device,NVIDIA A100-SXM4-40GB MIG 4g.20gb (0),1,,13,[CUDA memcpy Host-to-Device]
5761536318,6432,402593,273,1,1,8,4,1,39,0.002,0.000,,,,,NVIDIA A100-SXM4-40GB MIG 4g.20gb (0),1,,13,"void channel_eq::eqMmseCoefCompLowMimoKernel<float, float, float, (unsigned int)4, (unsigned int)1, (unsigned int)4>(const channel_eq::_puschRxChEqStatDescr *, channel_eq::_puschRxChEqCoefCompDynDescr)"
5761543710,5983,402594,273,1,1,12,11,1,51,0.002,0.000,,,,,NVIDIA A100-SXM4-40GB MIG 4g.20gb (0),1,,13,"void channel_eq::eqMmseSoftDemapKernel<float, __half, __half, float, (unsigned int)4, (unsigned short)16383>(channel_eq::_puschRxChEqStatDescr *, channel_eq::_puschRxChEqSoftDemapDynDescr)"
5761550909,294973,402595,1,1,1,32,32,1,30,0.000,0.000,,,,,NVIDIA A100-SXM4-40GB MIG 4g.20gb (0),1,,13,"void convert_kernel<float2, __half2>(tensor_layout_any, T1 *, tensor_layout_any, const T2 *)"
5761846810,10720,402607,2253,1,1,128,1,1,16,0.000,0.000,,,,,NVIDIA A100-SXM4-40GB MIG 4g.20gb (0),1,,13,cupy_copy__float16_float16
5761860218,2816,402616,282,1,1,128,1,1,16,0.000,0.000,,,,,NVIDIA A100-SXM4-40GB MIG 4g.20gb (0),1,,13,cupy_copy__complex64_complex64
5761865498,2624,402625,26,1,1,128,1,1,16,0.000,0.000,,,,,NVIDIA A100-SXM4-40GB MIG 4g.20gb (0),1,,13,cupy_copy__float32_float32
5761869178,2975,402634,103,1,1,128,1,1,16,0.000,0.000,,,,,NVIDIA A100-SXM4-40GB MIG 4g.20gb (0),1,,13,cupy_copy__complex64_complex64
5761874425,12160,402644,1434,1,1,128,1,1,16,0.000,0.000,,,,,NVIDIA A100-SXM4-40GB MIG 4g.20gb (0),1,,13,cupy_copy__complex64_complex64
5761888345,81759,402649,1,1,1,32,32,1,30,0.000,0.000,,,,,NVIDIA A100-SXM4-40GB MIG 4g.20gb (0),1,,13,"void convert_kernel<__half2, float2>(tensor_layout_any, T1 *, tensor_layout_any, const T2 *)"
5761996952,6112,402652,,,,,,,,,,0.094,15329.790,Pinned,Device,NVIDIA A100-SXM4-40GB MIG 4g.20gb (0),1,,13,[CUDA memcpy Host-to-Device]
5762007448,596568,402653,,,,,,,,,,456.561,765196.973,Device,,NVIDIA A100-SXM4-40GB MIG 4g.20gb (0),1,,13,[CUDA memset]
5762607376,136223,402658,,,,,,,,,,1.235,9064.489,Pinned,Device,NVIDIA A100-SXM4-40GB MIG 4g.20gb (0),1,,13,[CUDA memcpy Host-to-Device]
5762754639,38207,402659,,,,,,,,,,0.197,5145.821,Pinned,Device,NVIDIA A100-SXM4-40GB MIG 4g.20gb (0),1,,13,[CUDA memcpy Host-to-Device]
5762817038,7712,402660,69,4,1,48,1,1,76,0.002,0.000,,,,,NVIDIA A100-SXM4-40GB MIG 4g.20gb (0),1,,13,"void ch_est::windowedChEstPreNoDftSOfdmKernel<float, __half, float, (unsigned int)2, (unsigned int)1, (unsigned short)4>(ch_est::puschRxChEstStatDescr_t *, ch_est::puschRxChEstDynDescr_t *)"
5762836494,6912,402661,137,2,1,24,2,1,44,0.001,0.001,,,,,NVIDIA A100-SXM4-40GB MIG 4g.20gb (0),1,,13,"void ch_est::chEstFilterNoDftSOfdmDispatchKernel<float, __half, float, (unsigned int)2>(ch_est::puschRxChEstStatDescr_t *, ch_est::puschRxChEstDynDescr_t *)"
5762854989,4672,402662,137,2,1,24,2,1,44,0.001,0.001,,,,,NVIDIA A100-SXM4-40GB MIG 4g.20gb (0),1,,13,"void ch_est::chEstFilterNoDftSOfdmDispatchKernel<float, __half, float, (unsigned int)2>(ch_est::puschRxChEstStatDescr_t *, ch_est::puschRxChEstDynDescr_t *)"
5762872173,2624,402673,103,1,1,128,1,1,16,0.000,0.000,,,,,NVIDIA A100-SXM4-40GB MIG 4g.20gb (0),1,,13,cupy_copy__complex64_complex64
5762888909,12448,402683,1434,1,1,128,1,1,16,0.000,0.000,,,,,NVIDIA A100-SXM4-40GB MIG 4g.20gb (0),1,,13,cupy_copy__complex64_complex64
5762908077,2912,402690,103,1,1,128,1,1,16,0.000,0.000,,,,,NVIDIA A100-SXM4-40GB MIG 4g.20gb (0),1,,13,cupy_copy__complex64_complex64
5762935276,88863,402697,1,1,1,32,32,1,30,0.000,0.000,,,,,NVIDIA A100-SXM4-40GB MIG 4g.20gb (0),1,,13,"void convert_kernel<__half2, float2>(tensor_layout_any, T1 *, tensor_layout_any, const T2 *)"
5763054219,27008,402700,,,,,,,,,,0.094,3469.188,Pinned,Device,NVIDIA A100-SXM4-40GB MIG 4g.20gb (0),1,,13,[CUDA memcpy Host-to-Device]
5763093162,46720,402701,,,,,,,,,,35.810,766475.528,Device,,NVIDIA A100-SXM4-40GB MIG 4g.20gb (0),1,,13,[CUDA memset]
5763145322,15104,402703,,,,,,,,,,0.000,5.297,Pinned,Device,NVIDIA A100-SXM4-40GB MIG 4g.20gb (0),1,,13,[CUDA memcpy Host-to-Device]
5763166986,32575,402704,,,,,,,,,,0.197,6035.472,Pinned,Device,NVIDIA A100-SXM4-40GB MIG 4g.20gb (0),1,,13,[CUDA memcpy Host-to-Device]
5763224009,10272,402705,273,1,1,48,1,1,40,0.000,0.001,,,,,NVIDIA A100-SXM4-40GB MIG 4g.20gb (0),1,,13,"void pusch_noise_intf_est::noiseIntfEstNoDftSOfdmKernel<float, __half, float, float, (unsigned int)2, (unsigned int)1, (unsigned char)4, (unsigned char)4>(pusch_noise_intf_est::puschRxNoiseIntfEstDynDescr)"
5763241321,2592,402716,35,1,1,128,1,1,16,0.000,0.000,,,,,NVIDIA A100-SXM4-40GB MIG 4g.20gb (0),1,,13,cupy_copy__complex64_complex64
5763258280,1696,402725,1,1,1,1,1,1,18,0.000,0.000,,,,,NVIDIA A100-SXM4-40GB MIG 4g.20gb (0),1,,13,cupy_copy__float32_float32
5763268040,4864,402731,,,,,,,,,,0.000,0.822,Device,Pageable,NVIDIA A100-SXM4-40GB MIG 4g.20gb (0),1,,7,[CUDA memcpy Device-to-Host]
5763357447,12800,402742,1434,1,1,128,1,1,16,0.000,0.000,,,,,NVIDIA A100-SXM4-40GB MIG 4g.20gb (0),1,,13,cupy_copy__complex64_complex64
5763379239,3424,402749,103,1,1,128,1,1,16,0.000,0.000,,,,,NVIDIA A100-SXM4-40GB MIG 4g.20gb (0),1,,13,cupy_copy__complex64_complex64
5763405671,2624,402756,35,1,1,128,1,1,16,0.000,0.000,,,,,NVIDIA A100-SXM4-40GB MIG 4g.20gb (0),1,,13,cupy_copy__complex64_complex64
5763415206,1824,402763,1,1,1,1,1,1,18,0.000,0.000,,,,,NVIDIA A100-SXM4-40GB MIG 4g.20gb (0),1,,13,cupy_copy__float32_float32
5763547365,82655,402774,1,1,1,32,32,1,30,0.000,0.000,,,,,NVIDIA A100-SXM4-40GB MIG 4g.20gb (0),1,,13,"void convert_kernel<__half2, float2>(tensor_layout_any, T1 *, tensor_layout_any, const T2 *)"
5763656931,5888,402777,,,,,,,,,,0.094,15912.954,Pinned,Device,NVIDIA A100-SXM4-40GB MIG 4g.20gb (0),1,,13,[CUDA memcpy Host-to-Device]
5763675683,3200,402778,,,,,,,,,,1.547,483320.000,Device,,NVIDIA A100-SXM4-40GB MIG 4g.20gb (0),1,,13,[CUDA memset]
5763681923,3072,402783,,,,,,,,,,0.031,10187.474,Pinned,Device,NVIDIA A100-SXM4-40GB MIG 4g.20gb (0),1,,13,[CUDA memcpy Host-to-Device]
5763687555,10144,402784,,,,,,,,,,0.197,19381.617,Pinned,Device,NVIDIA A100-SXM4-40GB MIG 4g.20gb (0),1,,13,[CUDA memcpy Host-to-Device]
5763702691,8192,402785,273,1,1,8,4,1,39,0.002,0.000,,,,,NVIDIA A100-SXM4-40GB MIG 4g.20gb (0),1,,13,"void channel_eq::eqMmseCoefCompLowMimoKernel<float, float, float, (unsigned int)4, (unsigned int)1, (unsigned int)4>(const channel_eq::_puschRxChEqStatDescr *, channel_eq::_puschRxChEqCoefCompDynDescr)"
5763712003,8288,402786,273,1,1,12,11,1,51,0.002,0.000,,,,,NVIDIA A100-SXM4-40GB MIG 4g.20gb (0),1,,13,"void channel_eq::eqMmseSoftDemapKernel<float, __half, __half, float, (unsigned int)4, (unsigned short)16383>(channel_eq::_puschRxChEqStatDescr *, channel_eq::_puschRxChEqSoftDemapDynDescr)"
5763721347,283068,402787,1,1,1,32,32,1,30,0.000,0.000,,,,,NVIDIA A100-SXM4-40GB MIG 4g.20gb (0),1,,13,"void convert_kernel<float2, __half2>(tensor_layout_any, T1 *, tensor_layout_any, const T2 *)"
5764007423,10912,402799,2253,1,1,128,1,1,16,0.000,0.000,,,,,NVIDIA A100-SXM4-40GB MIG 4g.20gb (0),1,,13,cupy_copy__float16_float16
5764020575,3712,402808,282,1,1,128,1,1,16,0.000,0.000,,,,,NVIDIA A100-SXM4-40GB MIG 4g.20gb (0),1,,13,cupy_copy__complex64_complex64
5764029663,2336,402817,26,1,1,128,1,1,16,0.000,0.000,,,,,NVIDIA A100-SXM4-40GB MIG 4g.20gb (0),1,,13,cupy_copy__float32_float32
5764036287,4672,402826,103,1,1,128,1,1,16,0.000,0.000,,,,,NVIDIA A100-SXM4-40GB MIG 4g.20gb (0),1,,13,cupy_copy__complex64_complex64
5764044351,12128,402836,1434,1,1,128,1,1,16,0.000,0.000,,,,,NVIDIA A100-SXM4-40GB MIG 4g.20gb (0),1,,13,cupy_copy__complex64_complex64
5764058943,82431,402841,1,1,1,32,32,1,30,0.000,0.000,,,,,NVIDIA A100-SXM4-40GB MIG 4g.20gb (0),1,,13,"void convert_kernel<__half2, float2>(tensor_layout_any, T1 *, tensor_layout_any, const T2 *)"
5764168189,5856,402844,,,,,,,,,,0.094,15999.997,Pinned,Device,NVIDIA A100-SXM4-40GB MIG 4g.20gb (0),1,,13,[CUDA memcpy Host-to-Device]
5764178077,597593,402845,,,,,,,,,,456.561,763827.289,Device,,NVIDIA A100-SXM4-40GB MIG 4g.20gb (0),1,,13,[CUDA memset]
5764779702,80703,402850,,,,,,,,,,1.235,15302.191,Pinned,Device,NVIDIA A100-SXM4-40GB MIG 4g.20gb (0),1,,13,[CUDA memcpy Host-to-Device]
5764867733,19519,402851,,,,,,,,,,0.197,10072.621,Pinned,Device,NVIDIA A100-SXM4-40GB MIG 4g.20gb (0),1,,13,[CUDA memcpy Host-to-Device]
5764897396,8256,402852,69,4,1,48,1,1,76,0.002,0.000,,,,,NVIDIA A100-SXM4-40GB MIG 4g.20gb (0),1,,13,"void ch_est::windowedChEstPreNoDftSOfdmKernel<float, __half, float, (unsigned int)2, (unsigned int)1, (unsigned short)4>(ch_est::puschRxChEstStatDescr_t *, ch_est::puschRxChEstDynDescr_t *)"
5764910612,6976,402853,137,2,1,24,2,1,44,0.001,0.001,,,,,NVIDIA A100-SXM4-40GB MIG 4g.20gb (0),1,,13,"void ch_est::chEstFilterNoDftSOfdmDispatchKernel<float, __half, float, (unsigned int)2>(ch_est::puschRxChEstStatDescr_t *, ch_est::puschRxChEstDynDescr_t *)"
5764921972,5056,402854,137,2,1,24,2,1,44,0.001,0.001,,,,,NVIDIA A100-SXM4-40GB MIG 4g.20gb (0),1,,13,"void ch_est::chEstFilterNoDftSOfdmDispatchKernel<float, __half, float, (unsigned int)2>(ch_est::puschRxChEstStatDescr_t *, ch_est::puschRxChEstDynDescr_t *)"
5764928564,3168,402865,103,1,1,128,1,1,16,0.000,0.000,,,,,NVIDIA A100-SXM4-40GB MIG 4g.20gb (0),1,,13,cupy_copy__complex64_complex64
5764934132,12544,402875,1434,1,1,128,1,1,16,0.000,0.000,,,,,NVIDIA A100-SXM4-40GB MIG 4g.20gb (0),1,,13,cupy_copy__complex64_complex64
5764953556,2463,402882,103,1,1,128,1,1,16,0.000,0.000,,,,,NVIDIA A100-SXM4-40GB MIG 4g.20gb (0),1,,13,cupy_copy__complex64_complex64
5764957971,86943,402889,1,1,1,32,32,1,30,0.000,0.000,,,,,NVIDIA A100-SXM4-40GB MIG 4g.20gb (0),1,,13,"void convert_kernel<__half2, float2>(tensor_layout_any, T1 *, tensor_layout_any, const T2 *)"
5765072498,6240,402892,,,,,,,,,,0.094,15015.346,Pinned,Device,NVIDIA A100-SXM4-40GB MIG 4g.20gb (0),1,,13,[CUDA memcpy Host-to-Device]
5765084434,47135,402893,,,,,,,,,,35.810,759707.453,Device,,NVIDIA A100-SXM4-40GB MIG 4g.20gb (0),1,,13,[CUDA memset]
5765138545,3616,402895,,,,,,,,,,0.000,22.124,Pinned,Device,NVIDIA A100-SXM4-40GB MIG 4g.20gb (0),1,,13,[CUDA memcpy Host-to-Device]
5765146929,11808,402896,,,,,,,,,,0.197,16650.338,Pinned,Device,NVIDIA A100-SXM4-40GB MIG 4g.20gb (0),1,,13,[CUDA memcpy Host-to-Device]
5765166705,9312,402897,273,1,1,48,1,1,40,0.000,0.001,,,,,NVIDIA A100-SXM4-40GB MIG 4g.20gb (0),1,,13,"void pusch_noise_intf_est::noiseIntfEstNoDftSOfdmKernel<float, __half, float, float, (unsigned int)2, (unsigned int)1, (unsigned char)4, (unsigned char)4>(pusch_noise_intf_est::puschRxNoiseIntfEstDynDescr)"
5765179985,3232,402908,35,1,1,128,1,1,16,0.000,0.000,,,,,NVIDIA A100-SXM4-40GB MIG 4g.20gb (0),1,,13,cupy_copy__complex64_complex64
5765197329,1951,402917,1,1,1,1,1,1,18,0.000,0.000,,,,,NVIDIA A100-SXM4-40GB MIG 4g.20gb (0),1,,13,cupy_copy__float32_float32
5765227184,1696,402923,,,,,,,,,,0.000,2.358,Device,Pageable,NVIDIA A100-SXM4-40GB MIG 4g.20gb (0),1,,7,[CUDA memcpy Device-to-Host]
5765288143,12864,402934,1434,1,1,128,1,1,16,0.000,0.000,,,,,NVIDIA A100-SXM4-40GB MIG 4g.20gb (0),1,,13,cupy_copy__complex64_complex64
5765313647,2880,402941,103,1,1,128,1,1,16,0.000,0.000,,,,,NVIDIA A100-SXM4-40GB MIG 4g.20gb (0),1,,13,cupy_copy__complex64_complex64
5765334479,2592,402948,35,1,1,128,1,1,16,0.000,0.000,,,,,NVIDIA A100-SXM4-40GB MIG 4g.20gb (0),1,,13,cupy_copy__complex64_complex64
5765353679,1792,402955,1,1,1,1,1,1,18,0.000,0.000,,,,,NVIDIA A100-SXM4-40GB MIG 4g.20gb (0),1,,13,cupy_copy__float32_float32
5765483437,82559,402966,1,1,1,32,32,1,30,0.000,0.000,,,,,NVIDIA A100-SXM4-40GB MIG 4g.20gb (0),1,,13,"void convert_kernel<__half2, float2>(tensor_layout_any, T1 *, tensor_layout_any, const T2 *)"
5765594156,5504,402969,,,,,,,,,,0.094,17023.251,Pinned,Device,NVIDIA A100-SXM4-40GB MIG 4g.20gb (0),1,,13,[CUDA memcpy Host-to-Device]
5765610795,3200,402970,,,,,,,,,,1.547,483320.000,Device,,NVIDIA A100-SXM4-40GB MIG 4g.20gb (0),1,,13,[CUDA memset]
5765615723,3456,402975,,,,,,,,,,0.031,9055.529,Pinned,Device,NVIDIA A100-SXM4-40GB MIG 4g.20gb (0),1,,13,[CUDA memcpy Host-to-Device]
5765621835,9984,402976,,,,,,,,,,0.197,19692.257,Pinned,Device,NVIDIA A100-SXM4-40GB MIG 4g.20gb (0),1,,13,[CUDA memcpy Host-to-Device]
5765638603,7776,402977,273,1,1,8,4,1,39,0.002,0.000,,,,,NVIDIA A100-SXM4-40GB MIG 4g.20gb (0),1,,13,"void channel_eq::eqMmseCoefCompLowMimoKernel<float, float, float, (unsigned int)4, (unsigned int)1, (unsigned int)4>(const channel_eq::_puschRxChEqStatDescr *, channel_eq::_puschRxChEqCoefCompDynDescr)"
5765648331,5728,402978,273,1,1,12,11,1,51,0.002,0.000,,,,,NVIDIA A100-SXM4-40GB MIG 4g.20gb (0),1,,13,"void channel_eq::eqMmseSoftDemapKernel<float, __half, __half, float, (unsigned int)4, (unsigned short)16383>(channel_eq::_puschRxChEqStatDescr *, channel_eq::_puschRxChEqSoftDemapDynDescr)"
5765655467,280156,402979,1,1,1,32,32,1,30,0.000,0.000,,,,,NVIDIA A100-SXM4-40GB MIG 4g.20gb (0),1,,13,"void convert_kernel<float2, __half2>(tensor_layout_any, T1 *, tensor_layout_any, const T2 *)"
5765937063,11136,402991,2253,1,1,128,1,1,16,0.000,0.000,,,,,NVIDIA A100-SXM4-40GB MIG 4g.20gb (0),1,,13,cupy_copy__float16_float16
5765952551,3232,403000,282,1,1,128,1,1,16,0.000,0.000,,,,,NVIDIA A100-SXM4-40GB MIG 4g.20gb (0),1,,13,cupy_copy__complex64_complex64
5765958471,2432,403009,26,1,1,128,1,1,16,0.000,0.000,,,,,NVIDIA A100-SXM4-40GB MIG 4g.20gb (0),1,,13,cupy_copy__float32_float32
5765962023,2816,403018,103,1,1,128,1,1,16,0.000,0.000,,,,,NVIDIA A100-SXM4-40GB MIG 4g.20gb (0),1,,13,cupy_copy__complex64_complex64
5765967367,12192,403028,1434,1,1,128,1,1,16,0.000,0.000,,,,,NVIDIA A100-SXM4-40GB MIG 4g.20gb (0),1,,13,cupy_copy__complex64_complex64
5765983687,86975,403033,1,1,1,32,32,1,30,0.000,0.000,,,,,NVIDIA A100-SXM4-40GB MIG 4g.20gb (0),1,,13,"void convert_kernel<__half2, float2>(tensor_layout_any, T1 *, tensor_layout_any, const T2 *)"
5766097253,5600,403036,,,,,,,,,,0.094,16731.388,Pinned,Device,NVIDIA A100-SXM4-40GB MIG 4g.20gb (0),1,,13,[CUDA memcpy Host-to-Device]
5766107845,596217,403037,,,,,,,,,,456.561,765653.535,Device,,NVIDIA A100-SXM4-40GB MIG 4g.20gb (0),1,,13,[CUDA memset]
5766707806,165182,403042,,,,,,,,,,1.235,7475.116,Pinned,Device,NVIDIA A100-SXM4-40GB MIG 4g.20gb (0),1,,13,[CUDA memcpy Host-to-Device]
5766883100,33727,403043,,,,,,,,,,0.197,5829.231,Pinned,Device,NVIDIA A100-SXM4-40GB MIG 4g.20gb (0),1,,13,[CUDA memcpy Host-to-Device]
5766938427,8160,403044,69,4,1,48,1,1,76,0.002,0.000,,,,,NVIDIA A100-SXM4-40GB MIG 4g.20gb (0),1,,13,"void ch_est::windowedChEstPreNoDftSOfdmKernel<float, __half, float, (unsigned int)2, (unsigned int)1, (unsigned short)4>(ch_est::puschRxChEstStatDescr_t *, ch_est::puschRxChEstDynDescr_t *)"
5766955995,6336,403045,137,2,1,24,2,1,44,0.001,0.001,,,,,NVIDIA A100-SXM4-40GB MIG 4g.20gb (0),1,,13,"void ch_est::chEstFilterNoDftSOfdmDispatchKernel<float, __half, float, (unsigned int)2>(ch_est::puschRxChEstStatDescr_t *, ch_est::puschRxChEstDynDescr_t *)"
5766966107,6656,403046,137,2,1,24,2,1,44,0.001,0.001,,,,,NVIDIA A100-SXM4-40GB MIG 4g.20gb (0),1,,13,"void ch_est::chEstFilterNoDftSOfdmDispatchKernel<float, __half, float, (unsigned int)2>(ch_est::puschRxChEstStatDescr_t *, ch_est::puschRxChEstDynDescr_t *)"
5766976443,2528,403057,103,1,1,128,1,1,16,0.000,0.000,,,,,NVIDIA A100-SXM4-40GB MIG 4g.20gb (0),1,,13,cupy_copy__complex64_complex64
5766984762,12672,403067,1434,1,1,128,1,1,16,0.000,0.000,,,,,NVIDIA A100-SXM4-40GB MIG 4g.20gb (0),1,,13,cupy_copy__complex64_complex64
5767001530,2720,403074,103,1,1,128,1,1,16,0.000,0.000,,,,,NVIDIA A100-SXM4-40GB MIG 4g.20gb (0),1,,13,cupy_copy__complex64_complex64
5767011994,89503,403081,1,1,1,32,32,1,30,0.000,0.000,,,,,NVIDIA A100-SXM4-40GB MIG 4g.20gb (0),1,,13,"void convert_kernel<__half2, float2>(tensor_layout_any, T1 *, tensor_layout_any, const T2 *)"
5767131257,10688,403084,,,,,,,,,,0.094,8766.385,Pinned,Device,NVIDIA A100-SXM4-40GB MIG 4g.20gb (0),1,,13,[CUDA memcpy Host-to-Device]
5767150744,47680,403085,,,,,,,,,,35.810,751041.452,Device,,NVIDIA A100-SXM4-40GB MIG 4g.20gb (0),1,,13,[CUDA memset]
5767205272,3360,403087,,,,,,,,,,0.000,23.810,Pinned,Device,NVIDIA A100-SXM4-40GB MIG 4g.20gb (0),1,,13,[CUDA memcpy Host-to-Device]
5767213304,11168,403088,,,,,,,,,,0.197,17604.477,Pinned,Device,NVIDIA A100-SXM4-40GB MIG 4g.20gb (0),1,,13,[CUDA memcpy Host-to-Device]
5767233271,10368,403089,273,1,1,48,1,1,40,0.000,0.001,,,,,NVIDIA A100-SXM4-40GB MIG 4g.20gb (0),1,,13,"void pusch_noise_intf_est::noiseIntfEstNoDftSOfdmKernel<float, __half, float, float, (unsigned int)2, (unsigned int)1, (unsigned char)4, (unsigned char)4>(pusch_noise_intf_est::puschRxNoiseIntfEstDynDescr)"
5767246615,3136,403100,35,1,1,128,1,1,16,0.000,0.000,,,,,NVIDIA A100-SXM4-40GB MIG 4g.20gb (0),1,,13,cupy_copy__complex64_complex64
5767250967,1856,403109,1,1,1,1,1,1,18,0.000,0.000,,,,,NVIDIA A100-SXM4-40GB MIG 4g.20gb (0),1,,13,cupy_copy__float32_float32
5767284375,1760,403115,,,,,,,,,,0.000,2.273,Device,Pageable,NVIDIA A100-SXM4-40GB MIG 4g.20gb (0),1,,7,[CUDA memcpy Device-to-Host]
5767345750,13056,403126,1434,1,1,128,1,1,16,0.000,0.000,,,,,NVIDIA A100-SXM4-40GB MIG 4g.20gb (0),1,,13,cupy_copy__complex64_complex64
5767371158,2912,403133,103,1,1,128,1,1,16,0.000,0.000,,,,,NVIDIA A100-SXM4-40GB MIG 4g.20gb (0),1,,13,cupy_copy__complex64_complex64
5767392245,2848,403140,35,1,1,128,1,1,16,0.000,0.000,,,,,NVIDIA A100-SXM4-40GB MIG 4g.20gb (0),1,,13,cupy_copy__complex64_complex64
5767410165,1760,403147,1,1,1,1,1,1,18,0.000,0.000,,,,,NVIDIA A100-SXM4-40GB MIG 4g.20gb (0),1,,13,cupy_copy__float32_float32
5767546100,82111,403158,1,1,1,32,32,1,30,0.000,0.000,,,,,NVIDIA A100-SXM4-40GB MIG 4g.20gb (0),1,,13,"void convert_kernel<__half2, float2>(tensor_layout_any, T1 *, tensor_layout_any, const T2 *)"
5767656946,5824,403161,,,,,,,,,,0.094,16087.884,Pinned,Device,NVIDIA A100-SXM4-40GB MIG 4g.20gb (0),1,,13,[CUDA memcpy Host-to-Device]
5767671762,3232,403162,,,,,,,,,,1.547,478533.199,Device,,NVIDIA A100-SXM4-40GB MIG 4g.20gb (0),1,,13,[CUDA memset]
5767678418,3232,403167,,,,,,,,,,0.031,9683.139,Pinned,Device,NVIDIA A100-SXM4-40GB MIG 4g.20gb (0),1,,13,[CUDA memcpy Host-to-Device]
5767684242,9472,403168,,,,,,,,,,0.197,20756.693,Pinned,Device,NVIDIA A100-SXM4-40GB MIG 4g.20gb (0),1,,13,[CUDA memcpy Host-to-Device]
5767697714,6016,403169,273,1,1,8,4,1,39,0.002,0.000,,,,,NVIDIA A100-SXM4-40GB MIG 4g.20gb (0),1,,13,"void channel_eq::eqMmseCoefCompLowMimoKernel<float, float, float, (unsigned int)4, (unsigned int)1, (unsigned int)4>(const channel_eq::_puschRxChEqStatDescr *, channel_eq::_puschRxChEqCoefCompDynDescr)"
5767706194,5600,403170,273,1,1,12,11,1,51,0.002,0.000,,,,,NVIDIA A100-SXM4-40GB MIG 4g.20gb (0),1,,13,"void channel_eq::eqMmseSoftDemapKernel<float, __half, __half, float, (unsigned int)4, (unsigned short)16383>(channel_eq::_puschRxChEqStatDescr *, channel_eq::_puschRxChEqSoftDemapDynDescr)"
5767713330,282236,403171,1,1,1,32,32,1,30,0.000,0.000,,,,,NVIDIA A100-SXM4-40GB MIG 4g.20gb (0),1,,13,"void convert_kernel<float2, __half2>(tensor_layout_any, T1 *, tensor_layout_any, const T2 *)"
5767997102,10816,403183,2253,1,1,128,1,1,16,0.000,0.000,,,,,NVIDIA A100-SXM4-40GB MIG 4g.20gb (0),1,,13,cupy_copy__float16_float16
5768009806,3200,403192,282,1,1,128,1,1,16,0.000,0.000,,,,,NVIDIA A100-SXM4-40GB MIG 4g.20gb (0),1,,13,cupy_copy__complex64_complex64
5768014574,2304,403201,26,1,1,128,1,1,16,0.000,0.000,,,,,NVIDIA A100-SXM4-40GB MIG 4g.20gb (0),1,,13,cupy_copy__float32_float32
5768019406,3840,403210,103,1,1,128,1,1,16,0.000,0.000,,,,,NVIDIA A100-SXM4-40GB MIG 4g.20gb (0),1,,13,cupy_copy__complex64_complex64
5768024654,12544,403220,1434,1,1,128,1,1,16,0.000,0.000,,,,,NVIDIA A100-SXM4-40GB MIG 4g.20gb (0),1,,13,cupy_copy__complex64_complex64
5768048557,82175,403225,1,1,1,32,32,1,30,0.000,0.000,,,,,NVIDIA A100-SXM4-40GB MIG 4g.20gb (0),1,,13,"void convert_kernel<__half2, float2>(tensor_layout_any, T1 *, tensor_layout_any, const T2 *)"
5768158828,5760,403228,,,,,,,,,,0.094,16266.656,Pinned,Device,NVIDIA A100-SXM4-40GB MIG 4g.20gb (0),1,,13,[CUDA memcpy Host-to-Device]
5768168588,599545,403229,,,,,,,,,,456.561,761087.920,Device,,NVIDIA A100-SXM4-40GB MIG 4g.20gb (0),1,,13,[CUDA memset]
5768774020,147487,403234,,,,,,,,,,1.235,8372.920,Pinned,Device,NVIDIA A100-SXM4-40GB MIG 4g.20gb (0),1,,13,[CUDA memcpy Host-to-Device]
5768933762,40800,403235,,,,,,,,,,0.197,4818.665,Pinned,Device,NVIDIA A100-SXM4-40GB MIG 4g.20gb (0),1,,13,[CUDA memcpy Host-to-Device]
5769007938,7999,403236,69,4,1,48,1,1,76,0.002,0.000,,,,,NVIDIA A100-SXM4-40GB MIG 4g.20gb (0),1,,13,"void ch_est::windowedChEstPreNoDftSOfdmKernel<float, __half, float, (unsigned int)2, (unsigned int)1, (unsigned short)4>(ch_est::puschRxChEstStatDescr_t *, ch_est::puschRxChEstDynDescr_t *)"
5769025441,6848,403237,137,2,1,24,2,1,44,0.001,0.001,,,,,NVIDIA A100-SXM4-40GB MIG 4g.20gb (0),1,,13,"void ch_est::chEstFilterNoDftSOfdmDispatchKernel<float, __half, float, (unsigned int)2>(ch_est::puschRxChEstStatDescr_t *, ch_est::puschRxChEstDynDescr_t *)"
5769043009,4736,403238,137,2,1,24,2,1,44,0.001,0.001,,,,,NVIDIA A100-SXM4-40GB MIG 4g.20gb (0),1,,13,"void ch_est::chEstFilterNoDftSOfdmDispatchKernel<float, __half, float, (unsigned int)2>(ch_est::puschRxChEstStatDescr_t *, ch_est::puschRxChEstDynDescr_t *)"
5769059873,2656,403249,103,1,1,128,1,1,16,0.000,0.000,,,,,NVIDIA A100-SXM4-40GB MIG 4g.20gb (0),1,,13,cupy_copy__complex64_complex64
5769076641,12320,403259,1434,1,1,128,1,1,16,0.000,0.000,,,,,NVIDIA A100-SXM4-40GB MIG 4g.20gb (0),1,,13,cupy_copy__complex64_complex64
5769097440,2848,403266,103,1,1,128,1,1,16,0.000,0.000,,,,,NVIDIA A100-SXM4-40GB MIG 4g.20gb (0),1,,13,cupy_copy__complex64_complex64
5769116160,88031,403273,1,1,1,32,32,1,30,0.000,0.000,,,,,NVIDIA A100-SXM4-40GB MIG 4g.20gb (0),1,,13,"void convert_kernel<__half2, float2>(tensor_layout_any, T1 *, tensor_layout_any, const T2 *)"
5769231455,14816,403276,,,,,,,,,,0.094,6323.918,Pinned,Device,NVIDIA A100-SXM4-40GB MIG 4g.20gb (0),1,,13,[CUDA memcpy Host-to-Device]
5769251455,47231,403277,,,,,,,,,,35.810,758167.626,Device,,NVIDIA A100-SXM4-40GB MIG 4g.20gb (0),1,,13,[CUDA memset]
5769304638,7936,403279,,,,,,,,,,0.000,10.081,Pinned,Device,NVIDIA A100-SXM4-40GB MIG 4g.20gb (0),1,,13,[CUDA memcpy Host-to-Device]
5769321918,15967,403280,,,,,,,,,,0.197,12313.362,Pinned,Device,NVIDIA A100-SXM4-40GB MIG 4g.20gb (0),1,,13,[CUDA memcpy Host-to-Device]
5769353245,12320,403281,273,1,1,48,1,1,40,0.000,0.001,,,,,NVIDIA A100-SXM4-40GB MIG 4g.20gb (0),1,,13,"void pusch_noise_intf_est::noiseIntfEstNoDftSOfdmKernel<float, __half, float, float, (unsigned int)2, (unsigned int)1, (unsigned char)4, (unsigned char)4>(pusch_noise_intf_est::puschRxNoiseIntfEstDynDescr)"
5769371741,3072,403292,35,1,1,128,1,1,16,0.000,0.000,,,,,NVIDIA A100-SXM4-40GB MIG 4g.20gb (0),1,,13,cupy_copy__complex64_complex64
5769379933,2208,403301,1,1,1,1,1,1,18,0.000,0.000,,,,,NVIDIA A100-SXM4-40GB MIG 4g.20gb (0),1,,13,cupy_copy__float32_float32
5769387581,7328,403307,,,,,,,,,,0.000,0.546,Device,Pageable,NVIDIA A100-SXM4-40GB MIG 4g.20gb (0),1,,7,[CUDA memcpy Device-to-Host]
5769466492,12960,403318,1434,1,1,128,1,1,16,0.000,0.000,,,,,NVIDIA A100-SXM4-40GB MIG 4g.20gb (0),1,,13,cupy_copy__complex64_complex64
5769494012,6559,403325,103,1,1,128,1,1,16,0.000,0.000,,,,,NVIDIA A100-SXM4-40GB MIG 4g.20gb (0),1,,13,cupy_copy__complex64_complex64
5769513755,2592,403332,35,1,1,128,1,1,16,0.000,0.000,,,,,NVIDIA A100-SXM4-40GB MIG 4g.20gb (0),1,,13,cupy_copy__complex64_complex64
5769539675,1760,403339,1,1,1,1,1,1,18,0.000,0.000,,,,,NVIDIA A100-SXM4-40GB MIG 4g.20gb (0),1,,13,cupy_copy__float32_float32
5769662105,87519,403350,1,1,1,32,32,1,30,0.000,0.000,,,,,NVIDIA A100-SXM4-40GB MIG 4g.20gb (0),1,,13,"void convert_kernel<__half2, float2>(tensor_layout_any, T1 *, tensor_layout_any, const T2 *)"
5769777368,5728,403353,,,,,,,,,,0.094,16357.541,Pinned,Device,NVIDIA A100-SXM4-40GB MIG 4g.20gb (0),1,,13,[CUDA memcpy Host-to-Device]
5769791512,3168,403354,,,,,,,,,,1.547,488201.145,Device,,NVIDIA A100-SXM4-40GB MIG 4g.20gb (0),1,,13,[CUDA memset]
5769798552,3264,403359,,,,,,,,,,0.031,9588.218,Pinned,Device,NVIDIA A100-SXM4-40GB MIG 4g.20gb (0),1,,13,[CUDA memcpy Host-to-Device]
5769804408,9856,403360,,,,,,,,,,0.197,19948.044,Pinned,Device,NVIDIA A100-SXM4-40GB MIG 4g.20gb (0),1,,13,[CUDA memcpy Host-to-Device]
5769820408,6463,403361,273,1,1,8,4,1,39,0.002,0.000,,,,,NVIDIA A100-SXM4-40GB MIG 4g.20gb (0),1,,13,"void channel_eq::eqMmseCoefCompLowMimoKernel<float, float, float, (unsigned int)4, (unsigned int)1, (unsigned int)4>(const channel_eq::_puschRxChEqStatDescr *, channel_eq::_puschRxChEqCoefCompDynDescr)"
5769827959,6272,403362,273,1,1,12,11,1,51,0.002,0.000,,,,,NVIDIA A100-SXM4-40GB MIG 4g.20gb (0),1,,13,"void channel_eq::eqMmseSoftDemapKernel<float, __half, __half, float, (unsigned int)4, (unsigned short)16383>(channel_eq::_puschRxChEqStatDescr *, channel_eq::_puschRxChEqSoftDemapDynDescr)"
5769835255,283229,403363,1,1,1,32,32,1,30,0.000,0.000,,,,,NVIDIA A100-SXM4-40GB MIG 4g.20gb (0),1,,13,"void convert_kernel<float2, __half2>(tensor_layout_any, T1 *, tensor_layout_any, const T2 *)"
5770121204,11200,403375,2253,1,1,128,1,1,16,0.000,0.000,,,,,NVIDIA A100-SXM4-40GB MIG 4g.20gb (0),1,,13,cupy_copy__float16_float16
5770136052,3328,403384,282,1,1,128,1,1,16,0.000,0.000,,,,,NVIDIA A100-SXM4-40GB MIG 4g.20gb (0),1,,13,cupy_copy__complex64_complex64
5770142484,2112,403393,26,1,1,128,1,1,16,0.000,0.000,,,,,NVIDIA A100-SXM4-40GB MIG 4g.20gb (0),1,,13,cupy_copy__float32_float32
5770146068,4575,403402,103,1,1,128,1,1,16,0.000,0.000,,,,,NVIDIA A100-SXM4-40GB MIG 4g.20gb (0),1,,13,cupy_copy__complex64_complex64
5770151795,12064,403412,1434,1,1,128,1,1,16,0.000,0.000,,,,,NVIDIA A100-SXM4-40GB MIG 4g.20gb (0),1,,13,cupy_copy__complex64_complex64
5770168915,81919,403417,1,1,1,32,32,1,30,0.000,0.000,,,,,NVIDIA A100-SXM4-40GB MIG 4g.20gb (0),1,,13,"void convert_kernel<__half2, float2>(tensor_layout_any, T1 *, tensor_layout_any, const T2 *)"
5770279058,5856,403420,,,,,,,,,,0.094,15999.997,Pinned,Device,NVIDIA A100-SXM4-40GB MIG 4g.20gb (0),1,,13,[CUDA memcpy Host-to-Device]
5770288210,602904,403421,,,,,,,,,,456.561,756978.868,Device,,NVIDIA A100-SXM4-40GB MIG 4g.20gb (0),1,,13,[CUDA memset]
5770897450,124415,403426,,,,,,,,,,1.235,9925.245,Pinned,Device,NVIDIA A100-SXM4-40GB MIG 4g.20gb (0),1,,13,[CUDA memcpy Host-to-Device]
5771033257,35775,403427,,,,,,,,,,0.197,5495.587,Pinned,Device,NVIDIA A100-SXM4-40GB MIG 4g.20gb (0),1,,13,[CUDA memcpy Host-to-Device]
5771092552,7936,403428,69,4,1,48,1,1,76,0.002,0.000,,,,,NVIDIA A100-SXM4-40GB MIG 4g.20gb (0),1,,13,"void ch_est::windowedChEstPreNoDftSOfdmKernel<float, __half, float, (unsigned int)2, (unsigned int)1, (unsigned short)4>(ch_est::puschRxChEstStatDescr_t *, ch_est::puschRxChEstDynDescr_t *)"
5771108744,6784,403429,137,2,1,24,2,1,44,0.001,0.001,,,,,NVIDIA A100-SXM4-40GB MIG 4g.20gb (0),1,,13,"void ch_est::chEstFilterNoDftSOfdmDispatchKernel<float, __half, float, (unsigned int)2>(ch_est::puschRxChEstStatDescr_t *, ch_est::puschRxChEstDynDescr_t *)"
5771123975,4768,403430,137,2,1,24,2,1,44,0.001,0.001,,,,,NVIDIA A100-SXM4-40GB MIG 4g.20gb (0),1,,13,"void ch_est::chEstFilterNoDftSOfdmDispatchKernel<float, __half, float, (unsigned int)2>(ch_est::puschRxChEstStatDescr_t *, ch_est::puschRxChEstDynDescr_t *)"
5771138023,2624,403441,103,1,1,128,1,1,16,0.000,0.000,,,,,NVIDIA A100-SXM4-40GB MIG 4g.20gb (0),1,,13,cupy_copy__complex64_complex64
5771152903,12416,403451,1434,1,1,128,1,1,16,0.000,0.000,,,,,NVIDIA A100-SXM4-40GB MIG 4g.20gb (0),1,,13,cupy_copy__complex64_complex64
5771190279,2496,403458,103,1,1,128,1,1,16,0.000,0.000,,,,,NVIDIA A100-SXM4-40GB MIG 4g.20gb (0),1,,13,cupy_copy__complex64_complex64
5771209766,83743,403465,1,1,1,32,32,1,30,0.000,0.000,,,,,NVIDIA A100-SXM4-40GB MIG 4g.20gb (0),1,,13,"void convert_kernel<__half2, float2>(tensor_layout_any, T1 *, tensor_layout_any, const T2 *)"
5771332101,22976,403468,,,,,,,,,,0.094,4077.931,Pinned,Device,NVIDIA A100-SXM4-40GB MIG 4g.20gb (0),1,,13,[CUDA memcpy Host-to-Device]
5771372740,47040,403469,,,,,,,,,,35.810,761247.279,Device,,NVIDIA A100-SXM4-40GB MIG 4g.20gb (0),1,,13,[CUDA memset]
5771427172,14816,403471,,,,,,,,,,0.000,5.400,Pinned,Device,NVIDIA A100-SXM4-40GB MIG 4g.20gb (0),1,,13,[CUDA memcpy Host-to-Device]
5771452611,27136,403472,,,,,,,,,,0.197,7245.201,Pinned,Device,NVIDIA A100-SXM4-40GB MIG 4g.20gb (0),1,,13,[CUDA memcpy Host-to-Device]
5771507491,9824,403473,273,1,1,48,1,1,40,0.000,0.001,,,,,NVIDIA A100-SXM4-40GB MIG 4g.20gb (0),1,,13,"void pusch_noise_intf_est::noiseIntfEstNoDftSOfdmKernel<float, __half, float, float, (unsigned int)2, (unsigned int)1, (unsigned char)4, (unsigned char)4>(pusch_noise_intf_est::puschRxNoiseIntfEstDynDescr)"
5771520835,2592,403484,35,1,1,128,1,1,16,0.000,0.000,,,,,NVIDIA A100-SXM4-40GB MIG 4g.20gb (0),1,,13,cupy_copy__complex64_complex64
5771535778,1696,403493,1,1,1,1,1,1,18,0.000,0.000,,,,,NVIDIA A100-SXM4-40GB MIG 4g.20gb (0),1,,13,cupy_copy__float32_float32
5771542882,3936,403499,,,,,,,,,,0.000,1.016,Device,Pageable,NVIDIA A100-SXM4-40GB MIG 4g.20gb (0),1,,7,[CUDA memcpy Device-to-Host]
5771620961,12704,403510,1434,1,1,128,1,1,16,0.000,0.000,,,,,NVIDIA A100-SXM4-40GB MIG 4g.20gb (0),1,,13,cupy_copy__complex64_complex64
5771646049,2976,403517,103,1,1,128,1,1,16,0.000,0.000,,,,,NVIDIA A100-SXM4-40GB MIG 4g.20gb (0),1,,13,cupy_copy__complex64_complex64
5771675041,2784,403524,35,1,1,128,1,1,16,0.000,0.000,,,,,NVIDIA A100-SXM4-40GB MIG 4g.20gb (0),1,,13,cupy_copy__complex64_complex64
5771694464,2048,403531,1,1,1,1,1,1,18,0.000,0.000,,,,,NVIDIA A100-SXM4-40GB MIG 4g.20gb (0),1,,13,cupy_copy__float32_float32
5771819327,90687,403542,1,1,1,32,32,1,30,0.000,0.000,,,,,NVIDIA A100-SXM4-40GB MIG 4g.20gb (0),1,,13,"void convert_kernel<__half2, float2>(tensor_layout_any, T1 *, tensor_layout_any, const T2 *)"
5771937981,11360,403545,,,,,,,,,,0.094,8247.871,Pinned,Device,NVIDIA A100-SXM4-40GB MIG 4g.20gb (0),1,,13,[CUDA memcpy Host-to-Device]
5771956573,3488,403546,,,,,,,,,,1.547,443412.461,Device,,NVIDIA A100-SXM4-40GB MIG 4g.20gb (0),1,,13,[CUDA memset]
5771960669,5952,403551,,,,,,,,,,0.031,5258.041,Pinned,Device,NVIDIA A100-SXM4-40GB MIG 4g.20gb (0),1,,13,[CUDA memcpy Host-to-Device]
5771969949,12128,403552,,,,,,,,,,0.197,16210.919,Pinned,Device,NVIDIA A100-SXM4-40GB MIG 4g.20gb (0),1,,13,[CUDA memcpy Host-to-Device]
5771990717,6656,403553,273,1,1,8,4,1,39,0.002,0.000,,,,,NVIDIA A100-SXM4-40GB MIG 4g.20gb (0),1,,13,"void channel_eq::eqMmseCoefCompLowMimoKernel<float, float, float, (unsigned int)4, (unsigned int)1, (unsigned int)4>(const channel_eq::_puschRxChEqStatDescr *, channel_eq::_puschRxChEqCoefCompDynDescr)"
5771999997,8096,403554,273,1,1,12,11,1,51,0.002,0.000,,,,,NVIDIA A100-SXM4-40GB MIG 4g.20gb (0),1,,13,"void channel_eq::eqMmseSoftDemapKernel<float, __half, __half, float, (unsigned int)4, (unsigned short)16383>(channel_eq::_puschRxChEqStatDescr *, channel_eq::_puschRxChEqSoftDemapDynDescr)"
5772012349,289948,403555,1,1,1,32,32,1,30,0.000,0.000,,,,,NVIDIA A100-SXM4-40GB MIG 4g.20gb (0),1,,13,"void convert_kernel<float2, __half2>(tensor_layout_any, T1 *, tensor_layout_any, const T2 *)"
5772304921,11168,403567,2253,1,1,128,1,1,16,0.000,0.000,,,,,NVIDIA A100-SXM4-40GB MIG 4g.20gb (0),1,,13,cupy_copy__float16_float16
5772318297,2976,403576,282,1,1,128,1,1,16,0.000,0.000,,,,,NVIDIA A100-SXM4-40GB MIG 4g.20gb (0),1,,13,cupy_copy__complex64_complex64
5772322745,2016,403585,26,1,1,128,1,1,16,0.000,0.000,,,,,NVIDIA A100-SXM4-40GB MIG 4g.20gb (0),1,,13,cupy_copy__float32_float32
5772326009,3264,403594,103,1,1,128,1,1,16,0.000,0.000,,,,,NVIDIA A100-SXM4-40GB MIG 4g.20gb (0),1,,13,cupy_copy__complex64_complex64
5772330937,12127,403604,1434,1,1,128,1,1,16,0.000,0.000,,,,,NVIDIA A100-SXM4-40GB MIG 4g.20gb (0),1,,13,cupy_copy__complex64_complex64
5772344760,87199,403609,1,1,1,32,32,1,30,0.000,0.000,,,,,NVIDIA A100-SXM4-40GB MIG 4g.20gb (0),1,,13,"void convert_kernel<__half2, float2>(tensor_layout_any, T1 *, tensor_layout_any, const T2 *)"
5772459319,5664,403612,,,,,,,,,,0.094,16542.310,Pinned,Device,NVIDIA A100-SXM4-40GB MIG 4g.20gb (0),1,,13,[CUDA memcpy Host-to-Device]
5772469367,598585,403613,,,,,,,,,,456.561,762457.605,Device,,NVIDIA A100-SXM4-40GB MIG 4g.20gb (0),1,,13,[CUDA memset]
5773072815,103231,403618,,,,,,,,,,1.235,11962.903,Pinned,Device,NVIDIA A100-SXM4-40GB MIG 4g.20gb (0),1,,13,[CUDA memcpy Host-to-Device]
5773182510,32896,403619,,,,,,,,,,0.197,5976.490,Pinned,Device,NVIDIA A100-SXM4-40GB MIG 4g.20gb (0),1,,13,[CUDA memcpy Host-to-Device]
5773231374,8319,403620,69,4,1,48,1,1,76,0.002,0.000,,,,,NVIDIA A100-SXM4-40GB MIG 4g.20gb (0),1,,13,"void ch_est::windowedChEstPreNoDftSOfdmKernel<float, __half, float, (unsigned int)2, (unsigned int)1, (unsigned short)4>(ch_est::puschRxChEstStatDescr_t *, ch_est::puschRxChEstDynDescr_t *)"
5773245645,7008,403621,137,2,1,24,2,1,44,0.001,0.001,,,,,NVIDIA A100-SXM4-40GB MIG 4g.20gb (0),1,,13,"void ch_est::chEstFilterNoDftSOfdmDispatchKernel<float, __half, float, (unsigned int)2>(ch_est::puschRxChEstStatDescr_t *, ch_est::puschRxChEstDynDescr_t *)"
5773260781,5792,403622,137,2,1,24,2,1,44,0.001,0.001,,,,,NVIDIA A100-SXM4-40GB MIG 4g.20gb (0),1,,13,"void ch_est::chEstFilterNoDftSOfdmDispatchKernel<float, __half, float, (unsigned int)2>(ch_est::puschRxChEstStatDescr_t *, ch_est::puschRxChEstDynDescr_t *)"
5773273613,2976,403633,103,1,1,128,1,1,16,0.000,0.000,,,,,NVIDIA A100-SXM4-40GB MIG 4g.20gb (0),1,,13,cupy_copy__complex64_complex64
5773289165,12224,403643,1434,1,1,128,1,1,16,0.000,0.000,,,,,NVIDIA A100-SXM4-40GB MIG 4g.20gb (0),1,,13,cupy_copy__complex64_complex64
5773304845,2912,403650,103,1,1,128,1,1,16,0.000,0.000,,,,,NVIDIA A100-SXM4-40GB MIG 4g.20gb (0),1,,13,cupy_copy__complex64_complex64
5773322252,91327,403657,1,1,1,32,32,1,30,0.000,0.000,,,,,NVIDIA A100-SXM4-40GB MIG 4g.20gb (0),1,,13,"void convert_kernel<__half2, float2>(tensor_layout_any, T1 *, tensor_layout_any, const T2 *)"
5773443787,20512,403660,,,,,,,,,,0.094,4567.774,Pinned,Device,NVIDIA A100-SXM4-40GB MIG 4g.20gb (0),1,,13,[CUDA memcpy Host-to-Device]
5773482410,46976,403661,,,,,,,,,,35.810,762285.767,Device,,NVIDIA A100-SXM4-40GB MIG 4g.20gb (0),1,,13,[CUDA memset]
5773532266,11136,403663,,,,,,,,,,0.000,7.184,Pinned,Device,NVIDIA A100-SXM4-40GB MIG 4g.20gb (0),1,,13,[CUDA memcpy Host-to-Device]
5773551274,28415,403664,,,,,,,,,,0.197,6919.029,Pinned,Device,NVIDIA A100-SXM4-40GB MIG 4g.20gb (0),1,,13,[CUDA memcpy Host-to-Device]
5773593673,12384,403665,273,1,1,48,1,1,40,0.000,0.001,,,,,NVIDIA A100-SXM4-40GB MIG 4g.20gb (0),1,,13,"void pusch_noise_intf_est::noiseIntfEstNoDftSOfdmKernel<float, __half, float, float, (unsigned int)2, (unsigned int)1, (unsigned char)4, (unsigned char)4>(pusch_noise_intf_est::puschRxNoiseIntfEstDynDescr)"
5773624105,2656,403676,35,1,1,128,1,1,16,0.000,0.000,,,,,NVIDIA A100-SXM4-40GB MIG 4g.20gb (0),1,,13,cupy_copy__complex64_complex64
5773643432,1664,403685,1,1,1,1,1,1,18,0.000,0.000,,,,,NVIDIA A100-SXM4-40GB MIG 4g.20gb (0),1,,13,cupy_copy__float32_float32
5773651272,7648,403691,,,,,,,,,,0.000,0.523,Device,Pageable,NVIDIA A100-SXM4-40GB MIG 4g.20gb (0),1,,7,[CUDA memcpy Device-to-Host]
5773735655,13568,403702,1434,1,1,128,1,1,16,0.000,0.000,,,,,NVIDIA A100-SXM4-40GB MIG 4g.20gb (0),1,,13,cupy_copy__complex64_complex64
5773774631,3040,403709,103,1,1,128,1,1,16,0.000,0.000,,,,,NVIDIA A100-SXM4-40GB MIG 4g.20gb (0),1,,13,cupy_copy__complex64_complex64
5773792135,2176,403716,35,1,1,128,1,1,16,0.000,0.000,,,,,NVIDIA A100-SXM4-40GB MIG 4g.20gb (0),1,,13,cupy_copy__complex64_complex64
5773795751,1728,403723,1,1,1,1,1,1,18,0.000,0.000,,,,,NVIDIA A100-SXM4-40GB MIG 4g.20gb (0),1,,13,cupy_copy__float32_float32
5773932293,88671,403734,1,1,1,32,32,1,30,0.000,0.000,,,,,NVIDIA A100-SXM4-40GB MIG 4g.20gb (0),1,,13,"void convert_kernel<__half2, float2>(tensor_layout_any, T1 *, tensor_layout_any, const T2 *)"
5774050499,8224,403737,,,,,,,,,,0.094,11392.965,Pinned,Device,NVIDIA A100-SXM4-40GB MIG 4g.20gb (0),1,,13,[CUDA memcpy Host-to-Device]
5774068899,3424,403738,,,,,,,,,,1.547,451700.819,Device,,NVIDIA A100-SXM4-40GB MIG 4g.20gb (0),1,,13,[CUDA memset]
5774080003,4512,403743,,,,,,,,,,0.031,6936.164,Pinned,Device,NVIDIA A100-SXM4-40GB MIG 4g.20gb (0),1,,13,[CUDA memcpy Host-to-Device]
5774087107,11360,403744,,,,,,,,,,0.197,17307.009,Pinned,Device,NVIDIA A100-SXM4-40GB MIG 4g.20gb (0),1,,13,[CUDA memcpy Host-to-Device]
5774107619,6720,403745,273,1,1,8,4,1,39,0.002,0.000,,,,,NVIDIA A100-SXM4-40GB MIG 4g.20gb (0),1,,13,"void channel_eq::eqMmseCoefCompLowMimoKernel<float, float, float, (unsigned int)4, (unsigned int)1, (unsigned int)4>(const channel_eq::_puschRxChEqStatDescr *, channel_eq::_puschRxChEqCoefCompDynDescr)"
5774115939,7776,403746,273,1,1,12,11,1,51,0.002,0.000,,,,,NVIDIA A100-SXM4-40GB MIG 4g.20gb (0),1,,13,"void channel_eq::eqMmseSoftDemapKernel<float, __half, __half, float, (unsigned int)4, (unsigned short)16383>(channel_eq::_puschRxChEqStatDescr *, channel_eq::_puschRxChEqSoftDemapDynDescr)"
5774127714,283101,403747,1,1,1,32,32,1,30,0.000,0.000,,,,,NVIDIA A100-SXM4-40GB MIG 4g.20gb (0),1,,13,"void convert_kernel<float2, __half2>(tensor_layout_any, T1 *, tensor_layout_any, const T2 *)"
5774411775,10912,403759,2253,1,1,128,1,1,16,0.000,0.000,,,,,NVIDIA A100-SXM4-40GB MIG 4g.20gb (0),1,,13,cupy_copy__float16_float16
5774427263,2656,403768,282,1,1,128,1,1,16,0.000,0.000,,,,,NVIDIA A100-SXM4-40GB MIG 4g.20gb (0),1,,13,cupy_copy__complex64_complex64
5774432703,2144,403777,26,1,1,128,1,1,16,0.000,0.000,,,,,NVIDIA A100-SXM4-40GB MIG 4g.20gb (0),1,,13,cupy_copy__float32_float32
5774437631,2848,403786,103,1,1,128,1,1,16,0.000,0.000,,,,,NVIDIA A100-SXM4-40GB MIG 4g.20gb (0),1,,13,cupy_copy__complex64_complex64
5774441599,11903,403796,1434,1,1,128,1,1,16,0.000,0.000,,,,,NVIDIA A100-SXM4-40GB MIG 4g.20gb (0),1,,13,cupy_copy__complex64_complex64
5774457886,82239,403801,1,1,1,32,32,1,30,0.000,0.000,,,,,NVIDIA A100-SXM4-40GB MIG 4g.20gb (0),1,,13,"void convert_kernel<__half2, float2>(tensor_layout_any, T1 *, tensor_layout_any, const T2 *)"
5774566973,5440,403804,,,,,,,,,,0.094,17223.480,Pinned,Device,NVIDIA A100-SXM4-40GB MIG 4g.20gb (0),1,,13,[CUDA memcpy Host-to-Device]
5774577245,597433,403805,,,,,,,,,,456.561,763827.289,Device,,NVIDIA A100-SXM4-40GB MIG 4g.20gb (0),1,,13,[CUDA memset]
5775176438,149022,403810,,,,,,,,,,1.235,8286.474,Pinned,Device,NVIDIA A100-SXM4-40GB MIG 4g.20gb (0),1,,13,[CUDA memcpy Host-to-Device]
5775335796,22623,403811,,,,,,,,,,0.197,8690.467,Pinned,Device,NVIDIA A100-SXM4-40GB MIG 4g.20gb (0),1,,13,[CUDA memcpy Host-to-Device]
5775379795,7744,403812,69,4,1,48,1,1,76,0.002,0.000,,,,,NVIDIA A100-SXM4-40GB MIG 4g.20gb (0),1,,13,"void ch_est::windowedChEstPreNoDftSOfdmKernel<float, __half, float, (unsigned int)2, (unsigned int)1, (unsigned short)4>(ch_est::puschRxChEstStatDescr_t *, ch_est::puschRxChEstDynDescr_t *)"
5775394547,6496,403813,137,2,1,24,2,1,44,0.001,0.001,,,,,NVIDIA A100-SXM4-40GB MIG 4g.20gb (0),1,,13,"void ch_est::chEstFilterNoDftSOfdmDispatchKernel<float, __half, float, (unsigned int)2>(ch_est::puschRxChEstStatDescr_t *, ch_est::puschRxChEstDynDescr_t *)"
5775409235,5184,403814,137,2,1,24,2,1,44,0.001,0.001,,,,,NVIDIA A100-SXM4-40GB MIG 4g.20gb (0),1,,13,"void ch_est::chEstFilterNoDftSOfdmDispatchKernel<float, __half, float, (unsigned int)2>(ch_est::puschRxChEstStatDescr_t *, ch_est::puschRxChEstDynDescr_t *)"
5775417747,2912,403825,103,1,1,128,1,1,16,0.000,0.000,,,,,NVIDIA A100-SXM4-40GB MIG 4g.20gb (0),1,,13,cupy_copy__complex64_complex64
5775428882,12800,403835,1434,1,1,128,1,1,16,0.000,0.000,,,,,NVIDIA A100-SXM4-40GB MIG 4g.20gb (0),1,,13,cupy_copy__complex64_complex64
5775451218,2560,403842,103,1,1,128,1,1,16,0.000,0.000,,,,,NVIDIA A100-SXM4-40GB MIG 4g.20gb (0),1,,13,cupy_copy__complex64_complex64
5775462834,89503,403849,1,1,1,32,32,1,30,0.000,0.000,,,,,NVIDIA A100-SXM4-40GB MIG 4g.20gb (0),1,,13,"void convert_kernel<__half2, float2>(tensor_layout_any, T1 *, tensor_layout_any, const T2 *)"
5775584913,12959,403852,,,,,,,,,,0.094,7230.146,Pinned,Device,NVIDIA A100-SXM4-40GB MIG 4g.20gb (0),1,,13,[CUDA memcpy Host-to-Device]
5775610864,47680,403853,,,,,,,,,,35.810,751041.452,Device,,NVIDIA A100-SXM4-40GB MIG 4g.20gb (0),1,,13,[CUDA memset]
5775665136,5695,403855,,,,,,,,,,0.000,14.047,Pinned,Device,NVIDIA A100-SXM4-40GB MIG 4g.20gb (0),1,,13,[CUDA memcpy Host-to-Device]
5775679791,16736,403856,,,,,,,,,,0.197,11747.525,Pinned,Device,NVIDIA A100-SXM4-40GB MIG 4g.20gb (0),1,,13,[CUDA memcpy Host-to-Device]
5775715343,9504,403857,273,1,1,48,1,1,40,0.000,0.001,,,,,NVIDIA A100-SXM4-40GB MIG 4g.20gb (0),1,,13,"void pusch_noise_intf_est::noiseIntfEstNoDftSOfdmKernel<float, __half, float, float, (unsigned int)2, (unsigned int)1, (unsigned char)4, (unsigned char)4>(pusch_noise_intf_est::puschRxNoiseIntfEstDynDescr)"
5775734831,2752,403868,35,1,1,128,1,1,16,0.000,0.000,,,,,NVIDIA A100-SXM4-40GB MIG 4g.20gb (0),1,,13,cupy_copy__complex64_complex64
5775743663,1760,403877,1,1,1,1,1,1,18,0.000,0.000,,,,,NVIDIA A100-SXM4-40GB MIG 4g.20gb (0),1,,13,cupy_copy__float32_float32
5775746031,5055,403883,,,,,,,,,,0.000,0.791,Device,Pageable,NVIDIA A100-SXM4-40GB MIG 4g.20gb (0),1,,7,[CUDA memcpy Device-to-Host]
5775827790,12927,403894,1434,1,1,128,1,1,16,0.000,0.000,,,,,NVIDIA A100-SXM4-40GB MIG 4g.20gb (0),1,,13,cupy_copy__complex64_complex64
5775851917,2816,403901,103,1,1,128,1,1,16,0.000,0.000,,,,,NVIDIA A100-SXM4-40GB MIG 4g.20gb (0),1,,13,cupy_copy__complex64_complex64
5775871565,2528,403908,35,1,1,128,1,1,16,0.000,0.000,,,,,NVIDIA A100-SXM4-40GB MIG 4g.20gb (0),1,,13,cupy_copy__complex64_complex64
5775891885,1952,403915,1,1,1,1,1,1,18,0.000,0.000,,,,,NVIDIA A100-SXM4-40GB MIG 4g.20gb (0),1,,13,cupy_copy__float32_float32
5776021547,82207,403926,1,1,1,32,32,1,30,0.000,0.000,,,,,NVIDIA A100-SXM4-40GB MIG 4g.20gb (0),1,,13,"void convert_kernel<__half2, float2>(tensor_layout_any, T1 *, tensor_layout_any, const T2 *)"
5776130826,5856,403929,,,,,,,,,,0.094,15999.997,Pinned,Device,NVIDIA A100-SXM4-40GB MIG 4g.20gb (0),1,,13,[CUDA memcpy Host-to-Device]
5776144970,3168,403930,,,,,,,,,,1.547,488201.145,Device,,NVIDIA A100-SXM4-40GB MIG 4g.20gb (0),1,,13,[CUDA memset]
5776152170,3167,403935,,,,,,,,,,0.031,9881.900,Pinned,Device,NVIDIA A100-SXM4-40GB MIG 4g.20gb (0),1,,13,[CUDA memcpy Host-to-Device]
5776157865,9728,403936,,,,,,,,,,0.197,20210.516,Pinned,Device,NVIDIA A100-SXM4-40GB MIG 4g.20gb (0),1,,13,[CUDA memcpy Host-to-Device]
5776172649,6144,403937,273,1,1,8,4,1,39,0.002,0.000,,,,,NVIDIA A100-SXM4-40GB MIG 4g.20gb (0),1,,13,"void channel_eq::eqMmseCoefCompLowMimoKernel<float, float, float, (unsigned int)4, (unsigned int)1, (unsigned int)4>(const channel_eq::_puschRxChEqStatDescr *, channel_eq::_puschRxChEqCoefCompDynDescr)"
5776180201,7936,403938,273,1,1,12,11,1,51,0.002,0.000,,,,,NVIDIA A100-SXM4-40GB MIG 4g.20gb (0),1,,13,"void channel_eq::eqMmseSoftDemapKernel<float, __half, __half, float, (unsigned int)4, (unsigned short)16383>(channel_eq::_puschRxChEqStatDescr *, channel_eq::_puschRxChEqSoftDemapDynDescr)"
5776189097,282493,403939,1,1,1,32,32,1,30,0.000,0.000,,,,,NVIDIA A100-SXM4-40GB MIG 4g.20gb (0),1,,13,"void convert_kernel<float2, __half2>(tensor_layout_any, T1 *, tensor_layout_any, const T2 *)"
5776474086,11135,403951,2253,1,1,128,1,1,16,0.000,0.000,,,,,NVIDIA A100-SXM4-40GB MIG 4g.20gb (0),1,,13,cupy_copy__float16_float16
5776487685,3744,403960,282,1,1,128,1,1,16,0.000,0.000,,,,,NVIDIA A100-SXM4-40GB MIG 4g.20gb (0),1,,13,cupy_copy__complex64_complex64
5776492645,2176,403969,26,1,1,128,1,1,16,0.000,0.000,,,,,NVIDIA A100-SXM4-40GB MIG 4g.20gb (0),1,,13,cupy_copy__float32_float32
5776496901,4640,403978,103,1,1,128,1,1,16,0.000,0.000,,,,,NVIDIA A100-SXM4-40GB MIG 4g.20gb (0),1,,13,cupy_copy__complex64_complex64
5776504453,12288,403988,1434,1,1,128,1,1,16,0.000,0.000,,,,,NVIDIA A100-SXM4-40GB MIG 4g.20gb (0),1,,13,cupy_copy__complex64_complex64
5776522917,87295,403993,1,1,1,32,32,1,30,0.000,0.000,,,,,NVIDIA A100-SXM4-40GB MIG 4g.20gb (0),1,,13,"void convert_kernel<__half2, float2>(tensor_layout_any, T1 *, tensor_layout_any, const T2 *)"
5776638308,5695,403996,,,,,,,,,,0.094,16452.268,Pinned,Device,NVIDIA A100-SXM4-40GB MIG 4g.20gb (0),1,,13,[CUDA memcpy Host-to-Device]
5776648195,599449,403997,,,,,,,,,,456.561,761544.482,Device,,NVIDIA A100-SXM4-40GB MIG 4g.20gb (0),1,,13,[CUDA memset]
5777251612,148638,404002,,,,,,,,,,1.235,8307.468,Pinned,Device,NVIDIA A100-SXM4-40GB MIG 4g.20gb (0),1,,13,[CUDA memcpy Host-to-Device]
5777411226,38336,404003,,,,,,,,,,0.197,5128.520,Pinned,Device,NVIDIA A100-SXM4-40GB MIG 4g.20gb (0),1,,13,[CUDA memcpy Host-to-Device]
5777470297,8064,404004,69,4,1,48,1,1,76,0.002,0.000,,,,,NVIDIA A100-SXM4-40GB MIG 4g.20gb (0),1,,13,"void ch_est::windowedChEstPreNoDftSOfdmKernel<float, __half, float, (unsigned int)2, (unsigned int)1, (unsigned short)4>(ch_est::puschRxChEstStatDescr_t *, ch_est::puschRxChEstDynDescr_t *)"
5777485593,6688,404005,137,2,1,24,2,1,44,0.001,0.001,,,,,NVIDIA A100-SXM4-40GB MIG 4g.20gb (0),1,,13,"void ch_est::chEstFilterNoDftSOfdmDispatchKernel<float, __half, float, (unsigned int)2>(ch_est::puschRxChEstStatDescr_t *, ch_est::puschRxChEstDynDescr_t *)"
5777501497,4800,404006,137,2,1,24,2,1,44,0.001,0.001,,,,,NVIDIA A100-SXM4-40GB MIG 4g.20gb (0),1,,13,"void ch_est::chEstFilterNoDftSOfdmDispatchKernel<float, __half, float, (unsigned int)2>(ch_est::puschRxChEstStatDescr_t *, ch_est::puschRxChEstDynDescr_t *)"
5777515513,2720,404017,103,1,1,128,1,1,16,0.000,0.000,,,,,NVIDIA A100-SXM4-40GB MIG 4g.20gb (0),1,,13,cupy_copy__complex64_complex64
5777530841,12479,404027,1434,1,1,128,1,1,16,0.000,0.000,,,,,NVIDIA A100-SXM4-40GB MIG 4g.20gb (0),1,,13,cupy_copy__complex64_complex64
5777563704,2528,404034,103,1,1,128,1,1,16,0.000,0.000,,,,,NVIDIA A100-SXM4-40GB MIG 4g.20gb (0),1,,13,cupy_copy__complex64_complex64
5777575640,82783,404041,1,1,1,32,32,1,30,0.000,0.000,,,,,NVIDIA A100-SXM4-40GB MIG 4g.20gb (0),1,,13,"void convert_kernel<__half2, float2>(tensor_layout_any, T1 *, tensor_layout_any, const T2 *)"
5777685975,13695,404044,,,,,,,,,,0.094,6841.588,Pinned,Device,NVIDIA A100-SXM4-40GB MIG 4g.20gb (0),1,,13,[CUDA memcpy Host-to-Device]
5777713590,47872,404045,,,,,,,,,,35.810,748033.419,Device,,NVIDIA A100-SXM4-40GB MIG 4g.20gb (0),1,,13,[CUDA memset]
5777769430,2272,404047,,,,,,,,,,0.000,35.211,Pinned,Device,NVIDIA A100-SXM4-40GB MIG 4g.20gb (0),1,,13,[CUDA memcpy Host-to-Device]
5777780021,18080,404048,,,,,,,,,,0.197,10874.192,Pinned,Device,NVIDIA A100-SXM4-40GB MIG 4g.20gb (0),1,,13,[CUDA memcpy Host-to-Device]
5777810805,10176,404049,273,1,1,48,1,1,40,0.000,0.001,,,,,NVIDIA A100-SXM4-40GB MIG 4g.20gb (0),1,,13,"void pusch_noise_intf_est::noiseIntfEstNoDftSOfdmKernel<float, __half, float, float, (unsigned int)2, (unsigned int)1, (unsigned char)4, (unsigned char)4>(pusch_noise_intf_est::puschRxNoiseIntfEstDynDescr)"
5777827989,2848,404060,35,1,1,128,1,1,16,0.000,0.000,,,,,NVIDIA A100-SXM4-40GB MIG 4g.20gb (0),1,,13,cupy_copy__complex64_complex64
5777836917,1984,404069,1,1,1,1,1,1,18,0.000,0.000,,,,,NVIDIA A100-SXM4-40GB MIG 4g.20gb (0),1,,13,cupy_copy__float32_float32
5777843989,5664,404075,,,,,,,,,,0.000,0.706,Device,Pageable,NVIDIA A100-SXM4-40GB MIG 4g.20gb (0),1,,7,[CUDA memcpy Device-to-Host]
5777920148,12928,404086,1434,1,1,128,1,1,16,0.000,0.000,,,,,NVIDIA A100-SXM4-40GB MIG 4g.20gb (0),1,,13,cupy_copy__complex64_complex64
5777950995,6720,404093,103,1,1,128,1,1,16,0.000,0.000,,,,,NVIDIA A100-SXM4-40GB MIG 4g.20gb (0),1,,13,cupy_copy__complex64_complex64
5777969395,2528,404100,35,1,1,128,1,1,16,0.000,0.000,,,,,NVIDIA A100-SXM4-40GB MIG 4g.20gb (0),1,,13,cupy_copy__complex64_complex64
5777985395,2016,404107,1,1,1,1,1,1,18,0.000,0.000,,,,,NVIDIA A100-SXM4-40GB MIG 4g.20gb (0),1,,13,cupy_copy__float32_float32
5778123025,82975,404118,1,1,1,32,32,1,30,0.000,0.000,,,,,NVIDIA A100-SXM4-40GB MIG 4g.20gb (0),1,,13,"void convert_kernel<__half2, float2>(tensor_layout_any, T1 *, tensor_layout_any, const T2 *)"
5778235248,5472,404121,,,,,,,,,,0.094,17122.757,Pinned,Device,NVIDIA A100-SXM4-40GB MIG 4g.20gb (0),1,,13,[CUDA memcpy Host-to-Device]
5778249456,3296,404122,,,,,,,,,,1.547,469242.628,Device,,NVIDIA A100-SXM4-40GB MIG 4g.20gb (0),1,,13,[CUDA memset]
5778256176,3360,404127,,,,,,,,,,0.031,9314.284,Pinned,Device,NVIDIA A100-SXM4-40GB MIG 4g.20gb (0),1,,13,[CUDA memcpy Host-to-Device]
5778263184,9983,404128,,,,,,,,,,0.197,19694.223,Pinned,Device,NVIDIA A100-SXM4-40GB MIG 4g.20gb (0),1,,13,[CUDA memcpy Host-to-Device]
5778278159,6496,404129,273,1,1,8,4,1,39,0.002,0.000,,,,,NVIDIA A100-SXM4-40GB MIG 4g.20gb (0),1,,13,"void channel_eq::eqMmseCoefCompLowMimoKernel<float, float, float, (unsigned int)4, (unsigned int)1, (unsigned int)4>(const channel_eq::_puschRxChEqStatDescr *, channel_eq::_puschRxChEqCoefCompDynDescr)"
5778285807,6176,404130,273,1,1,12,11,1,51,0.002,0.000,,,,,NVIDIA A100-SXM4-40GB MIG 4g.20gb (0),1,,13,"void channel_eq::eqMmseSoftDemapKernel<float, __half, __half, float, (unsigned int)4, (unsigned short)16383>(channel_eq::_puschRxChEqStatDescr *, channel_eq::_puschRxChEqSoftDemapDynDescr)"
5778293007,282365,404131,1,1,1,32,32,1,30,0.000,0.000,,,,,NVIDIA A100-SXM4-40GB MIG 4g.20gb (0),1,,13,"void convert_kernel<float2, __half2>(tensor_layout_any, T1 *, tensor_layout_any, const T2 *)"
5778576588,10976,404143,2253,1,1,128,1,1,16,0.000,0.000,,,,,NVIDIA A100-SXM4-40GB MIG 4g.20gb (0),1,,13,cupy_copy__float16_float16
5778592395,2688,404152,282,1,1,128,1,1,16,0.000,0.000,,,,,NVIDIA A100-SXM4-40GB MIG 4g.20gb (0),1,,13,cupy_copy__complex64_complex64
5778596619,2208,404161,26,1,1,128,1,1,16,0.000,0.000,,,,,NVIDIA A100-SXM4-40GB MIG 4g.20gb (0),1,,13,cupy_copy__float32_float32
5778602251,4864,404170,103,1,1,128,1,1,16,0.000,0.000,,,,,NVIDIA A100-SXM4-40GB MIG 4g.20gb (0),1,,13,cupy_copy__complex64_complex64
5778609451,12032,404180,1434,1,1,128,1,1,16,0.000,0.000,,,,,NVIDIA A100-SXM4-40GB MIG 4g.20gb (0),1,,13,cupy_copy__complex64_complex64
5778622507,81855,404185,1,1,1,32,32,1,30,0.000,0.000,,,,,NVIDIA A100-SXM4-40GB MIG 4g.20gb (0),1,,13,"void convert_kernel<__half2, float2>(tensor_layout_any, T1 *, tensor_layout_any, const T2 *)"
5778730666,5440,404188,,,,,,,,,,0.094,17223.480,Pinned,Device,NVIDIA A100-SXM4-40GB MIG 4g.20gb (0),1,,13,[CUDA memcpy Host-to-Device]
5778740458,597432,404189,,,,,,,,,,456.561,763827.289,Device,,NVIDIA A100-SXM4-40GB MIG 4g.20gb (0),1,,13,[CUDA memset]
5779351714,146750,404194,,,,,,,,,,1.235,8414.908,Pinned,Device,NVIDIA A100-SXM4-40GB MIG 4g.20gb (0),1,,13,[CUDA memcpy Host-to-Device]
5779513664,36736,404195,,,,,,,,,,0.197,5351.866,Pinned,Device,NVIDIA A100-SXM4-40GB MIG 4g.20gb (0),1,,13,[CUDA memcpy Host-to-Device]
5779578399,8256,404196,69,4,1,48,1,1,76,0.002,0.000,,,,,NVIDIA A100-SXM4-40GB MIG 4g.20gb (0),1,,13,"void ch_est::windowedChEstPreNoDftSOfdmKernel<float, __half, float, (unsigned int)2, (unsigned int)1, (unsigned short)4>(ch_est::puschRxChEstStatDescr_t *, ch_est::puschRxChEstDynDescr_t *)"
5779594559,6784,404197,137,2,1,24,2,1,44,0.001,0.001,,,,,NVIDIA A100-SXM4-40GB MIG 4g.20gb (0),1,,13,"void ch_est::chEstFilterNoDftSOfdmDispatchKernel<float, __half, float, (unsigned int)2>(ch_est::puschRxChEstStatDescr_t *, ch_est::puschRxChEstDynDescr_t *)"
5779611263,4768,404198,137,2,1,24,2,1,44,0.001,0.001,,,,,NVIDIA A100-SXM4-40GB MIG 4g.20gb (0),1,,13,"void ch_est::chEstFilterNoDftSOfdmDispatchKernel<float, __half, float, (unsigned int)2>(ch_est::puschRxChEstStatDescr_t *, ch_est::puschRxChEstDynDescr_t *)"
5779624991,2688,404209,103,1,1,128,1,1,16,0.000,0.000,,,,,NVIDIA A100-SXM4-40GB MIG 4g.20gb (0),1,,13,cupy_copy__complex64_complex64
5779638527,12575,404219,1434,1,1,128,1,1,16,0.000,0.000,,,,,NVIDIA A100-SXM4-40GB MIG 4g.20gb (0),1,,13,cupy_copy__complex64_complex64
5779674718,2400,404226,103,1,1,128,1,1,16,0.000,0.000,,,,,NVIDIA A100-SXM4-40GB MIG 4g.20gb (0),1,,13,cupy_copy__complex64_complex64
5779689918,89631,404233,1,1,1,32,32,1,30,0.000,0.000,,,,,NVIDIA A100-SXM4-40GB MIG 4g.20gb (0),1,,13,"void convert_kernel<__half2, float2>(tensor_layout_any, T1 *, tensor_layout_any, const T2 *)"
5779811580,11808,404236,,,,,,,,,,0.094,7934.927,Pinned,Device,NVIDIA A100-SXM4-40GB MIG 4g.20gb (0),1,,13,[CUDA memcpy Host-to-Device]
5779843996,47423,404237,,,,,,,,,,35.810,755087.973,Device,,NVIDIA A100-SXM4-40GB MIG 4g.20gb (0),1,,13,[CUDA memset]
5779893787,8640,404239,,,,,,,,,,0.000,9.259,Pinned,Device,NVIDIA A100-SXM4-40GB MIG 4g.20gb (0),1,,13,[CUDA memcpy Host-to-Device]
5779910075,18912,404240,,,,,,,,,,0.197,10395.845,Pinned,Device,NVIDIA A100-SXM4-40GB MIG 4g.20gb (0),1,,13,[CUDA memcpy Host-to-Device]
5779942491,9792,404241,273,1,1,48,1,1,40,0.000,0.001,,,,,NVIDIA A100-SXM4-40GB MIG 4g.20gb (0),1,,13,"void pusch_noise_intf_est::noiseIntfEstNoDftSOfdmKernel<float, __half, float, float, (unsigned int)2, (unsigned int)1, (unsigned char)4, (unsigned char)4>(pusch_noise_intf_est::puschRxNoiseIntfEstDynDescr)"
5779956411,3136,404252,35,1,1,128,1,1,16,0.000,0.000,,,,,NVIDIA A100-SXM4-40GB MIG 4g.20gb (0),1,,13,cupy_copy__complex64_complex64
5779965851,1824,404261,1,1,1,1,1,1,18,0.000,0.000,,,,,NVIDIA A100-SXM4-40GB MIG 4g.20gb (0),1,,13,cupy_copy__float32_float32
5779974074,2400,404267,,,,,,,,,,0.000,1.667,Device,Pageable,NVIDIA A100-SXM4-40GB MIG 4g.20gb (0),1,,7,[CUDA memcpy Device-to-Host]
5780039994,12767,404278,1434,1,1,128,1,1,16,0.000,0.000,,,,,NVIDIA A100-SXM4-40GB MIG 4g.20gb (0),1,,13,cupy_copy__complex64_complex64
5780065081,3520,404285,103,1,1,128,1,1,16,0.000,0.000,,,,,NVIDIA A100-SXM4-40GB MIG 4g.20gb (0),1,,13,cupy_copy__complex64_complex64
5780085977,2304,404292,35,1,1,128,1,1,16,0.000,0.000,,,,,NVIDIA A100-SXM4-40GB MIG 4g.20gb (0),1,,13,cupy_copy__complex64_complex64
5780104953,1792,404299,1,1,1,1,1,1,18,0.000,0.000,,,,,NVIDIA A100-SXM4-40GB MIG 4g.20gb (0),1,,13,cupy_copy__float32_float32
5780234967,81407,404310,1,1,1,32,32,1,30,0.000,0.000,,,,,NVIDIA A100-SXM4-40GB MIG 4g.20gb (0),1,,13,"void convert_kernel<__half2, float2>(tensor_layout_any, T1 *, tensor_layout_any, const T2 *)"
5780343606,5696,404313,,,,,,,,,,0.094,16449.363,Pinned,Device,NVIDIA A100-SXM4-40GB MIG 4g.20gb (0),1,,13,[CUDA memcpy Host-to-Device]
5780358038,3456,404314,,,,,,,,,,1.547,447517.201,Device,,NVIDIA A100-SXM4-40GB MIG 4g.20gb (0),1,,13,[CUDA memset]
5780365302,3008,404319,,,,,,,,,,0.031,10404.230,Pinned,Device,NVIDIA A100-SXM4-40GB MIG 4g.20gb (0),1,,13,[CUDA memcpy Host-to-Device]
5780371190,10111,404320,,,,,,,,,,0.197,19444.924,Pinned,Device,NVIDIA A100-SXM4-40GB MIG 4g.20gb (0),1,,13,[CUDA memcpy Host-to-Device]
5780387189,6592,404321,273,1,1,8,4,1,39,0.002,0.000,,,,,NVIDIA A100-SXM4-40GB MIG 4g.20gb (0),1,,13,"void channel_eq::eqMmseCoefCompLowMimoKernel<float, float, float, (unsigned int)4, (unsigned int)1, (unsigned int)4>(const channel_eq::_puschRxChEqStatDescr *, channel_eq::_puschRxChEqCoefCompDynDescr)"
5780394869,6016,404322,273,1,1,12,11,1,51,0.002,0.000,,,,,NVIDIA A100-SXM4-40GB MIG 4g.20gb (0),1,,13,"void channel_eq::eqMmseSoftDemapKernel<float, __half, __half, float, (unsigned int)4, (unsigned short)16383>(channel_eq::_puschRxChEqStatDescr *, channel_eq::_puschRxChEqSoftDemapDynDescr)"
5780401845,294781,404323,1,1,1,32,32,1,30,0.000,0.000,,,,,NVIDIA A100-SXM4-40GB MIG 4g.20gb (0),1,,13,"void convert_kernel<float2, __half2>(tensor_layout_any, T1 *, tensor_layout_any, const T2 *)"
5780699250,10879,404335,2253,1,1,128,1,1,16,0.000,0.000,,,,,NVIDIA A100-SXM4-40GB MIG 4g.20gb (0),1,,13,cupy_copy__float16_float16
5780713361,2848,404344,282,1,1,128,1,1,16,0.000,0.000,,,,,NVIDIA A100-SXM4-40GB MIG 4g.20gb (0),1,,13,cupy_copy__complex64_complex64
5780719729,2048,404353,26,1,1,128,1,1,16,0.000,0.000,,,,,NVIDIA A100-SXM4-40GB MIG 4g.20gb (0),1,,13,cupy_copy__float32_float32
5780724241,2944,404362,103,1,1,128,1,1,16,0.000,0.000,,,,,NVIDIA A100-SXM4-40GB MIG 4g.20gb (0),1,,13,cupy_copy__complex64_complex64
5780728305,11776,404372,1434,1,1,128,1,1,16,0.000,0.000,,,,,NVIDIA A100-SXM4-40GB MIG 4g.20gb (0),1,,13,cupy_copy__complex64_complex64
5780744369,89343,404377,1,1,1,32,32,1,30,0.000,0.000,,,,,NVIDIA A100-SXM4-40GB MIG 4g.20gb (0),1,,13,"void convert_kernel<__half2, float2>(tensor_layout_any, T1 *, tensor_layout_any, const T2 *)"
5780860240,5951,404380,,,,,,,,,,0.094,15744.488,Pinned,Device,NVIDIA A100-SXM4-40GB MIG 4g.20gb (0),1,,13,[CUDA memcpy Host-to-Device]
5780871375,601049,404381,,,,,,,,,,456.561,759261.675,Device,,NVIDIA A100-SXM4-40GB MIG 4g.20gb (0),1,,13,[CUDA memset]
5781477288,142398,404386,,,,,,,,,,1.235,8671.777,Pinned,Device,NVIDIA A100-SXM4-40GB MIG 4g.20gb (0),1,,13,[CUDA memcpy Host-to-Device]
5781631942,45375,404387,,,,,,,,,,0.197,4332.847,Pinned,Device,NVIDIA A100-SXM4-40GB MIG 4g.20gb (0),1,,13,[CUDA memcpy Host-to-Device]
5781696421,8032,404388,69,4,1,48,1,1,76,0.002,0.000,,,,,NVIDIA A100-SXM4-40GB MIG 4g.20gb (0),1,,13,"void ch_est::windowedChEstPreNoDftSOfdmKernel<float, __half, float, (unsigned int)2, (unsigned int)1, (unsigned short)4>(ch_est::puschRxChEstStatDescr_t *, ch_est::puschRxChEstDynDescr_t *)"
5781715397,6464,404389,137,2,1,24,2,1,44,0.001,0.001,,,,,NVIDIA A100-SXM4-40GB MIG 4g.20gb (0),1,,13,"void ch_est::chEstFilterNoDftSOfdmDispatchKernel<float, __half, float, (unsigned int)2>(ch_est::puschRxChEstStatDescr_t *, ch_est::puschRxChEstDynDescr_t *)"
5781732005,4736,404390,137,2,1,24,2,1,44,0.001,0.001,,,,,NVIDIA A100-SXM4-40GB MIG 4g.20gb (0),1,,13,"void ch_est::chEstFilterNoDftSOfdmDispatchKernel<float, __half, float, (unsigned int)2>(ch_est::puschRxChEstStatDescr_t *, ch_est::puschRxChEstDynDescr_t *)"
5781751269,2688,404401,103,1,1,128,1,1,16,0.000,0.000,,,,,NVIDIA A100-SXM4-40GB MIG 4g.20gb (0),1,,13,cupy_copy__complex64_complex64
5781768004,12640,404411,1434,1,1,128,1,1,16,0.000,0.000,,,,,NVIDIA A100-SXM4-40GB MIG 4g.20gb (0),1,,13,cupy_copy__complex64_complex64
5781787556,2944,404418,103,1,1,128,1,1,16,0.000,0.000,,,,,NVIDIA A100-SXM4-40GB MIG 4g.20gb (0),1,,13,cupy_copy__complex64_complex64
5781812132,85247,404425,1,1,1,32,32,1,30,0.000,0.000,,,,,NVIDIA A100-SXM4-40GB MIG 4g.20gb (0),1,,13,"void convert_kernel<__half2, float2>(tensor_layout_any, T1 *, tensor_layout_any, const T2 *)"
5781931298,26528,404428,,,,,,,,,,0.094,3531.964,Pinned,Device,NVIDIA A100-SXM4-40GB MIG 4g.20gb (0),1,,13,[CUDA memcpy Host-to-Device]
5781974050,45983,404429,,,,,,,,,,35.810,778758.330,Device,,NVIDIA A100-SXM4-40GB MIG 4g.20gb (0),1,,13,[CUDA memset]
5782027489,14912,404431,,,,,,,,,,0.000,5.365,Pinned,Device,NVIDIA A100-SXM4-40GB MIG 4g.20gb (0),1,,13,[CUDA memcpy Host-to-Device]
5782051649,39327,404432,,,,,,,,,,0.197,4999.152,Pinned,Device,NVIDIA A100-SXM4-40GB MIG 4g.20gb (0),1,,13,[CUDA memcpy Host-to-Device]
5782109120,9568,404433,273,1,1,48,1,1,40,0.000,0.001,,,,,NVIDIA A100-SXM4-40GB MIG 4g.20gb (0),1,,13,"void pusch_noise_intf_est::noiseIntfEstNoDftSOfdmKernel<float, __half, float, float, (unsigned int)2, (unsigned int)1, (unsigned char)4, (unsigned char)4>(pusch_noise_intf_est::puschRxNoiseIntfEstDynDescr)"
5782137184,2912,404444,35,1,1,128,1,1,16,0.000,0.000,,,,,NVIDIA A100-SXM4-40GB MIG 4g.20gb (0),1,,13,cupy_copy__complex64_complex64
5782151168,1728,404453,1,1,1,1,1,1,18,0.000,0.000,,,,,NVIDIA A100-SXM4-40GB MIG 4g.20gb (0),1,,13,cupy_copy__float32_float32
5782157504,6527,404459,,,,,,,,,,0.000,0.613,Device,Pageable,NVIDIA A100-SXM4-40GB MIG 4g.20gb (0),1,,7,[CUDA memcpy Device-to-Host]
5782243102,13088,404470,1434,1,1,128,1,1,16,0.000,0.000,,,,,NVIDIA A100-SXM4-40GB MIG 4g.20gb (0),1,,13,cupy_copy__complex64_complex64
5782263582,3328,404477,103,1,1,128,1,1,16,0.000,0.000,,,,,NVIDIA A100-SXM4-40GB MIG 4g.20gb (0),1,,13,cupy_copy__complex64_complex64
5782285534,2560,404484,35,1,1,128,1,1,16,0.000,0.000,,,,,NVIDIA A100-SXM4-40GB MIG 4g.20gb (0),1,,13,cupy_copy__complex64_complex64
5782306878,1888,404491,1,1,1,1,1,1,18,0.000,0.000,,,,,NVIDIA A100-SXM4-40GB MIG 4g.20gb (0),1,,13,cupy_copy__float32_float32
5782427868,83551,404502,1,1,1,32,32,1,30,0.000,0.000,,,,,NVIDIA A100-SXM4-40GB MIG 4g.20gb (0),1,,13,"void convert_kernel<__half2, float2>(tensor_layout_any, T1 *, tensor_layout_any, const T2 *)"
5782539323,5632,404505,,,,,,,,,,0.094,16636.287,Pinned,Device,NVIDIA A100-SXM4-40GB MIG 4g.20gb (0),1,,13,[CUDA memcpy Host-to-Device]
5782553243,3488,404506,,,,,,,,,,1.547,443412.461,Device,,NVIDIA A100-SXM4-40GB MIG 4g.20gb (0),1,,13,[CUDA memset]
5782560827,3040,404511,,,,,,,,,,0.031,10294.725,Pinned,Device,NVIDIA A100-SXM4-40GB MIG 4g.20gb (0),1,,13,[CUDA memcpy Host-to-Device]
5782566458,9632,404512,,,,,,,,,,0.197,20411.843,Pinned,Device,NVIDIA A100-SXM4-40GB MIG 4g.20gb (0),1,,13,[CUDA memcpy Host-to-Device]
5782581274,6048,404513,273,1,1,8,4,1,39,0.002,0.000,,,,,NVIDIA A100-SXM4-40GB MIG 4g.20gb (0),1,,13,"void channel_eq::eqMmseCoefCompLowMimoKernel<float, float, float, (unsigned int)4, (unsigned int)1, (unsigned int)4>(const channel_eq::_puschRxChEqStatDescr *, channel_eq::_puschRxChEqCoefCompDynDescr)"
5782588730,5888,404514,273,1,1,12,11,1,51,0.002,0.000,,,,,NVIDIA A100-SXM4-40GB MIG 4g.20gb (0),1,,13,"void channel_eq::eqMmseSoftDemapKernel<float, __half, __half, float, (unsigned int)4, (unsigned short)16383>(channel_eq::_puschRxChEqStatDescr *, channel_eq::_puschRxChEqSoftDemapDynDescr)"
5782595962,294653,404515,1,1,1,32,32,1,30,0.000,0.000,,,,,NVIDIA A100-SXM4-40GB MIG 4g.20gb (0),1,,13,"void convert_kernel<float2, __half2>(tensor_layout_any, T1 *, tensor_layout_any, const T2 *)"
5782893462,11008,404527,2253,1,1,128,1,1,16,0.000,0.000,,,,,NVIDIA A100-SXM4-40GB MIG 4g.20gb (0),1,,13,cupy_copy__float16_float16
5782906646,3136,404536,282,1,1,128,1,1,16,0.000,0.000,,,,,NVIDIA A100-SXM4-40GB MIG 4g.20gb (0),1,,13,cupy_copy__complex64_complex64
5782913174,2528,404545,26,1,1,128,1,1,16,0.000,0.000,,,,,NVIDIA A100-SXM4-40GB MIG 4g.20gb (0),1,,13,cupy_copy__float32_float32
5782918742,3008,404554,103,1,1,128,1,1,16,0.000,0.000,,,,,NVIDIA A100-SXM4-40GB MIG 4g.20gb (0),1,,13,cupy_copy__complex64_complex64
5782924822,11872,404564,1434,1,1,128,1,1,16,0.000,0.000,,,,,NVIDIA A100-SXM4-40GB MIG 4g.20gb (0),1,,13,cupy_copy__complex64_complex64
5782943286,87359,404569,1,1,1,32,32,1,30,0.000,0.000,,,,,NVIDIA A100-SXM4-40GB MIG 4g.20gb (0),1,,13,"void convert_kernel<__half2, float2>(tensor_layout_any, T1 *, tensor_layout_any, const T2 *)"
5783057492,5984,404572,,,,,,,,,,0.094,15657.726,Pinned,Device,NVIDIA A100-SXM4-40GB MIG 4g.20gb (0),1,,13,[CUDA memcpy Host-to-Device]
5783070324,604025,404573,,,,,,,,,,456.561,755609.183,Device,,NVIDIA A100-SXM4-40GB MIG 4g.20gb (0),1,,13,[CUDA memset]
5783676269,81823,404578,,,,,,,,,,1.235,15092.251,Pinned,Device,NVIDIA A100-SXM4-40GB MIG 4g.20gb (0),1,,13,[CUDA memcpy Host-to-Device]
5783763660,20767,404579,,,,,,,,,,0.197,9467.265,Pinned,Device,NVIDIA A100-SXM4-40GB MIG 4g.20gb (0),1,,13,[CUDA memcpy Host-to-Device]
5783793419,8320,404580,69,4,1,48,1,1,76,0.002,0.000,,,,,NVIDIA A100-SXM4-40GB MIG 4g.20gb (0),1,,13,"void ch_est::windowedChEstPreNoDftSOfdmKernel<float, __half, float, (unsigned int)2, (unsigned int)1, (unsigned short)4>(ch_est::puschRxChEstStatDescr_t *, ch_est::puschRxChEstDynDescr_t *)"
5783810731,7680,404581,137,2,1,24,2,1,44,0.001,0.001,,,,,NVIDIA A100-SXM4-40GB MIG 4g.20gb (0),1,,13,"void ch_est::chEstFilterNoDftSOfdmDispatchKernel<float, __half, float, (unsigned int)2>(ch_est::puschRxChEstStatDescr_t *, ch_est::puschRxChEstDynDescr_t *)"
5783827627,5152,404582,137,2,1,24,2,1,44,0.001,0.001,,,,,NVIDIA A100-SXM4-40GB MIG 4g.20gb (0),1,,13,"void ch_est::chEstFilterNoDftSOfdmDispatchKernel<float, __half, float, (unsigned int)2>(ch_est::puschRxChEstStatDescr_t *, ch_est::puschRxChEstDynDescr_t *)"
5783835211,3584,404593,103,1,1,128,1,1,16,0.000,0.000,,,,,NVIDIA A100-SXM4-40GB MIG 4g.20gb (0),1,,13,cupy_copy__complex64_complex64
5783848747,12704,404603,1434,1,1,128,1,1,16,0.000,0.000,,,,,NVIDIA A100-SXM4-40GB MIG 4g.20gb (0),1,,13,cupy_copy__complex64_complex64
5783866282,2560,404610,103,1,1,128,1,1,16,0.000,0.000,,,,,NVIDIA A100-SXM4-40GB MIG 4g.20gb (0),1,,13,cupy_copy__complex64_complex64
5783875178,91103,404617,1,1,1,32,32,1,30,0.000,0.000,,,,,NVIDIA A100-SXM4-40GB MIG 4g.20gb (0),1,,13,"void convert_kernel<__half2, float2>(tensor_layout_any, T1 *, tensor_layout_any, const T2 *)"
5783994313,9728,404620,,,,,,,,,,0.094,9631.574,Pinned,Device,NVIDIA A100-SXM4-40GB MIG 4g.20gb (0),1,,13,[CUDA memcpy Host-to-Device]
5784013449,46111,404621,,,,,,,,,,35.810,776573.925,Device,,NVIDIA A100-SXM4-40GB MIG 4g.20gb (0),1,,13,[CUDA memset]
5784069352,3040,404623,,,,,,,,,,0.000,26.316,Pinned,Device,NVIDIA A100-SXM4-40GB MIG 4g.20gb (0),1,,13,[CUDA memcpy Host-to-Device]
5784082920,22240,404624,,,,,,,,,,0.197,8840.282,Pinned,Device,NVIDIA A100-SXM4-40GB MIG 4g.20gb (0),1,,13,[CUDA memcpy Host-to-Device]
5784117607,12800,404625,273,1,1,48,1,1,40,0.000,0.001,,,,,NVIDIA A100-SXM4-40GB MIG 4g.20gb (0),1,,13,"void pusch_noise_intf_est::noiseIntfEstNoDftSOfdmKernel<float, __half, float, float, (unsigned int)2, (unsigned int)1, (unsigned char)4, (unsigned char)4>(pusch_noise_intf_est::puschRxNoiseIntfEstDynDescr)"
5784135943,2752,404636,35,1,1,128,1,1,16,0.000,0.000,,,,,NVIDIA A100-SXM4-40GB MIG 4g.20gb (0),1,,13,cupy_copy__complex64_complex64
5784146599,1824,404645,1,1,1,1,1,1,18,0.000,0.000,,,,,NVIDIA A100-SXM4-40GB MIG 4g.20gb (0),1,,13,cupy_copy__float32_float32
5784155111,8352,404651,,,,,,,,,,0.000,0.479,Device,Pageable,NVIDIA A100-SXM4-40GB MIG 4g.20gb (0),1,,7,[CUDA memcpy Device-to-Host]
5784244166,12768,404662,1434,1,1,128,1,1,16,0.000,0.000,,,,,NVIDIA A100-SXM4-40GB MIG 4g.20gb (0),1,,13,cupy_copy__complex64_complex64
5784259270,2784,404669,103,1,1,128,1,1,16,0.000,0.000,,,,,NVIDIA A100-SXM4-40GB MIG 4g.20gb (0),1,,13,cupy_copy__complex64_complex64
5784281861,2688,404676,35,1,1,128,1,1,16,0.000,0.000,,,,,NVIDIA A100-SXM4-40GB MIG 4g.20gb (0),1,,13,cupy_copy__complex64_complex64
5784304165,1792,404683,1,1,1,1,1,1,18,0.000,0.000,,,,,NVIDIA A100-SXM4-40GB MIG 4g.20gb (0),1,,13,cupy_copy__float32_float32
5784437027,88991,404694,1,1,1,32,32,1,30,0.000,0.000,,,,,NVIDIA A100-SXM4-40GB MIG 4g.20gb (0),1,,13,"void convert_kernel<__half2, float2>(tensor_layout_any, T1 *, tensor_layout_any, const T2 *)"
5784554082,6080,404697,,,,,,,,,,0.094,15410.462,Pinned,Device,NVIDIA A100-SXM4-40GB MIG 4g.20gb (0),1,,13,[CUDA memcpy Host-to-Device]
5784568482,3264,404698,,,,,,,,,,1.547,473842.288,Device,,NVIDIA A100-SXM4-40GB MIG 4g.20gb (0),1,,13,[CUDA memset]
5784574850,3008,404703,,,,,,,,,,0.031,10404.230,Pinned,Device,NVIDIA A100-SXM4-40GB MIG 4g.20gb (0),1,,13,[CUDA memcpy Host-to-Device]
5784581538,10080,404704,,,,,,,,,,0.197,19504.693,Pinned,Device,NVIDIA A100-SXM4-40GB MIG 4g.20gb (0),1,,13,[CUDA memcpy Host-to-Device]
5784599233,6784,404705,273,1,1,8,4,1,39,0.002,0.000,,,,,NVIDIA A100-SXM4-40GB MIG 4g.20gb (0),1,,13,"void channel_eq::eqMmseCoefCompLowMimoKernel<float, float, float, (unsigned int)4, (unsigned int)1, (unsigned int)4>(const channel_eq::_puschRxChEqStatDescr *, channel_eq::_puschRxChEqCoefCompDynDescr)"
5784607841,6432,404706,273,1,1,12,11,1,51,0.002,0.000,,,,,NVIDIA A100-SXM4-40GB MIG 4g.20gb (0),1,,13,"void channel_eq::eqMmseSoftDemapKernel<float, __half, __half, float, (unsigned int)4, (unsigned short)16383>(channel_eq::_puschRxChEqStatDescr *, channel_eq::_puschRxChEqSoftDemapDynDescr)"
5784616321,281853,404707,1,1,1,32,32,1,30,0.000,0.000,,,,,NVIDIA A100-SXM4-40GB MIG 4g.20gb (0),1,,13,"void convert_kernel<float2, __half2>(tensor_layout_any, T1 *, tensor_layout_any, const T2 *)"
5784899198,10912,404719,2253,1,1,128,1,1,16,0.000,0.000,,,,,NVIDIA A100-SXM4-40GB MIG 4g.20gb (0),1,,13,cupy_copy__float16_float16
5784913310,3232,404728,282,1,1,128,1,1,16,0.000,0.000,,,,,NVIDIA A100-SXM4-40GB MIG 4g.20gb (0),1,,13,cupy_copy__complex64_complex64
5784918462,2271,404737,26,1,1,128,1,1,16,0.000,0.000,,,,,NVIDIA A100-SXM4-40GB MIG 4g.20gb (0),1,,13,cupy_copy__float32_float32
5784921821,4672,404746,103,1,1,128,1,1,16,0.000,0.000,,,,,NVIDIA A100-SXM4-40GB MIG 4g.20gb (0),1,,13,cupy_copy__complex64_complex64
5784927645,12032,404756,1434,1,1,128,1,1,16,0.000,0.000,,,,,NVIDIA A100-SXM4-40GB MIG 4g.20gb (0),1,,13,cupy_copy__complex64_complex64
5784949117,81759,404761,1,1,1,32,32,1,30,0.000,0.000,,,,,NVIDIA A100-SXM4-40GB MIG 4g.20gb (0),1,,13,"void convert_kernel<__half2, float2>(tensor_layout_any, T1 *, tensor_layout_any, const T2 *)"
5785058012,5408,404764,,,,,,,,,,0.094,17325.421,Pinned,Device,NVIDIA A100-SXM4-40GB MIG 4g.20gb (0),1,,13,[CUDA memcpy Host-to-Device]
5785068444,596664,404765,,,,,,,,,,456.561,764740.412,Device,,NVIDIA A100-SXM4-40GB MIG 4g.20gb (0),1,,13,[CUDA memset]
5785669812,134687,404770,,,,,,,,,,1.235,9168.224,Pinned,Device,NVIDIA A100-SXM4-40GB MIG 4g.20gb (0),1,,13,[CUDA memcpy Host-to-Device]
5785817266,36288,404771,,,,,,,,,,0.197,5417.927,Pinned,Device,NVIDIA A100-SXM4-40GB MIG 4g.20gb (0),1,,13,[CUDA memcpy Host-to-Device]
5785866834,7936,404772,69,4,1,48,1,1,76,0.002,0.000,,,,,NVIDIA A100-SXM4-40GB MIG 4g.20gb (0),1,,13,"void ch_est::windowedChEstPreNoDftSOfdmKernel<float, __half, float, (unsigned int)2, (unsigned int)1, (unsigned short)4>(ch_est::puschRxChEstStatDescr_t *, ch_est::puschRxChEstDynDescr_t *)"
5785879826,6144,404773,137,2,1,24,2,1,44,0.001,0.001,,,,,NVIDIA A100-SXM4-40GB MIG 4g.20gb (0),1,,13,"void ch_est::chEstFilterNoDftSOfdmDispatchKernel<float, __half, float, (unsigned int)2>(ch_est::puschRxChEstStatDescr_t *, ch_est::puschRxChEstDynDescr_t *)"
5785889746,5055,404774,137,2,1,24,2,1,44,0.001,0.001,,,,,NVIDIA A100-SXM4-40GB MIG 4g.20gb (0),1,,13,"void ch_est::chEstFilterNoDftSOfdmDispatchKernel<float, __half, float, (unsigned int)2>(ch_est::puschRxChEstStatDescr_t *, ch_est::puschRxChEstDynDescr_t *)"
5785898577,2752,404785,103,1,1,128,1,1,16,0.000,0.000,,,,,NVIDIA A100-SXM4-40GB MIG 4g.20gb (0),1,,13,cupy_copy__complex64_complex64
5785906257,12512,404795,1434,1,1,128,1,1,16,0.000,0.000,,,,,NVIDIA A100-SXM4-40GB MIG 4g.20gb (0),1,,13,cupy_copy__complex64_complex64
5785926001,2560,404802,103,1,1,128,1,1,16,0.000,0.000,,,,,NVIDIA A100-SXM4-40GB MIG 4g.20gb (0),1,,13,cupy_copy__complex64_complex64
5785932337,83007,404809,1,1,1,32,32,1,30,0.000,0.000,,,,,NVIDIA A100-SXM4-40GB MIG 4g.20gb (0),1,,13,"void convert_kernel<__half2, float2>(tensor_layout_any, T1 *, tensor_layout_any, const T2 *)"
5786042256,6048,404812,,,,,,,,,,0.094,15491.978,Pinned,Device,NVIDIA A100-SXM4-40GB MIG 4g.20gb (0),1,,13,[CUDA memcpy Host-to-Device]
5786053808,47039,404813,,,,,,,,,,35.810,761247.279,Device,,NVIDIA A100-SXM4-40GB MIG 4g.20gb (0),1,,13,[CUDA memset]
5786101455,6176,404815,,,,,,,,,,0.000,12.953,Pinned,Device,NVIDIA A100-SXM4-40GB MIG 4g.20gb (0),1,,13,[CUDA memcpy Host-to-Device]
5786113775,14272,404816,,,,,,,,,,0.197,13775.733,Pinned,Device,NVIDIA A100-SXM4-40GB MIG 4g.20gb (0),1,,13,[CUDA memcpy Host-to-Device]
5786136495,10495,404817,273,1,1,48,1,1,40,0.000,0.001,,,,,NVIDIA A100-SXM4-40GB MIG 4g.20gb (0),1,,13,"void pusch_noise_intf_est::noiseIntfEstNoDftSOfdmKernel<float, __half, float, float, (unsigned int)2, (unsigned int)1, (unsigned char)4, (unsigned char)4>(pusch_noise_intf_est::puschRxNoiseIntfEstDynDescr)"
5786149230,2944,404828,35,1,1,128,1,1,16,0.000,0.000,,,,,NVIDIA A100-SXM4-40GB MIG 4g.20gb (0),1,,13,cupy_copy__complex64_complex64
5786166286,1824,404837,1,1,1,1,1,1,18,0.000,0.000,,,,,NVIDIA A100-SXM4-40GB MIG 4g.20gb (0),1,,13,cupy_copy__float32_float32
5786197518,1600,404843,,,,,,,,,,0.000,2.500,Device,Pageable,NVIDIA A100-SXM4-40GB MIG 4g.20gb (0),1,,7,[CUDA memcpy Device-to-Host]
5786257613,13088,404854,1434,1,1,128,1,1,16,0.000,0.000,,,,,NVIDIA A100-SXM4-40GB MIG 4g.20gb (0),1,,13,cupy_copy__complex64_complex64
5786284813,2944,404861,103,1,1,128,1,1,16,0.000,0.000,,,,,NVIDIA A100-SXM4-40GB MIG 4g.20gb (0),1,,13,cupy_copy__complex64_complex64
5786305228,2272,404868,35,1,1,128,1,1,16,0.000,0.000,,,,,NVIDIA A100-SXM4-40GB MIG 4g.20gb (0),1,,13,cupy_copy__complex64_complex64
5786323852,1952,404875,1,1,1,1,1,1,18,0.000,0.000,,,,,NVIDIA A100-SXM4-40GB MIG 4g.20gb (0),1,,13,cupy_copy__float32_float32
5786454219,81759,404886,1,1,1,32,32,1,30,0.000,0.000,,,,,NVIDIA A100-SXM4-40GB MIG 4g.20gb (0),1,,13,"void convert_kernel<__half2, float2>(tensor_layout_any, T1 *, tensor_layout_any, const T2 *)"
5786563113,6144,404889,,,,,,,,,,0.094,15249.961,Pinned,Device,NVIDIA A100-SXM4-40GB MIG 4g.20gb (0),1,,13,[CUDA memcpy Host-to-Device]
5786578025,3168,404890,,,,,,,,,,1.547,488201.145,Device,,NVIDIA A100-SXM4-40GB MIG 4g.20gb (0),1,,13,[CUDA memset]
5786584041,3712,404895,,,,,,,,,,0.031,8431.017,Pinned,Device,NVIDIA A100-SXM4-40GB MIG 4g.20gb (0),1,,13,[CUDA memcpy Host-to-Device]
5786590569,10016,404896,,,,,,,,,,0.197,19629.343,Pinned,Device,NVIDIA A100-SXM4-40GB MIG 4g.20gb (0),1,,13,[CUDA memcpy Host-to-Device]
5786606505,6144,404897,273,1,1,8,4,1,39,0.002,0.000,,,,,NVIDIA A100-SXM4-40GB MIG 4g.20gb (0),1,,13,"void channel_eq::eqMmseCoefCompLowMimoKernel<float, float, float, (unsigned int)4, (unsigned int)1, (unsigned int)4>(const channel_eq::_puschRxChEqStatDescr *, channel_eq::_puschRxChEqCoefCompDynDescr)"
5786613609,6560,404898,273,1,1,12,11,1,51,0.002,0.000,,,,,NVIDIA A100-SXM4-40GB MIG 4g.20gb (0),1,,13,"void channel_eq::eqMmseSoftDemapKernel<float, __half, __half, float, (unsigned int)4, (unsigned short)16383>(channel_eq::_puschRxChEqStatDescr *, channel_eq::_puschRxChEqSoftDemapDynDescr)"
5786621193,282556,404899,1,1,1,32,32,1,30,0.000,0.000,,,,,NVIDIA A100-SXM4-40GB MIG 4g.20gb (0),1,,13,"void convert_kernel<float2, __half2>(tensor_layout_any, T1 *, tensor_layout_any, const T2 *)"
5786907781,10784,404911,2253,1,1,128,1,1,16,0.000,0.000,,,,,NVIDIA A100-SXM4-40GB MIG 4g.20gb (0),1,,13,cupy_copy__float16_float16
5786921861,3552,404920,282,1,1,128,1,1,16,0.000,0.000,,,,,NVIDIA A100-SXM4-40GB MIG 4g.20gb (0),1,,13,cupy_copy__complex64_complex64
5786926373,2048,404929,26,1,1,128,1,1,16,0.000,0.000,,,,,NVIDIA A100-SXM4-40GB MIG 4g.20gb (0),1,,13,cupy_copy__float32_float32
5786932357,2912,404938,103,1,1,128,1,1,16,0.000,0.000,,,,,NVIDIA A100-SXM4-40GB MIG 4g.20gb (0),1,,13,cupy_copy__complex64_complex64
5786938469,11967,404948,1434,1,1,128,1,1,16,0.000,0.000,,,,,NVIDIA A100-SXM4-40GB MIG 4g.20gb (0),1,,13,cupy_copy__complex64_complex64
5786961828,87359,404953,1,1,1,32,32,1,30,0.000,0.000,,,,,NVIDIA A100-SXM4-40GB MIG 4g.20gb (0),1,,13,"void convert_kernel<__half2, float2>(tensor_layout_any, T1 *, tensor_layout_any, const T2 *)"
5787076547,5632,404956,,,,,,,,,,0.094,16636.287,Pinned,Device,NVIDIA A100-SXM4-40GB MIG 4g.20gb (0),1,,13,[CUDA memcpy Host-to-Device]
5787086755,599128,404957,,,,,,,,,,456.561,762001.043,Device,,NVIDIA A100-SXM4-40GB MIG 4g.20gb (0),1,,13,[CUDA memset]
5787691867,148255,404962,,,,,,,,,,1.235,8329.697,Pinned,Device,NVIDIA A100-SXM4-40GB MIG 4g.20gb (0),1,,13,[CUDA memcpy Host-to-Device]
5787852857,38752,404963,,,,,,,,,,0.197,5073.469,Pinned,Device,NVIDIA A100-SXM4-40GB MIG 4g.20gb (0),1,,13,[CUDA memcpy Host-to-Device]
5787914553,8383,404964,69,4,1,48,1,1,76,0.002,0.000,,,,,NVIDIA A100-SXM4-40GB MIG 4g.20gb (0),1,,13,"void ch_est::windowedChEstPreNoDftSOfdmKernel<float, __half, float, (unsigned int)2, (unsigned int)1, (unsigned short)4>(ch_est::puschRxChEstStatDescr_t *, ch_est::puschRxChEstDynDescr_t *)"
5787932568,6880,404965,137,2,1,24,2,1,44,0.001,0.001,,,,,NVIDIA A100-SXM4-40GB MIG 4g.20gb (0),1,,13,"void ch_est::chEstFilterNoDftSOfdmDispatchKernel<float, __half, float, (unsigned int)2>(ch_est::puschRxChEstStatDescr_t *, ch_est::puschRxChEstDynDescr_t *)"
5787952056,4640,404966,137,2,1,24,2,1,44,0.001,0.001,,,,,NVIDIA A100-SXM4-40GB MIG 4g.20gb (0),1,,13,"void ch_est::chEstFilterNoDftSOfdmDispatchKernel<float, __half, float, (unsigned int)2>(ch_est::puschRxChEstStatDescr_t *, ch_est::puschRxChEstDynDescr_t *)"
5787969048,2720,404977,103,1,1,128,1,1,16,0.000,0.000,,,,,NVIDIA A100-SXM4-40GB MIG 4g.20gb (0),1,,13,cupy_copy__complex64_complex64
5787985976,12352,404987,1434,1,1,128,1,1,16,0.000,0.000,,,,,NVIDIA A100-SXM4-40GB MIG 4g.20gb (0),1,,13,cupy_copy__complex64_complex64
5788004471,2912,404994,103,1,1,128,1,1,16,0.000,0.000,,,,,NVIDIA A100-SXM4-40GB MIG 4g.20gb (0),1,,13,cupy_copy__complex64_complex64
5788028567,90751,405001,1,1,1,32,32,1,30,0.000,0.000,,,,,NVIDIA A100-SXM4-40GB MIG 4g.20gb (0),1,,13,"void convert_kernel<__half2, float2>(tensor_layout_any, T1 *, tensor_layout_any, const T2 *)"
5788150166,14944,405004,,,,,,,,,,0.094,6269.762,Pinned,Device,NVIDIA A100-SXM4-40GB MIG 4g.20gb (0),1,,13,[CUDA memcpy Host-to-Device]
5788172501,47712,405005,,,,,,,,,,35.810,750540.113,Device,,NVIDIA A100-SXM4-40GB MIG 4g.20gb (0),1,,13,[CUDA memset]
5788223445,6752,405007,,,,,,,,,,0.000,11.848,Pinned,Device,NVIDIA A100-SXM4-40GB MIG 4g.20gb (0),1,,13,[CUDA memcpy Host-to-Device]
5788235349,15039,405008,,,,,,,,,,0.197,13073.056,Pinned,Device,NVIDIA A100-SXM4-40GB MIG 4g.20gb (0),1,,13,[CUDA memcpy Host-to-Device]
5788261620,9824,405009,273,1,1,48,1,1,40,0.000,0.001,,,,,NVIDIA A100-SXM4-40GB MIG 4g.20gb (0),1,,13,"void pusch_noise_intf_est::noiseIntfEstNoDftSOfdmKernel<float, __half, float, float, (unsigned int)2, (unsigned int)1, (unsigned char)4, (unsigned char)4>(pusch_noise_intf_est::puschRxNoiseIntfEstDynDescr)"
5788277236,2560,405020,35,1,1,128,1,1,16,0.000,0.000,,,,,NVIDIA A100-SXM4-40GB MIG 4g.20gb (0),1,,13,cupy_copy__complex64_complex64
5788283604,1792,405029,1,1,1,1,1,1,18,0.000,0.000,,,,,NVIDIA A100-SXM4-40GB MIG 4g.20gb (0),1,,13,cupy_copy__float32_float32
5788303220,1952,405035,,,,,,,,,,0.000,2.049,Device,Pageable,NVIDIA A100-SXM4-40GB MIG 4g.20gb (0),1,,7,[CUDA memcpy Device-to-Host]
5788364851,12576,405046,1434,1,1,128,1,1,16,0.000,0.000,,,,,NVIDIA A100-SXM4-40GB MIG 4g.20gb (0),1,,13,cupy_copy__complex64_complex64
5788390163,3392,405053,103,1,1,128,1,1,16,0.000,0.000,,,,,NVIDIA A100-SXM4-40GB MIG 4g.20gb (0),1,,13,cupy_copy__complex64_complex64
5788410674,2176,405060,35,1,1,128,1,1,16,0.000,0.000,,,,,NVIDIA A100-SXM4-40GB MIG 4g.20gb (0),1,,13,cupy_copy__complex64_complex64
5788429714,1984,405067,1,1,1,1,1,1,18,0.000,0.000,,,,,NVIDIA A100-SXM4-40GB MIG 4g.20gb (0),1,,13,cupy_copy__float32_float32
5788561073,82559,405078,1,1,1,32,32,1,30,0.000,0.000,,,,,NVIDIA A100-SXM4-40GB MIG 4g.20gb (0),1,,13,"void convert_kernel<__half2, float2>(tensor_layout_any, T1 *, tensor_layout_any, const T2 *)"
5788672143,6112,405081,,,,,,,,,,0.094,15329.790,Pinned,Device,NVIDIA A100-SXM4-40GB MIG 4g.20gb (0),1,,13,[CUDA memcpy Host-to-Device]
5788688079,3424,405082,,,,,,,,,,1.547,451700.819,Device,,NVIDIA A100-SXM4-40GB MIG 4g.20gb (0),1,,13,[CUDA memset]
5788693135,3040,405087,,,,,,,,,,0.031,10294.725,Pinned,Device,NVIDIA A100-SXM4-40GB MIG 4g.20gb (0),1,,13,[CUDA memcpy Host-to-Device]
5788698607,9792,405088,,,,,,,,,,0.197,20078.395,Pinned,Device,NVIDIA A100-SXM4-40GB MIG 4g.20gb (0),1,,13,[CUDA memcpy Host-to-Device]
5788713487,8416,405089,273,1,1,8,4,1,39,0.002,0.000,,,,,NVIDIA A100-SXM4-40GB MIG 4g.20gb (0),1,,13,"void channel_eq::eqMmseCoefCompLowMimoKernel<float, float, float, (unsigned int)4, (unsigned int)1, (unsigned int)4>(const channel_eq::_puschRxChEqStatDescr *, channel_eq::_puschRxChEqCoefCompDynDescr)"
5788725007,5952,405090,273,1,1,12,11,1,51,0.002,0.000,,,,,NVIDIA A100-SXM4-40GB MIG 4g.20gb (0),1,,13,"void channel_eq::eqMmseSoftDemapKernel<float, __half, __half, float, (unsigned int)4, (unsigned short)16383>(channel_eq::_puschRxChEqStatDescr *, channel_eq::_puschRxChEqSoftDemapDynDescr)"
5788734095,280092,405091,1,1,1,32,32,1,30,0.000,0.000,,,,,NVIDIA A100-SXM4-40GB MIG 4g.20gb (0),1,,13,"void convert_kernel<float2, __half2>(tensor_layout_any, T1 *, tensor_layout_any, const T2 *)"
5789015243,10912,405103,2253,1,1,128,1,1,16,0.000,0.000,,,,,NVIDIA A100-SXM4-40GB MIG 4g.20gb (0),1,,13,cupy_copy__float16_float16
5789029259,2848,405112,282,1,1,128,1,1,16,0.000,0.000,,,,,NVIDIA A100-SXM4-40GB MIG 4g.20gb (0),1,,13,cupy_copy__complex64_complex64
5789035179,2080,405121,26,1,1,128,1,1,16,0.000,0.000,,,,,NVIDIA A100-SXM4-40GB MIG 4g.20gb (0),1,,13,cupy_copy__float32_float32
5789038347,3264,405130,103,1,1,128,1,1,16,0.000,0.000,,,,,NVIDIA A100-SXM4-40GB MIG 4g.20gb (0),1,,13,cupy_copy__complex64_complex64
5789043371,11712,405140,1434,1,1,128,1,1,16,0.000,0.000,,,,,NVIDIA A100-SXM4-40GB MIG 4g.20gb (0),1,,13,cupy_copy__complex64_complex64
5789059850,82175,405145,1,1,1,32,32,1,30,0.000,0.000,,,,,NVIDIA A100-SXM4-40GB MIG 4g.20gb (0),1,,13,"void convert_kernel<__half2, float2>(tensor_layout_any, T1 *, tensor_layout_any, const T2 *)"
5789169193,5344,405148,,,,,,,,,,0.094,17532.864,Pinned,Device,NVIDIA A100-SXM4-40GB MIG 4g.20gb (0),1,,13,[CUDA memcpy Host-to-Device]
5789179625,597625,405149,,,,,,,,,,456.561,763827.289,Device,,NVIDIA A100-SXM4-40GB MIG 4g.20gb (0),1,,13,[CUDA memset]
5789784130,143934,405154,,,,,,,,,,1.235,8579.156,Pinned,Device,NVIDIA A100-SXM4-40GB MIG 4g.20gb (0),1,,13,[CUDA memcpy Host-to-Device]
5789943968,40415,405155,,,,,,,,,,0.197,4864.672,Pinned,Device,NVIDIA A100-SXM4-40GB MIG 4g.20gb (0),1,,13,[CUDA memcpy Host-to-Device]
5790014879,8384,405156,69,4,1,48,1,1,76,0.002,0.000,,,,,NVIDIA A100-SXM4-40GB MIG 4g.20gb (0),1,,13,"void ch_est::windowedChEstPreNoDftSOfdmKernel<float, __half, float, (unsigned int)2, (unsigned int)1, (unsigned short)4>(ch_est::puschRxChEstStatDescr_t *, ch_est::puschRxChEstDynDescr_t *)"
5790034430,6624,405157,137,2,1,24,2,1,44,0.001,0.001,,,,,NVIDIA A100-SXM4-40GB MIG 4g.20gb (0),1,,13,"void ch_est::chEstFilterNoDftSOfdmDispatchKernel<float, __half, float, (unsigned int)2>(ch_est::puschRxChEstStatDescr_t *, ch_est::puschRxChEstDynDescr_t *)"
5790051134,4736,405158,137,2,1,24,2,1,44,0.001,0.001,,,,,NVIDIA A100-SXM4-40GB MIG 4g.20gb (0),1,,13,"void ch_est::chEstFilterNoDftSOfdmDispatchKernel<float, __half, float, (unsigned int)2>(ch_est::puschRxChEstStatDescr_t *, ch_est::puschRxChEstDynDescr_t *)"
5790070718,2688,405169,103,1,1,128,1,1,16,0.000,0.000,,,,,NVIDIA A100-SXM4-40GB MIG 4g.20gb (0),1,,13,cupy_copy__complex64_complex64
5790087518,12672,405179,1434,1,1,128,1,1,16,0.000,0.000,,,,,NVIDIA A100-SXM4-40GB MIG 4g.20gb (0),1,,13,cupy_copy__complex64_complex64
5790107006,2944,405186,103,1,1,128,1,1,16,0.000,0.000,,,,,NVIDIA A100-SXM4-40GB MIG 4g.20gb (0),1,,13,cupy_copy__complex64_complex64
5790125789,89279,405193,1,1,1,32,32,1,30,0.000,0.000,,,,,NVIDIA A100-SXM4-40GB MIG 4g.20gb (0),1,,13,"void convert_kernel<__half2, float2>(tensor_layout_any, T1 *, tensor_layout_any, const T2 *)"
5790247964,27328,405196,,,,,,,,,,0.094,3428.524,Pinned,Device,NVIDIA A100-SXM4-40GB MIG 4g.20gb (0),1,,13,[CUDA memcpy Host-to-Device]
5790300827,46432,405197,,,,,,,,,,35.810,771202.437,Device,,NVIDIA A100-SXM4-40GB MIG 4g.20gb (0),1,,13,[CUDA memset]
5790357339,13631,405199,,,,,,,,,,0.000,5.869,Pinned,Device,NVIDIA A100-SXM4-40GB MIG 4g.20gb (0),1,,13,[CUDA memcpy Host-to-Device]
5790381786,30048,405200,,,,,,,,,,0.197,6543.114,Pinned,Device,NVIDIA A100-SXM4-40GB MIG 4g.20gb (0),1,,13,[CUDA memcpy Host-to-Device]
5790430714,9727,405201,273,1,1,48,1,1,40,0.000,0.001,,,,,NVIDIA A100-SXM4-40GB MIG 4g.20gb (0),1,,13,"void pusch_noise_intf_est::noiseIntfEstNoDftSOfdmKernel<float, __half, float, float, (unsigned int)2, (unsigned int)1, (unsigned char)4, (unsigned char)4>(pusch_noise_intf_est::puschRxNoiseIntfEstDynDescr)"
5790446777,2816,405212,35,1,1,128,1,1,16,0.000,0.000,,,,,NVIDIA A100-SXM4-40GB MIG 4g.20gb (0),1,,13,cupy_copy__complex64_complex64
5790464185,1728,405221,1,1,1,1,1,1,18,0.000,0.000,,,,,NVIDIA A100-SXM4-40GB MIG 4g.20gb (0),1,,13,cupy_copy__float32_float32
5790470265,5856,405227,,,,,,,,,,0.000,0.683,Device,Pageable,NVIDIA A100-SXM4-40GB MIG 4g.20gb (0),1,,7,[CUDA memcpy Device-to-Host]
5790570808,12608,405238,1434,1,1,128,1,1,16,0.000,0.000,,,,,NVIDIA A100-SXM4-40GB MIG 4g.20gb (0),1,,13,cupy_copy__complex64_complex64
5790592472,3328,405245,103,1,1,128,1,1,16,0.000,0.000,,,,,NVIDIA A100-SXM4-40GB MIG 4g.20gb (0),1,,13,cupy_copy__complex64_complex64
5790608727,2592,405252,35,1,1,128,1,1,16,0.000,0.000,,,,,NVIDIA A100-SXM4-40GB MIG 4g.20gb (0),1,,13,cupy_copy__complex64_complex64
5790625303,1760,405259,1,1,1,1,1,1,18,0.000,0.000,,,,,NVIDIA A100-SXM4-40GB MIG 4g.20gb (0),1,,13,cupy_copy__float32_float32
5790756374,86879,405270,1,1,1,32,32,1,30,0.000,0.000,,,,,NVIDIA A100-SXM4-40GB MIG 4g.20gb (0),1,,13,"void convert_kernel<__half2, float2>(tensor_layout_any, T1 *, tensor_layout_any, const T2 *)"
5790874388,5696,405273,,,,,,,,,,0.094,16449.363,Pinned,Device,NVIDIA A100-SXM4-40GB MIG 4g.20gb (0),1,,13,[CUDA memcpy Host-to-Device]
5790889940,3488,405274,,,,,,,,,,1.547,443412.461,Device,,NVIDIA A100-SXM4-40GB MIG 4g.20gb (0),1,,13,[CUDA memset]
5790896052,3008,405279,,,,,,,,,,0.031,10404.230,Pinned,Device,NVIDIA A100-SXM4-40GB MIG 4g.20gb (0),1,,13,[CUDA memcpy Host-to-Device]
5790901812,9760,405280,,,,,,,,,,0.197,20144.259,Pinned,Device,NVIDIA A100-SXM4-40GB MIG 4g.20gb (0),1,,13,[CUDA memcpy Host-to-Device]
5790916564,6304,405281,273,1,1,8,4,1,39,0.002,0.000,,,,,NVIDIA A100-SXM4-40GB MIG 4g.20gb (0),1,,13,"void channel_eq::eqMmseCoefCompLowMimoKernel<float, float, float, (unsigned int)4, (unsigned int)1, (unsigned int)4>(const channel_eq::_puschRxChEqStatDescr *, channel_eq::_puschRxChEqCoefCompDynDescr)"
5790926195,5696,405282,273,1,1,12,11,1,51,0.002,0.000,,,,,NVIDIA A100-SXM4-40GB MIG 4g.20gb (0),1,,13,"void channel_eq::eqMmseSoftDemapKernel<float, __half, __half, float, (unsigned int)4, (unsigned short)16383>(channel_eq::_puschRxChEqStatDescr *, channel_eq::_puschRxChEqSoftDemapDynDescr)"
5790933683,282781,405283,1,1,1,32,32,1,30,0.000,0.000,,,,,NVIDIA A100-SXM4-40GB MIG 4g.20gb (0),1,,13,"void convert_kernel<float2, __half2>(tensor_layout_any, T1 *, tensor_layout_any, const T2 *)"
5791219088,10976,405295,2253,1,1,128,1,1,16,0.000,0.000,,,,,NVIDIA A100-SXM4-40GB MIG 4g.20gb (0),1,,13,cupy_copy__float16_float16
5791234608,2912,405304,282,1,1,128,1,1,16,0.000,0.000,,,,,NVIDIA A100-SXM4-40GB MIG 4g.20gb (0),1,,13,cupy_copy__complex64_complex64
5791240816,2016,405313,26,1,1,128,1,1,16,0.000,0.000,,,,,NVIDIA A100-SXM4-40GB MIG 4g.20gb (0),1,,13,cupy_copy__float32_float32
5791245008,3168,405322,103,1,1,128,1,1,16,0.000,0.000,,,,,NVIDIA A100-SXM4-40GB MIG 4g.20gb (0),1,,13,cupy_copy__complex64_complex64
5791249168,11839,405332,1434,1,1,128,1,1,16,0.000,0.000,,,,,NVIDIA A100-SXM4-40GB MIG 4g.20gb (0),1,,13,cupy_copy__complex64_complex64
5791270735,87647,405337,1,1,1,32,32,1,30,0.000,0.000,,,,,NVIDIA A100-SXM4-40GB MIG 4g.20gb (0),1,,13,"void convert_kernel<__half2, float2>(tensor_layout_any, T1 *, tensor_layout_any, const T2 *)"
5791385614,6272,405340,,,,,,,,,,0.094,14938.703,Pinned,Device,NVIDIA A100-SXM4-40GB MIG 4g.20gb (0),1,,13,[CUDA memcpy Host-to-Device]
5791395918,597464,405341,,,,,,,,,,456.561,763827.289,Device,,NVIDIA A100-SXM4-40GB MIG 4g.20gb (0),1,,13,[CUDA memset]
5792001126,79551,405346,,,,,,,,,,1.235,15523.246,Pinned,Device,NVIDIA A100-SXM4-40GB MIG 4g.20gb (0),1,,13,[CUDA memcpy Host-to-Device]
5792086501,20544,405347,,,,,,,,,,0.197,9570.091,Pinned,Device,NVIDIA A100-SXM4-40GB MIG 4g.20gb (0),1,,13,[CUDA memcpy Host-to-Device]
5792114693,9248,405348,69,4,1,48,1,1,76,0.002,0.000,,,,,NVIDIA A100-SXM4-40GB MIG 4g.20gb (0),1,,13,"void ch_est::windowedChEstPreNoDftSOfdmKernel<float, __half, float, (unsigned int)2, (unsigned int)1, (unsigned short)4>(ch_est::puschRxChEstStatDescr_t *, ch_est::puschRxChEstDynDescr_t *)"
5792126629,7296,405349,137,2,1,24,2,1,44,0.001,0.001,,,,,NVIDIA A100-SXM4-40GB MIG 4g.20gb (0),1,,13,"void ch_est::chEstFilterNoDftSOfdmDispatchKernel<float, __half, float, (unsigned int)2>(ch_est::puschRxChEstStatDescr_t *, ch_est::puschRxChEstDynDescr_t *)"
5792135845,6304,405350,137,2,1,24,2,1,44,0.001,0.001,,,,,NVIDIA A100-SXM4-40GB MIG 4g.20gb (0),1,,13,"void ch_est::chEstFilterNoDftSOfdmDispatchKernel<float, __half, float, (unsigned int)2>(ch_est::puschRxChEstStatDescr_t *, ch_est::puschRxChEstDynDescr_t *)"
5792144708,2496,405361,103,1,1,128,1,1,16,0.000,0.000,,,,,NVIDIA A100-SXM4-40GB MIG 4g.20gb (0),1,,13,cupy_copy__complex64_complex64
5792149572,12928,405371,1434,1,1,128,1,1,16,0.000,0.000,,,,,NVIDIA A100-SXM4-40GB MIG 4g.20gb (0),1,,13,cupy_copy__complex64_complex64
5792166532,3072,405378,103,1,1,128,1,1,16,0.000,0.000,,,,,NVIDIA A100-SXM4-40GB MIG 4g.20gb (0),1,,13,cupy_copy__complex64_complex64
5792172004,87231,405385,1,1,1,32,32,1,30,0.000,0.000,,,,,NVIDIA A100-SXM4-40GB MIG 4g.20gb (0),1,,13,"void convert_kernel<__half2, float2>(tensor_layout_any, T1 *, tensor_layout_any, const T2 *)"
5792286819,6080,405388,,,,,,,,,,0.094,15410.462,Pinned,Device,NVIDIA A100-SXM4-40GB MIG 4g.20gb (0),1,,13,[CUDA memcpy Host-to-Device]
5792300259,47551,405389,,,,,,,,,,35.810,753082.618,Device,,NVIDIA A100-SXM4-40GB MIG 4g.20gb (0),1,,13,[CUDA memset]
5792352034,4160,405391,,,,,,,,,,0.000,19.231,Pinned,Device,NVIDIA A100-SXM4-40GB MIG 4g.20gb (0),1,,13,[CUDA memcpy Host-to-Device]
5792360226,14048,405392,,,,,,,,,,0.197,13995.344,Pinned,Device,NVIDIA A100-SXM4-40GB MIG 4g.20gb (0),1,,13,[CUDA memcpy Host-to-Device]
5792384290,9759,405393,273,1,1,48,1,1,40,0.000,0.001,,,,,NVIDIA A100-SXM4-40GB MIG 4g.20gb (0),1,,13,"void pusch_noise_intf_est::noiseIntfEstNoDftSOfdmKernel<float, __half, float, float, (unsigned int)2, (unsigned int)1, (unsigned char)4, (unsigned char)4>(pusch_noise_intf_est::puschRxNoiseIntfEstDynDescr)"
5792398529,2816,405404,35,1,1,128,1,1,16,0.000,0.000,,,,,NVIDIA A100-SXM4-40GB MIG 4g.20gb (0),1,,13,cupy_copy__complex64_complex64
5792405153,1952,405413,1,1,1,1,1,1,18,0.000,0.000,,,,,NVIDIA A100-SXM4-40GB MIG 4g.20gb (0),1,,13,cupy_copy__float32_float32
5792436481,1568,405419,,,,,,,,,,0.000,2.551,Device,Pageable,NVIDIA A100-SXM4-40GB MIG 4g.20gb (0),1,,7,[CUDA memcpy Device-to-Host]
5792496160,12672,405430,1434,1,1,128,1,1,16,0.000,0.000,,,,,NVIDIA A100-SXM4-40GB MIG 4g.20gb (0),1,,13,cupy_copy__complex64_complex64
5792522784,2976,405437,103,1,1,128,1,1,16,0.000,0.000,,,,,NVIDIA A100-SXM4-40GB MIG 4g.20gb (0),1,,13,cupy_copy__complex64_complex64
5792543136,2176,405444,35,1,1,128,1,1,16,0.000,0.000,,,,,NVIDIA A100-SXM4-40GB MIG 4g.20gb (0),1,,13,cupy_copy__complex64_complex64
5792562463,1888,405451,1,1,1,1,1,1,18,0.000,0.000,,,,,NVIDIA A100-SXM4-40GB MIG 4g.20gb (0),1,,13,cupy_copy__float32_float32
5792691390,81823,405462,1,1,1,32,32,1,30,0.000,0.000,,,,,NVIDIA A100-SXM4-40GB MIG 4g.20gb (0),1,,13,"void convert_kernel<__half2, float2>(tensor_layout_any, T1 *, tensor_layout_any, const T2 *)"
5792800188,5792,405465,,,,,,,,,,0.094,16176.708,Pinned,Device,NVIDIA A100-SXM4-40GB MIG 4g.20gb (0),1,,13,[CUDA memcpy Host-to-Device]
5792813884,3296,405466,,,,,,,,,,1.547,469242.628,Device,,NVIDIA A100-SXM4-40GB MIG 4g.20gb (0),1,,13,[CUDA memset]
5792820924,3360,405471,,,,,,,,,,0.031,9314.284,Pinned,Device,NVIDIA A100-SXM4-40GB MIG 4g.20gb (0),1,,13,[CUDA memcpy Host-to-Device]
5792826844,10240,405472,,,,,,,,,,0.197,19199.951,Pinned,Device,NVIDIA A100-SXM4-40GB MIG 4g.20gb (0),1,,13,[CUDA memcpy Host-to-Device]
5792841692,6048,405473,273,1,1,8,4,1,39,0.002,0.000,,,,,NVIDIA A100-SXM4-40GB MIG 4g.20gb (0),1,,13,"void channel_eq::eqMmseCoefCompLowMimoKernel<float, float, float, (unsigned int)4, (unsigned int)1, (unsigned int)4>(const channel_eq::_puschRxChEqStatDescr *, channel_eq::_puschRxChEqCoefCompDynDescr)"
5792848828,5440,405474,273,1,1,12,11,1,51,0.002,0.000,,,,,NVIDIA A100-SXM4-40GB MIG 4g.20gb (0),1,,13,"void channel_eq::eqMmseSoftDemapKernel<float, __half, __half, float, (unsigned int)4, (unsigned short)16383>(channel_eq::_puschRxChEqStatDescr *, channel_eq::_puschRxChEqSoftDemapDynDescr)"
5792855260,282428,405475,1,1,1,32,32,1,30,0.000,0.000,,,,,NVIDIA A100-SXM4-40GB MIG 4g.20gb (0),1,,13,"void convert_kernel<float2, __half2>(tensor_layout_any, T1 *, tensor_layout_any, const T2 *)"
5793139512,11104,405487,2253,1,1,128,1,1,16,0.000,0.000,,,,,NVIDIA A100-SXM4-40GB MIG 4g.20gb (0),1,,13,cupy_copy__float16_float16
5793152024,3232,405496,282,1,1,128,1,1,16,0.000,0.000,,,,,NVIDIA A100-SXM4-40GB MIG 4g.20gb (0),1,,13,cupy_copy__complex64_complex64
5793159640,3232,405505,26,1,1,128,1,1,16,0.000,0.000,,,,,NVIDIA A100-SXM4-40GB MIG 4g.20gb (0),1,,13,cupy_copy__float32_float32
5793164536,4608,405514,103,1,1,128,1,1,16,0.000,0.000,,,,,NVIDIA A100-SXM4-40GB MIG 4g.20gb (0),1,,13,cupy_copy__complex64_complex64
5793170232,12000,405524,1434,1,1,128,1,1,16,0.000,0.000,,,,,NVIDIA A100-SXM4-40GB MIG 4g.20gb (0),1,,13,cupy_copy__complex64_complex64
5793189496,87519,405529,1,1,1,32,32,1,30,0.000,0.000,,,,,NVIDIA A100-SXM4-40GB MIG 4g.20gb (0),1,,13,"void convert_kernel<__half2, float2>(tensor_layout_any, T1 *, tensor_layout_any, const T2 *)"
5793304790,5664,405532,,,,,,,,,,0.094,16542.310,Pinned,Device,NVIDIA A100-SXM4-40GB MIG 4g.20gb (0),1,,13,[CUDA memcpy Host-to-Device]
5793314166,599449,405533,,,,,,,,,,456.561,761544.482,Device,,NVIDIA A100-SXM4-40GB MIG 4g.20gb (0),1,,13,[CUDA memset]
5793923599,148542,405538,,,,,,,,,,1.235,8313.643,Pinned,Device,NVIDIA A100-SXM4-40GB MIG 4g.20gb (0),1,,13,[CUDA memcpy Host-to-Device]
5794087789,40863,405539,,,,,,,,,,0.197,4811.391,Pinned,Device,NVIDIA A100-SXM4-40GB MIG 4g.20gb (0),1,,13,[CUDA memcpy Host-to-Device]
5794146316,8480,405540,69,4,1,48,1,1,76,0.002,0.000,,,,,NVIDIA A100-SXM4-40GB MIG 4g.20gb (0),1,,13,"void ch_est::windowedChEstPreNoDftSOfdmKernel<float, __half, float, (unsigned int)2, (unsigned int)1, (unsigned short)4>(ch_est::puschRxChEstStatDescr_t *, ch_est::puschRxChEstDynDescr_t *)"
5794165612,6527,405541,137,2,1,24,2,1,44,0.001,0.001,,,,,NVIDIA A100-SXM4-40GB MIG 4g.20gb (0),1,,13,"void ch_est::chEstFilterNoDftSOfdmDispatchKernel<float, __half, float, (unsigned int)2>(ch_est::puschRxChEstStatDescr_t *, ch_est::puschRxChEstDynDescr_t *)"
5794180747,4768,405542,137,2,1,24,2,1,44,0.001,0.001,,,,,NVIDIA A100-SXM4-40GB MIG 4g.20gb (0),1,,13,"void ch_est::chEstFilterNoDftSOfdmDispatchKernel<float, __half, float, (unsigned int)2>(ch_est::puschRxChEstStatDescr_t *, ch_est::puschRxChEstDynDescr_t *)"
5794196587,2592,405553,103,1,1,128,1,1,16,0.000,0.000,,,,,NVIDIA A100-SXM4-40GB MIG 4g.20gb (0),1,,13,cupy_copy__complex64_complex64
5794209259,12416,405563,1434,1,1,128,1,1,16,0.000,0.000,,,,,NVIDIA A100-SXM4-40GB MIG 4g.20gb (0),1,,13,cupy_copy__complex64_complex64
5794228363,2880,405570,103,1,1,128,1,1,16,0.000,0.000,,,,,NVIDIA A100-SXM4-40GB MIG 4g.20gb (0),1,,13,cupy_copy__complex64_complex64
5794239179,85087,405577,1,1,1,32,32,1,30,0.000,0.000,,,,,NVIDIA A100-SXM4-40GB MIG 4g.20gb (0),1,,13,"void convert_kernel<__half2, float2>(tensor_layout_any, T1 *, tensor_layout_any, const T2 *)"
5794353833,10368,405580,,,,,,,,,,0.094,9036.979,Pinned,Device,NVIDIA A100-SXM4-40GB MIG 4g.20gb (0),1,,13,[CUDA memcpy Host-to-Device]
5794371657,48575,405581,,,,,,,,,,35.810,737183.013,Device,,NVIDIA A100-SXM4-40GB MIG 4g.20gb (0),1,,13,[CUDA memset]
5794425896,4704,405583,,,,,,,,,,0.000,17.007,Pinned,Device,NVIDIA A100-SXM4-40GB MIG 4g.20gb (0),1,,13,[CUDA memcpy Host-to-Device]
5794435496,13120,405584,,,,,,,,,,0.197,14985.265,Pinned,Device,NVIDIA A100-SXM4-40GB MIG 4g.20gb (0),1,,13,[CUDA memcpy Host-to-Device]
5794459432,10144,405585,273,1,1,48,1,1,40,0.000,0.001,,,,,NVIDIA A100-SXM4-40GB MIG 4g.20gb (0),1,,13,"void pusch_noise_intf_est::noiseIntfEstNoDftSOfdmKernel<float, __half, float, float, (unsigned int)2, (unsigned int)1, (unsigned char)4, (unsigned char)4>(pusch_noise_intf_est::puschRxNoiseIntfEstDynDescr)"
5794472584,3328,405596,35,1,1,128,1,1,16,0.000,0.000,,,,,NVIDIA A100-SXM4-40GB MIG 4g.20gb (0),1,,13,cupy_copy__complex64_complex64
5794479272,1792,405605,1,1,1,1,1,1,18,0.000,0.000,,,,,NVIDIA A100-SXM4-40GB MIG 4g.20gb (0),1,,13,cupy_copy__float32_float32
5794502727,1600,405611,,,,,,,,,,0.000,2.500,Device,Pageable,NVIDIA A100-SXM4-40GB MIG 4g.20gb (0),1,,7,[CUDA memcpy Device-to-Host]
5794562311,12640,405622,1434,1,1,128,1,1,16,0.000,0.000,,,,,NVIDIA A100-SXM4-40GB MIG 4g.20gb (0),1,,13,cupy_copy__complex64_complex64
5794589766,3392,405629,103,1,1,128,1,1,16,0.000,0.000,,,,,NVIDIA A100-SXM4-40GB MIG 4g.20gb (0),1,,13,cupy_copy__complex64_complex64
5794609062,2432,405636,35,1,1,128,1,1,16,0.000,0.000,,,,,NVIDIA A100-SXM4-40GB MIG 4g.20gb (0),1,,13,cupy_copy__complex64_complex64
5794628518,1792,405643,1,1,1,1,1,1,18,0.000,0.000,,,,,NVIDIA A100-SXM4-40GB MIG 4g.20gb (0),1,,13,cupy_copy__float32_float32
5794759684,83103,405654,1,1,1,32,32,1,30,0.000,0.000,,,,,NVIDIA A100-SXM4-40GB MIG 4g.20gb (0),1,,13,"void convert_kernel<__half2, float2>(tensor_layout_any, T1 *, tensor_layout_any, const T2 *)"
5794872739,6304,405657,,,,,,,,,,0.094,14862.903,Pinned,Device,NVIDIA A100-SXM4-40GB MIG 4g.20gb (0),1,,13,[CUDA memcpy Host-to-Device]
5794888803,3392,405658,,,,,,,,,,1.547,455961.768,Device,,NVIDIA A100-SXM4-40GB MIG 4g.20gb (0),1,,13,[CUDA memset]
5794894627,3168,405663,,,,,,,,,,0.031,9878.770,Pinned,Device,NVIDIA A100-SXM4-40GB MIG 4g.20gb (0),1,,13,[CUDA memcpy Host-to-Device]
5794900419,9663,405664,,,,,,,,,,0.197,20346.372,Pinned,Device,NVIDIA A100-SXM4-40GB MIG 4g.20gb (0),1,,13,[CUDA memcpy Host-to-Device]
5794915842,6368,405665,273,1,1,8,4,1,39,0.002,0.000,,,,,NVIDIA A100-SXM4-40GB MIG 4g.20gb (0),1,,13,"void channel_eq::eqMmseCoefCompLowMimoKernel<float, float, float, (unsigned int)4, (unsigned int)1, (unsigned int)4>(const channel_eq::_puschRxChEqStatDescr *, channel_eq::_puschRxChEqCoefCompDynDescr)"
5794923586,5728,405666,273,1,1,12,11,1,51,0.002,0.000,,,,,NVIDIA A100-SXM4-40GB MIG 4g.20gb (0),1,,13,"void channel_eq::eqMmseSoftDemapKernel<float, __half, __half, float, (unsigned int)4, (unsigned short)16383>(channel_eq::_puschRxChEqStatDescr *, channel_eq::_puschRxChEqSoftDemapDynDescr)"
5794930786,294877,405667,1,1,1,32,32,1,30,0.000,0.000,,,,,NVIDIA A100-SXM4-40GB MIG 4g.20gb (0),1,,13,"void convert_kernel<float2, __half2>(tensor_layout_any, T1 *, tensor_layout_any, const T2 *)"
5795228670,10944,405679,2253,1,1,128,1,1,16,0.000,0.000,,,,,NVIDIA A100-SXM4-40GB MIG 4g.20gb (0),1,,13,cupy_copy__float16_float16
5795242718,3360,405688,282,1,1,128,1,1,16,0.000,0.000,,,,,NVIDIA A100-SXM4-40GB MIG 4g.20gb (0),1,,13,cupy_copy__complex64_complex64
5795247518,2144,405697,26,1,1,128,1,1,16,0.000,0.000,,,,,NVIDIA A100-SXM4-40GB MIG 4g.20gb (0),1,,13,cupy_copy__float32_float32
5795250750,2784,405706,103,1,1,128,1,1,16,0.000,0.000,,,,,NVIDIA A100-SXM4-40GB MIG 4g.20gb (0),1,,13,cupy_copy__complex64_complex64
5795256254,12000,405716,1434,1,1,128,1,1,16,0.000,0.000,,,,,NVIDIA A100-SXM4-40GB MIG 4g.20gb (0),1,,13,cupy_copy__complex64_complex64
5795271518,82815,405721,1,1,1,32,32,1,30,0.000,0.000,,,,,NVIDIA A100-SXM4-40GB MIG 4g.20gb (0),1,,13,"void convert_kernel<__half2, float2>(tensor_layout_any, T1 *, tensor_layout_any, const T2 *)"
5795381949,5728,405724,,,,,,,,,,0.094,16357.541,Pinned,Device,NVIDIA A100-SXM4-40GB MIG 4g.20gb (0),1,,13,[CUDA memcpy Host-to-Device]
5795392316,597241,405725,,,,,,,,,,456.561,764283.851,Device,,NVIDIA A100-SXM4-40GB MIG 4g.20gb (0),1,,13,[CUDA memset]
5795995381,124351,405730,,,,,,,,,,1.235,9930.185,Pinned,Device,NVIDIA A100-SXM4-40GB MIG 4g.20gb (0),1,,13,[CUDA memcpy Host-to-Device]
5796135923,40512,405731,,,,,,,,,,0.197,4853.072,Pinned,Device,NVIDIA A100-SXM4-40GB MIG 4g.20gb (0),1,,13,[CUDA memcpy Host-to-Device]
5796198195,8575,405732,69,4,1,48,1,1,76,0.002,0.000,,,,,NVIDIA A100-SXM4-40GB MIG 4g.20gb (0),1,,13,"void ch_est::windowedChEstPreNoDftSOfdmKernel<float, __half, float, (unsigned int)2, (unsigned int)1, (unsigned short)4>(ch_est::puschRxChEstStatDescr_t *, ch_est::puschRxChEstDynDescr_t *)"
5796215922,6816,405733,137,2,1,24,2,1,44,0.001,0.001,,,,,NVIDIA A100-SXM4-40GB MIG 4g.20gb (0),1,,13,"void ch_est::chEstFilterNoDftSOfdmDispatchKernel<float, __half, float, (unsigned int)2>(ch_est::puschRxChEstStatDescr_t *, ch_est::puschRxChEstDynDescr_t *)"
5796235378,4768,405734,137,2,1,24,2,1,44,0.001,0.001,,,,,NVIDIA A100-SXM4-40GB MIG 4g.20gb (0),1,,13,"void ch_est::chEstFilterNoDftSOfdmDispatchKernel<float, __half, float, (unsigned int)2>(ch_est::puschRxChEstStatDescr_t *, ch_est::puschRxChEstDynDescr_t *)"
5796251890,2720,405745,103,1,1,128,1,1,16,0.000,0.000,,,,,NVIDIA A100-SXM4-40GB MIG 4g.20gb (0),1,,13,cupy_copy__complex64_complex64
5796268626,12352,405755,1434,1,1,128,1,1,16,0.000,0.000,,,,,NVIDIA A100-SXM4-40GB MIG 4g.20gb (0),1,,13,cupy_copy__complex64_complex64
5796287633,2912,405762,103,1,1,128,1,1,16,0.000,0.000,,,,,NVIDIA A100-SXM4-40GB MIG 4g.20gb (0),1,,13,cupy_copy__complex64_complex64
5796309617,83807,405769,1,1,1,32,32,1,30,0.000,0.000,,,,,NVIDIA A100-SXM4-40GB MIG 4g.20gb (0),1,,13,"void convert_kernel<__half2, float2>(tensor_layout_any, T1 *, tensor_layout_any, const T2 *)"
5796427344,24927,405772,,,,,,,,,,0.094,3758.802,Pinned,Device,NVIDIA A100-SXM4-40GB MIG 4g.20gb (0),1,,13,[CUDA memcpy Host-to-Device]
5796477231,46688,405773,,,,,,,,,,35.810,766976.867,Device,,NVIDIA A100-SXM4-40GB MIG 4g.20gb (0),1,,13,[CUDA memset]
5796531118,14144,405775,,,,,,,,,,0.000,5.656,Pinned,Device,NVIDIA A100-SXM4-40GB MIG 4g.20gb (0),1,,13,[CUDA memcpy Host-to-Device]
5796556270,19456,405776,,,,,,,,,,0.197,10105.258,Pinned,Device,NVIDIA A100-SXM4-40GB MIG 4g.20gb (0),1,,13,[CUDA memcpy Host-to-Device]
5796590862,9920,405777,273,1,1,48,1,1,40,0.000,0.001,,,,,NVIDIA A100-SXM4-40GB MIG 4g.20gb (0),1,,13,"void pusch_noise_intf_est::noiseIntfEstNoDftSOfdmKernel<float, __half, float, float, (unsigned int)2, (unsigned int)1, (unsigned char)4, (unsigned char)4>(pusch_noise_intf_est::puschRxNoiseIntfEstDynDescr)"
5796613709,2880,405788,35,1,1,128,1,1,16,0.000,0.000,,,,,NVIDIA A100-SXM4-40GB MIG 4g.20gb (0),1,,13,cupy_copy__complex64_complex64
5796622157,1728,405797,1,1,1,1,1,1,18,0.000,0.000,,,,,NVIDIA A100-SXM4-40GB MIG 4g.20gb (0),1,,13,cupy_copy__float32_float32
5796625133,4640,405803,,,,,,,,,,0.000,0.862,Device,Pageable,NVIDIA A100-SXM4-40GB MIG 4g.20gb (0),1,,7,[CUDA memcpy Device-to-Host]
5796701036,13056,405814,1434,1,1,128,1,1,16,0.000,0.000,,,,,NVIDIA A100-SXM4-40GB MIG 4g.20gb (0),1,,13,cupy_copy__complex64_complex64
5796733164,2912,405821,103,1,1,128,1,1,16,0.000,0.000,,,,,NVIDIA A100-SXM4-40GB MIG 4g.20gb (0),1,,13,cupy_copy__complex64_complex64
5796750700,2592,405828,35,1,1,128,1,1,16,0.000,0.000,,,,,NVIDIA A100-SXM4-40GB MIG 4g.20gb (0),1,,13,cupy_copy__complex64_complex64
5796767180,1952,405835,1,1,1,1,1,1,18,0.000,0.000,,,,,NVIDIA A100-SXM4-40GB MIG 4g.20gb (0),1,,13,cupy_copy__float32_float32
5796893130,82047,405846,1,1,1,32,32,1,30,0.000,0.000,,,,,NVIDIA A100-SXM4-40GB MIG 4g.20gb (0),1,,13,"void convert_kernel<__half2, float2>(tensor_layout_any, T1 *, tensor_layout_any, const T2 *)"
5797003593,5472,405849,,,,,,,,,,0.094,17122.757,Pinned,Device,NVIDIA A100-SXM4-40GB MIG 4g.20gb (0),1,,13,[CUDA memcpy Host-to-Device]
5797018824,3584,405850,,,,,,,,,,1.547,431534.389,Device,,NVIDIA A100-SXM4-40GB MIG 4g.20gb (0),1,,13,[CUDA memset]
5797026824,3136,405855,,,,,,,,,,0.031,9979.575,Pinned,Device,NVIDIA A100-SXM4-40GB MIG 4g.20gb (0),1,,13,[CUDA memcpy Host-to-Device]
5797032392,10080,405856,,,,,,,,,,0.197,19504.693,Pinned,Device,NVIDIA A100-SXM4-40GB MIG 4g.20gb (0),1,,13,[CUDA memcpy Host-to-Device]
5797046184,6368,405857,273,1,1,8,4,1,39,0.002,0.000,,,,,NVIDIA A100-SXM4-40GB MIG 4g.20gb (0),1,,13,"void channel_eq::eqMmseCoefCompLowMimoKernel<float, float, float, (unsigned int)4, (unsigned int)1, (unsigned int)4>(const channel_eq::_puschRxChEqStatDescr *, channel_eq::_puschRxChEqCoefCompDynDescr)"
5797053512,6432,405858,273,1,1,12,11,1,51,0.002,0.000,,,,,NVIDIA A100-SXM4-40GB MIG 4g.20gb (0),1,,13,"void channel_eq::eqMmseSoftDemapKernel<float, __half, __half, float, (unsigned int)4, (unsigned short)16383>(channel_eq::_puschRxChEqStatDescr *, channel_eq::_puschRxChEqSoftDemapDynDescr)"
5797062664,294492,405859,1,1,1,32,32,1,30,0.000,0.000,,,,,NVIDIA A100-SXM4-40GB MIG 4g.20gb (0),1,,13,"void convert_kernel<float2, __half2>(tensor_layout_any, T1 *, tensor_layout_any, const T2 *)"
5797359812,10944,405871,2253,1,1,128,1,1,16,0.000,0.000,,,,,NVIDIA A100-SXM4-40GB MIG 4g.20gb (0),1,,13,cupy_copy__float16_float16
5797372836,3072,405880,282,1,1,128,1,1,16,0.000,0.000,,,,,NVIDIA A100-SXM4-40GB MIG 4g.20gb (0),1,,13,cupy_copy__complex64_complex64
5797377828,2272,405889,26,1,1,128,1,1,16,0.000,0.000,,,,,NVIDIA A100-SXM4-40GB MIG 4g.20gb (0),1,,13,cupy_copy__float32_float32
5797382852,2976,405898,103,1,1,128,1,1,16,0.000,0.000,,,,,NVIDIA A100-SXM4-40GB MIG 4g.20gb (0),1,,13,cupy_copy__complex64_complex64
5797441411,12128,405914,1434,1,1,128,1,1,16,0.000,0.000,,,,,NVIDIA A100-SXM4-40GB MIG 4g.20gb (0),1,,13,cupy_copy__complex64_complex64
5797555074,82271,405919,1,1,1,32,32,1,30,0.000,0.000,,,,,NVIDIA A100-SXM4-40GB MIG 4g.20gb (0),1,,13,"void convert_kernel<__half2, float2>(tensor_layout_any, T1 *, tensor_layout_any, const T2 *)"
5797664960,5792,405922,,,,,,,,,,0.094,16176.708,Pinned,Device,NVIDIA A100-SXM4-40GB MIG 4g.20gb (0),1,,13,[CUDA memcpy Host-to-Device]
5797677440,596953,405923,,,,,,,,,,456.561,764740.412,Device,,NVIDIA A100-SXM4-40GB MIG 4g.20gb (0),1,,13,[CUDA memset]
5798282265,166046,405928,,,,,,,,,,1.235,7436.833,Pinned,Device,NVIDIA A100-SXM4-40GB MIG 4g.20gb (0),1,,13,[CUDA memcpy Host-to-Device]
5798457815,39263,405929,,,,,,,,,,0.197,5007.409,Pinned,Device,NVIDIA A100-SXM4-40GB MIG 4g.20gb (0),1,,13,[CUDA memcpy Host-to-Device]
5798526550,8128,405930,69,4,1,48,1,1,76,0.002,0.000,,,,,NVIDIA A100-SXM4-40GB MIG 4g.20gb (0),1,,13,"void ch_est::windowedChEstPreNoDftSOfdmKernel<float, __half, float, (unsigned int)2, (unsigned int)1, (unsigned short)4>(ch_est::puschRxChEstStatDescr_t *, ch_est::puschRxChEstDynDescr_t *)"
5798544278,6656,405931,137,2,1,24,2,1,44,0.001,0.001,,,,,NVIDIA A100-SXM4-40GB MIG 4g.20gb (0),1,,13,"void ch_est::chEstFilterNoDftSOfdmDispatchKernel<float, __half, float, (unsigned int)2>(ch_est::puschRxChEstStatDescr_t *, ch_est::puschRxChEstDynDescr_t *)"
5798561589,4736,405932,137,2,1,24,2,1,44,0.001,0.001,,,,,NVIDIA A100-SXM4-40GB MIG 4g.20gb (0),1,,13,"void ch_est::chEstFilterNoDftSOfdmDispatchKernel<float, __half, float, (unsigned int)2>(ch_est::puschRxChEstStatDescr_t *, ch_est::puschRxChEstDynDescr_t *)"
5798579317,2688,405943,103,1,1,128,1,1,16,0.000,0.000,,,,,NVIDIA A100-SXM4-40GB MIG 4g.20gb (0),1,,13,cupy_copy__complex64_complex64
5798596405,12480,405953,1434,1,1,128,1,1,16,0.000,0.000,,,,,NVIDIA A100-SXM4-40GB MIG 4g.20gb (0),1,,13,cupy_copy__complex64_complex64
5798614869,2912,405960,103,1,1,128,1,1,16,0.000,0.000,,,,,NVIDIA A100-SXM4-40GB MIG 4g.20gb (0),1,,13,cupy_copy__complex64_complex64
5798639924,90527,405967,1,1,1,32,32,1,30,0.000,0.000,,,,,NVIDIA A100-SXM4-40GB MIG 4g.20gb (0),1,,13,"void convert_kernel<__half2, float2>(tensor_layout_any, T1 *, tensor_layout_any, const T2 *)"
5798762579,27456,405970,,,,,,,,,,0.094,3412.502,Pinned,Device,NVIDIA A100-SXM4-40GB MIG 4g.20gb (0),1,,13,[CUDA memcpy Host-to-Device]
5798811570,47456,405971,,,,,,,,,,35.810,754586.634,Device,,NVIDIA A100-SXM4-40GB MIG 4g.20gb (0),1,,13,[CUDA memset]
5798865938,11872,405973,,,,,,,,,,0.000,6.738,Pinned,Device,NVIDIA A100-SXM4-40GB MIG 4g.20gb (0),1,,13,[CUDA memcpy Host-to-Device]
5798889649,26560,405974,,,,,,,,,,0.197,7402.291,Pinned,Device,NVIDIA A100-SXM4-40GB MIG 4g.20gb (0),1,,13,[CUDA memcpy Host-to-Device]
5798935665,10144,405975,273,1,1,48,1,1,40,0.000,0.001,,,,,NVIDIA A100-SXM4-40GB MIG 4g.20gb (0),1,,13,"void pusch_noise_intf_est::noiseIntfEstNoDftSOfdmKernel<float, __half, float, float, (unsigned int)2, (unsigned int)1, (unsigned char)4, (unsigned char)4>(pusch_noise_intf_est::puschRxNoiseIntfEstDynDescr)"
5798959857,3135,405986,35,1,1,128,1,1,16,0.000,0.000,,,,,NVIDIA A100-SXM4-40GB MIG 4g.20gb (0),1,,13,cupy_copy__complex64_complex64
5798969328,1760,405995,1,1,1,1,1,1,18,0.000,0.000,,,,,NVIDIA A100-SXM4-40GB MIG 4g.20gb (0),1,,13,cupy_copy__float32_float32
5798971856,5568,406001,,,,,,,,,,0.000,0.718,Device,Pageable,NVIDIA A100-SXM4-40GB MIG 4g.20gb (0),1,,7,[CUDA memcpy Device-to-Host]
5799051951,12768,406012,1434,1,1,128,1,1,16,0.000,0.000,,,,,NVIDIA A100-SXM4-40GB MIG 4g.20gb (0),1,,13,cupy_copy__complex64_complex64
5799074031,2912,406019,103,1,1,128,1,1,16,0.000,0.000,,,,,NVIDIA A100-SXM4-40GB MIG 4g.20gb (0),1,,13,cupy_copy__complex64_complex64
5799098351,2368,406026,35,1,1,128,1,1,16,0.000,0.000,,,,,NVIDIA A100-SXM4-40GB MIG 4g.20gb (0),1,,13,cupy_copy__complex64_complex64
5799114063,1760,406033,1,1,1,1,1,1,18,0.000,0.000,,,,,NVIDIA A100-SXM4-40GB MIG 4g.20gb (0),1,,13,cupy_copy__float32_float32
5799240749,87455,406044,1,1,1,32,32,1,30,0.000,0.000,,,,,NVIDIA A100-SXM4-40GB MIG 4g.20gb (0),1,,13,"void convert_kernel<__half2, float2>(tensor_layout_any, T1 *, tensor_layout_any, const T2 *)"
5799356364,5952,406047,,,,,,,,,,0.094,15741.865,Pinned,Device,NVIDIA A100-SXM4-40GB MIG 4g.20gb (0),1,,13,[CUDA memcpy Host-to-Device]
5799371275,3104,406048,,,,,,,,,,1.547,498266.574,Device,,NVIDIA A100-SXM4-40GB MIG 4g.20gb (0),1,,13,[CUDA memset]
5799377835,3008,406053,,,,,,,,,,0.031,10404.230,Pinned,Device,NVIDIA A100-SXM4-40GB MIG 4g.20gb (0),1,,13,[CUDA memcpy Host-to-Device]
5799383275,10016,406054,,,,,,,,,,0.197,19629.343,Pinned,Device,NVIDIA A100-SXM4-40GB MIG 4g.20gb (0),1,,13,[CUDA memcpy Host-to-Device]
5799398635,6432,406055,273,1,1,8,4,1,39,0.002,0.000,,,,,NVIDIA A100-SXM4-40GB MIG 4g.20gb (0),1,,13,"void channel_eq::eqMmseCoefCompLowMimoKernel<float, float, float, (unsigned int)4, (unsigned int)1, (unsigned int)4>(const channel_eq::_puschRxChEqStatDescr *, channel_eq::_puschRxChEqCoefCompDynDescr)"
5799406091,6272,406056,273,1,1,12,11,1,51,0.002,0.000,,,,,NVIDIA A100-SXM4-40GB MIG 4g.20gb (0),1,,13,"void channel_eq::eqMmseSoftDemapKernel<float, __half, __half, float, (unsigned int)4, (unsigned short)16383>(channel_eq::_puschRxChEqStatDescr *, channel_eq::_puschRxChEqSoftDemapDynDescr)"
5799413291,282844,406057,1,1,1,32,32,1,30,0.000,0.000,,,,,NVIDIA A100-SXM4-40GB MIG 4g.20gb (0),1,,13,"void convert_kernel<float2, __half2>(tensor_layout_any, T1 *, tensor_layout_any, const T2 *)"
5799697287,10944,406069,2253,1,1,128,1,1,16,0.000,0.000,,,,,NVIDIA A100-SXM4-40GB MIG 4g.20gb (0),1,,13,cupy_copy__float16_float16
5799710791,3072,406078,282,1,1,128,1,1,16,0.000,0.000,,,,,NVIDIA A100-SXM4-40GB MIG 4g.20gb (0),1,,13,cupy_copy__complex64_complex64
5799716231,2048,406087,26,1,1,128,1,1,16,0.000,0.000,,,,,NVIDIA A100-SXM4-40GB MIG 4g.20gb (0),1,,13,cupy_copy__float32_float32
5799721383,3744,406096,103,1,1,128,1,1,16,0.000,0.000,,,,,NVIDIA A100-SXM4-40GB MIG 4g.20gb (0),1,,13,cupy_copy__complex64_complex64
5799727431,11904,406106,1434,1,1,128,1,1,16,0.000,0.000,,,,,NVIDIA A100-SXM4-40GB MIG 4g.20gb (0),1,,13,cupy_copy__complex64_complex64
5799744711,82335,406111,1,1,1,32,32,1,30,0.000,0.000,,,,,NVIDIA A100-SXM4-40GB MIG 4g.20gb (0),1,,13,"void convert_kernel<__half2, float2>(tensor_layout_any, T1 *, tensor_layout_any, const T2 *)"
5799854245,5696,406114,,,,,,,,,,0.094,16449.363,Pinned,Device,NVIDIA A100-SXM4-40GB MIG 4g.20gb (0),1,,13,[CUDA memcpy Host-to-Device]
5799864485,597113,406115,,,,,,,,,,456.561,764283.851,Device,,NVIDIA A100-SXM4-40GB MIG 4g.20gb (0),1,,13,[CUDA memset]
5800467454,136446,406120,,,,,,,,,,1.235,9049.670,Pinned,Device,NVIDIA A100-SXM4-40GB MIG 4g.20gb (0),1,,13,[CUDA memcpy Host-to-Device]
5800612988,35072,406121,,,,,,,,,,0.197,5605.687,Pinned,Device,NVIDIA A100-SXM4-40GB MIG 4g.20gb (0),1,,13,[CUDA memcpy Host-to-Device]
5800660572,8479,406122,69,4,1,48,1,1,76,0.002,0.000,,,,,NVIDIA A100-SXM4-40GB MIG 4g.20gb (0),1,,13,"void ch_est::windowedChEstPreNoDftSOfdmKernel<float, __half, float, (unsigned int)2, (unsigned int)1, (unsigned short)4>(ch_est::puschRxChEstStatDescr_t *, ch_est::puschRxChEstDynDescr_t *)"
5800678779,7040,406123,137,2,1,24,2,1,44,0.001,0.001,,,,,NVIDIA A100-SXM4-40GB MIG 4g.20gb (0),1,,13,"void ch_est::chEstFilterNoDftSOfdmDispatchKernel<float, __half, float, (unsigned int)2>(ch_est::puschRxChEstStatDescr_t *, ch_est::puschRxChEstDynDescr_t *)"
5800691227,4768,406124,137,2,1,24,2,1,44,0.001,0.001,,,,,NVIDIA A100-SXM4-40GB MIG 4g.20gb (0),1,,13,"void ch_est::chEstFilterNoDftSOfdmDispatchKernel<float, __half, float, (unsigned int)2>(ch_est::puschRxChEstStatDescr_t *, ch_est::puschRxChEstDynDescr_t *)"
5800702939,2528,406135,103,1,1,128,1,1,16,0.000,0.000,,,,,NVIDIA A100-SXM4-40GB MIG 4g.20gb (0),1,,13,cupy_copy__complex64_complex64
5800717051,12800,406145,1434,1,1,128,1,1,16,0.000,0.000,,,,,NVIDIA A100-SXM4-40GB MIG 4g.20gb (0),1,,13,cupy_copy__complex64_complex64
5800744603,2623,406152,103,1,1,128,1,1,16,0.000,0.000,,,,,NVIDIA A100-SXM4-40GB MIG 4g.20gb (0),1,,13,cupy_copy__complex64_complex64
5800763322,83007,406159,1,1,1,32,32,1,30,0.000,0.000,,,,,NVIDIA A100-SXM4-40GB MIG 4g.20gb (0),1,,13,"void convert_kernel<__half2, float2>(tensor_layout_any, T1 *, tensor_layout_any, const T2 *)"
5800881433,21024,406162,,,,,,,,,,0.094,4456.557,Pinned,Device,NVIDIA A100-SXM4-40GB MIG 4g.20gb (0),1,,13,[CUDA memcpy Host-to-Device]
5800917496,46368,406163,,,,,,,,,,35.810,772276.735,Device,,NVIDIA A100-SXM4-40GB MIG 4g.20gb (0),1,,13,[CUDA memset]
5800969912,8576,406165,,,,,,,,,,0.000,9.328,Pinned,Device,NVIDIA A100-SXM4-40GB MIG 4g.20gb (0),1,,13,[CUDA memcpy Host-to-Device]
5800991703,35680,406166,,,,,,,,,,0.197,5510.136,Pinned,Device,NVIDIA A100-SXM4-40GB MIG 4g.20gb (0),1,,13,[CUDA memcpy Host-to-Device]
5801046871,10208,406167,273,1,1,48,1,1,40,0.000,0.001,,,,,NVIDIA A100-SXM4-40GB MIG 4g.20gb (0),1,,13,"void pusch_noise_intf_est::noiseIntfEstNoDftSOfdmKernel<float, __half, float, float, (unsigned int)2, (unsigned int)1, (unsigned char)4, (unsigned char)4>(pusch_noise_intf_est::puschRxNoiseIntfEstDynDescr)"
5801063223,2624,406178,35,1,1,128,1,1,16,0.000,0.000,,,,,NVIDIA A100-SXM4-40GB MIG 4g.20gb (0),1,,13,cupy_copy__complex64_complex64
5801080118,1728,406187,1,1,1,1,1,1,18,0.000,0.000,,,,,NVIDIA A100-SXM4-40GB MIG 4g.20gb (0),1,,13,cupy_copy__float32_float32
5801084598,7232,406193,,,,,,,,,,0.000,0.553,Device,Pageable,NVIDIA A100-SXM4-40GB MIG 4g.20gb (0),1,,7,[CUDA memcpy Device-to-Host]
5801187509,12576,406204,1434,1,1,128,1,1,16,0.000,0.000,,,,,NVIDIA A100-SXM4-40GB MIG 4g.20gb (0),1,,13,cupy_copy__complex64_complex64
5801211509,2688,406211,103,1,1,128,1,1,16,0.000,0.000,,,,,NVIDIA A100-SXM4-40GB MIG 4g.20gb (0),1,,13,cupy_copy__complex64_complex64
5801229877,2528,406218,35,1,1,128,1,1,16,0.000,0.000,,,,,NVIDIA A100-SXM4-40GB MIG 4g.20gb (0),1,,13,cupy_copy__complex64_complex64
5801251828,1792,406225,1,1,1,1,1,1,18,0.000,0.000,,,,,NVIDIA A100-SXM4-40GB MIG 4g.20gb (0),1,,13,cupy_copy__float32_float32
5801386323,87039,406236,1,1,1,32,32,1,30,0.000,0.000,,,,,NVIDIA A100-SXM4-40GB MIG 4g.20gb (0),1,,13,"void convert_kernel<__half2, float2>(tensor_layout_any, T1 *, tensor_layout_any, const T2 *)"
5801502065,12320,406239,,,,,,,,,,0.094,7605.117,Pinned,Device,NVIDIA A100-SXM4-40GB MIG 4g.20gb (0),1,,13,[CUDA memcpy Host-to-Device]
5801523313,3616,406240,,,,,,,,,,1.547,427715.774,Device,,NVIDIA A100-SXM4-40GB MIG 4g.20gb (0),1,,13,[CUDA memset]
5801533105,5600,406245,,,,,,,,,,0.031,5588.558,Pinned,Device,NVIDIA A100-SXM4-40GB MIG 4g.20gb (0),1,,13,[CUDA memcpy Host-to-Device]
5801545649,13055,406246,,,,,,,,,,0.197,15059.976,Pinned,Device,NVIDIA A100-SXM4-40GB MIG 4g.20gb (0),1,,13,[CUDA memcpy Host-to-Device]
5801567696,8288,406247,273,1,1,8,4,1,39,0.002,0.000,,,,,NVIDIA A100-SXM4-40GB MIG 4g.20gb (0),1,,13,"void channel_eq::eqMmseCoefCompLowMimoKernel<float, float, float, (unsigned int)4, (unsigned int)1, (unsigned int)4>(const channel_eq::_puschRxChEqStatDescr *, channel_eq::_puschRxChEqCoefCompDynDescr)"
5801582704,5504,406248,273,1,1,12,11,1,51,0.002,0.000,,,,,NVIDIA A100-SXM4-40GB MIG 4g.20gb (0),1,,13,"void channel_eq::eqMmseSoftDemapKernel<float, __half, __half, float, (unsigned int)4, (unsigned short)16383>(channel_eq::_puschRxChEqStatDescr *, channel_eq::_puschRxChEqSoftDemapDynDescr)"
5801590384,290077,406249,1,1,1,32,32,1,30,0.000,0.000,,,,,NVIDIA A100-SXM4-40GB MIG 4g.20gb (0),1,,13,"void convert_kernel<float2, __half2>(tensor_layout_any, T1 *, tensor_layout_any, const T2 *)"
5801881837,10879,406261,2253,1,1,128,1,1,16,0.000,0.000,,,,,NVIDIA A100-SXM4-40GB MIG 4g.20gb (0),1,,13,cupy_copy__float16_float16
5801894892,3136,406270,282,1,1,128,1,1,16,0.000,0.000,,,,,NVIDIA A100-SXM4-40GB MIG 4g.20gb (0),1,,13,cupy_copy__complex64_complex64
5801901644,2240,406279,26,1,1,128,1,1,16,0.000,0.000,,,,,NVIDIA A100-SXM4-40GB MIG 4g.20gb (0),1,,13,cupy_copy__float32_float32
5801906508,3072,406288,103,1,1,128,1,1,16,0.000,0.000,,,,,NVIDIA A100-SXM4-40GB MIG 4g.20gb (0),1,,13,cupy_copy__complex64_complex64
5801912428,12160,406298,1434,1,1,128,1,1,16,0.000,0.000,,,,,NVIDIA A100-SXM4-40GB MIG 4g.20gb (0),1,,13,cupy_copy__complex64_complex64
5801927244,87071,406303,1,1,1,32,32,1,30,0.000,0.000,,,,,NVIDIA A100-SXM4-40GB MIG 4g.20gb (0),1,,13,"void convert_kernel<__half2, float2>(tensor_layout_any, T1 *, tensor_layout_any, const T2 *)"
5802040651,5535,406306,,,,,,,,,,0.094,16927.869,Pinned,Device,NVIDIA A100-SXM4-40GB MIG 4g.20gb (0),1,,13,[CUDA memcpy Host-to-Device]
5802051370,596505,406307,,,,,,,,,,456.561,765196.973,Device,,NVIDIA A100-SXM4-40GB MIG 4g.20gb (0),1,,13,[CUDA memset]
5802652675,140158,406312,,,,,,,,,,1.235,8810.090,Pinned,Device,NVIDIA A100-SXM4-40GB MIG 4g.20gb (0),1,,13,[CUDA memcpy Host-to-Device]
5802805281,35552,406313,,,,,,,,,,0.197,5529.993,Pinned,Device,NVIDIA A100-SXM4-40GB MIG 4g.20gb (0),1,,13,[CUDA memcpy Host-to-Device]
5802861760,8032,406314,69,4,1,48,1,1,76,0.002,0.000,,,,,NVIDIA A100-SXM4-40GB MIG 4g.20gb (0),1,,13,"void ch_est::windowedChEstPreNoDftSOfdmKernel<float, __half, float, (unsigned int)2, (unsigned int)1, (unsigned short)4>(ch_est::puschRxChEstStatDescr_t *, ch_est::puschRxChEstDynDescr_t *)"
5802872448,6496,406315,137,2,1,24,2,1,44,0.001,0.001,,,,,NVIDIA A100-SXM4-40GB MIG 4g.20gb (0),1,,13,"void ch_est::chEstFilterNoDftSOfdmDispatchKernel<float, __half, float, (unsigned int)2>(ch_est::puschRxChEstStatDescr_t *, ch_est::puschRxChEstDynDescr_t *)"
5802881312,5088,406316,137,2,1,24,2,1,44,0.001,0.001,,,,,NVIDIA A100-SXM4-40GB MIG 4g.20gb (0),1,,13,"void ch_est::chEstFilterNoDftSOfdmDispatchKernel<float, __half, float, (unsigned int)2>(ch_est::puschRxChEstStatDescr_t *, ch_est::puschRxChEstDynDescr_t *)"
5802891744,2656,406327,103,1,1,128,1,1,16,0.000,0.000,,,,,NVIDIA A100-SXM4-40GB MIG 4g.20gb (0),1,,13,cupy_copy__complex64_complex64
5802900064,12736,406337,1434,1,1,128,1,1,16,0.000,0.000,,,,,NVIDIA A100-SXM4-40GB MIG 4g.20gb (0),1,,13,cupy_copy__complex64_complex64
5802916416,2720,406344,103,1,1,128,1,1,16,0.000,0.000,,,,,NVIDIA A100-SXM4-40GB MIG 4g.20gb (0),1,,13,cupy_copy__complex64_complex64
5802925280,82719,406351,1,1,1,32,32,1,30,0.000,0.000,,,,,NVIDIA A100-SXM4-40GB MIG 4g.20gb (0),1,,13,"void convert_kernel<__half2, float2>(tensor_layout_any, T1 *, tensor_layout_any, const T2 *)"
5803037566,13504,406354,,,,,,,,,,0.094,6938.376,Pinned,Device,NVIDIA A100-SXM4-40GB MIG 4g.20gb (0),1,,13,[CUDA memcpy Host-to-Device]
5803056318,48095,406355,,,,,,,,,,35.810,744559.857,Device,,NVIDIA A100-SXM4-40GB MIG 4g.20gb (0),1,,13,[CUDA memset]
5803111389,8000,406357,,,,,,,,,,0.000,10.000,Pinned,Device,NVIDIA A100-SXM4-40GB MIG 4g.20gb (0),1,,13,[CUDA memcpy Host-to-Device]
5803128317,16224,406358,,,,,,,,,,0.197,12118.327,Pinned,Device,NVIDIA A100-SXM4-40GB MIG 4g.20gb (0),1,,13,[CUDA memcpy Host-to-Device]
5803155357,9920,406359,273,1,1,48,1,1,40,0.000,0.001,,,,,NVIDIA A100-SXM4-40GB MIG 4g.20gb (0),1,,13,"void pusch_noise_intf_est::noiseIntfEstNoDftSOfdmKernel<float, __half, float, float, (unsigned int)2, (unsigned int)1, (unsigned char)4, (unsigned char)4>(pusch_noise_intf_est::puschRxNoiseIntfEstDynDescr)"
5803167933,3008,406370,35,1,1,128,1,1,16,0.000,0.000,,,,,NVIDIA A100-SXM4-40GB MIG 4g.20gb (0),1,,13,cupy_copy__complex64_complex64
5803176925,1760,406379,1,1,1,1,1,1,18,0.000,0.000,,,,,NVIDIA A100-SXM4-40GB MIG 4g.20gb (0),1,,13,cupy_copy__float32_float32
5803191036,6496,406385,,,,,,,,,,0.000,0.616,Device,Pageable,NVIDIA A100-SXM4-40GB MIG 4g.20gb (0),1,,7,[CUDA memcpy Device-to-Host]
5803261692,12799,406396,1434,1,1,128,1,1,16,0.000,0.000,,,,,NVIDIA A100-SXM4-40GB MIG 4g.20gb (0),1,,13,cupy_copy__complex64_complex64
5803289947,3200,406403,103,1,1,128,1,1,16,0.000,0.000,,,,,NVIDIA A100-SXM4-40GB MIG 4g.20gb (0),1,,13,cupy_copy__complex64_complex64
5803309371,2368,406410,35,1,1,128,1,1,16,0.000,0.000,,,,,NVIDIA A100-SXM4-40GB MIG 4g.20gb (0),1,,13,cupy_copy__complex64_complex64
5803331803,1760,406417,1,1,1,1,1,1,18,0.000,0.000,,,,,NVIDIA A100-SXM4-40GB MIG 4g.20gb (0),1,,13,cupy_copy__float32_float32
5803463673,82847,406428,1,1,1,32,32,1,30,0.000,0.000,,,,,NVIDIA A100-SXM4-40GB MIG 4g.20gb (0),1,,13,"void convert_kernel<__half2, float2>(tensor_layout_any, T1 *, tensor_layout_any, const T2 *)"
5803574360,5408,406431,,,,,,,,,,0.094,17325.421,Pinned,Device,NVIDIA A100-SXM4-40GB MIG 4g.20gb (0),1,,13,[CUDA memcpy Host-to-Device]
5803588503,3232,406432,,,,,,,,,,1.547,478533.199,Device,,NVIDIA A100-SXM4-40GB MIG 4g.20gb (0),1,,13,[CUDA memset]
5803596343,3584,406437,,,,,,,,,,0.031,8732.116,Pinned,Device,NVIDIA A100-SXM4-40GB MIG 4g.20gb (0),1,,13,[CUDA memcpy Host-to-Device]
5803602359,9472,406438,,,,,,,,,,0.197,20756.693,Pinned,Device,NVIDIA A100-SXM4-40GB MIG 4g.20gb (0),1,,13,[CUDA memcpy Host-to-Device]
5803617495,6304,406439,273,1,1,8,4,1,39,0.002,0.000,,,,,NVIDIA A100-SXM4-40GB MIG 4g.20gb (0),1,,13,"void channel_eq::eqMmseCoefCompLowMimoKernel<float, float, float, (unsigned int)4, (unsigned int)1, (unsigned int)4>(const channel_eq::_puschRxChEqStatDescr *, channel_eq::_puschRxChEqCoefCompDynDescr)"
5803624951,6144,406440,273,1,1,12,11,1,51,0.002,0.000,,,,,NVIDIA A100-SXM4-40GB MIG 4g.20gb (0),1,,13,"void channel_eq::eqMmseSoftDemapKernel<float, __half, __half, float, (unsigned int)4, (unsigned short)16383>(channel_eq::_puschRxChEqStatDescr *, channel_eq::_puschRxChEqSoftDemapDynDescr)"
5803632279,282332,406441,1,1,1,32,32,1,30,0.000,0.000,,,,,NVIDIA A100-SXM4-40GB MIG 4g.20gb (0),1,,13,"void convert_kernel<float2, __half2>(tensor_layout_any, T1 *, tensor_layout_any, const T2 *)"
5803915635,10976,406453,2253,1,1,128,1,1,16,0.000,0.000,,,,,NVIDIA A100-SXM4-40GB MIG 4g.20gb (0),1,,13,cupy_copy__float16_float16
5803931155,2688,406462,282,1,1,128,1,1,16,0.000,0.000,,,,,NVIDIA A100-SXM4-40GB MIG 4g.20gb (0),1,,13,cupy_copy__complex64_complex64
5803937075,2016,406471,26,1,1,128,1,1,16,0.000,0.000,,,,,NVIDIA A100-SXM4-40GB MIG 4g.20gb (0),1,,13,cupy_copy__float32_float32
5803940851,3264,406480,103,1,1,128,1,1,16,0.000,0.000,,,,,NVIDIA A100-SXM4-40GB MIG 4g.20gb (0),1,,13,cupy_copy__complex64_complex64
5803946515,11872,406490,1434,1,1,128,1,1,16,0.000,0.000,,,,,NVIDIA A100-SXM4-40GB MIG 4g.20gb (0),1,,13,cupy_copy__complex64_complex64
5803960723,86975,406495,1,1,1,32,32,1,30,0.000,0.000,,,,,NVIDIA A100-SXM4-40GB MIG 4g.20gb (0),1,,13,"void convert_kernel<__half2, float2>(tensor_layout_any, T1 *, tensor_layout_any, const T2 *)"
5804075057,5824,406498,,,,,,,,,,0.094,16087.884,Pinned,Device,NVIDIA A100-SXM4-40GB MIG 4g.20gb (0),1,,13,[CUDA memcpy Host-to-Device]
5804087377,596825,406499,,,,,,,,,,456.561,764740.412,Device,,NVIDIA A100-SXM4-40GB MIG 4g.20gb (0),1,,13,[CUDA memset]
5804690378,136094,406504,,,,,,,,,,1.235,9073.134,Pinned,Device,NVIDIA A100-SXM4-40GB MIG 4g.20gb (0),1,,13,[CUDA memcpy Host-to-Device]
5804838792,40480,406505,,,,,,,,,,0.197,4856.807,Pinned,Device,NVIDIA A100-SXM4-40GB MIG 4g.20gb (0),1,,13,[CUDA memcpy Host-to-Device]
5804897095,8160,406506,69,4,1,48,1,1,76,0.002,0.000,,,,,NVIDIA A100-SXM4-40GB MIG 4g.20gb (0),1,,13,"void ch_est::windowedChEstPreNoDftSOfdmKernel<float, __half, float, (unsigned int)2, (unsigned int)1, (unsigned short)4>(ch_est::puschRxChEstStatDescr_t *, ch_est::puschRxChEstDynDescr_t *)"
5804914823,6880,406507,137,2,1,24,2,1,44,0.001,0.001,,,,,NVIDIA A100-SXM4-40GB MIG 4g.20gb (0),1,,13,"void ch_est::chEstFilterNoDftSOfdmDispatchKernel<float, __half, float, (unsigned int)2>(ch_est::puschRxChEstStatDescr_t *, ch_est::puschRxChEstDynDescr_t *)"
5804934311,4672,406508,137,2,1,24,2,1,44,0.001,0.001,,,,,NVIDIA A100-SXM4-40GB MIG 4g.20gb (0),1,,13,"void ch_est::chEstFilterNoDftSOfdmDispatchKernel<float, __half, float, (unsigned int)2>(ch_est::puschRxChEstStatDescr_t *, ch_est::puschRxChEstDynDescr_t *)"
5804950951,2784,406519,103,1,1,128,1,1,16,0.000,0.000,,,,,NVIDIA A100-SXM4-40GB MIG 4g.20gb (0),1,,13,cupy_copy__complex64_complex64
5804968134,12704,406529,1434,1,1,128,1,1,16,0.000,0.000,,,,,NVIDIA A100-SXM4-40GB MIG 4g.20gb (0),1,,13,cupy_copy__complex64_complex64
5804989958,2528,406536,103,1,1,128,1,1,16,0.000,0.000,,,,,NVIDIA A100-SXM4-40GB MIG 4g.20gb (0),1,,13,cupy_copy__complex64_complex64
5805012806,93919,406543,1,1,1,32,32,1,30,0.000,0.000,,,,,NVIDIA A100-SXM4-40GB MIG 4g.20gb (0),1,,13,"void convert_kernel<__half2, float2>(tensor_layout_any, T1 *, tensor_layout_any, const T2 *)"
5805136068,16224,406546,,,,,,,,,,0.094,5775.140,Pinned,Device,NVIDIA A100-SXM4-40GB MIG 4g.20gb (0),1,,13,[CUDA memcpy Host-to-Device]
5805158916,46784,406547,,,,,,,,,,35.810,765401.230,Device,,NVIDIA A100-SXM4-40GB MIG 4g.20gb (0),1,,13,[CUDA memset]
5805208964,6527,406549,,,,,,,,,,0.000,12.257,Pinned,Device,NVIDIA A100-SXM4-40GB MIG 4g.20gb (0),1,,13,[CUDA memcpy Host-to-Device]
5805218307,16960,406550,,,,,,,,,,0.197,11592.401,Pinned,Device,NVIDIA A100-SXM4-40GB MIG 4g.20gb (0),1,,13,[CUDA memcpy Host-to-Device]
5805245891,9856,406551,273,1,1,48,1,1,40,0.000,0.001,,,,,NVIDIA A100-SXM4-40GB MIG 4g.20gb (0),1,,13,"void pusch_noise_intf_est::noiseIntfEstNoDftSOfdmKernel<float, __half, float, float, (unsigned int)2, (unsigned int)1, (unsigned char)4, (unsigned char)4>(pusch_noise_intf_est::puschRxNoiseIntfEstDynDescr)"
5805260547,3072,406562,35,1,1,128,1,1,16,0.000,0.000,,,,,NVIDIA A100-SXM4-40GB MIG 4g.20gb (0),1,,13,cupy_copy__complex64_complex64
5805270595,2080,406571,1,1,1,1,1,1,18,0.000,0.000,,,,,NVIDIA A100-SXM4-40GB MIG 4g.20gb (0),1,,13,cupy_copy__float32_float32
5805288963,2047,406577,,,,,,,,,,0.000,1.954,Device,Pageable,NVIDIA A100-SXM4-40GB MIG 4g.20gb (0),1,,7,[CUDA memcpy Device-to-Host]
5805359266,12895,406588,1434,1,1,128,1,1,16,0.000,0.000,,,,,NVIDIA A100-SXM4-40GB MIG 4g.20gb (0),1,,13,cupy_copy__complex64_complex64
5805389857,2816,406595,103,1,1,128,1,1,16,0.000,0.000,,,,,NVIDIA A100-SXM4-40GB MIG 4g.20gb (0),1,,13,cupy_copy__complex64_complex64
5805413377,2560,406602,35,1,1,128,1,1,16,0.000,0.000,,,,,NVIDIA A100-SXM4-40GB MIG 4g.20gb (0),1,,13,cupy_copy__complex64_complex64
5805429089,1792,406609,1,1,1,1,1,1,18,0.000,0.000,,,,,NVIDIA A100-SXM4-40GB MIG 4g.20gb (0),1,,13,cupy_copy__float32_float32
5805555423,88095,406620,1,1,1,32,32,1,30,0.000,0.000,,,,,NVIDIA A100-SXM4-40GB MIG 4g.20gb (0),1,,13,"void convert_kernel<__half2, float2>(tensor_layout_any, T1 *, tensor_layout_any, const T2 *)"
5805671102,5792,406623,,,,,,,,,,0.094,16176.708,Pinned,Device,NVIDIA A100-SXM4-40GB MIG 4g.20gb (0),1,,13,[CUDA memcpy Host-to-Device]
5805685982,3232,406624,,,,,,,,,,1.547,478533.199,Device,,NVIDIA A100-SXM4-40GB MIG 4g.20gb (0),1,,13,[CUDA memset]
5805691582,3008,406629,,,,,,,,,,0.031,10404.230,Pinned,Device,NVIDIA A100-SXM4-40GB MIG 4g.20gb (0),1,,13,[CUDA memcpy Host-to-Device]
5805697021,9728,406630,,,,,,,,,,0.197,20210.516,Pinned,Device,NVIDIA A100-SXM4-40GB MIG 4g.20gb (0),1,,13,[CUDA memcpy Host-to-Device]
5805711805,7552,406631,273,1,1,8,4,1,39,0.002,0.000,,,,,NVIDIA A100-SXM4-40GB MIG 4g.20gb (0),1,,13,"void channel_eq::eqMmseCoefCompLowMimoKernel<float, float, float, (unsigned int)4, (unsigned int)1, (unsigned int)4>(const channel_eq::_puschRxChEqStatDescr *, channel_eq::_puschRxChEqCoefCompDynDescr)"
5805721949,6176,406632,273,1,1,12,11,1,51,0.002,0.000,,,,,NVIDIA A100-SXM4-40GB MIG 4g.20gb (0),1,,13,"void channel_eq::eqMmseSoftDemapKernel<float, __half, __half, float, (unsigned int)4, (unsigned short)16383>(channel_eq::_puschRxChEqStatDescr *, channel_eq::_puschRxChEqSoftDemapDynDescr)"
5805729341,294972,406633,1,1,1,32,32,1,30,0.000,0.000,,,,,NVIDIA A100-SXM4-40GB MIG 4g.20gb (0),1,,13,"void convert_kernel<float2, __half2>(tensor_layout_any, T1 *, tensor_layout_any, const T2 *)"
5806025337,11008,406645,2253,1,1,128,1,1,16,0.000,0.000,,,,,NVIDIA A100-SXM4-40GB MIG 4g.20gb (0),1,,13,cupy_copy__float16_float16
5806040409,3904,406654,282,1,1,128,1,1,16,0.000,0.000,,,,,NVIDIA A100-SXM4-40GB MIG 4g.20gb (0),1,,13,cupy_copy__complex64_complex64
5806046649,2048,406663,26,1,1,128,1,1,16,0.000,0.000,,,,,NVIDIA A100-SXM4-40GB MIG 4g.20gb (0),1,,13,cupy_copy__float32_float32
5806052313,3008,406672,103,1,1,128,1,1,16,0.000,0.000,,,,,NVIDIA A100-SXM4-40GB MIG 4g.20gb (0),1,,13,cupy_copy__complex64_complex64
5806058841,12096,406682,1434,1,1,128,1,1,16,0.000,0.000,,,,,NVIDIA A100-SXM4-40GB MIG 4g.20gb (0),1,,13,cupy_copy__complex64_complex64
5806075033,81503,406687,1,1,1,32,32,1,30,0.000,0.000,,,,,NVIDIA A100-SXM4-40GB MIG 4g.20gb (0),1,,13,"void convert_kernel<__half2, float2>(tensor_layout_any, T1 *, tensor_layout_any, const T2 *)"
5806183480,6079,406690,,,,,,,,,,0.094,15412.992,Pinned,Device,NVIDIA A100-SXM4-40GB MIG 4g.20gb (0),1,,13,[CUDA memcpy Host-to-Device]
5806195575,602105,406691,,,,,,,,,,456.561,757891.990,Device,,NVIDIA A100-SXM4-40GB MIG 4g.20gb (0),1,,13,[CUDA memset]
5806801040,151998,406696,,,,,,,,,,1.235,8124.697,Pinned,Device,NVIDIA A100-SXM4-40GB MIG 4g.20gb (0),1,,13,[CUDA memcpy Host-to-Device]
5806961806,31776,406697,,,,,,,,,,0.197,6187.254,Pinned,Device,NVIDIA A100-SXM4-40GB MIG 4g.20gb (0),1,,13,[CUDA memcpy Host-to-Device]
5807005613,8096,406698,69,4,1,48,1,1,76,0.002,0.000,,,,,NVIDIA A100-SXM4-40GB MIG 4g.20gb (0),1,,13,"void ch_est::windowedChEstPreNoDftSOfdmKernel<float, __half, float, (unsigned int)2, (unsigned int)1, (unsigned short)4>(ch_est::puschRxChEstStatDescr_t *, ch_est::puschRxChEstDynDescr_t *)"
5807025645,6624,406699,137,2,1,24,2,1,44,0.001,0.001,,,,,NVIDIA A100-SXM4-40GB MIG 4g.20gb (0),1,,13,"void ch_est::chEstFilterNoDftSOfdmDispatchKernel<float, __half, float, (unsigned int)2>(ch_est::puschRxChEstStatDescr_t *, ch_est::puschRxChEstDynDescr_t *)"
5807041197,4736,406700,137,2,1,24,2,1,44,0.001,0.001,,,,,NVIDIA A100-SXM4-40GB MIG 4g.20gb (0),1,,13,"void ch_est::chEstFilterNoDftSOfdmDispatchKernel<float, __half, float, (unsigned int)2>(ch_est::puschRxChEstStatDescr_t *, ch_est::puschRxChEstDynDescr_t *)"
5807056237,2656,406711,103,1,1,128,1,1,16,0.000,0.000,,,,,NVIDIA A100-SXM4-40GB MIG 4g.20gb (0),1,,13,cupy_copy__complex64_complex64
5807069101,12415,406721,1434,1,1,128,1,1,16,0.000,0.000,,,,,NVIDIA A100-SXM4-40GB MIG 4g.20gb (0),1,,13,cupy_copy__complex64_complex64
5807101932,2656,406728,103,1,1,128,1,1,16,0.000,0.000,,,,,NVIDIA A100-SXM4-40GB MIG 4g.20gb (0),1,,13,cupy_copy__complex64_complex64
5807115564,87135,406735,1,1,1,32,32,1,30,0.000,0.000,,,,,NVIDIA A100-SXM4-40GB MIG 4g.20gb (0),1,,13,"void convert_kernel<__half2, float2>(tensor_layout_any, T1 *, tensor_layout_any, const T2 *)"
5807238539,24127,406738,,,,,,,,,,0.094,3883.418,Pinned,Device,NVIDIA A100-SXM4-40GB MIG 4g.20gb (0),1,,13,[CUDA memcpy Host-to-Device]
5807277226,46175,406739,,,,,,,,,,35.810,775499.628,Device,,NVIDIA A100-SXM4-40GB MIG 4g.20gb (0),1,,13,[CUDA memset]
5807328873,12608,406741,,,,,,,,,,0.000,6.345,Pinned,Device,NVIDIA A100-SXM4-40GB MIG 4g.20gb (0),1,,13,[CUDA memcpy Host-to-Device]
5807347785,32992,406742,,,,,,,,,,0.197,5959.188,Pinned,Device,NVIDIA A100-SXM4-40GB MIG 4g.20gb (0),1,,13,[CUDA memcpy Host-to-Device]
5807404808,10176,406743,273,1,1,48,1,1,40,0.000,0.001,,,,,NVIDIA A100-SXM4-40GB MIG 4g.20gb (0),1,,13,"void pusch_noise_intf_est::noiseIntfEstNoDftSOfdmKernel<float, __half, float, float, (unsigned int)2, (unsigned int)1, (unsigned char)4, (unsigned char)4>(pusch_noise_intf_est::puschRxNoiseIntfEstDynDescr)"
5807421640,2752,406754,35,1,1,128,1,1,16,0.000,0.000,,,,,NVIDIA A100-SXM4-40GB MIG 4g.20gb (0),1,,13,cupy_copy__complex64_complex64
5807438152,1728,406763,1,1,1,1,1,1,18,0.000,0.000,,,,,NVIDIA A100-SXM4-40GB MIG 4g.20gb (0),1,,13,cupy_copy__float32_float32
5807443880,6368,406769,,,,,,,,,,0.000,0.628,Device,Pageable,NVIDIA A100-SXM4-40GB MIG 4g.20gb (0),1,,7,[CUDA memcpy Device-to-Host]
5807539495,13312,406780,1434,1,1,128,1,1,16,0.000,0.000,,,,,NVIDIA A100-SXM4-40GB MIG 4g.20gb (0),1,,13,cupy_copy__complex64_complex64
5807561543,3423,406787,103,1,1,128,1,1,16,0.000,0.000,,,,,NVIDIA A100-SXM4-40GB MIG 4g.20gb (0),1,,13,cupy_copy__complex64_complex64
5807581574,2592,406794,35,1,1,128,1,1,16,0.000,0.000,,,,,NVIDIA A100-SXM4-40GB MIG 4g.20gb (0),1,,13,cupy_copy__complex64_complex64
5807601190,1792,406801,1,1,1,1,1,1,18,0.000,0.000,,,,,NVIDIA A100-SXM4-40GB MIG 4g.20gb (0),1,,13,cupy_copy__float32_float32
5807736004,87295,406812,1,1,1,32,32,1,30,0.000,0.000,,,,,NVIDIA A100-SXM4-40GB MIG 4g.20gb (0),1,,13,"void convert_kernel<__half2, float2>(tensor_layout_any, T1 *, tensor_layout_any, const T2 *)"
5807852131,14400,406815,,,,,,,,,,0.094,6506.625,Pinned,Device,NVIDIA A100-SXM4-40GB MIG 4g.20gb (0),1,,13,[CUDA memcpy Host-to-Device]
5807875747,3520,406816,,,,,,,,,,1.547,439380.412,Device,,NVIDIA A100-SXM4-40GB MIG 4g.20gb (0),1,,13,[CUDA memset]
5807881827,6847,406821,,,,,,,,,,0.031,4570.750,Pinned,Device,NVIDIA A100-SXM4-40GB MIG 4g.20gb (0),1,,13,[CUDA memcpy Host-to-Device]
5807891682,14720,406822,,,,,,,,,,0.197,13356.368,Pinned,Device,NVIDIA A100-SXM4-40GB MIG 4g.20gb (0),1,,13,[CUDA memcpy Host-to-Device]
5807912418,7744,406823,273,1,1,8,4,1,39,0.002,0.000,,,,,NVIDIA A100-SXM4-40GB MIG 4g.20gb (0),1,,13,"void channel_eq::eqMmseCoefCompLowMimoKernel<float, float, float, (unsigned int)4, (unsigned int)1, (unsigned int)4>(const channel_eq::_puschRxChEqStatDescr *, channel_eq::_puschRxChEqCoefCompDynDescr)"
5807923746,6336,406824,273,1,1,12,11,1,51,0.002,0.000,,,,,NVIDIA A100-SXM4-40GB MIG 4g.20gb (0),1,,13,"void channel_eq::eqMmseSoftDemapKernel<float, __half, __half, float, (unsigned int)4, (unsigned short)16383>(channel_eq::_puschRxChEqStatDescr *, channel_eq::_puschRxChEqSoftDemapDynDescr)"
5807933090,289852,406825,1,1,1,32,32,1,30,0.000,0.000,,,,,NVIDIA A100-SXM4-40GB MIG 4g.20gb (0),1,,13,"void convert_kernel<float2, __half2>(tensor_layout_any, T1 *, tensor_layout_any, const T2 *)"
5808224190,11200,406837,2253,1,1,128,1,1,16,0.000,0.000,,,,,NVIDIA A100-SXM4-40GB MIG 4g.20gb (0),1,,13,cupy_copy__float16_float16
5808238430,2688,406846,282,1,1,128,1,1,16,0.000,0.000,,,,,NVIDIA A100-SXM4-40GB MIG 4g.20gb (0),1,,13,cupy_copy__complex64_complex64
5808243614,2016,406855,26,1,1,128,1,1,16,0.000,0.000,,,,,NVIDIA A100-SXM4-40GB MIG 4g.20gb (0),1,,13,cupy_copy__float32_float32
5808246750,3296,406864,103,1,1,128,1,1,16,0.000,0.000,,,,,NVIDIA A100-SXM4-40GB MIG 4g.20gb (0),1,,13,cupy_copy__complex64_complex64
5808252734,12352,406874,1434,1,1,128,1,1,16,0.000,0.000,,,,,NVIDIA A100-SXM4-40GB MIG 4g.20gb (0),1,,13,cupy_copy__complex64_complex64
5808270750,81695,406879,1,1,1,32,32,1,30,0.000,0.000,,,,,NVIDIA A100-SXM4-40GB MIG 4g.20gb (0),1,,13,"void convert_kernel<__half2, float2>(tensor_layout_any, T1 *, tensor_layout_any, const T2 *)"
5808383772,5696,406882,,,,,,,,,,0.094,16449.363,Pinned,Device,NVIDIA A100-SXM4-40GB MIG 4g.20gb (0),1,,13,[CUDA memcpy Host-to-Device]
5808394524,594649,406883,,,,,,,,,,456.561,767479.781,Device,,NVIDIA A100-SXM4-40GB MIG 4g.20gb (0),1,,13,[CUDA memset]
5808996949,82399,406888,,,,,,,,,,1.235,14987.280,Pinned,Device,NVIDIA A100-SXM4-40GB MIG 4g.20gb (0),1,,13,[CUDA memcpy Host-to-Device]
5809086164,18016,406889,,,,,,,,,,0.197,10912.924,Pinned,Device,NVIDIA A100-SXM4-40GB MIG 4g.20gb (0),1,,13,[CUDA memcpy Host-to-Device]
5809119219,8448,406890,69,4,1,48,1,1,76,0.002,0.000,,,,,NVIDIA A100-SXM4-40GB MIG 4g.20gb (0),1,,13,"void ch_est::windowedChEstPreNoDftSOfdmKernel<float, __half, float, (unsigned int)2, (unsigned int)1, (unsigned short)4>(ch_est::puschRxChEstStatDescr_t *, ch_est::puschRxChEstDynDescr_t *)"
5809134931,7296,406891,137,2,1,24,2,1,44,0.001,0.001,,,,,NVIDIA A100-SXM4-40GB MIG 4g.20gb (0),1,,13,"void ch_est::chEstFilterNoDftSOfdmDispatchKernel<float, __half, float, (unsigned int)2>(ch_est::puschRxChEstStatDescr_t *, ch_est::puschRxChEstDynDescr_t *)"
5809144339,6208,406892,137,2,1,24,2,1,44,0.001,0.001,,,,,NVIDIA A100-SXM4-40GB MIG 4g.20gb (0),1,,13,"void ch_est::chEstFilterNoDftSOfdmDispatchKernel<float, __half, float, (unsigned int)2>(ch_est::puschRxChEstStatDescr_t *, ch_est::puschRxChEstDynDescr_t *)"
5809152531,2592,406903,103,1,1,128,1,1,16,0.000,0.000,,,,,NVIDIA A100-SXM4-40GB MIG 4g.20gb (0),1,,13,cupy_copy__complex64_complex64
5809161171,12704,406913,1434,1,1,128,1,1,16,0.000,0.000,,,,,NVIDIA A100-SXM4-40GB MIG 4g.20gb (0),1,,13,cupy_copy__complex64_complex64
5809177491,2656,406920,103,1,1,128,1,1,16,0.000,0.000,,,,,NVIDIA A100-SXM4-40GB MIG 4g.20gb (0),1,,13,cupy_copy__complex64_complex64
5809187186,87327,406927,1,1,1,32,32,1,30,0.000,0.000,,,,,NVIDIA A100-SXM4-40GB MIG 4g.20gb (0),1,,13,"void convert_kernel<__half2, float2>(tensor_layout_any, T1 *, tensor_layout_any, const T2 *)"
5809303377,5728,406930,,,,,,,,,,0.094,16357.541,Pinned,Device,NVIDIA A100-SXM4-40GB MIG 4g.20gb (0),1,,13,[CUDA memcpy Host-to-Device]
5809315441,47551,406931,,,,,,,,,,35.810,753082.618,Device,,NVIDIA A100-SXM4-40GB MIG 4g.20gb (0),1,,13,[CUDA memset]
5809369104,4960,406933,,,,,,,,,,0.000,16.129,Pinned,Device,NVIDIA A100-SXM4-40GB MIG 4g.20gb (0),1,,13,[CUDA memcpy Host-to-Device]
5809377136,12640,406934,,,,,,,,,,0.197,15554.249,Pinned,Device,NVIDIA A100-SXM4-40GB MIG 4g.20gb (0),1,,13,[CUDA memcpy Host-to-Device]
5809395440,9856,406935,273,1,1,48,1,1,40,0.000,0.001,,,,,NVIDIA A100-SXM4-40GB MIG 4g.20gb (0),1,,13,"void pusch_noise_intf_est::noiseIntfEstNoDftSOfdmKernel<float, __half, float, float, (unsigned int)2, (unsigned int)1, (unsigned char)4, (unsigned char)4>(pusch_noise_intf_est::puschRxNoiseIntfEstDynDescr)"
5809410576,3072,406946,35,1,1,128,1,1,16,0.000,0.000,,,,,NVIDIA A100-SXM4-40GB MIG 4g.20gb (0),1,,13,cupy_copy__complex64_complex64
5809423440,1792,406955,1,1,1,1,1,1,18,0.000,0.000,,,,,NVIDIA A100-SXM4-40GB MIG 4g.20gb (0),1,,13,cupy_copy__float32_float32
5809454191,2080,406961,,,,,,,,,,0.000,1.923,Device,Pageable,NVIDIA A100-SXM4-40GB MIG 4g.20gb (0),1,,7,[CUDA memcpy Device-to-Host]
5809517998,13184,406972,1434,1,1,128,1,1,16,0.000,0.000,,,,,NVIDIA A100-SXM4-40GB MIG 4g.20gb (0),1,,13,cupy_copy__complex64_complex64
5809543822,2592,406979,103,1,1,128,1,1,16,0.000,0.000,,,,,NVIDIA A100-SXM4-40GB MIG 4g.20gb (0),1,,13,cupy_copy__complex64_complex64
5809564494,2336,406986,35,1,1,128,1,1,16,0.000,0.000,,,,,NVIDIA A100-SXM4-40GB MIG 4g.20gb (0),1,,13,cupy_copy__complex64_complex64
5809582478,1824,406993,1,1,1,1,1,1,18,0.000,0.000,,,,,NVIDIA A100-SXM4-40GB MIG 4g.20gb (0),1,,13,cupy_copy__float32_float32
5809714124,82815,407004,1,1,1,32,32,1,30,0.000,0.000,,,,,NVIDIA A100-SXM4-40GB MIG 4g.20gb (0),1,,13,"void convert_kernel<__half2, float2>(tensor_layout_any, T1 *, tensor_layout_any, const T2 *)"
5809824587,5504,407007,,,,,,,,,,0.094,17023.251,Pinned,Device,NVIDIA A100-SXM4-40GB MIG 4g.20gb (0),1,,13,[CUDA memcpy Host-to-Device]
5809840298,3264,407008,,,,,,,,,,1.547,473842.288,Device,,NVIDIA A100-SXM4-40GB MIG 4g.20gb (0),1,,13,[CUDA memset]
5809846282,3264,407013,,,,,,,,,,0.031,9588.218,Pinned,Device,NVIDIA A100-SXM4-40GB MIG 4g.20gb (0),1,,13,[CUDA memcpy Host-to-Device]
5809852170,10144,407014,,,,,,,,,,0.197,19381.617,Pinned,Device,NVIDIA A100-SXM4-40GB MIG 4g.20gb (0),1,,13,[CUDA memcpy Host-to-Device]
5809866634,5952,407015,273,1,1,8,4,1,39,0.002,0.000,,,,,NVIDIA A100-SXM4-40GB MIG 4g.20gb (0),1,,13,"void channel_eq::eqMmseCoefCompLowMimoKernel<float, float, float, (unsigned int)4, (unsigned int)1, (unsigned int)4>(const channel_eq::_puschRxChEqStatDescr *, channel_eq::_puschRxChEqCoefCompDynDescr)"
5809873738,5600,407016,273,1,1,12,11,1,51,0.002,0.000,,,,,NVIDIA A100-SXM4-40GB MIG 4g.20gb (0),1,,13,"void channel_eq::eqMmseSoftDemapKernel<float, __half, __half, float, (unsigned int)4, (unsigned short)16383>(channel_eq::_puschRxChEqStatDescr *, channel_eq::_puschRxChEqSoftDemapDynDescr)"
5809880842,294300,407017,1,1,1,32,32,1,30,0.000,0.000,,,,,NVIDIA A100-SXM4-40GB MIG 4g.20gb (0),1,,13,"void convert_kernel<float2, __half2>(tensor_layout_any, T1 *, tensor_layout_any, const T2 *)"
5810179590,11104,407029,2253,1,1,128,1,1,16,0.000,0.000,,,,,NVIDIA A100-SXM4-40GB MIG 4g.20gb (0),1,,13,cupy_copy__float16_float16
5810192774,3520,407038,282,1,1,128,1,1,16,0.000,0.000,,,,,NVIDIA A100-SXM4-40GB MIG 4g.20gb (0),1,,13,cupy_copy__complex64_complex64
5810197830,2176,407047,26,1,1,128,1,1,16,0.000,0.000,,,,,NVIDIA A100-SXM4-40GB MIG 4g.20gb (0),1,,13,cupy_copy__float32_float32
5810202438,4736,407056,103,1,1,128,1,1,16,0.000,0.000,,,,,NVIDIA A100-SXM4-40GB MIG 4g.20gb (0),1,,13,cupy_copy__complex64_complex64
5810208710,12032,407066,1434,1,1,128,1,1,16,0.000,0.000,,,,,NVIDIA A100-SXM4-40GB MIG 4g.20gb (0),1,,13,cupy_copy__complex64_complex64
5810222342,81951,407071,1,1,1,32,32,1,30,0.000,0.000,,,,,NVIDIA A100-SXM4-40GB MIG 4g.20gb (0),1,,13,"void convert_kernel<__half2, float2>(tensor_layout_any, T1 *, tensor_layout_any, const T2 *)"
5810331396,5728,407074,,,,,,,,,,0.094,16357.541,Pinned,Device,NVIDIA A100-SXM4-40GB MIG 4g.20gb (0),1,,13,[CUDA memcpy Host-to-Device]
5810341348,596889,407075,,,,,,,,,,456.561,764740.412,Device,,NVIDIA A100-SXM4-40GB MIG 4g.20gb (0),1,,13,[CUDA memset]
5810943869,147038,407080,,,,,,,,,,1.235,8397.619,Pinned,Device,NVIDIA A100-SXM4-40GB MIG 4g.20gb (0),1,,13,[CUDA memcpy Host-to-Device]
5811099355,24512,407081,,,,,,,,,,0.197,8020.820,Pinned,Device,NVIDIA A100-SXM4-40GB MIG 4g.20gb (0),1,,13,[CUDA memcpy Host-to-Device]
5811133531,9279,407082,69,4,1,48,1,1,76,0.002,0.000,,,,,NVIDIA A100-SXM4-40GB MIG 4g.20gb (0),1,,13,"void ch_est::windowedChEstPreNoDftSOfdmKernel<float, __half, float, (unsigned int)2, (unsigned int)1, (unsigned short)4>(ch_est::puschRxChEstStatDescr_t *, ch_est::puschRxChEstDynDescr_t *)"
5811150618,7456,407083,137,2,1,24,2,1,44,0.001,0.001,,,,,NVIDIA A100-SXM4-40GB MIG 4g.20gb (0),1,,13,"void ch_est::chEstFilterNoDftSOfdmDispatchKernel<float, __half, float, (unsigned int)2>(ch_est::puschRxChEstStatDescr_t *, ch_est::puschRxChEstDynDescr_t *)"
5811165946,6272,407084,137,2,1,24,2,1,44,0.001,0.001,,,,,NVIDIA A100-SXM4-40GB MIG 4g.20gb (0),1,,13,"void ch_est::chEstFilterNoDftSOfdmDispatchKernel<float, __half, float, (unsigned int)2>(ch_est::puschRxChEstStatDescr_t *, ch_est::puschRxChEstDynDescr_t *)"
5811180122,2656,407095,103,1,1,128,1,1,16,0.000,0.000,,,,,NVIDIA A100-SXM4-40GB MIG 4g.20gb (0),1,,13,cupy_copy__complex64_complex64
5811188186,12736,407105,1434,1,1,128,1,1,16,0.000,0.000,,,,,NVIDIA A100-SXM4-40GB MIG 4g.20gb (0),1,,13,cupy_copy__complex64_complex64
5811205850,2496,407112,103,1,1,128,1,1,16,0.000,0.000,,,,,NVIDIA A100-SXM4-40GB MIG 4g.20gb (0),1,,13,cupy_copy__complex64_complex64
5811215993,90591,407119,1,1,1,32,32,1,30,0.000,0.000,,,,,NVIDIA A100-SXM4-40GB MIG 4g.20gb (0),1,,13,"void convert_kernel<__half2, float2>(tensor_layout_any, T1 *, tensor_layout_any, const T2 *)"
5811340408,13184,407122,,,,,,,,,,0.094,7106.748,Pinned,Device,NVIDIA A100-SXM4-40GB MIG 4g.20gb (0),1,,13,[CUDA memcpy Host-to-Device]
5811367064,47039,407123,,,,,,,,,,35.810,761247.279,Device,,NVIDIA A100-SXM4-40GB MIG 4g.20gb (0),1,,13,[CUDA memset]
5811419703,7872,407125,,,,,,,,,,0.000,10.163,Pinned,Device,NVIDIA A100-SXM4-40GB MIG 4g.20gb (0),1,,13,[CUDA memcpy Host-to-Device]
5811434263,17760,407126,,,,,,,,,,0.197,11070.210,Pinned,Device,NVIDIA A100-SXM4-40GB MIG 4g.20gb (0),1,,13,[CUDA memcpy Host-to-Device]
5811471638,9344,407127,273,1,1,48,1,1,40,0.000,0.001,,,,,NVIDIA A100-SXM4-40GB MIG 4g.20gb (0),1,,13,"void pusch_noise_intf_est::noiseIntfEstNoDftSOfdmKernel<float, __half, float, float, (unsigned int)2, (unsigned int)1, (unsigned char)4, (unsigned char)4>(pusch_noise_intf_est::puschRxNoiseIntfEstDynDescr)"
5811491126,2816,407138,35,1,1,128,1,1,16,0.000,0.000,,,,,NVIDIA A100-SXM4-40GB MIG 4g.20gb (0),1,,13,cupy_copy__complex64_complex64
5811499286,1760,407147,1,1,1,1,1,1,18,0.000,0.000,,,,,NVIDIA A100-SXM4-40GB MIG 4g.20gb (0),1,,13,cupy_copy__float32_float32
5811508790,3168,407153,,,,,,,,,,0.000,1.263,Device,Pageable,NVIDIA A100-SXM4-40GB MIG 4g.20gb (0),1,,7,[CUDA memcpy Device-to-Host]
5811575989,12960,407164,1434,1,1,128,1,1,16,0.000,0.000,,,,,NVIDIA A100-SXM4-40GB MIG 4g.20gb (0),1,,13,cupy_copy__complex64_complex64
5811601781,3104,407171,103,1,1,128,1,1,16,0.000,0.000,,,,,NVIDIA A100-SXM4-40GB MIG 4g.20gb (0),1,,13,cupy_copy__complex64_complex64
5811621748,2560,407178,35,1,1,128,1,1,16,0.000,0.000,,,,,NVIDIA A100-SXM4-40GB MIG 4g.20gb (0),1,,13,cupy_copy__complex64_complex64
5811642036,1856,407185,1,1,1,1,1,1,18,0.000,0.000,,,,,NVIDIA A100-SXM4-40GB MIG 4g.20gb (0),1,,13,cupy_copy__float32_float32
5811773619,87071,407196,1,1,1,32,32,1,30,0.000,0.000,,,,,NVIDIA A100-SXM4-40GB MIG 4g.20gb (0),1,,13,"void convert_kernel<__half2, float2>(tensor_layout_any, T1 *, tensor_layout_any, const T2 *)"
5811888401,5472,407199,,,,,,,,,,0.094,17122.757,Pinned,Device,NVIDIA A100-SXM4-40GB MIG 4g.20gb (0),1,,13,[CUDA memcpy Host-to-Device]
5811903857,3360,407200,,,,,,,,,,1.547,460304.688,Device,,NVIDIA A100-SXM4-40GB MIG 4g.20gb (0),1,,13,[CUDA memset]
5811909777,3488,407205,,,,,,,,,,0.031,8972.469,Pinned,Device,NVIDIA A100-SXM4-40GB MIG 4g.20gb (0),1,,13,[CUDA memcpy Host-to-Device]
5811915665,9408,407206,,,,,,,,,,0.197,20897.858,Pinned,Device,NVIDIA A100-SXM4-40GB MIG 4g.20gb (0),1,,13,[CUDA memcpy Host-to-Device]
5811929105,8288,407207,273,1,1,8,4,1,39,0.002,0.000,,,,,NVIDIA A100-SXM4-40GB MIG 4g.20gb (0),1,,13,"void channel_eq::eqMmseCoefCompLowMimoKernel<float, float, float, (unsigned int)4, (unsigned int)1, (unsigned int)4>(const channel_eq::_puschRxChEqStatDescr *, channel_eq::_puschRxChEqCoefCompDynDescr)"
5811939345,7327,407208,273,1,1,12,11,1,51,0.002,0.000,,,,,NVIDIA A100-SXM4-40GB MIG 4g.20gb (0),1,,13,"void channel_eq::eqMmseSoftDemapKernel<float, __half, __half, float, (unsigned int)4, (unsigned short)16383>(channel_eq::_puschRxChEqStatDescr *, channel_eq::_puschRxChEqSoftDemapDynDescr)"
5811947792,281533,407209,1,1,1,32,32,1,30,0.000,0.000,,,,,NVIDIA A100-SXM4-40GB MIG 4g.20gb (0),1,,13,"void convert_kernel<float2, __half2>(tensor_layout_any, T1 *, tensor_layout_any, const T2 *)"
5812230253,10912,407221,2253,1,1,128,1,1,16,0.000,0.000,,,,,NVIDIA A100-SXM4-40GB MIG 4g.20gb (0),1,,13,cupy_copy__float16_float16
5812245869,2816,407230,282,1,1,128,1,1,16,0.000,0.000,,,,,NVIDIA A100-SXM4-40GB MIG 4g.20gb (0),1,,13,cupy_copy__complex64_complex64
5812249709,2272,407239,26,1,1,128,1,1,16,0.000,0.000,,,,,NVIDIA A100-SXM4-40GB MIG 4g.20gb (0),1,,13,cupy_copy__float32_float32
5812253101,2912,407248,103,1,1,128,1,1,16,0.000,0.000,,,,,NVIDIA A100-SXM4-40GB MIG 4g.20gb (0),1,,13,cupy_copy__complex64_complex64
5812257069,11968,407258,1434,1,1,128,1,1,16,0.000,0.000,,,,,NVIDIA A100-SXM4-40GB MIG 4g.20gb (0),1,,13,cupy_copy__complex64_complex64
5812279084,81919,407263,1,1,1,32,32,1,30,0.000,0.000,,,,,NVIDIA A100-SXM4-40GB MIG 4g.20gb (0),1,,13,"void convert_kernel<__half2, float2>(tensor_layout_any, T1 *, tensor_layout_any, const T2 *)"
5812387339,5920,407266,,,,,,,,,,0.094,15826.941,Pinned,Device,NVIDIA A100-SXM4-40GB MIG 4g.20gb (0),1,,13,[CUDA memcpy Host-to-Device]
5812398059,596601,407267,,,,,,,,,,456.561,765196.973,Device,,NVIDIA A100-SXM4-40GB MIG 4g.20gb (0),1,,13,[CUDA memset]
5813001060,119614,407272,,,,,,,,,,1.235,10324.132,Pinned,Device,NVIDIA A100-SXM4-40GB MIG 4g.20gb (0),1,,13,[CUDA memcpy Host-to-Device]
5813134178,42143,407273,,,,,,,,,,0.197,4665.115,Pinned,Device,NVIDIA A100-SXM4-40GB MIG 4g.20gb (0),1,,13,[CUDA memcpy Host-to-Device]
5813204097,8480,407274,69,4,1,48,1,1,76,0.002,0.000,,,,,NVIDIA A100-SXM4-40GB MIG 4g.20gb (0),1,,13,"void ch_est::windowedChEstPreNoDftSOfdmKernel<float, __half, float, (unsigned int)2, (unsigned int)1, (unsigned short)4>(ch_est::puschRxChEstStatDescr_t *, ch_est::puschRxChEstDynDescr_t *)"
5813222081,7168,407275,137,2,1,24,2,1,44,0.001,0.001,,,,,NVIDIA A100-SXM4-40GB MIG 4g.20gb (0),1,,13,"void ch_est::chEstFilterNoDftSOfdmDispatchKernel<float, __half, float, (unsigned int)2>(ch_est::puschRxChEstStatDescr_t *, ch_est::puschRxChEstDynDescr_t *)"
5813242049,4735,407276,137,2,1,24,2,1,44,0.001,0.001,,,,,NVIDIA A100-SXM4-40GB MIG 4g.20gb (0),1,,13,"void ch_est::chEstFilterNoDftSOfdmDispatchKernel<float, __half, float, (unsigned int)2>(ch_est::puschRxChEstStatDescr_t *, ch_est::puschRxChEstDynDescr_t *)"
5813258688,2688,407287,103,1,1,128,1,1,16,0.000,0.000,,,,,NVIDIA A100-SXM4-40GB MIG 4g.20gb (0),1,,13,cupy_copy__complex64_complex64
5813275680,12768,407297,1434,1,1,128,1,1,16,0.000,0.000,,,,,NVIDIA A100-SXM4-40GB MIG 4g.20gb (0),1,,13,cupy_copy__complex64_complex64
5813312032,2528,407304,103,1,1,128,1,1,16,0.000,0.000,,,,,NVIDIA A100-SXM4-40GB MIG 4g.20gb (0),1,,13,cupy_copy__complex64_complex64
5813327775,84607,407311,1,1,1,32,32,1,30,0.000,0.000,,,,,NVIDIA A100-SXM4-40GB MIG 4g.20gb (0),1,,13,"void convert_kernel<__half2, float2>(tensor_layout_any, T1 *, tensor_layout_any, const T2 *)"
5813440318,12576,407314,,,,,,,,,,0.094,7450.331,Pinned,Device,NVIDIA A100-SXM4-40GB MIG 4g.20gb (0),1,,13,[CUDA memcpy Host-to-Device]
5813457214,47167,407315,,,,,,,,,,35.810,759206.114,Device,,NVIDIA A100-SXM4-40GB MIG 4g.20gb (0),1,,13,[CUDA memset]
5813512029,3584,407317,,,,,,,,,,0.000,22.321,Pinned,Device,NVIDIA A100-SXM4-40GB MIG 4g.20gb (0),1,,13,[CUDA memcpy Host-to-Device]
5813523261,15968,407318,,,,,,,,,,0.197,12312.576,Pinned,Device,NVIDIA A100-SXM4-40GB MIG 4g.20gb (0),1,,13,[CUDA memcpy Host-to-Device]
5813549885,10240,407319,273,1,1,48,1,1,40,0.000,0.001,,,,,NVIDIA A100-SXM4-40GB MIG 4g.20gb (0),1,,13,"void pusch_noise_intf_est::noiseIntfEstNoDftSOfdmKernel<float, __half, float, float, (unsigned int)2, (unsigned int)1, (unsigned char)4, (unsigned char)4>(pusch_noise_intf_est::puschRxNoiseIntfEstDynDescr)"
5813569245,2591,407330,35,1,1,128,1,1,16,0.000,0.000,,,,,NVIDIA A100-SXM4-40GB MIG 4g.20gb (0),1,,13,cupy_copy__complex64_complex64
5813580188,1760,407339,1,1,1,1,1,1,18,0.000,0.000,,,,,NVIDIA A100-SXM4-40GB MIG 4g.20gb (0),1,,13,cupy_copy__float32_float32
5813596796,6432,407345,,,,,,,,,,0.000,0.622,Device,Pageable,NVIDIA A100-SXM4-40GB MIG 4g.20gb (0),1,,7,[CUDA memcpy Device-to-Host]
5813680731,13280,407356,1434,1,1,128,1,1,16,0.000,0.000,,,,,NVIDIA A100-SXM4-40GB MIG 4g.20gb (0),1,,13,cupy_copy__complex64_complex64
5813707611,2848,407363,103,1,1,128,1,1,16,0.000,0.000,,,,,NVIDIA A100-SXM4-40GB MIG 4g.20gb (0),1,,13,cupy_copy__complex64_complex64
5813727867,2560,407370,35,1,1,128,1,1,16,0.000,0.000,,,,,NVIDIA A100-SXM4-40GB MIG 4g.20gb (0),1,,13,cupy_copy__complex64_complex64
5813745274,1856,407377,1,1,1,1,1,1,18,0.000,0.000,,,,,NVIDIA A100-SXM4-40GB MIG 4g.20gb (0),1,,13,cupy_copy__float32_float32
5813872505,83391,407388,1,1,1,32,32,1,30,0.000,0.000,,,,,NVIDIA A100-SXM4-40GB MIG 4g.20gb (0),1,,13,"void convert_kernel<__half2, float2>(tensor_layout_any, T1 *, tensor_layout_any, const T2 *)"
5813983415,5824,407391,,,,,,,,,,0.094,16087.884,Pinned,Device,NVIDIA A100-SXM4-40GB MIG 4g.20gb (0),1,,13,[CUDA memcpy Host-to-Device]
5813997431,3520,407392,,,,,,,,,,1.547,439380.412,Device,,NVIDIA A100-SXM4-40GB MIG 4g.20gb (0),1,,13,[CUDA memset]
5814004247,3616,407397,,,,,,,,,,0.031,8654.846,Pinned,Device,NVIDIA A100-SXM4-40GB MIG 4g.20gb (0),1,,13,[CUDA memcpy Host-to-Device]
5814011191,10048,407398,,,,,,,,,,0.197,19566.821,Pinned,Device,NVIDIA A100-SXM4-40GB MIG 4g.20gb (0),1,,13,[CUDA memcpy Host-to-Device]
5814027095,6048,407399,273,1,1,8,4,1,39,0.002,0.000,,,,,NVIDIA A100-SXM4-40GB MIG 4g.20gb (0),1,,13,"void channel_eq::eqMmseCoefCompLowMimoKernel<float, float, float, (unsigned int)4, (unsigned int)1, (unsigned int)4>(const channel_eq::_puschRxChEqStatDescr *, channel_eq::_puschRxChEqCoefCompDynDescr)"
5814035831,5792,407400,273,1,1,12,11,1,51,0.002,0.000,,,,,NVIDIA A100-SXM4-40GB MIG 4g.20gb (0),1,,13,"void channel_eq::eqMmseSoftDemapKernel<float, __half, __half, float, (unsigned int)4, (unsigned short)16383>(channel_eq::_puschRxChEqStatDescr *, channel_eq::_puschRxChEqSoftDemapDynDescr)"
5814042743,282172,407401,1,1,1,32,32,1,30,0.000,0.000,,,,,NVIDIA A100-SXM4-40GB MIG 4g.20gb (0),1,,13,"void convert_kernel<float2, __half2>(tensor_layout_any, T1 *, tensor_layout_any, const T2 *)"
5814328019,10976,407413,2253,1,1,128,1,1,16,0.000,0.000,,,,,NVIDIA A100-SXM4-40GB MIG 4g.20gb (0),1,,13,cupy_copy__float16_float16
5814341555,3648,407422,282,1,1,128,1,1,16,0.000,0.000,,,,,NVIDIA A100-SXM4-40GB MIG 4g.20gb (0),1,,13,cupy_copy__complex64_complex64
5814346227,2112,407431,26,1,1,128,1,1,16,0.000,0.000,,,,,NVIDIA A100-SXM4-40GB MIG 4g.20gb (0),1,,13,cupy_copy__float32_float32
5814351091,2912,407440,103,1,1,128,1,1,16,0.000,0.000,,,,,NVIDIA A100-SXM4-40GB MIG 4g.20gb (0),1,,13,cupy_copy__complex64_complex64
5814355027,12096,407450,1434,1,1,128,1,1,16,0.000,0.000,,,,,NVIDIA A100-SXM4-40GB MIG 4g.20gb (0),1,,13,cupy_copy__complex64_complex64
5814375379,91166,407455,1,1,1,32,32,1,30,0.000,0.000,,,,,NVIDIA A100-SXM4-40GB MIG 4g.20gb (0),1,,13,"void convert_kernel<__half2, float2>(tensor_layout_any, T1 *, tensor_layout_any, const T2 *)"
5814493841,5632,407458,,,,,,,,,,0.094,16636.287,Pinned,Device,NVIDIA A100-SXM4-40GB MIG 4g.20gb (0),1,,13,[CUDA memcpy Host-to-Device]
5814503569,597497,407459,,,,,,,,,,456.561,763827.289,Device,,NVIDIA A100-SXM4-40GB MIG 4g.20gb (0),1,,13,[CUDA memset]
5815102378,143454,407464,,,,,,,,,,1.235,8607.560,Pinned,Device,NVIDIA A100-SXM4-40GB MIG 4g.20gb (0),1,,13,[CUDA memcpy Host-to-Device]
5815256040,27391,407465,,,,,,,,,,0.197,7177.765,Pinned,Device,NVIDIA A100-SXM4-40GB MIG 4g.20gb (0),1,,13,[CUDA memcpy Host-to-Device]
5815303847,8384,407466,69,4,1,48,1,1,76,0.002,0.000,,,,,NVIDIA A100-SXM4-40GB MIG 4g.20gb (0),1,,13,"void ch_est::windowedChEstPreNoDftSOfdmKernel<float, __half, float, (unsigned int)2, (unsigned int)1, (unsigned short)4>(ch_est::puschRxChEstStatDescr_t *, ch_est::puschRxChEstDynDescr_t *)"
5815318631,6816,407467,137,2,1,24,2,1,44,0.001,0.001,,,,,NVIDIA A100-SXM4-40GB MIG 4g.20gb (0),1,,13,"void ch_est::chEstFilterNoDftSOfdmDispatchKernel<float, __half, float, (unsigned int)2>(ch_est::puschRxChEstStatDescr_t *, ch_est::puschRxChEstDynDescr_t *)"
5815331111,4768,407468,137,2,1,24,2,1,44,0.001,0.001,,,,,NVIDIA A100-SXM4-40GB MIG 4g.20gb (0),1,,13,"void ch_est::chEstFilterNoDftSOfdmDispatchKernel<float, __half, float, (unsigned int)2>(ch_est::puschRxChEstStatDescr_t *, ch_est::puschRxChEstDynDescr_t *)"
5815346727,2592,407479,103,1,1,128,1,1,16,0.000,0.000,,,,,NVIDIA A100-SXM4-40GB MIG 4g.20gb (0),1,,13,cupy_copy__complex64_complex64
5815358630,12544,407489,1434,1,1,128,1,1,16,0.000,0.000,,,,,NVIDIA A100-SXM4-40GB MIG 4g.20gb (0),1,,13,cupy_copy__complex64_complex64
5815386470,2528,407496,103,1,1,128,1,1,16,0.000,0.000,,,,,NVIDIA A100-SXM4-40GB MIG 4g.20gb (0),1,,13,cupy_copy__complex64_complex64
5815403590,85727,407503,1,1,1,32,32,1,30,0.000,0.000,,,,,NVIDIA A100-SXM4-40GB MIG 4g.20gb (0),1,,13,"void convert_kernel<__half2, float2>(tensor_layout_any, T1 *, tensor_layout_any, const T2 *)"
5815521604,17312,407506,,,,,,,,,,0.094,5412.162,Pinned,Device,NVIDIA A100-SXM4-40GB MIG 4g.20gb (0),1,,13,[CUDA memcpy Host-to-Device]
5815565572,46527,407507,,,,,,,,,,35.810,769626.801,Device,,NVIDIA A100-SXM4-40GB MIG 4g.20gb (0),1,,13,[CUDA memset]
5815619395,4864,407509,,,,,,,,,,0.000,16.447,Pinned,Device,NVIDIA A100-SXM4-40GB MIG 4g.20gb (0),1,,13,[CUDA memcpy Host-to-Device]
5815636995,32416,407510,,,,,,,,,,0.197,6064.964,Pinned,Device,NVIDIA A100-SXM4-40GB MIG 4g.20gb (0),1,,13,[CUDA memcpy Host-to-Device]
5815688386,9440,407511,273,1,1,48,1,1,40,0.000,0.001,,,,,NVIDIA A100-SXM4-40GB MIG 4g.20gb (0),1,,13,"void pusch_noise_intf_est::noiseIntfEstNoDftSOfdmKernel<float, __half, float, float, (unsigned int)2, (unsigned int)1, (unsigned char)4, (unsigned char)4>(pusch_noise_intf_est::puschRxNoiseIntfEstDynDescr)"
5815709890,2752,407522,35,1,1,128,1,1,16,0.000,0.000,,,,,NVIDIA A100-SXM4-40GB MIG 4g.20gb (0),1,,13,cupy_copy__complex64_complex64
5815720482,1696,407531,1,1,1,1,1,1,18,0.000,0.000,,,,,NVIDIA A100-SXM4-40GB MIG 4g.20gb (0),1,,13,cupy_copy__float32_float32
5815726594,5824,407537,,,,,,,,,,0.000,0.687,Device,Pageable,NVIDIA A100-SXM4-40GB MIG 4g.20gb (0),1,,7,[CUDA memcpy Device-to-Host]
5815803617,13088,407548,1434,1,1,128,1,1,16,0.000,0.000,,,,,NVIDIA A100-SXM4-40GB MIG 4g.20gb (0),1,,13,cupy_copy__complex64_complex64
5815833697,2976,407555,103,1,1,128,1,1,16,0.000,0.000,,,,,NVIDIA A100-SXM4-40GB MIG 4g.20gb (0),1,,13,cupy_copy__complex64_complex64
5815850816,2688,407562,35,1,1,128,1,1,16,0.000,0.000,,,,,NVIDIA A100-SXM4-40GB MIG 4g.20gb (0),1,,13,cupy_copy__complex64_complex64
5815875232,1920,407569,1,1,1,1,1,1,18,0.000,0.000,,,,,NVIDIA A100-SXM4-40GB MIG 4g.20gb (0),1,,13,cupy_copy__float32_float32
5816008382,86975,407580,1,1,1,32,32,1,30,0.000,0.000,,,,,NVIDIA A100-SXM4-40GB MIG 4g.20gb (0),1,,13,"void convert_kernel<__half2, float2>(tensor_layout_any, T1 *, tensor_layout_any, const T2 *)"
5816124157,14080,407583,,,,,,,,,,0.094,6654.477,Pinned,Device,NVIDIA A100-SXM4-40GB MIG 4g.20gb (0),1,,13,[CUDA memcpy Host-to-Device]
5816149981,3616,407584,,,,,,,,,,1.547,427715.774,Device,,NVIDIA A100-SXM4-40GB MIG 4g.20gb (0),1,,13,[CUDA memset]
5816154621,3776,407589,,,,,,,,,,0.031,8288.120,Pinned,Device,NVIDIA A100-SXM4-40GB MIG 4g.20gb (0),1,,13,[CUDA memcpy Host-to-Device]
5816163709,13887,407590,,,,,,,,,,0.197,14157.545,Pinned,Device,NVIDIA A100-SXM4-40GB MIG 4g.20gb (0),1,,13,[CUDA memcpy Host-to-Device]
5816189724,8160,407591,273,1,1,8,4,1,39,0.002,0.000,,,,,NVIDIA A100-SXM4-40GB MIG 4g.20gb (0),1,,13,"void channel_eq::eqMmseCoefCompLowMimoKernel<float, float, float, (unsigned int)4, (unsigned int)1, (unsigned int)4>(const channel_eq::_puschRxChEqStatDescr *, channel_eq::_puschRxChEqCoefCompDynDescr)"
5816200476,6400,407592,273,1,1,12,11,1,51,0.002,0.000,,,,,NVIDIA A100-SXM4-40GB MIG 4g.20gb (0),1,,13,"void channel_eq::eqMmseSoftDemapKernel<float, __half, __half, float, (unsigned int)4, (unsigned short)16383>(channel_eq::_puschRxChEqStatDescr *, channel_eq::_puschRxChEqSoftDemapDynDescr)"
5816208668,282780,407593,1,1,1,32,32,1,30,0.000,0.000,,,,,NVIDIA A100-SXM4-40GB MIG 4g.20gb (0),1,,13,"void convert_kernel<float2, __half2>(tensor_layout_any, T1 *, tensor_layout_any, const T2 *)"
5816493528,11136,407605,2253,1,1,128,1,1,16,0.000,0.000,,,,,NVIDIA A100-SXM4-40GB MIG 4g.20gb (0),1,,13,cupy_copy__float16_float16
5816507736,3648,407614,282,1,1,128,1,1,16,0.000,0.000,,,,,NVIDIA A100-SXM4-40GB MIG 4g.20gb (0),1,,13,cupy_copy__complex64_complex64
5816512952,2496,407623,26,1,1,128,1,1,16,0.000,0.000,,,,,NVIDIA A100-SXM4-40GB MIG 4g.20gb (0),1,,13,cupy_copy__float32_float32
5816516728,3168,407632,103,1,1,128,1,1,16,0.000,0.000,,,,,NVIDIA A100-SXM4-40GB MIG 4g.20gb (0),1,,13,cupy_copy__complex64_complex64
5816521016,11904,407642,1434,1,1,128,1,1,16,0.000,0.000,,,,,NVIDIA A100-SXM4-40GB MIG 4g.20gb (0),1,,13,cupy_copy__complex64_complex64
5816536600,82463,407647,1,1,1,32,32,1,30,0.000,0.000,,,,,NVIDIA A100-SXM4-40GB MIG 4g.20gb (0),1,,13,"void convert_kernel<__half2, float2>(tensor_layout_any, T1 *, tensor_layout_any, const T2 *)"
5816646455,5792,407650,,,,,,,,,,0.094,16176.708,Pinned,Device,NVIDIA A100-SXM4-40GB MIG 4g.20gb (0),1,,13,[CUDA memcpy Host-to-Device]
5816658166,597529,407651,,,,,,,,,,456.561,763827.289,Device,,NVIDIA A100-SXM4-40GB MIG 4g.20gb (0),1,,13,[CUDA memset]
5817262575,148574,407656,,,,,,,,,,1.235,8311.173,Pinned,Device,NVIDIA A100-SXM4-40GB MIG 4g.20gb (0),1,,13,[CUDA memcpy Host-to-Device]
5817423725,37632,407657,,,,,,,,,,0.197,5224.464,Pinned,Device,NVIDIA A100-SXM4-40GB MIG 4g.20gb (0),1,,13,[CUDA memcpy Host-to-Device]
5817485068,8288,407658,69,4,1,48,1,1,76,0.002,0.000,,,,,NVIDIA A100-SXM4-40GB MIG 4g.20gb (0),1,,13,"void ch_est::windowedChEstPreNoDftSOfdmKernel<float, __half, float, (unsigned int)2, (unsigned int)1, (unsigned short)4>(ch_est::puschRxChEstStatDescr_t *, ch_est::puschRxChEstDynDescr_t *)"
5817502924,6880,407659,137,2,1,24,2,1,44,0.001,0.001,,,,,NVIDIA A100-SXM4-40GB MIG 4g.20gb (0),1,,13,"void ch_est::chEstFilterNoDftSOfdmDispatchKernel<float, __half, float, (unsigned int)2>(ch_est::puschRxChEstStatDescr_t *, ch_est::puschRxChEstDynDescr_t *)"
5817520236,4768,407660,137,2,1,24,2,1,44,0.001,0.001,,,,,NVIDIA A100-SXM4-40GB MIG 4g.20gb (0),1,,13,"void ch_est::chEstFilterNoDftSOfdmDispatchKernel<float, __half, float, (unsigned int)2>(ch_est::puschRxChEstStatDescr_t *, ch_est::puschRxChEstDynDescr_t *)"
5817536844,2496,407671,103,1,1,128,1,1,16,0.000,0.000,,,,,NVIDIA A100-SXM4-40GB MIG 4g.20gb (0),1,,13,cupy_copy__complex64_complex64
5817556203,12320,407681,1434,1,1,128,1,1,16,0.000,0.000,,,,,NVIDIA A100-SXM4-40GB MIG 4g.20gb (0),1,,13,cupy_copy__complex64_complex64
5817575083,2912,407688,103,1,1,128,1,1,16,0.000,0.000,,,,,NVIDIA A100-SXM4-40GB MIG 4g.20gb (0),1,,13,cupy_copy__complex64_complex64
5817598827,102879,407695,1,1,1,32,32,1,30,0.000,0.000,,,,,NVIDIA A100-SXM4-40GB MIG 4g.20gb (0),1,,13,"void convert_kernel<__half2, float2>(tensor_layout_any, T1 *, tensor_layout_any, const T2 *)"
5817735433,22560,407698,,,,,,,,,,0.094,4153.169,Pinned,Device,NVIDIA A100-SXM4-40GB MIG 4g.20gb (0),1,,13,[CUDA memcpy Host-to-Device]
5817783273,47839,407699,,,,,,,,,,35.810,748534.758,Device,,NVIDIA A100-SXM4-40GB MIG 4g.20gb (0),1,,13,[CUDA memset]
5817838216,9952,407701,,,,,,,,,,0.000,8.039,Pinned,Device,NVIDIA A100-SXM4-40GB MIG 4g.20gb (0),1,,13,[CUDA memcpy Host-to-Device]
5817855240,21503,407702,,,,,,,,,,0.197,9143.255,Pinned,Device,NVIDIA A100-SXM4-40GB MIG 4g.20gb (0),1,,13,[CUDA memcpy Host-to-Device]
5817893351,9888,407703,273,1,1,48,1,1,40,0.000,0.001,,,,,NVIDIA A100-SXM4-40GB MIG 4g.20gb (0),1,,13,"void pusch_noise_intf_est::noiseIntfEstNoDftSOfdmKernel<float, __half, float, float, (unsigned int)2, (unsigned int)1, (unsigned char)4, (unsigned char)4>(pusch_noise_intf_est::puschRxNoiseIntfEstDynDescr)"
5817917031,2784,407714,35,1,1,128,1,1,16,0.000,0.000,,,,,NVIDIA A100-SXM4-40GB MIG 4g.20gb (0),1,,13,cupy_copy__complex64_complex64
5817924423,1696,407723,1,1,1,1,1,1,18,0.000,0.000,,,,,NVIDIA A100-SXM4-40GB MIG 4g.20gb (0),1,,13,cupy_copy__float32_float32
5817930535,4896,407729,,,,,,,,,,0.000,0.817,Device,Pageable,NVIDIA A100-SXM4-40GB MIG 4g.20gb (0),1,,7,[CUDA memcpy Device-to-Host]
5818014630,13280,407740,1434,1,1,128,1,1,16,0.000,0.000,,,,,NVIDIA A100-SXM4-40GB MIG 4g.20gb (0),1,,13,cupy_copy__complex64_complex64
5818047301,2816,407747,103,1,1,128,1,1,16,0.000,0.000,,,,,NVIDIA A100-SXM4-40GB MIG 4g.20gb (0),1,,13,cupy_copy__complex64_complex64
5818058629,2496,407754,35,1,1,128,1,1,16,0.000,0.000,,,,,NVIDIA A100-SXM4-40GB MIG 4g.20gb (0),1,,13,cupy_copy__complex64_complex64
5818077989,1888,407761,1,1,1,1,1,1,18,0.000,0.000,,,,,NVIDIA A100-SXM4-40GB MIG 4g.20gb (0),1,,13,cupy_copy__float32_float32
5818199043,86751,407772,1,1,1,32,32,1,30,0.000,0.000,,,,,NVIDIA A100-SXM4-40GB MIG 4g.20gb (0),1,,13,"void convert_kernel<__half2, float2>(tensor_layout_any, T1 *, tensor_layout_any, const T2 *)"
5818314434,5760,407775,,,,,,,,,,0.094,16266.656,Pinned,Device,NVIDIA A100-SXM4-40GB MIG 4g.20gb (0),1,,13,[CUDA memcpy Host-to-Device]
5818328450,3232,407776,,,,,,,,,,1.547,478533.199,Device,,NVIDIA A100-SXM4-40GB MIG 4g.20gb (0),1,,13,[CUDA memset]
5818335202,3360,407781,,,,,,,,,,0.031,9314.284,Pinned,Device,NVIDIA A100-SXM4-40GB MIG 4g.20gb (0),1,,13,[CUDA memcpy Host-to-Device]
5818341122,10112,407782,,,,,,,,,,0.197,19442.958,Pinned,Device,NVIDIA A100-SXM4-40GB MIG 4g.20gb (0),1,,13,[CUDA memcpy Host-to-Device]
5818355330,6399,407783,273,1,1,8,4,1,39,0.002,0.000,,,,,NVIDIA A100-SXM4-40GB MIG 4g.20gb (0),1,,13,"void channel_eq::eqMmseCoefCompLowMimoKernel<float, float, float, (unsigned int)4, (unsigned int)1, (unsigned int)4>(const channel_eq::_puschRxChEqStatDescr *, channel_eq::_puschRxChEqCoefCompDynDescr)"
5818362785,6112,407784,273,1,1,12,11,1,51,0.002,0.000,,,,,NVIDIA A100-SXM4-40GB MIG 4g.20gb (0),1,,13,"void channel_eq::eqMmseSoftDemapKernel<float, __half, __half, float, (unsigned int)4, (unsigned short)16383>(channel_eq::_puschRxChEqStatDescr *, channel_eq::_puschRxChEqSoftDemapDynDescr)"
5818369985,283037,407785,1,1,1,32,32,1,30,0.000,0.000,,,,,NVIDIA A100-SXM4-40GB MIG 4g.20gb (0),1,,13,"void convert_kernel<float2, __half2>(tensor_layout_any, T1 *, tensor_layout_any, const T2 *)"
5818654750,11072,407797,2253,1,1,128,1,1,16,0.000,0.000,,,,,NVIDIA A100-SXM4-40GB MIG 4g.20gb (0),1,,13,cupy_copy__float16_float16
5818669118,3616,407806,282,1,1,128,1,1,16,0.000,0.000,,,,,NVIDIA A100-SXM4-40GB MIG 4g.20gb (0),1,,13,cupy_copy__complex64_complex64
5818676190,3392,407815,26,1,1,128,1,1,16,0.000,0.000,,,,,NVIDIA A100-SXM4-40GB MIG 4g.20gb (0),1,,13,cupy_copy__float32_float32
5818680734,2879,407824,103,1,1,128,1,1,16,0.000,0.000,,,,,NVIDIA A100-SXM4-40GB MIG 4g.20gb (0),1,,13,cupy_copy__complex64_complex64
5818686653,11936,407834,1434,1,1,128,1,1,16,0.000,0.000,,,,,NVIDIA A100-SXM4-40GB MIG 4g.20gb (0),1,,13,cupy_copy__complex64_complex64
5818704125,82303,407839,1,1,1,32,32,1,30,0.000,0.000,,,,,NVIDIA A100-SXM4-40GB MIG 4g.20gb (0),1,,13,"void convert_kernel<__half2, float2>(tensor_layout_any, T1 *, tensor_layout_any, const T2 *)"
5818812860,5504,407842,,,,,,,,,,0.094,17023.251,Pinned,Device,NVIDIA A100-SXM4-40GB MIG 4g.20gb (0),1,,13,[CUDA memcpy Host-to-Device]
5818822652,602616,407843,,,,,,,,,,456.561,757435.429,Device,,NVIDIA A100-SXM4-40GB MIG 4g.20gb (0),1,,13,[CUDA memset]
5819432724,76895,407848,,,,,,,,,,1.235,16059.212,Pinned,Device,NVIDIA A100-SXM4-40GB MIG 4g.20gb (0),1,,13,[CUDA memcpy Host-to-Device]
5819516339,17824,407849,,,,,,,,,,0.197,11030.495,Pinned,Device,NVIDIA A100-SXM4-40GB MIG 4g.20gb (0),1,,13,[CUDA memcpy Host-to-Device]
5819542419,8960,407850,69,4,1,48,1,1,76,0.002,0.000,,,,,NVIDIA A100-SXM4-40GB MIG 4g.20gb (0),1,,13,"void ch_est::windowedChEstPreNoDftSOfdmKernel<float, __half, float, (unsigned int)2, (unsigned int)1, (unsigned short)4>(ch_est::puschRxChEstStatDescr_t *, ch_est::puschRxChEstDynDescr_t *)"
5819558707,7808,407851,137,2,1,24,2,1,44,0.001,0.001,,,,,NVIDIA A100-SXM4-40GB MIG 4g.20gb (0),1,,13,"void ch_est::chEstFilterNoDftSOfdmDispatchKernel<float, __half, float, (unsigned int)2>(ch_est::puschRxChEstStatDescr_t *, ch_est::puschRxChEstDynDescr_t *)"
5819574035,6239,407852,137,2,1,24,2,1,44,0.001,0.001,,,,,NVIDIA A100-SXM4-40GB MIG 4g.20gb (0),1,,13,"void ch_est::chEstFilterNoDftSOfdmDispatchKernel<float, __half, float, (unsigned int)2>(ch_est::puschRxChEstStatDescr_t *, ch_est::puschRxChEstDynDescr_t *)"
5819582642,2592,407863,103,1,1,128,1,1,16,0.000,0.000,,,,,NVIDIA A100-SXM4-40GB MIG 4g.20gb (0),1,,13,cupy_copy__complex64_complex64
5819592242,12512,407873,1434,1,1,128,1,1,16,0.000,0.000,,,,,NVIDIA A100-SXM4-40GB MIG 4g.20gb (0),1,,13,cupy_copy__complex64_complex64
5819608850,2400,407880,103,1,1,128,1,1,16,0.000,0.000,,,,,NVIDIA A100-SXM4-40GB MIG 4g.20gb (0),1,,13,cupy_copy__complex64_complex64
5819618194,87423,407887,1,1,1,32,32,1,30,0.000,0.000,,,,,NVIDIA A100-SXM4-40GB MIG 4g.20gb (0),1,,13,"void convert_kernel<__half2, float2>(tensor_layout_any, T1 *, tensor_layout_any, const T2 *)"
5819736465,9823,407890,,,,,,,,,,0.094,9538.346,Pinned,Device,NVIDIA A100-SXM4-40GB MIG 4g.20gb (0),1,,13,[CUDA memcpy Host-to-Device]
5819755984,47360,407891,,,,,,,,,,35.810,756090.651,Device,,NVIDIA A100-SXM4-40GB MIG 4g.20gb (0),1,,13,[CUDA memset]
5819809232,5728,407893,,,,,,,,,,0.000,13.966,Pinned,Device,NVIDIA A100-SXM4-40GB MIG 4g.20gb (0),1,,13,[CUDA memcpy Host-to-Device]
5819822415,19520,407894,,,,,,,,,,0.197,10072.031,Pinned,Device,NVIDIA A100-SXM4-40GB MIG 4g.20gb (0),1,,13,[CUDA memcpy Host-to-Device]
5819861007,9408,407895,273,1,1,48,1,1,40,0.000,0.001,,,,,NVIDIA A100-SXM4-40GB MIG 4g.20gb (0),1,,13,"void pusch_noise_intf_est::noiseIntfEstNoDftSOfdmKernel<float, __half, float, float, (unsigned int)2, (unsigned int)1, (unsigned char)4, (unsigned char)4>(pusch_noise_intf_est::puschRxNoiseIntfEstDynDescr)"
5819882415,2624,407906,35,1,1,128,1,1,16,0.000,0.000,,,,,NVIDIA A100-SXM4-40GB MIG 4g.20gb (0),1,,13,cupy_copy__complex64_complex64
5819893487,1696,407915,1,1,1,1,1,1,18,0.000,0.000,,,,,NVIDIA A100-SXM4-40GB MIG 4g.20gb (0),1,,13,cupy_copy__float32_float32
5819899663,3935,407921,,,,,,,,,,0.000,1.017,Device,Pageable,NVIDIA A100-SXM4-40GB MIG 4g.20gb (0),1,,7,[CUDA memcpy Device-to-Host]
5819984877,12672,407932,1434,1,1,128,1,1,16,0.000,0.000,,,,,NVIDIA A100-SXM4-40GB MIG 4g.20gb (0),1,,13,cupy_copy__complex64_complex64
5820004397,3360,407939,103,1,1,128,1,1,16,0.000,0.000,,,,,NVIDIA A100-SXM4-40GB MIG 4g.20gb (0),1,,13,cupy_copy__complex64_complex64
5820031949,2784,407946,35,1,1,128,1,1,16,0.000,0.000,,,,,NVIDIA A100-SXM4-40GB MIG 4g.20gb (0),1,,13,cupy_copy__complex64_complex64
5820054573,1760,407953,1,1,1,1,1,1,18,0.000,0.000,,,,,NVIDIA A100-SXM4-40GB MIG 4g.20gb (0),1,,13,cupy_copy__float32_float32
5820174187,88447,407964,1,1,1,32,32,1,30,0.000,0.000,,,,,NVIDIA A100-SXM4-40GB MIG 4g.20gb (0),1,,13,"void convert_kernel<__half2, float2>(tensor_layout_any, T1 *, tensor_layout_any, const T2 *)"
5820290666,5408,407967,,,,,,,,,,0.094,17325.421,Pinned,Device,NVIDIA A100-SXM4-40GB MIG 4g.20gb (0),1,,13,[CUDA memcpy Host-to-Device]
5820304810,3295,407968,,,,,,,,,,1.547,469384.918,Device,,NVIDIA A100-SXM4-40GB MIG 4g.20gb (0),1,,13,[CUDA memset]
5820311945,3104,407973,,,,,,,,,,0.031,10082.445,Pinned,Device,NVIDIA A100-SXM4-40GB MIG 4g.20gb (0),1,,13,[CUDA memcpy Host-to-Device]
5820317801,10240,407974,,,,,,,,,,0.197,19199.951,Pinned,Device,NVIDIA A100-SXM4-40GB MIG 4g.20gb (0),1,,13,[CUDA memcpy Host-to-Device]
5820332649,6048,407975,273,1,1,8,4,1,39,0.002,0.000,,,,,NVIDIA A100-SXM4-40GB MIG 4g.20gb (0),1,,13,"void channel_eq::eqMmseCoefCompLowMimoKernel<float, float, float, (unsigned int)4, (unsigned int)1, (unsigned int)4>(const channel_eq::_puschRxChEqStatDescr *, channel_eq::_puschRxChEqCoefCompDynDescr)"
5820341385,5408,407976,273,1,1,12,11,1,51,0.002,0.000,,,,,NVIDIA A100-SXM4-40GB MIG 4g.20gb (0),1,,13,"void channel_eq::eqMmseSoftDemapKernel<float, __half, __half, float, (unsigned int)4, (unsigned short)16383>(channel_eq::_puschRxChEqStatDescr *, channel_eq::_puschRxChEqSoftDemapDynDescr)"
5820348649,294428,407977,1,1,1,32,32,1,30,0.000,0.000,,,,,NVIDIA A100-SXM4-40GB MIG 4g.20gb (0),1,,13,"void convert_kernel<float2, __half2>(tensor_layout_any, T1 *, tensor_layout_any, const T2 *)"
5820645445,10848,407989,2253,1,1,128,1,1,16,0.000,0.000,,,,,NVIDIA A100-SXM4-40GB MIG 4g.20gb (0),1,,13,cupy_copy__float16_float16
5820659045,3136,407998,282,1,1,128,1,1,16,0.000,0.000,,,,,NVIDIA A100-SXM4-40GB MIG 4g.20gb (0),1,,13,cupy_copy__complex64_complex64
5820664165,2016,408007,26,1,1,128,1,1,16,0.000,0.000,,,,,NVIDIA A100-SXM4-40GB MIG 4g.20gb (0),1,,13,cupy_copy__float32_float32
5820668421,2848,408016,103,1,1,128,1,1,16,0.000,0.000,,,,,NVIDIA A100-SXM4-40GB MIG 4g.20gb (0),1,,13,cupy_copy__complex64_complex64
5820673605,11968,408026,1434,1,1,128,1,1,16,0.000,0.000,,,,,NVIDIA A100-SXM4-40GB MIG 4g.20gb (0),1,,13,cupy_copy__complex64_complex64
5820690629,82111,408031,1,1,1,32,32,1,30,0.000,0.000,,,,,NVIDIA A100-SXM4-40GB MIG 4g.20gb (0),1,,13,"void convert_kernel<__half2, float2>(tensor_layout_any, T1 *, tensor_layout_any, const T2 *)"
5820800355,5632,408034,,,,,,,,,,0.094,16636.287,Pinned,Device,NVIDIA A100-SXM4-40GB MIG 4g.20gb (0),1,,13,[CUDA memcpy Host-to-Device]
5820810083,598457,408035,,,,,,,,,,456.561,762457.605,Device,,NVIDIA A100-SXM4-40GB MIG 4g.20gb (0),1,,13,[CUDA memset]
5821417212,162238,408040,,,,,,,,,,1.235,7610.960,Pinned,Device,NVIDIA A100-SXM4-40GB MIG 4g.20gb (0),1,,13,[CUDA memcpy Host-to-Device]
5821587290,24735,408041,,,,,,,,,,0.197,7948.468,Pinned,Device,NVIDIA A100-SXM4-40GB MIG 4g.20gb (0),1,,13,[CUDA memcpy Host-to-Device]
5821625401,8512,408042,69,4,1,48,1,1,76,0.002,0.000,,,,,NVIDIA A100-SXM4-40GB MIG 4g.20gb (0),1,,13,"void ch_est::windowedChEstPreNoDftSOfdmKernel<float, __half, float, (unsigned int)2, (unsigned int)1, (unsigned short)4>(ch_est::puschRxChEstStatDescr_t *, ch_est::puschRxChEstDynDescr_t *)"
5821637753,6848,408043,137,2,1,24,2,1,44,0.001,0.001,,,,,NVIDIA A100-SXM4-40GB MIG 4g.20gb (0),1,,13,"void ch_est::chEstFilterNoDftSOfdmDispatchKernel<float, __half, float, (unsigned int)2>(ch_est::puschRxChEstStatDescr_t *, ch_est::puschRxChEstDynDescr_t *)"
5821650137,6528,408044,137,2,1,24,2,1,44,0.001,0.001,,,,,NVIDIA A100-SXM4-40GB MIG 4g.20gb (0),1,,13,"void ch_est::chEstFilterNoDftSOfdmDispatchKernel<float, __half, float, (unsigned int)2>(ch_est::puschRxChEstStatDescr_t *, ch_est::puschRxChEstDynDescr_t *)"
5821658009,2592,408055,103,1,1,128,1,1,16,0.000,0.000,,,,,NVIDIA A100-SXM4-40GB MIG 4g.20gb (0),1,,13,cupy_copy__complex64_complex64
5821664377,12480,408065,1434,1,1,128,1,1,16,0.000,0.000,,,,,NVIDIA A100-SXM4-40GB MIG 4g.20gb (0),1,,13,cupy_copy__complex64_complex64
5821679033,2944,408072,103,1,1,128,1,1,16,0.000,0.000,,,,,NVIDIA A100-SXM4-40GB MIG 4g.20gb (0),1,,13,cupy_copy__complex64_complex64
5821685880,87871,408079,1,1,1,32,32,1,30,0.000,0.000,,,,,NVIDIA A100-SXM4-40GB MIG 4g.20gb (0),1,,13,"void convert_kernel<__half2, float2>(tensor_layout_any, T1 *, tensor_layout_any, const T2 *)"
5821800951,6048,408082,,,,,,,,,,0.094,15491.978,Pinned,Device,NVIDIA A100-SXM4-40GB MIG 4g.20gb (0),1,,13,[CUDA memcpy Host-to-Device]
5821815351,46943,408083,,,,,,,,,,35.810,762822.916,Device,,NVIDIA A100-SXM4-40GB MIG 4g.20gb (0),1,,13,[CUDA memset]
5821868598,3424,408085,,,,,,,,,,0.000,23.364,Pinned,Device,NVIDIA A100-SXM4-40GB MIG 4g.20gb (0),1,,13,[CUDA memcpy Host-to-Device]
5821876918,11712,408086,,,,,,,,,,0.197,16786.784,Pinned,Device,NVIDIA A100-SXM4-40GB MIG 4g.20gb (0),1,,13,[CUDA memcpy Host-to-Device]
5821897654,9440,408087,273,1,1,48,1,1,40,0.000,0.001,,,,,NVIDIA A100-SXM4-40GB MIG 4g.20gb (0),1,,13,"void pusch_noise_intf_est::noiseIntfEstNoDftSOfdmKernel<float, __half, float, float, (unsigned int)2, (unsigned int)1, (unsigned char)4, (unsigned char)4>(pusch_noise_intf_est::puschRxNoiseIntfEstDynDescr)"
5821910902,2944,408098,35,1,1,128,1,1,16,0.000,0.000,,,,,NVIDIA A100-SXM4-40GB MIG 4g.20gb (0),1,,13,cupy_copy__complex64_complex64
5821926934,1792,408107,1,1,1,1,1,1,18,0.000,0.000,,,,,NVIDIA A100-SXM4-40GB MIG 4g.20gb (0),1,,13,cupy_copy__float32_float32
5821956597,1568,408113,,,,,,,,,,0.000,2.551,Device,Pageable,NVIDIA A100-SXM4-40GB MIG 4g.20gb (0),1,,7,[CUDA memcpy Device-to-Host]
5822014868,12800,408124,1434,1,1,128,1,1,16,0.000,0.000,,,,,NVIDIA A100-SXM4-40GB MIG 4g.20gb (0),1,,13,cupy_copy__complex64_complex64
5822041716,2656,408131,103,1,1,128,1,1,16,0.000,0.000,,,,,NVIDIA A100-SXM4-40GB MIG 4g.20gb (0),1,,13,cupy_copy__complex64_complex64
5822063412,2144,408138,35,1,1,128,1,1,16,0.000,0.000,,,,,NVIDIA A100-SXM4-40GB MIG 4g.20gb (0),1,,13,cupy_copy__complex64_complex64
5822080436,1792,408145,1,1,1,1,1,1,18,0.000,0.000,,,,,NVIDIA A100-SXM4-40GB MIG 4g.20gb (0),1,,13,cupy_copy__float32_float32
5822215058,82239,408156,1,1,1,32,32,1,30,0.000,0.000,,,,,NVIDIA A100-SXM4-40GB MIG 4g.20gb (0),1,,13,"void convert_kernel<__half2, float2>(tensor_layout_any, T1 *, tensor_layout_any, const T2 *)"
5822325201,5440,408159,,,,,,,,,,0.094,17223.480,Pinned,Device,NVIDIA A100-SXM4-40GB MIG 4g.20gb (0),1,,13,[CUDA memcpy Host-to-Device]
5822340208,3392,408160,,,,,,,,,,1.547,455961.768,Device,,NVIDIA A100-SXM4-40GB MIG 4g.20gb (0),1,,13,[CUDA memset]
5822345872,3232,408165,,,,,,,,,,0.031,9683.139,Pinned,Device,NVIDIA A100-SXM4-40GB MIG 4g.20gb (0),1,,13,[CUDA memcpy Host-to-Device]
5822351504,9376,408166,,,,,,,,,,0.197,20969.226,Pinned,Device,NVIDIA A100-SXM4-40GB MIG 4g.20gb (0),1,,13,[CUDA memcpy Host-to-Device]
5822365520,8352,408167,273,1,1,8,4,1,39,0.002,0.000,,,,,NVIDIA A100-SXM4-40GB MIG 4g.20gb (0),1,,13,"void channel_eq::eqMmseCoefCompLowMimoKernel<float, float, float, (unsigned int)4, (unsigned int)1, (unsigned int)4>(const channel_eq::_puschRxChEqStatDescr *, channel_eq::_puschRxChEqCoefCompDynDescr)"
5822374928,6208,408168,273,1,1,12,11,1,51,0.002,0.000,,,,,NVIDIA A100-SXM4-40GB MIG 4g.20gb (0),1,,13,"void channel_eq::eqMmseSoftDemapKernel<float, __half, __half, float, (unsigned int)4, (unsigned short)16383>(channel_eq::_puschRxChEqStatDescr *, channel_eq::_puschRxChEqSoftDemapDynDescr)"
5822382224,283100,408169,1,1,1,32,32,1,30,0.000,0.000,,,,,NVIDIA A100-SXM4-40GB MIG 4g.20gb (0),1,,13,"void convert_kernel<float2, __half2>(tensor_layout_any, T1 *, tensor_layout_any, const T2 *)"
5822666316,10944,408181,2253,1,1,128,1,1,16,0.000,0.000,,,,,NVIDIA A100-SXM4-40GB MIG 4g.20gb (0),1,,13,cupy_copy__float16_float16
5822683564,3072,408190,282,1,1,128,1,1,16,0.000,0.000,,,,,NVIDIA A100-SXM4-40GB MIG 4g.20gb (0),1,,13,cupy_copy__complex64_complex64
5822688780,2016,408199,26,1,1,128,1,1,16,0.000,0.000,,,,,NVIDIA A100-SXM4-40GB MIG 4g.20gb (0),1,,13,cupy_copy__float32_float32
5822691820,4640,408208,103,1,1,128,1,1,16,0.000,0.000,,,,,NVIDIA A100-SXM4-40GB MIG 4g.20gb (0),1,,13,cupy_copy__complex64_complex64
5822697580,11904,408218,1434,1,1,128,1,1,16,0.000,0.000,,,,,NVIDIA A100-SXM4-40GB MIG 4g.20gb (0),1,,13,cupy_copy__complex64_complex64
5822719500,81375,408223,1,1,1,32,32,1,30,0.000,0.000,,,,,NVIDIA A100-SXM4-40GB MIG 4g.20gb (0),1,,13,"void convert_kernel<__half2, float2>(tensor_layout_any, T1 *, tensor_layout_any, const T2 *)"
5822827978,6048,408226,,,,,,,,,,0.094,15491.978,Pinned,Device,NVIDIA A100-SXM4-40GB MIG 4g.20gb (0),1,,13,[CUDA memcpy Host-to-Device]
5822838858,597177,408227,,,,,,,,,,456.561,764283.851,Device,,NVIDIA A100-SXM4-40GB MIG 4g.20gb (0),1,,13,[CUDA memset]
5823441027,139166,408232,,,,,,,,,,1.235,8873.073,Pinned,Device,NVIDIA A100-SXM4-40GB MIG 4g.20gb (0),1,,13,[CUDA memcpy Host-to-Device]
5823595169,42815,408233,,,,,,,,,,0.197,4591.976,Pinned,Device,NVIDIA A100-SXM4-40GB MIG 4g.20gb (0),1,,13,[CUDA memcpy Host-to-Device]
5823667808,7712,408234,69,4,1,48,1,1,76,0.002,0.000,,,,,NVIDIA A100-SXM4-40GB MIG 4g.20gb (0),1,,13,"void ch_est::windowedChEstPreNoDftSOfdmKernel<float, __half, float, (unsigned int)2, (unsigned int)1, (unsigned short)4>(ch_est::puschRxChEstStatDescr_t *, ch_est::puschRxChEstDynDescr_t *)"
5823687040,6688,408235,137,2,1,24,2,1,44,0.001,0.001,,,,,NVIDIA A100-SXM4-40GB MIG 4g.20gb (0),1,,13,"void ch_est::chEstFilterNoDftSOfdmDispatchKernel<float, __half, float, (unsigned int)2>(ch_est::puschRxChEstStatDescr_t *, ch_est::puschRxChEstDynDescr_t *)"
5823703904,4768,408236,137,2,1,24,2,1,44,0.001,0.001,,,,,NVIDIA A100-SXM4-40GB MIG 4g.20gb (0),1,,13,"void ch_est::chEstFilterNoDftSOfdmDispatchKernel<float, __half, float, (unsigned int)2>(ch_est::puschRxChEstStatDescr_t *, ch_est::puschRxChEstDynDescr_t *)"
5823722943,2752,408247,103,1,1,128,1,1,16,0.000,0.000,,,,,NVIDIA A100-SXM4-40GB MIG 4g.20gb (0),1,,13,cupy_copy__complex64_complex64
5823739807,12352,408257,1434,1,1,128,1,1,16,0.000,0.000,,,,,NVIDIA A100-SXM4-40GB MIG 4g.20gb (0),1,,13,cupy_copy__complex64_complex64
5823762431,2592,408264,103,1,1,128,1,1,16,0.000,0.000,,,,,NVIDIA A100-SXM4-40GB MIG 4g.20gb (0),1,,13,cupy_copy__complex64_complex64
5823782591,86719,408271,1,1,1,32,32,1,30,0.000,0.000,,,,,NVIDIA A100-SXM4-40GB MIG 4g.20gb (0),1,,13,"void convert_kernel<__half2, float2>(tensor_layout_any, T1 *, tensor_layout_any, const T2 *)"
5823897117,5856,408274,,,,,,,,,,0.094,15999.997,Pinned,Device,NVIDIA A100-SXM4-40GB MIG 4g.20gb (0),1,,13,[CUDA memcpy Host-to-Device]
5823908989,46720,408275,,,,,,,,,,35.810,766475.528,Device,,NVIDIA A100-SXM4-40GB MIG 4g.20gb (0),1,,13,[CUDA memset]
5823962556,5024,408277,,,,,,,,,,0.000,15.924,Pinned,Device,NVIDIA A100-SXM4-40GB MIG 4g.20gb (0),1,,13,[CUDA memcpy Host-to-Device]
5823973180,13792,408278,,,,,,,,,,0.197,14255.063,Pinned,Device,NVIDIA A100-SXM4-40GB MIG 4g.20gb (0),1,,13,[CUDA memcpy Host-to-Device]
5823995484,13184,408279,273,1,1,48,1,1,40,0.000,0.001,,,,,NVIDIA A100-SXM4-40GB MIG 4g.20gb (0),1,,13,"void pusch_noise_intf_est::noiseIntfEstNoDftSOfdmKernel<float, __half, float, float, (unsigned int)2, (unsigned int)1, (unsigned char)4, (unsigned char)4>(pusch_noise_intf_est::puschRxNoiseIntfEstDynDescr)"
5824010364,3136,408290,35,1,1,128,1,1,16,0.000,0.000,,,,,NVIDIA A100-SXM4-40GB MIG 4g.20gb (0),1,,13,cupy_copy__complex64_complex64
5824020732,1952,408299,1,1,1,1,1,1,18,0.000,0.000,,,,,NVIDIA A100-SXM4-40GB MIG 4g.20gb (0),1,,13,cupy_copy__float32_float32
5824050811,1664,408305,,,,,,,,,,0.000,2.404,Device,Pageable,NVIDIA A100-SXM4-40GB MIG 4g.20gb (0),1,,7,[CUDA memcpy Device-to-Host]
5824109883,13023,408316,1434,1,1,128,1,1,16,0.000,0.000,,,,,NVIDIA A100-SXM4-40GB MIG 4g.20gb (0),1,,13,cupy_copy__complex64_complex64
5824136858,3008,408323,103,1,1,128,1,1,16,0.000,0.000,,,,,NVIDIA A100-SXM4-40GB MIG 4g.20gb (0),1,,13,cupy_copy__complex64_complex64
5824158138,2496,408330,35,1,1,128,1,1,16,0.000,0.000,,,,,NVIDIA A100-SXM4-40GB MIG 4g.20gb (0),1,,13,cupy_copy__complex64_complex64
5824176314,1824,408337,1,1,1,1,1,1,18,0.000,0.000,,,,,NVIDIA A100-SXM4-40GB MIG 4g.20gb (0),1,,13,cupy_copy__float32_float32
5824308280,87327,408348,1,1,1,32,32,1,30,0.000,0.000,,,,,NVIDIA A100-SXM4-40GB MIG 4g.20gb (0),1,,13,"void convert_kernel<__half2, float2>(tensor_layout_any, T1 *, tensor_layout_any, const T2 *)"
5824423415,5600,408351,,,,,,,,,,0.094,16731.388,Pinned,Device,NVIDIA A100-SXM4-40GB MIG 4g.20gb (0),1,,13,[CUDA memcpy Host-to-Device]
5824437495,3232,408352,,,,,,,,,,1.547,478533.199,Device,,NVIDIA A100-SXM4-40GB MIG 4g.20gb (0),1,,13,[CUDA memset]
5824444215,3615,408357,,,,,,,,,,0.031,8657.256,Pinned,Device,NVIDIA A100-SXM4-40GB MIG 4g.20gb (0),1,,13,[CUDA memcpy Host-to-Device]
5824450806,9856,408358,,,,,,,,,,0.197,19948.044,Pinned,Device,NVIDIA A100-SXM4-40GB MIG 4g.20gb (0),1,,13,[CUDA memcpy Host-to-Device]
5824466134,6016,408359,273,1,1,8,4,1,39,0.002,0.000,,,,,NVIDIA A100-SXM4-40GB MIG 4g.20gb (0),1,,13,"void channel_eq::eqMmseCoefCompLowMimoKernel<float, float, float, (unsigned int)4, (unsigned int)1, (unsigned int)4>(const channel_eq::_puschRxChEqStatDescr *, channel_eq::_puschRxChEqCoefCompDynDescr)"
5824473910,6304,408360,273,1,1,12,11,1,51,0.002,0.000,,,,,NVIDIA A100-SXM4-40GB MIG 4g.20gb (0),1,,13,"void channel_eq::eqMmseSoftDemapKernel<float, __half, __half, float, (unsigned int)4, (unsigned short)16383>(channel_eq::_puschRxChEqStatDescr *, channel_eq::_puschRxChEqSoftDemapDynDescr)"
5824481878,281949,408361,1,1,1,32,32,1,30,0.000,0.000,,,,,NVIDIA A100-SXM4-40GB MIG 4g.20gb (0),1,,13,"void convert_kernel<float2, __half2>(tensor_layout_any, T1 *, tensor_layout_any, const T2 *)"
5824765299,10943,408373,2253,1,1,128,1,1,16,0.000,0.000,,,,,NVIDIA A100-SXM4-40GB MIG 4g.20gb (0),1,,13,cupy_copy__float16_float16
5824780882,2848,408382,282,1,1,128,1,1,16,0.000,0.000,,,,,NVIDIA A100-SXM4-40GB MIG 4g.20gb (0),1,,13,cupy_copy__complex64_complex64
5824787378,2112,408391,26,1,1,128,1,1,16,0.000,0.000,,,,,NVIDIA A100-SXM4-40GB MIG 4g.20gb (0),1,,13,cupy_copy__float32_float32
5824794290,2912,408400,103,1,1,128,1,1,16,0.000,0.000,,,,,NVIDIA A100-SXM4-40GB MIG 4g.20gb (0),1,,13,cupy_copy__complex64_complex64
5824801842,11872,408410,1434,1,1,128,1,1,16,0.000,0.000,,,,,NVIDIA A100-SXM4-40GB MIG 4g.20gb (0),1,,13,cupy_copy__complex64_complex64
5824817074,86943,408415,1,1,1,32,32,1,30,0.000,0.000,,,,,NVIDIA A100-SXM4-40GB MIG 4g.20gb (0),1,,13,"void convert_kernel<__half2, float2>(tensor_layout_any, T1 *, tensor_layout_any, const T2 *)"
5824931025,5695,408418,,,,,,,,,,0.094,16452.268,Pinned,Device,NVIDIA A100-SXM4-40GB MIG 4g.20gb (0),1,,13,[CUDA memcpy Host-to-Device]
5824941648,597497,408419,,,,,,,,,,456.561,763827.289,Device,,NVIDIA A100-SXM4-40GB MIG 4g.20gb (0),1,,13,[CUDA memset]
5825550025,173726,408424,,,,,,,,,,1.235,7108.338,Pinned,Device,NVIDIA A100-SXM4-40GB MIG 4g.20gb (0),1,,13,[CUDA memcpy Host-to-Device]
5825736039,39775,408425,,,,,,,,,,0.197,4942.922,Pinned,Device,NVIDIA A100-SXM4-40GB MIG 4g.20gb (0),1,,13,[CUDA memcpy Host-to-Device]
5825793510,8032,408426,69,4,1,48,1,1,76,0.002,0.000,,,,,NVIDIA A100-SXM4-40GB MIG 4g.20gb (0),1,,13,"void ch_est::windowedChEstPreNoDftSOfdmKernel<float, __half, float, (unsigned int)2, (unsigned int)1, (unsigned short)4>(ch_est::puschRxChEstStatDescr_t *, ch_est::puschRxChEstDynDescr_t *)"
5825811206,6560,408427,137,2,1,24,2,1,44,0.001,0.001,,,,,NVIDIA A100-SXM4-40GB MIG 4g.20gb (0),1,,13,"void ch_est::chEstFilterNoDftSOfdmDispatchKernel<float, __half, float, (unsigned int)2>(ch_est::puschRxChEstStatDescr_t *, ch_est::puschRxChEstDynDescr_t *)"
5825828453,4704,408428,137,2,1,24,2,1,44,0.001,0.001,,,,,NVIDIA A100-SXM4-40GB MIG 4g.20gb (0),1,,13,"void ch_est::chEstFilterNoDftSOfdmDispatchKernel<float, __half, float, (unsigned int)2>(ch_est::puschRxChEstStatDescr_t *, ch_est::puschRxChEstDynDescr_t *)"
5825845509,2528,408439,103,1,1,128,1,1,16,0.000,0.000,,,,,NVIDIA A100-SXM4-40GB MIG 4g.20gb (0),1,,13,cupy_copy__complex64_complex64
5825864805,12544,408449,1434,1,1,128,1,1,16,0.000,0.000,,,,,NVIDIA A100-SXM4-40GB MIG 4g.20gb (0),1,,13,cupy_copy__complex64_complex64
5825886949,2528,408456,103,1,1,128,1,1,16,0.000,0.000,,,,,NVIDIA A100-SXM4-40GB MIG 4g.20gb (0),1,,13,cupy_copy__complex64_complex64
5825907940,89503,408463,1,1,1,32,32,1,30,0.000,0.000,,,,,NVIDIA A100-SXM4-40GB MIG 4g.20gb (0),1,,13,"void convert_kernel<__half2, float2>(tensor_layout_any, T1 *, tensor_layout_any, const T2 *)"
5826031939,23232,408466,,,,,,,,,,0.094,4033.051,Pinned,Device,NVIDIA A100-SXM4-40GB MIG 4g.20gb (0),1,,13,[CUDA memcpy Host-to-Device]
5826070050,47232,408467,,,,,,,,,,35.810,758167.626,Device,,NVIDIA A100-SXM4-40GB MIG 4g.20gb (0),1,,13,[CUDA memset]
5826124482,8704,408469,,,,,,,,,,0.000,9.191,Pinned,Device,NVIDIA A100-SXM4-40GB MIG 4g.20gb (0),1,,13,[CUDA memcpy Host-to-Device]
5826138210,20767,408470,,,,,,,,,,0.197,9467.265,Pinned,Device,NVIDIA A100-SXM4-40GB MIG 4g.20gb (0),1,,13,[CUDA memcpy Host-to-Device]
5826171937,11872,408471,273,1,1,48,1,1,40,0.000,0.001,,,,,NVIDIA A100-SXM4-40GB MIG 4g.20gb (0),1,,13,"void pusch_noise_intf_est::noiseIntfEstNoDftSOfdmKernel<float, __half, float, float, (unsigned int)2, (unsigned int)1, (unsigned char)4, (unsigned char)4>(pusch_noise_intf_est::puschRxNoiseIntfEstDynDescr)"
5826190913,3008,408482,35,1,1,128,1,1,16,0.000,0.000,,,,,NVIDIA A100-SXM4-40GB MIG 4g.20gb (0),1,,13,cupy_copy__complex64_complex64
5826198657,2048,408491,1,1,1,1,1,1,18,0.000,0.000,,,,,NVIDIA A100-SXM4-40GB MIG 4g.20gb (0),1,,13,cupy_copy__float32_float32
5826205377,5472,408497,,,,,,,,,,0.000,0.731,Device,Pageable,NVIDIA A100-SXM4-40GB MIG 4g.20gb (0),1,,7,[CUDA memcpy Device-to-Host]
5826276000,13024,408508,1434,1,1,128,1,1,16,0.000,0.000,,,,,NVIDIA A100-SXM4-40GB MIG 4g.20gb (0),1,,13,cupy_copy__complex64_complex64
5826300896,3520,408515,103,1,1,128,1,1,16,0.000,0.000,,,,,NVIDIA A100-SXM4-40GB MIG 4g.20gb (0),1,,13,cupy_copy__complex64_complex64
5826321567,2336,408522,35,1,1,128,1,1,16,0.000,0.000,,,,,NVIDIA A100-SXM4-40GB MIG 4g.20gb (0),1,,13,cupy_copy__complex64_complex64
5826339519,1824,408529,1,1,1,1,1,1,18,0.000,0.000,,,,,NVIDIA A100-SXM4-40GB MIG 4g.20gb (0),1,,13,cupy_copy__float32_float32
5826471934,82079,408540,1,1,1,32,32,1,30,0.000,0.000,,,,,NVIDIA A100-SXM4-40GB MIG 4g.20gb (0),1,,13,"void convert_kernel<__half2, float2>(tensor_layout_any, T1 *, tensor_layout_any, const T2 *)"
5826581948,5536,408543,,,,,,,,,,0.094,16924.777,Pinned,Device,NVIDIA A100-SXM4-40GB MIG 4g.20gb (0),1,,13,[CUDA memcpy Host-to-Device]
5826597372,3200,408544,,,,,,,,,,1.547,483320.000,Device,,NVIDIA A100-SXM4-40GB MIG 4g.20gb (0),1,,13,[CUDA memset]
5826603132,3008,408549,,,,,,,,,,0.031,10404.230,Pinned,Device,NVIDIA A100-SXM4-40GB MIG 4g.20gb (0),1,,13,[CUDA memcpy Host-to-Device]
5826608636,9920,408550,,,,,,,,,,0.197,19819.266,Pinned,Device,NVIDIA A100-SXM4-40GB MIG 4g.20gb (0),1,,13,[CUDA memcpy Host-to-Device]
5826623804,8416,408551,273,1,1,8,4,1,39,0.002,0.000,,,,,NVIDIA A100-SXM4-40GB MIG 4g.20gb (0),1,,13,"void channel_eq::eqMmseCoefCompLowMimoKernel<float, float, float, (unsigned int)4, (unsigned int)1, (unsigned int)4>(const channel_eq::_puschRxChEqStatDescr *, channel_eq::_puschRxChEqCoefCompDynDescr)"
5826634268,5951,408552,273,1,1,12,11,1,51,0.002,0.000,,,,,NVIDIA A100-SXM4-40GB MIG 4g.20gb (0),1,,13,"void channel_eq::eqMmseSoftDemapKernel<float, __half, __half, float, (unsigned int)4, (unsigned short)16383>(channel_eq::_puschRxChEqStatDescr *, channel_eq::_puschRxChEqSoftDemapDynDescr)"
5826641915,294781,408553,1,1,1,32,32,1,30,0.000,0.000,,,,,NVIDIA A100-SXM4-40GB MIG 4g.20gb (0),1,,13,"void convert_kernel<float2, __half2>(tensor_layout_any, T1 *, tensor_layout_any, const T2 *)"
5826937848,10976,408565,2253,1,1,128,1,1,16,0.000,0.000,,,,,NVIDIA A100-SXM4-40GB MIG 4g.20gb (0),1,,13,cupy_copy__float16_float16
5826952408,3520,408574,282,1,1,128,1,1,16,0.000,0.000,,,,,NVIDIA A100-SXM4-40GB MIG 4g.20gb (0),1,,13,cupy_copy__complex64_complex64
5826957400,2176,408583,26,1,1,128,1,1,16,0.000,0.000,,,,,NVIDIA A100-SXM4-40GB MIG 4g.20gb (0),1,,13,cupy_copy__float32_float32
5826961335,3232,408592,103,1,1,128,1,1,16,0.000,0.000,,,,,NVIDIA A100-SXM4-40GB MIG 4g.20gb (0),1,,13,cupy_copy__complex64_complex64
5826965655,11936,408602,1434,1,1,128,1,1,16,0.000,0.000,,,,,NVIDIA A100-SXM4-40GB MIG 4g.20gb (0),1,,13,cupy_copy__complex64_complex64
5826982551,82399,408607,1,1,1,32,32,1,30,0.000,0.000,,,,,NVIDIA A100-SXM4-40GB MIG 4g.20gb (0),1,,13,"void convert_kernel<__half2, float2>(tensor_layout_any, T1 *, tensor_layout_any, const T2 *)"
5827092406,5568,408610,,,,,,,,,,0.094,16827.521,Pinned,Device,NVIDIA A100-SXM4-40GB MIG 4g.20gb (0),1,,13,[CUDA memcpy Host-to-Device]
5827102870,598456,408611,,,,,,,,,,456.561,762457.605,Device,,NVIDIA A100-SXM4-40GB MIG 4g.20gb (0),1,,13,[CUDA memset]
5827706670,156638,408616,,,,,,,,,,1.235,7883.882,Pinned,Device,NVIDIA A100-SXM4-40GB MIG 4g.20gb (0),1,,13,[CUDA memcpy Host-to-Device]
5827879340,38688,408617,,,,,,,,,,0.197,5081.727,Pinned,Device,NVIDIA A100-SXM4-40GB MIG 4g.20gb (0),1,,13,[CUDA memcpy Host-to-Device]
5827938859,8320,408618,69,4,1,48,1,1,76,0.002,0.000,,,,,NVIDIA A100-SXM4-40GB MIG 4g.20gb (0),1,,13,"void ch_est::windowedChEstPreNoDftSOfdmKernel<float, __half, float, (unsigned int)2, (unsigned int)1, (unsigned short)4>(ch_est::puschRxChEstStatDescr_t *, ch_est::puschRxChEstDynDescr_t *)"
5827958027,6624,408619,137,2,1,24,2,1,44,0.001,0.001,,,,,NVIDIA A100-SXM4-40GB MIG 4g.20gb (0),1,,13,"void ch_est::chEstFilterNoDftSOfdmDispatchKernel<float, __half, float, (unsigned int)2>(ch_est::puschRxChEstStatDescr_t *, ch_est::puschRxChEstDynDescr_t *)"
5827975147,4768,408620,137,2,1,24,2,1,44,0.001,0.001,,,,,NVIDIA A100-SXM4-40GB MIG 4g.20gb (0),1,,13,"void ch_est::chEstFilterNoDftSOfdmDispatchKernel<float, __half, float, (unsigned int)2>(ch_est::puschRxChEstStatDescr_t *, ch_est::puschRxChEstDynDescr_t *)"
5827992299,2560,408631,103,1,1,128,1,1,16,0.000,0.000,,,,,NVIDIA A100-SXM4-40GB MIG 4g.20gb (0),1,,13,cupy_copy__complex64_complex64
5828008971,12479,408641,1434,1,1,128,1,1,16,0.000,0.000,,,,,NVIDIA A100-SXM4-40GB MIG 4g.20gb (0),1,,13,cupy_copy__complex64_complex64
5828030378,2880,408648,103,1,1,128,1,1,16,0.000,0.000,,,,,NVIDIA A100-SXM4-40GB MIG 4g.20gb (0),1,,13,cupy_copy__complex64_complex64
5828053674,93279,408655,1,1,1,32,32,1,30,0.000,0.000,,,,,NVIDIA A100-SXM4-40GB MIG 4g.20gb (0),1,,13,"void convert_kernel<__half2, float2>(tensor_layout_any, T1 *, tensor_layout_any, const T2 *)"
5828178057,27839,408658,,,,,,,,,,0.094,3365.560,Pinned,Device,NVIDIA A100-SXM4-40GB MIG 4g.20gb (0),1,,13,[CUDA memcpy Host-to-Device]
5828227112,47071,408659,,,,,,,,,,35.810,760745.940,Device,,NVIDIA A100-SXM4-40GB MIG 4g.20gb (0),1,,13,[CUDA memset]
5828279207,9760,408661,,,,,,,,,,0.000,8.197,Pinned,Device,NVIDIA A100-SXM4-40GB MIG 4g.20gb (0),1,,13,[CUDA memcpy Host-to-Device]
5828299399,22112,408662,,,,,,,,,,0.197,8891.400,Pinned,Device,NVIDIA A100-SXM4-40GB MIG 4g.20gb (0),1,,13,[CUDA memcpy Host-to-Device]
5828352390,9984,408663,273,1,1,48,1,1,40,0.000,0.001,,,,,NVIDIA A100-SXM4-40GB MIG 4g.20gb (0),1,,13,"void pusch_noise_intf_est::noiseIntfEstNoDftSOfdmKernel<float, __half, float, float, (unsigned int)2, (unsigned int)1, (unsigned char)4, (unsigned char)4>(pusch_noise_intf_est::puschRxNoiseIntfEstDynDescr)"
5828369030,2752,408674,35,1,1,128,1,1,16,0.000,0.000,,,,,NVIDIA A100-SXM4-40GB MIG 4g.20gb (0),1,,13,cupy_copy__complex64_complex64
5828385862,1696,408683,1,1,1,1,1,1,18,0.000,0.000,,,,,NVIDIA A100-SXM4-40GB MIG 4g.20gb (0),1,,13,cupy_copy__float32_float32
5828392294,5216,408689,,,,,,,,,,0.000,0.767,Device,Pageable,NVIDIA A100-SXM4-40GB MIG 4g.20gb (0),1,,7,[CUDA memcpy Device-to-Host]
5828491077,12863,408700,1434,1,1,128,1,1,16,0.000,0.000,,,,,NVIDIA A100-SXM4-40GB MIG 4g.20gb (0),1,,13,cupy_copy__complex64_complex64
5828512740,3328,408707,103,1,1,128,1,1,16,0.000,0.000,,,,,NVIDIA A100-SXM4-40GB MIG 4g.20gb (0),1,,13,cupy_copy__complex64_complex64
5828530468,2560,408714,35,1,1,128,1,1,16,0.000,0.000,,,,,NVIDIA A100-SXM4-40GB MIG 4g.20gb (0),1,,13,cupy_copy__complex64_complex64
5828549092,1792,408721,1,1,1,1,1,1,18,0.000,0.000,,,,,NVIDIA A100-SXM4-40GB MIG 4g.20gb (0),1,,13,cupy_copy__float32_float32
5828676930,82175,408732,1,1,1,32,32,1,30,0.000,0.000,,,,,NVIDIA A100-SXM4-40GB MIG 4g.20gb (0),1,,13,"void convert_kernel<__half2, float2>(tensor_layout_any, T1 *, tensor_layout_any, const T2 *)"
5828787809,8096,408735,,,,,,,,,,0.094,11573.049,Pinned,Device,NVIDIA A100-SXM4-40GB MIG 4g.20gb (0),1,,13,[CUDA memcpy Host-to-Device]
5828803393,3456,408736,,,,,,,,,,1.547,447517.201,Device,,NVIDIA A100-SXM4-40GB MIG 4g.20gb (0),1,,13,[CUDA memset]
5828807937,3872,408741,,,,,,,,,,0.031,8082.630,Pinned,Device,NVIDIA A100-SXM4-40GB MIG 4g.20gb (0),1,,13,[CUDA memcpy Host-to-Device]
5828814241,9888,408742,,,,,,,,,,0.197,19883.360,Pinned,Device,NVIDIA A100-SXM4-40GB MIG 4g.20gb (0),1,,13,[CUDA memcpy Host-to-Device]
5828829728,8512,408743,273,1,1,8,4,1,39,0.002,0.000,,,,,NVIDIA A100-SXM4-40GB MIG 4g.20gb (0),1,,13,"void channel_eq::eqMmseCoefCompLowMimoKernel<float, float, float, (unsigned int)4, (unsigned int)1, (unsigned int)4>(const channel_eq::_puschRxChEqStatDescr *, channel_eq::_puschRxChEqCoefCompDynDescr)"
5828839808,6336,408744,273,1,1,12,11,1,51,0.002,0.000,,,,,NVIDIA A100-SXM4-40GB MIG 4g.20gb (0),1,,13,"void channel_eq::eqMmseSoftDemapKernel<float, __half, __half, float, (unsigned int)4, (unsigned short)16383>(channel_eq::_puschRxChEqStatDescr *, channel_eq::_puschRxChEqSoftDemapDynDescr)"
5828848352,281981,408745,1,1,1,32,32,1,30,0.000,0.000,,,,,NVIDIA A100-SXM4-40GB MIG 4g.20gb (0),1,,13,"void convert_kernel<float2, __half2>(tensor_layout_any, T1 *, tensor_layout_any, const T2 *)"
5829132669,11072,408757,2253,1,1,128,1,1,16,0.000,0.000,,,,,NVIDIA A100-SXM4-40GB MIG 4g.20gb (0),1,,13,cupy_copy__float16_float16
5829148701,2816,408766,282,1,1,128,1,1,16,0.000,0.000,,,,,NVIDIA A100-SXM4-40GB MIG 4g.20gb (0),1,,13,cupy_copy__complex64_complex64
5829154908,2176,408775,26,1,1,128,1,1,16,0.000,0.000,,,,,NVIDIA A100-SXM4-40GB MIG 4g.20gb (0),1,,13,cupy_copy__float32_float32
5829159292,2976,408784,103,1,1,128,1,1,16,0.000,0.000,,,,,NVIDIA A100-SXM4-40GB MIG 4g.20gb (0),1,,13,cupy_copy__complex64_complex64
5829163548,12384,408794,1434,1,1,128,1,1,16,0.000,0.000,,,,,NVIDIA A100-SXM4-40GB MIG 4g.20gb (0),1,,13,cupy_copy__complex64_complex64
5829178876,82047,408799,1,1,1,32,32,1,30,0.000,0.000,,,,,NVIDIA A100-SXM4-40GB MIG 4g.20gb (0),1,,13,"void convert_kernel<__half2, float2>(tensor_layout_any, T1 *, tensor_layout_any, const T2 *)"
5829287771,5440,408802,,,,,,,,,,0.094,17223.480,Pinned,Device,NVIDIA A100-SXM4-40GB MIG 4g.20gb (0),1,,13,[CUDA memcpy Host-to-Device]
5829298587,597240,408803,,,,,,,,,,456.561,764283.851,Device,,NVIDIA A100-SXM4-40GB MIG 4g.20gb (0),1,,13,[CUDA memset]
5829904019,90911,408808,,,,,,,,,,1.235,13583.149,Pinned,Device,NVIDIA A100-SXM4-40GB MIG 4g.20gb (0),1,,13,[CUDA memcpy Host-to-Device]
5830002642,18784,408809,,,,,,,,,,0.197,10466.623,Pinned,Device,NVIDIA A100-SXM4-40GB MIG 4g.20gb (0),1,,13,[CUDA memcpy Host-to-Device]
5830030450,8448,408810,69,4,1,48,1,1,76,0.002,0.000,,,,,NVIDIA A100-SXM4-40GB MIG 4g.20gb (0),1,,13,"void ch_est::windowedChEstPreNoDftSOfdmKernel<float, __half, float, (unsigned int)2, (unsigned int)1, (unsigned short)4>(ch_est::puschRxChEstStatDescr_t *, ch_est::puschRxChEstDynDescr_t *)"
5830046289,7168,408811,137,2,1,24,2,1,44,0.001,0.001,,,,,NVIDIA A100-SXM4-40GB MIG 4g.20gb (0),1,,13,"void ch_est::chEstFilterNoDftSOfdmDispatchKernel<float, __half, float, (unsigned int)2>(ch_est::puschRxChEstStatDescr_t *, ch_est::puschRxChEstDynDescr_t *)"
5830061649,6368,408812,137,2,1,24,2,1,44,0.001,0.001,,,,,NVIDIA A100-SXM4-40GB MIG 4g.20gb (0),1,,13,"void ch_est::chEstFilterNoDftSOfdmDispatchKernel<float, __half, float, (unsigned int)2>(ch_est::puschRxChEstStatDescr_t *, ch_est::puschRxChEstDynDescr_t *)"
5830069457,3008,408823,103,1,1,128,1,1,16,0.000,0.000,,,,,NVIDIA A100-SXM4-40GB MIG 4g.20gb (0),1,,13,cupy_copy__complex64_complex64
5830077649,12640,408833,1434,1,1,128,1,1,16,0.000,0.000,,,,,NVIDIA A100-SXM4-40GB MIG 4g.20gb (0),1,,13,cupy_copy__complex64_complex64
5830093553,3136,408840,103,1,1,128,1,1,16,0.000,0.000,,,,,NVIDIA A100-SXM4-40GB MIG 4g.20gb (0),1,,13,cupy_copy__complex64_complex64
5830103889,84159,408847,1,1,1,32,32,1,30,0.000,0.000,,,,,NVIDIA A100-SXM4-40GB MIG 4g.20gb (0),1,,13,"void convert_kernel<__half2, float2>(tensor_layout_any, T1 *, tensor_layout_any, const T2 *)"
5830215695,5888,408850,,,,,,,,,,0.094,15912.954,Pinned,Device,NVIDIA A100-SXM4-40GB MIG 4g.20gb (0),1,,13,[CUDA memcpy Host-to-Device]
5830227567,46816,408851,,,,,,,,,,35.810,764899.891,Device,,NVIDIA A100-SXM4-40GB MIG 4g.20gb (0),1,,13,[CUDA memset]
5830279279,3616,408853,,,,,,,,,,0.000,22.124,Pinned,Device,NVIDIA A100-SXM4-40GB MIG 4g.20gb (0),1,,13,[CUDA memcpy Host-to-Device]
5830287727,12767,408854,,,,,,,,,,0.197,15399.518,Pinned,Device,NVIDIA A100-SXM4-40GB MIG 4g.20gb (0),1,,13,[CUDA memcpy Host-to-Device]
5830311150,9760,408855,273,1,1,48,1,1,40,0.000,0.001,,,,,NVIDIA A100-SXM4-40GB MIG 4g.20gb (0),1,,13,"void pusch_noise_intf_est::noiseIntfEstNoDftSOfdmKernel<float, __half, float, float, (unsigned int)2, (unsigned int)1, (unsigned char)4, (unsigned char)4>(pusch_noise_intf_est::puschRxNoiseIntfEstDynDescr)"
5830322542,3104,408866,35,1,1,128,1,1,16,0.000,0.000,,,,,NVIDIA A100-SXM4-40GB MIG 4g.20gb (0),1,,13,cupy_copy__complex64_complex64
5830335918,1856,408875,1,1,1,1,1,1,18,0.000,0.000,,,,,NVIDIA A100-SXM4-40GB MIG 4g.20gb (0),1,,13,cupy_copy__float32_float32
5830367758,1983,408881,,,,,,,,,,0.000,2.017,Device,Pageable,NVIDIA A100-SXM4-40GB MIG 4g.20gb (0),1,,7,[CUDA memcpy Device-to-Host]
5830428877,13056,408892,1434,1,1,128,1,1,16,0.000,0.000,,,,,NVIDIA A100-SXM4-40GB MIG 4g.20gb (0),1,,13,cupy_copy__complex64_complex64
5830454412,3456,408899,103,1,1,128,1,1,16,0.000,0.000,,,,,NVIDIA A100-SXM4-40GB MIG 4g.20gb (0),1,,13,cupy_copy__complex64_complex64
5830476076,2272,408906,35,1,1,128,1,1,16,0.000,0.000,,,,,NVIDIA A100-SXM4-40GB MIG 4g.20gb (0),1,,13,cupy_copy__complex64_complex64
5830493708,2048,408913,1,1,1,1,1,1,18,0.000,0.000,,,,,NVIDIA A100-SXM4-40GB MIG 4g.20gb (0),1,,13,cupy_copy__float32_float32
5830626602,86911,408924,1,1,1,32,32,1,30,0.000,0.000,,,,,NVIDIA A100-SXM4-40GB MIG 4g.20gb (0),1,,13,"void convert_kernel<__half2, float2>(tensor_layout_any, T1 *, tensor_layout_any, const T2 *)"
5830741225,5984,408927,,,,,,,,,,0.094,15657.726,Pinned,Device,NVIDIA A100-SXM4-40GB MIG 4g.20gb (0),1,,13,[CUDA memcpy Host-to-Device]
5830755977,3552,408928,,,,,,,,,,1.547,435422.601,Device,,NVIDIA A100-SXM4-40GB MIG 4g.20gb (0),1,,13,[CUDA memset]
5830764009,4160,408933,,,,,,,,,,0.031,7523.058,Pinned,Device,NVIDIA A100-SXM4-40GB MIG 4g.20gb (0),1,,13,[CUDA memcpy Host-to-Device]
5830770633,9759,408934,,,,,,,,,,0.197,20146.225,Pinned,Device,NVIDIA A100-SXM4-40GB MIG 4g.20gb (0),1,,13,[CUDA memcpy Host-to-Device]
5830784712,6304,408935,273,1,1,8,4,1,39,0.002,0.000,,,,,NVIDIA A100-SXM4-40GB MIG 4g.20gb (0),1,,13,"void channel_eq::eqMmseCoefCompLowMimoKernel<float, float, float, (unsigned int)4, (unsigned int)1, (unsigned int)4>(const channel_eq::_puschRxChEqStatDescr *, channel_eq::_puschRxChEqCoefCompDynDescr)"
5830792104,5696,408936,273,1,1,12,11,1,51,0.002,0.000,,,,,NVIDIA A100-SXM4-40GB MIG 4g.20gb (0),1,,13,"void channel_eq::eqMmseSoftDemapKernel<float, __half, __half, float, (unsigned int)4, (unsigned short)16383>(channel_eq::_puschRxChEqStatDescr *, channel_eq::_puschRxChEqSoftDemapDynDescr)"
5830798920,282653,408937,1,1,1,32,32,1,30,0.000,0.000,,,,,NVIDIA A100-SXM4-40GB MIG 4g.20gb (0),1,,13,"void convert_kernel<float2, __half2>(tensor_layout_any, T1 *, tensor_layout_any, const T2 *)"
5831082533,10976,408949,2253,1,1,128,1,1,16,0.000,0.000,,,,,NVIDIA A100-SXM4-40GB MIG 4g.20gb (0),1,,13,cupy_copy__float16_float16
5831097989,3647,408958,282,1,1,128,1,1,16,0.000,0.000,,,,,NVIDIA A100-SXM4-40GB MIG 4g.20gb (0),1,,13,cupy_copy__complex64_complex64
5831103972,2304,408967,26,1,1,128,1,1,16,0.000,0.000,,,,,NVIDIA A100-SXM4-40GB MIG 4g.20gb (0),1,,13,cupy_copy__float32_float32
5831109092,3008,408976,103,1,1,128,1,1,16,0.000,0.000,,,,,NVIDIA A100-SXM4-40GB MIG 4g.20gb (0),1,,13,cupy_copy__complex64_complex64
5831115172,12256,408986,1434,1,1,128,1,1,16,0.000,0.000,,,,,NVIDIA A100-SXM4-40GB MIG 4g.20gb (0),1,,13,cupy_copy__complex64_complex64
5831141764,87167,408991,1,1,1,32,32,1,30,0.000,0.000,,,,,NVIDIA A100-SXM4-40GB MIG 4g.20gb (0),1,,13,"void convert_kernel<__half2, float2>(tensor_layout_any, T1 *, tensor_layout_any, const T2 *)"
5831255587,5664,408994,,,,,,,,,,0.094,16542.310,Pinned,Device,NVIDIA A100-SXM4-40GB MIG 4g.20gb (0),1,,13,[CUDA memcpy Host-to-Device]
5831267266,600633,408995,,,,,,,,,,456.561,759718.236,Device,,NVIDIA A100-SXM4-40GB MIG 4g.20gb (0),1,,13,[CUDA memset]
5831875195,156926,409000,,,,,,,,,,1.235,7869.063,Pinned,Device,NVIDIA A100-SXM4-40GB MIG 4g.20gb (0),1,,13,[CUDA memcpy Host-to-Device]
5832043737,41887,409001,,,,,,,,,,0.197,4693.623,Pinned,Device,NVIDIA A100-SXM4-40GB MIG 4g.20gb (0),1,,13,[CUDA memcpy Host-to-Device]
5832106968,7936,409002,69,4,1,48,1,1,76,0.002,0.000,,,,,NVIDIA A100-SXM4-40GB MIG 4g.20gb (0),1,,13,"void ch_est::windowedChEstPreNoDftSOfdmKernel<float, __half, float, (unsigned int)2, (unsigned int)1, (unsigned short)4>(ch_est::puschRxChEstStatDescr_t *, ch_est::puschRxChEstDynDescr_t *)"
5832126136,6784,409003,137,2,1,24,2,1,44,0.001,0.001,,,,,NVIDIA A100-SXM4-40GB MIG 4g.20gb (0),1,,13,"void ch_est::chEstFilterNoDftSOfdmDispatchKernel<float, __half, float, (unsigned int)2>(ch_est::puschRxChEstStatDescr_t *, ch_est::puschRxChEstDynDescr_t *)"
5832139864,4736,409004,137,2,1,24,2,1,44,0.001,0.001,,,,,NVIDIA A100-SXM4-40GB MIG 4g.20gb (0),1,,13,"void ch_est::chEstFilterNoDftSOfdmDispatchKernel<float, __half, float, (unsigned int)2>(ch_est::puschRxChEstStatDescr_t *, ch_est::puschRxChEstDynDescr_t *)"
5832157623,2592,409015,103,1,1,128,1,1,16,0.000,0.000,,,,,NVIDIA A100-SXM4-40GB MIG 4g.20gb (0),1,,13,cupy_copy__complex64_complex64
5832169207,12416,409025,1434,1,1,128,1,1,16,0.000,0.000,,,,,NVIDIA A100-SXM4-40GB MIG 4g.20gb (0),1,,13,cupy_copy__complex64_complex64
5832196599,2624,409032,103,1,1,128,1,1,16,0.000,0.000,,,,,NVIDIA A100-SXM4-40GB MIG 4g.20gb (0),1,,13,cupy_copy__complex64_complex64
5832209431,82079,409039,1,1,1,32,32,1,30,0.000,0.000,,,,,NVIDIA A100-SXM4-40GB MIG 4g.20gb (0),1,,13,"void convert_kernel<__half2, float2>(tensor_layout_any, T1 *, tensor_layout_any, const T2 *)"
5832320661,13632,409042,,,,,,,,,,0.094,6873.164,Pinned,Device,NVIDIA A100-SXM4-40GB MIG 4g.20gb (0),1,,13,[CUDA memcpy Host-to-Device]
5832339925,47296,409043,,,,,,,,,,35.810,757129.139,Device,,NVIDIA A100-SXM4-40GB MIG 4g.20gb (0),1,,13,[CUDA memset]
5832389077,8704,409045,,,,,,,,,,0.000,9.191,Pinned,Device,NVIDIA A100-SXM4-40GB MIG 4g.20gb (0),1,,13,[CUDA memcpy Host-to-Device]
5832404340,20064,409046,,,,,,,,,,0.197,9798.943,Pinned,Device,NVIDIA A100-SXM4-40GB MIG 4g.20gb (0),1,,13,[CUDA memcpy Host-to-Device]
5832436372,10080,409047,273,1,1,48,1,1,40,0.000,0.001,,,,,NVIDIA A100-SXM4-40GB MIG 4g.20gb (0),1,,13,"void pusch_noise_intf_est::noiseIntfEstNoDftSOfdmKernel<float, __half, float, float, (unsigned int)2, (unsigned int)1, (unsigned char)4, (unsigned char)4>(pusch_noise_intf_est::puschRxNoiseIntfEstDynDescr)"
5832452372,2880,409058,35,1,1,128,1,1,16,0.000,0.000,,,,,NVIDIA A100-SXM4-40GB MIG 4g.20gb (0),1,,13,cupy_copy__complex64_complex64
5832460756,1696,409067,1,1,1,1,1,1,18,0.000,0.000,,,,,NVIDIA A100-SXM4-40GB MIG 4g.20gb (0),1,,13,cupy_copy__float32_float32
5832471668,4480,409073,,,,,,,,,,0.000,0.893,Device,Pageable,NVIDIA A100-SXM4-40GB MIG 4g.20gb (0),1,,7,[CUDA memcpy Device-to-Host]
5832537747,12896,409084,1434,1,1,128,1,1,16,0.000,0.000,,,,,NVIDIA A100-SXM4-40GB MIG 4g.20gb (0),1,,13,cupy_copy__complex64_complex64
5832567346,3456,409091,103,1,1,128,1,1,16,0.000,0.000,,,,,NVIDIA A100-SXM4-40GB MIG 4g.20gb (0),1,,13,cupy_copy__complex64_complex64
5832586034,2336,409098,35,1,1,128,1,1,16,0.000,0.000,,,,,NVIDIA A100-SXM4-40GB MIG 4g.20gb (0),1,,13,cupy_copy__complex64_complex64
5832606450,1760,409105,1,1,1,1,1,1,18,0.000,0.000,,,,,NVIDIA A100-SXM4-40GB MIG 4g.20gb (0),1,,13,cupy_copy__float32_float32
5832735824,82495,409116,1,1,1,32,32,1,30,0.000,0.000,,,,,NVIDIA A100-SXM4-40GB MIG 4g.20gb (0),1,,13,"void convert_kernel<__half2, float2>(tensor_layout_any, T1 *, tensor_layout_any, const T2 *)"
5832846063,5600,409119,,,,,,,,,,0.094,16731.388,Pinned,Device,NVIDIA A100-SXM4-40GB MIG 4g.20gb (0),1,,13,[CUDA memcpy Host-to-Device]
5832862831,3328,409120,,,,,,,,,,1.547,464729.580,Device,,NVIDIA A100-SXM4-40GB MIG 4g.20gb (0),1,,13,[CUDA memset]
5832869871,3328,409125,,,,,,,,,,0.031,9403.822,Pinned,Device,NVIDIA A100-SXM4-40GB MIG 4g.20gb (0),1,,13,[CUDA memcpy Host-to-Device]
5832875631,9440,409126,,,,,,,,,,0.197,20827.079,Pinned,Device,NVIDIA A100-SXM4-40GB MIG 4g.20gb (0),1,,13,[CUDA memcpy Host-to-Device]
5832890638,6496,409127,273,1,1,8,4,1,39,0.002,0.000,,,,,NVIDIA A100-SXM4-40GB MIG 4g.20gb (0),1,,13,"void channel_eq::eqMmseCoefCompLowMimoKernel<float, float, float, (unsigned int)4, (unsigned int)1, (unsigned int)4>(const channel_eq::_puschRxChEqStatDescr *, channel_eq::_puschRxChEqCoefCompDynDescr)"
5832899854,6336,409128,273,1,1,12,11,1,51,0.002,0.000,,,,,NVIDIA A100-SXM4-40GB MIG 4g.20gb (0),1,,13,"void channel_eq::eqMmseSoftDemapKernel<float, __half, __half, float, (unsigned int)4, (unsigned short)16383>(channel_eq::_puschRxChEqStatDescr *, channel_eq::_puschRxChEqSoftDemapDynDescr)"
5832907342,283133,409129,1,1,1,32,32,1,30,0.000,0.000,,,,,NVIDIA A100-SXM4-40GB MIG 4g.20gb (0),1,,13,"void convert_kernel<float2, __half2>(tensor_layout_any, T1 *, tensor_layout_any, const T2 *)"
5833191467,10944,409141,2253,1,1,128,1,1,16,0.000,0.000,,,,,NVIDIA A100-SXM4-40GB MIG 4g.20gb (0),1,,13,cupy_copy__float16_float16
5833206507,3424,409150,282,1,1,128,1,1,16,0.000,0.000,,,,,NVIDIA A100-SXM4-40GB MIG 4g.20gb (0),1,,13,cupy_copy__complex64_complex64
5833212010,2240,409159,26,1,1,128,1,1,16,0.000,0.000,,,,,NVIDIA A100-SXM4-40GB MIG 4g.20gb (0),1,,13,cupy_copy__float32_float32
5833215146,2784,409168,103,1,1,128,1,1,16,0.000,0.000,,,,,NVIDIA A100-SXM4-40GB MIG 4g.20gb (0),1,,13,cupy_copy__complex64_complex64
5833221930,11968,409178,1434,1,1,128,1,1,16,0.000,0.000,,,,,NVIDIA A100-SXM4-40GB MIG 4g.20gb (0),1,,13,cupy_copy__complex64_complex64
5833238826,83071,409183,1,1,1,32,32,1,30,0.000,0.000,,,,,NVIDIA A100-SXM4-40GB MIG 4g.20gb (0),1,,13,"void convert_kernel<__half2, float2>(tensor_layout_any, T1 *, tensor_layout_any, const T2 *)"
5833348937,5856,409186,,,,,,,,,,0.094,15999.997,Pinned,Device,NVIDIA A100-SXM4-40GB MIG 4g.20gb (0),1,,13,[CUDA memcpy Host-to-Device]
5833359049,597112,409187,,,,,,,,,,456.561,764283.851,Device,,NVIDIA A100-SXM4-40GB MIG 4g.20gb (0),1,,13,[CUDA memset]
5833960033,157022,409192,,,,,,,,,,1.235,7864.123,Pinned,Device,NVIDIA A100-SXM4-40GB MIG 4g.20gb (0),1,,13,[CUDA memcpy Host-to-Device]
5834128351,39232,409193,,,,,,,,,,0.197,5011.341,Pinned,Device,NVIDIA A100-SXM4-40GB MIG 4g.20gb (0),1,,13,[CUDA memcpy Host-to-Device]
5834198014,8192,409194,69,4,1,48,1,1,76,0.002,0.000,,,,,NVIDIA A100-SXM4-40GB MIG 4g.20gb (0),1,,13,"void ch_est::windowedChEstPreNoDftSOfdmKernel<float, __half, float, (unsigned int)2, (unsigned int)1, (unsigned short)4>(ch_est::puschRxChEstStatDescr_t *, ch_est::puschRxChEstDynDescr_t *)"
5834216990,6688,409195,137,2,1,24,2,1,44,0.001,0.001,,,,,NVIDIA A100-SXM4-40GB MIG 4g.20gb (0),1,,13,"void ch_est::chEstFilterNoDftSOfdmDispatchKernel<float, __half, float, (unsigned int)2>(ch_est::puschRxChEstStatDescr_t *, ch_est::puschRxChEstDynDescr_t *)"
5834234078,4928,409196,137,2,1,24,2,1,44,0.001,0.001,,,,,NVIDIA A100-SXM4-40GB MIG 4g.20gb (0),1,,13,"void ch_est::chEstFilterNoDftSOfdmDispatchKernel<float, __half, float, (unsigned int)2>(ch_est::puschRxChEstStatDescr_t *, ch_est::puschRxChEstDynDescr_t *)"
5834251422,2496,409207,103,1,1,128,1,1,16,0.000,0.000,,,,,NVIDIA A100-SXM4-40GB MIG 4g.20gb (0),1,,13,cupy_copy__complex64_complex64
5834269181,12288,409217,1434,1,1,128,1,1,16,0.000,0.000,,,,,NVIDIA A100-SXM4-40GB MIG 4g.20gb (0),1,,13,cupy_copy__complex64_complex64
5834288669,2912,409224,103,1,1,128,1,1,16,0.000,0.000,,,,,NVIDIA A100-SXM4-40GB MIG 4g.20gb (0),1,,13,cupy_copy__complex64_complex64
5834312861,93695,409231,1,1,1,32,32,1,30,0.000,0.000,,,,,NVIDIA A100-SXM4-40GB MIG 4g.20gb (0),1,,13,"void convert_kernel<__half2, float2>(tensor_layout_any, T1 *, tensor_layout_any, const T2 *)"
5834440667,16864,409234,,,,,,,,,,0.094,5555.892,Pinned,Device,NVIDIA A100-SXM4-40GB MIG 4g.20gb (0),1,,13,[CUDA memcpy Host-to-Device]
5834470587,46847,409235,,,,,,,,,,35.810,764398.552,Device,,NVIDIA A100-SXM4-40GB MIG 4g.20gb (0),1,,13,[CUDA memset]
5834519610,4576,409237,,,,,,,,,,0.000,17.482,Pinned,Device,NVIDIA A100-SXM4-40GB MIG 4g.20gb (0),1,,13,[CUDA memcpy Host-to-Device]
5834533818,13760,409238,,,,,,,,,,0.197,14288.290,Pinned,Device,NVIDIA A100-SXM4-40GB MIG 4g.20gb (0),1,,13,[CUDA memcpy Host-to-Device]
5834564538,10464,409239,273,1,1,48,1,1,40,0.000,0.001,,,,,NVIDIA A100-SXM4-40GB MIG 4g.20gb (0),1,,13,"void pusch_noise_intf_est::noiseIntfEstNoDftSOfdmKernel<float, __half, float, float, (unsigned int)2, (unsigned int)1, (unsigned char)4, (unsigned char)4>(pusch_noise_intf_est::puschRxNoiseIntfEstDynDescr)"
5834583066,3040,409250,35,1,1,128,1,1,16,0.000,0.000,,,,,NVIDIA A100-SXM4-40GB MIG 4g.20gb (0),1,,13,cupy_copy__complex64_complex64
5834592569,1728,409259,1,1,1,1,1,1,18,0.000,0.000,,,,,NVIDIA A100-SXM4-40GB MIG 4g.20gb (0),1,,13,cupy_copy__float32_float32
5834599001,5696,409265,,,,,,,,,,0.000,0.702,Device,Pageable,NVIDIA A100-SXM4-40GB MIG 4g.20gb (0),1,,7,[CUDA memcpy Device-to-Host]
5834673048,13376,409276,1434,1,1,128,1,1,16,0.000,0.000,,,,,NVIDIA A100-SXM4-40GB MIG 4g.20gb (0),1,,13,cupy_copy__complex64_complex64
5834698648,2976,409283,103,1,1,128,1,1,16,0.000,0.000,,,,,NVIDIA A100-SXM4-40GB MIG 4g.20gb (0),1,,13,cupy_copy__complex64_complex64
5834723128,2656,409290,35,1,1,128,1,1,16,0.000,0.000,,,,,NVIDIA A100-SXM4-40GB MIG 4g.20gb (0),1,,13,cupy_copy__complex64_complex64
5834738232,1952,409297,1,1,1,1,1,1,18,0.000,0.000,,,,,NVIDIA A100-SXM4-40GB MIG 4g.20gb (0),1,,13,cupy_copy__float32_float32
5834871062,81663,409308,1,1,1,32,32,1,30,0.000,0.000,,,,,NVIDIA A100-SXM4-40GB MIG 4g.20gb (0),1,,13,"void convert_kernel<__half2, float2>(tensor_layout_any, T1 *, tensor_layout_any, const T2 *)"
5834980629,5600,409311,,,,,,,,,,0.094,16731.388,Pinned,Device,NVIDIA A100-SXM4-40GB MIG 4g.20gb (0),1,,13,[CUDA memcpy Host-to-Device]
5834994901,3423,409312,,,,,,,,,,1.547,451832.282,Device,,NVIDIA A100-SXM4-40GB MIG 4g.20gb (0),1,,13,[CUDA memset]
5835002292,3232,409317,,,,,,,,,,0.031,9683.139,Pinned,Device,NVIDIA A100-SXM4-40GB MIG 4g.20gb (0),1,,13,[CUDA memcpy Host-to-Device]
5835008148,9664,409318,,,,,,,,,,0.197,20344.209,Pinned,Device,NVIDIA A100-SXM4-40GB MIG 4g.20gb (0),1,,13,[CUDA memcpy Host-to-Device]
5835023060,6336,409319,273,1,1,8,4,1,39,0.002,0.000,,,,,NVIDIA A100-SXM4-40GB MIG 4g.20gb (0),1,,13,"void channel_eq::eqMmseCoefCompLowMimoKernel<float, float, float, (unsigned int)4, (unsigned int)1, (unsigned int)4>(const channel_eq::_puschRxChEqStatDescr *, channel_eq::_puschRxChEqCoefCompDynDescr)"
5835031380,5824,409320,273,1,1,12,11,1,51,0.002,0.000,,,,,NVIDIA A100-SXM4-40GB MIG 4g.20gb (0),1,,13,"void channel_eq::eqMmseSoftDemapKernel<float, __half, __half, float, (unsigned int)4, (unsigned short)16383>(channel_eq::_puschRxChEqStatDescr *, channel_eq::_puschRxChEqSoftDemapDynDescr)"
5835038804,289436,409321,1,1,1,32,32,1,30,0.000,0.000,,,,,NVIDIA A100-SXM4-40GB MIG 4g.20gb (0),1,,13,"void convert_kernel<float2, __half2>(tensor_layout_any, T1 *, tensor_layout_any, const T2 *)"
5835330128,10912,409333,2253,1,1,128,1,1,16,0.000,0.000,,,,,NVIDIA A100-SXM4-40GB MIG 4g.20gb (0),1,,13,cupy_copy__float16_float16
5835343440,3168,409342,282,1,1,128,1,1,16,0.000,0.000,,,,,NVIDIA A100-SXM4-40GB MIG 4g.20gb (0),1,,13,cupy_copy__complex64_complex64
5835348880,2336,409351,26,1,1,128,1,1,16,0.000,0.000,,,,,NVIDIA A100-SXM4-40GB MIG 4g.20gb (0),1,,13,cupy_copy__float32_float32
5835352400,4512,409360,103,1,1,128,1,1,16,0.000,0.000,,,,,NVIDIA A100-SXM4-40GB MIG 4g.20gb (0),1,,13,cupy_copy__complex64_complex64
5835359440,12448,409370,1434,1,1,128,1,1,16,0.000,0.000,,,,,NVIDIA A100-SXM4-40GB MIG 4g.20gb (0),1,,13,cupy_copy__complex64_complex64
5835377552,81951,409375,1,1,1,32,32,1,30,0.000,0.000,,,,,NVIDIA A100-SXM4-40GB MIG 4g.20gb (0),1,,13,"void convert_kernel<__half2, float2>(tensor_layout_any, T1 *, tensor_layout_any, const T2 *)"
5835486190,5536,409378,,,,,,,,,,0.094,16924.777,Pinned,Device,NVIDIA A100-SXM4-40GB MIG 4g.20gb (0),1,,13,[CUDA memcpy Host-to-Device]
5835496078,596697,409379,,,,,,,,,,456.561,764740.412,Device,,NVIDIA A100-SXM4-40GB MIG 4g.20gb (0),1,,13,[CUDA memset]
5836099847,139582,409384,,,,,,,,,,1.235,8847.139,Pinned,Device,NVIDIA A100-SXM4-40GB MIG 4g.20gb (0),1,,13,[CUDA memcpy Host-to-Device]
5836248037,33024,409385,,,,,,,,,,0.197,5953.487,Pinned,Device,NVIDIA A100-SXM4-40GB MIG 4g.20gb (0),1,,13,[CUDA memcpy Host-to-Device]
5836297252,8032,409386,69,4,1,48,1,1,76,0.002,0.000,,,,,NVIDIA A100-SXM4-40GB MIG 4g.20gb (0),1,,13,"void ch_est::windowedChEstPreNoDftSOfdmKernel<float, __half, float, (unsigned int)2, (unsigned int)1, (unsigned short)4>(ch_est::puschRxChEstStatDescr_t *, ch_est::puschRxChEstDynDescr_t *)"
5836306276,6400,409387,137,2,1,24,2,1,44,0.001,0.001,,,,,NVIDIA A100-SXM4-40GB MIG 4g.20gb (0),1,,13,"void ch_est::chEstFilterNoDftSOfdmDispatchKernel<float, __half, float, (unsigned int)2>(ch_est::puschRxChEstStatDescr_t *, ch_est::puschRxChEstDynDescr_t *)"
5836313796,6208,409388,137,2,1,24,2,1,44,0.001,0.001,,,,,NVIDIA A100-SXM4-40GB MIG 4g.20gb (0),1,,13,"void ch_est::chEstFilterNoDftSOfdmDispatchKernel<float, __half, float, (unsigned int)2>(ch_est::puschRxChEstStatDescr_t *, ch_est::puschRxChEstDynDescr_t *)"
5836328324,2688,409399,103,1,1,128,1,1,16,0.000,0.000,,,,,NVIDIA A100-SXM4-40GB MIG 4g.20gb (0),1,,13,cupy_copy__complex64_complex64
5836347108,12928,409409,1434,1,1,128,1,1,16,0.000,0.000,,,,,NVIDIA A100-SXM4-40GB MIG 4g.20gb (0),1,,13,cupy_copy__complex64_complex64
5836379043,2656,409416,103,1,1,128,1,1,16,0.000,0.000,,,,,NVIDIA A100-SXM4-40GB MIG 4g.20gb (0),1,,13,cupy_copy__complex64_complex64
5836393859,84351,409423,1,1,1,32,32,1,30,0.000,0.000,,,,,NVIDIA A100-SXM4-40GB MIG 4g.20gb (0),1,,13,"void convert_kernel<__half2, float2>(tensor_layout_any, T1 *, tensor_layout_any, const T2 *)"
5836511522,22048,409426,,,,,,,,,,0.094,4249.582,Pinned,Device,NVIDIA A100-SXM4-40GB MIG 4g.20gb (0),1,,13,[CUDA memcpy Host-to-Device]
5836559873,46464,409427,,,,,,,,,,35.810,770701.098,Device,,NVIDIA A100-SXM4-40GB MIG 4g.20gb (0),1,,13,[CUDA memset]
5836614209,10079,409429,,,,,,,,,,0.000,7.937,Pinned,Device,NVIDIA A100-SXM4-40GB MIG 4g.20gb (0),1,,13,[CUDA memcpy Host-to-Device]
5836637472,27968,409430,,,,,,,,,,0.197,7029.719,Pinned,Device,NVIDIA A100-SXM4-40GB MIG 4g.20gb (0),1,,13,[CUDA memcpy Host-to-Device]
5836693024,9471,409431,273,1,1,48,1,1,40,0.000,0.001,,,,,NVIDIA A100-SXM4-40GB MIG 4g.20gb (0),1,,13,"void pusch_noise_intf_est::noiseIntfEstNoDftSOfdmKernel<float, __half, float, float, (unsigned int)2, (unsigned int)1, (unsigned char)4, (unsigned char)4>(pusch_noise_intf_est::puschRxNoiseIntfEstDynDescr)"
5836709791,2688,409442,35,1,1,128,1,1,16,0.000,0.000,,,,,NVIDIA A100-SXM4-40GB MIG 4g.20gb (0),1,,13,cupy_copy__complex64_complex64
5836726303,1728,409451,1,1,1,1,1,1,18,0.000,0.000,,,,,NVIDIA A100-SXM4-40GB MIG 4g.20gb (0),1,,13,cupy_copy__float32_float32
5836731647,6944,409457,,,,,,,,,,0.000,0.576,Device,Pageable,NVIDIA A100-SXM4-40GB MIG 4g.20gb (0),1,,7,[CUDA memcpy Device-to-Host]
5836832190,13184,409468,1434,1,1,128,1,1,16,0.000,0.000,,,,,NVIDIA A100-SXM4-40GB MIG 4g.20gb (0),1,,13,cupy_copy__complex64_complex64
5836852190,3200,409475,103,1,1,128,1,1,16,0.000,0.000,,,,,NVIDIA A100-SXM4-40GB MIG 4g.20gb (0),1,,13,cupy_copy__complex64_complex64
5836869277,2688,409482,35,1,1,128,1,1,16,0.000,0.000,,,,,NVIDIA A100-SXM4-40GB MIG 4g.20gb (0),1,,13,cupy_copy__complex64_complex64
5836887901,1952,409489,1,1,1,1,1,1,18,0.000,0.000,,,,,NVIDIA A100-SXM4-40GB MIG 4g.20gb (0),1,,13,cupy_copy__float32_float32
5837020412,93726,409500,1,1,1,32,32,1,30,0.000,0.000,,,,,NVIDIA A100-SXM4-40GB MIG 4g.20gb (0),1,,13,"void convert_kernel<__half2, float2>(tensor_layout_any, T1 *, tensor_layout_any, const T2 *)"
5837146234,10144,409503,,,,,,,,,,0.094,9236.552,Pinned,Device,NVIDIA A100-SXM4-40GB MIG 4g.20gb (0),1,,13,[CUDA memcpy Host-to-Device]
5837165498,3456,409504,,,,,,,,,,1.547,447517.201,Device,,NVIDIA A100-SXM4-40GB MIG 4g.20gb (0),1,,13,[CUDA memset]
5837171962,5984,409509,,,,,,,,,,0.031,5229.937,Pinned,Device,NVIDIA A100-SXM4-40GB MIG 4g.20gb (0),1,,13,[CUDA memcpy Host-to-Device]
5837181850,13311,409510,,,,,,,,,,0.197,14770.176,Pinned,Device,NVIDIA A100-SXM4-40GB MIG 4g.20gb (0),1,,13,[CUDA memcpy Host-to-Device]
5837204217,8608,409511,273,1,1,8,4,1,39,0.002,0.000,,,,,NVIDIA A100-SXM4-40GB MIG 4g.20gb (0),1,,13,"void channel_eq::eqMmseCoefCompLowMimoKernel<float, float, float, (unsigned int)4, (unsigned int)1, (unsigned int)4>(const channel_eq::_puschRxChEqStatDescr *, channel_eq::_puschRxChEqCoefCompDynDescr)"
5837219513,7648,409512,273,1,1,12,11,1,51,0.002,0.000,,,,,NVIDIA A100-SXM4-40GB MIG 4g.20gb (0),1,,13,"void channel_eq::eqMmseSoftDemapKernel<float, __half, __half, float, (unsigned int)4, (unsigned short)16383>(channel_eq::_puschRxChEqStatDescr *, channel_eq::_puschRxChEqSoftDemapDynDescr)"
5837229145,294716,409513,1,1,1,32,32,1,30,0.000,0.000,,,,,NVIDIA A100-SXM4-40GB MIG 4g.20gb (0),1,,13,"void convert_kernel<float2, __half2>(tensor_layout_any, T1 *, tensor_layout_any, const T2 *)"
5837525525,11264,409525,2253,1,1,128,1,1,16,0.000,0.000,,,,,NVIDIA A100-SXM4-40GB MIG 4g.20gb (0),1,,13,cupy_copy__float16_float16
5837539189,3008,409534,282,1,1,128,1,1,16,0.000,0.000,,,,,NVIDIA A100-SXM4-40GB MIG 4g.20gb (0),1,,13,cupy_copy__complex64_complex64
5837544789,2016,409543,26,1,1,128,1,1,16,0.000,0.000,,,,,NVIDIA A100-SXM4-40GB MIG 4g.20gb (0),1,,13,cupy_copy__float32_float32
5837551445,2944,409552,103,1,1,128,1,1,16,0.000,0.000,,,,,NVIDIA A100-SXM4-40GB MIG 4g.20gb (0),1,,13,cupy_copy__complex64_complex64
5837557077,12064,409562,1434,1,1,128,1,1,16,0.000,0.000,,,,,NVIDIA A100-SXM4-40GB MIG 4g.20gb (0),1,,13,cupy_copy__complex64_complex64
5837571829,83199,409567,1,1,1,32,32,1,30,0.000,0.000,,,,,NVIDIA A100-SXM4-40GB MIG 4g.20gb (0),1,,13,"void convert_kernel<__half2, float2>(tensor_layout_any, T1 *, tensor_layout_any, const T2 *)"
5837682355,5632,409570,,,,,,,,,,0.094,16636.287,Pinned,Device,NVIDIA A100-SXM4-40GB MIG 4g.20gb (0),1,,13,[CUDA memcpy Host-to-Device]
5837692531,599065,409571,,,,,,,,,,456.561,762001.043,Device,,NVIDIA A100-SXM4-40GB MIG 4g.20gb (0),1,,13,[CUDA memset]
5838296620,86527,409576,,,,,,,,,,1.235,14272.248,Pinned,Device,NVIDIA A100-SXM4-40GB MIG 4g.20gb (0),1,,13,[CUDA memcpy Host-to-Device]
5838390251,16703,409577,,,,,,,,,,0.197,11770.724,Pinned,Device,NVIDIA A100-SXM4-40GB MIG 4g.20gb (0),1,,13,[CUDA memcpy Host-to-Device]
5838415594,9216,409578,69,4,1,48,1,1,76,0.002,0.000,,,,,NVIDIA A100-SXM4-40GB MIG 4g.20gb (0),1,,13,"void ch_est::windowedChEstPreNoDftSOfdmKernel<float, __half, float, (unsigned int)2, (unsigned int)1, (unsigned short)4>(ch_est::puschRxChEstStatDescr_t *, ch_est::puschRxChEstDynDescr_t *)"
5838431306,8224,409579,137,2,1,24,2,1,44,0.001,0.001,,,,,NVIDIA A100-SXM4-40GB MIG 4g.20gb (0),1,,13,"void ch_est::chEstFilterNoDftSOfdmDispatchKernel<float, __half, float, (unsigned int)2>(ch_est::puschRxChEstStatDescr_t *, ch_est::puschRxChEstDynDescr_t *)"
5838446826,6400,409580,137,2,1,24,2,1,44,0.001,0.001,,,,,NVIDIA A100-SXM4-40GB MIG 4g.20gb (0),1,,13,"void ch_est::chEstFilterNoDftSOfdmDispatchKernel<float, __half, float, (unsigned int)2>(ch_est::puschRxChEstStatDescr_t *, ch_est::puschRxChEstDynDescr_t *)"
5838461578,2784,409591,103,1,1,128,1,1,16,0.000,0.000,,,,,NVIDIA A100-SXM4-40GB MIG 4g.20gb (0),1,,13,cupy_copy__complex64_complex64
5838469514,12896,409601,1434,1,1,128,1,1,16,0.000,0.000,,,,,NVIDIA A100-SXM4-40GB MIG 4g.20gb (0),1,,13,cupy_copy__complex64_complex64
5838485290,2783,409608,103,1,1,128,1,1,16,0.000,0.000,,,,,NVIDIA A100-SXM4-40GB MIG 4g.20gb (0),1,,13,cupy_copy__complex64_complex64
5838494377,87263,409615,1,1,1,32,32,1,30,0.000,0.000,,,,,NVIDIA A100-SXM4-40GB MIG 4g.20gb (0),1,,13,"void convert_kernel<__half2, float2>(tensor_layout_any, T1 *, tensor_layout_any, const T2 *)"
5838612712,12000,409618,,,,,,,,,,0.094,7807.969,Pinned,Device,NVIDIA A100-SXM4-40GB MIG 4g.20gb (0),1,,13,[CUDA memcpy Host-to-Device]
5838629544,47615,409619,,,,,,,,,,35.810,752044.130,Device,,NVIDIA A100-SXM4-40GB MIG 4g.20gb (0),1,,13,[CUDA memset]
5838682663,4896,409621,,,,,,,,,,0.000,16.340,Pinned,Device,NVIDIA A100-SXM4-40GB MIG 4g.20gb (0),1,,13,[CUDA memcpy Host-to-Device]
5838693415,21600,409622,,,,,,,,,,0.197,9102.164,Pinned,Device,NVIDIA A100-SXM4-40GB MIG 4g.20gb (0),1,,13,[CUDA memcpy Host-to-Device]
5838721575,10783,409623,273,1,1,48,1,1,40,0.000,0.001,,,,,NVIDIA A100-SXM4-40GB MIG 4g.20gb (0),1,,13,"void pusch_noise_intf_est::noiseIntfEstNoDftSOfdmKernel<float, __half, float, float, (unsigned int)2, (unsigned int)1, (unsigned char)4, (unsigned char)4>(pusch_noise_intf_est::puschRxNoiseIntfEstDynDescr)"
5838737670,2848,409634,35,1,1,128,1,1,16,0.000,0.000,,,,,NVIDIA A100-SXM4-40GB MIG 4g.20gb (0),1,,13,cupy_copy__complex64_complex64
5838744582,1984,409643,1,1,1,1,1,1,18,0.000,0.000,,,,,NVIDIA A100-SXM4-40GB MIG 4g.20gb (0),1,,13,cupy_copy__float32_float32
5838761286,1920,409649,,,,,,,,,,0.000,2.083,Device,Pageable,NVIDIA A100-SXM4-40GB MIG 4g.20gb (0),1,,7,[CUDA memcpy Device-to-Host]
5838822437,13056,409660,1434,1,1,128,1,1,16,0.000,0.000,,,,,NVIDIA A100-SXM4-40GB MIG 4g.20gb (0),1,,13,cupy_copy__complex64_complex64
5838855269,2976,409667,103,1,1,128,1,1,16,0.000,0.000,,,,,NVIDIA A100-SXM4-40GB MIG 4g.20gb (0),1,,13,cupy_copy__complex64_complex64
5838878693,2592,409674,35,1,1,128,1,1,16,0.000,0.000,,,,,NVIDIA A100-SXM4-40GB MIG 4g.20gb (0),1,,13,cupy_copy__complex64_complex64
5838900644,1792,409681,1,1,1,1,1,1,18,0.000,0.000,,,,,NVIDIA A100-SXM4-40GB MIG 4g.20gb (0),1,,13,cupy_copy__float32_float32
5839034115,86591,409692,1,1,1,32,32,1,30,0.000,0.000,,,,,NVIDIA A100-SXM4-40GB MIG 4g.20gb (0),1,,13,"void convert_kernel<__half2, float2>(tensor_layout_any, T1 *, tensor_layout_any, const T2 *)"
5839149089,5632,409695,,,,,,,,,,0.094,16636.287,Pinned,Device,NVIDIA A100-SXM4-40GB MIG 4g.20gb (0),1,,13,[CUDA memcpy Host-to-Device]
5839163969,3648,409696,,,,,,,,,,1.547,423963.664,Device,,NVIDIA A100-SXM4-40GB MIG 4g.20gb (0),1,,13,[CUDA memset]
5839169761,3360,409701,,,,,,,,,,0.031,9314.284,Pinned,Device,NVIDIA A100-SXM4-40GB MIG 4g.20gb (0),1,,13,[CUDA memcpy Host-to-Device]
5839175521,9536,409702,,,,,,,,,,0.197,20617.298,Pinned,Device,NVIDIA A100-SXM4-40GB MIG 4g.20gb (0),1,,13,[CUDA memcpy Host-to-Device]
5839193377,5664,409703,273,1,1,8,4,1,39,0.002,0.000,,,,,NVIDIA A100-SXM4-40GB MIG 4g.20gb (0),1,,13,"void channel_eq::eqMmseCoefCompLowMimoKernel<float, float, float, (unsigned int)4, (unsigned int)1, (unsigned int)4>(const channel_eq::_puschRxChEqStatDescr *, channel_eq::_puschRxChEqCoefCompDynDescr)"
5839200577,6336,409704,273,1,1,12,11,1,51,0.002,0.000,,,,,NVIDIA A100-SXM4-40GB MIG 4g.20gb (0),1,,13,"void channel_eq::eqMmseSoftDemapKernel<float, __half, __half, float, (unsigned int)4, (unsigned short)16383>(channel_eq::_puschRxChEqStatDescr *, channel_eq::_puschRxChEqSoftDemapDynDescr)"
5839207841,282492,409705,1,1,1,32,32,1,30,0.000,0.000,,,,,NVIDIA A100-SXM4-40GB MIG 4g.20gb (0),1,,13,"void convert_kernel<float2, __half2>(tensor_layout_any, T1 *, tensor_layout_any, const T2 *)"
5839492989,10912,409717,2253,1,1,128,1,1,16,0.000,0.000,,,,,NVIDIA A100-SXM4-40GB MIG 4g.20gb (0),1,,13,cupy_copy__float16_float16
5839505501,3648,409726,282,1,1,128,1,1,16,0.000,0.000,,,,,NVIDIA A100-SXM4-40GB MIG 4g.20gb (0),1,,13,cupy_copy__complex64_complex64
5839512637,2144,409735,26,1,1,128,1,1,16,0.000,0.000,,,,,NVIDIA A100-SXM4-40GB MIG 4g.20gb (0),1,,13,cupy_copy__float32_float32
5839517725,5120,409744,103,1,1,128,1,1,16,0.000,0.000,,,,,NVIDIA A100-SXM4-40GB MIG 4g.20gb (0),1,,13,cupy_copy__complex64_complex64
5839579164,12032,409760,1434,1,1,128,1,1,16,0.000,0.000,,,,,NVIDIA A100-SXM4-40GB MIG 4g.20gb (0),1,,13,cupy_copy__complex64_complex64
5839694459,82943,409765,1,1,1,32,32,1,30,0.000,0.000,,,,,NVIDIA A100-SXM4-40GB MIG 4g.20gb (0),1,,13,"void convert_kernel<__half2, float2>(tensor_layout_any, T1 *, tensor_layout_any, const T2 *)"
5839804505,5600,409768,,,,,,,,,,0.094,16731.388,Pinned,Device,NVIDIA A100-SXM4-40GB MIG 4g.20gb (0),1,,13,[CUDA memcpy Host-to-Device]
5839814489,596857,409769,,,,,,,,,,456.561,764740.412,Device,,NVIDIA A100-SXM4-40GB MIG 4g.20gb (0),1,,13,[CUDA memset]
5840414930,94751,409774,,,,,,,,,,1.235,13032.364,Pinned,Device,NVIDIA A100-SXM4-40GB MIG 4g.20gb (0),1,,13,[CUDA memcpy Host-to-Device]
5840517264,19424,409775,,,,,,,,,,0.197,10121.773,Pinned,Device,NVIDIA A100-SXM4-40GB MIG 4g.20gb (0),1,,13,[CUDA memcpy Host-to-Device]
5840552304,8608,409776,69,4,1,48,1,1,76,0.002,0.000,,,,,NVIDIA A100-SXM4-40GB MIG 4g.20gb (0),1,,13,"void ch_est::windowedChEstPreNoDftSOfdmKernel<float, __half, float, (unsigned int)2, (unsigned int)1, (unsigned short)4>(ch_est::puschRxChEstStatDescr_t *, ch_est::puschRxChEstDynDescr_t *)"
5840569584,7584,409777,137,2,1,24,2,1,44,0.001,0.001,,,,,NVIDIA A100-SXM4-40GB MIG 4g.20gb (0),1,,13,"void ch_est::chEstFilterNoDftSOfdmDispatchKernel<float, __half, float, (unsigned int)2>(ch_est::puschRxChEstStatDescr_t *, ch_est::puschRxChEstDynDescr_t *)"
5840584240,4960,409778,137,2,1,24,2,1,44,0.001,0.001,,,,,NVIDIA A100-SXM4-40GB MIG 4g.20gb (0),1,,13,"void ch_est::chEstFilterNoDftSOfdmDispatchKernel<float, __half, float, (unsigned int)2>(ch_est::puschRxChEstStatDescr_t *, ch_est::puschRxChEstDynDescr_t *)"
5840592688,2688,409789,103,1,1,128,1,1,16,0.000,0.000,,,,,NVIDIA A100-SXM4-40GB MIG 4g.20gb (0),1,,13,cupy_copy__complex64_complex64
5840600719,12544,409799,1434,1,1,128,1,1,16,0.000,0.000,,,,,NVIDIA A100-SXM4-40GB MIG 4g.20gb (0),1,,13,cupy_copy__complex64_complex64
5840616047,3136,409806,103,1,1,128,1,1,16,0.000,0.000,,,,,NVIDIA A100-SXM4-40GB MIG 4g.20gb (0),1,,13,cupy_copy__complex64_complex64
5840624559,83519,409813,1,1,1,32,32,1,30,0.000,0.000,,,,,NVIDIA A100-SXM4-40GB MIG 4g.20gb (0),1,,13,"void convert_kernel<__half2, float2>(tensor_layout_any, T1 *, tensor_layout_any, const T2 *)"
5840736558,12896,409816,,,,,,,,,,0.094,7265.469,Pinned,Device,NVIDIA A100-SXM4-40GB MIG 4g.20gb (0),1,,13,[CUDA memcpy Host-to-Device]
5840754958,47775,409817,,,,,,,,,,35.810,749537.436,Device,,NVIDIA A100-SXM4-40GB MIG 4g.20gb (0),1,,13,[CUDA memset]
5840805901,11872,409819,,,,,,,,,,0.000,6.738,Pinned,Device,NVIDIA A100-SXM4-40GB MIG 4g.20gb (0),1,,13,[CUDA memcpy Host-to-Device]
5840826509,21535,409820,,,,,,,,,,0.197,9129.689,Pinned,Device,NVIDIA A100-SXM4-40GB MIG 4g.20gb (0),1,,13,[CUDA memcpy Host-to-Device]
5840855180,10496,409821,273,1,1,48,1,1,40,0.000,0.001,,,,,NVIDIA A100-SXM4-40GB MIG 4g.20gb (0),1,,13,"void pusch_noise_intf_est::noiseIntfEstNoDftSOfdmKernel<float, __half, float, float, (unsigned int)2, (unsigned int)1, (unsigned char)4, (unsigned char)4>(pusch_noise_intf_est::puschRxNoiseIntfEstDynDescr)"
5840874188,2624,409832,35,1,1,128,1,1,16,0.000,0.000,,,,,NVIDIA A100-SXM4-40GB MIG 4g.20gb (0),1,,13,cupy_copy__complex64_complex64
5840884492,1760,409841,1,1,1,1,1,1,18,0.000,0.000,,,,,NVIDIA A100-SXM4-40GB MIG 4g.20gb (0),1,,13,cupy_copy__float32_float32
5840894156,5472,409847,,,,,,,,,,0.000,0.731,Device,Pageable,NVIDIA A100-SXM4-40GB MIG 4g.20gb (0),1,,7,[CUDA memcpy Device-to-Host]
5840965515,13088,409858,1434,1,1,128,1,1,16,0.000,0.000,,,,,NVIDIA A100-SXM4-40GB MIG 4g.20gb (0),1,,13,cupy_copy__complex64_complex64
5840991435,3488,409865,103,1,1,128,1,1,16,0.000,0.000,,,,,NVIDIA A100-SXM4-40GB MIG 4g.20gb (0),1,,13,cupy_copy__complex64_complex64
5841015178,2432,409872,35,1,1,128,1,1,16,0.000,0.000,,,,,NVIDIA A100-SXM4-40GB MIG 4g.20gb (0),1,,13,cupy_copy__complex64_complex64
5841034378,1792,409879,1,1,1,1,1,1,18,0.000,0.000,,,,,NVIDIA A100-SXM4-40GB MIG 4g.20gb (0),1,,13,cupy_copy__float32_float32
5841165864,86943,409890,1,1,1,32,32,1,30,0.000,0.000,,,,,NVIDIA A100-SXM4-40GB MIG 4g.20gb (0),1,,13,"void convert_kernel<__half2, float2>(tensor_layout_any, T1 *, tensor_layout_any, const T2 *)"
5841280615,5824,409893,,,,,,,,,,0.094,16087.884,Pinned,Device,NVIDIA A100-SXM4-40GB MIG 4g.20gb (0),1,,13,[CUDA memcpy Host-to-Device]
5841295399,3264,409894,,,,,,,,,,1.547,473842.288,Device,,NVIDIA A100-SXM4-40GB MIG 4g.20gb (0),1,,13,[CUDA memset]
5841302247,3360,409899,,,,,,,,,,0.031,9314.284,Pinned,Device,NVIDIA A100-SXM4-40GB MIG 4g.20gb (0),1,,13,[CUDA memcpy Host-to-Device]
5841308039,9376,409900,,,,,,,,,,0.197,20969.226,Pinned,Device,NVIDIA A100-SXM4-40GB MIG 4g.20gb (0),1,,13,[CUDA memcpy Host-to-Device]
5841321799,6207,409901,273,1,1,8,4,1,39,0.002,0.000,,,,,NVIDIA A100-SXM4-40GB MIG 4g.20gb (0),1,,13,"void channel_eq::eqMmseCoefCompLowMimoKernel<float, float, float, (unsigned int)4, (unsigned int)1, (unsigned int)4>(const channel_eq::_puschRxChEqStatDescr *, channel_eq::_puschRxChEqCoefCompDynDescr)"
5841329702,5312,409902,273,1,1,12,11,1,51,0.002,0.000,,,,,NVIDIA A100-SXM4-40GB MIG 4g.20gb (0),1,,13,"void channel_eq::eqMmseSoftDemapKernel<float, __half, __half, float, (unsigned int)4, (unsigned short)16383>(channel_eq::_puschRxChEqStatDescr *, channel_eq::_puschRxChEqSoftDemapDynDescr)"
5841336838,282429,409903,1,1,1,32,32,1,30,0.000,0.000,,,,,NVIDIA A100-SXM4-40GB MIG 4g.20gb (0),1,,13,"void convert_kernel<float2, __half2>(tensor_layout_any, T1 *, tensor_layout_any, const T2 *)"
5841622531,10880,409915,2253,1,1,128,1,1,16,0.000,0.000,,,,,NVIDIA A100-SXM4-40GB MIG 4g.20gb (0),1,,13,cupy_copy__float16_float16
5841636035,3616,409924,282,1,1,128,1,1,16,0.000,0.000,,,,,NVIDIA A100-SXM4-40GB MIG 4g.20gb (0),1,,13,cupy_copy__complex64_complex64
5841640675,2048,409933,26,1,1,128,1,1,16,0.000,0.000,,,,,NVIDIA A100-SXM4-40GB MIG 4g.20gb (0),1,,13,cupy_copy__float32_float32
5841647363,2912,409942,103,1,1,128,1,1,16,0.000,0.000,,,,,NVIDIA A100-SXM4-40GB MIG 4g.20gb (0),1,,13,cupy_copy__complex64_complex64
5841652610,12320,409952,1434,1,1,128,1,1,16,0.000,0.000,,,,,NVIDIA A100-SXM4-40GB MIG 4g.20gb (0),1,,13,cupy_copy__complex64_complex64
5841673954,87295,409957,1,1,1,32,32,1,30,0.000,0.000,,,,,NVIDIA A100-SXM4-40GB MIG 4g.20gb (0),1,,13,"void convert_kernel<__half2, float2>(tensor_layout_any, T1 *, tensor_layout_any, const T2 *)"
5841788609,6112,409960,,,,,,,,,,0.094,15329.790,Pinned,Device,NVIDIA A100-SXM4-40GB MIG 4g.20gb (0),1,,13,[CUDA memcpy Host-to-Device]
5841800961,597752,409961,,,,,,,,,,456.561,763370.728,Device,,NVIDIA A100-SXM4-40GB MIG 4g.20gb (0),1,,13,[CUDA memset]
5842406681,148030,409966,,,,,,,,,,1.235,8342.047,Pinned,Device,NVIDIA A100-SXM4-40GB MIG 4g.20gb (0),1,,13,[CUDA memcpy Host-to-Device]
5842568503,37760,409967,,,,,,,,,,0.197,5206.770,Pinned,Device,NVIDIA A100-SXM4-40GB MIG 4g.20gb (0),1,,13,[CUDA memcpy Host-to-Device]
5842630134,8320,409968,69,4,1,48,1,1,76,0.002,0.000,,,,,NVIDIA A100-SXM4-40GB MIG 4g.20gb (0),1,,13,"void ch_est::windowedChEstPreNoDftSOfdmKernel<float, __half, float, (unsigned int)2, (unsigned int)1, (unsigned short)4>(ch_est::puschRxChEstStatDescr_t *, ch_est::puschRxChEstDynDescr_t *)"
5842647830,6880,409969,137,2,1,24,2,1,44,0.001,0.001,,,,,NVIDIA A100-SXM4-40GB MIG 4g.20gb (0),1,,13,"void ch_est::chEstFilterNoDftSOfdmDispatchKernel<float, __half, float, (unsigned int)2>(ch_est::puschRxChEstStatDescr_t *, ch_est::puschRxChEstDynDescr_t *)"
5842658166,4672,409970,137,2,1,24,2,1,44,0.001,0.001,,,,,NVIDIA A100-SXM4-40GB MIG 4g.20gb (0),1,,13,"void ch_est::chEstFilterNoDftSOfdmDispatchKernel<float, __half, float, (unsigned int)2>(ch_est::puschRxChEstStatDescr_t *, ch_est::puschRxChEstDynDescr_t *)"
5842673206,2592,409981,103,1,1,128,1,1,16,0.000,0.000,,,,,NVIDIA A100-SXM4-40GB MIG 4g.20gb (0),1,,13,cupy_copy__complex64_complex64
5842684246,12576,409991,1434,1,1,128,1,1,16,0.000,0.000,,,,,NVIDIA A100-SXM4-40GB MIG 4g.20gb (0),1,,13,cupy_copy__complex64_complex64
5842710165,2528,409998,103,1,1,128,1,1,16,0.000,0.000,,,,,NVIDIA A100-SXM4-40GB MIG 4g.20gb (0),1,,13,cupy_copy__complex64_complex64
5842718005,81279,410005,1,1,1,32,32,1,30,0.000,0.000,,,,,NVIDIA A100-SXM4-40GB MIG 4g.20gb (0),1,,13,"void convert_kernel<__half2, float2>(tensor_layout_any, T1 *, tensor_layout_any, const T2 *)"
5842827668,13120,410008,,,,,,,,,,0.094,7141.415,Pinned,Device,NVIDIA A100-SXM4-40GB MIG 4g.20gb (0),1,,13,[CUDA memcpy Host-to-Device]
5842853012,46623,410009,,,,,,,,,,35.810,768051.164,Device,,NVIDIA A100-SXM4-40GB MIG 4g.20gb (0),1,,13,[CUDA memset]
5842902323,8064,410011,,,,,,,,,,0.000,9.921,Pinned,Device,NVIDIA A100-SXM4-40GB MIG 4g.20gb (0),1,,13,[CUDA memcpy Host-to-Device]
5842915667,19616,410012,,,,,,,,,,0.197,10022.683,Pinned,Device,NVIDIA A100-SXM4-40GB MIG 4g.20gb (0),1,,13,[CUDA memcpy Host-to-Device]
5842950546,13024,410013,273,1,1,48,1,1,40,0.000,0.001,,,,,NVIDIA A100-SXM4-40GB MIG 4g.20gb (0),1,,13,"void pusch_noise_intf_est::noiseIntfEstNoDftSOfdmKernel<float, __half, float, float, (unsigned int)2, (unsigned int)1, (unsigned char)4, (unsigned char)4>(pusch_noise_intf_est::puschRxNoiseIntfEstDynDescr)"
5842967410,2624,410024,35,1,1,128,1,1,16,0.000,0.000,,,,,NVIDIA A100-SXM4-40GB MIG 4g.20gb (0),1,,13,cupy_copy__complex64_complex64
5842976914,1856,410033,1,1,1,1,1,1,18,0.000,0.000,,,,,NVIDIA A100-SXM4-40GB MIG 4g.20gb (0),1,,13,cupy_copy__float32_float32
5842990802,7712,410039,,,,,,,,,,0.000,0.519,Device,Pageable,NVIDIA A100-SXM4-40GB MIG 4g.20gb (0),1,,7,[CUDA memcpy Device-to-Host]
5843072945,13120,410050,1434,1,1,128,1,1,16,0.000,0.000,,,,,NVIDIA A100-SXM4-40GB MIG 4g.20gb (0),1,,13,cupy_copy__complex64_complex64
5843105521,2880,410057,103,1,1,128,1,1,16,0.000,0.000,,,,,NVIDIA A100-SXM4-40GB MIG 4g.20gb (0),1,,13,cupy_copy__complex64_complex64
5843118320,2368,410064,35,1,1,128,1,1,16,0.000,0.000,,,,,NVIDIA A100-SXM4-40GB MIG 4g.20gb (0),1,,13,cupy_copy__complex64_complex64
5843144784,1824,410071,1,1,1,1,1,1,18,0.000,0.000,,,,,NVIDIA A100-SXM4-40GB MIG 4g.20gb (0),1,,13,cupy_copy__float32_float32
5843274606,87519,410082,1,1,1,32,32,1,30,0.000,0.000,,,,,NVIDIA A100-SXM4-40GB MIG 4g.20gb (0),1,,13,"void convert_kernel<__half2, float2>(tensor_layout_any, T1 *, tensor_layout_any, const T2 *)"
5843389933,5504,410085,,,,,,,,,,0.094,17023.251,Pinned,Device,NVIDIA A100-SXM4-40GB MIG 4g.20gb (0),1,,13,[CUDA memcpy Host-to-Device]
5843404909,3360,410086,,,,,,,,,,1.547,460304.688,Device,,NVIDIA A100-SXM4-40GB MIG 4g.20gb (0),1,,13,[CUDA memset]
5843410349,4064,410091,,,,,,,,,,0.031,7700.756,Pinned,Device,NVIDIA A100-SXM4-40GB MIG 4g.20gb (0),1,,13,[CUDA memcpy Host-to-Device]
5843417037,10048,410092,,,,,,,,,,0.197,19566.821,Pinned,Device,NVIDIA A100-SXM4-40GB MIG 4g.20gb (0),1,,13,[CUDA memcpy Host-to-Device]
5843430925,6271,410093,273,1,1,8,4,1,39,0.002,0.000,,,,,NVIDIA A100-SXM4-40GB MIG 4g.20gb (0),1,,13,"void channel_eq::eqMmseCoefCompLowMimoKernel<float, float, float, (unsigned int)4, (unsigned int)1, (unsigned int)4>(const channel_eq::_puschRxChEqStatDescr *, channel_eq::_puschRxChEqCoefCompDynDescr)"
5843440364,5536,410094,273,1,1,12,11,1,51,0.002,0.000,,,,,NVIDIA A100-SXM4-40GB MIG 4g.20gb (0),1,,13,"void channel_eq::eqMmseSoftDemapKernel<float, __half, __half, float, (unsigned int)4, (unsigned short)16383>(channel_eq::_puschRxChEqStatDescr *, channel_eq::_puschRxChEqSoftDemapDynDescr)"
5843447404,282301,410095,1,1,1,32,32,1,30,0.000,0.000,,,,,NVIDIA A100-SXM4-40GB MIG 4g.20gb (0),1,,13,"void convert_kernel<float2, __half2>(tensor_layout_any, T1 *, tensor_layout_any, const T2 *)"
5843732841,11008,410107,2253,1,1,128,1,1,16,0.000,0.000,,,,,NVIDIA A100-SXM4-40GB MIG 4g.20gb (0),1,,13,cupy_copy__float16_float16
5843746089,3232,410116,282,1,1,128,1,1,16,0.000,0.000,,,,,NVIDIA A100-SXM4-40GB MIG 4g.20gb (0),1,,13,cupy_copy__complex64_complex64
5843752937,2400,410125,26,1,1,128,1,1,16,0.000,0.000,,,,,NVIDIA A100-SXM4-40GB MIG 4g.20gb (0),1,,13,cupy_copy__float32_float32
5843758665,3103,410134,103,1,1,128,1,1,16,0.000,0.000,,,,,NVIDIA A100-SXM4-40GB MIG 4g.20gb (0),1,,13,cupy_copy__complex64_complex64
5843763368,12032,410144,1434,1,1,128,1,1,16,0.000,0.000,,,,,NVIDIA A100-SXM4-40GB MIG 4g.20gb (0),1,,13,cupy_copy__complex64_complex64
5843778376,86943,410149,1,1,1,32,32,1,30,0.000,0.000,,,,,NVIDIA A100-SXM4-40GB MIG 4g.20gb (0),1,,13,"void convert_kernel<__half2, float2>(tensor_layout_any, T1 *, tensor_layout_any, const T2 *)"
5843892583,6176,410152,,,,,,,,,,0.094,15170.975,Pinned,Device,NVIDIA A100-SXM4-40GB MIG 4g.20gb (0),1,,13,[CUDA memcpy Host-to-Device]
5843902183,600120,410153,,,,,,,,,,456.561,760631.359,Device,,NVIDIA A100-SXM4-40GB MIG 4g.20gb (0),1,,13,[CUDA memset]
5844512767,162110,410158,,,,,,,,,,1.235,7617.135,Pinned,Device,NVIDIA A100-SXM4-40GB MIG 4g.20gb (0),1,,13,[CUDA memcpy Host-to-Device]
5844688413,39840,410159,,,,,,,,,,0.197,4934.861,Pinned,Device,NVIDIA A100-SXM4-40GB MIG 4g.20gb (0),1,,13,[CUDA memcpy Host-to-Device]
5844746012,8032,410160,69,4,1,48,1,1,76,0.002,0.000,,,,,NVIDIA A100-SXM4-40GB MIG 4g.20gb (0),1,,13,"void ch_est::windowedChEstPreNoDftSOfdmKernel<float, __half, float, (unsigned int)2, (unsigned int)1, (unsigned short)4>(ch_est::puschRxChEstStatDescr_t *, ch_est::puschRxChEstDynDescr_t *)"
5844760668,6912,410161,137,2,1,24,2,1,44,0.001,0.001,,,,,NVIDIA A100-SXM4-40GB MIG 4g.20gb (0),1,,13,"void ch_est::chEstFilterNoDftSOfdmDispatchKernel<float, __half, float, (unsigned int)2>(ch_est::puschRxChEstStatDescr_t *, ch_est::puschRxChEstDynDescr_t *)"
5844773660,4736,410162,137,2,1,24,2,1,44,0.001,0.001,,,,,NVIDIA A100-SXM4-40GB MIG 4g.20gb (0),1,,13,"void ch_est::chEstFilterNoDftSOfdmDispatchKernel<float, __half, float, (unsigned int)2>(ch_est::puschRxChEstStatDescr_t *, ch_est::puschRxChEstDynDescr_t *)"
5844786364,2720,410173,103,1,1,128,1,1,16,0.000,0.000,,,,,NVIDIA A100-SXM4-40GB MIG 4g.20gb (0),1,,13,cupy_copy__complex64_complex64
5844798812,12608,410183,1434,1,1,128,1,1,16,0.000,0.000,,,,,NVIDIA A100-SXM4-40GB MIG 4g.20gb (0),1,,13,cupy_copy__complex64_complex64
5844826139,2592,410190,103,1,1,128,1,1,16,0.000,0.000,,,,,NVIDIA A100-SXM4-40GB MIG 4g.20gb (0),1,,13,cupy_copy__complex64_complex64
5844834331,86719,410197,1,1,1,32,32,1,30,0.000,0.000,,,,,NVIDIA A100-SXM4-40GB MIG 4g.20gb (0),1,,13,"void convert_kernel<__half2, float2>(tensor_layout_any, T1 *, tensor_layout_any, const T2 *)"
5844948218,8288,410200,,,,,,,,,,0.094,11304.985,Pinned,Device,NVIDIA A100-SXM4-40GB MIG 4g.20gb (0),1,,13,[CUDA memcpy Host-to-Device]
5844969082,46687,410201,,,,,,,,,,35.810,767012.676,Device,,NVIDIA A100-SXM4-40GB MIG 4g.20gb (0),1,,13,[CUDA memset]
5845022105,3680,410203,,,,,,,,,,0.000,21.739,Pinned,Device,NVIDIA A100-SXM4-40GB MIG 4g.20gb (0),1,,13,[CUDA memcpy Host-to-Device]
5845030585,10976,410204,,,,,,,,,,0.197,17912.365,Pinned,Device,NVIDIA A100-SXM4-40GB MIG 4g.20gb (0),1,,13,[CUDA memcpy Host-to-Device]
5845049145,10399,410205,273,1,1,48,1,1,40,0.000,0.001,,,,,NVIDIA A100-SXM4-40GB MIG 4g.20gb (0),1,,13,"void pusch_noise_intf_est::noiseIntfEstNoDftSOfdmKernel<float, __half, float, float, (unsigned int)2, (unsigned int)1, (unsigned char)4, (unsigned char)4>(pusch_noise_intf_est::puschRxNoiseIntfEstDynDescr)"
5845061496,3232,410216,35,1,1,128,1,1,16,0.000,0.000,,,,,NVIDIA A100-SXM4-40GB MIG 4g.20gb (0),1,,13,cupy_copy__complex64_complex64
5845069464,1920,410225,1,1,1,1,1,1,18,0.000,0.000,,,,,NVIDIA A100-SXM4-40GB MIG 4g.20gb (0),1,,13,cupy_copy__float32_float32
5845098968,1600,410231,,,,,,,,,,0.000,2.500,Device,Pageable,NVIDIA A100-SXM4-40GB MIG 4g.20gb (0),1,,7,[CUDA memcpy Device-to-Host]
5845161655,13376,410242,1434,1,1,128,1,1,16,0.000,0.000,,,,,NVIDIA A100-SXM4-40GB MIG 4g.20gb (0),1,,13,cupy_copy__complex64_complex64
5845190295,3072,410249,103,1,1,128,1,1,16,0.000,0.000,,,,,NVIDIA A100-SXM4-40GB MIG 4g.20gb (0),1,,13,cupy_copy__complex64_complex64
5845209527,2304,410256,35,1,1,128,1,1,16,0.000,0.000,,,,,NVIDIA A100-SXM4-40GB MIG 4g.20gb (0),1,,13,cupy_copy__complex64_complex64
5845227798,1792,410263,1,1,1,1,1,1,18,0.000,0.000,,,,,NVIDIA A100-SXM4-40GB MIG 4g.20gb (0),1,,13,cupy_copy__float32_float32
5845359317,82271,410274,1,1,1,32,32,1,30,0.000,0.000,,,,,NVIDIA A100-SXM4-40GB MIG 4g.20gb (0),1,,13,"void convert_kernel<__half2, float2>(tensor_layout_any, T1 *, tensor_layout_any, const T2 *)"
5845469107,5568,410277,,,,,,,,,,0.094,16827.521,Pinned,Device,NVIDIA A100-SXM4-40GB MIG 4g.20gb (0),1,,13,[CUDA memcpy Host-to-Device]
5845483443,3520,410278,,,,,,,,,,1.547,439380.412,Device,,NVIDIA A100-SXM4-40GB MIG 4g.20gb (0),1,,13,[CUDA memset]
5845490035,3328,410283,,,,,,,,,,0.031,9403.822,Pinned,Device,NVIDIA A100-SXM4-40GB MIG 4g.20gb (0),1,,13,[CUDA memcpy Host-to-Device]
5845495795,9536,410284,,,,,,,,,,0.197,20617.298,Pinned,Device,NVIDIA A100-SXM4-40GB MIG 4g.20gb (0),1,,13,[CUDA memcpy Host-to-Device]
5845509907,6112,410285,273,1,1,8,4,1,39,0.002,0.000,,,,,NVIDIA A100-SXM4-40GB MIG 4g.20gb (0),1,,13,"void channel_eq::eqMmseCoefCompLowMimoKernel<float, float, float, (unsigned int)4, (unsigned int)1, (unsigned int)4>(const channel_eq::_puschRxChEqStatDescr *, channel_eq::_puschRxChEqCoefCompDynDescr)"
5845517139,5920,410286,273,1,1,12,11,1,51,0.002,0.000,,,,,NVIDIA A100-SXM4-40GB MIG 4g.20gb (0),1,,13,"void channel_eq::eqMmseSoftDemapKernel<float, __half, __half, float, (unsigned int)4, (unsigned short)16383>(channel_eq::_puschRxChEqStatDescr *, channel_eq::_puschRxChEqSoftDemapDynDescr)"
5845524083,283228,410287,1,1,1,32,32,1,30,0.000,0.000,,,,,NVIDIA A100-SXM4-40GB MIG 4g.20gb (0),1,,13,"void convert_kernel<float2, __half2>(tensor_layout_any, T1 *, tensor_layout_any, const T2 *)"
5845810703,10976,410299,2253,1,1,128,1,1,16,0.000,0.000,,,,,NVIDIA A100-SXM4-40GB MIG 4g.20gb (0),1,,13,cupy_copy__float16_float16
5845823663,3136,410308,282,1,1,128,1,1,16,0.000,0.000,,,,,NVIDIA A100-SXM4-40GB MIG 4g.20gb (0),1,,13,cupy_copy__complex64_complex64
5845828431,2048,410317,26,1,1,128,1,1,16,0.000,0.000,,,,,NVIDIA A100-SXM4-40GB MIG 4g.20gb (0),1,,13,cupy_copy__float32_float32
5845833071,4544,410326,103,1,1,128,1,1,16,0.000,0.000,,,,,NVIDIA A100-SXM4-40GB MIG 4g.20gb (0),1,,13,cupy_copy__complex64_complex64
5845841487,11872,410336,1434,1,1,128,1,1,16,0.000,0.000,,,,,NVIDIA A100-SXM4-40GB MIG 4g.20gb (0),1,,13,cupy_copy__complex64_complex64
5845858031,83295,410341,1,1,1,32,32,1,30,0.000,0.000,,,,,NVIDIA A100-SXM4-40GB MIG 4g.20gb (0),1,,13,"void convert_kernel<__half2, float2>(tensor_layout_any, T1 *, tensor_layout_any, const T2 *)"
5845968525,5696,410344,,,,,,,,,,0.094,16449.363,Pinned,Device,NVIDIA A100-SXM4-40GB MIG 4g.20gb (0),1,,13,[CUDA memcpy Host-to-Device]
5845978957,597529,410345,,,,,,,,,,456.561,763827.289,Device,,NVIDIA A100-SXM4-40GB MIG 4g.20gb (0),1,,13,[CUDA memset]
5846577222,139614,410350,,,,,,,,,,1.235,8844.669,Pinned,Device,NVIDIA A100-SXM4-40GB MIG 4g.20gb (0),1,,13,[CUDA memcpy Host-to-Device]
5846732644,44479,410351,,,,,,,,,,0.197,4420.141,Pinned,Device,NVIDIA A100-SXM4-40GB MIG 4g.20gb (0),1,,13,[CUDA memcpy Host-to-Device]
5846806371,8160,410352,69,4,1,48,1,1,76,0.002,0.000,,,,,NVIDIA A100-SXM4-40GB MIG 4g.20gb (0),1,,13,"void ch_est::windowedChEstPreNoDftSOfdmKernel<float, __half, float, (unsigned int)2, (unsigned int)1, (unsigned short)4>(ch_est::puschRxChEstStatDescr_t *, ch_est::puschRxChEstDynDescr_t *)"
5846825187,7168,410353,137,2,1,24,2,1,44,0.001,0.001,,,,,NVIDIA A100-SXM4-40GB MIG 4g.20gb (0),1,,13,"void ch_est::chEstFilterNoDftSOfdmDispatchKernel<float, __half, float, (unsigned int)2>(ch_est::puschRxChEstStatDescr_t *, ch_est::puschRxChEstDynDescr_t *)"
5846842179,4703,410354,137,2,1,24,2,1,44,0.001,0.001,,,,,NVIDIA A100-SXM4-40GB MIG 4g.20gb (0),1,,13,"void ch_est::chEstFilterNoDftSOfdmDispatchKernel<float, __half, float, (unsigned int)2>(ch_est::puschRxChEstStatDescr_t *, ch_est::puschRxChEstDynDescr_t *)"
5846867074,2656,410365,103,1,1,128,1,1,16,0.000,0.000,,,,,NVIDIA A100-SXM4-40GB MIG 4g.20gb (0),1,,13,cupy_copy__complex64_complex64
5846887010,12416,410375,1434,1,1,128,1,1,16,0.000,0.000,,,,,NVIDIA A100-SXM4-40GB MIG 4g.20gb (0),1,,13,cupy_copy__complex64_complex64
5846906658,2528,410382,103,1,1,128,1,1,16,0.000,0.000,,,,,NVIDIA A100-SXM4-40GB MIG 4g.20gb (0),1,,13,cupy_copy__complex64_complex64
5846928705,86207,410389,1,1,1,32,32,1,30,0.000,0.000,,,,,NVIDIA A100-SXM4-40GB MIG 4g.20gb (0),1,,13,"void convert_kernel<__half2, float2>(tensor_layout_any, T1 *, tensor_layout_any, const T2 *)"
5847047968,26688,410392,,,,,,,,,,0.094,3510.789,Pinned,Device,NVIDIA A100-SXM4-40GB MIG 4g.20gb (0),1,,13,[CUDA memcpy Host-to-Device]
5847102975,47200,410393,,,,,,,,,,35.810,758668.965,Device,,NVIDIA A100-SXM4-40GB MIG 4g.20gb (0),1,,13,[CUDA memset]
5847151679,13056,410395,,,,,,,,,,0.000,6.127,Pinned,Device,NVIDIA A100-SXM4-40GB MIG 4g.20gb (0),1,,13,[CUDA memcpy Host-to-Device]
5847171966,19584,410396,,,,,,,,,,0.197,10039.198,Pinned,Device,NVIDIA A100-SXM4-40GB MIG 4g.20gb (0),1,,13,[CUDA memcpy Host-to-Device]
5847214206,9536,410397,273,1,1,48,1,1,40,0.000,0.001,,,,,NVIDIA A100-SXM4-40GB MIG 4g.20gb (0),1,,13,"void pusch_noise_intf_est::noiseIntfEstNoDftSOfdmKernel<float, __half, float, float, (unsigned int)2, (unsigned int)1, (unsigned char)4, (unsigned char)4>(pusch_noise_intf_est::puschRxNoiseIntfEstDynDescr)"
5847235134,2720,410408,35,1,1,128,1,1,16,0.000,0.000,,,,,NVIDIA A100-SXM4-40GB MIG 4g.20gb (0),1,,13,cupy_copy__complex64_complex64
5847246654,1856,410417,1,1,1,1,1,1,18,0.000,0.000,,,,,NVIDIA A100-SXM4-40GB MIG 4g.20gb (0),1,,13,cupy_copy__float32_float32
5847251389,2816,410423,,,,,,,,,,0.000,1.420,Device,Pageable,NVIDIA A100-SXM4-40GB MIG 4g.20gb (0),1,,7,[CUDA memcpy Device-to-Host]
5847319613,12831,410434,1434,1,1,128,1,1,16,0.000,0.000,,,,,NVIDIA A100-SXM4-40GB MIG 4g.20gb (0),1,,13,cupy_copy__complex64_complex64
5847348828,3456,410441,103,1,1,128,1,1,16,0.000,0.000,,,,,NVIDIA A100-SXM4-40GB MIG 4g.20gb (0),1,,13,cupy_copy__complex64_complex64
5847366172,2336,410448,35,1,1,128,1,1,16,0.000,0.000,,,,,NVIDIA A100-SXM4-40GB MIG 4g.20gb (0),1,,13,cupy_copy__complex64_complex64
5847385180,2240,410455,1,1,1,1,1,1,18,0.000,0.000,,,,,NVIDIA A100-SXM4-40GB MIG 4g.20gb (0),1,,13,cupy_copy__float32_float32
5847516826,82079,410466,1,1,1,32,32,1,30,0.000,0.000,,,,,NVIDIA A100-SXM4-40GB MIG 4g.20gb (0),1,,13,"void convert_kernel<__half2, float2>(tensor_layout_any, T1 *, tensor_layout_any, const T2 *)"
5847626009,5984,410469,,,,,,,,,,0.094,15657.726,Pinned,Device,NVIDIA A100-SXM4-40GB MIG 4g.20gb (0),1,,13,[CUDA memcpy Host-to-Device]
5847640473,3424,410470,,,,,,,,,,1.547,451700.819,Device,,NVIDIA A100-SXM4-40GB MIG 4g.20gb (0),1,,13,[CUDA memset]
5847647673,3744,410475,,,,,,,,,,0.031,8358.974,Pinned,Device,NVIDIA A100-SXM4-40GB MIG 4g.20gb (0),1,,13,[CUDA memcpy Host-to-Device]
5847654073,9407,410476,,,,,,,,,,0.197,20900.020,Pinned,Device,NVIDIA A100-SXM4-40GB MIG 4g.20gb (0),1,,13,[CUDA memcpy Host-to-Device]
5847666840,8512,410477,273,1,1,8,4,1,39,0.002,0.000,,,,,NVIDIA A100-SXM4-40GB MIG 4g.20gb (0),1,,13,"void channel_eq::eqMmseCoefCompLowMimoKernel<float, float, float, (unsigned int)4, (unsigned int)1, (unsigned int)4>(const channel_eq::_puschRxChEqStatDescr *, channel_eq::_puschRxChEqCoefCompDynDescr)"
5847677176,5920,410478,273,1,1,12,11,1,51,0.002,0.000,,,,,NVIDIA A100-SXM4-40GB MIG 4g.20gb (0),1,,13,"void channel_eq::eqMmseSoftDemapKernel<float, __half, __half, float, (unsigned int)4, (unsigned short)16383>(channel_eq::_puschRxChEqStatDescr *, channel_eq::_puschRxChEqSoftDemapDynDescr)"
5847684088,289469,410479,1,1,1,32,32,1,30,0.000,0.000,,,,,NVIDIA A100-SXM4-40GB MIG 4g.20gb (0),1,,13,"void convert_kernel<float2, __half2>(tensor_layout_any, T1 *, tensor_layout_any, const T2 *)"
5847974709,11071,410491,2253,1,1,128,1,1,16,0.000,0.000,,,,,NVIDIA A100-SXM4-40GB MIG 4g.20gb (0),1,,13,cupy_copy__float16_float16
5847988788,3200,410500,282,1,1,128,1,1,16,0.000,0.000,,,,,NVIDIA A100-SXM4-40GB MIG 4g.20gb (0),1,,13,cupy_copy__complex64_complex64
5847993556,2112,410509,26,1,1,128,1,1,16,0.000,0.000,,,,,NVIDIA A100-SXM4-40GB MIG 4g.20gb (0),1,,13,cupy_copy__float32_float32
5847997396,3392,410518,103,1,1,128,1,1,16,0.000,0.000,,,,,NVIDIA A100-SXM4-40GB MIG 4g.20gb (0),1,,13,cupy_copy__complex64_complex64
5848004244,11968,410528,1434,1,1,128,1,1,16,0.000,0.000,,,,,NVIDIA A100-SXM4-40GB MIG 4g.20gb (0),1,,13,cupy_copy__complex64_complex64
5848019220,88223,410533,1,1,1,32,32,1,30,0.000,0.000,,,,,NVIDIA A100-SXM4-40GB MIG 4g.20gb (0),1,,13,"void convert_kernel<__half2, float2>(tensor_layout_any, T1 *, tensor_layout_any, const T2 *)"
5848135251,5408,410536,,,,,,,,,,0.094,17325.421,Pinned,Device,NVIDIA A100-SXM4-40GB MIG 4g.20gb (0),1,,13,[CUDA memcpy Host-to-Device]
5848144914,597401,410537,,,,,,,,,,456.561,763827.289,Device,,NVIDIA A100-SXM4-40GB MIG 4g.20gb (0),1,,13,[CUDA memset]
5848749163,138654,410542,,,,,,,,,,1.235,8906.416,Pinned,Device,NVIDIA A100-SXM4-40GB MIG 4g.20gb (0),1,,13,[CUDA memcpy Host-to-Device]
5848901289,44096,410543,,,,,,,,,,0.197,4458.480,Pinned,Device,NVIDIA A100-SXM4-40GB MIG 4g.20gb (0),1,,13,[CUDA memcpy Host-to-Device]
5848972584,8352,410544,69,4,1,48,1,1,76,0.002,0.000,,,,,NVIDIA A100-SXM4-40GB MIG 4g.20gb (0),1,,13,"void ch_est::windowedChEstPreNoDftSOfdmKernel<float, __half, float, (unsigned int)2, (unsigned int)1, (unsigned short)4>(ch_est::puschRxChEstStatDescr_t *, ch_est::puschRxChEstDynDescr_t *)"
5848989480,6944,410545,137,2,1,24,2,1,44,0.001,0.001,,,,,NVIDIA A100-SXM4-40GB MIG 4g.20gb (0),1,,13,"void ch_est::chEstFilterNoDftSOfdmDispatchKernel<float, __half, float, (unsigned int)2>(ch_est::puschRxChEstStatDescr_t *, ch_est::puschRxChEstDynDescr_t *)"
5849014344,4768,410546,137,2,1,24,2,1,44,0.001,0.001,,,,,NVIDIA A100-SXM4-40GB MIG 4g.20gb (0),1,,13,"void ch_est::chEstFilterNoDftSOfdmDispatchKernel<float, __half, float, (unsigned int)2>(ch_est::puschRxChEstStatDescr_t *, ch_est::puschRxChEstDynDescr_t *)"
5849036168,2591,410557,103,1,1,128,1,1,16,0.000,0.000,,,,,NVIDIA A100-SXM4-40GB MIG 4g.20gb (0),1,,13,cupy_copy__complex64_complex64
5849053223,12704,410567,1434,1,1,128,1,1,16,0.000,0.000,,,,,NVIDIA A100-SXM4-40GB MIG 4g.20gb (0),1,,13,cupy_copy__complex64_complex64
5849091591,2592,410574,103,1,1,128,1,1,16,0.000,0.000,,,,,NVIDIA A100-SXM4-40GB MIG 4g.20gb (0),1,,13,cupy_copy__complex64_complex64
5849111463,85855,410581,1,1,1,32,32,1,30,0.000,0.000,,,,,NVIDIA A100-SXM4-40GB MIG 4g.20gb (0),1,,13,"void convert_kernel<__half2, float2>(tensor_layout_any, T1 *, tensor_layout_any, const T2 *)"
5849230277,25920,410584,,,,,,,,,,0.094,3614.792,Pinned,Device,NVIDIA A100-SXM4-40GB MIG 4g.20gb (0),1,,13,[CUDA memcpy Host-to-Device]
5849283972,45952,410585,,,,,,,,,,35.810,779259.669,Device,,NVIDIA A100-SXM4-40GB MIG 4g.20gb (0),1,,13,[CUDA memset]
5849338788,15392,410587,,,,,,,,,,0.000,5.197,Pinned,Device,NVIDIA A100-SXM4-40GB MIG 4g.20gb (0),1,,13,[CUDA memcpy Host-to-Device]
5849362883,24352,410588,,,,,,,,,,0.197,8073.511,Pinned,Device,NVIDIA A100-SXM4-40GB MIG 4g.20gb (0),1,,13,[CUDA memcpy Host-to-Device]
5849416355,9824,410589,273,1,1,48,1,1,40,0.000,0.001,,,,,NVIDIA A100-SXM4-40GB MIG 4g.20gb (0),1,,13,"void pusch_noise_intf_est::noiseIntfEstNoDftSOfdmKernel<float, __half, float, float, (unsigned int)2, (unsigned int)1, (unsigned char)4, (unsigned char)4>(pusch_noise_intf_est::puschRxNoiseIntfEstDynDescr)"
5849433155,2784,410600,35,1,1,128,1,1,16,0.000,0.000,,,,,NVIDIA A100-SXM4-40GB MIG 4g.20gb (0),1,,13,cupy_copy__complex64_complex64
5849449602,1696,410609,1,1,1,1,1,1,18,0.000,0.000,,,,,NVIDIA A100-SXM4-40GB MIG 4g.20gb (0),1,,13,cupy_copy__float32_float32
5849453986,7680,410615,,,,,,,,,,0.000,0.521,Device,Pageable,NVIDIA A100-SXM4-40GB MIG 4g.20gb (0),1,,7,[CUDA memcpy Device-to-Host]
5849556769,12704,410626,1434,1,1,128,1,1,16,0.000,0.000,,,,,NVIDIA A100-SXM4-40GB MIG 4g.20gb (0),1,,13,cupy_copy__complex64_complex64
5849578817,3328,410633,103,1,1,128,1,1,16,0.000,0.000,,,,,NVIDIA A100-SXM4-40GB MIG 4g.20gb (0),1,,13,cupy_copy__complex64_complex64
5849599009,2560,410640,35,1,1,128,1,1,16,0.000,0.000,,,,,NVIDIA A100-SXM4-40GB MIG 4g.20gb (0),1,,13,cupy_copy__complex64_complex64
5849622176,1760,410647,1,1,1,1,1,1,18,0.000,0.000,,,,,NVIDIA A100-SXM4-40GB MIG 4g.20gb (0),1,,13,cupy_copy__float32_float32
5849745151,87199,410658,1,1,1,32,32,1,30,0.000,0.000,,,,,NVIDIA A100-SXM4-40GB MIG 4g.20gb (0),1,,13,"void convert_kernel<__half2, float2>(tensor_layout_any, T1 *, tensor_layout_any, const T2 *)"
5849859549,6272,410661,,,,,,,,,,0.094,14938.703,Pinned,Device,NVIDIA A100-SXM4-40GB MIG 4g.20gb (0),1,,13,[CUDA memcpy Host-to-Device]
5849874525,3360,410662,,,,,,,,,,1.547,460304.688,Device,,NVIDIA A100-SXM4-40GB MIG 4g.20gb (0),1,,13,[CUDA memset]
5849880669,3168,410667,,,,,,,,,,0.031,9878.770,Pinned,Device,NVIDIA A100-SXM4-40GB MIG 4g.20gb (0),1,,13,[CUDA memcpy Host-to-Device]
5849886397,10688,410668,,,,,,,,,,0.197,18395.038,Pinned,Device,NVIDIA A100-SXM4-40GB MIG 4g.20gb (0),1,,13,[CUDA memcpy Host-to-Device]
5849901789,6144,410669,273,1,1,8,4,1,39,0.002,0.000,,,,,NVIDIA A100-SXM4-40GB MIG 4g.20gb (0),1,,13,"void channel_eq::eqMmseCoefCompLowMimoKernel<float, float, float, (unsigned int)4, (unsigned int)1, (unsigned int)4>(const channel_eq::_puschRxChEqStatDescr *, channel_eq::_puschRxChEqCoefCompDynDescr)"
5849909917,5952,410670,273,1,1,12,11,1,51,0.002,0.000,,,,,NVIDIA A100-SXM4-40GB MIG 4g.20gb (0),1,,13,"void channel_eq::eqMmseSoftDemapKernel<float, __half, __half, float, (unsigned int)4, (unsigned short)16383>(channel_eq::_puschRxChEqStatDescr *, channel_eq::_puschRxChEqSoftDemapDynDescr)"
5849921245,282364,410671,1,1,1,32,32,1,30,0.000,0.000,,,,,NVIDIA A100-SXM4-40GB MIG 4g.20gb (0),1,,13,"void convert_kernel<float2, __half2>(tensor_layout_any, T1 *, tensor_layout_any, const T2 *)"
5850204601,11008,410683,2253,1,1,128,1,1,16,0.000,0.000,,,,,NVIDIA A100-SXM4-40GB MIG 4g.20gb (0),1,,13,cupy_copy__float16_float16
5850217817,3648,410692,282,1,1,128,1,1,16,0.000,0.000,,,,,NVIDIA A100-SXM4-40GB MIG 4g.20gb (0),1,,13,cupy_copy__complex64_complex64
5850222809,2240,410701,26,1,1,128,1,1,16,0.000,0.000,,,,,NVIDIA A100-SXM4-40GB MIG 4g.20gb (0),1,,13,cupy_copy__float32_float32
5850226841,3136,410710,103,1,1,128,1,1,16,0.000,0.000,,,,,NVIDIA A100-SXM4-40GB MIG 4g.20gb (0),1,,13,cupy_copy__complex64_complex64
5850232697,11904,410720,1434,1,1,128,1,1,16,0.000,0.000,,,,,NVIDIA A100-SXM4-40GB MIG 4g.20gb (0),1,,13,cupy_copy__complex64_complex64
5850252217,87294,410725,1,1,1,32,32,1,30,0.000,0.000,,,,,NVIDIA A100-SXM4-40GB MIG 4g.20gb (0),1,,13,"void convert_kernel<__half2, float2>(tensor_layout_any, T1 *, tensor_layout_any, const T2 *)"
5850367415,5376,410728,,,,,,,,,,0.094,17428.487,Pinned,Device,NVIDIA A100-SXM4-40GB MIG 4g.20gb (0),1,,13,[CUDA memcpy Host-to-Device]
5850377463,596601,410729,,,,,,,,,,456.561,765196.973,Device,,NVIDIA A100-SXM4-40GB MIG 4g.20gb (0),1,,13,[CUDA memset]
5850980752,144382,410734,,,,,,,,,,1.235,8553.222,Pinned,Device,NVIDIA A100-SXM4-40GB MIG 4g.20gb (0),1,,13,[CUDA memcpy Host-to-Device]
5851135502,22111,410735,,,,,,,,,,0.197,8891.793,Pinned,Device,NVIDIA A100-SXM4-40GB MIG 4g.20gb (0),1,,13,[CUDA memcpy Host-to-Device]
5851167373,8160,410736,69,4,1,48,1,1,76,0.002,0.000,,,,,NVIDIA A100-SXM4-40GB MIG 4g.20gb (0),1,,13,"void ch_est::windowedChEstPreNoDftSOfdmKernel<float, __half, float, (unsigned int)2, (unsigned int)1, (unsigned short)4>(ch_est::puschRxChEstStatDescr_t *, ch_est::puschRxChEstDynDescr_t *)"
5851182317,6912,410737,137,2,1,24,2,1,44,0.001,0.001,,,,,NVIDIA A100-SXM4-40GB MIG 4g.20gb (0),1,,13,"void ch_est::chEstFilterNoDftSOfdmDispatchKernel<float, __half, float, (unsigned int)2>(ch_est::puschRxChEstStatDescr_t *, ch_est::puschRxChEstDynDescr_t *)"
5851192045,4960,410738,137,2,1,24,2,1,44,0.001,0.001,,,,,NVIDIA A100-SXM4-40GB MIG 4g.20gb (0),1,,13,"void ch_est::chEstFilterNoDftSOfdmDispatchKernel<float, __half, float, (unsigned int)2>(ch_est::puschRxChEstStatDescr_t *, ch_est::puschRxChEstDynDescr_t *)"
5851201901,2560,410749,103,1,1,128,1,1,16,0.000,0.000,,,,,NVIDIA A100-SXM4-40GB MIG 4g.20gb (0),1,,13,cupy_copy__complex64_complex64
5851207245,12704,410759,1434,1,1,128,1,1,16,0.000,0.000,,,,,NVIDIA A100-SXM4-40GB MIG 4g.20gb (0),1,,13,cupy_copy__complex64_complex64
5851222797,3104,410766,103,1,1,128,1,1,16,0.000,0.000,,,,,NVIDIA A100-SXM4-40GB MIG 4g.20gb (0),1,,13,cupy_copy__complex64_complex64
5851227117,83422,410773,1,1,1,32,32,1,30,0.000,0.000,,,,,NVIDIA A100-SXM4-40GB MIG 4g.20gb (0),1,,13,"void convert_kernel<__half2, float2>(tensor_layout_any, T1 *, tensor_layout_any, const T2 *)"
5851339243,6304,410776,,,,,,,,,,0.094,14862.903,Pinned,Device,NVIDIA A100-SXM4-40GB MIG 4g.20gb (0),1,,13,[CUDA memcpy Host-to-Device]
5851351787,47615,410777,,,,,,,,,,35.810,752044.130,Device,,NVIDIA A100-SXM4-40GB MIG 4g.20gb (0),1,,13,[CUDA memset]
5851406314,3488,410779,,,,,,,,,,0.000,22.936,Pinned,Device,NVIDIA A100-SXM4-40GB MIG 4g.20gb (0),1,,13,[CUDA memcpy Host-to-Device]
5851413898,12256,410780,,,,,,,,,,0.197,16041.640,Pinned,Device,NVIDIA A100-SXM4-40GB MIG 4g.20gb (0),1,,13,[CUDA memcpy Host-to-Device]
5851434858,9920,410781,273,1,1,48,1,1,40,0.000,0.001,,,,,NVIDIA A100-SXM4-40GB MIG 4g.20gb (0),1,,13,"void pusch_noise_intf_est::noiseIntfEstNoDftSOfdmKernel<float, __half, float, float, (unsigned int)2, (unsigned int)1, (unsigned char)4, (unsigned char)4>(pusch_noise_intf_est::puschRxNoiseIntfEstDynDescr)"
5851446506,3040,410792,35,1,1,128,1,1,16,0.000,0.000,,,,,NVIDIA A100-SXM4-40GB MIG 4g.20gb (0),1,,13,cupy_copy__complex64_complex64
5851465930,1888,410801,1,1,1,1,1,1,18,0.000,0.000,,,,,NVIDIA A100-SXM4-40GB MIG 4g.20gb (0),1,,13,cupy_copy__float32_float32
5851494505,1568,410807,,,,,,,,,,0.000,2.551,Device,Pageable,NVIDIA A100-SXM4-40GB MIG 4g.20gb (0),1,,7,[CUDA memcpy Device-to-Host]
5851556328,12768,410818,1434,1,1,128,1,1,16,0.000,0.000,,,,,NVIDIA A100-SXM4-40GB MIG 4g.20gb (0),1,,13,cupy_copy__complex64_complex64
5851581064,2816,410825,103,1,1,128,1,1,16,0.000,0.000,,,,,NVIDIA A100-SXM4-40GB MIG 4g.20gb (0),1,,13,cupy_copy__complex64_complex64
5851600840,2560,410832,35,1,1,128,1,1,16,0.000,0.000,,,,,NVIDIA A100-SXM4-40GB MIG 4g.20gb (0),1,,13,cupy_copy__complex64_complex64
5851618312,1760,410839,1,1,1,1,1,1,18,0.000,0.000,,,,,NVIDIA A100-SXM4-40GB MIG 4g.20gb (0),1,,13,cupy_copy__float32_float32
5851750182,82335,410850,1,1,1,32,32,1,30,0.000,0.000,,,,,NVIDIA A100-SXM4-40GB MIG 4g.20gb (0),1,,13,"void convert_kernel<__half2, float2>(tensor_layout_any, T1 *, tensor_layout_any, const T2 *)"
5851859845,5888,410853,,,,,,,,,,0.094,15912.954,Pinned,Device,NVIDIA A100-SXM4-40GB MIG 4g.20gb (0),1,,13,[CUDA memcpy Host-to-Device]
5851874213,3231,410854,,,,,,,,,,1.547,478681.675,Device,,NVIDIA A100-SXM4-40GB MIG 4g.20gb (0),1,,13,[CUDA memset]
5851880900,3008,410859,,,,,,,,,,0.031,10404.230,Pinned,Device,NVIDIA A100-SXM4-40GB MIG 4g.20gb (0),1,,13,[CUDA memcpy Host-to-Device]
5851886724,9760,410860,,,,,,,,,,0.197,20144.259,Pinned,Device,NVIDIA A100-SXM4-40GB MIG 4g.20gb (0),1,,13,[CUDA memcpy Host-to-Device]
5851901252,5920,410861,273,1,1,8,4,1,39,0.002,0.000,,,,,NVIDIA A100-SXM4-40GB MIG 4g.20gb (0),1,,13,"void channel_eq::eqMmseCoefCompLowMimoKernel<float, float, float, (unsigned int)4, (unsigned int)1, (unsigned int)4>(const channel_eq::_puschRxChEqStatDescr *, channel_eq::_puschRxChEqCoefCompDynDescr)"
5851908484,6368,410862,273,1,1,12,11,1,51,0.002,0.000,,,,,NVIDIA A100-SXM4-40GB MIG 4g.20gb (0),1,,13,"void channel_eq::eqMmseSoftDemapKernel<float, __half, __half, float, (unsigned int)4, (unsigned short)16383>(channel_eq::_puschRxChEqStatDescr *, channel_eq::_puschRxChEqSoftDemapDynDescr)"
5851916324,294428,410863,1,1,1,32,32,1,30,0.000,0.000,,,,,NVIDIA A100-SXM4-40GB MIG 4g.20gb (0),1,,13,"void convert_kernel<float2, __half2>(tensor_layout_any, T1 *, tensor_layout_any, const T2 *)"
5852211744,10880,410875,2253,1,1,128,1,1,16,0.000,0.000,,,,,NVIDIA A100-SXM4-40GB MIG 4g.20gb (0),1,,13,cupy_copy__float16_float16
5852224544,3360,410884,282,1,1,128,1,1,16,0.000,0.000,,,,,NVIDIA A100-SXM4-40GB MIG 4g.20gb (0),1,,13,cupy_copy__complex64_complex64
5852228928,2048,410893,26,1,1,128,1,1,16,0.000,0.000,,,,,NVIDIA A100-SXM4-40GB MIG 4g.20gb (0),1,,13,cupy_copy__float32_float32
5852234048,2944,410902,103,1,1,128,1,1,16,0.000,0.000,,,,,NVIDIA A100-SXM4-40GB MIG 4g.20gb (0),1,,13,cupy_copy__complex64_complex64
5852241216,12064,410912,1434,1,1,128,1,1,16,0.000,0.000,,,,,NVIDIA A100-SXM4-40GB MIG 4g.20gb (0),1,,13,cupy_copy__complex64_complex64
5852256672,91167,410917,1,1,1,32,32,1,30,0.000,0.000,,,,,NVIDIA A100-SXM4-40GB MIG 4g.20gb (0),1,,13,"void convert_kernel<__half2, float2>(tensor_layout_any, T1 *, tensor_layout_any, const T2 *)"
5852374846,5504,410920,,,,,,,,,,0.094,17023.251,Pinned,Device,NVIDIA A100-SXM4-40GB MIG 4g.20gb (0),1,,13,[CUDA memcpy Host-to-Device]
5852384798,596665,410921,,,,,,,,,,456.561,764740.412,Device,,NVIDIA A100-SXM4-40GB MIG 4g.20gb (0),1,,13,[CUDA memset]
5852987799,143454,410926,,,,,,,,,,1.235,8607.560,Pinned,Device,NVIDIA A100-SXM4-40GB MIG 4g.20gb (0),1,,13,[CUDA memcpy Host-to-Device]
5853144917,39807,410927,,,,,,,,,,0.197,4938.990,Pinned,Device,NVIDIA A100-SXM4-40GB MIG 4g.20gb (0),1,,13,[CUDA memcpy Host-to-Device]
5853204180,8416,410928,69,4,1,48,1,1,76,0.002,0.000,,,,,NVIDIA A100-SXM4-40GB MIG 4g.20gb (0),1,,13,"void ch_est::windowedChEstPreNoDftSOfdmKernel<float, __half, float, (unsigned int)2, (unsigned int)1, (unsigned short)4>(ch_est::puschRxChEstStatDescr_t *, ch_est::puschRxChEstDynDescr_t *)"
5853223764,6912,410929,137,2,1,24,2,1,44,0.001,0.001,,,,,NVIDIA A100-SXM4-40GB MIG 4g.20gb (0),1,,13,"void ch_est::chEstFilterNoDftSOfdmDispatchKernel<float, __half, float, (unsigned int)2>(ch_est::puschRxChEstStatDescr_t *, ch_est::puschRxChEstDynDescr_t *)"
5853240564,4736,410930,137,2,1,24,2,1,44,0.001,0.001,,,,,NVIDIA A100-SXM4-40GB MIG 4g.20gb (0),1,,13,"void ch_est::chEstFilterNoDftSOfdmDispatchKernel<float, __half, float, (unsigned int)2>(ch_est::puschRxChEstStatDescr_t *, ch_est::puschRxChEstDynDescr_t *)"
5853257811,2656,410941,103,1,1,128,1,1,16,0.000,0.000,,,,,NVIDIA A100-SXM4-40GB MIG 4g.20gb (0),1,,13,cupy_copy__complex64_complex64
5853274515,12608,410951,1434,1,1,128,1,1,16,0.000,0.000,,,,,NVIDIA A100-SXM4-40GB MIG 4g.20gb (0),1,,13,cupy_copy__complex64_complex64
5853295955,2944,410958,103,1,1,128,1,1,16,0.000,0.000,,,,,NVIDIA A100-SXM4-40GB MIG 4g.20gb (0),1,,13,cupy_copy__complex64_complex64
5853320179,85983,410965,1,1,1,32,32,1,30,0.000,0.000,,,,,NVIDIA A100-SXM4-40GB MIG 4g.20gb (0),1,,13,"void convert_kernel<__half2, float2>(tensor_layout_any, T1 *, tensor_layout_any, const T2 *)"
5853437009,11456,410968,,,,,,,,,,0.094,8178.724,Pinned,Device,NVIDIA A100-SXM4-40GB MIG 4g.20gb (0),1,,13,[CUDA memcpy Host-to-Device]
5853453521,47007,410969,,,,,,,,,,35.810,761784.428,Device,,NVIDIA A100-SXM4-40GB MIG 4g.20gb (0),1,,13,[CUDA memset]
5853506608,2016,410971,,,,,,,,,,0.000,39.682,Pinned,Device,NVIDIA A100-SXM4-40GB MIG 4g.20gb (0),1,,13,[CUDA memcpy Host-to-Device]
5853515568,16128,410972,,,,,,,,,,0.197,12190.286,Pinned,Device,NVIDIA A100-SXM4-40GB MIG 4g.20gb (0),1,,13,[CUDA memcpy Host-to-Device]
5853541456,9664,410973,273,1,1,48,1,1,40,0.000,0.001,,,,,NVIDIA A100-SXM4-40GB MIG 4g.20gb (0),1,,13,"void pusch_noise_intf_est::noiseIntfEstNoDftSOfdmKernel<float, __half, float, float, (unsigned int)2, (unsigned int)1, (unsigned char)4, (unsigned char)4>(pusch_noise_intf_est::puschRxNoiseIntfEstDynDescr)"
5853554896,2784,410984,35,1,1,128,1,1,16,0.000,0.000,,,,,NVIDIA A100-SXM4-40GB MIG 4g.20gb (0),1,,13,cupy_copy__complex64_complex64
5853561840,1728,410993,1,1,1,1,1,1,18,0.000,0.000,,,,,NVIDIA A100-SXM4-40GB MIG 4g.20gb (0),1,,13,cupy_copy__float32_float32
5853588335,1600,410999,,,,,,,,,,0.000,2.500,Device,Pageable,NVIDIA A100-SXM4-40GB MIG 4g.20gb (0),1,,7,[CUDA memcpy Device-to-Host]
5853648783,13024,411010,1434,1,1,128,1,1,16,0.000,0.000,,,,,NVIDIA A100-SXM4-40GB MIG 4g.20gb (0),1,,13,cupy_copy__complex64_complex64
5853674862,2720,411017,103,1,1,128,1,1,16,0.000,0.000,,,,,NVIDIA A100-SXM4-40GB MIG 4g.20gb (0),1,,13,cupy_copy__complex64_complex64
5853694798,2528,411024,35,1,1,128,1,1,16,0.000,0.000,,,,,NVIDIA A100-SXM4-40GB MIG 4g.20gb (0),1,,13,cupy_copy__complex64_complex64
5853712814,1760,411031,1,1,1,1,1,1,18,0.000,0.000,,,,,NVIDIA A100-SXM4-40GB MIG 4g.20gb (0),1,,13,cupy_copy__float32_float32
5853842412,87199,411042,1,1,1,32,32,1,30,0.000,0.000,,,,,NVIDIA A100-SXM4-40GB MIG 4g.20gb (0),1,,13,"void convert_kernel<__half2, float2>(tensor_layout_any, T1 *, tensor_layout_any, const T2 *)"
5853957515,5568,411045,,,,,,,,,,0.094,16827.521,Pinned,Device,NVIDIA A100-SXM4-40GB MIG 4g.20gb (0),1,,13,[CUDA memcpy Host-to-Device]
5853971243,3360,411046,,,,,,,,,,1.547,460304.688,Device,,NVIDIA A100-SXM4-40GB MIG 4g.20gb (0),1,,13,[CUDA memset]
5853977931,3392,411051,,,,,,,,,,0.031,9226.405,Pinned,Device,NVIDIA A100-SXM4-40GB MIG 4g.20gb (0),1,,13,[CUDA memcpy Host-to-Device]
5853983787,9855,411052,,,,,,,,,,0.197,19950.010,Pinned,Device,NVIDIA A100-SXM4-40GB MIG 4g.20gb (0),1,,13,[CUDA memcpy Host-to-Device]
5853999402,9568,411053,273,1,1,8,4,1,39,0.002,0.000,,,,,NVIDIA A100-SXM4-40GB MIG 4g.20gb (0),1,,13,"void channel_eq::eqMmseCoefCompLowMimoKernel<float, float, float, (unsigned int)4, (unsigned int)1, (unsigned int)4>(const channel_eq::_puschRxChEqStatDescr *, channel_eq::_puschRxChEqCoefCompDynDescr)"
5854010090,6144,411054,273,1,1,12,11,1,51,0.002,0.000,,,,,NVIDIA A100-SXM4-40GB MIG 4g.20gb (0),1,,13,"void channel_eq::eqMmseSoftDemapKernel<float, __half, __half, float, (unsigned int)4, (unsigned short)16383>(channel_eq::_puschRxChEqStatDescr *, channel_eq::_puschRxChEqSoftDemapDynDescr)"
5854017258,282493,411055,1,1,1,32,32,1,30,0.000,0.000,,,,,NVIDIA A100-SXM4-40GB MIG 4g.20gb (0),1,,13,"void convert_kernel<float2, __half2>(tensor_layout_any, T1 *, tensor_layout_any, const T2 *)"
5854301767,10975,411067,2253,1,1,128,1,1,16,0.000,0.000,,,,,NVIDIA A100-SXM4-40GB MIG 4g.20gb (0),1,,13,cupy_copy__float16_float16
5854315078,3744,411076,282,1,1,128,1,1,16,0.000,0.000,,,,,NVIDIA A100-SXM4-40GB MIG 4g.20gb (0),1,,13,cupy_copy__complex64_complex64
5854320390,2240,411085,26,1,1,128,1,1,16,0.000,0.000,,,,,NVIDIA A100-SXM4-40GB MIG 4g.20gb (0),1,,13,cupy_copy__float32_float32
5854325126,3136,411094,103,1,1,128,1,1,16,0.000,0.000,,,,,NVIDIA A100-SXM4-40GB MIG 4g.20gb (0),1,,13,cupy_copy__complex64_complex64
5854329766,12544,411104,1434,1,1,128,1,1,16,0.000,0.000,,,,,NVIDIA A100-SXM4-40GB MIG 4g.20gb (0),1,,13,cupy_copy__complex64_complex64
5854348134,82719,411109,1,1,1,32,32,1,30,0.000,0.000,,,,,NVIDIA A100-SXM4-40GB MIG 4g.20gb (0),1,,13,"void convert_kernel<__half2, float2>(tensor_layout_any, T1 *, tensor_layout_any, const T2 *)"
5854457957,5664,411112,,,,,,,,,,0.094,16542.310,Pinned,Device,NVIDIA A100-SXM4-40GB MIG 4g.20gb (0),1,,13,[CUDA memcpy Host-to-Device]
5854467749,599704,411113,,,,,,,,,,456.561,761087.920,Device,,NVIDIA A100-SXM4-40GB MIG 4g.20gb (0),1,,13,[CUDA memset]
5855075677,147678,411118,,,,,,,,,,1.235,8361.806,Pinned,Device,NVIDIA A100-SXM4-40GB MIG 4g.20gb (0),1,,13,[CUDA memcpy Host-to-Device]
5855236027,38944,411119,,,,,,,,,,0.197,5048.304,Pinned,Device,NVIDIA A100-SXM4-40GB MIG 4g.20gb (0),1,,13,[CUDA memcpy Host-to-Device]
5855298266,8288,411120,69,4,1,48,1,1,76,0.002,0.000,,,,,NVIDIA A100-SXM4-40GB MIG 4g.20gb (0),1,,13,"void ch_est::windowedChEstPreNoDftSOfdmKernel<float, __half, float, (unsigned int)2, (unsigned int)1, (unsigned short)4>(ch_est::puschRxChEstStatDescr_t *, ch_est::puschRxChEstDynDescr_t *)"
5855315706,6624,411121,137,2,1,24,2,1,44,0.001,0.001,,,,,NVIDIA A100-SXM4-40GB MIG 4g.20gb (0),1,,13,"void ch_est::chEstFilterNoDftSOfdmDispatchKernel<float, __half, float, (unsigned int)2>(ch_est::puschRxChEstStatDescr_t *, ch_est::puschRxChEstDynDescr_t *)"
5855335226,4704,411122,137,2,1,24,2,1,44,0.001,0.001,,,,,NVIDIA A100-SXM4-40GB MIG 4g.20gb (0),1,,13,"void ch_est::chEstFilterNoDftSOfdmDispatchKernel<float, __half, float, (unsigned int)2>(ch_est::puschRxChEstStatDescr_t *, ch_est::puschRxChEstDynDescr_t *)"
5855352090,2656,411133,103,1,1,128,1,1,16,0.000,0.000,,,,,NVIDIA A100-SXM4-40GB MIG 4g.20gb (0),1,,13,cupy_copy__complex64_complex64
5855368985,12352,411143,1434,1,1,128,1,1,16,0.000,0.000,,,,,NVIDIA A100-SXM4-40GB MIG 4g.20gb (0),1,,13,cupy_copy__complex64_complex64
5855387865,2944,411150,103,1,1,128,1,1,16,0.000,0.000,,,,,NVIDIA A100-SXM4-40GB MIG 4g.20gb (0),1,,13,cupy_copy__complex64_complex64
5855412377,91103,411157,1,1,1,32,32,1,30,0.000,0.000,,,,,NVIDIA A100-SXM4-40GB MIG 4g.20gb (0),1,,13,"void convert_kernel<__half2, float2>(tensor_layout_any, T1 *, tensor_layout_any, const T2 *)"
5855541303,16960,411160,,,,,,,,,,0.094,5524.504,Pinned,Device,NVIDIA A100-SXM4-40GB MIG 4g.20gb (0),1,,13,[CUDA memcpy Host-to-Device]
5855582647,47007,411161,,,,,,,,,,35.810,761784.428,Device,,NVIDIA A100-SXM4-40GB MIG 4g.20gb (0),1,,13,[CUDA memset]
5855640406,15232,411163,,,,,,,,,,0.000,5.252,Pinned,Device,NVIDIA A100-SXM4-40GB MIG 4g.20gb (0),1,,13,[CUDA memcpy Host-to-Device]
5855662102,24416,411164,,,,,,,,,,0.197,8052.277,Pinned,Device,NVIDIA A100-SXM4-40GB MIG 4g.20gb (0),1,,13,[CUDA memcpy Host-to-Device]
5855719221,9824,411165,273,1,1,48,1,1,40,0.000,0.001,,,,,NVIDIA A100-SXM4-40GB MIG 4g.20gb (0),1,,13,"void pusch_noise_intf_est::noiseIntfEstNoDftSOfdmKernel<float, __half, float, float, (unsigned int)2, (unsigned int)1, (unsigned char)4, (unsigned char)4>(pusch_noise_intf_est::puschRxNoiseIntfEstDynDescr)"
5855735349,2720,411176,35,1,1,128,1,1,16,0.000,0.000,,,,,NVIDIA A100-SXM4-40GB MIG 4g.20gb (0),1,,13,cupy_copy__complex64_complex64
5855746965,1696,411185,1,1,1,1,1,1,18,0.000,0.000,,,,,NVIDIA A100-SXM4-40GB MIG 4g.20gb (0),1,,13,cupy_copy__float32_float32
5855752533,5408,411191,,,,,,,,,,0.000,0.740,Device,Pageable,NVIDIA A100-SXM4-40GB MIG 4g.20gb (0),1,,7,[CUDA memcpy Device-to-Host]
5855835316,12832,411202,1434,1,1,128,1,1,16,0.000,0.000,,,,,NVIDIA A100-SXM4-40GB MIG 4g.20gb (0),1,,13,cupy_copy__complex64_complex64
5855862995,2816,411209,103,1,1,128,1,1,16,0.000,0.000,,,,,NVIDIA A100-SXM4-40GB MIG 4g.20gb (0),1,,13,cupy_copy__complex64_complex64
5855878739,2528,411216,35,1,1,128,1,1,16,0.000,0.000,,,,,NVIDIA A100-SXM4-40GB MIG 4g.20gb (0),1,,13,cupy_copy__complex64_complex64
5855902099,1984,411223,1,1,1,1,1,1,18,0.000,0.000,,,,,NVIDIA A100-SXM4-40GB MIG 4g.20gb (0),1,,13,cupy_copy__float32_float32
5856024561,86559,411234,1,1,1,32,32,1,30,0.000,0.000,,,,,NVIDIA A100-SXM4-40GB MIG 4g.20gb (0),1,,13,"void convert_kernel<__half2, float2>(tensor_layout_any, T1 *, tensor_layout_any, const T2 *)"
5856137872,5760,411237,,,,,,,,,,0.094,16266.656,Pinned,Device,NVIDIA A100-SXM4-40GB MIG 4g.20gb (0),1,,13,[CUDA memcpy Host-to-Device]
5856154352,3392,411238,,,,,,,,,,1.547,455961.768,Device,,NVIDIA A100-SXM4-40GB MIG 4g.20gb (0),1,,13,[CUDA memset]
5856159216,3232,411243,,,,,,,,,,0.031,9683.139,Pinned,Device,NVIDIA A100-SXM4-40GB MIG 4g.20gb (0),1,,13,[CUDA memcpy Host-to-Device]
5856165136,9824,411244,,,,,,,,,,0.197,20012.925,Pinned,Device,NVIDIA A100-SXM4-40GB MIG 4g.20gb (0),1,,13,[CUDA memcpy Host-to-Device]
5856181743,6496,411245,273,1,1,8,4,1,39,0.002,0.000,,,,,NVIDIA A100-SXM4-40GB MIG 4g.20gb (0),1,,13,"void channel_eq::eqMmseCoefCompLowMimoKernel<float, float, float, (unsigned int)4, (unsigned int)1, (unsigned int)4>(const channel_eq::_puschRxChEqStatDescr *, channel_eq::_puschRxChEqCoefCompDynDescr)"
5856190543,5600,411246,273,1,1,12,11,1,51,0.002,0.000,,,,,NVIDIA A100-SXM4-40GB MIG 4g.20gb (0),1,,13,"void channel_eq::eqMmseSoftDemapKernel<float, __half, __half, float, (unsigned int)4, (unsigned short)16383>(channel_eq::_puschRxChEqStatDescr *, channel_eq::_puschRxChEqSoftDemapDynDescr)"
5856198351,282333,411247,1,1,1,32,32,1,30,0.000,0.000,,,,,NVIDIA A100-SXM4-40GB MIG 4g.20gb (0),1,,13,"void convert_kernel<float2, __half2>(tensor_layout_any, T1 *, tensor_layout_any, const T2 *)"
5856481740,11008,411259,2253,1,1,128,1,1,16,0.000,0.000,,,,,NVIDIA A100-SXM4-40GB MIG 4g.20gb (0),1,,13,cupy_copy__float16_float16
5856497708,2816,411268,282,1,1,128,1,1,16,0.000,0.000,,,,,NVIDIA A100-SXM4-40GB MIG 4g.20gb (0),1,,13,cupy_copy__complex64_complex64
5856503371,2048,411277,26,1,1,128,1,1,16,0.000,0.000,,,,,NVIDIA A100-SXM4-40GB MIG 4g.20gb (0),1,,13,cupy_copy__float32_float32
5856506411,3200,411286,103,1,1,128,1,1,16,0.000,0.000,,,,,NVIDIA A100-SXM4-40GB MIG 4g.20gb (0),1,,13,cupy_copy__complex64_complex64
5856512683,12000,411296,1434,1,1,128,1,1,16,0.000,0.000,,,,,NVIDIA A100-SXM4-40GB MIG 4g.20gb (0),1,,13,cupy_copy__complex64_complex64
5856531147,87455,411301,1,1,1,32,32,1,30,0.000,0.000,,,,,NVIDIA A100-SXM4-40GB MIG 4g.20gb (0),1,,13,"void convert_kernel<__half2, float2>(tensor_layout_any, T1 *, tensor_layout_any, const T2 *)"
5856645290,5408,411304,,,,,,,,,,0.094,17325.421,Pinned,Device,NVIDIA A100-SXM4-40GB MIG 4g.20gb (0),1,,13,[CUDA memcpy Host-to-Device]
5856655114,600120,411305,,,,,,,,,,456.561,760631.359,Device,,NVIDIA A100-SXM4-40GB MIG 4g.20gb (0),1,,13,[CUDA memset]
5857262146,136702,411310,,,,,,,,,,1.235,9033.615,Pinned,Device,NVIDIA A100-SXM4-40GB MIG 4g.20gb (0),1,,13,[CUDA memcpy Host-to-Device]
5857411104,34688,411311,,,,,,,,,,0.197,5667.815,Pinned,Device,NVIDIA A100-SXM4-40GB MIG 4g.20gb (0),1,,13,[CUDA memcpy Host-to-Device]
5857458784,9280,411312,69,4,1,48,1,1,76,0.002,0.000,,,,,NVIDIA A100-SXM4-40GB MIG 4g.20gb (0),1,,13,"void ch_est::windowedChEstPreNoDftSOfdmKernel<float, __half, float, (unsigned int)2, (unsigned int)1, (unsigned short)4>(ch_est::puschRxChEstStatDescr_t *, ch_est::puschRxChEstDynDescr_t *)"
5857477663,6880,411313,137,2,1,24,2,1,44,0.001,0.001,,,,,NVIDIA A100-SXM4-40GB MIG 4g.20gb (0),1,,13,"void ch_est::chEstFilterNoDftSOfdmDispatchKernel<float, __half, float, (unsigned int)2>(ch_est::puschRxChEstStatDescr_t *, ch_est::puschRxChEstDynDescr_t *)"
5857493279,4736,411314,137,2,1,24,2,1,44,0.001,0.001,,,,,NVIDIA A100-SXM4-40GB MIG 4g.20gb (0),1,,13,"void ch_est::chEstFilterNoDftSOfdmDispatchKernel<float, __half, float, (unsigned int)2>(ch_est::puschRxChEstStatDescr_t *, ch_est::puschRxChEstDynDescr_t *)"
5857509119,2688,411325,103,1,1,128,1,1,16,0.000,0.000,,,,,NVIDIA A100-SXM4-40GB MIG 4g.20gb (0),1,,13,cupy_copy__complex64_complex64
5857520703,12576,411335,1434,1,1,128,1,1,16,0.000,0.000,,,,,NVIDIA A100-SXM4-40GB MIG 4g.20gb (0),1,,13,cupy_copy__complex64_complex64
5857546271,2528,411342,103,1,1,128,1,1,16,0.000,0.000,,,,,NVIDIA A100-SXM4-40GB MIG 4g.20gb (0),1,,13,cupy_copy__complex64_complex64
5857558590,86591,411349,1,1,1,32,32,1,30,0.000,0.000,,,,,NVIDIA A100-SXM4-40GB MIG 4g.20gb (0),1,,13,"void convert_kernel<__half2, float2>(tensor_layout_any, T1 *, tensor_layout_any, const T2 *)"
5857677661,23744,411352,,,,,,,,,,0.094,3946.007,Pinned,Device,NVIDIA A100-SXM4-40GB MIG 4g.20gb (0),1,,13,[CUDA memcpy Host-to-Device]
5857726492,47968,411353,,,,,,,,,,35.810,746529.402,Device,,NVIDIA A100-SXM4-40GB MIG 4g.20gb (0),1,,13,[CUDA memset]
5857782780,13824,411355,,,,,,,,,,0.000,5.787,Pinned,Device,NVIDIA A100-SXM4-40GB MIG 4g.20gb (0),1,,13,[CUDA memcpy Host-to-Device]
5857807323,29120,411356,,,,,,,,,,0.197,6751.519,Pinned,Device,NVIDIA A100-SXM4-40GB MIG 4g.20gb (0),1,,13,[CUDA memcpy Host-to-Device]
5857858939,8896,411357,273,1,1,48,1,1,40,0.000,0.001,,,,,NVIDIA A100-SXM4-40GB MIG 4g.20gb (0),1,,13,"void pusch_noise_intf_est::noiseIntfEstNoDftSOfdmKernel<float, __half, float, float, (unsigned int)2, (unsigned int)1, (unsigned char)4, (unsigned char)4>(pusch_noise_intf_est::puschRxNoiseIntfEstDynDescr)"
5857875675,2784,411368,35,1,1,128,1,1,16,0.000,0.000,,,,,NVIDIA A100-SXM4-40GB MIG 4g.20gb (0),1,,13,cupy_copy__complex64_complex64
5857892410,1792,411377,1,1,1,1,1,1,18,0.000,0.000,,,,,NVIDIA A100-SXM4-40GB MIG 4g.20gb (0),1,,13,cupy_copy__float32_float32
5857895130,8672,411383,,,,,,,,,,0.000,0.461,Device,Pageable,NVIDIA A100-SXM4-40GB MIG 4g.20gb (0),1,,7,[CUDA memcpy Device-to-Host]
5857986361,12576,411394,1434,1,1,128,1,1,16,0.000,0.000,,,,,NVIDIA A100-SXM4-40GB MIG 4g.20gb (0),1,,13,cupy_copy__complex64_complex64
5858009561,3360,411401,103,1,1,128,1,1,16,0.000,0.000,,,,,NVIDIA A100-SXM4-40GB MIG 4g.20gb (0),1,,13,cupy_copy__complex64_complex64
5858032089,2560,411408,35,1,1,128,1,1,16,0.000,0.000,,,,,NVIDIA A100-SXM4-40GB MIG 4g.20gb (0),1,,13,cupy_copy__complex64_complex64
5858052344,1760,411415,1,1,1,1,1,1,18,0.000,0.000,,,,,NVIDIA A100-SXM4-40GB MIG 4g.20gb (0),1,,13,cupy_copy__float32_float32
5858201943,87518,411426,1,1,1,32,32,1,30,0.000,0.000,,,,,NVIDIA A100-SXM4-40GB MIG 4g.20gb (0),1,,13,"void convert_kernel<__half2, float2>(tensor_layout_any, T1 *, tensor_layout_any, const T2 *)"
5858320981,10432,411429,,,,,,,,,,0.094,8981.511,Pinned,Device,NVIDIA A100-SXM4-40GB MIG 4g.20gb (0),1,,13,[CUDA memcpy Host-to-Device]
5858340117,3520,411430,,,,,,,,,,1.547,439380.412,Device,,NVIDIA A100-SXM4-40GB MIG 4g.20gb (0),1,,13,[CUDA memset]
5858348021,7808,411435,,,,,,,,,,0.031,4008.173,Pinned,Device,NVIDIA A100-SXM4-40GB MIG 4g.20gb (0),1,,13,[CUDA memcpy Host-to-Device]
5858358549,17279,411436,,,,,,,,,,0.197,11378.295,Pinned,Device,NVIDIA A100-SXM4-40GB MIG 4g.20gb (0),1,,13,[CUDA memcpy Host-to-Device]
5858386260,5824,411437,273,1,1,8,4,1,39,0.002,0.000,,,,,NVIDIA A100-SXM4-40GB MIG 4g.20gb (0),1,,13,"void channel_eq::eqMmseCoefCompLowMimoKernel<float, float, float, (unsigned int)4, (unsigned int)1, (unsigned int)4>(const channel_eq::_puschRxChEqStatDescr *, channel_eq::_puschRxChEqCoefCompDynDescr)"
5858395444,5056,411438,273,1,1,12,11,1,51,0.002,0.000,,,,,NVIDIA A100-SXM4-40GB MIG 4g.20gb (0),1,,13,"void channel_eq::eqMmseSoftDemapKernel<float, __half, __half, float, (unsigned int)4, (unsigned short)16383>(channel_eq::_puschRxChEqStatDescr *, channel_eq::_puschRxChEqSoftDemapDynDescr)"
5858403252,290749,411439,1,1,1,32,32,1,30,0.000,0.000,,,,,NVIDIA A100-SXM4-40GB MIG 4g.20gb (0),1,,13,"void convert_kernel<float2, __half2>(tensor_layout_any, T1 *, tensor_layout_any, const T2 *)"
5858695792,11008,411451,2253,1,1,128,1,1,16,0.000,0.000,,,,,NVIDIA A100-SXM4-40GB MIG 4g.20gb (0),1,,13,cupy_copy__float16_float16
5858710384,3296,411460,282,1,1,128,1,1,16,0.000,0.000,,,,,NVIDIA A100-SXM4-40GB MIG 4g.20gb (0),1,,13,cupy_copy__complex64_complex64
5858716560,2080,411469,26,1,1,128,1,1,16,0.000,0.000,,,,,NVIDIA A100-SXM4-40GB MIG 4g.20gb (0),1,,13,cupy_copy__float32_float32
5858721936,4448,411478,103,1,1,128,1,1,16,0.000,0.000,,,,,NVIDIA A100-SXM4-40GB MIG 4g.20gb (0),1,,13,cupy_copy__complex64_complex64
5858729968,11968,411488,1434,1,1,128,1,1,16,0.000,0.000,,,,,NVIDIA A100-SXM4-40GB MIG 4g.20gb (0),1,,13,cupy_copy__complex64_complex64
5858743120,81791,411493,1,1,1,32,32,1,30,0.000,0.000,,,,,NVIDIA A100-SXM4-40GB MIG 4g.20gb (0),1,,13,"void convert_kernel<__half2, float2>(tensor_layout_any, T1 *, tensor_layout_any, const T2 *)"
5858859182,5760,411496,,,,,,,,,,0.094,16266.656,Pinned,Device,NVIDIA A100-SXM4-40GB MIG 4g.20gb (0),1,,13,[CUDA memcpy Host-to-Device]
5858869166,597625,411497,,,,,,,,,,456.561,763827.289,Device,,NVIDIA A100-SXM4-40GB MIG 4g.20gb (0),1,,13,[CUDA memset]
5859474727,161470,411502,,,,,,,,,,1.235,7648.008,Pinned,Device,NVIDIA A100-SXM4-40GB MIG 4g.20gb (0),1,,13,[CUDA memcpy Host-to-Device]
5859646373,23327,411503,,,,,,,,,,0.197,8428.192,Pinned,Device,NVIDIA A100-SXM4-40GB MIG 4g.20gb (0),1,,13,[CUDA memcpy Host-to-Device]
5859680612,9088,411504,69,4,1,48,1,1,76,0.002,0.000,,,,,NVIDIA A100-SXM4-40GB MIG 4g.20gb (0),1,,13,"void ch_est::windowedChEstPreNoDftSOfdmKernel<float, __half, float, (unsigned int)2, (unsigned int)1, (unsigned short)4>(ch_est::puschRxChEstStatDescr_t *, ch_est::puschRxChEstDynDescr_t *)"
5859697476,7680,411505,137,2,1,24,2,1,44,0.001,0.001,,,,,NVIDIA A100-SXM4-40GB MIG 4g.20gb (0),1,,13,"void ch_est::chEstFilterNoDftSOfdmDispatchKernel<float, __half, float, (unsigned int)2>(ch_est::puschRxChEstStatDescr_t *, ch_est::puschRxChEstDynDescr_t *)"
5859712164,4896,411506,137,2,1,24,2,1,44,0.001,0.001,,,,,NVIDIA A100-SXM4-40GB MIG 4g.20gb (0),1,,13,"void ch_est::chEstFilterNoDftSOfdmDispatchKernel<float, __half, float, (unsigned int)2>(ch_est::puschRxChEstStatDescr_t *, ch_est::puschRxChEstDynDescr_t *)"
5859719716,2560,411517,103,1,1,128,1,1,16,0.000,0.000,,,,,NVIDIA A100-SXM4-40GB MIG 4g.20gb (0),1,,13,cupy_copy__complex64_complex64
5859728740,12544,411527,1434,1,1,128,1,1,16,0.000,0.000,,,,,NVIDIA A100-SXM4-40GB MIG 4g.20gb (0),1,,13,cupy_copy__complex64_complex64
5859744420,2432,411534,103,1,1,128,1,1,16,0.000,0.000,,,,,NVIDIA A100-SXM4-40GB MIG 4g.20gb (0),1,,13,cupy_copy__complex64_complex64
5859753923,91551,411541,1,1,1,32,32,1,30,0.000,0.000,,,,,NVIDIA A100-SXM4-40GB MIG 4g.20gb (0),1,,13,"void convert_kernel<__half2, float2>(tensor_layout_any, T1 *, tensor_layout_any, const T2 *)"
5859877730,13696,411544,,,,,,,,,,0.094,6841.120,Pinned,Device,NVIDIA A100-SXM4-40GB MIG 4g.20gb (0),1,,13,[CUDA memcpy Host-to-Device]
5859897506,47775,411545,,,,,,,,,,35.810,749537.436,Device,,NVIDIA A100-SXM4-40GB MIG 4g.20gb (0),1,,13,[CUDA memset]
5859949409,6112,411547,,,,,,,,,,0.000,13.089,Pinned,Device,NVIDIA A100-SXM4-40GB MIG 4g.20gb (0),1,,13,[CUDA memcpy Host-to-Device]
5859962497,15168,411548,,,,,,,,,,0.197,12961.972,Pinned,Device,NVIDIA A100-SXM4-40GB MIG 4g.20gb (0),1,,13,[CUDA memcpy Host-to-Device]
5859985505,9631,411549,273,1,1,48,1,1,40,0.000,0.001,,,,,NVIDIA A100-SXM4-40GB MIG 4g.20gb (0),1,,13,"void pusch_noise_intf_est::noiseIntfEstNoDftSOfdmKernel<float, __half, float, float, (unsigned int)2, (unsigned int)1, (unsigned char)4, (unsigned char)4>(pusch_noise_intf_est::puschRxNoiseIntfEstDynDescr)"
5860001024,2624,411560,35,1,1,128,1,1,16,0.000,0.000,,,,,NVIDIA A100-SXM4-40GB MIG 4g.20gb (0),1,,13,cupy_copy__complex64_complex64
5860008576,1696,411569,1,1,1,1,1,1,18,0.000,0.000,,,,,NVIDIA A100-SXM4-40GB MIG 4g.20gb (0),1,,13,cupy_copy__float32_float32
5860027008,2368,411575,,,,,,,,,,0.000,1.689,Device,Pageable,NVIDIA A100-SXM4-40GB MIG 4g.20gb (0),1,,7,[CUDA memcpy Device-to-Host]
5860087903,13344,411586,1434,1,1,128,1,1,16,0.000,0.000,,,,,NVIDIA A100-SXM4-40GB MIG 4g.20gb (0),1,,13,cupy_copy__complex64_complex64
5860115103,3584,411593,103,1,1,128,1,1,16,0.000,0.000,,,,,NVIDIA A100-SXM4-40GB MIG 4g.20gb (0),1,,13,cupy_copy__complex64_complex64
5860135711,2336,411600,35,1,1,128,1,1,16,0.000,0.000,,,,,NVIDIA A100-SXM4-40GB MIG 4g.20gb (0),1,,13,cupy_copy__complex64_complex64
5860152991,1792,411607,1,1,1,1,1,1,18,0.000,0.000,,,,,NVIDIA A100-SXM4-40GB MIG 4g.20gb (0),1,,13,cupy_copy__float32_float32
5860286589,82975,411618,1,1,1,32,32,1,30,0.000,0.000,,,,,NVIDIA A100-SXM4-40GB MIG 4g.20gb (0),1,,13,"void convert_kernel<__half2, float2>(tensor_layout_any, T1 *, tensor_layout_any, const T2 *)"
5860397884,5599,411621,,,,,,,,,,0.094,16734.387,Pinned,Device,NVIDIA A100-SXM4-40GB MIG 4g.20gb (0),1,,13,[CUDA memcpy Host-to-Device]
5860412091,3392,411622,,,,,,,,,,1.547,455961.768,Device,,NVIDIA A100-SXM4-40GB MIG 4g.20gb (0),1,,13,[CUDA memset]
5860418491,3040,411627,,,,,,,,,,0.031,10294.725,Pinned,Device,NVIDIA A100-SXM4-40GB MIG 4g.20gb (0),1,,13,[CUDA memcpy Host-to-Device]
5860424315,9344,411628,,,,,,,,,,0.197,21040.988,Pinned,Device,NVIDIA A100-SXM4-40GB MIG 4g.20gb (0),1,,13,[CUDA memcpy Host-to-Device]
5860439451,9984,411629,273,1,1,8,4,1,39,0.002,0.000,,,,,NVIDIA A100-SXM4-40GB MIG 4g.20gb (0),1,,13,"void channel_eq::eqMmseCoefCompLowMimoKernel<float, float, float, (unsigned int)4, (unsigned int)1, (unsigned int)4>(const channel_eq::_puschRxChEqStatDescr *, channel_eq::_puschRxChEqCoefCompDynDescr)"
5860450555,6432,411630,273,1,1,12,11,1,51,0.002,0.000,,,,,NVIDIA A100-SXM4-40GB MIG 4g.20gb (0),1,,13,"void channel_eq::eqMmseSoftDemapKernel<float, __half, __half, float, (unsigned int)4, (unsigned short)16383>(channel_eq::_puschRxChEqStatDescr *, channel_eq::_puschRxChEqSoftDemapDynDescr)"
5860457979,282204,411631,1,1,1,32,32,1,30,0.000,0.000,,,,,NVIDIA A100-SXM4-40GB MIG 4g.20gb (0),1,,13,"void convert_kernel<float2, __half2>(tensor_layout_any, T1 *, tensor_layout_any, const T2 *)"
5860741271,10944,411643,2253,1,1,128,1,1,16,0.000,0.000,,,,,NVIDIA A100-SXM4-40GB MIG 4g.20gb (0),1,,13,cupy_copy__float16_float16
5860754679,3200,411652,282,1,1,128,1,1,16,0.000,0.000,,,,,NVIDIA A100-SXM4-40GB MIG 4g.20gb (0),1,,13,cupy_copy__complex64_complex64
5860759319,2112,411661,26,1,1,128,1,1,16,0.000,0.000,,,,,NVIDIA A100-SXM4-40GB MIG 4g.20gb (0),1,,13,cupy_copy__float32_float32
5860764887,2976,411670,103,1,1,128,1,1,16,0.000,0.000,,,,,NVIDIA A100-SXM4-40GB MIG 4g.20gb (0),1,,13,cupy_copy__complex64_complex64
5860771159,12000,411680,1434,1,1,128,1,1,16,0.000,0.000,,,,,NVIDIA A100-SXM4-40GB MIG 4g.20gb (0),1,,13,cupy_copy__complex64_complex64
5860787351,82495,411685,1,1,1,32,32,1,30,0.000,0.000,,,,,NVIDIA A100-SXM4-40GB MIG 4g.20gb (0),1,,13,"void convert_kernel<__half2, float2>(tensor_layout_any, T1 *, tensor_layout_any, const T2 *)"
5860896437,6400,411688,,,,,,,,,,0.094,14640.000,Pinned,Device,NVIDIA A100-SXM4-40GB MIG 4g.20gb (0),1,,13,[CUDA memcpy Host-to-Device]
5860907253,598073,411689,,,,,,,,,,456.561,763370.728,Device,,NVIDIA A100-SXM4-40GB MIG 4g.20gb (0),1,,13,[CUDA memset]
5861507022,139454,411694,,,,,,,,,,1.235,8854.548,Pinned,Device,NVIDIA A100-SXM4-40GB MIG 4g.20gb (0),1,,13,[CUDA memcpy Host-to-Device]
5861661548,40543,411695,,,,,,,,,,0.197,4849.336,Pinned,Device,NVIDIA A100-SXM4-40GB MIG 4g.20gb (0),1,,13,[CUDA memcpy Host-to-Device]
5861731115,8256,411696,69,4,1,48,1,1,76,0.002,0.000,,,,,NVIDIA A100-SXM4-40GB MIG 4g.20gb (0),1,,13,"void ch_est::windowedChEstPreNoDftSOfdmKernel<float, __half, float, (unsigned int)2, (unsigned int)1, (unsigned short)4>(ch_est::puschRxChEstStatDescr_t *, ch_est::puschRxChEstDynDescr_t *)"
5861750155,6528,411697,137,2,1,24,2,1,44,0.001,0.001,,,,,NVIDIA A100-SXM4-40GB MIG 4g.20gb (0),1,,13,"void ch_est::chEstFilterNoDftSOfdmDispatchKernel<float, __half, float, (unsigned int)2>(ch_est::puschRxChEstStatDescr_t *, ch_est::puschRxChEstDynDescr_t *)"
5861766955,4736,411698,137,2,1,24,2,1,44,0.001,0.001,,,,,NVIDIA A100-SXM4-40GB MIG 4g.20gb (0),1,,13,"void ch_est::chEstFilterNoDftSOfdmDispatchKernel<float, __half, float, (unsigned int)2>(ch_est::puschRxChEstStatDescr_t *, ch_est::puschRxChEstDynDescr_t *)"
5861784426,2624,411709,103,1,1,128,1,1,16,0.000,0.000,,,,,NVIDIA A100-SXM4-40GB MIG 4g.20gb (0),1,,13,cupy_copy__complex64_complex64
5861800650,12480,411719,1434,1,1,128,1,1,16,0.000,0.000,,,,,NVIDIA A100-SXM4-40GB MIG 4g.20gb (0),1,,13,cupy_copy__complex64_complex64
5861821290,2880,411726,103,1,1,128,1,1,16,0.000,0.000,,,,,NVIDIA A100-SXM4-40GB MIG 4g.20gb (0),1,,13,cupy_copy__complex64_complex64
5861842986,82303,411733,1,1,1,32,32,1,30,0.000,0.000,,,,,NVIDIA A100-SXM4-40GB MIG 4g.20gb (0),1,,13,"void convert_kernel<__half2, float2>(tensor_layout_any, T1 *, tensor_layout_any, const T2 *)"
5861956424,13376,411736,,,,,,,,,,0.094,7004.713,Pinned,Device,NVIDIA A100-SXM4-40GB MIG 4g.20gb (0),1,,13,[CUDA memcpy Host-to-Device]
5861981960,46783,411737,,,,,,,,,,35.810,765437.040,Device,,NVIDIA A100-SXM4-40GB MIG 4g.20gb (0),1,,13,[CUDA memset]
5862033319,8160,411739,,,,,,,,,,0.000,9.804,Pinned,Device,NVIDIA A100-SXM4-40GB MIG 4g.20gb (0),1,,13,[CUDA memcpy Host-to-Device]
5862047015,19392,411740,,,,,,,,,,0.197,10138.485,Pinned,Device,NVIDIA A100-SXM4-40GB MIG 4g.20gb (0),1,,13,[CUDA memcpy Host-to-Device]
5862081607,9920,411741,273,1,1,48,1,1,40,0.000,0.001,,,,,NVIDIA A100-SXM4-40GB MIG 4g.20gb (0),1,,13,"void pusch_noise_intf_est::noiseIntfEstNoDftSOfdmKernel<float, __half, float, float, (unsigned int)2, (unsigned int)1, (unsigned char)4, (unsigned char)4>(pusch_noise_intf_est::puschRxNoiseIntfEstDynDescr)"
5862101927,2879,411752,35,1,1,128,1,1,16,0.000,0.000,,,,,NVIDIA A100-SXM4-40GB MIG 4g.20gb (0),1,,13,cupy_copy__complex64_complex64
5862111622,1792,411761,1,1,1,1,1,1,18,0.000,0.000,,,,,NVIDIA A100-SXM4-40GB MIG 4g.20gb (0),1,,13,cupy_copy__float32_float32
5862117318,2336,411767,,,,,,,,,,0.000,1.712,Device,Pageable,NVIDIA A100-SXM4-40GB MIG 4g.20gb (0),1,,7,[CUDA memcpy Device-to-Host]
5862200293,13120,411778,1434,1,1,128,1,1,16,0.000,0.000,,,,,NVIDIA A100-SXM4-40GB MIG 4g.20gb (0),1,,13,cupy_copy__complex64_complex64
5862219909,2848,411785,103,1,1,128,1,1,16,0.000,0.000,,,,,NVIDIA A100-SXM4-40GB MIG 4g.20gb (0),1,,13,cupy_copy__complex64_complex64
5862244421,2656,411792,35,1,1,128,1,1,16,0.000,0.000,,,,,NVIDIA A100-SXM4-40GB MIG 4g.20gb (0),1,,13,cupy_copy__complex64_complex64
5862262693,1856,411799,1,1,1,1,1,1,18,0.000,0.000,,,,,NVIDIA A100-SXM4-40GB MIG 4g.20gb (0),1,,13,cupy_copy__float32_float32
5862392547,87647,411810,1,1,1,32,32,1,30,0.000,0.000,,,,,NVIDIA A100-SXM4-40GB MIG 4g.20gb (0),1,,13,"void convert_kernel<__half2, float2>(tensor_layout_any, T1 *, tensor_layout_any, const T2 *)"
5862508706,5855,411813,,,,,,,,,,0.094,16002.715,Pinned,Device,NVIDIA A100-SXM4-40GB MIG 4g.20gb (0),1,,13,[CUDA memcpy Host-to-Device]
5862522817,3296,411814,,,,,,,,,,1.547,469242.628,Device,,NVIDIA A100-SXM4-40GB MIG 4g.20gb (0),1,,13,[CUDA memset]
5862529793,3264,411819,,,,,,,,,,0.031,9588.218,Pinned,Device,NVIDIA A100-SXM4-40GB MIG 4g.20gb (0),1,,13,[CUDA memcpy Host-to-Device]
5862536065,9536,411820,,,,,,,,,,0.197,20617.298,Pinned,Device,NVIDIA A100-SXM4-40GB MIG 4g.20gb (0),1,,13,[CUDA memcpy Host-to-Device]
5862550049,8192,411821,273,1,1,8,4,1,39,0.002,0.000,,,,,NVIDIA A100-SXM4-40GB MIG 4g.20gb (0),1,,13,"void channel_eq::eqMmseCoefCompLowMimoKernel<float, float, float, (unsigned int)4, (unsigned int)1, (unsigned int)4>(const channel_eq::_puschRxChEqStatDescr *, channel_eq::_puschRxChEqCoefCompDynDescr)"
5862559905,6624,411822,273,1,1,12,11,1,51,0.002,0.000,,,,,NVIDIA A100-SXM4-40GB MIG 4g.20gb (0),1,,13,"void channel_eq::eqMmseSoftDemapKernel<float, __half, __half, float, (unsigned int)4, (unsigned short)16383>(channel_eq::_puschRxChEqStatDescr *, channel_eq::_puschRxChEqSoftDemapDynDescr)"
5862569665,282780,411823,1,1,1,32,32,1,30,0.000,0.000,,,,,NVIDIA A100-SXM4-40GB MIG 4g.20gb (0),1,,13,"void convert_kernel<float2, __half2>(tensor_layout_any, T1 *, tensor_layout_any, const T2 *)"
5862855709,11072,411835,2253,1,1,128,1,1,16,0.000,0.000,,,,,NVIDIA A100-SXM4-40GB MIG 4g.20gb (0),1,,13,cupy_copy__float16_float16
5862868733,3136,411844,282,1,1,128,1,1,16,0.000,0.000,,,,,NVIDIA A100-SXM4-40GB MIG 4g.20gb (0),1,,13,cupy_copy__complex64_complex64
5862875549,2304,411853,26,1,1,128,1,1,16,0.000,0.000,,,,,NVIDIA A100-SXM4-40GB MIG 4g.20gb (0),1,,13,cupy_copy__float32_float32
5862881757,3040,411862,103,1,1,128,1,1,16,0.000,0.000,,,,,NVIDIA A100-SXM4-40GB MIG 4g.20gb (0),1,,13,cupy_copy__complex64_complex64
5862886877,12128,411872,1434,1,1,128,1,1,16,0.000,0.000,,,,,NVIDIA A100-SXM4-40GB MIG 4g.20gb (0),1,,13,cupy_copy__complex64_complex64
5862906557,87327,411877,1,1,1,32,32,1,30,0.000,0.000,,,,,NVIDIA A100-SXM4-40GB MIG 4g.20gb (0),1,,13,"void convert_kernel<__half2, float2>(tensor_layout_any, T1 *, tensor_layout_any, const T2 *)"
5863022075,6208,411880,,,,,,,,,,0.094,15092.739,Pinned,Device,NVIDIA A100-SXM4-40GB MIG 4g.20gb (0),1,,13,[CUDA memcpy Host-to-Device]
5863031931,597721,411881,,,,,,,,,,456.561,763827.289,Device,,NVIDIA A100-SXM4-40GB MIG 4g.20gb (0),1,,13,[CUDA memset]
5863635860,152190,411886,,,,,,,,,,1.235,8113.582,Pinned,Device,NVIDIA A100-SXM4-40GB MIG 4g.20gb (0),1,,13,[CUDA memcpy Host-to-Device]
5863799186,38207,411887,,,,,,,,,,0.197,5145.821,Pinned,Device,NVIDIA A100-SXM4-40GB MIG 4g.20gb (0),1,,13,[CUDA memcpy Host-to-Device]
5863855857,8448,411888,69,4,1,48,1,1,76,0.002,0.000,,,,,NVIDIA A100-SXM4-40GB MIG 4g.20gb (0),1,,13,"void ch_est::windowedChEstPreNoDftSOfdmKernel<float, __half, float, (unsigned int)2, (unsigned int)1, (unsigned short)4>(ch_est::puschRxChEstStatDescr_t *, ch_est::puschRxChEstDynDescr_t *)"
5863870577,6656,411889,137,2,1,24,2,1,44,0.001,0.001,,,,,NVIDIA A100-SXM4-40GB MIG 4g.20gb (0),1,,13,"void ch_est::chEstFilterNoDftSOfdmDispatchKernel<float, __half, float, (unsigned int)2>(ch_est::puschRxChEstStatDescr_t *, ch_est::puschRxChEstDynDescr_t *)"
5863885105,4767,411890,137,2,1,24,2,1,44,0.001,0.001,,,,,NVIDIA A100-SXM4-40GB MIG 4g.20gb (0),1,,13,"void ch_est::chEstFilterNoDftSOfdmDispatchKernel<float, __half, float, (unsigned int)2>(ch_est::puschRxChEstStatDescr_t *, ch_est::puschRxChEstDynDescr_t *)"
5863900432,2752,411901,103,1,1,128,1,1,16,0.000,0.000,,,,,NVIDIA A100-SXM4-40GB MIG 4g.20gb (0),1,,13,cupy_copy__complex64_complex64
5863911984,12704,411911,1434,1,1,128,1,1,16,0.000,0.000,,,,,NVIDIA A100-SXM4-40GB MIG 4g.20gb (0),1,,13,cupy_copy__complex64_complex64
5863936016,2496,411918,103,1,1,128,1,1,16,0.000,0.000,,,,,NVIDIA A100-SXM4-40GB MIG 4g.20gb (0),1,,13,cupy_copy__complex64_complex64
5863946288,83935,411925,1,1,1,32,32,1,30,0.000,0.000,,,,,NVIDIA A100-SXM4-40GB MIG 4g.20gb (0),1,,13,"void convert_kernel<__half2, float2>(tensor_layout_any, T1 *, tensor_layout_any, const T2 *)"
5864063790,15584,411928,,,,,,,,,,0.094,6012.285,Pinned,Device,NVIDIA A100-SXM4-40GB MIG 4g.20gb (0),1,,13,[CUDA memcpy Host-to-Device]
5864101454,46847,411929,,,,,,,,,,35.810,764398.552,Device,,NVIDIA A100-SXM4-40GB MIG 4g.20gb (0),1,,13,[CUDA memset]
5864151661,12640,411931,,,,,,,,,,0.000,6.329,Pinned,Device,NVIDIA A100-SXM4-40GB MIG 4g.20gb (0),1,,13,[CUDA memcpy Host-to-Device]
5864172269,20608,411932,,,,,,,,,,0.197,9540.207,Pinned,Device,NVIDIA A100-SXM4-40GB MIG 4g.20gb (0),1,,13,[CUDA memcpy Host-to-Device]
5864207277,9823,411933,273,1,1,48,1,1,40,0.000,0.001,,,,,NVIDIA A100-SXM4-40GB MIG 4g.20gb (0),1,,13,"void pusch_noise_intf_est::noiseIntfEstNoDftSOfdmKernel<float, __half, float, float, (unsigned int)2, (unsigned int)1, (unsigned char)4, (unsigned char)4>(pusch_noise_intf_est::puschRxNoiseIntfEstDynDescr)"
5864227052,2848,411944,35,1,1,128,1,1,16,0.000,0.000,,,,,NVIDIA A100-SXM4-40GB MIG 4g.20gb (0),1,,13,cupy_copy__complex64_complex64
5864236684,1824,411953,1,1,1,1,1,1,18,0.000,0.000,,,,,NVIDIA A100-SXM4-40GB MIG 4g.20gb (0),1,,13,cupy_copy__float32_float32
5864241132,2240,411959,,,,,,,,,,0.000,1.786,Device,Pageable,NVIDIA A100-SXM4-40GB MIG 4g.20gb (0),1,,7,[CUDA memcpy Device-to-Host]
5864312523,12672,411970,1434,1,1,128,1,1,16,0.000,0.000,,,,,NVIDIA A100-SXM4-40GB MIG 4g.20gb (0),1,,13,cupy_copy__complex64_complex64
5864338603,3456,411977,103,1,1,128,1,1,16,0.000,0.000,,,,,NVIDIA A100-SXM4-40GB MIG 4g.20gb (0),1,,13,cupy_copy__complex64_complex64
5864358251,2336,411984,35,1,1,128,1,1,16,0.000,0.000,,,,,NVIDIA A100-SXM4-40GB MIG 4g.20gb (0),1,,13,cupy_copy__complex64_complex64
5864375690,1984,411991,1,1,1,1,1,1,18,0.000,0.000,,,,,NVIDIA A100-SXM4-40GB MIG 4g.20gb (0),1,,13,cupy_copy__float32_float32
5864510761,87711,412002,1,1,1,32,32,1,30,0.000,0.000,,,,,NVIDIA A100-SXM4-40GB MIG 4g.20gb (0),1,,13,"void convert_kernel<__half2, float2>(tensor_layout_any, T1 *, tensor_layout_any, const T2 *)"
5864626439,5632,412005,,,,,,,,,,0.094,16636.287,Pinned,Device,NVIDIA A100-SXM4-40GB MIG 4g.20gb (0),1,,13,[CUDA memcpy Host-to-Device]
5864640487,3488,412006,,,,,,,,,,1.547,443412.461,Device,,NVIDIA A100-SXM4-40GB MIG 4g.20gb (0),1,,13,[CUDA memset]
5864647623,3040,412011,,,,,,,,,,0.031,10294.725,Pinned,Device,NVIDIA A100-SXM4-40GB MIG 4g.20gb (0),1,,13,[CUDA memcpy Host-to-Device]
5864653063,10112,412012,,,,,,,,,,0.197,19442.958,Pinned,Device,NVIDIA A100-SXM4-40GB MIG 4g.20gb (0),1,,13,[CUDA memcpy Host-to-Device]
5864667463,6592,412013,273,1,1,8,4,1,39,0.002,0.000,,,,,NVIDIA A100-SXM4-40GB MIG 4g.20gb (0),1,,13,"void channel_eq::eqMmseCoefCompLowMimoKernel<float, float, float, (unsigned int)4, (unsigned int)1, (unsigned int)4>(const channel_eq::_puschRxChEqStatDescr *, channel_eq::_puschRxChEqCoefCompDynDescr)"
5864675015,6400,412014,273,1,1,12,11,1,51,0.002,0.000,,,,,NVIDIA A100-SXM4-40GB MIG 4g.20gb (0),1,,13,"void channel_eq::eqMmseSoftDemapKernel<float, __half, __half, float, (unsigned int)4, (unsigned short)16383>(channel_eq::_puschRxChEqStatDescr *, channel_eq::_puschRxChEqSoftDemapDynDescr)"
5864682471,283196,412015,1,1,1,32,32,1,30,0.000,0.000,,,,,NVIDIA A100-SXM4-40GB MIG 4g.20gb (0),1,,13,"void convert_kernel<float2, __half2>(tensor_layout_any, T1 *, tensor_layout_any, const T2 *)"
5864968003,10880,412027,2253,1,1,128,1,1,16,0.000,0.000,,,,,NVIDIA A100-SXM4-40GB MIG 4g.20gb (0),1,,13,cupy_copy__float16_float16
5864980163,2880,412036,282,1,1,128,1,1,16,0.000,0.000,,,,,NVIDIA A100-SXM4-40GB MIG 4g.20gb (0),1,,13,cupy_copy__complex64_complex64
5864984707,2336,412045,26,1,1,128,1,1,16,0.000,0.000,,,,,NVIDIA A100-SXM4-40GB MIG 4g.20gb (0),1,,13,cupy_copy__float32_float32
5864989379,3264,412054,103,1,1,128,1,1,16,0.000,0.000,,,,,NVIDIA A100-SXM4-40GB MIG 4g.20gb (0),1,,13,cupy_copy__complex64_complex64
5864993603,11904,412064,1434,1,1,128,1,1,16,0.000,0.000,,,,,NVIDIA A100-SXM4-40GB MIG 4g.20gb (0),1,,13,cupy_copy__complex64_complex64
5865017187,81919,412069,1,1,1,32,32,1,30,0.000,0.000,,,,,NVIDIA A100-SXM4-40GB MIG 4g.20gb (0),1,,13,"void convert_kernel<__half2, float2>(tensor_layout_any, T1 *, tensor_layout_any, const T2 *)"
5865126209,5344,412072,,,,,,,,,,0.094,17532.864,Pinned,Device,NVIDIA A100-SXM4-40GB MIG 4g.20gb (0),1,,13,[CUDA memcpy Host-to-Device]
5865135873,597433,412073,,,,,,,,,,456.561,763827.289,Device,,NVIDIA A100-SXM4-40GB MIG 4g.20gb (0),1,,13,[CUDA memset]
5865737114,155710,412078,,,,,,,,,,1.235,7930.810,Pinned,Device,NVIDIA A100-SXM4-40GB MIG 4g.20gb (0),1,,13,[CUDA memcpy Host-to-Device]
5865905976,42911,412079,,,,,,,,,,0.197,4581.753,Pinned,Device,NVIDIA A100-SXM4-40GB MIG 4g.20gb (0),1,,13,[CUDA memcpy Host-to-Device]
5865968663,8416,412080,69,4,1,48,1,1,76,0.002,0.000,,,,,NVIDIA A100-SXM4-40GB MIG 4g.20gb (0),1,,13,"void ch_est::windowedChEstPreNoDftSOfdmKernel<float, __half, float, (unsigned int)2, (unsigned int)1, (unsigned short)4>(ch_est::puschRxChEstStatDescr_t *, ch_est::puschRxChEstDynDescr_t *)"
5865986295,6912,412081,137,2,1,24,2,1,44,0.001,0.001,,,,,NVIDIA A100-SXM4-40GB MIG 4g.20gb (0),1,,13,"void ch_est::chEstFilterNoDftSOfdmDispatchKernel<float, __half, float, (unsigned int)2>(ch_est::puschRxChEstStatDescr_t *, ch_est::puschRxChEstDynDescr_t *)"
5866003286,4736,412082,137,2,1,24,2,1,44,0.001,0.001,,,,,NVIDIA A100-SXM4-40GB MIG 4g.20gb (0),1,,13,"void ch_est::chEstFilterNoDftSOfdmDispatchKernel<float, __half, float, (unsigned int)2>(ch_est::puschRxChEstStatDescr_t *, ch_est::puschRxChEstDynDescr_t *)"
5866021110,2752,412093,103,1,1,128,1,1,16,0.000,0.000,,,,,NVIDIA A100-SXM4-40GB MIG 4g.20gb (0),1,,13,cupy_copy__complex64_complex64
5866037910,12448,412103,1434,1,1,128,1,1,16,0.000,0.000,,,,,NVIDIA A100-SXM4-40GB MIG 4g.20gb (0),1,,13,cupy_copy__complex64_complex64
5866056598,2912,412110,103,1,1,128,1,1,16,0.000,0.000,,,,,NVIDIA A100-SXM4-40GB MIG 4g.20gb (0),1,,13,cupy_copy__complex64_complex64
5866078390,86814,412117,1,1,1,32,32,1,30,0.000,0.000,,,,,NVIDIA A100-SXM4-40GB MIG 4g.20gb (0),1,,13,"void convert_kernel<__half2, float2>(tensor_layout_any, T1 *, tensor_layout_any, const T2 *)"
5866201844,24480,412120,,,,,,,,,,0.094,3827.388,Pinned,Device,NVIDIA A100-SXM4-40GB MIG 4g.20gb (0),1,,13,[CUDA memcpy Host-to-Device]
5866240052,47327,412121,,,,,,,,,,35.810,756627.800,Device,,NVIDIA A100-SXM4-40GB MIG 4g.20gb (0),1,,13,[CUDA memset]
5866295187,8608,412123,,,,,,,,,,0.000,9.294,Pinned,Device,NVIDIA A100-SXM4-40GB MIG 4g.20gb (0),1,,13,[CUDA memcpy Host-to-Device]
5866314835,19039,412124,,,,,,,,,,0.197,10326.442,Pinned,Device,NVIDIA A100-SXM4-40GB MIG 4g.20gb (0),1,,13,[CUDA memcpy Host-to-Device]
5866357266,9760,412125,273,1,1,48,1,1,40,0.000,0.001,,,,,NVIDIA A100-SXM4-40GB MIG 4g.20gb (0),1,,13,"void pusch_noise_intf_est::noiseIntfEstNoDftSOfdmKernel<float, __half, float, float, (unsigned int)2, (unsigned int)1, (unsigned char)4, (unsigned char)4>(pusch_noise_intf_est::puschRxNoiseIntfEstDynDescr)"
5866382258,2784,412136,35,1,1,128,1,1,16,0.000,0.000,,,,,NVIDIA A100-SXM4-40GB MIG 4g.20gb (0),1,,13,cupy_copy__complex64_complex64
5866394386,1760,412145,1,1,1,1,1,1,18,0.000,0.000,,,,,NVIDIA A100-SXM4-40GB MIG 4g.20gb (0),1,,13,cupy_copy__float32_float32
5866402002,4319,412151,,,,,,,,,,0.000,0.926,Device,Pageable,NVIDIA A100-SXM4-40GB MIG 4g.20gb (0),1,,7,[CUDA memcpy Device-to-Host]
5866483697,12991,412162,1434,1,1,128,1,1,16,0.000,0.000,,,,,NVIDIA A100-SXM4-40GB MIG 4g.20gb (0),1,,13,cupy_copy__complex64_complex64
5866519280,2624,412169,103,1,1,128,1,1,16,0.000,0.000,,,,,NVIDIA A100-SXM4-40GB MIG 4g.20gb (0),1,,13,cupy_copy__complex64_complex64
5866534032,2592,412176,35,1,1,128,1,1,16,0.000,0.000,,,,,NVIDIA A100-SXM4-40GB MIG 4g.20gb (0),1,,13,cupy_copy__complex64_complex64
5866548336,1952,412183,1,1,1,1,1,1,18,0.000,0.000,,,,,NVIDIA A100-SXM4-40GB MIG 4g.20gb (0),1,,13,cupy_copy__float32_float32
5866670318,82239,412194,1,1,1,32,32,1,30,0.000,0.000,,,,,NVIDIA A100-SXM4-40GB MIG 4g.20gb (0),1,,13,"void convert_kernel<__half2, float2>(tensor_layout_any, T1 *, tensor_layout_any, const T2 *)"
5866780013,6048,412197,,,,,,,,,,0.094,15491.978,Pinned,Device,NVIDIA A100-SXM4-40GB MIG 4g.20gb (0),1,,13,[CUDA memcpy Host-to-Device]
5866795373,3520,412198,,,,,,,,,,1.547,439380.412,Device,,NVIDIA A100-SXM4-40GB MIG 4g.20gb (0),1,,13,[CUDA memset]
5866803757,3872,412203,,,,,,,,,,0.031,8082.630,Pinned,Device,NVIDIA A100-SXM4-40GB MIG 4g.20gb (0),1,,13,[CUDA memcpy Host-to-Device]
5866810828,10080,412204,,,,,,,,,,0.197,19504.693,Pinned,Device,NVIDIA A100-SXM4-40GB MIG 4g.20gb (0),1,,13,[CUDA memcpy Host-to-Device]
5866826188,7904,412205,273,1,1,8,4,1,39,0.002,0.000,,,,,NVIDIA A100-SXM4-40GB MIG 4g.20gb (0),1,,13,"void channel_eq::eqMmseCoefCompLowMimoKernel<float, float, float, (unsigned int)4, (unsigned int)1, (unsigned int)4>(const channel_eq::_puschRxChEqStatDescr *, channel_eq::_puschRxChEqCoefCompDynDescr)"
5866836556,7968,412206,273,1,1,12,11,1,51,0.002,0.000,,,,,NVIDIA A100-SXM4-40GB MIG 4g.20gb (0),1,,13,"void channel_eq::eqMmseSoftDemapKernel<float, __half, __half, float, (unsigned int)4, (unsigned short)16383>(channel_eq::_puschRxChEqStatDescr *, channel_eq::_puschRxChEqSoftDemapDynDescr)"
5866845580,282429,412207,1,1,1,32,32,1,30,0.000,0.000,,,,,NVIDIA A100-SXM4-40GB MIG 4g.20gb (0),1,,13,"void convert_kernel<float2, __half2>(tensor_layout_any, T1 *, tensor_layout_any, const T2 *)"
5867129481,10975,412219,2253,1,1,128,1,1,16,0.000,0.000,,,,,NVIDIA A100-SXM4-40GB MIG 4g.20gb (0),1,,13,cupy_copy__float16_float16
5867142728,3680,412228,282,1,1,128,1,1,16,0.000,0.000,,,,,NVIDIA A100-SXM4-40GB MIG 4g.20gb (0),1,,13,cupy_copy__complex64_complex64
5867148680,2272,412237,26,1,1,128,1,1,16,0.000,0.000,,,,,NVIDIA A100-SXM4-40GB MIG 4g.20gb (0),1,,13,cupy_copy__float32_float32
5867152808,3232,412246,103,1,1,128,1,1,16,0.000,0.000,,,,,NVIDIA A100-SXM4-40GB MIG 4g.20gb (0),1,,13,cupy_copy__complex64_complex64
5867157000,11936,412256,1434,1,1,128,1,1,16,0.000,0.000,,,,,NVIDIA A100-SXM4-40GB MIG 4g.20gb (0),1,,13,cupy_copy__complex64_complex64
5867178984,87199,412261,1,1,1,32,32,1,30,0.000,0.000,,,,,NVIDIA A100-SXM4-40GB MIG 4g.20gb (0),1,,13,"void convert_kernel<__half2, float2>(tensor_layout_any, T1 *, tensor_layout_any, const T2 *)"
5867292615,5535,412264,,,,,,,,,,0.094,16927.869,Pinned,Device,NVIDIA A100-SXM4-40GB MIG 4g.20gb (0),1,,13,[CUDA memcpy Host-to-Device]
5867303302,599353,412265,,,,,,,,,,456.561,761544.482,Device,,NVIDIA A100-SXM4-40GB MIG 4g.20gb (0),1,,13,[CUDA memset]
5867908991,79775,412270,,,,,,,,,,1.235,15480.023,Pinned,Device,NVIDIA A100-SXM4-40GB MIG 4g.20gb (0),1,,13,[CUDA memcpy Host-to-Device]
5867995710,16576,412271,,,,,,,,,,0.197,11860.967,Pinned,Device,NVIDIA A100-SXM4-40GB MIG 4g.20gb (0),1,,13,[CUDA memcpy Host-to-Device]
5868021118,7967,412272,69,4,1,48,1,1,76,0.002,0.000,,,,,NVIDIA A100-SXM4-40GB MIG 4g.20gb (0),1,,13,"void ch_est::windowedChEstPreNoDftSOfdmKernel<float, __half, float, (unsigned int)2, (unsigned int)1, (unsigned short)4>(ch_est::puschRxChEstStatDescr_t *, ch_est::puschRxChEstDynDescr_t *)"
5868036893,7072,412273,137,2,1,24,2,1,44,0.001,0.001,,,,,NVIDIA A100-SXM4-40GB MIG 4g.20gb (0),1,,13,"void ch_est::chEstFilterNoDftSOfdmDispatchKernel<float, __half, float, (unsigned int)2>(ch_est::puschRxChEstStatDescr_t *, ch_est::puschRxChEstDynDescr_t *)"
5868052125,6272,412274,137,2,1,24,2,1,44,0.001,0.001,,,,,NVIDIA A100-SXM4-40GB MIG 4g.20gb (0),1,,13,"void ch_est::chEstFilterNoDftSOfdmDispatchKernel<float, __half, float, (unsigned int)2>(ch_est::puschRxChEstStatDescr_t *, ch_est::puschRxChEstDynDescr_t *)"
5868060381,3104,412285,103,1,1,128,1,1,16,0.000,0.000,,,,,NVIDIA A100-SXM4-40GB MIG 4g.20gb (0),1,,13,cupy_copy__complex64_complex64
5868069853,12416,412295,1434,1,1,128,1,1,16,0.000,0.000,,,,,NVIDIA A100-SXM4-40GB MIG 4g.20gb (0),1,,13,cupy_copy__complex64_complex64
5868085341,3040,412302,103,1,1,128,1,1,16,0.000,0.000,,,,,NVIDIA A100-SXM4-40GB MIG 4g.20gb (0),1,,13,cupy_copy__complex64_complex64
5868094493,83423,412309,1,1,1,32,32,1,30,0.000,0.000,,,,,NVIDIA A100-SXM4-40GB MIG 4g.20gb (0),1,,13,"void convert_kernel<__half2, float2>(tensor_layout_any, T1 *, tensor_layout_any, const T2 *)"
5868207643,9216,412312,,,,,,,,,,0.094,10166.578,Pinned,Device,NVIDIA A100-SXM4-40GB MIG 4g.20gb (0),1,,13,[CUDA memcpy Host-to-Device]
5868223291,48287,412313,,,,,,,,,,35.810,741587.633,Device,,NVIDIA A100-SXM4-40GB MIG 4g.20gb (0),1,,13,[CUDA memset]
5868273370,7616,412315,,,,,,,,,,0.000,10.504,Pinned,Device,NVIDIA A100-SXM4-40GB MIG 4g.20gb (0),1,,13,[CUDA memcpy Host-to-Device]
5868285402,18912,412316,,,,,,,,,,0.197,10395.845,Pinned,Device,NVIDIA A100-SXM4-40GB MIG 4g.20gb (0),1,,13,[CUDA memcpy Host-to-Device]
5868317466,10112,412317,273,1,1,48,1,1,40,0.000,0.001,,,,,NVIDIA A100-SXM4-40GB MIG 4g.20gb (0),1,,13,"void pusch_noise_intf_est::noiseIntfEstNoDftSOfdmKernel<float, __half, float, float, (unsigned int)2, (unsigned int)1, (unsigned char)4, (unsigned char)4>(pusch_noise_intf_est::puschRxNoiseIntfEstDynDescr)"
5868335098,2624,412328,35,1,1,128,1,1,16,0.000,0.000,,,,,NVIDIA A100-SXM4-40GB MIG 4g.20gb (0),1,,13,cupy_copy__complex64_complex64
5868345466,1696,412337,1,1,1,1,1,1,18,0.000,0.000,,,,,NVIDIA A100-SXM4-40GB MIG 4g.20gb (0),1,,13,cupy_copy__float32_float32
5868360793,2336,412343,,,,,,,,,,0.000,1.712,Device,Pageable,NVIDIA A100-SXM4-40GB MIG 4g.20gb (0),1,,7,[CUDA memcpy Device-to-Host]
5868438040,13248,412354,1434,1,1,128,1,1,16,0.000,0.000,,,,,NVIDIA A100-SXM4-40GB MIG 4g.20gb (0),1,,13,cupy_copy__complex64_complex64
5868463928,5952,412361,103,1,1,128,1,1,16,0.000,0.000,,,,,NVIDIA A100-SXM4-40GB MIG 4g.20gb (0),1,,13,cupy_copy__complex64_complex64
5868489912,2400,412368,35,1,1,128,1,1,16,0.000,0.000,,,,,NVIDIA A100-SXM4-40GB MIG 4g.20gb (0),1,,13,cupy_copy__complex64_complex64
5868506520,1728,412375,1,1,1,1,1,1,18,0.000,0.000,,,,,NVIDIA A100-SXM4-40GB MIG 4g.20gb (0),1,,13,cupy_copy__float32_float32
5868628534,82463,412386,1,1,1,32,32,1,30,0.000,0.000,,,,,NVIDIA A100-SXM4-40GB MIG 4g.20gb (0),1,,13,"void convert_kernel<__half2, float2>(tensor_layout_any, T1 *, tensor_layout_any, const T2 *)"
5868740021,5728,412389,,,,,,,,,,0.094,16357.541,Pinned,Device,NVIDIA A100-SXM4-40GB MIG 4g.20gb (0),1,,13,[CUDA memcpy Host-to-Device]
5868754709,3264,412390,,,,,,,,,,1.547,473842.288,Device,,NVIDIA A100-SXM4-40GB MIG 4g.20gb (0),1,,13,[CUDA memset]
5868761876,3232,412395,,,,,,,,,,0.031,9683.139,Pinned,Device,NVIDIA A100-SXM4-40GB MIG 4g.20gb (0),1,,13,[CUDA memcpy Host-to-Device]
5868768052,9632,412396,,,,,,,,,,0.197,20411.843,Pinned,Device,NVIDIA A100-SXM4-40GB MIG 4g.20gb (0),1,,13,[CUDA memcpy Host-to-Device]
5868782516,5920,412397,273,1,1,8,4,1,39,0.002,0.000,,,,,NVIDIA A100-SXM4-40GB MIG 4g.20gb (0),1,,13,"void channel_eq::eqMmseCoefCompLowMimoKernel<float, float, float, (unsigned int)4, (unsigned int)1, (unsigned int)4>(const channel_eq::_puschRxChEqStatDescr *, channel_eq::_puschRxChEqCoefCompDynDescr)"
5868790420,5856,412398,273,1,1,12,11,1,51,0.002,0.000,,,,,NVIDIA A100-SXM4-40GB MIG 4g.20gb (0),1,,13,"void channel_eq::eqMmseSoftDemapKernel<float, __half, __half, float, (unsigned int)4, (unsigned short)16383>(channel_eq::_puschRxChEqStatDescr *, channel_eq::_puschRxChEqSoftDemapDynDescr)"
5868798260,282493,412399,1,1,1,32,32,1,30,0.000,0.000,,,,,NVIDIA A100-SXM4-40GB MIG 4g.20gb (0),1,,13,"void convert_kernel<float2, __half2>(tensor_layout_any, T1 *, tensor_layout_any, const T2 *)"
5869081809,10847,412411,2253,1,1,128,1,1,16,0.000,0.000,,,,,NVIDIA A100-SXM4-40GB MIG 4g.20gb (0),1,,13,cupy_copy__float16_float16
5869094224,3616,412420,282,1,1,128,1,1,16,0.000,0.000,,,,,NVIDIA A100-SXM4-40GB MIG 4g.20gb (0),1,,13,cupy_copy__complex64_complex64
5869101040,2112,412429,26,1,1,128,1,1,16,0.000,0.000,,,,,NVIDIA A100-SXM4-40GB MIG 4g.20gb (0),1,,13,cupy_copy__float32_float32
5869104304,3296,412438,103,1,1,128,1,1,16,0.000,0.000,,,,,NVIDIA A100-SXM4-40GB MIG 4g.20gb (0),1,,13,cupy_copy__complex64_complex64
5869110800,12064,412448,1434,1,1,128,1,1,16,0.000,0.000,,,,,NVIDIA A100-SXM4-40GB MIG 4g.20gb (0),1,,13,cupy_copy__complex64_complex64
5869128144,86591,412453,1,1,1,32,32,1,30,0.000,0.000,,,,,NVIDIA A100-SXM4-40GB MIG 4g.20gb (0),1,,13,"void convert_kernel<__half2, float2>(tensor_layout_any, T1 *, tensor_layout_any, const T2 *)"
5869241551,5951,412456,,,,,,,,,,0.094,15744.488,Pinned,Device,NVIDIA A100-SXM4-40GB MIG 4g.20gb (0),1,,13,[CUDA memcpy Host-to-Device]
5869252366,599961,412457,,,,,,,,,,456.561,760631.359,Device,,NVIDIA A100-SXM4-40GB MIG 4g.20gb (0),1,,13,[CUDA memset]
5869856871,121662,412462,,,,,,,,,,1.235,10150.005,Pinned,Device,NVIDIA A100-SXM4-40GB MIG 4g.20gb (0),1,,13,[CUDA memcpy Host-to-Device]
5869986853,32384,412463,,,,,,,,,,0.197,6071.058,Pinned,Device,NVIDIA A100-SXM4-40GB MIG 4g.20gb (0),1,,13,[CUDA memcpy Host-to-Device]
5870041061,8064,412464,69,4,1,48,1,1,76,0.002,0.000,,,,,NVIDIA A100-SXM4-40GB MIG 4g.20gb (0),1,,13,"void ch_est::windowedChEstPreNoDftSOfdmKernel<float, __half, float, (unsigned int)2, (unsigned int)1, (unsigned short)4>(ch_est::puschRxChEstStatDescr_t *, ch_est::puschRxChEstDynDescr_t *)"
5870056325,6591,412465,137,2,1,24,2,1,44,0.001,0.001,,,,,NVIDIA A100-SXM4-40GB MIG 4g.20gb (0),1,,13,"void ch_est::chEstFilterNoDftSOfdmDispatchKernel<float, __half, float, (unsigned int)2>(ch_est::puschRxChEstStatDescr_t *, ch_est::puschRxChEstDynDescr_t *)"
5870069508,4800,412466,137,2,1,24,2,1,44,0.001,0.001,,,,,NVIDIA A100-SXM4-40GB MIG 4g.20gb (0),1,,13,"void ch_est::chEstFilterNoDftSOfdmDispatchKernel<float, __half, float, (unsigned int)2>(ch_est::puschRxChEstStatDescr_t *, ch_est::puschRxChEstDynDescr_t *)"
5870082564,2624,412477,103,1,1,128,1,1,16,0.000,0.000,,,,,NVIDIA A100-SXM4-40GB MIG 4g.20gb (0),1,,13,cupy_copy__complex64_complex64
5870094596,12384,412487,1434,1,1,128,1,1,16,0.000,0.000,,,,,NVIDIA A100-SXM4-40GB MIG 4g.20gb (0),1,,13,cupy_copy__complex64_complex64
5870114564,3072,412494,103,1,1,128,1,1,16,0.000,0.000,,,,,NVIDIA A100-SXM4-40GB MIG 4g.20gb (0),1,,13,cupy_copy__complex64_complex64
5870126468,84191,412501,1,1,1,32,32,1,30,0.000,0.000,,,,,NVIDIA A100-SXM4-40GB MIG 4g.20gb (0),1,,13,"void convert_kernel<__half2, float2>(tensor_layout_any, T1 *, tensor_layout_any, const T2 *)"
5870237986,5984,412504,,,,,,,,,,0.094,15657.726,Pinned,Device,NVIDIA A100-SXM4-40GB MIG 4g.20gb (0),1,,13,[CUDA memcpy Host-to-Device]
5870250242,47776,412505,,,,,,,,,,35.810,749537.436,Device,,NVIDIA A100-SXM4-40GB MIG 4g.20gb (0),1,,13,[CUDA memset]
5870303073,5216,412507,,,,,,,,,,0.000,15.337,Pinned,Device,NVIDIA A100-SXM4-40GB MIG 4g.20gb (0),1,,13,[CUDA memcpy Host-to-Device]
5870312161,12992,412508,,,,,,,,,,0.197,15132.918,Pinned,Device,NVIDIA A100-SXM4-40GB MIG 4g.20gb (0),1,,13,[CUDA memcpy Host-to-Device]
5870335425,10272,412509,273,1,1,48,1,1,40,0.000,0.001,,,,,NVIDIA A100-SXM4-40GB MIG 4g.20gb (0),1,,13,"void pusch_noise_intf_est::noiseIntfEstNoDftSOfdmKernel<float, __half, float, float, (unsigned int)2, (unsigned int)1, (unsigned char)4, (unsigned char)4>(pusch_noise_intf_est::puschRxNoiseIntfEstDynDescr)"
5870347489,2880,412520,35,1,1,128,1,1,16,0.000,0.000,,,,,NVIDIA A100-SXM4-40GB MIG 4g.20gb (0),1,,13,cupy_copy__complex64_complex64
5870361025,2016,412529,1,1,1,1,1,1,18,0.000,0.000,,,,,NVIDIA A100-SXM4-40GB MIG 4g.20gb (0),1,,13,cupy_copy__float32_float32
5870389408,1600,412535,,,,,,,,,,0.000,2.500,Device,Pageable,NVIDIA A100-SXM4-40GB MIG 4g.20gb (0),1,,7,[CUDA memcpy Device-to-Host]
5870451168,13055,412546,1434,1,1,128,1,1,16,0.000,0.000,,,,,NVIDIA A100-SXM4-40GB MIG 4g.20gb (0),1,,13,cupy_copy__complex64_complex64
5870475903,2848,412553,103,1,1,128,1,1,16,0.000,0.000,,,,,NVIDIA A100-SXM4-40GB MIG 4g.20gb (0),1,,13,cupy_copy__complex64_complex64
5870495711,2560,412560,35,1,1,128,1,1,16,0.000,0.000,,,,,NVIDIA A100-SXM4-40GB MIG 4g.20gb (0),1,,13,cupy_copy__complex64_complex64
5870513759,1792,412567,1,1,1,1,1,1,18,0.000,0.000,,,,,NVIDIA A100-SXM4-40GB MIG 4g.20gb (0),1,,13,cupy_copy__float32_float32
5870644029,82399,412578,1,1,1,32,32,1,30,0.000,0.000,,,,,NVIDIA A100-SXM4-40GB MIG 4g.20gb (0),1,,13,"void convert_kernel<__half2, float2>(tensor_layout_any, T1 *, tensor_layout_any, const T2 *)"
5870754748,5568,412581,,,,,,,,,,0.094,16827.521,Pinned,Device,NVIDIA A100-SXM4-40GB MIG 4g.20gb (0),1,,13,[CUDA memcpy Host-to-Device]
5870768636,3328,412582,,,,,,,,,,1.547,464729.580,Device,,NVIDIA A100-SXM4-40GB MIG 4g.20gb (0),1,,13,[CUDA memset]
5870775548,3328,412587,,,,,,,,,,0.031,9403.822,Pinned,Device,NVIDIA A100-SXM4-40GB MIG 4g.20gb (0),1,,13,[CUDA memcpy Host-to-Device]
5870781372,9471,412588,,,,,,,,,,0.197,20758.856,Pinned,Device,NVIDIA A100-SXM4-40GB MIG 4g.20gb (0),1,,13,[CUDA memcpy Host-to-Device]
5870796411,6496,412589,273,1,1,8,4,1,39,0.002,0.000,,,,,NVIDIA A100-SXM4-40GB MIG 4g.20gb (0),1,,13,"void channel_eq::eqMmseCoefCompLowMimoKernel<float, float, float, (unsigned int)4, (unsigned int)1, (unsigned int)4>(const channel_eq::_puschRxChEqStatDescr *, channel_eq::_puschRxChEqCoefCompDynDescr)"
5870804827,6592,412590,273,1,1,12,11,1,51,0.002,0.000,,,,,NVIDIA A100-SXM4-40GB MIG 4g.20gb (0),1,,13,"void channel_eq::eqMmseSoftDemapKernel<float, __half, __half, float, (unsigned int)4, (unsigned short)16383>(channel_eq::_puschRxChEqStatDescr *, channel_eq::_puschRxChEqSoftDemapDynDescr)"
5870812347,282877,412591,1,1,1,32,32,1,30,0.000,0.000,,,,,NVIDIA A100-SXM4-40GB MIG 4g.20gb (0),1,,13,"void convert_kernel<float2, __half2>(tensor_layout_any, T1 *, tensor_layout_any, const T2 *)"
5871096344,10944,412603,2253,1,1,128,1,1,16,0.000,0.000,,,,,NVIDIA A100-SXM4-40GB MIG 4g.20gb (0),1,,13,cupy_copy__float16_float16
5871110392,3679,412612,282,1,1,128,1,1,16,0.000,0.000,,,,,NVIDIA A100-SXM4-40GB MIG 4g.20gb (0),1,,13,cupy_copy__complex64_complex64
5871116311,2464,412621,26,1,1,128,1,1,16,0.000,0.000,,,,,NVIDIA A100-SXM4-40GB MIG 4g.20gb (0),1,,13,cupy_copy__float32_float32
5871120599,3232,412630,103,1,1,128,1,1,16,0.000,0.000,,,,,NVIDIA A100-SXM4-40GB MIG 4g.20gb (0),1,,13,cupy_copy__complex64_complex64
5871124855,12032,412640,1434,1,1,128,1,1,16,0.000,0.000,,,,,NVIDIA A100-SXM4-40GB MIG 4g.20gb (0),1,,13,cupy_copy__complex64_complex64
5871153303,82591,412645,1,1,1,32,32,1,30,0.000,0.000,,,,,NVIDIA A100-SXM4-40GB MIG 4g.20gb (0),1,,13,"void convert_kernel<__half2, float2>(tensor_layout_any, T1 *, tensor_layout_any, const T2 *)"
5871262454,5952,412648,,,,,,,,,,0.094,15741.865,Pinned,Device,NVIDIA A100-SXM4-40GB MIG 4g.20gb (0),1,,13,[CUDA memcpy Host-to-Device]
5871272310,597976,412649,,,,,,,,,,456.561,763370.728,Device,,NVIDIA A100-SXM4-40GB MIG 4g.20gb (0),1,,13,[CUDA memset]
5871878414,155166,412654,,,,,,,,,,1.235,7957.979,Pinned,Device,NVIDIA A100-SXM4-40GB MIG 4g.20gb (0),1,,13,[CUDA memcpy Host-to-Device]
5872046284,39392,412655,,,,,,,,,,0.197,4990.894,Pinned,Device,NVIDIA A100-SXM4-40GB MIG 4g.20gb (0),1,,13,[CUDA memcpy Host-to-Device]
5872116171,8160,412656,69,4,1,48,1,1,76,0.002,0.000,,,,,NVIDIA A100-SXM4-40GB MIG 4g.20gb (0),1,,13,"void ch_est::windowedChEstPreNoDftSOfdmKernel<float, __half, float, (unsigned int)2, (unsigned int)1, (unsigned short)4>(ch_est::puschRxChEstStatDescr_t *, ch_est::puschRxChEstDynDescr_t *)"
5872135403,7200,412657,137,2,1,24,2,1,44,0.001,0.001,,,,,NVIDIA A100-SXM4-40GB MIG 4g.20gb (0),1,,13,"void ch_est::chEstFilterNoDftSOfdmDispatchKernel<float, __half, float, (unsigned int)2>(ch_est::puschRxChEstStatDescr_t *, ch_est::puschRxChEstDynDescr_t *)"
5872152939,4736,412658,137,2,1,24,2,1,44,0.001,0.001,,,,,NVIDIA A100-SXM4-40GB MIG 4g.20gb (0),1,,13,"void ch_est::chEstFilterNoDftSOfdmDispatchKernel<float, __half, float, (unsigned int)2>(ch_est::puschRxChEstStatDescr_t *, ch_est::puschRxChEstDynDescr_t *)"
5872168714,2688,412669,103,1,1,128,1,1,16,0.000,0.000,,,,,NVIDIA A100-SXM4-40GB MIG 4g.20gb (0),1,,13,cupy_copy__complex64_complex64
5872184682,12512,412679,1434,1,1,128,1,1,16,0.000,0.000,,,,,NVIDIA A100-SXM4-40GB MIG 4g.20gb (0),1,,13,cupy_copy__complex64_complex64
5872221706,2528,412686,103,1,1,128,1,1,16,0.000,0.000,,,,,NVIDIA A100-SXM4-40GB MIG 4g.20gb (0),1,,13,cupy_copy__complex64_complex64
5872238442,86175,412693,1,1,1,32,32,1,30,0.000,0.000,,,,,NVIDIA A100-SXM4-40GB MIG 4g.20gb (0),1,,13,"void convert_kernel<__half2, float2>(tensor_layout_any, T1 *, tensor_layout_any, const T2 *)"
5872357000,13792,412696,,,,,,,,,,0.094,6793.428,Pinned,Device,NVIDIA A100-SXM4-40GB MIG 4g.20gb (0),1,,13,[CUDA memcpy Host-to-Device]
5872379880,47135,412697,,,,,,,,,,35.810,759707.453,Device,,NVIDIA A100-SXM4-40GB MIG 4g.20gb (0),1,,13,[CUDA memset]
5872435015,4448,412699,,,,,,,,,,0.000,17.986,Pinned,Device,NVIDIA A100-SXM4-40GB MIG 4g.20gb (0),1,,13,[CUDA memcpy Host-to-Device]
5872445479,16544,412700,,,,,,,,,,0.197,11883.774,Pinned,Device,NVIDIA A100-SXM4-40GB MIG 4g.20gb (0),1,,13,[CUDA memcpy Host-to-Device]
5872468679,12448,412701,273,1,1,48,1,1,40,0.000,0.001,,,,,NVIDIA A100-SXM4-40GB MIG 4g.20gb (0),1,,13,"void pusch_noise_intf_est::noiseIntfEstNoDftSOfdmKernel<float, __half, float, float, (unsigned int)2, (unsigned int)1, (unsigned char)4, (unsigned char)4>(pusch_noise_intf_est::puschRxNoiseIntfEstDynDescr)"
5872484871,3328,412712,35,1,1,128,1,1,16,0.000,0.000,,,,,NVIDIA A100-SXM4-40GB MIG 4g.20gb (0),1,,13,cupy_copy__complex64_complex64
5872491239,1855,412721,1,1,1,1,1,1,18,0.000,0.000,,,,,NVIDIA A100-SXM4-40GB MIG 4g.20gb (0),1,,13,cupy_copy__float32_float32
5872504678,3392,412727,,,,,,,,,,0.000,1.179,Device,Pageable,NVIDIA A100-SXM4-40GB MIG 4g.20gb (0),1,,7,[CUDA memcpy Device-to-Host]
5872566342,12799,412738,1434,1,1,128,1,1,16,0.000,0.000,,,,,NVIDIA A100-SXM4-40GB MIG 4g.20gb (0),1,,13,cupy_copy__complex64_complex64
5872594117,2880,412745,103,1,1,128,1,1,16,0.000,0.000,,,,,NVIDIA A100-SXM4-40GB MIG 4g.20gb (0),1,,13,cupy_copy__complex64_complex64
5872614533,2304,412752,35,1,1,128,1,1,16,0.000,0.000,,,,,NVIDIA A100-SXM4-40GB MIG 4g.20gb (0),1,,13,cupy_copy__complex64_complex64
5872633221,1760,412759,1,1,1,1,1,1,18,0.000,0.000,,,,,NVIDIA A100-SXM4-40GB MIG 4g.20gb (0),1,,13,cupy_copy__float32_float32
5872769347,87679,412770,1,1,1,32,32,1,30,0.000,0.000,,,,,NVIDIA A100-SXM4-40GB MIG 4g.20gb (0),1,,13,"void convert_kernel<__half2, float2>(tensor_layout_any, T1 *, tensor_layout_any, const T2 *)"
5872884898,5600,412773,,,,,,,,,,0.094,16731.388,Pinned,Device,NVIDIA A100-SXM4-40GB MIG 4g.20gb (0),1,,13,[CUDA memcpy Host-to-Device]
5872899553,3328,412774,,,,,,,,,,1.547,464729.580,Device,,NVIDIA A100-SXM4-40GB MIG 4g.20gb (0),1,,13,[CUDA memset]
5872906177,3296,412779,,,,,,,,,,0.031,9495.144,Pinned,Device,NVIDIA A100-SXM4-40GB MIG 4g.20gb (0),1,,13,[CUDA memcpy Host-to-Device]
5872912097,9792,412780,,,,,,,,,,0.197,20078.395,Pinned,Device,NVIDIA A100-SXM4-40GB MIG 4g.20gb (0),1,,13,[CUDA memcpy Host-to-Device]
5872926593,6176,412781,273,1,1,8,4,1,39,0.002,0.000,,,,,NVIDIA A100-SXM4-40GB MIG 4g.20gb (0),1,,13,"void channel_eq::eqMmseCoefCompLowMimoKernel<float, float, float, (unsigned int)4, (unsigned int)1, (unsigned int)4>(const channel_eq::_puschRxChEqStatDescr *, channel_eq::_puschRxChEqCoefCompDynDescr)"
5872935361,5696,412782,273,1,1,12,11,1,51,0.002,0.000,,,,,NVIDIA A100-SXM4-40GB MIG 4g.20gb (0),1,,13,"void channel_eq::eqMmseSoftDemapKernel<float, __half, __half, float, (unsigned int)4, (unsigned short)16383>(channel_eq::_puschRxChEqStatDescr *, channel_eq::_puschRxChEqSoftDemapDynDescr)"
5872943137,294940,412783,1,1,1,32,32,1,30,0.000,0.000,,,,,NVIDIA A100-SXM4-40GB MIG 4g.20gb (0),1,,13,"void convert_kernel<float2, __half2>(tensor_layout_any, T1 *, tensor_layout_any, const T2 *)"
5873241661,11200,412795,2253,1,1,128,1,1,16,0.000,0.000,,,,,NVIDIA A100-SXM4-40GB MIG 4g.20gb (0),1,,13,cupy_copy__float16_float16
5873254941,3552,412804,282,1,1,128,1,1,16,0.000,0.000,,,,,NVIDIA A100-SXM4-40GB MIG 4g.20gb (0),1,,13,cupy_copy__complex64_complex64
5873260381,2016,412813,26,1,1,128,1,1,16,0.000,0.000,,,,,NVIDIA A100-SXM4-40GB MIG 4g.20gb (0),1,,13,cupy_copy__float32_float32
5873264573,3008,412822,103,1,1,128,1,1,16,0.000,0.000,,,,,NVIDIA A100-SXM4-40GB MIG 4g.20gb (0),1,,13,cupy_copy__complex64_complex64
5873270557,12448,412832,1434,1,1,128,1,1,16,0.000,0.000,,,,,NVIDIA A100-SXM4-40GB MIG 4g.20gb (0),1,,13,cupy_copy__complex64_complex64
5873286621,86847,412837,1,1,1,32,32,1,30,0.000,0.000,,,,,NVIDIA A100-SXM4-40GB MIG 4g.20gb (0),1,,13,"void convert_kernel<__half2, float2>(tensor_layout_any, T1 *, tensor_layout_any, const T2 *)"
5873401083,6048,412840,,,,,,,,,,0.094,15491.978,Pinned,Device,NVIDIA A100-SXM4-40GB MIG 4g.20gb (0),1,,13,[CUDA memcpy Host-to-Device]
5873412571,597593,412841,,,,,,,,,,456.561,763827.289,Device,,NVIDIA A100-SXM4-40GB MIG 4g.20gb (0),1,,13,[CUDA memset]
5874015860,162782,412846,,,,,,,,,,1.235,7586.261,Pinned,Device,NVIDIA A100-SXM4-40GB MIG 4g.20gb (0),1,,13,[CUDA memcpy Host-to-Device]
5874191122,40191,412847,,,,,,,,,,0.197,4891.804,Pinned,Device,NVIDIA A100-SXM4-40GB MIG 4g.20gb (0),1,,13,[CUDA memcpy Host-to-Device]
5874265105,8224,412848,69,4,1,48,1,1,76,0.002,0.000,,,,,NVIDIA A100-SXM4-40GB MIG 4g.20gb (0),1,,13,"void ch_est::windowedChEstPreNoDftSOfdmKernel<float, __half, float, (unsigned int)2, (unsigned int)1, (unsigned short)4>(ch_est::puschRxChEstStatDescr_t *, ch_est::puschRxChEstDynDescr_t *)"
5874284592,6944,412849,137,2,1,24,2,1,44,0.001,0.001,,,,,NVIDIA A100-SXM4-40GB MIG 4g.20gb (0),1,,13,"void ch_est::chEstFilterNoDftSOfdmDispatchKernel<float, __half, float, (unsigned int)2>(ch_est::puschRxChEstStatDescr_t *, ch_est::puschRxChEstDynDescr_t *)"
5874301584,4736,412850,137,2,1,24,2,1,44,0.001,0.001,,,,,NVIDIA A100-SXM4-40GB MIG 4g.20gb (0),1,,13,"void ch_est::chEstFilterNoDftSOfdmDispatchKernel<float, __half, float, (unsigned int)2>(ch_est::puschRxChEstStatDescr_t *, ch_est::puschRxChEstDynDescr_t *)"
5874320944,2656,412861,103,1,1,128,1,1,16,0.000,0.000,,,,,NVIDIA A100-SXM4-40GB MIG 4g.20gb (0),1,,13,cupy_copy__complex64_complex64
5874337392,12320,412871,1434,1,1,128,1,1,16,0.000,0.000,,,,,NVIDIA A100-SXM4-40GB MIG 4g.20gb (0),1,,13,cupy_copy__complex64_complex64
5874357072,2943,412878,103,1,1,128,1,1,16,0.000,0.000,,,,,NVIDIA A100-SXM4-40GB MIG 4g.20gb (0),1,,13,cupy_copy__complex64_complex64
5874382031,84991,412885,1,1,1,32,32,1,30,0.000,0.000,,,,,NVIDIA A100-SXM4-40GB MIG 4g.20gb (0),1,,13,"void convert_kernel<__half2, float2>(tensor_layout_any, T1 *, tensor_layout_any, const T2 *)"
5874498382,25471,412888,,,,,,,,,,0.094,3678.505,Pinned,Device,NVIDIA A100-SXM4-40GB MIG 4g.20gb (0),1,,13,[CUDA memcpy Host-to-Device]
5874551757,47456,412889,,,,,,,,,,35.810,754586.634,Device,,NVIDIA A100-SXM4-40GB MIG 4g.20gb (0),1,,13,[CUDA memset]
5874603820,16224,412891,,,,,,,,,,0.000,4.931,Pinned,Device,NVIDIA A100-SXM4-40GB MIG 4g.20gb (0),1,,13,[CUDA memcpy Host-to-Device]
5874626380,27616,412892,,,,,,,,,,0.197,7119.176,Pinned,Device,NVIDIA A100-SXM4-40GB MIG 4g.20gb (0),1,,13,[CUDA memcpy Host-to-Device]
5874672172,10176,412893,273,1,1,48,1,1,40,0.000,0.001,,,,,NVIDIA A100-SXM4-40GB MIG 4g.20gb (0),1,,13,"void pusch_noise_intf_est::noiseIntfEstNoDftSOfdmKernel<float, __half, float, float, (unsigned int)2, (unsigned int)1, (unsigned char)4, (unsigned char)4>(pusch_noise_intf_est::puschRxNoiseIntfEstDynDescr)"
5874688715,2784,412904,35,1,1,128,1,1,16,0.000,0.000,,,,,NVIDIA A100-SXM4-40GB MIG 4g.20gb (0),1,,13,cupy_copy__complex64_complex64
5874705323,1728,412913,1,1,1,1,1,1,18,0.000,0.000,,,,,NVIDIA A100-SXM4-40GB MIG 4g.20gb (0),1,,13,cupy_copy__float32_float32
5874712683,8576,412919,,,,,,,,,,0.000,0.466,Device,Pageable,NVIDIA A100-SXM4-40GB MIG 4g.20gb (0),1,,7,[CUDA memcpy Device-to-Host]
5874796426,12832,412930,1434,1,1,128,1,1,16,0.000,0.000,,,,,NVIDIA A100-SXM4-40GB MIG 4g.20gb (0),1,,13,cupy_copy__complex64_complex64
5874827850,2912,412937,103,1,1,128,1,1,16,0.000,0.000,,,,,NVIDIA A100-SXM4-40GB MIG 4g.20gb (0),1,,13,cupy_copy__complex64_complex64
5874843786,2687,412944,35,1,1,128,1,1,16,0.000,0.000,,,,,NVIDIA A100-SXM4-40GB MIG 4g.20gb (0),1,,13,cupy_copy__complex64_complex64
5874868457,1984,412951,1,1,1,1,1,1,18,0.000,0.000,,,,,NVIDIA A100-SXM4-40GB MIG 4g.20gb (0),1,,13,cupy_copy__float32_float32
5875001832,81407,412962,1,1,1,32,32,1,30,0.000,0.000,,,,,NVIDIA A100-SXM4-40GB MIG 4g.20gb (0),1,,13,"void convert_kernel<__half2, float2>(tensor_layout_any, T1 *, tensor_layout_any, const T2 *)"
5875111334,5920,412965,,,,,,,,,,0.094,15826.941,Pinned,Device,NVIDIA A100-SXM4-40GB MIG 4g.20gb (0),1,,13,[CUDA memcpy Host-to-Device]
5875125414,3328,412966,,,,,,,,,,1.547,464729.580,Device,,NVIDIA A100-SXM4-40GB MIG 4g.20gb (0),1,,13,[CUDA memset]
5875132294,3392,412971,,,,,,,,,,0.031,9226.405,Pinned,Device,NVIDIA A100-SXM4-40GB MIG 4g.20gb (0),1,,13,[CUDA memcpy Host-to-Device]
5875138022,9280,412972,,,,,,,,,,0.197,21186.085,Pinned,Device,NVIDIA A100-SXM4-40GB MIG 4g.20gb (0),1,,13,[CUDA memcpy Host-to-Device]
5875153222,6208,412973,273,1,1,8,4,1,39,0.002,0.000,,,,,NVIDIA A100-SXM4-40GB MIG 4g.20gb (0),1,,13,"void channel_eq::eqMmseCoefCompLowMimoKernel<float, float, float, (unsigned int)4, (unsigned int)1, (unsigned int)4>(const channel_eq::_puschRxChEqStatDescr *, channel_eq::_puschRxChEqCoefCompDynDescr)"
5875162182,6016,412974,273,1,1,12,11,1,51,0.002,0.000,,,,,NVIDIA A100-SXM4-40GB MIG 4g.20gb (0),1,,13,"void channel_eq::eqMmseSoftDemapKernel<float, __half, __half, float, (unsigned int)4, (unsigned short)16383>(channel_eq::_puschRxChEqStatDescr *, channel_eq::_puschRxChEqSoftDemapDynDescr)"
5875169318,282268,412975,1,1,1,32,32,1,30,0.000,0.000,,,,,NVIDIA A100-SXM4-40GB MIG 4g.20gb (0),1,,13,"void convert_kernel<float2, __half2>(tensor_layout_any, T1 *, tensor_layout_any, const T2 *)"
5875452706,11136,412987,2253,1,1,128,1,1,16,0.000,0.000,,,,,NVIDIA A100-SXM4-40GB MIG 4g.20gb (0),1,,13,cupy_copy__float16_float16
5875468162,3392,412996,282,1,1,128,1,1,16,0.000,0.000,,,,,NVIDIA A100-SXM4-40GB MIG 4g.20gb (0),1,,13,cupy_copy__complex64_complex64
5875473442,2368,413005,26,1,1,128,1,1,16,0.000,0.000,,,,,NVIDIA A100-SXM4-40GB MIG 4g.20gb (0),1,,13,cupy_copy__float32_float32
5875477730,2816,413014,103,1,1,128,1,1,16,0.000,0.000,,,,,NVIDIA A100-SXM4-40GB MIG 4g.20gb (0),1,,13,cupy_copy__complex64_complex64
5875481506,12320,413024,1434,1,1,128,1,1,16,0.000,0.000,,,,,NVIDIA A100-SXM4-40GB MIG 4g.20gb (0),1,,13,cupy_copy__complex64_complex64
5875499233,82271,413029,1,1,1,32,32,1,30,0.000,0.000,,,,,NVIDIA A100-SXM4-40GB MIG 4g.20gb (0),1,,13,"void convert_kernel<__half2, float2>(tensor_layout_any, T1 *, tensor_layout_any, const T2 *)"
5875608512,5568,413032,,,,,,,,,,0.094,16827.521,Pinned,Device,NVIDIA A100-SXM4-40GB MIG 4g.20gb (0),1,,13,[CUDA memcpy Host-to-Device]
5875618368,599737,413033,,,,,,,,,,456.561,761087.920,Device,,NVIDIA A100-SXM4-40GB MIG 4g.20gb (0),1,,13,[CUDA memset]
5876219225,53151,413038,,,,,,,,,,1.235,23234.236,Pinned,Device,NVIDIA A100-SXM4-40GB MIG 4g.20gb (0),1,,13,[CUDA memcpy Host-to-Device]
5876274840,10528,413039,,,,,,,,,,0.197,18674.614,Pinned,Device,NVIDIA A100-SXM4-40GB MIG 4g.20gb (0),1,,13,[CUDA memcpy Host-to-Device]
5876290200,8160,413040,69,4,1,48,1,1,76,0.002,0.000,,,,,NVIDIA A100-SXM4-40GB MIG 4g.20gb (0),1,,13,"void ch_est::windowedChEstPreNoDftSOfdmKernel<float, __half, float, (unsigned int)2, (unsigned int)1, (unsigned short)4>(ch_est::puschRxChEstStatDescr_t *, ch_est::puschRxChEstDynDescr_t *)"
5876300056,6815,413041,137,2,1,24,2,1,44,0.001,0.001,,,,,NVIDIA A100-SXM4-40GB MIG 4g.20gb (0),1,,13,"void ch_est::chEstFilterNoDftSOfdmDispatchKernel<float, __half, float, (unsigned int)2>(ch_est::puschRxChEstStatDescr_t *, ch_est::puschRxChEstDynDescr_t *)"
5876310903,4864,413042,137,2,1,24,2,1,44,0.001,0.001,,,,,NVIDIA A100-SXM4-40GB MIG 4g.20gb (0),1,,13,"void ch_est::chEstFilterNoDftSOfdmDispatchKernel<float, __half, float, (unsigned int)2>(ch_est::puschRxChEstStatDescr_t *, ch_est::puschRxChEstDynDescr_t *)"
5876319799,2496,413053,103,1,1,128,1,1,16,0.000,0.000,,,,,NVIDIA A100-SXM4-40GB MIG 4g.20gb (0),1,,13,cupy_copy__complex64_complex64
5876326871,12800,413063,1434,1,1,128,1,1,16,0.000,0.000,,,,,NVIDIA A100-SXM4-40GB MIG 4g.20gb (0),1,,13,cupy_copy__complex64_complex64
5876341559,2912,413070,103,1,1,128,1,1,16,0.000,0.000,,,,,NVIDIA A100-SXM4-40GB MIG 4g.20gb (0),1,,13,cupy_copy__complex64_complex64
5876349431,87615,413077,1,1,1,32,32,1,30,0.000,0.000,,,,,NVIDIA A100-SXM4-40GB MIG 4g.20gb (0),1,,13,"void convert_kernel<__half2, float2>(tensor_layout_any, T1 *, tensor_layout_any, const T2 *)"
5876464502,5567,413080,,,,,,,,,,0.094,16830.519,Pinned,Device,NVIDIA A100-SXM4-40GB MIG 4g.20gb (0),1,,13,[CUDA memcpy Host-to-Device]
5876476789,46880,413081,,,,,,,,,,35.810,763861.404,Device,,NVIDIA A100-SXM4-40GB MIG 4g.20gb (0),1,,13,[CUDA memset]
5876530261,2912,413083,,,,,,,,,,0.000,27.472,Pinned,Device,NVIDIA A100-SXM4-40GB MIG 4g.20gb (0),1,,13,[CUDA memcpy Host-to-Device]
5876537429,13087,413084,,,,,,,,,,0.197,15023.014,Pinned,Device,NVIDIA A100-SXM4-40GB MIG 4g.20gb (0),1,,13,[CUDA memcpy Host-to-Device]
5876555732,10432,413085,273,1,1,48,1,1,40,0.000,0.001,,,,,NVIDIA A100-SXM4-40GB MIG 4g.20gb (0),1,,13,"void pusch_noise_intf_est::noiseIntfEstNoDftSOfdmKernel<float, __half, float, float, (unsigned int)2, (unsigned int)1, (unsigned char)4, (unsigned char)4>(pusch_noise_intf_est::puschRxNoiseIntfEstDynDescr)"
5876570708,2752,413096,35,1,1,128,1,1,16,0.000,0.000,,,,,NVIDIA A100-SXM4-40GB MIG 4g.20gb (0),1,,13,cupy_copy__complex64_complex64
5876587700,1920,413105,1,1,1,1,1,1,18,0.000,0.000,,,,,NVIDIA A100-SXM4-40GB MIG 4g.20gb (0),1,,13,cupy_copy__float32_float32
5876616276,1728,413111,,,,,,,,,,0.000,2.315,Device,Pageable,NVIDIA A100-SXM4-40GB MIG 4g.20gb (0),1,,7,[CUDA memcpy Device-to-Host]
5876677651,12640,413122,1434,1,1,128,1,1,16,0.000,0.000,,,,,NVIDIA A100-SXM4-40GB MIG 4g.20gb (0),1,,13,cupy_copy__complex64_complex64
5876702355,2912,413129,103,1,1,128,1,1,16,0.000,0.000,,,,,NVIDIA A100-SXM4-40GB MIG 4g.20gb (0),1,,13,cupy_copy__complex64_complex64
5876728498,2656,413136,35,1,1,128,1,1,16,0.000,0.000,,,,,NVIDIA A100-SXM4-40GB MIG 4g.20gb (0),1,,13,cupy_copy__complex64_complex64
5876744978,1760,413143,1,1,1,1,1,1,18,0.000,0.000,,,,,NVIDIA A100-SXM4-40GB MIG 4g.20gb (0),1,,13,cupy_copy__float32_float32
5876875952,82239,413154,1,1,1,32,32,1,30,0.000,0.000,,,,,NVIDIA A100-SXM4-40GB MIG 4g.20gb (0),1,,13,"void convert_kernel<__half2, float2>(tensor_layout_any, T1 *, tensor_layout_any, const T2 *)"
5876985327,5536,413157,,,,,,,,,,0.094,16924.777,Pinned,Device,NVIDIA A100-SXM4-40GB MIG 4g.20gb (0),1,,13,[CUDA memcpy Host-to-Device]
5876999471,3008,413158,,,,,,,,,,1.547,514168.962,Device,,NVIDIA A100-SXM4-40GB MIG 4g.20gb (0),1,,13,[CUDA memset]
5877006351,3104,413163,,,,,,,,,,0.031,10082.445,Pinned,Device,NVIDIA A100-SXM4-40GB MIG 4g.20gb (0),1,,13,[CUDA memcpy Host-to-Device]
5877011887,9696,413164,,,,,,,,,,0.197,20277.166,Pinned,Device,NVIDIA A100-SXM4-40GB MIG 4g.20gb (0),1,,13,[CUDA memcpy Host-to-Device]
5877027567,6592,413165,273,1,1,8,4,1,39,0.002,0.000,,,,,NVIDIA A100-SXM4-40GB MIG 4g.20gb (0),1,,13,"void channel_eq::eqMmseCoefCompLowMimoKernel<float, float, float, (unsigned int)4, (unsigned int)1, (unsigned int)4>(const channel_eq::_puschRxChEqStatDescr *, channel_eq::_puschRxChEqCoefCompDynDescr)"
5877037550,5376,413166,273,1,1,12,11,1,51,0.002,0.000,,,,,NVIDIA A100-SXM4-40GB MIG 4g.20gb (0),1,,13,"void channel_eq::eqMmseSoftDemapKernel<float, __half, __half, float, (unsigned int)4, (unsigned short)16383>(channel_eq::_puschRxChEqStatDescr *, channel_eq::_puschRxChEqSoftDemapDynDescr)"
5877046478,282685,413167,1,1,1,32,32,1,30,0.000,0.000,,,,,NVIDIA A100-SXM4-40GB MIG 4g.20gb (0),1,,13,"void convert_kernel<float2, __half2>(tensor_layout_any, T1 *, tensor_layout_any, const T2 *)"
5877330187,11008,413179,2253,1,1,128,1,1,16,0.000,0.000,,,,,NVIDIA A100-SXM4-40GB MIG 4g.20gb (0),1,,13,cupy_copy__float16_float16
5877344363,3456,413188,282,1,1,128,1,1,16,0.000,0.000,,,,,NVIDIA A100-SXM4-40GB MIG 4g.20gb (0),1,,13,cupy_copy__complex64_complex64
5877350667,2368,413197,26,1,1,128,1,1,16,0.000,0.000,,,,,NVIDIA A100-SXM4-40GB MIG 4g.20gb (0),1,,13,cupy_copy__float32_float32
5877354379,2784,413206,103,1,1,128,1,1,16,0.000,0.000,,,,,NVIDIA A100-SXM4-40GB MIG 4g.20gb (0),1,,13,cupy_copy__complex64_complex64
5877358763,12383,413216,1434,1,1,128,1,1,16,0.000,0.000,,,,,NVIDIA A100-SXM4-40GB MIG 4g.20gb (0),1,,13,cupy_copy__complex64_complex64
5877375818,82175,413221,1,1,1,32,32,1,30,0.000,0.000,,,,,NVIDIA A100-SXM4-40GB MIG 4g.20gb (0),1,,13,"void convert_kernel<__half2, float2>(tensor_layout_any, T1 *, tensor_layout_any, const T2 *)"
5877484873,5600,413224,,,,,,,,,,0.094,16731.388,Pinned,Device,NVIDIA A100-SXM4-40GB MIG 4g.20gb (0),1,,13,[CUDA memcpy Host-to-Device]
5877497577,595608,413225,,,,,,,,,,456.561,766110.096,Device,,NVIDIA A100-SXM4-40GB MIG 4g.20gb (0),1,,13,[CUDA memset]
5878101697,135391,413230,,,,,,,,,,1.235,9121.296,Pinned,Device,NVIDIA A100-SXM4-40GB MIG 4g.20gb (0),1,,13,[CUDA memcpy Host-to-Device]
5878248192,39903,413231,,,,,,,,,,0.197,4926.996,Pinned,Device,NVIDIA A100-SXM4-40GB MIG 4g.20gb (0),1,,13,[CUDA memcpy Host-to-Device]
5878309183,7808,413232,69,4,1,48,1,1,76,0.002,0.000,,,,,NVIDIA A100-SXM4-40GB MIG 4g.20gb (0),1,,13,"void ch_est::windowedChEstPreNoDftSOfdmKernel<float, __half, float, (unsigned int)2, (unsigned int)1, (unsigned short)4>(ch_est::puschRxChEstStatDescr_t *, ch_est::puschRxChEstDynDescr_t *)"
5878324607,6400,413233,137,2,1,24,2,1,44,0.001,0.001,,,,,NVIDIA A100-SXM4-40GB MIG 4g.20gb (0),1,,13,"void ch_est::chEstFilterNoDftSOfdmDispatchKernel<float, __half, float, (unsigned int)2>(ch_est::puschRxChEstStatDescr_t *, ch_est::puschRxChEstDynDescr_t *)"
5878339486,5280,413234,137,2,1,24,2,1,44,0.001,0.001,,,,,NVIDIA A100-SXM4-40GB MIG 4g.20gb (0),1,,13,"void ch_est::chEstFilterNoDftSOfdmDispatchKernel<float, __half, float, (unsigned int)2>(ch_est::puschRxChEstStatDescr_t *, ch_est::puschRxChEstDynDescr_t *)"
5878351422,2784,413245,103,1,1,128,1,1,16,0.000,0.000,,,,,NVIDIA A100-SXM4-40GB MIG 4g.20gb (0),1,,13,cupy_copy__complex64_complex64
5878363870,12544,413255,1434,1,1,128,1,1,16,0.000,0.000,,,,,NVIDIA A100-SXM4-40GB MIG 4g.20gb (0),1,,13,cupy_copy__complex64_complex64
5878382526,2656,413262,103,1,1,128,1,1,16,0.000,0.000,,,,,NVIDIA A100-SXM4-40GB MIG 4g.20gb (0),1,,13,cupy_copy__complex64_complex64
5878394142,83647,413269,1,1,1,32,32,1,30,0.000,0.000,,,,,NVIDIA A100-SXM4-40GB MIG 4g.20gb (0),1,,13,"void convert_kernel<__half2, float2>(tensor_layout_any, T1 *, tensor_layout_any, const T2 *)"
5878505244,5888,413272,,,,,,,,,,0.094,15912.954,Pinned,Device,NVIDIA A100-SXM4-40GB MIG 4g.20gb (0),1,,13,[CUDA memcpy Host-to-Device]
5878517180,46976,413273,,,,,,,,,,35.810,762285.767,Device,,NVIDIA A100-SXM4-40GB MIG 4g.20gb (0),1,,13,[CUDA memset]
5878570748,4480,413275,,,,,,,,,,0.000,17.857,Pinned,Device,NVIDIA A100-SXM4-40GB MIG 4g.20gb (0),1,,13,[CUDA memcpy Host-to-Device]
5878579451,13472,413276,,,,,,,,,,0.197,14593.819,Pinned,Device,NVIDIA A100-SXM4-40GB MIG 4g.20gb (0),1,,13,[CUDA memcpy Host-to-Device]
5878601211,12800,413277,273,1,1,48,1,1,40,0.000,0.001,,,,,NVIDIA A100-SXM4-40GB MIG 4g.20gb (0),1,,13,"void pusch_noise_intf_est::noiseIntfEstNoDftSOfdmKernel<float, __half, float, float, (unsigned int)2, (unsigned int)1, (unsigned char)4, (unsigned char)4>(pusch_noise_intf_est::puschRxNoiseIntfEstDynDescr)"
5878619227,2880,413288,35,1,1,128,1,1,16,0.000,0.000,,,,,NVIDIA A100-SXM4-40GB MIG 4g.20gb (0),1,,13,cupy_copy__complex64_complex64
5878624635,1920,413297,1,1,1,1,1,1,18,0.000,0.000,,,,,NVIDIA A100-SXM4-40GB MIG 4g.20gb (0),1,,13,cupy_copy__float32_float32
5878655931,1856,413303,,,,,,,,,,0.000,2.155,Device,Pageable,NVIDIA A100-SXM4-40GB MIG 4g.20gb (0),1,,7,[CUDA memcpy Device-to-Host]
5878715994,12960,413314,1434,1,1,128,1,1,16,0.000,0.000,,,,,NVIDIA A100-SXM4-40GB MIG 4g.20gb (0),1,,13,cupy_copy__complex64_complex64
5878746265,2944,413321,103,1,1,128,1,1,16,0.000,0.000,,,,,NVIDIA A100-SXM4-40GB MIG 4g.20gb (0),1,,13,cupy_copy__complex64_complex64
5878767033,2368,413328,35,1,1,128,1,1,16,0.000,0.000,,,,,NVIDIA A100-SXM4-40GB MIG 4g.20gb (0),1,,13,cupy_copy__complex64_complex64
5878785593,1984,413335,1,1,1,1,1,1,18,0.000,0.000,,,,,NVIDIA A100-SXM4-40GB MIG 4g.20gb (0),1,,13,cupy_copy__float32_float32
5878925271,83071,413346,1,1,1,32,32,1,30,0.000,0.000,,,,,NVIDIA A100-SXM4-40GB MIG 4g.20gb (0),1,,13,"void convert_kernel<__half2, float2>(tensor_layout_any, T1 *, tensor_layout_any, const T2 *)"
5879035734,5664,413349,,,,,,,,,,0.094,16542.310,Pinned,Device,NVIDIA A100-SXM4-40GB MIG 4g.20gb (0),1,,13,[CUDA memcpy Host-to-Device]
5879051094,3232,413350,,,,,,,,,,1.547,478533.199,Device,,NVIDIA A100-SXM4-40GB MIG 4g.20gb (0),1,,13,[CUDA memset]
5879057078,3136,413355,,,,,,,,,,0.031,9979.575,Pinned,Device,NVIDIA A100-SXM4-40GB MIG 4g.20gb (0),1,,13,[CUDA memcpy Host-to-Device]
5879062870,9887,413356,,,,,,,,,,0.197,19885.326,Pinned,Device,NVIDIA A100-SXM4-40GB MIG 4g.20gb (0),1,,13,[CUDA memcpy Host-to-Device]
5879076533,6272,413357,273,1,1,8,4,1,39,0.002,0.000,,,,,NVIDIA A100-SXM4-40GB MIG 4g.20gb (0),1,,13,"void channel_eq::eqMmseCoefCompLowMimoKernel<float, float, float, (unsigned int)4, (unsigned int)1, (unsigned int)4>(const channel_eq::_puschRxChEqStatDescr *, channel_eq::_puschRxChEqCoefCompDynDescr)"
5879083893,6208,413358,273,1,1,12,11,1,51,0.002,0.000,,,,,NVIDIA A100-SXM4-40GB MIG 4g.20gb (0),1,,13,"void channel_eq::eqMmseSoftDemapKernel<float, __half, __half, float, (unsigned int)4, (unsigned short)16383>(channel_eq::_puschRxChEqStatDescr *, channel_eq::_puschRxChEqSoftDemapDynDescr)"
5879091061,282301,413359,1,1,1,32,32,1,30,0.000,0.000,,,,,NVIDIA A100-SXM4-40GB MIG 4g.20gb (0),1,,13,"void convert_kernel<float2, __half2>(tensor_layout_any, T1 *, tensor_layout_any, const T2 *)"
5879376466,11040,413371,2253,1,1,128,1,1,16,0.000,0.000,,,,,NVIDIA A100-SXM4-40GB MIG 4g.20gb (0),1,,13,cupy_copy__float16_float16
5879389106,3295,413380,282,1,1,128,1,1,16,0.000,0.000,,,,,NVIDIA A100-SXM4-40GB MIG 4g.20gb (0),1,,13,cupy_copy__complex64_complex64
5879396177,2272,413389,26,1,1,128,1,1,16,0.000,0.000,,,,,NVIDIA A100-SXM4-40GB MIG 4g.20gb (0),1,,13,cupy_copy__float32_float32
5879401457,2944,413398,103,1,1,128,1,1,16,0.000,0.000,,,,,NVIDIA A100-SXM4-40GB MIG 4g.20gb (0),1,,13,cupy_copy__complex64_complex64
5879408305,12032,413408,1434,1,1,128,1,1,16,0.000,0.000,,,,,NVIDIA A100-SXM4-40GB MIG 4g.20gb (0),1,,13,cupy_copy__complex64_complex64
5879423249,87903,413413,1,1,1,32,32,1,30,0.000,0.000,,,,,NVIDIA A100-SXM4-40GB MIG 4g.20gb (0),1,,13,"void convert_kernel<__half2, float2>(tensor_layout_any, T1 *, tensor_layout_any, const T2 *)"
5879538928,5440,413416,,,,,,,,,,0.094,17223.480,Pinned,Device,NVIDIA A100-SXM4-40GB MIG 4g.20gb (0),1,,13,[CUDA memcpy Host-to-Device]
5879548912,600696,413417,,,,,,,,,,456.561,759718.236,Device,,NVIDIA A100-SXM4-40GB MIG 4g.20gb (0),1,,13,[CUDA memset]
5880154152,162398,413422,,,,,,,,,,1.235,7603.550,Pinned,Device,NVIDIA A100-SXM4-40GB MIG 4g.20gb (0),1,,13,[CUDA memcpy Host-to-Device]
5880329926,39871,413423,,,,,,,,,,0.197,4930.929,Pinned,Device,NVIDIA A100-SXM4-40GB MIG 4g.20gb (0),1,,13,[CUDA memcpy Host-to-Device]
5880399397,8448,413424,69,4,1,48,1,1,76,0.002,0.000,,,,,NVIDIA A100-SXM4-40GB MIG 4g.20gb (0),1,,13,"void ch_est::windowedChEstPreNoDftSOfdmKernel<float, __half, float, (unsigned int)2, (unsigned int)1, (unsigned short)4>(ch_est::puschRxChEstStatDescr_t *, ch_est::puschRxChEstDynDescr_t *)"
5880417317,6656,413425,137,2,1,24,2,1,44,0.001,0.001,,,,,NVIDIA A100-SXM4-40GB MIG 4g.20gb (0),1,,13,"void ch_est::chEstFilterNoDftSOfdmDispatchKernel<float, __half, float, (unsigned int)2>(ch_est::puschRxChEstStatDescr_t *, ch_est::puschRxChEstDynDescr_t *)"
5880436997,4736,413426,137,2,1,24,2,1,44,0.001,0.001,,,,,NVIDIA A100-SXM4-40GB MIG 4g.20gb (0),1,,13,"void ch_est::chEstFilterNoDftSOfdmDispatchKernel<float, __half, float, (unsigned int)2>(ch_est::puschRxChEstStatDescr_t *, ch_est::puschRxChEstDynDescr_t *)"
5880453540,2752,413437,103,1,1,128,1,1,16,0.000,0.000,,,,,NVIDIA A100-SXM4-40GB MIG 4g.20gb (0),1,,13,cupy_copy__complex64_complex64
5880470852,12576,413447,1434,1,1,128,1,1,16,0.000,0.000,,,,,NVIDIA A100-SXM4-40GB MIG 4g.20gb (0),1,,13,cupy_copy__complex64_complex64
5880492772,2560,413454,103,1,1,128,1,1,16,0.000,0.000,,,,,NVIDIA A100-SXM4-40GB MIG 4g.20gb (0),1,,13,cupy_copy__complex64_complex64
5880514980,95998,413461,1,1,1,32,32,1,30,0.000,0.000,,,,,NVIDIA A100-SXM4-40GB MIG 4g.20gb (0),1,,13,"void convert_kernel<__half2, float2>(tensor_layout_any, T1 *, tensor_layout_any, const T2 *)"
5880642946,16320,413464,,,,,,,,,,0.094,5741.129,Pinned,Device,NVIDIA A100-SXM4-40GB MIG 4g.20gb (0),1,,13,[CUDA memcpy Host-to-Device]
5880666754,47231,413465,,,,,,,,,,35.810,758167.626,Device,,NVIDIA A100-SXM4-40GB MIG 4g.20gb (0),1,,13,[CUDA memset]
5880716769,9024,413467,,,,,,,,,,0.000,8.865,Pinned,Device,NVIDIA A100-SXM4-40GB MIG 4g.20gb (0),1,,13,[CUDA memcpy Host-to-Device]
5880733249,15904,413468,,,,,,,,,,0.197,12362.121,Pinned,Device,NVIDIA A100-SXM4-40GB MIG 4g.20gb (0),1,,13,[CUDA memcpy Host-to-Device]
5880762465,12543,413469,273,1,1,48,1,1,40,0.000,0.001,,,,,NVIDIA A100-SXM4-40GB MIG 4g.20gb (0),1,,13,"void pusch_noise_intf_est::noiseIntfEstNoDftSOfdmKernel<float, __half, float, float, (unsigned int)2, (unsigned int)1, (unsigned char)4, (unsigned char)4>(pusch_noise_intf_est::puschRxNoiseIntfEstDynDescr)"
5880781216,3040,413480,35,1,1,128,1,1,16,0.000,0.000,,,,,NVIDIA A100-SXM4-40GB MIG 4g.20gb (0),1,,13,cupy_copy__complex64_complex64
5880788064,1792,413489,1,1,1,1,1,1,18,0.000,0.000,,,,,NVIDIA A100-SXM4-40GB MIG 4g.20gb (0),1,,13,cupy_copy__float32_float32
5880792448,4160,413495,,,,,,,,,,0.000,0.962,Device,Pageable,NVIDIA A100-SXM4-40GB MIG 4g.20gb (0),1,,7,[CUDA memcpy Device-to-Host]
5880864287,12864,413506,1434,1,1,128,1,1,16,0.000,0.000,,,,,NVIDIA A100-SXM4-40GB MIG 4g.20gb (0),1,,13,cupy_copy__complex64_complex64
5880891711,3072,413513,103,1,1,128,1,1,16,0.000,0.000,,,,,NVIDIA A100-SXM4-40GB MIG 4g.20gb (0),1,,13,cupy_copy__complex64_complex64
5880912159,2304,413520,35,1,1,128,1,1,16,0.000,0.000,,,,,NVIDIA A100-SXM4-40GB MIG 4g.20gb (0),1,,13,cupy_copy__complex64_complex64
5880929727,1792,413527,1,1,1,1,1,1,18,0.000,0.000,,,,,NVIDIA A100-SXM4-40GB MIG 4g.20gb (0),1,,13,cupy_copy__float32_float32
5881063229,87679,413538,1,1,1,32,32,1,30,0.000,0.000,,,,,NVIDIA A100-SXM4-40GB MIG 4g.20gb (0),1,,13,"void convert_kernel<__half2, float2>(tensor_layout_any, T1 *, tensor_layout_any, const T2 *)"
5881178363,5600,413541,,,,,,,,,,0.094,16731.388,Pinned,Device,NVIDIA A100-SXM4-40GB MIG 4g.20gb (0),1,,13,[CUDA memcpy Host-to-Device]
5881193179,3232,413542,,,,,,,,,,1.547,478533.199,Device,,NVIDIA A100-SXM4-40GB MIG 4g.20gb (0),1,,13,[CUDA memset]
5881200059,3392,413547,,,,,,,,,,0.031,9226.405,Pinned,Device,NVIDIA A100-SXM4-40GB MIG 4g.20gb (0),1,,13,[CUDA memcpy Host-to-Device]
5881206427,10496,413548,,,,,,,,,,0.197,18731.631,Pinned,Device,NVIDIA A100-SXM4-40GB MIG 4g.20gb (0),1,,13,[CUDA memcpy Host-to-Device]
5881222619,7936,413549,273,1,1,8,4,1,39,0.002,0.000,,,,,NVIDIA A100-SXM4-40GB MIG 4g.20gb (0),1,,13,"void channel_eq::eqMmseCoefCompLowMimoKernel<float, float, float, (unsigned int)4, (unsigned int)1, (unsigned int)4>(const channel_eq::_puschRxChEqStatDescr *, channel_eq::_puschRxChEqCoefCompDynDescr)"
5881231931,5920,413550,273,1,1,12,11,1,51,0.002,0.000,,,,,NVIDIA A100-SXM4-40GB MIG 4g.20gb (0),1,,13,"void channel_eq::eqMmseSoftDemapKernel<float, __half, __half, float, (unsigned int)4, (unsigned short)16383>(channel_eq::_puschRxChEqStatDescr *, channel_eq::_puschRxChEqSoftDemapDynDescr)"
5881239643,295260,413551,1,1,1,32,32,1,30,0.000,0.000,,,,,NVIDIA A100-SXM4-40GB MIG 4g.20gb (0),1,,13,"void convert_kernel<float2, __half2>(tensor_layout_any, T1 *, tensor_layout_any, const T2 *)"
5881536311,10848,413563,2253,1,1,128,1,1,16,0.000,0.000,,,,,NVIDIA A100-SXM4-40GB MIG 4g.20gb (0),1,,13,cupy_copy__float16_float16
5881549367,3072,413572,282,1,1,128,1,1,16,0.000,0.000,,,,,NVIDIA A100-SXM4-40GB MIG 4g.20gb (0),1,,13,cupy_copy__complex64_complex64
5881553399,2016,413581,26,1,1,128,1,1,16,0.000,0.000,,,,,NVIDIA A100-SXM4-40GB MIG 4g.20gb (0),1,,13,cupy_copy__float32_float32
5881558903,2816,413590,103,1,1,128,1,1,16,0.000,0.000,,,,,NVIDIA A100-SXM4-40GB MIG 4g.20gb (0),1,,13,cupy_copy__complex64_complex64
5881611190,11968,413606,1434,1,1,128,1,1,16,0.000,0.000,,,,,NVIDIA A100-SXM4-40GB MIG 4g.20gb (0),1,,13,cupy_copy__complex64_complex64
5881731733,81983,413611,1,1,1,32,32,1,30,0.000,0.000,,,,,NVIDIA A100-SXM4-40GB MIG 4g.20gb (0),1,,13,"void convert_kernel<__half2, float2>(tensor_layout_any, T1 *, tensor_layout_any, const T2 *)"
5881841363,5984,413614,,,,,,,,,,0.094,15657.726,Pinned,Device,NVIDIA A100-SXM4-40GB MIG 4g.20gb (0),1,,13,[CUDA memcpy Host-to-Device]
5881852947,599353,413615,,,,,,,,,,456.561,761544.482,Device,,NVIDIA A100-SXM4-40GB MIG 4g.20gb (0),1,,13,[CUDA memset]
5882458828,143422,413620,,,,,,,,,,1.235,8610.030,Pinned,Device,NVIDIA A100-SXM4-40GB MIG 4g.20gb (0),1,,13,[CUDA memcpy Host-to-Device]
5882615274,39807,413621,,,,,,,,,,0.197,4938.990,Pinned,Device,NVIDIA A100-SXM4-40GB MIG 4g.20gb (0),1,,13,[CUDA memcpy Host-to-Device]
5882685449,8448,413622,69,4,1,48,1,1,76,0.002,0.000,,,,,NVIDIA A100-SXM4-40GB MIG 4g.20gb (0),1,,13,"void ch_est::windowedChEstPreNoDftSOfdmKernel<float, __half, float, (unsigned int)2, (unsigned int)1, (unsigned short)4>(ch_est::puschRxChEstStatDescr_t *, ch_est::puschRxChEstDynDescr_t *)"
5882705033,6720,413623,137,2,1,24,2,1,44,0.001,0.001,,,,,NVIDIA A100-SXM4-40GB MIG 4g.20gb (0),1,,13,"void ch_est::chEstFilterNoDftSOfdmDispatchKernel<float, __half, float, (unsigned int)2>(ch_est::puschRxChEstStatDescr_t *, ch_est::puschRxChEstDynDescr_t *)"
5882721864,4736,413624,137,2,1,24,2,1,44,0.001,0.001,,,,,NVIDIA A100-SXM4-40GB MIG 4g.20gb (0),1,,13,"void ch_est::chEstFilterNoDftSOfdmDispatchKernel<float, __half, float, (unsigned int)2>(ch_est::puschRxChEstStatDescr_t *, ch_est::puschRxChEstDynDescr_t *)"
5882741384,2624,413635,103,1,1,128,1,1,16,0.000,0.000,,,,,NVIDIA A100-SXM4-40GB MIG 4g.20gb (0),1,,13,cupy_copy__complex64_complex64
5882758216,12448,413645,1434,1,1,128,1,1,16,0.000,0.000,,,,,NVIDIA A100-SXM4-40GB MIG 4g.20gb (0),1,,13,cupy_copy__complex64_complex64
5882777672,2944,413652,103,1,1,128,1,1,16,0.000,0.000,,,,,NVIDIA A100-SXM4-40GB MIG 4g.20gb (0),1,,13,cupy_copy__complex64_complex64
5882804103,98175,413659,1,1,1,32,32,1,30,0.000,0.000,,,,,NVIDIA A100-SXM4-40GB MIG 4g.20gb (0),1,,13,"void convert_kernel<__half2, float2>(tensor_layout_any, T1 *, tensor_layout_any, const T2 *)"
5882937574,25119,413662,,,,,,,,,,0.094,3730.038,Pinned,Device,NVIDIA A100-SXM4-40GB MIG 4g.20gb (0),1,,13,[CUDA memcpy Host-to-Device]
5882977701,47392,413663,,,,,,,,,,35.810,755589.312,Device,,NVIDIA A100-SXM4-40GB MIG 4g.20gb (0),1,,13,[CUDA memset]
5883030533,8512,413665,,,,,,,,,,0.000,9.398,Pinned,Device,NVIDIA A100-SXM4-40GB MIG 4g.20gb (0),1,,13,[CUDA memcpy Host-to-Device]
5883048292,26560,413666,,,,,,,,,,0.197,7402.291,Pinned,Device,NVIDIA A100-SXM4-40GB MIG 4g.20gb (0),1,,13,[CUDA memcpy Host-to-Device]
5883087044,12704,413667,273,1,1,48,1,1,40,0.000,0.001,,,,,NVIDIA A100-SXM4-40GB MIG 4g.20gb (0),1,,13,"void pusch_noise_intf_est::noiseIntfEstNoDftSOfdmKernel<float, __half, float, float, (unsigned int)2, (unsigned int)1, (unsigned char)4, (unsigned char)4>(pusch_noise_intf_est::puschRxNoiseIntfEstDynDescr)"
5883103012,2816,413678,35,1,1,128,1,1,16,0.000,0.000,,,,,NVIDIA A100-SXM4-40GB MIG 4g.20gb (0),1,,13,cupy_copy__complex64_complex64
5883112324,1760,413687,1,1,1,1,1,1,18,0.000,0.000,,,,,NVIDIA A100-SXM4-40GB MIG 4g.20gb (0),1,,13,cupy_copy__float32_float32
5883118596,5695,413693,,,,,,,,,,0.000,0.702,Device,Pageable,NVIDIA A100-SXM4-40GB MIG 4g.20gb (0),1,,7,[CUDA memcpy Device-to-Host]
5883194371,13599,413704,1434,1,1,128,1,1,16,0.000,0.000,,,,,NVIDIA A100-SXM4-40GB MIG 4g.20gb (0),1,,13,cupy_copy__complex64_complex64
5883219458,3456,413711,103,1,1,128,1,1,16,0.000,0.000,,,,,NVIDIA A100-SXM4-40GB MIG 4g.20gb (0),1,,13,cupy_copy__complex64_complex64
5883235554,2720,413718,35,1,1,128,1,1,16,0.000,0.000,,,,,NVIDIA A100-SXM4-40GB MIG 4g.20gb (0),1,,13,cupy_copy__complex64_complex64
5883253570,1920,413725,1,1,1,1,1,1,18,0.000,0.000,,,,,NVIDIA A100-SXM4-40GB MIG 4g.20gb (0),1,,13,cupy_copy__float32_float32
5883387776,87967,413736,1,1,1,32,32,1,30,0.000,0.000,,,,,NVIDIA A100-SXM4-40GB MIG 4g.20gb (0),1,,13,"void convert_kernel<__half2, float2>(tensor_layout_any, T1 *, tensor_layout_any, const T2 *)"
5883503007,6400,413739,,,,,,,,,,0.094,14640.000,Pinned,Device,NVIDIA A100-SXM4-40GB MIG 4g.20gb (0),1,,13,[CUDA memcpy Host-to-Device]
5883518623,3392,413740,,,,,,,,,,1.547,455961.768,Device,,NVIDIA A100-SXM4-40GB MIG 4g.20gb (0),1,,13,[CUDA memset]
5883524319,3200,413745,,,,,,,,,,0.031,9780.000,Pinned,Device,NVIDIA A100-SXM4-40GB MIG 4g.20gb (0),1,,13,[CUDA memcpy Host-to-Device]
5883530046,9440,413746,,,,,,,,,,0.197,20827.079,Pinned,Device,NVIDIA A100-SXM4-40GB MIG 4g.20gb (0),1,,13,[CUDA memcpy Host-to-Device]
5883543998,6144,413747,273,1,1,8,4,1,39,0.002,0.000,,,,,NVIDIA A100-SXM4-40GB MIG 4g.20gb (0),1,,13,"void channel_eq::eqMmseCoefCompLowMimoKernel<float, float, float, (unsigned int)4, (unsigned int)1, (unsigned int)4>(const channel_eq::_puschRxChEqStatDescr *, channel_eq::_puschRxChEqCoefCompDynDescr)"
5883553086,6048,413748,273,1,1,12,11,1,51,0.002,0.000,,,,,NVIDIA A100-SXM4-40GB MIG 4g.20gb (0),1,,13,"void channel_eq::eqMmseSoftDemapKernel<float, __half, __half, float, (unsigned int)4, (unsigned short)16383>(channel_eq::_puschRxChEqStatDescr *, channel_eq::_puschRxChEqSoftDemapDynDescr)"
5883560222,294780,413749,1,1,1,32,32,1,30,0.000,0.000,,,,,NVIDIA A100-SXM4-40GB MIG 4g.20gb (0),1,,13,"void convert_kernel<float2, __half2>(tensor_layout_any, T1 *, tensor_layout_any, const T2 *)"
5883856090,11008,413761,2253,1,1,128,1,1,16,0.000,0.000,,,,,NVIDIA A100-SXM4-40GB MIG 4g.20gb (0),1,,13,cupy_copy__float16_float16
5883871386,4128,413770,282,1,1,128,1,1,16,0.000,0.000,,,,,NVIDIA A100-SXM4-40GB MIG 4g.20gb (0),1,,13,cupy_copy__complex64_complex64
5883878138,2016,413779,26,1,1,128,1,1,16,0.000,0.000,,,,,NVIDIA A100-SXM4-40GB MIG 4g.20gb (0),1,,13,cupy_copy__float32_float32
5883884762,4448,413788,103,1,1,128,1,1,16,0.000,0.000,,,,,NVIDIA A100-SXM4-40GB MIG 4g.20gb (0),1,,13,cupy_copy__complex64_complex64
5883890938,12096,413798,1434,1,1,128,1,1,16,0.000,0.000,,,,,NVIDIA A100-SXM4-40GB MIG 4g.20gb (0),1,,13,cupy_copy__complex64_complex64
5883905978,86431,413803,1,1,1,32,32,1,30,0.000,0.000,,,,,NVIDIA A100-SXM4-40GB MIG 4g.20gb (0),1,,13,"void convert_kernel<__half2, float2>(tensor_layout_any, T1 *, tensor_layout_any, const T2 *)"
5884019000,5440,413806,,,,,,,,,,0.094,17223.480,Pinned,Device,NVIDIA A100-SXM4-40GB MIG 4g.20gb (0),1,,13,[CUDA memcpy Host-to-Device]
5884029176,594361,413807,,,,,,,,,,456.561,767936.342,Device,,NVIDIA A100-SXM4-40GB MIG 4g.20gb (0),1,,13,[CUDA memset]
5884626065,144926,413812,,,,,,,,,,1.235,8521.114,Pinned,Device,NVIDIA A100-SXM4-40GB MIG 4g.20gb (0),1,,13,[CUDA memcpy Host-to-Device]
5884784079,38016,413813,,,,,,,,,,0.197,5171.577,Pinned,Device,NVIDIA A100-SXM4-40GB MIG 4g.20gb (0),1,,13,[CUDA memcpy Host-to-Device]
5884847054,7936,413814,69,4,1,48,1,1,76,0.002,0.000,,,,,NVIDIA A100-SXM4-40GB MIG 4g.20gb (0),1,,13,"void ch_est::windowedChEstPreNoDftSOfdmKernel<float, __half, float, (unsigned int)2, (unsigned int)1, (unsigned short)4>(ch_est::puschRxChEstStatDescr_t *, ch_est::puschRxChEstDynDescr_t *)"
5884864718,6624,413815,137,2,1,24,2,1,44,0.001,0.001,,,,,NVIDIA A100-SXM4-40GB MIG 4g.20gb (0),1,,13,"void ch_est::chEstFilterNoDftSOfdmDispatchKernel<float, __half, float, (unsigned int)2>(ch_est::puschRxChEstStatDescr_t *, ch_est::puschRxChEstDynDescr_t *)"
5884882126,4832,413816,137,2,1,24,2,1,44,0.001,0.001,,,,,NVIDIA A100-SXM4-40GB MIG 4g.20gb (0),1,,13,"void ch_est::chEstFilterNoDftSOfdmDispatchKernel<float, __half, float, (unsigned int)2>(ch_est::puschRxChEstStatDescr_t *, ch_est::puschRxChEstDynDescr_t *)"
5884898478,2496,413827,103,1,1,128,1,1,16,0.000,0.000,,,,,NVIDIA A100-SXM4-40GB MIG 4g.20gb (0),1,,13,cupy_copy__complex64_complex64
5884917805,12480,413837,1434,1,1,128,1,1,16,0.000,0.000,,,,,NVIDIA A100-SXM4-40GB MIG 4g.20gb (0),1,,13,cupy_copy__complex64_complex64
5884936365,2912,413844,103,1,1,128,1,1,16,0.000,0.000,,,,,NVIDIA A100-SXM4-40GB MIG 4g.20gb (0),1,,13,cupy_copy__complex64_complex64
5884962253,83551,413851,1,1,1,32,32,1,30,0.000,0.000,,,,,NVIDIA A100-SXM4-40GB MIG 4g.20gb (0),1,,13,"void convert_kernel<__half2, float2>(tensor_layout_any, T1 *, tensor_layout_any, const T2 *)"
5885076971,30304,413854,,,,,,,,,,0.094,3091.781,Pinned,Device,NVIDIA A100-SXM4-40GB MIG 4g.20gb (0),1,,13,[CUDA memcpy Host-to-Device]
5885136715,47295,413855,,,,,,,,,,35.810,757129.139,Device,,NVIDIA A100-SXM4-40GB MIG 4g.20gb (0),1,,13,[CUDA memset]
5885187978,14816,413857,,,,,,,,,,0.000,5.400,Pinned,Device,NVIDIA A100-SXM4-40GB MIG 4g.20gb (0),1,,13,[CUDA memcpy Host-to-Device]
5885215786,23455,413858,,,,,,,,,,0.197,8382.185,Pinned,Device,NVIDIA A100-SXM4-40GB MIG 4g.20gb (0),1,,13,[CUDA memcpy Host-to-Device]
5885259849,9888,413859,273,1,1,48,1,1,40,0.000,0.001,,,,,NVIDIA A100-SXM4-40GB MIG 4g.20gb (0),1,,13,"void pusch_noise_intf_est::noiseIntfEstNoDftSOfdmKernel<float, __half, float, float, (unsigned int)2, (unsigned int)1, (unsigned char)4, (unsigned char)4>(pusch_noise_intf_est::puschRxNoiseIntfEstDynDescr)"
5885276201,2656,413870,35,1,1,128,1,1,16,0.000,0.000,,,,,NVIDIA A100-SXM4-40GB MIG 4g.20gb (0),1,,13,cupy_copy__complex64_complex64
5885293417,1696,413879,1,1,1,1,1,1,18,0.000,0.000,,,,,NVIDIA A100-SXM4-40GB MIG 4g.20gb (0),1,,13,cupy_copy__float32_float32
5885299689,5408,413885,,,,,,,,,,0.000,0.740,Device,Pageable,NVIDIA A100-SXM4-40GB MIG 4g.20gb (0),1,,7,[CUDA memcpy Device-to-Host]
5885399207,12800,413896,1434,1,1,128,1,1,16,0.000,0.000,,,,,NVIDIA A100-SXM4-40GB MIG 4g.20gb (0),1,,13,cupy_copy__complex64_complex64
5885425511,2688,413903,103,1,1,128,1,1,16,0.000,0.000,,,,,NVIDIA A100-SXM4-40GB MIG 4g.20gb (0),1,,13,cupy_copy__complex64_complex64
5885441671,2560,413910,35,1,1,128,1,1,16,0.000,0.000,,,,,NVIDIA A100-SXM4-40GB MIG 4g.20gb (0),1,,13,cupy_copy__complex64_complex64
5885461895,1792,413917,1,1,1,1,1,1,18,0.000,0.000,,,,,NVIDIA A100-SXM4-40GB MIG 4g.20gb (0),1,,13,cupy_copy__float32_float32
5885588261,87167,413928,1,1,1,32,32,1,30,0.000,0.000,,,,,NVIDIA A100-SXM4-40GB MIG 4g.20gb (0),1,,13,"void convert_kernel<__half2, float2>(tensor_layout_any, T1 *, tensor_layout_any, const T2 *)"
5885705604,12128,413931,,,,,,,,,,0.094,7725.516,Pinned,Device,NVIDIA A100-SXM4-40GB MIG 4g.20gb (0),1,,13,[CUDA memcpy Host-to-Device]
5885727107,3456,413932,,,,,,,,,,1.547,447517.201,Device,,NVIDIA A100-SXM4-40GB MIG 4g.20gb (0),1,,13,[CUDA memset]
5885734563,4768,413937,,,,,,,,,,0.031,6563.741,Pinned,Device,NVIDIA A100-SXM4-40GB MIG 4g.20gb (0),1,,13,[CUDA memcpy Host-to-Device]
5885741827,12672,413938,,,,,,,,,,0.197,15515.124,Pinned,Device,NVIDIA A100-SXM4-40GB MIG 4g.20gb (0),1,,13,[CUDA memcpy Host-to-Device]
5885762403,6432,413939,273,1,1,8,4,1,39,0.002,0.000,,,,,NVIDIA A100-SXM4-40GB MIG 4g.20gb (0),1,,13,"void channel_eq::eqMmseCoefCompLowMimoKernel<float, float, float, (unsigned int)4, (unsigned int)1, (unsigned int)4>(const channel_eq::_puschRxChEqStatDescr *, channel_eq::_puschRxChEqCoefCompDynDescr)"
5885771619,6176,413940,273,1,1,12,11,1,51,0.002,0.000,,,,,NVIDIA A100-SXM4-40GB MIG 4g.20gb (0),1,,13,"void channel_eq::eqMmseSoftDemapKernel<float, __half, __half, float, (unsigned int)4, (unsigned short)16383>(channel_eq::_puschRxChEqStatDescr *, channel_eq::_puschRxChEqSoftDemapDynDescr)"
5885780963,282396,413941,1,1,1,32,32,1,30,0.000,0.000,,,,,NVIDIA A100-SXM4-40GB MIG 4g.20gb (0),1,,13,"void convert_kernel<float2, __half2>(tensor_layout_any, T1 *, tensor_layout_any, const T2 *)"
5886064927,10912,413953,2253,1,1,128,1,1,16,0.000,0.000,,,,,NVIDIA A100-SXM4-40GB MIG 4g.20gb (0),1,,13,cupy_copy__float16_float16
5886079903,3616,413962,282,1,1,128,1,1,16,0.000,0.000,,,,,NVIDIA A100-SXM4-40GB MIG 4g.20gb (0),1,,13,cupy_copy__complex64_complex64
5886085855,2048,413971,26,1,1,128,1,1,16,0.000,0.000,,,,,NVIDIA A100-SXM4-40GB MIG 4g.20gb (0),1,,13,cupy_copy__float32_float32
5886090879,3200,413980,103,1,1,128,1,1,16,0.000,0.000,,,,,NVIDIA A100-SXM4-40GB MIG 4g.20gb (0),1,,13,cupy_copy__complex64_complex64
5886095039,11904,413990,1434,1,1,128,1,1,16,0.000,0.000,,,,,NVIDIA A100-SXM4-40GB MIG 4g.20gb (0),1,,13,cupy_copy__complex64_complex64
5886110303,87039,413995,1,1,1,32,32,1,30,0.000,0.000,,,,,NVIDIA A100-SXM4-40GB MIG 4g.20gb (0),1,,13,"void convert_kernel<__half2, float2>(tensor_layout_any, T1 *, tensor_layout_any, const T2 *)"
5886225245,5472,413998,,,,,,,,,,0.094,17122.757,Pinned,Device,NVIDIA A100-SXM4-40GB MIG 4g.20gb (0),1,,13,[CUDA memcpy Host-to-Device]
5886237021,597081,413999,,,,,,,,,,456.561,764283.851,Device,,NVIDIA A100-SXM4-40GB MIG 4g.20gb (0),1,,13,[CUDA memset]
5886839158,95519,414004,,,,,,,,,,1.235,12928.629,Pinned,Device,NVIDIA A100-SXM4-40GB MIG 4g.20gb (0),1,,13,[CUDA memcpy Host-to-Device]
5886941588,17952,414005,,,,,,,,,,0.197,10951.852,Pinned,Device,NVIDIA A100-SXM4-40GB MIG 4g.20gb (0),1,,13,[CUDA memcpy Host-to-Device]
5886974324,8480,414006,69,4,1,48,1,1,76,0.002,0.000,,,,,NVIDIA A100-SXM4-40GB MIG 4g.20gb (0),1,,13,"void ch_est::windowedChEstPreNoDftSOfdmKernel<float, __half, float, (unsigned int)2, (unsigned int)1, (unsigned short)4>(ch_est::puschRxChEstStatDescr_t *, ch_est::puschRxChEstDynDescr_t *)"
5886989908,7840,414007,137,2,1,24,2,1,44,0.001,0.001,,,,,NVIDIA A100-SXM4-40GB MIG 4g.20gb (0),1,,13,"void ch_est::chEstFilterNoDftSOfdmDispatchKernel<float, __half, float, (unsigned int)2>(ch_est::puschRxChEstStatDescr_t *, ch_est::puschRxChEstDynDescr_t *)"
5887004820,6496,414008,137,2,1,24,2,1,44,0.001,0.001,,,,,NVIDIA A100-SXM4-40GB MIG 4g.20gb (0),1,,13,"void ch_est::chEstFilterNoDftSOfdmDispatchKernel<float, __half, float, (unsigned int)2>(ch_est::puschRxChEstStatDescr_t *, ch_est::puschRxChEstDynDescr_t *)"
5887019284,2719,414019,103,1,1,128,1,1,16,0.000,0.000,,,,,NVIDIA A100-SXM4-40GB MIG 4g.20gb (0),1,,13,cupy_copy__complex64_complex64
5887026931,13088,414029,1434,1,1,128,1,1,16,0.000,0.000,,,,,NVIDIA A100-SXM4-40GB MIG 4g.20gb (0),1,,13,cupy_copy__complex64_complex64
5887043955,2720,414036,103,1,1,128,1,1,16,0.000,0.000,,,,,NVIDIA A100-SXM4-40GB MIG 4g.20gb (0),1,,13,cupy_copy__complex64_complex64
5887053779,87743,414043,1,1,1,32,32,1,30,0.000,0.000,,,,,NVIDIA A100-SXM4-40GB MIG 4g.20gb (0),1,,13,"void convert_kernel<__half2, float2>(tensor_layout_any, T1 *, tensor_layout_any, const T2 *)"
5887169970,5824,414046,,,,,,,,,,0.094,16087.884,Pinned,Device,NVIDIA A100-SXM4-40GB MIG 4g.20gb (0),1,,13,[CUDA memcpy Host-to-Device]
5887182129,47936,414047,,,,,,,,,,35.810,747030.741,Device,,NVIDIA A100-SXM4-40GB MIG 4g.20gb (0),1,,13,[CUDA memset]
5887236049,4128,414049,,,,,,,,,,0.000,19.380,Pinned,Device,NVIDIA A100-SXM4-40GB MIG 4g.20gb (0),1,,13,[CUDA memcpy Host-to-Device]
5887244433,13280,414050,,,,,,,,,,0.197,14804.779,Pinned,Device,NVIDIA A100-SXM4-40GB MIG 4g.20gb (0),1,,13,[CUDA memcpy Host-to-Device]
5887269008,9568,414051,273,1,1,48,1,1,40,0.000,0.001,,,,,NVIDIA A100-SXM4-40GB MIG 4g.20gb (0),1,,13,"void pusch_noise_intf_est::noiseIntfEstNoDftSOfdmKernel<float, __half, float, float, (unsigned int)2, (unsigned int)1, (unsigned char)4, (unsigned char)4>(pusch_noise_intf_est::puschRxNoiseIntfEstDynDescr)"
5887281328,2848,414062,35,1,1,128,1,1,16,0.000,0.000,,,,,NVIDIA A100-SXM4-40GB MIG 4g.20gb (0),1,,13,cupy_copy__complex64_complex64
5887294544,1824,414071,1,1,1,1,1,1,18,0.000,0.000,,,,,NVIDIA A100-SXM4-40GB MIG 4g.20gb (0),1,,13,cupy_copy__float32_float32
5887326672,2240,414077,,,,,,,,,,0.000,1.786,Device,Pageable,NVIDIA A100-SXM4-40GB MIG 4g.20gb (0),1,,7,[CUDA memcpy Device-to-Host]
5887386479,12992,414088,1434,1,1,128,1,1,16,0.000,0.000,,,,,NVIDIA A100-SXM4-40GB MIG 4g.20gb (0),1,,13,cupy_copy__complex64_complex64
5887413071,3552,414095,103,1,1,128,1,1,16,0.000,0.000,,,,,NVIDIA A100-SXM4-40GB MIG 4g.20gb (0),1,,13,cupy_copy__complex64_complex64
5887434062,2528,414102,35,1,1,128,1,1,16,0.000,0.000,,,,,NVIDIA A100-SXM4-40GB MIG 4g.20gb (0),1,,13,cupy_copy__complex64_complex64
5887453934,1792,414109,1,1,1,1,1,1,18,0.000,0.000,,,,,NVIDIA A100-SXM4-40GB MIG 4g.20gb (0),1,,13,cupy_copy__float32_float32
5887584877,82591,414120,1,1,1,32,32,1,30,0.000,0.000,,,,,NVIDIA A100-SXM4-40GB MIG 4g.20gb (0),1,,13,"void convert_kernel<__half2, float2>(tensor_layout_any, T1 *, tensor_layout_any, const T2 *)"
5887694987,6016,414123,,,,,,,,,,0.094,15574.430,Pinned,Device,NVIDIA A100-SXM4-40GB MIG 4g.20gb (0),1,,13,[CUDA memcpy Host-to-Device]
5887709131,3104,414124,,,,,,,,,,1.547,498266.574,Device,,NVIDIA A100-SXM4-40GB MIG 4g.20gb (0),1,,13,[CUDA memset]
5887716203,3008,414129,,,,,,,,,,0.031,10404.230,Pinned,Device,NVIDIA A100-SXM4-40GB MIG 4g.20gb (0),1,,13,[CUDA memcpy Host-to-Device]
5887722123,9664,414130,,,,,,,,,,0.197,20344.209,Pinned,Device,NVIDIA A100-SXM4-40GB MIG 4g.20gb (0),1,,13,[CUDA memcpy Host-to-Device]
5887737867,6368,414131,273,1,1,8,4,1,39,0.002,0.000,,,,,NVIDIA A100-SXM4-40GB MIG 4g.20gb (0),1,,13,"void channel_eq::eqMmseCoefCompLowMimoKernel<float, float, float, (unsigned int)4, (unsigned int)1, (unsigned int)4>(const channel_eq::_puschRxChEqStatDescr *, channel_eq::_puschRxChEqCoefCompDynDescr)"
5887745163,6111,414132,273,1,1,12,11,1,51,0.002,0.000,,,,,NVIDIA A100-SXM4-40GB MIG 4g.20gb (0),1,,13,"void channel_eq::eqMmseSoftDemapKernel<float, __half, __half, float, (unsigned int)4, (unsigned short)16383>(channel_eq::_puschRxChEqStatDescr *, channel_eq::_puschRxChEqSoftDemapDynDescr)"
5887752330,282621,414133,1,1,1,32,32,1,30,0.000,0.000,,,,,NVIDIA A100-SXM4-40GB MIG 4g.20gb (0),1,,13,"void convert_kernel<float2, __half2>(tensor_layout_any, T1 *, tensor_layout_any, const T2 *)"
5888035975,11264,414145,2253,1,1,128,1,1,16,0.000,0.000,,,,,NVIDIA A100-SXM4-40GB MIG 4g.20gb (0),1,,13,cupy_copy__float16_float16
5888048519,2944,414154,282,1,1,128,1,1,16,0.000,0.000,,,,,NVIDIA A100-SXM4-40GB MIG 4g.20gb (0),1,,13,cupy_copy__complex64_complex64
5888053479,2016,414163,26,1,1,128,1,1,16,0.000,0.000,,,,,NVIDIA A100-SXM4-40GB MIG 4g.20gb (0),1,,13,cupy_copy__float32_float32
5888058471,2880,414172,103,1,1,128,1,1,16,0.000,0.000,,,,,NVIDIA A100-SXM4-40GB MIG 4g.20gb (0),1,,13,cupy_copy__complex64_complex64
5888062471,12191,414182,1434,1,1,128,1,1,16,0.000,0.000,,,,,NVIDIA A100-SXM4-40GB MIG 4g.20gb (0),1,,13,cupy_copy__complex64_complex64
5888089126,87039,414187,1,1,1,32,32,1,30,0.000,0.000,,,,,NVIDIA A100-SXM4-40GB MIG 4g.20gb (0),1,,13,"void convert_kernel<__half2, float2>(tensor_layout_any, T1 *, tensor_layout_any, const T2 *)"
5888203045,5632,414190,,,,,,,,,,0.094,16636.287,Pinned,Device,NVIDIA A100-SXM4-40GB MIG 4g.20gb (0),1,,13,[CUDA memcpy Host-to-Device]
5888212581,597272,414191,,,,,,,,,,456.561,764283.851,Device,,NVIDIA A100-SXM4-40GB MIG 4g.20gb (0),1,,13,[CUDA memset]
5888812669,129663,414196,,,,,,,,,,1.235,9523.888,Pinned,Device,NVIDIA A100-SXM4-40GB MIG 4g.20gb (0),1,,13,[CUDA memcpy Host-to-Device]
5888955836,40895,414197,,,,,,,,,,0.197,4807.459,Pinned,Device,NVIDIA A100-SXM4-40GB MIG 4g.20gb (0),1,,13,[CUDA memcpy Host-to-Device]
5889018971,7840,414198,69,4,1,48,1,1,76,0.002,0.000,,,,,NVIDIA A100-SXM4-40GB MIG 4g.20gb (0),1,,13,"void ch_est::windowedChEstPreNoDftSOfdmKernel<float, __half, float, (unsigned int)2, (unsigned int)1, (unsigned short)4>(ch_est::puschRxChEstStatDescr_t *, ch_est::puschRxChEstDynDescr_t *)"
5889038395,6944,414199,137,2,1,24,2,1,44,0.001,0.001,,,,,NVIDIA A100-SXM4-40GB MIG 4g.20gb (0),1,,13,"void ch_est::chEstFilterNoDftSOfdmDispatchKernel<float, __half, float, (unsigned int)2>(ch_est::puschRxChEstStatDescr_t *, ch_est::puschRxChEstDynDescr_t *)"
5889055930,4736,414200,137,2,1,24,2,1,44,0.001,0.001,,,,,NVIDIA A100-SXM4-40GB MIG 4g.20gb (0),1,,13,"void ch_est::chEstFilterNoDftSOfdmDispatchKernel<float, __half, float, (unsigned int)2>(ch_est::puschRxChEstStatDescr_t *, ch_est::puschRxChEstDynDescr_t *)"
5889072314,2592,414211,103,1,1,128,1,1,16,0.000,0.000,,,,,NVIDIA A100-SXM4-40GB MIG 4g.20gb (0),1,,13,cupy_copy__complex64_complex64
5889086042,12480,414221,1434,1,1,128,1,1,16,0.000,0.000,,,,,NVIDIA A100-SXM4-40GB MIG 4g.20gb (0),1,,13,cupy_copy__complex64_complex64
5889116154,2400,414228,103,1,1,128,1,1,16,0.000,0.000,,,,,NVIDIA A100-SXM4-40GB MIG 4g.20gb (0),1,,13,cupy_copy__complex64_complex64
5889130969,87679,414235,1,1,1,32,32,1,30,0.000,0.000,,,,,NVIDIA A100-SXM4-40GB MIG 4g.20gb (0),1,,13,"void convert_kernel<__half2, float2>(tensor_layout_any, T1 *, tensor_layout_any, const T2 *)"
5889248088,10336,414238,,,,,,,,,,0.094,9064.994,Pinned,Device,NVIDIA A100-SXM4-40GB MIG 4g.20gb (0),1,,13,[CUDA memcpy Host-to-Device]
5889268920,47263,414239,,,,,,,,,,35.810,757666.287,Device,,NVIDIA A100-SXM4-40GB MIG 4g.20gb (0),1,,13,[CUDA memset]
5889319671,7776,414241,,,,,,,,,,0.000,10.288,Pinned,Device,NVIDIA A100-SXM4-40GB MIG 4g.20gb (0),1,,13,[CUDA memcpy Host-to-Device]
5889336407,16608,414242,,,,,,,,,,0.197,11837.964,Pinned,Device,NVIDIA A100-SXM4-40GB MIG 4g.20gb (0),1,,13,[CUDA memcpy Host-to-Device]
5889365335,10399,414243,273,1,1,48,1,1,40,0.000,0.001,,,,,NVIDIA A100-SXM4-40GB MIG 4g.20gb (0),1,,13,"void pusch_noise_intf_est::noiseIntfEstNoDftSOfdmKernel<float, __half, float, float, (unsigned int)2, (unsigned int)1, (unsigned char)4, (unsigned char)4>(pusch_noise_intf_est::puschRxNoiseIntfEstDynDescr)"
5889383638,2752,414254,35,1,1,128,1,1,16,0.000,0.000,,,,,NVIDIA A100-SXM4-40GB MIG 4g.20gb (0),1,,13,cupy_copy__complex64_complex64
5889393846,1696,414263,1,1,1,1,1,1,18,0.000,0.000,,,,,NVIDIA A100-SXM4-40GB MIG 4g.20gb (0),1,,13,cupy_copy__float32_float32
5889407190,4832,414269,,,,,,,,,,0.000,0.828,Device,Pageable,NVIDIA A100-SXM4-40GB MIG 4g.20gb (0),1,,7,[CUDA memcpy Device-to-Host]
5889475285,13248,414280,1434,1,1,128,1,1,16,0.000,0.000,,,,,NVIDIA A100-SXM4-40GB MIG 4g.20gb (0),1,,13,cupy_copy__complex64_complex64
5889502773,3136,414287,103,1,1,128,1,1,16,0.000,0.000,,,,,NVIDIA A100-SXM4-40GB MIG 4g.20gb (0),1,,13,cupy_copy__complex64_complex64
5889523605,2336,414294,35,1,1,128,1,1,16,0.000,0.000,,,,,NVIDIA A100-SXM4-40GB MIG 4g.20gb (0),1,,13,cupy_copy__complex64_complex64
5889542260,1888,414301,1,1,1,1,1,1,18,0.000,0.000,,,,,NVIDIA A100-SXM4-40GB MIG 4g.20gb (0),1,,13,cupy_copy__float32_float32
5889673299,86975,414312,1,1,1,32,32,1,30,0.000,0.000,,,,,NVIDIA A100-SXM4-40GB MIG 4g.20gb (0),1,,13,"void convert_kernel<__half2, float2>(tensor_layout_any, T1 *, tensor_layout_any, const T2 *)"
5889787377,5632,414315,,,,,,,,,,0.094,16636.287,Pinned,Device,NVIDIA A100-SXM4-40GB MIG 4g.20gb (0),1,,13,[CUDA memcpy Host-to-Device]
5889801969,3488,414316,,,,,,,,,,1.547,443412.461,Device,,NVIDIA A100-SXM4-40GB MIG 4g.20gb (0),1,,13,[CUDA memset]
5889808561,3264,414321,,,,,,,,,,0.031,9588.218,Pinned,Device,NVIDIA A100-SXM4-40GB MIG 4g.20gb (0),1,,13,[CUDA memcpy Host-to-Device]
5889814289,9824,414322,,,,,,,,,,0.197,20012.925,Pinned,Device,NVIDIA A100-SXM4-40GB MIG 4g.20gb (0),1,,13,[CUDA memcpy Host-to-Device]
5889830193,6368,414323,273,1,1,8,4,1,39,0.002,0.000,,,,,NVIDIA A100-SXM4-40GB MIG 4g.20gb (0),1,,13,"void channel_eq::eqMmseCoefCompLowMimoKernel<float, float, float, (unsigned int)4, (unsigned int)1, (unsigned int)4>(const channel_eq::_puschRxChEqStatDescr *, channel_eq::_puschRxChEqCoefCompDynDescr)"
5889837553,6176,414324,273,1,1,12,11,1,51,0.002,0.000,,,,,NVIDIA A100-SXM4-40GB MIG 4g.20gb (0),1,,13,"void channel_eq::eqMmseSoftDemapKernel<float, __half, __half, float, (unsigned int)4, (unsigned short)16383>(channel_eq::_puschRxChEqStatDescr *, channel_eq::_puschRxChEqSoftDemapDynDescr)"
5889844721,282140,414325,1,1,1,32,32,1,30,0.000,0.000,,,,,NVIDIA A100-SXM4-40GB MIG 4g.20gb (0),1,,13,"void convert_kernel<float2, __half2>(tensor_layout_any, T1 *, tensor_layout_any, const T2 *)"
5890127821,11008,414337,2253,1,1,128,1,1,16,0.000,0.000,,,,,NVIDIA A100-SXM4-40GB MIG 4g.20gb (0),1,,13,cupy_copy__float16_float16
5890142061,3424,414346,282,1,1,128,1,1,16,0.000,0.000,,,,,NVIDIA A100-SXM4-40GB MIG 4g.20gb (0),1,,13,cupy_copy__complex64_complex64
5890146605,2176,414355,26,1,1,128,1,1,16,0.000,0.000,,,,,NVIDIA A100-SXM4-40GB MIG 4g.20gb (0),1,,13,cupy_copy__float32_float32
5890149677,2976,414364,103,1,1,128,1,1,16,0.000,0.000,,,,,NVIDIA A100-SXM4-40GB MIG 4g.20gb (0),1,,13,cupy_copy__complex64_complex64
5890154989,11808,414374,1434,1,1,128,1,1,16,0.000,0.000,,,,,NVIDIA A100-SXM4-40GB MIG 4g.20gb (0),1,,13,cupy_copy__complex64_complex64
5890181901,81631,414379,1,1,1,32,32,1,30,0.000,0.000,,,,,NVIDIA A100-SXM4-40GB MIG 4g.20gb (0),1,,13,"void convert_kernel<__half2, float2>(tensor_layout_any, T1 *, tensor_layout_any, const T2 *)"
5890290731,5888,414382,,,,,,,,,,0.094,15912.954,Pinned,Device,NVIDIA A100-SXM4-40GB MIG 4g.20gb (0),1,,13,[CUDA memcpy Host-to-Device]
5890300395,595897,414383,,,,,,,,,,456.561,766110.096,Device,,NVIDIA A100-SXM4-40GB MIG 4g.20gb (0),1,,13,[CUDA memset]
5890903972,147454,414388,,,,,,,,,,1.235,8374.155,Pinned,Device,NVIDIA A100-SXM4-40GB MIG 4g.20gb (0),1,,13,[CUDA memcpy Host-to-Device]
5891063266,38847,414389,,,,,,,,,,0.197,5061.083,Pinned,Device,NVIDIA A100-SXM4-40GB MIG 4g.20gb (0),1,,13,[CUDA memcpy Host-to-Device]
5891127105,8224,414390,69,4,1,48,1,1,76,0.002,0.000,,,,,NVIDIA A100-SXM4-40GB MIG 4g.20gb (0),1,,13,"void ch_est::windowedChEstPreNoDftSOfdmKernel<float, __half, float, (unsigned int)2, (unsigned int)1, (unsigned short)4>(ch_est::puschRxChEstStatDescr_t *, ch_est::puschRxChEstDynDescr_t *)"
5891146241,6880,414391,137,2,1,24,2,1,44,0.001,0.001,,,,,NVIDIA A100-SXM4-40GB MIG 4g.20gb (0),1,,13,"void ch_est::chEstFilterNoDftSOfdmDispatchKernel<float, __half, float, (unsigned int)2>(ch_est::puschRxChEstStatDescr_t *, ch_est::puschRxChEstDynDescr_t *)"
5891163104,4736,414392,137,2,1,24,2,1,44,0.001,0.001,,,,,NVIDIA A100-SXM4-40GB MIG 4g.20gb (0),1,,13,"void ch_est::chEstFilterNoDftSOfdmDispatchKernel<float, __half, float, (unsigned int)2>(ch_est::puschRxChEstStatDescr_t *, ch_est::puschRxChEstDynDescr_t *)"
5891182432,2656,414403,103,1,1,128,1,1,16,0.000,0.000,,,,,NVIDIA A100-SXM4-40GB MIG 4g.20gb (0),1,,13,cupy_copy__complex64_complex64
5891198976,12384,414413,1434,1,1,128,1,1,16,0.000,0.000,,,,,NVIDIA A100-SXM4-40GB MIG 4g.20gb (0),1,,13,cupy_copy__complex64_complex64
5891218624,2944,414420,103,1,1,128,1,1,16,0.000,0.000,,,,,NVIDIA A100-SXM4-40GB MIG 4g.20gb (0),1,,13,cupy_copy__complex64_complex64
5891243839,90559,414427,1,1,1,32,32,1,30,0.000,0.000,,,,,NVIDIA A100-SXM4-40GB MIG 4g.20gb (0),1,,13,"void convert_kernel<__half2, float2>(tensor_layout_any, T1 *, tensor_layout_any, const T2 *)"
5891366782,23072,414430,,,,,,,,,,0.094,4060.972,Pinned,Device,NVIDIA A100-SXM4-40GB MIG 4g.20gb (0),1,,13,[CUDA memcpy Host-to-Device]
5891410173,46848,414431,,,,,,,,,,35.810,764362.742,Device,,NVIDIA A100-SXM4-40GB MIG 4g.20gb (0),1,,13,[CUDA memset]
5891465117,5248,414433,,,,,,,,,,0.000,15.244,Pinned,Device,NVIDIA A100-SXM4-40GB MIG 4g.20gb (0),1,,13,[CUDA memcpy Host-to-Device]
5891477917,16863,414434,,,,,,,,,,0.197,11659.051,Pinned,Device,NVIDIA A100-SXM4-40GB MIG 4g.20gb (0),1,,13,[CUDA memcpy Host-to-Device]
5891504252,10560,414435,273,1,1,48,1,1,40,0.000,0.001,,,,,NVIDIA A100-SXM4-40GB MIG 4g.20gb (0),1,,13,"void pusch_noise_intf_est::noiseIntfEstNoDftSOfdmKernel<float, __half, float, float, (unsigned int)2, (unsigned int)1, (unsigned char)4, (unsigned char)4>(pusch_noise_intf_est::puschRxNoiseIntfEstDynDescr)"
5891518492,3072,414446,35,1,1,128,1,1,16,0.000,0.000,,,,,NVIDIA A100-SXM4-40GB MIG 4g.20gb (0),1,,13,cupy_copy__complex64_complex64
5891526012,2272,414455,1,1,1,1,1,1,18,0.000,0.000,,,,,NVIDIA A100-SXM4-40GB MIG 4g.20gb (0),1,,13,cupy_copy__float32_float32
5891533724,4832,414461,,,,,,,,,,0.000,0.828,Device,Pageable,NVIDIA A100-SXM4-40GB MIG 4g.20gb (0),1,,7,[CUDA memcpy Device-to-Host]
5891606299,12800,414472,1434,1,1,128,1,1,16,0.000,0.000,,,,,NVIDIA A100-SXM4-40GB MIG 4g.20gb (0),1,,13,cupy_copy__complex64_complex64
5891634971,2912,414479,103,1,1,128,1,1,16,0.000,0.000,,,,,NVIDIA A100-SXM4-40GB MIG 4g.20gb (0),1,,13,cupy_copy__complex64_complex64
5891657946,2592,414486,35,1,1,128,1,1,16,0.000,0.000,,,,,NVIDIA A100-SXM4-40GB MIG 4g.20gb (0),1,,13,cupy_copy__complex64_complex64
5891672538,2176,414493,1,1,1,1,1,1,18,0.000,0.000,,,,,NVIDIA A100-SXM4-40GB MIG 4g.20gb (0),1,,13,cupy_copy__float32_float32
5891802681,82815,414504,1,1,1,32,32,1,30,0.000,0.000,,,,,NVIDIA A100-SXM4-40GB MIG 4g.20gb (0),1,,13,"void convert_kernel<__half2, float2>(tensor_layout_any, T1 *, tensor_layout_any, const T2 *)"
5891913495,5824,414507,,,,,,,,,,0.094,16087.884,Pinned,Device,NVIDIA A100-SXM4-40GB MIG 4g.20gb (0),1,,13,[CUDA memcpy Host-to-Device]
5891927255,3168,414508,,,,,,,,,,1.547,488201.145,Device,,NVIDIA A100-SXM4-40GB MIG 4g.20gb (0),1,,13,[CUDA memset]
5891934039,3264,414513,,,,,,,,,,0.031,9588.218,Pinned,Device,NVIDIA A100-SXM4-40GB MIG 4g.20gb (0),1,,13,[CUDA memcpy Host-to-Device]
5891939863,9344,414514,,,,,,,,,,0.197,21040.988,Pinned,Device,NVIDIA A100-SXM4-40GB MIG 4g.20gb (0),1,,13,[CUDA memcpy Host-to-Device]
5891955063,6048,414515,273,1,1,8,4,1,39,0.002,0.000,,,,,NVIDIA A100-SXM4-40GB MIG 4g.20gb (0),1,,13,"void channel_eq::eqMmseCoefCompLowMimoKernel<float, float, float, (unsigned int)4, (unsigned int)1, (unsigned int)4>(const channel_eq::_puschRxChEqStatDescr *, channel_eq::_puschRxChEqCoefCompDynDescr)"
5891962775,6240,414516,273,1,1,12,11,1,51,0.002,0.000,,,,,NVIDIA A100-SXM4-40GB MIG 4g.20gb (0),1,,13,"void channel_eq::eqMmseSoftDemapKernel<float, __half, __half, float, (unsigned int)4, (unsigned short)16383>(channel_eq::_puschRxChEqStatDescr *, channel_eq::_puschRxChEqSoftDemapDynDescr)"
5891970870,282205,414517,1,1,1,32,32,1,30,0.000,0.000,,,,,NVIDIA A100-SXM4-40GB MIG 4g.20gb (0),1,,13,"void convert_kernel<float2, __half2>(tensor_layout_any, T1 *, tensor_layout_any, const T2 *)"
5892256211,11008,414529,2253,1,1,128,1,1,16,0.000,0.000,,,,,NVIDIA A100-SXM4-40GB MIG 4g.20gb (0),1,,13,cupy_copy__float16_float16
5892271187,2848,414538,282,1,1,128,1,1,16,0.000,0.000,,,,,NVIDIA A100-SXM4-40GB MIG 4g.20gb (0),1,,13,cupy_copy__complex64_complex64
5892275347,2080,414547,26,1,1,128,1,1,16,0.000,0.000,,,,,NVIDIA A100-SXM4-40GB MIG 4g.20gb (0),1,,13,cupy_copy__float32_float32
5892279571,3488,414556,103,1,1,128,1,1,16,0.000,0.000,,,,,NVIDIA A100-SXM4-40GB MIG 4g.20gb (0),1,,13,cupy_copy__complex64_complex64
5892284851,12319,414566,1434,1,1,128,1,1,16,0.000,0.000,,,,,NVIDIA A100-SXM4-40GB MIG 4g.20gb (0),1,,13,cupy_copy__complex64_complex64
5892306322,85823,414571,1,1,1,32,32,1,30,0.000,0.000,,,,,NVIDIA A100-SXM4-40GB MIG 4g.20gb (0),1,,13,"void convert_kernel<__half2, float2>(tensor_layout_any, T1 *, tensor_layout_any, const T2 *)"
5892418705,5568,414574,,,,,,,,,,0.094,16827.521,Pinned,Device,NVIDIA A100-SXM4-40GB MIG 4g.20gb (0),1,,13,[CUDA memcpy Host-to-Device]
5892428977,597464,414575,,,,,,,,,,456.561,763827.289,Device,,NVIDIA A100-SXM4-40GB MIG 4g.20gb (0),1,,13,[CUDA memset]
5893035529,154270,414580,,,,,,,,,,1.235,8004.907,Pinned,Device,NVIDIA A100-SXM4-40GB MIG 4g.20gb (0),1,,13,[CUDA memcpy Host-to-Device]
5893200391,36352,414581,,,,,,,,,,0.197,5408.293,Pinned,Device,NVIDIA A100-SXM4-40GB MIG 4g.20gb (0),1,,13,[CUDA memcpy Host-to-Device]
5893253703,8288,414582,69,4,1,48,1,1,76,0.002,0.000,,,,,NVIDIA A100-SXM4-40GB MIG 4g.20gb (0),1,,13,"void ch_est::windowedChEstPreNoDftSOfdmKernel<float, __half, float, (unsigned int)2, (unsigned int)1, (unsigned short)4>(ch_est::puschRxChEstStatDescr_t *, ch_est::puschRxChEstDynDescr_t *)"
5893268295,7071,414583,137,2,1,24,2,1,44,0.001,0.001,,,,,NVIDIA A100-SXM4-40GB MIG 4g.20gb (0),1,,13,"void ch_est::chEstFilterNoDftSOfdmDispatchKernel<float, __half, float, (unsigned int)2>(ch_est::puschRxChEstStatDescr_t *, ch_est::puschRxChEstDynDescr_t *)"
5893281126,4704,414584,137,2,1,24,2,1,44,0.001,0.001,,,,,NVIDIA A100-SXM4-40GB MIG 4g.20gb (0),1,,13,"void ch_est::chEstFilterNoDftSOfdmDispatchKernel<float, __half, float, (unsigned int)2>(ch_est::puschRxChEstStatDescr_t *, ch_est::puschRxChEstDynDescr_t *)"
5893293510,2496,414595,103,1,1,128,1,1,16,0.000,0.000,,,,,NVIDIA A100-SXM4-40GB MIG 4g.20gb (0),1,,13,cupy_copy__complex64_complex64
5893307974,12704,414605,1434,1,1,128,1,1,16,0.000,0.000,,,,,NVIDIA A100-SXM4-40GB MIG 4g.20gb (0),1,,13,cupy_copy__complex64_complex64
5893328742,2880,414612,103,1,1,128,1,1,16,0.000,0.000,,,,,NVIDIA A100-SXM4-40GB MIG 4g.20gb (0),1,,13,cupy_copy__complex64_complex64
5893338758,84159,414619,1,1,1,32,32,1,30,0.000,0.000,,,,,NVIDIA A100-SXM4-40GB MIG 4g.20gb (0),1,,13,"void convert_kernel<__half2, float2>(tensor_layout_any, T1 *, tensor_layout_any, const T2 *)"
5893455076,16832,414622,,,,,,,,,,0.094,5566.479,Pinned,Device,NVIDIA A100-SXM4-40GB MIG 4g.20gb (0),1,,13,[CUDA memcpy Host-to-Device]
5893498340,47519,414623,,,,,,,,,,35.810,753583.956,Device,,NVIDIA A100-SXM4-40GB MIG 4g.20gb (0),1,,13,[CUDA memset]
5893548835,14784,414625,,,,,,,,,,0.000,5.411,Pinned,Device,NVIDIA A100-SXM4-40GB MIG 4g.20gb (0),1,,13,[CUDA memcpy Host-to-Device]
5893573219,32319,414626,,,,,,,,,,0.197,6083.248,Pinned,Device,NVIDIA A100-SXM4-40GB MIG 4g.20gb (0),1,,13,[CUDA memcpy Host-to-Device]
5893622594,9984,414627,273,1,1,48,1,1,40,0.000,0.001,,,,,NVIDIA A100-SXM4-40GB MIG 4g.20gb (0),1,,13,"void pusch_noise_intf_est::noiseIntfEstNoDftSOfdmKernel<float, __half, float, float, (unsigned int)2, (unsigned int)1, (unsigned char)4, (unsigned char)4>(pusch_noise_intf_est::puschRxNoiseIntfEstDynDescr)"
5893639170,2816,414638,35,1,1,128,1,1,16,0.000,0.000,,,,,NVIDIA A100-SXM4-40GB MIG 4g.20gb (0),1,,13,cupy_copy__complex64_complex64
5893656322,1696,414647,1,1,1,1,1,1,18,0.000,0.000,,,,,NVIDIA A100-SXM4-40GB MIG 4g.20gb (0),1,,13,cupy_copy__float32_float32
5893665346,7008,414653,,,,,,,,,,0.000,0.571,Device,Pageable,NVIDIA A100-SXM4-40GB MIG 4g.20gb (0),1,,7,[CUDA memcpy Device-to-Host]
5893762464,12832,414664,1434,1,1,128,1,1,16,0.000,0.000,,,,,NVIDIA A100-SXM4-40GB MIG 4g.20gb (0),1,,13,cupy_copy__complex64_complex64
5893789184,2624,414671,103,1,1,128,1,1,16,0.000,0.000,,,,,NVIDIA A100-SXM4-40GB MIG 4g.20gb (0),1,,13,cupy_copy__complex64_complex64
5893806048,2144,414678,35,1,1,128,1,1,16,0.000,0.000,,,,,NVIDIA A100-SXM4-40GB MIG 4g.20gb (0),1,,13,cupy_copy__complex64_complex64
5893823360,1728,414685,1,1,1,1,1,1,18,0.000,0.000,,,,,NVIDIA A100-SXM4-40GB MIG 4g.20gb (0),1,,13,cupy_copy__float32_float32
5893941182,83935,414696,1,1,1,32,32,1,30,0.000,0.000,,,,,NVIDIA A100-SXM4-40GB MIG 4g.20gb (0),1,,13,"void convert_kernel<__half2, float2>(tensor_layout_any, T1 *, tensor_layout_any, const T2 *)"
5894052381,9824,414699,,,,,,,,,,0.094,9537.410,Pinned,Device,NVIDIA A100-SXM4-40GB MIG 4g.20gb (0),1,,13,[CUDA memcpy Host-to-Device]
5894076701,3456,414700,,,,,,,,,,1.547,447517.201,Device,,NVIDIA A100-SXM4-40GB MIG 4g.20gb (0),1,,13,[CUDA memset]
5894084156,7168,414705,,,,,,,,,,0.031,4366.042,Pinned,Device,NVIDIA A100-SXM4-40GB MIG 4g.20gb (0),1,,13,[CUDA memcpy Host-to-Device]
5894094236,13344,414706,,,,,,,,,,0.197,14733.804,Pinned,Device,NVIDIA A100-SXM4-40GB MIG 4g.20gb (0),1,,13,[CUDA memcpy Host-to-Device]
5894118172,6208,414707,273,1,1,8,4,1,39,0.002,0.000,,,,,NVIDIA A100-SXM4-40GB MIG 4g.20gb (0),1,,13,"void channel_eq::eqMmseCoefCompLowMimoKernel<float, float, float, (unsigned int)4, (unsigned int)1, (unsigned int)4>(const channel_eq::_puschRxChEqStatDescr *, channel_eq::_puschRxChEqCoefCompDynDescr)"
5894127068,6912,414708,273,1,1,12,11,1,51,0.002,0.000,,,,,NVIDIA A100-SXM4-40GB MIG 4g.20gb (0),1,,13,"void channel_eq::eqMmseSoftDemapKernel<float, __half, __half, float, (unsigned int)4, (unsigned short)16383>(channel_eq::_puschRxChEqStatDescr *, channel_eq::_puschRxChEqSoftDemapDynDescr)"
5894142044,290012,414709,1,1,1,32,32,1,30,0.000,0.000,,,,,NVIDIA A100-SXM4-40GB MIG 4g.20gb (0),1,,13,"void convert_kernel<float2, __half2>(tensor_layout_any, T1 *, tensor_layout_any, const T2 *)"
5894433016,10976,414721,2253,1,1,128,1,1,16,0.000,0.000,,,,,NVIDIA A100-SXM4-40GB MIG 4g.20gb (0),1,,13,cupy_copy__float16_float16
5894445560,3488,414730,282,1,1,128,1,1,16,0.000,0.000,,,,,NVIDIA A100-SXM4-40GB MIG 4g.20gb (0),1,,13,cupy_copy__complex64_complex64
5894450552,2144,414739,26,1,1,128,1,1,16,0.000,0.000,,,,,NVIDIA A100-SXM4-40GB MIG 4g.20gb (0),1,,13,cupy_copy__float32_float32
5894455288,3200,414748,103,1,1,128,1,1,16,0.000,0.000,,,,,NVIDIA A100-SXM4-40GB MIG 4g.20gb (0),1,,13,cupy_copy__complex64_complex64
5894459736,12096,414758,1434,1,1,128,1,1,16,0.000,0.000,,,,,NVIDIA A100-SXM4-40GB MIG 4g.20gb (0),1,,13,cupy_copy__complex64_complex64
5894473464,81311,414763,1,1,1,32,32,1,30,0.000,0.000,,,,,NVIDIA A100-SXM4-40GB MIG 4g.20gb (0),1,,13,"void convert_kernel<__half2, float2>(tensor_layout_any, T1 *, tensor_layout_any, const T2 *)"
5894581110,5440,414766,,,,,,,,,,0.094,17223.480,Pinned,Device,NVIDIA A100-SXM4-40GB MIG 4g.20gb (0),1,,13,[CUDA memcpy Host-to-Device]
5894590998,599161,414767,,,,,,,,,,456.561,762001.043,Device,,NVIDIA A100-SXM4-40GB MIG 4g.20gb (0),1,,13,[CUDA memset]
5895201071,120894,414772,,,,,,,,,,1.235,10214.222,Pinned,Device,NVIDIA A100-SXM4-40GB MIG 4g.20gb (0),1,,13,[CUDA memcpy Host-to-Device]
5895330029,16448,414773,,,,,,,,,,0.197,11953.177,Pinned,Device,NVIDIA A100-SXM4-40GB MIG 4g.20gb (0),1,,13,[CUDA memcpy Host-to-Device]
5895359373,7680,414774,69,4,1,48,1,1,76,0.002,0.000,,,,,NVIDIA A100-SXM4-40GB MIG 4g.20gb (0),1,,13,"void ch_est::windowedChEstPreNoDftSOfdmKernel<float, __half, float, (unsigned int)2, (unsigned int)1, (unsigned short)4>(ch_est::puschRxChEstStatDescr_t *, ch_est::puschRxChEstDynDescr_t *)"
5895374605,6335,414775,137,2,1,24,2,1,44,0.001,0.001,,,,,NVIDIA A100-SXM4-40GB MIG 4g.20gb (0),1,,13,"void ch_est::chEstFilterNoDftSOfdmDispatchKernel<float, __half, float, (unsigned int)2>(ch_est::puschRxChEstStatDescr_t *, ch_est::puschRxChEstDynDescr_t *)"
5895390124,4928,414776,137,2,1,24,2,1,44,0.001,0.001,,,,,NVIDIA A100-SXM4-40GB MIG 4g.20gb (0),1,,13,"void ch_est::chEstFilterNoDftSOfdmDispatchKernel<float, __half, float, (unsigned int)2>(ch_est::puschRxChEstStatDescr_t *, ch_est::puschRxChEstDynDescr_t *)"
5895398188,2528,414787,103,1,1,128,1,1,16,0.000,0.000,,,,,NVIDIA A100-SXM4-40GB MIG 4g.20gb (0),1,,13,cupy_copy__complex64_complex64
5895406316,12640,414797,1434,1,1,128,1,1,16,0.000,0.000,,,,,NVIDIA A100-SXM4-40GB MIG 4g.20gb (0),1,,13,cupy_copy__complex64_complex64
5895422028,2528,414804,103,1,1,128,1,1,16,0.000,0.000,,,,,NVIDIA A100-SXM4-40GB MIG 4g.20gb (0),1,,13,cupy_copy__complex64_complex64
5895432524,87551,414811,1,1,1,32,32,1,30,0.000,0.000,,,,,NVIDIA A100-SXM4-40GB MIG 4g.20gb (0),1,,13,"void convert_kernel<__half2, float2>(tensor_layout_any, T1 *, tensor_layout_any, const T2 *)"
5895548234,9888,414814,,,,,,,,,,0.094,9475.664,Pinned,Device,NVIDIA A100-SXM4-40GB MIG 4g.20gb (0),1,,13,[CUDA memcpy Host-to-Device]
5895567306,47008,414815,,,,,,,,,,35.810,761748.618,Device,,NVIDIA A100-SXM4-40GB MIG 4g.20gb (0),1,,13,[CUDA memset]
5895616458,9439,414817,,,,,,,,,,0.000,8.475,Pinned,Device,NVIDIA A100-SXM4-40GB MIG 4g.20gb (0),1,,13,[CUDA memcpy Host-to-Device]
5895634665,21024,414818,,,,,,,,,,0.197,9351.463,Pinned,Device,NVIDIA A100-SXM4-40GB MIG 4g.20gb (0),1,,13,[CUDA memcpy Host-to-Device]
5895670249,10176,414819,273,1,1,48,1,1,40,0.000,0.001,,,,,NVIDIA A100-SXM4-40GB MIG 4g.20gb (0),1,,13,"void pusch_noise_intf_est::noiseIntfEstNoDftSOfdmKernel<float, __half, float, float, (unsigned int)2, (unsigned int)1, (unsigned char)4, (unsigned char)4>(pusch_noise_intf_est::puschRxNoiseIntfEstDynDescr)"
5895690729,2752,414830,35,1,1,128,1,1,16,0.000,0.000,,,,,NVIDIA A100-SXM4-40GB MIG 4g.20gb (0),1,,13,cupy_copy__complex64_complex64
5895699561,1792,414839,1,1,1,1,1,1,18,0.000,0.000,,,,,NVIDIA A100-SXM4-40GB MIG 4g.20gb (0),1,,13,cupy_copy__float32_float32
5895706184,6240,414845,,,,,,,,,,0.000,0.641,Device,Pageable,NVIDIA A100-SXM4-40GB MIG 4g.20gb (0),1,,7,[CUDA memcpy Device-to-Host]
5895777896,12799,414856,1434,1,1,128,1,1,16,0.000,0.000,,,,,NVIDIA A100-SXM4-40GB MIG 4g.20gb (0),1,,13,cupy_copy__complex64_complex64
5895807751,3040,414863,103,1,1,128,1,1,16,0.000,0.000,,,,,NVIDIA A100-SXM4-40GB MIG 4g.20gb (0),1,,13,cupy_copy__complex64_complex64
5895824999,2944,414870,35,1,1,128,1,1,16,0.000,0.000,,,,,NVIDIA A100-SXM4-40GB MIG 4g.20gb (0),1,,13,cupy_copy__complex64_complex64
5895842247,1792,414877,1,1,1,1,1,1,18,0.000,0.000,,,,,NVIDIA A100-SXM4-40GB MIG 4g.20gb (0),1,,13,cupy_copy__float32_float32
5895974373,82655,414888,1,1,1,32,32,1,30,0.000,0.000,,,,,NVIDIA A100-SXM4-40GB MIG 4g.20gb (0),1,,13,"void convert_kernel<__half2, float2>(tensor_layout_any, T1 *, tensor_layout_any, const T2 *)"
5896084068,5888,414891,,,,,,,,,,0.094,15912.954,Pinned,Device,NVIDIA A100-SXM4-40GB MIG 4g.20gb (0),1,,13,[CUDA memcpy Host-to-Device]
5896100740,3360,414892,,,,,,,,,,1.547,460304.688,Device,,NVIDIA A100-SXM4-40GB MIG 4g.20gb (0),1,,13,[CUDA memset]
5896105188,3328,414897,,,,,,,,,,0.031,9403.822,Pinned,Device,NVIDIA A100-SXM4-40GB MIG 4g.20gb (0),1,,13,[CUDA memcpy Host-to-Device]
5896110723,9696,414898,,,,,,,,,,0.197,20277.166,Pinned,Device,NVIDIA A100-SXM4-40GB MIG 4g.20gb (0),1,,13,[CUDA memcpy Host-to-Device]
5896125859,6336,414899,273,1,1,8,4,1,39,0.002,0.000,,,,,NVIDIA A100-SXM4-40GB MIG 4g.20gb (0),1,,13,"void channel_eq::eqMmseCoefCompLowMimoKernel<float, float, float, (unsigned int)4, (unsigned int)1, (unsigned int)4>(const channel_eq::_puschRxChEqStatDescr *, channel_eq::_puschRxChEqCoefCompDynDescr)"
5896133891,5824,414900,273,1,1,12,11,1,51,0.002,0.000,,,,,NVIDIA A100-SXM4-40GB MIG 4g.20gb (0),1,,13,"void channel_eq::eqMmseSoftDemapKernel<float, __half, __half, float, (unsigned int)4, (unsigned short)16383>(channel_eq::_puschRxChEqStatDescr *, channel_eq::_puschRxChEqSoftDemapDynDescr)"
5896140835,294812,414901,1,1,1,32,32,1,30,0.000,0.000,,,,,NVIDIA A100-SXM4-40GB MIG 4g.20gb (0),1,,13,"void convert_kernel<float2, __half2>(tensor_layout_any, T1 *, tensor_layout_any, const T2 *)"
5896437151,11040,414913,2253,1,1,128,1,1,16,0.000,0.000,,,,,NVIDIA A100-SXM4-40GB MIG 4g.20gb (0),1,,13,cupy_copy__float16_float16
5896452031,3392,414922,282,1,1,128,1,1,16,0.000,0.000,,,,,NVIDIA A100-SXM4-40GB MIG 4g.20gb (0),1,,13,cupy_copy__complex64_complex64
5896458815,2080,414931,26,1,1,128,1,1,16,0.000,0.000,,,,,NVIDIA A100-SXM4-40GB MIG 4g.20gb (0),1,,13,cupy_copy__float32_float32
5896463423,3008,414940,103,1,1,128,1,1,16,0.000,0.000,,,,,NVIDIA A100-SXM4-40GB MIG 4g.20gb (0),1,,13,cupy_copy__complex64_complex64
5896467423,11872,414950,1434,1,1,128,1,1,16,0.000,0.000,,,,,NVIDIA A100-SXM4-40GB MIG 4g.20gb (0),1,,13,cupy_copy__complex64_complex64
5896481887,87551,414955,1,1,1,32,32,1,30,0.000,0.000,,,,,NVIDIA A100-SXM4-40GB MIG 4g.20gb (0),1,,13,"void convert_kernel<__half2, float2>(tensor_layout_any, T1 *, tensor_layout_any, const T2 *)"
5896596829,5760,414958,,,,,,,,,,0.094,16266.656,Pinned,Device,NVIDIA A100-SXM4-40GB MIG 4g.20gb (0),1,,13,[CUDA memcpy Host-to-Device]
5896609053,598297,414959,,,,,,,,,,456.561,762914.166,Device,,NVIDIA A100-SXM4-40GB MIG 4g.20gb (0),1,,13,[CUDA memset]
5897215510,144574,414964,,,,,,,,,,1.235,8540.873,Pinned,Device,NVIDIA A100-SXM4-40GB MIG 4g.20gb (0),1,,13,[CUDA memcpy Host-to-Device]
5897372468,40959,414965,,,,,,,,,,0.197,4799.988,Pinned,Device,NVIDIA A100-SXM4-40GB MIG 4g.20gb (0),1,,13,[CUDA memcpy Host-to-Device]
5897443315,8288,414966,69,4,1,48,1,1,76,0.002,0.000,,,,,NVIDIA A100-SXM4-40GB MIG 4g.20gb (0),1,,13,"void ch_est::windowedChEstPreNoDftSOfdmKernel<float, __half, float, (unsigned int)2, (unsigned int)1, (unsigned short)4>(ch_est::puschRxChEstStatDescr_t *, ch_est::puschRxChEstDynDescr_t *)"
5897462547,6528,414967,137,2,1,24,2,1,44,0.001,0.001,,,,,NVIDIA A100-SXM4-40GB MIG 4g.20gb (0),1,,13,"void ch_est::chEstFilterNoDftSOfdmDispatchKernel<float, __half, float, (unsigned int)2>(ch_est::puschRxChEstStatDescr_t *, ch_est::puschRxChEstDynDescr_t *)"
5897477907,5120,414968,137,2,1,24,2,1,44,0.001,0.001,,,,,NVIDIA A100-SXM4-40GB MIG 4g.20gb (0),1,,13,"void ch_est::chEstFilterNoDftSOfdmDispatchKernel<float, __half, float, (unsigned int)2>(ch_est::puschRxChEstStatDescr_t *, ch_est::puschRxChEstDynDescr_t *)"
5897491346,2624,414979,103,1,1,128,1,1,16,0.000,0.000,,,,,NVIDIA A100-SXM4-40GB MIG 4g.20gb (0),1,,13,cupy_copy__complex64_complex64
5897502322,12640,414989,1434,1,1,128,1,1,16,0.000,0.000,,,,,NVIDIA A100-SXM4-40GB MIG 4g.20gb (0),1,,13,cupy_copy__complex64_complex64
5897524114,2528,414996,103,1,1,128,1,1,16,0.000,0.000,,,,,NVIDIA A100-SXM4-40GB MIG 4g.20gb (0),1,,13,cupy_copy__complex64_complex64
5897536786,81375,415003,1,1,1,32,32,1,30,0.000,0.000,,,,,NVIDIA A100-SXM4-40GB MIG 4g.20gb (0),1,,13,"void convert_kernel<__half2, float2>(tensor_layout_any, T1 *, tensor_layout_any, const T2 *)"
5897648753,13727,415006,,,,,,,,,,0.094,6825.660,Pinned,Device,NVIDIA A100-SXM4-40GB MIG 4g.20gb (0),1,,13,[CUDA memcpy Host-to-Device]
5897675984,47744,415007,,,,,,,,,,35.810,750038.774,Device,,NVIDIA A100-SXM4-40GB MIG 4g.20gb (0),1,,13,[CUDA memset]
5897731120,8447,415009,,,,,,,,,,0.000,9.471,Pinned,Device,NVIDIA A100-SXM4-40GB MIG 4g.20gb (0),1,,13,[CUDA memcpy Host-to-Device]
5897748623,16608,415010,,,,,,,,,,0.197,11837.964,Pinned,Device,NVIDIA A100-SXM4-40GB MIG 4g.20gb (0),1,,13,[CUDA memcpy Host-to-Device]
5897781615,9984,415011,273,1,1,48,1,1,40,0.000,0.001,,,,,NVIDIA A100-SXM4-40GB MIG 4g.20gb (0),1,,13,"void pusch_noise_intf_est::noiseIntfEstNoDftSOfdmKernel<float, __half, float, float, (unsigned int)2, (unsigned int)1, (unsigned char)4, (unsigned char)4>(pusch_noise_intf_est::puschRxNoiseIntfEstDynDescr)"
5897802095,2784,415022,35,1,1,128,1,1,16,0.000,0.000,,,,,NVIDIA A100-SXM4-40GB MIG 4g.20gb (0),1,,13,cupy_copy__complex64_complex64
5897812751,1695,415031,1,1,1,1,1,1,18,0.000,0.000,,,,,NVIDIA A100-SXM4-40GB MIG 4g.20gb (0),1,,13,cupy_copy__float32_float32
5897818638,3104,415037,,,,,,,,,,0.000,1.289,Device,Pageable,NVIDIA A100-SXM4-40GB MIG 4g.20gb (0),1,,7,[CUDA memcpy Device-to-Host]
5897900397,12800,415048,1434,1,1,128,1,1,16,0.000,0.000,,,,,NVIDIA A100-SXM4-40GB MIG 4g.20gb (0),1,,13,cupy_copy__complex64_complex64
5897927917,3008,415055,103,1,1,128,1,1,16,0.000,0.000,,,,,NVIDIA A100-SXM4-40GB MIG 4g.20gb (0),1,,13,cupy_copy__complex64_complex64
5897947341,2528,415062,35,1,1,128,1,1,16,0.000,0.000,,,,,NVIDIA A100-SXM4-40GB MIG 4g.20gb (0),1,,13,cupy_copy__complex64_complex64
5897961517,1824,415069,1,1,1,1,1,1,18,0.000,0.000,,,,,NVIDIA A100-SXM4-40GB MIG 4g.20gb (0),1,,13,cupy_copy__float32_float32
5898090987,88255,415080,1,1,1,32,32,1,30,0.000,0.000,,,,,NVIDIA A100-SXM4-40GB MIG 4g.20gb (0),1,,13,"void convert_kernel<__half2, float2>(tensor_layout_any, T1 *, tensor_layout_any, const T2 *)"
5898205994,5760,415083,,,,,,,,,,0.094,16266.656,Pinned,Device,NVIDIA A100-SXM4-40GB MIG 4g.20gb (0),1,,13,[CUDA memcpy Host-to-Device]
5898221929,3456,415084,,,,,,,,,,1.547,447517.201,Device,,NVIDIA A100-SXM4-40GB MIG 4g.20gb (0),1,,13,[CUDA memset]
5898227337,3168,415089,,,,,,,,,,0.031,9878.770,Pinned,Device,NVIDIA A100-SXM4-40GB MIG 4g.20gb (0),1,,13,[CUDA memcpy Host-to-Device]
5898233193,9472,415090,,,,,,,,,,0.197,20756.693,Pinned,Device,NVIDIA A100-SXM4-40GB MIG 4g.20gb (0),1,,13,[CUDA memcpy Host-to-Device]
5898247337,8192,415091,273,1,1,8,4,1,39,0.002,0.000,,,,,NVIDIA A100-SXM4-40GB MIG 4g.20gb (0),1,,13,"void channel_eq::eqMmseCoefCompLowMimoKernel<float, float, float, (unsigned int)4, (unsigned int)1, (unsigned int)4>(const channel_eq::_puschRxChEqStatDescr *, channel_eq::_puschRxChEqCoefCompDynDescr)"
5898256585,7776,415092,273,1,1,12,11,1,51,0.002,0.000,,,,,NVIDIA A100-SXM4-40GB MIG 4g.20gb (0),1,,13,"void channel_eq::eqMmseSoftDemapKernel<float, __half, __half, float, (unsigned int)4, (unsigned short)16383>(channel_eq::_puschRxChEqStatDescr *, channel_eq::_puschRxChEqSoftDemapDynDescr)"
5898266377,294172,415093,1,1,1,32,32,1,30,0.000,0.000,,,,,NVIDIA A100-SXM4-40GB MIG 4g.20gb (0),1,,13,"void convert_kernel<float2, __half2>(tensor_layout_any, T1 *, tensor_layout_any, const T2 *)"
5898563173,10880,415105,2253,1,1,128,1,1,16,0.000,0.000,,,,,NVIDIA A100-SXM4-40GB MIG 4g.20gb (0),1,,13,cupy_copy__float16_float16
5898575621,3232,415114,282,1,1,128,1,1,16,0.000,0.000,,,,,NVIDIA A100-SXM4-40GB MIG 4g.20gb (0),1,,13,cupy_copy__complex64_complex64
5898581925,2336,415123,26,1,1,128,1,1,16,0.000,0.000,,,,,NVIDIA A100-SXM4-40GB MIG 4g.20gb (0),1,,13,cupy_copy__float32_float32
5898585765,4832,415132,103,1,1,128,1,1,16,0.000,0.000,,,,,NVIDIA A100-SXM4-40GB MIG 4g.20gb (0),1,,13,cupy_copy__complex64_complex64
5898593477,12096,415142,1434,1,1,128,1,1,16,0.000,0.000,,,,,NVIDIA A100-SXM4-40GB MIG 4g.20gb (0),1,,13,cupy_copy__complex64_complex64
5898607269,87039,415147,1,1,1,32,32,1,30,0.000,0.000,,,,,NVIDIA A100-SXM4-40GB MIG 4g.20gb (0),1,,13,"void convert_kernel<__half2, float2>(tensor_layout_any, T1 *, tensor_layout_any, const T2 *)"
5898721891,5472,415150,,,,,,,,,,0.094,17122.757,Pinned,Device,NVIDIA A100-SXM4-40GB MIG 4g.20gb (0),1,,13,[CUDA memcpy Host-to-Device]
5898731843,597593,415151,,,,,,,,,,456.561,763827.289,Device,,NVIDIA A100-SXM4-40GB MIG 4g.20gb (0),1,,13,[CUDA memset]
5899336412,143646,415156,,,,,,,,,,1.235,8596.445,Pinned,Device,NVIDIA A100-SXM4-40GB MIG 4g.20gb (0),1,,13,[CUDA memcpy Host-to-Device]
5899488954,33375,415157,,,,,,,,,,0.197,5890.769,Pinned,Device,NVIDIA A100-SXM4-40GB MIG 4g.20gb (0),1,,13,[CUDA memcpy Host-to-Device]
5899535321,8192,415158,69,4,1,48,1,1,76,0.002,0.000,,,,,NVIDIA A100-SXM4-40GB MIG 4g.20gb (0),1,,13,"void ch_est::windowedChEstPreNoDftSOfdmKernel<float, __half, float, (unsigned int)2, (unsigned int)1, (unsigned short)4>(ch_est::puschRxChEstStatDescr_t *, ch_est::puschRxChEstDynDescr_t *)"
5899551257,7008,415159,137,2,1,24,2,1,44,0.001,0.001,,,,,NVIDIA A100-SXM4-40GB MIG 4g.20gb (0),1,,13,"void ch_est::chEstFilterNoDftSOfdmDispatchKernel<float, __half, float, (unsigned int)2>(ch_est::puschRxChEstStatDescr_t *, ch_est::puschRxChEstDynDescr_t *)"
5899574777,4768,415160,137,2,1,24,2,1,44,0.001,0.001,,,,,NVIDIA A100-SXM4-40GB MIG 4g.20gb (0),1,,13,"void ch_est::chEstFilterNoDftSOfdmDispatchKernel<float, __half, float, (unsigned int)2>(ch_est::puschRxChEstStatDescr_t *, ch_est::puschRxChEstDynDescr_t *)"
5899592633,2624,415171,103,1,1,128,1,1,16,0.000,0.000,,,,,NVIDIA A100-SXM4-40GB MIG 4g.20gb (0),1,,13,cupy_copy__complex64_complex64
5899604792,12448,415181,1434,1,1,128,1,1,16,0.000,0.000,,,,,NVIDIA A100-SXM4-40GB MIG 4g.20gb (0),1,,13,cupy_copy__complex64_complex64
5899628184,2368,415188,103,1,1,128,1,1,16,0.000,0.000,,,,,NVIDIA A100-SXM4-40GB MIG 4g.20gb (0),1,,13,cupy_copy__complex64_complex64
5899644344,85375,415195,1,1,1,32,32,1,30,0.000,0.000,,,,,NVIDIA A100-SXM4-40GB MIG 4g.20gb (0),1,,13,"void convert_kernel<__half2, float2>(tensor_layout_any, T1 *, tensor_layout_any, const T2 *)"
5899761239,14079,415198,,,,,,,,,,0.094,6654.946,Pinned,Device,NVIDIA A100-SXM4-40GB MIG 4g.20gb (0),1,,13,[CUDA memcpy Host-to-Device]
5899783478,47488,415199,,,,,,,,,,35.810,754049.485,Device,,NVIDIA A100-SXM4-40GB MIG 4g.20gb (0),1,,13,[CUDA memset]
5899832822,7296,415201,,,,,,,,,,0.000,10.965,Pinned,Device,NVIDIA A100-SXM4-40GB MIG 4g.20gb (0),1,,13,[CUDA memcpy Host-to-Device]
5899844501,18496,415202,,,,,,,,,,0.197,10629.612,Pinned,Device,NVIDIA A100-SXM4-40GB MIG 4g.20gb (0),1,,13,[CUDA memcpy Host-to-Device]
5899873845,9856,415203,273,1,1,48,1,1,40,0.000,0.001,,,,,NVIDIA A100-SXM4-40GB MIG 4g.20gb (0),1,,13,"void pusch_noise_intf_est::noiseIntfEstNoDftSOfdmKernel<float, __half, float, float, (unsigned int)2, (unsigned int)1, (unsigned char)4, (unsigned char)4>(pusch_noise_intf_est::puschRxNoiseIntfEstDynDescr)"
5899888373,3072,415214,35,1,1,128,1,1,16,0.000,0.000,,,,,NVIDIA A100-SXM4-40GB MIG 4g.20gb (0),1,,13,cupy_copy__complex64_complex64
5899895797,1856,415223,1,1,1,1,1,1,18,0.000,0.000,,,,,NVIDIA A100-SXM4-40GB MIG 4g.20gb (0),1,,13,cupy_copy__float32_float32
5899914069,5408,415229,,,,,,,,,,0.000,0.740,Device,Pageable,NVIDIA A100-SXM4-40GB MIG 4g.20gb (0),1,,7,[CUDA memcpy Device-to-Host]
5899989268,12832,415240,1434,1,1,128,1,1,16,0.000,0.000,,,,,NVIDIA A100-SXM4-40GB MIG 4g.20gb (0),1,,13,cupy_copy__complex64_complex64
5900021811,3392,415247,103,1,1,128,1,1,16,0.000,0.000,,,,,NVIDIA A100-SXM4-40GB MIG 4g.20gb (0),1,,13,cupy_copy__complex64_complex64
5900035955,2336,415254,35,1,1,128,1,1,16,0.000,0.000,,,,,NVIDIA A100-SXM4-40GB MIG 4g.20gb (0),1,,13,cupy_copy__complex64_complex64
5900053907,1728,415261,1,1,1,1,1,1,18,0.000,0.000,,,,,NVIDIA A100-SXM4-40GB MIG 4g.20gb (0),1,,13,cupy_copy__float32_float32
5900181649,87679,415272,1,1,1,32,32,1,30,0.000,0.000,,,,,NVIDIA A100-SXM4-40GB MIG 4g.20gb (0),1,,13,"void convert_kernel<__half2, float2>(tensor_layout_any, T1 *, tensor_layout_any, const T2 *)"
5900297584,5824,415275,,,,,,,,,,0.094,16087.884,Pinned,Device,NVIDIA A100-SXM4-40GB MIG 4g.20gb (0),1,,13,[CUDA memcpy Host-to-Device]
5900311664,3360,415276,,,,,,,,,,1.547,460304.688,Device,,NVIDIA A100-SXM4-40GB MIG 4g.20gb (0),1,,13,[CUDA memset]
5900320112,3008,415281,,,,,,,,,,0.031,10404.230,Pinned,Device,NVIDIA A100-SXM4-40GB MIG 4g.20gb (0),1,,13,[CUDA memcpy Host-to-Device]
5900325648,9983,415282,,,,,,,,,,0.197,19694.223,Pinned,Device,NVIDIA A100-SXM4-40GB MIG 4g.20gb (0),1,,13,[CUDA memcpy Host-to-Device]
5900340431,6528,415283,273,1,1,8,4,1,39,0.002,0.000,,,,,NVIDIA A100-SXM4-40GB MIG 4g.20gb (0),1,,13,"void channel_eq::eqMmseCoefCompLowMimoKernel<float, float, float, (unsigned int)4, (unsigned int)1, (unsigned int)4>(const channel_eq::_puschRxChEqStatDescr *, channel_eq::_puschRxChEqCoefCompDynDescr)"
5900347919,6848,415284,273,1,1,12,11,1,51,0.002,0.000,,,,,NVIDIA A100-SXM4-40GB MIG 4g.20gb (0),1,,13,"void channel_eq::eqMmseSoftDemapKernel<float, __half, __half, float, (unsigned int)4, (unsigned short)16383>(channel_eq::_puschRxChEqStatDescr *, channel_eq::_puschRxChEqSoftDemapDynDescr)"
5900355823,283325,415285,1,1,1,32,32,1,30,0.000,0.000,,,,,NVIDIA A100-SXM4-40GB MIG 4g.20gb (0),1,,13,"void convert_kernel<float2, __half2>(tensor_layout_any, T1 *, tensor_layout_any, const T2 *)"
5900642028,10944,415297,2253,1,1,128,1,1,16,0.000,0.000,,,,,NVIDIA A100-SXM4-40GB MIG 4g.20gb (0),1,,13,cupy_copy__float16_float16
5900655371,3264,415306,282,1,1,128,1,1,16,0.000,0.000,,,,,NVIDIA A100-SXM4-40GB MIG 4g.20gb (0),1,,13,cupy_copy__complex64_complex64
5900659691,2048,415315,26,1,1,128,1,1,16,0.000,0.000,,,,,NVIDIA A100-SXM4-40GB MIG 4g.20gb (0),1,,13,cupy_copy__float32_float32
5900664587,2880,415324,103,1,1,128,1,1,16,0.000,0.000,,,,,NVIDIA A100-SXM4-40GB MIG 4g.20gb (0),1,,13,cupy_copy__complex64_complex64
5900669579,12128,415334,1434,1,1,128,1,1,16,0.000,0.000,,,,,NVIDIA A100-SXM4-40GB MIG 4g.20gb (0),1,,13,cupy_copy__complex64_complex64
5900688971,87839,415339,1,1,1,32,32,1,30,0.000,0.000,,,,,NVIDIA A100-SXM4-40GB MIG 4g.20gb (0),1,,13,"void convert_kernel<__half2, float2>(tensor_layout_any, T1 *, tensor_layout_any, const T2 *)"
5900804010,5760,415342,,,,,,,,,,0.094,16266.656,Pinned,Device,NVIDIA A100-SXM4-40GB MIG 4g.20gb (0),1,,13,[CUDA memcpy Host-to-Device]
5900816649,597017,415343,,,,,,,,,,456.561,764283.851,Device,,NVIDIA A100-SXM4-40GB MIG 4g.20gb (0),1,,13,[CUDA memset]
5901418274,127327,415348,,,,,,,,,,1.235,9698.015,Pinned,Device,NVIDIA A100-SXM4-40GB MIG 4g.20gb (0),1,,13,[CUDA memcpy Host-to-Device]
5901556704,40512,415349,,,,,,,,,,0.197,4853.072,Pinned,Device,NVIDIA A100-SXM4-40GB MIG 4g.20gb (0),1,,13,[CUDA memcpy Host-to-Device]
5901624192,7711,415350,69,4,1,48,1,1,76,0.002,0.000,,,,,NVIDIA A100-SXM4-40GB MIG 4g.20gb (0),1,,13,"void ch_est::windowedChEstPreNoDftSOfdmKernel<float, __half, float, (unsigned int)2, (unsigned int)1, (unsigned short)4>(ch_est::puschRxChEstStatDescr_t *, ch_est::puschRxChEstDynDescr_t *)"
5901641567,6656,415351,137,2,1,24,2,1,44,0.001,0.001,,,,,NVIDIA A100-SXM4-40GB MIG 4g.20gb (0),1,,13,"void ch_est::chEstFilterNoDftSOfdmDispatchKernel<float, __half, float, (unsigned int)2>(ch_est::puschRxChEstStatDescr_t *, ch_est::puschRxChEstDynDescr_t *)"
5901658239,4736,415352,137,2,1,24,2,1,44,0.001,0.001,,,,,NVIDIA A100-SXM4-40GB MIG 4g.20gb (0),1,,13,"void ch_est::chEstFilterNoDftSOfdmDispatchKernel<float, __half, float, (unsigned int)2>(ch_est::puschRxChEstStatDescr_t *, ch_est::puschRxChEstDynDescr_t *)"
5901674751,2496,415363,103,1,1,128,1,1,16,0.000,0.000,,,,,NVIDIA A100-SXM4-40GB MIG 4g.20gb (0),1,,13,cupy_copy__complex64_complex64
5901693855,12288,415373,1434,1,1,128,1,1,16,0.000,0.000,,,,,NVIDIA A100-SXM4-40GB MIG 4g.20gb (0),1,,13,cupy_copy__complex64_complex64
5901715422,2528,415380,103,1,1,128,1,1,16,0.000,0.000,,,,,NVIDIA A100-SXM4-40GB MIG 4g.20gb (0),1,,13,cupy_copy__complex64_complex64
5901736286,82559,415387,1,1,1,32,32,1,30,0.000,0.000,,,,,NVIDIA A100-SXM4-40GB MIG 4g.20gb (0),1,,13,"void convert_kernel<__half2, float2>(tensor_layout_any, T1 *, tensor_layout_any, const T2 *)"
5901849981,17152,415390,,,,,,,,,,0.094,5462.664,Pinned,Device,NVIDIA A100-SXM4-40GB MIG 4g.20gb (0),1,,13,[CUDA memcpy Host-to-Device]
5901895804,47392,415391,,,,,,,,,,35.810,755589.312,Device,,NVIDIA A100-SXM4-40GB MIG 4g.20gb (0),1,,13,[CUDA memset]
5901946588,13055,415393,,,,,,,,,,0.000,6.128,Pinned,Device,NVIDIA A100-SXM4-40GB MIG 4g.20gb (0),1,,13,[CUDA memcpy Host-to-Device]
5901966011,25920,415394,,,,,,,,,,0.197,7585.137,Pinned,Device,NVIDIA A100-SXM4-40GB MIG 4g.20gb (0),1,,13,[CUDA memcpy Host-to-Device]
5902018523,9792,415395,273,1,1,48,1,1,40,0.000,0.001,,,,,NVIDIA A100-SXM4-40GB MIG 4g.20gb (0),1,,13,"void pusch_noise_intf_est::noiseIntfEstNoDftSOfdmKernel<float, __half, float, float, (unsigned int)2, (unsigned int)1, (unsigned char)4, (unsigned char)4>(pusch_noise_intf_est::puschRxNoiseIntfEstDynDescr)"
5902034938,2592,415406,35,1,1,128,1,1,16,0.000,0.000,,,,,NVIDIA A100-SXM4-40GB MIG 4g.20gb (0),1,,13,cupy_copy__complex64_complex64
5902050842,1696,415415,1,1,1,1,1,1,18,0.000,0.000,,,,,NVIDIA A100-SXM4-40GB MIG 4g.20gb (0),1,,13,cupy_copy__float32_float32
5902058970,7424,415421,,,,,,,,,,0.000,0.539,Device,Pageable,NVIDIA A100-SXM4-40GB MIG 4g.20gb (0),1,,7,[CUDA memcpy Device-to-Host]
5902158201,12608,415432,1434,1,1,128,1,1,16,0.000,0.000,,,,,NVIDIA A100-SXM4-40GB MIG 4g.20gb (0),1,,13,cupy_copy__complex64_complex64
5902179961,2720,415439,103,1,1,128,1,1,16,0.000,0.000,,,,,NVIDIA A100-SXM4-40GB MIG 4g.20gb (0),1,,13,cupy_copy__complex64_complex64
5902195001,2559,415446,35,1,1,128,1,1,16,0.000,0.000,,,,,NVIDIA A100-SXM4-40GB MIG 4g.20gb (0),1,,13,cupy_copy__complex64_complex64
5902207384,1792,415453,1,1,1,1,1,1,18,0.000,0.000,,,,,NVIDIA A100-SXM4-40GB MIG 4g.20gb (0),1,,13,cupy_copy__float32_float32
5902342103,90623,415464,1,1,1,32,32,1,30,0.000,0.000,,,,,NVIDIA A100-SXM4-40GB MIG 4g.20gb (0),1,,13,"void convert_kernel<__half2, float2>(tensor_layout_any, T1 *, tensor_layout_any, const T2 *)"
5902461077,14176,415467,,,,,,,,,,0.094,6609.410,Pinned,Device,NVIDIA A100-SXM4-40GB MIG 4g.20gb (0),1,,13,[CUDA memcpy Host-to-Device]
5902486101,3424,415468,,,,,,,,,,1.547,451700.819,Device,,NVIDIA A100-SXM4-40GB MIG 4g.20gb (0),1,,13,[CUDA memset]
5902496213,6208,415473,,,,,,,,,,0.031,5041.222,Pinned,Device,NVIDIA A100-SXM4-40GB MIG 4g.20gb (0),1,,13,[CUDA memcpy Host-to-Device]
5902505013,13664,415474,,,,,,,,,,0.197,14388.756,Pinned,Device,NVIDIA A100-SXM4-40GB MIG 4g.20gb (0),1,,13,[CUDA memcpy Host-to-Device]
5902527892,6080,415475,273,1,1,8,4,1,39,0.002,0.000,,,,,NVIDIA A100-SXM4-40GB MIG 4g.20gb (0),1,,13,"void channel_eq::eqMmseCoefCompLowMimoKernel<float, float, float, (unsigned int)4, (unsigned int)1, (unsigned int)4>(const channel_eq::_puschRxChEqStatDescr *, channel_eq::_puschRxChEqCoefCompDynDescr)"
5902536692,5568,415476,273,1,1,12,11,1,51,0.002,0.000,,,,,NVIDIA A100-SXM4-40GB MIG 4g.20gb (0),1,,13,"void channel_eq::eqMmseSoftDemapKernel<float, __half, __half, float, (unsigned int)4, (unsigned short)16383>(channel_eq::_puschRxChEqStatDescr *, channel_eq::_puschRxChEqSoftDemapDynDescr)"
5902545172,282813,415477,1,1,1,32,32,1,30,0.000,0.000,,,,,NVIDIA A100-SXM4-40GB MIG 4g.20gb (0),1,,13,"void convert_kernel<float2, __half2>(tensor_layout_any, T1 *, tensor_layout_any, const T2 *)"
5902830321,11104,415489,2253,1,1,128,1,1,16,0.000,0.000,,,,,NVIDIA A100-SXM4-40GB MIG 4g.20gb (0),1,,13,cupy_copy__float16_float16
5902842385,2784,415498,282,1,1,128,1,1,16,0.000,0.000,,,,,NVIDIA A100-SXM4-40GB MIG 4g.20gb (0),1,,13,cupy_copy__complex64_complex64
5902846352,2112,415507,26,1,1,128,1,1,16,0.000,0.000,,,,,NVIDIA A100-SXM4-40GB MIG 4g.20gb (0),1,,13,cupy_copy__float32_float32
5902850032,2880,415516,103,1,1,128,1,1,16,0.000,0.000,,,,,NVIDIA A100-SXM4-40GB MIG 4g.20gb (0),1,,13,cupy_copy__complex64_complex64
5902854384,12320,415526,1434,1,1,128,1,1,16,0.000,0.000,,,,,NVIDIA A100-SXM4-40GB MIG 4g.20gb (0),1,,13,cupy_copy__complex64_complex64
5902869488,82079,415531,1,1,1,32,32,1,30,0.000,0.000,,,,,NVIDIA A100-SXM4-40GB MIG 4g.20gb (0),1,,13,"void convert_kernel<__half2, float2>(tensor_layout_any, T1 *, tensor_layout_any, const T2 *)"
5902979119,5632,415534,,,,,,,,,,0.094,16636.287,Pinned,Device,NVIDIA A100-SXM4-40GB MIG 4g.20gb (0),1,,13,[CUDA memcpy Host-to-Device]
5902989391,597944,415535,,,,,,,,,,456.561,763370.728,Device,,NVIDIA A100-SXM4-40GB MIG 4g.20gb (0),1,,13,[CUDA memset]
5903595687,72447,415540,,,,,,,,,,1.235,17045.932,Pinned,Device,NVIDIA A100-SXM4-40GB MIG 4g.20gb (0),1,,13,[CUDA memcpy Host-to-Device]
5903674854,16384,415541,,,,,,,,,,0.197,11999.969,Pinned,Device,NVIDIA A100-SXM4-40GB MIG 4g.20gb (0),1,,13,[CUDA memcpy Host-to-Device]
5903700358,8480,415542,69,4,1,48,1,1,76,0.002,0.000,,,,,NVIDIA A100-SXM4-40GB MIG 4g.20gb (0),1,,13,"void ch_est::windowedChEstPreNoDftSOfdmKernel<float, __half, float, (unsigned int)2, (unsigned int)1, (unsigned short)4>(ch_est::puschRxChEstStatDescr_t *, ch_est::puschRxChEstDynDescr_t *)"
5903715942,7552,415543,137,2,1,24,2,1,44,0.001,0.001,,,,,NVIDIA A100-SXM4-40GB MIG 4g.20gb (0),1,,13,"void ch_est::chEstFilterNoDftSOfdmDispatchKernel<float, __half, float, (unsigned int)2>(ch_est::puschRxChEstStatDescr_t *, ch_est::puschRxChEstDynDescr_t *)"
5903731174,5120,415544,137,2,1,24,2,1,44,0.001,0.001,,,,,NVIDIA A100-SXM4-40GB MIG 4g.20gb (0),1,,13,"void ch_est::chEstFilterNoDftSOfdmDispatchKernel<float, __half, float, (unsigned int)2>(ch_est::puschRxChEstStatDescr_t *, ch_est::puschRxChEstDynDescr_t *)"
5903739077,3168,415555,103,1,1,128,1,1,16,0.000,0.000,,,,,NVIDIA A100-SXM4-40GB MIG 4g.20gb (0),1,,13,cupy_copy__complex64_complex64
5903748133,12672,415565,1434,1,1,128,1,1,16,0.000,0.000,,,,,NVIDIA A100-SXM4-40GB MIG 4g.20gb (0),1,,13,cupy_copy__complex64_complex64
5903763365,3136,415572,103,1,1,128,1,1,16,0.000,0.000,,,,,NVIDIA A100-SXM4-40GB MIG 4g.20gb (0),1,,13,cupy_copy__complex64_complex64
5903773765,87487,415579,1,1,1,32,32,1,30,0.000,0.000,,,,,NVIDIA A100-SXM4-40GB MIG 4g.20gb (0),1,,13,"void convert_kernel<__half2, float2>(tensor_layout_any, T1 *, tensor_layout_any, const T2 *)"
5903891876,13311,415582,,,,,,,,,,0.094,7038.912,Pinned,Device,NVIDIA A100-SXM4-40GB MIG 4g.20gb (0),1,,13,[CUDA memcpy Host-to-Device]
5903910531,47456,415583,,,,,,,,,,35.810,754586.634,Device,,NVIDIA A100-SXM4-40GB MIG 4g.20gb (0),1,,13,[CUDA memset]
5903961315,7744,415585,,,,,,,,,,0.000,10.331,Pinned,Device,NVIDIA A100-SXM4-40GB MIG 4g.20gb (0),1,,13,[CUDA memcpy Host-to-Device]
5903974755,20575,415586,,,,,,,,,,0.197,9555.542,Pinned,Device,NVIDIA A100-SXM4-40GB MIG 4g.20gb (0),1,,13,[CUDA memcpy Host-to-Device]
5904010978,8992,415587,273,1,1,48,1,1,40,0.000,0.001,,,,,NVIDIA A100-SXM4-40GB MIG 4g.20gb (0),1,,13,"void pusch_noise_intf_est::noiseIntfEstNoDftSOfdmKernel<float, __half, float, float, (unsigned int)2, (unsigned int)1, (unsigned char)4, (unsigned char)4>(pusch_noise_intf_est::puschRxNoiseIntfEstDynDescr)"
5904024866,2912,415598,35,1,1,128,1,1,16,0.000,0.000,,,,,NVIDIA A100-SXM4-40GB MIG 4g.20gb (0),1,,13,cupy_copy__complex64_complex64
5904034338,1696,415607,1,1,1,1,1,1,18,0.000,0.000,,,,,NVIDIA A100-SXM4-40GB MIG 4g.20gb (0),1,,13,cupy_copy__float32_float32
5904042562,7648,415613,,,,,,,,,,0.000,0.523,Device,Pageable,NVIDIA A100-SXM4-40GB MIG 4g.20gb (0),1,,7,[CUDA memcpy Device-to-Host]
5904122881,13152,415624,1434,1,1,128,1,1,16,0.000,0.000,,,,,NVIDIA A100-SXM4-40GB MIG 4g.20gb (0),1,,13,cupy_copy__complex64_complex64
5904154720,2944,415631,103,1,1,128,1,1,16,0.000,0.000,,,,,NVIDIA A100-SXM4-40GB MIG 4g.20gb (0),1,,13,cupy_copy__complex64_complex64
5904168832,2560,415638,35,1,1,128,1,1,16,0.000,0.000,,,,,NVIDIA A100-SXM4-40GB MIG 4g.20gb (0),1,,13,cupy_copy__complex64_complex64
5904187776,1792,415645,1,1,1,1,1,1,18,0.000,0.000,,,,,NVIDIA A100-SXM4-40GB MIG 4g.20gb (0),1,,13,cupy_copy__float32_float32
5904311518,81407,415656,1,1,1,32,32,1,30,0.000,0.000,,,,,NVIDIA A100-SXM4-40GB MIG 4g.20gb (0),1,,13,"void convert_kernel<__half2, float2>(tensor_layout_any, T1 *, tensor_layout_any, const T2 *)"
5904421021,6080,415659,,,,,,,,,,0.094,15410.462,Pinned,Device,NVIDIA A100-SXM4-40GB MIG 4g.20gb (0),1,,13,[CUDA memcpy Host-to-Device]
5904436445,3168,415660,,,,,,,,,,1.547,488201.145,Device,,NVIDIA A100-SXM4-40GB MIG 4g.20gb (0),1,,13,[CUDA memset]
5904443485,3008,415665,,,,,,,,,,0.031,10404.230,Pinned,Device,NVIDIA A100-SXM4-40GB MIG 4g.20gb (0),1,,13,[CUDA memcpy Host-to-Device]
5904449085,9728,415666,,,,,,,,,,0.197,20210.516,Pinned,Device,NVIDIA A100-SXM4-40GB MIG 4g.20gb (0),1,,13,[CUDA memcpy Host-to-Device]
5904462621,6911,415667,273,1,1,8,4,1,39,0.002,0.000,,,,,NVIDIA A100-SXM4-40GB MIG 4g.20gb (0),1,,13,"void channel_eq::eqMmseCoefCompLowMimoKernel<float, float, float, (unsigned int)4, (unsigned int)1, (unsigned int)4>(const channel_eq::_puschRxChEqStatDescr *, channel_eq::_puschRxChEqCoefCompDynDescr)"
5904470492,7168,415668,273,1,1,12,11,1,51,0.002,0.000,,,,,NVIDIA A100-SXM4-40GB MIG 4g.20gb (0),1,,13,"void channel_eq::eqMmseSoftDemapKernel<float, __half, __half, float, (unsigned int)4, (unsigned short)16383>(channel_eq::_puschRxChEqStatDescr *, channel_eq::_puschRxChEqSoftDemapDynDescr)"
5904480924,280573,415669,1,1,1,32,32,1,30,0.000,0.000,,,,,NVIDIA A100-SXM4-40GB MIG 4g.20gb (0),1,,13,"void convert_kernel<float2, __half2>(tensor_layout_any, T1 *, tensor_layout_any, const T2 *)"
5904762489,11040,415681,2253,1,1,128,1,1,16,0.000,0.000,,,,,NVIDIA A100-SXM4-40GB MIG 4g.20gb (0),1,,13,cupy_copy__float16_float16
5904776121,3168,415690,282,1,1,128,1,1,16,0.000,0.000,,,,,NVIDIA A100-SXM4-40GB MIG 4g.20gb (0),1,,13,cupy_copy__complex64_complex64
5904781497,2336,415699,26,1,1,128,1,1,16,0.000,0.000,,,,,NVIDIA A100-SXM4-40GB MIG 4g.20gb (0),1,,13,cupy_copy__float32_float32
5904785177,2880,415708,103,1,1,128,1,1,16,0.000,0.000,,,,,NVIDIA A100-SXM4-40GB MIG 4g.20gb (0),1,,13,cupy_copy__complex64_complex64
5904789273,12255,415718,1434,1,1,128,1,1,16,0.000,0.000,,,,,NVIDIA A100-SXM4-40GB MIG 4g.20gb (0),1,,13,cupy_copy__complex64_complex64
5904810040,82367,415723,1,1,1,32,32,1,30,0.000,0.000,,,,,NVIDIA A100-SXM4-40GB MIG 4g.20gb (0),1,,13,"void convert_kernel<__half2, float2>(tensor_layout_any, T1 *, tensor_layout_any, const T2 *)"
5904919031,5696,415726,,,,,,,,,,0.094,16449.363,Pinned,Device,NVIDIA A100-SXM4-40GB MIG 4g.20gb (0),1,,13,[CUDA memcpy Host-to-Device]
5904929367,603800,415727,,,,,,,,,,456.561,756065.745,Device,,NVIDIA A100-SXM4-40GB MIG 4g.20gb (0),1,,13,[CUDA memset]
5905540847,158494,415732,,,,,,,,,,1.235,7791.262,Pinned,Device,NVIDIA A100-SXM4-40GB MIG 4g.20gb (0),1,,13,[CUDA memcpy Host-to-Device]
5905705773,31648,415733,,,,,,,,,,0.197,6212.223,Pinned,Device,NVIDIA A100-SXM4-40GB MIG 4g.20gb (0),1,,13,[CUDA memcpy Host-to-Device]
5905749293,7904,415734,69,4,1,48,1,1,76,0.002,0.000,,,,,NVIDIA A100-SXM4-40GB MIG 4g.20gb (0),1,,13,"void ch_est::windowedChEstPreNoDftSOfdmKernel<float, __half, float, (unsigned int)2, (unsigned int)1, (unsigned short)4>(ch_est::puschRxChEstStatDescr_t *, ch_est::puschRxChEstDynDescr_t *)"
5905773580,6720,415735,137,2,1,24,2,1,44,0.001,0.001,,,,,NVIDIA A100-SXM4-40GB MIG 4g.20gb (0),1,,13,"void ch_est::chEstFilterNoDftSOfdmDispatchKernel<float, __half, float, (unsigned int)2>(ch_est::puschRxChEstStatDescr_t *, ch_est::puschRxChEstDynDescr_t *)"
5905787564,5184,415736,137,2,1,24,2,1,44,0.001,0.001,,,,,NVIDIA A100-SXM4-40GB MIG 4g.20gb (0),1,,13,"void ch_est::chEstFilterNoDftSOfdmDispatchKernel<float, __half, float, (unsigned int)2>(ch_est::puschRxChEstStatDescr_t *, ch_est::puschRxChEstDynDescr_t *)"
5905796716,2720,415747,103,1,1,128,1,1,16,0.000,0.000,,,,,NVIDIA A100-SXM4-40GB MIG 4g.20gb (0),1,,13,cupy_copy__complex64_complex64
5905804268,12928,415757,1434,1,1,128,1,1,16,0.000,0.000,,,,,NVIDIA A100-SXM4-40GB MIG 4g.20gb (0),1,,13,cupy_copy__complex64_complex64
5905822572,2528,415764,103,1,1,128,1,1,16,0.000,0.000,,,,,NVIDIA A100-SXM4-40GB MIG 4g.20gb (0),1,,13,cupy_copy__complex64_complex64
5905830956,83711,415771,1,1,1,32,32,1,30,0.000,0.000,,,,,NVIDIA A100-SXM4-40GB MIG 4g.20gb (0),1,,13,"void convert_kernel<__half2, float2>(tensor_layout_any, T1 *, tensor_layout_any, const T2 *)"
5905945546,5984,415774,,,,,,,,,,0.094,15657.726,Pinned,Device,NVIDIA A100-SXM4-40GB MIG 4g.20gb (0),1,,13,[CUDA memcpy Host-to-Device]
5905959370,46272,415775,,,,,,,,,,35.810,773888.181,Device,,NVIDIA A100-SXM4-40GB MIG 4g.20gb (0),1,,13,[CUDA memset]
5906011881,2656,415777,,,,,,,,,,0.000,30.120,Pinned,Device,NVIDIA A100-SXM4-40GB MIG 4g.20gb (0),1,,13,[CUDA memcpy Host-to-Device]
5906018505,12928,415778,,,,,,,,,,0.197,15207.825,Pinned,Device,NVIDIA A100-SXM4-40GB MIG 4g.20gb (0),1,,13,[CUDA memcpy Host-to-Device]
5906042409,10144,415779,273,1,1,48,1,1,40,0.000,0.001,,,,,NVIDIA A100-SXM4-40GB MIG 4g.20gb (0),1,,13,"void pusch_noise_intf_est::noiseIntfEstNoDftSOfdmKernel<float, __half, float, float, (unsigned int)2, (unsigned int)1, (unsigned char)4, (unsigned char)4>(pusch_noise_intf_est::puschRxNoiseIntfEstDynDescr)"
5906055049,2784,415790,35,1,1,128,1,1,16,0.000,0.000,,,,,NVIDIA A100-SXM4-40GB MIG 4g.20gb (0),1,,13,cupy_copy__complex64_complex64
5906075113,1920,415799,1,1,1,1,1,1,18,0.000,0.000,,,,,NVIDIA A100-SXM4-40GB MIG 4g.20gb (0),1,,13,cupy_copy__float32_float32
5906164200,1600,415805,,,,,,,,,,0.000,2.500,Device,Pageable,NVIDIA A100-SXM4-40GB MIG 4g.20gb (0),1,,7,[CUDA memcpy Device-to-Host]
5906225767,13152,415816,1434,1,1,128,1,1,16,0.000,0.000,,,,,NVIDIA A100-SXM4-40GB MIG 4g.20gb (0),1,,13,cupy_copy__complex64_complex64
5906250887,2784,415823,103,1,1,128,1,1,16,0.000,0.000,,,,,NVIDIA A100-SXM4-40GB MIG 4g.20gb (0),1,,13,cupy_copy__complex64_complex64
5906272614,2368,415830,35,1,1,128,1,1,16,0.000,0.000,,,,,NVIDIA A100-SXM4-40GB MIG 4g.20gb (0),1,,13,cupy_copy__complex64_complex64
5906290502,1920,415837,1,1,1,1,1,1,18,0.000,0.000,,,,,NVIDIA A100-SXM4-40GB MIG 4g.20gb (0),1,,13,cupy_copy__float32_float32
5906627938,82399,415848,1,1,1,32,32,1,30,0.000,0.000,,,,,NVIDIA A100-SXM4-40GB MIG 4g.20gb (0),1,,13,"void convert_kernel<__half2, float2>(tensor_layout_any, T1 *, tensor_layout_any, const T2 *)"
5906738945,5599,415851,,,,,,,,,,0.094,16734.387,Pinned,Device,NVIDIA A100-SXM4-40GB MIG 4g.20gb (0),1,,13,[CUDA memcpy Host-to-Device]
5906753952,3424,415852,,,,,,,,,,1.547,451700.819,Device,,NVIDIA A100-SXM4-40GB MIG 4g.20gb (0),1,,13,[CUDA memset]
5906760160,3168,415857,,,,,,,,,,0.031,9878.770,Pinned,Device,NVIDIA A100-SXM4-40GB MIG 4g.20gb (0),1,,13,[CUDA memcpy Host-to-Device]
5906765920,9504,415858,,,,,,,,,,0.197,20686.701,Pinned,Device,NVIDIA A100-SXM4-40GB MIG 4g.20gb (0),1,,13,[CUDA memcpy Host-to-Device]
5906779232,8384,415859,273,1,1,8,4,1,39,0.002,0.000,,,,,NVIDIA A100-SXM4-40GB MIG 4g.20gb (0),1,,13,"void channel_eq::eqMmseCoefCompLowMimoKernel<float, float, float, (unsigned int)4, (unsigned int)1, (unsigned int)4>(const channel_eq::_puschRxChEqStatDescr *, channel_eq::_puschRxChEqCoefCompDynDescr)"
5906790368,5952,415860,273,1,1,12,11,1,51,0.002,0.000,,,,,NVIDIA A100-SXM4-40GB MIG 4g.20gb (0),1,,13,"void channel_eq::eqMmseSoftDemapKernel<float, __half, __half, float, (unsigned int)4, (unsigned short)16383>(channel_eq::_puschRxChEqStatDescr *, channel_eq::_puschRxChEqSoftDemapDynDescr)"
5906797984,294876,415861,1,1,1,32,32,1,30,0.000,0.000,,,,,NVIDIA A100-SXM4-40GB MIG 4g.20gb (0),1,,13,"void convert_kernel<float2, __half2>(tensor_layout_any, T1 *, tensor_layout_any, const T2 *)"
5907093980,11008,415873,2253,1,1,128,1,1,16,0.000,0.000,,,,,NVIDIA A100-SXM4-40GB MIG 4g.20gb (0),1,,13,cupy_copy__float16_float16
5907108540,3488,415882,282,1,1,128,1,1,16,0.000,0.000,,,,,NVIDIA A100-SXM4-40GB MIG 4g.20gb (0),1,,13,cupy_copy__complex64_complex64
5907113884,2048,415891,26,1,1,128,1,1,16,0.000,0.000,,,,,NVIDIA A100-SXM4-40GB MIG 4g.20gb (0),1,,13,cupy_copy__float32_float32
5907118140,3424,415900,103,1,1,128,1,1,16,0.000,0.000,,,,,NVIDIA A100-SXM4-40GB MIG 4g.20gb (0),1,,13,cupy_copy__complex64_complex64
5907215003,12032,415910,1434,1,1,128,1,1,16,0.000,0.000,,,,,NVIDIA A100-SXM4-40GB MIG 4g.20gb (0),1,,13,cupy_copy__complex64_complex64
5907505271,82367,415915,1,1,1,32,32,1,30,0.000,0.000,,,,,NVIDIA A100-SXM4-40GB MIG 4g.20gb (0),1,,13,"void convert_kernel<__half2, float2>(tensor_layout_any, T1 *, tensor_layout_any, const T2 *)"
5907614870,5632,415918,,,,,,,,,,0.094,16636.287,Pinned,Device,NVIDIA A100-SXM4-40GB MIG 4g.20gb (0),1,,13,[CUDA memcpy Host-to-Device]
5907625046,597912,415919,,,,,,,,,,456.561,763370.728,Device,,NVIDIA A100-SXM4-40GB MIG 4g.20gb (0),1,,13,[CUDA memset]
5908224398,168190,415924,,,,,,,,,,1.235,7341.742,Pinned,Device,NVIDIA A100-SXM4-40GB MIG 4g.20gb (0),1,,13,[CUDA memcpy Host-to-Device]
5908407500,41279,415925,,,,,,,,,,0.197,4762.829,Pinned,Device,NVIDIA A100-SXM4-40GB MIG 4g.20gb (0),1,,13,[CUDA memcpy Host-to-Device]
5908476395,8608,415926,69,4,1,48,1,1,76,0.002,0.000,,,,,NVIDIA A100-SXM4-40GB MIG 4g.20gb (0),1,,13,"void ch_est::windowedChEstPreNoDftSOfdmKernel<float, __half, float, (unsigned int)2, (unsigned int)1, (unsigned short)4>(ch_est::puschRxChEstStatDescr_t *, ch_est::puschRxChEstDynDescr_t *)"
5908493899,6816,415927,137,2,1,24,2,1,44,0.001,0.001,,,,,NVIDIA A100-SXM4-40GB MIG 4g.20gb (0),1,,13,"void ch_est::chEstFilterNoDftSOfdmDispatchKernel<float, __half, float, (unsigned int)2>(ch_est::puschRxChEstStatDescr_t *, ch_est::puschRxChEstDynDescr_t *)"
5908510731,4736,415928,137,2,1,24,2,1,44,0.001,0.001,,,,,NVIDIA A100-SXM4-40GB MIG 4g.20gb (0),1,,13,"void ch_est::chEstFilterNoDftSOfdmDispatchKernel<float, __half, float, (unsigned int)2>(ch_est::puschRxChEstStatDescr_t *, ch_est::puschRxChEstDynDescr_t *)"
5908528682,2720,415939,103,1,1,128,1,1,16,0.000,0.000,,,,,NVIDIA A100-SXM4-40GB MIG 4g.20gb (0),1,,13,cupy_copy__complex64_complex64
5908545802,12928,415949,1434,1,1,128,1,1,16,0.000,0.000,,,,,NVIDIA A100-SXM4-40GB MIG 4g.20gb (0),1,,13,cupy_copy__complex64_complex64
5908564586,2912,415956,103,1,1,128,1,1,16,0.000,0.000,,,,,NVIDIA A100-SXM4-40GB MIG 4g.20gb (0),1,,13,cupy_copy__complex64_complex64
5908590090,87871,415963,1,1,1,32,32,1,30,0.000,0.000,,,,,NVIDIA A100-SXM4-40GB MIG 4g.20gb (0),1,,13,"void convert_kernel<__half2, float2>(tensor_layout_any, T1 *, tensor_layout_any, const T2 *)"
5908712648,25568,415966,,,,,,,,,,0.094,3664.544,Pinned,Device,NVIDIA A100-SXM4-40GB MIG 4g.20gb (0),1,,13,[CUDA memcpy Host-to-Device]
5908762376,46975,415967,,,,,,,,,,35.810,762285.767,Device,,NVIDIA A100-SXM4-40GB MIG 4g.20gb (0),1,,13,[CUDA memset]
5908815239,13824,415969,,,,,,,,,,0.000,5.787,Pinned,Device,NVIDIA A100-SXM4-40GB MIG 4g.20gb (0),1,,13,[CUDA memcpy Host-to-Device]
5908836263,20959,415970,,,,,,,,,,0.197,9380.561,Pinned,Device,NVIDIA A100-SXM4-40GB MIG 4g.20gb (0),1,,13,[CUDA memcpy Host-to-Device]
5908886630,9920,415971,273,1,1,48,1,1,40,0.000,0.001,,,,,NVIDIA A100-SXM4-40GB MIG 4g.20gb (0),1,,13,"void pusch_noise_intf_est::noiseIntfEstNoDftSOfdmKernel<float, __half, float, float, (unsigned int)2, (unsigned int)1, (unsigned char)4, (unsigned char)4>(pusch_noise_intf_est::puschRxNoiseIntfEstDynDescr)"
5908909446,2816,415982,35,1,1,128,1,1,16,0.000,0.000,,,,,NVIDIA A100-SXM4-40GB MIG 4g.20gb (0),1,,13,cupy_copy__complex64_complex64
5908918342,1792,415991,1,1,1,1,1,1,18,0.000,0.000,,,,,NVIDIA A100-SXM4-40GB MIG 4g.20gb (0),1,,13,cupy_copy__float32_float32
5908924806,2880,415997,,,,,,,,,,0.000,1.389,Device,Pageable,NVIDIA A100-SXM4-40GB MIG 4g.20gb (0),1,,7,[CUDA memcpy Device-to-Host]
5908989989,13344,416008,1434,1,1,128,1,1,16,0.000,0.000,,,,,NVIDIA A100-SXM4-40GB MIG 4g.20gb (0),1,,13,cupy_copy__complex64_complex64
5909015684,3488,416015,103,1,1,128,1,1,16,0.000,0.000,,,,,NVIDIA A100-SXM4-40GB MIG 4g.20gb (0),1,,13,cupy_copy__complex64_complex64
5909036708,2592,416022,35,1,1,128,1,1,16,0.000,0.000,,,,,NVIDIA A100-SXM4-40GB MIG 4g.20gb (0),1,,13,cupy_copy__complex64_complex64
5909054180,1856,416029,1,1,1,1,1,1,18,0.000,0.000,,,,,NVIDIA A100-SXM4-40GB MIG 4g.20gb (0),1,,13,cupy_copy__float32_float32
5909191074,88031,416040,1,1,1,32,32,1,30,0.000,0.000,,,,,NVIDIA A100-SXM4-40GB MIG 4g.20gb (0),1,,13,"void convert_kernel<__half2, float2>(tensor_layout_any, T1 *, tensor_layout_any, const T2 *)"
5909306977,5536,416043,,,,,,,,,,0.094,16924.777,Pinned,Device,NVIDIA A100-SXM4-40GB MIG 4g.20gb (0),1,,13,[CUDA memcpy Host-to-Device]
5909322273,3392,416044,,,,,,,,,,1.547,455961.768,Device,,NVIDIA A100-SXM4-40GB MIG 4g.20gb (0),1,,13,[CUDA memset]
5909328129,3200,416049,,,,,,,,,,0.031,9780.000,Pinned,Device,NVIDIA A100-SXM4-40GB MIG 4g.20gb (0),1,,13,[CUDA memcpy Host-to-Device]
5909333409,9407,416050,,,,,,,,,,0.197,20900.020,Pinned,Device,NVIDIA A100-SXM4-40GB MIG 4g.20gb (0),1,,13,[CUDA memcpy Host-to-Device]
5909347136,8064,416051,273,1,1,8,4,1,39,0.002,0.000,,,,,NVIDIA A100-SXM4-40GB MIG 4g.20gb (0),1,,13,"void channel_eq::eqMmseCoefCompLowMimoKernel<float, float, float, (unsigned int)4, (unsigned int)1, (unsigned int)4>(const channel_eq::_puschRxChEqStatDescr *, channel_eq::_puschRxChEqCoefCompDynDescr)"
5909356128,6528,416052,273,1,1,12,11,1,51,0.002,0.000,,,,,NVIDIA A100-SXM4-40GB MIG 4g.20gb (0),1,,13,"void channel_eq::eqMmseSoftDemapKernel<float, __half, __half, float, (unsigned int)4, (unsigned short)16383>(channel_eq::_puschRxChEqStatDescr *, channel_eq::_puschRxChEqSoftDemapDynDescr)"
5909363712,282205,416053,1,1,1,32,32,1,30,0.000,0.000,,,,,NVIDIA A100-SXM4-40GB MIG 4g.20gb (0),1,,13,"void convert_kernel<float2, __half2>(tensor_layout_any, T1 *, tensor_layout_any, const T2 *)"
5909648157,11072,416065,2253,1,1,128,1,1,16,0.000,0.000,,,,,NVIDIA A100-SXM4-40GB MIG 4g.20gb (0),1,,13,cupy_copy__float16_float16
5909660925,3615,416074,282,1,1,128,1,1,16,0.000,0.000,,,,,NVIDIA A100-SXM4-40GB MIG 4g.20gb (0),1,,13,cupy_copy__complex64_complex64
5909667804,2336,416083,26,1,1,128,1,1,16,0.000,0.000,,,,,NVIDIA A100-SXM4-40GB MIG 4g.20gb (0),1,,13,cupy_copy__float32_float32
5909672988,3136,416092,103,1,1,128,1,1,16,0.000,0.000,,,,,NVIDIA A100-SXM4-40GB MIG 4g.20gb (0),1,,13,cupy_copy__complex64_complex64
5909678684,12096,416102,1434,1,1,128,1,1,16,0.000,0.000,,,,,NVIDIA A100-SXM4-40GB MIG 4g.20gb (0),1,,13,cupy_copy__complex64_complex64
5909699484,87167,416107,1,1,1,32,32,1,30,0.000,0.000,,,,,NVIDIA A100-SXM4-40GB MIG 4g.20gb (0),1,,13,"void convert_kernel<__half2, float2>(tensor_layout_any, T1 *, tensor_layout_any, const T2 *)"
5909813659,5696,416110,,,,,,,,,,0.094,16449.363,Pinned,Device,NVIDIA A100-SXM4-40GB MIG 4g.20gb (0),1,,13,[CUDA memcpy Host-to-Device]
5909824411,596056,416111,,,,,,,,,,456.561,765653.535,Device,,NVIDIA A100-SXM4-40GB MIG 4g.20gb (0),1,,13,[CUDA memset]
5910423731,156926,416116,,,,,,,,,,1.235,7869.063,Pinned,Device,NVIDIA A100-SXM4-40GB MIG 4g.20gb (0),1,,13,[CUDA memcpy Host-to-Device]
5910594449,40064,416117,,,,,,,,,,0.197,4907.336,Pinned,Device,NVIDIA A100-SXM4-40GB MIG 4g.20gb (0),1,,13,[CUDA memcpy Host-to-Device]
5910652720,8224,416118,69,4,1,48,1,1,76,0.002,0.000,,,,,NVIDIA A100-SXM4-40GB MIG 4g.20gb (0),1,,13,"void ch_est::windowedChEstPreNoDftSOfdmKernel<float, __half, float, (unsigned int)2, (unsigned int)1, (unsigned short)4>(ch_est::puschRxChEstStatDescr_t *, ch_est::puschRxChEstDynDescr_t *)"
5910672080,6624,416119,137,2,1,24,2,1,44,0.001,0.001,,,,,NVIDIA A100-SXM4-40GB MIG 4g.20gb (0),1,,13,"void ch_est::chEstFilterNoDftSOfdmDispatchKernel<float, __half, float, (unsigned int)2>(ch_est::puschRxChEstStatDescr_t *, ch_est::puschRxChEstDynDescr_t *)"
5910688720,4768,416120,137,2,1,24,2,1,44,0.001,0.001,,,,,NVIDIA A100-SXM4-40GB MIG 4g.20gb (0),1,,13,"void ch_est::chEstFilterNoDftSOfdmDispatchKernel<float, __half, float, (unsigned int)2>(ch_est::puschRxChEstStatDescr_t *, ch_est::puschRxChEstDynDescr_t *)"
5910706224,2496,416131,103,1,1,128,1,1,16,0.000,0.000,,,,,NVIDIA A100-SXM4-40GB MIG 4g.20gb (0),1,,13,cupy_copy__complex64_complex64
5910723407,12256,416141,1434,1,1,128,1,1,16,0.000,0.000,,,,,NVIDIA A100-SXM4-40GB MIG 4g.20gb (0),1,,13,cupy_copy__complex64_complex64
5910743055,2880,416148,103,1,1,128,1,1,16,0.000,0.000,,,,,NVIDIA A100-SXM4-40GB MIG 4g.20gb (0),1,,13,cupy_copy__complex64_complex64
5910763407,88447,416155,1,1,1,32,32,1,30,0.000,0.000,,,,,NVIDIA A100-SXM4-40GB MIG 4g.20gb (0),1,,13,"void convert_kernel<__half2, float2>(tensor_layout_any, T1 *, tensor_layout_any, const T2 *)"
5910887149,27968,416158,,,,,,,,,,0.094,3350.100,Pinned,Device,NVIDIA A100-SXM4-40GB MIG 4g.20gb (0),1,,13,[CUDA memcpy Host-to-Device]
5910936525,47903,416159,,,,,,,,,,35.810,747532.080,Device,,NVIDIA A100-SXM4-40GB MIG 4g.20gb (0),1,,13,[CUDA memset]
5910986380,15136,416161,,,,,,,,,,0.000,5.285,Pinned,Device,NVIDIA A100-SXM4-40GB MIG 4g.20gb (0),1,,13,[CUDA memcpy Host-to-Device]
5911010188,29856,416162,,,,,,,,,,0.197,6585.188,Pinned,Device,NVIDIA A100-SXM4-40GB MIG 4g.20gb (0),1,,13,[CUDA memcpy Host-to-Device]
5911059403,9408,416163,273,1,1,48,1,1,40,0.000,0.001,,,,,NVIDIA A100-SXM4-40GB MIG 4g.20gb (0),1,,13,"void pusch_noise_intf_est::noiseIntfEstNoDftSOfdmKernel<float, __half, float, float, (unsigned int)2, (unsigned int)1, (unsigned char)4, (unsigned char)4>(pusch_noise_intf_est::puschRxNoiseIntfEstDynDescr)"
5911079179,2688,416174,35,1,1,128,1,1,16,0.000,0.000,,,,,NVIDIA A100-SXM4-40GB MIG 4g.20gb (0),1,,13,cupy_copy__complex64_complex64
5911095499,1696,416183,1,1,1,1,1,1,18,0.000,0.000,,,,,NVIDIA A100-SXM4-40GB MIG 4g.20gb (0),1,,13,cupy_copy__float32_float32
5911105195,6272,416189,,,,,,,,,,0.000,0.638,Device,Pageable,NVIDIA A100-SXM4-40GB MIG 4g.20gb (0),1,,7,[CUDA memcpy Device-to-Host]
5911203658,13087,416200,1434,1,1,128,1,1,16,0.000,0.000,,,,,NVIDIA A100-SXM4-40GB MIG 4g.20gb (0),1,,13,cupy_copy__complex64_complex64
5911228841,2624,416207,103,1,1,128,1,1,16,0.000,0.000,,,,,NVIDIA A100-SXM4-40GB MIG 4g.20gb (0),1,,13,cupy_copy__complex64_complex64
5911245993,2176,416214,35,1,1,128,1,1,16,0.000,0.000,,,,,NVIDIA A100-SXM4-40GB MIG 4g.20gb (0),1,,13,cupy_copy__complex64_complex64
5911266633,1792,416221,1,1,1,1,1,1,18,0.000,0.000,,,,,NVIDIA A100-SXM4-40GB MIG 4g.20gb (0),1,,13,cupy_copy__float32_float32
5911390887,87071,416232,1,1,1,32,32,1,30,0.000,0.000,,,,,NVIDIA A100-SXM4-40GB MIG 4g.20gb (0),1,,13,"void convert_kernel<__half2, float2>(tensor_layout_any, T1 *, tensor_layout_any, const T2 *)"
5911506278,6016,416235,,,,,,,,,,0.094,15574.430,Pinned,Device,NVIDIA A100-SXM4-40GB MIG 4g.20gb (0),1,,13,[CUDA memcpy Host-to-Device]
5911521094,3392,416236,,,,,,,,,,1.547,455961.768,Device,,NVIDIA A100-SXM4-40GB MIG 4g.20gb (0),1,,13,[CUDA memset]
5911527366,3807,416241,,,,,,,,,,0.031,8220.646,Pinned,Device,NVIDIA A100-SXM4-40GB MIG 4g.20gb (0),1,,13,[CUDA memcpy Host-to-Device]
5911533253,9600,416242,,,,,,,,,,0.197,20479.869,Pinned,Device,NVIDIA A100-SXM4-40GB MIG 4g.20gb (0),1,,13,[CUDA memcpy Host-to-Device]
5911550981,6304,416243,273,1,1,8,4,1,39,0.002,0.000,,,,,NVIDIA A100-SXM4-40GB MIG 4g.20gb (0),1,,13,"void channel_eq::eqMmseCoefCompLowMimoKernel<float, float, float, (unsigned int)4, (unsigned int)1, (unsigned int)4>(const channel_eq::_puschRxChEqStatDescr *, channel_eq::_puschRxChEqCoefCompDynDescr)"
5911560741,5472,416244,273,1,1,12,11,1,51,0.002,0.000,,,,,NVIDIA A100-SXM4-40GB MIG 4g.20gb (0),1,,13,"void channel_eq::eqMmseSoftDemapKernel<float, __half, __half, float, (unsigned int)4, (unsigned short)16383>(channel_eq::_puschRxChEqStatDescr *, channel_eq::_puschRxChEqSoftDemapDynDescr)"
5911568357,291676,416245,1,1,1,32,32,1,30,0.000,0.000,,,,,NVIDIA A100-SXM4-40GB MIG 4g.20gb (0),1,,13,"void convert_kernel<float2, __half2>(tensor_layout_any, T1 *, tensor_layout_any, const T2 *)"
5911863329,11200,416257,2253,1,1,128,1,1,16,0.000,0.000,,,,,NVIDIA A100-SXM4-40GB MIG 4g.20gb (0),1,,13,cupy_copy__float16_float16
5911876737,2944,416266,282,1,1,128,1,1,16,0.000,0.000,,,,,NVIDIA A100-SXM4-40GB MIG 4g.20gb (0),1,,13,cupy_copy__complex64_complex64
5911880705,2240,416275,26,1,1,128,1,1,16,0.000,0.000,,,,,NVIDIA A100-SXM4-40GB MIG 4g.20gb (0),1,,13,cupy_copy__float32_float32
5911885569,2912,416284,103,1,1,128,1,1,16,0.000,0.000,,,,,NVIDIA A100-SXM4-40GB MIG 4g.20gb (0),1,,13,cupy_copy__complex64_complex64
5911889857,12320,416294,1434,1,1,128,1,1,16,0.000,0.000,,,,,NVIDIA A100-SXM4-40GB MIG 4g.20gb (0),1,,13,cupy_copy__complex64_complex64
5911904673,83391,416299,1,1,1,32,32,1,30,0.000,0.000,,,,,NVIDIA A100-SXM4-40GB MIG 4g.20gb (0),1,,13,"void convert_kernel<__half2, float2>(tensor_layout_any, T1 *, tensor_layout_any, const T2 *)"
5912015840,5503,416302,,,,,,,,,,0.094,17026.343,Pinned,Device,NVIDIA A100-SXM4-40GB MIG 4g.20gb (0),1,,13,[CUDA memcpy Host-to-Device]
5912025663,597145,416303,,,,,,,,,,456.561,764283.851,Device,,NVIDIA A100-SXM4-40GB MIG 4g.20gb (0),1,,13,[CUDA memset]
5912626232,111455,416308,,,,,,,,,,1.235,11079.918,Pinned,Device,NVIDIA A100-SXM4-40GB MIG 4g.20gb (0),1,,13,[CUDA memcpy Host-to-Device]
5912747158,23200,416309,,,,,,,,,,0.197,8474.395,Pinned,Device,NVIDIA A100-SXM4-40GB MIG 4g.20gb (0),1,,13,[CUDA memcpy Host-to-Device]
5912785238,8992,416310,69,4,1,48,1,1,76,0.002,0.000,,,,,NVIDIA A100-SXM4-40GB MIG 4g.20gb (0),1,,13,"void ch_est::windowedChEstPreNoDftSOfdmKernel<float, __half, float, (unsigned int)2, (unsigned int)1, (unsigned short)4>(ch_est::puschRxChEstStatDescr_t *, ch_est::puschRxChEstDynDescr_t *)"
5912799030,7616,416311,137,2,1,24,2,1,44,0.001,0.001,,,,,NVIDIA A100-SXM4-40GB MIG 4g.20gb (0),1,,13,"void ch_est::chEstFilterNoDftSOfdmDispatchKernel<float, __half, float, (unsigned int)2>(ch_est::puschRxChEstStatDescr_t *, ch_est::puschRxChEstDynDescr_t *)"
5912809974,5248,416312,137,2,1,24,2,1,44,0.001,0.001,,,,,NVIDIA A100-SXM4-40GB MIG 4g.20gb (0),1,,13,"void ch_est::chEstFilterNoDftSOfdmDispatchKernel<float, __half, float, (unsigned int)2>(ch_est::puschRxChEstStatDescr_t *, ch_est::puschRxChEstDynDescr_t *)"
5912819862,2816,416323,103,1,1,128,1,1,16,0.000,0.000,,,,,NVIDIA A100-SXM4-40GB MIG 4g.20gb (0),1,,13,cupy_copy__complex64_complex64
5912825142,12831,416333,1434,1,1,128,1,1,16,0.000,0.000,,,,,NVIDIA A100-SXM4-40GB MIG 4g.20gb (0),1,,13,cupy_copy__complex64_complex64
5912843061,2560,416340,103,1,1,128,1,1,16,0.000,0.000,,,,,NVIDIA A100-SXM4-40GB MIG 4g.20gb (0),1,,13,cupy_copy__complex64_complex64
5912847509,87231,416347,1,1,1,32,32,1,30,0.000,0.000,,,,,NVIDIA A100-SXM4-40GB MIG 4g.20gb (0),1,,13,"void convert_kernel<__half2, float2>(tensor_layout_any, T1 *, tensor_layout_any, const T2 *)"
5912962708,5760,416350,,,,,,,,,,0.094,16266.656,Pinned,Device,NVIDIA A100-SXM4-40GB MIG 4g.20gb (0),1,,13,[CUDA memcpy Host-to-Device]
5912974804,46623,416351,,,,,,,,,,35.810,768051.164,Device,,NVIDIA A100-SXM4-40GB MIG 4g.20gb (0),1,,13,[CUDA memset]
5913027891,3136,416353,,,,,,,,,,0.000,25.510,Pinned,Device,NVIDIA A100-SXM4-40GB MIG 4g.20gb (0),1,,13,[CUDA memcpy Host-to-Device]
5913035923,12096,416354,,,,,,,,,,0.197,16253.780,Pinned,Device,NVIDIA A100-SXM4-40GB MIG 4g.20gb (0),1,,13,[CUDA memcpy Host-to-Device]
5913056595,10688,416355,273,1,1,48,1,1,40,0.000,0.001,,,,,NVIDIA A100-SXM4-40GB MIG 4g.20gb (0),1,,13,"void pusch_noise_intf_est::noiseIntfEstNoDftSOfdmKernel<float, __half, float, float, (unsigned int)2, (unsigned int)1, (unsigned char)4, (unsigned char)4>(pusch_noise_intf_est::puschRxNoiseIntfEstDynDescr)"
5913070387,3167,416366,35,1,1,128,1,1,16,0.000,0.000,,,,,NVIDIA A100-SXM4-40GB MIG 4g.20gb (0),1,,13,cupy_copy__complex64_complex64
5913086386,1792,416375,1,1,1,1,1,1,18,0.000,0.000,,,,,NVIDIA A100-SXM4-40GB MIG 4g.20gb (0),1,,13,cupy_copy__float32_float32
5913115186,1600,416381,,,,,,,,,,0.000,2.500,Device,Pageable,NVIDIA A100-SXM4-40GB MIG 4g.20gb (0),1,,7,[CUDA memcpy Device-to-Host]
5913174737,13344,416392,1434,1,1,128,1,1,16,0.000,0.000,,,,,NVIDIA A100-SXM4-40GB MIG 4g.20gb (0),1,,13,cupy_copy__complex64_complex64
5913201873,2752,416399,103,1,1,128,1,1,16,0.000,0.000,,,,,NVIDIA A100-SXM4-40GB MIG 4g.20gb (0),1,,13,cupy_copy__complex64_complex64
5913226481,2304,416406,35,1,1,128,1,1,16,0.000,0.000,,,,,NVIDIA A100-SXM4-40GB MIG 4g.20gb (0),1,,13,cupy_copy__complex64_complex64
5913245328,1760,416413,1,1,1,1,1,1,18,0.000,0.000,,,,,NVIDIA A100-SXM4-40GB MIG 4g.20gb (0),1,,13,cupy_copy__float32_float32
5913377103,82143,416424,1,1,1,32,32,1,30,0.000,0.000,,,,,NVIDIA A100-SXM4-40GB MIG 4g.20gb (0),1,,13,"void convert_kernel<__half2, float2>(tensor_layout_any, T1 *, tensor_layout_any, const T2 *)"
5913487085,5760,416427,,,,,,,,,,0.094,16266.656,Pinned,Device,NVIDIA A100-SXM4-40GB MIG 4g.20gb (0),1,,13,[CUDA memcpy Host-to-Device]
5913504173,3360,416428,,,,,,,,,,1.547,460304.688,Device,,NVIDIA A100-SXM4-40GB MIG 4g.20gb (0),1,,13,[CUDA memset]
5913509453,3392,416433,,,,,,,,,,0.031,9226.405,Pinned,Device,NVIDIA A100-SXM4-40GB MIG 4g.20gb (0),1,,13,[CUDA memcpy Host-to-Device]
5913515245,9504,416434,,,,,,,,,,0.197,20686.701,Pinned,Device,NVIDIA A100-SXM4-40GB MIG 4g.20gb (0),1,,13,[CUDA memcpy Host-to-Device]
5913528973,6336,416435,273,1,1,8,4,1,39,0.002,0.000,,,,,NVIDIA A100-SXM4-40GB MIG 4g.20gb (0),1,,13,"void channel_eq::eqMmseCoefCompLowMimoKernel<float, float, float, (unsigned int)4, (unsigned int)1, (unsigned int)4>(const channel_eq::_puschRxChEqStatDescr *, channel_eq::_puschRxChEqCoefCompDynDescr)"
5913536365,6304,416436,273,1,1,12,11,1,51,0.002,0.000,,,,,NVIDIA A100-SXM4-40GB MIG 4g.20gb (0),1,,13,"void channel_eq::eqMmseSoftDemapKernel<float, __half, __half, float, (unsigned int)4, (unsigned short)16383>(channel_eq::_puschRxChEqStatDescr *, channel_eq::_puschRxChEqSoftDemapDynDescr)"
5913544109,294300,416437,1,1,1,32,32,1,30,0.000,0.000,,,,,NVIDIA A100-SXM4-40GB MIG 4g.20gb (0),1,,13,"void convert_kernel<float2, __half2>(tensor_layout_any, T1 *, tensor_layout_any, const T2 *)"
5913839433,10976,416449,2253,1,1,128,1,1,16,0.000,0.000,,,,,NVIDIA A100-SXM4-40GB MIG 4g.20gb (0),1,,13,cupy_copy__float16_float16
5913853449,3776,416458,282,1,1,128,1,1,16,0.000,0.000,,,,,NVIDIA A100-SXM4-40GB MIG 4g.20gb (0),1,,13,cupy_copy__complex64_complex64
5913859337,2048,416467,26,1,1,128,1,1,16,0.000,0.000,,,,,NVIDIA A100-SXM4-40GB MIG 4g.20gb (0),1,,13,cupy_copy__float32_float32
5913862473,3648,416476,103,1,1,128,1,1,16,0.000,0.000,,,,,NVIDIA A100-SXM4-40GB MIG 4g.20gb (0),1,,13,cupy_copy__complex64_complex64
5913867209,12160,416486,1434,1,1,128,1,1,16,0.000,0.000,,,,,NVIDIA A100-SXM4-40GB MIG 4g.20gb (0),1,,13,cupy_copy__complex64_complex64
5913884296,87007,416491,1,1,1,32,32,1,30,0.000,0.000,,,,,NVIDIA A100-SXM4-40GB MIG 4g.20gb (0),1,,13,"void convert_kernel<__half2, float2>(tensor_layout_any, T1 *, tensor_layout_any, const T2 *)"
5913998343,5792,416494,,,,,,,,,,0.094,16176.708,Pinned,Device,NVIDIA A100-SXM4-40GB MIG 4g.20gb (0),1,,13,[CUDA memcpy Host-to-Device]
5914008167,598137,416495,,,,,,,,,,456.561,762914.166,Device,,NVIDIA A100-SXM4-40GB MIG 4g.20gb (0),1,,13,[CUDA memset]
5914614399,137791,416500,,,,,,,,,,1.235,8961.989,Pinned,Device,NVIDIA A100-SXM4-40GB MIG 4g.20gb (0),1,,13,[CUDA memcpy Host-to-Device]
5914764478,40351,416501,,,,,,,,,,0.197,4872.339,Pinned,Device,NVIDIA A100-SXM4-40GB MIG 4g.20gb (0),1,,13,[CUDA memcpy Host-to-Device]
5914826877,8320,416502,69,4,1,48,1,1,76,0.002,0.000,,,,,NVIDIA A100-SXM4-40GB MIG 4g.20gb (0),1,,13,"void ch_est::windowedChEstPreNoDftSOfdmKernel<float, __half, float, (unsigned int)2, (unsigned int)1, (unsigned short)4>(ch_est::puschRxChEstStatDescr_t *, ch_est::puschRxChEstDynDescr_t *)"
5914844701,6720,416503,137,2,1,24,2,1,44,0.001,0.001,,,,,NVIDIA A100-SXM4-40GB MIG 4g.20gb (0),1,,13,"void ch_est::chEstFilterNoDftSOfdmDispatchKernel<float, __half, float, (unsigned int)2>(ch_est::puschRxChEstStatDescr_t *, ch_est::puschRxChEstDynDescr_t *)"
5914864252,4672,416504,137,2,1,24,2,1,44,0.001,0.001,,,,,NVIDIA A100-SXM4-40GB MIG 4g.20gb (0),1,,13,"void ch_est::chEstFilterNoDftSOfdmDispatchKernel<float, __half, float, (unsigned int)2>(ch_est::puschRxChEstStatDescr_t *, ch_est::puschRxChEstDynDescr_t *)"
5914881084,2720,416515,103,1,1,128,1,1,16,0.000,0.000,,,,,NVIDIA A100-SXM4-40GB MIG 4g.20gb (0),1,,13,cupy_copy__complex64_complex64
5914898428,12448,416525,1434,1,1,128,1,1,16,0.000,0.000,,,,,NVIDIA A100-SXM4-40GB MIG 4g.20gb (0),1,,13,cupy_copy__complex64_complex64
5914919996,2528,416532,103,1,1,128,1,1,16,0.000,0.000,,,,,NVIDIA A100-SXM4-40GB MIG 4g.20gb (0),1,,13,cupy_copy__complex64_complex64
5914937372,88862,416539,1,1,1,32,32,1,30,0.000,0.000,,,,,NVIDIA A100-SXM4-40GB MIG 4g.20gb (0),1,,13,"void convert_kernel<__half2, float2>(tensor_layout_any, T1 *, tensor_layout_any, const T2 *)"
5915058682,12768,416542,,,,,,,,,,0.094,7338.271,Pinned,Device,NVIDIA A100-SXM4-40GB MIG 4g.20gb (0),1,,13,[CUDA memcpy Host-to-Device]
5915081914,46527,416543,,,,,,,,,,35.810,769626.801,Device,,NVIDIA A100-SXM4-40GB MIG 4g.20gb (0),1,,13,[CUDA memset]
5915134841,3232,416545,,,,,,,,,,0.000,24.752,Pinned,Device,NVIDIA A100-SXM4-40GB MIG 4g.20gb (0),1,,13,[CUDA memcpy Host-to-Device]
5915143833,14688,416546,,,,,,,,,,0.197,13385.466,Pinned,Device,NVIDIA A100-SXM4-40GB MIG 4g.20gb (0),1,,13,[CUDA memcpy Host-to-Device]
5915165241,10528,416547,273,1,1,48,1,1,40,0.000,0.001,,,,,NVIDIA A100-SXM4-40GB MIG 4g.20gb (0),1,,13,"void pusch_noise_intf_est::noiseIntfEstNoDftSOfdmKernel<float, __half, float, float, (unsigned int)2, (unsigned int)1, (unsigned char)4, (unsigned char)4>(pusch_noise_intf_est::puschRxNoiseIntfEstDynDescr)"
5915179737,2751,416558,35,1,1,128,1,1,16,0.000,0.000,,,,,NVIDIA A100-SXM4-40GB MIG 4g.20gb (0),1,,13,cupy_copy__complex64_complex64
5915188600,2144,416567,1,1,1,1,1,1,18,0.000,0.000,,,,,NVIDIA A100-SXM4-40GB MIG 4g.20gb (0),1,,13,cupy_copy__float32_float32
5915211096,1568,416573,,,,,,,,,,0.000,2.551,Device,Pageable,NVIDIA A100-SXM4-40GB MIG 4g.20gb (0),1,,7,[CUDA memcpy Device-to-Host]
5915270327,12640,416584,1434,1,1,128,1,1,16,0.000,0.000,,,,,NVIDIA A100-SXM4-40GB MIG 4g.20gb (0),1,,13,cupy_copy__complex64_complex64
5915301687,2976,416591,103,1,1,128,1,1,16,0.000,0.000,,,,,NVIDIA A100-SXM4-40GB MIG 4g.20gb (0),1,,13,cupy_copy__complex64_complex64
5915322135,2176,416598,35,1,1,128,1,1,16,0.000,0.000,,,,,NVIDIA A100-SXM4-40GB MIG 4g.20gb (0),1,,13,cupy_copy__complex64_complex64
5915340119,1760,416605,1,1,1,1,1,1,18,0.000,0.000,,,,,NVIDIA A100-SXM4-40GB MIG 4g.20gb (0),1,,13,cupy_copy__float32_float32
5915472949,82367,416616,1,1,1,32,32,1,30,0.000,0.000,,,,,NVIDIA A100-SXM4-40GB MIG 4g.20gb (0),1,,13,"void convert_kernel<__half2, float2>(tensor_layout_any, T1 *, tensor_layout_any, const T2 *)"
5915583540,5823,416619,,,,,,,,,,0.094,16090.601,Pinned,Device,NVIDIA A100-SXM4-40GB MIG 4g.20gb (0),1,,13,[CUDA memcpy Host-to-Device]
5915599219,3328,416620,,,,,,,,,,1.547,464729.580,Device,,NVIDIA A100-SXM4-40GB MIG 4g.20gb (0),1,,13,[CUDA memset]
5915604339,3552,416625,,,,,,,,,,0.031,8810.794,Pinned,Device,NVIDIA A100-SXM4-40GB MIG 4g.20gb (0),1,,13,[CUDA memcpy Host-to-Device]
5915610291,9536,416626,,,,,,,,,,0.197,20617.298,Pinned,Device,NVIDIA A100-SXM4-40GB MIG 4g.20gb (0),1,,13,[CUDA memcpy Host-to-Device]
5915623859,6176,416627,273,1,1,8,4,1,39,0.002,0.000,,,,,NVIDIA A100-SXM4-40GB MIG 4g.20gb (0),1,,13,"void channel_eq::eqMmseCoefCompLowMimoKernel<float, float, float, (unsigned int)4, (unsigned int)1, (unsigned int)4>(const channel_eq::_puschRxChEqStatDescr *, channel_eq::_puschRxChEqCoefCompDynDescr)"
5915631059,5856,416628,273,1,1,12,11,1,51,0.002,0.000,,,,,NVIDIA A100-SXM4-40GB MIG 4g.20gb (0),1,,13,"void channel_eq::eqMmseSoftDemapKernel<float, __half, __half, float, (unsigned int)4, (unsigned short)16383>(channel_eq::_puschRxChEqStatDescr *, channel_eq::_puschRxChEqSoftDemapDynDescr)"
5915638035,283644,416629,1,1,1,32,32,1,30,0.000,0.000,,,,,NVIDIA A100-SXM4-40GB MIG 4g.20gb (0),1,,13,"void convert_kernel<float2, __half2>(tensor_layout_any, T1 *, tensor_layout_any, const T2 *)"
5915922735,10880,416641,2253,1,1,128,1,1,16,0.000,0.000,,,,,NVIDIA A100-SXM4-40GB MIG 4g.20gb (0),1,,13,cupy_copy__float16_float16
5915938063,3136,416650,282,1,1,128,1,1,16,0.000,0.000,,,,,NVIDIA A100-SXM4-40GB MIG 4g.20gb (0),1,,13,cupy_copy__complex64_complex64
5915945007,2272,416659,26,1,1,128,1,1,16,0.000,0.000,,,,,NVIDIA A100-SXM4-40GB MIG 4g.20gb (0),1,,13,cupy_copy__float32_float32
5915950991,4576,416668,103,1,1,128,1,1,16,0.000,0.000,,,,,NVIDIA A100-SXM4-40GB MIG 4g.20gb (0),1,,13,cupy_copy__complex64_complex64
5915957711,12128,416678,1434,1,1,128,1,1,16,0.000,0.000,,,,,NVIDIA A100-SXM4-40GB MIG 4g.20gb (0),1,,13,cupy_copy__complex64_complex64
5915973295,87519,416683,1,1,1,32,32,1,30,0.000,0.000,,,,,NVIDIA A100-SXM4-40GB MIG 4g.20gb (0),1,,13,"void convert_kernel<__half2, float2>(tensor_layout_any, T1 *, tensor_layout_any, const T2 *)"
5916088397,5376,416686,,,,,,,,,,0.094,17428.487,Pinned,Device,NVIDIA A100-SXM4-40GB MIG 4g.20gb (0),1,,13,[CUDA memcpy Host-to-Device]
5916098605,598137,416687,,,,,,,,,,456.561,762914.166,Device,,NVIDIA A100-SXM4-40GB MIG 4g.20gb (0),1,,13,[CUDA memset]
5916701286,152606,416692,,,,,,,,,,1.235,8091.353,Pinned,Device,NVIDIA A100-SXM4-40GB MIG 4g.20gb (0),1,,13,[CUDA memcpy Host-to-Device]
5916866596,41855,416693,,,,,,,,,,0.197,4697.358,Pinned,Device,NVIDIA A100-SXM4-40GB MIG 4g.20gb (0),1,,13,[CUDA memcpy Host-to-Device]
5916926243,8000,416694,69,4,1,48,1,1,76,0.002,0.000,,,,,NVIDIA A100-SXM4-40GB MIG 4g.20gb (0),1,,13,"void ch_est::windowedChEstPreNoDftSOfdmKernel<float, __half, float, (unsigned int)2, (unsigned int)1, (unsigned short)4>(ch_est::puschRxChEstStatDescr_t *, ch_est::puschRxChEstDynDescr_t *)"
5916945891,6400,416695,137,2,1,24,2,1,44,0.001,0.001,,,,,NVIDIA A100-SXM4-40GB MIG 4g.20gb (0),1,,13,"void ch_est::chEstFilterNoDftSOfdmDispatchKernel<float, __half, float, (unsigned int)2>(ch_est::puschRxChEstStatDescr_t *, ch_est::puschRxChEstDynDescr_t *)"
5916962691,4767,416696,137,2,1,24,2,1,44,0.001,0.001,,,,,NVIDIA A100-SXM4-40GB MIG 4g.20gb (0),1,,13,"void ch_est::chEstFilterNoDftSOfdmDispatchKernel<float, __half, float, (unsigned int)2>(ch_est::puschRxChEstStatDescr_t *, ch_est::puschRxChEstDynDescr_t *)"
5916982178,2624,416707,103,1,1,128,1,1,16,0.000,0.000,,,,,NVIDIA A100-SXM4-40GB MIG 4g.20gb (0),1,,13,cupy_copy__complex64_complex64
5916998882,12352,416717,1434,1,1,128,1,1,16,0.000,0.000,,,,,NVIDIA A100-SXM4-40GB MIG 4g.20gb (0),1,,13,cupy_copy__complex64_complex64
5917021826,2560,416724,103,1,1,128,1,1,16,0.000,0.000,,,,,NVIDIA A100-SXM4-40GB MIG 4g.20gb (0),1,,13,cupy_copy__complex64_complex64
5917044002,94750,416731,1,1,1,32,32,1,30,0.000,0.000,,,,,NVIDIA A100-SXM4-40GB MIG 4g.20gb (0),1,,13,"void convert_kernel<__half2, float2>(tensor_layout_any, T1 *, tensor_layout_any, const T2 *)"
5917170752,27392,416734,,,,,,,,,,0.094,3420.560,Pinned,Device,NVIDIA A100-SXM4-40GB MIG 4g.20gb (0),1,,13,[CUDA memcpy Host-to-Device]
5917219583,47200,416735,,,,,,,,,,35.810,758668.965,Device,,NVIDIA A100-SXM4-40GB MIG 4g.20gb (0),1,,13,[CUDA memset]
5917268287,11136,416737,,,,,,,,,,0.000,7.184,Pinned,Device,NVIDIA A100-SXM4-40GB MIG 4g.20gb (0),1,,13,[CUDA memcpy Host-to-Device]
5917288575,37983,416738,,,,,,,,,,0.197,5176.099,Pinned,Device,NVIDIA A100-SXM4-40GB MIG 4g.20gb (0),1,,13,[CUDA memcpy Host-to-Device]
5917350942,9408,416739,273,1,1,48,1,1,40,0.000,0.001,,,,,NVIDIA A100-SXM4-40GB MIG 4g.20gb (0),1,,13,"void pusch_noise_intf_est::noiseIntfEstNoDftSOfdmKernel<float, __half, float, float, (unsigned int)2, (unsigned int)1, (unsigned char)4, (unsigned char)4>(pusch_noise_intf_est::puschRxNoiseIntfEstDynDescr)"
5917368798,2848,416750,35,1,1,128,1,1,16,0.000,0.000,,,,,NVIDIA A100-SXM4-40GB MIG 4g.20gb (0),1,,13,cupy_copy__complex64_complex64
5917378429,1664,416759,1,1,1,1,1,1,18,0.000,0.000,,,,,NVIDIA A100-SXM4-40GB MIG 4g.20gb (0),1,,13,cupy_copy__float32_float32
5917385309,5664,416765,,,,,,,,,,0.000,0.706,Device,Pageable,NVIDIA A100-SXM4-40GB MIG 4g.20gb (0),1,,7,[CUDA memcpy Device-to-Host]
5917463132,12928,416776,1434,1,1,128,1,1,16,0.000,0.000,,,,,NVIDIA A100-SXM4-40GB MIG 4g.20gb (0),1,,13,cupy_copy__complex64_complex64
5917486940,3392,416783,103,1,1,128,1,1,16,0.000,0.000,,,,,NVIDIA A100-SXM4-40GB MIG 4g.20gb (0),1,,13,cupy_copy__complex64_complex64
5917518204,2528,416790,35,1,1,128,1,1,16,0.000,0.000,,,,,NVIDIA A100-SXM4-40GB MIG 4g.20gb (0),1,,13,cupy_copy__complex64_complex64
5917533180,1920,416797,1,1,1,1,1,1,18,0.000,0.000,,,,,NVIDIA A100-SXM4-40GB MIG 4g.20gb (0),1,,13,cupy_copy__float32_float32
5917659450,87679,416808,1,1,1,32,32,1,30,0.000,0.000,,,,,NVIDIA A100-SXM4-40GB MIG 4g.20gb (0),1,,13,"void convert_kernel<__half2, float2>(tensor_layout_any, T1 *, tensor_layout_any, const T2 *)"
5917774745,5471,416811,,,,,,,,,,0.094,17125.849,Pinned,Device,NVIDIA A100-SXM4-40GB MIG 4g.20gb (0),1,,13,[CUDA memcpy Host-to-Device]
5917788888,3264,416812,,,,,,,,,,1.547,473842.288,Device,,NVIDIA A100-SXM4-40GB MIG 4g.20gb (0),1,,13,[CUDA memset]
5917796088,3136,416817,,,,,,,,,,0.031,9979.575,Pinned,Device,NVIDIA A100-SXM4-40GB MIG 4g.20gb (0),1,,13,[CUDA memcpy Host-to-Device]
5917801848,9440,416818,,,,,,,,,,0.197,20827.079,Pinned,Device,NVIDIA A100-SXM4-40GB MIG 4g.20gb (0),1,,13,[CUDA memcpy Host-to-Device]
5917815768,8576,416819,273,1,1,8,4,1,39,0.002,0.000,,,,,NVIDIA A100-SXM4-40GB MIG 4g.20gb (0),1,,13,"void channel_eq::eqMmseCoefCompLowMimoKernel<float, float, float, (unsigned int)4, (unsigned int)1, (unsigned int)4>(const channel_eq::_puschRxChEqStatDescr *, channel_eq::_puschRxChEqCoefCompDynDescr)"
5917825432,6048,416820,273,1,1,12,11,1,51,0.002,0.000,,,,,NVIDIA A100-SXM4-40GB MIG 4g.20gb (0),1,,13,"void channel_eq::eqMmseSoftDemapKernel<float, __half, __half, float, (unsigned int)4, (unsigned short)16383>(channel_eq::_puschRxChEqStatDescr *, channel_eq::_puschRxChEqSoftDemapDynDescr)"
5917832568,282300,416821,1,1,1,32,32,1,30,0.000,0.000,,,,,NVIDIA A100-SXM4-40GB MIG 4g.20gb (0),1,,13,"void convert_kernel<float2, __half2>(tensor_layout_any, T1 *, tensor_layout_any, const T2 *)"
5918115924,10976,416833,2253,1,1,128,1,1,16,0.000,0.000,,,,,NVIDIA A100-SXM4-40GB MIG 4g.20gb (0),1,,13,cupy_copy__float16_float16
5918130708,3616,416842,282,1,1,128,1,1,16,0.000,0.000,,,,,NVIDIA A100-SXM4-40GB MIG 4g.20gb (0),1,,13,cupy_copy__complex64_complex64
5918136020,2240,416851,26,1,1,128,1,1,16,0.000,0.000,,,,,NVIDIA A100-SXM4-40GB MIG 4g.20gb (0),1,,13,cupy_copy__float32_float32
5918140628,3168,416860,103,1,1,128,1,1,16,0.000,0.000,,,,,NVIDIA A100-SXM4-40GB MIG 4g.20gb (0),1,,13,cupy_copy__complex64_complex64
5918144916,12000,416870,1434,1,1,128,1,1,16,0.000,0.000,,,,,NVIDIA A100-SXM4-40GB MIG 4g.20gb (0),1,,13,cupy_copy__complex64_complex64
5918166228,81343,416875,1,1,1,32,32,1,30,0.000,0.000,,,,,NVIDIA A100-SXM4-40GB MIG 4g.20gb (0),1,,13,"void convert_kernel<__half2, float2>(tensor_layout_any, T1 *, tensor_layout_any, const T2 *)"
5918274002,5600,416878,,,,,,,,,,0.094,16731.388,Pinned,Device,NVIDIA A100-SXM4-40GB MIG 4g.20gb (0),1,,13,[CUDA memcpy Host-to-Device]
5918285586,597785,416879,,,,,,,,,,456.561,763370.728,Device,,NVIDIA A100-SXM4-40GB MIG 4g.20gb (0),1,,13,[CUDA memset]
5918886155,144542,416884,,,,,,,,,,1.235,8543.343,Pinned,Device,NVIDIA A100-SXM4-40GB MIG 4g.20gb (0),1,,13,[CUDA memcpy Host-to-Device]
5919042601,29664,416885,,,,,,,,,,0.197,6627.656,Pinned,Device,NVIDIA A100-SXM4-40GB MIG 4g.20gb (0),1,,13,[CUDA memcpy Host-to-Device]
5919099528,8224,416886,69,4,1,48,1,1,76,0.002,0.000,,,,,NVIDIA A100-SXM4-40GB MIG 4g.20gb (0),1,,13,"void ch_est::windowedChEstPreNoDftSOfdmKernel<float, __half, float, (unsigned int)2, (unsigned int)1, (unsigned short)4>(ch_est::puschRxChEstStatDescr_t *, ch_est::puschRxChEstDynDescr_t *)"
5919114952,6752,416887,137,2,1,24,2,1,44,0.001,0.001,,,,,NVIDIA A100-SXM4-40GB MIG 4g.20gb (0),1,,13,"void ch_est::chEstFilterNoDftSOfdmDispatchKernel<float, __half, float, (unsigned int)2>(ch_est::puschRxChEstStatDescr_t *, ch_est::puschRxChEstDynDescr_t *)"
5919128488,4736,416888,137,2,1,24,2,1,44,0.001,0.001,,,,,NVIDIA A100-SXM4-40GB MIG 4g.20gb (0),1,,13,"void ch_est::chEstFilterNoDftSOfdmDispatchKernel<float, __half, float, (unsigned int)2>(ch_est::puschRxChEstStatDescr_t *, ch_est::puschRxChEstDynDescr_t *)"
5919141864,2528,416899,103,1,1,128,1,1,16,0.000,0.000,,,,,NVIDIA A100-SXM4-40GB MIG 4g.20gb (0),1,,13,cupy_copy__complex64_complex64
5919157960,12479,416909,1434,1,1,128,1,1,16,0.000,0.000,,,,,NVIDIA A100-SXM4-40GB MIG 4g.20gb (0),1,,13,cupy_copy__complex64_complex64
5919192263,2496,416916,103,1,1,128,1,1,16,0.000,0.000,,,,,NVIDIA A100-SXM4-40GB MIG 4g.20gb (0),1,,13,cupy_copy__complex64_complex64
5919210279,98175,416923,1,1,1,32,32,1,30,0.000,0.000,,,,,NVIDIA A100-SXM4-40GB MIG 4g.20gb (0),1,,13,"void convert_kernel<__half2, float2>(tensor_layout_any, T1 *, tensor_layout_any, const T2 *)"
5919340741,27744,416926,,,,,,,,,,0.094,3377.085,Pinned,Device,NVIDIA A100-SXM4-40GB MIG 4g.20gb (0),1,,13,[CUDA memcpy Host-to-Device]
5919393637,47903,416927,,,,,,,,,,35.810,747532.080,Device,,NVIDIA A100-SXM4-40GB MIG 4g.20gb (0),1,,13,[CUDA memset]
5919446788,11968,416929,,,,,,,,,,0.000,6.684,Pinned,Device,NVIDIA A100-SXM4-40GB MIG 4g.20gb (0),1,,13,[CUDA memcpy Host-to-Device]
5919470852,29439,416930,,,,,,,,,,0.197,6678.381,Pinned,Device,NVIDIA A100-SXM4-40GB MIG 4g.20gb (0),1,,13,[CUDA memcpy Host-to-Device]
5919529955,9984,416931,273,1,1,48,1,1,40,0.000,0.001,,,,,NVIDIA A100-SXM4-40GB MIG 4g.20gb (0),1,,13,"void pusch_noise_intf_est::noiseIntfEstNoDftSOfdmKernel<float, __half, float, float, (unsigned int)2, (unsigned int)1, (unsigned char)4, (unsigned char)4>(pusch_noise_intf_est::puschRxNoiseIntfEstDynDescr)"
5919546659,2656,416942,35,1,1,128,1,1,16,0.000,0.000,,,,,NVIDIA A100-SXM4-40GB MIG 4g.20gb (0),1,,13,cupy_copy__complex64_complex64
5919563939,1695,416951,1,1,1,1,1,1,18,0.000,0.000,,,,,NVIDIA A100-SXM4-40GB MIG 4g.20gb (0),1,,13,cupy_copy__float32_float32
5919566402,8608,416957,,,,,,,,,,0.000,0.465,Device,Pageable,NVIDIA A100-SXM4-40GB MIG 4g.20gb (0),1,,7,[CUDA memcpy Device-to-Host]
5919657761,12736,416968,1434,1,1,128,1,1,16,0.000,0.000,,,,,NVIDIA A100-SXM4-40GB MIG 4g.20gb (0),1,,13,cupy_copy__complex64_complex64
5919681089,2720,416975,103,1,1,128,1,1,16,0.000,0.000,,,,,NVIDIA A100-SXM4-40GB MIG 4g.20gb (0),1,,13,cupy_copy__complex64_complex64
5919714593,2720,416982,35,1,1,128,1,1,16,0.000,0.000,,,,,NVIDIA A100-SXM4-40GB MIG 4g.20gb (0),1,,13,cupy_copy__complex64_complex64
5919733056,1696,416989,1,1,1,1,1,1,18,0.000,0.000,,,,,NVIDIA A100-SXM4-40GB MIG 4g.20gb (0),1,,13,cupy_copy__float32_float32
5919847839,87295,417000,1,1,1,32,32,1,30,0.000,0.000,,,,,NVIDIA A100-SXM4-40GB MIG 4g.20gb (0),1,,13,"void convert_kernel<__half2, float2>(tensor_layout_any, T1 *, tensor_layout_any, const T2 *)"
5919963934,9823,417003,,,,,,,,,,0.094,9538.346,Pinned,Device,NVIDIA A100-SXM4-40GB MIG 4g.20gb (0),1,,13,[CUDA memcpy Host-to-Device]
5919990237,3424,417004,,,,,,,,,,1.547,451700.819,Device,,NVIDIA A100-SXM4-40GB MIG 4g.20gb (0),1,,13,[CUDA memset]
5919995133,4128,417009,,,,,,,,,,0.031,7581.393,Pinned,Device,NVIDIA A100-SXM4-40GB MIG 4g.20gb (0),1,,13,[CUDA memcpy Host-to-Device]
5920005789,17888,417010,,,,,,,,,,0.197,10990.977,Pinned,Device,NVIDIA A100-SXM4-40GB MIG 4g.20gb (0),1,,13,[CUDA memcpy Host-to-Device]
5920034013,5792,417011,273,1,1,8,4,1,39,0.002,0.000,,,,,NVIDIA A100-SXM4-40GB MIG 4g.20gb (0),1,,13,"void channel_eq::eqMmseCoefCompLowMimoKernel<float, float, float, (unsigned int)4, (unsigned int)1, (unsigned int)4>(const channel_eq::_puschRxChEqStatDescr *, channel_eq::_puschRxChEqCoefCompDynDescr)"
5920044125,6112,417012,273,1,1,12,11,1,51,0.002,0.000,,,,,NVIDIA A100-SXM4-40GB MIG 4g.20gb (0),1,,13,"void channel_eq::eqMmseSoftDemapKernel<float, __half, __half, float, (unsigned int)4, (unsigned short)16383>(channel_eq::_puschRxChEqStatDescr *, channel_eq::_puschRxChEqSoftDemapDynDescr)"
5920053276,282685,417013,1,1,1,32,32,1,30,0.000,0.000,,,,,NVIDIA A100-SXM4-40GB MIG 4g.20gb (0),1,,13,"void convert_kernel<float2, __half2>(tensor_layout_any, T1 *, tensor_layout_any, const T2 *)"
5920338713,10912,417025,2253,1,1,128,1,1,16,0.000,0.000,,,,,NVIDIA A100-SXM4-40GB MIG 4g.20gb (0),1,,13,cupy_copy__float16_float16
5920351865,3616,417034,282,1,1,128,1,1,16,0.000,0.000,,,,,NVIDIA A100-SXM4-40GB MIG 4g.20gb (0),1,,13,cupy_copy__complex64_complex64
5920356441,2016,417043,26,1,1,128,1,1,16,0.000,0.000,,,,,NVIDIA A100-SXM4-40GB MIG 4g.20gb (0),1,,13,cupy_copy__float32_float32
5920361113,2880,417052,103,1,1,128,1,1,16,0.000,0.000,,,,,NVIDIA A100-SXM4-40GB MIG 4g.20gb (0),1,,13,cupy_copy__complex64_complex64
5920368153,12383,417062,1434,1,1,128,1,1,16,0.000,0.000,,,,,NVIDIA A100-SXM4-40GB MIG 4g.20gb (0),1,,13,cupy_copy__complex64_complex64
5920384120,80575,417067,1,1,1,32,32,1,30,0.000,0.000,,,,,NVIDIA A100-SXM4-40GB MIG 4g.20gb (0),1,,13,"void convert_kernel<__half2, float2>(tensor_layout_any, T1 *, tensor_layout_any, const T2 *)"
5920491639,5536,417070,,,,,,,,,,0.094,16924.777,Pinned,Device,NVIDIA A100-SXM4-40GB MIG 4g.20gb (0),1,,13,[CUDA memcpy Host-to-Device]
5920501463,598489,417071,,,,,,,,,,456.561,762457.605,Device,,NVIDIA A100-SXM4-40GB MIG 4g.20gb (0),1,,13,[CUDA memset]
5921107375,122015,417076,,,,,,,,,,1.235,10120.366,Pinned,Device,NVIDIA A100-SXM4-40GB MIG 4g.20gb (0),1,,13,[CUDA memcpy Host-to-Device]
5921237870,18624,417077,,,,,,,,,,0.197,10556.670,Pinned,Device,NVIDIA A100-SXM4-40GB MIG 4g.20gb (0),1,,13,[CUDA memcpy Host-to-Device]
5921264750,8799,417078,69,4,1,48,1,1,76,0.002,0.000,,,,,NVIDIA A100-SXM4-40GB MIG 4g.20gb (0),1,,13,"void ch_est::windowedChEstPreNoDftSOfdmKernel<float, __half, float, (unsigned int)2, (unsigned int)1, (unsigned short)4>(ch_est::puschRxChEstStatDescr_t *, ch_est::puschRxChEstDynDescr_t *)"
5921280461,7104,417079,137,2,1,24,2,1,44,0.001,0.001,,,,,NVIDIA A100-SXM4-40GB MIG 4g.20gb (0),1,,13,"void ch_est::chEstFilterNoDftSOfdmDispatchKernel<float, __half, float, (unsigned int)2>(ch_est::puschRxChEstStatDescr_t *, ch_est::puschRxChEstDynDescr_t *)"
5921295405,4832,417080,137,2,1,24,2,1,44,0.001,0.001,,,,,NVIDIA A100-SXM4-40GB MIG 4g.20gb (0),1,,13,"void ch_est::chEstFilterNoDftSOfdmDispatchKernel<float, __half, float, (unsigned int)2>(ch_est::puschRxChEstStatDescr_t *, ch_est::puschRxChEstDynDescr_t *)"
5921303245,2848,417091,103,1,1,128,1,1,16,0.000,0.000,,,,,NVIDIA A100-SXM4-40GB MIG 4g.20gb (0),1,,13,cupy_copy__complex64_complex64
5921311917,12576,417101,1434,1,1,128,1,1,16,0.000,0.000,,,,,NVIDIA A100-SXM4-40GB MIG 4g.20gb (0),1,,13,cupy_copy__complex64_complex64
5921329773,2496,417108,103,1,1,128,1,1,16,0.000,0.000,,,,,NVIDIA A100-SXM4-40GB MIG 4g.20gb (0),1,,13,cupy_copy__complex64_complex64
5921339693,89503,417115,1,1,1,32,32,1,30,0.000,0.000,,,,,NVIDIA A100-SXM4-40GB MIG 4g.20gb (0),1,,13,"void convert_kernel<__half2, float2>(tensor_layout_any, T1 *, tensor_layout_any, const T2 *)"
5921457483,11328,417118,,,,,,,,,,0.094,8271.108,Pinned,Device,NVIDIA A100-SXM4-40GB MIG 4g.20gb (0),1,,13,[CUDA memcpy Host-to-Device]
5921482411,47583,417119,,,,,,,,,,35.810,752545.469,Device,,NVIDIA A100-SXM4-40GB MIG 4g.20gb (0),1,,13,[CUDA memset]
5921531338,9120,417121,,,,,,,,,,0.000,8.772,Pinned,Device,NVIDIA A100-SXM4-40GB MIG 4g.20gb (0),1,,13,[CUDA memcpy Host-to-Device]
5921547434,16288,417122,,,,,,,,,,0.197,12070.552,Pinned,Device,NVIDIA A100-SXM4-40GB MIG 4g.20gb (0),1,,13,[CUDA memcpy Host-to-Device]
5921576362,10976,417123,273,1,1,48,1,1,40,0.000,0.001,,,,,NVIDIA A100-SXM4-40GB MIG 4g.20gb (0),1,,13,"void pusch_noise_intf_est::noiseIntfEstNoDftSOfdmKernel<float, __half, float, float, (unsigned int)2, (unsigned int)1, (unsigned char)4, (unsigned char)4>(pusch_noise_intf_est::puschRxNoiseIntfEstDynDescr)"
5921594153,2976,417134,35,1,1,128,1,1,16,0.000,0.000,,,,,NVIDIA A100-SXM4-40GB MIG 4g.20gb (0),1,,13,cupy_copy__complex64_complex64
5921600713,1728,417143,1,1,1,1,1,1,18,0.000,0.000,,,,,NVIDIA A100-SXM4-40GB MIG 4g.20gb (0),1,,13,cupy_copy__float32_float32
5921613129,2240,417149,,,,,,,,,,0.000,1.786,Device,Pageable,NVIDIA A100-SXM4-40GB MIG 4g.20gb (0),1,,7,[CUDA memcpy Device-to-Host]
5921674473,13119,417160,1434,1,1,128,1,1,16,0.000,0.000,,,,,NVIDIA A100-SXM4-40GB MIG 4g.20gb (0),1,,13,cupy_copy__complex64_complex64
5921700424,2848,417167,103,1,1,128,1,1,16,0.000,0.000,,,,,NVIDIA A100-SXM4-40GB MIG 4g.20gb (0),1,,13,cupy_copy__complex64_complex64
5921720968,2336,417174,35,1,1,128,1,1,16,0.000,0.000,,,,,NVIDIA A100-SXM4-40GB MIG 4g.20gb (0),1,,13,cupy_copy__complex64_complex64
5921739016,1792,417181,1,1,1,1,1,1,18,0.000,0.000,,,,,NVIDIA A100-SXM4-40GB MIG 4g.20gb (0),1,,13,cupy_copy__float32_float32
5921869926,82623,417192,1,1,1,32,32,1,30,0.000,0.000,,,,,NVIDIA A100-SXM4-40GB MIG 4g.20gb (0),1,,13,"void convert_kernel<__half2, float2>(tensor_layout_any, T1 *, tensor_layout_any, const T2 *)"
5921979781,5440,417195,,,,,,,,,,0.094,17223.480,Pinned,Device,NVIDIA A100-SXM4-40GB MIG 4g.20gb (0),1,,13,[CUDA memcpy Host-to-Device]
5921993765,3136,417196,,,,,,,,,,1.547,493182.821,Device,,NVIDIA A100-SXM4-40GB MIG 4g.20gb (0),1,,13,[CUDA memset]
5922000932,3200,417201,,,,,,,,,,0.031,9780.000,Pinned,Device,NVIDIA A100-SXM4-40GB MIG 4g.20gb (0),1,,13,[CUDA memcpy Host-to-Device]
5922006564,9536,417202,,,,,,,,,,0.197,20617.298,Pinned,Device,NVIDIA A100-SXM4-40GB MIG 4g.20gb (0),1,,13,[CUDA memcpy Host-to-Device]
5922021860,6176,417203,273,1,1,8,4,1,39,0.002,0.000,,,,,NVIDIA A100-SXM4-40GB MIG 4g.20gb (0),1,,13,"void channel_eq::eqMmseCoefCompLowMimoKernel<float, float, float, (unsigned int)4, (unsigned int)1, (unsigned int)4>(const channel_eq::_puschRxChEqStatDescr *, channel_eq::_puschRxChEqCoefCompDynDescr)"
5922029156,5856,417204,273,1,1,12,11,1,51,0.002,0.000,,,,,NVIDIA A100-SXM4-40GB MIG 4g.20gb (0),1,,13,"void channel_eq::eqMmseSoftDemapKernel<float, __half, __half, float, (unsigned int)4, (unsigned short)16383>(channel_eq::_puschRxChEqStatDescr *, channel_eq::_puschRxChEqSoftDemapDynDescr)"
5922036260,294716,417205,1,1,1,32,32,1,30,0.000,0.000,,,,,NVIDIA A100-SXM4-40GB MIG 4g.20gb (0),1,,13,"void convert_kernel<float2, __half2>(tensor_layout_any, T1 *, tensor_layout_any, const T2 *)"
5922333888,10976,417217,2253,1,1,128,1,1,16,0.000,0.000,,,,,NVIDIA A100-SXM4-40GB MIG 4g.20gb (0),1,,13,cupy_copy__float16_float16
5922346752,2976,417226,282,1,1,128,1,1,16,0.000,0.000,,,,,NVIDIA A100-SXM4-40GB MIG 4g.20gb (0),1,,13,cupy_copy__complex64_complex64
5922351904,2144,417235,26,1,1,128,1,1,16,0.000,0.000,,,,,NVIDIA A100-SXM4-40GB MIG 4g.20gb (0),1,,13,cupy_copy__float32_float32
5922357152,3200,417244,103,1,1,128,1,1,16,0.000,0.000,,,,,NVIDIA A100-SXM4-40GB MIG 4g.20gb (0),1,,13,cupy_copy__complex64_complex64
5922361312,11904,417254,1434,1,1,128,1,1,16,0.000,0.000,,,,,NVIDIA A100-SXM4-40GB MIG 4g.20gb (0),1,,13,cupy_copy__complex64_complex64
5922377056,80863,417259,1,1,1,32,32,1,30,0.000,0.000,,,,,NVIDIA A100-SXM4-40GB MIG 4g.20gb (0),1,,13,"void convert_kernel<__half2, float2>(tensor_layout_any, T1 *, tensor_layout_any, const T2 *)"
5922484991,5535,417262,,,,,,,,,,0.094,16927.869,Pinned,Device,NVIDIA A100-SXM4-40GB MIG 4g.20gb (0),1,,13,[CUDA memcpy Host-to-Device]
5922494398,599033,417263,,,,,,,,,,456.561,762001.043,Device,,NVIDIA A100-SXM4-40GB MIG 4g.20gb (0),1,,13,[CUDA memset]
5923104727,141662,417268,,,,,,,,,,1.235,8717.470,Pinned,Device,NVIDIA A100-SXM4-40GB MIG 4g.20gb (0),1,,13,[CUDA memcpy Host-to-Device]
5923259317,39807,417269,,,,,,,,,,0.197,4938.990,Pinned,Device,NVIDIA A100-SXM4-40GB MIG 4g.20gb (0),1,,13,[CUDA memcpy Host-to-Device]
5923316820,8064,417270,69,4,1,48,1,1,76,0.002,0.000,,,,,NVIDIA A100-SXM4-40GB MIG 4g.20gb (0),1,,13,"void ch_est::windowedChEstPreNoDftSOfdmKernel<float, __half, float, (unsigned int)2, (unsigned int)1, (unsigned short)4>(ch_est::puschRxChEstStatDescr_t *, ch_est::puschRxChEstDynDescr_t *)"
5923334484,6880,417271,137,2,1,24,2,1,44,0.001,0.001,,,,,NVIDIA A100-SXM4-40GB MIG 4g.20gb (0),1,,13,"void ch_est::chEstFilterNoDftSOfdmDispatchKernel<float, __half, float, (unsigned int)2>(ch_est::puschRxChEstStatDescr_t *, ch_est::puschRxChEstDynDescr_t *)"
5923353780,4672,417272,137,2,1,24,2,1,44,0.001,0.001,,,,,NVIDIA A100-SXM4-40GB MIG 4g.20gb (0),1,,13,"void ch_est::chEstFilterNoDftSOfdmDispatchKernel<float, __half, float, (unsigned int)2>(ch_est::puschRxChEstStatDescr_t *, ch_est::puschRxChEstDynDescr_t *)"
5923370484,2752,417283,103,1,1,128,1,1,16,0.000,0.000,,,,,NVIDIA A100-SXM4-40GB MIG 4g.20gb (0),1,,13,cupy_copy__complex64_complex64
5923388051,12576,417293,1434,1,1,128,1,1,16,0.000,0.000,,,,,NVIDIA A100-SXM4-40GB MIG 4g.20gb (0),1,,13,cupy_copy__complex64_complex64
5923409875,2560,417300,103,1,1,128,1,1,16,0.000,0.000,,,,,NVIDIA A100-SXM4-40GB MIG 4g.20gb (0),1,,13,cupy_copy__complex64_complex64
5923429939,86207,417307,1,1,1,32,32,1,30,0.000,0.000,,,,,NVIDIA A100-SXM4-40GB MIG 4g.20gb (0),1,,13,"void convert_kernel<__half2, float2>(tensor_layout_any, T1 *, tensor_layout_any, const T2 *)"
5923552369,13280,417310,,,,,,,,,,0.094,7055.402,Pinned,Device,NVIDIA A100-SXM4-40GB MIG 4g.20gb (0),1,,13,[CUDA memcpy Host-to-Device]
5923577105,47711,417311,,,,,,,,,,35.810,750540.113,Device,,NVIDIA A100-SXM4-40GB MIG 4g.20gb (0),1,,13,[CUDA memset]
5923627632,7680,417313,,,,,,,,,,0.000,10.417,Pinned,Device,NVIDIA A100-SXM4-40GB MIG 4g.20gb (0),1,,13,[CUDA memcpy Host-to-Device]
5923639376,17184,417314,,,,,,,,,,0.197,11441.209,Pinned,Device,NVIDIA A100-SXM4-40GB MIG 4g.20gb (0),1,,13,[CUDA memcpy Host-to-Device]
5923668240,12384,417315,273,1,1,48,1,1,40,0.000,0.001,,,,,NVIDIA A100-SXM4-40GB MIG 4g.20gb (0),1,,13,"void pusch_noise_intf_est::noiseIntfEstNoDftSOfdmKernel<float, __half, float, float, (unsigned int)2, (unsigned int)1, (unsigned char)4, (unsigned char)4>(pusch_noise_intf_est::puschRxNoiseIntfEstDynDescr)"
5923687440,2592,417326,35,1,1,128,1,1,16,0.000,0.000,,,,,NVIDIA A100-SXM4-40GB MIG 4g.20gb (0),1,,13,cupy_copy__complex64_complex64
5923699568,1792,417335,1,1,1,1,1,1,18,0.000,0.000,,,,,NVIDIA A100-SXM4-40GB MIG 4g.20gb (0),1,,13,cupy_copy__float32_float32
5923720591,6112,417341,,,,,,,,,,0.000,0.654,Device,Pageable,NVIDIA A100-SXM4-40GB MIG 4g.20gb (0),1,,7,[CUDA memcpy Device-to-Host]
5923798126,13408,417352,1434,1,1,128,1,1,16,0.000,0.000,,,,,NVIDIA A100-SXM4-40GB MIG 4g.20gb (0),1,,13,cupy_copy__complex64_complex64
5923826190,2848,417359,103,1,1,128,1,1,16,0.000,0.000,,,,,NVIDIA A100-SXM4-40GB MIG 4g.20gb (0),1,,13,cupy_copy__complex64_complex64
5923845102,2272,417366,35,1,1,128,1,1,16,0.000,0.000,,,,,NVIDIA A100-SXM4-40GB MIG 4g.20gb (0),1,,13,cupy_copy__complex64_complex64
5923870317,1792,417373,1,1,1,1,1,1,18,0.000,0.000,,,,,NVIDIA A100-SXM4-40GB MIG 4g.20gb (0),1,,13,cupy_copy__float32_float32
5923993260,86975,417384,1,1,1,32,32,1,30,0.000,0.000,,,,,NVIDIA A100-SXM4-40GB MIG 4g.20gb (0),1,,13,"void convert_kernel<__half2, float2>(tensor_layout_any, T1 *, tensor_layout_any, const T2 *)"
5924108491,5631,417387,,,,,,,,,,0.094,16639.285,Pinned,Device,NVIDIA A100-SXM4-40GB MIG 4g.20gb (0),1,,13,[CUDA memcpy Host-to-Device]
5924123018,3360,417388,,,,,,,,,,1.547,460304.688,Device,,NVIDIA A100-SXM4-40GB MIG 4g.20gb (0),1,,13,[CUDA memset]
5924129866,3296,417393,,,,,,,,,,0.031,9495.144,Pinned,Device,NVIDIA A100-SXM4-40GB MIG 4g.20gb (0),1,,13,[CUDA memcpy Host-to-Device]
5924136394,9504,417394,,,,,,,,,,0.197,20686.701,Pinned,Device,NVIDIA A100-SXM4-40GB MIG 4g.20gb (0),1,,13,[CUDA memcpy Host-to-Device]
5924151050,6112,417395,273,1,1,8,4,1,39,0.002,0.000,,,,,NVIDIA A100-SXM4-40GB MIG 4g.20gb (0),1,,13,"void channel_eq::eqMmseCoefCompLowMimoKernel<float, float, float, (unsigned int)4, (unsigned int)1, (unsigned int)4>(const channel_eq::_puschRxChEqStatDescr *, channel_eq::_puschRxChEqCoefCompDynDescr)"
5924161130,6144,417396,273,1,1,12,11,1,51,0.002,0.000,,,,,NVIDIA A100-SXM4-40GB MIG 4g.20gb (0),1,,13,"void channel_eq::eqMmseSoftDemapKernel<float, __half, __half, float, (unsigned int)4, (unsigned short)16383>(channel_eq::_puschRxChEqStatDescr *, channel_eq::_puschRxChEqSoftDemapDynDescr)"
5924168234,281948,417397,1,1,1,32,32,1,30,0.000,0.000,,,,,NVIDIA A100-SXM4-40GB MIG 4g.20gb (0),1,,13,"void convert_kernel<float2, __half2>(tensor_layout_any, T1 *, tensor_layout_any, const T2 *)"
5924453766,10912,417409,2253,1,1,128,1,1,16,0.000,0.000,,,,,NVIDIA A100-SXM4-40GB MIG 4g.20gb (0),1,,13,cupy_copy__float16_float16
5924468326,3424,417418,282,1,1,128,1,1,16,0.000,0.000,,,,,NVIDIA A100-SXM4-40GB MIG 4g.20gb (0),1,,13,cupy_copy__complex64_complex64
5924473254,2176,417427,26,1,1,128,1,1,16,0.000,0.000,,,,,NVIDIA A100-SXM4-40GB MIG 4g.20gb (0),1,,13,cupy_copy__float32_float32
5924478598,4736,417436,103,1,1,128,1,1,16,0.000,0.000,,,,,NVIDIA A100-SXM4-40GB MIG 4g.20gb (0),1,,13,cupy_copy__complex64_complex64
5924533957,12768,417452,1434,1,1,128,1,1,16,0.000,0.000,,,,,NVIDIA A100-SXM4-40GB MIG 4g.20gb (0),1,,13,cupy_copy__complex64_complex64
5924650916,82111,417457,1,1,1,32,32,1,30,0.000,0.000,,,,,NVIDIA A100-SXM4-40GB MIG 4g.20gb (0),1,,13,"void convert_kernel<__half2, float2>(tensor_layout_any, T1 *, tensor_layout_any, const T2 *)"
5924760514,5696,417460,,,,,,,,,,0.094,16449.363,Pinned,Device,NVIDIA A100-SXM4-40GB MIG 4g.20gb (0),1,,13,[CUDA memcpy Host-to-Device]
5924771778,598105,417461,,,,,,,,,,456.561,762914.166,Device,,NVIDIA A100-SXM4-40GB MIG 4g.20gb (0),1,,13,[CUDA memset]
5925373115,142814,417466,,,,,,,,,,1.235,8647.078,Pinned,Device,NVIDIA A100-SXM4-40GB MIG 4g.20gb (0),1,,13,[CUDA memcpy Host-to-Device]
5925524313,39872,417467,,,,,,,,,,0.197,4930.929,Pinned,Device,NVIDIA A100-SXM4-40GB MIG 4g.20gb (0),1,,13,[CUDA memcpy Host-to-Device]
5925594808,7968,417468,69,4,1,48,1,1,76,0.002,0.000,,,,,NVIDIA A100-SXM4-40GB MIG 4g.20gb (0),1,,13,"void ch_est::windowedChEstPreNoDftSOfdmKernel<float, __half, float, (unsigned int)2, (unsigned int)1, (unsigned short)4>(ch_est::puschRxChEstStatDescr_t *, ch_est::puschRxChEstDynDescr_t *)"
5925613944,7040,417469,137,2,1,24,2,1,44,0.001,0.001,,,,,NVIDIA A100-SXM4-40GB MIG 4g.20gb (0),1,,13,"void ch_est::chEstFilterNoDftSOfdmDispatchKernel<float, __half, float, (unsigned int)2>(ch_est::puschRxChEstStatDescr_t *, ch_est::puschRxChEstDynDescr_t *)"
5925629336,4736,417470,137,2,1,24,2,1,44,0.001,0.001,,,,,NVIDIA A100-SXM4-40GB MIG 4g.20gb (0),1,,13,"void ch_est::chEstFilterNoDftSOfdmDispatchKernel<float, __half, float, (unsigned int)2>(ch_est::puschRxChEstStatDescr_t *, ch_est::puschRxChEstDynDescr_t *)"
5925649112,2623,417481,103,1,1,128,1,1,16,0.000,0.000,,,,,NVIDIA A100-SXM4-40GB MIG 4g.20gb (0),1,,13,cupy_copy__complex64_complex64
5925664887,12352,417491,1434,1,1,128,1,1,16,0.000,0.000,,,,,NVIDIA A100-SXM4-40GB MIG 4g.20gb (0),1,,13,cupy_copy__complex64_complex64
5925683063,3040,417498,103,1,1,128,1,1,16,0.000,0.000,,,,,NVIDIA A100-SXM4-40GB MIG 4g.20gb (0),1,,13,cupy_copy__complex64_complex64
5925700919,81727,417505,1,1,1,32,32,1,30,0.000,0.000,,,,,NVIDIA A100-SXM4-40GB MIG 4g.20gb (0),1,,13,"void convert_kernel<__half2, float2>(tensor_layout_any, T1 *, tensor_layout_any, const T2 *)"
5925810646,13215,417508,,,,,,,,,,0.094,7090.070,Pinned,Device,NVIDIA A100-SXM4-40GB MIG 4g.20gb (0),1,,13,[CUDA memcpy Host-to-Device]
5925835253,48096,417509,,,,,,,,,,35.810,744524.047,Device,,NVIDIA A100-SXM4-40GB MIG 4g.20gb (0),1,,13,[CUDA memset]
5925884469,7936,417511,,,,,,,,,,0.000,10.081,Pinned,Device,NVIDIA A100-SXM4-40GB MIG 4g.20gb (0),1,,13,[CUDA memcpy Host-to-Device]
5925897588,22016,417512,,,,,,,,,,0.197,8930.132,Pinned,Device,NVIDIA A100-SXM4-40GB MIG 4g.20gb (0),1,,13,[CUDA memcpy Host-to-Device]
5925929300,9856,417513,273,1,1,48,1,1,40,0.000,0.001,,,,,NVIDIA A100-SXM4-40GB MIG 4g.20gb (0),1,,13,"void pusch_noise_intf_est::noiseIntfEstNoDftSOfdmKernel<float, __half, float, float, (unsigned int)2, (unsigned int)1, (unsigned char)4, (unsigned char)4>(pusch_noise_intf_est::puschRxNoiseIntfEstDynDescr)"
5925949012,2848,417524,35,1,1,128,1,1,16,0.000,0.000,,,,,NVIDIA A100-SXM4-40GB MIG 4g.20gb (0),1,,13,cupy_copy__complex64_complex64
5925959252,1664,417533,1,1,1,1,1,1,18,0.000,0.000,,,,,NVIDIA A100-SXM4-40GB MIG 4g.20gb (0),1,,13,cupy_copy__float32_float32
5925967220,5856,417539,,,,,,,,,,0.000,0.683,Device,Pageable,NVIDIA A100-SXM4-40GB MIG 4g.20gb (0),1,,7,[CUDA memcpy Device-to-Host]
5926045363,13055,417550,1434,1,1,128,1,1,16,0.000,0.000,,,,,NVIDIA A100-SXM4-40GB MIG 4g.20gb (0),1,,13,cupy_copy__complex64_complex64
5926077842,2848,417557,103,1,1,128,1,1,16,0.000,0.000,,,,,NVIDIA A100-SXM4-40GB MIG 4g.20gb (0),1,,13,cupy_copy__complex64_complex64
5926088114,2464,417564,35,1,1,128,1,1,16,0.000,0.000,,,,,NVIDIA A100-SXM4-40GB MIG 4g.20gb (0),1,,13,cupy_copy__complex64_complex64
5926112914,1760,417571,1,1,1,1,1,1,18,0.000,0.000,,,,,NVIDIA A100-SXM4-40GB MIG 4g.20gb (0),1,,13,cupy_copy__float32_float32
5926246224,88159,417582,1,1,1,32,32,1,30,0.000,0.000,,,,,NVIDIA A100-SXM4-40GB MIG 4g.20gb (0),1,,13,"void convert_kernel<__half2, float2>(tensor_layout_any, T1 *, tensor_layout_any, const T2 *)"
5926361903,5824,417585,,,,,,,,,,0.094,16087.884,Pinned,Device,NVIDIA A100-SXM4-40GB MIG 4g.20gb (0),1,,13,[CUDA memcpy Host-to-Device]
5926377679,3392,417586,,,,,,,,,,1.547,455961.768,Device,,NVIDIA A100-SXM4-40GB MIG 4g.20gb (0),1,,13,[CUDA memset]
5926383054,3232,417591,,,,,,,,,,0.031,9683.139,Pinned,Device,NVIDIA A100-SXM4-40GB MIG 4g.20gb (0),1,,13,[CUDA memcpy Host-to-Device]
5926388846,9504,417592,,,,,,,,,,0.197,20686.701,Pinned,Device,NVIDIA A100-SXM4-40GB MIG 4g.20gb (0),1,,13,[CUDA memcpy Host-to-Device]
5926404014,6624,417593,273,1,1,8,4,1,39,0.002,0.000,,,,,NVIDIA A100-SXM4-40GB MIG 4g.20gb (0),1,,13,"void channel_eq::eqMmseCoefCompLowMimoKernel<float, float, float, (unsigned int)4, (unsigned int)1, (unsigned int)4>(const channel_eq::_puschRxChEqStatDescr *, channel_eq::_puschRxChEqCoefCompDynDescr)"
5926411630,6176,417594,273,1,1,12,11,1,51,0.002,0.000,,,,,NVIDIA A100-SXM4-40GB MIG 4g.20gb (0),1,,13,"void channel_eq::eqMmseSoftDemapKernel<float, __half, __half, float, (unsigned int)4, (unsigned short)16383>(channel_eq::_puschRxChEqStatDescr *, channel_eq::_puschRxChEqSoftDemapDynDescr)"
5926418926,282141,417595,1,1,1,32,32,1,30,0.000,0.000,,,,,NVIDIA A100-SXM4-40GB MIG 4g.20gb (0),1,,13,"void convert_kernel<float2, __half2>(tensor_layout_any, T1 *, tensor_layout_any, const T2 *)"
5926702475,11167,417607,2253,1,1,128,1,1,16,0.000,0.000,,,,,NVIDIA A100-SXM4-40GB MIG 4g.20gb (0),1,,13,cupy_copy__float16_float16
5926716682,2880,417616,282,1,1,128,1,1,16,0.000,0.000,,,,,NVIDIA A100-SXM4-40GB MIG 4g.20gb (0),1,,13,cupy_copy__complex64_complex64
5926722026,2048,417625,26,1,1,128,1,1,16,0.000,0.000,,,,,NVIDIA A100-SXM4-40GB MIG 4g.20gb (0),1,,13,cupy_copy__float32_float32
5926726954,4640,417634,103,1,1,128,1,1,16,0.000,0.000,,,,,NVIDIA A100-SXM4-40GB MIG 4g.20gb (0),1,,13,cupy_copy__complex64_complex64
5926732970,12416,417644,1434,1,1,128,1,1,16,0.000,0.000,,,,,NVIDIA A100-SXM4-40GB MIG 4g.20gb (0),1,,13,cupy_copy__complex64_complex64
5926755786,81599,417649,1,1,1,32,32,1,30,0.000,0.000,,,,,NVIDIA A100-SXM4-40GB MIG 4g.20gb (0),1,,13,"void convert_kernel<__half2, float2>(tensor_layout_any, T1 *, tensor_layout_any, const T2 *)"
5926915560,5760,417652,,,,,,,,,,0.094,16266.656,Pinned,Device,NVIDIA A100-SXM4-40GB MIG 4g.20gb (0),1,,13,[CUDA memcpy Host-to-Device]
5926926248,597528,417653,,,,,,,,,,456.561,763827.289,Device,,NVIDIA A100-SXM4-40GB MIG 4g.20gb (0),1,,13,[CUDA memset]
5927532000,144031,417658,,,,,,,,,,1.235,8572.981,Pinned,Device,NVIDIA A100-SXM4-40GB MIG 4g.20gb (0),1,,13,[CUDA memcpy Host-to-Device]
5927687550,36256,417659,,,,,,,,,,0.197,5422.645,Pinned,Device,NVIDIA A100-SXM4-40GB MIG 4g.20gb (0),1,,13,[CUDA memcpy Host-to-Device]
5927748222,8160,417660,69,4,1,48,1,1,76,0.002,0.000,,,,,NVIDIA A100-SXM4-40GB MIG 4g.20gb (0),1,,13,"void ch_est::windowedChEstPreNoDftSOfdmKernel<float, __half, float, (unsigned int)2, (unsigned int)1, (unsigned short)4>(ch_est::puschRxChEstStatDescr_t *, ch_est::puschRxChEstDynDescr_t *)"
5927763997,6688,417661,137,2,1,24,2,1,44,0.001,0.001,,,,,NVIDIA A100-SXM4-40GB MIG 4g.20gb (0),1,,13,"void ch_est::chEstFilterNoDftSOfdmDispatchKernel<float, __half, float, (unsigned int)2>(ch_est::puschRxChEstStatDescr_t *, ch_est::puschRxChEstDynDescr_t *)"
5927776349,4736,417662,137,2,1,24,2,1,44,0.001,0.001,,,,,NVIDIA A100-SXM4-40GB MIG 4g.20gb (0),1,,13,"void ch_est::chEstFilterNoDftSOfdmDispatchKernel<float, __half, float, (unsigned int)2>(ch_est::puschRxChEstStatDescr_t *, ch_est::puschRxChEstDynDescr_t *)"
5927788381,2496,417673,103,1,1,128,1,1,16,0.000,0.000,,,,,NVIDIA A100-SXM4-40GB MIG 4g.20gb (0),1,,13,cupy_copy__complex64_complex64
5927798749,12512,417683,1434,1,1,128,1,1,16,0.000,0.000,,,,,NVIDIA A100-SXM4-40GB MIG 4g.20gb (0),1,,13,cupy_copy__complex64_complex64
5927826941,2400,417690,103,1,1,128,1,1,16,0.000,0.000,,,,,NVIDIA A100-SXM4-40GB MIG 4g.20gb (0),1,,13,cupy_copy__complex64_complex64
5927841085,88990,417697,1,1,1,32,32,1,30,0.000,0.000,,,,,NVIDIA A100-SXM4-40GB MIG 4g.20gb (0),1,,13,"void convert_kernel<__half2, float2>(tensor_layout_any, T1 *, tensor_layout_any, const T2 *)"
5927964091,19040,417700,,,,,,,,,,0.094,4921.008,Pinned,Device,NVIDIA A100-SXM4-40GB MIG 4g.20gb (0),1,,13,[CUDA memcpy Host-to-Device]
5927992987,47263,417701,,,,,,,,,,35.810,757666.287,Device,,NVIDIA A100-SXM4-40GB MIG 4g.20gb (0),1,,13,[CUDA memset]
5928048090,6752,417703,,,,,,,,,,0.000,11.848,Pinned,Device,NVIDIA A100-SXM4-40GB MIG 4g.20gb (0),1,,13,[CUDA memcpy Host-to-Device]
5928062554,18720,417704,,,,,,,,,,0.197,10502.406,Pinned,Device,NVIDIA A100-SXM4-40GB MIG 4g.20gb (0),1,,13,[CUDA memcpy Host-to-Device]
5928090777,9696,417705,273,1,1,48,1,1,40,0.000,0.001,,,,,NVIDIA A100-SXM4-40GB MIG 4g.20gb (0),1,,13,"void pusch_noise_intf_est::noiseIntfEstNoDftSOfdmKernel<float, __half, float, float, (unsigned int)2, (unsigned int)1, (unsigned char)4, (unsigned char)4>(pusch_noise_intf_est::puschRxNoiseIntfEstDynDescr)"
5928105625,3104,417716,35,1,1,128,1,1,16,0.000,0.000,,,,,NVIDIA A100-SXM4-40GB MIG 4g.20gb (0),1,,13,cupy_copy__complex64_complex64
5928113977,1824,417725,1,1,1,1,1,1,18,0.000,0.000,,,,,NVIDIA A100-SXM4-40GB MIG 4g.20gb (0),1,,13,cupy_copy__float32_float32
5928119033,1792,417731,,,,,,,,,,0.000,2.232,Device,Pageable,NVIDIA A100-SXM4-40GB MIG 4g.20gb (0),1,,7,[CUDA memcpy Device-to-Host]
5928187864,12928,417742,1434,1,1,128,1,1,16,0.000,0.000,,,,,NVIDIA A100-SXM4-40GB MIG 4g.20gb (0),1,,13,cupy_copy__complex64_complex64
5928219416,3456,417749,103,1,1,128,1,1,16,0.000,0.000,,,,,NVIDIA A100-SXM4-40GB MIG 4g.20gb (0),1,,13,cupy_copy__complex64_complex64
5928238520,2592,417756,35,1,1,128,1,1,16,0.000,0.000,,,,,NVIDIA A100-SXM4-40GB MIG 4g.20gb (0),1,,13,cupy_copy__complex64_complex64
5928254679,1792,417763,1,1,1,1,1,1,18,0.000,0.000,,,,,NVIDIA A100-SXM4-40GB MIG 4g.20gb (0),1,,13,cupy_copy__float32_float32
5928387254,82399,417774,1,1,1,32,32,1,30,0.000,0.000,,,,,NVIDIA A100-SXM4-40GB MIG 4g.20gb (0),1,,13,"void convert_kernel<__half2, float2>(tensor_layout_any, T1 *, tensor_layout_any, const T2 *)"
5928498324,5792,417777,,,,,,,,,,0.094,16176.708,Pinned,Device,NVIDIA A100-SXM4-40GB MIG 4g.20gb (0),1,,13,[CUDA memcpy Host-to-Device]
5928513780,3520,417778,,,,,,,,,,1.547,439380.412,Device,,NVIDIA A100-SXM4-40GB MIG 4g.20gb (0),1,,13,[CUDA memset]
5928519892,3840,417783,,,,,,,,,,0.031,8149.979,Pinned,Device,NVIDIA A100-SXM4-40GB MIG 4g.20gb (0),1,,13,[CUDA memcpy Host-to-Device]
5928526580,9568,417784,,,,,,,,,,0.197,20548.485,Pinned,Device,NVIDIA A100-SXM4-40GB MIG 4g.20gb (0),1,,13,[CUDA memcpy Host-to-Device]
5928539924,6560,417785,273,1,1,8,4,1,39,0.002,0.000,,,,,NVIDIA A100-SXM4-40GB MIG 4g.20gb (0),1,,13,"void channel_eq::eqMmseCoefCompLowMimoKernel<float, float, float, (unsigned int)4, (unsigned int)1, (unsigned int)4>(const channel_eq::_puschRxChEqStatDescr *, channel_eq::_puschRxChEqCoefCompDynDescr)"
5928547476,6048,417786,273,1,1,12,11,1,51,0.002,0.000,,,,,NVIDIA A100-SXM4-40GB MIG 4g.20gb (0),1,,13,"void channel_eq::eqMmseSoftDemapKernel<float, __half, __half, float, (unsigned int)4, (unsigned short)16383>(channel_eq::_puschRxChEqStatDescr *, channel_eq::_puschRxChEqSoftDemapDynDescr)"
5928554676,282140,417787,1,1,1,32,32,1,30,0.000,0.000,,,,,NVIDIA A100-SXM4-40GB MIG 4g.20gb (0),1,,13,"void convert_kernel<float2, __half2>(tensor_layout_any, T1 *, tensor_layout_any, const T2 *)"
5928837904,10912,417799,2253,1,1,128,1,1,16,0.000,0.000,,,,,NVIDIA A100-SXM4-40GB MIG 4g.20gb (0),1,,13,cupy_copy__float16_float16
5928851856,3264,417808,282,1,1,128,1,1,16,0.000,0.000,,,,,NVIDIA A100-SXM4-40GB MIG 4g.20gb (0),1,,13,cupy_copy__complex64_complex64
5928858128,1984,417817,26,1,1,128,1,1,16,0.000,0.000,,,,,NVIDIA A100-SXM4-40GB MIG 4g.20gb (0),1,,13,cupy_copy__float32_float32
5928861744,3264,417826,103,1,1,128,1,1,16,0.000,0.000,,,,,NVIDIA A100-SXM4-40GB MIG 4g.20gb (0),1,,13,cupy_copy__complex64_complex64
5928867984,12480,417836,1434,1,1,128,1,1,16,0.000,0.000,,,,,NVIDIA A100-SXM4-40GB MIG 4g.20gb (0),1,,13,cupy_copy__complex64_complex64
5928896208,81791,417841,1,1,1,32,32,1,30,0.000,0.000,,,,,NVIDIA A100-SXM4-40GB MIG 4g.20gb (0),1,,13,"void convert_kernel<__half2, float2>(tensor_layout_any, T1 *, tensor_layout_any, const T2 *)"
5929005678,5664,417844,,,,,,,,,,0.094,16542.310,Pinned,Device,NVIDIA A100-SXM4-40GB MIG 4g.20gb (0),1,,13,[CUDA memcpy Host-to-Device]
5929015598,598361,417845,,,,,,,,,,456.561,762914.166,Device,,NVIDIA A100-SXM4-40GB MIG 4g.20gb (0),1,,13,[CUDA memset]
5929618567,166302,417850,,,,,,,,,,1.235,7425.718,Pinned,Device,NVIDIA A100-SXM4-40GB MIG 4g.20gb (0),1,,13,[CUDA memcpy Host-to-Device]
5929797060,43104,417851,,,,,,,,,,0.197,4561.109,Pinned,Device,NVIDIA A100-SXM4-40GB MIG 4g.20gb (0),1,,13,[CUDA memcpy Host-to-Device]
5929863620,8224,417852,69,4,1,48,1,1,76,0.002,0.000,,,,,NVIDIA A100-SXM4-40GB MIG 4g.20gb (0),1,,13,"void ch_est::windowedChEstPreNoDftSOfdmKernel<float, __half, float, (unsigned int)2, (unsigned int)1, (unsigned short)4>(ch_est::puschRxChEstStatDescr_t *, ch_est::puschRxChEstDynDescr_t *)"
5929881091,6592,417853,137,2,1,24,2,1,44,0.001,0.001,,,,,NVIDIA A100-SXM4-40GB MIG 4g.20gb (0),1,,13,"void ch_est::chEstFilterNoDftSOfdmDispatchKernel<float, __half, float, (unsigned int)2>(ch_est::puschRxChEstStatDescr_t *, ch_est::puschRxChEstDynDescr_t *)"
5929897635,4800,417854,137,2,1,24,2,1,44,0.001,0.001,,,,,NVIDIA A100-SXM4-40GB MIG 4g.20gb (0),1,,13,"void ch_est::chEstFilterNoDftSOfdmDispatchKernel<float, __half, float, (unsigned int)2>(ch_est::puschRxChEstStatDescr_t *, ch_est::puschRxChEstDynDescr_t *)"
5929913667,2720,417865,103,1,1,128,1,1,16,0.000,0.000,,,,,NVIDIA A100-SXM4-40GB MIG 4g.20gb (0),1,,13,cupy_copy__complex64_complex64
5929930595,12320,417875,1434,1,1,128,1,1,16,0.000,0.000,,,,,NVIDIA A100-SXM4-40GB MIG 4g.20gb (0),1,,13,cupy_copy__complex64_complex64
5929950659,2879,417882,103,1,1,128,1,1,16,0.000,0.000,,,,,NVIDIA A100-SXM4-40GB MIG 4g.20gb (0),1,,13,cupy_copy__complex64_complex64
5929973826,88127,417889,1,1,1,32,32,1,30,0.000,0.000,,,,,NVIDIA A100-SXM4-40GB MIG 4g.20gb (0),1,,13,"void convert_kernel<__half2, float2>(tensor_layout_any, T1 *, tensor_layout_any, const T2 *)"
5930093729,19776,417892,,,,,,,,,,0.094,4737.832,Pinned,Device,NVIDIA A100-SXM4-40GB MIG 4g.20gb (0),1,,13,[CUDA memcpy Host-to-Device]
5930126176,47584,417893,,,,,,,,,,35.810,752545.469,Device,,NVIDIA A100-SXM4-40GB MIG 4g.20gb (0),1,,13,[CUDA memset]
5930179712,11040,417895,,,,,,,,,,0.000,7.246,Pinned,Device,NVIDIA A100-SXM4-40GB MIG 4g.20gb (0),1,,13,[CUDA memcpy Host-to-Device]
5930197023,25728,417896,,,,,,,,,,0.197,7641.760,Pinned,Device,NVIDIA A100-SXM4-40GB MIG 4g.20gb (0),1,,13,[CUDA memcpy Host-to-Device]
5930242047,12832,417897,273,1,1,48,1,1,40,0.000,0.001,,,,,NVIDIA A100-SXM4-40GB MIG 4g.20gb (0),1,,13,"void pusch_noise_intf_est::noiseIntfEstNoDftSOfdmKernel<float, __half, float, float, (unsigned int)2, (unsigned int)1, (unsigned char)4, (unsigned char)4>(pusch_noise_intf_est::puschRxNoiseIntfEstDynDescr)"
5930272575,2688,417908,35,1,1,128,1,1,16,0.000,0.000,,,,,NVIDIA A100-SXM4-40GB MIG 4g.20gb (0),1,,13,cupy_copy__complex64_complex64
5930286206,1664,417917,1,1,1,1,1,1,18,0.000,0.000,,,,,NVIDIA A100-SXM4-40GB MIG 4g.20gb (0),1,,13,cupy_copy__float32_float32
5930294398,6624,417923,,,,,,,,,,0.000,0.604,Device,Pageable,NVIDIA A100-SXM4-40GB MIG 4g.20gb (0),1,,7,[CUDA memcpy Device-to-Host]
5930378493,12800,417934,1434,1,1,128,1,1,16,0.000,0.000,,,,,NVIDIA A100-SXM4-40GB MIG 4g.20gb (0),1,,13,cupy_copy__complex64_complex64
5930408125,3456,417941,103,1,1,128,1,1,16,0.000,0.000,,,,,NVIDIA A100-SXM4-40GB MIG 4g.20gb (0),1,,13,cupy_copy__complex64_complex64
5930431325,2560,417948,35,1,1,128,1,1,16,0.000,0.000,,,,,NVIDIA A100-SXM4-40GB MIG 4g.20gb (0),1,,13,cupy_copy__complex64_complex64
5930442972,1984,417955,1,1,1,1,1,1,18,0.000,0.000,,,,,NVIDIA A100-SXM4-40GB MIG 4g.20gb (0),1,,13,cupy_copy__float32_float32
5930569627,82815,417966,1,1,1,32,32,1,30,0.000,0.000,,,,,NVIDIA A100-SXM4-40GB MIG 4g.20gb (0),1,,13,"void convert_kernel<__half2, float2>(tensor_layout_any, T1 *, tensor_layout_any, const T2 *)"
5930680218,5823,417969,,,,,,,,,,0.094,16090.601,Pinned,Device,NVIDIA A100-SXM4-40GB MIG 4g.20gb (0),1,,13,[CUDA memcpy Host-to-Device]
5930695545,3296,417970,,,,,,,,,,1.547,469242.628,Device,,NVIDIA A100-SXM4-40GB MIG 4g.20gb (0),1,,13,[CUDA memset]
5930702137,3744,417975,,,,,,,,,,0.031,8358.974,Pinned,Device,NVIDIA A100-SXM4-40GB MIG 4g.20gb (0),1,,13,[CUDA memcpy Host-to-Device]
5930708281,9728,417976,,,,,,,,,,0.197,20210.516,Pinned,Device,NVIDIA A100-SXM4-40GB MIG 4g.20gb (0),1,,13,[CUDA memcpy Host-to-Device]
5930723225,6272,417977,273,1,1,8,4,1,39,0.002,0.000,,,,,NVIDIA A100-SXM4-40GB MIG 4g.20gb (0),1,,13,"void channel_eq::eqMmseCoefCompLowMimoKernel<float, float, float, (unsigned int)4, (unsigned int)1, (unsigned int)4>(const channel_eq::_puschRxChEqStatDescr *, channel_eq::_puschRxChEqCoefCompDynDescr)"
5930731769,6400,417978,273,1,1,12,11,1,51,0.002,0.000,,,,,NVIDIA A100-SXM4-40GB MIG 4g.20gb (0),1,,13,"void channel_eq::eqMmseSoftDemapKernel<float, __half, __half, float, (unsigned int)4, (unsigned short)16383>(channel_eq::_puschRxChEqStatDescr *, channel_eq::_puschRxChEqSoftDemapDynDescr)"
5930739225,294492,417979,1,1,1,32,32,1,30,0.000,0.000,,,,,NVIDIA A100-SXM4-40GB MIG 4g.20gb (0),1,,13,"void convert_kernel<float2, __half2>(tensor_layout_any, T1 *, tensor_layout_any, const T2 *)"
5931034677,11072,417991,2253,1,1,128,1,1,16,0.000,0.000,,,,,NVIDIA A100-SXM4-40GB MIG 4g.20gb (0),1,,13,cupy_copy__float16_float16
5931049717,2720,418000,282,1,1,128,1,1,16,0.000,0.000,,,,,NVIDIA A100-SXM4-40GB MIG 4g.20gb (0),1,,13,cupy_copy__complex64_complex64
5931055637,2048,418009,26,1,1,128,1,1,16,0.000,0.000,,,,,NVIDIA A100-SXM4-40GB MIG 4g.20gb (0),1,,13,cupy_copy__float32_float32
5931059893,3072,418018,103,1,1,128,1,1,16,0.000,0.000,,,,,NVIDIA A100-SXM4-40GB MIG 4g.20gb (0),1,,13,cupy_copy__complex64_complex64
5931063893,12128,418028,1434,1,1,128,1,1,16,0.000,0.000,,,,,NVIDIA A100-SXM4-40GB MIG 4g.20gb (0),1,,13,cupy_copy__complex64_complex64
5931085141,87870,418033,1,1,1,32,32,1,30,0.000,0.000,,,,,NVIDIA A100-SXM4-40GB MIG 4g.20gb (0),1,,13,"void convert_kernel<__half2, float2>(tensor_layout_any, T1 *, tensor_layout_any, const T2 *)"
5931200083,5440,418036,,,,,,,,,,0.094,17223.480,Pinned,Device,NVIDIA A100-SXM4-40GB MIG 4g.20gb (0),1,,13,[CUDA memcpy Host-to-Device]
5931210323,600185,418037,,,,,,,,,,456.561,760631.359,Device,,NVIDIA A100-SXM4-40GB MIG 4g.20gb (0),1,,13,[CUDA memset]
5931814316,76703,418042,,,,,,,,,,1.235,16099.965,Pinned,Device,NVIDIA A100-SXM4-40GB MIG 4g.20gb (0),1,,13,[CUDA memcpy Host-to-Device]
5931898827,16959,418043,,,,,,,,,,0.197,11592.991,Pinned,Device,NVIDIA A100-SXM4-40GB MIG 4g.20gb (0),1,,13,[CUDA memcpy Host-to-Device]
5931924330,9376,418044,69,4,1,48,1,1,76,0.002,0.000,,,,,NVIDIA A100-SXM4-40GB MIG 4g.20gb (0),1,,13,"void ch_est::windowedChEstPreNoDftSOfdmKernel<float, __half, float, (unsigned int)2, (unsigned int)1, (unsigned short)4>(ch_est::puschRxChEstStatDescr_t *, ch_est::puschRxChEstDynDescr_t *)"
5931939722,7552,418045,137,2,1,24,2,1,44,0.001,0.001,,,,,NVIDIA A100-SXM4-40GB MIG 4g.20gb (0),1,,13,"void ch_est::chEstFilterNoDftSOfdmDispatchKernel<float, __half, float, (unsigned int)2>(ch_est::puschRxChEstStatDescr_t *, ch_est::puschRxChEstDynDescr_t *)"
5931948938,4992,418046,137,2,1,24,2,1,44,0.001,0.001,,,,,NVIDIA A100-SXM4-40GB MIG 4g.20gb (0),1,,13,"void ch_est::chEstFilterNoDftSOfdmDispatchKernel<float, __half, float, (unsigned int)2>(ch_est::puschRxChEstStatDescr_t *, ch_est::puschRxChEstDynDescr_t *)"
5931957354,2528,418057,103,1,1,128,1,1,16,0.000,0.000,,,,,NVIDIA A100-SXM4-40GB MIG 4g.20gb (0),1,,13,cupy_copy__complex64_complex64
5931966602,12896,418067,1434,1,1,128,1,1,16,0.000,0.000,,,,,NVIDIA A100-SXM4-40GB MIG 4g.20gb (0),1,,13,cupy_copy__complex64_complex64
5931982217,2560,418074,103,1,1,128,1,1,16,0.000,0.000,,,,,NVIDIA A100-SXM4-40GB MIG 4g.20gb (0),1,,13,cupy_copy__complex64_complex64
5931990985,89183,418081,1,1,1,32,32,1,30,0.000,0.000,,,,,NVIDIA A100-SXM4-40GB MIG 4g.20gb (0),1,,13,"void convert_kernel<__half2, float2>(tensor_layout_any, T1 *, tensor_layout_any, const T2 *)"
5932108296,13056,418084,,,,,,,,,,0.094,7176.458,Pinned,Device,NVIDIA A100-SXM4-40GB MIG 4g.20gb (0),1,,13,[CUDA memcpy Host-to-Device]
5932127944,47743,418085,,,,,,,,,,35.810,750038.774,Device,,NVIDIA A100-SXM4-40GB MIG 4g.20gb (0),1,,13,[CUDA memset]
5932183655,4384,418087,,,,,,,,,,0.000,18.248,Pinned,Device,NVIDIA A100-SXM4-40GB MIG 4g.20gb (0),1,,13,[CUDA memcpy Host-to-Device]
5932195143,16416,418088,,,,,,,,,,0.197,11976.573,Pinned,Device,NVIDIA A100-SXM4-40GB MIG 4g.20gb (0),1,,13,[CUDA memcpy Host-to-Device]
5932224647,9855,418089,273,1,1,48,1,1,40,0.000,0.001,,,,,NVIDIA A100-SXM4-40GB MIG 4g.20gb (0),1,,13,"void pusch_noise_intf_est::noiseIntfEstNoDftSOfdmKernel<float, __half, float, float, (unsigned int)2, (unsigned int)1, (unsigned char)4, (unsigned char)4>(pusch_noise_intf_est::puschRxNoiseIntfEstDynDescr)"
5932241478,2912,418100,35,1,1,128,1,1,16,0.000,0.000,,,,,NVIDIA A100-SXM4-40GB MIG 4g.20gb (0),1,,13,cupy_copy__complex64_complex64
5932253030,1696,418109,1,1,1,1,1,1,18,0.000,0.000,,,,,NVIDIA A100-SXM4-40GB MIG 4g.20gb (0),1,,13,cupy_copy__float32_float32
5932260198,5856,418115,,,,,,,,,,0.000,0.683,Device,Pageable,NVIDIA A100-SXM4-40GB MIG 4g.20gb (0),1,,7,[CUDA memcpy Device-to-Host]
5932331877,12896,418126,1434,1,1,128,1,1,16,0.000,0.000,,,,,NVIDIA A100-SXM4-40GB MIG 4g.20gb (0),1,,13,cupy_copy__complex64_complex64
5932355493,3008,418133,103,1,1,128,1,1,16,0.000,0.000,,,,,NVIDIA A100-SXM4-40GB MIG 4g.20gb (0),1,,13,cupy_copy__complex64_complex64
5932377989,2464,418140,35,1,1,128,1,1,16,0.000,0.000,,,,,NVIDIA A100-SXM4-40GB MIG 4g.20gb (0),1,,13,cupy_copy__complex64_complex64
5932393764,2048,418147,1,1,1,1,1,1,18,0.000,0.000,,,,,NVIDIA A100-SXM4-40GB MIG 4g.20gb (0),1,,13,cupy_copy__float32_float32
5932525923,87135,418158,1,1,1,32,32,1,30,0.000,0.000,,,,,NVIDIA A100-SXM4-40GB MIG 4g.20gb (0),1,,13,"void convert_kernel<__half2, float2>(tensor_layout_any, T1 *, tensor_layout_any, const T2 *)"
5932640289,5856,418161,,,,,,,,,,0.094,15999.997,Pinned,Device,NVIDIA A100-SXM4-40GB MIG 4g.20gb (0),1,,13,[CUDA memcpy Host-to-Device]
5932654305,3616,418162,,,,,,,,,,1.547,427715.774,Device,,NVIDIA A100-SXM4-40GB MIG 4g.20gb (0),1,,13,[CUDA memset]
5932661569,3552,418167,,,,,,,,,,0.031,8810.794,Pinned,Device,NVIDIA A100-SXM4-40GB MIG 4g.20gb (0),1,,13,[CUDA memcpy Host-to-Device]
5932667681,10176,418168,,,,,,,,,,0.197,19320.668,Pinned,Device,NVIDIA A100-SXM4-40GB MIG 4g.20gb (0),1,,13,[CUDA memcpy Host-to-Device]
5932682785,6560,418169,273,1,1,8,4,1,39,0.002,0.000,,,,,NVIDIA A100-SXM4-40GB MIG 4g.20gb (0),1,,13,"void channel_eq::eqMmseCoefCompLowMimoKernel<float, float, float, (unsigned int)4, (unsigned int)1, (unsigned int)4>(const channel_eq::_puschRxChEqStatDescr *, channel_eq::_puschRxChEqCoefCompDynDescr)"
5932690369,5952,418170,273,1,1,12,11,1,51,0.002,0.000,,,,,NVIDIA A100-SXM4-40GB MIG 4g.20gb (0),1,,13,"void channel_eq::eqMmseSoftDemapKernel<float, __half, __half, float, (unsigned int)4, (unsigned short)16383>(channel_eq::_puschRxChEqStatDescr *, channel_eq::_puschRxChEqSoftDemapDynDescr)"
5932697249,282268,418171,1,1,1,32,32,1,30,0.000,0.000,,,,,NVIDIA A100-SXM4-40GB MIG 4g.20gb (0),1,,13,"void convert_kernel<float2, __half2>(tensor_layout_any, T1 *, tensor_layout_any, const T2 *)"
5932980509,10912,418183,2253,1,1,128,1,1,16,0.000,0.000,,,,,NVIDIA A100-SXM4-40GB MIG 4g.20gb (0),1,,13,cupy_copy__float16_float16
5932994621,3104,418192,282,1,1,128,1,1,16,0.000,0.000,,,,,NVIDIA A100-SXM4-40GB MIG 4g.20gb (0),1,,13,cupy_copy__complex64_complex64
5932999613,2304,418201,26,1,1,128,1,1,16,0.000,0.000,,,,,NVIDIA A100-SXM4-40GB MIG 4g.20gb (0),1,,13,cupy_copy__float32_float32
5933002941,4608,418210,103,1,1,128,1,1,16,0.000,0.000,,,,,NVIDIA A100-SXM4-40GB MIG 4g.20gb (0),1,,13,cupy_copy__complex64_complex64
5933008541,12448,418220,1434,1,1,128,1,1,16,0.000,0.000,,,,,NVIDIA A100-SXM4-40GB MIG 4g.20gb (0),1,,13,cupy_copy__complex64_complex64
5933033213,81599,418225,1,1,1,32,32,1,30,0.000,0.000,,,,,NVIDIA A100-SXM4-40GB MIG 4g.20gb (0),1,,13,"void convert_kernel<__half2, float2>(tensor_layout_any, T1 *, tensor_layout_any, const T2 *)"
5933141947,5408,418228,,,,,,,,,,0.094,17325.421,Pinned,Device,NVIDIA A100-SXM4-40GB MIG 4g.20gb (0),1,,13,[CUDA memcpy Host-to-Device]
5933152827,598073,418229,,,,,,,,,,456.561,763370.728,Device,,NVIDIA A100-SXM4-40GB MIG 4g.20gb (0),1,,13,[CUDA memset]
5933755220,157822,418234,,,,,,,,,,1.235,7824.605,Pinned,Device,NVIDIA A100-SXM4-40GB MIG 4g.20gb (0),1,,13,[CUDA memcpy Host-to-Device]
5933924658,38783,418235,,,,,,,,,,0.197,5069.341,Pinned,Device,NVIDIA A100-SXM4-40GB MIG 4g.20gb (0),1,,13,[CUDA memcpy Host-to-Device]
5933981137,8576,418236,69,4,1,48,1,1,76,0.002,0.000,,,,,NVIDIA A100-SXM4-40GB MIG 4g.20gb (0),1,,13,"void ch_est::windowedChEstPreNoDftSOfdmKernel<float, __half, float, (unsigned int)2, (unsigned int)1, (unsigned short)4>(ch_est::puschRxChEstStatDescr_t *, ch_est::puschRxChEstDynDescr_t *)"
5933996849,6784,418237,137,2,1,24,2,1,44,0.001,0.001,,,,,NVIDIA A100-SXM4-40GB MIG 4g.20gb (0),1,,13,"void ch_est::chEstFilterNoDftSOfdmDispatchKernel<float, __half, float, (unsigned int)2>(ch_est::puschRxChEstStatDescr_t *, ch_est::puschRxChEstDynDescr_t *)"
5934006705,4863,418238,137,2,1,24,2,1,44,0.001,0.001,,,,,NVIDIA A100-SXM4-40GB MIG 4g.20gb (0),1,,13,"void ch_est::chEstFilterNoDftSOfdmDispatchKernel<float, __half, float, (unsigned int)2>(ch_est::puschRxChEstStatDescr_t *, ch_est::puschRxChEstDynDescr_t *)"
5934020720,2784,418249,103,1,1,128,1,1,16,0.000,0.000,,,,,NVIDIA A100-SXM4-40GB MIG 4g.20gb (0),1,,13,cupy_copy__complex64_complex64
5934029456,12800,418259,1434,1,1,128,1,1,16,0.000,0.000,,,,,NVIDIA A100-SXM4-40GB MIG 4g.20gb (0),1,,13,cupy_copy__complex64_complex64
5934047088,3296,418266,103,1,1,128,1,1,16,0.000,0.000,,,,,NVIDIA A100-SXM4-40GB MIG 4g.20gb (0),1,,13,cupy_copy__complex64_complex64
5934055152,87999,418273,1,1,1,32,32,1,30,0.000,0.000,,,,,NVIDIA A100-SXM4-40GB MIG 4g.20gb (0),1,,13,"void convert_kernel<__half2, float2>(tensor_layout_any, T1 *, tensor_layout_any, const T2 *)"
5934171471,9791,418276,,,,,,,,,,0.094,9569.547,Pinned,Device,NVIDIA A100-SXM4-40GB MIG 4g.20gb (0),1,,13,[CUDA memcpy Host-to-Device]
5934189838,47776,418277,,,,,,,,,,35.810,749537.436,Device,,NVIDIA A100-SXM4-40GB MIG 4g.20gb (0),1,,13,[CUDA memset]
5934241326,7104,418279,,,,,,,,,,0.000,11.261,Pinned,Device,NVIDIA A100-SXM4-40GB MIG 4g.20gb (0),1,,13,[CUDA memcpy Host-to-Device]
5934256365,20640,418280,,,,,,,,,,0.197,9525.461,Pinned,Device,NVIDIA A100-SXM4-40GB MIG 4g.20gb (0),1,,13,[CUDA memcpy Host-to-Device]
5934297101,9824,418281,273,1,1,48,1,1,40,0.000,0.001,,,,,NVIDIA A100-SXM4-40GB MIG 4g.20gb (0),1,,13,"void pusch_noise_intf_est::noiseIntfEstNoDftSOfdmKernel<float, __half, float, float, (unsigned int)2, (unsigned int)1, (unsigned char)4, (unsigned char)4>(pusch_noise_intf_est::puschRxNoiseIntfEstDynDescr)"
5934316269,2976,418292,35,1,1,128,1,1,16,0.000,0.000,,,,,NVIDIA A100-SXM4-40GB MIG 4g.20gb (0),1,,13,cupy_copy__complex64_complex64
5934325997,1664,418301,1,1,1,1,1,1,18,0.000,0.000,,,,,NVIDIA A100-SXM4-40GB MIG 4g.20gb (0),1,,13,cupy_copy__float32_float32
5934334029,7167,418307,,,,,,,,,,0.000,0.558,Device,Pageable,NVIDIA A100-SXM4-40GB MIG 4g.20gb (0),1,,7,[CUDA memcpy Device-to-Host]
5934413452,12863,418318,1434,1,1,128,1,1,16,0.000,0.000,,,,,NVIDIA A100-SXM4-40GB MIG 4g.20gb (0),1,,13,cupy_copy__complex64_complex64
5934440299,2912,418325,103,1,1,128,1,1,16,0.000,0.000,,,,,NVIDIA A100-SXM4-40GB MIG 4g.20gb (0),1,,13,cupy_copy__complex64_complex64
5934465259,2624,418332,35,1,1,128,1,1,16,0.000,0.000,,,,,NVIDIA A100-SXM4-40GB MIG 4g.20gb (0),1,,13,cupy_copy__complex64_complex64
5934482987,1888,418339,1,1,1,1,1,1,18,0.000,0.000,,,,,NVIDIA A100-SXM4-40GB MIG 4g.20gb (0),1,,13,cupy_copy__float32_float32
5934608201,83359,418350,1,1,1,32,32,1,30,0.000,0.000,,,,,NVIDIA A100-SXM4-40GB MIG 4g.20gb (0),1,,13,"void convert_kernel<__half2, float2>(tensor_layout_any, T1 *, tensor_layout_any, const T2 *)"
5934719304,5728,418353,,,,,,,,,,0.094,16357.541,Pinned,Device,NVIDIA A100-SXM4-40GB MIG 4g.20gb (0),1,,13,[CUDA memcpy Host-to-Device]
5934734760,3264,418354,,,,,,,,,,1.547,473842.288,Device,,NVIDIA A100-SXM4-40GB MIG 4g.20gb (0),1,,13,[CUDA memset]
5934740680,3775,418359,,,,,,,,,,0.031,8290.310,Pinned,Device,NVIDIA A100-SXM4-40GB MIG 4g.20gb (0),1,,13,[CUDA memcpy Host-to-Device]
5934747527,10176,418360,,,,,,,,,,0.197,19320.668,Pinned,Device,NVIDIA A100-SXM4-40GB MIG 4g.20gb (0),1,,13,[CUDA memcpy Host-to-Device]
5934761159,6368,418361,273,1,1,8,4,1,39,0.002,0.000,,,,,NVIDIA A100-SXM4-40GB MIG 4g.20gb (0),1,,13,"void channel_eq::eqMmseCoefCompLowMimoKernel<float, float, float, (unsigned int)4, (unsigned int)1, (unsigned int)4>(const channel_eq::_puschRxChEqStatDescr *, channel_eq::_puschRxChEqCoefCompDynDescr)"
5934768487,6464,418362,273,1,1,12,11,1,51,0.002,0.000,,,,,NVIDIA A100-SXM4-40GB MIG 4g.20gb (0),1,,13,"void channel_eq::eqMmseSoftDemapKernel<float, __half, __half, float, (unsigned int)4, (unsigned short)16383>(channel_eq::_puschRxChEqStatDescr *, channel_eq::_puschRxChEqSoftDemapDynDescr)"
5934776167,282173,418363,1,1,1,32,32,1,30,0.000,0.000,,,,,NVIDIA A100-SXM4-40GB MIG 4g.20gb (0),1,,13,"void convert_kernel<float2, __half2>(tensor_layout_any, T1 *, tensor_layout_any, const T2 *)"
5935059332,11007,418375,2253,1,1,128,1,1,16,0.000,0.000,,,,,NVIDIA A100-SXM4-40GB MIG 4g.20gb (0),1,,13,cupy_copy__float16_float16
5935075491,2752,418384,282,1,1,128,1,1,16,0.000,0.000,,,,,NVIDIA A100-SXM4-40GB MIG 4g.20gb (0),1,,13,cupy_copy__complex64_complex64
5935079971,2272,418393,26,1,1,128,1,1,16,0.000,0.000,,,,,NVIDIA A100-SXM4-40GB MIG 4g.20gb (0),1,,13,cupy_copy__float32_float32
5935085763,2880,418402,103,1,1,128,1,1,16,0.000,0.000,,,,,NVIDIA A100-SXM4-40GB MIG 4g.20gb (0),1,,13,cupy_copy__complex64_complex64
5935089731,11968,418412,1434,1,1,128,1,1,16,0.000,0.000,,,,,NVIDIA A100-SXM4-40GB MIG 4g.20gb (0),1,,13,cupy_copy__complex64_complex64
5935121955,82399,418417,1,1,1,32,32,1,30,0.000,0.000,,,,,NVIDIA A100-SXM4-40GB MIG 4g.20gb (0),1,,13,"void convert_kernel<__half2, float2>(tensor_layout_any, T1 *, tensor_layout_any, const T2 *)"
5935231233,5600,418420,,,,,,,,,,0.094,16731.388,Pinned,Device,NVIDIA A100-SXM4-40GB MIG 4g.20gb (0),1,,13,[CUDA memcpy Host-to-Device]
5935242241,597625,418421,,,,,,,,,,456.561,763827.289,Device,,NVIDIA A100-SXM4-40GB MIG 4g.20gb (0),1,,13,[CUDA memset]
5935848442,152606,418426,,,,,,,,,,1.235,8091.353,Pinned,Device,NVIDIA A100-SXM4-40GB MIG 4g.20gb (0),1,,13,[CUDA memcpy Host-to-Device]
5936013336,35071,418427,,,,,,,,,,0.197,5605.884,Pinned,Device,NVIDIA A100-SXM4-40GB MIG 4g.20gb (0),1,,13,[CUDA memcpy Host-to-Device]
5936062743,8096,418428,69,4,1,48,1,1,76,0.002,0.000,,,,,NVIDIA A100-SXM4-40GB MIG 4g.20gb (0),1,,13,"void ch_est::windowedChEstPreNoDftSOfdmKernel<float, __half, float, (unsigned int)2, (unsigned int)1, (unsigned short)4>(ch_est::puschRxChEstStatDescr_t *, ch_est::puschRxChEstDynDescr_t *)"
5936078071,6656,418429,137,2,1,24,2,1,44,0.001,0.001,,,,,NVIDIA A100-SXM4-40GB MIG 4g.20gb (0),1,,13,"void ch_est::chEstFilterNoDftSOfdmDispatchKernel<float, __half, float, (unsigned int)2>(ch_est::puschRxChEstStatDescr_t *, ch_est::puschRxChEstDynDescr_t *)"
5936091863,4736,418430,137,2,1,24,2,1,44,0.001,0.001,,,,,NVIDIA A100-SXM4-40GB MIG 4g.20gb (0),1,,13,"void ch_est::chEstFilterNoDftSOfdmDispatchKernel<float, __half, float, (unsigned int)2>(ch_est::puschRxChEstStatDescr_t *, ch_est::puschRxChEstDynDescr_t *)"
5936105047,2496,418441,103,1,1,128,1,1,16,0.000,0.000,,,,,NVIDIA A100-SXM4-40GB MIG 4g.20gb (0),1,,13,cupy_copy__complex64_complex64
5936120535,12543,418451,1434,1,1,128,1,1,16,0.000,0.000,,,,,NVIDIA A100-SXM4-40GB MIG 4g.20gb (0),1,,13,cupy_copy__complex64_complex64
5936149078,2880,418458,103,1,1,128,1,1,16,0.000,0.000,,,,,NVIDIA A100-SXM4-40GB MIG 4g.20gb (0),1,,13,cupy_copy__complex64_complex64
5936160630,86335,418465,1,1,1,32,32,1,30,0.000,0.000,,,,,NVIDIA A100-SXM4-40GB MIG 4g.20gb (0),1,,13,"void convert_kernel<__half2, float2>(tensor_layout_any, T1 *, tensor_layout_any, const T2 *)"
5936274741,7296,418468,,,,,,,,,,0.094,12842.067,Pinned,Device,NVIDIA A100-SXM4-40GB MIG 4g.20gb (0),1,,13,[CUDA memcpy Host-to-Device]
5936289332,47744,418469,,,,,,,,,,35.810,750038.774,Device,,NVIDIA A100-SXM4-40GB MIG 4g.20gb (0),1,,13,[CUDA memset]
5936340084,3680,418471,,,,,,,,,,0.000,21.739,Pinned,Device,NVIDIA A100-SXM4-40GB MIG 4g.20gb (0),1,,13,[CUDA memcpy Host-to-Device]
5936346964,11328,418472,,,,,,,,,,0.197,17355.768,Pinned,Device,NVIDIA A100-SXM4-40GB MIG 4g.20gb (0),1,,13,[CUDA memcpy Host-to-Device]
5936363572,10527,418473,273,1,1,48,1,1,40,0.000,0.001,,,,,NVIDIA A100-SXM4-40GB MIG 4g.20gb (0),1,,13,"void pusch_noise_intf_est::noiseIntfEstNoDftSOfdmKernel<float, __half, float, float, (unsigned int)2, (unsigned int)1, (unsigned char)4, (unsigned char)4>(pusch_noise_intf_est::puschRxNoiseIntfEstDynDescr)"
5936376339,3136,418484,35,1,1,128,1,1,16,0.000,0.000,,,,,NVIDIA A100-SXM4-40GB MIG 4g.20gb (0),1,,13,cupy_copy__complex64_complex64
5936394963,1920,418493,1,1,1,1,1,1,18,0.000,0.000,,,,,NVIDIA A100-SXM4-40GB MIG 4g.20gb (0),1,,13,cupy_copy__float32_float32
5936426483,1824,418499,,,,,,,,,,0.000,2.193,Device,Pageable,NVIDIA A100-SXM4-40GB MIG 4g.20gb (0),1,,7,[CUDA memcpy Device-to-Host]
5936486578,12768,418510,1434,1,1,128,1,1,16,0.000,0.000,,,,,NVIDIA A100-SXM4-40GB MIG 4g.20gb (0),1,,13,cupy_copy__complex64_complex64
5936514898,3456,418517,103,1,1,128,1,1,16,0.000,0.000,,,,,NVIDIA A100-SXM4-40GB MIG 4g.20gb (0),1,,13,cupy_copy__complex64_complex64
5936534577,2432,418524,35,1,1,128,1,1,16,0.000,0.000,,,,,NVIDIA A100-SXM4-40GB MIG 4g.20gb (0),1,,13,cupy_copy__complex64_complex64
5936552209,1888,418531,1,1,1,1,1,1,18,0.000,0.000,,,,,NVIDIA A100-SXM4-40GB MIG 4g.20gb (0),1,,13,cupy_copy__float32_float32
5936685936,82623,418542,1,1,1,32,32,1,30,0.000,0.000,,,,,NVIDIA A100-SXM4-40GB MIG 4g.20gb (0),1,,13,"void convert_kernel<__half2, float2>(tensor_layout_any, T1 *, tensor_layout_any, const T2 *)"
5936796686,5536,418545,,,,,,,,,,0.094,16924.777,Pinned,Device,NVIDIA A100-SXM4-40GB MIG 4g.20gb (0),1,,13,[CUDA memcpy Host-to-Device]
5936810606,3296,418546,,,,,,,,,,1.547,469242.628,Device,,NVIDIA A100-SXM4-40GB MIG 4g.20gb (0),1,,13,[CUDA memset]
5936820270,3072,418551,,,,,,,,,,0.031,10187.474,Pinned,Device,NVIDIA A100-SXM4-40GB MIG 4g.20gb (0),1,,13,[CUDA memcpy Host-to-Device]
5936825774,9664,418552,,,,,,,,,,0.197,20344.209,Pinned,Device,NVIDIA A100-SXM4-40GB MIG 4g.20gb (0),1,,13,[CUDA memcpy Host-to-Device]
5936841326,6240,418553,273,1,1,8,4,1,39,0.002,0.000,,,,,NVIDIA A100-SXM4-40GB MIG 4g.20gb (0),1,,13,"void channel_eq::eqMmseCoefCompLowMimoKernel<float, float, float, (unsigned int)4, (unsigned int)1, (unsigned int)4>(const channel_eq::_puschRxChEqStatDescr *, channel_eq::_puschRxChEqCoefCompDynDescr)"
5936848590,6431,418554,273,1,1,12,11,1,51,0.002,0.000,,,,,NVIDIA A100-SXM4-40GB MIG 4g.20gb (0),1,,13,"void channel_eq::eqMmseSoftDemapKernel<float, __half, __half, float, (unsigned int)4, (unsigned short)16383>(channel_eq::_puschRxChEqStatDescr *, channel_eq::_puschRxChEqSoftDemapDynDescr)"
5936856013,283037,418555,1,1,1,32,32,1,30,0.000,0.000,,,,,NVIDIA A100-SXM4-40GB MIG 4g.20gb (0),1,,13,"void convert_kernel<float2, __half2>(tensor_layout_any, T1 *, tensor_layout_any, const T2 *)"
5937141226,10976,418567,2253,1,1,128,1,1,16,0.000,0.000,,,,,NVIDIA A100-SXM4-40GB MIG 4g.20gb (0),1,,13,cupy_copy__float16_float16
5937155914,3552,418576,282,1,1,128,1,1,16,0.000,0.000,,,,,NVIDIA A100-SXM4-40GB MIG 4g.20gb (0),1,,13,cupy_copy__complex64_complex64
5937163978,2048,418585,26,1,1,128,1,1,16,0.000,0.000,,,,,NVIDIA A100-SXM4-40GB MIG 4g.20gb (0),1,,13,cupy_copy__float32_float32
5937167274,3104,418594,103,1,1,128,1,1,16,0.000,0.000,,,,,NVIDIA A100-SXM4-40GB MIG 4g.20gb (0),1,,13,cupy_copy__complex64_complex64
5937173034,11903,418604,1434,1,1,128,1,1,16,0.000,0.000,,,,,NVIDIA A100-SXM4-40GB MIG 4g.20gb (0),1,,13,cupy_copy__complex64_complex64
5937191913,86367,418609,1,1,1,32,32,1,30,0.000,0.000,,,,,NVIDIA A100-SXM4-40GB MIG 4g.20gb (0),1,,13,"void convert_kernel<__half2, float2>(tensor_layout_any, T1 *, tensor_layout_any, const T2 *)"
5937305800,5728,418612,,,,,,,,,,0.094,16357.541,Pinned,Device,NVIDIA A100-SXM4-40GB MIG 4g.20gb (0),1,,13,[CUDA memcpy Host-to-Device]
5937316712,595864,418613,,,,,,,,,,456.561,766110.096,Device,,NVIDIA A100-SXM4-40GB MIG 4g.20gb (0),1,,13,[CUDA memset]
5937919584,165310,418618,,,,,,,,,,1.235,7470.176,Pinned,Device,NVIDIA A100-SXM4-40GB MIG 4g.20gb (0),1,,13,[CUDA memcpy Host-to-Device]
5938097630,38304,418619,,,,,,,,,,0.197,5132.648,Pinned,Device,NVIDIA A100-SXM4-40GB MIG 4g.20gb (0),1,,13,[CUDA memcpy Host-to-Device]
5938159613,8288,418620,69,4,1,48,1,1,76,0.002,0.000,,,,,NVIDIA A100-SXM4-40GB MIG 4g.20gb (0),1,,13,"void ch_est::windowedChEstPreNoDftSOfdmKernel<float, __half, float, (unsigned int)2, (unsigned int)1, (unsigned short)4>(ch_est::puschRxChEstStatDescr_t *, ch_est::puschRxChEstDynDescr_t *)"
5938177085,6848,418621,137,2,1,24,2,1,44,0.001,0.001,,,,,NVIDIA A100-SXM4-40GB MIG 4g.20gb (0),1,,13,"void ch_est::chEstFilterNoDftSOfdmDispatchKernel<float, __half, float, (unsigned int)2>(ch_est::puschRxChEstStatDescr_t *, ch_est::puschRxChEstDynDescr_t *)"
5938194237,4800,418622,137,2,1,24,2,1,44,0.001,0.001,,,,,NVIDIA A100-SXM4-40GB MIG 4g.20gb (0),1,,13,"void ch_est::chEstFilterNoDftSOfdmDispatchKernel<float, __half, float, (unsigned int)2>(ch_est::puschRxChEstStatDescr_t *, ch_est::puschRxChEstDynDescr_t *)"
5938211069,2656,418633,103,1,1,128,1,1,16,0.000,0.000,,,,,NVIDIA A100-SXM4-40GB MIG 4g.20gb (0),1,,13,cupy_copy__complex64_complex64
5938228189,12351,418643,1434,1,1,128,1,1,16,0.000,0.000,,,,,NVIDIA A100-SXM4-40GB MIG 4g.20gb (0),1,,13,cupy_copy__complex64_complex64
5938248316,2912,418650,103,1,1,128,1,1,16,0.000,0.000,,,,,NVIDIA A100-SXM4-40GB MIG 4g.20gb (0),1,,13,cupy_copy__complex64_complex64
5938272732,86015,418657,1,1,1,32,32,1,30,0.000,0.000,,,,,NVIDIA A100-SXM4-40GB MIG 4g.20gb (0),1,,13,"void convert_kernel<__half2, float2>(tensor_layout_any, T1 *, tensor_layout_any, const T2 *)"
5938391131,25983,418660,,,,,,,,,,0.094,3605.984,Pinned,Device,NVIDIA A100-SXM4-40GB MIG 4g.20gb (0),1,,13,[CUDA memcpy Host-to-Device]
5938444666,46911,418661,,,,,,,,,,35.810,763324.255,Device,,NVIDIA A100-SXM4-40GB MIG 4g.20gb (0),1,,13,[CUDA memset]
5938496665,11552,418663,,,,,,,,,,0.000,6.925,Pinned,Device,NVIDIA A100-SXM4-40GB MIG 4g.20gb (0),1,,13,[CUDA memcpy Host-to-Device]
5938518425,20288,418664,,,,,,,,,,0.197,9690.808,Pinned,Device,NVIDIA A100-SXM4-40GB MIG 4g.20gb (0),1,,13,[CUDA memcpy Host-to-Device]
5938563672,9856,418665,273,1,1,48,1,1,40,0.000,0.001,,,,,NVIDIA A100-SXM4-40GB MIG 4g.20gb (0),1,,13,"void pusch_noise_intf_est::noiseIntfEstNoDftSOfdmKernel<float, __half, float, float, (unsigned int)2, (unsigned int)1, (unsigned char)4, (unsigned char)4>(pusch_noise_intf_est::puschRxNoiseIntfEstDynDescr)"
5938583896,2816,418676,35,1,1,128,1,1,16,0.000,0.000,,,,,NVIDIA A100-SXM4-40GB MIG 4g.20gb (0),1,,13,cupy_copy__complex64_complex64
5938595000,1728,418685,1,1,1,1,1,1,18,0.000,0.000,,,,,NVIDIA A100-SXM4-40GB MIG 4g.20gb (0),1,,13,cupy_copy__float32_float32
5938597656,3232,418691,,,,,,,,,,0.000,1.238,Device,Pageable,NVIDIA A100-SXM4-40GB MIG 4g.20gb (0),1,,7,[CUDA memcpy Device-to-Host]
5938662743,12832,418702,1434,1,1,128,1,1,16,0.000,0.000,,,,,NVIDIA A100-SXM4-40GB MIG 4g.20gb (0),1,,13,cupy_copy__complex64_complex64
5938692343,2944,418709,103,1,1,128,1,1,16,0.000,0.000,,,,,NVIDIA A100-SXM4-40GB MIG 4g.20gb (0),1,,13,cupy_copy__complex64_complex64
5938710935,2816,418716,35,1,1,128,1,1,16,0.000,0.000,,,,,NVIDIA A100-SXM4-40GB MIG 4g.20gb (0),1,,13,cupy_copy__complex64_complex64
5938729334,1888,418723,1,1,1,1,1,1,18,0.000,0.000,,,,,NVIDIA A100-SXM4-40GB MIG 4g.20gb (0),1,,13,cupy_copy__float32_float32
5938866997,87647,418734,1,1,1,32,32,1,30,0.000,0.000,,,,,NVIDIA A100-SXM4-40GB MIG 4g.20gb (0),1,,13,"void convert_kernel<__half2, float2>(tensor_layout_any, T1 *, tensor_layout_any, const T2 *)"
5938982771,5408,418737,,,,,,,,,,0.094,17325.421,Pinned,Device,NVIDIA A100-SXM4-40GB MIG 4g.20gb (0),1,,13,[CUDA memcpy Host-to-Device]
5939000499,3200,418738,,,,,,,,,,1.547,483320.000,Device,,NVIDIA A100-SXM4-40GB MIG 4g.20gb (0),1,,13,[CUDA memset]
5939007539,3008,418743,,,,,,,,,,0.031,10404.230,Pinned,Device,NVIDIA A100-SXM4-40GB MIG 4g.20gb (0),1,,13,[CUDA memcpy Host-to-Device]
5939013203,10208,418744,,,,,,,,,,0.197,19260.113,Pinned,Device,NVIDIA A100-SXM4-40GB MIG 4g.20gb (0),1,,13,[CUDA memcpy Host-to-Device]
5939027859,5920,418745,273,1,1,8,4,1,39,0.002,0.000,,,,,NVIDIA A100-SXM4-40GB MIG 4g.20gb (0),1,,13,"void channel_eq::eqMmseCoefCompLowMimoKernel<float, float, float, (unsigned int)4, (unsigned int)1, (unsigned int)4>(const channel_eq::_puschRxChEqStatDescr *, channel_eq::_puschRxChEqCoefCompDynDescr)"
5939036499,5984,418746,273,1,1,12,11,1,51,0.002,0.000,,,,,NVIDIA A100-SXM4-40GB MIG 4g.20gb (0),1,,13,"void channel_eq::eqMmseSoftDemapKernel<float, __half, __half, float, (unsigned int)4, (unsigned short)16383>(channel_eq::_puschRxChEqStatDescr *, channel_eq::_puschRxChEqSoftDemapDynDescr)"
5939043666,282685,418747,1,1,1,32,32,1,30,0.000,0.000,,,,,NVIDIA A100-SXM4-40GB MIG 4g.20gb (0),1,,13,"void convert_kernel<float2, __half2>(tensor_layout_any, T1 *, tensor_layout_any, const T2 *)"
5939327343,11008,418759,2253,1,1,128,1,1,16,0.000,0.000,,,,,NVIDIA A100-SXM4-40GB MIG 4g.20gb (0),1,,13,cupy_copy__float16_float16
5939340047,3200,418768,282,1,1,128,1,1,16,0.000,0.000,,,,,NVIDIA A100-SXM4-40GB MIG 4g.20gb (0),1,,13,cupy_copy__complex64_complex64
5939345135,2080,418777,26,1,1,128,1,1,16,0.000,0.000,,,,,NVIDIA A100-SXM4-40GB MIG 4g.20gb (0),1,,13,cupy_copy__float32_float32
5939349231,3296,418786,103,1,1,128,1,1,16,0.000,0.000,,,,,NVIDIA A100-SXM4-40GB MIG 4g.20gb (0),1,,13,cupy_copy__complex64_complex64
5939355567,12000,418796,1434,1,1,128,1,1,16,0.000,0.000,,,,,NVIDIA A100-SXM4-40GB MIG 4g.20gb (0),1,,13,cupy_copy__complex64_complex64
5939377710,82655,418801,1,1,1,32,32,1,30,0.000,0.000,,,,,NVIDIA A100-SXM4-40GB MIG 4g.20gb (0),1,,13,"void convert_kernel<__half2, float2>(tensor_layout_any, T1 *, tensor_layout_any, const T2 *)"
5939488173,5760,418804,,,,,,,,,,0.094,16266.656,Pinned,Device,NVIDIA A100-SXM4-40GB MIG 4g.20gb (0),1,,13,[CUDA memcpy Host-to-Device]
5939498093,600984,418805,,,,,,,,,,456.561,759261.675,Device,,NVIDIA A100-SXM4-40GB MIG 4g.20gb (0),1,,13,[CUDA memset]
5940106501,143295,418810,,,,,,,,,,1.235,8617.439,Pinned,Device,NVIDIA A100-SXM4-40GB MIG 4g.20gb (0),1,,13,[CUDA memcpy Host-to-Device]
5940262179,40544,418811,,,,,,,,,,0.197,4849.140,Pinned,Device,NVIDIA A100-SXM4-40GB MIG 4g.20gb (0),1,,13,[CUDA memcpy Host-to-Device]
5940336259,8191,418812,69,4,1,48,1,1,76,0.002,0.000,,,,,NVIDIA A100-SXM4-40GB MIG 4g.20gb (0),1,,13,"void ch_est::windowedChEstPreNoDftSOfdmKernel<float, __half, float, (unsigned int)2, (unsigned int)1, (unsigned short)4>(ch_est::puschRxChEstStatDescr_t *, ch_est::puschRxChEstDynDescr_t *)"
5940355394,6976,418813,137,2,1,24,2,1,44,0.001,0.001,,,,,NVIDIA A100-SXM4-40GB MIG 4g.20gb (0),1,,13,"void ch_est::chEstFilterNoDftSOfdmDispatchKernel<float, __half, float, (unsigned int)2>(ch_est::puschRxChEstStatDescr_t *, ch_est::puschRxChEstDynDescr_t *)"
5940373218,4768,418814,137,2,1,24,2,1,44,0.001,0.001,,,,,NVIDIA A100-SXM4-40GB MIG 4g.20gb (0),1,,13,"void ch_est::chEstFilterNoDftSOfdmDispatchKernel<float, __half, float, (unsigned int)2>(ch_est::puschRxChEstStatDescr_t *, ch_est::puschRxChEstDynDescr_t *)"
5940390306,2560,418825,103,1,1,128,1,1,16,0.000,0.000,,,,,NVIDIA A100-SXM4-40GB MIG 4g.20gb (0),1,,13,cupy_copy__complex64_complex64
5940406978,12192,418835,1434,1,1,128,1,1,16,0.000,0.000,,,,,NVIDIA A100-SXM4-40GB MIG 4g.20gb (0),1,,13,cupy_copy__complex64_complex64
5940426721,2912,418842,103,1,1,128,1,1,16,0.000,0.000,,,,,NVIDIA A100-SXM4-40GB MIG 4g.20gb (0),1,,13,cupy_copy__complex64_complex64
5940445345,88287,418849,1,1,1,32,32,1,30,0.000,0.000,,,,,NVIDIA A100-SXM4-40GB MIG 4g.20gb (0),1,,13,"void convert_kernel<__half2, float2>(tensor_layout_any, T1 *, tensor_layout_any, const T2 *)"
5940566304,20255,418852,,,,,,,,,,0.094,4625.772,Pinned,Device,NVIDIA A100-SXM4-40GB MIG 4g.20gb (0),1,,13,[CUDA memcpy Host-to-Device]
5940602943,47456,418853,,,,,,,,,,35.810,754586.634,Device,,NVIDIA A100-SXM4-40GB MIG 4g.20gb (0),1,,13,[CUDA memset]
5940657119,10303,418855,,,,,,,,,,0.000,7.765,Pinned,Device,NVIDIA A100-SXM4-40GB MIG 4g.20gb (0),1,,13,[CUDA memcpy Host-to-Device]
5940676926,32160,418856,,,,,,,,,,0.197,6113.329,Pinned,Device,NVIDIA A100-SXM4-40GB MIG 4g.20gb (0),1,,13,[CUDA memcpy Host-to-Device]
5940730686,9760,418857,273,1,1,48,1,1,40,0.000,0.001,,,,,NVIDIA A100-SXM4-40GB MIG 4g.20gb (0),1,,13,"void pusch_noise_intf_est::noiseIntfEstNoDftSOfdmKernel<float, __half, float, float, (unsigned int)2, (unsigned int)1, (unsigned char)4, (unsigned char)4>(pusch_noise_intf_est::puschRxNoiseIntfEstDynDescr)"
5940748925,2592,418868,35,1,1,128,1,1,16,0.000,0.000,,,,,NVIDIA A100-SXM4-40GB MIG 4g.20gb (0),1,,13,cupy_copy__complex64_complex64
5940765341,1728,418877,1,1,1,1,1,1,18,0.000,0.000,,,,,NVIDIA A100-SXM4-40GB MIG 4g.20gb (0),1,,13,cupy_copy__float32_float32
5940774205,7424,418883,,,,,,,,,,0.000,0.539,Device,Pageable,NVIDIA A100-SXM4-40GB MIG 4g.20gb (0),1,,7,[CUDA memcpy Device-to-Host]
5940874044,12608,418894,1434,1,1,128,1,1,16,0.000,0.000,,,,,NVIDIA A100-SXM4-40GB MIG 4g.20gb (0),1,,13,cupy_copy__complex64_complex64
5940896380,3424,418901,103,1,1,128,1,1,16,0.000,0.000,,,,,NVIDIA A100-SXM4-40GB MIG 4g.20gb (0),1,,13,cupy_copy__complex64_complex64
5940917947,2592,418908,35,1,1,128,1,1,16,0.000,0.000,,,,,NVIDIA A100-SXM4-40GB MIG 4g.20gb (0),1,,13,cupy_copy__complex64_complex64
5940937211,1760,418915,1,1,1,1,1,1,18,0.000,0.000,,,,,NVIDIA A100-SXM4-40GB MIG 4g.20gb (0),1,,13,cupy_copy__float32_float32
5941060826,86463,418926,1,1,1,32,32,1,30,0.000,0.000,,,,,NVIDIA A100-SXM4-40GB MIG 4g.20gb (0),1,,13,"void convert_kernel<__half2, float2>(tensor_layout_any, T1 *, tensor_layout_any, const T2 *)"
5941174872,5984,418929,,,,,,,,,,0.094,15657.726,Pinned,Device,NVIDIA A100-SXM4-40GB MIG 4g.20gb (0),1,,13,[CUDA memcpy Host-to-Device]
5941189784,3424,418930,,,,,,,,,,1.547,451700.819,Device,,NVIDIA A100-SXM4-40GB MIG 4g.20gb (0),1,,13,[CUDA memset]
5941197112,3104,418935,,,,,,,,,,0.031,10082.445,Pinned,Device,NVIDIA A100-SXM4-40GB MIG 4g.20gb (0),1,,13,[CUDA memcpy Host-to-Device]
5941202712,9536,418936,,,,,,,,,,0.197,20617.298,Pinned,Device,NVIDIA A100-SXM4-40GB MIG 4g.20gb (0),1,,13,[CUDA memcpy Host-to-Device]
5941217432,6368,418937,273,1,1,8,4,1,39,0.002,0.000,,,,,NVIDIA A100-SXM4-40GB MIG 4g.20gb (0),1,,13,"void channel_eq::eqMmseCoefCompLowMimoKernel<float, float, float, (unsigned int)4, (unsigned int)1, (unsigned int)4>(const channel_eq::_puschRxChEqStatDescr *, channel_eq::_puschRxChEqCoefCompDynDescr)"
5941226616,7616,418938,273,1,1,12,11,1,51,0.002,0.000,,,,,NVIDIA A100-SXM4-40GB MIG 4g.20gb (0),1,,13,"void channel_eq::eqMmseSoftDemapKernel<float, __half, __half, float, (unsigned int)4, (unsigned short)16383>(channel_eq::_puschRxChEqStatDescr *, channel_eq::_puschRxChEqSoftDemapDynDescr)"
5941237207,282685,418939,1,1,1,32,32,1,30,0.000,0.000,,,,,NVIDIA A100-SXM4-40GB MIG 4g.20gb (0),1,,13,"void convert_kernel<float2, __half2>(tensor_layout_any, T1 *, tensor_layout_any, const T2 *)"
5941521364,11072,418951,2253,1,1,128,1,1,16,0.000,0.000,,,,,NVIDIA A100-SXM4-40GB MIG 4g.20gb (0),1,,13,cupy_copy__float16_float16
5941533748,3072,418960,282,1,1,128,1,1,16,0.000,0.000,,,,,NVIDIA A100-SXM4-40GB MIG 4g.20gb (0),1,,13,cupy_copy__complex64_complex64
5941538644,2272,418969,26,1,1,128,1,1,16,0.000,0.000,,,,,NVIDIA A100-SXM4-40GB MIG 4g.20gb (0),1,,13,cupy_copy__float32_float32
5941542868,3008,418978,103,1,1,128,1,1,16,0.000,0.000,,,,,NVIDIA A100-SXM4-40GB MIG 4g.20gb (0),1,,13,cupy_copy__complex64_complex64
5941548500,12063,418988,1434,1,1,128,1,1,16,0.000,0.000,,,,,NVIDIA A100-SXM4-40GB MIG 4g.20gb (0),1,,13,cupy_copy__complex64_complex64
5941567763,88095,418993,1,1,1,32,32,1,30,0.000,0.000,,,,,NVIDIA A100-SXM4-40GB MIG 4g.20gb (0),1,,13,"void convert_kernel<__half2, float2>(tensor_layout_any, T1 *, tensor_layout_any, const T2 *)"
5941683218,5728,418996,,,,,,,,,,0.094,16357.541,Pinned,Device,NVIDIA A100-SXM4-40GB MIG 4g.20gb (0),1,,13,[CUDA memcpy Host-to-Device]
5941693010,596696,418997,,,,,,,,,,456.561,764740.412,Device,,NVIDIA A100-SXM4-40GB MIG 4g.20gb (0),1,,13,[CUDA memset]
5942292842,146143,419002,,,,,,,,,,1.235,8449.487,Pinned,Device,NVIDIA A100-SXM4-40GB MIG 4g.20gb (0),1,,13,[CUDA memcpy Host-to-Device]
5942450217,28511,419003,,,,,,,,,,0.197,6895.829,Pinned,Device,NVIDIA A100-SXM4-40GB MIG 4g.20gb (0),1,,13,[CUDA memcpy Host-to-Device]
5942499304,8384,419004,69,4,1,48,1,1,76,0.002,0.000,,,,,NVIDIA A100-SXM4-40GB MIG 4g.20gb (0),1,,13,"void ch_est::windowedChEstPreNoDftSOfdmKernel<float, __half, float, (unsigned int)2, (unsigned int)1, (unsigned short)4>(ch_est::puschRxChEstStatDescr_t *, ch_est::puschRxChEstDynDescr_t *)"
5942512328,6784,419005,137,2,1,24,2,1,44,0.001,0.001,,,,,NVIDIA A100-SXM4-40GB MIG 4g.20gb (0),1,,13,"void ch_est::chEstFilterNoDftSOfdmDispatchKernel<float, __half, float, (unsigned int)2>(ch_est::puschRxChEstStatDescr_t *, ch_est::puschRxChEstDynDescr_t *)"
5942527784,6303,419006,137,2,1,24,2,1,44,0.001,0.001,,,,,NVIDIA A100-SXM4-40GB MIG 4g.20gb (0),1,,13,"void ch_est::chEstFilterNoDftSOfdmDispatchKernel<float, __half, float, (unsigned int)2>(ch_est::puschRxChEstStatDescr_t *, ch_est::puschRxChEstDynDescr_t *)"
5942536807,2368,419017,103,1,1,128,1,1,16,0.000,0.000,,,,,NVIDIA A100-SXM4-40GB MIG 4g.20gb (0),1,,13,cupy_copy__complex64_complex64
5942543623,12704,419027,1434,1,1,128,1,1,16,0.000,0.000,,,,,NVIDIA A100-SXM4-40GB MIG 4g.20gb (0),1,,13,cupy_copy__complex64_complex64
5942560583,3008,419034,103,1,1,128,1,1,16,0.000,0.000,,,,,NVIDIA A100-SXM4-40GB MIG 4g.20gb (0),1,,13,cupy_copy__complex64_complex64
5942566791,86143,419041,1,1,1,32,32,1,30,0.000,0.000,,,,,NVIDIA A100-SXM4-40GB MIG 4g.20gb (0),1,,13,"void convert_kernel<__half2, float2>(tensor_layout_any, T1 *, tensor_layout_any, const T2 *)"
5942680006,5440,419044,,,,,,,,,,0.094,17223.480,Pinned,Device,NVIDIA A100-SXM4-40GB MIG 4g.20gb (0),1,,13,[CUDA memcpy Host-to-Device]
5942691814,46399,419045,,,,,,,,,,35.810,771775.396,Device,,NVIDIA A100-SXM4-40GB MIG 4g.20gb (0),1,,13,[CUDA memset]
5942744037,3712,419047,,,,,,,,,,0.000,21.552,Pinned,Device,NVIDIA A100-SXM4-40GB MIG 4g.20gb (0),1,,13,[CUDA memcpy Host-to-Device]
5942751909,12992,419048,,,,,,,,,,0.197,15132.918,Pinned,Device,NVIDIA A100-SXM4-40GB MIG 4g.20gb (0),1,,13,[CUDA memcpy Host-to-Device]
5942769669,10239,419049,273,1,1,48,1,1,40,0.000,0.001,,,,,NVIDIA A100-SXM4-40GB MIG 4g.20gb (0),1,,13,"void pusch_noise_intf_est::noiseIntfEstNoDftSOfdmKernel<float, __half, float, float, (unsigned int)2, (unsigned int)1, (unsigned char)4, (unsigned char)4>(pusch_noise_intf_est::puschRxNoiseIntfEstDynDescr)"
5942783044,2848,419060,35,1,1,128,1,1,16,0.000,0.000,,,,,NVIDIA A100-SXM4-40GB MIG 4g.20gb (0),1,,13,cupy_copy__complex64_complex64
5942802148,1920,419069,1,1,1,1,1,1,18,0.000,0.000,,,,,NVIDIA A100-SXM4-40GB MIG 4g.20gb (0),1,,13,cupy_copy__float32_float32
5942832452,1568,419075,,,,,,,,,,0.000,2.551,Device,Pageable,NVIDIA A100-SXM4-40GB MIG 4g.20gb (0),1,,7,[CUDA memcpy Device-to-Host]
5942900163,12864,419086,1434,1,1,128,1,1,16,0.000,0.000,,,,,NVIDIA A100-SXM4-40GB MIG 4g.20gb (0),1,,13,cupy_copy__complex64_complex64
5942927875,2784,419093,103,1,1,128,1,1,16,0.000,0.000,,,,,NVIDIA A100-SXM4-40GB MIG 4g.20gb (0),1,,13,cupy_copy__complex64_complex64
5942950050,2208,419100,35,1,1,128,1,1,16,0.000,0.000,,,,,NVIDIA A100-SXM4-40GB MIG 4g.20gb (0),1,,13,cupy_copy__complex64_complex64
5942967010,1920,419107,1,1,1,1,1,1,18,0.000,0.000,,,,,NVIDIA A100-SXM4-40GB MIG 4g.20gb (0),1,,13,cupy_copy__float32_float32
5943102080,86623,419118,1,1,1,32,32,1,30,0.000,0.000,,,,,NVIDIA A100-SXM4-40GB MIG 4g.20gb (0),1,,13,"void convert_kernel<__half2, float2>(tensor_layout_any, T1 *, tensor_layout_any, const T2 *)"
5943216127,5696,419121,,,,,,,,,,0.094,16449.363,Pinned,Device,NVIDIA A100-SXM4-40GB MIG 4g.20gb (0),1,,13,[CUDA memcpy Host-to-Device]
5943230367,3296,419122,,,,,,,,,,1.547,469242.628,Device,,NVIDIA A100-SXM4-40GB MIG 4g.20gb (0),1,,13,[CUDA memset]
5943237055,3136,419127,,,,,,,,,,0.031,9979.575,Pinned,Device,NVIDIA A100-SXM4-40GB MIG 4g.20gb (0),1,,13,[CUDA memcpy Host-to-Device]
5943242623,9824,419128,,,,,,,,,,0.197,20012.925,Pinned,Device,NVIDIA A100-SXM4-40GB MIG 4g.20gb (0),1,,13,[CUDA memcpy Host-to-Device]
5943257535,6911,419129,273,1,1,8,4,1,39,0.002,0.000,,,,,NVIDIA A100-SXM4-40GB MIG 4g.20gb (0),1,,13,"void channel_eq::eqMmseCoefCompLowMimoKernel<float, float, float, (unsigned int)4, (unsigned int)1, (unsigned int)4>(const channel_eq::_puschRxChEqStatDescr *, channel_eq::_puschRxChEqCoefCompDynDescr)"
5943267230,6208,419130,273,1,1,12,11,1,51,0.002,0.000,,,,,NVIDIA A100-SXM4-40GB MIG 4g.20gb (0),1,,13,"void channel_eq::eqMmseSoftDemapKernel<float, __half, __half, float, (unsigned int)4, (unsigned short)16383>(channel_eq::_puschRxChEqStatDescr *, channel_eq::_puschRxChEqSoftDemapDynDescr)"
5943276510,279261,419131,1,1,1,32,32,1,30,0.000,0.000,,,,,NVIDIA A100-SXM4-40GB MIG 4g.20gb (0),1,,13,"void convert_kernel<float2, __half2>(tensor_layout_any, T1 *, tensor_layout_any, const T2 *)"
5943556795,11008,419143,2253,1,1,128,1,1,16,0.000,0.000,,,,,NVIDIA A100-SXM4-40GB MIG 4g.20gb (0),1,,13,cupy_copy__float16_float16
5943573051,2976,419152,282,1,1,128,1,1,16,0.000,0.000,,,,,NVIDIA A100-SXM4-40GB MIG 4g.20gb (0),1,,13,cupy_copy__complex64_complex64
5943578363,2112,419161,26,1,1,128,1,1,16,0.000,0.000,,,,,NVIDIA A100-SXM4-40GB MIG 4g.20gb (0),1,,13,cupy_copy__float32_float32
5943582523,2912,419170,103,1,1,128,1,1,16,0.000,0.000,,,,,NVIDIA A100-SXM4-40GB MIG 4g.20gb (0),1,,13,cupy_copy__complex64_complex64
5943586555,12127,419180,1434,1,1,128,1,1,16,0.000,0.000,,,,,NVIDIA A100-SXM4-40GB MIG 4g.20gb (0),1,,13,cupy_copy__complex64_complex64
5943605338,81599,419185,1,1,1,32,32,1,30,0.000,0.000,,,,,NVIDIA A100-SXM4-40GB MIG 4g.20gb (0),1,,13,"void convert_kernel<__half2, float2>(tensor_layout_any, T1 *, tensor_layout_any, const T2 *)"
5943714233,5760,419188,,,,,,,,,,0.094,16266.656,Pinned,Device,NVIDIA A100-SXM4-40GB MIG 4g.20gb (0),1,,13,[CUDA memcpy Host-to-Device]
5943724121,598936,419189,,,,,,,,,,456.561,762001.043,Device,,NVIDIA A100-SXM4-40GB MIG 4g.20gb (0),1,,13,[CUDA memset]
5944331921,108895,419194,,,,,,,,,,1.235,11340.491,Pinned,Device,NVIDIA A100-SXM4-40GB MIG 4g.20gb (0),1,,13,[CUDA memcpy Host-to-Device]
5944453328,40383,419195,,,,,,,,,,0.197,4868.407,Pinned,Device,NVIDIA A100-SXM4-40GB MIG 4g.20gb (0),1,,13,[CUDA memcpy Host-to-Device]
5944511375,7744,419196,69,4,1,48,1,1,76,0.002,0.000,,,,,NVIDIA A100-SXM4-40GB MIG 4g.20gb (0),1,,13,"void ch_est::windowedChEstPreNoDftSOfdmKernel<float, __half, float, (unsigned int)2, (unsigned int)1, (unsigned short)4>(ch_est::puschRxChEstStatDescr_t *, ch_est::puschRxChEstDynDescr_t *)"
5944529167,6784,419197,137,2,1,24,2,1,44,0.001,0.001,,,,,NVIDIA A100-SXM4-40GB MIG 4g.20gb (0),1,,13,"void ch_est::chEstFilterNoDftSOfdmDispatchKernel<float, __half, float, (unsigned int)2>(ch_est::puschRxChEstStatDescr_t *, ch_est::puschRxChEstDynDescr_t *)"
5944546383,4736,419198,137,2,1,24,2,1,44,0.001,0.001,,,,,NVIDIA A100-SXM4-40GB MIG 4g.20gb (0),1,,13,"void ch_est::chEstFilterNoDftSOfdmDispatchKernel<float, __half, float, (unsigned int)2>(ch_est::puschRxChEstStatDescr_t *, ch_est::puschRxChEstDynDescr_t *)"
5944562670,2528,419209,103,1,1,128,1,1,16,0.000,0.000,,,,,NVIDIA A100-SXM4-40GB MIG 4g.20gb (0),1,,13,cupy_copy__complex64_complex64
5944581934,12352,419219,1434,1,1,128,1,1,16,0.000,0.000,,,,,NVIDIA A100-SXM4-40GB MIG 4g.20gb (0),1,,13,cupy_copy__complex64_complex64
5944603822,2560,419226,103,1,1,128,1,1,16,0.000,0.000,,,,,NVIDIA A100-SXM4-40GB MIG 4g.20gb (0),1,,13,cupy_copy__complex64_complex64
5944626126,89375,419233,1,1,1,32,32,1,30,0.000,0.000,,,,,NVIDIA A100-SXM4-40GB MIG 4g.20gb (0),1,,13,"void convert_kernel<__half2, float2>(tensor_layout_any, T1 *, tensor_layout_any, const T2 *)"
5944746476,21120,419236,,,,,,,,,,0.094,4436.318,Pinned,Device,NVIDIA A100-SXM4-40GB MIG 4g.20gb (0),1,,13,[CUDA memcpy Host-to-Device]
5944785004,47391,419237,,,,,,,,,,35.810,755625.122,Device,,NVIDIA A100-SXM4-40GB MIG 4g.20gb (0),1,,13,[CUDA memset]
5944839659,6112,419239,,,,,,,,,,0.000,13.089,Pinned,Device,NVIDIA A100-SXM4-40GB MIG 4g.20gb (0),1,,13,[CUDA memcpy Host-to-Device]
5944853963,15488,419240,,,,,,,,,,0.197,12694.192,Pinned,Device,NVIDIA A100-SXM4-40GB MIG 4g.20gb (0),1,,13,[CUDA memcpy Host-to-Device]
5944882155,12607,419241,273,1,1,48,1,1,40,0.000,0.001,,,,,NVIDIA A100-SXM4-40GB MIG 4g.20gb (0),1,,13,"void pusch_noise_intf_est::noiseIntfEstNoDftSOfdmKernel<float, __half, float, float, (unsigned int)2, (unsigned int)1, (unsigned char)4, (unsigned char)4>(pusch_noise_intf_est::puschRxNoiseIntfEstDynDescr)"
5944897162,3168,419252,35,1,1,128,1,1,16,0.000,0.000,,,,,NVIDIA A100-SXM4-40GB MIG 4g.20gb (0),1,,13,cupy_copy__complex64_complex64
5944905290,1888,419261,1,1,1,1,1,1,18,0.000,0.000,,,,,NVIDIA A100-SXM4-40GB MIG 4g.20gb (0),1,,13,cupy_copy__float32_float32
5944912842,3680,419267,,,,,,,,,,0.000,1.087,Device,Pageable,NVIDIA A100-SXM4-40GB MIG 4g.20gb (0),1,,7,[CUDA memcpy Device-to-Host]
5944978473,13248,419278,1434,1,1,128,1,1,16,0.000,0.000,,,,,NVIDIA A100-SXM4-40GB MIG 4g.20gb (0),1,,13,cupy_copy__complex64_complex64
5945005001,3008,419285,103,1,1,128,1,1,16,0.000,0.000,,,,,NVIDIA A100-SXM4-40GB MIG 4g.20gb (0),1,,13,cupy_copy__complex64_complex64
5945027305,2208,419292,35,1,1,128,1,1,16,0.000,0.000,,,,,NVIDIA A100-SXM4-40GB MIG 4g.20gb (0),1,,13,cupy_copy__complex64_complex64
5945048105,1759,419299,1,1,1,1,1,1,18,0.000,0.000,,,,,NVIDIA A100-SXM4-40GB MIG 4g.20gb (0),1,,13,cupy_copy__float32_float32
5945182311,81151,419310,1,1,1,32,32,1,30,0.000,0.000,,,,,NVIDIA A100-SXM4-40GB MIG 4g.20gb (0),1,,13,"void convert_kernel<__half2, float2>(tensor_layout_any, T1 *, tensor_layout_any, const T2 *)"
5945291750,5535,419313,,,,,,,,,,0.094,16927.869,Pinned,Device,NVIDIA A100-SXM4-40GB MIG 4g.20gb (0),1,,13,[CUDA memcpy Host-to-Device]
5945307781,3328,419314,,,,,,,,,,1.547,464729.580,Device,,NVIDIA A100-SXM4-40GB MIG 4g.20gb (0),1,,13,[CUDA memset]
5945313317,3136,419319,,,,,,,,,,0.031,9979.575,Pinned,Device,NVIDIA A100-SXM4-40GB MIG 4g.20gb (0),1,,13,[CUDA memcpy Host-to-Device]
5945318917,9536,419320,,,,,,,,,,0.197,20617.298,Pinned,Device,NVIDIA A100-SXM4-40GB MIG 4g.20gb (0),1,,13,[CUDA memcpy Host-to-Device]
5945334405,6336,419321,273,1,1,8,4,1,39,0.002,0.000,,,,,NVIDIA A100-SXM4-40GB MIG 4g.20gb (0),1,,13,"void channel_eq::eqMmseCoefCompLowMimoKernel<float, float, float, (unsigned int)4, (unsigned int)1, (unsigned int)4>(const channel_eq::_puschRxChEqStatDescr *, channel_eq::_puschRxChEqCoefCompDynDescr)"
5945342853,6048,419322,273,1,1,12,11,1,51,0.002,0.000,,,,,NVIDIA A100-SXM4-40GB MIG 4g.20gb (0),1,,13,"void channel_eq::eqMmseSoftDemapKernel<float, __half, __half, float, (unsigned int)4, (unsigned short)16383>(channel_eq::_puschRxChEqStatDescr *, channel_eq::_puschRxChEqSoftDemapDynDescr)"
5945350021,282684,419323,1,1,1,32,32,1,30,0.000,0.000,,,,,NVIDIA A100-SXM4-40GB MIG 4g.20gb (0),1,,13,"void convert_kernel<float2, __half2>(tensor_layout_any, T1 *, tensor_layout_any, const T2 *)"
5945633985,11296,419335,2253,1,1,128,1,1,16,0.000,0.000,,,,,NVIDIA A100-SXM4-40GB MIG 4g.20gb (0),1,,13,cupy_copy__float16_float16
5945649537,3488,419344,282,1,1,128,1,1,16,0.000,0.000,,,,,NVIDIA A100-SXM4-40GB MIG 4g.20gb (0),1,,13,cupy_copy__complex64_complex64
5945654049,2048,419353,26,1,1,128,1,1,16,0.000,0.000,,,,,NVIDIA A100-SXM4-40GB MIG 4g.20gb (0),1,,13,cupy_copy__float32_float32
5945657121,4608,419362,103,1,1,128,1,1,16,0.000,0.000,,,,,NVIDIA A100-SXM4-40GB MIG 4g.20gb (0),1,,13,cupy_copy__complex64_complex64
5945662817,12160,419372,1434,1,1,128,1,1,16,0.000,0.000,,,,,NVIDIA A100-SXM4-40GB MIG 4g.20gb (0),1,,13,cupy_copy__complex64_complex64
5945684577,82303,419377,1,1,1,32,32,1,30,0.000,0.000,,,,,NVIDIA A100-SXM4-40GB MIG 4g.20gb (0),1,,13,"void convert_kernel<__half2, float2>(tensor_layout_any, T1 *, tensor_layout_any, const T2 *)"
5945794111,5760,419380,,,,,,,,,,0.094,16266.656,Pinned,Device,NVIDIA A100-SXM4-40GB MIG 4g.20gb (0),1,,13,[CUDA memcpy Host-to-Device]
5945805087,597945,419381,,,,,,,,,,456.561,763370.728,Device,,NVIDIA A100-SXM4-40GB MIG 4g.20gb (0),1,,13,[CUDA memset]
5946405336,152094,419386,,,,,,,,,,1.235,8118.522,Pinned,Device,NVIDIA A100-SXM4-40GB MIG 4g.20gb (0),1,,13,[CUDA memcpy Host-to-Device]
5946568246,42431,419387,,,,,,,,,,0.197,4633.461,Pinned,Device,NVIDIA A100-SXM4-40GB MIG 4g.20gb (0),1,,13,[CUDA memcpy Host-to-Device]
5946638293,8288,419388,69,4,1,48,1,1,76,0.002,0.000,,,,,NVIDIA A100-SXM4-40GB MIG 4g.20gb (0),1,,13,"void ch_est::windowedChEstPreNoDftSOfdmKernel<float, __half, float, (unsigned int)2, (unsigned int)1, (unsigned short)4>(ch_est::puschRxChEstStatDescr_t *, ch_est::puschRxChEstDynDescr_t *)"
5946656277,7040,419389,137,2,1,24,2,1,44,0.001,0.001,,,,,NVIDIA A100-SXM4-40GB MIG 4g.20gb (0),1,,13,"void ch_est::chEstFilterNoDftSOfdmDispatchKernel<float, __half, float, (unsigned int)2>(ch_est::puschRxChEstStatDescr_t *, ch_est::puschRxChEstDynDescr_t *)"
5946673780,4768,419390,137,2,1,24,2,1,44,0.001,0.001,,,,,NVIDIA A100-SXM4-40GB MIG 4g.20gb (0),1,,13,"void ch_est::chEstFilterNoDftSOfdmDispatchKernel<float, __half, float, (unsigned int)2>(ch_est::puschRxChEstStatDescr_t *, ch_est::puschRxChEstDynDescr_t *)"
5946690324,2720,419401,103,1,1,128,1,1,16,0.000,0.000,,,,,NVIDIA A100-SXM4-40GB MIG 4g.20gb (0),1,,13,cupy_copy__complex64_complex64
5946707316,12480,419411,1434,1,1,128,1,1,16,0.000,0.000,,,,,NVIDIA A100-SXM4-40GB MIG 4g.20gb (0),1,,13,cupy_copy__complex64_complex64
5946727444,2880,419418,103,1,1,128,1,1,16,0.000,0.000,,,,,NVIDIA A100-SXM4-40GB MIG 4g.20gb (0),1,,13,cupy_copy__complex64_complex64
5946750868,86942,419425,1,1,1,32,32,1,30,0.000,0.000,,,,,NVIDIA A100-SXM4-40GB MIG 4g.20gb (0),1,,13,"void convert_kernel<__half2, float2>(tensor_layout_any, T1 *, tensor_layout_any, const T2 *)"
5946885042,27072,419428,,,,,,,,,,0.094,3460.943,Pinned,Device,NVIDIA A100-SXM4-40GB MIG 4g.20gb (0),1,,13,[CUDA memcpy Host-to-Device]
5946928017,47232,419429,,,,,,,,,,35.810,758167.626,Device,,NVIDIA A100-SXM4-40GB MIG 4g.20gb (0),1,,13,[CUDA memset]
5946980593,12544,419431,,,,,,,,,,0.000,6.378,Pinned,Device,NVIDIA A100-SXM4-40GB MIG 4g.20gb (0),1,,13,[CUDA memcpy Host-to-Device]
5947005904,32928,419432,,,,,,,,,,0.197,5970.788,Pinned,Device,NVIDIA A100-SXM4-40GB MIG 4g.20gb (0),1,,13,[CUDA memcpy Host-to-Device]
5947056432,9600,419433,273,1,1,48,1,1,40,0.000,0.001,,,,,NVIDIA A100-SXM4-40GB MIG 4g.20gb (0),1,,13,"void pusch_noise_intf_est::noiseIntfEstNoDftSOfdmKernel<float, __half, float, float, (unsigned int)2, (unsigned int)1, (unsigned char)4, (unsigned char)4>(pusch_noise_intf_est::puschRxNoiseIntfEstDynDescr)"
5947073232,2880,419444,35,1,1,128,1,1,16,0.000,0.000,,,,,NVIDIA A100-SXM4-40GB MIG 4g.20gb (0),1,,13,cupy_copy__complex64_complex64
5947089743,1760,419453,1,1,1,1,1,1,18,0.000,0.000,,,,,NVIDIA A100-SXM4-40GB MIG 4g.20gb (0),1,,13,cupy_copy__float32_float32
5947096303,5792,419459,,,,,,,,,,0.000,0.691,Device,Pageable,NVIDIA A100-SXM4-40GB MIG 4g.20gb (0),1,,7,[CUDA memcpy Device-to-Host]
5947195918,12800,419470,1434,1,1,128,1,1,16,0.000,0.000,,,,,NVIDIA A100-SXM4-40GB MIG 4g.20gb (0),1,,13,cupy_copy__complex64_complex64
5947215982,2976,419477,103,1,1,128,1,1,16,0.000,0.000,,,,,NVIDIA A100-SXM4-40GB MIG 4g.20gb (0),1,,13,cupy_copy__complex64_complex64
5947240525,2592,419484,35,1,1,128,1,1,16,0.000,0.000,,,,,NVIDIA A100-SXM4-40GB MIG 4g.20gb (0),1,,13,cupy_copy__complex64_complex64
5947257197,1760,419491,1,1,1,1,1,1,18,0.000,0.000,,,,,NVIDIA A100-SXM4-40GB MIG 4g.20gb (0),1,,13,cupy_copy__float32_float32
5947387404,82943,419502,1,1,1,32,32,1,30,0.000,0.000,,,,,NVIDIA A100-SXM4-40GB MIG 4g.20gb (0),1,,13,"void convert_kernel<__half2, float2>(tensor_layout_any, T1 *, tensor_layout_any, const T2 *)"
5947498442,5600,419505,,,,,,,,,,0.094,16731.388,Pinned,Device,NVIDIA A100-SXM4-40GB MIG 4g.20gb (0),1,,13,[CUDA memcpy Host-to-Device]
5947513962,3104,419506,,,,,,,,,,1.547,498266.574,Device,,NVIDIA A100-SXM4-40GB MIG 4g.20gb (0),1,,13,[CUDA memset]
5947520138,3008,419511,,,,,,,,,,0.031,10404.230,Pinned,Device,NVIDIA A100-SXM4-40GB MIG 4g.20gb (0),1,,13,[CUDA memcpy Host-to-Device]
5947526442,10272,419512,,,,,,,,,,0.197,19140.182,Pinned,Device,NVIDIA A100-SXM4-40GB MIG 4g.20gb (0),1,,13,[CUDA memcpy Host-to-Device]
5947542026,8352,419513,273,1,1,8,4,1,39,0.002,0.000,,,,,NVIDIA A100-SXM4-40GB MIG 4g.20gb (0),1,,13,"void channel_eq::eqMmseCoefCompLowMimoKernel<float, float, float, (unsigned int)4, (unsigned int)1, (unsigned int)4>(const channel_eq::_puschRxChEqStatDescr *, channel_eq::_puschRxChEqCoefCompDynDescr)"
5947551978,5600,419514,273,1,1,12,11,1,51,0.002,0.000,,,,,NVIDIA A100-SXM4-40GB MIG 4g.20gb (0),1,,13,"void channel_eq::eqMmseSoftDemapKernel<float, __half, __half, float, (unsigned int)4, (unsigned short)16383>(channel_eq::_puschRxChEqStatDescr *, channel_eq::_puschRxChEqSoftDemapDynDescr)"
5947559338,283452,419515,1,1,1,32,32,1,30,0.000,0.000,,,,,NVIDIA A100-SXM4-40GB MIG 4g.20gb (0),1,,13,"void convert_kernel<float2, __half2>(tensor_layout_any, T1 *, tensor_layout_any, const T2 *)"
5947844966,11136,419527,2253,1,1,128,1,1,16,0.000,0.000,,,,,NVIDIA A100-SXM4-40GB MIG 4g.20gb (0),1,,13,cupy_copy__float16_float16
5947858662,3648,419536,282,1,1,128,1,1,16,0.000,0.000,,,,,NVIDIA A100-SXM4-40GB MIG 4g.20gb (0),1,,13,cupy_copy__complex64_complex64
5947863942,2176,419545,26,1,1,128,1,1,16,0.000,0.000,,,,,NVIDIA A100-SXM4-40GB MIG 4g.20gb (0),1,,13,cupy_copy__float32_float32
5947867494,5056,419554,103,1,1,128,1,1,16,0.000,0.000,,,,,NVIDIA A100-SXM4-40GB MIG 4g.20gb (0),1,,13,cupy_copy__complex64_complex64
5947874950,11904,419564,1434,1,1,128,1,1,16,0.000,0.000,,,,,NVIDIA A100-SXM4-40GB MIG 4g.20gb (0),1,,13,cupy_copy__complex64_complex64
5947891557,81919,419569,1,1,1,32,32,1,30,0.000,0.000,,,,,NVIDIA A100-SXM4-40GB MIG 4g.20gb (0),1,,13,"void convert_kernel<__half2, float2>(tensor_layout_any, T1 *, tensor_layout_any, const T2 *)"
5948001636,5536,419572,,,,,,,,,,0.094,16924.777,Pinned,Device,NVIDIA A100-SXM4-40GB MIG 4g.20gb (0),1,,13,[CUDA memcpy Host-to-Device]
5948010948,598169,419573,,,,,,,,,,456.561,762914.166,Device,,NVIDIA A100-SXM4-40GB MIG 4g.20gb (0),1,,13,[CUDA memset]
5948616605,88446,419578,,,,,,,,,,1.235,13962.277,Pinned,Device,NVIDIA A100-SXM4-40GB MIG 4g.20gb (0),1,,13,[CUDA memcpy Host-to-Device]
5948711419,17408,419579,,,,,,,,,,0.197,11293.950,Pinned,Device,NVIDIA A100-SXM4-40GB MIG 4g.20gb (0),1,,13,[CUDA memcpy Host-to-Device]
5948738555,8032,419580,69,4,1,48,1,1,76,0.002,0.000,,,,,NVIDIA A100-SXM4-40GB MIG 4g.20gb (0),1,,13,"void ch_est::windowedChEstPreNoDftSOfdmKernel<float, __half, float, (unsigned int)2, (unsigned int)1, (unsigned short)4>(ch_est::puschRxChEstStatDescr_t *, ch_est::puschRxChEstDynDescr_t *)"
5948754075,7456,419581,137,2,1,24,2,1,44,0.001,0.001,,,,,NVIDIA A100-SXM4-40GB MIG 4g.20gb (0),1,,13,"void ch_est::chEstFilterNoDftSOfdmDispatchKernel<float, __half, float, (unsigned int)2>(ch_est::puschRxChEstStatDescr_t *, ch_est::puschRxChEstDynDescr_t *)"
5948768763,5184,419582,137,2,1,24,2,1,44,0.001,0.001,,,,,NVIDIA A100-SXM4-40GB MIG 4g.20gb (0),1,,13,"void ch_est::chEstFilterNoDftSOfdmDispatchKernel<float, __half, float, (unsigned int)2>(ch_est::puschRxChEstStatDescr_t *, ch_est::puschRxChEstDynDescr_t *)"
5948775675,2912,419593,103,1,1,128,1,1,16,0.000,0.000,,,,,NVIDIA A100-SXM4-40GB MIG 4g.20gb (0),1,,13,cupy_copy__complex64_complex64
5948782458,12480,419603,1434,1,1,128,1,1,16,0.000,0.000,,,,,NVIDIA A100-SXM4-40GB MIG 4g.20gb (0),1,,13,cupy_copy__complex64_complex64
5948796186,2496,419610,103,1,1,128,1,1,16,0.000,0.000,,,,,NVIDIA A100-SXM4-40GB MIG 4g.20gb (0),1,,13,cupy_copy__complex64_complex64
5948805370,81983,419617,1,1,1,32,32,1,30,0.000,0.000,,,,,NVIDIA A100-SXM4-40GB MIG 4g.20gb (0),1,,13,"void convert_kernel<__half2, float2>(tensor_layout_any, T1 *, tensor_layout_any, const T2 *)"
5948915033,6048,419620,,,,,,,,,,0.094,15491.978,Pinned,Device,NVIDIA A100-SXM4-40GB MIG 4g.20gb (0),1,,13,[CUDA memcpy Host-to-Device]
5948926521,47231,419621,,,,,,,,,,35.810,758167.626,Device,,NVIDIA A100-SXM4-40GB MIG 4g.20gb (0),1,,13,[CUDA memset]
5948978072,4256,419623,,,,,,,,,,0.000,18.797,Pinned,Device,NVIDIA A100-SXM4-40GB MIG 4g.20gb (0),1,,13,[CUDA memcpy Host-to-Device]
5948986232,12032,419624,,,,,,,,,,0.197,16340.287,Pinned,Device,NVIDIA A100-SXM4-40GB MIG 4g.20gb (0),1,,13,[CUDA memcpy Host-to-Device]
5949005240,10112,419625,273,1,1,48,1,1,40,0.000,0.001,,,,,NVIDIA A100-SXM4-40GB MIG 4g.20gb (0),1,,13,"void pusch_noise_intf_est::noiseIntfEstNoDftSOfdmKernel<float, __half, float, float, (unsigned int)2, (unsigned int)1, (unsigned char)4, (unsigned char)4>(pusch_noise_intf_est::puschRxNoiseIntfEstDynDescr)"
5949018328,2880,419636,35,1,1,128,1,1,16,0.000,0.000,,,,,NVIDIA A100-SXM4-40GB MIG 4g.20gb (0),1,,13,cupy_copy__complex64_complex64
5949035063,2016,419645,1,1,1,1,1,1,18,0.000,0.000,,,,,NVIDIA A100-SXM4-40GB MIG 4g.20gb (0),1,,13,cupy_copy__float32_float32
5949065719,1568,419651,,,,,,,,,,0.000,2.551,Device,Pageable,NVIDIA A100-SXM4-40GB MIG 4g.20gb (0),1,,7,[CUDA memcpy Device-to-Host]
5949124950,12800,419662,1434,1,1,128,1,1,16,0.000,0.000,,,,,NVIDIA A100-SXM4-40GB MIG 4g.20gb (0),1,,13,cupy_copy__complex64_complex64
5949155446,2752,419669,103,1,1,128,1,1,16,0.000,0.000,,,,,NVIDIA A100-SXM4-40GB MIG 4g.20gb (0),1,,13,cupy_copy__complex64_complex64
5949175862,2336,419676,35,1,1,128,1,1,16,0.000,0.000,,,,,NVIDIA A100-SXM4-40GB MIG 4g.20gb (0),1,,13,cupy_copy__complex64_complex64
5949194741,1792,419683,1,1,1,1,1,1,18,0.000,0.000,,,,,NVIDIA A100-SXM4-40GB MIG 4g.20gb (0),1,,13,cupy_copy__float32_float32
5949326420,81759,419694,1,1,1,32,32,1,30,0.000,0.000,,,,,NVIDIA A100-SXM4-40GB MIG 4g.20gb (0),1,,13,"void convert_kernel<__half2, float2>(tensor_layout_any, T1 *, tensor_layout_any, const T2 *)"
5949436722,5728,419697,,,,,,,,,,0.094,16357.541,Pinned,Device,NVIDIA A100-SXM4-40GB MIG 4g.20gb (0),1,,13,[CUDA memcpy Host-to-Device]
5949450738,3136,419698,,,,,,,,,,1.547,493182.821,Device,,NVIDIA A100-SXM4-40GB MIG 4g.20gb (0),1,,13,[CUDA memset]
5949456818,3232,419703,,,,,,,,,,0.031,9683.139,Pinned,Device,NVIDIA A100-SXM4-40GB MIG 4g.20gb (0),1,,13,[CUDA memcpy Host-to-Device]
5949462770,9568,419704,,,,,,,,,,0.197,20548.485,Pinned,Device,NVIDIA A100-SXM4-40GB MIG 4g.20gb (0),1,,13,[CUDA memcpy Host-to-Device]
5949479122,8288,419705,273,1,1,8,4,1,39,0.002,0.000,,,,,NVIDIA A100-SXM4-40GB MIG 4g.20gb (0),1,,13,"void channel_eq::eqMmseCoefCompLowMimoKernel<float, float, float, (unsigned int)4, (unsigned int)1, (unsigned int)4>(const channel_eq::_puschRxChEqStatDescr *, channel_eq::_puschRxChEqCoefCompDynDescr)"
5949488626,6592,419706,273,1,1,12,11,1,51,0.002,0.000,,,,,NVIDIA A100-SXM4-40GB MIG 4g.20gb (0),1,,13,"void channel_eq::eqMmseSoftDemapKernel<float, __half, __half, float, (unsigned int)4, (unsigned short)16383>(channel_eq::_puschRxChEqStatDescr *, channel_eq::_puschRxChEqSoftDemapDynDescr)"
5949496306,282108,419707,1,1,1,32,32,1,30,0.000,0.000,,,,,NVIDIA A100-SXM4-40GB MIG 4g.20gb (0),1,,13,"void convert_kernel<float2, __half2>(tensor_layout_any, T1 *, tensor_layout_any, const T2 *)"
5949781902,10976,419719,2253,1,1,128,1,1,16,0.000,0.000,,,,,NVIDIA A100-SXM4-40GB MIG 4g.20gb (0),1,,13,cupy_copy__float16_float16
5949797710,3104,419728,282,1,1,128,1,1,16,0.000,0.000,,,,,NVIDIA A100-SXM4-40GB MIG 4g.20gb (0),1,,13,cupy_copy__complex64_complex64
5949803406,2304,419737,26,1,1,128,1,1,16,0.000,0.000,,,,,NVIDIA A100-SXM4-40GB MIG 4g.20gb (0),1,,13,cupy_copy__float32_float32
5949806894,2784,419746,103,1,1,128,1,1,16,0.000,0.000,,,,,NVIDIA A100-SXM4-40GB MIG 4g.20gb (0),1,,13,cupy_copy__complex64_complex64
5949811150,12480,419756,1434,1,1,128,1,1,16,0.000,0.000,,,,,NVIDIA A100-SXM4-40GB MIG 4g.20gb (0),1,,13,cupy_copy__complex64_complex64
5949829902,86271,419761,1,1,1,32,32,1,30,0.000,0.000,,,,,NVIDIA A100-SXM4-40GB MIG 4g.20gb (0),1,,13,"void convert_kernel<__half2, float2>(tensor_layout_any, T1 *, tensor_layout_any, const T2 *)"
5949945740,5536,419764,,,,,,,,,,0.094,16924.777,Pinned,Device,NVIDIA A100-SXM4-40GB MIG 4g.20gb (0),1,,13,[CUDA memcpy Host-to-Device]
5949956108,596473,419765,,,,,,,,,,456.561,765196.973,Device,,NVIDIA A100-SXM4-40GB MIG 4g.20gb (0),1,,13,[CUDA memset]
5950556453,155454,419770,,,,,,,,,,1.235,7943.160,Pinned,Device,NVIDIA A100-SXM4-40GB MIG 4g.20gb (0),1,,13,[CUDA memcpy Host-to-Device]
5950724579,38751,419771,,,,,,,,,,0.197,5073.469,Pinned,Device,NVIDIA A100-SXM4-40GB MIG 4g.20gb (0),1,,13,[CUDA memcpy Host-to-Device]
5950789634,8128,419772,69,4,1,48,1,1,76,0.002,0.000,,,,,NVIDIA A100-SXM4-40GB MIG 4g.20gb (0),1,,13,"void ch_est::windowedChEstPreNoDftSOfdmKernel<float, __half, float, (unsigned int)2, (unsigned int)1, (unsigned short)4>(ch_est::puschRxChEstStatDescr_t *, ch_est::puschRxChEstDynDescr_t *)"
5950807234,6623,419773,137,2,1,24,2,1,44,0.001,0.001,,,,,NVIDIA A100-SXM4-40GB MIG 4g.20gb (0),1,,13,"void ch_est::chEstFilterNoDftSOfdmDispatchKernel<float, __half, float, (unsigned int)2>(ch_est::puschRxChEstStatDescr_t *, ch_est::puschRxChEstDynDescr_t *)"
5950818305,4800,419774,137,2,1,24,2,1,44,0.001,0.001,,,,,NVIDIA A100-SXM4-40GB MIG 4g.20gb (0),1,,13,"void ch_est::chEstFilterNoDftSOfdmDispatchKernel<float, __half, float, (unsigned int)2>(ch_est::puschRxChEstStatDescr_t *, ch_est::puschRxChEstDynDescr_t *)"
5950835457,2784,419785,103,1,1,128,1,1,16,0.000,0.000,,,,,NVIDIA A100-SXM4-40GB MIG 4g.20gb (0),1,,13,cupy_copy__complex64_complex64
5950845889,13120,419795,1434,1,1,128,1,1,16,0.000,0.000,,,,,NVIDIA A100-SXM4-40GB MIG 4g.20gb (0),1,,13,cupy_copy__complex64_complex64
5950878337,2560,419802,103,1,1,128,1,1,16,0.000,0.000,,,,,NVIDIA A100-SXM4-40GB MIG 4g.20gb (0),1,,13,cupy_copy__complex64_complex64
5950886241,93438,419809,1,1,1,32,32,1,30,0.000,0.000,,,,,NVIDIA A100-SXM4-40GB MIG 4g.20gb (0),1,,13,"void convert_kernel<__half2, float2>(tensor_layout_any, T1 *, tensor_layout_any, const T2 *)"
5951010559,12480,419812,,,,,,,,,,0.094,7507.673,Pinned,Device,NVIDIA A100-SXM4-40GB MIG 4g.20gb (0),1,,13,[CUDA memcpy Host-to-Device]
5951033151,47519,419813,,,,,,,,,,35.810,753583.956,Device,,NVIDIA A100-SXM4-40GB MIG 4g.20gb (0),1,,13,[CUDA memset]
5951086782,2624,419815,,,,,,,,,,0.000,30.488,Pinned,Device,NVIDIA A100-SXM4-40GB MIG 4g.20gb (0),1,,13,[CUDA memcpy Host-to-Device]
5951097374,14656,419816,,,,,,,,,,0.197,13414.760,Pinned,Device,NVIDIA A100-SXM4-40GB MIG 4g.20gb (0),1,,13,[CUDA memcpy Host-to-Device]
5951123614,12959,419817,273,1,1,48,1,1,40,0.000,0.001,,,,,NVIDIA A100-SXM4-40GB MIG 4g.20gb (0),1,,13,"void pusch_noise_intf_est::noiseIntfEstNoDftSOfdmKernel<float, __half, float, float, (unsigned int)2, (unsigned int)1, (unsigned char)4, (unsigned char)4>(pusch_noise_intf_est::puschRxNoiseIntfEstDynDescr)"
5951139709,2912,419828,35,1,1,128,1,1,16,0.000,0.000,,,,,NVIDIA A100-SXM4-40GB MIG 4g.20gb (0),1,,13,cupy_copy__complex64_complex64
5951147389,2048,419837,1,1,1,1,1,1,18,0.000,0.000,,,,,NVIDIA A100-SXM4-40GB MIG 4g.20gb (0),1,,13,cupy_copy__float32_float32
5951163421,1760,419843,,,,,,,,,,0.000,2.273,Device,Pageable,NVIDIA A100-SXM4-40GB MIG 4g.20gb (0),1,,7,[CUDA memcpy Device-to-Host]
5951227452,12832,419854,1434,1,1,128,1,1,16,0.000,0.000,,,,,NVIDIA A100-SXM4-40GB MIG 4g.20gb (0),1,,13,cupy_copy__complex64_complex64
5951252412,3456,419861,103,1,1,128,1,1,16,0.000,0.000,,,,,NVIDIA A100-SXM4-40GB MIG 4g.20gb (0),1,,13,cupy_copy__complex64_complex64
5951273372,2432,419868,35,1,1,128,1,1,16,0.000,0.000,,,,,NVIDIA A100-SXM4-40GB MIG 4g.20gb (0),1,,13,cupy_copy__complex64_complex64
5951293500,1760,419875,1,1,1,1,1,1,18,0.000,0.000,,,,,NVIDIA A100-SXM4-40GB MIG 4g.20gb (0),1,,13,cupy_copy__float32_float32
5951425722,87871,419886,1,1,1,32,32,1,30,0.000,0.000,,,,,NVIDIA A100-SXM4-40GB MIG 4g.20gb (0),1,,13,"void convert_kernel<__half2, float2>(tensor_layout_any, T1 *, tensor_layout_any, const T2 *)"
5951541209,5599,419889,,,,,,,,,,0.094,16734.387,Pinned,Device,NVIDIA A100-SXM4-40GB MIG 4g.20gb (0),1,,13,[CUDA memcpy Host-to-Device]
5951554968,3680,419890,,,,,,,,,,1.547,420278.059,Device,,NVIDIA A100-SXM4-40GB MIG 4g.20gb (0),1,,13,[CUDA memset]
5951562008,3296,419895,,,,,,,,,,0.031,9495.144,Pinned,Device,NVIDIA A100-SXM4-40GB MIG 4g.20gb (0),1,,13,[CUDA memcpy Host-to-Device]
5951567672,9824,419896,,,,,,,,,,0.197,20012.925,Pinned,Device,NVIDIA A100-SXM4-40GB MIG 4g.20gb (0),1,,13,[CUDA memcpy Host-to-Device]
5951583768,6400,419897,273,1,1,8,4,1,39,0.002,0.000,,,,,NVIDIA A100-SXM4-40GB MIG 4g.20gb (0),1,,13,"void channel_eq::eqMmseCoefCompLowMimoKernel<float, float, float, (unsigned int)4, (unsigned int)1, (unsigned int)4>(const channel_eq::_puschRxChEqStatDescr *, channel_eq::_puschRxChEqCoefCompDynDescr)"
5951591544,6080,419898,273,1,1,12,11,1,51,0.002,0.000,,,,,NVIDIA A100-SXM4-40GB MIG 4g.20gb (0),1,,13,"void channel_eq::eqMmseSoftDemapKernel<float, __half, __half, float, (unsigned int)4, (unsigned short)16383>(channel_eq::_puschRxChEqStatDescr *, channel_eq::_puschRxChEqSoftDemapDynDescr)"
5951598968,293820,419899,1,1,1,32,32,1,30,0.000,0.000,,,,,NVIDIA A100-SXM4-40GB MIG 4g.20gb (0),1,,13,"void convert_kernel<float2, __half2>(tensor_layout_any, T1 *, tensor_layout_any, const T2 *)"
5951894996,11104,419911,2253,1,1,128,1,1,16,0.000,0.000,,,,,NVIDIA A100-SXM4-40GB MIG 4g.20gb (0),1,,13,cupy_copy__float16_float16
5951907316,3136,419920,282,1,1,128,1,1,16,0.000,0.000,,,,,NVIDIA A100-SXM4-40GB MIG 4g.20gb (0),1,,13,cupy_copy__complex64_complex64
5951912340,2336,419929,26,1,1,128,1,1,16,0.000,0.000,,,,,NVIDIA A100-SXM4-40GB MIG 4g.20gb (0),1,,13,cupy_copy__float32_float32
5951917748,2912,419938,103,1,1,128,1,1,16,0.000,0.000,,,,,NVIDIA A100-SXM4-40GB MIG 4g.20gb (0),1,,13,cupy_copy__complex64_complex64
5951922420,12064,419948,1434,1,1,128,1,1,16,0.000,0.000,,,,,NVIDIA A100-SXM4-40GB MIG 4g.20gb (0),1,,13,cupy_copy__complex64_complex64
5951936724,85631,419953,1,1,1,32,32,1,30,0.000,0.000,,,,,NVIDIA A100-SXM4-40GB MIG 4g.20gb (0),1,,13,"void convert_kernel<__half2, float2>(tensor_layout_any, T1 *, tensor_layout_any, const T2 *)"
5952050642,5696,419956,,,,,,,,,,0.094,16449.363,Pinned,Device,NVIDIA A100-SXM4-40GB MIG 4g.20gb (0),1,,13,[CUDA memcpy Host-to-Device]
5952062386,601049,419957,,,,,,,,,,456.561,759261.675,Device,,NVIDIA A100-SXM4-40GB MIG 4g.20gb (0),1,,13,[CUDA memset]
5952670891,150590,419962,,,,,,,,,,1.235,8200.028,Pinned,Device,NVIDIA A100-SXM4-40GB MIG 4g.20gb (0),1,,13,[CUDA memcpy Host-to-Device]
5952837737,40447,419963,,,,,,,,,,0.197,4860.740,Pinned,Device,NVIDIA A100-SXM4-40GB MIG 4g.20gb (0),1,,13,[CUDA memcpy Host-to-Device]
5952908488,8000,419964,69,4,1,48,1,1,76,0.002,0.000,,,,,NVIDIA A100-SXM4-40GB MIG 4g.20gb (0),1,,13,"void ch_est::windowedChEstPreNoDftSOfdmKernel<float, __half, float, (unsigned int)2, (unsigned int)1, (unsigned short)4>(ch_est::puschRxChEstStatDescr_t *, ch_est::puschRxChEstDynDescr_t *)"
5952926247,6592,419965,137,2,1,24,2,1,44,0.001,0.001,,,,,NVIDIA A100-SXM4-40GB MIG 4g.20gb (0),1,,13,"void ch_est::chEstFilterNoDftSOfdmDispatchKernel<float, __half, float, (unsigned int)2>(ch_est::puschRxChEstStatDescr_t *, ch_est::puschRxChEstDynDescr_t *)"
5952943431,4640,419966,137,2,1,24,2,1,44,0.001,0.001,,,,,NVIDIA A100-SXM4-40GB MIG 4g.20gb (0),1,,13,"void ch_est::chEstFilterNoDftSOfdmDispatchKernel<float, __half, float, (unsigned int)2>(ch_est::puschRxChEstStatDescr_t *, ch_est::puschRxChEstDynDescr_t *)"
5952959975,2496,419977,103,1,1,128,1,1,16,0.000,0.000,,,,,NVIDIA A100-SXM4-40GB MIG 4g.20gb (0),1,,13,cupy_copy__complex64_complex64
5952979399,12320,419987,1434,1,1,128,1,1,16,0.000,0.000,,,,,NVIDIA A100-SXM4-40GB MIG 4g.20gb (0),1,,13,cupy_copy__complex64_complex64
5952998279,2912,419994,103,1,1,128,1,1,16,0.000,0.000,,,,,NVIDIA A100-SXM4-40GB MIG 4g.20gb (0),1,,13,cupy_copy__complex64_complex64
5953021510,94495,420001,1,1,1,32,32,1,30,0.000,0.000,,,,,NVIDIA A100-SXM4-40GB MIG 4g.20gb (0),1,,13,"void convert_kernel<__half2, float2>(tensor_layout_any, T1 *, tensor_layout_any, const T2 *)"
5953147109,18687,420004,,,,,,,,,,0.094,5013.954,Pinned,Device,NVIDIA A100-SXM4-40GB MIG 4g.20gb (0),1,,13,[CUDA memcpy Host-to-Device]
5953177828,47616,420005,,,,,,,,,,35.810,752044.130,Device,,NVIDIA A100-SXM4-40GB MIG 4g.20gb (0),1,,13,[CUDA memset]
5953232036,8480,420007,,,,,,,,,,0.000,9.434,Pinned,Device,NVIDIA A100-SXM4-40GB MIG 4g.20gb (0),1,,13,[CUDA memcpy Host-to-Device]
5953247939,13984,420008,,,,,,,,,,0.197,14059.438,Pinned,Device,NVIDIA A100-SXM4-40GB MIG 4g.20gb (0),1,,13,[CUDA memcpy Host-to-Device]
5953276419,9184,420009,273,1,1,48,1,1,40,0.000,0.001,,,,,NVIDIA A100-SXM4-40GB MIG 4g.20gb (0),1,,13,"void pusch_noise_intf_est::noiseIntfEstNoDftSOfdmKernel<float, __half, float, float, (unsigned int)2, (unsigned int)1, (unsigned char)4, (unsigned char)4>(pusch_noise_intf_est::puschRxNoiseIntfEstDynDescr)"
5953293603,3360,420020,35,1,1,128,1,1,16,0.000,0.000,,,,,NVIDIA A100-SXM4-40GB MIG 4g.20gb (0),1,,13,cupy_copy__complex64_complex64
5953304451,1824,420029,1,1,1,1,1,1,18,0.000,0.000,,,,,NVIDIA A100-SXM4-40GB MIG 4g.20gb (0),1,,13,cupy_copy__float32_float32
5953309539,3360,420035,,,,,,,,,,0.000,1.190,Device,Pageable,NVIDIA A100-SXM4-40GB MIG 4g.20gb (0),1,,7,[CUDA memcpy Device-to-Host]
5953386466,12960,420046,1434,1,1,128,1,1,16,0.000,0.000,,,,,NVIDIA A100-SXM4-40GB MIG 4g.20gb (0),1,,13,cupy_copy__complex64_complex64
5953412065,2944,420053,103,1,1,128,1,1,16,0.000,0.000,,,,,NVIDIA A100-SXM4-40GB MIG 4g.20gb (0),1,,13,cupy_copy__complex64_complex64
5953436961,2560,420060,35,1,1,128,1,1,16,0.000,0.000,,,,,NVIDIA A100-SXM4-40GB MIG 4g.20gb (0),1,,13,cupy_copy__complex64_complex64
5953455233,1792,420067,1,1,1,1,1,1,18,0.000,0.000,,,,,NVIDIA A100-SXM4-40GB MIG 4g.20gb (0),1,,13,cupy_copy__float32_float32
5953575039,87103,420078,1,1,1,32,32,1,30,0.000,0.000,,,,,NVIDIA A100-SXM4-40GB MIG 4g.20gb (0),1,,13,"void convert_kernel<__half2, float2>(tensor_layout_any, T1 *, tensor_layout_any, const T2 *)"
5953689534,5792,420081,,,,,,,,,,0.094,16176.708,Pinned,Device,NVIDIA A100-SXM4-40GB MIG 4g.20gb (0),1,,13,[CUDA memcpy Host-to-Device]
5953703678,3232,420082,,,,,,,,,,1.547,478533.199,Device,,NVIDIA A100-SXM4-40GB MIG 4g.20gb (0),1,,13,[CUDA memset]
5953710494,3104,420087,,,,,,,,,,0.031,10082.445,Pinned,Device,NVIDIA A100-SXM4-40GB MIG 4g.20gb (0),1,,13,[CUDA memcpy Host-to-Device]
5953717214,9600,420088,,,,,,,,,,0.197,20479.869,Pinned,Device,NVIDIA A100-SXM4-40GB MIG 4g.20gb (0),1,,13,[CUDA memcpy Host-to-Device]
5953731550,8383,420089,273,1,1,8,4,1,39,0.002,0.000,,,,,NVIDIA A100-SXM4-40GB MIG 4g.20gb (0),1,,13,"void channel_eq::eqMmseCoefCompLowMimoKernel<float, float, float, (unsigned int)4, (unsigned int)1, (unsigned int)4>(const channel_eq::_puschRxChEqStatDescr *, channel_eq::_puschRxChEqCoefCompDynDescr)"
5953741085,6176,420090,273,1,1,12,11,1,51,0.002,0.000,,,,,NVIDIA A100-SXM4-40GB MIG 4g.20gb (0),1,,13,"void channel_eq::eqMmseSoftDemapKernel<float, __half, __half, float, (unsigned int)4, (unsigned short)16383>(channel_eq::_puschRxChEqStatDescr *, channel_eq::_puschRxChEqSoftDemapDynDescr)"
5953748349,283069,420091,1,1,1,32,32,1,30,0.000,0.000,,,,,NVIDIA A100-SXM4-40GB MIG 4g.20gb (0),1,,13,"void convert_kernel<float2, __half2>(tensor_layout_any, T1 *, tensor_layout_any, const T2 *)"
5954032474,11168,420103,2253,1,1,128,1,1,16,0.000,0.000,,,,,NVIDIA A100-SXM4-40GB MIG 4g.20gb (0),1,,13,cupy_copy__float16_float16
5954045914,3776,420112,282,1,1,128,1,1,16,0.000,0.000,,,,,NVIDIA A100-SXM4-40GB MIG 4g.20gb (0),1,,13,cupy_copy__complex64_complex64
5954051514,2240,420121,26,1,1,128,1,1,16,0.000,0.000,,,,,NVIDIA A100-SXM4-40GB MIG 4g.20gb (0),1,,13,cupy_copy__float32_float32
5954056218,3007,420130,103,1,1,128,1,1,16,0.000,0.000,,,,,NVIDIA A100-SXM4-40GB MIG 4g.20gb (0),1,,13,cupy_copy__complex64_complex64
5954061113,12320,420140,1434,1,1,128,1,1,16,0.000,0.000,,,,,NVIDIA A100-SXM4-40GB MIG 4g.20gb (0),1,,13,cupy_copy__complex64_complex64
5954079001,82335,420145,1,1,1,32,32,1,30,0.000,0.000,,,,,NVIDIA A100-SXM4-40GB MIG 4g.20gb (0),1,,13,"void convert_kernel<__half2, float2>(tensor_layout_any, T1 *, tensor_layout_any, const T2 *)"
5954188088,5504,420148,,,,,,,,,,0.094,17023.251,Pinned,Device,NVIDIA A100-SXM4-40GB MIG 4g.20gb (0),1,,13,[CUDA memcpy Host-to-Device]
5954198360,598168,420149,,,,,,,,,,456.561,762914.166,Device,,NVIDIA A100-SXM4-40GB MIG 4g.20gb (0),1,,13,[CUDA memset]
5954801584,137759,420154,,,,,,,,,,1.235,8964.458,Pinned,Device,NVIDIA A100-SXM4-40GB MIG 4g.20gb (0),1,,13,[CUDA memcpy Host-to-Device]
5954947631,30751,420155,,,,,,,,,,0.197,6393.496,Pinned,Device,NVIDIA A100-SXM4-40GB MIG 4g.20gb (0),1,,13,[CUDA memcpy Host-to-Device]
5955007150,8224,420156,69,4,1,48,1,1,76,0.002,0.000,,,,,NVIDIA A100-SXM4-40GB MIG 4g.20gb (0),1,,13,"void ch_est::windowedChEstPreNoDftSOfdmKernel<float, __half, float, (unsigned int)2, (unsigned int)1, (unsigned short)4>(ch_est::puschRxChEstStatDescr_t *, ch_est::puschRxChEstDynDescr_t *)"
5955022862,6880,420157,137,2,1,24,2,1,44,0.001,0.001,,,,,NVIDIA A100-SXM4-40GB MIG 4g.20gb (0),1,,13,"void ch_est::chEstFilterNoDftSOfdmDispatchKernel<float, __half, float, (unsigned int)2>(ch_est::puschRxChEstStatDescr_t *, ch_est::puschRxChEstDynDescr_t *)"
5955036141,4736,420158,137,2,1,24,2,1,44,0.001,0.001,,,,,NVIDIA A100-SXM4-40GB MIG 4g.20gb (0),1,,13,"void ch_est::chEstFilterNoDftSOfdmDispatchKernel<float, __half, float, (unsigned int)2>(ch_est::puschRxChEstStatDescr_t *, ch_est::puschRxChEstDynDescr_t *)"
5955049997,2528,420169,103,1,1,128,1,1,16,0.000,0.000,,,,,NVIDIA A100-SXM4-40GB MIG 4g.20gb (0),1,,13,cupy_copy__complex64_complex64
5955066829,12832,420179,1434,1,1,128,1,1,16,0.000,0.000,,,,,NVIDIA A100-SXM4-40GB MIG 4g.20gb (0),1,,13,cupy_copy__complex64_complex64
5955103981,2752,420186,103,1,1,128,1,1,16,0.000,0.000,,,,,NVIDIA A100-SXM4-40GB MIG 4g.20gb (0),1,,13,cupy_copy__complex64_complex64
5955121324,87807,420193,1,1,1,32,32,1,30,0.000,0.000,,,,,NVIDIA A100-SXM4-40GB MIG 4g.20gb (0),1,,13,"void convert_kernel<__half2, float2>(tensor_layout_any, T1 *, tensor_layout_any, const T2 *)"
5955247627,23680,420196,,,,,,,,,,0.094,3956.688,Pinned,Device,NVIDIA A100-SXM4-40GB MIG 4g.20gb (0),1,,13,[CUDA memcpy Host-to-Device]
5955289418,46848,420197,,,,,,,,,,35.810,764362.742,Device,,NVIDIA A100-SXM4-40GB MIG 4g.20gb (0),1,,13,[CUDA memset]
5955343626,15583,420199,,,,,,,,,,0.000,5.134,Pinned,Device,NVIDIA A100-SXM4-40GB MIG 4g.20gb (0),1,,13,[CUDA memcpy Host-to-Device]
5955374601,25952,420200,,,,,,,,,,0.197,7575.699,Pinned,Device,NVIDIA A100-SXM4-40GB MIG 4g.20gb (0),1,,13,[CUDA memcpy Host-to-Device]
5955429545,9855,420201,273,1,1,48,1,1,40,0.000,0.001,,,,,NVIDIA A100-SXM4-40GB MIG 4g.20gb (0),1,,13,"void pusch_noise_intf_est::noiseIntfEstNoDftSOfdmKernel<float, __half, float, float, (unsigned int)2, (unsigned int)1, (unsigned char)4, (unsigned char)4>(pusch_noise_intf_est::puschRxNoiseIntfEstDynDescr)"
5955443048,2752,420212,35,1,1,128,1,1,16,0.000,0.000,,,,,NVIDIA A100-SXM4-40GB MIG 4g.20gb (0),1,,13,cupy_copy__complex64_complex64
5955458120,1696,420221,1,1,1,1,1,1,18,0.000,0.000,,,,,NVIDIA A100-SXM4-40GB MIG 4g.20gb (0),1,,13,cupy_copy__float32_float32
5955467080,6816,420227,,,,,,,,,,0.000,0.587,Device,Pageable,NVIDIA A100-SXM4-40GB MIG 4g.20gb (0),1,,7,[CUDA memcpy Device-to-Host]
5955548871,12896,420238,1434,1,1,128,1,1,16,0.000,0.000,,,,,NVIDIA A100-SXM4-40GB MIG 4g.20gb (0),1,,13,cupy_copy__complex64_complex64
5955577703,3392,420245,103,1,1,128,1,1,16,0.000,0.000,,,,,NVIDIA A100-SXM4-40GB MIG 4g.20gb (0),1,,13,cupy_copy__complex64_complex64
5955601190,2592,420252,35,1,1,128,1,1,16,0.000,0.000,,,,,NVIDIA A100-SXM4-40GB MIG 4g.20gb (0),1,,13,cupy_copy__complex64_complex64
5955621446,2048,420259,1,1,1,1,1,1,18,0.000,0.000,,,,,NVIDIA A100-SXM4-40GB MIG 4g.20gb (0),1,,13,cupy_copy__float32_float32
5955753285,87359,420270,1,1,1,32,32,1,30,0.000,0.000,,,,,NVIDIA A100-SXM4-40GB MIG 4g.20gb (0),1,,13,"void convert_kernel<__half2, float2>(tensor_layout_any, T1 *, tensor_layout_any, const T2 *)"
5955872995,13696,420273,,,,,,,,,,0.094,6841.120,Pinned,Device,NVIDIA A100-SXM4-40GB MIG 4g.20gb (0),1,,13,[CUDA memcpy Host-to-Device]
5955898115,3392,420274,,,,,,,,,,1.547,455961.768,Device,,NVIDIA A100-SXM4-40GB MIG 4g.20gb (0),1,,13,[CUDA memset]
5955903619,6176,420279,,,,,,,,,,0.031,5067.354,Pinned,Device,NVIDIA A100-SXM4-40GB MIG 4g.20gb (0),1,,13,[CUDA memcpy Host-to-Device]
5955913667,12991,420280,,,,,,,,,,0.197,15134.097,Pinned,Device,NVIDIA A100-SXM4-40GB MIG 4g.20gb (0),1,,13,[CUDA memcpy Host-to-Device]
5955932866,8064,420281,273,1,1,8,4,1,39,0.002,0.000,,,,,NVIDIA A100-SXM4-40GB MIG 4g.20gb (0),1,,13,"void channel_eq::eqMmseCoefCompLowMimoKernel<float, float, float, (unsigned int)4, (unsigned int)1, (unsigned int)4>(const channel_eq::_puschRxChEqStatDescr *, channel_eq::_puschRxChEqCoefCompDynDescr)"
5955943298,6272,420282,273,1,1,12,11,1,51,0.002,0.000,,,,,NVIDIA A100-SXM4-40GB MIG 4g.20gb (0),1,,13,"void channel_eq::eqMmseSoftDemapKernel<float, __half, __half, float, (unsigned int)4, (unsigned short)16383>(channel_eq::_puschRxChEqStatDescr *, channel_eq::_puschRxChEqSoftDemapDynDescr)"
5955953314,295485,420283,1,1,1,32,32,1,30,0.000,0.000,,,,,NVIDIA A100-SXM4-40GB MIG 4g.20gb (0),1,,13,"void convert_kernel<float2, __half2>(tensor_layout_any, T1 *, tensor_layout_any, const T2 *)"
5956251166,10912,420295,2253,1,1,128,1,1,16,0.000,0.000,,,,,NVIDIA A100-SXM4-40GB MIG 4g.20gb (0),1,,13,cupy_copy__float16_float16
5956264030,3200,420304,282,1,1,128,1,1,16,0.000,0.000,,,,,NVIDIA A100-SXM4-40GB MIG 4g.20gb (0),1,,13,cupy_copy__complex64_complex64
5956270686,2208,420313,26,1,1,128,1,1,16,0.000,0.000,,,,,NVIDIA A100-SXM4-40GB MIG 4g.20gb (0),1,,13,cupy_copy__float32_float32
5956276638,2944,420322,103,1,1,128,1,1,16,0.000,0.000,,,,,NVIDIA A100-SXM4-40GB MIG 4g.20gb (0),1,,13,cupy_copy__complex64_complex64
5956283422,12160,420332,1434,1,1,128,1,1,16,0.000,0.000,,,,,NVIDIA A100-SXM4-40GB MIG 4g.20gb (0),1,,13,cupy_copy__complex64_complex64
5956299038,81023,420337,1,1,1,32,32,1,30,0.000,0.000,,,,,NVIDIA A100-SXM4-40GB MIG 4g.20gb (0),1,,13,"void convert_kernel<__half2, float2>(tensor_layout_any, T1 *, tensor_layout_any, const T2 *)"
5956408061,5759,420340,,,,,,,,,,0.094,16269.467,Pinned,Device,NVIDIA A100-SXM4-40GB MIG 4g.20gb (0),1,,13,[CUDA memcpy Host-to-Device]
5956419068,599449,420341,,,,,,,,,,456.561,761544.482,Device,,NVIDIA A100-SXM4-40GB MIG 4g.20gb (0),1,,13,[CUDA memset]
5957021493,93823,420346,,,,,,,,,,1.235,13162.033,Pinned,Device,NVIDIA A100-SXM4-40GB MIG 4g.20gb (0),1,,13,[CUDA memcpy Host-to-Device]
5957122164,29087,420347,,,,,,,,,,0.197,6759.186,Pinned,Device,NVIDIA A100-SXM4-40GB MIG 4g.20gb (0),1,,13,[CUDA memcpy Host-to-Device]
5957172211,8480,420348,69,4,1,48,1,1,76,0.002,0.000,,,,,NVIDIA A100-SXM4-40GB MIG 4g.20gb (0),1,,13,"void ch_est::windowedChEstPreNoDftSOfdmKernel<float, __half, float, (unsigned int)2, (unsigned int)1, (unsigned short)4>(ch_est::puschRxChEstStatDescr_t *, ch_est::puschRxChEstDynDescr_t *)"
5957186355,6752,420349,137,2,1,24,2,1,44,0.001,0.001,,,,,NVIDIA A100-SXM4-40GB MIG 4g.20gb (0),1,,13,"void ch_est::chEstFilterNoDftSOfdmDispatchKernel<float, __half, float, (unsigned int)2>(ch_est::puschRxChEstStatDescr_t *, ch_est::puschRxChEstDynDescr_t *)"
5957202163,5472,420350,137,2,1,24,2,1,44,0.001,0.001,,,,,NVIDIA A100-SXM4-40GB MIG 4g.20gb (0),1,,13,"void ch_est::chEstFilterNoDftSOfdmDispatchKernel<float, __half, float, (unsigned int)2>(ch_est::puschRxChEstStatDescr_t *, ch_est::puschRxChEstDynDescr_t *)"
5957215731,2720,420361,103,1,1,128,1,1,16,0.000,0.000,,,,,NVIDIA A100-SXM4-40GB MIG 4g.20gb (0),1,,13,cupy_copy__complex64_complex64
5957231762,12352,420371,1434,1,1,128,1,1,16,0.000,0.000,,,,,NVIDIA A100-SXM4-40GB MIG 4g.20gb (0),1,,13,cupy_copy__complex64_complex64
5957254066,2560,420378,103,1,1,128,1,1,16,0.000,0.000,,,,,NVIDIA A100-SXM4-40GB MIG 4g.20gb (0),1,,13,cupy_copy__complex64_complex64
5957271282,84415,420385,1,1,1,32,32,1,30,0.000,0.000,,,,,NVIDIA A100-SXM4-40GB MIG 4g.20gb (0),1,,13,"void convert_kernel<__half2, float2>(tensor_layout_any, T1 *, tensor_layout_any, const T2 *)"
5957388368,20000,420388,,,,,,,,,,0.094,4684.800,Pinned,Device,NVIDIA A100-SXM4-40GB MIG 4g.20gb (0),1,,13,[CUDA memcpy Host-to-Device]
5957426128,47263,420389,,,,,,,,,,35.810,757666.287,Device,,NVIDIA A100-SXM4-40GB MIG 4g.20gb (0),1,,13,[CUDA memset]
5957481743,5792,420391,,,,,,,,,,0.000,13.812,Pinned,Device,NVIDIA A100-SXM4-40GB MIG 4g.20gb (0),1,,13,[CUDA memcpy Host-to-Device]
5957494799,27936,420392,,,,,,,,,,0.197,7037.780,Pinned,Device,NVIDIA A100-SXM4-40GB MIG 4g.20gb (0),1,,13,[CUDA memcpy Host-to-Device]
5957535727,9952,420393,273,1,1,48,1,1,40,0.000,0.001,,,,,NVIDIA A100-SXM4-40GB MIG 4g.20gb (0),1,,13,"void pusch_noise_intf_est::noiseIntfEstNoDftSOfdmKernel<float, __half, float, float, (unsigned int)2, (unsigned int)1, (unsigned char)4, (unsigned char)4>(pusch_noise_intf_est::puschRxNoiseIntfEstDynDescr)"
5957551438,2720,420404,35,1,1,128,1,1,16,0.000,0.000,,,,,NVIDIA A100-SXM4-40GB MIG 4g.20gb (0),1,,13,cupy_copy__complex64_complex64
5957563118,1664,420413,1,1,1,1,1,1,18,0.000,0.000,,,,,NVIDIA A100-SXM4-40GB MIG 4g.20gb (0),1,,13,cupy_copy__float32_float32
5957572398,5024,420419,,,,,,,,,,0.000,0.796,Device,Pageable,NVIDIA A100-SXM4-40GB MIG 4g.20gb (0),1,,7,[CUDA memcpy Device-to-Host]
5957658957,12992,420430,1434,1,1,128,1,1,16,0.000,0.000,,,,,NVIDIA A100-SXM4-40GB MIG 4g.20gb (0),1,,13,cupy_copy__complex64_complex64
5957687757,3392,420437,103,1,1,128,1,1,16,0.000,0.000,,,,,NVIDIA A100-SXM4-40GB MIG 4g.20gb (0),1,,13,cupy_copy__complex64_complex64
5957704493,2528,420444,35,1,1,128,1,1,16,0.000,0.000,,,,,NVIDIA A100-SXM4-40GB MIG 4g.20gb (0),1,,13,cupy_copy__complex64_complex64
5957720748,1792,420451,1,1,1,1,1,1,18,0.000,0.000,,,,,NVIDIA A100-SXM4-40GB MIG 4g.20gb (0),1,,13,cupy_copy__float32_float32
5957845579,83551,420462,1,1,1,32,32,1,30,0.000,0.000,,,,,NVIDIA A100-SXM4-40GB MIG 4g.20gb (0),1,,13,"void convert_kernel<__half2, float2>(tensor_layout_any, T1 *, tensor_layout_any, const T2 *)"
5957956393,5536,420465,,,,,,,,,,0.094,16924.777,Pinned,Device,NVIDIA A100-SXM4-40GB MIG 4g.20gb (0),1,,13,[CUDA memcpy Host-to-Device]
5957971305,3424,420466,,,,,,,,,,1.547,451700.819,Device,,NVIDIA A100-SXM4-40GB MIG 4g.20gb (0),1,,13,[CUDA memset]
5957978473,3264,420471,,,,,,,,,,0.031,9588.218,Pinned,Device,NVIDIA A100-SXM4-40GB MIG 4g.20gb (0),1,,13,[CUDA memcpy Host-to-Device]
5957984265,9568,420472,,,,,,,,,,0.197,20548.485,Pinned,Device,NVIDIA A100-SXM4-40GB MIG 4g.20gb (0),1,,13,[CUDA memcpy Host-to-Device]
5957998825,9888,420473,273,1,1,8,4,1,39,0.002,0.000,,,,,NVIDIA A100-SXM4-40GB MIG 4g.20gb (0),1,,13,"void channel_eq::eqMmseCoefCompLowMimoKernel<float, float, float, (unsigned int)4, (unsigned int)1, (unsigned int)4>(const channel_eq::_puschRxChEqStatDescr *, channel_eq::_puschRxChEqCoefCompDynDescr)"
5958010633,6048,420474,273,1,1,12,11,1,51,0.002,0.000,,,,,NVIDIA A100-SXM4-40GB MIG 4g.20gb (0),1,,13,"void channel_eq::eqMmseSoftDemapKernel<float, __half, __half, float, (unsigned int)4, (unsigned short)16383>(channel_eq::_puschRxChEqStatDescr *, channel_eq::_puschRxChEqSoftDemapDynDescr)"
5958018185,283132,420475,1,1,1,32,32,1,30,0.000,0.000,,,,,NVIDIA A100-SXM4-40GB MIG 4g.20gb (0),1,,13,"void convert_kernel<float2, __half2>(tensor_layout_any, T1 *, tensor_layout_any, const T2 *)"
5958302437,11072,420487,2253,1,1,128,1,1,16,0.000,0.000,,,,,NVIDIA A100-SXM4-40GB MIG 4g.20gb (0),1,,13,cupy_copy__float16_float16
5958316357,3424,420496,282,1,1,128,1,1,16,0.000,0.000,,,,,NVIDIA A100-SXM4-40GB MIG 4g.20gb (0),1,,13,cupy_copy__complex64_complex64
5958324165,2112,420505,26,1,1,128,1,1,16,0.000,0.000,,,,,NVIDIA A100-SXM4-40GB MIG 4g.20gb (0),1,,13,cupy_copy__float32_float32
5958328421,3008,420514,103,1,1,128,1,1,16,0.000,0.000,,,,,NVIDIA A100-SXM4-40GB MIG 4g.20gb (0),1,,13,cupy_copy__complex64_complex64
5958332421,12096,420524,1434,1,1,128,1,1,16,0.000,0.000,,,,,NVIDIA A100-SXM4-40GB MIG 4g.20gb (0),1,,13,cupy_copy__complex64_complex64
5958351717,82431,420529,1,1,1,32,32,1,30,0.000,0.000,,,,,NVIDIA A100-SXM4-40GB MIG 4g.20gb (0),1,,13,"void convert_kernel<__half2, float2>(tensor_layout_any, T1 *, tensor_layout_any, const T2 *)"
5958461059,5472,420532,,,,,,,,,,0.094,17122.757,Pinned,Device,NVIDIA A100-SXM4-40GB MIG 4g.20gb (0),1,,13,[CUDA memcpy Host-to-Device]
5958472579,598969,420533,,,,,,,,,,456.561,762001.043,Device,,NVIDIA A100-SXM4-40GB MIG 4g.20gb (0),1,,13,[CUDA memset]
5959081596,120030,420538,,,,,,,,,,1.235,10288.318,Pinned,Device,NVIDIA A100-SXM4-40GB MIG 4g.20gb (0),1,,13,[CUDA memcpy Host-to-Device]
5959210202,20544,420539,,,,,,,,,,0.197,9570.091,Pinned,Device,NVIDIA A100-SXM4-40GB MIG 4g.20gb (0),1,,13,[CUDA memcpy Host-to-Device]
5959245882,8991,420540,69,4,1,48,1,1,76,0.002,0.000,,,,,NVIDIA A100-SXM4-40GB MIG 4g.20gb (0),1,,13,"void ch_est::windowedChEstPreNoDftSOfdmKernel<float, __half, float, (unsigned int)2, (unsigned int)1, (unsigned short)4>(ch_est::puschRxChEstStatDescr_t *, ch_est::puschRxChEstDynDescr_t *)"
5959261465,6304,420541,137,2,1,24,2,1,44,0.001,0.001,,,,,NVIDIA A100-SXM4-40GB MIG 4g.20gb (0),1,,13,"void ch_est::chEstFilterNoDftSOfdmDispatchKernel<float, __half, float, (unsigned int)2>(ch_est::puschRxChEstStatDescr_t *, ch_est::puschRxChEstDynDescr_t *)"
5959270009,5536,420542,137,2,1,24,2,1,44,0.001,0.001,,,,,NVIDIA A100-SXM4-40GB MIG 4g.20gb (0),1,,13,"void ch_est::chEstFilterNoDftSOfdmDispatchKernel<float, __half, float, (unsigned int)2>(ch_est::puschRxChEstStatDescr_t *, ch_est::puschRxChEstDynDescr_t *)"
5959278841,2752,420553,103,1,1,128,1,1,16,0.000,0.000,,,,,NVIDIA A100-SXM4-40GB MIG 4g.20gb (0),1,,13,cupy_copy__complex64_complex64
5959286905,12608,420563,1434,1,1,128,1,1,16,0.000,0.000,,,,,NVIDIA A100-SXM4-40GB MIG 4g.20gb (0),1,,13,cupy_copy__complex64_complex64
5959302393,2784,420570,103,1,1,128,1,1,16,0.000,0.000,,,,,NVIDIA A100-SXM4-40GB MIG 4g.20gb (0),1,,13,cupy_copy__complex64_complex64
5959312505,86719,420577,1,1,1,32,32,1,30,0.000,0.000,,,,,NVIDIA A100-SXM4-40GB MIG 4g.20gb (0),1,,13,"void convert_kernel<__half2, float2>(tensor_layout_any, T1 *, tensor_layout_any, const T2 *)"
5959432183,9856,420580,,,,,,,,,,0.094,9506.490,Pinned,Device,NVIDIA A100-SXM4-40GB MIG 4g.20gb (0),1,,13,[CUDA memcpy Host-to-Device]
5959452503,46687,420581,,,,,,,,,,35.810,767012.676,Device,,NVIDIA A100-SXM4-40GB MIG 4g.20gb (0),1,,13,[CUDA memset]
5959501878,7872,420583,,,,,,,,,,0.000,10.163,Pinned,Device,NVIDIA A100-SXM4-40GB MIG 4g.20gb (0),1,,13,[CUDA memcpy Host-to-Device]
5959514454,23136,420584,,,,,,,,,,0.197,8497.791,Pinned,Device,NVIDIA A100-SXM4-40GB MIG 4g.20gb (0),1,,13,[CUDA memcpy Host-to-Device]
5959549334,9472,420585,273,1,1,48,1,1,40,0.000,0.001,,,,,NVIDIA A100-SXM4-40GB MIG 4g.20gb (0),1,,13,"void pusch_noise_intf_est::noiseIntfEstNoDftSOfdmKernel<float, __half, float, float, (unsigned int)2, (unsigned int)1, (unsigned char)4, (unsigned char)4>(pusch_noise_intf_est::puschRxNoiseIntfEstDynDescr)"
5959569238,2752,420596,35,1,1,128,1,1,16,0.000,0.000,,,,,NVIDIA A100-SXM4-40GB MIG 4g.20gb (0),1,,13,cupy_copy__complex64_complex64
5959579349,1760,420605,1,1,1,1,1,1,18,0.000,0.000,,,,,NVIDIA A100-SXM4-40GB MIG 4g.20gb (0),1,,13,cupy_copy__float32_float32
5959588533,6336,420611,,,,,,,,,,0.000,0.631,Device,Pageable,NVIDIA A100-SXM4-40GB MIG 4g.20gb (0),1,,7,[CUDA memcpy Device-to-Host]
5959674484,12736,420622,1434,1,1,128,1,1,16,0.000,0.000,,,,,NVIDIA A100-SXM4-40GB MIG 4g.20gb (0),1,,13,cupy_copy__complex64_complex64
5959690164,2880,420629,103,1,1,128,1,1,16,0.000,0.000,,,,,NVIDIA A100-SXM4-40GB MIG 4g.20gb (0),1,,13,cupy_copy__complex64_complex64
5959719732,2688,420636,35,1,1,128,1,1,16,0.000,0.000,,,,,NVIDIA A100-SXM4-40GB MIG 4g.20gb (0),1,,13,cupy_copy__complex64_complex64
5959740115,1760,420643,1,1,1,1,1,1,18,0.000,0.000,,,,,NVIDIA A100-SXM4-40GB MIG 4g.20gb (0),1,,13,cupy_copy__float32_float32
5959859282,87103,420654,1,1,1,32,32,1,30,0.000,0.000,,,,,NVIDIA A100-SXM4-40GB MIG 4g.20gb (0),1,,13,"void convert_kernel<__half2, float2>(tensor_layout_any, T1 *, tensor_layout_any, const T2 *)"
5959973681,5600,420657,,,,,,,,,,0.094,16731.388,Pinned,Device,NVIDIA A100-SXM4-40GB MIG 4g.20gb (0),1,,13,[CUDA memcpy Host-to-Device]
5959988464,3328,420658,,,,,,,,,,1.547,464729.580,Device,,NVIDIA A100-SXM4-40GB MIG 4g.20gb (0),1,,13,[CUDA memset]
5959995376,3232,420663,,,,,,,,,,0.031,9683.139,Pinned,Device,NVIDIA A100-SXM4-40GB MIG 4g.20gb (0),1,,13,[CUDA memcpy Host-to-Device]
5960001488,9760,420664,,,,,,,,,,0.197,20144.259,Pinned,Device,NVIDIA A100-SXM4-40GB MIG 4g.20gb (0),1,,13,[CUDA memcpy Host-to-Device]
5960015088,6112,420665,273,1,1,8,4,1,39,0.002,0.000,,,,,NVIDIA A100-SXM4-40GB MIG 4g.20gb (0),1,,13,"void channel_eq::eqMmseCoefCompLowMimoKernel<float, float, float, (unsigned int)4, (unsigned int)1, (unsigned int)4>(const channel_eq::_puschRxChEqStatDescr *, channel_eq::_puschRxChEqCoefCompDynDescr)"
5960022160,6304,420666,273,1,1,12,11,1,51,0.002,0.000,,,,,NVIDIA A100-SXM4-40GB MIG 4g.20gb (0),1,,13,"void channel_eq::eqMmseSoftDemapKernel<float, __half, __half, float, (unsigned int)4, (unsigned short)16383>(channel_eq::_puschRxChEqStatDescr *, channel_eq::_puschRxChEqSoftDemapDynDescr)"
5960032400,282588,420667,1,1,1,32,32,1,30,0.000,0.000,,,,,NVIDIA A100-SXM4-40GB MIG 4g.20gb (0),1,,13,"void convert_kernel<float2, __half2>(tensor_layout_any, T1 *, tensor_layout_any, const T2 *)"
5960316108,10976,420679,2253,1,1,128,1,1,16,0.000,0.000,,,,,NVIDIA A100-SXM4-40GB MIG 4g.20gb (0),1,,13,cupy_copy__float16_float16
5960331788,2656,420688,282,1,1,128,1,1,16,0.000,0.000,,,,,NVIDIA A100-SXM4-40GB MIG 4g.20gb (0),1,,13,cupy_copy__complex64_complex64
5960336428,2336,420697,26,1,1,128,1,1,16,0.000,0.000,,,,,NVIDIA A100-SXM4-40GB MIG 4g.20gb (0),1,,13,cupy_copy__float32_float32
5960339852,2784,420706,103,1,1,128,1,1,16,0.000,0.000,,,,,NVIDIA A100-SXM4-40GB MIG 4g.20gb (0),1,,13,cupy_copy__complex64_complex64
5960345676,12032,420716,1434,1,1,128,1,1,16,0.000,0.000,,,,,NVIDIA A100-SXM4-40GB MIG 4g.20gb (0),1,,13,cupy_copy__complex64_complex64
5960366220,87743,420721,1,1,1,32,32,1,30,0.000,0.000,,,,,NVIDIA A100-SXM4-40GB MIG 4g.20gb (0),1,,13,"void convert_kernel<__half2, float2>(tensor_layout_any, T1 *, tensor_layout_any, const T2 *)"
5960481386,5600,420724,,,,,,,,,,0.094,16731.388,Pinned,Device,NVIDIA A100-SXM4-40GB MIG 4g.20gb (0),1,,13,[CUDA memcpy Host-to-Device]
5960491338,596857,420725,,,,,,,,,,456.561,764740.412,Device,,NVIDIA A100-SXM4-40GB MIG 4g.20gb (0),1,,13,[CUDA memset]
5961093123,147038,420730,,,,,,,,,,1.235,8397.619,Pinned,Device,NVIDIA A100-SXM4-40GB MIG 4g.20gb (0),1,,13,[CUDA memcpy Host-to-Device]
5961251745,35647,420731,,,,,,,,,,0.197,5515.248,Pinned,Device,NVIDIA A100-SXM4-40GB MIG 4g.20gb (0),1,,13,[CUDA memcpy Host-to-Device]
5961304768,8192,420732,69,4,1,48,1,1,76,0.002,0.000,,,,,NVIDIA A100-SXM4-40GB MIG 4g.20gb (0),1,,13,"void ch_est::windowedChEstPreNoDftSOfdmKernel<float, __half, float, (unsigned int)2, (unsigned int)1, (unsigned short)4>(ch_est::puschRxChEstStatDescr_t *, ch_est::puschRxChEstDynDescr_t *)"
5961319680,7072,420733,137,2,1,24,2,1,44,0.001,0.001,,,,,NVIDIA A100-SXM4-40GB MIG 4g.20gb (0),1,,13,"void ch_est::chEstFilterNoDftSOfdmDispatchKernel<float, __half, float, (unsigned int)2>(ch_est::puschRxChEstStatDescr_t *, ch_est::puschRxChEstDynDescr_t *)"
5961340736,5312,420734,137,2,1,24,2,1,44,0.001,0.001,,,,,NVIDIA A100-SXM4-40GB MIG 4g.20gb (0),1,,13,"void ch_est::chEstFilterNoDftSOfdmDispatchKernel<float, __half, float, (unsigned int)2>(ch_est::puschRxChEstStatDescr_t *, ch_est::puschRxChEstDynDescr_t *)"
5961349856,2496,420745,103,1,1,128,1,1,16,0.000,0.000,,,,,NVIDIA A100-SXM4-40GB MIG 4g.20gb (0),1,,13,cupy_copy__complex64_complex64
5961358080,12479,420755,1434,1,1,128,1,1,16,0.000,0.000,,,,,NVIDIA A100-SXM4-40GB MIG 4g.20gb (0),1,,13,cupy_copy__complex64_complex64
5961381759,2624,420762,103,1,1,128,1,1,16,0.000,0.000,,,,,NVIDIA A100-SXM4-40GB MIG 4g.20gb (0),1,,13,cupy_copy__complex64_complex64
5961394655,87999,420769,1,1,1,32,32,1,30,0.000,0.000,,,,,NVIDIA A100-SXM4-40GB MIG 4g.20gb (0),1,,13,"void convert_kernel<__half2, float2>(tensor_layout_any, T1 *, tensor_layout_any, const T2 *)"
5961509758,6016,420772,,,,,,,,,,0.094,15574.430,Pinned,Device,NVIDIA A100-SXM4-40GB MIG 4g.20gb (0),1,,13,[CUDA memcpy Host-to-Device]
5961522206,47103,420773,,,,,,,,,,35.810,760244.602,Device,,NVIDIA A100-SXM4-40GB MIG 4g.20gb (0),1,,13,[CUDA memset]
5961577213,3328,420775,,,,,,,,,,0.000,24.038,Pinned,Device,NVIDIA A100-SXM4-40GB MIG 4g.20gb (0),1,,13,[CUDA memcpy Host-to-Device]
5961585245,12768,420776,,,,,,,,,,0.197,15398.339,Pinned,Device,NVIDIA A100-SXM4-40GB MIG 4g.20gb (0),1,,13,[CUDA memcpy Host-to-Device]
5961603261,10399,420777,273,1,1,48,1,1,40,0.000,0.001,,,,,NVIDIA A100-SXM4-40GB MIG 4g.20gb (0),1,,13,"void pusch_noise_intf_est::noiseIntfEstNoDftSOfdmKernel<float, __half, float, float, (unsigned int)2, (unsigned int)1, (unsigned char)4, (unsigned char)4>(pusch_noise_intf_est::puschRxNoiseIntfEstDynDescr)"
5961618140,2784,420788,35,1,1,128,1,1,16,0.000,0.000,,,,,NVIDIA A100-SXM4-40GB MIG 4g.20gb (0),1,,13,cupy_copy__complex64_complex64
5961636060,2144,420797,1,1,1,1,1,1,18,0.000,0.000,,,,,NVIDIA A100-SXM4-40GB MIG 4g.20gb (0),1,,13,cupy_copy__float32_float32
5961666428,1760,420803,,,,,,,,,,0.000,2.273,Device,Pageable,NVIDIA A100-SXM4-40GB MIG 4g.20gb (0),1,,7,[CUDA memcpy Device-to-Host]
5961729019,12672,420814,1434,1,1,128,1,1,16,0.000,0.000,,,,,NVIDIA A100-SXM4-40GB MIG 4g.20gb (0),1,,13,cupy_copy__complex64_complex64
5961752955,2944,420821,103,1,1,128,1,1,16,0.000,0.000,,,,,NVIDIA A100-SXM4-40GB MIG 4g.20gb (0),1,,13,cupy_copy__complex64_complex64
5961773306,2336,420828,35,1,1,128,1,1,16,0.000,0.000,,,,,NVIDIA A100-SXM4-40GB MIG 4g.20gb (0),1,,13,cupy_copy__complex64_complex64
5961791098,1792,420835,1,1,1,1,1,1,18,0.000,0.000,,,,,NVIDIA A100-SXM4-40GB MIG 4g.20gb (0),1,,13,cupy_copy__float32_float32
5961924249,82239,420846,1,1,1,32,32,1,30,0.000,0.000,,,,,NVIDIA A100-SXM4-40GB MIG 4g.20gb (0),1,,13,"void convert_kernel<__half2, float2>(tensor_layout_any, T1 *, tensor_layout_any, const T2 *)"
5962034103,6080,420849,,,,,,,,,,0.094,15410.462,Pinned,Device,NVIDIA A100-SXM4-40GB MIG 4g.20gb (0),1,,13,[CUDA memcpy Host-to-Device]
5962047703,3360,420850,,,,,,,,,,1.547,460304.688,Device,,NVIDIA A100-SXM4-40GB MIG 4g.20gb (0),1,,13,[CUDA memset]
5962054807,3264,420855,,,,,,,,,,0.031,9588.218,Pinned,Device,NVIDIA A100-SXM4-40GB MIG 4g.20gb (0),1,,13,[CUDA memcpy Host-to-Device]
5962060631,9568,420856,,,,,,,,,,0.197,20548.485,Pinned,Device,NVIDIA A100-SXM4-40GB MIG 4g.20gb (0),1,,13,[CUDA memcpy Host-to-Device]
5962075735,6912,420857,273,1,1,8,4,1,39,0.002,0.000,,,,,NVIDIA A100-SXM4-40GB MIG 4g.20gb (0),1,,13,"void channel_eq::eqMmseCoefCompLowMimoKernel<float, float, float, (unsigned int)4, (unsigned int)1, (unsigned int)4>(const channel_eq::_puschRxChEqStatDescr *, channel_eq::_puschRxChEqCoefCompDynDescr)"
5962083671,5632,420858,273,1,1,12,11,1,51,0.002,0.000,,,,,NVIDIA A100-SXM4-40GB MIG 4g.20gb (0),1,,13,"void channel_eq::eqMmseSoftDemapKernel<float, __half, __half, float, (unsigned int)4, (unsigned short)16383>(channel_eq::_puschRxChEqStatDescr *, channel_eq::_puschRxChEqSoftDemapDynDescr)"
5962090423,283004,420859,1,1,1,32,32,1,30,0.000,0.000,,,,,NVIDIA A100-SXM4-40GB MIG 4g.20gb (0),1,,13,"void convert_kernel<float2, __half2>(tensor_layout_any, T1 *, tensor_layout_any, const T2 *)"
5962376339,10944,420871,2253,1,1,128,1,1,16,0.000,0.000,,,,,NVIDIA A100-SXM4-40GB MIG 4g.20gb (0),1,,13,cupy_copy__float16_float16
5962390931,3584,420880,282,1,1,128,1,1,16,0.000,0.000,,,,,NVIDIA A100-SXM4-40GB MIG 4g.20gb (0),1,,13,cupy_copy__complex64_complex64
5962398099,2112,420889,26,1,1,128,1,1,16,0.000,0.000,,,,,NVIDIA A100-SXM4-40GB MIG 4g.20gb (0),1,,13,cupy_copy__float32_float32
5962401555,5408,420898,103,1,1,128,1,1,16,0.000,0.000,,,,,NVIDIA A100-SXM4-40GB MIG 4g.20gb (0),1,,13,cupy_copy__complex64_complex64
5962409011,12159,420908,1434,1,1,128,1,1,16,0.000,0.000,,,,,NVIDIA A100-SXM4-40GB MIG 4g.20gb (0),1,,13,cupy_copy__complex64_complex64
5962429714,82207,420913,1,1,1,32,32,1,30,0.000,0.000,,,,,NVIDIA A100-SXM4-40GB MIG 4g.20gb (0),1,,13,"void convert_kernel<__half2, float2>(tensor_layout_any, T1 *, tensor_layout_any, const T2 *)"
5962538481,5408,420916,,,,,,,,,,0.094,17325.421,Pinned,Device,NVIDIA A100-SXM4-40GB MIG 4g.20gb (0),1,,13,[CUDA memcpy Host-to-Device]
5962550033,596921,420917,,,,,,,,,,456.561,764740.412,Device,,NVIDIA A100-SXM4-40GB MIG 4g.20gb (0),1,,13,[CUDA memset]
5963154473,166526,420922,,,,,,,,,,1.235,7415.839,Pinned,Device,NVIDIA A100-SXM4-40GB MIG 4g.20gb (0),1,,13,[CUDA memcpy Host-to-Device]
5963332935,39744,420923,,,,,,,,,,0.197,4946.854,Pinned,Device,NVIDIA A100-SXM4-40GB MIG 4g.20gb (0),1,,13,[CUDA memcpy Host-to-Device]
5963396486,8512,420924,69,4,1,48,1,1,76,0.002,0.000,,,,,NVIDIA A100-SXM4-40GB MIG 4g.20gb (0),1,,13,"void ch_est::windowedChEstPreNoDftSOfdmKernel<float, __half, float, (unsigned int)2, (unsigned int)1, (unsigned short)4>(ch_est::puschRxChEstStatDescr_t *, ch_est::puschRxChEstDynDescr_t *)"
5963416326,6560,420925,137,2,1,24,2,1,44,0.001,0.001,,,,,NVIDIA A100-SXM4-40GB MIG 4g.20gb (0),1,,13,"void ch_est::chEstFilterNoDftSOfdmDispatchKernel<float, __half, float, (unsigned int)2>(ch_est::puschRxChEstStatDescr_t *, ch_est::puschRxChEstDynDescr_t *)"
5963433062,4704,420926,137,2,1,24,2,1,44,0.001,0.001,,,,,NVIDIA A100-SXM4-40GB MIG 4g.20gb (0),1,,13,"void ch_est::chEstFilterNoDftSOfdmDispatchKernel<float, __half, float, (unsigned int)2>(ch_est::puschRxChEstStatDescr_t *, ch_est::puschRxChEstDynDescr_t *)"
5963450246,2624,420937,103,1,1,128,1,1,16,0.000,0.000,,,,,NVIDIA A100-SXM4-40GB MIG 4g.20gb (0),1,,13,cupy_copy__complex64_complex64
5963466790,12287,420947,1434,1,1,128,1,1,16,0.000,0.000,,,,,NVIDIA A100-SXM4-40GB MIG 4g.20gb (0),1,,13,cupy_copy__complex64_complex64
5963488901,2912,420954,103,1,1,128,1,1,16,0.000,0.000,,,,,NVIDIA A100-SXM4-40GB MIG 4g.20gb (0),1,,13,cupy_copy__complex64_complex64
5963515429,95519,420961,1,1,1,32,32,1,30,0.000,0.000,,,,,NVIDIA A100-SXM4-40GB MIG 4g.20gb (0),1,,13,"void convert_kernel<__half2, float2>(tensor_layout_any, T1 *, tensor_layout_any, const T2 *)"
5963641347,8576,420964,,,,,,,,,,0.094,10925.328,Pinned,Device,NVIDIA A100-SXM4-40GB MIG 4g.20gb (0),1,,13,[CUDA memcpy Host-to-Device]
5963660579,46912,420965,,,,,,,,,,35.810,763324.255,Device,,NVIDIA A100-SXM4-40GB MIG 4g.20gb (0),1,,13,[CUDA memset]
5963712227,2624,420967,,,,,,,,,,0.000,30.488,Pinned,Device,NVIDIA A100-SXM4-40GB MIG 4g.20gb (0),1,,13,[CUDA memcpy Host-to-Device]
5963720130,12224,420968,,,,,,,,,,0.197,16083.714,Pinned,Device,NVIDIA A100-SXM4-40GB MIG 4g.20gb (0),1,,13,[CUDA memcpy Host-to-Device]
5963739682,10048,420969,273,1,1,48,1,1,40,0.000,0.001,,,,,NVIDIA A100-SXM4-40GB MIG 4g.20gb (0),1,,13,"void pusch_noise_intf_est::noiseIntfEstNoDftSOfdmKernel<float, __half, float, float, (unsigned int)2, (unsigned int)1, (unsigned char)4, (unsigned char)4>(pusch_noise_intf_est::puschRxNoiseIntfEstDynDescr)"
5963752834,2720,420980,35,1,1,128,1,1,16,0.000,0.000,,,,,NVIDIA A100-SXM4-40GB MIG 4g.20gb (0),1,,13,cupy_copy__complex64_complex64
5963764674,2016,420989,1,1,1,1,1,1,18,0.000,0.000,,,,,NVIDIA A100-SXM4-40GB MIG 4g.20gb (0),1,,13,cupy_copy__float32_float32
5963796961,1568,420995,,,,,,,,,,0.000,2.551,Device,Pageable,NVIDIA A100-SXM4-40GB MIG 4g.20gb (0),1,,7,[CUDA memcpy Device-to-Host]
5963857633,12992,421006,1434,1,1,128,1,1,16,0.000,0.000,,,,,NVIDIA A100-SXM4-40GB MIG 4g.20gb (0),1,,13,cupy_copy__complex64_complex64
5963884192,2784,421013,103,1,1,128,1,1,16,0.000,0.000,,,,,NVIDIA A100-SXM4-40GB MIG 4g.20gb (0),1,,13,cupy_copy__complex64_complex64
5963904608,2432,421020,35,1,1,128,1,1,16,0.000,0.000,,,,,NVIDIA A100-SXM4-40GB MIG 4g.20gb (0),1,,13,cupy_copy__complex64_complex64
5963922880,1760,421027,1,1,1,1,1,1,18,0.000,0.000,,,,,NVIDIA A100-SXM4-40GB MIG 4g.20gb (0),1,,13,cupy_copy__float32_float32
5964056094,87711,421038,1,1,1,32,32,1,30,0.000,0.000,,,,,NVIDIA A100-SXM4-40GB MIG 4g.20gb (0),1,,13,"void convert_kernel<__half2, float2>(tensor_layout_any, T1 *, tensor_layout_any, const T2 *)"
5964171293,5984,421041,,,,,,,,,,0.094,15657.726,Pinned,Device,NVIDIA A100-SXM4-40GB MIG 4g.20gb (0),1,,13,[CUDA memcpy Host-to-Device]
5964185373,3296,421042,,,,,,,,,,1.547,469242.628,Device,,NVIDIA A100-SXM4-40GB MIG 4g.20gb (0),1,,13,[CUDA memset]
5964192349,3136,421047,,,,,,,,,,0.031,9979.575,Pinned,Device,NVIDIA A100-SXM4-40GB MIG 4g.20gb (0),1,,13,[CUDA memcpy Host-to-Device]
5964197917,9855,421048,,,,,,,,,,0.197,19950.010,Pinned,Device,NVIDIA A100-SXM4-40GB MIG 4g.20gb (0),1,,13,[CUDA memcpy Host-to-Device]
5964212156,6368,421049,273,1,1,8,4,1,39,0.002,0.000,,,,,NVIDIA A100-SXM4-40GB MIG 4g.20gb (0),1,,13,"void channel_eq::eqMmseCoefCompLowMimoKernel<float, float, float, (unsigned int)4, (unsigned int)1, (unsigned int)4>(const channel_eq::_puschRxChEqStatDescr *, channel_eq::_puschRxChEqCoefCompDynDescr)"
5964221276,5856,421050,273,1,1,12,11,1,51,0.002,0.000,,,,,NVIDIA A100-SXM4-40GB MIG 4g.20gb (0),1,,13,"void channel_eq::eqMmseSoftDemapKernel<float, __half, __half, float, (unsigned int)4, (unsigned short)16383>(channel_eq::_puschRxChEqStatDescr *, channel_eq::_puschRxChEqSoftDemapDynDescr)"
5964228540,279869,421051,1,1,1,32,32,1,30,0.000,0.000,,,,,NVIDIA A100-SXM4-40GB MIG 4g.20gb (0),1,,13,"void convert_kernel<float2, __half2>(tensor_layout_any, T1 *, tensor_layout_any, const T2 *)"
5964511609,11264,421063,2253,1,1,128,1,1,16,0.000,0.000,,,,,NVIDIA A100-SXM4-40GB MIG 4g.20gb (0),1,,13,cupy_copy__float16_float16
5964526329,2815,421072,282,1,1,128,1,1,16,0.000,0.000,,,,,NVIDIA A100-SXM4-40GB MIG 4g.20gb (0),1,,13,cupy_copy__complex64_complex64
5964530200,2048,421081,26,1,1,128,1,1,16,0.000,0.000,,,,,NVIDIA A100-SXM4-40GB MIG 4g.20gb (0),1,,13,cupy_copy__float32_float32
5964533400,2944,421090,103,1,1,128,1,1,16,0.000,0.000,,,,,NVIDIA A100-SXM4-40GB MIG 4g.20gb (0),1,,13,cupy_copy__complex64_complex64
5964537304,12000,421100,1434,1,1,128,1,1,16,0.000,0.000,,,,,NVIDIA A100-SXM4-40GB MIG 4g.20gb (0),1,,13,cupy_copy__complex64_complex64
5964564408,82911,421105,1,1,1,32,32,1,30,0.000,0.000,,,,,NVIDIA A100-SXM4-40GB MIG 4g.20gb (0),1,,13,"void convert_kernel<__half2, float2>(tensor_layout_any, T1 *, tensor_layout_any, const T2 *)"
5964674807,5760,421108,,,,,,,,,,0.094,16266.656,Pinned,Device,NVIDIA A100-SXM4-40GB MIG 4g.20gb (0),1,,13,[CUDA memcpy Host-to-Device]
5964684503,597720,421109,,,,,,,,,,456.561,763827.289,Device,,NVIDIA A100-SXM4-40GB MIG 4g.20gb (0),1,,13,[CUDA memset]
5965283215,142590,421114,,,,,,,,,,1.235,8660.662,Pinned,Device,NVIDIA A100-SXM4-40GB MIG 4g.20gb (0),1,,13,[CUDA memcpy Host-to-Device]
5965438189,40000,421115,,,,,,,,,,0.197,4915.200,Pinned,Device,NVIDIA A100-SXM4-40GB MIG 4g.20gb (0),1,,13,[CUDA memcpy Host-to-Device]
5965495373,8287,421116,69,4,1,48,1,1,76,0.002,0.000,,,,,NVIDIA A100-SXM4-40GB MIG 4g.20gb (0),1,,13,"void ch_est::windowedChEstPreNoDftSOfdmKernel<float, __half, float, (unsigned int)2, (unsigned int)1, (unsigned short)4>(ch_est::puschRxChEstStatDescr_t *, ch_est::puschRxChEstDynDescr_t *)"
5965513068,6784,421117,137,2,1,24,2,1,44,0.001,0.001,,,,,NVIDIA A100-SXM4-40GB MIG 4g.20gb (0),1,,13,"void ch_est::chEstFilterNoDftSOfdmDispatchKernel<float, __half, float, (unsigned int)2>(ch_est::puschRxChEstStatDescr_t *, ch_est::puschRxChEstDynDescr_t *)"
5965532780,4800,421118,137,2,1,24,2,1,44,0.001,0.001,,,,,NVIDIA A100-SXM4-40GB MIG 4g.20gb (0),1,,13,"void ch_est::chEstFilterNoDftSOfdmDispatchKernel<float, __half, float, (unsigned int)2>(ch_est::puschRxChEstStatDescr_t *, ch_est::puschRxChEstDynDescr_t *)"
5965549324,2656,421129,103,1,1,128,1,1,16,0.000,0.000,,,,,NVIDIA A100-SXM4-40GB MIG 4g.20gb (0),1,,13,cupy_copy__complex64_complex64
5965566604,12608,421139,1434,1,1,128,1,1,16,0.000,0.000,,,,,NVIDIA A100-SXM4-40GB MIG 4g.20gb (0),1,,13,cupy_copy__complex64_complex64
5965585323,2912,421146,103,1,1,128,1,1,16,0.000,0.000,,,,,NVIDIA A100-SXM4-40GB MIG 4g.20gb (0),1,,13,cupy_copy__complex64_complex64
5965605323,85887,421153,1,1,1,32,32,1,30,0.000,0.000,,,,,NVIDIA A100-SXM4-40GB MIG 4g.20gb (0),1,,13,"void convert_kernel<__half2, float2>(tensor_layout_any, T1 *, tensor_layout_any, const T2 *)"
5965724170,26239,421156,,,,,,,,,,0.094,3570.848,Pinned,Device,NVIDIA A100-SXM4-40GB MIG 4g.20gb (0),1,,13,[CUDA memcpy Host-to-Device]
5965761705,47232,421157,,,,,,,,,,35.810,758167.626,Device,,NVIDIA A100-SXM4-40GB MIG 4g.20gb (0),1,,13,[CUDA memset]
5965813641,15167,421159,,,,,,,,,,0.000,5.275,Pinned,Device,NVIDIA A100-SXM4-40GB MIG 4g.20gb (0),1,,13,[CUDA memcpy Host-to-Device]
5965835976,33568,421160,,,,,,,,,,0.197,5856.952,Pinned,Device,NVIDIA A100-SXM4-40GB MIG 4g.20gb (0),1,,13,[CUDA memcpy Host-to-Device]
5965891144,9856,421161,273,1,1,48,1,1,40,0.000,0.001,,,,,NVIDIA A100-SXM4-40GB MIG 4g.20gb (0),1,,13,"void pusch_noise_intf_est::noiseIntfEstNoDftSOfdmKernel<float, __half, float, float, (unsigned int)2, (unsigned int)1, (unsigned char)4, (unsigned char)4>(pusch_noise_intf_est::puschRxNoiseIntfEstDynDescr)"
5965908135,2816,421172,35,1,1,128,1,1,16,0.000,0.000,,,,,NVIDIA A100-SXM4-40GB MIG 4g.20gb (0),1,,13,cupy_copy__complex64_complex64
5965920487,1728,421181,1,1,1,1,1,1,18,0.000,0.000,,,,,NVIDIA A100-SXM4-40GB MIG 4g.20gb (0),1,,13,cupy_copy__float32_float32
5965926407,4000,421187,,,,,,,,,,0.000,1.000,Device,Pageable,NVIDIA A100-SXM4-40GB MIG 4g.20gb (0),1,,7,[CUDA memcpy Device-to-Host]
5966014214,12992,421198,1434,1,1,128,1,1,16,0.000,0.000,,,,,NVIDIA A100-SXM4-40GB MIG 4g.20gb (0),1,,13,cupy_copy__complex64_complex64
5966038342,3392,421205,103,1,1,128,1,1,16,0.000,0.000,,,,,NVIDIA A100-SXM4-40GB MIG 4g.20gb (0),1,,13,cupy_copy__complex64_complex64
5966061382,2592,421212,35,1,1,128,1,1,16,0.000,0.000,,,,,NVIDIA A100-SXM4-40GB MIG 4g.20gb (0),1,,13,cupy_copy__complex64_complex64
5966081605,1792,421219,1,1,1,1,1,1,18,0.000,0.000,,,,,NVIDIA A100-SXM4-40GB MIG 4g.20gb (0),1,,13,cupy_copy__float32_float32
5966201732,87263,421230,1,1,1,32,32,1,30,0.000,0.000,,,,,NVIDIA A100-SXM4-40GB MIG 4g.20gb (0),1,,13,"void convert_kernel<__half2, float2>(tensor_layout_any, T1 *, tensor_layout_any, const T2 *)"
5966316386,6048,421233,,,,,,,,,,0.094,15491.978,Pinned,Device,NVIDIA A100-SXM4-40GB MIG 4g.20gb (0),1,,13,[CUDA memcpy Host-to-Device]
5966330338,3328,421234,,,,,,,,,,1.547,464729.580,Device,,NVIDIA A100-SXM4-40GB MIG 4g.20gb (0),1,,13,[CUDA memset]
5966337282,3360,421239,,,,,,,,,,0.031,9314.284,Pinned,Device,NVIDIA A100-SXM4-40GB MIG 4g.20gb (0),1,,13,[CUDA memcpy Host-to-Device]
5966343554,9440,421240,,,,,,,,,,0.197,20827.079,Pinned,Device,NVIDIA A100-SXM4-40GB MIG 4g.20gb (0),1,,13,[CUDA memcpy Host-to-Device]
5966357154,8192,421241,273,1,1,8,4,1,39,0.002,0.000,,,,,NVIDIA A100-SXM4-40GB MIG 4g.20gb (0),1,,13,"void channel_eq::eqMmseCoefCompLowMimoKernel<float, float, float, (unsigned int)4, (unsigned int)1, (unsigned int)4>(const channel_eq::_puschRxChEqStatDescr *, channel_eq::_puschRxChEqCoefCompDynDescr)"
5966368994,6176,421242,273,1,1,12,11,1,51,0.002,0.000,,,,,NVIDIA A100-SXM4-40GB MIG 4g.20gb (0),1,,13,"void channel_eq::eqMmseSoftDemapKernel<float, __half, __half, float, (unsigned int)4, (unsigned short)16383>(channel_eq::_puschRxChEqStatDescr *, channel_eq::_puschRxChEqSoftDemapDynDescr)"
5966376770,294812,421243,1,1,1,32,32,1,30,0.000,0.000,,,,,NVIDIA A100-SXM4-40GB MIG 4g.20gb (0),1,,13,"void convert_kernel<float2, __half2>(tensor_layout_any, T1 *, tensor_layout_any, const T2 *)"
5966673150,10944,421255,2253,1,1,128,1,1,16,0.000,0.000,,,,,NVIDIA A100-SXM4-40GB MIG 4g.20gb (0),1,,13,cupy_copy__float16_float16
5966686910,2848,421264,282,1,1,128,1,1,16,0.000,0.000,,,,,NVIDIA A100-SXM4-40GB MIG 4g.20gb (0),1,,13,cupy_copy__complex64_complex64
5966694014,2112,421273,26,1,1,128,1,1,16,0.000,0.000,,,,,NVIDIA A100-SXM4-40GB MIG 4g.20gb (0),1,,13,cupy_copy__float32_float32
5966697918,2944,421282,103,1,1,128,1,1,16,0.000,0.000,,,,,NVIDIA A100-SXM4-40GB MIG 4g.20gb (0),1,,13,cupy_copy__complex64_complex64
5966750813,12160,421298,1434,1,1,128,1,1,16,0.000,0.000,,,,,NVIDIA A100-SXM4-40GB MIG 4g.20gb (0),1,,13,cupy_copy__complex64_complex64
5966874428,85567,421303,1,1,1,32,32,1,30,0.000,0.000,,,,,NVIDIA A100-SXM4-40GB MIG 4g.20gb (0),1,,13,"void convert_kernel<__half2, float2>(tensor_layout_any, T1 *, tensor_layout_any, const T2 *)"
5966988730,5632,421306,,,,,,,,,,0.094,16636.287,Pinned,Device,NVIDIA A100-SXM4-40GB MIG 4g.20gb (0),1,,13,[CUDA memcpy Host-to-Device]
5966998330,595481,421307,,,,,,,,,,456.561,766566.658,Device,,NVIDIA A100-SXM4-40GB MIG 4g.20gb (0),1,,13,[CUDA memset]
5967600211,124254,421312,,,,,,,,,,1.235,9938.829,Pinned,Device,NVIDIA A100-SXM4-40GB MIG 4g.20gb (0),1,,13,[CUDA memcpy Host-to-Device]
5967733457,29792,421313,,,,,,,,,,0.197,6599.344,Pinned,Device,NVIDIA A100-SXM4-40GB MIG 4g.20gb (0),1,,13,[CUDA memcpy Host-to-Device]
5967780336,8160,421314,69,4,1,48,1,1,76,0.002,0.000,,,,,NVIDIA A100-SXM4-40GB MIG 4g.20gb (0),1,,13,"void ch_est::windowedChEstPreNoDftSOfdmKernel<float, __half, float, (unsigned int)2, (unsigned int)1, (unsigned short)4>(ch_est::puschRxChEstStatDescr_t *, ch_est::puschRxChEstDynDescr_t *)"
5967795600,6944,421315,137,2,1,24,2,1,44,0.001,0.001,,,,,NVIDIA A100-SXM4-40GB MIG 4g.20gb (0),1,,13,"void ch_est::chEstFilterNoDftSOfdmDispatchKernel<float, __half, float, (unsigned int)2>(ch_est::puschRxChEstStatDescr_t *, ch_est::puschRxChEstDynDescr_t *)"
5967812880,4704,421316,137,2,1,24,2,1,44,0.001,0.001,,,,,NVIDIA A100-SXM4-40GB MIG 4g.20gb (0),1,,13,"void ch_est::chEstFilterNoDftSOfdmDispatchKernel<float, __half, float, (unsigned int)2>(ch_est::puschRxChEstStatDescr_t *, ch_est::puschRxChEstDynDescr_t *)"
5967831792,2624,421327,103,1,1,128,1,1,16,0.000,0.000,,,,,NVIDIA A100-SXM4-40GB MIG 4g.20gb (0),1,,13,cupy_copy__complex64_complex64
5967844688,12735,421337,1434,1,1,128,1,1,16,0.000,0.000,,,,,NVIDIA A100-SXM4-40GB MIG 4g.20gb (0),1,,13,cupy_copy__complex64_complex64
5967879375,2560,421344,103,1,1,128,1,1,16,0.000,0.000,,,,,NVIDIA A100-SXM4-40GB MIG 4g.20gb (0),1,,13,cupy_copy__complex64_complex64
5967895055,89567,421351,1,1,1,32,32,1,30,0.000,0.000,,,,,NVIDIA A100-SXM4-40GB MIG 4g.20gb (0),1,,13,"void convert_kernel<__half2, float2>(tensor_layout_any, T1 *, tensor_layout_any, const T2 *)"
5968021677,19936,421354,,,,,,,,,,0.094,4699.791,Pinned,Device,NVIDIA A100-SXM4-40GB MIG 4g.20gb (0),1,,13,[CUDA memcpy Host-to-Device]
5968058957,47071,421355,,,,,,,,,,35.810,760745.940,Device,,NVIDIA A100-SXM4-40GB MIG 4g.20gb (0),1,,13,[CUDA memset]
5968109580,10816,421357,,,,,,,,,,0.000,7.396,Pinned,Device,NVIDIA A100-SXM4-40GB MIG 4g.20gb (0),1,,13,[CUDA memcpy Host-to-Device]
5968128748,32800,421358,,,,,,,,,,0.197,5993.988,Pinned,Device,NVIDIA A100-SXM4-40GB MIG 4g.20gb (0),1,,13,[CUDA memcpy Host-to-Device]
5968183851,9984,421359,273,1,1,48,1,1,40,0.000,0.001,,,,,NVIDIA A100-SXM4-40GB MIG 4g.20gb (0),1,,13,"void pusch_noise_intf_est::noiseIntfEstNoDftSOfdmKernel<float, __half, float, float, (unsigned int)2, (unsigned int)1, (unsigned char)4, (unsigned char)4>(pusch_noise_intf_est::puschRxNoiseIntfEstDynDescr)"
5968200203,2688,421370,35,1,1,128,1,1,16,0.000,0.000,,,,,NVIDIA A100-SXM4-40GB MIG 4g.20gb (0),1,,13,cupy_copy__complex64_complex64
5968217035,1728,421379,1,1,1,1,1,1,18,0.000,0.000,,,,,NVIDIA A100-SXM4-40GB MIG 4g.20gb (0),1,,13,cupy_copy__float32_float32
5968220139,8192,421385,,,,,,,,,,0.000,0.488,Device,Pageable,NVIDIA A100-SXM4-40GB MIG 4g.20gb (0),1,,7,[CUDA memcpy Device-to-Host]
5968311850,12800,421396,1434,1,1,128,1,1,16,0.000,0.000,,,,,NVIDIA A100-SXM4-40GB MIG 4g.20gb (0),1,,13,cupy_copy__complex64_complex64
5968334762,3040,421403,103,1,1,128,1,1,16,0.000,0.000,,,,,NVIDIA A100-SXM4-40GB MIG 4g.20gb (0),1,,13,cupy_copy__complex64_complex64
5968352713,2624,421410,35,1,1,128,1,1,16,0.000,0.000,,,,,NVIDIA A100-SXM4-40GB MIG 4g.20gb (0),1,,13,cupy_copy__complex64_complex64
5968378153,1984,421417,1,1,1,1,1,1,18,0.000,0.000,,,,,NVIDIA A100-SXM4-40GB MIG 4g.20gb (0),1,,13,cupy_copy__float32_float32
5968505255,86463,421428,1,1,1,32,32,1,30,0.000,0.000,,,,,NVIDIA A100-SXM4-40GB MIG 4g.20gb (0),1,,13,"void convert_kernel<__half2, float2>(tensor_layout_any, T1 *, tensor_layout_any, const T2 *)"
5968623238,10048,421431,,,,,,,,,,0.094,9324.813,Pinned,Device,NVIDIA A100-SXM4-40GB MIG 4g.20gb (0),1,,13,[CUDA memcpy Host-to-Device]
5968641734,3328,421432,,,,,,,,,,1.547,464729.580,Device,,NVIDIA A100-SXM4-40GB MIG 4g.20gb (0),1,,13,[CUDA memset]
5968650918,7808,421437,,,,,,,,,,0.031,4008.173,Pinned,Device,NVIDIA A100-SXM4-40GB MIG 4g.20gb (0),1,,13,[CUDA memcpy Host-to-Device]
5968662182,17695,421438,,,,,,,,,,0.197,11110.908,Pinned,Device,NVIDIA A100-SXM4-40GB MIG 4g.20gb (0),1,,13,[CUDA memcpy Host-to-Device]
5968694469,8992,421439,273,1,1,8,4,1,39,0.002,0.000,,,,,NVIDIA A100-SXM4-40GB MIG 4g.20gb (0),1,,13,"void channel_eq::eqMmseCoefCompLowMimoKernel<float, float, float, (unsigned int)4, (unsigned int)1, (unsigned int)4>(const channel_eq::_puschRxChEqStatDescr *, channel_eq::_puschRxChEqCoefCompDynDescr)"
5968706885,7680,421440,273,1,1,12,11,1,51,0.002,0.000,,,,,NVIDIA A100-SXM4-40GB MIG 4g.20gb (0),1,,13,"void channel_eq::eqMmseSoftDemapKernel<float, __half, __half, float, (unsigned int)4, (unsigned short)16383>(channel_eq::_puschRxChEqStatDescr *, channel_eq::_puschRxChEqSoftDemapDynDescr)"
5968717989,281980,421441,1,1,1,32,32,1,30,0.000,0.000,,,,,NVIDIA A100-SXM4-40GB MIG 4g.20gb (0),1,,13,"void convert_kernel<float2, __half2>(tensor_layout_any, T1 *, tensor_layout_any, const T2 *)"
5969002113,10976,421453,2253,1,1,128,1,1,16,0.000,0.000,,,,,NVIDIA A100-SXM4-40GB MIG 4g.20gb (0),1,,13,cupy_copy__float16_float16
5969014625,3744,421462,282,1,1,128,1,1,16,0.000,0.000,,,,,NVIDIA A100-SXM4-40GB MIG 4g.20gb (0),1,,13,cupy_copy__complex64_complex64
5969022017,2144,421471,26,1,1,128,1,1,16,0.000,0.000,,,,,NVIDIA A100-SXM4-40GB MIG 4g.20gb (0),1,,13,cupy_copy__float32_float32
5969025633,4864,421480,103,1,1,128,1,1,16,0.000,0.000,,,,,NVIDIA A100-SXM4-40GB MIG 4g.20gb (0),1,,13,cupy_copy__complex64_complex64
5969034465,12096,421490,1434,1,1,128,1,1,16,0.000,0.000,,,,,NVIDIA A100-SXM4-40GB MIG 4g.20gb (0),1,,13,cupy_copy__complex64_complex64
5969049761,81503,421495,1,1,1,32,32,1,30,0.000,0.000,,,,,NVIDIA A100-SXM4-40GB MIG 4g.20gb (0),1,,13,"void convert_kernel<__half2, float2>(tensor_layout_any, T1 *, tensor_layout_any, const T2 *)"
5969159295,5600,421498,,,,,,,,,,0.094,16731.388,Pinned,Device,NVIDIA A100-SXM4-40GB MIG 4g.20gb (0),1,,13,[CUDA memcpy Host-to-Device]
5969168479,597433,421499,,,,,,,,,,456.561,763827.289,Device,,NVIDIA A100-SXM4-40GB MIG 4g.20gb (0),1,,13,[CUDA memset]
5969770456,135550,421504,,,,,,,,,,1.235,9110.182,Pinned,Device,NVIDIA A100-SXM4-40GB MIG 4g.20gb (0),1,,13,[CUDA memcpy Host-to-Device]
5969916918,28224,421505,,,,,,,,,,0.197,6965.821,Pinned,Device,NVIDIA A100-SXM4-40GB MIG 4g.20gb (0),1,,13,[CUDA memcpy Host-to-Device]
5969963446,8287,421506,69,4,1,48,1,1,76,0.002,0.000,,,,,NVIDIA A100-SXM4-40GB MIG 4g.20gb (0),1,,13,"void ch_est::windowedChEstPreNoDftSOfdmKernel<float, __half, float, (unsigned int)2, (unsigned int)1, (unsigned short)4>(ch_est::puschRxChEstStatDescr_t *, ch_est::puschRxChEstDynDescr_t *)"
5969978837,7040,421507,137,2,1,24,2,1,44,0.001,0.001,,,,,NVIDIA A100-SXM4-40GB MIG 4g.20gb (0),1,,13,"void ch_est::chEstFilterNoDftSOfdmDispatchKernel<float, __half, float, (unsigned int)2>(ch_est::puschRxChEstStatDescr_t *, ch_est::puschRxChEstDynDescr_t *)"
5969992277,5056,421508,137,2,1,24,2,1,44,0.001,0.001,,,,,NVIDIA A100-SXM4-40GB MIG 4g.20gb (0),1,,13,"void ch_est::chEstFilterNoDftSOfdmDispatchKernel<float, __half, float, (unsigned int)2>(ch_est::puschRxChEstStatDescr_t *, ch_est::puschRxChEstDynDescr_t *)"
5970000213,2912,421519,103,1,1,128,1,1,16,0.000,0.000,,,,,NVIDIA A100-SXM4-40GB MIG 4g.20gb (0),1,,13,cupy_copy__complex64_complex64
5970012565,12800,421529,1434,1,1,128,1,1,16,0.000,0.000,,,,,NVIDIA A100-SXM4-40GB MIG 4g.20gb (0),1,,13,cupy_copy__complex64_complex64
5970030229,2880,421536,103,1,1,128,1,1,16,0.000,0.000,,,,,NVIDIA A100-SXM4-40GB MIG 4g.20gb (0),1,,13,cupy_copy__complex64_complex64
5970046388,94207,421543,1,1,1,32,32,1,30,0.000,0.000,,,,,NVIDIA A100-SXM4-40GB MIG 4g.20gb (0),1,,13,"void convert_kernel<__half2, float2>(tensor_layout_any, T1 *, tensor_layout_any, const T2 *)"
5970173555,17344,421546,,,,,,,,,,0.094,5402.137,Pinned,Device,NVIDIA A100-SXM4-40GB MIG 4g.20gb (0),1,,13,[CUDA memcpy Host-to-Device]
5970209394,47232,421547,,,,,,,,,,35.810,758167.626,Device,,NVIDIA A100-SXM4-40GB MIG 4g.20gb (0),1,,13,[CUDA memset]
5970264850,9632,421549,,,,,,,,,,0.000,8.306,Pinned,Device,NVIDIA A100-SXM4-40GB MIG 4g.20gb (0),1,,13,[CUDA memcpy Host-to-Device]
5970287730,22751,421550,,,,,,,,,,0.197,8641.708,Pinned,Device,NVIDIA A100-SXM4-40GB MIG 4g.20gb (0),1,,13,[CUDA memcpy Host-to-Device]
5970324625,9792,421551,273,1,1,48,1,1,40,0.000,0.001,,,,,NVIDIA A100-SXM4-40GB MIG 4g.20gb (0),1,,13,"void pusch_noise_intf_est::noiseIntfEstNoDftSOfdmKernel<float, __half, float, float, (unsigned int)2, (unsigned int)1, (unsigned char)4, (unsigned char)4>(pusch_noise_intf_est::puschRxNoiseIntfEstDynDescr)"
5970350353,2592,421562,35,1,1,128,1,1,16,0.000,0.000,,,,,NVIDIA A100-SXM4-40GB MIG 4g.20gb (0),1,,13,cupy_copy__complex64_complex64
5970362481,1760,421571,1,1,1,1,1,1,18,0.000,0.000,,,,,NVIDIA A100-SXM4-40GB MIG 4g.20gb (0),1,,13,cupy_copy__float32_float32
5970368145,6111,421577,,,,,,,,,,0.000,0.655,Device,Pageable,NVIDIA A100-SXM4-40GB MIG 4g.20gb (0),1,,7,[CUDA memcpy Device-to-Host]
5970446384,12927,421588,1434,1,1,128,1,1,16,0.000,0.000,,,,,NVIDIA A100-SXM4-40GB MIG 4g.20gb (0),1,,13,cupy_copy__complex64_complex64
5970479343,3328,421595,103,1,1,128,1,1,16,0.000,0.000,,,,,NVIDIA A100-SXM4-40GB MIG 4g.20gb (0),1,,13,cupy_copy__complex64_complex64
5970500079,2272,421602,35,1,1,128,1,1,16,0.000,0.000,,,,,NVIDIA A100-SXM4-40GB MIG 4g.20gb (0),1,,13,cupy_copy__complex64_complex64
5970513359,1824,421609,1,1,1,1,1,1,18,0.000,0.000,,,,,NVIDIA A100-SXM4-40GB MIG 4g.20gb (0),1,,13,cupy_copy__float32_float32
5970646253,86591,421620,1,1,1,32,32,1,30,0.000,0.000,,,,,NVIDIA A100-SXM4-40GB MIG 4g.20gb (0),1,,13,"void convert_kernel<__half2, float2>(tensor_layout_any, T1 *, tensor_layout_any, const T2 *)"
5970760684,9792,421623,,,,,,,,,,0.094,9568.610,Pinned,Device,NVIDIA A100-SXM4-40GB MIG 4g.20gb (0),1,,13,[CUDA memcpy Host-to-Device]
5970784139,3680,421624,,,,,,,,,,1.547,420278.059,Device,,NVIDIA A100-SXM4-40GB MIG 4g.20gb (0),1,,13,[CUDA memset]
5970794123,5184,421629,,,,,,,,,,0.031,6037.030,Pinned,Device,NVIDIA A100-SXM4-40GB MIG 4g.20gb (0),1,,13,[CUDA memcpy Host-to-Device]
5970804491,11360,421630,,,,,,,,,,0.197,17307.009,Pinned,Device,NVIDIA A100-SXM4-40GB MIG 4g.20gb (0),1,,13,[CUDA memcpy Host-to-Device]
5970822411,7040,421631,273,1,1,8,4,1,39,0.002,0.000,,,,,NVIDIA A100-SXM4-40GB MIG 4g.20gb (0),1,,13,"void channel_eq::eqMmseCoefCompLowMimoKernel<float, float, float, (unsigned int)4, (unsigned int)1, (unsigned int)4>(const channel_eq::_puschRxChEqStatDescr *, channel_eq::_puschRxChEqCoefCompDynDescr)"
5970830859,5920,421632,273,1,1,12,11,1,51,0.002,0.000,,,,,NVIDIA A100-SXM4-40GB MIG 4g.20gb (0),1,,13,"void channel_eq::eqMmseSoftDemapKernel<float, __half, __half, float, (unsigned int)4, (unsigned short)16383>(channel_eq::_puschRxChEqStatDescr *, channel_eq::_puschRxChEqSoftDemapDynDescr)"
5970840299,282140,421633,1,1,1,32,32,1,30,0.000,0.000,,,,,NVIDIA A100-SXM4-40GB MIG 4g.20gb (0),1,,13,"void convert_kernel<float2, __half2>(tensor_layout_any, T1 *, tensor_layout_any, const T2 *)"
5971123431,10944,421645,2253,1,1,128,1,1,16,0.000,0.000,,,,,NVIDIA A100-SXM4-40GB MIG 4g.20gb (0),1,,13,cupy_copy__float16_float16
5971135975,3616,421654,282,1,1,128,1,1,16,0.000,0.000,,,,,NVIDIA A100-SXM4-40GB MIG 4g.20gb (0),1,,13,cupy_copy__complex64_complex64
5971143111,2240,421663,26,1,1,128,1,1,16,0.000,0.000,,,,,NVIDIA A100-SXM4-40GB MIG 4g.20gb (0),1,,13,cupy_copy__float32_float32
5971147143,3168,421672,103,1,1,128,1,1,16,0.000,0.000,,,,,NVIDIA A100-SXM4-40GB MIG 4g.20gb (0),1,,13,cupy_copy__complex64_complex64
5971151623,12288,421682,1434,1,1,128,1,1,16,0.000,0.000,,,,,NVIDIA A100-SXM4-40GB MIG 4g.20gb (0),1,,13,cupy_copy__complex64_complex64
5971165671,86783,421687,1,1,1,32,32,1,30,0.000,0.000,,,,,NVIDIA A100-SXM4-40GB MIG 4g.20gb (0),1,,13,"void convert_kernel<__half2, float2>(tensor_layout_any, T1 *, tensor_layout_any, const T2 *)"
5971279941,5888,421690,,,,,,,,,,0.094,15912.954,Pinned,Device,NVIDIA A100-SXM4-40GB MIG 4g.20gb (0),1,,13,[CUDA memcpy Host-to-Device]
5971290085,598553,421691,,,,,,,,,,456.561,762457.605,Device,,NVIDIA A100-SXM4-40GB MIG 4g.20gb (0),1,,13,[CUDA memset]
5971897278,139582,421696,,,,,,,,,,1.235,8847.139,Pinned,Device,NVIDIA A100-SXM4-40GB MIG 4g.20gb (0),1,,13,[CUDA memcpy Host-to-Device]
5972048028,35423,421697,,,,,,,,,,0.197,5550.244,Pinned,Device,NVIDIA A100-SXM4-40GB MIG 4g.20gb (0),1,,13,[CUDA memcpy Host-to-Device]
5972105883,7808,421698,69,4,1,48,1,1,76,0.002,0.000,,,,,NVIDIA A100-SXM4-40GB MIG 4g.20gb (0),1,,13,"void ch_est::windowedChEstPreNoDftSOfdmKernel<float, __half, float, (unsigned int)2, (unsigned int)1, (unsigned short)4>(ch_est::puschRxChEstStatDescr_t *, ch_est::puschRxChEstDynDescr_t *)"
5972122971,6688,421699,137,2,1,24,2,1,44,0.001,0.001,,,,,NVIDIA A100-SXM4-40GB MIG 4g.20gb (0),1,,13,"void ch_est::chEstFilterNoDftSOfdmDispatchKernel<float, __half, float, (unsigned int)2>(ch_est::puschRxChEstStatDescr_t *, ch_est::puschRxChEstDynDescr_t *)"
5972133019,6464,421700,137,2,1,24,2,1,44,0.001,0.001,,,,,NVIDIA A100-SXM4-40GB MIG 4g.20gb (0),1,,13,"void ch_est::chEstFilterNoDftSOfdmDispatchKernel<float, __half, float, (unsigned int)2>(ch_est::puschRxChEstStatDescr_t *, ch_est::puschRxChEstDynDescr_t *)"
5972147867,2720,421711,103,1,1,128,1,1,16,0.000,0.000,,,,,NVIDIA A100-SXM4-40GB MIG 4g.20gb (0),1,,13,cupy_copy__complex64_complex64
5972158778,12768,421721,1434,1,1,128,1,1,16,0.000,0.000,,,,,NVIDIA A100-SXM4-40GB MIG 4g.20gb (0),1,,13,cupy_copy__complex64_complex64
5972182554,2720,421728,103,1,1,128,1,1,16,0.000,0.000,,,,,NVIDIA A100-SXM4-40GB MIG 4g.20gb (0),1,,13,cupy_copy__complex64_complex64
5972194362,82591,421735,1,1,1,32,32,1,30,0.000,0.000,,,,,NVIDIA A100-SXM4-40GB MIG 4g.20gb (0),1,,13,"void convert_kernel<__half2, float2>(tensor_layout_any, T1 *, tensor_layout_any, const T2 *)"
5972309017,13151,421738,,,,,,,,,,0.094,7124.550,Pinned,Device,NVIDIA A100-SXM4-40GB MIG 4g.20gb (0),1,,13,[CUDA memcpy Host-to-Device]
5972326712,47680,421739,,,,,,,,,,35.810,751041.452,Device,,NVIDIA A100-SXM4-40GB MIG 4g.20gb (0),1,,13,[CUDA memset]
5972379576,10048,421741,,,,,,,,,,0.000,7.962,Pinned,Device,NVIDIA A100-SXM4-40GB MIG 4g.20gb (0),1,,13,[CUDA memcpy Host-to-Device]
5972397784,19615,421742,,,,,,,,,,0.197,10023.272,Pinned,Device,NVIDIA A100-SXM4-40GB MIG 4g.20gb (0),1,,13,[CUDA memcpy Host-to-Device]
5972430071,12480,421743,273,1,1,48,1,1,40,0.000,0.001,,,,,NVIDIA A100-SXM4-40GB MIG 4g.20gb (0),1,,13,"void pusch_noise_intf_est::noiseIntfEstNoDftSOfdmKernel<float, __half, float, float, (unsigned int)2, (unsigned int)1, (unsigned char)4, (unsigned char)4>(pusch_noise_intf_est::puschRxNoiseIntfEstDynDescr)"
5972451671,2688,421754,35,1,1,128,1,1,16,0.000,0.000,,,,,NVIDIA A100-SXM4-40GB MIG 4g.20gb (0),1,,13,cupy_copy__complex64_complex64
5972462167,1664,421763,1,1,1,1,1,1,18,0.000,0.000,,,,,NVIDIA A100-SXM4-40GB MIG 4g.20gb (0),1,,13,cupy_copy__float32_float32
5972467319,3168,421769,,,,,,,,,,0.000,1.263,Device,Pageable,NVIDIA A100-SXM4-40GB MIG 4g.20gb (0),1,,7,[CUDA memcpy Device-to-Host]
5972551830,12831,421780,1434,1,1,128,1,1,16,0.000,0.000,,,,,NVIDIA A100-SXM4-40GB MIG 4g.20gb (0),1,,13,cupy_copy__complex64_complex64
5972566965,2656,421787,103,1,1,128,1,1,16,0.000,0.000,,,,,NVIDIA A100-SXM4-40GB MIG 4g.20gb (0),1,,13,cupy_copy__complex64_complex64
5972600469,2688,421794,35,1,1,128,1,1,16,0.000,0.000,,,,,NVIDIA A100-SXM4-40GB MIG 4g.20gb (0),1,,13,cupy_copy__complex64_complex64
5972614069,1760,421801,1,1,1,1,1,1,18,0.000,0.000,,,,,NVIDIA A100-SXM4-40GB MIG 4g.20gb (0),1,,13,cupy_copy__float32_float32
5972746195,87135,421812,1,1,1,32,32,1,30,0.000,0.000,,,,,NVIDIA A100-SXM4-40GB MIG 4g.20gb (0),1,,13,"void convert_kernel<__half2, float2>(tensor_layout_any, T1 *, tensor_layout_any, const T2 *)"
5972861906,5696,421815,,,,,,,,,,0.094,16449.363,Pinned,Device,NVIDIA A100-SXM4-40GB MIG 4g.20gb (0),1,,13,[CUDA memcpy Host-to-Device]
5972878098,3296,421816,,,,,,,,,,1.547,469242.628,Device,,NVIDIA A100-SXM4-40GB MIG 4g.20gb (0),1,,13,[CUDA memset]
5972885746,3007,421821,,,,,,,,,,0.031,10407.704,Pinned,Device,NVIDIA A100-SXM4-40GB MIG 4g.20gb (0),1,,13,[CUDA memcpy Host-to-Device]
5972891665,9408,421822,,,,,,,,,,0.197,20897.858,Pinned,Device,NVIDIA A100-SXM4-40GB MIG 4g.20gb (0),1,,13,[CUDA memcpy Host-to-Device]
5972904913,6368,421823,273,1,1,8,4,1,39,0.002,0.000,,,,,NVIDIA A100-SXM4-40GB MIG 4g.20gb (0),1,,13,"void channel_eq::eqMmseCoefCompLowMimoKernel<float, float, float, (unsigned int)4, (unsigned int)1, (unsigned int)4>(const channel_eq::_puschRxChEqStatDescr *, channel_eq::_puschRxChEqCoefCompDynDescr)"
5972912305,6208,421824,273,1,1,12,11,1,51,0.002,0.000,,,,,NVIDIA A100-SXM4-40GB MIG 4g.20gb (0),1,,13,"void channel_eq::eqMmseSoftDemapKernel<float, __half, __half, float, (unsigned int)4, (unsigned short)16383>(channel_eq::_puschRxChEqStatDescr *, channel_eq::_puschRxChEqSoftDemapDynDescr)"
5972919729,282525,421825,1,1,1,32,32,1,30,0.000,0.000,,,,,NVIDIA A100-SXM4-40GB MIG 4g.20gb (0),1,,13,"void convert_kernel<float2, __half2>(tensor_layout_any, T1 *, tensor_layout_any, const T2 *)"
5973203310,10943,421837,2253,1,1,128,1,1,16,0.000,0.000,,,,,NVIDIA A100-SXM4-40GB MIG 4g.20gb (0),1,,13,cupy_copy__float16_float16
5973217229,3712,421846,282,1,1,128,1,1,16,0.000,0.000,,,,,NVIDIA A100-SXM4-40GB MIG 4g.20gb (0),1,,13,cupy_copy__complex64_complex64
5973223917,2304,421855,26,1,1,128,1,1,16,0.000,0.000,,,,,NVIDIA A100-SXM4-40GB MIG 4g.20gb (0),1,,13,cupy_copy__float32_float32
5973227341,2880,421864,103,1,1,128,1,1,16,0.000,0.000,,,,,NVIDIA A100-SXM4-40GB MIG 4g.20gb (0),1,,13,cupy_copy__complex64_complex64
5973231341,11904,421874,1434,1,1,128,1,1,16,0.000,0.000,,,,,NVIDIA A100-SXM4-40GB MIG 4g.20gb (0),1,,13,cupy_copy__complex64_complex64
5973255405,87935,421879,1,1,1,32,32,1,30,0.000,0.000,,,,,NVIDIA A100-SXM4-40GB MIG 4g.20gb (0),1,,13,"void convert_kernel<__half2, float2>(tensor_layout_any, T1 *, tensor_layout_any, const T2 *)"
5973370220,5599,421882,,,,,,,,,,0.094,16734.387,Pinned,Device,NVIDIA A100-SXM4-40GB MIG 4g.20gb (0),1,,13,[CUDA memcpy Host-to-Device]
5973379627,597785,421883,,,,,,,,,,456.561,763370.728,Device,,NVIDIA A100-SXM4-40GB MIG 4g.20gb (0),1,,13,[CUDA memset]
5973985188,174558,421888,,,,,,,,,,1.235,7073.759,Pinned,Device,NVIDIA A100-SXM4-40GB MIG 4g.20gb (0),1,,13,[CUDA memcpy Host-to-Device]
5974170626,37471,421889,,,,,,,,,,0.197,5246.878,Pinned,Device,NVIDIA A100-SXM4-40GB MIG 4g.20gb (0),1,,13,[CUDA memcpy Host-to-Device]
5974226689,8096,421890,69,4,1,48,1,1,76,0.002,0.000,,,,,NVIDIA A100-SXM4-40GB MIG 4g.20gb (0),1,,13,"void ch_est::windowedChEstPreNoDftSOfdmKernel<float, __half, float, (unsigned int)2, (unsigned int)1, (unsigned short)4>(ch_est::puschRxChEstStatDescr_t *, ch_est::puschRxChEstDynDescr_t *)"
5974239649,6016,421891,137,2,1,24,2,1,44,0.001,0.001,,,,,NVIDIA A100-SXM4-40GB MIG 4g.20gb (0),1,,13,"void ch_est::chEstFilterNoDftSOfdmDispatchKernel<float, __half, float, (unsigned int)2>(ch_est::puschRxChEstStatDescr_t *, ch_est::puschRxChEstDynDescr_t *)"
5974258113,5024,421892,137,2,1,24,2,1,44,0.001,0.001,,,,,NVIDIA A100-SXM4-40GB MIG 4g.20gb (0),1,,13,"void ch_est::chEstFilterNoDftSOfdmDispatchKernel<float, __half, float, (unsigned int)2>(ch_est::puschRxChEstStatDescr_t *, ch_est::puschRxChEstDynDescr_t *)"
5974271392,2624,421903,103,1,1,128,1,1,16,0.000,0.000,,,,,NVIDIA A100-SXM4-40GB MIG 4g.20gb (0),1,,13,cupy_copy__complex64_complex64
5974284096,12640,421913,1434,1,1,128,1,1,16,0.000,0.000,,,,,NVIDIA A100-SXM4-40GB MIG 4g.20gb (0),1,,13,cupy_copy__complex64_complex64
5974308704,2496,421920,103,1,1,128,1,1,16,0.000,0.000,,,,,NVIDIA A100-SXM4-40GB MIG 4g.20gb (0),1,,13,cupy_copy__complex64_complex64
5974322848,86079,421927,1,1,1,32,32,1,30,0.000,0.000,,,,,NVIDIA A100-SXM4-40GB MIG 4g.20gb (0),1,,13,"void convert_kernel<__half2, float2>(tensor_layout_any, T1 *, tensor_layout_any, const T2 *)"
5974436734,6880,421930,,,,,,,,,,0.094,13618.526,Pinned,Device,NVIDIA A100-SXM4-40GB MIG 4g.20gb (0),1,,13,[CUDA memcpy Host-to-Device]
5974451486,46848,421931,,,,,,,,,,35.810,764362.742,Device,,NVIDIA A100-SXM4-40GB MIG 4g.20gb (0),1,,13,[CUDA memset]
5974502110,3072,421933,,,,,,,,,,0.000,26.042,Pinned,Device,NVIDIA A100-SXM4-40GB MIG 4g.20gb (0),1,,13,[CUDA memcpy Host-to-Device]
5974507806,11775,421934,,,,,,,,,,0.197,16696.934,Pinned,Device,NVIDIA A100-SXM4-40GB MIG 4g.20gb (0),1,,13,[CUDA memcpy Host-to-Device]
5974528445,11104,421935,273,1,1,48,1,1,40,0.000,0.001,,,,,NVIDIA A100-SXM4-40GB MIG 4g.20gb (0),1,,13,"void pusch_noise_intf_est::noiseIntfEstNoDftSOfdmKernel<float, __half, float, float, (unsigned int)2, (unsigned int)1, (unsigned char)4, (unsigned char)4>(pusch_noise_intf_est::puschRxNoiseIntfEstDynDescr)"
5974544125,3200,421946,35,1,1,128,1,1,16,0.000,0.000,,,,,NVIDIA A100-SXM4-40GB MIG 4g.20gb (0),1,,13,cupy_copy__complex64_complex64
5974556381,1824,421955,1,1,1,1,1,1,18,0.000,0.000,,,,,NVIDIA A100-SXM4-40GB MIG 4g.20gb (0),1,,13,cupy_copy__float32_float32
5974588413,1632,421961,,,,,,,,,,0.000,2.451,Device,Pageable,NVIDIA A100-SXM4-40GB MIG 4g.20gb (0),1,,7,[CUDA memcpy Device-to-Host]
5974647964,12736,421972,1434,1,1,128,1,1,16,0.000,0.000,,,,,NVIDIA A100-SXM4-40GB MIG 4g.20gb (0),1,,13,cupy_copy__complex64_complex64
5974677851,2976,421979,103,1,1,128,1,1,16,0.000,0.000,,,,,NVIDIA A100-SXM4-40GB MIG 4g.20gb (0),1,,13,cupy_copy__complex64_complex64
5974695675,2144,421986,35,1,1,128,1,1,16,0.000,0.000,,,,,NVIDIA A100-SXM4-40GB MIG 4g.20gb (0),1,,13,cupy_copy__complex64_complex64
5974713947,1920,421993,1,1,1,1,1,1,18,0.000,0.000,,,,,NVIDIA A100-SXM4-40GB MIG 4g.20gb (0),1,,13,cupy_copy__float32_float32
5974853945,85311,422004,1,1,1,32,32,1,30,0.000,0.000,,,,,NVIDIA A100-SXM4-40GB MIG 4g.20gb (0),1,,13,"void convert_kernel<__half2, float2>(tensor_layout_any, T1 *, tensor_layout_any, const T2 *)"
5974968248,6080,422007,,,,,,,,,,0.094,15410.462,Pinned,Device,NVIDIA A100-SXM4-40GB MIG 4g.20gb (0),1,,13,[CUDA memcpy Host-to-Device]
5974982360,3360,422008,,,,,,,,,,1.547,460304.688,Device,,NVIDIA A100-SXM4-40GB MIG 4g.20gb (0),1,,13,[CUDA memset]
5974989496,3136,422013,,,,,,,,,,0.031,9979.575,Pinned,Device,NVIDIA A100-SXM4-40GB MIG 4g.20gb (0),1,,13,[CUDA memcpy Host-to-Device]
5974995288,9471,422014,,,,,,,,,,0.197,20758.856,Pinned,Device,NVIDIA A100-SXM4-40GB MIG 4g.20gb (0),1,,13,[CUDA memcpy Host-to-Device]
5975008855,8256,422015,273,1,1,8,4,1,39,0.002,0.000,,,,,NVIDIA A100-SXM4-40GB MIG 4g.20gb (0),1,,13,"void channel_eq::eqMmseCoefCompLowMimoKernel<float, float, float, (unsigned int)4, (unsigned int)1, (unsigned int)4>(const channel_eq::_puschRxChEqStatDescr *, channel_eq::_puschRxChEqCoefCompDynDescr)"
5975020599,6208,422016,273,1,1,12,11,1,51,0.002,0.000,,,,,NVIDIA A100-SXM4-40GB MIG 4g.20gb (0),1,,13,"void channel_eq::eqMmseSoftDemapKernel<float, __half, __half, float, (unsigned int)4, (unsigned short)16383>(channel_eq::_puschRxChEqStatDescr *, channel_eq::_puschRxChEqSoftDemapDynDescr)"
5975027927,283389,422017,1,1,1,32,32,1,30,0.000,0.000,,,,,NVIDIA A100-SXM4-40GB MIG 4g.20gb (0),1,,13,"void convert_kernel<float2, __half2>(tensor_layout_any, T1 *, tensor_layout_any, const T2 *)"
5975312372,10911,422029,2253,1,1,128,1,1,16,0.000,0.000,,,,,NVIDIA A100-SXM4-40GB MIG 4g.20gb (0),1,,13,cupy_copy__float16_float16
5975327059,2688,422038,282,1,1,128,1,1,16,0.000,0.000,,,,,NVIDIA A100-SXM4-40GB MIG 4g.20gb (0),1,,13,cupy_copy__complex64_complex64
5975332467,2112,422047,26,1,1,128,1,1,16,0.000,0.000,,,,,NVIDIA A100-SXM4-40GB MIG 4g.20gb (0),1,,13,cupy_copy__float32_float32
5975336627,3680,422056,103,1,1,128,1,1,16,0.000,0.000,,,,,NVIDIA A100-SXM4-40GB MIG 4g.20gb (0),1,,13,cupy_copy__complex64_complex64
5975341299,11712,422066,1434,1,1,128,1,1,16,0.000,0.000,,,,,NVIDIA A100-SXM4-40GB MIG 4g.20gb (0),1,,13,cupy_copy__complex64_complex64
5975362067,86591,422071,1,1,1,32,32,1,30,0.000,0.000,,,,,NVIDIA A100-SXM4-40GB MIG 4g.20gb (0),1,,13,"void convert_kernel<__half2, float2>(tensor_layout_any, T1 *, tensor_layout_any, const T2 *)"
5975475794,5696,422074,,,,,,,,,,0.094,16449.363,Pinned,Device,NVIDIA A100-SXM4-40GB MIG 4g.20gb (0),1,,13,[CUDA memcpy Host-to-Device]
5975485809,598649,422075,,,,,,,,,,456.561,762457.605,Device,,NVIDIA A100-SXM4-40GB MIG 4g.20gb (0),1,,13,[CUDA memset]
5976090506,146142,422080,,,,,,,,,,1.235,8449.487,Pinned,Device,NVIDIA A100-SXM4-40GB MIG 4g.20gb (0),1,,13,[CUDA memcpy Host-to-Device]
5976250952,39840,422081,,,,,,,,,,0.197,4934.861,Pinned,Device,NVIDIA A100-SXM4-40GB MIG 4g.20gb (0),1,,13,[CUDA memcpy Host-to-Device]
5976321191,8032,422082,69,4,1,48,1,1,76,0.002,0.000,,,,,NVIDIA A100-SXM4-40GB MIG 4g.20gb (0),1,,13,"void ch_est::windowedChEstPreNoDftSOfdmKernel<float, __half, float, (unsigned int)2, (unsigned int)1, (unsigned short)4>(ch_est::puschRxChEstStatDescr_t *, ch_est::puschRxChEstDynDescr_t *)"
5976340391,6688,422083,137,2,1,24,2,1,44,0.001,0.001,,,,,NVIDIA A100-SXM4-40GB MIG 4g.20gb (0),1,,13,"void ch_est::chEstFilterNoDftSOfdmDispatchKernel<float, __half, float, (unsigned int)2>(ch_est::puschRxChEstStatDescr_t *, ch_est::puschRxChEstDynDescr_t *)"
5976357319,4768,422084,137,2,1,24,2,1,44,0.001,0.001,,,,,NVIDIA A100-SXM4-40GB MIG 4g.20gb (0),1,,13,"void ch_est::chEstFilterNoDftSOfdmDispatchKernel<float, __half, float, (unsigned int)2>(ch_est::puschRxChEstStatDescr_t *, ch_est::puschRxChEstDynDescr_t *)"
5976376966,2656,422095,103,1,1,128,1,1,16,0.000,0.000,,,,,NVIDIA A100-SXM4-40GB MIG 4g.20gb (0),1,,13,cupy_copy__complex64_complex64
5976393798,12416,422105,1434,1,1,128,1,1,16,0.000,0.000,,,,,NVIDIA A100-SXM4-40GB MIG 4g.20gb (0),1,,13,cupy_copy__complex64_complex64
5976413350,2944,422112,103,1,1,128,1,1,16,0.000,0.000,,,,,NVIDIA A100-SXM4-40GB MIG 4g.20gb (0),1,,13,cupy_copy__complex64_complex64
5976438374,83935,422119,1,1,1,32,32,1,30,0.000,0.000,,,,,NVIDIA A100-SXM4-40GB MIG 4g.20gb (0),1,,13,"void convert_kernel<__half2, float2>(tensor_layout_any, T1 *, tensor_layout_any, const T2 *)"
5976560484,22816,422122,,,,,,,,,,0.094,4106.508,Pinned,Device,NVIDIA A100-SXM4-40GB MIG 4g.20gb (0),1,,13,[CUDA memcpy Host-to-Device]
5976599140,47007,422123,,,,,,,,,,35.810,761784.428,Device,,NVIDIA A100-SXM4-40GB MIG 4g.20gb (0),1,,13,[CUDA memset]
5976650563,9440,422125,,,,,,,,,,0.000,8.475,Pinned,Device,NVIDIA A100-SXM4-40GB MIG 4g.20gb (0),1,,13,[CUDA memcpy Host-to-Device]
5976670371,19008,422126,,,,,,,,,,0.197,10343.350,Pinned,Device,NVIDIA A100-SXM4-40GB MIG 4g.20gb (0),1,,13,[CUDA memcpy Host-to-Device]
5976710722,9760,422127,273,1,1,48,1,1,40,0.000,0.001,,,,,NVIDIA A100-SXM4-40GB MIG 4g.20gb (0),1,,13,"void pusch_noise_intf_est::noiseIntfEstNoDftSOfdmKernel<float, __half, float, float, (unsigned int)2, (unsigned int)1, (unsigned char)4, (unsigned char)4>(pusch_noise_intf_est::puschRxNoiseIntfEstDynDescr)"
5976729058,2912,422138,35,1,1,128,1,1,16,0.000,0.000,,,,,NVIDIA A100-SXM4-40GB MIG 4g.20gb (0),1,,13,cupy_copy__complex64_complex64
5976740898,1792,422147,1,1,1,1,1,1,18,0.000,0.000,,,,,NVIDIA A100-SXM4-40GB MIG 4g.20gb (0),1,,13,cupy_copy__float32_float32
5976743810,2176,422153,,,,,,,,,,0.000,1.838,Device,Pageable,NVIDIA A100-SXM4-40GB MIG 4g.20gb (0),1,,7,[CUDA memcpy Device-to-Host]
5976812737,13216,422164,1434,1,1,128,1,1,16,0.000,0.000,,,,,NVIDIA A100-SXM4-40GB MIG 4g.20gb (0),1,,13,cupy_copy__complex64_complex64
5976836929,2944,422171,103,1,1,128,1,1,16,0.000,0.000,,,,,NVIDIA A100-SXM4-40GB MIG 4g.20gb (0),1,,13,cupy_copy__complex64_complex64
5976858625,2592,422178,35,1,1,128,1,1,16,0.000,0.000,,,,,NVIDIA A100-SXM4-40GB MIG 4g.20gb (0),1,,13,cupy_copy__complex64_complex64
5976876960,1984,422185,1,1,1,1,1,1,18,0.000,0.000,,,,,NVIDIA A100-SXM4-40GB MIG 4g.20gb (0),1,,13,cupy_copy__float32_float32
5977011647,82687,422196,1,1,1,32,32,1,30,0.000,0.000,,,,,NVIDIA A100-SXM4-40GB MIG 4g.20gb (0),1,,13,"void convert_kernel<__half2, float2>(tensor_layout_any, T1 *, tensor_layout_any, const T2 *)"
5977122461,6016,422199,,,,,,,,,,0.094,15574.430,Pinned,Device,NVIDIA A100-SXM4-40GB MIG 4g.20gb (0),1,,13,[CUDA memcpy Host-to-Device]
5977137501,3392,422200,,,,,,,,,,1.547,455961.768,Device,,NVIDIA A100-SXM4-40GB MIG 4g.20gb (0),1,,13,[CUDA memset]
5977143613,3584,422205,,,,,,,,,,0.031,8732.116,Pinned,Device,NVIDIA A100-SXM4-40GB MIG 4g.20gb (0),1,,13,[CUDA memcpy Host-to-Device]
5977149501,9568,422206,,,,,,,,,,0.197,20548.485,Pinned,Device,NVIDIA A100-SXM4-40GB MIG 4g.20gb (0),1,,13,[CUDA memcpy Host-to-Device]
5977165277,6592,422207,273,1,1,8,4,1,39,0.002,0.000,,,,,NVIDIA A100-SXM4-40GB MIG 4g.20gb (0),1,,13,"void channel_eq::eqMmseCoefCompLowMimoKernel<float, float, float, (unsigned int)4, (unsigned int)1, (unsigned int)4>(const channel_eq::_puschRxChEqStatDescr *, channel_eq::_puschRxChEqCoefCompDynDescr)"
5977174205,5856,422208,273,1,1,12,11,1,51,0.002,0.000,,,,,NVIDIA A100-SXM4-40GB MIG 4g.20gb (0),1,,13,"void channel_eq::eqMmseSoftDemapKernel<float, __half, __half, float, (unsigned int)4, (unsigned short)16383>(channel_eq::_puschRxChEqStatDescr *, channel_eq::_puschRxChEqSoftDemapDynDescr)"
5977181405,295260,422209,1,1,1,32,32,1,30,0.000,0.000,,,,,NVIDIA A100-SXM4-40GB MIG 4g.20gb (0),1,,13,"void convert_kernel<float2, __half2>(tensor_layout_any, T1 *, tensor_layout_any, const T2 *)"
5977477817,11104,422221,2253,1,1,128,1,1,16,0.000,0.000,,,,,NVIDIA A100-SXM4-40GB MIG 4g.20gb (0),1,,13,cupy_copy__float16_float16
5977492185,3584,422230,282,1,1,128,1,1,16,0.000,0.000,,,,,NVIDIA A100-SXM4-40GB MIG 4g.20gb (0),1,,13,cupy_copy__complex64_complex64
5977498681,2624,422239,26,1,1,128,1,1,16,0.000,0.000,,,,,NVIDIA A100-SXM4-40GB MIG 4g.20gb (0),1,,13,cupy_copy__float32_float32
5977502745,4576,422248,103,1,1,128,1,1,16,0.000,0.000,,,,,NVIDIA A100-SXM4-40GB MIG 4g.20gb (0),1,,13,cupy_copy__complex64_complex64
5977508281,11999,422258,1434,1,1,128,1,1,16,0.000,0.000,,,,,NVIDIA A100-SXM4-40GB MIG 4g.20gb (0),1,,13,cupy_copy__complex64_complex64
5977522904,80863,422263,1,1,1,32,32,1,30,0.000,0.000,,,,,NVIDIA A100-SXM4-40GB MIG 4g.20gb (0),1,,13,"void convert_kernel<__half2, float2>(tensor_layout_any, T1 *, tensor_layout_any, const T2 *)"
5977630999,5824,422266,,,,,,,,,,0.094,16087.884,Pinned,Device,NVIDIA A100-SXM4-40GB MIG 4g.20gb (0),1,,13,[CUDA memcpy Host-to-Device]
5977640695,598489,422267,,,,,,,,,,456.561,762457.605,Device,,NVIDIA A100-SXM4-40GB MIG 4g.20gb (0),1,,13,[CUDA memset]
5978244239,155967,422272,,,,,,,,,,1.235,7917.226,Pinned,Device,NVIDIA A100-SXM4-40GB MIG 4g.20gb (0),1,,13,[CUDA memcpy Host-to-Device]
5978413645,40192,422273,,,,,,,,,,0.197,4891.607,Pinned,Device,NVIDIA A100-SXM4-40GB MIG 4g.20gb (0),1,,13,[CUDA memcpy Host-to-Device]
5978484237,8191,422274,69,4,1,48,1,1,76,0.002,0.000,,,,,NVIDIA A100-SXM4-40GB MIG 4g.20gb (0),1,,13,"void ch_est::windowedChEstPreNoDftSOfdmKernel<float, __half, float, (unsigned int)2, (unsigned int)1, (unsigned short)4>(ch_est::puschRxChEstStatDescr_t *, ch_est::puschRxChEstDynDescr_t *)"
5978502252,6976,422275,137,2,1,24,2,1,44,0.001,0.001,,,,,NVIDIA A100-SXM4-40GB MIG 4g.20gb (0),1,,13,"void ch_est::chEstFilterNoDftSOfdmDispatchKernel<float, __half, float, (unsigned int)2>(ch_est::puschRxChEstStatDescr_t *, ch_est::puschRxChEstDynDescr_t *)"
5978519500,4672,422276,137,2,1,24,2,1,44,0.001,0.001,,,,,NVIDIA A100-SXM4-40GB MIG 4g.20gb (0),1,,13,"void ch_est::chEstFilterNoDftSOfdmDispatchKernel<float, __half, float, (unsigned int)2>(ch_est::puschRxChEstStatDescr_t *, ch_est::puschRxChEstDynDescr_t *)"
5978536236,2496,422287,103,1,1,128,1,1,16,0.000,0.000,,,,,NVIDIA A100-SXM4-40GB MIG 4g.20gb (0),1,,13,cupy_copy__complex64_complex64
5978555404,12352,422297,1434,1,1,128,1,1,16,0.000,0.000,,,,,NVIDIA A100-SXM4-40GB MIG 4g.20gb (0),1,,13,cupy_copy__complex64_complex64
5978577739,2528,422304,103,1,1,128,1,1,16,0.000,0.000,,,,,NVIDIA A100-SXM4-40GB MIG 4g.20gb (0),1,,13,cupy_copy__complex64_complex64
5978600011,100447,422311,1,1,1,32,32,1,30,0.000,0.000,,,,,NVIDIA A100-SXM4-40GB MIG 4g.20gb (0),1,,13,"void convert_kernel<__half2, float2>(tensor_layout_any, T1 *, tensor_layout_any, const T2 *)"
5978735945,26560,422314,,,,,,,,,,0.094,3527.654,Pinned,Device,NVIDIA A100-SXM4-40GB MIG 4g.20gb (0),1,,13,[CUDA memcpy Host-to-Device]
5978776777,46911,422315,,,,,,,,,,35.810,763324.255,Device,,NVIDIA A100-SXM4-40GB MIG 4g.20gb (0),1,,13,[CUDA memset]
5978829192,12448,422317,,,,,,,,,,0.000,6.427,Pinned,Device,NVIDIA A100-SXM4-40GB MIG 4g.20gb (0),1,,13,[CUDA memcpy Host-to-Device]
5978849192,35840,422318,,,,,,,,,,0.197,5485.560,Pinned,Device,NVIDIA A100-SXM4-40GB MIG 4g.20gb (0),1,,13,[CUDA memcpy Host-to-Device]
5978907687,10176,422319,273,1,1,48,1,1,40,0.000,0.001,,,,,NVIDIA A100-SXM4-40GB MIG 4g.20gb (0),1,,13,"void pusch_noise_intf_est::noiseIntfEstNoDftSOfdmKernel<float, __half, float, float, (unsigned int)2, (unsigned int)1, (unsigned char)4, (unsigned char)4>(pusch_noise_intf_est::puschRxNoiseIntfEstDynDescr)"
5978924839,2752,422330,35,1,1,128,1,1,16,0.000,0.000,,,,,NVIDIA A100-SXM4-40GB MIG 4g.20gb (0),1,,13,cupy_copy__complex64_complex64
5978941415,1792,422339,1,1,1,1,1,1,18,0.000,0.000,,,,,NVIDIA A100-SXM4-40GB MIG 4g.20gb (0),1,,13,cupy_copy__float32_float32
5978951527,6624,422345,,,,,,,,,,0.000,0.604,Device,Pageable,NVIDIA A100-SXM4-40GB MIG 4g.20gb (0),1,,7,[CUDA memcpy Device-to-Host]
5979050982,12767,422356,1434,1,1,128,1,1,16,0.000,0.000,,,,,NVIDIA A100-SXM4-40GB MIG 4g.20gb (0),1,,13,cupy_copy__complex64_complex64
5979075333,2656,422363,103,1,1,128,1,1,16,0.000,0.000,,,,,NVIDIA A100-SXM4-40GB MIG 4g.20gb (0),1,,13,cupy_copy__complex64_complex64
5979088901,2304,422370,35,1,1,128,1,1,16,0.000,0.000,,,,,NVIDIA A100-SXM4-40GB MIG 4g.20gb (0),1,,13,cupy_copy__complex64_complex64
5979104773,1920,422377,1,1,1,1,1,1,18,0.000,0.000,,,,,NVIDIA A100-SXM4-40GB MIG 4g.20gb (0),1,,13,cupy_copy__float32_float32
5979237219,82719,422388,1,1,1,32,32,1,30,0.000,0.000,,,,,NVIDIA A100-SXM4-40GB MIG 4g.20gb (0),1,,13,"void convert_kernel<__half2, float2>(tensor_layout_any, T1 *, tensor_layout_any, const T2 *)"
5979347234,5856,422391,,,,,,,,,,0.094,15999.997,Pinned,Device,NVIDIA A100-SXM4-40GB MIG 4g.20gb (0),1,,13,[CUDA memcpy Host-to-Device]
5979361890,3232,422392,,,,,,,,,,1.547,478533.199,Device,,NVIDIA A100-SXM4-40GB MIG 4g.20gb (0),1,,13,[CUDA memset]
5979368546,4320,422397,,,,,,,,,,0.031,7244.429,Pinned,Device,NVIDIA A100-SXM4-40GB MIG 4g.20gb (0),1,,13,[CUDA memcpy Host-to-Device]
5979375906,10047,422398,,,,,,,,,,0.197,19568.787,Pinned,Device,NVIDIA A100-SXM4-40GB MIG 4g.20gb (0),1,,13,[CUDA memcpy Host-to-Device]
5979390785,6272,422399,273,1,1,8,4,1,39,0.002,0.000,,,,,NVIDIA A100-SXM4-40GB MIG 4g.20gb (0),1,,13,"void channel_eq::eqMmseCoefCompLowMimoKernel<float, float, float, (unsigned int)4, (unsigned int)1, (unsigned int)4>(const channel_eq::_puschRxChEqStatDescr *, channel_eq::_puschRxChEqCoefCompDynDescr)"
5979398049,6304,422400,273,1,1,12,11,1,51,0.002,0.000,,,,,NVIDIA A100-SXM4-40GB MIG 4g.20gb (0),1,,13,"void channel_eq::eqMmseSoftDemapKernel<float, __half, __half, float, (unsigned int)4, (unsigned short)16383>(channel_eq::_puschRxChEqStatDescr *, channel_eq::_puschRxChEqSoftDemapDynDescr)"
5979405441,282621,422401,1,1,1,32,32,1,30,0.000,0.000,,,,,NVIDIA A100-SXM4-40GB MIG 4g.20gb (0),1,,13,"void convert_kernel<float2, __half2>(tensor_layout_any, T1 *, tensor_layout_any, const T2 *)"
5979689246,10944,422413,2253,1,1,128,1,1,16,0.000,0.000,,,,,NVIDIA A100-SXM4-40GB MIG 4g.20gb (0),1,,13,cupy_copy__float16_float16
5979701950,3263,422422,282,1,1,128,1,1,16,0.000,0.000,,,,,NVIDIA A100-SXM4-40GB MIG 4g.20gb (0),1,,13,cupy_copy__complex64_complex64
5979706429,2016,422431,26,1,1,128,1,1,16,0.000,0.000,,,,,NVIDIA A100-SXM4-40GB MIG 4g.20gb (0),1,,13,cupy_copy__float32_float32
5979712413,2976,422440,103,1,1,128,1,1,16,0.000,0.000,,,,,NVIDIA A100-SXM4-40GB MIG 4g.20gb (0),1,,13,cupy_copy__complex64_complex64
5979717853,11872,422450,1434,1,1,128,1,1,16,0.000,0.000,,,,,NVIDIA A100-SXM4-40GB MIG 4g.20gb (0),1,,13,cupy_copy__complex64_complex64
5979734781,81567,422455,1,1,1,32,32,1,30,0.000,0.000,,,,,NVIDIA A100-SXM4-40GB MIG 4g.20gb (0),1,,13,"void convert_kernel<__half2, float2>(tensor_layout_any, T1 *, tensor_layout_any, const T2 *)"
5979843324,5344,422458,,,,,,,,,,0.094,17532.864,Pinned,Device,NVIDIA A100-SXM4-40GB MIG 4g.20gb (0),1,,13,[CUDA memcpy Host-to-Device]
5979853788,597848,422459,,,,,,,,,,456.561,763370.728,Device,,NVIDIA A100-SXM4-40GB MIG 4g.20gb (0),1,,13,[CUDA memset]
5980457812,111583,422464,,,,,,,,,,1.235,11066.333,Pinned,Device,NVIDIA A100-SXM4-40GB MIG 4g.20gb (0),1,,13,[CUDA memcpy Host-to-Device]
5980581075,21823,422465,,,,,,,,,,0.197,9009.168,Pinned,Device,NVIDIA A100-SXM4-40GB MIG 4g.20gb (0),1,,13,[CUDA memcpy Host-to-Device]
5980613330,8320,422466,69,4,1,48,1,1,76,0.002,0.000,,,,,NVIDIA A100-SXM4-40GB MIG 4g.20gb (0),1,,13,"void ch_est::windowedChEstPreNoDftSOfdmKernel<float, __half, float, (unsigned int)2, (unsigned int)1, (unsigned short)4>(ch_est::puschRxChEstStatDescr_t *, ch_est::puschRxChEstDynDescr_t *)"
5980628210,7456,422467,137,2,1,24,2,1,44,0.001,0.001,,,,,NVIDIA A100-SXM4-40GB MIG 4g.20gb (0),1,,13,"void ch_est::chEstFilterNoDftSOfdmDispatchKernel<float, __half, float, (unsigned int)2>(ch_est::puschRxChEstStatDescr_t *, ch_est::puschRxChEstDynDescr_t *)"
5980642610,6272,422468,137,2,1,24,2,1,44,0.001,0.001,,,,,NVIDIA A100-SXM4-40GB MIG 4g.20gb (0),1,,13,"void ch_est::chEstFilterNoDftSOfdmDispatchKernel<float, __half, float, (unsigned int)2>(ch_est::puschRxChEstStatDescr_t *, ch_est::puschRxChEstDynDescr_t *)"
5980656178,3040,422479,103,1,1,128,1,1,16,0.000,0.000,,,,,NVIDIA A100-SXM4-40GB MIG 4g.20gb (0),1,,13,cupy_copy__complex64_complex64
5980662610,12832,422489,1434,1,1,128,1,1,16,0.000,0.000,,,,,NVIDIA A100-SXM4-40GB MIG 4g.20gb (0),1,,13,cupy_copy__complex64_complex64
5980676946,2719,422496,103,1,1,128,1,1,16,0.000,0.000,,,,,NVIDIA A100-SXM4-40GB MIG 4g.20gb (0),1,,13,cupy_copy__complex64_complex64
5980684593,88063,422503,1,1,1,32,32,1,30,0.000,0.000,,,,,NVIDIA A100-SXM4-40GB MIG 4g.20gb (0),1,,13,"void convert_kernel<__half2, float2>(tensor_layout_any, T1 *, tensor_layout_any, const T2 *)"
5980800272,6240,422506,,,,,,,,,,0.094,15015.346,Pinned,Device,NVIDIA A100-SXM4-40GB MIG 4g.20gb (0),1,,13,[CUDA memcpy Host-to-Device]
5980811920,47615,422507,,,,,,,,,,35.810,752044.130,Device,,NVIDIA A100-SXM4-40GB MIG 4g.20gb (0),1,,13,[CUDA memset]
5980864015,5152,422509,,,,,,,,,,0.000,15.528,Pinned,Device,NVIDIA A100-SXM4-40GB MIG 4g.20gb (0),1,,13,[CUDA memcpy Host-to-Device]
5980872879,14240,422510,,,,,,,,,,0.197,13806.600,Pinned,Device,NVIDIA A100-SXM4-40GB MIG 4g.20gb (0),1,,13,[CUDA memcpy Host-to-Device]
5980895727,9600,422511,273,1,1,48,1,1,40,0.000,0.001,,,,,NVIDIA A100-SXM4-40GB MIG 4g.20gb (0),1,,13,"void pusch_noise_intf_est::noiseIntfEstNoDftSOfdmKernel<float, __half, float, float, (unsigned int)2, (unsigned int)1, (unsigned char)4, (unsigned char)4>(pusch_noise_intf_est::puschRxNoiseIntfEstDynDescr)"
5980911087,3072,422522,35,1,1,128,1,1,16,0.000,0.000,,,,,NVIDIA A100-SXM4-40GB MIG 4g.20gb (0),1,,13,cupy_copy__complex64_complex64
5980923534,1888,422531,1,1,1,1,1,1,18,0.000,0.000,,,,,NVIDIA A100-SXM4-40GB MIG 4g.20gb (0),1,,13,cupy_copy__float32_float32
5980952654,1600,422537,,,,,,,,,,0.000,2.500,Device,Pageable,NVIDIA A100-SXM4-40GB MIG 4g.20gb (0),1,,7,[CUDA memcpy Device-to-Host]
5981012429,12992,422548,1434,1,1,128,1,1,16,0.000,0.000,,,,,NVIDIA A100-SXM4-40GB MIG 4g.20gb (0),1,,13,cupy_copy__complex64_complex64
5981039789,2880,422555,103,1,1,128,1,1,16,0.000,0.000,,,,,NVIDIA A100-SXM4-40GB MIG 4g.20gb (0),1,,13,cupy_copy__complex64_complex64
5981060045,2272,422562,35,1,1,128,1,1,16,0.000,0.000,,,,,NVIDIA A100-SXM4-40GB MIG 4g.20gb (0),1,,13,cupy_copy__complex64_complex64
5981082029,1792,422569,1,1,1,1,1,1,18,0.000,0.000,,,,,NVIDIA A100-SXM4-40GB MIG 4g.20gb (0),1,,13,cupy_copy__float32_float32
5981213771,83135,422580,1,1,1,32,32,1,30,0.000,0.000,,,,,NVIDIA A100-SXM4-40GB MIG 4g.20gb (0),1,,13,"void convert_kernel<__half2, float2>(tensor_layout_any, T1 *, tensor_layout_any, const T2 *)"
5981324618,5759,422583,,,,,,,,,,0.094,16269.467,Pinned,Device,NVIDIA A100-SXM4-40GB MIG 4g.20gb (0),1,,13,[CUDA memcpy Host-to-Device]
5981339241,3328,422584,,,,,,,,,,1.547,464729.580,Device,,NVIDIA A100-SXM4-40GB MIG 4g.20gb (0),1,,13,[CUDA memset]
5981345705,3232,422589,,,,,,,,,,0.031,9683.139,Pinned,Device,NVIDIA A100-SXM4-40GB MIG 4g.20gb (0),1,,13,[CUDA memcpy Host-to-Device]
5981351593,9376,422590,,,,,,,,,,0.197,20969.226,Pinned,Device,NVIDIA A100-SXM4-40GB MIG 4g.20gb (0),1,,13,[CUDA memcpy Host-to-Device]
5981367177,6368,422591,273,1,1,8,4,1,39,0.002,0.000,,,,,NVIDIA A100-SXM4-40GB MIG 4g.20gb (0),1,,13,"void channel_eq::eqMmseCoefCompLowMimoKernel<float, float, float, (unsigned int)4, (unsigned int)1, (unsigned int)4>(const channel_eq::_puschRxChEqStatDescr *, channel_eq::_puschRxChEqCoefCompDynDescr)"
5981375145,5728,422592,273,1,1,12,11,1,51,0.002,0.000,,,,,NVIDIA A100-SXM4-40GB MIG 4g.20gb (0),1,,13,"void channel_eq::eqMmseSoftDemapKernel<float, __half, __half, float, (unsigned int)4, (unsigned short)16383>(channel_eq::_puschRxChEqStatDescr *, channel_eq::_puschRxChEqSoftDemapDynDescr)"
5981381961,282044,422593,1,1,1,32,32,1,30,0.000,0.000,,,,,NVIDIA A100-SXM4-40GB MIG 4g.20gb (0),1,,13,"void convert_kernel<float2, __half2>(tensor_layout_any, T1 *, tensor_layout_any, const T2 *)"
5981667493,11008,422605,2253,1,1,128,1,1,16,0.000,0.000,,,,,NVIDIA A100-SXM4-40GB MIG 4g.20gb (0),1,,13,cupy_copy__float16_float16
5981681829,3744,422614,282,1,1,128,1,1,16,0.000,0.000,,,,,NVIDIA A100-SXM4-40GB MIG 4g.20gb (0),1,,13,cupy_copy__complex64_complex64
5981686949,2304,422623,26,1,1,128,1,1,16,0.000,0.000,,,,,NVIDIA A100-SXM4-40GB MIG 4g.20gb (0),1,,13,cupy_copy__float32_float32
5981692357,2880,422632,103,1,1,128,1,1,16,0.000,0.000,,,,,NVIDIA A100-SXM4-40GB MIG 4g.20gb (0),1,,13,cupy_copy__complex64_complex64
5981697605,12064,422642,1434,1,1,128,1,1,16,0.000,0.000,,,,,NVIDIA A100-SXM4-40GB MIG 4g.20gb (0),1,,13,cupy_copy__complex64_complex64
5981715173,81727,422647,1,1,1,32,32,1,30,0.000,0.000,,,,,NVIDIA A100-SXM4-40GB MIG 4g.20gb (0),1,,13,"void convert_kernel<__half2, float2>(tensor_layout_any, T1 *, tensor_layout_any, const T2 *)"
5981823843,5792,422650,,,,,,,,,,0.094,16176.708,Pinned,Device,NVIDIA A100-SXM4-40GB MIG 4g.20gb (0),1,,13,[CUDA memcpy Host-to-Device]
5981834147,598681,422651,,,,,,,,,,456.561,762457.605,Device,,NVIDIA A100-SXM4-40GB MIG 4g.20gb (0),1,,13,[CUDA memset]
5982442844,135198,422656,,,,,,,,,,1.235,9133.646,Pinned,Device,NVIDIA A100-SXM4-40GB MIG 4g.20gb (0),1,,13,[CUDA memcpy Host-to-Device]
5982589082,40543,422657,,,,,,,,,,0.197,4849.336,Pinned,Device,NVIDIA A100-SXM4-40GB MIG 4g.20gb (0),1,,13,[CUDA memcpy Host-to-Device]
5982658873,8288,422658,69,4,1,48,1,1,76,0.002,0.000,,,,,NVIDIA A100-SXM4-40GB MIG 4g.20gb (0),1,,13,"void ch_est::windowedChEstPreNoDftSOfdmKernel<float, __half, float, (unsigned int)2, (unsigned int)1, (unsigned short)4>(ch_est::puschRxChEstStatDescr_t *, ch_est::puschRxChEstDynDescr_t *)"
5982676409,6560,422659,137,2,1,24,2,1,44,0.001,0.001,,,,,NVIDIA A100-SXM4-40GB MIG 4g.20gb (0),1,,13,"void ch_est::chEstFilterNoDftSOfdmDispatchKernel<float, __half, float, (unsigned int)2>(ch_est::puschRxChEstStatDescr_t *, ch_est::puschRxChEstDynDescr_t *)"
5982695769,4768,422660,137,2,1,24,2,1,44,0.001,0.001,,,,,NVIDIA A100-SXM4-40GB MIG 4g.20gb (0),1,,13,"void ch_est::chEstFilterNoDftSOfdmDispatchKernel<float, __half, float, (unsigned int)2>(ch_est::puschRxChEstStatDescr_t *, ch_est::puschRxChEstDynDescr_t *)"
5982712824,2752,422671,103,1,1,128,1,1,16,0.000,0.000,,,,,NVIDIA A100-SXM4-40GB MIG 4g.20gb (0),1,,13,cupy_copy__complex64_complex64
5982729592,12320,422681,1434,1,1,128,1,1,16,0.000,0.000,,,,,NVIDIA A100-SXM4-40GB MIG 4g.20gb (0),1,,13,cupy_copy__complex64_complex64
5982747032,2880,422688,103,1,1,128,1,1,16,0.000,0.000,,,,,NVIDIA A100-SXM4-40GB MIG 4g.20gb (0),1,,13,cupy_copy__complex64_complex64
5982770200,84191,422695,1,1,1,32,32,1,30,0.000,0.000,,,,,NVIDIA A100-SXM4-40GB MIG 4g.20gb (0),1,,13,"void convert_kernel<__half2, float2>(tensor_layout_any, T1 *, tensor_layout_any, const T2 *)"
5982885654,13248,422698,,,,,,,,,,0.094,7072.455,Pinned,Device,NVIDIA A100-SXM4-40GB MIG 4g.20gb (0),1,,13,[CUDA memcpy Host-to-Device]
5982910870,47583,422699,,,,,,,,,,35.810,752545.469,Device,,NVIDIA A100-SXM4-40GB MIG 4g.20gb (0),1,,13,[CUDA memset]
5982964533,8288,422701,,,,,,,,,,0.000,9.652,Pinned,Device,NVIDIA A100-SXM4-40GB MIG 4g.20gb (0),1,,13,[CUDA memcpy Host-to-Device]
5982980821,14656,422702,,,,,,,,,,0.197,13414.760,Pinned,Device,NVIDIA A100-SXM4-40GB MIG 4g.20gb (0),1,,13,[CUDA memcpy Host-to-Device]
5983006325,9920,422703,273,1,1,48,1,1,40,0.000,0.001,,,,,NVIDIA A100-SXM4-40GB MIG 4g.20gb (0),1,,13,"void pusch_noise_intf_est::noiseIntfEstNoDftSOfdmKernel<float, __half, float, float, (unsigned int)2, (unsigned int)1, (unsigned char)4, (unsigned char)4>(pusch_noise_intf_est::puschRxNoiseIntfEstDynDescr)"
5983021877,2720,422714,35,1,1,128,1,1,16,0.000,0.000,,,,,NVIDIA A100-SXM4-40GB MIG 4g.20gb (0),1,,13,cupy_copy__complex64_complex64
5983030325,1727,422723,1,1,1,1,1,1,18,0.000,0.000,,,,,NVIDIA A100-SXM4-40GB MIG 4g.20gb (0),1,,13,cupy_copy__float32_float32
5983037620,5440,422729,,,,,,,,,,0.000,0.735,Device,Pageable,NVIDIA A100-SXM4-40GB MIG 4g.20gb (0),1,,7,[CUDA memcpy Device-to-Host]
5983105012,12991,422740,1434,1,1,128,1,1,16,0.000,0.000,,,,,NVIDIA A100-SXM4-40GB MIG 4g.20gb (0),1,,13,cupy_copy__complex64_complex64
5983131859,2720,422747,103,1,1,128,1,1,16,0.000,0.000,,,,,NVIDIA A100-SXM4-40GB MIG 4g.20gb (0),1,,13,cupy_copy__complex64_complex64
5983156691,2784,422754,35,1,1,128,1,1,16,0.000,0.000,,,,,NVIDIA A100-SXM4-40GB MIG 4g.20gb (0),1,,13,cupy_copy__complex64_complex64
5983175539,1760,422761,1,1,1,1,1,1,18,0.000,0.000,,,,,NVIDIA A100-SXM4-40GB MIG 4g.20gb (0),1,,13,cupy_copy__float32_float32
5983308337,87583,422772,1,1,1,32,32,1,30,0.000,0.000,,,,,NVIDIA A100-SXM4-40GB MIG 4g.20gb (0),1,,13,"void convert_kernel<__half2, float2>(tensor_layout_any, T1 *, tensor_layout_any, const T2 *)"
5983423312,6272,422775,,,,,,,,,,0.094,14938.703,Pinned,Device,NVIDIA A100-SXM4-40GB MIG 4g.20gb (0),1,,13,[CUDA memcpy Host-to-Device]
5983437296,3103,422776,,,,,,,,,,1.547,498427.423,Device,,NVIDIA A100-SXM4-40GB MIG 4g.20gb (0),1,,13,[CUDA memset]
5983444079,3264,422781,,,,,,,,,,0.031,9588.218,Pinned,Device,NVIDIA A100-SXM4-40GB MIG 4g.20gb (0),1,,13,[CUDA memcpy Host-to-Device]
5983449775,9568,422782,,,,,,,,,,0.197,20548.485,Pinned,Device,NVIDIA A100-SXM4-40GB MIG 4g.20gb (0),1,,13,[CUDA memcpy Host-to-Device]
5983467151,6176,422783,273,1,1,8,4,1,39,0.002,0.000,,,,,NVIDIA A100-SXM4-40GB MIG 4g.20gb (0),1,,13,"void channel_eq::eqMmseCoefCompLowMimoKernel<float, float, float, (unsigned int)4, (unsigned int)1, (unsigned int)4>(const channel_eq::_puschRxChEqStatDescr *, channel_eq::_puschRxChEqCoefCompDynDescr)"
5983476207,5632,422784,273,1,1,12,11,1,51,0.002,0.000,,,,,NVIDIA A100-SXM4-40GB MIG 4g.20gb (0),1,,13,"void channel_eq::eqMmseSoftDemapKernel<float, __half, __half, float, (unsigned int)4, (unsigned short)16383>(channel_eq::_puschRxChEqStatDescr *, channel_eq::_puschRxChEqSoftDemapDynDescr)"
5983482799,279644,422785,1,1,1,32,32,1,30,0.000,0.000,,,,,NVIDIA A100-SXM4-40GB MIG 4g.20gb (0),1,,13,"void convert_kernel<float2, __half2>(tensor_layout_any, T1 *, tensor_layout_any, const T2 *)"
5983763403,10912,422797,2253,1,1,128,1,1,16,0.000,0.000,,,,,NVIDIA A100-SXM4-40GB MIG 4g.20gb (0),1,,13,cupy_copy__float16_float16
5983776459,2848,422806,282,1,1,128,1,1,16,0.000,0.000,,,,,NVIDIA A100-SXM4-40GB MIG 4g.20gb (0),1,,13,cupy_copy__complex64_complex64
5983781035,2112,422815,26,1,1,128,1,1,16,0.000,0.000,,,,,NVIDIA A100-SXM4-40GB MIG 4g.20gb (0),1,,13,cupy_copy__float32_float32
5983785867,2944,422824,103,1,1,128,1,1,16,0.000,0.000,,,,,NVIDIA A100-SXM4-40GB MIG 4g.20gb (0),1,,13,cupy_copy__complex64_complex64
5983791755,12128,422834,1434,1,1,128,1,1,16,0.000,0.000,,,,,NVIDIA A100-SXM4-40GB MIG 4g.20gb (0),1,,13,cupy_copy__complex64_complex64
5983813163,87167,422839,1,1,1,32,32,1,30,0.000,0.000,,,,,NVIDIA A100-SXM4-40GB MIG 4g.20gb (0),1,,13,"void convert_kernel<__half2, float2>(tensor_layout_any, T1 *, tensor_layout_any, const T2 *)"
5983928265,5440,422842,,,,,,,,,,0.094,17223.480,Pinned,Device,NVIDIA A100-SXM4-40GB MIG 4g.20gb (0),1,,13,[CUDA memcpy Host-to-Device]
5983941257,599801,422843,,,,,,,,,,456.561,761087.920,Device,,NVIDIA A100-SXM4-40GB MIG 4g.20gb (0),1,,13,[CUDA memset]
5984544994,125758,422848,,,,,,,,,,1.235,9819.040,Pinned,Device,NVIDIA A100-SXM4-40GB MIG 4g.20gb (0),1,,13,[CUDA memcpy Host-to-Device]
5984683648,41280,422849,,,,,,,,,,0.197,4762.632,Pinned,Device,NVIDIA A100-SXM4-40GB MIG 4g.20gb (0),1,,13,[CUDA memcpy Host-to-Device]
5984742847,8448,422850,69,4,1,48,1,1,76,0.002,0.000,,,,,NVIDIA A100-SXM4-40GB MIG 4g.20gb (0),1,,13,"void ch_est::windowedChEstPreNoDftSOfdmKernel<float, __half, float, (unsigned int)2, (unsigned int)1, (unsigned short)4>(ch_est::puschRxChEstStatDescr_t *, ch_est::puschRxChEstDynDescr_t *)"
5984762559,6720,422851,137,2,1,24,2,1,44,0.001,0.001,,,,,NVIDIA A100-SXM4-40GB MIG 4g.20gb (0),1,,13,"void ch_est::chEstFilterNoDftSOfdmDispatchKernel<float, __half, float, (unsigned int)2>(ch_est::puschRxChEstStatDescr_t *, ch_est::puschRxChEstDynDescr_t *)"
5984779487,4736,422852,137,2,1,24,2,1,44,0.001,0.001,,,,,NVIDIA A100-SXM4-40GB MIG 4g.20gb (0),1,,13,"void ch_est::chEstFilterNoDftSOfdmDispatchKernel<float, __half, float, (unsigned int)2>(ch_est::puschRxChEstStatDescr_t *, ch_est::puschRxChEstDynDescr_t *)"
5984799039,2592,422863,103,1,1,128,1,1,16,0.000,0.000,,,,,NVIDIA A100-SXM4-40GB MIG 4g.20gb (0),1,,13,cupy_copy__complex64_complex64
5984815583,12383,422873,1434,1,1,128,1,1,16,0.000,0.000,,,,,NVIDIA A100-SXM4-40GB MIG 4g.20gb (0),1,,13,cupy_copy__complex64_complex64
5984835198,2560,422880,103,1,1,128,1,1,16,0.000,0.000,,,,,NVIDIA A100-SXM4-40GB MIG 4g.20gb (0),1,,13,cupy_copy__complex64_complex64
5984858238,100639,422887,1,1,1,32,32,1,30,0.000,0.000,,,,,NVIDIA A100-SXM4-40GB MIG 4g.20gb (0),1,,13,"void convert_kernel<__half2, float2>(tensor_layout_any, T1 *, tensor_layout_any, const T2 *)"
5984989596,25408,422890,,,,,,,,,,0.094,3687.593,Pinned,Device,NVIDIA A100-SXM4-40GB MIG 4g.20gb (0),1,,13,[CUDA memcpy Host-to-Device]
5985026876,46879,422891,,,,,,,,,,35.810,763861.404,Device,,NVIDIA A100-SXM4-40GB MIG 4g.20gb (0),1,,13,[CUDA memset]
5985081307,14016,422893,,,,,,,,,,0.000,5.708,Pinned,Device,NVIDIA A100-SXM4-40GB MIG 4g.20gb (0),1,,13,[CUDA memcpy Host-to-Device]
5985103931,29216,422894,,,,,,,,,,0.197,6729.302,Pinned,Device,NVIDIA A100-SXM4-40GB MIG 4g.20gb (0),1,,13,[CUDA memcpy Host-to-Device]
5985154810,10080,422895,273,1,1,48,1,1,40,0.000,0.001,,,,,NVIDIA A100-SXM4-40GB MIG 4g.20gb (0),1,,13,"void pusch_noise_intf_est::noiseIntfEstNoDftSOfdmKernel<float, __half, float, float, (unsigned int)2, (unsigned int)1, (unsigned char)4, (unsigned char)4>(pusch_noise_intf_est::puschRxNoiseIntfEstDynDescr)"
5985170970,2752,422906,35,1,1,128,1,1,16,0.000,0.000,,,,,NVIDIA A100-SXM4-40GB MIG 4g.20gb (0),1,,13,cupy_copy__complex64_complex64
5985185146,1728,422915,1,1,1,1,1,1,18,0.000,0.000,,,,,NVIDIA A100-SXM4-40GB MIG 4g.20gb (0),1,,13,cupy_copy__float32_float32
5985189658,4704,422921,,,,,,,,,,0.000,0.850,Device,Pageable,NVIDIA A100-SXM4-40GB MIG 4g.20gb (0),1,,7,[CUDA memcpy Device-to-Host]
5985269977,12704,422932,1434,1,1,128,1,1,16,0.000,0.000,,,,,NVIDIA A100-SXM4-40GB MIG 4g.20gb (0),1,,13,cupy_copy__complex64_complex64
5985299289,2944,422939,103,1,1,128,1,1,16,0.000,0.000,,,,,NVIDIA A100-SXM4-40GB MIG 4g.20gb (0),1,,13,cupy_copy__complex64_complex64
5985320728,2592,422946,35,1,1,128,1,1,16,0.000,0.000,,,,,NVIDIA A100-SXM4-40GB MIG 4g.20gb (0),1,,13,cupy_copy__complex64_complex64
5985343032,1888,422953,1,1,1,1,1,1,18,0.000,0.000,,,,,NVIDIA A100-SXM4-40GB MIG 4g.20gb (0),1,,13,cupy_copy__float32_float32
5985469782,87327,422964,1,1,1,32,32,1,30,0.000,0.000,,,,,NVIDIA A100-SXM4-40GB MIG 4g.20gb (0),1,,13,"void convert_kernel<__half2, float2>(tensor_layout_any, T1 *, tensor_layout_any, const T2 *)"
5985585045,5632,422967,,,,,,,,,,0.094,16636.287,Pinned,Device,NVIDIA A100-SXM4-40GB MIG 4g.20gb (0),1,,13,[CUDA memcpy Host-to-Device]
5985598421,3168,422968,,,,,,,,,,1.547,488201.145,Device,,NVIDIA A100-SXM4-40GB MIG 4g.20gb (0),1,,13,[CUDA memset]
5985605269,3488,422973,,,,,,,,,,0.031,8972.469,Pinned,Device,NVIDIA A100-SXM4-40GB MIG 4g.20gb (0),1,,13,[CUDA memcpy Host-to-Device]
5985611253,9824,422974,,,,,,,,,,0.197,20012.925,Pinned,Device,NVIDIA A100-SXM4-40GB MIG 4g.20gb (0),1,,13,[CUDA memcpy Host-to-Device]
5985624533,7871,422975,273,1,1,8,4,1,39,0.002,0.000,,,,,NVIDIA A100-SXM4-40GB MIG 4g.20gb (0),1,,13,"void channel_eq::eqMmseCoefCompLowMimoKernel<float, float, float, (unsigned int)4, (unsigned int)1, (unsigned int)4>(const channel_eq::_puschRxChEqStatDescr *, channel_eq::_puschRxChEqCoefCompDynDescr)"
5985635604,6080,422976,273,1,1,12,11,1,51,0.002,0.000,,,,,NVIDIA A100-SXM4-40GB MIG 4g.20gb (0),1,,13,"void channel_eq::eqMmseSoftDemapKernel<float, __half, __half, float, (unsigned int)4, (unsigned short)16383>(channel_eq::_puschRxChEqStatDescr *, channel_eq::_puschRxChEqSoftDemapDynDescr)"
5985644884,294557,422977,1,1,1,32,32,1,30,0.000,0.000,,,,,NVIDIA A100-SXM4-40GB MIG 4g.20gb (0),1,,13,"void convert_kernel<float2, __half2>(tensor_layout_any, T1 *, tensor_layout_any, const T2 *)"
5985941809,10912,422989,2253,1,1,128,1,1,16,0.000,0.000,,,,,NVIDIA A100-SXM4-40GB MIG 4g.20gb (0),1,,13,cupy_copy__float16_float16
5985955408,3328,422998,282,1,1,128,1,1,16,0.000,0.000,,,,,NVIDIA A100-SXM4-40GB MIG 4g.20gb (0),1,,13,cupy_copy__complex64_complex64
5985962288,2368,423007,26,1,1,128,1,1,16,0.000,0.000,,,,,NVIDIA A100-SXM4-40GB MIG 4g.20gb (0),1,,13,cupy_copy__float32_float32
5985965712,2880,423016,103,1,1,128,1,1,16,0.000,0.000,,,,,NVIDIA A100-SXM4-40GB MIG 4g.20gb (0),1,,13,cupy_copy__complex64_complex64
5985972400,11904,423026,1434,1,1,128,1,1,16,0.000,0.000,,,,,NVIDIA A100-SXM4-40GB MIG 4g.20gb (0),1,,13,cupy_copy__complex64_complex64
5985987216,88287,423031,1,1,1,32,32,1,30,0.000,0.000,,,,,NVIDIA A100-SXM4-40GB MIG 4g.20gb (0),1,,13,"void convert_kernel<__half2, float2>(tensor_layout_any, T1 *, tensor_layout_any, const T2 *)"
5986103375,5568,423034,,,,,,,,,,0.094,16827.521,Pinned,Device,NVIDIA A100-SXM4-40GB MIG 4g.20gb (0),1,,13,[CUDA memcpy Host-to-Device]
5986116110,595545,423035,,,,,,,,,,456.561,766566.658,Device,,NVIDIA A100-SXM4-40GB MIG 4g.20gb (0),1,,13,[CUDA memset]
5986720519,182622,423040,,,,,,,,,,1.235,6761.318,Pinned,Device,NVIDIA A100-SXM4-40GB MIG 4g.20gb (0),1,,13,[CUDA memcpy Host-to-Device]
5986912389,34271,423041,,,,,,,,,,0.197,5736.825,Pinned,Device,NVIDIA A100-SXM4-40GB MIG 4g.20gb (0),1,,13,[CUDA memcpy Host-to-Device]
5986969508,7936,423042,69,4,1,48,1,1,76,0.002,0.000,,,,,NVIDIA A100-SXM4-40GB MIG 4g.20gb (0),1,,13,"void ch_est::windowedChEstPreNoDftSOfdmKernel<float, __half, float, (unsigned int)2, (unsigned int)1, (unsigned short)4>(ch_est::puschRxChEstStatDescr_t *, ch_est::puschRxChEstDynDescr_t *)"
5986981764,6912,423043,137,2,1,24,2,1,44,0.001,0.001,,,,,NVIDIA A100-SXM4-40GB MIG 4g.20gb (0),1,,13,"void ch_est::chEstFilterNoDftSOfdmDispatchKernel<float, __half, float, (unsigned int)2>(ch_est::puschRxChEstStatDescr_t *, ch_est::puschRxChEstDynDescr_t *)"
5986994372,4800,423044,137,2,1,24,2,1,44,0.001,0.001,,,,,NVIDIA A100-SXM4-40GB MIG 4g.20gb (0),1,,13,"void ch_est::chEstFilterNoDftSOfdmDispatchKernel<float, __half, float, (unsigned int)2>(ch_est::puschRxChEstStatDescr_t *, ch_est::puschRxChEstDynDescr_t *)"
5987018659,2496,423055,103,1,1,128,1,1,16,0.000,0.000,,,,,NVIDIA A100-SXM4-40GB MIG 4g.20gb (0),1,,13,cupy_copy__complex64_complex64
5987034339,12608,423065,1434,1,1,128,1,1,16,0.000,0.000,,,,,NVIDIA A100-SXM4-40GB MIG 4g.20gb (0),1,,13,cupy_copy__complex64_complex64
5987074371,2528,423072,103,1,1,128,1,1,16,0.000,0.000,,,,,NVIDIA A100-SXM4-40GB MIG 4g.20gb (0),1,,13,cupy_copy__complex64_complex64
5987090082,93887,423079,1,1,1,32,32,1,30,0.000,0.000,,,,,NVIDIA A100-SXM4-40GB MIG 4g.20gb (0),1,,13,"void convert_kernel<__half2, float2>(tensor_layout_any, T1 *, tensor_layout_any, const T2 *)"
5987221857,22464,423082,,,,,,,,,,0.094,4170.877,Pinned,Device,NVIDIA A100-SXM4-40GB MIG 4g.20gb (0),1,,13,[CUDA memcpy Host-to-Device]
5987260832,46720,423083,,,,,,,,,,35.810,766475.528,Device,,NVIDIA A100-SXM4-40GB MIG 4g.20gb (0),1,,13,[CUDA memset]
5987315008,14368,423085,,,,,,,,,,0.000,5.568,Pinned,Device,NVIDIA A100-SXM4-40GB MIG 4g.20gb (0),1,,13,[CUDA memcpy Host-to-Device]
5987336191,33088,423086,,,,,,,,,,0.197,5941.887,Pinned,Device,NVIDIA A100-SXM4-40GB MIG 4g.20gb (0),1,,13,[CUDA memcpy Host-to-Device]
5987385343,9440,423087,273,1,1,48,1,1,40,0.000,0.001,,,,,NVIDIA A100-SXM4-40GB MIG 4g.20gb (0),1,,13,"void pusch_noise_intf_est::noiseIntfEstNoDftSOfdmKernel<float, __half, float, float, (unsigned int)2, (unsigned int)1, (unsigned char)4, (unsigned char)4>(pusch_noise_intf_est::puschRxNoiseIntfEstDynDescr)"
5987404735,2560,423098,35,1,1,128,1,1,16,0.000,0.000,,,,,NVIDIA A100-SXM4-40GB MIG 4g.20gb (0),1,,13,cupy_copy__complex64_complex64
5987421246,1728,423107,1,1,1,1,1,1,18,0.000,0.000,,,,,NVIDIA A100-SXM4-40GB MIG 4g.20gb (0),1,,13,cupy_copy__float32_float32
5987426750,6304,423113,,,,,,,,,,0.000,0.635,Device,Pageable,NVIDIA A100-SXM4-40GB MIG 4g.20gb (0),1,,7,[CUDA memcpy Device-to-Host]
5987530045,12864,423124,1434,1,1,128,1,1,16,0.000,0.000,,,,,NVIDIA A100-SXM4-40GB MIG 4g.20gb (0),1,,13,cupy_copy__complex64_complex64
5987555325,2784,423131,103,1,1,128,1,1,16,0.000,0.000,,,,,NVIDIA A100-SXM4-40GB MIG 4g.20gb (0),1,,13,cupy_copy__complex64_complex64
5987575357,2527,423138,35,1,1,128,1,1,16,0.000,0.000,,,,,NVIDIA A100-SXM4-40GB MIG 4g.20gb (0),1,,13,cupy_copy__complex64_complex64
5987596956,1824,423145,1,1,1,1,1,1,18,0.000,0.000,,,,,NVIDIA A100-SXM4-40GB MIG 4g.20gb (0),1,,13,cupy_copy__float32_float32
5987724443,87135,423156,1,1,1,32,32,1,30,0.000,0.000,,,,,NVIDIA A100-SXM4-40GB MIG 4g.20gb (0),1,,13,"void convert_kernel<__half2, float2>(tensor_layout_any, T1 *, tensor_layout_any, const T2 *)"
5987842969,6208,423159,,,,,,,,,,0.094,15092.739,Pinned,Device,NVIDIA A100-SXM4-40GB MIG 4g.20gb (0),1,,13,[CUDA memcpy Host-to-Device]
5987861561,3488,423160,,,,,,,,,,1.547,443412.461,Device,,NVIDIA A100-SXM4-40GB MIG 4g.20gb (0),1,,13,[CUDA memset]
5987871161,6176,423165,,,,,,,,,,0.031,5067.354,Pinned,Device,NVIDIA A100-SXM4-40GB MIG 4g.20gb (0),1,,13,[CUDA memcpy Host-to-Device]
5987882297,15296,423166,,,,,,,,,,0.197,12853.445,Pinned,Device,NVIDIA A100-SXM4-40GB MIG 4g.20gb (0),1,,13,[CUDA memcpy Host-to-Device]
5987907320,6208,423167,273,1,1,8,4,1,39,0.002,0.000,,,,,NVIDIA A100-SXM4-40GB MIG 4g.20gb (0),1,,13,"void channel_eq::eqMmseCoefCompLowMimoKernel<float, float, float, (unsigned int)4, (unsigned int)1, (unsigned int)4>(const channel_eq::_puschRxChEqStatDescr *, channel_eq::_puschRxChEqCoefCompDynDescr)"
5987915192,8352,423168,273,1,1,12,11,1,51,0.002,0.000,,,,,NVIDIA A100-SXM4-40GB MIG 4g.20gb (0),1,,13,"void channel_eq::eqMmseSoftDemapKernel<float, __half, __half, float, (unsigned int)4, (unsigned short)16383>(channel_eq::_puschRxChEqStatDescr *, channel_eq::_puschRxChEqSoftDemapDynDescr)"
5987930136,290781,423169,1,1,1,32,32,1,30,0.000,0.000,,,,,NVIDIA A100-SXM4-40GB MIG 4g.20gb (0),1,,13,"void convert_kernel<float2, __half2>(tensor_layout_any, T1 *, tensor_layout_any, const T2 *)"
5988225461,10879,423181,2253,1,1,128,1,1,16,0.000,0.000,,,,,NVIDIA A100-SXM4-40GB MIG 4g.20gb (0),1,,13,cupy_copy__float16_float16
5988238580,3136,423190,282,1,1,128,1,1,16,0.000,0.000,,,,,NVIDIA A100-SXM4-40GB MIG 4g.20gb (0),1,,13,cupy_copy__complex64_complex64
5988242996,2272,423199,26,1,1,128,1,1,16,0.000,0.000,,,,,NVIDIA A100-SXM4-40GB MIG 4g.20gb (0),1,,13,cupy_copy__float32_float32
5988248436,2848,423208,103,1,1,128,1,1,16,0.000,0.000,,,,,NVIDIA A100-SXM4-40GB MIG 4g.20gb (0),1,,13,cupy_copy__complex64_complex64
5988254676,12000,423218,1434,1,1,128,1,1,16,0.000,0.000,,,,,NVIDIA A100-SXM4-40GB MIG 4g.20gb (0),1,,13,cupy_copy__complex64_complex64
5988268628,87295,423223,1,1,1,32,32,1,30,0.000,0.000,,,,,NVIDIA A100-SXM4-40GB MIG 4g.20gb (0),1,,13,"void convert_kernel<__half2, float2>(tensor_layout_any, T1 *, tensor_layout_any, const T2 *)"
5988382931,5663,423226,,,,,,,,,,0.094,16545.214,Pinned,Device,NVIDIA A100-SXM4-40GB MIG 4g.20gb (0),1,,13,[CUDA memcpy Host-to-Device]
5988393490,602425,423227,,,,,,,,,,456.561,757435.429,Device,,NVIDIA A100-SXM4-40GB MIG 4g.20gb (0),1,,13,[CUDA memset]
5988999307,123902,423232,,,,,,,,,,1.235,9965.998,Pinned,Device,NVIDIA A100-SXM4-40GB MIG 4g.20gb (0),1,,13,[CUDA memcpy Host-to-Device]
5989126953,21984,423233,,,,,,,,,,0.197,8943.108,Pinned,Device,NVIDIA A100-SXM4-40GB MIG 4g.20gb (0),1,,13,[CUDA memcpy Host-to-Device]
5989157609,8736,423234,69,4,1,48,1,1,76,0.002,0.000,,,,,NVIDIA A100-SXM4-40GB MIG 4g.20gb (0),1,,13,"void ch_est::windowedChEstPreNoDftSOfdmKernel<float, __half, float, (unsigned int)2, (unsigned int)1, (unsigned short)4>(ch_est::puschRxChEstStatDescr_t *, ch_est::puschRxChEstDynDescr_t *)"
5989173641,7008,423235,137,2,1,24,2,1,44,0.001,0.001,,,,,NVIDIA A100-SXM4-40GB MIG 4g.20gb (0),1,,13,"void ch_est::chEstFilterNoDftSOfdmDispatchKernel<float, __half, float, (unsigned int)2>(ch_est::puschRxChEstStatDescr_t *, ch_est::puschRxChEstDynDescr_t *)"
5989187913,5088,423236,137,2,1,24,2,1,44,0.001,0.001,,,,,NVIDIA A100-SXM4-40GB MIG 4g.20gb (0),1,,13,"void ch_est::chEstFilterNoDftSOfdmDispatchKernel<float, __half, float, (unsigned int)2>(ch_est::puschRxChEstStatDescr_t *, ch_est::puschRxChEstDynDescr_t *)"
5989196009,2432,423247,103,1,1,128,1,1,16,0.000,0.000,,,,,NVIDIA A100-SXM4-40GB MIG 4g.20gb (0),1,,13,cupy_copy__complex64_complex64
5989203816,12864,423257,1434,1,1,128,1,1,16,0.000,0.000,,,,,NVIDIA A100-SXM4-40GB MIG 4g.20gb (0),1,,13,cupy_copy__complex64_complex64
5989219880,3040,423264,103,1,1,128,1,1,16,0.000,0.000,,,,,NVIDIA A100-SXM4-40GB MIG 4g.20gb (0),1,,13,cupy_copy__complex64_complex64
5989227880,91967,423271,1,1,1,32,32,1,30,0.000,0.000,,,,,NVIDIA A100-SXM4-40GB MIG 4g.20gb (0),1,,13,"void convert_kernel<__half2, float2>(tensor_layout_any, T1 *, tensor_layout_any, const T2 *)"
5989350983,12415,423274,,,,,,,,,,0.094,7546.932,Pinned,Device,NVIDIA A100-SXM4-40GB MIG 4g.20gb (0),1,,13,[CUDA memcpy Host-to-Device]
5989369702,46176,423275,,,,,,,,,,35.810,775499.628,Device,,NVIDIA A100-SXM4-40GB MIG 4g.20gb (0),1,,13,[CUDA memset]
5989417958,8288,423277,,,,,,,,,,0.000,9.652,Pinned,Device,NVIDIA A100-SXM4-40GB MIG 4g.20gb (0),1,,13,[CUDA memcpy Host-to-Device]
5989430534,18911,423278,,,,,,,,,,0.197,10396.434,Pinned,Device,NVIDIA A100-SXM4-40GB MIG 4g.20gb (0),1,,13,[CUDA memcpy Host-to-Device]
5989461733,9440,423279,273,1,1,48,1,1,40,0.000,0.001,,,,,NVIDIA A100-SXM4-40GB MIG 4g.20gb (0),1,,13,"void pusch_noise_intf_est::noiseIntfEstNoDftSOfdmKernel<float, __half, float, float, (unsigned int)2, (unsigned int)1, (unsigned char)4, (unsigned char)4>(pusch_noise_intf_est::puschRxNoiseIntfEstDynDescr)"
5989478373,2720,423290,35,1,1,128,1,1,16,0.000,0.000,,,,,NVIDIA A100-SXM4-40GB MIG 4g.20gb (0),1,,13,cupy_copy__complex64_complex64
5989485253,1696,423299,1,1,1,1,1,1,18,0.000,0.000,,,,,NVIDIA A100-SXM4-40GB MIG 4g.20gb (0),1,,13,cupy_copy__float32_float32
5989505701,1920,423305,,,,,,,,,,0.000,2.083,Device,Pageable,NVIDIA A100-SXM4-40GB MIG 4g.20gb (0),1,,7,[CUDA memcpy Device-to-Host]
5989567524,12768,423316,1434,1,1,128,1,1,16,0.000,0.000,,,,,NVIDIA A100-SXM4-40GB MIG 4g.20gb (0),1,,13,cupy_copy__complex64_complex64
5989595268,3392,423323,103,1,1,128,1,1,16,0.000,0.000,,,,,NVIDIA A100-SXM4-40GB MIG 4g.20gb (0),1,,13,cupy_copy__complex64_complex64
5989615427,2208,423330,35,1,1,128,1,1,16,0.000,0.000,,,,,NVIDIA A100-SXM4-40GB MIG 4g.20gb (0),1,,13,cupy_copy__complex64_complex64
5989634723,1760,423337,1,1,1,1,1,1,18,0.000,0.000,,,,,NVIDIA A100-SXM4-40GB MIG 4g.20gb (0),1,,13,cupy_copy__float32_float32
5989765026,81951,423348,1,1,1,32,32,1,30,0.000,0.000,,,,,NVIDIA A100-SXM4-40GB MIG 4g.20gb (0),1,,13,"void convert_kernel<__half2, float2>(tensor_layout_any, T1 *, tensor_layout_any, const T2 *)"
5989875104,5920,423351,,,,,,,,,,0.094,15826.941,Pinned,Device,NVIDIA A100-SXM4-40GB MIG 4g.20gb (0),1,,13,[CUDA memcpy Host-to-Device]
5989889888,3424,423352,,,,,,,,,,1.547,451700.819,Device,,NVIDIA A100-SXM4-40GB MIG 4g.20gb (0),1,,13,[CUDA memset]
5989896384,3168,423357,,,,,,,,,,0.031,9878.770,Pinned,Device,NVIDIA A100-SXM4-40GB MIG 4g.20gb (0),1,,13,[CUDA memcpy Host-to-Device]
5989902368,9376,423358,,,,,,,,,,0.197,20969.226,Pinned,Device,NVIDIA A100-SXM4-40GB MIG 4g.20gb (0),1,,13,[CUDA memcpy Host-to-Device]
5989917408,8192,423359,273,1,1,8,4,1,39,0.002,0.000,,,,,NVIDIA A100-SXM4-40GB MIG 4g.20gb (0),1,,13,"void channel_eq::eqMmseCoefCompLowMimoKernel<float, float, float, (unsigned int)4, (unsigned int)1, (unsigned int)4>(const channel_eq::_puschRxChEqStatDescr *, channel_eq::_puschRxChEqCoefCompDynDescr)"
5989926624,7583,423360,273,1,1,12,11,1,51,0.002,0.000,,,,,NVIDIA A100-SXM4-40GB MIG 4g.20gb (0),1,,13,"void channel_eq::eqMmseSoftDemapKernel<float, __half, __half, float, (unsigned int)4, (unsigned short)16383>(channel_eq::_puschRxChEqStatDescr *, channel_eq::_puschRxChEqSoftDemapDynDescr)"
5989935135,282845,423361,1,1,1,32,32,1,30,0.000,0.000,,,,,NVIDIA A100-SXM4-40GB MIG 4g.20gb (0),1,,13,"void convert_kernel<float2, __half2>(tensor_layout_any, T1 *, tensor_layout_any, const T2 *)"
5990219100,10944,423373,2253,1,1,128,1,1,16,0.000,0.000,,,,,NVIDIA A100-SXM4-40GB MIG 4g.20gb (0),1,,13,cupy_copy__float16_float16
5990231644,3808,423382,282,1,1,128,1,1,16,0.000,0.000,,,,,NVIDIA A100-SXM4-40GB MIG 4g.20gb (0),1,,13,cupy_copy__complex64_complex64
5990236988,2112,423391,26,1,1,128,1,1,16,0.000,0.000,,,,,NVIDIA A100-SXM4-40GB MIG 4g.20gb (0),1,,13,cupy_copy__float32_float32
5990240892,3360,423400,103,1,1,128,1,1,16,0.000,0.000,,,,,NVIDIA A100-SXM4-40GB MIG 4g.20gb (0),1,,13,cupy_copy__complex64_complex64
5990246108,12063,423410,1434,1,1,128,1,1,16,0.000,0.000,,,,,NVIDIA A100-SXM4-40GB MIG 4g.20gb (0),1,,13,cupy_copy__complex64_complex64
5990265659,82495,423415,1,1,1,32,32,1,30,0.000,0.000,,,,,NVIDIA A100-SXM4-40GB MIG 4g.20gb (0),1,,13,"void convert_kernel<__half2, float2>(tensor_layout_any, T1 *, tensor_layout_any, const T2 *)"
5990374586,5568,423418,,,,,,,,,,0.094,16827.521,Pinned,Device,NVIDIA A100-SXM4-40GB MIG 4g.20gb (0),1,,13,[CUDA memcpy Host-to-Device]
5990384794,597369,423419,,,,,,,,,,456.561,764283.851,Device,,NVIDIA A100-SXM4-40GB MIG 4g.20gb (0),1,,13,[CUDA memset]
5990993650,137951,423424,,,,,,,,,,1.235,8950.874,Pinned,Device,NVIDIA A100-SXM4-40GB MIG 4g.20gb (0),1,,13,[CUDA memcpy Host-to-Device]
5991144145,39711,423425,,,,,,,,,,0.197,4950.786,Pinned,Device,NVIDIA A100-SXM4-40GB MIG 4g.20gb (0),1,,13,[CUDA memcpy Host-to-Device]
5991214032,8320,423426,69,4,1,48,1,1,76,0.002,0.000,,,,,NVIDIA A100-SXM4-40GB MIG 4g.20gb (0),1,,13,"void ch_est::windowedChEstPreNoDftSOfdmKernel<float, __half, float, (unsigned int)2, (unsigned int)1, (unsigned short)4>(ch_est::puschRxChEstStatDescr_t *, ch_est::puschRxChEstDynDescr_t *)"
5991233743,6944,423427,137,2,1,24,2,1,44,0.001,0.001,,,,,NVIDIA A100-SXM4-40GB MIG 4g.20gb (0),1,,13,"void ch_est::chEstFilterNoDftSOfdmDispatchKernel<float, __half, float, (unsigned int)2>(ch_est::puschRxChEstStatDescr_t *, ch_est::puschRxChEstDynDescr_t *)"
5991251631,4736,423428,137,2,1,24,2,1,44,0.001,0.001,,,,,NVIDIA A100-SXM4-40GB MIG 4g.20gb (0),1,,13,"void ch_est::chEstFilterNoDftSOfdmDispatchKernel<float, __half, float, (unsigned int)2>(ch_est::puschRxChEstStatDescr_t *, ch_est::puschRxChEstDynDescr_t *)"
5991268559,2688,423439,103,1,1,128,1,1,16,0.000,0.000,,,,,NVIDIA A100-SXM4-40GB MIG 4g.20gb (0),1,,13,cupy_copy__complex64_complex64
5991285295,12224,423449,1434,1,1,128,1,1,16,0.000,0.000,,,,,NVIDIA A100-SXM4-40GB MIG 4g.20gb (0),1,,13,cupy_copy__complex64_complex64
5991303695,2912,423456,103,1,1,128,1,1,16,0.000,0.000,,,,,NVIDIA A100-SXM4-40GB MIG 4g.20gb (0),1,,13,cupy_copy__complex64_complex64
5991323214,89343,423463,1,1,1,32,32,1,30,0.000,0.000,,,,,NVIDIA A100-SXM4-40GB MIG 4g.20gb (0),1,,13,"void convert_kernel<__half2, float2>(tensor_layout_any, T1 *, tensor_layout_any, const T2 *)"
5991443533,13216,423466,,,,,,,,,,0.094,7089.508,Pinned,Device,NVIDIA A100-SXM4-40GB MIG 4g.20gb (0),1,,13,[CUDA memcpy Host-to-Device]
5991469741,47199,423467,,,,,,,,,,35.810,758668.965,Device,,NVIDIA A100-SXM4-40GB MIG 4g.20gb (0),1,,13,[CUDA memset]
5991520268,7968,423469,,,,,,,,,,0.000,10.040,Pinned,Device,NVIDIA A100-SXM4-40GB MIG 4g.20gb (0),1,,13,[CUDA memcpy Host-to-Device]
5991536620,16192,423470,,,,,,,,,,0.197,12142.117,Pinned,Device,NVIDIA A100-SXM4-40GB MIG 4g.20gb (0),1,,13,[CUDA memcpy Host-to-Device]
5991562763,9472,423471,273,1,1,48,1,1,40,0.000,0.001,,,,,NVIDIA A100-SXM4-40GB MIG 4g.20gb (0),1,,13,"void pusch_noise_intf_est::noiseIntfEstNoDftSOfdmKernel<float, __half, float, float, (unsigned int)2, (unsigned int)1, (unsigned char)4, (unsigned char)4>(pusch_noise_intf_est::puschRxNoiseIntfEstDynDescr)"
5991579819,2688,423482,35,1,1,128,1,1,16,0.000,0.000,,,,,NVIDIA A100-SXM4-40GB MIG 4g.20gb (0),1,,13,cupy_copy__complex64_complex64
5991590699,1696,423491,1,1,1,1,1,1,18,0.000,0.000,,,,,NVIDIA A100-SXM4-40GB MIG 4g.20gb (0),1,,13,cupy_copy__float32_float32
5991598891,6976,423497,,,,,,,,,,0.000,0.573,Device,Pageable,NVIDIA A100-SXM4-40GB MIG 4g.20gb (0),1,,7,[CUDA memcpy Device-to-Host]
5991679242,12704,423508,1434,1,1,128,1,1,16,0.000,0.000,,,,,NVIDIA A100-SXM4-40GB MIG 4g.20gb (0),1,,13,cupy_copy__complex64_complex64
5991705514,2880,423515,103,1,1,128,1,1,16,0.000,0.000,,,,,NVIDIA A100-SXM4-40GB MIG 4g.20gb (0),1,,13,cupy_copy__complex64_complex64
5991725769,2656,423522,35,1,1,128,1,1,16,0.000,0.000,,,,,NVIDIA A100-SXM4-40GB MIG 4g.20gb (0),1,,13,cupy_copy__complex64_complex64
5991747657,1792,423529,1,1,1,1,1,1,18,0.000,0.000,,,,,NVIDIA A100-SXM4-40GB MIG 4g.20gb (0),1,,13,cupy_copy__float32_float32
5991876936,87902,423540,1,1,1,32,32,1,30,0.000,0.000,,,,,NVIDIA A100-SXM4-40GB MIG 4g.20gb (0),1,,13,"void convert_kernel<__half2, float2>(tensor_layout_any, T1 *, tensor_layout_any, const T2 *)"
5991992102,5792,423543,,,,,,,,,,0.094,16176.708,Pinned,Device,NVIDIA A100-SXM4-40GB MIG 4g.20gb (0),1,,13,[CUDA memcpy Host-to-Device]
5992006150,3296,423544,,,,,,,,,,1.547,469242.628,Device,,NVIDIA A100-SXM4-40GB MIG 4g.20gb (0),1,,13,[CUDA memset]
5992013158,3264,423549,,,,,,,,,,0.031,9588.218,Pinned,Device,NVIDIA A100-SXM4-40GB MIG 4g.20gb (0),1,,13,[CUDA memcpy Host-to-Device]
5992018854,9920,423550,,,,,,,,,,0.197,19819.266,Pinned,Device,NVIDIA A100-SXM4-40GB MIG 4g.20gb (0),1,,13,[CUDA memcpy Host-to-Device]
5992034406,8447,423551,273,1,1,8,4,1,39,0.002,0.000,,,,,NVIDIA A100-SXM4-40GB MIG 4g.20gb (0),1,,13,"void channel_eq::eqMmseCoefCompLowMimoKernel<float, float, float, (unsigned int)4, (unsigned int)1, (unsigned int)4>(const channel_eq::_puschRxChEqStatDescr *, channel_eq::_puschRxChEqCoefCompDynDescr)"
5992043941,5696,423552,273,1,1,12,11,1,51,0.002,0.000,,,,,NVIDIA A100-SXM4-40GB MIG 4g.20gb (0),1,,13,"void channel_eq::eqMmseSoftDemapKernel<float, __half, __half, float, (unsigned int)4, (unsigned short)16383>(channel_eq::_puschRxChEqStatDescr *, channel_eq::_puschRxChEqSoftDemapDynDescr)"
5992050597,281757,423553,1,1,1,32,32,1,30,0.000,0.000,,,,,NVIDIA A100-SXM4-40GB MIG 4g.20gb (0),1,,13,"void convert_kernel<float2, __half2>(tensor_layout_any, T1 *, tensor_layout_any, const T2 *)"
5992334722,10944,423565,2253,1,1,128,1,1,16,0.000,0.000,,,,,NVIDIA A100-SXM4-40GB MIG 4g.20gb (0),1,,13,cupy_copy__float16_float16
5992349666,3264,423574,282,1,1,128,1,1,16,0.000,0.000,,,,,NVIDIA A100-SXM4-40GB MIG 4g.20gb (0),1,,13,cupy_copy__complex64_complex64
5992357186,2048,423583,26,1,1,128,1,1,16,0.000,0.000,,,,,NVIDIA A100-SXM4-40GB MIG 4g.20gb (0),1,,13,cupy_copy__float32_float32
5992360130,2976,423592,103,1,1,128,1,1,16,0.000,0.000,,,,,NVIDIA A100-SXM4-40GB MIG 4g.20gb (0),1,,13,cupy_copy__complex64_complex64
5992365601,11904,423602,1434,1,1,128,1,1,16,0.000,0.000,,,,,NVIDIA A100-SXM4-40GB MIG 4g.20gb (0),1,,13,cupy_copy__complex64_complex64
5992386465,82655,423607,1,1,1,32,32,1,30,0.000,0.000,,,,,NVIDIA A100-SXM4-40GB MIG 4g.20gb (0),1,,13,"void convert_kernel<__half2, float2>(tensor_layout_any, T1 *, tensor_layout_any, const T2 *)"
5992496000,6208,423610,,,,,,,,,,0.094,15092.739,Pinned,Device,NVIDIA A100-SXM4-40GB MIG 4g.20gb (0),1,,13,[CUDA memcpy Host-to-Device]
5992506176,596568,423611,,,,,,,,,,456.561,765196.973,Device,,NVIDIA A100-SXM4-40GB MIG 4g.20gb (0),1,,13,[CUDA memset]
5993108728,142047,423616,,,,,,,,,,1.235,8692.771,Pinned,Device,NVIDIA A100-SXM4-40GB MIG 4g.20gb (0),1,,13,[CUDA memcpy Host-to-Device]
5993258966,37568,423617,,,,,,,,,,0.197,5233.312,Pinned,Device,NVIDIA A100-SXM4-40GB MIG 4g.20gb (0),1,,13,[CUDA memcpy Host-to-Device]
5993314070,8160,423618,69,4,1,48,1,1,76,0.002,0.000,,,,,NVIDIA A100-SXM4-40GB MIG 4g.20gb (0),1,,13,"void ch_est::windowedChEstPreNoDftSOfdmKernel<float, __half, float, (unsigned int)2, (unsigned int)1, (unsigned short)4>(ch_est::puschRxChEstStatDescr_t *, ch_est::puschRxChEstDynDescr_t *)"
5993328630,6464,423619,137,2,1,24,2,1,44,0.001,0.001,,,,,NVIDIA A100-SXM4-40GB MIG 4g.20gb (0),1,,13,"void ch_est::chEstFilterNoDftSOfdmDispatchKernel<float, __half, float, (unsigned int)2>(ch_est::puschRxChEstStatDescr_t *, ch_est::puschRxChEstDynDescr_t *)"
5993341525,4704,423620,137,2,1,24,2,1,44,0.001,0.001,,,,,NVIDIA A100-SXM4-40GB MIG 4g.20gb (0),1,,13,"void ch_est::chEstFilterNoDftSOfdmDispatchKernel<float, __half, float, (unsigned int)2>(ch_est::puschRxChEstStatDescr_t *, ch_est::puschRxChEstDynDescr_t *)"
5993356021,2784,423631,103,1,1,128,1,1,16,0.000,0.000,,,,,NVIDIA A100-SXM4-40GB MIG 4g.20gb (0),1,,13,cupy_copy__complex64_complex64
5993368213,12640,423641,1434,1,1,128,1,1,16,0.000,0.000,,,,,NVIDIA A100-SXM4-40GB MIG 4g.20gb (0),1,,13,cupy_copy__complex64_complex64
5993396437,2592,423648,103,1,1,128,1,1,16,0.000,0.000,,,,,NVIDIA A100-SXM4-40GB MIG 4g.20gb (0),1,,13,cupy_copy__complex64_complex64
5993407317,87647,423655,1,1,1,32,32,1,30,0.000,0.000,,,,,NVIDIA A100-SXM4-40GB MIG 4g.20gb (0),1,,13,"void convert_kernel<__half2, float2>(tensor_layout_any, T1 *, tensor_layout_any, const T2 *)"
5993526131,19232,423658,,,,,,,,,,0.094,4871.817,Pinned,Device,NVIDIA A100-SXM4-40GB MIG 4g.20gb (0),1,,13,[CUDA memcpy Host-to-Device]
5993567027,46815,423659,,,,,,,,,,35.810,764899.891,Device,,NVIDIA A100-SXM4-40GB MIG 4g.20gb (0),1,,13,[CUDA memset]
5993617170,11488,423661,,,,,,,,,,0.000,6.964,Pinned,Device,NVIDIA A100-SXM4-40GB MIG 4g.20gb (0),1,,13,[CUDA memcpy Host-to-Device]
5993638578,24352,423662,,,,,,,,,,0.197,8073.511,Pinned,Device,NVIDIA A100-SXM4-40GB MIG 4g.20gb (0),1,,13,[CUDA memcpy Host-to-Device]
5993681361,9952,423663,273,1,1,48,1,1,40,0.000,0.001,,,,,NVIDIA A100-SXM4-40GB MIG 4g.20gb (0),1,,13,"void pusch_noise_intf_est::noiseIntfEstNoDftSOfdmKernel<float, __half, float, float, (unsigned int)2, (unsigned int)1, (unsigned char)4, (unsigned char)4>(pusch_noise_intf_est::puschRxNoiseIntfEstDynDescr)"
5993700817,2848,423674,35,1,1,128,1,1,16,0.000,0.000,,,,,NVIDIA A100-SXM4-40GB MIG 4g.20gb (0),1,,13,cupy_copy__complex64_complex64
5993708881,1920,423683,1,1,1,1,1,1,18,0.000,0.000,,,,,NVIDIA A100-SXM4-40GB MIG 4g.20gb (0),1,,13,cupy_copy__float32_float32
5993714033,1984,423689,,,,,,,,,,0.000,2.016,Device,Pageable,NVIDIA A100-SXM4-40GB MIG 4g.20gb (0),1,,7,[CUDA memcpy Device-to-Host]
5993782672,12704,423700,1434,1,1,128,1,1,16,0.000,0.000,,,,,NVIDIA A100-SXM4-40GB MIG 4g.20gb (0),1,,13,cupy_copy__complex64_complex64
5993812496,3424,423707,103,1,1,128,1,1,16,0.000,0.000,,,,,NVIDIA A100-SXM4-40GB MIG 4g.20gb (0),1,,13,cupy_copy__complex64_complex64
5993832271,2528,423714,35,1,1,128,1,1,16,0.000,0.000,,,,,NVIDIA A100-SXM4-40GB MIG 4g.20gb (0),1,,13,cupy_copy__complex64_complex64
5993847855,2112,423721,1,1,1,1,1,1,18,0.000,0.000,,,,,NVIDIA A100-SXM4-40GB MIG 4g.20gb (0),1,,13,cupy_copy__float32_float32
5993979182,82719,423732,1,1,1,32,32,1,30,0.000,0.000,,,,,NVIDIA A100-SXM4-40GB MIG 4g.20gb (0),1,,13,"void convert_kernel<__half2, float2>(tensor_layout_any, T1 *, tensor_layout_any, const T2 *)"
5994089548,5376,423735,,,,,,,,,,0.094,17428.487,Pinned,Device,NVIDIA A100-SXM4-40GB MIG 4g.20gb (0),1,,13,[CUDA memcpy Host-to-Device]
5994103340,3200,423736,,,,,,,,,,1.547,483320.000,Device,,NVIDIA A100-SXM4-40GB MIG 4g.20gb (0),1,,13,[CUDA memset]
5994110188,3840,423741,,,,,,,,,,0.031,8149.979,Pinned,Device,NVIDIA A100-SXM4-40GB MIG 4g.20gb (0),1,,13,[CUDA memcpy Host-to-Device]
5994116460,9984,423742,,,,,,,,,,0.197,19692.257,Pinned,Device,NVIDIA A100-SXM4-40GB MIG 4g.20gb (0),1,,13,[CUDA memcpy Host-to-Device]
5994132044,6592,423743,273,1,1,8,4,1,39,0.002,0.000,,,,,NVIDIA A100-SXM4-40GB MIG 4g.20gb (0),1,,13,"void channel_eq::eqMmseCoefCompLowMimoKernel<float, float, float, (unsigned int)4, (unsigned int)1, (unsigned int)4>(const channel_eq::_puschRxChEqStatDescr *, channel_eq::_puschRxChEqCoefCompDynDescr)"
5994139660,6144,423744,273,1,1,12,11,1,51,0.002,0.000,,,,,NVIDIA A100-SXM4-40GB MIG 4g.20gb (0),1,,13,"void channel_eq::eqMmseSoftDemapKernel<float, __half, __half, float, (unsigned int)4, (unsigned short)16383>(channel_eq::_puschRxChEqStatDescr *, channel_eq::_puschRxChEqSoftDemapDynDescr)"
5994146828,282492,423745,1,1,1,32,32,1,30,0.000,0.000,,,,,NVIDIA A100-SXM4-40GB MIG 4g.20gb (0),1,,13,"void convert_kernel<float2, __half2>(tensor_layout_any, T1 *, tensor_layout_any, const T2 *)"
5994430312,10944,423757,2253,1,1,128,1,1,16,0.000,0.000,,,,,NVIDIA A100-SXM4-40GB MIG 4g.20gb (0),1,,13,cupy_copy__float16_float16
5994444904,3072,423766,282,1,1,128,1,1,16,0.000,0.000,,,,,NVIDIA A100-SXM4-40GB MIG 4g.20gb (0),1,,13,cupy_copy__complex64_complex64
5994450952,2048,423775,26,1,1,128,1,1,16,0.000,0.000,,,,,NVIDIA A100-SXM4-40GB MIG 4g.20gb (0),1,,13,cupy_copy__float32_float32
5994454536,3104,423784,103,1,1,128,1,1,16,0.000,0.000,,,,,NVIDIA A100-SXM4-40GB MIG 4g.20gb (0),1,,13,cupy_copy__complex64_complex64
5994458728,12064,423794,1434,1,1,128,1,1,16,0.000,0.000,,,,,NVIDIA A100-SXM4-40GB MIG 4g.20gb (0),1,,13,cupy_copy__complex64_complex64
5994479271,86783,423799,1,1,1,32,32,1,30,0.000,0.000,,,,,NVIDIA A100-SXM4-40GB MIG 4g.20gb (0),1,,13,"void convert_kernel<__half2, float2>(tensor_layout_any, T1 *, tensor_layout_any, const T2 *)"
5994593862,5696,423802,,,,,,,,,,0.094,16449.363,Pinned,Device,NVIDIA A100-SXM4-40GB MIG 4g.20gb (0),1,,13,[CUDA memcpy Host-to-Device]
5994603686,597945,423803,,,,,,,,,,456.561,763370.728,Device,,NVIDIA A100-SXM4-40GB MIG 4g.20gb (0),1,,13,[CUDA memset]
5995208030,157119,423808,,,,,,,,,,1.235,7859.184,Pinned,Device,NVIDIA A100-SXM4-40GB MIG 4g.20gb (0),1,,13,[CUDA memcpy Host-to-Device]
5995378556,44480,423809,,,,,,,,,,0.197,4420.141,Pinned,Device,NVIDIA A100-SXM4-40GB MIG 4g.20gb (0),1,,13,[CUDA memcpy Host-to-Device]
5995446204,8319,423810,69,4,1,48,1,1,76,0.002,0.000,,,,,NVIDIA A100-SXM4-40GB MIG 4g.20gb (0),1,,13,"void ch_est::windowedChEstPreNoDftSOfdmKernel<float, __half, float, (unsigned int)2, (unsigned int)1, (unsigned short)4>(ch_est::puschRxChEstStatDescr_t *, ch_est::puschRxChEstDynDescr_t *)"
5995463419,6656,423811,137,2,1,24,2,1,44,0.001,0.001,,,,,NVIDIA A100-SXM4-40GB MIG 4g.20gb (0),1,,13,"void ch_est::chEstFilterNoDftSOfdmDispatchKernel<float, __half, float, (unsigned int)2>(ch_est::puschRxChEstStatDescr_t *, ch_est::puschRxChEstDynDescr_t *)"
5995479611,4768,423812,137,2,1,24,2,1,44,0.001,0.001,,,,,NVIDIA A100-SXM4-40GB MIG 4g.20gb (0),1,,13,"void ch_est::chEstFilterNoDftSOfdmDispatchKernel<float, __half, float, (unsigned int)2>(ch_est::puschRxChEstStatDescr_t *, ch_est::puschRxChEstDynDescr_t *)"
5995495355,2528,423823,103,1,1,128,1,1,16,0.000,0.000,,,,,NVIDIA A100-SXM4-40GB MIG 4g.20gb (0),1,,13,cupy_copy__complex64_complex64
5995509819,12256,423833,1434,1,1,128,1,1,16,0.000,0.000,,,,,NVIDIA A100-SXM4-40GB MIG 4g.20gb (0),1,,13,cupy_copy__complex64_complex64
5995524891,2944,423840,103,1,1,128,1,1,16,0.000,0.000,,,,,NVIDIA A100-SXM4-40GB MIG 4g.20gb (0),1,,13,cupy_copy__complex64_complex64
5995528891,93822,423847,1,1,1,32,32,1,30,0.000,0.000,,,,,NVIDIA A100-SXM4-40GB MIG 4g.20gb (0),1,,13,"void convert_kernel<__half2, float2>(tensor_layout_any, T1 *, tensor_layout_any, const T2 *)"
5995654809,23904,423850,,,,,,,,,,0.094,3919.678,Pinned,Device,NVIDIA A100-SXM4-40GB MIG 4g.20gb (0),1,,13,[CUDA memcpy Host-to-Device]
5995701720,46656,423851,,,,,,,,,,35.810,767514.015,Device,,NVIDIA A100-SXM4-40GB MIG 4g.20gb (0),1,,13,[CUDA memset]
5995751256,16000,423853,,,,,,,,,,0.000,5.000,Pinned,Device,NVIDIA A100-SXM4-40GB MIG 4g.20gb (0),1,,13,[CUDA memcpy Host-to-Device]
5995777687,25184,423854,,,,,,,,,,0.197,7806.714,Pinned,Device,NVIDIA A100-SXM4-40GB MIG 4g.20gb (0),1,,13,[CUDA memcpy Host-to-Device]
5995813239,12576,423855,273,1,1,48,1,1,40,0.000,0.001,,,,,NVIDIA A100-SXM4-40GB MIG 4g.20gb (0),1,,13,"void pusch_noise_intf_est::noiseIntfEstNoDftSOfdmKernel<float, __half, float, float, (unsigned int)2, (unsigned int)1, (unsigned char)4, (unsigned char)4>(pusch_noise_intf_est::puschRxNoiseIntfEstDynDescr)"
5995841239,2560,423866,35,1,1,128,1,1,16,0.000,0.000,,,,,NVIDIA A100-SXM4-40GB MIG 4g.20gb (0),1,,13,cupy_copy__complex64_complex64
5995853783,1727,423875,1,1,1,1,1,1,18,0.000,0.000,,,,,NVIDIA A100-SXM4-40GB MIG 4g.20gb (0),1,,13,cupy_copy__float32_float32
5995861462,7744,423881,,,,,,,,,,0.000,0.517,Device,Pageable,NVIDIA A100-SXM4-40GB MIG 4g.20gb (0),1,,7,[CUDA memcpy Device-to-Host]
5995945717,13248,423892,1434,1,1,128,1,1,16,0.000,0.000,,,,,NVIDIA A100-SXM4-40GB MIG 4g.20gb (0),1,,13,cupy_copy__complex64_complex64
5995965461,2848,423899,103,1,1,128,1,1,16,0.000,0.000,,,,,NVIDIA A100-SXM4-40GB MIG 4g.20gb (0),1,,13,cupy_copy__complex64_complex64
5995992213,2560,423906,35,1,1,128,1,1,16,0.000,0.000,,,,,NVIDIA A100-SXM4-40GB MIG 4g.20gb (0),1,,13,cupy_copy__complex64_complex64
5996004437,1792,423913,1,1,1,1,1,1,18,0.000,0.000,,,,,NVIDIA A100-SXM4-40GB MIG 4g.20gb (0),1,,13,cupy_copy__float32_float32
5996131219,83167,423924,1,1,1,32,32,1,30,0.000,0.000,,,,,NVIDIA A100-SXM4-40GB MIG 4g.20gb (0),1,,13,"void convert_kernel<__half2, float2>(tensor_layout_any, T1 *, tensor_layout_any, const T2 *)"
5996241458,5376,423927,,,,,,,,,,0.094,17428.487,Pinned,Device,NVIDIA A100-SXM4-40GB MIG 4g.20gb (0),1,,13,[CUDA memcpy Host-to-Device]
5996258258,3263,423928,,,,,,,,,,1.547,473987.671,Device,,NVIDIA A100-SXM4-40GB MIG 4g.20gb (0),1,,13,[CUDA memset]
5996263249,3392,423933,,,,,,,,,,0.031,9226.405,Pinned,Device,NVIDIA A100-SXM4-40GB MIG 4g.20gb (0),1,,13,[CUDA memcpy Host-to-Device]
5996269105,9600,423934,,,,,,,,,,0.197,20479.869,Pinned,Device,NVIDIA A100-SXM4-40GB MIG 4g.20gb (0),1,,13,[CUDA memcpy Host-to-Device]
5996286705,8192,423935,273,1,1,8,4,1,39,0.002,0.000,,,,,NVIDIA A100-SXM4-40GB MIG 4g.20gb (0),1,,13,"void channel_eq::eqMmseCoefCompLowMimoKernel<float, float, float, (unsigned int)4, (unsigned int)1, (unsigned int)4>(const channel_eq::_puschRxChEqStatDescr *, channel_eq::_puschRxChEqCoefCompDynDescr)"
5996296849,6016,423936,273,1,1,12,11,1,51,0.002,0.000,,,,,NVIDIA A100-SXM4-40GB MIG 4g.20gb (0),1,,13,"void channel_eq::eqMmseSoftDemapKernel<float, __half, __half, float, (unsigned int)4, (unsigned short)16383>(channel_eq::_puschRxChEqStatDescr *, channel_eq::_puschRxChEqSoftDemapDynDescr)"
5996303825,282492,423937,1,1,1,32,32,1,30,0.000,0.000,,,,,NVIDIA A100-SXM4-40GB MIG 4g.20gb (0),1,,13,"void convert_kernel<float2, __half2>(tensor_layout_any, T1 *, tensor_layout_any, const T2 *)"
5996590637,11232,423949,2253,1,1,128,1,1,16,0.000,0.000,,,,,NVIDIA A100-SXM4-40GB MIG 4g.20gb (0),1,,13,cupy_copy__float16_float16
5996604845,3072,423958,282,1,1,128,1,1,16,0.000,0.000,,,,,NVIDIA A100-SXM4-40GB MIG 4g.20gb (0),1,,13,cupy_copy__complex64_complex64
5996611053,2208,423967,26,1,1,128,1,1,16,0.000,0.000,,,,,NVIDIA A100-SXM4-40GB MIG 4g.20gb (0),1,,13,cupy_copy__float32_float32
5996614381,3008,423976,103,1,1,128,1,1,16,0.000,0.000,,,,,NVIDIA A100-SXM4-40GB MIG 4g.20gb (0),1,,13,cupy_copy__complex64_complex64
5996619341,11968,423986,1434,1,1,128,1,1,16,0.000,0.000,,,,,NVIDIA A100-SXM4-40GB MIG 4g.20gb (0),1,,13,cupy_copy__complex64_complex64
5996633037,87647,423991,1,1,1,32,32,1,30,0.000,0.000,,,,,NVIDIA A100-SXM4-40GB MIG 4g.20gb (0),1,,13,"void convert_kernel<__half2, float2>(tensor_layout_any, T1 *, tensor_layout_any, const T2 *)"
5996747212,6079,423994,,,,,,,,,,0.094,15412.992,Pinned,Device,NVIDIA A100-SXM4-40GB MIG 4g.20gb (0),1,,13,[CUDA memcpy Host-to-Device]
5996758891,598393,423995,,,,,,,,,,456.561,762914.166,Device,,NVIDIA A100-SXM4-40GB MIG 4g.20gb (0),1,,13,[CUDA memset]
5997363844,80703,424000,,,,,,,,,,1.235,15302.191,Pinned,Device,NVIDIA A100-SXM4-40GB MIG 4g.20gb (0),1,,13,[CUDA memcpy Host-to-Device]
5997451363,17632,424001,,,,,,,,,,0.197,11150.623,Pinned,Device,NVIDIA A100-SXM4-40GB MIG 4g.20gb (0),1,,13,[CUDA memcpy Host-to-Device]
5997482146,7168,424002,69,4,1,48,1,1,76,0.002,0.000,,,,,NVIDIA A100-SXM4-40GB MIG 4g.20gb (0),1,,13,"void ch_est::windowedChEstPreNoDftSOfdmKernel<float, __half, float, (unsigned int)2, (unsigned int)1, (unsigned short)4>(ch_est::puschRxChEstStatDescr_t *, ch_est::puschRxChEstDynDescr_t *)"
5997497570,6112,424003,137,2,1,24,2,1,44,0.001,0.001,,,,,NVIDIA A100-SXM4-40GB MIG 4g.20gb (0),1,,13,"void ch_est::chEstFilterNoDftSOfdmDispatchKernel<float, __half, float, (unsigned int)2>(ch_est::puschRxChEstStatDescr_t *, ch_est::puschRxChEstDynDescr_t *)"
5997505634,4960,424004,137,2,1,24,2,1,44,0.001,0.001,,,,,NVIDIA A100-SXM4-40GB MIG 4g.20gb (0),1,,13,"void ch_est::chEstFilterNoDftSOfdmDispatchKernel<float, __half, float, (unsigned int)2>(ch_est::puschRxChEstStatDescr_t *, ch_est::puschRxChEstDynDescr_t *)"
5997513698,2560,424015,103,1,1,128,1,1,16,0.000,0.000,,,,,NVIDIA A100-SXM4-40GB MIG 4g.20gb (0),1,,13,cupy_copy__complex64_complex64
5997521762,12512,424025,1434,1,1,128,1,1,16,0.000,0.000,,,,,NVIDIA A100-SXM4-40GB MIG 4g.20gb (0),1,,13,cupy_copy__complex64_complex64
5997539426,2624,424032,103,1,1,128,1,1,16,0.000,0.000,,,,,NVIDIA A100-SXM4-40GB MIG 4g.20gb (0),1,,13,cupy_copy__complex64_complex64
5997549538,87775,424039,1,1,1,32,32,1,30,0.000,0.000,,,,,NVIDIA A100-SXM4-40GB MIG 4g.20gb (0),1,,13,"void convert_kernel<__half2, float2>(tensor_layout_any, T1 *, tensor_layout_any, const T2 *)"
5997664800,11552,424042,,,,,,,,,,0.094,8110.794,Pinned,Device,NVIDIA A100-SXM4-40GB MIG 4g.20gb (0),1,,13,[CUDA memcpy Host-to-Device]
5997689504,48127,424043,,,,,,,,,,35.810,744058.518,Device,,NVIDIA A100-SXM4-40GB MIG 4g.20gb (0),1,,13,[CUDA memset]
5997745471,3904,424045,,,,,,,,,,0.000,20.492,Pinned,Device,NVIDIA A100-SXM4-40GB MIG 4g.20gb (0),1,,13,[CUDA memcpy Host-to-Device]
5997758655,15328,424046,,,,,,,,,,0.197,12826.706,Pinned,Device,NVIDIA A100-SXM4-40GB MIG 4g.20gb (0),1,,13,[CUDA memcpy Host-to-Device]
5997786783,8960,424047,273,1,1,48,1,1,40,0.000,0.001,,,,,NVIDIA A100-SXM4-40GB MIG 4g.20gb (0),1,,13,"void pusch_noise_intf_est::noiseIntfEstNoDftSOfdmKernel<float, __half, float, float, (unsigned int)2, (unsigned int)1, (unsigned char)4, (unsigned char)4>(pusch_noise_intf_est::puschRxNoiseIntfEstDynDescr)"
5997799615,3040,424058,35,1,1,128,1,1,16,0.000,0.000,,,,,NVIDIA A100-SXM4-40GB MIG 4g.20gb (0),1,,13,cupy_copy__complex64_complex64
5997809822,1696,424067,1,1,1,1,1,1,18,0.000,0.000,,,,,NVIDIA A100-SXM4-40GB MIG 4g.20gb (0),1,,13,cupy_copy__float32_float32
5997824286,2304,424073,,,,,,,,,,0.000,1.736,Device,Pageable,NVIDIA A100-SXM4-40GB MIG 4g.20gb (0),1,,7,[CUDA memcpy Device-to-Host]
5997906461,13184,424084,1434,1,1,128,1,1,16,0.000,0.000,,,,,NVIDIA A100-SXM4-40GB MIG 4g.20gb (0),1,,13,cupy_copy__complex64_complex64
5997926269,3360,424091,103,1,1,128,1,1,16,0.000,0.000,,,,,NVIDIA A100-SXM4-40GB MIG 4g.20gb (0),1,,13,cupy_copy__complex64_complex64
5997958205,2592,424098,35,1,1,128,1,1,16,0.000,0.000,,,,,NVIDIA A100-SXM4-40GB MIG 4g.20gb (0),1,,13,cupy_copy__complex64_complex64
5997968572,1760,424105,1,1,1,1,1,1,18,0.000,0.000,,,,,NVIDIA A100-SXM4-40GB MIG 4g.20gb (0),1,,13,cupy_copy__float32_float32
5998092059,88031,424116,1,1,1,32,32,1,30,0.000,0.000,,,,,NVIDIA A100-SXM4-40GB MIG 4g.20gb (0),1,,13,"void convert_kernel<__half2, float2>(tensor_layout_any, T1 *, tensor_layout_any, const T2 *)"
5998209785,5376,424119,,,,,,,,,,0.094,17428.487,Pinned,Device,NVIDIA A100-SXM4-40GB MIG 4g.20gb (0),1,,13,[CUDA memcpy Host-to-Device]
5998222361,3392,424120,,,,,,,,,,1.547,455961.768,Device,,NVIDIA A100-SXM4-40GB MIG 4g.20gb (0),1,,13,[CUDA memset]
5998230009,3424,424125,,,,,,,,,,0.031,9140.185,Pinned,Device,NVIDIA A100-SXM4-40GB MIG 4g.20gb (0),1,,13,[CUDA memcpy Host-to-Device]
5998235993,9696,424126,,,,,,,,,,0.197,20277.166,Pinned,Device,NVIDIA A100-SXM4-40GB MIG 4g.20gb (0),1,,13,[CUDA memcpy Host-to-Device]
5998251353,6432,424127,273,1,1,8,4,1,39,0.002,0.000,,,,,NVIDIA A100-SXM4-40GB MIG 4g.20gb (0),1,,13,"void channel_eq::eqMmseCoefCompLowMimoKernel<float, float, float, (unsigned int)4, (unsigned int)1, (unsigned int)4>(const channel_eq::_puschRxChEqStatDescr *, channel_eq::_puschRxChEqCoefCompDynDescr)"
5998260729,5792,424128,273,1,1,12,11,1,51,0.002,0.000,,,,,NVIDIA A100-SXM4-40GB MIG 4g.20gb (0),1,,13,"void channel_eq::eqMmseSoftDemapKernel<float, __half, __half, float, (unsigned int)4, (unsigned short)16383>(channel_eq::_puschRxChEqStatDescr *, channel_eq::_puschRxChEqSoftDemapDynDescr)"
5998269881,282172,424129,1,1,1,32,32,1,30,0.000,0.000,,,,,NVIDIA A100-SXM4-40GB MIG 4g.20gb (0),1,,13,"void convert_kernel<float2, __half2>(tensor_layout_any, T1 *, tensor_layout_any, const T2 *)"
5998554485,10848,424141,2253,1,1,128,1,1,16,0.000,0.000,,,,,NVIDIA A100-SXM4-40GB MIG 4g.20gb (0),1,,13,cupy_copy__float16_float16
5998567445,3232,424150,282,1,1,128,1,1,16,0.000,0.000,,,,,NVIDIA A100-SXM4-40GB MIG 4g.20gb (0),1,,13,cupy_copy__complex64_complex64
5998574069,2176,424159,26,1,1,128,1,1,16,0.000,0.000,,,,,NVIDIA A100-SXM4-40GB MIG 4g.20gb (0),1,,13,cupy_copy__float32_float32
5998578005,2976,424168,103,1,1,128,1,1,16,0.000,0.000,,,,,NVIDIA A100-SXM4-40GB MIG 4g.20gb (0),1,,13,cupy_copy__complex64_complex64
5998581973,11840,424178,1434,1,1,128,1,1,16,0.000,0.000,,,,,NVIDIA A100-SXM4-40GB MIG 4g.20gb (0),1,,13,cupy_copy__complex64_complex64
5998598357,90335,424183,1,1,1,32,32,1,30,0.000,0.000,,,,,NVIDIA A100-SXM4-40GB MIG 4g.20gb (0),1,,13,"void convert_kernel<__half2, float2>(tensor_layout_any, T1 *, tensor_layout_any, const T2 *)"
5998716307,6144,424186,,,,,,,,,,0.094,15249.961,Pinned,Device,NVIDIA A100-SXM4-40GB MIG 4g.20gb (0),1,,13,[CUDA memcpy Host-to-Device]
5998726355,595769,424187,,,,,,,,,,456.561,766110.096,Device,,NVIDIA A100-SXM4-40GB MIG 4g.20gb (0),1,,13,[CUDA memset]
5999328876,146014,424192,,,,,,,,,,1.235,8456.897,Pinned,Device,NVIDIA A100-SXM4-40GB MIG 4g.20gb (0),1,,13,[CUDA memcpy Host-to-Device]
5999483946,34207,424193,,,,,,,,,,0.197,5747.442,Pinned,Device,NVIDIA A100-SXM4-40GB MIG 4g.20gb (0),1,,13,[CUDA memcpy Host-to-Device]
5999530857,8224,424194,69,4,1,48,1,1,76,0.002,0.000,,,,,NVIDIA A100-SXM4-40GB MIG 4g.20gb (0),1,,13,"void ch_est::windowedChEstPreNoDftSOfdmKernel<float, __half, float, (unsigned int)2, (unsigned int)1, (unsigned short)4>(ch_est::puschRxChEstStatDescr_t *, ch_est::puschRxChEstDynDescr_t *)"
5999544873,6784,424195,137,2,1,24,2,1,44,0.001,0.001,,,,,NVIDIA A100-SXM4-40GB MIG 4g.20gb (0),1,,13,"void ch_est::chEstFilterNoDftSOfdmDispatchKernel<float, __half, float, (unsigned int)2>(ch_est::puschRxChEstStatDescr_t *, ch_est::puschRxChEstDynDescr_t *)"
5999558121,4736,424196,137,2,1,24,2,1,44,0.001,0.001,,,,,NVIDIA A100-SXM4-40GB MIG 4g.20gb (0),1,,13,"void ch_est::chEstFilterNoDftSOfdmDispatchKernel<float, __half, float, (unsigned int)2>(ch_est::puschRxChEstStatDescr_t *, ch_est::puschRxChEstDynDescr_t *)"
5999570825,2784,424207,103,1,1,128,1,1,16,0.000,0.000,,,,,NVIDIA A100-SXM4-40GB MIG 4g.20gb (0),1,,13,cupy_copy__complex64_complex64
5999581417,12735,424217,1434,1,1,128,1,1,16,0.000,0.000,,,,,NVIDIA A100-SXM4-40GB MIG 4g.20gb (0),1,,13,cupy_copy__complex64_complex64
5999597352,2496,424224,103,1,1,128,1,1,16,0.000,0.000,,,,,NVIDIA A100-SXM4-40GB MIG 4g.20gb (0),1,,13,cupy_copy__complex64_complex64
5999608616,83039,424231,1,1,1,32,32,1,30,0.000,0.000,,,,,NVIDIA A100-SXM4-40GB MIG 4g.20gb (0),1,,13,"void convert_kernel<__half2, float2>(tensor_layout_any, T1 *, tensor_layout_any, const T2 *)"
5999721287,5696,424234,,,,,,,,,,0.094,16449.363,Pinned,Device,NVIDIA A100-SXM4-40GB MIG 4g.20gb (0),1,,13,[CUDA memcpy Host-to-Device]
5999733895,47199,424235,,,,,,,,,,35.810,758668.965,Device,,NVIDIA A100-SXM4-40GB MIG 4g.20gb (0),1,,13,[CUDA memset]
5999788326,3168,424237,,,,,,,,,,0.000,25.252,Pinned,Device,NVIDIA A100-SXM4-40GB MIG 4g.20gb (0),1,,13,[CUDA memcpy Host-to-Device]
5999797318,12736,424238,,,,,,,,,,0.197,15437.070,Pinned,Device,NVIDIA A100-SXM4-40GB MIG 4g.20gb (0),1,,13,[CUDA memcpy Host-to-Device]
5999817062,10240,424239,273,1,1,48,1,1,40,0.000,0.001,,,,,NVIDIA A100-SXM4-40GB MIG 4g.20gb (0),1,,13,"void pusch_noise_intf_est::noiseIntfEstNoDftSOfdmKernel<float, __half, float, float, (unsigned int)2, (unsigned int)1, (unsigned char)4, (unsigned char)4>(pusch_noise_intf_est::puschRxNoiseIntfEstDynDescr)"
5999831142,2847,424250,35,1,1,128,1,1,16,0.000,0.000,,,,,NVIDIA A100-SXM4-40GB MIG 4g.20gb (0),1,,13,cupy_copy__complex64_complex64
5999843589,2016,424259,1,1,1,1,1,1,18,0.000,0.000,,,,,NVIDIA A100-SXM4-40GB MIG 4g.20gb (0),1,,13,cupy_copy__float32_float32
5999875493,1600,424265,,,,,,,,,,0.000,2.500,Device,Pageable,NVIDIA A100-SXM4-40GB MIG 4g.20gb (0),1,,7,[CUDA memcpy Device-to-Host]
5999936964,12928,424276,1434,1,1,128,1,1,16,0.000,0.000,,,,,NVIDIA A100-SXM4-40GB MIG 4g.20gb (0),1,,13,cupy_copy__complex64_complex64
5999962212,2848,424283,103,1,1,128,1,1,16,0.000,0.000,,,,,NVIDIA A100-SXM4-40GB MIG 4g.20gb (0),1,,13,cupy_copy__complex64_complex64
5999983012,2592,424290,35,1,1,128,1,1,16,0.000,0.000,,,,,NVIDIA A100-SXM4-40GB MIG 4g.20gb (0),1,,13,cupy_copy__complex64_complex64
6000001571,1792,424297,1,1,1,1,1,1,18,0.000,0.000,,,,,NVIDIA A100-SXM4-40GB MIG 4g.20gb (0),1,,13,cupy_copy__float32_float32
6000133602,82047,424308,1,1,1,32,32,1,30,0.000,0.000,,,,,NVIDIA A100-SXM4-40GB MIG 4g.20gb (0),1,,13,"void convert_kernel<__half2, float2>(tensor_layout_any, T1 *, tensor_layout_any, const T2 *)"
6000243616,5920,424311,,,,,,,,,,0.094,15826.941,Pinned,Device,NVIDIA A100-SXM4-40GB MIG 4g.20gb (0),1,,13,[CUDA memcpy Host-to-Device]
6000257952,3392,424312,,,,,,,,,,1.547,455961.768,Device,,NVIDIA A100-SXM4-40GB MIG 4g.20gb (0),1,,13,[CUDA memset]
6000264512,3008,424317,,,,,,,,,,0.031,10404.230,Pinned,Device,NVIDIA A100-SXM4-40GB MIG 4g.20gb (0),1,,13,[CUDA memcpy Host-to-Device]
6000270368,9376,424318,,,,,,,,,,0.197,20969.226,Pinned,Device,NVIDIA A100-SXM4-40GB MIG 4g.20gb (0),1,,13,[CUDA memcpy Host-to-Device]
6000286368,7936,424319,273,1,1,8,4,1,39,0.002,0.000,,,,,NVIDIA A100-SXM4-40GB MIG 4g.20gb (0),1,,13,"void channel_eq::eqMmseCoefCompLowMimoKernel<float, float, float, (unsigned int)4, (unsigned int)1, (unsigned int)4>(const channel_eq::_puschRxChEqStatDescr *, channel_eq::_puschRxChEqCoefCompDynDescr)"
6000295424,6240,424320,273,1,1,12,11,1,51,0.002,0.000,,,,,NVIDIA A100-SXM4-40GB MIG 4g.20gb (0),1,,13,"void channel_eq::eqMmseSoftDemapKernel<float, __half, __half, float, (unsigned int)4, (unsigned short)16383>(channel_eq::_puschRxChEqStatDescr *, channel_eq::_puschRxChEqSoftDemapDynDescr)"
6000302720,282588,424321,1,1,1,32,32,1,30,0.000,0.000,,,,,NVIDIA A100-SXM4-40GB MIG 4g.20gb (0),1,,13,"void convert_kernel<float2, __half2>(tensor_layout_any, T1 *, tensor_layout_any, const T2 *)"
6000586428,11104,424333,2253,1,1,128,1,1,16,0.000,0.000,,,,,NVIDIA A100-SXM4-40GB MIG 4g.20gb (0),1,,13,cupy_copy__float16_float16
6000603292,2848,424342,282,1,1,128,1,1,16,0.000,0.000,,,,,NVIDIA A100-SXM4-40GB MIG 4g.20gb (0),1,,13,cupy_copy__complex64_complex64
6000608508,2016,424351,26,1,1,128,1,1,16,0.000,0.000,,,,,NVIDIA A100-SXM4-40GB MIG 4g.20gb (0),1,,13,cupy_copy__float32_float32
6000613532,3232,424360,103,1,1,128,1,1,16,0.000,0.000,,,,,NVIDIA A100-SXM4-40GB MIG 4g.20gb (0),1,,13,cupy_copy__complex64_complex64
6000617788,11968,424370,1434,1,1,128,1,1,16,0.000,0.000,,,,,NVIDIA A100-SXM4-40GB MIG 4g.20gb (0),1,,13,cupy_copy__complex64_complex64
6000632668,88191,424375,1,1,1,32,32,1,30,0.000,0.000,,,,,NVIDIA A100-SXM4-40GB MIG 4g.20gb (0),1,,13,"void convert_kernel<__half2, float2>(tensor_layout_any, T1 *, tensor_layout_any, const T2 *)"
6000748250,5536,424378,,,,,,,,,,0.094,16924.777,Pinned,Device,NVIDIA A100-SXM4-40GB MIG 4g.20gb (0),1,,13,[CUDA memcpy Host-to-Device]
6000757658,603129,424379,,,,,,,,,,456.561,756978.868,Device,,NVIDIA A100-SXM4-40GB MIG 4g.20gb (0),1,,13,[CUDA memset]
6001362483,147710,424384,,,,,,,,,,1.235,8360.571,Pinned,Device,NVIDIA A100-SXM4-40GB MIG 4g.20gb (0),1,,13,[CUDA memcpy Host-to-Device]
6001524881,40927,424385,,,,,,,,,,0.197,4803.723,Pinned,Device,NVIDIA A100-SXM4-40GB MIG 4g.20gb (0),1,,13,[CUDA memcpy Host-to-Device]
6001583728,8352,424386,69,4,1,48,1,1,76,0.002,0.000,,,,,NVIDIA A100-SXM4-40GB MIG 4g.20gb (0),1,,13,"void ch_est::windowedChEstPreNoDftSOfdmKernel<float, __half, float, (unsigned int)2, (unsigned int)1, (unsigned short)4>(ch_est::puschRxChEstStatDescr_t *, ch_est::puschRxChEstDynDescr_t *)"
6001603344,6432,424387,137,2,1,24,2,1,44,0.001,0.001,,,,,NVIDIA A100-SXM4-40GB MIG 4g.20gb (0),1,,13,"void ch_est::chEstFilterNoDftSOfdmDispatchKernel<float, __half, float, (unsigned int)2>(ch_est::puschRxChEstStatDescr_t *, ch_est::puschRxChEstDynDescr_t *)"
6001620175,4736,424388,137,2,1,24,2,1,44,0.001,0.001,,,,,NVIDIA A100-SXM4-40GB MIG 4g.20gb (0),1,,13,"void ch_est::chEstFilterNoDftSOfdmDispatchKernel<float, __half, float, (unsigned int)2>(ch_est::puschRxChEstStatDescr_t *, ch_est::puschRxChEstDynDescr_t *)"
6001639375,2656,424399,103,1,1,128,1,1,16,0.000,0.000,,,,,NVIDIA A100-SXM4-40GB MIG 4g.20gb (0),1,,13,cupy_copy__complex64_complex64
6001655919,12640,424409,1434,1,1,128,1,1,16,0.000,0.000,,,,,NVIDIA A100-SXM4-40GB MIG 4g.20gb (0),1,,13,cupy_copy__complex64_complex64
6001680335,2560,424416,103,1,1,128,1,1,16,0.000,0.000,,,,,NVIDIA A100-SXM4-40GB MIG 4g.20gb (0),1,,13,cupy_copy__complex64_complex64
6001698926,82463,424423,1,1,1,32,32,1,30,0.000,0.000,,,,,NVIDIA A100-SXM4-40GB MIG 4g.20gb (0),1,,13,"void convert_kernel<__half2, float2>(tensor_layout_any, T1 *, tensor_layout_any, const T2 *)"
6001813485,17760,424426,,,,,,,,,,0.094,5275.647,Pinned,Device,NVIDIA A100-SXM4-40GB MIG 4g.20gb (0),1,,13,[CUDA memcpy Host-to-Device]
6001839853,47007,424427,,,,,,,,,,35.810,761784.428,Device,,NVIDIA A100-SXM4-40GB MIG 4g.20gb (0),1,,13,[CUDA memset]
6001892940,6016,424429,,,,,,,,,,0.000,13.298,Pinned,Device,NVIDIA A100-SXM4-40GB MIG 4g.20gb (0),1,,13,[CUDA memcpy Host-to-Device]
6001904460,14976,424430,,,,,,,,,,0.197,13128.106,Pinned,Device,NVIDIA A100-SXM4-40GB MIG 4g.20gb (0),1,,13,[CUDA memcpy Host-to-Device]
6001926700,10080,424431,273,1,1,48,1,1,40,0.000,0.001,,,,,NVIDIA A100-SXM4-40GB MIG 4g.20gb (0),1,,13,"void pusch_noise_intf_est::noiseIntfEstNoDftSOfdmKernel<float, __half, float, float, (unsigned int)2, (unsigned int)1, (unsigned char)4, (unsigned char)4>(pusch_noise_intf_est::puschRxNoiseIntfEstDynDescr)"
6001939756,3199,424442,35,1,1,128,1,1,16,0.000,0.000,,,,,NVIDIA A100-SXM4-40GB MIG 4g.20gb (0),1,,13,cupy_copy__complex64_complex64
6001944747,1984,424451,1,1,1,1,1,1,18,0.000,0.000,,,,,NVIDIA A100-SXM4-40GB MIG 4g.20gb (0),1,,13,cupy_copy__float32_float32
6001960747,1600,424457,,,,,,,,,,0.000,2.500,Device,Pageable,NVIDIA A100-SXM4-40GB MIG 4g.20gb (0),1,,7,[CUDA memcpy Device-to-Host]
6002020331,12735,424468,1434,1,1,128,1,1,16,0.000,0.000,,,,,NVIDIA A100-SXM4-40GB MIG 4g.20gb (0),1,,13,cupy_copy__complex64_complex64
6002046986,3520,424475,103,1,1,128,1,1,16,0.000,0.000,,,,,NVIDIA A100-SXM4-40GB MIG 4g.20gb (0),1,,13,cupy_copy__complex64_complex64
6002067434,2272,424482,35,1,1,128,1,1,16,0.000,0.000,,,,,NVIDIA A100-SXM4-40GB MIG 4g.20gb (0),1,,13,cupy_copy__complex64_complex64
6002085322,1760,424489,1,1,1,1,1,1,18,0.000,0.000,,,,,NVIDIA A100-SXM4-40GB MIG 4g.20gb (0),1,,13,cupy_copy__float32_float32
6002218152,81727,424500,1,1,1,32,32,1,30,0.000,0.000,,,,,NVIDIA A100-SXM4-40GB MIG 4g.20gb (0),1,,13,"void convert_kernel<__half2, float2>(tensor_layout_any, T1 *, tensor_layout_any, const T2 *)"
6002327175,5728,424503,,,,,,,,,,0.094,16357.541,Pinned,Device,NVIDIA A100-SXM4-40GB MIG 4g.20gb (0),1,,13,[CUDA memcpy Host-to-Device]
6002341063,3328,424504,,,,,,,,,,1.547,464729.580,Device,,NVIDIA A100-SXM4-40GB MIG 4g.20gb (0),1,,13,[CUDA memset]
6002348294,3584,424509,,,,,,,,,,0.031,8732.116,Pinned,Device,NVIDIA A100-SXM4-40GB MIG 4g.20gb (0),1,,13,[CUDA memcpy Host-to-Device]
6002354630,9568,424510,,,,,,,,,,0.197,20548.485,Pinned,Device,NVIDIA A100-SXM4-40GB MIG 4g.20gb (0),1,,13,[CUDA memcpy Host-to-Device]
6002370822,6336,424511,273,1,1,8,4,1,39,0.002,0.000,,,,,NVIDIA A100-SXM4-40GB MIG 4g.20gb (0),1,,13,"void channel_eq::eqMmseCoefCompLowMimoKernel<float, float, float, (unsigned int)4, (unsigned int)1, (unsigned int)4>(const channel_eq::_puschRxChEqStatDescr *, channel_eq::_puschRxChEqCoefCompDynDescr)"
6002378150,5856,424512,273,1,1,12,11,1,51,0.002,0.000,,,,,NVIDIA A100-SXM4-40GB MIG 4g.20gb (0),1,,13,"void channel_eq::eqMmseSoftDemapKernel<float, __half, __half, float, (unsigned int)4, (unsigned short)16383>(channel_eq::_puschRxChEqStatDescr *, channel_eq::_puschRxChEqSoftDemapDynDescr)"
6002385670,282237,424513,1,1,1,32,32,1,30,0.000,0.000,,,,,NVIDIA A100-SXM4-40GB MIG 4g.20gb (0),1,,13,"void convert_kernel<float2, __half2>(tensor_layout_any, T1 *, tensor_layout_any, const T2 *)"
6002669187,11103,424525,2253,1,1,128,1,1,16,0.000,0.000,,,,,NVIDIA A100-SXM4-40GB MIG 4g.20gb (0),1,,13,cupy_copy__float16_float16
6002683618,3264,424534,282,1,1,128,1,1,16,0.000,0.000,,,,,NVIDIA A100-SXM4-40GB MIG 4g.20gb (0),1,,13,cupy_copy__complex64_complex64
6002689890,2144,424543,26,1,1,128,1,1,16,0.000,0.000,,,,,NVIDIA A100-SXM4-40GB MIG 4g.20gb (0),1,,13,cupy_copy__float32_float32
6002694914,2976,424552,103,1,1,128,1,1,16,0.000,0.000,,,,,NVIDIA A100-SXM4-40GB MIG 4g.20gb (0),1,,13,cupy_copy__complex64_complex64
6002698818,12000,424562,1434,1,1,128,1,1,16,0.000,0.000,,,,,NVIDIA A100-SXM4-40GB MIG 4g.20gb (0),1,,13,cupy_copy__complex64_complex64
6002716418,82463,424567,1,1,1,32,32,1,30,0.000,0.000,,,,,NVIDIA A100-SXM4-40GB MIG 4g.20gb (0),1,,13,"void convert_kernel<__half2, float2>(tensor_layout_any, T1 *, tensor_layout_any, const T2 *)"
6002826017,5728,424570,,,,,,,,,,0.094,16357.541,Pinned,Device,NVIDIA A100-SXM4-40GB MIG 4g.20gb (0),1,,13,[CUDA memcpy Host-to-Device]
6002836320,597177,424571,,,,,,,,,,456.561,764283.851,Device,,NVIDIA A100-SXM4-40GB MIG 4g.20gb (0),1,,13,[CUDA memset]
6003435065,178078,424576,,,,,,,,,,1.235,6934.211,Pinned,Device,NVIDIA A100-SXM4-40GB MIG 4g.20gb (0),1,,13,[CUDA memcpy Host-to-Device]
6003625527,42463,424577,,,,,,,,,,0.197,4629.922,Pinned,Device,NVIDIA A100-SXM4-40GB MIG 4g.20gb (0),1,,13,[CUDA memcpy Host-to-Device]
6003685590,8000,424578,69,4,1,48,1,1,76,0.002,0.000,,,,,NVIDIA A100-SXM4-40GB MIG 4g.20gb (0),1,,13,"void ch_est::windowedChEstPreNoDftSOfdmKernel<float, __half, float, (unsigned int)2, (unsigned int)1, (unsigned short)4>(ch_est::puschRxChEstStatDescr_t *, ch_est::puschRxChEstDynDescr_t *)"
6003704726,6880,424579,137,2,1,24,2,1,44,0.001,0.001,,,,,NVIDIA A100-SXM4-40GB MIG 4g.20gb (0),1,,13,"void ch_est::chEstFilterNoDftSOfdmDispatchKernel<float, __half, float, (unsigned int)2>(ch_est::puschRxChEstStatDescr_t *, ch_est::puschRxChEstDynDescr_t *)"
6003721750,4704,424580,137,2,1,24,2,1,44,0.001,0.001,,,,,NVIDIA A100-SXM4-40GB MIG 4g.20gb (0),1,,13,"void ch_est::chEstFilterNoDftSOfdmDispatchKernel<float, __half, float, (unsigned int)2>(ch_est::puschRxChEstStatDescr_t *, ch_est::puschRxChEstDynDescr_t *)"
6003739189,2496,424591,103,1,1,128,1,1,16,0.000,0.000,,,,,NVIDIA A100-SXM4-40GB MIG 4g.20gb (0),1,,13,cupy_copy__complex64_complex64
6003757173,12576,424601,1434,1,1,128,1,1,16,0.000,0.000,,,,,NVIDIA A100-SXM4-40GB MIG 4g.20gb (0),1,,13,cupy_copy__complex64_complex64
6003777205,2880,424608,103,1,1,128,1,1,16,0.000,0.000,,,,,NVIDIA A100-SXM4-40GB MIG 4g.20gb (0),1,,13,cupy_copy__complex64_complex64
6003802549,90686,424615,1,1,1,32,32,1,30,0.000,0.000,,,,,NVIDIA A100-SXM4-40GB MIG 4g.20gb (0),1,,13,"void convert_kernel<__half2, float2>(tensor_layout_any, T1 *, tensor_layout_any, const T2 *)"
6003927795,26592,424618,,,,,,,,,,0.094,3523.438,Pinned,Device,NVIDIA A100-SXM4-40GB MIG 4g.20gb (0),1,,13,[CUDA memcpy Host-to-Device]
6003984658,46976,424619,,,,,,,,,,35.810,762285.767,Device,,NVIDIA A100-SXM4-40GB MIG 4g.20gb (0),1,,13,[CUDA memset]
6004038130,14975,424621,,,,,,,,,,0.000,5.342,Pinned,Device,NVIDIA A100-SXM4-40GB MIG 4g.20gb (0),1,,13,[CUDA memcpy Host-to-Device]
6004066065,20256,424622,,,,,,,,,,0.197,9706.144,Pinned,Device,NVIDIA A100-SXM4-40GB MIG 4g.20gb (0),1,,13,[CUDA memcpy Host-to-Device]
6004104561,9792,424623,273,1,1,48,1,1,40,0.000,0.001,,,,,NVIDIA A100-SXM4-40GB MIG 4g.20gb (0),1,,13,"void pusch_noise_intf_est::noiseIntfEstNoDftSOfdmKernel<float, __half, float, float, (unsigned int)2, (unsigned int)1, (unsigned char)4, (unsigned char)4>(pusch_noise_intf_est::puschRxNoiseIntfEstDynDescr)"
6004121393,2752,424634,35,1,1,128,1,1,16,0.000,0.000,,,,,NVIDIA A100-SXM4-40GB MIG 4g.20gb (0),1,,13,cupy_copy__complex64_complex64
6004137968,1728,424643,1,1,1,1,1,1,18,0.000,0.000,,,,,NVIDIA A100-SXM4-40GB MIG 4g.20gb (0),1,,13,cupy_copy__float32_float32
6004143664,6272,424649,,,,,,,,,,0.000,0.638,Device,Pageable,NVIDIA A100-SXM4-40GB MIG 4g.20gb (0),1,,7,[CUDA memcpy Device-to-Host]
6004241935,12512,424660,1434,1,1,128,1,1,16,0.000,0.000,,,,,NVIDIA A100-SXM4-40GB MIG 4g.20gb (0),1,,13,cupy_copy__complex64_complex64
6004260367,2784,424667,103,1,1,128,1,1,16,0.000,0.000,,,,,NVIDIA A100-SXM4-40GB MIG 4g.20gb (0),1,,13,cupy_copy__complex64_complex64
6004282287,2528,424674,35,1,1,128,1,1,16,0.000,0.000,,,,,NVIDIA A100-SXM4-40GB MIG 4g.20gb (0),1,,13,cupy_copy__complex64_complex64
6004302958,1824,424681,1,1,1,1,1,1,18,0.000,0.000,,,,,NVIDIA A100-SXM4-40GB MIG 4g.20gb (0),1,,13,cupy_copy__float32_float32
6004426445,87167,424692,1,1,1,32,32,1,30,0.000,0.000,,,,,NVIDIA A100-SXM4-40GB MIG 4g.20gb (0),1,,13,"void convert_kernel<__half2, float2>(tensor_layout_any, T1 *, tensor_layout_any, const T2 *)"
6004541035,5760,424695,,,,,,,,,,0.094,16266.656,Pinned,Device,NVIDIA A100-SXM4-40GB MIG 4g.20gb (0),1,,13,[CUDA memcpy Host-to-Device]
6004554379,3328,424696,,,,,,,,,,1.547,464729.580,Device,,NVIDIA A100-SXM4-40GB MIG 4g.20gb (0),1,,13,[CUDA memset]
6004561163,3168,424701,,,,,,,,,,0.031,9878.770,Pinned,Device,NVIDIA A100-SXM4-40GB MIG 4g.20gb (0),1,,13,[CUDA memcpy Host-to-Device]
6004566731,9504,424702,,,,,,,,,,0.197,20686.701,Pinned,Device,NVIDIA A100-SXM4-40GB MIG 4g.20gb (0),1,,13,[CUDA memcpy Host-to-Device]
6004581579,7168,424703,273,1,1,8,4,1,39,0.002,0.000,,,,,NVIDIA A100-SXM4-40GB MIG 4g.20gb (0),1,,13,"void channel_eq::eqMmseCoefCompLowMimoKernel<float, float, float, (unsigned int)4, (unsigned int)1, (unsigned int)4>(const channel_eq::_puschRxChEqStatDescr *, channel_eq::_puschRxChEqCoefCompDynDescr)"
6004589835,6144,424704,273,1,1,12,11,1,51,0.002,0.000,,,,,NVIDIA A100-SXM4-40GB MIG 4g.20gb (0),1,,13,"void channel_eq::eqMmseSoftDemapKernel<float, __half, __half, float, (unsigned int)4, (unsigned short)16383>(channel_eq::_puschRxChEqStatDescr *, channel_eq::_puschRxChEqSoftDemapDynDescr)"
6004596939,283100,424705,1,1,1,32,32,1,30,0.000,0.000,,,,,NVIDIA A100-SXM4-40GB MIG 4g.20gb (0),1,,13,"void convert_kernel<float2, __half2>(tensor_layout_any, T1 *, tensor_layout_any, const T2 *)"
6004882407,11008,424717,2253,1,1,128,1,1,16,0.000,0.000,,,,,NVIDIA A100-SXM4-40GB MIG 4g.20gb (0),1,,13,cupy_copy__float16_float16
6004895815,3616,424726,282,1,1,128,1,1,16,0.000,0.000,,,,,NVIDIA A100-SXM4-40GB MIG 4g.20gb (0),1,,13,cupy_copy__complex64_complex64
6004900391,2336,424735,26,1,1,128,1,1,16,0.000,0.000,,,,,NVIDIA A100-SXM4-40GB MIG 4g.20gb (0),1,,13,cupy_copy__float32_float32
6004905063,2880,424744,103,1,1,128,1,1,16,0.000,0.000,,,,,NVIDIA A100-SXM4-40GB MIG 4g.20gb (0),1,,13,cupy_copy__complex64_complex64
6004911911,12032,424754,1434,1,1,128,1,1,16,0.000,0.000,,,,,NVIDIA A100-SXM4-40GB MIG 4g.20gb (0),1,,13,cupy_copy__complex64_complex64
6004933831,87007,424759,1,1,1,32,32,1,30,0.000,0.000,,,,,NVIDIA A100-SXM4-40GB MIG 4g.20gb (0),1,,13,"void convert_kernel<__half2, float2>(tensor_layout_any, T1 *, tensor_layout_any, const T2 *)"
6005048261,5504,424762,,,,,,,,,,0.094,17023.251,Pinned,Device,NVIDIA A100-SXM4-40GB MIG 4g.20gb (0),1,,13,[CUDA memcpy Host-to-Device]
6005058213,599449,424763,,,,,,,,,,456.561,761544.482,Device,,NVIDIA A100-SXM4-40GB MIG 4g.20gb (0),1,,13,[CUDA memset]
6005660446,70783,424768,,,,,,,,,,1.235,17446.054,Pinned,Device,NVIDIA A100-SXM4-40GB MIG 4g.20gb (0),1,,13,[CUDA memcpy Host-to-Device]
6005734493,15232,424769,,,,,,,,,,0.197,12907.512,Pinned,Device,NVIDIA A100-SXM4-40GB MIG 4g.20gb (0),1,,13,[CUDA memcpy Host-to-Device]
6005756061,8479,424770,69,4,1,48,1,1,76,0.002,0.000,,,,,NVIDIA A100-SXM4-40GB MIG 4g.20gb (0),1,,13,"void ch_est::windowedChEstPreNoDftSOfdmKernel<float, __half, float, (unsigned int)2, (unsigned int)1, (unsigned short)4>(ch_est::puschRxChEstStatDescr_t *, ch_est::puschRxChEstDynDescr_t *)"
6005767676,6592,424771,137,2,1,24,2,1,44,0.001,0.001,,,,,NVIDIA A100-SXM4-40GB MIG 4g.20gb (0),1,,13,"void ch_est::chEstFilterNoDftSOfdmDispatchKernel<float, __half, float, (unsigned int)2>(ch_est::puschRxChEstStatDescr_t *, ch_est::puschRxChEstDynDescr_t *)"
6005775836,5632,424772,137,2,1,24,2,1,44,0.001,0.001,,,,,NVIDIA A100-SXM4-40GB MIG 4g.20gb (0),1,,13,"void ch_est::chEstFilterNoDftSOfdmDispatchKernel<float, __half, float, (unsigned int)2>(ch_est::puschRxChEstStatDescr_t *, ch_est::puschRxChEstDynDescr_t *)"
6005783612,2656,424783,103,1,1,128,1,1,16,0.000,0.000,,,,,NVIDIA A100-SXM4-40GB MIG 4g.20gb (0),1,,13,cupy_copy__complex64_complex64
6005787644,12608,424793,1434,1,1,128,1,1,16,0.000,0.000,,,,,NVIDIA A100-SXM4-40GB MIG 4g.20gb (0),1,,13,cupy_copy__complex64_complex64
6005803388,3328,424800,103,1,1,128,1,1,16,0.000,0.000,,,,,NVIDIA A100-SXM4-40GB MIG 4g.20gb (0),1,,13,cupy_copy__complex64_complex64
6005809116,90719,424807,1,1,1,32,32,1,30,0.000,0.000,,,,,NVIDIA A100-SXM4-40GB MIG 4g.20gb (0),1,,13,"void convert_kernel<__half2, float2>(tensor_layout_any, T1 *, tensor_layout_any, const T2 *)"
6005926650,6624,424810,,,,,,,,,,0.094,14144.910,Pinned,Device,NVIDIA A100-SXM4-40GB MIG 4g.20gb (0),1,,13,[CUDA memcpy Host-to-Device]
6005940378,46624,424811,,,,,,,,,,35.810,768051.164,Device,,NVIDIA A100-SXM4-40GB MIG 4g.20gb (0),1,,13,[CUDA memset]
6005993690,3712,424813,,,,,,,,,,0.000,21.552,Pinned,Device,NVIDIA A100-SXM4-40GB MIG 4g.20gb (0),1,,13,[CUDA memcpy Host-to-Device]
6006001945,12704,424814,,,,,,,,,,0.197,15475.999,Pinned,Device,NVIDIA A100-SXM4-40GB MIG 4g.20gb (0),1,,13,[CUDA memcpy Host-to-Device]
6006024185,12128,424815,273,1,1,48,1,1,40,0.000,0.001,,,,,NVIDIA A100-SXM4-40GB MIG 4g.20gb (0),1,,13,"void pusch_noise_intf_est::noiseIntfEstNoDftSOfdmKernel<float, __half, float, float, (unsigned int)2, (unsigned int)1, (unsigned char)4, (unsigned char)4>(pusch_noise_intf_est::puschRxNoiseIntfEstDynDescr)"
6006041273,2880,424826,35,1,1,128,1,1,16,0.000,0.000,,,,,NVIDIA A100-SXM4-40GB MIG 4g.20gb (0),1,,13,cupy_copy__complex64_complex64
6006051289,2048,424835,1,1,1,1,1,1,18,0.000,0.000,,,,,NVIDIA A100-SXM4-40GB MIG 4g.20gb (0),1,,13,cupy_copy__float32_float32
6006079161,2303,424841,,,,,,,,,,0.000,1.737,Device,Pageable,NVIDIA A100-SXM4-40GB MIG 4g.20gb (0),1,,7,[CUDA memcpy Device-to-Host]
6006138840,13216,424852,1434,1,1,128,1,1,16,0.000,0.000,,,,,NVIDIA A100-SXM4-40GB MIG 4g.20gb (0),1,,13,cupy_copy__complex64_complex64
6006166807,2624,424859,103,1,1,128,1,1,16,0.000,0.000,,,,,NVIDIA A100-SXM4-40GB MIG 4g.20gb (0),1,,13,cupy_copy__complex64_complex64
6006185495,2400,424866,35,1,1,128,1,1,16,0.000,0.000,,,,,NVIDIA A100-SXM4-40GB MIG 4g.20gb (0),1,,13,cupy_copy__complex64_complex64
6006203031,1984,424873,1,1,1,1,1,1,18,0.000,0.000,,,,,NVIDIA A100-SXM4-40GB MIG 4g.20gb (0),1,,13,cupy_copy__float32_float32
6006336085,88031,424884,1,1,1,32,32,1,30,0.000,0.000,,,,,NVIDIA A100-SXM4-40GB MIG 4g.20gb (0),1,,13,"void convert_kernel<__half2, float2>(tensor_layout_any, T1 *, tensor_layout_any, const T2 *)"
6006451828,5760,424887,,,,,,,,,,0.094,16266.656,Pinned,Device,NVIDIA A100-SXM4-40GB MIG 4g.20gb (0),1,,13,[CUDA memcpy Host-to-Device]
6006466228,3392,424888,,,,,,,,,,1.547,455961.768,Device,,NVIDIA A100-SXM4-40GB MIG 4g.20gb (0),1,,13,[CUDA memset]
6006473364,3584,424893,,,,,,,,,,0.031,8732.116,Pinned,Device,NVIDIA A100-SXM4-40GB MIG 4g.20gb (0),1,,13,[CUDA memcpy Host-to-Device]
6006479508,9439,424894,,,,,,,,,,0.197,20829.241,Pinned,Device,NVIDIA A100-SXM4-40GB MIG 4g.20gb (0),1,,13,[CUDA memcpy Host-to-Device]
6006493235,6240,424895,273,1,1,8,4,1,39,0.002,0.000,,,,,NVIDIA A100-SXM4-40GB MIG 4g.20gb (0),1,,13,"void channel_eq::eqMmseCoefCompLowMimoKernel<float, float, float, (unsigned int)4, (unsigned int)1, (unsigned int)4>(const channel_eq::_puschRxChEqStatDescr *, channel_eq::_puschRxChEqCoefCompDynDescr)"
6006500467,5600,424896,273,1,1,12,11,1,51,0.002,0.000,,,,,NVIDIA A100-SXM4-40GB MIG 4g.20gb (0),1,,13,"void channel_eq::eqMmseSoftDemapKernel<float, __half, __half, float, (unsigned int)4, (unsigned short)16383>(channel_eq::_puschRxChEqStatDescr *, channel_eq::_puschRxChEqSoftDemapDynDescr)"
6006507059,282333,424897,1,1,1,32,32,1,30,0.000,0.000,,,,,NVIDIA A100-SXM4-40GB MIG 4g.20gb (0),1,,13,"void convert_kernel<float2, __half2>(tensor_layout_any, T1 *, tensor_layout_any, const T2 *)"
6006791856,11040,424909,2253,1,1,128,1,1,16,0.000,0.000,,,,,NVIDIA A100-SXM4-40GB MIG 4g.20gb (0),1,,13,cupy_copy__float16_float16
6006808464,3519,424918,282,1,1,128,1,1,16,0.000,0.000,,,,,NVIDIA A100-SXM4-40GB MIG 4g.20gb (0),1,,13,cupy_copy__complex64_complex64
6006813167,2080,424927,26,1,1,128,1,1,16,0.000,0.000,,,,,NVIDIA A100-SXM4-40GB MIG 4g.20gb (0),1,,13,cupy_copy__float32_float32
6006817359,3296,424936,103,1,1,128,1,1,16,0.000,0.000,,,,,NVIDIA A100-SXM4-40GB MIG 4g.20gb (0),1,,13,cupy_copy__complex64_complex64
6006821711,12096,424946,1434,1,1,128,1,1,16,0.000,0.000,,,,,NVIDIA A100-SXM4-40GB MIG 4g.20gb (0),1,,13,cupy_copy__complex64_complex64
6006849007,83039,424951,1,1,1,32,32,1,30,0.000,0.000,,,,,NVIDIA A100-SXM4-40GB MIG 4g.20gb (0),1,,13,"void convert_kernel<__half2, float2>(tensor_layout_any, T1 *, tensor_layout_any, const T2 *)"
6006960334,5440,424954,,,,,,,,,,0.094,17223.480,Pinned,Device,NVIDIA A100-SXM4-40GB MIG 4g.20gb (0),1,,13,[CUDA memcpy Host-to-Device]
6006970062,596440,424955,,,,,,,,,,456.561,765196.973,Device,,NVIDIA A100-SXM4-40GB MIG 4g.20gb (0),1,,13,[CUDA memset]
6007574022,131934,424960,,,,,,,,,,1.235,9359.641,Pinned,Device,NVIDIA A100-SXM4-40GB MIG 4g.20gb (0),1,,13,[CUDA memcpy Host-to-Device]
6007718468,41632,424961,,,,,,,,,,0.197,4722.328,Pinned,Device,NVIDIA A100-SXM4-40GB MIG 4g.20gb (0),1,,13,[CUDA memcpy Host-to-Device]
6007788579,8224,424962,69,4,1,48,1,1,76,0.002,0.000,,,,,NVIDIA A100-SXM4-40GB MIG 4g.20gb (0),1,,13,"void ch_est::windowedChEstPreNoDftSOfdmKernel<float, __half, float, (unsigned int)2, (unsigned int)1, (unsigned short)4>(ch_est::puschRxChEstStatDescr_t *, ch_est::puschRxChEstDynDescr_t *)"
6007807619,6720,424963,137,2,1,24,2,1,44,0.001,0.001,,,,,NVIDIA A100-SXM4-40GB MIG 4g.20gb (0),1,,13,"void ch_est::chEstFilterNoDftSOfdmDispatchKernel<float, __half, float, (unsigned int)2>(ch_est::puschRxChEstStatDescr_t *, ch_est::puschRxChEstDynDescr_t *)"
6007823011,4864,424964,137,2,1,24,2,1,44,0.001,0.001,,,,,NVIDIA A100-SXM4-40GB MIG 4g.20gb (0),1,,13,"void ch_est::chEstFilterNoDftSOfdmDispatchKernel<float, __half, float, (unsigned int)2>(ch_est::puschRxChEstStatDescr_t *, ch_est::puschRxChEstDynDescr_t *)"
6007837251,2624,424975,103,1,1,128,1,1,16,0.000,0.000,,,,,NVIDIA A100-SXM4-40GB MIG 4g.20gb (0),1,,13,cupy_copy__complex64_complex64
6007847683,12448,424985,1434,1,1,128,1,1,16,0.000,0.000,,,,,NVIDIA A100-SXM4-40GB MIG 4g.20gb (0),1,,13,cupy_copy__complex64_complex64
6007865795,2495,424992,103,1,1,128,1,1,16,0.000,0.000,,,,,NVIDIA A100-SXM4-40GB MIG 4g.20gb (0),1,,13,cupy_copy__complex64_complex64
6007879778,83903,424999,1,1,1,32,32,1,30,0.000,0.000,,,,,NVIDIA A100-SXM4-40GB MIG 4g.20gb (0),1,,13,"void convert_kernel<__half2, float2>(tensor_layout_any, T1 *, tensor_layout_any, const T2 *)"
6007992225,5888,425002,,,,,,,,,,0.094,15912.954,Pinned,Device,NVIDIA A100-SXM4-40GB MIG 4g.20gb (0),1,,13,[CUDA memcpy Host-to-Device]
6008003521,46975,425003,,,,,,,,,,35.810,762285.767,Device,,NVIDIA A100-SXM4-40GB MIG 4g.20gb (0),1,,13,[CUDA memset]
6008057984,1856,425005,,,,,,,,,,0.000,43.103,Pinned,Device,NVIDIA A100-SXM4-40GB MIG 4g.20gb (0),1,,13,[CUDA memcpy Host-to-Device]
6008064992,12480,425006,,,,,,,,,,0.197,15753.806,Pinned,Device,NVIDIA A100-SXM4-40GB MIG 4g.20gb (0),1,,13,[CUDA memcpy Host-to-Device]
6008085760,12512,425007,273,1,1,48,1,1,40,0.000,0.001,,,,,NVIDIA A100-SXM4-40GB MIG 4g.20gb (0),1,,13,"void pusch_noise_intf_est::noiseIntfEstNoDftSOfdmKernel<float, __half, float, float, (unsigned int)2, (unsigned int)1, (unsigned char)4, (unsigned char)4>(pusch_noise_intf_est::puschRxNoiseIntfEstDynDescr)"
6008101632,3104,425018,35,1,1,128,1,1,16,0.000,0.000,,,,,NVIDIA A100-SXM4-40GB MIG 4g.20gb (0),1,,13,cupy_copy__complex64_complex64
6008110655,1920,425027,1,1,1,1,1,1,18,0.000,0.000,,,,,NVIDIA A100-SXM4-40GB MIG 4g.20gb (0),1,,13,cupy_copy__float32_float32
6008142879,1600,425033,,,,,,,,,,0.000,2.500,Device,Pageable,NVIDIA A100-SXM4-40GB MIG 4g.20gb (0),1,,7,[CUDA memcpy Device-to-Host]
6008203038,12928,425044,1434,1,1,128,1,1,16,0.000,0.000,,,,,NVIDIA A100-SXM4-40GB MIG 4g.20gb (0),1,,13,cupy_copy__complex64_complex64
6008231102,2784,425051,103,1,1,128,1,1,16,0.000,0.000,,,,,NVIDIA A100-SXM4-40GB MIG 4g.20gb (0),1,,13,cupy_copy__complex64_complex64
6008253086,2368,425058,35,1,1,128,1,1,16,0.000,0.000,,,,,NVIDIA A100-SXM4-40GB MIG 4g.20gb (0),1,,13,cupy_copy__complex64_complex64
6008270206,1792,425065,1,1,1,1,1,1,18,0.000,0.000,,,,,NVIDIA A100-SXM4-40GB MIG 4g.20gb (0),1,,13,cupy_copy__float32_float32
6008403324,86815,425076,1,1,1,32,32,1,30,0.000,0.000,,,,,NVIDIA A100-SXM4-40GB MIG 4g.20gb (0),1,,13,"void convert_kernel<__half2, float2>(tensor_layout_any, T1 *, tensor_layout_any, const T2 *)"
6008517690,5408,425079,,,,,,,,,,0.094,17325.421,Pinned,Device,NVIDIA A100-SXM4-40GB MIG 4g.20gb (0),1,,13,[CUDA memcpy Host-to-Device]
6008532122,3232,425080,,,,,,,,,,1.547,478533.199,Device,,NVIDIA A100-SXM4-40GB MIG 4g.20gb (0),1,,13,[CUDA memset]
6008540730,3456,425085,,,,,,,,,,0.031,9055.529,Pinned,Device,NVIDIA A100-SXM4-40GB MIG 4g.20gb (0),1,,13,[CUDA memcpy Host-to-Device]
6008546618,10240,425086,,,,,,,,,,0.197,19199.951,Pinned,Device,NVIDIA A100-SXM4-40GB MIG 4g.20gb (0),1,,13,[CUDA memcpy Host-to-Device]
6008562682,7072,425087,273,1,1,8,4,1,39,0.002,0.000,,,,,NVIDIA A100-SXM4-40GB MIG 4g.20gb (0),1,,13,"void channel_eq::eqMmseCoefCompLowMimoKernel<float, float, float, (unsigned int)4, (unsigned int)1, (unsigned int)4>(const channel_eq::_puschRxChEqStatDescr *, channel_eq::_puschRxChEqCoefCompDynDescr)"
6008570714,6272,425088,273,1,1,12,11,1,51,0.002,0.000,,,,,NVIDIA A100-SXM4-40GB MIG 4g.20gb (0),1,,13,"void channel_eq::eqMmseSoftDemapKernel<float, __half, __half, float, (unsigned int)4, (unsigned short)16383>(channel_eq::_puschRxChEqStatDescr *, channel_eq::_puschRxChEqSoftDemapDynDescr)"
6008578202,282460,425089,1,1,1,32,32,1,30,0.000,0.000,,,,,NVIDIA A100-SXM4-40GB MIG 4g.20gb (0),1,,13,"void convert_kernel<float2, __half2>(tensor_layout_any, T1 *, tensor_layout_any, const T2 *)"
6008861782,11040,425101,2253,1,1,128,1,1,16,0.000,0.000,,,,,NVIDIA A100-SXM4-40GB MIG 4g.20gb (0),1,,13,cupy_copy__float16_float16
6008876502,3552,425110,282,1,1,128,1,1,16,0.000,0.000,,,,,NVIDIA A100-SXM4-40GB MIG 4g.20gb (0),1,,13,cupy_copy__complex64_complex64
6008883158,2336,425119,26,1,1,128,1,1,16,0.000,0.000,,,,,NVIDIA A100-SXM4-40GB MIG 4g.20gb (0),1,,13,cupy_copy__float32_float32
6008886454,2976,425128,103,1,1,128,1,1,16,0.000,0.000,,,,,NVIDIA A100-SXM4-40GB MIG 4g.20gb (0),1,,13,cupy_copy__complex64_complex64
6008937909,12608,425144,1434,1,1,128,1,1,16,0.000,0.000,,,,,NVIDIA A100-SXM4-40GB MIG 4g.20gb (0),1,,13,cupy_copy__complex64_complex64
6009052756,82495,425149,1,1,1,32,32,1,30,0.000,0.000,,,,,NVIDIA A100-SXM4-40GB MIG 4g.20gb (0),1,,13,"void convert_kernel<__half2, float2>(tensor_layout_any, T1 *, tensor_layout_any, const T2 *)"
6009162419,5855,425152,,,,,,,,,,0.094,16002.715,Pinned,Device,NVIDIA A100-SXM4-40GB MIG 4g.20gb (0),1,,13,[CUDA memcpy Host-to-Device]
6009172370,597561,425153,,,,,,,,,,456.561,763827.289,Device,,NVIDIA A100-SXM4-40GB MIG 4g.20gb (0),1,,13,[CUDA memset]
6009775147,144766,425158,,,,,,,,,,1.235,8529.758,Pinned,Device,NVIDIA A100-SXM4-40GB MIG 4g.20gb (0),1,,13,[CUDA memcpy Host-to-Device]
6009932553,39232,425159,,,,,,,,,,0.197,5011.341,Pinned,Device,NVIDIA A100-SXM4-40GB MIG 4g.20gb (0),1,,13,[CUDA memcpy Host-to-Device]
6010001320,7968,425160,69,4,1,48,1,1,76,0.002,0.000,,,,,NVIDIA A100-SXM4-40GB MIG 4g.20gb (0),1,,13,"void ch_est::windowedChEstPreNoDftSOfdmKernel<float, __half, float, (unsigned int)2, (unsigned int)1, (unsigned short)4>(ch_est::puschRxChEstStatDescr_t *, ch_est::puschRxChEstDynDescr_t *)"
6010019816,6080,425161,137,2,1,24,2,1,44,0.001,0.001,,,,,NVIDIA A100-SXM4-40GB MIG 4g.20gb (0),1,,13,"void ch_est::chEstFilterNoDftSOfdmDispatchKernel<float, __half, float, (unsigned int)2>(ch_est::puschRxChEstStatDescr_t *, ch_est::puschRxChEstDynDescr_t *)"
6010033288,4768,425162,137,2,1,24,2,1,44,0.001,0.001,,,,,NVIDIA A100-SXM4-40GB MIG 4g.20gb (0),1,,13,"void ch_est::chEstFilterNoDftSOfdmDispatchKernel<float, __half, float, (unsigned int)2>(ch_est::puschRxChEstStatDescr_t *, ch_est::puschRxChEstDynDescr_t *)"
6010049704,2656,425173,103,1,1,128,1,1,16,0.000,0.000,,,,,NVIDIA A100-SXM4-40GB MIG 4g.20gb (0),1,,13,cupy_copy__complex64_complex64
6010060295,12864,425183,1434,1,1,128,1,1,16,0.000,0.000,,,,,NVIDIA A100-SXM4-40GB MIG 4g.20gb (0),1,,13,cupy_copy__complex64_complex64
6010078951,2656,425190,103,1,1,128,1,1,16,0.000,0.000,,,,,NVIDIA A100-SXM4-40GB MIG 4g.20gb (0),1,,13,cupy_copy__complex64_complex64
6010090407,84415,425197,1,1,1,32,32,1,30,0.000,0.000,,,,,NVIDIA A100-SXM4-40GB MIG 4g.20gb (0),1,,13,"void convert_kernel<__half2, float2>(tensor_layout_any, T1 *, tensor_layout_any, const T2 *)"
6010201542,6112,425200,,,,,,,,,,0.094,15329.790,Pinned,Device,NVIDIA A100-SXM4-40GB MIG 4g.20gb (0),1,,13,[CUDA memcpy Host-to-Device]
6010215206,47423,425201,,,,,,,,,,35.810,755087.973,Device,,NVIDIA A100-SXM4-40GB MIG 4g.20gb (0),1,,13,[CUDA memset]
6010267813,2848,425203,,,,,,,,,,0.000,28.090,Pinned,Device,NVIDIA A100-SXM4-40GB MIG 4g.20gb (0),1,,13,[CUDA memcpy Host-to-Device]
6010275045,11648,425204,,,,,,,,,,0.197,16878.993,Pinned,Device,NVIDIA A100-SXM4-40GB MIG 4g.20gb (0),1,,13,[CUDA memcpy Host-to-Device]
6010296837,13119,425205,273,1,1,48,1,1,40,0.000,0.001,,,,,NVIDIA A100-SXM4-40GB MIG 4g.20gb (0),1,,13,"void pusch_noise_intf_est::noiseIntfEstNoDftSOfdmKernel<float, __half, float, float, (unsigned int)2, (unsigned int)1, (unsigned char)4, (unsigned char)4>(pusch_noise_intf_est::puschRxNoiseIntfEstDynDescr)"
6010314820,3232,425216,35,1,1,128,1,1,16,0.000,0.000,,,,,NVIDIA A100-SXM4-40GB MIG 4g.20gb (0),1,,13,cupy_copy__complex64_complex64
6010323012,1888,425225,1,1,1,1,1,1,18,0.000,0.000,,,,,NVIDIA A100-SXM4-40GB MIG 4g.20gb (0),1,,13,cupy_copy__float32_float32
6010353636,1600,425231,,,,,,,,,,0.000,2.500,Device,Pageable,NVIDIA A100-SXM4-40GB MIG 4g.20gb (0),1,,7,[CUDA memcpy Device-to-Host]
6010413251,12640,425242,1434,1,1,128,1,1,16,0.000,0.000,,,,,NVIDIA A100-SXM4-40GB MIG 4g.20gb (0),1,,13,cupy_copy__complex64_complex64
6010440227,2816,425249,103,1,1,128,1,1,16,0.000,0.000,,,,,NVIDIA A100-SXM4-40GB MIG 4g.20gb (0),1,,13,cupy_copy__complex64_complex64
6010460035,2784,425256,35,1,1,128,1,1,16,0.000,0.000,,,,,NVIDIA A100-SXM4-40GB MIG 4g.20gb (0),1,,13,cupy_copy__complex64_complex64
6010480578,1792,425263,1,1,1,1,1,1,18,0.000,0.000,,,,,NVIDIA A100-SXM4-40GB MIG 4g.20gb (0),1,,13,cupy_copy__float32_float32
6010610945,86559,425274,1,1,1,32,32,1,30,0.000,0.000,,,,,NVIDIA A100-SXM4-40GB MIG 4g.20gb (0),1,,13,"void convert_kernel<__half2, float2>(tensor_layout_any, T1 *, tensor_layout_any, const T2 *)"
6010725567,5696,425277,,,,,,,,,,0.094,16449.363,Pinned,Device,NVIDIA A100-SXM4-40GB MIG 4g.20gb (0),1,,13,[CUDA memcpy Host-to-Device]
6010740063,3232,425278,,,,,,,,,,1.547,478533.199,Device,,NVIDIA A100-SXM4-40GB MIG 4g.20gb (0),1,,13,[CUDA memset]
6010747135,3072,425283,,,,,,,,,,0.031,10187.474,Pinned,Device,NVIDIA A100-SXM4-40GB MIG 4g.20gb (0),1,,13,[CUDA memcpy Host-to-Device]
6010752735,9856,425284,,,,,,,,,,0.197,19948.044,Pinned,Device,NVIDIA A100-SXM4-40GB MIG 4g.20gb (0),1,,13,[CUDA memcpy Host-to-Device]
6010766431,6528,425285,273,1,1,8,4,1,39,0.002,0.000,,,,,NVIDIA A100-SXM4-40GB MIG 4g.20gb (0),1,,13,"void channel_eq::eqMmseCoefCompLowMimoKernel<float, float, float, (unsigned int)4, (unsigned int)1, (unsigned int)4>(const channel_eq::_puschRxChEqStatDescr *, channel_eq::_puschRxChEqCoefCompDynDescr)"
6010774047,6624,425286,273,1,1,12,11,1,51,0.002,0.000,,,,,NVIDIA A100-SXM4-40GB MIG 4g.20gb (0),1,,13,"void channel_eq::eqMmseSoftDemapKernel<float, __half, __half, float, (unsigned int)4, (unsigned short)16383>(channel_eq::_puschRxChEqStatDescr *, channel_eq::_puschRxChEqSoftDemapDynDescr)"
6010781599,282812,425287,1,1,1,32,32,1,30,0.000,0.000,,,,,NVIDIA A100-SXM4-40GB MIG 4g.20gb (0),1,,13,"void convert_kernel<float2, __half2>(tensor_layout_any, T1 *, tensor_layout_any, const T2 *)"
6011065467,11104,425299,2253,1,1,128,1,1,16,0.000,0.000,,,,,NVIDIA A100-SXM4-40GB MIG 4g.20gb (0),1,,13,cupy_copy__float16_float16
6011079643,3168,425308,282,1,1,128,1,1,16,0.000,0.000,,,,,NVIDIA A100-SXM4-40GB MIG 4g.20gb (0),1,,13,cupy_copy__complex64_complex64
6011085723,2080,425317,26,1,1,128,1,1,16,0.000,0.000,,,,,NVIDIA A100-SXM4-40GB MIG 4g.20gb (0),1,,13,cupy_copy__float32_float32
6011089627,4608,425326,103,1,1,128,1,1,16,0.000,0.000,,,,,NVIDIA A100-SXM4-40GB MIG 4g.20gb (0),1,,13,cupy_copy__complex64_complex64
6011097019,12064,425336,1434,1,1,128,1,1,16,0.000,0.000,,,,,NVIDIA A100-SXM4-40GB MIG 4g.20gb (0),1,,13,cupy_copy__complex64_complex64
6011134874,82559,425341,1,1,1,32,32,1,30,0.000,0.000,,,,,NVIDIA A100-SXM4-40GB MIG 4g.20gb (0),1,,13,"void convert_kernel<__half2, float2>(tensor_layout_any, T1 *, tensor_layout_any, const T2 *)"
6011244761,5664,425344,,,,,,,,,,0.094,16542.310,Pinned,Device,NVIDIA A100-SXM4-40GB MIG 4g.20gb (0),1,,13,[CUDA memcpy Host-to-Device]
6011255769,597624,425345,,,,,,,,,,456.561,763827.289,Device,,NVIDIA A100-SXM4-40GB MIG 4g.20gb (0),1,,13,[CUDA memset]
6011857489,141054,425350,,,,,,,,,,1.235,8754.518,Pinned,Device,NVIDIA A100-SXM4-40GB MIG 4g.20gb (0),1,,13,[CUDA memcpy Host-to-Device]
6012011471,41887,425351,,,,,,,,,,0.197,4693.623,Pinned,Device,NVIDIA A100-SXM4-40GB MIG 4g.20gb (0),1,,13,[CUDA memcpy Host-to-Device]
6012082286,7904,425352,69,4,1,48,1,1,76,0.002,0.000,,,,,NVIDIA A100-SXM4-40GB MIG 4g.20gb (0),1,,13,"void ch_est::windowedChEstPreNoDftSOfdmKernel<float, __half, float, (unsigned int)2, (unsigned int)1, (unsigned short)4>(ch_est::puschRxChEstStatDescr_t *, ch_est::puschRxChEstDynDescr_t *)"
6012101582,6656,425353,137,2,1,24,2,1,44,0.001,0.001,,,,,NVIDIA A100-SXM4-40GB MIG 4g.20gb (0),1,,13,"void ch_est::chEstFilterNoDftSOfdmDispatchKernel<float, __half, float, (unsigned int)2>(ch_est::puschRxChEstStatDescr_t *, ch_est::puschRxChEstDynDescr_t *)"
6012118734,4768,425354,137,2,1,24,2,1,44,0.001,0.001,,,,,NVIDIA A100-SXM4-40GB MIG 4g.20gb (0),1,,13,"void ch_est::chEstFilterNoDftSOfdmDispatchKernel<float, __half, float, (unsigned int)2>(ch_est::puschRxChEstStatDescr_t *, ch_est::puschRxChEstDynDescr_t *)"
6012135949,2496,425365,103,1,1,128,1,1,16,0.000,0.000,,,,,NVIDIA A100-SXM4-40GB MIG 4g.20gb (0),1,,13,cupy_copy__complex64_complex64
6012153581,12416,425375,1434,1,1,128,1,1,16,0.000,0.000,,,,,NVIDIA A100-SXM4-40GB MIG 4g.20gb (0),1,,13,cupy_copy__complex64_complex64
6012172877,2912,425382,103,1,1,128,1,1,16,0.000,0.000,,,,,NVIDIA A100-SXM4-40GB MIG 4g.20gb (0),1,,13,cupy_copy__complex64_complex64
6012199565,107550,425389,1,1,1,32,32,1,30,0.000,0.000,,,,,NVIDIA A100-SXM4-40GB MIG 4g.20gb (0),1,,13,"void convert_kernel<__half2, float2>(tensor_layout_any, T1 *, tensor_layout_any, const T2 *)"
6012343275,18976,425392,,,,,,,,,,0.094,4937.592,Pinned,Device,NVIDIA A100-SXM4-40GB MIG 4g.20gb (0),1,,13,[CUDA memcpy Host-to-Device]
6012375275,47071,425393,,,,,,,,,,35.810,760745.940,Device,,NVIDIA A100-SXM4-40GB MIG 4g.20gb (0),1,,13,[CUDA memset]
6012428106,7424,425395,,,,,,,,,,0.000,10.776,Pinned,Device,NVIDIA A100-SXM4-40GB MIG 4g.20gb (0),1,,13,[CUDA memcpy Host-to-Device]
6012440042,17152,425396,,,,,,,,,,0.197,11462.640,Pinned,Device,NVIDIA A100-SXM4-40GB MIG 4g.20gb (0),1,,13,[CUDA memcpy Host-to-Device]
6012469641,9856,425397,273,1,1,48,1,1,40,0.000,0.001,,,,,NVIDIA A100-SXM4-40GB MIG 4g.20gb (0),1,,13,"void pusch_noise_intf_est::noiseIntfEstNoDftSOfdmKernel<float, __half, float, float, (unsigned int)2, (unsigned int)1, (unsigned char)4, (unsigned char)4>(pusch_noise_intf_est::puschRxNoiseIntfEstDynDescr)"
6012484585,3392,425408,35,1,1,128,1,1,16,0.000,0.000,,,,,NVIDIA A100-SXM4-40GB MIG 4g.20gb (0),1,,13,cupy_copy__complex64_complex64
6012494153,1920,425417,1,1,1,1,1,1,18,0.000,0.000,,,,,NVIDIA A100-SXM4-40GB MIG 4g.20gb (0),1,,13,cupy_copy__float32_float32
6012499081,1696,425423,,,,,,,,,,0.000,2.358,Device,Pageable,NVIDIA A100-SXM4-40GB MIG 4g.20gb (0),1,,7,[CUDA memcpy Device-to-Host]
6012565448,13184,425434,1434,1,1,128,1,1,16,0.000,0.000,,,,,NVIDIA A100-SXM4-40GB MIG 4g.20gb (0),1,,13,cupy_copy__complex64_complex64
6012592136,2912,425441,103,1,1,128,1,1,16,0.000,0.000,,,,,NVIDIA A100-SXM4-40GB MIG 4g.20gb (0),1,,13,cupy_copy__complex64_complex64
6012610696,2304,425448,35,1,1,128,1,1,16,0.000,0.000,,,,,NVIDIA A100-SXM4-40GB MIG 4g.20gb (0),1,,13,cupy_copy__complex64_complex64
6012628615,1792,425455,1,1,1,1,1,1,18,0.000,0.000,,,,,NVIDIA A100-SXM4-40GB MIG 4g.20gb (0),1,,13,cupy_copy__float32_float32
6012764614,81823,425466,1,1,1,32,32,1,30,0.000,0.000,,,,,NVIDIA A100-SXM4-40GB MIG 4g.20gb (0),1,,13,"void convert_kernel<__half2, float2>(tensor_layout_any, T1 *, tensor_layout_any, const T2 *)"
6012874180,5920,425469,,,,,,,,,,0.094,15826.941,Pinned,Device,NVIDIA A100-SXM4-40GB MIG 4g.20gb (0),1,,13,[CUDA memcpy Host-to-Device]
6012888548,3072,425470,,,,,,,,,,1.547,503457.044,Device,,NVIDIA A100-SXM4-40GB MIG 4g.20gb (0),1,,13,[CUDA memset]
6012895108,3040,425475,,,,,,,,,,0.031,10294.725,Pinned,Device,NVIDIA A100-SXM4-40GB MIG 4g.20gb (0),1,,13,[CUDA memcpy Host-to-Device]
6012900804,9344,425476,,,,,,,,,,0.197,21040.988,Pinned,Device,NVIDIA A100-SXM4-40GB MIG 4g.20gb (0),1,,13,[CUDA memcpy Host-to-Device]
6012914084,6880,425477,273,1,1,8,4,1,39,0.002,0.000,,,,,NVIDIA A100-SXM4-40GB MIG 4g.20gb (0),1,,13,"void channel_eq::eqMmseCoefCompLowMimoKernel<float, float, float, (unsigned int)4, (unsigned int)1, (unsigned int)4>(const channel_eq::_puschRxChEqStatDescr *, channel_eq::_puschRxChEqCoefCompDynDescr)"
6012922724,6208,425478,273,1,1,12,11,1,51,0.002,0.000,,,,,NVIDIA A100-SXM4-40GB MIG 4g.20gb (0),1,,13,"void channel_eq::eqMmseSoftDemapKernel<float, __half, __half, float, (unsigned int)4, (unsigned short)16383>(channel_eq::_puschRxChEqStatDescr *, channel_eq::_puschRxChEqSoftDemapDynDescr)"
6012930180,282044,425479,1,1,1,32,32,1,30,0.000,0.000,,,,,NVIDIA A100-SXM4-40GB MIG 4g.20gb (0),1,,13,"void convert_kernel<float2, __half2>(tensor_layout_any, T1 *, tensor_layout_any, const T2 *)"
6013213280,10944,425491,2253,1,1,128,1,1,16,0.000,0.000,,,,,NVIDIA A100-SXM4-40GB MIG 4g.20gb (0),1,,13,cupy_copy__float16_float16
6013227264,3488,425500,282,1,1,128,1,1,16,0.000,0.000,,,,,NVIDIA A100-SXM4-40GB MIG 4g.20gb (0),1,,13,cupy_copy__complex64_complex64
6013232608,2048,425509,26,1,1,128,1,1,16,0.000,0.000,,,,,NVIDIA A100-SXM4-40GB MIG 4g.20gb (0),1,,13,cupy_copy__float32_float32
6013235808,2912,425518,103,1,1,128,1,1,16,0.000,0.000,,,,,NVIDIA A100-SXM4-40GB MIG 4g.20gb (0),1,,13,cupy_copy__complex64_complex64
6013240288,12064,425528,1434,1,1,128,1,1,16,0.000,0.000,,,,,NVIDIA A100-SXM4-40GB MIG 4g.20gb (0),1,,13,cupy_copy__complex64_complex64
6013260864,86943,425533,1,1,1,32,32,1,30,0.000,0.000,,,,,NVIDIA A100-SXM4-40GB MIG 4g.20gb (0),1,,13,"void convert_kernel<__half2, float2>(tensor_layout_any, T1 *, tensor_layout_any, const T2 *)"
6013374302,5568,425536,,,,,,,,,,0.094,16827.521,Pinned,Device,NVIDIA A100-SXM4-40GB MIG 4g.20gb (0),1,,13,[CUDA memcpy Host-to-Device]
6013385150,603577,425537,,,,,,,,,,456.561,756065.745,Device,,NVIDIA A100-SXM4-40GB MIG 4g.20gb (0),1,,13,[CUDA memset]
6013994103,136510,425542,,,,,,,,,,1.235,9045.965,Pinned,Device,NVIDIA A100-SXM4-40GB MIG 4g.20gb (0),1,,13,[CUDA memcpy Host-to-Device]
6014143093,41727,425543,,,,,,,,,,0.197,4711.711,Pinned,Device,NVIDIA A100-SXM4-40GB MIG 4g.20gb (0),1,,13,[CUDA memcpy Host-to-Device]
6014218356,8480,425544,69,4,1,48,1,1,76,0.002,0.000,,,,,NVIDIA A100-SXM4-40GB MIG 4g.20gb (0),1,,13,"void ch_est::windowedChEstPreNoDftSOfdmKernel<float, __half, float, (unsigned int)2, (unsigned int)1, (unsigned short)4>(ch_est::puschRxChEstStatDescr_t *, ch_est::puschRxChEstDynDescr_t *)"
6014237108,6527,425545,137,2,1,24,2,1,44,0.001,0.001,,,,,NVIDIA A100-SXM4-40GB MIG 4g.20gb (0),1,,13,"void ch_est::chEstFilterNoDftSOfdmDispatchKernel<float, __half, float, (unsigned int)2>(ch_est::puschRxChEstStatDescr_t *, ch_est::puschRxChEstDynDescr_t *)"
6014254195,4832,425546,137,2,1,24,2,1,44,0.001,0.001,,,,,NVIDIA A100-SXM4-40GB MIG 4g.20gb (0),1,,13,"void ch_est::chEstFilterNoDftSOfdmDispatchKernel<float, __half, float, (unsigned int)2>(ch_est::puschRxChEstStatDescr_t *, ch_est::puschRxChEstDynDescr_t *)"
6014271123,2656,425557,103,1,1,128,1,1,16,0.000,0.000,,,,,NVIDIA A100-SXM4-40GB MIG 4g.20gb (0),1,,13,cupy_copy__complex64_complex64
6014287507,12576,425567,1434,1,1,128,1,1,16,0.000,0.000,,,,,NVIDIA A100-SXM4-40GB MIG 4g.20gb (0),1,,13,cupy_copy__complex64_complex64
6014308979,2848,425574,103,1,1,128,1,1,16,0.000,0.000,,,,,NVIDIA A100-SXM4-40GB MIG 4g.20gb (0),1,,13,cupy_copy__complex64_complex64
6014332306,89151,425581,1,1,1,32,32,1,30,0.000,0.000,,,,,NVIDIA A100-SXM4-40GB MIG 4g.20gb (0),1,,13,"void convert_kernel<__half2, float2>(tensor_layout_any, T1 *, tensor_layout_any, const T2 *)"
6014455153,25344,425584,,,,,,,,,,0.094,3696.963,Pinned,Device,NVIDIA A100-SXM4-40GB MIG 4g.20gb (0),1,,13,[CUDA memcpy Host-to-Device]
6014504336,47872,425585,,,,,,,,,,35.810,748033.419,Device,,NVIDIA A100-SXM4-40GB MIG 4g.20gb (0),1,,13,[CUDA memset]
6014560208,8703,425587,,,,,,,,,,0.000,9.192,Pinned,Device,NVIDIA A100-SXM4-40GB MIG 4g.20gb (0),1,,13,[CUDA memcpy Host-to-Device]
6014579599,31200,425588,,,,,,,,,,0.197,6301.483,Pinned,Device,NVIDIA A100-SXM4-40GB MIG 4g.20gb (0),1,,13,[CUDA memcpy Host-to-Device]
6014636143,9631,425589,273,1,1,48,1,1,40,0.000,0.001,,,,,NVIDIA A100-SXM4-40GB MIG 4g.20gb (0),1,,13,"void pusch_noise_intf_est::noiseIntfEstNoDftSOfdmKernel<float, __half, float, float, (unsigned int)2, (unsigned int)1, (unsigned char)4, (unsigned char)4>(pusch_noise_intf_est::puschRxNoiseIntfEstDynDescr)"
6014653006,2976,425600,35,1,1,128,1,1,16,0.000,0.000,,,,,NVIDIA A100-SXM4-40GB MIG 4g.20gb (0),1,,13,cupy_copy__complex64_complex64
6014669582,1760,425609,1,1,1,1,1,1,18,0.000,0.000,,,,,NVIDIA A100-SXM4-40GB MIG 4g.20gb (0),1,,13,cupy_copy__float32_float32
6014677422,8768,425615,,,,,,,,,,0.000,0.456,Device,Pageable,NVIDIA A100-SXM4-40GB MIG 4g.20gb (0),1,,7,[CUDA memcpy Device-to-Host]
6014777709,13056,425626,1434,1,1,128,1,1,16,0.000,0.000,,,,,NVIDIA A100-SXM4-40GB MIG 4g.20gb (0),1,,13,cupy_copy__complex64_complex64
6014798221,2976,425633,103,1,1,128,1,1,16,0.000,0.000,,,,,NVIDIA A100-SXM4-40GB MIG 4g.20gb (0),1,,13,cupy_copy__complex64_complex64
6014826124,2592,425640,35,1,1,128,1,1,16,0.000,0.000,,,,,NVIDIA A100-SXM4-40GB MIG 4g.20gb (0),1,,13,cupy_copy__complex64_complex64
6014840556,1792,425647,1,1,1,1,1,1,18,0.000,0.000,,,,,NVIDIA A100-SXM4-40GB MIG 4g.20gb (0),1,,13,cupy_copy__float32_float32
6014978314,87871,425658,1,1,1,32,32,1,30,0.000,0.000,,,,,NVIDIA A100-SXM4-40GB MIG 4g.20gb (0),1,,13,"void convert_kernel<__half2, float2>(tensor_layout_any, T1 *, tensor_layout_any, const T2 *)"
6015095177,6144,425661,,,,,,,,,,0.094,15249.961,Pinned,Device,NVIDIA A100-SXM4-40GB MIG 4g.20gb (0),1,,13,[CUDA memcpy Host-to-Device]
6015108905,3456,425662,,,,,,,,,,1.547,447517.201,Device,,NVIDIA A100-SXM4-40GB MIG 4g.20gb (0),1,,13,[CUDA memset]
6015115241,3008,425667,,,,,,,,,,0.031,10404.230,Pinned,Device,NVIDIA A100-SXM4-40GB MIG 4g.20gb (0),1,,13,[CUDA memcpy Host-to-Device]
6015121001,9408,425668,,,,,,,,,,0.197,20897.858,Pinned,Device,NVIDIA A100-SXM4-40GB MIG 4g.20gb (0),1,,13,[CUDA memcpy Host-to-Device]
6015134664,6048,425669,273,1,1,8,4,1,39,0.002,0.000,,,,,NVIDIA A100-SXM4-40GB MIG 4g.20gb (0),1,,13,"void channel_eq::eqMmseCoefCompLowMimoKernel<float, float, float, (unsigned int)4, (unsigned int)1, (unsigned int)4>(const channel_eq::_puschRxChEqStatDescr *, channel_eq::_puschRxChEqCoefCompDynDescr)"
6015143944,6208,425670,273,1,1,12,11,1,51,0.002,0.000,,,,,NVIDIA A100-SXM4-40GB MIG 4g.20gb (0),1,,13,"void channel_eq::eqMmseSoftDemapKernel<float, __half, __half, float, (unsigned int)4, (unsigned short)16383>(channel_eq::_puschRxChEqStatDescr *, channel_eq::_puschRxChEqSoftDemapDynDescr)"
6015151400,282365,425671,1,1,1,32,32,1,30,0.000,0.000,,,,,NVIDIA A100-SXM4-40GB MIG 4g.20gb (0),1,,13,"void convert_kernel<float2, __half2>(tensor_layout_any, T1 *, tensor_layout_any, const T2 *)"
6015435077,11232,425683,2253,1,1,128,1,1,16,0.000,0.000,,,,,NVIDIA A100-SXM4-40GB MIG 4g.20gb (0),1,,13,cupy_copy__float16_float16
6015450885,3648,425692,282,1,1,128,1,1,16,0.000,0.000,,,,,NVIDIA A100-SXM4-40GB MIG 4g.20gb (0),1,,13,cupy_copy__complex64_complex64
6015458276,2304,425701,26,1,1,128,1,1,16,0.000,0.000,,,,,NVIDIA A100-SXM4-40GB MIG 4g.20gb (0),1,,13,cupy_copy__float32_float32
6015463364,3264,425710,103,1,1,128,1,1,16,0.000,0.000,,,,,NVIDIA A100-SXM4-40GB MIG 4g.20gb (0),1,,13,cupy_copy__complex64_complex64
6015467620,11840,425720,1434,1,1,128,1,1,16,0.000,0.000,,,,,NVIDIA A100-SXM4-40GB MIG 4g.20gb (0),1,,13,cupy_copy__complex64_complex64
6015487940,81535,425725,1,1,1,32,32,1,30,0.000,0.000,,,,,NVIDIA A100-SXM4-40GB MIG 4g.20gb (0),1,,13,"void convert_kernel<__half2, float2>(tensor_layout_any, T1 *, tensor_layout_any, const T2 *)"
6015596611,5408,425728,,,,,,,,,,0.094,17325.421,Pinned,Device,NVIDIA A100-SXM4-40GB MIG 4g.20gb (0),1,,13,[CUDA memcpy Host-to-Device]
6015606755,597656,425729,,,,,,,,,,456.561,763827.289,Device,,NVIDIA A100-SXM4-40GB MIG 4g.20gb (0),1,,13,[CUDA memset]
6016205755,83327,425734,,,,,,,,,,1.235,14819.328,Pinned,Device,NVIDIA A100-SXM4-40GB MIG 4g.20gb (0),1,,13,[CUDA memcpy Host-to-Device]
6016295866,18240,425735,,,,,,,,,,0.197,10778.837,Pinned,Device,NVIDIA A100-SXM4-40GB MIG 4g.20gb (0),1,,13,[CUDA memcpy Host-to-Device]
6016327482,8096,425736,69,4,1,48,1,1,76,0.002,0.000,,,,,NVIDIA A100-SXM4-40GB MIG 4g.20gb (0),1,,13,"void ch_est::windowedChEstPreNoDftSOfdmKernel<float, __half, float, (unsigned int)2, (unsigned int)1, (unsigned short)4>(ch_est::puschRxChEstStatDescr_t *, ch_est::puschRxChEstDynDescr_t *)"
6016342746,7391,425737,137,2,1,24,2,1,44,0.001,0.001,,,,,NVIDIA A100-SXM4-40GB MIG 4g.20gb (0),1,,13,"void ch_est::chEstFilterNoDftSOfdmDispatchKernel<float, __half, float, (unsigned int)2>(ch_est::puschRxChEstStatDescr_t *, ch_est::puschRxChEstDynDescr_t *)"
6016357881,6336,425738,137,2,1,24,2,1,44,0.001,0.001,,,,,NVIDIA A100-SXM4-40GB MIG 4g.20gb (0),1,,13,"void ch_est::chEstFilterNoDftSOfdmDispatchKernel<float, __half, float, (unsigned int)2>(ch_est::puschRxChEstStatDescr_t *, ch_est::puschRxChEstDynDescr_t *)"
6016365625,3680,425749,103,1,1,128,1,1,16,0.000,0.000,,,,,NVIDIA A100-SXM4-40GB MIG 4g.20gb (0),1,,13,cupy_copy__complex64_complex64
6016373241,12640,425759,1434,1,1,128,1,1,16,0.000,0.000,,,,,NVIDIA A100-SXM4-40GB MIG 4g.20gb (0),1,,13,cupy_copy__complex64_complex64
6016389657,3168,425766,103,1,1,128,1,1,16,0.000,0.000,,,,,NVIDIA A100-SXM4-40GB MIG 4g.20gb (0),1,,13,cupy_copy__complex64_complex64
6016398521,84383,425773,1,1,1,32,32,1,30,0.000,0.000,,,,,NVIDIA A100-SXM4-40GB MIG 4g.20gb (0),1,,13,"void convert_kernel<__half2, float2>(tensor_layout_any, T1 *, tensor_layout_any, const T2 *)"
6016510103,5536,425776,,,,,,,,,,0.094,16924.777,Pinned,Device,NVIDIA A100-SXM4-40GB MIG 4g.20gb (0),1,,13,[CUDA memcpy Host-to-Device]
6016522039,46944,425777,,,,,,,,,,35.810,762787.106,Device,,NVIDIA A100-SXM4-40GB MIG 4g.20gb (0),1,,13,[CUDA memset]
6016574551,2560,425779,,,,,,,,,,0.000,31.250,Pinned,Device,NVIDIA A100-SXM4-40GB MIG 4g.20gb (0),1,,13,[CUDA memcpy Host-to-Device]
6016581175,14079,425780,,,,,,,,,,0.197,13964.476,Pinned,Device,NVIDIA A100-SXM4-40GB MIG 4g.20gb (0),1,,13,[CUDA memcpy Host-to-Device]
6016604086,10016,425781,273,1,1,48,1,1,40,0.000,0.001,,,,,NVIDIA A100-SXM4-40GB MIG 4g.20gb (0),1,,13,"void pusch_noise_intf_est::noiseIntfEstNoDftSOfdmKernel<float, __half, float, float, (unsigned int)2, (unsigned int)1, (unsigned char)4, (unsigned char)4>(pusch_noise_intf_est::puschRxNoiseIntfEstDynDescr)"
6016618166,2848,425792,35,1,1,128,1,1,16,0.000,0.000,,,,,NVIDIA A100-SXM4-40GB MIG 4g.20gb (0),1,,13,cupy_copy__complex64_complex64
6016631158,2112,425801,1,1,1,1,1,1,18,0.000,0.000,,,,,NVIDIA A100-SXM4-40GB MIG 4g.20gb (0),1,,13,cupy_copy__float32_float32
6016661046,2016,425807,,,,,,,,,,0.000,1.984,Device,Pageable,NVIDIA A100-SXM4-40GB MIG 4g.20gb (0),1,,7,[CUDA memcpy Device-to-Host]
6016721781,12672,425818,1434,1,1,128,1,1,16,0.000,0.000,,,,,NVIDIA A100-SXM4-40GB MIG 4g.20gb (0),1,,13,cupy_copy__complex64_complex64
6016750805,3455,425825,103,1,1,128,1,1,16,0.000,0.000,,,,,NVIDIA A100-SXM4-40GB MIG 4g.20gb (0),1,,13,cupy_copy__complex64_complex64
6016773812,2784,425832,35,1,1,128,1,1,16,0.000,0.000,,,,,NVIDIA A100-SXM4-40GB MIG 4g.20gb (0),1,,13,cupy_copy__complex64_complex64
6016792180,1760,425839,1,1,1,1,1,1,18,0.000,0.000,,,,,NVIDIA A100-SXM4-40GB MIG 4g.20gb (0),1,,13,cupy_copy__float32_float32
6016924690,82783,425850,1,1,1,32,32,1,30,0.000,0.000,,,,,NVIDIA A100-SXM4-40GB MIG 4g.20gb (0),1,,13,"void convert_kernel<__half2, float2>(tensor_layout_any, T1 *, tensor_layout_any, const T2 *)"
6017035409,5504,425853,,,,,,,,,,0.094,17023.251,Pinned,Device,NVIDIA A100-SXM4-40GB MIG 4g.20gb (0),1,,13,[CUDA memcpy Host-to-Device]
6017048561,3392,425854,,,,,,,,,,1.547,455961.768,Device,,NVIDIA A100-SXM4-40GB MIG 4g.20gb (0),1,,13,[CUDA memset]
6017055793,3200,425859,,,,,,,,,,0.031,9780.000,Pinned,Device,NVIDIA A100-SXM4-40GB MIG 4g.20gb (0),1,,13,[CUDA memcpy Host-to-Device]
6017061841,9504,425860,,,,,,,,,,0.197,20686.701,Pinned,Device,NVIDIA A100-SXM4-40GB MIG 4g.20gb (0),1,,13,[CUDA memcpy Host-to-Device]
6017075537,6367,425861,273,1,1,8,4,1,39,0.002,0.000,,,,,NVIDIA A100-SXM4-40GB MIG 4g.20gb (0),1,,13,"void channel_eq::eqMmseCoefCompLowMimoKernel<float, float, float, (unsigned int)4, (unsigned int)1, (unsigned int)4>(const channel_eq::_puschRxChEqStatDescr *, channel_eq::_puschRxChEqCoefCompDynDescr)"
6017082960,6016,425862,273,1,1,12,11,1,51,0.002,0.000,,,,,NVIDIA A100-SXM4-40GB MIG 4g.20gb (0),1,,13,"void channel_eq::eqMmseSoftDemapKernel<float, __half, __half, float, (unsigned int)4, (unsigned short)16383>(channel_eq::_puschRxChEqStatDescr *, channel_eq::_puschRxChEqSoftDemapDynDescr)"
6017090096,281981,425863,1,1,1,32,32,1,30,0.000,0.000,,,,,NVIDIA A100-SXM4-40GB MIG 4g.20gb (0),1,,13,"void convert_kernel<float2, __half2>(tensor_layout_any, T1 *, tensor_layout_any, const T2 *)"
6017374189,10976,425875,2253,1,1,128,1,1,16,0.000,0.000,,,,,NVIDIA A100-SXM4-40GB MIG 4g.20gb (0),1,,13,cupy_copy__float16_float16
6017386829,3264,425884,282,1,1,128,1,1,16,0.000,0.000,,,,,NVIDIA A100-SXM4-40GB MIG 4g.20gb (0),1,,13,cupy_copy__complex64_complex64
6017393549,2112,425893,26,1,1,128,1,1,16,0.000,0.000,,,,,NVIDIA A100-SXM4-40GB MIG 4g.20gb (0),1,,13,cupy_copy__float32_float32
6017397581,4479,425902,103,1,1,128,1,1,16,0.000,0.000,,,,,NVIDIA A100-SXM4-40GB MIG 4g.20gb (0),1,,13,cupy_copy__complex64_complex64
6017407308,11968,425912,1434,1,1,128,1,1,16,0.000,0.000,,,,,NVIDIA A100-SXM4-40GB MIG 4g.20gb (0),1,,13,cupy_copy__complex64_complex64
6017423244,87967,425917,1,1,1,32,32,1,30,0.000,0.000,,,,,NVIDIA A100-SXM4-40GB MIG 4g.20gb (0),1,,13,"void convert_kernel<__half2, float2>(tensor_layout_any, T1 *, tensor_layout_any, const T2 *)"
6017538315,5824,425920,,,,,,,,,,0.094,16087.884,Pinned,Device,NVIDIA A100-SXM4-40GB MIG 4g.20gb (0),1,,13,[CUDA memcpy Host-to-Device]
6017548971,597400,425921,,,,,,,,,,456.561,763827.289,Device,,NVIDIA A100-SXM4-40GB MIG 4g.20gb (0),1,,13,[CUDA memset]
6018153731,138911,425926,,,,,,,,,,1.235,8889.127,Pinned,Device,NVIDIA A100-SXM4-40GB MIG 4g.20gb (0),1,,13,[CUDA memcpy Host-to-Device]
6018304961,40896,425927,,,,,,,,,,0.197,4807.459,Pinned,Device,NVIDIA A100-SXM4-40GB MIG 4g.20gb (0),1,,13,[CUDA memcpy Host-to-Device]
6018362529,8288,425928,69,4,1,48,1,1,76,0.002,0.000,,,,,NVIDIA A100-SXM4-40GB MIG 4g.20gb (0),1,,13,"void ch_est::windowedChEstPreNoDftSOfdmKernel<float, __half, float, (unsigned int)2, (unsigned int)1, (unsigned short)4>(ch_est::puschRxChEstStatDescr_t *, ch_est::puschRxChEstDynDescr_t *)"
6018381376,6816,425929,137,2,1,24,2,1,44,0.001,0.001,,,,,NVIDIA A100-SXM4-40GB MIG 4g.20gb (0),1,,13,"void ch_est::chEstFilterNoDftSOfdmDispatchKernel<float, __half, float, (unsigned int)2>(ch_est::puschRxChEstStatDescr_t *, ch_est::puschRxChEstDynDescr_t *)"
6018395008,4736,425930,137,2,1,24,2,1,44,0.001,0.001,,,,,NVIDIA A100-SXM4-40GB MIG 4g.20gb (0),1,,13,"void ch_est::chEstFilterNoDftSOfdmDispatchKernel<float, __half, float, (unsigned int)2>(ch_est::puschRxChEstStatDescr_t *, ch_est::puschRxChEstDynDescr_t *)"
6018412992,2816,425941,103,1,1,128,1,1,16,0.000,0.000,,,,,NVIDIA A100-SXM4-40GB MIG 4g.20gb (0),1,,13,cupy_copy__complex64_complex64
6018424192,12448,425951,1434,1,1,128,1,1,16,0.000,0.000,,,,,NVIDIA A100-SXM4-40GB MIG 4g.20gb (0),1,,13,cupy_copy__complex64_complex64
6018453632,2527,425958,103,1,1,128,1,1,16,0.000,0.000,,,,,NVIDIA A100-SXM4-40GB MIG 4g.20gb (0),1,,13,cupy_copy__complex64_complex64
6018466559,81759,425965,1,1,1,32,32,1,30,0.000,0.000,,,,,NVIDIA A100-SXM4-40GB MIG 4g.20gb (0),1,,13,"void convert_kernel<__half2, float2>(tensor_layout_any, T1 *, tensor_layout_any, const T2 *)"
6018575518,9216,425968,,,,,,,,,,0.094,10166.578,Pinned,Device,NVIDIA A100-SXM4-40GB MIG 4g.20gb (0),1,,13,[CUDA memcpy Host-to-Device]
6018596638,46623,425969,,,,,,,,,,35.810,768051.164,Device,,NVIDIA A100-SXM4-40GB MIG 4g.20gb (0),1,,13,[CUDA memset]
6018650621,7872,425971,,,,,,,,,,0.000,10.163,Pinned,Device,NVIDIA A100-SXM4-40GB MIG 4g.20gb (0),1,,13,[CUDA memcpy Host-to-Device]
6018661949,19232,425972,,,,,,,,,,0.197,10222.830,Pinned,Device,NVIDIA A100-SXM4-40GB MIG 4g.20gb (0),1,,13,[CUDA memcpy Host-to-Device]
6018691517,9887,425973,273,1,1,48,1,1,40,0.000,0.001,,,,,NVIDIA A100-SXM4-40GB MIG 4g.20gb (0),1,,13,"void pusch_noise_intf_est::noiseIntfEstNoDftSOfdmKernel<float, __half, float, float, (unsigned int)2, (unsigned int)1, (unsigned char)4, (unsigned char)4>(pusch_noise_intf_est::puschRxNoiseIntfEstDynDescr)"
6018708956,2880,425984,35,1,1,128,1,1,16,0.000,0.000,,,,,NVIDIA A100-SXM4-40GB MIG 4g.20gb (0),1,,13,cupy_copy__complex64_complex64
6018717564,1792,425993,1,1,1,1,1,1,18,0.000,0.000,,,,,NVIDIA A100-SXM4-40GB MIG 4g.20gb (0),1,,13,cupy_copy__float32_float32
6018728124,3648,425999,,,,,,,,,,0.000,1.096,Device,Pageable,NVIDIA A100-SXM4-40GB MIG 4g.20gb (0),1,,7,[CUDA memcpy Device-to-Host]
6018794011,12832,426010,1434,1,1,128,1,1,16,0.000,0.000,,,,,NVIDIA A100-SXM4-40GB MIG 4g.20gb (0),1,,13,cupy_copy__complex64_complex64
6018823835,2752,426017,103,1,1,128,1,1,16,0.000,0.000,,,,,NVIDIA A100-SXM4-40GB MIG 4g.20gb (0),1,,13,cupy_copy__complex64_complex64
6018851483,2336,426024,35,1,1,128,1,1,16,0.000,0.000,,,,,NVIDIA A100-SXM4-40GB MIG 4g.20gb (0),1,,13,cupy_copy__complex64_complex64
6018873242,1792,426031,1,1,1,1,1,1,18,0.000,0.000,,,,,NVIDIA A100-SXM4-40GB MIG 4g.20gb (0),1,,13,cupy_copy__float32_float32
6019006713,85631,426042,1,1,1,32,32,1,30,0.000,0.000,,,,,NVIDIA A100-SXM4-40GB MIG 4g.20gb (0),1,,13,"void convert_kernel<__half2, float2>(tensor_layout_any, T1 *, tensor_layout_any, const T2 *)"
6019120407,5568,426045,,,,,,,,,,0.094,16827.521,Pinned,Device,NVIDIA A100-SXM4-40GB MIG 4g.20gb (0),1,,13,[CUDA memcpy Host-to-Device]
6019134263,3264,426046,,,,,,,,,,1.547,473842.288,Device,,NVIDIA A100-SXM4-40GB MIG 4g.20gb (0),1,,13,[CUDA memset]
6019141047,3360,426051,,,,,,,,,,0.031,9314.284,Pinned,Device,NVIDIA A100-SXM4-40GB MIG 4g.20gb (0),1,,13,[CUDA memcpy Host-to-Device]
6019146807,9536,426052,,,,,,,,,,0.197,20617.298,Pinned,Device,NVIDIA A100-SXM4-40GB MIG 4g.20gb (0),1,,13,[CUDA memcpy Host-to-Device]
6019160535,6144,426053,273,1,1,8,4,1,39,0.002,0.000,,,,,NVIDIA A100-SXM4-40GB MIG 4g.20gb (0),1,,13,"void channel_eq::eqMmseCoefCompLowMimoKernel<float, float, float, (unsigned int)4, (unsigned int)1, (unsigned int)4>(const channel_eq::_puschRxChEqStatDescr *, channel_eq::_puschRxChEqCoefCompDynDescr)"
6019167671,6400,426054,273,1,1,12,11,1,51,0.002,0.000,,,,,NVIDIA A100-SXM4-40GB MIG 4g.20gb (0),1,,13,"void channel_eq::eqMmseSoftDemapKernel<float, __half, __half, float, (unsigned int)4, (unsigned short)16383>(channel_eq::_puschRxChEqStatDescr *, channel_eq::_puschRxChEqSoftDemapDynDescr)"
6019175031,294876,426055,1,1,1,32,32,1,30,0.000,0.000,,,,,NVIDIA A100-SXM4-40GB MIG 4g.20gb (0),1,,13,"void convert_kernel<float2, __half2>(tensor_layout_any, T1 *, tensor_layout_any, const T2 *)"
6019470899,10944,426067,2253,1,1,128,1,1,16,0.000,0.000,,,,,NVIDIA A100-SXM4-40GB MIG 4g.20gb (0),1,,13,cupy_copy__float16_float16
6019486675,3232,426076,282,1,1,128,1,1,16,0.000,0.000,,,,,NVIDIA A100-SXM4-40GB MIG 4g.20gb (0),1,,13,cupy_copy__complex64_complex64
6019491635,2080,426085,26,1,1,128,1,1,16,0.000,0.000,,,,,NVIDIA A100-SXM4-40GB MIG 4g.20gb (0),1,,13,cupy_copy__float32_float32
6019495251,4640,426094,103,1,1,128,1,1,16,0.000,0.000,,,,,NVIDIA A100-SXM4-40GB MIG 4g.20gb (0),1,,13,cupy_copy__complex64_complex64
6019500979,11967,426104,1434,1,1,128,1,1,16,0.000,0.000,,,,,NVIDIA A100-SXM4-40GB MIG 4g.20gb (0),1,,13,cupy_copy__complex64_complex64
6019514258,82367,426109,1,1,1,32,32,1,30,0.000,0.000,,,,,NVIDIA A100-SXM4-40GB MIG 4g.20gb (0),1,,13,"void convert_kernel<__half2, float2>(tensor_layout_any, T1 *, tensor_layout_any, const T2 *)"
6019623601,5472,426112,,,,,,,,,,0.094,17122.757,Pinned,Device,NVIDIA A100-SXM4-40GB MIG 4g.20gb (0),1,,13,[CUDA memcpy Host-to-Device]
6019633233,602041,426113,,,,,,,,,,456.561,758348.552,Device,,NVIDIA A100-SXM4-40GB MIG 4g.20gb (0),1,,13,[CUDA memset]
6020242217,128735,426118,,,,,,,,,,1.235,9591.810,Pinned,Device,NVIDIA A100-SXM4-40GB MIG 4g.20gb (0),1,,13,[CUDA memcpy Host-to-Device]
6020380744,34655,426119,,,,,,,,,,0.197,5673.124,Pinned,Device,NVIDIA A100-SXM4-40GB MIG 4g.20gb (0),1,,13,[CUDA memcpy Host-to-Device]
6020444871,8064,426120,69,4,1,48,1,1,76,0.002,0.000,,,,,NVIDIA A100-SXM4-40GB MIG 4g.20gb (0),1,,13,"void ch_est::windowedChEstPreNoDftSOfdmKernel<float, __half, float, (unsigned int)2, (unsigned int)1, (unsigned short)4>(ch_est::puschRxChEstStatDescr_t *, ch_est::puschRxChEstDynDescr_t *)"
6020463911,6720,426121,137,2,1,24,2,1,44,0.001,0.001,,,,,NVIDIA A100-SXM4-40GB MIG 4g.20gb (0),1,,13,"void ch_est::chEstFilterNoDftSOfdmDispatchKernel<float, __half, float, (unsigned int)2>(ch_est::puschRxChEstStatDescr_t *, ch_est::puschRxChEstDynDescr_t *)"
6020482374,4736,426122,137,2,1,24,2,1,44,0.001,0.001,,,,,NVIDIA A100-SXM4-40GB MIG 4g.20gb (0),1,,13,"void ch_est::chEstFilterNoDftSOfdmDispatchKernel<float, __half, float, (unsigned int)2>(ch_est::puschRxChEstStatDescr_t *, ch_est::puschRxChEstDynDescr_t *)"
6020498246,2528,426133,103,1,1,128,1,1,16,0.000,0.000,,,,,NVIDIA A100-SXM4-40GB MIG 4g.20gb (0),1,,13,cupy_copy__complex64_complex64
6020517286,12224,426143,1434,1,1,128,1,1,16,0.000,0.000,,,,,NVIDIA A100-SXM4-40GB MIG 4g.20gb (0),1,,13,cupy_copy__complex64_complex64
6020535846,2912,426150,103,1,1,128,1,1,16,0.000,0.000,,,,,NVIDIA A100-SXM4-40GB MIG 4g.20gb (0),1,,13,cupy_copy__complex64_complex64
6020561318,85438,426157,1,1,1,32,32,1,30,0.000,0.000,,,,,NVIDIA A100-SXM4-40GB MIG 4g.20gb (0),1,,13,"void convert_kernel<__half2, float2>(tensor_layout_any, T1 *, tensor_layout_any, const T2 *)"
6020678404,17984,426160,,,,,,,,,,0.094,5209.872,Pinned,Device,NVIDIA A100-SXM4-40GB MIG 4g.20gb (0),1,,13,[CUDA memcpy Host-to-Device]
6020718500,47263,426161,,,,,,,,,,35.810,757666.287,Device,,NVIDIA A100-SXM4-40GB MIG 4g.20gb (0),1,,13,[CUDA memset]
6020767139,7328,426163,,,,,,,,,,0.000,10.917,Pinned,Device,NVIDIA A100-SXM4-40GB MIG 4g.20gb (0),1,,13,[CUDA memcpy Host-to-Device]
6020780131,16992,426164,,,,,,,,,,0.197,11570.577,Pinned,Device,NVIDIA A100-SXM4-40GB MIG 4g.20gb (0),1,,13,[CUDA memcpy Host-to-Device]
6020809218,12608,426165,273,1,1,48,1,1,40,0.000,0.001,,,,,NVIDIA A100-SXM4-40GB MIG 4g.20gb (0),1,,13,"void pusch_noise_intf_est::noiseIntfEstNoDftSOfdmKernel<float, __half, float, float, (unsigned int)2, (unsigned int)1, (unsigned char)4, (unsigned char)4>(pusch_noise_intf_est::puschRxNoiseIntfEstDynDescr)"
6020824162,3200,426176,35,1,1,128,1,1,16,0.000,0.000,,,,,NVIDIA A100-SXM4-40GB MIG 4g.20gb (0),1,,13,cupy_copy__complex64_complex64
6020831874,2048,426185,1,1,1,1,1,1,18,0.000,0.000,,,,,NVIDIA A100-SXM4-40GB MIG 4g.20gb (0),1,,13,cupy_copy__float32_float32
6020838754,5632,426191,,,,,,,,,,0.000,0.710,Device,Pageable,NVIDIA A100-SXM4-40GB MIG 4g.20gb (0),1,,7,[CUDA memcpy Device-to-Host]
6020919585,13184,426202,1434,1,1,128,1,1,16,0.000,0.000,,,,,NVIDIA A100-SXM4-40GB MIG 4g.20gb (0),1,,13,cupy_copy__complex64_complex64
6020951681,3392,426209,103,1,1,128,1,1,16,0.000,0.000,,,,,NVIDIA A100-SXM4-40GB MIG 4g.20gb (0),1,,13,cupy_copy__complex64_complex64
6020962561,2464,426216,35,1,1,128,1,1,16,0.000,0.000,,,,,NVIDIA A100-SXM4-40GB MIG 4g.20gb (0),1,,13,cupy_copy__complex64_complex64
6020984704,1792,426223,1,1,1,1,1,1,18,0.000,0.000,,,,,NVIDIA A100-SXM4-40GB MIG 4g.20gb (0),1,,13,cupy_copy__float32_float32
6021119711,87935,426234,1,1,1,32,32,1,30,0.000,0.000,,,,,NVIDIA A100-SXM4-40GB MIG 4g.20gb (0),1,,13,"void convert_kernel<__half2, float2>(tensor_layout_any, T1 *, tensor_layout_any, const T2 *)"
6021235421,5888,426237,,,,,,,,,,0.094,15912.954,Pinned,Device,NVIDIA A100-SXM4-40GB MIG 4g.20gb (0),1,,13,[CUDA memcpy Host-to-Device]
6021250749,3200,426238,,,,,,,,,,1.547,483320.000,Device,,NVIDIA A100-SXM4-40GB MIG 4g.20gb (0),1,,13,[CUDA memset]
6021256605,3488,426243,,,,,,,,,,0.031,8972.469,Pinned,Device,NVIDIA A100-SXM4-40GB MIG 4g.20gb (0),1,,13,[CUDA memcpy Host-to-Device]
6021262845,9568,426244,,,,,,,,,,0.197,20548.485,Pinned,Device,NVIDIA A100-SXM4-40GB MIG 4g.20gb (0),1,,13,[CUDA memcpy Host-to-Device]
6021276893,6208,426245,273,1,1,8,4,1,39,0.002,0.000,,,,,NVIDIA A100-SXM4-40GB MIG 4g.20gb (0),1,,13,"void channel_eq::eqMmseCoefCompLowMimoKernel<float, float, float, (unsigned int)4, (unsigned int)1, (unsigned int)4>(const channel_eq::_puschRxChEqStatDescr *, channel_eq::_puschRxChEqCoefCompDynDescr)"
6021284061,6272,426246,273,1,1,12,11,1,51,0.002,0.000,,,,,NVIDIA A100-SXM4-40GB MIG 4g.20gb (0),1,,13,"void channel_eq::eqMmseSoftDemapKernel<float, __half, __half, float, (unsigned int)4, (unsigned short)16383>(channel_eq::_puschRxChEqStatDescr *, channel_eq::_puschRxChEqSoftDemapDynDescr)"
6021291325,283260,426247,1,1,1,32,32,1,30,0.000,0.000,,,,,NVIDIA A100-SXM4-40GB MIG 4g.20gb (0),1,,13,"void convert_kernel<float2, __half2>(tensor_layout_any, T1 *, tensor_layout_any, const T2 *)"
6021577977,11040,426259,2253,1,1,128,1,1,16,0.000,0.000,,,,,NVIDIA A100-SXM4-40GB MIG 4g.20gb (0),1,,13,cupy_copy__float16_float16
6021592985,3552,426268,282,1,1,128,1,1,16,0.000,0.000,,,,,NVIDIA A100-SXM4-40GB MIG 4g.20gb (0),1,,13,cupy_copy__complex64_complex64
6021598265,2080,426277,26,1,1,128,1,1,16,0.000,0.000,,,,,NVIDIA A100-SXM4-40GB MIG 4g.20gb (0),1,,13,cupy_copy__float32_float32
6021601689,4576,426286,103,1,1,128,1,1,16,0.000,0.000,,,,,NVIDIA A100-SXM4-40GB MIG 4g.20gb (0),1,,13,cupy_copy__complex64_complex64
6021609977,12031,426296,1434,1,1,128,1,1,16,0.000,0.000,,,,,NVIDIA A100-SXM4-40GB MIG 4g.20gb (0),1,,13,cupy_copy__complex64_complex64
6021629368,88543,426301,1,1,1,32,32,1,30,0.000,0.000,,,,,NVIDIA A100-SXM4-40GB MIG 4g.20gb (0),1,,13,"void convert_kernel<__half2, float2>(tensor_layout_any, T1 *, tensor_layout_any, const T2 *)"
6021745143,5952,426304,,,,,,,,,,0.094,15741.865,Pinned,Device,NVIDIA A100-SXM4-40GB MIG 4g.20gb (0),1,,13,[CUDA memcpy Host-to-Device]
6021754679,599320,426305,,,,,,,,,,456.561,761544.482,Device,,NVIDIA A100-SXM4-40GB MIG 4g.20gb (0),1,,13,[CUDA memset]
6022356623,149631,426310,,,,,,,,,,1.235,8253.131,Pinned,Device,NVIDIA A100-SXM4-40GB MIG 4g.20gb (0),1,,13,[CUDA memcpy Host-to-Device]
6022515501,38048,426311,,,,,,,,,,0.197,5167.251,Pinned,Device,NVIDIA A100-SXM4-40GB MIG 4g.20gb (0),1,,13,[CUDA memcpy Host-to-Device]
6022577773,7968,426312,69,4,1,48,1,1,76,0.002,0.000,,,,,NVIDIA A100-SXM4-40GB MIG 4g.20gb (0),1,,13,"void ch_est::windowedChEstPreNoDftSOfdmKernel<float, __half, float, (unsigned int)2, (unsigned int)1, (unsigned short)4>(ch_est::puschRxChEstStatDescr_t *, ch_est::puschRxChEstDynDescr_t *)"
6022594348,6752,426313,137,2,1,24,2,1,44,0.001,0.001,,,,,NVIDIA A100-SXM4-40GB MIG 4g.20gb (0),1,,13,"void ch_est::chEstFilterNoDftSOfdmDispatchKernel<float, __half, float, (unsigned int)2>(ch_est::puschRxChEstStatDescr_t *, ch_est::puschRxChEstDynDescr_t *)"
6022608076,4736,426314,137,2,1,24,2,1,44,0.001,0.001,,,,,NVIDIA A100-SXM4-40GB MIG 4g.20gb (0),1,,13,"void ch_est::chEstFilterNoDftSOfdmDispatchKernel<float, __half, float, (unsigned int)2>(ch_est::puschRxChEstStatDescr_t *, ch_est::puschRxChEstDynDescr_t *)"
6022621772,2656,426325,103,1,1,128,1,1,16,0.000,0.000,,,,,NVIDIA A100-SXM4-40GB MIG 4g.20gb (0),1,,13,cupy_copy__complex64_complex64
6022634764,12768,426335,1434,1,1,128,1,1,16,0.000,0.000,,,,,NVIDIA A100-SXM4-40GB MIG 4g.20gb (0),1,,13,cupy_copy__complex64_complex64
6022666220,2592,426342,103,1,1,128,1,1,16,0.000,0.000,,,,,NVIDIA A100-SXM4-40GB MIG 4g.20gb (0),1,,13,cupy_copy__complex64_complex64
6022680875,89855,426349,1,1,1,32,32,1,30,0.000,0.000,,,,,NVIDIA A100-SXM4-40GB MIG 4g.20gb (0),1,,13,"void convert_kernel<__half2, float2>(tensor_layout_any, T1 *, tensor_layout_any, const T2 *)"
6022802922,14912,426352,,,,,,,,,,0.094,6283.254,Pinned,Device,NVIDIA A100-SXM4-40GB MIG 4g.20gb (0),1,,13,[CUDA memcpy Host-to-Device]
6022841513,46624,426353,,,,,,,,,,35.810,768051.164,Device,,NVIDIA A100-SXM4-40GB MIG 4g.20gb (0),1,,13,[CUDA memset]
6022892809,6944,426355,,,,,,,,,,0.000,11.521,Pinned,Device,NVIDIA A100-SXM4-40GB MIG 4g.20gb (0),1,,13,[CUDA memcpy Host-to-Device]
6022910505,26815,426356,,,,,,,,,,0.197,7331.906,Pinned,Device,NVIDIA A100-SXM4-40GB MIG 4g.20gb (0),1,,13,[CUDA memcpy Host-to-Device]
6022958472,9536,426357,273,1,1,48,1,1,40,0.000,0.001,,,,,NVIDIA A100-SXM4-40GB MIG 4g.20gb (0),1,,13,"void pusch_noise_intf_est::noiseIntfEstNoDftSOfdmKernel<float, __half, float, float, (unsigned int)2, (unsigned int)1, (unsigned char)4, (unsigned char)4>(pusch_noise_intf_est::puschRxNoiseIntfEstDynDescr)"
6022975208,2720,426368,35,1,1,128,1,1,16,0.000,0.000,,,,,NVIDIA A100-SXM4-40GB MIG 4g.20gb (0),1,,13,cupy_copy__complex64_complex64
6022991752,1728,426377,1,1,1,1,1,1,18,0.000,0.000,,,,,NVIDIA A100-SXM4-40GB MIG 4g.20gb (0),1,,13,cupy_copy__float32_float32
6022995271,7392,426383,,,,,,,,,,0.000,0.541,Device,Pageable,NVIDIA A100-SXM4-40GB MIG 4g.20gb (0),1,,7,[CUDA memcpy Device-to-Host]
6023082182,12896,426394,1434,1,1,128,1,1,16,0.000,0.000,,,,,NVIDIA A100-SXM4-40GB MIG 4g.20gb (0),1,,13,cupy_copy__complex64_complex64
6023119526,3104,426401,103,1,1,128,1,1,16,0.000,0.000,,,,,NVIDIA A100-SXM4-40GB MIG 4g.20gb (0),1,,13,cupy_copy__complex64_complex64
6023134406,2560,426408,35,1,1,128,1,1,16,0.000,0.000,,,,,NVIDIA A100-SXM4-40GB MIG 4g.20gb (0),1,,13,cupy_copy__complex64_complex64
6023144934,1792,426415,1,1,1,1,1,1,18,0.000,0.000,,,,,NVIDIA A100-SXM4-40GB MIG 4g.20gb (0),1,,13,cupy_copy__float32_float32
6023278116,86271,426426,1,1,1,32,32,1,30,0.000,0.000,,,,,NVIDIA A100-SXM4-40GB MIG 4g.20gb (0),1,,13,"void convert_kernel<__half2, float2>(tensor_layout_any, T1 *, tensor_layout_any, const T2 *)"
6023395651,10879,426429,,,,,,,,,,0.094,8612.536,Pinned,Device,NVIDIA A100-SXM4-40GB MIG 4g.20gb (0),1,,13,[CUDA memcpy Host-to-Device]
6023415842,3424,426430,,,,,,,,,,1.547,451700.819,Device,,NVIDIA A100-SXM4-40GB MIG 4g.20gb (0),1,,13,[CUDA memset]
6023424002,7936,426435,,,,,,,,,,0.031,3943.546,Pinned,Device,NVIDIA A100-SXM4-40GB MIG 4g.20gb (0),1,,13,[CUDA memcpy Host-to-Device]
6023437186,15232,426436,,,,,,,,,,0.197,12907.512,Pinned,Device,NVIDIA A100-SXM4-40GB MIG 4g.20gb (0),1,,13,[CUDA memcpy Host-to-Device]
6023462114,8256,426437,273,1,1,8,4,1,39,0.002,0.000,,,,,NVIDIA A100-SXM4-40GB MIG 4g.20gb (0),1,,13,"void channel_eq::eqMmseCoefCompLowMimoKernel<float, float, float, (unsigned int)4, (unsigned int)1, (unsigned int)4>(const channel_eq::_puschRxChEqStatDescr *, channel_eq::_puschRxChEqCoefCompDynDescr)"
6023478274,5471,426438,273,1,1,12,11,1,51,0.002,0.000,,,,,NVIDIA A100-SXM4-40GB MIG 4g.20gb (0),1,,13,"void channel_eq::eqMmseSoftDemapKernel<float, __half, __half, float, (unsigned int)4, (unsigned short)16383>(channel_eq::_puschRxChEqStatDescr *, channel_eq::_puschRxChEqSoftDemapDynDescr)"
6023486433,289469,426439,1,1,1,32,32,1,30,0.000,0.000,,,,,NVIDIA A100-SXM4-40GB MIG 4g.20gb (0),1,,13,"void convert_kernel<float2, __half2>(tensor_layout_any, T1 *, tensor_layout_any, const T2 *)"
6023778110,11264,426451,2253,1,1,128,1,1,16,0.000,0.000,,,,,NVIDIA A100-SXM4-40GB MIG 4g.20gb (0),1,,13,cupy_copy__float16_float16
6023793950,2816,426460,282,1,1,128,1,1,16,0.000,0.000,,,,,NVIDIA A100-SXM4-40GB MIG 4g.20gb (0),1,,13,cupy_copy__complex64_complex64
6023799454,1984,426469,26,1,1,128,1,1,16,0.000,0.000,,,,,NVIDIA A100-SXM4-40GB MIG 4g.20gb (0),1,,13,cupy_copy__float32_float32
6023802974,3135,426478,103,1,1,128,1,1,16,0.000,0.000,,,,,NVIDIA A100-SXM4-40GB MIG 4g.20gb (0),1,,13,cupy_copy__complex64_complex64
6023807229,11968,426488,1434,1,1,128,1,1,16,0.000,0.000,,,,,NVIDIA A100-SXM4-40GB MIG 4g.20gb (0),1,,13,cupy_copy__complex64_complex64
6023821437,81471,426493,1,1,1,32,32,1,30,0.000,0.000,,,,,NVIDIA A100-SXM4-40GB MIG 4g.20gb (0),1,,13,"void convert_kernel<__half2, float2>(tensor_layout_any, T1 *, tensor_layout_any, const T2 *)"
6023929564,5408,426496,,,,,,,,,,0.094,17325.421,Pinned,Device,NVIDIA A100-SXM4-40GB MIG 4g.20gb (0),1,,13,[CUDA memcpy Host-to-Device]
6023939484,599192,426497,,,,,,,,,,456.561,761544.482,Device,,NVIDIA A100-SXM4-40GB MIG 4g.20gb (0),1,,13,[CUDA memset]
6024542068,78175,426502,,,,,,,,,,1.235,15796.169,Pinned,Device,NVIDIA A100-SXM4-40GB MIG 4g.20gb (0),1,,13,[CUDA memcpy Host-to-Device]
6024626867,17088,426503,,,,,,,,,,0.197,11505.500,Pinned,Device,NVIDIA A100-SXM4-40GB MIG 4g.20gb (0),1,,13,[CUDA memcpy Host-to-Device]
6024652883,9056,426504,69,4,1,48,1,1,76,0.002,0.000,,,,,NVIDIA A100-SXM4-40GB MIG 4g.20gb (0),1,,13,"void ch_est::windowedChEstPreNoDftSOfdmKernel<float, __half, float, (unsigned int)2, (unsigned int)1, (unsigned short)4>(ch_est::puschRxChEstStatDescr_t *, ch_est::puschRxChEstDynDescr_t *)"
6024668595,7424,426505,137,2,1,24,2,1,44,0.001,0.001,,,,,NVIDIA A100-SXM4-40GB MIG 4g.20gb (0),1,,13,"void ch_est::chEstFilterNoDftSOfdmDispatchKernel<float, __half, float, (unsigned int)2>(ch_est::puschRxChEstStatDescr_t *, ch_est::puschRxChEstDynDescr_t *)"
6024678355,5184,426506,137,2,1,24,2,1,44,0.001,0.001,,,,,NVIDIA A100-SXM4-40GB MIG 4g.20gb (0),1,,13,"void ch_est::chEstFilterNoDftSOfdmDispatchKernel<float, __half, float, (unsigned int)2>(ch_est::puschRxChEstStatDescr_t *, ch_est::puschRxChEstDynDescr_t *)"
6024687827,3104,426517,103,1,1,128,1,1,16,0.000,0.000,,,,,NVIDIA A100-SXM4-40GB MIG 4g.20gb (0),1,,13,cupy_copy__complex64_complex64
6024696434,12896,426527,1434,1,1,128,1,1,16,0.000,0.000,,,,,NVIDIA A100-SXM4-40GB MIG 4g.20gb (0),1,,13,cupy_copy__complex64_complex64
6024713810,2560,426534,103,1,1,128,1,1,16,0.000,0.000,,,,,NVIDIA A100-SXM4-40GB MIG 4g.20gb (0),1,,13,cupy_copy__complex64_complex64
6024722962,89631,426541,1,1,1,32,32,1,30,0.000,0.000,,,,,NVIDIA A100-SXM4-40GB MIG 4g.20gb (0),1,,13,"void convert_kernel<__half2, float2>(tensor_layout_any, T1 *, tensor_layout_any, const T2 *)"
6024842033,9920,426544,,,,,,,,,,0.094,9445.119,Pinned,Device,NVIDIA A100-SXM4-40GB MIG 4g.20gb (0),1,,13,[CUDA memcpy Host-to-Device]
6024861360,46848,426545,,,,,,,,,,35.810,764362.742,Device,,NVIDIA A100-SXM4-40GB MIG 4g.20gb (0),1,,13,[CUDA memset]
6024908560,9024,426547,,,,,,,,,,0.000,8.865,Pinned,Device,NVIDIA A100-SXM4-40GB MIG 4g.20gb (0),1,,13,[CUDA memcpy Host-to-Device]
6024925008,14847,426548,,,,,,,,,,0.197,13242.139,Pinned,Device,NVIDIA A100-SXM4-40GB MIG 4g.20gb (0),1,,13,[CUDA memcpy Host-to-Device]
6024950991,9216,426549,273,1,1,48,1,1,40,0.000,0.001,,,,,NVIDIA A100-SXM4-40GB MIG 4g.20gb (0),1,,13,"void pusch_noise_intf_est::noiseIntfEstNoDftSOfdmKernel<float, __half, float, float, (unsigned int)2, (unsigned int)1, (unsigned char)4, (unsigned char)4>(pusch_noise_intf_est::puschRxNoiseIntfEstDynDescr)"
6024962479,2816,426560,35,1,1,128,1,1,16,0.000,0.000,,,,,NVIDIA A100-SXM4-40GB MIG 4g.20gb (0),1,,13,cupy_copy__complex64_complex64
6024973775,1728,426569,1,1,1,1,1,1,18,0.000,0.000,,,,,NVIDIA A100-SXM4-40GB MIG 4g.20gb (0),1,,13,cupy_copy__float32_float32
6024998831,3488,426575,,,,,,,,,,0.000,1.147,Device,Pageable,NVIDIA A100-SXM4-40GB MIG 4g.20gb (0),1,,7,[CUDA memcpy Device-to-Host]
6025063566,12832,426586,1434,1,1,128,1,1,16,0.000,0.000,,,,,NVIDIA A100-SXM4-40GB MIG 4g.20gb (0),1,,13,cupy_copy__complex64_complex64
6025090094,2912,426593,103,1,1,128,1,1,16,0.000,0.000,,,,,NVIDIA A100-SXM4-40GB MIG 4g.20gb (0),1,,13,cupy_copy__complex64_complex64
6025111245,2336,426600,35,1,1,128,1,1,16,0.000,0.000,,,,,NVIDIA A100-SXM4-40GB MIG 4g.20gb (0),1,,13,cupy_copy__complex64_complex64
6025130445,1920,426607,1,1,1,1,1,1,18,0.000,0.000,,,,,NVIDIA A100-SXM4-40GB MIG 4g.20gb (0),1,,13,cupy_copy__float32_float32
6025259468,82783,426618,1,1,1,32,32,1,30,0.000,0.000,,,,,NVIDIA A100-SXM4-40GB MIG 4g.20gb (0),1,,13,"void convert_kernel<__half2, float2>(tensor_layout_any, T1 *, tensor_layout_any, const T2 *)"
6025370218,5888,426621,,,,,,,,,,0.094,15912.954,Pinned,Device,NVIDIA A100-SXM4-40GB MIG 4g.20gb (0),1,,13,[CUDA memcpy Host-to-Device]
6025384458,3520,426622,,,,,,,,,,1.547,439380.412,Device,,NVIDIA A100-SXM4-40GB MIG 4g.20gb (0),1,,13,[CUDA memset]
6025391562,3392,426627,,,,,,,,,,0.031,9226.405,Pinned,Device,NVIDIA A100-SXM4-40GB MIG 4g.20gb (0),1,,13,[CUDA memcpy Host-to-Device]
6025397354,9376,426628,,,,,,,,,,0.197,20969.226,Pinned,Device,NVIDIA A100-SXM4-40GB MIG 4g.20gb (0),1,,13,[CUDA memcpy Host-to-Device]
6025410474,9184,426629,273,1,1,8,4,1,39,0.002,0.000,,,,,NVIDIA A100-SXM4-40GB MIG 4g.20gb (0),1,,13,"void channel_eq::eqMmseCoefCompLowMimoKernel<float, float, float, (unsigned int)4, (unsigned int)1, (unsigned int)4>(const channel_eq::_puschRxChEqStatDescr *, channel_eq::_puschRxChEqCoefCompDynDescr)"
6025420586,6079,426630,273,1,1,12,11,1,51,0.002,0.000,,,,,NVIDIA A100-SXM4-40GB MIG 4g.20gb (0),1,,13,"void channel_eq::eqMmseSoftDemapKernel<float, __half, __half, float, (unsigned int)4, (unsigned short)16383>(channel_eq::_puschRxChEqStatDescr *, channel_eq::_puschRxChEqSoftDemapDynDescr)"
6025427593,282429,426631,1,1,1,32,32,1,30,0.000,0.000,,,,,NVIDIA A100-SXM4-40GB MIG 4g.20gb (0),1,,13,"void convert_kernel<float2, __half2>(tensor_layout_any, T1 *, tensor_layout_any, const T2 *)"
6025713222,10912,426643,2253,1,1,128,1,1,16,0.000,0.000,,,,,NVIDIA A100-SXM4-40GB MIG 4g.20gb (0),1,,13,cupy_copy__float16_float16
6025728358,3456,426652,282,1,1,128,1,1,16,0.000,0.000,,,,,NVIDIA A100-SXM4-40GB MIG 4g.20gb (0),1,,13,cupy_copy__complex64_complex64
6025733830,2720,426661,26,1,1,128,1,1,16,0.000,0.000,,,,,NVIDIA A100-SXM4-40GB MIG 4g.20gb (0),1,,13,cupy_copy__float32_float32
6025737542,2784,426670,103,1,1,128,1,1,16,0.000,0.000,,,,,NVIDIA A100-SXM4-40GB MIG 4g.20gb (0),1,,13,cupy_copy__complex64_complex64
6025741734,12063,426680,1434,1,1,128,1,1,16,0.000,0.000,,,,,NVIDIA A100-SXM4-40GB MIG 4g.20gb (0),1,,13,cupy_copy__complex64_complex64
6025759845,82751,426685,1,1,1,32,32,1,30,0.000,0.000,,,,,NVIDIA A100-SXM4-40GB MIG 4g.20gb (0),1,,13,"void convert_kernel<__half2, float2>(tensor_layout_any, T1 *, tensor_layout_any, const T2 *)"
6025870020,6048,426688,,,,,,,,,,0.094,15491.978,Pinned,Device,NVIDIA A100-SXM4-40GB MIG 4g.20gb (0),1,,13,[CUDA memcpy Host-to-Device]
6025881252,598392,426689,,,,,,,,,,456.561,762914.166,Device,,NVIDIA A100-SXM4-40GB MIG 4g.20gb (0),1,,13,[CUDA memset]
6026491740,158686,426694,,,,,,,,,,1.235,7781.382,Pinned,Device,NVIDIA A100-SXM4-40GB MIG 4g.20gb (0),1,,13,[CUDA memcpy Host-to-Device]
6026658906,33728,426695,,,,,,,,,,0.197,5829.034,Pinned,Device,NVIDIA A100-SXM4-40GB MIG 4g.20gb (0),1,,13,[CUDA memcpy Host-to-Device]
6026712826,8192,426696,69,4,1,48,1,1,76,0.002,0.000,,,,,NVIDIA A100-SXM4-40GB MIG 4g.20gb (0),1,,13,"void ch_est::windowedChEstPreNoDftSOfdmKernel<float, __half, float, (unsigned int)2, (unsigned int)1, (unsigned short)4>(ch_est::puschRxChEstStatDescr_t *, ch_est::puschRxChEstDynDescr_t *)"
6026723577,7040,426697,137,2,1,24,2,1,44,0.001,0.001,,,,,NVIDIA A100-SXM4-40GB MIG 4g.20gb (0),1,,13,"void ch_est::chEstFilterNoDftSOfdmDispatchKernel<float, __half, float, (unsigned int)2>(ch_est::puschRxChEstStatDescr_t *, ch_est::puschRxChEstDynDescr_t *)"
6026733113,5120,426698,137,2,1,24,2,1,44,0.001,0.001,,,,,NVIDIA A100-SXM4-40GB MIG 4g.20gb (0),1,,13,"void ch_est::chEstFilterNoDftSOfdmDispatchKernel<float, __half, float, (unsigned int)2>(ch_est::puschRxChEstStatDescr_t *, ch_est::puschRxChEstDynDescr_t *)"
6026743097,2752,426709,103,1,1,128,1,1,16,0.000,0.000,,,,,NVIDIA A100-SXM4-40GB MIG 4g.20gb (0),1,,13,cupy_copy__complex64_complex64
6026751545,12640,426719,1434,1,1,128,1,1,16,0.000,0.000,,,,,NVIDIA A100-SXM4-40GB MIG 4g.20gb (0),1,,13,cupy_copy__complex64_complex64
6026766841,2496,426726,103,1,1,128,1,1,16,0.000,0.000,,,,,NVIDIA A100-SXM4-40GB MIG 4g.20gb (0),1,,13,cupy_copy__complex64_complex64
6026774617,87263,426733,1,1,1,32,32,1,30,0.000,0.000,,,,,NVIDIA A100-SXM4-40GB MIG 4g.20gb (0),1,,13,"void convert_kernel<__half2, float2>(tensor_layout_any, T1 *, tensor_layout_any, const T2 *)"
6026893975,8736,426736,,,,,,,,,,0.094,10725.194,Pinned,Device,NVIDIA A100-SXM4-40GB MIG 4g.20gb (0),1,,13,[CUDA memcpy Host-to-Device]
6026907895,47424,426737,,,,,,,,,,35.810,755087.973,Device,,NVIDIA A100-SXM4-40GB MIG 4g.20gb (0),1,,13,[CUDA memset]
6026960055,9791,426739,,,,,,,,,,0.000,8.171,Pinned,Device,NVIDIA A100-SXM4-40GB MIG 4g.20gb (0),1,,13,[CUDA memcpy Host-to-Device]
6026975862,17856,426740,,,,,,,,,,0.197,11010.638,Pinned,Device,NVIDIA A100-SXM4-40GB MIG 4g.20gb (0),1,,13,[CUDA memcpy Host-to-Device]
6027004630,9888,426741,273,1,1,48,1,1,40,0.000,0.001,,,,,NVIDIA A100-SXM4-40GB MIG 4g.20gb (0),1,,13,"void pusch_noise_intf_est::noiseIntfEstNoDftSOfdmKernel<float, __half, float, float, (unsigned int)2, (unsigned int)1, (unsigned char)4, (unsigned char)4>(pusch_noise_intf_est::puschRxNoiseIntfEstDynDescr)"
6027022454,2688,426752,35,1,1,128,1,1,16,0.000,0.000,,,,,NVIDIA A100-SXM4-40GB MIG 4g.20gb (0),1,,13,cupy_copy__complex64_complex64
6027032406,1728,426761,1,1,1,1,1,1,18,0.000,0.000,,,,,NVIDIA A100-SXM4-40GB MIG 4g.20gb (0),1,,13,cupy_copy__float32_float32
6027048981,6112,426767,,,,,,,,,,0.000,0.654,Device,Pageable,NVIDIA A100-SXM4-40GB MIG 4g.20gb (0),1,,7,[CUDA memcpy Device-to-Host]
6027136692,13088,426778,1434,1,1,128,1,1,16,0.000,0.000,,,,,NVIDIA A100-SXM4-40GB MIG 4g.20gb (0),1,,13,cupy_copy__complex64_complex64
6027164148,2944,426785,103,1,1,128,1,1,16,0.000,0.000,,,,,NVIDIA A100-SXM4-40GB MIG 4g.20gb (0),1,,13,cupy_copy__complex64_complex64
6027186100,2688,426792,35,1,1,128,1,1,16,0.000,0.000,,,,,NVIDIA A100-SXM4-40GB MIG 4g.20gb (0),1,,13,cupy_copy__complex64_complex64
6027198228,1696,426799,1,1,1,1,1,1,18,0.000,0.000,,,,,NVIDIA A100-SXM4-40GB MIG 4g.20gb (0),1,,13,cupy_copy__float32_float32
6027324082,88639,426810,1,1,1,32,32,1,30,0.000,0.000,,,,,NVIDIA A100-SXM4-40GB MIG 4g.20gb (0),1,,13,"void convert_kernel<__half2, float2>(tensor_layout_any, T1 *, tensor_layout_any, const T2 *)"
6027440657,5664,426813,,,,,,,,,,0.094,16542.310,Pinned,Device,NVIDIA A100-SXM4-40GB MIG 4g.20gb (0),1,,13,[CUDA memcpy Host-to-Device]
6027454416,3584,426814,,,,,,,,,,1.547,431534.389,Device,,NVIDIA A100-SXM4-40GB MIG 4g.20gb (0),1,,13,[CUDA memset]
6027461904,3648,426819,,,,,,,,,,0.031,8578.922,Pinned,Device,NVIDIA A100-SXM4-40GB MIG 4g.20gb (0),1,,13,[CUDA memcpy Host-to-Device]
6027468048,10336,426820,,,,,,,,,,0.197,19021.627,Pinned,Device,NVIDIA A100-SXM4-40GB MIG 4g.20gb (0),1,,13,[CUDA memcpy Host-to-Device]
6027482864,6304,426821,273,1,1,8,4,1,39,0.002,0.000,,,,,NVIDIA A100-SXM4-40GB MIG 4g.20gb (0),1,,13,"void channel_eq::eqMmseCoefCompLowMimoKernel<float, float, float, (unsigned int)4, (unsigned int)1, (unsigned int)4>(const channel_eq::_puschRxChEqStatDescr *, channel_eq::_puschRxChEqCoefCompDynDescr)"
6027492048,5824,426822,273,1,1,12,11,1,51,0.002,0.000,,,,,NVIDIA A100-SXM4-40GB MIG 4g.20gb (0),1,,13,"void channel_eq::eqMmseSoftDemapKernel<float, __half, __half, float, (unsigned int)4, (unsigned short)16383>(channel_eq::_puschRxChEqStatDescr *, channel_eq::_puschRxChEqSoftDemapDynDescr)"
6027499248,283068,426823,1,1,1,32,32,1,30,0.000,0.000,,,,,NVIDIA A100-SXM4-40GB MIG 4g.20gb (0),1,,13,"void convert_kernel<float2, __half2>(tensor_layout_any, T1 *, tensor_layout_any, const T2 *)"
6027785164,11232,426835,2253,1,1,128,1,1,16,0.000,0.000,,,,,NVIDIA A100-SXM4-40GB MIG 4g.20gb (0),1,,13,cupy_copy__float16_float16
6027799820,2976,426844,282,1,1,128,1,1,16,0.000,0.000,,,,,NVIDIA A100-SXM4-40GB MIG 4g.20gb (0),1,,13,cupy_copy__complex64_complex64
6027805804,2048,426853,26,1,1,128,1,1,16,0.000,0.000,,,,,NVIDIA A100-SXM4-40GB MIG 4g.20gb (0),1,,13,cupy_copy__float32_float32
6027809548,3008,426862,103,1,1,128,1,1,16,0.000,0.000,,,,,NVIDIA A100-SXM4-40GB MIG 4g.20gb (0),1,,13,cupy_copy__complex64_complex64
6027813612,11872,426872,1434,1,1,128,1,1,16,0.000,0.000,,,,,NVIDIA A100-SXM4-40GB MIG 4g.20gb (0),1,,13,cupy_copy__complex64_complex64
6027834476,82879,426877,1,1,1,32,32,1,30,0.000,0.000,,,,,NVIDIA A100-SXM4-40GB MIG 4g.20gb (0),1,,13,"void convert_kernel<__half2, float2>(tensor_layout_any, T1 *, tensor_layout_any, const T2 *)"
6027945322,5376,426880,,,,,,,,,,0.094,17428.487,Pinned,Device,NVIDIA A100-SXM4-40GB MIG 4g.20gb (0),1,,13,[CUDA memcpy Host-to-Device]
6027956778,598713,426881,,,,,,,,,,456.561,762457.605,Device,,NVIDIA A100-SXM4-40GB MIG 4g.20gb (0),1,,13,[CUDA memset]
6028559619,153502,426886,,,,,,,,,,1.235,8044.425,Pinned,Device,NVIDIA A100-SXM4-40GB MIG 4g.20gb (0),1,,13,[CUDA memcpy Host-to-Device]
6028723937,36319,426887,,,,,,,,,,0.197,5413.208,Pinned,Device,NVIDIA A100-SXM4-40GB MIG 4g.20gb (0),1,,13,[CUDA memcpy Host-to-Device]
6028780192,8192,426888,69,4,1,48,1,1,76,0.002,0.000,,,,,NVIDIA A100-SXM4-40GB MIG 4g.20gb (0),1,,13,"void ch_est::windowedChEstPreNoDftSOfdmKernel<float, __half, float, (unsigned int)2, (unsigned int)1, (unsigned short)4>(ch_est::puschRxChEstStatDescr_t *, ch_est::puschRxChEstDynDescr_t *)"
6028794336,7104,426889,137,2,1,24,2,1,44,0.001,0.001,,,,,NVIDIA A100-SXM4-40GB MIG 4g.20gb (0),1,,13,"void ch_est::chEstFilterNoDftSOfdmDispatchKernel<float, __half, float, (unsigned int)2>(ch_est::puschRxChEstStatDescr_t *, ch_est::puschRxChEstDynDescr_t *)"
6028809952,4768,426890,137,2,1,24,2,1,44,0.001,0.001,,,,,NVIDIA A100-SXM4-40GB MIG 4g.20gb (0),1,,13,"void ch_est::chEstFilterNoDftSOfdmDispatchKernel<float, __half, float, (unsigned int)2>(ch_est::puschRxChEstStatDescr_t *, ch_est::puschRxChEstDynDescr_t *)"
6028822208,2528,426901,103,1,1,128,1,1,16,0.000,0.000,,,,,NVIDIA A100-SXM4-40GB MIG 4g.20gb (0),1,,13,cupy_copy__complex64_complex64
6028836287,12640,426911,1434,1,1,128,1,1,16,0.000,0.000,,,,,NVIDIA A100-SXM4-40GB MIG 4g.20gb (0),1,,13,cupy_copy__complex64_complex64
6028862527,2400,426918,103,1,1,128,1,1,16,0.000,0.000,,,,,NVIDIA A100-SXM4-40GB MIG 4g.20gb (0),1,,13,cupy_copy__complex64_complex64
6028883039,92031,426925,1,1,1,32,32,1,30,0.000,0.000,,,,,NVIDIA A100-SXM4-40GB MIG 4g.20gb (0),1,,13,"void convert_kernel<__half2, float2>(tensor_layout_any, T1 *, tensor_layout_any, const T2 *)"
6029003261,5632,426928,,,,,,,,,,0.094,16636.287,Pinned,Device,NVIDIA A100-SXM4-40GB MIG 4g.20gb (0),1,,13,[CUDA memcpy Host-to-Device]
6029016157,47072,426929,,,,,,,,,,35.810,760745.940,Device,,NVIDIA A100-SXM4-40GB MIG 4g.20gb (0),1,,13,[CUDA memset]
6029069565,4223,426931,,,,,,,,,,0.000,18.944,Pinned,Device,NVIDIA A100-SXM4-40GB MIG 4g.20gb (0),1,,13,[CUDA memcpy Host-to-Device]
6029080092,11808,426932,,,,,,,,,,0.197,16650.338,Pinned,Device,NVIDIA A100-SXM4-40GB MIG 4g.20gb (0),1,,13,[CUDA memcpy Host-to-Device]
6029100060,10432,426933,273,1,1,48,1,1,40,0.000,0.001,,,,,NVIDIA A100-SXM4-40GB MIG 4g.20gb (0),1,,13,"void pusch_noise_intf_est::noiseIntfEstNoDftSOfdmKernel<float, __half, float, float, (unsigned int)2, (unsigned int)1, (unsigned char)4, (unsigned char)4>(pusch_noise_intf_est::puschRxNoiseIntfEstDynDescr)"
6029115260,2880,426944,35,1,1,128,1,1,16,0.000,0.000,,,,,NVIDIA A100-SXM4-40GB MIG 4g.20gb (0),1,,13,cupy_copy__complex64_complex64
6029128956,1984,426953,1,1,1,1,1,1,18,0.000,0.000,,,,,NVIDIA A100-SXM4-40GB MIG 4g.20gb (0),1,,13,cupy_copy__float32_float32
6029160379,2432,426959,,,,,,,,,,0.000,1.645,Device,Pageable,NVIDIA A100-SXM4-40GB MIG 4g.20gb (0),1,,7,[CUDA memcpy Device-to-Host]
6029222779,12703,426970,1434,1,1,128,1,1,16,0.000,0.000,,,,,NVIDIA A100-SXM4-40GB MIG 4g.20gb (0),1,,13,cupy_copy__complex64_complex64
6029248602,2592,426977,103,1,1,128,1,1,16,0.000,0.000,,,,,NVIDIA A100-SXM4-40GB MIG 4g.20gb (0),1,,13,cupy_copy__complex64_complex64
6029269178,2240,426984,35,1,1,128,1,1,16,0.000,0.000,,,,,NVIDIA A100-SXM4-40GB MIG 4g.20gb (0),1,,13,cupy_copy__complex64_complex64
6029287578,1792,426991,1,1,1,1,1,1,18,0.000,0.000,,,,,NVIDIA A100-SXM4-40GB MIG 4g.20gb (0),1,,13,cupy_copy__float32_float32
6029419896,82591,427002,1,1,1,32,32,1,30,0.000,0.000,,,,,NVIDIA A100-SXM4-40GB MIG 4g.20gb (0),1,,13,"void convert_kernel<__half2, float2>(tensor_layout_any, T1 *, tensor_layout_any, const T2 *)"
6029529559,5696,427005,,,,,,,,,,0.094,16449.363,Pinned,Device,NVIDIA A100-SXM4-40GB MIG 4g.20gb (0),1,,13,[CUDA memcpy Host-to-Device]
6029544599,3232,427006,,,,,,,,,,1.547,478533.199,Device,,NVIDIA A100-SXM4-40GB MIG 4g.20gb (0),1,,13,[CUDA memset]
6029550743,3008,427011,,,,,,,,,,0.031,10404.230,Pinned,Device,NVIDIA A100-SXM4-40GB MIG 4g.20gb (0),1,,13,[CUDA memcpy Host-to-Device]
6029556471,9471,427012,,,,,,,,,,0.197,20758.856,Pinned,Device,NVIDIA A100-SXM4-40GB MIG 4g.20gb (0),1,,13,[CUDA memcpy Host-to-Device]
6029569398,6208,427013,273,1,1,8,4,1,39,0.002,0.000,,,,,NVIDIA A100-SXM4-40GB MIG 4g.20gb (0),1,,13,"void channel_eq::eqMmseCoefCompLowMimoKernel<float, float, float, (unsigned int)4, (unsigned int)1, (unsigned int)4>(const channel_eq::_puschRxChEqStatDescr *, channel_eq::_puschRxChEqCoefCompDynDescr)"
6029578422,5856,427014,273,1,1,12,11,1,51,0.002,0.000,,,,,NVIDIA A100-SXM4-40GB MIG 4g.20gb (0),1,,13,"void channel_eq::eqMmseSoftDemapKernel<float, __half, __half, float, (unsigned int)4, (unsigned short)16383>(channel_eq::_puschRxChEqStatDescr *, channel_eq::_puschRxChEqSoftDemapDynDescr)"
6029585270,282749,427015,1,1,1,32,32,1,30,0.000,0.000,,,,,NVIDIA A100-SXM4-40GB MIG 4g.20gb (0),1,,13,"void convert_kernel<float2, __half2>(tensor_layout_any, T1 *, tensor_layout_any, const T2 *)"
6029868979,11072,427027,2253,1,1,128,1,1,16,0.000,0.000,,,,,NVIDIA A100-SXM4-40GB MIG 4g.20gb (0),1,,13,cupy_copy__float16_float16
6029882515,3007,427036,282,1,1,128,1,1,16,0.000,0.000,,,,,NVIDIA A100-SXM4-40GB MIG 4g.20gb (0),1,,13,cupy_copy__complex64_complex64
6029888082,2496,427045,26,1,1,128,1,1,16,0.000,0.000,,,,,NVIDIA A100-SXM4-40GB MIG 4g.20gb (0),1,,13,cupy_copy__float32_float32
6029893106,3136,427054,103,1,1,128,1,1,16,0.000,0.000,,,,,NVIDIA A100-SXM4-40GB MIG 4g.20gb (0),1,,13,cupy_copy__complex64_complex64
6029898642,12064,427064,1434,1,1,128,1,1,16,0.000,0.000,,,,,NVIDIA A100-SXM4-40GB MIG 4g.20gb (0),1,,13,cupy_copy__complex64_complex64
6029922898,83039,427069,1,1,1,32,32,1,30,0.000,0.000,,,,,NVIDIA A100-SXM4-40GB MIG 4g.20gb (0),1,,13,"void convert_kernel<__half2, float2>(tensor_layout_any, T1 *, tensor_layout_any, const T2 *)"
6030033585,5504,427072,,,,,,,,,,0.094,17023.251,Pinned,Device,NVIDIA A100-SXM4-40GB MIG 4g.20gb (0),1,,13,[CUDA memcpy Host-to-Device]
6030043761,599416,427073,,,,,,,,,,456.561,761544.482,Device,,NVIDIA A100-SXM4-40GB MIG 4g.20gb (0),1,,13,[CUDA memset]
6030653513,138494,427078,,,,,,,,,,1.235,8916.296,Pinned,Device,NVIDIA A100-SXM4-40GB MIG 4g.20gb (0),1,,13,[CUDA memcpy Host-to-Device]
6030807463,42752,427079,,,,,,,,,,0.197,4598.661,Pinned,Device,NVIDIA A100-SXM4-40GB MIG 4g.20gb (0),1,,13,[CUDA memcpy Host-to-Device]
6030880870,8256,427080,69,4,1,48,1,1,76,0.002,0.000,,,,,NVIDIA A100-SXM4-40GB MIG 4g.20gb (0),1,,13,"void ch_est::windowedChEstPreNoDftSOfdmKernel<float, __half, float, (unsigned int)2, (unsigned int)1, (unsigned short)4>(ch_est::puschRxChEstStatDescr_t *, ch_est::puschRxChEstDynDescr_t *)"
6030898150,6976,427081,137,2,1,24,2,1,44,0.001,0.001,,,,,NVIDIA A100-SXM4-40GB MIG 4g.20gb (0),1,,13,"void ch_est::chEstFilterNoDftSOfdmDispatchKernel<float, __half, float, (unsigned int)2>(ch_est::puschRxChEstStatDescr_t *, ch_est::puschRxChEstDynDescr_t *)"
6030915366,4768,427082,137,2,1,24,2,1,44,0.001,0.001,,,,,NVIDIA A100-SXM4-40GB MIG 4g.20gb (0),1,,13,"void ch_est::chEstFilterNoDftSOfdmDispatchKernel<float, __half, float, (unsigned int)2>(ch_est::puschRxChEstStatDescr_t *, ch_est::puschRxChEstDynDescr_t *)"
6030931174,2784,427093,103,1,1,128,1,1,16,0.000,0.000,,,,,NVIDIA A100-SXM4-40GB MIG 4g.20gb (0),1,,13,cupy_copy__complex64_complex64
6030943813,12384,427103,1434,1,1,128,1,1,16,0.000,0.000,,,,,NVIDIA A100-SXM4-40GB MIG 4g.20gb (0),1,,13,cupy_copy__complex64_complex64
6030965221,2880,427110,103,1,1,128,1,1,16,0.000,0.000,,,,,NVIDIA A100-SXM4-40GB MIG 4g.20gb (0),1,,13,cupy_copy__complex64_complex64
6030990437,90495,427117,1,1,1,32,32,1,30,0.000,0.000,,,,,NVIDIA A100-SXM4-40GB MIG 4g.20gb (0),1,,13,"void convert_kernel<__half2, float2>(tensor_layout_any, T1 *, tensor_layout_any, const T2 *)"
6031112675,22432,427120,,,,,,,,,,0.094,4176.874,Pinned,Device,NVIDIA A100-SXM4-40GB MIG 4g.20gb (0),1,,13,[CUDA memcpy Host-to-Device]
6031146723,46975,427121,,,,,,,,,,35.810,762285.767,Device,,NVIDIA A100-SXM4-40GB MIG 4g.20gb (0),1,,13,[CUDA memset]
6031202722,7360,427123,,,,,,,,,,0.000,10.870,Pinned,Device,NVIDIA A100-SXM4-40GB MIG 4g.20gb (0),1,,13,[CUDA memcpy Host-to-Device]
6031220866,18880,427124,,,,,,,,,,0.197,10413.539,Pinned,Device,NVIDIA A100-SXM4-40GB MIG 4g.20gb (0),1,,13,[CUDA memcpy Host-to-Device]
6031251522,9695,427125,273,1,1,48,1,1,40,0.000,0.001,,,,,NVIDIA A100-SXM4-40GB MIG 4g.20gb (0),1,,13,"void pusch_noise_intf_est::noiseIntfEstNoDftSOfdmKernel<float, __half, float, float, (unsigned int)2, (unsigned int)1, (unsigned char)4, (unsigned char)4>(pusch_noise_intf_est::puschRxNoiseIntfEstDynDescr)"
6031270497,2720,427136,35,1,1,128,1,1,16,0.000,0.000,,,,,NVIDIA A100-SXM4-40GB MIG 4g.20gb (0),1,,13,cupy_copy__complex64_complex64
6031278689,1792,427145,1,1,1,1,1,1,18,0.000,0.000,,,,,NVIDIA A100-SXM4-40GB MIG 4g.20gb (0),1,,13,cupy_copy__float32_float32
6031286497,2304,427151,,,,,,,,,,0.000,1.736,Device,Pageable,NVIDIA A100-SXM4-40GB MIG 4g.20gb (0),1,,7,[CUDA memcpy Device-to-Host]
6031349376,13248,427162,1434,1,1,128,1,1,16,0.000,0.000,,,,,NVIDIA A100-SXM4-40GB MIG 4g.20gb (0),1,,13,cupy_copy__complex64_complex64
6031378400,2944,427169,103,1,1,128,1,1,16,0.000,0.000,,,,,NVIDIA A100-SXM4-40GB MIG 4g.20gb (0),1,,13,cupy_copy__complex64_complex64
6031397888,2816,427176,35,1,1,128,1,1,16,0.000,0.000,,,,,NVIDIA A100-SXM4-40GB MIG 4g.20gb (0),1,,13,cupy_copy__complex64_complex64
6031416736,1984,427183,1,1,1,1,1,1,18,0.000,0.000,,,,,NVIDIA A100-SXM4-40GB MIG 4g.20gb (0),1,,13,cupy_copy__float32_float32
6031548638,86111,427194,1,1,1,32,32,1,30,0.000,0.000,,,,,NVIDIA A100-SXM4-40GB MIG 4g.20gb (0),1,,13,"void convert_kernel<__half2, float2>(tensor_layout_any, T1 *, tensor_layout_any, const T2 *)"
6031662461,5567,427197,,,,,,,,,,0.094,16830.519,Pinned,Device,NVIDIA A100-SXM4-40GB MIG 4g.20gb (0),1,,13,[CUDA memcpy Host-to-Device]
6031677436,3456,427198,,,,,,,,,,1.547,447517.201,Device,,NVIDIA A100-SXM4-40GB MIG 4g.20gb (0),1,,13,[CUDA memset]
6031683804,3360,427203,,,,,,,,,,0.031,9314.284,Pinned,Device,NVIDIA A100-SXM4-40GB MIG 4g.20gb (0),1,,13,[CUDA memcpy Host-to-Device]
6031689788,9600,427204,,,,,,,,,,0.197,20479.869,Pinned,Device,NVIDIA A100-SXM4-40GB MIG 4g.20gb (0),1,,13,[CUDA memcpy Host-to-Device]
6031704124,6176,427205,273,1,1,8,4,1,39,0.002,0.000,,,,,NVIDIA A100-SXM4-40GB MIG 4g.20gb (0),1,,13,"void channel_eq::eqMmseCoefCompLowMimoKernel<float, float, float, (unsigned int)4, (unsigned int)1, (unsigned int)4>(const channel_eq::_puschRxChEqStatDescr *, channel_eq::_puschRxChEqCoefCompDynDescr)"
6031711836,6688,427206,273,1,1,12,11,1,51,0.002,0.000,,,,,NVIDIA A100-SXM4-40GB MIG 4g.20gb (0),1,,13,"void channel_eq::eqMmseSoftDemapKernel<float, __half, __half, float, (unsigned int)4, (unsigned short)16383>(channel_eq::_puschRxChEqStatDescr *, channel_eq::_puschRxChEqSoftDemapDynDescr)"
6031721180,282172,427207,1,1,1,32,32,1,30,0.000,0.000,,,,,NVIDIA A100-SXM4-40GB MIG 4g.20gb (0),1,,13,"void convert_kernel<float2, __half2>(tensor_layout_any, T1 *, tensor_layout_any, const T2 *)"
6032004440,10976,427219,2253,1,1,128,1,1,16,0.000,0.000,,,,,NVIDIA A100-SXM4-40GB MIG 4g.20gb (0),1,,13,cupy_copy__float16_float16
6032017400,3520,427228,282,1,1,128,1,1,16,0.000,0.000,,,,,NVIDIA A100-SXM4-40GB MIG 4g.20gb (0),1,,13,cupy_copy__complex64_complex64
6032021976,2048,427237,26,1,1,128,1,1,16,0.000,0.000,,,,,NVIDIA A100-SXM4-40GB MIG 4g.20gb (0),1,,13,cupy_copy__float32_float32
6032027192,2784,427246,103,1,1,128,1,1,16,0.000,0.000,,,,,NVIDIA A100-SXM4-40GB MIG 4g.20gb (0),1,,13,cupy_copy__complex64_complex64
6032032376,12160,427256,1434,1,1,128,1,1,16,0.000,0.000,,,,,NVIDIA A100-SXM4-40GB MIG 4g.20gb (0),1,,13,cupy_copy__complex64_complex64
6032054904,87391,427261,1,1,1,32,32,1,30,0.000,0.000,,,,,NVIDIA A100-SXM4-40GB MIG 4g.20gb (0),1,,13,"void convert_kernel<__half2, float2>(tensor_layout_any, T1 *, tensor_layout_any, const T2 *)"
6032169366,5728,427264,,,,,,,,,,0.094,16357.541,Pinned,Device,NVIDIA A100-SXM4-40GB MIG 4g.20gb (0),1,,13,[CUDA memcpy Host-to-Device]
6032179926,597465,427265,,,,,,,,,,456.561,763827.289,Device,,NVIDIA A100-SXM4-40GB MIG 4g.20gb (0),1,,13,[CUDA memset]
6032785295,138366,427270,,,,,,,,,,1.235,8924.940,Pinned,Device,NVIDIA A100-SXM4-40GB MIG 4g.20gb (0),1,,13,[CUDA memcpy Host-to-Device]
6032932557,40191,427271,,,,,,,,,,0.197,4891.804,Pinned,Device,NVIDIA A100-SXM4-40GB MIG 4g.20gb (0),1,,13,[CUDA memcpy Host-to-Device]
6032995116,8256,427272,69,4,1,48,1,1,76,0.002,0.000,,,,,NVIDIA A100-SXM4-40GB MIG 4g.20gb (0),1,,13,"void ch_est::windowedChEstPreNoDftSOfdmKernel<float, __half, float, (unsigned int)2, (unsigned int)1, (unsigned short)4>(ch_est::puschRxChEstStatDescr_t *, ch_est::puschRxChEstDynDescr_t *)"
6033013900,6880,427273,137,2,1,24,2,1,44,0.001,0.001,,,,,NVIDIA A100-SXM4-40GB MIG 4g.20gb (0),1,,13,"void ch_est::chEstFilterNoDftSOfdmDispatchKernel<float, __half, float, (unsigned int)2>(ch_est::puschRxChEstStatDescr_t *, ch_est::puschRxChEstDynDescr_t *)"
6033031788,4800,427274,137,2,1,24,2,1,44,0.001,0.001,,,,,NVIDIA A100-SXM4-40GB MIG 4g.20gb (0),1,,13,"void ch_est::chEstFilterNoDftSOfdmDispatchKernel<float, __half, float, (unsigned int)2>(ch_est::puschRxChEstStatDescr_t *, ch_est::puschRxChEstDynDescr_t *)"
6033048299,2720,427285,103,1,1,128,1,1,16,0.000,0.000,,,,,NVIDIA A100-SXM4-40GB MIG 4g.20gb (0),1,,13,cupy_copy__complex64_complex64
6033064427,12384,427295,1434,1,1,128,1,1,16,0.000,0.000,,,,,NVIDIA A100-SXM4-40GB MIG 4g.20gb (0),1,,13,cupy_copy__complex64_complex64
6033083883,2528,427302,103,1,1,128,1,1,16,0.000,0.000,,,,,NVIDIA A100-SXM4-40GB MIG 4g.20gb (0),1,,13,cupy_copy__complex64_complex64
6033105675,85279,427309,1,1,1,32,32,1,30,0.000,0.000,,,,,NVIDIA A100-SXM4-40GB MIG 4g.20gb (0),1,,13,"void convert_kernel<__half2, float2>(tensor_layout_any, T1 *, tensor_layout_any, const T2 *)"
6033227753,24512,427312,,,,,,,,,,0.094,3822.422,Pinned,Device,NVIDIA A100-SXM4-40GB MIG 4g.20gb (0),1,,13,[CUDA memcpy Host-to-Device]
6033269449,46975,427313,,,,,,,,,,35.810,762285.767,Device,,NVIDIA A100-SXM4-40GB MIG 4g.20gb (0),1,,13,[CUDA memset]
6033317544,12096,427315,,,,,,,,,,0.000,6.614,Pinned,Device,NVIDIA A100-SXM4-40GB MIG 4g.20gb (0),1,,13,[CUDA memcpy Host-to-Device]
6033338696,23232,427316,,,,,,,,,,0.197,8462.795,Pinned,Device,NVIDIA A100-SXM4-40GB MIG 4g.20gb (0),1,,13,[CUDA memcpy Host-to-Device]
6033392231,9632,427317,273,1,1,48,1,1,40,0.000,0.001,,,,,NVIDIA A100-SXM4-40GB MIG 4g.20gb (0),1,,13,"void pusch_noise_intf_est::noiseIntfEstNoDftSOfdmKernel<float, __half, float, float, (unsigned int)2, (unsigned int)1, (unsigned char)4, (unsigned char)4>(pusch_noise_intf_est::puschRxNoiseIntfEstDynDescr)"
6033408743,2688,427328,35,1,1,128,1,1,16,0.000,0.000,,,,,NVIDIA A100-SXM4-40GB MIG 4g.20gb (0),1,,13,cupy_copy__complex64_complex64
6033425799,1696,427337,1,1,1,1,1,1,18,0.000,0.000,,,,,NVIDIA A100-SXM4-40GB MIG 4g.20gb (0),1,,13,cupy_copy__float32_float32
6033428359,8512,427343,,,,,,,,,,0.000,0.470,Device,Pageable,NVIDIA A100-SXM4-40GB MIG 4g.20gb (0),1,,7,[CUDA memcpy Device-to-Host]
6033518598,12863,427354,1434,1,1,128,1,1,16,0.000,0.000,,,,,NVIDIA A100-SXM4-40GB MIG 4g.20gb (0),1,,13,cupy_copy__complex64_complex64
6033541541,3424,427361,103,1,1,128,1,1,16,0.000,0.000,,,,,NVIDIA A100-SXM4-40GB MIG 4g.20gb (0),1,,13,cupy_copy__complex64_complex64
6033575781,2304,427368,35,1,1,128,1,1,16,0.000,0.000,,,,,NVIDIA A100-SXM4-40GB MIG 4g.20gb (0),1,,13,cupy_copy__complex64_complex64
6033593029,1696,427375,1,1,1,1,1,1,18,0.000,0.000,,,,,NVIDIA A100-SXM4-40GB MIG 4g.20gb (0),1,,13,cupy_copy__float32_float32
6033719235,85279,427386,1,1,1,32,32,1,30,0.000,0.000,,,,,NVIDIA A100-SXM4-40GB MIG 4g.20gb (0),1,,13,"void convert_kernel<__half2, float2>(tensor_layout_any, T1 *, tensor_layout_any, const T2 *)"
6033832258,6528,427389,,,,,,,,,,0.094,14352.915,Pinned,Device,NVIDIA A100-SXM4-40GB MIG 4g.20gb (0),1,,13,[CUDA memcpy Host-to-Device]
6033847426,3328,427390,,,,,,,,,,1.547,464729.580,Device,,NVIDIA A100-SXM4-40GB MIG 4g.20gb (0),1,,13,[CUDA memset]
6033853282,3039,427395,,,,,,,,,,0.031,10298.105,Pinned,Device,NVIDIA A100-SXM4-40GB MIG 4g.20gb (0),1,,13,[CUDA memcpy Host-to-Device]
6033859201,10112,427396,,,,,,,,,,0.197,19442.958,Pinned,Device,NVIDIA A100-SXM4-40GB MIG 4g.20gb (0),1,,13,[CUDA memcpy Host-to-Device]
6033876161,6688,427397,273,1,1,8,4,1,39,0.002,0.000,,,,,NVIDIA A100-SXM4-40GB MIG 4g.20gb (0),1,,13,"void channel_eq::eqMmseCoefCompLowMimoKernel<float, float, float, (unsigned int)4, (unsigned int)1, (unsigned int)4>(const channel_eq::_puschRxChEqStatDescr *, channel_eq::_puschRxChEqCoefCompDynDescr)"
6033884417,5920,427398,273,1,1,12,11,1,51,0.002,0.000,,,,,NVIDIA A100-SXM4-40GB MIG 4g.20gb (0),1,,13,"void channel_eq::eqMmseSoftDemapKernel<float, __half, __half, float, (unsigned int)4, (unsigned short)16383>(channel_eq::_puschRxChEqStatDescr *, channel_eq::_puschRxChEqSoftDemapDynDescr)"
6033892737,282077,427399,1,1,1,32,32,1,30,0.000,0.000,,,,,NVIDIA A100-SXM4-40GB MIG 4g.20gb (0),1,,13,"void convert_kernel<float2, __half2>(tensor_layout_any, T1 *, tensor_layout_any, const T2 *)"
6034175902,10879,427411,2253,1,1,128,1,1,16,0.000,0.000,,,,,NVIDIA A100-SXM4-40GB MIG 4g.20gb (0),1,,13,cupy_copy__float16_float16
6034190717,3488,427420,282,1,1,128,1,1,16,0.000,0.000,,,,,NVIDIA A100-SXM4-40GB MIG 4g.20gb (0),1,,13,cupy_copy__complex64_complex64
6034197533,2336,427429,26,1,1,128,1,1,16,0.000,0.000,,,,,NVIDIA A100-SXM4-40GB MIG 4g.20gb (0),1,,13,cupy_copy__float32_float32
6034202365,2816,427438,103,1,1,128,1,1,16,0.000,0.000,,,,,NVIDIA A100-SXM4-40GB MIG 4g.20gb (0),1,,13,cupy_copy__complex64_complex64
6034206173,12096,427448,1434,1,1,128,1,1,16,0.000,0.000,,,,,NVIDIA A100-SXM4-40GB MIG 4g.20gb (0),1,,13,cupy_copy__complex64_complex64
6034225405,87711,427453,1,1,1,32,32,1,30,0.000,0.000,,,,,NVIDIA A100-SXM4-40GB MIG 4g.20gb (0),1,,13,"void convert_kernel<__half2, float2>(tensor_layout_any, T1 *, tensor_layout_any, const T2 *)"
6034340316,5855,427456,,,,,,,,,,0.094,16002.715,Pinned,Device,NVIDIA A100-SXM4-40GB MIG 4g.20gb (0),1,,13,[CUDA memcpy Host-to-Device]
6034350203,597657,427457,,,,,,,,,,456.561,763827.289,Device,,NVIDIA A100-SXM4-40GB MIG 4g.20gb (0),1,,13,[CUDA memset]
6034948564,133886,427462,,,,,,,,,,1.235,9223.797,Pinned,Device,NVIDIA A100-SXM4-40GB MIG 4g.20gb (0),1,,13,[CUDA memcpy Host-to-Device]
6035090930,25344,427463,,,,,,,,,,0.197,7757.562,Pinned,Device,NVIDIA A100-SXM4-40GB MIG 4g.20gb (0),1,,13,[CUDA memcpy Host-to-Device]
6035132402,8704,427464,69,4,1,48,1,1,76,0.002,0.000,,,,,NVIDIA A100-SXM4-40GB MIG 4g.20gb (0),1,,13,"void ch_est::windowedChEstPreNoDftSOfdmKernel<float, __half, float, (unsigned int)2, (unsigned int)1, (unsigned short)4>(ch_est::puschRxChEstStatDescr_t *, ch_est::puschRxChEstDynDescr_t *)"
6035148050,6463,427465,137,2,1,24,2,1,44,0.001,0.001,,,,,NVIDIA A100-SXM4-40GB MIG 4g.20gb (0),1,,13,"void ch_est::chEstFilterNoDftSOfdmDispatchKernel<float, __half, float, (unsigned int)2>(ch_est::puschRxChEstStatDescr_t *, ch_est::puschRxChEstDynDescr_t *)"
6035160113,5056,427466,137,2,1,24,2,1,44,0.001,0.001,,,,,NVIDIA A100-SXM4-40GB MIG 4g.20gb (0),1,,13,"void ch_est::chEstFilterNoDftSOfdmDispatchKernel<float, __half, float, (unsigned int)2>(ch_est::puschRxChEstStatDescr_t *, ch_est::puschRxChEstDynDescr_t *)"
6035166417,3136,427477,103,1,1,128,1,1,16,0.000,0.000,,,,,NVIDIA A100-SXM4-40GB MIG 4g.20gb (0),1,,13,cupy_copy__complex64_complex64
6035172497,12384,427487,1434,1,1,128,1,1,16,0.000,0.000,,,,,NVIDIA A100-SXM4-40GB MIG 4g.20gb (0),1,,13,cupy_copy__complex64_complex64
6035187025,3168,427494,103,1,1,128,1,1,16,0.000,0.000,,,,,NVIDIA A100-SXM4-40GB MIG 4g.20gb (0),1,,13,cupy_copy__complex64_complex64
6035192241,82879,427501,1,1,1,32,32,1,30,0.000,0.000,,,,,NVIDIA A100-SXM4-40GB MIG 4g.20gb (0),1,,13,"void convert_kernel<__half2, float2>(tensor_layout_any, T1 *, tensor_layout_any, const T2 *)"
6035303824,5408,427504,,,,,,,,,,0.094,17325.421,Pinned,Device,NVIDIA A100-SXM4-40GB MIG 4g.20gb (0),1,,13,[CUDA memcpy Host-to-Device]
6035316239,46880,427505,,,,,,,,,,35.810,763861.404,Device,,NVIDIA A100-SXM4-40GB MIG 4g.20gb (0),1,,13,[CUDA memset]
6035368815,2848,427507,,,,,,,,,,0.000,28.090,Pinned,Device,NVIDIA A100-SXM4-40GB MIG 4g.20gb (0),1,,13,[CUDA memcpy Host-to-Device]
6035375631,13600,427508,,,,,,,,,,0.197,14456.390,Pinned,Device,NVIDIA A100-SXM4-40GB MIG 4g.20gb (0),1,,13,[CUDA memcpy Host-to-Device]
6035396142,9664,427509,273,1,1,48,1,1,40,0.000,0.001,,,,,NVIDIA A100-SXM4-40GB MIG 4g.20gb (0),1,,13,"void pusch_noise_intf_est::noiseIntfEstNoDftSOfdmKernel<float, __half, float, float, (unsigned int)2, (unsigned int)1, (unsigned char)4, (unsigned char)4>(pusch_noise_intf_est::puschRxNoiseIntfEstDynDescr)"
6035407950,3040,427520,35,1,1,128,1,1,16,0.000,0.000,,,,,NVIDIA A100-SXM4-40GB MIG 4g.20gb (0),1,,13,cupy_copy__complex64_complex64
6035425038,1920,427529,1,1,1,1,1,1,18,0.000,0.000,,,,,NVIDIA A100-SXM4-40GB MIG 4g.20gb (0),1,,13,cupy_copy__float32_float32
6035457134,1568,427535,,,,,,,,,,0.000,2.551,Device,Pageable,NVIDIA A100-SXM4-40GB MIG 4g.20gb (0),1,,7,[CUDA memcpy Device-to-Host]
6035515853,12704,427546,1434,1,1,128,1,1,16,0.000,0.000,,,,,NVIDIA A100-SXM4-40GB MIG 4g.20gb (0),1,,13,cupy_copy__complex64_complex64
6035542541,3040,427553,103,1,1,128,1,1,16,0.000,0.000,,,,,NVIDIA A100-SXM4-40GB MIG 4g.20gb (0),1,,13,cupy_copy__complex64_complex64
6035563724,2528,427560,35,1,1,128,1,1,16,0.000,0.000,,,,,NVIDIA A100-SXM4-40GB MIG 4g.20gb (0),1,,13,cupy_copy__complex64_complex64
6035581708,1792,427567,1,1,1,1,1,1,18,0.000,0.000,,,,,NVIDIA A100-SXM4-40GB MIG 4g.20gb (0),1,,13,cupy_copy__float32_float32
6035714987,87934,427578,1,1,1,32,32,1,30,0.000,0.000,,,,,NVIDIA A100-SXM4-40GB MIG 4g.20gb (0),1,,13,"void convert_kernel<__half2, float2>(tensor_layout_any, T1 *, tensor_layout_any, const T2 *)"
6035830921,5408,427581,,,,,,,,,,0.094,17325.421,Pinned,Device,NVIDIA A100-SXM4-40GB MIG 4g.20gb (0),1,,13,[CUDA memcpy Host-to-Device]
6035845705,3360,427582,,,,,,,,,,1.547,460304.688,Device,,NVIDIA A100-SXM4-40GB MIG 4g.20gb (0),1,,13,[CUDA memset]
6035851913,3712,427587,,,,,,,,,,0.031,8431.017,Pinned,Device,NVIDIA A100-SXM4-40GB MIG 4g.20gb (0),1,,13,[CUDA memcpy Host-to-Device]
6035857705,10496,427588,,,,,,,,,,0.197,18731.631,Pinned,Device,NVIDIA A100-SXM4-40GB MIG 4g.20gb (0),1,,13,[CUDA memcpy Host-to-Device]
6035872521,6656,427589,273,1,1,8,4,1,39,0.002,0.000,,,,,NVIDIA A100-SXM4-40GB MIG 4g.20gb (0),1,,13,"void channel_eq::eqMmseCoefCompLowMimoKernel<float, float, float, (unsigned int)4, (unsigned int)1, (unsigned int)4>(const channel_eq::_puschRxChEqStatDescr *, channel_eq::_puschRxChEqCoefCompDynDescr)"
6035880169,6047,427590,273,1,1,12,11,1,51,0.002,0.000,,,,,NVIDIA A100-SXM4-40GB MIG 4g.20gb (0),1,,13,"void channel_eq::eqMmseSoftDemapKernel<float, __half, __half, float, (unsigned int)4, (unsigned short)16383>(channel_eq::_puschRxChEqStatDescr *, channel_eq::_puschRxChEqSoftDemapDynDescr)"
6035887240,282813,427591,1,1,1,32,32,1,30,0.000,0.000,,,,,NVIDIA A100-SXM4-40GB MIG 4g.20gb (0),1,,13,"void convert_kernel<float2, __half2>(tensor_layout_any, T1 *, tensor_layout_any, const T2 *)"
6036172421,11552,427603,2253,1,1,128,1,1,16,0.000,0.000,,,,,NVIDIA A100-SXM4-40GB MIG 4g.20gb (0),1,,13,cupy_copy__float16_float16
6036187877,3456,427612,282,1,1,128,1,1,16,0.000,0.000,,,,,NVIDIA A100-SXM4-40GB MIG 4g.20gb (0),1,,13,cupy_copy__complex64_complex64
6036193413,2144,427621,26,1,1,128,1,1,16,0.000,0.000,,,,,NVIDIA A100-SXM4-40GB MIG 4g.20gb (0),1,,13,cupy_copy__float32_float32
6036196645,2912,427630,103,1,1,128,1,1,16,0.000,0.000,,,,,NVIDIA A100-SXM4-40GB MIG 4g.20gb (0),1,,13,cupy_copy__complex64_complex64
6036202533,12127,427640,1434,1,1,128,1,1,16,0.000,0.000,,,,,NVIDIA A100-SXM4-40GB MIG 4g.20gb (0),1,,13,cupy_copy__complex64_complex64
6036223204,81439,427645,1,1,1,32,32,1,30,0.000,0.000,,,,,NVIDIA A100-SXM4-40GB MIG 4g.20gb (0),1,,13,"void convert_kernel<__half2, float2>(tensor_layout_any, T1 *, tensor_layout_any, const T2 *)"
6036331587,5600,427648,,,,,,,,,,0.094,16731.388,Pinned,Device,NVIDIA A100-SXM4-40GB MIG 4g.20gb (0),1,,13,[CUDA memcpy Host-to-Device]
6036341923,598552,427649,,,,,,,,,,456.561,762457.605,Device,,NVIDIA A100-SXM4-40GB MIG 4g.20gb (0),1,,13,[CUDA memset]
6036946139,154110,427654,,,,,,,,,,1.235,8012.317,Pinned,Device,NVIDIA A100-SXM4-40GB MIG 4g.20gb (0),1,,13,[CUDA memcpy Host-to-Device]
6037106937,43712,427655,,,,,,,,,,0.197,4497.801,Pinned,Device,NVIDIA A100-SXM4-40GB MIG 4g.20gb (0),1,,13,[CUDA memcpy Host-to-Device]
6037178392,7872,427656,69,4,1,48,1,1,76,0.002,0.000,,,,,NVIDIA A100-SXM4-40GB MIG 4g.20gb (0),1,,13,"void ch_est::windowedChEstPreNoDftSOfdmKernel<float, __half, float, (unsigned int)2, (unsigned int)1, (unsigned short)4>(ch_est::puschRxChEstStatDescr_t *, ch_est::puschRxChEstDynDescr_t *)"
6037197400,6720,427657,137,2,1,24,2,1,44,0.001,0.001,,,,,NVIDIA A100-SXM4-40GB MIG 4g.20gb (0),1,,13,"void ch_est::chEstFilterNoDftSOfdmDispatchKernel<float, __half, float, (unsigned int)2>(ch_est::puschRxChEstStatDescr_t *, ch_est::puschRxChEstDynDescr_t *)"
6037214296,4736,427658,137,2,1,24,2,1,44,0.001,0.001,,,,,NVIDIA A100-SXM4-40GB MIG 4g.20gb (0),1,,13,"void ch_est::chEstFilterNoDftSOfdmDispatchKernel<float, __half, float, (unsigned int)2>(ch_est::puschRxChEstStatDescr_t *, ch_est::puschRxChEstDynDescr_t *)"
6037231672,2496,427669,103,1,1,128,1,1,16,0.000,0.000,,,,,NVIDIA A100-SXM4-40GB MIG 4g.20gb (0),1,,13,cupy_copy__complex64_complex64
6037248920,12319,427679,1434,1,1,128,1,1,16,0.000,0.000,,,,,NVIDIA A100-SXM4-40GB MIG 4g.20gb (0),1,,13,cupy_copy__complex64_complex64
6037267607,3136,427686,103,1,1,128,1,1,16,0.000,0.000,,,,,NVIDIA A100-SXM4-40GB MIG 4g.20gb (0),1,,13,cupy_copy__complex64_complex64
6037286391,87743,427693,1,1,1,32,32,1,30,0.000,0.000,,,,,NVIDIA A100-SXM4-40GB MIG 4g.20gb (0),1,,13,"void convert_kernel<__half2, float2>(tensor_layout_any, T1 *, tensor_layout_any, const T2 *)"
6037404630,12576,427696,,,,,,,,,,0.094,7450.331,Pinned,Device,NVIDIA A100-SXM4-40GB MIG 4g.20gb (0),1,,13,[CUDA memcpy Host-to-Device]
6037429461,47328,427697,,,,,,,,,,35.810,756627.800,Device,,NVIDIA A100-SXM4-40GB MIG 4g.20gb (0),1,,13,[CUDA memset]
6037481301,4640,427699,,,,,,,,,,0.000,17.241,Pinned,Device,NVIDIA A100-SXM4-40GB MIG 4g.20gb (0),1,,13,[CUDA memcpy Host-to-Device]
6037491765,14239,427700,,,,,,,,,,0.197,13807.583,Pinned,Device,NVIDIA A100-SXM4-40GB MIG 4g.20gb (0),1,,13,[CUDA memcpy Host-to-Device]
6037511476,10048,427701,273,1,1,48,1,1,40,0.000,0.001,,,,,NVIDIA A100-SXM4-40GB MIG 4g.20gb (0),1,,13,"void pusch_noise_intf_est::noiseIntfEstNoDftSOfdmKernel<float, __half, float, float, (unsigned int)2, (unsigned int)1, (unsigned char)4, (unsigned char)4>(pusch_noise_intf_est::puschRxNoiseIntfEstDynDescr)"
6037526676,2592,427712,35,1,1,128,1,1,16,0.000,0.000,,,,,NVIDIA A100-SXM4-40GB MIG 4g.20gb (0),1,,13,cupy_copy__complex64_complex64
6037532596,1728,427721,1,1,1,1,1,1,18,0.000,0.000,,,,,NVIDIA A100-SXM4-40GB MIG 4g.20gb (0),1,,13,cupy_copy__float32_float32
6037552148,1600,427727,,,,,,,,,,0.000,2.500,Device,Pageable,NVIDIA A100-SXM4-40GB MIG 4g.20gb (0),1,,7,[CUDA memcpy Device-to-Host]
6037611667,12736,427738,1434,1,1,128,1,1,16,0.000,0.000,,,,,NVIDIA A100-SXM4-40GB MIG 4g.20gb (0),1,,13,cupy_copy__complex64_complex64
6037639219,2624,427745,103,1,1,128,1,1,16,0.000,0.000,,,,,NVIDIA A100-SXM4-40GB MIG 4g.20gb (0),1,,13,cupy_copy__complex64_complex64
6037658131,2720,427752,35,1,1,128,1,1,16,0.000,0.000,,,,,NVIDIA A100-SXM4-40GB MIG 4g.20gb (0),1,,13,cupy_copy__complex64_complex64
6037678290,1760,427759,1,1,1,1,1,1,18,0.000,0.000,,,,,NVIDIA A100-SXM4-40GB MIG 4g.20gb (0),1,,13,cupy_copy__float32_float32
6037809009,87295,427770,1,1,1,32,32,1,30,0.000,0.000,,,,,NVIDIA A100-SXM4-40GB MIG 4g.20gb (0),1,,13,"void convert_kernel<__half2, float2>(tensor_layout_any, T1 *, tensor_layout_any, const T2 *)"
6037923119,5664,427773,,,,,,,,,,0.094,16542.310,Pinned,Device,NVIDIA A100-SXM4-40GB MIG 4g.20gb (0),1,,13,[CUDA memcpy Host-to-Device]
6037937391,3360,427774,,,,,,,,,,1.547,460304.688,Device,,NVIDIA A100-SXM4-40GB MIG 4g.20gb (0),1,,13,[CUDA memset]
6037944271,3424,427779,,,,,,,,,,0.031,9140.185,Pinned,Device,NVIDIA A100-SXM4-40GB MIG 4g.20gb (0),1,,13,[CUDA memcpy Host-to-Device]
6037950223,9856,427780,,,,,,,,,,0.197,19948.044,Pinned,Device,NVIDIA A100-SXM4-40GB MIG 4g.20gb (0),1,,13,[CUDA memcpy Host-to-Device]
6037966799,6560,427781,273,1,1,8,4,1,39,0.002,0.000,,,,,NVIDIA A100-SXM4-40GB MIG 4g.20gb (0),1,,13,"void channel_eq::eqMmseCoefCompLowMimoKernel<float, float, float, (unsigned int)4, (unsigned int)1, (unsigned int)4>(const channel_eq::_puschRxChEqStatDescr *, channel_eq::_puschRxChEqCoefCompDynDescr)"
6037975279,5504,427782,273,1,1,12,11,1,51,0.002,0.000,,,,,NVIDIA A100-SXM4-40GB MIG 4g.20gb (0),1,,13,"void channel_eq::eqMmseSoftDemapKernel<float, __half, __half, float, (unsigned int)4, (unsigned short)16383>(channel_eq::_puschRxChEqStatDescr *, channel_eq::_puschRxChEqSoftDemapDynDescr)"
6037981967,294332,427783,1,1,1,32,32,1,30,0.000,0.000,,,,,NVIDIA A100-SXM4-40GB MIG 4g.20gb (0),1,,13,"void convert_kernel<float2, __half2>(tensor_layout_any, T1 *, tensor_layout_any, const T2 *)"
6038279083,11008,427795,2253,1,1,128,1,1,16,0.000,0.000,,,,,NVIDIA A100-SXM4-40GB MIG 4g.20gb (0),1,,13,cupy_copy__float16_float16
6038291307,3136,427804,282,1,1,128,1,1,16,0.000,0.000,,,,,NVIDIA A100-SXM4-40GB MIG 4g.20gb (0),1,,13,cupy_copy__complex64_complex64
6038295563,2208,427813,26,1,1,128,1,1,16,0.000,0.000,,,,,NVIDIA A100-SXM4-40GB MIG 4g.20gb (0),1,,13,cupy_copy__float32_float32
6038301003,4768,427822,103,1,1,128,1,1,16,0.000,0.000,,,,,NVIDIA A100-SXM4-40GB MIG 4g.20gb (0),1,,13,cupy_copy__complex64_complex64
6038308139,12351,427832,1434,1,1,128,1,1,16,0.000,0.000,,,,,NVIDIA A100-SXM4-40GB MIG 4g.20gb (0),1,,13,cupy_copy__complex64_complex64
6038322666,82527,427837,1,1,1,32,32,1,30,0.000,0.000,,,,,NVIDIA A100-SXM4-40GB MIG 4g.20gb (0),1,,13,"void convert_kernel<__half2, float2>(tensor_layout_any, T1 *, tensor_layout_any, const T2 *)"
6038432009,5568,427840,,,,,,,,,,0.094,16827.521,Pinned,Device,NVIDIA A100-SXM4-40GB MIG 4g.20gb (0),1,,13,[CUDA memcpy Host-to-Device]
6038444265,596633,427841,,,,,,,,,,456.561,765196.973,Device,,NVIDIA A100-SXM4-40GB MIG 4g.20gb (0),1,,13,[CUDA memset]
6039048865,155838,427846,,,,,,,,,,1.235,7923.401,Pinned,Device,NVIDIA A100-SXM4-40GB MIG 4g.20gb (0),1,,13,[CUDA memcpy Host-to-Device]
6039215999,39616,427847,,,,,,,,,,0.197,4962.779,Pinned,Device,NVIDIA A100-SXM4-40GB MIG 4g.20gb (0),1,,13,[CUDA memcpy Host-to-Device]
6039279007,8127,427848,69,4,1,48,1,1,76,0.002,0.000,,,,,NVIDIA A100-SXM4-40GB MIG 4g.20gb (0),1,,13,"void ch_est::windowedChEstPreNoDftSOfdmKernel<float, __half, float, (unsigned int)2, (unsigned int)1, (unsigned short)4>(ch_est::puschRxChEstStatDescr_t *, ch_est::puschRxChEstDynDescr_t *)"
6039298494,6816,427849,137,2,1,24,2,1,44,0.001,0.001,,,,,NVIDIA A100-SXM4-40GB MIG 4g.20gb (0),1,,13,"void ch_est::chEstFilterNoDftSOfdmDispatchKernel<float, __half, float, (unsigned int)2>(ch_est::puschRxChEstStatDescr_t *, ch_est::puschRxChEstDynDescr_t *)"
6039315326,4736,427850,137,2,1,24,2,1,44,0.001,0.001,,,,,NVIDIA A100-SXM4-40GB MIG 4g.20gb (0),1,,13,"void ch_est::chEstFilterNoDftSOfdmDispatchKernel<float, __half, float, (unsigned int)2>(ch_est::puschRxChEstStatDescr_t *, ch_est::puschRxChEstDynDescr_t *)"
6039332830,2592,427861,103,1,1,128,1,1,16,0.000,0.000,,,,,NVIDIA A100-SXM4-40GB MIG 4g.20gb (0),1,,13,cupy_copy__complex64_complex64
6039349310,12416,427871,1434,1,1,128,1,1,16,0.000,0.000,,,,,NVIDIA A100-SXM4-40GB MIG 4g.20gb (0),1,,13,cupy_copy__complex64_complex64
6039370781,2880,427878,103,1,1,128,1,1,16,0.000,0.000,,,,,NVIDIA A100-SXM4-40GB MIG 4g.20gb (0),1,,13,cupy_copy__complex64_complex64
6039394269,83967,427885,1,1,1,32,32,1,30,0.000,0.000,,,,,NVIDIA A100-SXM4-40GB MIG 4g.20gb (0),1,,13,"void convert_kernel<__half2, float2>(tensor_layout_any, T1 *, tensor_layout_any, const T2 *)"
6039512572,24415,427888,,,,,,,,,,0.094,3837.601,Pinned,Device,NVIDIA A100-SXM4-40GB MIG 4g.20gb (0),1,,13,[CUDA memcpy Host-to-Device]
6039551579,47008,427889,,,,,,,,,,35.810,761748.618,Device,,NVIDIA A100-SXM4-40GB MIG 4g.20gb (0),1,,13,[CUDA memset]
6039606907,4607,427891,,,,,,,,,,0.000,17.365,Pinned,Device,NVIDIA A100-SXM4-40GB MIG 4g.20gb (0),1,,13,[CUDA memcpy Host-to-Device]
6039620986,19360,427892,,,,,,,,,,0.197,10155.196,Pinned,Device,NVIDIA A100-SXM4-40GB MIG 4g.20gb (0),1,,13,[CUDA memcpy Host-to-Device]
6039649914,9632,427893,273,1,1,48,1,1,40,0.000,0.001,,,,,NVIDIA A100-SXM4-40GB MIG 4g.20gb (0),1,,13,"void pusch_noise_intf_est::noiseIntfEstNoDftSOfdmKernel<float, __half, float, float, (unsigned int)2, (unsigned int)1, (unsigned char)4, (unsigned char)4>(pusch_noise_intf_est::puschRxNoiseIntfEstDynDescr)"
6039665850,2688,427904,35,1,1,128,1,1,16,0.000,0.000,,,,,NVIDIA A100-SXM4-40GB MIG 4g.20gb (0),1,,13,cupy_copy__complex64_complex64
6039674362,1920,427913,1,1,1,1,1,1,18,0.000,0.000,,,,,NVIDIA A100-SXM4-40GB MIG 4g.20gb (0),1,,13,cupy_copy__float32_float32
6039678074,3968,427919,,,,,,,,,,0.000,1.008,Device,Pageable,NVIDIA A100-SXM4-40GB MIG 4g.20gb (0),1,,7,[CUDA memcpy Device-to-Host]
6039754521,12992,427930,1434,1,1,128,1,1,16,0.000,0.000,,,,,NVIDIA A100-SXM4-40GB MIG 4g.20gb (0),1,,13,cupy_copy__complex64_complex64
6039778872,2688,427937,103,1,1,128,1,1,16,0.000,0.000,,,,,NVIDIA A100-SXM4-40GB MIG 4g.20gb (0),1,,13,cupy_copy__complex64_complex64
6039803288,2592,427944,35,1,1,128,1,1,16,0.000,0.000,,,,,NVIDIA A100-SXM4-40GB MIG 4g.20gb (0),1,,13,cupy_copy__complex64_complex64
6039820440,1856,427951,1,1,1,1,1,1,18,0.000,0.000,,,,,NVIDIA A100-SXM4-40GB MIG 4g.20gb (0),1,,13,cupy_copy__float32_float32
6039945718,81695,427962,1,1,1,32,32,1,30,0.000,0.000,,,,,NVIDIA A100-SXM4-40GB MIG 4g.20gb (0),1,,13,"void convert_kernel<__half2, float2>(tensor_layout_any, T1 *, tensor_layout_any, const T2 *)"
6040055349,6176,427965,,,,,,,,,,0.094,15170.975,Pinned,Device,NVIDIA A100-SXM4-40GB MIG 4g.20gb (0),1,,13,[CUDA memcpy Host-to-Device]
6040071093,3232,427966,,,,,,,,,,1.547,478533.199,Device,,NVIDIA A100-SXM4-40GB MIG 4g.20gb (0),1,,13,[CUDA memset]
6040077237,3456,427971,,,,,,,,,,0.031,9055.529,Pinned,Device,NVIDIA A100-SXM4-40GB MIG 4g.20gb (0),1,,13,[CUDA memcpy Host-to-Device]
6040083157,9792,427972,,,,,,,,,,0.197,20078.395,Pinned,Device,NVIDIA A100-SXM4-40GB MIG 4g.20gb (0),1,,13,[CUDA memcpy Host-to-Device]
6040098452,8192,427973,273,1,1,8,4,1,39,0.002,0.000,,,,,NVIDIA A100-SXM4-40GB MIG 4g.20gb (0),1,,13,"void channel_eq::eqMmseCoefCompLowMimoKernel<float, float, float, (unsigned int)4, (unsigned int)1, (unsigned int)4>(const channel_eq::_puschRxChEqStatDescr *, channel_eq::_puschRxChEqCoefCompDynDescr)"
6040108756,6112,427974,273,1,1,12,11,1,51,0.002,0.000,,,,,NVIDIA A100-SXM4-40GB MIG 4g.20gb (0),1,,13,"void channel_eq::eqMmseSoftDemapKernel<float, __half, __half, float, (unsigned int)4, (unsigned short)16383>(channel_eq::_puschRxChEqStatDescr *, channel_eq::_puschRxChEqSoftDemapDynDescr)"
6040116628,282429,427975,1,1,1,32,32,1,30,0.000,0.000,,,,,NVIDIA A100-SXM4-40GB MIG 4g.20gb (0),1,,13,"void convert_kernel<float2, __half2>(tensor_layout_any, T1 *, tensor_layout_any, const T2 *)"
6040401617,10912,427987,2253,1,1,128,1,1,16,0.000,0.000,,,,,NVIDIA A100-SXM4-40GB MIG 4g.20gb (0),1,,13,cupy_copy__float16_float16
6040413777,3232,427996,282,1,1,128,1,1,16,0.000,0.000,,,,,NVIDIA A100-SXM4-40GB MIG 4g.20gb (0),1,,13,cupy_copy__complex64_complex64
6040418417,2303,428005,26,1,1,128,1,1,16,0.000,0.000,,,,,NVIDIA A100-SXM4-40GB MIG 4g.20gb (0),1,,13,cupy_copy__float32_float32
6040421936,2976,428014,103,1,1,128,1,1,16,0.000,0.000,,,,,NVIDIA A100-SXM4-40GB MIG 4g.20gb (0),1,,13,cupy_copy__complex64_complex64
6040426000,12032,428024,1434,1,1,128,1,1,16,0.000,0.000,,,,,NVIDIA A100-SXM4-40GB MIG 4g.20gb (0),1,,13,cupy_copy__complex64_complex64
6040447120,81823,428029,1,1,1,32,32,1,30,0.000,0.000,,,,,NVIDIA A100-SXM4-40GB MIG 4g.20gb (0),1,,13,"void convert_kernel<__half2, float2>(tensor_layout_any, T1 *, tensor_layout_any, const T2 *)"
6040556239,6112,428032,,,,,,,,,,0.094,15329.790,Pinned,Device,NVIDIA A100-SXM4-40GB MIG 4g.20gb (0),1,,13,[CUDA memcpy Host-to-Device]
6040567983,597176,428033,,,,,,,,,,456.561,764283.851,Device,,NVIDIA A100-SXM4-40GB MIG 4g.20gb (0),1,,13,[CUDA memset]
6041173927,143134,428038,,,,,,,,,,1.235,8627.319,Pinned,Device,NVIDIA A100-SXM4-40GB MIG 4g.20gb (0),1,,13,[CUDA memcpy Host-to-Device]
6041328197,36512,428039,,,,,,,,,,0.197,5384.700,Pinned,Device,NVIDIA A100-SXM4-40GB MIG 4g.20gb (0),1,,13,[CUDA memcpy Host-to-Device]
6041385989,8127,428040,69,4,1,48,1,1,76,0.002,0.000,,,,,NVIDIA A100-SXM4-40GB MIG 4g.20gb (0),1,,13,"void ch_est::windowedChEstPreNoDftSOfdmKernel<float, __half, float, (unsigned int)2, (unsigned int)1, (unsigned short)4>(ch_est::puschRxChEstStatDescr_t *, ch_est::puschRxChEstDynDescr_t *)"
6041402180,6784,428041,137,2,1,24,2,1,44,0.001,0.001,,,,,NVIDIA A100-SXM4-40GB MIG 4g.20gb (0),1,,13,"void ch_est::chEstFilterNoDftSOfdmDispatchKernel<float, __half, float, (unsigned int)2>(ch_est::puschRxChEstStatDescr_t *, ch_est::puschRxChEstDynDescr_t *)"
6041416964,4704,428042,137,2,1,24,2,1,44,0.001,0.001,,,,,NVIDIA A100-SXM4-40GB MIG 4g.20gb (0),1,,13,"void ch_est::chEstFilterNoDftSOfdmDispatchKernel<float, __half, float, (unsigned int)2>(ch_est::puschRxChEstStatDescr_t *, ch_est::puschRxChEstDynDescr_t *)"
6041429508,2624,428053,103,1,1,128,1,1,16,0.000,0.000,,,,,NVIDIA A100-SXM4-40GB MIG 4g.20gb (0),1,,13,cupy_copy__complex64_complex64
6041441956,12320,428063,1434,1,1,128,1,1,16,0.000,0.000,,,,,NVIDIA A100-SXM4-40GB MIG 4g.20gb (0),1,,13,cupy_copy__complex64_complex64
6041473219,2560,428070,103,1,1,128,1,1,16,0.000,0.000,,,,,NVIDIA A100-SXM4-40GB MIG 4g.20gb (0),1,,13,cupy_copy__complex64_complex64
6041482339,89407,428077,1,1,1,32,32,1,30,0.000,0.000,,,,,NVIDIA A100-SXM4-40GB MIG 4g.20gb (0),1,,13,"void convert_kernel<__half2, float2>(tensor_layout_any, T1 *, tensor_layout_any, const T2 *)"
6041606146,20320,428080,,,,,,,,,,0.094,4610.968,Pinned,Device,NVIDIA A100-SXM4-40GB MIG 4g.20gb (0),1,,13,[CUDA memcpy Host-to-Device]
6041641761,47232,428081,,,,,,,,,,35.810,758167.626,Device,,NVIDIA A100-SXM4-40GB MIG 4g.20gb (0),1,,13,[CUDA memset]
6041689793,15712,428083,,,,,,,,,,0.000,5.092,Pinned,Device,NVIDIA A100-SXM4-40GB MIG 4g.20gb (0),1,,13,[CUDA memcpy Host-to-Device]
6041715105,31967,428084,,,,,,,,,,0.197,6150.291,Pinned,Device,NVIDIA A100-SXM4-40GB MIG 4g.20gb (0),1,,13,[CUDA memcpy Host-to-Device]
6041772928,9536,428085,273,1,1,48,1,1,40,0.000,0.001,,,,,NVIDIA A100-SXM4-40GB MIG 4g.20gb (0),1,,13,"void pusch_noise_intf_est::noiseIntfEstNoDftSOfdmKernel<float, __half, float, float, (unsigned int)2, (unsigned int)1, (unsigned char)4, (unsigned char)4>(pusch_noise_intf_est::puschRxNoiseIntfEstDynDescr)"
6041789632,2560,428096,35,1,1,128,1,1,16,0.000,0.000,,,,,NVIDIA A100-SXM4-40GB MIG 4g.20gb (0),1,,13,cupy_copy__complex64_complex64
6041806175,1696,428105,1,1,1,1,1,1,18,0.000,0.000,,,,,NVIDIA A100-SXM4-40GB MIG 4g.20gb (0),1,,13,cupy_copy__float32_float32
6041808671,8800,428111,,,,,,,,,,0.000,0.455,Device,Pageable,NVIDIA A100-SXM4-40GB MIG 4g.20gb (0),1,,7,[CUDA memcpy Device-to-Host]
6041899870,12992,428122,1434,1,1,128,1,1,16,0.000,0.000,,,,,NVIDIA A100-SXM4-40GB MIG 4g.20gb (0),1,,13,cupy_copy__complex64_complex64
6041923070,3360,428129,103,1,1,128,1,1,16,0.000,0.000,,,,,NVIDIA A100-SXM4-40GB MIG 4g.20gb (0),1,,13,cupy_copy__complex64_complex64
6041956254,2560,428136,35,1,1,128,1,1,16,0.000,0.000,,,,,NVIDIA A100-SXM4-40GB MIG 4g.20gb (0),1,,13,cupy_copy__complex64_complex64
6041977597,1728,428143,1,1,1,1,1,1,18,0.000,0.000,,,,,NVIDIA A100-SXM4-40GB MIG 4g.20gb (0),1,,13,cupy_copy__float32_float32
6042098140,86879,428154,1,1,1,32,32,1,30,0.000,0.000,,,,,NVIDIA A100-SXM4-40GB MIG 4g.20gb (0),1,,13,"void convert_kernel<__half2, float2>(tensor_layout_any, T1 *, tensor_layout_any, const T2 *)"
6042216250,13280,428157,,,,,,,,,,0.094,7055.402,Pinned,Device,NVIDIA A100-SXM4-40GB MIG 4g.20gb (0),1,,13,[CUDA memcpy Host-to-Device]
6042233786,3520,428158,,,,,,,,,,1.547,439380.412,Device,,NVIDIA A100-SXM4-40GB MIG 4g.20gb (0),1,,13,[CUDA memset]
6042240122,3648,428163,,,,,,,,,,0.031,8578.922,Pinned,Device,NVIDIA A100-SXM4-40GB MIG 4g.20gb (0),1,,13,[CUDA memcpy Host-to-Device]
6042249818,13184,428164,,,,,,,,,,0.197,14912.520,Pinned,Device,NVIDIA A100-SXM4-40GB MIG 4g.20gb (0),1,,13,[CUDA memcpy Host-to-Device]
6042274202,8256,428165,273,1,1,8,4,1,39,0.002,0.000,,,,,NVIDIA A100-SXM4-40GB MIG 4g.20gb (0),1,,13,"void channel_eq::eqMmseCoefCompLowMimoKernel<float, float, float, (unsigned int)4, (unsigned int)1, (unsigned int)4>(const channel_eq::_puschRxChEqStatDescr *, channel_eq::_puschRxChEqCoefCompDynDescr)"
6042288825,7744,428166,273,1,1,12,11,1,51,0.002,0.000,,,,,NVIDIA A100-SXM4-40GB MIG 4g.20gb (0),1,,13,"void channel_eq::eqMmseSoftDemapKernel<float, __half, __half, float, (unsigned int)4, (unsigned short)16383>(channel_eq::_puschRxChEqStatDescr *, channel_eq::_puschRxChEqSoftDemapDynDescr)"
6042303929,282941,428167,1,1,1,32,32,1,30,0.000,0.000,,,,,NVIDIA A100-SXM4-40GB MIG 4g.20gb (0),1,,13,"void convert_kernel<float2, __half2>(tensor_layout_any, T1 *, tensor_layout_any, const T2 *)"
6042587830,10976,428179,2253,1,1,128,1,1,16,0.000,0.000,,,,,NVIDIA A100-SXM4-40GB MIG 4g.20gb (0),1,,13,cupy_copy__float16_float16
6042601334,3168,428188,282,1,1,128,1,1,16,0.000,0.000,,,,,NVIDIA A100-SXM4-40GB MIG 4g.20gb (0),1,,13,cupy_copy__complex64_complex64
6042605430,2175,428197,26,1,1,128,1,1,16,0.000,0.000,,,,,NVIDIA A100-SXM4-40GB MIG 4g.20gb (0),1,,13,cupy_copy__float32_float32
6042610357,3328,428206,103,1,1,128,1,1,16,0.000,0.000,,,,,NVIDIA A100-SXM4-40GB MIG 4g.20gb (0),1,,13,cupy_copy__complex64_complex64
6042615157,11840,428216,1434,1,1,128,1,1,16,0.000,0.000,,,,,NVIDIA A100-SXM4-40GB MIG 4g.20gb (0),1,,13,cupy_copy__complex64_complex64
6042629525,82143,428221,1,1,1,32,32,1,30,0.000,0.000,,,,,NVIDIA A100-SXM4-40GB MIG 4g.20gb (0),1,,13,"void convert_kernel<__half2, float2>(tensor_layout_any, T1 *, tensor_layout_any, const T2 *)"
6042738356,5408,428224,,,,,,,,,,0.094,17325.421,Pinned,Device,NVIDIA A100-SXM4-40GB MIG 4g.20gb (0),1,,13,[CUDA memcpy Host-to-Device]
6042748212,597848,428225,,,,,,,,,,456.561,763370.728,Device,,NVIDIA A100-SXM4-40GB MIG 4g.20gb (0),1,,13,[CUDA memset]
6043353772,136351,428230,,,,,,,,,,1.235,9057.079,Pinned,Device,NVIDIA A100-SXM4-40GB MIG 4g.20gb (0),1,,13,[CUDA memcpy Host-to-Device]
6043500842,30656,428231,,,,,,,,,,0.197,6413.353,Pinned,Device,NVIDIA A100-SXM4-40GB MIG 4g.20gb (0),1,,13,[CUDA memcpy Host-to-Device]
6043550474,8416,428232,69,4,1,48,1,1,76,0.002,0.000,,,,,NVIDIA A100-SXM4-40GB MIG 4g.20gb (0),1,,13,"void ch_est::windowedChEstPreNoDftSOfdmKernel<float, __half, float, (unsigned int)2, (unsigned int)1, (unsigned short)4>(ch_est::puschRxChEstStatDescr_t *, ch_est::puschRxChEstDynDescr_t *)"
6043561354,6368,428233,137,2,1,24,2,1,44,0.001,0.001,,,,,NVIDIA A100-SXM4-40GB MIG 4g.20gb (0),1,,13,"void ch_est::chEstFilterNoDftSOfdmDispatchKernel<float, __half, float, (unsigned int)2>(ch_est::puschRxChEstStatDescr_t *, ch_est::puschRxChEstDynDescr_t *)"
6043577450,6655,428234,137,2,1,24,2,1,44,0.001,0.001,,,,,NVIDIA A100-SXM4-40GB MIG 4g.20gb (0),1,,13,"void ch_est::chEstFilterNoDftSOfdmDispatchKernel<float, __half, float, (unsigned int)2>(ch_est::puschRxChEstStatDescr_t *, ch_est::puschRxChEstDynDescr_t *)"
6043586217,2624,428245,103,1,1,128,1,1,16,0.000,0.000,,,,,NVIDIA A100-SXM4-40GB MIG 4g.20gb (0),1,,13,cupy_copy__complex64_complex64
6043593833,12992,428255,1434,1,1,128,1,1,16,0.000,0.000,,,,,NVIDIA A100-SXM4-40GB MIG 4g.20gb (0),1,,13,cupy_copy__complex64_complex64
6043609353,2720,428262,103,1,1,128,1,1,16,0.000,0.000,,,,,NVIDIA A100-SXM4-40GB MIG 4g.20gb (0),1,,13,cupy_copy__complex64_complex64
6043617417,87935,428269,1,1,1,32,32,1,30,0.000,0.000,,,,,NVIDIA A100-SXM4-40GB MIG 4g.20gb (0),1,,13,"void convert_kernel<__half2, float2>(tensor_layout_any, T1 *, tensor_layout_any, const T2 *)"
6043734152,10143,428272,,,,,,,,,,0.094,9237.489,Pinned,Device,NVIDIA A100-SXM4-40GB MIG 4g.20gb (0),1,,13,[CUDA memcpy Host-to-Device]
6043753767,46720,428273,,,,,,,,,,35.810,766475.528,Device,,NVIDIA A100-SXM4-40GB MIG 4g.20gb (0),1,,13,[CUDA memset]
6043801127,7584,428275,,,,,,,,,,0.000,10.548,Pinned,Device,NVIDIA A100-SXM4-40GB MIG 4g.20gb (0),1,,13,[CUDA memcpy Host-to-Device]
6043818119,17183,428276,,,,,,,,,,0.197,11441.996,Pinned,Device,NVIDIA A100-SXM4-40GB MIG 4g.20gb (0),1,,13,[CUDA memcpy Host-to-Device]
6043847718,9728,428277,273,1,1,48,1,1,40,0.000,0.001,,,,,NVIDIA A100-SXM4-40GB MIG 4g.20gb (0),1,,13,"void pusch_noise_intf_est::noiseIntfEstNoDftSOfdmKernel<float, __half, float, float, (unsigned int)2, (unsigned int)1, (unsigned char)4, (unsigned char)4>(pusch_noise_intf_est::puschRxNoiseIntfEstDynDescr)"
6043867142,2944,428288,35,1,1,128,1,1,16,0.000,0.000,,,,,NVIDIA A100-SXM4-40GB MIG 4g.20gb (0),1,,13,cupy_copy__complex64_complex64
6043877286,1856,428297,1,1,1,1,1,1,18,0.000,0.000,,,,,NVIDIA A100-SXM4-40GB MIG 4g.20gb (0),1,,13,cupy_copy__float32_float32
6043885254,7232,428303,,,,,,,,,,0.000,0.553,Device,Pageable,NVIDIA A100-SXM4-40GB MIG 4g.20gb (0),1,,7,[CUDA memcpy Device-to-Host]
6043961381,12864,428314,1434,1,1,128,1,1,16,0.000,0.000,,,,,NVIDIA A100-SXM4-40GB MIG 4g.20gb (0),1,,13,cupy_copy__complex64_complex64
6043988484,3104,428321,103,1,1,128,1,1,16,0.000,0.000,,,,,NVIDIA A100-SXM4-40GB MIG 4g.20gb (0),1,,13,cupy_copy__complex64_complex64
6044004644,2592,428328,35,1,1,128,1,1,16,0.000,0.000,,,,,NVIDIA A100-SXM4-40GB MIG 4g.20gb (0),1,,13,cupy_copy__complex64_complex64
6044022244,1824,428335,1,1,1,1,1,1,18,0.000,0.000,,,,,NVIDIA A100-SXM4-40GB MIG 4g.20gb (0),1,,13,cupy_copy__float32_float32
6044155010,87871,428346,1,1,1,32,32,1,30,0.000,0.000,,,,,NVIDIA A100-SXM4-40GB MIG 4g.20gb (0),1,,13,"void convert_kernel<__half2, float2>(tensor_layout_any, T1 *, tensor_layout_any, const T2 *)"
6044270785,5472,428349,,,,,,,,,,0.094,17122.757,Pinned,Device,NVIDIA A100-SXM4-40GB MIG 4g.20gb (0),1,,13,[CUDA memcpy Host-to-Device]
6044287649,3424,428350,,,,,,,,,,1.547,451700.819,Device,,NVIDIA A100-SXM4-40GB MIG 4g.20gb (0),1,,13,[CUDA memset]
6044294849,3232,428355,,,,,,,,,,0.031,9683.139,Pinned,Device,NVIDIA A100-SXM4-40GB MIG 4g.20gb (0),1,,13,[CUDA memcpy Host-to-Device]
6044300481,9567,428356,,,,,,,,,,0.197,20550.451,Pinned,Device,NVIDIA A100-SXM4-40GB MIG 4g.20gb (0),1,,13,[CUDA memcpy Host-to-Device]
6044314752,6656,428357,273,1,1,8,4,1,39,0.002,0.000,,,,,NVIDIA A100-SXM4-40GB MIG 4g.20gb (0),1,,13,"void channel_eq::eqMmseCoefCompLowMimoKernel<float, float, float, (unsigned int)4, (unsigned int)1, (unsigned int)4>(const channel_eq::_puschRxChEqStatDescr *, channel_eq::_puschRxChEqCoefCompDynDescr)"
6044324128,6048,428358,273,1,1,12,11,1,51,0.002,0.000,,,,,NVIDIA A100-SXM4-40GB MIG 4g.20gb (0),1,,13,"void channel_eq::eqMmseSoftDemapKernel<float, __half, __half, float, (unsigned int)4, (unsigned short)16383>(channel_eq::_puschRxChEqStatDescr *, channel_eq::_puschRxChEqSoftDemapDynDescr)"
6044331168,282653,428359,1,1,1,32,32,1,30,0.000,0.000,,,,,NVIDIA A100-SXM4-40GB MIG 4g.20gb (0),1,,13,"void convert_kernel<float2, __half2>(tensor_layout_any, T1 *, tensor_layout_any, const T2 *)"
6044614781,10912,428371,2253,1,1,128,1,1,16,0.000,0.000,,,,,NVIDIA A100-SXM4-40GB MIG 4g.20gb (0),1,,13,cupy_copy__float16_float16
6044626909,3136,428380,282,1,1,128,1,1,16,0.000,0.000,,,,,NVIDIA A100-SXM4-40GB MIG 4g.20gb (0),1,,13,cupy_copy__complex64_complex64
6044632413,2175,428389,26,1,1,128,1,1,16,0.000,0.000,,,,,NVIDIA A100-SXM4-40GB MIG 4g.20gb (0),1,,13,cupy_copy__float32_float32
6044638204,4640,428398,103,1,1,128,1,1,16,0.000,0.000,,,,,NVIDIA A100-SXM4-40GB MIG 4g.20gb (0),1,,13,cupy_copy__complex64_complex64
6044645116,11968,428408,1434,1,1,128,1,1,16,0.000,0.000,,,,,NVIDIA A100-SXM4-40GB MIG 4g.20gb (0),1,,13,cupy_copy__complex64_complex64
6044663644,87327,428413,1,1,1,32,32,1,30,0.000,0.000,,,,,NVIDIA A100-SXM4-40GB MIG 4g.20gb (0),1,,13,"void convert_kernel<__half2, float2>(tensor_layout_any, T1 *, tensor_layout_any, const T2 *)"
6044777947,5568,428416,,,,,,,,,,0.094,16827.521,Pinned,Device,NVIDIA A100-SXM4-40GB MIG 4g.20gb (0),1,,13,[CUDA memcpy Host-to-Device]
6044788635,596120,428417,,,,,,,,,,456.561,765653.535,Device,,NVIDIA A100-SXM4-40GB MIG 4g.20gb (0),1,,13,[CUDA memset]
6045387891,150110,428422,,,,,,,,,,1.235,8225.962,Pinned,Device,NVIDIA A100-SXM4-40GB MIG 4g.20gb (0),1,,13,[CUDA memcpy Host-to-Device]
6045550673,41888,428423,,,,,,,,,,0.197,4693.623,Pinned,Device,NVIDIA A100-SXM4-40GB MIG 4g.20gb (0),1,,13,[CUDA memcpy Host-to-Device]
6045614448,8384,428424,69,4,1,48,1,1,76,0.002,0.000,,,,,NVIDIA A100-SXM4-40GB MIG 4g.20gb (0),1,,13,"void ch_est::windowedChEstPreNoDftSOfdmKernel<float, __half, float, (unsigned int)2, (unsigned int)1, (unsigned short)4>(ch_est::puschRxChEstStatDescr_t *, ch_est::puschRxChEstDynDescr_t *)"
6045633776,6848,428425,137,2,1,24,2,1,44,0.001,0.001,,,,,NVIDIA A100-SXM4-40GB MIG 4g.20gb (0),1,,13,"void ch_est::chEstFilterNoDftSOfdmDispatchKernel<float, __half, float, (unsigned int)2>(ch_est::puschRxChEstStatDescr_t *, ch_est::puschRxChEstDynDescr_t *)"
6045650736,4768,428426,137,2,1,24,2,1,44,0.001,0.001,,,,,NVIDIA A100-SXM4-40GB MIG 4g.20gb (0),1,,13,"void ch_est::chEstFilterNoDftSOfdmDispatchKernel<float, __half, float, (unsigned int)2>(ch_est::puschRxChEstStatDescr_t *, ch_est::puschRxChEstDynDescr_t *)"
6045667984,2528,428437,103,1,1,128,1,1,16,0.000,0.000,,,,,NVIDIA A100-SXM4-40GB MIG 4g.20gb (0),1,,13,cupy_copy__complex64_complex64
6045685392,12479,428447,1434,1,1,128,1,1,16,0.000,0.000,,,,,NVIDIA A100-SXM4-40GB MIG 4g.20gb (0),1,,13,cupy_copy__complex64_complex64
6045704175,2912,428454,103,1,1,128,1,1,16,0.000,0.000,,,,,NVIDIA A100-SXM4-40GB MIG 4g.20gb (0),1,,13,cupy_copy__complex64_complex64
6045723503,87871,428461,1,1,1,32,32,1,30,0.000,0.000,,,,,NVIDIA A100-SXM4-40GB MIG 4g.20gb (0),1,,13,"void convert_kernel<__half2, float2>(tensor_layout_any, T1 *, tensor_layout_any, const T2 *)"
6045841582,13119,428464,,,,,,,,,,0.094,7141.978,Pinned,Device,NVIDIA A100-SXM4-40GB MIG 4g.20gb (0),1,,13,[CUDA memcpy Host-to-Device]
6045860589,47584,428465,,,,,,,,,,35.810,752545.469,Device,,NVIDIA A100-SXM4-40GB MIG 4g.20gb (0),1,,13,[CUDA memset]
6045915181,4800,428467,,,,,,,,,,0.000,16.667,Pinned,Device,NVIDIA A100-SXM4-40GB MIG 4g.20gb (0),1,,13,[CUDA memcpy Host-to-Device]
6045927629,15263,428468,,,,,,,,,,0.197,12881.166,Pinned,Device,NVIDIA A100-SXM4-40GB MIG 4g.20gb (0),1,,13,[CUDA memcpy Host-to-Device]
6045953292,9792,428469,273,1,1,48,1,1,40,0.000,0.001,,,,,NVIDIA A100-SXM4-40GB MIG 4g.20gb (0),1,,13,"void pusch_noise_intf_est::noiseIntfEstNoDftSOfdmKernel<float, __half, float, float, (unsigned int)2, (unsigned int)1, (unsigned char)4, (unsigned char)4>(pusch_noise_intf_est::puschRxNoiseIntfEstDynDescr)"
6045973932,2912,428480,35,1,1,128,1,1,16,0.000,0.000,,,,,NVIDIA A100-SXM4-40GB MIG 4g.20gb (0),1,,13,cupy_copy__complex64_complex64
6045984588,1728,428489,1,1,1,1,1,1,18,0.000,0.000,,,,,NVIDIA A100-SXM4-40GB MIG 4g.20gb (0),1,,13,cupy_copy__float32_float32
6045991148,6368,428495,,,,,,,,,,0.000,0.628,Device,Pageable,NVIDIA A100-SXM4-40GB MIG 4g.20gb (0),1,,7,[CUDA memcpy Device-to-Host]
6046072587,12864,428506,1434,1,1,128,1,1,16,0.000,0.000,,,,,NVIDIA A100-SXM4-40GB MIG 4g.20gb (0),1,,13,cupy_copy__complex64_complex64
6046099754,2976,428513,103,1,1,128,1,1,16,0.000,0.000,,,,,NVIDIA A100-SXM4-40GB MIG 4g.20gb (0),1,,13,cupy_copy__complex64_complex64
6046119882,2816,428520,35,1,1,128,1,1,16,0.000,0.000,,,,,NVIDIA A100-SXM4-40GB MIG 4g.20gb (0),1,,13,cupy_copy__complex64_complex64
6046139850,1792,428527,1,1,1,1,1,1,18,0.000,0.000,,,,,NVIDIA A100-SXM4-40GB MIG 4g.20gb (0),1,,13,cupy_copy__float32_float32
6046274504,88831,428538,1,1,1,32,32,1,30,0.000,0.000,,,,,NVIDIA A100-SXM4-40GB MIG 4g.20gb (0),1,,13,"void convert_kernel<__half2, float2>(tensor_layout_any, T1 *, tensor_layout_any, const T2 *)"
6046391719,5536,428541,,,,,,,,,,0.094,16924.777,Pinned,Device,NVIDIA A100-SXM4-40GB MIG 4g.20gb (0),1,,13,[CUDA memcpy Host-to-Device]
6046406343,3360,428542,,,,,,,,,,1.547,460304.688,Device,,NVIDIA A100-SXM4-40GB MIG 4g.20gb (0),1,,13,[CUDA memset]
6046413159,3040,428547,,,,,,,,,,0.031,10294.725,Pinned,Device,NVIDIA A100-SXM4-40GB MIG 4g.20gb (0),1,,13,[CUDA memcpy Host-to-Device]
6046419078,9856,428548,,,,,,,,,,0.197,19948.044,Pinned,Device,NVIDIA A100-SXM4-40GB MIG 4g.20gb (0),1,,13,[CUDA memcpy Host-to-Device]
6046434342,6400,428549,273,1,1,8,4,1,39,0.002,0.000,,,,,NVIDIA A100-SXM4-40GB MIG 4g.20gb (0),1,,13,"void channel_eq::eqMmseCoefCompLowMimoKernel<float, float, float, (unsigned int)4, (unsigned int)1, (unsigned int)4>(const channel_eq::_puschRxChEqStatDescr *, channel_eq::_puschRxChEqCoefCompDynDescr)"
6046443686,6176,428550,273,1,1,12,11,1,51,0.002,0.000,,,,,NVIDIA A100-SXM4-40GB MIG 4g.20gb (0),1,,13,"void channel_eq::eqMmseSoftDemapKernel<float, __half, __half, float, (unsigned int)4, (unsigned short)16383>(channel_eq::_puschRxChEqStatDescr *, channel_eq::_puschRxChEqSoftDemapDynDescr)"
6046450982,283293,428551,1,1,1,32,32,1,30,0.000,0.000,,,,,NVIDIA A100-SXM4-40GB MIG 4g.20gb (0),1,,13,"void convert_kernel<float2, __half2>(tensor_layout_any, T1 *, tensor_layout_any, const T2 *)"
6046736739,11263,428563,2253,1,1,128,1,1,16,0.000,0.000,,,,,NVIDIA A100-SXM4-40GB MIG 4g.20gb (0),1,,13,cupy_copy__float16_float16
6046750178,2848,428572,282,1,1,128,1,1,16,0.000,0.000,,,,,NVIDIA A100-SXM4-40GB MIG 4g.20gb (0),1,,13,cupy_copy__complex64_complex64
6046757090,2144,428581,26,1,1,128,1,1,16,0.000,0.000,,,,,NVIDIA A100-SXM4-40GB MIG 4g.20gb (0),1,,13,cupy_copy__float32_float32
6046762306,3200,428590,103,1,1,128,1,1,16,0.000,0.000,,,,,NVIDIA A100-SXM4-40GB MIG 4g.20gb (0),1,,13,cupy_copy__complex64_complex64
6046769218,11904,428600,1434,1,1,128,1,1,16,0.000,0.000,,,,,NVIDIA A100-SXM4-40GB MIG 4g.20gb (0),1,,13,cupy_copy__complex64_complex64
6046784834,86079,428605,1,1,1,32,32,1,30,0.000,0.000,,,,,NVIDIA A100-SXM4-40GB MIG 4g.20gb (0),1,,13,"void convert_kernel<__half2, float2>(tensor_layout_any, T1 *, tensor_layout_any, const T2 *)"
6046899201,5535,428608,,,,,,,,,,0.094,16927.869,Pinned,Device,NVIDIA A100-SXM4-40GB MIG 4g.20gb (0),1,,13,[CUDA memcpy Host-to-Device]
6046910144,599513,428609,,,,,,,,,,456.561,761544.482,Device,,NVIDIA A100-SXM4-40GB MIG 4g.20gb (0),1,,13,[CUDA memset]
6047516377,162142,428614,,,,,,,,,,1.235,7615.900,Pinned,Device,NVIDIA A100-SXM4-40GB MIG 4g.20gb (0),1,,13,[CUDA memcpy Host-to-Device]
6047690935,39871,428615,,,,,,,,,,0.197,4930.929,Pinned,Device,NVIDIA A100-SXM4-40GB MIG 4g.20gb (0),1,,13,[CUDA memcpy Host-to-Device]
6047758710,8640,428616,69,4,1,48,1,1,76,0.002,0.000,,,,,NVIDIA A100-SXM4-40GB MIG 4g.20gb (0),1,,13,"void ch_est::windowedChEstPreNoDftSOfdmKernel<float, __half, float, (unsigned int)2, (unsigned int)1, (unsigned short)4>(ch_est::puschRxChEstStatDescr_t *, ch_est::puschRxChEstDynDescr_t *)"
6047775126,6720,428617,137,2,1,24,2,1,44,0.001,0.001,,,,,NVIDIA A100-SXM4-40GB MIG 4g.20gb (0),1,,13,"void ch_est::chEstFilterNoDftSOfdmDispatchKernel<float, __half, float, (unsigned int)2>(ch_est::puschRxChEstStatDescr_t *, ch_est::puschRxChEstDynDescr_t *)"
6047790358,4767,428618,137,2,1,24,2,1,44,0.001,0.001,,,,,NVIDIA A100-SXM4-40GB MIG 4g.20gb (0),1,,13,"void ch_est::chEstFilterNoDftSOfdmDispatchKernel<float, __half, float, (unsigned int)2>(ch_est::puschRxChEstStatDescr_t *, ch_est::puschRxChEstDynDescr_t *)"
6047804725,2624,428629,103,1,1,128,1,1,16,0.000,0.000,,,,,NVIDIA A100-SXM4-40GB MIG 4g.20gb (0),1,,13,cupy_copy__complex64_complex64
6047818837,12992,428639,1434,1,1,128,1,1,16,0.000,0.000,,,,,NVIDIA A100-SXM4-40GB MIG 4g.20gb (0),1,,13,cupy_copy__complex64_complex64
6047843829,2656,428646,103,1,1,128,1,1,16,0.000,0.000,,,,,NVIDIA A100-SXM4-40GB MIG 4g.20gb (0),1,,13,cupy_copy__complex64_complex64
6047859541,82271,428653,1,1,1,32,32,1,30,0.000,0.000,,,,,NVIDIA A100-SXM4-40GB MIG 4g.20gb (0),1,,13,"void convert_kernel<__half2, float2>(tensor_layout_any, T1 *, tensor_layout_any, const T2 *)"
6047972755,12480,428656,,,,,,,,,,0.094,7507.673,Pinned,Device,NVIDIA A100-SXM4-40GB MIG 4g.20gb (0),1,,13,[CUDA memcpy Host-to-Device]
6047994163,46623,428657,,,,,,,,,,35.810,768051.164,Device,,NVIDIA A100-SXM4-40GB MIG 4g.20gb (0),1,,13,[CUDA memset]
6048042354,11616,428659,,,,,,,,,,0.000,6.887,Pinned,Device,NVIDIA A100-SXM4-40GB MIG 4g.20gb (0),1,,13,[CUDA memcpy Host-to-Device]
6048060850,22592,428660,,,,,,,,,,0.197,8702.460,Pinned,Device,NVIDIA A100-SXM4-40GB MIG 4g.20gb (0),1,,13,[CUDA memcpy Host-to-Device]
6048098930,9984,428661,273,1,1,48,1,1,40,0.000,0.001,,,,,NVIDIA A100-SXM4-40GB MIG 4g.20gb (0),1,,13,"void pusch_noise_intf_est::noiseIntfEstNoDftSOfdmKernel<float, __half, float, float, (unsigned int)2, (unsigned int)1, (unsigned char)4, (unsigned char)4>(pusch_noise_intf_est::puschRxNoiseIntfEstDynDescr)"
6048110610,3328,428672,35,1,1,128,1,1,16,0.000,0.000,,,,,NVIDIA A100-SXM4-40GB MIG 4g.20gb (0),1,,13,cupy_copy__complex64_complex64
6048116242,1984,428681,1,1,1,1,1,1,18,0.000,0.000,,,,,NVIDIA A100-SXM4-40GB MIG 4g.20gb (0),1,,13,cupy_copy__float32_float32
6048124241,2464,428687,,,,,,,,,,0.000,1.623,Device,Pageable,NVIDIA A100-SXM4-40GB MIG 4g.20gb (0),1,,7,[CUDA memcpy Device-to-Host]
6048185169,13216,428698,1434,1,1,128,1,1,16,0.000,0.000,,,,,NVIDIA A100-SXM4-40GB MIG 4g.20gb (0),1,,13,cupy_copy__complex64_complex64
6048216176,3360,428705,103,1,1,128,1,1,16,0.000,0.000,,,,,NVIDIA A100-SXM4-40GB MIG 4g.20gb (0),1,,13,cupy_copy__complex64_complex64
6048232176,2208,428712,35,1,1,128,1,1,16,0.000,0.000,,,,,NVIDIA A100-SXM4-40GB MIG 4g.20gb (0),1,,13,cupy_copy__complex64_complex64
6048250672,1792,428719,1,1,1,1,1,1,18,0.000,0.000,,,,,NVIDIA A100-SXM4-40GB MIG 4g.20gb (0),1,,13,cupy_copy__float32_float32
6048385486,81951,428730,1,1,1,32,32,1,30,0.000,0.000,,,,,NVIDIA A100-SXM4-40GB MIG 4g.20gb (0),1,,13,"void convert_kernel<__half2, float2>(tensor_layout_any, T1 *, tensor_layout_any, const T2 *)"
6048495373,5696,428733,,,,,,,,,,0.094,16449.363,Pinned,Device,NVIDIA A100-SXM4-40GB MIG 4g.20gb (0),1,,13,[CUDA memcpy Host-to-Device]
6048511661,3232,428734,,,,,,,,,,1.547,478533.199,Device,,NVIDIA A100-SXM4-40GB MIG 4g.20gb (0),1,,13,[CUDA memset]
6048516653,3168,428739,,,,,,,,,,0.031,9878.770,Pinned,Device,NVIDIA A100-SXM4-40GB MIG 4g.20gb (0),1,,13,[CUDA memcpy Host-to-Device]
6048522413,9759,428740,,,,,,,,,,0.197,20146.225,Pinned,Device,NVIDIA A100-SXM4-40GB MIG 4g.20gb (0),1,,13,[CUDA memcpy Host-to-Device]
6048536684,6272,428741,273,1,1,8,4,1,39,0.002,0.000,,,,,NVIDIA A100-SXM4-40GB MIG 4g.20gb (0),1,,13,"void channel_eq::eqMmseCoefCompLowMimoKernel<float, float, float, (unsigned int)4, (unsigned int)1, (unsigned int)4>(const channel_eq::_puschRxChEqStatDescr *, channel_eq::_puschRxChEqCoefCompDynDescr)"
6048546252,5728,428742,273,1,1,12,11,1,51,0.002,0.000,,,,,NVIDIA A100-SXM4-40GB MIG 4g.20gb (0),1,,13,"void channel_eq::eqMmseSoftDemapKernel<float, __half, __half, float, (unsigned int)4, (unsigned short)16383>(channel_eq::_puschRxChEqStatDescr *, channel_eq::_puschRxChEqSoftDemapDynDescr)"
6048553004,282013,428743,1,1,1,32,32,1,30,0.000,0.000,,,,,NVIDIA A100-SXM4-40GB MIG 4g.20gb (0),1,,13,"void convert_kernel<float2, __half2>(tensor_layout_any, T1 *, tensor_layout_any, const T2 *)"
6048836777,11136,428755,2253,1,1,128,1,1,16,0.000,0.000,,,,,NVIDIA A100-SXM4-40GB MIG 4g.20gb (0),1,,13,cupy_copy__float16_float16
6048852904,3040,428764,282,1,1,128,1,1,16,0.000,0.000,,,,,NVIDIA A100-SXM4-40GB MIG 4g.20gb (0),1,,13,cupy_copy__complex64_complex64
6048858664,2048,428773,26,1,1,128,1,1,16,0.000,0.000,,,,,NVIDIA A100-SXM4-40GB MIG 4g.20gb (0),1,,13,cupy_copy__float32_float32
6048863208,3040,428782,103,1,1,128,1,1,16,0.000,0.000,,,,,NVIDIA A100-SXM4-40GB MIG 4g.20gb (0),1,,13,cupy_copy__complex64_complex64
6048867176,12000,428792,1434,1,1,128,1,1,16,0.000,0.000,,,,,NVIDIA A100-SXM4-40GB MIG 4g.20gb (0),1,,13,cupy_copy__complex64_complex64
6048884712,87103,428797,1,1,1,32,32,1,30,0.000,0.000,,,,,NVIDIA A100-SXM4-40GB MIG 4g.20gb (0),1,,13,"void convert_kernel<__half2, float2>(tensor_layout_any, T1 *, tensor_layout_any, const T2 *)"
6048998791,5792,428800,,,,,,,,,,0.094,16176.708,Pinned,Device,NVIDIA A100-SXM4-40GB MIG 4g.20gb (0),1,,13,[CUDA memcpy Host-to-Device]
6049008871,604248,428801,,,,,,,,,,456.561,755152.622,Device,,NVIDIA A100-SXM4-40GB MIG 4g.20gb (0),1,,13,[CUDA memset]
6049619647,129310,428806,,,,,,,,,,1.235,9549.822,Pinned,Device,NVIDIA A100-SXM4-40GB MIG 4g.20gb (0),1,,13,[CUDA memcpy Host-to-Device]
6049761853,41696,428807,,,,,,,,,,0.197,4715.250,Pinned,Device,NVIDIA A100-SXM4-40GB MIG 4g.20gb (0),1,,13,[CUDA memcpy Host-to-Device]
6049823644,8448,428808,69,4,1,48,1,1,76,0.002,0.000,,,,,NVIDIA A100-SXM4-40GB MIG 4g.20gb (0),1,,13,"void ch_est::windowedChEstPreNoDftSOfdmKernel<float, __half, float, (unsigned int)2, (unsigned int)1, (unsigned short)4>(ch_est::puschRxChEstStatDescr_t *, ch_est::puschRxChEstDynDescr_t *)"
6049841852,7040,428809,137,2,1,24,2,1,44,0.001,0.001,,,,,NVIDIA A100-SXM4-40GB MIG 4g.20gb (0),1,,13,"void ch_est::chEstFilterNoDftSOfdmDispatchKernel<float, __half, float, (unsigned int)2>(ch_est::puschRxChEstStatDescr_t *, ch_est::puschRxChEstDynDescr_t *)"
6049861788,4768,428810,137,2,1,24,2,1,44,0.001,0.001,,,,,NVIDIA A100-SXM4-40GB MIG 4g.20gb (0),1,,13,"void ch_est::chEstFilterNoDftSOfdmDispatchKernel<float, __half, float, (unsigned int)2>(ch_est::puschRxChEstStatDescr_t *, ch_est::puschRxChEstDynDescr_t *)"
6049878460,2720,428821,103,1,1,128,1,1,16,0.000,0.000,,,,,NVIDIA A100-SXM4-40GB MIG 4g.20gb (0),1,,13,cupy_copy__complex64_complex64
6049895516,12319,428831,1434,1,1,128,1,1,16,0.000,0.000,,,,,NVIDIA A100-SXM4-40GB MIG 4g.20gb (0),1,,13,cupy_copy__complex64_complex64
6049914043,2944,428838,103,1,1,128,1,1,16,0.000,0.000,,,,,NVIDIA A100-SXM4-40GB MIG 4g.20gb (0),1,,13,cupy_copy__complex64_complex64
6049939931,88703,428845,1,1,1,32,32,1,30,0.000,0.000,,,,,NVIDIA A100-SXM4-40GB MIG 4g.20gb (0),1,,13,"void convert_kernel<__half2, float2>(tensor_layout_any, T1 *, tensor_layout_any, const T2 *)"
6050066937,23840,428848,,,,,,,,,,0.094,3930.172,Pinned,Device,NVIDIA A100-SXM4-40GB MIG 4g.20gb (0),1,,13,[CUDA memcpy Host-to-Device]
6050108441,47007,428849,,,,,,,,,,35.810,761784.428,Device,,NVIDIA A100-SXM4-40GB MIG 4g.20gb (0),1,,13,[CUDA memset]
6050163384,16864,428851,,,,,,,,,,0.000,4.744,Pinned,Device,NVIDIA A100-SXM4-40GB MIG 4g.20gb (0),1,,13,[CUDA memcpy Host-to-Device]
6050186424,23968,428852,,,,,,,,,,0.197,8202.879,Pinned,Device,NVIDIA A100-SXM4-40GB MIG 4g.20gb (0),1,,13,[CUDA memcpy Host-to-Device]
6050243447,9536,428853,273,1,1,48,1,1,40,0.000,0.001,,,,,NVIDIA A100-SXM4-40GB MIG 4g.20gb (0),1,,13,"void pusch_noise_intf_est::noiseIntfEstNoDftSOfdmKernel<float, __half, float, float, (unsigned int)2, (unsigned int)1, (unsigned char)4, (unsigned char)4>(pusch_noise_intf_est::puschRxNoiseIntfEstDynDescr)"
6050259639,2624,428864,35,1,1,128,1,1,16,0.000,0.000,,,,,NVIDIA A100-SXM4-40GB MIG 4g.20gb (0),1,,13,cupy_copy__complex64_complex64
6050275095,1728,428873,1,1,1,1,1,1,18,0.000,0.000,,,,,NVIDIA A100-SXM4-40GB MIG 4g.20gb (0),1,,13,cupy_copy__float32_float32
6050284535,5152,428879,,,,,,,,,,0.000,0.776,Device,Pageable,NVIDIA A100-SXM4-40GB MIG 4g.20gb (0),1,,7,[CUDA memcpy Device-to-Host]
6050373014,12800,428890,1434,1,1,128,1,1,16,0.000,0.000,,,,,NVIDIA A100-SXM4-40GB MIG 4g.20gb (0),1,,13,cupy_copy__complex64_complex64
6050403765,3360,428897,103,1,1,128,1,1,16,0.000,0.000,,,,,NVIDIA A100-SXM4-40GB MIG 4g.20gb (0),1,,13,cupy_copy__complex64_complex64
6050418357,2560,428904,35,1,1,128,1,1,16,0.000,0.000,,,,,NVIDIA A100-SXM4-40GB MIG 4g.20gb (0),1,,13,cupy_copy__complex64_complex64
6050443573,1760,428911,1,1,1,1,1,1,18,0.000,0.000,,,,,NVIDIA A100-SXM4-40GB MIG 4g.20gb (0),1,,13,cupy_copy__float32_float32
6050563283,82079,428922,1,1,1,32,32,1,30,0.000,0.000,,,,,NVIDIA A100-SXM4-40GB MIG 4g.20gb (0),1,,13,"void convert_kernel<__half2, float2>(tensor_layout_any, T1 *, tensor_layout_any, const T2 *)"
6050673202,5824,428925,,,,,,,,,,0.094,16087.884,Pinned,Device,NVIDIA A100-SXM4-40GB MIG 4g.20gb (0),1,,13,[CUDA memcpy Host-to-Device]
6050688018,3424,428926,,,,,,,,,,1.547,451700.819,Device,,NVIDIA A100-SXM4-40GB MIG 4g.20gb (0),1,,13,[CUDA memset]
6050694034,3040,428931,,,,,,,,,,0.031,10294.725,Pinned,Device,NVIDIA A100-SXM4-40GB MIG 4g.20gb (0),1,,13,[CUDA memcpy Host-to-Device]
6050699698,9824,428932,,,,,,,,,,0.197,20012.925,Pinned,Device,NVIDIA A100-SXM4-40GB MIG 4g.20gb (0),1,,13,[CUDA memcpy Host-to-Device]
6050715345,6144,428933,273,1,1,8,4,1,39,0.002,0.000,,,,,NVIDIA A100-SXM4-40GB MIG 4g.20gb (0),1,,13,"void channel_eq::eqMmseCoefCompLowMimoKernel<float, float, float, (unsigned int)4, (unsigned int)1, (unsigned int)4>(const channel_eq::_puschRxChEqStatDescr *, channel_eq::_puschRxChEqCoefCompDynDescr)"
6050722545,5984,428934,273,1,1,12,11,1,51,0.002,0.000,,,,,NVIDIA A100-SXM4-40GB MIG 4g.20gb (0),1,,13,"void channel_eq::eqMmseSoftDemapKernel<float, __half, __half, float, (unsigned int)4, (unsigned short)16383>(channel_eq::_puschRxChEqStatDescr *, channel_eq::_puschRxChEqSoftDemapDynDescr)"
6050729457,294781,428935,1,1,1,32,32,1,30,0.000,0.000,,,,,NVIDIA A100-SXM4-40GB MIG 4g.20gb (0),1,,13,"void convert_kernel<float2, __half2>(tensor_layout_any, T1 *, tensor_layout_any, const T2 *)"
6051025294,11103,428947,2253,1,1,128,1,1,16,0.000,0.000,,,,,NVIDIA A100-SXM4-40GB MIG 4g.20gb (0),1,,13,cupy_copy__float16_float16
6051041389,3552,428956,282,1,1,128,1,1,16,0.000,0.000,,,,,NVIDIA A100-SXM4-40GB MIG 4g.20gb (0),1,,13,cupy_copy__complex64_complex64
6051046797,2240,428965,26,1,1,128,1,1,16,0.000,0.000,,,,,NVIDIA A100-SXM4-40GB MIG 4g.20gb (0),1,,13,cupy_copy__float32_float32
6051051373,3136,428974,103,1,1,128,1,1,16,0.000,0.000,,,,,NVIDIA A100-SXM4-40GB MIG 4g.20gb (0),1,,13,cupy_copy__complex64_complex64
6051103501,12032,428990,1434,1,1,128,1,1,16,0.000,0.000,,,,,NVIDIA A100-SXM4-40GB MIG 4g.20gb (0),1,,13,cupy_copy__complex64_complex64
6051218187,83007,428995,1,1,1,32,32,1,30,0.000,0.000,,,,,NVIDIA A100-SXM4-40GB MIG 4g.20gb (0),1,,13,"void convert_kernel<__half2, float2>(tensor_layout_any, T1 *, tensor_layout_any, const T2 *)"
6051328266,5696,428998,,,,,,,,,,0.094,16449.363,Pinned,Device,NVIDIA A100-SXM4-40GB MIG 4g.20gb (0),1,,13,[CUDA memcpy Host-to-Device]
6051338058,598264,428999,,,,,,,,,,456.561,762914.166,Device,,NVIDIA A100-SXM4-40GB MIG 4g.20gb (0),1,,13,[CUDA memset]
6051941442,163806,429004,,,,,,,,,,1.235,7538.098,Pinned,Device,NVIDIA A100-SXM4-40GB MIG 4g.20gb (0),1,,13,[CUDA memcpy Host-to-Device]
6052117344,40096,429005,,,,,,,,,,0.197,4903.404,Pinned,Device,NVIDIA A100-SXM4-40GB MIG 4g.20gb (0),1,,13,[CUDA memcpy Host-to-Device]
6052187263,8096,429006,69,4,1,48,1,1,76,0.002,0.000,,,,,NVIDIA A100-SXM4-40GB MIG 4g.20gb (0),1,,13,"void ch_est::windowedChEstPreNoDftSOfdmKernel<float, __half, float, (unsigned int)2, (unsigned int)1, (unsigned short)4>(ch_est::puschRxChEstStatDescr_t *, ch_est::puschRxChEstDynDescr_t *)"
6052206623,6720,429007,137,2,1,24,2,1,44,0.001,0.001,,,,,NVIDIA A100-SXM4-40GB MIG 4g.20gb (0),1,,13,"void ch_est::chEstFilterNoDftSOfdmDispatchKernel<float, __half, float, (unsigned int)2>(ch_est::puschRxChEstStatDescr_t *, ch_est::puschRxChEstDynDescr_t *)"
6052223295,4736,429008,137,2,1,24,2,1,44,0.001,0.001,,,,,NVIDIA A100-SXM4-40GB MIG 4g.20gb (0),1,,13,"void ch_est::chEstFilterNoDftSOfdmDispatchKernel<float, __half, float, (unsigned int)2>(ch_est::puschRxChEstStatDescr_t *, ch_est::puschRxChEstDynDescr_t *)"
6052243135,2624,429019,103,1,1,128,1,1,16,0.000,0.000,,,,,NVIDIA A100-SXM4-40GB MIG 4g.20gb (0),1,,13,cupy_copy__complex64_complex64
6052259614,12320,429029,1434,1,1,128,1,1,16,0.000,0.000,,,,,NVIDIA A100-SXM4-40GB MIG 4g.20gb (0),1,,13,cupy_copy__complex64_complex64
6052279038,2528,429036,103,1,1,128,1,1,16,0.000,0.000,,,,,NVIDIA A100-SXM4-40GB MIG 4g.20gb (0),1,,13,cupy_copy__complex64_complex64
6052301246,89439,429043,1,1,1,32,32,1,30,0.000,0.000,,,,,NVIDIA A100-SXM4-40GB MIG 4g.20gb (0),1,,13,"void convert_kernel<__half2, float2>(tensor_layout_any, T1 *, tensor_layout_any, const T2 *)"
6052427516,24288,429046,,,,,,,,,,0.094,3857.652,Pinned,Device,NVIDIA A100-SXM4-40GB MIG 4g.20gb (0),1,,13,[CUDA memcpy Host-to-Device]
6052469244,46815,429047,,,,,,,,,,35.810,764899.891,Device,,NVIDIA A100-SXM4-40GB MIG 4g.20gb (0),1,,13,[CUDA memset]
6052522971,10528,429049,,,,,,,,,,0.000,7.599,Pinned,Device,NVIDIA A100-SXM4-40GB MIG 4g.20gb (0),1,,13,[CUDA memcpy Host-to-Device]
6052540795,34272,429050,,,,,,,,,,0.197,5736.628,Pinned,Device,NVIDIA A100-SXM4-40GB MIG 4g.20gb (0),1,,13,[CUDA memcpy Host-to-Device]
6052611194,9536,429051,273,1,1,48,1,1,40,0.000,0.001,,,,,NVIDIA A100-SXM4-40GB MIG 4g.20gb (0),1,,13,"void pusch_noise_intf_est::noiseIntfEstNoDftSOfdmKernel<float, __half, float, float, (unsigned int)2, (unsigned int)1, (unsigned char)4, (unsigned char)4>(pusch_noise_intf_est::puschRxNoiseIntfEstDynDescr)"
6052627034,2816,429062,35,1,1,128,1,1,16,0.000,0.000,,,,,NVIDIA A100-SXM4-40GB MIG 4g.20gb (0),1,,13,cupy_copy__complex64_complex64
6052643962,1696,429071,1,1,1,1,1,1,18,0.000,0.000,,,,,NVIDIA A100-SXM4-40GB MIG 4g.20gb (0),1,,13,cupy_copy__float32_float32
6052646874,8160,429077,,,,,,,,,,0.000,0.490,Device,Pageable,NVIDIA A100-SXM4-40GB MIG 4g.20gb (0),1,,7,[CUDA memcpy Device-to-Host]
6052733593,12479,429088,1434,1,1,128,1,1,16,0.000,0.000,,,,,NVIDIA A100-SXM4-40GB MIG 4g.20gb (0),1,,13,cupy_copy__complex64_complex64
6052766136,2944,429095,103,1,1,128,1,1,16,0.000,0.000,,,,,NVIDIA A100-SXM4-40GB MIG 4g.20gb (0),1,,13,cupy_copy__complex64_complex64
6052799320,2528,429102,35,1,1,128,1,1,16,0.000,0.000,,,,,NVIDIA A100-SXM4-40GB MIG 4g.20gb (0),1,,13,cupy_copy__complex64_complex64
6052814456,1696,429109,1,1,1,1,1,1,18,0.000,0.000,,,,,NVIDIA A100-SXM4-40GB MIG 4g.20gb (0),1,,13,cupy_copy__float32_float32
6052931542,88351,429120,1,1,1,32,32,1,30,0.000,0.000,,,,,NVIDIA A100-SXM4-40GB MIG 4g.20gb (0),1,,13,"void convert_kernel<__half2, float2>(tensor_layout_any, T1 *, tensor_layout_any, const T2 *)"
6053047893,5696,429123,,,,,,,,,,0.094,16449.363,Pinned,Device,NVIDIA A100-SXM4-40GB MIG 4g.20gb (0),1,,13,[CUDA memcpy Host-to-Device]
6053064564,3040,429124,,,,,,,,,,1.547,508757.325,Device,,NVIDIA A100-SXM4-40GB MIG 4g.20gb (0),1,,13,[CUDA memset]
6053069364,3392,429129,,,,,,,,,,0.031,9226.405,Pinned,Device,NVIDIA A100-SXM4-40GB MIG 4g.20gb (0),1,,13,[CUDA memcpy Host-to-Device]
6053075604,9888,429130,,,,,,,,,,0.197,19883.360,Pinned,Device,NVIDIA A100-SXM4-40GB MIG 4g.20gb (0),1,,13,[CUDA memcpy Host-to-Device]
6053090420,6720,429131,273,1,1,8,4,1,39,0.002,0.000,,,,,NVIDIA A100-SXM4-40GB MIG 4g.20gb (0),1,,13,"void channel_eq::eqMmseCoefCompLowMimoKernel<float, float, float, (unsigned int)4, (unsigned int)1, (unsigned int)4>(const channel_eq::_puschRxChEqStatDescr *, channel_eq::_puschRxChEqCoefCompDynDescr)"
6053099348,7072,429132,273,1,1,12,11,1,51,0.002,0.000,,,,,NVIDIA A100-SXM4-40GB MIG 4g.20gb (0),1,,13,"void channel_eq::eqMmseSoftDemapKernel<float, __half, __half, float, (unsigned int)4, (unsigned short)16383>(channel_eq::_puschRxChEqStatDescr *, channel_eq::_puschRxChEqSoftDemapDynDescr)"
6053108660,283100,429133,1,1,1,32,32,1,30,0.000,0.000,,,,,NVIDIA A100-SXM4-40GB MIG 4g.20gb (0),1,,13,"void convert_kernel<float2, __half2>(tensor_layout_any, T1 *, tensor_layout_any, const T2 *)"
6053392752,11008,429145,2253,1,1,128,1,1,16,0.000,0.000,,,,,NVIDIA A100-SXM4-40GB MIG 4g.20gb (0),1,,13,cupy_copy__float16_float16
6053407088,3040,429154,282,1,1,128,1,1,16,0.000,0.000,,,,,NVIDIA A100-SXM4-40GB MIG 4g.20gb (0),1,,13,cupy_copy__complex64_complex64
6053413264,2016,429163,26,1,1,128,1,1,16,0.000,0.000,,,,,NVIDIA A100-SXM4-40GB MIG 4g.20gb (0),1,,13,cupy_copy__float32_float32
6053417616,4576,429172,103,1,1,128,1,1,16,0.000,0.000,,,,,NVIDIA A100-SXM4-40GB MIG 4g.20gb (0),1,,13,cupy_copy__complex64_complex64
6053424464,12192,429182,1434,1,1,128,1,1,16,0.000,0.000,,,,,NVIDIA A100-SXM4-40GB MIG 4g.20gb (0),1,,13,cupy_copy__complex64_complex64
6053440240,81087,429187,1,1,1,32,32,1,30,0.000,0.000,,,,,NVIDIA A100-SXM4-40GB MIG 4g.20gb (0),1,,13,"void convert_kernel<__half2, float2>(tensor_layout_any, T1 *, tensor_layout_any, const T2 *)"
6053551502,5600,429190,,,,,,,,,,0.094,16731.388,Pinned,Device,NVIDIA A100-SXM4-40GB MIG 4g.20gb (0),1,,13,[CUDA memcpy Host-to-Device]
6053561262,596793,429191,,,,,,,,,,456.561,764740.412,Device,,NVIDIA A100-SXM4-40GB MIG 4g.20gb (0),1,,13,[CUDA memset]
6054166151,153406,429196,,,,,,,,,,1.235,8049.365,Pinned,Device,NVIDIA A100-SXM4-40GB MIG 4g.20gb (0),1,,13,[CUDA memcpy Host-to-Device]
6054326917,19488,429197,,,,,,,,,,0.197,10088.546,Pinned,Device,NVIDIA A100-SXM4-40GB MIG 4g.20gb (0),1,,13,[CUDA memcpy Host-to-Device]
6054354341,8703,429198,69,4,1,48,1,1,76,0.002,0.000,,,,,NVIDIA A100-SXM4-40GB MIG 4g.20gb (0),1,,13,"void ch_est::windowedChEstPreNoDftSOfdmKernel<float, __half, float, (unsigned int)2, (unsigned int)1, (unsigned short)4>(ch_est::puschRxChEstStatDescr_t *, ch_est::puschRxChEstDynDescr_t *)"
6054365348,6720,429199,137,2,1,24,2,1,44,0.001,0.001,,,,,NVIDIA A100-SXM4-40GB MIG 4g.20gb (0),1,,13,"void ch_est::chEstFilterNoDftSOfdmDispatchKernel<float, __half, float, (unsigned int)2>(ch_est::puschRxChEstStatDescr_t *, ch_est::puschRxChEstDynDescr_t *)"
6054375204,4960,429200,137,2,1,24,2,1,44,0.001,0.001,,,,,NVIDIA A100-SXM4-40GB MIG 4g.20gb (0),1,,13,"void ch_est::chEstFilterNoDftSOfdmDispatchKernel<float, __half, float, (unsigned int)2>(ch_est::puschRxChEstStatDescr_t *, ch_est::puschRxChEstDynDescr_t *)"
6054384164,2528,429211,103,1,1,128,1,1,16,0.000,0.000,,,,,NVIDIA A100-SXM4-40GB MIG 4g.20gb (0),1,,13,cupy_copy__complex64_complex64
6054389540,13184,429221,1434,1,1,128,1,1,16,0.000,0.000,,,,,NVIDIA A100-SXM4-40GB MIG 4g.20gb (0),1,,13,cupy_copy__complex64_complex64
6054404196,2624,429228,103,1,1,128,1,1,16,0.000,0.000,,,,,NVIDIA A100-SXM4-40GB MIG 4g.20gb (0),1,,13,cupy_copy__complex64_complex64
6054409732,83103,429235,1,1,1,32,32,1,30,0.000,0.000,,,,,NVIDIA A100-SXM4-40GB MIG 4g.20gb (0),1,,13,"void convert_kernel<__half2, float2>(tensor_layout_any, T1 *, tensor_layout_any, const T2 *)"
6054520451,5919,429238,,,,,,,,,,0.094,15829.658,Pinned,Device,NVIDIA A100-SXM4-40GB MIG 4g.20gb (0),1,,13,[CUDA memcpy Host-to-Device]
6054532610,47168,429239,,,,,,,,,,35.810,759170.304,Device,,NVIDIA A100-SXM4-40GB MIG 4g.20gb (0),1,,13,[CUDA memset]
6054584962,4672,429241,,,,,,,,,,0.000,17.123,Pinned,Device,NVIDIA A100-SXM4-40GB MIG 4g.20gb (0),1,,13,[CUDA memcpy Host-to-Device]
6054594722,13791,429242,,,,,,,,,,0.197,14256.243,Pinned,Device,NVIDIA A100-SXM4-40GB MIG 4g.20gb (0),1,,13,[CUDA memcpy Host-to-Device]
6054619105,12576,429243,273,1,1,48,1,1,40,0.000,0.001,,,,,NVIDIA A100-SXM4-40GB MIG 4g.20gb (0),1,,13,"void pusch_noise_intf_est::noiseIntfEstNoDftSOfdmKernel<float, __half, float, float, (unsigned int)2, (unsigned int)1, (unsigned char)4, (unsigned char)4>(pusch_noise_intf_est::puschRxNoiseIntfEstDynDescr)"
6054637185,3072,429254,35,1,1,128,1,1,16,0.000,0.000,,,,,NVIDIA A100-SXM4-40GB MIG 4g.20gb (0),1,,13,cupy_copy__complex64_complex64
6054642273,2080,429263,1,1,1,1,1,1,18,0.000,0.000,,,,,NVIDIA A100-SXM4-40GB MIG 4g.20gb (0),1,,13,cupy_copy__float32_float32
6054671297,1728,429269,,,,,,,,,,0.000,2.315,Device,Pageable,NVIDIA A100-SXM4-40GB MIG 4g.20gb (0),1,,7,[CUDA memcpy Device-to-Host]
6054735328,12768,429280,1434,1,1,128,1,1,16,0.000,0.000,,,,,NVIDIA A100-SXM4-40GB MIG 4g.20gb (0),1,,13,cupy_copy__complex64_complex64
6054761056,2816,429287,103,1,1,128,1,1,16,0.000,0.000,,,,,NVIDIA A100-SXM4-40GB MIG 4g.20gb (0),1,,13,cupy_copy__complex64_complex64
6054782687,2624,429294,35,1,1,128,1,1,16,0.000,0.000,,,,,NVIDIA A100-SXM4-40GB MIG 4g.20gb (0),1,,13,cupy_copy__complex64_complex64
6054800447,2016,429301,1,1,1,1,1,1,18,0.000,0.000,,,,,NVIDIA A100-SXM4-40GB MIG 4g.20gb (0),1,,13,cupy_copy__float32_float32
6054943101,81983,429312,1,1,1,32,32,1,30,0.000,0.000,,,,,NVIDIA A100-SXM4-40GB MIG 4g.20gb (0),1,,13,"void convert_kernel<__half2, float2>(tensor_layout_any, T1 *, tensor_layout_any, const T2 *)"
6055052220,5760,429315,,,,,,,,,,0.094,16266.656,Pinned,Device,NVIDIA A100-SXM4-40GB MIG 4g.20gb (0),1,,13,[CUDA memcpy Host-to-Device]
6055068252,3200,429316,,,,,,,,,,1.547,483320.000,Device,,NVIDIA A100-SXM4-40GB MIG 4g.20gb (0),1,,13,[CUDA memset]
6055073276,3232,429321,,,,,,,,,,0.031,9683.139,Pinned,Device,NVIDIA A100-SXM4-40GB MIG 4g.20gb (0),1,,13,[CUDA memcpy Host-to-Device]
6055079100,9663,429322,,,,,,,,,,0.197,20346.372,Pinned,Device,NVIDIA A100-SXM4-40GB MIG 4g.20gb (0),1,,13,[CUDA memcpy Host-to-Device]
6055094011,6528,429323,273,1,1,8,4,1,39,0.002,0.000,,,,,NVIDIA A100-SXM4-40GB MIG 4g.20gb (0),1,,13,"void channel_eq::eqMmseCoefCompLowMimoKernel<float, float, float, (unsigned int)4, (unsigned int)1, (unsigned int)4>(const channel_eq::_puschRxChEqStatDescr *, channel_eq::_puschRxChEqCoefCompDynDescr)"
6055101499,6304,429324,273,1,1,12,11,1,51,0.002,0.000,,,,,NVIDIA A100-SXM4-40GB MIG 4g.20gb (0),1,,13,"void channel_eq::eqMmseSoftDemapKernel<float, __half, __half, float, (unsigned int)4, (unsigned short)16383>(channel_eq::_puschRxChEqStatDescr *, channel_eq::_puschRxChEqSoftDemapDynDescr)"
6055108731,282301,429325,1,1,1,32,32,1,30,0.000,0.000,,,,,NVIDIA A100-SXM4-40GB MIG 4g.20gb (0),1,,13,"void convert_kernel<float2, __half2>(tensor_layout_any, T1 *, tensor_layout_any, const T2 *)"
6055394488,10816,429337,2253,1,1,128,1,1,16,0.000,0.000,,,,,NVIDIA A100-SXM4-40GB MIG 4g.20gb (0),1,,13,cupy_copy__float16_float16
6055409528,3040,429346,282,1,1,128,1,1,16,0.000,0.000,,,,,NVIDIA A100-SXM4-40GB MIG 4g.20gb (0),1,,13,cupy_copy__complex64_complex64
6055414007,2208,429355,26,1,1,128,1,1,16,0.000,0.000,,,,,NVIDIA A100-SXM4-40GB MIG 4g.20gb (0),1,,13,cupy_copy__float32_float32
6055418871,4896,429364,103,1,1,128,1,1,16,0.000,0.000,,,,,NVIDIA A100-SXM4-40GB MIG 4g.20gb (0),1,,13,cupy_copy__complex64_complex64
6055426007,12384,429374,1434,1,1,128,1,1,16,0.000,0.000,,,,,NVIDIA A100-SXM4-40GB MIG 4g.20gb (0),1,,13,cupy_copy__complex64_complex64
6055440887,82751,429379,1,1,1,32,32,1,30,0.000,0.000,,,,,NVIDIA A100-SXM4-40GB MIG 4g.20gb (0),1,,13,"void convert_kernel<__half2, float2>(tensor_layout_any, T1 *, tensor_layout_any, const T2 *)"
6055551318,5856,429382,,,,,,,,,,0.094,15999.997,Pinned,Device,NVIDIA A100-SXM4-40GB MIG 4g.20gb (0),1,,13,[CUDA memcpy Host-to-Device]
6055562134,598520,429383,,,,,,,,,,456.561,762457.605,Device,,NVIDIA A100-SXM4-40GB MIG 4g.20gb (0),1,,13,[CUDA memset]
6056169838,135326,429388,,,,,,,,,,1.235,9125.001,Pinned,Device,NVIDIA A100-SXM4-40GB MIG 4g.20gb (0),1,,13,[CUDA memcpy Host-to-Device]
6056321804,40736,429389,,,,,,,,,,0.197,4826.333,Pinned,Device,NVIDIA A100-SXM4-40GB MIG 4g.20gb (0),1,,13,[CUDA memcpy Host-to-Device]
6056391115,7904,429390,69,4,1,48,1,1,76,0.002,0.000,,,,,NVIDIA A100-SXM4-40GB MIG 4g.20gb (0),1,,13,"void ch_est::windowedChEstPreNoDftSOfdmKernel<float, __half, float, (unsigned int)2, (unsigned int)1, (unsigned short)4>(ch_est::puschRxChEstStatDescr_t *, ch_est::puschRxChEstDynDescr_t *)"
6056409003,6784,429391,137,2,1,24,2,1,44,0.001,0.001,,,,,NVIDIA A100-SXM4-40GB MIG 4g.20gb (0),1,,13,"void ch_est::chEstFilterNoDftSOfdmDispatchKernel<float, __half, float, (unsigned int)2>(ch_est::puschRxChEstStatDescr_t *, ch_est::puschRxChEstDynDescr_t *)"
6056426251,4800,429392,137,2,1,24,2,1,44,0.001,0.001,,,,,NVIDIA A100-SXM4-40GB MIG 4g.20gb (0),1,,13,"void ch_est::chEstFilterNoDftSOfdmDispatchKernel<float, __half, float, (unsigned int)2>(ch_est::puschRxChEstStatDescr_t *, ch_est::puschRxChEstDynDescr_t *)"
6056442987,2688,429403,103,1,1,128,1,1,16,0.000,0.000,,,,,NVIDIA A100-SXM4-40GB MIG 4g.20gb (0),1,,13,cupy_copy__complex64_complex64
6056460395,12415,429413,1434,1,1,128,1,1,16,0.000,0.000,,,,,NVIDIA A100-SXM4-40GB MIG 4g.20gb (0),1,,13,cupy_copy__complex64_complex64
6056480586,2912,429420,103,1,1,128,1,1,16,0.000,0.000,,,,,NVIDIA A100-SXM4-40GB MIG 4g.20gb (0),1,,13,cupy_copy__complex64_complex64
6056507402,92703,429427,1,1,1,32,32,1,30,0.000,0.000,,,,,NVIDIA A100-SXM4-40GB MIG 4g.20gb (0),1,,13,"void convert_kernel<__half2, float2>(tensor_layout_any, T1 *, tensor_layout_any, const T2 *)"
6056636040,13920,429430,,,,,,,,,,0.094,6731.027,Pinned,Device,NVIDIA A100-SXM4-40GB MIG 4g.20gb (0),1,,13,[CUDA memcpy Host-to-Device]
6056666248,47839,429431,,,,,,,,,,35.810,748534.758,Device,,NVIDIA A100-SXM4-40GB MIG 4g.20gb (0),1,,13,[CUDA memset]
6056716359,8416,429433,,,,,,,,,,0.000,9.506,Pinned,Device,NVIDIA A100-SXM4-40GB MIG 4g.20gb (0),1,,13,[CUDA memcpy Host-to-Device]
6056731047,25984,429434,,,,,,,,,,0.197,7566.459,Pinned,Device,NVIDIA A100-SXM4-40GB MIG 4g.20gb (0),1,,13,[CUDA memcpy Host-to-Device]
6056769895,10080,429435,273,1,1,48,1,1,40,0.000,0.001,,,,,NVIDIA A100-SXM4-40GB MIG 4g.20gb (0),1,,13,"void pusch_noise_intf_est::noiseIntfEstNoDftSOfdmKernel<float, __half, float, float, (unsigned int)2, (unsigned int)1, (unsigned char)4, (unsigned char)4>(pusch_noise_intf_est::puschRxNoiseIntfEstDynDescr)"
6056788263,2879,429446,35,1,1,128,1,1,16,0.000,0.000,,,,,NVIDIA A100-SXM4-40GB MIG 4g.20gb (0),1,,13,cupy_copy__complex64_complex64
6056795878,2016,429455,1,1,1,1,1,1,18,0.000,0.000,,,,,NVIDIA A100-SXM4-40GB MIG 4g.20gb (0),1,,13,cupy_copy__float32_float32
6056802918,3328,429461,,,,,,,,,,0.000,1.202,Device,Pageable,NVIDIA A100-SXM4-40GB MIG 4g.20gb (0),1,,7,[CUDA memcpy Device-to-Host]
6056869766,13087,429472,1434,1,1,128,1,1,16,0.000,0.000,,,,,NVIDIA A100-SXM4-40GB MIG 4g.20gb (0),1,,13,cupy_copy__complex64_complex64
6056895493,3168,429479,103,1,1,128,1,1,16,0.000,0.000,,,,,NVIDIA A100-SXM4-40GB MIG 4g.20gb (0),1,,13,cupy_copy__complex64_complex64
6056915685,2432,429486,35,1,1,128,1,1,16,0.000,0.000,,,,,NVIDIA A100-SXM4-40GB MIG 4g.20gb (0),1,,13,cupy_copy__complex64_complex64
6056933669,1888,429493,1,1,1,1,1,1,18,0.000,0.000,,,,,NVIDIA A100-SXM4-40GB MIG 4g.20gb (0),1,,13,cupy_copy__float32_float32
6057066915,81439,429504,1,1,1,32,32,1,30,0.000,0.000,,,,,NVIDIA A100-SXM4-40GB MIG 4g.20gb (0),1,,13,"void convert_kernel<__half2, float2>(tensor_layout_any, T1 *, tensor_layout_any, const T2 *)"
6057176258,5728,429507,,,,,,,,,,0.094,16357.541,Pinned,Device,NVIDIA A100-SXM4-40GB MIG 4g.20gb (0),1,,13,[CUDA memcpy Host-to-Device]
6057190690,3200,429508,,,,,,,,,,1.547,483320.000,Device,,NVIDIA A100-SXM4-40GB MIG 4g.20gb (0),1,,13,[CUDA memset]
6057197953,3072,429513,,,,,,,,,,0.031,10187.474,Pinned,Device,NVIDIA A100-SXM4-40GB MIG 4g.20gb (0),1,,13,[CUDA memcpy Host-to-Device]
6057203713,9632,429514,,,,,,,,,,0.197,20411.843,Pinned,Device,NVIDIA A100-SXM4-40GB MIG 4g.20gb (0),1,,13,[CUDA memcpy Host-to-Device]
6057219073,8064,429515,273,1,1,8,4,1,39,0.002,0.000,,,,,NVIDIA A100-SXM4-40GB MIG 4g.20gb (0),1,,13,"void channel_eq::eqMmseCoefCompLowMimoKernel<float, float, float, (unsigned int)4, (unsigned int)1, (unsigned int)4>(const channel_eq::_puschRxChEqStatDescr *, channel_eq::_puschRxChEqCoefCompDynDescr)"
6057228097,5920,429516,273,1,1,12,11,1,51,0.002,0.000,,,,,NVIDIA A100-SXM4-40GB MIG 4g.20gb (0),1,,13,"void channel_eq::eqMmseSoftDemapKernel<float, __half, __half, float, (unsigned int)4, (unsigned short)16383>(channel_eq::_puschRxChEqStatDescr *, channel_eq::_puschRxChEqSoftDemapDynDescr)"
6057235489,294524,429517,1,1,1,32,32,1,30,0.000,0.000,,,,,NVIDIA A100-SXM4-40GB MIG 4g.20gb (0),1,,13,"void convert_kernel<float2, __half2>(tensor_layout_any, T1 *, tensor_layout_any, const T2 *)"
6057531037,10944,429529,2253,1,1,128,1,1,16,0.000,0.000,,,,,NVIDIA A100-SXM4-40GB MIG 4g.20gb (0),1,,13,cupy_copy__float16_float16
6057545277,3744,429538,282,1,1,128,1,1,16,0.000,0.000,,,,,NVIDIA A100-SXM4-40GB MIG 4g.20gb (0),1,,13,cupy_copy__complex64_complex64
6057551197,2176,429547,26,1,1,128,1,1,16,0.000,0.000,,,,,NVIDIA A100-SXM4-40GB MIG 4g.20gb (0),1,,13,cupy_copy__float32_float32
6057556349,2912,429556,103,1,1,128,1,1,16,0.000,0.000,,,,,NVIDIA A100-SXM4-40GB MIG 4g.20gb (0),1,,13,cupy_copy__complex64_complex64
6057560253,11968,429566,1434,1,1,128,1,1,16,0.000,0.000,,,,,NVIDIA A100-SXM4-40GB MIG 4g.20gb (0),1,,13,cupy_copy__complex64_complex64
6057576381,86975,429571,1,1,1,32,32,1,30,0.000,0.000,,,,,NVIDIA A100-SXM4-40GB MIG 4g.20gb (0),1,,13,"void convert_kernel<__half2, float2>(tensor_layout_any, T1 *, tensor_layout_any, const T2 *)"
6057691035,5568,429574,,,,,,,,,,0.094,16827.521,Pinned,Device,NVIDIA A100-SXM4-40GB MIG 4g.20gb (0),1,,13,[CUDA memcpy Host-to-Device]
6057700987,597977,429575,,,,,,,,,,456.561,763370.728,Device,,NVIDIA A100-SXM4-40GB MIG 4g.20gb (0),1,,13,[CUDA memset]
6058305108,165918,429580,,,,,,,,,,1.235,7443.007,Pinned,Device,NVIDIA A100-SXM4-40GB MIG 4g.20gb (0),1,,13,[CUDA memcpy Host-to-Device]
6058484178,40191,429581,,,,,,,,,,0.197,4891.804,Pinned,Device,NVIDIA A100-SXM4-40GB MIG 4g.20gb (0),1,,13,[CUDA memcpy Host-to-Device]
6058546257,8224,429582,69,4,1,48,1,1,76,0.002,0.000,,,,,NVIDIA A100-SXM4-40GB MIG 4g.20gb (0),1,,13,"void ch_est::windowedChEstPreNoDftSOfdmKernel<float, __half, float, (unsigned int)2, (unsigned int)1, (unsigned short)4>(ch_est::puschRxChEstStatDescr_t *, ch_est::puschRxChEstDynDescr_t *)"
6058563697,6592,429583,137,2,1,24,2,1,44,0.001,0.001,,,,,NVIDIA A100-SXM4-40GB MIG 4g.20gb (0),1,,13,"void ch_est::chEstFilterNoDftSOfdmDispatchKernel<float, __half, float, (unsigned int)2>(ch_est::puschRxChEstStatDescr_t *, ch_est::puschRxChEstDynDescr_t *)"
6058583472,4704,429584,137,2,1,24,2,1,44,0.001,0.001,,,,,NVIDIA A100-SXM4-40GB MIG 4g.20gb (0),1,,13,"void ch_est::chEstFilterNoDftSOfdmDispatchKernel<float, __half, float, (unsigned int)2>(ch_est::puschRxChEstStatDescr_t *, ch_est::puschRxChEstDynDescr_t *)"
6058600400,2656,429595,103,1,1,128,1,1,16,0.000,0.000,,,,,NVIDIA A100-SXM4-40GB MIG 4g.20gb (0),1,,13,cupy_copy__complex64_complex64
6058617232,12544,429605,1434,1,1,128,1,1,16,0.000,0.000,,,,,NVIDIA A100-SXM4-40GB MIG 4g.20gb (0),1,,13,cupy_copy__complex64_complex64
6058639440,2528,429612,103,1,1,128,1,1,16,0.000,0.000,,,,,NVIDIA A100-SXM4-40GB MIG 4g.20gb (0),1,,13,cupy_copy__complex64_complex64
6058661935,91839,429619,1,1,1,32,32,1,30,0.000,0.000,,,,,NVIDIA A100-SXM4-40GB MIG 4g.20gb (0),1,,13,"void convert_kernel<__half2, float2>(tensor_layout_any, T1 *, tensor_layout_any, const T2 *)"
6058793294,23264,429622,,,,,,,,,,0.094,4027.429,Pinned,Device,NVIDIA A100-SXM4-40GB MIG 4g.20gb (0),1,,13,[CUDA memcpy Host-to-Device]
6058833997,47552,429623,,,,,,,,,,35.810,753046.808,Device,,NVIDIA A100-SXM4-40GB MIG 4g.20gb (0),1,,13,[CUDA memset]
6058884077,14975,429625,,,,,,,,,,0.000,5.342,Pinned,Device,NVIDIA A100-SXM4-40GB MIG 4g.20gb (0),1,,13,[CUDA memcpy Host-to-Device]
6058906636,31648,429626,,,,,,,,,,0.197,6212.223,Pinned,Device,NVIDIA A100-SXM4-40GB MIG 4g.20gb (0),1,,13,[CUDA memcpy Host-to-Device]
6058958796,9312,429627,273,1,1,48,1,1,40,0.000,0.001,,,,,NVIDIA A100-SXM4-40GB MIG 4g.20gb (0),1,,13,"void pusch_noise_intf_est::noiseIntfEstNoDftSOfdmKernel<float, __half, float, float, (unsigned int)2, (unsigned int)1, (unsigned char)4, (unsigned char)4>(pusch_noise_intf_est::puschRxNoiseIntfEstDynDescr)"
6058975148,2752,429638,35,1,1,128,1,1,16,0.000,0.000,,,,,NVIDIA A100-SXM4-40GB MIG 4g.20gb (0),1,,13,cupy_copy__complex64_complex64
6058992907,1824,429647,1,1,1,1,1,1,18,0.000,0.000,,,,,NVIDIA A100-SXM4-40GB MIG 4g.20gb (0),1,,13,cupy_copy__float32_float32
6058999691,4960,429653,,,,,,,,,,0.000,0.806,Device,Pageable,NVIDIA A100-SXM4-40GB MIG 4g.20gb (0),1,,7,[CUDA memcpy Device-to-Host]
6059092938,13056,429664,1434,1,1,128,1,1,16,0.000,0.000,,,,,NVIDIA A100-SXM4-40GB MIG 4g.20gb (0),1,,13,cupy_copy__complex64_complex64
6059108778,2624,429671,103,1,1,128,1,1,16,0.000,0.000,,,,,NVIDIA A100-SXM4-40GB MIG 4g.20gb (0),1,,13,cupy_copy__complex64_complex64
6059138762,2815,429678,35,1,1,128,1,1,16,0.000,0.000,,,,,NVIDIA A100-SXM4-40GB MIG 4g.20gb (0),1,,13,cupy_copy__complex64_complex64
6059149481,1920,429685,1,1,1,1,1,1,18,0.000,0.000,,,,,NVIDIA A100-SXM4-40GB MIG 4g.20gb (0),1,,13,cupy_copy__float32_float32
6059278120,83263,429696,1,1,1,32,32,1,30,0.000,0.000,,,,,NVIDIA A100-SXM4-40GB MIG 4g.20gb (0),1,,13,"void convert_kernel<__half2, float2>(tensor_layout_any, T1 *, tensor_layout_any, const T2 *)"
6059389830,5632,429699,,,,,,,,,,0.094,16636.287,Pinned,Device,NVIDIA A100-SXM4-40GB MIG 4g.20gb (0),1,,13,[CUDA memcpy Host-to-Device]
6059403334,3264,429700,,,,,,,,,,1.547,473842.288,Device,,NVIDIA A100-SXM4-40GB MIG 4g.20gb (0),1,,13,[CUDA memset]
6059410662,3072,429705,,,,,,,,,,0.031,10187.474,Pinned,Device,NVIDIA A100-SXM4-40GB MIG 4g.20gb (0),1,,13,[CUDA memcpy Host-to-Device]
6059416166,9760,429706,,,,,,,,,,0.197,20144.259,Pinned,Device,NVIDIA A100-SXM4-40GB MIG 4g.20gb (0),1,,13,[CUDA memcpy Host-to-Device]
6059431398,8704,429707,273,1,1,8,4,1,39,0.002,0.000,,,,,NVIDIA A100-SXM4-40GB MIG 4g.20gb (0),1,,13,"void channel_eq::eqMmseCoefCompLowMimoKernel<float, float, float, (unsigned int)4, (unsigned int)1, (unsigned int)4>(const channel_eq::_puschRxChEqStatDescr *, channel_eq::_puschRxChEqCoefCompDynDescr)"
6059441222,5856,429708,273,1,1,12,11,1,51,0.002,0.000,,,,,NVIDIA A100-SXM4-40GB MIG 4g.20gb (0),1,,13,"void channel_eq::eqMmseSoftDemapKernel<float, __half, __half, float, (unsigned int)4, (unsigned short)16383>(channel_eq::_puschRxChEqStatDescr *, channel_eq::_puschRxChEqSoftDemapDynDescr)"
6059448102,294460,429709,1,1,1,32,32,1,30,0.000,0.000,,,,,NVIDIA A100-SXM4-40GB MIG 4g.20gb (0),1,,13,"void convert_kernel<float2, __half2>(tensor_layout_any, T1 *, tensor_layout_any, const T2 *)"
6059743522,11008,429721,2253,1,1,128,1,1,16,0.000,0.000,,,,,NVIDIA A100-SXM4-40GB MIG 4g.20gb (0),1,,13,cupy_copy__float16_float16
6059756386,3136,429730,282,1,1,128,1,1,16,0.000,0.000,,,,,NVIDIA A100-SXM4-40GB MIG 4g.20gb (0),1,,13,cupy_copy__complex64_complex64
6059761122,2176,429739,26,1,1,128,1,1,16,0.000,0.000,,,,,NVIDIA A100-SXM4-40GB MIG 4g.20gb (0),1,,13,cupy_copy__float32_float32
6059765762,2784,429748,103,1,1,128,1,1,16,0.000,0.000,,,,,NVIDIA A100-SXM4-40GB MIG 4g.20gb (0),1,,13,cupy_copy__complex64_complex64
6059769890,12064,429758,1434,1,1,128,1,1,16,0.000,0.000,,,,,NVIDIA A100-SXM4-40GB MIG 4g.20gb (0),1,,13,cupy_copy__complex64_complex64
6059784354,80831,429763,1,1,1,32,32,1,30,0.000,0.000,,,,,NVIDIA A100-SXM4-40GB MIG 4g.20gb (0),1,,13,"void convert_kernel<__half2, float2>(tensor_layout_any, T1 *, tensor_layout_any, const T2 *)"
6059891936,6144,429766,,,,,,,,,,0.094,15249.961,Pinned,Device,NVIDIA A100-SXM4-40GB MIG 4g.20gb (0),1,,13,[CUDA memcpy Host-to-Device]
6059902048,596793,429767,,,,,,,,,,456.561,764740.412,Device,,NVIDIA A100-SXM4-40GB MIG 4g.20gb (0),1,,13,[CUDA memset]
6060506521,89407,429772,,,,,,,,,,1.235,13811.614,Pinned,Device,NVIDIA A100-SXM4-40GB MIG 4g.20gb (0),1,,13,[CUDA memcpy Host-to-Device]
6060602263,19840,429773,,,,,,,,,,0.197,9909.633,Pinned,Device,NVIDIA A100-SXM4-40GB MIG 4g.20gb (0),1,,13,[CUDA memcpy Host-to-Device]
6060642583,8352,429774,69,4,1,48,1,1,76,0.002,0.000,,,,,NVIDIA A100-SXM4-40GB MIG 4g.20gb (0),1,,13,"void ch_est::windowedChEstPreNoDftSOfdmKernel<float, __half, float, (unsigned int)2, (unsigned int)1, (unsigned short)4>(ch_est::puschRxChEstStatDescr_t *, ch_est::puschRxChEstDynDescr_t *)"
6060654455,7168,429775,137,2,1,24,2,1,44,0.001,0.001,,,,,NVIDIA A100-SXM4-40GB MIG 4g.20gb (0),1,,13,"void ch_est::chEstFilterNoDftSOfdmDispatchKernel<float, __half, float, (unsigned int)2>(ch_est::puschRxChEstStatDescr_t *, ch_est::puschRxChEstDynDescr_t *)"
6060666551,5024,429776,137,2,1,24,2,1,44,0.001,0.001,,,,,NVIDIA A100-SXM4-40GB MIG 4g.20gb (0),1,,13,"void ch_est::chEstFilterNoDftSOfdmDispatchKernel<float, __half, float, (unsigned int)2>(ch_est::puschRxChEstStatDescr_t *, ch_est::puschRxChEstDynDescr_t *)"
6060679031,2527,429787,103,1,1,128,1,1,16,0.000,0.000,,,,,NVIDIA A100-SXM4-40GB MIG 4g.20gb (0),1,,13,cupy_copy__complex64_complex64
6060689782,12512,429797,1434,1,1,128,1,1,16,0.000,0.000,,,,,NVIDIA A100-SXM4-40GB MIG 4g.20gb (0),1,,13,cupy_copy__complex64_complex64
6060714774,2368,429804,103,1,1,128,1,1,16,0.000,0.000,,,,,NVIDIA A100-SXM4-40GB MIG 4g.20gb (0),1,,13,cupy_copy__complex64_complex64
6060725750,94015,429811,1,1,1,32,32,1,30,0.000,0.000,,,,,NVIDIA A100-SXM4-40GB MIG 4g.20gb (0),1,,13,"void convert_kernel<__half2, float2>(tensor_layout_any, T1 *, tensor_layout_any, const T2 *)"
6060847700,14560,429814,,,,,,,,,,0.094,6435.135,Pinned,Device,NVIDIA A100-SXM4-40GB MIG 4g.20gb (0),1,,13,[CUDA memcpy Host-to-Device]
6060876436,47680,429815,,,,,,,,,,35.810,751041.452,Device,,NVIDIA A100-SXM4-40GB MIG 4g.20gb (0),1,,13,[CUDA memset]
6060927795,8992,429817,,,,,,,,,,0.000,8.897,Pinned,Device,NVIDIA A100-SXM4-40GB MIG 4g.20gb (0),1,,13,[CUDA memcpy Host-to-Device]
6060943091,29536,429818,,,,,,,,,,0.197,6656.360,Pinned,Device,NVIDIA A100-SXM4-40GB MIG 4g.20gb (0),1,,13,[CUDA memcpy Host-to-Device]
6060989299,9920,429819,273,1,1,48,1,1,40,0.000,0.001,,,,,NVIDIA A100-SXM4-40GB MIG 4g.20gb (0),1,,13,"void pusch_noise_intf_est::noiseIntfEstNoDftSOfdmKernel<float, __half, float, float, (unsigned int)2, (unsigned int)1, (unsigned char)4, (unsigned char)4>(pusch_noise_intf_est::puschRxNoiseIntfEstDynDescr)"
6061015698,2752,429830,35,1,1,128,1,1,16,0.000,0.000,,,,,NVIDIA A100-SXM4-40GB MIG 4g.20gb (0),1,,13,cupy_copy__complex64_complex64
6061028690,1696,429839,1,1,1,1,1,1,18,0.000,0.000,,,,,NVIDIA A100-SXM4-40GB MIG 4g.20gb (0),1,,13,cupy_copy__float32_float32
6061032306,6496,429845,,,,,,,,,,0.000,0.616,Device,Pageable,NVIDIA A100-SXM4-40GB MIG 4g.20gb (0),1,,7,[CUDA memcpy Device-to-Host]
6061127121,13248,429856,1434,1,1,128,1,1,16,0.000,0.000,,,,,NVIDIA A100-SXM4-40GB MIG 4g.20gb (0),1,,13,cupy_copy__complex64_complex64
6061148881,3328,429863,103,1,1,128,1,1,16,0.000,0.000,,,,,NVIDIA A100-SXM4-40GB MIG 4g.20gb (0),1,,13,cupy_copy__complex64_complex64
6061165713,2175,429870,35,1,1,128,1,1,16,0.000,0.000,,,,,NVIDIA A100-SXM4-40GB MIG 4g.20gb (0),1,,13,cupy_copy__complex64_complex64
6061188784,1792,429877,1,1,1,1,1,1,18,0.000,0.000,,,,,NVIDIA A100-SXM4-40GB MIG 4g.20gb (0),1,,13,cupy_copy__float32_float32
6061319535,87551,429888,1,1,1,32,32,1,30,0.000,0.000,,,,,NVIDIA A100-SXM4-40GB MIG 4g.20gb (0),1,,13,"void convert_kernel<__half2, float2>(tensor_layout_any, T1 *, tensor_layout_any, const T2 *)"
6061439373,21664,429891,,,,,,,,,,0.094,4324.914,Pinned,Device,NVIDIA A100-SXM4-40GB MIG 4g.20gb (0),1,,13,[CUDA memcpy Host-to-Device]
6061469901,3360,429892,,,,,,,,,,1.547,460304.688,Device,,NVIDIA A100-SXM4-40GB MIG 4g.20gb (0),1,,13,[CUDA memset]
6061478765,7712,429897,,,,,,,,,,0.031,4058.090,Pinned,Device,NVIDIA A100-SXM4-40GB MIG 4g.20gb (0),1,,13,[CUDA memcpy Host-to-Device]
6061495468,21536,429898,,,,,,,,,,0.197,9129.099,Pinned,Device,NVIDIA A100-SXM4-40GB MIG 4g.20gb (0),1,,13,[CUDA memcpy Host-to-Device]
6061532844,6016,429899,273,1,1,8,4,1,39,0.002,0.000,,,,,NVIDIA A100-SXM4-40GB MIG 4g.20gb (0),1,,13,"void channel_eq::eqMmseCoefCompLowMimoKernel<float, float, float, (unsigned int)4, (unsigned int)1, (unsigned int)4>(const channel_eq::_puschRxChEqStatDescr *, channel_eq::_puschRxChEqCoefCompDynDescr)"
6061541836,5568,429900,273,1,1,12,11,1,51,0.002,0.000,,,,,NVIDIA A100-SXM4-40GB MIG 4g.20gb (0),1,,13,"void channel_eq::eqMmseSoftDemapKernel<float, __half, __half, float, (unsigned int)4, (unsigned short)16383>(channel_eq::_puschRxChEqStatDescr *, channel_eq::_puschRxChEqSoftDemapDynDescr)"
6061550444,285564,429901,1,1,1,32,32,1,30,0.000,0.000,,,,,NVIDIA A100-SXM4-40GB MIG 4g.20gb (0),1,,13,"void convert_kernel<float2, __half2>(tensor_layout_any, T1 *, tensor_layout_any, const T2 *)"
6061837064,10912,429913,2253,1,1,128,1,1,16,0.000,0.000,,,,,NVIDIA A100-SXM4-40GB MIG 4g.20gb (0),1,,13,cupy_copy__float16_float16
6061849256,2944,429922,282,1,1,128,1,1,16,0.000,0.000,,,,,NVIDIA A100-SXM4-40GB MIG 4g.20gb (0),1,,13,cupy_copy__complex64_complex64
6061855304,2272,429931,26,1,1,128,1,1,16,0.000,0.000,,,,,NVIDIA A100-SXM4-40GB MIG 4g.20gb (0),1,,13,cupy_copy__float32_float32
6061860904,4672,429940,103,1,1,128,1,1,16,0.000,0.000,,,,,NVIDIA A100-SXM4-40GB MIG 4g.20gb (0),1,,13,cupy_copy__complex64_complex64
6061867208,12096,429950,1434,1,1,128,1,1,16,0.000,0.000,,,,,NVIDIA A100-SXM4-40GB MIG 4g.20gb (0),1,,13,cupy_copy__complex64_complex64
6061880648,81951,429955,1,1,1,32,32,1,30,0.000,0.000,,,,,NVIDIA A100-SXM4-40GB MIG 4g.20gb (0),1,,13,"void convert_kernel<__half2, float2>(tensor_layout_any, T1 *, tensor_layout_any, const T2 *)"
6061989606,5888,429958,,,,,,,,,,0.094,15912.954,Pinned,Device,NVIDIA A100-SXM4-40GB MIG 4g.20gb (0),1,,13,[CUDA memcpy Host-to-Device]
6062000326,601177,429959,,,,,,,,,,456.561,759261.675,Device,,NVIDIA A100-SXM4-40GB MIG 4g.20gb (0),1,,13,[CUDA memset]
6062607199,148958,429964,,,,,,,,,,1.235,8290.179,Pinned,Device,NVIDIA A100-SXM4-40GB MIG 4g.20gb (0),1,,13,[CUDA memcpy Host-to-Device]
6062770141,28959,429965,,,,,,,,,,0.197,6789.071,Pinned,Device,NVIDIA A100-SXM4-40GB MIG 4g.20gb (0),1,,13,[CUDA memcpy Host-to-Device]
6062819900,8128,429966,69,4,1,48,1,1,76,0.002,0.000,,,,,NVIDIA A100-SXM4-40GB MIG 4g.20gb (0),1,,13,"void ch_est::windowedChEstPreNoDftSOfdmKernel<float, __half, float, (unsigned int)2, (unsigned int)1, (unsigned short)4>(ch_est::puschRxChEstStatDescr_t *, ch_est::puschRxChEstDynDescr_t *)"
6062834300,6752,429967,137,2,1,24,2,1,44,0.001,0.001,,,,,NVIDIA A100-SXM4-40GB MIG 4g.20gb (0),1,,13,"void ch_est::chEstFilterNoDftSOfdmDispatchKernel<float, __half, float, (unsigned int)2>(ch_est::puschRxChEstStatDescr_t *, ch_est::puschRxChEstDynDescr_t *)"
6062842300,6112,429968,137,2,1,24,2,1,44,0.001,0.001,,,,,NVIDIA A100-SXM4-40GB MIG 4g.20gb (0),1,,13,"void ch_est::chEstFilterNoDftSOfdmDispatchKernel<float, __half, float, (unsigned int)2>(ch_est::puschRxChEstStatDescr_t *, ch_est::puschRxChEstDynDescr_t *)"
6062854684,2528,429979,103,1,1,128,1,1,16,0.000,0.000,,,,,NVIDIA A100-SXM4-40GB MIG 4g.20gb (0),1,,13,cupy_copy__complex64_complex64
6062867516,12895,429989,1434,1,1,128,1,1,16,0.000,0.000,,,,,NVIDIA A100-SXM4-40GB MIG 4g.20gb (0),1,,13,cupy_copy__complex64_complex64
6062897371,2816,429996,103,1,1,128,1,1,16,0.000,0.000,,,,,NVIDIA A100-SXM4-40GB MIG 4g.20gb (0),1,,13,cupy_copy__complex64_complex64
6062910107,92031,430003,1,1,1,32,32,1,30,0.000,0.000,,,,,NVIDIA A100-SXM4-40GB MIG 4g.20gb (0),1,,13,"void convert_kernel<__half2, float2>(tensor_layout_any, T1 *, tensor_layout_any, const T2 *)"
6063031833,13536,430006,,,,,,,,,,0.094,6921.979,Pinned,Device,NVIDIA A100-SXM4-40GB MIG 4g.20gb (0),1,,13,[CUDA memcpy Host-to-Device]
6063058617,47328,430007,,,,,,,,,,35.810,756627.800,Device,,NVIDIA A100-SXM4-40GB MIG 4g.20gb (0),1,,13,[CUDA memset]
6063110681,5919,430009,,,,,,,,,,0.000,13.516,Pinned,Device,NVIDIA A100-SXM4-40GB MIG 4g.20gb (0),1,,13,[CUDA memcpy Host-to-Device]
6063123800,16416,430010,,,,,,,,,,0.197,11976.573,Pinned,Device,NVIDIA A100-SXM4-40GB MIG 4g.20gb (0),1,,13,[CUDA memcpy Host-to-Device]
6063153720,9024,430011,273,1,1,48,1,1,40,0.000,0.001,,,,,NVIDIA A100-SXM4-40GB MIG 4g.20gb (0),1,,13,"void pusch_noise_intf_est::noiseIntfEstNoDftSOfdmKernel<float, __half, float, float, (unsigned int)2, (unsigned int)1, (unsigned char)4, (unsigned char)4>(pusch_noise_intf_est::puschRxNoiseIntfEstDynDescr)"
6063173336,2848,430022,35,1,1,128,1,1,16,0.000,0.000,,,,,NVIDIA A100-SXM4-40GB MIG 4g.20gb (0),1,,13,cupy_copy__complex64_complex64
6063183640,1696,430031,1,1,1,1,1,1,18,0.000,0.000,,,,,NVIDIA A100-SXM4-40GB MIG 4g.20gb (0),1,,13,cupy_copy__float32_float32
6063190392,5791,430037,,,,,,,,,,0.000,0.691,Device,Pageable,NVIDIA A100-SXM4-40GB MIG 4g.20gb (0),1,,7,[CUDA memcpy Device-to-Host]
6063266775,12831,430048,1434,1,1,128,1,1,16,0.000,0.000,,,,,NVIDIA A100-SXM4-40GB MIG 4g.20gb (0),1,,13,cupy_copy__complex64_complex64
6063290678,2976,430055,103,1,1,128,1,1,16,0.000,0.000,,,,,NVIDIA A100-SXM4-40GB MIG 4g.20gb (0),1,,13,cupy_copy__complex64_complex64
6063308918,2528,430062,35,1,1,128,1,1,16,0.000,0.000,,,,,NVIDIA A100-SXM4-40GB MIG 4g.20gb (0),1,,13,cupy_copy__complex64_complex64
6063328182,1760,430069,1,1,1,1,1,1,18,0.000,0.000,,,,,NVIDIA A100-SXM4-40GB MIG 4g.20gb (0),1,,13,cupy_copy__float32_float32
6063463284,81631,430080,1,1,1,32,32,1,30,0.000,0.000,,,,,NVIDIA A100-SXM4-40GB MIG 4g.20gb (0),1,,13,"void convert_kernel<__half2, float2>(tensor_layout_any, T1 *, tensor_layout_any, const T2 *)"
6063572883,5792,430083,,,,,,,,,,0.094,16176.708,Pinned,Device,NVIDIA A100-SXM4-40GB MIG 4g.20gb (0),1,,13,[CUDA memcpy Host-to-Device]
6063588499,3040,430084,,,,,,,,,,1.547,508757.325,Device,,NVIDIA A100-SXM4-40GB MIG 4g.20gb (0),1,,13,[CUDA memset]
6063593747,3232,430089,,,,,,,,,,0.031,9683.139,Pinned,Device,NVIDIA A100-SXM4-40GB MIG 4g.20gb (0),1,,13,[CUDA memcpy Host-to-Device]
6063599058,9984,430090,,,,,,,,,,0.197,19692.257,Pinned,Device,NVIDIA A100-SXM4-40GB MIG 4g.20gb (0),1,,13,[CUDA memcpy Host-to-Device]
6063613234,6304,430091,273,1,1,8,4,1,39,0.002,0.000,,,,,NVIDIA A100-SXM4-40GB MIG 4g.20gb (0),1,,13,"void channel_eq::eqMmseCoefCompLowMimoKernel<float, float, float, (unsigned int)4, (unsigned int)1, (unsigned int)4>(const channel_eq::_puschRxChEqStatDescr *, channel_eq::_puschRxChEqCoefCompDynDescr)"
6063620498,6240,430092,273,1,1,12,11,1,51,0.002,0.000,,,,,NVIDIA A100-SXM4-40GB MIG 4g.20gb (0),1,,13,"void channel_eq::eqMmseSoftDemapKernel<float, __half, __half, float, (unsigned int)4, (unsigned short)16383>(channel_eq::_puschRxChEqStatDescr *, channel_eq::_puschRxChEqSoftDemapDynDescr)"
6063628818,294556,430093,1,1,1,32,32,1,30,0.000,0.000,,,,,NVIDIA A100-SXM4-40GB MIG 4g.20gb (0),1,,13,"void convert_kernel<float2, __half2>(tensor_layout_any, T1 *, tensor_layout_any, const T2 *)"
6063926382,11072,430105,2253,1,1,128,1,1,16,0.000,0.000,,,,,NVIDIA A100-SXM4-40GB MIG 4g.20gb (0),1,,13,cupy_copy__float16_float16
6063939342,3232,430114,282,1,1,128,1,1,16,0.000,0.000,,,,,NVIDIA A100-SXM4-40GB MIG 4g.20gb (0),1,,13,cupy_copy__complex64_complex64
6063944302,2016,430123,26,1,1,128,1,1,16,0.000,0.000,,,,,NVIDIA A100-SXM4-40GB MIG 4g.20gb (0),1,,13,cupy_copy__float32_float32
6063948206,4608,430132,103,1,1,128,1,1,16,0.000,0.000,,,,,NVIDIA A100-SXM4-40GB MIG 4g.20gb (0),1,,13,cupy_copy__complex64_complex64
6063954862,12096,430142,1434,1,1,128,1,1,16,0.000,0.000,,,,,NVIDIA A100-SXM4-40GB MIG 4g.20gb (0),1,,13,cupy_copy__complex64_complex64
6063969902,86751,430147,1,1,1,32,32,1,30,0.000,0.000,,,,,NVIDIA A100-SXM4-40GB MIG 4g.20gb (0),1,,13,"void convert_kernel<__half2, float2>(tensor_layout_any, T1 *, tensor_layout_any, const T2 *)"
6064083181,5887,430150,,,,,,,,,,0.094,15915.671,Pinned,Device,NVIDIA A100-SXM4-40GB MIG 4g.20gb (0),1,,13,[CUDA memcpy Host-to-Device]
6064094732,596441,430151,,,,,,,,,,456.561,765196.973,Device,,NVIDIA A100-SXM4-40GB MIG 4g.20gb (0),1,,13,[CUDA memset]
6064693573,143134,430156,,,,,,,,,,1.235,8627.319,Pinned,Device,NVIDIA A100-SXM4-40GB MIG 4g.20gb (0),1,,13,[CUDA memcpy Host-to-Device]
6064846595,40896,430157,,,,,,,,,,0.197,4807.459,Pinned,Device,NVIDIA A100-SXM4-40GB MIG 4g.20gb (0),1,,13,[CUDA memcpy Host-to-Device]
6064917186,8128,430158,69,4,1,48,1,1,76,0.002,0.000,,,,,NVIDIA A100-SXM4-40GB MIG 4g.20gb (0),1,,13,"void ch_est::windowedChEstPreNoDftSOfdmKernel<float, __half, float, (unsigned int)2, (unsigned int)1, (unsigned short)4>(ch_est::puschRxChEstStatDescr_t *, ch_est::puschRxChEstDynDescr_t *)"
6064936450,6464,430159,137,2,1,24,2,1,44,0.001,0.001,,,,,NVIDIA A100-SXM4-40GB MIG 4g.20gb (0),1,,13,"void ch_est::chEstFilterNoDftSOfdmDispatchKernel<float, __half, float, (unsigned int)2>(ch_est::puschRxChEstStatDescr_t *, ch_est::puschRxChEstDynDescr_t *)"
6064953378,4768,430160,137,2,1,24,2,1,44,0.001,0.001,,,,,NVIDIA A100-SXM4-40GB MIG 4g.20gb (0),1,,13,"void ch_est::chEstFilterNoDftSOfdmDispatchKernel<float, __half, float, (unsigned int)2>(ch_est::puschRxChEstStatDescr_t *, ch_est::puschRxChEstDynDescr_t *)"
6064968802,2624,430171,103,1,1,128,1,1,16,0.000,0.000,,,,,NVIDIA A100-SXM4-40GB MIG 4g.20gb (0),1,,13,cupy_copy__complex64_complex64
6064984321,12576,430181,1434,1,1,128,1,1,16,0.000,0.000,,,,,NVIDIA A100-SXM4-40GB MIG 4g.20gb (0),1,,13,cupy_copy__complex64_complex64
6065006849,2912,430188,103,1,1,128,1,1,16,0.000,0.000,,,,,NVIDIA A100-SXM4-40GB MIG 4g.20gb (0),1,,13,cupy_copy__complex64_complex64
6065023649,86975,430195,1,1,1,32,32,1,30,0.000,0.000,,,,,NVIDIA A100-SXM4-40GB MIG 4g.20gb (0),1,,13,"void convert_kernel<__half2, float2>(tensor_layout_any, T1 *, tensor_layout_any, const T2 *)"
6065138656,13119,430198,,,,,,,,,,0.094,7141.978,Pinned,Device,NVIDIA A100-SXM4-40GB MIG 4g.20gb (0),1,,13,[CUDA memcpy Host-to-Device]
6065156831,48032,430199,,,,,,,,,,35.810,745526.724,Device,,NVIDIA A100-SXM4-40GB MIG 4g.20gb (0),1,,13,[CUDA memset]
6065208799,7840,430201,,,,,,,,,,0.000,10.204,Pinned,Device,NVIDIA A100-SXM4-40GB MIG 4g.20gb (0),1,,13,[CUDA memcpy Host-to-Device]
6065223614,13440,430202,,,,,,,,,,0.197,14628.422,Pinned,Device,NVIDIA A100-SXM4-40GB MIG 4g.20gb (0),1,,13,[CUDA memcpy Host-to-Device]
6065249726,10304,430203,273,1,1,48,1,1,40,0.000,0.001,,,,,NVIDIA A100-SXM4-40GB MIG 4g.20gb (0),1,,13,"void pusch_noise_intf_est::noiseIntfEstNoDftSOfdmKernel<float, __half, float, float, (unsigned int)2, (unsigned int)1, (unsigned char)4, (unsigned char)4>(pusch_noise_intf_est::puschRxNoiseIntfEstDynDescr)"
6065268094,2912,430214,35,1,1,128,1,1,16,0.000,0.000,,,,,NVIDIA A100-SXM4-40GB MIG 4g.20gb (0),1,,13,cupy_copy__complex64_complex64
6065276670,2112,430223,1,1,1,1,1,1,18,0.000,0.000,,,,,NVIDIA A100-SXM4-40GB MIG 4g.20gb (0),1,,13,cupy_copy__float32_float32
6065297182,2816,430229,,,,,,,,,,0.000,1.420,Device,Pageable,NVIDIA A100-SXM4-40GB MIG 4g.20gb (0),1,,7,[CUDA memcpy Device-to-Host]
6065373085,12863,430240,1434,1,1,128,1,1,16,0.000,0.000,,,,,NVIDIA A100-SXM4-40GB MIG 4g.20gb (0),1,,13,cupy_copy__complex64_complex64
6065400188,3168,430247,103,1,1,128,1,1,16,0.000,0.000,,,,,NVIDIA A100-SXM4-40GB MIG 4g.20gb (0),1,,13,cupy_copy__complex64_complex64
6065420316,2784,430254,35,1,1,128,1,1,16,0.000,0.000,,,,,NVIDIA A100-SXM4-40GB MIG 4g.20gb (0),1,,13,cupy_copy__complex64_complex64
6065436796,1760,430261,1,1,1,1,1,1,18,0.000,0.000,,,,,NVIDIA A100-SXM4-40GB MIG 4g.20gb (0),1,,13,cupy_copy__float32_float32
6065568506,82943,430272,1,1,1,32,32,1,30,0.000,0.000,,,,,NVIDIA A100-SXM4-40GB MIG 4g.20gb (0),1,,13,"void convert_kernel<__half2, float2>(tensor_layout_any, T1 *, tensor_layout_any, const T2 *)"
6065679737,5408,430275,,,,,,,,,,0.094,17325.421,Pinned,Device,NVIDIA A100-SXM4-40GB MIG 4g.20gb (0),1,,13,[CUDA memcpy Host-to-Device]
6065693657,3456,430276,,,,,,,,,,1.547,447517.201,Device,,NVIDIA A100-SXM4-40GB MIG 4g.20gb (0),1,,13,[CUDA memset]
6065700857,3680,430281,,,,,,,,,,0.031,8504.344,Pinned,Device,NVIDIA A100-SXM4-40GB MIG 4g.20gb (0),1,,13,[CUDA memcpy Host-to-Device]
6065707416,9440,430282,,,,,,,,,,0.197,20827.079,Pinned,Device,NVIDIA A100-SXM4-40GB MIG 4g.20gb (0),1,,13,[CUDA memcpy Host-to-Device]
6065722040,8128,430283,273,1,1,8,4,1,39,0.002,0.000,,,,,NVIDIA A100-SXM4-40GB MIG 4g.20gb (0),1,,13,"void channel_eq::eqMmseCoefCompLowMimoKernel<float, float, float, (unsigned int)4, (unsigned int)1, (unsigned int)4>(const channel_eq::_puschRxChEqStatDescr *, channel_eq::_puschRxChEqCoefCompDynDescr)"
6065731160,6464,430284,273,1,1,12,11,1,51,0.002,0.000,,,,,NVIDIA A100-SXM4-40GB MIG 4g.20gb (0),1,,13,"void channel_eq::eqMmseSoftDemapKernel<float, __half, __half, float, (unsigned int)4, (unsigned short)16383>(channel_eq::_puschRxChEqStatDescr *, channel_eq::_puschRxChEqSoftDemapDynDescr)"
6065740632,294396,430285,1,1,1,32,32,1,30,0.000,0.000,,,,,NVIDIA A100-SXM4-40GB MIG 4g.20gb (0),1,,13,"void convert_kernel<float2, __half2>(tensor_layout_any, T1 *, tensor_layout_any, const T2 *)"
6066038868,11072,430297,2253,1,1,128,1,1,16,0.000,0.000,,,,,NVIDIA A100-SXM4-40GB MIG 4g.20gb (0),1,,13,cupy_copy__float16_float16
6066052884,3104,430306,282,1,1,128,1,1,16,0.000,0.000,,,,,NVIDIA A100-SXM4-40GB MIG 4g.20gb (0),1,,13,cupy_copy__complex64_complex64
6066058836,2208,430315,26,1,1,128,1,1,16,0.000,0.000,,,,,NVIDIA A100-SXM4-40GB MIG 4g.20gb (0),1,,13,cupy_copy__float32_float32
6066062196,2784,430324,103,1,1,128,1,1,16,0.000,0.000,,,,,NVIDIA A100-SXM4-40GB MIG 4g.20gb (0),1,,13,cupy_copy__complex64_complex64
6066068276,11936,430334,1434,1,1,128,1,1,16,0.000,0.000,,,,,NVIDIA A100-SXM4-40GB MIG 4g.20gb (0),1,,13,cupy_copy__complex64_complex64
6066086676,87583,430339,1,1,1,32,32,1,30,0.000,0.000,,,,,NVIDIA A100-SXM4-40GB MIG 4g.20gb (0),1,,13,"void convert_kernel<__half2, float2>(tensor_layout_any, T1 *, tensor_layout_any, const T2 *)"
6066201106,5984,430342,,,,,,,,,,0.094,15657.726,Pinned,Device,NVIDIA A100-SXM4-40GB MIG 4g.20gb (0),1,,13,[CUDA memcpy Host-to-Device]
6066212306,597561,430343,,,,,,,,,,456.561,763827.289,Device,,NVIDIA A100-SXM4-40GB MIG 4g.20gb (0),1,,13,[CUDA memset]
6066817835,155710,430348,,,,,,,,,,1.235,7930.810,Pinned,Device,NVIDIA A100-SXM4-40GB MIG 4g.20gb (0),1,,13,[CUDA memcpy Host-to-Device]
6066983433,34943,430349,,,,,,,,,,0.197,5626.528,Pinned,Device,NVIDIA A100-SXM4-40GB MIG 4g.20gb (0),1,,13,[CUDA memcpy Host-to-Device]
6067037224,7904,430350,69,4,1,48,1,1,76,0.002,0.000,,,,,NVIDIA A100-SXM4-40GB MIG 4g.20gb (0),1,,13,"void ch_est::windowedChEstPreNoDftSOfdmKernel<float, __half, float, (unsigned int)2, (unsigned int)1, (unsigned short)4>(ch_est::puschRxChEstStatDescr_t *, ch_est::puschRxChEstDynDescr_t *)"
6067053384,6432,430351,137,2,1,24,2,1,44,0.001,0.001,,,,,NVIDIA A100-SXM4-40GB MIG 4g.20gb (0),1,,13,"void ch_est::chEstFilterNoDftSOfdmDispatchKernel<float, __half, float, (unsigned int)2>(ch_est::puschRxChEstStatDescr_t *, ch_est::puschRxChEstDynDescr_t *)"
6067073288,4736,430352,137,2,1,24,2,1,44,0.001,0.001,,,,,NVIDIA A100-SXM4-40GB MIG 4g.20gb (0),1,,13,"void ch_est::chEstFilterNoDftSOfdmDispatchKernel<float, __half, float, (unsigned int)2>(ch_est::puschRxChEstStatDescr_t *, ch_est::puschRxChEstDynDescr_t *)"
6067085415,2656,430363,103,1,1,128,1,1,16,0.000,0.000,,,,,NVIDIA A100-SXM4-40GB MIG 4g.20gb (0),1,,13,cupy_copy__complex64_complex64
6067097767,12480,430373,1434,1,1,128,1,1,16,0.000,0.000,,,,,NVIDIA A100-SXM4-40GB MIG 4g.20gb (0),1,,13,cupy_copy__complex64_complex64
6067132615,2528,430380,103,1,1,128,1,1,16,0.000,0.000,,,,,NVIDIA A100-SXM4-40GB MIG 4g.20gb (0),1,,13,cupy_copy__complex64_complex64
6067147783,84991,430387,1,1,1,32,32,1,30,0.000,0.000,,,,,NVIDIA A100-SXM4-40GB MIG 4g.20gb (0),1,,13,"void convert_kernel<__half2, float2>(tensor_layout_any, T1 *, tensor_layout_any, const T2 *)"
6067261893,24416,430390,,,,,,,,,,0.094,3837.413,Pinned,Device,NVIDIA A100-SXM4-40GB MIG 4g.20gb (0),1,,13,[CUDA memcpy Host-to-Device]
6067309605,47391,430391,,,,,,,,,,35.810,755625.122,Device,,NVIDIA A100-SXM4-40GB MIG 4g.20gb (0),1,,13,[CUDA memset]
6067363812,9440,430393,,,,,,,,,,0.000,8.475,Pinned,Device,NVIDIA A100-SXM4-40GB MIG 4g.20gb (0),1,,13,[CUDA memcpy Host-to-Device]
6067380420,27967,430394,,,,,,,,,,0.197,7029.916,Pinned,Device,NVIDIA A100-SXM4-40GB MIG 4g.20gb (0),1,,13,[CUDA memcpy Host-to-Device]
6067421603,9760,430395,273,1,1,48,1,1,40,0.000,0.001,,,,,NVIDIA A100-SXM4-40GB MIG 4g.20gb (0),1,,13,"void pusch_noise_intf_est::noiseIntfEstNoDftSOfdmKernel<float, __half, float, float, (unsigned int)2, (unsigned int)1, (unsigned char)4, (unsigned char)4>(pusch_noise_intf_est::puschRxNoiseIntfEstDynDescr)"
6067442211,2880,430406,35,1,1,128,1,1,16,0.000,0.000,,,,,NVIDIA A100-SXM4-40GB MIG 4g.20gb (0),1,,13,cupy_copy__complex64_complex64
6067452483,1664,430415,1,1,1,1,1,1,18,0.000,0.000,,,,,NVIDIA A100-SXM4-40GB MIG 4g.20gb (0),1,,13,cupy_copy__float32_float32
6067454883,4512,430421,,,,,,,,,,0.000,0.887,Device,Pageable,NVIDIA A100-SXM4-40GB MIG 4g.20gb (0),1,,7,[CUDA memcpy Device-to-Host]
6067537666,13280,430432,1434,1,1,128,1,1,16,0.000,0.000,,,,,NVIDIA A100-SXM4-40GB MIG 4g.20gb (0),1,,13,cupy_copy__complex64_complex64
6067563298,2592,430439,103,1,1,128,1,1,16,0.000,0.000,,,,,NVIDIA A100-SXM4-40GB MIG 4g.20gb (0),1,,13,cupy_copy__complex64_complex64
6067581057,2368,430446,35,1,1,128,1,1,16,0.000,0.000,,,,,NVIDIA A100-SXM4-40GB MIG 4g.20gb (0),1,,13,cupy_copy__complex64_complex64
6067603457,2080,430453,1,1,1,1,1,1,18,0.000,0.000,,,,,NVIDIA A100-SXM4-40GB MIG 4g.20gb (0),1,,13,cupy_copy__float32_float32
6067733919,81631,430464,1,1,1,32,32,1,30,0.000,0.000,,,,,NVIDIA A100-SXM4-40GB MIG 4g.20gb (0),1,,13,"void convert_kernel<__half2, float2>(tensor_layout_any, T1 *, tensor_layout_any, const T2 *)"
6067844734,10624,430467,,,,,,,,,,0.094,8819.230,Pinned,Device,NVIDIA A100-SXM4-40GB MIG 4g.20gb (0),1,,13,[CUDA memcpy Host-to-Device]
6067866622,3520,430468,,,,,,,,,,1.547,439380.412,Device,,NVIDIA A100-SXM4-40GB MIG 4g.20gb (0),1,,13,[CUDA memset]
6067874270,7264,430473,,,,,,,,,,0.031,4308.364,Pinned,Device,NVIDIA A100-SXM4-40GB MIG 4g.20gb (0),1,,13,[CUDA memcpy Host-to-Device]
6067885982,12927,430474,,,,,,,,,,0.197,15209.005,Pinned,Device,NVIDIA A100-SXM4-40GB MIG 4g.20gb (0),1,,13,[CUDA memcpy Host-to-Device]
6067909149,6528,430475,273,1,1,8,4,1,39,0.002,0.000,,,,,NVIDIA A100-SXM4-40GB MIG 4g.20gb (0),1,,13,"void channel_eq::eqMmseCoefCompLowMimoKernel<float, float, float, (unsigned int)4, (unsigned int)1, (unsigned int)4>(const channel_eq::_puschRxChEqStatDescr *, channel_eq::_puschRxChEqCoefCompDynDescr)"
6067921373,7360,430476,273,1,1,12,11,1,51,0.002,0.000,,,,,NVIDIA A100-SXM4-40GB MIG 4g.20gb (0),1,,13,"void channel_eq::eqMmseSoftDemapKernel<float, __half, __half, float, (unsigned int)4, (unsigned short)16383>(channel_eq::_puschRxChEqStatDescr *, channel_eq::_puschRxChEqSoftDemapDynDescr)"
6067932093,290044,430477,1,1,1,32,32,1,30,0.000,0.000,,,,,NVIDIA A100-SXM4-40GB MIG 4g.20gb (0),1,,13,"void convert_kernel<float2, __half2>(tensor_layout_any, T1 *, tensor_layout_any, const T2 *)"
6068223737,10528,430489,2253,1,1,128,1,1,16,0.000,0.000,,,,,NVIDIA A100-SXM4-40GB MIG 4g.20gb (0),1,,13,cupy_copy__float16_float16
6068236921,3648,430498,282,1,1,128,1,1,16,0.000,0.000,,,,,NVIDIA A100-SXM4-40GB MIG 4g.20gb (0),1,,13,cupy_copy__complex64_complex64
6068241593,2272,430507,26,1,1,128,1,1,16,0.000,0.000,,,,,NVIDIA A100-SXM4-40GB MIG 4g.20gb (0),1,,13,cupy_copy__float32_float32
6068248537,3264,430516,103,1,1,128,1,1,16,0.000,0.000,,,,,NVIDIA A100-SXM4-40GB MIG 4g.20gb (0),1,,13,cupy_copy__complex64_complex64
6068255225,11968,430526,1434,1,1,128,1,1,16,0.000,0.000,,,,,NVIDIA A100-SXM4-40GB MIG 4g.20gb (0),1,,13,cupy_copy__complex64_complex64
6068270969,90527,430531,1,1,1,32,32,1,30,0.000,0.000,,,,,NVIDIA A100-SXM4-40GB MIG 4g.20gb (0),1,,13,"void convert_kernel<__half2, float2>(tensor_layout_any, T1 *, tensor_layout_any, const T2 *)"
6068389175,5408,430534,,,,,,,,,,0.094,17325.421,Pinned,Device,NVIDIA A100-SXM4-40GB MIG 4g.20gb (0),1,,13,[CUDA memcpy Host-to-Device]
6068398999,596985,430535,,,,,,,,,,456.561,764740.412,Device,,NVIDIA A100-SXM4-40GB MIG 4g.20gb (0),1,,13,[CUDA memset]
6069003120,129822,430540,,,,,,,,,,1.235,9511.539,Pinned,Device,NVIDIA A100-SXM4-40GB MIG 4g.20gb (0),1,,13,[CUDA memcpy Host-to-Device]
6069147758,41152,430541,,,,,,,,,,0.197,4777.574,Pinned,Device,NVIDIA A100-SXM4-40GB MIG 4g.20gb (0),1,,13,[CUDA memcpy Host-to-Device]
6069210093,8064,430542,69,4,1,48,1,1,76,0.002,0.000,,,,,NVIDIA A100-SXM4-40GB MIG 4g.20gb (0),1,,13,"void ch_est::windowedChEstPreNoDftSOfdmKernel<float, __half, float, (unsigned int)2, (unsigned int)1, (unsigned short)4>(ch_est::puschRxChEstStatDescr_t *, ch_est::puschRxChEstDynDescr_t *)"
6069228429,6880,430543,137,2,1,24,2,1,44,0.001,0.001,,,,,NVIDIA A100-SXM4-40GB MIG 4g.20gb (0),1,,13,"void ch_est::chEstFilterNoDftSOfdmDispatchKernel<float, __half, float, (unsigned int)2>(ch_est::puschRxChEstStatDescr_t *, ch_est::puschRxChEstDynDescr_t *)"
6069245901,4736,430544,137,2,1,24,2,1,44,0.001,0.001,,,,,NVIDIA A100-SXM4-40GB MIG 4g.20gb (0),1,,13,"void ch_est::chEstFilterNoDftSOfdmDispatchKernel<float, __half, float, (unsigned int)2>(ch_est::puschRxChEstStatDescr_t *, ch_est::puschRxChEstDynDescr_t *)"
6069263725,2624,430555,103,1,1,128,1,1,16,0.000,0.000,,,,,NVIDIA A100-SXM4-40GB MIG 4g.20gb (0),1,,13,cupy_copy__complex64_complex64
6069281228,12480,430565,1434,1,1,128,1,1,16,0.000,0.000,,,,,NVIDIA A100-SXM4-40GB MIG 4g.20gb (0),1,,13,cupy_copy__complex64_complex64
6069299884,2944,430572,103,1,1,128,1,1,16,0.000,0.000,,,,,NVIDIA A100-SXM4-40GB MIG 4g.20gb (0),1,,13,cupy_copy__complex64_complex64
6069322188,87903,430579,1,1,1,32,32,1,30,0.000,0.000,,,,,NVIDIA A100-SXM4-40GB MIG 4g.20gb (0),1,,13,"void convert_kernel<__half2, float2>(tensor_layout_any, T1 *, tensor_layout_any, const T2 *)"
6069442250,24672,430582,,,,,,,,,,0.094,3797.593,Pinned,Device,NVIDIA A100-SXM4-40GB MIG 4g.20gb (0),1,,13,[CUDA memcpy Host-to-Device]
6069479690,47071,430583,,,,,,,,,,35.810,760745.940,Device,,NVIDIA A100-SXM4-40GB MIG 4g.20gb (0),1,,13,[CUDA memset]
6069528905,11968,430585,,,,,,,,,,0.000,6.684,Pinned,Device,NVIDIA A100-SXM4-40GB MIG 4g.20gb (0),1,,13,[CUDA memcpy Host-to-Device]
6069550985,18400,430586,,,,,,,,,,0.197,10685.055,Pinned,Device,NVIDIA A100-SXM4-40GB MIG 4g.20gb (0),1,,13,[CUDA memcpy Host-to-Device]
6069593897,10239,430587,273,1,1,48,1,1,40,0.000,0.001,,,,,NVIDIA A100-SXM4-40GB MIG 4g.20gb (0),1,,13,"void pusch_noise_intf_est::noiseIntfEstNoDftSOfdmKernel<float, __half, float, float, (unsigned int)2, (unsigned int)1, (unsigned char)4, (unsigned char)4>(pusch_noise_intf_est::puschRxNoiseIntfEstDynDescr)"
6069618696,2752,430598,35,1,1,128,1,1,16,0.000,0.000,,,,,NVIDIA A100-SXM4-40GB MIG 4g.20gb (0),1,,13,cupy_copy__complex64_complex64
6069631144,1792,430607,1,1,1,1,1,1,18,0.000,0.000,,,,,NVIDIA A100-SXM4-40GB MIG 4g.20gb (0),1,,13,cupy_copy__float32_float32
6069635528,6816,430613,,,,,,,,,,0.000,0.587,Device,Pageable,NVIDIA A100-SXM4-40GB MIG 4g.20gb (0),1,,7,[CUDA memcpy Device-to-Host]
6069716647,12832,430624,1434,1,1,128,1,1,16,0.000,0.000,,,,,NVIDIA A100-SXM4-40GB MIG 4g.20gb (0),1,,13,cupy_copy__complex64_complex64
6069747111,3008,430631,103,1,1,128,1,1,16,0.000,0.000,,,,,NVIDIA A100-SXM4-40GB MIG 4g.20gb (0),1,,13,cupy_copy__complex64_complex64
6069761478,2560,430638,35,1,1,128,1,1,16,0.000,0.000,,,,,NVIDIA A100-SXM4-40GB MIG 4g.20gb (0),1,,13,cupy_copy__complex64_complex64
6069782726,1760,430645,1,1,1,1,1,1,18,0.000,0.000,,,,,NVIDIA A100-SXM4-40GB MIG 4g.20gb (0),1,,13,cupy_copy__float32_float32
6069907141,82975,430656,1,1,1,32,32,1,30,0.000,0.000,,,,,NVIDIA A100-SXM4-40GB MIG 4g.20gb (0),1,,13,"void convert_kernel<__half2, float2>(tensor_layout_any, T1 *, tensor_layout_any, const T2 *)"
6070019139,6112,430659,,,,,,,,,,0.094,15329.790,Pinned,Device,NVIDIA A100-SXM4-40GB MIG 4g.20gb (0),1,,13,[CUDA memcpy Host-to-Device]
6070033667,3328,430660,,,,,,,,,,1.547,464729.580,Device,,NVIDIA A100-SXM4-40GB MIG 4g.20gb (0),1,,13,[CUDA memset]
6070040547,3072,430665,,,,,,,,,,0.031,10187.474,Pinned,Device,NVIDIA A100-SXM4-40GB MIG 4g.20gb (0),1,,13,[CUDA memcpy Host-to-Device]
6070046467,10080,430666,,,,,,,,,,0.197,19504.693,Pinned,Device,NVIDIA A100-SXM4-40GB MIG 4g.20gb (0),1,,13,[CUDA memcpy Host-to-Device]
6070060803,6496,430667,273,1,1,8,4,1,39,0.002,0.000,,,,,NVIDIA A100-SXM4-40GB MIG 4g.20gb (0),1,,13,"void channel_eq::eqMmseCoefCompLowMimoKernel<float, float, float, (unsigned int)4, (unsigned int)1, (unsigned int)4>(const channel_eq::_puschRxChEqStatDescr *, channel_eq::_puschRxChEqCoefCompDynDescr)"
6070068259,6304,430668,273,1,1,12,11,1,51,0.002,0.000,,,,,NVIDIA A100-SXM4-40GB MIG 4g.20gb (0),1,,13,"void channel_eq::eqMmseSoftDemapKernel<float, __half, __half, float, (unsigned int)4, (unsigned short)16383>(channel_eq::_puschRxChEqStatDescr *, channel_eq::_puschRxChEqSoftDemapDynDescr)"
6070075587,282364,430669,1,1,1,32,32,1,30,0.000,0.000,,,,,NVIDIA A100-SXM4-40GB MIG 4g.20gb (0),1,,13,"void convert_kernel<float2, __half2>(tensor_layout_any, T1 *, tensor_layout_any, const T2 *)"
6070359071,11200,430681,2253,1,1,128,1,1,16,0.000,0.000,,,,,NVIDIA A100-SXM4-40GB MIG 4g.20gb (0),1,,13,cupy_copy__float16_float16
6070371519,2944,430690,282,1,1,128,1,1,16,0.000,0.000,,,,,NVIDIA A100-SXM4-40GB MIG 4g.20gb (0),1,,13,cupy_copy__complex64_complex64
6070378175,2048,430699,26,1,1,128,1,1,16,0.000,0.000,,,,,NVIDIA A100-SXM4-40GB MIG 4g.20gb (0),1,,13,cupy_copy__float32_float32
6070382175,3072,430708,103,1,1,128,1,1,16,0.000,0.000,,,,,NVIDIA A100-SXM4-40GB MIG 4g.20gb (0),1,,13,cupy_copy__complex64_complex64
6070386303,12032,430718,1434,1,1,128,1,1,16,0.000,0.000,,,,,NVIDIA A100-SXM4-40GB MIG 4g.20gb (0),1,,13,cupy_copy__complex64_complex64
6070410654,87711,430723,1,1,1,32,32,1,30,0.000,0.000,,,,,NVIDIA A100-SXM4-40GB MIG 4g.20gb (0),1,,13,"void convert_kernel<__half2, float2>(tensor_layout_any, T1 *, tensor_layout_any, const T2 *)"
6070525117,5376,430726,,,,,,,,,,0.094,17428.487,Pinned,Device,NVIDIA A100-SXM4-40GB MIG 4g.20gb (0),1,,13,[CUDA memcpy Host-to-Device]
6070535549,596665,430727,,,,,,,,,,456.561,764740.412,Device,,NVIDIA A100-SXM4-40GB MIG 4g.20gb (0),1,,13,[CUDA memset]
6071133398,91550,430732,,,,,,,,,,1.235,13488.058,Pinned,Device,NVIDIA A100-SXM4-40GB MIG 4g.20gb (0),1,,13,[CUDA memcpy Host-to-Device]
6071232020,16704,430733,,,,,,,,,,0.197,11769.938,Pinned,Device,NVIDIA A100-SXM4-40GB MIG 4g.20gb (0),1,,13,[CUDA memcpy Host-to-Device]
6071262644,8736,430734,69,4,1,48,1,1,76,0.002,0.000,,,,,NVIDIA A100-SXM4-40GB MIG 4g.20gb (0),1,,13,"void ch_est::windowedChEstPreNoDftSOfdmKernel<float, __half, float, (unsigned int)2, (unsigned int)1, (unsigned short)4>(ch_est::puschRxChEstStatDescr_t *, ch_est::puschRxChEstDynDescr_t *)"
6071277812,6752,430735,137,2,1,24,2,1,44,0.001,0.001,,,,,NVIDIA A100-SXM4-40GB MIG 4g.20gb (0),1,,13,"void ch_est::chEstFilterNoDftSOfdmDispatchKernel<float, __half, float, (unsigned int)2>(ch_est::puschRxChEstStatDescr_t *, ch_est::puschRxChEstDynDescr_t *)"
6071292500,6303,430736,137,2,1,24,2,1,44,0.001,0.001,,,,,NVIDIA A100-SXM4-40GB MIG 4g.20gb (0),1,,13,"void ch_est::chEstFilterNoDftSOfdmDispatchKernel<float, __half, float, (unsigned int)2>(ch_est::puschRxChEstStatDescr_t *, ch_est::puschRxChEstDynDescr_t *)"
6071300531,3072,430747,103,1,1,128,1,1,16,0.000,0.000,,,,,NVIDIA A100-SXM4-40GB MIG 4g.20gb (0),1,,13,cupy_copy__complex64_complex64
6071309779,12736,430757,1434,1,1,128,1,1,16,0.000,0.000,,,,,NVIDIA A100-SXM4-40GB MIG 4g.20gb (0),1,,13,cupy_copy__complex64_complex64
6071325139,2656,430764,103,1,1,128,1,1,16,0.000,0.000,,,,,NVIDIA A100-SXM4-40GB MIG 4g.20gb (0),1,,13,cupy_copy__complex64_complex64
6071334451,88383,430771,1,1,1,32,32,1,30,0.000,0.000,,,,,NVIDIA A100-SXM4-40GB MIG 4g.20gb (0),1,,13,"void convert_kernel<__half2, float2>(tensor_layout_any, T1 *, tensor_layout_any, const T2 *)"
6071453042,13727,430774,,,,,,,,,,0.094,6825.660,Pinned,Device,NVIDIA A100-SXM4-40GB MIG 4g.20gb (0),1,,13,[CUDA memcpy Host-to-Device]
6071480081,47072,430775,,,,,,,,,,35.810,760745.940,Device,,NVIDIA A100-SXM4-40GB MIG 4g.20gb (0),1,,13,[CUDA memset]
6071534001,7424,430777,,,,,,,,,,0.000,10.776,Pinned,Device,NVIDIA A100-SXM4-40GB MIG 4g.20gb (0),1,,13,[CUDA memcpy Host-to-Device]
6071550544,17056,430778,,,,,,,,,,0.197,11527.127,Pinned,Device,NVIDIA A100-SXM4-40GB MIG 4g.20gb (0),1,,13,[CUDA memcpy Host-to-Device]
6071578576,9280,430779,273,1,1,48,1,1,40,0.000,0.001,,,,,NVIDIA A100-SXM4-40GB MIG 4g.20gb (0),1,,13,"void pusch_noise_intf_est::noiseIntfEstNoDftSOfdmKernel<float, __half, float, float, (unsigned int)2, (unsigned int)1, (unsigned char)4, (unsigned char)4>(pusch_noise_intf_est::puschRxNoiseIntfEstDynDescr)"
6071597424,2752,430790,35,1,1,128,1,1,16,0.000,0.000,,,,,NVIDIA A100-SXM4-40GB MIG 4g.20gb (0),1,,13,cupy_copy__complex64_complex64
6071608144,2048,430799,1,1,1,1,1,1,18,0.000,0.000,,,,,NVIDIA A100-SXM4-40GB MIG 4g.20gb (0),1,,13,cupy_copy__float32_float32
6071616240,6847,430805,,,,,,,,,,0.000,0.584,Device,Pageable,NVIDIA A100-SXM4-40GB MIG 4g.20gb (0),1,,7,[CUDA memcpy Device-to-Host]
6071694895,13055,430816,1434,1,1,128,1,1,16,0.000,0.000,,,,,NVIDIA A100-SXM4-40GB MIG 4g.20gb (0),1,,13,cupy_copy__complex64_complex64
6071722254,3424,430823,103,1,1,128,1,1,16,0.000,0.000,,,,,NVIDIA A100-SXM4-40GB MIG 4g.20gb (0),1,,13,cupy_copy__complex64_complex64
6071744942,2592,430830,35,1,1,128,1,1,16,0.000,0.000,,,,,NVIDIA A100-SXM4-40GB MIG 4g.20gb (0),1,,13,cupy_copy__complex64_complex64
6071758990,1920,430837,1,1,1,1,1,1,18,0.000,0.000,,,,,NVIDIA A100-SXM4-40GB MIG 4g.20gb (0),1,,13,cupy_copy__float32_float32
6071886508,87551,430848,1,1,1,32,32,1,30,0.000,0.000,,,,,NVIDIA A100-SXM4-40GB MIG 4g.20gb (0),1,,13,"void convert_kernel<__half2, float2>(tensor_layout_any, T1 *, tensor_layout_any, const T2 *)"
6072001675,6240,430851,,,,,,,,,,0.094,15015.346,Pinned,Device,NVIDIA A100-SXM4-40GB MIG 4g.20gb (0),1,,13,[CUDA memcpy Host-to-Device]
6072016139,3456,430852,,,,,,,,,,1.547,447517.201,Device,,NVIDIA A100-SXM4-40GB MIG 4g.20gb (0),1,,13,[CUDA memset]
6072022667,3616,430857,,,,,,,,,,0.031,8654.846,Pinned,Device,NVIDIA A100-SXM4-40GB MIG 4g.20gb (0),1,,13,[CUDA memcpy Host-to-Device]
6072028682,9632,430858,,,,,,,,,,0.197,20411.843,Pinned,Device,NVIDIA A100-SXM4-40GB MIG 4g.20gb (0),1,,13,[CUDA memcpy Host-to-Device]
6072043594,6368,430859,273,1,1,8,4,1,39,0.002,0.000,,,,,NVIDIA A100-SXM4-40GB MIG 4g.20gb (0),1,,13,"void channel_eq::eqMmseCoefCompLowMimoKernel<float, float, float, (unsigned int)4, (unsigned int)1, (unsigned int)4>(const channel_eq::_puschRxChEqStatDescr *, channel_eq::_puschRxChEqCoefCompDynDescr)"
6072051434,5312,430860,273,1,1,12,11,1,51,0.002,0.000,,,,,NVIDIA A100-SXM4-40GB MIG 4g.20gb (0),1,,13,"void channel_eq::eqMmseSoftDemapKernel<float, __half, __half, float, (unsigned int)4, (unsigned short)16383>(channel_eq::_puschRxChEqStatDescr *, channel_eq::_puschRxChEqSoftDemapDynDescr)"
6072059466,294172,430861,1,1,1,32,32,1,30,0.000,0.000,,,,,NVIDIA A100-SXM4-40GB MIG 4g.20gb (0),1,,13,"void convert_kernel<float2, __half2>(tensor_layout_any, T1 *, tensor_layout_any, const T2 *)"
6072356102,11040,430873,2253,1,1,128,1,1,16,0.000,0.000,,,,,NVIDIA A100-SXM4-40GB MIG 4g.20gb (0),1,,13,cupy_copy__float16_float16
6072371942,3072,430882,282,1,1,128,1,1,16,0.000,0.000,,,,,NVIDIA A100-SXM4-40GB MIG 4g.20gb (0),1,,13,cupy_copy__complex64_complex64
6072378022,2272,430891,26,1,1,128,1,1,16,0.000,0.000,,,,,NVIDIA A100-SXM4-40GB MIG 4g.20gb (0),1,,13,cupy_copy__float32_float32
6072384838,3872,430900,103,1,1,128,1,1,16,0.000,0.000,,,,,NVIDIA A100-SXM4-40GB MIG 4g.20gb (0),1,,13,cupy_copy__complex64_complex64
6072392294,12160,430910,1434,1,1,128,1,1,16,0.000,0.000,,,,,NVIDIA A100-SXM4-40GB MIG 4g.20gb (0),1,,13,cupy_copy__complex64_complex64
6072407878,80831,430915,1,1,1,32,32,1,30,0.000,0.000,,,,,NVIDIA A100-SXM4-40GB MIG 4g.20gb (0),1,,13,"void convert_kernel<__half2, float2>(tensor_layout_any, T1 *, tensor_layout_any, const T2 *)"
6072515908,5600,430918,,,,,,,,,,0.094,16731.388,Pinned,Device,NVIDIA A100-SXM4-40GB MIG 4g.20gb (0),1,,13,[CUDA memcpy Host-to-Device]
6072527076,597465,430919,,,,,,,,,,456.561,763827.289,Device,,NVIDIA A100-SXM4-40GB MIG 4g.20gb (0),1,,13,[CUDA memset]
6073131741,136894,430924,,,,,,,,,,1.235,9020.031,Pinned,Device,NVIDIA A100-SXM4-40GB MIG 4g.20gb (0),1,,13,[CUDA memcpy Host-to-Device]
6073276603,31968,430925,,,,,,,,,,0.197,6150.095,Pinned,Device,NVIDIA A100-SXM4-40GB MIG 4g.20gb (0),1,,13,[CUDA memcpy Host-to-Device]
6073319771,7935,430926,69,4,1,48,1,1,76,0.002,0.000,,,,,NVIDIA A100-SXM4-40GB MIG 4g.20gb (0),1,,13,"void ch_est::windowedChEstPreNoDftSOfdmKernel<float, __half, float, (unsigned int)2, (unsigned int)1, (unsigned short)4>(ch_est::puschRxChEstStatDescr_t *, ch_est::puschRxChEstDynDescr_t *)"
6073332922,7296,430927,137,2,1,24,2,1,44,0.001,0.001,,,,,NVIDIA A100-SXM4-40GB MIG 4g.20gb (0),1,,13,"void ch_est::chEstFilterNoDftSOfdmDispatchKernel<float, __half, float, (unsigned int)2>(ch_est::puschRxChEstStatDescr_t *, ch_est::puschRxChEstDynDescr_t *)"
6073349530,5120,430928,137,2,1,24,2,1,44,0.001,0.001,,,,,NVIDIA A100-SXM4-40GB MIG 4g.20gb (0),1,,13,"void ch_est::chEstFilterNoDftSOfdmDispatchKernel<float, __half, float, (unsigned int)2>(ch_est::puschRxChEstStatDescr_t *, ch_est::puschRxChEstDynDescr_t *)"
6073363642,2656,430939,103,1,1,128,1,1,16,0.000,0.000,,,,,NVIDIA A100-SXM4-40GB MIG 4g.20gb (0),1,,13,cupy_copy__complex64_complex64
6073370074,12576,430949,1434,1,1,128,1,1,16,0.000,0.000,,,,,NVIDIA A100-SXM4-40GB MIG 4g.20gb (0),1,,13,cupy_copy__complex64_complex64
6073389146,2720,430956,103,1,1,128,1,1,16,0.000,0.000,,,,,NVIDIA A100-SXM4-40GB MIG 4g.20gb (0),1,,13,cupy_copy__complex64_complex64
6073394746,87295,430963,1,1,1,32,32,1,30,0.000,0.000,,,,,NVIDIA A100-SXM4-40GB MIG 4g.20gb (0),1,,13,"void convert_kernel<__half2, float2>(tensor_layout_any, T1 *, tensor_layout_any, const T2 *)"
6073509464,5728,430966,,,,,,,,,,0.094,16357.541,Pinned,Device,NVIDIA A100-SXM4-40GB MIG 4g.20gb (0),1,,13,[CUDA memcpy Host-to-Device]
6073521752,47039,430967,,,,,,,,,,35.810,761247.279,Device,,NVIDIA A100-SXM4-40GB MIG 4g.20gb (0),1,,13,[CUDA memset]
6073576151,3680,430969,,,,,,,,,,0.000,21.739,Pinned,Device,NVIDIA A100-SXM4-40GB MIG 4g.20gb (0),1,,13,[CUDA memcpy Host-to-Device]
6073583991,11744,430970,,,,,,,,,,0.197,16740.975,Pinned,Device,NVIDIA A100-SXM4-40GB MIG 4g.20gb (0),1,,13,[CUDA memcpy Host-to-Device]
6073602135,10336,430971,273,1,1,48,1,1,40,0.000,0.001,,,,,NVIDIA A100-SXM4-40GB MIG 4g.20gb (0),1,,13,"void pusch_noise_intf_est::noiseIntfEstNoDftSOfdmKernel<float, __half, float, float, (unsigned int)2, (unsigned int)1, (unsigned char)4, (unsigned char)4>(pusch_noise_intf_est::puschRxNoiseIntfEstDynDescr)"
6073617207,3200,430982,35,1,1,128,1,1,16,0.000,0.000,,,,,NVIDIA A100-SXM4-40GB MIG 4g.20gb (0),1,,13,cupy_copy__complex64_complex64
6073631063,1760,430991,1,1,1,1,1,1,18,0.000,0.000,,,,,NVIDIA A100-SXM4-40GB MIG 4g.20gb (0),1,,13,cupy_copy__float32_float32
6073661014,2080,430997,,,,,,,,,,0.000,1.923,Device,Pageable,NVIDIA A100-SXM4-40GB MIG 4g.20gb (0),1,,7,[CUDA memcpy Device-to-Host]
6073720118,13279,431008,1434,1,1,128,1,1,16,0.000,0.000,,,,,NVIDIA A100-SXM4-40GB MIG 4g.20gb (0),1,,13,cupy_copy__complex64_complex64
6073747861,2656,431015,103,1,1,128,1,1,16,0.000,0.000,,,,,NVIDIA A100-SXM4-40GB MIG 4g.20gb (0),1,,13,cupy_copy__complex64_complex64
6073767637,2368,431022,35,1,1,128,1,1,16,0.000,0.000,,,,,NVIDIA A100-SXM4-40GB MIG 4g.20gb (0),1,,13,cupy_copy__complex64_complex64
6073785109,1920,431029,1,1,1,1,1,1,18,0.000,0.000,,,,,NVIDIA A100-SXM4-40GB MIG 4g.20gb (0),1,,13,cupy_copy__float32_float32
6073917811,82623,431040,1,1,1,32,32,1,30,0.000,0.000,,,,,NVIDIA A100-SXM4-40GB MIG 4g.20gb (0),1,,13,"void convert_kernel<__half2, float2>(tensor_layout_any, T1 *, tensor_layout_any, const T2 *)"
6074027346,5600,431043,,,,,,,,,,0.094,16731.388,Pinned,Device,NVIDIA A100-SXM4-40GB MIG 4g.20gb (0),1,,13,[CUDA memcpy Host-to-Device]
6074041490,3328,431044,,,,,,,,,,1.547,464729.580,Device,,NVIDIA A100-SXM4-40GB MIG 4g.20gb (0),1,,13,[CUDA memset]
6074048626,2976,431049,,,,,,,,,,0.031,10516.113,Pinned,Device,NVIDIA A100-SXM4-40GB MIG 4g.20gb (0),1,,13,[CUDA memcpy Host-to-Device]
6074054705,9600,431050,,,,,,,,,,0.197,20479.869,Pinned,Device,NVIDIA A100-SXM4-40GB MIG 4g.20gb (0),1,,13,[CUDA memcpy Host-to-Device]
6074067921,6528,431051,273,1,1,8,4,1,39,0.002,0.000,,,,,NVIDIA A100-SXM4-40GB MIG 4g.20gb (0),1,,13,"void channel_eq::eqMmseCoefCompLowMimoKernel<float, float, float, (unsigned int)4, (unsigned int)1, (unsigned int)4>(const channel_eq::_puschRxChEqStatDescr *, channel_eq::_puschRxChEqCoefCompDynDescr)"
6074075441,6080,431052,273,1,1,12,11,1,51,0.002,0.000,,,,,NVIDIA A100-SXM4-40GB MIG 4g.20gb (0),1,,13,"void channel_eq::eqMmseSoftDemapKernel<float, __half, __half, float, (unsigned int)4, (unsigned short)16383>(channel_eq::_puschRxChEqStatDescr *, channel_eq::_puschRxChEqSoftDemapDynDescr)"
6074082577,282461,431053,1,1,1,32,32,1,30,0.000,0.000,,,,,NVIDIA A100-SXM4-40GB MIG 4g.20gb (0),1,,13,"void convert_kernel<float2, __half2>(tensor_layout_any, T1 *, tensor_layout_any, const T2 *)"
6074367150,10944,431065,2253,1,1,128,1,1,16,0.000,0.000,,,,,NVIDIA A100-SXM4-40GB MIG 4g.20gb (0),1,,13,cupy_copy__float16_float16
6074381485,3392,431074,282,1,1,128,1,1,16,0.000,0.000,,,,,NVIDIA A100-SXM4-40GB MIG 4g.20gb (0),1,,13,cupy_copy__complex64_complex64
6074388653,2144,431083,26,1,1,128,1,1,16,0.000,0.000,,,,,NVIDIA A100-SXM4-40GB MIG 4g.20gb (0),1,,13,cupy_copy__float32_float32
6074393165,4608,431092,103,1,1,128,1,1,16,0.000,0.000,,,,,NVIDIA A100-SXM4-40GB MIG 4g.20gb (0),1,,13,cupy_copy__complex64_complex64
6074400813,12128,431102,1434,1,1,128,1,1,16,0.000,0.000,,,,,NVIDIA A100-SXM4-40GB MIG 4g.20gb (0),1,,13,cupy_copy__complex64_complex64
6074417645,81375,431107,1,1,1,32,32,1,30,0.000,0.000,,,,,NVIDIA A100-SXM4-40GB MIG 4g.20gb (0),1,,13,"void convert_kernel<__half2, float2>(tensor_layout_any, T1 *, tensor_layout_any, const T2 *)"
6074526156,5952,431110,,,,,,,,,,0.094,15741.865,Pinned,Device,NVIDIA A100-SXM4-40GB MIG 4g.20gb (0),1,,13,[CUDA memcpy Host-to-Device]
6074537708,599832,431111,,,,,,,,,,456.561,761087.920,Device,,NVIDIA A100-SXM4-40GB MIG 4g.20gb (0),1,,13,[CUDA memset]
6075148036,142622,431116,,,,,,,,,,1.235,8658.192,Pinned,Device,NVIDIA A100-SXM4-40GB MIG 4g.20gb (0),1,,13,[CUDA memcpy Host-to-Device]
6075303330,38848,431117,,,,,,,,,,0.197,5060.887,Pinned,Device,NVIDIA A100-SXM4-40GB MIG 4g.20gb (0),1,,13,[CUDA memcpy Host-to-Device]
6075362689,8640,431118,69,4,1,48,1,1,76,0.002,0.000,,,,,NVIDIA A100-SXM4-40GB MIG 4g.20gb (0),1,,13,"void ch_est::windowedChEstPreNoDftSOfdmKernel<float, __half, float, (unsigned int)2, (unsigned int)1, (unsigned short)4>(ch_est::puschRxChEstStatDescr_t *, ch_est::puschRxChEstDynDescr_t *)"
6075379681,6816,431119,137,2,1,24,2,1,44,0.001,0.001,,,,,NVIDIA A100-SXM4-40GB MIG 4g.20gb (0),1,,13,"void ch_est::chEstFilterNoDftSOfdmDispatchKernel<float, __half, float, (unsigned int)2>(ch_est::puschRxChEstStatDescr_t *, ch_est::puschRxChEstDynDescr_t *)"
6075397889,4704,431120,137,2,1,24,2,1,44,0.001,0.001,,,,,NVIDIA A100-SXM4-40GB MIG 4g.20gb (0),1,,13,"void ch_est::chEstFilterNoDftSOfdmDispatchKernel<float, __half, float, (unsigned int)2>(ch_est::puschRxChEstStatDescr_t *, ch_est::puschRxChEstDynDescr_t *)"
6075413665,2624,431131,103,1,1,128,1,1,16,0.000,0.000,,,,,NVIDIA A100-SXM4-40GB MIG 4g.20gb (0),1,,13,cupy_copy__complex64_complex64
6075428801,12639,431141,1434,1,1,128,1,1,16,0.000,0.000,,,,,NVIDIA A100-SXM4-40GB MIG 4g.20gb (0),1,,13,cupy_copy__complex64_complex64
6075464352,2496,431148,103,1,1,128,1,1,16,0.000,0.000,,,,,NVIDIA A100-SXM4-40GB MIG 4g.20gb (0),1,,13,cupy_copy__complex64_complex64
6075481056,87679,431155,1,1,1,32,32,1,30,0.000,0.000,,,,,NVIDIA A100-SXM4-40GB MIG 4g.20gb (0),1,,13,"void convert_kernel<__half2, float2>(tensor_layout_any, T1 *, tensor_layout_any, const T2 *)"
6075599134,7776,431158,,,,,,,,,,0.094,12049.306,Pinned,Device,NVIDIA A100-SXM4-40GB MIG 4g.20gb (0),1,,13,[CUDA memcpy Host-to-Device]
6075614142,47264,431159,,,,,,,,,,35.810,757630.477,Device,,NVIDIA A100-SXM4-40GB MIG 4g.20gb (0),1,,13,[CUDA memset]
6075663102,3264,431161,,,,,,,,,,0.000,24.510,Pinned,Device,NVIDIA A100-SXM4-40GB MIG 4g.20gb (0),1,,13,[CUDA memcpy Host-to-Device]
6075669758,10911,431162,,,,,,,,,,0.197,18019.123,Pinned,Device,NVIDIA A100-SXM4-40GB MIG 4g.20gb (0),1,,13,[CUDA memcpy Host-to-Device]
6075687133,10656,431163,273,1,1,48,1,1,40,0.000,0.001,,,,,NVIDIA A100-SXM4-40GB MIG 4g.20gb (0),1,,13,"void pusch_noise_intf_est::noiseIntfEstNoDftSOfdmKernel<float, __half, float, float, (unsigned int)2, (unsigned int)1, (unsigned char)4, (unsigned char)4>(pusch_noise_intf_est::puschRxNoiseIntfEstDynDescr)"
6075700541,3072,431174,35,1,1,128,1,1,16,0.000,0.000,,,,,NVIDIA A100-SXM4-40GB MIG 4g.20gb (0),1,,13,cupy_copy__complex64_complex64
6075718589,1888,431183,1,1,1,1,1,1,18,0.000,0.000,,,,,NVIDIA A100-SXM4-40GB MIG 4g.20gb (0),1,,13,cupy_copy__float32_float32
6075750429,1600,431189,,,,,,,,,,0.000,2.500,Device,Pageable,NVIDIA A100-SXM4-40GB MIG 4g.20gb (0),1,,7,[CUDA memcpy Device-to-Host]
6075810908,13344,431200,1434,1,1,128,1,1,16,0.000,0.000,,,,,NVIDIA A100-SXM4-40GB MIG 4g.20gb (0),1,,13,cupy_copy__complex64_complex64
6075840187,3072,431207,103,1,1,128,1,1,16,0.000,0.000,,,,,NVIDIA A100-SXM4-40GB MIG 4g.20gb (0),1,,13,cupy_copy__complex64_complex64
6075863387,2592,431214,35,1,1,128,1,1,16,0.000,0.000,,,,,NVIDIA A100-SXM4-40GB MIG 4g.20gb (0),1,,13,cupy_copy__complex64_complex64
6075878459,1920,431221,1,1,1,1,1,1,18,0.000,0.000,,,,,NVIDIA A100-SXM4-40GB MIG 4g.20gb (0),1,,13,cupy_copy__float32_float32
6076008345,82303,431232,1,1,1,32,32,1,30,0.000,0.000,,,,,NVIDIA A100-SXM4-40GB MIG 4g.20gb (0),1,,13,"void convert_kernel<__half2, float2>(tensor_layout_any, T1 *, tensor_layout_any, const T2 *)"
6076119000,5536,431235,,,,,,,,,,0.094,16924.777,Pinned,Device,NVIDIA A100-SXM4-40GB MIG 4g.20gb (0),1,,13,[CUDA memcpy Host-to-Device]
6076133368,3520,431236,,,,,,,,,,1.547,439380.412,Device,,NVIDIA A100-SXM4-40GB MIG 4g.20gb (0),1,,13,[CUDA memset]
6076141912,3232,431241,,,,,,,,,,0.031,9683.139,Pinned,Device,NVIDIA A100-SXM4-40GB MIG 4g.20gb (0),1,,13,[CUDA memcpy Host-to-Device]
6076147224,9952,431242,,,,,,,,,,0.197,19755.565,Pinned,Device,NVIDIA A100-SXM4-40GB MIG 4g.20gb (0),1,,13,[CUDA memcpy Host-to-Device]
6076163383,6368,431243,273,1,1,8,4,1,39,0.002,0.000,,,,,NVIDIA A100-SXM4-40GB MIG 4g.20gb (0),1,,13,"void channel_eq::eqMmseCoefCompLowMimoKernel<float, float, float, (unsigned int)4, (unsigned int)1, (unsigned int)4>(const channel_eq::_puschRxChEqStatDescr *, channel_eq::_puschRxChEqCoefCompDynDescr)"
6076170807,6112,431244,273,1,1,12,11,1,51,0.002,0.000,,,,,NVIDIA A100-SXM4-40GB MIG 4g.20gb (0),1,,13,"void channel_eq::eqMmseSoftDemapKernel<float, __half, __half, float, (unsigned int)4, (unsigned short)16383>(channel_eq::_puschRxChEqStatDescr *, channel_eq::_puschRxChEqSoftDemapDynDescr)"
6076177911,282621,431245,1,1,1,32,32,1,30,0.000,0.000,,,,,NVIDIA A100-SXM4-40GB MIG 4g.20gb (0),1,,13,"void convert_kernel<float2, __half2>(tensor_layout_any, T1 *, tensor_layout_any, const T2 *)"
6076463828,11072,431257,2253,1,1,128,1,1,16,0.000,0.000,,,,,NVIDIA A100-SXM4-40GB MIG 4g.20gb (0),1,,13,cupy_copy__float16_float16
6076478132,2944,431266,282,1,1,128,1,1,16,0.000,0.000,,,,,NVIDIA A100-SXM4-40GB MIG 4g.20gb (0),1,,13,cupy_copy__complex64_complex64
6076483732,2111,431275,26,1,1,128,1,1,16,0.000,0.000,,,,,NVIDIA A100-SXM4-40GB MIG 4g.20gb (0),1,,13,cupy_copy__float32_float32
6076486963,4704,431284,103,1,1,128,1,1,16,0.000,0.000,,,,,NVIDIA A100-SXM4-40GB MIG 4g.20gb (0),1,,13,cupy_copy__complex64_complex64
6076492691,11904,431294,1434,1,1,128,1,1,16,0.000,0.000,,,,,NVIDIA A100-SXM4-40GB MIG 4g.20gb (0),1,,13,cupy_copy__complex64_complex64
6076510355,87647,431299,1,1,1,32,32,1,30,0.000,0.000,,,,,NVIDIA A100-SXM4-40GB MIG 4g.20gb (0),1,,13,"void convert_kernel<__half2, float2>(tensor_layout_any, T1 *, tensor_layout_any, const T2 *)"
6076625458,5728,431302,,,,,,,,,,0.094,16357.541,Pinned,Device,NVIDIA A100-SXM4-40GB MIG 4g.20gb (0),1,,13,[CUDA memcpy Host-to-Device]
6076636338,596152,431303,,,,,,,,,,456.561,765653.535,Device,,NVIDIA A100-SXM4-40GB MIG 4g.20gb (0),1,,13,[CUDA memset]
6077239978,156318,431308,,,,,,,,,,1.235,7899.937,Pinned,Device,NVIDIA A100-SXM4-40GB MIG 4g.20gb (0),1,,13,[CUDA memcpy Host-to-Device]
6077409160,42048,431309,,,,,,,,,,0.197,4675.731,Pinned,Device,NVIDIA A100-SXM4-40GB MIG 4g.20gb (0),1,,13,[CUDA memcpy Host-to-Device]
6077481191,8352,431310,69,4,1,48,1,1,76,0.002,0.000,,,,,NVIDIA A100-SXM4-40GB MIG 4g.20gb (0),1,,13,"void ch_est::windowedChEstPreNoDftSOfdmKernel<float, __half, float, (unsigned int)2, (unsigned int)1, (unsigned short)4>(ch_est::puschRxChEstStatDescr_t *, ch_est::puschRxChEstDynDescr_t *)"
6077500871,6816,431311,137,2,1,24,2,1,44,0.001,0.001,,,,,NVIDIA A100-SXM4-40GB MIG 4g.20gb (0),1,,13,"void ch_est::chEstFilterNoDftSOfdmDispatchKernel<float, __half, float, (unsigned int)2>(ch_est::puschRxChEstStatDescr_t *, ch_est::puschRxChEstDynDescr_t *)"
6077517799,4704,431312,137,2,1,24,2,1,44,0.001,0.001,,,,,NVIDIA A100-SXM4-40GB MIG 4g.20gb (0),1,,13,"void ch_est::chEstFilterNoDftSOfdmDispatchKernel<float, __half, float, (unsigned int)2>(ch_est::puschRxChEstStatDescr_t *, ch_est::puschRxChEstDynDescr_t *)"
6077537255,2719,431323,103,1,1,128,1,1,16,0.000,0.000,,,,,NVIDIA A100-SXM4-40GB MIG 4g.20gb (0),1,,13,cupy_copy__complex64_complex64
6077554118,12640,431333,1434,1,1,128,1,1,16,0.000,0.000,,,,,NVIDIA A100-SXM4-40GB MIG 4g.20gb (0),1,,13,cupy_copy__complex64_complex64
6077573638,2560,431340,103,1,1,128,1,1,16,0.000,0.000,,,,,NVIDIA A100-SXM4-40GB MIG 4g.20gb (0),1,,13,cupy_copy__complex64_complex64
6077597542,87039,431347,1,1,1,32,32,1,30,0.000,0.000,,,,,NVIDIA A100-SXM4-40GB MIG 4g.20gb (0),1,,13,"void convert_kernel<__half2, float2>(tensor_layout_any, T1 *, tensor_layout_any, const T2 *)"
6077716932,25248,431350,,,,,,,,,,0.094,3711.017,Pinned,Device,NVIDIA A100-SXM4-40GB MIG 4g.20gb (0),1,,13,[CUDA memcpy Host-to-Device]
6077771972,47327,431351,,,,,,,,,,35.810,756627.800,Device,,NVIDIA A100-SXM4-40GB MIG 4g.20gb (0),1,,13,[CUDA memset]
6077823235,11488,431353,,,,,,,,,,0.000,6.964,Pinned,Device,NVIDIA A100-SXM4-40GB MIG 4g.20gb (0),1,,13,[CUDA memcpy Host-to-Device]
6077842467,30335,431354,,,,,,,,,,0.197,6481.183,Pinned,Device,NVIDIA A100-SXM4-40GB MIG 4g.20gb (0),1,,13,[CUDA memcpy Host-to-Device]
6077896770,9888,431355,273,1,1,48,1,1,40,0.000,0.001,,,,,NVIDIA A100-SXM4-40GB MIG 4g.20gb (0),1,,13,"void pusch_noise_intf_est::noiseIntfEstNoDftSOfdmKernel<float, __half, float, float, (unsigned int)2, (unsigned int)1, (unsigned char)4, (unsigned char)4>(pusch_noise_intf_est::puschRxNoiseIntfEstDynDescr)"
6077912930,2656,431366,35,1,1,128,1,1,16,0.000,0.000,,,,,NVIDIA A100-SXM4-40GB MIG 4g.20gb (0),1,,13,cupy_copy__complex64_complex64
6077929538,1696,431375,1,1,1,1,1,1,18,0.000,0.000,,,,,NVIDIA A100-SXM4-40GB MIG 4g.20gb (0),1,,13,cupy_copy__float32_float32
6077933218,7296,431381,,,,,,,,,,0.000,0.548,Device,Pageable,NVIDIA A100-SXM4-40GB MIG 4g.20gb (0),1,,7,[CUDA memcpy Device-to-Host]
6078015585,12767,431392,1434,1,1,128,1,1,16,0.000,0.000,,,,,NVIDIA A100-SXM4-40GB MIG 4g.20gb (0),1,,13,cupy_copy__complex64_complex64
6078039936,2880,431399,103,1,1,128,1,1,16,0.000,0.000,,,,,NVIDIA A100-SXM4-40GB MIG 4g.20gb (0),1,,13,cupy_copy__complex64_complex64
6078058496,2496,431406,35,1,1,128,1,1,16,0.000,0.000,,,,,NVIDIA A100-SXM4-40GB MIG 4g.20gb (0),1,,13,cupy_copy__complex64_complex64
6078076864,1920,431413,1,1,1,1,1,1,18,0.000,0.000,,,,,NVIDIA A100-SXM4-40GB MIG 4g.20gb (0),1,,13,cupy_copy__float32_float32
6078210622,82175,431424,1,1,1,32,32,1,30,0.000,0.000,,,,,NVIDIA A100-SXM4-40GB MIG 4g.20gb (0),1,,13,"void convert_kernel<__half2, float2>(tensor_layout_any, T1 *, tensor_layout_any, const T2 *)"
6078321085,5856,431427,,,,,,,,,,0.094,15999.997,Pinned,Device,NVIDIA A100-SXM4-40GB MIG 4g.20gb (0),1,,13,[CUDA memcpy Host-to-Device]
6078337405,3040,431428,,,,,,,,,,1.547,508757.325,Device,,NVIDIA A100-SXM4-40GB MIG 4g.20gb (0),1,,13,[CUDA memset]
6078344253,3712,431433,,,,,,,,,,0.031,8431.017,Pinned,Device,NVIDIA A100-SXM4-40GB MIG 4g.20gb (0),1,,13,[CUDA memcpy Host-to-Device]
6078350396,9792,431434,,,,,,,,,,0.197,20078.395,Pinned,Device,NVIDIA A100-SXM4-40GB MIG 4g.20gb (0),1,,13,[CUDA memcpy Host-to-Device]
6078366588,6208,431435,273,1,1,8,4,1,39,0.002,0.000,,,,,NVIDIA A100-SXM4-40GB MIG 4g.20gb (0),1,,13,"void channel_eq::eqMmseCoefCompLowMimoKernel<float, float, float, (unsigned int)4, (unsigned int)1, (unsigned int)4>(const channel_eq::_puschRxChEqStatDescr *, channel_eq::_puschRxChEqCoefCompDynDescr)"
6078376124,5856,431436,273,1,1,12,11,1,51,0.002,0.000,,,,,NVIDIA A100-SXM4-40GB MIG 4g.20gb (0),1,,13,"void channel_eq::eqMmseSoftDemapKernel<float, __half, __half, float, (unsigned int)4, (unsigned short)16383>(channel_eq::_puschRxChEqStatDescr *, channel_eq::_puschRxChEqSoftDemapDynDescr)"
6078383356,289597,431437,1,1,1,32,32,1,30,0.000,0.000,,,,,NVIDIA A100-SXM4-40GB MIG 4g.20gb (0),1,,13,"void convert_kernel<float2, __half2>(tensor_layout_any, T1 *, tensor_layout_any, const T2 *)"
6078673912,11040,431449,2253,1,1,128,1,1,16,0.000,0.000,,,,,NVIDIA A100-SXM4-40GB MIG 4g.20gb (0),1,,13,cupy_copy__float16_float16
6078689112,3712,431458,282,1,1,128,1,1,16,0.000,0.000,,,,,NVIDIA A100-SXM4-40GB MIG 4g.20gb (0),1,,13,cupy_copy__complex64_complex64
6078694104,2176,431467,26,1,1,128,1,1,16,0.000,0.000,,,,,NVIDIA A100-SXM4-40GB MIG 4g.20gb (0),1,,13,cupy_copy__float32_float32
6078699512,3040,431476,103,1,1,128,1,1,16,0.000,0.000,,,,,NVIDIA A100-SXM4-40GB MIG 4g.20gb (0),1,,13,cupy_copy__complex64_complex64
6078703576,12576,431486,1434,1,1,128,1,1,16,0.000,0.000,,,,,NVIDIA A100-SXM4-40GB MIG 4g.20gb (0),1,,13,cupy_copy__complex64_complex64
6078718968,82847,431491,1,1,1,32,32,1,30,0.000,0.000,,,,,NVIDIA A100-SXM4-40GB MIG 4g.20gb (0),1,,13,"void convert_kernel<__half2, float2>(tensor_layout_any, T1 *, tensor_layout_any, const T2 *)"
6078829591,5792,431494,,,,,,,,,,0.094,16176.708,Pinned,Device,NVIDIA A100-SXM4-40GB MIG 4g.20gb (0),1,,13,[CUDA memcpy Host-to-Device]
6078839350,597625,431495,,,,,,,,,,456.561,763827.289,Device,,NVIDIA A100-SXM4-40GB MIG 4g.20gb (0),1,,13,[CUDA memset]
6079443855,173758,431500,,,,,,,,,,1.235,7107.103,Pinned,Device,NVIDIA A100-SXM4-40GB MIG 4g.20gb (0),1,,13,[CUDA memcpy Host-to-Device]
6079629613,42079,431501,,,,,,,,,,0.197,4672.193,Pinned,Device,NVIDIA A100-SXM4-40GB MIG 4g.20gb (0),1,,13,[CUDA memcpy Host-to-Device]
6079702412,8288,431502,69,4,1,48,1,1,76,0.002,0.000,,,,,NVIDIA A100-SXM4-40GB MIG 4g.20gb (0),1,,13,"void ch_est::windowedChEstPreNoDftSOfdmKernel<float, __half, float, (unsigned int)2, (unsigned int)1, (unsigned short)4>(ch_est::puschRxChEstStatDescr_t *, ch_est::puschRxChEstDynDescr_t *)"
6079720236,6976,431503,137,2,1,24,2,1,44,0.001,0.001,,,,,NVIDIA A100-SXM4-40GB MIG 4g.20gb (0),1,,13,"void ch_est::chEstFilterNoDftSOfdmDispatchKernel<float, __half, float, (unsigned int)2>(ch_est::puschRxChEstStatDescr_t *, ch_est::puschRxChEstDynDescr_t *)"
6079737611,4768,431504,137,2,1,24,2,1,44,0.001,0.001,,,,,NVIDIA A100-SXM4-40GB MIG 4g.20gb (0),1,,13,"void ch_est::chEstFilterNoDftSOfdmDispatchKernel<float, __half, float, (unsigned int)2>(ch_est::puschRxChEstStatDescr_t *, ch_est::puschRxChEstDynDescr_t *)"
6079751435,2528,431515,103,1,1,128,1,1,16,0.000,0.000,,,,,NVIDIA A100-SXM4-40GB MIG 4g.20gb (0),1,,13,cupy_copy__complex64_complex64
6079770475,12416,431525,1434,1,1,128,1,1,16,0.000,0.000,,,,,NVIDIA A100-SXM4-40GB MIG 4g.20gb (0),1,,13,cupy_copy__complex64_complex64
6079788907,2944,431532,103,1,1,128,1,1,16,0.000,0.000,,,,,NVIDIA A100-SXM4-40GB MIG 4g.20gb (0),1,,13,cupy_copy__complex64_complex64
6079809802,91295,431539,1,1,1,32,32,1,30,0.000,0.000,,,,,NVIDIA A100-SXM4-40GB MIG 4g.20gb (0),1,,13,"void convert_kernel<__half2, float2>(tensor_layout_any, T1 *, tensor_layout_any, const T2 *)"
6079936393,26688,431542,,,,,,,,,,0.094,3510.789,Pinned,Device,NVIDIA A100-SXM4-40GB MIG 4g.20gb (0),1,,13,[CUDA memcpy Host-to-Device]
6079979144,47616,431543,,,,,,,,,,35.810,752044.130,Device,,NVIDIA A100-SXM4-40GB MIG 4g.20gb (0),1,,13,[CUDA memset]
6080033256,17888,431545,,,,,,,,,,0.000,4.472,Pinned,Device,NVIDIA A100-SXM4-40GB MIG 4g.20gb (0),1,,13,[CUDA memcpy Host-to-Device]
6080065351,29248,431546,,,,,,,,,,0.197,6722.028,Pinned,Device,NVIDIA A100-SXM4-40GB MIG 4g.20gb (0),1,,13,[CUDA memcpy Host-to-Device]
6080122503,9760,431547,273,1,1,48,1,1,40,0.000,0.001,,,,,NVIDIA A100-SXM4-40GB MIG 4g.20gb (0),1,,13,"void pusch_noise_intf_est::noiseIntfEstNoDftSOfdmKernel<float, __half, float, float, (unsigned int)2, (unsigned int)1, (unsigned char)4, (unsigned char)4>(pusch_noise_intf_est::puschRxNoiseIntfEstDynDescr)"
6080139590,2976,431558,35,1,1,128,1,1,16,0.000,0.000,,,,,NVIDIA A100-SXM4-40GB MIG 4g.20gb (0),1,,13,cupy_copy__complex64_complex64
6080156518,1696,431567,1,1,1,1,1,1,18,0.000,0.000,,,,,NVIDIA A100-SXM4-40GB MIG 4g.20gb (0),1,,13,cupy_copy__float32_float32
6080160390,8160,431573,,,,,,,,,,0.000,0.490,Device,Pageable,NVIDIA A100-SXM4-40GB MIG 4g.20gb (0),1,,7,[CUDA memcpy Device-to-Host]
6080264197,12576,431584,1434,1,1,128,1,1,16,0.000,0.000,,,,,NVIDIA A100-SXM4-40GB MIG 4g.20gb (0),1,,13,cupy_copy__complex64_complex64
6080290149,2592,431591,103,1,1,128,1,1,16,0.000,0.000,,,,,NVIDIA A100-SXM4-40GB MIG 4g.20gb (0),1,,13,cupy_copy__complex64_complex64
6080305092,2304,431598,35,1,1,128,1,1,16,0.000,0.000,,,,,NVIDIA A100-SXM4-40GB MIG 4g.20gb (0),1,,13,cupy_copy__complex64_complex64
6080323908,1984,431605,1,1,1,1,1,1,18,0.000,0.000,,,,,NVIDIA A100-SXM4-40GB MIG 4g.20gb (0),1,,13,cupy_copy__float32_float32
6080449571,86911,431616,1,1,1,32,32,1,30,0.000,0.000,,,,,NVIDIA A100-SXM4-40GB MIG 4g.20gb (0),1,,13,"void convert_kernel<__half2, float2>(tensor_layout_any, T1 *, tensor_layout_any, const T2 *)"
6080564897,12928,431619,,,,,,,,,,0.094,7247.479,Pinned,Device,NVIDIA A100-SXM4-40GB MIG 4g.20gb (0),1,,13,[CUDA memcpy Host-to-Device]
6080584897,3424,431620,,,,,,,,,,1.547,451700.819,Device,,NVIDIA A100-SXM4-40GB MIG 4g.20gb (0),1,,13,[CUDA memset]
6080588961,6208,431625,,,,,,,,,,0.031,5041.222,Pinned,Device,NVIDIA A100-SXM4-40GB MIG 4g.20gb (0),1,,13,[CUDA memcpy Host-to-Device]
6080597665,13408,431626,,,,,,,,,,0.197,14663.418,Pinned,Device,NVIDIA A100-SXM4-40GB MIG 4g.20gb (0),1,,13,[CUDA memcpy Host-to-Device]
6080618689,7039,431627,273,1,1,8,4,1,39,0.002,0.000,,,,,NVIDIA A100-SXM4-40GB MIG 4g.20gb (0),1,,13,"void channel_eq::eqMmseCoefCompLowMimoKernel<float, float, float, (unsigned int)4, (unsigned int)1, (unsigned int)4>(const channel_eq::_puschRxChEqStatDescr *, channel_eq::_puschRxChEqCoefCompDynDescr)"
6080627168,8128,431628,273,1,1,12,11,1,51,0.002,0.000,,,,,NVIDIA A100-SXM4-40GB MIG 4g.20gb (0),1,,13,"void channel_eq::eqMmseSoftDemapKernel<float, __half, __half, float, (unsigned int)4, (unsigned short)16383>(channel_eq::_puschRxChEqStatDescr *, channel_eq::_puschRxChEqSoftDemapDynDescr)"
6080636608,282653,431629,1,1,1,32,32,1,30,0.000,0.000,,,,,NVIDIA A100-SXM4-40GB MIG 4g.20gb (0),1,,13,"void convert_kernel<float2, __half2>(tensor_layout_any, T1 *, tensor_layout_any, const T2 *)"
6080921085,10880,431641,2253,1,1,128,1,1,16,0.000,0.000,,,,,NVIDIA A100-SXM4-40GB MIG 4g.20gb (0),1,,13,cupy_copy__float16_float16
6080936957,2656,431650,282,1,1,128,1,1,16,0.000,0.000,,,,,NVIDIA A100-SXM4-40GB MIG 4g.20gb (0),1,,13,cupy_copy__complex64_complex64
6080942301,2431,431659,26,1,1,128,1,1,16,0.000,0.000,,,,,NVIDIA A100-SXM4-40GB MIG 4g.20gb (0),1,,13,cupy_copy__float32_float32
6080946460,2880,431668,103,1,1,128,1,1,16,0.000,0.000,,,,,NVIDIA A100-SXM4-40GB MIG 4g.20gb (0),1,,13,cupy_copy__complex64_complex64
6080950428,11968,431678,1434,1,1,128,1,1,16,0.000,0.000,,,,,NVIDIA A100-SXM4-40GB MIG 4g.20gb (0),1,,13,cupy_copy__complex64_complex64
6080966780,87455,431683,1,1,1,32,32,1,30,0.000,0.000,,,,,NVIDIA A100-SXM4-40GB MIG 4g.20gb (0),1,,13,"void convert_kernel<__half2, float2>(tensor_layout_any, T1 *, tensor_layout_any, const T2 *)"
6081081435,5632,431686,,,,,,,,,,0.094,16636.287,Pinned,Device,NVIDIA A100-SXM4-40GB MIG 4g.20gb (0),1,,13,[CUDA memcpy Host-to-Device]
6081091355,599128,431687,,,,,,,,,,456.561,762001.043,Device,,NVIDIA A100-SXM4-40GB MIG 4g.20gb (0),1,,13,[CUDA memset]
6081699667,166078,431692,,,,,,,,,,1.235,7435.598,Pinned,Device,NVIDIA A100-SXM4-40GB MIG 4g.20gb (0),1,,13,[CUDA memcpy Host-to-Device]
6081875761,24512,431693,,,,,,,,,,0.197,8020.820,Pinned,Device,NVIDIA A100-SXM4-40GB MIG 4g.20gb (0),1,,13,[CUDA memcpy Host-to-Device]
6081910897,8351,431694,69,4,1,48,1,1,76,0.002,0.000,,,,,NVIDIA A100-SXM4-40GB MIG 4g.20gb (0),1,,13,"void ch_est::windowedChEstPreNoDftSOfdmKernel<float, __half, float, (unsigned int)2, (unsigned int)1, (unsigned short)4>(ch_est::puschRxChEstStatDescr_t *, ch_est::puschRxChEstDynDescr_t *)"
6081922512,6720,431695,137,2,1,24,2,1,44,0.001,0.001,,,,,NVIDIA A100-SXM4-40GB MIG 4g.20gb (0),1,,13,"void ch_est::chEstFilterNoDftSOfdmDispatchKernel<float, __half, float, (unsigned int)2>(ch_est::puschRxChEstStatDescr_t *, ch_est::puschRxChEstDynDescr_t *)"
6081937168,5088,431696,137,2,1,24,2,1,44,0.001,0.001,,,,,NVIDIA A100-SXM4-40GB MIG 4g.20gb (0),1,,13,"void ch_est::chEstFilterNoDftSOfdmDispatchKernel<float, __half, float, (unsigned int)2>(ch_est::puschRxChEstStatDescr_t *, ch_est::puschRxChEstDynDescr_t *)"
6081945520,2784,431707,103,1,1,128,1,1,16,0.000,0.000,,,,,NVIDIA A100-SXM4-40GB MIG 4g.20gb (0),1,,13,cupy_copy__complex64_complex64
6081953840,13088,431717,1434,1,1,128,1,1,16,0.000,0.000,,,,,NVIDIA A100-SXM4-40GB MIG 4g.20gb (0),1,,13,cupy_copy__complex64_complex64
6081970480,3008,431724,103,1,1,128,1,1,16,0.000,0.000,,,,,NVIDIA A100-SXM4-40GB MIG 4g.20gb (0),1,,13,cupy_copy__complex64_complex64
6081980112,83615,431731,1,1,1,32,32,1,30,0.000,0.000,,,,,NVIDIA A100-SXM4-40GB MIG 4g.20gb (0),1,,13,"void convert_kernel<__half2, float2>(tensor_layout_any, T1 *, tensor_layout_any, const T2 *)"
6082092014,5632,431734,,,,,,,,,,0.094,16636.287,Pinned,Device,NVIDIA A100-SXM4-40GB MIG 4g.20gb (0),1,,13,[CUDA memcpy Host-to-Device]
6082103086,46688,431735,,,,,,,,,,35.810,766976.867,Device,,NVIDIA A100-SXM4-40GB MIG 4g.20gb (0),1,,13,[CUDA memset]
6082156142,3231,431737,,,,,,,,,,0.000,24.760,Pinned,Device,NVIDIA A100-SXM4-40GB MIG 4g.20gb (0),1,,13,[CUDA memcpy Host-to-Device]
6082163757,13920,431738,,,,,,,,,,0.197,14124.122,Pinned,Device,NVIDIA A100-SXM4-40GB MIG 4g.20gb (0),1,,13,[CUDA memcpy Host-to-Device]
6082186829,9600,431739,273,1,1,48,1,1,40,0.000,0.001,,,,,NVIDIA A100-SXM4-40GB MIG 4g.20gb (0),1,,13,"void pusch_noise_intf_est::noiseIntfEstNoDftSOfdmKernel<float, __half, float, float, (unsigned int)2, (unsigned int)1, (unsigned char)4, (unsigned char)4>(pusch_noise_intf_est::puschRxNoiseIntfEstDynDescr)"
6082199149,3008,431750,35,1,1,128,1,1,16,0.000,0.000,,,,,NVIDIA A100-SXM4-40GB MIG 4g.20gb (0),1,,13,cupy_copy__complex64_complex64
6082213485,2016,431759,1,1,1,1,1,1,18,0.000,0.000,,,,,NVIDIA A100-SXM4-40GB MIG 4g.20gb (0),1,,13,cupy_copy__float32_float32
6082244236,1568,431765,,,,,,,,,,0.000,2.551,Device,Pageable,NVIDIA A100-SXM4-40GB MIG 4g.20gb (0),1,,7,[CUDA memcpy Device-to-Host]
6082305260,13536,431776,1434,1,1,128,1,1,16,0.000,0.000,,,,,NVIDIA A100-SXM4-40GB MIG 4g.20gb (0),1,,13,cupy_copy__complex64_complex64
6082331531,2848,431783,103,1,1,128,1,1,16,0.000,0.000,,,,,NVIDIA A100-SXM4-40GB MIG 4g.20gb (0),1,,13,cupy_copy__complex64_complex64
6082351787,2336,431790,35,1,1,128,1,1,16,0.000,0.000,,,,,NVIDIA A100-SXM4-40GB MIG 4g.20gb (0),1,,13,cupy_copy__complex64_complex64
6082369291,1760,431797,1,1,1,1,1,1,18,0.000,0.000,,,,,NVIDIA A100-SXM4-40GB MIG 4g.20gb (0),1,,13,cupy_copy__float32_float32
6082503625,81695,431808,1,1,1,32,32,1,30,0.000,0.000,,,,,NVIDIA A100-SXM4-40GB MIG 4g.20gb (0),1,,13,"void convert_kernel<__half2, float2>(tensor_layout_any, T1 *, tensor_layout_any, const T2 *)"
6082612648,6176,431811,,,,,,,,,,0.094,15170.975,Pinned,Device,NVIDIA A100-SXM4-40GB MIG 4g.20gb (0),1,,13,[CUDA memcpy Host-to-Device]
6082627688,3360,431812,,,,,,,,,,1.547,460304.688,Device,,NVIDIA A100-SXM4-40GB MIG 4g.20gb (0),1,,13,[CUDA memset]
6082633544,3104,431817,,,,,,,,,,0.031,10082.445,Pinned,Device,NVIDIA A100-SXM4-40GB MIG 4g.20gb (0),1,,13,[CUDA memcpy Host-to-Device]
6082639464,9471,431818,,,,,,,,,,0.197,20758.856,Pinned,Device,NVIDIA A100-SXM4-40GB MIG 4g.20gb (0),1,,13,[CUDA memcpy Host-to-Device]
6082654247,6016,431819,273,1,1,8,4,1,39,0.002,0.000,,,,,NVIDIA A100-SXM4-40GB MIG 4g.20gb (0),1,,13,"void channel_eq::eqMmseCoefCompLowMimoKernel<float, float, float, (unsigned int)4, (unsigned int)1, (unsigned int)4>(const channel_eq::_puschRxChEqStatDescr *, channel_eq::_puschRxChEqCoefCompDynDescr)"
6082663559,5600,431820,273,1,1,12,11,1,51,0.002,0.000,,,,,NVIDIA A100-SXM4-40GB MIG 4g.20gb (0),1,,13,"void channel_eq::eqMmseSoftDemapKernel<float, __half, __half, float, (unsigned int)4, (unsigned short)16383>(channel_eq::_puschRxChEqStatDescr *, channel_eq::_puschRxChEqSoftDemapDynDescr)"
6082671175,282653,431821,1,1,1,32,32,1,30,0.000,0.000,,,,,NVIDIA A100-SXM4-40GB MIG 4g.20gb (0),1,,13,"void convert_kernel<float2, __half2>(tensor_layout_any, T1 *, tensor_layout_any, const T2 *)"
6082955012,11008,431833,2253,1,1,128,1,1,16,0.000,0.000,,,,,NVIDIA A100-SXM4-40GB MIG 4g.20gb (0),1,,13,cupy_copy__float16_float16
6082968292,3679,431842,282,1,1,128,1,1,16,0.000,0.000,,,,,NVIDIA A100-SXM4-40GB MIG 4g.20gb (0),1,,13,cupy_copy__complex64_complex64
6082973827,2016,431851,26,1,1,128,1,1,16,0.000,0.000,,,,,NVIDIA A100-SXM4-40GB MIG 4g.20gb (0),1,,13,cupy_copy__float32_float32
6082977667,4544,431860,103,1,1,128,1,1,16,0.000,0.000,,,,,NVIDIA A100-SXM4-40GB MIG 4g.20gb (0),1,,13,cupy_copy__complex64_complex64
6082985379,12576,431870,1434,1,1,128,1,1,16,0.000,0.000,,,,,NVIDIA A100-SXM4-40GB MIG 4g.20gb (0),1,,13,cupy_copy__complex64_complex64
6083012035,82079,431875,1,1,1,32,32,1,30,0.000,0.000,,,,,NVIDIA A100-SXM4-40GB MIG 4g.20gb (0),1,,13,"void convert_kernel<__half2, float2>(tensor_layout_any, T1 *, tensor_layout_any, const T2 *)"
6083121122,5632,431878,,,,,,,,,,0.094,16636.287,Pinned,Device,NVIDIA A100-SXM4-40GB MIG 4g.20gb (0),1,,13,[CUDA memcpy Host-to-Device]
6083131042,596472,431879,,,,,,,,,,456.561,765196.973,Device,,NVIDIA A100-SXM4-40GB MIG 4g.20gb (0),1,,13,[CUDA memset]
6083728378,127807,431884,,,,,,,,,,1.235,9662.202,Pinned,Device,NVIDIA A100-SXM4-40GB MIG 4g.20gb (0),1,,13,[CUDA memcpy Host-to-Device]
6083870200,39744,431885,,,,,,,,,,0.197,4946.854,Pinned,Device,NVIDIA A100-SXM4-40GB MIG 4g.20gb (0),1,,13,[CUDA memcpy Host-to-Device]
6083932056,8128,431886,69,4,1,48,1,1,76,0.002,0.000,,,,,NVIDIA A100-SXM4-40GB MIG 4g.20gb (0),1,,13,"void ch_est::windowedChEstPreNoDftSOfdmKernel<float, __half, float, (unsigned int)2, (unsigned int)1, (unsigned short)4>(ch_est::puschRxChEstStatDescr_t *, ch_est::puschRxChEstDynDescr_t *)"
6083949783,6976,431887,137,2,1,24,2,1,44,0.001,0.001,,,,,NVIDIA A100-SXM4-40GB MIG 4g.20gb (0),1,,13,"void ch_est::chEstFilterNoDftSOfdmDispatchKernel<float, __half, float, (unsigned int)2>(ch_est::puschRxChEstStatDescr_t *, ch_est::puschRxChEstDynDescr_t *)"
6083969143,4704,431888,137,2,1,24,2,1,44,0.001,0.001,,,,,NVIDIA A100-SXM4-40GB MIG 4g.20gb (0),1,,13,"void ch_est::chEstFilterNoDftSOfdmDispatchKernel<float, __half, float, (unsigned int)2>(ch_est::puschRxChEstStatDescr_t *, ch_est::puschRxChEstDynDescr_t *)"
6083986327,2720,431899,103,1,1,128,1,1,16,0.000,0.000,,,,,NVIDIA A100-SXM4-40GB MIG 4g.20gb (0),1,,13,cupy_copy__complex64_complex64
6084003223,12512,431909,1434,1,1,128,1,1,16,0.000,0.000,,,,,NVIDIA A100-SXM4-40GB MIG 4g.20gb (0),1,,13,cupy_copy__complex64_complex64
6084026422,2560,431916,103,1,1,128,1,1,16,0.000,0.000,,,,,NVIDIA A100-SXM4-40GB MIG 4g.20gb (0),1,,13,cupy_copy__complex64_complex64
6084044630,86623,431923,1,1,1,32,32,1,30,0.000,0.000,,,,,NVIDIA A100-SXM4-40GB MIG 4g.20gb (0),1,,13,"void convert_kernel<__half2, float2>(tensor_layout_any, T1 *, tensor_layout_any, const T2 *)"
6084164277,11840,431926,,,,,,,,,,0.094,7913.470,Pinned,Device,NVIDIA A100-SXM4-40GB MIG 4g.20gb (0),1,,13,[CUDA memcpy Host-to-Device]
6084185844,47232,431927,,,,,,,,,,35.810,758167.626,Device,,NVIDIA A100-SXM4-40GB MIG 4g.20gb (0),1,,13,[CUDA memset]
6084236756,7360,431929,,,,,,,,,,0.000,10.870,Pinned,Device,NVIDIA A100-SXM4-40GB MIG 4g.20gb (0),1,,13,[CUDA memcpy Host-to-Device]
6084251028,15135,431930,,,,,,,,,,0.197,12990.284,Pinned,Device,NVIDIA A100-SXM4-40GB MIG 4g.20gb (0),1,,13,[CUDA memcpy Host-to-Device]
6084276083,9984,431931,273,1,1,48,1,1,40,0.000,0.001,,,,,NVIDIA A100-SXM4-40GB MIG 4g.20gb (0),1,,13,"void pusch_noise_intf_est::noiseIntfEstNoDftSOfdmKernel<float, __half, float, float, (unsigned int)2, (unsigned int)1, (unsigned char)4, (unsigned char)4>(pusch_noise_intf_est::puschRxNoiseIntfEstDynDescr)"
6084290163,3232,431942,35,1,1,128,1,1,16,0.000,0.000,,,,,NVIDIA A100-SXM4-40GB MIG 4g.20gb (0),1,,13,cupy_copy__complex64_complex64
6084299507,2368,431951,1,1,1,1,1,1,18,0.000,0.000,,,,,NVIDIA A100-SXM4-40GB MIG 4g.20gb (0),1,,13,cupy_copy__float32_float32
6084311283,6144,431957,,,,,,,,,,0.000,0.651,Device,Pageable,NVIDIA A100-SXM4-40GB MIG 4g.20gb (0),1,,7,[CUDA memcpy Device-to-Host]
6084382802,12960,431968,1434,1,1,128,1,1,16,0.000,0.000,,,,,NVIDIA A100-SXM4-40GB MIG 4g.20gb (0),1,,13,cupy_copy__complex64_complex64
6084410066,3328,431975,103,1,1,128,1,1,16,0.000,0.000,,,,,NVIDIA A100-SXM4-40GB MIG 4g.20gb (0),1,,13,cupy_copy__complex64_complex64
6084426162,2527,431982,35,1,1,128,1,1,16,0.000,0.000,,,,,NVIDIA A100-SXM4-40GB MIG 4g.20gb (0),1,,13,cupy_copy__complex64_complex64
6084447985,1792,431989,1,1,1,1,1,1,18,0.000,0.000,,,,,NVIDIA A100-SXM4-40GB MIG 4g.20gb (0),1,,13,cupy_copy__float32_float32
6084581040,82399,432000,1,1,1,32,32,1,30,0.000,0.000,,,,,NVIDIA A100-SXM4-40GB MIG 4g.20gb (0),1,,13,"void convert_kernel<__half2, float2>(tensor_layout_any, T1 *, tensor_layout_any, const T2 *)"
6084691822,5440,432003,,,,,,,,,,0.094,17223.480,Pinned,Device,NVIDIA A100-SXM4-40GB MIG 4g.20gb (0),1,,13,[CUDA memcpy Host-to-Device]
6084705582,3392,432004,,,,,,,,,,1.547,455961.768,Device,,NVIDIA A100-SXM4-40GB MIG 4g.20gb (0),1,,13,[CUDA memset]
6084712366,3232,432009,,,,,,,,,,0.031,9683.139,Pinned,Device,NVIDIA A100-SXM4-40GB MIG 4g.20gb (0),1,,13,[CUDA memcpy Host-to-Device]
6084718350,9408,432010,,,,,,,,,,0.197,20897.858,Pinned,Device,NVIDIA A100-SXM4-40GB MIG 4g.20gb (0),1,,13,[CUDA memcpy Host-to-Device]
6084734158,6144,432011,273,1,1,8,4,1,39,0.002,0.000,,,,,NVIDIA A100-SXM4-40GB MIG 4g.20gb (0),1,,13,"void channel_eq::eqMmseCoefCompLowMimoKernel<float, float, float, (unsigned int)4, (unsigned int)1, (unsigned int)4>(const channel_eq::_puschRxChEqStatDescr *, channel_eq::_puschRxChEqCoefCompDynDescr)"
6084741326,6112,432012,273,1,1,12,11,1,51,0.002,0.000,,,,,NVIDIA A100-SXM4-40GB MIG 4g.20gb (0),1,,13,"void channel_eq::eqMmseSoftDemapKernel<float, __half, __half, float, (unsigned int)4, (unsigned short)16383>(channel_eq::_puschRxChEqStatDescr *, channel_eq::_puschRxChEqSoftDemapDynDescr)"
6084748526,294396,432013,1,1,1,32,32,1,30,0.000,0.000,,,,,NVIDIA A100-SXM4-40GB MIG 4g.20gb (0),1,,13,"void convert_kernel<float2, __half2>(tensor_layout_any, T1 *, tensor_layout_any, const T2 *)"
6085045738,11136,432025,2253,1,1,128,1,1,16,0.000,0.000,,,,,NVIDIA A100-SXM4-40GB MIG 4g.20gb (0),1,,13,cupy_copy__float16_float16
6085059466,2816,432034,282,1,1,128,1,1,16,0.000,0.000,,,,,NVIDIA A100-SXM4-40GB MIG 4g.20gb (0),1,,13,cupy_copy__complex64_complex64
6085064298,2144,432043,26,1,1,128,1,1,16,0.000,0.000,,,,,NVIDIA A100-SXM4-40GB MIG 4g.20gb (0),1,,13,cupy_copy__float32_float32
6085068778,3200,432052,103,1,1,128,1,1,16,0.000,0.000,,,,,NVIDIA A100-SXM4-40GB MIG 4g.20gb (0),1,,13,cupy_copy__complex64_complex64
6085073098,12031,432062,1434,1,1,128,1,1,16,0.000,0.000,,,,,NVIDIA A100-SXM4-40GB MIG 4g.20gb (0),1,,13,cupy_copy__complex64_complex64
6085087817,86687,432067,1,1,1,32,32,1,30,0.000,0.000,,,,,NVIDIA A100-SXM4-40GB MIG 4g.20gb (0),1,,13,"void convert_kernel<__half2, float2>(tensor_layout_any, T1 *, tensor_layout_any, const T2 *)"
6085201896,5376,432070,,,,,,,,,,0.094,17428.487,Pinned,Device,NVIDIA A100-SXM4-40GB MIG 4g.20gb (0),1,,13,[CUDA memcpy Host-to-Device]
6085211880,601368,432071,,,,,,,,,,456.561,758805.113,Device,,NVIDIA A100-SXM4-40GB MIG 4g.20gb (0),1,,13,[CUDA memset]
6085820992,159454,432076,,,,,,,,,,1.235,7744.334,Pinned,Device,NVIDIA A100-SXM4-40GB MIG 4g.20gb (0),1,,13,[CUDA memcpy Host-to-Device]
6085993086,41216,432077,,,,,,,,,,0.197,4770.103,Pinned,Device,NVIDIA A100-SXM4-40GB MIG 4g.20gb (0),1,,13,[CUDA memcpy Host-to-Device]
6086062269,8384,432078,69,4,1,48,1,1,76,0.002,0.000,,,,,NVIDIA A100-SXM4-40GB MIG 4g.20gb (0),1,,13,"void ch_est::windowedChEstPreNoDftSOfdmKernel<float, __half, float, (unsigned int)2, (unsigned int)1, (unsigned short)4>(ch_est::puschRxChEstStatDescr_t *, ch_est::puschRxChEstDynDescr_t *)"
6086081725,6752,432079,137,2,1,24,2,1,44,0.001,0.001,,,,,NVIDIA A100-SXM4-40GB MIG 4g.20gb (0),1,,13,"void ch_est::chEstFilterNoDftSOfdmDispatchKernel<float, __half, float, (unsigned int)2>(ch_est::puschRxChEstStatDescr_t *, ch_est::puschRxChEstDynDescr_t *)"
6086098589,4768,432080,137,2,1,24,2,1,44,0.001,0.001,,,,,NVIDIA A100-SXM4-40GB MIG 4g.20gb (0),1,,13,"void ch_est::chEstFilterNoDftSOfdmDispatchKernel<float, __half, float, (unsigned int)2>(ch_est::puschRxChEstStatDescr_t *, ch_est::puschRxChEstDynDescr_t *)"
6086118141,2592,432091,103,1,1,128,1,1,16,0.000,0.000,,,,,NVIDIA A100-SXM4-40GB MIG 4g.20gb (0),1,,13,cupy_copy__complex64_complex64
6086134652,12352,432101,1434,1,1,128,1,1,16,0.000,0.000,,,,,NVIDIA A100-SXM4-40GB MIG 4g.20gb (0),1,,13,cupy_copy__complex64_complex64
6086154172,2560,432108,103,1,1,128,1,1,16,0.000,0.000,,,,,NVIDIA A100-SXM4-40GB MIG 4g.20gb (0),1,,13,cupy_copy__complex64_complex64
6086176508,89343,432115,1,1,1,32,32,1,30,0.000,0.000,,,,,NVIDIA A100-SXM4-40GB MIG 4g.20gb (0),1,,13,"void convert_kernel<__half2, float2>(tensor_layout_any, T1 *, tensor_layout_any, const T2 *)"
6086303258,23008,432118,,,,,,,,,,0.094,4072.309,Pinned,Device,NVIDIA A100-SXM4-40GB MIG 4g.20gb (0),1,,13,[CUDA memcpy Host-to-Device]
6086344090,46911,432119,,,,,,,,,,35.810,763324.255,Device,,NVIDIA A100-SXM4-40GB MIG 4g.20gb (0),1,,13,[CUDA memset]
6086397913,10944,432121,,,,,,,,,,0.000,7.310,Pinned,Device,NVIDIA A100-SXM4-40GB MIG 4g.20gb (0),1,,13,[CUDA memcpy Host-to-Device]
6086418841,40927,432122,,,,,,,,,,0.197,4803.723,Pinned,Device,NVIDIA A100-SXM4-40GB MIG 4g.20gb (0),1,,13,[CUDA memcpy Host-to-Device]
6086481560,9728,432123,273,1,1,48,1,1,40,0.000,0.001,,,,,NVIDIA A100-SXM4-40GB MIG 4g.20gb (0),1,,13,"void pusch_noise_intf_est::noiseIntfEstNoDftSOfdmKernel<float, __half, float, float, (unsigned int)2, (unsigned int)1, (unsigned char)4, (unsigned char)4>(pusch_noise_intf_est::puschRxNoiseIntfEstDynDescr)"
6086495704,2816,432134,35,1,1,128,1,1,16,0.000,0.000,,,,,NVIDIA A100-SXM4-40GB MIG 4g.20gb (0),1,,13,cupy_copy__complex64_complex64
6086510776,1696,432143,1,1,1,1,1,1,18,0.000,0.000,,,,,NVIDIA A100-SXM4-40GB MIG 4g.20gb (0),1,,13,cupy_copy__float32_float32
6086518328,4288,432149,,,,,,,,,,0.000,0.933,Device,Pageable,NVIDIA A100-SXM4-40GB MIG 4g.20gb (0),1,,7,[CUDA memcpy Device-to-Host]
6086594327,12736,432160,1434,1,1,128,1,1,16,0.000,0.000,,,,,NVIDIA A100-SXM4-40GB MIG 4g.20gb (0),1,,13,cupy_copy__complex64_complex64
6086623350,3552,432167,103,1,1,128,1,1,16,0.000,0.000,,,,,NVIDIA A100-SXM4-40GB MIG 4g.20gb (0),1,,13,cupy_copy__complex64_complex64
6086648086,2304,432174,35,1,1,128,1,1,16,0.000,0.000,,,,,NVIDIA A100-SXM4-40GB MIG 4g.20gb (0),1,,13,cupy_copy__complex64_complex64
6086668630,1952,432181,1,1,1,1,1,1,18,0.000,0.000,,,,,NVIDIA A100-SXM4-40GB MIG 4g.20gb (0),1,,13,cupy_copy__float32_float32
6086799060,87391,432192,1,1,1,32,32,1,30,0.000,0.000,,,,,NVIDIA A100-SXM4-40GB MIG 4g.20gb (0),1,,13,"void convert_kernel<__half2, float2>(tensor_layout_any, T1 *, tensor_layout_any, const T2 *)"
6086914995,5728,432195,,,,,,,,,,0.094,16357.541,Pinned,Device,NVIDIA A100-SXM4-40GB MIG 4g.20gb (0),1,,13,[CUDA memcpy Host-to-Device]
6086928819,3360,432196,,,,,,,,,,1.547,460304.688,Device,,NVIDIA A100-SXM4-40GB MIG 4g.20gb (0),1,,13,[CUDA memset]
6086935827,3200,432201,,,,,,,,,,0.031,9780.000,Pinned,Device,NVIDIA A100-SXM4-40GB MIG 4g.20gb (0),1,,13,[CUDA memcpy Host-to-Device]
6086941746,10304,432202,,,,,,,,,,0.197,19080.610,Pinned,Device,NVIDIA A100-SXM4-40GB MIG 4g.20gb (0),1,,13,[CUDA memcpy Host-to-Device]
6086956274,6176,432203,273,1,1,8,4,1,39,0.002,0.000,,,,,NVIDIA A100-SXM4-40GB MIG 4g.20gb (0),1,,13,"void channel_eq::eqMmseCoefCompLowMimoKernel<float, float, float, (unsigned int)4, (unsigned int)1, (unsigned int)4>(const channel_eq::_puschRxChEqStatDescr *, channel_eq::_puschRxChEqCoefCompDynDescr)"
6086963410,8160,432204,273,1,1,12,11,1,51,0.002,0.000,,,,,NVIDIA A100-SXM4-40GB MIG 4g.20gb (0),1,,13,"void channel_eq::eqMmseSoftDemapKernel<float, __half, __half, float, (unsigned int)4, (unsigned short)16383>(channel_eq::_puschRxChEqStatDescr *, channel_eq::_puschRxChEqSoftDemapDynDescr)"
6086975826,283005,432205,1,1,1,32,32,1,30,0.000,0.000,,,,,NVIDIA A100-SXM4-40GB MIG 4g.20gb (0),1,,13,"void convert_kernel<float2, __half2>(tensor_layout_any, T1 *, tensor_layout_any, const T2 *)"
6087259983,10591,432217,2253,1,1,128,1,1,16,0.000,0.000,,,,,NVIDIA A100-SXM4-40GB MIG 4g.20gb (0),1,,13,cupy_copy__float16_float16
6087272782,3104,432226,282,1,1,128,1,1,16,0.000,0.000,,,,,NVIDIA A100-SXM4-40GB MIG 4g.20gb (0),1,,13,cupy_copy__complex64_complex64
6087279374,2240,432235,26,1,1,128,1,1,16,0.000,0.000,,,,,NVIDIA A100-SXM4-40GB MIG 4g.20gb (0),1,,13,cupy_copy__float32_float32
6087284750,3040,432244,103,1,1,128,1,1,16,0.000,0.000,,,,,NVIDIA A100-SXM4-40GB MIG 4g.20gb (0),1,,13,cupy_copy__complex64_complex64
6087290318,12064,432254,1434,1,1,128,1,1,16,0.000,0.000,,,,,NVIDIA A100-SXM4-40GB MIG 4g.20gb (0),1,,13,cupy_copy__complex64_complex64
6087307758,81471,432259,1,1,1,32,32,1,30,0.000,0.000,,,,,NVIDIA A100-SXM4-40GB MIG 4g.20gb (0),1,,13,"void convert_kernel<__half2, float2>(tensor_layout_any, T1 *, tensor_layout_any, const T2 *)"
6087416909,6112,432262,,,,,,,,,,0.094,15329.790,Pinned,Device,NVIDIA A100-SXM4-40GB MIG 4g.20gb (0),1,,13,[CUDA memcpy Host-to-Device]
6087427276,597785,432263,,,,,,,,,,456.561,763370.728,Device,,NVIDIA A100-SXM4-40GB MIG 4g.20gb (0),1,,13,[CUDA memset]
6088031365,100767,432268,,,,,,,,,,1.235,12254.349,Pinned,Device,NVIDIA A100-SXM4-40GB MIG 4g.20gb (0),1,,13,[CUDA memcpy Host-to-Device]
6088142916,29087,432269,,,,,,,,,,0.197,6759.186,Pinned,Device,NVIDIA A100-SXM4-40GB MIG 4g.20gb (0),1,,13,[CUDA memcpy Host-to-Device]
6088188291,8000,432270,69,4,1,48,1,1,76,0.002,0.000,,,,,NVIDIA A100-SXM4-40GB MIG 4g.20gb (0),1,,13,"void ch_est::windowedChEstPreNoDftSOfdmKernel<float, __half, float, (unsigned int)2, (unsigned int)1, (unsigned short)4>(ch_est::puschRxChEstStatDescr_t *, ch_est::puschRxChEstDynDescr_t *)"
6088203587,6592,432271,137,2,1,24,2,1,44,0.001,0.001,,,,,NVIDIA A100-SXM4-40GB MIG 4g.20gb (0),1,,13,"void ch_est::chEstFilterNoDftSOfdmDispatchKernel<float, __half, float, (unsigned int)2>(ch_est::puschRxChEstStatDescr_t *, ch_est::puschRxChEstDynDescr_t *)"
6088219363,5184,432272,137,2,1,24,2,1,44,0.001,0.001,,,,,NVIDIA A100-SXM4-40GB MIG 4g.20gb (0),1,,13,"void ch_est::chEstFilterNoDftSOfdmDispatchKernel<float, __half, float, (unsigned int)2>(ch_est::puschRxChEstStatDescr_t *, ch_est::puschRxChEstDynDescr_t *)"
6088231555,2528,432283,103,1,1,128,1,1,16,0.000,0.000,,,,,NVIDIA A100-SXM4-40GB MIG 4g.20gb (0),1,,13,cupy_copy__complex64_complex64
6088246754,12384,432293,1434,1,1,128,1,1,16,0.000,0.000,,,,,NVIDIA A100-SXM4-40GB MIG 4g.20gb (0),1,,13,cupy_copy__complex64_complex64
6088274850,2624,432300,103,1,1,128,1,1,16,0.000,0.000,,,,,NVIDIA A100-SXM4-40GB MIG 4g.20gb (0),1,,13,cupy_copy__complex64_complex64
6088287330,84351,432307,1,1,1,32,32,1,30,0.000,0.000,,,,,NVIDIA A100-SXM4-40GB MIG 4g.20gb (0),1,,13,"void convert_kernel<__half2, float2>(tensor_layout_any, T1 *, tensor_layout_any, const T2 *)"
6088400992,13408,432310,,,,,,,,,,0.094,6988.035,Pinned,Device,NVIDIA A100-SXM4-40GB MIG 4g.20gb (0),1,,13,[CUDA memcpy Host-to-Device]
6088423680,46816,432311,,,,,,,,,,35.810,764899.891,Device,,NVIDIA A100-SXM4-40GB MIG 4g.20gb (0),1,,13,[CUDA memset]
6088475168,9887,432313,,,,,,,,,,0.000,8.091,Pinned,Device,NVIDIA A100-SXM4-40GB MIG 4g.20gb (0),1,,13,[CUDA memcpy Host-to-Device]
6088494879,21440,432314,,,,,,,,,,0.197,9169.994,Pinned,Device,NVIDIA A100-SXM4-40GB MIG 4g.20gb (0),1,,13,[CUDA memcpy Host-to-Device]
6088540927,8992,432315,273,1,1,48,1,1,40,0.000,0.001,,,,,NVIDIA A100-SXM4-40GB MIG 4g.20gb (0),1,,13,"void pusch_noise_intf_est::noiseIntfEstNoDftSOfdmKernel<float, __half, float, float, (unsigned int)2, (unsigned int)1, (unsigned char)4, (unsigned char)4>(pusch_noise_intf_est::puschRxNoiseIntfEstDynDescr)"
6088556767,2784,432326,35,1,1,128,1,1,16,0.000,0.000,,,,,NVIDIA A100-SXM4-40GB MIG 4g.20gb (0),1,,13,cupy_copy__complex64_complex64
6088572766,1728,432335,1,1,1,1,1,1,18,0.000,0.000,,,,,NVIDIA A100-SXM4-40GB MIG 4g.20gb (0),1,,13,cupy_copy__float32_float32
6088581342,7488,432341,,,,,,,,,,0.000,0.534,Device,Pageable,NVIDIA A100-SXM4-40GB MIG 4g.20gb (0),1,,7,[CUDA memcpy Device-to-Host]
6088679741,12800,432352,1434,1,1,128,1,1,16,0.000,0.000,,,,,NVIDIA A100-SXM4-40GB MIG 4g.20gb (0),1,,13,cupy_copy__complex64_complex64
6088706685,2720,432359,103,1,1,128,1,1,16,0.000,0.000,,,,,NVIDIA A100-SXM4-40GB MIG 4g.20gb (0),1,,13,cupy_copy__complex64_complex64
6088723741,2591,432366,35,1,1,128,1,1,16,0.000,0.000,,,,,NVIDIA A100-SXM4-40GB MIG 4g.20gb (0),1,,13,cupy_copy__complex64_complex64
6088746204,1792,432373,1,1,1,1,1,1,18,0.000,0.000,,,,,NVIDIA A100-SXM4-40GB MIG 4g.20gb (0),1,,13,cupy_copy__float32_float32
6088876635,86271,432384,1,1,1,32,32,1,30,0.000,0.000,,,,,NVIDIA A100-SXM4-40GB MIG 4g.20gb (0),1,,13,"void convert_kernel<__half2, float2>(tensor_layout_any, T1 *, tensor_layout_any, const T2 *)"
6088996601,16608,432387,,,,,,,,,,0.094,5641.530,Pinned,Device,NVIDIA A100-SXM4-40GB MIG 4g.20gb (0),1,,13,[CUDA memcpy Host-to-Device]
6089025017,3488,432388,,,,,,,,,,1.547,443412.461,Device,,NVIDIA A100-SXM4-40GB MIG 4g.20gb (0),1,,13,[CUDA memset]
6089030169,5536,432393,,,,,,,,,,0.031,5653.153,Pinned,Device,NVIDIA A100-SXM4-40GB MIG 4g.20gb (0),1,,13,[CUDA memcpy Host-to-Device]
6089042681,16927,432394,,,,,,,,,,0.197,11615.011,Pinned,Device,NVIDIA A100-SXM4-40GB MIG 4g.20gb (0),1,,13,[CUDA memcpy Host-to-Device]
6089070232,7968,432395,273,1,1,8,4,1,39,0.002,0.000,,,,,NVIDIA A100-SXM4-40GB MIG 4g.20gb (0),1,,13,"void channel_eq::eqMmseCoefCompLowMimoKernel<float, float, float, (unsigned int)4, (unsigned int)1, (unsigned int)4>(const channel_eq::_puschRxChEqStatDescr *, channel_eq::_puschRxChEqCoefCompDynDescr)"
6089086104,7424,432396,273,1,1,12,11,1,51,0.002,0.000,,,,,NVIDIA A100-SXM4-40GB MIG 4g.20gb (0),1,,13,"void channel_eq::eqMmseSoftDemapKernel<float, __half, __half, float, (unsigned int)4, (unsigned short)16383>(channel_eq::_puschRxChEqStatDescr *, channel_eq::_puschRxChEqSoftDemapDynDescr)"
6089100952,290588,432397,1,1,1,32,32,1,30,0.000,0.000,,,,,NVIDIA A100-SXM4-40GB MIG 4g.20gb (0),1,,13,"void convert_kernel<float2, __half2>(tensor_layout_any, T1 *, tensor_layout_any, const T2 *)"
6089392788,11040,432409,2253,1,1,128,1,1,16,0.000,0.000,,,,,NVIDIA A100-SXM4-40GB MIG 4g.20gb (0),1,,13,cupy_copy__float16_float16
6089408436,3520,432418,282,1,1,128,1,1,16,0.000,0.000,,,,,NVIDIA A100-SXM4-40GB MIG 4g.20gb (0),1,,13,cupy_copy__complex64_complex64
6089413684,2080,432427,26,1,1,128,1,1,16,0.000,0.000,,,,,NVIDIA A100-SXM4-40GB MIG 4g.20gb (0),1,,13,cupy_copy__float32_float32
6089417812,3360,432436,103,1,1,128,1,1,16,0.000,0.000,,,,,NVIDIA A100-SXM4-40GB MIG 4g.20gb (0),1,,13,cupy_copy__complex64_complex64
6089422228,12064,432446,1434,1,1,128,1,1,16,0.000,0.000,,,,,NVIDIA A100-SXM4-40GB MIG 4g.20gb (0),1,,13,cupy_copy__complex64_complex64
6089438964,86687,432451,1,1,1,32,32,1,30,0.000,0.000,,,,,NVIDIA A100-SXM4-40GB MIG 4g.20gb (0),1,,13,"void convert_kernel<__half2, float2>(tensor_layout_any, T1 *, tensor_layout_any, const T2 *)"
6089554930,5632,432454,,,,,,,,,,0.094,16636.287,Pinned,Device,NVIDIA A100-SXM4-40GB MIG 4g.20gb (0),1,,13,[CUDA memcpy Host-to-Device]
6089567090,595641,432455,,,,,,,,,,456.561,766110.096,Device,,NVIDIA A100-SXM4-40GB MIG 4g.20gb (0),1,,13,[CUDA memset]
6090168299,139390,432460,,,,,,,,,,1.235,8859.488,Pinned,Device,NVIDIA A100-SXM4-40GB MIG 4g.20gb (0),1,,13,[CUDA memcpy Host-to-Device]
6090316969,26432,432461,,,,,,,,,,0.197,7438.074,Pinned,Device,NVIDIA A100-SXM4-40GB MIG 4g.20gb (0),1,,13,[CUDA memcpy Host-to-Device]
6090361000,8288,432462,69,4,1,48,1,1,76,0.002,0.000,,,,,NVIDIA A100-SXM4-40GB MIG 4g.20gb (0),1,,13,"void ch_est::windowedChEstPreNoDftSOfdmKernel<float, __half, float, (unsigned int)2, (unsigned int)1, (unsigned short)4>(ch_est::puschRxChEstStatDescr_t *, ch_est::puschRxChEstDynDescr_t *)"
6090376264,6912,432463,137,2,1,24,2,1,44,0.001,0.001,,,,,NVIDIA A100-SXM4-40GB MIG 4g.20gb (0),1,,13,"void ch_est::chEstFilterNoDftSOfdmDispatchKernel<float, __half, float, (unsigned int)2>(ch_est::puschRxChEstStatDescr_t *, ch_est::puschRxChEstDynDescr_t *)"
6090386248,6496,432464,137,2,1,24,2,1,44,0.001,0.001,,,,,NVIDIA A100-SXM4-40GB MIG 4g.20gb (0),1,,13,"void ch_est::chEstFilterNoDftSOfdmDispatchKernel<float, __half, float, (unsigned int)2>(ch_est::puschRxChEstStatDescr_t *, ch_est::puschRxChEstDynDescr_t *)"
6090398568,2656,432475,103,1,1,128,1,1,16,0.000,0.000,,,,,NVIDIA A100-SXM4-40GB MIG 4g.20gb (0),1,,13,cupy_copy__complex64_complex64
6090409672,12320,432485,1434,1,1,128,1,1,16,0.000,0.000,,,,,NVIDIA A100-SXM4-40GB MIG 4g.20gb (0),1,,13,cupy_copy__complex64_complex64
6090429287,2560,432492,103,1,1,128,1,1,16,0.000,0.000,,,,,NVIDIA A100-SXM4-40GB MIG 4g.20gb (0),1,,13,cupy_copy__complex64_complex64
6090439335,97151,432499,1,1,1,32,32,1,30,0.000,0.000,,,,,NVIDIA A100-SXM4-40GB MIG 4g.20gb (0),1,,13,"void convert_kernel<__half2, float2>(tensor_layout_any, T1 *, tensor_layout_any, const T2 *)"
6090568518,13184,432502,,,,,,,,,,0.094,7106.748,Pinned,Device,NVIDIA A100-SXM4-40GB MIG 4g.20gb (0),1,,13,[CUDA memcpy Host-to-Device]
6090587014,47967,432503,,,,,,,,,,35.810,746529.402,Device,,NVIDIA A100-SXM4-40GB MIG 4g.20gb (0),1,,13,[CUDA memset]
6090642629,3648,432505,,,,,,,,,,0.000,21.930,Pinned,Device,NVIDIA A100-SXM4-40GB MIG 4g.20gb (0),1,,13,[CUDA memcpy Host-to-Device]
6090655141,23807,432506,,,,,,,,,,0.197,8258.322,Pinned,Device,NVIDIA A100-SXM4-40GB MIG 4g.20gb (0),1,,13,[CUDA memcpy Host-to-Device]
6090695588,9376,432507,273,1,1,48,1,1,40,0.000,0.001,,,,,NVIDIA A100-SXM4-40GB MIG 4g.20gb (0),1,,13,"void pusch_noise_intf_est::noiseIntfEstNoDftSOfdmKernel<float, __half, float, float, (unsigned int)2, (unsigned int)1, (unsigned char)4, (unsigned char)4>(pusch_noise_intf_est::puschRxNoiseIntfEstDynDescr)"
6090718468,2912,432518,35,1,1,128,1,1,16,0.000,0.000,,,,,NVIDIA A100-SXM4-40GB MIG 4g.20gb (0),1,,13,cupy_copy__complex64_complex64
6090728740,1696,432527,1,1,1,1,1,1,18,0.000,0.000,,,,,NVIDIA A100-SXM4-40GB MIG 4g.20gb (0),1,,13,cupy_copy__float32_float32
6090736836,6272,432533,,,,,,,,,,0.000,0.638,Device,Pageable,NVIDIA A100-SXM4-40GB MIG 4g.20gb (0),1,,7,[CUDA memcpy Device-to-Host]
6090819619,13151,432544,1434,1,1,128,1,1,16,0.000,0.000,,,,,NVIDIA A100-SXM4-40GB MIG 4g.20gb (0),1,,13,cupy_copy__complex64_complex64
6090849378,4576,432551,103,1,1,128,1,1,16,0.000,0.000,,,,,NVIDIA A100-SXM4-40GB MIG 4g.20gb (0),1,,13,cupy_copy__complex64_complex64
6090878850,2656,432558,35,1,1,128,1,1,16,0.000,0.000,,,,,NVIDIA A100-SXM4-40GB MIG 4g.20gb (0),1,,13,cupy_copy__complex64_complex64
6090896130,1984,432565,1,1,1,1,1,1,18,0.000,0.000,,,,,NVIDIA A100-SXM4-40GB MIG 4g.20gb (0),1,,13,cupy_copy__float32_float32
6091029344,81791,432576,1,1,1,32,32,1,30,0.000,0.000,,,,,NVIDIA A100-SXM4-40GB MIG 4g.20gb (0),1,,13,"void convert_kernel<__half2, float2>(tensor_layout_any, T1 *, tensor_layout_any, const T2 *)"
6091138879,6112,432579,,,,,,,,,,0.094,15329.790,Pinned,Device,NVIDIA A100-SXM4-40GB MIG 4g.20gb (0),1,,13,[CUDA memcpy Host-to-Device]
6091153503,3263,432580,,,,,,,,,,1.547,473987.671,Device,,NVIDIA A100-SXM4-40GB MIG 4g.20gb (0),1,,13,[CUDA memset]
6091159966,3360,432585,,,,,,,,,,0.031,9314.284,Pinned,Device,NVIDIA A100-SXM4-40GB MIG 4g.20gb (0),1,,13,[CUDA memcpy Host-to-Device]
6091165758,9536,432586,,,,,,,,,,0.197,20617.298,Pinned,Device,NVIDIA A100-SXM4-40GB MIG 4g.20gb (0),1,,13,[CUDA memcpy Host-to-Device]
6091181022,8096,432587,273,1,1,8,4,1,39,0.002,0.000,,,,,NVIDIA A100-SXM4-40GB MIG 4g.20gb (0),1,,13,"void channel_eq::eqMmseCoefCompLowMimoKernel<float, float, float, (unsigned int)4, (unsigned int)1, (unsigned int)4>(const channel_eq::_puschRxChEqStatDescr *, channel_eq::_puschRxChEqCoefCompDynDescr)"
6091191838,6080,432588,273,1,1,12,11,1,51,0.002,0.000,,,,,NVIDIA A100-SXM4-40GB MIG 4g.20gb (0),1,,13,"void channel_eq::eqMmseSoftDemapKernel<float, __half, __half, float, (unsigned int)4, (unsigned short)16383>(channel_eq::_puschRxChEqStatDescr *, channel_eq::_puschRxChEqSoftDemapDynDescr)"
6091200958,282012,432589,1,1,1,32,32,1,30,0.000,0.000,,,,,NVIDIA A100-SXM4-40GB MIG 4g.20gb (0),1,,13,"void convert_kernel<float2, __half2>(tensor_layout_any, T1 *, tensor_layout_any, const T2 *)"
6091484090,10912,432601,2253,1,1,128,1,1,16,0.000,0.000,,,,,NVIDIA A100-SXM4-40GB MIG 4g.20gb (0),1,,13,cupy_copy__float16_float16
6091498938,3648,432610,282,1,1,128,1,1,16,0.000,0.000,,,,,NVIDIA A100-SXM4-40GB MIG 4g.20gb (0),1,,13,cupy_copy__complex64_complex64
6091504538,2144,432619,26,1,1,128,1,1,16,0.000,0.000,,,,,NVIDIA A100-SXM4-40GB MIG 4g.20gb (0),1,,13,cupy_copy__float32_float32
6091508026,4576,432628,103,1,1,128,1,1,16,0.000,0.000,,,,,NVIDIA A100-SXM4-40GB MIG 4g.20gb (0),1,,13,cupy_copy__complex64_complex64
6091514874,12192,432638,1434,1,1,128,1,1,16,0.000,0.000,,,,,NVIDIA A100-SXM4-40GB MIG 4g.20gb (0),1,,13,cupy_copy__complex64_complex64
6091532570,80799,432643,1,1,1,32,32,1,30,0.000,0.000,,,,,NVIDIA A100-SXM4-40GB MIG 4g.20gb (0),1,,13,"void convert_kernel<__half2, float2>(tensor_layout_any, T1 *, tensor_layout_any, const T2 *)"
6091640537,5567,432646,,,,,,,,,,0.094,16830.519,Pinned,Device,NVIDIA A100-SXM4-40GB MIG 4g.20gb (0),1,,13,[CUDA memcpy Host-to-Device]
6091649976,597945,432647,,,,,,,,,,456.561,763370.728,Device,,NVIDIA A100-SXM4-40GB MIG 4g.20gb (0),1,,13,[CUDA memset]
6092249553,159358,432652,,,,,,,,,,1.235,7749.274,Pinned,Device,NVIDIA A100-SXM4-40GB MIG 4g.20gb (0),1,,13,[CUDA memcpy Host-to-Device]
6092421455,37631,432653,,,,,,,,,,0.197,5224.464,Pinned,Device,NVIDIA A100-SXM4-40GB MIG 4g.20gb (0),1,,13,[CUDA memcpy Host-to-Device]
6092480238,7808,432654,69,4,1,48,1,1,76,0.002,0.000,,,,,NVIDIA A100-SXM4-40GB MIG 4g.20gb (0),1,,13,"void ch_est::windowedChEstPreNoDftSOfdmKernel<float, __half, float, (unsigned int)2, (unsigned int)1, (unsigned short)4>(ch_est::puschRxChEstStatDescr_t *, ch_est::puschRxChEstDynDescr_t *)"
6092495246,7264,432655,137,2,1,24,2,1,44,0.001,0.001,,,,,NVIDIA A100-SXM4-40GB MIG 4g.20gb (0),1,,13,"void ch_est::chEstFilterNoDftSOfdmDispatchKernel<float, __half, float, (unsigned int)2>(ch_est::puschRxChEstStatDescr_t *, ch_est::puschRxChEstDynDescr_t *)"
6092512974,5120,432656,137,2,1,24,2,1,44,0.001,0.001,,,,,NVIDIA A100-SXM4-40GB MIG 4g.20gb (0),1,,13,"void ch_est::chEstFilterNoDftSOfdmDispatchKernel<float, __half, float, (unsigned int)2>(ch_est::puschRxChEstStatDescr_t *, ch_est::puschRxChEstDynDescr_t *)"
6092521998,2688,432667,103,1,1,128,1,1,16,0.000,0.000,,,,,NVIDIA A100-SXM4-40GB MIG 4g.20gb (0),1,,13,cupy_copy__complex64_complex64
6092537005,12416,432677,1434,1,1,128,1,1,16,0.000,0.000,,,,,NVIDIA A100-SXM4-40GB MIG 4g.20gb (0),1,,13,cupy_copy__complex64_complex64
6092556941,2560,432684,103,1,1,128,1,1,16,0.000,0.000,,,,,NVIDIA A100-SXM4-40GB MIG 4g.20gb (0),1,,13,cupy_copy__complex64_complex64
6092572685,88191,432691,1,1,1,32,32,1,30,0.000,0.000,,,,,NVIDIA A100-SXM4-40GB MIG 4g.20gb (0),1,,13,"void convert_kernel<__half2, float2>(tensor_layout_any, T1 *, tensor_layout_any, const T2 *)"
6092688460,14143,432694,,,,,,,,,,0.094,6624.869,Pinned,Device,NVIDIA A100-SXM4-40GB MIG 4g.20gb (0),1,,13,[CUDA memcpy Host-to-Device]
6092708555,47968,432695,,,,,,,,,,35.810,746529.402,Device,,NVIDIA A100-SXM4-40GB MIG 4g.20gb (0),1,,13,[CUDA memset]
6092759787,8544,432697,,,,,,,,,,0.000,9.363,Pinned,Device,NVIDIA A100-SXM4-40GB MIG 4g.20gb (0),1,,13,[CUDA memcpy Host-to-Device]
6092774923,19935,432698,,,,,,,,,,0.197,9862.447,Pinned,Device,NVIDIA A100-SXM4-40GB MIG 4g.20gb (0),1,,13,[CUDA memcpy Host-to-Device]
6092798954,9920,432699,273,1,1,48,1,1,40,0.000,0.001,,,,,NVIDIA A100-SXM4-40GB MIG 4g.20gb (0),1,,13,"void pusch_noise_intf_est::noiseIntfEstNoDftSOfdmKernel<float, __half, float, float, (unsigned int)2, (unsigned int)1, (unsigned char)4, (unsigned char)4>(pusch_noise_intf_est::puschRxNoiseIntfEstDynDescr)"
6092818090,3040,432710,35,1,1,128,1,1,16,0.000,0.000,,,,,NVIDIA A100-SXM4-40GB MIG 4g.20gb (0),1,,13,cupy_copy__complex64_complex64
6092827786,2016,432719,1,1,1,1,1,1,18,0.000,0.000,,,,,NVIDIA A100-SXM4-40GB MIG 4g.20gb (0),1,,13,cupy_copy__float32_float32
6092843402,6080,432725,,,,,,,,,,0.000,0.658,Device,Pageable,NVIDIA A100-SXM4-40GB MIG 4g.20gb (0),1,,7,[CUDA memcpy Device-to-Host]
6092923913,13024,432736,1434,1,1,128,1,1,16,0.000,0.000,,,,,NVIDIA A100-SXM4-40GB MIG 4g.20gb (0),1,,13,cupy_copy__complex64_complex64
6092950792,3104,432743,103,1,1,128,1,1,16,0.000,0.000,,,,,NVIDIA A100-SXM4-40GB MIG 4g.20gb (0),1,,13,cupy_copy__complex64_complex64
6092969224,2592,432750,35,1,1,128,1,1,16,0.000,0.000,,,,,NVIDIA A100-SXM4-40GB MIG 4g.20gb (0),1,,13,cupy_copy__complex64_complex64
6092985224,1920,432757,1,1,1,1,1,1,18,0.000,0.000,,,,,NVIDIA A100-SXM4-40GB MIG 4g.20gb (0),1,,13,cupy_copy__float32_float32
6093116870,86943,432768,1,1,1,32,32,1,30,0.000,0.000,,,,,NVIDIA A100-SXM4-40GB MIG 4g.20gb (0),1,,13,"void convert_kernel<__half2, float2>(tensor_layout_any, T1 *, tensor_layout_any, const T2 *)"
6093232453,5856,432771,,,,,,,,,,0.094,15999.997,Pinned,Device,NVIDIA A100-SXM4-40GB MIG 4g.20gb (0),1,,13,[CUDA memcpy Host-to-Device]
6093248517,3360,432772,,,,,,,,,,1.547,460304.688,Device,,NVIDIA A100-SXM4-40GB MIG 4g.20gb (0),1,,13,[CUDA memset]
6093254117,3232,432777,,,,,,,,,,0.031,9683.139,Pinned,Device,NVIDIA A100-SXM4-40GB MIG 4g.20gb (0),1,,13,[CUDA memcpy Host-to-Device]
6093260165,9823,432778,,,,,,,,,,0.197,20014.891,Pinned,Device,NVIDIA A100-SXM4-40GB MIG 4g.20gb (0),1,,13,[CUDA memcpy Host-to-Device]
6093274244,6144,432779,273,1,1,8,4,1,39,0.002,0.000,,,,,NVIDIA A100-SXM4-40GB MIG 4g.20gb (0),1,,13,"void channel_eq::eqMmseCoefCompLowMimoKernel<float, float, float, (unsigned int)4, (unsigned int)1, (unsigned int)4>(const channel_eq::_puschRxChEqStatDescr *, channel_eq::_puschRxChEqCoefCompDynDescr)"
6093281444,6400,432780,273,1,1,12,11,1,51,0.002,0.000,,,,,NVIDIA A100-SXM4-40GB MIG 4g.20gb (0),1,,13,"void channel_eq::eqMmseSoftDemapKernel<float, __half, __half, float, (unsigned int)4, (unsigned short)16383>(channel_eq::_puschRxChEqStatDescr *, channel_eq::_puschRxChEqSoftDemapDynDescr)"
6093288932,294237,432781,1,1,1,32,32,1,30,0.000,0.000,,,,,NVIDIA A100-SXM4-40GB MIG 4g.20gb (0),1,,13,"void convert_kernel<float2, __half2>(tensor_layout_any, T1 *, tensor_layout_any, const T2 *)"
6093586337,10911,432793,2253,1,1,128,1,1,16,0.000,0.000,,,,,NVIDIA A100-SXM4-40GB MIG 4g.20gb (0),1,,13,cupy_copy__float16_float16
6093599168,3072,432802,282,1,1,128,1,1,16,0.000,0.000,,,,,NVIDIA A100-SXM4-40GB MIG 4g.20gb (0),1,,13,cupy_copy__complex64_complex64
6093606464,2112,432811,26,1,1,128,1,1,16,0.000,0.000,,,,,NVIDIA A100-SXM4-40GB MIG 4g.20gb (0),1,,13,cupy_copy__float32_float32
6093610400,3072,432820,103,1,1,128,1,1,16,0.000,0.000,,,,,NVIDIA A100-SXM4-40GB MIG 4g.20gb (0),1,,13,cupy_copy__complex64_complex64
6093667008,12031,432836,1434,1,1,128,1,1,16,0.000,0.000,,,,,NVIDIA A100-SXM4-40GB MIG 4g.20gb (0),1,,13,cupy_copy__complex64_complex64
6093781502,87647,432841,1,1,1,32,32,1,30,0.000,0.000,,,,,NVIDIA A100-SXM4-40GB MIG 4g.20gb (0),1,,13,"void convert_kernel<__half2, float2>(tensor_layout_any, T1 *, tensor_layout_any, const T2 *)"
6093895741,5504,432844,,,,,,,,,,0.094,17023.251,Pinned,Device,NVIDIA A100-SXM4-40GB MIG 4g.20gb (0),1,,13,[CUDA memcpy Host-to-Device]
6093906653,597880,432845,,,,,,,,,,456.561,763370.728,Device,,NVIDIA A100-SXM4-40GB MIG 4g.20gb (0),1,,13,[CUDA memset]
6094512597,115423,432850,,,,,,,,,,1.235,10698.320,Pinned,Device,NVIDIA A100-SXM4-40GB MIG 4g.20gb (0),1,,13,[CUDA memcpy Host-to-Device]
6094630932,24991,432851,,,,,,,,,,0.197,7867.073,Pinned,Device,NVIDIA A100-SXM4-40GB MIG 4g.20gb (0),1,,13,[CUDA memcpy Host-to-Device]
6094670355,8288,432852,69,4,1,48,1,1,76,0.002,0.000,,,,,NVIDIA A100-SXM4-40GB MIG 4g.20gb (0),1,,13,"void ch_est::windowedChEstPreNoDftSOfdmKernel<float, __half, float, (unsigned int)2, (unsigned int)1, (unsigned short)4>(ch_est::puschRxChEstStatDescr_t *, ch_est::puschRxChEstDynDescr_t *)"
6094688435,6880,432853,137,2,1,24,2,1,44,0.001,0.001,,,,,NVIDIA A100-SXM4-40GB MIG 4g.20gb (0),1,,13,"void ch_est::chEstFilterNoDftSOfdmDispatchKernel<float, __half, float, (unsigned int)2>(ch_est::puschRxChEstStatDescr_t *, ch_est::puschRxChEstDynDescr_t *)"
6094707539,4736,432854,137,2,1,24,2,1,44,0.001,0.001,,,,,NVIDIA A100-SXM4-40GB MIG 4g.20gb (0),1,,13,"void ch_est::chEstFilterNoDftSOfdmDispatchKernel<float, __half, float, (unsigned int)2>(ch_est::puschRxChEstStatDescr_t *, ch_est::puschRxChEstDynDescr_t *)"
6094720819,2751,432865,103,1,1,128,1,1,16,0.000,0.000,,,,,NVIDIA A100-SXM4-40GB MIG 4g.20gb (0),1,,13,cupy_copy__complex64_complex64
6094732978,12544,432875,1434,1,1,128,1,1,16,0.000,0.000,,,,,NVIDIA A100-SXM4-40GB MIG 4g.20gb (0),1,,13,cupy_copy__complex64_complex64
6094747026,2560,432882,103,1,1,128,1,1,16,0.000,0.000,,,,,NVIDIA A100-SXM4-40GB MIG 4g.20gb (0),1,,13,cupy_copy__complex64_complex64
6094756242,85503,432889,1,1,1,32,32,1,30,0.000,0.000,,,,,NVIDIA A100-SXM4-40GB MIG 4g.20gb (0),1,,13,"void convert_kernel<__half2, float2>(tensor_layout_any, T1 *, tensor_layout_any, const T2 *)"
6094874737,5920,432892,,,,,,,,,,0.094,15826.941,Pinned,Device,NVIDIA A100-SXM4-40GB MIG 4g.20gb (0),1,,13,[CUDA memcpy Host-to-Device]
6094885616,47488,432893,,,,,,,,,,35.810,754049.485,Device,,NVIDIA A100-SXM4-40GB MIG 4g.20gb (0),1,,13,[CUDA memset]
6094937808,4384,432895,,,,,,,,,,0.000,18.248,Pinned,Device,NVIDIA A100-SXM4-40GB MIG 4g.20gb (0),1,,13,[CUDA memcpy Host-to-Device]
6094946288,11200,432896,,,,,,,,,,0.197,17554.145,Pinned,Device,NVIDIA A100-SXM4-40GB MIG 4g.20gb (0),1,,13,[CUDA memcpy Host-to-Device]
6094963792,13279,432897,273,1,1,48,1,1,40,0.000,0.001,,,,,NVIDIA A100-SXM4-40GB MIG 4g.20gb (0),1,,13,"void pusch_noise_intf_est::noiseIntfEstNoDftSOfdmKernel<float, __half, float, float, (unsigned int)2, (unsigned int)1, (unsigned char)4, (unsigned char)4>(pusch_noise_intf_est::puschRxNoiseIntfEstDynDescr)"
6094980015,2976,432908,35,1,1,128,1,1,16,0.000,0.000,,,,,NVIDIA A100-SXM4-40GB MIG 4g.20gb (0),1,,13,cupy_copy__complex64_complex64
6094998191,1984,432917,1,1,1,1,1,1,18,0.000,0.000,,,,,NVIDIA A100-SXM4-40GB MIG 4g.20gb (0),1,,13,cupy_copy__float32_float32
6095031503,1984,432923,,,,,,,,,,0.000,2.016,Device,Pageable,NVIDIA A100-SXM4-40GB MIG 4g.20gb (0),1,,7,[CUDA memcpy Device-to-Host]
6095092526,13184,432934,1434,1,1,128,1,1,16,0.000,0.000,,,,,NVIDIA A100-SXM4-40GB MIG 4g.20gb (0),1,,13,cupy_copy__complex64_complex64
6095119662,2592,432941,103,1,1,128,1,1,16,0.000,0.000,,,,,NVIDIA A100-SXM4-40GB MIG 4g.20gb (0),1,,13,cupy_copy__complex64_complex64
6095140621,2464,432948,35,1,1,128,1,1,16,0.000,0.000,,,,,NVIDIA A100-SXM4-40GB MIG 4g.20gb (0),1,,13,cupy_copy__complex64_complex64
6095157741,1792,432955,1,1,1,1,1,1,18,0.000,0.000,,,,,NVIDIA A100-SXM4-40GB MIG 4g.20gb (0),1,,13,cupy_copy__float32_float32
6095291659,86751,432966,1,1,1,32,32,1,30,0.000,0.000,,,,,NVIDIA A100-SXM4-40GB MIG 4g.20gb (0),1,,13,"void convert_kernel<__half2, float2>(tensor_layout_any, T1 *, tensor_layout_any, const T2 *)"
6095406090,5760,432969,,,,,,,,,,0.094,16266.656,Pinned,Device,NVIDIA A100-SXM4-40GB MIG 4g.20gb (0),1,,13,[CUDA memcpy Host-to-Device]
6095420138,3424,432970,,,,,,,,,,1.547,451700.819,Device,,NVIDIA A100-SXM4-40GB MIG 4g.20gb (0),1,,13,[CUDA memset]
6095427306,3104,432975,,,,,,,,,,0.031,10082.445,Pinned,Device,NVIDIA A100-SXM4-40GB MIG 4g.20gb (0),1,,13,[CUDA memcpy Host-to-Device]
6095433290,9440,432976,,,,,,,,,,0.197,20827.079,Pinned,Device,NVIDIA A100-SXM4-40GB MIG 4g.20gb (0),1,,13,[CUDA memcpy Host-to-Device]
6095446570,8575,432977,273,1,1,8,4,1,39,0.002,0.000,,,,,NVIDIA A100-SXM4-40GB MIG 4g.20gb (0),1,,13,"void channel_eq::eqMmseCoefCompLowMimoKernel<float, float, float, (unsigned int)4, (unsigned int)1, (unsigned int)4>(const channel_eq::_puschRxChEqStatDescr *, channel_eq::_puschRxChEqCoefCompDynDescr)"
6095457417,5632,432978,273,1,1,12,11,1,51,0.002,0.000,,,,,NVIDIA A100-SXM4-40GB MIG 4g.20gb (0),1,,13,"void channel_eq::eqMmseSoftDemapKernel<float, __half, __half, float, (unsigned int)4, (unsigned short)16383>(channel_eq::_puschRxChEqStatDescr *, channel_eq::_puschRxChEqSoftDemapDynDescr)"
6095465193,282845,432979,1,1,1,32,32,1,30,0.000,0.000,,,,,NVIDIA A100-SXM4-40GB MIG 4g.20gb (0),1,,13,"void convert_kernel<float2, __half2>(tensor_layout_any, T1 *, tensor_layout_any, const T2 *)"
6095749094,10944,432991,2253,1,1,128,1,1,16,0.000,0.000,,,,,NVIDIA A100-SXM4-40GB MIG 4g.20gb (0),1,,13,cupy_copy__float16_float16
6095761766,3840,433000,282,1,1,128,1,1,16,0.000,0.000,,,,,NVIDIA A100-SXM4-40GB MIG 4g.20gb (0),1,,13,cupy_copy__complex64_complex64
6095768550,2304,433009,26,1,1,128,1,1,16,0.000,0.000,,,,,NVIDIA A100-SXM4-40GB MIG 4g.20gb (0),1,,13,cupy_copy__float32_float32
6095771878,2784,433018,103,1,1,128,1,1,16,0.000,0.000,,,,,NVIDIA A100-SXM4-40GB MIG 4g.20gb (0),1,,13,cupy_copy__complex64_complex64
6095778085,12096,433028,1434,1,1,128,1,1,16,0.000,0.000,,,,,NVIDIA A100-SXM4-40GB MIG 4g.20gb (0),1,,13,cupy_copy__complex64_complex64
6095799333,82143,433033,1,1,1,32,32,1,30,0.000,0.000,,,,,NVIDIA A100-SXM4-40GB MIG 4g.20gb (0),1,,13,"void convert_kernel<__half2, float2>(tensor_layout_any, T1 *, tensor_layout_any, const T2 *)"
6095908772,5536,433036,,,,,,,,,,0.094,16924.777,Pinned,Device,NVIDIA A100-SXM4-40GB MIG 4g.20gb (0),1,,13,[CUDA memcpy Host-to-Device]
6095919780,599512,433037,,,,,,,,,,456.561,761544.482,Device,,NVIDIA A100-SXM4-40GB MIG 4g.20gb (0),1,,13,[CUDA memset]
6096523708,141215,433042,,,,,,,,,,1.235,8744.638,Pinned,Device,NVIDIA A100-SXM4-40GB MIG 4g.20gb (0),1,,13,[CUDA memcpy Host-to-Device]
6096677658,42560,433043,,,,,,,,,,0.197,4619.502,Pinned,Device,NVIDIA A100-SXM4-40GB MIG 4g.20gb (0),1,,13,[CUDA memcpy Host-to-Device]
6096741946,8447,433044,69,4,1,48,1,1,76,0.002,0.000,,,,,NVIDIA A100-SXM4-40GB MIG 4g.20gb (0),1,,13,"void ch_est::windowedChEstPreNoDftSOfdmKernel<float, __half, float, (unsigned int)2, (unsigned int)1, (unsigned short)4>(ch_est::puschRxChEstStatDescr_t *, ch_est::puschRxChEstDynDescr_t *)"
6096761241,6912,433045,137,2,1,24,2,1,44,0.001,0.001,,,,,NVIDIA A100-SXM4-40GB MIG 4g.20gb (0),1,,13,"void ch_est::chEstFilterNoDftSOfdmDispatchKernel<float, __half, float, (unsigned int)2>(ch_est::puschRxChEstStatDescr_t *, ch_est::puschRxChEstDynDescr_t *)"
6096777945,4704,433046,137,2,1,24,2,1,44,0.001,0.001,,,,,NVIDIA A100-SXM4-40GB MIG 4g.20gb (0),1,,13,"void ch_est::chEstFilterNoDftSOfdmDispatchKernel<float, __half, float, (unsigned int)2>(ch_est::puschRxChEstStatDescr_t *, ch_est::puschRxChEstDynDescr_t *)"
6096794777,2528,433057,103,1,1,128,1,1,16,0.000,0.000,,,,,NVIDIA A100-SXM4-40GB MIG 4g.20gb (0),1,,13,cupy_copy__complex64_complex64
6096812857,12704,433067,1434,1,1,128,1,1,16,0.000,0.000,,,,,NVIDIA A100-SXM4-40GB MIG 4g.20gb (0),1,,13,cupy_copy__complex64_complex64
6096835000,2592,433074,103,1,1,128,1,1,16,0.000,0.000,,,,,NVIDIA A100-SXM4-40GB MIG 4g.20gb (0),1,,13,cupy_copy__complex64_complex64
6096854808,92415,433081,1,1,1,32,32,1,30,0.000,0.000,,,,,NVIDIA A100-SXM4-40GB MIG 4g.20gb (0),1,,13,"void convert_kernel<__half2, float2>(tensor_layout_any, T1 *, tensor_layout_any, const T2 *)"
6096978807,15167,433084,,,,,,,,,,0.094,6177.565,Pinned,Device,NVIDIA A100-SXM4-40GB MIG 4g.20gb (0),1,,13,[CUDA memcpy Host-to-Device]
6097004758,47328,433085,,,,,,,,,,35.810,756627.800,Device,,NVIDIA A100-SXM4-40GB MIG 4g.20gb (0),1,,13,[CUDA memset]
6097053462,9184,433087,,,,,,,,,,0.000,8.711,Pinned,Device,NVIDIA A100-SXM4-40GB MIG 4g.20gb (0),1,,13,[CUDA memcpy Host-to-Device]
6097068406,18559,433088,,,,,,,,,,0.197,10593.632,Pinned,Device,NVIDIA A100-SXM4-40GB MIG 4g.20gb (0),1,,13,[CUDA memcpy Host-to-Device]
6097101301,9344,433089,273,1,1,48,1,1,40,0.000,0.001,,,,,NVIDIA A100-SXM4-40GB MIG 4g.20gb (0),1,,13,"void pusch_noise_intf_est::noiseIntfEstNoDftSOfdmKernel<float, __half, float, float, (unsigned int)2, (unsigned int)1, (unsigned char)4, (unsigned char)4>(pusch_noise_intf_est::puschRxNoiseIntfEstDynDescr)"
6097112981,3008,433100,35,1,1,128,1,1,16,0.000,0.000,,,,,NVIDIA A100-SXM4-40GB MIG 4g.20gb (0),1,,13,cupy_copy__complex64_complex64
6097125109,1856,433109,1,1,1,1,1,1,18,0.000,0.000,,,,,NVIDIA A100-SXM4-40GB MIG 4g.20gb (0),1,,13,cupy_copy__float32_float32
6097131285,3168,433115,,,,,,,,,,0.000,1.263,Device,Pageable,NVIDIA A100-SXM4-40GB MIG 4g.20gb (0),1,,7,[CUDA memcpy Device-to-Host]
6097197460,13056,433126,1434,1,1,128,1,1,16,0.000,0.000,,,,,NVIDIA A100-SXM4-40GB MIG 4g.20gb (0),1,,13,cupy_copy__complex64_complex64
6097225780,3328,433133,103,1,1,128,1,1,16,0.000,0.000,,,,,NVIDIA A100-SXM4-40GB MIG 4g.20gb (0),1,,13,cupy_copy__complex64_complex64
6097245587,2400,433140,35,1,1,128,1,1,16,0.000,0.000,,,,,NVIDIA A100-SXM4-40GB MIG 4g.20gb (0),1,,13,cupy_copy__complex64_complex64
6097261523,2112,433147,1,1,1,1,1,1,18,0.000,0.000,,,,,NVIDIA A100-SXM4-40GB MIG 4g.20gb (0),1,,13,cupy_copy__float32_float32
6097392594,87422,433158,1,1,1,32,32,1,30,0.000,0.000,,,,,NVIDIA A100-SXM4-40GB MIG 4g.20gb (0),1,,13,"void convert_kernel<__half2, float2>(tensor_layout_any, T1 *, tensor_layout_any, const T2 *)"
6097507120,5632,433161,,,,,,,,,,0.094,16636.287,Pinned,Device,NVIDIA A100-SXM4-40GB MIG 4g.20gb (0),1,,13,[CUDA memcpy Host-to-Device]
6097521680,3136,433162,,,,,,,,,,1.547,493182.821,Device,,NVIDIA A100-SXM4-40GB MIG 4g.20gb (0),1,,13,[CUDA memset]
6097527792,3072,433167,,,,,,,,,,0.031,10187.474,Pinned,Device,NVIDIA A100-SXM4-40GB MIG 4g.20gb (0),1,,13,[CUDA memcpy Host-to-Device]
6097533552,10016,433168,,,,,,,,,,0.197,19629.343,Pinned,Device,NVIDIA A100-SXM4-40GB MIG 4g.20gb (0),1,,13,[CUDA memcpy Host-to-Device]
6097547824,6496,433169,273,1,1,8,4,1,39,0.002,0.000,,,,,NVIDIA A100-SXM4-40GB MIG 4g.20gb (0),1,,13,"void channel_eq::eqMmseCoefCompLowMimoKernel<float, float, float, (unsigned int)4, (unsigned int)1, (unsigned int)4>(const channel_eq::_puschRxChEqStatDescr *, channel_eq::_puschRxChEqCoefCompDynDescr)"
6097555376,6303,433170,273,1,1,12,11,1,51,0.002,0.000,,,,,NVIDIA A100-SXM4-40GB MIG 4g.20gb (0),1,,13,"void channel_eq::eqMmseSoftDemapKernel<float, __half, __half, float, (unsigned int)4, (unsigned short)16383>(channel_eq::_puschRxChEqStatDescr *, channel_eq::_puschRxChEqSoftDemapDynDescr)"
6097562607,282109,433171,1,1,1,32,32,1,30,0.000,0.000,,,,,NVIDIA A100-SXM4-40GB MIG 4g.20gb (0),1,,13,"void convert_kernel<float2, __half2>(tensor_layout_any, T1 *, tensor_layout_any, const T2 *)"
6097845740,11072,433183,2253,1,1,128,1,1,16,0.000,0.000,,,,,NVIDIA A100-SXM4-40GB MIG 4g.20gb (0),1,,13,cupy_copy__float16_float16
6097859404,2848,433192,282,1,1,128,1,1,16,0.000,0.000,,,,,NVIDIA A100-SXM4-40GB MIG 4g.20gb (0),1,,13,cupy_copy__complex64_complex64
6097864908,2208,433201,26,1,1,128,1,1,16,0.000,0.000,,,,,NVIDIA A100-SXM4-40GB MIG 4g.20gb (0),1,,13,cupy_copy__float32_float32
6097868204,3200,433210,103,1,1,128,1,1,16,0.000,0.000,,,,,NVIDIA A100-SXM4-40GB MIG 4g.20gb (0),1,,13,cupy_copy__complex64_complex64
6097873356,12031,433220,1434,1,1,128,1,1,16,0.000,0.000,,,,,NVIDIA A100-SXM4-40GB MIG 4g.20gb (0),1,,13,cupy_copy__complex64_complex64
6097896779,82015,433225,1,1,1,32,32,1,30,0.000,0.000,,,,,NVIDIA A100-SXM4-40GB MIG 4g.20gb (0),1,,13,"void convert_kernel<__half2, float2>(tensor_layout_any, T1 *, tensor_layout_any, const T2 *)"
6098005642,6464,433228,,,,,,,,,,0.094,14494.959,Pinned,Device,NVIDIA A100-SXM4-40GB MIG 4g.20gb (0),1,,13,[CUDA memcpy Host-to-Device]
6098017450,601400,433229,,,,,,,,,,456.561,758805.113,Device,,NVIDIA A100-SXM4-40GB MIG 4g.20gb (0),1,,13,[CUDA memset]
6098628482,169470,433234,,,,,,,,,,1.235,7286.170,Pinned,Device,NVIDIA A100-SXM4-40GB MIG 4g.20gb (0),1,,13,[CUDA memcpy Host-to-Device]
6098809888,45023,433235,,,,,,,,,,0.197,4366.664,Pinned,Device,NVIDIA A100-SXM4-40GB MIG 4g.20gb (0),1,,13,[CUDA memcpy Host-to-Device]
6098875135,8192,433236,69,4,1,48,1,1,76,0.002,0.000,,,,,NVIDIA A100-SXM4-40GB MIG 4g.20gb (0),1,,13,"void ch_est::windowedChEstPreNoDftSOfdmKernel<float, __half, float, (unsigned int)2, (unsigned int)1, (unsigned short)4>(ch_est::puschRxChEstStatDescr_t *, ch_est::puschRxChEstDynDescr_t *)"
6098894335,6624,433237,137,2,1,24,2,1,44,0.001,0.001,,,,,NVIDIA A100-SXM4-40GB MIG 4g.20gb (0),1,,13,"void ch_est::chEstFilterNoDftSOfdmDispatchKernel<float, __half, float, (unsigned int)2>(ch_est::puschRxChEstStatDescr_t *, ch_est::puschRxChEstDynDescr_t *)"
6098910559,4704,433238,137,2,1,24,2,1,44,0.001,0.001,,,,,NVIDIA A100-SXM4-40GB MIG 4g.20gb (0),1,,13,"void ch_est::chEstFilterNoDftSOfdmDispatchKernel<float, __half, float, (unsigned int)2>(ch_est::puschRxChEstStatDescr_t *, ch_est::puschRxChEstDynDescr_t *)"
6098928319,2624,433249,103,1,1,128,1,1,16,0.000,0.000,,,,,NVIDIA A100-SXM4-40GB MIG 4g.20gb (0),1,,13,cupy_copy__complex64_complex64
6098944702,12736,433259,1434,1,1,128,1,1,16,0.000,0.000,,,,,NVIDIA A100-SXM4-40GB MIG 4g.20gb (0),1,,13,cupy_copy__complex64_complex64
6098966046,2880,433266,103,1,1,128,1,1,16,0.000,0.000,,,,,NVIDIA A100-SXM4-40GB MIG 4g.20gb (0),1,,13,cupy_copy__complex64_complex64
6098989726,91039,433273,1,1,1,32,32,1,30,0.000,0.000,,,,,NVIDIA A100-SXM4-40GB MIG 4g.20gb (0),1,,13,"void convert_kernel<__half2, float2>(tensor_layout_any, T1 *, tensor_layout_any, const T2 *)"
6099114044,25216,433276,,,,,,,,,,0.094,3715.702,Pinned,Device,NVIDIA A100-SXM4-40GB MIG 4g.20gb (0),1,,13,[CUDA memcpy Host-to-Device]
6099166620,47007,433277,,,,,,,,,,35.810,761784.428,Device,,NVIDIA A100-SXM4-40GB MIG 4g.20gb (0),1,,13,[CUDA memset]
6099222523,8512,433279,,,,,,,,,,0.000,9.398,Pinned,Device,NVIDIA A100-SXM4-40GB MIG 4g.20gb (0),1,,13,[CUDA memcpy Host-to-Device]
6099240891,38847,433280,,,,,,,,,,0.197,5061.083,Pinned,Device,NVIDIA A100-SXM4-40GB MIG 4g.20gb (0),1,,13,[CUDA memcpy Host-to-Device]
6099298426,9600,433281,273,1,1,48,1,1,40,0.000,0.001,,,,,NVIDIA A100-SXM4-40GB MIG 4g.20gb (0),1,,13,"void pusch_noise_intf_est::noiseIntfEstNoDftSOfdmKernel<float, __half, float, float, (unsigned int)2, (unsigned int)1, (unsigned char)4, (unsigned char)4>(pusch_noise_intf_est::puschRxNoiseIntfEstDynDescr)"
6099315162,2656,433292,35,1,1,128,1,1,16,0.000,0.000,,,,,NVIDIA A100-SXM4-40GB MIG 4g.20gb (0),1,,13,cupy_copy__complex64_complex64
6099331802,1696,433301,1,1,1,1,1,1,18,0.000,0.000,,,,,NVIDIA A100-SXM4-40GB MIG 4g.20gb (0),1,,13,cupy_copy__float32_float32
6099337626,5631,433307,,,,,,,,,,0.000,0.710,Device,Pageable,NVIDIA A100-SXM4-40GB MIG 4g.20gb (0),1,,7,[CUDA memcpy Device-to-Host]
6099437912,13088,433318,1434,1,1,128,1,1,16,0.000,0.000,,,,,NVIDIA A100-SXM4-40GB MIG 4g.20gb (0),1,,13,cupy_copy__complex64_complex64
6099460856,3392,433325,103,1,1,128,1,1,16,0.000,0.000,,,,,NVIDIA A100-SXM4-40GB MIG 4g.20gb (0),1,,13,cupy_copy__complex64_complex64
6099482136,2592,433332,35,1,1,128,1,1,16,0.000,0.000,,,,,NVIDIA A100-SXM4-40GB MIG 4g.20gb (0),1,,13,cupy_copy__complex64_complex64
6099502488,1791,433339,1,1,1,1,1,1,18,0.000,0.000,,,,,NVIDIA A100-SXM4-40GB MIG 4g.20gb (0),1,,13,cupy_copy__float32_float32
6099619158,88223,433350,1,1,1,32,32,1,30,0.000,0.000,,,,,NVIDIA A100-SXM4-40GB MIG 4g.20gb (0),1,,13,"void convert_kernel<__half2, float2>(tensor_layout_any, T1 *, tensor_layout_any, const T2 *)"
6099736501,5408,433353,,,,,,,,,,0.094,17325.421,Pinned,Device,NVIDIA A100-SXM4-40GB MIG 4g.20gb (0),1,,13,[CUDA memcpy Host-to-Device]
6099751252,3264,433354,,,,,,,,,,1.547,473842.288,Device,,NVIDIA A100-SXM4-40GB MIG 4g.20gb (0),1,,13,[CUDA memset]
6099757556,3360,433359,,,,,,,,,,0.031,9314.284,Pinned,Device,NVIDIA A100-SXM4-40GB MIG 4g.20gb (0),1,,13,[CUDA memcpy Host-to-Device]
6099763668,9792,433360,,,,,,,,,,0.197,20078.395,Pinned,Device,NVIDIA A100-SXM4-40GB MIG 4g.20gb (0),1,,13,[CUDA memcpy Host-to-Device]
6099781332,8192,433361,273,1,1,8,4,1,39,0.002,0.000,,,,,NVIDIA A100-SXM4-40GB MIG 4g.20gb (0),1,,13,"void channel_eq::eqMmseCoefCompLowMimoKernel<float, float, float, (unsigned int)4, (unsigned int)1, (unsigned int)4>(const channel_eq::_puschRxChEqStatDescr *, channel_eq::_puschRxChEqCoefCompDynDescr)"
6099792244,6272,433362,273,1,1,12,11,1,51,0.002,0.000,,,,,NVIDIA A100-SXM4-40GB MIG 4g.20gb (0),1,,13,"void channel_eq::eqMmseSoftDemapKernel<float, __half, __half, float, (unsigned int)4, (unsigned short)16383>(channel_eq::_puschRxChEqStatDescr *, channel_eq::_puschRxChEqSoftDemapDynDescr)"
6099799540,282204,433363,1,1,1,32,32,1,30,0.000,0.000,,,,,NVIDIA A100-SXM4-40GB MIG 4g.20gb (0),1,,13,"void convert_kernel<float2, __half2>(tensor_layout_any, T1 *, tensor_layout_any, const T2 *)"
6100085200,10880,433375,2253,1,1,128,1,1,16,0.000,0.000,,,,,NVIDIA A100-SXM4-40GB MIG 4g.20gb (0),1,,13,cupy_copy__float16_float16
6100098544,3776,433384,282,1,1,128,1,1,16,0.000,0.000,,,,,NVIDIA A100-SXM4-40GB MIG 4g.20gb (0),1,,13,cupy_copy__complex64_complex64
6100105264,2112,433393,26,1,1,128,1,1,16,0.000,0.000,,,,,NVIDIA A100-SXM4-40GB MIG 4g.20gb (0),1,,13,cupy_copy__float32_float32
6100108624,3136,433402,103,1,1,128,1,1,16,0.000,0.000,,,,,NVIDIA A100-SXM4-40GB MIG 4g.20gb (0),1,,13,cupy_copy__complex64_complex64
6100112784,12128,433412,1434,1,1,128,1,1,16,0.000,0.000,,,,,NVIDIA A100-SXM4-40GB MIG 4g.20gb (0),1,,13,cupy_copy__complex64_complex64
6100128624,86303,433417,1,1,1,32,32,1,30,0.000,0.000,,,,,NVIDIA A100-SXM4-40GB MIG 4g.20gb (0),1,,13,"void convert_kernel<__half2, float2>(tensor_layout_any, T1 *, tensor_layout_any, const T2 *)"
6100241742,5856,433420,,,,,,,,,,0.094,15999.997,Pinned,Device,NVIDIA A100-SXM4-40GB MIG 4g.20gb (0),1,,13,[CUDA memcpy Host-to-Device]
6100251694,597017,433421,,,,,,,,,,456.561,764283.851,Device,,NVIDIA A100-SXM4-40GB MIG 4g.20gb (0),1,,13,[CUDA memset]
6100856071,86207,433426,,,,,,,,,,1.235,14324.115,Pinned,Device,NVIDIA A100-SXM4-40GB MIG 4g.20gb (0),1,,13,[CUDA memcpy Host-to-Device]
6100946598,11648,433427,,,,,,,,,,0.197,16878.993,Pinned,Device,NVIDIA A100-SXM4-40GB MIG 4g.20gb (0),1,,13,[CUDA memcpy Host-to-Device]
6100963781,7648,433428,69,4,1,48,1,1,76,0.002,0.000,,,,,NVIDIA A100-SXM4-40GB MIG 4g.20gb (0),1,,13,"void ch_est::windowedChEstPreNoDftSOfdmKernel<float, __half, float, (unsigned int)2, (unsigned int)1, (unsigned short)4>(ch_est::puschRxChEstStatDescr_t *, ch_est::puschRxChEstDynDescr_t *)"
6100975557,6144,433429,137,2,1,24,2,1,44,0.001,0.001,,,,,NVIDIA A100-SXM4-40GB MIG 4g.20gb (0),1,,13,"void ch_est::chEstFilterNoDftSOfdmDispatchKernel<float, __half, float, (unsigned int)2>(ch_est::puschRxChEstStatDescr_t *, ch_est::puschRxChEstDynDescr_t *)"
6100983845,5152,433430,137,2,1,24,2,1,44,0.001,0.001,,,,,NVIDIA A100-SXM4-40GB MIG 4g.20gb (0),1,,13,"void ch_est::chEstFilterNoDftSOfdmDispatchKernel<float, __half, float, (unsigned int)2>(ch_est::puschRxChEstStatDescr_t *, ch_est::puschRxChEstDynDescr_t *)"
6100991237,2624,433441,103,1,1,128,1,1,16,0.000,0.000,,,,,NVIDIA A100-SXM4-40GB MIG 4g.20gb (0),1,,13,cupy_copy__complex64_complex64
6100998437,12416,433451,1434,1,1,128,1,1,16,0.000,0.000,,,,,NVIDIA A100-SXM4-40GB MIG 4g.20gb (0),1,,13,cupy_copy__complex64_complex64
6101013221,2880,433458,103,1,1,128,1,1,16,0.000,0.000,,,,,NVIDIA A100-SXM4-40GB MIG 4g.20gb (0),1,,13,cupy_copy__complex64_complex64
6101017765,85471,433465,1,1,1,32,32,1,30,0.000,0.000,,,,,NVIDIA A100-SXM4-40GB MIG 4g.20gb (0),1,,13,"void convert_kernel<__half2, float2>(tensor_layout_any, T1 *, tensor_layout_any, const T2 *)"
6101130595,5888,433468,,,,,,,,,,0.094,15912.954,Pinned,Device,NVIDIA A100-SXM4-40GB MIG 4g.20gb (0),1,,13,[CUDA memcpy Host-to-Device]
6101142083,46912,433469,,,,,,,,,,35.810,763324.255,Device,,NVIDIA A100-SXM4-40GB MIG 4g.20gb (0),1,,13,[CUDA memset]
6101196867,4480,433471,,,,,,,,,,0.000,17.857,Pinned,Device,NVIDIA A100-SXM4-40GB MIG 4g.20gb (0),1,,13,[CUDA memcpy Host-to-Device]
6101206722,13792,433472,,,,,,,,,,0.197,14255.063,Pinned,Device,NVIDIA A100-SXM4-40GB MIG 4g.20gb (0),1,,13,[CUDA memcpy Host-to-Device]
6101229090,11264,433473,273,1,1,48,1,1,40,0.000,0.001,,,,,NVIDIA A100-SXM4-40GB MIG 4g.20gb (0),1,,13,"void pusch_noise_intf_est::noiseIntfEstNoDftSOfdmKernel<float, __half, float, float, (unsigned int)2, (unsigned int)1, (unsigned char)4, (unsigned char)4>(pusch_noise_intf_est::puschRxNoiseIntfEstDynDescr)"
6101245826,3168,433484,35,1,1,128,1,1,16,0.000,0.000,,,,,NVIDIA A100-SXM4-40GB MIG 4g.20gb (0),1,,13,cupy_copy__complex64_complex64
6101255426,1728,433493,1,1,1,1,1,1,18,0.000,0.000,,,,,NVIDIA A100-SXM4-40GB MIG 4g.20gb (0),1,,13,cupy_copy__float32_float32
6101285570,1567,433499,,,,,,,,,,0.000,2.553,Device,Pageable,NVIDIA A100-SXM4-40GB MIG 4g.20gb (0),1,,7,[CUDA memcpy Device-to-Host]
6101344609,12800,433510,1434,1,1,128,1,1,16,0.000,0.000,,,,,NVIDIA A100-SXM4-40GB MIG 4g.20gb (0),1,,13,cupy_copy__complex64_complex64
6101372864,3456,433517,103,1,1,128,1,1,16,0.000,0.000,,,,,NVIDIA A100-SXM4-40GB MIG 4g.20gb (0),1,,13,cupy_copy__complex64_complex64
6101392480,2464,433524,35,1,1,128,1,1,16,0.000,0.000,,,,,NVIDIA A100-SXM4-40GB MIG 4g.20gb (0),1,,13,cupy_copy__complex64_complex64
6101410976,1792,433531,1,1,1,1,1,1,18,0.000,0.000,,,,,NVIDIA A100-SXM4-40GB MIG 4g.20gb (0),1,,13,cupy_copy__float32_float32
6101541982,87455,433542,1,1,1,32,32,1,30,0.000,0.000,,,,,NVIDIA A100-SXM4-40GB MIG 4g.20gb (0),1,,13,"void convert_kernel<__half2, float2>(tensor_layout_any, T1 *, tensor_layout_any, const T2 *)"
6101656221,5664,433545,,,,,,,,,,0.094,16542.310,Pinned,Device,NVIDIA A100-SXM4-40GB MIG 4g.20gb (0),1,,13,[CUDA memcpy Host-to-Device]
6101670621,3328,433546,,,,,,,,,,1.547,464729.580,Device,,NVIDIA A100-SXM4-40GB MIG 4g.20gb (0),1,,13,[CUDA memset]
6101677277,3392,433551,,,,,,,,,,0.031,9226.405,Pinned,Device,NVIDIA A100-SXM4-40GB MIG 4g.20gb (0),1,,13,[CUDA memcpy Host-to-Device]
6101682781,9855,433552,,,,,,,,,,0.197,19950.010,Pinned,Device,NVIDIA A100-SXM4-40GB MIG 4g.20gb (0),1,,13,[CUDA memcpy Host-to-Device]
6101697980,6368,433553,273,1,1,8,4,1,39,0.002,0.000,,,,,NVIDIA A100-SXM4-40GB MIG 4g.20gb (0),1,,13,"void channel_eq::eqMmseCoefCompLowMimoKernel<float, float, float, (unsigned int)4, (unsigned int)1, (unsigned int)4>(const channel_eq::_puschRxChEqStatDescr *, channel_eq::_puschRxChEqCoefCompDynDescr)"
6101705404,6048,433554,273,1,1,12,11,1,51,0.002,0.000,,,,,NVIDIA A100-SXM4-40GB MIG 4g.20gb (0),1,,13,"void channel_eq::eqMmseSoftDemapKernel<float, __half, __half, float, (unsigned int)4, (unsigned short)16383>(channel_eq::_puschRxChEqStatDescr *, channel_eq::_puschRxChEqSoftDemapDynDescr)"
6101712444,282077,433555,1,1,1,32,32,1,30,0.000,0.000,,,,,NVIDIA A100-SXM4-40GB MIG 4g.20gb (0),1,,13,"void convert_kernel<float2, __half2>(tensor_layout_any, T1 *, tensor_layout_any, const T2 *)"
6101997049,11136,433567,2253,1,1,128,1,1,16,0.000,0.000,,,,,NVIDIA A100-SXM4-40GB MIG 4g.20gb (0),1,,13,cupy_copy__float16_float16
6102010841,2848,433576,282,1,1,128,1,1,16,0.000,0.000,,,,,NVIDIA A100-SXM4-40GB MIG 4g.20gb (0),1,,13,cupy_copy__complex64_complex64
6102015449,1983,433585,26,1,1,128,1,1,16,0.000,0.000,,,,,NVIDIA A100-SXM4-40GB MIG 4g.20gb (0),1,,13,cupy_copy__float32_float32
6102020216,3104,433594,103,1,1,128,1,1,16,0.000,0.000,,,,,NVIDIA A100-SXM4-40GB MIG 4g.20gb (0),1,,13,cupy_copy__complex64_complex64
6102026200,11936,433604,1434,1,1,128,1,1,16,0.000,0.000,,,,,NVIDIA A100-SXM4-40GB MIG 4g.20gb (0),1,,13,cupy_copy__complex64_complex64
6102048984,82175,433609,1,1,1,32,32,1,30,0.000,0.000,,,,,NVIDIA A100-SXM4-40GB MIG 4g.20gb (0),1,,13,"void convert_kernel<__half2, float2>(tensor_layout_any, T1 *, tensor_layout_any, const T2 *)"
6102158583,5600,433612,,,,,,,,,,0.094,16731.388,Pinned,Device,NVIDIA A100-SXM4-40GB MIG 4g.20gb (0),1,,13,[CUDA memcpy Host-to-Device]
6102170391,596888,433613,,,,,,,,,,456.561,764740.412,Device,,NVIDIA A100-SXM4-40GB MIG 4g.20gb (0),1,,13,[CUDA memset]
6102768623,150814,433618,,,,,,,,,,1.235,8187.679,Pinned,Device,NVIDIA A100-SXM4-40GB MIG 4g.20gb (0),1,,13,[CUDA memcpy Host-to-Device]
6102933037,39904,433619,,,,,,,,,,0.197,4926.996,Pinned,Device,NVIDIA A100-SXM4-40GB MIG 4g.20gb (0),1,,13,[CUDA memcpy Host-to-Device]
6103003788,8256,433620,69,4,1,48,1,1,76,0.002,0.000,,,,,NVIDIA A100-SXM4-40GB MIG 4g.20gb (0),1,,13,"void ch_est::windowedChEstPreNoDftSOfdmKernel<float, __half, float, (unsigned int)2, (unsigned int)1, (unsigned short)4>(ch_est::puschRxChEstStatDescr_t *, ch_est::puschRxChEstDynDescr_t *)"
6103023468,6592,433621,137,2,1,24,2,1,44,0.001,0.001,,,,,NVIDIA A100-SXM4-40GB MIG 4g.20gb (0),1,,13,"void ch_est::chEstFilterNoDftSOfdmDispatchKernel<float, __half, float, (unsigned int)2>(ch_est::puschRxChEstStatDescr_t *, ch_est::puschRxChEstDynDescr_t *)"
6103040524,4736,433622,137,2,1,24,2,1,44,0.001,0.001,,,,,NVIDIA A100-SXM4-40GB MIG 4g.20gb (0),1,,13,"void ch_est::chEstFilterNoDftSOfdmDispatchKernel<float, __half, float, (unsigned int)2>(ch_est::puschRxChEstStatDescr_t *, ch_est::puschRxChEstDynDescr_t *)"
6103059820,2624,433633,103,1,1,128,1,1,16,0.000,0.000,,,,,NVIDIA A100-SXM4-40GB MIG 4g.20gb (0),1,,13,cupy_copy__complex64_complex64
6103075019,12352,433643,1434,1,1,128,1,1,16,0.000,0.000,,,,,NVIDIA A100-SXM4-40GB MIG 4g.20gb (0),1,,13,cupy_copy__complex64_complex64
6103093579,3040,433650,103,1,1,128,1,1,16,0.000,0.000,,,,,NVIDIA A100-SXM4-40GB MIG 4g.20gb (0),1,,13,cupy_copy__complex64_complex64
6103114155,87359,433657,1,1,1,32,32,1,30,0.000,0.000,,,,,NVIDIA A100-SXM4-40GB MIG 4g.20gb (0),1,,13,"void convert_kernel<__half2, float2>(tensor_layout_any, T1 *, tensor_layout_any, const T2 *)"
6103234537,7104,433660,,,,,,,,,,0.094,13189.117,Pinned,Device,NVIDIA A100-SXM4-40GB MIG 4g.20gb (0),1,,13,[CUDA memcpy Host-to-Device]
6103246153,48416,433661,,,,,,,,,,35.810,739618.088,Device,,NVIDIA A100-SXM4-40GB MIG 4g.20gb (0),1,,13,[CUDA memset]
6103301161,3040,433663,,,,,,,,,,0.000,26.316,Pinned,Device,NVIDIA A100-SXM4-40GB MIG 4g.20gb (0),1,,13,[CUDA memcpy Host-to-Device]
6103309065,11263,433664,,,,,,,,,,0.197,17456.038,Pinned,Device,NVIDIA A100-SXM4-40GB MIG 4g.20gb (0),1,,13,[CUDA memcpy Host-to-Device]
6103328808,11456,433665,273,1,1,48,1,1,40,0.000,0.001,,,,,NVIDIA A100-SXM4-40GB MIG 4g.20gb (0),1,,13,"void pusch_noise_intf_est::noiseIntfEstNoDftSOfdmKernel<float, __half, float, float, (unsigned int)2, (unsigned int)1, (unsigned char)4, (unsigned char)4>(pusch_noise_intf_est::puschRxNoiseIntfEstDynDescr)"
6103342152,3808,433676,35,1,1,128,1,1,16,0.000,0.000,,,,,NVIDIA A100-SXM4-40GB MIG 4g.20gb (0),1,,13,cupy_copy__complex64_complex64
6103354216,1984,433685,1,1,1,1,1,1,18,0.000,0.000,,,,,NVIDIA A100-SXM4-40GB MIG 4g.20gb (0),1,,13,cupy_copy__float32_float32
6103387304,1760,433691,,,,,,,,,,0.000,2.273,Device,Pageable,NVIDIA A100-SXM4-40GB MIG 4g.20gb (0),1,,7,[CUDA memcpy Device-to-Host]
6103447303,13184,433702,1434,1,1,128,1,1,16,0.000,0.000,,,,,NVIDIA A100-SXM4-40GB MIG 4g.20gb (0),1,,13,cupy_copy__complex64_complex64
6103474375,3295,433709,103,1,1,128,1,1,16,0.000,0.000,,,,,NVIDIA A100-SXM4-40GB MIG 4g.20gb (0),1,,13,cupy_copy__complex64_complex64
6103496454,3104,433716,35,1,1,128,1,1,16,0.000,0.000,,,,,NVIDIA A100-SXM4-40GB MIG 4g.20gb (0),1,,13,cupy_copy__complex64_complex64
6103515814,1760,433723,1,1,1,1,1,1,18,0.000,0.000,,,,,NVIDIA A100-SXM4-40GB MIG 4g.20gb (0),1,,13,cupy_copy__float32_float32
6103646756,86751,433734,1,1,1,32,32,1,30,0.000,0.000,,,,,NVIDIA A100-SXM4-40GB MIG 4g.20gb (0),1,,13,"void convert_kernel<__half2, float2>(tensor_layout_any, T1 *, tensor_layout_any, const T2 *)"
6103761155,5760,433737,,,,,,,,,,0.094,16266.656,Pinned,Device,NVIDIA A100-SXM4-40GB MIG 4g.20gb (0),1,,13,[CUDA memcpy Host-to-Device]
6103776643,3360,433738,,,,,,,,,,1.547,460304.688,Device,,NVIDIA A100-SXM4-40GB MIG 4g.20gb (0),1,,13,[CUDA memset]
6103782147,3424,433743,,,,,,,,,,0.031,9140.185,Pinned,Device,NVIDIA A100-SXM4-40GB MIG 4g.20gb (0),1,,13,[CUDA memcpy Host-to-Device]
6103788515,9408,433744,,,,,,,,,,0.197,20897.858,Pinned,Device,NVIDIA A100-SXM4-40GB MIG 4g.20gb (0),1,,13,[CUDA memcpy Host-to-Device]
6103804546,5824,433745,273,1,1,8,4,1,39,0.002,0.000,,,,,NVIDIA A100-SXM4-40GB MIG 4g.20gb (0),1,,13,"void channel_eq::eqMmseCoefCompLowMimoKernel<float, float, float, (unsigned int)4, (unsigned int)1, (unsigned int)4>(const channel_eq::_puschRxChEqStatDescr *, channel_eq::_puschRxChEqCoefCompDynDescr)"
6103814274,6240,433746,273,1,1,12,11,1,51,0.002,0.000,,,,,NVIDIA A100-SXM4-40GB MIG 4g.20gb (0),1,,13,"void channel_eq::eqMmseSoftDemapKernel<float, __half, __half, float, (unsigned int)4, (unsigned short)16383>(channel_eq::_puschRxChEqStatDescr *, channel_eq::_puschRxChEqSoftDemapDynDescr)"
6103821922,282333,433747,1,1,1,32,32,1,30,0.000,0.000,,,,,NVIDIA A100-SXM4-40GB MIG 4g.20gb (0),1,,13,"void convert_kernel<float2, __half2>(tensor_layout_any, T1 *, tensor_layout_any, const T2 *)"
6104107455,10976,433759,2253,1,1,128,1,1,16,0.000,0.000,,,,,NVIDIA A100-SXM4-40GB MIG 4g.20gb (0),1,,13,cupy_copy__float16_float16
6104122495,3039,433768,282,1,1,128,1,1,16,0.000,0.000,,,,,NVIDIA A100-SXM4-40GB MIG 4g.20gb (0),1,,13,cupy_copy__complex64_complex64
6104127902,2272,433777,26,1,1,128,1,1,16,0.000,0.000,,,,,NVIDIA A100-SXM4-40GB MIG 4g.20gb (0),1,,13,cupy_copy__float32_float32
6104131262,2880,433786,103,1,1,128,1,1,16,0.000,0.000,,,,,NVIDIA A100-SXM4-40GB MIG 4g.20gb (0),1,,13,cupy_copy__complex64_complex64
6104137310,12672,433796,1434,1,1,128,1,1,16,0.000,0.000,,,,,NVIDIA A100-SXM4-40GB MIG 4g.20gb (0),1,,13,cupy_copy__complex64_complex64
6104153246,86431,433801,1,1,1,32,32,1,30,0.000,0.000,,,,,NVIDIA A100-SXM4-40GB MIG 4g.20gb (0),1,,13,"void convert_kernel<__half2, float2>(tensor_layout_any, T1 *, tensor_layout_any, const T2 *)"
6104267133,5504,433804,,,,,,,,,,0.094,17023.251,Pinned,Device,NVIDIA A100-SXM4-40GB MIG 4g.20gb (0),1,,13,[CUDA memcpy Host-to-Device]
6104277181,597592,433805,,,,,,,,,,456.561,763827.289,Device,,NVIDIA A100-SXM4-40GB MIG 4g.20gb (0),1,,13,[CUDA memset]
6104882517,140158,433810,,,,,,,,,,1.235,8810.090,Pinned,Device,NVIDIA A100-SXM4-40GB MIG 4g.20gb (0),1,,13,[CUDA memcpy Host-to-Device]
6105033459,40192,433811,,,,,,,,,,0.197,4891.607,Pinned,Device,NVIDIA A100-SXM4-40GB MIG 4g.20gb (0),1,,13,[CUDA memcpy Host-to-Device]
6105103250,8064,433812,69,4,1,48,1,1,76,0.002,0.000,,,,,NVIDIA A100-SXM4-40GB MIG 4g.20gb (0),1,,13,"void ch_est::windowedChEstPreNoDftSOfdmKernel<float, __half, float, (unsigned int)2, (unsigned int)1, (unsigned short)4>(ch_est::puschRxChEstStatDescr_t *, ch_est::puschRxChEstDynDescr_t *)"
6105121170,6912,433813,137,2,1,24,2,1,44,0.001,0.001,,,,,NVIDIA A100-SXM4-40GB MIG 4g.20gb (0),1,,13,"void ch_est::chEstFilterNoDftSOfdmDispatchKernel<float, __half, float, (unsigned int)2>(ch_est::puschRxChEstStatDescr_t *, ch_est::puschRxChEstDynDescr_t *)"
6105138226,4736,433814,137,2,1,24,2,1,44,0.001,0.001,,,,,NVIDIA A100-SXM4-40GB MIG 4g.20gb (0),1,,13,"void ch_est::chEstFilterNoDftSOfdmDispatchKernel<float, __half, float, (unsigned int)2>(ch_est::puschRxChEstStatDescr_t *, ch_est::puschRxChEstDynDescr_t *)"
6105155250,2496,433825,103,1,1,128,1,1,16,0.000,0.000,,,,,NVIDIA A100-SXM4-40GB MIG 4g.20gb (0),1,,13,cupy_copy__complex64_complex64
6105174514,12447,433835,1434,1,1,128,1,1,16,0.000,0.000,,,,,NVIDIA A100-SXM4-40GB MIG 4g.20gb (0),1,,13,cupy_copy__complex64_complex64
6105193137,2944,433842,103,1,1,128,1,1,16,0.000,0.000,,,,,NVIDIA A100-SXM4-40GB MIG 4g.20gb (0),1,,13,cupy_copy__complex64_complex64
6105217649,91423,433849,1,1,1,32,32,1,30,0.000,0.000,,,,,NVIDIA A100-SXM4-40GB MIG 4g.20gb (0),1,,13,"void convert_kernel<__half2, float2>(tensor_layout_any, T1 *, tensor_layout_any, const T2 *)"
6105340975,25536,433852,,,,,,,,,,0.094,3669.135,Pinned,Device,NVIDIA A100-SXM4-40GB MIG 4g.20gb (0),1,,13,[CUDA memcpy Host-to-Device]
6105394351,47359,433853,,,,,,,,,,35.810,756126.461,Device,,NVIDIA A100-SXM4-40GB MIG 4g.20gb (0),1,,13,[CUDA memset]
6105447758,8832,433855,,,,,,,,,,0.000,9.058,Pinned,Device,NVIDIA A100-SXM4-40GB MIG 4g.20gb (0),1,,13,[CUDA memcpy Host-to-Device]
6105465806,20000,433856,,,,,,,,,,0.197,9830.400,Pinned,Device,NVIDIA A100-SXM4-40GB MIG 4g.20gb (0),1,,13,[CUDA memcpy Host-to-Device]
6105501357,9312,433857,273,1,1,48,1,1,40,0.000,0.001,,,,,NVIDIA A100-SXM4-40GB MIG 4g.20gb (0),1,,13,"void pusch_noise_intf_est::noiseIntfEstNoDftSOfdmKernel<float, __half, float, float, (unsigned int)2, (unsigned int)1, (unsigned char)4, (unsigned char)4>(pusch_noise_intf_est::puschRxNoiseIntfEstDynDescr)"
6105519597,2816,433868,35,1,1,128,1,1,16,0.000,0.000,,,,,NVIDIA A100-SXM4-40GB MIG 4g.20gb (0),1,,13,cupy_copy__complex64_complex64
6105529389,1728,433877,1,1,1,1,1,1,18,0.000,0.000,,,,,NVIDIA A100-SXM4-40GB MIG 4g.20gb (0),1,,13,cupy_copy__float32_float32
6105538893,2848,433883,,,,,,,,,,0.000,1.404,Device,Pageable,NVIDIA A100-SXM4-40GB MIG 4g.20gb (0),1,,7,[CUDA memcpy Device-to-Host]
6105613612,12864,433894,1434,1,1,128,1,1,16,0.000,0.000,,,,,NVIDIA A100-SXM4-40GB MIG 4g.20gb (0),1,,13,cupy_copy__complex64_complex64
6105642380,2880,433901,103,1,1,128,1,1,16,0.000,0.000,,,,,NVIDIA A100-SXM4-40GB MIG 4g.20gb (0),1,,13,cupy_copy__complex64_complex64
6105660044,2336,433908,35,1,1,128,1,1,16,0.000,0.000,,,,,NVIDIA A100-SXM4-40GB MIG 4g.20gb (0),1,,13,cupy_copy__complex64_complex64
6105681195,1760,433915,1,1,1,1,1,1,18,0.000,0.000,,,,,NVIDIA A100-SXM4-40GB MIG 4g.20gb (0),1,,13,cupy_copy__float32_float32
6105806410,81279,433926,1,1,1,32,32,1,30,0.000,0.000,,,,,NVIDIA A100-SXM4-40GB MIG 4g.20gb (0),1,,13,"void convert_kernel<__half2, float2>(tensor_layout_any, T1 *, tensor_layout_any, const T2 *)"
6105915560,5792,433929,,,,,,,,,,0.094,16176.708,Pinned,Device,NVIDIA A100-SXM4-40GB MIG 4g.20gb (0),1,,13,[CUDA memcpy Host-to-Device]
6105930952,3104,433930,,,,,,,,,,1.547,498266.574,Device,,NVIDIA A100-SXM4-40GB MIG 4g.20gb (0),1,,13,[CUDA memset]
6105936776,3328,433935,,,,,,,,,,0.031,9403.822,Pinned,Device,NVIDIA A100-SXM4-40GB MIG 4g.20gb (0),1,,13,[CUDA memcpy Host-to-Device]
6105943016,9920,433936,,,,,,,,,,0.197,19819.266,Pinned,Device,NVIDIA A100-SXM4-40GB MIG 4g.20gb (0),1,,13,[CUDA memcpy Host-to-Device]
6105958248,8352,433937,273,1,1,8,4,1,39,0.002,0.000,,,,,NVIDIA A100-SXM4-40GB MIG 4g.20gb (0),1,,13,"void channel_eq::eqMmseCoefCompLowMimoKernel<float, float, float, (unsigned int)4, (unsigned int)1, (unsigned int)4>(const channel_eq::_puschRxChEqStatDescr *, channel_eq::_puschRxChEqCoefCompDynDescr)"
6105968264,6688,433938,273,1,1,12,11,1,51,0.002,0.000,,,,,NVIDIA A100-SXM4-40GB MIG 4g.20gb (0),1,,13,"void channel_eq::eqMmseSoftDemapKernel<float, __half, __half, float, (unsigned int)4, (unsigned short)16383>(channel_eq::_puschRxChEqStatDescr *, channel_eq::_puschRxChEqSoftDemapDynDescr)"
6105978056,294076,433939,1,1,1,32,32,1,30,0.000,0.000,,,,,NVIDIA A100-SXM4-40GB MIG 4g.20gb (0),1,,13,"void convert_kernel<float2, __half2>(tensor_layout_any, T1 *, tensor_layout_any, const T2 *)"
6106275268,11264,433951,2253,1,1,128,1,1,16,0.000,0.000,,,,,NVIDIA A100-SXM4-40GB MIG 4g.20gb (0),1,,13,cupy_copy__float16_float16
6106291300,2720,433960,282,1,1,128,1,1,16,0.000,0.000,,,,,NVIDIA A100-SXM4-40GB MIG 4g.20gb (0),1,,13,cupy_copy__complex64_complex64
6106297476,2336,433969,26,1,1,128,1,1,16,0.000,0.000,,,,,NVIDIA A100-SXM4-40GB MIG 4g.20gb (0),1,,13,cupy_copy__float32_float32
6106301444,5024,433978,103,1,1,128,1,1,16,0.000,0.000,,,,,NVIDIA A100-SXM4-40GB MIG 4g.20gb (0),1,,13,cupy_copy__complex64_complex64
6106307652,12287,433988,1434,1,1,128,1,1,16,0.000,0.000,,,,,NVIDIA A100-SXM4-40GB MIG 4g.20gb (0),1,,13,cupy_copy__complex64_complex64
6106324547,82015,433993,1,1,1,32,32,1,30,0.000,0.000,,,,,NVIDIA A100-SXM4-40GB MIG 4g.20gb (0),1,,13,"void convert_kernel<__half2, float2>(tensor_layout_any, T1 *, tensor_layout_any, const T2 *)"
6106433378,5376,433996,,,,,,,,,,0.094,17428.487,Pinned,Device,NVIDIA A100-SXM4-40GB MIG 4g.20gb (0),1,,13,[CUDA memcpy Host-to-Device]
6106442530,598616,433997,,,,,,,,,,456.561,762457.605,Device,,NVIDIA A100-SXM4-40GB MIG 4g.20gb (0),1,,13,[CUDA memset]
6107041946,148543,434002,,,,,,,,,,1.235,8313.643,Pinned,Device,NVIDIA A100-SXM4-40GB MIG 4g.20gb (0),1,,13,[CUDA memcpy Host-to-Device]
6107199065,30975,434003,,,,,,,,,,0.197,6347.293,Pinned,Device,NVIDIA A100-SXM4-40GB MIG 4g.20gb (0),1,,13,[CUDA memcpy Host-to-Device]
6107258232,8032,434004,69,4,1,48,1,1,76,0.002,0.000,,,,,NVIDIA A100-SXM4-40GB MIG 4g.20gb (0),1,,13,"void ch_est::windowedChEstPreNoDftSOfdmKernel<float, __half, float, (unsigned int)2, (unsigned int)1, (unsigned short)4>(ch_est::puschRxChEstStatDescr_t *, ch_est::puschRxChEstDynDescr_t *)"
6107274520,7168,434005,137,2,1,24,2,1,44,0.001,0.001,,,,,NVIDIA A100-SXM4-40GB MIG 4g.20gb (0),1,,13,"void ch_est::chEstFilterNoDftSOfdmDispatchKernel<float, __half, float, (unsigned int)2>(ch_est::puschRxChEstStatDescr_t *, ch_est::puschRxChEstDynDescr_t *)"
6107288055,4800,434006,137,2,1,24,2,1,44,0.001,0.001,,,,,NVIDIA A100-SXM4-40GB MIG 4g.20gb (0),1,,13,"void ch_est::chEstFilterNoDftSOfdmDispatchKernel<float, __half, float, (unsigned int)2>(ch_est::puschRxChEstStatDescr_t *, ch_est::puschRxChEstDynDescr_t *)"
6107301527,2656,434017,103,1,1,128,1,1,16,0.000,0.000,,,,,NVIDIA A100-SXM4-40GB MIG 4g.20gb (0),1,,13,cupy_copy__complex64_complex64
6107315319,12480,434027,1434,1,1,128,1,1,16,0.000,0.000,,,,,NVIDIA A100-SXM4-40GB MIG 4g.20gb (0),1,,13,cupy_copy__complex64_complex64
6107330135,2880,434034,103,1,1,128,1,1,16,0.000,0.000,,,,,NVIDIA A100-SXM4-40GB MIG 4g.20gb (0),1,,13,cupy_copy__complex64_complex64
6107353207,94014,434041,1,1,1,32,32,1,30,0.000,0.000,,,,,NVIDIA A100-SXM4-40GB MIG 4g.20gb (0),1,,13,"void convert_kernel<__half2, float2>(tensor_layout_any, T1 *, tensor_layout_any, const T2 *)"
6107479253,24544,434044,,,,,,,,,,0.094,3817.456,Pinned,Device,NVIDIA A100-SXM4-40GB MIG 4g.20gb (0),1,,13,[CUDA memcpy Host-to-Device]
6107531092,46848,434045,,,,,,,,,,35.810,764362.742,Device,,NVIDIA A100-SXM4-40GB MIG 4g.20gb (0),1,,13,[CUDA memset]
6107584980,15840,434047,,,,,,,,,,0.000,5.050,Pinned,Device,NVIDIA A100-SXM4-40GB MIG 4g.20gb (0),1,,13,[CUDA memcpy Host-to-Device]
6107613651,29632,434048,,,,,,,,,,0.197,6634.930,Pinned,Device,NVIDIA A100-SXM4-40GB MIG 4g.20gb (0),1,,13,[CUDA memcpy Host-to-Device]
6107665267,9888,434049,273,1,1,48,1,1,40,0.000,0.001,,,,,NVIDIA A100-SXM4-40GB MIG 4g.20gb (0),1,,13,"void pusch_noise_intf_est::noiseIntfEstNoDftSOfdmKernel<float, __half, float, float, (unsigned int)2, (unsigned int)1, (unsigned char)4, (unsigned char)4>(pusch_noise_intf_est::puschRxNoiseIntfEstDynDescr)"
6107682323,2752,434060,35,1,1,128,1,1,16,0.000,0.000,,,,,NVIDIA A100-SXM4-40GB MIG 4g.20gb (0),1,,13,cupy_copy__complex64_complex64
6107698930,1760,434069,1,1,1,1,1,1,18,0.000,0.000,,,,,NVIDIA A100-SXM4-40GB MIG 4g.20gb (0),1,,13,cupy_copy__float32_float32
6107704626,6496,434075,,,,,,,,,,0.000,0.616,Device,Pageable,NVIDIA A100-SXM4-40GB MIG 4g.20gb (0),1,,7,[CUDA memcpy Device-to-Host]
6107807473,12928,434086,1434,1,1,128,1,1,16,0.000,0.000,,,,,NVIDIA A100-SXM4-40GB MIG 4g.20gb (0),1,,13,cupy_copy__complex64_complex64
6107829169,3360,434093,103,1,1,128,1,1,16,0.000,0.000,,,,,NVIDIA A100-SXM4-40GB MIG 4g.20gb (0),1,,13,cupy_copy__complex64_complex64
6107848497,2592,434100,35,1,1,128,1,1,16,0.000,0.000,,,,,NVIDIA A100-SXM4-40GB MIG 4g.20gb (0),1,,13,cupy_copy__complex64_complex64
6107867824,1792,434107,1,1,1,1,1,1,18,0.000,0.000,,,,,NVIDIA A100-SXM4-40GB MIG 4g.20gb (0),1,,13,cupy_copy__float32_float32
6107989615,86751,434118,1,1,1,32,32,1,30,0.000,0.000,,,,,NVIDIA A100-SXM4-40GB MIG 4g.20gb (0),1,,13,"void convert_kernel<__half2, float2>(tensor_layout_any, T1 *, tensor_layout_any, const T2 *)"
6108104813,13344,434121,,,,,,,,,,0.094,7021.578,Pinned,Device,NVIDIA A100-SXM4-40GB MIG 4g.20gb (0),1,,13,[CUDA memcpy Host-to-Device]
6108123565,3424,434122,,,,,,,,,,1.547,451700.819,Device,,NVIDIA A100-SXM4-40GB MIG 4g.20gb (0),1,,13,[CUDA memset]
6108129165,6656,434127,,,,,,,,,,0.031,4701.911,Pinned,Device,NVIDIA A100-SXM4-40GB MIG 4g.20gb (0),1,,13,[CUDA memcpy Host-to-Device]
6108142861,9856,434128,,,,,,,,,,0.197,19948.044,Pinned,Device,NVIDIA A100-SXM4-40GB MIG 4g.20gb (0),1,,13,[CUDA memcpy Host-to-Device]
6108161645,8192,434129,273,1,1,8,4,1,39,0.002,0.000,,,,,NVIDIA A100-SXM4-40GB MIG 4g.20gb (0),1,,13,"void channel_eq::eqMmseCoefCompLowMimoKernel<float, float, float, (unsigned int)4, (unsigned int)1, (unsigned int)4>(const channel_eq::_puschRxChEqStatDescr *, channel_eq::_puschRxChEqCoefCompDynDescr)"
6108176780,8032,434130,273,1,1,12,11,1,51,0.002,0.000,,,,,NVIDIA A100-SXM4-40GB MIG 4g.20gb (0),1,,13,"void channel_eq::eqMmseSoftDemapKernel<float, __half, __half, float, (unsigned int)4, (unsigned short)16383>(channel_eq::_puschRxChEqStatDescr *, channel_eq::_puschRxChEqSoftDemapDynDescr)"
6108192396,282045,434131,1,1,1,32,32,1,30,0.000,0.000,,,,,NVIDIA A100-SXM4-40GB MIG 4g.20gb (0),1,,13,"void convert_kernel<float2, __half2>(tensor_layout_any, T1 *, tensor_layout_any, const T2 *)"
6108477161,10944,434143,2253,1,1,128,1,1,16,0.000,0.000,,,,,NVIDIA A100-SXM4-40GB MIG 4g.20gb (0),1,,13,cupy_copy__float16_float16
6108489705,3040,434152,282,1,1,128,1,1,16,0.000,0.000,,,,,NVIDIA A100-SXM4-40GB MIG 4g.20gb (0),1,,13,cupy_copy__complex64_complex64
6108494921,2016,434161,26,1,1,128,1,1,16,0.000,0.000,,,,,NVIDIA A100-SXM4-40GB MIG 4g.20gb (0),1,,13,cupy_copy__float32_float32
6108498921,5119,434170,103,1,1,128,1,1,16,0.000,0.000,,,,,NVIDIA A100-SXM4-40GB MIG 4g.20gb (0),1,,13,cupy_copy__complex64_complex64
6108505096,12032,434180,1434,1,1,128,1,1,16,0.000,0.000,,,,,NVIDIA A100-SXM4-40GB MIG 4g.20gb (0),1,,13,cupy_copy__complex64_complex64
6108521576,81375,434185,1,1,1,32,32,1,30,0.000,0.000,,,,,NVIDIA A100-SXM4-40GB MIG 4g.20gb (0),1,,13,"void convert_kernel<__half2, float2>(tensor_layout_any, T1 *, tensor_layout_any, const T2 *)"
6108629959,6144,434188,,,,,,,,,,0.094,15249.961,Pinned,Device,NVIDIA A100-SXM4-40GB MIG 4g.20gb (0),1,,13,[CUDA memcpy Host-to-Device]
6108640807,597624,434189,,,,,,,,,,456.561,763827.289,Device,,NVIDIA A100-SXM4-40GB MIG 4g.20gb (0),1,,13,[CUDA memset]
6109245631,104127,434194,,,,,,,,,,1.235,11859.167,Pinned,Device,NVIDIA A100-SXM4-40GB MIG 4g.20gb (0),1,,13,[CUDA memcpy Host-to-Device]
6109356702,18784,434195,,,,,,,,,,0.197,10466.623,Pinned,Device,NVIDIA A100-SXM4-40GB MIG 4g.20gb (0),1,,13,[CUDA memcpy Host-to-Device]
6109389406,9087,434196,69,4,1,48,1,1,76,0.002,0.000,,,,,NVIDIA A100-SXM4-40GB MIG 4g.20gb (0),1,,13,"void ch_est::windowedChEstPreNoDftSOfdmKernel<float, __half, float, (unsigned int)2, (unsigned int)1, (unsigned short)4>(ch_est::puschRxChEstStatDescr_t *, ch_est::puschRxChEstDynDescr_t *)"
6109404765,7552,434197,137,2,1,24,2,1,44,0.001,0.001,,,,,NVIDIA A100-SXM4-40GB MIG 4g.20gb (0),1,,13,"void ch_est::chEstFilterNoDftSOfdmDispatchKernel<float, __half, float, (unsigned int)2>(ch_est::puschRxChEstStatDescr_t *, ch_est::puschRxChEstDynDescr_t *)"
6109420285,6336,434198,137,2,1,24,2,1,44,0.001,0.001,,,,,NVIDIA A100-SXM4-40GB MIG 4g.20gb (0),1,,13,"void ch_est::chEstFilterNoDftSOfdmDispatchKernel<float, __half, float, (unsigned int)2>(ch_est::puschRxChEstStatDescr_t *, ch_est::puschRxChEstDynDescr_t *)"
6109428317,2944,434209,103,1,1,128,1,1,16,0.000,0.000,,,,,NVIDIA A100-SXM4-40GB MIG 4g.20gb (0),1,,13,cupy_copy__complex64_complex64
6109436285,12992,434219,1434,1,1,128,1,1,16,0.000,0.000,,,,,NVIDIA A100-SXM4-40GB MIG 4g.20gb (0),1,,13,cupy_copy__complex64_complex64
6109451837,3040,434226,103,1,1,128,1,1,16,0.000,0.000,,,,,NVIDIA A100-SXM4-40GB MIG 4g.20gb (0),1,,13,cupy_copy__complex64_complex64
6109461245,92510,434233,1,1,1,32,32,1,30,0.000,0.000,,,,,NVIDIA A100-SXM4-40GB MIG 4g.20gb (0),1,,13,"void convert_kernel<__half2, float2>(tensor_layout_any, T1 *, tensor_layout_any, const T2 *)"
6109584795,9120,434236,,,,,,,,,,0.094,10273.673,Pinned,Device,NVIDIA A100-SXM4-40GB MIG 4g.20gb (0),1,,13,[CUDA memcpy Host-to-Device]
6109603611,46911,434237,,,,,,,,,,35.810,763324.255,Device,,NVIDIA A100-SXM4-40GB MIG 4g.20gb (0),1,,13,[CUDA memset]
6109656186,5088,434239,,,,,,,,,,0.000,15.723,Pinned,Device,NVIDIA A100-SXM4-40GB MIG 4g.20gb (0),1,,13,[CUDA memcpy Host-to-Device]
6109666170,13152,434240,,,,,,,,,,0.197,14948.893,Pinned,Device,NVIDIA A100-SXM4-40GB MIG 4g.20gb (0),1,,13,[CUDA memcpy Host-to-Device]
6109690938,9600,434241,273,1,1,48,1,1,40,0.000,0.001,,,,,NVIDIA A100-SXM4-40GB MIG 4g.20gb (0),1,,13,"void pusch_noise_intf_est::noiseIntfEstNoDftSOfdmKernel<float, __half, float, float, (unsigned int)2, (unsigned int)1, (unsigned char)4, (unsigned char)4>(pusch_noise_intf_est::puschRxNoiseIntfEstDynDescr)"
6109704026,2912,434252,35,1,1,128,1,1,16,0.000,0.000,,,,,NVIDIA A100-SXM4-40GB MIG 4g.20gb (0),1,,13,cupy_copy__complex64_complex64
6109709338,1984,434261,1,1,1,1,1,1,18,0.000,0.000,,,,,NVIDIA A100-SXM4-40GB MIG 4g.20gb (0),1,,13,cupy_copy__float32_float32
6109735481,1696,434267,,,,,,,,,,0.000,2.358,Device,Pageable,NVIDIA A100-SXM4-40GB MIG 4g.20gb (0),1,,7,[CUDA memcpy Device-to-Host]
6109796217,12895,434278,1434,1,1,128,1,1,16,0.000,0.000,,,,,NVIDIA A100-SXM4-40GB MIG 4g.20gb (0),1,,13,cupy_copy__complex64_complex64
6109823256,2592,434285,103,1,1,128,1,1,16,0.000,0.000,,,,,NVIDIA A100-SXM4-40GB MIG 4g.20gb (0),1,,13,cupy_copy__complex64_complex64
6109845176,2592,434292,35,1,1,128,1,1,16,0.000,0.000,,,,,NVIDIA A100-SXM4-40GB MIG 4g.20gb (0),1,,13,cupy_copy__complex64_complex64
6109862360,1952,434299,1,1,1,1,1,1,18,0.000,0.000,,,,,NVIDIA A100-SXM4-40GB MIG 4g.20gb (0),1,,13,cupy_copy__float32_float32
6109997206,82559,434310,1,1,1,32,32,1,30,0.000,0.000,,,,,NVIDIA A100-SXM4-40GB MIG 4g.20gb (0),1,,13,"void convert_kernel<__half2, float2>(tensor_layout_any, T1 *, tensor_layout_any, const T2 *)"
6110108085,5792,434313,,,,,,,,,,0.094,16176.708,Pinned,Device,NVIDIA A100-SXM4-40GB MIG 4g.20gb (0),1,,13,[CUDA memcpy Host-to-Device]
6110121556,3296,434314,,,,,,,,,,1.547,469242.628,Device,,NVIDIA A100-SXM4-40GB MIG 4g.20gb (0),1,,13,[CUDA memset]
6110128308,3008,434319,,,,,,,,,,0.031,10404.230,Pinned,Device,NVIDIA A100-SXM4-40GB MIG 4g.20gb (0),1,,13,[CUDA memcpy Host-to-Device]
6110133844,9376,434320,,,,,,,,,,0.197,20969.226,Pinned,Device,NVIDIA A100-SXM4-40GB MIG 4g.20gb (0),1,,13,[CUDA memcpy Host-to-Device]
6110149780,6048,434321,273,1,1,8,4,1,39,0.002,0.000,,,,,NVIDIA A100-SXM4-40GB MIG 4g.20gb (0),1,,13,"void channel_eq::eqMmseCoefCompLowMimoKernel<float, float, float, (unsigned int)4, (unsigned int)1, (unsigned int)4>(const channel_eq::_puschRxChEqStatDescr *, channel_eq::_puschRxChEqCoefCompDynDescr)"
6110159380,5984,434322,273,1,1,12,11,1,51,0.002,0.000,,,,,NVIDIA A100-SXM4-40GB MIG 4g.20gb (0),1,,13,"void channel_eq::eqMmseSoftDemapKernel<float, __half, __half, float, (unsigned int)4, (unsigned short)16383>(channel_eq::_puschRxChEqStatDescr *, channel_eq::_puschRxChEqSoftDemapDynDescr)"
6110166388,282044,434323,1,1,1,32,32,1,30,0.000,0.000,,,,,NVIDIA A100-SXM4-40GB MIG 4g.20gb (0),1,,13,"void convert_kernel<float2, __half2>(tensor_layout_any, T1 *, tensor_layout_any, const T2 *)"
6110449424,10976,434335,2253,1,1,128,1,1,16,0.000,0.000,,,,,NVIDIA A100-SXM4-40GB MIG 4g.20gb (0),1,,13,cupy_copy__float16_float16
6110463728,3520,434344,282,1,1,128,1,1,16,0.000,0.000,,,,,NVIDIA A100-SXM4-40GB MIG 4g.20gb (0),1,,13,cupy_copy__complex64_complex64
6110471312,2176,434353,26,1,1,128,1,1,16,0.000,0.000,,,,,NVIDIA A100-SXM4-40GB MIG 4g.20gb (0),1,,13,cupy_copy__float32_float32
6110475184,3104,434362,103,1,1,128,1,1,16,0.000,0.000,,,,,NVIDIA A100-SXM4-40GB MIG 4g.20gb (0),1,,13,cupy_copy__complex64_complex64
6110479312,12256,434372,1434,1,1,128,1,1,16,0.000,0.000,,,,,NVIDIA A100-SXM4-40GB MIG 4g.20gb (0),1,,13,cupy_copy__complex64_complex64
6110500688,81567,434377,1,1,1,32,32,1,30,0.000,0.000,,,,,NVIDIA A100-SXM4-40GB MIG 4g.20gb (0),1,,13,"void convert_kernel<__half2, float2>(tensor_layout_any, T1 *, tensor_layout_any, const T2 *)"
6110610926,5920,434380,,,,,,,,,,0.094,15826.941,Pinned,Device,NVIDIA A100-SXM4-40GB MIG 4g.20gb (0),1,,13,[CUDA memcpy Host-to-Device]
6110622350,600505,434381,,,,,,,,,,456.561,760174.798,Device,,NVIDIA A100-SXM4-40GB MIG 4g.20gb (0),1,,13,[CUDA memset]
6111224039,156190,434386,,,,,,,,,,1.235,7906.111,Pinned,Device,NVIDIA A100-SXM4-40GB MIG 4g.20gb (0),1,,13,[CUDA memcpy Host-to-Device]
6111392677,41631,434387,,,,,,,,,,0.197,4722.524,Pinned,Device,NVIDIA A100-SXM4-40GB MIG 4g.20gb (0),1,,13,[CUDA memcpy Host-to-Device]
6111461828,8128,434388,69,4,1,48,1,1,76,0.002,0.000,,,,,NVIDIA A100-SXM4-40GB MIG 4g.20gb (0),1,,13,"void ch_est::windowedChEstPreNoDftSOfdmKernel<float, __half, float, (unsigned int)2, (unsigned int)1, (unsigned short)4>(ch_est::puschRxChEstStatDescr_t *, ch_est::puschRxChEstDynDescr_t *)"
6111480740,6752,434389,137,2,1,24,2,1,44,0.001,0.001,,,,,NVIDIA A100-SXM4-40GB MIG 4g.20gb (0),1,,13,"void ch_est::chEstFilterNoDftSOfdmDispatchKernel<float, __half, float, (unsigned int)2>(ch_est::puschRxChEstStatDescr_t *, ch_est::puschRxChEstDynDescr_t *)"
6111494980,4767,434390,137,2,1,24,2,1,44,0.001,0.001,,,,,NVIDIA A100-SXM4-40GB MIG 4g.20gb (0),1,,13,"void ch_est::chEstFilterNoDftSOfdmDispatchKernel<float, __half, float, (unsigned int)2>(ch_est::puschRxChEstStatDescr_t *, ch_est::puschRxChEstDynDescr_t *)"
6111512547,2624,434401,103,1,1,128,1,1,16,0.000,0.000,,,,,NVIDIA A100-SXM4-40GB MIG 4g.20gb (0),1,,13,cupy_copy__complex64_complex64
6111524163,12800,434411,1434,1,1,128,1,1,16,0.000,0.000,,,,,NVIDIA A100-SXM4-40GB MIG 4g.20gb (0),1,,13,cupy_copy__complex64_complex64
6111552355,2656,434418,103,1,1,128,1,1,16,0.000,0.000,,,,,NVIDIA A100-SXM4-40GB MIG 4g.20gb (0),1,,13,cupy_copy__complex64_complex64
6111564067,82623,434425,1,1,1,32,32,1,30,0.000,0.000,,,,,NVIDIA A100-SXM4-40GB MIG 4g.20gb (0),1,,13,"void convert_kernel<__half2, float2>(tensor_layout_any, T1 *, tensor_layout_any, const T2 *)"
6111679041,13312,434428,,,,,,,,,,0.094,7038.444,Pinned,Device,NVIDIA A100-SXM4-40GB MIG 4g.20gb (0),1,,13,[CUDA memcpy Host-to-Device]
6111703745,47583,434429,,,,,,,,,,35.810,752545.469,Device,,NVIDIA A100-SXM4-40GB MIG 4g.20gb (0),1,,13,[CUDA memset]
6111759296,5504,434431,,,,,,,,,,0.000,14.535,Pinned,Device,NVIDIA A100-SXM4-40GB MIG 4g.20gb (0),1,,13,[CUDA memcpy Host-to-Device]
6111771872,16640,434432,,,,,,,,,,0.197,11815.354,Pinned,Device,NVIDIA A100-SXM4-40GB MIG 4g.20gb (0),1,,13,[CUDA memcpy Host-to-Device]
6111800032,10208,434433,273,1,1,48,1,1,40,0.000,0.001,,,,,NVIDIA A100-SXM4-40GB MIG 4g.20gb (0),1,,13,"void pusch_noise_intf_est::noiseIntfEstNoDftSOfdmKernel<float, __half, float, float, (unsigned int)2, (unsigned int)1, (unsigned char)4, (unsigned char)4>(pusch_noise_intf_est::puschRxNoiseIntfEstDynDescr)"
6111819648,2944,434444,35,1,1,128,1,1,16,0.000,0.000,,,,,NVIDIA A100-SXM4-40GB MIG 4g.20gb (0),1,,13,cupy_copy__complex64_complex64
6111828479,1760,434453,1,1,1,1,1,1,18,0.000,0.000,,,,,NVIDIA A100-SXM4-40GB MIG 4g.20gb (0),1,,13,cupy_copy__float32_float32
6111837599,6496,434459,,,,,,,,,,0.000,0.616,Device,Pageable,NVIDIA A100-SXM4-40GB MIG 4g.20gb (0),1,,7,[CUDA memcpy Device-to-Host]
6111913150,12960,434470,1434,1,1,128,1,1,16,0.000,0.000,,,,,NVIDIA A100-SXM4-40GB MIG 4g.20gb (0),1,,13,cupy_copy__complex64_complex64
6111945118,3520,434477,103,1,1,128,1,1,16,0.000,0.000,,,,,NVIDIA A100-SXM4-40GB MIG 4g.20gb (0),1,,13,cupy_copy__complex64_complex64
6111963742,2592,434484,35,1,1,128,1,1,16,0.000,0.000,,,,,NVIDIA A100-SXM4-40GB MIG 4g.20gb (0),1,,13,cupy_copy__complex64_complex64
6111978238,2048,434491,1,1,1,1,1,1,18,0.000,0.000,,,,,NVIDIA A100-SXM4-40GB MIG 4g.20gb (0),1,,13,cupy_copy__float32_float32
6112108188,81087,434502,1,1,1,32,32,1,30,0.000,0.000,,,,,NVIDIA A100-SXM4-40GB MIG 4g.20gb (0),1,,13,"void convert_kernel<__half2, float2>(tensor_layout_any, T1 *, tensor_layout_any, const T2 *)"
6112216731,5600,434505,,,,,,,,,,0.094,16731.388,Pinned,Device,NVIDIA A100-SXM4-40GB MIG 4g.20gb (0),1,,13,[CUDA memcpy Host-to-Device]
6112230746,3232,434506,,,,,,,,,,1.547,478533.199,Device,,NVIDIA A100-SXM4-40GB MIG 4g.20gb (0),1,,13,[CUDA memset]
6112239706,3168,434511,,,,,,,,,,0.031,9878.770,Pinned,Device,NVIDIA A100-SXM4-40GB MIG 4g.20gb (0),1,,13,[CUDA memcpy Host-to-Device]
6112245274,10272,434512,,,,,,,,,,0.197,19140.182,Pinned,Device,NVIDIA A100-SXM4-40GB MIG 4g.20gb (0),1,,13,[CUDA memcpy Host-to-Device]
6112261338,8224,434513,273,1,1,8,4,1,39,0.002,0.000,,,,,NVIDIA A100-SXM4-40GB MIG 4g.20gb (0),1,,13,"void channel_eq::eqMmseCoefCompLowMimoKernel<float, float, float, (unsigned int)4, (unsigned int)1, (unsigned int)4>(const channel_eq::_puschRxChEqStatDescr *, channel_eq::_puschRxChEqCoefCompDynDescr)"
6112270874,5856,434514,273,1,1,12,11,1,51,0.002,0.000,,,,,NVIDIA A100-SXM4-40GB MIG 4g.20gb (0),1,,13,"void channel_eq::eqMmseSoftDemapKernel<float, __half, __half, float, (unsigned int)4, (unsigned short)16383>(channel_eq::_puschRxChEqStatDescr *, channel_eq::_puschRxChEqSoftDemapDynDescr)"
6112277754,282172,434515,1,1,1,32,32,1,30,0.000,0.000,,,,,NVIDIA A100-SXM4-40GB MIG 4g.20gb (0),1,,13,"void convert_kernel<float2, __half2>(tensor_layout_any, T1 *, tensor_layout_any, const T2 *)"
6112560950,10912,434527,2253,1,1,128,1,1,16,0.000,0.000,,,,,NVIDIA A100-SXM4-40GB MIG 4g.20gb (0),1,,13,cupy_copy__float16_float16
6112576822,2976,434536,282,1,1,128,1,1,16,0.000,0.000,,,,,NVIDIA A100-SXM4-40GB MIG 4g.20gb (0),1,,13,cupy_copy__complex64_complex64
6112582198,2112,434545,26,1,1,128,1,1,16,0.000,0.000,,,,,NVIDIA A100-SXM4-40GB MIG 4g.20gb (0),1,,13,cupy_copy__float32_float32
6112587446,3200,434554,103,1,1,128,1,1,16,0.000,0.000,,,,,NVIDIA A100-SXM4-40GB MIG 4g.20gb (0),1,,13,cupy_copy__complex64_complex64
6112591766,12064,434564,1434,1,1,128,1,1,16,0.000,0.000,,,,,NVIDIA A100-SXM4-40GB MIG 4g.20gb (0),1,,13,cupy_copy__complex64_complex64
6112609494,87039,434569,1,1,1,32,32,1,30,0.000,0.000,,,,,NVIDIA A100-SXM4-40GB MIG 4g.20gb (0),1,,13,"void convert_kernel<__half2, float2>(tensor_layout_any, T1 *, tensor_layout_any, const T2 *)"
6112724724,5664,434572,,,,,,,,,,0.094,16542.310,Pinned,Device,NVIDIA A100-SXM4-40GB MIG 4g.20gb (0),1,,13,[CUDA memcpy Host-to-Device]
6112735860,600249,434573,,,,,,,,,,456.561,760174.798,Device,,NVIDIA A100-SXM4-40GB MIG 4g.20gb (0),1,,13,[CUDA memset]
6113339565,131134,434578,,,,,,,,,,1.235,9416.448,Pinned,Device,NVIDIA A100-SXM4-40GB MIG 4g.20gb (0),1,,13,[CUDA memcpy Host-to-Device]
6113480011,33504,434579,,,,,,,,,,0.197,5868.159,Pinned,Device,NVIDIA A100-SXM4-40GB MIG 4g.20gb (0),1,,13,[CUDA memcpy Host-to-Device]
6113532266,8096,434580,69,4,1,48,1,1,76,0.002,0.000,,,,,NVIDIA A100-SXM4-40GB MIG 4g.20gb (0),1,,13,"void ch_est::windowedChEstPreNoDftSOfdmKernel<float, __half, float, (unsigned int)2, (unsigned int)1, (unsigned short)4>(ch_est::puschRxChEstStatDescr_t *, ch_est::puschRxChEstDynDescr_t *)"
6113548234,6880,434581,137,2,1,24,2,1,44,0.001,0.001,,,,,NVIDIA A100-SXM4-40GB MIG 4g.20gb (0),1,,13,"void ch_est::chEstFilterNoDftSOfdmDispatchKernel<float, __half, float, (unsigned int)2>(ch_est::puschRxChEstStatDescr_t *, ch_est::puschRxChEstDynDescr_t *)"
6113562922,4704,434582,137,2,1,24,2,1,44,0.001,0.001,,,,,NVIDIA A100-SXM4-40GB MIG 4g.20gb (0),1,,13,"void ch_est::chEstFilterNoDftSOfdmDispatchKernel<float, __half, float, (unsigned int)2>(ch_est::puschRxChEstStatDescr_t *, ch_est::puschRxChEstDynDescr_t *)"
6113577578,2496,434593,103,1,1,128,1,1,16,0.000,0.000,,,,,NVIDIA A100-SXM4-40GB MIG 4g.20gb (0),1,,13,cupy_copy__complex64_complex64
6113595114,12543,434603,1434,1,1,128,1,1,16,0.000,0.000,,,,,NVIDIA A100-SXM4-40GB MIG 4g.20gb (0),1,,13,cupy_copy__complex64_complex64
6113633417,2656,434610,103,1,1,128,1,1,16,0.000,0.000,,,,,NVIDIA A100-SXM4-40GB MIG 4g.20gb (0),1,,13,cupy_copy__complex64_complex64
6113651369,94207,434617,1,1,1,32,32,1,30,0.000,0.000,,,,,NVIDIA A100-SXM4-40GB MIG 4g.20gb (0),1,,13,"void convert_kernel<__half2, float2>(tensor_layout_any, T1 *, tensor_layout_any, const T2 *)"
6113777095,18112,434620,,,,,,,,,,0.094,5173.144,Pinned,Device,NVIDIA A100-SXM4-40GB MIG 4g.20gb (0),1,,13,[CUDA memcpy Host-to-Device]
6113814695,47519,434621,,,,,,,,,,35.810,753583.956,Device,,NVIDIA A100-SXM4-40GB MIG 4g.20gb (0),1,,13,[CUDA memset]
6113864966,2656,434623,,,,,,,,,,0.000,30.120,Pinned,Device,NVIDIA A100-SXM4-40GB MIG 4g.20gb (0),1,,13,[CUDA memcpy Host-to-Device]
6113875078,19104,434624,,,,,,,,,,0.197,10291.446,Pinned,Device,NVIDIA A100-SXM4-40GB MIG 4g.20gb (0),1,,13,[CUDA memcpy Host-to-Device]
6113905958,12672,434625,273,1,1,48,1,1,40,0.000,0.001,,,,,NVIDIA A100-SXM4-40GB MIG 4g.20gb (0),1,,13,"void pusch_noise_intf_est::noiseIntfEstNoDftSOfdmKernel<float, __half, float, float, (unsigned int)2, (unsigned int)1, (unsigned char)4, (unsigned char)4>(pusch_noise_intf_est::puschRxNoiseIntfEstDynDescr)"
6113920934,3168,434636,35,1,1,128,1,1,16,0.000,0.000,,,,,NVIDIA A100-SXM4-40GB MIG 4g.20gb (0),1,,13,cupy_copy__complex64_complex64
6113928742,1759,434645,1,1,1,1,1,1,18,0.000,0.000,,,,,NVIDIA A100-SXM4-40GB MIG 4g.20gb (0),1,,13,cupy_copy__float32_float32
6113937317,4128,434651,,,,,,,,,,0.000,0.969,Device,Pageable,NVIDIA A100-SXM4-40GB MIG 4g.20gb (0),1,,7,[CUDA memcpy Device-to-Host]
6114010021,12735,434662,1434,1,1,128,1,1,16,0.000,0.000,,,,,NVIDIA A100-SXM4-40GB MIG 4g.20gb (0),1,,13,cupy_copy__complex64_complex64
6114035748,2944,434669,103,1,1,128,1,1,16,0.000,0.000,,,,,NVIDIA A100-SXM4-40GB MIG 4g.20gb (0),1,,13,cupy_copy__complex64_complex64
6114058404,2624,434676,35,1,1,128,1,1,16,0.000,0.000,,,,,NVIDIA A100-SXM4-40GB MIG 4g.20gb (0),1,,13,cupy_copy__complex64_complex64
6114082020,1920,434683,1,1,1,1,1,1,18,0.000,0.000,,,,,NVIDIA A100-SXM4-40GB MIG 4g.20gb (0),1,,13,cupy_copy__float32_float32
6114214146,88383,434694,1,1,1,32,32,1,30,0.000,0.000,,,,,NVIDIA A100-SXM4-40GB MIG 4g.20gb (0),1,,13,"void convert_kernel<__half2, float2>(tensor_layout_any, T1 *, tensor_layout_any, const T2 *)"
6114330465,5503,434697,,,,,,,,,,0.094,17026.343,Pinned,Device,NVIDIA A100-SXM4-40GB MIG 4g.20gb (0),1,,13,[CUDA memcpy Host-to-Device]
6114345248,3296,434698,,,,,,,,,,1.547,469242.628,Device,,NVIDIA A100-SXM4-40GB MIG 4g.20gb (0),1,,13,[CUDA memset]
6114352160,3008,434703,,,,,,,,,,0.031,10404.230,Pinned,Device,NVIDIA A100-SXM4-40GB MIG 4g.20gb (0),1,,13,[CUDA memcpy Host-to-Device]
6114357600,9696,434704,,,,,,,,,,0.197,20277.166,Pinned,Device,NVIDIA A100-SXM4-40GB MIG 4g.20gb (0),1,,13,[CUDA memcpy Host-to-Device]
6114372672,8448,434705,273,1,1,8,4,1,39,0.002,0.000,,,,,NVIDIA A100-SXM4-40GB MIG 4g.20gb (0),1,,13,"void channel_eq::eqMmseCoefCompLowMimoKernel<float, float, float, (unsigned int)4, (unsigned int)1, (unsigned int)4>(const channel_eq::_puschRxChEqStatDescr *, channel_eq::_puschRxChEqCoefCompDynDescr)"
6114383648,6304,434706,273,1,1,12,11,1,51,0.002,0.000,,,,,NVIDIA A100-SXM4-40GB MIG 4g.20gb (0),1,,13,"void channel_eq::eqMmseSoftDemapKernel<float, __half, __half, float, (unsigned int)4, (unsigned short)16383>(channel_eq::_puschRxChEqStatDescr *, channel_eq::_puschRxChEqSoftDemapDynDescr)"
6114393312,294844,434707,1,1,1,32,32,1,30,0.000,0.000,,,,,NVIDIA A100-SXM4-40GB MIG 4g.20gb (0),1,,13,"void convert_kernel<float2, __half2>(tensor_layout_any, T1 *, tensor_layout_any, const T2 *)"
6114689692,10880,434719,2253,1,1,128,1,1,16,0.000,0.000,,,,,NVIDIA A100-SXM4-40GB MIG 4g.20gb (0),1,,13,cupy_copy__float16_float16
6114703676,2816,434728,282,1,1,128,1,1,16,0.000,0.000,,,,,NVIDIA A100-SXM4-40GB MIG 4g.20gb (0),1,,13,cupy_copy__complex64_complex64
6114707740,2016,434737,26,1,1,128,1,1,16,0.000,0.000,,,,,NVIDIA A100-SXM4-40GB MIG 4g.20gb (0),1,,13,cupy_copy__float32_float32
6114711388,3456,434746,103,1,1,128,1,1,16,0.000,0.000,,,,,NVIDIA A100-SXM4-40GB MIG 4g.20gb (0),1,,13,cupy_copy__complex64_complex64
6114717756,12320,434756,1434,1,1,128,1,1,16,0.000,0.000,,,,,NVIDIA A100-SXM4-40GB MIG 4g.20gb (0),1,,13,cupy_copy__complex64_complex64
6114731420,87007,434761,1,1,1,32,32,1,30,0.000,0.000,,,,,NVIDIA A100-SXM4-40GB MIG 4g.20gb (0),1,,13,"void convert_kernel<__half2, float2>(tensor_layout_any, T1 *, tensor_layout_any, const T2 *)"
6114853114,5600,434764,,,,,,,,,,0.094,16731.388,Pinned,Device,NVIDIA A100-SXM4-40GB MIG 4g.20gb (0),1,,13,[CUDA memcpy Host-to-Device]
6114864250,598201,434765,,,,,,,,,,456.561,762914.166,Device,,NVIDIA A100-SXM4-40GB MIG 4g.20gb (0),1,,13,[CUDA memset]
6115465747,131742,434770,,,,,,,,,,1.235,9373.225,Pinned,Device,NVIDIA A100-SXM4-40GB MIG 4g.20gb (0),1,,13,[CUDA memcpy Host-to-Device]
6115609297,44671,434771,,,,,,,,,,0.197,4401.070,Pinned,Device,NVIDIA A100-SXM4-40GB MIG 4g.20gb (0),1,,13,[CUDA memcpy Host-to-Device]
6115682352,7904,434772,69,4,1,48,1,1,76,0.002,0.000,,,,,NVIDIA A100-SXM4-40GB MIG 4g.20gb (0),1,,13,"void ch_est::windowedChEstPreNoDftSOfdmKernel<float, __half, float, (unsigned int)2, (unsigned int)1, (unsigned short)4>(ch_est::puschRxChEstStatDescr_t *, ch_est::puschRxChEstDynDescr_t *)"
6115703888,6656,434773,137,2,1,24,2,1,44,0.001,0.001,,,,,NVIDIA A100-SXM4-40GB MIG 4g.20gb (0),1,,13,"void ch_est::chEstFilterNoDftSOfdmDispatchKernel<float, __half, float, (unsigned int)2>(ch_est::puschRxChEstStatDescr_t *, ch_est::puschRxChEstDynDescr_t *)"
6115721583,4800,434774,137,2,1,24,2,1,44,0.001,0.001,,,,,NVIDIA A100-SXM4-40GB MIG 4g.20gb (0),1,,13,"void ch_est::chEstFilterNoDftSOfdmDispatchKernel<float, __half, float, (unsigned int)2>(ch_est::puschRxChEstStatDescr_t *, ch_est::puschRxChEstDynDescr_t *)"
6115736367,2688,434785,103,1,1,128,1,1,16,0.000,0.000,,,,,NVIDIA A100-SXM4-40GB MIG 4g.20gb (0),1,,13,cupy_copy__complex64_complex64
6115750831,12480,434795,1434,1,1,128,1,1,16,0.000,0.000,,,,,NVIDIA A100-SXM4-40GB MIG 4g.20gb (0),1,,13,cupy_copy__complex64_complex64
6115779183,2592,434802,103,1,1,128,1,1,16,0.000,0.000,,,,,NVIDIA A100-SXM4-40GB MIG 4g.20gb (0),1,,13,cupy_copy__complex64_complex64
6115795566,83647,434809,1,1,1,32,32,1,30,0.000,0.000,,,,,NVIDIA A100-SXM4-40GB MIG 4g.20gb (0),1,,13,"void convert_kernel<__half2, float2>(tensor_layout_any, T1 *, tensor_layout_any, const T2 *)"
6115911885,14912,434812,,,,,,,,,,0.094,6283.254,Pinned,Device,NVIDIA A100-SXM4-40GB MIG 4g.20gb (0),1,,13,[CUDA memcpy Host-to-Device]
6115938605,47039,434813,,,,,,,,,,35.810,761247.279,Device,,NVIDIA A100-SXM4-40GB MIG 4g.20gb (0),1,,13,[CUDA memset]
6115993356,10368,434815,,,,,,,,,,0.000,7.716,Pinned,Device,NVIDIA A100-SXM4-40GB MIG 4g.20gb (0),1,,13,[CUDA memcpy Host-to-Device]
6116014956,26751,434816,,,,,,,,,,0.197,7349.404,Pinned,Device,NVIDIA A100-SXM4-40GB MIG 4g.20gb (0),1,,13,[CUDA memcpy Host-to-Device]
6116068779,9600,434817,273,1,1,48,1,1,40,0.000,0.001,,,,,NVIDIA A100-SXM4-40GB MIG 4g.20gb (0),1,,13,"void pusch_noise_intf_est::noiseIntfEstNoDftSOfdmKernel<float, __half, float, float, (unsigned int)2, (unsigned int)1, (unsigned char)4, (unsigned char)4>(pusch_noise_intf_est::puschRxNoiseIntfEstDynDescr)"
6116085515,2720,434828,35,1,1,128,1,1,16,0.000,0.000,,,,,NVIDIA A100-SXM4-40GB MIG 4g.20gb (0),1,,13,cupy_copy__complex64_complex64
6116101995,1728,434837,1,1,1,1,1,1,18,0.000,0.000,,,,,NVIDIA A100-SXM4-40GB MIG 4g.20gb (0),1,,13,cupy_copy__float32_float32
6116109195,8704,434843,,,,,,,,,,0.000,0.460,Device,Pageable,NVIDIA A100-SXM4-40GB MIG 4g.20gb (0),1,,7,[CUDA memcpy Device-to-Host]
6116209417,12640,434854,1434,1,1,128,1,1,16,0.000,0.000,,,,,NVIDIA A100-SXM4-40GB MIG 4g.20gb (0),1,,13,cupy_copy__complex64_complex64
6116228809,3456,434861,103,1,1,128,1,1,16,0.000,0.000,,,,,NVIDIA A100-SXM4-40GB MIG 4g.20gb (0),1,,13,cupy_copy__complex64_complex64
6116243689,2656,434868,35,1,1,128,1,1,16,0.000,0.000,,,,,NVIDIA A100-SXM4-40GB MIG 4g.20gb (0),1,,13,cupy_copy__complex64_complex64
6116268681,1792,434875,1,1,1,1,1,1,18,0.000,0.000,,,,,NVIDIA A100-SXM4-40GB MIG 4g.20gb (0),1,,13,cupy_copy__float32_float32
6116397735,82175,434886,1,1,1,32,32,1,30,0.000,0.000,,,,,NVIDIA A100-SXM4-40GB MIG 4g.20gb (0),1,,13,"void convert_kernel<__half2, float2>(tensor_layout_any, T1 *, tensor_layout_any, const T2 *)"
6116512582,9792,434889,,,,,,,,,,0.094,9568.610,Pinned,Device,NVIDIA A100-SXM4-40GB MIG 4g.20gb (0),1,,13,[CUDA memcpy Host-to-Device]
6116532997,3456,434890,,,,,,,,,,1.547,447517.201,Device,,NVIDIA A100-SXM4-40GB MIG 4g.20gb (0),1,,13,[CUDA memset]
6116539269,7840,434895,,,,,,,,,,0.031,3991.836,Pinned,Device,NVIDIA A100-SXM4-40GB MIG 4g.20gb (0),1,,13,[CUDA memcpy Host-to-Device]
6116549765,18336,434896,,,,,,,,,,0.197,10722.410,Pinned,Device,NVIDIA A100-SXM4-40GB MIG 4g.20gb (0),1,,13,[CUDA memcpy Host-to-Device]
6116578341,8256,434897,273,1,1,8,4,1,39,0.002,0.000,,,,,NVIDIA A100-SXM4-40GB MIG 4g.20gb (0),1,,13,"void channel_eq::eqMmseCoefCompLowMimoKernel<float, float, float, (unsigned int)4, (unsigned int)1, (unsigned int)4>(const channel_eq::_puschRxChEqStatDescr *, channel_eq::_puschRxChEqCoefCompDynDescr)"
6116594661,5344,434898,273,1,1,12,11,1,51,0.002,0.000,,,,,NVIDIA A100-SXM4-40GB MIG 4g.20gb (0),1,,13,"void channel_eq::eqMmseSoftDemapKernel<float, __half, __half, float, (unsigned int)4, (unsigned short)16383>(channel_eq::_puschRxChEqStatDescr *, channel_eq::_puschRxChEqSoftDemapDynDescr)"
6116602853,285468,434899,1,1,1,32,32,1,30,0.000,0.000,,,,,NVIDIA A100-SXM4-40GB MIG 4g.20gb (0),1,,13,"void convert_kernel<float2, __half2>(tensor_layout_any, T1 *, tensor_layout_any, const T2 *)"
6116891457,10944,434911,2253,1,1,128,1,1,16,0.000,0.000,,,,,NVIDIA A100-SXM4-40GB MIG 4g.20gb (0),1,,13,cupy_copy__float16_float16
6116904033,3008,434920,282,1,1,128,1,1,16,0.000,0.000,,,,,NVIDIA A100-SXM4-40GB MIG 4g.20gb (0),1,,13,cupy_copy__complex64_complex64
6116908673,2080,434929,26,1,1,128,1,1,16,0.000,0.000,,,,,NVIDIA A100-SXM4-40GB MIG 4g.20gb (0),1,,13,cupy_copy__float32_float32
6116913825,3008,434938,103,1,1,128,1,1,16,0.000,0.000,,,,,NVIDIA A100-SXM4-40GB MIG 4g.20gb (0),1,,13,cupy_copy__complex64_complex64
6116920225,12095,434948,1434,1,1,128,1,1,16,0.000,0.000,,,,,NVIDIA A100-SXM4-40GB MIG 4g.20gb (0),1,,13,cupy_copy__complex64_complex64
6116938336,83295,434953,1,1,1,32,32,1,30,0.000,0.000,,,,,NVIDIA A100-SXM4-40GB MIG 4g.20gb (0),1,,13,"void convert_kernel<__half2, float2>(tensor_layout_any, T1 *, tensor_layout_any, const T2 *)"
6117048607,5472,434956,,,,,,,,,,0.094,17122.757,Pinned,Device,NVIDIA A100-SXM4-40GB MIG 4g.20gb (0),1,,13,[CUDA memcpy Host-to-Device]
6117059327,599960,434957,,,,,,,,,,456.561,760631.359,Device,,NVIDIA A100-SXM4-40GB MIG 4g.20gb (0),1,,13,[CUDA memset]
6117661879,77184,434962,,,,,,,,,,1.235,15999.934,Pinned,Device,NVIDIA A100-SXM4-40GB MIG 4g.20gb (0),1,,13,[CUDA memcpy Host-to-Device]
6117745750,16480,434963,,,,,,,,,,0.197,11929.977,Pinned,Device,NVIDIA A100-SXM4-40GB MIG 4g.20gb (0),1,,13,[CUDA memcpy Host-to-Device]
6117772598,8608,434964,69,4,1,48,1,1,76,0.002,0.000,,,,,NVIDIA A100-SXM4-40GB MIG 4g.20gb (0),1,,13,"void ch_est::windowedChEstPreNoDftSOfdmKernel<float, __half, float, (unsigned int)2, (unsigned int)1, (unsigned short)4>(ch_est::puschRxChEstStatDescr_t *, ch_est::puschRxChEstDynDescr_t *)"
6117788342,7456,434965,137,2,1,24,2,1,44,0.001,0.001,,,,,NVIDIA A100-SXM4-40GB MIG 4g.20gb (0),1,,13,"void ch_est::chEstFilterNoDftSOfdmDispatchKernel<float, __half, float, (unsigned int)2>(ch_est::puschRxChEstStatDescr_t *, ch_est::puschRxChEstDynDescr_t *)"
6117804022,6272,434966,137,2,1,24,2,1,44,0.001,0.001,,,,,NVIDIA A100-SXM4-40GB MIG 4g.20gb (0),1,,13,"void ch_est::chEstFilterNoDftSOfdmDispatchKernel<float, __half, float, (unsigned int)2>(ch_est::puschRxChEstStatDescr_t *, ch_est::puschRxChEstDynDescr_t *)"
6117811926,3104,434977,103,1,1,128,1,1,16,0.000,0.000,,,,,NVIDIA A100-SXM4-40GB MIG 4g.20gb (0),1,,13,cupy_copy__complex64_complex64
6117819862,12831,434987,1434,1,1,128,1,1,16,0.000,0.000,,,,,NVIDIA A100-SXM4-40GB MIG 4g.20gb (0),1,,13,cupy_copy__complex64_complex64
6117836501,2528,434994,103,1,1,128,1,1,16,0.000,0.000,,,,,NVIDIA A100-SXM4-40GB MIG 4g.20gb (0),1,,13,cupy_copy__complex64_complex64
6117846677,89215,435001,1,1,1,32,32,1,30,0.000,0.000,,,,,NVIDIA A100-SXM4-40GB MIG 4g.20gb (0),1,,13,"void convert_kernel<__half2, float2>(tensor_layout_any, T1 *, tensor_layout_any, const T2 *)"
6117965396,13472,435004,,,,,,,,,,0.094,6954.867,Pinned,Device,NVIDIA A100-SXM4-40GB MIG 4g.20gb (0),1,,13,[CUDA memcpy Host-to-Device]
6117991923,47776,435005,,,,,,,,,,35.810,749537.436,Device,,NVIDIA A100-SXM4-40GB MIG 4g.20gb (0),1,,13,[CUDA memset]
6118041043,7296,435007,,,,,,,,,,0.000,10.965,Pinned,Device,NVIDIA A100-SXM4-40GB MIG 4g.20gb (0),1,,13,[CUDA memcpy Host-to-Device]
6118060275,25087,435008,,,,,,,,,,0.197,7836.991,Pinned,Device,NVIDIA A100-SXM4-40GB MIG 4g.20gb (0),1,,13,[CUDA memcpy Host-to-Device]
6118099186,9632,435009,273,1,1,48,1,1,40,0.000,0.001,,,,,NVIDIA A100-SXM4-40GB MIG 4g.20gb (0),1,,13,"void pusch_noise_intf_est::noiseIntfEstNoDftSOfdmKernel<float, __half, float, float, (unsigned int)2, (unsigned int)1, (unsigned char)4, (unsigned char)4>(pusch_noise_intf_est::puschRxNoiseIntfEstDynDescr)"
6118121586,2720,435020,35,1,1,128,1,1,16,0.000,0.000,,,,,NVIDIA A100-SXM4-40GB MIG 4g.20gb (0),1,,13,cupy_copy__complex64_complex64
6118132850,1696,435029,1,1,1,1,1,1,18,0.000,0.000,,,,,NVIDIA A100-SXM4-40GB MIG 4g.20gb (0),1,,13,cupy_copy__float32_float32
6118138034,2080,435035,,,,,,,,,,0.000,1.923,Device,Pageable,NVIDIA A100-SXM4-40GB MIG 4g.20gb (0),1,,7,[CUDA memcpy Device-to-Host]
6118206961,12768,435046,1434,1,1,128,1,1,16,0.000,0.000,,,,,NVIDIA A100-SXM4-40GB MIG 4g.20gb (0),1,,13,cupy_copy__complex64_complex64
6118233744,3456,435053,103,1,1,128,1,1,16,0.000,0.000,,,,,NVIDIA A100-SXM4-40GB MIG 4g.20gb (0),1,,13,cupy_copy__complex64_complex64
6118252112,2560,435060,35,1,1,128,1,1,16,0.000,0.000,,,,,NVIDIA A100-SXM4-40GB MIG 4g.20gb (0),1,,13,cupy_copy__complex64_complex64
6118271024,1824,435067,1,1,1,1,1,1,18,0.000,0.000,,,,,NVIDIA A100-SXM4-40GB MIG 4g.20gb (0),1,,13,cupy_copy__float32_float32
6118406350,81759,435078,1,1,1,32,32,1,30,0.000,0.000,,,,,NVIDIA A100-SXM4-40GB MIG 4g.20gb (0),1,,13,"void convert_kernel<__half2, float2>(tensor_layout_any, T1 *, tensor_layout_any, const T2 *)"
6118515469,5856,435081,,,,,,,,,,0.094,15999.997,Pinned,Device,NVIDIA A100-SXM4-40GB MIG 4g.20gb (0),1,,13,[CUDA memcpy Host-to-Device]
6118529901,3328,435082,,,,,,,,,,1.547,464729.580,Device,,NVIDIA A100-SXM4-40GB MIG 4g.20gb (0),1,,13,[CUDA memset]
6118536653,3808,435087,,,,,,,,,,0.031,8218.486,Pinned,Device,NVIDIA A100-SXM4-40GB MIG 4g.20gb (0),1,,13,[CUDA memcpy Host-to-Device]
6118543405,9727,435088,,,,,,,,,,0.197,20212.482,Pinned,Device,NVIDIA A100-SXM4-40GB MIG 4g.20gb (0),1,,13,[CUDA memcpy Host-to-Device]
6118558028,5984,435089,273,1,1,8,4,1,39,0.002,0.000,,,,,NVIDIA A100-SXM4-40GB MIG 4g.20gb (0),1,,13,"void channel_eq::eqMmseCoefCompLowMimoKernel<float, float, float, (unsigned int)4, (unsigned int)1, (unsigned int)4>(const channel_eq::_puschRxChEqStatDescr *, channel_eq::_puschRxChEqCoefCompDynDescr)"
6118566092,5984,435090,273,1,1,12,11,1,51,0.002,0.000,,,,,NVIDIA A100-SXM4-40GB MIG 4g.20gb (0),1,,13,"void channel_eq::eqMmseSoftDemapKernel<float, __half, __half, float, (unsigned int)4, (unsigned short)16383>(channel_eq::_puschRxChEqStatDescr *, channel_eq::_puschRxChEqSoftDemapDynDescr)"
6118573772,283133,435091,1,1,1,32,32,1,30,0.000,0.000,,,,,NVIDIA A100-SXM4-40GB MIG 4g.20gb (0),1,,13,"void convert_kernel<float2, __half2>(tensor_layout_any, T1 *, tensor_layout_any, const T2 *)"
6118858409,11072,435103,2253,1,1,128,1,1,16,0.000,0.000,,,,,NVIDIA A100-SXM4-40GB MIG 4g.20gb (0),1,,13,cupy_copy__float16_float16
6118871977,3135,435112,282,1,1,128,1,1,16,0.000,0.000,,,,,NVIDIA A100-SXM4-40GB MIG 4g.20gb (0),1,,13,cupy_copy__complex64_complex64
6118879016,2304,435121,26,1,1,128,1,1,16,0.000,0.000,,,,,NVIDIA A100-SXM4-40GB MIG 4g.20gb (0),1,,13,cupy_copy__float32_float32
6118882312,3328,435130,103,1,1,128,1,1,16,0.000,0.000,,,,,NVIDIA A100-SXM4-40GB MIG 4g.20gb (0),1,,13,cupy_copy__complex64_complex64
6118888104,12128,435140,1434,1,1,128,1,1,16,0.000,0.000,,,,,NVIDIA A100-SXM4-40GB MIG 4g.20gb (0),1,,13,cupy_copy__complex64_complex64
6118913096,82335,435145,1,1,1,32,32,1,30,0.000,0.000,,,,,NVIDIA A100-SXM4-40GB MIG 4g.20gb (0),1,,13,"void convert_kernel<__half2, float2>(tensor_layout_any, T1 *, tensor_layout_any, const T2 *)"
6119022791,5536,435148,,,,,,,,,,0.094,16924.777,Pinned,Device,NVIDIA A100-SXM4-40GB MIG 4g.20gb (0),1,,13,[CUDA memcpy Host-to-Device]
6119032999,595960,435149,,,,,,,,,,456.561,765653.535,Device,,NVIDIA A100-SXM4-40GB MIG 4g.20gb (0),1,,13,[CUDA memset]
6119637151,132926,435154,,,,,,,,,,1.235,9289.249,Pinned,Device,NVIDIA A100-SXM4-40GB MIG 4g.20gb (0),1,,13,[CUDA memcpy Host-to-Device]
6119782589,37152,435155,,,,,,,,,,0.197,5291.901,Pinned,Device,NVIDIA A100-SXM4-40GB MIG 4g.20gb (0),1,,13,[CUDA memcpy Host-to-Device]
6119833565,8064,435156,69,4,1,48,1,1,76,0.002,0.000,,,,,NVIDIA A100-SXM4-40GB MIG 4g.20gb (0),1,,13,"void ch_est::windowedChEstPreNoDftSOfdmKernel<float, __half, float, (unsigned int)2, (unsigned int)1, (unsigned short)4>(ch_est::puschRxChEstStatDescr_t *, ch_est::puschRxChEstDynDescr_t *)"
6119847868,6752,435157,137,2,1,24,2,1,44,0.001,0.001,,,,,NVIDIA A100-SXM4-40GB MIG 4g.20gb (0),1,,13,"void ch_est::chEstFilterNoDftSOfdmDispatchKernel<float, __half, float, (unsigned int)2>(ch_est::puschRxChEstStatDescr_t *, ch_est::puschRxChEstDynDescr_t *)"
6119857436,4896,435158,137,2,1,24,2,1,44,0.001,0.001,,,,,NVIDIA A100-SXM4-40GB MIG 4g.20gb (0),1,,13,"void ch_est::chEstFilterNoDftSOfdmDispatchKernel<float, __half, float, (unsigned int)2>(ch_est::puschRxChEstStatDescr_t *, ch_est::puschRxChEstDynDescr_t *)"
6119870012,2816,435169,103,1,1,128,1,1,16,0.000,0.000,,,,,NVIDIA A100-SXM4-40GB MIG 4g.20gb (0),1,,13,cupy_copy__complex64_complex64
6119878620,12640,435179,1434,1,1,128,1,1,16,0.000,0.000,,,,,NVIDIA A100-SXM4-40GB MIG 4g.20gb (0),1,,13,cupy_copy__complex64_complex64
6119895612,2720,435186,103,1,1,128,1,1,16,0.000,0.000,,,,,NVIDIA A100-SXM4-40GB MIG 4g.20gb (0),1,,13,cupy_copy__complex64_complex64
6119904700,83039,435193,1,1,1,32,32,1,30,0.000,0.000,,,,,NVIDIA A100-SXM4-40GB MIG 4g.20gb (0),1,,13,"void convert_kernel<__half2, float2>(tensor_layout_any, T1 *, tensor_layout_any, const T2 *)"
6120017114,14080,435196,,,,,,,,,,0.094,6654.477,Pinned,Device,NVIDIA A100-SXM4-40GB MIG 4g.20gb (0),1,,13,[CUDA memcpy Host-to-Device]
6120044634,47327,435197,,,,,,,,,,35.810,756627.800,Device,,NVIDIA A100-SXM4-40GB MIG 4g.20gb (0),1,,13,[CUDA memset]
6120095801,7968,435199,,,,,,,,,,0.000,10.040,Pinned,Device,NVIDIA A100-SXM4-40GB MIG 4g.20gb (0),1,,13,[CUDA memcpy Host-to-Device]
6120112537,15712,435200,,,,,,,,,,0.197,12513.116,Pinned,Device,NVIDIA A100-SXM4-40GB MIG 4g.20gb (0),1,,13,[CUDA memcpy Host-to-Device]
6120140889,12832,435201,273,1,1,48,1,1,40,0.000,0.001,,,,,NVIDIA A100-SXM4-40GB MIG 4g.20gb (0),1,,13,"void pusch_noise_intf_est::noiseIntfEstNoDftSOfdmKernel<float, __half, float, float, (unsigned int)2, (unsigned int)1, (unsigned char)4, (unsigned char)4>(pusch_noise_intf_est::puschRxNoiseIntfEstDynDescr)"
6120159321,2752,435212,35,1,1,128,1,1,16,0.000,0.000,,,,,NVIDIA A100-SXM4-40GB MIG 4g.20gb (0),1,,13,cupy_copy__complex64_complex64
6120170489,1887,435221,1,1,1,1,1,1,18,0.000,0.000,,,,,NVIDIA A100-SXM4-40GB MIG 4g.20gb (0),1,,13,cupy_copy__float32_float32
6120178520,3840,435227,,,,,,,,,,0.000,1.042,Device,Pageable,NVIDIA A100-SXM4-40GB MIG 4g.20gb (0),1,,7,[CUDA memcpy Device-to-Host]
6120259447,12896,435238,1434,1,1,128,1,1,16,0.000,0.000,,,,,NVIDIA A100-SXM4-40GB MIG 4g.20gb (0),1,,13,cupy_copy__complex64_complex64
6120285175,3424,435245,103,1,1,128,1,1,16,0.000,0.000,,,,,NVIDIA A100-SXM4-40GB MIG 4g.20gb (0),1,,13,cupy_copy__complex64_complex64
6120308311,2560,435252,35,1,1,128,1,1,16,0.000,0.000,,,,,NVIDIA A100-SXM4-40GB MIG 4g.20gb (0),1,,13,cupy_copy__complex64_complex64
6120331479,1983,435259,1,1,1,1,1,1,18,0.000,0.000,,,,,NVIDIA A100-SXM4-40GB MIG 4g.20gb (0),1,,13,cupy_copy__float32_float32
6120457941,93119,435270,1,1,1,32,32,1,30,0.000,0.000,,,,,NVIDIA A100-SXM4-40GB MIG 4g.20gb (0),1,,13,"void convert_kernel<__half2, float2>(tensor_layout_any, T1 *, tensor_layout_any, const T2 *)"
6120581907,17312,435273,,,,,,,,,,0.094,5412.162,Pinned,Device,NVIDIA A100-SXM4-40GB MIG 4g.20gb (0),1,,13,[CUDA memcpy Host-to-Device]
6120612627,3360,435274,,,,,,,,,,1.547,460304.688,Device,,NVIDIA A100-SXM4-40GB MIG 4g.20gb (0),1,,13,[CUDA memset]
6120619859,6560,435279,,,,,,,,,,0.031,4770.731,Pinned,Device,NVIDIA A100-SXM4-40GB MIG 4g.20gb (0),1,,13,[CUDA memcpy Host-to-Device]
6120635411,25759,435280,,,,,,,,,,0.197,7632.519,Pinned,Device,NVIDIA A100-SXM4-40GB MIG 4g.20gb (0),1,,13,[CUDA memcpy Host-to-Device]
6120674098,6208,435281,273,1,1,8,4,1,39,0.002,0.000,,,,,NVIDIA A100-SXM4-40GB MIG 4g.20gb (0),1,,13,"void channel_eq::eqMmseCoefCompLowMimoKernel<float, float, float, (unsigned int)4, (unsigned int)1, (unsigned int)4>(const channel_eq::_puschRxChEqStatDescr *, channel_eq::_puschRxChEqCoefCompDynDescr)"
6120686066,6112,435282,273,1,1,12,11,1,51,0.002,0.000,,,,,NVIDIA A100-SXM4-40GB MIG 4g.20gb (0),1,,13,"void channel_eq::eqMmseSoftDemapKernel<float, __half, __half, float, (unsigned int)4, (unsigned short)16383>(channel_eq::_puschRxChEqStatDescr *, channel_eq::_puschRxChEqSoftDemapDynDescr)"
6120701778,283036,435283,1,1,1,32,32,1,30,0.000,0.000,,,,,NVIDIA A100-SXM4-40GB MIG 4g.20gb (0),1,,13,"void convert_kernel<float2, __half2>(tensor_layout_any, T1 *, tensor_layout_any, const T2 *)"
6120986286,11136,435295,2253,1,1,128,1,1,16,0.000,0.000,,,,,NVIDIA A100-SXM4-40GB MIG 4g.20gb (0),1,,13,cupy_copy__float16_float16
6121001614,2880,435304,282,1,1,128,1,1,16,0.000,0.000,,,,,NVIDIA A100-SXM4-40GB MIG 4g.20gb (0),1,,13,cupy_copy__complex64_complex64
6121007118,2272,435313,26,1,1,128,1,1,16,0.000,0.000,,,,,NVIDIA A100-SXM4-40GB MIG 4g.20gb (0),1,,13,cupy_copy__float32_float32
6121010414,3456,435322,103,1,1,128,1,1,16,0.000,0.000,,,,,NVIDIA A100-SXM4-40GB MIG 4g.20gb (0),1,,13,cupy_copy__complex64_complex64
6121017006,12288,435332,1434,1,1,128,1,1,16,0.000,0.000,,,,,NVIDIA A100-SXM4-40GB MIG 4g.20gb (0),1,,13,cupy_copy__complex64_complex64
6121031886,83039,435337,1,1,1,32,32,1,30,0.000,0.000,,,,,NVIDIA A100-SXM4-40GB MIG 4g.20gb (0),1,,13,"void convert_kernel<__half2, float2>(tensor_layout_any, T1 *, tensor_layout_any, const T2 *)"
6121142861,6015,435340,,,,,,,,,,0.094,15577.054,Pinned,Device,NVIDIA A100-SXM4-40GB MIG 4g.20gb (0),1,,13,[CUDA memcpy Host-to-Device]
6121155948,597977,435341,,,,,,,,,,456.561,763370.728,Device,,NVIDIA A100-SXM4-40GB MIG 4g.20gb (0),1,,13,[CUDA memset]
6121759909,148734,435346,,,,,,,,,,1.235,8302.529,Pinned,Device,NVIDIA A100-SXM4-40GB MIG 4g.20gb (0),1,,13,[CUDA memcpy Host-to-Device]
6121917699,38271,435347,,,,,,,,,,0.197,5137.170,Pinned,Device,NVIDIA A100-SXM4-40GB MIG 4g.20gb (0),1,,13,[CUDA memcpy Host-to-Device]
6121978978,8192,435348,69,4,1,48,1,1,76,0.002,0.000,,,,,NVIDIA A100-SXM4-40GB MIG 4g.20gb (0),1,,13,"void ch_est::windowedChEstPreNoDftSOfdmKernel<float, __half, float, (unsigned int)2, (unsigned int)1, (unsigned short)4>(ch_est::puschRxChEstStatDescr_t *, ch_est::puschRxChEstDynDescr_t *)"
6121997954,6944,435349,137,2,1,24,2,1,44,0.001,0.001,,,,,NVIDIA A100-SXM4-40GB MIG 4g.20gb (0),1,,13,"void ch_est::chEstFilterNoDftSOfdmDispatchKernel<float, __half, float, (unsigned int)2>(ch_est::puschRxChEstStatDescr_t *, ch_est::puschRxChEstDynDescr_t *)"
6122014402,4704,435350,137,2,1,24,2,1,44,0.001,0.001,,,,,NVIDIA A100-SXM4-40GB MIG 4g.20gb (0),1,,13,"void ch_est::chEstFilterNoDftSOfdmDispatchKernel<float, __half, float, (unsigned int)2>(ch_est::puschRxChEstStatDescr_t *, ch_est::puschRxChEstDynDescr_t *)"
6122030754,2528,435361,103,1,1,128,1,1,16,0.000,0.000,,,,,NVIDIA A100-SXM4-40GB MIG 4g.20gb (0),1,,13,cupy_copy__complex64_complex64
6122047393,12640,435371,1434,1,1,128,1,1,16,0.000,0.000,,,,,NVIDIA A100-SXM4-40GB MIG 4g.20gb (0),1,,13,cupy_copy__complex64_complex64
6122073729,2624,435378,103,1,1,128,1,1,16,0.000,0.000,,,,,NVIDIA A100-SXM4-40GB MIG 4g.20gb (0),1,,13,cupy_copy__complex64_complex64
6122087489,85951,435385,1,1,1,32,32,1,30,0.000,0.000,,,,,NVIDIA A100-SXM4-40GB MIG 4g.20gb (0),1,,13,"void convert_kernel<__half2, float2>(tensor_layout_any, T1 *, tensor_layout_any, const T2 *)"
6122200575,5952,435388,,,,,,,,,,0.094,15741.865,Pinned,Device,NVIDIA A100-SXM4-40GB MIG 4g.20gb (0),1,,13,[CUDA memcpy Host-to-Device]
6122212575,47872,435389,,,,,,,,,,35.810,748033.419,Device,,NVIDIA A100-SXM4-40GB MIG 4g.20gb (0),1,,13,[CUDA memset]
6122267679,4672,435391,,,,,,,,,,0.000,17.123,Pinned,Device,NVIDIA A100-SXM4-40GB MIG 4g.20gb (0),1,,13,[CUDA memcpy Host-to-Device]
6122278558,11200,435392,,,,,,,,,,0.197,17554.145,Pinned,Device,NVIDIA A100-SXM4-40GB MIG 4g.20gb (0),1,,13,[CUDA memcpy Host-to-Device]
6122296734,10176,435393,273,1,1,48,1,1,40,0.000,0.001,,,,,NVIDIA A100-SXM4-40GB MIG 4g.20gb (0),1,,13,"void pusch_noise_intf_est::noiseIntfEstNoDftSOfdmKernel<float, __half, float, float, (unsigned int)2, (unsigned int)1, (unsigned char)4, (unsigned char)4>(pusch_noise_intf_est::puschRxNoiseIntfEstDynDescr)"
6122313502,3040,435404,35,1,1,128,1,1,16,0.000,0.000,,,,,NVIDIA A100-SXM4-40GB MIG 4g.20gb (0),1,,13,cupy_copy__complex64_complex64
6122322078,1984,435413,1,1,1,1,1,1,18,0.000,0.000,,,,,NVIDIA A100-SXM4-40GB MIG 4g.20gb (0),1,,13,cupy_copy__float32_float32
6122352542,1568,435419,,,,,,,,,,0.000,2.551,Device,Pageable,NVIDIA A100-SXM4-40GB MIG 4g.20gb (0),1,,7,[CUDA memcpy Device-to-Host]
6122412893,12704,435430,1434,1,1,128,1,1,16,0.000,0.000,,,,,NVIDIA A100-SXM4-40GB MIG 4g.20gb (0),1,,13,cupy_copy__complex64_complex64
6122439709,2975,435437,103,1,1,128,1,1,16,0.000,0.000,,,,,NVIDIA A100-SXM4-40GB MIG 4g.20gb (0),1,,13,cupy_copy__complex64_complex64
6122465564,2400,435444,35,1,1,128,1,1,16,0.000,0.000,,,,,NVIDIA A100-SXM4-40GB MIG 4g.20gb (0),1,,13,cupy_copy__complex64_complex64
6122483676,1760,435451,1,1,1,1,1,1,18,0.000,0.000,,,,,NVIDIA A100-SXM4-40GB MIG 4g.20gb (0),1,,13,cupy_copy__float32_float32
6122616282,80991,435462,1,1,1,32,32,1,30,0.000,0.000,,,,,NVIDIA A100-SXM4-40GB MIG 4g.20gb (0),1,,13,"void convert_kernel<__half2, float2>(tensor_layout_any, T1 *, tensor_layout_any, const T2 *)"
6122724537,5600,435465,,,,,,,,,,0.094,16731.388,Pinned,Device,NVIDIA A100-SXM4-40GB MIG 4g.20gb (0),1,,13,[CUDA memcpy Host-to-Device]
6122739321,3456,435466,,,,,,,,,,1.547,447517.201,Device,,NVIDIA A100-SXM4-40GB MIG 4g.20gb (0),1,,13,[CUDA memset]
6122746041,3392,435471,,,,,,,,,,0.031,9226.405,Pinned,Device,NVIDIA A100-SXM4-40GB MIG 4g.20gb (0),1,,13,[CUDA memcpy Host-to-Device]
6122751865,9728,435472,,,,,,,,,,0.197,20210.516,Pinned,Device,NVIDIA A100-SXM4-40GB MIG 4g.20gb (0),1,,13,[CUDA memcpy Host-to-Device]
6122767000,6880,435473,273,1,1,8,4,1,39,0.002,0.000,,,,,NVIDIA A100-SXM4-40GB MIG 4g.20gb (0),1,,13,"void channel_eq::eqMmseCoefCompLowMimoKernel<float, float, float, (unsigned int)4, (unsigned int)1, (unsigned int)4>(const channel_eq::_puschRxChEqStatDescr *, channel_eq::_puschRxChEqCoefCompDynDescr)"
6122774872,6240,435474,273,1,1,12,11,1,51,0.002,0.000,,,,,NVIDIA A100-SXM4-40GB MIG 4g.20gb (0),1,,13,"void channel_eq::eqMmseSoftDemapKernel<float, __half, __half, float, (unsigned int)4, (unsigned short)16383>(channel_eq::_puschRxChEqStatDescr *, channel_eq::_puschRxChEqSoftDemapDynDescr)"
6122782136,282493,435475,1,1,1,32,32,1,30,0.000,0.000,,,,,NVIDIA A100-SXM4-40GB MIG 4g.20gb (0),1,,13,"void convert_kernel<float2, __half2>(tensor_layout_any, T1 *, tensor_layout_any, const T2 *)"
6123065973,11136,435487,2253,1,1,128,1,1,16,0.000,0.000,,,,,NVIDIA A100-SXM4-40GB MIG 4g.20gb (0),1,,13,cupy_copy__float16_float16
6123079573,2848,435496,282,1,1,128,1,1,16,0.000,0.000,,,,,NVIDIA A100-SXM4-40GB MIG 4g.20gb (0),1,,13,cupy_copy__complex64_complex64
6123085749,2048,435505,26,1,1,128,1,1,16,0.000,0.000,,,,,NVIDIA A100-SXM4-40GB MIG 4g.20gb (0),1,,13,cupy_copy__float32_float32
6123089460,2880,435514,103,1,1,128,1,1,16,0.000,0.000,,,,,NVIDIA A100-SXM4-40GB MIG 4g.20gb (0),1,,13,cupy_copy__complex64_complex64
6123094356,11872,435524,1434,1,1,128,1,1,16,0.000,0.000,,,,,NVIDIA A100-SXM4-40GB MIG 4g.20gb (0),1,,13,cupy_copy__complex64_complex64
6123124084,81535,435529,1,1,1,32,32,1,30,0.000,0.000,,,,,NVIDIA A100-SXM4-40GB MIG 4g.20gb (0),1,,13,"void convert_kernel<__half2, float2>(tensor_layout_any, T1 *, tensor_layout_any, const T2 *)"
6123232339,5568,435532,,,,,,,,,,0.094,16827.521,Pinned,Device,NVIDIA A100-SXM4-40GB MIG 4g.20gb (0),1,,13,[CUDA memcpy Host-to-Device]
6123245747,599992,435533,,,,,,,,,,456.561,760631.359,Device,,NVIDIA A100-SXM4-40GB MIG 4g.20gb (0),1,,13,[CUDA memset]
6123849835,150718,435538,,,,,,,,,,1.235,8192.618,Pinned,Device,NVIDIA A100-SXM4-40GB MIG 4g.20gb (0),1,,13,[CUDA memcpy Host-to-Device]
6124014889,39328,435539,,,,,,,,,,0.197,4999.152,Pinned,Device,NVIDIA A100-SXM4-40GB MIG 4g.20gb (0),1,,13,[CUDA memcpy Host-to-Device]
6124083624,8480,435540,69,4,1,48,1,1,76,0.002,0.000,,,,,NVIDIA A100-SXM4-40GB MIG 4g.20gb (0),1,,13,"void ch_est::windowedChEstPreNoDftSOfdmKernel<float, __half, float, (unsigned int)2, (unsigned int)1, (unsigned short)4>(ch_est::puschRxChEstStatDescr_t *, ch_est::puschRxChEstDynDescr_t *)"
6124103432,6688,435541,137,2,1,24,2,1,44,0.001,0.001,,,,,NVIDIA A100-SXM4-40GB MIG 4g.20gb (0),1,,13,"void ch_est::chEstFilterNoDftSOfdmDispatchKernel<float, __half, float, (unsigned int)2>(ch_est::puschRxChEstStatDescr_t *, ch_est::puschRxChEstDynDescr_t *)"
6124120488,4800,435542,137,2,1,24,2,1,44,0.001,0.001,,,,,NVIDIA A100-SXM4-40GB MIG 4g.20gb (0),1,,13,"void ch_est::chEstFilterNoDftSOfdmDispatchKernel<float, __half, float, (unsigned int)2>(ch_est::puschRxChEstStatDescr_t *, ch_est::puschRxChEstDynDescr_t *)"
6124137480,2656,435553,103,1,1,128,1,1,16,0.000,0.000,,,,,NVIDIA A100-SXM4-40GB MIG 4g.20gb (0),1,,13,cupy_copy__complex64_complex64
6124153543,12320,435563,1434,1,1,128,1,1,16,0.000,0.000,,,,,NVIDIA A100-SXM4-40GB MIG 4g.20gb (0),1,,13,cupy_copy__complex64_complex64
6124174983,2848,435570,103,1,1,128,1,1,16,0.000,0.000,,,,,NVIDIA A100-SXM4-40GB MIG 4g.20gb (0),1,,13,cupy_copy__complex64_complex64
6124201607,90111,435577,1,1,1,32,32,1,30,0.000,0.000,,,,,NVIDIA A100-SXM4-40GB MIG 4g.20gb (0),1,,13,"void convert_kernel<__half2, float2>(tensor_layout_any, T1 *, tensor_layout_any, const T2 *)"
6124322533,19264,435580,,,,,,,,,,0.094,4863.759,Pinned,Device,NVIDIA A100-SXM4-40GB MIG 4g.20gb (0),1,,13,[CUDA memcpy Host-to-Device]
6124356421,47071,435581,,,,,,,,,,35.810,760745.940,Device,,NVIDIA A100-SXM4-40GB MIG 4g.20gb (0),1,,13,[CUDA memset]
6124413028,3616,435583,,,,,,,,,,0.000,22.124,Pinned,Device,NVIDIA A100-SXM4-40GB MIG 4g.20gb (0),1,,13,[CUDA memcpy Host-to-Device]
6124424932,23072,435584,,,,,,,,,,0.197,8521.384,Pinned,Device,NVIDIA A100-SXM4-40GB MIG 4g.20gb (0),1,,13,[CUDA memcpy Host-to-Device]
6124461892,9343,435585,273,1,1,48,1,1,40,0.000,0.001,,,,,NVIDIA A100-SXM4-40GB MIG 4g.20gb (0),1,,13,"void pusch_noise_intf_est::noiseIntfEstNoDftSOfdmKernel<float, __half, float, float, (unsigned int)2, (unsigned int)1, (unsigned char)4, (unsigned char)4>(pusch_noise_intf_est::puschRxNoiseIntfEstDynDescr)"
6124476099,2944,435596,35,1,1,128,1,1,16,0.000,0.000,,,,,NVIDIA A100-SXM4-40GB MIG 4g.20gb (0),1,,13,cupy_copy__complex64_complex64
6124483587,2304,435605,1,1,1,1,1,1,18,0.000,0.000,,,,,NVIDIA A100-SXM4-40GB MIG 4g.20gb (0),1,,13,cupy_copy__float32_float32
6124492579,3776,435611,,,,,,,,,,0.000,1.059,Device,Pageable,NVIDIA A100-SXM4-40GB MIG 4g.20gb (0),1,,7,[CUDA memcpy Device-to-Host]
6124562978,12704,435622,1434,1,1,128,1,1,16,0.000,0.000,,,,,NVIDIA A100-SXM4-40GB MIG 4g.20gb (0),1,,13,cupy_copy__complex64_complex64
6124591202,2912,435629,103,1,1,128,1,1,16,0.000,0.000,,,,,NVIDIA A100-SXM4-40GB MIG 4g.20gb (0),1,,13,cupy_copy__complex64_complex64
6124611810,2176,435636,35,1,1,128,1,1,16,0.000,0.000,,,,,NVIDIA A100-SXM4-40GB MIG 4g.20gb (0),1,,13,cupy_copy__complex64_complex64
6124631073,1888,435643,1,1,1,1,1,1,18,0.000,0.000,,,,,NVIDIA A100-SXM4-40GB MIG 4g.20gb (0),1,,13,cupy_copy__float32_float32
6124764160,87903,435654,1,1,1,32,32,1,30,0.000,0.000,,,,,NVIDIA A100-SXM4-40GB MIG 4g.20gb (0),1,,13,"void convert_kernel<__half2, float2>(tensor_layout_any, T1 *, tensor_layout_any, const T2 *)"
6124880062,5440,435657,,,,,,,,,,0.094,17223.480,Pinned,Device,NVIDIA A100-SXM4-40GB MIG 4g.20gb (0),1,,13,[CUDA memcpy Host-to-Device]
6124895006,3072,435658,,,,,,,,,,1.547,503457.044,Device,,NVIDIA A100-SXM4-40GB MIG 4g.20gb (0),1,,13,[CUDA memset]
6124901982,3136,435663,,,,,,,,,,0.031,9979.575,Pinned,Device,NVIDIA A100-SXM4-40GB MIG 4g.20gb (0),1,,13,[CUDA memcpy Host-to-Device]
6124907774,9696,435664,,,,,,,,,,0.197,20277.166,Pinned,Device,NVIDIA A100-SXM4-40GB MIG 4g.20gb (0),1,,13,[CUDA memcpy Host-to-Device]
6124923518,6624,435665,273,1,1,8,4,1,39,0.002,0.000,,,,,NVIDIA A100-SXM4-40GB MIG 4g.20gb (0),1,,13,"void channel_eq::eqMmseCoefCompLowMimoKernel<float, float, float, (unsigned int)4, (unsigned int)1, (unsigned int)4>(const channel_eq::_puschRxChEqStatDescr *, channel_eq::_puschRxChEqCoefCompDynDescr)"
6124933630,6528,435666,273,1,1,12,11,1,51,0.002,0.000,,,,,NVIDIA A100-SXM4-40GB MIG 4g.20gb (0),1,,13,"void channel_eq::eqMmseSoftDemapKernel<float, __half, __half, float, (unsigned int)4, (unsigned short)16383>(channel_eq::_puschRxChEqStatDescr *, channel_eq::_puschRxChEqSoftDemapDynDescr)"
6124943422,279676,435667,1,1,1,32,32,1,30,0.000,0.000,,,,,NVIDIA A100-SXM4-40GB MIG 4g.20gb (0),1,,13,"void convert_kernel<float2, __half2>(tensor_layout_any, T1 *, tensor_layout_any, const T2 *)"
6125226138,11040,435679,2253,1,1,128,1,1,16,0.000,0.000,,,,,NVIDIA A100-SXM4-40GB MIG 4g.20gb (0),1,,13,cupy_copy__float16_float16
6125240826,2880,435688,282,1,1,128,1,1,16,0.000,0.000,,,,,NVIDIA A100-SXM4-40GB MIG 4g.20gb (0),1,,13,cupy_copy__complex64_complex64
6125245530,2016,435697,26,1,1,128,1,1,16,0.000,0.000,,,,,NVIDIA A100-SXM4-40GB MIG 4g.20gb (0),1,,13,cupy_copy__float32_float32
6125249178,3936,435706,103,1,1,128,1,1,16,0.000,0.000,,,,,NVIDIA A100-SXM4-40GB MIG 4g.20gb (0),1,,13,cupy_copy__complex64_complex64
6125255322,11808,435716,1434,1,1,128,1,1,16,0.000,0.000,,,,,NVIDIA A100-SXM4-40GB MIG 4g.20gb (0),1,,13,cupy_copy__complex64_complex64
6125268378,83359,435721,1,1,1,32,32,1,30,0.000,0.000,,,,,NVIDIA A100-SXM4-40GB MIG 4g.20gb (0),1,,13,"void convert_kernel<__half2, float2>(tensor_layout_any, T1 *, tensor_layout_any, const T2 *)"
6125379768,5920,435724,,,,,,,,,,0.094,15826.941,Pinned,Device,NVIDIA A100-SXM4-40GB MIG 4g.20gb (0),1,,13,[CUDA memcpy Host-to-Device]
6125392568,601721,435725,,,,,,,,,,456.561,758348.552,Device,,NVIDIA A100-SXM4-40GB MIG 4g.20gb (0),1,,13,[CUDA memset]
6125999889,135774,435730,,,,,,,,,,1.235,9095.363,Pinned,Device,NVIDIA A100-SXM4-40GB MIG 4g.20gb (0),1,,13,[CUDA memcpy Host-to-Device]
6126148623,40671,435731,,,,,,,,,,0.197,4834.001,Pinned,Device,NVIDIA A100-SXM4-40GB MIG 4g.20gb (0),1,,13,[CUDA memcpy Host-to-Device]
6126218030,8352,435732,69,4,1,48,1,1,76,0.002,0.000,,,,,NVIDIA A100-SXM4-40GB MIG 4g.20gb (0),1,,13,"void ch_est::windowedChEstPreNoDftSOfdmKernel<float, __half, float, (unsigned int)2, (unsigned int)1, (unsigned short)4>(ch_est::puschRxChEstStatDescr_t *, ch_est::puschRxChEstDynDescr_t *)"
6126237678,7040,435733,137,2,1,24,2,1,44,0.001,0.001,,,,,NVIDIA A100-SXM4-40GB MIG 4g.20gb (0),1,,13,"void ch_est::chEstFilterNoDftSOfdmDispatchKernel<float, __half, float, (unsigned int)2>(ch_est::puschRxChEstStatDescr_t *, ch_est::puschRxChEstDynDescr_t *)"
6126255405,4736,435734,137,2,1,24,2,1,44,0.001,0.001,,,,,NVIDIA A100-SXM4-40GB MIG 4g.20gb (0),1,,13,"void ch_est::chEstFilterNoDftSOfdmDispatchKernel<float, __half, float, (unsigned int)2>(ch_est::puschRxChEstStatDescr_t *, ch_est::puschRxChEstDynDescr_t *)"
6126272525,2624,435745,103,1,1,128,1,1,16,0.000,0.000,,,,,NVIDIA A100-SXM4-40GB MIG 4g.20gb (0),1,,13,cupy_copy__complex64_complex64
6126289069,12352,435755,1434,1,1,128,1,1,16,0.000,0.000,,,,,NVIDIA A100-SXM4-40GB MIG 4g.20gb (0),1,,13,cupy_copy__complex64_complex64
6126308813,2944,435762,103,1,1,128,1,1,16,0.000,0.000,,,,,NVIDIA A100-SXM4-40GB MIG 4g.20gb (0),1,,13,cupy_copy__complex64_complex64
6126331308,88511,435769,1,1,1,32,32,1,30,0.000,0.000,,,,,NVIDIA A100-SXM4-40GB MIG 4g.20gb (0),1,,13,"void convert_kernel<__half2, float2>(tensor_layout_any, T1 *, tensor_layout_any, const T2 *)"
6126448427,17280,435772,,,,,,,,,,0.094,5422.188,Pinned,Device,NVIDIA A100-SXM4-40GB MIG 4g.20gb (0),1,,13,[CUDA memcpy Host-to-Device]
6126487915,46719,435773,,,,,,,,,,35.810,766475.528,Device,,NVIDIA A100-SXM4-40GB MIG 4g.20gb (0),1,,13,[CUDA memset]
6126537994,11136,435775,,,,,,,,,,0.000,7.184,Pinned,Device,NVIDIA A100-SXM4-40GB MIG 4g.20gb (0),1,,13,[CUDA memcpy Host-to-Device]
6126556234,34207,435776,,,,,,,,,,0.197,5747.442,Pinned,Device,NVIDIA A100-SXM4-40GB MIG 4g.20gb (0),1,,13,[CUDA memcpy Host-to-Device]
6126615273,9888,435777,273,1,1,48,1,1,40,0.000,0.001,,,,,NVIDIA A100-SXM4-40GB MIG 4g.20gb (0),1,,13,"void pusch_noise_intf_est::noiseIntfEstNoDftSOfdmKernel<float, __half, float, float, (unsigned int)2, (unsigned int)1, (unsigned char)4, (unsigned char)4>(pusch_noise_intf_est::puschRxNoiseIntfEstDynDescr)"
6126631241,2624,435788,35,1,1,128,1,1,16,0.000,0.000,,,,,NVIDIA A100-SXM4-40GB MIG 4g.20gb (0),1,,13,cupy_copy__complex64_complex64
6126648105,1664,435797,1,1,1,1,1,1,18,0.000,0.000,,,,,NVIDIA A100-SXM4-40GB MIG 4g.20gb (0),1,,13,cupy_copy__float32_float32
6126652489,7039,435803,,,,,,,,,,0.000,0.568,Device,Pageable,NVIDIA A100-SXM4-40GB MIG 4g.20gb (0),1,,7,[CUDA memcpy Device-to-Host]
6126750023,12544,435814,1434,1,1,128,1,1,16,0.000,0.000,,,,,NVIDIA A100-SXM4-40GB MIG 4g.20gb (0),1,,13,cupy_copy__complex64_complex64
6126772519,3392,435821,103,1,1,128,1,1,16,0.000,0.000,,,,,NVIDIA A100-SXM4-40GB MIG 4g.20gb (0),1,,13,cupy_copy__complex64_complex64
6126804551,2464,435828,35,1,1,128,1,1,16,0.000,0.000,,,,,NVIDIA A100-SXM4-40GB MIG 4g.20gb (0),1,,13,cupy_copy__complex64_complex64
6126817606,1728,435835,1,1,1,1,1,1,18,0.000,0.000,,,,,NVIDIA A100-SXM4-40GB MIG 4g.20gb (0),1,,13,cupy_copy__float32_float32
6126953765,85791,435846,1,1,1,32,32,1,30,0.000,0.000,,,,,NVIDIA A100-SXM4-40GB MIG 4g.20gb (0),1,,13,"void convert_kernel<__half2, float2>(tensor_layout_any, T1 *, tensor_layout_any, const T2 *)"
6127066979,7232,435849,,,,,,,,,,0.094,12955.721,Pinned,Device,NVIDIA A100-SXM4-40GB MIG 4g.20gb (0),1,,13,[CUDA memcpy Host-to-Device]
6127084227,3328,435850,,,,,,,,,,1.547,464729.580,Device,,NVIDIA A100-SXM4-40GB MIG 4g.20gb (0),1,,13,[CUDA memset]
6127088035,3488,435855,,,,,,,,,,0.031,8972.469,Pinned,Device,NVIDIA A100-SXM4-40GB MIG 4g.20gb (0),1,,13,[CUDA memcpy Host-to-Device]
6127094211,9856,435856,,,,,,,,,,0.197,19948.044,Pinned,Device,NVIDIA A100-SXM4-40GB MIG 4g.20gb (0),1,,13,[CUDA memcpy Host-to-Device]
6127112451,6752,435857,273,1,1,8,4,1,39,0.002,0.000,,,,,NVIDIA A100-SXM4-40GB MIG 4g.20gb (0),1,,13,"void channel_eq::eqMmseCoefCompLowMimoKernel<float, float, float, (unsigned int)4, (unsigned int)1, (unsigned int)4>(const channel_eq::_puschRxChEqStatDescr *, channel_eq::_puschRxChEqCoefCompDynDescr)"
6127121219,6080,435858,273,1,1,12,11,1,51,0.002,0.000,,,,,NVIDIA A100-SXM4-40GB MIG 4g.20gb (0),1,,13,"void channel_eq::eqMmseSoftDemapKernel<float, __half, __half, float, (unsigned int)4, (unsigned short)16383>(channel_eq::_puschRxChEqStatDescr *, channel_eq::_puschRxChEqSoftDemapDynDescr)"
6127128899,283356,435859,1,1,1,32,32,1,30,0.000,0.000,,,,,NVIDIA A100-SXM4-40GB MIG 4g.20gb (0),1,,13,"void convert_kernel<float2, __half2>(tensor_layout_any, T1 *, tensor_layout_any, const T2 *)"
6127413471,10976,435871,2253,1,1,128,1,1,16,0.000,0.000,,,,,NVIDIA A100-SXM4-40GB MIG 4g.20gb (0),1,,13,cupy_copy__float16_float16
6127426975,3904,435880,282,1,1,128,1,1,16,0.000,0.000,,,,,NVIDIA A100-SXM4-40GB MIG 4g.20gb (0),1,,13,cupy_copy__complex64_complex64
6127434399,2112,435889,26,1,1,128,1,1,16,0.000,0.000,,,,,NVIDIA A100-SXM4-40GB MIG 4g.20gb (0),1,,13,cupy_copy__float32_float32
6127438815,5120,435898,103,1,1,128,1,1,16,0.000,0.000,,,,,NVIDIA A100-SXM4-40GB MIG 4g.20gb (0),1,,13,cupy_copy__complex64_complex64
6127447807,11936,435908,1434,1,1,128,1,1,16,0.000,0.000,,,,,NVIDIA A100-SXM4-40GB MIG 4g.20gb (0),1,,13,cupy_copy__complex64_complex64
6127461727,87582,435913,1,1,1,32,32,1,30,0.000,0.000,,,,,NVIDIA A100-SXM4-40GB MIG 4g.20gb (0),1,,13,"void convert_kernel<__half2, float2>(tensor_layout_any, T1 *, tensor_layout_any, const T2 *)"
6127576733,5664,435916,,,,,,,,,,0.094,16542.310,Pinned,Device,NVIDIA A100-SXM4-40GB MIG 4g.20gb (0),1,,13,[CUDA memcpy Host-to-Device]
6127586973,598169,435917,,,,,,,,,,456.561,762914.166,Device,,NVIDIA A100-SXM4-40GB MIG 4g.20gb (0),1,,13,[CUDA memset]
6128191222,120734,435922,,,,,,,,,,1.235,10227.806,Pinned,Device,NVIDIA A100-SXM4-40GB MIG 4g.20gb (0),1,,13,[CUDA memcpy Host-to-Device]
6128318452,20416,435923,,,,,,,,,,0.197,9630.056,Pinned,Device,NVIDIA A100-SXM4-40GB MIG 4g.20gb (0),1,,13,[CUDA memcpy Host-to-Device]
6128353076,8959,435924,69,4,1,48,1,1,76,0.002,0.000,,,,,NVIDIA A100-SXM4-40GB MIG 4g.20gb (0),1,,13,"void ch_est::windowedChEstPreNoDftSOfdmKernel<float, __half, float, (unsigned int)2, (unsigned int)1, (unsigned short)4>(ch_est::puschRxChEstStatDescr_t *, ch_est::puschRxChEstDynDescr_t *)"
6128369171,6080,435925,137,2,1,24,2,1,44,0.001,0.001,,,,,NVIDIA A100-SXM4-40GB MIG 4g.20gb (0),1,,13,"void ch_est::chEstFilterNoDftSOfdmDispatchKernel<float, __half, float, (unsigned int)2>(ch_est::puschRxChEstStatDescr_t *, ch_est::puschRxChEstDynDescr_t *)"
6128377011,5184,435926,137,2,1,24,2,1,44,0.001,0.001,,,,,NVIDIA A100-SXM4-40GB MIG 4g.20gb (0),1,,13,"void ch_est::chEstFilterNoDftSOfdmDispatchKernel<float, __half, float, (unsigned int)2>(ch_est::puschRxChEstStatDescr_t *, ch_est::puschRxChEstDynDescr_t *)"
6128385811,3200,435937,103,1,1,128,1,1,16,0.000,0.000,,,,,NVIDIA A100-SXM4-40GB MIG 4g.20gb (0),1,,13,cupy_copy__complex64_complex64
6128393491,12832,435947,1434,1,1,128,1,1,16,0.000,0.000,,,,,NVIDIA A100-SXM4-40GB MIG 4g.20gb (0),1,,13,cupy_copy__complex64_complex64
6128409075,3136,435954,103,1,1,128,1,1,16,0.000,0.000,,,,,NVIDIA A100-SXM4-40GB MIG 4g.20gb (0),1,,13,cupy_copy__complex64_complex64
6128417363,83135,435961,1,1,1,32,32,1,30,0.000,0.000,,,,,NVIDIA A100-SXM4-40GB MIG 4g.20gb (0),1,,13,"void convert_kernel<__half2, float2>(tensor_layout_any, T1 *, tensor_layout_any, const T2 *)"
6128527601,6624,435964,,,,,,,,,,0.094,14144.910,Pinned,Device,NVIDIA A100-SXM4-40GB MIG 4g.20gb (0),1,,13,[CUDA memcpy Host-to-Device]
6128540497,47232,435965,,,,,,,,,,35.810,758167.626,Device,,NVIDIA A100-SXM4-40GB MIG 4g.20gb (0),1,,13,[CUDA memset]
6128593553,4576,435967,,,,,,,,,,0.000,17.482,Pinned,Device,NVIDIA A100-SXM4-40GB MIG 4g.20gb (0),1,,13,[CUDA memcpy Host-to-Device]
6128602832,13440,435968,,,,,,,,,,0.197,14628.422,Pinned,Device,NVIDIA A100-SXM4-40GB MIG 4g.20gb (0),1,,13,[CUDA memcpy Host-to-Device]
6128625104,9376,435969,273,1,1,48,1,1,40,0.000,0.001,,,,,NVIDIA A100-SXM4-40GB MIG 4g.20gb (0),1,,13,"void pusch_noise_intf_est::noiseIntfEstNoDftSOfdmKernel<float, __half, float, float, (unsigned int)2, (unsigned int)1, (unsigned char)4, (unsigned char)4>(pusch_noise_intf_est::puschRxNoiseIntfEstDynDescr)"
6128636304,3168,435980,35,1,1,128,1,1,16,0.000,0.000,,,,,NVIDIA A100-SXM4-40GB MIG 4g.20gb (0),1,,13,cupy_copy__complex64_complex64
6128650448,1920,435989,1,1,1,1,1,1,18,0.000,0.000,,,,,NVIDIA A100-SXM4-40GB MIG 4g.20gb (0),1,,13,cupy_copy__float32_float32
6128683727,1632,435995,,,,,,,,,,0.000,2.451,Device,Pageable,NVIDIA A100-SXM4-40GB MIG 4g.20gb (0),1,,7,[CUDA memcpy Device-to-Host]
6128745295,12960,436006,1434,1,1,128,1,1,16,0.000,0.000,,,,,NVIDIA A100-SXM4-40GB MIG 4g.20gb (0),1,,13,cupy_copy__complex64_complex64
6128771854,3392,436013,103,1,1,128,1,1,16,0.000,0.000,,,,,NVIDIA A100-SXM4-40GB MIG 4g.20gb (0),1,,13,cupy_copy__complex64_complex64
6128791854,2368,436020,35,1,1,128,1,1,16,0.000,0.000,,,,,NVIDIA A100-SXM4-40GB MIG 4g.20gb (0),1,,13,cupy_copy__complex64_complex64
6128810446,1760,436027,1,1,1,1,1,1,18,0.000,0.000,,,,,NVIDIA A100-SXM4-40GB MIG 4g.20gb (0),1,,13,cupy_copy__float32_float32
6128943852,87007,436038,1,1,1,32,32,1,30,0.000,0.000,,,,,NVIDIA A100-SXM4-40GB MIG 4g.20gb (0),1,,13,"void convert_kernel<__half2, float2>(tensor_layout_any, T1 *, tensor_layout_any, const T2 *)"
6129058859,5664,436041,,,,,,,,,,0.094,16542.310,Pinned,Device,NVIDIA A100-SXM4-40GB MIG 4g.20gb (0),1,,13,[CUDA memcpy Host-to-Device]
6129072555,3264,436042,,,,,,,,,,1.547,473842.288,Device,,NVIDIA A100-SXM4-40GB MIG 4g.20gb (0),1,,13,[CUDA memset]
6129080043,3328,436047,,,,,,,,,,0.031,9403.822,Pinned,Device,NVIDIA A100-SXM4-40GB MIG 4g.20gb (0),1,,13,[CUDA memcpy Host-to-Device]
6129086250,9952,436048,,,,,,,,,,0.197,19755.565,Pinned,Device,NVIDIA A100-SXM4-40GB MIG 4g.20gb (0),1,,13,[CUDA memcpy Host-to-Device]
6129100746,7424,436049,273,1,1,8,4,1,39,0.002,0.000,,,,,NVIDIA A100-SXM4-40GB MIG 4g.20gb (0),1,,13,"void channel_eq::eqMmseCoefCompLowMimoKernel<float, float, float, (unsigned int)4, (unsigned int)1, (unsigned int)4>(const channel_eq::_puschRxChEqStatDescr *, channel_eq::_puschRxChEqCoefCompDynDescr)"
6129110506,5568,436050,273,1,1,12,11,1,51,0.002,0.000,,,,,NVIDIA A100-SXM4-40GB MIG 4g.20gb (0),1,,13,"void channel_eq::eqMmseSoftDemapKernel<float, __half, __half, float, (unsigned int)4, (unsigned short)16383>(channel_eq::_puschRxChEqStatDescr *, channel_eq::_puschRxChEqSoftDemapDynDescr)"
6129117450,290749,436051,1,1,1,32,32,1,30,0.000,0.000,,,,,NVIDIA A100-SXM4-40GB MIG 4g.20gb (0),1,,13,"void convert_kernel<float2, __half2>(tensor_layout_any, T1 *, tensor_layout_any, const T2 *)"
6129409351,10847,436063,2253,1,1,128,1,1,16,0.000,0.000,,,,,NVIDIA A100-SXM4-40GB MIG 4g.20gb (0),1,,13,cupy_copy__float16_float16
6129423174,3872,436072,282,1,1,128,1,1,16,0.000,0.000,,,,,NVIDIA A100-SXM4-40GB MIG 4g.20gb (0),1,,13,cupy_copy__complex64_complex64
6129431206,2176,436081,26,1,1,128,1,1,16,0.000,0.000,,,,,NVIDIA A100-SXM4-40GB MIG 4g.20gb (0),1,,13,cupy_copy__float32_float32
6129437094,4672,436090,103,1,1,128,1,1,16,0.000,0.000,,,,,NVIDIA A100-SXM4-40GB MIG 4g.20gb (0),1,,13,cupy_copy__complex64_complex64
6129444582,12672,436100,1434,1,1,128,1,1,16,0.000,0.000,,,,,NVIDIA A100-SXM4-40GB MIG 4g.20gb (0),1,,13,cupy_copy__complex64_complex64
6129459718,81983,436105,1,1,1,32,32,1,30,0.000,0.000,,,,,NVIDIA A100-SXM4-40GB MIG 4g.20gb (0),1,,13,"void convert_kernel<__half2, float2>(tensor_layout_any, T1 *, tensor_layout_any, const T2 *)"
6129568645,5791,436108,,,,,,,,,,0.094,16179.519,Pinned,Device,NVIDIA A100-SXM4-40GB MIG 4g.20gb (0),1,,13,[CUDA memcpy Host-to-Device]
6129581060,600089,436109,,,,,,,,,,456.561,760631.359,Device,,NVIDIA A100-SXM4-40GB MIG 4g.20gb (0),1,,13,[CUDA memset]
6130184925,164254,436114,,,,,,,,,,1.235,7518.339,Pinned,Device,NVIDIA A100-SXM4-40GB MIG 4g.20gb (0),1,,13,[CUDA memcpy Host-to-Device]
6130360539,41183,436115,,,,,,,,,,0.197,4773.839,Pinned,Device,NVIDIA A100-SXM4-40GB MIG 4g.20gb (0),1,,13,[CUDA memcpy Host-to-Device]
6130421754,8256,436116,69,4,1,48,1,1,76,0.002,0.000,,,,,NVIDIA A100-SXM4-40GB MIG 4g.20gb (0),1,,13,"void ch_est::windowedChEstPreNoDftSOfdmKernel<float, __half, float, (unsigned int)2, (unsigned int)1, (unsigned short)4>(ch_est::puschRxChEstStatDescr_t *, ch_est::puschRxChEstDynDescr_t *)"
6130439930,6720,436117,137,2,1,24,2,1,44,0.001,0.001,,,,,NVIDIA A100-SXM4-40GB MIG 4g.20gb (0),1,,13,"void ch_est::chEstFilterNoDftSOfdmDispatchKernel<float, __half, float, (unsigned int)2>(ch_est::puschRxChEstStatDescr_t *, ch_est::puschRxChEstDynDescr_t *)"
6130452314,4736,436118,137,2,1,24,2,1,44,0.001,0.001,,,,,NVIDIA A100-SXM4-40GB MIG 4g.20gb (0),1,,13,"void ch_est::chEstFilterNoDftSOfdmDispatchKernel<float, __half, float, (unsigned int)2>(ch_est::puschRxChEstStatDescr_t *, ch_est::puschRxChEstDynDescr_t *)"
6130466937,2592,436129,103,1,1,128,1,1,16,0.000,0.000,,,,,NVIDIA A100-SXM4-40GB MIG 4g.20gb (0),1,,13,cupy_copy__complex64_complex64
6130478681,12416,436139,1434,1,1,128,1,1,16,0.000,0.000,,,,,NVIDIA A100-SXM4-40GB MIG 4g.20gb (0),1,,13,cupy_copy__complex64_complex64
6130493721,2912,436146,103,1,1,128,1,1,16,0.000,0.000,,,,,NVIDIA A100-SXM4-40GB MIG 4g.20gb (0),1,,13,cupy_copy__complex64_complex64
6130507417,93567,436153,1,1,1,32,32,1,30,0.000,0.000,,,,,NVIDIA A100-SXM4-40GB MIG 4g.20gb (0),1,,13,"void convert_kernel<__half2, float2>(tensor_layout_any, T1 *, tensor_layout_any, const T2 *)"
6130631831,13472,436156,,,,,,,,,,0.094,6954.867,Pinned,Device,NVIDIA A100-SXM4-40GB MIG 4g.20gb (0),1,,13,[CUDA memcpy Host-to-Device]
6130651479,47456,436157,,,,,,,,,,35.810,754586.634,Device,,NVIDIA A100-SXM4-40GB MIG 4g.20gb (0),1,,13,[CUDA memset]
6130706135,8863,436159,,,,,,,,,,0.000,9.026,Pinned,Device,NVIDIA A100-SXM4-40GB MIG 4g.20gb (0),1,,13,[CUDA memcpy Host-to-Device]
6130720758,16992,436160,,,,,,,,,,0.197,11570.577,Pinned,Device,NVIDIA A100-SXM4-40GB MIG 4g.20gb (0),1,,13,[CUDA memcpy Host-to-Device]
6130751926,10272,436161,273,1,1,48,1,1,40,0.000,0.001,,,,,NVIDIA A100-SXM4-40GB MIG 4g.20gb (0),1,,13,"void pusch_noise_intf_est::noiseIntfEstNoDftSOfdmKernel<float, __half, float, float, (unsigned int)2, (unsigned int)1, (unsigned char)4, (unsigned char)4>(pusch_noise_intf_est::puschRxNoiseIntfEstDynDescr)"
6130767862,2944,436172,35,1,1,128,1,1,16,0.000,0.000,,,,,NVIDIA A100-SXM4-40GB MIG 4g.20gb (0),1,,13,cupy_copy__complex64_complex64
6130777910,1664,436181,1,1,1,1,1,1,18,0.000,0.000,,,,,NVIDIA A100-SXM4-40GB MIG 4g.20gb (0),1,,13,cupy_copy__float32_float32
6130787894,3935,436187,,,,,,,,,,0.000,1.017,Device,Pageable,NVIDIA A100-SXM4-40GB MIG 4g.20gb (0),1,,7,[CUDA memcpy Device-to-Host]
6130865045,12863,436198,1434,1,1,128,1,1,16,0.000,0.000,,,,,NVIDIA A100-SXM4-40GB MIG 4g.20gb (0),1,,13,cupy_copy__complex64_complex64
6130895284,3040,436205,103,1,1,128,1,1,16,0.000,0.000,,,,,NVIDIA A100-SXM4-40GB MIG 4g.20gb (0),1,,13,cupy_copy__complex64_complex64
6130916948,2464,436212,35,1,1,128,1,1,16,0.000,0.000,,,,,NVIDIA A100-SXM4-40GB MIG 4g.20gb (0),1,,13,cupy_copy__complex64_complex64
6130932980,1984,436219,1,1,1,1,1,1,18,0.000,0.000,,,,,NVIDIA A100-SXM4-40GB MIG 4g.20gb (0),1,,13,cupy_copy__float32_float32
6131063890,81567,436230,1,1,1,32,32,1,30,0.000,0.000,,,,,NVIDIA A100-SXM4-40GB MIG 4g.20gb (0),1,,13,"void convert_kernel<__half2, float2>(tensor_layout_any, T1 *, tensor_layout_any, const T2 *)"
6131173329,6176,436233,,,,,,,,,,0.094,15170.975,Pinned,Device,NVIDIA A100-SXM4-40GB MIG 4g.20gb (0),1,,13,[CUDA memcpy Host-to-Device]
6131189041,3680,436234,,,,,,,,,,1.547,420278.059,Device,,NVIDIA A100-SXM4-40GB MIG 4g.20gb (0),1,,13,[CUDA memset]
6131194608,3040,436239,,,,,,,,,,0.031,10294.725,Pinned,Device,NVIDIA A100-SXM4-40GB MIG 4g.20gb (0),1,,13,[CUDA memcpy Host-to-Device]
6131200400,9824,436240,,,,,,,,,,0.197,20012.925,Pinned,Device,NVIDIA A100-SXM4-40GB MIG 4g.20gb (0),1,,13,[CUDA memcpy Host-to-Device]
6131214352,8512,436241,273,1,1,8,4,1,39,0.002,0.000,,,,,NVIDIA A100-SXM4-40GB MIG 4g.20gb (0),1,,13,"void channel_eq::eqMmseCoefCompLowMimoKernel<float, float, float, (unsigned int)4, (unsigned int)1, (unsigned int)4>(const channel_eq::_puschRxChEqStatDescr *, channel_eq::_puschRxChEqCoefCompDynDescr)"
6131226256,6688,436242,273,1,1,12,11,1,51,0.002,0.000,,,,,NVIDIA A100-SXM4-40GB MIG 4g.20gb (0),1,,13,"void channel_eq::eqMmseSoftDemapKernel<float, __half, __half, float, (unsigned int)4, (unsigned short)16383>(channel_eq::_puschRxChEqStatDescr *, channel_eq::_puschRxChEqSoftDemapDynDescr)"
6131233936,282429,436243,1,1,1,32,32,1,30,0.000,0.000,,,,,NVIDIA A100-SXM4-40GB MIG 4g.20gb (0),1,,13,"void convert_kernel<float2, __half2>(tensor_layout_any, T1 *, tensor_layout_any, const T2 *)"
6131517325,10975,436255,2253,1,1,128,1,1,16,0.000,0.000,,,,,NVIDIA A100-SXM4-40GB MIG 4g.20gb (0),1,,13,cupy_copy__float16_float16
6131531660,3392,436264,282,1,1,128,1,1,16,0.000,0.000,,,,,NVIDIA A100-SXM4-40GB MIG 4g.20gb (0),1,,13,cupy_copy__complex64_complex64
6131537932,2208,436273,26,1,1,128,1,1,16,0.000,0.000,,,,,NVIDIA A100-SXM4-40GB MIG 4g.20gb (0),1,,13,cupy_copy__float32_float32
6131541964,3008,436282,103,1,1,128,1,1,16,0.000,0.000,,,,,NVIDIA A100-SXM4-40GB MIG 4g.20gb (0),1,,13,cupy_copy__complex64_complex64
6131546028,12416,436292,1434,1,1,128,1,1,16,0.000,0.000,,,,,NVIDIA A100-SXM4-40GB MIG 4g.20gb (0),1,,13,cupy_copy__complex64_complex64
6131563980,82879,436297,1,1,1,32,32,1,30,0.000,0.000,,,,,NVIDIA A100-SXM4-40GB MIG 4g.20gb (0),1,,13,"void convert_kernel<__half2, float2>(tensor_layout_any, T1 *, tensor_layout_any, const T2 *)"
6131674507,5471,436300,,,,,,,,,,0.094,17125.849,Pinned,Device,NVIDIA A100-SXM4-40GB MIG 4g.20gb (0),1,,13,[CUDA memcpy Host-to-Device]
6131684938,596217,436301,,,,,,,,,,456.561,765653.535,Device,,NVIDIA A100-SXM4-40GB MIG 4g.20gb (0),1,,13,[CUDA memset]
6132281859,142142,436306,,,,,,,,,,1.235,8687.831,Pinned,Device,NVIDIA A100-SXM4-40GB MIG 4g.20gb (0),1,,13,[CUDA memcpy Host-to-Device]
6132435393,41824,436307,,,,,,,,,,0.197,4700.701,Pinned,Device,NVIDIA A100-SXM4-40GB MIG 4g.20gb (0),1,,13,[CUDA memcpy Host-to-Device]
6132499136,8320,436308,69,4,1,48,1,1,76,0.002,0.000,,,,,NVIDIA A100-SXM4-40GB MIG 4g.20gb (0),1,,13,"void ch_est::windowedChEstPreNoDftSOfdmKernel<float, __half, float, (unsigned int)2, (unsigned int)1, (unsigned short)4>(ch_est::puschRxChEstStatDescr_t *, ch_est::puschRxChEstDynDescr_t *)"
6132518688,6784,436309,137,2,1,24,2,1,44,0.001,0.001,,,,,NVIDIA A100-SXM4-40GB MIG 4g.20gb (0),1,,13,"void ch_est::chEstFilterNoDftSOfdmDispatchKernel<float, __half, float, (unsigned int)2>(ch_est::puschRxChEstStatDescr_t *, ch_est::puschRxChEstDynDescr_t *)"
6132535456,4736,436310,137,2,1,24,2,1,44,0.001,0.001,,,,,NVIDIA A100-SXM4-40GB MIG 4g.20gb (0),1,,13,"void ch_est::chEstFilterNoDftSOfdmDispatchKernel<float, __half, float, (unsigned int)2>(ch_est::puschRxChEstStatDescr_t *, ch_est::puschRxChEstDynDescr_t *)"
6132552320,2688,436321,103,1,1,128,1,1,16,0.000,0.000,,,,,NVIDIA A100-SXM4-40GB MIG 4g.20gb (0),1,,13,cupy_copy__complex64_complex64
6132569088,12383,436331,1434,1,1,128,1,1,16,0.000,0.000,,,,,NVIDIA A100-SXM4-40GB MIG 4g.20gb (0),1,,13,cupy_copy__complex64_complex64
6132590559,2880,436338,103,1,1,128,1,1,16,0.000,0.000,,,,,NVIDIA A100-SXM4-40GB MIG 4g.20gb (0),1,,13,cupy_copy__complex64_complex64
6132616383,88287,436345,1,1,1,32,32,1,30,0.000,0.000,,,,,NVIDIA A100-SXM4-40GB MIG 4g.20gb (0),1,,13,"void convert_kernel<__half2, float2>(tensor_layout_any, T1 *, tensor_layout_any, const T2 *)"
6132736125,20832,436348,,,,,,,,,,0.094,4497.689,Pinned,Device,NVIDIA A100-SXM4-40GB MIG 4g.20gb (0),1,,13,[CUDA memcpy Host-to-Device]
6132766525,46816,436349,,,,,,,,,,35.810,764899.891,Device,,NVIDIA A100-SXM4-40GB MIG 4g.20gb (0),1,,13,[CUDA memset]
6132818140,9984,436351,,,,,,,,,,0.000,8.013,Pinned,Device,NVIDIA A100-SXM4-40GB MIG 4g.20gb (0),1,,13,[CUDA memcpy Host-to-Device]
6132834812,22784,436352,,,,,,,,,,0.197,8629.125,Pinned,Device,NVIDIA A100-SXM4-40GB MIG 4g.20gb (0),1,,13,[CUDA memcpy Host-to-Device]
6132876860,12800,436353,273,1,1,48,1,1,40,0.000,0.001,,,,,NVIDIA A100-SXM4-40GB MIG 4g.20gb (0),1,,13,"void pusch_noise_intf_est::noiseIntfEstNoDftSOfdmKernel<float, __half, float, float, (unsigned int)2, (unsigned int)1, (unsigned char)4, (unsigned char)4>(pusch_noise_intf_est::puschRxNoiseIntfEstDynDescr)"
6132893084,3007,436364,35,1,1,128,1,1,16,0.000,0.000,,,,,NVIDIA A100-SXM4-40GB MIG 4g.20gb (0),1,,13,cupy_copy__complex64_complex64
6132900923,2112,436373,1,1,1,1,1,1,18,0.000,0.000,,,,,NVIDIA A100-SXM4-40GB MIG 4g.20gb (0),1,,13,cupy_copy__float32_float32
6132908027,5888,436379,,,,,,,,,,0.000,0.679,Device,Pageable,NVIDIA A100-SXM4-40GB MIG 4g.20gb (0),1,,7,[CUDA memcpy Device-to-Host]
6132986650,12736,436390,1434,1,1,128,1,1,16,0.000,0.000,,,,,NVIDIA A100-SXM4-40GB MIG 4g.20gb (0),1,,13,cupy_copy__complex64_complex64
6133011546,2944,436397,103,1,1,128,1,1,16,0.000,0.000,,,,,NVIDIA A100-SXM4-40GB MIG 4g.20gb (0),1,,13,cupy_copy__complex64_complex64
6133029082,2304,436404,35,1,1,128,1,1,16,0.000,0.000,,,,,NVIDIA A100-SXM4-40GB MIG 4g.20gb (0),1,,13,cupy_copy__complex64_complex64
6133051642,1760,436411,1,1,1,1,1,1,18,0.000,0.000,,,,,NVIDIA A100-SXM4-40GB MIG 4g.20gb (0),1,,13,cupy_copy__float32_float32
6133178328,83231,436422,1,1,1,32,32,1,30,0.000,0.000,,,,,NVIDIA A100-SXM4-40GB MIG 4g.20gb (0),1,,13,"void convert_kernel<__half2, float2>(tensor_layout_any, T1 *, tensor_layout_any, const T2 *)"
6133288599,5440,436425,,,,,,,,,,0.094,17223.480,Pinned,Device,NVIDIA A100-SXM4-40GB MIG 4g.20gb (0),1,,13,[CUDA memcpy Host-to-Device]
6133303318,3424,436426,,,,,,,,,,1.547,451700.819,Device,,NVIDIA A100-SXM4-40GB MIG 4g.20gb (0),1,,13,[CUDA memset]
6133309974,3264,436431,,,,,,,,,,0.031,9588.218,Pinned,Device,NVIDIA A100-SXM4-40GB MIG 4g.20gb (0),1,,13,[CUDA memcpy Host-to-Device]
6133315670,9920,436432,,,,,,,,,,0.197,19819.266,Pinned,Device,NVIDIA A100-SXM4-40GB MIG 4g.20gb (0),1,,13,[CUDA memcpy Host-to-Device]
6133330934,6336,436433,273,1,1,8,4,1,39,0.002,0.000,,,,,NVIDIA A100-SXM4-40GB MIG 4g.20gb (0),1,,13,"void channel_eq::eqMmseCoefCompLowMimoKernel<float, float, float, (unsigned int)4, (unsigned int)1, (unsigned int)4>(const channel_eq::_puschRxChEqStatDescr *, channel_eq::_puschRxChEqCoefCompDynDescr)"
6133338326,6080,436434,273,1,1,12,11,1,51,0.002,0.000,,,,,NVIDIA A100-SXM4-40GB MIG 4g.20gb (0),1,,13,"void channel_eq::eqMmseSoftDemapKernel<float, __half, __half, float, (unsigned int)4, (unsigned short)16383>(channel_eq::_puschRxChEqStatDescr *, channel_eq::_puschRxChEqSoftDemapDynDescr)"
6133345526,283356,436435,1,1,1,32,32,1,30,0.000,0.000,,,,,NVIDIA A100-SXM4-40GB MIG 4g.20gb (0),1,,13,"void convert_kernel<float2, __half2>(tensor_layout_any, T1 *, tensor_layout_any, const T2 *)"
6133629938,10944,436447,2253,1,1,128,1,1,16,0.000,0.000,,,,,NVIDIA A100-SXM4-40GB MIG 4g.20gb (0),1,,13,cupy_copy__float16_float16
6133643890,3744,436456,282,1,1,128,1,1,16,0.000,0.000,,,,,NVIDIA A100-SXM4-40GB MIG 4g.20gb (0),1,,13,cupy_copy__complex64_complex64
6133649426,2304,436465,26,1,1,128,1,1,16,0.000,0.000,,,,,NVIDIA A100-SXM4-40GB MIG 4g.20gb (0),1,,13,cupy_copy__float32_float32
6133654386,5888,436474,103,1,1,128,1,1,16,0.000,0.000,,,,,NVIDIA A100-SXM4-40GB MIG 4g.20gb (0),1,,13,cupy_copy__complex64_complex64
6133661682,11968,436484,1434,1,1,128,1,1,16,0.000,0.000,,,,,NVIDIA A100-SXM4-40GB MIG 4g.20gb (0),1,,13,cupy_copy__complex64_complex64
6133678866,85983,436489,1,1,1,32,32,1,30,0.000,0.000,,,,,NVIDIA A100-SXM4-40GB MIG 4g.20gb (0),1,,13,"void convert_kernel<__half2, float2>(tensor_layout_any, T1 *, tensor_layout_any, const T2 *)"
6133791728,6176,436492,,,,,,,,,,0.094,15170.975,Pinned,Device,NVIDIA A100-SXM4-40GB MIG 4g.20gb (0),1,,13,[CUDA memcpy Host-to-Device]
6133801360,598521,436493,,,,,,,,,,456.561,762457.605,Device,,NVIDIA A100-SXM4-40GB MIG 4g.20gb (0),1,,13,[CUDA memset]
6134401065,171998,436498,,,,,,,,,,1.235,7179.964,Pinned,Device,NVIDIA A100-SXM4-40GB MIG 4g.20gb (0),1,,13,[CUDA memcpy Host-to-Device]
6134583815,33663,436499,,,,,,,,,,0.197,5840.437,Pinned,Device,NVIDIA A100-SXM4-40GB MIG 4g.20gb (0),1,,13,[CUDA memcpy Host-to-Device]
6134634342,8064,436500,69,4,1,48,1,1,76,0.002,0.000,,,,,NVIDIA A100-SXM4-40GB MIG 4g.20gb (0),1,,13,"void ch_est::windowedChEstPreNoDftSOfdmKernel<float, __half, float, (unsigned int)2, (unsigned int)1, (unsigned short)4>(ch_est::puschRxChEstStatDescr_t *, ch_est::puschRxChEstDynDescr_t *)"
6134650182,7040,436501,137,2,1,24,2,1,44,0.001,0.001,,,,,NVIDIA A100-SXM4-40GB MIG 4g.20gb (0),1,,13,"void ch_est::chEstFilterNoDftSOfdmDispatchKernel<float, __half, float, (unsigned int)2>(ch_est::puschRxChEstStatDescr_t *, ch_est::puschRxChEstDynDescr_t *)"
6134670406,4800,436502,137,2,1,24,2,1,44,0.001,0.001,,,,,NVIDIA A100-SXM4-40GB MIG 4g.20gb (0),1,,13,"void ch_est::chEstFilterNoDftSOfdmDispatchKernel<float, __half, float, (unsigned int)2>(ch_est::puschRxChEstStatDescr_t *, ch_est::puschRxChEstDynDescr_t *)"
6134686181,2752,436513,103,1,1,128,1,1,16,0.000,0.000,,,,,NVIDIA A100-SXM4-40GB MIG 4g.20gb (0),1,,13,cupy_copy__complex64_complex64
6134698245,12736,436523,1434,1,1,128,1,1,16,0.000,0.000,,,,,NVIDIA A100-SXM4-40GB MIG 4g.20gb (0),1,,13,cupy_copy__complex64_complex64
6134718789,2496,436530,103,1,1,128,1,1,16,0.000,0.000,,,,,NVIDIA A100-SXM4-40GB MIG 4g.20gb (0),1,,13,cupy_copy__complex64_complex64
6134729669,85887,436537,1,1,1,32,32,1,30,0.000,0.000,,,,,NVIDIA A100-SXM4-40GB MIG 4g.20gb (0),1,,13,"void convert_kernel<__half2, float2>(tensor_layout_any, T1 *, tensor_layout_any, const T2 *)"
6134855843,20992,436540,,,,,,,,,,0.094,4463.396,Pinned,Device,NVIDIA A100-SXM4-40GB MIG 4g.20gb (0),1,,13,[CUDA memcpy Host-to-Device]
6134897475,47295,436541,,,,,,,,,,35.810,757129.139,Device,,NVIDIA A100-SXM4-40GB MIG 4g.20gb (0),1,,13,[CUDA memset]
6134951746,5408,436543,,,,,,,,,,0.000,14.793,Pinned,Device,NVIDIA A100-SXM4-40GB MIG 4g.20gb (0),1,,13,[CUDA memcpy Host-to-Device]
6134970690,23392,436544,,,,,,,,,,0.197,8404.795,Pinned,Device,NVIDIA A100-SXM4-40GB MIG 4g.20gb (0),1,,13,[CUDA memcpy Host-to-Device]
6135027521,9152,436545,273,1,1,48,1,1,40,0.000,0.001,,,,,NVIDIA A100-SXM4-40GB MIG 4g.20gb (0),1,,13,"void pusch_noise_intf_est::noiseIntfEstNoDftSOfdmKernel<float, __half, float, float, (unsigned int)2, (unsigned int)1, (unsigned char)4, (unsigned char)4>(pusch_noise_intf_est::puschRxNoiseIntfEstDynDescr)"
6135047169,2784,436556,35,1,1,128,1,1,16,0.000,0.000,,,,,NVIDIA A100-SXM4-40GB MIG 4g.20gb (0),1,,13,cupy_copy__complex64_complex64
6135063649,1696,436565,1,1,1,1,1,1,18,0.000,0.000,,,,,NVIDIA A100-SXM4-40GB MIG 4g.20gb (0),1,,13,cupy_copy__float32_float32
6135071649,8096,436571,,,,,,,,,,0.000,0.494,Device,Pageable,NVIDIA A100-SXM4-40GB MIG 4g.20gb (0),1,,7,[CUDA memcpy Device-to-Host]
6135171199,12704,436582,1434,1,1,128,1,1,16,0.000,0.000,,,,,NVIDIA A100-SXM4-40GB MIG 4g.20gb (0),1,,13,cupy_copy__complex64_complex64
6135193183,3008,436589,103,1,1,128,1,1,16,0.000,0.000,,,,,NVIDIA A100-SXM4-40GB MIG 4g.20gb (0),1,,13,cupy_copy__complex64_complex64
6135207999,2528,436596,35,1,1,128,1,1,16,0.000,0.000,,,,,NVIDIA A100-SXM4-40GB MIG 4g.20gb (0),1,,13,cupy_copy__complex64_complex64
6135234175,1792,436603,1,1,1,1,1,1,18,0.000,0.000,,,,,NVIDIA A100-SXM4-40GB MIG 4g.20gb (0),1,,13,cupy_copy__float32_float32
6135354845,87775,436614,1,1,1,32,32,1,30,0.000,0.000,,,,,NVIDIA A100-SXM4-40GB MIG 4g.20gb (0),1,,13,"void convert_kernel<__half2, float2>(tensor_layout_any, T1 *, tensor_layout_any, const T2 *)"
6135473180,9824,436617,,,,,,,,,,0.094,9537.410,Pinned,Device,NVIDIA A100-SXM4-40GB MIG 4g.20gb (0),1,,13,[CUDA memcpy Host-to-Device]
6135492027,3488,436618,,,,,,,,,,1.547,443412.461,Device,,NVIDIA A100-SXM4-40GB MIG 4g.20gb (0),1,,13,[CUDA memset]
6135504987,3232,436623,,,,,,,,,,0.031,9683.139,Pinned,Device,NVIDIA A100-SXM4-40GB MIG 4g.20gb (0),1,,13,[CUDA memcpy Host-to-Device]
6135514587,14176,436624,,,,,,,,,,0.197,13868.925,Pinned,Device,NVIDIA A100-SXM4-40GB MIG 4g.20gb (0),1,,13,[CUDA memcpy Host-to-Device]
6135543995,8160,436625,273,1,1,8,4,1,39,0.002,0.000,,,,,NVIDIA A100-SXM4-40GB MIG 4g.20gb (0),1,,13,"void channel_eq::eqMmseCoefCompLowMimoKernel<float, float, float, (unsigned int)4, (unsigned int)1, (unsigned int)4>(const channel_eq::_puschRxChEqStatDescr *, channel_eq::_puschRxChEqCoefCompDynDescr)"
6135560347,7840,436626,273,1,1,12,11,1,51,0.002,0.000,,,,,NVIDIA A100-SXM4-40GB MIG 4g.20gb (0),1,,13,"void channel_eq::eqMmseSoftDemapKernel<float, __half, __half, float, (unsigned int)4, (unsigned short)16383>(channel_eq::_puschRxChEqStatDescr *, channel_eq::_puschRxChEqSoftDemapDynDescr)"
6135574266,294781,436627,1,1,1,32,32,1,30,0.000,0.000,,,,,NVIDIA A100-SXM4-40GB MIG 4g.20gb (0),1,,13,"void convert_kernel<float2, __half2>(tensor_layout_any, T1 *, tensor_layout_any, const T2 *)"
6135870743,10976,436639,2253,1,1,128,1,1,16,0.000,0.000,,,,,NVIDIA A100-SXM4-40GB MIG 4g.20gb (0),1,,13,cupy_copy__float16_float16
6135883959,2688,436648,282,1,1,128,1,1,16,0.000,0.000,,,,,NVIDIA A100-SXM4-40GB MIG 4g.20gb (0),1,,13,cupy_copy__complex64_complex64
6135891223,2048,436657,26,1,1,128,1,1,16,0.000,0.000,,,,,NVIDIA A100-SXM4-40GB MIG 4g.20gb (0),1,,13,cupy_copy__float32_float32
6135896822,4768,436666,103,1,1,128,1,1,16,0.000,0.000,,,,,NVIDIA A100-SXM4-40GB MIG 4g.20gb (0),1,,13,cupy_copy__complex64_complex64
6135954454,12640,436682,1434,1,1,128,1,1,16,0.000,0.000,,,,,NVIDIA A100-SXM4-40GB MIG 4g.20gb (0),1,,13,cupy_copy__complex64_complex64
6136069684,82175,436687,1,1,1,32,32,1,30,0.000,0.000,,,,,NVIDIA A100-SXM4-40GB MIG 4g.20gb (0),1,,13,"void convert_kernel<__half2, float2>(tensor_layout_any, T1 *, tensor_layout_any, const T2 *)"
6136179027,5792,436690,,,,,,,,,,0.094,16176.708,Pinned,Device,NVIDIA A100-SXM4-40GB MIG 4g.20gb (0),1,,13,[CUDA memcpy Host-to-Device]
6136189139,597368,436691,,,,,,,,,,456.561,764283.851,Device,,NVIDIA A100-SXM4-40GB MIG 4g.20gb (0),1,,13,[CUDA memset]
6136792715,134687,436696,,,,,,,,,,1.235,9168.224,Pinned,Device,NVIDIA A100-SXM4-40GB MIG 4g.20gb (0),1,,13,[CUDA memcpy Host-to-Device]
6136939626,39999,436697,,,,,,,,,,0.197,4915.200,Pinned,Device,NVIDIA A100-SXM4-40GB MIG 4g.20gb (0),1,,13,[CUDA memcpy Host-to-Device]
6136996233,8192,436698,69,4,1,48,1,1,76,0.002,0.000,,,,,NVIDIA A100-SXM4-40GB MIG 4g.20gb (0),1,,13,"void ch_est::windowedChEstPreNoDftSOfdmKernel<float, __half, float, (unsigned int)2, (unsigned int)1, (unsigned short)4>(ch_est::puschRxChEstStatDescr_t *, ch_est::puschRxChEstDynDescr_t *)"
6137014249,6976,436699,137,2,1,24,2,1,44,0.001,0.001,,,,,NVIDIA A100-SXM4-40GB MIG 4g.20gb (0),1,,13,"void ch_est::chEstFilterNoDftSOfdmDispatchKernel<float, __half, float, (unsigned int)2>(ch_est::puschRxChEstStatDescr_t *, ch_est::puschRxChEstDynDescr_t *)"
6137030056,4736,436700,137,2,1,24,2,1,44,0.001,0.001,,,,,NVIDIA A100-SXM4-40GB MIG 4g.20gb (0),1,,13,"void ch_est::chEstFilterNoDftSOfdmDispatchKernel<float, __half, float, (unsigned int)2>(ch_est::puschRxChEstStatDescr_t *, ch_est::puschRxChEstDynDescr_t *)"
6137047560,2624,436711,103,1,1,128,1,1,16,0.000,0.000,,,,,NVIDIA A100-SXM4-40GB MIG 4g.20gb (0),1,,13,cupy_copy__complex64_complex64
6137062184,12864,436721,1434,1,1,128,1,1,16,0.000,0.000,,,,,NVIDIA A100-SXM4-40GB MIG 4g.20gb (0),1,,13,cupy_copy__complex64_complex64
6137100840,2656,436728,103,1,1,128,1,1,16,0.000,0.000,,,,,NVIDIA A100-SXM4-40GB MIG 4g.20gb (0),1,,13,cupy_copy__complex64_complex64
6137116775,82207,436735,1,1,1,32,32,1,30,0.000,0.000,,,,,NVIDIA A100-SXM4-40GB MIG 4g.20gb (0),1,,13,"void convert_kernel<__half2, float2>(tensor_layout_any, T1 *, tensor_layout_any, const T2 *)"
6137230310,17536,436738,,,,,,,,,,0.094,5343.014,Pinned,Device,NVIDIA A100-SXM4-40GB MIG 4g.20gb (0),1,,13,[CUDA memcpy Host-to-Device]
6137271206,47647,436739,,,,,,,,,,35.810,751542.791,Device,,NVIDIA A100-SXM4-40GB MIG 4g.20gb (0),1,,13,[CUDA memset]
6137325061,12608,436741,,,,,,,,,,0.000,6.345,Pinned,Device,NVIDIA A100-SXM4-40GB MIG 4g.20gb (0),1,,13,[CUDA memcpy Host-to-Device]
6137347333,24927,436742,,,,,,,,,,0.197,7887.323,Pinned,Device,NVIDIA A100-SXM4-40GB MIG 4g.20gb (0),1,,13,[CUDA memcpy Host-to-Device]
6137393380,9760,436743,273,1,1,48,1,1,40,0.000,0.001,,,,,NVIDIA A100-SXM4-40GB MIG 4g.20gb (0),1,,13,"void pusch_noise_intf_est::noiseIntfEstNoDftSOfdmKernel<float, __half, float, float, (unsigned int)2, (unsigned int)1, (unsigned char)4, (unsigned char)4>(pusch_noise_intf_est::puschRxNoiseIntfEstDynDescr)"
6137408484,2656,436754,35,1,1,128,1,1,16,0.000,0.000,,,,,NVIDIA A100-SXM4-40GB MIG 4g.20gb (0),1,,13,cupy_copy__complex64_complex64
6137424612,1760,436763,1,1,1,1,1,1,18,0.000,0.000,,,,,NVIDIA A100-SXM4-40GB MIG 4g.20gb (0),1,,13,cupy_copy__float32_float32
6137427332,8383,436769,,,,,,,,,,0.000,0.477,Device,Pageable,NVIDIA A100-SXM4-40GB MIG 4g.20gb (0),1,,7,[CUDA memcpy Device-to-Host]
6137519362,12640,436780,1434,1,1,128,1,1,16,0.000,0.000,,,,,NVIDIA A100-SXM4-40GB MIG 4g.20gb (0),1,,13,cupy_copy__complex64_complex64
6137540674,3360,436787,103,1,1,128,1,1,16,0.000,0.000,,,,,NVIDIA A100-SXM4-40GB MIG 4g.20gb (0),1,,13,cupy_copy__complex64_complex64
6137560450,2592,436794,35,1,1,128,1,1,16,0.000,0.000,,,,,NVIDIA A100-SXM4-40GB MIG 4g.20gb (0),1,,13,cupy_copy__complex64_complex64
6137587074,1760,436801,1,1,1,1,1,1,18,0.000,0.000,,,,,NVIDIA A100-SXM4-40GB MIG 4g.20gb (0),1,,13,cupy_copy__float32_float32
6137710752,82559,436812,1,1,1,32,32,1,30,0.000,0.000,,,,,NVIDIA A100-SXM4-40GB MIG 4g.20gb (0),1,,13,"void convert_kernel<__half2, float2>(tensor_layout_any, T1 *, tensor_layout_any, const T2 *)"
6137824511,9504,436815,,,,,,,,,,0.094,9858.506,Pinned,Device,NVIDIA A100-SXM4-40GB MIG 4g.20gb (0),1,,13,[CUDA memcpy Host-to-Device]
6137843518,3456,436816,,,,,,,,,,1.547,447517.201,Device,,NVIDIA A100-SXM4-40GB MIG 4g.20gb (0),1,,13,[CUDA memset]
6137850814,7456,436821,,,,,,,,,,0.031,4197.420,Pinned,Device,NVIDIA A100-SXM4-40GB MIG 4g.20gb (0),1,,13,[CUDA memcpy Host-to-Device]
6137865310,13568,436822,,,,,,,,,,0.197,14490.403,Pinned,Device,NVIDIA A100-SXM4-40GB MIG 4g.20gb (0),1,,13,[CUDA memcpy Host-to-Device]
6137888286,6912,436823,273,1,1,8,4,1,39,0.002,0.000,,,,,NVIDIA A100-SXM4-40GB MIG 4g.20gb (0),1,,13,"void channel_eq::eqMmseCoefCompLowMimoKernel<float, float, float, (unsigned int)4, (unsigned int)1, (unsigned int)4>(const channel_eq::_puschRxChEqStatDescr *, channel_eq::_puschRxChEqCoefCompDynDescr)"
6137905470,5504,436824,273,1,1,12,11,1,51,0.002,0.000,,,,,NVIDIA A100-SXM4-40GB MIG 4g.20gb (0),1,,13,"void channel_eq::eqMmseSoftDemapKernel<float, __half, __half, float, (unsigned int)4, (unsigned short)16383>(channel_eq::_puschRxChEqStatDescr *, channel_eq::_puschRxChEqSoftDemapDynDescr)"
6137914462,282876,436825,1,1,1,32,32,1,30,0.000,0.000,,,,,NVIDIA A100-SXM4-40GB MIG 4g.20gb (0),1,,13,"void convert_kernel<float2, __half2>(tensor_layout_any, T1 *, tensor_layout_any, const T2 *)"
6138200474,11328,436837,2253,1,1,128,1,1,16,0.000,0.000,,,,,NVIDIA A100-SXM4-40GB MIG 4g.20gb (0),1,,13,cupy_copy__float16_float16
6138215130,3264,436846,282,1,1,128,1,1,16,0.000,0.000,,,,,NVIDIA A100-SXM4-40GB MIG 4g.20gb (0),1,,13,cupy_copy__complex64_complex64
6138219610,2240,436855,26,1,1,128,1,1,16,0.000,0.000,,,,,NVIDIA A100-SXM4-40GB MIG 4g.20gb (0),1,,13,cupy_copy__float32_float32
6138223706,4672,436864,103,1,1,128,1,1,16,0.000,0.000,,,,,NVIDIA A100-SXM4-40GB MIG 4g.20gb (0),1,,13,cupy_copy__complex64_complex64
6138230970,12736,436874,1434,1,1,128,1,1,16,0.000,0.000,,,,,NVIDIA A100-SXM4-40GB MIG 4g.20gb (0),1,,13,cupy_copy__complex64_complex64
6138248217,86943,436879,1,1,1,32,32,1,30,0.000,0.000,,,,,NVIDIA A100-SXM4-40GB MIG 4g.20gb (0),1,,13,"void convert_kernel<__half2, float2>(tensor_layout_any, T1 *, tensor_layout_any, const T2 *)"
6138362168,5504,436882,,,,,,,,,,0.094,17023.251,Pinned,Device,NVIDIA A100-SXM4-40GB MIG 4g.20gb (0),1,,13,[CUDA memcpy Host-to-Device]
6138371992,596889,436883,,,,,,,,,,456.561,764740.412,Device,,NVIDIA A100-SXM4-40GB MIG 4g.20gb (0),1,,13,[CUDA memset]
6138972017,91550,436888,,,,,,,,,,1.235,13488.058,Pinned,Device,NVIDIA A100-SXM4-40GB MIG 4g.20gb (0),1,,13,[CUDA memcpy Host-to-Device]
6139070255,19744,436889,,,,,,,,,,0.197,9957.802,Pinned,Device,NVIDIA A100-SXM4-40GB MIG 4g.20gb (0),1,,13,[CUDA memcpy Host-to-Device]
6139103727,8256,436890,69,4,1,48,1,1,76,0.002,0.000,,,,,NVIDIA A100-SXM4-40GB MIG 4g.20gb (0),1,,13,"void ch_est::windowedChEstPreNoDftSOfdmKernel<float, __half, float, (unsigned int)2, (unsigned int)1, (unsigned short)4>(ch_est::puschRxChEstStatDescr_t *, ch_est::puschRxChEstDynDescr_t *)"
6139113199,7232,436891,137,2,1,24,2,1,44,0.001,0.001,,,,,NVIDIA A100-SXM4-40GB MIG 4g.20gb (0),1,,13,"void ch_est::chEstFilterNoDftSOfdmDispatchKernel<float, __half, float, (unsigned int)2>(ch_est::puschRxChEstStatDescr_t *, ch_est::puschRxChEstDynDescr_t *)"
6139129263,4960,436892,137,2,1,24,2,1,44,0.001,0.001,,,,,NVIDIA A100-SXM4-40GB MIG 4g.20gb (0),1,,13,"void ch_est::chEstFilterNoDftSOfdmDispatchKernel<float, __half, float, (unsigned int)2>(ch_est::puschRxChEstStatDescr_t *, ch_est::puschRxChEstDynDescr_t *)"
6139137838,2560,436903,103,1,1,128,1,1,16,0.000,0.000,,,,,NVIDIA A100-SXM4-40GB MIG 4g.20gb (0),1,,13,cupy_copy__complex64_complex64
6139146094,12768,436913,1434,1,1,128,1,1,16,0.000,0.000,,,,,NVIDIA A100-SXM4-40GB MIG 4g.20gb (0),1,,13,cupy_copy__complex64_complex64
6139161870,3168,436920,103,1,1,128,1,1,16,0.000,0.000,,,,,NVIDIA A100-SXM4-40GB MIG 4g.20gb (0),1,,13,cupy_copy__complex64_complex64
6139171022,82015,436927,1,1,1,32,32,1,30,0.000,0.000,,,,,NVIDIA A100-SXM4-40GB MIG 4g.20gb (0),1,,13,"void convert_kernel<__half2, float2>(tensor_layout_any, T1 *, tensor_layout_any, const T2 *)"
6139281997,13632,436930,,,,,,,,,,0.094,6873.164,Pinned,Device,NVIDIA A100-SXM4-40GB MIG 4g.20gb (0),1,,13,[CUDA memcpy Host-to-Device]
6139307948,46976,436931,,,,,,,,,,35.810,762285.767,Device,,NVIDIA A100-SXM4-40GB MIG 4g.20gb (0),1,,13,[CUDA memset]
6139357356,6848,436933,,,,,,,,,,0.000,11.682,Pinned,Device,NVIDIA A100-SXM4-40GB MIG 4g.20gb (0),1,,13,[CUDA memcpy Host-to-Device]
6139369132,17055,436934,,,,,,,,,,0.197,11527.717,Pinned,Device,NVIDIA A100-SXM4-40GB MIG 4g.20gb (0),1,,13,[CUDA memcpy Host-to-Device]
6139397963,8736,436935,273,1,1,48,1,1,40,0.000,0.001,,,,,NVIDIA A100-SXM4-40GB MIG 4g.20gb (0),1,,13,"void pusch_noise_intf_est::noiseIntfEstNoDftSOfdmKernel<float, __half, float, float, (unsigned int)2, (unsigned int)1, (unsigned char)4, (unsigned char)4>(pusch_noise_intf_est::puschRxNoiseIntfEstDynDescr)"
6139418891,3136,436946,35,1,1,128,1,1,16,0.000,0.000,,,,,NVIDIA A100-SXM4-40GB MIG 4g.20gb (0),1,,13,cupy_copy__complex64_complex64
6139429355,1696,436955,1,1,1,1,1,1,18,0.000,0.000,,,,,NVIDIA A100-SXM4-40GB MIG 4g.20gb (0),1,,13,cupy_copy__float32_float32
6139435723,7040,436961,,,,,,,,,,0.000,0.568,Device,Pageable,NVIDIA A100-SXM4-40GB MIG 4g.20gb (0),1,,7,[CUDA memcpy Device-to-Host]
6139512330,12800,436972,1434,1,1,128,1,1,16,0.000,0.000,,,,,NVIDIA A100-SXM4-40GB MIG 4g.20gb (0),1,,13,cupy_copy__complex64_complex64
6139537258,2880,436979,103,1,1,128,1,1,16,0.000,0.000,,,,,NVIDIA A100-SXM4-40GB MIG 4g.20gb (0),1,,13,cupy_copy__complex64_complex64
6139556905,2496,436986,35,1,1,128,1,1,16,0.000,0.000,,,,,NVIDIA A100-SXM4-40GB MIG 4g.20gb (0),1,,13,cupy_copy__complex64_complex64
6139572233,2048,436993,1,1,1,1,1,1,18,0.000,0.000,,,,,NVIDIA A100-SXM4-40GB MIG 4g.20gb (0),1,,13,cupy_copy__float32_float32
6139704167,82399,437004,1,1,1,32,32,1,30,0.000,0.000,,,,,NVIDIA A100-SXM4-40GB MIG 4g.20gb (0),1,,13,"void convert_kernel<__half2, float2>(tensor_layout_any, T1 *, tensor_layout_any, const T2 *)"
6139813702,5984,437007,,,,,,,,,,0.094,15657.726,Pinned,Device,NVIDIA A100-SXM4-40GB MIG 4g.20gb (0),1,,13,[CUDA memcpy Host-to-Device]
6139828038,3360,437008,,,,,,,,,,1.547,460304.688,Device,,NVIDIA A100-SXM4-40GB MIG 4g.20gb (0),1,,13,[CUDA memset]
6139835110,3008,437013,,,,,,,,,,0.031,10404.230,Pinned,Device,NVIDIA A100-SXM4-40GB MIG 4g.20gb (0),1,,13,[CUDA memcpy Host-to-Device]
6139840902,9760,437014,,,,,,,,,,0.197,20144.259,Pinned,Device,NVIDIA A100-SXM4-40GB MIG 4g.20gb (0),1,,13,[CUDA memcpy Host-to-Device]
6139856582,6656,437015,273,1,1,8,4,1,39,0.002,0.000,,,,,NVIDIA A100-SXM4-40GB MIG 4g.20gb (0),1,,13,"void channel_eq::eqMmseCoefCompLowMimoKernel<float, float, float, (unsigned int)4, (unsigned int)1, (unsigned int)4>(const channel_eq::_puschRxChEqStatDescr *, channel_eq::_puschRxChEqCoefCompDynDescr)"
6139864294,5663,437016,273,1,1,12,11,1,51,0.002,0.000,,,,,NVIDIA A100-SXM4-40GB MIG 4g.20gb (0),1,,13,"void channel_eq::eqMmseSoftDemapKernel<float, __half, __half, float, (unsigned int)4, (unsigned short)16383>(channel_eq::_puschRxChEqStatDescr *, channel_eq::_puschRxChEqSoftDemapDynDescr)"
6139871045,299773,437017,1,1,1,32,32,1,30,0.000,0.000,,,,,NVIDIA A100-SXM4-40GB MIG 4g.20gb (0),1,,13,"void convert_kernel<float2, __half2>(tensor_layout_any, T1 *, tensor_layout_any, const T2 *)"
6140172450,11168,437029,2253,1,1,128,1,1,16,0.000,0.000,,,,,NVIDIA A100-SXM4-40GB MIG 4g.20gb (0),1,,13,cupy_copy__float16_float16
6140185794,3072,437038,282,1,1,128,1,1,16,0.000,0.000,,,,,NVIDIA A100-SXM4-40GB MIG 4g.20gb (0),1,,13,cupy_copy__complex64_complex64
6140190465,2048,437047,26,1,1,128,1,1,16,0.000,0.000,,,,,NVIDIA A100-SXM4-40GB MIG 4g.20gb (0),1,,13,cupy_copy__float32_float32
6140194369,4768,437056,103,1,1,128,1,1,16,0.000,0.000,,,,,NVIDIA A100-SXM4-40GB MIG 4g.20gb (0),1,,13,cupy_copy__complex64_complex64
6140201633,12032,437066,1434,1,1,128,1,1,16,0.000,0.000,,,,,NVIDIA A100-SXM4-40GB MIG 4g.20gb (0),1,,13,cupy_copy__complex64_complex64
6140215937,87295,437071,1,1,1,32,32,1,30,0.000,0.000,,,,,NVIDIA A100-SXM4-40GB MIG 4g.20gb (0),1,,13,"void convert_kernel<__half2, float2>(tensor_layout_any, T1 *, tensor_layout_any, const T2 *)"
6140330400,5472,437074,,,,,,,,,,0.094,17122.757,Pinned,Device,NVIDIA A100-SXM4-40GB MIG 4g.20gb (0),1,,13,[CUDA memcpy Host-to-Device]
6140341216,599224,437075,,,,,,,,,,456.561,761544.482,Device,,NVIDIA A100-SXM4-40GB MIG 4g.20gb (0),1,,13,[CUDA memset]
6140941880,144414,437080,,,,,,,,,,1.235,8550.752,Pinned,Device,NVIDIA A100-SXM4-40GB MIG 4g.20gb (0),1,,13,[CUDA memcpy Host-to-Device]
6141098998,39200,437081,,,,,,,,,,0.197,5015.470,Pinned,Device,NVIDIA A100-SXM4-40GB MIG 4g.20gb (0),1,,13,[CUDA memcpy Host-to-Device]
6141168661,8128,437082,69,4,1,48,1,1,76,0.002,0.000,,,,,NVIDIA A100-SXM4-40GB MIG 4g.20gb (0),1,,13,"void ch_est::windowedChEstPreNoDftSOfdmKernel<float, __half, float, (unsigned int)2, (unsigned int)1, (unsigned short)4>(ch_est::puschRxChEstStatDescr_t *, ch_est::puschRxChEstDynDescr_t *)"
6141186549,6880,437083,137,2,1,24,2,1,44,0.001,0.001,,,,,NVIDIA A100-SXM4-40GB MIG 4g.20gb (0),1,,13,"void ch_est::chEstFilterNoDftSOfdmDispatchKernel<float, __half, float, (unsigned int)2>(ch_est::puschRxChEstStatDescr_t *, ch_est::puschRxChEstDynDescr_t *)"
6141199381,4736,437084,137,2,1,24,2,1,44,0.001,0.001,,,,,NVIDIA A100-SXM4-40GB MIG 4g.20gb (0),1,,13,"void ch_est::chEstFilterNoDftSOfdmDispatchKernel<float, __half, float, (unsigned int)2>(ch_est::puschRxChEstStatDescr_t *, ch_est::puschRxChEstDynDescr_t *)"
6141213429,2688,437095,103,1,1,128,1,1,16,0.000,0.000,,,,,NVIDIA A100-SXM4-40GB MIG 4g.20gb (0),1,,13,cupy_copy__complex64_complex64
6141228341,12480,437105,1434,1,1,128,1,1,16,0.000,0.000,,,,,NVIDIA A100-SXM4-40GB MIG 4g.20gb (0),1,,13,cupy_copy__complex64_complex64
6141252532,2624,437112,103,1,1,128,1,1,16,0.000,0.000,,,,,NVIDIA A100-SXM4-40GB MIG 4g.20gb (0),1,,13,cupy_copy__complex64_complex64
6141267444,83263,437119,1,1,1,32,32,1,30,0.000,0.000,,,,,NVIDIA A100-SXM4-40GB MIG 4g.20gb (0),1,,13,"void convert_kernel<__half2, float2>(tensor_layout_any, T1 *, tensor_layout_any, const T2 *)"
6141377683,13888,437122,,,,,,,,,,0.094,6746.487,Pinned,Device,NVIDIA A100-SXM4-40GB MIG 4g.20gb (0),1,,13,[CUDA memcpy Host-to-Device]
6141407442,47104,437123,,,,,,,,,,35.810,760208.792,Device,,NVIDIA A100-SXM4-40GB MIG 4g.20gb (0),1,,13,[CUDA memset]
6141462418,6944,437125,,,,,,,,,,0.000,11.521,Pinned,Device,NVIDIA A100-SXM4-40GB MIG 4g.20gb (0),1,,13,[CUDA memcpy Host-to-Device]
6141477586,14751,437126,,,,,,,,,,0.197,13328.450,Pinned,Device,NVIDIA A100-SXM4-40GB MIG 4g.20gb (0),1,,13,[CUDA memcpy Host-to-Device]
6141504465,10944,437127,273,1,1,48,1,1,40,0.000,0.001,,,,,NVIDIA A100-SXM4-40GB MIG 4g.20gb (0),1,,13,"void pusch_noise_intf_est::noiseIntfEstNoDftSOfdmKernel<float, __half, float, float, (unsigned int)2, (unsigned int)1, (unsigned char)4, (unsigned char)4>(pusch_noise_intf_est::puschRxNoiseIntfEstDynDescr)"
6141526417,2720,437138,35,1,1,128,1,1,16,0.000,0.000,,,,,NVIDIA A100-SXM4-40GB MIG 4g.20gb (0),1,,13,cupy_copy__complex64_complex64
6141534833,1760,437147,1,1,1,1,1,1,18,0.000,0.000,,,,,NVIDIA A100-SXM4-40GB MIG 4g.20gb (0),1,,13,cupy_copy__float32_float32
6141558033,2880,437153,,,,,,,,,,0.000,1.389,Device,Pageable,NVIDIA A100-SXM4-40GB MIG 4g.20gb (0),1,,7,[CUDA memcpy Device-to-Host]
6141641072,13055,437164,1434,1,1,128,1,1,16,0.000,0.000,,,,,NVIDIA A100-SXM4-40GB MIG 4g.20gb (0),1,,13,cupy_copy__complex64_complex64
6141671567,3488,437171,103,1,1,128,1,1,16,0.000,0.000,,,,,NVIDIA A100-SXM4-40GB MIG 4g.20gb (0),1,,13,cupy_copy__complex64_complex64
6141683631,2496,437178,35,1,1,128,1,1,16,0.000,0.000,,,,,NVIDIA A100-SXM4-40GB MIG 4g.20gb (0),1,,13,cupy_copy__complex64_complex64
6141711279,1760,437185,1,1,1,1,1,1,18,0.000,0.000,,,,,NVIDIA A100-SXM4-40GB MIG 4g.20gb (0),1,,13,cupy_copy__float32_float32
6141841069,88767,437196,1,1,1,32,32,1,30,0.000,0.000,,,,,NVIDIA A100-SXM4-40GB MIG 4g.20gb (0),1,,13,"void convert_kernel<__half2, float2>(tensor_layout_any, T1 *, tensor_layout_any, const T2 *)"
6141957996,5824,437199,,,,,,,,,,0.094,16087.884,Pinned,Device,NVIDIA A100-SXM4-40GB MIG 4g.20gb (0),1,,13,[CUDA memcpy Host-to-Device]
6141971788,3423,437200,,,,,,,,,,1.547,451832.282,Device,,NVIDIA A100-SXM4-40GB MIG 4g.20gb (0),1,,13,[CUDA memset]
6141979627,3392,437205,,,,,,,,,,0.031,9226.405,Pinned,Device,NVIDIA A100-SXM4-40GB MIG 4g.20gb (0),1,,13,[CUDA memcpy Host-to-Device]
6141985515,9440,437206,,,,,,,,,,0.197,20827.079,Pinned,Device,NVIDIA A100-SXM4-40GB MIG 4g.20gb (0),1,,13,[CUDA memcpy Host-to-Device]
6141999435,8064,437207,273,1,1,8,4,1,39,0.002,0.000,,,,,NVIDIA A100-SXM4-40GB MIG 4g.20gb (0),1,,13,"void channel_eq::eqMmseCoefCompLowMimoKernel<float, float, float, (unsigned int)4, (unsigned int)1, (unsigned int)4>(const channel_eq::_puschRxChEqStatDescr *, channel_eq::_puschRxChEqCoefCompDynDescr)"
6142008523,5984,437208,273,1,1,12,11,1,51,0.002,0.000,,,,,NVIDIA A100-SXM4-40GB MIG 4g.20gb (0),1,,13,"void channel_eq::eqMmseSoftDemapKernel<float, __half, __half, float, (unsigned int)4, (unsigned short)16383>(channel_eq::_puschRxChEqStatDescr *, channel_eq::_puschRxChEqSoftDemapDynDescr)"
6142015979,282076,437209,1,1,1,32,32,1,30,0.000,0.000,,,,,NVIDIA A100-SXM4-40GB MIG 4g.20gb (0),1,,13,"void convert_kernel<float2, __half2>(tensor_layout_any, T1 *, tensor_layout_any, const T2 *)"
6142299495,11200,437221,2253,1,1,128,1,1,16,0.000,0.000,,,,,NVIDIA A100-SXM4-40GB MIG 4g.20gb (0),1,,13,cupy_copy__float16_float16
6142312871,2848,437230,282,1,1,128,1,1,16,0.000,0.000,,,,,NVIDIA A100-SXM4-40GB MIG 4g.20gb (0),1,,13,cupy_copy__complex64_complex64
6142319111,2016,437239,26,1,1,128,1,1,16,0.000,0.000,,,,,NVIDIA A100-SXM4-40GB MIG 4g.20gb (0),1,,13,cupy_copy__float32_float32
6142323367,3072,437248,103,1,1,128,1,1,16,0.000,0.000,,,,,NVIDIA A100-SXM4-40GB MIG 4g.20gb (0),1,,13,cupy_copy__complex64_complex64
6142328359,11936,437258,1434,1,1,128,1,1,16,0.000,0.000,,,,,NVIDIA A100-SXM4-40GB MIG 4g.20gb (0),1,,13,cupy_copy__complex64_complex64
6142350087,82943,437263,1,1,1,32,32,1,30,0.000,0.000,,,,,NVIDIA A100-SXM4-40GB MIG 4g.20gb (0),1,,13,"void convert_kernel<__half2, float2>(tensor_layout_any, T1 *, tensor_layout_any, const T2 *)"
6142459941,5760,437266,,,,,,,,,,0.094,16266.656,Pinned,Device,NVIDIA A100-SXM4-40GB MIG 4g.20gb (0),1,,13,[CUDA memcpy Host-to-Device]
6142469381,597593,437267,,,,,,,,,,456.561,763827.289,Device,,NVIDIA A100-SXM4-40GB MIG 4g.20gb (0),1,,13,[CUDA memset]
6143071102,178526,437272,,,,,,,,,,1.235,6916.921,Pinned,Device,NVIDIA A100-SXM4-40GB MIG 4g.20gb (0),1,,13,[CUDA memcpy Host-to-Device]
6143261628,41919,437273,,,,,,,,,,0.197,4690.084,Pinned,Device,NVIDIA A100-SXM4-40GB MIG 4g.20gb (0),1,,13,[CUDA memcpy Host-to-Device]
6143318331,8416,437274,69,4,1,48,1,1,76,0.002,0.000,,,,,NVIDIA A100-SXM4-40GB MIG 4g.20gb (0),1,,13,"void ch_est::windowedChEstPreNoDftSOfdmKernel<float, __half, float, (unsigned int)2, (unsigned int)1, (unsigned short)4>(ch_est::puschRxChEstStatDescr_t *, ch_est::puschRxChEstDynDescr_t *)"
6143334427,6848,437275,137,2,1,24,2,1,44,0.001,0.001,,,,,NVIDIA A100-SXM4-40GB MIG 4g.20gb (0),1,,13,"void ch_est::chEstFilterNoDftSOfdmDispatchKernel<float, __half, float, (unsigned int)2>(ch_est::puschRxChEstStatDescr_t *, ch_est::puschRxChEstDynDescr_t *)"
6143349211,4735,437276,137,2,1,24,2,1,44,0.001,0.001,,,,,NVIDIA A100-SXM4-40GB MIG 4g.20gb (0),1,,13,"void ch_est::chEstFilterNoDftSOfdmDispatchKernel<float, __half, float, (unsigned int)2>(ch_est::puschRxChEstStatDescr_t *, ch_est::puschRxChEstDynDescr_t *)"
6143363034,2688,437287,103,1,1,128,1,1,16,0.000,0.000,,,,,NVIDIA A100-SXM4-40GB MIG 4g.20gb (0),1,,13,cupy_copy__complex64_complex64
6143371866,12704,437297,1434,1,1,128,1,1,16,0.000,0.000,,,,,NVIDIA A100-SXM4-40GB MIG 4g.20gb (0),1,,13,cupy_copy__complex64_complex64
6143403962,2496,437304,103,1,1,128,1,1,16,0.000,0.000,,,,,NVIDIA A100-SXM4-40GB MIG 4g.20gb (0),1,,13,cupy_copy__complex64_complex64
6143416666,82079,437311,1,1,1,32,32,1,30,0.000,0.000,,,,,NVIDIA A100-SXM4-40GB MIG 4g.20gb (0),1,,13,"void convert_kernel<__half2, float2>(tensor_layout_any, T1 *, tensor_layout_any, const T2 *)"
6143528440,6208,437314,,,,,,,,,,0.094,15092.739,Pinned,Device,NVIDIA A100-SXM4-40GB MIG 4g.20gb (0),1,,13,[CUDA memcpy Host-to-Device]
6143541336,46528,437315,,,,,,,,,,35.810,769626.801,Device,,NVIDIA A100-SXM4-40GB MIG 4g.20gb (0),1,,13,[CUDA memset]
6143593496,3903,437317,,,,,,,,,,0.000,20.497,Pinned,Device,NVIDIA A100-SXM4-40GB MIG 4g.20gb (0),1,,13,[CUDA memcpy Host-to-Device]
6143601943,12512,437318,,,,,,,,,,0.197,15713.501,Pinned,Device,NVIDIA A100-SXM4-40GB MIG 4g.20gb (0),1,,13,[CUDA memcpy Host-to-Device]
6143621495,13088,437319,273,1,1,48,1,1,40,0.000,0.001,,,,,NVIDIA A100-SXM4-40GB MIG 4g.20gb (0),1,,13,"void pusch_noise_intf_est::noiseIntfEstNoDftSOfdmKernel<float, __half, float, float, (unsigned int)2, (unsigned int)1, (unsigned char)4, (unsigned char)4>(pusch_noise_intf_est::puschRxNoiseIntfEstDynDescr)"
6143638135,3040,437330,35,1,1,128,1,1,16,0.000,0.000,,,,,NVIDIA A100-SXM4-40GB MIG 4g.20gb (0),1,,13,cupy_copy__complex64_complex64
6143649879,1888,437339,1,1,1,1,1,1,18,0.000,0.000,,,,,NVIDIA A100-SXM4-40GB MIG 4g.20gb (0),1,,13,cupy_copy__float32_float32
6143679094,2080,437345,,,,,,,,,,0.000,1.923,Device,Pageable,NVIDIA A100-SXM4-40GB MIG 4g.20gb (0),1,,7,[CUDA memcpy Device-to-Host]
6143738550,12736,437356,1434,1,1,128,1,1,16,0.000,0.000,,,,,NVIDIA A100-SXM4-40GB MIG 4g.20gb (0),1,,13,cupy_copy__complex64_complex64
6143765781,2624,437363,103,1,1,128,1,1,16,0.000,0.000,,,,,NVIDIA A100-SXM4-40GB MIG 4g.20gb (0),1,,13,cupy_copy__complex64_complex64
6143786069,2272,437370,35,1,1,128,1,1,16,0.000,0.000,,,,,NVIDIA A100-SXM4-40GB MIG 4g.20gb (0),1,,13,cupy_copy__complex64_complex64
6143804533,1952,437377,1,1,1,1,1,1,18,0.000,0.000,,,,,NVIDIA A100-SXM4-40GB MIG 4g.20gb (0),1,,13,cupy_copy__float32_float32
6143938771,82399,437388,1,1,1,32,32,1,30,0.000,0.000,,,,,NVIDIA A100-SXM4-40GB MIG 4g.20gb (0),1,,13,"void convert_kernel<__half2, float2>(tensor_layout_any, T1 *, tensor_layout_any, const T2 *)"
6144049202,5824,437391,,,,,,,,,,0.094,16087.884,Pinned,Device,NVIDIA A100-SXM4-40GB MIG 4g.20gb (0),1,,13,[CUDA memcpy Host-to-Device]
6144064082,3296,437392,,,,,,,,,,1.547,469242.628,Device,,NVIDIA A100-SXM4-40GB MIG 4g.20gb (0),1,,13,[CUDA memset]
6144070418,3168,437397,,,,,,,,,,0.031,9878.770,Pinned,Device,NVIDIA A100-SXM4-40GB MIG 4g.20gb (0),1,,13,[CUDA memcpy Host-to-Device]
6144075986,9439,437398,,,,,,,,,,0.197,20829.241,Pinned,Device,NVIDIA A100-SXM4-40GB MIG 4g.20gb (0),1,,13,[CUDA memcpy Host-to-Device]
6144090481,6592,437399,273,1,1,8,4,1,39,0.002,0.000,,,,,NVIDIA A100-SXM4-40GB MIG 4g.20gb (0),1,,13,"void channel_eq::eqMmseCoefCompLowMimoKernel<float, float, float, (unsigned int)4, (unsigned int)1, (unsigned int)4>(const channel_eq::_puschRxChEqStatDescr *, channel_eq::_puschRxChEqCoefCompDynDescr)"
6144099761,6336,437400,273,1,1,12,11,1,51,0.002,0.000,,,,,NVIDIA A100-SXM4-40GB MIG 4g.20gb (0),1,,13,"void channel_eq::eqMmseSoftDemapKernel<float, __half, __half, float, (unsigned int)4, (unsigned short)16383>(channel_eq::_puschRxChEqStatDescr *, channel_eq::_puschRxChEqSoftDemapDynDescr)"
6144107153,282173,437401,1,1,1,32,32,1,30,0.000,0.000,,,,,NVIDIA A100-SXM4-40GB MIG 4g.20gb (0),1,,13,"void convert_kernel<float2, __half2>(tensor_layout_any, T1 *, tensor_layout_any, const T2 *)"
6144391310,10880,437413,2253,1,1,128,1,1,16,0.000,0.000,,,,,NVIDIA A100-SXM4-40GB MIG 4g.20gb (0),1,,13,cupy_copy__float16_float16
6144405005,3552,437422,282,1,1,128,1,1,16,0.000,0.000,,,,,NVIDIA A100-SXM4-40GB MIG 4g.20gb (0),1,,13,cupy_copy__complex64_complex64
6144409773,2304,437431,26,1,1,128,1,1,16,0.000,0.000,,,,,NVIDIA A100-SXM4-40GB MIG 4g.20gb (0),1,,13,cupy_copy__float32_float32
6144416621,4768,437440,103,1,1,128,1,1,16,0.000,0.000,,,,,NVIDIA A100-SXM4-40GB MIG 4g.20gb (0),1,,13,cupy_copy__complex64_complex64
6144424013,11808,437450,1434,1,1,128,1,1,16,0.000,0.000,,,,,NVIDIA A100-SXM4-40GB MIG 4g.20gb (0),1,,13,cupy_copy__complex64_complex64
6144441773,87071,437455,1,1,1,32,32,1,30,0.000,0.000,,,,,NVIDIA A100-SXM4-40GB MIG 4g.20gb (0),1,,13,"void convert_kernel<__half2, float2>(tensor_layout_any, T1 *, tensor_layout_any, const T2 *)"
6144556044,5760,437458,,,,,,,,,,0.094,16266.656,Pinned,Device,NVIDIA A100-SXM4-40GB MIG 4g.20gb (0),1,,13,[CUDA memcpy Host-to-Device]
6144566347,598361,437459,,,,,,,,,,456.561,762914.166,Device,,NVIDIA A100-SXM4-40GB MIG 4g.20gb (0),1,,13,[CUDA memset]
6145169252,162654,437464,,,,,,,,,,1.235,7592.436,Pinned,Device,NVIDIA A100-SXM4-40GB MIG 4g.20gb (0),1,,13,[CUDA memcpy Host-to-Device]
6145348290,40671,437465,,,,,,,,,,0.197,4834.001,Pinned,Device,NVIDIA A100-SXM4-40GB MIG 4g.20gb (0),1,,13,[CUDA memcpy Host-to-Device]
6145415777,7776,437466,69,4,1,48,1,1,76,0.002,0.000,,,,,NVIDIA A100-SXM4-40GB MIG 4g.20gb (0),1,,13,"void ch_est::windowedChEstPreNoDftSOfdmKernel<float, __half, float, (unsigned int)2, (unsigned int)1, (unsigned short)4>(ch_est::puschRxChEstStatDescr_t *, ch_est::puschRxChEstDynDescr_t *)"
6145433857,6784,437467,137,2,1,24,2,1,44,0.001,0.001,,,,,NVIDIA A100-SXM4-40GB MIG 4g.20gb (0),1,,13,"void ch_est::chEstFilterNoDftSOfdmDispatchKernel<float, __half, float, (unsigned int)2>(ch_est::puschRxChEstStatDescr_t *, ch_est::puschRxChEstDynDescr_t *)"
6145451009,4768,437468,137,2,1,24,2,1,44,0.001,0.001,,,,,NVIDIA A100-SXM4-40GB MIG 4g.20gb (0),1,,13,"void ch_est::chEstFilterNoDftSOfdmDispatchKernel<float, __half, float, (unsigned int)2>(ch_est::puschRxChEstStatDescr_t *, ch_est::puschRxChEstDynDescr_t *)"
6145468608,2624,437479,103,1,1,128,1,1,16,0.000,0.000,,,,,NVIDIA A100-SXM4-40GB MIG 4g.20gb (0),1,,13,cupy_copy__complex64_complex64
6145485344,12352,437489,1434,1,1,128,1,1,16,0.000,0.000,,,,,NVIDIA A100-SXM4-40GB MIG 4g.20gb (0),1,,13,cupy_copy__complex64_complex64
6145503392,2912,437496,103,1,1,128,1,1,16,0.000,0.000,,,,,NVIDIA A100-SXM4-40GB MIG 4g.20gb (0),1,,13,cupy_copy__complex64_complex64
6145527584,91455,437503,1,1,1,32,32,1,30,0.000,0.000,,,,,NVIDIA A100-SXM4-40GB MIG 4g.20gb (0),1,,13,"void convert_kernel<__half2, float2>(tensor_layout_any, T1 *, tensor_layout_any, const T2 *)"
6145651294,16544,437506,,,,,,,,,,0.094,5663.361,Pinned,Device,NVIDIA A100-SXM4-40GB MIG 4g.20gb (0),1,,13,[CUDA memcpy Host-to-Device]
6145691614,47039,437507,,,,,,,,,,35.810,761247.279,Device,,NVIDIA A100-SXM4-40GB MIG 4g.20gb (0),1,,13,[CUDA memset]
6145745757,10560,437509,,,,,,,,,,0.000,7.576,Pinned,Device,NVIDIA A100-SXM4-40GB MIG 4g.20gb (0),1,,13,[CUDA memcpy Host-to-Device]
6145763037,23007,437510,,,,,,,,,,0.197,8545.567,Pinned,Device,NVIDIA A100-SXM4-40GB MIG 4g.20gb (0),1,,13,[CUDA memcpy Host-to-Device]
6145801212,9632,437511,273,1,1,48,1,1,40,0.000,0.001,,,,,NVIDIA A100-SXM4-40GB MIG 4g.20gb (0),1,,13,"void pusch_noise_intf_est::noiseIntfEstNoDftSOfdmKernel<float, __half, float, float, (unsigned int)2, (unsigned int)1, (unsigned char)4, (unsigned char)4>(pusch_noise_intf_est::puschRxNoiseIntfEstDynDescr)"
6145821916,2944,437522,35,1,1,128,1,1,16,0.000,0.000,,,,,NVIDIA A100-SXM4-40GB MIG 4g.20gb (0),1,,13,cupy_copy__complex64_complex64
6145830172,1824,437531,1,1,1,1,1,1,18,0.000,0.000,,,,,NVIDIA A100-SXM4-40GB MIG 4g.20gb (0),1,,13,cupy_copy__float32_float32
6145834844,5984,437537,,,,,,,,,,0.000,0.668,Device,Pageable,NVIDIA A100-SXM4-40GB MIG 4g.20gb (0),1,,7,[CUDA memcpy Device-to-Host]
6145903899,12928,437548,1434,1,1,128,1,1,16,0.000,0.000,,,,,NVIDIA A100-SXM4-40GB MIG 4g.20gb (0),1,,13,cupy_copy__complex64_complex64
6145931451,3584,437555,103,1,1,128,1,1,16,0.000,0.000,,,,,NVIDIA A100-SXM4-40GB MIG 4g.20gb (0),1,,13,cupy_copy__complex64_complex64
6145954010,2560,437562,35,1,1,128,1,1,16,0.000,0.000,,,,,NVIDIA A100-SXM4-40GB MIG 4g.20gb (0),1,,13,cupy_copy__complex64_complex64
6145970266,1984,437569,1,1,1,1,1,1,18,0.000,0.000,,,,,NVIDIA A100-SXM4-40GB MIG 4g.20gb (0),1,,13,cupy_copy__float32_float32
6146102809,82591,437580,1,1,1,32,32,1,30,0.000,0.000,,,,,NVIDIA A100-SXM4-40GB MIG 4g.20gb (0),1,,13,"void convert_kernel<__half2, float2>(tensor_layout_any, T1 *, tensor_layout_any, const T2 *)"
6146213047,5664,437583,,,,,,,,,,0.094,16542.310,Pinned,Device,NVIDIA A100-SXM4-40GB MIG 4g.20gb (0),1,,13,[CUDA memcpy Host-to-Device]
6146227223,3136,437584,,,,,,,,,,1.547,493182.821,Device,,NVIDIA A100-SXM4-40GB MIG 4g.20gb (0),1,,13,[CUDA memset]
6146236055,3616,437589,,,,,,,,,,0.031,8654.846,Pinned,Device,NVIDIA A100-SXM4-40GB MIG 4g.20gb (0),1,,13,[CUDA memcpy Host-to-Device]
6146242487,9728,437590,,,,,,,,,,0.197,20210.516,Pinned,Device,NVIDIA A100-SXM4-40GB MIG 4g.20gb (0),1,,13,[CUDA memcpy Host-to-Device]
6146257783,7392,437591,273,1,1,8,4,1,39,0.002,0.000,,,,,NVIDIA A100-SXM4-40GB MIG 4g.20gb (0),1,,13,"void channel_eq::eqMmseCoefCompLowMimoKernel<float, float, float, (unsigned int)4, (unsigned int)1, (unsigned int)4>(const channel_eq::_puschRxChEqStatDescr *, channel_eq::_puschRxChEqCoefCompDynDescr)"
6146267703,6047,437592,273,1,1,12,11,1,51,0.002,0.000,,,,,NVIDIA A100-SXM4-40GB MIG 4g.20gb (0),1,,13,"void channel_eq::eqMmseSoftDemapKernel<float, __half, __half, float, (unsigned int)4, (unsigned short)16383>(channel_eq::_puschRxChEqStatDescr *, channel_eq::_puschRxChEqSoftDemapDynDescr)"
6146275126,281373,437593,1,1,1,32,32,1,30,0.000,0.000,,,,,NVIDIA A100-SXM4-40GB MIG 4g.20gb (0),1,,13,"void convert_kernel<float2, __half2>(tensor_layout_any, T1 *, tensor_layout_any, const T2 *)"
6146559443,11328,437605,2253,1,1,128,1,1,16,0.000,0.000,,,,,NVIDIA A100-SXM4-40GB MIG 4g.20gb (0),1,,13,cupy_copy__float16_float16
6146572755,3264,437614,282,1,1,128,1,1,16,0.000,0.000,,,,,NVIDIA A100-SXM4-40GB MIG 4g.20gb (0),1,,13,cupy_copy__complex64_complex64
6146576979,2048,437623,26,1,1,128,1,1,16,0.000,0.000,,,,,NVIDIA A100-SXM4-40GB MIG 4g.20gb (0),1,,13,cupy_copy__float32_float32
6146582291,2976,437632,103,1,1,128,1,1,16,0.000,0.000,,,,,NVIDIA A100-SXM4-40GB MIG 4g.20gb (0),1,,13,cupy_copy__complex64_complex64
6146587123,12063,437642,1434,1,1,128,1,1,16,0.000,0.000,,,,,NVIDIA A100-SXM4-40GB MIG 4g.20gb (0),1,,13,cupy_copy__complex64_complex64
6146608338,81439,437647,1,1,1,32,32,1,30,0.000,0.000,,,,,NVIDIA A100-SXM4-40GB MIG 4g.20gb (0),1,,13,"void convert_kernel<__half2, float2>(tensor_layout_any, T1 *, tensor_layout_any, const T2 *)"
6146717137,5408,437650,,,,,,,,,,0.094,17325.421,Pinned,Device,NVIDIA A100-SXM4-40GB MIG 4g.20gb (0),1,,13,[CUDA memcpy Host-to-Device]
6146727313,600024,437651,,,,,,,,,,456.561,760631.359,Device,,NVIDIA A100-SXM4-40GB MIG 4g.20gb (0),1,,13,[CUDA memset]
6147333097,114271,437656,,,,,,,,,,1.235,10806.995,Pinned,Device,NVIDIA A100-SXM4-40GB MIG 4g.20gb (0),1,,13,[CUDA memcpy Host-to-Device]
6147460776,39807,437657,,,,,,,,,,0.197,4938.990,Pinned,Device,NVIDIA A100-SXM4-40GB MIG 4g.20gb (0),1,,13,[CUDA memcpy Host-to-Device]
6147531047,8352,437658,69,4,1,48,1,1,76,0.002,0.000,,,,,NVIDIA A100-SXM4-40GB MIG 4g.20gb (0),1,,13,"void ch_est::windowedChEstPreNoDftSOfdmKernel<float, __half, float, (unsigned int)2, (unsigned int)1, (unsigned short)4>(ch_est::puschRxChEstStatDescr_t *, ch_est::puschRxChEstDynDescr_t *)"
6147550439,6592,437659,137,2,1,24,2,1,44,0.001,0.001,,,,,NVIDIA A100-SXM4-40GB MIG 4g.20gb (0),1,,13,"void ch_est::chEstFilterNoDftSOfdmDispatchKernel<float, __half, float, (unsigned int)2>(ch_est::puschRxChEstStatDescr_t *, ch_est::puschRxChEstDynDescr_t *)"
6147567174,4768,437660,137,2,1,24,2,1,44,0.001,0.001,,,,,NVIDIA A100-SXM4-40GB MIG 4g.20gb (0),1,,13,"void ch_est::chEstFilterNoDftSOfdmDispatchKernel<float, __half, float, (unsigned int)2>(ch_est::puschRxChEstStatDescr_t *, ch_est::puschRxChEstDynDescr_t *)"
6147584422,2528,437671,103,1,1,128,1,1,16,0.000,0.000,,,,,NVIDIA A100-SXM4-40GB MIG 4g.20gb (0),1,,13,cupy_copy__complex64_complex64
6147602182,12288,437681,1434,1,1,128,1,1,16,0.000,0.000,,,,,NVIDIA A100-SXM4-40GB MIG 4g.20gb (0),1,,13,cupy_copy__complex64_complex64
6147621638,2912,437688,103,1,1,128,1,1,16,0.000,0.000,,,,,NVIDIA A100-SXM4-40GB MIG 4g.20gb (0),1,,13,cupy_copy__complex64_complex64
6147648165,105791,437695,1,1,1,32,32,1,30,0.000,0.000,,,,,NVIDIA A100-SXM4-40GB MIG 4g.20gb (0),1,,13,"void convert_kernel<__half2, float2>(tensor_layout_any, T1 *, tensor_layout_any, const T2 *)"
6147787300,26239,437698,,,,,,,,,,0.094,3570.848,Pinned,Device,NVIDIA A100-SXM4-40GB MIG 4g.20gb (0),1,,13,[CUDA memcpy Host-to-Device]
6147834435,47136,437699,,,,,,,,,,35.810,759707.453,Device,,NVIDIA A100-SXM4-40GB MIG 4g.20gb (0),1,,13,[CUDA memset]
6147893122,9184,437701,,,,,,,,,,0.000,8.711,Pinned,Device,NVIDIA A100-SXM4-40GB MIG 4g.20gb (0),1,,13,[CUDA memcpy Host-to-Device]
6147911842,42752,437702,,,,,,,,,,0.197,4598.661,Pinned,Device,NVIDIA A100-SXM4-40GB MIG 4g.20gb (0),1,,13,[CUDA memcpy Host-to-Device]
6147976929,9824,437703,273,1,1,48,1,1,40,0.000,0.001,,,,,NVIDIA A100-SXM4-40GB MIG 4g.20gb (0),1,,13,"void pusch_noise_intf_est::noiseIntfEstNoDftSOfdmKernel<float, __half, float, float, (unsigned int)2, (unsigned int)1, (unsigned char)4, (unsigned char)4>(pusch_noise_intf_est::puschRxNoiseIntfEstDynDescr)"
6147996001,2752,437714,35,1,1,128,1,1,16,0.000,0.000,,,,,NVIDIA A100-SXM4-40GB MIG 4g.20gb (0),1,,13,cupy_copy__complex64_complex64
6148011777,1824,437723,1,1,1,1,1,1,18,0.000,0.000,,,,,NVIDIA A100-SXM4-40GB MIG 4g.20gb (0),1,,13,cupy_copy__float32_float32
6148015617,7968,437729,,,,,,,,,,0.000,0.502,Device,Pageable,NVIDIA A100-SXM4-40GB MIG 4g.20gb (0),1,,7,[CUDA memcpy Device-to-Host]
6148117792,12768,437740,1434,1,1,128,1,1,16,0.000,0.000,,,,,NVIDIA A100-SXM4-40GB MIG 4g.20gb (0),1,,13,cupy_copy__complex64_complex64
6148143487,2592,437747,103,1,1,128,1,1,16,0.000,0.000,,,,,NVIDIA A100-SXM4-40GB MIG 4g.20gb (0),1,,13,cupy_copy__complex64_complex64
6148148191,2464,437754,35,1,1,128,1,1,16,0.000,0.000,,,,,NVIDIA A100-SXM4-40GB MIG 4g.20gb (0),1,,13,cupy_copy__complex64_complex64
6148175327,1792,437761,1,1,1,1,1,1,18,0.000,0.000,,,,,NVIDIA A100-SXM4-40GB MIG 4g.20gb (0),1,,13,cupy_copy__float32_float32
6148302077,86879,437772,1,1,1,32,32,1,30,0.000,0.000,,,,,NVIDIA A100-SXM4-40GB MIG 4g.20gb (0),1,,13,"void convert_kernel<__half2, float2>(tensor_layout_any, T1 *, tensor_layout_any, const T2 *)"
6148417596,6016,437775,,,,,,,,,,0.094,15574.430,Pinned,Device,NVIDIA A100-SXM4-40GB MIG 4g.20gb (0),1,,13,[CUDA memcpy Host-to-Device]
6148437692,3456,437776,,,,,,,,,,1.547,447517.201,Device,,NVIDIA A100-SXM4-40GB MIG 4g.20gb (0),1,,13,[CUDA memset]
6148441596,3808,437781,,,,,,,,,,0.031,8218.486,Pinned,Device,NVIDIA A100-SXM4-40GB MIG 4g.20gb (0),1,,13,[CUDA memcpy Host-to-Device]
6148447836,10751,437782,,,,,,,,,,0.197,18287.297,Pinned,Device,NVIDIA A100-SXM4-40GB MIG 4g.20gb (0),1,,13,[CUDA memcpy Host-to-Device]
6148463771,6144,437783,273,1,1,8,4,1,39,0.002,0.000,,,,,NVIDIA A100-SXM4-40GB MIG 4g.20gb (0),1,,13,"void channel_eq::eqMmseCoefCompLowMimoKernel<float, float, float, (unsigned int)4, (unsigned int)1, (unsigned int)4>(const channel_eq::_puschRxChEqStatDescr *, channel_eq::_puschRxChEqCoefCompDynDescr)"
6148471131,6240,437784,273,1,1,12,11,1,51,0.002,0.000,,,,,NVIDIA A100-SXM4-40GB MIG 4g.20gb (0),1,,13,"void channel_eq::eqMmseSoftDemapKernel<float, __half, __half, float, (unsigned int)4, (unsigned short)16383>(channel_eq::_puschRxChEqStatDescr *, channel_eq::_puschRxChEqSoftDemapDynDescr)"
6148480027,282717,437785,1,1,1,32,32,1,30,0.000,0.000,,,,,NVIDIA A100-SXM4-40GB MIG 4g.20gb (0),1,,13,"void convert_kernel<float2, __half2>(tensor_layout_any, T1 *, tensor_layout_any, const T2 *)"
6148763800,10944,437797,2253,1,1,128,1,1,16,0.000,0.000,,,,,NVIDIA A100-SXM4-40GB MIG 4g.20gb (0),1,,13,cupy_copy__float16_float16
6148777624,3807,437806,282,1,1,128,1,1,16,0.000,0.000,,,,,NVIDIA A100-SXM4-40GB MIG 4g.20gb (0),1,,13,cupy_copy__complex64_complex64
6148784311,2048,437815,26,1,1,128,1,1,16,0.000,0.000,,,,,NVIDIA A100-SXM4-40GB MIG 4g.20gb (0),1,,13,cupy_copy__float32_float32
6148789527,3200,437824,103,1,1,128,1,1,16,0.000,0.000,,,,,NVIDIA A100-SXM4-40GB MIG 4g.20gb (0),1,,13,cupy_copy__complex64_complex64
6148795351,12032,437834,1434,1,1,128,1,1,16,0.000,0.000,,,,,NVIDIA A100-SXM4-40GB MIG 4g.20gb (0),1,,13,cupy_copy__complex64_complex64
6148812855,83391,437839,1,1,1,32,32,1,30,0.000,0.000,,,,,NVIDIA A100-SXM4-40GB MIG 4g.20gb (0),1,,13,"void convert_kernel<__half2, float2>(tensor_layout_any, T1 *, tensor_layout_any, const T2 *)"
6148923382,5632,437842,,,,,,,,,,0.094,16636.287,Pinned,Device,NVIDIA A100-SXM4-40GB MIG 4g.20gb (0),1,,13,[CUDA memcpy Host-to-Device]
6148934870,597304,437843,,,,,,,,,,456.561,764283.851,Device,,NVIDIA A100-SXM4-40GB MIG 4g.20gb (0),1,,13,[CUDA memset]
6149540654,126687,437848,,,,,,,,,,1.235,9747.413,Pinned,Device,NVIDIA A100-SXM4-40GB MIG 4g.20gb (0),1,,13,[CUDA memcpy Host-to-Device]
6149676140,20640,437849,,,,,,,,,,0.197,9525.461,Pinned,Device,NVIDIA A100-SXM4-40GB MIG 4g.20gb (0),1,,13,[CUDA memcpy Host-to-Device]
6149710188,9184,437850,69,4,1,48,1,1,76,0.002,0.000,,,,,NVIDIA A100-SXM4-40GB MIG 4g.20gb (0),1,,13,"void ch_est::windowedChEstPreNoDftSOfdmKernel<float, __half, float, (unsigned int)2, (unsigned int)1, (unsigned short)4>(ch_est::puschRxChEstStatDescr_t *, ch_est::puschRxChEstDynDescr_t *)"
6149726316,6464,437851,137,2,1,24,2,1,44,0.001,0.001,,,,,NVIDIA A100-SXM4-40GB MIG 4g.20gb (0),1,,13,"void ch_est::chEstFilterNoDftSOfdmDispatchKernel<float, __half, float, (unsigned int)2>(ch_est::puschRxChEstStatDescr_t *, ch_est::puschRxChEstDynDescr_t *)"
6149739372,5216,437852,137,2,1,24,2,1,44,0.001,0.001,,,,,NVIDIA A100-SXM4-40GB MIG 4g.20gb (0),1,,13,"void ch_est::chEstFilterNoDftSOfdmDispatchKernel<float, __half, float, (unsigned int)2>(ch_est::puschRxChEstStatDescr_t *, ch_est::puschRxChEstDynDescr_t *)"
6149746060,2528,437863,103,1,1,128,1,1,16,0.000,0.000,,,,,NVIDIA A100-SXM4-40GB MIG 4g.20gb (0),1,,13,cupy_copy__complex64_complex64
6149751916,12639,437873,1434,1,1,128,1,1,16,0.000,0.000,,,,,NVIDIA A100-SXM4-40GB MIG 4g.20gb (0),1,,13,cupy_copy__complex64_complex64
6149767339,3072,437880,103,1,1,128,1,1,16,0.000,0.000,,,,,NVIDIA A100-SXM4-40GB MIG 4g.20gb (0),1,,13,cupy_copy__complex64_complex64
6149773451,88063,437887,1,1,1,32,32,1,30,0.000,0.000,,,,,NVIDIA A100-SXM4-40GB MIG 4g.20gb (0),1,,13,"void convert_kernel<__half2, float2>(tensor_layout_any, T1 *, tensor_layout_any, const T2 *)"
6149888714,5920,437890,,,,,,,,,,0.094,15826.941,Pinned,Device,NVIDIA A100-SXM4-40GB MIG 4g.20gb (0),1,,13,[CUDA memcpy Host-to-Device]
6149900778,47263,437891,,,,,,,,,,35.810,757666.287,Device,,NVIDIA A100-SXM4-40GB MIG 4g.20gb (0),1,,13,[CUDA memset]
6149956073,4864,437893,,,,,,,,,,0.000,16.447,Pinned,Device,NVIDIA A100-SXM4-40GB MIG 4g.20gb (0),1,,13,[CUDA memcpy Host-to-Device]
6149964329,13248,437894,,,,,,,,,,0.197,14840.562,Pinned,Device,NVIDIA A100-SXM4-40GB MIG 4g.20gb (0),1,,13,[CUDA memcpy Host-to-Device]
6149984745,9728,437895,273,1,1,48,1,1,40,0.000,0.001,,,,,NVIDIA A100-SXM4-40GB MIG 4g.20gb (0),1,,13,"void pusch_noise_intf_est::noiseIntfEstNoDftSOfdmKernel<float, __half, float, float, (unsigned int)2, (unsigned int)1, (unsigned char)4, (unsigned char)4>(pusch_noise_intf_est::puschRxNoiseIntfEstDynDescr)"
6149998792,3040,437906,35,1,1,128,1,1,16,0.000,0.000,,,,,NVIDIA A100-SXM4-40GB MIG 4g.20gb (0),1,,13,cupy_copy__complex64_complex64
6150011464,2112,437915,1,1,1,1,1,1,18,0.000,0.000,,,,,NVIDIA A100-SXM4-40GB MIG 4g.20gb (0),1,,13,cupy_copy__float32_float32
6150042696,1664,437921,,,,,,,,,,0.000,2.404,Device,Pageable,NVIDIA A100-SXM4-40GB MIG 4g.20gb (0),1,,7,[CUDA memcpy Device-to-Host]
6150102823,13120,437932,1434,1,1,128,1,1,16,0.000,0.000,,,,,NVIDIA A100-SXM4-40GB MIG 4g.20gb (0),1,,13,cupy_copy__complex64_complex64
6150130983,2848,437939,103,1,1,128,1,1,16,0.000,0.000,,,,,NVIDIA A100-SXM4-40GB MIG 4g.20gb (0),1,,13,cupy_copy__complex64_complex64
6150149735,2208,437946,35,1,1,128,1,1,16,0.000,0.000,,,,,NVIDIA A100-SXM4-40GB MIG 4g.20gb (0),1,,13,cupy_copy__complex64_complex64
6150168838,1792,437953,1,1,1,1,1,1,18,0.000,0.000,,,,,NVIDIA A100-SXM4-40GB MIG 4g.20gb (0),1,,13,cupy_copy__float32_float32
6150298661,86591,437964,1,1,1,32,32,1,30,0.000,0.000,,,,,NVIDIA A100-SXM4-40GB MIG 4g.20gb (0),1,,13,"void convert_kernel<__half2, float2>(tensor_layout_any, T1 *, tensor_layout_any, const T2 *)"
6150413411,5824,437967,,,,,,,,,,0.094,16087.884,Pinned,Device,NVIDIA A100-SXM4-40GB MIG 4g.20gb (0),1,,13,[CUDA memcpy Host-to-Device]
6150428355,3200,437968,,,,,,,,,,1.547,483320.000,Device,,NVIDIA A100-SXM4-40GB MIG 4g.20gb (0),1,,13,[CUDA memset]
6150435203,3200,437973,,,,,,,,,,0.031,9780.000,Pinned,Device,NVIDIA A100-SXM4-40GB MIG 4g.20gb (0),1,,13,[CUDA memcpy Host-to-Device]
6150441571,9728,437974,,,,,,,,,,0.197,20210.516,Pinned,Device,NVIDIA A100-SXM4-40GB MIG 4g.20gb (0),1,,13,[CUDA memcpy Host-to-Device]
6150455395,6368,437975,273,1,1,8,4,1,39,0.002,0.000,,,,,NVIDIA A100-SXM4-40GB MIG 4g.20gb (0),1,,13,"void channel_eq::eqMmseCoefCompLowMimoKernel<float, float, float, (unsigned int)4, (unsigned int)1, (unsigned int)4>(const channel_eq::_puschRxChEqStatDescr *, channel_eq::_puschRxChEqCoefCompDynDescr)"
6150465251,5248,437976,273,1,1,12,11,1,51,0.002,0.000,,,,,NVIDIA A100-SXM4-40GB MIG 4g.20gb (0),1,,13,"void channel_eq::eqMmseSoftDemapKernel<float, __half, __half, float, (unsigned int)4, (unsigned short)16383>(channel_eq::_puschRxChEqStatDescr *, channel_eq::_puschRxChEqSoftDemapDynDescr)"
6150472035,282300,437977,1,1,1,32,32,1,30,0.000,0.000,,,,,NVIDIA A100-SXM4-40GB MIG 4g.20gb (0),1,,13,"void convert_kernel<float2, __half2>(tensor_layout_any, T1 *, tensor_layout_any, const T2 *)"
6150755327,11008,437989,2253,1,1,128,1,1,16,0.000,0.000,,,,,NVIDIA A100-SXM4-40GB MIG 4g.20gb (0),1,,13,cupy_copy__float16_float16
6150768799,3648,437998,282,1,1,128,1,1,16,0.000,0.000,,,,,NVIDIA A100-SXM4-40GB MIG 4g.20gb (0),1,,13,cupy_copy__complex64_complex64
6150775455,2336,438007,26,1,1,128,1,1,16,0.000,0.000,,,,,NVIDIA A100-SXM4-40GB MIG 4g.20gb (0),1,,13,cupy_copy__float32_float32
6150779231,2784,438016,103,1,1,128,1,1,16,0.000,0.000,,,,,NVIDIA A100-SXM4-40GB MIG 4g.20gb (0),1,,13,cupy_copy__complex64_complex64
6150783615,12672,438026,1434,1,1,128,1,1,16,0.000,0.000,,,,,NVIDIA A100-SXM4-40GB MIG 4g.20gb (0),1,,13,cupy_copy__complex64_complex64
6150805023,82207,438031,1,1,1,32,32,1,30,0.000,0.000,,,,,NVIDIA A100-SXM4-40GB MIG 4g.20gb (0),1,,13,"void convert_kernel<__half2, float2>(tensor_layout_any, T1 *, tensor_layout_any, const T2 *)"
6150914749,5344,438034,,,,,,,,,,0.094,17532.864,Pinned,Device,NVIDIA A100-SXM4-40GB MIG 4g.20gb (0),1,,13,[CUDA memcpy Host-to-Device]
6150925565,600057,438035,,,,,,,,,,456.561,760631.359,Device,,NVIDIA A100-SXM4-40GB MIG 4g.20gb (0),1,,13,[CUDA memset]
6151530070,148766,438040,,,,,,,,,,1.235,8300.059,Pinned,Device,NVIDIA A100-SXM4-40GB MIG 4g.20gb (0),1,,13,[CUDA memcpy Host-to-Device]
6151688852,42335,438041,,,,,,,,,,0.197,4644.078,Pinned,Device,NVIDIA A100-SXM4-40GB MIG 4g.20gb (0),1,,13,[CUDA memcpy Host-to-Device]
6151758995,8672,438042,69,4,1,48,1,1,76,0.002,0.000,,,,,NVIDIA A100-SXM4-40GB MIG 4g.20gb (0),1,,13,"void ch_est::windowedChEstPreNoDftSOfdmKernel<float, __half, float, (unsigned int)2, (unsigned int)1, (unsigned short)4>(ch_est::puschRxChEstStatDescr_t *, ch_est::puschRxChEstDynDescr_t *)"
6151776787,6559,438043,137,2,1,24,2,1,44,0.001,0.001,,,,,NVIDIA A100-SXM4-40GB MIG 4g.20gb (0),1,,13,"void ch_est::chEstFilterNoDftSOfdmDispatchKernel<float, __half, float, (unsigned int)2>(ch_est::puschRxChEstStatDescr_t *, ch_est::puschRxChEstDynDescr_t *)"
6151796338,4928,438044,137,2,1,24,2,1,44,0.001,0.001,,,,,NVIDIA A100-SXM4-40GB MIG 4g.20gb (0),1,,13,"void ch_est::chEstFilterNoDftSOfdmDispatchKernel<float, __half, float, (unsigned int)2>(ch_est::puschRxChEstStatDescr_t *, ch_est::puschRxChEstDynDescr_t *)"
6151811346,2688,438055,103,1,1,128,1,1,16,0.000,0.000,,,,,NVIDIA A100-SXM4-40GB MIG 4g.20gb (0),1,,13,cupy_copy__complex64_complex64
6151827058,12512,438065,1434,1,1,128,1,1,16,0.000,0.000,,,,,NVIDIA A100-SXM4-40GB MIG 4g.20gb (0),1,,13,cupy_copy__complex64_complex64
6151859378,2559,438072,103,1,1,128,1,1,16,0.000,0.000,,,,,NVIDIA A100-SXM4-40GB MIG 4g.20gb (0),1,,13,cupy_copy__complex64_complex64
6151873361,81695,438079,1,1,1,32,32,1,30,0.000,0.000,,,,,NVIDIA A100-SXM4-40GB MIG 4g.20gb (0),1,,13,"void convert_kernel<__half2, float2>(tensor_layout_any, T1 *, tensor_layout_any, const T2 *)"
6151983152,12800,438082,,,,,,,,,,0.094,7320.000,Pinned,Device,NVIDIA A100-SXM4-40GB MIG 4g.20gb (0),1,,13,[CUDA memcpy Host-to-Device]
6152007632,47359,438083,,,,,,,,,,35.810,756126.461,Device,,NVIDIA A100-SXM4-40GB MIG 4g.20gb (0),1,,13,[CUDA memset]
6152057967,8928,438085,,,,,,,,,,0.000,8.961,Pinned,Device,NVIDIA A100-SXM4-40GB MIG 4g.20gb (0),1,,13,[CUDA memcpy Host-to-Device]
6152073935,14816,438086,,,,,,,,,,0.197,13269.860,Pinned,Device,NVIDIA A100-SXM4-40GB MIG 4g.20gb (0),1,,13,[CUDA memcpy Host-to-Device]
6152101391,10463,438087,273,1,1,48,1,1,40,0.000,0.001,,,,,NVIDIA A100-SXM4-40GB MIG 4g.20gb (0),1,,13,"void pusch_noise_intf_est::noiseIntfEstNoDftSOfdmKernel<float, __half, float, float, (unsigned int)2, (unsigned int)1, (unsigned char)4, (unsigned char)4>(pusch_noise_intf_est::puschRxNoiseIntfEstDynDescr)"
6152114830,2560,438098,35,1,1,128,1,1,16,0.000,0.000,,,,,NVIDIA A100-SXM4-40GB MIG 4g.20gb (0),1,,13,cupy_copy__complex64_complex64
6152122670,1984,438107,1,1,1,1,1,1,18,0.000,0.000,,,,,NVIDIA A100-SXM4-40GB MIG 4g.20gb (0),1,,13,cupy_copy__float32_float32
6152136334,2144,438113,,,,,,,,,,0.000,1.866,Device,Pageable,NVIDIA A100-SXM4-40GB MIG 4g.20gb (0),1,,7,[CUDA memcpy Device-to-Host]
6152201229,13120,438124,1434,1,1,128,1,1,16,0.000,0.000,,,,,NVIDIA A100-SXM4-40GB MIG 4g.20gb (0),1,,13,cupy_copy__complex64_complex64
6152227629,2752,438131,103,1,1,128,1,1,16,0.000,0.000,,,,,NVIDIA A100-SXM4-40GB MIG 4g.20gb (0),1,,13,cupy_copy__complex64_complex64
6152248557,2176,438138,35,1,1,128,1,1,16,0.000,0.000,,,,,NVIDIA A100-SXM4-40GB MIG 4g.20gb (0),1,,13,cupy_copy__complex64_complex64
6152267916,1824,438145,1,1,1,1,1,1,18,0.000,0.000,,,,,NVIDIA A100-SXM4-40GB MIG 4g.20gb (0),1,,13,cupy_copy__float32_float32
6152403147,82751,438156,1,1,1,32,32,1,30,0.000,0.000,,,,,NVIDIA A100-SXM4-40GB MIG 4g.20gb (0),1,,13,"void convert_kernel<__half2, float2>(tensor_layout_any, T1 *, tensor_layout_any, const T2 *)"
6152513801,5760,438159,,,,,,,,,,0.094,16266.656,Pinned,Device,NVIDIA A100-SXM4-40GB MIG 4g.20gb (0),1,,13,[CUDA memcpy Host-to-Device]
6152527913,3360,438160,,,,,,,,,,1.547,460304.688,Device,,NVIDIA A100-SXM4-40GB MIG 4g.20gb (0),1,,13,[CUDA memset]
6152534793,3520,438165,,,,,,,,,,0.031,8890.881,Pinned,Device,NVIDIA A100-SXM4-40GB MIG 4g.20gb (0),1,,13,[CUDA memcpy Host-to-Device]
6152541001,9504,438166,,,,,,,,,,0.197,20686.701,Pinned,Device,NVIDIA A100-SXM4-40GB MIG 4g.20gb (0),1,,13,[CUDA memcpy Host-to-Device]
6152555273,8512,438167,273,1,1,8,4,1,39,0.002,0.000,,,,,NVIDIA A100-SXM4-40GB MIG 4g.20gb (0),1,,13,"void channel_eq::eqMmseCoefCompLowMimoKernel<float, float, float, (unsigned int)4, (unsigned int)1, (unsigned int)4>(const channel_eq::_puschRxChEqStatDescr *, channel_eq::_puschRxChEqCoefCompDynDescr)"
6152564745,6176,438168,273,1,1,12,11,1,51,0.002,0.000,,,,,NVIDIA A100-SXM4-40GB MIG 4g.20gb (0),1,,13,"void channel_eq::eqMmseSoftDemapKernel<float, __half, __half, float, (unsigned int)4, (unsigned short)16383>(channel_eq::_puschRxChEqStatDescr *, channel_eq::_puschRxChEqSoftDemapDynDescr)"
6152571913,282588,438169,1,1,1,32,32,1,30,0.000,0.000,,,,,NVIDIA A100-SXM4-40GB MIG 4g.20gb (0),1,,13,"void convert_kernel<float2, __half2>(tensor_layout_any, T1 *, tensor_layout_any, const T2 *)"
6152855877,10944,438181,2253,1,1,128,1,1,16,0.000,0.000,,,,,NVIDIA A100-SXM4-40GB MIG 4g.20gb (0),1,,13,cupy_copy__float16_float16
6152871525,2720,438190,282,1,1,128,1,1,16,0.000,0.000,,,,,NVIDIA A100-SXM4-40GB MIG 4g.20gb (0),1,,13,cupy_copy__complex64_complex64
6152876581,2368,438199,26,1,1,128,1,1,16,0.000,0.000,,,,,NVIDIA A100-SXM4-40GB MIG 4g.20gb (0),1,,13,cupy_copy__float32_float32
6152880005,2976,438208,103,1,1,128,1,1,16,0.000,0.000,,,,,NVIDIA A100-SXM4-40GB MIG 4g.20gb (0),1,,13,cupy_copy__complex64_complex64
6152885477,12000,438218,1434,1,1,128,1,1,16,0.000,0.000,,,,,NVIDIA A100-SXM4-40GB MIG 4g.20gb (0),1,,13,cupy_copy__complex64_complex64
6152902501,81535,438223,1,1,1,32,32,1,30,0.000,0.000,,,,,NVIDIA A100-SXM4-40GB MIG 4g.20gb (0),1,,13,"void convert_kernel<__half2, float2>(tensor_layout_any, T1 *, tensor_layout_any, const T2 *)"
6153011491,5568,438226,,,,,,,,,,0.094,16827.521,Pinned,Device,NVIDIA A100-SXM4-40GB MIG 4g.20gb (0),1,,13,[CUDA memcpy Host-to-Device]
6153022243,597561,438227,,,,,,,,,,456.561,763827.289,Device,,NVIDIA A100-SXM4-40GB MIG 4g.20gb (0),1,,13,[CUDA memset]
6153621436,132510,438232,,,,,,,,,,1.235,9318.887,Pinned,Device,NVIDIA A100-SXM4-40GB MIG 4g.20gb (0),1,,13,[CUDA memcpy Host-to-Device]
6153766554,40351,438233,,,,,,,,,,0.197,4872.339,Pinned,Device,NVIDIA A100-SXM4-40GB MIG 4g.20gb (0),1,,13,[CUDA memcpy Host-to-Device]
6153840601,8352,438234,69,4,1,48,1,1,76,0.002,0.000,,,,,NVIDIA A100-SXM4-40GB MIG 4g.20gb (0),1,,13,"void ch_est::windowedChEstPreNoDftSOfdmKernel<float, __half, float, (unsigned int)2, (unsigned int)1, (unsigned short)4>(ch_est::puschRxChEstStatDescr_t *, ch_est::puschRxChEstDynDescr_t *)"
6153859801,7040,438235,137,2,1,24,2,1,44,0.001,0.001,,,,,NVIDIA A100-SXM4-40GB MIG 4g.20gb (0),1,,13,"void ch_est::chEstFilterNoDftSOfdmDispatchKernel<float, __half, float, (unsigned int)2>(ch_est::puschRxChEstStatDescr_t *, ch_est::puschRxChEstDynDescr_t *)"
6153876569,4704,438236,137,2,1,24,2,1,44,0.001,0.001,,,,,NVIDIA A100-SXM4-40GB MIG 4g.20gb (0),1,,13,"void ch_est::chEstFilterNoDftSOfdmDispatchKernel<float, __half, float, (unsigned int)2>(ch_est::puschRxChEstStatDescr_t *, ch_est::puschRxChEstDynDescr_t *)"
6153896184,2560,438247,103,1,1,128,1,1,16,0.000,0.000,,,,,NVIDIA A100-SXM4-40GB MIG 4g.20gb (0),1,,13,cupy_copy__complex64_complex64
6153912952,12448,438257,1434,1,1,128,1,1,16,0.000,0.000,,,,,NVIDIA A100-SXM4-40GB MIG 4g.20gb (0),1,,13,cupy_copy__complex64_complex64
6153932408,2944,438264,103,1,1,128,1,1,16,0.000,0.000,,,,,NVIDIA A100-SXM4-40GB MIG 4g.20gb (0),1,,13,cupy_copy__complex64_complex64
6153952952,83839,438271,1,1,1,32,32,1,30,0.000,0.000,,,,,NVIDIA A100-SXM4-40GB MIG 4g.20gb (0),1,,13,"void convert_kernel<__half2, float2>(tensor_layout_any, T1 *, tensor_layout_any, const T2 *)"
6154067350,29760,438274,,,,,,,,,,0.094,3148.373,Pinned,Device,NVIDIA A100-SXM4-40GB MIG 4g.20gb (0),1,,13,[CUDA memcpy Host-to-Device]
6154119766,48127,438275,,,,,,,,,,35.810,744058.518,Device,,NVIDIA A100-SXM4-40GB MIG 4g.20gb (0),1,,13,[CUDA memset]
6154171765,14176,438277,,,,,,,,,,0.000,5.643,Pinned,Device,NVIDIA A100-SXM4-40GB MIG 4g.20gb (0),1,,13,[CUDA memcpy Host-to-Device]
6154191637,24639,438278,,,,,,,,,,0.197,7979.532,Pinned,Device,NVIDIA A100-SXM4-40GB MIG 4g.20gb (0),1,,13,[CUDA memcpy Host-to-Device]
6154229908,9568,438279,273,1,1,48,1,1,40,0.000,0.001,,,,,NVIDIA A100-SXM4-40GB MIG 4g.20gb (0),1,,13,"void pusch_noise_intf_est::noiseIntfEstNoDftSOfdmKernel<float, __half, float, float, (unsigned int)2, (unsigned int)1, (unsigned char)4, (unsigned char)4>(pusch_noise_intf_est::puschRxNoiseIntfEstDynDescr)"
6154249716,2720,438290,35,1,1,128,1,1,16,0.000,0.000,,,,,NVIDIA A100-SXM4-40GB MIG 4g.20gb (0),1,,13,cupy_copy__complex64_complex64
6154259412,2048,438299,1,1,1,1,1,1,18,0.000,0.000,,,,,NVIDIA A100-SXM4-40GB MIG 4g.20gb (0),1,,13,cupy_copy__float32_float32
6154265332,1856,438305,,,,,,,,,,0.000,2.155,Device,Pageable,NVIDIA A100-SXM4-40GB MIG 4g.20gb (0),1,,7,[CUDA memcpy Device-to-Host]
6154339795,13056,438316,1434,1,1,128,1,1,16,0.000,0.000,,,,,NVIDIA A100-SXM4-40GB MIG 4g.20gb (0),1,,13,cupy_copy__complex64_complex64
6154368339,3072,438323,103,1,1,128,1,1,16,0.000,0.000,,,,,NVIDIA A100-SXM4-40GB MIG 4g.20gb (0),1,,13,cupy_copy__complex64_complex64
6154391154,2784,438330,35,1,1,128,1,1,16,0.000,0.000,,,,,NVIDIA A100-SXM4-40GB MIG 4g.20gb (0),1,,13,cupy_copy__complex64_complex64
6154411922,1952,438337,1,1,1,1,1,1,18,0.000,0.000,,,,,NVIDIA A100-SXM4-40GB MIG 4g.20gb (0),1,,13,cupy_copy__float32_float32
6154541008,82655,438348,1,1,1,32,32,1,30,0.000,0.000,,,,,NVIDIA A100-SXM4-40GB MIG 4g.20gb (0),1,,13,"void convert_kernel<__half2, float2>(tensor_layout_any, T1 *, tensor_layout_any, const T2 *)"
6154650799,5760,438351,,,,,,,,,,0.094,16266.656,Pinned,Device,NVIDIA A100-SXM4-40GB MIG 4g.20gb (0),1,,13,[CUDA memcpy Host-to-Device]
6154667247,3168,438352,,,,,,,,,,1.547,488201.145,Device,,NVIDIA A100-SXM4-40GB MIG 4g.20gb (0),1,,13,[CUDA memset]
6154672559,3072,438357,,,,,,,,,,0.031,10187.474,Pinned,Device,NVIDIA A100-SXM4-40GB MIG 4g.20gb (0),1,,13,[CUDA memcpy Host-to-Device]
6154678287,10464,438358,,,,,,,,,,0.197,18788.844,Pinned,Device,NVIDIA A100-SXM4-40GB MIG 4g.20gb (0),1,,13,[CUDA memcpy Host-to-Device]
6154694479,6655,438359,273,1,1,8,4,1,39,0.002,0.000,,,,,NVIDIA A100-SXM4-40GB MIG 4g.20gb (0),1,,13,"void channel_eq::eqMmseCoefCompLowMimoKernel<float, float, float, (unsigned int)4, (unsigned int)1, (unsigned int)4>(const channel_eq::_puschRxChEqStatDescr *, channel_eq::_puschRxChEqCoefCompDynDescr)"
6154703662,6592,438360,273,1,1,12,11,1,51,0.002,0.000,,,,,NVIDIA A100-SXM4-40GB MIG 4g.20gb (0),1,,13,"void channel_eq::eqMmseSoftDemapKernel<float, __half, __half, float, (unsigned int)4, (unsigned short)16383>(channel_eq::_puschRxChEqStatDescr *, channel_eq::_puschRxChEqSoftDemapDynDescr)"
6154713518,282749,438361,1,1,1,32,32,1,30,0.000,0.000,,,,,NVIDIA A100-SXM4-40GB MIG 4g.20gb (0),1,,13,"void convert_kernel<float2, __half2>(tensor_layout_any, T1 *, tensor_layout_any, const T2 *)"
6154998251,10912,438373,2253,1,1,128,1,1,16,0.000,0.000,,,,,NVIDIA A100-SXM4-40GB MIG 4g.20gb (0),1,,13,cupy_copy__float16_float16
6155014219,2656,438382,282,1,1,128,1,1,16,0.000,0.000,,,,,NVIDIA A100-SXM4-40GB MIG 4g.20gb (0),1,,13,cupy_copy__complex64_complex64
6155019723,2015,438391,26,1,1,128,1,1,16,0.000,0.000,,,,,NVIDIA A100-SXM4-40GB MIG 4g.20gb (0),1,,13,cupy_copy__float32_float32
6155024266,4640,438400,103,1,1,128,1,1,16,0.000,0.000,,,,,NVIDIA A100-SXM4-40GB MIG 4g.20gb (0),1,,13,cupy_copy__complex64_complex64
6155031914,11968,438410,1434,1,1,128,1,1,16,0.000,0.000,,,,,NVIDIA A100-SXM4-40GB MIG 4g.20gb (0),1,,13,cupy_copy__complex64_complex64
6155050410,81503,438415,1,1,1,32,32,1,30,0.000,0.000,,,,,NVIDIA A100-SXM4-40GB MIG 4g.20gb (0),1,,13,"void convert_kernel<__half2, float2>(tensor_layout_any, T1 *, tensor_layout_any, const T2 *)"
6155159369,5376,438418,,,,,,,,,,0.094,17428.487,Pinned,Device,NVIDIA A100-SXM4-40GB MIG 4g.20gb (0),1,,13,[CUDA memcpy Host-to-Device]
6155170153,598904,438419,,,,,,,,,,456.561,762001.043,Device,,NVIDIA A100-SXM4-40GB MIG 4g.20gb (0),1,,13,[CUDA memset]
6155770049,162462,438424,,,,,,,,,,1.235,7601.080,Pinned,Device,NVIDIA A100-SXM4-40GB MIG 4g.20gb (0),1,,13,[CUDA memcpy Host-to-Device]
6155942207,36000,438425,,,,,,,,,,0.197,5461.180,Pinned,Device,NVIDIA A100-SXM4-40GB MIG 4g.20gb (0),1,,13,[CUDA memcpy Host-to-Device]
6155991551,8191,438426,69,4,1,48,1,1,76,0.002,0.000,,,,,NVIDIA A100-SXM4-40GB MIG 4g.20gb (0),1,,13,"void ch_est::windowedChEstPreNoDftSOfdmKernel<float, __half, float, (unsigned int)2, (unsigned int)1, (unsigned short)4>(ch_est::puschRxChEstStatDescr_t *, ch_est::puschRxChEstDynDescr_t *)"
6156006494,6720,438427,137,2,1,24,2,1,44,0.001,0.001,,,,,NVIDIA A100-SXM4-40GB MIG 4g.20gb (0),1,,13,"void ch_est::chEstFilterNoDftSOfdmDispatchKernel<float, __half, float, (unsigned int)2>(ch_est::puschRxChEstStatDescr_t *, ch_est::puschRxChEstDynDescr_t *)"
6156019294,4768,438428,137,2,1,24,2,1,44,0.001,0.001,,,,,NVIDIA A100-SXM4-40GB MIG 4g.20gb (0),1,,13,"void ch_est::chEstFilterNoDftSOfdmDispatchKernel<float, __half, float, (unsigned int)2>(ch_est::puschRxChEstStatDescr_t *, ch_est::puschRxChEstDynDescr_t *)"
6156031774,2496,438439,103,1,1,128,1,1,16,0.000,0.000,,,,,NVIDIA A100-SXM4-40GB MIG 4g.20gb (0),1,,13,cupy_copy__complex64_complex64
6156046206,12448,438449,1434,1,1,128,1,1,16,0.000,0.000,,,,,NVIDIA A100-SXM4-40GB MIG 4g.20gb (0),1,,13,cupy_copy__complex64_complex64
6156065502,2560,438456,103,1,1,128,1,1,16,0.000,0.000,,,,,NVIDIA A100-SXM4-40GB MIG 4g.20gb (0),1,,13,cupy_copy__complex64_complex64
6156073470,87966,438463,1,1,1,32,32,1,30,0.000,0.000,,,,,NVIDIA A100-SXM4-40GB MIG 4g.20gb (0),1,,13,"void convert_kernel<__half2, float2>(tensor_layout_any, T1 *, tensor_layout_any, const T2 *)"
6156193212,15520,438466,,,,,,,,,,0.094,6037.021,Pinned,Device,NVIDIA A100-SXM4-40GB MIG 4g.20gb (0),1,,13,[CUDA memcpy Host-to-Device]
6156220284,47327,438467,,,,,,,,,,35.810,756627.800,Device,,NVIDIA A100-SXM4-40GB MIG 4g.20gb (0),1,,13,[CUDA memset]
6156274171,7936,438469,,,,,,,,,,0.000,10.081,Pinned,Device,NVIDIA A100-SXM4-40GB MIG 4g.20gb (0),1,,13,[CUDA memcpy Host-to-Device]
6156292347,23136,438470,,,,,,,,,,0.197,8497.791,Pinned,Device,NVIDIA A100-SXM4-40GB MIG 4g.20gb (0),1,,13,[CUDA memcpy Host-to-Device]
6156333690,12960,438471,273,1,1,48,1,1,40,0.000,0.001,,,,,NVIDIA A100-SXM4-40GB MIG 4g.20gb (0),1,,13,"void pusch_noise_intf_est::noiseIntfEstNoDftSOfdmKernel<float, __half, float, float, (unsigned int)2, (unsigned int)1, (unsigned char)4, (unsigned char)4>(pusch_noise_intf_est::puschRxNoiseIntfEstDynDescr)"
6156352186,2720,438482,35,1,1,128,1,1,16,0.000,0.000,,,,,NVIDIA A100-SXM4-40GB MIG 4g.20gb (0),1,,13,cupy_copy__complex64_complex64
6156368986,1696,438491,1,1,1,1,1,1,18,0.000,0.000,,,,,NVIDIA A100-SXM4-40GB MIG 4g.20gb (0),1,,13,cupy_copy__float32_float32
6156378842,6208,438497,,,,,,,,,,0.000,0.644,Device,Pageable,NVIDIA A100-SXM4-40GB MIG 4g.20gb (0),1,,7,[CUDA memcpy Device-to-Host]
6156475385,12479,438508,1434,1,1,128,1,1,16,0.000,0.000,,,,,NVIDIA A100-SXM4-40GB MIG 4g.20gb (0),1,,13,cupy_copy__complex64_complex64
6156501464,2752,438515,103,1,1,128,1,1,16,0.000,0.000,,,,,NVIDIA A100-SXM4-40GB MIG 4g.20gb (0),1,,13,cupy_copy__complex64_complex64
6156518200,2560,438522,35,1,1,128,1,1,16,0.000,0.000,,,,,NVIDIA A100-SXM4-40GB MIG 4g.20gb (0),1,,13,cupy_copy__complex64_complex64
6156540856,1792,438529,1,1,1,1,1,1,18,0.000,0.000,,,,,NVIDIA A100-SXM4-40GB MIG 4g.20gb (0),1,,13,cupy_copy__float32_float32
6156668150,87199,438540,1,1,1,32,32,1,30,0.000,0.000,,,,,NVIDIA A100-SXM4-40GB MIG 4g.20gb (0),1,,13,"void convert_kernel<__half2, float2>(tensor_layout_any, T1 *, tensor_layout_any, const T2 *)"
6156787157,9856,438543,,,,,,,,,,0.094,9506.490,Pinned,Device,NVIDIA A100-SXM4-40GB MIG 4g.20gb (0),1,,13,[CUDA memcpy Host-to-Device]
6156806132,3456,438544,,,,,,,,,,1.547,447517.201,Device,,NVIDIA A100-SXM4-40GB MIG 4g.20gb (0),1,,13,[CUDA memset]
6156813716,7520,438549,,,,,,,,,,0.031,4161.679,Pinned,Device,NVIDIA A100-SXM4-40GB MIG 4g.20gb (0),1,,13,[CUDA memcpy Host-to-Device]
6156824308,13568,438550,,,,,,,,,,0.197,14490.403,Pinned,Device,NVIDIA A100-SXM4-40GB MIG 4g.20gb (0),1,,13,[CUDA memcpy Host-to-Device]
6156853364,8384,438551,273,1,1,8,4,1,39,0.002,0.000,,,,,NVIDIA A100-SXM4-40GB MIG 4g.20gb (0),1,,13,"void channel_eq::eqMmseCoefCompLowMimoKernel<float, float, float, (unsigned int)4, (unsigned int)1, (unsigned int)4>(const channel_eq::_puschRxChEqStatDescr *, channel_eq::_puschRxChEqCoefCompDynDescr)"
6156871732,5440,438552,273,1,1,12,11,1,51,0.002,0.000,,,,,NVIDIA A100-SXM4-40GB MIG 4g.20gb (0),1,,13,"void channel_eq::eqMmseSoftDemapKernel<float, __half, __half, float, (unsigned int)4, (unsigned short)16383>(channel_eq::_puschRxChEqStatDescr *, channel_eq::_puschRxChEqSoftDemapDynDescr)"
6156880148,282428,438553,1,1,1,32,32,1,30,0.000,0.000,,,,,NVIDIA A100-SXM4-40GB MIG 4g.20gb (0),1,,13,"void convert_kernel<float2, __half2>(tensor_layout_any, T1 *, tensor_layout_any, const T2 *)"
6157164272,11008,438565,2253,1,1,128,1,1,16,0.000,0.000,,,,,NVIDIA A100-SXM4-40GB MIG 4g.20gb (0),1,,13,cupy_copy__float16_float16
6157177520,3808,438574,282,1,1,128,1,1,16,0.000,0.000,,,,,NVIDIA A100-SXM4-40GB MIG 4g.20gb (0),1,,13,cupy_copy__complex64_complex64
6157182640,2016,438583,26,1,1,128,1,1,16,0.000,0.000,,,,,NVIDIA A100-SXM4-40GB MIG 4g.20gb (0),1,,13,cupy_copy__float32_float32
6157187184,4608,438592,103,1,1,128,1,1,16,0.000,0.000,,,,,NVIDIA A100-SXM4-40GB MIG 4g.20gb (0),1,,13,cupy_copy__complex64_complex64
6157194832,11968,438602,1434,1,1,128,1,1,16,0.000,0.000,,,,,NVIDIA A100-SXM4-40GB MIG 4g.20gb (0),1,,13,cupy_copy__complex64_complex64
6157211503,87167,438607,1,1,1,32,32,1,30,0.000,0.000,,,,,NVIDIA A100-SXM4-40GB MIG 4g.20gb (0),1,,13,"void convert_kernel<__half2, float2>(tensor_layout_any, T1 *, tensor_layout_any, const T2 *)"
6157326222,5568,438610,,,,,,,,,,0.094,16827.521,Pinned,Device,NVIDIA A100-SXM4-40GB MIG 4g.20gb (0),1,,13,[CUDA memcpy Host-to-Device]
6157336334,597721,438611,,,,,,,,,,456.561,763827.289,Device,,NVIDIA A100-SXM4-40GB MIG 4g.20gb (0),1,,13,[CUDA memset]
6157938279,145150,438616,,,,,,,,,,1.235,8507.529,Pinned,Device,NVIDIA A100-SXM4-40GB MIG 4g.20gb (0),1,,13,[CUDA memcpy Host-to-Device]
6158095109,25439,438617,,,,,,,,,,0.197,7728.464,Pinned,Device,NVIDIA A100-SXM4-40GB MIG 4g.20gb (0),1,,13,[CUDA memcpy Host-to-Device]
6158130532,8096,438618,69,4,1,48,1,1,76,0.002,0.000,,,,,NVIDIA A100-SXM4-40GB MIG 4g.20gb (0),1,,13,"void ch_est::windowedChEstPreNoDftSOfdmKernel<float, __half, float, (unsigned int)2, (unsigned int)1, (unsigned short)4>(ch_est::puschRxChEstStatDescr_t *, ch_est::puschRxChEstDynDescr_t *)"
6158149188,6752,438619,137,2,1,24,2,1,44,0.001,0.001,,,,,NVIDIA A100-SXM4-40GB MIG 4g.20gb (0),1,,13,"void ch_est::chEstFilterNoDftSOfdmDispatchKernel<float, __half, float, (unsigned int)2>(ch_est::puschRxChEstStatDescr_t *, ch_est::puschRxChEstDynDescr_t *)"
6158164164,5120,438620,137,2,1,24,2,1,44,0.001,0.001,,,,,NVIDIA A100-SXM4-40GB MIG 4g.20gb (0),1,,13,"void ch_est::chEstFilterNoDftSOfdmDispatchKernel<float, __half, float, (unsigned int)2>(ch_est::puschRxChEstStatDescr_t *, ch_est::puschRxChEstDynDescr_t *)"
6158172292,2368,438631,103,1,1,128,1,1,16,0.000,0.000,,,,,NVIDIA A100-SXM4-40GB MIG 4g.20gb (0),1,,13,cupy_copy__complex64_complex64
6158180004,12607,438641,1434,1,1,128,1,1,16,0.000,0.000,,,,,NVIDIA A100-SXM4-40GB MIG 4g.20gb (0),1,,13,cupy_copy__complex64_complex64
6158195555,2912,438648,103,1,1,128,1,1,16,0.000,0.000,,,,,NVIDIA A100-SXM4-40GB MIG 4g.20gb (0),1,,13,cupy_copy__complex64_complex64
6158203363,87775,438655,1,1,1,32,32,1,30,0.000,0.000,,,,,NVIDIA A100-SXM4-40GB MIG 4g.20gb (0),1,,13,"void convert_kernel<__half2, float2>(tensor_layout_any, T1 *, tensor_layout_any, const T2 *)"
6158322818,13312,438658,,,,,,,,,,0.094,7038.444,Pinned,Device,NVIDIA A100-SXM4-40GB MIG 4g.20gb (0),1,,13,[CUDA memcpy Host-to-Device]
6158341890,46399,438659,,,,,,,,,,35.810,771775.396,Device,,NVIDIA A100-SXM4-40GB MIG 4g.20gb (0),1,,13,[CUDA memset]
6158389217,8992,438661,,,,,,,,,,0.000,8.897,Pinned,Device,NVIDIA A100-SXM4-40GB MIG 4g.20gb (0),1,,13,[CUDA memcpy Host-to-Device]
6158402593,22816,438662,,,,,,,,,,0.197,8616.935,Pinned,Device,NVIDIA A100-SXM4-40GB MIG 4g.20gb (0),1,,13,[CUDA memcpy Host-to-Device]
6158436352,9664,438663,273,1,1,48,1,1,40,0.000,0.001,,,,,NVIDIA A100-SXM4-40GB MIG 4g.20gb (0),1,,13,"void pusch_noise_intf_est::noiseIntfEstNoDftSOfdmKernel<float, __half, float, float, (unsigned int)2, (unsigned int)1, (unsigned char)4, (unsigned char)4>(pusch_noise_intf_est::puschRxNoiseIntfEstDynDescr)"
6158448640,2912,438674,35,1,1,128,1,1,16,0.000,0.000,,,,,NVIDIA A100-SXM4-40GB MIG 4g.20gb (0),1,,13,cupy_copy__complex64_complex64
6158457664,1760,438683,1,1,1,1,1,1,18,0.000,0.000,,,,,NVIDIA A100-SXM4-40GB MIG 4g.20gb (0),1,,13,cupy_copy__float32_float32
6158472896,5984,438689,,,,,,,,,,0.000,0.668,Device,Pageable,NVIDIA A100-SXM4-40GB MIG 4g.20gb (0),1,,7,[CUDA memcpy Device-to-Host]
6158544703,12832,438700,1434,1,1,128,1,1,16,0.000,0.000,,,,,NVIDIA A100-SXM4-40GB MIG 4g.20gb (0),1,,13,cupy_copy__complex64_complex64
6158572607,2848,438707,103,1,1,128,1,1,16,0.000,0.000,,,,,NVIDIA A100-SXM4-40GB MIG 4g.20gb (0),1,,13,cupy_copy__complex64_complex64
6158593086,2176,438714,35,1,1,128,1,1,16,0.000,0.000,,,,,NVIDIA A100-SXM4-40GB MIG 4g.20gb (0),1,,13,cupy_copy__complex64_complex64
6158611262,1984,438721,1,1,1,1,1,1,18,0.000,0.000,,,,,NVIDIA A100-SXM4-40GB MIG 4g.20gb (0),1,,13,cupy_copy__float32_float32
6158744061,84991,438732,1,1,1,32,32,1,30,0.000,0.000,,,,,NVIDIA A100-SXM4-40GB MIG 4g.20gb (0),1,,13,"void convert_kernel<__half2, float2>(tensor_layout_any, T1 *, tensor_layout_any, const T2 *)"
6158864251,5792,438735,,,,,,,,,,0.094,16176.708,Pinned,Device,NVIDIA A100-SXM4-40GB MIG 4g.20gb (0),1,,13,[CUDA memcpy Host-to-Device]
6158879483,3392,438736,,,,,,,,,,1.547,455961.768,Device,,NVIDIA A100-SXM4-40GB MIG 4g.20gb (0),1,,13,[CUDA memset]
6158886299,3040,438741,,,,,,,,,,0.031,10294.725,Pinned,Device,NVIDIA A100-SXM4-40GB MIG 4g.20gb (0),1,,13,[CUDA memcpy Host-to-Device]
6158891995,9344,438742,,,,,,,,,,0.197,21040.988,Pinned,Device,NVIDIA A100-SXM4-40GB MIG 4g.20gb (0),1,,13,[CUDA memcpy Host-to-Device]
6158907643,9535,438743,273,1,1,8,4,1,39,0.002,0.000,,,,,NVIDIA A100-SXM4-40GB MIG 4g.20gb (0),1,,13,"void channel_eq::eqMmseCoefCompLowMimoKernel<float, float, float, (unsigned int)4, (unsigned int)1, (unsigned int)4>(const channel_eq::_puschRxChEqStatDescr *, channel_eq::_puschRxChEqCoefCompDynDescr)"
6158918810,6208,438744,273,1,1,12,11,1,51,0.002,0.000,,,,,NVIDIA A100-SXM4-40GB MIG 4g.20gb (0),1,,13,"void channel_eq::eqMmseSoftDemapKernel<float, __half, __half, float, (unsigned int)4, (unsigned short)16383>(channel_eq::_puschRxChEqStatDescr *, channel_eq::_puschRxChEqSoftDemapDynDescr)"
6158928058,289757,438745,1,1,1,32,32,1,30,0.000,0.000,,,,,NVIDIA A100-SXM4-40GB MIG 4g.20gb (0),1,,13,"void convert_kernel<float2, __half2>(tensor_layout_any, T1 *, tensor_layout_any, const T2 *)"
6159220727,10976,438757,2253,1,1,128,1,1,16,0.000,0.000,,,,,NVIDIA A100-SXM4-40GB MIG 4g.20gb (0),1,,13,cupy_copy__float16_float16
6159235063,3455,438766,282,1,1,128,1,1,16,0.000,0.000,,,,,NVIDIA A100-SXM4-40GB MIG 4g.20gb (0),1,,13,cupy_copy__complex64_complex64
6159239542,2016,438775,26,1,1,128,1,1,16,0.000,0.000,,,,,NVIDIA A100-SXM4-40GB MIG 4g.20gb (0),1,,13,cupy_copy__float32_float32
6159245526,2944,438784,103,1,1,128,1,1,16,0.000,0.000,,,,,NVIDIA A100-SXM4-40GB MIG 4g.20gb (0),1,,13,cupy_copy__complex64_complex64
6159251862,12128,438794,1434,1,1,128,1,1,16,0.000,0.000,,,,,NVIDIA A100-SXM4-40GB MIG 4g.20gb (0),1,,13,cupy_copy__complex64_complex64
6159266710,87647,438799,1,1,1,32,32,1,30,0.000,0.000,,,,,NVIDIA A100-SXM4-40GB MIG 4g.20gb (0),1,,13,"void convert_kernel<__half2, float2>(tensor_layout_any, T1 *, tensor_layout_any, const T2 *)"
6159381941,5664,438802,,,,,,,,,,0.094,16542.310,Pinned,Device,NVIDIA A100-SXM4-40GB MIG 4g.20gb (0),1,,13,[CUDA memcpy Host-to-Device]
6159392053,598296,438803,,,,,,,,,,456.561,762914.166,Device,,NVIDIA A100-SXM4-40GB MIG 4g.20gb (0),1,,13,[CUDA memset]
6159991629,152414,438808,,,,,,,,,,1.235,8102.468,Pinned,Device,NVIDIA A100-SXM4-40GB MIG 4g.20gb (0),1,,13,[CUDA memcpy Host-to-Device]
6160157355,42240,438809,,,,,,,,,,0.197,4654.498,Pinned,Device,NVIDIA A100-SXM4-40GB MIG 4g.20gb (0),1,,13,[CUDA memcpy Host-to-Device]
6160229162,8448,438810,69,4,1,48,1,1,76,0.002,0.000,,,,,NVIDIA A100-SXM4-40GB MIG 4g.20gb (0),1,,13,"void ch_est::windowedChEstPreNoDftSOfdmKernel<float, __half, float, (unsigned int)2, (unsigned int)1, (unsigned short)4>(ch_est::puschRxChEstStatDescr_t *, ch_est::puschRxChEstDynDescr_t *)"
6160248714,7136,438811,137,2,1,24,2,1,44,0.001,0.001,,,,,NVIDIA A100-SXM4-40GB MIG 4g.20gb (0),1,,13,"void ch_est::chEstFilterNoDftSOfdmDispatchKernel<float, __half, float, (unsigned int)2>(ch_est::puschRxChEstStatDescr_t *, ch_est::puschRxChEstDynDescr_t *)"
6160266410,4768,438812,137,2,1,24,2,1,44,0.001,0.001,,,,,NVIDIA A100-SXM4-40GB MIG 4g.20gb (0),1,,13,"void ch_est::chEstFilterNoDftSOfdmDispatchKernel<float, __half, float, (unsigned int)2>(ch_est::puschRxChEstStatDescr_t *, ch_est::puschRxChEstDynDescr_t *)"
6160282698,2752,438823,103,1,1,128,1,1,16,0.000,0.000,,,,,NVIDIA A100-SXM4-40GB MIG 4g.20gb (0),1,,13,cupy_copy__complex64_complex64
6160297001,12768,438833,1434,1,1,128,1,1,16,0.000,0.000,,,,,NVIDIA A100-SXM4-40GB MIG 4g.20gb (0),1,,13,cupy_copy__complex64_complex64
6160335433,2496,438840,103,1,1,128,1,1,16,0.000,0.000,,,,,NVIDIA A100-SXM4-40GB MIG 4g.20gb (0),1,,13,cupy_copy__complex64_complex64
6160352969,82623,438847,1,1,1,32,32,1,30,0.000,0.000,,,,,NVIDIA A100-SXM4-40GB MIG 4g.20gb (0),1,,13,"void convert_kernel<__half2, float2>(tensor_layout_any, T1 *, tensor_layout_any, const T2 *)"
6160466695,13024,438850,,,,,,,,,,0.094,7194.073,Pinned,Device,NVIDIA A100-SXM4-40GB MIG 4g.20gb (0),1,,13,[CUDA memcpy Host-to-Device]
6160493895,47327,438851,,,,,,,,,,35.810,756627.800,Device,,NVIDIA A100-SXM4-40GB MIG 4g.20gb (0),1,,13,[CUDA memset]
6160544294,3456,438853,,,,,,,,,,0.000,23.148,Pinned,Device,NVIDIA A100-SXM4-40GB MIG 4g.20gb (0),1,,13,[CUDA memcpy Host-to-Device]
6160554790,17728,438854,,,,,,,,,,0.197,11090.067,Pinned,Device,NVIDIA A100-SXM4-40GB MIG 4g.20gb (0),1,,13,[CUDA memcpy Host-to-Device]
6160588678,12192,438855,273,1,1,48,1,1,40,0.000,0.001,,,,,NVIDIA A100-SXM4-40GB MIG 4g.20gb (0),1,,13,"void pusch_noise_intf_est::noiseIntfEstNoDftSOfdmKernel<float, __half, float, float, (unsigned int)2, (unsigned int)1, (unsigned char)4, (unsigned char)4>(pusch_noise_intf_est::puschRxNoiseIntfEstDynDescr)"
6160607110,2688,438866,35,1,1,128,1,1,16,0.000,0.000,,,,,NVIDIA A100-SXM4-40GB MIG 4g.20gb (0),1,,13,cupy_copy__complex64_complex64
6160618533,1760,438875,1,1,1,1,1,1,18,0.000,0.000,,,,,NVIDIA A100-SXM4-40GB MIG 4g.20gb (0),1,,13,cupy_copy__float32_float32
6160627045,7424,438881,,,,,,,,,,0.000,0.539,Device,Pageable,NVIDIA A100-SXM4-40GB MIG 4g.20gb (0),1,,7,[CUDA memcpy Device-to-Host]
6160708132,12992,438892,1434,1,1,128,1,1,16,0.000,0.000,,,,,NVIDIA A100-SXM4-40GB MIG 4g.20gb (0),1,,13,cupy_copy__complex64_complex64
6160746404,3456,438899,103,1,1,128,1,1,16,0.000,0.000,,,,,NVIDIA A100-SXM4-40GB MIG 4g.20gb (0),1,,13,cupy_copy__complex64_complex64
6160758980,2496,438906,35,1,1,128,1,1,16,0.000,0.000,,,,,NVIDIA A100-SXM4-40GB MIG 4g.20gb (0),1,,13,cupy_copy__complex64_complex64
6160771684,1792,438913,1,1,1,1,1,1,18,0.000,0.000,,,,,NVIDIA A100-SXM4-40GB MIG 4g.20gb (0),1,,13,cupy_copy__float32_float32
6160904354,82751,438924,1,1,1,32,32,1,30,0.000,0.000,,,,,NVIDIA A100-SXM4-40GB MIG 4g.20gb (0),1,,13,"void convert_kernel<__half2, float2>(tensor_layout_any, T1 *, tensor_layout_any, const T2 *)"
6161014305,5951,438927,,,,,,,,,,0.094,15744.488,Pinned,Device,NVIDIA A100-SXM4-40GB MIG 4g.20gb (0),1,,13,[CUDA memcpy Host-to-Device]
6161028672,3360,438928,,,,,,,,,,1.547,460304.688,Device,,NVIDIA A100-SXM4-40GB MIG 4g.20gb (0),1,,13,[CUDA memset]
6161035648,3232,438933,,,,,,,,,,0.031,9683.139,Pinned,Device,NVIDIA A100-SXM4-40GB MIG 4g.20gb (0),1,,13,[CUDA memcpy Host-to-Device]
6161041600,9888,438934,,,,,,,,,,0.197,19883.360,Pinned,Device,NVIDIA A100-SXM4-40GB MIG 4g.20gb (0),1,,13,[CUDA memcpy Host-to-Device]
6161056640,6304,438935,273,1,1,8,4,1,39,0.002,0.000,,,,,NVIDIA A100-SXM4-40GB MIG 4g.20gb (0),1,,13,"void channel_eq::eqMmseCoefCompLowMimoKernel<float, float, float, (unsigned int)4, (unsigned int)1, (unsigned int)4>(const channel_eq::_puschRxChEqStatDescr *, channel_eq::_puschRxChEqCoefCompDynDescr)"
6161066048,5600,438936,273,1,1,12,11,1,51,0.002,0.000,,,,,NVIDIA A100-SXM4-40GB MIG 4g.20gb (0),1,,13,"void channel_eq::eqMmseSoftDemapKernel<float, __half, __half, float, (unsigned int)4, (unsigned short)16383>(channel_eq::_puschRxChEqStatDescr *, channel_eq::_puschRxChEqSoftDemapDynDescr)"
6161073568,282492,438937,1,1,1,32,32,1,30,0.000,0.000,,,,,NVIDIA A100-SXM4-40GB MIG 4g.20gb (0),1,,13,"void convert_kernel<float2, __half2>(tensor_layout_any, T1 *, tensor_layout_any, const T2 *)"
6161357724,11040,438949,2253,1,1,128,1,1,16,0.000,0.000,,,,,NVIDIA A100-SXM4-40GB MIG 4g.20gb (0),1,,13,cupy_copy__float16_float16
6161372092,3584,438958,282,1,1,128,1,1,16,0.000,0.000,,,,,NVIDIA A100-SXM4-40GB MIG 4g.20gb (0),1,,13,cupy_copy__complex64_complex64
6161376764,2432,438967,26,1,1,128,1,1,16,0.000,0.000,,,,,NVIDIA A100-SXM4-40GB MIG 4g.20gb (0),1,,13,cupy_copy__float32_float32
6161380956,3008,438976,103,1,1,128,1,1,16,0.000,0.000,,,,,NVIDIA A100-SXM4-40GB MIG 4g.20gb (0),1,,13,cupy_copy__complex64_complex64
6161384956,12192,438986,1434,1,1,128,1,1,16,0.000,0.000,,,,,NVIDIA A100-SXM4-40GB MIG 4g.20gb (0),1,,13,cupy_copy__complex64_complex64
6161401628,82431,438991,1,1,1,32,32,1,30,0.000,0.000,,,,,NVIDIA A100-SXM4-40GB MIG 4g.20gb (0),1,,13,"void convert_kernel<__half2, float2>(tensor_layout_any, T1 *, tensor_layout_any, const T2 *)"
6161510938,6016,438994,,,,,,,,,,0.094,15574.430,Pinned,Device,NVIDIA A100-SXM4-40GB MIG 4g.20gb (0),1,,13,[CUDA memcpy Host-to-Device]
6161520858,595737,438995,,,,,,,,,,456.561,766110.096,Device,,NVIDIA A100-SXM4-40GB MIG 4g.20gb (0),1,,13,[CUDA memset]
6162122227,196381,439000,,,,,,,,,,1.235,6288.335,Pinned,Device,NVIDIA A100-SXM4-40GB MIG 4g.20gb (0),1,,13,[CUDA memcpy Host-to-Device]
6162328848,33920,439001,,,,,,,,,,0.197,5796.200,Pinned,Device,NVIDIA A100-SXM4-40GB MIG 4g.20gb (0),1,,13,[CUDA memcpy Host-to-Device]
6162379792,8064,439002,69,4,1,48,1,1,76,0.002,0.000,,,,,NVIDIA A100-SXM4-40GB MIG 4g.20gb (0),1,,13,"void ch_est::windowedChEstPreNoDftSOfdmKernel<float, __half, float, (unsigned int)2, (unsigned int)1, (unsigned short)4>(ch_est::puschRxChEstStatDescr_t *, ch_est::puschRxChEstDynDescr_t *)"
6162397615,6560,439003,137,2,1,24,2,1,44,0.001,0.001,,,,,NVIDIA A100-SXM4-40GB MIG 4g.20gb (0),1,,13,"void ch_est::chEstFilterNoDftSOfdmDispatchKernel<float, __half, float, (unsigned int)2>(ch_est::puschRxChEstStatDescr_t *, ch_est::puschRxChEstDynDescr_t *)"
6162409647,4928,439004,137,2,1,24,2,1,44,0.001,0.001,,,,,NVIDIA A100-SXM4-40GB MIG 4g.20gb (0),1,,13,"void ch_est::chEstFilterNoDftSOfdmDispatchKernel<float, __half, float, (unsigned int)2>(ch_est::puschRxChEstStatDescr_t *, ch_est::puschRxChEstDynDescr_t *)"
6162425231,2592,439015,103,1,1,128,1,1,16,0.000,0.000,,,,,NVIDIA A100-SXM4-40GB MIG 4g.20gb (0),1,,13,cupy_copy__complex64_complex64
6162433423,12352,439025,1434,1,1,128,1,1,16,0.000,0.000,,,,,NVIDIA A100-SXM4-40GB MIG 4g.20gb (0),1,,13,cupy_copy__complex64_complex64
6162457071,2528,439032,103,1,1,128,1,1,16,0.000,0.000,,,,,NVIDIA A100-SXM4-40GB MIG 4g.20gb (0),1,,13,cupy_copy__complex64_complex64
6162474063,86718,439039,1,1,1,32,32,1,30,0.000,0.000,,,,,NVIDIA A100-SXM4-40GB MIG 4g.20gb (0),1,,13,"void convert_kernel<__half2, float2>(tensor_layout_any, T1 *, tensor_layout_any, const T2 *)"
6162593261,11040,439042,,,,,,,,,,0.094,8486.890,Pinned,Device,NVIDIA A100-SXM4-40GB MIG 4g.20gb (0),1,,13,[CUDA memcpy Host-to-Device]
6162621165,47455,439043,,,,,,,,,,35.810,754586.634,Device,,NVIDIA A100-SXM4-40GB MIG 4g.20gb (0),1,,13,[CUDA memset]
6162668972,5344,439045,,,,,,,,,,0.000,14.970,Pinned,Device,NVIDIA A100-SXM4-40GB MIG 4g.20gb (0),1,,13,[CUDA memcpy Host-to-Device]
6162681836,17376,439046,,,,,,,,,,0.197,11314.790,Pinned,Device,NVIDIA A100-SXM4-40GB MIG 4g.20gb (0),1,,13,[CUDA memcpy Host-to-Device]
6162706540,10912,439047,273,1,1,48,1,1,40,0.000,0.001,,,,,NVIDIA A100-SXM4-40GB MIG 4g.20gb (0),1,,13,"void pusch_noise_intf_est::noiseIntfEstNoDftSOfdmKernel<float, __half, float, float, (unsigned int)2, (unsigned int)1, (unsigned char)4, (unsigned char)4>(pusch_noise_intf_est::puschRxNoiseIntfEstDynDescr)"
6162723499,3104,439058,35,1,1,128,1,1,16,0.000,0.000,,,,,NVIDIA A100-SXM4-40GB MIG 4g.20gb (0),1,,13,cupy_copy__complex64_complex64
6162729387,1920,439067,1,1,1,1,1,1,18,0.000,0.000,,,,,NVIDIA A100-SXM4-40GB MIG 4g.20gb (0),1,,13,cupy_copy__float32_float32
6162744939,3872,439073,,,,,,,,,,0.000,1.033,Device,Pageable,NVIDIA A100-SXM4-40GB MIG 4g.20gb (0),1,,7,[CUDA memcpy Device-to-Host]
6162809226,13248,439084,1434,1,1,128,1,1,16,0.000,0.000,,,,,NVIDIA A100-SXM4-40GB MIG 4g.20gb (0),1,,13,cupy_copy__complex64_complex64
6162837098,3424,439091,103,1,1,128,1,1,16,0.000,0.000,,,,,NVIDIA A100-SXM4-40GB MIG 4g.20gb (0),1,,13,cupy_copy__complex64_complex64
6162865994,2176,439098,35,1,1,128,1,1,16,0.000,0.000,,,,,NVIDIA A100-SXM4-40GB MIG 4g.20gb (0),1,,13,cupy_copy__complex64_complex64
6162886441,2112,439105,1,1,1,1,1,1,18,0.000,0.000,,,,,NVIDIA A100-SXM4-40GB MIG 4g.20gb (0),1,,13,cupy_copy__float32_float32
6163017832,82207,439116,1,1,1,32,32,1,30,0.000,0.000,,,,,NVIDIA A100-SXM4-40GB MIG 4g.20gb (0),1,,13,"void convert_kernel<__half2, float2>(tensor_layout_any, T1 *, tensor_layout_any, const T2 *)"
6163126982,5696,439119,,,,,,,,,,0.094,16449.363,Pinned,Device,NVIDIA A100-SXM4-40GB MIG 4g.20gb (0),1,,13,[CUDA memcpy Host-to-Device]
6163143046,2976,439120,,,,,,,,,,1.547,519698.143,Device,,NVIDIA A100-SXM4-40GB MIG 4g.20gb (0),1,,13,[CUDA memset]
6163148134,3424,439125,,,,,,,,,,0.031,9140.185,Pinned,Device,NVIDIA A100-SXM4-40GB MIG 4g.20gb (0),1,,13,[CUDA memcpy Host-to-Device]
6163154182,9984,439126,,,,,,,,,,0.197,19692.257,Pinned,Device,NVIDIA A100-SXM4-40GB MIG 4g.20gb (0),1,,13,[CUDA memcpy Host-to-Device]
6163168134,6048,439127,273,1,1,8,4,1,39,0.002,0.000,,,,,NVIDIA A100-SXM4-40GB MIG 4g.20gb (0),1,,13,"void channel_eq::eqMmseCoefCompLowMimoKernel<float, float, float, (unsigned int)4, (unsigned int)1, (unsigned int)4>(const channel_eq::_puschRxChEqStatDescr *, channel_eq::_puschRxChEqCoefCompDynDescr)"
6163175718,5824,439128,273,1,1,12,11,1,51,0.002,0.000,,,,,NVIDIA A100-SXM4-40GB MIG 4g.20gb (0),1,,13,"void channel_eq::eqMmseSoftDemapKernel<float, __half, __half, float, (unsigned int)4, (unsigned short)16383>(channel_eq::_puschRxChEqStatDescr *, channel_eq::_puschRxChEqSoftDemapDynDescr)"
6163183238,282108,439129,1,1,1,32,32,1,30,0.000,0.000,,,,,NVIDIA A100-SXM4-40GB MIG 4g.20gb (0),1,,13,"void convert_kernel<float2, __half2>(tensor_layout_any, T1 *, tensor_layout_any, const T2 *)"
6163466434,11104,439141,2253,1,1,128,1,1,16,0.000,0.000,,,,,NVIDIA A100-SXM4-40GB MIG 4g.20gb (0),1,,13,cupy_copy__float16_float16
6163482242,2688,439150,282,1,1,128,1,1,16,0.000,0.000,,,,,NVIDIA A100-SXM4-40GB MIG 4g.20gb (0),1,,13,cupy_copy__complex64_complex64
6163488066,2272,439159,26,1,1,128,1,1,16,0.000,0.000,,,,,NVIDIA A100-SXM4-40GB MIG 4g.20gb (0),1,,13,cupy_copy__float32_float32
6163492578,2784,439168,103,1,1,128,1,1,16,0.000,0.000,,,,,NVIDIA A100-SXM4-40GB MIG 4g.20gb (0),1,,13,cupy_copy__complex64_complex64
6163496354,11936,439178,1434,1,1,128,1,1,16,0.000,0.000,,,,,NVIDIA A100-SXM4-40GB MIG 4g.20gb (0),1,,13,cupy_copy__complex64_complex64
6163517474,81151,439183,1,1,1,32,32,1,30,0.000,0.000,,,,,NVIDIA A100-SXM4-40GB MIG 4g.20gb (0),1,,13,"void convert_kernel<__half2, float2>(tensor_layout_any, T1 *, tensor_layout_any, const T2 *)"
6163626496,5376,439186,,,,,,,,,,0.094,17428.487,Pinned,Device,NVIDIA A100-SXM4-40GB MIG 4g.20gb (0),1,,13,[CUDA memcpy Host-to-Device]
6163636896,597913,439187,,,,,,,,,,456.561,763370.728,Device,,NVIDIA A100-SXM4-40GB MIG 4g.20gb (0),1,,13,[CUDA memset]
6164237849,163902,439192,,,,,,,,,,1.235,7534.393,Pinned,Device,NVIDIA A100-SXM4-40GB MIG 4g.20gb (0),1,,13,[CUDA memcpy Host-to-Device]
6164414935,40767,439193,,,,,,,,,,0.197,4822.598,Pinned,Device,NVIDIA A100-SXM4-40GB MIG 4g.20gb (0),1,,13,[CUDA memcpy Host-to-Device]
6164478134,8032,439194,69,4,1,48,1,1,76,0.002,0.000,,,,,NVIDIA A100-SXM4-40GB MIG 4g.20gb (0),1,,13,"void ch_est::windowedChEstPreNoDftSOfdmKernel<float, __half, float, (unsigned int)2, (unsigned int)1, (unsigned short)4>(ch_est::puschRxChEstStatDescr_t *, ch_est::puschRxChEstDynDescr_t *)"
6164499126,6751,439195,137,2,1,24,2,1,44,0.001,0.001,,,,,NVIDIA A100-SXM4-40GB MIG 4g.20gb (0),1,,13,"void ch_est::chEstFilterNoDftSOfdmDispatchKernel<float, __half, float, (unsigned int)2>(ch_est::puschRxChEstStatDescr_t *, ch_est::puschRxChEstDynDescr_t *)"
6164515861,4768,439196,137,2,1,24,2,1,44,0.001,0.001,,,,,NVIDIA A100-SXM4-40GB MIG 4g.20gb (0),1,,13,"void ch_est::chEstFilterNoDftSOfdmDispatchKernel<float, __half, float, (unsigned int)2>(ch_est::puschRxChEstStatDescr_t *, ch_est::puschRxChEstDynDescr_t *)"
6164532341,2496,439207,103,1,1,128,1,1,16,0.000,0.000,,,,,NVIDIA A100-SXM4-40GB MIG 4g.20gb (0),1,,13,cupy_copy__complex64_complex64
6164549397,12416,439217,1434,1,1,128,1,1,16,0.000,0.000,,,,,NVIDIA A100-SXM4-40GB MIG 4g.20gb (0),1,,13,cupy_copy__complex64_complex64
6164568597,2944,439224,103,1,1,128,1,1,16,0.000,0.000,,,,,NVIDIA A100-SXM4-40GB MIG 4g.20gb (0),1,,13,cupy_copy__complex64_complex64
6164593044,85663,439231,1,1,1,32,32,1,30,0.000,0.000,,,,,NVIDIA A100-SXM4-40GB MIG 4g.20gb (0),1,,13,"void convert_kernel<__half2, float2>(tensor_layout_any, T1 *, tensor_layout_any, const T2 *)"
6164709939,28096,439234,,,,,,,,,,0.094,3334.828,Pinned,Device,NVIDIA A100-SXM4-40GB MIG 4g.20gb (0),1,,13,[CUDA memcpy Host-to-Device]
6164760850,46464,439235,,,,,,,,,,35.810,770701.098,Device,,NVIDIA A100-SXM4-40GB MIG 4g.20gb (0),1,,13,[CUDA memset]
6164811858,12960,439237,,,,,,,,,,0.000,6.173,Pinned,Device,NVIDIA A100-SXM4-40GB MIG 4g.20gb (0),1,,13,[CUDA memcpy Host-to-Device]
6164833041,18240,439238,,,,,,,,,,0.197,10778.837,Pinned,Device,NVIDIA A100-SXM4-40GB MIG 4g.20gb (0),1,,13,[CUDA memcpy Host-to-Device]
6164874385,10240,439239,273,1,1,48,1,1,40,0.000,0.001,,,,,NVIDIA A100-SXM4-40GB MIG 4g.20gb (0),1,,13,"void pusch_noise_intf_est::noiseIntfEstNoDftSOfdmKernel<float, __half, float, float, (unsigned int)2, (unsigned int)1, (unsigned char)4, (unsigned char)4>(pusch_noise_intf_est::puschRxNoiseIntfEstDynDescr)"
6164899985,2560,439250,35,1,1,128,1,1,16,0.000,0.000,,,,,NVIDIA A100-SXM4-40GB MIG 4g.20gb (0),1,,13,cupy_copy__complex64_complex64
6164912368,1728,439259,1,1,1,1,1,1,18,0.000,0.000,,,,,NVIDIA A100-SXM4-40GB MIG 4g.20gb (0),1,,13,cupy_copy__float32_float32
6164918896,4992,439265,,,,,,,,,,0.000,0.801,Device,Pageable,NVIDIA A100-SXM4-40GB MIG 4g.20gb (0),1,,7,[CUDA memcpy Device-to-Host]
6164995055,12704,439276,1434,1,1,128,1,1,16,0.000,0.000,,,,,NVIDIA A100-SXM4-40GB MIG 4g.20gb (0),1,,13,cupy_copy__complex64_complex64
6165023023,2880,439283,103,1,1,128,1,1,16,0.000,0.000,,,,,NVIDIA A100-SXM4-40GB MIG 4g.20gb (0),1,,13,cupy_copy__complex64_complex64
6165037295,2560,439290,35,1,1,128,1,1,16,0.000,0.000,,,,,NVIDIA A100-SXM4-40GB MIG 4g.20gb (0),1,,13,cupy_copy__complex64_complex64
6165056175,1888,439297,1,1,1,1,1,1,18,0.000,0.000,,,,,NVIDIA A100-SXM4-40GB MIG 4g.20gb (0),1,,13,cupy_copy__float32_float32
6165188845,87263,439308,1,1,1,32,32,1,30,0.000,0.000,,,,,NVIDIA A100-SXM4-40GB MIG 4g.20gb (0),1,,13,"void convert_kernel<__half2, float2>(tensor_layout_any, T1 *, tensor_layout_any, const T2 *)"
6165303788,5952,439311,,,,,,,,,,0.094,15741.865,Pinned,Device,NVIDIA A100-SXM4-40GB MIG 4g.20gb (0),1,,13,[CUDA memcpy Host-to-Device]
6165318411,3616,439312,,,,,,,,,,1.547,427715.774,Device,,NVIDIA A100-SXM4-40GB MIG 4g.20gb (0),1,,13,[CUDA memset]
6165324907,2976,439317,,,,,,,,,,0.031,10516.113,Pinned,Device,NVIDIA A100-SXM4-40GB MIG 4g.20gb (0),1,,13,[CUDA memcpy Host-to-Device]
6165330539,9664,439318,,,,,,,,,,0.197,20344.209,Pinned,Device,NVIDIA A100-SXM4-40GB MIG 4g.20gb (0),1,,13,[CUDA memcpy Host-to-Device]
6165346443,6784,439319,273,1,1,8,4,1,39,0.002,0.000,,,,,NVIDIA A100-SXM4-40GB MIG 4g.20gb (0),1,,13,"void channel_eq::eqMmseCoefCompLowMimoKernel<float, float, float, (unsigned int)4, (unsigned int)1, (unsigned int)4>(const channel_eq::_puschRxChEqStatDescr *, channel_eq::_puschRxChEqCoefCompDynDescr)"
6165354731,5952,439320,273,1,1,12,11,1,51,0.002,0.000,,,,,NVIDIA A100-SXM4-40GB MIG 4g.20gb (0),1,,13,"void channel_eq::eqMmseSoftDemapKernel<float, __half, __half, float, (unsigned int)4, (unsigned short)16383>(channel_eq::_puschRxChEqStatDescr *, channel_eq::_puschRxChEqSoftDemapDynDescr)"
6165362219,294428,439321,1,1,1,32,32,1,30,0.000,0.000,,,,,NVIDIA A100-SXM4-40GB MIG 4g.20gb (0),1,,13,"void convert_kernel<float2, __half2>(tensor_layout_any, T1 *, tensor_layout_any, const T2 *)"
6165660615,11072,439333,2253,1,1,128,1,1,16,0.000,0.000,,,,,NVIDIA A100-SXM4-40GB MIG 4g.20gb (0),1,,13,cupy_copy__float16_float16
6165676391,3456,439342,282,1,1,128,1,1,16,0.000,0.000,,,,,NVIDIA A100-SXM4-40GB MIG 4g.20gb (0),1,,13,cupy_copy__complex64_complex64
6165682087,2176,439351,26,1,1,128,1,1,16,0.000,0.000,,,,,NVIDIA A100-SXM4-40GB MIG 4g.20gb (0),1,,13,cupy_copy__float32_float32
6165686375,4192,439360,103,1,1,128,1,1,16,0.000,0.000,,,,,NVIDIA A100-SXM4-40GB MIG 4g.20gb (0),1,,13,cupy_copy__complex64_complex64
6165694375,11904,439370,1434,1,1,128,1,1,16,0.000,0.000,,,,,NVIDIA A100-SXM4-40GB MIG 4g.20gb (0),1,,13,cupy_copy__complex64_complex64
6165708391,82687,439375,1,1,1,32,32,1,30,0.000,0.000,,,,,NVIDIA A100-SXM4-40GB MIG 4g.20gb (0),1,,13,"void convert_kernel<__half2, float2>(tensor_layout_any, T1 *, tensor_layout_any, const T2 *)"
6165817957,5376,439378,,,,,,,,,,0.094,17428.487,Pinned,Device,NVIDIA A100-SXM4-40GB MIG 4g.20gb (0),1,,13,[CUDA memcpy Host-to-Device]
6165827749,597881,439379,,,,,,,,,,456.561,763370.728,Device,,NVIDIA A100-SXM4-40GB MIG 4g.20gb (0),1,,13,[CUDA memset]
6166433022,153406,439384,,,,,,,,,,1.235,8049.365,Pinned,Device,NVIDIA A100-SXM4-40GB MIG 4g.20gb (0),1,,13,[CUDA memcpy Host-to-Device]
6166595548,39231,439385,,,,,,,,,,0.197,5011.538,Pinned,Device,NVIDIA A100-SXM4-40GB MIG 4g.20gb (0),1,,13,[CUDA memcpy Host-to-Device]
6166663931,7968,439386,69,4,1,48,1,1,76,0.002,0.000,,,,,NVIDIA A100-SXM4-40GB MIG 4g.20gb (0),1,,13,"void ch_est::windowedChEstPreNoDftSOfdmKernel<float, __half, float, (unsigned int)2, (unsigned int)1, (unsigned short)4>(ch_est::puschRxChEstStatDescr_t *, ch_est::puschRxChEstDynDescr_t *)"
6166681787,6688,439387,137,2,1,24,2,1,44,0.001,0.001,,,,,NVIDIA A100-SXM4-40GB MIG 4g.20gb (0),1,,13,"void ch_est::chEstFilterNoDftSOfdmDispatchKernel<float, __half, float, (unsigned int)2>(ch_est::puschRxChEstStatDescr_t *, ch_est::puschRxChEstDynDescr_t *)"
6166698554,4768,439388,137,2,1,24,2,1,44,0.001,0.001,,,,,NVIDIA A100-SXM4-40GB MIG 4g.20gb (0),1,,13,"void ch_est::chEstFilterNoDftSOfdmDispatchKernel<float, __half, float, (unsigned int)2>(ch_est::puschRxChEstStatDescr_t *, ch_est::puschRxChEstDynDescr_t *)"
6166714426,2656,439399,103,1,1,128,1,1,16,0.000,0.000,,,,,NVIDIA A100-SXM4-40GB MIG 4g.20gb (0),1,,13,cupy_copy__complex64_complex64
6166731098,12704,439409,1434,1,1,128,1,1,16,0.000,0.000,,,,,NVIDIA A100-SXM4-40GB MIG 4g.20gb (0),1,,13,cupy_copy__complex64_complex64
6166754682,2560,439416,103,1,1,128,1,1,16,0.000,0.000,,,,,NVIDIA A100-SXM4-40GB MIG 4g.20gb (0),1,,13,cupy_copy__complex64_complex64
6166776793,86143,439423,1,1,1,32,32,1,30,0.000,0.000,,,,,NVIDIA A100-SXM4-40GB MIG 4g.20gb (0),1,,13,"void convert_kernel<__half2, float2>(tensor_layout_any, T1 *, tensor_layout_any, const T2 *)"
6166897368,25536,439426,,,,,,,,,,0.094,3669.135,Pinned,Device,NVIDIA A100-SXM4-40GB MIG 4g.20gb (0),1,,13,[CUDA memcpy Host-to-Device]
6166938967,46720,439427,,,,,,,,,,35.810,766475.528,Device,,NVIDIA A100-SXM4-40GB MIG 4g.20gb (0),1,,13,[CUDA memset]
6166994071,15584,439429,,,,,,,,,,0.000,5.133,Pinned,Device,NVIDIA A100-SXM4-40GB MIG 4g.20gb (0),1,,13,[CUDA memcpy Host-to-Device]
6167022966,24960,439430,,,,,,,,,,0.197,7876.903,Pinned,Device,NVIDIA A100-SXM4-40GB MIG 4g.20gb (0),1,,13,[CUDA memcpy Host-to-Device]
6167070198,10272,439431,273,1,1,48,1,1,40,0.000,0.001,,,,,NVIDIA A100-SXM4-40GB MIG 4g.20gb (0),1,,13,"void pusch_noise_intf_est::noiseIntfEstNoDftSOfdmKernel<float, __half, float, float, (unsigned int)2, (unsigned int)1, (unsigned char)4, (unsigned char)4>(pusch_noise_intf_est::puschRxNoiseIntfEstDynDescr)"
6167086934,2784,439442,35,1,1,128,1,1,16,0.000,0.000,,,,,NVIDIA A100-SXM4-40GB MIG 4g.20gb (0),1,,13,cupy_copy__complex64_complex64
6167103829,1664,439451,1,1,1,1,1,1,18,0.000,0.000,,,,,NVIDIA A100-SXM4-40GB MIG 4g.20gb (0),1,,13,cupy_copy__float32_float32
6167106837,8064,439457,,,,,,,,,,0.000,0.496,Device,Pageable,NVIDIA A100-SXM4-40GB MIG 4g.20gb (0),1,,7,[CUDA memcpy Device-to-Host]
6167197108,12576,439468,1434,1,1,128,1,1,16,0.000,0.000,,,,,NVIDIA A100-SXM4-40GB MIG 4g.20gb (0),1,,13,cupy_copy__complex64_complex64
6167220308,3264,439475,103,1,1,128,1,1,16,0.000,0.000,,,,,NVIDIA A100-SXM4-40GB MIG 4g.20gb (0),1,,13,cupy_copy__complex64_complex64
6167242484,2368,439482,35,1,1,128,1,1,16,0.000,0.000,,,,,NVIDIA A100-SXM4-40GB MIG 4g.20gb (0),1,,13,cupy_copy__complex64_complex64
6167261651,1792,439489,1,1,1,1,1,1,18,0.000,0.000,,,,,NVIDIA A100-SXM4-40GB MIG 4g.20gb (0),1,,13,cupy_copy__float32_float32
6167399122,88159,439500,1,1,1,32,32,1,30,0.000,0.000,,,,,NVIDIA A100-SXM4-40GB MIG 4g.20gb (0),1,,13,"void convert_kernel<__half2, float2>(tensor_layout_any, T1 *, tensor_layout_any, const T2 *)"
6167517296,7360,439503,,,,,,,,,,0.094,12730.382,Pinned,Device,NVIDIA A100-SXM4-40GB MIG 4g.20gb (0),1,,13,[CUDA memcpy Host-to-Device]
6167531472,3392,439504,,,,,,,,,,1.547,455961.768,Device,,NVIDIA A100-SXM4-40GB MIG 4g.20gb (0),1,,13,[CUDA memset]
6167536944,3040,439509,,,,,,,,,,0.031,10294.725,Pinned,Device,NVIDIA A100-SXM4-40GB MIG 4g.20gb (0),1,,13,[CUDA memcpy Host-to-Device]
6167542960,10816,439510,,,,,,,,,,0.197,18177.393,Pinned,Device,NVIDIA A100-SXM4-40GB MIG 4g.20gb (0),1,,13,[CUDA memcpy Host-to-Device]
6167558480,8544,439511,273,1,1,8,4,1,39,0.002,0.000,,,,,NVIDIA A100-SXM4-40GB MIG 4g.20gb (0),1,,13,"void channel_eq::eqMmseCoefCompLowMimoKernel<float, float, float, (unsigned int)4, (unsigned int)1, (unsigned int)4>(const channel_eq::_puschRxChEqStatDescr *, channel_eq::_puschRxChEqCoefCompDynDescr)"
6167570320,6272,439512,273,1,1,12,11,1,51,0.002,0.000,,,,,NVIDIA A100-SXM4-40GB MIG 4g.20gb (0),1,,13,"void channel_eq::eqMmseSoftDemapKernel<float, __half, __half, float, (unsigned int)4, (unsigned short)16383>(channel_eq::_puschRxChEqStatDescr *, channel_eq::_puschRxChEqSoftDemapDynDescr)"
6167578544,282684,439513,1,1,1,32,32,1,30,0.000,0.000,,,,,NVIDIA A100-SXM4-40GB MIG 4g.20gb (0),1,,13,"void convert_kernel<float2, __half2>(tensor_layout_any, T1 *, tensor_layout_any, const T2 *)"
6167862188,11008,439525,2253,1,1,128,1,1,16,0.000,0.000,,,,,NVIDIA A100-SXM4-40GB MIG 4g.20gb (0),1,,13,cupy_copy__float16_float16
6167875820,3424,439534,282,1,1,128,1,1,16,0.000,0.000,,,,,NVIDIA A100-SXM4-40GB MIG 4g.20gb (0),1,,13,cupy_copy__complex64_complex64
6167882284,3360,439543,26,1,1,128,1,1,16,0.000,0.000,,,,,NVIDIA A100-SXM4-40GB MIG 4g.20gb (0),1,,13,cupy_copy__float32_float32
6167889996,4544,439552,103,1,1,128,1,1,16,0.000,0.000,,,,,NVIDIA A100-SXM4-40GB MIG 4g.20gb (0),1,,13,cupy_copy__complex64_complex64
6167897740,12351,439562,1434,1,1,128,1,1,16,0.000,0.000,,,,,NVIDIA A100-SXM4-40GB MIG 4g.20gb (0),1,,13,cupy_copy__complex64_complex64
6167913131,81151,439567,1,1,1,32,32,1,30,0.000,0.000,,,,,NVIDIA A100-SXM4-40GB MIG 4g.20gb (0),1,,13,"void convert_kernel<__half2, float2>(tensor_layout_any, T1 *, tensor_layout_any, const T2 *)"
6168021738,5632,439570,,,,,,,,,,0.094,16636.287,Pinned,Device,NVIDIA A100-SXM4-40GB MIG 4g.20gb (0),1,,13,[CUDA memcpy Host-to-Device]
6168033610,596857,439571,,,,,,,,,,456.561,764740.412,Device,,NVIDIA A100-SXM4-40GB MIG 4g.20gb (0),1,,13,[CUDA memset]
6168634051,140574,439576,,,,,,,,,,1.235,8784.157,Pinned,Device,NVIDIA A100-SXM4-40GB MIG 4g.20gb (0),1,,13,[CUDA memcpy Host-to-Device]
6168786913,40543,439577,,,,,,,,,,0.197,4849.336,Pinned,Device,NVIDIA A100-SXM4-40GB MIG 4g.20gb (0),1,,13,[CUDA memcpy Host-to-Device]
6168843520,8640,439578,69,4,1,48,1,1,76,0.002,0.000,,,,,NVIDIA A100-SXM4-40GB MIG 4g.20gb (0),1,,13,"void ch_est::windowedChEstPreNoDftSOfdmKernel<float, __half, float, (unsigned int)2, (unsigned int)1, (unsigned short)4>(ch_est::puschRxChEstStatDescr_t *, ch_est::puschRxChEstDynDescr_t *)"
6168861824,6976,439579,137,2,1,24,2,1,44,0.001,0.001,,,,,NVIDIA A100-SXM4-40GB MIG 4g.20gb (0),1,,13,"void ch_est::chEstFilterNoDftSOfdmDispatchKernel<float, __half, float, (unsigned int)2>(ch_est::puschRxChEstStatDescr_t *, ch_est::puschRxChEstDynDescr_t *)"
6168875552,4960,439580,137,2,1,24,2,1,44,0.001,0.001,,,,,NVIDIA A100-SXM4-40GB MIG 4g.20gb (0),1,,13,"void ch_est::chEstFilterNoDftSOfdmDispatchKernel<float, __half, float, (unsigned int)2>(ch_est::puschRxChEstStatDescr_t *, ch_est::puschRxChEstDynDescr_t *)"
6168888447,2656,439591,103,1,1,128,1,1,16,0.000,0.000,,,,,NVIDIA A100-SXM4-40GB MIG 4g.20gb (0),1,,13,cupy_copy__complex64_complex64
6168898079,12384,439601,1434,1,1,128,1,1,16,0.000,0.000,,,,,NVIDIA A100-SXM4-40GB MIG 4g.20gb (0),1,,13,cupy_copy__complex64_complex64
6168915807,2560,439608,103,1,1,128,1,1,16,0.000,0.000,,,,,NVIDIA A100-SXM4-40GB MIG 4g.20gb (0),1,,13,cupy_copy__complex64_complex64
6168925887,83135,439615,1,1,1,32,32,1,30,0.000,0.000,,,,,NVIDIA A100-SXM4-40GB MIG 4g.20gb (0),1,,13,"void convert_kernel<__half2, float2>(tensor_layout_any, T1 *, tensor_layout_any, const T2 *)"
6169035710,5728,439618,,,,,,,,,,0.094,16357.541,Pinned,Device,NVIDIA A100-SXM4-40GB MIG 4g.20gb (0),1,,13,[CUDA memcpy Host-to-Device]
6169047421,45920,439619,,,,,,,,,,35.810,779832.628,Device,,NVIDIA A100-SXM4-40GB MIG 4g.20gb (0),1,,13,[CUDA memset]
6169099261,3680,439621,,,,,,,,,,0.000,21.739,Pinned,Device,NVIDIA A100-SXM4-40GB MIG 4g.20gb (0),1,,13,[CUDA memcpy Host-to-Device]
6169107229,13632,439622,,,,,,,,,,0.197,14422.376,Pinned,Device,NVIDIA A100-SXM4-40GB MIG 4g.20gb (0),1,,13,[CUDA memcpy Host-to-Device]
6169131068,12320,439623,273,1,1,48,1,1,40,0.000,0.001,,,,,NVIDIA A100-SXM4-40GB MIG 4g.20gb (0),1,,13,"void pusch_noise_intf_est::noiseIntfEstNoDftSOfdmKernel<float, __half, float, float, (unsigned int)2, (unsigned int)1, (unsigned char)4, (unsigned char)4>(pusch_noise_intf_est::puschRxNoiseIntfEstDynDescr)"
6169147228,3328,439634,35,1,1,128,1,1,16,0.000,0.000,,,,,NVIDIA A100-SXM4-40GB MIG 4g.20gb (0),1,,13,cupy_copy__complex64_complex64
6169157052,1856,439643,1,1,1,1,1,1,18,0.000,0.000,,,,,NVIDIA A100-SXM4-40GB MIG 4g.20gb (0),1,,13,cupy_copy__float32_float32
6169190748,1568,439649,,,,,,,,,,0.000,2.551,Device,Pageable,NVIDIA A100-SXM4-40GB MIG 4g.20gb (0),1,,7,[CUDA memcpy Device-to-Host]
6169250779,12672,439660,1434,1,1,128,1,1,16,0.000,0.000,,,,,NVIDIA A100-SXM4-40GB MIG 4g.20gb (0),1,,13,cupy_copy__complex64_complex64
6169278651,3648,439667,103,1,1,128,1,1,16,0.000,0.000,,,,,NVIDIA A100-SXM4-40GB MIG 4g.20gb (0),1,,13,cupy_copy__complex64_complex64
6169299418,2176,439674,35,1,1,128,1,1,16,0.000,0.000,,,,,NVIDIA A100-SXM4-40GB MIG 4g.20gb (0),1,,13,cupy_copy__complex64_complex64
6169317466,1760,439681,1,1,1,1,1,1,18,0.000,0.000,,,,,NVIDIA A100-SXM4-40GB MIG 4g.20gb (0),1,,13,cupy_copy__float32_float32
6169449208,82527,439692,1,1,1,32,32,1,30,0.000,0.000,,,,,NVIDIA A100-SXM4-40GB MIG 4g.20gb (0),1,,13,"void convert_kernel<__half2, float2>(tensor_layout_any, T1 *, tensor_layout_any, const T2 *)"
6169559735,6080,439695,,,,,,,,,,0.094,15410.462,Pinned,Device,NVIDIA A100-SXM4-40GB MIG 4g.20gb (0),1,,13,[CUDA memcpy Host-to-Device]
6169573719,3296,439696,,,,,,,,,,1.547,469242.628,Device,,NVIDIA A100-SXM4-40GB MIG 4g.20gb (0),1,,13,[CUDA memset]
6169580599,3040,439701,,,,,,,,,,0.031,10294.725,Pinned,Device,NVIDIA A100-SXM4-40GB MIG 4g.20gb (0),1,,13,[CUDA memcpy Host-to-Device]
6169586423,9920,439702,,,,,,,,,,0.197,19819.266,Pinned,Device,NVIDIA A100-SXM4-40GB MIG 4g.20gb (0),1,,13,[CUDA memcpy Host-to-Device]
6169600951,6112,439703,273,1,1,8,4,1,39,0.002,0.000,,,,,NVIDIA A100-SXM4-40GB MIG 4g.20gb (0),1,,13,"void channel_eq::eqMmseCoefCompLowMimoKernel<float, float, float, (unsigned int)4, (unsigned int)1, (unsigned int)4>(const channel_eq::_puschRxChEqStatDescr *, channel_eq::_puschRxChEqCoefCompDynDescr)"
6169608151,6175,439704,273,1,1,12,11,1,51,0.002,0.000,,,,,NVIDIA A100-SXM4-40GB MIG 4g.20gb (0),1,,13,"void channel_eq::eqMmseSoftDemapKernel<float, __half, __half, float, (unsigned int)4, (unsigned short)16383>(channel_eq::_puschRxChEqStatDescr *, channel_eq::_puschRxChEqSoftDemapDynDescr)"
6169615382,294653,439705,1,1,1,32,32,1,30,0.000,0.000,,,,,NVIDIA A100-SXM4-40GB MIG 4g.20gb (0),1,,13,"void convert_kernel<float2, __half2>(tensor_layout_any, T1 *, tensor_layout_any, const T2 *)"
6169911027,10944,439717,2253,1,1,128,1,1,16,0.000,0.000,,,,,NVIDIA A100-SXM4-40GB MIG 4g.20gb (0),1,,13,cupy_copy__float16_float16
6169924595,4000,439726,282,1,1,128,1,1,16,0.000,0.000,,,,,NVIDIA A100-SXM4-40GB MIG 4g.20gb (0),1,,13,cupy_copy__complex64_complex64
6169932947,2015,439735,26,1,1,128,1,1,16,0.000,0.000,,,,,NVIDIA A100-SXM4-40GB MIG 4g.20gb (0),1,,13,cupy_copy__float32_float32
6169937330,3008,439744,103,1,1,128,1,1,16,0.000,0.000,,,,,NVIDIA A100-SXM4-40GB MIG 4g.20gb (0),1,,13,cupy_copy__complex64_complex64
6169941266,11936,439754,1434,1,1,128,1,1,16,0.000,0.000,,,,,NVIDIA A100-SXM4-40GB MIG 4g.20gb (0),1,,13,cupy_copy__complex64_complex64
6169954546,82751,439759,1,1,1,32,32,1,30,0.000,0.000,,,,,NVIDIA A100-SXM4-40GB MIG 4g.20gb (0),1,,13,"void convert_kernel<__half2, float2>(tensor_layout_any, T1 *, tensor_layout_any, const T2 *)"
6170063921,5696,439762,,,,,,,,,,0.094,16449.363,Pinned,Device,NVIDIA A100-SXM4-40GB MIG 4g.20gb (0),1,,13,[CUDA memcpy Host-to-Device]
6170074161,597208,439763,,,,,,,,,,456.561,764283.851,Device,,NVIDIA A100-SXM4-40GB MIG 4g.20gb (0),1,,13,[CUDA memset]
6170677481,141599,439768,,,,,,,,,,1.235,8721.175,Pinned,Device,NVIDIA A100-SXM4-40GB MIG 4g.20gb (0),1,,13,[CUDA memcpy Host-to-Device]
6170831751,40704,439769,,,,,,,,,,0.197,4830.069,Pinned,Device,NVIDIA A100-SXM4-40GB MIG 4g.20gb (0),1,,13,[CUDA memcpy Host-to-Device]
6170890311,7808,439770,69,4,1,48,1,1,76,0.002,0.000,,,,,NVIDIA A100-SXM4-40GB MIG 4g.20gb (0),1,,13,"void ch_est::windowedChEstPreNoDftSOfdmKernel<float, __half, float, (unsigned int)2, (unsigned int)1, (unsigned short)4>(ch_est::puschRxChEstStatDescr_t *, ch_est::puschRxChEstDynDescr_t *)"
6170910022,6464,439771,137,2,1,24,2,1,44,0.001,0.001,,,,,NVIDIA A100-SXM4-40GB MIG 4g.20gb (0),1,,13,"void ch_est::chEstFilterNoDftSOfdmDispatchKernel<float, __half, float, (unsigned int)2>(ch_est::puschRxChEstStatDescr_t *, ch_est::puschRxChEstDynDescr_t *)"
6170927110,4768,439772,137,2,1,24,2,1,44,0.001,0.001,,,,,NVIDIA A100-SXM4-40GB MIG 4g.20gb (0),1,,13,"void ch_est::chEstFilterNoDftSOfdmDispatchKernel<float, __half, float, (unsigned int)2>(ch_est::puschRxChEstStatDescr_t *, ch_est::puschRxChEstDynDescr_t *)"
6170947206,2688,439783,103,1,1,128,1,1,16,0.000,0.000,,,,,NVIDIA A100-SXM4-40GB MIG 4g.20gb (0),1,,13,cupy_copy__complex64_complex64
6170963718,12384,439793,1434,1,1,128,1,1,16,0.000,0.000,,,,,NVIDIA A100-SXM4-40GB MIG 4g.20gb (0),1,,13,cupy_copy__complex64_complex64
6170983046,2560,439800,103,1,1,128,1,1,16,0.000,0.000,,,,,NVIDIA A100-SXM4-40GB MIG 4g.20gb (0),1,,13,cupy_copy__complex64_complex64
6171006885,87455,439807,1,1,1,32,32,1,30,0.000,0.000,,,,,NVIDIA A100-SXM4-40GB MIG 4g.20gb (0),1,,13,"void convert_kernel<__half2, float2>(tensor_layout_any, T1 *, tensor_layout_any, const T2 *)"
6171130020,18912,439810,,,,,,,,,,0.094,4954.270,Pinned,Device,NVIDIA A100-SXM4-40GB MIG 4g.20gb (0),1,,13,[CUDA memcpy Host-to-Device]
6171160451,46784,439811,,,,,,,,,,35.810,765401.230,Device,,NVIDIA A100-SXM4-40GB MIG 4g.20gb (0),1,,13,[CUDA memset]
6171208611,9440,439813,,,,,,,,,,0.000,8.475,Pinned,Device,NVIDIA A100-SXM4-40GB MIG 4g.20gb (0),1,,13,[CUDA memcpy Host-to-Device]
6171221923,15071,439814,,,,,,,,,,0.197,13045.334,Pinned,Device,NVIDIA A100-SXM4-40GB MIG 4g.20gb (0),1,,13,[CUDA memcpy Host-to-Device]
6171253666,11840,439815,273,1,1,48,1,1,40,0.000,0.001,,,,,NVIDIA A100-SXM4-40GB MIG 4g.20gb (0),1,,13,"void pusch_noise_intf_est::noiseIntfEstNoDftSOfdmKernel<float, __half, float, float, (unsigned int)2, (unsigned int)1, (unsigned char)4, (unsigned char)4>(pusch_noise_intf_est::puschRxNoiseIntfEstDynDescr)"
6171267842,2720,439826,35,1,1,128,1,1,16,0.000,0.000,,,,,NVIDIA A100-SXM4-40GB MIG 4g.20gb (0),1,,13,cupy_copy__complex64_complex64
6171275394,1920,439835,1,1,1,1,1,1,18,0.000,0.000,,,,,NVIDIA A100-SXM4-40GB MIG 4g.20gb (0),1,,13,cupy_copy__float32_float32
6171282498,5120,439841,,,,,,,,,,0.000,0.781,Device,Pageable,NVIDIA A100-SXM4-40GB MIG 4g.20gb (0),1,,7,[CUDA memcpy Device-to-Host]
6171351713,12960,439852,1434,1,1,128,1,1,16,0.000,0.000,,,,,NVIDIA A100-SXM4-40GB MIG 4g.20gb (0),1,,13,cupy_copy__complex64_complex64
6171377505,2720,439859,103,1,1,128,1,1,16,0.000,0.000,,,,,NVIDIA A100-SXM4-40GB MIG 4g.20gb (0),1,,13,cupy_copy__complex64_complex64
6171398496,2208,439866,35,1,1,128,1,1,16,0.000,0.000,,,,,NVIDIA A100-SXM4-40GB MIG 4g.20gb (0),1,,13,cupy_copy__complex64_complex64
6171417792,1792,439873,1,1,1,1,1,1,18,0.000,0.000,,,,,NVIDIA A100-SXM4-40GB MIG 4g.20gb (0),1,,13,cupy_copy__float32_float32
6171548287,82303,439884,1,1,1,32,32,1,30,0.000,0.000,,,,,NVIDIA A100-SXM4-40GB MIG 4g.20gb (0),1,,13,"void convert_kernel<__half2, float2>(tensor_layout_any, T1 *, tensor_layout_any, const T2 *)"
6171658557,5664,439887,,,,,,,,,,0.094,16542.310,Pinned,Device,NVIDIA A100-SXM4-40GB MIG 4g.20gb (0),1,,13,[CUDA memcpy Host-to-Device]
6171673757,3136,439888,,,,,,,,,,1.547,493182.821,Device,,NVIDIA A100-SXM4-40GB MIG 4g.20gb (0),1,,13,[CUDA memset]
6171680029,3168,439893,,,,,,,,,,0.031,9878.770,Pinned,Device,NVIDIA A100-SXM4-40GB MIG 4g.20gb (0),1,,13,[CUDA memcpy Host-to-Device]
6171685629,9504,439894,,,,,,,,,,0.197,20686.701,Pinned,Device,NVIDIA A100-SXM4-40GB MIG 4g.20gb (0),1,,13,[CUDA memcpy Host-to-Device]
6171701885,6112,439895,273,1,1,8,4,1,39,0.002,0.000,,,,,NVIDIA A100-SXM4-40GB MIG 4g.20gb (0),1,,13,"void channel_eq::eqMmseCoefCompLowMimoKernel<float, float, float, (unsigned int)4, (unsigned int)1, (unsigned int)4>(const channel_eq::_puschRxChEqStatDescr *, channel_eq::_puschRxChEqCoefCompDynDescr)"
6171709021,6528,439896,273,1,1,12,11,1,51,0.002,0.000,,,,,NVIDIA A100-SXM4-40GB MIG 4g.20gb (0),1,,13,"void channel_eq::eqMmseSoftDemapKernel<float, __half, __half, float, (unsigned int)4, (unsigned short)16383>(channel_eq::_puschRxChEqStatDescr *, channel_eq::_puschRxChEqSoftDemapDynDescr)"
6171720764,282141,439897,1,1,1,32,32,1,30,0.000,0.000,,,,,NVIDIA A100-SXM4-40GB MIG 4g.20gb (0),1,,13,"void convert_kernel<float2, __half2>(tensor_layout_any, T1 *, tensor_layout_any, const T2 *)"
6172003993,10976,439909,2253,1,1,128,1,1,16,0.000,0.000,,,,,NVIDIA A100-SXM4-40GB MIG 4g.20gb (0),1,,13,cupy_copy__float16_float16
6172019865,3552,439918,282,1,1,128,1,1,16,0.000,0.000,,,,,NVIDIA A100-SXM4-40GB MIG 4g.20gb (0),1,,13,cupy_copy__complex64_complex64
6172024569,2176,439927,26,1,1,128,1,1,16,0.000,0.000,,,,,NVIDIA A100-SXM4-40GB MIG 4g.20gb (0),1,,13,cupy_copy__float32_float32
6172027961,2944,439936,103,1,1,128,1,1,16,0.000,0.000,,,,,NVIDIA A100-SXM4-40GB MIG 4g.20gb (0),1,,13,cupy_copy__complex64_complex64
6172033529,12159,439946,1434,1,1,128,1,1,16,0.000,0.000,,,,,NVIDIA A100-SXM4-40GB MIG 4g.20gb (0),1,,13,cupy_copy__complex64_complex64
6172050360,82047,439951,1,1,1,32,32,1,30,0.000,0.000,,,,,NVIDIA A100-SXM4-40GB MIG 4g.20gb (0),1,,13,"void convert_kernel<__half2, float2>(tensor_layout_any, T1 *, tensor_layout_any, const T2 *)"
6172159479,5792,439954,,,,,,,,,,0.094,16176.708,Pinned,Device,NVIDIA A100-SXM4-40GB MIG 4g.20gb (0),1,,13,[CUDA memcpy Host-to-Device]
6172169335,602168,439955,,,,,,,,,,456.561,757891.990,Device,,NVIDIA A100-SXM4-40GB MIG 4g.20gb (0),1,,13,[CUDA memset]
6172773807,149951,439960,,,,,,,,,,1.235,8234.607,Pinned,Device,NVIDIA A100-SXM4-40GB MIG 4g.20gb (0),1,,13,[CUDA memcpy Host-to-Device]
6172937389,42432,439961,,,,,,,,,,0.197,4633.461,Pinned,Device,NVIDIA A100-SXM4-40GB MIG 4g.20gb (0),1,,13,[CUDA memcpy Host-to-Device]
6173009613,8255,439962,69,4,1,48,1,1,76,0.002,0.000,,,,,NVIDIA A100-SXM4-40GB MIG 4g.20gb (0),1,,13,"void ch_est::windowedChEstPreNoDftSOfdmKernel<float, __half, float, (unsigned int)2, (unsigned int)1, (unsigned short)4>(ch_est::puschRxChEstStatDescr_t *, ch_est::puschRxChEstDynDescr_t *)"
6173028940,6528,439963,137,2,1,24,2,1,44,0.001,0.001,,,,,NVIDIA A100-SXM4-40GB MIG 4g.20gb (0),1,,13,"void ch_est::chEstFilterNoDftSOfdmDispatchKernel<float, __half, float, (unsigned int)2>(ch_est::puschRxChEstStatDescr_t *, ch_est::puschRxChEstDynDescr_t *)"
6173045740,4736,439964,137,2,1,24,2,1,44,0.001,0.001,,,,,NVIDIA A100-SXM4-40GB MIG 4g.20gb (0),1,,13,"void ch_est::chEstFilterNoDftSOfdmDispatchKernel<float, __half, float, (unsigned int)2>(ch_est::puschRxChEstStatDescr_t *, ch_est::puschRxChEstDynDescr_t *)"
6173063276,2528,439975,103,1,1,128,1,1,16,0.000,0.000,,,,,NVIDIA A100-SXM4-40GB MIG 4g.20gb (0),1,,13,cupy_copy__complex64_complex64
6173081036,12320,439985,1434,1,1,128,1,1,16,0.000,0.000,,,,,NVIDIA A100-SXM4-40GB MIG 4g.20gb (0),1,,13,cupy_copy__complex64_complex64
6173100491,2912,439992,103,1,1,128,1,1,16,0.000,0.000,,,,,NVIDIA A100-SXM4-40GB MIG 4g.20gb (0),1,,13,cupy_copy__complex64_complex64
6173120939,93663,439999,1,1,1,32,32,1,30,0.000,0.000,,,,,NVIDIA A100-SXM4-40GB MIG 4g.20gb (0),1,,13,"void convert_kernel<__half2, float2>(tensor_layout_any, T1 *, tensor_layout_any, const T2 *)"
6173247146,30463,440002,,,,,,,,,,0.094,3075.665,Pinned,Device,NVIDIA A100-SXM4-40GB MIG 4g.20gb (0),1,,13,[CUDA memcpy Host-to-Device]
6173304745,47743,440003,,,,,,,,,,35.810,750038.774,Device,,NVIDIA A100-SXM4-40GB MIG 4g.20gb (0),1,,13,[CUDA memset]
6173353352,14304,440005,,,,,,,,,,0.000,5.593,Pinned,Device,NVIDIA A100-SXM4-40GB MIG 4g.20gb (0),1,,13,[CUDA memcpy Host-to-Device]
6173379240,26144,440006,,,,,,,,,,0.197,7520.059,Pinned,Device,NVIDIA A100-SXM4-40GB MIG 4g.20gb (0),1,,13,[CUDA memcpy Host-to-Device]
6173426695,9440,440007,273,1,1,48,1,1,40,0.000,0.001,,,,,NVIDIA A100-SXM4-40GB MIG 4g.20gb (0),1,,13,"void pusch_noise_intf_est::noiseIntfEstNoDftSOfdmKernel<float, __half, float, float, (unsigned int)2, (unsigned int)1, (unsigned char)4, (unsigned char)4>(pusch_noise_intf_est::puschRxNoiseIntfEstDynDescr)"
6173443655,2784,440018,35,1,1,128,1,1,16,0.000,0.000,,,,,NVIDIA A100-SXM4-40GB MIG 4g.20gb (0),1,,13,cupy_copy__complex64_complex64
6173460231,1696,440027,1,1,1,1,1,1,18,0.000,0.000,,,,,NVIDIA A100-SXM4-40GB MIG 4g.20gb (0),1,,13,cupy_copy__float32_float32
6173467143,4544,440033,,,,,,,,,,0.000,0.880,Device,Pageable,NVIDIA A100-SXM4-40GB MIG 4g.20gb (0),1,,7,[CUDA memcpy Device-to-Host]
6173565702,12640,440044,1434,1,1,128,1,1,16,0.000,0.000,,,,,NVIDIA A100-SXM4-40GB MIG 4g.20gb (0),1,,13,cupy_copy__complex64_complex64
6173589285,2784,440051,103,1,1,128,1,1,16,0.000,0.000,,,,,NVIDIA A100-SXM4-40GB MIG 4g.20gb (0),1,,13,cupy_copy__complex64_complex64
6173607813,2592,440058,35,1,1,128,1,1,16,0.000,0.000,,,,,NVIDIA A100-SXM4-40GB MIG 4g.20gb (0),1,,13,cupy_copy__complex64_complex64
6173627269,1792,440065,1,1,1,1,1,1,18,0.000,0.000,,,,,NVIDIA A100-SXM4-40GB MIG 4g.20gb (0),1,,13,cupy_copy__float32_float32
6173752195,86655,440076,1,1,1,32,32,1,30,0.000,0.000,,,,,NVIDIA A100-SXM4-40GB MIG 4g.20gb (0),1,,13,"void convert_kernel<__half2, float2>(tensor_layout_any, T1 *, tensor_layout_any, const T2 *)"
6173867554,10080,440079,,,,,,,,,,0.094,9295.205,Pinned,Device,NVIDIA A100-SXM4-40GB MIG 4g.20gb (0),1,,13,[CUDA memcpy Host-to-Device]
6173885666,3584,440080,,,,,,,,,,1.547,431534.389,Device,,NVIDIA A100-SXM4-40GB MIG 4g.20gb (0),1,,13,[CUDA memset]
6173889666,5632,440085,,,,,,,,,,0.031,5556.793,Pinned,Device,NVIDIA A100-SXM4-40GB MIG 4g.20gb (0),1,,13,[CUDA memcpy Host-to-Device]
6173898818,10367,440086,,,,,,,,,,0.197,18964.611,Pinned,Device,NVIDIA A100-SXM4-40GB MIG 4g.20gb (0),1,,13,[CUDA memcpy Host-to-Device]
6173917985,8448,440087,273,1,1,8,4,1,39,0.002,0.000,,,,,NVIDIA A100-SXM4-40GB MIG 4g.20gb (0),1,,13,"void channel_eq::eqMmseCoefCompLowMimoKernel<float, float, float, (unsigned int)4, (unsigned int)1, (unsigned int)4>(const channel_eq::_puschRxChEqStatDescr *, channel_eq::_puschRxChEqCoefCompDynDescr)"
6173928641,5600,440088,273,1,1,12,11,1,51,0.002,0.000,,,,,NVIDIA A100-SXM4-40GB MIG 4g.20gb (0),1,,13,"void channel_eq::eqMmseSoftDemapKernel<float, __half, __half, float, (unsigned int)4, (unsigned short)16383>(channel_eq::_puschRxChEqStatDescr *, channel_eq::_puschRxChEqSoftDemapDynDescr)"
6173935329,282717,440089,1,1,1,32,32,1,30,0.000,0.000,,,,,NVIDIA A100-SXM4-40GB MIG 4g.20gb (0),1,,13,"void convert_kernel<float2, __half2>(tensor_layout_any, T1 *, tensor_layout_any, const T2 *)"
6174220510,10879,440101,2253,1,1,128,1,1,16,0.000,0.000,,,,,NVIDIA A100-SXM4-40GB MIG 4g.20gb (0),1,,13,cupy_copy__float16_float16
6174234013,3200,440110,282,1,1,128,1,1,16,0.000,0.000,,,,,NVIDIA A100-SXM4-40GB MIG 4g.20gb (0),1,,13,cupy_copy__complex64_complex64
6174240861,2272,440119,26,1,1,128,1,1,16,0.000,0.000,,,,,NVIDIA A100-SXM4-40GB MIG 4g.20gb (0),1,,13,cupy_copy__float32_float32
6174246301,2880,440128,103,1,1,128,1,1,16,0.000,0.000,,,,,NVIDIA A100-SXM4-40GB MIG 4g.20gb (0),1,,13,cupy_copy__complex64_complex64
6174252509,11936,440138,1434,1,1,128,1,1,16,0.000,0.000,,,,,NVIDIA A100-SXM4-40GB MIG 4g.20gb (0),1,,13,cupy_copy__complex64_complex64
6174266333,87359,440143,1,1,1,32,32,1,30,0.000,0.000,,,,,NVIDIA A100-SXM4-40GB MIG 4g.20gb (0),1,,13,"void convert_kernel<__half2, float2>(tensor_layout_any, T1 *, tensor_layout_any, const T2 *)"
6174380444,5472,440146,,,,,,,,,,0.094,17122.757,Pinned,Device,NVIDIA A100-SXM4-40GB MIG 4g.20gb (0),1,,13,[CUDA memcpy Host-to-Device]
6174390524,597336,440147,,,,,,,,,,456.561,764283.851,Device,,NVIDIA A100-SXM4-40GB MIG 4g.20gb (0),1,,13,[CUDA memset]
6174995956,127102,440152,,,,,,,,,,1.235,9715.304,Pinned,Device,NVIDIA A100-SXM4-40GB MIG 4g.20gb (0),1,,13,[CUDA memcpy Host-to-Device]
6175130674,18400,440153,,,,,,,,,,0.197,10685.055,Pinned,Device,NVIDIA A100-SXM4-40GB MIG 4g.20gb (0),1,,13,[CUDA memcpy Host-to-Device]
6175163602,7968,440154,69,4,1,48,1,1,76,0.002,0.000,,,,,NVIDIA A100-SXM4-40GB MIG 4g.20gb (0),1,,13,"void ch_est::windowedChEstPreNoDftSOfdmKernel<float, __half, float, (unsigned int)2, (unsigned int)1, (unsigned short)4>(ch_est::puschRxChEstStatDescr_t *, ch_est::puschRxChEstDynDescr_t *)"
6175178642,6560,440155,137,2,1,24,2,1,44,0.001,0.001,,,,,NVIDIA A100-SXM4-40GB MIG 4g.20gb (0),1,,13,"void ch_est::chEstFilterNoDftSOfdmDispatchKernel<float, __half, float, (unsigned int)2>(ch_est::puschRxChEstStatDescr_t *, ch_est::puschRxChEstDynDescr_t *)"
6175193202,4992,440156,137,2,1,24,2,1,44,0.001,0.001,,,,,NVIDIA A100-SXM4-40GB MIG 4g.20gb (0),1,,13,"void ch_est::chEstFilterNoDftSOfdmDispatchKernel<float, __half, float, (unsigned int)2>(ch_est::puschRxChEstStatDescr_t *, ch_est::puschRxChEstDynDescr_t *)"
6175200850,2943,440167,103,1,1,128,1,1,16,0.000,0.000,,,,,NVIDIA A100-SXM4-40GB MIG 4g.20gb (0),1,,13,cupy_copy__complex64_complex64
6175211153,12640,440177,1434,1,1,128,1,1,16,0.000,0.000,,,,,NVIDIA A100-SXM4-40GB MIG 4g.20gb (0),1,,13,cupy_copy__complex64_complex64
6175229873,2560,440184,103,1,1,128,1,1,16,0.000,0.000,,,,,NVIDIA A100-SXM4-40GB MIG 4g.20gb (0),1,,13,cupy_copy__complex64_complex64
6175239921,92287,440191,1,1,1,32,32,1,30,0.000,0.000,,,,,NVIDIA A100-SXM4-40GB MIG 4g.20gb (0),1,,13,"void convert_kernel<__half2, float2>(tensor_layout_any, T1 *, tensor_layout_any, const T2 *)"
6175360752,5695,440194,,,,,,,,,,0.094,16452.268,Pinned,Device,NVIDIA A100-SXM4-40GB MIG 4g.20gb (0),1,,13,[CUDA memcpy Host-to-Device]
6175373871,46880,440195,,,,,,,,,,35.810,763861.404,Device,,NVIDIA A100-SXM4-40GB MIG 4g.20gb (0),1,,13,[CUDA memset]
6175426735,3936,440197,,,,,,,,,,0.000,20.325,Pinned,Device,NVIDIA A100-SXM4-40GB MIG 4g.20gb (0),1,,13,[CUDA memcpy Host-to-Device]
6175435119,12479,440198,,,,,,,,,,0.197,15754.985,Pinned,Device,NVIDIA A100-SXM4-40GB MIG 4g.20gb (0),1,,13,[CUDA memcpy Host-to-Device]
6175456590,10080,440199,273,1,1,48,1,1,40,0.000,0.001,,,,,NVIDIA A100-SXM4-40GB MIG 4g.20gb (0),1,,13,"void pusch_noise_intf_est::noiseIntfEstNoDftSOfdmKernel<float, __half, float, float, (unsigned int)2, (unsigned int)1, (unsigned char)4, (unsigned char)4>(pusch_noise_intf_est::puschRxNoiseIntfEstDynDescr)"
6175470254,2848,440210,35,1,1,128,1,1,16,0.000,0.000,,,,,NVIDIA A100-SXM4-40GB MIG 4g.20gb (0),1,,13,cupy_copy__complex64_complex64
6175486350,1920,440219,1,1,1,1,1,1,18,0.000,0.000,,,,,NVIDIA A100-SXM4-40GB MIG 4g.20gb (0),1,,13,cupy_copy__float32_float32
6175514670,1664,440225,,,,,,,,,,0.000,2.404,Device,Pageable,NVIDIA A100-SXM4-40GB MIG 4g.20gb (0),1,,7,[CUDA memcpy Device-to-Host]
6175573485,12960,440236,1434,1,1,128,1,1,16,0.000,0.000,,,,,NVIDIA A100-SXM4-40GB MIG 4g.20gb (0),1,,13,cupy_copy__complex64_complex64
6175600717,2944,440243,103,1,1,128,1,1,16,0.000,0.000,,,,,NVIDIA A100-SXM4-40GB MIG 4g.20gb (0),1,,13,cupy_copy__complex64_complex64
6175621196,2144,440250,35,1,1,128,1,1,16,0.000,0.000,,,,,NVIDIA A100-SXM4-40GB MIG 4g.20gb (0),1,,13,cupy_copy__complex64_complex64
6175640428,1888,440257,1,1,1,1,1,1,18,0.000,0.000,,,,,NVIDIA A100-SXM4-40GB MIG 4g.20gb (0),1,,13,cupy_copy__float32_float32
6175772042,81727,440268,1,1,1,32,32,1,30,0.000,0.000,,,,,NVIDIA A100-SXM4-40GB MIG 4g.20gb (0),1,,13,"void convert_kernel<__half2, float2>(tensor_layout_any, T1 *, tensor_layout_any, const T2 *)"
6175881161,5952,440271,,,,,,,,,,0.094,15741.865,Pinned,Device,NVIDIA A100-SXM4-40GB MIG 4g.20gb (0),1,,13,[CUDA memcpy Host-to-Device]
6175895113,3328,440272,,,,,,,,,,1.547,464729.580,Device,,NVIDIA A100-SXM4-40GB MIG 4g.20gb (0),1,,13,[CUDA memset]
6175902281,3200,440277,,,,,,,,,,0.031,9780.000,Pinned,Device,NVIDIA A100-SXM4-40GB MIG 4g.20gb (0),1,,13,[CUDA memcpy Host-to-Device]
6175907913,9920,440278,,,,,,,,,,0.197,19819.266,Pinned,Device,NVIDIA A100-SXM4-40GB MIG 4g.20gb (0),1,,13,[CUDA memcpy Host-to-Device]
6175923561,6432,440279,273,1,1,8,4,1,39,0.002,0.000,,,,,NVIDIA A100-SXM4-40GB MIG 4g.20gb (0),1,,13,"void channel_eq::eqMmseCoefCompLowMimoKernel<float, float, float, (unsigned int)4, (unsigned int)1, (unsigned int)4>(const channel_eq::_puschRxChEqStatDescr *, channel_eq::_puschRxChEqCoefCompDynDescr)"
6175931145,5855,440280,273,1,1,12,11,1,51,0.002,0.000,,,,,NVIDIA A100-SXM4-40GB MIG 4g.20gb (0),1,,13,"void channel_eq::eqMmseSoftDemapKernel<float, __half, __half, float, (unsigned int)4, (unsigned short)16383>(channel_eq::_puschRxChEqStatDescr *, channel_eq::_puschRxChEqSoftDemapDynDescr)"
6175938120,282717,440281,1,1,1,32,32,1,30,0.000,0.000,,,,,NVIDIA A100-SXM4-40GB MIG 4g.20gb (0),1,,13,"void convert_kernel<float2, __half2>(tensor_layout_any, T1 *, tensor_layout_any, const T2 *)"
6176223493,10912,440293,2253,1,1,128,1,1,16,0.000,0.000,,,,,NVIDIA A100-SXM4-40GB MIG 4g.20gb (0),1,,13,cupy_copy__float16_float16
6176239141,2688,440302,282,1,1,128,1,1,16,0.000,0.000,,,,,NVIDIA A100-SXM4-40GB MIG 4g.20gb (0),1,,13,cupy_copy__complex64_complex64
6176244837,2016,440311,26,1,1,128,1,1,16,0.000,0.000,,,,,NVIDIA A100-SXM4-40GB MIG 4g.20gb (0),1,,13,cupy_copy__float32_float32
6176250725,3008,440320,103,1,1,128,1,1,16,0.000,0.000,,,,,NVIDIA A100-SXM4-40GB MIG 4g.20gb (0),1,,13,cupy_copy__complex64_complex64
6176254725,12095,440330,1434,1,1,128,1,1,16,0.000,0.000,,,,,NVIDIA A100-SXM4-40GB MIG 4g.20gb (0),1,,13,cupy_copy__complex64_complex64
6176275268,81247,440335,1,1,1,32,32,1,30,0.000,0.000,,,,,NVIDIA A100-SXM4-40GB MIG 4g.20gb (0),1,,13,"void convert_kernel<__half2, float2>(tensor_layout_any, T1 *, tensor_layout_any, const T2 *)"
6176384067,5696,440338,,,,,,,,,,0.094,16449.363,Pinned,Device,NVIDIA A100-SXM4-40GB MIG 4g.20gb (0),1,,13,[CUDA memcpy Host-to-Device]
6176394339,596728,440339,,,,,,,,,,456.561,764740.412,Device,,NVIDIA A100-SXM4-40GB MIG 4g.20gb (0),1,,13,[CUDA memset]
6177000923,131519,440344,,,,,,,,,,1.235,9389.279,Pinned,Device,NVIDIA A100-SXM4-40GB MIG 4g.20gb (0),1,,13,[CUDA memcpy Host-to-Device]
6177145402,41471,440345,,,,,,,,,,0.197,4740.809,Pinned,Device,NVIDIA A100-SXM4-40GB MIG 4g.20gb (0),1,,13,[CUDA memcpy Host-to-Device]
6177204345,7936,440346,69,4,1,48,1,1,76,0.002,0.000,,,,,NVIDIA A100-SXM4-40GB MIG 4g.20gb (0),1,,13,"void ch_est::windowedChEstPreNoDftSOfdmKernel<float, __half, float, (unsigned int)2, (unsigned int)1, (unsigned short)4>(ch_est::puschRxChEstStatDescr_t *, ch_est::puschRxChEstDynDescr_t *)"
6177223865,7071,440347,137,2,1,24,2,1,44,0.001,0.001,,,,,NVIDIA A100-SXM4-40GB MIG 4g.20gb (0),1,,13,"void ch_est::chEstFilterNoDftSOfdmDispatchKernel<float, __half, float, (unsigned int)2>(ch_est::puschRxChEstStatDescr_t *, ch_est::puschRxChEstDynDescr_t *)"
6177241592,4768,440348,137,2,1,24,2,1,44,0.001,0.001,,,,,NVIDIA A100-SXM4-40GB MIG 4g.20gb (0),1,,13,"void ch_est::chEstFilterNoDftSOfdmDispatchKernel<float, __half, float, (unsigned int)2>(ch_est::puschRxChEstStatDescr_t *, ch_est::puschRxChEstDynDescr_t *)"
6177258584,2720,440359,103,1,1,128,1,1,16,0.000,0.000,,,,,NVIDIA A100-SXM4-40GB MIG 4g.20gb (0),1,,13,cupy_copy__complex64_complex64
6177275064,12608,440369,1434,1,1,128,1,1,16,0.000,0.000,,,,,NVIDIA A100-SXM4-40GB MIG 4g.20gb (0),1,,13,cupy_copy__complex64_complex64
6177293912,2912,440376,103,1,1,128,1,1,16,0.000,0.000,,,,,NVIDIA A100-SXM4-40GB MIG 4g.20gb (0),1,,13,cupy_copy__complex64_complex64
6177313431,89823,440383,1,1,1,32,32,1,30,0.000,0.000,,,,,NVIDIA A100-SXM4-40GB MIG 4g.20gb (0),1,,13,"void convert_kernel<__half2, float2>(tensor_layout_any, T1 *, tensor_layout_any, const T2 *)"
6177433334,13088,440386,,,,,,,,,,0.094,7158.843,Pinned,Device,NVIDIA A100-SXM4-40GB MIG 4g.20gb (0),1,,13,[CUDA memcpy Host-to-Device]
6177451446,47583,440387,,,,,,,,,,35.810,752545.469,Device,,NVIDIA A100-SXM4-40GB MIG 4g.20gb (0),1,,13,[CUDA memset]
6177503413,5568,440389,,,,,,,,,,0.000,14.368,Pinned,Device,NVIDIA A100-SXM4-40GB MIG 4g.20gb (0),1,,13,[CUDA memcpy Host-to-Device]
6177517653,14720,440390,,,,,,,,,,0.197,13356.368,Pinned,Device,NVIDIA A100-SXM4-40GB MIG 4g.20gb (0),1,,13,[CUDA memcpy Host-to-Device]
6177547541,9951,440391,273,1,1,48,1,1,40,0.000,0.001,,,,,NVIDIA A100-SXM4-40GB MIG 4g.20gb (0),1,,13,"void pusch_noise_intf_est::noiseIntfEstNoDftSOfdmKernel<float, __half, float, float, (unsigned int)2, (unsigned int)1, (unsigned char)4, (unsigned char)4>(pusch_noise_intf_est::puschRxNoiseIntfEstDynDescr)"
6177563956,2624,440402,35,1,1,128,1,1,16,0.000,0.000,,,,,NVIDIA A100-SXM4-40GB MIG 4g.20gb (0),1,,13,cupy_copy__complex64_complex64
6177575028,1760,440411,1,1,1,1,1,1,18,0.000,0.000,,,,,NVIDIA A100-SXM4-40GB MIG 4g.20gb (0),1,,13,cupy_copy__float32_float32
6177582612,6336,440417,,,,,,,,,,0.000,0.631,Device,Pageable,NVIDIA A100-SXM4-40GB MIG 4g.20gb (0),1,,7,[CUDA memcpy Device-to-Host]
6177653331,12704,440428,1434,1,1,128,1,1,16,0.000,0.000,,,,,NVIDIA A100-SXM4-40GB MIG 4g.20gb (0),1,,13,cupy_copy__complex64_complex64
6177681587,2880,440435,103,1,1,128,1,1,16,0.000,0.000,,,,,NVIDIA A100-SXM4-40GB MIG 4g.20gb (0),1,,13,cupy_copy__complex64_complex64
6177701075,2336,440442,35,1,1,128,1,1,16,0.000,0.000,,,,,NVIDIA A100-SXM4-40GB MIG 4g.20gb (0),1,,13,cupy_copy__complex64_complex64
6177719730,1856,440449,1,1,1,1,1,1,18,0.000,0.000,,,,,NVIDIA A100-SXM4-40GB MIG 4g.20gb (0),1,,13,cupy_copy__float32_float32
6177850193,87519,440460,1,1,1,32,32,1,30,0.000,0.000,,,,,NVIDIA A100-SXM4-40GB MIG 4g.20gb (0),1,,13,"void convert_kernel<__half2, float2>(tensor_layout_any, T1 *, tensor_layout_any, const T2 *)"
6177965135,5760,440463,,,,,,,,,,0.094,16266.656,Pinned,Device,NVIDIA A100-SXM4-40GB MIG 4g.20gb (0),1,,13,[CUDA memcpy Host-to-Device]
6177979215,3232,440464,,,,,,,,,,1.547,478533.199,Device,,NVIDIA A100-SXM4-40GB MIG 4g.20gb (0),1,,13,[CUDA memset]
6177986287,3008,440469,,,,,,,,,,0.031,10404.230,Pinned,Device,NVIDIA A100-SXM4-40GB MIG 4g.20gb (0),1,,13,[CUDA memcpy Host-to-Device]
6177992207,9472,440470,,,,,,,,,,0.197,20756.693,Pinned,Device,NVIDIA A100-SXM4-40GB MIG 4g.20gb (0),1,,13,[CUDA memcpy Host-to-Device]
6178008271,8352,440471,273,1,1,8,4,1,39,0.002,0.000,,,,,NVIDIA A100-SXM4-40GB MIG 4g.20gb (0),1,,13,"void channel_eq::eqMmseCoefCompLowMimoKernel<float, float, float, (unsigned int)4, (unsigned int)1, (unsigned int)4>(const channel_eq::_puschRxChEqStatDescr *, channel_eq::_puschRxChEqCoefCompDynDescr)"
6178017679,6272,440472,273,1,1,12,11,1,51,0.002,0.000,,,,,NVIDIA A100-SXM4-40GB MIG 4g.20gb (0),1,,13,"void channel_eq::eqMmseSoftDemapKernel<float, __half, __half, float, (unsigned int)4, (unsigned short)16383>(channel_eq::_puschRxChEqStatDescr *, channel_eq::_puschRxChEqSoftDemapDynDescr)"
6178026703,294844,440473,1,1,1,32,32,1,30,0.000,0.000,,,,,NVIDIA A100-SXM4-40GB MIG 4g.20gb (0),1,,13,"void convert_kernel<float2, __half2>(tensor_layout_any, T1 *, tensor_layout_any, const T2 *)"
6178323531,10912,440485,2253,1,1,128,1,1,16,0.000,0.000,,,,,NVIDIA A100-SXM4-40GB MIG 4g.20gb (0),1,,13,cupy_copy__float16_float16
6178337067,3680,440494,282,1,1,128,1,1,16,0.000,0.000,,,,,NVIDIA A100-SXM4-40GB MIG 4g.20gb (0),1,,13,cupy_copy__complex64_complex64
6178343947,2208,440503,26,1,1,128,1,1,16,0.000,0.000,,,,,NVIDIA A100-SXM4-40GB MIG 4g.20gb (0),1,,13,cupy_copy__float32_float32
6178347307,2784,440512,103,1,1,128,1,1,16,0.000,0.000,,,,,NVIDIA A100-SXM4-40GB MIG 4g.20gb (0),1,,13,cupy_copy__complex64_complex64
6178405322,12128,440528,1434,1,1,128,1,1,16,0.000,0.000,,,,,NVIDIA A100-SXM4-40GB MIG 4g.20gb (0),1,,13,cupy_copy__complex64_complex64
6178519465,87230,440533,1,1,1,32,32,1,30,0.000,0.000,,,,,NVIDIA A100-SXM4-40GB MIG 4g.20gb (0),1,,13,"void convert_kernel<__half2, float2>(tensor_layout_any, T1 *, tensor_layout_any, const T2 *)"
6178633735,5952,440536,,,,,,,,,,0.094,15741.865,Pinned,Device,NVIDIA A100-SXM4-40GB MIG 4g.20gb (0),1,,13,[CUDA memcpy Host-to-Device]
6178644423,598201,440537,,,,,,,,,,456.561,762914.166,Device,,NVIDIA A100-SXM4-40GB MIG 4g.20gb (0),1,,13,[CUDA memset]
6179243456,121278,440542,,,,,,,,,,1.235,10182.113,Pinned,Device,NVIDIA A100-SXM4-40GB MIG 4g.20gb (0),1,,13,[CUDA memcpy Host-to-Device]
6179375198,39872,440543,,,,,,,,,,0.197,4930.929,Pinned,Device,NVIDIA A100-SXM4-40GB MIG 4g.20gb (0),1,,13,[CUDA memcpy Host-to-Device]
6179445597,8672,440544,69,4,1,48,1,1,76,0.002,0.000,,,,,NVIDIA A100-SXM4-40GB MIG 4g.20gb (0),1,,13,"void ch_est::windowedChEstPreNoDftSOfdmKernel<float, __half, float, (unsigned int)2, (unsigned int)1, (unsigned short)4>(ch_est::puschRxChEstStatDescr_t *, ch_est::puschRxChEstDynDescr_t *)"
6179464989,6944,440545,137,2,1,24,2,1,44,0.001,0.001,,,,,NVIDIA A100-SXM4-40GB MIG 4g.20gb (0),1,,13,"void ch_est::chEstFilterNoDftSOfdmDispatchKernel<float, __half, float, (unsigned int)2>(ch_est::puschRxChEstStatDescr_t *, ch_est::puschRxChEstDynDescr_t *)"
6179482045,4736,440546,137,2,1,24,2,1,44,0.001,0.001,,,,,NVIDIA A100-SXM4-40GB MIG 4g.20gb (0),1,,13,"void ch_est::chEstFilterNoDftSOfdmDispatchKernel<float, __half, float, (unsigned int)2>(ch_est::puschRxChEstStatDescr_t *, ch_est::puschRxChEstDynDescr_t *)"
6179501340,2656,440557,103,1,1,128,1,1,16,0.000,0.000,,,,,NVIDIA A100-SXM4-40GB MIG 4g.20gb (0),1,,13,cupy_copy__complex64_complex64
6179517468,12768,440567,1434,1,1,128,1,1,16,0.000,0.000,,,,,NVIDIA A100-SXM4-40GB MIG 4g.20gb (0),1,,13,cupy_copy__complex64_complex64
6179550396,2560,440574,103,1,1,128,1,1,16,0.000,0.000,,,,,NVIDIA A100-SXM4-40GB MIG 4g.20gb (0),1,,13,cupy_copy__complex64_complex64
6179567932,83711,440581,1,1,1,32,32,1,30,0.000,0.000,,,,,NVIDIA A100-SXM4-40GB MIG 4g.20gb (0),1,,13,"void convert_kernel<__half2, float2>(tensor_layout_any, T1 *, tensor_layout_any, const T2 *)"
6179680794,12832,440584,,,,,,,,,,0.094,7301.729,Pinned,Device,NVIDIA A100-SXM4-40GB MIG 4g.20gb (0),1,,13,[CUDA memcpy Host-to-Device]
6179698490,46783,440585,,,,,,,,,,35.810,765437.040,Device,,NVIDIA A100-SXM4-40GB MIG 4g.20gb (0),1,,13,[CUDA memset]
6179749177,7680,440587,,,,,,,,,,0.000,10.417,Pinned,Device,NVIDIA A100-SXM4-40GB MIG 4g.20gb (0),1,,13,[CUDA memcpy Host-to-Device]
6179764601,16160,440588,,,,,,,,,,0.197,12166.300,Pinned,Device,NVIDIA A100-SXM4-40GB MIG 4g.20gb (0),1,,13,[CUDA memcpy Host-to-Device]
6179797465,9568,440589,273,1,1,48,1,1,40,0.000,0.001,,,,,NVIDIA A100-SXM4-40GB MIG 4g.20gb (0),1,,13,"void pusch_noise_intf_est::noiseIntfEstNoDftSOfdmKernel<float, __half, float, float, (unsigned int)2, (unsigned int)1, (unsigned char)4, (unsigned char)4>(pusch_noise_intf_est::puschRxNoiseIntfEstDynDescr)"
6179816985,2816,440600,35,1,1,128,1,1,16,0.000,0.000,,,,,NVIDIA A100-SXM4-40GB MIG 4g.20gb (0),1,,13,cupy_copy__complex64_complex64
6179826200,2112,440609,1,1,1,1,1,1,18,0.000,0.000,,,,,NVIDIA A100-SXM4-40GB MIG 4g.20gb (0),1,,13,cupy_copy__float32_float32
6179832568,7008,440615,,,,,,,,,,0.000,0.571,Device,Pageable,NVIDIA A100-SXM4-40GB MIG 4g.20gb (0),1,,7,[CUDA memcpy Device-to-Host]
6179908567,12992,440626,1434,1,1,128,1,1,16,0.000,0.000,,,,,NVIDIA A100-SXM4-40GB MIG 4g.20gb (0),1,,13,cupy_copy__complex64_complex64
6179937431,3520,440633,103,1,1,128,1,1,16,0.000,0.000,,,,,NVIDIA A100-SXM4-40GB MIG 4g.20gb (0),1,,13,cupy_copy__complex64_complex64
6179958743,2752,440640,35,1,1,128,1,1,16,0.000,0.000,,,,,NVIDIA A100-SXM4-40GB MIG 4g.20gb (0),1,,13,cupy_copy__complex64_complex64
6179969815,1856,440647,1,1,1,1,1,1,18,0.000,0.000,,,,,NVIDIA A100-SXM4-40GB MIG 4g.20gb (0),1,,13,cupy_copy__float32_float32
6180101173,82239,440658,1,1,1,32,32,1,30,0.000,0.000,,,,,NVIDIA A100-SXM4-40GB MIG 4g.20gb (0),1,,13,"void convert_kernel<__half2, float2>(tensor_layout_any, T1 *, tensor_layout_any, const T2 *)"
6180210452,5856,440661,,,,,,,,,,0.094,15999.997,Pinned,Device,NVIDIA A100-SXM4-40GB MIG 4g.20gb (0),1,,13,[CUDA memcpy Host-to-Device]
6180224436,3583,440662,,,,,,,,,,1.547,431655.025,Device,,NVIDIA A100-SXM4-40GB MIG 4g.20gb (0),1,,13,[CUDA memset]
6180233555,3392,440667,,,,,,,,,,0.031,9226.405,Pinned,Device,NVIDIA A100-SXM4-40GB MIG 4g.20gb (0),1,,13,[CUDA memcpy Host-to-Device]
6180239667,10112,440668,,,,,,,,,,0.197,19442.958,Pinned,Device,NVIDIA A100-SXM4-40GB MIG 4g.20gb (0),1,,13,[CUDA memcpy Host-to-Device]
6180257107,8480,440669,273,1,1,8,4,1,39,0.002,0.000,,,,,NVIDIA A100-SXM4-40GB MIG 4g.20gb (0),1,,13,"void channel_eq::eqMmseCoefCompLowMimoKernel<float, float, float, (unsigned int)4, (unsigned int)1, (unsigned int)4>(const channel_eq::_puschRxChEqStatDescr *, channel_eq::_puschRxChEqCoefCompDynDescr)"
6180270387,6080,440670,273,1,1,12,11,1,51,0.002,0.000,,,,,NVIDIA A100-SXM4-40GB MIG 4g.20gb (0),1,,13,"void channel_eq::eqMmseSoftDemapKernel<float, __half, __half, float, (unsigned int)4, (unsigned short)16383>(channel_eq::_puschRxChEqStatDescr *, channel_eq::_puschRxChEqSoftDemapDynDescr)"
6180278259,282364,440671,1,1,1,32,32,1,30,0.000,0.000,,,,,NVIDIA A100-SXM4-40GB MIG 4g.20gb (0),1,,13,"void convert_kernel<float2, __half2>(tensor_layout_any, T1 *, tensor_layout_any, const T2 *)"
6180564143,10816,440683,2253,1,1,128,1,1,16,0.000,0.000,,,,,NVIDIA A100-SXM4-40GB MIG 4g.20gb (0),1,,13,cupy_copy__float16_float16
6180576527,3584,440692,282,1,1,128,1,1,16,0.000,0.000,,,,,NVIDIA A100-SXM4-40GB MIG 4g.20gb (0),1,,13,cupy_copy__complex64_complex64
6180583215,2112,440701,26,1,1,128,1,1,16,0.000,0.000,,,,,NVIDIA A100-SXM4-40GB MIG 4g.20gb (0),1,,13,cupy_copy__float32_float32
6180588559,4480,440710,103,1,1,128,1,1,16,0.000,0.000,,,,,NVIDIA A100-SXM4-40GB MIG 4g.20gb (0),1,,13,cupy_copy__complex64_complex64
6180594127,12128,440720,1434,1,1,128,1,1,16,0.000,0.000,,,,,NVIDIA A100-SXM4-40GB MIG 4g.20gb (0),1,,13,cupy_copy__complex64_complex64
6180607823,82655,440725,1,1,1,32,32,1,30,0.000,0.000,,,,,NVIDIA A100-SXM4-40GB MIG 4g.20gb (0),1,,13,"void convert_kernel<__half2, float2>(tensor_layout_any, T1 *, tensor_layout_any, const T2 *)"
6180717677,5728,440728,,,,,,,,,,0.094,16357.541,Pinned,Device,NVIDIA A100-SXM4-40GB MIG 4g.20gb (0),1,,13,[CUDA memcpy Host-to-Device]
6180727341,599577,440729,,,,,,,,,,456.561,761087.920,Device,,NVIDIA A100-SXM4-40GB MIG 4g.20gb (0),1,,13,[CUDA memset]
6181331366,103711,440734,,,,,,,,,,1.235,11907.330,Pinned,Device,NVIDIA A100-SXM4-40GB MIG 4g.20gb (0),1,,13,[CUDA memcpy Host-to-Device]
6181443268,36544,440735,,,,,,,,,,0.197,5379.981,Pinned,Device,NVIDIA A100-SXM4-40GB MIG 4g.20gb (0),1,,13,[CUDA memcpy Host-to-Device]
6181502212,8448,440736,69,4,1,48,1,1,76,0.002,0.000,,,,,NVIDIA A100-SXM4-40GB MIG 4g.20gb (0),1,,13,"void ch_est::windowedChEstPreNoDftSOfdmKernel<float, __half, float, (unsigned int)2, (unsigned int)1, (unsigned short)4>(ch_est::puschRxChEstStatDescr_t *, ch_est::puschRxChEstDynDescr_t *)"
6181518084,6943,440737,137,2,1,24,2,1,44,0.001,0.001,,,,,NVIDIA A100-SXM4-40GB MIG 4g.20gb (0),1,,13,"void ch_est::chEstFilterNoDftSOfdmDispatchKernel<float, __half, float, (unsigned int)2>(ch_est::puschRxChEstStatDescr_t *, ch_est::puschRxChEstDynDescr_t *)"
6181532931,4704,440738,137,2,1,24,2,1,44,0.001,0.001,,,,,NVIDIA A100-SXM4-40GB MIG 4g.20gb (0),1,,13,"void ch_est::chEstFilterNoDftSOfdmDispatchKernel<float, __half, float, (unsigned int)2>(ch_est::puschRxChEstStatDescr_t *, ch_est::puschRxChEstDynDescr_t *)"
6181547907,2528,440749,103,1,1,128,1,1,16,0.000,0.000,,,,,NVIDIA A100-SXM4-40GB MIG 4g.20gb (0),1,,13,cupy_copy__complex64_complex64
6181565827,12960,440759,1434,1,1,128,1,1,16,0.000,0.000,,,,,NVIDIA A100-SXM4-40GB MIG 4g.20gb (0),1,,13,cupy_copy__complex64_complex64
6181605922,2624,440766,103,1,1,128,1,1,16,0.000,0.000,,,,,NVIDIA A100-SXM4-40GB MIG 4g.20gb (0),1,,13,cupy_copy__complex64_complex64
6181622722,88703,440773,1,1,1,32,32,1,30,0.000,0.000,,,,,NVIDIA A100-SXM4-40GB MIG 4g.20gb (0),1,,13,"void convert_kernel<__half2, float2>(tensor_layout_any, T1 *, tensor_layout_any, const T2 *)"
6181745281,26303,440776,,,,,,,,,,0.094,3562.135,Pinned,Device,NVIDIA A100-SXM4-40GB MIG 4g.20gb (0),1,,13,[CUDA memcpy Host-to-Device]
6181787968,46656,440777,,,,,,,,,,35.810,767514.015,Device,,NVIDIA A100-SXM4-40GB MIG 4g.20gb (0),1,,13,[CUDA memset]
6181841440,10399,440779,,,,,,,,,,0.000,7.693,Pinned,Device,NVIDIA A100-SXM4-40GB MIG 4g.20gb (0),1,,13,[CUDA memcpy Host-to-Device]
6181861503,31360,440780,,,,,,,,,,0.197,6269.239,Pinned,Device,NVIDIA A100-SXM4-40GB MIG 4g.20gb (0),1,,13,[CUDA memcpy Host-to-Device]
6181911359,10080,440781,273,1,1,48,1,1,40,0.000,0.001,,,,,NVIDIA A100-SXM4-40GB MIG 4g.20gb (0),1,,13,"void pusch_noise_intf_est::noiseIntfEstNoDftSOfdmKernel<float, __half, float, float, (unsigned int)2, (unsigned int)1, (unsigned char)4, (unsigned char)4>(pusch_noise_intf_est::puschRxNoiseIntfEstDynDescr)"
6181937246,2848,440792,35,1,1,128,1,1,16,0.000,0.000,,,,,NVIDIA A100-SXM4-40GB MIG 4g.20gb (0),1,,13,cupy_copy__complex64_complex64
6181947518,1728,440801,1,1,1,1,1,1,18,0.000,0.000,,,,,NVIDIA A100-SXM4-40GB MIG 4g.20gb (0),1,,13,cupy_copy__float32_float32
6181950878,4960,440807,,,,,,,,,,0.000,0.806,Device,Pageable,NVIDIA A100-SXM4-40GB MIG 4g.20gb (0),1,,7,[CUDA memcpy Device-to-Host]
6182032541,12768,440818,1434,1,1,128,1,1,16,0.000,0.000,,,,,NVIDIA A100-SXM4-40GB MIG 4g.20gb (0),1,,13,cupy_copy__complex64_complex64
6182062205,3008,440825,103,1,1,128,1,1,16,0.000,0.000,,,,,NVIDIA A100-SXM4-40GB MIG 4g.20gb (0),1,,13,cupy_copy__complex64_complex64
6182078653,2848,440832,35,1,1,128,1,1,16,0.000,0.000,,,,,NVIDIA A100-SXM4-40GB MIG 4g.20gb (0),1,,13,cupy_copy__complex64_complex64
6182100092,1952,440839,1,1,1,1,1,1,18,0.000,0.000,,,,,NVIDIA A100-SXM4-40GB MIG 4g.20gb (0),1,,13,cupy_copy__float32_float32
6182228251,87391,440850,1,1,1,32,32,1,30,0.000,0.000,,,,,NVIDIA A100-SXM4-40GB MIG 4g.20gb (0),1,,13,"void convert_kernel<__half2, float2>(tensor_layout_any, T1 *, tensor_layout_any, const T2 *)"
6182345817,8416,440853,,,,,,,,,,0.094,11133.052,Pinned,Device,NVIDIA A100-SXM4-40GB MIG 4g.20gb (0),1,,13,[CUDA memcpy Host-to-Device]
6182363769,3520,440854,,,,,,,,,,1.547,439380.412,Device,,NVIDIA A100-SXM4-40GB MIG 4g.20gb (0),1,,13,[CUDA memset]
6182368729,3040,440859,,,,,,,,,,0.031,10294.725,Pinned,Device,NVIDIA A100-SXM4-40GB MIG 4g.20gb (0),1,,13,[CUDA memcpy Host-to-Device]
6182374201,9824,440860,,,,,,,,,,0.197,20012.925,Pinned,Device,NVIDIA A100-SXM4-40GB MIG 4g.20gb (0),1,,13,[CUDA memcpy Host-to-Device]
6182388569,6144,440861,273,1,1,8,4,1,39,0.002,0.000,,,,,NVIDIA A100-SXM4-40GB MIG 4g.20gb (0),1,,13,"void channel_eq::eqMmseCoefCompLowMimoKernel<float, float, float, (unsigned int)4, (unsigned int)1, (unsigned int)4>(const channel_eq::_puschRxChEqStatDescr *, channel_eq::_puschRxChEqCoefCompDynDescr)"
6182396825,6112,440862,273,1,1,12,11,1,51,0.002,0.000,,,,,NVIDIA A100-SXM4-40GB MIG 4g.20gb (0),1,,13,"void channel_eq::eqMmseSoftDemapKernel<float, __half, __half, float, (unsigned int)4, (unsigned short)16383>(channel_eq::_puschRxChEqStatDescr *, channel_eq::_puschRxChEqSoftDemapDynDescr)"
6182404057,283100,440863,1,1,1,32,32,1,30,0.000,0.000,,,,,NVIDIA A100-SXM4-40GB MIG 4g.20gb (0),1,,13,"void convert_kernel<float2, __half2>(tensor_layout_any, T1 *, tensor_layout_any, const T2 *)"
6182688277,10976,440875,2253,1,1,128,1,1,16,0.000,0.000,,,,,NVIDIA A100-SXM4-40GB MIG 4g.20gb (0),1,,13,cupy_copy__float16_float16
6182701461,3232,440884,282,1,1,128,1,1,16,0.000,0.000,,,,,NVIDIA A100-SXM4-40GB MIG 4g.20gb (0),1,,13,cupy_copy__complex64_complex64
6182706325,2208,440893,26,1,1,128,1,1,16,0.000,0.000,,,,,NVIDIA A100-SXM4-40GB MIG 4g.20gb (0),1,,13,cupy_copy__float32_float32
6182711061,2944,440902,103,1,1,128,1,1,16,0.000,0.000,,,,,NVIDIA A100-SXM4-40GB MIG 4g.20gb (0),1,,13,cupy_copy__complex64_complex64
6182716181,12096,440912,1434,1,1,128,1,1,16,0.000,0.000,,,,,NVIDIA A100-SXM4-40GB MIG 4g.20gb (0),1,,13,cupy_copy__complex64_complex64
6182740916,82495,440917,1,1,1,32,32,1,30,0.000,0.000,,,,,NVIDIA A100-SXM4-40GB MIG 4g.20gb (0),1,,13,"void convert_kernel<__half2, float2>(tensor_layout_any, T1 *, tensor_layout_any, const T2 *)"
6182857811,5504,440920,,,,,,,,,,0.094,17023.251,Pinned,Device,NVIDIA A100-SXM4-40GB MIG 4g.20gb (0),1,,13,[CUDA memcpy Host-to-Device]
6182869331,598457,440921,,,,,,,,,,456.561,762457.605,Device,,NVIDIA A100-SXM4-40GB MIG 4g.20gb (0),1,,13,[CUDA memset]
6183472939,163102,440926,,,,,,,,,,1.235,7571.442,Pinned,Device,NVIDIA A100-SXM4-40GB MIG 4g.20gb (0),1,,13,[CUDA memcpy Host-to-Device]
6183650729,41024,440927,,,,,,,,,,0.197,4792.320,Pinned,Device,NVIDIA A100-SXM4-40GB MIG 4g.20gb (0),1,,13,[CUDA memcpy Host-to-Device]
6183709193,8447,440928,69,4,1,48,1,1,76,0.002,0.000,,,,,NVIDIA A100-SXM4-40GB MIG 4g.20gb (0),1,,13,"void ch_est::windowedChEstPreNoDftSOfdmKernel<float, __half, float, (unsigned int)2, (unsigned int)1, (unsigned short)4>(ch_est::puschRxChEstStatDescr_t *, ch_est::puschRxChEstDynDescr_t *)"
6183728392,6784,440929,137,2,1,24,2,1,44,0.001,0.001,,,,,NVIDIA A100-SXM4-40GB MIG 4g.20gb (0),1,,13,"void ch_est::chEstFilterNoDftSOfdmDispatchKernel<float, __half, float, (unsigned int)2>(ch_est::puschRxChEstStatDescr_t *, ch_est::puschRxChEstDynDescr_t *)"
6183745480,4800,440930,137,2,1,24,2,1,44,0.001,0.001,,,,,NVIDIA A100-SXM4-40GB MIG 4g.20gb (0),1,,13,"void ch_est::chEstFilterNoDftSOfdmDispatchKernel<float, __half, float, (unsigned int)2>(ch_est::puschRxChEstStatDescr_t *, ch_est::puschRxChEstDynDescr_t *)"
6183762792,2592,440941,103,1,1,128,1,1,16,0.000,0.000,,,,,NVIDIA A100-SXM4-40GB MIG 4g.20gb (0),1,,13,cupy_copy__complex64_complex64
6183779208,12512,440951,1434,1,1,128,1,1,16,0.000,0.000,,,,,NVIDIA A100-SXM4-40GB MIG 4g.20gb (0),1,,13,cupy_copy__complex64_complex64
6183800807,2880,440958,103,1,1,128,1,1,16,0.000,0.000,,,,,NVIDIA A100-SXM4-40GB MIG 4g.20gb (0),1,,13,cupy_copy__complex64_complex64
6183825959,87487,440965,1,1,1,32,32,1,30,0.000,0.000,,,,,NVIDIA A100-SXM4-40GB MIG 4g.20gb (0),1,,13,"void convert_kernel<__half2, float2>(tensor_layout_any, T1 *, tensor_layout_any, const T2 *)"
6183944454,17407,440968,,,,,,,,,,0.094,5382.648,Pinned,Device,NVIDIA A100-SXM4-40GB MIG 4g.20gb (0),1,,13,[CUDA memcpy Host-to-Device]
6183985381,48288,440969,,,,,,,,,,35.810,741587.633,Device,,NVIDIA A100-SXM4-40GB MIG 4g.20gb (0),1,,13,[CUDA memset]
6184035333,10911,440971,,,,,,,,,,0.000,7.332,Pinned,Device,NVIDIA A100-SXM4-40GB MIG 4g.20gb (0),1,,13,[CUDA memcpy Host-to-Device]
6184055012,19680,440972,,,,,,,,,,0.197,9990.242,Pinned,Device,NVIDIA A100-SXM4-40GB MIG 4g.20gb (0),1,,13,[CUDA memcpy Host-to-Device]
6184091268,9408,440973,273,1,1,48,1,1,40,0.000,0.001,,,,,NVIDIA A100-SXM4-40GB MIG 4g.20gb (0),1,,13,"void pusch_noise_intf_est::noiseIntfEstNoDftSOfdmKernel<float, __half, float, float, (unsigned int)2, (unsigned int)1, (unsigned char)4, (unsigned char)4>(pusch_noise_intf_est::puschRxNoiseIntfEstDynDescr)"
6184108036,2784,440984,35,1,1,128,1,1,16,0.000,0.000,,,,,NVIDIA A100-SXM4-40GB MIG 4g.20gb (0),1,,13,cupy_copy__complex64_complex64
6184121699,1696,440993,1,1,1,1,1,1,18,0.000,0.000,,,,,NVIDIA A100-SXM4-40GB MIG 4g.20gb (0),1,,13,cupy_copy__float32_float32
6184129667,5504,440999,,,,,,,,,,0.000,0.727,Device,Pageable,NVIDIA A100-SXM4-40GB MIG 4g.20gb (0),1,,7,[CUDA memcpy Device-to-Host]
6184217538,12576,441010,1434,1,1,128,1,1,16,0.000,0.000,,,,,NVIDIA A100-SXM4-40GB MIG 4g.20gb (0),1,,13,cupy_copy__complex64_complex64
6184240130,3392,441017,103,1,1,128,1,1,16,0.000,0.000,,,,,NVIDIA A100-SXM4-40GB MIG 4g.20gb (0),1,,13,cupy_copy__complex64_complex64
6184272226,2368,441024,35,1,1,128,1,1,16,0.000,0.000,,,,,NVIDIA A100-SXM4-40GB MIG 4g.20gb (0),1,,13,cupy_copy__complex64_complex64
6184290529,1664,441031,1,1,1,1,1,1,18,0.000,0.000,,,,,NVIDIA A100-SXM4-40GB MIG 4g.20gb (0),1,,13,cupy_copy__float32_float32
6184404032,88031,441042,1,1,1,32,32,1,30,0.000,0.000,,,,,NVIDIA A100-SXM4-40GB MIG 4g.20gb (0),1,,13,"void convert_kernel<__half2, float2>(tensor_layout_any, T1 *, tensor_layout_any, const T2 *)"
6184519679,5663,441045,,,,,,,,,,0.094,16545.214,Pinned,Device,NVIDIA A100-SXM4-40GB MIG 4g.20gb (0),1,,13,[CUDA memcpy Host-to-Device]
6184535134,3520,441046,,,,,,,,,,1.547,439380.412,Device,,NVIDIA A100-SXM4-40GB MIG 4g.20gb (0),1,,13,[CUDA memset]
6184541502,3104,441051,,,,,,,,,,0.031,10082.445,Pinned,Device,NVIDIA A100-SXM4-40GB MIG 4g.20gb (0),1,,13,[CUDA memcpy Host-to-Device]
6184548158,10304,441052,,,,,,,,,,0.197,19080.610,Pinned,Device,NVIDIA A100-SXM4-40GB MIG 4g.20gb (0),1,,13,[CUDA memcpy Host-to-Device]
6184566494,6176,441053,273,1,1,8,4,1,39,0.002,0.000,,,,,NVIDIA A100-SXM4-40GB MIG 4g.20gb (0),1,,13,"void channel_eq::eqMmseCoefCompLowMimoKernel<float, float, float, (unsigned int)4, (unsigned int)1, (unsigned int)4>(const channel_eq::_puschRxChEqStatDescr *, channel_eq::_puschRxChEqCoefCompDynDescr)"
6184574174,5920,441054,273,1,1,12,11,1,51,0.002,0.000,,,,,NVIDIA A100-SXM4-40GB MIG 4g.20gb (0),1,,13,"void channel_eq::eqMmseSoftDemapKernel<float, __half, __half, float, (unsigned int)4, (unsigned short)16383>(channel_eq::_puschRxChEqStatDescr *, channel_eq::_puschRxChEqSoftDemapDynDescr)"
6184581822,289340,441055,1,1,1,32,32,1,30,0.000,0.000,,,,,NVIDIA A100-SXM4-40GB MIG 4g.20gb (0),1,,13,"void convert_kernel<float2, __half2>(tensor_layout_any, T1 *, tensor_layout_any, const T2 *)"
6184872122,10944,441067,2253,1,1,128,1,1,16,0.000,0.000,,,,,NVIDIA A100-SXM4-40GB MIG 4g.20gb (0),1,,13,cupy_copy__float16_float16
6184886330,2912,441076,282,1,1,128,1,1,16,0.000,0.000,,,,,NVIDIA A100-SXM4-40GB MIG 4g.20gb (0),1,,13,cupy_copy__complex64_complex64
6184892538,2080,441085,26,1,1,128,1,1,16,0.000,0.000,,,,,NVIDIA A100-SXM4-40GB MIG 4g.20gb (0),1,,13,cupy_copy__float32_float32
6184895706,4320,441094,103,1,1,128,1,1,16,0.000,0.000,,,,,NVIDIA A100-SXM4-40GB MIG 4g.20gb (0),1,,13,cupy_copy__complex64_complex64
6184901050,11936,441104,1434,1,1,128,1,1,16,0.000,0.000,,,,,NVIDIA A100-SXM4-40GB MIG 4g.20gb (0),1,,13,cupy_copy__complex64_complex64
6184917818,82559,441109,1,1,1,32,32,1,30,0.000,0.000,,,,,NVIDIA A100-SXM4-40GB MIG 4g.20gb (0),1,,13,"void convert_kernel<__half2, float2>(tensor_layout_any, T1 *, tensor_layout_any, const T2 *)"
6185027288,5664,441112,,,,,,,,,,0.094,16542.310,Pinned,Device,NVIDIA A100-SXM4-40GB MIG 4g.20gb (0),1,,13,[CUDA memcpy Host-to-Device]
6185038040,600857,441113,,,,,,,,,,456.561,759718.236,Device,,NVIDIA A100-SXM4-40GB MIG 4g.20gb (0),1,,13,[CUDA memset]
6185642097,118686,441118,,,,,,,,,,1.235,10404.403,Pinned,Device,NVIDIA A100-SXM4-40GB MIG 4g.20gb (0),1,,13,[CUDA memcpy Host-to-Device]
6185768431,19584,441119,,,,,,,,,,0.197,10039.198,Pinned,Device,NVIDIA A100-SXM4-40GB MIG 4g.20gb (0),1,,13,[CUDA memcpy Host-to-Device]
6185802607,8448,441120,69,4,1,48,1,1,76,0.002,0.000,,,,,NVIDIA A100-SXM4-40GB MIG 4g.20gb (0),1,,13,"void ch_est::windowedChEstPreNoDftSOfdmKernel<float, __half, float, (unsigned int)2, (unsigned int)1, (unsigned short)4>(ch_est::puschRxChEstStatDescr_t *, ch_est::puschRxChEstDynDescr_t *)"
6185818031,6783,441121,137,2,1,24,2,1,44,0.001,0.001,,,,,NVIDIA A100-SXM4-40GB MIG 4g.20gb (0),1,,13,"void ch_est::chEstFilterNoDftSOfdmDispatchKernel<float, __half, float, (unsigned int)2>(ch_est::puschRxChEstStatDescr_t *, ch_est::puschRxChEstDynDescr_t *)"
6185826542,4896,441122,137,2,1,24,2,1,44,0.001,0.001,,,,,NVIDIA A100-SXM4-40GB MIG 4g.20gb (0),1,,13,"void ch_est::chEstFilterNoDftSOfdmDispatchKernel<float, __half, float, (unsigned int)2>(ch_est::puschRxChEstStatDescr_t *, ch_est::puschRxChEstDynDescr_t *)"
6185834190,2688,441133,103,1,1,128,1,1,16,0.000,0.000,,,,,NVIDIA A100-SXM4-40GB MIG 4g.20gb (0),1,,13,cupy_copy__complex64_complex64
6185841966,12672,441143,1434,1,1,128,1,1,16,0.000,0.000,,,,,NVIDIA A100-SXM4-40GB MIG 4g.20gb (0),1,,13,cupy_copy__complex64_complex64
6185858574,2528,441150,103,1,1,128,1,1,16,0.000,0.000,,,,,NVIDIA A100-SXM4-40GB MIG 4g.20gb (0),1,,13,cupy_copy__complex64_complex64
6185867150,89599,441157,1,1,1,32,32,1,30,0.000,0.000,,,,,NVIDIA A100-SXM4-40GB MIG 4g.20gb (0),1,,13,"void convert_kernel<__half2, float2>(tensor_layout_any, T1 *, tensor_layout_any, const T2 *)"
6185983916,9440,441160,,,,,,,,,,0.094,9925.405,Pinned,Device,NVIDIA A100-SXM4-40GB MIG 4g.20gb (0),1,,13,[CUDA memcpy Host-to-Device]
6186003468,46784,441161,,,,,,,,,,35.810,765401.230,Device,,NVIDIA A100-SXM4-40GB MIG 4g.20gb (0),1,,13,[CUDA memset]
6186056748,3328,441163,,,,,,,,,,0.000,24.038,Pinned,Device,NVIDIA A100-SXM4-40GB MIG 4g.20gb (0),1,,13,[CUDA memcpy Host-to-Device]
6186069803,21952,441164,,,,,,,,,,0.197,8956.084,Pinned,Device,NVIDIA A100-SXM4-40GB MIG 4g.20gb (0),1,,13,[CUDA memcpy Host-to-Device]
6186105195,9952,441165,273,1,1,48,1,1,40,0.000,0.001,,,,,NVIDIA A100-SXM4-40GB MIG 4g.20gb (0),1,,13,"void pusch_noise_intf_est::noiseIntfEstNoDftSOfdmKernel<float, __half, float, float, (unsigned int)2, (unsigned int)1, (unsigned char)4, (unsigned char)4>(pusch_noise_intf_est::puschRxNoiseIntfEstDynDescr)"
6186125963,2688,441176,35,1,1,128,1,1,16,0.000,0.000,,,,,NVIDIA A100-SXM4-40GB MIG 4g.20gb (0),1,,13,cupy_copy__complex64_complex64
6186138859,1696,441185,1,1,1,1,1,1,18,0.000,0.000,,,,,NVIDIA A100-SXM4-40GB MIG 4g.20gb (0),1,,13,cupy_copy__float32_float32
6186146858,3104,441191,,,,,,,,,,0.000,1.289,Device,Pageable,NVIDIA A100-SXM4-40GB MIG 4g.20gb (0),1,,7,[CUDA memcpy Device-to-Host]
6186222474,12959,441202,1434,1,1,128,1,1,16,0.000,0.000,,,,,NVIDIA A100-SXM4-40GB MIG 4g.20gb (0),1,,13,cupy_copy__complex64_complex64
6186244777,2784,441209,103,1,1,128,1,1,16,0.000,0.000,,,,,NVIDIA A100-SXM4-40GB MIG 4g.20gb (0),1,,13,cupy_copy__complex64_complex64
6186266313,2464,441216,35,1,1,128,1,1,16,0.000,0.000,,,,,NVIDIA A100-SXM4-40GB MIG 4g.20gb (0),1,,13,cupy_copy__complex64_complex64
6186285257,1760,441223,1,1,1,1,1,1,18,0.000,0.000,,,,,NVIDIA A100-SXM4-40GB MIG 4g.20gb (0),1,,13,cupy_copy__float32_float32
6186417127,82047,441234,1,1,1,32,32,1,30,0.000,0.000,,,,,NVIDIA A100-SXM4-40GB MIG 4g.20gb (0),1,,13,"void convert_kernel<__half2, float2>(tensor_layout_any, T1 *, tensor_layout_any, const T2 *)"
6186526630,5728,441237,,,,,,,,,,0.094,16357.541,Pinned,Device,NVIDIA A100-SXM4-40GB MIG 4g.20gb (0),1,,13,[CUDA memcpy Host-to-Device]
6186541030,3200,441238,,,,,,,,,,1.547,483320.000,Device,,NVIDIA A100-SXM4-40GB MIG 4g.20gb (0),1,,13,[CUDA memset]
6186547846,3391,441243,,,,,,,,,,0.031,9229.128,Pinned,Device,NVIDIA A100-SXM4-40GB MIG 4g.20gb (0),1,,13,[CUDA memcpy Host-to-Device]
6186553605,10048,441244,,,,,,,,,,0.197,19566.821,Pinned,Device,NVIDIA A100-SXM4-40GB MIG 4g.20gb (0),1,,13,[CUDA memcpy Host-to-Device]
6186568261,6336,441245,273,1,1,8,4,1,39,0.002,0.000,,,,,NVIDIA A100-SXM4-40GB MIG 4g.20gb (0),1,,13,"void channel_eq::eqMmseCoefCompLowMimoKernel<float, float, float, (unsigned int)4, (unsigned int)1, (unsigned int)4>(const channel_eq::_puschRxChEqStatDescr *, channel_eq::_puschRxChEqCoefCompDynDescr)"
6186577061,5312,441246,273,1,1,12,11,1,51,0.002,0.000,,,,,NVIDIA A100-SXM4-40GB MIG 4g.20gb (0),1,,13,"void channel_eq::eqMmseSoftDemapKernel<float, __half, __half, float, (unsigned int)4, (unsigned short)16383>(channel_eq::_puschRxChEqStatDescr *, channel_eq::_puschRxChEqSoftDemapDynDescr)"
6186584933,294492,441247,1,1,1,32,32,1,30,0.000,0.000,,,,,NVIDIA A100-SXM4-40GB MIG 4g.20gb (0),1,,13,"void convert_kernel<float2, __half2>(tensor_layout_any, T1 *, tensor_layout_any, const T2 *)"
6186881857,10880,441259,2253,1,1,128,1,1,16,0.000,0.000,,,,,NVIDIA A100-SXM4-40GB MIG 4g.20gb (0),1,,13,cupy_copy__float16_float16
6186897569,2848,441268,282,1,1,128,1,1,16,0.000,0.000,,,,,NVIDIA A100-SXM4-40GB MIG 4g.20gb (0),1,,13,cupy_copy__complex64_complex64
6186903073,1984,441277,26,1,1,128,1,1,16,0.000,0.000,,,,,NVIDIA A100-SXM4-40GB MIG 4g.20gb (0),1,,13,cupy_copy__float32_float32
6186906209,3360,441286,103,1,1,128,1,1,16,0.000,0.000,,,,,NVIDIA A100-SXM4-40GB MIG 4g.20gb (0),1,,13,cupy_copy__complex64_complex64
6186911425,11968,441296,1434,1,1,128,1,1,16,0.000,0.000,,,,,NVIDIA A100-SXM4-40GB MIG 4g.20gb (0),1,,13,cupy_copy__complex64_complex64
6186925313,82335,441301,1,1,1,32,32,1,30,0.000,0.000,,,,,NVIDIA A100-SXM4-40GB MIG 4g.20gb (0),1,,13,"void convert_kernel<__half2, float2>(tensor_layout_any, T1 *, tensor_layout_any, const T2 *)"
6187034752,5471,441304,,,,,,,,,,0.094,17125.849,Pinned,Device,NVIDIA A100-SXM4-40GB MIG 4g.20gb (0),1,,13,[CUDA memcpy Host-to-Device]
6187044639,598969,441305,,,,,,,,,,456.561,762001.043,Device,,NVIDIA A100-SXM4-40GB MIG 4g.20gb (0),1,,13,[CUDA memset]
6187649368,144318,441310,,,,,,,,,,1.235,8556.927,Pinned,Device,NVIDIA A100-SXM4-40GB MIG 4g.20gb (0),1,,13,[CUDA memcpy Host-to-Device]
6187803414,37344,441311,,,,,,,,,,0.197,5264.769,Pinned,Device,NVIDIA A100-SXM4-40GB MIG 4g.20gb (0),1,,13,[CUDA memcpy Host-to-Device]
6187863125,7904,441312,69,4,1,48,1,1,76,0.002,0.000,,,,,NVIDIA A100-SXM4-40GB MIG 4g.20gb (0),1,,13,"void ch_est::windowedChEstPreNoDftSOfdmKernel<float, __half, float, (unsigned int)2, (unsigned int)1, (unsigned short)4>(ch_est::puschRxChEstStatDescr_t *, ch_est::puschRxChEstDynDescr_t *)"
6187880917,6528,441313,137,2,1,24,2,1,44,0.001,0.001,,,,,NVIDIA A100-SXM4-40GB MIG 4g.20gb (0),1,,13,"void ch_est::chEstFilterNoDftSOfdmDispatchKernel<float, __half, float, (unsigned int)2>(ch_est::puschRxChEstStatDescr_t *, ch_est::puschRxChEstDynDescr_t *)"
6187892405,4736,441314,137,2,1,24,2,1,44,0.001,0.001,,,,,NVIDIA A100-SXM4-40GB MIG 4g.20gb (0),1,,13,"void ch_est::chEstFilterNoDftSOfdmDispatchKernel<float, __half, float, (unsigned int)2>(ch_est::puschRxChEstStatDescr_t *, ch_est::puschRxChEstDynDescr_t *)"
6187909237,2656,441325,103,1,1,128,1,1,16,0.000,0.000,,,,,NVIDIA A100-SXM4-40GB MIG 4g.20gb (0),1,,13,cupy_copy__complex64_complex64
6187920661,12415,441335,1434,1,1,128,1,1,16,0.000,0.000,,,,,NVIDIA A100-SXM4-40GB MIG 4g.20gb (0),1,,13,cupy_copy__complex64_complex64
6187949460,2560,441342,103,1,1,128,1,1,16,0.000,0.000,,,,,NVIDIA A100-SXM4-40GB MIG 4g.20gb (0),1,,13,cupy_copy__complex64_complex64
6187961396,82207,441349,1,1,1,32,32,1,30,0.000,0.000,,,,,NVIDIA A100-SXM4-40GB MIG 4g.20gb (0),1,,13,"void convert_kernel<__half2, float2>(tensor_layout_any, T1 *, tensor_layout_any, const T2 *)"
6188071667,10560,441352,,,,,,,,,,0.094,8872.636,Pinned,Device,NVIDIA A100-SXM4-40GB MIG 4g.20gb (0),1,,13,[CUDA memcpy Host-to-Device]
6188092338,47360,441353,,,,,,,,,,35.810,756090.651,Device,,NVIDIA A100-SXM4-40GB MIG 4g.20gb (0),1,,13,[CUDA memset]
6188144466,7328,441355,,,,,,,,,,0.000,10.917,Pinned,Device,NVIDIA A100-SXM4-40GB MIG 4g.20gb (0),1,,13,[CUDA memcpy Host-to-Device]
6188157522,20415,441356,,,,,,,,,,0.197,9630.450,Pinned,Device,NVIDIA A100-SXM4-40GB MIG 4g.20gb (0),1,,13,[CUDA memcpy Host-to-Device]
6188188209,12320,441357,273,1,1,48,1,1,40,0.000,0.001,,,,,NVIDIA A100-SXM4-40GB MIG 4g.20gb (0),1,,13,"void pusch_noise_intf_est::noiseIntfEstNoDftSOfdmKernel<float, __half, float, float, (unsigned int)2, (unsigned int)1, (unsigned char)4, (unsigned char)4>(pusch_noise_intf_est::puschRxNoiseIntfEstDynDescr)"
6188205841,2880,441368,35,1,1,128,1,1,16,0.000,0.000,,,,,NVIDIA A100-SXM4-40GB MIG 4g.20gb (0),1,,13,cupy_copy__complex64_complex64
6188215121,1696,441377,1,1,1,1,1,1,18,0.000,0.000,,,,,NVIDIA A100-SXM4-40GB MIG 4g.20gb (0),1,,13,cupy_copy__float32_float32
6188223697,6528,441383,,,,,,,,,,0.000,0.613,Device,Pageable,NVIDIA A100-SXM4-40GB MIG 4g.20gb (0),1,,7,[CUDA memcpy Device-to-Host]
6188307280,13088,441394,1434,1,1,128,1,1,16,0.000,0.000,,,,,NVIDIA A100-SXM4-40GB MIG 4g.20gb (0),1,,13,cupy_copy__complex64_complex64
6188337103,2848,441401,103,1,1,128,1,1,16,0.000,0.000,,,,,NVIDIA A100-SXM4-40GB MIG 4g.20gb (0),1,,13,cupy_copy__complex64_complex64
6188352943,2528,441408,35,1,1,128,1,1,16,0.000,0.000,,,,,NVIDIA A100-SXM4-40GB MIG 4g.20gb (0),1,,13,cupy_copy__complex64_complex64
6188377711,1760,441415,1,1,1,1,1,1,18,0.000,0.000,,,,,NVIDIA A100-SXM4-40GB MIG 4g.20gb (0),1,,13,cupy_copy__float32_float32
6188502189,82719,441426,1,1,1,32,32,1,30,0.000,0.000,,,,,NVIDIA A100-SXM4-40GB MIG 4g.20gb (0),1,,13,"void convert_kernel<__half2, float2>(tensor_layout_any, T1 *, tensor_layout_any, const T2 *)"
6188612364,6016,441429,,,,,,,,,,0.094,15574.430,Pinned,Device,NVIDIA A100-SXM4-40GB MIG 4g.20gb (0),1,,13,[CUDA memcpy Host-to-Device]
6188626060,3296,441430,,,,,,,,,,1.547,469242.628,Device,,NVIDIA A100-SXM4-40GB MIG 4g.20gb (0),1,,13,[CUDA memset]
6188632812,3232,441435,,,,,,,,,,0.031,9683.139,Pinned,Device,NVIDIA A100-SXM4-40GB MIG 4g.20gb (0),1,,13,[CUDA memcpy Host-to-Device]
6188638668,9888,441436,,,,,,,,,,0.197,19883.360,Pinned,Device,NVIDIA A100-SXM4-40GB MIG 4g.20gb (0),1,,13,[CUDA memcpy Host-to-Device]
6188652588,8223,441437,273,1,1,8,4,1,39,0.002,0.000,,,,,NVIDIA A100-SXM4-40GB MIG 4g.20gb (0),1,,13,"void channel_eq::eqMmseCoefCompLowMimoKernel<float, float, float, (unsigned int)4, (unsigned int)1, (unsigned int)4>(const channel_eq::_puschRxChEqStatDescr *, channel_eq::_puschRxChEqCoefCompDynDescr)"
6188664715,6240,441438,273,1,1,12,11,1,51,0.002,0.000,,,,,NVIDIA A100-SXM4-40GB MIG 4g.20gb (0),1,,13,"void channel_eq::eqMmseSoftDemapKernel<float, __half, __half, float, (unsigned int)4, (unsigned short)16383>(channel_eq::_puschRxChEqStatDescr *, channel_eq::_puschRxChEqSoftDemapDynDescr)"
6188672043,283069,441439,1,1,1,32,32,1,30,0.000,0.000,,,,,NVIDIA A100-SXM4-40GB MIG 4g.20gb (0),1,,13,"void convert_kernel<float2, __half2>(tensor_layout_any, T1 *, tensor_layout_any, const T2 *)"
6188956072,10944,441451,2253,1,1,128,1,1,16,0.000,0.000,,,,,NVIDIA A100-SXM4-40GB MIG 4g.20gb (0),1,,13,cupy_copy__float16_float16
6188970248,3520,441460,282,1,1,128,1,1,16,0.000,0.000,,,,,NVIDIA A100-SXM4-40GB MIG 4g.20gb (0),1,,13,cupy_copy__complex64_complex64
6188975560,2400,441469,26,1,1,128,1,1,16,0.000,0.000,,,,,NVIDIA A100-SXM4-40GB MIG 4g.20gb (0),1,,13,cupy_copy__float32_float32
6188979880,3743,441478,103,1,1,128,1,1,16,0.000,0.000,,,,,NVIDIA A100-SXM4-40GB MIG 4g.20gb (0),1,,13,cupy_copy__complex64_complex64
6188984583,11808,441488,1434,1,1,128,1,1,16,0.000,0.000,,,,,NVIDIA A100-SXM4-40GB MIG 4g.20gb (0),1,,13,cupy_copy__complex64_complex64
6189001543,82239,441493,1,1,1,32,32,1,30,0.000,0.000,,,,,NVIDIA A100-SXM4-40GB MIG 4g.20gb (0),1,,13,"void convert_kernel<__half2, float2>(tensor_layout_any, T1 *, tensor_layout_any, const T2 *)"
6189111238,5728,441496,,,,,,,,,,0.094,16357.541,Pinned,Device,NVIDIA A100-SXM4-40GB MIG 4g.20gb (0),1,,13,[CUDA memcpy Host-to-Device]
6189121606,599320,441497,,,,,,,,,,456.561,761544.482,Device,,NVIDIA A100-SXM4-40GB MIG 4g.20gb (0),1,,13,[CUDA memset]
6189728062,156670,441502,,,,,,,,,,1.235,7881.413,Pinned,Device,NVIDIA A100-SXM4-40GB MIG 4g.20gb (0),1,,13,[CUDA memcpy Host-to-Device]
6189899292,36896,441503,,,,,,,,,,0.197,5328.667,Pinned,Device,NVIDIA A100-SXM4-40GB MIG 4g.20gb (0),1,,13,[CUDA memcpy Host-to-Device]
6189950972,8287,441504,69,4,1,48,1,1,76,0.002,0.000,,,,,NVIDIA A100-SXM4-40GB MIG 4g.20gb (0),1,,13,"void ch_est::windowedChEstPreNoDftSOfdmKernel<float, __half, float, (unsigned int)2, (unsigned int)1, (unsigned short)4>(ch_est::puschRxChEstStatDescr_t *, ch_est::puschRxChEstDynDescr_t *)"
6189966395,6880,441505,137,2,1,24,2,1,44,0.001,0.001,,,,,NVIDIA A100-SXM4-40GB MIG 4g.20gb (0),1,,13,"void ch_est::chEstFilterNoDftSOfdmDispatchKernel<float, __half, float, (unsigned int)2>(ch_est::puschRxChEstStatDescr_t *, ch_est::puschRxChEstDynDescr_t *)"
6189980091,4768,441506,137,2,1,24,2,1,44,0.001,0.001,,,,,NVIDIA A100-SXM4-40GB MIG 4g.20gb (0),1,,13,"void ch_est::chEstFilterNoDftSOfdmDispatchKernel<float, __half, float, (unsigned int)2>(ch_est::puschRxChEstStatDescr_t *, ch_est::puschRxChEstDynDescr_t *)"
6189993211,2528,441517,103,1,1,128,1,1,16,0.000,0.000,,,,,NVIDIA A100-SXM4-40GB MIG 4g.20gb (0),1,,13,cupy_copy__complex64_complex64
6190008667,12384,441527,1434,1,1,128,1,1,16,0.000,0.000,,,,,NVIDIA A100-SXM4-40GB MIG 4g.20gb (0),1,,13,cupy_copy__complex64_complex64
6190029627,2912,441534,103,1,1,128,1,1,16,0.000,0.000,,,,,NVIDIA A100-SXM4-40GB MIG 4g.20gb (0),1,,13,cupy_copy__complex64_complex64
6190044922,84287,441541,1,1,1,32,32,1,30,0.000,0.000,,,,,NVIDIA A100-SXM4-40GB MIG 4g.20gb (0),1,,13,"void convert_kernel<__half2, float2>(tensor_layout_any, T1 *, tensor_layout_any, const T2 *)"
6190161401,18144,441544,,,,,,,,,,0.094,5163.961,Pinned,Device,NVIDIA A100-SXM4-40GB MIG 4g.20gb (0),1,,13,[CUDA memcpy Host-to-Device]
6190193273,48767,441545,,,,,,,,,,35.810,734282.410,Device,,NVIDIA A100-SXM4-40GB MIG 4g.20gb (0),1,,13,[CUDA memset]
6190248792,5280,441547,,,,,,,,,,0.000,15.151,Pinned,Device,NVIDIA A100-SXM4-40GB MIG 4g.20gb (0),1,,13,[CUDA memcpy Host-to-Device]
6190263608,20639,441548,,,,,,,,,,0.197,9525.854,Pinned,Device,NVIDIA A100-SXM4-40GB MIG 4g.20gb (0),1,,13,[CUDA memcpy Host-to-Device]
6190294391,9664,441549,273,1,1,48,1,1,40,0.000,0.001,,,,,NVIDIA A100-SXM4-40GB MIG 4g.20gb (0),1,,13,"void pusch_noise_intf_est::noiseIntfEstNoDftSOfdmKernel<float, __half, float, float, (unsigned int)2, (unsigned int)1, (unsigned char)4, (unsigned char)4>(pusch_noise_intf_est::puschRxNoiseIntfEstDynDescr)"
6190309879,2720,441560,35,1,1,128,1,1,16,0.000,0.000,,,,,NVIDIA A100-SXM4-40GB MIG 4g.20gb (0),1,,13,cupy_copy__complex64_complex64
6190317143,2016,441569,1,1,1,1,1,1,18,0.000,0.000,,,,,NVIDIA A100-SXM4-40GB MIG 4g.20gb (0),1,,13,cupy_copy__float32_float32
6190324727,3744,441575,,,,,,,,,,0.000,1.068,Device,Pageable,NVIDIA A100-SXM4-40GB MIG 4g.20gb (0),1,,7,[CUDA memcpy Device-to-Host]
6190392566,13056,441586,1434,1,1,128,1,1,16,0.000,0.000,,,,,NVIDIA A100-SXM4-40GB MIG 4g.20gb (0),1,,13,cupy_copy__complex64_complex64
6190418934,2880,441593,103,1,1,128,1,1,16,0.000,0.000,,,,,NVIDIA A100-SXM4-40GB MIG 4g.20gb (0),1,,13,cupy_copy__complex64_complex64
6190442389,2304,441600,35,1,1,128,1,1,16,0.000,0.000,,,,,NVIDIA A100-SXM4-40GB MIG 4g.20gb (0),1,,13,cupy_copy__complex64_complex64
6190462677,1984,441607,1,1,1,1,1,1,18,0.000,0.000,,,,,NVIDIA A100-SXM4-40GB MIG 4g.20gb (0),1,,13,cupy_copy__float32_float32
6190592628,82399,441618,1,1,1,32,32,1,30,0.000,0.000,,,,,NVIDIA A100-SXM4-40GB MIG 4g.20gb (0),1,,13,"void convert_kernel<__half2, float2>(tensor_layout_any, T1 *, tensor_layout_any, const T2 *)"
6190702866,5760,441621,,,,,,,,,,0.094,16266.656,Pinned,Device,NVIDIA A100-SXM4-40GB MIG 4g.20gb (0),1,,13,[CUDA memcpy Host-to-Device]
6190718034,3520,441622,,,,,,,,,,1.547,439380.412,Device,,NVIDIA A100-SXM4-40GB MIG 4g.20gb (0),1,,13,[CUDA memset]
6190724210,3488,441627,,,,,,,,,,0.031,8972.469,Pinned,Device,NVIDIA A100-SXM4-40GB MIG 4g.20gb (0),1,,13,[CUDA memcpy Host-to-Device]
6190729778,10528,441628,,,,,,,,,,0.197,18674.614,Pinned,Device,NVIDIA A100-SXM4-40GB MIG 4g.20gb (0),1,,13,[CUDA memcpy Host-to-Device]
6190747410,8352,441629,273,1,1,8,4,1,39,0.002,0.000,,,,,NVIDIA A100-SXM4-40GB MIG 4g.20gb (0),1,,13,"void channel_eq::eqMmseCoefCompLowMimoKernel<float, float, float, (unsigned int)4, (unsigned int)1, (unsigned int)4>(const channel_eq::_puschRxChEqStatDescr *, channel_eq::_puschRxChEqCoefCompDynDescr)"
6190757394,5760,441630,273,1,1,12,11,1,51,0.002,0.000,,,,,NVIDIA A100-SXM4-40GB MIG 4g.20gb (0),1,,13,"void channel_eq::eqMmseSoftDemapKernel<float, __half, __half, float, (unsigned int)4, (unsigned short)16383>(channel_eq::_puschRxChEqStatDescr *, channel_eq::_puschRxChEqSoftDemapDynDescr)"
6190764145,282141,441631,1,1,1,32,32,1,30,0.000,0.000,,,,,NVIDIA A100-SXM4-40GB MIG 4g.20gb (0),1,,13,"void convert_kernel<float2, __half2>(tensor_layout_any, T1 *, tensor_layout_any, const T2 *)"
6191047406,10912,441643,2253,1,1,128,1,1,16,0.000,0.000,,,,,NVIDIA A100-SXM4-40GB MIG 4g.20gb (0),1,,13,cupy_copy__float16_float16
6191061262,3040,441652,282,1,1,128,1,1,16,0.000,0.000,,,,,NVIDIA A100-SXM4-40GB MIG 4g.20gb (0),1,,13,cupy_copy__complex64_complex64
6191066414,2336,441661,26,1,1,128,1,1,16,0.000,0.000,,,,,NVIDIA A100-SXM4-40GB MIG 4g.20gb (0),1,,13,cupy_copy__float32_float32
6191070414,3392,441670,103,1,1,128,1,1,16,0.000,0.000,,,,,NVIDIA A100-SXM4-40GB MIG 4g.20gb (0),1,,13,cupy_copy__complex64_complex64
6191074894,12320,441680,1434,1,1,128,1,1,16,0.000,0.000,,,,,NVIDIA A100-SXM4-40GB MIG 4g.20gb (0),1,,13,cupy_copy__complex64_complex64
6191105965,82303,441685,1,1,1,32,32,1,30,0.000,0.000,,,,,NVIDIA A100-SXM4-40GB MIG 4g.20gb (0),1,,13,"void convert_kernel<__half2, float2>(tensor_layout_any, T1 *, tensor_layout_any, const T2 *)"
6191215532,5344,441688,,,,,,,,,,0.094,17532.864,Pinned,Device,NVIDIA A100-SXM4-40GB MIG 4g.20gb (0),1,,13,[CUDA memcpy Host-to-Device]
6191225516,598968,441689,,,,,,,,,,456.561,762001.043,Device,,NVIDIA A100-SXM4-40GB MIG 4g.20gb (0),1,,13,[CUDA memset]
6191826596,144351,441694,,,,,,,,,,1.235,8554.457,Pinned,Device,NVIDIA A100-SXM4-40GB MIG 4g.20gb (0),1,,13,[CUDA memcpy Host-to-Device]
6191983906,43392,441695,,,,,,,,,,0.197,4530.831,Pinned,Device,NVIDIA A100-SXM4-40GB MIG 4g.20gb (0),1,,13,[CUDA memcpy Host-to-Device]
6192046658,8320,441696,69,4,1,48,1,1,76,0.002,0.000,,,,,NVIDIA A100-SXM4-40GB MIG 4g.20gb (0),1,,13,"void ch_est::windowedChEstPreNoDftSOfdmKernel<float, __half, float, (unsigned int)2, (unsigned int)1, (unsigned short)4>(ch_est::puschRxChEstStatDescr_t *, ch_est::puschRxChEstDynDescr_t *)"
6192064417,7040,441697,137,2,1,24,2,1,44,0.001,0.001,,,,,NVIDIA A100-SXM4-40GB MIG 4g.20gb (0),1,,13,"void ch_est::chEstFilterNoDftSOfdmDispatchKernel<float, __half, float, (unsigned int)2>(ch_est::puschRxChEstStatDescr_t *, ch_est::puschRxChEstDynDescr_t *)"
6192081473,4768,441698,137,2,1,24,2,1,44,0.001,0.001,,,,,NVIDIA A100-SXM4-40GB MIG 4g.20gb (0),1,,13,"void ch_est::chEstFilterNoDftSOfdmDispatchKernel<float, __half, float, (unsigned int)2>(ch_est::puschRxChEstStatDescr_t *, ch_est::puschRxChEstDynDescr_t *)"
6192098369,2784,441709,103,1,1,128,1,1,16,0.000,0.000,,,,,NVIDIA A100-SXM4-40GB MIG 4g.20gb (0),1,,13,cupy_copy__complex64_complex64
6192115393,12224,441719,1434,1,1,128,1,1,16,0.000,0.000,,,,,NVIDIA A100-SXM4-40GB MIG 4g.20gb (0),1,,13,cupy_copy__complex64_complex64
6192135713,2912,441726,103,1,1,128,1,1,16,0.000,0.000,,,,,NVIDIA A100-SXM4-40GB MIG 4g.20gb (0),1,,13,cupy_copy__complex64_complex64
6192159904,99135,441733,1,1,1,32,32,1,30,0.000,0.000,,,,,NVIDIA A100-SXM4-40GB MIG 4g.20gb (0),1,,13,"void convert_kernel<__half2, float2>(tensor_layout_any, T1 *, tensor_layout_any, const T2 *)"
6192295583,22815,441736,,,,,,,,,,0.094,4106.696,Pinned,Device,NVIDIA A100-SXM4-40GB MIG 4g.20gb (0),1,,13,[CUDA memcpy Host-to-Device]
6192334846,46720,441737,,,,,,,,,,35.810,766475.528,Device,,NVIDIA A100-SXM4-40GB MIG 4g.20gb (0),1,,13,[CUDA memset]
6192389085,10080,441739,,,,,,,,,,0.000,7.936,Pinned,Device,NVIDIA A100-SXM4-40GB MIG 4g.20gb (0),1,,13,[CUDA memcpy Host-to-Device]
6192408605,21664,441740,,,,,,,,,,0.197,9075.229,Pinned,Device,NVIDIA A100-SXM4-40GB MIG 4g.20gb (0),1,,13,[CUDA memcpy Host-to-Device]
6192452893,9824,441741,273,1,1,48,1,1,40,0.000,0.001,,,,,NVIDIA A100-SXM4-40GB MIG 4g.20gb (0),1,,13,"void pusch_noise_intf_est::noiseIntfEstNoDftSOfdmKernel<float, __half, float, float, (unsigned int)2, (unsigned int)1, (unsigned char)4, (unsigned char)4>(pusch_noise_intf_est::puschRxNoiseIntfEstDynDescr)"
6192479772,2560,441752,35,1,1,128,1,1,16,0.000,0.000,,,,,NVIDIA A100-SXM4-40GB MIG 4g.20gb (0),1,,13,cupy_copy__complex64_complex64
6192492732,1760,441761,1,1,1,1,1,1,18,0.000,0.000,,,,,NVIDIA A100-SXM4-40GB MIG 4g.20gb (0),1,,13,cupy_copy__float32_float32
6192497948,7392,441767,,,,,,,,,,0.000,0.541,Device,Pageable,NVIDIA A100-SXM4-40GB MIG 4g.20gb (0),1,,7,[CUDA memcpy Device-to-Host]
6192580603,13024,441778,1434,1,1,128,1,1,16,0.000,0.000,,,,,NVIDIA A100-SXM4-40GB MIG 4g.20gb (0),1,,13,cupy_copy__complex64_complex64
6192617947,2816,441785,103,1,1,128,1,1,16,0.000,0.000,,,,,NVIDIA A100-SXM4-40GB MIG 4g.20gb (0),1,,13,cupy_copy__complex64_complex64
6192629338,2528,441792,35,1,1,128,1,1,16,0.000,0.000,,,,,NVIDIA A100-SXM4-40GB MIG 4g.20gb (0),1,,13,cupy_copy__complex64_complex64
6192645658,1792,441799,1,1,1,1,1,1,18,0.000,0.000,,,,,NVIDIA A100-SXM4-40GB MIG 4g.20gb (0),1,,13,cupy_copy__float32_float32
6192774585,82399,441810,1,1,1,32,32,1,30,0.000,0.000,,,,,NVIDIA A100-SXM4-40GB MIG 4g.20gb (0),1,,13,"void convert_kernel<__half2, float2>(tensor_layout_any, T1 *, tensor_layout_any, const T2 *)"
6192885335,5632,441813,,,,,,,,,,0.094,16636.287,Pinned,Device,NVIDIA A100-SXM4-40GB MIG 4g.20gb (0),1,,13,[CUDA memcpy Host-to-Device]
6192900759,3296,441814,,,,,,,,,,1.547,469242.628,Device,,NVIDIA A100-SXM4-40GB MIG 4g.20gb (0),1,,13,[CUDA memset]
6192906999,2976,441819,,,,,,,,,,0.031,10516.113,Pinned,Device,NVIDIA A100-SXM4-40GB MIG 4g.20gb (0),1,,13,[CUDA memcpy Host-to-Device]
6192912407,9824,441820,,,,,,,,,,0.197,20012.925,Pinned,Device,NVIDIA A100-SXM4-40GB MIG 4g.20gb (0),1,,13,[CUDA memcpy Host-to-Device]
6192928055,6112,441821,273,1,1,8,4,1,39,0.002,0.000,,,,,NVIDIA A100-SXM4-40GB MIG 4g.20gb (0),1,,13,"void channel_eq::eqMmseCoefCompLowMimoKernel<float, float, float, (unsigned int)4, (unsigned int)1, (unsigned int)4>(const channel_eq::_puschRxChEqStatDescr *, channel_eq::_puschRxChEqCoefCompDynDescr)"
6192937655,5536,441822,273,1,1,12,11,1,51,0.002,0.000,,,,,NVIDIA A100-SXM4-40GB MIG 4g.20gb (0),1,,13,"void channel_eq::eqMmseSoftDemapKernel<float, __half, __half, float, (unsigned int)4, (unsigned short)16383>(channel_eq::_puschRxChEqStatDescr *, channel_eq::_puschRxChEqSoftDemapDynDescr)"
6192944919,282300,441823,1,1,1,32,32,1,30,0.000,0.000,,,,,NVIDIA A100-SXM4-40GB MIG 4g.20gb (0),1,,13,"void convert_kernel<float2, __half2>(tensor_layout_any, T1 *, tensor_layout_any, const T2 *)"
6193228371,11008,441835,2253,1,1,128,1,1,16,0.000,0.000,,,,,NVIDIA A100-SXM4-40GB MIG 4g.20gb (0),1,,13,cupy_copy__float16_float16
6193243443,3456,441844,282,1,1,128,1,1,16,0.000,0.000,,,,,NVIDIA A100-SXM4-40GB MIG 4g.20gb (0),1,,13,cupy_copy__complex64_complex64
6193249331,2272,441853,26,1,1,128,1,1,16,0.000,0.000,,,,,NVIDIA A100-SXM4-40GB MIG 4g.20gb (0),1,,13,cupy_copy__float32_float32
6193254419,2880,441862,103,1,1,128,1,1,16,0.000,0.000,,,,,NVIDIA A100-SXM4-40GB MIG 4g.20gb (0),1,,13,cupy_copy__complex64_complex64
6193258739,12256,441872,1434,1,1,128,1,1,16,0.000,0.000,,,,,NVIDIA A100-SXM4-40GB MIG 4g.20gb (0),1,,13,cupy_copy__complex64_complex64
6193277458,82079,441877,1,1,1,32,32,1,30,0.000,0.000,,,,,NVIDIA A100-SXM4-40GB MIG 4g.20gb (0),1,,13,"void convert_kernel<__half2, float2>(tensor_layout_any, T1 *, tensor_layout_any, const T2 *)"
6193389233,5632,441880,,,,,,,,,,0.094,16636.287,Pinned,Device,NVIDIA A100-SXM4-40GB MIG 4g.20gb (0),1,,13,[CUDA memcpy Host-to-Device]
6193400017,598457,441881,,,,,,,,,,456.561,762457.605,Device,,NVIDIA A100-SXM4-40GB MIG 4g.20gb (0),1,,13,[CUDA memset]
6194002890,72159,441886,,,,,,,,,,1.235,17113.854,Pinned,Device,NVIDIA A100-SXM4-40GB MIG 4g.20gb (0),1,,13,[CUDA memcpy Host-to-Device]
6194081225,17279,441887,,,,,,,,,,0.197,11378.295,Pinned,Device,NVIDIA A100-SXM4-40GB MIG 4g.20gb (0),1,,13,[CUDA memcpy Host-to-Device]
6194111656,8768,441888,69,4,1,48,1,1,76,0.002,0.000,,,,,NVIDIA A100-SXM4-40GB MIG 4g.20gb (0),1,,13,"void ch_est::windowedChEstPreNoDftSOfdmKernel<float, __half, float, (unsigned int)2, (unsigned int)1, (unsigned short)4>(ch_est::puschRxChEstStatDescr_t *, ch_est::puschRxChEstDynDescr_t *)"
6194127464,7072,441889,137,2,1,24,2,1,44,0.001,0.001,,,,,NVIDIA A100-SXM4-40GB MIG 4g.20gb (0),1,,13,"void ch_est::chEstFilterNoDftSOfdmDispatchKernel<float, __half, float, (unsigned int)2>(ch_est::puschRxChEstStatDescr_t *, ch_est::puschRxChEstDynDescr_t *)"
6194141928,4992,441890,137,2,1,24,2,1,44,0.001,0.001,,,,,NVIDIA A100-SXM4-40GB MIG 4g.20gb (0),1,,13,"void ch_est::chEstFilterNoDftSOfdmDispatchKernel<float, __half, float, (unsigned int)2>(ch_est::puschRxChEstStatDescr_t *, ch_est::puschRxChEstDynDescr_t *)"
6194154376,2720,441901,103,1,1,128,1,1,16,0.000,0.000,,,,,NVIDIA A100-SXM4-40GB MIG 4g.20gb (0),1,,13,cupy_copy__complex64_complex64
6194162696,12863,441911,1434,1,1,128,1,1,16,0.000,0.000,,,,,NVIDIA A100-SXM4-40GB MIG 4g.20gb (0),1,,13,cupy_copy__complex64_complex64
6194179687,3008,441918,103,1,1,128,1,1,16,0.000,0.000,,,,,NVIDIA A100-SXM4-40GB MIG 4g.20gb (0),1,,13,cupy_copy__complex64_complex64
6194190631,81759,441925,1,1,1,32,32,1,30,0.000,0.000,,,,,NVIDIA A100-SXM4-40GB MIG 4g.20gb (0),1,,13,"void convert_kernel<__half2, float2>(tensor_layout_any, T1 *, tensor_layout_any, const T2 *)"
6194302534,13472,441928,,,,,,,,,,0.094,6954.867,Pinned,Device,NVIDIA A100-SXM4-40GB MIG 4g.20gb (0),1,,13,[CUDA memcpy Host-to-Device]
6194330117,46688,441929,,,,,,,,,,35.810,766976.867,Device,,NVIDIA A100-SXM4-40GB MIG 4g.20gb (0),1,,13,[CUDA memset]
6194378117,9376,441931,,,,,,,,,,0.000,8.532,Pinned,Device,NVIDIA A100-SXM4-40GB MIG 4g.20gb (0),1,,13,[CUDA memcpy Host-to-Device]
6194392101,20639,441932,,,,,,,,,,0.197,9525.854,Pinned,Device,NVIDIA A100-SXM4-40GB MIG 4g.20gb (0),1,,13,[CUDA memcpy Host-to-Device]
6194430308,11232,441933,273,1,1,48,1,1,40,0.000,0.001,,,,,NVIDIA A100-SXM4-40GB MIG 4g.20gb (0),1,,13,"void pusch_noise_intf_est::noiseIntfEstNoDftSOfdmKernel<float, __half, float, float, (unsigned int)2, (unsigned int)1, (unsigned char)4, (unsigned char)4>(pusch_noise_intf_est::puschRxNoiseIntfEstDynDescr)"
6194452580,2592,441944,35,1,1,128,1,1,16,0.000,0.000,,,,,NVIDIA A100-SXM4-40GB MIG 4g.20gb (0),1,,13,cupy_copy__complex64_complex64
6194466948,1760,441953,1,1,1,1,1,1,18,0.000,0.000,,,,,NVIDIA A100-SXM4-40GB MIG 4g.20gb (0),1,,13,cupy_copy__float32_float32
6194472196,2720,441959,,,,,,,,,,0.000,1.471,Device,Pageable,NVIDIA A100-SXM4-40GB MIG 4g.20gb (0),1,,7,[CUDA memcpy Device-to-Host]
6194555171,12832,441970,1434,1,1,128,1,1,16,0.000,0.000,,,,,NVIDIA A100-SXM4-40GB MIG 4g.20gb (0),1,,13,cupy_copy__complex64_complex64
6194584450,3456,441977,103,1,1,128,1,1,16,0.000,0.000,,,,,NVIDIA A100-SXM4-40GB MIG 4g.20gb (0),1,,13,cupy_copy__complex64_complex64
6194597794,2496,441984,35,1,1,128,1,1,16,0.000,0.000,,,,,NVIDIA A100-SXM4-40GB MIG 4g.20gb (0),1,,13,cupy_copy__complex64_complex64
6194622082,1952,441991,1,1,1,1,1,1,18,0.000,0.000,,,,,NVIDIA A100-SXM4-40GB MIG 4g.20gb (0),1,,13,cupy_copy__float32_float32
6194753632,89023,442002,1,1,1,32,32,1,30,0.000,0.000,,,,,NVIDIA A100-SXM4-40GB MIG 4g.20gb (0),1,,13,"void convert_kernel<__half2, float2>(tensor_layout_any, T1 *, tensor_layout_any, const T2 *)"
6194880319,11104,442005,,,,,,,,,,0.094,8437.981,Pinned,Device,NVIDIA A100-SXM4-40GB MIG 4g.20gb (0),1,,13,[CUDA memcpy Host-to-Device]
6194902270,3456,442006,,,,,,,,,,1.547,447517.201,Device,,NVIDIA A100-SXM4-40GB MIG 4g.20gb (0),1,,13,[CUDA memset]
6194909118,3968,442011,,,,,,,,,,0.031,7887.093,Pinned,Device,NVIDIA A100-SXM4-40GB MIG 4g.20gb (0),1,,13,[CUDA memcpy Host-to-Device]
6194915934,10336,442012,,,,,,,,,,0.197,19021.627,Pinned,Device,NVIDIA A100-SXM4-40GB MIG 4g.20gb (0),1,,13,[CUDA memcpy Host-to-Device]
6194933598,5984,442013,273,1,1,8,4,1,39,0.002,0.000,,,,,NVIDIA A100-SXM4-40GB MIG 4g.20gb (0),1,,13,"void channel_eq::eqMmseCoefCompLowMimoKernel<float, float, float, (unsigned int)4, (unsigned int)1, (unsigned int)4>(const channel_eq::_puschRxChEqStatDescr *, channel_eq::_puschRxChEqCoefCompDynDescr)"
6194941182,5728,442014,273,1,1,12,11,1,51,0.002,0.000,,,,,NVIDIA A100-SXM4-40GB MIG 4g.20gb (0),1,,13,"void channel_eq::eqMmseSoftDemapKernel<float, __half, __half, float, (unsigned int)4, (unsigned short)16383>(channel_eq::_puschRxChEqStatDescr *, channel_eq::_puschRxChEqSoftDemapDynDescr)"
6194949182,289788,442015,1,1,1,32,32,1,30,0.000,0.000,,,,,NVIDIA A100-SXM4-40GB MIG 4g.20gb (0),1,,13,"void convert_kernel<float2, __half2>(tensor_layout_any, T1 *, tensor_layout_any, const T2 *)"
6195240026,11008,442027,2253,1,1,128,1,1,16,0.000,0.000,,,,,NVIDIA A100-SXM4-40GB MIG 4g.20gb (0),1,,13,cupy_copy__float16_float16
6195253658,3712,442036,282,1,1,128,1,1,16,0.000,0.000,,,,,NVIDIA A100-SXM4-40GB MIG 4g.20gb (0),1,,13,cupy_copy__complex64_complex64
6195260154,2112,442045,26,1,1,128,1,1,16,0.000,0.000,,,,,NVIDIA A100-SXM4-40GB MIG 4g.20gb (0),1,,13,cupy_copy__float32_float32
6195265178,3200,442054,103,1,1,128,1,1,16,0.000,0.000,,,,,NVIDIA A100-SXM4-40GB MIG 4g.20gb (0),1,,13,cupy_copy__complex64_complex64
6195269338,11968,442064,1434,1,1,128,1,1,16,0.000,0.000,,,,,NVIDIA A100-SXM4-40GB MIG 4g.20gb (0),1,,13,cupy_copy__complex64_complex64
6195285594,86879,442069,1,1,1,32,32,1,30,0.000,0.000,,,,,NVIDIA A100-SXM4-40GB MIG 4g.20gb (0),1,,13,"void convert_kernel<__half2, float2>(tensor_layout_any, T1 *, tensor_layout_any, const T2 *)"
6195399480,5824,442072,,,,,,,,,,0.094,16087.884,Pinned,Device,NVIDIA A100-SXM4-40GB MIG 4g.20gb (0),1,,13,[CUDA memcpy Host-to-Device]
6195409432,597273,442073,,,,,,,,,,456.561,764283.851,Device,,NVIDIA A100-SXM4-40GB MIG 4g.20gb (0),1,,13,[CUDA memset]
6196017745,127134,442078,,,,,,,,,,1.235,9712.835,Pinned,Device,NVIDIA A100-SXM4-40GB MIG 4g.20gb (0),1,,13,[CUDA memcpy Host-to-Device]
6196157423,39999,442079,,,,,,,,,,0.197,4915.200,Pinned,Device,NVIDIA A100-SXM4-40GB MIG 4g.20gb (0),1,,13,[CUDA memcpy Host-to-Device]
6196213998,8256,442080,69,4,1,48,1,1,76,0.002,0.000,,,,,NVIDIA A100-SXM4-40GB MIG 4g.20gb (0),1,,13,"void ch_est::windowedChEstPreNoDftSOfdmKernel<float, __half, float, (unsigned int)2, (unsigned int)1, (unsigned short)4>(ch_est::puschRxChEstStatDescr_t *, ch_est::puschRxChEstDynDescr_t *)"
6196231310,6464,442081,137,2,1,24,2,1,44,0.001,0.001,,,,,NVIDIA A100-SXM4-40GB MIG 4g.20gb (0),1,,13,"void ch_est::chEstFilterNoDftSOfdmDispatchKernel<float, __half, float, (unsigned int)2>(ch_est::puschRxChEstStatDescr_t *, ch_est::puschRxChEstDynDescr_t *)"
6196247086,4736,442082,137,2,1,24,2,1,44,0.001,0.001,,,,,NVIDIA A100-SXM4-40GB MIG 4g.20gb (0),1,,13,"void ch_est::chEstFilterNoDftSOfdmDispatchKernel<float, __half, float, (unsigned int)2>(ch_est::puschRxChEstStatDescr_t *, ch_est::puschRxChEstDynDescr_t *)"
6196262414,2656,442093,103,1,1,128,1,1,16,0.000,0.000,,,,,NVIDIA A100-SXM4-40GB MIG 4g.20gb (0),1,,13,cupy_copy__complex64_complex64
6196276877,12448,442103,1434,1,1,128,1,1,16,0.000,0.000,,,,,NVIDIA A100-SXM4-40GB MIG 4g.20gb (0),1,,13,cupy_copy__complex64_complex64
6196308717,2400,442110,103,1,1,128,1,1,16,0.000,0.000,,,,,NVIDIA A100-SXM4-40GB MIG 4g.20gb (0),1,,13,cupy_copy__complex64_complex64
6196319949,83423,442117,1,1,1,32,32,1,30,0.000,0.000,,,,,NVIDIA A100-SXM4-40GB MIG 4g.20gb (0),1,,13,"void convert_kernel<__half2, float2>(tensor_layout_any, T1 *, tensor_layout_any, const T2 *)"
6196430540,5696,442120,,,,,,,,,,0.094,16449.363,Pinned,Device,NVIDIA A100-SXM4-40GB MIG 4g.20gb (0),1,,13,[CUDA memcpy Host-to-Device]
6196443179,48064,442121,,,,,,,,,,35.810,745025.386,Device,,NVIDIA A100-SXM4-40GB MIG 4g.20gb (0),1,,13,[CUDA memset]
6196496299,4224,442123,,,,,,,,,,0.000,18.939,Pinned,Device,NVIDIA A100-SXM4-40GB MIG 4g.20gb (0),1,,13,[CUDA memcpy Host-to-Device]
6196505419,12800,442124,,,,,,,,,,0.197,15360.000,Pinned,Device,NVIDIA A100-SXM4-40GB MIG 4g.20gb (0),1,,13,[CUDA memcpy Host-to-Device]
6196526666,10240,442125,273,1,1,48,1,1,40,0.000,0.001,,,,,NVIDIA A100-SXM4-40GB MIG 4g.20gb (0),1,,13,"void pusch_noise_intf_est::noiseIntfEstNoDftSOfdmKernel<float, __half, float, float, (unsigned int)2, (unsigned int)1, (unsigned char)4, (unsigned char)4>(pusch_noise_intf_est::puschRxNoiseIntfEstDynDescr)"
6196541290,2912,442136,35,1,1,128,1,1,16,0.000,0.000,,,,,NVIDIA A100-SXM4-40GB MIG 4g.20gb (0),1,,13,cupy_copy__complex64_complex64
6196552714,1792,442145,1,1,1,1,1,1,18,0.000,0.000,,,,,NVIDIA A100-SXM4-40GB MIG 4g.20gb (0),1,,13,cupy_copy__float32_float32
6196584362,1600,442151,,,,,,,,,,0.000,2.500,Device,Pageable,NVIDIA A100-SXM4-40GB MIG 4g.20gb (0),1,,7,[CUDA memcpy Device-to-Host]
6196644393,12928,442162,1434,1,1,128,1,1,16,0.000,0.000,,,,,NVIDIA A100-SXM4-40GB MIG 4g.20gb (0),1,,13,cupy_copy__complex64_complex64
6196670793,3424,442169,103,1,1,128,1,1,16,0.000,0.000,,,,,NVIDIA A100-SXM4-40GB MIG 4g.20gb (0),1,,13,cupy_copy__complex64_complex64
6196693256,2592,442176,35,1,1,128,1,1,16,0.000,0.000,,,,,NVIDIA A100-SXM4-40GB MIG 4g.20gb (0),1,,13,cupy_copy__complex64_complex64
6196709800,1824,442183,1,1,1,1,1,1,18,0.000,0.000,,,,,NVIDIA A100-SXM4-40GB MIG 4g.20gb (0),1,,13,cupy_copy__float32_float32
6196839655,82175,442194,1,1,1,32,32,1,30,0.000,0.000,,,,,NVIDIA A100-SXM4-40GB MIG 4g.20gb (0),1,,13,"void convert_kernel<__half2, float2>(tensor_layout_any, T1 *, tensor_layout_any, const T2 *)"
6196950117,5888,442197,,,,,,,,,,0.094,15912.954,Pinned,Device,NVIDIA A100-SXM4-40GB MIG 4g.20gb (0),1,,13,[CUDA memcpy Host-to-Device]
6196964261,3328,442198,,,,,,,,,,1.547,464729.580,Device,,NVIDIA A100-SXM4-40GB MIG 4g.20gb (0),1,,13,[CUDA memset]
6196971173,3008,442203,,,,,,,,,,0.031,10404.230,Pinned,Device,NVIDIA A100-SXM4-40GB MIG 4g.20gb (0),1,,13,[CUDA memcpy Host-to-Device]
6196976741,10144,442204,,,,,,,,,,0.197,19381.617,Pinned,Device,NVIDIA A100-SXM4-40GB MIG 4g.20gb (0),1,,13,[CUDA memcpy Host-to-Device]
6196991493,6272,442205,273,1,1,8,4,1,39,0.002,0.000,,,,,NVIDIA A100-SXM4-40GB MIG 4g.20gb (0),1,,13,"void channel_eq::eqMmseCoefCompLowMimoKernel<float, float, float, (unsigned int)4, (unsigned int)1, (unsigned int)4>(const channel_eq::_puschRxChEqStatDescr *, channel_eq::_puschRxChEqCoefCompDynDescr)"
6197001125,5855,442206,273,1,1,12,11,1,51,0.002,0.000,,,,,NVIDIA A100-SXM4-40GB MIG 4g.20gb (0),1,,13,"void channel_eq::eqMmseSoftDemapKernel<float, __half, __half, float, (unsigned int)4, (unsigned short)16383>(channel_eq::_puschRxChEqStatDescr *, channel_eq::_puschRxChEqSoftDemapDynDescr)"
6197008004,291261,442207,1,1,1,32,32,1,30,0.000,0.000,,,,,NVIDIA A100-SXM4-40GB MIG 4g.20gb (0),1,,13,"void convert_kernel<float2, __half2>(tensor_layout_any, T1 *, tensor_layout_any, const T2 *)"
6197300417,11072,442219,2253,1,1,128,1,1,16,0.000,0.000,,,,,NVIDIA A100-SXM4-40GB MIG 4g.20gb (0),1,,13,cupy_copy__float16_float16
6197313121,3648,442228,282,1,1,128,1,1,16,0.000,0.000,,,,,NVIDIA A100-SXM4-40GB MIG 4g.20gb (0),1,,13,cupy_copy__complex64_complex64
6197318817,2048,442237,26,1,1,128,1,1,16,0.000,0.000,,,,,NVIDIA A100-SXM4-40GB MIG 4g.20gb (0),1,,13,cupy_copy__float32_float32
6197323873,2944,442246,103,1,1,128,1,1,16,0.000,0.000,,,,,NVIDIA A100-SXM4-40GB MIG 4g.20gb (0),1,,13,cupy_copy__complex64_complex64
6197327841,12063,442256,1434,1,1,128,1,1,16,0.000,0.000,,,,,NVIDIA A100-SXM4-40GB MIG 4g.20gb (0),1,,13,cupy_copy__complex64_complex64
6197342528,86911,442261,1,1,1,32,32,1,30,0.000,0.000,,,,,NVIDIA A100-SXM4-40GB MIG 4g.20gb (0),1,,13,"void convert_kernel<__half2, float2>(tensor_layout_any, T1 *, tensor_layout_any, const T2 *)"
6197456991,5536,442264,,,,,,,,,,0.094,16924.777,Pinned,Device,NVIDIA A100-SXM4-40GB MIG 4g.20gb (0),1,,13,[CUDA memcpy Host-to-Device]
6197466911,599416,442265,,,,,,,,,,456.561,761544.482,Device,,NVIDIA A100-SXM4-40GB MIG 4g.20gb (0),1,,13,[CUDA memset]
6198076087,138911,442270,,,,,,,,,,1.235,8889.127,Pinned,Device,NVIDIA A100-SXM4-40GB MIG 4g.20gb (0),1,,13,[CUDA memcpy Host-to-Device]
6198227733,39584,442271,,,,,,,,,,0.197,4966.711,Pinned,Device,NVIDIA A100-SXM4-40GB MIG 4g.20gb (0),1,,13,[CUDA memcpy Host-to-Device]
6198296757,7775,442272,69,4,1,48,1,1,76,0.002,0.000,,,,,NVIDIA A100-SXM4-40GB MIG 4g.20gb (0),1,,13,"void ch_est::windowedChEstPreNoDftSOfdmKernel<float, __half, float, (unsigned int)2, (unsigned int)1, (unsigned short)4>(ch_est::puschRxChEstStatDescr_t *, ch_est::puschRxChEstDynDescr_t *)"
6198316212,6624,442273,137,2,1,24,2,1,44,0.001,0.001,,,,,NVIDIA A100-SXM4-40GB MIG 4g.20gb (0),1,,13,"void ch_est::chEstFilterNoDftSOfdmDispatchKernel<float, __half, float, (unsigned int)2>(ch_est::puschRxChEstStatDescr_t *, ch_est::puschRxChEstDynDescr_t *)"
6198333012,4736,442274,137,2,1,24,2,1,44,0.001,0.001,,,,,NVIDIA A100-SXM4-40GB MIG 4g.20gb (0),1,,13,"void ch_est::chEstFilterNoDftSOfdmDispatchKernel<float, __half, float, (unsigned int)2>(ch_est::puschRxChEstStatDescr_t *, ch_est::puschRxChEstDynDescr_t *)"
6198350644,2464,442285,103,1,1,128,1,1,16,0.000,0.000,,,,,NVIDIA A100-SXM4-40GB MIG 4g.20gb (0),1,,13,cupy_copy__complex64_complex64
6198368212,12160,442295,1434,1,1,128,1,1,16,0.000,0.000,,,,,NVIDIA A100-SXM4-40GB MIG 4g.20gb (0),1,,13,cupy_copy__complex64_complex64
6198387571,2944,442302,103,1,1,128,1,1,16,0.000,0.000,,,,,NVIDIA A100-SXM4-40GB MIG 4g.20gb (0),1,,13,cupy_copy__complex64_complex64
6198409107,90399,442309,1,1,1,32,32,1,30,0.000,0.000,,,,,NVIDIA A100-SXM4-40GB MIG 4g.20gb (0),1,,13,"void convert_kernel<__half2, float2>(tensor_layout_any, T1 *, tensor_layout_any, const T2 *)"
6198533682,24735,442312,,,,,,,,,,0.094,3787.942,Pinned,Device,NVIDIA A100-SXM4-40GB MIG 4g.20gb (0),1,,13,[CUDA memcpy Host-to-Device]
6198572945,46592,442313,,,,,,,,,,35.810,768552.503,Device,,NVIDIA A100-SXM4-40GB MIG 4g.20gb (0),1,,13,[CUDA memset]
6198625488,10784,442315,,,,,,,,,,0.000,7.418,Pinned,Device,NVIDIA A100-SXM4-40GB MIG 4g.20gb (0),1,,13,[CUDA memcpy Host-to-Device]
6198645968,21824,442316,,,,,,,,,,0.197,9008.775,Pinned,Device,NVIDIA A100-SXM4-40GB MIG 4g.20gb (0),1,,13,[CUDA memcpy Host-to-Device]
6198679792,11680,442317,273,1,1,48,1,1,40,0.000,0.001,,,,,NVIDIA A100-SXM4-40GB MIG 4g.20gb (0),1,,13,"void pusch_noise_intf_est::noiseIntfEstNoDftSOfdmKernel<float, __half, float, float, (unsigned int)2, (unsigned int)1, (unsigned char)4, (unsigned char)4>(pusch_noise_intf_est::puschRxNoiseIntfEstDynDescr)"
6198695824,3040,442328,35,1,1,128,1,1,16,0.000,0.000,,,,,NVIDIA A100-SXM4-40GB MIG 4g.20gb (0),1,,13,cupy_copy__complex64_complex64
6198703312,2368,442337,1,1,1,1,1,1,18,0.000,0.000,,,,,NVIDIA A100-SXM4-40GB MIG 4g.20gb (0),1,,13,cupy_copy__float32_float32
6198711183,2816,442343,,,,,,,,,,0.000,1.420,Device,Pageable,NVIDIA A100-SXM4-40GB MIG 4g.20gb (0),1,,7,[CUDA memcpy Device-to-Host]
6198775695,12799,442354,1434,1,1,128,1,1,16,0.000,0.000,,,,,NVIDIA A100-SXM4-40GB MIG 4g.20gb (0),1,,13,cupy_copy__complex64_complex64
6198801870,2624,442361,103,1,1,128,1,1,16,0.000,0.000,,,,,NVIDIA A100-SXM4-40GB MIG 4g.20gb (0),1,,13,cupy_copy__complex64_complex64
6198822798,2400,442368,35,1,1,128,1,1,16,0.000,0.000,,,,,NVIDIA A100-SXM4-40GB MIG 4g.20gb (0),1,,13,cupy_copy__complex64_complex64
6198847214,1984,442375,1,1,1,1,1,1,18,0.000,0.000,,,,,NVIDIA A100-SXM4-40GB MIG 4g.20gb (0),1,,13,cupy_copy__float32_float32
6198980684,81727,442386,1,1,1,32,32,1,30,0.000,0.000,,,,,NVIDIA A100-SXM4-40GB MIG 4g.20gb (0),1,,13,"void convert_kernel<__half2, float2>(tensor_layout_any, T1 *, tensor_layout_any, const T2 *)"
6199090027,5760,442389,,,,,,,,,,0.094,16266.656,Pinned,Device,NVIDIA A100-SXM4-40GB MIG 4g.20gb (0),1,,13,[CUDA memcpy Host-to-Device]
6199103179,3264,442390,,,,,,,,,,1.547,473842.288,Device,,NVIDIA A100-SXM4-40GB MIG 4g.20gb (0),1,,13,[CUDA memset]
6199110027,3103,442395,,,,,,,,,,0.031,10085.699,Pinned,Device,NVIDIA A100-SXM4-40GB MIG 4g.20gb (0),1,,13,[CUDA memcpy Host-to-Device]
6199115786,9664,442396,,,,,,,,,,0.197,20344.209,Pinned,Device,NVIDIA A100-SXM4-40GB MIG 4g.20gb (0),1,,13,[CUDA memcpy Host-to-Device]
6199130442,6048,442397,273,1,1,8,4,1,39,0.002,0.000,,,,,NVIDIA A100-SXM4-40GB MIG 4g.20gb (0),1,,13,"void channel_eq::eqMmseCoefCompLowMimoKernel<float, float, float, (unsigned int)4, (unsigned int)1, (unsigned int)4>(const channel_eq::_puschRxChEqStatDescr *, channel_eq::_puschRxChEqCoefCompDynDescr)"
6199137642,7936,442398,273,1,1,12,11,1,51,0.002,0.000,,,,,NVIDIA A100-SXM4-40GB MIG 4g.20gb (0),1,,13,"void channel_eq::eqMmseSoftDemapKernel<float, __half, __half, float, (unsigned int)4, (unsigned short)16383>(channel_eq::_puschRxChEqStatDescr *, channel_eq::_puschRxChEqSoftDemapDynDescr)"
6199148074,282589,442399,1,1,1,32,32,1,30,0.000,0.000,,,,,NVIDIA A100-SXM4-40GB MIG 4g.20gb (0),1,,13,"void convert_kernel<float2, __half2>(tensor_layout_any, T1 *, tensor_layout_any, const T2 *)"
6199432231,10975,442411,2253,1,1,128,1,1,16,0.000,0.000,,,,,NVIDIA A100-SXM4-40GB MIG 4g.20gb (0),1,,13,cupy_copy__float16_float16
6199445126,3168,442420,282,1,1,128,1,1,16,0.000,0.000,,,,,NVIDIA A100-SXM4-40GB MIG 4g.20gb (0),1,,13,cupy_copy__complex64_complex64
6199449702,2112,442429,26,1,1,128,1,1,16,0.000,0.000,,,,,NVIDIA A100-SXM4-40GB MIG 4g.20gb (0),1,,13,cupy_copy__float32_float32
6199455174,3072,442438,103,1,1,128,1,1,16,0.000,0.000,,,,,NVIDIA A100-SXM4-40GB MIG 4g.20gb (0),1,,13,cupy_copy__complex64_complex64
6199459302,12448,442448,1434,1,1,128,1,1,16,0.000,0.000,,,,,NVIDIA A100-SXM4-40GB MIG 4g.20gb (0),1,,13,cupy_copy__complex64_complex64
6199479270,82271,442453,1,1,1,32,32,1,30,0.000,0.000,,,,,NVIDIA A100-SXM4-40GB MIG 4g.20gb (0),1,,13,"void convert_kernel<__half2, float2>(tensor_layout_any, T1 *, tensor_layout_any, const T2 *)"
6199588101,5568,442456,,,,,,,,,,0.094,16827.521,Pinned,Device,NVIDIA A100-SXM4-40GB MIG 4g.20gb (0),1,,13,[CUDA memcpy Host-to-Device]
6199599300,597049,442457,,,,,,,,,,456.561,764283.851,Device,,NVIDIA A100-SXM4-40GB MIG 4g.20gb (0),1,,13,[CUDA memset]
6200196829,159998,442462,,,,,,,,,,1.235,7718.400,Pinned,Device,NVIDIA A100-SXM4-40GB MIG 4g.20gb (0),1,,13,[CUDA memcpy Host-to-Device]
6200370299,40287,442463,,,,,,,,,,0.197,4880.007,Pinned,Device,NVIDIA A100-SXM4-40GB MIG 4g.20gb (0),1,,13,[CUDA memcpy Host-to-Device]
6200432218,8576,442464,69,4,1,48,1,1,76,0.002,0.000,,,,,NVIDIA A100-SXM4-40GB MIG 4g.20gb (0),1,,13,"void ch_est::windowedChEstPreNoDftSOfdmKernel<float, __half, float, (unsigned int)2, (unsigned int)1, (unsigned short)4>(ch_est::puschRxChEstStatDescr_t *, ch_est::puschRxChEstDynDescr_t *)"
6200450202,6592,442465,137,2,1,24,2,1,44,0.001,0.001,,,,,NVIDIA A100-SXM4-40GB MIG 4g.20gb (0),1,,13,"void ch_est::chEstFilterNoDftSOfdmDispatchKernel<float, __half, float, (unsigned int)2>(ch_est::puschRxChEstStatDescr_t *, ch_est::puschRxChEstDynDescr_t *)"
6200467578,4736,442466,137,2,1,24,2,1,44,0.001,0.001,,,,,NVIDIA A100-SXM4-40GB MIG 4g.20gb (0),1,,13,"void ch_est::chEstFilterNoDftSOfdmDispatchKernel<float, __half, float, (unsigned int)2>(ch_est::puschRxChEstStatDescr_t *, ch_est::puschRxChEstDynDescr_t *)"
6200484058,2688,442477,103,1,1,128,1,1,16,0.000,0.000,,,,,NVIDIA A100-SXM4-40GB MIG 4g.20gb (0),1,,13,cupy_copy__complex64_complex64
6200501241,12672,442487,1434,1,1,128,1,1,16,0.000,0.000,,,,,NVIDIA A100-SXM4-40GB MIG 4g.20gb (0),1,,13,cupy_copy__complex64_complex64
6200521625,2880,442494,103,1,1,128,1,1,16,0.000,0.000,,,,,NVIDIA A100-SXM4-40GB MIG 4g.20gb (0),1,,13,cupy_copy__complex64_complex64
6200546937,90751,442501,1,1,1,32,32,1,30,0.000,0.000,,,,,NVIDIA A100-SXM4-40GB MIG 4g.20gb (0),1,,13,"void convert_kernel<__half2, float2>(tensor_layout_any, T1 *, tensor_layout_any, const T2 *)"
6200671063,27552,442504,,,,,,,,,,0.094,3400.696,Pinned,Device,NVIDIA A100-SXM4-40GB MIG 4g.20gb (0),1,,13,[CUDA memcpy Host-to-Device]
6200719831,46687,442505,,,,,,,,,,35.810,767012.676,Device,,NVIDIA A100-SXM4-40GB MIG 4g.20gb (0),1,,13,[CUDA memset]
6200770614,10336,442507,,,,,,,,,,0.000,7.740,Pinned,Device,NVIDIA A100-SXM4-40GB MIG 4g.20gb (0),1,,13,[CUDA memcpy Host-to-Device]
6200793110,25407,442508,,,,,,,,,,0.197,7738.294,Pinned,Device,NVIDIA A100-SXM4-40GB MIG 4g.20gb (0),1,,13,[CUDA memcpy Host-to-Device]
6200845013,9728,442509,273,1,1,48,1,1,40,0.000,0.001,,,,,NVIDIA A100-SXM4-40GB MIG 4g.20gb (0),1,,13,"void pusch_noise_intf_est::noiseIntfEstNoDftSOfdmKernel<float, __half, float, float, (unsigned int)2, (unsigned int)1, (unsigned char)4, (unsigned char)4>(pusch_noise_intf_est::puschRxNoiseIntfEstDynDescr)"
6200861493,2816,442520,35,1,1,128,1,1,16,0.000,0.000,,,,,NVIDIA A100-SXM4-40GB MIG 4g.20gb (0),1,,13,cupy_copy__complex64_complex64
6200878229,1696,442529,1,1,1,1,1,1,18,0.000,0.000,,,,,NVIDIA A100-SXM4-40GB MIG 4g.20gb (0),1,,13,cupy_copy__float32_float32
6200881333,8352,442535,,,,,,,,,,0.000,0.479,Device,Pageable,NVIDIA A100-SXM4-40GB MIG 4g.20gb (0),1,,7,[CUDA memcpy Device-to-Host]
6200971636,12671,442546,1434,1,1,128,1,1,16,0.000,0.000,,,,,NVIDIA A100-SXM4-40GB MIG 4g.20gb (0),1,,13,cupy_copy__complex64_complex64
6200993491,3104,442553,103,1,1,128,1,1,16,0.000,0.000,,,,,NVIDIA A100-SXM4-40GB MIG 4g.20gb (0),1,,13,cupy_copy__complex64_complex64
6201025747,2560,442560,35,1,1,128,1,1,16,0.000,0.000,,,,,NVIDIA A100-SXM4-40GB MIG 4g.20gb (0),1,,13,cupy_copy__complex64_complex64
6201042995,1696,442567,1,1,1,1,1,1,18,0.000,0.000,,,,,NVIDIA A100-SXM4-40GB MIG 4g.20gb (0),1,,13,cupy_copy__float32_float32
6201165553,88735,442578,1,1,1,32,32,1,30,0.000,0.000,,,,,NVIDIA A100-SXM4-40GB MIG 4g.20gb (0),1,,13,"void convert_kernel<__half2, float2>(tensor_layout_any, T1 *, tensor_layout_any, const T2 *)"
6201285584,6336,442581,,,,,,,,,,0.094,14787.852,Pinned,Device,NVIDIA A100-SXM4-40GB MIG 4g.20gb (0),1,,13,[CUDA memcpy Host-to-Device]
6201299376,3327,442582,,,,,,,,,,1.547,464870.322,Device,,NVIDIA A100-SXM4-40GB MIG 4g.20gb (0),1,,13,[CUDA memset]
6201305263,3040,442587,,,,,,,,,,0.031,10294.725,Pinned,Device,NVIDIA A100-SXM4-40GB MIG 4g.20gb (0),1,,13,[CUDA memcpy Host-to-Device]
6201310575,9760,442588,,,,,,,,,,0.197,20144.259,Pinned,Device,NVIDIA A100-SXM4-40GB MIG 4g.20gb (0),1,,13,[CUDA memcpy Host-to-Device]
6201325359,6304,442589,273,1,1,8,4,1,39,0.002,0.000,,,,,NVIDIA A100-SXM4-40GB MIG 4g.20gb (0),1,,13,"void channel_eq::eqMmseCoefCompLowMimoKernel<float, float, float, (unsigned int)4, (unsigned int)1, (unsigned int)4>(const channel_eq::_puschRxChEqStatDescr *, channel_eq::_puschRxChEqCoefCompDynDescr)"
6201333999,6304,442590,273,1,1,12,11,1,51,0.002,0.000,,,,,NVIDIA A100-SXM4-40GB MIG 4g.20gb (0),1,,13,"void channel_eq::eqMmseSoftDemapKernel<float, __half, __half, float, (unsigned int)4, (unsigned short)16383>(channel_eq::_puschRxChEqStatDescr *, channel_eq::_puschRxChEqSoftDemapDynDescr)"
6201342863,282908,442591,1,1,1,32,32,1,30,0.000,0.000,,,,,NVIDIA A100-SXM4-40GB MIG 4g.20gb (0),1,,13,"void convert_kernel<float2, __half2>(tensor_layout_any, T1 *, tensor_layout_any, const T2 *)"
6201628971,10976,442603,2253,1,1,128,1,1,16,0.000,0.000,,,,,NVIDIA A100-SXM4-40GB MIG 4g.20gb (0),1,,13,cupy_copy__float16_float16
6201645899,3168,442612,282,1,1,128,1,1,16,0.000,0.000,,,,,NVIDIA A100-SXM4-40GB MIG 4g.20gb (0),1,,13,cupy_copy__complex64_complex64
6201652619,2240,442621,26,1,1,128,1,1,16,0.000,0.000,,,,,NVIDIA A100-SXM4-40GB MIG 4g.20gb (0),1,,13,cupy_copy__float32_float32
6201656491,3648,442630,103,1,1,128,1,1,16,0.000,0.000,,,,,NVIDIA A100-SXM4-40GB MIG 4g.20gb (0),1,,13,cupy_copy__complex64_complex64
6201662987,12288,442640,1434,1,1,128,1,1,16,0.000,0.000,,,,,NVIDIA A100-SXM4-40GB MIG 4g.20gb (0),1,,13,cupy_copy__complex64_complex64
6201677643,80831,442645,1,1,1,32,32,1,30,0.000,0.000,,,,,NVIDIA A100-SXM4-40GB MIG 4g.20gb (0),1,,13,"void convert_kernel<__half2, float2>(tensor_layout_any, T1 *, tensor_layout_any, const T2 *)"
6201784906,5599,442648,,,,,,,,,,0.094,16734.387,Pinned,Device,NVIDIA A100-SXM4-40GB MIG 4g.20gb (0),1,,13,[CUDA memcpy Host-to-Device]
6201796553,602617,442649,,,,,,,,,,456.561,757435.429,Device,,NVIDIA A100-SXM4-40GB MIG 4g.20gb (0),1,,13,[CUDA memset]
6202404002,105695,442654,,,,,,,,,,1.235,11683.805,Pinned,Device,NVIDIA A100-SXM4-40GB MIG 4g.20gb (0),1,,13,[CUDA memcpy Host-to-Device]
6202517984,18592,442655,,,,,,,,,,0.197,10574.758,Pinned,Device,NVIDIA A100-SXM4-40GB MIG 4g.20gb (0),1,,13,[CUDA memcpy Host-to-Device]
6202549856,9280,442656,69,4,1,48,1,1,76,0.002,0.000,,,,,NVIDIA A100-SXM4-40GB MIG 4g.20gb (0),1,,13,"void ch_est::windowedChEstPreNoDftSOfdmKernel<float, __half, float, (unsigned int)2, (unsigned int)1, (unsigned short)4>(ch_est::puschRxChEstStatDescr_t *, ch_est::puschRxChEstDynDescr_t *)"
6202565632,7360,442657,137,2,1,24,2,1,44,0.001,0.001,,,,,NVIDIA A100-SXM4-40GB MIG 4g.20gb (0),1,,13,"void ch_est::chEstFilterNoDftSOfdmDispatchKernel<float, __half, float, (unsigned int)2>(ch_est::puschRxChEstStatDescr_t *, ch_est::puschRxChEstDynDescr_t *)"
6202579328,5184,442658,137,2,1,24,2,1,44,0.001,0.001,,,,,NVIDIA A100-SXM4-40GB MIG 4g.20gb (0),1,,13,"void ch_est::chEstFilterNoDftSOfdmDispatchKernel<float, __half, float, (unsigned int)2>(ch_est::puschRxChEstStatDescr_t *, ch_est::puschRxChEstDynDescr_t *)"
6202591232,2592,442669,103,1,1,128,1,1,16,0.000,0.000,,,,,NVIDIA A100-SXM4-40GB MIG 4g.20gb (0),1,,13,cupy_copy__complex64_complex64
6202597183,12800,442679,1434,1,1,128,1,1,16,0.000,0.000,,,,,NVIDIA A100-SXM4-40GB MIG 4g.20gb (0),1,,13,cupy_copy__complex64_complex64
6202612191,2560,442686,103,1,1,128,1,1,16,0.000,0.000,,,,,NVIDIA A100-SXM4-40GB MIG 4g.20gb (0),1,,13,cupy_copy__complex64_complex64
6202618207,82687,442693,1,1,1,32,32,1,30,0.000,0.000,,,,,NVIDIA A100-SXM4-40GB MIG 4g.20gb (0),1,,13,"void convert_kernel<__half2, float2>(tensor_layout_any, T1 *, tensor_layout_any, const T2 *)"
6202728414,5600,442696,,,,,,,,,,0.094,16731.388,Pinned,Device,NVIDIA A100-SXM4-40GB MIG 4g.20gb (0),1,,13,[CUDA memcpy Host-to-Device]
6202740638,47135,442697,,,,,,,,,,35.810,759707.453,Device,,NVIDIA A100-SXM4-40GB MIG 4g.20gb (0),1,,13,[CUDA memset]
6202789309,4160,442699,,,,,,,,,,0.000,19.231,Pinned,Device,NVIDIA A100-SXM4-40GB MIG 4g.20gb (0),1,,13,[CUDA memcpy Host-to-Device]
6202797661,11520,442700,,,,,,,,,,0.197,17066.557,Pinned,Device,NVIDIA A100-SXM4-40GB MIG 4g.20gb (0),1,,13,[CUDA memcpy Host-to-Device]
6202818109,9536,442701,273,1,1,48,1,1,40,0.000,0.001,,,,,NVIDIA A100-SXM4-40GB MIG 4g.20gb (0),1,,13,"void pusch_noise_intf_est::noiseIntfEstNoDftSOfdmKernel<float, __half, float, float, (unsigned int)2, (unsigned int)1, (unsigned char)4, (unsigned char)4>(pusch_noise_intf_est::puschRxNoiseIntfEstDynDescr)"
6202833533,2912,442712,35,1,1,128,1,1,16,0.000,0.000,,,,,NVIDIA A100-SXM4-40GB MIG 4g.20gb (0),1,,13,cupy_copy__complex64_complex64
6202860124,1792,442721,1,1,1,1,1,1,18,0.000,0.000,,,,,NVIDIA A100-SXM4-40GB MIG 4g.20gb (0),1,,13,cupy_copy__float32_float32
6202891996,1632,442727,,,,,,,,,,0.000,2.451,Device,Pageable,NVIDIA A100-SXM4-40GB MIG 4g.20gb (0),1,,7,[CUDA memcpy Device-to-Host]
6202952699,13056,442738,1434,1,1,128,1,1,16,0.000,0.000,,,,,NVIDIA A100-SXM4-40GB MIG 4g.20gb (0),1,,13,cupy_copy__complex64_complex64
6202979931,3392,442745,103,1,1,128,1,1,16,0.000,0.000,,,,,NVIDIA A100-SXM4-40GB MIG 4g.20gb (0),1,,13,cupy_copy__complex64_complex64
6203000155,2367,442752,35,1,1,128,1,1,16,0.000,0.000,,,,,NVIDIA A100-SXM4-40GB MIG 4g.20gb (0),1,,13,cupy_copy__complex64_complex64
6203019162,1824,442759,1,1,1,1,1,1,18,0.000,0.000,,,,,NVIDIA A100-SXM4-40GB MIG 4g.20gb (0),1,,13,cupy_copy__float32_float32
6203151993,81279,442770,1,1,1,32,32,1,30,0.000,0.000,,,,,NVIDIA A100-SXM4-40GB MIG 4g.20gb (0),1,,13,"void convert_kernel<__half2, float2>(tensor_layout_any, T1 *, tensor_layout_any, const T2 *)"
6203260471,5440,442773,,,,,,,,,,0.094,17223.480,Pinned,Device,NVIDIA A100-SXM4-40GB MIG 4g.20gb (0),1,,13,[CUDA memcpy Host-to-Device]
6203275095,3136,442774,,,,,,,,,,1.547,493182.821,Device,,NVIDIA A100-SXM4-40GB MIG 4g.20gb (0),1,,13,[CUDA memset]
6203281431,3328,442779,,,,,,,,,,0.031,9403.822,Pinned,Device,NVIDIA A100-SXM4-40GB MIG 4g.20gb (0),1,,13,[CUDA memcpy Host-to-Device]
6203287191,9728,442780,,,,,,,,,,0.197,20210.516,Pinned,Device,NVIDIA A100-SXM4-40GB MIG 4g.20gb (0),1,,13,[CUDA memcpy Host-to-Device]
6203303255,6272,442781,273,1,1,8,4,1,39,0.002,0.000,,,,,NVIDIA A100-SXM4-40GB MIG 4g.20gb (0),1,,13,"void channel_eq::eqMmseCoefCompLowMimoKernel<float, float, float, (unsigned int)4, (unsigned int)1, (unsigned int)4>(const channel_eq::_puschRxChEqStatDescr *, channel_eq::_puschRxChEqCoefCompDynDescr)"
6203310615,5824,442782,273,1,1,12,11,1,51,0.002,0.000,,,,,NVIDIA A100-SXM4-40GB MIG 4g.20gb (0),1,,13,"void channel_eq::eqMmseSoftDemapKernel<float, __half, __half, float, (unsigned int)4, (unsigned short)16383>(channel_eq::_puschRxChEqStatDescr *, channel_eq::_puschRxChEqSoftDemapDynDescr)"
6203317463,283164,442783,1,1,1,32,32,1,30,0.000,0.000,,,,,NVIDIA A100-SXM4-40GB MIG 4g.20gb (0),1,,13,"void convert_kernel<float2, __half2>(tensor_layout_any, T1 *, tensor_layout_any, const T2 *)"
6203601619,10944,442795,2253,1,1,128,1,1,16,0.000,0.000,,,,,NVIDIA A100-SXM4-40GB MIG 4g.20gb (0),1,,13,cupy_copy__float16_float16
6203616435,2912,442804,282,1,1,128,1,1,16,0.000,0.000,,,,,NVIDIA A100-SXM4-40GB MIG 4g.20gb (0),1,,13,cupy_copy__complex64_complex64
6203623539,2144,442813,26,1,1,128,1,1,16,0.000,0.000,,,,,NVIDIA A100-SXM4-40GB MIG 4g.20gb (0),1,,13,cupy_copy__float32_float32
6203627347,4128,442822,103,1,1,128,1,1,16,0.000,0.000,,,,,NVIDIA A100-SXM4-40GB MIG 4g.20gb (0),1,,13,cupy_copy__complex64_complex64
6203632499,12224,442832,1434,1,1,128,1,1,16,0.000,0.000,,,,,NVIDIA A100-SXM4-40GB MIG 4g.20gb (0),1,,13,cupy_copy__complex64_complex64
6203652434,86527,442837,1,1,1,32,32,1,30,0.000,0.000,,,,,NVIDIA A100-SXM4-40GB MIG 4g.20gb (0),1,,13,"void convert_kernel<__half2, float2>(tensor_layout_any, T1 *, tensor_layout_any, const T2 *)"
6203766833,6112,442840,,,,,,,,,,0.094,15329.790,Pinned,Device,NVIDIA A100-SXM4-40GB MIG 4g.20gb (0),1,,13,[CUDA memcpy Host-to-Device]
6203777905,599129,442841,,,,,,,,,,456.561,762001.043,Device,,NVIDIA A100-SXM4-40GB MIG 4g.20gb (0),1,,13,[CUDA memset]
6204379402,159038,442846,,,,,,,,,,1.235,7764.093,Pinned,Device,NVIDIA A100-SXM4-40GB MIG 4g.20gb (0),1,,13,[CUDA memcpy Host-to-Device]
6204554663,41536,442847,,,,,,,,,,0.197,4733.338,Pinned,Device,NVIDIA A100-SXM4-40GB MIG 4g.20gb (0),1,,13,[CUDA memcpy Host-to-Device]
6204623846,8160,442848,69,4,1,48,1,1,76,0.002,0.000,,,,,NVIDIA A100-SXM4-40GB MIG 4g.20gb (0),1,,13,"void ch_est::windowedChEstPreNoDftSOfdmKernel<float, __half, float, (unsigned int)2, (unsigned int)1, (unsigned short)4>(ch_est::puschRxChEstStatDescr_t *, ch_est::puschRxChEstDynDescr_t *)"
6204642438,7104,442849,137,2,1,24,2,1,44,0.001,0.001,,,,,NVIDIA A100-SXM4-40GB MIG 4g.20gb (0),1,,13,"void ch_est::chEstFilterNoDftSOfdmDispatchKernel<float, __half, float, (unsigned int)2>(ch_est::puschRxChEstStatDescr_t *, ch_est::puschRxChEstDynDescr_t *)"
6204655622,4736,442850,137,2,1,24,2,1,44,0.001,0.001,,,,,NVIDIA A100-SXM4-40GB MIG 4g.20gb (0),1,,13,"void ch_est::chEstFilterNoDftSOfdmDispatchKernel<float, __half, float, (unsigned int)2>(ch_est::puschRxChEstStatDescr_t *, ch_est::puschRxChEstDynDescr_t *)"
6204672902,2720,442861,103,1,1,128,1,1,16,0.000,0.000,,,,,NVIDIA A100-SXM4-40GB MIG 4g.20gb (0),1,,13,cupy_copy__complex64_complex64
6204683910,12448,442871,1434,1,1,128,1,1,16,0.000,0.000,,,,,NVIDIA A100-SXM4-40GB MIG 4g.20gb (0),1,,13,cupy_copy__complex64_complex64
6204703270,2591,442878,103,1,1,128,1,1,16,0.000,0.000,,,,,NVIDIA A100-SXM4-40GB MIG 4g.20gb (0),1,,13,cupy_copy__complex64_complex64
6204717093,84831,442885,1,1,1,32,32,1,30,0.000,0.000,,,,,NVIDIA A100-SXM4-40GB MIG 4g.20gb (0),1,,13,"void convert_kernel<__half2, float2>(tensor_layout_any, T1 *, tensor_layout_any, const T2 *)"
6204831332,9408,442888,,,,,,,,,,0.094,9959.135,Pinned,Device,NVIDIA A100-SXM4-40GB MIG 4g.20gb (0),1,,13,[CUDA memcpy Host-to-Device]
6204850116,46655,442889,,,,,,,,,,35.810,767514.015,Device,,NVIDIA A100-SXM4-40GB MIG 4g.20gb (0),1,,13,[CUDA memset]
6204904259,3072,442891,,,,,,,,,,0.000,26.042,Pinned,Device,NVIDIA A100-SXM4-40GB MIG 4g.20gb (0),1,,13,[CUDA memcpy Host-to-Device]
6204911491,11296,442892,,,,,,,,,,0.197,17404.920,Pinned,Device,NVIDIA A100-SXM4-40GB MIG 4g.20gb (0),1,,13,[CUDA memcpy Host-to-Device]
6204929187,13088,442893,273,1,1,48,1,1,40,0.000,0.001,,,,,NVIDIA A100-SXM4-40GB MIG 4g.20gb (0),1,,13,"void pusch_noise_intf_est::noiseIntfEstNoDftSOfdmKernel<float, __half, float, float, (unsigned int)2, (unsigned int)1, (unsigned char)4, (unsigned char)4>(pusch_noise_intf_est::puschRxNoiseIntfEstDynDescr)"
6204944067,3040,442904,35,1,1,128,1,1,16,0.000,0.000,,,,,NVIDIA A100-SXM4-40GB MIG 4g.20gb (0),1,,13,cupy_copy__complex64_complex64
6204951554,1920,442913,1,1,1,1,1,1,18,0.000,0.000,,,,,NVIDIA A100-SXM4-40GB MIG 4g.20gb (0),1,,13,cupy_copy__float32_float32
6204984610,1888,442919,,,,,,,,,,0.000,2.119,Device,Pageable,NVIDIA A100-SXM4-40GB MIG 4g.20gb (0),1,,7,[CUDA memcpy Device-to-Host]
6205044897,13056,442930,1434,1,1,128,1,1,16,0.000,0.000,,,,,NVIDIA A100-SXM4-40GB MIG 4g.20gb (0),1,,13,cupy_copy__complex64_complex64
6205072065,3520,442937,103,1,1,128,1,1,16,0.000,0.000,,,,,NVIDIA A100-SXM4-40GB MIG 4g.20gb (0),1,,13,cupy_copy__complex64_complex64
6205092321,2784,442944,35,1,1,128,1,1,16,0.000,0.000,,,,,NVIDIA A100-SXM4-40GB MIG 4g.20gb (0),1,,13,cupy_copy__complex64_complex64
6205110656,1760,442951,1,1,1,1,1,1,18,0.000,0.000,,,,,NVIDIA A100-SXM4-40GB MIG 4g.20gb (0),1,,13,cupy_copy__float32_float32
6205240287,81439,442962,1,1,1,32,32,1,30,0.000,0.000,,,,,NVIDIA A100-SXM4-40GB MIG 4g.20gb (0),1,,13,"void convert_kernel<__half2, float2>(tensor_layout_any, T1 *, tensor_layout_any, const T2 *)"
6205349438,5471,442965,,,,,,,,,,0.094,17125.849,Pinned,Device,NVIDIA A100-SXM4-40GB MIG 4g.20gb (0),1,,13,[CUDA memcpy Host-to-Device]
6205363485,3136,442966,,,,,,,,,,1.547,493182.821,Device,,NVIDIA A100-SXM4-40GB MIG 4g.20gb (0),1,,13,[CUDA memset]
6205370269,3200,442971,,,,,,,,,,0.031,9780.000,Pinned,Device,NVIDIA A100-SXM4-40GB MIG 4g.20gb (0),1,,13,[CUDA memcpy Host-to-Device]
6205376285,10112,442972,,,,,,,,,,0.197,19442.958,Pinned,Device,NVIDIA A100-SXM4-40GB MIG 4g.20gb (0),1,,13,[CUDA memcpy Host-to-Device]
6205391261,6112,442973,273,1,1,8,4,1,39,0.002,0.000,,,,,NVIDIA A100-SXM4-40GB MIG 4g.20gb (0),1,,13,"void channel_eq::eqMmseCoefCompLowMimoKernel<float, float, float, (unsigned int)4, (unsigned int)1, (unsigned int)4>(const channel_eq::_puschRxChEqStatDescr *, channel_eq::_puschRxChEqCoefCompDynDescr)"
6205399037,6176,442974,273,1,1,12,11,1,51,0.002,0.000,,,,,NVIDIA A100-SXM4-40GB MIG 4g.20gb (0),1,,13,"void channel_eq::eqMmseSoftDemapKernel<float, __half, __half, float, (unsigned int)4, (unsigned short)16383>(channel_eq::_puschRxChEqStatDescr *, channel_eq::_puschRxChEqSoftDemapDynDescr)"
6205406557,294492,442975,1,1,1,32,32,1,30,0.000,0.000,,,,,NVIDIA A100-SXM4-40GB MIG 4g.20gb (0),1,,13,"void convert_kernel<float2, __half2>(tensor_layout_any, T1 *, tensor_layout_any, const T2 *)"
6205702169,10976,442987,2253,1,1,128,1,1,16,0.000,0.000,,,,,NVIDIA A100-SXM4-40GB MIG 4g.20gb (0),1,,13,cupy_copy__float16_float16
6205718233,2784,442996,282,1,1,128,1,1,16,0.000,0.000,,,,,NVIDIA A100-SXM4-40GB MIG 4g.20gb (0),1,,13,cupy_copy__complex64_complex64
6205724217,2016,443005,26,1,1,128,1,1,16,0.000,0.000,,,,,NVIDIA A100-SXM4-40GB MIG 4g.20gb (0),1,,13,cupy_copy__float32_float32
6205727897,4640,443014,103,1,1,128,1,1,16,0.000,0.000,,,,,NVIDIA A100-SXM4-40GB MIG 4g.20gb (0),1,,13,cupy_copy__complex64_complex64
6205733593,12064,443024,1434,1,1,128,1,1,16,0.000,0.000,,,,,NVIDIA A100-SXM4-40GB MIG 4g.20gb (0),1,,13,cupy_copy__complex64_complex64
6205749337,85215,443029,1,1,1,32,32,1,30,0.000,0.000,,,,,NVIDIA A100-SXM4-40GB MIG 4g.20gb (0),1,,13,"void convert_kernel<__half2, float2>(tensor_layout_any, T1 *, tensor_layout_any, const T2 *)"
6205861335,5888,443032,,,,,,,,,,0.094,15912.954,Pinned,Device,NVIDIA A100-SXM4-40GB MIG 4g.20gb (0),1,,13,[CUDA memcpy Host-to-Device]
6205871447,597401,443033,,,,,,,,,,456.561,763827.289,Device,,NVIDIA A100-SXM4-40GB MIG 4g.20gb (0),1,,13,[CUDA memset]
6206475376,146590,443038,,,,,,,,,,1.235,8423.553,Pinned,Device,NVIDIA A100-SXM4-40GB MIG 4g.20gb (0),1,,13,[CUDA memcpy Host-to-Device]
6206633486,36927,443039,,,,,,,,,,0.197,5324.145,Pinned,Device,NVIDIA A100-SXM4-40GB MIG 4g.20gb (0),1,,13,[CUDA memcpy Host-to-Device]
6206696653,8192,443040,69,4,1,48,1,1,76,0.002,0.000,,,,,NVIDIA A100-SXM4-40GB MIG 4g.20gb (0),1,,13,"void ch_est::windowedChEstPreNoDftSOfdmKernel<float, __half, float, (unsigned int)2, (unsigned int)1, (unsigned short)4>(ch_est::puschRxChEstStatDescr_t *, ch_est::puschRxChEstDynDescr_t *)"
6206716301,6912,443041,137,2,1,24,2,1,44,0.001,0.001,,,,,NVIDIA A100-SXM4-40GB MIG 4g.20gb (0),1,,13,"void ch_est::chEstFilterNoDftSOfdmDispatchKernel<float, __half, float, (unsigned int)2>(ch_est::puschRxChEstStatDescr_t *, ch_est::puschRxChEstDynDescr_t *)"
6206733068,4736,443042,137,2,1,24,2,1,44,0.001,0.001,,,,,NVIDIA A100-SXM4-40GB MIG 4g.20gb (0),1,,13,"void ch_est::chEstFilterNoDftSOfdmDispatchKernel<float, __half, float, (unsigned int)2>(ch_est::puschRxChEstStatDescr_t *, ch_est::puschRxChEstDynDescr_t *)"
6206750188,2496,443053,103,1,1,128,1,1,16,0.000,0.000,,,,,NVIDIA A100-SXM4-40GB MIG 4g.20gb (0),1,,13,cupy_copy__complex64_complex64
6206767916,12704,443063,1434,1,1,128,1,1,16,0.000,0.000,,,,,NVIDIA A100-SXM4-40GB MIG 4g.20gb (0),1,,13,cupy_copy__complex64_complex64
6206787180,2912,443070,103,1,1,128,1,1,16,0.000,0.000,,,,,NVIDIA A100-SXM4-40GB MIG 4g.20gb (0),1,,13,cupy_copy__complex64_complex64
6206814411,81951,443077,1,1,1,32,32,1,30,0.000,0.000,,,,,NVIDIA A100-SXM4-40GB MIG 4g.20gb (0),1,,13,"void convert_kernel<__half2, float2>(tensor_layout_any, T1 *, tensor_layout_any, const T2 *)"
6206926218,22112,443080,,,,,,,,,,0.094,4237.308,Pinned,Device,NVIDIA A100-SXM4-40GB MIG 4g.20gb (0),1,,13,[CUDA memcpy Host-to-Device]
6206972650,47327,443081,,,,,,,,,,35.810,756627.800,Device,,NVIDIA A100-SXM4-40GB MIG 4g.20gb (0),1,,13,[CUDA memset]
6207026153,9056,443083,,,,,,,,,,0.000,8.834,Pinned,Device,NVIDIA A100-SXM4-40GB MIG 4g.20gb (0),1,,13,[CUDA memcpy Host-to-Device]
6207040617,22847,443084,,,,,,,,,,0.197,8605.336,Pinned,Device,NVIDIA A100-SXM4-40GB MIG 4g.20gb (0),1,,13,[CUDA memcpy Host-to-Device]
6207072968,13312,443085,273,1,1,48,1,1,40,0.000,0.001,,,,,NVIDIA A100-SXM4-40GB MIG 4g.20gb (0),1,,13,"void pusch_noise_intf_est::noiseIntfEstNoDftSOfdmKernel<float, __half, float, float, (unsigned int)2, (unsigned int)1, (unsigned char)4, (unsigned char)4>(pusch_noise_intf_est::puschRxNoiseIntfEstDynDescr)"
6207091336,3136,443096,35,1,1,128,1,1,16,0.000,0.000,,,,,NVIDIA A100-SXM4-40GB MIG 4g.20gb (0),1,,13,cupy_copy__complex64_complex64
6207099784,1984,443105,1,1,1,1,1,1,18,0.000,0.000,,,,,NVIDIA A100-SXM4-40GB MIG 4g.20gb (0),1,,13,cupy_copy__float32_float32
6207106152,5984,443111,,,,,,,,,,0.000,0.668,Device,Pageable,NVIDIA A100-SXM4-40GB MIG 4g.20gb (0),1,,7,[CUDA memcpy Device-to-Host]
6207178759,12768,443122,1434,1,1,128,1,1,16,0.000,0.000,,,,,NVIDIA A100-SXM4-40GB MIG 4g.20gb (0),1,,13,cupy_copy__complex64_complex64
6207211879,2848,443129,103,1,1,128,1,1,16,0.000,0.000,,,,,NVIDIA A100-SXM4-40GB MIG 4g.20gb (0),1,,13,cupy_copy__complex64_complex64
6207228966,2656,443136,35,1,1,128,1,1,16,0.000,0.000,,,,,NVIDIA A100-SXM4-40GB MIG 4g.20gb (0),1,,13,cupy_copy__complex64_complex64
6207240998,1792,443143,1,1,1,1,1,1,18,0.000,0.000,,,,,NVIDIA A100-SXM4-40GB MIG 4g.20gb (0),1,,13,cupy_copy__float32_float32
6207372837,82399,443154,1,1,1,32,32,1,30,0.000,0.000,,,,,NVIDIA A100-SXM4-40GB MIG 4g.20gb (0),1,,13,"void convert_kernel<__half2, float2>(tensor_layout_any, T1 *, tensor_layout_any, const T2 *)"
6207483747,5888,443157,,,,,,,,,,0.094,15912.954,Pinned,Device,NVIDIA A100-SXM4-40GB MIG 4g.20gb (0),1,,13,[CUDA memcpy Host-to-Device]
6207497411,3456,443158,,,,,,,,,,1.547,447517.201,Device,,NVIDIA A100-SXM4-40GB MIG 4g.20gb (0),1,,13,[CUDA memset]
6207504963,3136,443163,,,,,,,,,,0.031,9979.575,Pinned,Device,NVIDIA A100-SXM4-40GB MIG 4g.20gb (0),1,,13,[CUDA memcpy Host-to-Device]
6207511075,9664,443164,,,,,,,,,,0.197,20344.209,Pinned,Device,NVIDIA A100-SXM4-40GB MIG 4g.20gb (0),1,,13,[CUDA memcpy Host-to-Device]
6207525315,8352,443165,273,1,1,8,4,1,39,0.002,0.000,,,,,NVIDIA A100-SXM4-40GB MIG 4g.20gb (0),1,,13,"void channel_eq::eqMmseCoefCompLowMimoKernel<float, float, float, (unsigned int)4, (unsigned int)1, (unsigned int)4>(const channel_eq::_puschRxChEqStatDescr *, channel_eq::_puschRxChEqCoefCompDynDescr)"
6207534883,5824,443166,273,1,1,12,11,1,51,0.002,0.000,,,,,NVIDIA A100-SXM4-40GB MIG 4g.20gb (0),1,,13,"void channel_eq::eqMmseSoftDemapKernel<float, __half, __half, float, (unsigned int)4, (unsigned short)16383>(channel_eq::_puschRxChEqStatDescr *, channel_eq::_puschRxChEqSoftDemapDynDescr)"
6207542402,292509,443167,1,1,1,32,32,1,30,0.000,0.000,,,,,NVIDIA A100-SXM4-40GB MIG 4g.20gb (0),1,,13,"void convert_kernel<float2, __half2>(tensor_layout_any, T1 *, tensor_layout_any, const T2 *)"
6207837951,10976,443179,2253,1,1,128,1,1,16,0.000,0.000,,,,,NVIDIA A100-SXM4-40GB MIG 4g.20gb (0),1,,13,cupy_copy__float16_float16
6207851711,3456,443188,282,1,1,128,1,1,16,0.000,0.000,,,,,NVIDIA A100-SXM4-40GB MIG 4g.20gb (0),1,,13,cupy_copy__complex64_complex64
6207856831,2272,443197,26,1,1,128,1,1,16,0.000,0.000,,,,,NVIDIA A100-SXM4-40GB MIG 4g.20gb (0),1,,13,cupy_copy__float32_float32
6207860159,3168,443206,103,1,1,128,1,1,16,0.000,0.000,,,,,NVIDIA A100-SXM4-40GB MIG 4g.20gb (0),1,,13,cupy_copy__complex64_complex64
6207864447,12063,443216,1434,1,1,128,1,1,16,0.000,0.000,,,,,NVIDIA A100-SXM4-40GB MIG 4g.20gb (0),1,,13,cupy_copy__complex64_complex64
6207879678,82559,443221,1,1,1,32,32,1,30,0.000,0.000,,,,,NVIDIA A100-SXM4-40GB MIG 4g.20gb (0),1,,13,"void convert_kernel<__half2, float2>(tensor_layout_any, T1 *, tensor_layout_any, const T2 *)"
6207989117,5632,443224,,,,,,,,,,0.094,16636.287,Pinned,Device,NVIDIA A100-SXM4-40GB MIG 4g.20gb (0),1,,13,[CUDA memcpy Host-to-Device]
6207998973,599512,443225,,,,,,,,,,456.561,761544.482,Device,,NVIDIA A100-SXM4-40GB MIG 4g.20gb (0),1,,13,[CUDA memset]
6208605429,126623,443230,,,,,,,,,,1.235,9752.353,Pinned,Device,NVIDIA A100-SXM4-40GB MIG 4g.20gb (0),1,,13,[CUDA memcpy Host-to-Device]
6208743860,35199,443231,,,,,,,,,,0.197,5585.437,Pinned,Device,NVIDIA A100-SXM4-40GB MIG 4g.20gb (0),1,,13,[CUDA memcpy Host-to-Device]
6208800307,8544,443232,69,4,1,48,1,1,76,0.002,0.000,,,,,NVIDIA A100-SXM4-40GB MIG 4g.20gb (0),1,,13,"void ch_est::windowedChEstPreNoDftSOfdmKernel<float, __half, float, (unsigned int)2, (unsigned int)1, (unsigned short)4>(ch_est::puschRxChEstStatDescr_t *, ch_est::puschRxChEstDynDescr_t *)"
6208816019,6176,443233,137,2,1,24,2,1,44,0.001,0.001,,,,,NVIDIA A100-SXM4-40GB MIG 4g.20gb (0),1,,13,"void ch_est::chEstFilterNoDftSOfdmDispatchKernel<float, __half, float, (unsigned int)2>(ch_est::puschRxChEstStatDescr_t *, ch_est::puschRxChEstDynDescr_t *)"
6208830259,4768,443234,137,2,1,24,2,1,44,0.001,0.001,,,,,NVIDIA A100-SXM4-40GB MIG 4g.20gb (0),1,,13,"void ch_est::chEstFilterNoDftSOfdmDispatchKernel<float, __half, float, (unsigned int)2>(ch_est::puschRxChEstStatDescr_t *, ch_est::puschRxChEstDynDescr_t *)"
6208845010,2656,443245,103,1,1,128,1,1,16,0.000,0.000,,,,,NVIDIA A100-SXM4-40GB MIG 4g.20gb (0),1,,13,cupy_copy__complex64_complex64
6208859794,12800,443255,1434,1,1,128,1,1,16,0.000,0.000,,,,,NVIDIA A100-SXM4-40GB MIG 4g.20gb (0),1,,13,cupy_copy__complex64_complex64
6208894866,2528,443262,103,1,1,128,1,1,16,0.000,0.000,,,,,NVIDIA A100-SXM4-40GB MIG 4g.20gb (0),1,,13,cupy_copy__complex64_complex64
6208911410,89534,443269,1,1,1,32,32,1,30,0.000,0.000,,,,,NVIDIA A100-SXM4-40GB MIG 4g.20gb (0),1,,13,"void convert_kernel<__half2, float2>(tensor_layout_any, T1 *, tensor_layout_any, const T2 *)"
6209034352,27776,443272,,,,,,,,,,0.094,3373.243,Pinned,Device,NVIDIA A100-SXM4-40GB MIG 4g.20gb (0),1,,13,[CUDA memcpy Host-to-Device]
6209083311,47808,443273,,,,,,,,,,35.810,749036.097,Device,,NVIDIA A100-SXM4-40GB MIG 4g.20gb (0),1,,13,[CUDA memset]
6209137647,15232,443275,,,,,,,,,,0.000,5.252,Pinned,Device,NVIDIA A100-SXM4-40GB MIG 4g.20gb (0),1,,13,[CUDA memcpy Host-to-Device]
6209167086,21888,443276,,,,,,,,,,0.197,8982.430,Pinned,Device,NVIDIA A100-SXM4-40GB MIG 4g.20gb (0),1,,13,[CUDA memcpy Host-to-Device]
6209215118,9632,443277,273,1,1,48,1,1,40,0.000,0.001,,,,,NVIDIA A100-SXM4-40GB MIG 4g.20gb (0),1,,13,"void pusch_noise_intf_est::noiseIntfEstNoDftSOfdmKernel<float, __half, float, float, (unsigned int)2, (unsigned int)1, (unsigned char)4, (unsigned char)4>(pusch_noise_intf_est::puschRxNoiseIntfEstDynDescr)"
6209231662,2784,443288,35,1,1,128,1,1,16,0.000,0.000,,,,,NVIDIA A100-SXM4-40GB MIG 4g.20gb (0),1,,13,cupy_copy__complex64_complex64
6209248685,1696,443297,1,1,1,1,1,1,18,0.000,0.000,,,,,NVIDIA A100-SXM4-40GB MIG 4g.20gb (0),1,,13,cupy_copy__float32_float32
6209255181,5536,443303,,,,,,,,,,0.000,0.723,Device,Pageable,NVIDIA A100-SXM4-40GB MIG 4g.20gb (0),1,,7,[CUDA memcpy Device-to-Host]
6209357452,13088,443314,1434,1,1,128,1,1,16,0.000,0.000,,,,,NVIDIA A100-SXM4-40GB MIG 4g.20gb (0),1,,13,cupy_copy__complex64_complex64
6209378348,3328,443321,103,1,1,128,1,1,16,0.000,0.000,,,,,NVIDIA A100-SXM4-40GB MIG 4g.20gb (0),1,,13,cupy_copy__complex64_complex64
6209395660,2560,443328,35,1,1,128,1,1,16,0.000,0.000,,,,,NVIDIA A100-SXM4-40GB MIG 4g.20gb (0),1,,13,cupy_copy__complex64_complex64
6209413483,1984,443335,1,1,1,1,1,1,18,0.000,0.000,,,,,NVIDIA A100-SXM4-40GB MIG 4g.20gb (0),1,,13,cupy_copy__float32_float32
6209538058,84095,443346,1,1,1,32,32,1,30,0.000,0.000,,,,,NVIDIA A100-SXM4-40GB MIG 4g.20gb (0),1,,13,"void convert_kernel<__half2, float2>(tensor_layout_any, T1 *, tensor_layout_any, const T2 *)"
6209652712,14048,443349,,,,,,,,,,0.094,6669.656,Pinned,Device,NVIDIA A100-SXM4-40GB MIG 4g.20gb (0),1,,13,[CUDA memcpy Host-to-Device]
6209675240,3488,443350,,,,,,,,,,1.547,443412.461,Device,,NVIDIA A100-SXM4-40GB MIG 4g.20gb (0),1,,13,[CUDA memset]
6209681160,3392,443355,,,,,,,,,,0.031,9226.405,Pinned,Device,NVIDIA A100-SXM4-40GB MIG 4g.20gb (0),1,,13,[CUDA memcpy Host-to-Device]
6209687112,16672,443356,,,,,,,,,,0.197,11792.548,Pinned,Device,NVIDIA A100-SXM4-40GB MIG 4g.20gb (0),1,,13,[CUDA memcpy Host-to-Device]
6209714440,8448,443357,273,1,1,8,4,1,39,0.002,0.000,,,,,NVIDIA A100-SXM4-40GB MIG 4g.20gb (0),1,,13,"void channel_eq::eqMmseCoefCompLowMimoKernel<float, float, float, (unsigned int)4, (unsigned int)1, (unsigned int)4>(const channel_eq::_puschRxChEqStatDescr *, channel_eq::_puschRxChEqCoefCompDynDescr)"
6209730567,7872,443358,273,1,1,12,11,1,51,0.002,0.000,,,,,NVIDIA A100-SXM4-40GB MIG 4g.20gb (0),1,,13,"void channel_eq::eqMmseSoftDemapKernel<float, __half, __half, float, (unsigned int)4, (unsigned short)16383>(channel_eq::_puschRxChEqStatDescr *, channel_eq::_puschRxChEqSoftDemapDynDescr)"
6209743367,289981,443359,1,1,1,32,32,1,30,0.000,0.000,,,,,NVIDIA A100-SXM4-40GB MIG 4g.20gb (0),1,,13,"void convert_kernel<float2, __half2>(tensor_layout_any, T1 *, tensor_layout_any, const T2 *)"
6210036228,11136,443371,2253,1,1,128,1,1,16,0.000,0.000,,,,,NVIDIA A100-SXM4-40GB MIG 4g.20gb (0),1,,13,cupy_copy__float16_float16
6210049540,3168,443380,282,1,1,128,1,1,16,0.000,0.000,,,,,NVIDIA A100-SXM4-40GB MIG 4g.20gb (0),1,,13,cupy_copy__complex64_complex64
6210055395,2048,443389,26,1,1,128,1,1,16,0.000,0.000,,,,,NVIDIA A100-SXM4-40GB MIG 4g.20gb (0),1,,13,cupy_copy__float32_float32
6210060547,2880,443398,103,1,1,128,1,1,16,0.000,0.000,,,,,NVIDIA A100-SXM4-40GB MIG 4g.20gb (0),1,,13,cupy_copy__complex64_complex64
6210066211,12096,443408,1434,1,1,128,1,1,16,0.000,0.000,,,,,NVIDIA A100-SXM4-40GB MIG 4g.20gb (0),1,,13,cupy_copy__complex64_complex64
6210082947,82079,443413,1,1,1,32,32,1,30,0.000,0.000,,,,,NVIDIA A100-SXM4-40GB MIG 4g.20gb (0),1,,13,"void convert_kernel<__half2, float2>(tensor_layout_any, T1 *, tensor_layout_any, const T2 *)"
6210192930,5952,443416,,,,,,,,,,0.094,15741.865,Pinned,Device,NVIDIA A100-SXM4-40GB MIG 4g.20gb (0),1,,13,[CUDA memcpy Host-to-Device]
6210203618,597464,443417,,,,,,,,,,456.561,763827.289,Device,,NVIDIA A100-SXM4-40GB MIG 4g.20gb (0),1,,13,[CUDA memset]
6210805818,90879,443422,,,,,,,,,,1.235,13588.089,Pinned,Device,NVIDIA A100-SXM4-40GB MIG 4g.20gb (0),1,,13,[CUDA memcpy Host-to-Device]
6210903961,18016,443423,,,,,,,,,,0.197,10912.924,Pinned,Device,NVIDIA A100-SXM4-40GB MIG 4g.20gb (0),1,,13,[CUDA memcpy Host-to-Device]
6210936857,7999,443424,69,4,1,48,1,1,76,0.002,0.000,,,,,NVIDIA A100-SXM4-40GB MIG 4g.20gb (0),1,,13,"void ch_est::windowedChEstPreNoDftSOfdmKernel<float, __half, float, (unsigned int)2, (unsigned int)1, (unsigned short)4>(ch_est::puschRxChEstStatDescr_t *, ch_est::puschRxChEstDynDescr_t *)"
6210953688,7200,443425,137,2,1,24,2,1,44,0.001,0.001,,,,,NVIDIA A100-SXM4-40GB MIG 4g.20gb (0),1,,13,"void ch_est::chEstFilterNoDftSOfdmDispatchKernel<float, __half, float, (unsigned int)2>(ch_est::puschRxChEstStatDescr_t *, ch_est::puschRxChEstDynDescr_t *)"
6210968984,6208,443426,137,2,1,24,2,1,44,0.001,0.001,,,,,NVIDIA A100-SXM4-40GB MIG 4g.20gb (0),1,,13,"void ch_est::chEstFilterNoDftSOfdmDispatchKernel<float, __half, float, (unsigned int)2>(ch_est::puschRxChEstStatDescr_t *, ch_est::puschRxChEstDynDescr_t *)"
6210976600,3200,443437,103,1,1,128,1,1,16,0.000,0.000,,,,,NVIDIA A100-SXM4-40GB MIG 4g.20gb (0),1,,13,cupy_copy__complex64_complex64
6210984184,13024,443447,1434,1,1,128,1,1,16,0.000,0.000,,,,,NVIDIA A100-SXM4-40GB MIG 4g.20gb (0),1,,13,cupy_copy__complex64_complex64
6210999864,3136,443454,103,1,1,128,1,1,16,0.000,0.000,,,,,NVIDIA A100-SXM4-40GB MIG 4g.20gb (0),1,,13,cupy_copy__complex64_complex64
6211009720,82623,443461,1,1,1,32,32,1,30,0.000,0.000,,,,,NVIDIA A100-SXM4-40GB MIG 4g.20gb (0),1,,13,"void convert_kernel<__half2, float2>(tensor_layout_any, T1 *, tensor_layout_any, const T2 *)"
6211122102,7680,443464,,,,,,,,,,0.094,12199.969,Pinned,Device,NVIDIA A100-SXM4-40GB MIG 4g.20gb (0),1,,13,[CUDA memcpy Host-to-Device]
6211134966,46272,443465,,,,,,,,,,35.810,773888.181,Device,,NVIDIA A100-SXM4-40GB MIG 4g.20gb (0),1,,13,[CUDA memset]
6211187446,3839,443467,,,,,,,,,,0.000,20.839,Pinned,Device,NVIDIA A100-SXM4-40GB MIG 4g.20gb (0),1,,13,[CUDA memcpy Host-to-Device]
6211196245,11552,443468,,,,,,,,,,0.197,17019.372,Pinned,Device,NVIDIA A100-SXM4-40GB MIG 4g.20gb (0),1,,13,[CUDA memcpy Host-to-Device]
6211213781,11520,443469,273,1,1,48,1,1,40,0.000,0.001,,,,,NVIDIA A100-SXM4-40GB MIG 4g.20gb (0),1,,13,"void pusch_noise_intf_est::noiseIntfEstNoDftSOfdmKernel<float, __half, float, float, (unsigned int)2, (unsigned int)1, (unsigned char)4, (unsigned char)4>(pusch_noise_intf_est::puschRxNoiseIntfEstDynDescr)"
6211226741,2976,443480,35,1,1,128,1,1,16,0.000,0.000,,,,,NVIDIA A100-SXM4-40GB MIG 4g.20gb (0),1,,13,cupy_copy__complex64_complex64
6211243349,1792,443489,1,1,1,1,1,1,18,0.000,0.000,,,,,NVIDIA A100-SXM4-40GB MIG 4g.20gb (0),1,,13,cupy_copy__float32_float32
6211277140,1568,443495,,,,,,,,,,0.000,2.551,Device,Pageable,NVIDIA A100-SXM4-40GB MIG 4g.20gb (0),1,,7,[CUDA memcpy Device-to-Host]
6211338484,13087,443506,1434,1,1,128,1,1,16,0.000,0.000,,,,,NVIDIA A100-SXM4-40GB MIG 4g.20gb (0),1,,13,cupy_copy__complex64_complex64
6211365747,3712,443513,103,1,1,128,1,1,16,0.000,0.000,,,,,NVIDIA A100-SXM4-40GB MIG 4g.20gb (0),1,,13,cupy_copy__complex64_complex64
6211386611,2368,443520,35,1,1,128,1,1,16,0.000,0.000,,,,,NVIDIA A100-SXM4-40GB MIG 4g.20gb (0),1,,13,cupy_copy__complex64_complex64
6211405107,1984,443527,1,1,1,1,1,1,18,0.000,0.000,,,,,NVIDIA A100-SXM4-40GB MIG 4g.20gb (0),1,,13,cupy_copy__float32_float32
6211537873,82431,443538,1,1,1,32,32,1,30,0.000,0.000,,,,,NVIDIA A100-SXM4-40GB MIG 4g.20gb (0),1,,13,"void convert_kernel<__half2, float2>(tensor_layout_any, T1 *, tensor_layout_any, const T2 *)"
6211648080,5664,443541,,,,,,,,,,0.094,16542.310,Pinned,Device,NVIDIA A100-SXM4-40GB MIG 4g.20gb (0),1,,13,[CUDA memcpy Host-to-Device]
6211662192,3264,443542,,,,,,,,,,1.547,473842.288,Device,,NVIDIA A100-SXM4-40GB MIG 4g.20gb (0),1,,13,[CUDA memset]
6211669200,3040,443547,,,,,,,,,,0.031,10294.725,Pinned,Device,NVIDIA A100-SXM4-40GB MIG 4g.20gb (0),1,,13,[CUDA memcpy Host-to-Device]
6211674959,9440,443548,,,,,,,,,,0.197,20827.079,Pinned,Device,NVIDIA A100-SXM4-40GB MIG 4g.20gb (0),1,,13,[CUDA memcpy Host-to-Device]
6211689839,6048,443549,273,1,1,8,4,1,39,0.002,0.000,,,,,NVIDIA A100-SXM4-40GB MIG 4g.20gb (0),1,,13,"void channel_eq::eqMmseCoefCompLowMimoKernel<float, float, float, (unsigned int)4, (unsigned int)1, (unsigned int)4>(const channel_eq::_puschRxChEqStatDescr *, channel_eq::_puschRxChEqCoefCompDynDescr)"
6211696911,5440,443550,273,1,1,12,11,1,51,0.002,0.000,,,,,NVIDIA A100-SXM4-40GB MIG 4g.20gb (0),1,,13,"void channel_eq::eqMmseSoftDemapKernel<float, __half, __half, float, (unsigned int)4, (unsigned short)16383>(channel_eq::_puschRxChEqStatDescr *, channel_eq::_puschRxChEqSoftDemapDynDescr)"
6211703279,282237,443551,1,1,1,32,32,1,30,0.000,0.000,,,,,NVIDIA A100-SXM4-40GB MIG 4g.20gb (0),1,,13,"void convert_kernel<float2, __half2>(tensor_layout_any, T1 *, tensor_layout_any, const T2 *)"
6211988268,11039,443563,2253,1,1,128,1,1,16,0.000,0.000,,,,,NVIDIA A100-SXM4-40GB MIG 4g.20gb (0),1,,13,cupy_copy__float16_float16
6212003051,3488,443572,282,1,1,128,1,1,16,0.000,0.000,,,,,NVIDIA A100-SXM4-40GB MIG 4g.20gb (0),1,,13,cupy_copy__complex64_complex64
6212009387,2368,443581,26,1,1,128,1,1,16,0.000,0.000,,,,,NVIDIA A100-SXM4-40GB MIG 4g.20gb (0),1,,13,cupy_copy__float32_float32
6212014283,3008,443590,103,1,1,128,1,1,16,0.000,0.000,,,,,NVIDIA A100-SXM4-40GB MIG 4g.20gb (0),1,,13,cupy_copy__complex64_complex64
6212018251,12128,443600,1434,1,1,128,1,1,16,0.000,0.000,,,,,NVIDIA A100-SXM4-40GB MIG 4g.20gb (0),1,,13,cupy_copy__complex64_complex64
6212039563,81695,443605,1,1,1,32,32,1,30,0.000,0.000,,,,,NVIDIA A100-SXM4-40GB MIG 4g.20gb (0),1,,13,"void convert_kernel<__half2, float2>(tensor_layout_any, T1 *, tensor_layout_any, const T2 *)"
6212148970,5472,443608,,,,,,,,,,0.094,17122.757,Pinned,Device,NVIDIA A100-SXM4-40GB MIG 4g.20gb (0),1,,13,[CUDA memcpy Host-to-Device]
6212160841,597753,443609,,,,,,,,,,456.561,763370.728,Device,,NVIDIA A100-SXM4-40GB MIG 4g.20gb (0),1,,13,[CUDA memset]
6212761634,134910,443614,,,,,,,,,,1.235,9153.405,Pinned,Device,NVIDIA A100-SXM4-40GB MIG 4g.20gb (0),1,,13,[CUDA memcpy Host-to-Device]
6212911744,40256,443615,,,,,,,,,,0.197,4883.939,Pinned,Device,NVIDIA A100-SXM4-40GB MIG 4g.20gb (0),1,,13,[CUDA memcpy Host-to-Device]
6212980799,7808,443616,69,4,1,48,1,1,76,0.002,0.000,,,,,NVIDIA A100-SXM4-40GB MIG 4g.20gb (0),1,,13,"void ch_est::windowedChEstPreNoDftSOfdmKernel<float, __half, float, (unsigned int)2, (unsigned int)1, (unsigned short)4>(ch_est::puschRxChEstStatDescr_t *, ch_est::puschRxChEstDynDescr_t *)"
6212999743,6496,443617,137,2,1,24,2,1,44,0.001,0.001,,,,,NVIDIA A100-SXM4-40GB MIG 4g.20gb (0),1,,13,"void ch_est::chEstFilterNoDftSOfdmDispatchKernel<float, __half, float, (unsigned int)2>(ch_est::puschRxChEstStatDescr_t *, ch_est::puschRxChEstDynDescr_t *)"
6213013695,4704,443618,137,2,1,24,2,1,44,0.001,0.001,,,,,NVIDIA A100-SXM4-40GB MIG 4g.20gb (0),1,,13,"void ch_est::chEstFilterNoDftSOfdmDispatchKernel<float, __half, float, (unsigned int)2>(ch_est::puschRxChEstStatDescr_t *, ch_est::puschRxChEstDynDescr_t *)"
6213031551,2656,443629,103,1,1,128,1,1,16,0.000,0.000,,,,,NVIDIA A100-SXM4-40GB MIG 4g.20gb (0),1,,13,cupy_copy__complex64_complex64
6213043007,12831,443639,1434,1,1,128,1,1,16,0.000,0.000,,,,,NVIDIA A100-SXM4-40GB MIG 4g.20gb (0),1,,13,cupy_copy__complex64_complex64
6213077022,2560,443646,103,1,1,128,1,1,16,0.000,0.000,,,,,NVIDIA A100-SXM4-40GB MIG 4g.20gb (0),1,,13,cupy_copy__complex64_complex64
6213092190,83583,443653,1,1,1,32,32,1,30,0.000,0.000,,,,,NVIDIA A100-SXM4-40GB MIG 4g.20gb (0),1,,13,"void convert_kernel<__half2, float2>(tensor_layout_any, T1 *, tensor_layout_any, const T2 *)"
6213204957,9759,443656,,,,,,,,,,0.094,9600.935,Pinned,Device,NVIDIA A100-SXM4-40GB MIG 4g.20gb (0),1,,13,[CUDA memcpy Host-to-Device]
6213229052,47008,443657,,,,,,,,,,35.810,761748.618,Device,,NVIDIA A100-SXM4-40GB MIG 4g.20gb (0),1,,13,[CUDA memset]
6213281500,8864,443659,,,,,,,,,,0.000,9.025,Pinned,Device,NVIDIA A100-SXM4-40GB MIG 4g.20gb (0),1,,13,[CUDA memcpy Host-to-Device]
6213294012,18143,443660,,,,,,,,,,0.197,10836.443,Pinned,Device,NVIDIA A100-SXM4-40GB MIG 4g.20gb (0),1,,13,[CUDA memcpy Host-to-Device]
6213325435,10144,443661,273,1,1,48,1,1,40,0.000,0.001,,,,,NVIDIA A100-SXM4-40GB MIG 4g.20gb (0),1,,13,"void pusch_noise_intf_est::noiseIntfEstNoDftSOfdmKernel<float, __half, float, float, (unsigned int)2, (unsigned int)1, (unsigned char)4, (unsigned char)4>(pusch_noise_intf_est::puschRxNoiseIntfEstDynDescr)"
6213344795,2816,443672,35,1,1,128,1,1,16,0.000,0.000,,,,,NVIDIA A100-SXM4-40GB MIG 4g.20gb (0),1,,13,cupy_copy__complex64_complex64
6213354043,1792,443681,1,1,1,1,1,1,18,0.000,0.000,,,,,NVIDIA A100-SXM4-40GB MIG 4g.20gb (0),1,,13,cupy_copy__float32_float32
6213363451,5408,443687,,,,,,,,,,0.000,0.740,Device,Pageable,NVIDIA A100-SXM4-40GB MIG 4g.20gb (0),1,,7,[CUDA memcpy Device-to-Host]
6213437338,13184,443698,1434,1,1,128,1,1,16,0.000,0.000,,,,,NVIDIA A100-SXM4-40GB MIG 4g.20gb (0),1,,13,cupy_copy__complex64_complex64
6213466905,2880,443705,103,1,1,128,1,1,16,0.000,0.000,,,,,NVIDIA A100-SXM4-40GB MIG 4g.20gb (0),1,,13,cupy_copy__complex64_complex64
6213491961,2464,443712,35,1,1,128,1,1,16,0.000,0.000,,,,,NVIDIA A100-SXM4-40GB MIG 4g.20gb (0),1,,13,cupy_copy__complex64_complex64
6213508793,1760,443719,1,1,1,1,1,1,18,0.000,0.000,,,,,NVIDIA A100-SXM4-40GB MIG 4g.20gb (0),1,,13,cupy_copy__float32_float32
6213632471,81535,443730,1,1,1,32,32,1,30,0.000,0.000,,,,,NVIDIA A100-SXM4-40GB MIG 4g.20gb (0),1,,13,"void convert_kernel<__half2, float2>(tensor_layout_any, T1 *, tensor_layout_any, const T2 *)"
6213741622,5760,443733,,,,,,,,,,0.094,16266.656,Pinned,Device,NVIDIA A100-SXM4-40GB MIG 4g.20gb (0),1,,13,[CUDA memcpy Host-to-Device]
6213756214,3456,443734,,,,,,,,,,1.547,447517.201,Device,,NVIDIA A100-SXM4-40GB MIG 4g.20gb (0),1,,13,[CUDA memset]
6213762326,3616,443739,,,,,,,,,,0.031,8654.846,Pinned,Device,NVIDIA A100-SXM4-40GB MIG 4g.20gb (0),1,,13,[CUDA memcpy Host-to-Device]
6213768118,9568,443740,,,,,,,,,,0.197,20548.485,Pinned,Device,NVIDIA A100-SXM4-40GB MIG 4g.20gb (0),1,,13,[CUDA memcpy Host-to-Device]
6213784213,6496,443741,273,1,1,8,4,1,39,0.002,0.000,,,,,NVIDIA A100-SXM4-40GB MIG 4g.20gb (0),1,,13,"void channel_eq::eqMmseCoefCompLowMimoKernel<float, float, float, (unsigned int)4, (unsigned int)1, (unsigned int)4>(const channel_eq::_puschRxChEqStatDescr *, channel_eq::_puschRxChEqCoefCompDynDescr)"
6213791765,6304,443742,273,1,1,12,11,1,51,0.002,0.000,,,,,NVIDIA A100-SXM4-40GB MIG 4g.20gb (0),1,,13,"void channel_eq::eqMmseSoftDemapKernel<float, __half, __half, float, (unsigned int)4, (unsigned short)16383>(channel_eq::_puschRxChEqStatDescr *, channel_eq::_puschRxChEqSoftDemapDynDescr)"
6213799093,282973,443743,1,1,1,32,32,1,30,0.000,0.000,,,,,NVIDIA A100-SXM4-40GB MIG 4g.20gb (0),1,,13,"void convert_kernel<float2, __half2>(tensor_layout_any, T1 *, tensor_layout_any, const T2 *)"
6214085394,11040,443755,2253,1,1,128,1,1,16,0.000,0.000,,,,,NVIDIA A100-SXM4-40GB MIG 4g.20gb (0),1,,13,cupy_copy__float16_float16
6214098610,3072,443764,282,1,1,128,1,1,16,0.000,0.000,,,,,NVIDIA A100-SXM4-40GB MIG 4g.20gb (0),1,,13,cupy_copy__complex64_complex64
6214105106,2015,443773,26,1,1,128,1,1,16,0.000,0.000,,,,,NVIDIA A100-SXM4-40GB MIG 4g.20gb (0),1,,13,cupy_copy__float32_float32
6214109329,3200,443782,103,1,1,128,1,1,16,0.000,0.000,,,,,NVIDIA A100-SXM4-40GB MIG 4g.20gb (0),1,,13,cupy_copy__complex64_complex64
6214113489,11904,443792,1434,1,1,128,1,1,16,0.000,0.000,,,,,NVIDIA A100-SXM4-40GB MIG 4g.20gb (0),1,,13,cupy_copy__complex64_complex64
6214134609,82975,443797,1,1,1,32,32,1,30,0.000,0.000,,,,,NVIDIA A100-SXM4-40GB MIG 4g.20gb (0),1,,13,"void convert_kernel<__half2, float2>(tensor_layout_any, T1 *, tensor_layout_any, const T2 *)"
6214244624,5408,443800,,,,,,,,,,0.094,17325.421,Pinned,Device,NVIDIA A100-SXM4-40GB MIG 4g.20gb (0),1,,13,[CUDA memcpy Host-to-Device]
6214255056,599160,443801,,,,,,,,,,456.561,762001.043,Device,,NVIDIA A100-SXM4-40GB MIG 4g.20gb (0),1,,13,[CUDA memset]
6214862856,132223,443806,,,,,,,,,,1.235,9338.647,Pinned,Device,NVIDIA A100-SXM4-40GB MIG 4g.20gb (0),1,,13,[CUDA memcpy Host-to-Device]
6215002950,36928,443807,,,,,,,,,,0.197,5323.948,Pinned,Device,NVIDIA A100-SXM4-40GB MIG 4g.20gb (0),1,,13,[CUDA memcpy Host-to-Device]
6215062278,7904,443808,69,4,1,48,1,1,76,0.002,0.000,,,,,NVIDIA A100-SXM4-40GB MIG 4g.20gb (0),1,,13,"void ch_est::windowedChEstPreNoDftSOfdmKernel<float, __half, float, (unsigned int)2, (unsigned int)1, (unsigned short)4>(ch_est::puschRxChEstStatDescr_t *, ch_est::puschRxChEstDynDescr_t *)"
6215077510,6847,443809,137,2,1,24,2,1,44,0.001,0.001,,,,,NVIDIA A100-SXM4-40GB MIG 4g.20gb (0),1,,13,"void ch_est::chEstFilterNoDftSOfdmDispatchKernel<float, __half, float, (unsigned int)2>(ch_est::puschRxChEstStatDescr_t *, ch_est::puschRxChEstDynDescr_t *)"
6215091397,4672,443810,137,2,1,24,2,1,44,0.001,0.001,,,,,NVIDIA A100-SXM4-40GB MIG 4g.20gb (0),1,,13,"void ch_est::chEstFilterNoDftSOfdmDispatchKernel<float, __half, float, (unsigned int)2>(ch_est::puschRxChEstStatDescr_t *, ch_est::puschRxChEstDynDescr_t *)"
6215105317,2528,443821,103,1,1,128,1,1,16,0.000,0.000,,,,,NVIDIA A100-SXM4-40GB MIG 4g.20gb (0),1,,13,cupy_copy__complex64_complex64
6215122213,12704,443831,1434,1,1,128,1,1,16,0.000,0.000,,,,,NVIDIA A100-SXM4-40GB MIG 4g.20gb (0),1,,13,cupy_copy__complex64_complex64
6215159333,2559,443838,103,1,1,128,1,1,16,0.000,0.000,,,,,NVIDIA A100-SXM4-40GB MIG 4g.20gb (0),1,,13,cupy_copy__complex64_complex64
6215179332,82463,443845,1,1,1,32,32,1,30,0.000,0.000,,,,,NVIDIA A100-SXM4-40GB MIG 4g.20gb (0),1,,13,"void convert_kernel<__half2, float2>(tensor_layout_any, T1 *, tensor_layout_any, const T2 *)"
6215290787,22944,443848,,,,,,,,,,0.094,4083.646,Pinned,Device,NVIDIA A100-SXM4-40GB MIG 4g.20gb (0),1,,13,[CUDA memcpy Host-to-Device]
6215331906,47008,443849,,,,,,,,,,35.810,761748.618,Device,,NVIDIA A100-SXM4-40GB MIG 4g.20gb (0),1,,13,[CUDA memset]
6215384450,8896,443851,,,,,,,,,,0.000,8.993,Pinned,Device,NVIDIA A100-SXM4-40GB MIG 4g.20gb (0),1,,13,[CUDA memcpy Host-to-Device]
6215403233,21920,443852,,,,,,,,,,0.197,8969.257,Pinned,Device,NVIDIA A100-SXM4-40GB MIG 4g.20gb (0),1,,13,[CUDA memcpy Host-to-Device]
6215435361,13440,443853,273,1,1,48,1,1,40,0.000,0.001,,,,,NVIDIA A100-SXM4-40GB MIG 4g.20gb (0),1,,13,"void pusch_noise_intf_est::noiseIntfEstNoDftSOfdmKernel<float, __half, float, float, (unsigned int)2, (unsigned int)1, (unsigned char)4, (unsigned char)4>(pusch_noise_intf_est::puschRxNoiseIntfEstDynDescr)"
6215453153,3008,443864,35,1,1,128,1,1,16,0.000,0.000,,,,,NVIDIA A100-SXM4-40GB MIG 4g.20gb (0),1,,13,cupy_copy__complex64_complex64
6215461217,1984,443873,1,1,1,1,1,1,18,0.000,0.000,,,,,NVIDIA A100-SXM4-40GB MIG 4g.20gb (0),1,,13,cupy_copy__float32_float32
6215471105,2720,443879,,,,,,,,,,0.000,1.471,Device,Pageable,NVIDIA A100-SXM4-40GB MIG 4g.20gb (0),1,,7,[CUDA memcpy Device-to-Host]
6215547456,12864,443890,1434,1,1,128,1,1,16,0.000,0.000,,,,,NVIDIA A100-SXM4-40GB MIG 4g.20gb (0),1,,13,cupy_copy__complex64_complex64
6215570879,5664,443897,103,1,1,128,1,1,16,0.000,0.000,,,,,NVIDIA A100-SXM4-40GB MIG 4g.20gb (0),1,,13,cupy_copy__complex64_complex64
6215596863,2752,443904,35,1,1,128,1,1,16,0.000,0.000,,,,,NVIDIA A100-SXM4-40GB MIG 4g.20gb (0),1,,13,cupy_copy__complex64_complex64
6215612991,1792,443911,1,1,1,1,1,1,18,0.000,0.000,,,,,NVIDIA A100-SXM4-40GB MIG 4g.20gb (0),1,,13,cupy_copy__float32_float32
6215745341,87775,443922,1,1,1,32,32,1,30,0.000,0.000,,,,,NVIDIA A100-SXM4-40GB MIG 4g.20gb (0),1,,13,"void convert_kernel<__half2, float2>(tensor_layout_any, T1 *, tensor_layout_any, const T2 *)"
6215860796,6848,443925,,,,,,,,,,0.094,13682.239,Pinned,Device,NVIDIA A100-SXM4-40GB MIG 4g.20gb (0),1,,13,[CUDA memcpy Host-to-Device]
6215876316,3328,443926,,,,,,,,,,1.547,464729.580,Device,,NVIDIA A100-SXM4-40GB MIG 4g.20gb (0),1,,13,[CUDA memset]
6215884444,3008,443931,,,,,,,,,,0.031,10404.230,Pinned,Device,NVIDIA A100-SXM4-40GB MIG 4g.20gb (0),1,,13,[CUDA memcpy Host-to-Device]
6215889915,9728,443932,,,,,,,,,,0.197,20210.516,Pinned,Device,NVIDIA A100-SXM4-40GB MIG 4g.20gb (0),1,,13,[CUDA memcpy Host-to-Device]
6215904795,8128,443933,273,1,1,8,4,1,39,0.002,0.000,,,,,NVIDIA A100-SXM4-40GB MIG 4g.20gb (0),1,,13,"void channel_eq::eqMmseCoefCompLowMimoKernel<float, float, float, (unsigned int)4, (unsigned int)1, (unsigned int)4>(const channel_eq::_puschRxChEqStatDescr *, channel_eq::_puschRxChEqCoefCompDynDescr)"
6215915835,7520,443934,273,1,1,12,11,1,51,0.002,0.000,,,,,NVIDIA A100-SXM4-40GB MIG 4g.20gb (0),1,,13,"void channel_eq::eqMmseSoftDemapKernel<float, __half, __half, float, (unsigned int)4, (unsigned short)16383>(channel_eq::_puschRxChEqStatDescr *, channel_eq::_puschRxChEqSoftDemapDynDescr)"
6215924987,295004,443935,1,1,1,32,32,1,30,0.000,0.000,,,,,NVIDIA A100-SXM4-40GB MIG 4g.20gb (0),1,,13,"void convert_kernel<float2, __half2>(tensor_layout_any, T1 *, tensor_layout_any, const T2 *)"
6216221367,10944,443947,2253,1,1,128,1,1,16,0.000,0.000,,,,,NVIDIA A100-SXM4-40GB MIG 4g.20gb (0),1,,13,cupy_copy__float16_float16
6216235991,3488,443956,282,1,1,128,1,1,16,0.000,0.000,,,,,NVIDIA A100-SXM4-40GB MIG 4g.20gb (0),1,,13,cupy_copy__complex64_complex64
6216243351,2112,443965,26,1,1,128,1,1,16,0.000,0.000,,,,,NVIDIA A100-SXM4-40GB MIG 4g.20gb (0),1,,13,cupy_copy__float32_float32
6216247479,4608,443974,103,1,1,128,1,1,16,0.000,0.000,,,,,NVIDIA A100-SXM4-40GB MIG 4g.20gb (0),1,,13,cupy_copy__complex64_complex64
6216254903,12512,443984,1434,1,1,128,1,1,16,0.000,0.000,,,,,NVIDIA A100-SXM4-40GB MIG 4g.20gb (0),1,,13,cupy_copy__complex64_complex64
6216272599,86591,443989,1,1,1,32,32,1,30,0.000,0.000,,,,,NVIDIA A100-SXM4-40GB MIG 4g.20gb (0),1,,13,"void convert_kernel<__half2, float2>(tensor_layout_any, T1 *, tensor_layout_any, const T2 *)"
6216386357,5920,443992,,,,,,,,,,0.094,15826.941,Pinned,Device,NVIDIA A100-SXM4-40GB MIG 4g.20gb (0),1,,13,[CUDA memcpy Host-to-Device]
6216396917,596665,443993,,,,,,,,,,456.561,764740.412,Device,,NVIDIA A100-SXM4-40GB MIG 4g.20gb (0),1,,13,[CUDA memset]
6217000622,127870,443998,,,,,,,,,,1.235,9657.262,Pinned,Device,NVIDIA A100-SXM4-40GB MIG 4g.20gb (0),1,,13,[CUDA memcpy Host-to-Device]
6217142316,43615,443999,,,,,,,,,,0.197,4507.632,Pinned,Device,NVIDIA A100-SXM4-40GB MIG 4g.20gb (0),1,,13,[CUDA memcpy Host-to-Device]
6217206219,8000,444000,69,4,1,48,1,1,76,0.002,0.000,,,,,NVIDIA A100-SXM4-40GB MIG 4g.20gb (0),1,,13,"void ch_est::windowedChEstPreNoDftSOfdmKernel<float, __half, float, (unsigned int)2, (unsigned int)1, (unsigned short)4>(ch_est::puschRxChEstStatDescr_t *, ch_est::puschRxChEstDynDescr_t *)"
6217224523,6496,444001,137,2,1,24,2,1,44,0.001,0.001,,,,,NVIDIA A100-SXM4-40GB MIG 4g.20gb (0),1,,13,"void ch_est::chEstFilterNoDftSOfdmDispatchKernel<float, __half, float, (unsigned int)2>(ch_est::puschRxChEstStatDescr_t *, ch_est::puschRxChEstDynDescr_t *)"
6217239947,4864,444002,137,2,1,24,2,1,44,0.001,0.001,,,,,NVIDIA A100-SXM4-40GB MIG 4g.20gb (0),1,,13,"void ch_est::chEstFilterNoDftSOfdmDispatchKernel<float, __half, float, (unsigned int)2>(ch_est::puschRxChEstStatDescr_t *, ch_est::puschRxChEstDynDescr_t *)"
6217255051,2656,444013,103,1,1,128,1,1,16,0.000,0.000,,,,,NVIDIA A100-SXM4-40GB MIG 4g.20gb (0),1,,13,cupy_copy__complex64_complex64
6217269674,12576,444023,1434,1,1,128,1,1,16,0.000,0.000,,,,,NVIDIA A100-SXM4-40GB MIG 4g.20gb (0),1,,13,cupy_copy__complex64_complex64
6217289386,2592,444030,103,1,1,128,1,1,16,0.000,0.000,,,,,NVIDIA A100-SXM4-40GB MIG 4g.20gb (0),1,,13,cupy_copy__complex64_complex64
6217303562,88063,444037,1,1,1,32,32,1,30,0.000,0.000,,,,,NVIDIA A100-SXM4-40GB MIG 4g.20gb (0),1,,13,"void convert_kernel<__half2, float2>(tensor_layout_any, T1 *, tensor_layout_any, const T2 *)"
6217424361,17791,444040,,,,,,,,,,0.094,5266.465,Pinned,Device,NVIDIA A100-SXM4-40GB MIG 4g.20gb (0),1,,13,[CUDA memcpy Host-to-Device]
6217457096,46368,444041,,,,,,,,,,35.810,772276.735,Device,,NVIDIA A100-SXM4-40GB MIG 4g.20gb (0),1,,13,[CUDA memset]
6217505000,7743,444043,,,,,,,,,,0.000,10.332,Pinned,Device,NVIDIA A100-SXM4-40GB MIG 4g.20gb (0),1,,13,[CUDA memcpy Host-to-Device]
6217521287,29120,444044,,,,,,,,,,0.197,6751.519,Pinned,Device,NVIDIA A100-SXM4-40GB MIG 4g.20gb (0),1,,13,[CUDA memcpy Host-to-Device]
6217566919,9600,444045,273,1,1,48,1,1,40,0.000,0.001,,,,,NVIDIA A100-SXM4-40GB MIG 4g.20gb (0),1,,13,"void pusch_noise_intf_est::noiseIntfEstNoDftSOfdmKernel<float, __half, float, float, (unsigned int)2, (unsigned int)1, (unsigned char)4, (unsigned char)4>(pusch_noise_intf_est::puschRxNoiseIntfEstDynDescr)"
6217583879,2688,444056,35,1,1,128,1,1,16,0.000,0.000,,,,,NVIDIA A100-SXM4-40GB MIG 4g.20gb (0),1,,13,cupy_copy__complex64_complex64
6217599878,1696,444065,1,1,1,1,1,1,18,0.000,0.000,,,,,NVIDIA A100-SXM4-40GB MIG 4g.20gb (0),1,,13,cupy_copy__float32_float32
6217603750,7360,444071,,,,,,,,,,0.000,0.543,Device,Pageable,NVIDIA A100-SXM4-40GB MIG 4g.20gb (0),1,,7,[CUDA memcpy Device-to-Host]
6217699397,12800,444082,1434,1,1,128,1,1,16,0.000,0.000,,,,,NVIDIA A100-SXM4-40GB MIG 4g.20gb (0),1,,13,cupy_copy__complex64_complex64
6217721989,3392,444089,103,1,1,128,1,1,16,0.000,0.000,,,,,NVIDIA A100-SXM4-40GB MIG 4g.20gb (0),1,,13,cupy_copy__complex64_complex64
6217741541,2304,444096,35,1,1,128,1,1,16,0.000,0.000,,,,,NVIDIA A100-SXM4-40GB MIG 4g.20gb (0),1,,13,cupy_copy__complex64_complex64
6217757636,1984,444103,1,1,1,1,1,1,18,0.000,0.000,,,,,NVIDIA A100-SXM4-40GB MIG 4g.20gb (0),1,,13,cupy_copy__float32_float32
6217889859,86015,444114,1,1,1,32,32,1,30,0.000,0.000,,,,,NVIDIA A100-SXM4-40GB MIG 4g.20gb (0),1,,13,"void convert_kernel<__half2, float2>(tensor_layout_any, T1 *, tensor_layout_any, const T2 *)"
6218005217,13440,444117,,,,,,,,,,0.094,6971.357,Pinned,Device,NVIDIA A100-SXM4-40GB MIG 4g.20gb (0),1,,13,[CUDA memcpy Host-to-Device]
6218028545,3456,444118,,,,,,,,,,1.547,447517.201,Device,,NVIDIA A100-SXM4-40GB MIG 4g.20gb (0),1,,13,[CUDA memset]
6218037921,6176,444123,,,,,,,,,,0.031,5067.354,Pinned,Device,NVIDIA A100-SXM4-40GB MIG 4g.20gb (0),1,,13,[CUDA memcpy Host-to-Device]
6218047521,13664,444124,,,,,,,,,,0.197,14388.756,Pinned,Device,NVIDIA A100-SXM4-40GB MIG 4g.20gb (0),1,,13,[CUDA memcpy Host-to-Device]
6218077312,6144,444125,273,1,1,8,4,1,39,0.002,0.000,,,,,NVIDIA A100-SXM4-40GB MIG 4g.20gb (0),1,,13,"void channel_eq::eqMmseCoefCompLowMimoKernel<float, float, float, (unsigned int)4, (unsigned int)1, (unsigned int)4>(const channel_eq::_puschRxChEqStatDescr *, channel_eq::_puschRxChEqCoefCompDynDescr)"
6218086592,5568,444126,273,1,1,12,11,1,51,0.002,0.000,,,,,NVIDIA A100-SXM4-40GB MIG 4g.20gb (0),1,,13,"void channel_eq::eqMmseSoftDemapKernel<float, __half, __half, float, (unsigned int)4, (unsigned short)16383>(channel_eq::_puschRxChEqStatDescr *, channel_eq::_puschRxChEqSoftDemapDynDescr)"
6218095680,282973,444127,1,1,1,32,32,1,30,0.000,0.000,,,,,NVIDIA A100-SXM4-40GB MIG 4g.20gb (0),1,,13,"void convert_kernel<float2, __half2>(tensor_layout_any, T1 *, tensor_layout_any, const T2 *)"
6218380893,11040,444139,2253,1,1,128,1,1,16,0.000,0.000,,,,,NVIDIA A100-SXM4-40GB MIG 4g.20gb (0),1,,13,cupy_copy__float16_float16
6218395549,3520,444148,282,1,1,128,1,1,16,0.000,0.000,,,,,NVIDIA A100-SXM4-40GB MIG 4g.20gb (0),1,,13,cupy_copy__complex64_complex64
6218403324,3392,444157,26,1,1,128,1,1,16,0.000,0.000,,,,,NVIDIA A100-SXM4-40GB MIG 4g.20gb (0),1,,13,cupy_copy__float32_float32
6218409756,3072,444166,103,1,1,128,1,1,16,0.000,0.000,,,,,NVIDIA A100-SXM4-40GB MIG 4g.20gb (0),1,,13,cupy_copy__complex64_complex64
6218416220,12096,444176,1434,1,1,128,1,1,16,0.000,0.000,,,,,NVIDIA A100-SXM4-40GB MIG 4g.20gb (0),1,,13,cupy_copy__complex64_complex64
6218429692,81983,444181,1,1,1,32,32,1,30,0.000,0.000,,,,,NVIDIA A100-SXM4-40GB MIG 4g.20gb (0),1,,13,"void convert_kernel<__half2, float2>(tensor_layout_any, T1 *, tensor_layout_any, const T2 *)"
6218538811,5568,444184,,,,,,,,,,0.094,16827.521,Pinned,Device,NVIDIA A100-SXM4-40GB MIG 4g.20gb (0),1,,13,[CUDA memcpy Host-to-Device]
6218548571,595864,444185,,,,,,,,,,456.561,766110.096,Device,,NVIDIA A100-SXM4-40GB MIG 4g.20gb (0),1,,13,[CUDA memset]
6219150291,83359,444190,,,,,,,,,,1.235,14814.388,Pinned,Device,NVIDIA A100-SXM4-40GB MIG 4g.20gb (0),1,,13,[CUDA memcpy Host-to-Device]
6219240914,18848,444191,,,,,,,,,,0.197,10431.234,Pinned,Device,NVIDIA A100-SXM4-40GB MIG 4g.20gb (0),1,,13,[CUDA memcpy Host-to-Device]
6219274482,8128,444192,69,4,1,48,1,1,76,0.002,0.000,,,,,NVIDIA A100-SXM4-40GB MIG 4g.20gb (0),1,,13,"void ch_est::windowedChEstPreNoDftSOfdmKernel<float, __half, float, (unsigned int)2, (unsigned int)1, (unsigned short)4>(ch_est::puschRxChEstStatDescr_t *, ch_est::puschRxChEstDynDescr_t *)"
6219290258,7775,444193,137,2,1,24,2,1,44,0.001,0.001,,,,,NVIDIA A100-SXM4-40GB MIG 4g.20gb (0),1,,13,"void ch_est::chEstFilterNoDftSOfdmDispatchKernel<float, __half, float, (unsigned int)2>(ch_est::puschRxChEstStatDescr_t *, ch_est::puschRxChEstDynDescr_t *)"
6219306129,5440,444194,137,2,1,24,2,1,44,0.001,0.001,,,,,NVIDIA A100-SXM4-40GB MIG 4g.20gb (0),1,,13,"void ch_est::chEstFilterNoDftSOfdmDispatchKernel<float, __half, float, (unsigned int)2>(ch_est::puschRxChEstStatDescr_t *, ch_est::puschRxChEstDynDescr_t *)"
6219315601,3040,444205,103,1,1,128,1,1,16,0.000,0.000,,,,,NVIDIA A100-SXM4-40GB MIG 4g.20gb (0),1,,13,cupy_copy__complex64_complex64
6219324593,12832,444215,1434,1,1,128,1,1,16,0.000,0.000,,,,,NVIDIA A100-SXM4-40GB MIG 4g.20gb (0),1,,13,cupy_copy__complex64_complex64
6219340017,3040,444222,103,1,1,128,1,1,16,0.000,0.000,,,,,NVIDIA A100-SXM4-40GB MIG 4g.20gb (0),1,,13,cupy_copy__complex64_complex64
6219350193,88191,444229,1,1,1,32,32,1,30,0.000,0.000,,,,,NVIDIA A100-SXM4-40GB MIG 4g.20gb (0),1,,13,"void convert_kernel<__half2, float2>(tensor_layout_any, T1 *, tensor_layout_any, const T2 *)"
6219468559,13696,444232,,,,,,,,,,0.094,6841.120,Pinned,Device,NVIDIA A100-SXM4-40GB MIG 4g.20gb (0),1,,13,[CUDA memcpy Host-to-Device]
6219493839,47743,444233,,,,,,,,,,35.810,750038.774,Device,,NVIDIA A100-SXM4-40GB MIG 4g.20gb (0),1,,13,[CUDA memset]
6219544622,11648,444235,,,,,,,,,,0.000,6.868,Pinned,Device,NVIDIA A100-SXM4-40GB MIG 4g.20gb (0),1,,13,[CUDA memcpy Host-to-Device]
6219566478,18016,444236,,,,,,,,,,0.197,10912.924,Pinned,Device,NVIDIA A100-SXM4-40GB MIG 4g.20gb (0),1,,13,[CUDA memcpy Host-to-Device]
6219597966,10336,444237,273,1,1,48,1,1,40,0.000,0.001,,,,,NVIDIA A100-SXM4-40GB MIG 4g.20gb (0),1,,13,"void pusch_noise_intf_est::noiseIntfEstNoDftSOfdmKernel<float, __half, float, float, (unsigned int)2, (unsigned int)1, (unsigned char)4, (unsigned char)4>(pusch_noise_intf_est::puschRxNoiseIntfEstDynDescr)"
6219617901,2592,444248,35,1,1,128,1,1,16,0.000,0.000,,,,,NVIDIA A100-SXM4-40GB MIG 4g.20gb (0),1,,13,cupy_copy__complex64_complex64
6219629965,1696,444257,1,1,1,1,1,1,18,0.000,0.000,,,,,NVIDIA A100-SXM4-40GB MIG 4g.20gb (0),1,,13,cupy_copy__float32_float32
6219635661,3520,444263,,,,,,,,,,0.000,1.136,Device,Pageable,NVIDIA A100-SXM4-40GB MIG 4g.20gb (0),1,,7,[CUDA memcpy Device-to-Host]
6219706476,12832,444274,1434,1,1,128,1,1,16,0.000,0.000,,,,,NVIDIA A100-SXM4-40GB MIG 4g.20gb (0),1,,13,cupy_copy__complex64_complex64
6219733036,3072,444281,103,1,1,128,1,1,16,0.000,0.000,,,,,NVIDIA A100-SXM4-40GB MIG 4g.20gb (0),1,,13,cupy_copy__complex64_complex64
6219753036,2528,444288,35,1,1,128,1,1,16,0.000,0.000,,,,,NVIDIA A100-SXM4-40GB MIG 4g.20gb (0),1,,13,cupy_copy__complex64_complex64
6219771468,1920,444295,1,1,1,1,1,1,18,0.000,0.000,,,,,NVIDIA A100-SXM4-40GB MIG 4g.20gb (0),1,,13,cupy_copy__float32_float32
6219901610,82687,444306,1,1,1,32,32,1,30,0.000,0.000,,,,,NVIDIA A100-SXM4-40GB MIG 4g.20gb (0),1,,13,"void convert_kernel<__half2, float2>(tensor_layout_any, T1 *, tensor_layout_any, const T2 *)"
6220012873,5792,444309,,,,,,,,,,0.094,16176.708,Pinned,Device,NVIDIA A100-SXM4-40GB MIG 4g.20gb (0),1,,13,[CUDA memcpy Host-to-Device]
6220027496,3392,444310,,,,,,,,,,1.547,455961.768,Device,,NVIDIA A100-SXM4-40GB MIG 4g.20gb (0),1,,13,[CUDA memset]
6220034408,3040,444315,,,,,,,,,,0.031,10294.725,Pinned,Device,NVIDIA A100-SXM4-40GB MIG 4g.20gb (0),1,,13,[CUDA memcpy Host-to-Device]
6220040264,9696,444316,,,,,,,,,,0.197,20277.166,Pinned,Device,NVIDIA A100-SXM4-40GB MIG 4g.20gb (0),1,,13,[CUDA memcpy Host-to-Device]
6220055304,8064,444317,273,1,1,8,4,1,39,0.002,0.000,,,,,NVIDIA A100-SXM4-40GB MIG 4g.20gb (0),1,,13,"void channel_eq::eqMmseCoefCompLowMimoKernel<float, float, float, (unsigned int)4, (unsigned int)1, (unsigned int)4>(const channel_eq::_puschRxChEqStatDescr *, channel_eq::_puschRxChEqCoefCompDynDescr)"
6220064392,5952,444318,273,1,1,12,11,1,51,0.002,0.000,,,,,NVIDIA A100-SXM4-40GB MIG 4g.20gb (0),1,,13,"void channel_eq::eqMmseSoftDemapKernel<float, __half, __half, float, (unsigned int)4, (unsigned short)16383>(channel_eq::_puschRxChEqStatDescr *, channel_eq::_puschRxChEqSoftDemapDynDescr)"
6220071336,294492,444319,1,1,1,32,32,1,30,0.000,0.000,,,,,NVIDIA A100-SXM4-40GB MIG 4g.20gb (0),1,,13,"void convert_kernel<float2, __half2>(tensor_layout_any, T1 *, tensor_layout_any, const T2 *)"
6220367524,10848,444331,2253,1,1,128,1,1,16,0.000,0.000,,,,,NVIDIA A100-SXM4-40GB MIG 4g.20gb (0),1,,13,cupy_copy__float16_float16
6220384196,2944,444340,282,1,1,128,1,1,16,0.000,0.000,,,,,NVIDIA A100-SXM4-40GB MIG 4g.20gb (0),1,,13,cupy_copy__complex64_complex64
6220390404,2304,444349,26,1,1,128,1,1,16,0.000,0.000,,,,,NVIDIA A100-SXM4-40GB MIG 4g.20gb (0),1,,13,cupy_copy__float32_float32
6220394212,2976,444358,103,1,1,128,1,1,16,0.000,0.000,,,,,NVIDIA A100-SXM4-40GB MIG 4g.20gb (0),1,,13,cupy_copy__complex64_complex64
6220451651,12320,444374,1434,1,1,128,1,1,16,0.000,0.000,,,,,NVIDIA A100-SXM4-40GB MIG 4g.20gb (0),1,,13,cupy_copy__complex64_complex64
6220565986,82111,444379,1,1,1,32,32,1,30,0.000,0.000,,,,,NVIDIA A100-SXM4-40GB MIG 4g.20gb (0),1,,13,"void convert_kernel<__half2, float2>(tensor_layout_any, T1 *, tensor_layout_any, const T2 *)"
6220675520,6560,444382,,,,,,,,,,0.094,14282.925,Pinned,Device,NVIDIA A100-SXM4-40GB MIG 4g.20gb (0),1,,13,[CUDA memcpy Host-to-Device]
6220685920,600825,444383,,,,,,,,,,456.561,759718.236,Device,,NVIDIA A100-SXM4-40GB MIG 4g.20gb (0),1,,13,[CUDA memset]
6221294521,90559,444388,,,,,,,,,,1.235,13636.252,Pinned,Device,NVIDIA A100-SXM4-40GB MIG 4g.20gb (0),1,,13,[CUDA memcpy Host-to-Device]
6221392440,17983,444389,,,,,,,,,,0.197,10932.978,Pinned,Device,NVIDIA A100-SXM4-40GB MIG 4g.20gb (0),1,,13,[CUDA memcpy Host-to-Device]
6221424663,8384,444390,69,4,1,48,1,1,76,0.002,0.000,,,,,NVIDIA A100-SXM4-40GB MIG 4g.20gb (0),1,,13,"void ch_est::windowedChEstPreNoDftSOfdmKernel<float, __half, float, (unsigned int)2, (unsigned int)1, (unsigned short)4>(ch_est::puschRxChEstStatDescr_t *, ch_est::puschRxChEstDynDescr_t *)"
6221439703,7168,444391,137,2,1,24,2,1,44,0.001,0.001,,,,,NVIDIA A100-SXM4-40GB MIG 4g.20gb (0),1,,13,"void ch_est::chEstFilterNoDftSOfdmDispatchKernel<float, __half, float, (unsigned int)2>(ch_est::puschRxChEstStatDescr_t *, ch_est::puschRxChEstDynDescr_t *)"
6221455063,5248,444392,137,2,1,24,2,1,44,0.001,0.001,,,,,NVIDIA A100-SXM4-40GB MIG 4g.20gb (0),1,,13,"void ch_est::chEstFilterNoDftSOfdmDispatchKernel<float, __half, float, (unsigned int)2>(ch_est::puschRxChEstStatDescr_t *, ch_est::puschRxChEstDynDescr_t *)"
6221464695,2528,444403,103,1,1,128,1,1,16,0.000,0.000,,,,,NVIDIA A100-SXM4-40GB MIG 4g.20gb (0),1,,13,cupy_copy__complex64_complex64
6221473527,12863,444413,1434,1,1,128,1,1,16,0.000,0.000,,,,,NVIDIA A100-SXM4-40GB MIG 4g.20gb (0),1,,13,cupy_copy__complex64_complex64
6221488726,2944,444420,103,1,1,128,1,1,16,0.000,0.000,,,,,NVIDIA A100-SXM4-40GB MIG 4g.20gb (0),1,,13,cupy_copy__complex64_complex64
6221498358,85087,444427,1,1,1,32,32,1,30,0.000,0.000,,,,,NVIDIA A100-SXM4-40GB MIG 4g.20gb (0),1,,13,"void convert_kernel<__half2, float2>(tensor_layout_any, T1 *, tensor_layout_any, const T2 *)"
6221614229,10144,444430,,,,,,,,,,0.094,9236.552,Pinned,Device,NVIDIA A100-SXM4-40GB MIG 4g.20gb (0),1,,13,[CUDA memcpy Host-to-Device]
6221634101,47071,444431,,,,,,,,,,35.810,760745.940,Device,,NVIDIA A100-SXM4-40GB MIG 4g.20gb (0),1,,13,[CUDA memset]
6221688436,5312,444433,,,,,,,,,,0.000,15.060,Pinned,Device,NVIDIA A100-SXM4-40GB MIG 4g.20gb (0),1,,13,[CUDA memcpy Host-to-Device]
6221701844,18080,444434,,,,,,,,,,0.197,10874.192,Pinned,Device,NVIDIA A100-SXM4-40GB MIG 4g.20gb (0),1,,13,[CUDA memcpy Host-to-Device]
6221733843,9984,444435,273,1,1,48,1,1,40,0.000,0.001,,,,,NVIDIA A100-SXM4-40GB MIG 4g.20gb (0),1,,13,"void pusch_noise_intf_est::noiseIntfEstNoDftSOfdmKernel<float, __half, float, float, (unsigned int)2, (unsigned int)1, (unsigned char)4, (unsigned char)4>(pusch_noise_intf_est::puschRxNoiseIntfEstDynDescr)"
6221753619,2848,444446,35,1,1,128,1,1,16,0.000,0.000,,,,,NVIDIA A100-SXM4-40GB MIG 4g.20gb (0),1,,13,cupy_copy__complex64_complex64
6221764275,1696,444455,1,1,1,1,1,1,18,0.000,0.000,,,,,NVIDIA A100-SXM4-40GB MIG 4g.20gb (0),1,,13,cupy_copy__float32_float32
6221770355,6528,444461,,,,,,,,,,0.000,0.613,Device,Pageable,NVIDIA A100-SXM4-40GB MIG 4g.20gb (0),1,,7,[CUDA memcpy Device-to-Host]
6221849554,13216,444472,1434,1,1,128,1,1,16,0.000,0.000,,,,,NVIDIA A100-SXM4-40GB MIG 4g.20gb (0),1,,13,cupy_copy__complex64_complex64
6221877426,3392,444479,103,1,1,128,1,1,16,0.000,0.000,,,,,NVIDIA A100-SXM4-40GB MIG 4g.20gb (0),1,,13,cupy_copy__complex64_complex64
6221894449,2656,444486,35,1,1,128,1,1,16,0.000,0.000,,,,,NVIDIA A100-SXM4-40GB MIG 4g.20gb (0),1,,13,cupy_copy__complex64_complex64
6221905745,1952,444493,1,1,1,1,1,1,18,0.000,0.000,,,,,NVIDIA A100-SXM4-40GB MIG 4g.20gb (0),1,,13,cupy_copy__float32_float32
6222038832,81407,444504,1,1,1,32,32,1,30,0.000,0.000,,,,,NVIDIA A100-SXM4-40GB MIG 4g.20gb (0),1,,13,"void convert_kernel<__half2, float2>(tensor_layout_any, T1 *, tensor_layout_any, const T2 *)"
6222148110,5440,444507,,,,,,,,,,0.094,17223.480,Pinned,Device,NVIDIA A100-SXM4-40GB MIG 4g.20gb (0),1,,13,[CUDA memcpy Host-to-Device]
6222163950,3168,444508,,,,,,,,,,1.547,488201.145,Device,,NVIDIA A100-SXM4-40GB MIG 4g.20gb (0),1,,13,[CUDA memset]
6222170766,2976,444513,,,,,,,,,,0.031,10516.113,Pinned,Device,NVIDIA A100-SXM4-40GB MIG 4g.20gb (0),1,,13,[CUDA memcpy Host-to-Device]
6222177710,9440,444514,,,,,,,,,,0.197,20827.079,Pinned,Device,NVIDIA A100-SXM4-40GB MIG 4g.20gb (0),1,,13,[CUDA memcpy Host-to-Device]
6222190798,6016,444515,273,1,1,8,4,1,39,0.002,0.000,,,,,NVIDIA A100-SXM4-40GB MIG 4g.20gb (0),1,,13,"void channel_eq::eqMmseCoefCompLowMimoKernel<float, float, float, (unsigned int)4, (unsigned int)1, (unsigned int)4>(const channel_eq::_puschRxChEqStatDescr *, channel_eq::_puschRxChEqCoefCompDynDescr)"
6222197838,6080,444516,273,1,1,12,11,1,51,0.002,0.000,,,,,NVIDIA A100-SXM4-40GB MIG 4g.20gb (0),1,,13,"void channel_eq::eqMmseSoftDemapKernel<float, __half, __half, float, (unsigned int)4, (unsigned short)16383>(channel_eq::_puschRxChEqStatDescr *, channel_eq::_puschRxChEqSoftDemapDynDescr)"
6222204846,282364,444517,1,1,1,32,32,1,30,0.000,0.000,,,,,NVIDIA A100-SXM4-40GB MIG 4g.20gb (0),1,,13,"void convert_kernel<float2, __half2>(tensor_layout_any, T1 *, tensor_layout_any, const T2 *)"
6222488170,10880,444529,2253,1,1,128,1,1,16,0.000,0.000,,,,,NVIDIA A100-SXM4-40GB MIG 4g.20gb (0),1,,13,cupy_copy__float16_float16
6222502378,3648,444538,282,1,1,128,1,1,16,0.000,0.000,,,,,NVIDIA A100-SXM4-40GB MIG 4g.20gb (0),1,,13,cupy_copy__complex64_complex64
6222507370,2752,444547,26,1,1,128,1,1,16,0.000,0.000,,,,,NVIDIA A100-SXM4-40GB MIG 4g.20gb (0),1,,13,cupy_copy__float32_float32
6222512586,3360,444556,103,1,1,128,1,1,16,0.000,0.000,,,,,NVIDIA A100-SXM4-40GB MIG 4g.20gb (0),1,,13,cupy_copy__complex64_complex64
6222518762,12032,444566,1434,1,1,128,1,1,16,0.000,0.000,,,,,NVIDIA A100-SXM4-40GB MIG 4g.20gb (0),1,,13,cupy_copy__complex64_complex64
6222538441,82591,444571,1,1,1,32,32,1,30,0.000,0.000,,,,,NVIDIA A100-SXM4-40GB MIG 4g.20gb (0),1,,13,"void convert_kernel<__half2, float2>(tensor_layout_any, T1 *, tensor_layout_any, const T2 *)"
6222648552,5664,444574,,,,,,,,,,0.094,16542.310,Pinned,Device,NVIDIA A100-SXM4-40GB MIG 4g.20gb (0),1,,13,[CUDA memcpy Host-to-Device]
6222660456,599673,444575,,,,,,,,,,456.561,761087.920,Device,,NVIDIA A100-SXM4-40GB MIG 4g.20gb (0),1,,13,[CUDA memset]
6223266400,122559,444580,,,,,,,,,,1.235,10075.908,Pinned,Device,NVIDIA A100-SXM4-40GB MIG 4g.20gb (0),1,,13,[CUDA memcpy Host-to-Device]
6223402623,31583,444581,,,,,,,,,,0.197,6225.002,Pinned,Device,NVIDIA A100-SXM4-40GB MIG 4g.20gb (0),1,,13,[CUDA memcpy Host-to-Device]
6223449950,8160,444582,69,4,1,48,1,1,76,0.002,0.000,,,,,NVIDIA A100-SXM4-40GB MIG 4g.20gb (0),1,,13,"void ch_est::windowedChEstPreNoDftSOfdmKernel<float, __half, float, (unsigned int)2, (unsigned int)1, (unsigned short)4>(ch_est::puschRxChEstStatDescr_t *, ch_est::puschRxChEstDynDescr_t *)"
6223461342,6944,444583,137,2,1,24,2,1,44,0.001,0.001,,,,,NVIDIA A100-SXM4-40GB MIG 4g.20gb (0),1,,13,"void ch_est::chEstFilterNoDftSOfdmDispatchKernel<float, __half, float, (unsigned int)2>(ch_est::puschRxChEstStatDescr_t *, ch_est::puschRxChEstDynDescr_t *)"
6223473310,5024,444584,137,2,1,24,2,1,44,0.001,0.001,,,,,NVIDIA A100-SXM4-40GB MIG 4g.20gb (0),1,,13,"void ch_est::chEstFilterNoDftSOfdmDispatchKernel<float, __half, float, (unsigned int)2>(ch_est::puschRxChEstStatDescr_t *, ch_est::puschRxChEstDynDescr_t *)"
6223482238,2528,444595,103,1,1,128,1,1,16,0.000,0.000,,,,,NVIDIA A100-SXM4-40GB MIG 4g.20gb (0),1,,13,cupy_copy__complex64_complex64
6223497246,12959,444605,1434,1,1,128,1,1,16,0.000,0.000,,,,,NVIDIA A100-SXM4-40GB MIG 4g.20gb (0),1,,13,cupy_copy__complex64_complex64
6223514077,2592,444612,103,1,1,128,1,1,16,0.000,0.000,,,,,NVIDIA A100-SXM4-40GB MIG 4g.20gb (0),1,,13,cupy_copy__complex64_complex64
6223526077,83615,444619,1,1,1,32,32,1,30,0.000,0.000,,,,,NVIDIA A100-SXM4-40GB MIG 4g.20gb (0),1,,13,"void convert_kernel<__half2, float2>(tensor_layout_any, T1 *, tensor_layout_any, const T2 *)"
6223636924,6208,444622,,,,,,,,,,0.094,15092.739,Pinned,Device,NVIDIA A100-SXM4-40GB MIG 4g.20gb (0),1,,13,[CUDA memcpy Host-to-Device]
6223650204,47583,444623,,,,,,,,,,35.810,752545.469,Device,,NVIDIA A100-SXM4-40GB MIG 4g.20gb (0),1,,13,[CUDA memset]
6223703643,2784,444625,,,,,,,,,,0.000,28.736,Pinned,Device,NVIDIA A100-SXM4-40GB MIG 4g.20gb (0),1,,13,[CUDA memcpy Host-to-Device]
6223711963,12224,444626,,,,,,,,,,0.197,16083.714,Pinned,Device,NVIDIA A100-SXM4-40GB MIG 4g.20gb (0),1,,13,[CUDA memcpy Host-to-Device]
6223731163,10720,444627,273,1,1,48,1,1,40,0.000,0.001,,,,,NVIDIA A100-SXM4-40GB MIG 4g.20gb (0),1,,13,"void pusch_noise_intf_est::noiseIntfEstNoDftSOfdmKernel<float, __half, float, float, (unsigned int)2, (unsigned int)1, (unsigned char)4, (unsigned char)4>(pusch_noise_intf_est::puschRxNoiseIntfEstDynDescr)"
6223748091,2751,444638,35,1,1,128,1,1,16,0.000,0.000,,,,,NVIDIA A100-SXM4-40GB MIG 4g.20gb (0),1,,13,cupy_copy__complex64_complex64
6223757818,2112,444647,1,1,1,1,1,1,18,0.000,0.000,,,,,NVIDIA A100-SXM4-40GB MIG 4g.20gb (0),1,,13,cupy_copy__float32_float32
6223789498,1888,444653,,,,,,,,,,0.000,2.119,Device,Pageable,NVIDIA A100-SXM4-40GB MIG 4g.20gb (0),1,,7,[CUDA memcpy Device-to-Host]
6223850745,13088,444664,1434,1,1,128,1,1,16,0.000,0.000,,,,,NVIDIA A100-SXM4-40GB MIG 4g.20gb (0),1,,13,cupy_copy__complex64_complex64
6223876985,3008,444671,103,1,1,128,1,1,16,0.000,0.000,,,,,NVIDIA A100-SXM4-40GB MIG 4g.20gb (0),1,,13,cupy_copy__complex64_complex64
6223898041,2400,444678,35,1,1,128,1,1,16,0.000,0.000,,,,,NVIDIA A100-SXM4-40GB MIG 4g.20gb (0),1,,13,cupy_copy__complex64_complex64
6223921432,1760,444685,1,1,1,1,1,1,18,0.000,0.000,,,,,NVIDIA A100-SXM4-40GB MIG 4g.20gb (0),1,,13,cupy_copy__float32_float32
6224052343,82303,444696,1,1,1,32,32,1,30,0.000,0.000,,,,,NVIDIA A100-SXM4-40GB MIG 4g.20gb (0),1,,13,"void convert_kernel<__half2, float2>(tensor_layout_any, T1 *, tensor_layout_any, const T2 *)"
6224161525,6016,444699,,,,,,,,,,0.094,15574.430,Pinned,Device,NVIDIA A100-SXM4-40GB MIG 4g.20gb (0),1,,13,[CUDA memcpy Host-to-Device]
6224177589,3296,444700,,,,,,,,,,1.547,469242.628,Device,,NVIDIA A100-SXM4-40GB MIG 4g.20gb (0),1,,13,[CUDA memset]
6224182773,3008,444705,,,,,,,,,,0.031,10404.230,Pinned,Device,NVIDIA A100-SXM4-40GB MIG 4g.20gb (0),1,,13,[CUDA memcpy Host-to-Device]
6224188629,9728,444706,,,,,,,,,,0.197,20210.516,Pinned,Device,NVIDIA A100-SXM4-40GB MIG 4g.20gb (0),1,,13,[CUDA memcpy Host-to-Device]
6224203157,6400,444707,273,1,1,8,4,1,39,0.002,0.000,,,,,NVIDIA A100-SXM4-40GB MIG 4g.20gb (0),1,,13,"void channel_eq::eqMmseCoefCompLowMimoKernel<float, float, float, (unsigned int)4, (unsigned int)1, (unsigned int)4>(const channel_eq::_puschRxChEqStatDescr *, channel_eq::_puschRxChEqCoefCompDynDescr)"
6224210517,6368,444708,273,1,1,12,11,1,51,0.002,0.000,,,,,NVIDIA A100-SXM4-40GB MIG 4g.20gb (0),1,,13,"void channel_eq::eqMmseSoftDemapKernel<float, __half, __half, float, (unsigned int)4, (unsigned short)16383>(channel_eq::_puschRxChEqStatDescr *, channel_eq::_puschRxChEqSoftDemapDynDescr)"
6224217845,282524,444709,1,1,1,32,32,1,30,0.000,0.000,,,,,NVIDIA A100-SXM4-40GB MIG 4g.20gb (0),1,,13,"void convert_kernel<float2, __half2>(tensor_layout_any, T1 *, tensor_layout_any, const T2 *)"
6224501937,11200,444721,2253,1,1,128,1,1,16,0.000,0.000,,,,,NVIDIA A100-SXM4-40GB MIG 4g.20gb (0),1,,13,cupy_copy__float16_float16
6224515313,2752,444730,282,1,1,128,1,1,16,0.000,0.000,,,,,NVIDIA A100-SXM4-40GB MIG 4g.20gb (0),1,,13,cupy_copy__complex64_complex64
6224520689,2144,444739,26,1,1,128,1,1,16,0.000,0.000,,,,,NVIDIA A100-SXM4-40GB MIG 4g.20gb (0),1,,13,cupy_copy__float32_float32
6224526609,3104,444748,103,1,1,128,1,1,16,0.000,0.000,,,,,NVIDIA A100-SXM4-40GB MIG 4g.20gb (0),1,,13,cupy_copy__complex64_complex64
6224532657,12480,444758,1434,1,1,128,1,1,16,0.000,0.000,,,,,NVIDIA A100-SXM4-40GB MIG 4g.20gb (0),1,,13,cupy_copy__complex64_complex64
6224552305,90750,444763,1,1,1,32,32,1,30,0.000,0.000,,,,,NVIDIA A100-SXM4-40GB MIG 4g.20gb (0),1,,13,"void convert_kernel<__half2, float2>(tensor_layout_any, T1 *, tensor_layout_any, const T2 *)"
6224669871,5664,444766,,,,,,,,,,0.094,16542.310,Pinned,Device,NVIDIA A100-SXM4-40GB MIG 4g.20gb (0),1,,13,[CUDA memcpy Host-to-Device]
6224679855,597529,444767,,,,,,,,,,456.561,763827.289,Device,,NVIDIA A100-SXM4-40GB MIG 4g.20gb (0),1,,13,[CUDA memset]
6225278536,132158,444772,,,,,,,,,,1.235,9343.586,Pinned,Device,NVIDIA A100-SXM4-40GB MIG 4g.20gb (0),1,,13,[CUDA memcpy Host-to-Device]
6225423270,39679,444773,,,,,,,,,,0.197,4954.915,Pinned,Device,NVIDIA A100-SXM4-40GB MIG 4g.20gb (0),1,,13,[CUDA memcpy Host-to-Device]
6225494917,8096,444774,69,4,1,48,1,1,76,0.002,0.000,,,,,NVIDIA A100-SXM4-40GB MIG 4g.20gb (0),1,,13,"void ch_est::windowedChEstPreNoDftSOfdmKernel<float, __half, float, (unsigned int)2, (unsigned int)1, (unsigned short)4>(ch_est::puschRxChEstStatDescr_t *, ch_est::puschRxChEstDynDescr_t *)"
6225512581,6528,444775,137,2,1,24,2,1,44,0.001,0.001,,,,,NVIDIA A100-SXM4-40GB MIG 4g.20gb (0),1,,13,"void ch_est::chEstFilterNoDftSOfdmDispatchKernel<float, __half, float, (unsigned int)2>(ch_est::puschRxChEstStatDescr_t *, ch_est::puschRxChEstDynDescr_t *)"
6225527973,4768,444776,137,2,1,24,2,1,44,0.001,0.001,,,,,NVIDIA A100-SXM4-40GB MIG 4g.20gb (0),1,,13,"void ch_est::chEstFilterNoDftSOfdmDispatchKernel<float, __half, float, (unsigned int)2>(ch_est::puschRxChEstStatDescr_t *, ch_est::puschRxChEstDynDescr_t *)"
6225543236,2592,444787,103,1,1,128,1,1,16,0.000,0.000,,,,,NVIDIA A100-SXM4-40GB MIG 4g.20gb (0),1,,13,cupy_copy__complex64_complex64
6225557444,12480,444797,1434,1,1,128,1,1,16,0.000,0.000,,,,,NVIDIA A100-SXM4-40GB MIG 4g.20gb (0),1,,13,cupy_copy__complex64_complex64
6225572356,2912,444804,103,1,1,128,1,1,16,0.000,0.000,,,,,NVIDIA A100-SXM4-40GB MIG 4g.20gb (0),1,,13,cupy_copy__complex64_complex64
6225591204,84575,444811,1,1,1,32,32,1,30,0.000,0.000,,,,,NVIDIA A100-SXM4-40GB MIG 4g.20gb (0),1,,13,"void convert_kernel<__half2, float2>(tensor_layout_any, T1 *, tensor_layout_any, const T2 *)"
6225707362,14688,444814,,,,,,,,,,0.094,6379.011,Pinned,Device,NVIDIA A100-SXM4-40GB MIG 4g.20gb (0),1,,13,[CUDA memcpy Host-to-Device]
6225741250,47455,444815,,,,,,,,,,35.810,754586.634,Device,,NVIDIA A100-SXM4-40GB MIG 4g.20gb (0),1,,13,[CUDA memset]
6225792257,6144,444817,,,,,,,,,,0.000,13.021,Pinned,Device,NVIDIA A100-SXM4-40GB MIG 4g.20gb (0),1,,13,[CUDA memcpy Host-to-Device]
6225801185,14976,444818,,,,,,,,,,0.197,13128.106,Pinned,Device,NVIDIA A100-SXM4-40GB MIG 4g.20gb (0),1,,13,[CUDA memcpy Host-to-Device]
6225825441,12544,444819,273,1,1,48,1,1,40,0.000,0.001,,,,,NVIDIA A100-SXM4-40GB MIG 4g.20gb (0),1,,13,"void pusch_noise_intf_est::noiseIntfEstNoDftSOfdmKernel<float, __half, float, float, (unsigned int)2, (unsigned int)1, (unsigned char)4, (unsigned char)4>(pusch_noise_intf_est::puschRxNoiseIntfEstDynDescr)"
6225842017,3136,444830,35,1,1,128,1,1,16,0.000,0.000,,,,,NVIDIA A100-SXM4-40GB MIG 4g.20gb (0),1,,13,cupy_copy__complex64_complex64
6225847393,1824,444839,1,1,1,1,1,1,18,0.000,0.000,,,,,NVIDIA A100-SXM4-40GB MIG 4g.20gb (0),1,,13,cupy_copy__float32_float32
6225857121,1759,444845,,,,,,,,,,0.000,2.274,Device,Pageable,NVIDIA A100-SXM4-40GB MIG 4g.20gb (0),1,,7,[CUDA memcpy Device-to-Host]
6225920992,13024,444856,1434,1,1,128,1,1,16,0.000,0.000,,,,,NVIDIA A100-SXM4-40GB MIG 4g.20gb (0),1,,13,cupy_copy__complex64_complex64
6225945951,2880,444863,103,1,1,128,1,1,16,0.000,0.000,,,,,NVIDIA A100-SXM4-40GB MIG 4g.20gb (0),1,,13,cupy_copy__complex64_complex64
6225970591,2464,444870,35,1,1,128,1,1,16,0.000,0.000,,,,,NVIDIA A100-SXM4-40GB MIG 4g.20gb (0),1,,13,cupy_copy__complex64_complex64
6225990943,2080,444877,1,1,1,1,1,1,18,0.000,0.000,,,,,NVIDIA A100-SXM4-40GB MIG 4g.20gb (0),1,,13,cupy_copy__float32_float32
6226120893,87807,444888,1,1,1,32,32,1,30,0.000,0.000,,,,,NVIDIA A100-SXM4-40GB MIG 4g.20gb (0),1,,13,"void convert_kernel<__half2, float2>(tensor_layout_any, T1 *, tensor_layout_any, const T2 *)"
6226235868,5472,444891,,,,,,,,,,0.094,17122.757,Pinned,Device,NVIDIA A100-SXM4-40GB MIG 4g.20gb (0),1,,13,[CUDA memcpy Host-to-Device]
6226251836,3232,444892,,,,,,,,,,1.547,478533.199,Device,,NVIDIA A100-SXM4-40GB MIG 4g.20gb (0),1,,13,[CUDA memset]
6226257788,3136,444897,,,,,,,,,,0.031,9979.575,Pinned,Device,NVIDIA A100-SXM4-40GB MIG 4g.20gb (0),1,,13,[CUDA memcpy Host-to-Device]
6226263323,9472,444898,,,,,,,,,,0.197,20756.693,Pinned,Device,NVIDIA A100-SXM4-40GB MIG 4g.20gb (0),1,,13,[CUDA memcpy Host-to-Device]
6226277915,6240,444899,273,1,1,8,4,1,39,0.002,0.000,,,,,NVIDIA A100-SXM4-40GB MIG 4g.20gb (0),1,,13,"void channel_eq::eqMmseCoefCompLowMimoKernel<float, float, float, (unsigned int)4, (unsigned int)1, (unsigned int)4>(const channel_eq::_puschRxChEqStatDescr *, channel_eq::_puschRxChEqCoefCompDynDescr)"
6226285243,7776,444900,273,1,1,12,11,1,51,0.002,0.000,,,,,NVIDIA A100-SXM4-40GB MIG 4g.20gb (0),1,,13,"void channel_eq::eqMmseSoftDemapKernel<float, __half, __half, float, (unsigned int)4, (unsigned short)16383>(channel_eq::_puschRxChEqStatDescr *, channel_eq::_puschRxChEqSoftDemapDynDescr)"
6226294107,282269,444901,1,1,1,32,32,1,30,0.000,0.000,,,,,NVIDIA A100-SXM4-40GB MIG 4g.20gb (0),1,,13,"void convert_kernel<float2, __half2>(tensor_layout_any, T1 *, tensor_layout_any, const T2 *)"
6226579192,10975,444913,2253,1,1,128,1,1,16,0.000,0.000,,,,,NVIDIA A100-SXM4-40GB MIG 4g.20gb (0),1,,13,cupy_copy__float16_float16
6226592407,3808,444922,282,1,1,128,1,1,16,0.000,0.000,,,,,NVIDIA A100-SXM4-40GB MIG 4g.20gb (0),1,,13,cupy_copy__complex64_complex64
6226597207,2272,444931,26,1,1,128,1,1,16,0.000,0.000,,,,,NVIDIA A100-SXM4-40GB MIG 4g.20gb (0),1,,13,cupy_copy__float32_float32
6226602359,3104,444940,103,1,1,128,1,1,16,0.000,0.000,,,,,NVIDIA A100-SXM4-40GB MIG 4g.20gb (0),1,,13,cupy_copy__complex64_complex64
6226606583,12000,444950,1434,1,1,128,1,1,16,0.000,0.000,,,,,NVIDIA A100-SXM4-40GB MIG 4g.20gb (0),1,,13,cupy_copy__complex64_complex64
6226625943,82559,444955,1,1,1,32,32,1,30,0.000,0.000,,,,,NVIDIA A100-SXM4-40GB MIG 4g.20gb (0),1,,13,"void convert_kernel<__half2, float2>(tensor_layout_any, T1 *, tensor_layout_any, const T2 *)"
6226735222,5728,444958,,,,,,,,,,0.094,16357.541,Pinned,Device,NVIDIA A100-SXM4-40GB MIG 4g.20gb (0),1,,13,[CUDA memcpy Host-to-Device]
6226747670,599096,444959,,,,,,,,,,456.561,762001.043,Device,,NVIDIA A100-SXM4-40GB MIG 4g.20gb (0),1,,13,[CUDA memset]
6227354158,113343,444964,,,,,,,,,,1.235,10894.676,Pinned,Device,NVIDIA A100-SXM4-40GB MIG 4g.20gb (0),1,,13,[CUDA memcpy Host-to-Device]
6227480140,42368,444965,,,,,,,,,,0.197,4640.342,Pinned,Device,NVIDIA A100-SXM4-40GB MIG 4g.20gb (0),1,,13,[CUDA memcpy Host-to-Device]
6227551084,7840,444966,69,4,1,48,1,1,76,0.002,0.000,,,,,NVIDIA A100-SXM4-40GB MIG 4g.20gb (0),1,,13,"void ch_est::windowedChEstPreNoDftSOfdmKernel<float, __half, float, (unsigned int)2, (unsigned int)1, (unsigned short)4>(ch_est::puschRxChEstStatDescr_t *, ch_est::puschRxChEstDynDescr_t *)"
6227570219,7232,444967,137,2,1,24,2,1,44,0.001,0.001,,,,,NVIDIA A100-SXM4-40GB MIG 4g.20gb (0),1,,13,"void ch_est::chEstFilterNoDftSOfdmDispatchKernel<float, __half, float, (unsigned int)2>(ch_est::puschRxChEstStatDescr_t *, ch_est::puschRxChEstDynDescr_t *)"
6227588139,4640,444968,137,2,1,24,2,1,44,0.001,0.001,,,,,NVIDIA A100-SXM4-40GB MIG 4g.20gb (0),1,,13,"void ch_est::chEstFilterNoDftSOfdmDispatchKernel<float, __half, float, (unsigned int)2>(ch_est::puschRxChEstStatDescr_t *, ch_est::puschRxChEstDynDescr_t *)"
6227604971,2656,444979,103,1,1,128,1,1,16,0.000,0.000,,,,,NVIDIA A100-SXM4-40GB MIG 4g.20gb (0),1,,13,cupy_copy__complex64_complex64
6227621419,12416,444989,1434,1,1,128,1,1,16,0.000,0.000,,,,,NVIDIA A100-SXM4-40GB MIG 4g.20gb (0),1,,13,cupy_copy__complex64_complex64
6227641098,2912,444996,103,1,1,128,1,1,16,0.000,0.000,,,,,NVIDIA A100-SXM4-40GB MIG 4g.20gb (0),1,,13,cupy_copy__complex64_complex64
6227660970,86591,445003,1,1,1,32,32,1,30,0.000,0.000,,,,,NVIDIA A100-SXM4-40GB MIG 4g.20gb (0),1,,13,"void convert_kernel<__half2, float2>(tensor_layout_any, T1 *, tensor_layout_any, const T2 *)"
6227781673,20704,445006,,,,,,,,,,0.094,4525.423,Pinned,Device,NVIDIA A100-SXM4-40GB MIG 4g.20gb (0),1,,13,[CUDA memcpy Host-to-Device]
6227828872,47008,445007,,,,,,,,,,35.810,761748.618,Device,,NVIDIA A100-SXM4-40GB MIG 4g.20gb (0),1,,13,[CUDA memset]
6227883912,15359,445009,,,,,,,,,,0.000,5.209,Pinned,Device,NVIDIA A100-SXM4-40GB MIG 4g.20gb (0),1,,13,[CUDA memcpy Host-to-Device]
6227911175,23712,445010,,,,,,,,,,0.197,8291.353,Pinned,Device,NVIDIA A100-SXM4-40GB MIG 4g.20gb (0),1,,13,[CUDA memcpy Host-to-Device]
6227956711,9599,445011,273,1,1,48,1,1,40,0.000,0.001,,,,,NVIDIA A100-SXM4-40GB MIG 4g.20gb (0),1,,13,"void pusch_noise_intf_est::noiseIntfEstNoDftSOfdmKernel<float, __half, float, float, (unsigned int)2, (unsigned int)1, (unsigned char)4, (unsigned char)4>(pusch_noise_intf_est::puschRxNoiseIntfEstDynDescr)"
6227973606,2720,445022,35,1,1,128,1,1,16,0.000,0.000,,,,,NVIDIA A100-SXM4-40GB MIG 4g.20gb (0),1,,13,cupy_copy__complex64_complex64
6227989990,1728,445031,1,1,1,1,1,1,18,0.000,0.000,,,,,NVIDIA A100-SXM4-40GB MIG 4g.20gb (0),1,,13,cupy_copy__float32_float32
6227993446,8608,445037,,,,,,,,,,0.000,0.465,Device,Pageable,NVIDIA A100-SXM4-40GB MIG 4g.20gb (0),1,,7,[CUDA memcpy Device-to-Host]
6228091013,12992,445048,1434,1,1,128,1,1,16,0.000,0.000,,,,,NVIDIA A100-SXM4-40GB MIG 4g.20gb (0),1,,13,cupy_copy__complex64_complex64
6228120421,3456,445055,103,1,1,128,1,1,16,0.000,0.000,,,,,NVIDIA A100-SXM4-40GB MIG 4g.20gb (0),1,,13,cupy_copy__complex64_complex64
6228136804,2336,445062,35,1,1,128,1,1,16,0.000,0.000,,,,,NVIDIA A100-SXM4-40GB MIG 4g.20gb (0),1,,13,cupy_copy__complex64_complex64
6228154436,1792,445069,1,1,1,1,1,1,18,0.000,0.000,,,,,NVIDIA A100-SXM4-40GB MIG 4g.20gb (0),1,,13,cupy_copy__float32_float32
6228281059,82879,445080,1,1,1,32,32,1,30,0.000,0.000,,,,,NVIDIA A100-SXM4-40GB MIG 4g.20gb (0),1,,13,"void convert_kernel<__half2, float2>(tensor_layout_any, T1 *, tensor_layout_any, const T2 *)"
6228391649,5568,445083,,,,,,,,,,0.094,16827.521,Pinned,Device,NVIDIA A100-SXM4-40GB MIG 4g.20gb (0),1,,13,[CUDA memcpy Host-to-Device]
6228407521,3296,445084,,,,,,,,,,1.547,469242.628,Device,,NVIDIA A100-SXM4-40GB MIG 4g.20gb (0),1,,13,[CUDA memset]
6228412961,3424,445089,,,,,,,,,,0.031,9140.185,Pinned,Device,NVIDIA A100-SXM4-40GB MIG 4g.20gb (0),1,,13,[CUDA memcpy Host-to-Device]
6228418817,9440,445090,,,,,,,,,,0.197,20827.079,Pinned,Device,NVIDIA A100-SXM4-40GB MIG 4g.20gb (0),1,,13,[CUDA memcpy Host-to-Device]
6228432609,6144,445091,273,1,1,8,4,1,39,0.002,0.000,,,,,NVIDIA A100-SXM4-40GB MIG 4g.20gb (0),1,,13,"void channel_eq::eqMmseCoefCompLowMimoKernel<float, float, float, (unsigned int)4, (unsigned int)1, (unsigned int)4>(const channel_eq::_puschRxChEqStatDescr *, channel_eq::_puschRxChEqCoefCompDynDescr)"
6228439873,7904,445092,273,1,1,12,11,1,51,0.002,0.000,,,,,NVIDIA A100-SXM4-40GB MIG 4g.20gb (0),1,,13,"void channel_eq::eqMmseSoftDemapKernel<float, __half, __half, float, (unsigned int)4, (unsigned short)16383>(channel_eq::_puschRxChEqStatDescr *, channel_eq::_puschRxChEqSoftDemapDynDescr)"
6228451265,282396,445093,1,1,1,32,32,1,30,0.000,0.000,,,,,NVIDIA A100-SXM4-40GB MIG 4g.20gb (0),1,,13,"void convert_kernel<float2, __half2>(tensor_layout_any, T1 *, tensor_layout_any, const T2 *)"
6228735037,11232,445105,2253,1,1,128,1,1,16,0.000,0.000,,,,,NVIDIA A100-SXM4-40GB MIG 4g.20gb (0),1,,13,cupy_copy__float16_float16
6228750813,3552,445114,282,1,1,128,1,1,16,0.000,0.000,,,,,NVIDIA A100-SXM4-40GB MIG 4g.20gb (0),1,,13,cupy_copy__complex64_complex64
6228756669,2176,445123,26,1,1,128,1,1,16,0.000,0.000,,,,,NVIDIA A100-SXM4-40GB MIG 4g.20gb (0),1,,13,cupy_copy__float32_float32
6228761789,2784,445132,103,1,1,128,1,1,16,0.000,0.000,,,,,NVIDIA A100-SXM4-40GB MIG 4g.20gb (0),1,,13,cupy_copy__complex64_complex64
6228765565,12447,445142,1434,1,1,128,1,1,16,0.000,0.000,,,,,NVIDIA A100-SXM4-40GB MIG 4g.20gb (0),1,,13,cupy_copy__complex64_complex64
6228782556,82463,445147,1,1,1,32,32,1,30,0.000,0.000,,,,,NVIDIA A100-SXM4-40GB MIG 4g.20gb (0),1,,13,"void convert_kernel<__half2, float2>(tensor_layout_any, T1 *, tensor_layout_any, const T2 *)"
6228892891,5856,445150,,,,,,,,,,0.094,15999.997,Pinned,Device,NVIDIA A100-SXM4-40GB MIG 4g.20gb (0),1,,13,[CUDA memcpy Host-to-Device]
6228902491,597753,445151,,,,,,,,,,456.561,763370.728,Device,,NVIDIA A100-SXM4-40GB MIG 4g.20gb (0),1,,13,[CUDA memset]
6229506899,58592,445156,,,,,,,,,,1.235,21076.789,Pinned,Device,NVIDIA A100-SXM4-40GB MIG 4g.20gb (0),1,,13,[CUDA memcpy Host-to-Device]
6229568403,10560,445157,,,,,,,,,,0.197,18617.991,Pinned,Device,NVIDIA A100-SXM4-40GB MIG 4g.20gb (0),1,,13,[CUDA memcpy Host-to-Device]
6229583283,7615,445158,69,4,1,48,1,1,76,0.002,0.000,,,,,NVIDIA A100-SXM4-40GB MIG 4g.20gb (0),1,,13,"void ch_est::windowedChEstPreNoDftSOfdmKernel<float, __half, float, (unsigned int)2, (unsigned int)1, (unsigned short)4>(ch_est::puschRxChEstStatDescr_t *, ch_est::puschRxChEstDynDescr_t *)"
6229595218,6624,445159,137,2,1,24,2,1,44,0.001,0.001,,,,,NVIDIA A100-SXM4-40GB MIG 4g.20gb (0),1,,13,"void ch_est::chEstFilterNoDftSOfdmDispatchKernel<float, __half, float, (unsigned int)2>(ch_est::puschRxChEstStatDescr_t *, ch_est::puschRxChEstDynDescr_t *)"
6229602898,4896,445160,137,2,1,24,2,1,44,0.001,0.001,,,,,NVIDIA A100-SXM4-40GB MIG 4g.20gb (0),1,,13,"void ch_est::chEstFilterNoDftSOfdmDispatchKernel<float, __half, float, (unsigned int)2>(ch_est::puschRxChEstStatDescr_t *, ch_est::puschRxChEstDynDescr_t *)"
6229609842,3040,445171,103,1,1,128,1,1,16,0.000,0.000,,,,,NVIDIA A100-SXM4-40GB MIG 4g.20gb (0),1,,13,cupy_copy__complex64_complex64
6229613906,12352,445181,1434,1,1,128,1,1,16,0.000,0.000,,,,,NVIDIA A100-SXM4-40GB MIG 4g.20gb (0),1,,13,cupy_copy__complex64_complex64
6229630642,2496,445188,103,1,1,128,1,1,16,0.000,0.000,,,,,NVIDIA A100-SXM4-40GB MIG 4g.20gb (0),1,,13,cupy_copy__complex64_complex64
6229634482,88415,445195,1,1,1,32,32,1,30,0.000,0.000,,,,,NVIDIA A100-SXM4-40GB MIG 4g.20gb (0),1,,13,"void convert_kernel<__half2, float2>(tensor_layout_any, T1 *, tensor_layout_any, const T2 *)"
6229749936,5600,445198,,,,,,,,,,0.094,16731.388,Pinned,Device,NVIDIA A100-SXM4-40GB MIG 4g.20gb (0),1,,13,[CUDA memcpy Host-to-Device]
6229761712,47328,445199,,,,,,,,,,35.810,756627.800,Device,,NVIDIA A100-SXM4-40GB MIG 4g.20gb (0),1,,13,[CUDA memset]
6229814800,2592,445201,,,,,,,,,,0.000,30.864,Pinned,Device,NVIDIA A100-SXM4-40GB MIG 4g.20gb (0),1,,13,[CUDA memcpy Host-to-Device]
6229822864,12671,445202,,,,,,,,,,0.197,15516.303,Pinned,Device,NVIDIA A100-SXM4-40GB MIG 4g.20gb (0),1,,13,[CUDA memcpy Host-to-Device]
6229843471,10208,445203,273,1,1,48,1,1,40,0.000,0.001,,,,,NVIDIA A100-SXM4-40GB MIG 4g.20gb (0),1,,13,"void pusch_noise_intf_est::noiseIntfEstNoDftSOfdmKernel<float, __half, float, float, (unsigned int)2, (unsigned int)1, (unsigned char)4, (unsigned char)4>(pusch_noise_intf_est::puschRxNoiseIntfEstDynDescr)"
6229861007,3136,445214,35,1,1,128,1,1,16,0.000,0.000,,,,,NVIDIA A100-SXM4-40GB MIG 4g.20gb (0),1,,13,cupy_copy__complex64_complex64
6229870479,2016,445223,1,1,1,1,1,1,18,0.000,0.000,,,,,NVIDIA A100-SXM4-40GB MIG 4g.20gb (0),1,,13,cupy_copy__float32_float32
6229901295,1600,445229,,,,,,,,,,0.000,2.500,Device,Pageable,NVIDIA A100-SXM4-40GB MIG 4g.20gb (0),1,,7,[CUDA memcpy Device-to-Host]
6229965134,13312,445240,1434,1,1,128,1,1,16,0.000,0.000,,,,,NVIDIA A100-SXM4-40GB MIG 4g.20gb (0),1,,13,cupy_copy__complex64_complex64
6229991277,2976,445247,103,1,1,128,1,1,16,0.000,0.000,,,,,NVIDIA A100-SXM4-40GB MIG 4g.20gb (0),1,,13,cupy_copy__complex64_complex64
6230012685,2336,445254,35,1,1,128,1,1,16,0.000,0.000,,,,,NVIDIA A100-SXM4-40GB MIG 4g.20gb (0),1,,13,cupy_copy__complex64_complex64
6230030093,1888,445261,1,1,1,1,1,1,18,0.000,0.000,,,,,NVIDIA A100-SXM4-40GB MIG 4g.20gb (0),1,,13,cupy_copy__float32_float32
6230160875,87359,445272,1,1,1,32,32,1,30,0.000,0.000,,,,,NVIDIA A100-SXM4-40GB MIG 4g.20gb (0),1,,13,"void convert_kernel<__half2, float2>(tensor_layout_any, T1 *, tensor_layout_any, const T2 *)"
6230275370,5920,445275,,,,,,,,,,0.094,15826.941,Pinned,Device,NVIDIA A100-SXM4-40GB MIG 4g.20gb (0),1,,13,[CUDA memcpy Host-to-Device]
6230289386,3456,445276,,,,,,,,,,1.547,447517.201,Device,,NVIDIA A100-SXM4-40GB MIG 4g.20gb (0),1,,13,[CUDA memset]
6230296586,3488,445281,,,,,,,,,,0.031,8972.469,Pinned,Device,NVIDIA A100-SXM4-40GB MIG 4g.20gb (0),1,,13,[CUDA memcpy Host-to-Device]
6230302602,9376,445282,,,,,,,,,,0.197,20969.226,Pinned,Device,NVIDIA A100-SXM4-40GB MIG 4g.20gb (0),1,,13,[CUDA memcpy Host-to-Device]
6230316073,8384,445283,273,1,1,8,4,1,39,0.002,0.000,,,,,NVIDIA A100-SXM4-40GB MIG 4g.20gb (0),1,,13,"void channel_eq::eqMmseCoefCompLowMimoKernel<float, float, float, (unsigned int)4, (unsigned int)1, (unsigned int)4>(const channel_eq::_puschRxChEqStatDescr *, channel_eq::_puschRxChEqCoefCompDynDescr)"
6230325577,6208,445284,273,1,1,12,11,1,51,0.002,0.000,,,,,NVIDIA A100-SXM4-40GB MIG 4g.20gb (0),1,,13,"void channel_eq::eqMmseSoftDemapKernel<float, __half, __half, float, (unsigned int)4, (unsigned short)16383>(channel_eq::_puschRxChEqStatDescr *, channel_eq::_puschRxChEqSoftDemapDynDescr)"
6230332777,282845,445285,1,1,1,32,32,1,30,0.000,0.000,,,,,NVIDIA A100-SXM4-40GB MIG 4g.20gb (0),1,,13,"void convert_kernel<float2, __half2>(tensor_layout_any, T1 *, tensor_layout_any, const T2 *)"
6230617734,10880,445297,2253,1,1,128,1,1,16,0.000,0.000,,,,,NVIDIA A100-SXM4-40GB MIG 4g.20gb (0),1,,13,cupy_copy__float16_float16
6230633510,2688,445306,282,1,1,128,1,1,16,0.000,0.000,,,,,NVIDIA A100-SXM4-40GB MIG 4g.20gb (0),1,,13,cupy_copy__complex64_complex64
6230639366,2015,445315,26,1,1,128,1,1,16,0.000,0.000,,,,,NVIDIA A100-SXM4-40GB MIG 4g.20gb (0),1,,13,cupy_copy__float32_float32
6230643397,3328,445324,103,1,1,128,1,1,16,0.000,0.000,,,,,NVIDIA A100-SXM4-40GB MIG 4g.20gb (0),1,,13,cupy_copy__complex64_complex64
6230647813,11808,445334,1434,1,1,128,1,1,16,0.000,0.000,,,,,NVIDIA A100-SXM4-40GB MIG 4g.20gb (0),1,,13,cupy_copy__complex64_complex64
6230664261,81503,445339,1,1,1,32,32,1,30,0.000,0.000,,,,,NVIDIA A100-SXM4-40GB MIG 4g.20gb (0),1,,13,"void convert_kernel<__half2, float2>(tensor_layout_any, T1 *, tensor_layout_any, const T2 *)"
6230773188,5568,445342,,,,,,,,,,0.094,16827.521,Pinned,Device,NVIDIA A100-SXM4-40GB MIG 4g.20gb (0),1,,13,[CUDA memcpy Host-to-Device]
6230782948,596856,445343,,,,,,,,,,456.561,764740.412,Device,,NVIDIA A100-SXM4-40GB MIG 4g.20gb (0),1,,13,[CUDA memset]
6231386428,133119,445348,,,,,,,,,,1.235,9276.899,Pinned,Device,NVIDIA A100-SXM4-40GB MIG 4g.20gb (0),1,,13,[CUDA memcpy Host-to-Device]
6231532090,39968,445349,,,,,,,,,,0.197,4919.132,Pinned,Device,NVIDIA A100-SXM4-40GB MIG 4g.20gb (0),1,,13,[CUDA memcpy Host-to-Device]
6231593562,8416,445350,69,4,1,48,1,1,76,0.002,0.000,,,,,NVIDIA A100-SXM4-40GB MIG 4g.20gb (0),1,,13,"void ch_est::windowedChEstPreNoDftSOfdmKernel<float, __half, float, (unsigned int)2, (unsigned int)1, (unsigned short)4>(ch_est::puschRxChEstStatDescr_t *, ch_est::puschRxChEstDynDescr_t *)"
6231611418,6943,445351,137,2,1,24,2,1,44,0.001,0.001,,,,,NVIDIA A100-SXM4-40GB MIG 4g.20gb (0),1,,13,"void ch_est::chEstFilterNoDftSOfdmDispatchKernel<float, __half, float, (unsigned int)2>(ch_est::puschRxChEstStatDescr_t *, ch_est::puschRxChEstDynDescr_t *)"
6231628857,4768,445352,137,2,1,24,2,1,44,0.001,0.001,,,,,NVIDIA A100-SXM4-40GB MIG 4g.20gb (0),1,,13,"void ch_est::chEstFilterNoDftSOfdmDispatchKernel<float, __half, float, (unsigned int)2>(ch_est::puschRxChEstStatDescr_t *, ch_est::puschRxChEstDynDescr_t *)"
6231645209,2528,445363,103,1,1,128,1,1,16,0.000,0.000,,,,,NVIDIA A100-SXM4-40GB MIG 4g.20gb (0),1,,13,cupy_copy__complex64_complex64
6231664569,12352,445373,1434,1,1,128,1,1,16,0.000,0.000,,,,,NVIDIA A100-SXM4-40GB MIG 4g.20gb (0),1,,13,cupy_copy__complex64_complex64
6231700728,2720,445380,103,1,1,128,1,1,16,0.000,0.000,,,,,NVIDIA A100-SXM4-40GB MIG 4g.20gb (0),1,,13,cupy_copy__complex64_complex64
6231715448,88575,445387,1,1,1,32,32,1,30,0.000,0.000,,,,,NVIDIA A100-SXM4-40GB MIG 4g.20gb (0),1,,13,"void convert_kernel<__half2, float2>(tensor_layout_any, T1 *, tensor_layout_any, const T2 *)"
6231831287,5472,445390,,,,,,,,,,0.094,17122.757,Pinned,Device,NVIDIA A100-SXM4-40GB MIG 4g.20gb (0),1,,13,[CUDA memcpy Host-to-Device]
6231843511,47999,445391,,,,,,,,,,35.810,746028.063,Device,,NVIDIA A100-SXM4-40GB MIG 4g.20gb (0),1,,13,[CUDA memset]
6231896566,3584,445393,,,,,,,,,,0.000,22.321,Pinned,Device,NVIDIA A100-SXM4-40GB MIG 4g.20gb (0),1,,13,[CUDA memcpy Host-to-Device]
6231904758,12672,445394,,,,,,,,,,0.197,15515.124,Pinned,Device,NVIDIA A100-SXM4-40GB MIG 4g.20gb (0),1,,13,[CUDA memcpy Host-to-Device]
6231927350,10047,445395,273,1,1,48,1,1,40,0.000,0.001,,,,,NVIDIA A100-SXM4-40GB MIG 4g.20gb (0),1,,13,"void pusch_noise_intf_est::noiseIntfEstNoDftSOfdmKernel<float, __half, float, float, (unsigned int)2, (unsigned int)1, (unsigned char)4, (unsigned char)4>(pusch_noise_intf_est::puschRxNoiseIntfEstDynDescr)"
6231939637,2880,445406,35,1,1,128,1,1,16,0.000,0.000,,,,,NVIDIA A100-SXM4-40GB MIG 4g.20gb (0),1,,13,cupy_copy__complex64_complex64
6231952245,1856,445415,1,1,1,1,1,1,18,0.000,0.000,,,,,NVIDIA A100-SXM4-40GB MIG 4g.20gb (0),1,,13,cupy_copy__float32_float32
6231986549,1600,445421,,,,,,,,,,0.000,2.500,Device,Pageable,NVIDIA A100-SXM4-40GB MIG 4g.20gb (0),1,,7,[CUDA memcpy Device-to-Host]
6232047892,12896,445432,1434,1,1,128,1,1,16,0.000,0.000,,,,,NVIDIA A100-SXM4-40GB MIG 4g.20gb (0),1,,13,cupy_copy__complex64_complex64
6232073076,2816,445439,103,1,1,128,1,1,16,0.000,0.000,,,,,NVIDIA A100-SXM4-40GB MIG 4g.20gb (0),1,,13,cupy_copy__complex64_complex64
6232094740,2240,445446,35,1,1,128,1,1,16,0.000,0.000,,,,,NVIDIA A100-SXM4-40GB MIG 4g.20gb (0),1,,13,cupy_copy__complex64_complex64
6232114387,2048,445453,1,1,1,1,1,1,18,0.000,0.000,,,,,NVIDIA A100-SXM4-40GB MIG 4g.20gb (0),1,,13,cupy_copy__float32_float32
6232245778,82367,445464,1,1,1,32,32,1,30,0.000,0.000,,,,,NVIDIA A100-SXM4-40GB MIG 4g.20gb (0),1,,13,"void convert_kernel<__half2, float2>(tensor_layout_any, T1 *, tensor_layout_any, const T2 *)"
6232355952,5504,445467,,,,,,,,,,0.094,17023.251,Pinned,Device,NVIDIA A100-SXM4-40GB MIG 4g.20gb (0),1,,13,[CUDA memcpy Host-to-Device]
6232370096,3232,445468,,,,,,,,,,1.547,478533.199,Device,,NVIDIA A100-SXM4-40GB MIG 4g.20gb (0),1,,13,[CUDA memset]
6232377040,3712,445473,,,,,,,,,,0.031,8431.017,Pinned,Device,NVIDIA A100-SXM4-40GB MIG 4g.20gb (0),1,,13,[CUDA memcpy Host-to-Device]
6232382832,9440,445474,,,,,,,,,,0.197,20827.079,Pinned,Device,NVIDIA A100-SXM4-40GB MIG 4g.20gb (0),1,,13,[CUDA memcpy Host-to-Device]
6232397712,6720,445475,273,1,1,8,4,1,39,0.002,0.000,,,,,NVIDIA A100-SXM4-40GB MIG 4g.20gb (0),1,,13,"void channel_eq::eqMmseCoefCompLowMimoKernel<float, float, float, (unsigned int)4, (unsigned int)1, (unsigned int)4>(const channel_eq::_puschRxChEqStatDescr *, channel_eq::_puschRxChEqCoefCompDynDescr)"
6232405456,6592,445476,273,1,1,12,11,1,51,0.002,0.000,,,,,NVIDIA A100-SXM4-40GB MIG 4g.20gb (0),1,,13,"void channel_eq::eqMmseSoftDemapKernel<float, __half, __half, float, (unsigned int)4, (unsigned short)16383>(channel_eq::_puschRxChEqStatDescr *, channel_eq::_puschRxChEqSoftDemapDynDescr)"
6232412976,282748,445477,1,1,1,32,32,1,30,0.000,0.000,,,,,NVIDIA A100-SXM4-40GB MIG 4g.20gb (0),1,,13,"void convert_kernel<float2, __half2>(tensor_layout_any, T1 *, tensor_layout_any, const T2 *)"
6232697420,10976,445489,2253,1,1,128,1,1,16,0.000,0.000,,,,,NVIDIA A100-SXM4-40GB MIG 4g.20gb (0),1,,13,cupy_copy__float16_float16
6232712364,3488,445498,282,1,1,128,1,1,16,0.000,0.000,,,,,NVIDIA A100-SXM4-40GB MIG 4g.20gb (0),1,,13,cupy_copy__complex64_complex64
6232718380,2048,445507,26,1,1,128,1,1,16,0.000,0.000,,,,,NVIDIA A100-SXM4-40GB MIG 4g.20gb (0),1,,13,cupy_copy__float32_float32
6232723116,3328,445516,103,1,1,128,1,1,16,0.000,0.000,,,,,NVIDIA A100-SXM4-40GB MIG 4g.20gb (0),1,,13,cupy_copy__complex64_complex64
6232727372,11904,445526,1434,1,1,128,1,1,16,0.000,0.000,,,,,NVIDIA A100-SXM4-40GB MIG 4g.20gb (0),1,,13,cupy_copy__complex64_complex64
6232747499,82015,445531,1,1,1,32,32,1,30,0.000,0.000,,,,,NVIDIA A100-SXM4-40GB MIG 4g.20gb (0),1,,13,"void convert_kernel<__half2, float2>(tensor_layout_any, T1 *, tensor_layout_any, const T2 *)"
6232857962,5824,445534,,,,,,,,,,0.094,16087.884,Pinned,Device,NVIDIA A100-SXM4-40GB MIG 4g.20gb (0),1,,13,[CUDA memcpy Host-to-Device]
6232867882,599129,445535,,,,,,,,,,456.561,762001.043,Device,,NVIDIA A100-SXM4-40GB MIG 4g.20gb (0),1,,13,[CUDA memset]
6233473827,162302,445540,,,,,,,,,,1.235,7608.490,Pinned,Device,NVIDIA A100-SXM4-40GB MIG 4g.20gb (0),1,,13,[CUDA memcpy Host-to-Device]
6233648704,38784,445541,,,,,,,,,,0.197,5069.144,Pinned,Device,NVIDIA A100-SXM4-40GB MIG 4g.20gb (0),1,,13,[CUDA memcpy Host-to-Device]
6233710528,8256,445542,69,4,1,48,1,1,76,0.002,0.000,,,,,NVIDIA A100-SXM4-40GB MIG 4g.20gb (0),1,,13,"void ch_est::windowedChEstPreNoDftSOfdmKernel<float, __half, float, (unsigned int)2, (unsigned int)1, (unsigned short)4>(ch_est::puschRxChEstStatDescr_t *, ch_est::puschRxChEstDynDescr_t *)"
6233728287,6816,445543,137,2,1,24,2,1,44,0.001,0.001,,,,,NVIDIA A100-SXM4-40GB MIG 4g.20gb (0),1,,13,"void ch_est::chEstFilterNoDftSOfdmDispatchKernel<float, __half, float, (unsigned int)2>(ch_est::puschRxChEstStatDescr_t *, ch_est::puschRxChEstDynDescr_t *)"
6233745951,4768,445544,137,2,1,24,2,1,44,0.001,0.001,,,,,NVIDIA A100-SXM4-40GB MIG 4g.20gb (0),1,,13,"void ch_est::chEstFilterNoDftSOfdmDispatchKernel<float, __half, float, (unsigned int)2>(ch_est::puschRxChEstStatDescr_t *, ch_est::puschRxChEstDynDescr_t *)"
6233762495,2784,445555,103,1,1,128,1,1,16,0.000,0.000,,,,,NVIDIA A100-SXM4-40GB MIG 4g.20gb (0),1,,13,cupy_copy__complex64_complex64
6233779711,12352,445565,1434,1,1,128,1,1,16,0.000,0.000,,,,,NVIDIA A100-SXM4-40GB MIG 4g.20gb (0),1,,13,cupy_copy__complex64_complex64
6233799839,2911,445572,103,1,1,128,1,1,16,0.000,0.000,,,,,NVIDIA A100-SXM4-40GB MIG 4g.20gb (0),1,,13,cupy_copy__complex64_complex64
6233824350,88863,445579,1,1,1,32,32,1,30,0.000,0.000,,,,,NVIDIA A100-SXM4-40GB MIG 4g.20gb (0),1,,13,"void convert_kernel<__half2, float2>(tensor_layout_any, T1 *, tensor_layout_any, const T2 *)"
6233950461,23199,445582,,,,,,,,,,0.094,4038.766,Pinned,Device,NVIDIA A100-SXM4-40GB MIG 4g.20gb (0),1,,13,[CUDA memcpy Host-to-Device]
6233989532,46208,445583,,,,,,,,,,35.810,774962.479,Device,,NVIDIA A100-SXM4-40GB MIG 4g.20gb (0),1,,13,[CUDA memset]
6234042140,5663,445585,,,,,,,,,,0.000,14.127,Pinned,Device,NVIDIA A100-SXM4-40GB MIG 4g.20gb (0),1,,13,[CUDA memcpy Host-to-Device]
6234057723,20992,445586,,,,,,,,,,0.197,9365.815,Pinned,Device,NVIDIA A100-SXM4-40GB MIG 4g.20gb (0),1,,13,[CUDA memcpy Host-to-Device]
6234095195,9856,445587,273,1,1,48,1,1,40,0.000,0.001,,,,,NVIDIA A100-SXM4-40GB MIG 4g.20gb (0),1,,13,"void pusch_noise_intf_est::noiseIntfEstNoDftSOfdmKernel<float, __half, float, float, (unsigned int)2, (unsigned int)1, (unsigned char)4, (unsigned char)4>(pusch_noise_intf_est::puschRxNoiseIntfEstDynDescr)"
6234114491,3040,445598,35,1,1,128,1,1,16,0.000,0.000,,,,,NVIDIA A100-SXM4-40GB MIG 4g.20gb (0),1,,13,cupy_copy__complex64_complex64
6234123611,2111,445607,1,1,1,1,1,1,18,0.000,0.000,,,,,NVIDIA A100-SXM4-40GB MIG 4g.20gb (0),1,,13,cupy_copy__float32_float32
6234132250,3360,445613,,,,,,,,,,0.000,1.190,Device,Pageable,NVIDIA A100-SXM4-40GB MIG 4g.20gb (0),1,,7,[CUDA memcpy Device-to-Host]
6234200474,12959,445624,1434,1,1,128,1,1,16,0.000,0.000,,,,,NVIDIA A100-SXM4-40GB MIG 4g.20gb (0),1,,13,cupy_copy__complex64_complex64
6234227993,2848,445631,103,1,1,128,1,1,16,0.000,0.000,,,,,NVIDIA A100-SXM4-40GB MIG 4g.20gb (0),1,,13,cupy_copy__complex64_complex64
6234246457,2272,445638,35,1,1,128,1,1,16,0.000,0.000,,,,,NVIDIA A100-SXM4-40GB MIG 4g.20gb (0),1,,13,cupy_copy__complex64_complex64
6234267769,1760,445645,1,1,1,1,1,1,18,0.000,0.000,,,,,NVIDIA A100-SXM4-40GB MIG 4g.20gb (0),1,,13,cupy_copy__float32_float32
6234397687,85919,445656,1,1,1,32,32,1,30,0.000,0.000,,,,,NVIDIA A100-SXM4-40GB MIG 4g.20gb (0),1,,13,"void convert_kernel<__half2, float2>(tensor_layout_any, T1 *, tensor_layout_any, const T2 *)"
6234510966,5440,445659,,,,,,,,,,0.094,17223.480,Pinned,Device,NVIDIA A100-SXM4-40GB MIG 4g.20gb (0),1,,13,[CUDA memcpy Host-to-Device]
6234526358,3360,445660,,,,,,,,,,1.547,460304.688,Device,,NVIDIA A100-SXM4-40GB MIG 4g.20gb (0),1,,13,[CUDA memset]
6234532309,3168,445665,,,,,,,,,,0.031,9878.770,Pinned,Device,NVIDIA A100-SXM4-40GB MIG 4g.20gb (0),1,,13,[CUDA memcpy Host-to-Device]
6234538421,9760,445666,,,,,,,,,,0.197,20144.259,Pinned,Device,NVIDIA A100-SXM4-40GB MIG 4g.20gb (0),1,,13,[CUDA memcpy Host-to-Device]
6234553909,7232,445667,273,1,1,8,4,1,39,0.002,0.000,,,,,NVIDIA A100-SXM4-40GB MIG 4g.20gb (0),1,,13,"void channel_eq::eqMmseCoefCompLowMimoKernel<float, float, float, (unsigned int)4, (unsigned int)1, (unsigned int)4>(const channel_eq::_puschRxChEqStatDescr *, channel_eq::_puschRxChEqCoefCompDynDescr)"
6234562613,5856,445668,273,1,1,12,11,1,51,0.002,0.000,,,,,NVIDIA A100-SXM4-40GB MIG 4g.20gb (0),1,,13,"void channel_eq::eqMmseSoftDemapKernel<float, __half, __half, float, (unsigned int)4, (unsigned short)16383>(channel_eq::_puschRxChEqStatDescr *, channel_eq::_puschRxChEqSoftDemapDynDescr)"
6234570101,282109,445669,1,1,1,32,32,1,30,0.000,0.000,,,,,NVIDIA A100-SXM4-40GB MIG 4g.20gb (0),1,,13,"void convert_kernel<float2, __half2>(tensor_layout_any, T1 *, tensor_layout_any, const T2 *)"
6234853202,11071,445681,2253,1,1,128,1,1,16,0.000,0.000,,,,,NVIDIA A100-SXM4-40GB MIG 4g.20gb (0),1,,13,cupy_copy__float16_float16
6234866897,3744,445690,282,1,1,128,1,1,16,0.000,0.000,,,,,NVIDIA A100-SXM4-40GB MIG 4g.20gb (0),1,,13,cupy_copy__complex64_complex64
6234872433,2400,445699,26,1,1,128,1,1,16,0.000,0.000,,,,,NVIDIA A100-SXM4-40GB MIG 4g.20gb (0),1,,13,cupy_copy__float32_float32
6234876721,3104,445708,103,1,1,128,1,1,16,0.000,0.000,,,,,NVIDIA A100-SXM4-40GB MIG 4g.20gb (0),1,,13,cupy_copy__complex64_complex64
6234880913,12224,445718,1434,1,1,128,1,1,16,0.000,0.000,,,,,NVIDIA A100-SXM4-40GB MIG 4g.20gb (0),1,,13,cupy_copy__complex64_complex64
6234912177,87935,445723,1,1,1,32,32,1,30,0.000,0.000,,,,,NVIDIA A100-SXM4-40GB MIG 4g.20gb (0),1,,13,"void convert_kernel<__half2, float2>(tensor_layout_any, T1 *, tensor_layout_any, const T2 *)"
6235027119,5792,445726,,,,,,,,,,0.094,16176.708,Pinned,Device,NVIDIA A100-SXM4-40GB MIG 4g.20gb (0),1,,13,[CUDA memcpy Host-to-Device]
6235037487,597753,445727,,,,,,,,,,456.561,763370.728,Device,,NVIDIA A100-SXM4-40GB MIG 4g.20gb (0),1,,13,[CUDA memset]
6235639368,154014,445732,,,,,,,,,,1.235,8017.256,Pinned,Device,NVIDIA A100-SXM4-40GB MIG 4g.20gb (0),1,,13,[CUDA memcpy Host-to-Device]
6235806694,38239,445733,,,,,,,,,,0.197,5141.496,Pinned,Device,NVIDIA A100-SXM4-40GB MIG 4g.20gb (0),1,,13,[CUDA memcpy Host-to-Device]
6235876165,8128,445734,69,4,1,48,1,1,76,0.002,0.000,,,,,NVIDIA A100-SXM4-40GB MIG 4g.20gb (0),1,,13,"void ch_est::windowedChEstPreNoDftSOfdmKernel<float, __half, float, (unsigned int)2, (unsigned int)1, (unsigned short)4>(ch_est::puschRxChEstStatDescr_t *, ch_est::puschRxChEstDynDescr_t *)"
6235893829,6976,445735,137,2,1,24,2,1,44,0.001,0.001,,,,,NVIDIA A100-SXM4-40GB MIG 4g.20gb (0),1,,13,"void ch_est::chEstFilterNoDftSOfdmDispatchKernel<float, __half, float, (unsigned int)2>(ch_est::puschRxChEstStatDescr_t *, ch_est::puschRxChEstDynDescr_t *)"
6235913124,4704,445736,137,2,1,24,2,1,44,0.001,0.001,,,,,NVIDIA A100-SXM4-40GB MIG 4g.20gb (0),1,,13,"void ch_est::chEstFilterNoDftSOfdmDispatchKernel<float, __half, float, (unsigned int)2>(ch_est::puschRxChEstStatDescr_t *, ch_est::puschRxChEstDynDescr_t *)"
6235929924,2720,445747,103,1,1,128,1,1,16,0.000,0.000,,,,,NVIDIA A100-SXM4-40GB MIG 4g.20gb (0),1,,13,cupy_copy__complex64_complex64
6235946948,12384,445757,1434,1,1,128,1,1,16,0.000,0.000,,,,,NVIDIA A100-SXM4-40GB MIG 4g.20gb (0),1,,13,cupy_copy__complex64_complex64
6235965572,2912,445764,103,1,1,128,1,1,16,0.000,0.000,,,,,NVIDIA A100-SXM4-40GB MIG 4g.20gb (0),1,,13,cupy_copy__complex64_complex64
6235991107,87039,445771,1,1,1,32,32,1,30,0.000,0.000,,,,,NVIDIA A100-SXM4-40GB MIG 4g.20gb (0),1,,13,"void convert_kernel<__half2, float2>(tensor_layout_any, T1 *, tensor_layout_any, const T2 *)"
6236111618,27648,445774,,,,,,,,,,0.094,3388.797,Pinned,Device,NVIDIA A100-SXM4-40GB MIG 4g.20gb (0),1,,13,[CUDA memcpy Host-to-Device]
6236160641,45920,445775,,,,,,,,,,35.810,779832.628,Device,,NVIDIA A100-SXM4-40GB MIG 4g.20gb (0),1,,13,[CUDA memset]
6236210945,14432,445777,,,,,,,,,,0.000,5.543,Pinned,Device,NVIDIA A100-SXM4-40GB MIG 4g.20gb (0),1,,13,[CUDA memcpy Host-to-Device]
6236233856,33888,445778,,,,,,,,,,0.197,5801.509,Pinned,Device,NVIDIA A100-SXM4-40GB MIG 4g.20gb (0),1,,13,[CUDA memcpy Host-to-Device]
6236287296,10016,445779,273,1,1,48,1,1,40,0.000,0.001,,,,,NVIDIA A100-SXM4-40GB MIG 4g.20gb (0),1,,13,"void pusch_noise_intf_est::noiseIntfEstNoDftSOfdmKernel<float, __half, float, float, (unsigned int)2, (unsigned int)1, (unsigned char)4, (unsigned char)4>(pusch_noise_intf_est::puschRxNoiseIntfEstDynDescr)"
6236303744,2720,445790,35,1,1,128,1,1,16,0.000,0.000,,,,,NVIDIA A100-SXM4-40GB MIG 4g.20gb (0),1,,13,cupy_copy__complex64_complex64
6236320767,1760,445799,1,1,1,1,1,1,18,0.000,0.000,,,,,NVIDIA A100-SXM4-40GB MIG 4g.20gb (0),1,,13,cupy_copy__float32_float32
6236325631,7200,445805,,,,,,,,,,0.000,0.556,Device,Pageable,NVIDIA A100-SXM4-40GB MIG 4g.20gb (0),1,,7,[CUDA memcpy Device-to-Host]
6236427998,12864,445816,1434,1,1,128,1,1,16,0.000,0.000,,,,,NVIDIA A100-SXM4-40GB MIG 4g.20gb (0),1,,13,cupy_copy__complex64_complex64
6236447262,3360,445823,103,1,1,128,1,1,16,0.000,0.000,,,,,NVIDIA A100-SXM4-40GB MIG 4g.20gb (0),1,,13,cupy_copy__complex64_complex64
6236468862,2496,445830,35,1,1,128,1,1,16,0.000,0.000,,,,,NVIDIA A100-SXM4-40GB MIG 4g.20gb (0),1,,13,cupy_copy__complex64_complex64
6236482653,1792,445837,1,1,1,1,1,1,18,0.000,0.000,,,,,NVIDIA A100-SXM4-40GB MIG 4g.20gb (0),1,,13,cupy_copy__float32_float32
6236610812,87391,445848,1,1,1,32,32,1,30,0.000,0.000,,,,,NVIDIA A100-SXM4-40GB MIG 4g.20gb (0),1,,13,"void convert_kernel<__half2, float2>(tensor_layout_any, T1 *, tensor_layout_any, const T2 *)"
6236727578,6528,445851,,,,,,,,,,0.094,14352.915,Pinned,Device,NVIDIA A100-SXM4-40GB MIG 4g.20gb (0),1,,13,[CUDA memcpy Host-to-Device]
6236741914,3424,445852,,,,,,,,,,1.547,451700.819,Device,,NVIDIA A100-SXM4-40GB MIG 4g.20gb (0),1,,13,[CUDA memset]
6236748154,3392,445857,,,,,,,,,,0.031,9226.405,Pinned,Device,NVIDIA A100-SXM4-40GB MIG 4g.20gb (0),1,,13,[CUDA memcpy Host-to-Device]
6236753978,9600,445858,,,,,,,,,,0.197,20479.869,Pinned,Device,NVIDIA A100-SXM4-40GB MIG 4g.20gb (0),1,,13,[CUDA memcpy Host-to-Device]
6236768026,5952,445859,273,1,1,8,4,1,39,0.002,0.000,,,,,NVIDIA A100-SXM4-40GB MIG 4g.20gb (0),1,,13,"void channel_eq::eqMmseCoefCompLowMimoKernel<float, float, float, (unsigned int)4, (unsigned int)1, (unsigned int)4>(const channel_eq::_puschRxChEqStatDescr *, channel_eq::_puschRxChEqCoefCompDynDescr)"
6236774938,6112,445860,273,1,1,12,11,1,51,0.002,0.000,,,,,NVIDIA A100-SXM4-40GB MIG 4g.20gb (0),1,,13,"void channel_eq::eqMmseSoftDemapKernel<float, __half, __half, float, (unsigned int)4, (unsigned short)16383>(channel_eq::_puschRxChEqStatDescr *, channel_eq::_puschRxChEqSoftDemapDynDescr)"
6236782010,295196,445861,1,1,1,32,32,1,30,0.000,0.000,,,,,NVIDIA A100-SXM4-40GB MIG 4g.20gb (0),1,,13,"void convert_kernel<float2, __half2>(tensor_layout_any, T1 *, tensor_layout_any, const T2 *)"
6237078262,11168,445873,2253,1,1,128,1,1,16,0.000,0.000,,,,,NVIDIA A100-SXM4-40GB MIG 4g.20gb (0),1,,13,cupy_copy__float16_float16
6237093622,3200,445882,282,1,1,128,1,1,16,0.000,0.000,,,,,NVIDIA A100-SXM4-40GB MIG 4g.20gb (0),1,,13,cupy_copy__complex64_complex64
6237099190,2176,445891,26,1,1,128,1,1,16,0.000,0.000,,,,,NVIDIA A100-SXM4-40GB MIG 4g.20gb (0),1,,13,cupy_copy__float32_float32
6237103094,2784,445900,103,1,1,128,1,1,16,0.000,0.000,,,,,NVIDIA A100-SXM4-40GB MIG 4g.20gb (0),1,,13,cupy_copy__complex64_complex64
6237106934,11936,445910,1434,1,1,128,1,1,16,0.000,0.000,,,,,NVIDIA A100-SXM4-40GB MIG 4g.20gb (0),1,,13,cupy_copy__complex64_complex64
6237124981,87103,445915,1,1,1,32,32,1,30,0.000,0.000,,,,,NVIDIA A100-SXM4-40GB MIG 4g.20gb (0),1,,13,"void convert_kernel<__half2, float2>(tensor_layout_any, T1 *, tensor_layout_any, const T2 *)"
6237239412,5504,445918,,,,,,,,,,0.094,17023.251,Pinned,Device,NVIDIA A100-SXM4-40GB MIG 4g.20gb (0),1,,13,[CUDA memcpy Host-to-Device]
6237248628,597241,445919,,,,,,,,,,456.561,764283.851,Device,,NVIDIA A100-SXM4-40GB MIG 4g.20gb (0),1,,13,[CUDA memset]
6237852429,81471,445924,,,,,,,,,,1.235,15157.703,Pinned,Device,NVIDIA A100-SXM4-40GB MIG 4g.20gb (0),1,,13,[CUDA memcpy Host-to-Device]
6237940427,17440,445925,,,,,,,,,,0.197,11273.306,Pinned,Device,NVIDIA A100-SXM4-40GB MIG 4g.20gb (0),1,,13,[CUDA memcpy Host-to-Device]
6237971947,8640,445926,69,4,1,48,1,1,76,0.002,0.000,,,,,NVIDIA A100-SXM4-40GB MIG 4g.20gb (0),1,,13,"void ch_est::windowedChEstPreNoDftSOfdmKernel<float, __half, float, (unsigned int)2, (unsigned int)1, (unsigned short)4>(ch_est::puschRxChEstStatDescr_t *, ch_est::puschRxChEstDynDescr_t *)"
6237987563,7680,445927,137,2,1,24,2,1,44,0.001,0.001,,,,,NVIDIA A100-SXM4-40GB MIG 4g.20gb (0),1,,13,"void ch_est::chEstFilterNoDftSOfdmDispatchKernel<float, __half, float, (unsigned int)2>(ch_est::puschRxChEstStatDescr_t *, ch_est::puschRxChEstDynDescr_t *)"
6238002443,6464,445928,137,2,1,24,2,1,44,0.001,0.001,,,,,NVIDIA A100-SXM4-40GB MIG 4g.20gb (0),1,,13,"void ch_est::chEstFilterNoDftSOfdmDispatchKernel<float, __half, float, (unsigned int)2>(ch_est::puschRxChEstStatDescr_t *, ch_est::puschRxChEstDynDescr_t *)"
6238011243,3200,445939,103,1,1,128,1,1,16,0.000,0.000,,,,,NVIDIA A100-SXM4-40GB MIG 4g.20gb (0),1,,13,cupy_copy__complex64_complex64
6238019146,12896,445949,1434,1,1,128,1,1,16,0.000,0.000,,,,,NVIDIA A100-SXM4-40GB MIG 4g.20gb (0),1,,13,cupy_copy__complex64_complex64
6238034538,3040,445956,103,1,1,128,1,1,16,0.000,0.000,,,,,NVIDIA A100-SXM4-40GB MIG 4g.20gb (0),1,,13,cupy_copy__complex64_complex64
6238042858,88831,445963,1,1,1,32,32,1,30,0.000,0.000,,,,,NVIDIA A100-SXM4-40GB MIG 4g.20gb (0),1,,13,"void convert_kernel<__half2, float2>(tensor_layout_any, T1 *, tensor_layout_any, const T2 *)"
6238159433,5728,445966,,,,,,,,,,0.094,16357.541,Pinned,Device,NVIDIA A100-SXM4-40GB MIG 4g.20gb (0),1,,13,[CUDA memcpy Host-to-Device]
6238171369,46911,445967,,,,,,,,,,35.810,763324.255,Device,,NVIDIA A100-SXM4-40GB MIG 4g.20gb (0),1,,13,[CUDA memset]
6238224552,4576,445969,,,,,,,,,,0.000,17.482,Pinned,Device,NVIDIA A100-SXM4-40GB MIG 4g.20gb (0),1,,13,[CUDA memcpy Host-to-Device]
6238234440,13120,445970,,,,,,,,,,0.197,14985.265,Pinned,Device,NVIDIA A100-SXM4-40GB MIG 4g.20gb (0),1,,13,[CUDA memcpy Host-to-Device]
6238257032,10655,445971,273,1,1,48,1,1,40,0.000,0.001,,,,,NVIDIA A100-SXM4-40GB MIG 4g.20gb (0),1,,13,"void pusch_noise_intf_est::noiseIntfEstNoDftSOfdmKernel<float, __half, float, float, (unsigned int)2, (unsigned int)1, (unsigned char)4, (unsigned char)4>(pusch_noise_intf_est::puschRxNoiseIntfEstDynDescr)"
6238271431,3392,445982,35,1,1,128,1,1,16,0.000,0.000,,,,,NVIDIA A100-SXM4-40GB MIG 4g.20gb (0),1,,13,cupy_copy__complex64_complex64
6238285191,1792,445991,1,1,1,1,1,1,18,0.000,0.000,,,,,NVIDIA A100-SXM4-40GB MIG 4g.20gb (0),1,,13,cupy_copy__float32_float32
6238316167,1728,445997,,,,,,,,,,0.000,2.315,Device,Pageable,NVIDIA A100-SXM4-40GB MIG 4g.20gb (0),1,,7,[CUDA memcpy Device-to-Host]
6238376166,13088,446008,1434,1,1,128,1,1,16,0.000,0.000,,,,,NVIDIA A100-SXM4-40GB MIG 4g.20gb (0),1,,13,cupy_copy__complex64_complex64
6238403622,3104,446015,103,1,1,128,1,1,16,0.000,0.000,,,,,NVIDIA A100-SXM4-40GB MIG 4g.20gb (0),1,,13,cupy_copy__complex64_complex64
6238423557,2176,446022,35,1,1,128,1,1,16,0.000,0.000,,,,,NVIDIA A100-SXM4-40GB MIG 4g.20gb (0),1,,13,cupy_copy__complex64_complex64
6238441797,2080,446029,1,1,1,1,1,1,18,0.000,0.000,,,,,NVIDIA A100-SXM4-40GB MIG 4g.20gb (0),1,,13,cupy_copy__float32_float32
6238574276,90590,446040,1,1,1,32,32,1,30,0.000,0.000,,,,,NVIDIA A100-SXM4-40GB MIG 4g.20gb (0),1,,13,"void convert_kernel<__half2, float2>(tensor_layout_any, T1 *, tensor_layout_any, const T2 *)"
6238693506,5568,446043,,,,,,,,,,0.094,16827.521,Pinned,Device,NVIDIA A100-SXM4-40GB MIG 4g.20gb (0),1,,13,[CUDA memcpy Host-to-Device]
6238709954,3232,446044,,,,,,,,,,1.547,478533.199,Device,,NVIDIA A100-SXM4-40GB MIG 4g.20gb (0),1,,13,[CUDA memset]
6238714914,3616,446049,,,,,,,,,,0.031,8654.846,Pinned,Device,NVIDIA A100-SXM4-40GB MIG 4g.20gb (0),1,,13,[CUDA memcpy Host-to-Device]
6238721250,9536,446050,,,,,,,,,,0.197,20617.298,Pinned,Device,NVIDIA A100-SXM4-40GB MIG 4g.20gb (0),1,,13,[CUDA memcpy Host-to-Device]
6238735618,5824,446051,273,1,1,8,4,1,39,0.002,0.000,,,,,NVIDIA A100-SXM4-40GB MIG 4g.20gb (0),1,,13,"void channel_eq::eqMmseCoefCompLowMimoKernel<float, float, float, (unsigned int)4, (unsigned int)1, (unsigned int)4>(const channel_eq::_puschRxChEqStatDescr *, channel_eq::_puschRxChEqCoefCompDynDescr)"
6238742466,5919,446052,273,1,1,12,11,1,51,0.002,0.000,,,,,NVIDIA A100-SXM4-40GB MIG 4g.20gb (0),1,,13,"void channel_eq::eqMmseSoftDemapKernel<float, __half, __half, float, (unsigned int)4, (unsigned short)16383>(channel_eq::_puschRxChEqStatDescr *, channel_eq::_puschRxChEqSoftDemapDynDescr)"
6238749633,282493,446053,1,1,1,32,32,1,30,0.000,0.000,,,,,NVIDIA A100-SXM4-40GB MIG 4g.20gb (0),1,,13,"void convert_kernel<float2, __half2>(tensor_layout_any, T1 *, tensor_layout_any, const T2 *)"
6239033214,11008,446065,2253,1,1,128,1,1,16,0.000,0.000,,,,,NVIDIA A100-SXM4-40GB MIG 4g.20gb (0),1,,13,cupy_copy__float16_float16
6239048862,3616,446074,282,1,1,128,1,1,16,0.000,0.000,,,,,NVIDIA A100-SXM4-40GB MIG 4g.20gb (0),1,,13,cupy_copy__complex64_complex64
6239054014,2400,446083,26,1,1,128,1,1,16,0.000,0.000,,,,,NVIDIA A100-SXM4-40GB MIG 4g.20gb (0),1,,13,cupy_copy__float32_float32
6239057406,2784,446092,103,1,1,128,1,1,16,0.000,0.000,,,,,NVIDIA A100-SXM4-40GB MIG 4g.20gb (0),1,,13,cupy_copy__complex64_complex64
6239061726,12511,446102,1434,1,1,128,1,1,16,0.000,0.000,,,,,NVIDIA A100-SXM4-40GB MIG 4g.20gb (0),1,,13,cupy_copy__complex64_complex64
6239097725,83391,446107,1,1,1,32,32,1,30,0.000,0.000,,,,,NVIDIA A100-SXM4-40GB MIG 4g.20gb (0),1,,13,"void convert_kernel<__half2, float2>(tensor_layout_any, T1 *, tensor_layout_any, const T2 *)"
6239208668,5472,446110,,,,,,,,,,0.094,17122.757,Pinned,Device,NVIDIA A100-SXM4-40GB MIG 4g.20gb (0),1,,13,[CUDA memcpy Host-to-Device]
6239218332,599608,446111,,,,,,,,,,456.561,761087.920,Device,,NVIDIA A100-SXM4-40GB MIG 4g.20gb (0),1,,13,[CUDA memset]
6239823156,141982,446116,,,,,,,,,,1.235,8697.711,Pinned,Device,NVIDIA A100-SXM4-40GB MIG 4g.20gb (0),1,,13,[CUDA memcpy Host-to-Device]
6239977746,39712,446117,,,,,,,,,,0.197,4950.786,Pinned,Device,NVIDIA A100-SXM4-40GB MIG 4g.20gb (0),1,,13,[CUDA memcpy Host-to-Device]
6240046161,7872,446118,69,4,1,48,1,1,76,0.002,0.000,,,,,NVIDIA A100-SXM4-40GB MIG 4g.20gb (0),1,,13,"void ch_est::windowedChEstPreNoDftSOfdmKernel<float, __half, float, (unsigned int)2, (unsigned int)1, (unsigned short)4>(ch_est::puschRxChEstStatDescr_t *, ch_est::puschRxChEstDynDescr_t *)"
6240064817,6784,446119,137,2,1,24,2,1,44,0.001,0.001,,,,,NVIDIA A100-SXM4-40GB MIG 4g.20gb (0),1,,13,"void ch_est::chEstFilterNoDftSOfdmDispatchKernel<float, __half, float, (unsigned int)2>(ch_est::puschRxChEstStatDescr_t *, ch_est::puschRxChEstDynDescr_t *)"
6240077489,5248,446120,137,2,1,24,2,1,44,0.001,0.001,,,,,NVIDIA A100-SXM4-40GB MIG 4g.20gb (0),1,,13,"void ch_est::chEstFilterNoDftSOfdmDispatchKernel<float, __half, float, (unsigned int)2>(ch_est::puschRxChEstStatDescr_t *, ch_est::puschRxChEstDynDescr_t *)"
6240091121,2560,446131,103,1,1,128,1,1,16,0.000,0.000,,,,,NVIDIA A100-SXM4-40GB MIG 4g.20gb (0),1,,13,cupy_copy__complex64_complex64
6240102225,12768,446141,1434,1,1,128,1,1,16,0.000,0.000,,,,,NVIDIA A100-SXM4-40GB MIG 4g.20gb (0),1,,13,cupy_copy__complex64_complex64
6240119249,2944,446148,103,1,1,128,1,1,16,0.000,0.000,,,,,NVIDIA A100-SXM4-40GB MIG 4g.20gb (0),1,,13,cupy_copy__complex64_complex64
6240131664,88639,446155,1,1,1,32,32,1,30,0.000,0.000,,,,,NVIDIA A100-SXM4-40GB MIG 4g.20gb (0),1,,13,"void convert_kernel<__half2, float2>(tensor_layout_any, T1 *, tensor_layout_any, const T2 *)"
6240248783,11232,446158,,,,,,,,,,0.094,8341.849,Pinned,Device,NVIDIA A100-SXM4-40GB MIG 4g.20gb (0),1,,13,[CUDA memcpy Host-to-Device]
6240267247,47935,446159,,,,,,,,,,35.810,747030.741,Device,,NVIDIA A100-SXM4-40GB MIG 4g.20gb (0),1,,13,[CUDA memset]
6240317774,6080,446161,,,,,,,,,,0.000,13.158,Pinned,Device,NVIDIA A100-SXM4-40GB MIG 4g.20gb (0),1,,13,[CUDA memcpy Host-to-Device]
6240334574,15584,446162,,,,,,,,,,0.197,12615.942,Pinned,Device,NVIDIA A100-SXM4-40GB MIG 4g.20gb (0),1,,13,[CUDA memcpy Host-to-Device]
6240360110,10015,446163,273,1,1,48,1,1,40,0.000,0.001,,,,,NVIDIA A100-SXM4-40GB MIG 4g.20gb (0),1,,13,"void pusch_noise_intf_est::noiseIntfEstNoDftSOfdmKernel<float, __half, float, float, (unsigned int)2, (unsigned int)1, (unsigned char)4, (unsigned char)4>(pusch_noise_intf_est::puschRxNoiseIntfEstDynDescr)"
6240372269,2656,446174,35,1,1,128,1,1,16,0.000,0.000,,,,,NVIDIA A100-SXM4-40GB MIG 4g.20gb (0),1,,13,cupy_copy__complex64_complex64
6240379053,1888,446183,1,1,1,1,1,1,18,0.000,0.000,,,,,NVIDIA A100-SXM4-40GB MIG 4g.20gb (0),1,,13,cupy_copy__float32_float32
6240404429,2144,446189,,,,,,,,,,0.000,1.866,Device,Pageable,NVIDIA A100-SXM4-40GB MIG 4g.20gb (0),1,,7,[CUDA memcpy Device-to-Host]
6240467372,12640,446200,1434,1,1,128,1,1,16,0.000,0.000,,,,,NVIDIA A100-SXM4-40GB MIG 4g.20gb (0),1,,13,cupy_copy__complex64_complex64
6240492300,3328,446207,103,1,1,128,1,1,16,0.000,0.000,,,,,NVIDIA A100-SXM4-40GB MIG 4g.20gb (0),1,,13,cupy_copy__complex64_complex64
6240513516,2304,446214,35,1,1,128,1,1,16,0.000,0.000,,,,,NVIDIA A100-SXM4-40GB MIG 4g.20gb (0),1,,13,cupy_copy__complex64_complex64
6240531179,1792,446221,1,1,1,1,1,1,18,0.000,0.000,,,,,NVIDIA A100-SXM4-40GB MIG 4g.20gb (0),1,,13,cupy_copy__float32_float32
6240662858,83679,446232,1,1,1,32,32,1,30,0.000,0.000,,,,,NVIDIA A100-SXM4-40GB MIG 4g.20gb (0),1,,13,"void convert_kernel<__half2, float2>(tensor_layout_any, T1 *, tensor_layout_any, const T2 *)"
6240775144,5856,446235,,,,,,,,,,0.094,15999.997,Pinned,Device,NVIDIA A100-SXM4-40GB MIG 4g.20gb (0),1,,13,[CUDA memcpy Host-to-Device]
6240789192,3328,446236,,,,,,,,,,1.547,464729.580,Device,,NVIDIA A100-SXM4-40GB MIG 4g.20gb (0),1,,13,[CUDA memset]
6240796136,3008,446241,,,,,,,,,,0.031,10404.230,Pinned,Device,NVIDIA A100-SXM4-40GB MIG 4g.20gb (0),1,,13,[CUDA memcpy Host-to-Device]
6240801768,9472,446242,,,,,,,,,,0.197,20756.693,Pinned,Device,NVIDIA A100-SXM4-40GB MIG 4g.20gb (0),1,,13,[CUDA memcpy Host-to-Device]
6240817192,6112,446243,273,1,1,8,4,1,39,0.002,0.000,,,,,NVIDIA A100-SXM4-40GB MIG 4g.20gb (0),1,,13,"void channel_eq::eqMmseCoefCompLowMimoKernel<float, float, float, (unsigned int)4, (unsigned int)1, (unsigned int)4>(const channel_eq::_puschRxChEqStatDescr *, channel_eq::_puschRxChEqCoefCompDynDescr)"
6240824392,5664,446244,273,1,1,12,11,1,51,0.002,0.000,,,,,NVIDIA A100-SXM4-40GB MIG 4g.20gb (0),1,,13,"void channel_eq::eqMmseSoftDemapKernel<float, __half, __half, float, (unsigned int)4, (unsigned short)16383>(channel_eq::_puschRxChEqStatDescr *, channel_eq::_puschRxChEqSoftDemapDynDescr)"
6240831208,289532,446245,1,1,1,32,32,1,30,0.000,0.000,,,,,NVIDIA A100-SXM4-40GB MIG 4g.20gb (0),1,,13,"void convert_kernel<float2, __half2>(tensor_layout_any, T1 *, tensor_layout_any, const T2 *)"
6241126116,11040,446257,2253,1,1,128,1,1,16,0.000,0.000,,,,,NVIDIA A100-SXM4-40GB MIG 4g.20gb (0),1,,13,cupy_copy__float16_float16
6241142404,3744,446266,282,1,1,128,1,1,16,0.000,0.000,,,,,NVIDIA A100-SXM4-40GB MIG 4g.20gb (0),1,,13,cupy_copy__complex64_complex64
6241147812,2272,446275,26,1,1,128,1,1,16,0.000,0.000,,,,,NVIDIA A100-SXM4-40GB MIG 4g.20gb (0),1,,13,cupy_copy__float32_float32
6241151620,2944,446284,103,1,1,128,1,1,16,0.000,0.000,,,,,NVIDIA A100-SXM4-40GB MIG 4g.20gb (0),1,,13,cupy_copy__complex64_complex64
6241155556,12320,446294,1434,1,1,128,1,1,16,0.000,0.000,,,,,NVIDIA A100-SXM4-40GB MIG 4g.20gb (0),1,,13,cupy_copy__complex64_complex64
6241172740,82879,446299,1,1,1,32,32,1,30,0.000,0.000,,,,,NVIDIA A100-SXM4-40GB MIG 4g.20gb (0),1,,13,"void convert_kernel<__half2, float2>(tensor_layout_any, T1 *, tensor_layout_any, const T2 *)"
6241282466,6016,446302,,,,,,,,,,0.094,15574.430,Pinned,Device,NVIDIA A100-SXM4-40GB MIG 4g.20gb (0),1,,13,[CUDA memcpy Host-to-Device]
6241292706,597401,446303,,,,,,,,,,456.561,763827.289,Device,,NVIDIA A100-SXM4-40GB MIG 4g.20gb (0),1,,13,[CUDA memset]
6241893019,163454,446308,,,,,,,,,,1.235,7554.152,Pinned,Device,NVIDIA A100-SXM4-40GB MIG 4g.20gb (0),1,,13,[CUDA memcpy Host-to-Device]
6242068728,41440,446309,,,,,,,,,,0.197,4744.348,Pinned,Device,NVIDIA A100-SXM4-40GB MIG 4g.20gb (0),1,,13,[CUDA memcpy Host-to-Device]
6242144024,8351,446310,69,4,1,48,1,1,76,0.002,0.000,,,,,NVIDIA A100-SXM4-40GB MIG 4g.20gb (0),1,,13,"void ch_est::windowedChEstPreNoDftSOfdmKernel<float, __half, float, (unsigned int)2, (unsigned int)1, (unsigned short)4>(ch_est::puschRxChEstStatDescr_t *, ch_est::puschRxChEstDynDescr_t *)"
6242161591,7040,446311,137,2,1,24,2,1,44,0.001,0.001,,,,,NVIDIA A100-SXM4-40GB MIG 4g.20gb (0),1,,13,"void ch_est::chEstFilterNoDftSOfdmDispatchKernel<float, __half, float, (unsigned int)2>(ch_est::puschRxChEstStatDescr_t *, ch_est::puschRxChEstDynDescr_t *)"
6242178615,4704,446312,137,2,1,24,2,1,44,0.001,0.001,,,,,NVIDIA A100-SXM4-40GB MIG 4g.20gb (0),1,,13,"void ch_est::chEstFilterNoDftSOfdmDispatchKernel<float, __half, float, (unsigned int)2>(ch_est::puschRxChEstStatDescr_t *, ch_est::puschRxChEstDynDescr_t *)"
6242195447,2656,446323,103,1,1,128,1,1,16,0.000,0.000,,,,,NVIDIA A100-SXM4-40GB MIG 4g.20gb (0),1,,13,cupy_copy__complex64_complex64
6242213015,12352,446333,1434,1,1,128,1,1,16,0.000,0.000,,,,,NVIDIA A100-SXM4-40GB MIG 4g.20gb (0),1,,13,cupy_copy__complex64_complex64
6242233398,2880,446340,103,1,1,128,1,1,16,0.000,0.000,,,,,NVIDIA A100-SXM4-40GB MIG 4g.20gb (0),1,,13,cupy_copy__complex64_complex64
6242256950,88671,446347,1,1,1,32,32,1,30,0.000,0.000,,,,,NVIDIA A100-SXM4-40GB MIG 4g.20gb (0),1,,13,"void convert_kernel<__half2, float2>(tensor_layout_any, T1 *, tensor_layout_any, const T2 *)"
6242379765,13727,446350,,,,,,,,,,0.094,6825.660,Pinned,Device,NVIDIA A100-SXM4-40GB MIG 4g.20gb (0),1,,13,[CUDA memcpy Host-to-Device]
6242398996,47264,446351,,,,,,,,,,35.810,757630.477,Device,,NVIDIA A100-SXM4-40GB MIG 4g.20gb (0),1,,13,[CUDA memset]
6242448052,7392,446353,,,,,,,,,,0.000,10.822,Pinned,Device,NVIDIA A100-SXM4-40GB MIG 4g.20gb (0),1,,13,[CUDA memcpy Host-to-Device]
6242458132,14783,446354,,,,,,,,,,0.197,13299.548,Pinned,Device,NVIDIA A100-SXM4-40GB MIG 4g.20gb (0),1,,13,[CUDA memcpy Host-to-Device]
6242487187,9632,446355,273,1,1,48,1,1,40,0.000,0.001,,,,,NVIDIA A100-SXM4-40GB MIG 4g.20gb (0),1,,13,"void pusch_noise_intf_est::noiseIntfEstNoDftSOfdmKernel<float, __half, float, float, (unsigned int)2, (unsigned int)1, (unsigned char)4, (unsigned char)4>(pusch_noise_intf_est::puschRxNoiseIntfEstDynDescr)"
6242503507,3168,446366,35,1,1,128,1,1,16,0.000,0.000,,,,,NVIDIA A100-SXM4-40GB MIG 4g.20gb (0),1,,13,cupy_copy__complex64_complex64
6242512275,2176,446375,1,1,1,1,1,1,18,0.000,0.000,,,,,NVIDIA A100-SXM4-40GB MIG 4g.20gb (0),1,,13,cupy_copy__float32_float32
6242532883,6336,446381,,,,,,,,,,0.000,0.631,Device,Pageable,NVIDIA A100-SXM4-40GB MIG 4g.20gb (0),1,,7,[CUDA memcpy Device-to-Host]
6242608914,12928,446392,1434,1,1,128,1,1,16,0.000,0.000,,,,,NVIDIA A100-SXM4-40GB MIG 4g.20gb (0),1,,13,cupy_copy__complex64_complex64
6242639281,2816,446399,103,1,1,128,1,1,16,0.000,0.000,,,,,NVIDIA A100-SXM4-40GB MIG 4g.20gb (0),1,,13,cupy_copy__complex64_complex64
6242662033,2592,446406,35,1,1,128,1,1,16,0.000,0.000,,,,,NVIDIA A100-SXM4-40GB MIG 4g.20gb (0),1,,13,cupy_copy__complex64_complex64
6242676881,1792,446413,1,1,1,1,1,1,18,0.000,0.000,,,,,NVIDIA A100-SXM4-40GB MIG 4g.20gb (0),1,,13,cupy_copy__float32_float32
6242800943,82079,446424,1,1,1,32,32,1,30,0.000,0.000,,,,,NVIDIA A100-SXM4-40GB MIG 4g.20gb (0),1,,13,"void convert_kernel<__half2, float2>(tensor_layout_any, T1 *, tensor_layout_any, const T2 *)"
6242911438,5696,446427,,,,,,,,,,0.094,16449.363,Pinned,Device,NVIDIA A100-SXM4-40GB MIG 4g.20gb (0),1,,13,[CUDA memcpy Host-to-Device]
6242926990,3424,446428,,,,,,,,,,1.547,451700.819,Device,,NVIDIA A100-SXM4-40GB MIG 4g.20gb (0),1,,13,[CUDA memset]
6242933582,3488,446433,,,,,,,,,,0.031,8972.469,Pinned,Device,NVIDIA A100-SXM4-40GB MIG 4g.20gb (0),1,,13,[CUDA memcpy Host-to-Device]
6242939662,9824,446434,,,,,,,,,,0.197,20012.925,Pinned,Device,NVIDIA A100-SXM4-40GB MIG 4g.20gb (0),1,,13,[CUDA memcpy Host-to-Device]
6242953966,6591,446435,273,1,1,8,4,1,39,0.002,0.000,,,,,NVIDIA A100-SXM4-40GB MIG 4g.20gb (0),1,,13,"void channel_eq::eqMmseCoefCompLowMimoKernel<float, float, float, (unsigned int)4, (unsigned int)1, (unsigned int)4>(const channel_eq::_puschRxChEqStatDescr *, channel_eq::_puschRxChEqCoefCompDynDescr)"
6242961581,7776,446436,273,1,1,12,11,1,51,0.002,0.000,,,,,NVIDIA A100-SXM4-40GB MIG 4g.20gb (0),1,,13,"void channel_eq::eqMmseSoftDemapKernel<float, __half, __half, float, (unsigned int)4, (unsigned short)16383>(channel_eq::_puschRxChEqStatDescr *, channel_eq::_puschRxChEqSoftDemapDynDescr)"
6242972493,282077,446437,1,1,1,32,32,1,30,0.000,0.000,,,,,NVIDIA A100-SXM4-40GB MIG 4g.20gb (0),1,,13,"void convert_kernel<float2, __half2>(tensor_layout_any, T1 *, tensor_layout_any, const T2 *)"
6243257994,11104,446449,2253,1,1,128,1,1,16,0.000,0.000,,,,,NVIDIA A100-SXM4-40GB MIG 4g.20gb (0),1,,13,cupy_copy__float16_float16
6243271626,2784,446458,282,1,1,128,1,1,16,0.000,0.000,,,,,NVIDIA A100-SXM4-40GB MIG 4g.20gb (0),1,,13,cupy_copy__complex64_complex64
6243277066,2080,446467,26,1,1,128,1,1,16,0.000,0.000,,,,,NVIDIA A100-SXM4-40GB MIG 4g.20gb (0),1,,13,cupy_copy__float32_float32
6243280266,3103,446476,103,1,1,128,1,1,16,0.000,0.000,,,,,NVIDIA A100-SXM4-40GB MIG 4g.20gb (0),1,,13,cupy_copy__complex64_complex64
6243284937,11904,446486,1434,1,1,128,1,1,16,0.000,0.000,,,,,NVIDIA A100-SXM4-40GB MIG 4g.20gb (0),1,,13,cupy_copy__complex64_complex64
6243302537,81951,446491,1,1,1,32,32,1,30,0.000,0.000,,,,,NVIDIA A100-SXM4-40GB MIG 4g.20gb (0),1,,13,"void convert_kernel<__half2, float2>(tensor_layout_any, T1 *, tensor_layout_any, const T2 *)"
6243411720,5888,446494,,,,,,,,,,0.094,15912.954,Pinned,Device,NVIDIA A100-SXM4-40GB MIG 4g.20gb (0),1,,13,[CUDA memcpy Host-to-Device]
6243423048,599864,446495,,,,,,,,,,456.561,761087.920,Device,,NVIDIA A100-SXM4-40GB MIG 4g.20gb (0),1,,13,[CUDA memset]
6244030112,135263,446500,,,,,,,,,,1.235,9129.941,Pinned,Device,NVIDIA A100-SXM4-40GB MIG 4g.20gb (0),1,,13,[CUDA memcpy Host-to-Device]
6244174015,31231,446501,,,,,,,,,,0.197,6295.192,Pinned,Device,NVIDIA A100-SXM4-40GB MIG 4g.20gb (0),1,,13,[CUDA memcpy Host-to-Device]
6244226334,8320,446502,69,4,1,48,1,1,76,0.002,0.000,,,,,NVIDIA A100-SXM4-40GB MIG 4g.20gb (0),1,,13,"void ch_est::windowedChEstPreNoDftSOfdmKernel<float, __half, float, (unsigned int)2, (unsigned int)1, (unsigned short)4>(ch_est::puschRxChEstStatDescr_t *, ch_est::puschRxChEstDynDescr_t *)"
6244244926,7136,446503,137,2,1,24,2,1,44,0.001,0.001,,,,,NVIDIA A100-SXM4-40GB MIG 4g.20gb (0),1,,13,"void ch_est::chEstFilterNoDftSOfdmDispatchKernel<float, __half, float, (unsigned int)2>(ch_est::puschRxChEstStatDescr_t *, ch_est::puschRxChEstDynDescr_t *)"
6244261277,4736,446504,137,2,1,24,2,1,44,0.001,0.001,,,,,NVIDIA A100-SXM4-40GB MIG 4g.20gb (0),1,,13,"void ch_est::chEstFilterNoDftSOfdmDispatchKernel<float, __half, float, (unsigned int)2>(ch_est::puschRxChEstStatDescr_t *, ch_est::puschRxChEstDynDescr_t *)"
6244275101,2688,446515,103,1,1,128,1,1,16,0.000,0.000,,,,,NVIDIA A100-SXM4-40GB MIG 4g.20gb (0),1,,13,cupy_copy__complex64_complex64
6244288221,12704,446525,1434,1,1,128,1,1,16,0.000,0.000,,,,,NVIDIA A100-SXM4-40GB MIG 4g.20gb (0),1,,13,cupy_copy__complex64_complex64
6244318781,2400,446532,103,1,1,128,1,1,16,0.000,0.000,,,,,NVIDIA A100-SXM4-40GB MIG 4g.20gb (0),1,,13,cupy_copy__complex64_complex64
6244337404,84383,446539,1,1,1,32,32,1,30,0.000,0.000,,,,,NVIDIA A100-SXM4-40GB MIG 4g.20gb (0),1,,13,"void convert_kernel<__half2, float2>(tensor_layout_any, T1 *, tensor_layout_any, const T2 *)"
6244456027,24896,446542,,,,,,,,,,0.094,3763.487,Pinned,Device,NVIDIA A100-SXM4-40GB MIG 4g.20gb (0),1,,13,[CUDA memcpy Host-to-Device]
6244505658,46720,446543,,,,,,,,,,35.810,766475.528,Device,,NVIDIA A100-SXM4-40GB MIG 4g.20gb (0),1,,13,[CUDA memset]
6244562394,15584,446545,,,,,,,,,,0.000,5.133,Pinned,Device,NVIDIA A100-SXM4-40GB MIG 4g.20gb (0),1,,13,[CUDA memcpy Host-to-Device]
6244584953,32512,446546,,,,,,,,,,0.197,6047.072,Pinned,Device,NVIDIA A100-SXM4-40GB MIG 4g.20gb (0),1,,13,[CUDA memcpy Host-to-Device]
6244637305,9472,446547,273,1,1,48,1,1,40,0.000,0.001,,,,,NVIDIA A100-SXM4-40GB MIG 4g.20gb (0),1,,13,"void pusch_noise_intf_est::noiseIntfEstNoDftSOfdmKernel<float, __half, float, float, (unsigned int)2, (unsigned int)1, (unsigned char)4, (unsigned char)4>(pusch_noise_intf_est::puschRxNoiseIntfEstDynDescr)"
6244651257,2752,446558,35,1,1,128,1,1,16,0.000,0.000,,,,,NVIDIA A100-SXM4-40GB MIG 4g.20gb (0),1,,13,cupy_copy__complex64_complex64
6244666392,1728,446567,1,1,1,1,1,1,18,0.000,0.000,,,,,NVIDIA A100-SXM4-40GB MIG 4g.20gb (0),1,,13,cupy_copy__float32_float32
6244672856,4640,446573,,,,,,,,,,0.000,0.862,Device,Pageable,NVIDIA A100-SXM4-40GB MIG 4g.20gb (0),1,,7,[CUDA memcpy Device-to-Host]
6244757111,12544,446584,1434,1,1,128,1,1,16,0.000,0.000,,,,,NVIDIA A100-SXM4-40GB MIG 4g.20gb (0),1,,13,cupy_copy__complex64_complex64
6244783703,2720,446591,103,1,1,128,1,1,16,0.000,0.000,,,,,NVIDIA A100-SXM4-40GB MIG 4g.20gb (0),1,,13,cupy_copy__complex64_complex64
6244804791,2496,446598,35,1,1,128,1,1,16,0.000,0.000,,,,,NVIDIA A100-SXM4-40GB MIG 4g.20gb (0),1,,13,cupy_copy__complex64_complex64
6244823190,1760,446605,1,1,1,1,1,1,18,0.000,0.000,,,,,NVIDIA A100-SXM4-40GB MIG 4g.20gb (0),1,,13,cupy_copy__float32_float32
6244949557,87039,446616,1,1,1,32,32,1,30,0.000,0.000,,,,,NVIDIA A100-SXM4-40GB MIG 4g.20gb (0),1,,13,"void convert_kernel<__half2, float2>(tensor_layout_any, T1 *, tensor_layout_any, const T2 *)"
6245066899,11232,446619,,,,,,,,,,0.094,8341.849,Pinned,Device,NVIDIA A100-SXM4-40GB MIG 4g.20gb (0),1,,13,[CUDA memcpy Host-to-Device]
6245085331,3392,446620,,,,,,,,,,1.547,455961.768,Device,,NVIDIA A100-SXM4-40GB MIG 4g.20gb (0),1,,13,[CUDA memset]
6245096083,5856,446625,,,,,,,,,,0.031,5344.261,Pinned,Device,NVIDIA A100-SXM4-40GB MIG 4g.20gb (0),1,,13,[CUDA memcpy Host-to-Device]
6245107059,11584,446626,,,,,,,,,,0.197,16972.186,Pinned,Device,NVIDIA A100-SXM4-40GB MIG 4g.20gb (0),1,,13,[CUDA memcpy Host-to-Device]
6245124179,6432,446627,273,1,1,8,4,1,39,0.002,0.000,,,,,NVIDIA A100-SXM4-40GB MIG 4g.20gb (0),1,,13,"void channel_eq::eqMmseCoefCompLowMimoKernel<float, float, float, (unsigned int)4, (unsigned int)1, (unsigned int)4>(const channel_eq::_puschRxChEqStatDescr *, channel_eq::_puschRxChEqCoefCompDynDescr)"
6245131891,5664,446628,273,1,1,12,11,1,51,0.002,0.000,,,,,NVIDIA A100-SXM4-40GB MIG 4g.20gb (0),1,,13,"void channel_eq::eqMmseSoftDemapKernel<float, __half, __half, float, (unsigned int)4, (unsigned short)16383>(channel_eq::_puschRxChEqStatDescr *, channel_eq::_puschRxChEqSoftDemapDynDescr)"
6245139923,289820,446629,1,1,1,32,32,1,30,0.000,0.000,,,,,NVIDIA A100-SXM4-40GB MIG 4g.20gb (0),1,,13,"void convert_kernel<float2, __half2>(tensor_layout_any, T1 *, tensor_layout_any, const T2 *)"
6245431279,11136,446641,2253,1,1,128,1,1,16,0.000,0.000,,,,,NVIDIA A100-SXM4-40GB MIG 4g.20gb (0),1,,13,cupy_copy__float16_float16
6245444303,3104,446650,282,1,1,128,1,1,16,0.000,0.000,,,,,NVIDIA A100-SXM4-40GB MIG 4g.20gb (0),1,,13,cupy_copy__complex64_complex64
6245448975,2112,446659,26,1,1,128,1,1,16,0.000,0.000,,,,,NVIDIA A100-SXM4-40GB MIG 4g.20gb (0),1,,13,cupy_copy__float32_float32
6245454927,4896,446668,103,1,1,128,1,1,16,0.000,0.000,,,,,NVIDIA A100-SXM4-40GB MIG 4g.20gb (0),1,,13,cupy_copy__complex64_complex64
6245462607,12479,446678,1434,1,1,128,1,1,16,0.000,0.000,,,,,NVIDIA A100-SXM4-40GB MIG 4g.20gb (0),1,,13,cupy_copy__complex64_complex64
6245478286,82623,446683,1,1,1,32,32,1,30,0.000,0.000,,,,,NVIDIA A100-SXM4-40GB MIG 4g.20gb (0),1,,13,"void convert_kernel<__half2, float2>(tensor_layout_any, T1 *, tensor_layout_any, const T2 *)"
6245587853,5376,446686,,,,,,,,,,0.094,17428.487,Pinned,Device,NVIDIA A100-SXM4-40GB MIG 4g.20gb (0),1,,13,[CUDA memcpy Host-to-Device]
6245599533,598393,446687,,,,,,,,,,456.561,762914.166,Device,,NVIDIA A100-SXM4-40GB MIG 4g.20gb (0),1,,13,[CUDA memset]
6246205765,110207,446692,,,,,,,,,,1.235,11204.647,Pinned,Device,NVIDIA A100-SXM4-40GB MIG 4g.20gb (0),1,,13,[CUDA memcpy Host-to-Device]
6246326820,25984,446693,,,,,,,,,,0.197,7566.459,Pinned,Device,NVIDIA A100-SXM4-40GB MIG 4g.20gb (0),1,,13,[CUDA memcpy Host-to-Device]
6246378563,8096,446694,69,4,1,48,1,1,76,0.002,0.000,,,,,NVIDIA A100-SXM4-40GB MIG 4g.20gb (0),1,,13,"void ch_est::windowedChEstPreNoDftSOfdmKernel<float, __half, float, (unsigned int)2, (unsigned int)1, (unsigned short)4>(ch_est::puschRxChEstStatDescr_t *, ch_est::puschRxChEstDynDescr_t *)"
6246392131,7264,446695,137,2,1,24,2,1,44,0.001,0.001,,,,,NVIDIA A100-SXM4-40GB MIG 4g.20gb (0),1,,13,"void ch_est::chEstFilterNoDftSOfdmDispatchKernel<float, __half, float, (unsigned int)2>(ch_est::puschRxChEstStatDescr_t *, ch_est::puschRxChEstDynDescr_t *)"
6246407299,5696,446696,137,2,1,24,2,1,44,0.001,0.001,,,,,NVIDIA A100-SXM4-40GB MIG 4g.20gb (0),1,,13,"void ch_est::chEstFilterNoDftSOfdmDispatchKernel<float, __half, float, (unsigned int)2>(ch_est::puschRxChEstStatDescr_t *, ch_est::puschRxChEstDynDescr_t *)"
6246420771,2656,446707,103,1,1,128,1,1,16,0.000,0.000,,,,,NVIDIA A100-SXM4-40GB MIG 4g.20gb (0),1,,13,cupy_copy__complex64_complex64
6246436515,12543,446717,1434,1,1,128,1,1,16,0.000,0.000,,,,,NVIDIA A100-SXM4-40GB MIG 4g.20gb (0),1,,13,cupy_copy__complex64_complex64
6246472546,2528,446724,103,1,1,128,1,1,16,0.000,0.000,,,,,NVIDIA A100-SXM4-40GB MIG 4g.20gb (0),1,,13,cupy_copy__complex64_complex64
6246491298,87903,446731,1,1,1,32,32,1,30,0.000,0.000,,,,,NVIDIA A100-SXM4-40GB MIG 4g.20gb (0),1,,13,"void convert_kernel<__half2, float2>(tensor_layout_any, T1 *, tensor_layout_any, const T2 *)"
6246608960,15872,446734,,,,,,,,,,0.094,5903.223,Pinned,Device,NVIDIA A100-SXM4-40GB MIG 4g.20gb (0),1,,13,[CUDA memcpy Host-to-Device]
6246634656,46560,446735,,,,,,,,,,35.810,769089.652,Device,,NVIDIA A100-SXM4-40GB MIG 4g.20gb (0),1,,13,[CUDA memset]
6246684224,10815,446737,,,,,,,,,,0.000,7.397,Pinned,Device,NVIDIA A100-SXM4-40GB MIG 4g.20gb (0),1,,13,[CUDA memcpy Host-to-Device]
6246703487,17184,446738,,,,,,,,,,0.197,11441.209,Pinned,Device,NVIDIA A100-SXM4-40GB MIG 4g.20gb (0),1,,13,[CUDA memcpy Host-to-Device]
6246737407,9728,446739,273,1,1,48,1,1,40,0.000,0.001,,,,,NVIDIA A100-SXM4-40GB MIG 4g.20gb (0),1,,13,"void pusch_noise_intf_est::noiseIntfEstNoDftSOfdmKernel<float, __half, float, float, (unsigned int)2, (unsigned int)1, (unsigned char)4, (unsigned char)4>(pusch_noise_intf_est::puschRxNoiseIntfEstDynDescr)"
6246752383,2592,446750,35,1,1,128,1,1,16,0.000,0.000,,,,,NVIDIA A100-SXM4-40GB MIG 4g.20gb (0),1,,13,cupy_copy__complex64_complex64
6246760159,1664,446759,1,1,1,1,1,1,18,0.000,0.000,,,,,NVIDIA A100-SXM4-40GB MIG 4g.20gb (0),1,,13,cupy_copy__float32_float32
6246767455,3807,446765,,,,,,,,,,0.000,1.051,Device,Pageable,NVIDIA A100-SXM4-40GB MIG 4g.20gb (0),1,,7,[CUDA memcpy Device-to-Host]
6246843486,12959,446776,1434,1,1,128,1,1,16,0.000,0.000,,,,,NVIDIA A100-SXM4-40GB MIG 4g.20gb (0),1,,13,cupy_copy__complex64_complex64
6246888989,3328,446783,103,1,1,128,1,1,16,0.000,0.000,,,,,NVIDIA A100-SXM4-40GB MIG 4g.20gb (0),1,,13,cupy_copy__complex64_complex64
6246908221,2560,446790,35,1,1,128,1,1,16,0.000,0.000,,,,,NVIDIA A100-SXM4-40GB MIG 4g.20gb (0),1,,13,cupy_copy__complex64_complex64
6246923197,1792,446797,1,1,1,1,1,1,18,0.000,0.000,,,,,NVIDIA A100-SXM4-40GB MIG 4g.20gb (0),1,,13,cupy_copy__float32_float32
6247047611,88351,446808,1,1,1,32,32,1,30,0.000,0.000,,,,,NVIDIA A100-SXM4-40GB MIG 4g.20gb (0),1,,13,"void convert_kernel<__half2, float2>(tensor_layout_any, T1 *, tensor_layout_any, const T2 *)"
6247163386,5440,446811,,,,,,,,,,0.094,17223.480,Pinned,Device,NVIDIA A100-SXM4-40GB MIG 4g.20gb (0),1,,13,[CUDA memcpy Host-to-Device]
6247179897,3232,446812,,,,,,,,,,1.547,478533.199,Device,,NVIDIA A100-SXM4-40GB MIG 4g.20gb (0),1,,13,[CUDA memset]
6247185433,3168,446817,,,,,,,,,,0.031,9878.770,Pinned,Device,NVIDIA A100-SXM4-40GB MIG 4g.20gb (0),1,,13,[CUDA memcpy Host-to-Device]
6247191513,10176,446818,,,,,,,,,,0.197,19320.668,Pinned,Device,NVIDIA A100-SXM4-40GB MIG 4g.20gb (0),1,,13,[CUDA memcpy Host-to-Device]
6247207577,6560,446819,273,1,1,8,4,1,39,0.002,0.000,,,,,NVIDIA A100-SXM4-40GB MIG 4g.20gb (0),1,,13,"void channel_eq::eqMmseCoefCompLowMimoKernel<float, float, float, (unsigned int)4, (unsigned int)1, (unsigned int)4>(const channel_eq::_puschRxChEqStatDescr *, channel_eq::_puschRxChEqCoefCompDynDescr)"
6247216729,6080,446820,273,1,1,12,11,1,51,0.002,0.000,,,,,NVIDIA A100-SXM4-40GB MIG 4g.20gb (0),1,,13,"void channel_eq::eqMmseSoftDemapKernel<float, __half, __half, float, (unsigned int)4, (unsigned short)16383>(channel_eq::_puschRxChEqStatDescr *, channel_eq::_puschRxChEqSoftDemapDynDescr)"
6247224697,282812,446821,1,1,1,32,32,1,30,0.000,0.000,,,,,NVIDIA A100-SXM4-40GB MIG 4g.20gb (0),1,,13,"void convert_kernel<float2, __half2>(tensor_layout_any, T1 *, tensor_layout_any, const T2 *)"
6247508917,11008,446833,2253,1,1,128,1,1,16,0.000,0.000,,,,,NVIDIA A100-SXM4-40GB MIG 4g.20gb (0),1,,13,cupy_copy__float16_float16
6247521173,3200,446842,282,1,1,128,1,1,16,0.000,0.000,,,,,NVIDIA A100-SXM4-40GB MIG 4g.20gb (0),1,,13,cupy_copy__complex64_complex64
6247526037,2112,446851,26,1,1,128,1,1,16,0.000,0.000,,,,,NVIDIA A100-SXM4-40GB MIG 4g.20gb (0),1,,13,cupy_copy__float32_float32
6247531573,2880,446860,103,1,1,128,1,1,16,0.000,0.000,,,,,NVIDIA A100-SXM4-40GB MIG 4g.20gb (0),1,,13,cupy_copy__complex64_complex64
6247535381,11968,446870,1434,1,1,128,1,1,16,0.000,0.000,,,,,NVIDIA A100-SXM4-40GB MIG 4g.20gb (0),1,,13,cupy_copy__complex64_complex64
6247555541,82559,446875,1,1,1,32,32,1,30,0.000,0.000,,,,,NVIDIA A100-SXM4-40GB MIG 4g.20gb (0),1,,13,"void convert_kernel<__half2, float2>(tensor_layout_any, T1 *, tensor_layout_any, const T2 *)"
6247665235,5504,446878,,,,,,,,,,0.094,17023.251,Pinned,Device,NVIDIA A100-SXM4-40GB MIG 4g.20gb (0),1,,13,[CUDA memcpy Host-to-Device]
6247675443,597529,446879,,,,,,,,,,456.561,763827.289,Device,,NVIDIA A100-SXM4-40GB MIG 4g.20gb (0),1,,13,[CUDA memset]
6248283532,105279,446884,,,,,,,,,,1.235,11729.498,Pinned,Device,NVIDIA A100-SXM4-40GB MIG 4g.20gb (0),1,,13,[CUDA memcpy Host-to-Device]
6248399370,21312,446885,,,,,,,,,,0.197,9225.044,Pinned,Device,NVIDIA A100-SXM4-40GB MIG 4g.20gb (0),1,,13,[CUDA memcpy Host-to-Device]
6248435946,9472,446886,69,4,1,48,1,1,76,0.002,0.000,,,,,NVIDIA A100-SXM4-40GB MIG 4g.20gb (0),1,,13,"void ch_est::windowedChEstPreNoDftSOfdmKernel<float, __half, float, (unsigned int)2, (unsigned int)1, (unsigned short)4>(ch_est::puschRxChEstStatDescr_t *, ch_est::puschRxChEstDynDescr_t *)"
6248453194,6496,446887,137,2,1,24,2,1,44,0.001,0.001,,,,,NVIDIA A100-SXM4-40GB MIG 4g.20gb (0),1,,13,"void ch_est::chEstFilterNoDftSOfdmDispatchKernel<float, __half, float, (unsigned int)2>(ch_est::puschRxChEstStatDescr_t *, ch_est::puschRxChEstDynDescr_t *)"
6248461226,5152,446888,137,2,1,24,2,1,44,0.001,0.001,,,,,NVIDIA A100-SXM4-40GB MIG 4g.20gb (0),1,,13,"void ch_est::chEstFilterNoDftSOfdmDispatchKernel<float, __half, float, (unsigned int)2>(ch_est::puschRxChEstStatDescr_t *, ch_est::puschRxChEstDynDescr_t *)"
6248470058,2655,446899,103,1,1,128,1,1,16,0.000,0.000,,,,,NVIDIA A100-SXM4-40GB MIG 4g.20gb (0),1,,13,cupy_copy__complex64_complex64
6248478921,12576,446909,1434,1,1,128,1,1,16,0.000,0.000,,,,,NVIDIA A100-SXM4-40GB MIG 4g.20gb (0),1,,13,cupy_copy__complex64_complex64
6248494025,3136,446916,103,1,1,128,1,1,16,0.000,0.000,,,,,NVIDIA A100-SXM4-40GB MIG 4g.20gb (0),1,,13,cupy_copy__complex64_complex64
6248501993,93535,446923,1,1,1,32,32,1,30,0.000,0.000,,,,,NVIDIA A100-SXM4-40GB MIG 4g.20gb (0),1,,13,"void convert_kernel<__half2, float2>(tensor_layout_any, T1 *, tensor_layout_any, const T2 *)"
6248628456,13983,446926,,,,,,,,,,0.094,6700.669,Pinned,Device,NVIDIA A100-SXM4-40GB MIG 4g.20gb (0),1,,13,[CUDA memcpy Host-to-Device]
6248648295,47008,446927,,,,,,,,,,35.810,761748.618,Device,,NVIDIA A100-SXM4-40GB MIG 4g.20gb (0),1,,13,[CUDA memset]
6248703271,4160,446929,,,,,,,,,,0.000,19.231,Pinned,Device,NVIDIA A100-SXM4-40GB MIG 4g.20gb (0),1,,13,[CUDA memcpy Host-to-Device]
6248711847,19999,446930,,,,,,,,,,0.197,9830.793,Pinned,Device,NVIDIA A100-SXM4-40GB MIG 4g.20gb (0),1,,13,[CUDA memcpy Host-to-Device]
6248741734,8928,446931,273,1,1,48,1,1,40,0.000,0.001,,,,,NVIDIA A100-SXM4-40GB MIG 4g.20gb (0),1,,13,"void pusch_noise_intf_est::noiseIntfEstNoDftSOfdmKernel<float, __half, float, float, (unsigned int)2, (unsigned int)1, (unsigned char)4, (unsigned char)4>(pusch_noise_intf_est::puschRxNoiseIntfEstDynDescr)"
6248763046,2688,446942,35,1,1,128,1,1,16,0.000,0.000,,,,,NVIDIA A100-SXM4-40GB MIG 4g.20gb (0),1,,13,cupy_copy__complex64_complex64
6248773926,1760,446951,1,1,1,1,1,1,18,0.000,0.000,,,,,NVIDIA A100-SXM4-40GB MIG 4g.20gb (0),1,,13,cupy_copy__float32_float32
6248777830,4416,446957,,,,,,,,,,0.000,0.906,Device,Pageable,NVIDIA A100-SXM4-40GB MIG 4g.20gb (0),1,,7,[CUDA memcpy Device-to-Host]
6248859941,13152,446968,1434,1,1,128,1,1,16,0.000,0.000,,,,,NVIDIA A100-SXM4-40GB MIG 4g.20gb (0),1,,13,cupy_copy__complex64_complex64
6248882724,2752,446975,103,1,1,128,1,1,16,0.000,0.000,,,,,NVIDIA A100-SXM4-40GB MIG 4g.20gb (0),1,,13,cupy_copy__complex64_complex64
6248903620,2624,446982,35,1,1,128,1,1,16,0.000,0.000,,,,,NVIDIA A100-SXM4-40GB MIG 4g.20gb (0),1,,13,cupy_copy__complex64_complex64
6248915748,1856,446989,1,1,1,1,1,1,18,0.000,0.000,,,,,NVIDIA A100-SXM4-40GB MIG 4g.20gb (0),1,,13,cupy_copy__float32_float32
6249043906,82591,447000,1,1,1,32,32,1,30,0.000,0.000,,,,,NVIDIA A100-SXM4-40GB MIG 4g.20gb (0),1,,13,"void convert_kernel<__half2, float2>(tensor_layout_any, T1 *, tensor_layout_any, const T2 *)"
6249153953,5472,447003,,,,,,,,,,0.094,17122.757,Pinned,Device,NVIDIA A100-SXM4-40GB MIG 4g.20gb (0),1,,13,[CUDA memcpy Host-to-Device]
6249168705,3488,447004,,,,,,,,,,1.547,443412.461,Device,,NVIDIA A100-SXM4-40GB MIG 4g.20gb (0),1,,13,[CUDA memset]
6249175329,3424,447009,,,,,,,,,,0.031,9140.185,Pinned,Device,NVIDIA A100-SXM4-40GB MIG 4g.20gb (0),1,,13,[CUDA memcpy Host-to-Device]
6249181377,9792,447010,,,,,,,,,,0.197,20078.395,Pinned,Device,NVIDIA A100-SXM4-40GB MIG 4g.20gb (0),1,,13,[CUDA memcpy Host-to-Device]
6249197089,6303,447011,273,1,1,8,4,1,39,0.002,0.000,,,,,NVIDIA A100-SXM4-40GB MIG 4g.20gb (0),1,,13,"void channel_eq::eqMmseCoefCompLowMimoKernel<float, float, float, (unsigned int)4, (unsigned int)1, (unsigned int)4>(const channel_eq::_puschRxChEqStatDescr *, channel_eq::_puschRxChEqCoefCompDynDescr)"
6249205088,6016,447012,273,1,1,12,11,1,51,0.002,0.000,,,,,NVIDIA A100-SXM4-40GB MIG 4g.20gb (0),1,,13,"void channel_eq::eqMmseSoftDemapKernel<float, __half, __half, float, (unsigned int)4, (unsigned short)16383>(channel_eq::_puschRxChEqStatDescr *, channel_eq::_puschRxChEqSoftDemapDynDescr)"
6249216128,294557,447013,1,1,1,32,32,1,30,0.000,0.000,,,,,NVIDIA A100-SXM4-40GB MIG 4g.20gb (0),1,,13,"void convert_kernel<float2, __half2>(tensor_layout_any, T1 *, tensor_layout_any, const T2 *)"
6249512445,11072,447025,2253,1,1,128,1,1,16,0.000,0.000,,,,,NVIDIA A100-SXM4-40GB MIG 4g.20gb (0),1,,13,cupy_copy__float16_float16
6249525404,3008,447034,282,1,1,128,1,1,16,0.000,0.000,,,,,NVIDIA A100-SXM4-40GB MIG 4g.20gb (0),1,,13,cupy_copy__complex64_complex64
6249530844,2208,447043,26,1,1,128,1,1,16,0.000,0.000,,,,,NVIDIA A100-SXM4-40GB MIG 4g.20gb (0),1,,13,cupy_copy__float32_float32
6249536700,3072,447052,103,1,1,128,1,1,16,0.000,0.000,,,,,NVIDIA A100-SXM4-40GB MIG 4g.20gb (0),1,,13,cupy_copy__complex64_complex64
6249541692,11872,447062,1434,1,1,128,1,1,16,0.000,0.000,,,,,NVIDIA A100-SXM4-40GB MIG 4g.20gb (0),1,,13,cupy_copy__complex64_complex64
6249558396,83039,447067,1,1,1,32,32,1,30,0.000,0.000,,,,,NVIDIA A100-SXM4-40GB MIG 4g.20gb (0),1,,13,"void convert_kernel<__half2, float2>(tensor_layout_any, T1 *, tensor_layout_any, const T2 *)"
6249668187,5696,447070,,,,,,,,,,0.094,16449.363,Pinned,Device,NVIDIA A100-SXM4-40GB MIG 4g.20gb (0),1,,13,[CUDA memcpy Host-to-Device]
6249680155,599128,447071,,,,,,,,,,456.561,762001.043,Device,,NVIDIA A100-SXM4-40GB MIG 4g.20gb (0),1,,13,[CUDA memset]
6250281491,131967,447076,,,,,,,,,,1.235,9357.171,Pinned,Device,NVIDIA A100-SXM4-40GB MIG 4g.20gb (0),1,,13,[CUDA memcpy Host-to-Device]
6250422449,33184,447077,,,,,,,,,,0.197,5924.782,Pinned,Device,NVIDIA A100-SXM4-40GB MIG 4g.20gb (0),1,,13,[CUDA memcpy Host-to-Device]
6250479089,8224,447078,69,4,1,48,1,1,76,0.002,0.000,,,,,NVIDIA A100-SXM4-40GB MIG 4g.20gb (0),1,,13,"void ch_est::windowedChEstPreNoDftSOfdmKernel<float, __half, float, (unsigned int)2, (unsigned int)1, (unsigned short)4>(ch_est::puschRxChEstStatDescr_t *, ch_est::puschRxChEstDynDescr_t *)"
6250506128,6720,447079,137,2,1,24,2,1,44,0.001,0.001,,,,,NVIDIA A100-SXM4-40GB MIG 4g.20gb (0),1,,13,"void ch_est::chEstFilterNoDftSOfdmDispatchKernel<float, __half, float, (unsigned int)2>(ch_est::puschRxChEstStatDescr_t *, ch_est::puschRxChEstDynDescr_t *)"
6250522448,4864,447080,137,2,1,24,2,1,44,0.001,0.001,,,,,NVIDIA A100-SXM4-40GB MIG 4g.20gb (0),1,,13,"void ch_est::chEstFilterNoDftSOfdmDispatchKernel<float, __half, float, (unsigned int)2>(ch_est::puschRxChEstStatDescr_t *, ch_est::puschRxChEstDynDescr_t *)"
6250535120,2624,447091,103,1,1,128,1,1,16,0.000,0.000,,,,,NVIDIA A100-SXM4-40GB MIG 4g.20gb (0),1,,13,cupy_copy__complex64_complex64
6250546736,12480,447101,1434,1,1,128,1,1,16,0.000,0.000,,,,,NVIDIA A100-SXM4-40GB MIG 4g.20gb (0),1,,13,cupy_copy__complex64_complex64
6250569488,2624,447108,103,1,1,128,1,1,16,0.000,0.000,,,,,NVIDIA A100-SXM4-40GB MIG 4g.20gb (0),1,,13,cupy_copy__complex64_complex64
6250582479,83775,447115,1,1,1,32,32,1,30,0.000,0.000,,,,,NVIDIA A100-SXM4-40GB MIG 4g.20gb (0),1,,13,"void convert_kernel<__half2, float2>(tensor_layout_any, T1 *, tensor_layout_any, const T2 *)"
6250693198,6368,447118,,,,,,,,,,0.094,14713.551,Pinned,Device,NVIDIA A100-SXM4-40GB MIG 4g.20gb (0),1,,13,[CUDA memcpy Host-to-Device]
6250706574,48383,447119,,,,,,,,,,35.810,740119.427,Device,,NVIDIA A100-SXM4-40GB MIG 4g.20gb (0),1,,13,[CUDA memset]
6250759437,4480,447121,,,,,,,,,,0.000,17.857,Pinned,Device,NVIDIA A100-SXM4-40GB MIG 4g.20gb (0),1,,13,[CUDA memcpy Host-to-Device]
6250768525,14080,447122,,,,,,,,,,0.197,13963.493,Pinned,Device,NVIDIA A100-SXM4-40GB MIG 4g.20gb (0),1,,13,[CUDA memcpy Host-to-Device]
6250792141,10912,447123,273,1,1,48,1,1,40,0.000,0.001,,,,,NVIDIA A100-SXM4-40GB MIG 4g.20gb (0),1,,13,"void pusch_noise_intf_est::noiseIntfEstNoDftSOfdmKernel<float, __half, float, float, (unsigned int)2, (unsigned int)1, (unsigned char)4, (unsigned char)4>(pusch_noise_intf_est::puschRxNoiseIntfEstDynDescr)"
6250807309,3232,447134,35,1,1,128,1,1,16,0.000,0.000,,,,,NVIDIA A100-SXM4-40GB MIG 4g.20gb (0),1,,13,cupy_copy__complex64_complex64
6250813517,2112,447143,1,1,1,1,1,1,18,0.000,0.000,,,,,NVIDIA A100-SXM4-40GB MIG 4g.20gb (0),1,,13,cupy_copy__float32_float32
6250854700,1632,447149,,,,,,,,,,0.000,2.451,Device,Pageable,NVIDIA A100-SXM4-40GB MIG 4g.20gb (0),1,,7,[CUDA memcpy Device-to-Host]
6250916811,13088,447160,1434,1,1,128,1,1,16,0.000,0.000,,,,,NVIDIA A100-SXM4-40GB MIG 4g.20gb (0),1,,13,cupy_copy__complex64_complex64
6250945195,3424,447167,103,1,1,128,1,1,16,0.000,0.000,,,,,NVIDIA A100-SXM4-40GB MIG 4g.20gb (0),1,,13,cupy_copy__complex64_complex64
6250965931,2400,447174,35,1,1,128,1,1,16,0.000,0.000,,,,,NVIDIA A100-SXM4-40GB MIG 4g.20gb (0),1,,13,cupy_copy__complex64_complex64
6250983466,1792,447181,1,1,1,1,1,1,18,0.000,0.000,,,,,NVIDIA A100-SXM4-40GB MIG 4g.20gb (0),1,,13,cupy_copy__float32_float32
6251116457,82079,447192,1,1,1,32,32,1,30,0.000,0.000,,,,,NVIDIA A100-SXM4-40GB MIG 4g.20gb (0),1,,13,"void convert_kernel<__half2, float2>(tensor_layout_any, T1 *, tensor_layout_any, const T2 *)"
6251226727,5792,447195,,,,,,,,,,0.094,16176.708,Pinned,Device,NVIDIA A100-SXM4-40GB MIG 4g.20gb (0),1,,13,[CUDA memcpy Host-to-Device]
6251241383,3296,447196,,,,,,,,,,1.547,469242.628,Device,,NVIDIA A100-SXM4-40GB MIG 4g.20gb (0),1,,13,[CUDA memset]
6251250279,3264,447201,,,,,,,,,,0.031,9588.218,Pinned,Device,NVIDIA A100-SXM4-40GB MIG 4g.20gb (0),1,,13,[CUDA memcpy Host-to-Device]
6251256327,9472,447202,,,,,,,,,,0.197,20756.693,Pinned,Device,NVIDIA A100-SXM4-40GB MIG 4g.20gb (0),1,,13,[CUDA memcpy Host-to-Device]
6251270567,9728,447203,273,1,1,8,4,1,39,0.002,0.000,,,,,NVIDIA A100-SXM4-40GB MIG 4g.20gb (0),1,,13,"void channel_eq::eqMmseCoefCompLowMimoKernel<float, float, float, (unsigned int)4, (unsigned int)1, (unsigned int)4>(const channel_eq::_puschRxChEqStatDescr *, channel_eq::_puschRxChEqCoefCompDynDescr)"
6251281223,6144,447204,273,1,1,12,11,1,51,0.002,0.000,,,,,NVIDIA A100-SXM4-40GB MIG 4g.20gb (0),1,,13,"void channel_eq::eqMmseSoftDemapKernel<float, __half, __half, float, (unsigned int)4, (unsigned short)16383>(channel_eq::_puschRxChEqStatDescr *, channel_eq::_puschRxChEqSoftDemapDynDescr)"
6251288295,282556,447205,1,1,1,32,32,1,30,0.000,0.000,,,,,NVIDIA A100-SXM4-40GB MIG 4g.20gb (0),1,,13,"void convert_kernel<float2, __half2>(tensor_layout_any, T1 *, tensor_layout_any, const T2 *)"
6251571875,11008,447217,2253,1,1,128,1,1,16,0.000,0.000,,,,,NVIDIA A100-SXM4-40GB MIG 4g.20gb (0),1,,13,cupy_copy__float16_float16
6251586147,2976,447226,282,1,1,128,1,1,16,0.000,0.000,,,,,NVIDIA A100-SXM4-40GB MIG 4g.20gb (0),1,,13,cupy_copy__complex64_complex64
6251591299,2336,447235,26,1,1,128,1,1,16,0.000,0.000,,,,,NVIDIA A100-SXM4-40GB MIG 4g.20gb (0),1,,13,cupy_copy__float32_float32
6251594691,4544,447244,103,1,1,128,1,1,16,0.000,0.000,,,,,NVIDIA A100-SXM4-40GB MIG 4g.20gb (0),1,,13,cupy_copy__complex64_complex64
6251600259,12160,447254,1434,1,1,128,1,1,16,0.000,0.000,,,,,NVIDIA A100-SXM4-40GB MIG 4g.20gb (0),1,,13,cupy_copy__complex64_complex64
6251615843,87455,447259,1,1,1,32,32,1,30,0.000,0.000,,,,,NVIDIA A100-SXM4-40GB MIG 4g.20gb (0),1,,13,"void convert_kernel<__half2, float2>(tensor_layout_any, T1 *, tensor_layout_any, const T2 *)"
6251731265,5792,447262,,,,,,,,,,0.094,16176.708,Pinned,Device,NVIDIA A100-SXM4-40GB MIG 4g.20gb (0),1,,13,[CUDA memcpy Host-to-Device]
6251741889,598521,447263,,,,,,,,,,456.561,762457.605,Device,,NVIDIA A100-SXM4-40GB MIG 4g.20gb (0),1,,13,[CUDA memset]
6252347962,159134,447268,,,,,,,,,,1.235,7760.388,Pinned,Device,NVIDIA A100-SXM4-40GB MIG 4g.20gb (0),1,,13,[CUDA memcpy Host-to-Device]
6252519896,39935,447269,,,,,,,,,,0.197,4923.064,Pinned,Device,NVIDIA A100-SXM4-40GB MIG 4g.20gb (0),1,,13,[CUDA memcpy Host-to-Device]
6252581527,7712,447270,69,4,1,48,1,1,76,0.002,0.000,,,,,NVIDIA A100-SXM4-40GB MIG 4g.20gb (0),1,,13,"void ch_est::windowedChEstPreNoDftSOfdmKernel<float, __half, float, (unsigned int)2, (unsigned int)1, (unsigned short)4>(ch_est::puschRxChEstStatDescr_t *, ch_est::puschRxChEstDynDescr_t *)"
6252598935,6815,447271,137,2,1,24,2,1,44,0.001,0.001,,,,,NVIDIA A100-SXM4-40GB MIG 4g.20gb (0),1,,13,"void ch_est::chEstFilterNoDftSOfdmDispatchKernel<float, __half, float, (unsigned int)2>(ch_est::puschRxChEstStatDescr_t *, ch_est::puschRxChEstDynDescr_t *)"
6252618358,4736,447272,137,2,1,24,2,1,44,0.001,0.001,,,,,NVIDIA A100-SXM4-40GB MIG 4g.20gb (0),1,,13,"void ch_est::chEstFilterNoDftSOfdmDispatchKernel<float, __half, float, (unsigned int)2>(ch_est::puschRxChEstStatDescr_t *, ch_est::puschRxChEstDynDescr_t *)"
6252635158,2784,447283,103,1,1,128,1,1,16,0.000,0.000,,,,,NVIDIA A100-SXM4-40GB MIG 4g.20gb (0),1,,13,cupy_copy__complex64_complex64
6252651830,12416,447293,1434,1,1,128,1,1,16,0.000,0.000,,,,,NVIDIA A100-SXM4-40GB MIG 4g.20gb (0),1,,13,cupy_copy__complex64_complex64
6252670134,2912,447300,103,1,1,128,1,1,16,0.000,0.000,,,,,NVIDIA A100-SXM4-40GB MIG 4g.20gb (0),1,,13,cupy_copy__complex64_complex64
6252689109,86015,447307,1,1,1,32,32,1,30,0.000,0.000,,,,,NVIDIA A100-SXM4-40GB MIG 4g.20gb (0),1,,13,"void convert_kernel<__half2, float2>(tensor_layout_any, T1 *, tensor_layout_any, const T2 *)"
6252808692,16832,447310,,,,,,,,,,0.094,5566.479,Pinned,Device,NVIDIA A100-SXM4-40GB MIG 4g.20gb (0),1,,13,[CUDA memcpy Host-to-Device]
6252846548,47391,447311,,,,,,,,,,35.810,755625.122,Device,,NVIDIA A100-SXM4-40GB MIG 4g.20gb (0),1,,13,[CUDA memset]
6252894963,10880,447313,,,,,,,,,,0.000,7.353,Pinned,Device,NVIDIA A100-SXM4-40GB MIG 4g.20gb (0),1,,13,[CUDA memcpy Host-to-Device]
6252910995,17791,447314,,,,,,,,,,0.197,11050.942,Pinned,Device,NVIDIA A100-SXM4-40GB MIG 4g.20gb (0),1,,13,[CUDA memcpy Host-to-Device]
6252942674,13088,447315,273,1,1,48,1,1,40,0.000,0.001,,,,,NVIDIA A100-SXM4-40GB MIG 4g.20gb (0),1,,13,"void pusch_noise_intf_est::noiseIntfEstNoDftSOfdmKernel<float, __half, float, float, (unsigned int)2, (unsigned int)1, (unsigned char)4, (unsigned char)4>(pusch_noise_intf_est::puschRxNoiseIntfEstDynDescr)"
6252960690,3328,447326,35,1,1,128,1,1,16,0.000,0.000,,,,,NVIDIA A100-SXM4-40GB MIG 4g.20gb (0),1,,13,cupy_copy__complex64_complex64
6252966482,1792,447335,1,1,1,1,1,1,18,0.000,0.000,,,,,NVIDIA A100-SXM4-40GB MIG 4g.20gb (0),1,,13,cupy_copy__float32_float32
6252968626,2144,447341,,,,,,,,,,0.000,1.866,Device,Pageable,NVIDIA A100-SXM4-40GB MIG 4g.20gb (0),1,,7,[CUDA memcpy Device-to-Host]
6253035697,12960,447352,1434,1,1,128,1,1,16,0.000,0.000,,,,,NVIDIA A100-SXM4-40GB MIG 4g.20gb (0),1,,13,cupy_copy__complex64_complex64
6253059569,2720,447359,103,1,1,128,1,1,16,0.000,0.000,,,,,NVIDIA A100-SXM4-40GB MIG 4g.20gb (0),1,,13,cupy_copy__complex64_complex64
6253080689,2816,447366,35,1,1,128,1,1,16,0.000,0.000,,,,,NVIDIA A100-SXM4-40GB MIG 4g.20gb (0),1,,13,cupy_copy__complex64_complex64
6253098384,1760,447373,1,1,1,1,1,1,18,0.000,0.000,,,,,NVIDIA A100-SXM4-40GB MIG 4g.20gb (0),1,,13,cupy_copy__float32_float32
6253229039,81055,447384,1,1,1,32,32,1,30,0.000,0.000,,,,,NVIDIA A100-SXM4-40GB MIG 4g.20gb (0),1,,13,"void convert_kernel<__half2, float2>(tensor_layout_any, T1 *, tensor_layout_any, const T2 *)"
6253340173,5824,447387,,,,,,,,,,0.094,16087.884,Pinned,Device,NVIDIA A100-SXM4-40GB MIG 4g.20gb (0),1,,13,[CUDA memcpy Host-to-Device]
6253354669,3296,447388,,,,,,,,,,1.547,469242.628,Device,,NVIDIA A100-SXM4-40GB MIG 4g.20gb (0),1,,13,[CUDA memset]
6253361485,3616,447393,,,,,,,,,,0.031,8654.846,Pinned,Device,NVIDIA A100-SXM4-40GB MIG 4g.20gb (0),1,,13,[CUDA memcpy Host-to-Device]
6253367725,9760,447394,,,,,,,,,,0.197,20144.259,Pinned,Device,NVIDIA A100-SXM4-40GB MIG 4g.20gb (0),1,,13,[CUDA memcpy Host-to-Device]
6253383309,5984,447395,273,1,1,8,4,1,39,0.002,0.000,,,,,NVIDIA A100-SXM4-40GB MIG 4g.20gb (0),1,,13,"void channel_eq::eqMmseCoefCompLowMimoKernel<float, float, float, (unsigned int)4, (unsigned int)1, (unsigned int)4>(const channel_eq::_puschRxChEqStatDescr *, channel_eq::_puschRxChEqCoefCompDynDescr)"
6253390413,6816,447396,273,1,1,12,11,1,51,0.002,0.000,,,,,NVIDIA A100-SXM4-40GB MIG 4g.20gb (0),1,,13,"void channel_eq::eqMmseSoftDemapKernel<float, __half, __half, float, (unsigned int)4, (unsigned short)16383>(channel_eq::_puschRxChEqStatDescr *, channel_eq::_puschRxChEqSoftDemapDynDescr)"
6253398253,282748,447397,1,1,1,32,32,1,30,0.000,0.000,,,,,NVIDIA A100-SXM4-40GB MIG 4g.20gb (0),1,,13,"void convert_kernel<float2, __half2>(tensor_layout_any, T1 *, tensor_layout_any, const T2 *)"
6253684073,11168,447409,2253,1,1,128,1,1,16,0.000,0.000,,,,,NVIDIA A100-SXM4-40GB MIG 4g.20gb (0),1,,13,cupy_copy__float16_float16
6253699337,2944,447418,282,1,1,128,1,1,16,0.000,0.000,,,,,NVIDIA A100-SXM4-40GB MIG 4g.20gb (0),1,,13,cupy_copy__complex64_complex64
6253705001,1984,447427,26,1,1,128,1,1,16,0.000,0.000,,,,,NVIDIA A100-SXM4-40GB MIG 4g.20gb (0),1,,13,cupy_copy__float32_float32
6253710601,3008,447436,103,1,1,128,1,1,16,0.000,0.000,,,,,NVIDIA A100-SXM4-40GB MIG 4g.20gb (0),1,,13,cupy_copy__complex64_complex64
6253714601,12000,447446,1434,1,1,128,1,1,16,0.000,0.000,,,,,NVIDIA A100-SXM4-40GB MIG 4g.20gb (0),1,,13,cupy_copy__complex64_complex64
6253729641,86879,447451,1,1,1,32,32,1,30,0.000,0.000,,,,,NVIDIA A100-SXM4-40GB MIG 4g.20gb (0),1,,13,"void convert_kernel<__half2, float2>(tensor_layout_any, T1 *, tensor_layout_any, const T2 *)"
6253843143,5792,447454,,,,,,,,,,0.094,16176.708,Pinned,Device,NVIDIA A100-SXM4-40GB MIG 4g.20gb (0),1,,13,[CUDA memcpy Host-to-Device]
6253853159,597049,447455,,,,,,,,,,456.561,764283.851,Device,,NVIDIA A100-SXM4-40GB MIG 4g.20gb (0),1,,13,[CUDA memset]
6254456768,145534,447460,,,,,,,,,,1.235,8485.300,Pinned,Device,NVIDIA A100-SXM4-40GB MIG 4g.20gb (0),1,,13,[CUDA memcpy Host-to-Device]
6254614462,43199,447461,,,,,,,,,,0.197,4551.082,Pinned,Device,NVIDIA A100-SXM4-40GB MIG 4g.20gb (0),1,,13,[CUDA memcpy Host-to-Device]
6254686941,8416,447462,69,4,1,48,1,1,76,0.002,0.000,,,,,NVIDIA A100-SXM4-40GB MIG 4g.20gb (0),1,,13,"void ch_est::windowedChEstPreNoDftSOfdmKernel<float, __half, float, (unsigned int)2, (unsigned int)1, (unsigned short)4>(ch_est::puschRxChEstStatDescr_t *, ch_est::puschRxChEstDynDescr_t *)"
6254706621,6687,447463,137,2,1,24,2,1,44,0.001,0.001,,,,,NVIDIA A100-SXM4-40GB MIG 4g.20gb (0),1,,13,"void ch_est::chEstFilterNoDftSOfdmDispatchKernel<float, __half, float, (unsigned int)2>(ch_est::puschRxChEstStatDescr_t *, ch_est::puschRxChEstDynDescr_t *)"
6254723580,4768,447464,137,2,1,24,2,1,44,0.001,0.001,,,,,NVIDIA A100-SXM4-40GB MIG 4g.20gb (0),1,,13,"void ch_est::chEstFilterNoDftSOfdmDispatchKernel<float, __half, float, (unsigned int)2>(ch_est::puschRxChEstStatDescr_t *, ch_est::puschRxChEstDynDescr_t *)"
6254742908,2624,447475,103,1,1,128,1,1,16,0.000,0.000,,,,,NVIDIA A100-SXM4-40GB MIG 4g.20gb (0),1,,13,cupy_copy__complex64_complex64
6254759420,12544,447485,1434,1,1,128,1,1,16,0.000,0.000,,,,,NVIDIA A100-SXM4-40GB MIG 4g.20gb (0),1,,13,cupy_copy__complex64_complex64
6254779036,2912,447492,103,1,1,128,1,1,16,0.000,0.000,,,,,NVIDIA A100-SXM4-40GB MIG 4g.20gb (0),1,,13,cupy_copy__complex64_complex64
6254798043,87871,447499,1,1,1,32,32,1,30,0.000,0.000,,,,,NVIDIA A100-SXM4-40GB MIG 4g.20gb (0),1,,13,"void convert_kernel<__half2, float2>(tensor_layout_any, T1 *, tensor_layout_any, const T2 *)"
6254918362,29664,447502,,,,,,,,,,0.094,3158.492,Pinned,Device,NVIDIA A100-SXM4-40GB MIG 4g.20gb (0),1,,13,[CUDA memcpy Host-to-Device]
6254975449,46880,447503,,,,,,,,,,35.810,763861.404,Device,,NVIDIA A100-SXM4-40GB MIG 4g.20gb (0),1,,13,[CUDA memset]
6255026329,9791,447505,,,,,,,,,,0.000,8.171,Pinned,Device,NVIDIA A100-SXM4-40GB MIG 4g.20gb (0),1,,13,[CUDA memcpy Host-to-Device]
6255045944,35296,447506,,,,,,,,,,0.197,5570.101,Pinned,Device,NVIDIA A100-SXM4-40GB MIG 4g.20gb (0),1,,13,[CUDA memcpy Host-to-Device]
6255111736,9407,447507,273,1,1,48,1,1,40,0.000,0.001,,,,,NVIDIA A100-SXM4-40GB MIG 4g.20gb (0),1,,13,"void pusch_noise_intf_est::noiseIntfEstNoDftSOfdmKernel<float, __half, float, float, (unsigned int)2, (unsigned int)1, (unsigned char)4, (unsigned char)4>(pusch_noise_intf_est::puschRxNoiseIntfEstDynDescr)"
6255128343,2656,447518,35,1,1,128,1,1,16,0.000,0.000,,,,,NVIDIA A100-SXM4-40GB MIG 4g.20gb (0),1,,13,cupy_copy__complex64_complex64
6255145271,1664,447527,1,1,1,1,1,1,18,0.000,0.000,,,,,NVIDIA A100-SXM4-40GB MIG 4g.20gb (0),1,,13,cupy_copy__float32_float32
6255154711,6016,447533,,,,,,,,,,0.000,0.665,Device,Pageable,NVIDIA A100-SXM4-40GB MIG 4g.20gb (0),1,,7,[CUDA memcpy Device-to-Host]
6255251190,12768,447544,1434,1,1,128,1,1,16,0.000,0.000,,,,,NVIDIA A100-SXM4-40GB MIG 4g.20gb (0),1,,13,cupy_copy__complex64_complex64
6255273846,3072,447551,103,1,1,128,1,1,16,0.000,0.000,,,,,NVIDIA A100-SXM4-40GB MIG 4g.20gb (0),1,,13,cupy_copy__complex64_complex64
6255291701,2560,447558,35,1,1,128,1,1,16,0.000,0.000,,,,,NVIDIA A100-SXM4-40GB MIG 4g.20gb (0),1,,13,cupy_copy__complex64_complex64
6255311765,1792,447565,1,1,1,1,1,1,18,0.000,0.000,,,,,NVIDIA A100-SXM4-40GB MIG 4g.20gb (0),1,,13,cupy_copy__float32_float32
6255428916,88031,447576,1,1,1,32,32,1,30,0.000,0.000,,,,,NVIDIA A100-SXM4-40GB MIG 4g.20gb (0),1,,13,"void convert_kernel<__half2, float2>(tensor_layout_any, T1 *, tensor_layout_any, const T2 *)"
6255544818,5664,447579,,,,,,,,,,0.094,16542.310,Pinned,Device,NVIDIA A100-SXM4-40GB MIG 4g.20gb (0),1,,13,[CUDA memcpy Host-to-Device]
6255561106,3328,447580,,,,,,,,,,1.547,464729.580,Device,,NVIDIA A100-SXM4-40GB MIG 4g.20gb (0),1,,13,[CUDA memset]
6255566482,3232,447585,,,,,,,,,,0.031,9683.139,Pinned,Device,NVIDIA A100-SXM4-40GB MIG 4g.20gb (0),1,,13,[CUDA memcpy Host-to-Device]
6255571794,10016,447586,,,,,,,,,,0.197,19629.343,Pinned,Device,NVIDIA A100-SXM4-40GB MIG 4g.20gb (0),1,,13,[CUDA memcpy Host-to-Device]
6255588050,6368,447587,273,1,1,8,4,1,39,0.002,0.000,,,,,NVIDIA A100-SXM4-40GB MIG 4g.20gb (0),1,,13,"void channel_eq::eqMmseCoefCompLowMimoKernel<float, float, float, (unsigned int)4, (unsigned int)1, (unsigned int)4>(const channel_eq::_puschRxChEqStatDescr *, channel_eq::_puschRxChEqCoefCompDynDescr)"
6255598066,6559,447588,273,1,1,12,11,1,51,0.002,0.000,,,,,NVIDIA A100-SXM4-40GB MIG 4g.20gb (0),1,,13,"void channel_eq::eqMmseSoftDemapKernel<float, __half, __half, float, (unsigned int)4, (unsigned short)16383>(channel_eq::_puschRxChEqStatDescr *, channel_eq::_puschRxChEqSoftDemapDynDescr)"
6255605841,282621,447589,1,1,1,32,32,1,30,0.000,0.000,,,,,NVIDIA A100-SXM4-40GB MIG 4g.20gb (0),1,,13,"void convert_kernel<float2, __half2>(tensor_layout_any, T1 *, tensor_layout_any, const T2 *)"
6255890414,10816,447601,2253,1,1,128,1,1,16,0.000,0.000,,,,,NVIDIA A100-SXM4-40GB MIG 4g.20gb (0),1,,13,cupy_copy__float16_float16
6255904046,3136,447610,282,1,1,128,1,1,16,0.000,0.000,,,,,NVIDIA A100-SXM4-40GB MIG 4g.20gb (0),1,,13,cupy_copy__complex64_complex64
6255908302,2208,447619,26,1,1,128,1,1,16,0.000,0.000,,,,,NVIDIA A100-SXM4-40GB MIG 4g.20gb (0),1,,13,cupy_copy__float32_float32
6255912942,3072,447628,103,1,1,128,1,1,16,0.000,0.000,,,,,NVIDIA A100-SXM4-40GB MIG 4g.20gb (0),1,,13,cupy_copy__complex64_complex64
6255918414,12127,447638,1434,1,1,128,1,1,16,0.000,0.000,,,,,NVIDIA A100-SXM4-40GB MIG 4g.20gb (0),1,,13,cupy_copy__complex64_complex64
6255934861,82143,447643,1,1,1,32,32,1,30,0.000,0.000,,,,,NVIDIA A100-SXM4-40GB MIG 4g.20gb (0),1,,13,"void convert_kernel<__half2, float2>(tensor_layout_any, T1 *, tensor_layout_any, const T2 *)"
6256043852,5376,447646,,,,,,,,,,0.094,17428.487,Pinned,Device,NVIDIA A100-SXM4-40GB MIG 4g.20gb (0),1,,13,[CUDA memcpy Host-to-Device]
6256053964,597657,447647,,,,,,,,,,456.561,763827.289,Device,,NVIDIA A100-SXM4-40GB MIG 4g.20gb (0),1,,13,[CUDA memset]
6256656260,90239,447652,,,,,,,,,,1.235,13684.414,Pinned,Device,NVIDIA A100-SXM4-40GB MIG 4g.20gb (0),1,,13,[CUDA memcpy Host-to-Device]
6256750723,11008,447653,,,,,,,,,,0.197,17860.461,Pinned,Device,NVIDIA A100-SXM4-40GB MIG 4g.20gb (0),1,,13,[CUDA memcpy Host-to-Device]
6256769219,8160,447654,69,4,1,48,1,1,76,0.002,0.000,,,,,NVIDIA A100-SXM4-40GB MIG 4g.20gb (0),1,,13,"void ch_est::windowedChEstPreNoDftSOfdmKernel<float, __half, float, (unsigned int)2, (unsigned int)1, (unsigned short)4>(ch_est::puschRxChEstStatDescr_t *, ch_est::puschRxChEstDynDescr_t *)"
6256780067,6976,447655,137,2,1,24,2,1,44,0.001,0.001,,,,,NVIDIA A100-SXM4-40GB MIG 4g.20gb (0),1,,13,"void ch_est::chEstFilterNoDftSOfdmDispatchKernel<float, __half, float, (unsigned int)2>(ch_est::puschRxChEstStatDescr_t *, ch_est::puschRxChEstDynDescr_t *)"
6256789379,5280,447656,137,2,1,24,2,1,44,0.001,0.001,,,,,NVIDIA A100-SXM4-40GB MIG 4g.20gb (0),1,,13,"void ch_est::chEstFilterNoDftSOfdmDispatchKernel<float, __half, float, (unsigned int)2>(ch_est::puschRxChEstStatDescr_t *, ch_est::puschRxChEstDynDescr_t *)"
6256796611,2496,447667,103,1,1,128,1,1,16,0.000,0.000,,,,,NVIDIA A100-SXM4-40GB MIG 4g.20gb (0),1,,13,cupy_copy__complex64_complex64
6256801955,12768,447677,1434,1,1,128,1,1,16,0.000,0.000,,,,,NVIDIA A100-SXM4-40GB MIG 4g.20gb (0),1,,13,cupy_copy__complex64_complex64
6256817795,3135,447684,103,1,1,128,1,1,16,0.000,0.000,,,,,NVIDIA A100-SXM4-40GB MIG 4g.20gb (0),1,,13,cupy_copy__complex64_complex64
6256823810,89855,447691,1,1,1,32,32,1,30,0.000,0.000,,,,,NVIDIA A100-SXM4-40GB MIG 4g.20gb (0),1,,13,"void convert_kernel<__half2, float2>(tensor_layout_any, T1 *, tensor_layout_any, const T2 *)"
6256941057,5856,447694,,,,,,,,,,0.094,15999.997,Pinned,Device,NVIDIA A100-SXM4-40GB MIG 4g.20gb (0),1,,13,[CUDA memcpy Host-to-Device]
6256952993,47359,447695,,,,,,,,,,35.810,756126.461,Device,,NVIDIA A100-SXM4-40GB MIG 4g.20gb (0),1,,13,[CUDA memset]
6257005760,3136,447697,,,,,,,,,,0.000,25.510,Pinned,Device,NVIDIA A100-SXM4-40GB MIG 4g.20gb (0),1,,13,[CUDA memcpy Host-to-Device]
6257013920,12384,447698,,,,,,,,,,0.197,15875.899,Pinned,Device,NVIDIA A100-SXM4-40GB MIG 4g.20gb (0),1,,13,[CUDA memcpy Host-to-Device]
6257033408,11744,447699,273,1,1,48,1,1,40,0.000,0.001,,,,,NVIDIA A100-SXM4-40GB MIG 4g.20gb (0),1,,13,"void pusch_noise_intf_est::noiseIntfEstNoDftSOfdmKernel<float, __half, float, float, (unsigned int)2, (unsigned int)1, (unsigned char)4, (unsigned char)4>(pusch_noise_intf_est::puschRxNoiseIntfEstDynDescr)"
6257047936,2816,447710,35,1,1,128,1,1,16,0.000,0.000,,,,,NVIDIA A100-SXM4-40GB MIG 4g.20gb (0),1,,13,cupy_copy__complex64_complex64
6257061727,1952,447719,1,1,1,1,1,1,18,0.000,0.000,,,,,NVIDIA A100-SXM4-40GB MIG 4g.20gb (0),1,,13,cupy_copy__float32_float32
6257092479,1792,447725,,,,,,,,,,0.000,2.232,Device,Pageable,NVIDIA A100-SXM4-40GB MIG 4g.20gb (0),1,,7,[CUDA memcpy Device-to-Host]
6257151614,12768,447736,1434,1,1,128,1,1,16,0.000,0.000,,,,,NVIDIA A100-SXM4-40GB MIG 4g.20gb (0),1,,13,cupy_copy__complex64_complex64
6257176670,3392,447743,103,1,1,128,1,1,16,0.000,0.000,,,,,NVIDIA A100-SXM4-40GB MIG 4g.20gb (0),1,,13,cupy_copy__complex64_complex64
6257197246,2208,447750,35,1,1,128,1,1,16,0.000,0.000,,,,,NVIDIA A100-SXM4-40GB MIG 4g.20gb (0),1,,13,cupy_copy__complex64_complex64
6257215166,1856,447757,1,1,1,1,1,1,18,0.000,0.000,,,,,NVIDIA A100-SXM4-40GB MIG 4g.20gb (0),1,,13,cupy_copy__float32_float32
6257349564,87103,447768,1,1,1,32,32,1,30,0.000,0.000,,,,,NVIDIA A100-SXM4-40GB MIG 4g.20gb (0),1,,13,"void convert_kernel<__half2, float2>(tensor_layout_any, T1 *, tensor_layout_any, const T2 *)"
6257464667,5695,447771,,,,,,,,,,0.094,16452.268,Pinned,Device,NVIDIA A100-SXM4-40GB MIG 4g.20gb (0),1,,13,[CUDA memcpy Host-to-Device]
6257479130,3008,447772,,,,,,,,,,1.547,514168.962,Device,,NVIDIA A100-SXM4-40GB MIG 4g.20gb (0),1,,13,[CUDA memset]
6257485402,3360,447777,,,,,,,,,,0.031,9314.284,Pinned,Device,NVIDIA A100-SXM4-40GB MIG 4g.20gb (0),1,,13,[CUDA memcpy Host-to-Device]
6257491514,10144,447778,,,,,,,,,,0.197,19381.617,Pinned,Device,NVIDIA A100-SXM4-40GB MIG 4g.20gb (0),1,,13,[CUDA memcpy Host-to-Device]
6257505594,6336,447779,273,1,1,8,4,1,39,0.002,0.000,,,,,NVIDIA A100-SXM4-40GB MIG 4g.20gb (0),1,,13,"void channel_eq::eqMmseCoefCompLowMimoKernel<float, float, float, (unsigned int)4, (unsigned int)1, (unsigned int)4>(const channel_eq::_puschRxChEqStatDescr *, channel_eq::_puschRxChEqCoefCompDynDescr)"
6257513018,6240,447780,273,1,1,12,11,1,51,0.002,0.000,,,,,NVIDIA A100-SXM4-40GB MIG 4g.20gb (0),1,,13,"void channel_eq::eqMmseSoftDemapKernel<float, __half, __half, float, (unsigned int)4, (unsigned short)16383>(channel_eq::_puschRxChEqStatDescr *, channel_eq::_puschRxChEqSoftDemapDynDescr)"
6257520218,282300,447781,1,1,1,32,32,1,30,0.000,0.000,,,,,NVIDIA A100-SXM4-40GB MIG 4g.20gb (0),1,,13,"void convert_kernel<float2, __half2>(tensor_layout_any, T1 *, tensor_layout_any, const T2 *)"
6257806806,11040,447793,2253,1,1,128,1,1,16,0.000,0.000,,,,,NVIDIA A100-SXM4-40GB MIG 4g.20gb (0),1,,13,cupy_copy__float16_float16
6257819478,3200,447802,282,1,1,128,1,1,16,0.000,0.000,,,,,NVIDIA A100-SXM4-40GB MIG 4g.20gb (0),1,,13,cupy_copy__complex64_complex64
6257823766,2304,447811,26,1,1,128,1,1,16,0.000,0.000,,,,,NVIDIA A100-SXM4-40GB MIG 4g.20gb (0),1,,13,cupy_copy__float32_float32
6257829526,2912,447820,103,1,1,128,1,1,16,0.000,0.000,,,,,NVIDIA A100-SXM4-40GB MIG 4g.20gb (0),1,,13,cupy_copy__complex64_complex64
6257833430,12448,447830,1434,1,1,128,1,1,16,0.000,0.000,,,,,NVIDIA A100-SXM4-40GB MIG 4g.20gb (0),1,,13,cupy_copy__complex64_complex64
6257854838,82975,447835,1,1,1,32,32,1,30,0.000,0.000,,,,,NVIDIA A100-SXM4-40GB MIG 4g.20gb (0),1,,13,"void convert_kernel<__half2, float2>(tensor_layout_any, T1 *, tensor_layout_any, const T2 *)"
6257964436,5536,447838,,,,,,,,,,0.094,16924.777,Pinned,Device,NVIDIA A100-SXM4-40GB MIG 4g.20gb (0),1,,13,[CUDA memcpy Host-to-Device]
6257974100,596761,447839,,,,,,,,,,456.561,764740.412,Device,,NVIDIA A100-SXM4-40GB MIG 4g.20gb (0),1,,13,[CUDA memset]
6258577901,156286,447844,,,,,,,,,,1.235,7901.172,Pinned,Device,NVIDIA A100-SXM4-40GB MIG 4g.20gb (0),1,,13,[CUDA memcpy Host-to-Device]
6258748139,41503,447845,,,,,,,,,,0.197,4737.073,Pinned,Device,NVIDIA A100-SXM4-40GB MIG 4g.20gb (0),1,,13,[CUDA memcpy Host-to-Device]
6258811722,7776,447846,69,4,1,48,1,1,76,0.002,0.000,,,,,NVIDIA A100-SXM4-40GB MIG 4g.20gb (0),1,,13,"void ch_est::windowedChEstPreNoDftSOfdmKernel<float, __half, float, (unsigned int)2, (unsigned int)1, (unsigned short)4>(ch_est::puschRxChEstStatDescr_t *, ch_est::puschRxChEstDynDescr_t *)"
6258831210,6880,447847,137,2,1,24,2,1,44,0.001,0.001,,,,,NVIDIA A100-SXM4-40GB MIG 4g.20gb (0),1,,13,"void ch_est::chEstFilterNoDftSOfdmDispatchKernel<float, __half, float, (unsigned int)2>(ch_est::puschRxChEstStatDescr_t *, ch_est::puschRxChEstDynDescr_t *)"
6258848713,4768,447848,137,2,1,24,2,1,44,0.001,0.001,,,,,NVIDIA A100-SXM4-40GB MIG 4g.20gb (0),1,,13,"void ch_est::chEstFilterNoDftSOfdmDispatchKernel<float, __half, float, (unsigned int)2>(ch_est::puschRxChEstStatDescr_t *, ch_est::puschRxChEstDynDescr_t *)"
6258866569,2624,447859,103,1,1,128,1,1,16,0.000,0.000,,,,,NVIDIA A100-SXM4-40GB MIG 4g.20gb (0),1,,13,cupy_copy__complex64_complex64
6258881577,12512,447869,1434,1,1,128,1,1,16,0.000,0.000,,,,,NVIDIA A100-SXM4-40GB MIG 4g.20gb (0),1,,13,cupy_copy__complex64_complex64
6258902473,2944,447876,103,1,1,128,1,1,16,0.000,0.000,,,,,NVIDIA A100-SXM4-40GB MIG 4g.20gb (0),1,,13,cupy_copy__complex64_complex64
6258918217,83775,447883,1,1,1,32,32,1,30,0.000,0.000,,,,,NVIDIA A100-SXM4-40GB MIG 4g.20gb (0),1,,13,"void convert_kernel<__half2, float2>(tensor_layout_any, T1 *, tensor_layout_any, const T2 *)"
6259030279,5536,447886,,,,,,,,,,0.094,16924.777,Pinned,Device,NVIDIA A100-SXM4-40GB MIG 4g.20gb (0),1,,13,[CUDA memcpy Host-to-Device]
6259043815,47199,447887,,,,,,,,,,35.810,758668.965,Device,,NVIDIA A100-SXM4-40GB MIG 4g.20gb (0),1,,13,[CUDA memset]
6259096582,2368,447889,,,,,,,,,,0.000,33.784,Pinned,Device,NVIDIA A100-SXM4-40GB MIG 4g.20gb (0),1,,13,[CUDA memcpy Host-to-Device]
6259103526,12608,447890,,,,,,,,,,0.197,15593.767,Pinned,Device,NVIDIA A100-SXM4-40GB MIG 4g.20gb (0),1,,13,[CUDA memcpy Host-to-Device]
6259126662,10080,447891,273,1,1,48,1,1,40,0.000,0.001,,,,,NVIDIA A100-SXM4-40GB MIG 4g.20gb (0),1,,13,"void pusch_noise_intf_est::noiseIntfEstNoDftSOfdmKernel<float, __half, float, float, (unsigned int)2, (unsigned int)1, (unsigned char)4, (unsigned char)4>(pusch_noise_intf_est::puschRxNoiseIntfEstDynDescr)"
6259138886,2912,447902,35,1,1,128,1,1,16,0.000,0.000,,,,,NVIDIA A100-SXM4-40GB MIG 4g.20gb (0),1,,13,cupy_copy__complex64_complex64
6259152742,2080,447911,1,1,1,1,1,1,18,0.000,0.000,,,,,NVIDIA A100-SXM4-40GB MIG 4g.20gb (0),1,,13,cupy_copy__float32_float32
6259183813,1600,447917,,,,,,,,,,0.000,2.500,Device,Pageable,NVIDIA A100-SXM4-40GB MIG 4g.20gb (0),1,,7,[CUDA memcpy Device-to-Host]
6259245829,12703,447928,1434,1,1,128,1,1,16,0.000,0.000,,,,,NVIDIA A100-SXM4-40GB MIG 4g.20gb (0),1,,13,cupy_copy__complex64_complex64
6259272228,3296,447935,103,1,1,128,1,1,16,0.000,0.000,,,,,NVIDIA A100-SXM4-40GB MIG 4g.20gb (0),1,,13,cupy_copy__complex64_complex64
6259292164,2176,447942,35,1,1,128,1,1,16,0.000,0.000,,,,,NVIDIA A100-SXM4-40GB MIG 4g.20gb (0),1,,13,cupy_copy__complex64_complex64
6259315556,1824,447949,1,1,1,1,1,1,18,0.000,0.000,,,,,NVIDIA A100-SXM4-40GB MIG 4g.20gb (0),1,,13,cupy_copy__float32_float32
6259445698,81695,447960,1,1,1,32,32,1,30,0.000,0.000,,,,,NVIDIA A100-SXM4-40GB MIG 4g.20gb (0),1,,13,"void convert_kernel<__half2, float2>(tensor_layout_any, T1 *, tensor_layout_any, const T2 *)"
6259555393,5696,447963,,,,,,,,,,0.094,16449.363,Pinned,Device,NVIDIA A100-SXM4-40GB MIG 4g.20gb (0),1,,13,[CUDA memcpy Host-to-Device]
6259569793,3328,447964,,,,,,,,,,1.547,464729.580,Device,,NVIDIA A100-SXM4-40GB MIG 4g.20gb (0),1,,13,[CUDA memset]
6259576896,3168,447969,,,,,,,,,,0.031,9878.770,Pinned,Device,NVIDIA A100-SXM4-40GB MIG 4g.20gb (0),1,,13,[CUDA memcpy Host-to-Device]
6259582496,9856,447970,,,,,,,,,,0.197,19948.044,Pinned,Device,NVIDIA A100-SXM4-40GB MIG 4g.20gb (0),1,,13,[CUDA memcpy Host-to-Device]
6259597312,6368,447971,273,1,1,8,4,1,39,0.002,0.000,,,,,NVIDIA A100-SXM4-40GB MIG 4g.20gb (0),1,,13,"void channel_eq::eqMmseCoefCompLowMimoKernel<float, float, float, (unsigned int)4, (unsigned int)1, (unsigned int)4>(const channel_eq::_puschRxChEqStatDescr *, channel_eq::_puschRxChEqCoefCompDynDescr)"
6259604768,5984,447972,273,1,1,12,11,1,51,0.002,0.000,,,,,NVIDIA A100-SXM4-40GB MIG 4g.20gb (0),1,,13,"void channel_eq::eqMmseSoftDemapKernel<float, __half, __half, float, (unsigned int)4, (unsigned short)16383>(channel_eq::_puschRxChEqStatDescr *, channel_eq::_puschRxChEqSoftDemapDynDescr)"
6259611744,281949,447973,1,1,1,32,32,1,30,0.000,0.000,,,,,NVIDIA A100-SXM4-40GB MIG 4g.20gb (0),1,,13,"void convert_kernel<float2, __half2>(tensor_layout_any, T1 *, tensor_layout_any, const T2 *)"
6259896221,10975,447985,2253,1,1,128,1,1,16,0.000,0.000,,,,,NVIDIA A100-SXM4-40GB MIG 4g.20gb (0),1,,13,cupy_copy__float16_float16
6259909244,3680,447994,282,1,1,128,1,1,16,0.000,0.000,,,,,NVIDIA A100-SXM4-40GB MIG 4g.20gb (0),1,,13,cupy_copy__complex64_complex64
6259916764,2016,448003,26,1,1,128,1,1,16,0.000,0.000,,,,,NVIDIA A100-SXM4-40GB MIG 4g.20gb (0),1,,13,cupy_copy__float32_float32
6259922652,3424,448012,103,1,1,128,1,1,16,0.000,0.000,,,,,NVIDIA A100-SXM4-40GB MIG 4g.20gb (0),1,,13,cupy_copy__complex64_complex64
6259927132,11936,448022,1434,1,1,128,1,1,16,0.000,0.000,,,,,NVIDIA A100-SXM4-40GB MIG 4g.20gb (0),1,,13,cupy_copy__complex64_complex64
6259946108,87711,448027,1,1,1,32,32,1,30,0.000,0.000,,,,,NVIDIA A100-SXM4-40GB MIG 4g.20gb (0),1,,13,"void convert_kernel<__half2, float2>(tensor_layout_any, T1 *, tensor_layout_any, const T2 *)"
6260061114,5504,448030,,,,,,,,,,0.094,17023.251,Pinned,Device,NVIDIA A100-SXM4-40GB MIG 4g.20gb (0),1,,13,[CUDA memcpy Host-to-Device]
6260071610,598137,448031,,,,,,,,,,456.561,762914.166,Device,,NVIDIA A100-SXM4-40GB MIG 4g.20gb (0),1,,13,[CUDA memset]
6260676691,146334,448036,,,,,,,,,,1.235,8438.372,Pinned,Device,NVIDIA A100-SXM4-40GB MIG 4g.20gb (0),1,,13,[CUDA memcpy Host-to-Device]
6260834417,40191,448037,,,,,,,,,,0.197,4891.804,Pinned,Device,NVIDIA A100-SXM4-40GB MIG 4g.20gb (0),1,,13,[CUDA memcpy Host-to-Device]
6260904368,8064,448038,69,4,1,48,1,1,76,0.002,0.000,,,,,NVIDIA A100-SXM4-40GB MIG 4g.20gb (0),1,,13,"void ch_est::windowedChEstPreNoDftSOfdmKernel<float, __half, float, (unsigned int)2, (unsigned int)1, (unsigned short)4>(ch_est::puschRxChEstStatDescr_t *, ch_est::puschRxChEstDynDescr_t *)"
6260922032,6880,448039,137,2,1,24,2,1,44,0.001,0.001,,,,,NVIDIA A100-SXM4-40GB MIG 4g.20gb (0),1,,13,"void ch_est::chEstFilterNoDftSOfdmDispatchKernel<float, __half, float, (unsigned int)2>(ch_est::puschRxChEstStatDescr_t *, ch_est::puschRxChEstDynDescr_t *)"
6260941744,4768,448040,137,2,1,24,2,1,44,0.001,0.001,,,,,NVIDIA A100-SXM4-40GB MIG 4g.20gb (0),1,,13,"void ch_est::chEstFilterNoDftSOfdmDispatchKernel<float, __half, float, (unsigned int)2>(ch_est::puschRxChEstStatDescr_t *, ch_est::puschRxChEstDynDescr_t *)"
6260958383,2752,448051,103,1,1,128,1,1,16,0.000,0.000,,,,,NVIDIA A100-SXM4-40GB MIG 4g.20gb (0),1,,13,cupy_copy__complex64_complex64
6260975727,12256,448061,1434,1,1,128,1,1,16,0.000,0.000,,,,,NVIDIA A100-SXM4-40GB MIG 4g.20gb (0),1,,13,cupy_copy__complex64_complex64
6260994223,2912,448068,103,1,1,128,1,1,16,0.000,0.000,,,,,NVIDIA A100-SXM4-40GB MIG 4g.20gb (0),1,,13,cupy_copy__complex64_complex64
6261020719,91167,448075,1,1,1,32,32,1,30,0.000,0.000,,,,,NVIDIA A100-SXM4-40GB MIG 4g.20gb (0),1,,13,"void convert_kernel<__half2, float2>(tensor_layout_any, T1 *, tensor_layout_any, const T2 *)"
6261150221,16160,448078,,,,,,,,,,0.094,5798.002,Pinned,Device,NVIDIA A100-SXM4-40GB MIG 4g.20gb (0),1,,13,[CUDA memcpy Host-to-Device]
6261193325,47039,448079,,,,,,,,,,35.810,761247.279,Device,,NVIDIA A100-SXM4-40GB MIG 4g.20gb (0),1,,13,[CUDA memset]
6261249004,10976,448081,,,,,,,,,,0.000,7.289,Pinned,Device,NVIDIA A100-SXM4-40GB MIG 4g.20gb (0),1,,13,[CUDA memcpy Host-to-Device]
6261264524,21727,448082,,,,,,,,,,0.197,9048.883,Pinned,Device,NVIDIA A100-SXM4-40GB MIG 4g.20gb (0),1,,13,[CUDA memcpy Host-to-Device]
6261299019,12576,448083,273,1,1,48,1,1,40,0.000,0.001,,,,,NVIDIA A100-SXM4-40GB MIG 4g.20gb (0),1,,13,"void pusch_noise_intf_est::noiseIntfEstNoDftSOfdmKernel<float, __half, float, float, (unsigned int)2, (unsigned int)1, (unsigned char)4, (unsigned char)4>(pusch_noise_intf_est::puschRxNoiseIntfEstDynDescr)"
6261316971,3008,448094,35,1,1,128,1,1,16,0.000,0.000,,,,,NVIDIA A100-SXM4-40GB MIG 4g.20gb (0),1,,13,cupy_copy__complex64_complex64
6261325451,1792,448103,1,1,1,1,1,1,18,0.000,0.000,,,,,NVIDIA A100-SXM4-40GB MIG 4g.20gb (0),1,,13,cupy_copy__float32_float32
6261331403,1920,448109,,,,,,,,,,0.000,2.083,Device,Pageable,NVIDIA A100-SXM4-40GB MIG 4g.20gb (0),1,,7,[CUDA memcpy Device-to-Host]
6261399146,13184,448120,1434,1,1,128,1,1,16,0.000,0.000,,,,,NVIDIA A100-SXM4-40GB MIG 4g.20gb (0),1,,13,cupy_copy__complex64_complex64
6261423978,3456,448127,103,1,1,128,1,1,16,0.000,0.000,,,,,NVIDIA A100-SXM4-40GB MIG 4g.20gb (0),1,,13,cupy_copy__complex64_complex64
6261449673,2336,448134,35,1,1,128,1,1,16,0.000,0.000,,,,,NVIDIA A100-SXM4-40GB MIG 4g.20gb (0),1,,13,cupy_copy__complex64_complex64
6261466697,1792,448141,1,1,1,1,1,1,18,0.000,0.000,,,,,NVIDIA A100-SXM4-40GB MIG 4g.20gb (0),1,,13,cupy_copy__float32_float32
6261599752,82590,448152,1,1,1,32,32,1,30,0.000,0.000,,,,,NVIDIA A100-SXM4-40GB MIG 4g.20gb (0),1,,13,"void convert_kernel<__half2, float2>(tensor_layout_any, T1 *, tensor_layout_any, const T2 *)"
6261710086,5984,448155,,,,,,,,,,0.094,15657.726,Pinned,Device,NVIDIA A100-SXM4-40GB MIG 4g.20gb (0),1,,13,[CUDA memcpy Host-to-Device]
6261724518,3328,448156,,,,,,,,,,1.547,464729.580,Device,,NVIDIA A100-SXM4-40GB MIG 4g.20gb (0),1,,13,[CUDA memset]
6261731078,3104,448161,,,,,,,,,,0.031,10082.445,Pinned,Device,NVIDIA A100-SXM4-40GB MIG 4g.20gb (0),1,,13,[CUDA memcpy Host-to-Device]
6261736966,9760,448162,,,,,,,,,,0.197,20144.259,Pinned,Device,NVIDIA A100-SXM4-40GB MIG 4g.20gb (0),1,,13,[CUDA memcpy Host-to-Device]
6261751270,5856,448163,273,1,1,8,4,1,39,0.002,0.000,,,,,NVIDIA A100-SXM4-40GB MIG 4g.20gb (0),1,,13,"void channel_eq::eqMmseCoefCompLowMimoKernel<float, float, float, (unsigned int)4, (unsigned int)1, (unsigned int)4>(const channel_eq::_puschRxChEqStatDescr *, channel_eq::_puschRxChEqCoefCompDynDescr)"
6261758758,5919,448164,273,1,1,12,11,1,51,0.002,0.000,,,,,NVIDIA A100-SXM4-40GB MIG 4g.20gb (0),1,,13,"void channel_eq::eqMmseSoftDemapKernel<float, __half, __half, float, (unsigned int)4, (unsigned short)16383>(channel_eq::_puschRxChEqStatDescr *, channel_eq::_puschRxChEqSoftDemapDynDescr)"
6261765797,282749,448165,1,1,1,32,32,1,30,0.000,0.000,,,,,NVIDIA A100-SXM4-40GB MIG 4g.20gb (0),1,,13,"void convert_kernel<float2, __half2>(tensor_layout_any, T1 *, tensor_layout_any, const T2 *)"
6262050178,11072,448177,2253,1,1,128,1,1,16,0.000,0.000,,,,,NVIDIA A100-SXM4-40GB MIG 4g.20gb (0),1,,13,cupy_copy__float16_float16
6262062498,3072,448186,282,1,1,128,1,1,16,0.000,0.000,,,,,NVIDIA A100-SXM4-40GB MIG 4g.20gb (0),1,,13,cupy_copy__complex64_complex64
6262069218,2368,448195,26,1,1,128,1,1,16,0.000,0.000,,,,,NVIDIA A100-SXM4-40GB MIG 4g.20gb (0),1,,13,cupy_copy__float32_float32
6262075074,2848,448204,103,1,1,128,1,1,16,0.000,0.000,,,,,NVIDIA A100-SXM4-40GB MIG 4g.20gb (0),1,,13,cupy_copy__complex64_complex64
6262132321,12480,448220,1434,1,1,128,1,1,16,0.000,0.000,,,,,NVIDIA A100-SXM4-40GB MIG 4g.20gb (0),1,,13,cupy_copy__complex64_complex64
6262247008,82111,448225,1,1,1,32,32,1,30,0.000,0.000,,,,,NVIDIA A100-SXM4-40GB MIG 4g.20gb (0),1,,13,"void convert_kernel<__half2, float2>(tensor_layout_any, T1 *, tensor_layout_any, const T2 *)"
6262356254,5504,448228,,,,,,,,,,0.094,17023.251,Pinned,Device,NVIDIA A100-SXM4-40GB MIG 4g.20gb (0),1,,13,[CUDA memcpy Host-to-Device]
6262367198,597977,448229,,,,,,,,,,456.561,763370.728,Device,,NVIDIA A100-SXM4-40GB MIG 4g.20gb (0),1,,13,[CUDA memset]
6262965879,166814,448234,,,,,,,,,,1.235,7402.254,Pinned,Device,NVIDIA A100-SXM4-40GB MIG 4g.20gb (0),1,,13,[CUDA memcpy Host-to-Device]
6263141428,41280,448235,,,,,,,,,,0.197,4762.632,Pinned,Device,NVIDIA A100-SXM4-40GB MIG 4g.20gb (0),1,,13,[CUDA memcpy Host-to-Device]
6263212628,8320,448236,69,4,1,48,1,1,76,0.002,0.000,,,,,NVIDIA A100-SXM4-40GB MIG 4g.20gb (0),1,,13,"void ch_est::windowedChEstPreNoDftSOfdmKernel<float, __half, float, (unsigned int)2, (unsigned int)1, (unsigned short)4>(ch_est::puschRxChEstStatDescr_t *, ch_est::puschRxChEstDynDescr_t *)"
6263231795,6464,448237,137,2,1,24,2,1,44,0.001,0.001,,,,,NVIDIA A100-SXM4-40GB MIG 4g.20gb (0),1,,13,"void ch_est::chEstFilterNoDftSOfdmDispatchKernel<float, __half, float, (unsigned int)2>(ch_est::puschRxChEstStatDescr_t *, ch_est::puschRxChEstDynDescr_t *)"
6263248691,4704,448238,137,2,1,24,2,1,44,0.001,0.001,,,,,NVIDIA A100-SXM4-40GB MIG 4g.20gb (0),1,,13,"void ch_est::chEstFilterNoDftSOfdmDispatchKernel<float, __half, float, (unsigned int)2>(ch_est::puschRxChEstStatDescr_t *, ch_est::puschRxChEstDynDescr_t *)"
6263268243,2656,448249,103,1,1,128,1,1,16,0.000,0.000,,,,,NVIDIA A100-SXM4-40GB MIG 4g.20gb (0),1,,13,cupy_copy__complex64_complex64
6263284947,12160,448259,1434,1,1,128,1,1,16,0.000,0.000,,,,,NVIDIA A100-SXM4-40GB MIG 4g.20gb (0),1,,13,cupy_copy__complex64_complex64
6263304530,2944,448266,103,1,1,128,1,1,16,0.000,0.000,,,,,NVIDIA A100-SXM4-40GB MIG 4g.20gb (0),1,,13,cupy_copy__complex64_complex64
6263329490,80735,448273,1,1,1,32,32,1,30,0.000,0.000,,,,,NVIDIA A100-SXM4-40GB MIG 4g.20gb (0),1,,13,"void convert_kernel<__half2, float2>(tensor_layout_any, T1 *, tensor_layout_any, const T2 *)"
6263444401,25343,448276,,,,,,,,,,0.094,3697.057,Pinned,Device,NVIDIA A100-SXM4-40GB MIG 4g.20gb (0),1,,13,[CUDA memcpy Host-to-Device]
6263497104,47072,448277,,,,,,,,,,35.810,760745.940,Device,,NVIDIA A100-SXM4-40GB MIG 4g.20gb (0),1,,13,[CUDA memset]
6263548111,13280,448279,,,,,,,,,,0.000,6.024,Pinned,Device,NVIDIA A100-SXM4-40GB MIG 4g.20gb (0),1,,13,[CUDA memcpy Host-to-Device]
6263572527,29632,448280,,,,,,,,,,0.197,6634.930,Pinned,Device,NVIDIA A100-SXM4-40GB MIG 4g.20gb (0),1,,13,[CUDA memcpy Host-to-Device]
6263616751,9568,448281,273,1,1,48,1,1,40,0.000,0.001,,,,,NVIDIA A100-SXM4-40GB MIG 4g.20gb (0),1,,13,"void pusch_noise_intf_est::noiseIntfEstNoDftSOfdmKernel<float, __half, float, float, (unsigned int)2, (unsigned int)1, (unsigned char)4, (unsigned char)4>(pusch_noise_intf_est::puschRxNoiseIntfEstDynDescr)"
6263631246,3008,448292,35,1,1,128,1,1,16,0.000,0.000,,,,,NVIDIA A100-SXM4-40GB MIG 4g.20gb (0),1,,13,cupy_copy__complex64_complex64
6263641934,1728,448301,1,1,1,1,1,1,18,0.000,0.000,,,,,NVIDIA A100-SXM4-40GB MIG 4g.20gb (0),1,,13,cupy_copy__float32_float32
6263651758,7360,448307,,,,,,,,,,0.000,0.543,Device,Pageable,NVIDIA A100-SXM4-40GB MIG 4g.20gb (0),1,,7,[CUDA memcpy Device-to-Host]
6263736173,12704,448318,1434,1,1,128,1,1,16,0.000,0.000,,,,,NVIDIA A100-SXM4-40GB MIG 4g.20gb (0),1,,13,cupy_copy__complex64_complex64
6263762445,2816,448325,103,1,1,128,1,1,16,0.000,0.000,,,,,NVIDIA A100-SXM4-40GB MIG 4g.20gb (0),1,,13,cupy_copy__complex64_complex64
6263785261,2752,448332,35,1,1,128,1,1,16,0.000,0.000,,,,,NVIDIA A100-SXM4-40GB MIG 4g.20gb (0),1,,13,cupy_copy__complex64_complex64
6263800364,1888,448339,1,1,1,1,1,1,18,0.000,0.000,,,,,NVIDIA A100-SXM4-40GB MIG 4g.20gb (0),1,,13,cupy_copy__float32_float32
6263926571,81663,448350,1,1,1,32,32,1,30,0.000,0.000,,,,,NVIDIA A100-SXM4-40GB MIG 4g.20gb (0),1,,13,"void convert_kernel<__half2, float2>(tensor_layout_any, T1 *, tensor_layout_any, const T2 *)"
6264036489,6016,448353,,,,,,,,,,0.094,15574.430,Pinned,Device,NVIDIA A100-SXM4-40GB MIG 4g.20gb (0),1,,13,[CUDA memcpy Host-to-Device]
6264051753,3360,448354,,,,,,,,,,1.547,460304.688,Device,,NVIDIA A100-SXM4-40GB MIG 4g.20gb (0),1,,13,[CUDA memset]
6264058121,3200,448359,,,,,,,,,,0.031,9780.000,Pinned,Device,NVIDIA A100-SXM4-40GB MIG 4g.20gb (0),1,,13,[CUDA memcpy Host-to-Device]
6264063849,9984,448360,,,,,,,,,,0.197,19692.257,Pinned,Device,NVIDIA A100-SXM4-40GB MIG 4g.20gb (0),1,,13,[CUDA memcpy Host-to-Device]
6264078601,6432,448361,273,1,1,8,4,1,39,0.002,0.000,,,,,NVIDIA A100-SXM4-40GB MIG 4g.20gb (0),1,,13,"void channel_eq::eqMmseCoefCompLowMimoKernel<float, float, float, (unsigned int)4, (unsigned int)1, (unsigned int)4>(const channel_eq::_puschRxChEqStatDescr *, channel_eq::_puschRxChEqCoefCompDynDescr)"
6264085993,6272,448362,273,1,1,12,11,1,51,0.002,0.000,,,,,NVIDIA A100-SXM4-40GB MIG 4g.20gb (0),1,,13,"void channel_eq::eqMmseSoftDemapKernel<float, __half, __half, float, (unsigned int)4, (unsigned short)16383>(channel_eq::_puschRxChEqStatDescr *, channel_eq::_puschRxChEqSoftDemapDynDescr)"
6264093353,283132,448363,1,1,1,32,32,1,30,0.000,0.000,,,,,NVIDIA A100-SXM4-40GB MIG 4g.20gb (0),1,,13,"void convert_kernel<float2, __half2>(tensor_layout_any, T1 *, tensor_layout_any, const T2 *)"
6264377445,11008,448375,2253,1,1,128,1,1,16,0.000,0.000,,,,,NVIDIA A100-SXM4-40GB MIG 4g.20gb (0),1,,13,cupy_copy__float16_float16
6264392805,3168,448384,282,1,1,128,1,1,16,0.000,0.000,,,,,NVIDIA A100-SXM4-40GB MIG 4g.20gb (0),1,,13,cupy_copy__complex64_complex64
6264398085,2176,448393,26,1,1,128,1,1,16,0.000,0.000,,,,,NVIDIA A100-SXM4-40GB MIG 4g.20gb (0),1,,13,cupy_copy__float32_float32
6264401573,4704,448402,103,1,1,128,1,1,16,0.000,0.000,,,,,NVIDIA A100-SXM4-40GB MIG 4g.20gb (0),1,,13,cupy_copy__complex64_complex64
6264408069,12064,448412,1434,1,1,128,1,1,16,0.000,0.000,,,,,NVIDIA A100-SXM4-40GB MIG 4g.20gb (0),1,,13,cupy_copy__complex64_complex64
6264427877,82335,448417,1,1,1,32,32,1,30,0.000,0.000,,,,,NVIDIA A100-SXM4-40GB MIG 4g.20gb (0),1,,13,"void convert_kernel<__half2, float2>(tensor_layout_any, T1 *, tensor_layout_any, const T2 *)"
6264538179,5472,448420,,,,,,,,,,0.094,17122.757,Pinned,Device,NVIDIA A100-SXM4-40GB MIG 4g.20gb (0),1,,13,[CUDA memcpy Host-to-Device]
6264548291,600569,448421,,,,,,,,,,456.561,760174.798,Device,,NVIDIA A100-SXM4-40GB MIG 4g.20gb (0),1,,13,[CUDA memset]
6265155996,125694,448426,,,,,,,,,,1.235,9823.980,Pinned,Device,NVIDIA A100-SXM4-40GB MIG 4g.20gb (0),1,,13,[CUDA memcpy Host-to-Device]
6265290106,35168,448427,,,,,,,,,,0.197,5590.352,Pinned,Device,NVIDIA A100-SXM4-40GB MIG 4g.20gb (0),1,,13,[CUDA memcpy Host-to-Device]
6265348857,8224,448428,69,4,1,48,1,1,76,0.002,0.000,,,,,NVIDIA A100-SXM4-40GB MIG 4g.20gb (0),1,,13,"void ch_est::windowedChEstPreNoDftSOfdmKernel<float, __half, float, (unsigned int)2, (unsigned int)1, (unsigned short)4>(ch_est::puschRxChEstStatDescr_t *, ch_est::puschRxChEstDynDescr_t *)"
6265364729,6784,448429,137,2,1,24,2,1,44,0.001,0.001,,,,,NVIDIA A100-SXM4-40GB MIG 4g.20gb (0),1,,13,"void ch_est::chEstFilterNoDftSOfdmDispatchKernel<float, __half, float, (unsigned int)2>(ch_est::puschRxChEstStatDescr_t *, ch_est::puschRxChEstDynDescr_t *)"
6265378649,4800,448430,137,2,1,24,2,1,44,0.001,0.001,,,,,NVIDIA A100-SXM4-40GB MIG 4g.20gb (0),1,,13,"void ch_est::chEstFilterNoDftSOfdmDispatchKernel<float, __half, float, (unsigned int)2>(ch_est::puschRxChEstStatDescr_t *, ch_est::puschRxChEstDynDescr_t *)"
6265392601,2496,448441,103,1,1,128,1,1,16,0.000,0.000,,,,,NVIDIA A100-SXM4-40GB MIG 4g.20gb (0),1,,13,cupy_copy__complex64_complex64
6265409177,12639,448451,1434,1,1,128,1,1,16,0.000,0.000,,,,,NVIDIA A100-SXM4-40GB MIG 4g.20gb (0),1,,13,cupy_copy__complex64_complex64
6265444440,2592,448458,103,1,1,128,1,1,16,0.000,0.000,,,,,NVIDIA A100-SXM4-40GB MIG 4g.20gb (0),1,,13,cupy_copy__complex64_complex64
6265460408,89311,448465,1,1,1,32,32,1,30,0.000,0.000,,,,,NVIDIA A100-SXM4-40GB MIG 4g.20gb (0),1,,13,"void convert_kernel<__half2, float2>(tensor_layout_any, T1 *, tensor_layout_any, const T2 *)"
6265585750,26400,448468,,,,,,,,,,0.094,3549.017,Pinned,Device,NVIDIA A100-SXM4-40GB MIG 4g.20gb (0),1,,13,[CUDA memcpy Host-to-Device]
6265628374,47103,448469,,,,,,,,,,35.810,760244.602,Device,,NVIDIA A100-SXM4-40GB MIG 4g.20gb (0),1,,13,[CUDA memset]
6265678357,15296,448471,,,,,,,,,,0.000,5.230,Pinned,Device,NVIDIA A100-SXM4-40GB MIG 4g.20gb (0),1,,13,[CUDA memcpy Host-to-Device]
6265703093,26656,448472,,,,,,,,,,0.197,7375.749,Pinned,Device,NVIDIA A100-SXM4-40GB MIG 4g.20gb (0),1,,13,[CUDA memcpy Host-to-Device]
6265752916,9696,448473,273,1,1,48,1,1,40,0.000,0.001,,,,,NVIDIA A100-SXM4-40GB MIG 4g.20gb (0),1,,13,"void pusch_noise_intf_est::noiseIntfEstNoDftSOfdmKernel<float, __half, float, float, (unsigned int)2, (unsigned int)1, (unsigned char)4, (unsigned char)4>(pusch_noise_intf_est::puschRxNoiseIntfEstDynDescr)"
6265769844,2784,448484,35,1,1,128,1,1,16,0.000,0.000,,,,,NVIDIA A100-SXM4-40GB MIG 4g.20gb (0),1,,13,cupy_copy__complex64_complex64
6265786516,1760,448493,1,1,1,1,1,1,18,0.000,0.000,,,,,NVIDIA A100-SXM4-40GB MIG 4g.20gb (0),1,,13,cupy_copy__float32_float32
6265791892,6912,448499,,,,,,,,,,0.000,0.579,Device,Pageable,NVIDIA A100-SXM4-40GB MIG 4g.20gb (0),1,,7,[CUDA memcpy Device-to-Host]
6265894995,12703,448510,1434,1,1,128,1,1,16,0.000,0.000,,,,,NVIDIA A100-SXM4-40GB MIG 4g.20gb (0),1,,13,cupy_copy__complex64_complex64
6265921746,2752,448517,103,1,1,128,1,1,16,0.000,0.000,,,,,NVIDIA A100-SXM4-40GB MIG 4g.20gb (0),1,,13,cupy_copy__complex64_complex64
6265939186,2144,448524,35,1,1,128,1,1,16,0.000,0.000,,,,,NVIDIA A100-SXM4-40GB MIG 4g.20gb (0),1,,13,cupy_copy__complex64_complex64
6265943026,1760,448531,1,1,1,1,1,1,18,0.000,0.000,,,,,NVIDIA A100-SXM4-40GB MIG 4g.20gb (0),1,,13,cupy_copy__float32_float32
6266088848,87711,448542,1,1,1,32,32,1,30,0.000,0.000,,,,,NVIDIA A100-SXM4-40GB MIG 4g.20gb (0),1,,13,"void convert_kernel<__half2, float2>(tensor_layout_any, T1 *, tensor_layout_any, const T2 *)"
6266208687,11391,448545,,,,,,,,,,0.094,8225.384,Pinned,Device,NVIDIA A100-SXM4-40GB MIG 4g.20gb (0),1,,13,[CUDA memcpy Host-to-Device]
6266232558,3648,448546,,,,,,,,,,1.547,423963.664,Device,,NVIDIA A100-SXM4-40GB MIG 4g.20gb (0),1,,13,[CUDA memset]
6266244494,4768,448551,,,,,,,,,,0.031,6563.741,Pinned,Device,NVIDIA A100-SXM4-40GB MIG 4g.20gb (0),1,,13,[CUDA memcpy Host-to-Device]
6266255630,16896,448552,,,,,,,,,,0.197,11636.244,Pinned,Device,NVIDIA A100-SXM4-40GB MIG 4g.20gb (0),1,,13,[CUDA memcpy Host-to-Device]
6266281742,8064,448553,273,1,1,8,4,1,39,0.002,0.000,,,,,NVIDIA A100-SXM4-40GB MIG 4g.20gb (0),1,,13,"void channel_eq::eqMmseCoefCompLowMimoKernel<float, float, float, (unsigned int)4, (unsigned int)1, (unsigned int)4>(const channel_eq::_puschRxChEqStatDescr *, channel_eq::_puschRxChEqCoefCompDynDescr)"
6266298382,5535,448554,273,1,1,12,11,1,51,0.002,0.000,,,,,NVIDIA A100-SXM4-40GB MIG 4g.20gb (0),1,,13,"void channel_eq::eqMmseSoftDemapKernel<float, __half, __half, float, (unsigned int)4, (unsigned short)16383>(channel_eq::_puschRxChEqStatDescr *, channel_eq::_puschRxChEqSoftDemapDynDescr)"
6266307821,282845,448555,1,1,1,32,32,1,30,0.000,0.000,,,,,NVIDIA A100-SXM4-40GB MIG 4g.20gb (0),1,,13,"void convert_kernel<float2, __half2>(tensor_layout_any, T1 *, tensor_layout_any, const T2 *)"
6266592330,10944,448567,2253,1,1,128,1,1,16,0.000,0.000,,,,,NVIDIA A100-SXM4-40GB MIG 4g.20gb (0),1,,13,cupy_copy__float16_float16
6266605162,3584,448576,282,1,1,128,1,1,16,0.000,0.000,,,,,NVIDIA A100-SXM4-40GB MIG 4g.20gb (0),1,,13,cupy_copy__complex64_complex64
6266611978,2144,448585,26,1,1,128,1,1,16,0.000,0.000,,,,,NVIDIA A100-SXM4-40GB MIG 4g.20gb (0),1,,13,cupy_copy__float32_float32
6266617098,4928,448594,103,1,1,128,1,1,16,0.000,0.000,,,,,NVIDIA A100-SXM4-40GB MIG 4g.20gb (0),1,,13,cupy_copy__complex64_complex64
6266624266,12063,448604,1434,1,1,128,1,1,16,0.000,0.000,,,,,NVIDIA A100-SXM4-40GB MIG 4g.20gb (0),1,,13,cupy_copy__complex64_complex64
6266641033,87071,448609,1,1,1,32,32,1,30,0.000,0.000,,,,,NVIDIA A100-SXM4-40GB MIG 4g.20gb (0),1,,13,"void convert_kernel<__half2, float2>(tensor_layout_any, T1 *, tensor_layout_any, const T2 *)"
6266755176,6048,448612,,,,,,,,,,0.094,15491.978,Pinned,Device,NVIDIA A100-SXM4-40GB MIG 4g.20gb (0),1,,13,[CUDA memcpy Host-to-Device]
6266766440,596120,448613,,,,,,,,,,456.561,765653.535,Device,,NVIDIA A100-SXM4-40GB MIG 4g.20gb (0),1,,13,[CUDA memset]
6267369856,134303,448618,,,,,,,,,,1.235,9194.158,Pinned,Device,NVIDIA A100-SXM4-40GB MIG 4g.20gb (0),1,,13,[CUDA memcpy Host-to-Device]
6267518270,30240,448619,,,,,,,,,,0.197,6501.433,Pinned,Device,NVIDIA A100-SXM4-40GB MIG 4g.20gb (0),1,,13,[CUDA memcpy Host-to-Device]
6267566814,7776,448620,69,4,1,48,1,1,76,0.002,0.000,,,,,NVIDIA A100-SXM4-40GB MIG 4g.20gb (0),1,,13,"void ch_est::windowedChEstPreNoDftSOfdmKernel<float, __half, float, (unsigned int)2, (unsigned int)1, (unsigned short)4>(ch_est::puschRxChEstStatDescr_t *, ch_est::puschRxChEstDynDescr_t *)"
6267577374,6944,448621,137,2,1,24,2,1,44,0.001,0.001,,,,,NVIDIA A100-SXM4-40GB MIG 4g.20gb (0),1,,13,"void ch_est::chEstFilterNoDftSOfdmDispatchKernel<float, __half, float, (unsigned int)2>(ch_est::puschRxChEstStatDescr_t *, ch_est::puschRxChEstDynDescr_t *)"
6267587646,5184,448622,137,2,1,24,2,1,44,0.001,0.001,,,,,NVIDIA A100-SXM4-40GB MIG 4g.20gb (0),1,,13,"void ch_est::chEstFilterNoDftSOfdmDispatchKernel<float, __half, float, (unsigned int)2>(ch_est::puschRxChEstStatDescr_t *, ch_est::puschRxChEstDynDescr_t *)"
6267596542,2751,448633,103,1,1,128,1,1,16,0.000,0.000,,,,,NVIDIA A100-SXM4-40GB MIG 4g.20gb (0),1,,13,cupy_copy__complex64_complex64
6267605501,12960,448643,1434,1,1,128,1,1,16,0.000,0.000,,,,,NVIDIA A100-SXM4-40GB MIG 4g.20gb (0),1,,13,cupy_copy__complex64_complex64
6267622269,3104,448650,103,1,1,128,1,1,16,0.000,0.000,,,,,NVIDIA A100-SXM4-40GB MIG 4g.20gb (0),1,,13,cupy_copy__complex64_complex64
6267629885,86399,448657,1,1,1,32,32,1,30,0.000,0.000,,,,,NVIDIA A100-SXM4-40GB MIG 4g.20gb (0),1,,13,"void convert_kernel<__half2, float2>(tensor_layout_any, T1 *, tensor_layout_any, const T2 *)"
6267744764,13120,448660,,,,,,,,,,0.094,7141.415,Pinned,Device,NVIDIA A100-SXM4-40GB MIG 4g.20gb (0),1,,13,[CUDA memcpy Host-to-Device]
6267762651,47264,448661,,,,,,,,,,35.810,757630.477,Device,,NVIDIA A100-SXM4-40GB MIG 4g.20gb (0),1,,13,[CUDA memset]
6267812795,8960,448663,,,,,,,,,,0.000,8.929,Pinned,Device,NVIDIA A100-SXM4-40GB MIG 4g.20gb (0),1,,13,[CUDA memcpy Host-to-Device]
6267826811,16319,448664,,,,,,,,,,0.197,12047.745,Pinned,Device,NVIDIA A100-SXM4-40GB MIG 4g.20gb (0),1,,13,[CUDA memcpy Host-to-Device]
6267858970,9632,448665,273,1,1,48,1,1,40,0.000,0.001,,,,,NVIDIA A100-SXM4-40GB MIG 4g.20gb (0),1,,13,"void pusch_noise_intf_est::noiseIntfEstNoDftSOfdmKernel<float, __half, float, float, (unsigned int)2, (unsigned int)1, (unsigned char)4, (unsigned char)4>(pusch_noise_intf_est::puschRxNoiseIntfEstDynDescr)"
6267873850,2720,448676,35,1,1,128,1,1,16,0.000,0.000,,,,,NVIDIA A100-SXM4-40GB MIG 4g.20gb (0),1,,13,cupy_copy__complex64_complex64
6267880698,1696,448685,1,1,1,1,1,1,18,0.000,0.000,,,,,NVIDIA A100-SXM4-40GB MIG 4g.20gb (0),1,,13,cupy_copy__float32_float32
6267901850,2176,448691,,,,,,,,,,0.000,1.838,Device,Pageable,NVIDIA A100-SXM4-40GB MIG 4g.20gb (0),1,,7,[CUDA memcpy Device-to-Host]
6267963001,13632,448702,1434,1,1,128,1,1,16,0.000,0.000,,,,,NVIDIA A100-SXM4-40GB MIG 4g.20gb (0),1,,13,cupy_copy__complex64_complex64
6267988281,3424,448709,103,1,1,128,1,1,16,0.000,0.000,,,,,NVIDIA A100-SXM4-40GB MIG 4g.20gb (0),1,,13,cupy_copy__complex64_complex64
6268011896,2752,448716,35,1,1,128,1,1,16,0.000,0.000,,,,,NVIDIA A100-SXM4-40GB MIG 4g.20gb (0),1,,13,cupy_copy__complex64_complex64
6268027288,1824,448723,1,1,1,1,1,1,18,0.000,0.000,,,,,NVIDIA A100-SXM4-40GB MIG 4g.20gb (0),1,,13,cupy_copy__float32_float32
6268159319,81215,448734,1,1,1,32,32,1,30,0.000,0.000,,,,,NVIDIA A100-SXM4-40GB MIG 4g.20gb (0),1,,13,"void convert_kernel<__half2, float2>(tensor_layout_any, T1 *, tensor_layout_any, const T2 *)"
6268268245,5888,448737,,,,,,,,,,0.094,15912.954,Pinned,Device,NVIDIA A100-SXM4-40GB MIG 4g.20gb (0),1,,13,[CUDA memcpy Host-to-Device]
6268282485,3328,448738,,,,,,,,,,1.547,464729.580,Device,,NVIDIA A100-SXM4-40GB MIG 4g.20gb (0),1,,13,[CUDA memset]
6268289429,3296,448743,,,,,,,,,,0.031,9495.144,Pinned,Device,NVIDIA A100-SXM4-40GB MIG 4g.20gb (0),1,,13,[CUDA memcpy Host-to-Device]
6268295317,9504,448744,,,,,,,,,,0.197,20686.701,Pinned,Device,NVIDIA A100-SXM4-40GB MIG 4g.20gb (0),1,,13,[CUDA memcpy Host-to-Device]
6268309621,6624,448745,273,1,1,8,4,1,39,0.002,0.000,,,,,NVIDIA A100-SXM4-40GB MIG 4g.20gb (0),1,,13,"void channel_eq::eqMmseCoefCompLowMimoKernel<float, float, float, (unsigned int)4, (unsigned int)1, (unsigned int)4>(const channel_eq::_puschRxChEqStatDescr *, channel_eq::_puschRxChEqCoefCompDynDescr)"
6268317173,5952,448746,273,1,1,12,11,1,51,0.002,0.000,,,,,NVIDIA A100-SXM4-40GB MIG 4g.20gb (0),1,,13,"void channel_eq::eqMmseSoftDemapKernel<float, __half, __half, float, (unsigned int)4, (unsigned short)16383>(channel_eq::_puschRxChEqStatDescr *, channel_eq::_puschRxChEqSoftDemapDynDescr)"
6268326165,289916,448747,1,1,1,32,32,1,30,0.000,0.000,,,,,NVIDIA A100-SXM4-40GB MIG 4g.20gb (0),1,,13,"void convert_kernel<float2, __half2>(tensor_layout_any, T1 *, tensor_layout_any, const T2 *)"
6268617617,10912,448759,2253,1,1,128,1,1,16,0.000,0.000,,,,,NVIDIA A100-SXM4-40GB MIG 4g.20gb (0),1,,13,cupy_copy__float16_float16
6268632913,3648,448768,282,1,1,128,1,1,16,0.000,0.000,,,,,NVIDIA A100-SXM4-40GB MIG 4g.20gb (0),1,,13,cupy_copy__complex64_complex64
6268639281,2048,448777,26,1,1,128,1,1,16,0.000,0.000,,,,,NVIDIA A100-SXM4-40GB MIG 4g.20gb (0),1,,13,cupy_copy__float32_float32
6268643761,4800,448786,103,1,1,128,1,1,16,0.000,0.000,,,,,NVIDIA A100-SXM4-40GB MIG 4g.20gb (0),1,,13,cupy_copy__complex64_complex64
6268650193,12127,448796,1434,1,1,128,1,1,16,0.000,0.000,,,,,NVIDIA A100-SXM4-40GB MIG 4g.20gb (0),1,,13,cupy_copy__complex64_complex64
6268664208,82047,448801,1,1,1,32,32,1,30,0.000,0.000,,,,,NVIDIA A100-SXM4-40GB MIG 4g.20gb (0),1,,13,"void convert_kernel<__half2, float2>(tensor_layout_any, T1 *, tensor_layout_any, const T2 *)"
6268772943,5920,448804,,,,,,,,,,0.094,15826.941,Pinned,Device,NVIDIA A100-SXM4-40GB MIG 4g.20gb (0),1,,13,[CUDA memcpy Host-to-Device]
6268782831,598776,448805,,,,,,,,,,456.561,762457.605,Device,,NVIDIA A100-SXM4-40GB MIG 4g.20gb (0),1,,13,[CUDA memset]
6269387815,161534,448810,,,,,,,,,,1.235,7644.303,Pinned,Device,NVIDIA A100-SXM4-40GB MIG 4g.20gb (0),1,,13,[CUDA memcpy Host-to-Device]
6269560677,39744,448811,,,,,,,,,,0.197,4946.854,Pinned,Device,NVIDIA A100-SXM4-40GB MIG 4g.20gb (0),1,,13,[CUDA memcpy Host-to-Device]
6269623685,8415,448812,69,4,1,48,1,1,76,0.002,0.000,,,,,NVIDIA A100-SXM4-40GB MIG 4g.20gb (0),1,,13,"void ch_est::windowedChEstPreNoDftSOfdmKernel<float, __half, float, (unsigned int)2, (unsigned int)1, (unsigned short)4>(ch_est::puschRxChEstStatDescr_t *, ch_est::puschRxChEstDynDescr_t *)"
6269643140,6784,448813,137,2,1,24,2,1,44,0.001,0.001,,,,,NVIDIA A100-SXM4-40GB MIG 4g.20gb (0),1,,13,"void ch_est::chEstFilterNoDftSOfdmDispatchKernel<float, __half, float, (unsigned int)2>(ch_est::puschRxChEstStatDescr_t *, ch_est::puschRxChEstDynDescr_t *)"
6269660900,5024,448814,137,2,1,24,2,1,44,0.001,0.001,,,,,NVIDIA A100-SXM4-40GB MIG 4g.20gb (0),1,,13,"void ch_est::chEstFilterNoDftSOfdmDispatchKernel<float, __half, float, (unsigned int)2>(ch_est::puschRxChEstStatDescr_t *, ch_est::puschRxChEstDynDescr_t *)"
6269678468,2688,448825,103,1,1,128,1,1,16,0.000,0.000,,,,,NVIDIA A100-SXM4-40GB MIG 4g.20gb (0),1,,13,cupy_copy__complex64_complex64
6269695012,12479,448835,1434,1,1,128,1,1,16,0.000,0.000,,,,,NVIDIA A100-SXM4-40GB MIG 4g.20gb (0),1,,13,cupy_copy__complex64_complex64
6269714467,2528,448842,103,1,1,128,1,1,16,0.000,0.000,,,,,NVIDIA A100-SXM4-40GB MIG 4g.20gb (0),1,,13,cupy_copy__complex64_complex64
6269736611,86303,448849,1,1,1,32,32,1,30,0.000,0.000,,,,,NVIDIA A100-SXM4-40GB MIG 4g.20gb (0),1,,13,"void convert_kernel<__half2, float2>(tensor_layout_any, T1 *, tensor_layout_any, const T2 *)"
6269854626,15071,448852,,,,,,,,,,0.094,6216.917,Pinned,Device,NVIDIA A100-SXM4-40GB MIG 4g.20gb (0),1,,13,[CUDA memcpy Host-to-Device]
6269879713,46816,448853,,,,,,,,,,35.810,764899.891,Device,,NVIDIA A100-SXM4-40GB MIG 4g.20gb (0),1,,13,[CUDA memset]
6269930497,6880,448855,,,,,,,,,,0.000,11.628,Pinned,Device,NVIDIA A100-SXM4-40GB MIG 4g.20gb (0),1,,13,[CUDA memcpy Host-to-Device]
6269941761,20159,448856,,,,,,,,,,0.197,9752.740,Pinned,Device,NVIDIA A100-SXM4-40GB MIG 4g.20gb (0),1,,13,[CUDA memcpy Host-to-Device]
6269972608,9088,448857,273,1,1,48,1,1,40,0.000,0.001,,,,,NVIDIA A100-SXM4-40GB MIG 4g.20gb (0),1,,13,"void pusch_noise_intf_est::noiseIntfEstNoDftSOfdmKernel<float, __half, float, float, (unsigned int)2, (unsigned int)1, (unsigned char)4, (unsigned char)4>(pusch_noise_intf_est::puschRxNoiseIntfEstDynDescr)"
6269990528,3040,448868,35,1,1,128,1,1,16,0.000,0.000,,,,,NVIDIA A100-SXM4-40GB MIG 4g.20gb (0),1,,13,cupy_copy__complex64_complex64
6269999840,2048,448877,1,1,1,1,1,1,18,0.000,0.000,,,,,NVIDIA A100-SXM4-40GB MIG 4g.20gb (0),1,,13,cupy_copy__float32_float32
6270007808,6912,448883,,,,,,,,,,0.000,0.579,Device,Pageable,NVIDIA A100-SXM4-40GB MIG 4g.20gb (0),1,,7,[CUDA memcpy Device-to-Host]
6270086719,13056,448894,1434,1,1,128,1,1,16,0.000,0.000,,,,,NVIDIA A100-SXM4-40GB MIG 4g.20gb (0),1,,13,cupy_copy__complex64_complex64
6270119774,2944,448901,103,1,1,128,1,1,16,0.000,0.000,,,,,NVIDIA A100-SXM4-40GB MIG 4g.20gb (0),1,,13,cupy_copy__complex64_complex64
6270132158,2528,448908,35,1,1,128,1,1,16,0.000,0.000,,,,,NVIDIA A100-SXM4-40GB MIG 4g.20gb (0),1,,13,cupy_copy__complex64_complex64
6270152062,1920,448915,1,1,1,1,1,1,18,0.000,0.000,,,,,NVIDIA A100-SXM4-40GB MIG 4g.20gb (0),1,,13,cupy_copy__float32_float32
6270277660,85855,448926,1,1,1,32,32,1,30,0.000,0.000,,,,,NVIDIA A100-SXM4-40GB MIG 4g.20gb (0),1,,13,"void convert_kernel<__half2, float2>(tensor_layout_any, T1 *, tensor_layout_any, const T2 *)"
6270391451,5568,448929,,,,,,,,,,0.094,16827.521,Pinned,Device,NVIDIA A100-SXM4-40GB MIG 4g.20gb (0),1,,13,[CUDA memcpy Host-to-Device]
6270406363,3232,448930,,,,,,,,,,1.547,478533.199,Device,,NVIDIA A100-SXM4-40GB MIG 4g.20gb (0),1,,13,[CUDA memset]
6270412571,3104,448935,,,,,,,,,,0.031,10082.445,Pinned,Device,NVIDIA A100-SXM4-40GB MIG 4g.20gb (0),1,,13,[CUDA memcpy Host-to-Device]
6270418715,9568,448936,,,,,,,,,,0.197,20548.485,Pinned,Device,NVIDIA A100-SXM4-40GB MIG 4g.20gb (0),1,,13,[CUDA memcpy Host-to-Device]
6270434938,6432,448937,273,1,1,8,4,1,39,0.002,0.000,,,,,NVIDIA A100-SXM4-40GB MIG 4g.20gb (0),1,,13,"void channel_eq::eqMmseCoefCompLowMimoKernel<float, float, float, (unsigned int)4, (unsigned int)1, (unsigned int)4>(const channel_eq::_puschRxChEqStatDescr *, channel_eq::_puschRxChEqCoefCompDynDescr)"
6270442970,6048,448938,273,1,1,12,11,1,51,0.002,0.000,,,,,NVIDIA A100-SXM4-40GB MIG 4g.20gb (0),1,,13,"void channel_eq::eqMmseSoftDemapKernel<float, __half, __half, float, (unsigned int)4, (unsigned short)16383>(channel_eq::_puschRxChEqStatDescr *, channel_eq::_puschRxChEqSoftDemapDynDescr)"
6270450426,282557,448939,1,1,1,32,32,1,30,0.000,0.000,,,,,NVIDIA A100-SXM4-40GB MIG 4g.20gb (0),1,,13,"void convert_kernel<float2, __half2>(tensor_layout_any, T1 *, tensor_layout_any, const T2 *)"
6270735255,11008,448951,2253,1,1,128,1,1,16,0.000,0.000,,,,,NVIDIA A100-SXM4-40GB MIG 4g.20gb (0),1,,13,cupy_copy__float16_float16
6270750679,2880,448960,282,1,1,128,1,1,16,0.000,0.000,,,,,NVIDIA A100-SXM4-40GB MIG 4g.20gb (0),1,,13,cupy_copy__complex64_complex64
6270756183,2304,448969,26,1,1,128,1,1,16,0.000,0.000,,,,,NVIDIA A100-SXM4-40GB MIG 4g.20gb (0),1,,13,cupy_copy__float32_float32
6270761494,3040,448978,103,1,1,128,1,1,16,0.000,0.000,,,,,NVIDIA A100-SXM4-40GB MIG 4g.20gb (0),1,,13,cupy_copy__complex64_complex64
6270765558,12128,448988,1434,1,1,128,1,1,16,0.000,0.000,,,,,NVIDIA A100-SXM4-40GB MIG 4g.20gb (0),1,,13,cupy_copy__complex64_complex64
6270786390,81311,448993,1,1,1,32,32,1,30,0.000,0.000,,,,,NVIDIA A100-SXM4-40GB MIG 4g.20gb (0),1,,13,"void convert_kernel<__half2, float2>(tensor_layout_any, T1 *, tensor_layout_any, const T2 *)"
6270896981,6048,448996,,,,,,,,,,0.094,15491.978,Pinned,Device,NVIDIA A100-SXM4-40GB MIG 4g.20gb (0),1,,13,[CUDA memcpy Host-to-Device]
6270906357,597560,448997,,,,,,,,,,456.561,763827.289,Device,,NVIDIA A100-SXM4-40GB MIG 4g.20gb (0),1,,13,[CUDA memset]
6271511501,149790,449002,,,,,,,,,,1.235,8244.486,Pinned,Device,NVIDIA A100-SXM4-40GB MIG 4g.20gb (0),1,,13,[CUDA memcpy Host-to-Device]
6271669835,33248,449003,,,,,,,,,,0.197,5913.182,Pinned,Device,NVIDIA A100-SXM4-40GB MIG 4g.20gb (0),1,,13,[CUDA memcpy Host-to-Device]
6271716267,7904,449004,69,4,1,48,1,1,76,0.002,0.000,,,,,NVIDIA A100-SXM4-40GB MIG 4g.20gb (0),1,,13,"void ch_est::windowedChEstPreNoDftSOfdmKernel<float, __half, float, (unsigned int)2, (unsigned int)1, (unsigned short)4>(ch_est::puschRxChEstStatDescr_t *, ch_est::puschRxChEstDynDescr_t *)"
6271732266,6912,449005,137,2,1,24,2,1,44,0.001,0.001,,,,,NVIDIA A100-SXM4-40GB MIG 4g.20gb (0),1,,13,"void ch_est::chEstFilterNoDftSOfdmDispatchKernel<float, __half, float, (unsigned int)2>(ch_est::puschRxChEstStatDescr_t *, ch_est::puschRxChEstDynDescr_t *)"
6271756074,4704,449006,137,2,1,24,2,1,44,0.001,0.001,,,,,NVIDIA A100-SXM4-40GB MIG 4g.20gb (0),1,,13,"void ch_est::chEstFilterNoDftSOfdmDispatchKernel<float, __half, float, (unsigned int)2>(ch_est::puschRxChEstStatDescr_t *, ch_est::puschRxChEstDynDescr_t *)"
6271774538,2624,449017,103,1,1,128,1,1,16,0.000,0.000,,,,,NVIDIA A100-SXM4-40GB MIG 4g.20gb (0),1,,13,cupy_copy__complex64_complex64
6271787050,12672,449027,1434,1,1,128,1,1,16,0.000,0.000,,,,,NVIDIA A100-SXM4-40GB MIG 4g.20gb (0),1,,13,cupy_copy__complex64_complex64
6271817833,2592,449034,103,1,1,128,1,1,16,0.000,0.000,,,,,NVIDIA A100-SXM4-40GB MIG 4g.20gb (0),1,,13,cupy_copy__complex64_complex64
6271836457,84831,449041,1,1,1,32,32,1,30,0.000,0.000,,,,,NVIDIA A100-SXM4-40GB MIG 4g.20gb (0),1,,13,"void convert_kernel<__half2, float2>(tensor_layout_any, T1 *, tensor_layout_any, const T2 *)"
6271955368,22239,449044,,,,,,,,,,0.094,4213.134,Pinned,Device,NVIDIA A100-SXM4-40GB MIG 4g.20gb (0),1,,13,[CUDA memcpy Host-to-Device]
6271992839,46976,449045,,,,,,,,,,35.810,762285.767,Device,,NVIDIA A100-SXM4-40GB MIG 4g.20gb (0),1,,13,[CUDA memset]
6272041159,13152,449047,,,,,,,,,,0.000,6.083,Pinned,Device,NVIDIA A100-SXM4-40GB MIG 4g.20gb (0),1,,13,[CUDA memcpy Host-to-Device]
6272063142,20768,449048,,,,,,,,,,0.197,9466.872,Pinned,Device,NVIDIA A100-SXM4-40GB MIG 4g.20gb (0),1,,13,[CUDA memcpy Host-to-Device]
6272102918,9632,449049,273,1,1,48,1,1,40,0.000,0.001,,,,,NVIDIA A100-SXM4-40GB MIG 4g.20gb (0),1,,13,"void pusch_noise_intf_est::noiseIntfEstNoDftSOfdmKernel<float, __half, float, float, (unsigned int)2, (unsigned int)1, (unsigned char)4, (unsigned char)4>(pusch_noise_intf_est::puschRxNoiseIntfEstDynDescr)"
6272119046,2784,449060,35,1,1,128,1,1,16,0.000,0.000,,,,,NVIDIA A100-SXM4-40GB MIG 4g.20gb (0),1,,13,cupy_copy__complex64_complex64
6272135142,1695,449069,1,1,1,1,1,1,18,0.000,0.000,,,,,NVIDIA A100-SXM4-40GB MIG 4g.20gb (0),1,,13,cupy_copy__float32_float32
6272139269,6304,449075,,,,,,,,,,0.000,0.635,Device,Pageable,NVIDIA A100-SXM4-40GB MIG 4g.20gb (0),1,,7,[CUDA memcpy Device-to-Host]
6272228132,12800,449086,1434,1,1,128,1,1,16,0.000,0.000,,,,,NVIDIA A100-SXM4-40GB MIG 4g.20gb (0),1,,13,cupy_copy__complex64_complex64
6272247780,3520,449093,103,1,1,128,1,1,16,0.000,0.000,,,,,NVIDIA A100-SXM4-40GB MIG 4g.20gb (0),1,,13,cupy_copy__complex64_complex64
6272265956,2304,449100,35,1,1,128,1,1,16,0.000,0.000,,,,,NVIDIA A100-SXM4-40GB MIG 4g.20gb (0),1,,13,cupy_copy__complex64_complex64
6272290052,2016,449107,1,1,1,1,1,1,18,0.000,0.000,,,,,NVIDIA A100-SXM4-40GB MIG 4g.20gb (0),1,,13,cupy_copy__float32_float32
6272422434,81791,449118,1,1,1,32,32,1,30,0.000,0.000,,,,,NVIDIA A100-SXM4-40GB MIG 4g.20gb (0),1,,13,"void convert_kernel<__half2, float2>(tensor_layout_any, T1 *, tensor_layout_any, const T2 *)"
6272532769,14399,449121,,,,,,,,,,0.094,6507.094,Pinned,Device,NVIDIA A100-SXM4-40GB MIG 4g.20gb (0),1,,13,[CUDA memcpy Host-to-Device]
6272556352,3552,449122,,,,,,,,,,1.547,435422.601,Device,,NVIDIA A100-SXM4-40GB MIG 4g.20gb (0),1,,13,[CUDA memset]
6272564224,8032,449127,,,,,,,,,,0.031,3896.383,Pinned,Device,NVIDIA A100-SXM4-40GB MIG 4g.20gb (0),1,,13,[CUDA memcpy Host-to-Device]
6272574880,18368,449128,,,,,,,,,,0.197,10703.733,Pinned,Device,NVIDIA A100-SXM4-40GB MIG 4g.20gb (0),1,,13,[CUDA memcpy Host-to-Device]
6272602752,8320,449129,273,1,1,8,4,1,39,0.002,0.000,,,,,NVIDIA A100-SXM4-40GB MIG 4g.20gb (0),1,,13,"void channel_eq::eqMmseCoefCompLowMimoKernel<float, float, float, (unsigned int)4, (unsigned int)1, (unsigned int)4>(const channel_eq::_puschRxChEqStatDescr *, channel_eq::_puschRxChEqCoefCompDynDescr)"
6272616672,7807,449130,273,1,1,12,11,1,51,0.002,0.000,,,,,NVIDIA A100-SXM4-40GB MIG 4g.20gb (0),1,,13,"void channel_eq::eqMmseSoftDemapKernel<float, __half, __half, float, (unsigned int)4, (unsigned short)16383>(channel_eq::_puschRxChEqStatDescr *, channel_eq::_puschRxChEqSoftDemapDynDescr)"
6272629599,290173,449131,1,1,1,32,32,1,30,0.000,0.000,,,,,NVIDIA A100-SXM4-40GB MIG 4g.20gb (0),1,,13,"void convert_kernel<float2, __half2>(tensor_layout_any, T1 *, tensor_layout_any, const T2 *)"
6272923004,11200,449143,2253,1,1,128,1,1,16,0.000,0.000,,,,,NVIDIA A100-SXM4-40GB MIG 4g.20gb (0),1,,13,cupy_copy__float16_float16
6272936124,3168,449152,282,1,1,128,1,1,16,0.000,0.000,,,,,NVIDIA A100-SXM4-40GB MIG 4g.20gb (0),1,,13,cupy_copy__complex64_complex64
6272941340,2112,449161,26,1,1,128,1,1,16,0.000,0.000,,,,,NVIDIA A100-SXM4-40GB MIG 4g.20gb (0),1,,13,cupy_copy__float32_float32
6272946172,3135,449170,103,1,1,128,1,1,16,0.000,0.000,,,,,NVIDIA A100-SXM4-40GB MIG 4g.20gb (0),1,,13,cupy_copy__complex64_complex64
6272952347,12096,449180,1434,1,1,128,1,1,16,0.000,0.000,,,,,NVIDIA A100-SXM4-40GB MIG 4g.20gb (0),1,,13,cupy_copy__complex64_complex64
6272966523,82591,449185,1,1,1,32,32,1,30,0.000,0.000,,,,,NVIDIA A100-SXM4-40GB MIG 4g.20gb (0),1,,13,"void convert_kernel<__half2, float2>(tensor_layout_any, T1 *, tensor_layout_any, const T2 *)"
6273076826,5728,449188,,,,,,,,,,0.094,16357.541,Pinned,Device,NVIDIA A100-SXM4-40GB MIG 4g.20gb (0),1,,13,[CUDA memcpy Host-to-Device]
6273086650,597624,449189,,,,,,,,,,456.561,763827.289,Device,,NVIDIA A100-SXM4-40GB MIG 4g.20gb (0),1,,13,[CUDA memset]
6273689970,99327,449194,,,,,,,,,,1.235,12432.181,Pinned,Device,NVIDIA A100-SXM4-40GB MIG 4g.20gb (0),1,,13,[CUDA memcpy Host-to-Device]
6273800145,32640,449195,,,,,,,,,,0.197,6023.479,Pinned,Device,NVIDIA A100-SXM4-40GB MIG 4g.20gb (0),1,,13,[CUDA memcpy Host-to-Device]
6273850256,7936,449196,69,4,1,48,1,1,76,0.002,0.000,,,,,NVIDIA A100-SXM4-40GB MIG 4g.20gb (0),1,,13,"void ch_est::windowedChEstPreNoDftSOfdmKernel<float, __half, float, (unsigned int)2, (unsigned int)1, (unsigned short)4>(ch_est::puschRxChEstStatDescr_t *, ch_est::puschRxChEstDynDescr_t *)"
6273866000,6368,449197,137,2,1,24,2,1,44,0.001,0.001,,,,,NVIDIA A100-SXM4-40GB MIG 4g.20gb (0),1,,13,"void ch_est::chEstFilterNoDftSOfdmDispatchKernel<float, __half, float, (unsigned int)2>(ch_est::puschRxChEstStatDescr_t *, ch_est::puschRxChEstDynDescr_t *)"
6273879760,4736,449198,137,2,1,24,2,1,44,0.001,0.001,,,,,NVIDIA A100-SXM4-40GB MIG 4g.20gb (0),1,,13,"void ch_est::chEstFilterNoDftSOfdmDispatchKernel<float, __half, float, (unsigned int)2>(ch_est::puschRxChEstStatDescr_t *, ch_est::puschRxChEstDynDescr_t *)"
6273894768,2496,449209,103,1,1,128,1,1,16,0.000,0.000,,,,,NVIDIA A100-SXM4-40GB MIG 4g.20gb (0),1,,13,cupy_copy__complex64_complex64
6273908688,12447,449219,1434,1,1,128,1,1,16,0.000,0.000,,,,,NVIDIA A100-SXM4-40GB MIG 4g.20gb (0),1,,13,cupy_copy__complex64_complex64
6273931631,2624,449226,103,1,1,128,1,1,16,0.000,0.000,,,,,NVIDIA A100-SXM4-40GB MIG 4g.20gb (0),1,,13,cupy_copy__complex64_complex64
6273949903,87167,449233,1,1,1,32,32,1,30,0.000,0.000,,,,,NVIDIA A100-SXM4-40GB MIG 4g.20gb (0),1,,13,"void convert_kernel<__half2, float2>(tensor_layout_any, T1 *, tensor_layout_any, const T2 *)"
6274073646,20415,449236,,,,,,,,,,0.094,4589.511,Pinned,Device,NVIDIA A100-SXM4-40GB MIG 4g.20gb (0),1,,13,[CUDA memcpy Host-to-Device]
6274110061,46976,449237,,,,,,,,,,35.810,762285.767,Device,,NVIDIA A100-SXM4-40GB MIG 4g.20gb (0),1,,13,[CUDA memset]
6274162157,7647,449239,,,,,,,,,,0.000,10.462,Pinned,Device,NVIDIA A100-SXM4-40GB MIG 4g.20gb (0),1,,13,[CUDA memcpy Host-to-Device]
6274182124,27136,449240,,,,,,,,,,0.197,7245.201,Pinned,Device,NVIDIA A100-SXM4-40GB MIG 4g.20gb (0),1,,13,[CUDA memcpy Host-to-Device]
6274220748,9536,449241,273,1,1,48,1,1,40,0.000,0.001,,,,,NVIDIA A100-SXM4-40GB MIG 4g.20gb (0),1,,13,"void pusch_noise_intf_est::noiseIntfEstNoDftSOfdmKernel<float, __half, float, float, (unsigned int)2, (unsigned int)1, (unsigned char)4, (unsigned char)4>(pusch_noise_intf_est::puschRxNoiseIntfEstDynDescr)"
6274247723,2752,449252,35,1,1,128,1,1,16,0.000,0.000,,,,,NVIDIA A100-SXM4-40GB MIG 4g.20gb (0),1,,13,cupy_copy__complex64_complex64
6274260779,1696,449261,1,1,1,1,1,1,18,0.000,0.000,,,,,NVIDIA A100-SXM4-40GB MIG 4g.20gb (0),1,,13,cupy_copy__float32_float32
6274266411,6496,449267,,,,,,,,,,0.000,0.616,Device,Pageable,NVIDIA A100-SXM4-40GB MIG 4g.20gb (0),1,,7,[CUDA memcpy Device-to-Host]
6274347210,13024,449278,1434,1,1,128,1,1,16,0.000,0.000,,,,,NVIDIA A100-SXM4-40GB MIG 4g.20gb (0),1,,13,cupy_copy__complex64_complex64
6274383946,2624,449285,103,1,1,128,1,1,16,0.000,0.000,,,,,NVIDIA A100-SXM4-40GB MIG 4g.20gb (0),1,,13,cupy_copy__complex64_complex64
6274398506,2304,449292,35,1,1,128,1,1,16,0.000,0.000,,,,,NVIDIA A100-SXM4-40GB MIG 4g.20gb (0),1,,13,cupy_copy__complex64_complex64
6274411913,1792,449299,1,1,1,1,1,1,18,0.000,0.000,,,,,NVIDIA A100-SXM4-40GB MIG 4g.20gb (0),1,,13,cupy_copy__float32_float32
6274543048,87711,449310,1,1,1,32,32,1,30,0.000,0.000,,,,,NVIDIA A100-SXM4-40GB MIG 4g.20gb (0),1,,13,"void convert_kernel<__half2, float2>(tensor_layout_any, T1 *, tensor_layout_any, const T2 *)"
6274658598,5856,449313,,,,,,,,,,0.094,15999.997,Pinned,Device,NVIDIA A100-SXM4-40GB MIG 4g.20gb (0),1,,13,[CUDA memcpy Host-to-Device]
6274672678,3456,449314,,,,,,,,,,1.547,447517.201,Device,,NVIDIA A100-SXM4-40GB MIG 4g.20gb (0),1,,13,[CUDA memset]
6274679558,3296,449319,,,,,,,,,,0.031,9495.144,Pinned,Device,NVIDIA A100-SXM4-40GB MIG 4g.20gb (0),1,,13,[CUDA memcpy Host-to-Device]
6274685670,9376,449320,,,,,,,,,,0.197,20969.226,Pinned,Device,NVIDIA A100-SXM4-40GB MIG 4g.20gb (0),1,,13,[CUDA memcpy Host-to-Device]
6274700486,7072,449321,273,1,1,8,4,1,39,0.002,0.000,,,,,NVIDIA A100-SXM4-40GB MIG 4g.20gb (0),1,,13,"void channel_eq::eqMmseCoefCompLowMimoKernel<float, float, float, (unsigned int)4, (unsigned int)1, (unsigned int)4>(const channel_eq::_puschRxChEqStatDescr *, channel_eq::_puschRxChEqCoefCompDynDescr)"
6274708518,7872,449322,273,1,1,12,11,1,51,0.002,0.000,,,,,NVIDIA A100-SXM4-40GB MIG 4g.20gb (0),1,,13,"void channel_eq::eqMmseSoftDemapKernel<float, __half, __half, float, (unsigned int)4, (unsigned short)16383>(channel_eq::_puschRxChEqStatDescr *, channel_eq::_puschRxChEqSoftDemapDynDescr)"
6274717478,282908,449323,1,1,1,32,32,1,30,0.000,0.000,,,,,NVIDIA A100-SXM4-40GB MIG 4g.20gb (0),1,,13,"void convert_kernel<float2, __half2>(tensor_layout_any, T1 *, tensor_layout_any, const T2 *)"
6275002466,11072,449335,2253,1,1,128,1,1,16,0.000,0.000,,,,,NVIDIA A100-SXM4-40GB MIG 4g.20gb (0),1,,13,cupy_copy__float16_float16
6275014530,2816,449344,282,1,1,128,1,1,16,0.000,0.000,,,,,NVIDIA A100-SXM4-40GB MIG 4g.20gb (0),1,,13,cupy_copy__complex64_complex64
6275020578,2432,449353,26,1,1,128,1,1,16,0.000,0.000,,,,,NVIDIA A100-SXM4-40GB MIG 4g.20gb (0),1,,13,cupy_copy__float32_float32
6275025090,3104,449362,103,1,1,128,1,1,16,0.000,0.000,,,,,NVIDIA A100-SXM4-40GB MIG 4g.20gb (0),1,,13,cupy_copy__complex64_complex64
6275029282,12000,449372,1434,1,1,128,1,1,16,0.000,0.000,,,,,NVIDIA A100-SXM4-40GB MIG 4g.20gb (0),1,,13,cupy_copy__complex64_complex64
6275063777,81919,449377,1,1,1,32,32,1,30,0.000,0.000,,,,,NVIDIA A100-SXM4-40GB MIG 4g.20gb (0),1,,13,"void convert_kernel<__half2, float2>(tensor_layout_any, T1 *, tensor_layout_any, const T2 *)"
6275173760,5632,449380,,,,,,,,,,0.094,16636.287,Pinned,Device,NVIDIA A100-SXM4-40GB MIG 4g.20gb (0),1,,13,[CUDA memcpy Host-to-Device]
6275184736,598968,449381,,,,,,,,,,456.561,762001.043,Device,,NVIDIA A100-SXM4-40GB MIG 4g.20gb (0),1,,13,[CUDA memset]
6275787672,124735,449386,,,,,,,,,,1.235,9899.311,Pinned,Device,NVIDIA A100-SXM4-40GB MIG 4g.20gb (0),1,,13,[CUDA memcpy Host-to-Device]
6275923319,26847,449387,,,,,,,,,,0.197,7323.255,Pinned,Device,NVIDIA A100-SXM4-40GB MIG 4g.20gb (0),1,,13,[CUDA memcpy Host-to-Device]
6275962070,8768,449388,69,4,1,48,1,1,76,0.002,0.000,,,,,NVIDIA A100-SXM4-40GB MIG 4g.20gb (0),1,,13,"void ch_est::windowedChEstPreNoDftSOfdmKernel<float, __half, float, (unsigned int)2, (unsigned int)1, (unsigned short)4>(ch_est::puschRxChEstStatDescr_t *, ch_est::puschRxChEstDynDescr_t *)"
6275978966,7680,449389,137,2,1,24,2,1,44,0.001,0.001,,,,,NVIDIA A100-SXM4-40GB MIG 4g.20gb (0),1,,13,"void ch_est::chEstFilterNoDftSOfdmDispatchKernel<float, __half, float, (unsigned int)2>(ch_est::puschRxChEstStatDescr_t *, ch_est::puschRxChEstDynDescr_t *)"
6275993910,4928,449390,137,2,1,24,2,1,44,0.001,0.001,,,,,NVIDIA A100-SXM4-40GB MIG 4g.20gb (0),1,,13,"void ch_est::chEstFilterNoDftSOfdmDispatchKernel<float, __half, float, (unsigned int)2>(ch_est::puschRxChEstStatDescr_t *, ch_est::puschRxChEstDynDescr_t *)"
6276001654,2560,449401,103,1,1,128,1,1,16,0.000,0.000,,,,,NVIDIA A100-SXM4-40GB MIG 4g.20gb (0),1,,13,cupy_copy__complex64_complex64
6276009366,12352,449411,1434,1,1,128,1,1,16,0.000,0.000,,,,,NVIDIA A100-SXM4-40GB MIG 4g.20gb (0),1,,13,cupy_copy__complex64_complex64
6276026678,2815,449418,103,1,1,128,1,1,16,0.000,0.000,,,,,NVIDIA A100-SXM4-40GB MIG 4g.20gb (0),1,,13,cupy_copy__complex64_complex64
6276035189,92895,449425,1,1,1,32,32,1,30,0.000,0.000,,,,,NVIDIA A100-SXM4-40GB MIG 4g.20gb (0),1,,13,"void convert_kernel<__half2, float2>(tensor_layout_any, T1 *, tensor_layout_any, const T2 *)"
6276157876,13184,449428,,,,,,,,,,0.094,7106.748,Pinned,Device,NVIDIA A100-SXM4-40GB MIG 4g.20gb (0),1,,13,[CUDA memcpy Host-to-Device]
6276176212,47295,449429,,,,,,,,,,35.810,757129.139,Device,,NVIDIA A100-SXM4-40GB MIG 4g.20gb (0),1,,13,[CUDA memset]
6276225139,9792,449431,,,,,,,,,,0.000,8.170,Pinned,Device,NVIDIA A100-SXM4-40GB MIG 4g.20gb (0),1,,13,[CUDA memcpy Host-to-Device]
6276239027,20832,449432,,,,,,,,,,0.197,9437.774,Pinned,Device,NVIDIA A100-SXM4-40GB MIG 4g.20gb (0),1,,13,[CUDA memcpy Host-to-Device]
6276276082,9024,449433,273,1,1,48,1,1,40,0.000,0.001,,,,,NVIDIA A100-SXM4-40GB MIG 4g.20gb (0),1,,13,"void pusch_noise_intf_est::noiseIntfEstNoDftSOfdmKernel<float, __half, float, float, (unsigned int)2, (unsigned int)1, (unsigned char)4, (unsigned char)4>(pusch_noise_intf_est::puschRxNoiseIntfEstDynDescr)"
6276289234,2720,449444,35,1,1,128,1,1,16,0.000,0.000,,,,,NVIDIA A100-SXM4-40GB MIG 4g.20gb (0),1,,13,cupy_copy__complex64_complex64
6276299602,1696,449453,1,1,1,1,1,1,18,0.000,0.000,,,,,NVIDIA A100-SXM4-40GB MIG 4g.20gb (0),1,,13,cupy_copy__float32_float32
6276318194,8128,449459,,,,,,,,,,0.000,0.492,Device,Pageable,NVIDIA A100-SXM4-40GB MIG 4g.20gb (0),1,,7,[CUDA memcpy Device-to-Host]
6276399441,12800,449470,1434,1,1,128,1,1,16,0.000,0.000,,,,,NVIDIA A100-SXM4-40GB MIG 4g.20gb (0),1,,13,cupy_copy__complex64_complex64
6276433264,2880,449477,103,1,1,128,1,1,16,0.000,0.000,,,,,NVIDIA A100-SXM4-40GB MIG 4g.20gb (0),1,,13,cupy_copy__complex64_complex64
6276447696,2688,449484,35,1,1,128,1,1,16,0.000,0.000,,,,,NVIDIA A100-SXM4-40GB MIG 4g.20gb (0),1,,13,cupy_copy__complex64_complex64
6276469552,1984,449491,1,1,1,1,1,1,18,0.000,0.000,,,,,NVIDIA A100-SXM4-40GB MIG 4g.20gb (0),1,,13,cupy_copy__float32_float32
6276596654,87871,449502,1,1,1,32,32,1,30,0.000,0.000,,,,,NVIDIA A100-SXM4-40GB MIG 4g.20gb (0),1,,13,"void convert_kernel<__half2, float2>(tensor_layout_any, T1 *, tensor_layout_any, const T2 *)"
6276712173,5856,449505,,,,,,,,,,0.094,15999.997,Pinned,Device,NVIDIA A100-SXM4-40GB MIG 4g.20gb (0),1,,13,[CUDA memcpy Host-to-Device]
6276726445,3296,449506,,,,,,,,,,1.547,469242.628,Device,,NVIDIA A100-SXM4-40GB MIG 4g.20gb (0),1,,13,[CUDA memset]
6276733325,3040,449511,,,,,,,,,,0.031,10294.725,Pinned,Device,NVIDIA A100-SXM4-40GB MIG 4g.20gb (0),1,,13,[CUDA memcpy Host-to-Device]
6276739085,9472,449512,,,,,,,,,,0.197,20756.693,Pinned,Device,NVIDIA A100-SXM4-40GB MIG 4g.20gb (0),1,,13,[CUDA memcpy Host-to-Device]
6276754669,6431,449513,273,1,1,8,4,1,39,0.002,0.000,,,,,NVIDIA A100-SXM4-40GB MIG 4g.20gb (0),1,,13,"void channel_eq::eqMmseCoefCompLowMimoKernel<float, float, float, (unsigned int)4, (unsigned int)1, (unsigned int)4>(const channel_eq::_puschRxChEqStatDescr *, channel_eq::_puschRxChEqCoefCompDynDescr)"
6276762220,6048,449514,273,1,1,12,11,1,51,0.002,0.000,,,,,NVIDIA A100-SXM4-40GB MIG 4g.20gb (0),1,,13,"void channel_eq::eqMmseSoftDemapKernel<float, __half, __half, float, (unsigned int)4, (unsigned short)16383>(channel_eq::_puschRxChEqStatDescr *, channel_eq::_puschRxChEqSoftDemapDynDescr)"
6276769260,282877,449515,1,1,1,32,32,1,30,0.000,0.000,,,,,NVIDIA A100-SXM4-40GB MIG 4g.20gb (0),1,,13,"void convert_kernel<float2, __half2>(tensor_layout_any, T1 *, tensor_layout_any, const T2 *)"
6277054729,11008,449527,2253,1,1,128,1,1,16,0.000,0.000,,,,,NVIDIA A100-SXM4-40GB MIG 4g.20gb (0),1,,13,cupy_copy__float16_float16
6277067881,3264,449536,282,1,1,128,1,1,16,0.000,0.000,,,,,NVIDIA A100-SXM4-40GB MIG 4g.20gb (0),1,,13,cupy_copy__complex64_complex64
6277074665,2176,449545,26,1,1,128,1,1,16,0.000,0.000,,,,,NVIDIA A100-SXM4-40GB MIG 4g.20gb (0),1,,13,cupy_copy__float32_float32
6277079401,4735,449554,103,1,1,128,1,1,16,0.000,0.000,,,,,NVIDIA A100-SXM4-40GB MIG 4g.20gb (0),1,,13,cupy_copy__complex64_complex64
6277086632,12096,449564,1434,1,1,128,1,1,16,0.000,0.000,,,,,NVIDIA A100-SXM4-40GB MIG 4g.20gb (0),1,,13,cupy_copy__complex64_complex64
6277102600,90687,449569,1,1,1,32,32,1,30,0.000,0.000,,,,,NVIDIA A100-SXM4-40GB MIG 4g.20gb (0),1,,13,"void convert_kernel<__half2, float2>(tensor_layout_any, T1 *, tensor_layout_any, const T2 *)"
6277220615,5760,449572,,,,,,,,,,0.094,16266.656,Pinned,Device,NVIDIA A100-SXM4-40GB MIG 4g.20gb (0),1,,13,[CUDA memcpy Host-to-Device]
6277230343,595864,449573,,,,,,,,,,456.561,766110.096,Device,,NVIDIA A100-SXM4-40GB MIG 4g.20gb (0),1,,13,[CUDA memset]
6277835199,143742,449578,,,,,,,,,,1.235,8590.270,Pinned,Device,NVIDIA A100-SXM4-40GB MIG 4g.20gb (0),1,,13,[CUDA memcpy Host-to-Device]
6277988829,36864,449579,,,,,,,,,,0.197,5333.189,Pinned,Device,NVIDIA A100-SXM4-40GB MIG 4g.20gb (0),1,,13,[CUDA memcpy Host-to-Device]
6278043133,7872,449580,69,4,1,48,1,1,76,0.002,0.000,,,,,NVIDIA A100-SXM4-40GB MIG 4g.20gb (0),1,,13,"void ch_est::windowedChEstPreNoDftSOfdmKernel<float, __half, float, (unsigned int)2, (unsigned int)1, (unsigned short)4>(ch_est::puschRxChEstStatDescr_t *, ch_est::puschRxChEstDynDescr_t *)"
6278058044,6944,449581,137,2,1,24,2,1,44,0.001,0.001,,,,,NVIDIA A100-SXM4-40GB MIG 4g.20gb (0),1,,13,"void ch_est::chEstFilterNoDftSOfdmDispatchKernel<float, __half, float, (unsigned int)2>(ch_est::puschRxChEstStatDescr_t *, ch_est::puschRxChEstDynDescr_t *)"
6278073276,4768,449582,137,2,1,24,2,1,44,0.001,0.001,,,,,NVIDIA A100-SXM4-40GB MIG 4g.20gb (0),1,,13,"void ch_est::chEstFilterNoDftSOfdmDispatchKernel<float, __half, float, (unsigned int)2>(ch_est::puschRxChEstStatDescr_t *, ch_est::puschRxChEstDynDescr_t *)"
6278086108,2720,449593,103,1,1,128,1,1,16,0.000,0.000,,,,,NVIDIA A100-SXM4-40GB MIG 4g.20gb (0),1,,13,cupy_copy__complex64_complex64
6278098300,12416,449603,1434,1,1,128,1,1,16,0.000,0.000,,,,,NVIDIA A100-SXM4-40GB MIG 4g.20gb (0),1,,13,cupy_copy__complex64_complex64
6278123132,2496,449610,103,1,1,128,1,1,16,0.000,0.000,,,,,NVIDIA A100-SXM4-40GB MIG 4g.20gb (0),1,,13,cupy_copy__complex64_complex64
6278133532,85182,449617,1,1,1,32,32,1,30,0.000,0.000,,,,,NVIDIA A100-SXM4-40GB MIG 4g.20gb (0),1,,13,"void convert_kernel<__half2, float2>(tensor_layout_any, T1 *, tensor_layout_any, const T2 *)"
6278247066,5728,449620,,,,,,,,,,0.094,16357.541,Pinned,Device,NVIDIA A100-SXM4-40GB MIG 4g.20gb (0),1,,13,[CUDA memcpy Host-to-Device]
6278258586,47999,449621,,,,,,,,,,35.810,746028.063,Device,,NVIDIA A100-SXM4-40GB MIG 4g.20gb (0),1,,13,[CUDA memset]
6278312889,4032,449623,,,,,,,,,,0.000,19.841,Pinned,Device,NVIDIA A100-SXM4-40GB MIG 4g.20gb (0),1,,13,[CUDA memcpy Host-to-Device]
6278321561,11712,449624,,,,,,,,,,0.197,16786.784,Pinned,Device,NVIDIA A100-SXM4-40GB MIG 4g.20gb (0),1,,13,[CUDA memcpy Host-to-Device]
6278341689,10368,449625,273,1,1,48,1,1,40,0.000,0.001,,,,,NVIDIA A100-SXM4-40GB MIG 4g.20gb (0),1,,13,"void pusch_noise_intf_est::noiseIntfEstNoDftSOfdmKernel<float, __half, float, float, (unsigned int)2, (unsigned int)1, (unsigned char)4, (unsigned char)4>(pusch_noise_intf_est::puschRxNoiseIntfEstDynDescr)"
6278354169,2656,449636,35,1,1,128,1,1,16,0.000,0.000,,,,,NVIDIA A100-SXM4-40GB MIG 4g.20gb (0),1,,13,cupy_copy__complex64_complex64
6278370297,1888,449645,1,1,1,1,1,1,18,0.000,0.000,,,,,NVIDIA A100-SXM4-40GB MIG 4g.20gb (0),1,,13,cupy_copy__float32_float32
6278399896,1600,449651,,,,,,,,,,0.000,2.500,Device,Pageable,NVIDIA A100-SXM4-40GB MIG 4g.20gb (0),1,,7,[CUDA memcpy Device-to-Host]
6278459607,12928,449662,1434,1,1,128,1,1,16,0.000,0.000,,,,,NVIDIA A100-SXM4-40GB MIG 4g.20gb (0),1,,13,cupy_copy__complex64_complex64
6278486583,2880,449669,103,1,1,128,1,1,16,0.000,0.000,,,,,NVIDIA A100-SXM4-40GB MIG 4g.20gb (0),1,,13,cupy_copy__complex64_complex64
6278507479,2592,449676,35,1,1,128,1,1,16,0.000,0.000,,,,,NVIDIA A100-SXM4-40GB MIG 4g.20gb (0),1,,13,cupy_copy__complex64_complex64
6278527159,1952,449683,1,1,1,1,1,1,18,0.000,0.000,,,,,NVIDIA A100-SXM4-40GB MIG 4g.20gb (0),1,,13,cupy_copy__float32_float32
6278657045,81631,449694,1,1,1,32,32,1,30,0.000,0.000,,,,,NVIDIA A100-SXM4-40GB MIG 4g.20gb (0),1,,13,"void convert_kernel<__half2, float2>(tensor_layout_any, T1 *, tensor_layout_any, const T2 *)"
6278766100,6208,449697,,,,,,,,,,0.094,15092.739,Pinned,Device,NVIDIA A100-SXM4-40GB MIG 4g.20gb (0),1,,13,[CUDA memcpy Host-to-Device]
6278779796,3295,449698,,,,,,,,,,1.547,469384.918,Device,,NVIDIA A100-SXM4-40GB MIG 4g.20gb (0),1,,13,[CUDA memset]
6278786995,3200,449703,,,,,,,,,,0.031,9780.000,Pinned,Device,NVIDIA A100-SXM4-40GB MIG 4g.20gb (0),1,,13,[CUDA memcpy Host-to-Device]
6278792723,9344,449704,,,,,,,,,,0.197,21040.988,Pinned,Device,NVIDIA A100-SXM4-40GB MIG 4g.20gb (0),1,,13,[CUDA memcpy Host-to-Device]
6278807955,6496,449705,273,1,1,8,4,1,39,0.002,0.000,,,,,NVIDIA A100-SXM4-40GB MIG 4g.20gb (0),1,,13,"void channel_eq::eqMmseCoefCompLowMimoKernel<float, float, float, (unsigned int)4, (unsigned int)1, (unsigned int)4>(const channel_eq::_puschRxChEqStatDescr *, channel_eq::_puschRxChEqCoefCompDynDescr)"
6278815475,6400,449706,273,1,1,12,11,1,51,0.002,0.000,,,,,NVIDIA A100-SXM4-40GB MIG 4g.20gb (0),1,,13,"void channel_eq::eqMmseSoftDemapKernel<float, __half, __half, float, (unsigned int)4, (unsigned short)16383>(channel_eq::_puschRxChEqStatDescr *, channel_eq::_puschRxChEqSoftDemapDynDescr)"
6278822899,282813,449707,1,1,1,32,32,1,30,0.000,0.000,,,,,NVIDIA A100-SXM4-40GB MIG 4g.20gb (0),1,,13,"void convert_kernel<float2, __half2>(tensor_layout_any, T1 *, tensor_layout_any, const T2 *)"
6279106927,11200,449719,2253,1,1,128,1,1,16,0.000,0.000,,,,,NVIDIA A100-SXM4-40GB MIG 4g.20gb (0),1,,13,cupy_copy__float16_float16
6279121903,3488,449728,282,1,1,128,1,1,16,0.000,0.000,,,,,NVIDIA A100-SXM4-40GB MIG 4g.20gb (0),1,,13,cupy_copy__complex64_complex64
6279129775,2528,449737,26,1,1,128,1,1,16,0.000,0.000,,,,,NVIDIA A100-SXM4-40GB MIG 4g.20gb (0),1,,13,cupy_copy__float32_float32
6279135919,3232,449746,103,1,1,128,1,1,16,0.000,0.000,,,,,NVIDIA A100-SXM4-40GB MIG 4g.20gb (0),1,,13,cupy_copy__complex64_complex64
6279141647,12288,449756,1434,1,1,128,1,1,16,0.000,0.000,,,,,NVIDIA A100-SXM4-40GB MIG 4g.20gb (0),1,,13,cupy_copy__complex64_complex64
6279168687,82239,449761,1,1,1,32,32,1,30,0.000,0.000,,,,,NVIDIA A100-SXM4-40GB MIG 4g.20gb (0),1,,13,"void convert_kernel<__half2, float2>(tensor_layout_any, T1 *, tensor_layout_any, const T2 *)"
6279277837,5792,449764,,,,,,,,,,0.094,16176.708,Pinned,Device,NVIDIA A100-SXM4-40GB MIG 4g.20gb (0),1,,13,[CUDA memcpy Host-to-Device]
6279287693,596633,449765,,,,,,,,,,456.561,765196.973,Device,,NVIDIA A100-SXM4-40GB MIG 4g.20gb (0),1,,13,[CUDA memset]
6279892198,159934,449770,,,,,,,,,,1.235,7720.870,Pinned,Device,NVIDIA A100-SXM4-40GB MIG 4g.20gb (0),1,,13,[CUDA memcpy Host-to-Device]
6280064740,43295,449771,,,,,,,,,,0.197,4541.055,Pinned,Device,NVIDIA A100-SXM4-40GB MIG 4g.20gb (0),1,,13,[CUDA memcpy Host-to-Device]
6280132035,8640,449772,69,4,1,48,1,1,76,0.002,0.000,,,,,NVIDIA A100-SXM4-40GB MIG 4g.20gb (0),1,,13,"void ch_est::windowedChEstPreNoDftSOfdmKernel<float, __half, float, (unsigned int)2, (unsigned int)1, (unsigned short)4>(ch_est::puschRxChEstStatDescr_t *, ch_est::puschRxChEstDynDescr_t *)"
6280157187,6943,449773,137,2,1,24,2,1,44,0.001,0.001,,,,,NVIDIA A100-SXM4-40GB MIG 4g.20gb (0),1,,13,"void ch_est::chEstFilterNoDftSOfdmDispatchKernel<float, __half, float, (unsigned int)2>(ch_est::puschRxChEstStatDescr_t *, ch_est::puschRxChEstDynDescr_t *)"
6280177090,4768,449774,137,2,1,24,2,1,44,0.001,0.001,,,,,NVIDIA A100-SXM4-40GB MIG 4g.20gb (0),1,,13,"void ch_est::chEstFilterNoDftSOfdmDispatchKernel<float, __half, float, (unsigned int)2>(ch_est::puschRxChEstStatDescr_t *, ch_est::puschRxChEstDynDescr_t *)"
6280194242,2720,449785,103,1,1,128,1,1,16,0.000,0.000,,,,,NVIDIA A100-SXM4-40GB MIG 4g.20gb (0),1,,13,cupy_copy__complex64_complex64
6280210978,12576,449795,1434,1,1,128,1,1,16,0.000,0.000,,,,,NVIDIA A100-SXM4-40GB MIG 4g.20gb (0),1,,13,cupy_copy__complex64_complex64
6280234082,2560,449802,103,1,1,128,1,1,16,0.000,0.000,,,,,NVIDIA A100-SXM4-40GB MIG 4g.20gb (0),1,,13,cupy_copy__complex64_complex64
6280252385,86623,449809,1,1,1,32,32,1,30,0.000,0.000,,,,,NVIDIA A100-SXM4-40GB MIG 4g.20gb (0),1,,13,"void convert_kernel<__half2, float2>(tensor_layout_any, T1 *, tensor_layout_any, const T2 *)"
6280371808,26848,449812,,,,,,,,,,0.094,3489.801,Pinned,Device,NVIDIA A100-SXM4-40GB MIG 4g.20gb (0),1,,13,[CUDA memcpy Host-to-Device]
6280419007,47040,449813,,,,,,,,,,35.810,761247.279,Device,,NVIDIA A100-SXM4-40GB MIG 4g.20gb (0),1,,13,[CUDA memset]
6280472415,5696,449815,,,,,,,,,,0.000,14.045,Pinned,Device,NVIDIA A100-SXM4-40GB MIG 4g.20gb (0),1,,13,[CUDA memcpy Host-to-Device]
6280483071,16607,449816,,,,,,,,,,0.197,11838.751,Pinned,Device,NVIDIA A100-SXM4-40GB MIG 4g.20gb (0),1,,13,[CUDA memcpy Host-to-Device]
6280510718,10080,449817,273,1,1,48,1,1,40,0.000,0.001,,,,,NVIDIA A100-SXM4-40GB MIG 4g.20gb (0),1,,13,"void pusch_noise_intf_est::noiseIntfEstNoDftSOfdmKernel<float, __half, float, float, (unsigned int)2, (unsigned int)1, (unsigned char)4, (unsigned char)4>(pusch_noise_intf_est::puschRxNoiseIntfEstDynDescr)"
6280523422,2880,449828,35,1,1,128,1,1,16,0.000,0.000,,,,,NVIDIA A100-SXM4-40GB MIG 4g.20gb (0),1,,13,cupy_copy__complex64_complex64
6280527902,1952,449837,1,1,1,1,1,1,18,0.000,0.000,,,,,NVIDIA A100-SXM4-40GB MIG 4g.20gb (0),1,,13,cupy_copy__float32_float32
6280530270,1792,449843,,,,,,,,,,0.000,2.232,Device,Pageable,NVIDIA A100-SXM4-40GB MIG 4g.20gb (0),1,,7,[CUDA memcpy Device-to-Host]
6280590845,13344,449854,1434,1,1,128,1,1,16,0.000,0.000,,,,,NVIDIA A100-SXM4-40GB MIG 4g.20gb (0),1,,13,cupy_copy__complex64_complex64
6280617341,2752,449861,103,1,1,128,1,1,16,0.000,0.000,,,,,NVIDIA A100-SXM4-40GB MIG 4g.20gb (0),1,,13,cupy_copy__complex64_complex64
6280637885,2656,449868,35,1,1,128,1,1,16,0.000,0.000,,,,,NVIDIA A100-SXM4-40GB MIG 4g.20gb (0),1,,13,cupy_copy__complex64_complex64
6280658652,2080,449875,1,1,1,1,1,1,18,0.000,0.000,,,,,NVIDIA A100-SXM4-40GB MIG 4g.20gb (0),1,,13,cupy_copy__float32_float32
6280788795,88031,449886,1,1,1,32,32,1,30,0.000,0.000,,,,,NVIDIA A100-SXM4-40GB MIG 4g.20gb (0),1,,13,"void convert_kernel<__half2, float2>(tensor_layout_any, T1 *, tensor_layout_any, const T2 *)"
6280904889,5728,449889,,,,,,,,,,0.094,16357.541,Pinned,Device,NVIDIA A100-SXM4-40GB MIG 4g.20gb (0),1,,13,[CUDA memcpy Host-to-Device]
6280919705,3232,449890,,,,,,,,,,1.547,478533.199,Device,,NVIDIA A100-SXM4-40GB MIG 4g.20gb (0),1,,13,[CUDA memset]
6280926649,3200,449895,,,,,,,,,,0.031,9780.000,Pinned,Device,NVIDIA A100-SXM4-40GB MIG 4g.20gb (0),1,,13,[CUDA memcpy Host-to-Device]
6280932377,10048,449896,,,,,,,,,,0.197,19566.821,Pinned,Device,NVIDIA A100-SXM4-40GB MIG 4g.20gb (0),1,,13,[CUDA memcpy Host-to-Device]
6280947321,6688,449897,273,1,1,8,4,1,39,0.002,0.000,,,,,NVIDIA A100-SXM4-40GB MIG 4g.20gb (0),1,,13,"void channel_eq::eqMmseCoefCompLowMimoKernel<float, float, float, (unsigned int)4, (unsigned int)1, (unsigned int)4>(const channel_eq::_puschRxChEqStatDescr *, channel_eq::_puschRxChEqCoefCompDynDescr)"
6280954969,6112,449898,273,1,1,12,11,1,51,0.002,0.000,,,,,NVIDIA A100-SXM4-40GB MIG 4g.20gb (0),1,,13,"void channel_eq::eqMmseSoftDemapKernel<float, __half, __half, float, (unsigned int)4, (unsigned short)16383>(channel_eq::_puschRxChEqStatDescr *, channel_eq::_puschRxChEqSoftDemapDynDescr)"
6280962169,282428,449899,1,1,1,32,32,1,30,0.000,0.000,,,,,NVIDIA A100-SXM4-40GB MIG 4g.20gb (0),1,,13,"void convert_kernel<float2, __half2>(tensor_layout_any, T1 *, tensor_layout_any, const T2 *)"
6281247413,10912,449911,2253,1,1,128,1,1,16,0.000,0.000,,,,,NVIDIA A100-SXM4-40GB MIG 4g.20gb (0),1,,13,cupy_copy__float16_float16
6281261781,3648,449920,282,1,1,128,1,1,16,0.000,0.000,,,,,NVIDIA A100-SXM4-40GB MIG 4g.20gb (0),1,,13,cupy_copy__complex64_complex64
6281266677,2112,449929,26,1,1,128,1,1,16,0.000,0.000,,,,,NVIDIA A100-SXM4-40GB MIG 4g.20gb (0),1,,13,cupy_copy__float32_float32
6281270389,2912,449938,103,1,1,128,1,1,16,0.000,0.000,,,,,NVIDIA A100-SXM4-40GB MIG 4g.20gb (0),1,,13,cupy_copy__complex64_complex64
6281274293,12000,449948,1434,1,1,128,1,1,16,0.000,0.000,,,,,NVIDIA A100-SXM4-40GB MIG 4g.20gb (0),1,,13,cupy_copy__complex64_complex64
6281296244,86335,449953,1,1,1,32,32,1,30,0.000,0.000,,,,,NVIDIA A100-SXM4-40GB MIG 4g.20gb (0),1,,13,"void convert_kernel<__half2, float2>(tensor_layout_any, T1 *, tensor_layout_any, const T2 *)"
6281410003,6208,449956,,,,,,,,,,0.094,15092.739,Pinned,Device,NVIDIA A100-SXM4-40GB MIG 4g.20gb (0),1,,13,[CUDA memcpy Host-to-Device]
6281420563,600857,449957,,,,,,,,,,456.561,759718.236,Device,,NVIDIA A100-SXM4-40GB MIG 4g.20gb (0),1,,13,[CUDA memset]
6282029963,139359,449962,,,,,,,,,,1.235,8860.723,Pinned,Device,NVIDIA A100-SXM4-40GB MIG 4g.20gb (0),1,,13,[CUDA memcpy Host-to-Device]
6282180938,39295,449963,,,,,,,,,,0.197,5003.280,Pinned,Device,NVIDIA A100-SXM4-40GB MIG 4g.20gb (0),1,,13,[CUDA memcpy Host-to-Device]
6282240873,8416,449964,69,4,1,48,1,1,76,0.002,0.000,,,,,NVIDIA A100-SXM4-40GB MIG 4g.20gb (0),1,,13,"void ch_est::windowedChEstPreNoDftSOfdmKernel<float, __half, float, (unsigned int)2, (unsigned int)1, (unsigned short)4>(ch_est::puschRxChEstStatDescr_t *, ch_est::puschRxChEstDynDescr_t *)"
6282261545,6687,449965,137,2,1,24,2,1,44,0.001,0.001,,,,,NVIDIA A100-SXM4-40GB MIG 4g.20gb (0),1,,13,"void ch_est::chEstFilterNoDftSOfdmDispatchKernel<float, __half, float, (unsigned int)2>(ch_est::puschRxChEstStatDescr_t *, ch_est::puschRxChEstDynDescr_t *)"
6282277800,4800,449966,137,2,1,24,2,1,44,0.001,0.001,,,,,NVIDIA A100-SXM4-40GB MIG 4g.20gb (0),1,,13,"void ch_est::chEstFilterNoDftSOfdmDispatchKernel<float, __half, float, (unsigned int)2>(ch_est::puschRxChEstStatDescr_t *, ch_est::puschRxChEstDynDescr_t *)"
6282294344,2528,449977,103,1,1,128,1,1,16,0.000,0.000,,,,,NVIDIA A100-SXM4-40GB MIG 4g.20gb (0),1,,13,cupy_copy__complex64_complex64
6282311368,12352,449987,1434,1,1,128,1,1,16,0.000,0.000,,,,,NVIDIA A100-SXM4-40GB MIG 4g.20gb (0),1,,13,cupy_copy__complex64_complex64
6282330888,2912,449994,103,1,1,128,1,1,16,0.000,0.000,,,,,NVIDIA A100-SXM4-40GB MIG 4g.20gb (0),1,,13,cupy_copy__complex64_complex64
6282352423,87295,450001,1,1,1,32,32,1,30,0.000,0.000,,,,,NVIDIA A100-SXM4-40GB MIG 4g.20gb (0),1,,13,"void convert_kernel<__half2, float2>(tensor_layout_any, T1 *, tensor_layout_any, const T2 *)"
6282474726,23424,450004,,,,,,,,,,0.094,3999.976,Pinned,Device,NVIDIA A100-SXM4-40GB MIG 4g.20gb (0),1,,13,[CUDA memcpy Host-to-Device]
6282515589,47328,450005,,,,,,,,,,35.810,756627.800,Device,,NVIDIA A100-SXM4-40GB MIG 4g.20gb (0),1,,13,[CUDA memset]
6282565925,11680,450007,,,,,,,,,,0.000,6.849,Pinned,Device,NVIDIA A100-SXM4-40GB MIG 4g.20gb (0),1,,13,[CUDA memcpy Host-to-Device]
6282584837,30975,450008,,,,,,,,,,0.197,6347.293,Pinned,Device,NVIDIA A100-SXM4-40GB MIG 4g.20gb (0),1,,13,[CUDA memcpy Host-to-Device]
6282640900,9920,450009,273,1,1,48,1,1,40,0.000,0.001,,,,,NVIDIA A100-SXM4-40GB MIG 4g.20gb (0),1,,13,"void pusch_noise_intf_est::noiseIntfEstNoDftSOfdmKernel<float, __half, float, float, (unsigned int)2, (unsigned int)1, (unsigned char)4, (unsigned char)4>(pusch_noise_intf_est::puschRxNoiseIntfEstDynDescr)"
6282657444,2688,450020,35,1,1,128,1,1,16,0.000,0.000,,,,,NVIDIA A100-SXM4-40GB MIG 4g.20gb (0),1,,13,cupy_copy__complex64_complex64
6282674115,1728,450029,1,1,1,1,1,1,18,0.000,0.000,,,,,NVIDIA A100-SXM4-40GB MIG 4g.20gb (0),1,,13,cupy_copy__float32_float32
6282682563,7680,450035,,,,,,,,,,0.000,0.521,Device,Pageable,NVIDIA A100-SXM4-40GB MIG 4g.20gb (0),1,,7,[CUDA memcpy Device-to-Host]
6282780354,12512,450046,1434,1,1,128,1,1,16,0.000,0.000,,,,,NVIDIA A100-SXM4-40GB MIG 4g.20gb (0),1,,13,cupy_copy__complex64_complex64
6282804514,2848,450053,103,1,1,128,1,1,16,0.000,0.000,,,,,NVIDIA A100-SXM4-40GB MIG 4g.20gb (0),1,,13,cupy_copy__complex64_complex64
6282825186,2560,450060,35,1,1,128,1,1,16,0.000,0.000,,,,,NVIDIA A100-SXM4-40GB MIG 4g.20gb (0),1,,13,cupy_copy__complex64_complex64
6282845089,1696,450067,1,1,1,1,1,1,18,0.000,0.000,,,,,NVIDIA A100-SXM4-40GB MIG 4g.20gb (0),1,,13,cupy_copy__float32_float32
6282979552,83391,450078,1,1,1,32,32,1,30,0.000,0.000,,,,,NVIDIA A100-SXM4-40GB MIG 4g.20gb (0),1,,13,"void convert_kernel<__half2, float2>(tensor_layout_any, T1 *, tensor_layout_any, const T2 *)"
6283091902,6752,450081,,,,,,,,,,0.094,13876.752,Pinned,Device,NVIDIA A100-SXM4-40GB MIG 4g.20gb (0),1,,13,[CUDA memcpy Host-to-Device]
6283106814,3648,450082,,,,,,,,,,1.547,423963.664,Device,,NVIDIA A100-SXM4-40GB MIG 4g.20gb (0),1,,13,[CUDA memset]
6283112766,3744,450087,,,,,,,,,,0.031,8358.974,Pinned,Device,NVIDIA A100-SXM4-40GB MIG 4g.20gb (0),1,,13,[CUDA memcpy Host-to-Device]
6283119294,9984,450088,,,,,,,,,,0.197,19692.257,Pinned,Device,NVIDIA A100-SXM4-40GB MIG 4g.20gb (0),1,,13,[CUDA memcpy Host-to-Device]
6283136094,6368,450089,273,1,1,8,4,1,39,0.002,0.000,,,,,NVIDIA A100-SXM4-40GB MIG 4g.20gb (0),1,,13,"void channel_eq::eqMmseCoefCompLowMimoKernel<float, float, float, (unsigned int)4, (unsigned int)1, (unsigned int)4>(const channel_eq::_puschRxChEqStatDescr *, channel_eq::_puschRxChEqCoefCompDynDescr)"
6283145054,6464,450090,273,1,1,12,11,1,51,0.002,0.000,,,,,NVIDIA A100-SXM4-40GB MIG 4g.20gb (0),1,,13,"void channel_eq::eqMmseSoftDemapKernel<float, __half, __half, float, (unsigned int)4, (unsigned short)16383>(channel_eq::_puschRxChEqStatDescr *, channel_eq::_puschRxChEqSoftDemapDynDescr)"
6283156222,282524,450091,1,1,1,32,32,1,30,0.000,0.000,,,,,NVIDIA A100-SXM4-40GB MIG 4g.20gb (0),1,,13,"void convert_kernel<float2, __half2>(tensor_layout_any, T1 *, tensor_layout_any, const T2 *)"
6283440570,11040,450103,2253,1,1,128,1,1,16,0.000,0.000,,,,,NVIDIA A100-SXM4-40GB MIG 4g.20gb (0),1,,13,cupy_copy__float16_float16
6283454714,3520,450112,282,1,1,128,1,1,16,0.000,0.000,,,,,NVIDIA A100-SXM4-40GB MIG 4g.20gb (0),1,,13,cupy_copy__complex64_complex64
6283459866,2016,450121,26,1,1,128,1,1,16,0.000,0.000,,,,,NVIDIA A100-SXM4-40GB MIG 4g.20gb (0),1,,13,cupy_copy__float32_float32
6283463418,3264,450130,103,1,1,128,1,1,16,0.000,0.000,,,,,NVIDIA A100-SXM4-40GB MIG 4g.20gb (0),1,,13,cupy_copy__complex64_complex64
6283467706,11904,450140,1434,1,1,128,1,1,16,0.000,0.000,,,,,NVIDIA A100-SXM4-40GB MIG 4g.20gb (0),1,,13,cupy_copy__complex64_complex64
6283484569,82591,450145,1,1,1,32,32,1,30,0.000,0.000,,,,,NVIDIA A100-SXM4-40GB MIG 4g.20gb (0),1,,13,"void convert_kernel<__half2, float2>(tensor_layout_any, T1 *, tensor_layout_any, const T2 *)"
6283594360,5568,450148,,,,,,,,,,0.094,16827.521,Pinned,Device,NVIDIA A100-SXM4-40GB MIG 4g.20gb (0),1,,13,[CUDA memcpy Host-to-Device]
6283604120,599033,450149,,,,,,,,,,456.561,762001.043,Device,,NVIDIA A100-SXM4-40GB MIG 4g.20gb (0),1,,13,[CUDA memset]
6284209329,114622,450154,,,,,,,,,,1.235,10773.651,Pinned,Device,NVIDIA A100-SXM4-40GB MIG 4g.20gb (0),1,,13,[CUDA memcpy Host-to-Device]
6284330799,19072,450155,,,,,,,,,,0.197,10308.551,Pinned,Device,NVIDIA A100-SXM4-40GB MIG 4g.20gb (0),1,,13,[CUDA memcpy Host-to-Device]
6284364239,9856,450156,69,4,1,48,1,1,76,0.002,0.000,,,,,NVIDIA A100-SXM4-40GB MIG 4g.20gb (0),1,,13,"void ch_est::windowedChEstPreNoDftSOfdmKernel<float, __half, float, (unsigned int)2, (unsigned int)1, (unsigned short)4>(ch_est::puschRxChEstStatDescr_t *, ch_est::puschRxChEstDynDescr_t *)"
6284377454,6400,450157,137,2,1,24,2,1,44,0.001,0.001,,,,,NVIDIA A100-SXM4-40GB MIG 4g.20gb (0),1,,13,"void ch_est::chEstFilterNoDftSOfdmDispatchKernel<float, __half, float, (unsigned int)2>(ch_est::puschRxChEstStatDescr_t *, ch_est::puschRxChEstDynDescr_t *)"
6284389774,6304,450158,137,2,1,24,2,1,44,0.001,0.001,,,,,NVIDIA A100-SXM4-40GB MIG 4g.20gb (0),1,,13,"void ch_est::chEstFilterNoDftSOfdmDispatchKernel<float, __half, float, (unsigned int)2>(ch_est::puschRxChEstStatDescr_t *, ch_est::puschRxChEstDynDescr_t *)"
6284400334,3104,450169,103,1,1,128,1,1,16,0.000,0.000,,,,,NVIDIA A100-SXM4-40GB MIG 4g.20gb (0),1,,13,cupy_copy__complex64_complex64
6284406286,12448,450179,1434,1,1,128,1,1,16,0.000,0.000,,,,,NVIDIA A100-SXM4-40GB MIG 4g.20gb (0),1,,13,cupy_copy__complex64_complex64
6284421070,2688,450186,103,1,1,128,1,1,16,0.000,0.000,,,,,NVIDIA A100-SXM4-40GB MIG 4g.20gb (0),1,,13,cupy_copy__complex64_complex64
6284427598,87999,450193,1,1,1,32,32,1,30,0.000,0.000,,,,,NVIDIA A100-SXM4-40GB MIG 4g.20gb (0),1,,13,"void convert_kernel<__half2, float2>(tensor_layout_any, T1 *, tensor_layout_any, const T2 *)"
6284543372,5376,450196,,,,,,,,,,0.094,17428.487,Pinned,Device,NVIDIA A100-SXM4-40GB MIG 4g.20gb (0),1,,13,[CUDA memcpy Host-to-Device]
6284554764,47264,450197,,,,,,,,,,35.810,757630.477,Device,,NVIDIA A100-SXM4-40GB MIG 4g.20gb (0),1,,13,[CUDA memset]
6284608364,4032,450199,,,,,,,,,,0.000,19.841,Pinned,Device,NVIDIA A100-SXM4-40GB MIG 4g.20gb (0),1,,13,[CUDA memcpy Host-to-Device]
6284617740,14143,450200,,,,,,,,,,0.197,13901.365,Pinned,Device,NVIDIA A100-SXM4-40GB MIG 4g.20gb (0),1,,13,[CUDA memcpy Host-to-Device]
6284641867,9248,450201,273,1,1,48,1,1,40,0.000,0.001,,,,,NVIDIA A100-SXM4-40GB MIG 4g.20gb (0),1,,13,"void pusch_noise_intf_est::noiseIntfEstNoDftSOfdmKernel<float, __half, float, float, (unsigned int)2, (unsigned int)1, (unsigned char)4, (unsigned char)4>(pusch_noise_intf_est::puschRxNoiseIntfEstDynDescr)"
6284654347,2848,450212,35,1,1,128,1,1,16,0.000,0.000,,,,,NVIDIA A100-SXM4-40GB MIG 4g.20gb (0),1,,13,cupy_copy__complex64_complex64
6284663691,2016,450221,1,1,1,1,1,1,18,0.000,0.000,,,,,NVIDIA A100-SXM4-40GB MIG 4g.20gb (0),1,,13,cupy_copy__float32_float32
6284694539,1600,450227,,,,,,,,,,0.000,2.500,Device,Pageable,NVIDIA A100-SXM4-40GB MIG 4g.20gb (0),1,,7,[CUDA memcpy Device-to-Host]
6284753770,12896,450238,1434,1,1,128,1,1,16,0.000,0.000,,,,,NVIDIA A100-SXM4-40GB MIG 4g.20gb (0),1,,13,cupy_copy__complex64_complex64
6284780681,2880,450245,103,1,1,128,1,1,16,0.000,0.000,,,,,NVIDIA A100-SXM4-40GB MIG 4g.20gb (0),1,,13,cupy_copy__complex64_complex64
6284801673,2496,450252,35,1,1,128,1,1,16,0.000,0.000,,,,,NVIDIA A100-SXM4-40GB MIG 4g.20gb (0),1,,13,cupy_copy__complex64_complex64
6284821737,1760,450259,1,1,1,1,1,1,18,0.000,0.000,,,,,NVIDIA A100-SXM4-40GB MIG 4g.20gb (0),1,,13,cupy_copy__float32_float32
6284949351,88223,450270,1,1,1,32,32,1,30,0.000,0.000,,,,,NVIDIA A100-SXM4-40GB MIG 4g.20gb (0),1,,13,"void convert_kernel<__half2, float2>(tensor_layout_any, T1 *, tensor_layout_any, const T2 *)"
6285065286,6336,450273,,,,,,,,,,0.094,14787.852,Pinned,Device,NVIDIA A100-SXM4-40GB MIG 4g.20gb (0),1,,13,[CUDA memcpy Host-to-Device]
6285079654,3488,450274,,,,,,,,,,1.547,443412.461,Device,,NVIDIA A100-SXM4-40GB MIG 4g.20gb (0),1,,13,[CUDA memset]
6285088678,3424,450279,,,,,,,,,,0.031,9140.185,Pinned,Device,NVIDIA A100-SXM4-40GB MIG 4g.20gb (0),1,,13,[CUDA memcpy Host-to-Device]
6285094534,9504,450280,,,,,,,,,,0.197,20686.701,Pinned,Device,NVIDIA A100-SXM4-40GB MIG 4g.20gb (0),1,,13,[CUDA memcpy Host-to-Device]
6285110053,8256,450281,273,1,1,8,4,1,39,0.002,0.000,,,,,NVIDIA A100-SXM4-40GB MIG 4g.20gb (0),1,,13,"void channel_eq::eqMmseCoefCompLowMimoKernel<float, float, float, (unsigned int)4, (unsigned int)1, (unsigned int)4>(const channel_eq::_puschRxChEqStatDescr *, channel_eq::_puschRxChEqCoefCompDynDescr)"
6285120805,6464,450282,273,1,1,12,11,1,51,0.002,0.000,,,,,NVIDIA A100-SXM4-40GB MIG 4g.20gb (0),1,,13,"void channel_eq::eqMmseSoftDemapKernel<float, __half, __half, float, (unsigned int)4, (unsigned short)16383>(channel_eq::_puschRxChEqStatDescr *, channel_eq::_puschRxChEqSoftDemapDynDescr)"
6285130501,283165,450283,1,1,1,32,32,1,30,0.000,0.000,,,,,NVIDIA A100-SXM4-40GB MIG 4g.20gb (0),1,,13,"void convert_kernel<float2, __half2>(tensor_layout_any, T1 *, tensor_layout_any, const T2 *)"
6285416802,11072,450295,2253,1,1,128,1,1,16,0.000,0.000,,,,,NVIDIA A100-SXM4-40GB MIG 4g.20gb (0),1,,13,cupy_copy__float16_float16
6285430401,2944,450304,282,1,1,128,1,1,16,0.000,0.000,,,,,NVIDIA A100-SXM4-40GB MIG 4g.20gb (0),1,,13,cupy_copy__complex64_complex64
6285434945,2208,450313,26,1,1,128,1,1,16,0.000,0.000,,,,,NVIDIA A100-SXM4-40GB MIG 4g.20gb (0),1,,13,cupy_copy__float32_float32
6285438497,3936,450322,103,1,1,128,1,1,16,0.000,0.000,,,,,NVIDIA A100-SXM4-40GB MIG 4g.20gb (0),1,,13,cupy_copy__complex64_complex64
6285444097,12032,450332,1434,1,1,128,1,1,16,0.000,0.000,,,,,NVIDIA A100-SXM4-40GB MIG 4g.20gb (0),1,,13,cupy_copy__complex64_complex64
6285459521,80383,450337,1,1,1,32,32,1,30,0.000,0.000,,,,,NVIDIA A100-SXM4-40GB MIG 4g.20gb (0),1,,13,"void convert_kernel<__half2, float2>(tensor_layout_any, T1 *, tensor_layout_any, const T2 *)"
6285566816,6144,450340,,,,,,,,,,0.094,15249.961,Pinned,Device,NVIDIA A100-SXM4-40GB MIG 4g.20gb (0),1,,13,[CUDA memcpy Host-to-Device]
6285577632,598968,450341,,,,,,,,,,456.561,762001.043,Device,,NVIDIA A100-SXM4-40GB MIG 4g.20gb (0),1,,13,[CUDA memset]
6286180856,131199,450346,,,,,,,,,,1.235,9412.743,Pinned,Device,NVIDIA A100-SXM4-40GB MIG 4g.20gb (0),1,,13,[CUDA memcpy Host-to-Device]
6286324534,40448,450347,,,,,,,,,,0.197,4860.740,Pinned,Device,NVIDIA A100-SXM4-40GB MIG 4g.20gb (0),1,,13,[CUDA memcpy Host-to-Device]
6286386614,8224,450348,69,4,1,48,1,1,76,0.002,0.000,,,,,NVIDIA A100-SXM4-40GB MIG 4g.20gb (0),1,,13,"void ch_est::windowedChEstPreNoDftSOfdmKernel<float, __half, float, (unsigned int)2, (unsigned int)1, (unsigned short)4>(ch_est::puschRxChEstStatDescr_t *, ch_est::puschRxChEstDynDescr_t *)"
6286404213,6432,450349,137,2,1,24,2,1,44,0.001,0.001,,,,,NVIDIA A100-SXM4-40GB MIG 4g.20gb (0),1,,13,"void ch_est::chEstFilterNoDftSOfdmDispatchKernel<float, __half, float, (unsigned int)2>(ch_est::puschRxChEstStatDescr_t *, ch_est::puschRxChEstDynDescr_t *)"
6286423477,4736,450350,137,2,1,24,2,1,44,0.001,0.001,,,,,NVIDIA A100-SXM4-40GB MIG 4g.20gb (0),1,,13,"void ch_est::chEstFilterNoDftSOfdmDispatchKernel<float, __half, float, (unsigned int)2>(ch_est::puschRxChEstStatDescr_t *, ch_est::puschRxChEstDynDescr_t *)"
6286440277,2624,450361,103,1,1,128,1,1,16,0.000,0.000,,,,,NVIDIA A100-SXM4-40GB MIG 4g.20gb (0),1,,13,cupy_copy__complex64_complex64
6286457749,12480,450371,1434,1,1,128,1,1,16,0.000,0.000,,,,,NVIDIA A100-SXM4-40GB MIG 4g.20gb (0),1,,13,cupy_copy__complex64_complex64
6286492916,2432,450378,103,1,1,128,1,1,16,0.000,0.000,,,,,NVIDIA A100-SXM4-40GB MIG 4g.20gb (0),1,,13,cupy_copy__complex64_complex64
6286506772,84063,450385,1,1,1,32,32,1,30,0.000,0.000,,,,,NVIDIA A100-SXM4-40GB MIG 4g.20gb (0),1,,13,"void convert_kernel<__half2, float2>(tensor_layout_any, T1 *, tensor_layout_any, const T2 *)"
6286620787,12288,450388,,,,,,,,,,0.094,7624.980,Pinned,Device,NVIDIA A100-SXM4-40GB MIG 4g.20gb (0),1,,13,[CUDA memcpy Host-to-Device]
6286638739,47487,450389,,,,,,,,,,35.810,754085.295,Device,,NVIDIA A100-SXM4-40GB MIG 4g.20gb (0),1,,13,[CUDA memset]
6286687538,8416,450391,,,,,,,,,,0.000,9.506,Pinned,Device,NVIDIA A100-SXM4-40GB MIG 4g.20gb (0),1,,13,[CUDA memcpy Host-to-Device]
6286699570,18208,450392,,,,,,,,,,0.197,10797.711,Pinned,Device,NVIDIA A100-SXM4-40GB MIG 4g.20gb (0),1,,13,[CUDA memcpy Host-to-Device]
6286730865,10080,450393,273,1,1,48,1,1,40,0.000,0.001,,,,,NVIDIA A100-SXM4-40GB MIG 4g.20gb (0),1,,13,"void pusch_noise_intf_est::noiseIntfEstNoDftSOfdmKernel<float, __half, float, float, (unsigned int)2, (unsigned int)1, (unsigned char)4, (unsigned char)4>(pusch_noise_intf_est::puschRxNoiseIntfEstDynDescr)"
6286748017,2592,450404,35,1,1,128,1,1,16,0.000,0.000,,,,,NVIDIA A100-SXM4-40GB MIG 4g.20gb (0),1,,13,cupy_copy__complex64_complex64
6286755985,1824,450413,1,1,1,1,1,1,18,0.000,0.000,,,,,NVIDIA A100-SXM4-40GB MIG 4g.20gb (0),1,,13,cupy_copy__float32_float32
6286769969,1632,450419,,,,,,,,,,0.000,2.451,Device,Pageable,NVIDIA A100-SXM4-40GB MIG 4g.20gb (0),1,,7,[CUDA memcpy Device-to-Host]
6286831056,13120,450430,1434,1,1,128,1,1,16,0.000,0.000,,,,,NVIDIA A100-SXM4-40GB MIG 4g.20gb (0),1,,13,cupy_copy__complex64_complex64
6286867088,3552,450437,103,1,1,128,1,1,16,0.000,0.000,,,,,NVIDIA A100-SXM4-40GB MIG 4g.20gb (0),1,,13,cupy_copy__complex64_complex64
6286888015,2592,450444,35,1,1,128,1,1,16,0.000,0.000,,,,,NVIDIA A100-SXM4-40GB MIG 4g.20gb (0),1,,13,cupy_copy__complex64_complex64
6286905647,1760,450451,1,1,1,1,1,1,18,0.000,0.000,,,,,NVIDIA A100-SXM4-40GB MIG 4g.20gb (0),1,,13,cupy_copy__float32_float32
6287037358,82655,450462,1,1,1,32,32,1,30,0.000,0.000,,,,,NVIDIA A100-SXM4-40GB MIG 4g.20gb (0),1,,13,"void convert_kernel<__half2, float2>(tensor_layout_any, T1 *, tensor_layout_any, const T2 *)"
6287148876,5632,450465,,,,,,,,,,0.094,16636.287,Pinned,Device,NVIDIA A100-SXM4-40GB MIG 4g.20gb (0),1,,13,[CUDA memcpy Host-to-Device]
6287165356,3424,450466,,,,,,,,,,1.547,451700.819,Device,,NVIDIA A100-SXM4-40GB MIG 4g.20gb (0),1,,13,[CUDA memset]
6287172492,3328,450471,,,,,,,,,,0.031,9403.822,Pinned,Device,NVIDIA A100-SXM4-40GB MIG 4g.20gb (0),1,,13,[CUDA memcpy Host-to-Device]
6287178316,9760,450472,,,,,,,,,,0.197,20144.259,Pinned,Device,NVIDIA A100-SXM4-40GB MIG 4g.20gb (0),1,,13,[CUDA memcpy Host-to-Device]
6287192428,6496,450473,273,1,1,8,4,1,39,0.002,0.000,,,,,NVIDIA A100-SXM4-40GB MIG 4g.20gb (0),1,,13,"void channel_eq::eqMmseCoefCompLowMimoKernel<float, float, float, (unsigned int)4, (unsigned int)1, (unsigned int)4>(const channel_eq::_puschRxChEqStatDescr *, channel_eq::_puschRxChEqCoefCompDynDescr)"
6287199948,6272,450474,273,1,1,12,11,1,51,0.002,0.000,,,,,NVIDIA A100-SXM4-40GB MIG 4g.20gb (0),1,,13,"void channel_eq::eqMmseSoftDemapKernel<float, __half, __half, float, (unsigned int)4, (unsigned short)16383>(channel_eq::_puschRxChEqStatDescr *, channel_eq::_puschRxChEqSoftDemapDynDescr)"
6287209452,289884,450475,1,1,1,32,32,1,30,0.000,0.000,,,,,NVIDIA A100-SXM4-40GB MIG 4g.20gb (0),1,,13,"void convert_kernel<float2, __half2>(tensor_layout_any, T1 *, tensor_layout_any, const T2 *)"
6287500296,10944,450487,2253,1,1,128,1,1,16,0.000,0.000,,,,,NVIDIA A100-SXM4-40GB MIG 4g.20gb (0),1,,13,cupy_copy__float16_float16
6287515176,2752,450496,282,1,1,128,1,1,16,0.000,0.000,,,,,NVIDIA A100-SXM4-40GB MIG 4g.20gb (0),1,,13,cupy_copy__complex64_complex64
6287520936,2048,450505,26,1,1,128,1,1,16,0.000,0.000,,,,,NVIDIA A100-SXM4-40GB MIG 4g.20gb (0),1,,13,cupy_copy__float32_float32
6287524808,3296,450514,103,1,1,128,1,1,16,0.000,0.000,,,,,NVIDIA A100-SXM4-40GB MIG 4g.20gb (0),1,,13,cupy_copy__complex64_complex64
6287529128,11743,450524,1434,1,1,128,1,1,16,0.000,0.000,,,,,NVIDIA A100-SXM4-40GB MIG 4g.20gb (0),1,,13,cupy_copy__complex64_complex64
6287545799,82175,450529,1,1,1,32,32,1,30,0.000,0.000,,,,,NVIDIA A100-SXM4-40GB MIG 4g.20gb (0),1,,13,"void convert_kernel<__half2, float2>(tensor_layout_any, T1 *, tensor_layout_any, const T2 *)"
6287654566,5696,450532,,,,,,,,,,0.094,16449.363,Pinned,Device,NVIDIA A100-SXM4-40GB MIG 4g.20gb (0),1,,13,[CUDA memcpy Host-to-Device]
6287665350,597241,450533,,,,,,,,,,456.561,764283.851,Device,,NVIDIA A100-SXM4-40GB MIG 4g.20gb (0),1,,13,[CUDA memset]
6288263519,148478,450538,,,,,,,,,,1.235,8317.348,Pinned,Device,NVIDIA A100-SXM4-40GB MIG 4g.20gb (0),1,,13,[CUDA memcpy Host-to-Device]
6288423101,39487,450539,,,,,,,,,,0.197,4978.901,Pinned,Device,NVIDIA A100-SXM4-40GB MIG 4g.20gb (0),1,,13,[CUDA memcpy Host-to-Device]
6288486172,8384,450540,69,4,1,48,1,1,76,0.002,0.000,,,,,NVIDIA A100-SXM4-40GB MIG 4g.20gb (0),1,,13,"void ch_est::windowedChEstPreNoDftSOfdmKernel<float, __half, float, (unsigned int)2, (unsigned int)1, (unsigned short)4>(ch_est::puschRxChEstStatDescr_t *, ch_est::puschRxChEstDynDescr_t *)"
6288505948,6815,450541,137,2,1,24,2,1,44,0.001,0.001,,,,,NVIDIA A100-SXM4-40GB MIG 4g.20gb (0),1,,13,"void ch_est::chEstFilterNoDftSOfdmDispatchKernel<float, __half, float, (unsigned int)2>(ch_est::puschRxChEstStatDescr_t *, ch_est::puschRxChEstDynDescr_t *)"
6288522651,4704,450542,137,2,1,24,2,1,44,0.001,0.001,,,,,NVIDIA A100-SXM4-40GB MIG 4g.20gb (0),1,,13,"void ch_est::chEstFilterNoDftSOfdmDispatchKernel<float, __half, float, (unsigned int)2>(ch_est::puschRxChEstStatDescr_t *, ch_est::puschRxChEstDynDescr_t *)"
6288542043,2624,450553,103,1,1,128,1,1,16,0.000,0.000,,,,,NVIDIA A100-SXM4-40GB MIG 4g.20gb (0),1,,13,cupy_copy__complex64_complex64
6288558747,12288,450563,1434,1,1,128,1,1,16,0.000,0.000,,,,,NVIDIA A100-SXM4-40GB MIG 4g.20gb (0),1,,13,cupy_copy__complex64_complex64
6288578267,2560,450570,103,1,1,128,1,1,16,0.000,0.000,,,,,NVIDIA A100-SXM4-40GB MIG 4g.20gb (0),1,,13,cupy_copy__complex64_complex64
6288601146,100607,450577,1,1,1,32,32,1,30,0.000,0.000,,,,,NVIDIA A100-SXM4-40GB MIG 4g.20gb (0),1,,13,"void convert_kernel<__half2, float2>(tensor_layout_any, T1 *, tensor_layout_any, const T2 *)"
6288732121,30079,450580,,,,,,,,,,0.094,3114.924,Pinned,Device,NVIDIA A100-SXM4-40GB MIG 4g.20gb (0),1,,13,[CUDA memcpy Host-to-Device]
6288790360,47455,450581,,,,,,,,,,35.810,754586.634,Device,,NVIDIA A100-SXM4-40GB MIG 4g.20gb (0),1,,13,[CUDA memset]
6288850775,6528,450583,,,,,,,,,,0.000,12.255,Pinned,Device,NVIDIA A100-SXM4-40GB MIG 4g.20gb (0),1,,13,[CUDA memcpy Host-to-Device]
6288866551,20832,450584,,,,,,,,,,0.197,9437.774,Pinned,Device,NVIDIA A100-SXM4-40GB MIG 4g.20gb (0),1,,13,[CUDA memcpy Host-to-Device]
6288902743,9408,450585,273,1,1,48,1,1,40,0.000,0.001,,,,,NVIDIA A100-SXM4-40GB MIG 4g.20gb (0),1,,13,"void pusch_noise_intf_est::noiseIntfEstNoDftSOfdmKernel<float, __half, float, float, (unsigned int)2, (unsigned int)1, (unsigned char)4, (unsigned char)4>(pusch_noise_intf_est::puschRxNoiseIntfEstDynDescr)"
6288919894,2784,450596,35,1,1,128,1,1,16,0.000,0.000,,,,,NVIDIA A100-SXM4-40GB MIG 4g.20gb (0),1,,13,cupy_copy__complex64_complex64
6288929206,1728,450605,1,1,1,1,1,1,18,0.000,0.000,,,,,NVIDIA A100-SXM4-40GB MIG 4g.20gb (0),1,,13,cupy_copy__float32_float32
6288937078,4896,450611,,,,,,,,,,0.000,0.817,Device,Pageable,NVIDIA A100-SXM4-40GB MIG 4g.20gb (0),1,,7,[CUDA memcpy Device-to-Host]
6289012309,12800,450622,1434,1,1,128,1,1,16,0.000,0.000,,,,,NVIDIA A100-SXM4-40GB MIG 4g.20gb (0),1,,13,cupy_copy__complex64_complex64
6289038485,2976,450629,103,1,1,128,1,1,16,0.000,0.000,,,,,NVIDIA A100-SXM4-40GB MIG 4g.20gb (0),1,,13,cupy_copy__complex64_complex64
6289061557,2784,450636,35,1,1,128,1,1,16,0.000,0.000,,,,,NVIDIA A100-SXM4-40GB MIG 4g.20gb (0),1,,13,cupy_copy__complex64_complex64
6289078420,1984,450643,1,1,1,1,1,1,18,0.000,0.000,,,,,NVIDIA A100-SXM4-40GB MIG 4g.20gb (0),1,,13,cupy_copy__float32_float32
6289202451,83039,450654,1,1,1,32,32,1,30,0.000,0.000,,,,,NVIDIA A100-SXM4-40GB MIG 4g.20gb (0),1,,13,"void convert_kernel<__half2, float2>(tensor_layout_any, T1 *, tensor_layout_any, const T2 *)"
6289313426,5439,450657,,,,,,,,,,0.094,17226.665,Pinned,Device,NVIDIA A100-SXM4-40GB MIG 4g.20gb (0),1,,13,[CUDA memcpy Host-to-Device]
6289327761,3360,450658,,,,,,,,,,1.547,460304.688,Device,,NVIDIA A100-SXM4-40GB MIG 4g.20gb (0),1,,13,[CUDA memset]
6289334705,3648,450663,,,,,,,,,,0.031,8578.922,Pinned,Device,NVIDIA A100-SXM4-40GB MIG 4g.20gb (0),1,,13,[CUDA memcpy Host-to-Device]
6289340913,9472,450664,,,,,,,,,,0.197,20756.693,Pinned,Device,NVIDIA A100-SXM4-40GB MIG 4g.20gb (0),1,,13,[CUDA memcpy Host-to-Device]
6289355857,6464,450665,273,1,1,8,4,1,39,0.002,0.000,,,,,NVIDIA A100-SXM4-40GB MIG 4g.20gb (0),1,,13,"void channel_eq::eqMmseCoefCompLowMimoKernel<float, float, float, (unsigned int)4, (unsigned int)1, (unsigned int)4>(const channel_eq::_puschRxChEqStatDescr *, channel_eq::_puschRxChEqCoefCompDynDescr)"
6289364465,6368,450666,273,1,1,12,11,1,51,0.002,0.000,,,,,NVIDIA A100-SXM4-40GB MIG 4g.20gb (0),1,,13,"void channel_eq::eqMmseSoftDemapKernel<float, __half, __half, float, (unsigned int)4, (unsigned short)16383>(channel_eq::_puschRxChEqStatDescr *, channel_eq::_puschRxChEqSoftDemapDynDescr)"
6289371825,283068,450667,1,1,1,32,32,1,30,0.000,0.000,,,,,NVIDIA A100-SXM4-40GB MIG 4g.20gb (0),1,,13,"void convert_kernel<float2, __half2>(tensor_layout_any, T1 *, tensor_layout_any, const T2 *)"
6289657421,11072,450679,2253,1,1,128,1,1,16,0.000,0.000,,,,,NVIDIA A100-SXM4-40GB MIG 4g.20gb (0),1,,13,cupy_copy__float16_float16
6289670733,3264,450688,282,1,1,128,1,1,16,0.000,0.000,,,,,NVIDIA A100-SXM4-40GB MIG 4g.20gb (0),1,,13,cupy_copy__complex64_complex64
6289675629,2240,450697,26,1,1,128,1,1,16,0.000,0.000,,,,,NVIDIA A100-SXM4-40GB MIG 4g.20gb (0),1,,13,cupy_copy__float32_float32
6289679597,4704,450706,103,1,1,128,1,1,16,0.000,0.000,,,,,NVIDIA A100-SXM4-40GB MIG 4g.20gb (0),1,,13,cupy_copy__complex64_complex64
6289686989,12096,450716,1434,1,1,128,1,1,16,0.000,0.000,,,,,NVIDIA A100-SXM4-40GB MIG 4g.20gb (0),1,,13,cupy_copy__complex64_complex64
6289704685,83167,450721,1,1,1,32,32,1,30,0.000,0.000,,,,,NVIDIA A100-SXM4-40GB MIG 4g.20gb (0),1,,13,"void convert_kernel<__half2, float2>(tensor_layout_any, T1 *, tensor_layout_any, const T2 *)"
6289814923,5664,450724,,,,,,,,,,0.094,16542.310,Pinned,Device,NVIDIA A100-SXM4-40GB MIG 4g.20gb (0),1,,13,[CUDA memcpy Host-to-Device]
6289826027,597113,450725,,,,,,,,,,456.561,764283.851,Device,,NVIDIA A100-SXM4-40GB MIG 4g.20gb (0),1,,13,[CUDA memset]
6290430596,135166,450730,,,,,,,,,,1.235,9136.116,Pinned,Device,NVIDIA A100-SXM4-40GB MIG 4g.20gb (0),1,,13,[CUDA memcpy Host-to-Device]
6290573538,23200,450731,,,,,,,,,,0.197,8474.395,Pinned,Device,NVIDIA A100-SXM4-40GB MIG 4g.20gb (0),1,,13,[CUDA memcpy Host-to-Device]
6290615905,7872,450732,69,4,1,48,1,1,76,0.002,0.000,,,,,NVIDIA A100-SXM4-40GB MIG 4g.20gb (0),1,,13,"void ch_est::windowedChEstPreNoDftSOfdmKernel<float, __half, float, (unsigned int)2, (unsigned int)1, (unsigned short)4>(ch_est::puschRxChEstStatDescr_t *, ch_est::puschRxChEstDynDescr_t *)"
6290635905,6848,450733,137,2,1,24,2,1,44,0.001,0.001,,,,,NVIDIA A100-SXM4-40GB MIG 4g.20gb (0),1,,13,"void ch_est::chEstFilterNoDftSOfdmDispatchKernel<float, __half, float, (unsigned int)2>(ch_est::puschRxChEstStatDescr_t *, ch_est::puschRxChEstDynDescr_t *)"
6290648065,4672,450734,137,2,1,24,2,1,44,0.001,0.001,,,,,NVIDIA A100-SXM4-40GB MIG 4g.20gb (0),1,,13,"void ch_est::chEstFilterNoDftSOfdmDispatchKernel<float, __half, float, (unsigned int)2>(ch_est::puschRxChEstStatDescr_t *, ch_est::puschRxChEstDynDescr_t *)"
6290662145,2496,450745,103,1,1,128,1,1,16,0.000,0.000,,,,,NVIDIA A100-SXM4-40GB MIG 4g.20gb (0),1,,13,cupy_copy__complex64_complex64
6290676833,12672,450755,1434,1,1,128,1,1,16,0.000,0.000,,,,,NVIDIA A100-SXM4-40GB MIG 4g.20gb (0),1,,13,cupy_copy__complex64_complex64
6290713152,2592,450762,103,1,1,128,1,1,16,0.000,0.000,,,,,NVIDIA A100-SXM4-40GB MIG 4g.20gb (0),1,,13,cupy_copy__complex64_complex64
6290730720,83231,450769,1,1,1,32,32,1,30,0.000,0.000,,,,,NVIDIA A100-SXM4-40GB MIG 4g.20gb (0),1,,13,"void convert_kernel<__half2, float2>(tensor_layout_any, T1 *, tensor_layout_any, const T2 *)"
6290858367,21983,450772,,,,,,,,,,0.094,4262.137,Pinned,Device,NVIDIA A100-SXM4-40GB MIG 4g.20gb (0),1,,13,[CUDA memcpy Host-to-Device]
6290904862,46591,450773,,,,,,,,,,35.810,768588.313,Device,,NVIDIA A100-SXM4-40GB MIG 4g.20gb (0),1,,13,[CUDA memset]
6290964957,8672,450775,,,,,,,,,,0.000,9.225,Pinned,Device,NVIDIA A100-SXM4-40GB MIG 4g.20gb (0),1,,13,[CUDA memcpy Host-to-Device]
6290986045,21728,450776,,,,,,,,,,0.197,9048.490,Pinned,Device,NVIDIA A100-SXM4-40GB MIG 4g.20gb (0),1,,13,[CUDA memcpy Host-to-Device]
6291027292,10048,450777,273,1,1,48,1,1,40,0.000,0.001,,,,,NVIDIA A100-SXM4-40GB MIG 4g.20gb (0),1,,13,"void pusch_noise_intf_est::noiseIntfEstNoDftSOfdmKernel<float, __half, float, float, (unsigned int)2, (unsigned int)1, (unsigned char)4, (unsigned char)4>(pusch_noise_intf_est::puschRxNoiseIntfEstDynDescr)"
6291044028,2656,450788,35,1,1,128,1,1,16,0.000,0.000,,,,,NVIDIA A100-SXM4-40GB MIG 4g.20gb (0),1,,13,cupy_copy__complex64_complex64
6291060540,1760,450797,1,1,1,1,1,1,18,0.000,0.000,,,,,NVIDIA A100-SXM4-40GB MIG 4g.20gb (0),1,,13,cupy_copy__float32_float32
6291065628,7040,450803,,,,,,,,,,0.000,0.568,Device,Pageable,NVIDIA A100-SXM4-40GB MIG 4g.20gb (0),1,,7,[CUDA memcpy Device-to-Host]
6291169723,12864,450814,1434,1,1,128,1,1,16,0.000,0.000,,,,,NVIDIA A100-SXM4-40GB MIG 4g.20gb (0),1,,13,cupy_copy__complex64_complex64
6291195770,2720,450821,103,1,1,128,1,1,16,0.000,0.000,,,,,NVIDIA A100-SXM4-40GB MIG 4g.20gb (0),1,,13,cupy_copy__complex64_complex64
6291213658,2176,450828,35,1,1,128,1,1,16,0.000,0.000,,,,,NVIDIA A100-SXM4-40GB MIG 4g.20gb (0),1,,13,cupy_copy__complex64_complex64
6291217178,1760,450835,1,1,1,1,1,1,18,0.000,0.000,,,,,NVIDIA A100-SXM4-40GB MIG 4g.20gb (0),1,,13,cupy_copy__float32_float32
6291360664,86687,450846,1,1,1,32,32,1,30,0.000,0.000,,,,,NVIDIA A100-SXM4-40GB MIG 4g.20gb (0),1,,13,"void convert_kernel<__half2, float2>(tensor_layout_any, T1 *, tensor_layout_any, const T2 *)"
6291476471,13280,450849,,,,,,,,,,0.094,7055.402,Pinned,Device,NVIDIA A100-SXM4-40GB MIG 4g.20gb (0),1,,13,[CUDA memcpy Host-to-Device]
6291499927,3648,450850,,,,,,,,,,1.547,423963.664,Device,,NVIDIA A100-SXM4-40GB MIG 4g.20gb (0),1,,13,[CUDA memset]
6291505943,3391,450855,,,,,,,,,,0.031,9229.128,Pinned,Device,NVIDIA A100-SXM4-40GB MIG 4g.20gb (0),1,,13,[CUDA memcpy Host-to-Device]
6291515222,14176,450856,,,,,,,,,,0.197,13868.925,Pinned,Device,NVIDIA A100-SXM4-40GB MIG 4g.20gb (0),1,,13,[CUDA memcpy Host-to-Device]
6291541718,6080,450857,273,1,1,8,4,1,39,0.002,0.000,,,,,NVIDIA A100-SXM4-40GB MIG 4g.20gb (0),1,,13,"void channel_eq::eqMmseCoefCompLowMimoKernel<float, float, float, (unsigned int)4, (unsigned int)1, (unsigned int)4>(const channel_eq::_puschRxChEqStatDescr *, channel_eq::_puschRxChEqCoefCompDynDescr)"
6291550774,7904,450858,273,1,1,12,11,1,51,0.002,0.000,,,,,NVIDIA A100-SXM4-40GB MIG 4g.20gb (0),1,,13,"void channel_eq::eqMmseSoftDemapKernel<float, __half, __half, float, (unsigned int)4, (unsigned short)16383>(channel_eq::_puschRxChEqStatDescr *, channel_eq::_puschRxChEqSoftDemapDynDescr)"
6291567478,294396,450859,1,1,1,32,32,1,30,0.000,0.000,,,,,NVIDIA A100-SXM4-40GB MIG 4g.20gb (0),1,,13,"void convert_kernel<float2, __half2>(tensor_layout_any, T1 *, tensor_layout_any, const T2 *)"
6291863794,10848,450871,2253,1,1,128,1,1,16,0.000,0.000,,,,,NVIDIA A100-SXM4-40GB MIG 4g.20gb (0),1,,13,cupy_copy__float16_float16
6291879122,3008,450880,282,1,1,128,1,1,16,0.000,0.000,,,,,NVIDIA A100-SXM4-40GB MIG 4g.20gb (0),1,,13,cupy_copy__complex64_complex64
6291885362,2240,450889,26,1,1,128,1,1,16,0.000,0.000,,,,,NVIDIA A100-SXM4-40GB MIG 4g.20gb (0),1,,13,cupy_copy__float32_float32
6291889170,3008,450898,103,1,1,128,1,1,16,0.000,0.000,,,,,NVIDIA A100-SXM4-40GB MIG 4g.20gb (0),1,,13,cupy_copy__complex64_complex64
6291893170,12160,450908,1434,1,1,128,1,1,16,0.000,0.000,,,,,NVIDIA A100-SXM4-40GB MIG 4g.20gb (0),1,,13,cupy_copy__complex64_complex64
6291909234,80991,450913,1,1,1,32,32,1,30,0.000,0.000,,,,,NVIDIA A100-SXM4-40GB MIG 4g.20gb (0),1,,13,"void convert_kernel<__half2, float2>(tensor_layout_any, T1 *, tensor_layout_any, const T2 *)"
6292017936,5408,450916,,,,,,,,,,0.094,17325.421,Pinned,Device,NVIDIA A100-SXM4-40GB MIG 4g.20gb (0),1,,13,[CUDA memcpy Host-to-Device]
6292029264,597945,450917,,,,,,,,,,456.561,763370.728,Device,,NVIDIA A100-SXM4-40GB MIG 4g.20gb (0),1,,13,[CUDA memset]
6292630601,140158,450922,,,,,,,,,,1.235,8810.090,Pinned,Device,NVIDIA A100-SXM4-40GB MIG 4g.20gb (0),1,,13,[CUDA memcpy Host-to-Device]
6292779399,21248,450923,,,,,,,,,,0.197,9252.962,Pinned,Device,NVIDIA A100-SXM4-40GB MIG 4g.20gb (0),1,,13,[CUDA memcpy Host-to-Device]
6292810214,8032,450924,69,4,1,48,1,1,76,0.002,0.000,,,,,NVIDIA A100-SXM4-40GB MIG 4g.20gb (0),1,,13,"void ch_est::windowedChEstPreNoDftSOfdmKernel<float, __half, float, (unsigned int)2, (unsigned int)1, (unsigned short)4>(ch_est::puschRxChEstStatDescr_t *, ch_est::puschRxChEstDynDescr_t *)"
6292820358,7360,450925,137,2,1,24,2,1,44,0.001,0.001,,,,,NVIDIA A100-SXM4-40GB MIG 4g.20gb (0),1,,13,"void ch_est::chEstFilterNoDftSOfdmDispatchKernel<float, __half, float, (unsigned int)2>(ch_est::puschRxChEstStatDescr_t *, ch_est::puschRxChEstDynDescr_t *)"
6292835270,4992,450926,137,2,1,24,2,1,44,0.001,0.001,,,,,NVIDIA A100-SXM4-40GB MIG 4g.20gb (0),1,,13,"void ch_est::chEstFilterNoDftSOfdmDispatchKernel<float, __half, float, (unsigned int)2>(ch_est::puschRxChEstStatDescr_t *, ch_est::puschRxChEstDynDescr_t *)"
6292843430,2784,450937,103,1,1,128,1,1,16,0.000,0.000,,,,,NVIDIA A100-SXM4-40GB MIG 4g.20gb (0),1,,13,cupy_copy__complex64_complex64
6292851014,12928,450947,1434,1,1,128,1,1,16,0.000,0.000,,,,,NVIDIA A100-SXM4-40GB MIG 4g.20gb (0),1,,13,cupy_copy__complex64_complex64
6292866918,2944,450954,103,1,1,128,1,1,16,0.000,0.000,,,,,NVIDIA A100-SXM4-40GB MIG 4g.20gb (0),1,,13,cupy_copy__complex64_complex64
6292875270,89055,450961,1,1,1,32,32,1,30,0.000,0.000,,,,,NVIDIA A100-SXM4-40GB MIG 4g.20gb (0),1,,13,"void convert_kernel<__half2, float2>(tensor_layout_any, T1 *, tensor_layout_any, const T2 *)"
6292994788,14944,450964,,,,,,,,,,0.094,6269.762,Pinned,Device,NVIDIA A100-SXM4-40GB MIG 4g.20gb (0),1,,13,[CUDA memcpy Host-to-Device]
6293020932,46911,450965,,,,,,,,,,35.810,763324.255,Device,,NVIDIA A100-SXM4-40GB MIG 4g.20gb (0),1,,13,[CUDA memset]
6293069891,8000,450967,,,,,,,,,,0.000,10.000,Pinned,Device,NVIDIA A100-SXM4-40GB MIG 4g.20gb (0),1,,13,[CUDA memcpy Host-to-Device]
6293084547,22816,450968,,,,,,,,,,0.197,8616.935,Pinned,Device,NVIDIA A100-SXM4-40GB MIG 4g.20gb (0),1,,13,[CUDA memcpy Host-to-Device]
6293119331,9023,450969,273,1,1,48,1,1,40,0.000,0.001,,,,,NVIDIA A100-SXM4-40GB MIG 4g.20gb (0),1,,13,"void pusch_noise_intf_est::noiseIntfEstNoDftSOfdmKernel<float, __half, float, float, (unsigned int)2, (unsigned int)1, (unsigned char)4, (unsigned char)4>(pusch_noise_intf_est::puschRxNoiseIntfEstDynDescr)"
6293135554,2848,450980,35,1,1,128,1,1,16,0.000,0.000,,,,,NVIDIA A100-SXM4-40GB MIG 4g.20gb (0),1,,13,cupy_copy__complex64_complex64
6293141282,1760,450989,1,1,1,1,1,1,18,0.000,0.000,,,,,NVIDIA A100-SXM4-40GB MIG 4g.20gb (0),1,,13,cupy_copy__float32_float32
6293145474,3872,450995,,,,,,,,,,0.000,1.033,Device,Pageable,NVIDIA A100-SXM4-40GB MIG 4g.20gb (0),1,,7,[CUDA memcpy Device-to-Host]
6293210465,12704,451006,1434,1,1,128,1,1,16,0.000,0.000,,,,,NVIDIA A100-SXM4-40GB MIG 4g.20gb (0),1,,13,cupy_copy__complex64_complex64
6293236961,2688,451013,103,1,1,128,1,1,16,0.000,0.000,,,,,NVIDIA A100-SXM4-40GB MIG 4g.20gb (0),1,,13,cupy_copy__complex64_complex64
6293257601,2272,451020,35,1,1,128,1,1,16,0.000,0.000,,,,,NVIDIA A100-SXM4-40GB MIG 4g.20gb (0),1,,13,cupy_copy__complex64_complex64
6293280161,1984,451027,1,1,1,1,1,1,18,0.000,0.000,,,,,NVIDIA A100-SXM4-40GB MIG 4g.20gb (0),1,,13,cupy_copy__float32_float32
6293411263,82207,451038,1,1,1,32,32,1,30,0.000,0.000,,,,,NVIDIA A100-SXM4-40GB MIG 4g.20gb (0),1,,13,"void convert_kernel<__half2, float2>(tensor_layout_any, T1 *, tensor_layout_any, const T2 *)"
6293521278,5632,451041,,,,,,,,,,0.094,16636.287,Pinned,Device,NVIDIA A100-SXM4-40GB MIG 4g.20gb (0),1,,13,[CUDA memcpy Host-to-Device]
6293536349,3136,451042,,,,,,,,,,1.547,493182.821,Device,,NVIDIA A100-SXM4-40GB MIG 4g.20gb (0),1,,13,[CUDA memset]
6293542525,3168,451047,,,,,,,,,,0.031,9878.770,Pinned,Device,NVIDIA A100-SXM4-40GB MIG 4g.20gb (0),1,,13,[CUDA memcpy Host-to-Device]
6293548157,9888,451048,,,,,,,,,,0.197,19883.360,Pinned,Device,NVIDIA A100-SXM4-40GB MIG 4g.20gb (0),1,,13,[CUDA memcpy Host-to-Device]
6293563549,6336,451049,273,1,1,8,4,1,39,0.002,0.000,,,,,NVIDIA A100-SXM4-40GB MIG 4g.20gb (0),1,,13,"void channel_eq::eqMmseCoefCompLowMimoKernel<float, float, float, (unsigned int)4, (unsigned int)1, (unsigned int)4>(const channel_eq::_puschRxChEqStatDescr *, channel_eq::_puschRxChEqCoefCompDynDescr)"
6293571645,6144,451050,273,1,1,12,11,1,51,0.002,0.000,,,,,NVIDIA A100-SXM4-40GB MIG 4g.20gb (0),1,,13,"void channel_eq::eqMmseSoftDemapKernel<float, __half, __half, float, (unsigned int)4, (unsigned short)16383>(channel_eq::_puschRxChEqStatDescr *, channel_eq::_puschRxChEqSoftDemapDynDescr)"
6293578877,282908,451051,1,1,1,32,32,1,30,0.000,0.000,,,,,NVIDIA A100-SXM4-40GB MIG 4g.20gb (0),1,,13,"void convert_kernel<float2, __half2>(tensor_layout_any, T1 *, tensor_layout_any, const T2 *)"
6293865305,10848,451063,2253,1,1,128,1,1,16,0.000,0.000,,,,,NVIDIA A100-SXM4-40GB MIG 4g.20gb (0),1,,13,cupy_copy__float16_float16
6293878361,2976,451072,282,1,1,128,1,1,16,0.000,0.000,,,,,NVIDIA A100-SXM4-40GB MIG 4g.20gb (0),1,,13,cupy_copy__complex64_complex64
6293884953,2080,451081,26,1,1,128,1,1,16,0.000,0.000,,,,,NVIDIA A100-SXM4-40GB MIG 4g.20gb (0),1,,13,cupy_copy__float32_float32
6293890873,2880,451090,103,1,1,128,1,1,16,0.000,0.000,,,,,NVIDIA A100-SXM4-40GB MIG 4g.20gb (0),1,,13,cupy_copy__complex64_complex64
6293896633,11872,451100,1434,1,1,128,1,1,16,0.000,0.000,,,,,NVIDIA A100-SXM4-40GB MIG 4g.20gb (0),1,,13,cupy_copy__complex64_complex64
6293912601,87295,451105,1,1,1,32,32,1,30,0.000,0.000,,,,,NVIDIA A100-SXM4-40GB MIG 4g.20gb (0),1,,13,"void convert_kernel<__half2, float2>(tensor_layout_any, T1 *, tensor_layout_any, const T2 *)"
6294026935,5568,451108,,,,,,,,,,0.094,16827.521,Pinned,Device,NVIDIA A100-SXM4-40GB MIG 4g.20gb (0),1,,13,[CUDA memcpy Host-to-Device]
6294036631,597081,451109,,,,,,,,,,456.561,764283.851,Device,,NVIDIA A100-SXM4-40GB MIG 4g.20gb (0),1,,13,[CUDA memset]
6294636848,166622,451114,,,,,,,,,,1.235,7410.899,Pinned,Device,NVIDIA A100-SXM4-40GB MIG 4g.20gb (0),1,,13,[CUDA memcpy Host-to-Device]
6294815790,42175,451115,,,,,,,,,,0.197,4661.576,Pinned,Device,NVIDIA A100-SXM4-40GB MIG 4g.20gb (0),1,,13,[CUDA memcpy Host-to-Device]
6294876013,8128,451116,69,4,1,48,1,1,76,0.002,0.000,,,,,NVIDIA A100-SXM4-40GB MIG 4g.20gb (0),1,,13,"void ch_est::windowedChEstPreNoDftSOfdmKernel<float, __half, float, (unsigned int)2, (unsigned int)1, (unsigned short)4>(ch_est::puschRxChEstStatDescr_t *, ch_est::puschRxChEstDynDescr_t *)"
6294895597,6688,451117,137,2,1,24,2,1,44,0.001,0.001,,,,,NVIDIA A100-SXM4-40GB MIG 4g.20gb (0),1,,13,"void ch_est::chEstFilterNoDftSOfdmDispatchKernel<float, __half, float, (unsigned int)2>(ch_est::puschRxChEstStatDescr_t *, ch_est::puschRxChEstDynDescr_t *)"
6294913228,4736,451118,137,2,1,24,2,1,44,0.001,0.001,,,,,NVIDIA A100-SXM4-40GB MIG 4g.20gb (0),1,,13,"void ch_est::chEstFilterNoDftSOfdmDispatchKernel<float, __half, float, (unsigned int)2>(ch_est::puschRxChEstStatDescr_t *, ch_est::puschRxChEstDynDescr_t *)"
6294929516,2688,451129,103,1,1,128,1,1,16,0.000,0.000,,,,,NVIDIA A100-SXM4-40GB MIG 4g.20gb (0),1,,13,cupy_copy__complex64_complex64
6294942924,12352,451139,1434,1,1,128,1,1,16,0.000,0.000,,,,,NVIDIA A100-SXM4-40GB MIG 4g.20gb (0),1,,13,cupy_copy__complex64_complex64
6294977900,2496,451146,103,1,1,128,1,1,16,0.000,0.000,,,,,NVIDIA A100-SXM4-40GB MIG 4g.20gb (0),1,,13,cupy_copy__complex64_complex64
6294995243,84735,451153,1,1,1,32,32,1,30,0.000,0.000,,,,,NVIDIA A100-SXM4-40GB MIG 4g.20gb (0),1,,13,"void convert_kernel<__half2, float2>(tensor_layout_any, T1 *, tensor_layout_any, const T2 *)"
6295110346,13472,451156,,,,,,,,,,0.094,6954.867,Pinned,Device,NVIDIA A100-SXM4-40GB MIG 4g.20gb (0),1,,13,[CUDA memcpy Host-to-Device]
6295136490,47135,451157,,,,,,,,,,35.810,759707.453,Device,,NVIDIA A100-SXM4-40GB MIG 4g.20gb (0),1,,13,[CUDA memset]
6295186281,8192,451159,,,,,,,,,,0.000,9.766,Pinned,Device,NVIDIA A100-SXM4-40GB MIG 4g.20gb (0),1,,13,[CUDA memcpy Host-to-Device]
6295203625,14976,451160,,,,,,,,,,0.197,13128.106,Pinned,Device,NVIDIA A100-SXM4-40GB MIG 4g.20gb (0),1,,13,[CUDA memcpy Host-to-Device]
6295235784,9952,451161,273,1,1,48,1,1,40,0.000,0.001,,,,,NVIDIA A100-SXM4-40GB MIG 4g.20gb (0),1,,13,"void pusch_noise_intf_est::noiseIntfEstNoDftSOfdmKernel<float, __half, float, float, (unsigned int)2, (unsigned int)1, (unsigned char)4, (unsigned char)4>(pusch_noise_intf_est::puschRxNoiseIntfEstDynDescr)"
6295255560,2816,451172,35,1,1,128,1,1,16,0.000,0.000,,,,,NVIDIA A100-SXM4-40GB MIG 4g.20gb (0),1,,13,cupy_copy__complex64_complex64
6295266568,1760,451181,1,1,1,1,1,1,18,0.000,0.000,,,,,NVIDIA A100-SXM4-40GB MIG 4g.20gb (0),1,,13,cupy_copy__float32_float32
6295272168,2560,451187,,,,,,,,,,0.000,1.562,Device,Pageable,NVIDIA A100-SXM4-40GB MIG 4g.20gb (0),1,,7,[CUDA memcpy Device-to-Host]
6295355687,13280,451198,1434,1,1,128,1,1,16,0.000,0.000,,,,,NVIDIA A100-SXM4-40GB MIG 4g.20gb (0),1,,13,cupy_copy__complex64_complex64
6295383847,2944,451205,103,1,1,128,1,1,16,0.000,0.000,,,,,NVIDIA A100-SXM4-40GB MIG 4g.20gb (0),1,,13,cupy_copy__complex64_complex64
6295402630,2368,451212,35,1,1,128,1,1,16,0.000,0.000,,,,,NVIDIA A100-SXM4-40GB MIG 4g.20gb (0),1,,13,cupy_copy__complex64_complex64
6295421222,1856,451219,1,1,1,1,1,1,18,0.000,0.000,,,,,NVIDIA A100-SXM4-40GB MIG 4g.20gb (0),1,,13,cupy_copy__float32_float32
6295548741,81247,451230,1,1,1,32,32,1,30,0.000,0.000,,,,,NVIDIA A100-SXM4-40GB MIG 4g.20gb (0),1,,13,"void convert_kernel<__half2, float2>(tensor_layout_any, T1 *, tensor_layout_any, const T2 *)"
6295657955,5856,451233,,,,,,,,,,0.094,15999.997,Pinned,Device,NVIDIA A100-SXM4-40GB MIG 4g.20gb (0),1,,13,[CUDA memcpy Host-to-Device]
6295672643,3072,451234,,,,,,,,,,1.547,503457.044,Device,,NVIDIA A100-SXM4-40GB MIG 4g.20gb (0),1,,13,[CUDA memset]
6295679267,3008,451239,,,,,,,,,,0.031,10404.230,Pinned,Device,NVIDIA A100-SXM4-40GB MIG 4g.20gb (0),1,,13,[CUDA memcpy Host-to-Device]
6295685187,9568,451240,,,,,,,,,,0.197,20548.485,Pinned,Device,NVIDIA A100-SXM4-40GB MIG 4g.20gb (0),1,,13,[CUDA memcpy Host-to-Device]
6295700195,7616,451241,273,1,1,8,4,1,39,0.002,0.000,,,,,NVIDIA A100-SXM4-40GB MIG 4g.20gb (0),1,,13,"void channel_eq::eqMmseCoefCompLowMimoKernel<float, float, float, (unsigned int)4, (unsigned int)1, (unsigned int)4>(const channel_eq::_puschRxChEqStatDescr *, channel_eq::_puschRxChEqCoefCompDynDescr)"
6295708739,5856,451242,273,1,1,12,11,1,51,0.002,0.000,,,,,NVIDIA A100-SXM4-40GB MIG 4g.20gb (0),1,,13,"void channel_eq::eqMmseSoftDemapKernel<float, __half, __half, float, (unsigned int)4, (unsigned short)16383>(channel_eq::_puschRxChEqStatDescr *, channel_eq::_puschRxChEqSoftDemapDynDescr)"
6295715651,290044,451243,1,1,1,32,32,1,30,0.000,0.000,,,,,NVIDIA A100-SXM4-40GB MIG 4g.20gb (0),1,,13,"void convert_kernel<float2, __half2>(tensor_layout_any, T1 *, tensor_layout_any, const T2 *)"
6296008223,11008,451255,2253,1,1,128,1,1,16,0.000,0.000,,,,,NVIDIA A100-SXM4-40GB MIG 4g.20gb (0),1,,13,cupy_copy__float16_float16
6296022879,3808,451264,282,1,1,128,1,1,16,0.000,0.000,,,,,NVIDIA A100-SXM4-40GB MIG 4g.20gb (0),1,,13,cupy_copy__complex64_complex64
6296028767,2016,451273,26,1,1,128,1,1,16,0.000,0.000,,,,,NVIDIA A100-SXM4-40GB MIG 4g.20gb (0),1,,13,cupy_copy__float32_float32
6296032383,2880,451282,103,1,1,128,1,1,16,0.000,0.000,,,,,NVIDIA A100-SXM4-40GB MIG 4g.20gb (0),1,,13,cupy_copy__complex64_complex64
6296036319,11807,451292,1434,1,1,128,1,1,16,0.000,0.000,,,,,NVIDIA A100-SXM4-40GB MIG 4g.20gb (0),1,,13,cupy_copy__complex64_complex64
6296052286,80607,451297,1,1,1,32,32,1,30,0.000,0.000,,,,,NVIDIA A100-SXM4-40GB MIG 4g.20gb (0),1,,13,"void convert_kernel<__half2, float2>(tensor_layout_any, T1 *, tensor_layout_any, const T2 *)"
6296160253,5728,451300,,,,,,,,,,0.094,16357.541,Pinned,Device,NVIDIA A100-SXM4-40GB MIG 4g.20gb (0),1,,13,[CUDA memcpy Host-to-Device]
6296169981,596057,451301,,,,,,,,,,456.561,765653.535,Device,,NVIDIA A100-SXM4-40GB MIG 4g.20gb (0),1,,13,[CUDA memset]
6296772630,136030,451306,,,,,,,,,,1.235,9078.073,Pinned,Device,NVIDIA A100-SXM4-40GB MIG 4g.20gb (0),1,,13,[CUDA memcpy Host-to-Device]
6296917172,31295,451307,,,,,,,,,,0.197,6282.215,Pinned,Device,NVIDIA A100-SXM4-40GB MIG 4g.20gb (0),1,,13,[CUDA memcpy Host-to-Device]
6296965459,8192,451308,69,4,1,48,1,1,76,0.002,0.000,,,,,NVIDIA A100-SXM4-40GB MIG 4g.20gb (0),1,,13,"void ch_est::windowedChEstPreNoDftSOfdmKernel<float, __half, float, (unsigned int)2, (unsigned int)1, (unsigned short)4>(ch_est::puschRxChEstStatDescr_t *, ch_est::puschRxChEstDynDescr_t *)"
6296984467,6848,451309,137,2,1,24,2,1,44,0.001,0.001,,,,,NVIDIA A100-SXM4-40GB MIG 4g.20gb (0),1,,13,"void ch_est::chEstFilterNoDftSOfdmDispatchKernel<float, __half, float, (unsigned int)2>(ch_est::puschRxChEstStatDescr_t *, ch_est::puschRxChEstDynDescr_t *)"
6296997363,4800,451310,137,2,1,24,2,1,44,0.001,0.001,,,,,NVIDIA A100-SXM4-40GB MIG 4g.20gb (0),1,,13,"void ch_est::chEstFilterNoDftSOfdmDispatchKernel<float, __half, float, (unsigned int)2>(ch_est::puschRxChEstStatDescr_t *, ch_est::puschRxChEstDynDescr_t *)"
6297012435,2688,451321,103,1,1,128,1,1,16,0.000,0.000,,,,,NVIDIA A100-SXM4-40GB MIG 4g.20gb (0),1,,13,cupy_copy__complex64_complex64
6297025746,12640,451331,1434,1,1,128,1,1,16,0.000,0.000,,,,,NVIDIA A100-SXM4-40GB MIG 4g.20gb (0),1,,13,cupy_copy__complex64_complex64
6297060658,2624,451338,103,1,1,128,1,1,16,0.000,0.000,,,,,NVIDIA A100-SXM4-40GB MIG 4g.20gb (0),1,,13,cupy_copy__complex64_complex64
6297075058,85823,451345,1,1,1,32,32,1,30,0.000,0.000,,,,,NVIDIA A100-SXM4-40GB MIG 4g.20gb (0),1,,13,"void convert_kernel<__half2, float2>(tensor_layout_any, T1 *, tensor_layout_any, const T2 *)"
6297195408,20288,451348,,,,,,,,,,0.094,4618.276,Pinned,Device,NVIDIA A100-SXM4-40GB MIG 4g.20gb (0),1,,13,[CUDA memcpy Host-to-Device]
6297228368,47519,451349,,,,,,,,,,35.810,753583.956,Device,,NVIDIA A100-SXM4-40GB MIG 4g.20gb (0),1,,13,[CUDA memset]
6297279887,11488,451351,,,,,,,,,,0.000,6.964,Pinned,Device,NVIDIA A100-SXM4-40GB MIG 4g.20gb (0),1,,13,[CUDA memcpy Host-to-Device]
6297299727,24256,451352,,,,,,,,,,0.197,8105.361,Pinned,Device,NVIDIA A100-SXM4-40GB MIG 4g.20gb (0),1,,13,[CUDA memcpy Host-to-Device]
6297341551,9567,451353,273,1,1,48,1,1,40,0.000,0.001,,,,,NVIDIA A100-SXM4-40GB MIG 4g.20gb (0),1,,13,"void pusch_noise_intf_est::noiseIntfEstNoDftSOfdmKernel<float, __half, float, float, (unsigned int)2, (unsigned int)1, (unsigned char)4, (unsigned char)4>(pusch_noise_intf_est::puschRxNoiseIntfEstDynDescr)"
6297356238,3360,451364,35,1,1,128,1,1,16,0.000,0.000,,,,,NVIDIA A100-SXM4-40GB MIG 4g.20gb (0),1,,13,cupy_copy__complex64_complex64
6297364686,1856,451373,1,1,1,1,1,1,18,0.000,0.000,,,,,NVIDIA A100-SXM4-40GB MIG 4g.20gb (0),1,,13,cupy_copy__float32_float32
6297374414,3616,451379,,,,,,,,,,0.000,1.106,Device,Pageable,NVIDIA A100-SXM4-40GB MIG 4g.20gb (0),1,,7,[CUDA memcpy Device-to-Host]
6297452589,12928,451390,1434,1,1,128,1,1,16,0.000,0.000,,,,,NVIDIA A100-SXM4-40GB MIG 4g.20gb (0),1,,13,cupy_copy__complex64_complex64
6297481901,3424,451397,103,1,1,128,1,1,16,0.000,0.000,,,,,NVIDIA A100-SXM4-40GB MIG 4g.20gb (0),1,,13,cupy_copy__complex64_complex64
6297498253,2432,451404,35,1,1,128,1,1,16,0.000,0.000,,,,,NVIDIA A100-SXM4-40GB MIG 4g.20gb (0),1,,13,cupy_copy__complex64_complex64
6297519692,1888,451411,1,1,1,1,1,1,18,0.000,0.000,,,,,NVIDIA A100-SXM4-40GB MIG 4g.20gb (0),1,,13,cupy_copy__float32_float32
6297649899,92735,451422,1,1,1,32,32,1,30,0.000,0.000,,,,,NVIDIA A100-SXM4-40GB MIG 4g.20gb (0),1,,13,"void convert_kernel<__half2, float2>(tensor_layout_any, T1 *, tensor_layout_any, const T2 *)"
6297774217,12096,451425,,,,,,,,,,0.094,7745.942,Pinned,Device,NVIDIA A100-SXM4-40GB MIG 4g.20gb (0),1,,13,[CUDA memcpy Host-to-Device]
6297793097,3296,451426,,,,,,,,,,1.547,469242.628,Device,,NVIDIA A100-SXM4-40GB MIG 4g.20gb (0),1,,13,[CUDA memset]
6297801417,3392,451431,,,,,,,,,,0.031,9226.405,Pinned,Device,NVIDIA A100-SXM4-40GB MIG 4g.20gb (0),1,,13,[CUDA memcpy Host-to-Device]
6297807465,10528,451432,,,,,,,,,,0.197,18674.614,Pinned,Device,NVIDIA A100-SXM4-40GB MIG 4g.20gb (0),1,,13,[CUDA memcpy Host-to-Device]
6297825737,8095,451433,273,1,1,8,4,1,39,0.002,0.000,,,,,NVIDIA A100-SXM4-40GB MIG 4g.20gb (0),1,,13,"void channel_eq::eqMmseCoefCompLowMimoKernel<float, float, float, (unsigned int)4, (unsigned int)1, (unsigned int)4>(const channel_eq::_puschRxChEqStatDescr *, channel_eq::_puschRxChEqCoefCompDynDescr)"
6297836008,6240,451434,273,1,1,12,11,1,51,0.002,0.000,,,,,NVIDIA A100-SXM4-40GB MIG 4g.20gb (0),1,,13,"void channel_eq::eqMmseSoftDemapKernel<float, __half, __half, float, (unsigned int)4, (unsigned short)16383>(channel_eq::_puschRxChEqStatDescr *, channel_eq::_puschRxChEqSoftDemapDynDescr)"
6297844712,289693,451435,1,1,1,32,32,1,30,0.000,0.000,,,,,NVIDIA A100-SXM4-40GB MIG 4g.20gb (0),1,,13,"void convert_kernel<float2, __half2>(tensor_layout_any, T1 *, tensor_layout_any, const T2 *)"
6298136261,10944,451447,2253,1,1,128,1,1,16,0.000,0.000,,,,,NVIDIA A100-SXM4-40GB MIG 4g.20gb (0),1,,13,cupy_copy__float16_float16
6298150085,3903,451456,282,1,1,128,1,1,16,0.000,0.000,,,,,NVIDIA A100-SXM4-40GB MIG 4g.20gb (0),1,,13,cupy_copy__complex64_complex64
6298155204,2336,451465,26,1,1,128,1,1,16,0.000,0.000,,,,,NVIDIA A100-SXM4-40GB MIG 4g.20gb (0),1,,13,cupy_copy__float32_float32
6298159332,2944,451474,103,1,1,128,1,1,16,0.000,0.000,,,,,NVIDIA A100-SXM4-40GB MIG 4g.20gb (0),1,,13,cupy_copy__complex64_complex64
6298163396,12224,451484,1434,1,1,128,1,1,16,0.000,0.000,,,,,NVIDIA A100-SXM4-40GB MIG 4g.20gb (0),1,,13,cupy_copy__complex64_complex64
6298177796,82079,451489,1,1,1,32,32,1,30,0.000,0.000,,,,,NVIDIA A100-SXM4-40GB MIG 4g.20gb (0),1,,13,"void convert_kernel<__half2, float2>(tensor_layout_any, T1 *, tensor_layout_any, const T2 *)"
6298287043,5568,451492,,,,,,,,,,0.094,16827.521,Pinned,Device,NVIDIA A100-SXM4-40GB MIG 4g.20gb (0),1,,13,[CUDA memcpy Host-to-Device]
6298297411,596824,451493,,,,,,,,,,456.561,764740.412,Device,,NVIDIA A100-SXM4-40GB MIG 4g.20gb (0),1,,13,[CUDA memset]
6298897083,164478,451498,,,,,,,,,,1.235,7507.225,Pinned,Device,NVIDIA A100-SXM4-40GB MIG 4g.20gb (0),1,,13,[CUDA memcpy Host-to-Device]
6299075481,40576,451499,,,,,,,,,,0.197,4845.404,Pinned,Device,NVIDIA A100-SXM4-40GB MIG 4g.20gb (0),1,,13,[CUDA memcpy Host-to-Device]
6299133432,8064,451500,69,4,1,48,1,1,76,0.002,0.000,,,,,NVIDIA A100-SXM4-40GB MIG 4g.20gb (0),1,,13,"void ch_est::windowedChEstPreNoDftSOfdmKernel<float, __half, float, (unsigned int)2, (unsigned int)1, (unsigned short)4>(ch_est::puschRxChEstStatDescr_t *, ch_est::puschRxChEstDynDescr_t *)"
6299151128,6656,451501,137,2,1,24,2,1,44,0.001,0.001,,,,,NVIDIA A100-SXM4-40GB MIG 4g.20gb (0),1,,13,"void ch_est::chEstFilterNoDftSOfdmDispatchKernel<float, __half, float, (unsigned int)2>(ch_est::puschRxChEstStatDescr_t *, ch_est::puschRxChEstDynDescr_t *)"
6299168728,4768,451502,137,2,1,24,2,1,44,0.001,0.001,,,,,NVIDIA A100-SXM4-40GB MIG 4g.20gb (0),1,,13,"void ch_est::chEstFilterNoDftSOfdmDispatchKernel<float, __half, float, (unsigned int)2>(ch_est::puschRxChEstStatDescr_t *, ch_est::puschRxChEstDynDescr_t *)"
6299185336,2528,451513,103,1,1,128,1,1,16,0.000,0.000,,,,,NVIDIA A100-SXM4-40GB MIG 4g.20gb (0),1,,13,cupy_copy__complex64_complex64
6299204696,12415,451523,1434,1,1,128,1,1,16,0.000,0.000,,,,,NVIDIA A100-SXM4-40GB MIG 4g.20gb (0),1,,13,cupy_copy__complex64_complex64
6299223383,2912,451530,103,1,1,128,1,1,16,0.000,0.000,,,,,NVIDIA A100-SXM4-40GB MIG 4g.20gb (0),1,,13,cupy_copy__complex64_complex64
6299247799,87903,451537,1,1,1,32,32,1,30,0.000,0.000,,,,,NVIDIA A100-SXM4-40GB MIG 4g.20gb (0),1,,13,"void convert_kernel<__half2, float2>(tensor_layout_any, T1 *, tensor_layout_any, const T2 *)"
6299364790,21759,451540,,,,,,,,,,0.094,4305.987,Pinned,Device,NVIDIA A100-SXM4-40GB MIG 4g.20gb (0),1,,13,[CUDA memcpy Host-to-Device]
6299408181,47775,451541,,,,,,,,,,35.810,749537.436,Device,,NVIDIA A100-SXM4-40GB MIG 4g.20gb (0),1,,13,[CUDA memset]
6299458580,10464,451543,,,,,,,,,,0.000,7.645,Pinned,Device,NVIDIA A100-SXM4-40GB MIG 4g.20gb (0),1,,13,[CUDA memcpy Host-to-Device]
6299475380,17984,451544,,,,,,,,,,0.197,10932.191,Pinned,Device,NVIDIA A100-SXM4-40GB MIG 4g.20gb (0),1,,13,[CUDA memcpy Host-to-Device]
6299511156,9824,451545,273,1,1,48,1,1,40,0.000,0.001,,,,,NVIDIA A100-SXM4-40GB MIG 4g.20gb (0),1,,13,"void pusch_noise_intf_est::noiseIntfEstNoDftSOfdmKernel<float, __half, float, float, (unsigned int)2, (unsigned int)1, (unsigned char)4, (unsigned char)4>(pusch_noise_intf_est::puschRxNoiseIntfEstDynDescr)"
6299530516,2975,451556,35,1,1,128,1,1,16,0.000,0.000,,,,,NVIDIA A100-SXM4-40GB MIG 4g.20gb (0),1,,13,cupy_copy__complex64_complex64
6299544371,1856,451565,1,1,1,1,1,1,18,0.000,0.000,,,,,NVIDIA A100-SXM4-40GB MIG 4g.20gb (0),1,,13,cupy_copy__float32_float32
6299547027,5504,451571,,,,,,,,,,0.000,0.727,Device,Pageable,NVIDIA A100-SXM4-40GB MIG 4g.20gb (0),1,,7,[CUDA memcpy Device-to-Host]
6299625074,13280,451582,1434,1,1,128,1,1,16,0.000,0.000,,,,,NVIDIA A100-SXM4-40GB MIG 4g.20gb (0),1,,13,cupy_copy__complex64_complex64
6299655282,3424,451589,103,1,1,128,1,1,16,0.000,0.000,,,,,NVIDIA A100-SXM4-40GB MIG 4g.20gb (0),1,,13,cupy_copy__complex64_complex64
6299670418,2656,451596,35,1,1,128,1,1,16,0.000,0.000,,,,,NVIDIA A100-SXM4-40GB MIG 4g.20gb (0),1,,13,cupy_copy__complex64_complex64
6299688338,1856,451603,1,1,1,1,1,1,18,0.000,0.000,,,,,NVIDIA A100-SXM4-40GB MIG 4g.20gb (0),1,,13,cupy_copy__float32_float32
6299816432,83039,451614,1,1,1,32,32,1,30,0.000,0.000,,,,,NVIDIA A100-SXM4-40GB MIG 4g.20gb (0),1,,13,"void convert_kernel<__half2, float2>(tensor_layout_any, T1 *, tensor_layout_any, const T2 *)"
6299927471,6080,451617,,,,,,,,,,0.094,15410.462,Pinned,Device,NVIDIA A100-SXM4-40GB MIG 4g.20gb (0),1,,13,[CUDA memcpy Host-to-Device]
6299941582,3392,451618,,,,,,,,,,1.547,455961.768,Device,,NVIDIA A100-SXM4-40GB MIG 4g.20gb (0),1,,13,[CUDA memset]
6299948430,3296,451623,,,,,,,,,,0.031,9495.144,Pinned,Device,NVIDIA A100-SXM4-40GB MIG 4g.20gb (0),1,,13,[CUDA memcpy Host-to-Device]
6299954446,9568,451624,,,,,,,,,,0.197,20548.485,Pinned,Device,NVIDIA A100-SXM4-40GB MIG 4g.20gb (0),1,,13,[CUDA memcpy Host-to-Device]
6299968686,8384,451625,273,1,1,8,4,1,39,0.002,0.000,,,,,NVIDIA A100-SXM4-40GB MIG 4g.20gb (0),1,,13,"void channel_eq::eqMmseCoefCompLowMimoKernel<float, float, float, (unsigned int)4, (unsigned int)1, (unsigned int)4>(const channel_eq::_puschRxChEqStatDescr *, channel_eq::_puschRxChEqCoefCompDynDescr)"
6299978382,5952,451626,273,1,1,12,11,1,51,0.002,0.000,,,,,NVIDIA A100-SXM4-40GB MIG 4g.20gb (0),1,,13,"void channel_eq::eqMmseSoftDemapKernel<float, __half, __half, float, (unsigned int)4, (unsigned short)16383>(channel_eq::_puschRxChEqStatDescr *, channel_eq::_puschRxChEqSoftDemapDynDescr)"
6299985998,283164,451627,1,1,1,32,32,1,30,0.000,0.000,,,,,NVIDIA A100-SXM4-40GB MIG 4g.20gb (0),1,,13,"void convert_kernel<float2, __half2>(tensor_layout_any, T1 *, tensor_layout_any, const T2 *)"
6300270186,10880,451639,2253,1,1,128,1,1,16,0.000,0.000,,,,,NVIDIA A100-SXM4-40GB MIG 4g.20gb (0),1,,13,cupy_copy__float16_float16
6300283082,3168,451648,282,1,1,128,1,1,16,0.000,0.000,,,,,NVIDIA A100-SXM4-40GB MIG 4g.20gb (0),1,,13,cupy_copy__complex64_complex64
6300287498,2400,451657,26,1,1,128,1,1,16,0.000,0.000,,,,,NVIDIA A100-SXM4-40GB MIG 4g.20gb (0),1,,13,cupy_copy__float32_float32
6300291082,4640,451666,103,1,1,128,1,1,16,0.000,0.000,,,,,NVIDIA A100-SXM4-40GB MIG 4g.20gb (0),1,,13,cupy_copy__complex64_complex64
6300296714,12000,451676,1434,1,1,128,1,1,16,0.000,0.000,,,,,NVIDIA A100-SXM4-40GB MIG 4g.20gb (0),1,,13,cupy_copy__complex64_complex64
6300318986,90559,451681,1,1,1,32,32,1,30,0.000,0.000,,,,,NVIDIA A100-SXM4-40GB MIG 4g.20gb (0),1,,13,"void convert_kernel<__half2, float2>(tensor_layout_any, T1 *, tensor_layout_any, const T2 *)"
6300437032,5600,451684,,,,,,,,,,0.094,16731.388,Pinned,Device,NVIDIA A100-SXM4-40GB MIG 4g.20gb (0),1,,13,[CUDA memcpy Host-to-Device]
6300448008,594745,451685,,,,,,,,,,456.561,767479.781,Device,,NVIDIA A100-SXM4-40GB MIG 4g.20gb (0),1,,13,[CUDA memset]
6301051137,76511,451690,,,,,,,,,,1.235,16140.718,Pinned,Device,NVIDIA A100-SXM4-40GB MIG 4g.20gb (0),1,,13,[CUDA memcpy Host-to-Device]
6301134816,16800,451691,,,,,,,,,,0.197,11702.698,Pinned,Device,NVIDIA A100-SXM4-40GB MIG 4g.20gb (0),1,,13,[CUDA memcpy Host-to-Device]
6301161599,8576,451692,69,4,1,48,1,1,76,0.002,0.000,,,,,NVIDIA A100-SXM4-40GB MIG 4g.20gb (0),1,,13,"void ch_est::windowedChEstPreNoDftSOfdmKernel<float, __half, float, (unsigned int)2, (unsigned int)1, (unsigned short)4>(ch_est::puschRxChEstStatDescr_t *, ch_est::puschRxChEstDynDescr_t *)"
6301178239,6752,451693,137,2,1,24,2,1,44,0.001,0.001,,,,,NVIDIA A100-SXM4-40GB MIG 4g.20gb (0),1,,13,"void ch_est::chEstFilterNoDftSOfdmDispatchKernel<float, __half, float, (unsigned int)2>(ch_est::puschRxChEstStatDescr_t *, ch_est::puschRxChEstDynDescr_t *)"
6301193951,4992,451694,137,2,1,24,2,1,44,0.001,0.001,,,,,NVIDIA A100-SXM4-40GB MIG 4g.20gb (0),1,,13,"void ch_est::chEstFilterNoDftSOfdmDispatchKernel<float, __half, float, (unsigned int)2>(ch_est::puschRxChEstStatDescr_t *, ch_est::puschRxChEstDynDescr_t *)"
6301203423,3040,451705,103,1,1,128,1,1,16,0.000,0.000,,,,,NVIDIA A100-SXM4-40GB MIG 4g.20gb (0),1,,13,cupy_copy__complex64_complex64
6301211295,12864,451715,1434,1,1,128,1,1,16,0.000,0.000,,,,,NVIDIA A100-SXM4-40GB MIG 4g.20gb (0),1,,13,cupy_copy__complex64_complex64
6301227743,3040,451722,103,1,1,128,1,1,16,0.000,0.000,,,,,NVIDIA A100-SXM4-40GB MIG 4g.20gb (0),1,,13,cupy_copy__complex64_complex64
6301236798,88511,451729,1,1,1,32,32,1,30,0.000,0.000,,,,,NVIDIA A100-SXM4-40GB MIG 4g.20gb (0),1,,13,"void convert_kernel<__half2, float2>(tensor_layout_any, T1 *, tensor_layout_any, const T2 *)"
6301353821,13824,451732,,,,,,,,,,0.094,6777.688,Pinned,Device,NVIDIA A100-SXM4-40GB MIG 4g.20gb (0),1,,13,[CUDA memcpy Host-to-Device]
6301372541,47615,451733,,,,,,,,,,35.810,752044.130,Device,,NVIDIA A100-SXM4-40GB MIG 4g.20gb (0),1,,13,[CUDA memset]
6301423036,9056,451735,,,,,,,,,,0.000,8.834,Pinned,Device,NVIDIA A100-SXM4-40GB MIG 4g.20gb (0),1,,13,[CUDA memcpy Host-to-Device]
6301437244,20640,451736,,,,,,,,,,0.197,9525.461,Pinned,Device,NVIDIA A100-SXM4-40GB MIG 4g.20gb (0),1,,13,[CUDA memcpy Host-to-Device]
6301468412,9887,451737,273,1,1,48,1,1,40,0.000,0.001,,,,,NVIDIA A100-SXM4-40GB MIG 4g.20gb (0),1,,13,"void pusch_noise_intf_est::noiseIntfEstNoDftSOfdmKernel<float, __half, float, float, (unsigned int)2, (unsigned int)1, (unsigned char)4, (unsigned char)4>(pusch_noise_intf_est::puschRxNoiseIntfEstDynDescr)"
6301489115,2784,451748,35,1,1,128,1,1,16,0.000,0.000,,,,,NVIDIA A100-SXM4-40GB MIG 4g.20gb (0),1,,13,cupy_copy__complex64_complex64
6301499483,1728,451757,1,1,1,1,1,1,18,0.000,0.000,,,,,NVIDIA A100-SXM4-40GB MIG 4g.20gb (0),1,,13,cupy_copy__float32_float32
6301506939,5888,451763,,,,,,,,,,0.000,0.679,Device,Pageable,NVIDIA A100-SXM4-40GB MIG 4g.20gb (0),1,,7,[CUDA memcpy Device-to-Host]
6301591290,13312,451774,1434,1,1,128,1,1,16,0.000,0.000,,,,,NVIDIA A100-SXM4-40GB MIG 4g.20gb (0),1,,13,cupy_copy__complex64_complex64
6301610778,3392,451781,103,1,1,128,1,1,16,0.000,0.000,,,,,NVIDIA A100-SXM4-40GB MIG 4g.20gb (0),1,,13,cupy_copy__complex64_complex64
6301640153,2560,451788,35,1,1,128,1,1,16,0.000,0.000,,,,,NVIDIA A100-SXM4-40GB MIG 4g.20gb (0),1,,13,cupy_copy__complex64_complex64
6301651289,1888,451795,1,1,1,1,1,1,18,0.000,0.000,,,,,NVIDIA A100-SXM4-40GB MIG 4g.20gb (0),1,,13,cupy_copy__float32_float32
6301776472,81407,451806,1,1,1,32,32,1,30,0.000,0.000,,,,,NVIDIA A100-SXM4-40GB MIG 4g.20gb (0),1,,13,"void convert_kernel<__half2, float2>(tensor_layout_any, T1 *, tensor_layout_any, const T2 *)"
6301885590,5728,451809,,,,,,,,,,0.094,16357.541,Pinned,Device,NVIDIA A100-SXM4-40GB MIG 4g.20gb (0),1,,13,[CUDA memcpy Host-to-Device]
6301900214,3520,451810,,,,,,,,,,1.547,439380.412,Device,,NVIDIA A100-SXM4-40GB MIG 4g.20gb (0),1,,13,[CUDA memset]
6301905654,3680,451815,,,,,,,,,,0.031,8504.344,Pinned,Device,NVIDIA A100-SXM4-40GB MIG 4g.20gb (0),1,,13,[CUDA memcpy Host-to-Device]
6301911766,9600,451816,,,,,,,,,,0.197,20479.869,Pinned,Device,NVIDIA A100-SXM4-40GB MIG 4g.20gb (0),1,,13,[CUDA memcpy Host-to-Device]
6301925974,6784,451817,273,1,1,8,4,1,39,0.002,0.000,,,,,NVIDIA A100-SXM4-40GB MIG 4g.20gb (0),1,,13,"void channel_eq::eqMmseCoefCompLowMimoKernel<float, float, float, (unsigned int)4, (unsigned int)1, (unsigned int)4>(const channel_eq::_puschRxChEqStatDescr *, channel_eq::_puschRxChEqCoefCompDynDescr)"
6301933878,5728,451818,273,1,1,12,11,1,51,0.002,0.000,,,,,NVIDIA A100-SXM4-40GB MIG 4g.20gb (0),1,,13,"void channel_eq::eqMmseSoftDemapKernel<float, __half, __half, float, (unsigned int)4, (unsigned short)16383>(channel_eq::_puschRxChEqStatDescr *, channel_eq::_puschRxChEqSoftDemapDynDescr)"
6301940630,283004,451819,1,1,1,32,32,1,30,0.000,0.000,,,,,NVIDIA A100-SXM4-40GB MIG 4g.20gb (0),1,,13,"void convert_kernel<float2, __half2>(tensor_layout_any, T1 *, tensor_layout_any, const T2 *)"
6302224658,10880,451831,2253,1,1,128,1,1,16,0.000,0.000,,,,,NVIDIA A100-SXM4-40GB MIG 4g.20gb (0),1,,13,cupy_copy__float16_float16
6302240530,3072,451840,282,1,1,128,1,1,16,0.000,0.000,,,,,NVIDIA A100-SXM4-40GB MIG 4g.20gb (0),1,,13,cupy_copy__complex64_complex64
6302245746,2016,451849,26,1,1,128,1,1,16,0.000,0.000,,,,,NVIDIA A100-SXM4-40GB MIG 4g.20gb (0),1,,13,cupy_copy__float32_float32
6302251154,4608,451858,103,1,1,128,1,1,16,0.000,0.000,,,,,NVIDIA A100-SXM4-40GB MIG 4g.20gb (0),1,,13,cupy_copy__complex64_complex64
6302258962,12416,451868,1434,1,1,128,1,1,16,0.000,0.000,,,,,NVIDIA A100-SXM4-40GB MIG 4g.20gb (0),1,,13,cupy_copy__complex64_complex64
6302276722,81599,451873,1,1,1,32,32,1,30,0.000,0.000,,,,,NVIDIA A100-SXM4-40GB MIG 4g.20gb (0),1,,13,"void convert_kernel<__half2, float2>(tensor_layout_any, T1 *, tensor_layout_any, const T2 *)"
6302385456,5472,451876,,,,,,,,,,0.094,17122.757,Pinned,Device,NVIDIA A100-SXM4-40GB MIG 4g.20gb (0),1,,13,[CUDA memcpy Host-to-Device]
6302395632,597657,451877,,,,,,,,,,456.561,763827.289,Device,,NVIDIA A100-SXM4-40GB MIG 4g.20gb (0),1,,13,[CUDA memset]
6303001545,129150,451882,,,,,,,,,,1.235,9560.936,Pinned,Device,NVIDIA A100-SXM4-40GB MIG 4g.20gb (0),1,,13,[CUDA memcpy Host-to-Device]
6303138567,21696,451883,,,,,,,,,,0.197,9061.859,Pinned,Device,NVIDIA A100-SXM4-40GB MIG 4g.20gb (0),1,,13,[CUDA memcpy Host-to-Device]
6303170311,8351,451884,69,4,1,48,1,1,76,0.002,0.000,,,,,NVIDIA A100-SXM4-40GB MIG 4g.20gb (0),1,,13,"void ch_est::windowedChEstPreNoDftSOfdmKernel<float, __half, float, (unsigned int)2, (unsigned int)1, (unsigned short)4>(ch_est::puschRxChEstStatDescr_t *, ch_est::puschRxChEstDynDescr_t *)"
6303182662,6880,451885,137,2,1,24,2,1,44,0.001,0.001,,,,,NVIDIA A100-SXM4-40GB MIG 4g.20gb (0),1,,13,"void ch_est::chEstFilterNoDftSOfdmDispatchKernel<float, __half, float, (unsigned int)2>(ch_est::puschRxChEstStatDescr_t *, ch_est::puschRxChEstDynDescr_t *)"
6303191782,5408,451886,137,2,1,24,2,1,44,0.001,0.001,,,,,NVIDIA A100-SXM4-40GB MIG 4g.20gb (0),1,,13,"void ch_est::chEstFilterNoDftSOfdmDispatchKernel<float, __half, float, (unsigned int)2>(ch_est::puschRxChEstStatDescr_t *, ch_est::puschRxChEstDynDescr_t *)"
6303201414,2848,451897,103,1,1,128,1,1,16,0.000,0.000,,,,,NVIDIA A100-SXM4-40GB MIG 4g.20gb (0),1,,13,cupy_copy__complex64_complex64
6303207942,12480,451907,1434,1,1,128,1,1,16,0.000,0.000,,,,,NVIDIA A100-SXM4-40GB MIG 4g.20gb (0),1,,13,cupy_copy__complex64_complex64
6303222374,2432,451914,103,1,1,128,1,1,16,0.000,0.000,,,,,NVIDIA A100-SXM4-40GB MIG 4g.20gb (0),1,,13,cupy_copy__complex64_complex64
6303227014,87871,451921,1,1,1,32,32,1,30,0.000,0.000,,,,,NVIDIA A100-SXM4-40GB MIG 4g.20gb (0),1,,13,"void convert_kernel<__half2, float2>(tensor_layout_any, T1 *, tensor_layout_any, const T2 *)"
6303343396,5792,451924,,,,,,,,,,0.094,16176.708,Pinned,Device,NVIDIA A100-SXM4-40GB MIG 4g.20gb (0),1,,13,[CUDA memcpy Host-to-Device]
6303356100,47264,451925,,,,,,,,,,35.810,757630.477,Device,,NVIDIA A100-SXM4-40GB MIG 4g.20gb (0),1,,13,[CUDA memset]
6303408772,3648,451927,,,,,,,,,,0.000,21.930,Pinned,Device,NVIDIA A100-SXM4-40GB MIG 4g.20gb (0),1,,13,[CUDA memcpy Host-to-Device]
6303416580,14015,451928,,,,,,,,,,0.197,14028.374,Pinned,Device,NVIDIA A100-SXM4-40GB MIG 4g.20gb (0),1,,13,[CUDA memcpy Host-to-Device]
6303439267,11008,451929,273,1,1,48,1,1,40,0.000,0.001,,,,,NVIDIA A100-SXM4-40GB MIG 4g.20gb (0),1,,13,"void pusch_noise_intf_est::noiseIntfEstNoDftSOfdmKernel<float, __half, float, float, (unsigned int)2, (unsigned int)1, (unsigned char)4, (unsigned char)4>(pusch_noise_intf_est::puschRxNoiseIntfEstDynDescr)"
6303456579,3008,451940,35,1,1,128,1,1,16,0.000,0.000,,,,,NVIDIA A100-SXM4-40GB MIG 4g.20gb (0),1,,13,cupy_copy__complex64_complex64
6303470371,2048,451949,1,1,1,1,1,1,18,0.000,0.000,,,,,NVIDIA A100-SXM4-40GB MIG 4g.20gb (0),1,,13,cupy_copy__float32_float32
6303500803,1951,451955,,,,,,,,,,0.000,2.050,Device,Pageable,NVIDIA A100-SXM4-40GB MIG 4g.20gb (0),1,,7,[CUDA memcpy Device-to-Host]
6303560802,12736,451966,1434,1,1,128,1,1,16,0.000,0.000,,,,,NVIDIA A100-SXM4-40GB MIG 4g.20gb (0),1,,13,cupy_copy__complex64_complex64
6303589761,2624,451973,103,1,1,128,1,1,16,0.000,0.000,,,,,NVIDIA A100-SXM4-40GB MIG 4g.20gb (0),1,,13,cupy_copy__complex64_complex64
6303609281,2816,451980,35,1,1,128,1,1,16,0.000,0.000,,,,,NVIDIA A100-SXM4-40GB MIG 4g.20gb (0),1,,13,cupy_copy__complex64_complex64
6303625601,1792,451987,1,1,1,1,1,1,18,0.000,0.000,,,,,NVIDIA A100-SXM4-40GB MIG 4g.20gb (0),1,,13,cupy_copy__float32_float32
6303757215,81055,451998,1,1,1,32,32,1,30,0.000,0.000,,,,,NVIDIA A100-SXM4-40GB MIG 4g.20gb (0),1,,13,"void convert_kernel<__half2, float2>(tensor_layout_any, T1 *, tensor_layout_any, const T2 *)"
6303865566,5952,452001,,,,,,,,,,0.094,15741.865,Pinned,Device,NVIDIA A100-SXM4-40GB MIG 4g.20gb (0),1,,13,[CUDA memcpy Host-to-Device]
6303880350,3200,452002,,,,,,,,,,1.547,483320.000,Device,,NVIDIA A100-SXM4-40GB MIG 4g.20gb (0),1,,13,[CUDA memset]
6303886750,3456,452007,,,,,,,,,,0.031,9055.529,Pinned,Device,NVIDIA A100-SXM4-40GB MIG 4g.20gb (0),1,,13,[CUDA memcpy Host-to-Device]
6303892638,9632,452008,,,,,,,,,,0.197,20411.843,Pinned,Device,NVIDIA A100-SXM4-40GB MIG 4g.20gb (0),1,,13,[CUDA memcpy Host-to-Device]
6303906334,6303,452009,273,1,1,8,4,1,39,0.002,0.000,,,,,NVIDIA A100-SXM4-40GB MIG 4g.20gb (0),1,,13,"void channel_eq::eqMmseCoefCompLowMimoKernel<float, float, float, (unsigned int)4, (unsigned int)1, (unsigned int)4>(const channel_eq::_puschRxChEqStatDescr *, channel_eq::_puschRxChEqCoefCompDynDescr)"
6303913693,6176,452010,273,1,1,12,11,1,51,0.002,0.000,,,,,NVIDIA A100-SXM4-40GB MIG 4g.20gb (0),1,,13,"void channel_eq::eqMmseSoftDemapKernel<float, __half, __half, float, (unsigned int)4, (unsigned short)16383>(channel_eq::_puschRxChEqStatDescr *, channel_eq::_puschRxChEqSoftDemapDynDescr)"
6303920957,282013,452011,1,1,1,32,32,1,30,0.000,0.000,,,,,NVIDIA A100-SXM4-40GB MIG 4g.20gb (0),1,,13,"void convert_kernel<float2, __half2>(tensor_layout_any, T1 *, tensor_layout_any, const T2 *)"
6304206682,11008,452023,2253,1,1,128,1,1,16,0.000,0.000,,,,,NVIDIA A100-SXM4-40GB MIG 4g.20gb (0),1,,13,cupy_copy__float16_float16
6304219674,3648,452032,282,1,1,128,1,1,16,0.000,0.000,,,,,NVIDIA A100-SXM4-40GB MIG 4g.20gb (0),1,,13,cupy_copy__complex64_complex64
6304226426,2304,452041,26,1,1,128,1,1,16,0.000,0.000,,,,,NVIDIA A100-SXM4-40GB MIG 4g.20gb (0),1,,13,cupy_copy__float32_float32
6304231258,3167,452050,103,1,1,128,1,1,16,0.000,0.000,,,,,NVIDIA A100-SXM4-40GB MIG 4g.20gb (0),1,,13,cupy_copy__complex64_complex64
6304283673,12192,452066,1434,1,1,128,1,1,16,0.000,0.000,,,,,NVIDIA A100-SXM4-40GB MIG 4g.20gb (0),1,,13,cupy_copy__complex64_complex64
6304399639,81823,452071,1,1,1,32,32,1,30,0.000,0.000,,,,,NVIDIA A100-SXM4-40GB MIG 4g.20gb (0),1,,13,"void convert_kernel<__half2, float2>(tensor_layout_any, T1 *, tensor_layout_any, const T2 *)"
6304508758,5920,452074,,,,,,,,,,0.094,15826.941,Pinned,Device,NVIDIA A100-SXM4-40GB MIG 4g.20gb (0),1,,13,[CUDA memcpy Host-to-Device]
6304520278,597753,452075,,,,,,,,,,456.561,763370.728,Device,,NVIDIA A100-SXM4-40GB MIG 4g.20gb (0),1,,13,[CUDA memset]
6305127342,165182,452080,,,,,,,,,,1.235,7475.116,Pinned,Device,NVIDIA A100-SXM4-40GB MIG 4g.20gb (0),1,,13,[CUDA memcpy Host-to-Device]
6305303532,31840,452081,,,,,,,,,,0.197,6174.867,Pinned,Device,NVIDIA A100-SXM4-40GB MIG 4g.20gb (0),1,,13,[CUDA memcpy Host-to-Device]
6305353100,8512,452082,69,4,1,48,1,1,76,0.002,0.000,,,,,NVIDIA A100-SXM4-40GB MIG 4g.20gb (0),1,,13,"void ch_est::windowedChEstPreNoDftSOfdmKernel<float, __half, float, (unsigned int)2, (unsigned int)1, (unsigned short)4>(ch_est::puschRxChEstStatDescr_t *, ch_est::puschRxChEstDynDescr_t *)"
6305369835,6624,452083,137,2,1,24,2,1,44,0.001,0.001,,,,,NVIDIA A100-SXM4-40GB MIG 4g.20gb (0),1,,13,"void ch_est::chEstFilterNoDftSOfdmDispatchKernel<float, __half, float, (unsigned int)2>(ch_est::puschRxChEstStatDescr_t *, ch_est::puschRxChEstDynDescr_t *)"
6305382379,5184,452084,137,2,1,24,2,1,44,0.001,0.001,,,,,NVIDIA A100-SXM4-40GB MIG 4g.20gb (0),1,,13,"void ch_est::chEstFilterNoDftSOfdmDispatchKernel<float, __half, float, (unsigned int)2>(ch_est::puschRxChEstStatDescr_t *, ch_est::puschRxChEstDynDescr_t *)"
6305393483,2720,452095,103,1,1,128,1,1,16,0.000,0.000,,,,,NVIDIA A100-SXM4-40GB MIG 4g.20gb (0),1,,13,cupy_copy__complex64_complex64
6305398571,12288,452105,1434,1,1,128,1,1,16,0.000,0.000,,,,,NVIDIA A100-SXM4-40GB MIG 4g.20gb (0),1,,13,cupy_copy__complex64_complex64
6305412491,2528,452112,103,1,1,128,1,1,16,0.000,0.000,,,,,NVIDIA A100-SXM4-40GB MIG 4g.20gb (0),1,,13,cupy_copy__complex64_complex64
6305417035,82399,452119,1,1,1,32,32,1,30,0.000,0.000,,,,,NVIDIA A100-SXM4-40GB MIG 4g.20gb (0),1,,13,"void convert_kernel<__half2, float2>(tensor_layout_any, T1 *, tensor_layout_any, const T2 *)"
6305526442,5375,452122,,,,,,,,,,0.094,17431.766,Pinned,Device,NVIDIA A100-SXM4-40GB MIG 4g.20gb (0),1,,13,[CUDA memcpy Host-to-Device]
6305538537,47712,452123,,,,,,,,,,35.810,750540.113,Device,,NVIDIA A100-SXM4-40GB MIG 4g.20gb (0),1,,13,[CUDA memset]
6305590889,5344,452125,,,,,,,,,,0.000,14.970,Pinned,Device,NVIDIA A100-SXM4-40GB MIG 4g.20gb (0),1,,13,[CUDA memcpy Host-to-Device]
6305601129,13855,452126,,,,,,,,,,0.197,14190.379,Pinned,Device,NVIDIA A100-SXM4-40GB MIG 4g.20gb (0),1,,13,[CUDA memcpy Host-to-Device]
6305621544,10240,452127,273,1,1,48,1,1,40,0.000,0.001,,,,,NVIDIA A100-SXM4-40GB MIG 4g.20gb (0),1,,13,"void pusch_noise_intf_est::noiseIntfEstNoDftSOfdmKernel<float, __half, float, float, (unsigned int)2, (unsigned int)1, (unsigned char)4, (unsigned char)4>(pusch_noise_intf_est::puschRxNoiseIntfEstDynDescr)"
6305634312,2880,452138,35,1,1,128,1,1,16,0.000,0.000,,,,,NVIDIA A100-SXM4-40GB MIG 4g.20gb (0),1,,13,cupy_copy__complex64_complex64
6305650280,1760,452147,1,1,1,1,1,1,18,0.000,0.000,,,,,NVIDIA A100-SXM4-40GB MIG 4g.20gb (0),1,,13,cupy_copy__float32_float32
6305682824,1568,452153,,,,,,,,,,0.000,2.551,Device,Pageable,NVIDIA A100-SXM4-40GB MIG 4g.20gb (0),1,,7,[CUDA memcpy Device-to-Host]
6305743335,13248,452164,1434,1,1,128,1,1,16,0.000,0.000,,,,,NVIDIA A100-SXM4-40GB MIG 4g.20gb (0),1,,13,cupy_copy__complex64_complex64
6305771303,2655,452171,103,1,1,128,1,1,16,0.000,0.000,,,,,NVIDIA A100-SXM4-40GB MIG 4g.20gb (0),1,,13,cupy_copy__complex64_complex64
6305789990,2304,452178,35,1,1,128,1,1,16,0.000,0.000,,,,,NVIDIA A100-SXM4-40GB MIG 4g.20gb (0),1,,13,cupy_copy__complex64_complex64
6305807846,1760,452185,1,1,1,1,1,1,18,0.000,0.000,,,,,NVIDIA A100-SXM4-40GB MIG 4g.20gb (0),1,,13,cupy_copy__float32_float32
6305939300,85471,452196,1,1,1,32,32,1,30,0.000,0.000,,,,,NVIDIA A100-SXM4-40GB MIG 4g.20gb (0),1,,13,"void convert_kernel<__half2, float2>(tensor_layout_any, T1 *, tensor_layout_any, const T2 *)"
6306052003,5856,452199,,,,,,,,,,0.094,15999.997,Pinned,Device,NVIDIA A100-SXM4-40GB MIG 4g.20gb (0),1,,13,[CUDA memcpy Host-to-Device]
6306066787,3552,452200,,,,,,,,,,1.547,435422.601,Device,,NVIDIA A100-SXM4-40GB MIG 4g.20gb (0),1,,13,[CUDA memset]
6306073315,3072,452205,,,,,,,,,,0.031,10187.474,Pinned,Device,NVIDIA A100-SXM4-40GB MIG 4g.20gb (0),1,,13,[CUDA memcpy Host-to-Device]
6306078979,9920,452206,,,,,,,,,,0.197,19819.266,Pinned,Device,NVIDIA A100-SXM4-40GB MIG 4g.20gb (0),1,,13,[CUDA memcpy Host-to-Device]
6306093347,8351,452207,273,1,1,8,4,1,39,0.002,0.000,,,,,NVIDIA A100-SXM4-40GB MIG 4g.20gb (0),1,,13,"void channel_eq::eqMmseCoefCompLowMimoKernel<float, float, float, (unsigned int)4, (unsigned int)1, (unsigned int)4>(const channel_eq::_puschRxChEqStatDescr *, channel_eq::_puschRxChEqCoefCompDynDescr)"
6306103810,8192,452208,273,1,1,12,11,1,51,0.002,0.000,,,,,NVIDIA A100-SXM4-40GB MIG 4g.20gb (0),1,,13,"void channel_eq::eqMmseSoftDemapKernel<float, __half, __half, float, (unsigned int)4, (unsigned short)16383>(channel_eq::_puschRxChEqStatDescr *, channel_eq::_puschRxChEqSoftDemapDynDescr)"
6306113154,282941,452209,1,1,1,32,32,1,30,0.000,0.000,,,,,NVIDIA A100-SXM4-40GB MIG 4g.20gb (0),1,,13,"void convert_kernel<float2, __half2>(tensor_layout_any, T1 *, tensor_layout_any, const T2 *)"
6306397023,10976,452221,2253,1,1,128,1,1,16,0.000,0.000,,,,,NVIDIA A100-SXM4-40GB MIG 4g.20gb (0),1,,13,cupy_copy__float16_float16
6306411103,3712,452230,282,1,1,128,1,1,16,0.000,0.000,,,,,NVIDIA A100-SXM4-40GB MIG 4g.20gb (0),1,,13,cupy_copy__complex64_complex64
6306417983,2079,452239,26,1,1,128,1,1,16,0.000,0.000,,,,,NVIDIA A100-SXM4-40GB MIG 4g.20gb (0),1,,13,cupy_copy__float32_float32
6306421278,4352,452248,103,1,1,128,1,1,16,0.000,0.000,,,,,NVIDIA A100-SXM4-40GB MIG 4g.20gb (0),1,,13,cupy_copy__complex64_complex64
6306428414,12000,452258,1434,1,1,128,1,1,16,0.000,0.000,,,,,NVIDIA A100-SXM4-40GB MIG 4g.20gb (0),1,,13,cupy_copy__complex64_complex64
6306447070,87775,452263,1,1,1,32,32,1,30,0.000,0.000,,,,,NVIDIA A100-SXM4-40GB MIG 4g.20gb (0),1,,13,"void convert_kernel<__half2, float2>(tensor_layout_any, T1 *, tensor_layout_any, const T2 *)"
6306562173,5376,452266,,,,,,,,,,0.094,17428.487,Pinned,Device,NVIDIA A100-SXM4-40GB MIG 4g.20gb (0),1,,13,[CUDA memcpy Host-to-Device]
6306572861,596920,452267,,,,,,,,,,456.561,764740.412,Device,,NVIDIA A100-SXM4-40GB MIG 4g.20gb (0),1,,13,[CUDA memset]
6307177365,147038,452272,,,,,,,,,,1.235,8397.619,Pinned,Device,NVIDIA A100-SXM4-40GB MIG 4g.20gb (0),1,,13,[CUDA memcpy Host-to-Device]
6307335059,41760,452273,,,,,,,,,,0.197,4707.975,Pinned,Device,NVIDIA A100-SXM4-40GB MIG 4g.20gb (0),1,,13,[CUDA memcpy Host-to-Device]
6307404850,8224,452274,69,4,1,48,1,1,76,0.002,0.000,,,,,NVIDIA A100-SXM4-40GB MIG 4g.20gb (0),1,,13,"void ch_est::windowedChEstPreNoDftSOfdmKernel<float, __half, float, (unsigned int)2, (unsigned int)1, (unsigned short)4>(ch_est::puschRxChEstStatDescr_t *, ch_est::puschRxChEstDynDescr_t *)"
6307422834,6624,452275,137,2,1,24,2,1,44,0.001,0.001,,,,,NVIDIA A100-SXM4-40GB MIG 4g.20gb (0),1,,13,"void ch_est::chEstFilterNoDftSOfdmDispatchKernel<float, __half, float, (unsigned int)2>(ch_est::puschRxChEstStatDescr_t *, ch_est::puschRxChEstDynDescr_t *)"
6307440114,4672,452276,137,2,1,24,2,1,44,0.001,0.001,,,,,NVIDIA A100-SXM4-40GB MIG 4g.20gb (0),1,,13,"void ch_est::chEstFilterNoDftSOfdmDispatchKernel<float, __half, float, (unsigned int)2>(ch_est::puschRxChEstStatDescr_t *, ch_est::puschRxChEstDynDescr_t *)"
6307456850,2528,452287,103,1,1,128,1,1,16,0.000,0.000,,,,,NVIDIA A100-SXM4-40GB MIG 4g.20gb (0),1,,13,cupy_copy__complex64_complex64
6307476241,12288,452297,1434,1,1,128,1,1,16,0.000,0.000,,,,,NVIDIA A100-SXM4-40GB MIG 4g.20gb (0),1,,13,cupy_copy__complex64_complex64
6307494513,2912,452304,103,1,1,128,1,1,16,0.000,0.000,,,,,NVIDIA A100-SXM4-40GB MIG 4g.20gb (0),1,,13,cupy_copy__complex64_complex64
6307519153,84991,452311,1,1,1,32,32,1,30,0.000,0.000,,,,,NVIDIA A100-SXM4-40GB MIG 4g.20gb (0),1,,13,"void convert_kernel<__half2, float2>(tensor_layout_any, T1 *, tensor_layout_any, const T2 *)"
6307635663,12992,452314,,,,,,,,,,0.094,7211.781,Pinned,Device,NVIDIA A100-SXM4-40GB MIG 4g.20gb (0),1,,13,[CUDA memcpy Host-to-Device]
6307657103,47968,452315,,,,,,,,,,35.810,746529.402,Device,,NVIDIA A100-SXM4-40GB MIG 4g.20gb (0),1,,13,[CUDA memset]
6307710863,4320,452317,,,,,,,,,,0.000,18.518,Pinned,Device,NVIDIA A100-SXM4-40GB MIG 4g.20gb (0),1,,13,[CUDA memcpy Host-to-Device]
6307721742,14560,452318,,,,,,,,,,0.197,13503.234,Pinned,Device,NVIDIA A100-SXM4-40GB MIG 4g.20gb (0),1,,13,[CUDA memcpy Host-to-Device]
6307745742,11360,452319,273,1,1,48,1,1,40,0.000,0.001,,,,,NVIDIA A100-SXM4-40GB MIG 4g.20gb (0),1,,13,"void pusch_noise_intf_est::noiseIntfEstNoDftSOfdmKernel<float, __half, float, float, (unsigned int)2, (unsigned int)1, (unsigned char)4, (unsigned char)4>(pusch_noise_intf_est::puschRxNoiseIntfEstDynDescr)"
6307760558,2912,452330,35,1,1,128,1,1,16,0.000,0.000,,,,,NVIDIA A100-SXM4-40GB MIG 4g.20gb (0),1,,13,cupy_copy__complex64_complex64
6307765774,1856,452339,1,1,1,1,1,1,18,0.000,0.000,,,,,NVIDIA A100-SXM4-40GB MIG 4g.20gb (0),1,,13,cupy_copy__float32_float32
6307788398,1760,452345,,,,,,,,,,0.000,2.273,Device,Pageable,NVIDIA A100-SXM4-40GB MIG 4g.20gb (0),1,,7,[CUDA memcpy Device-to-Host]
6307848365,12928,452356,1434,1,1,128,1,1,16,0.000,0.000,,,,,NVIDIA A100-SXM4-40GB MIG 4g.20gb (0),1,,13,cupy_copy__complex64_complex64
6307874061,3456,452363,103,1,1,128,1,1,16,0.000,0.000,,,,,NVIDIA A100-SXM4-40GB MIG 4g.20gb (0),1,,13,cupy_copy__complex64_complex64
6307895180,2464,452370,35,1,1,128,1,1,16,0.000,0.000,,,,,NVIDIA A100-SXM4-40GB MIG 4g.20gb (0),1,,13,cupy_copy__complex64_complex64
6307913196,1760,452377,1,1,1,1,1,1,18,0.000,0.000,,,,,NVIDIA A100-SXM4-40GB MIG 4g.20gb (0),1,,13,cupy_copy__float32_float32
6308047370,82719,452388,1,1,1,32,32,1,30,0.000,0.000,,,,,NVIDIA A100-SXM4-40GB MIG 4g.20gb (0),1,,13,"void convert_kernel<__half2, float2>(tensor_layout_any, T1 *, tensor_layout_any, const T2 *)"
6308157705,5920,452391,,,,,,,,,,0.094,15826.941,Pinned,Device,NVIDIA A100-SXM4-40GB MIG 4g.20gb (0),1,,13,[CUDA memcpy Host-to-Device]
6308172905,3296,452392,,,,,,,,,,1.547,469242.628,Device,,NVIDIA A100-SXM4-40GB MIG 4g.20gb (0),1,,13,[CUDA memset]
6308178537,3328,452397,,,,,,,,,,0.031,9403.822,Pinned,Device,NVIDIA A100-SXM4-40GB MIG 4g.20gb (0),1,,13,[CUDA memcpy Host-to-Device]
6308184265,9888,452398,,,,,,,,,,0.197,19883.360,Pinned,Device,NVIDIA A100-SXM4-40GB MIG 4g.20gb (0),1,,13,[CUDA memcpy Host-to-Device]
6308199401,6175,452399,273,1,1,8,4,1,39,0.002,0.000,,,,,NVIDIA A100-SXM4-40GB MIG 4g.20gb (0),1,,13,"void channel_eq::eqMmseCoefCompLowMimoKernel<float, float, float, (unsigned int)4, (unsigned int)1, (unsigned int)4>(const channel_eq::_puschRxChEqStatDescr *, channel_eq::_puschRxChEqCoefCompDynDescr)"
6308208968,6176,452400,273,1,1,12,11,1,51,0.002,0.000,,,,,NVIDIA A100-SXM4-40GB MIG 4g.20gb (0),1,,13,"void channel_eq::eqMmseSoftDemapKernel<float, __half, __half, float, (unsigned int)4, (unsigned short)16383>(channel_eq::_puschRxChEqStatDescr *, channel_eq::_puschRxChEqSoftDemapDynDescr)"
6308216136,282685,452401,1,1,1,32,32,1,30,0.000,0.000,,,,,NVIDIA A100-SXM4-40GB MIG 4g.20gb (0),1,,13,"void convert_kernel<float2, __half2>(tensor_layout_any, T1 *, tensor_layout_any, const T2 *)"
6308499813,10976,452413,2253,1,1,128,1,1,16,0.000,0.000,,,,,NVIDIA A100-SXM4-40GB MIG 4g.20gb (0),1,,13,cupy_copy__float16_float16
6308515173,2816,452422,282,1,1,128,1,1,16,0.000,0.000,,,,,NVIDIA A100-SXM4-40GB MIG 4g.20gb (0),1,,13,cupy_copy__complex64_complex64
6308521029,2368,452431,26,1,1,128,1,1,16,0.000,0.000,,,,,NVIDIA A100-SXM4-40GB MIG 4g.20gb (0),1,,13,cupy_copy__float32_float32
6308524389,2815,452440,103,1,1,128,1,1,16,0.000,0.000,,,,,NVIDIA A100-SXM4-40GB MIG 4g.20gb (0),1,,13,cupy_copy__complex64_complex64
6308528900,11904,452450,1434,1,1,128,1,1,16,0.000,0.000,,,,,NVIDIA A100-SXM4-40GB MIG 4g.20gb (0),1,,13,cupy_copy__complex64_complex64
6308551556,87231,452455,1,1,1,32,32,1,30,0.000,0.000,,,,,NVIDIA A100-SXM4-40GB MIG 4g.20gb (0),1,,13,"void convert_kernel<__half2, float2>(tensor_layout_any, T1 *, tensor_layout_any, const T2 *)"
6308665667,5344,452458,,,,,,,,,,0.094,17532.864,Pinned,Device,NVIDIA A100-SXM4-40GB MIG 4g.20gb (0),1,,13,[CUDA memcpy Host-to-Device]
6308676355,596504,452459,,,,,,,,,,456.561,765196.973,Device,,NVIDIA A100-SXM4-40GB MIG 4g.20gb (0),1,,13,[CUDA memset]
6309276443,159902,452464,,,,,,,,,,1.235,7722.105,Pinned,Device,NVIDIA A100-SXM4-40GB MIG 4g.20gb (0),1,,13,[CUDA memcpy Host-to-Device]
6309446649,40896,452465,,,,,,,,,,0.197,4807.459,Pinned,Device,NVIDIA A100-SXM4-40GB MIG 4g.20gb (0),1,,13,[CUDA memcpy Host-to-Device]
6309516312,7840,452466,69,4,1,48,1,1,76,0.002,0.000,,,,,NVIDIA A100-SXM4-40GB MIG 4g.20gb (0),1,,13,"void ch_est::windowedChEstPreNoDftSOfdmKernel<float, __half, float, (unsigned int)2, (unsigned int)1, (unsigned short)4>(ch_est::puschRxChEstStatDescr_t *, ch_est::puschRxChEstDynDescr_t *)"
6309533976,6784,452467,137,2,1,24,2,1,44,0.001,0.001,,,,,NVIDIA A100-SXM4-40GB MIG 4g.20gb (0),1,,13,"void ch_est::chEstFilterNoDftSOfdmDispatchKernel<float, __half, float, (unsigned int)2>(ch_est::puschRxChEstStatDescr_t *, ch_est::puschRxChEstDynDescr_t *)"
6309551000,4800,452468,137,2,1,24,2,1,44,0.001,0.001,,,,,NVIDIA A100-SXM4-40GB MIG 4g.20gb (0),1,,13,"void ch_est::chEstFilterNoDftSOfdmDispatchKernel<float, __half, float, (unsigned int)2>(ch_est::puschRxChEstStatDescr_t *, ch_est::puschRxChEstDynDescr_t *)"
6309567640,2656,452479,103,1,1,128,1,1,16,0.000,0.000,,,,,NVIDIA A100-SXM4-40GB MIG 4g.20gb (0),1,,13,cupy_copy__complex64_complex64
6309584599,12512,452489,1434,1,1,128,1,1,16,0.000,0.000,,,,,NVIDIA A100-SXM4-40GB MIG 4g.20gb (0),1,,13,cupy_copy__complex64_complex64
6309605079,2912,452496,103,1,1,128,1,1,16,0.000,0.000,,,,,NVIDIA A100-SXM4-40GB MIG 4g.20gb (0),1,,13,cupy_copy__complex64_complex64
6309628215,89247,452503,1,1,1,32,32,1,30,0.000,0.000,,,,,NVIDIA A100-SXM4-40GB MIG 4g.20gb (0),1,,13,"void convert_kernel<__half2, float2>(tensor_layout_any, T1 *, tensor_layout_any, const T2 *)"
6309753429,25952,452506,,,,,,,,,,0.094,3610.294,Pinned,Device,NVIDIA A100-SXM4-40GB MIG 4g.20gb (0),1,,13,[CUDA memcpy Host-to-Device]
6309793717,46975,452507,,,,,,,,,,35.810,762285.767,Device,,NVIDIA A100-SXM4-40GB MIG 4g.20gb (0),1,,13,[CUDA memset]
6309841492,14816,452509,,,,,,,,,,0.000,5.400,Pinned,Device,NVIDIA A100-SXM4-40GB MIG 4g.20gb (0),1,,13,[CUDA memcpy Host-to-Device]
6309863828,28416,452510,,,,,,,,,,0.197,6918.832,Pinned,Device,NVIDIA A100-SXM4-40GB MIG 4g.20gb (0),1,,13,[CUDA memcpy Host-to-Device]
6309913267,9408,452511,273,1,1,48,1,1,40,0.000,0.001,,,,,NVIDIA A100-SXM4-40GB MIG 4g.20gb (0),1,,13,"void pusch_noise_intf_est::noiseIntfEstNoDftSOfdmKernel<float, __half, float, float, (unsigned int)2, (unsigned int)1, (unsigned char)4, (unsigned char)4>(pusch_noise_intf_est::puschRxNoiseIntfEstDynDescr)"
6309927571,2976,452522,35,1,1,128,1,1,16,0.000,0.000,,,,,NVIDIA A100-SXM4-40GB MIG 4g.20gb (0),1,,13,cupy_copy__complex64_complex64
6309937555,1696,452531,1,1,1,1,1,1,18,0.000,0.000,,,,,NVIDIA A100-SXM4-40GB MIG 4g.20gb (0),1,,13,cupy_copy__float32_float32
6309945203,2112,452537,,,,,,,,,,0.000,1.894,Device,Pageable,NVIDIA A100-SXM4-40GB MIG 4g.20gb (0),1,,7,[CUDA memcpy Device-to-Host]
6310020370,13024,452548,1434,1,1,128,1,1,16,0.000,0.000,,,,,NVIDIA A100-SXM4-40GB MIG 4g.20gb (0),1,,13,cupy_copy__complex64_complex64
6310047122,2848,452555,103,1,1,128,1,1,16,0.000,0.000,,,,,NVIDIA A100-SXM4-40GB MIG 4g.20gb (0),1,,13,cupy_copy__complex64_complex64
6310070801,2432,452562,35,1,1,128,1,1,16,0.000,0.000,,,,,NVIDIA A100-SXM4-40GB MIG 4g.20gb (0),1,,13,cupy_copy__complex64_complex64
6310085937,1856,452569,1,1,1,1,1,1,18,0.000,0.000,,,,,NVIDIA A100-SXM4-40GB MIG 4g.20gb (0),1,,13,cupy_copy__float32_float32
6310213936,87295,452580,1,1,1,32,32,1,30,0.000,0.000,,,,,NVIDIA A100-SXM4-40GB MIG 4g.20gb (0),1,,13,"void convert_kernel<__half2, float2>(tensor_layout_any, T1 *, tensor_layout_any, const T2 *)"
6310329262,6368,452583,,,,,,,,,,0.094,14713.551,Pinned,Device,NVIDIA A100-SXM4-40GB MIG 4g.20gb (0),1,,13,[CUDA memcpy Host-to-Device]
6310343982,3456,452584,,,,,,,,,,1.547,447517.201,Device,,NVIDIA A100-SXM4-40GB MIG 4g.20gb (0),1,,13,[CUDA memset]
6310350254,3296,452589,,,,,,,,,,0.031,9495.144,Pinned,Device,NVIDIA A100-SXM4-40GB MIG 4g.20gb (0),1,,13,[CUDA memcpy Host-to-Device]
6310356238,9472,452590,,,,,,,,,,0.197,20756.693,Pinned,Device,NVIDIA A100-SXM4-40GB MIG 4g.20gb (0),1,,13,[CUDA memcpy Host-to-Device]
6310370190,6176,452591,273,1,1,8,4,1,39,0.002,0.000,,,,,NVIDIA A100-SXM4-40GB MIG 4g.20gb (0),1,,13,"void channel_eq::eqMmseCoefCompLowMimoKernel<float, float, float, (unsigned int)4, (unsigned int)1, (unsigned int)4>(const channel_eq::_puschRxChEqStatDescr *, channel_eq::_puschRxChEqCoefCompDynDescr)"
6310379310,8032,452592,273,1,1,12,11,1,51,0.002,0.000,,,,,NVIDIA A100-SXM4-40GB MIG 4g.20gb (0),1,,13,"void channel_eq::eqMmseSoftDemapKernel<float, __half, __half, float, (unsigned int)4, (unsigned short)16383>(channel_eq::_puschRxChEqStatDescr *, channel_eq::_puschRxChEqSoftDemapDynDescr)"
6310388430,282428,452593,1,1,1,32,32,1,30,0.000,0.000,,,,,NVIDIA A100-SXM4-40GB MIG 4g.20gb (0),1,,13,"void convert_kernel<float2, __half2>(tensor_layout_any, T1 *, tensor_layout_any, const T2 *)"
6310672458,10912,452605,2253,1,1,128,1,1,16,0.000,0.000,,,,,NVIDIA A100-SXM4-40GB MIG 4g.20gb (0),1,,13,cupy_copy__float16_float16
6310688682,2912,452614,282,1,1,128,1,1,16,0.000,0.000,,,,,NVIDIA A100-SXM4-40GB MIG 4g.20gb (0),1,,13,cupy_copy__complex64_complex64
6310694666,2304,452623,26,1,1,128,1,1,16,0.000,0.000,,,,,NVIDIA A100-SXM4-40GB MIG 4g.20gb (0),1,,13,cupy_copy__float32_float32
6310701194,3584,452632,103,1,1,128,1,1,16,0.000,0.000,,,,,NVIDIA A100-SXM4-40GB MIG 4g.20gb (0),1,,13,cupy_copy__complex64_complex64
6310708714,12127,452642,1434,1,1,128,1,1,16,0.000,0.000,,,,,NVIDIA A100-SXM4-40GB MIG 4g.20gb (0),1,,13,cupy_copy__complex64_complex64
6310725321,83039,452647,1,1,1,32,32,1,30,0.000,0.000,,,,,NVIDIA A100-SXM4-40GB MIG 4g.20gb (0),1,,13,"void convert_kernel<__half2, float2>(tensor_layout_any, T1 *, tensor_layout_any, const T2 *)"
6310835592,5792,452650,,,,,,,,,,0.094,16176.708,Pinned,Device,NVIDIA A100-SXM4-40GB MIG 4g.20gb (0),1,,13,[CUDA memcpy Host-to-Device]
6310854664,599224,452651,,,,,,,,,,456.561,761544.482,Device,,NVIDIA A100-SXM4-40GB MIG 4g.20gb (0),1,,13,[CUDA memset]
6311462528,119199,452656,,,,,,,,,,1.235,10359.945,Pinned,Device,NVIDIA A100-SXM4-40GB MIG 4g.20gb (0),1,,13,[CUDA memcpy Host-to-Device]
6311591295,32447,452657,,,,,,,,,,0.197,6059.262,Pinned,Device,NVIDIA A100-SXM4-40GB MIG 4g.20gb (0),1,,13,[CUDA memcpy Host-to-Device]
6311643678,8096,452658,69,4,1,48,1,1,76,0.002,0.000,,,,,NVIDIA A100-SXM4-40GB MIG 4g.20gb (0),1,,13,"void ch_est::windowedChEstPreNoDftSOfdmKernel<float, __half, float, (unsigned int)2, (unsigned int)1, (unsigned short)4>(ch_est::puschRxChEstStatDescr_t *, ch_est::puschRxChEstDynDescr_t *)"
6311659550,7040,452659,137,2,1,24,2,1,44,0.001,0.001,,,,,NVIDIA A100-SXM4-40GB MIG 4g.20gb (0),1,,13,"void ch_est::chEstFilterNoDftSOfdmDispatchKernel<float, __half, float, (unsigned int)2>(ch_est::puschRxChEstStatDescr_t *, ch_est::puschRxChEstDynDescr_t *)"
6311679582,4704,452660,137,2,1,24,2,1,44,0.001,0.001,,,,,NVIDIA A100-SXM4-40GB MIG 4g.20gb (0),1,,13,"void ch_est::chEstFilterNoDftSOfdmDispatchKernel<float, __half, float, (unsigned int)2>(ch_est::puschRxChEstStatDescr_t *, ch_est::puschRxChEstDynDescr_t *)"
6311697181,2720,452671,103,1,1,128,1,1,16,0.000,0.000,,,,,NVIDIA A100-SXM4-40GB MIG 4g.20gb (0),1,,13,cupy_copy__complex64_complex64
6311709597,12448,452681,1434,1,1,128,1,1,16,0.000,0.000,,,,,NVIDIA A100-SXM4-40GB MIG 4g.20gb (0),1,,13,cupy_copy__complex64_complex64
6311745213,2496,452688,103,1,1,128,1,1,16,0.000,0.000,,,,,NVIDIA A100-SXM4-40GB MIG 4g.20gb (0),1,,13,cupy_copy__complex64_complex64
6311763389,83295,452695,1,1,1,32,32,1,30,0.000,0.000,,,,,NVIDIA A100-SXM4-40GB MIG 4g.20gb (0),1,,13,"void convert_kernel<__half2, float2>(tensor_layout_any, T1 *, tensor_layout_any, const T2 *)"
6311876027,26784,452698,,,,,,,,,,0.094,3498.140,Pinned,Device,NVIDIA A100-SXM4-40GB MIG 4g.20gb (0),1,,13,[CUDA memcpy Host-to-Device]
6311927195,46527,452699,,,,,,,,,,35.810,769626.801,Device,,NVIDIA A100-SXM4-40GB MIG 4g.20gb (0),1,,13,[CUDA memset]
6311983578,11296,452701,,,,,,,,,,0.000,7.082,Pinned,Device,NVIDIA A100-SXM4-40GB MIG 4g.20gb (0),1,,13,[CUDA memcpy Host-to-Device]
6312004570,31871,452702,,,,,,,,,,0.197,6168.773,Pinned,Device,NVIDIA A100-SXM4-40GB MIG 4g.20gb (0),1,,13,[CUDA memcpy Host-to-Device]
6312056249,9920,452703,273,1,1,48,1,1,40,0.000,0.001,,,,,NVIDIA A100-SXM4-40GB MIG 4g.20gb (0),1,,13,"void pusch_noise_intf_est::noiseIntfEstNoDftSOfdmKernel<float, __half, float, float, (unsigned int)2, (unsigned int)1, (unsigned char)4, (unsigned char)4>(pusch_noise_intf_est::puschRxNoiseIntfEstDynDescr)"
6312072985,2784,452714,35,1,1,128,1,1,16,0.000,0.000,,,,,NVIDIA A100-SXM4-40GB MIG 4g.20gb (0),1,,13,cupy_copy__complex64_complex64
6312090041,1664,452723,1,1,1,1,1,1,18,0.000,0.000,,,,,NVIDIA A100-SXM4-40GB MIG 4g.20gb (0),1,,13,cupy_copy__float32_float32
6312094232,7424,452729,,,,,,,,,,0.000,0.539,Device,Pageable,NVIDIA A100-SXM4-40GB MIG 4g.20gb (0),1,,7,[CUDA memcpy Device-to-Host]
6312196151,12832,452740,1434,1,1,128,1,1,16,0.000,0.000,,,,,NVIDIA A100-SXM4-40GB MIG 4g.20gb (0),1,,13,cupy_copy__complex64_complex64
6312218231,3360,452747,103,1,1,128,1,1,16,0.000,0.000,,,,,NVIDIA A100-SXM4-40GB MIG 4g.20gb (0),1,,13,cupy_copy__complex64_complex64
6312240471,2560,452754,35,1,1,128,1,1,16,0.000,0.000,,,,,NVIDIA A100-SXM4-40GB MIG 4g.20gb (0),1,,13,cupy_copy__complex64_complex64
6312260278,1728,452761,1,1,1,1,1,1,18,0.000,0.000,,,,,NVIDIA A100-SXM4-40GB MIG 4g.20gb (0),1,,13,cupy_copy__float32_float32
6312388309,87007,452772,1,1,1,32,32,1,30,0.000,0.000,,,,,NVIDIA A100-SXM4-40GB MIG 4g.20gb (0),1,,13,"void convert_kernel<__half2, float2>(tensor_layout_any, T1 *, tensor_layout_any, const T2 *)"
6312506643,13600,452775,,,,,,,,,,0.094,6889.373,Pinned,Device,NVIDIA A100-SXM4-40GB MIG 4g.20gb (0),1,,13,[CUDA memcpy Host-to-Device]
6312532275,3264,452776,,,,,,,,,,1.547,473842.288,Device,,NVIDIA A100-SXM4-40GB MIG 4g.20gb (0),1,,13,[CUDA memset]
6312541715,7648,452781,,,,,,,,,,0.031,4092.046,Pinned,Device,NVIDIA A100-SXM4-40GB MIG 4g.20gb (0),1,,13,[CUDA memcpy Host-to-Device]
6312551955,16448,452782,,,,,,,,,,0.197,11953.177,Pinned,Device,NVIDIA A100-SXM4-40GB MIG 4g.20gb (0),1,,13,[CUDA memcpy Host-to-Device]
6312577299,8319,452783,273,1,1,8,4,1,39,0.002,0.000,,,,,NVIDIA A100-SXM4-40GB MIG 4g.20gb (0),1,,13,"void channel_eq::eqMmseCoefCompLowMimoKernel<float, float, float, (unsigned int)4, (unsigned int)1, (unsigned int)4>(const channel_eq::_puschRxChEqStatDescr *, channel_eq::_puschRxChEqCoefCompDynDescr)"
6312592850,5440,452784,273,1,1,12,11,1,51,0.002,0.000,,,,,NVIDIA A100-SXM4-40GB MIG 4g.20gb (0),1,,13,"void channel_eq::eqMmseSoftDemapKernel<float, __half, __half, float, (unsigned int)4, (unsigned short)16383>(channel_eq::_puschRxChEqStatDescr *, channel_eq::_puschRxChEqSoftDemapDynDescr)"
6312600786,289853,452785,1,1,1,32,32,1,30,0.000,0.000,,,,,NVIDIA A100-SXM4-40GB MIG 4g.20gb (0),1,,13,"void convert_kernel<float2, __half2>(tensor_layout_any, T1 *, tensor_layout_any, const T2 *)"
6312891695,10944,452797,2253,1,1,128,1,1,16,0.000,0.000,,,,,NVIDIA A100-SXM4-40GB MIG 4g.20gb (0),1,,13,cupy_copy__float16_float16
6312905326,3520,452806,282,1,1,128,1,1,16,0.000,0.000,,,,,NVIDIA A100-SXM4-40GB MIG 4g.20gb (0),1,,13,cupy_copy__complex64_complex64
6312910638,2304,452815,26,1,1,128,1,1,16,0.000,0.000,,,,,NVIDIA A100-SXM4-40GB MIG 4g.20gb (0),1,,13,cupy_copy__float32_float32
6312913998,3168,452824,103,1,1,128,1,1,16,0.000,0.000,,,,,NVIDIA A100-SXM4-40GB MIG 4g.20gb (0),1,,13,cupy_copy__complex64_complex64
6312920142,12192,452834,1434,1,1,128,1,1,16,0.000,0.000,,,,,NVIDIA A100-SXM4-40GB MIG 4g.20gb (0),1,,13,cupy_copy__complex64_complex64
6312934510,82271,452839,1,1,1,32,32,1,30,0.000,0.000,,,,,NVIDIA A100-SXM4-40GB MIG 4g.20gb (0),1,,13,"void convert_kernel<__half2, float2>(tensor_layout_any, T1 *, tensor_layout_any, const T2 *)"
6313043981,5344,452842,,,,,,,,,,0.094,17532.864,Pinned,Device,NVIDIA A100-SXM4-40GB MIG 4g.20gb (0),1,,13,[CUDA memcpy Host-to-Device]
6313055277,596728,452843,,,,,,,,,,456.561,764740.412,Device,,NVIDIA A100-SXM4-40GB MIG 4g.20gb (0),1,,13,[CUDA memset]
6313657093,129887,452848,,,,,,,,,,1.235,9506.599,Pinned,Device,NVIDIA A100-SXM4-40GB MIG 4g.20gb (0),1,,13,[CUDA memcpy Host-to-Device]
6313799171,30144,452849,,,,,,,,,,0.197,6522.274,Pinned,Device,NVIDIA A100-SXM4-40GB MIG 4g.20gb (0),1,,13,[CUDA memcpy Host-to-Device]
6313849059,8224,452850,69,4,1,48,1,1,76,0.002,0.000,,,,,NVIDIA A100-SXM4-40GB MIG 4g.20gb (0),1,,13,"void ch_est::windowedChEstPreNoDftSOfdmKernel<float, __half, float, (unsigned int)2, (unsigned int)1, (unsigned short)4>(ch_est::puschRxChEstStatDescr_t *, ch_est::puschRxChEstDynDescr_t *)"
6313860547,6720,452851,137,2,1,24,2,1,44,0.001,0.001,,,,,NVIDIA A100-SXM4-40GB MIG 4g.20gb (0),1,,13,"void ch_est::chEstFilterNoDftSOfdmDispatchKernel<float, __half, float, (unsigned int)2>(ch_est::puschRxChEstStatDescr_t *, ch_est::puschRxChEstDynDescr_t *)"
6313869379,5184,452852,137,2,1,24,2,1,44,0.001,0.001,,,,,NVIDIA A100-SXM4-40GB MIG 4g.20gb (0),1,,13,"void ch_est::chEstFilterNoDftSOfdmDispatchKernel<float, __half, float, (unsigned int)2>(ch_est::puschRxChEstStatDescr_t *, ch_est::puschRxChEstDynDescr_t *)"
6313879074,3008,452863,103,1,1,128,1,1,16,0.000,0.000,,,,,NVIDIA A100-SXM4-40GB MIG 4g.20gb (0),1,,13,cupy_copy__complex64_complex64
6313887458,12608,452873,1434,1,1,128,1,1,16,0.000,0.000,,,,,NVIDIA A100-SXM4-40GB MIG 4g.20gb (0),1,,13,cupy_copy__complex64_complex64
6313902050,2560,452880,103,1,1,128,1,1,16,0.000,0.000,,,,,NVIDIA A100-SXM4-40GB MIG 4g.20gb (0),1,,13,cupy_copy__complex64_complex64
6313910530,86367,452887,1,1,1,32,32,1,30,0.000,0.000,,,,,NVIDIA A100-SXM4-40GB MIG 4g.20gb (0),1,,13,"void convert_kernel<__half2, float2>(tensor_layout_any, T1 *, tensor_layout_any, const T2 *)"
6314024577,9568,452890,,,,,,,,,,0.094,9792.637,Pinned,Device,NVIDIA A100-SXM4-40GB MIG 4g.20gb (0),1,,13,[CUDA memcpy Host-to-Device]
6314044736,48192,452891,,,,,,,,,,35.810,743055.840,Device,,NVIDIA A100-SXM4-40GB MIG 4g.20gb (0),1,,13,[CUDA memset]
6314099200,6336,452893,,,,,,,,,,0.000,12.626,Pinned,Device,NVIDIA A100-SXM4-40GB MIG 4g.20gb (0),1,,13,[CUDA memcpy Host-to-Device]
6314113024,17407,452894,,,,,,,,,,0.197,11294.736,Pinned,Device,NVIDIA A100-SXM4-40GB MIG 4g.20gb (0),1,,13,[CUDA memcpy Host-to-Device]
6314147391,9440,452895,273,1,1,48,1,1,40,0.000,0.001,,,,,NVIDIA A100-SXM4-40GB MIG 4g.20gb (0),1,,13,"void pusch_noise_intf_est::noiseIntfEstNoDftSOfdmKernel<float, __half, float, float, (unsigned int)2, (unsigned int)1, (unsigned char)4, (unsigned char)4>(pusch_noise_intf_est::puschRxNoiseIntfEstDynDescr)"
6314163455,2752,452906,35,1,1,128,1,1,16,0.000,0.000,,,,,NVIDIA A100-SXM4-40GB MIG 4g.20gb (0),1,,13,cupy_copy__complex64_complex64
6314170879,1728,452915,1,1,1,1,1,1,18,0.000,0.000,,,,,NVIDIA A100-SXM4-40GB MIG 4g.20gb (0),1,,13,cupy_copy__float32_float32
6314177951,3808,452921,,,,,,,,,,0.000,1.050,Device,Pageable,NVIDIA A100-SXM4-40GB MIG 4g.20gb (0),1,,7,[CUDA memcpy Device-to-Host]
6314241758,12864,452932,1434,1,1,128,1,1,16,0.000,0.000,,,,,NVIDIA A100-SXM4-40GB MIG 4g.20gb (0),1,,13,cupy_copy__complex64_complex64
6314268574,2848,452939,103,1,1,128,1,1,16,0.000,0.000,,,,,NVIDIA A100-SXM4-40GB MIG 4g.20gb (0),1,,13,cupy_copy__complex64_complex64
6314288381,2176,452946,35,1,1,128,1,1,16,0.000,0.000,,,,,NVIDIA A100-SXM4-40GB MIG 4g.20gb (0),1,,13,cupy_copy__complex64_complex64
6314307165,1760,452953,1,1,1,1,1,1,18,0.000,0.000,,,,,NVIDIA A100-SXM4-40GB MIG 4g.20gb (0),1,,13,cupy_copy__float32_float32
6314439132,86846,452964,1,1,1,32,32,1,30,0.000,0.000,,,,,NVIDIA A100-SXM4-40GB MIG 4g.20gb (0),1,,13,"void convert_kernel<__half2, float2>(tensor_layout_any, T1 *, tensor_layout_any, const T2 *)"
6314553146,5568,452967,,,,,,,,,,0.094,16827.521,Pinned,Device,NVIDIA A100-SXM4-40GB MIG 4g.20gb (0),1,,13,[CUDA memcpy Host-to-Device]
6314568186,3040,452968,,,,,,,,,,1.547,508757.325,Device,,NVIDIA A100-SXM4-40GB MIG 4g.20gb (0),1,,13,[CUDA memset]
6314574458,3296,452973,,,,,,,,,,0.031,9495.144,Pinned,Device,NVIDIA A100-SXM4-40GB MIG 4g.20gb (0),1,,13,[CUDA memcpy Host-to-Device]
6314579834,10208,452974,,,,,,,,,,0.197,19260.113,Pinned,Device,NVIDIA A100-SXM4-40GB MIG 4g.20gb (0),1,,13,[CUDA memcpy Host-to-Device]
6314594202,6144,452975,273,1,1,8,4,1,39,0.002,0.000,,,,,NVIDIA A100-SXM4-40GB MIG 4g.20gb (0),1,,13,"void channel_eq::eqMmseCoefCompLowMimoKernel<float, float, float, (unsigned int)4, (unsigned int)1, (unsigned int)4>(const channel_eq::_puschRxChEqStatDescr *, channel_eq::_puschRxChEqCoefCompDynDescr)"
6314601658,6431,452976,273,1,1,12,11,1,51,0.002,0.000,,,,,NVIDIA A100-SXM4-40GB MIG 4g.20gb (0),1,,13,"void channel_eq::eqMmseSoftDemapKernel<float, __half, __half, float, (unsigned int)4, (unsigned short)16383>(channel_eq::_puschRxChEqStatDescr *, channel_eq::_puschRxChEqSoftDemapDynDescr)"
6314609113,282077,452977,1,1,1,32,32,1,30,0.000,0.000,,,,,NVIDIA A100-SXM4-40GB MIG 4g.20gb (0),1,,13,"void convert_kernel<float2, __half2>(tensor_layout_any, T1 *, tensor_layout_any, const T2 *)"
6314892150,10880,452989,2253,1,1,128,1,1,16,0.000,0.000,,,,,NVIDIA A100-SXM4-40GB MIG 4g.20gb (0),1,,13,cupy_copy__float16_float16
6314907062,3808,452998,282,1,1,128,1,1,16,0.000,0.000,,,,,NVIDIA A100-SXM4-40GB MIG 4g.20gb (0),1,,13,cupy_copy__complex64_complex64
6314912918,2016,453007,26,1,1,128,1,1,16,0.000,0.000,,,,,NVIDIA A100-SXM4-40GB MIG 4g.20gb (0),1,,13,cupy_copy__float32_float32
6314917206,2976,453016,103,1,1,128,1,1,16,0.000,0.000,,,,,NVIDIA A100-SXM4-40GB MIG 4g.20gb (0),1,,13,cupy_copy__complex64_complex64
6314921206,11935,453026,1434,1,1,128,1,1,16,0.000,0.000,,,,,NVIDIA A100-SXM4-40GB MIG 4g.20gb (0),1,,13,cupy_copy__complex64_complex64
6314952149,82527,453031,1,1,1,32,32,1,30,0.000,0.000,,,,,NVIDIA A100-SXM4-40GB MIG 4g.20gb (0),1,,13,"void convert_kernel<__half2, float2>(tensor_layout_any, T1 *, tensor_layout_any, const T2 *)"
6315062356,5696,453034,,,,,,,,,,0.094,16449.363,Pinned,Device,NVIDIA A100-SXM4-40GB MIG 4g.20gb (0),1,,13,[CUDA memcpy Host-to-Device]
6315072692,595736,453035,,,,,,,,,,456.561,766110.096,Device,,NVIDIA A100-SXM4-40GB MIG 4g.20gb (0),1,,13,[CUDA memset]
6315673324,162078,453040,,,,,,,,,,1.235,7618.370,Pinned,Device,NVIDIA A100-SXM4-40GB MIG 4g.20gb (0),1,,13,[CUDA memcpy Host-to-Device]
6315846634,39968,453041,,,,,,,,,,0.197,4919.132,Pinned,Device,NVIDIA A100-SXM4-40GB MIG 4g.20gb (0),1,,13,[CUDA memcpy Host-to-Device]
6315916137,8192,453042,69,4,1,48,1,1,76,0.002,0.000,,,,,NVIDIA A100-SXM4-40GB MIG 4g.20gb (0),1,,13,"void ch_est::windowedChEstPreNoDftSOfdmKernel<float, __half, float, (unsigned int)2, (unsigned int)1, (unsigned short)4>(ch_est::puschRxChEstStatDescr_t *, ch_est::puschRxChEstDynDescr_t *)"
6315933929,6784,453043,137,2,1,24,2,1,44,0.001,0.001,,,,,NVIDIA A100-SXM4-40GB MIG 4g.20gb (0),1,,13,"void ch_est::chEstFilterNoDftSOfdmDispatchKernel<float, __half, float, (unsigned int)2>(ch_est::puschRxChEstStatDescr_t *, ch_est::puschRxChEstDynDescr_t *)"
6315951369,4704,453044,137,2,1,24,2,1,44,0.001,0.001,,,,,NVIDIA A100-SXM4-40GB MIG 4g.20gb (0),1,,13,"void ch_est::chEstFilterNoDftSOfdmDispatchKernel<float, __half, float, (unsigned int)2>(ch_est::puschRxChEstStatDescr_t *, ch_est::puschRxChEstDynDescr_t *)"
6315967881,2528,453055,103,1,1,128,1,1,16,0.000,0.000,,,,,NVIDIA A100-SXM4-40GB MIG 4g.20gb (0),1,,13,cupy_copy__complex64_complex64
6315987176,12416,453065,1434,1,1,128,1,1,16,0.000,0.000,,,,,NVIDIA A100-SXM4-40GB MIG 4g.20gb (0),1,,13,cupy_copy__complex64_complex64
6316005864,2944,453072,103,1,1,128,1,1,16,0.000,0.000,,,,,NVIDIA A100-SXM4-40GB MIG 4g.20gb (0),1,,13,cupy_copy__complex64_complex64
6316028712,86623,453079,1,1,1,32,32,1,30,0.000,0.000,,,,,NVIDIA A100-SXM4-40GB MIG 4g.20gb (0),1,,13,"void convert_kernel<__half2, float2>(tensor_layout_any, T1 *, tensor_layout_any, const T2 *)"
6316147654,14336,453082,,,,,,,,,,0.094,6535.671,Pinned,Device,NVIDIA A100-SXM4-40GB MIG 4g.20gb (0),1,,13,[CUDA memcpy Host-to-Device]
6316172774,46816,453083,,,,,,,,,,35.810,764899.891,Device,,NVIDIA A100-SXM4-40GB MIG 4g.20gb (0),1,,13,[CUDA memset]
6316226022,2783,453085,,,,,,,,,,0.000,28.746,Pinned,Device,NVIDIA A100-SXM4-40GB MIG 4g.20gb (0),1,,13,[CUDA memcpy Host-to-Device]
6316236069,16160,453086,,,,,,,,,,0.197,12166.300,Pinned,Device,NVIDIA A100-SXM4-40GB MIG 4g.20gb (0),1,,13,[CUDA memcpy Host-to-Device]
6316267237,12448,453087,273,1,1,48,1,1,40,0.000,0.001,,,,,NVIDIA A100-SXM4-40GB MIG 4g.20gb (0),1,,13,"void pusch_noise_intf_est::noiseIntfEstNoDftSOfdmKernel<float, __half, float, float, (unsigned int)2, (unsigned int)1, (unsigned char)4, (unsigned char)4>(pusch_noise_intf_est::puschRxNoiseIntfEstDynDescr)"
6316286373,2848,453098,35,1,1,128,1,1,16,0.000,0.000,,,,,NVIDIA A100-SXM4-40GB MIG 4g.20gb (0),1,,13,cupy_copy__complex64_complex64
6316296133,2016,453107,1,1,1,1,1,1,18,0.000,0.000,,,,,NVIDIA A100-SXM4-40GB MIG 4g.20gb (0),1,,13,cupy_copy__float32_float32
6316303845,6335,453113,,,,,,,,,,0.000,0.631,Device,Pageable,NVIDIA A100-SXM4-40GB MIG 4g.20gb (0),1,,7,[CUDA memcpy Device-to-Host]
6316382532,13215,453124,1434,1,1,128,1,1,16,0.000,0.000,,,,,NVIDIA A100-SXM4-40GB MIG 4g.20gb (0),1,,13,cupy_copy__complex64_complex64
6316408771,2752,453131,103,1,1,128,1,1,16,0.000,0.000,,,,,NVIDIA A100-SXM4-40GB MIG 4g.20gb (0),1,,13,cupy_copy__complex64_complex64
6316427235,2624,453138,35,1,1,128,1,1,16,0.000,0.000,,,,,NVIDIA A100-SXM4-40GB MIG 4g.20gb (0),1,,13,cupy_copy__complex64_complex64
6316445763,1760,453145,1,1,1,1,1,1,18,0.000,0.000,,,,,NVIDIA A100-SXM4-40GB MIG 4g.20gb (0),1,,13,cupy_copy__float32_float32
6316572897,82431,453156,1,1,1,32,32,1,30,0.000,0.000,,,,,NVIDIA A100-SXM4-40GB MIG 4g.20gb (0),1,,13,"void convert_kernel<__half2, float2>(tensor_layout_any, T1 *, tensor_layout_any, const T2 *)"
6316682688,5888,453159,,,,,,,,,,0.094,15912.954,Pinned,Device,NVIDIA A100-SXM4-40GB MIG 4g.20gb (0),1,,13,[CUDA memcpy Host-to-Device]
6316696032,3296,453160,,,,,,,,,,1.547,469242.628,Device,,NVIDIA A100-SXM4-40GB MIG 4g.20gb (0),1,,13,[CUDA memset]
6316702816,4224,453165,,,,,,,,,,0.031,7409.078,Pinned,Device,NVIDIA A100-SXM4-40GB MIG 4g.20gb (0),1,,13,[CUDA memcpy Host-to-Device]
6316710080,9407,453166,,,,,,,,,,0.197,20900.020,Pinned,Device,NVIDIA A100-SXM4-40GB MIG 4g.20gb (0),1,,13,[CUDA memcpy Host-to-Device]
6316726655,6400,453167,273,1,1,8,4,1,39,0.002,0.000,,,,,NVIDIA A100-SXM4-40GB MIG 4g.20gb (0),1,,13,"void channel_eq::eqMmseCoefCompLowMimoKernel<float, float, float, (unsigned int)4, (unsigned int)1, (unsigned int)4>(const channel_eq::_puschRxChEqStatDescr *, channel_eq::_puschRxChEqCoefCompDynDescr)"
6316734079,6496,453168,273,1,1,12,11,1,51,0.002,0.000,,,,,NVIDIA A100-SXM4-40GB MIG 4g.20gb (0),1,,13,"void channel_eq::eqMmseSoftDemapKernel<float, __half, __half, float, (unsigned int)4, (unsigned short)16383>(channel_eq::_puschRxChEqStatDescr *, channel_eq::_puschRxChEqSoftDemapDynDescr)"
6316743583,294844,453169,1,1,1,32,32,1,30,0.000,0.000,,,,,NVIDIA A100-SXM4-40GB MIG 4g.20gb (0),1,,13,"void convert_kernel<float2, __half2>(tensor_layout_any, T1 *, tensor_layout_any, const T2 *)"
6317039547,10976,453181,2253,1,1,128,1,1,16,0.000,0.000,,,,,NVIDIA A100-SXM4-40GB MIG 4g.20gb (0),1,,13,cupy_copy__float16_float16
6317053595,3424,453190,282,1,1,128,1,1,16,0.000,0.000,,,,,NVIDIA A100-SXM4-40GB MIG 4g.20gb (0),1,,13,cupy_copy__complex64_complex64
6317058971,2368,453199,26,1,1,128,1,1,16,0.000,0.000,,,,,NVIDIA A100-SXM4-40GB MIG 4g.20gb (0),1,,13,cupy_copy__float32_float32
6317062395,2912,453208,103,1,1,128,1,1,16,0.000,0.000,,,,,NVIDIA A100-SXM4-40GB MIG 4g.20gb (0),1,,13,cupy_copy__complex64_complex64
6317068219,11872,453218,1434,1,1,128,1,1,16,0.000,0.000,,,,,NVIDIA A100-SXM4-40GB MIG 4g.20gb (0),1,,13,cupy_copy__complex64_complex64
6317083547,81311,453223,1,1,1,32,32,1,30,0.000,0.000,,,,,NVIDIA A100-SXM4-40GB MIG 4g.20gb (0),1,,13,"void convert_kernel<__half2, float2>(tensor_layout_any, T1 *, tensor_layout_any, const T2 *)"
6317192282,5696,453226,,,,,,,,,,0.094,16449.363,Pinned,Device,NVIDIA A100-SXM4-40GB MIG 4g.20gb (0),1,,13,[CUDA memcpy Host-to-Device]
6317204697,602777,453227,,,,,,,,,,456.561,756978.868,Device,,NVIDIA A100-SXM4-40GB MIG 4g.20gb (0),1,,13,[CUDA memset]
6317811058,142942,453232,,,,,,,,,,1.235,8638.433,Pinned,Device,NVIDIA A100-SXM4-40GB MIG 4g.20gb (0),1,,13,[CUDA memcpy Host-to-Device]
6317964112,36480,453233,,,,,,,,,,0.197,5389.418,Pinned,Device,NVIDIA A100-SXM4-40GB MIG 4g.20gb (0),1,,13,[CUDA memcpy Host-to-Device]
6318014159,8256,453234,69,4,1,48,1,1,76,0.002,0.000,,,,,NVIDIA A100-SXM4-40GB MIG 4g.20gb (0),1,,13,"void ch_est::windowedChEstPreNoDftSOfdmKernel<float, __half, float, (unsigned int)2, (unsigned int)1, (unsigned short)4>(ch_est::puschRxChEstStatDescr_t *, ch_est::puschRxChEstDynDescr_t *)"
6318029967,6944,453235,137,2,1,24,2,1,44,0.001,0.001,,,,,NVIDIA A100-SXM4-40GB MIG 4g.20gb (0),1,,13,"void ch_est::chEstFilterNoDftSOfdmDispatchKernel<float, __half, float, (unsigned int)2>(ch_est::puschRxChEstStatDescr_t *, ch_est::puschRxChEstDynDescr_t *)"
6318043567,4768,453236,137,2,1,24,2,1,44,0.001,0.001,,,,,NVIDIA A100-SXM4-40GB MIG 4g.20gb (0),1,,13,"void ch_est::chEstFilterNoDftSOfdmDispatchKernel<float, __half, float, (unsigned int)2>(ch_est::puschRxChEstStatDescr_t *, ch_est::puschRxChEstDynDescr_t *)"
6318056207,2656,453247,103,1,1,128,1,1,16,0.000,0.000,,,,,NVIDIA A100-SXM4-40GB MIG 4g.20gb (0),1,,13,cupy_copy__complex64_complex64
6318068335,12512,453257,1434,1,1,128,1,1,16,0.000,0.000,,,,,NVIDIA A100-SXM4-40GB MIG 4g.20gb (0),1,,13,cupy_copy__complex64_complex64
6318082415,2656,453264,103,1,1,128,1,1,16,0.000,0.000,,,,,NVIDIA A100-SXM4-40GB MIG 4g.20gb (0),1,,13,cupy_copy__complex64_complex64
6318091982,84703,453271,1,1,1,32,32,1,30,0.000,0.000,,,,,NVIDIA A100-SXM4-40GB MIG 4g.20gb (0),1,,13,"void convert_kernel<__half2, float2>(tensor_layout_any, T1 *, tensor_layout_any, const T2 *)"
6318206477,19616,453274,,,,,,,,,,0.094,4776.435,Pinned,Device,NVIDIA A100-SXM4-40GB MIG 4g.20gb (0),1,,13,[CUDA memcpy Host-to-Device]
6318237965,46239,453275,,,,,,,,,,35.810,774425.330,Device,,NVIDIA A100-SXM4-40GB MIG 4g.20gb (0),1,,13,[CUDA memset]
6318291052,11008,453277,,,,,,,,,,0.000,7.267,Pinned,Device,NVIDIA A100-SXM4-40GB MIG 4g.20gb (0),1,,13,[CUDA memcpy Host-to-Device]
6318313100,25087,453278,,,,,,,,,,0.197,7836.991,Pinned,Device,NVIDIA A100-SXM4-40GB MIG 4g.20gb (0),1,,13,[CUDA memcpy Host-to-Device]
6318366571,9792,453279,273,1,1,48,1,1,40,0.000,0.001,,,,,NVIDIA A100-SXM4-40GB MIG 4g.20gb (0),1,,13,"void pusch_noise_intf_est::noiseIntfEstNoDftSOfdmKernel<float, __half, float, float, (unsigned int)2, (unsigned int)1, (unsigned char)4, (unsigned char)4>(pusch_noise_intf_est::puschRxNoiseIntfEstDynDescr)"
6318382955,2592,453290,35,1,1,128,1,1,16,0.000,0.000,,,,,NVIDIA A100-SXM4-40GB MIG 4g.20gb (0),1,,13,cupy_copy__complex64_complex64
6318397995,1728,453299,1,1,1,1,1,1,18,0.000,0.000,,,,,NVIDIA A100-SXM4-40GB MIG 4g.20gb (0),1,,13,cupy_copy__float32_float32
6318407115,6112,453305,,,,,,,,,,0.000,0.654,Device,Pageable,NVIDIA A100-SXM4-40GB MIG 4g.20gb (0),1,,7,[CUDA memcpy Device-to-Host]
6318488682,13087,453316,1434,1,1,128,1,1,16,0.000,0.000,,,,,NVIDIA A100-SXM4-40GB MIG 4g.20gb (0),1,,13,cupy_copy__complex64_complex64
6318515817,3104,453323,103,1,1,128,1,1,16,0.000,0.000,,,,,NVIDIA A100-SXM4-40GB MIG 4g.20gb (0),1,,13,cupy_copy__complex64_complex64
6318533097,2720,453330,35,1,1,128,1,1,16,0.000,0.000,,,,,NVIDIA A100-SXM4-40GB MIG 4g.20gb (0),1,,13,cupy_copy__complex64_complex64
6318553385,1888,453337,1,1,1,1,1,1,18,0.000,0.000,,,,,NVIDIA A100-SXM4-40GB MIG 4g.20gb (0),1,,13,cupy_copy__float32_float32
6318687463,89567,453348,1,1,1,32,32,1,30,0.000,0.000,,,,,NVIDIA A100-SXM4-40GB MIG 4g.20gb (0),1,,13,"void convert_kernel<__half2, float2>(tensor_layout_any, T1 *, tensor_layout_any, const T2 *)"
6318807558,13567,453351,,,,,,,,,,0.094,6906.145,Pinned,Device,NVIDIA A100-SXM4-40GB MIG 4g.20gb (0),1,,13,[CUDA memcpy Host-to-Device]
6318834021,3424,453352,,,,,,,,,,1.547,451700.819,Device,,NVIDIA A100-SXM4-40GB MIG 4g.20gb (0),1,,13,[CUDA memset]
6318839237,4000,453357,,,,,,,,,,0.031,7824.000,Pinned,Device,NVIDIA A100-SXM4-40GB MIG 4g.20gb (0),1,,13,[CUDA memcpy Host-to-Device]
6318850405,13440,453358,,,,,,,,,,0.197,14628.422,Pinned,Device,NVIDIA A100-SXM4-40GB MIG 4g.20gb (0),1,,13,[CUDA memcpy Host-to-Device]
6318871397,8288,453359,273,1,1,8,4,1,39,0.002,0.000,,,,,NVIDIA A100-SXM4-40GB MIG 4g.20gb (0),1,,13,"void channel_eq::eqMmseCoefCompLowMimoKernel<float, float, float, (unsigned int)4, (unsigned int)1, (unsigned int)4>(const channel_eq::_puschRxChEqStatDescr *, channel_eq::_puschRxChEqCoefCompDynDescr)"
6318885381,7936,453360,273,1,1,12,11,1,51,0.002,0.000,,,,,NVIDIA A100-SXM4-40GB MIG 4g.20gb (0),1,,13,"void channel_eq::eqMmseSoftDemapKernel<float, __half, __half, float, (unsigned int)4, (unsigned short)16383>(channel_eq::_puschRxChEqStatDescr *, channel_eq::_puschRxChEqSoftDemapDynDescr)"
6318898533,290044,453361,1,1,1,32,32,1,30,0.000,0.000,,,,,NVIDIA A100-SXM4-40GB MIG 4g.20gb (0),1,,13,"void convert_kernel<float2, __half2>(tensor_layout_any, T1 *, tensor_layout_any, const T2 *)"
6319189665,10944,453373,2253,1,1,128,1,1,16,0.000,0.000,,,,,NVIDIA A100-SXM4-40GB MIG 4g.20gb (0),1,,13,cupy_copy__float16_float16
6319203521,3488,453382,282,1,1,128,1,1,16,0.000,0.000,,,,,NVIDIA A100-SXM4-40GB MIG 4g.20gb (0),1,,13,cupy_copy__complex64_complex64
6319209985,2368,453391,26,1,1,128,1,1,16,0.000,0.000,,,,,NVIDIA A100-SXM4-40GB MIG 4g.20gb (0),1,,13,cupy_copy__float32_float32
6319213601,3296,453400,103,1,1,128,1,1,16,0.000,0.000,,,,,NVIDIA A100-SXM4-40GB MIG 4g.20gb (0),1,,13,cupy_copy__complex64_complex64
6319218049,12127,453410,1434,1,1,128,1,1,16,0.000,0.000,,,,,NVIDIA A100-SXM4-40GB MIG 4g.20gb (0),1,,13,cupy_copy__complex64_complex64
6319234208,86463,453415,1,1,1,32,32,1,30,0.000,0.000,,,,,NVIDIA A100-SXM4-40GB MIG 4g.20gb (0),1,,13,"void convert_kernel<__half2, float2>(tensor_layout_any, T1 *, tensor_layout_any, const T2 *)"
6319347615,5632,453418,,,,,,,,,,0.094,16636.287,Pinned,Device,NVIDIA A100-SXM4-40GB MIG 4g.20gb (0),1,,13,[CUDA memcpy Host-to-Device]
6319358015,596984,453419,,,,,,,,,,456.561,764740.412,Device,,NVIDIA A100-SXM4-40GB MIG 4g.20gb (0),1,,13,[CUDA memset]
6319961175,168478,453424,,,,,,,,,,1.235,7329.393,Pinned,Device,NVIDIA A100-SXM4-40GB MIG 4g.20gb (0),1,,13,[CUDA memcpy Host-to-Device]
6320145205,37216,453425,,,,,,,,,,0.197,5282.857,Pinned,Device,NVIDIA A100-SXM4-40GB MIG 4g.20gb (0),1,,13,[CUDA memcpy Host-to-Device]
6320207732,8096,453426,69,4,1,48,1,1,76,0.002,0.000,,,,,NVIDIA A100-SXM4-40GB MIG 4g.20gb (0),1,,13,"void ch_est::windowedChEstPreNoDftSOfdmKernel<float, __half, float, (unsigned int)2, (unsigned int)1, (unsigned short)4>(ch_est::puschRxChEstStatDescr_t *, ch_est::puschRxChEstDynDescr_t *)"
6320225204,6688,453427,137,2,1,24,2,1,44,0.001,0.001,,,,,NVIDIA A100-SXM4-40GB MIG 4g.20gb (0),1,,13,"void ch_est::chEstFilterNoDftSOfdmDispatchKernel<float, __half, float, (unsigned int)2>(ch_est::puschRxChEstStatDescr_t *, ch_est::puschRxChEstDynDescr_t *)"
6320244564,4768,453428,137,2,1,24,2,1,44,0.001,0.001,,,,,NVIDIA A100-SXM4-40GB MIG 4g.20gb (0),1,,13,"void ch_est::chEstFilterNoDftSOfdmDispatchKernel<float, __half, float, (unsigned int)2>(ch_est::puschRxChEstStatDescr_t *, ch_est::puschRxChEstDynDescr_t *)"
6320261652,2688,453439,103,1,1,128,1,1,16,0.000,0.000,,,,,NVIDIA A100-SXM4-40GB MIG 4g.20gb (0),1,,13,cupy_copy__complex64_complex64
6320278740,12575,453449,1434,1,1,128,1,1,16,0.000,0.000,,,,,NVIDIA A100-SXM4-40GB MIG 4g.20gb (0),1,,13,cupy_copy__complex64_complex64
6320297683,2912,453456,103,1,1,128,1,1,16,0.000,0.000,,,,,NVIDIA A100-SXM4-40GB MIG 4g.20gb (0),1,,13,cupy_copy__complex64_complex64
6320319987,83583,453463,1,1,1,32,32,1,30,0.000,0.000,,,,,NVIDIA A100-SXM4-40GB MIG 4g.20gb (0),1,,13,"void convert_kernel<__half2, float2>(tensor_layout_any, T1 *, tensor_layout_any, const T2 *)"
6320436082,24351,453466,,,,,,,,,,0.094,3847.720,Pinned,Device,NVIDIA A100-SXM4-40GB MIG 4g.20gb (0),1,,13,[CUDA memcpy Host-to-Device]
6320474417,47008,453467,,,,,,,,,,35.810,761748.618,Device,,NVIDIA A100-SXM4-40GB MIG 4g.20gb (0),1,,13,[CUDA memset]
6320532336,8608,453469,,,,,,,,,,0.000,9.294,Pinned,Device,NVIDIA A100-SXM4-40GB MIG 4g.20gb (0),1,,13,[CUDA memcpy Host-to-Device]
6320551760,21568,453470,,,,,,,,,,0.197,9115.533,Pinned,Device,NVIDIA A100-SXM4-40GB MIG 4g.20gb (0),1,,13,[CUDA memcpy Host-to-Device]
6320596464,9887,453471,273,1,1,48,1,1,40,0.000,0.001,,,,,NVIDIA A100-SXM4-40GB MIG 4g.20gb (0),1,,13,"void pusch_noise_intf_est::noiseIntfEstNoDftSOfdmKernel<float, __half, float, float, (unsigned int)2, (unsigned int)1, (unsigned char)4, (unsigned char)4>(pusch_noise_intf_est::puschRxNoiseIntfEstDynDescr)"
6320619823,2528,453482,35,1,1,128,1,1,16,0.000,0.000,,,,,NVIDIA A100-SXM4-40GB MIG 4g.20gb (0),1,,13,cupy_copy__complex64_complex64
6320627215,1696,453491,1,1,1,1,1,1,18,0.000,0.000,,,,,NVIDIA A100-SXM4-40GB MIG 4g.20gb (0),1,,13,cupy_copy__float32_float32
6320633263,5376,453497,,,,,,,,,,0.000,0.744,Device,Pageable,NVIDIA A100-SXM4-40GB MIG 4g.20gb (0),1,,7,[CUDA memcpy Device-to-Host]
6320716334,12864,453508,1434,1,1,128,1,1,16,0.000,0.000,,,,,NVIDIA A100-SXM4-40GB MIG 4g.20gb (0),1,,13,cupy_copy__complex64_complex64
6320749806,2560,453515,103,1,1,128,1,1,16,0.000,0.000,,,,,NVIDIA A100-SXM4-40GB MIG 4g.20gb (0),1,,13,cupy_copy__complex64_complex64
6320754094,2272,453522,35,1,1,128,1,1,16,0.000,0.000,,,,,NVIDIA A100-SXM4-40GB MIG 4g.20gb (0),1,,13,cupy_copy__complex64_complex64
6320780717,1824,453529,1,1,1,1,1,1,18,0.000,0.000,,,,,NVIDIA A100-SXM4-40GB MIG 4g.20gb (0),1,,13,cupy_copy__float32_float32
6320902604,82655,453540,1,1,1,32,32,1,30,0.000,0.000,,,,,NVIDIA A100-SXM4-40GB MIG 4g.20gb (0),1,,13,"void convert_kernel<__half2, float2>(tensor_layout_any, T1 *, tensor_layout_any, const T2 *)"
6321013002,5888,453543,,,,,,,,,,0.094,15912.954,Pinned,Device,NVIDIA A100-SXM4-40GB MIG 4g.20gb (0),1,,13,[CUDA memcpy Host-to-Device]
6321030250,3328,453544,,,,,,,,,,1.547,464729.580,Device,,NVIDIA A100-SXM4-40GB MIG 4g.20gb (0),1,,13,[CUDA memset]
6321036938,3392,453549,,,,,,,,,,0.031,9226.405,Pinned,Device,NVIDIA A100-SXM4-40GB MIG 4g.20gb (0),1,,13,[CUDA memcpy Host-to-Device]
6321043146,9344,453550,,,,,,,,,,0.197,21040.988,Pinned,Device,NVIDIA A100-SXM4-40GB MIG 4g.20gb (0),1,,13,[CUDA memcpy Host-to-Device]
6321056586,6496,453551,273,1,1,8,4,1,39,0.002,0.000,,,,,NVIDIA A100-SXM4-40GB MIG 4g.20gb (0),1,,13,"void channel_eq::eqMmseCoefCompLowMimoKernel<float, float, float, (unsigned int)4, (unsigned int)1, (unsigned int)4>(const channel_eq::_puschRxChEqStatDescr *, channel_eq::_puschRxChEqCoefCompDynDescr)"
6321065226,5984,453552,273,1,1,12,11,1,51,0.002,0.000,,,,,NVIDIA A100-SXM4-40GB MIG 4g.20gb (0),1,,13,"void channel_eq::eqMmseSoftDemapKernel<float, __half, __half, float, (unsigned int)4, (unsigned short)16383>(channel_eq::_puschRxChEqStatDescr *, channel_eq::_puschRxChEqSoftDemapDynDescr)"
6321072938,280348,453553,1,1,1,32,32,1,30,0.000,0.000,,,,,NVIDIA A100-SXM4-40GB MIG 4g.20gb (0),1,,13,"void convert_kernel<float2, __half2>(tensor_layout_any, T1 *, tensor_layout_any, const T2 *)"
6321355302,10912,453565,2253,1,1,128,1,1,16,0.000,0.000,,,,,NVIDIA A100-SXM4-40GB MIG 4g.20gb (0),1,,13,cupy_copy__float16_float16
6321368358,3776,453574,282,1,1,128,1,1,16,0.000,0.000,,,,,NVIDIA A100-SXM4-40GB MIG 4g.20gb (0),1,,13,cupy_copy__complex64_complex64
6321375366,2112,453583,26,1,1,128,1,1,16,0.000,0.000,,,,,NVIDIA A100-SXM4-40GB MIG 4g.20gb (0),1,,13,cupy_copy__float32_float32
6321379206,3904,453592,103,1,1,128,1,1,16,0.000,0.000,,,,,NVIDIA A100-SXM4-40GB MIG 4g.20gb (0),1,,13,cupy_copy__complex64_complex64
6321384646,12096,453602,1434,1,1,128,1,1,16,0.000,0.000,,,,,NVIDIA A100-SXM4-40GB MIG 4g.20gb (0),1,,13,cupy_copy__complex64_complex64
6321407046,81791,453607,1,1,1,32,32,1,30,0.000,0.000,,,,,NVIDIA A100-SXM4-40GB MIG 4g.20gb (0),1,,13,"void convert_kernel<__half2, float2>(tensor_layout_any, T1 *, tensor_layout_any, const T2 *)"
6321516484,6112,453610,,,,,,,,,,0.094,15329.790,Pinned,Device,NVIDIA A100-SXM4-40GB MIG 4g.20gb (0),1,,13,[CUDA memcpy Host-to-Device]
6321526180,598969,453611,,,,,,,,,,456.561,762001.043,Device,,NVIDIA A100-SXM4-40GB MIG 4g.20gb (0),1,,13,[CUDA memset]
6322129949,112894,453616,,,,,,,,,,1.235,10937.899,Pinned,Device,NVIDIA A100-SXM4-40GB MIG 4g.20gb (0),1,,13,[CUDA memcpy Host-to-Device]
6322249691,18432,453617,,,,,,,,,,0.197,10666.574,Pinned,Device,NVIDIA A100-SXM4-40GB MIG 4g.20gb (0),1,,13,[CUDA memcpy Host-to-Device]
6322282171,8480,453618,69,4,1,48,1,1,76,0.002,0.000,,,,,NVIDIA A100-SXM4-40GB MIG 4g.20gb (0),1,,13,"void ch_est::windowedChEstPreNoDftSOfdmKernel<float, __half, float, (unsigned int)2, (unsigned int)1, (unsigned short)4>(ch_est::puschRxChEstStatDescr_t *, ch_est::puschRxChEstDynDescr_t *)"
6322297307,7392,453619,137,2,1,24,2,1,44,0.001,0.001,,,,,NVIDIA A100-SXM4-40GB MIG 4g.20gb (0),1,,13,"void ch_est::chEstFilterNoDftSOfdmDispatchKernel<float, __half, float, (unsigned int)2>(ch_est::puschRxChEstStatDescr_t *, ch_est::puschRxChEstDynDescr_t *)"
6322312314,6272,453620,137,2,1,24,2,1,44,0.001,0.001,,,,,NVIDIA A100-SXM4-40GB MIG 4g.20gb (0),1,,13,"void ch_est::chEstFilterNoDftSOfdmDispatchKernel<float, __half, float, (unsigned int)2>(ch_est::puschRxChEstStatDescr_t *, ch_est::puschRxChEstDynDescr_t *)"
6322320698,3040,453631,103,1,1,128,1,1,16,0.000,0.000,,,,,NVIDIA A100-SXM4-40GB MIG 4g.20gb (0),1,,13,cupy_copy__complex64_complex64
6322328442,12896,453641,1434,1,1,128,1,1,16,0.000,0.000,,,,,NVIDIA A100-SXM4-40GB MIG 4g.20gb (0),1,,13,cupy_copy__complex64_complex64
6322343866,3104,453648,103,1,1,128,1,1,16,0.000,0.000,,,,,NVIDIA A100-SXM4-40GB MIG 4g.20gb (0),1,,13,cupy_copy__complex64_complex64
6322352442,92031,453655,1,1,1,32,32,1,30,0.000,0.000,,,,,NVIDIA A100-SXM4-40GB MIG 4g.20gb (0),1,,13,"void convert_kernel<__half2, float2>(tensor_layout_any, T1 *, tensor_layout_any, const T2 *)"
6322474872,14400,453658,,,,,,,,,,0.094,6506.625,Pinned,Device,NVIDIA A100-SXM4-40GB MIG 4g.20gb (0),1,,13,[CUDA memcpy Host-to-Device]
6322502008,47455,453659,,,,,,,,,,35.810,754586.634,Device,,NVIDIA A100-SXM4-40GB MIG 4g.20gb (0),1,,13,[CUDA memset]
6322551735,9056,453661,,,,,,,,,,0.000,8.834,Pinned,Device,NVIDIA A100-SXM4-40GB MIG 4g.20gb (0),1,,13,[CUDA memcpy Host-to-Device]
6322565143,22592,453662,,,,,,,,,,0.197,8702.460,Pinned,Device,NVIDIA A100-SXM4-40GB MIG 4g.20gb (0),1,,13,[CUDA memcpy Host-to-Device]
6322603383,8992,453663,273,1,1,48,1,1,40,0.000,0.001,,,,,NVIDIA A100-SXM4-40GB MIG 4g.20gb (0),1,,13,"void pusch_noise_intf_est::noiseIntfEstNoDftSOfdmKernel<float, __half, float, float, (unsigned int)2, (unsigned int)1, (unsigned char)4, (unsigned char)4>(pusch_noise_intf_est::puschRxNoiseIntfEstDynDescr)"
6322622135,3072,453674,35,1,1,128,1,1,16,0.000,0.000,,,,,NVIDIA A100-SXM4-40GB MIG 4g.20gb (0),1,,13,cupy_copy__complex64_complex64
6322632342,1728,453683,1,1,1,1,1,1,18,0.000,0.000,,,,,NVIDIA A100-SXM4-40GB MIG 4g.20gb (0),1,,13,cupy_copy__float32_float32
6322639254,5952,453689,,,,,,,,,,0.000,0.672,Device,Pageable,NVIDIA A100-SXM4-40GB MIG 4g.20gb (0),1,,7,[CUDA memcpy Device-to-Host]
6322723605,13088,453700,1434,1,1,128,1,1,16,0.000,0.000,,,,,NVIDIA A100-SXM4-40GB MIG 4g.20gb (0),1,,13,cupy_copy__complex64_complex64
6322739317,3456,453707,103,1,1,128,1,1,16,0.000,0.000,,,,,NVIDIA A100-SXM4-40GB MIG 4g.20gb (0),1,,13,cupy_copy__complex64_complex64
6322762805,2432,453714,35,1,1,128,1,1,16,0.000,0.000,,,,,NVIDIA A100-SXM4-40GB MIG 4g.20gb (0),1,,13,cupy_copy__complex64_complex64
6322790325,1759,453721,1,1,1,1,1,1,18,0.000,0.000,,,,,NVIDIA A100-SXM4-40GB MIG 4g.20gb (0),1,,13,cupy_copy__float32_float32
6322917331,82047,453732,1,1,1,32,32,1,30,0.000,0.000,,,,,NVIDIA A100-SXM4-40GB MIG 4g.20gb (0),1,,13,"void convert_kernel<__half2, float2>(tensor_layout_any, T1 *, tensor_layout_any, const T2 *)"
6323027058,5632,453735,,,,,,,,,,0.094,16636.287,Pinned,Device,NVIDIA A100-SXM4-40GB MIG 4g.20gb (0),1,,13,[CUDA memcpy Host-to-Device]
6323043153,3328,453736,,,,,,,,,,1.547,464729.580,Device,,NVIDIA A100-SXM4-40GB MIG 4g.20gb (0),1,,13,[CUDA memset]
6323049105,3328,453741,,,,,,,,,,0.031,9403.822,Pinned,Device,NVIDIA A100-SXM4-40GB MIG 4g.20gb (0),1,,13,[CUDA memcpy Host-to-Device]
6323055281,9984,453742,,,,,,,,,,0.197,19692.257,Pinned,Device,NVIDIA A100-SXM4-40GB MIG 4g.20gb (0),1,,13,[CUDA memcpy Host-to-Device]
6323069329,6176,453743,273,1,1,8,4,1,39,0.002,0.000,,,,,NVIDIA A100-SXM4-40GB MIG 4g.20gb (0),1,,13,"void channel_eq::eqMmseCoefCompLowMimoKernel<float, float, float, (unsigned int)4, (unsigned int)1, (unsigned int)4>(const channel_eq::_puschRxChEqStatDescr *, channel_eq::_puschRxChEqCoefCompDynDescr)"
6323076529,5472,453744,273,1,1,12,11,1,51,0.002,0.000,,,,,NVIDIA A100-SXM4-40GB MIG 4g.20gb (0),1,,13,"void channel_eq::eqMmseSoftDemapKernel<float, __half, __half, float, (unsigned int)4, (unsigned short)16383>(channel_eq::_puschRxChEqStatDescr *, channel_eq::_puschRxChEqSoftDemapDynDescr)"
6323083025,282428,453745,1,1,1,32,32,1,30,0.000,0.000,,,,,NVIDIA A100-SXM4-40GB MIG 4g.20gb (0),1,,13,"void convert_kernel<float2, __half2>(tensor_layout_any, T1 *, tensor_layout_any, const T2 *)"
6323368557,10784,453757,2253,1,1,128,1,1,16,0.000,0.000,,,,,NVIDIA A100-SXM4-40GB MIG 4g.20gb (0),1,,13,cupy_copy__float16_float16
6323381549,3104,453766,282,1,1,128,1,1,16,0.000,0.000,,,,,NVIDIA A100-SXM4-40GB MIG 4g.20gb (0),1,,13,cupy_copy__complex64_complex64
6323386317,2112,453775,26,1,1,128,1,1,16,0.000,0.000,,,,,NVIDIA A100-SXM4-40GB MIG 4g.20gb (0),1,,13,cupy_copy__float32_float32
6323391309,3392,453784,103,1,1,128,1,1,16,0.000,0.000,,,,,NVIDIA A100-SXM4-40GB MIG 4g.20gb (0),1,,13,cupy_copy__complex64_complex64
6323397613,12128,453794,1434,1,1,128,1,1,16,0.000,0.000,,,,,NVIDIA A100-SXM4-40GB MIG 4g.20gb (0),1,,13,cupy_copy__complex64_complex64
6323416205,83135,453799,1,1,1,32,32,1,30,0.000,0.000,,,,,NVIDIA A100-SXM4-40GB MIG 4g.20gb (0),1,,13,"void convert_kernel<__half2, float2>(tensor_layout_any, T1 *, tensor_layout_any, const T2 *)"
6323526059,5792,453802,,,,,,,,,,0.094,16176.708,Pinned,Device,NVIDIA A100-SXM4-40GB MIG 4g.20gb (0),1,,13,[CUDA memcpy Host-to-Device]
6323537259,596409,453803,,,,,,,,,,456.561,765196.973,Device,,NVIDIA A100-SXM4-40GB MIG 4g.20gb (0),1,,13,[CUDA memset]
6324144740,131422,453808,,,,,,,,,,1.235,9396.689,Pinned,Device,NVIDIA A100-SXM4-40GB MIG 4g.20gb (0),1,,13,[CUDA memcpy Host-to-Device]
6324288258,33920,453809,,,,,,,,,,0.197,5796.200,Pinned,Device,NVIDIA A100-SXM4-40GB MIG 4g.20gb (0),1,,13,[CUDA memcpy Host-to-Device]
6324342593,7936,453810,69,4,1,48,1,1,76,0.002,0.000,,,,,NVIDIA A100-SXM4-40GB MIG 4g.20gb (0),1,,13,"void ch_est::windowedChEstPreNoDftSOfdmKernel<float, __half, float, (unsigned int)2, (unsigned int)1, (unsigned short)4>(ch_est::puschRxChEstStatDescr_t *, ch_est::puschRxChEstDynDescr_t *)"
6324358593,6880,453811,137,2,1,24,2,1,44,0.001,0.001,,,,,NVIDIA A100-SXM4-40GB MIG 4g.20gb (0),1,,13,"void ch_est::chEstFilterNoDftSOfdmDispatchKernel<float, __half, float, (unsigned int)2>(ch_est::puschRxChEstStatDescr_t *, ch_est::puschRxChEstDynDescr_t *)"
6324382881,4736,453812,137,2,1,24,2,1,44,0.001,0.001,,,,,NVIDIA A100-SXM4-40GB MIG 4g.20gb (0),1,,13,"void ch_est::chEstFilterNoDftSOfdmDispatchKernel<float, __half, float, (unsigned int)2>(ch_est::puschRxChEstStatDescr_t *, ch_est::puschRxChEstDynDescr_t *)"
6324397441,2528,453823,103,1,1,128,1,1,16,0.000,0.000,,,,,NVIDIA A100-SXM4-40GB MIG 4g.20gb (0),1,,13,cupy_copy__complex64_complex64
6324406369,12799,453833,1434,1,1,128,1,1,16,0.000,0.000,,,,,NVIDIA A100-SXM4-40GB MIG 4g.20gb (0),1,,13,cupy_copy__complex64_complex64
6324427104,2560,453840,103,1,1,128,1,1,16,0.000,0.000,,,,,NVIDIA A100-SXM4-40GB MIG 4g.20gb (0),1,,13,cupy_copy__complex64_complex64
6324439200,82751,453847,1,1,1,32,32,1,30,0.000,0.000,,,,,NVIDIA A100-SXM4-40GB MIG 4g.20gb (0),1,,13,"void convert_kernel<__half2, float2>(tensor_layout_any, T1 *, tensor_layout_any, const T2 *)"
6324549631,5664,453850,,,,,,,,,,0.094,16542.310,Pinned,Device,NVIDIA A100-SXM4-40GB MIG 4g.20gb (0),1,,13,[CUDA memcpy Host-to-Device]
6324561887,47359,453851,,,,,,,,,,35.810,756126.461,Device,,NVIDIA A100-SXM4-40GB MIG 4g.20gb (0),1,,13,[CUDA memset]
6324614526,5088,453853,,,,,,,,,,0.000,15.723,Pinned,Device,NVIDIA A100-SXM4-40GB MIG 4g.20gb (0),1,,13,[CUDA memcpy Host-to-Device]
6324624446,12320,453854,,,,,,,,,,0.197,15958.278,Pinned,Device,NVIDIA A100-SXM4-40GB MIG 4g.20gb (0),1,,13,[CUDA memcpy Host-to-Device]
6324644286,12799,453855,273,1,1,48,1,1,40,0.000,0.001,,,,,NVIDIA A100-SXM4-40GB MIG 4g.20gb (0),1,,13,"void pusch_noise_intf_est::noiseIntfEstNoDftSOfdmKernel<float, __half, float, float, (unsigned int)2, (unsigned int)1, (unsigned char)4, (unsigned char)4>(pusch_noise_intf_est::puschRxNoiseIntfEstDynDescr)"
6324659709,3040,453866,35,1,1,128,1,1,16,0.000,0.000,,,,,NVIDIA A100-SXM4-40GB MIG 4g.20gb (0),1,,13,cupy_copy__complex64_complex64
6324668765,1888,453875,1,1,1,1,1,1,18,0.000,0.000,,,,,NVIDIA A100-SXM4-40GB MIG 4g.20gb (0),1,,13,cupy_copy__float32_float32
6324700989,1792,453881,,,,,,,,,,0.000,2.232,Device,Pageable,NVIDIA A100-SXM4-40GB MIG 4g.20gb (0),1,,7,[CUDA memcpy Device-to-Host]
6324761212,12992,453892,1434,1,1,128,1,1,16,0.000,0.000,,,,,NVIDIA A100-SXM4-40GB MIG 4g.20gb (0),1,,13,cupy_copy__complex64_complex64
6324787484,3040,453899,103,1,1,128,1,1,16,0.000,0.000,,,,,NVIDIA A100-SXM4-40GB MIG 4g.20gb (0),1,,13,cupy_copy__complex64_complex64
6324807356,2592,453906,35,1,1,128,1,1,16,0.000,0.000,,,,,NVIDIA A100-SXM4-40GB MIG 4g.20gb (0),1,,13,cupy_copy__complex64_complex64
6324825371,1728,453913,1,1,1,1,1,1,18,0.000,0.000,,,,,NVIDIA A100-SXM4-40GB MIG 4g.20gb (0),1,,13,cupy_copy__float32_float32
6324959450,82047,453924,1,1,1,32,32,1,30,0.000,0.000,,,,,NVIDIA A100-SXM4-40GB MIG 4g.20gb (0),1,,13,"void convert_kernel<__half2, float2>(tensor_layout_any, T1 *, tensor_layout_any, const T2 *)"
6325069592,5888,453927,,,,,,,,,,0.094,15912.954,Pinned,Device,NVIDIA A100-SXM4-40GB MIG 4g.20gb (0),1,,13,[CUDA memcpy Host-to-Device]
6325083128,3296,453928,,,,,,,,,,1.547,469242.628,Device,,NVIDIA A100-SXM4-40GB MIG 4g.20gb (0),1,,13,[CUDA memset]
6325089944,2976,453933,,,,,,,,,,0.031,10516.113,Pinned,Device,NVIDIA A100-SXM4-40GB MIG 4g.20gb (0),1,,13,[CUDA memcpy Host-to-Device]
6325095672,10048,453934,,,,,,,,,,0.197,19566.821,Pinned,Device,NVIDIA A100-SXM4-40GB MIG 4g.20gb (0),1,,13,[CUDA memcpy Host-to-Device]
6325111704,6144,453935,273,1,1,8,4,1,39,0.002,0.000,,,,,NVIDIA A100-SXM4-40GB MIG 4g.20gb (0),1,,13,"void channel_eq::eqMmseCoefCompLowMimoKernel<float, float, float, (unsigned int)4, (unsigned int)1, (unsigned int)4>(const channel_eq::_puschRxChEqStatDescr *, channel_eq::_puschRxChEqCoefCompDynDescr)"
6325121048,7744,453936,273,1,1,12,11,1,51,0.002,0.000,,,,,NVIDIA A100-SXM4-40GB MIG 4g.20gb (0),1,,13,"void channel_eq::eqMmseSoftDemapKernel<float, __half, __half, float, (unsigned int)4, (unsigned short)16383>(channel_eq::_puschRxChEqStatDescr *, channel_eq::_puschRxChEqSoftDemapDynDescr)"
6325129848,283004,453937,1,1,1,32,32,1,30,0.000,0.000,,,,,NVIDIA A100-SXM4-40GB MIG 4g.20gb (0),1,,13,"void convert_kernel<float2, __half2>(tensor_layout_any, T1 *, tensor_layout_any, const T2 *)"
6325413972,10848,453949,2253,1,1,128,1,1,16,0.000,0.000,,,,,NVIDIA A100-SXM4-40GB MIG 4g.20gb (0),1,,13,cupy_copy__float16_float16
6325427060,3648,453958,282,1,1,128,1,1,16,0.000,0.000,,,,,NVIDIA A100-SXM4-40GB MIG 4g.20gb (0),1,,13,cupy_copy__complex64_complex64
6325435028,2048,453967,26,1,1,128,1,1,16,0.000,0.000,,,,,NVIDIA A100-SXM4-40GB MIG 4g.20gb (0),1,,13,cupy_copy__float32_float32
6325439188,3040,453976,103,1,1,128,1,1,16,0.000,0.000,,,,,NVIDIA A100-SXM4-40GB MIG 4g.20gb (0),1,,13,cupy_copy__complex64_complex64
6325444500,12096,453986,1434,1,1,128,1,1,16,0.000,0.000,,,,,NVIDIA A100-SXM4-40GB MIG 4g.20gb (0),1,,13,cupy_copy__complex64_complex64
6325461588,90206,453991,1,1,1,32,32,1,30,0.000,0.000,,,,,NVIDIA A100-SXM4-40GB MIG 4g.20gb (0),1,,13,"void convert_kernel<__half2, float2>(tensor_layout_any, T1 *, tensor_layout_any, const T2 *)"
6325578738,5568,453994,,,,,,,,,,0.094,16827.521,Pinned,Device,NVIDIA A100-SXM4-40GB MIG 4g.20gb (0),1,,13,[CUDA memcpy Host-to-Device]
6325588402,597945,453995,,,,,,,,,,456.561,763370.728,Device,,NVIDIA A100-SXM4-40GB MIG 4g.20gb (0),1,,13,[CUDA memset]
6326190443,156894,454000,,,,,,,,,,1.235,7870.298,Pinned,Device,NVIDIA A100-SXM4-40GB MIG 4g.20gb (0),1,,13,[CUDA memcpy Host-to-Device]
6326361736,42368,454001,,,,,,,,,,0.197,4640.342,Pinned,Device,NVIDIA A100-SXM4-40GB MIG 4g.20gb (0),1,,13,[CUDA memcpy Host-to-Device]
6326431656,8159,454002,69,4,1,48,1,1,76,0.002,0.000,,,,,NVIDIA A100-SXM4-40GB MIG 4g.20gb (0),1,,13,"void ch_est::windowedChEstPreNoDftSOfdmKernel<float, __half, float, (unsigned int)2, (unsigned int)1, (unsigned short)4>(ch_est::puschRxChEstStatDescr_t *, ch_est::puschRxChEstDynDescr_t *)"
6326450823,6720,454003,137,2,1,24,2,1,44,0.001,0.001,,,,,NVIDIA A100-SXM4-40GB MIG 4g.20gb (0),1,,13,"void ch_est::chEstFilterNoDftSOfdmDispatchKernel<float, __half, float, (unsigned int)2>(ch_est::puschRxChEstStatDescr_t *, ch_est::puschRxChEstDynDescr_t *)"
6326467943,4768,454004,137,2,1,24,2,1,44,0.001,0.001,,,,,NVIDIA A100-SXM4-40GB MIG 4g.20gb (0),1,,13,"void ch_est::chEstFilterNoDftSOfdmDispatchKernel<float, __half, float, (unsigned int)2>(ch_est::puschRxChEstStatDescr_t *, ch_est::puschRxChEstDynDescr_t *)"
6326485127,2624,454015,103,1,1,128,1,1,16,0.000,0.000,,,,,NVIDIA A100-SXM4-40GB MIG 4g.20gb (0),1,,13,cupy_copy__complex64_complex64
6326502119,12352,454025,1434,1,1,128,1,1,16,0.000,0.000,,,,,NVIDIA A100-SXM4-40GB MIG 4g.20gb (0),1,,13,cupy_copy__complex64_complex64
6326523622,2880,454032,103,1,1,128,1,1,16,0.000,0.000,,,,,NVIDIA A100-SXM4-40GB MIG 4g.20gb (0),1,,13,cupy_copy__complex64_complex64
6326549350,85695,454039,1,1,1,32,32,1,30,0.000,0.000,,,,,NVIDIA A100-SXM4-40GB MIG 4g.20gb (0),1,,13,"void convert_kernel<__half2, float2>(tensor_layout_any, T1 *, tensor_layout_any, const T2 *)"
6326665253,12896,454042,,,,,,,,,,0.094,7265.469,Pinned,Device,NVIDIA A100-SXM4-40GB MIG 4g.20gb (0),1,,13,[CUDA memcpy Host-to-Device]
6326686916,47616,454043,,,,,,,,,,35.810,752044.130,Device,,NVIDIA A100-SXM4-40GB MIG 4g.20gb (0),1,,13,[CUDA memset]
6326740644,4480,454045,,,,,,,,,,0.000,17.857,Pinned,Device,NVIDIA A100-SXM4-40GB MIG 4g.20gb (0),1,,13,[CUDA memcpy Host-to-Device]
6326748932,12128,454046,,,,,,,,,,0.197,16210.919,Pinned,Device,NVIDIA A100-SXM4-40GB MIG 4g.20gb (0),1,,13,[CUDA memcpy Host-to-Device]
6326768835,10656,454047,273,1,1,48,1,1,40,0.000,0.001,,,,,NVIDIA A100-SXM4-40GB MIG 4g.20gb (0),1,,13,"void pusch_noise_intf_est::noiseIntfEstNoDftSOfdmKernel<float, __half, float, float, (unsigned int)2, (unsigned int)1, (unsigned char)4, (unsigned char)4>(pusch_noise_intf_est::puschRxNoiseIntfEstDynDescr)"
6326782275,2816,454058,35,1,1,128,1,1,16,0.000,0.000,,,,,NVIDIA A100-SXM4-40GB MIG 4g.20gb (0),1,,13,cupy_copy__complex64_complex64
6326786563,1824,454067,1,1,1,1,1,1,18,0.000,0.000,,,,,NVIDIA A100-SXM4-40GB MIG 4g.20gb (0),1,,13,cupy_copy__float32_float32
6326814083,1632,454073,,,,,,,,,,0.000,2.451,Device,Pageable,NVIDIA A100-SXM4-40GB MIG 4g.20gb (0),1,,7,[CUDA memcpy Device-to-Host]
6326884674,13024,454084,1434,1,1,128,1,1,16,0.000,0.000,,,,,NVIDIA A100-SXM4-40GB MIG 4g.20gb (0),1,,13,cupy_copy__complex64_complex64
6326910914,3008,454091,103,1,1,128,1,1,16,0.000,0.000,,,,,NVIDIA A100-SXM4-40GB MIG 4g.20gb (0),1,,13,cupy_copy__complex64_complex64
6326931585,2592,454098,35,1,1,128,1,1,16,0.000,0.000,,,,,NVIDIA A100-SXM4-40GB MIG 4g.20gb (0),1,,13,cupy_copy__complex64_complex64
6326954209,1888,454105,1,1,1,1,1,1,18,0.000,0.000,,,,,NVIDIA A100-SXM4-40GB MIG 4g.20gb (0),1,,13,cupy_copy__float32_float32
6327085984,87902,454116,1,1,1,32,32,1,30,0.000,0.000,,,,,NVIDIA A100-SXM4-40GB MIG 4g.20gb (0),1,,13,"void convert_kernel<__half2, float2>(tensor_layout_any, T1 *, tensor_layout_any, const T2 *)"
6327201950,5760,454119,,,,,,,,,,0.094,16266.656,Pinned,Device,NVIDIA A100-SXM4-40GB MIG 4g.20gb (0),1,,13,[CUDA memcpy Host-to-Device]
6327217278,3136,454120,,,,,,,,,,1.547,493182.821,Device,,NVIDIA A100-SXM4-40GB MIG 4g.20gb (0),1,,13,[CUDA memset]
6327222846,3584,454125,,,,,,,,,,0.031,8732.116,Pinned,Device,NVIDIA A100-SXM4-40GB MIG 4g.20gb (0),1,,13,[CUDA memcpy Host-to-Device]
6327228510,9376,454126,,,,,,,,,,0.197,20969.226,Pinned,Device,NVIDIA A100-SXM4-40GB MIG 4g.20gb (0),1,,13,[CUDA memcpy Host-to-Device]
6327243518,6527,454127,273,1,1,8,4,1,39,0.002,0.000,,,,,NVIDIA A100-SXM4-40GB MIG 4g.20gb (0),1,,13,"void channel_eq::eqMmseCoefCompLowMimoKernel<float, float, float, (unsigned int)4, (unsigned int)1, (unsigned int)4>(const channel_eq::_puschRxChEqStatDescr *, channel_eq::_puschRxChEqCoefCompDynDescr)"
6327251165,7648,454128,273,1,1,12,11,1,51,0.002,0.000,,,,,NVIDIA A100-SXM4-40GB MIG 4g.20gb (0),1,,13,"void channel_eq::eqMmseSoftDemapKernel<float, __half, __half, float, (unsigned int)4, (unsigned short)16383>(channel_eq::_puschRxChEqStatDescr *, channel_eq::_puschRxChEqSoftDemapDynDescr)"
6327259901,282141,454129,1,1,1,32,32,1,30,0.000,0.000,,,,,NVIDIA A100-SXM4-40GB MIG 4g.20gb (0),1,,13,"void convert_kernel<float2, __half2>(tensor_layout_any, T1 *, tensor_layout_any, const T2 *)"
6327545146,10944,454141,2253,1,1,128,1,1,16,0.000,0.000,,,,,NVIDIA A100-SXM4-40GB MIG 4g.20gb (0),1,,13,cupy_copy__float16_float16
6327558298,2848,454150,282,1,1,128,1,1,16,0.000,0.000,,,,,NVIDIA A100-SXM4-40GB MIG 4g.20gb (0),1,,13,cupy_copy__complex64_complex64
6327563930,1984,454159,26,1,1,128,1,1,16,0.000,0.000,,,,,NVIDIA A100-SXM4-40GB MIG 4g.20gb (0),1,,13,cupy_copy__float32_float32
6327566938,2784,454168,103,1,1,128,1,1,16,0.000,0.000,,,,,NVIDIA A100-SXM4-40GB MIG 4g.20gb (0),1,,13,cupy_copy__complex64_complex64
6327572794,11935,454178,1434,1,1,128,1,1,16,0.000,0.000,,,,,NVIDIA A100-SXM4-40GB MIG 4g.20gb (0),1,,13,cupy_copy__complex64_complex64
6327589881,83071,454183,1,1,1,32,32,1,30,0.000,0.000,,,,,NVIDIA A100-SXM4-40GB MIG 4g.20gb (0),1,,13,"void convert_kernel<__half2, float2>(tensor_layout_any, T1 *, tensor_layout_any, const T2 *)"
6327699608,5952,454186,,,,,,,,,,0.094,15741.865,Pinned,Device,NVIDIA A100-SXM4-40GB MIG 4g.20gb (0),1,,13,[CUDA memcpy Host-to-Device]
6327709848,596184,454187,,,,,,,,,,456.561,765653.535,Device,,NVIDIA A100-SXM4-40GB MIG 4g.20gb (0),1,,13,[CUDA memset]
6328309744,150879,454192,,,,,,,,,,1.235,8183.974,Pinned,Device,NVIDIA A100-SXM4-40GB MIG 4g.20gb (0),1,,13,[CUDA memcpy Host-to-Device]
6328473038,41088,454193,,,,,,,,,,0.197,4785.046,Pinned,Device,NVIDIA A100-SXM4-40GB MIG 4g.20gb (0),1,,13,[CUDA memcpy Host-to-Device]
6328548077,7936,454194,69,4,1,48,1,1,76,0.002,0.000,,,,,NVIDIA A100-SXM4-40GB MIG 4g.20gb (0),1,,13,"void ch_est::windowedChEstPreNoDftSOfdmKernel<float, __half, float, (unsigned int)2, (unsigned int)1, (unsigned short)4>(ch_est::puschRxChEstStatDescr_t *, ch_est::puschRxChEstDynDescr_t *)"
6328568077,6656,454195,137,2,1,24,2,1,44,0.001,0.001,,,,,NVIDIA A100-SXM4-40GB MIG 4g.20gb (0),1,,13,"void ch_est::chEstFilterNoDftSOfdmDispatchKernel<float, __half, float, (unsigned int)2>(ch_est::puschRxChEstStatDescr_t *, ch_est::puschRxChEstDynDescr_t *)"
6328587085,4768,454196,137,2,1,24,2,1,44,0.001,0.001,,,,,NVIDIA A100-SXM4-40GB MIG 4g.20gb (0),1,,13,"void ch_est::chEstFilterNoDftSOfdmDispatchKernel<float, __half, float, (unsigned int)2>(ch_est::puschRxChEstStatDescr_t *, ch_est::puschRxChEstDynDescr_t *)"
6328604621,2560,454207,103,1,1,128,1,1,16,0.000,0.000,,,,,NVIDIA A100-SXM4-40GB MIG 4g.20gb (0),1,,13,cupy_copy__complex64_complex64
6328621357,12383,454217,1434,1,1,128,1,1,16,0.000,0.000,,,,,NVIDIA A100-SXM4-40GB MIG 4g.20gb (0),1,,13,cupy_copy__complex64_complex64
6328640588,2528,454224,103,1,1,128,1,1,16,0.000,0.000,,,,,NVIDIA A100-SXM4-40GB MIG 4g.20gb (0),1,,13,cupy_copy__complex64_complex64
6328661740,88511,454231,1,1,1,32,32,1,30,0.000,0.000,,,,,NVIDIA A100-SXM4-40GB MIG 4g.20gb (0),1,,13,"void convert_kernel<__half2, float2>(tensor_layout_any, T1 *, tensor_layout_any, const T2 *)"
6328784331,25983,454234,,,,,,,,,,0.094,3605.984,Pinned,Device,NVIDIA A100-SXM4-40GB MIG 4g.20gb (0),1,,13,[CUDA memcpy Host-to-Device]
6328840906,46879,454235,,,,,,,,,,35.810,763861.404,Device,,NVIDIA A100-SXM4-40GB MIG 4g.20gb (0),1,,13,[CUDA memset]
6328895785,15808,454237,,,,,,,,,,0.000,5.061,Pinned,Device,NVIDIA A100-SXM4-40GB MIG 4g.20gb (0),1,,13,[CUDA memcpy Host-to-Device]
6328917993,29280,454238,,,,,,,,,,0.197,6714.753,Pinned,Device,NVIDIA A100-SXM4-40GB MIG 4g.20gb (0),1,,13,[CUDA memcpy Host-to-Device]
6328973608,9504,454239,273,1,1,48,1,1,40,0.000,0.001,,,,,NVIDIA A100-SXM4-40GB MIG 4g.20gb (0),1,,13,"void pusch_noise_intf_est::noiseIntfEstNoDftSOfdmKernel<float, __half, float, float, (unsigned int)2, (unsigned int)1, (unsigned char)4, (unsigned char)4>(pusch_noise_intf_est::puschRxNoiseIntfEstDynDescr)"
6328990504,2752,454250,35,1,1,128,1,1,16,0.000,0.000,,,,,NVIDIA A100-SXM4-40GB MIG 4g.20gb (0),1,,13,cupy_copy__complex64_complex64
6329007144,1728,454259,1,1,1,1,1,1,18,0.000,0.000,,,,,NVIDIA A100-SXM4-40GB MIG 4g.20gb (0),1,,13,cupy_copy__float32_float32
6329014920,8256,454265,,,,,,,,,,0.000,0.484,Device,Pageable,NVIDIA A100-SXM4-40GB MIG 4g.20gb (0),1,,7,[CUDA memcpy Device-to-Host]
6329109703,13151,454276,1434,1,1,128,1,1,16,0.000,0.000,,,,,NVIDIA A100-SXM4-40GB MIG 4g.20gb (0),1,,13,cupy_copy__complex64_complex64
6329123878,2560,454283,103,1,1,128,1,1,16,0.000,0.000,,,,,NVIDIA A100-SXM4-40GB MIG 4g.20gb (0),1,,13,cupy_copy__complex64_complex64
6329156134,2336,454290,35,1,1,128,1,1,16,0.000,0.000,,,,,NVIDIA A100-SXM4-40GB MIG 4g.20gb (0),1,,13,cupy_copy__complex64_complex64
6329168198,1984,454297,1,1,1,1,1,1,18,0.000,0.000,,,,,NVIDIA A100-SXM4-40GB MIG 4g.20gb (0),1,,13,cupy_copy__float32_float32
6329293060,82719,454308,1,1,1,32,32,1,30,0.000,0.000,,,,,NVIDIA A100-SXM4-40GB MIG 4g.20gb (0),1,,13,"void convert_kernel<__half2, float2>(tensor_layout_any, T1 *, tensor_layout_any, const T2 *)"
6329402979,6048,454311,,,,,,,,,,0.094,15491.978,Pinned,Device,NVIDIA A100-SXM4-40GB MIG 4g.20gb (0),1,,13,[CUDA memcpy Host-to-Device]
6329417603,3360,454312,,,,,,,,,,1.547,460304.688,Device,,NVIDIA A100-SXM4-40GB MIG 4g.20gb (0),1,,13,[CUDA memset]
6329424387,3200,454317,,,,,,,,,,0.031,9780.000,Pinned,Device,NVIDIA A100-SXM4-40GB MIG 4g.20gb (0),1,,13,[CUDA memcpy Host-to-Device]
6329430307,9855,454318,,,,,,,,,,0.197,19950.010,Pinned,Device,NVIDIA A100-SXM4-40GB MIG 4g.20gb (0),1,,13,[CUDA memcpy Host-to-Device]
6329446082,6176,454319,273,1,1,8,4,1,39,0.002,0.000,,,,,NVIDIA A100-SXM4-40GB MIG 4g.20gb (0),1,,13,"void channel_eq::eqMmseCoefCompLowMimoKernel<float, float, float, (unsigned int)4, (unsigned int)1, (unsigned int)4>(const channel_eq::_puschRxChEqStatDescr *, channel_eq::_puschRxChEqCoefCompDynDescr)"
6329453250,6304,454320,273,1,1,12,11,1,51,0.002,0.000,,,,,NVIDIA A100-SXM4-40GB MIG 4g.20gb (0),1,,13,"void channel_eq::eqMmseSoftDemapKernel<float, __half, __half, float, (unsigned int)4, (unsigned short)16383>(channel_eq::_puschRxChEqStatDescr *, channel_eq::_puschRxChEqSoftDemapDynDescr)"
6329460482,282269,454321,1,1,1,32,32,1,30,0.000,0.000,,,,,NVIDIA A100-SXM4-40GB MIG 4g.20gb (0),1,,13,"void convert_kernel<float2, __half2>(tensor_layout_any, T1 *, tensor_layout_any, const T2 *)"
6329743903,11072,454333,2253,1,1,128,1,1,16,0.000,0.000,,,,,NVIDIA A100-SXM4-40GB MIG 4g.20gb (0),1,,13,cupy_copy__float16_float16
6329757983,3232,454342,282,1,1,128,1,1,16,0.000,0.000,,,,,NVIDIA A100-SXM4-40GB MIG 4g.20gb (0),1,,13,cupy_copy__complex64_complex64
6329762462,2112,454351,26,1,1,128,1,1,16,0.000,0.000,,,,,NVIDIA A100-SXM4-40GB MIG 4g.20gb (0),1,,13,cupy_copy__float32_float32
6329766974,2976,454360,103,1,1,128,1,1,16,0.000,0.000,,,,,NVIDIA A100-SXM4-40GB MIG 4g.20gb (0),1,,13,cupy_copy__complex64_complex64
6329772190,12000,454370,1434,1,1,128,1,1,16,0.000,0.000,,,,,NVIDIA A100-SXM4-40GB MIG 4g.20gb (0),1,,13,cupy_copy__complex64_complex64
6329790206,83167,454375,1,1,1,32,32,1,30,0.000,0.000,,,,,NVIDIA A100-SXM4-40GB MIG 4g.20gb (0),1,,13,"void convert_kernel<__half2, float2>(tensor_layout_any, T1 *, tensor_layout_any, const T2 *)"
6329900893,5344,454378,,,,,,,,,,0.094,17532.864,Pinned,Device,NVIDIA A100-SXM4-40GB MIG 4g.20gb (0),1,,13,[CUDA memcpy Host-to-Device]
6329911325,600472,454379,,,,,,,,,,456.561,760174.798,Device,,NVIDIA A100-SXM4-40GB MIG 4g.20gb (0),1,,13,[CUDA memset]
6330518133,66047,454384,,,,,,,,,,1.235,18697.052,Pinned,Device,NVIDIA A100-SXM4-40GB MIG 4g.20gb (0),1,,13,[CUDA memcpy Host-to-Device]
6330588916,12800,454385,,,,,,,,,,0.197,15360.000,Pinned,Device,NVIDIA A100-SXM4-40GB MIG 4g.20gb (0),1,,13,[CUDA memcpy Host-to-Device]
6330610388,8064,454386,69,4,1,48,1,1,76,0.002,0.000,,,,,NVIDIA A100-SXM4-40GB MIG 4g.20gb (0),1,,13,"void ch_est::windowedChEstPreNoDftSOfdmKernel<float, __half, float, (unsigned int)2, (unsigned int)1, (unsigned short)4>(ch_est::puschRxChEstStatDescr_t *, ch_est::puschRxChEstDynDescr_t *)"
6330622900,6304,454387,137,2,1,24,2,1,44,0.001,0.001,,,,,NVIDIA A100-SXM4-40GB MIG 4g.20gb (0),1,,13,"void ch_est::chEstFilterNoDftSOfdmDispatchKernel<float, __half, float, (unsigned int)2>(ch_est::puschRxChEstStatDescr_t *, ch_est::puschRxChEstDynDescr_t *)"
6330631220,5024,454388,137,2,1,24,2,1,44,0.001,0.001,,,,,NVIDIA A100-SXM4-40GB MIG 4g.20gb (0),1,,13,"void ch_est::chEstFilterNoDftSOfdmDispatchKernel<float, __half, float, (unsigned int)2>(ch_est::puschRxChEstStatDescr_t *, ch_est::puschRxChEstDynDescr_t *)"
6330638420,2592,454399,103,1,1,128,1,1,16,0.000,0.000,,,,,NVIDIA A100-SXM4-40GB MIG 4g.20gb (0),1,,13,cupy_copy__complex64_complex64
6330645332,12639,454409,1434,1,1,128,1,1,16,0.000,0.000,,,,,NVIDIA A100-SXM4-40GB MIG 4g.20gb (0),1,,13,cupy_copy__complex64_complex64
6330661299,2976,454416,103,1,1,128,1,1,16,0.000,0.000,,,,,NVIDIA A100-SXM4-40GB MIG 4g.20gb (0),1,,13,cupy_copy__complex64_complex64
6330667059,82175,454423,1,1,1,32,32,1,30,0.000,0.000,,,,,NVIDIA A100-SXM4-40GB MIG 4g.20gb (0),1,,13,"void convert_kernel<__half2, float2>(tensor_layout_any, T1 *, tensor_layout_any, const T2 *)"
6330776850,5504,454426,,,,,,,,,,0.094,17023.251,Pinned,Device,NVIDIA A100-SXM4-40GB MIG 4g.20gb (0),1,,13,[CUDA memcpy Host-to-Device]
6330789394,47327,454427,,,,,,,,,,35.810,756627.800,Device,,NVIDIA A100-SXM4-40GB MIG 4g.20gb (0),1,,13,[CUDA memset]
6330843761,2880,454429,,,,,,,,,,0.000,27.778,Pinned,Device,NVIDIA A100-SXM4-40GB MIG 4g.20gb (0),1,,13,[CUDA memcpy Host-to-Device]
6330851057,11552,454430,,,,,,,,,,0.197,17019.372,Pinned,Device,NVIDIA A100-SXM4-40GB MIG 4g.20gb (0),1,,13,[CUDA memcpy Host-to-Device]
6330870129,10208,454431,273,1,1,48,1,1,40,0.000,0.001,,,,,NVIDIA A100-SXM4-40GB MIG 4g.20gb (0),1,,13,"void pusch_noise_intf_est::noiseIntfEstNoDftSOfdmKernel<float, __half, float, float, (unsigned int)2, (unsigned int)1, (unsigned char)4, (unsigned char)4>(pusch_noise_intf_est::puschRxNoiseIntfEstDynDescr)"
6330884785,3264,454442,35,1,1,128,1,1,16,0.000,0.000,,,,,NVIDIA A100-SXM4-40GB MIG 4g.20gb (0),1,,13,cupy_copy__complex64_complex64
6330907856,1792,454451,1,1,1,1,1,1,18,0.000,0.000,,,,,NVIDIA A100-SXM4-40GB MIG 4g.20gb (0),1,,13,cupy_copy__float32_float32
6330940592,1568,454457,,,,,,,,,,0.000,2.551,Device,Pageable,NVIDIA A100-SXM4-40GB MIG 4g.20gb (0),1,,7,[CUDA memcpy Device-to-Host]
6330999311,12832,454468,1434,1,1,128,1,1,16,0.000,0.000,,,,,NVIDIA A100-SXM4-40GB MIG 4g.20gb (0),1,,13,cupy_copy__complex64_complex64
6331030639,2848,454475,103,1,1,128,1,1,16,0.000,0.000,,,,,NVIDIA A100-SXM4-40GB MIG 4g.20gb (0),1,,13,cupy_copy__complex64_complex64
6331051279,2624,454482,35,1,1,128,1,1,16,0.000,0.000,,,,,NVIDIA A100-SXM4-40GB MIG 4g.20gb (0),1,,13,cupy_copy__complex64_complex64
6331070094,1824,454489,1,1,1,1,1,1,18,0.000,0.000,,,,,NVIDIA A100-SXM4-40GB MIG 4g.20gb (0),1,,13,cupy_copy__float32_float32
6331200877,90463,454500,1,1,1,32,32,1,30,0.000,0.000,,,,,NVIDIA A100-SXM4-40GB MIG 4g.20gb (0),1,,13,"void convert_kernel<__half2, float2>(tensor_layout_any, T1 *, tensor_layout_any, const T2 *)"
6331319435,5504,454503,,,,,,,,,,0.094,17023.251,Pinned,Device,NVIDIA A100-SXM4-40GB MIG 4g.20gb (0),1,,13,[CUDA memcpy Host-to-Device]
6331333579,3232,454504,,,,,,,,,,1.547,478533.199,Device,,NVIDIA A100-SXM4-40GB MIG 4g.20gb (0),1,,13,[CUDA memset]
6331340619,3040,454509,,,,,,,,,,0.031,10294.725,Pinned,Device,NVIDIA A100-SXM4-40GB MIG 4g.20gb (0),1,,13,[CUDA memcpy Host-to-Device]
6331346155,9632,454510,,,,,,,,,,0.197,20411.843,Pinned,Device,NVIDIA A100-SXM4-40GB MIG 4g.20gb (0),1,,13,[CUDA memcpy Host-to-Device]
6331361451,6592,454511,273,1,1,8,4,1,39,0.002,0.000,,,,,NVIDIA A100-SXM4-40GB MIG 4g.20gb (0),1,,13,"void channel_eq::eqMmseCoefCompLowMimoKernel<float, float, float, (unsigned int)4, (unsigned int)1, (unsigned int)4>(const channel_eq::_puschRxChEqStatDescr *, channel_eq::_puschRxChEqCoefCompDynDescr)"
6331369579,5728,454512,273,1,1,12,11,1,51,0.002,0.000,,,,,NVIDIA A100-SXM4-40GB MIG 4g.20gb (0),1,,13,"void channel_eq::eqMmseSoftDemapKernel<float, __half, __half, float, (unsigned int)4, (unsigned short)16383>(channel_eq::_puschRxChEqStatDescr *, channel_eq::_puschRxChEqSoftDemapDynDescr)"
6331376331,281020,454513,1,1,1,32,32,1,30,0.000,0.000,,,,,NVIDIA A100-SXM4-40GB MIG 4g.20gb (0),1,,13,"void convert_kernel<float2, __half2>(tensor_layout_any, T1 *, tensor_layout_any, const T2 *)"
6331658375,10944,454525,2253,1,1,128,1,1,16,0.000,0.000,,,,,NVIDIA A100-SXM4-40GB MIG 4g.20gb (0),1,,13,cupy_copy__float16_float16
6331672455,3072,454534,282,1,1,128,1,1,16,0.000,0.000,,,,,NVIDIA A100-SXM4-40GB MIG 4g.20gb (0),1,,13,cupy_copy__complex64_complex64
6331677159,2048,454543,26,1,1,128,1,1,16,0.000,0.000,,,,,NVIDIA A100-SXM4-40GB MIG 4g.20gb (0),1,,13,cupy_copy__float32_float32
6331681575,3008,454552,103,1,1,128,1,1,16,0.000,0.000,,,,,NVIDIA A100-SXM4-40GB MIG 4g.20gb (0),1,,13,cupy_copy__complex64_complex64
6331685639,12000,454562,1434,1,1,128,1,1,16,0.000,0.000,,,,,NVIDIA A100-SXM4-40GB MIG 4g.20gb (0),1,,13,cupy_copy__complex64_complex64
6331707238,86591,454567,1,1,1,32,32,1,30,0.000,0.000,,,,,NVIDIA A100-SXM4-40GB MIG 4g.20gb (0),1,,13,"void convert_kernel<__half2, float2>(tensor_layout_any, T1 *, tensor_layout_any, const T2 *)"
6331821989,5696,454570,,,,,,,,,,0.094,16449.363,Pinned,Device,NVIDIA A100-SXM4-40GB MIG 4g.20gb (0),1,,13,[CUDA memcpy Host-to-Device]
6331834629,596185,454571,,,,,,,,,,456.561,765653.535,Device,,NVIDIA A100-SXM4-40GB MIG 4g.20gb (0),1,,13,[CUDA memset]
6332445533,130719,454576,,,,,,,,,,1.235,9446.087,Pinned,Device,NVIDIA A100-SXM4-40GB MIG 4g.20gb (0),1,,13,[CUDA memcpy Host-to-Device]
6332593372,40415,454577,,,,,,,,,,0.197,4864.672,Pinned,Device,NVIDIA A100-SXM4-40GB MIG 4g.20gb (0),1,,13,[CUDA memcpy Host-to-Device]
6332657723,8096,454578,69,4,1,48,1,1,76,0.002,0.000,,,,,NVIDIA A100-SXM4-40GB MIG 4g.20gb (0),1,,13,"void ch_est::windowedChEstPreNoDftSOfdmKernel<float, __half, float, (unsigned int)2, (unsigned int)1, (unsigned short)4>(ch_est::puschRxChEstStatDescr_t *, ch_est::puschRxChEstDynDescr_t *)"
6332675323,6879,454579,137,2,1,24,2,1,44,0.001,0.001,,,,,NVIDIA A100-SXM4-40GB MIG 4g.20gb (0),1,,13,"void ch_est::chEstFilterNoDftSOfdmDispatchKernel<float, __half, float, (unsigned int)2>(ch_est::puschRxChEstStatDescr_t *, ch_est::puschRxChEstDynDescr_t *)"
6332692442,4768,454580,137,2,1,24,2,1,44,0.001,0.001,,,,,NVIDIA A100-SXM4-40GB MIG 4g.20gb (0),1,,13,"void ch_est::chEstFilterNoDftSOfdmDispatchKernel<float, __half, float, (unsigned int)2>(ch_est::puschRxChEstStatDescr_t *, ch_est::puschRxChEstDynDescr_t *)"
6332708346,2496,454591,103,1,1,128,1,1,16,0.000,0.000,,,,,NVIDIA A100-SXM4-40GB MIG 4g.20gb (0),1,,13,cupy_copy__complex64_complex64
6332727290,12512,454601,1434,1,1,128,1,1,16,0.000,0.000,,,,,NVIDIA A100-SXM4-40GB MIG 4g.20gb (0),1,,13,cupy_copy__complex64_complex64
6332755834,2720,454608,103,1,1,128,1,1,16,0.000,0.000,,,,,NVIDIA A100-SXM4-40GB MIG 4g.20gb (0),1,,13,cupy_copy__complex64_complex64
6332767705,83071,454615,1,1,1,32,32,1,30,0.000,0.000,,,,,NVIDIA A100-SXM4-40GB MIG 4g.20gb (0),1,,13,"void convert_kernel<__half2, float2>(tensor_layout_any, T1 *, tensor_layout_any, const T2 *)"
6332877688,5920,454618,,,,,,,,,,0.094,15826.941,Pinned,Device,NVIDIA A100-SXM4-40GB MIG 4g.20gb (0),1,,13,[CUDA memcpy Host-to-Device]
6332889912,47295,454619,,,,,,,,,,35.810,757129.139,Device,,NVIDIA A100-SXM4-40GB MIG 4g.20gb (0),1,,13,[CUDA memset]
6332943639,5856,454621,,,,,,,,,,0.000,13.661,Pinned,Device,NVIDIA A100-SXM4-40GB MIG 4g.20gb (0),1,,13,[CUDA memcpy Host-to-Device]
6332954583,12000,454622,,,,,,,,,,0.197,16383.934,Pinned,Device,NVIDIA A100-SXM4-40GB MIG 4g.20gb (0),1,,13,[CUDA memcpy Host-to-Device]
6332974167,10144,454623,273,1,1,48,1,1,40,0.000,0.001,,,,,NVIDIA A100-SXM4-40GB MIG 4g.20gb (0),1,,13,"void pusch_noise_intf_est::noiseIntfEstNoDftSOfdmKernel<float, __half, float, float, (unsigned int)2, (unsigned int)1, (unsigned char)4, (unsigned char)4>(pusch_noise_intf_est::puschRxNoiseIntfEstDynDescr)"
6332987895,2976,454634,35,1,1,128,1,1,16,0.000,0.000,,,,,NVIDIA A100-SXM4-40GB MIG 4g.20gb (0),1,,13,cupy_copy__complex64_complex64
6333001047,1920,454643,1,1,1,1,1,1,18,0.000,0.000,,,,,NVIDIA A100-SXM4-40GB MIG 4g.20gb (0),1,,13,cupy_copy__float32_float32
6333029910,1920,454649,,,,,,,,,,0.000,2.083,Device,Pageable,NVIDIA A100-SXM4-40GB MIG 4g.20gb (0),1,,7,[CUDA memcpy Device-to-Host]
6333090901,13056,454660,1434,1,1,128,1,1,16,0.000,0.000,,,,,NVIDIA A100-SXM4-40GB MIG 4g.20gb (0),1,,13,cupy_copy__complex64_complex64
6333122197,3360,454667,103,1,1,128,1,1,16,0.000,0.000,,,,,NVIDIA A100-SXM4-40GB MIG 4g.20gb (0),1,,13,cupy_copy__complex64_complex64
6333142389,2720,454674,35,1,1,128,1,1,16,0.000,0.000,,,,,NVIDIA A100-SXM4-40GB MIG 4g.20gb (0),1,,13,cupy_copy__complex64_complex64
6333159445,1792,454681,1,1,1,1,1,1,18,0.000,0.000,,,,,NVIDIA A100-SXM4-40GB MIG 4g.20gb (0),1,,13,cupy_copy__float32_float32
6333292659,86975,454692,1,1,1,32,32,1,30,0.000,0.000,,,,,NVIDIA A100-SXM4-40GB MIG 4g.20gb (0),1,,13,"void convert_kernel<__half2, float2>(tensor_layout_any, T1 *, tensor_layout_any, const T2 *)"
6333407090,5471,454695,,,,,,,,,,0.094,17125.849,Pinned,Device,NVIDIA A100-SXM4-40GB MIG 4g.20gb (0),1,,13,[CUDA memcpy Host-to-Device]
6333421393,3104,454696,,,,,,,,,,1.547,498266.574,Device,,NVIDIA A100-SXM4-40GB MIG 4g.20gb (0),1,,13,[CUDA memset]
6333428017,3488,454701,,,,,,,,,,0.031,8972.469,Pinned,Device,NVIDIA A100-SXM4-40GB MIG 4g.20gb (0),1,,13,[CUDA memcpy Host-to-Device]
6333433937,10016,454702,,,,,,,,,,0.197,19629.343,Pinned,Device,NVIDIA A100-SXM4-40GB MIG 4g.20gb (0),1,,13,[CUDA memcpy Host-to-Device]
6333451313,8256,454703,273,1,1,8,4,1,39,0.002,0.000,,,,,NVIDIA A100-SXM4-40GB MIG 4g.20gb (0),1,,13,"void channel_eq::eqMmseCoefCompLowMimoKernel<float, float, float, (unsigned int)4, (unsigned int)1, (unsigned int)4>(const channel_eq::_puschRxChEqStatDescr *, channel_eq::_puschRxChEqCoefCompDynDescr)"
6333461937,6080,454704,273,1,1,12,11,1,51,0.002,0.000,,,,,NVIDIA A100-SXM4-40GB MIG 4g.20gb (0),1,,13,"void channel_eq::eqMmseSoftDemapKernel<float, __half, __half, float, (unsigned int)4, (unsigned short)16383>(channel_eq::_puschRxChEqStatDescr *, channel_eq::_puschRxChEqSoftDemapDynDescr)"
6333471921,282972,454705,1,1,1,32,32,1,30,0.000,0.000,,,,,NVIDIA A100-SXM4-40GB MIG 4g.20gb (0),1,,13,"void convert_kernel<float2, __half2>(tensor_layout_any, T1 *, tensor_layout_any, const T2 *)"
6333755917,10624,454717,2253,1,1,128,1,1,16,0.000,0.000,,,,,NVIDIA A100-SXM4-40GB MIG 4g.20gb (0),1,,13,cupy_copy__float16_float16
6333769709,3488,454726,282,1,1,128,1,1,16,0.000,0.000,,,,,NVIDIA A100-SXM4-40GB MIG 4g.20gb (0),1,,13,cupy_copy__complex64_complex64
6333775021,2304,454735,26,1,1,128,1,1,16,0.000,0.000,,,,,NVIDIA A100-SXM4-40GB MIG 4g.20gb (0),1,,13,cupy_copy__float32_float32
6333780461,3072,454744,103,1,1,128,1,1,16,0.000,0.000,,,,,NVIDIA A100-SXM4-40GB MIG 4g.20gb (0),1,,13,cupy_copy__complex64_complex64
6333784493,11808,454754,1434,1,1,128,1,1,16,0.000,0.000,,,,,NVIDIA A100-SXM4-40GB MIG 4g.20gb (0),1,,13,cupy_copy__complex64_complex64
6333799949,86783,454759,1,1,1,32,32,1,30,0.000,0.000,,,,,NVIDIA A100-SXM4-40GB MIG 4g.20gb (0),1,,13,"void convert_kernel<__half2, float2>(tensor_layout_any, T1 *, tensor_layout_any, const T2 *)"
6333913771,5696,454762,,,,,,,,,,0.094,16449.363,Pinned,Device,NVIDIA A100-SXM4-40GB MIG 4g.20gb (0),1,,13,[CUDA memcpy Host-to-Device]
6333923499,597337,454763,,,,,,,,,,456.561,764283.851,Device,,NVIDIA A100-SXM4-40GB MIG 4g.20gb (0),1,,13,[CUDA memset]
6334527044,157374,454768,,,,,,,,,,1.235,7846.834,Pinned,Device,NVIDIA A100-SXM4-40GB MIG 4g.20gb (0),1,,13,[CUDA memcpy Host-to-Device]
6334696962,39999,454769,,,,,,,,,,0.197,4915.200,Pinned,Device,NVIDIA A100-SXM4-40GB MIG 4g.20gb (0),1,,13,[CUDA memcpy Host-to-Device]
6334754721,8640,454770,69,4,1,48,1,1,76,0.002,0.000,,,,,NVIDIA A100-SXM4-40GB MIG 4g.20gb (0),1,,13,"void ch_est::windowedChEstPreNoDftSOfdmKernel<float, __half, float, (unsigned int)2, (unsigned int)1, (unsigned short)4>(ch_est::puschRxChEstStatDescr_t *, ch_est::puschRxChEstDynDescr_t *)"
6334772321,6656,454771,137,2,1,24,2,1,44,0.001,0.001,,,,,NVIDIA A100-SXM4-40GB MIG 4g.20gb (0),1,,13,"void ch_est::chEstFilterNoDftSOfdmDispatchKernel<float, __half, float, (unsigned int)2>(ch_est::puschRxChEstStatDescr_t *, ch_est::puschRxChEstDynDescr_t *)"
6334789696,4768,454772,137,2,1,24,2,1,44,0.001,0.001,,,,,NVIDIA A100-SXM4-40GB MIG 4g.20gb (0),1,,13,"void ch_est::chEstFilterNoDftSOfdmDispatchKernel<float, __half, float, (unsigned int)2>(ch_est::puschRxChEstStatDescr_t *, ch_est::puschRxChEstDynDescr_t *)"
6334804896,2688,454783,103,1,1,128,1,1,16,0.000,0.000,,,,,NVIDIA A100-SXM4-40GB MIG 4g.20gb (0),1,,13,cupy_copy__complex64_complex64
6334821600,12640,454793,1434,1,1,128,1,1,16,0.000,0.000,,,,,NVIDIA A100-SXM4-40GB MIG 4g.20gb (0),1,,13,cupy_copy__complex64_complex64
6334842528,2912,454800,103,1,1,128,1,1,16,0.000,0.000,,,,,NVIDIA A100-SXM4-40GB MIG 4g.20gb (0),1,,13,cupy_copy__complex64_complex64
6334867488,94622,454807,1,1,1,32,32,1,30,0.000,0.000,,,,,NVIDIA A100-SXM4-40GB MIG 4g.20gb (0),1,,13,"void convert_kernel<__half2, float2>(tensor_layout_any, T1 *, tensor_layout_any, const T2 *)"
6334997502,22752,454810,,,,,,,,,,0.094,4118.127,Pinned,Device,NVIDIA A100-SXM4-40GB MIG 4g.20gb (0),1,,13,[CUDA memcpy Host-to-Device]
6335034077,48160,454811,,,,,,,,,,35.810,743557.179,Device,,NVIDIA A100-SXM4-40GB MIG 4g.20gb (0),1,,13,[CUDA memset]
6335083069,8288,454813,,,,,,,,,,0.000,9.652,Pinned,Device,NVIDIA A100-SXM4-40GB MIG 4g.20gb (0),1,,13,[CUDA memcpy Host-to-Device]
6335097821,14815,454814,,,,,,,,,,0.197,13270.843,Pinned,Device,NVIDIA A100-SXM4-40GB MIG 4g.20gb (0),1,,13,[CUDA memcpy Host-to-Device]
6335123740,10080,454815,273,1,1,48,1,1,40,0.000,0.001,,,,,NVIDIA A100-SXM4-40GB MIG 4g.20gb (0),1,,13,"void pusch_noise_intf_est::noiseIntfEstNoDftSOfdmKernel<float, __half, float, float, (unsigned int)2, (unsigned int)1, (unsigned char)4, (unsigned char)4>(pusch_noise_intf_est::puschRxNoiseIntfEstDynDescr)"
6335143900,2880,454826,35,1,1,128,1,1,16,0.000,0.000,,,,,NVIDIA A100-SXM4-40GB MIG 4g.20gb (0),1,,13,cupy_copy__complex64_complex64
6335152124,2368,454835,1,1,1,1,1,1,18,0.000,0.000,,,,,NVIDIA A100-SXM4-40GB MIG 4g.20gb (0),1,,13,cupy_copy__float32_float32
6335158844,5312,454841,,,,,,,,,,0.000,0.753,Device,Pageable,NVIDIA A100-SXM4-40GB MIG 4g.20gb (0),1,,7,[CUDA memcpy Device-to-Host]
6335227579,13344,454852,1434,1,1,128,1,1,16,0.000,0.000,,,,,NVIDIA A100-SXM4-40GB MIG 4g.20gb (0),1,,13,cupy_copy__complex64_complex64
6335256315,3104,454859,103,1,1,128,1,1,16,0.000,0.000,,,,,NVIDIA A100-SXM4-40GB MIG 4g.20gb (0),1,,13,cupy_copy__complex64_complex64
6335275674,2176,454866,35,1,1,128,1,1,16,0.000,0.000,,,,,NVIDIA A100-SXM4-40GB MIG 4g.20gb (0),1,,13,cupy_copy__complex64_complex64
6335294010,1792,454873,1,1,1,1,1,1,18,0.000,0.000,,,,,NVIDIA A100-SXM4-40GB MIG 4g.20gb (0),1,,13,cupy_copy__float32_float32
6335424185,87391,454884,1,1,1,32,32,1,30,0.000,0.000,,,,,NVIDIA A100-SXM4-40GB MIG 4g.20gb (0),1,,13,"void convert_kernel<__half2, float2>(tensor_layout_any, T1 *, tensor_layout_any, const T2 *)"
6335539479,5696,454887,,,,,,,,,,0.094,16449.363,Pinned,Device,NVIDIA A100-SXM4-40GB MIG 4g.20gb (0),1,,13,[CUDA memcpy Host-to-Device]
6335553207,3264,454888,,,,,,,,,,1.547,473842.288,Device,,NVIDIA A100-SXM4-40GB MIG 4g.20gb (0),1,,13,[CUDA memset]
6335560887,3392,454893,,,,,,,,,,0.031,9226.405,Pinned,Device,NVIDIA A100-SXM4-40GB MIG 4g.20gb (0),1,,13,[CUDA memcpy Host-to-Device]
6335566935,9536,454894,,,,,,,,,,0.197,20617.298,Pinned,Device,NVIDIA A100-SXM4-40GB MIG 4g.20gb (0),1,,13,[CUDA memcpy Host-to-Device]
6335581463,6144,454895,273,1,1,8,4,1,39,0.002,0.000,,,,,NVIDIA A100-SXM4-40GB MIG 4g.20gb (0),1,,13,"void channel_eq::eqMmseCoefCompLowMimoKernel<float, float, float, (unsigned int)4, (unsigned int)1, (unsigned int)4>(const channel_eq::_puschRxChEqStatDescr *, channel_eq::_puschRxChEqCoefCompDynDescr)"
6335590295,6048,454896,273,1,1,12,11,1,51,0.002,0.000,,,,,NVIDIA A100-SXM4-40GB MIG 4g.20gb (0),1,,13,"void channel_eq::eqMmseSoftDemapKernel<float, __half, __half, float, (unsigned int)4, (unsigned short)16383>(channel_eq::_puschRxChEqStatDescr *, channel_eq::_puschRxChEqSoftDemapDynDescr)"
6335598166,290301,454897,1,1,1,32,32,1,30,0.000,0.000,,,,,NVIDIA A100-SXM4-40GB MIG 4g.20gb (0),1,,13,"void convert_kernel<float2, __half2>(tensor_layout_any, T1 *, tensor_layout_any, const T2 *)"
6335890739,11040,454909,2253,1,1,128,1,1,16,0.000,0.000,,,,,NVIDIA A100-SXM4-40GB MIG 4g.20gb (0),1,,13,cupy_copy__float16_float16
6335905235,3488,454918,282,1,1,128,1,1,16,0.000,0.000,,,,,NVIDIA A100-SXM4-40GB MIG 4g.20gb (0),1,,13,cupy_copy__complex64_complex64
6335910227,2144,454927,26,1,1,128,1,1,16,0.000,0.000,,,,,NVIDIA A100-SXM4-40GB MIG 4g.20gb (0),1,,13,cupy_copy__float32_float32
6335913395,2976,454936,103,1,1,128,1,1,16,0.000,0.000,,,,,NVIDIA A100-SXM4-40GB MIG 4g.20gb (0),1,,13,cupy_copy__complex64_complex64
6335918739,11935,454946,1434,1,1,128,1,1,16,0.000,0.000,,,,,NVIDIA A100-SXM4-40GB MIG 4g.20gb (0),1,,13,cupy_copy__complex64_complex64
6335934226,82271,454951,1,1,1,32,32,1,30,0.000,0.000,,,,,NVIDIA A100-SXM4-40GB MIG 4g.20gb (0),1,,13,"void convert_kernel<__half2, float2>(tensor_layout_any, T1 *, tensor_layout_any, const T2 *)"
6336042865,5632,454954,,,,,,,,,,0.094,16636.287,Pinned,Device,NVIDIA A100-SXM4-40GB MIG 4g.20gb (0),1,,13,[CUDA memcpy Host-to-Device]
6336053233,597209,454955,,,,,,,,,,456.561,764283.851,Device,,NVIDIA A100-SXM4-40GB MIG 4g.20gb (0),1,,13,[CUDA memset]
6336651177,116159,454960,,,,,,,,,,1.235,10630.398,Pinned,Device,NVIDIA A100-SXM4-40GB MIG 4g.20gb (0),1,,13,[CUDA memcpy Host-to-Device]
6336778888,39199,454961,,,,,,,,,,0.197,5015.470,Pinned,Device,NVIDIA A100-SXM4-40GB MIG 4g.20gb (0),1,,13,[CUDA memcpy Host-to-Device]
6336847911,8448,454962,69,4,1,48,1,1,76,0.002,0.000,,,,,NVIDIA A100-SXM4-40GB MIG 4g.20gb (0),1,,13,"void ch_est::windowedChEstPreNoDftSOfdmKernel<float, __half, float, (unsigned int)2, (unsigned int)1, (unsigned short)4>(ch_est::puschRxChEstStatDescr_t *, ch_est::puschRxChEstDynDescr_t *)"
6336865287,7008,454963,137,2,1,24,2,1,44,0.001,0.001,,,,,NVIDIA A100-SXM4-40GB MIG 4g.20gb (0),1,,13,"void ch_est::chEstFilterNoDftSOfdmDispatchKernel<float, __half, float, (unsigned int)2>(ch_est::puschRxChEstStatDescr_t *, ch_est::puschRxChEstDynDescr_t *)"
6336883847,4704,454964,137,2,1,24,2,1,44,0.001,0.001,,,,,NVIDIA A100-SXM4-40GB MIG 4g.20gb (0),1,,13,"void ch_est::chEstFilterNoDftSOfdmDispatchKernel<float, __half, float, (unsigned int)2>(ch_est::puschRxChEstStatDescr_t *, ch_est::puschRxChEstDynDescr_t *)"
6336900646,2688,454975,103,1,1,128,1,1,16,0.000,0.000,,,,,NVIDIA A100-SXM4-40GB MIG 4g.20gb (0),1,,13,cupy_copy__complex64_complex64
6336917638,12448,454985,1434,1,1,128,1,1,16,0.000,0.000,,,,,NVIDIA A100-SXM4-40GB MIG 4g.20gb (0),1,,13,cupy_copy__complex64_complex64
6336935942,2944,454992,103,1,1,128,1,1,16,0.000,0.000,,,,,NVIDIA A100-SXM4-40GB MIG 4g.20gb (0),1,,13,cupy_copy__complex64_complex64
6336960806,93631,454999,1,1,1,32,32,1,30,0.000,0.000,,,,,NVIDIA A100-SXM4-40GB MIG 4g.20gb (0),1,,13,"void convert_kernel<__half2, float2>(tensor_layout_any, T1 *, tensor_layout_any, const T2 *)"
6337085956,26592,455002,,,,,,,,,,0.094,3523.438,Pinned,Device,NVIDIA A100-SXM4-40GB MIG 4g.20gb (0),1,,13,[CUDA memcpy Host-to-Device]
6337143299,47264,455003,,,,,,,,,,35.810,757630.477,Device,,NVIDIA A100-SXM4-40GB MIG 4g.20gb (0),1,,13,[CUDA memset]
6337196163,11552,455005,,,,,,,,,,0.000,6.925,Pinned,Device,NVIDIA A100-SXM4-40GB MIG 4g.20gb (0),1,,13,[CUDA memcpy Host-to-Device]
6337220450,26752,455006,,,,,,,,,,0.197,7349.207,Pinned,Device,NVIDIA A100-SXM4-40GB MIG 4g.20gb (0),1,,13,[CUDA memcpy Host-to-Device]
6337270818,9824,455007,273,1,1,48,1,1,40,0.000,0.001,,,,,NVIDIA A100-SXM4-40GB MIG 4g.20gb (0),1,,13,"void pusch_noise_intf_est::noiseIntfEstNoDftSOfdmKernel<float, __half, float, float, (unsigned int)2, (unsigned int)1, (unsigned char)4, (unsigned char)4>(pusch_noise_intf_est::puschRxNoiseIntfEstDynDescr)"
6337287362,2752,455018,35,1,1,128,1,1,16,0.000,0.000,,,,,NVIDIA A100-SXM4-40GB MIG 4g.20gb (0),1,,13,cupy_copy__complex64_complex64
6337304097,1728,455027,1,1,1,1,1,1,18,0.000,0.000,,,,,NVIDIA A100-SXM4-40GB MIG 4g.20gb (0),1,,13,cupy_copy__float32_float32
6337313313,7072,455033,,,,,,,,,,0.000,0.566,Device,Pageable,NVIDIA A100-SXM4-40GB MIG 4g.20gb (0),1,,7,[CUDA memcpy Device-to-Host]
6337410688,12640,455044,1434,1,1,128,1,1,16,0.000,0.000,,,,,NVIDIA A100-SXM4-40GB MIG 4g.20gb (0),1,,13,cupy_copy__complex64_complex64
6337433024,3360,455051,103,1,1,128,1,1,16,0.000,0.000,,,,,NVIDIA A100-SXM4-40GB MIG 4g.20gb (0),1,,13,cupy_copy__complex64_complex64
6337454624,2336,455058,35,1,1,128,1,1,16,0.000,0.000,,,,,NVIDIA A100-SXM4-40GB MIG 4g.20gb (0),1,,13,cupy_copy__complex64_complex64
6337473247,1696,455065,1,1,1,1,1,1,18,0.000,0.000,,,,,NVIDIA A100-SXM4-40GB MIG 4g.20gb (0),1,,13,cupy_copy__float32_float32
6337595102,88991,455076,1,1,1,32,32,1,30,0.000,0.000,,,,,NVIDIA A100-SXM4-40GB MIG 4g.20gb (0),1,,13,"void convert_kernel<__half2, float2>(tensor_layout_any, T1 *, tensor_layout_any, const T2 *)"
6337713372,11456,455079,,,,,,,,,,0.094,8178.724,Pinned,Device,NVIDIA A100-SXM4-40GB MIG 4g.20gb (0),1,,13,[CUDA memcpy Host-to-Device]
6337734844,3488,455080,,,,,,,,,,1.547,443412.461,Device,,NVIDIA A100-SXM4-40GB MIG 4g.20gb (0),1,,13,[CUDA memset]
6337743068,5536,455085,,,,,,,,,,0.031,5653.153,Pinned,Device,NVIDIA A100-SXM4-40GB MIG 4g.20gb (0),1,,13,[CUDA memcpy Host-to-Device]
6337754652,14848,455086,,,,,,,,,,0.197,13241.352,Pinned,Device,NVIDIA A100-SXM4-40GB MIG 4g.20gb (0),1,,13,[CUDA memcpy Host-to-Device]
6337778684,6464,455087,273,1,1,8,4,1,39,0.002,0.000,,,,,NVIDIA A100-SXM4-40GB MIG 4g.20gb (0),1,,13,"void channel_eq::eqMmseCoefCompLowMimoKernel<float, float, float, (unsigned int)4, (unsigned int)1, (unsigned int)4>(const channel_eq::_puschRxChEqStatDescr *, channel_eq::_puschRxChEqCoefCompDynDescr)"
6337788507,5984,455088,273,1,1,12,11,1,51,0.002,0.000,,,,,NVIDIA A100-SXM4-40GB MIG 4g.20gb (0),1,,13,"void channel_eq::eqMmseSoftDemapKernel<float, __half, __half, float, (unsigned int)4, (unsigned short)16383>(channel_eq::_puschRxChEqStatDescr *, channel_eq::_puschRxChEqSoftDemapDynDescr)"
6337797723,281885,455089,1,1,1,32,32,1,30,0.000,0.000,,,,,NVIDIA A100-SXM4-40GB MIG 4g.20gb (0),1,,13,"void convert_kernel<float2, __half2>(tensor_layout_any, T1 *, tensor_layout_any, const T2 *)"
6338081560,11072,455101,2253,1,1,128,1,1,16,0.000,0.000,,,,,NVIDIA A100-SXM4-40GB MIG 4g.20gb (0),1,,13,cupy_copy__float16_float16
6338094776,3744,455110,282,1,1,128,1,1,16,0.000,0.000,,,,,NVIDIA A100-SXM4-40GB MIG 4g.20gb (0),1,,13,cupy_copy__complex64_complex64
6338103320,2208,455119,26,1,1,128,1,1,16,0.000,0.000,,,,,NVIDIA A100-SXM4-40GB MIG 4g.20gb (0),1,,13,cupy_copy__float32_float32
6338106488,2944,455128,103,1,1,128,1,1,16,0.000,0.000,,,,,NVIDIA A100-SXM4-40GB MIG 4g.20gb (0),1,,13,cupy_copy__complex64_complex64
6338110967,12064,455138,1434,1,1,128,1,1,16,0.000,0.000,,,,,NVIDIA A100-SXM4-40GB MIG 4g.20gb (0),1,,13,cupy_copy__complex64_complex64
6338126615,85119,455143,1,1,1,32,32,1,30,0.000,0.000,,,,,NVIDIA A100-SXM4-40GB MIG 4g.20gb (0),1,,13,"void convert_kernel<__half2, float2>(tensor_layout_any, T1 *, tensor_layout_any, const T2 *)"
6338239606,5728,455146,,,,,,,,,,0.094,16357.541,Pinned,Device,NVIDIA A100-SXM4-40GB MIG 4g.20gb (0),1,,13,[CUDA memcpy Host-to-Device]
6338249526,598936,455147,,,,,,,,,,456.561,762001.043,Device,,NVIDIA A100-SXM4-40GB MIG 4g.20gb (0),1,,13,[CUDA memset]
6338849934,129151,455152,,,,,,,,,,1.235,9560.936,Pinned,Device,NVIDIA A100-SXM4-40GB MIG 4g.20gb (0),1,,13,[CUDA memcpy Host-to-Device]
6338983661,21247,455153,,,,,,,,,,0.197,9253.356,Pinned,Device,NVIDIA A100-SXM4-40GB MIG 4g.20gb (0),1,,13,[CUDA memcpy Host-to-Device]
6339014444,7616,455154,69,4,1,48,1,1,76,0.002,0.000,,,,,NVIDIA A100-SXM4-40GB MIG 4g.20gb (0),1,,13,"void ch_est::windowedChEstPreNoDftSOfdmKernel<float, __half, float, (unsigned int)2, (unsigned int)1, (unsigned short)4>(ch_est::puschRxChEstStatDescr_t *, ch_est::puschRxChEstDynDescr_t *)"
6339029964,6880,455155,137,2,1,24,2,1,44,0.001,0.001,,,,,NVIDIA A100-SXM4-40GB MIG 4g.20gb (0),1,,13,"void ch_est::chEstFilterNoDftSOfdmDispatchKernel<float, __half, float, (unsigned int)2>(ch_est::puschRxChEstStatDescr_t *, ch_est::puschRxChEstDynDescr_t *)"
6339044684,5216,455156,137,2,1,24,2,1,44,0.001,0.001,,,,,NVIDIA A100-SXM4-40GB MIG 4g.20gb (0),1,,13,"void ch_est::chEstFilterNoDftSOfdmDispatchKernel<float, __half, float, (unsigned int)2>(ch_est::puschRxChEstStatDescr_t *, ch_est::puschRxChEstDynDescr_t *)"
6339053324,2592,455167,103,1,1,128,1,1,16,0.000,0.000,,,,,NVIDIA A100-SXM4-40GB MIG 4g.20gb (0),1,,13,cupy_copy__complex64_complex64
6339061196,12800,455177,1434,1,1,128,1,1,16,0.000,0.000,,,,,NVIDIA A100-SXM4-40GB MIG 4g.20gb (0),1,,13,cupy_copy__complex64_complex64
6339077612,3040,455184,103,1,1,128,1,1,16,0.000,0.000,,,,,NVIDIA A100-SXM4-40GB MIG 4g.20gb (0),1,,13,cupy_copy__complex64_complex64
6339085803,84639,455191,1,1,1,32,32,1,30,0.000,0.000,,,,,NVIDIA A100-SXM4-40GB MIG 4g.20gb (0),1,,13,"void convert_kernel<__half2, float2>(tensor_layout_any, T1 *, tensor_layout_any, const T2 *)"
6339199818,6048,455194,,,,,,,,,,0.094,15491.978,Pinned,Device,NVIDIA A100-SXM4-40GB MIG 4g.20gb (0),1,,13,[CUDA memcpy Host-to-Device]
6339213546,47679,455195,,,,,,,,,,35.810,751041.452,Device,,NVIDIA A100-SXM4-40GB MIG 4g.20gb (0),1,,13,[CUDA memset]
6339267337,2720,455197,,,,,,,,,,0.000,29.412,Pinned,Device,NVIDIA A100-SXM4-40GB MIG 4g.20gb (0),1,,13,[CUDA memcpy Host-to-Device]
6339275913,13216,455198,,,,,,,,,,0.197,14876.344,Pinned,Device,NVIDIA A100-SXM4-40GB MIG 4g.20gb (0),1,,13,[CUDA memcpy Host-to-Device]
6339297513,9632,455199,273,1,1,48,1,1,40,0.000,0.001,,,,,NVIDIA A100-SXM4-40GB MIG 4g.20gb (0),1,,13,"void pusch_noise_intf_est::noiseIntfEstNoDftSOfdmKernel<float, __half, float, float, (unsigned int)2, (unsigned int)1, (unsigned char)4, (unsigned char)4>(pusch_noise_intf_est::puschRxNoiseIntfEstDynDescr)"
6339312297,3232,455210,35,1,1,128,1,1,16,0.000,0.000,,,,,NVIDIA A100-SXM4-40GB MIG 4g.20gb (0),1,,13,cupy_copy__complex64_complex64
6339330344,1920,455219,1,1,1,1,1,1,18,0.000,0.000,,,,,NVIDIA A100-SXM4-40GB MIG 4g.20gb (0),1,,13,cupy_copy__float32_float32
6339360456,1600,455225,,,,,,,,,,0.000,2.500,Device,Pageable,NVIDIA A100-SXM4-40GB MIG 4g.20gb (0),1,,7,[CUDA memcpy Device-to-Host]
6339420455,13120,455236,1434,1,1,128,1,1,16,0.000,0.000,,,,,NVIDIA A100-SXM4-40GB MIG 4g.20gb (0),1,,13,cupy_copy__complex64_complex64
6339447079,2912,455243,103,1,1,128,1,1,16,0.000,0.000,,,,,NVIDIA A100-SXM4-40GB MIG 4g.20gb (0),1,,13,cupy_copy__complex64_complex64
6339468519,2208,455250,35,1,1,128,1,1,16,0.000,0.000,,,,,NVIDIA A100-SXM4-40GB MIG 4g.20gb (0),1,,13,cupy_copy__complex64_complex64
6339487750,1984,455257,1,1,1,1,1,1,18,0.000,0.000,,,,,NVIDIA A100-SXM4-40GB MIG 4g.20gb (0),1,,13,cupy_copy__float32_float32
6339618693,82111,455268,1,1,1,32,32,1,30,0.000,0.000,,,,,NVIDIA A100-SXM4-40GB MIG 4g.20gb (0),1,,13,"void convert_kernel<__half2, float2>(tensor_layout_any, T1 *, tensor_layout_any, const T2 *)"
6339728388,5727,455271,,,,,,,,,,0.094,16360.352,Pinned,Device,NVIDIA A100-SXM4-40GB MIG 4g.20gb (0),1,,13,[CUDA memcpy Host-to-Device]
6339743043,3168,455272,,,,,,,,,,1.547,488201.145,Device,,NVIDIA A100-SXM4-40GB MIG 4g.20gb (0),1,,13,[CUDA memset]
6339749443,3040,455277,,,,,,,,,,0.031,10294.725,Pinned,Device,NVIDIA A100-SXM4-40GB MIG 4g.20gb (0),1,,13,[CUDA memcpy Host-to-Device]
6339755107,9792,455278,,,,,,,,,,0.197,20078.395,Pinned,Device,NVIDIA A100-SXM4-40GB MIG 4g.20gb (0),1,,13,[CUDA memcpy Host-to-Device]
6339769059,6208,455279,273,1,1,8,4,1,39,0.002,0.000,,,,,NVIDIA A100-SXM4-40GB MIG 4g.20gb (0),1,,13,"void channel_eq::eqMmseCoefCompLowMimoKernel<float, float, float, (unsigned int)4, (unsigned int)1, (unsigned int)4>(const channel_eq::_puschRxChEqStatDescr *, channel_eq::_puschRxChEqCoefCompDynDescr)"
6339778211,5920,455280,273,1,1,12,11,1,51,0.002,0.000,,,,,NVIDIA A100-SXM4-40GB MIG 4g.20gb (0),1,,13,"void channel_eq::eqMmseSoftDemapKernel<float, __half, __half, float, (unsigned int)4, (unsigned short)16383>(channel_eq::_puschRxChEqStatDescr *, channel_eq::_puschRxChEqSoftDemapDynDescr)"
6339785155,282588,455281,1,1,1,32,32,1,30,0.000,0.000,,,,,NVIDIA A100-SXM4-40GB MIG 4g.20gb (0),1,,13,"void convert_kernel<float2, __half2>(tensor_layout_any, T1 *, tensor_layout_any, const T2 *)"
6340071967,10976,455293,2253,1,1,128,1,1,16,0.000,0.000,,,,,NVIDIA A100-SXM4-40GB MIG 4g.20gb (0),1,,13,cupy_copy__float16_float16
6340084543,2912,455302,282,1,1,128,1,1,16,0.000,0.000,,,,,NVIDIA A100-SXM4-40GB MIG 4g.20gb (0),1,,13,cupy_copy__complex64_complex64
6340089119,2240,455311,26,1,1,128,1,1,16,0.000,0.000,,,,,NVIDIA A100-SXM4-40GB MIG 4g.20gb (0),1,,13,cupy_copy__float32_float32
6340094559,2912,455320,103,1,1,128,1,1,16,0.000,0.000,,,,,NVIDIA A100-SXM4-40GB MIG 4g.20gb (0),1,,13,cupy_copy__complex64_complex64
6340098431,12128,455330,1434,1,1,128,1,1,16,0.000,0.000,,,,,NVIDIA A100-SXM4-40GB MIG 4g.20gb (0),1,,13,cupy_copy__complex64_complex64
6340119583,82719,455335,1,1,1,32,32,1,30,0.000,0.000,,,,,NVIDIA A100-SXM4-40GB MIG 4g.20gb (0),1,,13,"void convert_kernel<__half2, float2>(tensor_layout_any, T1 *, tensor_layout_any, const T2 *)"
6340229021,6240,455338,,,,,,,,,,0.094,15015.346,Pinned,Device,NVIDIA A100-SXM4-40GB MIG 4g.20gb (0),1,,13,[CUDA memcpy Host-to-Device]
6340239741,596249,455339,,,,,,,,,,456.561,765653.535,Device,,NVIDIA A100-SXM4-40GB MIG 4g.20gb (0),1,,13,[CUDA memset]
6340845270,157950,455344,,,,,,,,,,1.235,7818.430,Pinned,Device,NVIDIA A100-SXM4-40GB MIG 4g.20gb (0),1,,13,[CUDA memcpy Host-to-Device]
6341013716,41663,455345,,,,,,,,,,0.197,4718.985,Pinned,Device,NVIDIA A100-SXM4-40GB MIG 4g.20gb (0),1,,13,[CUDA memcpy Host-to-Device]
6341084211,8416,455346,69,4,1,48,1,1,76,0.002,0.000,,,,,NVIDIA A100-SXM4-40GB MIG 4g.20gb (0),1,,13,"void ch_est::windowedChEstPreNoDftSOfdmKernel<float, __half, float, (unsigned int)2, (unsigned int)1, (unsigned short)4>(ch_est::puschRxChEstStatDescr_t *, ch_est::puschRxChEstDynDescr_t *)"
6341101171,6624,455347,137,2,1,24,2,1,44,0.001,0.001,,,,,NVIDIA A100-SXM4-40GB MIG 4g.20gb (0),1,,13,"void ch_est::chEstFilterNoDftSOfdmDispatchKernel<float, __half, float, (unsigned int)2>(ch_est::puschRxChEstStatDescr_t *, ch_est::puschRxChEstDynDescr_t *)"
6341117682,4992,455348,137,2,1,24,2,1,44,0.001,0.001,,,,,NVIDIA A100-SXM4-40GB MIG 4g.20gb (0),1,,13,"void ch_est::chEstFilterNoDftSOfdmDispatchKernel<float, __half, float, (unsigned int)2>(ch_est::puschRxChEstStatDescr_t *, ch_est::puschRxChEstDynDescr_t *)"
6341131730,2496,455359,103,1,1,128,1,1,16,0.000,0.000,,,,,NVIDIA A100-SXM4-40GB MIG 4g.20gb (0),1,,13,cupy_copy__complex64_complex64
6341148818,12768,455369,1434,1,1,128,1,1,16,0.000,0.000,,,,,NVIDIA A100-SXM4-40GB MIG 4g.20gb (0),1,,13,cupy_copy__complex64_complex64
6341173266,2528,455376,103,1,1,128,1,1,16,0.000,0.000,,,,,NVIDIA A100-SXM4-40GB MIG 4g.20gb (0),1,,13,cupy_copy__complex64_complex64
6341184690,84223,455383,1,1,1,32,32,1,30,0.000,0.000,,,,,NVIDIA A100-SXM4-40GB MIG 4g.20gb (0),1,,13,"void convert_kernel<__half2, float2>(tensor_layout_any, T1 *, tensor_layout_any, const T2 *)"
6341297968,10240,455386,,,,,,,,,,0.094,9149.977,Pinned,Device,NVIDIA A100-SXM4-40GB MIG 4g.20gb (0),1,,13,[CUDA memcpy Host-to-Device]
6341317936,46751,455387,,,,,,,,,,35.810,765938.379,Device,,NVIDIA A100-SXM4-40GB MIG 4g.20gb (0),1,,13,[CUDA memset]
6341371055,6816,455389,,,,,,,,,,0.000,11.737,Pinned,Device,NVIDIA A100-SXM4-40GB MIG 4g.20gb (0),1,,13,[CUDA memcpy Host-to-Device]
6341384111,19488,455390,,,,,,,,,,0.197,10088.546,Pinned,Device,NVIDIA A100-SXM4-40GB MIG 4g.20gb (0),1,,13,[CUDA memcpy Host-to-Device]
6341414159,9792,455391,273,1,1,48,1,1,40,0.000,0.001,,,,,NVIDIA A100-SXM4-40GB MIG 4g.20gb (0),1,,13,"void pusch_noise_intf_est::noiseIntfEstNoDftSOfdmKernel<float, __half, float, float, (unsigned int)2, (unsigned int)1, (unsigned char)4, (unsigned char)4>(pusch_noise_intf_est::puschRxNoiseIntfEstDynDescr)"
6341430831,2751,455402,35,1,1,128,1,1,16,0.000,0.000,,,,,NVIDIA A100-SXM4-40GB MIG 4g.20gb (0),1,,13,cupy_copy__complex64_complex64
6341439886,1696,455411,1,1,1,1,1,1,18,0.000,0.000,,,,,NVIDIA A100-SXM4-40GB MIG 4g.20gb (0),1,,13,cupy_copy__float32_float32
6341453742,4128,455417,,,,,,,,,,0.000,0.969,Device,Pageable,NVIDIA A100-SXM4-40GB MIG 4g.20gb (0),1,,7,[CUDA memcpy Device-to-Host]
6341518861,12960,455428,1434,1,1,128,1,1,16,0.000,0.000,,,,,NVIDIA A100-SXM4-40GB MIG 4g.20gb (0),1,,13,cupy_copy__complex64_complex64
6341545037,3072,455435,103,1,1,128,1,1,16,0.000,0.000,,,,,NVIDIA A100-SXM4-40GB MIG 4g.20gb (0),1,,13,cupy_copy__complex64_complex64
6341567981,2432,455442,35,1,1,128,1,1,16,0.000,0.000,,,,,NVIDIA A100-SXM4-40GB MIG 4g.20gb (0),1,,13,cupy_copy__complex64_complex64
6341584909,1792,455449,1,1,1,1,1,1,18,0.000,0.000,,,,,NVIDIA A100-SXM4-40GB MIG 4g.20gb (0),1,,13,cupy_copy__float32_float32
6341716939,87295,455460,1,1,1,32,32,1,30,0.000,0.000,,,,,NVIDIA A100-SXM4-40GB MIG 4g.20gb (0),1,,13,"void convert_kernel<__half2, float2>(tensor_layout_any, T1 *, tensor_layout_any, const T2 *)"
6341831466,6240,455463,,,,,,,,,,0.094,15015.346,Pinned,Device,NVIDIA A100-SXM4-40GB MIG 4g.20gb (0),1,,13,[CUDA memcpy Host-to-Device]
6341847625,3200,455464,,,,,,,,,,1.547,483320.000,Device,,NVIDIA A100-SXM4-40GB MIG 4g.20gb (0),1,,13,[CUDA memset]
6341852425,3584,455469,,,,,,,,,,0.031,8732.116,Pinned,Device,NVIDIA A100-SXM4-40GB MIG 4g.20gb (0),1,,13,[CUDA memcpy Host-to-Device]
6341858121,9952,455470,,,,,,,,,,0.197,19755.565,Pinned,Device,NVIDIA A100-SXM4-40GB MIG 4g.20gb (0),1,,13,[CUDA memcpy Host-to-Device]
6341873321,6304,455471,273,1,1,8,4,1,39,0.002,0.000,,,,,NVIDIA A100-SXM4-40GB MIG 4g.20gb (0),1,,13,"void channel_eq::eqMmseCoefCompLowMimoKernel<float, float, float, (unsigned int)4, (unsigned int)1, (unsigned int)4>(const channel_eq::_puschRxChEqStatDescr *, channel_eq::_puschRxChEqCoefCompDynDescr)"
6341882185,5792,455472,273,1,1,12,11,1,51,0.002,0.000,,,,,NVIDIA A100-SXM4-40GB MIG 4g.20gb (0),1,,13,"void channel_eq::eqMmseSoftDemapKernel<float, __half, __half, float, (unsigned int)4, (unsigned short)16383>(channel_eq::_puschRxChEqStatDescr *, channel_eq::_puschRxChEqSoftDemapDynDescr)"
6341889609,294844,455473,1,1,1,32,32,1,30,0.000,0.000,,,,,NVIDIA A100-SXM4-40GB MIG 4g.20gb (0),1,,13,"void convert_kernel<float2, __half2>(tensor_layout_any, T1 *, tensor_layout_any, const T2 *)"
6342187749,10784,455485,2253,1,1,128,1,1,16,0.000,0.000,,,,,NVIDIA A100-SXM4-40GB MIG 4g.20gb (0),1,,13,cupy_copy__float16_float16
6342200325,3200,455494,282,1,1,128,1,1,16,0.000,0.000,,,,,NVIDIA A100-SXM4-40GB MIG 4g.20gb (0),1,,13,cupy_copy__complex64_complex64
6342205125,2144,455503,26,1,1,128,1,1,16,0.000,0.000,,,,,NVIDIA A100-SXM4-40GB MIG 4g.20gb (0),1,,13,cupy_copy__float32_float32
6342208485,2784,455512,103,1,1,128,1,1,16,0.000,0.000,,,,,NVIDIA A100-SXM4-40GB MIG 4g.20gb (0),1,,13,cupy_copy__complex64_complex64
6342213605,12128,455522,1434,1,1,128,1,1,16,0.000,0.000,,,,,NVIDIA A100-SXM4-40GB MIG 4g.20gb (0),1,,13,cupy_copy__complex64_complex64
6342229093,87679,455527,1,1,1,32,32,1,30,0.000,0.000,,,,,NVIDIA A100-SXM4-40GB MIG 4g.20gb (0),1,,13,"void convert_kernel<__half2, float2>(tensor_layout_any, T1 *, tensor_layout_any, const T2 *)"
6342343555,5472,455530,,,,,,,,,,0.094,17122.757,Pinned,Device,NVIDIA A100-SXM4-40GB MIG 4g.20gb (0),1,,13,[CUDA memcpy Host-to-Device]
6342353027,601401,455531,,,,,,,,,,456.561,758805.113,Device,,NVIDIA A100-SXM4-40GB MIG 4g.20gb (0),1,,13,[CUDA memset]
6342956604,165118,455536,,,,,,,,,,1.235,7478.821,Pinned,Device,NVIDIA A100-SXM4-40GB MIG 4g.20gb (0),1,,13,[CUDA memcpy Host-to-Device]
6343134362,37023,455537,,,,,,,,,,0.197,5310.382,Pinned,Device,NVIDIA A100-SXM4-40GB MIG 4g.20gb (0),1,,13,[CUDA memcpy Host-to-Device]
6343196249,8352,455538,69,4,1,48,1,1,76,0.002,0.000,,,,,NVIDIA A100-SXM4-40GB MIG 4g.20gb (0),1,,13,"void ch_est::windowedChEstPreNoDftSOfdmKernel<float, __half, float, (unsigned int)2, (unsigned int)1, (unsigned short)4>(ch_est::puschRxChEstStatDescr_t *, ch_est::puschRxChEstDynDescr_t *)"
6343214169,6975,455539,137,2,1,24,2,1,44,0.001,0.001,,,,,NVIDIA A100-SXM4-40GB MIG 4g.20gb (0),1,,13,"void ch_est::chEstFilterNoDftSOfdmDispatchKernel<float, __half, float, (unsigned int)2>(ch_est::puschRxChEstStatDescr_t *, ch_est::puschRxChEstDynDescr_t *)"
6343231256,4736,455540,137,2,1,24,2,1,44,0.001,0.001,,,,,NVIDIA A100-SXM4-40GB MIG 4g.20gb (0),1,,13,"void ch_est::chEstFilterNoDftSOfdmDispatchKernel<float, __half, float, (unsigned int)2>(ch_est::puschRxChEstStatDescr_t *, ch_est::puschRxChEstDynDescr_t *)"
6343247768,2720,455551,103,1,1,128,1,1,16,0.000,0.000,,,,,NVIDIA A100-SXM4-40GB MIG 4g.20gb (0),1,,13,cupy_copy__complex64_complex64
6343264536,12640,455561,1434,1,1,128,1,1,16,0.000,0.000,,,,,NVIDIA A100-SXM4-40GB MIG 4g.20gb (0),1,,13,cupy_copy__complex64_complex64
6343284632,2912,455568,103,1,1,128,1,1,16,0.000,0.000,,,,,NVIDIA A100-SXM4-40GB MIG 4g.20gb (0),1,,13,cupy_copy__complex64_complex64
6343309495,88063,455575,1,1,1,32,32,1,30,0.000,0.000,,,,,NVIDIA A100-SXM4-40GB MIG 4g.20gb (0),1,,13,"void convert_kernel<__half2, float2>(tensor_layout_any, T1 *, tensor_layout_any, const T2 *)"
6343428662,18624,455578,,,,,,,,,,0.094,5030.913,Pinned,Device,NVIDIA A100-SXM4-40GB MIG 4g.20gb (0),1,,13,[CUDA memcpy Host-to-Device]
6343453846,48287,455579,,,,,,,,,,35.810,741587.633,Device,,NVIDIA A100-SXM4-40GB MIG 4g.20gb (0),1,,13,[CUDA memset]
6343507701,2656,455581,,,,,,,,,,0.000,30.120,Pinned,Device,NVIDIA A100-SXM4-40GB MIG 4g.20gb (0),1,,13,[CUDA memcpy Host-to-Device]
6343517301,17248,455582,,,,,,,,,,0.197,11398.742,Pinned,Device,NVIDIA A100-SXM4-40GB MIG 4g.20gb (0),1,,13,[CUDA memcpy Host-to-Device]
6343543188,12480,455583,273,1,1,48,1,1,40,0.000,0.001,,,,,NVIDIA A100-SXM4-40GB MIG 4g.20gb (0),1,,13,"void pusch_noise_intf_est::noiseIntfEstNoDftSOfdmKernel<float, __half, float, float, (unsigned int)2, (unsigned int)1, (unsigned char)4, (unsigned char)4>(pusch_noise_intf_est::puschRxNoiseIntfEstDynDescr)"
6343558772,3040,455594,35,1,1,128,1,1,16,0.000,0.000,,,,,NVIDIA A100-SXM4-40GB MIG 4g.20gb (0),1,,13,cupy_copy__complex64_complex64
6343566644,1952,455603,1,1,1,1,1,1,18,0.000,0.000,,,,,NVIDIA A100-SXM4-40GB MIG 4g.20gb (0),1,,13,cupy_copy__float32_float32
6343585428,5696,455609,,,,,,,,,,0.000,0.702,Device,Pageable,NVIDIA A100-SXM4-40GB MIG 4g.20gb (0),1,,7,[CUDA memcpy Device-to-Host]
6343663347,12960,455620,1434,1,1,128,1,1,16,0.000,0.000,,,,,NVIDIA A100-SXM4-40GB MIG 4g.20gb (0),1,,13,cupy_copy__complex64_complex64
6343687987,3040,455627,103,1,1,128,1,1,16,0.000,0.000,,,,,NVIDIA A100-SXM4-40GB MIG 4g.20gb (0),1,,13,cupy_copy__complex64_complex64
6343705682,2624,455634,35,1,1,128,1,1,16,0.000,0.000,,,,,NVIDIA A100-SXM4-40GB MIG 4g.20gb (0),1,,13,cupy_copy__complex64_complex64
6343729170,1952,455641,1,1,1,1,1,1,18,0.000,0.000,,,,,NVIDIA A100-SXM4-40GB MIG 4g.20gb (0),1,,13,cupy_copy__float32_float32
6343851569,81823,455652,1,1,1,32,32,1,30,0.000,0.000,,,,,NVIDIA A100-SXM4-40GB MIG 4g.20gb (0),1,,13,"void convert_kernel<__half2, float2>(tensor_layout_any, T1 *, tensor_layout_any, const T2 *)"
6343960559,5856,455655,,,,,,,,,,0.094,15999.997,Pinned,Device,NVIDIA A100-SXM4-40GB MIG 4g.20gb (0),1,,13,[CUDA memcpy Host-to-Device]
6343974735,3584,455656,,,,,,,,,,1.547,431534.389,Device,,NVIDIA A100-SXM4-40GB MIG 4g.20gb (0),1,,13,[CUDA memset]
6343981775,3584,455661,,,,,,,,,,0.031,8732.116,Pinned,Device,NVIDIA A100-SXM4-40GB MIG 4g.20gb (0),1,,13,[CUDA memcpy Host-to-Device]
6343988207,9856,455662,,,,,,,,,,0.197,19948.044,Pinned,Device,NVIDIA A100-SXM4-40GB MIG 4g.20gb (0),1,,13,[CUDA memcpy Host-to-Device]
6344001807,6336,455663,273,1,1,8,4,1,39,0.002,0.000,,,,,NVIDIA A100-SXM4-40GB MIG 4g.20gb (0),1,,13,"void channel_eq::eqMmseCoefCompLowMimoKernel<float, float, float, (unsigned int)4, (unsigned int)1, (unsigned int)4>(const channel_eq::_puschRxChEqStatDescr *, channel_eq::_puschRxChEqCoefCompDynDescr)"
6344010671,6304,455664,273,1,1,12,11,1,51,0.002,0.000,,,,,NVIDIA A100-SXM4-40GB MIG 4g.20gb (0),1,,13,"void channel_eq::eqMmseSoftDemapKernel<float, __half, __half, float, (unsigned int)4, (unsigned short)16383>(channel_eq::_puschRxChEqStatDescr *, channel_eq::_puschRxChEqSoftDemapDynDescr)"
6344019343,294748,455665,1,1,1,32,32,1,30,0.000,0.000,,,,,NVIDIA A100-SXM4-40GB MIG 4g.20gb (0),1,,13,"void convert_kernel<float2, __half2>(tensor_layout_any, T1 *, tensor_layout_any, const T2 *)"
6344317003,11040,455677,2253,1,1,128,1,1,16,0.000,0.000,,,,,NVIDIA A100-SXM4-40GB MIG 4g.20gb (0),1,,13,cupy_copy__float16_float16
6344329355,3104,455686,282,1,1,128,1,1,16,0.000,0.000,,,,,NVIDIA A100-SXM4-40GB MIG 4g.20gb (0),1,,13,cupy_copy__complex64_complex64
6344335787,2080,455695,26,1,1,128,1,1,16,0.000,0.000,,,,,NVIDIA A100-SXM4-40GB MIG 4g.20gb (0),1,,13,cupy_copy__float32_float32
6344339819,3840,455704,103,1,1,128,1,1,16,0.000,0.000,,,,,NVIDIA A100-SXM4-40GB MIG 4g.20gb (0),1,,13,cupy_copy__complex64_complex64
6344344715,11871,455714,1434,1,1,128,1,1,16,0.000,0.000,,,,,NVIDIA A100-SXM4-40GB MIG 4g.20gb (0),1,,13,cupy_copy__complex64_complex64
6344360938,87775,455719,1,1,1,32,32,1,30,0.000,0.000,,,,,NVIDIA A100-SXM4-40GB MIG 4g.20gb (0),1,,13,"void convert_kernel<__half2, float2>(tensor_layout_any, T1 *, tensor_layout_any, const T2 *)"
6344476041,5408,455722,,,,,,,,,,0.094,17325.421,Pinned,Device,NVIDIA A100-SXM4-40GB MIG 4g.20gb (0),1,,13,[CUDA memcpy Host-to-Device]
6344485865,596664,455723,,,,,,,,,,456.561,764740.412,Device,,NVIDIA A100-SXM4-40GB MIG 4g.20gb (0),1,,13,[CUDA memset]
6345089281,130559,455728,,,,,,,,,,1.235,9458.436,Pinned,Device,NVIDIA A100-SXM4-40GB MIG 4g.20gb (0),1,,13,[CUDA memcpy Host-to-Device]
6345229504,34175,455729,,,,,,,,,,0.197,5752.947,Pinned,Device,NVIDIA A100-SXM4-40GB MIG 4g.20gb (0),1,,13,[CUDA memcpy Host-to-Device]
6345277503,8256,455730,69,4,1,48,1,1,76,0.002,0.000,,,,,NVIDIA A100-SXM4-40GB MIG 4g.20gb (0),1,,13,"void ch_est::windowedChEstPreNoDftSOfdmKernel<float, __half, float, (unsigned int)2, (unsigned int)1, (unsigned short)4>(ch_est::puschRxChEstStatDescr_t *, ch_est::puschRxChEstDynDescr_t *)"
6345292799,6944,455731,137,2,1,24,2,1,44,0.001,0.001,,,,,NVIDIA A100-SXM4-40GB MIG 4g.20gb (0),1,,13,"void ch_est::chEstFilterNoDftSOfdmDispatchKernel<float, __half, float, (unsigned int)2>(ch_est::puschRxChEstStatDescr_t *, ch_est::puschRxChEstDynDescr_t *)"
6345307519,4992,455732,137,2,1,24,2,1,44,0.001,0.001,,,,,NVIDIA A100-SXM4-40GB MIG 4g.20gb (0),1,,13,"void ch_est::chEstFilterNoDftSOfdmDispatchKernel<float, __half, float, (unsigned int)2>(ch_est::puschRxChEstStatDescr_t *, ch_est::puschRxChEstDynDescr_t *)"
6345321887,2623,455743,103,1,1,128,1,1,16,0.000,0.000,,,,,NVIDIA A100-SXM4-40GB MIG 4g.20gb (0),1,,13,cupy_copy__complex64_complex64
6345334430,12736,455753,1434,1,1,128,1,1,16,0.000,0.000,,,,,NVIDIA A100-SXM4-40GB MIG 4g.20gb (0),1,,13,cupy_copy__complex64_complex64
6345363326,2400,455760,103,1,1,128,1,1,16,0.000,0.000,,,,,NVIDIA A100-SXM4-40GB MIG 4g.20gb (0),1,,13,cupy_copy__complex64_complex64
6345378238,89407,455767,1,1,1,32,32,1,30,0.000,0.000,,,,,NVIDIA A100-SXM4-40GB MIG 4g.20gb (0),1,,13,"void convert_kernel<__half2, float2>(tensor_layout_any, T1 *, tensor_layout_any, const T2 *)"
6345501756,19872,455770,,,,,,,,,,0.094,4714.970,Pinned,Device,NVIDIA A100-SXM4-40GB MIG 4g.20gb (0),1,,13,[CUDA memcpy Host-to-Device]
6345537692,45983,455771,,,,,,,,,,35.810,778758.330,Device,,NVIDIA A100-SXM4-40GB MIG 4g.20gb (0),1,,13,[CUDA memset]
6345587419,8544,455773,,,,,,,,,,0.000,9.363,Pinned,Device,NVIDIA A100-SXM4-40GB MIG 4g.20gb (0),1,,13,[CUDA memcpy Host-to-Device]
6345603931,22624,455774,,,,,,,,,,0.197,8690.074,Pinned,Device,NVIDIA A100-SXM4-40GB MIG 4g.20gb (0),1,,13,[CUDA memcpy Host-to-Device]
6345658522,9888,455775,273,1,1,48,1,1,40,0.000,0.001,,,,,NVIDIA A100-SXM4-40GB MIG 4g.20gb (0),1,,13,"void pusch_noise_intf_est::noiseIntfEstNoDftSOfdmKernel<float, __half, float, float, (unsigned int)2, (unsigned int)1, (unsigned char)4, (unsigned char)4>(pusch_noise_intf_est::puschRxNoiseIntfEstDynDescr)"
6345688922,2720,455786,35,1,1,128,1,1,16,0.000,0.000,,,,,NVIDIA A100-SXM4-40GB MIG 4g.20gb (0),1,,13,cupy_copy__complex64_complex64
6345705402,1728,455795,1,1,1,1,1,1,18,0.000,0.000,,,,,NVIDIA A100-SXM4-40GB MIG 4g.20gb (0),1,,13,cupy_copy__float32_float32
6345707962,8992,455801,,,,,,,,,,0.000,0.445,Device,Pageable,NVIDIA A100-SXM4-40GB MIG 4g.20gb (0),1,,7,[CUDA memcpy Device-to-Host]
6345798809,12703,455812,1434,1,1,128,1,1,16,0.000,0.000,,,,,NVIDIA A100-SXM4-40GB MIG 4g.20gb (0),1,,13,cupy_copy__complex64_complex64
6345818712,3392,455819,103,1,1,128,1,1,16,0.000,0.000,,,,,NVIDIA A100-SXM4-40GB MIG 4g.20gb (0),1,,13,cupy_copy__complex64_complex64
6345845464,2400,455826,35,1,1,128,1,1,16,0.000,0.000,,,,,NVIDIA A100-SXM4-40GB MIG 4g.20gb (0),1,,13,cupy_copy__complex64_complex64
6345858552,1984,455833,1,1,1,1,1,1,18,0.000,0.000,,,,,NVIDIA A100-SXM4-40GB MIG 4g.20gb (0),1,,13,cupy_copy__float32_float32
6345992598,82143,455844,1,1,1,32,32,1,30,0.000,0.000,,,,,NVIDIA A100-SXM4-40GB MIG 4g.20gb (0),1,,13,"void convert_kernel<__half2, float2>(tensor_layout_any, T1 *, tensor_layout_any, const T2 *)"
6346101973,13376,455847,,,,,,,,,,0.094,7004.713,Pinned,Device,NVIDIA A100-SXM4-40GB MIG 4g.20gb (0),1,,13,[CUDA memcpy Host-to-Device]
6346123925,3392,455848,,,,,,,,,,1.547,455961.768,Device,,NVIDIA A100-SXM4-40GB MIG 4g.20gb (0),1,,13,[CUDA memset]
6346132597,7135,455853,,,,,,,,,,0.031,4386.260,Pinned,Device,NVIDIA A100-SXM4-40GB MIG 4g.20gb (0),1,,13,[CUDA memcpy Host-to-Device]
6346143028,13920,455854,,,,,,,,,,0.197,14124.122,Pinned,Device,NVIDIA A100-SXM4-40GB MIG 4g.20gb (0),1,,13,[CUDA memcpy Host-to-Device]
6346166228,7040,455855,273,1,1,8,4,1,39,0.002,0.000,,,,,NVIDIA A100-SXM4-40GB MIG 4g.20gb (0),1,,13,"void channel_eq::eqMmseCoefCompLowMimoKernel<float, float, float, (unsigned int)4, (unsigned int)1, (unsigned int)4>(const channel_eq::_puschRxChEqStatDescr *, channel_eq::_puschRxChEqCoefCompDynDescr)"
6346181748,5536,455856,273,1,1,12,11,1,51,0.002,0.000,,,,,NVIDIA A100-SXM4-40GB MIG 4g.20gb (0),1,,13,"void channel_eq::eqMmseSoftDemapKernel<float, __half, __half, float, (unsigned int)4, (unsigned short)16383>(channel_eq::_puschRxChEqStatDescr *, channel_eq::_puschRxChEqSoftDemapDynDescr)"
6346189844,294364,455857,1,1,1,32,32,1,30,0.000,0.000,,,,,NVIDIA A100-SXM4-40GB MIG 4g.20gb (0),1,,13,"void convert_kernel<float2, __half2>(tensor_layout_any, T1 *, tensor_layout_any, const T2 *)"
6346485808,11072,455869,2253,1,1,128,1,1,16,0.000,0.000,,,,,NVIDIA A100-SXM4-40GB MIG 4g.20gb (0),1,,13,cupy_copy__float16_float16
6346500848,2848,455878,282,1,1,128,1,1,16,0.000,0.000,,,,,NVIDIA A100-SXM4-40GB MIG 4g.20gb (0),1,,13,cupy_copy__complex64_complex64
6346505648,2112,455887,26,1,1,128,1,1,16,0.000,0.000,,,,,NVIDIA A100-SXM4-40GB MIG 4g.20gb (0),1,,13,cupy_copy__float32_float32
6346509136,6560,455896,103,1,1,128,1,1,16,0.000,0.000,,,,,NVIDIA A100-SXM4-40GB MIG 4g.20gb (0),1,,13,cupy_copy__complex64_complex64
6346569487,12288,455912,1434,1,1,128,1,1,16,0.000,0.000,,,,,NVIDIA A100-SXM4-40GB MIG 4g.20gb (0),1,,13,cupy_copy__complex64_complex64
6346684398,83039,455917,1,1,1,32,32,1,30,0.000,0.000,,,,,NVIDIA A100-SXM4-40GB MIG 4g.20gb (0),1,,13,"void convert_kernel<__half2, float2>(tensor_layout_any, T1 *, tensor_layout_any, const T2 *)"
6346794572,5440,455920,,,,,,,,,,0.094,17223.480,Pinned,Device,NVIDIA A100-SXM4-40GB MIG 4g.20gb (0),1,,13,[CUDA memcpy Host-to-Device]
6346803820,597369,455921,,,,,,,,,,456.561,764283.851,Device,,NVIDIA A100-SXM4-40GB MIG 4g.20gb (0),1,,13,[CUDA memset]
6347409509,145310,455926,,,,,,,,,,1.235,8497.650,Pinned,Device,NVIDIA A100-SXM4-40GB MIG 4g.20gb (0),1,,13,[CUDA memcpy Host-to-Device]
6347566787,41599,455927,,,,,,,,,,0.197,4726.260,Pinned,Device,NVIDIA A100-SXM4-40GB MIG 4g.20gb (0),1,,13,[CUDA memcpy Host-to-Device]
6347633794,8064,455928,69,4,1,48,1,1,76,0.002,0.000,,,,,NVIDIA A100-SXM4-40GB MIG 4g.20gb (0),1,,13,"void ch_est::windowedChEstPreNoDftSOfdmKernel<float, __half, float, (unsigned int)2, (unsigned int)1, (unsigned short)4>(ch_est::puschRxChEstStatDescr_t *, ch_est::puschRxChEstDynDescr_t *)"
6347650082,6720,455929,137,2,1,24,2,1,44,0.001,0.001,,,,,NVIDIA A100-SXM4-40GB MIG 4g.20gb (0),1,,13,"void ch_est::chEstFilterNoDftSOfdmDispatchKernel<float, __half, float, (unsigned int)2>(ch_est::puschRxChEstStatDescr_t *, ch_est::puschRxChEstDynDescr_t *)"
6347663810,4704,455930,137,2,1,24,2,1,44,0.001,0.001,,,,,NVIDIA A100-SXM4-40GB MIG 4g.20gb (0),1,,13,"void ch_est::chEstFilterNoDftSOfdmDispatchKernel<float, __half, float, (unsigned int)2>(ch_est::puschRxChEstStatDescr_t *, ch_est::puschRxChEstDynDescr_t *)"
6347682689,2720,455941,103,1,1,128,1,1,16,0.000,0.000,,,,,NVIDIA A100-SXM4-40GB MIG 4g.20gb (0),1,,13,cupy_copy__complex64_complex64
6347696097,12800,455951,1434,1,1,128,1,1,16,0.000,0.000,,,,,NVIDIA A100-SXM4-40GB MIG 4g.20gb (0),1,,13,cupy_copy__complex64_complex64
6347729313,2464,455958,103,1,1,128,1,1,16,0.000,0.000,,,,,NVIDIA A100-SXM4-40GB MIG 4g.20gb (0),1,,13,cupy_copy__complex64_complex64
6347743521,83423,455965,1,1,1,32,32,1,30,0.000,0.000,,,,,NVIDIA A100-SXM4-40GB MIG 4g.20gb (0),1,,13,"void convert_kernel<__half2, float2>(tensor_layout_any, T1 *, tensor_layout_any, const T2 *)"
6347857119,19360,455968,,,,,,,,,,0.094,4839.586,Pinned,Device,NVIDIA A100-SXM4-40GB MIG 4g.20gb (0),1,,13,[CUDA memcpy Host-to-Device]
6347887743,46847,455969,,,,,,,,,,35.810,764398.552,Device,,NVIDIA A100-SXM4-40GB MIG 4g.20gb (0),1,,13,[CUDA memset]
6347939934,11776,455971,,,,,,,,,,0.000,6.793,Pinned,Device,NVIDIA A100-SXM4-40GB MIG 4g.20gb (0),1,,13,[CUDA memcpy Host-to-Device]
6347962878,18784,455972,,,,,,,,,,0.197,10466.623,Pinned,Device,NVIDIA A100-SXM4-40GB MIG 4g.20gb (0),1,,13,[CUDA memcpy Host-to-Device]
6348005597,9632,455973,273,1,1,48,1,1,40,0.000,0.001,,,,,NVIDIA A100-SXM4-40GB MIG 4g.20gb (0),1,,13,"void pusch_noise_intf_est::noiseIntfEstNoDftSOfdmKernel<float, __half, float, float, (unsigned int)2, (unsigned int)1, (unsigned char)4, (unsigned char)4>(pusch_noise_intf_est::puschRxNoiseIntfEstDynDescr)"
6348022077,2592,455984,35,1,1,128,1,1,16,0.000,0.000,,,,,NVIDIA A100-SXM4-40GB MIG 4g.20gb (0),1,,13,cupy_copy__complex64_complex64
6348039037,1664,455993,1,1,1,1,1,1,18,0.000,0.000,,,,,NVIDIA A100-SXM4-40GB MIG 4g.20gb (0),1,,13,cupy_copy__float32_float32
6348046749,6688,455999,,,,,,,,,,0.000,0.598,Device,Pageable,NVIDIA A100-SXM4-40GB MIG 4g.20gb (0),1,,7,[CUDA memcpy Device-to-Host]
6348144604,12576,456010,1434,1,1,128,1,1,16,0.000,0.000,,,,,NVIDIA A100-SXM4-40GB MIG 4g.20gb (0),1,,13,cupy_copy__complex64_complex64
6348166683,3328,456017,103,1,1,128,1,1,16,0.000,0.000,,,,,NVIDIA A100-SXM4-40GB MIG 4g.20gb (0),1,,13,cupy_copy__complex64_complex64
6348184251,2560,456024,35,1,1,128,1,1,16,0.000,0.000,,,,,NVIDIA A100-SXM4-40GB MIG 4g.20gb (0),1,,13,cupy_copy__complex64_complex64
6348202139,1760,456031,1,1,1,1,1,1,18,0.000,0.000,,,,,NVIDIA A100-SXM4-40GB MIG 4g.20gb (0),1,,13,cupy_copy__float32_float32
6348325017,85151,456042,1,1,1,32,32,1,30,0.000,0.000,,,,,NVIDIA A100-SXM4-40GB MIG 4g.20gb (0),1,,13,"void convert_kernel<__half2, float2>(tensor_layout_any, T1 *, tensor_layout_any, const T2 *)"
6348439064,14272,456045,,,,,,,,,,0.094,6564.998,Pinned,Device,NVIDIA A100-SXM4-40GB MIG 4g.20gb (0),1,,13,[CUDA memcpy Host-to-Device]
6348464504,3616,456046,,,,,,,,,,1.547,427715.774,Device,,NVIDIA A100-SXM4-40GB MIG 4g.20gb (0),1,,13,[CUDA memset]
6348470680,3232,456051,,,,,,,,,,0.031,9683.139,Pinned,Device,NVIDIA A100-SXM4-40GB MIG 4g.20gb (0),1,,13,[CUDA memcpy Host-to-Device]
6348477240,17855,456052,,,,,,,,,,0.197,11011.228,Pinned,Device,NVIDIA A100-SXM4-40GB MIG 4g.20gb (0),1,,13,[CUDA memcpy Host-to-Device]
6348508407,6048,456053,273,1,1,8,4,1,39,0.002,0.000,,,,,NVIDIA A100-SXM4-40GB MIG 4g.20gb (0),1,,13,"void channel_eq::eqMmseCoefCompLowMimoKernel<float, float, float, (unsigned int)4, (unsigned int)1, (unsigned int)4>(const channel_eq::_puschRxChEqStatDescr *, channel_eq::_puschRxChEqCoefCompDynDescr)"
6348517815,5504,456054,273,1,1,12,11,1,51,0.002,0.000,,,,,NVIDIA A100-SXM4-40GB MIG 4g.20gb (0),1,,13,"void channel_eq::eqMmseSoftDemapKernel<float, __half, __half, float, (unsigned int)4, (unsigned short)16383>(channel_eq::_puschRxChEqStatDescr *, channel_eq::_puschRxChEqSoftDemapDynDescr)"
6348525847,290044,456055,1,1,1,32,32,1,30,0.000,0.000,,,,,NVIDIA A100-SXM4-40GB MIG 4g.20gb (0),1,,13,"void convert_kernel<float2, __half2>(tensor_layout_any, T1 *, tensor_layout_any, const T2 *)"
6348816883,11040,456067,2253,1,1,128,1,1,16,0.000,0.000,,,,,NVIDIA A100-SXM4-40GB MIG 4g.20gb (0),1,,13,cupy_copy__float16_float16
6348831859,3584,456076,282,1,1,128,1,1,16,0.000,0.000,,,,,NVIDIA A100-SXM4-40GB MIG 4g.20gb (0),1,,13,cupy_copy__complex64_complex64
6348837907,2048,456085,26,1,1,128,1,1,16,0.000,0.000,,,,,NVIDIA A100-SXM4-40GB MIG 4g.20gb (0),1,,13,cupy_copy__float32_float32
6348840915,4928,456094,103,1,1,128,1,1,16,0.000,0.000,,,,,NVIDIA A100-SXM4-40GB MIG 4g.20gb (0),1,,13,cupy_copy__complex64_complex64
6348847763,12096,456104,1434,1,1,128,1,1,16,0.000,0.000,,,,,NVIDIA A100-SXM4-40GB MIG 4g.20gb (0),1,,13,cupy_copy__complex64_complex64
6348862867,81855,456109,1,1,1,32,32,1,30,0.000,0.000,,,,,NVIDIA A100-SXM4-40GB MIG 4g.20gb (0),1,,13,"void convert_kernel<__half2, float2>(tensor_layout_any, T1 *, tensor_layout_any, const T2 *)"
6348972881,5536,456112,,,,,,,,,,0.094,16924.777,Pinned,Device,NVIDIA A100-SXM4-40GB MIG 4g.20gb (0),1,,13,[CUDA memcpy Host-to-Device]
6348983185,597945,456113,,,,,,,,,,456.561,763370.728,Device,,NVIDIA A100-SXM4-40GB MIG 4g.20gb (0),1,,13,[CUDA memset]
6349588074,84447,456118,,,,,,,,,,1.235,14622.972,Pinned,Device,NVIDIA A100-SXM4-40GB MIG 4g.20gb (0),1,,13,[CUDA memcpy Host-to-Device]
6349679209,17792,456119,,,,,,,,,,0.197,11050.353,Pinned,Device,NVIDIA A100-SXM4-40GB MIG 4g.20gb (0),1,,13,[CUDA memcpy Host-to-Device]
6349711528,8256,456120,69,4,1,48,1,1,76,0.002,0.000,,,,,NVIDIA A100-SXM4-40GB MIG 4g.20gb (0),1,,13,"void ch_est::windowedChEstPreNoDftSOfdmKernel<float, __half, float, (unsigned int)2, (unsigned int)1, (unsigned short)4>(ch_est::puschRxChEstStatDescr_t *, ch_est::puschRxChEstDynDescr_t *)"
6349726856,7328,456121,137,2,1,24,2,1,44,0.001,0.001,,,,,NVIDIA A100-SXM4-40GB MIG 4g.20gb (0),1,,13,"void ch_est::chEstFilterNoDftSOfdmDispatchKernel<float, __half, float, (unsigned int)2>(ch_est::puschRxChEstStatDescr_t *, ch_est::puschRxChEstDynDescr_t *)"
6349741832,6272,456122,137,2,1,24,2,1,44,0.001,0.001,,,,,NVIDIA A100-SXM4-40GB MIG 4g.20gb (0),1,,13,"void ch_est::chEstFilterNoDftSOfdmDispatchKernel<float, __half, float, (unsigned int)2>(ch_est::puschRxChEstStatDescr_t *, ch_est::puschRxChEstDynDescr_t *)"
6349749736,2592,456133,103,1,1,128,1,1,16,0.000,0.000,,,,,NVIDIA A100-SXM4-40GB MIG 4g.20gb (0),1,,13,cupy_copy__complex64_complex64
6349758440,12928,456143,1434,1,1,128,1,1,16,0.000,0.000,,,,,NVIDIA A100-SXM4-40GB MIG 4g.20gb (0),1,,13,cupy_copy__complex64_complex64
6349773512,3168,456150,103,1,1,128,1,1,16,0.000,0.000,,,,,NVIDIA A100-SXM4-40GB MIG 4g.20gb (0),1,,13,cupy_copy__complex64_complex64
6349782087,83295,456157,1,1,1,32,32,1,30,0.000,0.000,,,,,NVIDIA A100-SXM4-40GB MIG 4g.20gb (0),1,,13,"void convert_kernel<__half2, float2>(tensor_layout_any, T1 *, tensor_layout_any, const T2 *)"
6349895878,13696,456160,,,,,,,,,,0.094,6841.120,Pinned,Device,NVIDIA A100-SXM4-40GB MIG 4g.20gb (0),1,,13,[CUDA memcpy Host-to-Device]
6349921318,47647,456161,,,,,,,,,,35.810,751542.791,Device,,NVIDIA A100-SXM4-40GB MIG 4g.20gb (0),1,,13,[CUDA memset]
6349970949,8800,456163,,,,,,,,,,0.000,9.091,Pinned,Device,NVIDIA A100-SXM4-40GB MIG 4g.20gb (0),1,,13,[CUDA memcpy Host-to-Device]
6349983717,18016,456164,,,,,,,,,,0.197,10912.924,Pinned,Device,NVIDIA A100-SXM4-40GB MIG 4g.20gb (0),1,,13,[CUDA memcpy Host-to-Device]
6350013381,11583,456165,273,1,1,48,1,1,40,0.000,0.001,,,,,NVIDIA A100-SXM4-40GB MIG 4g.20gb (0),1,,13,"void pusch_noise_intf_est::noiseIntfEstNoDftSOfdmKernel<float, __half, float, float, (unsigned int)2, (unsigned int)1, (unsigned char)4, (unsigned char)4>(pusch_noise_intf_est::puschRxNoiseIntfEstDynDescr)"
6350029636,2816,456176,35,1,1,128,1,1,16,0.000,0.000,,,,,NVIDIA A100-SXM4-40GB MIG 4g.20gb (0),1,,13,cupy_copy__complex64_complex64
6350038404,1696,456185,1,1,1,1,1,1,18,0.000,0.000,,,,,NVIDIA A100-SXM4-40GB MIG 4g.20gb (0),1,,13,cupy_copy__float32_float32
6350046372,4864,456191,,,,,,,,,,0.000,0.822,Device,Pageable,NVIDIA A100-SXM4-40GB MIG 4g.20gb (0),1,,7,[CUDA memcpy Device-to-Host]
6350114115,12800,456202,1434,1,1,128,1,1,16,0.000,0.000,,,,,NVIDIA A100-SXM4-40GB MIG 4g.20gb (0),1,,13,cupy_copy__complex64_complex64
6350140675,2592,456209,103,1,1,128,1,1,16,0.000,0.000,,,,,NVIDIA A100-SXM4-40GB MIG 4g.20gb (0),1,,13,cupy_copy__complex64_complex64
6350160931,2304,456216,35,1,1,128,1,1,16,0.000,0.000,,,,,NVIDIA A100-SXM4-40GB MIG 4g.20gb (0),1,,13,cupy_copy__complex64_complex64
6350179203,1760,456223,1,1,1,1,1,1,18,0.000,0.000,,,,,NVIDIA A100-SXM4-40GB MIG 4g.20gb (0),1,,13,cupy_copy__float32_float32
6350309729,82495,456234,1,1,1,32,32,1,30,0.000,0.000,,,,,NVIDIA A100-SXM4-40GB MIG 4g.20gb (0),1,,13,"void convert_kernel<__half2, float2>(tensor_layout_any, T1 *, tensor_layout_any, const T2 *)"
6350420256,5664,456237,,,,,,,,,,0.094,16542.310,Pinned,Device,NVIDIA A100-SXM4-40GB MIG 4g.20gb (0),1,,13,[CUDA memcpy Host-to-Device]
6350434367,3232,456238,,,,,,,,,,1.547,478533.199,Device,,NVIDIA A100-SXM4-40GB MIG 4g.20gb (0),1,,13,[CUDA memset]
6350441055,3008,456243,,,,,,,,,,0.031,10404.230,Pinned,Device,NVIDIA A100-SXM4-40GB MIG 4g.20gb (0),1,,13,[CUDA memcpy Host-to-Device]
6350446495,9408,456244,,,,,,,,,,0.197,20897.858,Pinned,Device,NVIDIA A100-SXM4-40GB MIG 4g.20gb (0),1,,13,[CUDA memcpy Host-to-Device]
6350461759,7872,456245,273,1,1,8,4,1,39,0.002,0.000,,,,,NVIDIA A100-SXM4-40GB MIG 4g.20gb (0),1,,13,"void channel_eq::eqMmseCoefCompLowMimoKernel<float, float, float, (unsigned int)4, (unsigned int)1, (unsigned int)4>(const channel_eq::_puschRxChEqStatDescr *, channel_eq::_puschRxChEqCoefCompDynDescr)"
6350471871,6016,456246,273,1,1,12,11,1,51,0.002,0.000,,,,,NVIDIA A100-SXM4-40GB MIG 4g.20gb (0),1,,13,"void channel_eq::eqMmseSoftDemapKernel<float, __half, __half, float, (unsigned int)4, (unsigned short)16383>(channel_eq::_puschRxChEqStatDescr *, channel_eq::_puschRxChEqSoftDemapDynDescr)"
6350481343,282172,456247,1,1,1,32,32,1,30,0.000,0.000,,,,,NVIDIA A100-SXM4-40GB MIG 4g.20gb (0),1,,13,"void convert_kernel<float2, __half2>(tensor_layout_any, T1 *, tensor_layout_any, const T2 *)"
6350767131,10912,456259,2253,1,1,128,1,1,16,0.000,0.000,,,,,NVIDIA A100-SXM4-40GB MIG 4g.20gb (0),1,,13,cupy_copy__float16_float16
6350780219,3328,456268,282,1,1,128,1,1,16,0.000,0.000,,,,,NVIDIA A100-SXM4-40GB MIG 4g.20gb (0),1,,13,cupy_copy__complex64_complex64
6350785787,2144,456277,26,1,1,128,1,1,16,0.000,0.000,,,,,NVIDIA A100-SXM4-40GB MIG 4g.20gb (0),1,,13,cupy_copy__float32_float32
6350792123,2912,456286,103,1,1,128,1,1,16,0.000,0.000,,,,,NVIDIA A100-SXM4-40GB MIG 4g.20gb (0),1,,13,cupy_copy__complex64_complex64
6350797819,12416,456296,1434,1,1,128,1,1,16,0.000,0.000,,,,,NVIDIA A100-SXM4-40GB MIG 4g.20gb (0),1,,13,cupy_copy__complex64_complex64
6350811515,86495,456301,1,1,1,32,32,1,30,0.000,0.000,,,,,NVIDIA A100-SXM4-40GB MIG 4g.20gb (0),1,,13,"void convert_kernel<__half2, float2>(tensor_layout_any, T1 *, tensor_layout_any, const T2 *)"
6350925817,5504,456304,,,,,,,,,,0.094,17023.251,Pinned,Device,NVIDIA A100-SXM4-40GB MIG 4g.20gb (0),1,,13,[CUDA memcpy Host-to-Device]
6350935961,596761,456305,,,,,,,,,,456.561,764740.412,Device,,NVIDIA A100-SXM4-40GB MIG 4g.20gb (0),1,,13,[CUDA memset]
6351533842,140254,456310,,,,,,,,,,1.235,8803.916,Pinned,Device,NVIDIA A100-SXM4-40GB MIG 4g.20gb (0),1,,13,[CUDA memcpy Host-to-Device]
6351687280,40223,456311,,,,,,,,,,0.197,4887.871,Pinned,Device,NVIDIA A100-SXM4-40GB MIG 4g.20gb (0),1,,13,[CUDA memcpy Host-to-Device]
6351757199,8192,456312,69,4,1,48,1,1,76,0.002,0.000,,,,,NVIDIA A100-SXM4-40GB MIG 4g.20gb (0),1,,13,"void ch_est::windowedChEstPreNoDftSOfdmKernel<float, __half, float, (unsigned int)2, (unsigned int)1, (unsigned short)4>(ch_est::puschRxChEstStatDescr_t *, ch_est::puschRxChEstDynDescr_t *)"
6351774927,6624,456313,137,2,1,24,2,1,44,0.001,0.001,,,,,NVIDIA A100-SXM4-40GB MIG 4g.20gb (0),1,,13,"void ch_est::chEstFilterNoDftSOfdmDispatchKernel<float, __half, float, (unsigned int)2>(ch_est::puschRxChEstStatDescr_t *, ch_est::puschRxChEstDynDescr_t *)"
6351791695,4864,456314,137,2,1,24,2,1,44,0.001,0.001,,,,,NVIDIA A100-SXM4-40GB MIG 4g.20gb (0),1,,13,"void ch_est::chEstFilterNoDftSOfdmDispatchKernel<float, __half, float, (unsigned int)2>(ch_est::puschRxChEstStatDescr_t *, ch_est::puschRxChEstDynDescr_t *)"
6351806031,2655,456325,103,1,1,128,1,1,16,0.000,0.000,,,,,NVIDIA A100-SXM4-40GB MIG 4g.20gb (0),1,,13,cupy_copy__complex64_complex64
6351821294,12512,456335,1434,1,1,128,1,1,16,0.000,0.000,,,,,NVIDIA A100-SXM4-40GB MIG 4g.20gb (0),1,,13,cupy_copy__complex64_complex64
6351839054,2560,456342,103,1,1,128,1,1,16,0.000,0.000,,,,,NVIDIA A100-SXM4-40GB MIG 4g.20gb (0),1,,13,cupy_copy__complex64_complex64
6351853678,81695,456349,1,1,1,32,32,1,30,0.000,0.000,,,,,NVIDIA A100-SXM4-40GB MIG 4g.20gb (0),1,,13,"void convert_kernel<__half2, float2>(tensor_layout_any, T1 *, tensor_layout_any, const T2 *)"
6351965613,13375,456352,,,,,,,,,,0.094,7005.275,Pinned,Device,NVIDIA A100-SXM4-40GB MIG 4g.20gb (0),1,,13,[CUDA memcpy Host-to-Device]
6351993388,47552,456353,,,,,,,,,,35.810,753046.808,Device,,NVIDIA A100-SXM4-40GB MIG 4g.20gb (0),1,,13,[CUDA memset]
6352041804,10047,456355,,,,,,,,,,0.000,7.963,Pinned,Device,NVIDIA A100-SXM4-40GB MIG 4g.20gb (0),1,,13,[CUDA memcpy Host-to-Device]
6352055755,18336,456356,,,,,,,,,,0.197,10722.410,Pinned,Device,NVIDIA A100-SXM4-40GB MIG 4g.20gb (0),1,,13,[CUDA memcpy Host-to-Device]
6352087915,9856,456357,273,1,1,48,1,1,40,0.000,0.001,,,,,NVIDIA A100-SXM4-40GB MIG 4g.20gb (0),1,,13,"void pusch_noise_intf_est::noiseIntfEstNoDftSOfdmKernel<float, __half, float, float, (unsigned int)2, (unsigned int)1, (unsigned char)4, (unsigned char)4>(pusch_noise_intf_est::puschRxNoiseIntfEstDynDescr)"
6352108939,2560,456368,35,1,1,128,1,1,16,0.000,0.000,,,,,NVIDIA A100-SXM4-40GB MIG 4g.20gb (0),1,,13,cupy_copy__complex64_complex64
6352118731,1696,456377,1,1,1,1,1,1,18,0.000,0.000,,,,,NVIDIA A100-SXM4-40GB MIG 4g.20gb (0),1,,13,cupy_copy__float32_float32
6352124971,6719,456383,,,,,,,,,,0.000,0.595,Device,Pageable,NVIDIA A100-SXM4-40GB MIG 4g.20gb (0),1,,7,[CUDA memcpy Device-to-Host]
6352204586,12959,456394,1434,1,1,128,1,1,16,0.000,0.000,,,,,NVIDIA A100-SXM4-40GB MIG 4g.20gb (0),1,,13,cupy_copy__complex64_complex64
6352234505,3040,456401,103,1,1,128,1,1,16,0.000,0.000,,,,,NVIDIA A100-SXM4-40GB MIG 4g.20gb (0),1,,13,cupy_copy__complex64_complex64
6352255049,2528,456408,35,1,1,128,1,1,16,0.000,0.000,,,,,NVIDIA A100-SXM4-40GB MIG 4g.20gb (0),1,,13,cupy_copy__complex64_complex64
6352267401,1984,456415,1,1,1,1,1,1,18,0.000,0.000,,,,,NVIDIA A100-SXM4-40GB MIG 4g.20gb (0),1,,13,cupy_copy__float32_float32
6352396039,81759,456426,1,1,1,32,32,1,30,0.000,0.000,,,,,NVIDIA A100-SXM4-40GB MIG 4g.20gb (0),1,,13,"void convert_kernel<__half2, float2>(tensor_layout_any, T1 *, tensor_layout_any, const T2 *)"
6352506758,5824,456429,,,,,,,,,,0.094,16087.884,Pinned,Device,NVIDIA A100-SXM4-40GB MIG 4g.20gb (0),1,,13,[CUDA memcpy Host-to-Device]
6352520230,3296,456430,,,,,,,,,,1.547,469242.628,Device,,NVIDIA A100-SXM4-40GB MIG 4g.20gb (0),1,,13,[CUDA memset]
6352527878,3040,456435,,,,,,,,,,0.031,10294.725,Pinned,Device,NVIDIA A100-SXM4-40GB MIG 4g.20gb (0),1,,13,[CUDA memcpy Host-to-Device]
6352533414,9503,456436,,,,,,,,,,0.197,20688.863,Pinned,Device,NVIDIA A100-SXM4-40GB MIG 4g.20gb (0),1,,13,[CUDA memcpy Host-to-Device]
6352548229,6208,456437,273,1,1,8,4,1,39,0.002,0.000,,,,,NVIDIA A100-SXM4-40GB MIG 4g.20gb (0),1,,13,"void channel_eq::eqMmseCoefCompLowMimoKernel<float, float, float, (unsigned int)4, (unsigned int)1, (unsigned int)4>(const channel_eq::_puschRxChEqStatDescr *, channel_eq::_puschRxChEqCoefCompDynDescr)"
6352555557,5952,456438,273,1,1,12,11,1,51,0.002,0.000,,,,,NVIDIA A100-SXM4-40GB MIG 4g.20gb (0),1,,13,"void channel_eq::eqMmseSoftDemapKernel<float, __half, __half, float, (unsigned int)4, (unsigned short)16383>(channel_eq::_puschRxChEqStatDescr *, channel_eq::_puschRxChEqSoftDemapDynDescr)"
6352562565,281725,456439,1,1,1,32,32,1,30,0.000,0.000,,,,,NVIDIA A100-SXM4-40GB MIG 4g.20gb (0),1,,13,"void convert_kernel<float2, __half2>(tensor_layout_any, T1 *, tensor_layout_any, const T2 *)"
6352846082,11072,456451,2253,1,1,128,1,1,16,0.000,0.000,,,,,NVIDIA A100-SXM4-40GB MIG 4g.20gb (0),1,,13,cupy_copy__float16_float16
6352859138,3007,456460,282,1,1,128,1,1,16,0.000,0.000,,,,,NVIDIA A100-SXM4-40GB MIG 4g.20gb (0),1,,13,cupy_copy__complex64_complex64
6352863265,2176,456469,26,1,1,128,1,1,16,0.000,0.000,,,,,NVIDIA A100-SXM4-40GB MIG 4g.20gb (0),1,,13,cupy_copy__float32_float32
6352869313,3136,456478,103,1,1,128,1,1,16,0.000,0.000,,,,,NVIDIA A100-SXM4-40GB MIG 4g.20gb (0),1,,13,cupy_copy__complex64_complex64
6352875937,12096,456488,1434,1,1,128,1,1,16,0.000,0.000,,,,,NVIDIA A100-SXM4-40GB MIG 4g.20gb (0),1,,13,cupy_copy__complex64_complex64
6352894753,82431,456493,1,1,1,32,32,1,30,0.000,0.000,,,,,NVIDIA A100-SXM4-40GB MIG 4g.20gb (0),1,,13,"void convert_kernel<__half2, float2>(tensor_layout_any, T1 *, tensor_layout_any, const T2 *)"
6353004288,5664,456496,,,,,,,,,,0.094,16542.310,Pinned,Device,NVIDIA A100-SXM4-40GB MIG 4g.20gb (0),1,,13,[CUDA memcpy Host-to-Device]
6353014016,598200,456497,,,,,,,,,,456.561,762914.166,Device,,NVIDIA A100-SXM4-40GB MIG 4g.20gb (0),1,,13,[CUDA memset]
6353619288,157566,456502,,,,,,,,,,1.235,7836.955,Pinned,Device,NVIDIA A100-SXM4-40GB MIG 4g.20gb (0),1,,13,[CUDA memcpy Host-to-Device]
6353784374,36896,456503,,,,,,,,,,0.197,5328.667,Pinned,Device,NVIDIA A100-SXM4-40GB MIG 4g.20gb (0),1,,13,[CUDA memcpy Host-to-Device]
6353835125,7936,456504,69,4,1,48,1,1,76,0.002,0.000,,,,,NVIDIA A100-SXM4-40GB MIG 4g.20gb (0),1,,13,"void ch_est::windowedChEstPreNoDftSOfdmKernel<float, __half, float, (unsigned int)2, (unsigned int)1, (unsigned short)4>(ch_est::puschRxChEstStatDescr_t *, ch_est::puschRxChEstDynDescr_t *)"
6353850069,6848,456505,137,2,1,24,2,1,44,0.001,0.001,,,,,NVIDIA A100-SXM4-40GB MIG 4g.20gb (0),1,,13,"void ch_est::chEstFilterNoDftSOfdmDispatchKernel<float, __half, float, (unsigned int)2>(ch_est::puschRxChEstStatDescr_t *, ch_est::puschRxChEstDynDescr_t *)"
6353866069,4736,456506,137,2,1,24,2,1,44,0.001,0.001,,,,,NVIDIA A100-SXM4-40GB MIG 4g.20gb (0),1,,13,"void ch_est::chEstFilterNoDftSOfdmDispatchKernel<float, __half, float, (unsigned int)2>(ch_est::puschRxChEstStatDescr_t *, ch_est::puschRxChEstDynDescr_t *)"
6353878517,2720,456517,103,1,1,128,1,1,16,0.000,0.000,,,,,NVIDIA A100-SXM4-40GB MIG 4g.20gb (0),1,,13,cupy_copy__complex64_complex64
6353890357,12640,456527,1434,1,1,128,1,1,16,0.000,0.000,,,,,NVIDIA A100-SXM4-40GB MIG 4g.20gb (0),1,,13,cupy_copy__complex64_complex64
6353914644,2528,456534,103,1,1,128,1,1,16,0.000,0.000,,,,,NVIDIA A100-SXM4-40GB MIG 4g.20gb (0),1,,13,cupy_copy__complex64_complex64
6353925620,91519,456541,1,1,1,32,32,1,30,0.000,0.000,,,,,NVIDIA A100-SXM4-40GB MIG 4g.20gb (0),1,,13,"void convert_kernel<__half2, float2>(tensor_layout_any, T1 *, tensor_layout_any, const T2 *)"
6354046707,14048,456544,,,,,,,,,,0.094,6669.656,Pinned,Device,NVIDIA A100-SXM4-40GB MIG 4g.20gb (0),1,,13,[CUDA memcpy Host-to-Device]
6354069267,46783,456545,,,,,,,,,,35.810,765437.040,Device,,NVIDIA A100-SXM4-40GB MIG 4g.20gb (0),1,,13,[CUDA memset]
6354123090,5376,456547,,,,,,,,,,0.000,14.881,Pinned,Device,NVIDIA A100-SXM4-40GB MIG 4g.20gb (0),1,,13,[CUDA memcpy Host-to-Device]
6354134002,16448,456548,,,,,,,,,,0.197,11953.177,Pinned,Device,NVIDIA A100-SXM4-40GB MIG 4g.20gb (0),1,,13,[CUDA memcpy Host-to-Device]
6354165969,9888,456549,273,1,1,48,1,1,40,0.000,0.001,,,,,NVIDIA A100-SXM4-40GB MIG 4g.20gb (0),1,,13,"void pusch_noise_intf_est::noiseIntfEstNoDftSOfdmKernel<float, __half, float, float, (unsigned int)2, (unsigned int)1, (unsigned char)4, (unsigned char)4>(pusch_noise_intf_est::puschRxNoiseIntfEstDynDescr)"
6354178737,3104,456560,35,1,1,128,1,1,16,0.000,0.000,,,,,NVIDIA A100-SXM4-40GB MIG 4g.20gb (0),1,,13,cupy_copy__complex64_complex64
6354187121,2016,456569,1,1,1,1,1,1,18,0.000,0.000,,,,,NVIDIA A100-SXM4-40GB MIG 4g.20gb (0),1,,13,cupy_copy__float32_float32
6354196017,4288,456575,,,,,,,,,,0.000,0.933,Device,Pageable,NVIDIA A100-SXM4-40GB MIG 4g.20gb (0),1,,7,[CUDA memcpy Device-to-Host]
6354263728,12960,456586,1434,1,1,128,1,1,16,0.000,0.000,,,,,NVIDIA A100-SXM4-40GB MIG 4g.20gb (0),1,,13,cupy_copy__complex64_complex64
6354290576,2880,456593,103,1,1,128,1,1,16,0.000,0.000,,,,,NVIDIA A100-SXM4-40GB MIG 4g.20gb (0),1,,13,cupy_copy__complex64_complex64
6354309872,2592,456600,35,1,1,128,1,1,16,0.000,0.000,,,,,NVIDIA A100-SXM4-40GB MIG 4g.20gb (0),1,,13,cupy_copy__complex64_complex64
6354328399,1792,456607,1,1,1,1,1,1,18,0.000,0.000,,,,,NVIDIA A100-SXM4-40GB MIG 4g.20gb (0),1,,13,cupy_copy__float32_float32
6354459214,81439,456618,1,1,1,32,32,1,30,0.000,0.000,,,,,NVIDIA A100-SXM4-40GB MIG 4g.20gb (0),1,,13,"void convert_kernel<__half2, float2>(tensor_layout_any, T1 *, tensor_layout_any, const T2 *)"
6354568396,5728,456621,,,,,,,,,,0.094,16357.541,Pinned,Device,NVIDIA A100-SXM4-40GB MIG 4g.20gb (0),1,,13,[CUDA memcpy Host-to-Device]
6354583084,3552,456622,,,,,,,,,,1.547,435422.601,Device,,NVIDIA A100-SXM4-40GB MIG 4g.20gb (0),1,,13,[CUDA memset]
6354591180,3040,456627,,,,,,,,,,0.031,10294.725,Pinned,Device,NVIDIA A100-SXM4-40GB MIG 4g.20gb (0),1,,13,[CUDA memcpy Host-to-Device]
6354596876,9728,456628,,,,,,,,,,0.197,20210.516,Pinned,Device,NVIDIA A100-SXM4-40GB MIG 4g.20gb (0),1,,13,[CUDA memcpy Host-to-Device]
6354609868,6336,456629,273,1,1,8,4,1,39,0.002,0.000,,,,,NVIDIA A100-SXM4-40GB MIG 4g.20gb (0),1,,13,"void channel_eq::eqMmseCoefCompLowMimoKernel<float, float, float, (unsigned int)4, (unsigned int)1, (unsigned int)4>(const channel_eq::_puschRxChEqStatDescr *, channel_eq::_puschRxChEqCoefCompDynDescr)"
6354617132,6176,456630,273,1,1,12,11,1,51,0.002,0.000,,,,,NVIDIA A100-SXM4-40GB MIG 4g.20gb (0),1,,13,"void channel_eq::eqMmseSoftDemapKernel<float, __half, __half, float, (unsigned int)4, (unsigned short)16383>(channel_eq::_puschRxChEqStatDescr *, channel_eq::_puschRxChEqSoftDemapDynDescr)"
6354624236,282492,456631,1,1,1,32,32,1,30,0.000,0.000,,,,,NVIDIA A100-SXM4-40GB MIG 4g.20gb (0),1,,13,"void convert_kernel<float2, __half2>(tensor_layout_any, T1 *, tensor_layout_any, const T2 *)"
6354908168,11008,456643,2253,1,1,128,1,1,16,0.000,0.000,,,,,NVIDIA A100-SXM4-40GB MIG 4g.20gb (0),1,,13,cupy_copy__float16_float16
6354922696,3680,456652,282,1,1,128,1,1,16,0.000,0.000,,,,,NVIDIA A100-SXM4-40GB MIG 4g.20gb (0),1,,13,cupy_copy__complex64_complex64
6354929352,2336,456661,26,1,1,128,1,1,16,0.000,0.000,,,,,NVIDIA A100-SXM4-40GB MIG 4g.20gb (0),1,,13,cupy_copy__float32_float32
6354932680,4608,456670,103,1,1,128,1,1,16,0.000,0.000,,,,,NVIDIA A100-SXM4-40GB MIG 4g.20gb (0),1,,13,cupy_copy__complex64_complex64
6354938312,11968,456680,1434,1,1,128,1,1,16,0.000,0.000,,,,,NVIDIA A100-SXM4-40GB MIG 4g.20gb (0),1,,13,cupy_copy__complex64_complex64
6354964680,81983,456685,1,1,1,32,32,1,30,0.000,0.000,,,,,NVIDIA A100-SXM4-40GB MIG 4g.20gb (0),1,,13,"void convert_kernel<__half2, float2>(tensor_layout_any, T1 *, tensor_layout_any, const T2 *)"
6355074086,5696,456688,,,,,,,,,,0.094,16449.363,Pinned,Device,NVIDIA A100-SXM4-40GB MIG 4g.20gb (0),1,,13,[CUDA memcpy Host-to-Device]
6355083814,603801,456689,,,,,,,,,,456.561,756065.745,Device,,NVIDIA A100-SXM4-40GB MIG 4g.20gb (0),1,,13,[CUDA memset]
6355694527,147102,456694,,,,,,,,,,1.235,8395.149,Pinned,Device,NVIDIA A100-SXM4-40GB MIG 4g.20gb (0),1,,13,[CUDA memcpy Host-to-Device]
6355855933,46495,456695,,,,,,,,,,0.197,4228.448,Pinned,Device,NVIDIA A100-SXM4-40GB MIG 4g.20gb (0),1,,13,[CUDA memcpy Host-to-Device]
6355925052,8448,456696,69,4,1,48,1,1,76,0.002,0.000,,,,,NVIDIA A100-SXM4-40GB MIG 4g.20gb (0),1,,13,"void ch_est::windowedChEstPreNoDftSOfdmKernel<float, __half, float, (unsigned int)2, (unsigned int)1, (unsigned short)4>(ch_est::puschRxChEstStatDescr_t *, ch_est::puschRxChEstDynDescr_t *)"
6355942619,6752,456697,137,2,1,24,2,1,44,0.001,0.001,,,,,NVIDIA A100-SXM4-40GB MIG 4g.20gb (0),1,,13,"void ch_est::chEstFilterNoDftSOfdmDispatchKernel<float, __half, float, (unsigned int)2>(ch_est::puschRxChEstStatDescr_t *, ch_est::puschRxChEstDynDescr_t *)"
6355959067,4736,456698,137,2,1,24,2,1,44,0.001,0.001,,,,,NVIDIA A100-SXM4-40GB MIG 4g.20gb (0),1,,13,"void ch_est::chEstFilterNoDftSOfdmDispatchKernel<float, __half, float, (unsigned int)2>(ch_est::puschRxChEstStatDescr_t *, ch_est::puschRxChEstDynDescr_t *)"
6355976475,2688,456709,103,1,1,128,1,1,16,0.000,0.000,,,,,NVIDIA A100-SXM4-40GB MIG 4g.20gb (0),1,,13,cupy_copy__complex64_complex64
6355992635,12704,456719,1434,1,1,128,1,1,16,0.000,0.000,,,,,NVIDIA A100-SXM4-40GB MIG 4g.20gb (0),1,,13,cupy_copy__complex64_complex64
6356011515,2912,456726,103,1,1,128,1,1,16,0.000,0.000,,,,,NVIDIA A100-SXM4-40GB MIG 4g.20gb (0),1,,13,cupy_copy__complex64_complex64
6356036250,93599,456733,1,1,1,32,32,1,30,0.000,0.000,,,,,NVIDIA A100-SXM4-40GB MIG 4g.20gb (0),1,,13,"void convert_kernel<__half2, float2>(tensor_layout_any, T1 *, tensor_layout_any, const T2 *)"
6356163577,23039,456736,,,,,,,,,,0.094,4066.781,Pinned,Device,NVIDIA A100-SXM4-40GB MIG 4g.20gb (0),1,,13,[CUDA memcpy Host-to-Device]
6356202392,46592,456737,,,,,,,,,,35.810,768552.503,Device,,NVIDIA A100-SXM4-40GB MIG 4g.20gb (0),1,,13,[CUDA memset]
6356252440,12607,456739,,,,,,,,,,0.000,6.346,Pinned,Device,NVIDIA A100-SXM4-40GB MIG 4g.20gb (0),1,,13,[CUDA memcpy Host-to-Device]
6356273111,20928,456740,,,,,,,,,,0.197,9394.323,Pinned,Device,NVIDIA A100-SXM4-40GB MIG 4g.20gb (0),1,,13,[CUDA memcpy Host-to-Device]
6356317879,9504,456741,273,1,1,48,1,1,40,0.000,0.001,,,,,NVIDIA A100-SXM4-40GB MIG 4g.20gb (0),1,,13,"void pusch_noise_intf_est::noiseIntfEstNoDftSOfdmKernel<float, __half, float, float, (unsigned int)2, (unsigned int)1, (unsigned char)4, (unsigned char)4>(pusch_noise_intf_est::puschRxNoiseIntfEstDynDescr)"
6356346134,2720,456752,35,1,1,128,1,1,16,0.000,0.000,,,,,NVIDIA A100-SXM4-40GB MIG 4g.20gb (0),1,,13,cupy_copy__complex64_complex64
6356360150,1696,456761,1,1,1,1,1,1,18,0.000,0.000,,,,,NVIDIA A100-SXM4-40GB MIG 4g.20gb (0),1,,13,cupy_copy__float32_float32
6356367670,5376,456767,,,,,,,,,,0.000,0.744,Device,Pageable,NVIDIA A100-SXM4-40GB MIG 4g.20gb (0),1,,7,[CUDA memcpy Device-to-Host]
6356448437,12832,456778,1434,1,1,128,1,1,16,0.000,0.000,,,,,NVIDIA A100-SXM4-40GB MIG 4g.20gb (0),1,,13,cupy_copy__complex64_complex64
6356475733,3328,456785,103,1,1,128,1,1,16,0.000,0.000,,,,,NVIDIA A100-SXM4-40GB MIG 4g.20gb (0),1,,13,cupy_copy__complex64_complex64
6356494325,2528,456792,35,1,1,128,1,1,16,0.000,0.000,,,,,NVIDIA A100-SXM4-40GB MIG 4g.20gb (0),1,,13,cupy_copy__complex64_complex64
6356509396,1984,456799,1,1,1,1,1,1,18,0.000,0.000,,,,,NVIDIA A100-SXM4-40GB MIG 4g.20gb (0),1,,13,cupy_copy__float32_float32
6356638227,87231,456810,1,1,1,32,32,1,30,0.000,0.000,,,,,NVIDIA A100-SXM4-40GB MIG 4g.20gb (0),1,,13,"void convert_kernel<__half2, float2>(tensor_layout_any, T1 *, tensor_layout_any, const T2 *)"
6356756049,5824,456813,,,,,,,,,,0.094,16087.884,Pinned,Device,NVIDIA A100-SXM4-40GB MIG 4g.20gb (0),1,,13,[CUDA memcpy Host-to-Device]
6356770545,3232,456814,,,,,,,,,,1.547,478533.199,Device,,NVIDIA A100-SXM4-40GB MIG 4g.20gb (0),1,,13,[CUDA memset]
6356777777,3008,456819,,,,,,,,,,0.031,10404.230,Pinned,Device,NVIDIA A100-SXM4-40GB MIG 4g.20gb (0),1,,13,[CUDA memcpy Host-to-Device]
6356783377,9664,456820,,,,,,,,,,0.197,20344.209,Pinned,Device,NVIDIA A100-SXM4-40GB MIG 4g.20gb (0),1,,13,[CUDA memcpy Host-to-Device]
6356796913,8352,456821,273,1,1,8,4,1,39,0.002,0.000,,,,,NVIDIA A100-SXM4-40GB MIG 4g.20gb (0),1,,13,"void channel_eq::eqMmseCoefCompLowMimoKernel<float, float, float, (unsigned int)4, (unsigned int)1, (unsigned int)4>(const channel_eq::_puschRxChEqStatDescr *, channel_eq::_puschRxChEqCoefCompDynDescr)"
6356808881,6080,456822,273,1,1,12,11,1,51,0.002,0.000,,,,,NVIDIA A100-SXM4-40GB MIG 4g.20gb (0),1,,13,"void channel_eq::eqMmseSoftDemapKernel<float, __half, __half, float, (unsigned int)4, (unsigned short)16383>(channel_eq::_puschRxChEqStatDescr *, channel_eq::_puschRxChEqSoftDemapDynDescr)"
6356816881,282268,456823,1,1,1,32,32,1,30,0.000,0.000,,,,,NVIDIA A100-SXM4-40GB MIG 4g.20gb (0),1,,13,"void convert_kernel<float2, __half2>(tensor_layout_any, T1 *, tensor_layout_any, const T2 *)"
6357101165,10944,456835,2253,1,1,128,1,1,16,0.000,0.000,,,,,NVIDIA A100-SXM4-40GB MIG 4g.20gb (0),1,,13,cupy_copy__float16_float16
6357114541,3104,456844,282,1,1,128,1,1,16,0.000,0.000,,,,,NVIDIA A100-SXM4-40GB MIG 4g.20gb (0),1,,13,cupy_copy__complex64_complex64
6357118925,2304,456853,26,1,1,128,1,1,16,0.000,0.000,,,,,NVIDIA A100-SXM4-40GB MIG 4g.20gb (0),1,,13,cupy_copy__float32_float32
6357123565,4256,456862,103,1,1,128,1,1,16,0.000,0.000,,,,,NVIDIA A100-SXM4-40GB MIG 4g.20gb (0),1,,13,cupy_copy__complex64_complex64
6357130765,12032,456872,1434,1,1,128,1,1,16,0.000,0.000,,,,,NVIDIA A100-SXM4-40GB MIG 4g.20gb (0),1,,13,cupy_copy__complex64_complex64
6357147693,82143,456877,1,1,1,32,32,1,30,0.000,0.000,,,,,NVIDIA A100-SXM4-40GB MIG 4g.20gb (0),1,,13,"void convert_kernel<__half2, float2>(tensor_layout_any, T1 *, tensor_layout_any, const T2 *)"
6357257259,5824,456880,,,,,,,,,,0.094,16087.884,Pinned,Device,NVIDIA A100-SXM4-40GB MIG 4g.20gb (0),1,,13,[CUDA memcpy Host-to-Device]
6357267499,597913,456881,,,,,,,,,,456.561,763370.728,Device,,NVIDIA A100-SXM4-40GB MIG 4g.20gb (0),1,,13,[CUDA memset]
6357867044,78335,456886,,,,,,,,,,1.235,15764.060,Pinned,Device,NVIDIA A100-SXM4-40GB MIG 4g.20gb (0),1,,13,[CUDA memcpy Host-to-Device]
6357952419,18559,456887,,,,,,,,,,0.197,10593.632,Pinned,Device,NVIDIA A100-SXM4-40GB MIG 4g.20gb (0),1,,13,[CUDA memcpy Host-to-Device]
6357985890,8576,456888,69,4,1,48,1,1,76,0.002,0.000,,,,,NVIDIA A100-SXM4-40GB MIG 4g.20gb (0),1,,13,"void ch_est::windowedChEstPreNoDftSOfdmKernel<float, __half, float, (unsigned int)2, (unsigned int)1, (unsigned short)4>(ch_est::puschRxChEstStatDescr_t *, ch_est::puschRxChEstDynDescr_t *)"
6358001666,7296,456889,137,2,1,24,2,1,44,0.001,0.001,,,,,NVIDIA A100-SXM4-40GB MIG 4g.20gb (0),1,,13,"void ch_est::chEstFilterNoDftSOfdmDispatchKernel<float, __half, float, (unsigned int)2>(ch_est::puschRxChEstStatDescr_t *, ch_est::puschRxChEstDynDescr_t *)"
6358016514,4960,456890,137,2,1,24,2,1,44,0.001,0.001,,,,,NVIDIA A100-SXM4-40GB MIG 4g.20gb (0),1,,13,"void ch_est::chEstFilterNoDftSOfdmDispatchKernel<float, __half, float, (unsigned int)2>(ch_est::puschRxChEstStatDescr_t *, ch_est::puschRxChEstDynDescr_t *)"
6358024962,2976,456901,103,1,1,128,1,1,16,0.000,0.000,,,,,NVIDIA A100-SXM4-40GB MIG 4g.20gb (0),1,,13,cupy_copy__complex64_complex64
6358035202,12639,456911,1434,1,1,128,1,1,16,0.000,0.000,,,,,NVIDIA A100-SXM4-40GB MIG 4g.20gb (0),1,,13,cupy_copy__complex64_complex64
6358050241,3104,456918,103,1,1,128,1,1,16,0.000,0.000,,,,,NVIDIA A100-SXM4-40GB MIG 4g.20gb (0),1,,13,cupy_copy__complex64_complex64
6358060577,88127,456925,1,1,1,32,32,1,30,0.000,0.000,,,,,NVIDIA A100-SXM4-40GB MIG 4g.20gb (0),1,,13,"void convert_kernel<__half2, float2>(tensor_layout_any, T1 *, tensor_layout_any, const T2 *)"
6358180480,9728,456928,,,,,,,,,,0.094,9631.574,Pinned,Device,NVIDIA A100-SXM4-40GB MIG 4g.20gb (0),1,,13,[CUDA memcpy Host-to-Device]
6358199232,47743,456929,,,,,,,,,,35.810,750038.774,Device,,NVIDIA A100-SXM4-40GB MIG 4g.20gb (0),1,,13,[CUDA memset]
6358249599,6624,456931,,,,,,,,,,0.000,12.077,Pinned,Device,NVIDIA A100-SXM4-40GB MIG 4g.20gb (0),1,,13,[CUDA memcpy Host-to-Device]
6358261119,18528,456932,,,,,,,,,,0.197,10611.327,Pinned,Device,NVIDIA A100-SXM4-40GB MIG 4g.20gb (0),1,,13,[CUDA memcpy Host-to-Device]
6358291230,8576,456933,273,1,1,48,1,1,40,0.000,0.001,,,,,NVIDIA A100-SXM4-40GB MIG 4g.20gb (0),1,,13,"void pusch_noise_intf_est::noiseIntfEstNoDftSOfdmKernel<float, __half, float, float, (unsigned int)2, (unsigned int)1, (unsigned char)4, (unsigned char)4>(pusch_noise_intf_est::puschRxNoiseIntfEstDynDescr)"
6358307806,2688,456944,35,1,1,128,1,1,16,0.000,0.000,,,,,NVIDIA A100-SXM4-40GB MIG 4g.20gb (0),1,,13,cupy_copy__complex64_complex64
6358316606,1888,456953,1,1,1,1,1,1,18,0.000,0.000,,,,,NVIDIA A100-SXM4-40GB MIG 4g.20gb (0),1,,13,cupy_copy__float32_float32
6358329950,7232,456959,,,,,,,,,,0.000,0.553,Device,Pageable,NVIDIA A100-SXM4-40GB MIG 4g.20gb (0),1,,7,[CUDA memcpy Device-to-Host]
6358406077,12640,456970,1434,1,1,128,1,1,16,0.000,0.000,,,,,NVIDIA A100-SXM4-40GB MIG 4g.20gb (0),1,,13,cupy_copy__complex64_complex64
6358437981,3456,456977,103,1,1,128,1,1,16,0.000,0.000,,,,,NVIDIA A100-SXM4-40GB MIG 4g.20gb (0),1,,13,cupy_copy__complex64_complex64
6358455676,2560,456984,35,1,1,128,1,1,16,0.000,0.000,,,,,NVIDIA A100-SXM4-40GB MIG 4g.20gb (0),1,,13,cupy_copy__complex64_complex64
6358468860,2048,456991,1,1,1,1,1,1,18,0.000,0.000,,,,,NVIDIA A100-SXM4-40GB MIG 4g.20gb (0),1,,13,cupy_copy__float32_float32
6358597595,87359,457002,1,1,1,32,32,1,30,0.000,0.000,,,,,NVIDIA A100-SXM4-40GB MIG 4g.20gb (0),1,,13,"void convert_kernel<__half2, float2>(tensor_layout_any, T1 *, tensor_layout_any, const T2 *)"
6358713177,5824,457005,,,,,,,,,,0.094,16087.884,Pinned,Device,NVIDIA A100-SXM4-40GB MIG 4g.20gb (0),1,,13,[CUDA memcpy Host-to-Device]
6358727929,3520,457006,,,,,,,,,,1.547,439380.412,Device,,NVIDIA A100-SXM4-40GB MIG 4g.20gb (0),1,,13,[CUDA memset]
6358734137,3200,457011,,,,,,,,,,0.031,9780.000,Pinned,Device,NVIDIA A100-SXM4-40GB MIG 4g.20gb (0),1,,13,[CUDA memcpy Host-to-Device]
6358739929,9600,457012,,,,,,,,,,0.197,20479.869,Pinned,Device,NVIDIA A100-SXM4-40GB MIG 4g.20gb (0),1,,13,[CUDA memcpy Host-to-Device]
6358753913,6176,457013,273,1,1,8,4,1,39,0.002,0.000,,,,,NVIDIA A100-SXM4-40GB MIG 4g.20gb (0),1,,13,"void channel_eq::eqMmseCoefCompLowMimoKernel<float, float, float, (unsigned int)4, (unsigned int)1, (unsigned int)4>(const channel_eq::_puschRxChEqStatDescr *, channel_eq::_puschRxChEqCoefCompDynDescr)"
6358763545,5376,457014,273,1,1,12,11,1,51,0.002,0.000,,,,,NVIDIA A100-SXM4-40GB MIG 4g.20gb (0),1,,13,"void channel_eq::eqMmseSoftDemapKernel<float, __half, __half, float, (unsigned int)4, (unsigned short)16383>(channel_eq::_puschRxChEqStatDescr *, channel_eq::_puschRxChEqSoftDemapDynDescr)"
6358770681,282844,457015,1,1,1,32,32,1,30,0.000,0.000,,,,,NVIDIA A100-SXM4-40GB MIG 4g.20gb (0),1,,13,"void convert_kernel<float2, __half2>(tensor_layout_any, T1 *, tensor_layout_any, const T2 *)"
6359056181,11008,457027,2253,1,1,128,1,1,16,0.000,0.000,,,,,NVIDIA A100-SXM4-40GB MIG 4g.20gb (0),1,,13,cupy_copy__float16_float16
6359070037,3040,457036,282,1,1,128,1,1,16,0.000,0.000,,,,,NVIDIA A100-SXM4-40GB MIG 4g.20gb (0),1,,13,cupy_copy__complex64_complex64
6359074805,2144,457045,26,1,1,128,1,1,16,0.000,0.000,,,,,NVIDIA A100-SXM4-40GB MIG 4g.20gb (0),1,,13,cupy_copy__float32_float32
6359079701,4640,457054,103,1,1,128,1,1,16,0.000,0.000,,,,,NVIDIA A100-SXM4-40GB MIG 4g.20gb (0),1,,13,cupy_copy__complex64_complex64
6359088117,12000,457064,1434,1,1,128,1,1,16,0.000,0.000,,,,,NVIDIA A100-SXM4-40GB MIG 4g.20gb (0),1,,13,cupy_copy__complex64_complex64
6359108916,86783,457069,1,1,1,32,32,1,30,0.000,0.000,,,,,NVIDIA A100-SXM4-40GB MIG 4g.20gb (0),1,,13,"void convert_kernel<__half2, float2>(tensor_layout_any, T1 *, tensor_layout_any, const T2 *)"
6359221907,5792,457072,,,,,,,,,,0.094,16176.708,Pinned,Device,NVIDIA A100-SXM4-40GB MIG 4g.20gb (0),1,,13,[CUDA memcpy Host-to-Device]
6359231891,598936,457073,,,,,,,,,,456.561,762001.043,Device,,NVIDIA A100-SXM4-40GB MIG 4g.20gb (0),1,,13,[CUDA memset]
6359834379,116511,457078,,,,,,,,,,1.235,10598.289,Pinned,Device,NVIDIA A100-SXM4-40GB MIG 4g.20gb (0),1,,13,[CUDA memcpy Host-to-Device]
6359959754,26880,457079,,,,,,,,,,0.197,7314.211,Pinned,Device,NVIDIA A100-SXM4-40GB MIG 4g.20gb (0),1,,13,[CUDA memcpy Host-to-Device]
6359998537,7744,457080,69,4,1,48,1,1,76,0.002,0.000,,,,,NVIDIA A100-SXM4-40GB MIG 4g.20gb (0),1,,13,"void ch_est::windowedChEstPreNoDftSOfdmKernel<float, __half, float, (unsigned int)2, (unsigned int)1, (unsigned short)4>(ch_est::puschRxChEstStatDescr_t *, ch_est::puschRxChEstDynDescr_t *)"
6360009161,7232,457081,137,2,1,24,2,1,44,0.001,0.001,,,,,NVIDIA A100-SXM4-40GB MIG 4g.20gb (0),1,,13,"void ch_est::chEstFilterNoDftSOfdmDispatchKernel<float, __half, float, (unsigned int)2>(ch_est::puschRxChEstStatDescr_t *, ch_est::puschRxChEstDynDescr_t *)"
6360024489,5216,457082,137,2,1,24,2,1,44,0.001,0.001,,,,,NVIDIA A100-SXM4-40GB MIG 4g.20gb (0),1,,13,"void ch_est::chEstFilterNoDftSOfdmDispatchKernel<float, __half, float, (unsigned int)2>(ch_est::puschRxChEstStatDescr_t *, ch_est::puschRxChEstDynDescr_t *)"
6360037321,2624,457093,103,1,1,128,1,1,16,0.000,0.000,,,,,NVIDIA A100-SXM4-40GB MIG 4g.20gb (0),1,,13,cupy_copy__complex64_complex64
6360044521,12384,457103,1434,1,1,128,1,1,16,0.000,0.000,,,,,NVIDIA A100-SXM4-40GB MIG 4g.20gb (0),1,,13,cupy_copy__complex64_complex64
6360058537,3104,457110,103,1,1,128,1,1,16,0.000,0.000,,,,,NVIDIA A100-SXM4-40GB MIG 4g.20gb (0),1,,13,cupy_copy__complex64_complex64
6360064297,87135,457117,1,1,1,32,32,1,30,0.000,0.000,,,,,NVIDIA A100-SXM4-40GB MIG 4g.20gb (0),1,,13,"void convert_kernel<__half2, float2>(tensor_layout_any, T1 *, tensor_layout_any, const T2 *)"
6360178599,5536,457120,,,,,,,,,,0.094,16924.777,Pinned,Device,NVIDIA A100-SXM4-40GB MIG 4g.20gb (0),1,,13,[CUDA memcpy Host-to-Device]
6360190983,47647,457121,,,,,,,,,,35.810,751542.791,Device,,NVIDIA A100-SXM4-40GB MIG 4g.20gb (0),1,,13,[CUDA memset]
6360246214,3360,457123,,,,,,,,,,0.000,23.810,Pinned,Device,NVIDIA A100-SXM4-40GB MIG 4g.20gb (0),1,,13,[CUDA memcpy Host-to-Device]
6360253574,12704,457124,,,,,,,,,,0.197,15475.999,Pinned,Device,NVIDIA A100-SXM4-40GB MIG 4g.20gb (0),1,,13,[CUDA memcpy Host-to-Device]
6360275014,9920,457125,273,1,1,48,1,1,40,0.000,0.001,,,,,NVIDIA A100-SXM4-40GB MIG 4g.20gb (0),1,,13,"void pusch_noise_intf_est::noiseIntfEstNoDftSOfdmKernel<float, __half, float, float, (unsigned int)2, (unsigned int)1, (unsigned char)4, (unsigned char)4>(pusch_noise_intf_est::puschRxNoiseIntfEstDynDescr)"
6360289158,3360,457136,35,1,1,128,1,1,16,0.000,0.000,,,,,NVIDIA A100-SXM4-40GB MIG 4g.20gb (0),1,,13,cupy_copy__complex64_complex64
6360298374,1920,457145,1,1,1,1,1,1,18,0.000,0.000,,,,,NVIDIA A100-SXM4-40GB MIG 4g.20gb (0),1,,13,cupy_copy__float32_float32
6360329669,1664,457151,,,,,,,,,,0.000,2.404,Device,Pageable,NVIDIA A100-SXM4-40GB MIG 4g.20gb (0),1,,7,[CUDA memcpy Device-to-Host]
6360388581,13087,457162,1434,1,1,128,1,1,16,0.000,0.000,,,,,NVIDIA A100-SXM4-40GB MIG 4g.20gb (0),1,,13,cupy_copy__complex64_complex64
6360415204,2784,457169,103,1,1,128,1,1,16,0.000,0.000,,,,,NVIDIA A100-SXM4-40GB MIG 4g.20gb (0),1,,13,cupy_copy__complex64_complex64
6360437284,2752,457176,35,1,1,128,1,1,16,0.000,0.000,,,,,NVIDIA A100-SXM4-40GB MIG 4g.20gb (0),1,,13,cupy_copy__complex64_complex64
6360454916,1760,457183,1,1,1,1,1,1,18,0.000,0.000,,,,,NVIDIA A100-SXM4-40GB MIG 4g.20gb (0),1,,13,cupy_copy__float32_float32
6360591746,81823,457194,1,1,1,32,32,1,30,0.000,0.000,,,,,NVIDIA A100-SXM4-40GB MIG 4g.20gb (0),1,,13,"void convert_kernel<__half2, float2>(tensor_layout_any, T1 *, tensor_layout_any, const T2 *)"
6360701089,5664,457197,,,,,,,,,,0.094,16542.310,Pinned,Device,NVIDIA A100-SXM4-40GB MIG 4g.20gb (0),1,,13,[CUDA memcpy Host-to-Device]
6360715553,3392,457198,,,,,,,,,,1.547,455961.768,Device,,NVIDIA A100-SXM4-40GB MIG 4g.20gb (0),1,,13,[CUDA memset]
6360723040,3456,457203,,,,,,,,,,0.031,9055.529,Pinned,Device,NVIDIA A100-SXM4-40GB MIG 4g.20gb (0),1,,13,[CUDA memcpy Host-to-Device]
6360729088,10016,457204,,,,,,,,,,0.197,19629.343,Pinned,Device,NVIDIA A100-SXM4-40GB MIG 4g.20gb (0),1,,13,[CUDA memcpy Host-to-Device]
6360744608,6336,457205,273,1,1,8,4,1,39,0.002,0.000,,,,,NVIDIA A100-SXM4-40GB MIG 4g.20gb (0),1,,13,"void channel_eq::eqMmseCoefCompLowMimoKernel<float, float, float, (unsigned int)4, (unsigned int)1, (unsigned int)4>(const channel_eq::_puschRxChEqStatDescr *, channel_eq::_puschRxChEqCoefCompDynDescr)"
6360752032,6336,457206,273,1,1,12,11,1,51,0.002,0.000,,,,,NVIDIA A100-SXM4-40GB MIG 4g.20gb (0),1,,13,"void channel_eq::eqMmseSoftDemapKernel<float, __half, __half, float, (unsigned int)4, (unsigned short)16383>(channel_eq::_puschRxChEqStatDescr *, channel_eq::_puschRxChEqSoftDemapDynDescr)"
6360759424,282685,457207,1,1,1,32,32,1,30,0.000,0.000,,,,,NVIDIA A100-SXM4-40GB MIG 4g.20gb (0),1,,13,"void convert_kernel<float2, __half2>(tensor_layout_any, T1 *, tensor_layout_any, const T2 *)"
6361044925,10975,457219,2253,1,1,128,1,1,16,0.000,0.000,,,,,NVIDIA A100-SXM4-40GB MIG 4g.20gb (0),1,,13,cupy_copy__float16_float16
6361060828,3072,457228,282,1,1,128,1,1,16,0.000,0.000,,,,,NVIDIA A100-SXM4-40GB MIG 4g.20gb (0),1,,13,cupy_copy__complex64_complex64
6361066364,2208,457237,26,1,1,128,1,1,16,0.000,0.000,,,,,NVIDIA A100-SXM4-40GB MIG 4g.20gb (0),1,,13,cupy_copy__float32_float32
6361069532,2880,457246,103,1,1,128,1,1,16,0.000,0.000,,,,,NVIDIA A100-SXM4-40GB MIG 4g.20gb (0),1,,13,cupy_copy__complex64_complex64
6361074652,12096,457256,1434,1,1,128,1,1,16,0.000,0.000,,,,,NVIDIA A100-SXM4-40GB MIG 4g.20gb (0),1,,13,cupy_copy__complex64_complex64
6361092284,81439,457261,1,1,1,32,32,1,30,0.000,0.000,,,,,NVIDIA A100-SXM4-40GB MIG 4g.20gb (0),1,,13,"void convert_kernel<__half2, float2>(tensor_layout_any, T1 *, tensor_layout_any, const T2 *)"
6361201659,5376,457264,,,,,,,,,,0.094,17428.487,Pinned,Device,NVIDIA A100-SXM4-40GB MIG 4g.20gb (0),1,,13,[CUDA memcpy Host-to-Device]
6361212506,599993,457265,,,,,,,,,,456.561,760631.359,Device,,NVIDIA A100-SXM4-40GB MIG 4g.20gb (0),1,,13,[CUDA memset]
6361819379,170750,457270,,,,,,,,,,1.235,7231.832,Pinned,Device,NVIDIA A100-SXM4-40GB MIG 4g.20gb (0),1,,13,[CUDA memcpy Host-to-Device]
6362003409,38879,457271,,,,,,,,,,0.197,5056.758,Pinned,Device,NVIDIA A100-SXM4-40GB MIG 4g.20gb (0),1,,13,[CUDA memcpy Host-to-Device]
6362071952,8352,457272,69,4,1,48,1,1,76,0.002,0.000,,,,,NVIDIA A100-SXM4-40GB MIG 4g.20gb (0),1,,13,"void ch_est::windowedChEstPreNoDftSOfdmKernel<float, __half, float, (unsigned int)2, (unsigned int)1, (unsigned short)4>(ch_est::puschRxChEstStatDescr_t *, ch_est::puschRxChEstDynDescr_t *)"
6362087888,6880,457273,137,2,1,24,2,1,44,0.001,0.001,,,,,NVIDIA A100-SXM4-40GB MIG 4g.20gb (0),1,,13,"void ch_est::chEstFilterNoDftSOfdmDispatchKernel<float, __half, float, (unsigned int)2>(ch_est::puschRxChEstStatDescr_t *, ch_est::puschRxChEstDynDescr_t *)"
6362104655,4768,457274,137,2,1,24,2,1,44,0.001,0.001,,,,,NVIDIA A100-SXM4-40GB MIG 4g.20gb (0),1,,13,"void ch_est::chEstFilterNoDftSOfdmDispatchKernel<float, __half, float, (unsigned int)2>(ch_est::puschRxChEstStatDescr_t *, ch_est::puschRxChEstDynDescr_t *)"
6362118607,2592,457285,103,1,1,128,1,1,16,0.000,0.000,,,,,NVIDIA A100-SXM4-40GB MIG 4g.20gb (0),1,,13,cupy_copy__complex64_complex64
6362132623,12544,457295,1434,1,1,128,1,1,16,0.000,0.000,,,,,NVIDIA A100-SXM4-40GB MIG 4g.20gb (0),1,,13,cupy_copy__complex64_complex64
6362163215,2464,457302,103,1,1,128,1,1,16,0.000,0.000,,,,,NVIDIA A100-SXM4-40GB MIG 4g.20gb (0),1,,13,cupy_copy__complex64_complex64
6362182158,85119,457309,1,1,1,32,32,1,30,0.000,0.000,,,,,NVIDIA A100-SXM4-40GB MIG 4g.20gb (0),1,,13,"void convert_kernel<__half2, float2>(tensor_layout_any, T1 *, tensor_layout_any, const T2 *)"
6362295917,5600,457312,,,,,,,,,,0.094,16731.388,Pinned,Device,NVIDIA A100-SXM4-40GB MIG 4g.20gb (0),1,,13,[CUDA memcpy Host-to-Device]
6362310093,47231,457313,,,,,,,,,,35.810,758167.626,Device,,NVIDIA A100-SXM4-40GB MIG 4g.20gb (0),1,,13,[CUDA memset]
6362364108,3744,457315,,,,,,,,,,0.000,21.368,Pinned,Device,NVIDIA A100-SXM4-40GB MIG 4g.20gb (0),1,,13,[CUDA memcpy Host-to-Device]
6362373420,13248,457316,,,,,,,,,,0.197,14840.562,Pinned,Device,NVIDIA A100-SXM4-40GB MIG 4g.20gb (0),1,,13,[CUDA memcpy Host-to-Device]
6362394380,12864,457317,273,1,1,48,1,1,40,0.000,0.001,,,,,NVIDIA A100-SXM4-40GB MIG 4g.20gb (0),1,,13,"void pusch_noise_intf_est::noiseIntfEstNoDftSOfdmKernel<float, __half, float, float, (unsigned int)2, (unsigned int)1, (unsigned char)4, (unsigned char)4>(pusch_noise_intf_est::puschRxNoiseIntfEstDynDescr)"
6362410892,2880,457328,35,1,1,128,1,1,16,0.000,0.000,,,,,NVIDIA A100-SXM4-40GB MIG 4g.20gb (0),1,,13,cupy_copy__complex64_complex64
6362420620,2016,457337,1,1,1,1,1,1,18,0.000,0.000,,,,,NVIDIA A100-SXM4-40GB MIG 4g.20gb (0),1,,13,cupy_copy__float32_float32
6362452011,2016,457343,,,,,,,,,,0.000,1.984,Device,Pageable,NVIDIA A100-SXM4-40GB MIG 4g.20gb (0),1,,7,[CUDA memcpy Device-to-Host]
6362511722,12704,457354,1434,1,1,128,1,1,16,0.000,0.000,,,,,NVIDIA A100-SXM4-40GB MIG 4g.20gb (0),1,,13,cupy_copy__complex64_complex64
6362539274,2624,457361,103,1,1,128,1,1,16,0.000,0.000,,,,,NVIDIA A100-SXM4-40GB MIG 4g.20gb (0),1,,13,cupy_copy__complex64_complex64
6362558826,2624,457368,35,1,1,128,1,1,16,0.000,0.000,,,,,NVIDIA A100-SXM4-40GB MIG 4g.20gb (0),1,,13,cupy_copy__complex64_complex64
6362581162,1792,457375,1,1,1,1,1,1,18,0.000,0.000,,,,,NVIDIA A100-SXM4-40GB MIG 4g.20gb (0),1,,13,cupy_copy__float32_float32
6362714952,83231,457386,1,1,1,32,32,1,30,0.000,0.000,,,,,NVIDIA A100-SXM4-40GB MIG 4g.20gb (0),1,,13,"void convert_kernel<__half2, float2>(tensor_layout_any, T1 *, tensor_layout_any, const T2 *)"
6362825287,5439,457389,,,,,,,,,,0.094,17226.665,Pinned,Device,NVIDIA A100-SXM4-40GB MIG 4g.20gb (0),1,,13,[CUDA memcpy Host-to-Device]
6362841030,3424,457390,,,,,,,,,,1.547,451700.819,Device,,NVIDIA A100-SXM4-40GB MIG 4g.20gb (0),1,,13,[CUDA memset]
6362852934,4128,457395,,,,,,,,,,0.031,7581.393,Pinned,Device,NVIDIA A100-SXM4-40GB MIG 4g.20gb (0),1,,13,[CUDA memcpy Host-to-Device]
6362859142,9728,457396,,,,,,,,,,0.197,20210.516,Pinned,Device,NVIDIA A100-SXM4-40GB MIG 4g.20gb (0),1,,13,[CUDA memcpy Host-to-Device]
6362874726,6528,457397,273,1,1,8,4,1,39,0.002,0.000,,,,,NVIDIA A100-SXM4-40GB MIG 4g.20gb (0),1,,13,"void channel_eq::eqMmseCoefCompLowMimoKernel<float, float, float, (unsigned int)4, (unsigned int)1, (unsigned int)4>(const channel_eq::_puschRxChEqStatDescr *, channel_eq::_puschRxChEqCoefCompDynDescr)"
6362882278,6208,457398,273,1,1,12,11,1,51,0.002,0.000,,,,,NVIDIA A100-SXM4-40GB MIG 4g.20gb (0),1,,13,"void channel_eq::eqMmseSoftDemapKernel<float, __half, __half, float, (unsigned int)4, (unsigned short)16383>(channel_eq::_puschRxChEqStatDescr *, channel_eq::_puschRxChEqSoftDemapDynDescr)"
6362889510,282876,457399,1,1,1,32,32,1,30,0.000,0.000,,,,,NVIDIA A100-SXM4-40GB MIG 4g.20gb (0),1,,13,"void convert_kernel<float2, __half2>(tensor_layout_any, T1 *, tensor_layout_any, const T2 *)"
6363174146,11168,457411,2253,1,1,128,1,1,16,0.000,0.000,,,,,NVIDIA A100-SXM4-40GB MIG 4g.20gb (0),1,,13,cupy_copy__float16_float16
6363190242,2688,457420,282,1,1,128,1,1,16,0.000,0.000,,,,,NVIDIA A100-SXM4-40GB MIG 4g.20gb (0),1,,13,cupy_copy__complex64_complex64
6363195490,2304,457429,26,1,1,128,1,1,16,0.000,0.000,,,,,NVIDIA A100-SXM4-40GB MIG 4g.20gb (0),1,,13,cupy_copy__float32_float32
6363198754,2912,457438,103,1,1,128,1,1,16,0.000,0.000,,,,,NVIDIA A100-SXM4-40GB MIG 4g.20gb (0),1,,13,cupy_copy__complex64_complex64
6363204322,12256,457448,1434,1,1,128,1,1,16,0.000,0.000,,,,,NVIDIA A100-SXM4-40GB MIG 4g.20gb (0),1,,13,cupy_copy__complex64_complex64
6363223458,83295,457453,1,1,1,32,32,1,30,0.000,0.000,,,,,NVIDIA A100-SXM4-40GB MIG 4g.20gb (0),1,,13,"void convert_kernel<__half2, float2>(tensor_layout_any, T1 *, tensor_layout_any, const T2 *)"
6363333248,5376,457456,,,,,,,,,,0.094,17428.487,Pinned,Device,NVIDIA A100-SXM4-40GB MIG 4g.20gb (0),1,,13,[CUDA memcpy Host-to-Device]
6363343616,597625,457457,,,,,,,,,,456.561,763827.289,Device,,NVIDIA A100-SXM4-40GB MIG 4g.20gb (0),1,,13,[CUDA memset]
6363949273,141982,457462,,,,,,,,,,1.235,8697.711,Pinned,Device,NVIDIA A100-SXM4-40GB MIG 4g.20gb (0),1,,13,[CUDA memcpy Host-to-Device]
6364103255,40863,457463,,,,,,,,,,0.197,4811.391,Pinned,Device,NVIDIA A100-SXM4-40GB MIG 4g.20gb (0),1,,13,[CUDA memcpy Host-to-Device]
6364177654,8576,457464,69,4,1,48,1,1,76,0.002,0.000,,,,,NVIDIA A100-SXM4-40GB MIG 4g.20gb (0),1,,13,"void ch_est::windowedChEstPreNoDftSOfdmKernel<float, __half, float, (unsigned int)2, (unsigned int)1, (unsigned short)4>(ch_est::puschRxChEstStatDescr_t *, ch_est::puschRxChEstDynDescr_t *)"
6364196854,6656,457465,137,2,1,24,2,1,44,0.001,0.001,,,,,NVIDIA A100-SXM4-40GB MIG 4g.20gb (0),1,,13,"void ch_est::chEstFilterNoDftSOfdmDispatchKernel<float, __half, float, (unsigned int)2>(ch_est::puschRxChEstStatDescr_t *, ch_est::puschRxChEstDynDescr_t *)"
6364213589,4768,457466,137,2,1,24,2,1,44,0.001,0.001,,,,,NVIDIA A100-SXM4-40GB MIG 4g.20gb (0),1,,13,"void ch_est::chEstFilterNoDftSOfdmDispatchKernel<float, __half, float, (unsigned int)2>(ch_est::puschRxChEstStatDescr_t *, ch_est::puschRxChEstDynDescr_t *)"
6364232885,2688,457477,103,1,1,128,1,1,16,0.000,0.000,,,,,NVIDIA A100-SXM4-40GB MIG 4g.20gb (0),1,,13,cupy_copy__complex64_complex64
6364249333,12448,457487,1434,1,1,128,1,1,16,0.000,0.000,,,,,NVIDIA A100-SXM4-40GB MIG 4g.20gb (0),1,,13,cupy_copy__complex64_complex64
6364268693,2944,457494,103,1,1,128,1,1,16,0.000,0.000,,,,,NVIDIA A100-SXM4-40GB MIG 4g.20gb (0),1,,13,cupy_copy__complex64_complex64
6364290420,92415,457501,1,1,1,32,32,1,30,0.000,0.000,,,,,NVIDIA A100-SXM4-40GB MIG 4g.20gb (0),1,,13,"void convert_kernel<__half2, float2>(tensor_layout_any, T1 *, tensor_layout_any, const T2 *)"
6364415091,31136,457504,,,,,,,,,,0.094,3009.234,Pinned,Device,NVIDIA A100-SXM4-40GB MIG 4g.20gb (0),1,,13,[CUDA memcpy Host-to-Device]
6364469106,47616,457505,,,,,,,,,,35.810,752044.130,Device,,NVIDIA A100-SXM4-40GB MIG 4g.20gb (0),1,,13,[CUDA memset]
6364518066,9504,457507,,,,,,,,,,0.000,8.417,Pinned,Device,NVIDIA A100-SXM4-40GB MIG 4g.20gb (0),1,,13,[CUDA memcpy Host-to-Device]
6364533073,25408,457508,,,,,,,,,,0.197,7737.901,Pinned,Device,NVIDIA A100-SXM4-40GB MIG 4g.20gb (0),1,,13,[CUDA memcpy Host-to-Device]
6364577745,9344,457509,273,1,1,48,1,1,40,0.000,0.001,,,,,NVIDIA A100-SXM4-40GB MIG 4g.20gb (0),1,,13,"void pusch_noise_intf_est::noiseIntfEstNoDftSOfdmKernel<float, __half, float, float, (unsigned int)2, (unsigned int)1, (unsigned char)4, (unsigned char)4>(pusch_noise_intf_est::puschRxNoiseIntfEstDynDescr)"
6364594545,3008,457520,35,1,1,128,1,1,16,0.000,0.000,,,,,NVIDIA A100-SXM4-40GB MIG 4g.20gb (0),1,,13,cupy_copy__complex64_complex64
6364601969,1888,457529,1,1,1,1,1,1,18,0.000,0.000,,,,,NVIDIA A100-SXM4-40GB MIG 4g.20gb (0),1,,13,cupy_copy__float32_float32
6364605649,1888,457535,,,,,,,,,,0.000,2.119,Device,Pageable,NVIDIA A100-SXM4-40GB MIG 4g.20gb (0),1,,7,[CUDA memcpy Device-to-Host]
6364669936,13152,457546,1434,1,1,128,1,1,16,0.000,0.000,,,,,NVIDIA A100-SXM4-40GB MIG 4g.20gb (0),1,,13,cupy_copy__complex64_complex64
6364696495,3264,457553,103,1,1,128,1,1,16,0.000,0.000,,,,,NVIDIA A100-SXM4-40GB MIG 4g.20gb (0),1,,13,cupy_copy__complex64_complex64
6364723343,2592,457560,35,1,1,128,1,1,16,0.000,0.000,,,,,NVIDIA A100-SXM4-40GB MIG 4g.20gb (0),1,,13,cupy_copy__complex64_complex64
6364740975,1792,457567,1,1,1,1,1,1,18,0.000,0.000,,,,,NVIDIA A100-SXM4-40GB MIG 4g.20gb (0),1,,13,cupy_copy__float32_float32
6364874349,81695,457578,1,1,1,32,32,1,30,0.000,0.000,,,,,NVIDIA A100-SXM4-40GB MIG 4g.20gb (0),1,,13,"void convert_kernel<__half2, float2>(tensor_layout_any, T1 *, tensor_layout_any, const T2 *)"
6364984844,5792,457581,,,,,,,,,,0.094,16176.708,Pinned,Device,NVIDIA A100-SXM4-40GB MIG 4g.20gb (0),1,,13,[CUDA memcpy Host-to-Device]
6364999052,3360,457582,,,,,,,,,,1.547,460304.688,Device,,NVIDIA A100-SXM4-40GB MIG 4g.20gb (0),1,,13,[CUDA memset]
6365006188,3616,457587,,,,,,,,,,0.031,8654.846,Pinned,Device,NVIDIA A100-SXM4-40GB MIG 4g.20gb (0),1,,13,[CUDA memcpy Host-to-Device]
6365012684,9823,457588,,,,,,,,,,0.197,20014.891,Pinned,Device,NVIDIA A100-SXM4-40GB MIG 4g.20gb (0),1,,13,[CUDA memcpy Host-to-Device]
6365027371,6272,457589,273,1,1,8,4,1,39,0.002,0.000,,,,,NVIDIA A100-SXM4-40GB MIG 4g.20gb (0),1,,13,"void channel_eq::eqMmseCoefCompLowMimoKernel<float, float, float, (unsigned int)4, (unsigned int)1, (unsigned int)4>(const channel_eq::_puschRxChEqStatDescr *, channel_eq::_puschRxChEqCoefCompDynDescr)"
6365036011,6112,457590,273,1,1,12,11,1,51,0.002,0.000,,,,,NVIDIA A100-SXM4-40GB MIG 4g.20gb (0),1,,13,"void channel_eq::eqMmseSoftDemapKernel<float, __half, __half, float, (unsigned int)4, (unsigned short)16383>(channel_eq::_puschRxChEqStatDescr *, channel_eq::_puschRxChEqSoftDemapDynDescr)"
6365043819,294589,457591,1,1,1,32,32,1,30,0.000,0.000,,,,,NVIDIA A100-SXM4-40GB MIG 4g.20gb (0),1,,13,"void convert_kernel<float2, __half2>(tensor_layout_any, T1 *, tensor_layout_any, const T2 *)"
6365341480,10943,457603,2253,1,1,128,1,1,16,0.000,0.000,,,,,NVIDIA A100-SXM4-40GB MIG 4g.20gb (0),1,,13,cupy_copy__float16_float16
6365354919,3328,457612,282,1,1,128,1,1,16,0.000,0.000,,,,,NVIDIA A100-SXM4-40GB MIG 4g.20gb (0),1,,13,cupy_copy__complex64_complex64
6365359335,2016,457621,26,1,1,128,1,1,16,0.000,0.000,,,,,NVIDIA A100-SXM4-40GB MIG 4g.20gb (0),1,,13,cupy_copy__float32_float32
6365364231,3200,457630,103,1,1,128,1,1,16,0.000,0.000,,,,,NVIDIA A100-SXM4-40GB MIG 4g.20gb (0),1,,13,cupy_copy__complex64_complex64
6365368551,12032,457640,1434,1,1,128,1,1,16,0.000,0.000,,,,,NVIDIA A100-SXM4-40GB MIG 4g.20gb (0),1,,13,cupy_copy__complex64_complex64
6365383815,86623,457645,1,1,1,32,32,1,30,0.000,0.000,,,,,NVIDIA A100-SXM4-40GB MIG 4g.20gb (0),1,,13,"void convert_kernel<__half2, float2>(tensor_layout_any, T1 *, tensor_layout_any, const T2 *)"
6365497510,5856,457648,,,,,,,,,,0.094,15999.997,Pinned,Device,NVIDIA A100-SXM4-40GB MIG 4g.20gb (0),1,,13,[CUDA memcpy Host-to-Device]
6365511333,598681,457649,,,,,,,,,,456.561,762457.605,Device,,NVIDIA A100-SXM4-40GB MIG 4g.20gb (0),1,,13,[CUDA memset]
6366123422,160030,457654,,,,,,,,,,1.235,7715.930,Pinned,Device,NVIDIA A100-SXM4-40GB MIG 4g.20gb (0),1,,13,[CUDA memcpy Host-to-Device]
6366296220,37215,457655,,,,,,,,,,0.197,5282.857,Pinned,Device,NVIDIA A100-SXM4-40GB MIG 4g.20gb (0),1,,13,[CUDA memcpy Host-to-Device]
6366359035,8256,457656,69,4,1,48,1,1,76,0.002,0.000,,,,,NVIDIA A100-SXM4-40GB MIG 4g.20gb (0),1,,13,"void ch_est::windowedChEstPreNoDftSOfdmKernel<float, __half, float, (unsigned int)2, (unsigned int)1, (unsigned short)4>(ch_est::puschRxChEstStatDescr_t *, ch_est::puschRxChEstDynDescr_t *)"
6366376795,6656,457657,137,2,1,24,2,1,44,0.001,0.001,,,,,NVIDIA A100-SXM4-40GB MIG 4g.20gb (0),1,,13,"void ch_est::chEstFilterNoDftSOfdmDispatchKernel<float, __half, float, (unsigned int)2>(ch_est::puschRxChEstStatDescr_t *, ch_est::puschRxChEstDynDescr_t *)"
6366394459,4735,457658,137,2,1,24,2,1,44,0.001,0.001,,,,,NVIDIA A100-SXM4-40GB MIG 4g.20gb (0),1,,13,"void ch_est::chEstFilterNoDftSOfdmDispatchKernel<float, __half, float, (unsigned int)2>(ch_est::puschRxChEstStatDescr_t *, ch_est::puschRxChEstDynDescr_t *)"
6366411034,2496,457669,103,1,1,128,1,1,16,0.000,0.000,,,,,NVIDIA A100-SXM4-40GB MIG 4g.20gb (0),1,,13,cupy_copy__complex64_complex64
6366430266,12320,457679,1434,1,1,128,1,1,16,0.000,0.000,,,,,NVIDIA A100-SXM4-40GB MIG 4g.20gb (0),1,,13,cupy_copy__complex64_complex64
6366449082,2880,457686,103,1,1,128,1,1,16,0.000,0.000,,,,,NVIDIA A100-SXM4-40GB MIG 4g.20gb (0),1,,13,cupy_copy__complex64_complex64
6366473018,87518,457693,1,1,1,32,32,1,30,0.000,0.000,,,,,NVIDIA A100-SXM4-40GB MIG 4g.20gb (0),1,,13,"void convert_kernel<__half2, float2>(tensor_layout_any, T1 *, tensor_layout_any, const T2 *)"
6366596120,26368,457696,,,,,,,,,,0.094,3553.327,Pinned,Device,NVIDIA A100-SXM4-40GB MIG 4g.20gb (0),1,,13,[CUDA memcpy Host-to-Device]
6366638712,45919,457697,,,,,,,,,,35.810,779832.628,Device,,NVIDIA A100-SXM4-40GB MIG 4g.20gb (0),1,,13,[CUDA memset]
6366688919,13728,457699,,,,,,,,,,0.000,5.827,Pinned,Device,NVIDIA A100-SXM4-40GB MIG 4g.20gb (0),1,,13,[CUDA memcpy Host-to-Device]
6366711927,28031,457700,,,,,,,,,,0.197,7013.794,Pinned,Device,NVIDIA A100-SXM4-40GB MIG 4g.20gb (0),1,,13,[CUDA memcpy Host-to-Device]
6366767062,10272,457701,273,1,1,48,1,1,40,0.000,0.001,,,,,NVIDIA A100-SXM4-40GB MIG 4g.20gb (0),1,,13,"void pusch_noise_intf_est::noiseIntfEstNoDftSOfdmKernel<float, __half, float, float, (unsigned int)2, (unsigned int)1, (unsigned char)4, (unsigned char)4>(pusch_noise_intf_est::puschRxNoiseIntfEstDynDescr)"
6366783478,2688,457712,35,1,1,128,1,1,16,0.000,0.000,,,,,NVIDIA A100-SXM4-40GB MIG 4g.20gb (0),1,,13,cupy_copy__complex64_complex64
6366800758,1695,457721,1,1,1,1,1,1,18,0.000,0.000,,,,,NVIDIA A100-SXM4-40GB MIG 4g.20gb (0),1,,13,cupy_copy__float32_float32
6366810293,6560,457727,,,,,,,,,,0.000,0.610,Device,Pageable,NVIDIA A100-SXM4-40GB MIG 4g.20gb (0),1,,7,[CUDA memcpy Device-to-Host]
6366913012,13184,457738,1434,1,1,128,1,1,16,0.000,0.000,,,,,NVIDIA A100-SXM4-40GB MIG 4g.20gb (0),1,,13,cupy_copy__complex64_complex64
6366946676,2752,457745,103,1,1,128,1,1,16,0.000,0.000,,,,,NVIDIA A100-SXM4-40GB MIG 4g.20gb (0),1,,13,cupy_copy__complex64_complex64
6366963635,2688,457752,35,1,1,128,1,1,16,0.000,0.000,,,,,NVIDIA A100-SXM4-40GB MIG 4g.20gb (0),1,,13,cupy_copy__complex64_complex64
6366978227,2016,457759,1,1,1,1,1,1,18,0.000,0.000,,,,,NVIDIA A100-SXM4-40GB MIG 4g.20gb (0),1,,13,cupy_copy__float32_float32
6367108018,87743,457770,1,1,1,32,32,1,30,0.000,0.000,,,,,NVIDIA A100-SXM4-40GB MIG 4g.20gb (0),1,,13,"void convert_kernel<__half2, float2>(tensor_layout_any, T1 *, tensor_layout_any, const T2 *)"
6367223856,6336,457773,,,,,,,,,,0.094,14787.852,Pinned,Device,NVIDIA A100-SXM4-40GB MIG 4g.20gb (0),1,,13,[CUDA memcpy Host-to-Device]
6367237808,3168,457774,,,,,,,,,,1.547,488201.145,Device,,NVIDIA A100-SXM4-40GB MIG 4g.20gb (0),1,,13,[CUDA memset]
6367244784,3104,457779,,,,,,,,,,0.031,10082.445,Pinned,Device,NVIDIA A100-SXM4-40GB MIG 4g.20gb (0),1,,13,[CUDA memcpy Host-to-Device]
6367250416,9888,457780,,,,,,,,,,0.197,19883.360,Pinned,Device,NVIDIA A100-SXM4-40GB MIG 4g.20gb (0),1,,13,[CUDA memcpy Host-to-Device]
6367264784,6240,457781,273,1,1,8,4,1,39,0.002,0.000,,,,,NVIDIA A100-SXM4-40GB MIG 4g.20gb (0),1,,13,"void channel_eq::eqMmseCoefCompLowMimoKernel<float, float, float, (unsigned int)4, (unsigned int)1, (unsigned int)4>(const channel_eq::_puschRxChEqStatDescr *, channel_eq::_puschRxChEqCoefCompDynDescr)"
6367272912,6400,457782,273,1,1,12,11,1,51,0.002,0.000,,,,,NVIDIA A100-SXM4-40GB MIG 4g.20gb (0),1,,13,"void channel_eq::eqMmseSoftDemapKernel<float, __half, __half, float, (unsigned int)4, (unsigned short)16383>(channel_eq::_puschRxChEqStatDescr *, channel_eq::_puschRxChEqSoftDemapDynDescr)"
6367281552,294300,457783,1,1,1,32,32,1,30,0.000,0.000,,,,,NVIDIA A100-SXM4-40GB MIG 4g.20gb (0),1,,13,"void convert_kernel<float2, __half2>(tensor_layout_any, T1 *, tensor_layout_any, const T2 *)"
6367576940,11008,457795,2253,1,1,128,1,1,16,0.000,0.000,,,,,NVIDIA A100-SXM4-40GB MIG 4g.20gb (0),1,,13,cupy_copy__float16_float16
6367589196,3008,457804,282,1,1,128,1,1,16,0.000,0.000,,,,,NVIDIA A100-SXM4-40GB MIG 4g.20gb (0),1,,13,cupy_copy__complex64_complex64
6367594476,2144,457813,26,1,1,128,1,1,16,0.000,0.000,,,,,NVIDIA A100-SXM4-40GB MIG 4g.20gb (0),1,,13,cupy_copy__float32_float32
6367598156,3744,457822,103,1,1,128,1,1,16,0.000,0.000,,,,,NVIDIA A100-SXM4-40GB MIG 4g.20gb (0),1,,13,cupy_copy__complex64_complex64
6367603244,11871,457832,1434,1,1,128,1,1,16,0.000,0.000,,,,,NVIDIA A100-SXM4-40GB MIG 4g.20gb (0),1,,13,cupy_copy__complex64_complex64
6367616811,86975,457837,1,1,1,32,32,1,30,0.000,0.000,,,,,NVIDIA A100-SXM4-40GB MIG 4g.20gb (0),1,,13,"void convert_kernel<__half2, float2>(tensor_layout_any, T1 *, tensor_layout_any, const T2 *)"
6367732010,5792,457840,,,,,,,,,,0.094,16176.708,Pinned,Device,NVIDIA A100-SXM4-40GB MIG 4g.20gb (0),1,,13,[CUDA memcpy Host-to-Device]
6367742858,599384,457841,,,,,,,,,,456.561,761544.482,Device,,NVIDIA A100-SXM4-40GB MIG 4g.20gb (0),1,,13,[CUDA memset]
6368348898,75455,457846,,,,,,,,,,1.235,16365.478,Pinned,Device,NVIDIA A100-SXM4-40GB MIG 4g.20gb (0),1,,13,[CUDA memcpy Host-to-Device]
6368431169,15104,457847,,,,,,,,,,0.197,13016.826,Pinned,Device,NVIDIA A100-SXM4-40GB MIG 4g.20gb (0),1,,13,[CUDA memcpy Host-to-Device]
6368454497,9088,457848,69,4,1,48,1,1,76,0.002,0.000,,,,,NVIDIA A100-SXM4-40GB MIG 4g.20gb (0),1,,13,"void ch_est::windowedChEstPreNoDftSOfdmKernel<float, __half, float, (unsigned int)2, (unsigned int)1, (unsigned short)4>(ch_est::puschRxChEstStatDescr_t *, ch_est::puschRxChEstDynDescr_t *)"
6368467905,6336,457849,137,2,1,24,2,1,44,0.001,0.001,,,,,NVIDIA A100-SXM4-40GB MIG 4g.20gb (0),1,,13,"void ch_est::chEstFilterNoDftSOfdmDispatchKernel<float, __half, float, (unsigned int)2>(ch_est::puschRxChEstStatDescr_t *, ch_est::puschRxChEstDynDescr_t *)"
6368479393,5152,457850,137,2,1,24,2,1,44,0.001,0.001,,,,,NVIDIA A100-SXM4-40GB MIG 4g.20gb (0),1,,13,"void ch_est::chEstFilterNoDftSOfdmDispatchKernel<float, __half, float, (unsigned int)2>(ch_est::puschRxChEstStatDescr_t *, ch_est::puschRxChEstDynDescr_t *)"
6368486529,2688,457861,103,1,1,128,1,1,16,0.000,0.000,,,,,NVIDIA A100-SXM4-40GB MIG 4g.20gb (0),1,,13,cupy_copy__complex64_complex64
6368491681,12351,457871,1434,1,1,128,1,1,16,0.000,0.000,,,,,NVIDIA A100-SXM4-40GB MIG 4g.20gb (0),1,,13,cupy_copy__complex64_complex64
6368506496,3072,457878,103,1,1,128,1,1,16,0.000,0.000,,,,,NVIDIA A100-SXM4-40GB MIG 4g.20gb (0),1,,13,cupy_copy__complex64_complex64
6368512672,87039,457885,1,1,1,32,32,1,30,0.000,0.000,,,,,NVIDIA A100-SXM4-40GB MIG 4g.20gb (0),1,,13,"void convert_kernel<__half2, float2>(tensor_layout_any, T1 *, tensor_layout_any, const T2 *)"
6368627583,5632,457888,,,,,,,,,,0.094,16636.287,Pinned,Device,NVIDIA A100-SXM4-40GB MIG 4g.20gb (0),1,,13,[CUDA memcpy Host-to-Device]
6368640575,46815,457889,,,,,,,,,,35.810,764899.891,Device,,NVIDIA A100-SXM4-40GB MIG 4g.20gb (0),1,,13,[CUDA memset]
6368694110,3104,457891,,,,,,,,,,0.000,25.773,Pinned,Device,NVIDIA A100-SXM4-40GB MIG 4g.20gb (0),1,,13,[CUDA memcpy Host-to-Device]
6368701214,11328,457892,,,,,,,,,,0.197,17355.768,Pinned,Device,NVIDIA A100-SXM4-40GB MIG 4g.20gb (0),1,,13,[CUDA memcpy Host-to-Device]
6368722334,9664,457893,273,1,1,48,1,1,40,0.000,0.001,,,,,NVIDIA A100-SXM4-40GB MIG 4g.20gb (0),1,,13,"void pusch_noise_intf_est::noiseIntfEstNoDftSOfdmKernel<float, __half, float, float, (unsigned int)2, (unsigned int)1, (unsigned char)4, (unsigned char)4>(pusch_noise_intf_est::puschRxNoiseIntfEstDynDescr)"
6368736574,3104,457904,35,1,1,128,1,1,16,0.000,0.000,,,,,NVIDIA A100-SXM4-40GB MIG 4g.20gb (0),1,,13,cupy_copy__complex64_complex64
6368749437,1984,457913,1,1,1,1,1,1,18,0.000,0.000,,,,,NVIDIA A100-SXM4-40GB MIG 4g.20gb (0),1,,13,cupy_copy__float32_float32
6368778461,1792,457919,,,,,,,,,,0.000,2.232,Device,Pageable,NVIDIA A100-SXM4-40GB MIG 4g.20gb (0),1,,7,[CUDA memcpy Device-to-Host]
6368842204,12928,457930,1434,1,1,128,1,1,16,0.000,0.000,,,,,NVIDIA A100-SXM4-40GB MIG 4g.20gb (0),1,,13,cupy_copy__complex64_complex64
6368869052,3424,457937,103,1,1,128,1,1,16,0.000,0.000,,,,,NVIDIA A100-SXM4-40GB MIG 4g.20gb (0),1,,13,cupy_copy__complex64_complex64
6368890428,2784,457944,35,1,1,128,1,1,16,0.000,0.000,,,,,NVIDIA A100-SXM4-40GB MIG 4g.20gb (0),1,,13,cupy_copy__complex64_complex64
6368907228,1791,457951,1,1,1,1,1,1,18,0.000,0.000,,,,,NVIDIA A100-SXM4-40GB MIG 4g.20gb (0),1,,13,cupy_copy__float32_float32
6369039322,88063,457962,1,1,1,32,32,1,30,0.000,0.000,,,,,NVIDIA A100-SXM4-40GB MIG 4g.20gb (0),1,,13,"void convert_kernel<__half2, float2>(tensor_layout_any, T1 *, tensor_layout_any, const T2 *)"
6369155352,5696,457965,,,,,,,,,,0.094,16449.363,Pinned,Device,NVIDIA A100-SXM4-40GB MIG 4g.20gb (0),1,,13,[CUDA memcpy Host-to-Device]
6369169464,3328,457966,,,,,,,,,,1.547,464729.580,Device,,NVIDIA A100-SXM4-40GB MIG 4g.20gb (0),1,,13,[CUDA memset]
6369175960,3200,457971,,,,,,,,,,0.031,9780.000,Pinned,Device,NVIDIA A100-SXM4-40GB MIG 4g.20gb (0),1,,13,[CUDA memcpy Host-to-Device]
6369181976,9664,457972,,,,,,,,,,0.197,20344.209,Pinned,Device,NVIDIA A100-SXM4-40GB MIG 4g.20gb (0),1,,13,[CUDA memcpy Host-to-Device]
6369197784,6112,457973,273,1,1,8,4,1,39,0.002,0.000,,,,,NVIDIA A100-SXM4-40GB MIG 4g.20gb (0),1,,13,"void channel_eq::eqMmseCoefCompLowMimoKernel<float, float, float, (unsigned int)4, (unsigned int)1, (unsigned int)4>(const channel_eq::_puschRxChEqStatDescr *, channel_eq::_puschRxChEqCoefCompDynDescr)"
6369204984,5344,457974,273,1,1,12,11,1,51,0.002,0.000,,,,,NVIDIA A100-SXM4-40GB MIG 4g.20gb (0),1,,13,"void channel_eq::eqMmseSoftDemapKernel<float, __half, __half, float, (unsigned int)4, (unsigned short)16383>(channel_eq::_puschRxChEqStatDescr *, channel_eq::_puschRxChEqSoftDemapDynDescr)"
6369211256,282748,457975,1,1,1,32,32,1,30,0.000,0.000,,,,,NVIDIA A100-SXM4-40GB MIG 4g.20gb (0),1,,13,"void convert_kernel<float2, __half2>(tensor_layout_any, T1 *, tensor_layout_any, const T2 *)"
6369496276,10976,457987,2253,1,1,128,1,1,16,0.000,0.000,,,,,NVIDIA A100-SXM4-40GB MIG 4g.20gb (0),1,,13,cupy_copy__float16_float16
6369510740,3392,457996,282,1,1,128,1,1,16,0.000,0.000,,,,,NVIDIA A100-SXM4-40GB MIG 4g.20gb (0),1,,13,cupy_copy__complex64_complex64
6369516052,2272,458005,26,1,1,128,1,1,16,0.000,0.000,,,,,NVIDIA A100-SXM4-40GB MIG 4g.20gb (0),1,,13,cupy_copy__float32_float32
6369519988,2880,458014,103,1,1,128,1,1,16,0.000,0.000,,,,,NVIDIA A100-SXM4-40GB MIG 4g.20gb (0),1,,13,cupy_copy__complex64_complex64
6369524916,12064,458024,1434,1,1,128,1,1,16,0.000,0.000,,,,,NVIDIA A100-SXM4-40GB MIG 4g.20gb (0),1,,13,cupy_copy__complex64_complex64
6369547508,86687,458029,1,1,1,32,32,1,30,0.000,0.000,,,,,NVIDIA A100-SXM4-40GB MIG 4g.20gb (0),1,,13,"void convert_kernel<__half2, float2>(tensor_layout_any, T1 *, tensor_layout_any, const T2 *)"
6369661938,6048,458032,,,,,,,,,,0.094,15491.978,Pinned,Device,NVIDIA A100-SXM4-40GB MIG 4g.20gb (0),1,,13,[CUDA memcpy Host-to-Device]
6369674514,597657,458033,,,,,,,,,,456.561,763827.289,Device,,NVIDIA A100-SXM4-40GB MIG 4g.20gb (0),1,,13,[CUDA memset]
6370275147,147422,458038,,,,,,,,,,1.235,8376.625,Pinned,Device,NVIDIA A100-SXM4-40GB MIG 4g.20gb (0),1,,13,[CUDA memcpy Host-to-Device]
6370435273,40735,458039,,,,,,,,,,0.197,4826.333,Pinned,Device,NVIDIA A100-SXM4-40GB MIG 4g.20gb (0),1,,13,[CUDA memcpy Host-to-Device]
6370496584,8160,458040,69,4,1,48,1,1,76,0.002,0.000,,,,,NVIDIA A100-SXM4-40GB MIG 4g.20gb (0),1,,13,"void ch_est::windowedChEstPreNoDftSOfdmKernel<float, __half, float, (unsigned int)2, (unsigned int)1, (unsigned short)4>(ch_est::puschRxChEstStatDescr_t *, ch_est::puschRxChEstDynDescr_t *)"
6370514920,6912,458041,137,2,1,24,2,1,44,0.001,0.001,,,,,NVIDIA A100-SXM4-40GB MIG 4g.20gb (0),1,,13,"void ch_est::chEstFilterNoDftSOfdmDispatchKernel<float, __half, float, (unsigned int)2>(ch_est::puschRxChEstStatDescr_t *, ch_est::puschRxChEstDynDescr_t *)"
6370528808,4767,458042,137,2,1,24,2,1,44,0.001,0.001,,,,,NVIDIA A100-SXM4-40GB MIG 4g.20gb (0),1,,13,"void ch_est::chEstFilterNoDftSOfdmDispatchKernel<float, __half, float, (unsigned int)2>(ch_est::puschRxChEstStatDescr_t *, ch_est::puschRxChEstDynDescr_t *)"
6370542407,2656,458053,103,1,1,128,1,1,16,0.000,0.000,,,,,NVIDIA A100-SXM4-40GB MIG 4g.20gb (0),1,,13,cupy_copy__complex64_complex64
6370552615,12768,458063,1434,1,1,128,1,1,16,0.000,0.000,,,,,NVIDIA A100-SXM4-40GB MIG 4g.20gb (0),1,,13,cupy_copy__complex64_complex64
6370573671,2560,458070,103,1,1,128,1,1,16,0.000,0.000,,,,,NVIDIA A100-SXM4-40GB MIG 4g.20gb (0),1,,13,cupy_copy__complex64_complex64
6370583271,87999,458077,1,1,1,32,32,1,30,0.000,0.000,,,,,NVIDIA A100-SXM4-40GB MIG 4g.20gb (0),1,,13,"void convert_kernel<__half2, float2>(tensor_layout_any, T1 *, tensor_layout_any, const T2 *)"
6370700037,6144,458080,,,,,,,,,,0.094,15249.961,Pinned,Device,NVIDIA A100-SXM4-40GB MIG 4g.20gb (0),1,,13,[CUDA memcpy Host-to-Device]
6370710597,47328,458081,,,,,,,,,,35.810,756627.800,Device,,NVIDIA A100-SXM4-40GB MIG 4g.20gb (0),1,,13,[CUDA memset]
6370764613,3744,458083,,,,,,,,,,0.000,21.368,Pinned,Device,NVIDIA A100-SXM4-40GB MIG 4g.20gb (0),1,,13,[CUDA memcpy Host-to-Device]
6370771909,10943,458084,,,,,,,,,,0.197,17966.432,Pinned,Device,NVIDIA A100-SXM4-40GB MIG 4g.20gb (0),1,,13,[CUDA memcpy Host-to-Device]
6370791972,10400,458085,273,1,1,48,1,1,40,0.000,0.001,,,,,NVIDIA A100-SXM4-40GB MIG 4g.20gb (0),1,,13,"void pusch_noise_intf_est::noiseIntfEstNoDftSOfdmKernel<float, __half, float, float, (unsigned int)2, (unsigned int)1, (unsigned char)4, (unsigned char)4>(pusch_noise_intf_est::puschRxNoiseIntfEstDynDescr)"
6370805636,3040,458096,35,1,1,128,1,1,16,0.000,0.000,,,,,NVIDIA A100-SXM4-40GB MIG 4g.20gb (0),1,,13,cupy_copy__complex64_complex64
6370818852,1920,458105,1,1,1,1,1,1,18,0.000,0.000,,,,,NVIDIA A100-SXM4-40GB MIG 4g.20gb (0),1,,13,cupy_copy__float32_float32
6370862915,1600,458111,,,,,,,,,,0.000,2.500,Device,Pageable,NVIDIA A100-SXM4-40GB MIG 4g.20gb (0),1,,7,[CUDA memcpy Device-to-Host]
6370924131,12863,458122,1434,1,1,128,1,1,16,0.000,0.000,,,,,NVIDIA A100-SXM4-40GB MIG 4g.20gb (0),1,,13,cupy_copy__complex64_complex64
6370950626,3520,458129,103,1,1,128,1,1,16,0.000,0.000,,,,,NVIDIA A100-SXM4-40GB MIG 4g.20gb (0),1,,13,cupy_copy__complex64_complex64
6370971586,2272,458136,35,1,1,128,1,1,16,0.000,0.000,,,,,NVIDIA A100-SXM4-40GB MIG 4g.20gb (0),1,,13,cupy_copy__complex64_complex64
6370989858,1760,458143,1,1,1,1,1,1,18,0.000,0.000,,,,,NVIDIA A100-SXM4-40GB MIG 4g.20gb (0),1,,13,cupy_copy__float32_float32
6371123328,87807,458154,1,1,1,32,32,1,30,0.000,0.000,,,,,NVIDIA A100-SXM4-40GB MIG 4g.20gb (0),1,,13,"void convert_kernel<__half2, float2>(tensor_layout_any, T1 *, tensor_layout_any, const T2 *)"
6371238495,5536,458157,,,,,,,,,,0.094,16924.777,Pinned,Device,NVIDIA A100-SXM4-40GB MIG 4g.20gb (0),1,,13,[CUDA memcpy Host-to-Device]
6371255007,3008,458158,,,,,,,,,,1.547,514168.962,Device,,NVIDIA A100-SXM4-40GB MIG 4g.20gb (0),1,,13,[CUDA memset]
6371259422,3488,458163,,,,,,,,,,0.031,8972.469,Pinned,Device,NVIDIA A100-SXM4-40GB MIG 4g.20gb (0),1,,13,[CUDA memcpy Host-to-Device]
6371265790,9888,458164,,,,,,,,,,0.197,19883.360,Pinned,Device,NVIDIA A100-SXM4-40GB MIG 4g.20gb (0),1,,13,[CUDA memcpy Host-to-Device]
6371281054,6304,458165,273,1,1,8,4,1,39,0.002,0.000,,,,,NVIDIA A100-SXM4-40GB MIG 4g.20gb (0),1,,13,"void channel_eq::eqMmseCoefCompLowMimoKernel<float, float, float, (unsigned int)4, (unsigned int)1, (unsigned int)4>(const channel_eq::_puschRxChEqStatDescr *, channel_eq::_puschRxChEqCoefCompDynDescr)"
6371288574,6176,458166,273,1,1,12,11,1,51,0.002,0.000,,,,,NVIDIA A100-SXM4-40GB MIG 4g.20gb (0),1,,13,"void channel_eq::eqMmseSoftDemapKernel<float, __half, __half, float, (unsigned int)4, (unsigned short)16383>(channel_eq::_puschRxChEqStatDescr *, channel_eq::_puschRxChEqSoftDemapDynDescr)"
6371295678,283005,458167,1,1,1,32,32,1,30,0.000,0.000,,,,,NVIDIA A100-SXM4-40GB MIG 4g.20gb (0),1,,13,"void convert_kernel<float2, __half2>(tensor_layout_any, T1 *, tensor_layout_any, const T2 *)"
6371581819,10975,458179,2253,1,1,128,1,1,16,0.000,0.000,,,,,NVIDIA A100-SXM4-40GB MIG 4g.20gb (0),1,,13,cupy_copy__float16_float16
6371594426,3680,458188,282,1,1,128,1,1,16,0.000,0.000,,,,,NVIDIA A100-SXM4-40GB MIG 4g.20gb (0),1,,13,cupy_copy__complex64_complex64
6371601466,2144,458197,26,1,1,128,1,1,16,0.000,0.000,,,,,NVIDIA A100-SXM4-40GB MIG 4g.20gb (0),1,,13,cupy_copy__float32_float32
6371607258,2912,458206,103,1,1,128,1,1,16,0.000,0.000,,,,,NVIDIA A100-SXM4-40GB MIG 4g.20gb (0),1,,13,cupy_copy__complex64_complex64
6371613178,12096,458216,1434,1,1,128,1,1,16,0.000,0.000,,,,,NVIDIA A100-SXM4-40GB MIG 4g.20gb (0),1,,13,cupy_copy__complex64_complex64
6371631162,83423,458221,1,1,1,32,32,1,30,0.000,0.000,,,,,NVIDIA A100-SXM4-40GB MIG 4g.20gb (0),1,,13,"void convert_kernel<__half2, float2>(tensor_layout_any, T1 *, tensor_layout_any, const T2 *)"
6371741753,5919,458224,,,,,,,,,,0.094,15829.658,Pinned,Device,NVIDIA A100-SXM4-40GB MIG 4g.20gb (0),1,,13,[CUDA memcpy Host-to-Device]
6371754360,597593,458225,,,,,,,,,,456.561,763827.289,Device,,NVIDIA A100-SXM4-40GB MIG 4g.20gb (0),1,,13,[CUDA memset]
6372356849,141598,458230,,,,,,,,,,1.235,8721.175,Pinned,Device,NVIDIA A100-SXM4-40GB MIG 4g.20gb (0),1,,13,[CUDA memcpy Host-to-Device]
6372511087,40640,458231,,,,,,,,,,0.197,4837.736,Pinned,Device,NVIDIA A100-SXM4-40GB MIG 4g.20gb (0),1,,13,[CUDA memcpy Host-to-Device]
6372585134,8160,458232,69,4,1,48,1,1,76,0.002,0.000,,,,,NVIDIA A100-SXM4-40GB MIG 4g.20gb (0),1,,13,"void ch_est::windowedChEstPreNoDftSOfdmKernel<float, __half, float, (unsigned int)2, (unsigned int)1, (unsigned short)4>(ch_est::puschRxChEstStatDescr_t *, ch_est::puschRxChEstDynDescr_t *)"
6372605774,6304,458233,137,2,1,24,2,1,44,0.001,0.001,,,,,NVIDIA A100-SXM4-40GB MIG 4g.20gb (0),1,,13,"void ch_est::chEstFilterNoDftSOfdmDispatchKernel<float, __half, float, (unsigned int)2>(ch_est::puschRxChEstStatDescr_t *, ch_est::puschRxChEstDynDescr_t *)"
6372624302,4768,458234,137,2,1,24,2,1,44,0.001,0.001,,,,,NVIDIA A100-SXM4-40GB MIG 4g.20gb (0),1,,13,"void ch_est::chEstFilterNoDftSOfdmDispatchKernel<float, __half, float, (unsigned int)2>(ch_est::puschRxChEstStatDescr_t *, ch_est::puschRxChEstDynDescr_t *)"
6372644557,2752,458245,103,1,1,128,1,1,16,0.000,0.000,,,,,NVIDIA A100-SXM4-40GB MIG 4g.20gb (0),1,,13,cupy_copy__complex64_complex64
6372662253,12160,458255,1434,1,1,128,1,1,16,0.000,0.000,,,,,NVIDIA A100-SXM4-40GB MIG 4g.20gb (0),1,,13,cupy_copy__complex64_complex64
6372682605,2944,458262,103,1,1,128,1,1,16,0.000,0.000,,,,,NVIDIA A100-SXM4-40GB MIG 4g.20gb (0),1,,13,cupy_copy__complex64_complex64
6372704717,86591,458269,1,1,1,32,32,1,30,0.000,0.000,,,,,NVIDIA A100-SXM4-40GB MIG 4g.20gb (0),1,,13,"void convert_kernel<__half2, float2>(tensor_layout_any, T1 *, tensor_layout_any, const T2 *)"
6372820939,21696,458272,,,,,,,,,,0.094,4318.542,Pinned,Device,NVIDIA A100-SXM4-40GB MIG 4g.20gb (0),1,,13,[CUDA memcpy Host-to-Device]
6372850827,46975,458273,,,,,,,,,,35.810,762285.767,Device,,NVIDIA A100-SXM4-40GB MIG 4g.20gb (0),1,,13,[CUDA memset]
6372903722,4928,458275,,,,,,,,,,0.000,16.234,Pinned,Device,NVIDIA A100-SXM4-40GB MIG 4g.20gb (0),1,,13,[CUDA memcpy Host-to-Device]
6372917994,15488,458276,,,,,,,,,,0.197,12694.192,Pinned,Device,NVIDIA A100-SXM4-40GB MIG 4g.20gb (0),1,,13,[CUDA memcpy Host-to-Device]
6372948618,12607,458277,273,1,1,48,1,1,40,0.000,0.001,,,,,NVIDIA A100-SXM4-40GB MIG 4g.20gb (0),1,,13,"void pusch_noise_intf_est::noiseIntfEstNoDftSOfdmKernel<float, __half, float, float, (unsigned int)2, (unsigned int)1, (unsigned char)4, (unsigned char)4>(pusch_noise_intf_est::puschRxNoiseIntfEstDynDescr)"
6372964105,3072,458288,35,1,1,128,1,1,16,0.000,0.000,,,,,NVIDIA A100-SXM4-40GB MIG 4g.20gb (0),1,,13,cupy_copy__complex64_complex64
6372973065,1792,458297,1,1,1,1,1,1,18,0.000,0.000,,,,,NVIDIA A100-SXM4-40GB MIG 4g.20gb (0),1,,13,cupy_copy__float32_float32
6372979721,6144,458303,,,,,,,,,,0.000,0.651,Device,Pageable,NVIDIA A100-SXM4-40GB MIG 4g.20gb (0),1,,7,[CUDA memcpy Device-to-Host]
6373052616,13024,458314,1434,1,1,128,1,1,16,0.000,0.000,,,,,NVIDIA A100-SXM4-40GB MIG 4g.20gb (0),1,,13,cupy_copy__complex64_complex64
6373080360,3040,458321,103,1,1,128,1,1,16,0.000,0.000,,,,,NVIDIA A100-SXM4-40GB MIG 4g.20gb (0),1,,13,cupy_copy__complex64_complex64
6373099208,2304,458328,35,1,1,128,1,1,16,0.000,0.000,,,,,NVIDIA A100-SXM4-40GB MIG 4g.20gb (0),1,,13,cupy_copy__complex64_complex64
6373113320,1792,458335,1,1,1,1,1,1,18,0.000,0.000,,,,,NVIDIA A100-SXM4-40GB MIG 4g.20gb (0),1,,13,cupy_copy__float32_float32
6373243590,83391,458346,1,1,1,32,32,1,30,0.000,0.000,,,,,NVIDIA A100-SXM4-40GB MIG 4g.20gb (0),1,,13,"void convert_kernel<__half2, float2>(tensor_layout_any, T1 *, tensor_layout_any, const T2 *)"
6373354565,6144,458349,,,,,,,,,,0.094,15249.961,Pinned,Device,NVIDIA A100-SXM4-40GB MIG 4g.20gb (0),1,,13,[CUDA memcpy Host-to-Device]
6373369988,3392,458350,,,,,,,,,,1.547,455961.768,Device,,NVIDIA A100-SXM4-40GB MIG 4g.20gb (0),1,,13,[CUDA memset]
6373375876,3488,458355,,,,,,,,,,0.031,8972.469,Pinned,Device,NVIDIA A100-SXM4-40GB MIG 4g.20gb (0),1,,13,[CUDA memcpy Host-to-Device]
6373381924,9664,458356,,,,,,,,,,0.197,20344.209,Pinned,Device,NVIDIA A100-SXM4-40GB MIG 4g.20gb (0),1,,13,[CUDA memcpy Host-to-Device]
6373396164,6176,458357,273,1,1,8,4,1,39,0.002,0.000,,,,,NVIDIA A100-SXM4-40GB MIG 4g.20gb (0),1,,13,"void channel_eq::eqMmseCoefCompLowMimoKernel<float, float, float, (unsigned int)4, (unsigned int)1, (unsigned int)4>(const channel_eq::_puschRxChEqStatDescr *, channel_eq::_puschRxChEqCoefCompDynDescr)"
6373404964,5792,458358,273,1,1,12,11,1,51,0.002,0.000,,,,,NVIDIA A100-SXM4-40GB MIG 4g.20gb (0),1,,13,"void channel_eq::eqMmseSoftDemapKernel<float, __half, __half, float, (unsigned int)4, (unsigned short)16383>(channel_eq::_puschRxChEqStatDescr *, channel_eq::_puschRxChEqSoftDemapDynDescr)"
6373412484,282236,458359,1,1,1,32,32,1,30,0.000,0.000,,,,,NVIDIA A100-SXM4-40GB MIG 4g.20gb (0),1,,13,"void convert_kernel<float2, __half2>(tensor_layout_any, T1 *, tensor_layout_any, const T2 *)"
6373695744,10784,458371,2253,1,1,128,1,1,16,0.000,0.000,,,,,NVIDIA A100-SXM4-40GB MIG 4g.20gb (0),1,,13,cupy_copy__float16_float16
6373708544,3200,458380,282,1,1,128,1,1,16,0.000,0.000,,,,,NVIDIA A100-SXM4-40GB MIG 4g.20gb (0),1,,13,cupy_copy__complex64_complex64
6373712864,2016,458389,26,1,1,128,1,1,16,0.000,0.000,,,,,NVIDIA A100-SXM4-40GB MIG 4g.20gb (0),1,,13,cupy_copy__float32_float32
6373716544,4640,458398,103,1,1,128,1,1,16,0.000,0.000,,,,,NVIDIA A100-SXM4-40GB MIG 4g.20gb (0),1,,13,cupy_copy__complex64_complex64
6373723424,11936,458408,1434,1,1,128,1,1,16,0.000,0.000,,,,,NVIDIA A100-SXM4-40GB MIG 4g.20gb (0),1,,13,cupy_copy__complex64_complex64
6373747424,87391,458413,1,1,1,32,32,1,30,0.000,0.000,,,,,NVIDIA A100-SXM4-40GB MIG 4g.20gb (0),1,,13,"void convert_kernel<__half2, float2>(tensor_layout_any, T1 *, tensor_layout_any, const T2 *)"
6373862014,5792,458416,,,,,,,,,,0.094,16176.708,Pinned,Device,NVIDIA A100-SXM4-40GB MIG 4g.20gb (0),1,,13,[CUDA memcpy Host-to-Device]
6373871998,597433,458417,,,,,,,,,,456.561,763827.289,Device,,NVIDIA A100-SXM4-40GB MIG 4g.20gb (0),1,,13,[CUDA memset]
6374471671,128958,458422,,,,,,,,,,1.235,9575.756,Pinned,Device,NVIDIA A100-SXM4-40GB MIG 4g.20gb (0),1,,13,[CUDA memcpy Host-to-Device]
6374611221,36256,458423,,,,,,,,,,0.197,5422.645,Pinned,Device,NVIDIA A100-SXM4-40GB MIG 4g.20gb (0),1,,13,[CUDA memcpy Host-to-Device]
6374671668,7936,458424,69,4,1,48,1,1,76,0.002,0.000,,,,,NVIDIA A100-SXM4-40GB MIG 4g.20gb (0),1,,13,"void ch_est::windowedChEstPreNoDftSOfdmKernel<float, __half, float, (unsigned int)2, (unsigned int)1, (unsigned short)4>(ch_est::puschRxChEstStatDescr_t *, ch_est::puschRxChEstDynDescr_t *)"
6374688212,6816,458425,137,2,1,24,2,1,44,0.001,0.001,,,,,NVIDIA A100-SXM4-40GB MIG 4g.20gb (0),1,,13,"void ch_est::chEstFilterNoDftSOfdmDispatchKernel<float, __half, float, (unsigned int)2>(ch_est::puschRxChEstStatDescr_t *, ch_est::puschRxChEstDynDescr_t *)"
6374704020,4736,458426,137,2,1,24,2,1,44,0.001,0.001,,,,,NVIDIA A100-SXM4-40GB MIG 4g.20gb (0),1,,13,"void ch_est::chEstFilterNoDftSOfdmDispatchKernel<float, __half, float, (unsigned int)2>(ch_est::puschRxChEstStatDescr_t *, ch_est::puschRxChEstDynDescr_t *)"
6374719988,2528,458437,103,1,1,128,1,1,16,0.000,0.000,,,,,NVIDIA A100-SXM4-40GB MIG 4g.20gb (0),1,,13,cupy_copy__complex64_complex64
6374738644,12607,458447,1434,1,1,128,1,1,16,0.000,0.000,,,,,NVIDIA A100-SXM4-40GB MIG 4g.20gb (0),1,,13,cupy_copy__complex64_complex64
6374757139,2912,458454,103,1,1,128,1,1,16,0.000,0.000,,,,,NVIDIA A100-SXM4-40GB MIG 4g.20gb (0),1,,13,cupy_copy__complex64_complex64
6374780563,95999,458461,1,1,1,32,32,1,30,0.000,0.000,,,,,NVIDIA A100-SXM4-40GB MIG 4g.20gb (0),1,,13,"void convert_kernel<__half2, float2>(tensor_layout_any, T1 *, tensor_layout_any, const T2 *)"
6374915729,22880,458464,,,,,,,,,,0.094,4095.077,Pinned,Device,NVIDIA A100-SXM4-40GB MIG 4g.20gb (0),1,,13,[CUDA memcpy Host-to-Device]
6374956401,47231,458465,,,,,,,,,,35.810,758167.626,Device,,NVIDIA A100-SXM4-40GB MIG 4g.20gb (0),1,,13,[CUDA memset]
6375012432,12512,458467,,,,,,,,,,0.000,6.394,Pinned,Device,NVIDIA A100-SXM4-40GB MIG 4g.20gb (0),1,,13,[CUDA memcpy Host-to-Device]
6375037264,23872,458468,,,,,,,,,,0.197,8235.909,Pinned,Device,NVIDIA A100-SXM4-40GB MIG 4g.20gb (0),1,,13,[CUDA memcpy Host-to-Device]
6375092111,9888,458469,273,1,1,48,1,1,40,0.000,0.001,,,,,NVIDIA A100-SXM4-40GB MIG 4g.20gb (0),1,,13,"void pusch_noise_intf_est::noiseIntfEstNoDftSOfdmKernel<float, __half, float, float, (unsigned int)2, (unsigned int)1, (unsigned char)4, (unsigned char)4>(pusch_noise_intf_est::puschRxNoiseIntfEstDynDescr)"
6375108751,2752,458480,35,1,1,128,1,1,16,0.000,0.000,,,,,NVIDIA A100-SXM4-40GB MIG 4g.20gb (0),1,,13,cupy_copy__complex64_complex64
6375125551,1760,458489,1,1,1,1,1,1,18,0.000,0.000,,,,,NVIDIA A100-SXM4-40GB MIG 4g.20gb (0),1,,13,cupy_copy__float32_float32
6375127823,9440,458495,,,,,,,,,,0.000,0.424,Device,Pageable,NVIDIA A100-SXM4-40GB MIG 4g.20gb (0),1,,7,[CUDA memcpy Device-to-Host]
6375220622,12703,458506,1434,1,1,128,1,1,16,0.000,0.000,,,,,NVIDIA A100-SXM4-40GB MIG 4g.20gb (0),1,,13,cupy_copy__complex64_complex64
6375244301,2720,458513,103,1,1,128,1,1,16,0.000,0.000,,,,,NVIDIA A100-SXM4-40GB MIG 4g.20gb (0),1,,13,cupy_copy__complex64_complex64
6375270253,2560,458520,35,1,1,128,1,1,16,0.000,0.000,,,,,NVIDIA A100-SXM4-40GB MIG 4g.20gb (0),1,,13,cupy_copy__complex64_complex64
6375284653,1792,458527,1,1,1,1,1,1,18,0.000,0.000,,,,,NVIDIA A100-SXM4-40GB MIG 4g.20gb (0),1,,13,cupy_copy__float32_float32
6375410603,81727,458538,1,1,1,32,32,1,30,0.000,0.000,,,,,NVIDIA A100-SXM4-40GB MIG 4g.20gb (0),1,,13,"void convert_kernel<__half2, float2>(tensor_layout_any, T1 *, tensor_layout_any, const T2 *)"
6375522058,12992,458541,,,,,,,,,,0.094,7211.781,Pinned,Device,NVIDIA A100-SXM4-40GB MIG 4g.20gb (0),1,,13,[CUDA memcpy Host-to-Device]
6375548938,3456,458542,,,,,,,,,,1.547,447517.201,Device,,NVIDIA A100-SXM4-40GB MIG 4g.20gb (0),1,,13,[CUDA memset]
6375560265,6112,458547,,,,,,,,,,0.031,5120.401,Pinned,Device,NVIDIA A100-SXM4-40GB MIG 4g.20gb (0),1,,13,[CUDA memcpy Host-to-Device]
6375572425,14848,458548,,,,,,,,,,0.197,13241.352,Pinned,Device,NVIDIA A100-SXM4-40GB MIG 4g.20gb (0),1,,13,[CUDA memcpy Host-to-Device]
6375597577,6496,458549,273,1,1,8,4,1,39,0.002,0.000,,,,,NVIDIA A100-SXM4-40GB MIG 4g.20gb (0),1,,13,"void channel_eq::eqMmseCoefCompLowMimoKernel<float, float, float, (unsigned int)4, (unsigned int)1, (unsigned int)4>(const channel_eq::_puschRxChEqStatDescr *, channel_eq::_puschRxChEqCoefCompDynDescr)"
6375608969,6144,458550,273,1,1,12,11,1,51,0.002,0.000,,,,,NVIDIA A100-SXM4-40GB MIG 4g.20gb (0),1,,13,"void channel_eq::eqMmseSoftDemapKernel<float, __half, __half, float, (unsigned int)4, (unsigned short)16383>(channel_eq::_puschRxChEqStatDescr *, channel_eq::_puschRxChEqSoftDemapDynDescr)"
6375618537,282716,458551,1,1,1,32,32,1,30,0.000,0.000,,,,,NVIDIA A100-SXM4-40GB MIG 4g.20gb (0),1,,13,"void convert_kernel<float2, __half2>(tensor_layout_any, T1 *, tensor_layout_any, const T2 *)"
6375904645,11104,458563,2253,1,1,128,1,1,16,0.000,0.000,,,,,NVIDIA A100-SXM4-40GB MIG 4g.20gb (0),1,,13,cupy_copy__float16_float16
6375917061,3712,458572,282,1,1,128,1,1,16,0.000,0.000,,,,,NVIDIA A100-SXM4-40GB MIG 4g.20gb (0),1,,13,cupy_copy__complex64_complex64
6375922021,2176,458581,26,1,1,128,1,1,16,0.000,0.000,,,,,NVIDIA A100-SXM4-40GB MIG 4g.20gb (0),1,,13,cupy_copy__float32_float32
6375925445,3008,458590,103,1,1,128,1,1,16,0.000,0.000,,,,,NVIDIA A100-SXM4-40GB MIG 4g.20gb (0),1,,13,cupy_copy__complex64_complex64
6375931557,12128,458600,1434,1,1,128,1,1,16,0.000,0.000,,,,,NVIDIA A100-SXM4-40GB MIG 4g.20gb (0),1,,13,cupy_copy__complex64_complex64
6375945893,86943,458605,1,1,1,32,32,1,30,0.000,0.000,,,,,NVIDIA A100-SXM4-40GB MIG 4g.20gb (0),1,,13,"void convert_kernel<__half2, float2>(tensor_layout_any, T1 *, tensor_layout_any, const T2 *)"
6376059939,5920,458608,,,,,,,,,,0.094,15826.941,Pinned,Device,NVIDIA A100-SXM4-40GB MIG 4g.20gb (0),1,,13,[CUDA memcpy Host-to-Device]
6376070659,597753,458609,,,,,,,,,,456.561,763370.728,Device,,NVIDIA A100-SXM4-40GB MIG 4g.20gb (0),1,,13,[CUDA memset]
6376675388,83295,458614,,,,,,,,,,1.235,14825.503,Pinned,Device,NVIDIA A100-SXM4-40GB MIG 4g.20gb (0),1,,13,[CUDA memcpy Host-to-Device]
6376762843,17887,458615,,,,,,,,,,0.197,10991.567,Pinned,Device,NVIDIA A100-SXM4-40GB MIG 4g.20gb (0),1,,13,[CUDA memcpy Host-to-Device]
6376789818,7872,458616,69,4,1,48,1,1,76,0.002,0.000,,,,,NVIDIA A100-SXM4-40GB MIG 4g.20gb (0),1,,13,"void ch_est::windowedChEstPreNoDftSOfdmKernel<float, __half, float, (unsigned int)2, (unsigned int)1, (unsigned short)4>(ch_est::puschRxChEstStatDescr_t *, ch_est::puschRxChEstDynDescr_t *)"
6376799354,6464,458617,137,2,1,24,2,1,44,0.001,0.001,,,,,NVIDIA A100-SXM4-40GB MIG 4g.20gb (0),1,,13,"void ch_est::chEstFilterNoDftSOfdmDispatchKernel<float, __half, float, (unsigned int)2>(ch_est::puschRxChEstStatDescr_t *, ch_est::puschRxChEstDynDescr_t *)"
6376807866,5056,458618,137,2,1,24,2,1,44,0.001,0.001,,,,,NVIDIA A100-SXM4-40GB MIG 4g.20gb (0),1,,13,"void ch_est::chEstFilterNoDftSOfdmDispatchKernel<float, __half, float, (unsigned int)2>(ch_est::puschRxChEstStatDescr_t *, ch_est::puschRxChEstDynDescr_t *)"
6376815642,2560,458629,103,1,1,128,1,1,16,0.000,0.000,,,,,NVIDIA A100-SXM4-40GB MIG 4g.20gb (0),1,,13,cupy_copy__complex64_complex64
6376823514,12832,458639,1434,1,1,128,1,1,16,0.000,0.000,,,,,NVIDIA A100-SXM4-40GB MIG 4g.20gb (0),1,,13,cupy_copy__complex64_complex64
6376842170,2560,458646,103,1,1,128,1,1,16,0.000,0.000,,,,,NVIDIA A100-SXM4-40GB MIG 4g.20gb (0),1,,13,cupy_copy__complex64_complex64
6376851481,80544,458653,1,1,1,32,32,1,30,0.000,0.000,,,,,NVIDIA A100-SXM4-40GB MIG 4g.20gb (0),1,,13,"void convert_kernel<__half2, float2>(tensor_layout_any, T1 *, tensor_layout_any, const T2 *)"
6376958904,6496,458656,,,,,,,,,,0.094,14423.562,Pinned,Device,NVIDIA A100-SXM4-40GB MIG 4g.20gb (0),1,,13,[CUDA memcpy Host-to-Device]
6376971832,45887,458657,,,,,,,,,,35.810,780369.777,Device,,NVIDIA A100-SXM4-40GB MIG 4g.20gb (0),1,,13,[CUDA memset]
6377022967,3424,458659,,,,,,,,,,0.000,23.364,Pinned,Device,NVIDIA A100-SXM4-40GB MIG 4g.20gb (0),1,,13,[CUDA memcpy Host-to-Device]
6377029495,11456,458660,,,,,,,,,,0.197,17161.912,Pinned,Device,NVIDIA A100-SXM4-40GB MIG 4g.20gb (0),1,,13,[CUDA memcpy Host-to-Device]
6377049047,10496,458661,273,1,1,48,1,1,40,0.000,0.001,,,,,NVIDIA A100-SXM4-40GB MIG 4g.20gb (0),1,,13,"void pusch_noise_intf_est::noiseIntfEstNoDftSOfdmKernel<float, __half, float, float, (unsigned int)2, (unsigned int)1, (unsigned char)4, (unsigned char)4>(pusch_noise_intf_est::puschRxNoiseIntfEstDynDescr)"
6377061495,3200,458672,35,1,1,128,1,1,16,0.000,0.000,,,,,NVIDIA A100-SXM4-40GB MIG 4g.20gb (0),1,,13,cupy_copy__complex64_complex64
6377080375,2048,458681,1,1,1,1,1,1,18,0.000,0.000,,,,,NVIDIA A100-SXM4-40GB MIG 4g.20gb (0),1,,13,cupy_copy__float32_float32
6377113910,1696,458687,,,,,,,,,,0.000,2.358,Device,Pageable,NVIDIA A100-SXM4-40GB MIG 4g.20gb (0),1,,7,[CUDA memcpy Device-to-Host]
6377173622,12799,458698,1434,1,1,128,1,1,16,0.000,0.000,,,,,NVIDIA A100-SXM4-40GB MIG 4g.20gb (0),1,,13,cupy_copy__complex64_complex64
6377201781,3424,458705,103,1,1,128,1,1,16,0.000,0.000,,,,,NVIDIA A100-SXM4-40GB MIG 4g.20gb (0),1,,13,cupy_copy__complex64_complex64
6377220629,2208,458712,35,1,1,128,1,1,16,0.000,0.000,,,,,NVIDIA A100-SXM4-40GB MIG 4g.20gb (0),1,,13,cupy_copy__complex64_complex64
6377240725,1792,458719,1,1,1,1,1,1,18,0.000,0.000,,,,,NVIDIA A100-SXM4-40GB MIG 4g.20gb (0),1,,13,cupy_copy__float32_float32
6377371763,86687,458730,1,1,1,32,32,1,30,0.000,0.000,,,,,NVIDIA A100-SXM4-40GB MIG 4g.20gb (0),1,,13,"void convert_kernel<__half2, float2>(tensor_layout_any, T1 *, tensor_layout_any, const T2 *)"
6377485714,5664,458733,,,,,,,,,,0.094,16542.310,Pinned,Device,NVIDIA A100-SXM4-40GB MIG 4g.20gb (0),1,,13,[CUDA memcpy Host-to-Device]
6377500241,3520,458734,,,,,,,,,,1.547,439380.412,Device,,NVIDIA A100-SXM4-40GB MIG 4g.20gb (0),1,,13,[CUDA memset]
6377507057,3296,458739,,,,,,,,,,0.031,9495.144,Pinned,Device,NVIDIA A100-SXM4-40GB MIG 4g.20gb (0),1,,13,[CUDA memcpy Host-to-Device]
6377513105,9376,458740,,,,,,,,,,0.197,20969.226,Pinned,Device,NVIDIA A100-SXM4-40GB MIG 4g.20gb (0),1,,13,[CUDA memcpy Host-to-Device]
6377528849,6336,458741,273,1,1,8,4,1,39,0.002,0.000,,,,,NVIDIA A100-SXM4-40GB MIG 4g.20gb (0),1,,13,"void channel_eq::eqMmseCoefCompLowMimoKernel<float, float, float, (unsigned int)4, (unsigned int)1, (unsigned int)4>(const channel_eq::_puschRxChEqStatDescr *, channel_eq::_puschRxChEqCoefCompDynDescr)"
6377537457,5728,458742,273,1,1,12,11,1,51,0.002,0.000,,,,,NVIDIA A100-SXM4-40GB MIG 4g.20gb (0),1,,13,"void channel_eq::eqMmseSoftDemapKernel<float, __half, __half, float, (unsigned int)4, (unsigned short)16383>(channel_eq::_puschRxChEqStatDescr *, channel_eq::_puschRxChEqSoftDemapDynDescr)"
6377544913,281980,458743,1,1,1,32,32,1,30,0.000,0.000,,,,,NVIDIA A100-SXM4-40GB MIG 4g.20gb (0),1,,13,"void convert_kernel<float2, __half2>(tensor_layout_any, T1 *, tensor_layout_any, const T2 *)"
6377827949,11008,458755,2253,1,1,128,1,1,16,0.000,0.000,,,,,NVIDIA A100-SXM4-40GB MIG 4g.20gb (0),1,,13,cupy_copy__float16_float16
6377844717,3296,458764,282,1,1,128,1,1,16,0.000,0.000,,,,,NVIDIA A100-SXM4-40GB MIG 4g.20gb (0),1,,13,cupy_copy__complex64_complex64
6377849901,2048,458773,26,1,1,128,1,1,16,0.000,0.000,,,,,NVIDIA A100-SXM4-40GB MIG 4g.20gb (0),1,,13,cupy_copy__float32_float32
6377852941,4352,458782,103,1,1,128,1,1,16,0.000,0.000,,,,,NVIDIA A100-SXM4-40GB MIG 4g.20gb (0),1,,13,cupy_copy__complex64_complex64
6377859181,12288,458792,1434,1,1,128,1,1,16,0.000,0.000,,,,,NVIDIA A100-SXM4-40GB MIG 4g.20gb (0),1,,13,cupy_copy__complex64_complex64
6377875501,87071,458797,1,1,1,32,32,1,30,0.000,0.000,,,,,NVIDIA A100-SXM4-40GB MIG 4g.20gb (0),1,,13,"void convert_kernel<__half2, float2>(tensor_layout_any, T1 *, tensor_layout_any, const T2 *)"
6377989707,5856,458800,,,,,,,,,,0.094,15999.997,Pinned,Device,NVIDIA A100-SXM4-40GB MIG 4g.20gb (0),1,,13,[CUDA memcpy Host-to-Device]
6377998891,602169,458801,,,,,,,,,,456.561,757891.990,Device,,NVIDIA A100-SXM4-40GB MIG 4g.20gb (0),1,,13,[CUDA memset]
6378608100,142654,458806,,,,,,,,,,1.235,8655.722,Pinned,Device,NVIDIA A100-SXM4-40GB MIG 4g.20gb (0),1,,13,[CUDA memcpy Host-to-Device]
6378764066,40799,458807,,,,,,,,,,0.197,4818.862,Pinned,Device,NVIDIA A100-SXM4-40GB MIG 4g.20gb (0),1,,13,[CUDA memcpy Host-to-Device]
6378834337,8128,458808,69,4,1,48,1,1,76,0.002,0.000,,,,,NVIDIA A100-SXM4-40GB MIG 4g.20gb (0),1,,13,"void ch_est::windowedChEstPreNoDftSOfdmKernel<float, __half, float, (unsigned int)2, (unsigned int)1, (unsigned short)4>(ch_est::puschRxChEstStatDescr_t *, ch_est::puschRxChEstDynDescr_t *)"
6378854081,6720,458809,137,2,1,24,2,1,44,0.001,0.001,,,,,NVIDIA A100-SXM4-40GB MIG 4g.20gb (0),1,,13,"void ch_est::chEstFilterNoDftSOfdmDispatchKernel<float, __half, float, (unsigned int)2>(ch_est::puschRxChEstStatDescr_t *, ch_est::puschRxChEstDynDescr_t *)"
6378870241,4768,458810,137,2,1,24,2,1,44,0.001,0.001,,,,,NVIDIA A100-SXM4-40GB MIG 4g.20gb (0),1,,13,"void ch_est::chEstFilterNoDftSOfdmDispatchKernel<float, __half, float, (unsigned int)2>(ch_est::puschRxChEstStatDescr_t *, ch_est::puschRxChEstDynDescr_t *)"
6378885952,2688,458821,103,1,1,128,1,1,16,0.000,0.000,,,,,NVIDIA A100-SXM4-40GB MIG 4g.20gb (0),1,,13,cupy_copy__complex64_complex64
6378898144,12512,458831,1434,1,1,128,1,1,16,0.000,0.000,,,,,NVIDIA A100-SXM4-40GB MIG 4g.20gb (0),1,,13,cupy_copy__complex64_complex64
6378928544,2496,458838,103,1,1,128,1,1,16,0.000,0.000,,,,,NVIDIA A100-SXM4-40GB MIG 4g.20gb (0),1,,13,cupy_copy__complex64_complex64
6378942592,85695,458845,1,1,1,32,32,1,30,0.000,0.000,,,,,NVIDIA A100-SXM4-40GB MIG 4g.20gb (0),1,,13,"void convert_kernel<__half2, float2>(tensor_layout_any, T1 *, tensor_layout_any, const T2 *)"
6379058430,12192,458848,,,,,,,,,,0.094,7684.946,Pinned,Device,NVIDIA A100-SXM4-40GB MIG 4g.20gb (0),1,,13,[CUDA memcpy Host-to-Device]
6379076510,48415,458849,,,,,,,,,,35.810,739618.088,Device,,NVIDIA A100-SXM4-40GB MIG 4g.20gb (0),1,,13,[CUDA memset]
6379128093,9440,458851,,,,,,,,,,0.000,8.475,Pinned,Device,NVIDIA A100-SXM4-40GB MIG 4g.20gb (0),1,,13,[CUDA memcpy Host-to-Device]
6379146109,20800,458852,,,,,,,,,,0.197,9452.126,Pinned,Device,NVIDIA A100-SXM4-40GB MIG 4g.20gb (0),1,,13,[CUDA memcpy Host-to-Device]
6379179005,9728,458853,273,1,1,48,1,1,40,0.000,0.001,,,,,NVIDIA A100-SXM4-40GB MIG 4g.20gb (0),1,,13,"void pusch_noise_intf_est::noiseIntfEstNoDftSOfdmKernel<float, __half, float, float, (unsigned int)2, (unsigned int)1, (unsigned char)4, (unsigned char)4>(pusch_noise_intf_est::puschRxNoiseIntfEstDynDescr)"
6379191165,2944,458864,35,1,1,128,1,1,16,0.000,0.000,,,,,NVIDIA A100-SXM4-40GB MIG 4g.20gb (0),1,,13,cupy_copy__complex64_complex64
6379203868,1696,458873,1,1,1,1,1,1,18,0.000,0.000,,,,,NVIDIA A100-SXM4-40GB MIG 4g.20gb (0),1,,13,cupy_copy__float32_float32
6379218652,2048,458879,,,,,,,,,,0.000,1.953,Device,Pageable,NVIDIA A100-SXM4-40GB MIG 4g.20gb (0),1,,7,[CUDA memcpy Device-to-Host]
6379297179,12832,458890,1434,1,1,128,1,1,16,0.000,0.000,,,,,NVIDIA A100-SXM4-40GB MIG 4g.20gb (0),1,,13,cupy_copy__complex64_complex64
6379323035,3424,458897,103,1,1,128,1,1,16,0.000,0.000,,,,,NVIDIA A100-SXM4-40GB MIG 4g.20gb (0),1,,13,cupy_copy__complex64_complex64
6379344507,2656,458904,35,1,1,128,1,1,16,0.000,0.000,,,,,NVIDIA A100-SXM4-40GB MIG 4g.20gb (0),1,,13,cupy_copy__complex64_complex64
6379359835,1792,458911,1,1,1,1,1,1,18,0.000,0.000,,,,,NVIDIA A100-SXM4-40GB MIG 4g.20gb (0),1,,13,cupy_copy__float32_float32
6379487289,82591,458922,1,1,1,32,32,1,30,0.000,0.000,,,,,NVIDIA A100-SXM4-40GB MIG 4g.20gb (0),1,,13,"void convert_kernel<__half2, float2>(tensor_layout_any, T1 *, tensor_layout_any, const T2 *)"
6379597432,5824,458925,,,,,,,,,,0.094,16087.884,Pinned,Device,NVIDIA A100-SXM4-40GB MIG 4g.20gb (0),1,,13,[CUDA memcpy Host-to-Device]
6379612215,3136,458926,,,,,,,,,,1.547,493182.821,Device,,NVIDIA A100-SXM4-40GB MIG 4g.20gb (0),1,,13,[CUDA memset]
6379619127,3488,458931,,,,,,,,,,0.031,8972.469,Pinned,Device,NVIDIA A100-SXM4-40GB MIG 4g.20gb (0),1,,13,[CUDA memcpy Host-to-Device]
6379625047,9888,458932,,,,,,,,,,0.197,19883.360,Pinned,Device,NVIDIA A100-SXM4-40GB MIG 4g.20gb (0),1,,13,[CUDA memcpy Host-to-Device]
6379639287,6464,458933,273,1,1,8,4,1,39,0.002,0.000,,,,,NVIDIA A100-SXM4-40GB MIG 4g.20gb (0),1,,13,"void channel_eq::eqMmseCoefCompLowMimoKernel<float, float, float, (unsigned int)4, (unsigned int)1, (unsigned int)4>(const channel_eq::_puschRxChEqStatDescr *, channel_eq::_puschRxChEqCoefCompDynDescr)"
6379648919,7488,458934,273,1,1,12,11,1,51,0.002,0.000,,,,,NVIDIA A100-SXM4-40GB MIG 4g.20gb (0),1,,13,"void channel_eq::eqMmseSoftDemapKernel<float, __half, __half, float, (unsigned int)4, (unsigned short)16383>(channel_eq::_puschRxChEqStatDescr *, channel_eq::_puschRxChEqSoftDemapDynDescr)"
6379658327,283068,458935,1,1,1,32,32,1,30,0.000,0.000,,,,,NVIDIA A100-SXM4-40GB MIG 4g.20gb (0),1,,13,"void convert_kernel<float2, __half2>(tensor_layout_any, T1 *, tensor_layout_any, const T2 *)"
6379942419,10976,458947,2253,1,1,128,1,1,16,0.000,0.000,,,,,NVIDIA A100-SXM4-40GB MIG 4g.20gb (0),1,,13,cupy_copy__float16_float16
6379956467,3488,458956,282,1,1,128,1,1,16,0.000,0.000,,,,,NVIDIA A100-SXM4-40GB MIG 4g.20gb (0),1,,13,cupy_copy__complex64_complex64
6379963571,2400,458965,26,1,1,128,1,1,16,0.000,0.000,,,,,NVIDIA A100-SXM4-40GB MIG 4g.20gb (0),1,,13,cupy_copy__float32_float32
6379967027,2784,458974,103,1,1,128,1,1,16,0.000,0.000,,,,,NVIDIA A100-SXM4-40GB MIG 4g.20gb (0),1,,13,cupy_copy__complex64_complex64
6379970835,12096,458984,1434,1,1,128,1,1,16,0.000,0.000,,,,,NVIDIA A100-SXM4-40GB MIG 4g.20gb (0),1,,13,cupy_copy__complex64_complex64
6379988563,82527,458989,1,1,1,32,32,1,30,0.000,0.000,,,,,NVIDIA A100-SXM4-40GB MIG 4g.20gb (0),1,,13,"void convert_kernel<__half2, float2>(tensor_layout_any, T1 *, tensor_layout_any, const T2 *)"
6380098257,5536,458992,,,,,,,,,,0.094,16924.777,Pinned,Device,NVIDIA A100-SXM4-40GB MIG 4g.20gb (0),1,,13,[CUDA memcpy Host-to-Device]
6380108817,600377,458993,,,,,,,,,,456.561,760174.798,Device,,NVIDIA A100-SXM4-40GB MIG 4g.20gb (0),1,,13,[CUDA memset]
6380718442,126526,458998,,,,,,,,,,1.235,9759.762,Pinned,Device,NVIDIA A100-SXM4-40GB MIG 4g.20gb (0),1,,13,[CUDA memcpy Host-to-Device]
6380854664,34304,458999,,,,,,,,,,0.197,5731.320,Pinned,Device,NVIDIA A100-SXM4-40GB MIG 4g.20gb (0),1,,13,[CUDA memcpy Host-to-Device]
6380908231,8256,459000,69,4,1,48,1,1,76,0.002,0.000,,,,,NVIDIA A100-SXM4-40GB MIG 4g.20gb (0),1,,13,"void ch_est::windowedChEstPreNoDftSOfdmKernel<float, __half, float, (unsigned int)2, (unsigned int)1, (unsigned short)4>(ch_est::puschRxChEstStatDescr_t *, ch_est::puschRxChEstDynDescr_t *)"
6380924551,7008,459001,137,2,1,24,2,1,44,0.001,0.001,,,,,NVIDIA A100-SXM4-40GB MIG 4g.20gb (0),1,,13,"void ch_est::chEstFilterNoDftSOfdmDispatchKernel<float, __half, float, (unsigned int)2>(ch_est::puschRxChEstStatDescr_t *, ch_est::puschRxChEstDynDescr_t *)"
6380939303,4608,459002,137,2,1,24,2,1,44,0.001,0.001,,,,,NVIDIA A100-SXM4-40GB MIG 4g.20gb (0),1,,13,"void ch_est::chEstFilterNoDftSOfdmDispatchKernel<float, __half, float, (unsigned int)2>(ch_est::puschRxChEstStatDescr_t *, ch_est::puschRxChEstDynDescr_t *)"
6380955623,2688,459013,103,1,1,128,1,1,16,0.000,0.000,,,,,NVIDIA A100-SXM4-40GB MIG 4g.20gb (0),1,,13,cupy_copy__complex64_complex64
6380970823,12288,459023,1434,1,1,128,1,1,16,0.000,0.000,,,,,NVIDIA A100-SXM4-40GB MIG 4g.20gb (0),1,,13,cupy_copy__complex64_complex64
6381007526,2368,459030,103,1,1,128,1,1,16,0.000,0.000,,,,,NVIDIA A100-SXM4-40GB MIG 4g.20gb (0),1,,13,cupy_copy__complex64_complex64
6381027430,95487,459037,1,1,1,32,32,1,30,0.000,0.000,,,,,NVIDIA A100-SXM4-40GB MIG 4g.20gb (0),1,,13,"void convert_kernel<__half2, float2>(tensor_layout_any, T1 *, tensor_layout_any, const T2 *)"
6381161284,22080,459040,,,,,,,,,,0.094,4243.398,Pinned,Device,NVIDIA A100-SXM4-40GB MIG 4g.20gb (0),1,,13,[CUDA memcpy Host-to-Device]
6381198212,46847,459041,,,,,,,,,,35.810,764398.552,Device,,NVIDIA A100-SXM4-40GB MIG 4g.20gb (0),1,,13,[CUDA memset]
6381251235,10112,459043,,,,,,,,,,0.000,7.911,Pinned,Device,NVIDIA A100-SXM4-40GB MIG 4g.20gb (0),1,,13,[CUDA memcpy Host-to-Device]
6381266883,22784,459044,,,,,,,,,,0.197,8629.125,Pinned,Device,NVIDIA A100-SXM4-40GB MIG 4g.20gb (0),1,,13,[CUDA memcpy Host-to-Device]
6381300643,9791,459045,273,1,1,48,1,1,40,0.000,0.001,,,,,NVIDIA A100-SXM4-40GB MIG 4g.20gb (0),1,,13,"void pusch_noise_intf_est::noiseIntfEstNoDftSOfdmKernel<float, __half, float, float, (unsigned int)2, (unsigned int)1, (unsigned char)4, (unsigned char)4>(pusch_noise_intf_est::puschRxNoiseIntfEstDynDescr)"
6381315970,2912,459056,35,1,1,128,1,1,16,0.000,0.000,,,,,NVIDIA A100-SXM4-40GB MIG 4g.20gb (0),1,,13,cupy_copy__complex64_complex64
6381323778,1888,459065,1,1,1,1,1,1,18,0.000,0.000,,,,,NVIDIA A100-SXM4-40GB MIG 4g.20gb (0),1,,13,cupy_copy__float32_float32
6381331138,4928,459071,,,,,,,,,,0.000,0.812,Device,Pageable,NVIDIA A100-SXM4-40GB MIG 4g.20gb (0),1,,7,[CUDA memcpy Device-to-Host]
6381406497,13248,459082,1434,1,1,128,1,1,16,0.000,0.000,,,,,NVIDIA A100-SXM4-40GB MIG 4g.20gb (0),1,,13,cupy_copy__complex64_complex64
6381431553,2752,459089,103,1,1,128,1,1,16,0.000,0.000,,,,,NVIDIA A100-SXM4-40GB MIG 4g.20gb (0),1,,13,cupy_copy__complex64_complex64
6381456865,2528,459096,35,1,1,128,1,1,16,0.000,0.000,,,,,NVIDIA A100-SXM4-40GB MIG 4g.20gb (0),1,,13,cupy_copy__complex64_complex64
6381471808,1984,459103,1,1,1,1,1,1,18,0.000,0.000,,,,,NVIDIA A100-SXM4-40GB MIG 4g.20gb (0),1,,13,cupy_copy__float32_float32
6381607711,82591,459114,1,1,1,32,32,1,30,0.000,0.000,,,,,NVIDIA A100-SXM4-40GB MIG 4g.20gb (0),1,,13,"void convert_kernel<__half2, float2>(tensor_layout_any, T1 *, tensor_layout_any, const T2 *)"
6381718269,5952,459117,,,,,,,,,,0.094,15741.865,Pinned,Device,NVIDIA A100-SXM4-40GB MIG 4g.20gb (0),1,,13,[CUDA memcpy Host-to-Device]
6381731773,3072,459118,,,,,,,,,,1.547,503457.044,Device,,NVIDIA A100-SXM4-40GB MIG 4g.20gb (0),1,,13,[CUDA memset]
6381738685,3040,459123,,,,,,,,,,0.031,10294.725,Pinned,Device,NVIDIA A100-SXM4-40GB MIG 4g.20gb (0),1,,13,[CUDA memcpy Host-to-Device]
6381744189,9376,459124,,,,,,,,,,0.197,20969.226,Pinned,Device,NVIDIA A100-SXM4-40GB MIG 4g.20gb (0),1,,13,[CUDA memcpy Host-to-Device]
6381758365,6336,459125,273,1,1,8,4,1,39,0.002,0.000,,,,,NVIDIA A100-SXM4-40GB MIG 4g.20gb (0),1,,13,"void channel_eq::eqMmseCoefCompLowMimoKernel<float, float, float, (unsigned int)4, (unsigned int)1, (unsigned int)4>(const channel_eq::_puschRxChEqStatDescr *, channel_eq::_puschRxChEqCoefCompDynDescr)"
6381769309,5888,459126,273,1,1,12,11,1,51,0.002,0.000,,,,,NVIDIA A100-SXM4-40GB MIG 4g.20gb (0),1,,13,"void channel_eq::eqMmseSoftDemapKernel<float, __half, __half, float, (unsigned int)4, (unsigned short)16383>(channel_eq::_puschRxChEqStatDescr *, channel_eq::_puschRxChEqSoftDemapDynDescr)"
6381776541,294620,459127,1,1,1,32,32,1,30,0.000,0.000,,,,,NVIDIA A100-SXM4-40GB MIG 4g.20gb (0),1,,13,"void convert_kernel<float2, __half2>(tensor_layout_any, T1 *, tensor_layout_any, const T2 *)"
6382072249,10944,459139,2253,1,1,128,1,1,16,0.000,0.000,,,,,NVIDIA A100-SXM4-40GB MIG 4g.20gb (0),1,,13,cupy_copy__float16_float16
6382086905,3456,459148,282,1,1,128,1,1,16,0.000,0.000,,,,,NVIDIA A100-SXM4-40GB MIG 4g.20gb (0),1,,13,cupy_copy__complex64_complex64
6382092153,2144,459157,26,1,1,128,1,1,16,0.000,0.000,,,,,NVIDIA A100-SXM4-40GB MIG 4g.20gb (0),1,,13,cupy_copy__float32_float32
6382096377,3808,459166,103,1,1,128,1,1,16,0.000,0.000,,,,,NVIDIA A100-SXM4-40GB MIG 4g.20gb (0),1,,13,cupy_copy__complex64_complex64
6382101241,11840,459176,1434,1,1,128,1,1,16,0.000,0.000,,,,,NVIDIA A100-SXM4-40GB MIG 4g.20gb (0),1,,13,cupy_copy__complex64_complex64
6382114873,82015,459181,1,1,1,32,32,1,30,0.000,0.000,,,,,NVIDIA A100-SXM4-40GB MIG 4g.20gb (0),1,,13,"void convert_kernel<__half2, float2>(tensor_layout_any, T1 *, tensor_layout_any, const T2 *)"
6382224407,5728,459184,,,,,,,,,,0.094,16357.541,Pinned,Device,NVIDIA A100-SXM4-40GB MIG 4g.20gb (0),1,,13,[CUDA memcpy Host-to-Device]
6382235255,598009,459185,,,,,,,,,,456.561,763370.728,Device,,NVIDIA A100-SXM4-40GB MIG 4g.20gb (0),1,,13,[CUDA memset]
6382840784,172861,459190,,,,,,,,,,1.235,7142.916,Pinned,Device,NVIDIA A100-SXM4-40GB MIG 4g.20gb (0),1,,13,[CUDA memcpy Host-to-Device]
6383027853,43168,459191,,,,,,,,,,0.197,4554.424,Pinned,Device,NVIDIA A100-SXM4-40GB MIG 4g.20gb (0),1,,13,[CUDA memcpy Host-to-Device]
6383084557,8287,459192,69,4,1,48,1,1,76,0.002,0.000,,,,,NVIDIA A100-SXM4-40GB MIG 4g.20gb (0),1,,13,"void ch_est::windowedChEstPreNoDftSOfdmKernel<float, __half, float, (unsigned int)2, (unsigned int)1, (unsigned short)4>(ch_est::puschRxChEstStatDescr_t *, ch_est::puschRxChEstDynDescr_t *)"
6383099724,6688,459193,137,2,1,24,2,1,44,0.001,0.001,,,,,NVIDIA A100-SXM4-40GB MIG 4g.20gb (0),1,,13,"void ch_est::chEstFilterNoDftSOfdmDispatchKernel<float, __half, float, (unsigned int)2>(ch_est::puschRxChEstStatDescr_t *, ch_est::puschRxChEstDynDescr_t *)"
6383112940,4736,459194,137,2,1,24,2,1,44,0.001,0.001,,,,,NVIDIA A100-SXM4-40GB MIG 4g.20gb (0),1,,13,"void ch_est::chEstFilterNoDftSOfdmDispatchKernel<float, __half, float, (unsigned int)2>(ch_est::puschRxChEstStatDescr_t *, ch_est::puschRxChEstDynDescr_t *)"
6383125196,2496,459205,103,1,1,128,1,1,16,0.000,0.000,,,,,NVIDIA A100-SXM4-40GB MIG 4g.20gb (0),1,,13,cupy_copy__complex64_complex64
6383136012,12448,459215,1434,1,1,128,1,1,16,0.000,0.000,,,,,NVIDIA A100-SXM4-40GB MIG 4g.20gb (0),1,,13,cupy_copy__complex64_complex64
6383149580,2752,459222,103,1,1,128,1,1,16,0.000,0.000,,,,,NVIDIA A100-SXM4-40GB MIG 4g.20gb (0),1,,13,cupy_copy__complex64_complex64
6383155756,89599,459229,1,1,1,32,32,1,30,0.000,0.000,,,,,NVIDIA A100-SXM4-40GB MIG 4g.20gb (0),1,,13,"void convert_kernel<__half2, float2>(tensor_layout_any, T1 *, tensor_layout_any, const T2 *)"
6383278122,17760,459232,,,,,,,,,,0.094,5275.647,Pinned,Device,NVIDIA A100-SXM4-40GB MIG 4g.20gb (0),1,,13,[CUDA memcpy Host-to-Device]
6383316170,46943,459233,,,,,,,,,,35.810,762822.916,Device,,NVIDIA A100-SXM4-40GB MIG 4g.20gb (0),1,,13,[CUDA memset]
6383364521,13152,459235,,,,,,,,,,0.000,6.083,Pinned,Device,NVIDIA A100-SXM4-40GB MIG 4g.20gb (0),1,,13,[CUDA memcpy Host-to-Device]
6383385641,32447,459236,,,,,,,,,,0.197,6059.262,Pinned,Device,NVIDIA A100-SXM4-40GB MIG 4g.20gb (0),1,,13,[CUDA memcpy Host-to-Device]
6383443080,9792,459237,273,1,1,48,1,1,40,0.000,0.001,,,,,NVIDIA A100-SXM4-40GB MIG 4g.20gb (0),1,,13,"void pusch_noise_intf_est::noiseIntfEstNoDftSOfdmKernel<float, __half, float, float, (unsigned int)2, (unsigned int)1, (unsigned char)4, (unsigned char)4>(pusch_noise_intf_est::puschRxNoiseIntfEstDynDescr)"
6383459624,5152,459248,35,1,1,128,1,1,16,0.000,0.000,,,,,NVIDIA A100-SXM4-40GB MIG 4g.20gb (0),1,,13,cupy_copy__complex64_complex64
6383475496,1696,459257,1,1,1,1,1,1,18,0.000,0.000,,,,,NVIDIA A100-SXM4-40GB MIG 4g.20gb (0),1,,13,cupy_copy__float32_float32
6383482536,6912,459263,,,,,,,,,,0.000,0.579,Device,Pageable,NVIDIA A100-SXM4-40GB MIG 4g.20gb (0),1,,7,[CUDA memcpy Device-to-Host]
6383568263,13055,459274,1434,1,1,128,1,1,16,0.000,0.000,,,,,NVIDIA A100-SXM4-40GB MIG 4g.20gb (0),1,,13,cupy_copy__complex64_complex64
6383601350,2624,459281,103,1,1,128,1,1,16,0.000,0.000,,,,,NVIDIA A100-SXM4-40GB MIG 4g.20gb (0),1,,13,cupy_copy__complex64_complex64
6383605766,2496,459288,35,1,1,128,1,1,16,0.000,0.000,,,,,NVIDIA A100-SXM4-40GB MIG 4g.20gb (0),1,,13,cupy_copy__complex64_complex64
6383627718,2016,459295,1,1,1,1,1,1,18,0.000,0.000,,,,,NVIDIA A100-SXM4-40GB MIG 4g.20gb (0),1,,13,cupy_copy__float32_float32
6383760868,83519,459306,1,1,1,32,32,1,30,0.000,0.000,,,,,NVIDIA A100-SXM4-40GB MIG 4g.20gb (0),1,,13,"void convert_kernel<__half2, float2>(tensor_layout_any, T1 *, tensor_layout_any, const T2 *)"
6383872035,6144,459309,,,,,,,,,,0.094,15249.961,Pinned,Device,NVIDIA A100-SXM4-40GB MIG 4g.20gb (0),1,,13,[CUDA memcpy Host-to-Device]
6383886371,3392,459310,,,,,,,,,,1.547,455961.768,Device,,NVIDIA A100-SXM4-40GB MIG 4g.20gb (0),1,,13,[CUDA memset]
6383893603,3392,459315,,,,,,,,,,0.031,9226.405,Pinned,Device,NVIDIA A100-SXM4-40GB MIG 4g.20gb (0),1,,13,[CUDA memcpy Host-to-Device]
6383899811,10175,459316,,,,,,,,,,0.197,19322.634,Pinned,Device,NVIDIA A100-SXM4-40GB MIG 4g.20gb (0),1,,13,[CUDA memcpy Host-to-Device]
6383914050,6144,459317,273,1,1,8,4,1,39,0.002,0.000,,,,,NVIDIA A100-SXM4-40GB MIG 4g.20gb (0),1,,13,"void channel_eq::eqMmseCoefCompLowMimoKernel<float, float, float, (unsigned int)4, (unsigned int)1, (unsigned int)4>(const channel_eq::_puschRxChEqStatDescr *, channel_eq::_puschRxChEqCoefCompDynDescr)"
6383923714,5920,459318,273,1,1,12,11,1,51,0.002,0.000,,,,,NVIDIA A100-SXM4-40GB MIG 4g.20gb (0),1,,13,"void channel_eq::eqMmseSoftDemapKernel<float, __half, __half, float, (unsigned int)4, (unsigned short)16383>(channel_eq::_puschRxChEqStatDescr *, channel_eq::_puschRxChEqSoftDemapDynDescr)"
6383931266,282589,459319,1,1,1,32,32,1,30,0.000,0.000,,,,,NVIDIA A100-SXM4-40GB MIG 4g.20gb (0),1,,13,"void convert_kernel<float2, __half2>(tensor_layout_any, T1 *, tensor_layout_any, const T2 *)"
6384214975,10912,459331,2253,1,1,128,1,1,16,0.000,0.000,,,,,NVIDIA A100-SXM4-40GB MIG 4g.20gb (0),1,,13,cupy_copy__float16_float16
6384231102,3104,459340,282,1,1,128,1,1,16,0.000,0.000,,,,,NVIDIA A100-SXM4-40GB MIG 4g.20gb (0),1,,13,cupy_copy__complex64_complex64
6384236190,2048,459349,26,1,1,128,1,1,16,0.000,0.000,,,,,NVIDIA A100-SXM4-40GB MIG 4g.20gb (0),1,,13,cupy_copy__float32_float32
6384240862,3232,459358,103,1,1,128,1,1,16,0.000,0.000,,,,,NVIDIA A100-SXM4-40GB MIG 4g.20gb (0),1,,13,cupy_copy__complex64_complex64
6384246814,12320,459368,1434,1,1,128,1,1,16,0.000,0.000,,,,,NVIDIA A100-SXM4-40GB MIG 4g.20gb (0),1,,13,cupy_copy__complex64_complex64
6384265022,86559,459373,1,1,1,32,32,1,30,0.000,0.000,,,,,NVIDIA A100-SXM4-40GB MIG 4g.20gb (0),1,,13,"void convert_kernel<__half2, float2>(tensor_layout_any, T1 *, tensor_layout_any, const T2 *)"
6384379069,5792,459376,,,,,,,,,,0.094,16176.708,Pinned,Device,NVIDIA A100-SXM4-40GB MIG 4g.20gb (0),1,,13,[CUDA memcpy Host-to-Device]
6384388381,600728,459377,,,,,,,,,,456.561,759718.236,Device,,NVIDIA A100-SXM4-40GB MIG 4g.20gb (0),1,,13,[CUDA memset]
6384990453,85247,459382,,,,,,,,,,1.235,14485.893,Pinned,Device,NVIDIA A100-SXM4-40GB MIG 4g.20gb (0),1,,13,[CUDA memcpy Host-to-Device]
6385082708,18272,459383,,,,,,,,,,0.197,10759.963,Pinned,Device,NVIDIA A100-SXM4-40GB MIG 4g.20gb (0),1,,13,[CUDA memcpy Host-to-Device]
6385115668,9151,459384,69,4,1,48,1,1,76,0.002,0.000,,,,,NVIDIA A100-SXM4-40GB MIG 4g.20gb (0),1,,13,"void ch_est::windowedChEstPreNoDftSOfdmKernel<float, __half, float, (unsigned int)2, (unsigned int)1, (unsigned short)4>(ch_est::puschRxChEstStatDescr_t *, ch_est::puschRxChEstDynDescr_t *)"
6385132435,7584,459385,137,2,1,24,2,1,44,0.001,0.001,,,,,NVIDIA A100-SXM4-40GB MIG 4g.20gb (0),1,,13,"void ch_est::chEstFilterNoDftSOfdmDispatchKernel<float, __half, float, (unsigned int)2>(ch_est::puschRxChEstStatDescr_t *, ch_est::puschRxChEstDynDescr_t *)"
6385148019,6272,459386,137,2,1,24,2,1,44,0.001,0.001,,,,,NVIDIA A100-SXM4-40GB MIG 4g.20gb (0),1,,13,"void ch_est::chEstFilterNoDftSOfdmDispatchKernel<float, __half, float, (unsigned int)2>(ch_est::puschRxChEstStatDescr_t *, ch_est::puschRxChEstDynDescr_t *)"
6385156243,3008,459397,103,1,1,128,1,1,16,0.000,0.000,,,,,NVIDIA A100-SXM4-40GB MIG 4g.20gb (0),1,,13,cupy_copy__complex64_complex64
6385164211,12704,459407,1434,1,1,128,1,1,16,0.000,0.000,,,,,NVIDIA A100-SXM4-40GB MIG 4g.20gb (0),1,,13,cupy_copy__complex64_complex64
6385181843,2720,459414,103,1,1,128,1,1,16,0.000,0.000,,,,,NVIDIA A100-SXM4-40GB MIG 4g.20gb (0),1,,13,cupy_copy__complex64_complex64
6385190963,87967,459421,1,1,1,32,32,1,30,0.000,0.000,,,,,NVIDIA A100-SXM4-40GB MIG 4g.20gb (0),1,,13,"void convert_kernel<__half2, float2>(tensor_layout_any, T1 *, tensor_layout_any, const T2 *)"
6385307985,6144,459424,,,,,,,,,,0.094,15249.961,Pinned,Device,NVIDIA A100-SXM4-40GB MIG 4g.20gb (0),1,,13,[CUDA memcpy Host-to-Device]
6385320881,48255,459425,,,,,,,,,,35.810,742088.972,Device,,NVIDIA A100-SXM4-40GB MIG 4g.20gb (0),1,,13,[CUDA memset]
6385374576,3904,459427,,,,,,,,,,0.000,20.492,Pinned,Device,NVIDIA A100-SXM4-40GB MIG 4g.20gb (0),1,,13,[CUDA memcpy Host-to-Device]
6385382544,12672,459428,,,,,,,,,,0.197,15515.124,Pinned,Device,NVIDIA A100-SXM4-40GB MIG 4g.20gb (0),1,,13,[CUDA memcpy Host-to-Device]
6385401904,9984,459429,273,1,1,48,1,1,40,0.000,0.001,,,,,NVIDIA A100-SXM4-40GB MIG 4g.20gb (0),1,,13,"void pusch_noise_intf_est::noiseIntfEstNoDftSOfdmKernel<float, __half, float, float, (unsigned int)2, (unsigned int)1, (unsigned char)4, (unsigned char)4>(pusch_noise_intf_est::puschRxNoiseIntfEstDynDescr)"
6385417168,2912,459440,35,1,1,128,1,1,16,0.000,0.000,,,,,NVIDIA A100-SXM4-40GB MIG 4g.20gb (0),1,,13,cupy_copy__complex64_complex64
6385429424,2048,459449,1,1,1,1,1,1,18,0.000,0.000,,,,,NVIDIA A100-SXM4-40GB MIG 4g.20gb (0),1,,13,cupy_copy__float32_float32
6385460463,1568,459455,,,,,,,,,,0.000,2.551,Device,Pageable,NVIDIA A100-SXM4-40GB MIG 4g.20gb (0),1,,7,[CUDA memcpy Device-to-Host]
6385519183,12607,459466,1434,1,1,128,1,1,16,0.000,0.000,,,,,NVIDIA A100-SXM4-40GB MIG 4g.20gb (0),1,,13,cupy_copy__complex64_complex64
6385545678,3392,459473,103,1,1,128,1,1,16,0.000,0.000,,,,,NVIDIA A100-SXM4-40GB MIG 4g.20gb (0),1,,13,cupy_copy__complex64_complex64
6385566190,2176,459480,35,1,1,128,1,1,16,0.000,0.000,,,,,NVIDIA A100-SXM4-40GB MIG 4g.20gb (0),1,,13,cupy_copy__complex64_complex64
6385584270,1792,459487,1,1,1,1,1,1,18,0.000,0.000,,,,,NVIDIA A100-SXM4-40GB MIG 4g.20gb (0),1,,13,cupy_copy__float32_float32
6385715052,82335,459498,1,1,1,32,32,1,30,0.000,0.000,,,,,NVIDIA A100-SXM4-40GB MIG 4g.20gb (0),1,,13,"void convert_kernel<__half2, float2>(tensor_layout_any, T1 *, tensor_layout_any, const T2 *)"
6385825067,5440,459501,,,,,,,,,,0.094,17223.480,Pinned,Device,NVIDIA A100-SXM4-40GB MIG 4g.20gb (0),1,,13,[CUDA memcpy Host-to-Device]
6385839499,3168,459502,,,,,,,,,,1.547,488201.145,Device,,NVIDIA A100-SXM4-40GB MIG 4g.20gb (0),1,,13,[CUDA memset]
6385846507,3199,459507,,,,,,,,,,0.031,9783.036,Pinned,Device,NVIDIA A100-SXM4-40GB MIG 4g.20gb (0),1,,13,[CUDA memcpy Host-to-Device]
6385852106,9440,459508,,,,,,,,,,0.197,20827.079,Pinned,Device,NVIDIA A100-SXM4-40GB MIG 4g.20gb (0),1,,13,[CUDA memcpy Host-to-Device]
6385866602,6432,459509,273,1,1,8,4,1,39,0.002,0.000,,,,,NVIDIA A100-SXM4-40GB MIG 4g.20gb (0),1,,13,"void channel_eq::eqMmseCoefCompLowMimoKernel<float, float, float, (unsigned int)4, (unsigned int)1, (unsigned int)4>(const channel_eq::_puschRxChEqStatDescr *, channel_eq::_puschRxChEqCoefCompDynDescr)"
6385874122,6080,459510,273,1,1,12,11,1,51,0.002,0.000,,,,,NVIDIA A100-SXM4-40GB MIG 4g.20gb (0),1,,13,"void channel_eq::eqMmseSoftDemapKernel<float, __half, __half, float, (unsigned int)4, (unsigned short)16383>(channel_eq::_puschRxChEqStatDescr *, channel_eq::_puschRxChEqSoftDemapDynDescr)"
6385881322,282813,459511,1,1,1,32,32,1,30,0.000,0.000,,,,,NVIDIA A100-SXM4-40GB MIG 4g.20gb (0),1,,13,"void convert_kernel<float2, __half2>(tensor_layout_any, T1 *, tensor_layout_any, const T2 *)"
6386166855,11039,459523,2253,1,1,128,1,1,16,0.000,0.000,,,,,NVIDIA A100-SXM4-40GB MIG 4g.20gb (0),1,,13,cupy_copy__float16_float16
6386182534,2720,459532,282,1,1,128,1,1,16,0.000,0.000,,,,,NVIDIA A100-SXM4-40GB MIG 4g.20gb (0),1,,13,cupy_copy__complex64_complex64
6386188422,2176,459541,26,1,1,128,1,1,16,0.000,0.000,,,,,NVIDIA A100-SXM4-40GB MIG 4g.20gb (0),1,,13,cupy_copy__float32_float32
6386195302,2944,459550,103,1,1,128,1,1,16,0.000,0.000,,,,,NVIDIA A100-SXM4-40GB MIG 4g.20gb (0),1,,13,cupy_copy__complex64_complex64
6386201030,11936,459560,1434,1,1,128,1,1,16,0.000,0.000,,,,,NVIDIA A100-SXM4-40GB MIG 4g.20gb (0),1,,13,cupy_copy__complex64_complex64
6386216774,86911,459565,1,1,1,32,32,1,30,0.000,0.000,,,,,NVIDIA A100-SXM4-40GB MIG 4g.20gb (0),1,,13,"void convert_kernel<__half2, float2>(tensor_layout_any, T1 *, tensor_layout_any, const T2 *)"
6386330437,5663,459568,,,,,,,,,,0.094,16545.214,Pinned,Device,NVIDIA A100-SXM4-40GB MIG 4g.20gb (0),1,,13,[CUDA memcpy Host-to-Device]
6386340324,595897,459569,,,,,,,,,,456.561,766110.096,Device,,NVIDIA A100-SXM4-40GB MIG 4g.20gb (0),1,,13,[CUDA memset]
6386938621,156094,459574,,,,,,,,,,1.235,7911.051,Pinned,Device,NVIDIA A100-SXM4-40GB MIG 4g.20gb (0),1,,13,[CUDA memcpy Host-to-Device]
6387107131,34752,459575,,,,,,,,,,0.197,5657.395,Pinned,Device,NVIDIA A100-SXM4-40GB MIG 4g.20gb (0),1,,13,[CUDA memcpy Host-to-Device]
6387157082,8512,459576,69,4,1,48,1,1,76,0.002,0.000,,,,,NVIDIA A100-SXM4-40GB MIG 4g.20gb (0),1,,13,"void ch_est::windowedChEstPreNoDftSOfdmKernel<float, __half, float, (unsigned int)2, (unsigned int)1, (unsigned short)4>(ch_est::puschRxChEstStatDescr_t *, ch_est::puschRxChEstDynDescr_t *)"
6387169434,6528,459577,137,2,1,24,2,1,44,0.001,0.001,,,,,NVIDIA A100-SXM4-40GB MIG 4g.20gb (0),1,,13,"void ch_est::chEstFilterNoDftSOfdmDispatchKernel<float, __half, float, (unsigned int)2>(ch_est::puschRxChEstStatDescr_t *, ch_est::puschRxChEstDynDescr_t *)"
6387185050,5184,459578,137,2,1,24,2,1,44,0.001,0.001,,,,,NVIDIA A100-SXM4-40GB MIG 4g.20gb (0),1,,13,"void ch_est::chEstFilterNoDftSOfdmDispatchKernel<float, __half, float, (unsigned int)2>(ch_est::puschRxChEstStatDescr_t *, ch_est::puschRxChEstDynDescr_t *)"
6387194682,2656,459589,103,1,1,128,1,1,16,0.000,0.000,,,,,NVIDIA A100-SXM4-40GB MIG 4g.20gb (0),1,,13,cupy_copy__complex64_complex64
6387205722,12320,459599,1434,1,1,128,1,1,16,0.000,0.000,,,,,NVIDIA A100-SXM4-40GB MIG 4g.20gb (0),1,,13,cupy_copy__complex64_complex64
6387221050,2944,459606,103,1,1,128,1,1,16,0.000,0.000,,,,,NVIDIA A100-SXM4-40GB MIG 4g.20gb (0),1,,13,cupy_copy__complex64_complex64
6387231289,87231,459613,1,1,1,32,32,1,30,0.000,0.000,,,,,NVIDIA A100-SXM4-40GB MIG 4g.20gb (0),1,,13,"void convert_kernel<__half2, float2>(tensor_layout_any, T1 *, tensor_layout_any, const T2 *)"
6387347320,13312,459616,,,,,,,,,,0.094,7038.444,Pinned,Device,NVIDIA A100-SXM4-40GB MIG 4g.20gb (0),1,,13,[CUDA memcpy Host-to-Device]
6387365432,47135,459617,,,,,,,,,,35.810,759707.453,Device,,NVIDIA A100-SXM4-40GB MIG 4g.20gb (0),1,,13,[CUDA memset]
6387420791,4224,459619,,,,,,,,,,0.000,18.939,Pinned,Device,NVIDIA A100-SXM4-40GB MIG 4g.20gb (0),1,,13,[CUDA memcpy Host-to-Device]
6387431383,21536,459620,,,,,,,,,,0.197,9129.099,Pinned,Device,NVIDIA A100-SXM4-40GB MIG 4g.20gb (0),1,,13,[CUDA memcpy Host-to-Device]
6387470006,9504,459621,273,1,1,48,1,1,40,0.000,0.001,,,,,NVIDIA A100-SXM4-40GB MIG 4g.20gb (0),1,,13,"void pusch_noise_intf_est::noiseIntfEstNoDftSOfdmKernel<float, __half, float, float, (unsigned int)2, (unsigned int)1, (unsigned char)4, (unsigned char)4>(pusch_noise_intf_est::puschRxNoiseIntfEstDynDescr)"
6387491894,2720,459632,35,1,1,128,1,1,16,0.000,0.000,,,,,NVIDIA A100-SXM4-40GB MIG 4g.20gb (0),1,,13,cupy_copy__complex64_complex64
6387503126,1728,459641,1,1,1,1,1,1,18,0.000,0.000,,,,,NVIDIA A100-SXM4-40GB MIG 4g.20gb (0),1,,13,cupy_copy__float32_float32
6387511222,6144,459647,,,,,,,,,,0.000,0.651,Device,Pageable,NVIDIA A100-SXM4-40GB MIG 4g.20gb (0),1,,7,[CUDA memcpy Device-to-Host]
6387586261,12864,459658,1434,1,1,128,1,1,16,0.000,0.000,,,,,NVIDIA A100-SXM4-40GB MIG 4g.20gb (0),1,,13,cupy_copy__complex64_complex64
6387617461,3584,459665,103,1,1,128,1,1,16,0.000,0.000,,,,,NVIDIA A100-SXM4-40GB MIG 4g.20gb (0),1,,13,cupy_copy__complex64_complex64
6387630580,2656,459672,35,1,1,128,1,1,16,0.000,0.000,,,,,NVIDIA A100-SXM4-40GB MIG 4g.20gb (0),1,,13,cupy_copy__complex64_complex64
6387647956,1824,459679,1,1,1,1,1,1,18,0.000,0.000,,,,,NVIDIA A100-SXM4-40GB MIG 4g.20gb (0),1,,13,cupy_copy__float32_float32
6387780659,87039,459690,1,1,1,32,32,1,30,0.000,0.000,,,,,NVIDIA A100-SXM4-40GB MIG 4g.20gb (0),1,,13,"void convert_kernel<__half2, float2>(tensor_layout_any, T1 *, tensor_layout_any, const T2 *)"
6387895505,5440,459693,,,,,,,,,,0.094,17223.480,Pinned,Device,NVIDIA A100-SXM4-40GB MIG 4g.20gb (0),1,,13,[CUDA memcpy Host-to-Device]
6387909649,3136,459694,,,,,,,,,,1.547,493182.821,Device,,NVIDIA A100-SXM4-40GB MIG 4g.20gb (0),1,,13,[CUDA memset]
6387916625,3200,459699,,,,,,,,,,0.031,9780.000,Pinned,Device,NVIDIA A100-SXM4-40GB MIG 4g.20gb (0),1,,13,[CUDA memcpy Host-to-Device]
6387922449,10080,459700,,,,,,,,,,0.197,19504.693,Pinned,Device,NVIDIA A100-SXM4-40GB MIG 4g.20gb (0),1,,13,[CUDA memcpy Host-to-Device]
6387938673,6144,459701,273,1,1,8,4,1,39,0.002,0.000,,,,,NVIDIA A100-SXM4-40GB MIG 4g.20gb (0),1,,13,"void channel_eq::eqMmseCoefCompLowMimoKernel<float, float, float, (unsigned int)4, (unsigned int)1, (unsigned int)4>(const channel_eq::_puschRxChEqStatDescr *, channel_eq::_puschRxChEqCoefCompDynDescr)"
6387946449,8160,459702,273,1,1,12,11,1,51,0.002,0.000,,,,,NVIDIA A100-SXM4-40GB MIG 4g.20gb (0),1,,13,"void channel_eq::eqMmseSoftDemapKernel<float, __half, __half, float, (unsigned int)4, (unsigned short)16383>(channel_eq::_puschRxChEqStatDescr *, channel_eq::_puschRxChEqSoftDemapDynDescr)"
6387956528,294717,459703,1,1,1,32,32,1,30,0.000,0.000,,,,,NVIDIA A100-SXM4-40GB MIG 4g.20gb (0),1,,13,"void convert_kernel<float2, __half2>(tensor_layout_any, T1 *, tensor_layout_any, const T2 *)"
6388253293,10944,459715,2253,1,1,128,1,1,16,0.000,0.000,,,,,NVIDIA A100-SXM4-40GB MIG 4g.20gb (0),1,,13,cupy_copy__float16_float16
6388267213,3232,459724,282,1,1,128,1,1,16,0.000,0.000,,,,,NVIDIA A100-SXM4-40GB MIG 4g.20gb (0),1,,13,cupy_copy__complex64_complex64
6388276365,2112,459733,26,1,1,128,1,1,16,0.000,0.000,,,,,NVIDIA A100-SXM4-40GB MIG 4g.20gb (0),1,,13,cupy_copy__float32_float32
6388281868,4544,459742,103,1,1,128,1,1,16,0.000,0.000,,,,,NVIDIA A100-SXM4-40GB MIG 4g.20gb (0),1,,13,cupy_copy__complex64_complex64
6388339436,12096,459758,1434,1,1,128,1,1,16,0.000,0.000,,,,,NVIDIA A100-SXM4-40GB MIG 4g.20gb (0),1,,13,cupy_copy__complex64_complex64
6388455754,81887,459763,1,1,1,32,32,1,30,0.000,0.000,,,,,NVIDIA A100-SXM4-40GB MIG 4g.20gb (0),1,,13,"void convert_kernel<__half2, float2>(tensor_layout_any, T1 *, tensor_layout_any, const T2 *)"
6388565225,5568,459766,,,,,,,,,,0.094,16827.521,Pinned,Device,NVIDIA A100-SXM4-40GB MIG 4g.20gb (0),1,,13,[CUDA memcpy Host-to-Device]
6388575465,597656,459767,,,,,,,,,,456.561,763827.289,Device,,NVIDIA A100-SXM4-40GB MIG 4g.20gb (0),1,,13,[CUDA memset]
6389176225,137663,459772,,,,,,,,,,1.235,8970.633,Pinned,Device,NVIDIA A100-SXM4-40GB MIG 4g.20gb (0),1,,13,[CUDA memcpy Host-to-Device]
6389328160,30143,459773,,,,,,,,,,0.197,6522.470,Pinned,Device,NVIDIA A100-SXM4-40GB MIG 4g.20gb (0),1,,13,[CUDA memcpy Host-to-Device]
6389378015,8256,459774,69,4,1,48,1,1,76,0.002,0.000,,,,,NVIDIA A100-SXM4-40GB MIG 4g.20gb (0),1,,13,"void ch_est::windowedChEstPreNoDftSOfdmKernel<float, __half, float, (unsigned int)2, (unsigned int)1, (unsigned short)4>(ch_est::puschRxChEstStatDescr_t *, ch_est::puschRxChEstDynDescr_t *)"
6389388319,6336,459775,137,2,1,24,2,1,44,0.001,0.001,,,,,NVIDIA A100-SXM4-40GB MIG 4g.20gb (0),1,,13,"void ch_est::chEstFilterNoDftSOfdmDispatchKernel<float, __half, float, (unsigned int)2>(ch_est::puschRxChEstStatDescr_t *, ch_est::puschRxChEstDynDescr_t *)"
6389398911,4800,459776,137,2,1,24,2,1,44,0.001,0.001,,,,,NVIDIA A100-SXM4-40GB MIG 4g.20gb (0),1,,13,"void ch_est::chEstFilterNoDftSOfdmDispatchKernel<float, __half, float, (unsigned int)2>(ch_est::puschRxChEstStatDescr_t *, ch_est::puschRxChEstDynDescr_t *)"
6389412447,2751,459787,103,1,1,128,1,1,16,0.000,0.000,,,,,NVIDIA A100-SXM4-40GB MIG 4g.20gb (0),1,,13,cupy_copy__complex64_complex64
6389422302,12448,459797,1434,1,1,128,1,1,16,0.000,0.000,,,,,NVIDIA A100-SXM4-40GB MIG 4g.20gb (0),1,,13,cupy_copy__complex64_complex64
6389437214,3200,459804,103,1,1,128,1,1,16,0.000,0.000,,,,,NVIDIA A100-SXM4-40GB MIG 4g.20gb (0),1,,13,cupy_copy__complex64_complex64
6389447102,88095,459811,1,1,1,32,32,1,30,0.000,0.000,,,,,NVIDIA A100-SXM4-40GB MIG 4g.20gb (0),1,,13,"void convert_kernel<__half2, float2>(tensor_layout_any, T1 *, tensor_layout_any, const T2 *)"
6389567005,13151,459814,,,,,,,,,,0.094,7124.550,Pinned,Device,NVIDIA A100-SXM4-40GB MIG 4g.20gb (0),1,,13,[CUDA memcpy Host-to-Device]
6389592252,46656,459815,,,,,,,,,,35.810,767514.015,Device,,NVIDIA A100-SXM4-40GB MIG 4g.20gb (0),1,,13,[CUDA memset]
6389640764,7904,459817,,,,,,,,,,0.000,10.121,Pinned,Device,NVIDIA A100-SXM4-40GB MIG 4g.20gb (0),1,,13,[CUDA memcpy Host-to-Device]
6389652636,19455,459818,,,,,,,,,,0.197,10105.651,Pinned,Device,NVIDIA A100-SXM4-40GB MIG 4g.20gb (0),1,,13,[CUDA memcpy Host-to-Device]
6389682139,9632,459819,273,1,1,48,1,1,40,0.000,0.001,,,,,NVIDIA A100-SXM4-40GB MIG 4g.20gb (0),1,,13,"void pusch_noise_intf_est::noiseIntfEstNoDftSOfdmKernel<float, __half, float, float, (unsigned int)2, (unsigned int)1, (unsigned char)4, (unsigned char)4>(pusch_noise_intf_est::puschRxNoiseIntfEstDynDescr)"
6389701851,2816,459830,35,1,1,128,1,1,16,0.000,0.000,,,,,NVIDIA A100-SXM4-40GB MIG 4g.20gb (0),1,,13,cupy_copy__complex64_complex64
6389712315,1728,459839,1,1,1,1,1,1,18,0.000,0.000,,,,,NVIDIA A100-SXM4-40GB MIG 4g.20gb (0),1,,13,cupy_copy__float32_float32
6389720827,5024,459845,,,,,,,,,,0.000,0.796,Device,Pageable,NVIDIA A100-SXM4-40GB MIG 4g.20gb (0),1,,7,[CUDA memcpy Device-to-Host]
6389798714,12960,459856,1434,1,1,128,1,1,16,0.000,0.000,,,,,NVIDIA A100-SXM4-40GB MIG 4g.20gb (0),1,,13,cupy_copy__complex64_complex64
6389825017,2816,459863,103,1,1,128,1,1,16,0.000,0.000,,,,,NVIDIA A100-SXM4-40GB MIG 4g.20gb (0),1,,13,cupy_copy__complex64_complex64
6389844601,2784,459870,35,1,1,128,1,1,16,0.000,0.000,,,,,NVIDIA A100-SXM4-40GB MIG 4g.20gb (0),1,,13,cupy_copy__complex64_complex64
6389866009,1760,459877,1,1,1,1,1,1,18,0.000,0.000,,,,,NVIDIA A100-SXM4-40GB MIG 4g.20gb (0),1,,13,cupy_copy__float32_float32
6389989687,88223,459888,1,1,1,32,32,1,30,0.000,0.000,,,,,NVIDIA A100-SXM4-40GB MIG 4g.20gb (0),1,,13,"void convert_kernel<__half2, float2>(tensor_layout_any, T1 *, tensor_layout_any, const T2 *)"
6390106006,5760,459891,,,,,,,,,,0.094,16266.656,Pinned,Device,NVIDIA A100-SXM4-40GB MIG 4g.20gb (0),1,,13,[CUDA memcpy Host-to-Device]
6390124214,3488,459892,,,,,,,,,,1.547,443412.461,Device,,NVIDIA A100-SXM4-40GB MIG 4g.20gb (0),1,,13,[CUDA memset]
6390129462,3360,459897,,,,,,,,,,0.031,9314.284,Pinned,Device,NVIDIA A100-SXM4-40GB MIG 4g.20gb (0),1,,13,[CUDA memcpy Host-to-Device]
6390135286,9727,459898,,,,,,,,,,0.197,20212.482,Pinned,Device,NVIDIA A100-SXM4-40GB MIG 4g.20gb (0),1,,13,[CUDA memcpy Host-to-Device]
6390149813,6304,459899,273,1,1,8,4,1,39,0.002,0.000,,,,,NVIDIA A100-SXM4-40GB MIG 4g.20gb (0),1,,13,"void channel_eq::eqMmseCoefCompLowMimoKernel<float, float, float, (unsigned int)4, (unsigned int)1, (unsigned int)4>(const channel_eq::_puschRxChEqStatDescr *, channel_eq::_puschRxChEqCoefCompDynDescr)"
6390158645,6400,459900,273,1,1,12,11,1,51,0.002,0.000,,,,,NVIDIA A100-SXM4-40GB MIG 4g.20gb (0),1,,13,"void channel_eq::eqMmseSoftDemapKernel<float, __half, __half, float, (unsigned int)4, (unsigned short)16383>(channel_eq::_puschRxChEqStatDescr *, channel_eq::_puschRxChEqSoftDemapDynDescr)"
6390166133,282493,459901,1,1,1,32,32,1,30,0.000,0.000,,,,,NVIDIA A100-SXM4-40GB MIG 4g.20gb (0),1,,13,"void convert_kernel<float2, __half2>(tensor_layout_any, T1 *, tensor_layout_any, const T2 *)"
6390449778,10912,459913,2253,1,1,128,1,1,16,0.000,0.000,,,,,NVIDIA A100-SXM4-40GB MIG 4g.20gb (0),1,,13,cupy_copy__float16_float16
6390463218,3488,459922,282,1,1,128,1,1,16,0.000,0.000,,,,,NVIDIA A100-SXM4-40GB MIG 4g.20gb (0),1,,13,cupy_copy__complex64_complex64
6390470289,2080,459931,26,1,1,128,1,1,16,0.000,0.000,,,,,NVIDIA A100-SXM4-40GB MIG 4g.20gb (0),1,,13,cupy_copy__float32_float32
6390474673,3264,459940,103,1,1,128,1,1,16,0.000,0.000,,,,,NVIDIA A100-SXM4-40GB MIG 4g.20gb (0),1,,13,cupy_copy__complex64_complex64
6390479857,12128,459950,1434,1,1,128,1,1,16,0.000,0.000,,,,,NVIDIA A100-SXM4-40GB MIG 4g.20gb (0),1,,13,cupy_copy__complex64_complex64
6390498545,87103,459955,1,1,1,32,32,1,30,0.000,0.000,,,,,NVIDIA A100-SXM4-40GB MIG 4g.20gb (0),1,,13,"void convert_kernel<__half2, float2>(tensor_layout_any, T1 *, tensor_layout_any, const T2 *)"
6390613296,5792,459958,,,,,,,,,,0.094,16176.708,Pinned,Device,NVIDIA A100-SXM4-40GB MIG 4g.20gb (0),1,,13,[CUDA memcpy Host-to-Device]
6390622800,599192,459959,,,,,,,,,,456.561,761544.482,Device,,NVIDIA A100-SXM4-40GB MIG 4g.20gb (0),1,,13,[CUDA memset]
6391230024,114431,459964,,,,,,,,,,1.235,10790.941,Pinned,Device,NVIDIA A100-SXM4-40GB MIG 4g.20gb (0),1,,13,[CUDA memcpy Host-to-Device]
6391353063,33087,459965,,,,,,,,,,0.197,5942.084,Pinned,Device,NVIDIA A100-SXM4-40GB MIG 4g.20gb (0),1,,13,[CUDA memcpy Host-to-Device]
6391400038,7936,459966,69,4,1,48,1,1,76,0.002,0.000,,,,,NVIDIA A100-SXM4-40GB MIG 4g.20gb (0),1,,13,"void ch_est::windowedChEstPreNoDftSOfdmKernel<float, __half, float, (unsigned int)2, (unsigned int)1, (unsigned short)4>(ch_est::puschRxChEstStatDescr_t *, ch_est::puschRxChEstDynDescr_t *)"
6391415622,6720,459967,137,2,1,24,2,1,44,0.001,0.001,,,,,NVIDIA A100-SXM4-40GB MIG 4g.20gb (0),1,,13,"void ch_est::chEstFilterNoDftSOfdmDispatchKernel<float, __half, float, (unsigned int)2>(ch_est::puschRxChEstStatDescr_t *, ch_est::puschRxChEstDynDescr_t *)"
6391429382,4736,459968,137,2,1,24,2,1,44,0.001,0.001,,,,,NVIDIA A100-SXM4-40GB MIG 4g.20gb (0),1,,13,"void ch_est::chEstFilterNoDftSOfdmDispatchKernel<float, __half, float, (unsigned int)2>(ch_est::puschRxChEstStatDescr_t *, ch_est::puschRxChEstDynDescr_t *)"
6391443205,2496,459979,103,1,1,128,1,1,16,0.000,0.000,,,,,NVIDIA A100-SXM4-40GB MIG 4g.20gb (0),1,,13,cupy_copy__complex64_complex64
6391460101,12768,459989,1434,1,1,128,1,1,16,0.000,0.000,,,,,NVIDIA A100-SXM4-40GB MIG 4g.20gb (0),1,,13,cupy_copy__complex64_complex64
6391498341,2560,459996,103,1,1,128,1,1,16,0.000,0.000,,,,,NVIDIA A100-SXM4-40GB MIG 4g.20gb (0),1,,13,cupy_copy__complex64_complex64
6391518181,82079,460003,1,1,1,32,32,1,30,0.000,0.000,,,,,NVIDIA A100-SXM4-40GB MIG 4g.20gb (0),1,,13,"void convert_kernel<__half2, float2>(tensor_layout_any, T1 *, tensor_layout_any, const T2 *)"
6391634275,14592,460006,,,,,,,,,,0.094,6420.987,Pinned,Device,NVIDIA A100-SXM4-40GB MIG 4g.20gb (0),1,,13,[CUDA memcpy Host-to-Device]
6391659075,46783,460007,,,,,,,,,,35.810,765437.040,Device,,NVIDIA A100-SXM4-40GB MIG 4g.20gb (0),1,,13,[CUDA memset]
6391710018,7168,460009,,,,,,,,,,0.000,11.161,Pinned,Device,NVIDIA A100-SXM4-40GB MIG 4g.20gb (0),1,,13,[CUDA memcpy Host-to-Device]
6391721346,16064,460010,,,,,,,,,,0.197,12238.848,Pinned,Device,NVIDIA A100-SXM4-40GB MIG 4g.20gb (0),1,,13,[CUDA memcpy Host-to-Device]
6391747010,12768,460011,273,1,1,48,1,1,40,0.000,0.001,,,,,NVIDIA A100-SXM4-40GB MIG 4g.20gb (0),1,,13,"void pusch_noise_intf_est::noiseIntfEstNoDftSOfdmKernel<float, __half, float, float, (unsigned int)2, (unsigned int)1, (unsigned char)4, (unsigned char)4>(pusch_noise_intf_est::puschRxNoiseIntfEstDynDescr)"
6391763714,2783,460022,35,1,1,128,1,1,16,0.000,0.000,,,,,NVIDIA A100-SXM4-40GB MIG 4g.20gb (0),1,,13,cupy_copy__complex64_complex64
6391771361,1824,460031,1,1,1,1,1,1,18,0.000,0.000,,,,,NVIDIA A100-SXM4-40GB MIG 4g.20gb (0),1,,13,cupy_copy__float32_float32
6391783329,6080,460037,,,,,,,,,,0.000,0.658,Device,Pageable,NVIDIA A100-SXM4-40GB MIG 4g.20gb (0),1,,7,[CUDA memcpy Device-to-Host]
6391859424,12640,460048,1434,1,1,128,1,1,16,0.000,0.000,,,,,NVIDIA A100-SXM4-40GB MIG 4g.20gb (0),1,,13,cupy_copy__complex64_complex64
6391892768,2976,460055,103,1,1,128,1,1,16,0.000,0.000,,,,,NVIDIA A100-SXM4-40GB MIG 4g.20gb (0),1,,13,cupy_copy__complex64_complex64
6391908800,2848,460062,35,1,1,128,1,1,16,0.000,0.000,,,,,NVIDIA A100-SXM4-40GB MIG 4g.20gb (0),1,,13,cupy_copy__complex64_complex64
6391924384,1983,460069,1,1,1,1,1,1,18,0.000,0.000,,,,,NVIDIA A100-SXM4-40GB MIG 4g.20gb (0),1,,13,cupy_copy__float32_float32
6392061502,90175,460080,1,1,1,32,32,1,30,0.000,0.000,,,,,NVIDIA A100-SXM4-40GB MIG 4g.20gb (0),1,,13,"void convert_kernel<__half2, float2>(tensor_layout_any, T1 *, tensor_layout_any, const T2 *)"
6392181084,9952,460083,,,,,,,,,,0.094,9414.761,Pinned,Device,NVIDIA A100-SXM4-40GB MIG 4g.20gb (0),1,,13,[CUDA memcpy Host-to-Device]
6392198332,3552,460084,,,,,,,,,,1.547,435422.601,Device,,NVIDIA A100-SXM4-40GB MIG 4g.20gb (0),1,,13,[CUDA memset]
6392202364,4896,460089,,,,,,,,,,0.031,6392.145,Pinned,Device,NVIDIA A100-SXM4-40GB MIG 4g.20gb (0),1,,13,[CUDA memcpy Host-to-Device]
6392211164,10656,460090,,,,,,,,,,0.197,18450.285,Pinned,Device,NVIDIA A100-SXM4-40GB MIG 4g.20gb (0),1,,13,[CUDA memcpy Host-to-Device]
6392228476,8160,460091,273,1,1,8,4,1,39,0.002,0.000,,,,,NVIDIA A100-SXM4-40GB MIG 4g.20gb (0),1,,13,"void channel_eq::eqMmseCoefCompLowMimoKernel<float, float, float, (unsigned int)4, (unsigned int)1, (unsigned int)4>(const channel_eq::_puschRxChEqStatDescr *, channel_eq::_puschRxChEqCoefCompDynDescr)"
6392240540,6272,460092,273,1,1,12,11,1,51,0.002,0.000,,,,,NVIDIA A100-SXM4-40GB MIG 4g.20gb (0),1,,13,"void channel_eq::eqMmseSoftDemapKernel<float, __half, __half, float, (unsigned int)4, (unsigned short)16383>(channel_eq::_puschRxChEqStatDescr *, channel_eq::_puschRxChEqSoftDemapDynDescr)"
6392248412,282940,460093,1,1,1,32,32,1,30,0.000,0.000,,,,,NVIDIA A100-SXM4-40GB MIG 4g.20gb (0),1,,13,"void convert_kernel<float2, __half2>(tensor_layout_any, T1 *, tensor_layout_any, const T2 *)"
6392533880,11168,460105,2253,1,1,128,1,1,16,0.000,0.000,,,,,NVIDIA A100-SXM4-40GB MIG 4g.20gb (0),1,,13,cupy_copy__float16_float16
6392548568,3136,460114,282,1,1,128,1,1,16,0.000,0.000,,,,,NVIDIA A100-SXM4-40GB MIG 4g.20gb (0),1,,13,cupy_copy__complex64_complex64
6392555224,2304,460123,26,1,1,128,1,1,16,0.000,0.000,,,,,NVIDIA A100-SXM4-40GB MIG 4g.20gb (0),1,,13,cupy_copy__float32_float32
6392560824,4576,460132,103,1,1,128,1,1,16,0.000,0.000,,,,,NVIDIA A100-SXM4-40GB MIG 4g.20gb (0),1,,13,cupy_copy__complex64_complex64
6392568600,12191,460142,1434,1,1,128,1,1,16,0.000,0.000,,,,,NVIDIA A100-SXM4-40GB MIG 4g.20gb (0),1,,13,cupy_copy__complex64_complex64
6392583159,86943,460147,1,1,1,32,32,1,30,0.000,0.000,,,,,NVIDIA A100-SXM4-40GB MIG 4g.20gb (0),1,,13,"void convert_kernel<__half2, float2>(tensor_layout_any, T1 *, tensor_layout_any, const T2 *)"
6392697910,5504,460150,,,,,,,,,,0.094,17023.251,Pinned,Device,NVIDIA A100-SXM4-40GB MIG 4g.20gb (0),1,,13,[CUDA memcpy Host-to-Device]
6392708182,594425,460151,,,,,,,,,,456.561,767936.342,Device,,NVIDIA A100-SXM4-40GB MIG 4g.20gb (0),1,,13,[CUDA memset]
6393306926,127487,460156,,,,,,,,,,1.235,9685.666,Pinned,Device,NVIDIA A100-SXM4-40GB MIG 4g.20gb (0),1,,13,[CUDA memcpy Host-to-Device]
6393449645,39935,460157,,,,,,,,,,0.197,4923.064,Pinned,Device,NVIDIA A100-SXM4-40GB MIG 4g.20gb (0),1,,13,[CUDA memcpy Host-to-Device]
6393510860,7936,460158,69,4,1,48,1,1,76,0.002,0.000,,,,,NVIDIA A100-SXM4-40GB MIG 4g.20gb (0),1,,13,"void ch_est::windowedChEstPreNoDftSOfdmKernel<float, __half, float, (unsigned int)2, (unsigned int)1, (unsigned short)4>(ch_est::puschRxChEstStatDescr_t *, ch_est::puschRxChEstDynDescr_t *)"
6393530188,6720,460159,137,2,1,24,2,1,44,0.001,0.001,,,,,NVIDIA A100-SXM4-40GB MIG 4g.20gb (0),1,,13,"void ch_est::chEstFilterNoDftSOfdmDispatchKernel<float, __half, float, (unsigned int)2>(ch_est::puschRxChEstStatDescr_t *, ch_est::puschRxChEstDynDescr_t *)"
6393547243,4736,460160,137,2,1,24,2,1,44,0.001,0.001,,,,,NVIDIA A100-SXM4-40GB MIG 4g.20gb (0),1,,13,"void ch_est::chEstFilterNoDftSOfdmDispatchKernel<float, __half, float, (unsigned int)2>(ch_est::puschRxChEstStatDescr_t *, ch_est::puschRxChEstDynDescr_t *)"
6393564331,2688,460171,103,1,1,128,1,1,16,0.000,0.000,,,,,NVIDIA A100-SXM4-40GB MIG 4g.20gb (0),1,,13,cupy_copy__complex64_complex64
6393581067,12384,460181,1434,1,1,128,1,1,16,0.000,0.000,,,,,NVIDIA A100-SXM4-40GB MIG 4g.20gb (0),1,,13,cupy_copy__complex64_complex64
6393606315,2528,460188,103,1,1,128,1,1,16,0.000,0.000,,,,,NVIDIA A100-SXM4-40GB MIG 4g.20gb (0),1,,13,cupy_copy__complex64_complex64
6393628746,88255,460195,1,1,1,32,32,1,30,0.000,0.000,,,,,NVIDIA A100-SXM4-40GB MIG 4g.20gb (0),1,,13,"void convert_kernel<__half2, float2>(tensor_layout_any, T1 *, tensor_layout_any, const T2 *)"
6393751401,20512,460198,,,,,,,,,,0.094,4567.774,Pinned,Device,NVIDIA A100-SXM4-40GB MIG 4g.20gb (0),1,,13,[CUDA memcpy Host-to-Device]
6393786281,47231,460199,,,,,,,,,,35.810,758167.626,Device,,NVIDIA A100-SXM4-40GB MIG 4g.20gb (0),1,,13,[CUDA memset]
6393839464,13216,460201,,,,,,,,,,0.000,6.053,Pinned,Device,NVIDIA A100-SXM4-40GB MIG 4g.20gb (0),1,,13,[CUDA memcpy Host-to-Device]
6393859112,23775,460202,,,,,,,,,,0.197,8269.332,Pinned,Device,NVIDIA A100-SXM4-40GB MIG 4g.20gb (0),1,,13,[CUDA memcpy Host-to-Device]
6393897031,9472,460203,273,1,1,48,1,1,40,0.000,0.001,,,,,NVIDIA A100-SXM4-40GB MIG 4g.20gb (0),1,,13,"void pusch_noise_intf_est::noiseIntfEstNoDftSOfdmKernel<float, __half, float, float, (unsigned int)2, (unsigned int)1, (unsigned char)4, (unsigned char)4>(pusch_noise_intf_est::puschRxNoiseIntfEstDynDescr)"
6393914471,2848,460214,35,1,1,128,1,1,16,0.000,0.000,,,,,NVIDIA A100-SXM4-40GB MIG 4g.20gb (0),1,,13,cupy_copy__complex64_complex64
6393926503,1760,460223,1,1,1,1,1,1,18,0.000,0.000,,,,,NVIDIA A100-SXM4-40GB MIG 4g.20gb (0),1,,13,cupy_copy__float32_float32
6393933351,4160,460229,,,,,,,,,,0.000,0.962,Device,Pageable,NVIDIA A100-SXM4-40GB MIG 4g.20gb (0),1,,7,[CUDA memcpy Device-to-Host]
6394008710,13216,460240,1434,1,1,128,1,1,16,0.000,0.000,,,,,NVIDIA A100-SXM4-40GB MIG 4g.20gb (0),1,,13,cupy_copy__complex64_complex64
6394039973,3040,460247,103,1,1,128,1,1,16,0.000,0.000,,,,,NVIDIA A100-SXM4-40GB MIG 4g.20gb (0),1,,13,cupy_copy__complex64_complex64
6394055397,2304,460254,35,1,1,128,1,1,16,0.000,0.000,,,,,NVIDIA A100-SXM4-40GB MIG 4g.20gb (0),1,,13,cupy_copy__complex64_complex64
6394071205,1888,460261,1,1,1,1,1,1,18,0.000,0.000,,,,,NVIDIA A100-SXM4-40GB MIG 4g.20gb (0),1,,13,cupy_copy__float32_float32
6394203203,81951,460272,1,1,1,32,32,1,30,0.000,0.000,,,,,NVIDIA A100-SXM4-40GB MIG 4g.20gb (0),1,,13,"void convert_kernel<__half2, float2>(tensor_layout_any, T1 *, tensor_layout_any, const T2 *)"
6394312290,5792,460275,,,,,,,,,,0.094,16176.708,Pinned,Device,NVIDIA A100-SXM4-40GB MIG 4g.20gb (0),1,,13,[CUDA memcpy Host-to-Device]
6394326498,3360,460276,,,,,,,,,,1.547,460304.688,Device,,NVIDIA A100-SXM4-40GB MIG 4g.20gb (0),1,,13,[CUDA memset]
6394333634,3168,460281,,,,,,,,,,0.031,9878.770,Pinned,Device,NVIDIA A100-SXM4-40GB MIG 4g.20gb (0),1,,13,[CUDA memcpy Host-to-Device]
6394339682,9440,460282,,,,,,,,,,0.197,20827.079,Pinned,Device,NVIDIA A100-SXM4-40GB MIG 4g.20gb (0),1,,13,[CUDA memcpy Host-to-Device]
6394354498,6527,460283,273,1,1,8,4,1,39,0.002,0.000,,,,,NVIDIA A100-SXM4-40GB MIG 4g.20gb (0),1,,13,"void channel_eq::eqMmseCoefCompLowMimoKernel<float, float, float, (unsigned int)4, (unsigned int)1, (unsigned int)4>(const channel_eq::_puschRxChEqStatDescr *, channel_eq::_puschRxChEqCoefCompDynDescr)"
6394361985,5984,460284,273,1,1,12,11,1,51,0.002,0.000,,,,,NVIDIA A100-SXM4-40GB MIG 4g.20gb (0),1,,13,"void channel_eq::eqMmseSoftDemapKernel<float, __half, __half, float, (unsigned int)4, (unsigned short)16383>(channel_eq::_puschRxChEqStatDescr *, channel_eq::_puschRxChEqSoftDemapDynDescr)"
6394368929,289629,460285,1,1,1,32,32,1,30,0.000,0.000,,,,,NVIDIA A100-SXM4-40GB MIG 4g.20gb (0),1,,13,"void convert_kernel<float2, __half2>(tensor_layout_any, T1 *, tensor_layout_any, const T2 *)"
6394660190,10880,460297,2253,1,1,128,1,1,16,0.000,0.000,,,,,NVIDIA A100-SXM4-40GB MIG 4g.20gb (0),1,,13,cupy_copy__float16_float16
6394675230,3072,460306,282,1,1,128,1,1,16,0.000,0.000,,,,,NVIDIA A100-SXM4-40GB MIG 4g.20gb (0),1,,13,cupy_copy__complex64_complex64
6394680222,2303,460315,26,1,1,128,1,1,16,0.000,0.000,,,,,NVIDIA A100-SXM4-40GB MIG 4g.20gb (0),1,,13,cupy_copy__float32_float32
6394683581,4672,460324,103,1,1,128,1,1,16,0.000,0.000,,,,,NVIDIA A100-SXM4-40GB MIG 4g.20gb (0),1,,13,cupy_copy__complex64_complex64
6394689405,11808,460334,1434,1,1,128,1,1,16,0.000,0.000,,,,,NVIDIA A100-SXM4-40GB MIG 4g.20gb (0),1,,13,cupy_copy__complex64_complex64
6394704221,82335,460339,1,1,1,32,32,1,30,0.000,0.000,,,,,NVIDIA A100-SXM4-40GB MIG 4g.20gb (0),1,,13,"void convert_kernel<__half2, float2>(tensor_layout_any, T1 *, tensor_layout_any, const T2 *)"
6394813084,5568,460342,,,,,,,,,,0.094,16827.521,Pinned,Device,NVIDIA A100-SXM4-40GB MIG 4g.20gb (0),1,,13,[CUDA memcpy Host-to-Device]
6394822940,597368,460343,,,,,,,,,,456.561,764283.851,Device,,NVIDIA A100-SXM4-40GB MIG 4g.20gb (0),1,,13,[CUDA memset]
6395428372,103007,460348,,,,,,,,,,1.235,11988.836,Pinned,Device,NVIDIA A100-SXM4-40GB MIG 4g.20gb (0),1,,13,[CUDA memcpy Host-to-Device]
6395537939,25280,460349,,,,,,,,,,0.197,7777.026,Pinned,Device,NVIDIA A100-SXM4-40GB MIG 4g.20gb (0),1,,13,[CUDA memcpy Host-to-Device]
6395589810,8064,460350,69,4,1,48,1,1,76,0.002,0.000,,,,,NVIDIA A100-SXM4-40GB MIG 4g.20gb (0),1,,13,"void ch_est::windowedChEstPreNoDftSOfdmKernel<float, __half, float, (unsigned int)2, (unsigned int)1, (unsigned short)4>(ch_est::puschRxChEstStatDescr_t *, ch_est::puschRxChEstDynDescr_t *)"
6395602386,7328,460351,137,2,1,24,2,1,44,0.001,0.001,,,,,NVIDIA A100-SXM4-40GB MIG 4g.20gb (0),1,,13,"void ch_est::chEstFilterNoDftSOfdmDispatchKernel<float, __half, float, (unsigned int)2>(ch_est::puschRxChEstStatDescr_t *, ch_est::puschRxChEstDynDescr_t *)"
6395618642,5504,460352,137,2,1,24,2,1,44,0.001,0.001,,,,,NVIDIA A100-SXM4-40GB MIG 4g.20gb (0),1,,13,"void ch_est::chEstFilterNoDftSOfdmDispatchKernel<float, __half, float, (unsigned int)2>(ch_est::puschRxChEstStatDescr_t *, ch_est::puschRxChEstDynDescr_t *)"
6395636882,2784,460363,103,1,1,128,1,1,16,0.000,0.000,,,,,NVIDIA A100-SXM4-40GB MIG 4g.20gb (0),1,,13,cupy_copy__complex64_complex64
6395649266,12447,460373,1434,1,1,128,1,1,16,0.000,0.000,,,,,NVIDIA A100-SXM4-40GB MIG 4g.20gb (0),1,,13,cupy_copy__complex64_complex64
6395668081,2912,460380,103,1,1,128,1,1,16,0.000,0.000,,,,,NVIDIA A100-SXM4-40GB MIG 4g.20gb (0),1,,13,cupy_copy__complex64_complex64
6395693041,89343,460387,1,1,1,32,32,1,30,0.000,0.000,,,,,NVIDIA A100-SXM4-40GB MIG 4g.20gb (0),1,,13,"void convert_kernel<__half2, float2>(tensor_layout_any, T1 *, tensor_layout_any, const T2 *)"
6395816591,23392,460390,,,,,,,,,,0.094,4005.410,Pinned,Device,NVIDIA A100-SXM4-40GB MIG 4g.20gb (0),1,,13,[CUDA memcpy Host-to-Device]
6395854447,47391,460391,,,,,,,,,,35.810,755625.122,Device,,NVIDIA A100-SXM4-40GB MIG 4g.20gb (0),1,,13,[CUDA memset]
6395906830,14944,460393,,,,,,,,,,0.000,5.353,Pinned,Device,NVIDIA A100-SXM4-40GB MIG 4g.20gb (0),1,,13,[CUDA memcpy Host-to-Device]
6395933134,28192,460394,,,,,,,,,,0.197,6973.882,Pinned,Device,NVIDIA A100-SXM4-40GB MIG 4g.20gb (0),1,,13,[CUDA memcpy Host-to-Device]
6395981005,9376,460395,273,1,1,48,1,1,40,0.000,0.001,,,,,NVIDIA A100-SXM4-40GB MIG 4g.20gb (0),1,,13,"void pusch_noise_intf_est::noiseIntfEstNoDftSOfdmKernel<float, __half, float, float, (unsigned int)2, (unsigned int)1, (unsigned char)4, (unsigned char)4>(pusch_noise_intf_est::puschRxNoiseIntfEstDynDescr)"
6395997549,2784,460406,35,1,1,128,1,1,16,0.000,0.000,,,,,NVIDIA A100-SXM4-40GB MIG 4g.20gb (0),1,,13,cupy_copy__complex64_complex64
6396014541,1696,460415,1,1,1,1,1,1,18,0.000,0.000,,,,,NVIDIA A100-SXM4-40GB MIG 4g.20gb (0),1,,13,cupy_copy__float32_float32
6396016909,8800,460421,,,,,,,,,,0.000,0.455,Device,Pageable,NVIDIA A100-SXM4-40GB MIG 4g.20gb (0),1,,7,[CUDA memcpy Device-to-Host]
6396107724,12576,460432,1434,1,1,128,1,1,16,0.000,0.000,,,,,NVIDIA A100-SXM4-40GB MIG 4g.20gb (0),1,,13,cupy_copy__complex64_complex64
6396130860,3360,460439,103,1,1,128,1,1,16,0.000,0.000,,,,,NVIDIA A100-SXM4-40GB MIG 4g.20gb (0),1,,13,cupy_copy__complex64_complex64
6396153451,2560,460446,35,1,1,128,1,1,16,0.000,0.000,,,,,NVIDIA A100-SXM4-40GB MIG 4g.20gb (0),1,,13,cupy_copy__complex64_complex64
6396186667,1792,460453,1,1,1,1,1,1,18,0.000,0.000,,,,,NVIDIA A100-SXM4-40GB MIG 4g.20gb (0),1,,13,cupy_copy__float32_float32
6396317769,86943,460464,1,1,1,32,32,1,30,0.000,0.000,,,,,NVIDIA A100-SXM4-40GB MIG 4g.20gb (0),1,,13,"void convert_kernel<__half2, float2>(tensor_layout_any, T1 *, tensor_layout_any, const T2 *)"
6396433416,14592,460467,,,,,,,,,,0.094,6420.987,Pinned,Device,NVIDIA A100-SXM4-40GB MIG 4g.20gb (0),1,,13,[CUDA memcpy Host-to-Device]
6396465959,3392,460468,,,,,,,,,,1.547,455961.768,Device,,NVIDIA A100-SXM4-40GB MIG 4g.20gb (0),1,,13,[CUDA memset]
6396472135,3168,460473,,,,,,,,,,0.031,9878.770,Pinned,Device,NVIDIA A100-SXM4-40GB MIG 4g.20gb (0),1,,13,[CUDA memcpy Host-to-Device]
6396483655,9504,460474,,,,,,,,,,0.197,20686.701,Pinned,Device,NVIDIA A100-SXM4-40GB MIG 4g.20gb (0),1,,13,[CUDA memcpy Host-to-Device]
6396500071,6432,460475,273,1,1,8,4,1,39,0.002,0.000,,,,,NVIDIA A100-SXM4-40GB MIG 4g.20gb (0),1,,13,"void channel_eq::eqMmseCoefCompLowMimoKernel<float, float, float, (unsigned int)4, (unsigned int)1, (unsigned int)4>(const channel_eq::_puschRxChEqStatDescr *, channel_eq::_puschRxChEqCoefCompDynDescr)"
6396508551,6560,460476,273,1,1,12,11,1,51,0.002,0.000,,,,,NVIDIA A100-SXM4-40GB MIG 4g.20gb (0),1,,13,"void channel_eq::eqMmseSoftDemapKernel<float, __half, __half, float, (unsigned int)4, (unsigned short)16383>(channel_eq::_puschRxChEqStatDescr *, channel_eq::_puschRxChEqSoftDemapDynDescr)"
6396520551,292924,460477,1,1,1,32,32,1,30,0.000,0.000,,,,,NVIDIA A100-SXM4-40GB MIG 4g.20gb (0),1,,13,"void convert_kernel<float2, __half2>(tensor_layout_any, T1 *, tensor_layout_any, const T2 *)"
6396817347,11040,460489,2253,1,1,128,1,1,16,0.000,0.000,,,,,NVIDIA A100-SXM4-40GB MIG 4g.20gb (0),1,,13,cupy_copy__float16_float16
6396832579,3712,460498,282,1,1,128,1,1,16,0.000,0.000,,,,,NVIDIA A100-SXM4-40GB MIG 4g.20gb (0),1,,13,cupy_copy__complex64_complex64
6396838627,2272,460507,26,1,1,128,1,1,16,0.000,0.000,,,,,NVIDIA A100-SXM4-40GB MIG 4g.20gb (0),1,,13,cupy_copy__float32_float32
6396842531,2816,460516,103,1,1,128,1,1,16,0.000,0.000,,,,,NVIDIA A100-SXM4-40GB MIG 4g.20gb (0),1,,13,cupy_copy__complex64_complex64
6396846467,12256,460526,1434,1,1,128,1,1,16,0.000,0.000,,,,,NVIDIA A100-SXM4-40GB MIG 4g.20gb (0),1,,13,cupy_copy__complex64_complex64
6396863203,86783,460531,1,1,1,32,32,1,30,0.000,0.000,,,,,NVIDIA A100-SXM4-40GB MIG 4g.20gb (0),1,,13,"void convert_kernel<__half2, float2>(tensor_layout_any, T1 *, tensor_layout_any, const T2 *)"
6396977185,5632,460534,,,,,,,,,,0.094,16636.287,Pinned,Device,NVIDIA A100-SXM4-40GB MIG 4g.20gb (0),1,,13,[CUDA memcpy Host-to-Device]
6396987073,596441,460535,,,,,,,,,,456.561,765196.973,Device,,NVIDIA A100-SXM4-40GB MIG 4g.20gb (0),1,,13,[CUDA memset]
6397586042,137662,460540,,,,,,,,,,1.235,8970.633,Pinned,Device,NVIDIA A100-SXM4-40GB MIG 4g.20gb (0),1,,13,[CUDA memcpy Host-to-Device]
6397735000,40511,460541,,,,,,,,,,0.197,4853.072,Pinned,Device,NVIDIA A100-SXM4-40GB MIG 4g.20gb (0),1,,13,[CUDA memcpy Host-to-Device]
6397800247,7808,460542,69,4,1,48,1,1,76,0.002,0.000,,,,,NVIDIA A100-SXM4-40GB MIG 4g.20gb (0),1,,13,"void ch_est::windowedChEstPreNoDftSOfdmKernel<float, __half, float, (unsigned int)2, (unsigned int)1, (unsigned short)4>(ch_est::puschRxChEstStatDescr_t *, ch_est::puschRxChEstDynDescr_t *)"
6397821623,6592,460543,137,2,1,24,2,1,44,0.001,0.001,,,,,NVIDIA A100-SXM4-40GB MIG 4g.20gb (0),1,,13,"void ch_est::chEstFilterNoDftSOfdmDispatchKernel<float, __half, float, (unsigned int)2>(ch_est::puschRxChEstStatDescr_t *, ch_est::puschRxChEstDynDescr_t *)"
6397837495,4736,460544,137,2,1,24,2,1,44,0.001,0.001,,,,,NVIDIA A100-SXM4-40GB MIG 4g.20gb (0),1,,13,"void ch_est::chEstFilterNoDftSOfdmDispatchKernel<float, __half, float, (unsigned int)2>(ch_est::puschRxChEstStatDescr_t *, ch_est::puschRxChEstDynDescr_t *)"
6397852534,2816,460555,103,1,1,128,1,1,16,0.000,0.000,,,,,NVIDIA A100-SXM4-40GB MIG 4g.20gb (0),1,,13,cupy_copy__complex64_complex64
6397866134,12832,460565,1434,1,1,128,1,1,16,0.000,0.000,,,,,NVIDIA A100-SXM4-40GB MIG 4g.20gb (0),1,,13,cupy_copy__complex64_complex64
6397890838,2656,460572,103,1,1,128,1,1,16,0.000,0.000,,,,,NVIDIA A100-SXM4-40GB MIG 4g.20gb (0),1,,13,cupy_copy__complex64_complex64
6397901110,82815,460579,1,1,1,32,32,1,30,0.000,0.000,,,,,NVIDIA A100-SXM4-40GB MIG 4g.20gb (0),1,,13,"void convert_kernel<__half2, float2>(tensor_layout_any, T1 *, tensor_layout_any, const T2 *)"
6398010868,6176,460582,,,,,,,,,,0.094,15170.975,Pinned,Device,NVIDIA A100-SXM4-40GB MIG 4g.20gb (0),1,,13,[CUDA memcpy Host-to-Device]
6398023476,46432,460583,,,,,,,,,,35.810,771202.437,Device,,NVIDIA A100-SXM4-40GB MIG 4g.20gb (0),1,,13,[CUDA memset]
6398076724,4896,460585,,,,,,,,,,0.000,16.340,Pinned,Device,NVIDIA A100-SXM4-40GB MIG 4g.20gb (0),1,,13,[CUDA memcpy Host-to-Device]
6398085620,13023,460586,,,,,,,,,,0.197,15096.938,Pinned,Device,NVIDIA A100-SXM4-40GB MIG 4g.20gb (0),1,,13,[CUDA memcpy Host-to-Device]
6398106291,10368,460587,273,1,1,48,1,1,40,0.000,0.001,,,,,NVIDIA A100-SXM4-40GB MIG 4g.20gb (0),1,,13,"void pusch_noise_intf_est::noiseIntfEstNoDftSOfdmKernel<float, __half, float, float, (unsigned int)2, (unsigned int)1, (unsigned char)4, (unsigned char)4>(pusch_noise_intf_est::puschRxNoiseIntfEstDynDescr)"
6398120435,2944,460598,35,1,1,128,1,1,16,0.000,0.000,,,,,NVIDIA A100-SXM4-40GB MIG 4g.20gb (0),1,,13,cupy_copy__complex64_complex64
6398131923,1920,460607,1,1,1,1,1,1,18,0.000,0.000,,,,,NVIDIA A100-SXM4-40GB MIG 4g.20gb (0),1,,13,cupy_copy__float32_float32
6398162675,1600,460613,,,,,,,,,,0.000,2.500,Device,Pageable,NVIDIA A100-SXM4-40GB MIG 4g.20gb (0),1,,7,[CUDA memcpy Device-to-Host]
6398221970,12896,460624,1434,1,1,128,1,1,16,0.000,0.000,,,,,NVIDIA A100-SXM4-40GB MIG 4g.20gb (0),1,,13,cupy_copy__complex64_complex64
6398249585,2880,460631,103,1,1,128,1,1,16,0.000,0.000,,,,,NVIDIA A100-SXM4-40GB MIG 4g.20gb (0),1,,13,cupy_copy__complex64_complex64
6398274609,2400,460638,35,1,1,128,1,1,16,0.000,0.000,,,,,NVIDIA A100-SXM4-40GB MIG 4g.20gb (0),1,,13,cupy_copy__complex64_complex64
6398292433,1792,460645,1,1,1,1,1,1,18,0.000,0.000,,,,,NVIDIA A100-SXM4-40GB MIG 4g.20gb (0),1,,13,cupy_copy__float32_float32
6398425071,87551,460656,1,1,1,32,32,1,30,0.000,0.000,,,,,NVIDIA A100-SXM4-40GB MIG 4g.20gb (0),1,,13,"void convert_kernel<__half2, float2>(tensor_layout_any, T1 *, tensor_layout_any, const T2 *)"
6398539918,5632,460659,,,,,,,,,,0.094,16636.287,Pinned,Device,NVIDIA A100-SXM4-40GB MIG 4g.20gb (0),1,,13,[CUDA memcpy Host-to-Device]
6398553966,3680,460660,,,,,,,,,,1.547,420278.059,Device,,NVIDIA A100-SXM4-40GB MIG 4g.20gb (0),1,,13,[CUDA memset]
6398560878,3392,460665,,,,,,,,,,0.031,9226.405,Pinned,Device,NVIDIA A100-SXM4-40GB MIG 4g.20gb (0),1,,13,[CUDA memcpy Host-to-Device]
6398566670,9567,460666,,,,,,,,,,0.197,20550.451,Pinned,Device,NVIDIA A100-SXM4-40GB MIG 4g.20gb (0),1,,13,[CUDA memcpy Host-to-Device]
6398582253,6336,460667,273,1,1,8,4,1,39,0.002,0.000,,,,,NVIDIA A100-SXM4-40GB MIG 4g.20gb (0),1,,13,"void channel_eq::eqMmseCoefCompLowMimoKernel<float, float, float, (unsigned int)4, (unsigned int)1, (unsigned int)4>(const channel_eq::_puschRxChEqStatDescr *, channel_eq::_puschRxChEqCoefCompDynDescr)"
6398589869,6272,460668,273,1,1,12,11,1,51,0.002,0.000,,,,,NVIDIA A100-SXM4-40GB MIG 4g.20gb (0),1,,13,"void channel_eq::eqMmseSoftDemapKernel<float, __half, __half, float, (unsigned int)4, (unsigned short)16383>(channel_eq::_puschRxChEqStatDescr *, channel_eq::_puschRxChEqSoftDemapDynDescr)"
6398597613,282237,460669,1,1,1,32,32,1,30,0.000,0.000,,,,,NVIDIA A100-SXM4-40GB MIG 4g.20gb (0),1,,13,"void convert_kernel<float2, __half2>(tensor_layout_any, T1 *, tensor_layout_any, const T2 *)"
6398881898,10976,460681,2253,1,1,128,1,1,16,0.000,0.000,,,,,NVIDIA A100-SXM4-40GB MIG 4g.20gb (0),1,,13,cupy_copy__float16_float16
6398894410,3103,460690,282,1,1,128,1,1,16,0.000,0.000,,,,,NVIDIA A100-SXM4-40GB MIG 4g.20gb (0),1,,13,cupy_copy__complex64_complex64
6398902505,2112,460699,26,1,1,128,1,1,16,0.000,0.000,,,,,NVIDIA A100-SXM4-40GB MIG 4g.20gb (0),1,,13,cupy_copy__float32_float32
6398906345,3104,460708,103,1,1,128,1,1,16,0.000,0.000,,,,,NVIDIA A100-SXM4-40GB MIG 4g.20gb (0),1,,13,cupy_copy__complex64_complex64
6398910409,12096,460718,1434,1,1,128,1,1,16,0.000,0.000,,,,,NVIDIA A100-SXM4-40GB MIG 4g.20gb (0),1,,13,cupy_copy__complex64_complex64
6398934601,82015,460723,1,1,1,32,32,1,30,0.000,0.000,,,,,NVIDIA A100-SXM4-40GB MIG 4g.20gb (0),1,,13,"void convert_kernel<__half2, float2>(tensor_layout_any, T1 *, tensor_layout_any, const T2 *)"
6399043688,5696,460726,,,,,,,,,,0.094,16449.363,Pinned,Device,NVIDIA A100-SXM4-40GB MIG 4g.20gb (0),1,,13,[CUDA memcpy Host-to-Device]
6399053960,595832,460727,,,,,,,,,,456.561,766110.096,Device,,NVIDIA A100-SXM4-40GB MIG 4g.20gb (0),1,,13,[CUDA memset]
6399660224,153758,460732,,,,,,,,,,1.235,8030.841,Pinned,Device,NVIDIA A100-SXM4-40GB MIG 4g.20gb (0),1,,13,[CUDA memcpy Host-to-Device]
6399824958,38496,460733,,,,,,,,,,0.197,5107.089,Pinned,Device,NVIDIA A100-SXM4-40GB MIG 4g.20gb (0),1,,13,[CUDA memcpy Host-to-Device]
6399891421,8064,460734,69,4,1,48,1,1,76,0.002,0.000,,,,,NVIDIA A100-SXM4-40GB MIG 4g.20gb (0),1,,13,"void ch_est::windowedChEstPreNoDftSOfdmKernel<float, __half, float, (unsigned int)2, (unsigned int)1, (unsigned short)4>(ch_est::puschRxChEstStatDescr_t *, ch_est::puschRxChEstDynDescr_t *)"
6399908605,6592,460735,137,2,1,24,2,1,44,0.001,0.001,,,,,NVIDIA A100-SXM4-40GB MIG 4g.20gb (0),1,,13,"void ch_est::chEstFilterNoDftSOfdmDispatchKernel<float, __half, float, (unsigned int)2>(ch_est::puschRxChEstStatDescr_t *, ch_est::puschRxChEstDynDescr_t *)"
6399924669,4800,460736,137,2,1,24,2,1,44,0.001,0.001,,,,,NVIDIA A100-SXM4-40GB MIG 4g.20gb (0),1,,13,"void ch_est::chEstFilterNoDftSOfdmDispatchKernel<float, __half, float, (unsigned int)2>(ch_est::puschRxChEstStatDescr_t *, ch_est::puschRxChEstDynDescr_t *)"
6399948541,2495,460747,103,1,1,128,1,1,16,0.000,0.000,,,,,NVIDIA A100-SXM4-40GB MIG 4g.20gb (0),1,,13,cupy_copy__complex64_complex64
6399969372,12416,460757,1434,1,1,128,1,1,16,0.000,0.000,,,,,NVIDIA A100-SXM4-40GB MIG 4g.20gb (0),1,,13,cupy_copy__complex64_complex64
6399991132,2560,460764,103,1,1,128,1,1,16,0.000,0.000,,,,,NVIDIA A100-SXM4-40GB MIG 4g.20gb (0),1,,13,cupy_copy__complex64_complex64
6400013116,85887,460771,1,1,1,32,32,1,30,0.000,0.000,,,,,NVIDIA A100-SXM4-40GB MIG 4g.20gb (0),1,,13,"void convert_kernel<__half2, float2>(tensor_layout_any, T1 *, tensor_layout_any, const T2 *)"
6400126330,22112,460774,,,,,,,,,,0.094,4237.308,Pinned,Device,NVIDIA A100-SXM4-40GB MIG 4g.20gb (0),1,,13,[CUDA memcpy Host-to-Device]
6400157626,46751,460775,,,,,,,,,,35.810,765938.379,Device,,NVIDIA A100-SXM4-40GB MIG 4g.20gb (0),1,,13,[CUDA memset]
6400210361,5344,460777,,,,,,,,,,0.000,14.970,Pinned,Device,NVIDIA A100-SXM4-40GB MIG 4g.20gb (0),1,,13,[CUDA memcpy Host-to-Device]
6400226233,17632,460778,,,,,,,,,,0.197,11150.623,Pinned,Device,NVIDIA A100-SXM4-40GB MIG 4g.20gb (0),1,,13,[CUDA memcpy Host-to-Device]
6400261113,9952,460779,273,1,1,48,1,1,40,0.000,0.001,,,,,NVIDIA A100-SXM4-40GB MIG 4g.20gb (0),1,,13,"void pusch_noise_intf_est::noiseIntfEstNoDftSOfdmKernel<float, __half, float, float, (unsigned int)2, (unsigned int)1, (unsigned char)4, (unsigned char)4>(pusch_noise_intf_est::puschRxNoiseIntfEstDynDescr)"
6400278296,2816,460790,35,1,1,128,1,1,16,0.000,0.000,,,,,NVIDIA A100-SXM4-40GB MIG 4g.20gb (0),1,,13,cupy_copy__complex64_complex64
6400285528,1952,460799,1,1,1,1,1,1,18,0.000,0.000,,,,,NVIDIA A100-SXM4-40GB MIG 4g.20gb (0),1,,13,cupy_copy__float32_float32
6400294360,2656,460805,,,,,,,,,,0.000,1.506,Device,Pageable,NVIDIA A100-SXM4-40GB MIG 4g.20gb (0),1,,7,[CUDA memcpy Device-to-Host]
6400359479,13216,460816,1434,1,1,128,1,1,16,0.000,0.000,,,,,NVIDIA A100-SXM4-40GB MIG 4g.20gb (0),1,,13,cupy_copy__complex64_complex64
6400389655,3488,460823,103,1,1,128,1,1,16,0.000,0.000,,,,,NVIDIA A100-SXM4-40GB MIG 4g.20gb (0),1,,13,cupy_copy__complex64_complex64
6400409591,2304,460830,35,1,1,128,1,1,16,0.000,0.000,,,,,NVIDIA A100-SXM4-40GB MIG 4g.20gb (0),1,,13,cupy_copy__complex64_complex64
6400428279,1824,460837,1,1,1,1,1,1,18,0.000,0.000,,,,,NVIDIA A100-SXM4-40GB MIG 4g.20gb (0),1,,13,cupy_copy__float32_float32
6400561269,82015,460848,1,1,1,32,32,1,30,0.000,0.000,,,,,NVIDIA A100-SXM4-40GB MIG 4g.20gb (0),1,,13,"void convert_kernel<__half2, float2>(tensor_layout_any, T1 *, tensor_layout_any, const T2 *)"
6400671092,5504,460851,,,,,,,,,,0.094,17023.251,Pinned,Device,NVIDIA A100-SXM4-40GB MIG 4g.20gb (0),1,,13,[CUDA memcpy Host-to-Device]
6400685203,3232,460852,,,,,,,,,,1.547,478533.199,Device,,NVIDIA A100-SXM4-40GB MIG 4g.20gb (0),1,,13,[CUDA memset]
6400692179,3008,460857,,,,,,,,,,0.031,10404.230,Pinned,Device,NVIDIA A100-SXM4-40GB MIG 4g.20gb (0),1,,13,[CUDA memcpy Host-to-Device]
6400697683,9888,460858,,,,,,,,,,0.197,19883.360,Pinned,Device,NVIDIA A100-SXM4-40GB MIG 4g.20gb (0),1,,13,[CUDA memcpy Host-to-Device]
6400713779,5888,460859,273,1,1,8,4,1,39,0.002,0.000,,,,,NVIDIA A100-SXM4-40GB MIG 4g.20gb (0),1,,13,"void channel_eq::eqMmseCoefCompLowMimoKernel<float, float, float, (unsigned int)4, (unsigned int)1, (unsigned int)4>(const channel_eq::_puschRxChEqStatDescr *, channel_eq::_puschRxChEqCoefCompDynDescr)"
6400721587,8000,460860,273,1,1,12,11,1,51,0.002,0.000,,,,,NVIDIA A100-SXM4-40GB MIG 4g.20gb (0),1,,13,"void channel_eq::eqMmseSoftDemapKernel<float, __half, __half, float, (unsigned int)4, (unsigned short)16383>(channel_eq::_puschRxChEqStatDescr *, channel_eq::_puschRxChEqSoftDemapDynDescr)"
6400730643,289852,460861,1,1,1,32,32,1,30,0.000,0.000,,,,,NVIDIA A100-SXM4-40GB MIG 4g.20gb (0),1,,13,"void convert_kernel<float2, __half2>(tensor_layout_any, T1 *, tensor_layout_any, const T2 *)"
6401021455,11008,460873,2253,1,1,128,1,1,16,0.000,0.000,,,,,NVIDIA A100-SXM4-40GB MIG 4g.20gb (0),1,,13,cupy_copy__float16_float16
6401034927,3264,460882,282,1,1,128,1,1,16,0.000,0.000,,,,,NVIDIA A100-SXM4-40GB MIG 4g.20gb (0),1,,13,cupy_copy__complex64_complex64
6401040175,2016,460891,26,1,1,128,1,1,16,0.000,0.000,,,,,NVIDIA A100-SXM4-40GB MIG 4g.20gb (0),1,,13,cupy_copy__float32_float32
6401043471,4672,460900,103,1,1,128,1,1,16,0.000,0.000,,,,,NVIDIA A100-SXM4-40GB MIG 4g.20gb (0),1,,13,cupy_copy__complex64_complex64
6401049487,12096,460910,1434,1,1,128,1,1,16,0.000,0.000,,,,,NVIDIA A100-SXM4-40GB MIG 4g.20gb (0),1,,13,cupy_copy__complex64_complex64
6401065967,82687,460915,1,1,1,32,32,1,30,0.000,0.000,,,,,NVIDIA A100-SXM4-40GB MIG 4g.20gb (0),1,,13,"void convert_kernel<__half2, float2>(tensor_layout_any, T1 *, tensor_layout_any, const T2 *)"
6401176845,5664,460918,,,,,,,,,,0.094,16542.310,Pinned,Device,NVIDIA A100-SXM4-40GB MIG 4g.20gb (0),1,,13,[CUDA memcpy Host-to-Device]
6401186381,596377,460919,,,,,,,,,,456.561,765196.973,Device,,NVIDIA A100-SXM4-40GB MIG 4g.20gb (0),1,,13,[CUDA memset]
6401786886,154750,460924,,,,,,,,,,1.235,7980.208,Pinned,Device,NVIDIA A100-SXM4-40GB MIG 4g.20gb (0),1,,13,[CUDA memcpy Host-to-Device]
6401954180,39455,460925,,,,,,,,,,0.197,4983.030,Pinned,Device,NVIDIA A100-SXM4-40GB MIG 4g.20gb (0),1,,13,[CUDA memcpy Host-to-Device]
6402020707,8448,460926,69,4,1,48,1,1,76,0.002,0.000,,,,,NVIDIA A100-SXM4-40GB MIG 4g.20gb (0),1,,13,"void ch_est::windowedChEstPreNoDftSOfdmKernel<float, __half, float, (unsigned int)2, (unsigned int)1, (unsigned short)4>(ch_est::puschRxChEstStatDescr_t *, ch_est::puschRxChEstDynDescr_t *)"
6402037827,6944,460927,137,2,1,24,2,1,44,0.001,0.001,,,,,NVIDIA A100-SXM4-40GB MIG 4g.20gb (0),1,,13,"void ch_est::chEstFilterNoDftSOfdmDispatchKernel<float, __half, float, (unsigned int)2>(ch_est::puschRxChEstStatDescr_t *, ch_est::puschRxChEstDynDescr_t *)"
6402054723,4767,460928,137,2,1,24,2,1,44,0.001,0.001,,,,,NVIDIA A100-SXM4-40GB MIG 4g.20gb (0),1,,13,"void ch_est::chEstFilterNoDftSOfdmDispatchKernel<float, __half, float, (unsigned int)2>(ch_est::puschRxChEstStatDescr_t *, ch_est::puschRxChEstDynDescr_t *)"
6402070626,2656,460939,103,1,1,128,1,1,16,0.000,0.000,,,,,NVIDIA A100-SXM4-40GB MIG 4g.20gb (0),1,,13,cupy_copy__complex64_complex64
6402083266,12512,460949,1434,1,1,128,1,1,16,0.000,0.000,,,,,NVIDIA A100-SXM4-40GB MIG 4g.20gb (0),1,,13,cupy_copy__complex64_complex64
6402108066,2464,460956,103,1,1,128,1,1,16,0.000,0.000,,,,,NVIDIA A100-SXM4-40GB MIG 4g.20gb (0),1,,13,cupy_copy__complex64_complex64
6402129986,90078,460963,1,1,1,32,32,1,30,0.000,0.000,,,,,NVIDIA A100-SXM4-40GB MIG 4g.20gb (0),1,,13,"void convert_kernel<__half2, float2>(tensor_layout_any, T1 *, tensor_layout_any, const T2 *)"
6402256128,22944,460966,,,,,,,,,,0.094,4083.646,Pinned,Device,NVIDIA A100-SXM4-40GB MIG 4g.20gb (0),1,,13,[CUDA memcpy Host-to-Device]
6402296128,46815,460967,,,,,,,,,,35.810,764899.891,Device,,NVIDIA A100-SXM4-40GB MIG 4g.20gb (0),1,,13,[CUDA memset]
6402344351,11264,460969,,,,,,,,,,0.000,7.102,Pinned,Device,NVIDIA A100-SXM4-40GB MIG 4g.20gb (0),1,,13,[CUDA memcpy Host-to-Device]
6402366591,31999,460970,,,,,,,,,,0.197,6144.000,Pinned,Device,NVIDIA A100-SXM4-40GB MIG 4g.20gb (0),1,,13,[CUDA memcpy Host-to-Device]
6402419934,9952,460971,273,1,1,48,1,1,40,0.000,0.001,,,,,NVIDIA A100-SXM4-40GB MIG 4g.20gb (0),1,,13,"void pusch_noise_intf_est::noiseIntfEstNoDftSOfdmKernel<float, __half, float, float, (unsigned int)2, (unsigned int)1, (unsigned char)4, (unsigned char)4>(pusch_noise_intf_est::puschRxNoiseIntfEstDynDescr)"
6402436574,2688,460982,35,1,1,128,1,1,16,0.000,0.000,,,,,NVIDIA A100-SXM4-40GB MIG 4g.20gb (0),1,,13,cupy_copy__complex64_complex64
6402453694,1728,460991,1,1,1,1,1,1,18,0.000,0.000,,,,,NVIDIA A100-SXM4-40GB MIG 4g.20gb (0),1,,13,cupy_copy__float32_float32
6402459070,5919,460997,,,,,,,,,,0.000,0.676,Device,Pageable,NVIDIA A100-SXM4-40GB MIG 4g.20gb (0),1,,7,[CUDA memcpy Device-to-Host]
6402558268,12608,461008,1434,1,1,128,1,1,16,0.000,0.000,,,,,NVIDIA A100-SXM4-40GB MIG 4g.20gb (0),1,,13,cupy_copy__complex64_complex64
6402577116,3424,461015,103,1,1,128,1,1,16,0.000,0.000,,,,,NVIDIA A100-SXM4-40GB MIG 4g.20gb (0),1,,13,cupy_copy__complex64_complex64
6402596828,2528,461022,35,1,1,128,1,1,16,0.000,0.000,,,,,NVIDIA A100-SXM4-40GB MIG 4g.20gb (0),1,,13,cupy_copy__complex64_complex64
6402614492,1760,461029,1,1,1,1,1,1,18,0.000,0.000,,,,,NVIDIA A100-SXM4-40GB MIG 4g.20gb (0),1,,13,cupy_copy__float32_float32
6402739226,83391,461040,1,1,1,32,32,1,30,0.000,0.000,,,,,NVIDIA A100-SXM4-40GB MIG 4g.20gb (0),1,,13,"void convert_kernel<__half2, float2>(tensor_layout_any, T1 *, tensor_layout_any, const T2 *)"
6402857273,6208,461043,,,,,,,,,,0.094,15092.739,Pinned,Device,NVIDIA A100-SXM4-40GB MIG 4g.20gb (0),1,,13,[CUDA memcpy Host-to-Device]
6402872728,3328,461044,,,,,,,,,,1.547,464729.580,Device,,NVIDIA A100-SXM4-40GB MIG 4g.20gb (0),1,,13,[CUDA memset]
6402879064,3072,461049,,,,,,,,,,0.031,10187.474,Pinned,Device,NVIDIA A100-SXM4-40GB MIG 4g.20gb (0),1,,13,[CUDA memcpy Host-to-Device]
6402885368,9920,461050,,,,,,,,,,0.197,19819.266,Pinned,Device,NVIDIA A100-SXM4-40GB MIG 4g.20gb (0),1,,13,[CUDA memcpy Host-to-Device]
6402902840,6496,461051,273,1,1,8,4,1,39,0.002,0.000,,,,,NVIDIA A100-SXM4-40GB MIG 4g.20gb (0),1,,13,"void channel_eq::eqMmseCoefCompLowMimoKernel<float, float, float, (unsigned int)4, (unsigned int)1, (unsigned int)4>(const channel_eq::_puschRxChEqStatDescr *, channel_eq::_puschRxChEqCoefCompDynDescr)"
6402911160,5824,461052,273,1,1,12,11,1,51,0.002,0.000,,,,,NVIDIA A100-SXM4-40GB MIG 4g.20gb (0),1,,13,"void channel_eq::eqMmseSoftDemapKernel<float, __half, __half, float, (unsigned int)4, (unsigned short)16383>(channel_eq::_puschRxChEqStatDescr *, channel_eq::_puschRxChEqSoftDemapDynDescr)"
6402919576,281596,461053,1,1,1,32,32,1,30,0.000,0.000,,,,,NVIDIA A100-SXM4-40GB MIG 4g.20gb (0),1,,13,"void convert_kernel<float2, __half2>(tensor_layout_any, T1 *, tensor_layout_any, const T2 *)"
6403202388,10912,461065,2253,1,1,128,1,1,16,0.000,0.000,,,,,NVIDIA A100-SXM4-40GB MIG 4g.20gb (0),1,,13,cupy_copy__float16_float16
6403217620,2752,461074,282,1,1,128,1,1,16,0.000,0.000,,,,,NVIDIA A100-SXM4-40GB MIG 4g.20gb (0),1,,13,cupy_copy__complex64_complex64
6403222612,2112,461083,26,1,1,128,1,1,16,0.000,0.000,,,,,NVIDIA A100-SXM4-40GB MIG 4g.20gb (0),1,,13,cupy_copy__float32_float32
6403225844,2944,461092,103,1,1,128,1,1,16,0.000,0.000,,,,,NVIDIA A100-SXM4-40GB MIG 4g.20gb (0),1,,13,cupy_copy__complex64_complex64
6403230516,12032,461102,1434,1,1,128,1,1,16,0.000,0.000,,,,,NVIDIA A100-SXM4-40GB MIG 4g.20gb (0),1,,13,cupy_copy__complex64_complex64
6403248180,81663,461107,1,1,1,32,32,1,30,0.000,0.000,,,,,NVIDIA A100-SXM4-40GB MIG 4g.20gb (0),1,,13,"void convert_kernel<__half2, float2>(tensor_layout_any, T1 *, tensor_layout_any, const T2 *)"
6403356786,5408,461110,,,,,,,,,,0.094,17325.421,Pinned,Device,NVIDIA A100-SXM4-40GB MIG 4g.20gb (0),1,,13,[CUDA memcpy Host-to-Device]
6403367410,600569,461111,,,,,,,,,,456.561,760174.798,Device,,NVIDIA A100-SXM4-40GB MIG 4g.20gb (0),1,,13,[CUDA memset]
6403975915,136894,461116,,,,,,,,,,1.235,9020.031,Pinned,Device,NVIDIA A100-SXM4-40GB MIG 4g.20gb (0),1,,13,[CUDA memcpy Host-to-Device]
6404121897,26848,461117,,,,,,,,,,0.197,7322.862,Pinned,Device,NVIDIA A100-SXM4-40GB MIG 4g.20gb (0),1,,13,[CUDA memcpy Host-to-Device]
6404162217,8223,461118,69,4,1,48,1,1,76,0.002,0.000,,,,,NVIDIA A100-SXM4-40GB MIG 4g.20gb (0),1,,13,"void ch_est::windowedChEstPreNoDftSOfdmKernel<float, __half, float, (unsigned int)2, (unsigned int)1, (unsigned short)4>(ch_est::puschRxChEstStatDescr_t *, ch_est::puschRxChEstDynDescr_t *)"
6404174248,6112,461119,137,2,1,24,2,1,44,0.001,0.001,,,,,NVIDIA A100-SXM4-40GB MIG 4g.20gb (0),1,,13,"void ch_est::chEstFilterNoDftSOfdmDispatchKernel<float, __half, float, (unsigned int)2>(ch_est::puschRxChEstStatDescr_t *, ch_est::puschRxChEstDynDescr_t *)"
6404185416,4736,461120,137,2,1,24,2,1,44,0.001,0.001,,,,,NVIDIA A100-SXM4-40GB MIG 4g.20gb (0),1,,13,"void ch_est::chEstFilterNoDftSOfdmDispatchKernel<float, __half, float, (unsigned int)2>(ch_est::puschRxChEstStatDescr_t *, ch_est::puschRxChEstDynDescr_t *)"
6404196456,2528,461131,103,1,1,128,1,1,16,0.000,0.000,,,,,NVIDIA A100-SXM4-40GB MIG 4g.20gb (0),1,,13,cupy_copy__complex64_complex64
6404208744,12480,461141,1434,1,1,128,1,1,16,0.000,0.000,,,,,NVIDIA A100-SXM4-40GB MIG 4g.20gb (0),1,,13,cupy_copy__complex64_complex64
6404233864,2400,461148,103,1,1,128,1,1,16,0.000,0.000,,,,,NVIDIA A100-SXM4-40GB MIG 4g.20gb (0),1,,13,cupy_copy__complex64_complex64
6404243496,91838,461155,1,1,1,32,32,1,30,0.000,0.000,,,,,NVIDIA A100-SXM4-40GB MIG 4g.20gb (0),1,,13,"void convert_kernel<__half2, float2>(tensor_layout_any, T1 *, tensor_layout_any, const T2 *)"
6404362950,13024,461158,,,,,,,,,,0.094,7194.073,Pinned,Device,NVIDIA A100-SXM4-40GB MIG 4g.20gb (0),1,,13,[CUDA memcpy Host-to-Device]
6404388198,46943,461159,,,,,,,,,,35.810,762822.916,Device,,NVIDIA A100-SXM4-40GB MIG 4g.20gb (0),1,,13,[CUDA memset]
6404441253,7648,461161,,,,,,,,,,0.000,10.460,Pinned,Device,NVIDIA A100-SXM4-40GB MIG 4g.20gb (0),1,,13,[CUDA memcpy Host-to-Device]
6404455909,21024,461162,,,,,,,,,,0.197,9351.463,Pinned,Device,NVIDIA A100-SXM4-40GB MIG 4g.20gb (0),1,,13,[CUDA memcpy Host-to-Device]
6404488325,9887,461163,273,1,1,48,1,1,40,0.000,0.001,,,,,NVIDIA A100-SXM4-40GB MIG 4g.20gb (0),1,,13,"void pusch_noise_intf_est::noiseIntfEstNoDftSOfdmKernel<float, __half, float, float, (unsigned int)2, (unsigned int)1, (unsigned char)4, (unsigned char)4>(pusch_noise_intf_est::puschRxNoiseIntfEstDynDescr)"
6404501668,2688,461174,35,1,1,128,1,1,16,0.000,0.000,,,,,NVIDIA A100-SXM4-40GB MIG 4g.20gb (0),1,,13,cupy_copy__complex64_complex64
6404511620,1728,461183,1,1,1,1,1,1,18,0.000,0.000,,,,,NVIDIA A100-SXM4-40GB MIG 4g.20gb (0),1,,13,cupy_copy__float32_float32
6404517700,5760,461189,,,,,,,,,,0.000,0.694,Device,Pageable,NVIDIA A100-SXM4-40GB MIG 4g.20gb (0),1,,7,[CUDA memcpy Device-to-Host]
6404587491,12960,461200,1434,1,1,128,1,1,16,0.000,0.000,,,,,NVIDIA A100-SXM4-40GB MIG 4g.20gb (0),1,,13,cupy_copy__complex64_complex64
6404615907,3072,461207,103,1,1,128,1,1,16,0.000,0.000,,,,,NVIDIA A100-SXM4-40GB MIG 4g.20gb (0),1,,13,cupy_copy__complex64_complex64
6404635555,2304,461214,35,1,1,128,1,1,16,0.000,0.000,,,,,NVIDIA A100-SXM4-40GB MIG 4g.20gb (0),1,,13,cupy_copy__complex64_complex64
6404655202,1824,461221,1,1,1,1,1,1,18,0.000,0.000,,,,,NVIDIA A100-SXM4-40GB MIG 4g.20gb (0),1,,13,cupy_copy__float32_float32
6404784897,87807,461232,1,1,1,32,32,1,30,0.000,0.000,,,,,NVIDIA A100-SXM4-40GB MIG 4g.20gb (0),1,,13,"void convert_kernel<__half2, float2>(tensor_layout_any, T1 *, tensor_layout_any, const T2 *)"
6404900319,5536,461235,,,,,,,,,,0.094,16924.777,Pinned,Device,NVIDIA A100-SXM4-40GB MIG 4g.20gb (0),1,,13,[CUDA memcpy Host-to-Device]
6404915199,3200,461236,,,,,,,,,,1.547,483320.000,Device,,NVIDIA A100-SXM4-40GB MIG 4g.20gb (0),1,,13,[CUDA memset]
6404921823,3584,461241,,,,,,,,,,0.031,8732.116,Pinned,Device,NVIDIA A100-SXM4-40GB MIG 4g.20gb (0),1,,13,[CUDA memcpy Host-to-Device]
6404927839,9984,461242,,,,,,,,,,0.197,19692.257,Pinned,Device,NVIDIA A100-SXM4-40GB MIG 4g.20gb (0),1,,13,[CUDA memcpy Host-to-Device]
6404941855,6720,461243,273,1,1,8,4,1,39,0.002,0.000,,,,,NVIDIA A100-SXM4-40GB MIG 4g.20gb (0),1,,13,"void channel_eq::eqMmseCoefCompLowMimoKernel<float, float, float, (unsigned int)4, (unsigned int)1, (unsigned int)4>(const channel_eq::_puschRxChEqStatDescr *, channel_eq::_puschRxChEqCoefCompDynDescr)"
6404949599,7712,461244,273,1,1,12,11,1,51,0.002,0.000,,,,,NVIDIA A100-SXM4-40GB MIG 4g.20gb (0),1,,13,"void channel_eq::eqMmseSoftDemapKernel<float, __half, __half, float, (unsigned int)4, (unsigned short)16383>(channel_eq::_puschRxChEqStatDescr *, channel_eq::_puschRxChEqSoftDemapDynDescr)"
6404960735,300924,461245,1,1,1,32,32,1,30,0.000,0.000,,,,,NVIDIA A100-SXM4-40GB MIG 4g.20gb (0),1,,13,"void convert_kernel<float2, __half2>(tensor_layout_any, T1 *, tensor_layout_any, const T2 *)"
6405262683,10944,461257,2253,1,1,128,1,1,16,0.000,0.000,,,,,NVIDIA A100-SXM4-40GB MIG 4g.20gb (0),1,,13,cupy_copy__float16_float16
6405277947,3616,461266,282,1,1,128,1,1,16,0.000,0.000,,,,,NVIDIA A100-SXM4-40GB MIG 4g.20gb (0),1,,13,cupy_copy__complex64_complex64
6405283963,2240,461275,26,1,1,128,1,1,16,0.000,0.000,,,,,NVIDIA A100-SXM4-40GB MIG 4g.20gb (0),1,,13,cupy_copy__float32_float32
6405287835,3296,461284,103,1,1,128,1,1,16,0.000,0.000,,,,,NVIDIA A100-SXM4-40GB MIG 4g.20gb (0),1,,13,cupy_copy__complex64_complex64
6405293211,11903,461294,1434,1,1,128,1,1,16,0.000,0.000,,,,,NVIDIA A100-SXM4-40GB MIG 4g.20gb (0),1,,13,cupy_copy__complex64_complex64
6405309370,81151,461299,1,1,1,32,32,1,30,0.000,0.000,,,,,NVIDIA A100-SXM4-40GB MIG 4g.20gb (0),1,,13,"void convert_kernel<__half2, float2>(tensor_layout_any, T1 *, tensor_layout_any, const T2 *)"
6405417721,5440,461302,,,,,,,,,,0.094,17223.480,Pinned,Device,NVIDIA A100-SXM4-40GB MIG 4g.20gb (0),1,,13,[CUDA memcpy Host-to-Device]
6405428537,597913,461303,,,,,,,,,,456.561,763370.728,Device,,NVIDIA A100-SXM4-40GB MIG 4g.20gb (0),1,,13,[CUDA memset]
6406036305,166110,461308,,,,,,,,,,1.235,7434.363,Pinned,Device,NVIDIA A100-SXM4-40GB MIG 4g.20gb (0),1,,13,[CUDA memcpy Host-to-Device]
6406214703,41920,461309,,,,,,,,,,0.197,4689.887,Pinned,Device,NVIDIA A100-SXM4-40GB MIG 4g.20gb (0),1,,13,[CUDA memcpy Host-to-Device]
6406273838,8064,461310,69,4,1,48,1,1,76,0.002,0.000,,,,,NVIDIA A100-SXM4-40GB MIG 4g.20gb (0),1,,13,"void ch_est::windowedChEstPreNoDftSOfdmKernel<float, __half, float, (unsigned int)2, (unsigned int)1, (unsigned short)4>(ch_est::puschRxChEstStatDescr_t *, ch_est::puschRxChEstDynDescr_t *)"
6406292782,6624,461311,137,2,1,24,2,1,44,0.001,0.001,,,,,NVIDIA A100-SXM4-40GB MIG 4g.20gb (0),1,,13,"void ch_est::chEstFilterNoDftSOfdmDispatchKernel<float, __half, float, (unsigned int)2>(ch_est::puschRxChEstStatDescr_t *, ch_est::puschRxChEstDynDescr_t *)"
6406306798,4768,461312,137,2,1,24,2,1,44,0.001,0.001,,,,,NVIDIA A100-SXM4-40GB MIG 4g.20gb (0),1,,13,"void ch_est::chEstFilterNoDftSOfdmDispatchKernel<float, __half, float, (unsigned int)2>(ch_est::puschRxChEstStatDescr_t *, ch_est::puschRxChEstDynDescr_t *)"
6406324814,2624,461323,103,1,1,128,1,1,16,0.000,0.000,,,,,NVIDIA A100-SXM4-40GB MIG 4g.20gb (0),1,,13,cupy_copy__complex64_complex64
6406336558,12320,461333,1434,1,1,128,1,1,16,0.000,0.000,,,,,NVIDIA A100-SXM4-40GB MIG 4g.20gb (0),1,,13,cupy_copy__complex64_complex64
6406368941,2592,461340,103,1,1,128,1,1,16,0.000,0.000,,,,,NVIDIA A100-SXM4-40GB MIG 4g.20gb (0),1,,13,cupy_copy__complex64_complex64
6406386733,81983,461347,1,1,1,32,32,1,30,0.000,0.000,,,,,NVIDIA A100-SXM4-40GB MIG 4g.20gb (0),1,,13,"void convert_kernel<__half2, float2>(tensor_layout_any, T1 *, tensor_layout_any, const T2 *)"
6406498124,15936,461350,,,,,,,,,,0.094,5879.518,Pinned,Device,NVIDIA A100-SXM4-40GB MIG 4g.20gb (0),1,,13,[CUDA memcpy Host-to-Device]
6406532907,46784,461351,,,,,,,,,,35.810,765401.230,Device,,NVIDIA A100-SXM4-40GB MIG 4g.20gb (0),1,,13,[CUDA memset]
6406586603,3936,461353,,,,,,,,,,0.000,20.325,Pinned,Device,NVIDIA A100-SXM4-40GB MIG 4g.20gb (0),1,,13,[CUDA memcpy Host-to-Device]
6406602698,18944,461354,,,,,,,,,,0.197,10378.346,Pinned,Device,NVIDIA A100-SXM4-40GB MIG 4g.20gb (0),1,,13,[CUDA memcpy Host-to-Device]
6406632746,9632,461355,273,1,1,48,1,1,40,0.000,0.001,,,,,NVIDIA A100-SXM4-40GB MIG 4g.20gb (0),1,,13,"void pusch_noise_intf_est::noiseIntfEstNoDftSOfdmKernel<float, __half, float, float, (unsigned int)2, (unsigned int)1, (unsigned char)4, (unsigned char)4>(pusch_noise_intf_est::puschRxNoiseIntfEstDynDescr)"
6406645130,2976,461366,35,1,1,128,1,1,16,0.000,0.000,,,,,NVIDIA A100-SXM4-40GB MIG 4g.20gb (0),1,,13,cupy_copy__complex64_complex64
6406655754,1728,461375,1,1,1,1,1,1,18,0.000,0.000,,,,,NVIDIA A100-SXM4-40GB MIG 4g.20gb (0),1,,13,cupy_copy__float32_float32
6406662346,4256,461381,,,,,,,,,,0.000,0.940,Device,Pageable,NVIDIA A100-SXM4-40GB MIG 4g.20gb (0),1,,7,[CUDA memcpy Device-to-Host]
6406737289,13152,461392,1434,1,1,128,1,1,16,0.000,0.000,,,,,NVIDIA A100-SXM4-40GB MIG 4g.20gb (0),1,,13,cupy_copy__complex64_complex64
6406765448,2912,461399,103,1,1,128,1,1,16,0.000,0.000,,,,,NVIDIA A100-SXM4-40GB MIG 4g.20gb (0),1,,13,cupy_copy__complex64_complex64
6406782664,2336,461406,35,1,1,128,1,1,16,0.000,0.000,,,,,NVIDIA A100-SXM4-40GB MIG 4g.20gb (0),1,,13,cupy_copy__complex64_complex64
6406797544,1728,461413,1,1,1,1,1,1,18,0.000,0.000,,,,,NVIDIA A100-SXM4-40GB MIG 4g.20gb (0),1,,13,cupy_copy__float32_float32
6406936806,82079,461424,1,1,1,32,32,1,30,0.000,0.000,,,,,NVIDIA A100-SXM4-40GB MIG 4g.20gb (0),1,,13,"void convert_kernel<__half2, float2>(tensor_layout_any, T1 *, tensor_layout_any, const T2 *)"
6407047301,5728,461427,,,,,,,,,,0.094,16357.541,Pinned,Device,NVIDIA A100-SXM4-40GB MIG 4g.20gb (0),1,,13,[CUDA memcpy Host-to-Device]
6407061861,3328,461428,,,,,,,,,,1.547,464729.580,Device,,NVIDIA A100-SXM4-40GB MIG 4g.20gb (0),1,,13,[CUDA memset]
6407067685,3712,461433,,,,,,,,,,0.031,8431.017,Pinned,Device,NVIDIA A100-SXM4-40GB MIG 4g.20gb (0),1,,13,[CUDA memcpy Host-to-Device]
6407073829,9471,461434,,,,,,,,,,0.197,20758.856,Pinned,Device,NVIDIA A100-SXM4-40GB MIG 4g.20gb (0),1,,13,[CUDA memcpy Host-to-Device]
6407089124,6816,461435,273,1,1,8,4,1,39,0.002,0.000,,,,,NVIDIA A100-SXM4-40GB MIG 4g.20gb (0),1,,13,"void channel_eq::eqMmseCoefCompLowMimoKernel<float, float, float, (unsigned int)4, (unsigned int)1, (unsigned int)4>(const channel_eq::_puschRxChEqStatDescr *, channel_eq::_puschRxChEqCoefCompDynDescr)"
6407096996,6432,461436,273,1,1,12,11,1,51,0.002,0.000,,,,,NVIDIA A100-SXM4-40GB MIG 4g.20gb (0),1,,13,"void channel_eq::eqMmseSoftDemapKernel<float, __half, __half, float, (unsigned int)4, (unsigned short)16383>(channel_eq::_puschRxChEqStatDescr *, channel_eq::_puschRxChEqSoftDemapDynDescr)"
6407104452,283069,461437,1,1,1,32,32,1,30,0.000,0.000,,,,,NVIDIA A100-SXM4-40GB MIG 4g.20gb (0),1,,13,"void convert_kernel<float2, __half2>(tensor_layout_any, T1 *, tensor_layout_any, const T2 *)"
6407388545,10912,461449,2253,1,1,128,1,1,16,0.000,0.000,,,,,NVIDIA A100-SXM4-40GB MIG 4g.20gb (0),1,,13,cupy_copy__float16_float16
6407402369,3616,461458,282,1,1,128,1,1,16,0.000,0.000,,,,,NVIDIA A100-SXM4-40GB MIG 4g.20gb (0),1,,13,cupy_copy__complex64_complex64
6407408992,2464,461467,26,1,1,128,1,1,16,0.000,0.000,,,,,NVIDIA A100-SXM4-40GB MIG 4g.20gb (0),1,,13,cupy_copy__float32_float32
6407414784,4672,461476,103,1,1,128,1,1,16,0.000,0.000,,,,,NVIDIA A100-SXM4-40GB MIG 4g.20gb (0),1,,13,cupy_copy__complex64_complex64
6407421120,12064,461486,1434,1,1,128,1,1,16,0.000,0.000,,,,,NVIDIA A100-SXM4-40GB MIG 4g.20gb (0),1,,13,cupy_copy__complex64_complex64
6407439040,87743,461491,1,1,1,32,32,1,30,0.000,0.000,,,,,NVIDIA A100-SXM4-40GB MIG 4g.20gb (0),1,,13,"void convert_kernel<__half2, float2>(tensor_layout_any, T1 *, tensor_layout_any, const T2 *)"
6407553663,6048,461494,,,,,,,,,,0.094,15491.978,Pinned,Device,NVIDIA A100-SXM4-40GB MIG 4g.20gb (0),1,,13,[CUDA memcpy Host-to-Device]
6407564319,599832,461495,,,,,,,,,,456.561,761087.920,Device,,NVIDIA A100-SXM4-40GB MIG 4g.20gb (0),1,,13,[CUDA memset]
6408172247,114751,461500,,,,,,,,,,1.235,10761.302,Pinned,Device,NVIDIA A100-SXM4-40GB MIG 4g.20gb (0),1,,13,[CUDA memcpy Host-to-Device]
6408298005,29792,461501,,,,,,,,,,0.197,6599.344,Pinned,Device,NVIDIA A100-SXM4-40GB MIG 4g.20gb (0),1,,13,[CUDA memcpy Host-to-Device]
6408355765,7968,461502,69,4,1,48,1,1,76,0.002,0.000,,,,,NVIDIA A100-SXM4-40GB MIG 4g.20gb (0),1,,13,"void ch_est::windowedChEstPreNoDftSOfdmKernel<float, __half, float, (unsigned int)2, (unsigned int)1, (unsigned short)4>(ch_est::puschRxChEstStatDescr_t *, ch_est::puschRxChEstDynDescr_t *)"
6408371157,6816,461503,137,2,1,24,2,1,44,0.001,0.001,,,,,NVIDIA A100-SXM4-40GB MIG 4g.20gb (0),1,,13,"void ch_est::chEstFilterNoDftSOfdmDispatchKernel<float, __half, float, (unsigned int)2>(ch_est::puschRxChEstStatDescr_t *, ch_est::puschRxChEstDynDescr_t *)"
6408385108,4704,461504,137,2,1,24,2,1,44,0.001,0.001,,,,,NVIDIA A100-SXM4-40GB MIG 4g.20gb (0),1,,13,"void ch_est::chEstFilterNoDftSOfdmDispatchKernel<float, __half, float, (unsigned int)2>(ch_est::puschRxChEstStatDescr_t *, ch_est::puschRxChEstDynDescr_t *)"
6408399540,2496,461515,103,1,1,128,1,1,16,0.000,0.000,,,,,NVIDIA A100-SXM4-40GB MIG 4g.20gb (0),1,,13,cupy_copy__complex64_complex64
6408414004,12608,461525,1434,1,1,128,1,1,16,0.000,0.000,,,,,NVIDIA A100-SXM4-40GB MIG 4g.20gb (0),1,,13,cupy_copy__complex64_complex64
6408437108,2624,461532,103,1,1,128,1,1,16,0.000,0.000,,,,,NVIDIA A100-SXM4-40GB MIG 4g.20gb (0),1,,13,cupy_copy__complex64_complex64
6408456340,80831,461539,1,1,1,32,32,1,30,0.000,0.000,,,,,NVIDIA A100-SXM4-40GB MIG 4g.20gb (0),1,,13,"void convert_kernel<__half2, float2>(tensor_layout_any, T1 *, tensor_layout_any, const T2 *)"
6408567602,17088,461542,,,,,,,,,,0.094,5483.090,Pinned,Device,NVIDIA A100-SXM4-40GB MIG 4g.20gb (0),1,,13,[CUDA memcpy Host-to-Device]
6408592882,48927,461543,,,,,,,,,,35.810,731883.145,Device,,NVIDIA A100-SXM4-40GB MIG 4g.20gb (0),1,,13,[CUDA memset]
6408644753,9600,461545,,,,,,,,,,0.000,8.333,Pinned,Device,NVIDIA A100-SXM4-40GB MIG 4g.20gb (0),1,,13,[CUDA memcpy Host-to-Device]
6408664753,17952,461546,,,,,,,,,,0.197,10951.852,Pinned,Device,NVIDIA A100-SXM4-40GB MIG 4g.20gb (0),1,,13,[CUDA memcpy Host-to-Device]
6408694385,12799,461547,273,1,1,48,1,1,40,0.000,0.001,,,,,NVIDIA A100-SXM4-40GB MIG 4g.20gb (0),1,,13,"void pusch_noise_intf_est::noiseIntfEstNoDftSOfdmKernel<float, __half, float, float, (unsigned int)2, (unsigned int)1, (unsigned char)4, (unsigned char)4>(pusch_noise_intf_est::puschRxNoiseIntfEstDynDescr)"
6408710992,3008,461558,35,1,1,128,1,1,16,0.000,0.000,,,,,NVIDIA A100-SXM4-40GB MIG 4g.20gb (0),1,,13,cupy_copy__complex64_complex64
6408721680,1792,461567,1,1,1,1,1,1,18,0.000,0.000,,,,,NVIDIA A100-SXM4-40GB MIG 4g.20gb (0),1,,13,cupy_copy__float32_float32
6408729264,1568,461573,,,,,,,,,,0.000,2.551,Device,Pageable,NVIDIA A100-SXM4-40GB MIG 4g.20gb (0),1,,7,[CUDA memcpy Device-to-Host]
6408815663,12896,461584,1434,1,1,128,1,1,16,0.000,0.000,,,,,NVIDIA A100-SXM4-40GB MIG 4g.20gb (0),1,,13,cupy_copy__complex64_complex64
6408837071,2784,461591,103,1,1,128,1,1,16,0.000,0.000,,,,,NVIDIA A100-SXM4-40GB MIG 4g.20gb (0),1,,13,cupy_copy__complex64_complex64
6408862223,2272,461598,35,1,1,128,1,1,16,0.000,0.000,,,,,NVIDIA A100-SXM4-40GB MIG 4g.20gb (0),1,,13,cupy_copy__complex64_complex64
6408879182,1952,461605,1,1,1,1,1,1,18,0.000,0.000,,,,,NVIDIA A100-SXM4-40GB MIG 4g.20gb (0),1,,13,cupy_copy__float32_float32
6409011789,87775,461616,1,1,1,32,32,1,30,0.000,0.000,,,,,NVIDIA A100-SXM4-40GB MIG 4g.20gb (0),1,,13,"void convert_kernel<__half2, float2>(tensor_layout_any, T1 *, tensor_layout_any, const T2 *)"
6409127307,5408,461619,,,,,,,,,,0.094,17325.421,Pinned,Device,NVIDIA A100-SXM4-40GB MIG 4g.20gb (0),1,,13,[CUDA memcpy Host-to-Device]
6409142763,3072,461620,,,,,,,,,,1.547,503457.044,Device,,NVIDIA A100-SXM4-40GB MIG 4g.20gb (0),1,,13,[CUDA memset]
6409148203,3424,461625,,,,,,,,,,0.031,9140.185,Pinned,Device,NVIDIA A100-SXM4-40GB MIG 4g.20gb (0),1,,13,[CUDA memcpy Host-to-Device]
6409154059,9536,461626,,,,,,,,,,0.197,20617.298,Pinned,Device,NVIDIA A100-SXM4-40GB MIG 4g.20gb (0),1,,13,[CUDA memcpy Host-to-Device]
6409169067,6368,461627,273,1,1,8,4,1,39,0.002,0.000,,,,,NVIDIA A100-SXM4-40GB MIG 4g.20gb (0),1,,13,"void channel_eq::eqMmseCoefCompLowMimoKernel<float, float, float, (unsigned int)4, (unsigned int)1, (unsigned int)4>(const channel_eq::_puschRxChEqStatDescr *, channel_eq::_puschRxChEqCoefCompDynDescr)"
6409176523,6112,461628,273,1,1,12,11,1,51,0.002,0.000,,,,,NVIDIA A100-SXM4-40GB MIG 4g.20gb (0),1,,13,"void channel_eq::eqMmseSoftDemapKernel<float, __half, __half, float, (unsigned int)4, (unsigned short)16383>(channel_eq::_puschRxChEqStatDescr *, channel_eq::_puschRxChEqSoftDemapDynDescr)"
6409183659,282140,461629,1,1,1,32,32,1,30,0.000,0.000,,,,,NVIDIA A100-SXM4-40GB MIG 4g.20gb (0),1,,13,"void convert_kernel<float2, __half2>(tensor_layout_any, T1 *, tensor_layout_any, const T2 *)"
6409467335,11296,461641,2253,1,1,128,1,1,16,0.000,0.000,,,,,NVIDIA A100-SXM4-40GB MIG 4g.20gb (0),1,,13,cupy_copy__float16_float16
6409481639,3264,461650,282,1,1,128,1,1,16,0.000,0.000,,,,,NVIDIA A100-SXM4-40GB MIG 4g.20gb (0),1,,13,cupy_copy__complex64_complex64
6409487271,2176,461659,26,1,1,128,1,1,16,0.000,0.000,,,,,NVIDIA A100-SXM4-40GB MIG 4g.20gb (0),1,,13,cupy_copy__float32_float32
6409491943,2912,461668,103,1,1,128,1,1,16,0.000,0.000,,,,,NVIDIA A100-SXM4-40GB MIG 4g.20gb (0),1,,13,cupy_copy__complex64_complex64
6409495975,11904,461678,1434,1,1,128,1,1,16,0.000,0.000,,,,,NVIDIA A100-SXM4-40GB MIG 4g.20gb (0),1,,13,cupy_copy__complex64_complex64
6409515846,87327,461683,1,1,1,32,32,1,30,0.000,0.000,,,,,NVIDIA A100-SXM4-40GB MIG 4g.20gb (0),1,,13,"void convert_kernel<__half2, float2>(tensor_layout_any, T1 *, tensor_layout_any, const T2 *)"
6409629637,5472,461686,,,,,,,,,,0.094,17122.757,Pinned,Device,NVIDIA A100-SXM4-40GB MIG 4g.20gb (0),1,,13,[CUDA memcpy Host-to-Device]
6409639909,596441,461687,,,,,,,,,,456.561,765196.973,Device,,NVIDIA A100-SXM4-40GB MIG 4g.20gb (0),1,,13,[CUDA memset]
6410240254,164062,461692,,,,,,,,,,1.235,7526.984,Pinned,Device,NVIDIA A100-SXM4-40GB MIG 4g.20gb (0),1,,13,[CUDA memcpy Host-to-Device]
6410416667,36864,461693,,,,,,,,,,0.197,5333.189,Pinned,Device,NVIDIA A100-SXM4-40GB MIG 4g.20gb (0),1,,13,[CUDA memcpy Host-to-Device]
6410472635,8352,461694,69,4,1,48,1,1,76,0.002,0.000,,,,,NVIDIA A100-SXM4-40GB MIG 4g.20gb (0),1,,13,"void ch_est::windowedChEstPreNoDftSOfdmKernel<float, __half, float, (unsigned int)2, (unsigned int)1, (unsigned short)4>(ch_est::puschRxChEstStatDescr_t *, ch_est::puschRxChEstDynDescr_t *)"
6410485019,6815,461695,137,2,1,24,2,1,44,0.001,0.001,,,,,NVIDIA A100-SXM4-40GB MIG 4g.20gb (0),1,,13,"void ch_est::chEstFilterNoDftSOfdmDispatchKernel<float, __half, float, (unsigned int)2>(ch_est::puschRxChEstStatDescr_t *, ch_est::puschRxChEstDynDescr_t *)"
6410498106,5056,461696,137,2,1,24,2,1,44,0.001,0.001,,,,,NVIDIA A100-SXM4-40GB MIG 4g.20gb (0),1,,13,"void ch_est::chEstFilterNoDftSOfdmDispatchKernel<float, __half, float, (unsigned int)2>(ch_est::puschRxChEstStatDescr_t *, ch_est::puschRxChEstDynDescr_t *)"
6410507290,2848,461707,103,1,1,128,1,1,16,0.000,0.000,,,,,NVIDIA A100-SXM4-40GB MIG 4g.20gb (0),1,,13,cupy_copy__complex64_complex64
6410520058,12640,461717,1434,1,1,128,1,1,16,0.000,0.000,,,,,NVIDIA A100-SXM4-40GB MIG 4g.20gb (0),1,,13,cupy_copy__complex64_complex64
6410541018,2688,461724,103,1,1,128,1,1,16,0.000,0.000,,,,,NVIDIA A100-SXM4-40GB MIG 4g.20gb (0),1,,13,cupy_copy__complex64_complex64
6410551834,82655,461731,1,1,1,32,32,1,30,0.000,0.000,,,,,NVIDIA A100-SXM4-40GB MIG 4g.20gb (0),1,,13,"void convert_kernel<__half2, float2>(tensor_layout_any, T1 *, tensor_layout_any, const T2 *)"
6410663608,8224,461734,,,,,,,,,,0.094,11392.965,Pinned,Device,NVIDIA A100-SXM4-40GB MIG 4g.20gb (0),1,,13,[CUDA memcpy Host-to-Device]
6410679128,47104,461735,,,,,,,,,,35.810,760208.792,Device,,NVIDIA A100-SXM4-40GB MIG 4g.20gb (0),1,,13,[CUDA memset]
6410730391,5984,461737,,,,,,,,,,0.000,13.369,Pinned,Device,NVIDIA A100-SXM4-40GB MIG 4g.20gb (0),1,,13,[CUDA memcpy Host-to-Device]
6410740983,14336,461738,,,,,,,,,,0.197,13714.194,Pinned,Device,NVIDIA A100-SXM4-40GB MIG 4g.20gb (0),1,,13,[CUDA memcpy Host-to-Device]
6410763831,9728,461739,273,1,1,48,1,1,40,0.000,0.001,,,,,NVIDIA A100-SXM4-40GB MIG 4g.20gb (0),1,,13,"void pusch_noise_intf_est::noiseIntfEstNoDftSOfdmKernel<float, __half, float, float, (unsigned int)2, (unsigned int)1, (unsigned char)4, (unsigned char)4>(pusch_noise_intf_est::puschRxNoiseIntfEstDynDescr)"
6410777335,3040,461750,35,1,1,128,1,1,16,0.000,0.000,,,,,NVIDIA A100-SXM4-40GB MIG 4g.20gb (0),1,,13,cupy_copy__complex64_complex64
6410786455,1920,461759,1,1,1,1,1,1,18,0.000,0.000,,,,,NVIDIA A100-SXM4-40GB MIG 4g.20gb (0),1,,13,cupy_copy__float32_float32
6410818358,1600,461765,,,,,,,,,,0.000,2.500,Device,Pageable,NVIDIA A100-SXM4-40GB MIG 4g.20gb (0),1,,7,[CUDA memcpy Device-to-Host]
6410890230,12895,461776,1434,1,1,128,1,1,16,0.000,0.000,,,,,NVIDIA A100-SXM4-40GB MIG 4g.20gb (0),1,,13,cupy_copy__complex64_complex64
6410914837,3328,461783,103,1,1,128,1,1,16,0.000,0.000,,,,,NVIDIA A100-SXM4-40GB MIG 4g.20gb (0),1,,13,cupy_copy__complex64_complex64
6410935477,2432,461790,35,1,1,128,1,1,16,0.000,0.000,,,,,NVIDIA A100-SXM4-40GB MIG 4g.20gb (0),1,,13,cupy_copy__complex64_complex64
6410953365,1984,461797,1,1,1,1,1,1,18,0.000,0.000,,,,,NVIDIA A100-SXM4-40GB MIG 4g.20gb (0),1,,13,cupy_copy__float32_float32
6411087027,82239,461808,1,1,1,32,32,1,30,0.000,0.000,,,,,NVIDIA A100-SXM4-40GB MIG 4g.20gb (0),1,,13,"void convert_kernel<__half2, float2>(tensor_layout_any, T1 *, tensor_layout_any, const T2 *)"
6411197906,6304,461811,,,,,,,,,,0.094,14862.903,Pinned,Device,NVIDIA A100-SXM4-40GB MIG 4g.20gb (0),1,,13,[CUDA memcpy Host-to-Device]
6411211890,3328,461812,,,,,,,,,,1.547,464729.580,Device,,NVIDIA A100-SXM4-40GB MIG 4g.20gb (0),1,,13,[CUDA memset]
6411218673,3136,461817,,,,,,,,,,0.031,9979.575,Pinned,Device,NVIDIA A100-SXM4-40GB MIG 4g.20gb (0),1,,13,[CUDA memcpy Host-to-Device]
6411224625,9824,461818,,,,,,,,,,0.197,20012.925,Pinned,Device,NVIDIA A100-SXM4-40GB MIG 4g.20gb (0),1,,13,[CUDA memcpy Host-to-Device]
6411239281,6528,461819,273,1,1,8,4,1,39,0.002,0.000,,,,,NVIDIA A100-SXM4-40GB MIG 4g.20gb (0),1,,13,"void channel_eq::eqMmseCoefCompLowMimoKernel<float, float, float, (unsigned int)4, (unsigned int)1, (unsigned int)4>(const channel_eq::_puschRxChEqStatDescr *, channel_eq::_puschRxChEqCoefCompDynDescr)"
6411246929,6176,461820,273,1,1,12,11,1,51,0.002,0.000,,,,,NVIDIA A100-SXM4-40GB MIG 4g.20gb (0),1,,13,"void channel_eq::eqMmseSoftDemapKernel<float, __half, __half, float, (unsigned int)4, (unsigned short)16383>(channel_eq::_puschRxChEqStatDescr *, channel_eq::_puschRxChEqSoftDemapDynDescr)"
6411254737,282973,461821,1,1,1,32,32,1,30,0.000,0.000,,,,,NVIDIA A100-SXM4-40GB MIG 4g.20gb (0),1,,13,"void convert_kernel<float2, __half2>(tensor_layout_any, T1 *, tensor_layout_any, const T2 *)"
6411539725,10880,461833,2253,1,1,128,1,1,16,0.000,0.000,,,,,NVIDIA A100-SXM4-40GB MIG 4g.20gb (0),1,,13,cupy_copy__float16_float16
6411551853,2912,461842,282,1,1,128,1,1,16,0.000,0.000,,,,,NVIDIA A100-SXM4-40GB MIG 4g.20gb (0),1,,13,cupy_copy__complex64_complex64
6411556397,2112,461851,26,1,1,128,1,1,16,0.000,0.000,,,,,NVIDIA A100-SXM4-40GB MIG 4g.20gb (0),1,,13,cupy_copy__float32_float32
6411560493,3040,461860,103,1,1,128,1,1,16,0.000,0.000,,,,,NVIDIA A100-SXM4-40GB MIG 4g.20gb (0),1,,13,cupy_copy__complex64_complex64
6411564525,11712,461870,1434,1,1,128,1,1,16,0.000,0.000,,,,,NVIDIA A100-SXM4-40GB MIG 4g.20gb (0),1,,13,cupy_copy__complex64_complex64
6411591629,87679,461875,1,1,1,32,32,1,30,0.000,0.000,,,,,NVIDIA A100-SXM4-40GB MIG 4g.20gb (0),1,,13,"void convert_kernel<__half2, float2>(tensor_layout_any, T1 *, tensor_layout_any, const T2 *)"
6411706251,5664,461878,,,,,,,,,,0.094,16542.310,Pinned,Device,NVIDIA A100-SXM4-40GB MIG 4g.20gb (0),1,,13,[CUDA memcpy Host-to-Device]
6411715755,597081,461879,,,,,,,,,,456.561,764283.851,Device,,NVIDIA A100-SXM4-40GB MIG 4g.20gb (0),1,,13,[CUDA memset]
6412316772,158078,461884,,,,,,,,,,1.235,7811.021,Pinned,Device,NVIDIA A100-SXM4-40GB MIG 4g.20gb (0),1,,13,[CUDA memcpy Host-to-Device]
6412488578,39519,461885,,,,,,,,,,0.197,4974.969,Pinned,Device,NVIDIA A100-SXM4-40GB MIG 4g.20gb (0),1,,13,[CUDA memcpy Host-to-Device]
6412551297,8096,461886,69,4,1,48,1,1,76,0.002,0.000,,,,,NVIDIA A100-SXM4-40GB MIG 4g.20gb (0),1,,13,"void ch_est::windowedChEstPreNoDftSOfdmKernel<float, __half, float, (unsigned int)2, (unsigned int)1, (unsigned short)4>(ch_est::puschRxChEstStatDescr_t *, ch_est::puschRxChEstDynDescr_t *)"
6412570273,6592,461887,137,2,1,24,2,1,44,0.001,0.001,,,,,NVIDIA A100-SXM4-40GB MIG 4g.20gb (0),1,,13,"void ch_est::chEstFilterNoDftSOfdmDispatchKernel<float, __half, float, (unsigned int)2>(ch_est::puschRxChEstStatDescr_t *, ch_est::puschRxChEstDynDescr_t *)"
6412588065,4736,461888,137,2,1,24,2,1,44,0.001,0.001,,,,,NVIDIA A100-SXM4-40GB MIG 4g.20gb (0),1,,13,"void ch_est::chEstFilterNoDftSOfdmDispatchKernel<float, __half, float, (unsigned int)2>(ch_est::puschRxChEstStatDescr_t *, ch_est::puschRxChEstDynDescr_t *)"
6412605088,2784,461899,103,1,1,128,1,1,16,0.000,0.000,,,,,NVIDIA A100-SXM4-40GB MIG 4g.20gb (0),1,,13,cupy_copy__complex64_complex64
6412621792,12512,461909,1434,1,1,128,1,1,16,0.000,0.000,,,,,NVIDIA A100-SXM4-40GB MIG 4g.20gb (0),1,,13,cupy_copy__complex64_complex64
6412644704,2528,461916,103,1,1,128,1,1,16,0.000,0.000,,,,,NVIDIA A100-SXM4-40GB MIG 4g.20gb (0),1,,13,cupy_copy__complex64_complex64
6412663648,85599,461923,1,1,1,32,32,1,30,0.000,0.000,,,,,NVIDIA A100-SXM4-40GB MIG 4g.20gb (0),1,,13,"void convert_kernel<__half2, float2>(tensor_layout_any, T1 *, tensor_layout_any, const T2 *)"
6412785150,14848,461926,,,,,,,,,,0.094,6310.332,Pinned,Device,NVIDIA A100-SXM4-40GB MIG 4g.20gb (0),1,,13,[CUDA memcpy Host-to-Device]
6412821726,47135,461927,,,,,,,,,,35.810,759707.453,Device,,NVIDIA A100-SXM4-40GB MIG 4g.20gb (0),1,,13,[CUDA memset]
6412871357,10912,461929,,,,,,,,,,0.000,7.331,Pinned,Device,NVIDIA A100-SXM4-40GB MIG 4g.20gb (0),1,,13,[CUDA memcpy Host-to-Device]
6412897021,16064,461930,,,,,,,,,,0.197,12238.848,Pinned,Device,NVIDIA A100-SXM4-40GB MIG 4g.20gb (0),1,,13,[CUDA memcpy Host-to-Device]
6412930364,9888,461931,273,1,1,48,1,1,40,0.000,0.001,,,,,NVIDIA A100-SXM4-40GB MIG 4g.20gb (0),1,,13,"void pusch_noise_intf_est::noiseIntfEstNoDftSOfdmKernel<float, __half, float, float, (unsigned int)2, (unsigned int)1, (unsigned char)4, (unsigned char)4>(pusch_noise_intf_est::puschRxNoiseIntfEstDynDescr)"
6412944796,3008,461942,35,1,1,128,1,1,16,0.000,0.000,,,,,NVIDIA A100-SXM4-40GB MIG 4g.20gb (0),1,,13,cupy_copy__complex64_complex64
6412954204,1952,461951,1,1,1,1,1,1,18,0.000,0.000,,,,,NVIDIA A100-SXM4-40GB MIG 4g.20gb (0),1,,13,cupy_copy__float32_float32
6412960060,1568,461957,,,,,,,,,,0.000,2.551,Device,Pageable,NVIDIA A100-SXM4-40GB MIG 4g.20gb (0),1,,7,[CUDA memcpy Device-to-Host]
6413025979,13152,461968,1434,1,1,128,1,1,16,0.000,0.000,,,,,NVIDIA A100-SXM4-40GB MIG 4g.20gb (0),1,,13,cupy_copy__complex64_complex64
6413054299,3392,461975,103,1,1,128,1,1,16,0.000,0.000,,,,,NVIDIA A100-SXM4-40GB MIG 4g.20gb (0),1,,13,cupy_copy__complex64_complex64
6413074651,2176,461982,35,1,1,128,1,1,16,0.000,0.000,,,,,NVIDIA A100-SXM4-40GB MIG 4g.20gb (0),1,,13,cupy_copy__complex64_complex64
6413091450,1728,461989,1,1,1,1,1,1,18,0.000,0.000,,,,,NVIDIA A100-SXM4-40GB MIG 4g.20gb (0),1,,13,cupy_copy__float32_float32
6413223961,81567,462000,1,1,1,32,32,1,30,0.000,0.000,,,,,NVIDIA A100-SXM4-40GB MIG 4g.20gb (0),1,,13,"void convert_kernel<__half2, float2>(tensor_layout_any, T1 *, tensor_layout_any, const T2 *)"
6413332791,5728,462003,,,,,,,,,,0.094,16357.541,Pinned,Device,NVIDIA A100-SXM4-40GB MIG 4g.20gb (0),1,,13,[CUDA memcpy Host-to-Device]
6413347095,3264,462004,,,,,,,,,,1.547,473842.288,Device,,NVIDIA A100-SXM4-40GB MIG 4g.20gb (0),1,,13,[CUDA memset]
6413353751,3744,462009,,,,,,,,,,0.031,8358.974,Pinned,Device,NVIDIA A100-SXM4-40GB MIG 4g.20gb (0),1,,13,[CUDA memcpy Host-to-Device]
6413359927,9696,462010,,,,,,,,,,0.197,20277.166,Pinned,Device,NVIDIA A100-SXM4-40GB MIG 4g.20gb (0),1,,13,[CUDA memcpy Host-to-Device]
6413373463,6624,462011,273,1,1,8,4,1,39,0.002,0.000,,,,,NVIDIA A100-SXM4-40GB MIG 4g.20gb (0),1,,13,"void channel_eq::eqMmseCoefCompLowMimoKernel<float, float, float, (unsigned int)4, (unsigned int)1, (unsigned int)4>(const channel_eq::_puschRxChEqStatDescr *, channel_eq::_puschRxChEqCoefCompDynDescr)"
6413381079,6176,462012,273,1,1,12,11,1,51,0.002,0.000,,,,,NVIDIA A100-SXM4-40GB MIG 4g.20gb (0),1,,13,"void channel_eq::eqMmseSoftDemapKernel<float, __half, __half, float, (unsigned int)4, (unsigned short)16383>(channel_eq::_puschRxChEqStatDescr *, channel_eq::_puschRxChEqSoftDemapDynDescr)"
6413389719,282748,462013,1,1,1,32,32,1,30,0.000,0.000,,,,,NVIDIA A100-SXM4-40GB MIG 4g.20gb (0),1,,13,"void convert_kernel<float2, __half2>(tensor_layout_any, T1 *, tensor_layout_any, const T2 *)"
6413674835,10976,462025,2253,1,1,128,1,1,16,0.000,0.000,,,,,NVIDIA A100-SXM4-40GB MIG 4g.20gb (0),1,,13,cupy_copy__float16_float16
6413690003,3520,462034,282,1,1,128,1,1,16,0.000,0.000,,,,,NVIDIA A100-SXM4-40GB MIG 4g.20gb (0),1,,13,cupy_copy__complex64_complex64
6413695443,2336,462043,26,1,1,128,1,1,16,0.000,0.000,,,,,NVIDIA A100-SXM4-40GB MIG 4g.20gb (0),1,,13,cupy_copy__float32_float32
6413698867,2880,462052,103,1,1,128,1,1,16,0.000,0.000,,,,,NVIDIA A100-SXM4-40GB MIG 4g.20gb (0),1,,13,cupy_copy__complex64_complex64
6413704403,12384,462062,1434,1,1,128,1,1,16,0.000,0.000,,,,,NVIDIA A100-SXM4-40GB MIG 4g.20gb (0),1,,13,cupy_copy__complex64_complex64
6413724499,82015,462067,1,1,1,32,32,1,30,0.000,0.000,,,,,NVIDIA A100-SXM4-40GB MIG 4g.20gb (0),1,,13,"void convert_kernel<__half2, float2>(tensor_layout_any, T1 *, tensor_layout_any, const T2 *)"
6413834481,5536,462070,,,,,,,,,,0.094,16924.777,Pinned,Device,NVIDIA A100-SXM4-40GB MIG 4g.20gb (0),1,,13,[CUDA memcpy Host-to-Device]
6413844625,598553,462071,,,,,,,,,,456.561,762457.605,Device,,NVIDIA A100-SXM4-40GB MIG 4g.20gb (0),1,,13,[CUDA memset]
6414446250,146782,462076,,,,,,,,,,1.235,8412.439,Pinned,Device,NVIDIA A100-SXM4-40GB MIG 4g.20gb (0),1,,13,[CUDA memcpy Host-to-Device]
6414607464,37279,462077,,,,,,,,,,0.197,5273.813,Pinned,Device,NVIDIA A100-SXM4-40GB MIG 4g.20gb (0),1,,13,[CUDA memcpy Host-to-Device]
6414669863,8512,462078,69,4,1,48,1,1,76,0.002,0.000,,,,,NVIDIA A100-SXM4-40GB MIG 4g.20gb (0),1,,13,"void ch_est::windowedChEstPreNoDftSOfdmKernel<float, __half, float, (unsigned int)2, (unsigned int)1, (unsigned short)4>(ch_est::puschRxChEstStatDescr_t *, ch_est::puschRxChEstDynDescr_t *)"
6414687975,6912,462079,137,2,1,24,2,1,44,0.001,0.001,,,,,NVIDIA A100-SXM4-40GB MIG 4g.20gb (0),1,,13,"void ch_est::chEstFilterNoDftSOfdmDispatchKernel<float, __half, float, (unsigned int)2>(ch_est::puschRxChEstStatDescr_t *, ch_est::puschRxChEstDynDescr_t *)"
6414704838,4768,462080,137,2,1,24,2,1,44,0.001,0.001,,,,,NVIDIA A100-SXM4-40GB MIG 4g.20gb (0),1,,13,"void ch_est::chEstFilterNoDftSOfdmDispatchKernel<float, __half, float, (unsigned int)2>(ch_est::puschRxChEstStatDescr_t *, ch_est::puschRxChEstDynDescr_t *)"
6414722598,2720,462091,103,1,1,128,1,1,16,0.000,0.000,,,,,NVIDIA A100-SXM4-40GB MIG 4g.20gb (0),1,,13,cupy_copy__complex64_complex64
6414739462,12736,462101,1434,1,1,128,1,1,16,0.000,0.000,,,,,NVIDIA A100-SXM4-40GB MIG 4g.20gb (0),1,,13,cupy_copy__complex64_complex64
6414758534,2912,462108,103,1,1,128,1,1,16,0.000,0.000,,,,,NVIDIA A100-SXM4-40GB MIG 4g.20gb (0),1,,13,cupy_copy__complex64_complex64
6414781158,93694,462115,1,1,1,32,32,1,30,0.000,0.000,,,,,NVIDIA A100-SXM4-40GB MIG 4g.20gb (0),1,,13,"void convert_kernel<__half2, float2>(tensor_layout_any, T1 *, tensor_layout_any, const T2 *)"
6414913092,26752,462118,,,,,,,,,,0.094,3502.356,Pinned,Device,NVIDIA A100-SXM4-40GB MIG 4g.20gb (0),1,,13,[CUDA memcpy Host-to-Device]
6414956323,46752,462119,,,,,,,,,,35.810,765938.379,Device,,NVIDIA A100-SXM4-40GB MIG 4g.20gb (0),1,,13,[CUDA memset]
6415009667,12640,462121,,,,,,,,,,0.000,6.329,Pinned,Device,NVIDIA A100-SXM4-40GB MIG 4g.20gb (0),1,,13,[CUDA memcpy Host-to-Device]
6415030754,24736,462122,,,,,,,,,,0.197,7948.075,Pinned,Device,NVIDIA A100-SXM4-40GB MIG 4g.20gb (0),1,,13,[CUDA memcpy Host-to-Device]
6415084706,9696,462123,273,1,1,48,1,1,40,0.000,0.001,,,,,NVIDIA A100-SXM4-40GB MIG 4g.20gb (0),1,,13,"void pusch_noise_intf_est::noiseIntfEstNoDftSOfdmKernel<float, __half, float, float, (unsigned int)2, (unsigned int)1, (unsigned char)4, (unsigned char)4>(pusch_noise_intf_est::puschRxNoiseIntfEstDynDescr)"
6415101890,2784,462134,35,1,1,128,1,1,16,0.000,0.000,,,,,NVIDIA A100-SXM4-40GB MIG 4g.20gb (0),1,,13,cupy_copy__complex64_complex64
6415118337,1696,462143,1,1,1,1,1,1,18,0.000,0.000,,,,,NVIDIA A100-SXM4-40GB MIG 4g.20gb (0),1,,13,cupy_copy__float32_float32
6415124065,6368,462149,,,,,,,,,,0.000,0.628,Device,Pageable,NVIDIA A100-SXM4-40GB MIG 4g.20gb (0),1,,7,[CUDA memcpy Device-to-Host]
6415226144,12576,462160,1434,1,1,128,1,1,16,0.000,0.000,,,,,NVIDIA A100-SXM4-40GB MIG 4g.20gb (0),1,,13,cupy_copy__complex64_complex64
6415248064,3392,462167,103,1,1,128,1,1,16,0.000,0.000,,,,,NVIDIA A100-SXM4-40GB MIG 4g.20gb (0),1,,13,cupy_copy__complex64_complex64
6415270175,2560,462174,35,1,1,128,1,1,16,0.000,0.000,,,,,NVIDIA A100-SXM4-40GB MIG 4g.20gb (0),1,,13,cupy_copy__complex64_complex64
6415289215,1792,462181,1,1,1,1,1,1,18,0.000,0.000,,,,,NVIDIA A100-SXM4-40GB MIG 4g.20gb (0),1,,13,cupy_copy__float32_float32
6415409342,88735,462192,1,1,1,32,32,1,30,0.000,0.000,,,,,NVIDIA A100-SXM4-40GB MIG 4g.20gb (0),1,,13,"void convert_kernel<__half2, float2>(tensor_layout_any, T1 *, tensor_layout_any, const T2 *)"
6415525340,6144,462195,,,,,,,,,,0.094,15249.961,Pinned,Device,NVIDIA A100-SXM4-40GB MIG 4g.20gb (0),1,,13,[CUDA memcpy Host-to-Device]
6415540540,3168,462196,,,,,,,,,,1.547,488201.145,Device,,NVIDIA A100-SXM4-40GB MIG 4g.20gb (0),1,,13,[CUDA memset]
6415546140,3040,462201,,,,,,,,,,0.031,10294.725,Pinned,Device,NVIDIA A100-SXM4-40GB MIG 4g.20gb (0),1,,13,[CUDA memcpy Host-to-Device]
6415551996,9856,462202,,,,,,,,,,0.197,19948.044,Pinned,Device,NVIDIA A100-SXM4-40GB MIG 4g.20gb (0),1,,13,[CUDA memcpy Host-to-Device]
6415566236,6656,462203,273,1,1,8,4,1,39,0.002,0.000,,,,,NVIDIA A100-SXM4-40GB MIG 4g.20gb (0),1,,13,"void channel_eq::eqMmseCoefCompLowMimoKernel<float, float, float, (unsigned int)4, (unsigned int)1, (unsigned int)4>(const channel_eq::_puschRxChEqStatDescr *, channel_eq::_puschRxChEqCoefCompDynDescr)"
6415575100,5920,462204,273,1,1,12,11,1,51,0.002,0.000,,,,,NVIDIA A100-SXM4-40GB MIG 4g.20gb (0),1,,13,"void channel_eq::eqMmseSoftDemapKernel<float, __half, __half, float, (unsigned int)4, (unsigned short)16383>(channel_eq::_puschRxChEqStatDescr *, channel_eq::_puschRxChEqSoftDemapDynDescr)"
6415583004,279036,462205,1,1,1,32,32,1,30,0.000,0.000,,,,,NVIDIA A100-SXM4-40GB MIG 4g.20gb (0),1,,13,"void convert_kernel<float2, __half2>(tensor_layout_any, T1 *, tensor_layout_any, const T2 *)"
6415863032,10976,462217,2253,1,1,128,1,1,16,0.000,0.000,,,,,NVIDIA A100-SXM4-40GB MIG 4g.20gb (0),1,,13,cupy_copy__float16_float16
6415876504,3232,462226,282,1,1,128,1,1,16,0.000,0.000,,,,,NVIDIA A100-SXM4-40GB MIG 4g.20gb (0),1,,13,cupy_copy__complex64_complex64
6415881656,2112,462235,26,1,1,128,1,1,16,0.000,0.000,,,,,NVIDIA A100-SXM4-40GB MIG 4g.20gb (0),1,,13,cupy_copy__float32_float32
6415884888,4736,462244,103,1,1,128,1,1,16,0.000,0.000,,,,,NVIDIA A100-SXM4-40GB MIG 4g.20gb (0),1,,13,cupy_copy__complex64_complex64
6415891960,11936,462254,1434,1,1,128,1,1,16,0.000,0.000,,,,,NVIDIA A100-SXM4-40GB MIG 4g.20gb (0),1,,13,cupy_copy__complex64_complex64
6415917143,86943,462259,1,1,1,32,32,1,30,0.000,0.000,,,,,NVIDIA A100-SXM4-40GB MIG 4g.20gb (0),1,,13,"void convert_kernel<__half2, float2>(tensor_layout_any, T1 *, tensor_layout_any, const T2 *)"
6416031670,6048,462262,,,,,,,,,,0.094,15491.978,Pinned,Device,NVIDIA A100-SXM4-40GB MIG 4g.20gb (0),1,,13,[CUDA memcpy Host-to-Device]
6416043030,597177,462263,,,,,,,,,,456.561,764283.851,Device,,NVIDIA A100-SXM4-40GB MIG 4g.20gb (0),1,,13,[CUDA memset]
6416653582,137119,462268,,,,,,,,,,1.235,9005.212,Pinned,Device,NVIDIA A100-SXM4-40GB MIG 4g.20gb (0),1,,13,[CUDA memcpy Host-to-Device]
6416796813,27007,462269,,,,,,,,,,0.197,7279.804,Pinned,Device,NVIDIA A100-SXM4-40GB MIG 4g.20gb (0),1,,13,[CUDA memcpy Host-to-Device]
6416836140,8224,462270,69,4,1,48,1,1,76,0.002,0.000,,,,,NVIDIA A100-SXM4-40GB MIG 4g.20gb (0),1,,13,"void ch_est::windowedChEstPreNoDftSOfdmKernel<float, __half, float, (unsigned int)2, (unsigned int)1, (unsigned short)4>(ch_est::puschRxChEstStatDescr_t *, ch_est::puschRxChEstDynDescr_t *)"
6416851980,6592,462271,137,2,1,24,2,1,44,0.001,0.001,,,,,NVIDIA A100-SXM4-40GB MIG 4g.20gb (0),1,,13,"void ch_est::chEstFilterNoDftSOfdmDispatchKernel<float, __half, float, (unsigned int)2>(ch_est::puschRxChEstStatDescr_t *, ch_est::puschRxChEstDynDescr_t *)"
6416866668,4896,462272,137,2,1,24,2,1,44,0.001,0.001,,,,,NVIDIA A100-SXM4-40GB MIG 4g.20gb (0),1,,13,"void ch_est::chEstFilterNoDftSOfdmDispatchKernel<float, __half, float, (unsigned int)2>(ch_est::puschRxChEstStatDescr_t *, ch_est::puschRxChEstDynDescr_t *)"
6416874124,2976,462283,103,1,1,128,1,1,16,0.000,0.000,,,,,NVIDIA A100-SXM4-40GB MIG 4g.20gb (0),1,,13,cupy_copy__complex64_complex64
6416882316,12735,462293,1434,1,1,128,1,1,16,0.000,0.000,,,,,NVIDIA A100-SXM4-40GB MIG 4g.20gb (0),1,,13,cupy_copy__complex64_complex64
6416896907,2688,462300,103,1,1,128,1,1,16,0.000,0.000,,,,,NVIDIA A100-SXM4-40GB MIG 4g.20gb (0),1,,13,cupy_copy__complex64_complex64
6416906571,87967,462307,1,1,1,32,32,1,30,0.000,0.000,,,,,NVIDIA A100-SXM4-40GB MIG 4g.20gb (0),1,,13,"void convert_kernel<__half2, float2>(tensor_layout_any, T1 *, tensor_layout_any, const T2 *)"
6417022026,6144,462310,,,,,,,,,,0.094,15249.961,Pinned,Device,NVIDIA A100-SXM4-40GB MIG 4g.20gb (0),1,,13,[CUDA memcpy Host-to-Device]
6417034986,46623,462311,,,,,,,,,,35.810,768051.164,Device,,NVIDIA A100-SXM4-40GB MIG 4g.20gb (0),1,,13,[CUDA memset]
6417089801,2528,462313,,,,,,,,,,0.000,31.646,Pinned,Device,NVIDIA A100-SXM4-40GB MIG 4g.20gb (0),1,,13,[CUDA memcpy Host-to-Device]
6417097065,13728,462314,,,,,,,,,,0.197,14321.517,Pinned,Device,NVIDIA A100-SXM4-40GB MIG 4g.20gb (0),1,,13,[CUDA memcpy Host-to-Device]
6417118569,11168,462315,273,1,1,48,1,1,40,0.000,0.001,,,,,NVIDIA A100-SXM4-40GB MIG 4g.20gb (0),1,,13,"void pusch_noise_intf_est::noiseIntfEstNoDftSOfdmKernel<float, __half, float, float, (unsigned int)2, (unsigned int)1, (unsigned char)4, (unsigned char)4>(pusch_noise_intf_est::puschRxNoiseIntfEstDynDescr)"
6417134120,3264,462326,35,1,1,128,1,1,16,0.000,0.000,,,,,NVIDIA A100-SXM4-40GB MIG 4g.20gb (0),1,,13,cupy_copy__complex64_complex64
6417144968,2144,462335,1,1,1,1,1,1,18,0.000,0.000,,,,,NVIDIA A100-SXM4-40GB MIG 4g.20gb (0),1,,13,cupy_copy__float32_float32
6417173992,1696,462341,,,,,,,,,,0.000,2.358,Device,Pageable,NVIDIA A100-SXM4-40GB MIG 4g.20gb (0),1,,7,[CUDA memcpy Device-to-Host]
6417234183,12832,462352,1434,1,1,128,1,1,16,0.000,0.000,,,,,NVIDIA A100-SXM4-40GB MIG 4g.20gb (0),1,,13,cupy_copy__complex64_complex64
6417259495,2816,462359,103,1,1,128,1,1,16,0.000,0.000,,,,,NVIDIA A100-SXM4-40GB MIG 4g.20gb (0),1,,13,cupy_copy__complex64_complex64
6417280231,2400,462366,35,1,1,128,1,1,16,0.000,0.000,,,,,NVIDIA A100-SXM4-40GB MIG 4g.20gb (0),1,,13,cupy_copy__complex64_complex64
6417297766,1984,462373,1,1,1,1,1,1,18,0.000,0.000,,,,,NVIDIA A100-SXM4-40GB MIG 4g.20gb (0),1,,13,cupy_copy__float32_float32
6417429861,82079,462384,1,1,1,32,32,1,30,0.000,0.000,,,,,NVIDIA A100-SXM4-40GB MIG 4g.20gb (0),1,,13,"void convert_kernel<__half2, float2>(tensor_layout_any, T1 *, tensor_layout_any, const T2 *)"
6417538851,5728,462387,,,,,,,,,,0.094,16357.541,Pinned,Device,NVIDIA A100-SXM4-40GB MIG 4g.20gb (0),1,,13,[CUDA memcpy Host-to-Device]
6417553219,3264,462388,,,,,,,,,,1.547,473842.288,Device,,NVIDIA A100-SXM4-40GB MIG 4g.20gb (0),1,,13,[CUDA memset]
6417560291,3136,462393,,,,,,,,,,0.031,9979.575,Pinned,Device,NVIDIA A100-SXM4-40GB MIG 4g.20gb (0),1,,13,[CUDA memcpy Host-to-Device]
6417566083,9728,462394,,,,,,,,,,0.197,20210.516,Pinned,Device,NVIDIA A100-SXM4-40GB MIG 4g.20gb (0),1,,13,[CUDA memcpy Host-to-Device]
6417579907,8256,462395,273,1,1,8,4,1,39,0.002,0.000,,,,,NVIDIA A100-SXM4-40GB MIG 4g.20gb (0),1,,13,"void channel_eq::eqMmseCoefCompLowMimoKernel<float, float, float, (unsigned int)4, (unsigned int)1, (unsigned int)4>(const channel_eq::_puschRxChEqStatDescr *, channel_eq::_puschRxChEqCoefCompDynDescr)"
6417592227,6272,462396,273,1,1,12,11,1,51,0.002,0.000,,,,,NVIDIA A100-SXM4-40GB MIG 4g.20gb (0),1,,13,"void channel_eq::eqMmseSoftDemapKernel<float, __half, __half, float, (unsigned int)4, (unsigned short)16383>(channel_eq::_puschRxChEqStatDescr *, channel_eq::_puschRxChEqSoftDemapDynDescr)"
6417600163,299644,462397,1,1,1,32,32,1,30,0.000,0.000,,,,,NVIDIA A100-SXM4-40GB MIG 4g.20gb (0),1,,13,"void convert_kernel<float2, __half2>(tensor_layout_any, T1 *, tensor_layout_any, const T2 *)"
6417903231,11104,462409,2253,1,1,128,1,1,16,0.000,0.000,,,,,NVIDIA A100-SXM4-40GB MIG 4g.20gb (0),1,,13,cupy_copy__float16_float16
6417917023,3232,462418,282,1,1,128,1,1,16,0.000,0.000,,,,,NVIDIA A100-SXM4-40GB MIG 4g.20gb (0),1,,13,cupy_copy__complex64_complex64
6417923839,2208,462427,26,1,1,128,1,1,16,0.000,0.000,,,,,NVIDIA A100-SXM4-40GB MIG 4g.20gb (0),1,,13,cupy_copy__float32_float32
6417928095,2944,462436,103,1,1,128,1,1,16,0.000,0.000,,,,,NVIDIA A100-SXM4-40GB MIG 4g.20gb (0),1,,13,cupy_copy__complex64_complex64
6417932095,12063,462446,1434,1,1,128,1,1,16,0.000,0.000,,,,,NVIDIA A100-SXM4-40GB MIG 4g.20gb (0),1,,13,cupy_copy__complex64_complex64
6417947550,82687,462451,1,1,1,32,32,1,30,0.000,0.000,,,,,NVIDIA A100-SXM4-40GB MIG 4g.20gb (0),1,,13,"void convert_kernel<__half2, float2>(tensor_layout_any, T1 *, tensor_layout_any, const T2 *)"
6418057341,5472,462454,,,,,,,,,,0.094,17122.757,Pinned,Device,NVIDIA A100-SXM4-40GB MIG 4g.20gb (0),1,,13,[CUDA memcpy Host-to-Device]
6418066909,599001,462455,,,,,,,,,,456.561,762001.043,Device,,NVIDIA A100-SXM4-40GB MIG 4g.20gb (0),1,,13,[CUDA memset]
6418670614,152542,462460,,,,,,,,,,1.235,8095.058,Pinned,Device,NVIDIA A100-SXM4-40GB MIG 4g.20gb (0),1,,13,[CUDA memcpy Host-to-Device]
6418832340,42431,462461,,,,,,,,,,0.197,4633.461,Pinned,Device,NVIDIA A100-SXM4-40GB MIG 4g.20gb (0),1,,13,[CUDA memcpy Host-to-Device]
6418905107,8032,462462,69,4,1,48,1,1,76,0.002,0.000,,,,,NVIDIA A100-SXM4-40GB MIG 4g.20gb (0),1,,13,"void ch_est::windowedChEstPreNoDftSOfdmKernel<float, __half, float, (unsigned int)2, (unsigned int)1, (unsigned short)4>(ch_est::puschRxChEstStatDescr_t *, ch_est::puschRxChEstDynDescr_t *)"
6418924850,6784,462463,137,2,1,24,2,1,44,0.001,0.001,,,,,NVIDIA A100-SXM4-40GB MIG 4g.20gb (0),1,,13,"void ch_est::chEstFilterNoDftSOfdmDispatchKernel<float, __half, float, (unsigned int)2>(ch_est::puschRxChEstStatDescr_t *, ch_est::puschRxChEstDynDescr_t *)"
6418941490,4736,462464,137,2,1,24,2,1,44,0.001,0.001,,,,,NVIDIA A100-SXM4-40GB MIG 4g.20gb (0),1,,13,"void ch_est::chEstFilterNoDftSOfdmDispatchKernel<float, __half, float, (unsigned int)2>(ch_est::puschRxChEstStatDescr_t *, ch_est::puschRxChEstDynDescr_t *)"
6418958866,2592,462475,103,1,1,128,1,1,16,0.000,0.000,,,,,NVIDIA A100-SXM4-40GB MIG 4g.20gb (0),1,,13,cupy_copy__complex64_complex64
6418974994,12768,462485,1434,1,1,128,1,1,16,0.000,0.000,,,,,NVIDIA A100-SXM4-40GB MIG 4g.20gb (0),1,,13,cupy_copy__complex64_complex64
6418996305,2880,462492,103,1,1,128,1,1,16,0.000,0.000,,,,,NVIDIA A100-SXM4-40GB MIG 4g.20gb (0),1,,13,cupy_copy__complex64_complex64
6419011345,85407,462499,1,1,1,32,32,1,30,0.000,0.000,,,,,NVIDIA A100-SXM4-40GB MIG 4g.20gb (0),1,,13,"void convert_kernel<__half2, float2>(tensor_layout_any, T1 *, tensor_layout_any, const T2 *)"
6419128080,13216,462502,,,,,,,,,,0.094,7089.508,Pinned,Device,NVIDIA A100-SXM4-40GB MIG 4g.20gb (0),1,,13,[CUDA memcpy Host-to-Device]
6419145872,47263,462503,,,,,,,,,,35.810,757666.287,Device,,NVIDIA A100-SXM4-40GB MIG 4g.20gb (0),1,,13,[CUDA memset]
6419198479,7552,462505,,,,,,,,,,0.000,10.593,Pinned,Device,NVIDIA A100-SXM4-40GB MIG 4g.20gb (0),1,,13,[CUDA memcpy Host-to-Device]
6419212367,14272,462506,,,,,,,,,,0.197,13775.733,Pinned,Device,NVIDIA A100-SXM4-40GB MIG 4g.20gb (0),1,,13,[CUDA memcpy Host-to-Device]
6419236783,9823,462507,273,1,1,48,1,1,40,0.000,0.001,,,,,NVIDIA A100-SXM4-40GB MIG 4g.20gb (0),1,,13,"void pusch_noise_intf_est::noiseIntfEstNoDftSOfdmKernel<float, __half, float, float, (unsigned int)2, (unsigned int)1, (unsigned char)4, (unsigned char)4>(pusch_noise_intf_est::puschRxNoiseIntfEstDynDescr)"
6419253262,2720,462518,35,1,1,128,1,1,16,0.000,0.000,,,,,NVIDIA A100-SXM4-40GB MIG 4g.20gb (0),1,,13,cupy_copy__complex64_complex64
6419260430,1760,462527,1,1,1,1,1,1,18,0.000,0.000,,,,,NVIDIA A100-SXM4-40GB MIG 4g.20gb (0),1,,13,cupy_copy__float32_float32
6419279758,2080,462533,,,,,,,,,,0.000,1.923,Device,Pageable,NVIDIA A100-SXM4-40GB MIG 4g.20gb (0),1,,7,[CUDA memcpy Device-to-Host]
6419341709,12864,462544,1434,1,1,128,1,1,16,0.000,0.000,,,,,NVIDIA A100-SXM4-40GB MIG 4g.20gb (0),1,,13,cupy_copy__complex64_complex64
6419369901,2816,462551,103,1,1,128,1,1,16,0.000,0.000,,,,,NVIDIA A100-SXM4-40GB MIG 4g.20gb (0),1,,13,cupy_copy__complex64_complex64
6419388461,2848,462558,35,1,1,128,1,1,16,0.000,0.000,,,,,NVIDIA A100-SXM4-40GB MIG 4g.20gb (0),1,,13,cupy_copy__complex64_complex64
6419407756,1760,462565,1,1,1,1,1,1,18,0.000,0.000,,,,,NVIDIA A100-SXM4-40GB MIG 4g.20gb (0),1,,13,cupy_copy__float32_float32
6419539627,82783,462576,1,1,1,32,32,1,30,0.000,0.000,,,,,NVIDIA A100-SXM4-40GB MIG 4g.20gb (0),1,,13,"void convert_kernel<__half2, float2>(tensor_layout_any, T1 *, tensor_layout_any, const T2 *)"
6419650185,5664,462579,,,,,,,,,,0.094,16542.310,Pinned,Device,NVIDIA A100-SXM4-40GB MIG 4g.20gb (0),1,,13,[CUDA memcpy Host-to-Device]
6419666249,3072,462580,,,,,,,,,,1.547,503457.044,Device,,NVIDIA A100-SXM4-40GB MIG 4g.20gb (0),1,,13,[CUDA memset]
6419671113,3136,462585,,,,,,,,,,0.031,9979.575,Pinned,Device,NVIDIA A100-SXM4-40GB MIG 4g.20gb (0),1,,13,[CUDA memcpy Host-to-Device]
6419676681,10080,462586,,,,,,,,,,0.197,19504.693,Pinned,Device,NVIDIA A100-SXM4-40GB MIG 4g.20gb (0),1,,13,[CUDA memcpy Host-to-Device]
6419690889,6080,462587,273,1,1,8,4,1,39,0.002,0.000,,,,,NVIDIA A100-SXM4-40GB MIG 4g.20gb (0),1,,13,"void channel_eq::eqMmseCoefCompLowMimoKernel<float, float, float, (unsigned int)4, (unsigned int)1, (unsigned int)4>(const channel_eq::_puschRxChEqStatDescr *, channel_eq::_puschRxChEqCoefCompDynDescr)"
6419700009,5888,462588,273,1,1,12,11,1,51,0.002,0.000,,,,,NVIDIA A100-SXM4-40GB MIG 4g.20gb (0),1,,13,"void channel_eq::eqMmseSoftDemapKernel<float, __half, __half, float, (unsigned int)4, (unsigned short)16383>(channel_eq::_puschRxChEqStatDescr *, channel_eq::_puschRxChEqSoftDemapDynDescr)"
6419706825,281884,462589,1,1,1,32,32,1,30,0.000,0.000,,,,,NVIDIA A100-SXM4-40GB MIG 4g.20gb (0),1,,13,"void convert_kernel<float2, __half2>(tensor_layout_any, T1 *, tensor_layout_any, const T2 *)"
6419990117,11040,462601,2253,1,1,128,1,1,16,0.000,0.000,,,,,NVIDIA A100-SXM4-40GB MIG 4g.20gb (0),1,,13,cupy_copy__float16_float16
6420004677,3168,462610,282,1,1,128,1,1,16,0.000,0.000,,,,,NVIDIA A100-SXM4-40GB MIG 4g.20gb (0),1,,13,cupy_copy__complex64_complex64
6420011973,2400,462619,26,1,1,128,1,1,16,0.000,0.000,,,,,NVIDIA A100-SXM4-40GB MIG 4g.20gb (0),1,,13,cupy_copy__float32_float32
6420016101,2912,462628,103,1,1,128,1,1,16,0.000,0.000,,,,,NVIDIA A100-SXM4-40GB MIG 4g.20gb (0),1,,13,cupy_copy__complex64_complex64
6420020453,12288,462638,1434,1,1,128,1,1,16,0.000,0.000,,,,,NVIDIA A100-SXM4-40GB MIG 4g.20gb (0),1,,13,cupy_copy__complex64_complex64
6420041477,87391,462643,1,1,1,32,32,1,30,0.000,0.000,,,,,NVIDIA A100-SXM4-40GB MIG 4g.20gb (0),1,,13,"void convert_kernel<__half2, float2>(tensor_layout_any, T1 *, tensor_layout_any, const T2 *)"
6420155523,5728,462646,,,,,,,,,,0.094,16357.541,Pinned,Device,NVIDIA A100-SXM4-40GB MIG 4g.20gb (0),1,,13,[CUDA memcpy Host-to-Device]
6420167011,599833,462647,,,,,,,,,,456.561,761087.920,Device,,NVIDIA A100-SXM4-40GB MIG 4g.20gb (0),1,,13,[CUDA memset]
6420770236,136350,462652,,,,,,,,,,1.235,9057.079,Pinned,Device,NVIDIA A100-SXM4-40GB MIG 4g.20gb (0),1,,13,[CUDA memcpy Host-to-Device]
6420915834,40127,462653,,,,,,,,,,0.197,4899.471,Pinned,Device,NVIDIA A100-SXM4-40GB MIG 4g.20gb (0),1,,13,[CUDA memcpy Host-to-Device]
6420985593,8288,462654,69,4,1,48,1,1,76,0.002,0.000,,,,,NVIDIA A100-SXM4-40GB MIG 4g.20gb (0),1,,13,"void ch_est::windowedChEstPreNoDftSOfdmKernel<float, __half, float, (unsigned int)2, (unsigned int)1, (unsigned short)4>(ch_est::puschRxChEstStatDescr_t *, ch_est::puschRxChEstDynDescr_t *)"
6421003801,6528,462655,137,2,1,24,2,1,44,0.001,0.001,,,,,NVIDIA A100-SXM4-40GB MIG 4g.20gb (0),1,,13,"void ch_est::chEstFilterNoDftSOfdmDispatchKernel<float, __half, float, (unsigned int)2>(ch_est::puschRxChEstStatDescr_t *, ch_est::puschRxChEstDynDescr_t *)"
6421023800,5824,462656,137,2,1,24,2,1,44,0.001,0.001,,,,,NVIDIA A100-SXM4-40GB MIG 4g.20gb (0),1,,13,"void ch_est::chEstFilterNoDftSOfdmDispatchKernel<float, __half, float, (unsigned int)2>(ch_est::puschRxChEstStatDescr_t *, ch_est::puschRxChEstDynDescr_t *)"
6421042328,2656,462667,103,1,1,128,1,1,16,0.000,0.000,,,,,NVIDIA A100-SXM4-40GB MIG 4g.20gb (0),1,,13,cupy_copy__complex64_complex64
6421059288,12544,462677,1434,1,1,128,1,1,16,0.000,0.000,,,,,NVIDIA A100-SXM4-40GB MIG 4g.20gb (0),1,,13,cupy_copy__complex64_complex64
6421077976,2912,462684,103,1,1,128,1,1,16,0.000,0.000,,,,,NVIDIA A100-SXM4-40GB MIG 4g.20gb (0),1,,13,cupy_copy__complex64_complex64
6421102360,102974,462691,1,1,1,32,32,1,30,0.000,0.000,,,,,NVIDIA A100-SXM4-40GB MIG 4g.20gb (0),1,,13,"void convert_kernel<__half2, float2>(tensor_layout_any, T1 *, tensor_layout_any, const T2 *)"
6421239926,20960,462694,,,,,,,,,,0.094,4470.142,Pinned,Device,NVIDIA A100-SXM4-40GB MIG 4g.20gb (0),1,,13,[CUDA memcpy Host-to-Device]
6421286581,46112,462695,,,,,,,,,,35.810,776573.925,Device,,NVIDIA A100-SXM4-40GB MIG 4g.20gb (0),1,,13,[CUDA memset]
6421333781,8992,462697,,,,,,,,,,0.000,8.897,Pinned,Device,NVIDIA A100-SXM4-40GB MIG 4g.20gb (0),1,,13,[CUDA memcpy Host-to-Device]
6421355604,22240,462698,,,,,,,,,,0.197,8840.282,Pinned,Device,NVIDIA A100-SXM4-40GB MIG 4g.20gb (0),1,,13,[CUDA memcpy Host-to-Device]
6421399412,9824,462699,273,1,1,48,1,1,40,0.000,0.001,,,,,NVIDIA A100-SXM4-40GB MIG 4g.20gb (0),1,,13,"void pusch_noise_intf_est::noiseIntfEstNoDftSOfdmKernel<float, __half, float, float, (unsigned int)2, (unsigned int)1, (unsigned char)4, (unsigned char)4>(pusch_noise_intf_est::puschRxNoiseIntfEstDynDescr)"
6421419092,2976,462710,35,1,1,128,1,1,16,0.000,0.000,,,,,NVIDIA A100-SXM4-40GB MIG 4g.20gb (0),1,,13,cupy_copy__complex64_complex64
6421428179,1696,462719,1,1,1,1,1,1,18,0.000,0.000,,,,,NVIDIA A100-SXM4-40GB MIG 4g.20gb (0),1,,13,cupy_copy__float32_float32
6421431827,3424,462725,,,,,,,,,,0.000,1.168,Device,Pageable,NVIDIA A100-SXM4-40GB MIG 4g.20gb (0),1,,7,[CUDA memcpy Device-to-Host]
6421506259,12831,462736,1434,1,1,128,1,1,16,0.000,0.000,,,,,NVIDIA A100-SXM4-40GB MIG 4g.20gb (0),1,,13,cupy_copy__complex64_complex64
6421536882,3552,462743,103,1,1,128,1,1,16,0.000,0.000,,,,,NVIDIA A100-SXM4-40GB MIG 4g.20gb (0),1,,13,cupy_copy__complex64_complex64
6421552306,2432,462750,35,1,1,128,1,1,16,0.000,0.000,,,,,NVIDIA A100-SXM4-40GB MIG 4g.20gb (0),1,,13,cupy_copy__complex64_complex64
6421568946,1856,462757,1,1,1,1,1,1,18,0.000,0.000,,,,,NVIDIA A100-SXM4-40GB MIG 4g.20gb (0),1,,13,cupy_copy__float32_float32
6421697648,81695,462768,1,1,1,32,32,1,30,0.000,0.000,,,,,NVIDIA A100-SXM4-40GB MIG 4g.20gb (0),1,,13,"void convert_kernel<__half2, float2>(tensor_layout_any, T1 *, tensor_layout_any, const T2 *)"
6421806991,5536,462771,,,,,,,,,,0.094,16924.777,Pinned,Device,NVIDIA A100-SXM4-40GB MIG 4g.20gb (0),1,,13,[CUDA memcpy Host-to-Device]
6421822383,3072,462772,,,,,,,,,,1.547,503457.044,Device,,NVIDIA A100-SXM4-40GB MIG 4g.20gb (0),1,,13,[CUDA memset]
6421827471,3776,462777,,,,,,,,,,0.031,8288.120,Pinned,Device,NVIDIA A100-SXM4-40GB MIG 4g.20gb (0),1,,13,[CUDA memcpy Host-to-Device]
6421833902,9568,462778,,,,,,,,,,0.197,20548.485,Pinned,Device,NVIDIA A100-SXM4-40GB MIG 4g.20gb (0),1,,13,[CUDA memcpy Host-to-Device]
6421849038,6656,462779,273,1,1,8,4,1,39,0.002,0.000,,,,,NVIDIA A100-SXM4-40GB MIG 4g.20gb (0),1,,13,"void channel_eq::eqMmseCoefCompLowMimoKernel<float, float, float, (unsigned int)4, (unsigned int)1, (unsigned int)4>(const channel_eq::_puschRxChEqStatDescr *, channel_eq::_puschRxChEqCoefCompDynDescr)"
6421856654,6272,462780,273,1,1,12,11,1,51,0.002,0.000,,,,,NVIDIA A100-SXM4-40GB MIG 4g.20gb (0),1,,13,"void channel_eq::eqMmseSoftDemapKernel<float, __half, __half, float, (unsigned int)4, (unsigned short)16383>(channel_eq::_puschRxChEqStatDescr *, channel_eq::_puschRxChEqSoftDemapDynDescr)"
6421864014,282781,462781,1,1,1,32,32,1,30,0.000,0.000,,,,,NVIDIA A100-SXM4-40GB MIG 4g.20gb (0),1,,13,"void convert_kernel<float2, __half2>(tensor_layout_any, T1 *, tensor_layout_any, const T2 *)"
6422149099,10911,462793,2253,1,1,128,1,1,16,0.000,0.000,,,,,NVIDIA A100-SXM4-40GB MIG 4g.20gb (0),1,,13,cupy_copy__float16_float16
6422163370,3424,462802,282,1,1,128,1,1,16,0.000,0.000,,,,,NVIDIA A100-SXM4-40GB MIG 4g.20gb (0),1,,13,cupy_copy__complex64_complex64
6422170570,2080,462811,26,1,1,128,1,1,16,0.000,0.000,,,,,NVIDIA A100-SXM4-40GB MIG 4g.20gb (0),1,,13,cupy_copy__float32_float32
6422174058,4608,462820,103,1,1,128,1,1,16,0.000,0.000,,,,,NVIDIA A100-SXM4-40GB MIG 4g.20gb (0),1,,13,cupy_copy__complex64_complex64
6422180906,12128,462830,1434,1,1,128,1,1,16,0.000,0.000,,,,,NVIDIA A100-SXM4-40GB MIG 4g.20gb (0),1,,13,cupy_copy__complex64_complex64
6422201386,86271,462835,1,1,1,32,32,1,30,0.000,0.000,,,,,NVIDIA A100-SXM4-40GB MIG 4g.20gb (0),1,,13,"void convert_kernel<__half2, float2>(tensor_layout_any, T1 *, tensor_layout_any, const T2 *)"
6422315145,6143,462838,,,,,,,,,,0.094,15252.397,Pinned,Device,NVIDIA A100-SXM4-40GB MIG 4g.20gb (0),1,,13,[CUDA memcpy Host-to-Device]
6422324936,595929,462839,,,,,,,,,,456.561,766110.096,Device,,NVIDIA A100-SXM4-40GB MIG 4g.20gb (0),1,,13,[CUDA memset]
6422933153,164510,462844,,,,,,,,,,1.235,7505.990,Pinned,Device,NVIDIA A100-SXM4-40GB MIG 4g.20gb (0),1,,13,[CUDA memcpy Host-to-Device]
6423105663,32415,462845,,,,,,,,,,0.197,6065.160,Pinned,Device,NVIDIA A100-SXM4-40GB MIG 4g.20gb (0),1,,13,[CUDA memcpy Host-to-Device]
6423155294,8192,462846,69,4,1,48,1,1,76,0.002,0.000,,,,,NVIDIA A100-SXM4-40GB MIG 4g.20gb (0),1,,13,"void ch_est::windowedChEstPreNoDftSOfdmKernel<float, __half, float, (unsigned int)2, (unsigned int)1, (unsigned short)4>(ch_est::puschRxChEstStatDescr_t *, ch_est::puschRxChEstDynDescr_t *)"
6423169182,6944,462847,137,2,1,24,2,1,44,0.001,0.001,,,,,NVIDIA A100-SXM4-40GB MIG 4g.20gb (0),1,,13,"void ch_est::chEstFilterNoDftSOfdmDispatchKernel<float, __half, float, (unsigned int)2>(ch_est::puschRxChEstStatDescr_t *, ch_est::puschRxChEstDynDescr_t *)"
6423194430,4736,462848,137,2,1,24,2,1,44,0.001,0.001,,,,,NVIDIA A100-SXM4-40GB MIG 4g.20gb (0),1,,13,"void ch_est::chEstFilterNoDftSOfdmDispatchKernel<float, __half, float, (unsigned int)2>(ch_est::puschRxChEstStatDescr_t *, ch_est::puschRxChEstDynDescr_t *)"
6423209214,2591,462859,103,1,1,128,1,1,16,0.000,0.000,,,,,NVIDIA A100-SXM4-40GB MIG 4g.20gb (0),1,,13,cupy_copy__complex64_complex64
6423222589,12416,462869,1434,1,1,128,1,1,16,0.000,0.000,,,,,NVIDIA A100-SXM4-40GB MIG 4g.20gb (0),1,,13,cupy_copy__complex64_complex64
6423256349,2912,462876,103,1,1,128,1,1,16,0.000,0.000,,,,,NVIDIA A100-SXM4-40GB MIG 4g.20gb (0),1,,13,cupy_copy__complex64_complex64
6423272605,83615,462883,1,1,1,32,32,1,30,0.000,0.000,,,,,NVIDIA A100-SXM4-40GB MIG 4g.20gb (0),1,,13,"void convert_kernel<__half2, float2>(tensor_layout_any, T1 *, tensor_layout_any, const T2 *)"
6423388667,24448,462886,,,,,,,,,,0.094,3832.447,Pinned,Device,NVIDIA A100-SXM4-40GB MIG 4g.20gb (0),1,,13,[CUDA memcpy Host-to-Device]
6423442715,46911,462887,,,,,,,,,,35.810,763324.255,Device,,NVIDIA A100-SXM4-40GB MIG 4g.20gb (0),1,,13,[CUDA memset]
6423492922,12960,462889,,,,,,,,,,0.000,6.173,Pinned,Device,NVIDIA A100-SXM4-40GB MIG 4g.20gb (0),1,,13,[CUDA memcpy Host-to-Device]
6423519578,23359,462890,,,,,,,,,,0.197,8416.788,Pinned,Device,NVIDIA A100-SXM4-40GB MIG 4g.20gb (0),1,,13,[CUDA memcpy Host-to-Device]
6423569145,9856,462891,273,1,1,48,1,1,40,0.000,0.001,,,,,NVIDIA A100-SXM4-40GB MIG 4g.20gb (0),1,,13,"void pusch_noise_intf_est::noiseIntfEstNoDftSOfdmKernel<float, __half, float, float, (unsigned int)2, (unsigned int)1, (unsigned char)4, (unsigned char)4>(pusch_noise_intf_est::puschRxNoiseIntfEstDynDescr)"
6423585689,2912,462902,35,1,1,128,1,1,16,0.000,0.000,,,,,NVIDIA A100-SXM4-40GB MIG 4g.20gb (0),1,,13,cupy_copy__complex64_complex64
6423602777,1728,462911,1,1,1,1,1,1,18,0.000,0.000,,,,,NVIDIA A100-SXM4-40GB MIG 4g.20gb (0),1,,13,cupy_copy__float32_float32
6423609849,4448,462917,,,,,,,,,,0.000,0.899,Device,Pageable,NVIDIA A100-SXM4-40GB MIG 4g.20gb (0),1,,7,[CUDA memcpy Device-to-Host]
6423709687,12704,462928,1434,1,1,128,1,1,16,0.000,0.000,,,,,NVIDIA A100-SXM4-40GB MIG 4g.20gb (0),1,,13,cupy_copy__complex64_complex64
6423732375,3328,462935,103,1,1,128,1,1,16,0.000,0.000,,,,,NVIDIA A100-SXM4-40GB MIG 4g.20gb (0),1,,13,cupy_copy__complex64_complex64
6423753975,2560,462942,35,1,1,128,1,1,16,0.000,0.000,,,,,NVIDIA A100-SXM4-40GB MIG 4g.20gb (0),1,,13,cupy_copy__complex64_complex64
6423772119,1664,462949,1,1,1,1,1,1,18,0.000,0.000,,,,,NVIDIA A100-SXM4-40GB MIG 4g.20gb (0),1,,13,cupy_copy__float32_float32
6423897077,81887,462960,1,1,1,32,32,1,30,0.000,0.000,,,,,NVIDIA A100-SXM4-40GB MIG 4g.20gb (0),1,,13,"void convert_kernel<__half2, float2>(tensor_layout_any, T1 *, tensor_layout_any, const T2 *)"
6424011124,13439,462963,,,,,,,,,,0.094,6971.919,Pinned,Device,NVIDIA A100-SXM4-40GB MIG 4g.20gb (0),1,,13,[CUDA memcpy Host-to-Device]
6424035699,3296,462964,,,,,,,,,,1.547,469242.628,Device,,NVIDIA A100-SXM4-40GB MIG 4g.20gb (0),1,,13,[CUDA memset]
6424042675,3680,462969,,,,,,,,,,0.031,8504.344,Pinned,Device,NVIDIA A100-SXM4-40GB MIG 4g.20gb (0),1,,13,[CUDA memcpy Host-to-Device]
6424049139,17056,462970,,,,,,,,,,0.197,11527.127,Pinned,Device,NVIDIA A100-SXM4-40GB MIG 4g.20gb (0),1,,13,[CUDA memcpy Host-to-Device]
6424076435,6912,462971,273,1,1,8,4,1,39,0.002,0.000,,,,,NVIDIA A100-SXM4-40GB MIG 4g.20gb (0),1,,13,"void channel_eq::eqMmseCoefCompLowMimoKernel<float, float, float, (unsigned int)4, (unsigned int)1, (unsigned int)4>(const channel_eq::_puschRxChEqStatDescr *, channel_eq::_puschRxChEqCoefCompDynDescr)"
6424086611,5472,462972,273,1,1,12,11,1,51,0.002,0.000,,,,,NVIDIA A100-SXM4-40GB MIG 4g.20gb (0),1,,13,"void channel_eq::eqMmseSoftDemapKernel<float, __half, __half, float, (unsigned int)4, (unsigned short)16383>(channel_eq::_puschRxChEqStatDescr *, channel_eq::_puschRxChEqSoftDemapDynDescr)"
6424094483,290652,462973,1,1,1,32,32,1,30,0.000,0.000,,,,,NVIDIA A100-SXM4-40GB MIG 4g.20gb (0),1,,13,"void convert_kernel<float2, __half2>(tensor_layout_any, T1 *, tensor_layout_any, const T2 *)"
6424386255,11168,462985,2253,1,1,128,1,1,16,0.000,0.000,,,,,NVIDIA A100-SXM4-40GB MIG 4g.20gb (0),1,,13,cupy_copy__float16_float16
6424398735,2848,462994,282,1,1,128,1,1,16,0.000,0.000,,,,,NVIDIA A100-SXM4-40GB MIG 4g.20gb (0),1,,13,cupy_copy__complex64_complex64
6424404015,1952,463003,26,1,1,128,1,1,16,0.000,0.000,,,,,NVIDIA A100-SXM4-40GB MIG 4g.20gb (0),1,,13,cupy_copy__float32_float32
6424409199,3104,463012,103,1,1,128,1,1,16,0.000,0.000,,,,,NVIDIA A100-SXM4-40GB MIG 4g.20gb (0),1,,13,cupy_copy__complex64_complex64
6424414063,11872,463022,1434,1,1,128,1,1,16,0.000,0.000,,,,,NVIDIA A100-SXM4-40GB MIG 4g.20gb (0),1,,13,cupy_copy__complex64_complex64
6424430478,87487,463027,1,1,1,32,32,1,30,0.000,0.000,,,,,NVIDIA A100-SXM4-40GB MIG 4g.20gb (0),1,,13,"void convert_kernel<__half2, float2>(tensor_layout_any, T1 *, tensor_layout_any, const T2 *)"
6424545037,5664,463030,,,,,,,,,,0.094,16542.310,Pinned,Device,NVIDIA A100-SXM4-40GB MIG 4g.20gb (0),1,,13,[CUDA memcpy Host-to-Device]
6424555053,597433,463031,,,,,,,,,,456.561,763827.289,Device,,NVIDIA A100-SXM4-40GB MIG 4g.20gb (0),1,,13,[CUDA memset]
6425160165,123775,463036,,,,,,,,,,1.235,9977.113,Pinned,Device,NVIDIA A100-SXM4-40GB MIG 4g.20gb (0),1,,13,[CUDA memcpy Host-to-Device]
6425291396,17408,463037,,,,,,,,,,0.197,11293.950,Pinned,Device,NVIDIA A100-SXM4-40GB MIG 4g.20gb (0),1,,13,[CUDA memcpy Host-to-Device]
6425322499,8992,463038,69,4,1,48,1,1,76,0.002,0.000,,,,,NVIDIA A100-SXM4-40GB MIG 4g.20gb (0),1,,13,"void ch_est::windowedChEstPreNoDftSOfdmKernel<float, __half, float, (unsigned int)2, (unsigned int)1, (unsigned short)4>(ch_est::puschRxChEstStatDescr_t *, ch_est::puschRxChEstDynDescr_t *)"
6425337859,6592,463039,137,2,1,24,2,1,44,0.001,0.001,,,,,NVIDIA A100-SXM4-40GB MIG 4g.20gb (0),1,,13,"void ch_est::chEstFilterNoDftSOfdmDispatchKernel<float, __half, float, (unsigned int)2>(ch_est::puschRxChEstStatDescr_t *, ch_est::puschRxChEstDynDescr_t *)"
6425352579,4832,463040,137,2,1,24,2,1,44,0.001,0.001,,,,,NVIDIA A100-SXM4-40GB MIG 4g.20gb (0),1,,13,"void ch_est::chEstFilterNoDftSOfdmDispatchKernel<float, __half, float, (unsigned int)2>(ch_est::puschRxChEstStatDescr_t *, ch_est::puschRxChEstDynDescr_t *)"
6425360355,3072,463051,103,1,1,128,1,1,16,0.000,0.000,,,,,NVIDIA A100-SXM4-40GB MIG 4g.20gb (0),1,,13,cupy_copy__complex64_complex64
6425369827,12416,463061,1434,1,1,128,1,1,16,0.000,0.000,,,,,NVIDIA A100-SXM4-40GB MIG 4g.20gb (0),1,,13,cupy_copy__complex64_complex64
6425385251,3136,463068,103,1,1,128,1,1,16,0.000,0.000,,,,,NVIDIA A100-SXM4-40GB MIG 4g.20gb (0),1,,13,cupy_copy__complex64_complex64
6425394659,84287,463075,1,1,1,32,32,1,30,0.000,0.000,,,,,NVIDIA A100-SXM4-40GB MIG 4g.20gb (0),1,,13,"void convert_kernel<__half2, float2>(tensor_layout_any, T1 *, tensor_layout_any, const T2 *)"
6425508353,13344,463078,,,,,,,,,,0.094,7021.578,Pinned,Device,NVIDIA A100-SXM4-40GB MIG 4g.20gb (0),1,,13,[CUDA memcpy Host-to-Device]
6425532065,47007,463079,,,,,,,,,,35.810,761784.428,Device,,NVIDIA A100-SXM4-40GB MIG 4g.20gb (0),1,,13,[CUDA memset]
6425584800,2240,463081,,,,,,,,,,0.000,35.714,Pinned,Device,NVIDIA A100-SXM4-40GB MIG 4g.20gb (0),1,,13,[CUDA memcpy Host-to-Device]
6425594208,16032,463082,,,,,,,,,,0.197,12263.424,Pinned,Device,NVIDIA A100-SXM4-40GB MIG 4g.20gb (0),1,,13,[CUDA memcpy Host-to-Device]
6425620096,9696,463083,273,1,1,48,1,1,40,0.000,0.001,,,,,NVIDIA A100-SXM4-40GB MIG 4g.20gb (0),1,,13,"void pusch_noise_intf_est::noiseIntfEstNoDftSOfdmKernel<float, __half, float, float, (unsigned int)2, (unsigned int)1, (unsigned char)4, (unsigned char)4>(pusch_noise_intf_est::puschRxNoiseIntfEstDynDescr)"
6425634592,2848,463094,35,1,1,128,1,1,16,0.000,0.000,,,,,NVIDIA A100-SXM4-40GB MIG 4g.20gb (0),1,,13,cupy_copy__complex64_complex64
6425642975,1792,463103,1,1,1,1,1,1,18,0.000,0.000,,,,,NVIDIA A100-SXM4-40GB MIG 4g.20gb (0),1,,13,cupy_copy__float32_float32
6425661087,1888,463109,,,,,,,,,,0.000,2.119,Device,Pageable,NVIDIA A100-SXM4-40GB MIG 4g.20gb (0),1,,7,[CUDA memcpy Device-to-Host]
6425723198,12736,463120,1434,1,1,128,1,1,16,0.000,0.000,,,,,NVIDIA A100-SXM4-40GB MIG 4g.20gb (0),1,,13,cupy_copy__complex64_complex64
6425751582,2592,463127,103,1,1,128,1,1,16,0.000,0.000,,,,,NVIDIA A100-SXM4-40GB MIG 4g.20gb (0),1,,13,cupy_copy__complex64_complex64
6425771422,2752,463134,35,1,1,128,1,1,16,0.000,0.000,,,,,NVIDIA A100-SXM4-40GB MIG 4g.20gb (0),1,,13,cupy_copy__complex64_complex64
6425789982,1760,463141,1,1,1,1,1,1,18,0.000,0.000,,,,,NVIDIA A100-SXM4-40GB MIG 4g.20gb (0),1,,13,cupy_copy__float32_float32
6425924028,82303,463152,1,1,1,32,32,1,30,0.000,0.000,,,,,NVIDIA A100-SXM4-40GB MIG 4g.20gb (0),1,,13,"void convert_kernel<__half2, float2>(tensor_layout_any, T1 *, tensor_layout_any, const T2 *)"
6426034459,5408,463155,,,,,,,,,,0.094,17325.421,Pinned,Device,NVIDIA A100-SXM4-40GB MIG 4g.20gb (0),1,,13,[CUDA memcpy Host-to-Device]
6426051162,3296,463156,,,,,,,,,,1.547,469242.628,Device,,NVIDIA A100-SXM4-40GB MIG 4g.20gb (0),1,,13,[CUDA memset]
6426057690,3072,463161,,,,,,,,,,0.031,10187.474,Pinned,Device,NVIDIA A100-SXM4-40GB MIG 4g.20gb (0),1,,13,[CUDA memcpy Host-to-Device]
6426063706,9856,463162,,,,,,,,,,0.197,19948.044,Pinned,Device,NVIDIA A100-SXM4-40GB MIG 4g.20gb (0),1,,13,[CUDA memcpy Host-to-Device]
6426078746,6432,463163,273,1,1,8,4,1,39,0.002,0.000,,,,,NVIDIA A100-SXM4-40GB MIG 4g.20gb (0),1,,13,"void channel_eq::eqMmseCoefCompLowMimoKernel<float, float, float, (unsigned int)4, (unsigned int)1, (unsigned int)4>(const channel_eq::_puschRxChEqStatDescr *, channel_eq::_puschRxChEqCoefCompDynDescr)"
6426087578,5024,463164,273,1,1,12,11,1,51,0.002,0.000,,,,,NVIDIA A100-SXM4-40GB MIG 4g.20gb (0),1,,13,"void channel_eq::eqMmseSoftDemapKernel<float, __half, __half, float, (unsigned int)4, (unsigned short)16383>(channel_eq::_puschRxChEqStatDescr *, channel_eq::_puschRxChEqSoftDemapDynDescr)"
6426095066,279900,463165,1,1,1,32,32,1,30,0.000,0.000,,,,,NVIDIA A100-SXM4-40GB MIG 4g.20gb (0),1,,13,"void convert_kernel<float2, __half2>(tensor_layout_any, T1 *, tensor_layout_any, const T2 *)"
6426377366,11072,463177,2253,1,1,128,1,1,16,0.000,0.000,,,,,NVIDIA A100-SXM4-40GB MIG 4g.20gb (0),1,,13,cupy_copy__float16_float16
6426391126,3744,463186,282,1,1,128,1,1,16,0.000,0.000,,,,,NVIDIA A100-SXM4-40GB MIG 4g.20gb (0),1,,13,cupy_copy__complex64_complex64
6426397078,2112,463195,26,1,1,128,1,1,16,0.000,0.000,,,,,NVIDIA A100-SXM4-40GB MIG 4g.20gb (0),1,,13,cupy_copy__float32_float32
6426401142,3328,463204,103,1,1,128,1,1,16,0.000,0.000,,,,,NVIDIA A100-SXM4-40GB MIG 4g.20gb (0),1,,13,cupy_copy__complex64_complex64
6426406966,12000,463214,1434,1,1,128,1,1,16,0.000,0.000,,,,,NVIDIA A100-SXM4-40GB MIG 4g.20gb (0),1,,13,cupy_copy__complex64_complex64
6426426390,82335,463219,1,1,1,32,32,1,30,0.000,0.000,,,,,NVIDIA A100-SXM4-40GB MIG 4g.20gb (0),1,,13,"void convert_kernel<__half2, float2>(tensor_layout_any, T1 *, tensor_layout_any, const T2 *)"
6426535508,5376,463222,,,,,,,,,,0.094,17428.487,Pinned,Device,NVIDIA A100-SXM4-40GB MIG 4g.20gb (0),1,,13,[CUDA memcpy Host-to-Device]
6426545748,599129,463223,,,,,,,,,,456.561,762001.043,Device,,NVIDIA A100-SXM4-40GB MIG 4g.20gb (0),1,,13,[CUDA memset]
6427154509,154462,463228,,,,,,,,,,1.235,7995.027,Pinned,Device,NVIDIA A100-SXM4-40GB MIG 4g.20gb (0),1,,13,[CUDA memcpy Host-to-Device]
6427321387,40191,463229,,,,,,,,,,0.197,4891.804,Pinned,Device,NVIDIA A100-SXM4-40GB MIG 4g.20gb (0),1,,13,[CUDA memcpy Host-to-Device]
6427395210,8224,463230,69,4,1,48,1,1,76,0.002,0.000,,,,,NVIDIA A100-SXM4-40GB MIG 4g.20gb (0),1,,13,"void ch_est::windowedChEstPreNoDftSOfdmKernel<float, __half, float, (unsigned int)2, (unsigned int)1, (unsigned short)4>(ch_est::puschRxChEstStatDescr_t *, ch_est::puschRxChEstDynDescr_t *)"
6427414538,6624,463231,137,2,1,24,2,1,44,0.001,0.001,,,,,NVIDIA A100-SXM4-40GB MIG 4g.20gb (0),1,,13,"void ch_est::chEstFilterNoDftSOfdmDispatchKernel<float, __half, float, (unsigned int)2>(ch_est::puschRxChEstStatDescr_t *, ch_est::puschRxChEstDynDescr_t *)"
6427431241,4800,463232,137,2,1,24,2,1,44,0.001,0.001,,,,,NVIDIA A100-SXM4-40GB MIG 4g.20gb (0),1,,13,"void ch_est::chEstFilterNoDftSOfdmDispatchKernel<float, __half, float, (unsigned int)2>(ch_est::puschRxChEstStatDescr_t *, ch_est::puschRxChEstDynDescr_t *)"
6427447689,2592,463243,103,1,1,128,1,1,16,0.000,0.000,,,,,NVIDIA A100-SXM4-40GB MIG 4g.20gb (0),1,,13,cupy_copy__complex64_complex64
6427461737,12288,463253,1434,1,1,128,1,1,16,0.000,0.000,,,,,NVIDIA A100-SXM4-40GB MIG 4g.20gb (0),1,,13,cupy_copy__complex64_complex64
6427480841,3040,463260,103,1,1,128,1,1,16,0.000,0.000,,,,,NVIDIA A100-SXM4-40GB MIG 4g.20gb (0),1,,13,cupy_copy__complex64_complex64
6427496361,86591,463267,1,1,1,32,32,1,30,0.000,0.000,,,,,NVIDIA A100-SXM4-40GB MIG 4g.20gb (0),1,,13,"void convert_kernel<__half2, float2>(tensor_layout_any, T1 *, tensor_layout_any, const T2 *)"
6427612295,13376,463270,,,,,,,,,,0.094,7004.713,Pinned,Device,NVIDIA A100-SXM4-40GB MIG 4g.20gb (0),1,,13,[CUDA memcpy Host-to-Device]
6427630887,46623,463271,,,,,,,,,,35.810,768051.164,Device,,NVIDIA A100-SXM4-40GB MIG 4g.20gb (0),1,,13,[CUDA memset]
6427685318,6688,463273,,,,,,,,,,0.000,11.962,Pinned,Device,NVIDIA A100-SXM4-40GB MIG 4g.20gb (0),1,,13,[CUDA memcpy Host-to-Device]
6427700102,16480,463274,,,,,,,,,,0.197,11929.977,Pinned,Device,NVIDIA A100-SXM4-40GB MIG 4g.20gb (0),1,,13,[CUDA memcpy Host-to-Device]
6427725830,10240,463275,273,1,1,48,1,1,40,0.000,0.001,,,,,NVIDIA A100-SXM4-40GB MIG 4g.20gb (0),1,,13,"void pusch_noise_intf_est::noiseIntfEstNoDftSOfdmKernel<float, __half, float, float, (unsigned int)2, (unsigned int)1, (unsigned char)4, (unsigned char)4>(pusch_noise_intf_est::puschRxNoiseIntfEstDynDescr)"
6427743558,2944,463286,35,1,1,128,1,1,16,0.000,0.000,,,,,NVIDIA A100-SXM4-40GB MIG 4g.20gb (0),1,,13,cupy_copy__complex64_complex64
6427752773,1792,463295,1,1,1,1,1,1,18,0.000,0.000,,,,,NVIDIA A100-SXM4-40GB MIG 4g.20gb (0),1,,13,cupy_copy__float32_float32
6427768453,5984,463301,,,,,,,,,,0.000,0.668,Device,Pageable,NVIDIA A100-SXM4-40GB MIG 4g.20gb (0),1,,7,[CUDA memcpy Device-to-Host]
6427848612,13120,463312,1434,1,1,128,1,1,16,0.000,0.000,,,,,NVIDIA A100-SXM4-40GB MIG 4g.20gb (0),1,,13,cupy_copy__complex64_complex64
6427877124,3392,463319,103,1,1,128,1,1,16,0.000,0.000,,,,,NVIDIA A100-SXM4-40GB MIG 4g.20gb (0),1,,13,cupy_copy__complex64_complex64
6427898404,2720,463326,35,1,1,128,1,1,16,0.000,0.000,,,,,NVIDIA A100-SXM4-40GB MIG 4g.20gb (0),1,,13,cupy_copy__complex64_complex64
6427916707,1728,463333,1,1,1,1,1,1,18,0.000,0.000,,,,,NVIDIA A100-SXM4-40GB MIG 4g.20gb (0),1,,13,cupy_copy__float32_float32
6428037474,81983,463344,1,1,1,32,32,1,30,0.000,0.000,,,,,NVIDIA A100-SXM4-40GB MIG 4g.20gb (0),1,,13,"void convert_kernel<__half2, float2>(tensor_layout_any, T1 *, tensor_layout_any, const T2 *)"
6428147617,5600,463347,,,,,,,,,,0.094,16731.388,Pinned,Device,NVIDIA A100-SXM4-40GB MIG 4g.20gb (0),1,,13,[CUDA memcpy Host-to-Device]
6428161696,3424,463348,,,,,,,,,,1.547,451700.819,Device,,NVIDIA A100-SXM4-40GB MIG 4g.20gb (0),1,,13,[CUDA memset]
6428168768,3296,463353,,,,,,,,,,0.031,9495.144,Pinned,Device,NVIDIA A100-SXM4-40GB MIG 4g.20gb (0),1,,13,[CUDA memcpy Host-to-Device]
6428174624,9696,463354,,,,,,,,,,0.197,20277.166,Pinned,Device,NVIDIA A100-SXM4-40GB MIG 4g.20gb (0),1,,13,[CUDA memcpy Host-to-Device]
6428187968,7456,463355,273,1,1,8,4,1,39,0.002,0.000,,,,,NVIDIA A100-SXM4-40GB MIG 4g.20gb (0),1,,13,"void channel_eq::eqMmseCoefCompLowMimoKernel<float, float, float, (unsigned int)4, (unsigned int)1, (unsigned int)4>(const channel_eq::_puschRxChEqStatDescr *, channel_eq::_puschRxChEqCoefCompDynDescr)"
6428197728,5760,463356,273,1,1,12,11,1,51,0.002,0.000,,,,,NVIDIA A100-SXM4-40GB MIG 4g.20gb (0),1,,13,"void channel_eq::eqMmseSoftDemapKernel<float, __half, __half, float, (unsigned int)4, (unsigned short)16383>(channel_eq::_puschRxChEqStatDescr *, channel_eq::_puschRxChEqSoftDemapDynDescr)"
6428205312,282396,463357,1,1,1,32,32,1,30,0.000,0.000,,,,,NVIDIA A100-SXM4-40GB MIG 4g.20gb (0),1,,13,"void convert_kernel<float2, __half2>(tensor_layout_any, T1 *, tensor_layout_any, const T2 *)"
6428489948,11104,463369,2253,1,1,128,1,1,16,0.000,0.000,,,,,NVIDIA A100-SXM4-40GB MIG 4g.20gb (0),1,,13,cupy_copy__float16_float16
6428505244,3456,463378,282,1,1,128,1,1,16,0.000,0.000,,,,,NVIDIA A100-SXM4-40GB MIG 4g.20gb (0),1,,13,cupy_copy__complex64_complex64
6428510332,2240,463387,26,1,1,128,1,1,16,0.000,0.000,,,,,NVIDIA A100-SXM4-40GB MIG 4g.20gb (0),1,,13,cupy_copy__float32_float32
6428513788,4768,463396,103,1,1,128,1,1,16,0.000,0.000,,,,,NVIDIA A100-SXM4-40GB MIG 4g.20gb (0),1,,13,cupy_copy__complex64_complex64
6428520988,12256,463406,1434,1,1,128,1,1,16,0.000,0.000,,,,,NVIDIA A100-SXM4-40GB MIG 4g.20gb (0),1,,13,cupy_copy__complex64_complex64
6428535900,82943,463411,1,1,1,32,32,1,30,0.000,0.000,,,,,NVIDIA A100-SXM4-40GB MIG 4g.20gb (0),1,,13,"void convert_kernel<__half2, float2>(tensor_layout_any, T1 *, tensor_layout_any, const T2 *)"
6428645850,5760,463414,,,,,,,,,,0.094,16266.656,Pinned,Device,NVIDIA A100-SXM4-40GB MIG 4g.20gb (0),1,,13,[CUDA memcpy Host-to-Device]
6428655802,596825,463415,,,,,,,,,,456.561,764740.412,Device,,NVIDIA A100-SXM4-40GB MIG 4g.20gb (0),1,,13,[CUDA memset]
6429255539,122526,463420,,,,,,,,,,1.235,10078.378,Pinned,Device,NVIDIA A100-SXM4-40GB MIG 4g.20gb (0),1,,13,[CUDA memcpy Host-to-Device]
6429385969,32992,463421,,,,,,,,,,0.197,5959.188,Pinned,Device,NVIDIA A100-SXM4-40GB MIG 4g.20gb (0),1,,13,[CUDA memcpy Host-to-Device]
6429441681,8032,463422,69,4,1,48,1,1,76,0.002,0.000,,,,,NVIDIA A100-SXM4-40GB MIG 4g.20gb (0),1,,13,"void ch_est::windowedChEstPreNoDftSOfdmKernel<float, __half, float, (unsigned int)2, (unsigned int)1, (unsigned short)4>(ch_est::puschRxChEstStatDescr_t *, ch_est::puschRxChEstDynDescr_t *)"
6429456656,6848,463423,137,2,1,24,2,1,44,0.001,0.001,,,,,NVIDIA A100-SXM4-40GB MIG 4g.20gb (0),1,,13,"void ch_est::chEstFilterNoDftSOfdmDispatchKernel<float, __half, float, (unsigned int)2>(ch_est::puschRxChEstStatDescr_t *, ch_est::puschRxChEstDynDescr_t *)"
6429472496,4768,463424,137,2,1,24,2,1,44,0.001,0.001,,,,,NVIDIA A100-SXM4-40GB MIG 4g.20gb (0),1,,13,"void ch_est::chEstFilterNoDftSOfdmDispatchKernel<float, __half, float, (unsigned int)2>(ch_est::puschRxChEstStatDescr_t *, ch_est::puschRxChEstDynDescr_t *)"
6429485008,2688,463435,103,1,1,128,1,1,16,0.000,0.000,,,,,NVIDIA A100-SXM4-40GB MIG 4g.20gb (0),1,,13,cupy_copy__complex64_complex64
6429497200,12448,463445,1434,1,1,128,1,1,16,0.000,0.000,,,,,NVIDIA A100-SXM4-40GB MIG 4g.20gb (0),1,,13,cupy_copy__complex64_complex64
6429523120,2496,463452,103,1,1,128,1,1,16,0.000,0.000,,,,,NVIDIA A100-SXM4-40GB MIG 4g.20gb (0),1,,13,cupy_copy__complex64_complex64
6429538319,86623,463459,1,1,1,32,32,1,30,0.000,0.000,,,,,NVIDIA A100-SXM4-40GB MIG 4g.20gb (0),1,,13,"void convert_kernel<__half2, float2>(tensor_layout_any, T1 *, tensor_layout_any, const T2 *)"
6429657166,20128,463462,,,,,,,,,,0.094,4655.005,Pinned,Device,NVIDIA A100-SXM4-40GB MIG 4g.20gb (0),1,,13,[CUDA memcpy Host-to-Device]
6429702381,46368,463463,,,,,,,,,,35.810,772276.735,Device,,NVIDIA A100-SXM4-40GB MIG 4g.20gb (0),1,,13,[CUDA memset]
6429756525,8672,463465,,,,,,,,,,0.000,9.225,Pinned,Device,NVIDIA A100-SXM4-40GB MIG 4g.20gb (0),1,,13,[CUDA memcpy Host-to-Device]
6429774381,20927,463466,,,,,,,,,,0.197,9394.913,Pinned,Device,NVIDIA A100-SXM4-40GB MIG 4g.20gb (0),1,,13,[CUDA memcpy Host-to-Device]
6429812396,9888,463467,273,1,1,48,1,1,40,0.000,0.001,,,,,NVIDIA A100-SXM4-40GB MIG 4g.20gb (0),1,,13,"void pusch_noise_intf_est::noiseIntfEstNoDftSOfdmKernel<float, __half, float, float, (unsigned int)2, (unsigned int)1, (unsigned char)4, (unsigned char)4>(pusch_noise_intf_est::puschRxNoiseIntfEstDynDescr)"
6429829420,2944,463478,35,1,1,128,1,1,16,0.000,0.000,,,,,NVIDIA A100-SXM4-40GB MIG 4g.20gb (0),1,,13,cupy_copy__complex64_complex64
6429839212,1728,463487,1,1,1,1,1,1,18,0.000,0.000,,,,,NVIDIA A100-SXM4-40GB MIG 4g.20gb (0),1,,13,cupy_copy__float32_float32
6429844588,2208,463493,,,,,,,,,,0.000,1.812,Device,Pageable,NVIDIA A100-SXM4-40GB MIG 4g.20gb (0),1,,7,[CUDA memcpy Device-to-Host]
6429917387,13216,463504,1434,1,1,128,1,1,16,0.000,0.000,,,,,NVIDIA A100-SXM4-40GB MIG 4g.20gb (0),1,,13,cupy_copy__complex64_complex64
6429948906,2880,463511,103,1,1,128,1,1,16,0.000,0.000,,,,,NVIDIA A100-SXM4-40GB MIG 4g.20gb (0),1,,13,cupy_copy__complex64_complex64
6429966090,2560,463518,35,1,1,128,1,1,16,0.000,0.000,,,,,NVIDIA A100-SXM4-40GB MIG 4g.20gb (0),1,,13,cupy_copy__complex64_complex64
6429987050,1952,463525,1,1,1,1,1,1,18,0.000,0.000,,,,,NVIDIA A100-SXM4-40GB MIG 4g.20gb (0),1,,13,cupy_copy__float32_float32
6430120456,87007,463536,1,1,1,32,32,1,30,0.000,0.000,,,,,NVIDIA A100-SXM4-40GB MIG 4g.20gb (0),1,,13,"void convert_kernel<__half2, float2>(tensor_layout_any, T1 *, tensor_layout_any, const T2 *)"
6430234631,9376,463539,,,,,,,,,,0.094,9993.147,Pinned,Device,NVIDIA A100-SXM4-40GB MIG 4g.20gb (0),1,,13,[CUDA memcpy Host-to-Device]
6430257607,3488,463540,,,,,,,,,,1.547,443412.461,Device,,NVIDIA A100-SXM4-40GB MIG 4g.20gb (0),1,,13,[CUDA memset]
6430265446,6656,463545,,,,,,,,,,0.031,4701.911,Pinned,Device,NVIDIA A100-SXM4-40GB MIG 4g.20gb (0),1,,13,[CUDA memcpy Host-to-Device]
6430275878,9952,463546,,,,,,,,,,0.197,19755.565,Pinned,Device,NVIDIA A100-SXM4-40GB MIG 4g.20gb (0),1,,13,[CUDA memcpy Host-to-Device]
6430295494,8192,463547,273,1,1,8,4,1,39,0.002,0.000,,,,,NVIDIA A100-SXM4-40GB MIG 4g.20gb (0),1,,13,"void channel_eq::eqMmseCoefCompLowMimoKernel<float, float, float, (unsigned int)4, (unsigned int)1, (unsigned int)4>(const channel_eq::_puschRxChEqStatDescr *, channel_eq::_puschRxChEqCoefCompDynDescr)"
6430310566,5792,463548,273,1,1,12,11,1,51,0.002,0.000,,,,,NVIDIA A100-SXM4-40GB MIG 4g.20gb (0),1,,13,"void channel_eq::eqMmseSoftDemapKernel<float, __half, __half, float, (unsigned int)4, (unsigned short)16383>(channel_eq::_puschRxChEqStatDescr *, channel_eq::_puschRxChEqSoftDemapDynDescr)"
6430322342,290460,463549,1,1,1,32,32,1,30,0.000,0.000,,,,,NVIDIA A100-SXM4-40GB MIG 4g.20gb (0),1,,13,"void convert_kernel<float2, __half2>(tensor_layout_any, T1 *, tensor_layout_any, const T2 *)"
6430613954,11008,463561,2253,1,1,128,1,1,16,0.000,0.000,,,,,NVIDIA A100-SXM4-40GB MIG 4g.20gb (0),1,,13,cupy_copy__float16_float16
6430628610,3328,463570,282,1,1,128,1,1,16,0.000,0.000,,,,,NVIDIA A100-SXM4-40GB MIG 4g.20gb (0),1,,13,cupy_copy__complex64_complex64
6430633186,2208,463579,26,1,1,128,1,1,16,0.000,0.000,,,,,NVIDIA A100-SXM4-40GB MIG 4g.20gb (0),1,,13,cupy_copy__float32_float32
6430637058,3712,463588,103,1,1,128,1,1,16,0.000,0.000,,,,,NVIDIA A100-SXM4-40GB MIG 4g.20gb (0),1,,13,cupy_copy__complex64_complex64

